DATA/SHG/ECMWF/20170628/EN-38/20170702.en-38.asc
ncols        190
nrows        64
xllcorner    -5100000.000000000000
yllcorner    4130000.000000000000
cellsize     10000.000000000000
NODATA_value  -99999.000
[rows 32 to 63 of 64, columns 74 to 147 of 190]
2.232 2.605 2.964 3.309 3.640 3.957 4.260 4.548 4.822 5.082 5.328 5.483 5.253 5.033 4.824 4.625 4.437 4.260 4.094 3.939 3.799 3.672 3.555 3.571 4.018 4.459 4.894 5.322 5.744 6.161 6.571 6.974 7.372 7.764 8.149 8.284 7.953 7.611 7.260 6.899 6.528 6.147 5.756 5.455 5.420 5.361 5.278 5.998 7.632 9.250 10.852 12.437 14.006 15.558 17.094 18.614 20.117 21.604 23.075 23.477 23.101 22.665 22.168 21.612 20.996 20.319 19.582 18.785 17.928 17.011 16.034 19.797 25.288 30.557
2.045 2.370 2.680 2.976 3.258 3.526 3.779 4.019 4.244 4.455 4.652 4.821 4.628 4.445 4.273 4.112 3.962 3.822 3.693 3.575 3.472 3.384 3.304 3.282 3.702 4.115 4.523 4.924 5.319 5.708 6.091 6.468 6.839 7.203 7.665 8.293 8.343 8.368 8.370 8.348 8.303 8.233 8.140 8.023 7.882 7.718 7.529 7.948 9.510 11.056 12.585 14.098 15.595 17.076 18.540 19.987 21.419 22.834 24.233 24.672 24.030 23.328 22.566 21.744 20.862 19.919 18.917 17.854 16.732 15.549 14.306 16.622 21.133 25.421
1.872 2.148 2.409 2.656 2.889 3.108 3.312 3.503 3.679 3.842 3.990 4.124 3.994 3.849 3.714 3.590 3.477 3.375 3.283 3.202 3.137 3.086 3.043 3.009 3.392 3.879 4.736 5.578 6.407 7.221 8.021 8.807 9.578 10.336 11.079 11.728 11.672 11.592 11.488 11.360 11.209 11.034 10.835 10.613 10.367 10.097 9.803 9.912 11.403 12.876 14.334 15.775 17.199 18.608 20.000 21.376 22.735 24.078 25.405 25.927 25.020 24.052 23.025 21.937 20.789 19.581 18.313 16.985 15.597 14.149 12.641 13.669 17.200 20.509
1.713 1.939 2.152 2.350 2.534 2.704 2.859 3.001 3.128 3.242 3.341 3.426 3.352 3.244 3.146 3.059 2.984 3.330 4.214 4.976 5.531 5.900 6.172 6.347 7.064 7.872 8.666 9.445 10.210 10.962 11.699 12.421 13.130 13.824 14.505 15.171 15.022 14.837 14.628 14.395 14.138 13.857 13.553 13.225 12.873 12.498 12.099 11.891 13.309 14.711 16.097 17.466 18.818 20.155 21.475 22.779 24.067 25.338 26.593 27.243 26.070 24.837 23.544 22.190 20.777 19.304 17.771 16.177 14.524 12.811 11.037 10.940 13.491 15.821
1.567 1.744 1.908 2.057 2.192 2.313 2.420 2.513 2.591 2.656 3.286 4.746 6.068 7.137 8.085 8.911 9.616 10.199 10.660 11.000 11.131 11.072 10.918 10.667 11.131 11.876 12.606 13.323 14.025 14.713 15.387 16.047 16.693 17.324 17.941 18.544 18.395 18.104 17.789 17.451 17.088 16.702 16.293 15.859 15.402 14.921 14.417 13.888 15.231 16.561 17.874 19.171 20.452 21.717 22.965 24.197 25.413 26.612 27.795 28.618 27.180 25.681 24.123 22.504 20.826 19.088 17.289 15.431 13.512 11.534 9.496 8.432 10.006 11.357
1.434 1.563 1.677 2.021 2.741 3.670 4.808 6.156 7.713 9.480 11.456 13.641 15.150 15.797 16.322 16.726 17.008 17.169 17.208 17.126 16.832 16.347 15.766 15.089 15.208 15.890 16.558 17.211 17.850 18.476 19.087 19.683 20.266 20.835 21.389 21.929 21.789 21.392 20.972 20.528 20.061 19.570 19.055 18.516 17.953 17.367 16.757 16.124 17.167 18.425 19.666 20.892 22.101 23.293 24.470 25.630 26.774 27.901 29.013 30.054 28.350 26.586 24.763 22.879 20.936 18.932 16.869 14.746 12.562 10.319 8.016 6.148 6.743 7.117
1.834 2.651 3.678 4.914 6.359 8.013 9.877 11.949 14.231 16.722 19.423 22.332 24.332 24.557 24.660 24.641 24.501 24.240 23.857 23.353 22.635 21.724 20.716 19.613 19.296 19.915 20.520 21.110 21.687 22.249 22.797 23.331 23.851 24.356 24.848 25.325 25.204 24.703 24.177 23.628 23.055 22.459 21.838 21.194 20.527 19.835 19.120 18.381 19.117 20.303 21.473 22.626 23.764 24.885 25.989 27.078 28.150 29.206 30.245 31.268 29.580 27.552 25.463 23.315 21.106 18.838 16.510 14.122 11.674 9.166 6.598 4.085 3.704 3.267
2.352 3.895 5.647 7.608 9.778 12.157 14.745 17.542 20.548 23.764 27.188 30.821 33.613 33.416 33.097 32.656 32.095 31.411 30.607 29.681 28.540 27.202 25.769 24.240 23.395 23.951 24.493 25.020 25.534 26.033 26.518 26.989 27.446 27.889 28.318 28.732 28.642 28.035 27.404 26.750 26.072 25.370 24.644 23.895 23.122 22.326 21.506 20.662 21.082 22.196 23.294 24.376 25.442 26.491 27.524 28.540 29.541 30.525 31.493 32.444 30.871 28.577 26.224 23.811 21.293 18.672 16.093 13.554 11.056 8.599 6.183 3.808 3.515 3.381
2.674 4.942 7.418 10.103 12.998 16.101 19.413 22.934 26.664 30.603 34.751 39.108 42.994 42.374 41.634 40.772 39.788 38.684 37.458 36.111 34.546 32.783 30.924 28.970 27.504 27.997 28.476 28.941 29.392 29.828 30.250 30.659 31.053 31.433 31.799 32.150 32.101 31.389 30.653 29.893 29.110 28.303 27.472 26.618 25.740 24.838 23.913 22.964 23.061 24.104 25.130 26.140 27.134 28.112 29.073 29.942 30.518 31.052 31.543 31.991 30.342 27.738 25.175 22.652 20.170 17.729 15.329 12.970 10.651 8.374 6.137 3.941 3.514 3.474
2.978 5.790 8.991 12.401 16.019 19.846 23.882 28.126 32.579 37.242 42.112 47.192 52.473 51.432 50.270 48.987 47.583 46.057 44.410 42.642 40.654 38.465 36.181 33.801 31.624 32.054 32.470 32.872 33.260 33.634 33.994 34.339 34.670 34.988 35.291 35.580 35.581 34.764 33.923 33.058 32.170 31.258 30.322 29.363 28.380 27.373 26.292 24.981 24.534 25.221 25.866 26.468 27.027 27.544 28.017 28.448 28.836 29.181 29.483 29.743 28.463 26.038 23.654 21.311 19.008 16.747 14.526 12.346 10.207 8.108 6.051 4.034 3.492 3.546
3.407 6.442 10.366 14.499 18.841 23.391 28.150 33.118 38.294 43.679 49.272 55.074 61.085 60.590 59.007 57.303 55.477 53.531 51.463 49.274 46.863 44.250 41.541 38.735 35.835 36.122 36.476 36.815 37.140 37.451 37.748 38.030 38.299 38.553 38.794 39.020 39.084 38.081 36.416 34.828 33.317 31.882 30.525 29.245 28.042 26.916 25.867 24.895 24.404 24.903 25.360 25.773 26.144 26.472 26.757 27.000 27.199 27.356 27.470 27.541 26.545 24.299 22.094 19.930 17.807 15.725 13.683 11.682 9.722 7.803 5.924 4.087 3.449 3.597
3.831 6.897 11.544 16.400 21.465 26.738 32.220 37.910 43.808 49.915 56.231 62.755 69.488 69.847 67.843 65.718 63.472 61.105 58.617 56.008 53.174 50.135 47.002 43.772 40.446 40.201 40.492 40.768 40.987 40.389 39.781 39.164 38.536 37.900 37.253 36.597 35.923 34.520 33.195 31.946 30.774 29.680 28.662 27.721 26.857 26.070 25.361 24.728 24.320 24.631 24.899 25.124 25.306 25.446 25.543 25.597 25.609 25.577 25.503 25.386 24.588 22.521 20.496 18.511 16.567 14.664 12.801 10.979 9.198 7.458 5.758 4.099 3.386 3.627
4.251 7.154 12.525 18.104 23.891 29.886 36.090 42.502 49.123 55.951 62.989 70.234 77.688 79.204 76.779 74.234 71.567 68.780 65.871 62.842 58.339 53.815 49.375 45.020 40.750 39.157 38.545 37.924 37.293 36.653 36.003 35.343 34.674 33.995 33.307 32.609 31.901 30.880 29.894 28.985 28.153 27.397 26.719 26.117 25.592 25.145 24.774 24.480 24.281 24.403 24.483 24.520 24.514 24.466 24.374 24.241 24.064 23.845 23.582 23.278 22.592 20.705 18.858 17.052 15.287 13.563 11.879 10.236 8.634 7.073 5.552 4.072 3.301 3.635
4.666 7.216 13.308 19.609 26.118 32.836 39.761 46.895 54.237 61.787 69.546 77.512 85.687 86.421 81.405 76.496 71.694 66.998 62.410 57.929 53.620 49.469 45.403 41.421 37.524 35.605 34.951 34.288 33.615 32.932 32.240 31.539 30.827 30.106 29.376 28.636 27.886 27.162 26.515 25.945 25.451 25.035 24.696 24.433 24.247 24.138 24.106 24.151 24.273 24.221 24.112 23.961 23.767 23.531 23.252 22.930 22.565 22.158 21.708 21.215 20.557 18.849 17.182 15.555 13.968 12.423 10.918 9.454 8.031 6.648 5.306 4.005 3.195 3.623
5.076 7.080 13.895 20.917 28.148 35.587 42.143 48.489 54.642 60.602 66.369 71.942 77.323 79.025 74.379 69.839 65.407 61.081 56.862 52.750 48.812 45.034 41.341 37.732 34.208 32.067 31.372 30.666 29.951 29.227 28.493 27.749 26.996 26.233 25.460 24.678 23.887 23.365 23.057 22.825 22.671 22.594 22.593 22.669 22.822 23.052 23.358 23.742 24.202 24.083 23.787 23.448 23.066 22.642 22.175 21.665 21.112 20.517 19.879 19.199 18.476 16.955 15.466 14.018 12.610 11.244 9.918 8.632 7.388 6.184 5.020 3.898 3.069 3.590
5.374 6.502 13.149 19.602 25.862 31.929 37.803 43.484 48.972 54.267 59.369 64.278 68.994 71.543 67.265 63.095 59.031 55.075 51.225 47.482 43.915 40.510 37.189 33.953 30.802 28.545 27.807 27.060 26.303 25.537 24.760 23.975 23.179 22.375 21.560 20.736 19.902 19.489 19.520 19.627 19.811 20.073 20.410 20.825 21.317 21.885 22.530 23.252 24.050 23.991 23.507 22.980 22.410 21.798 21.143 20.445 19.705 18.922 18.097 17.229 16.318 15.021 13.711 12.442 11.213 10.025 8.878 7.771 6.705 5.680 4.695 3.751 2.921 3.536
5.404 5.671 11.652 17.440 23.035 28.437 33.646 38.663 43.486 48.116 52.554 56.798 60.850 63.972 60.064 56.263 52.568 48.980 45.499 42.125 38.929 35.897 32.948 30.085 27.306 25.038 24.258 23.469 22.670 21.861 21.043 20.216 19.378 18.531 17.675 16.809 15.933 15.534 15.904 16.350 16.873 17.472 18.148 18.901 19.731 20.638 21.621 22.681 23.818 23.943 23.271 22.557 21.799 21.000 20.157 19.272 18.344 17.373 16.360 15.305 14.206 13.049 11.918 10.827 9.777 8.767 7.799 6.870 6.141 5.855 5.663 5.565 5.562 6.589
5.431 5.690 10.336 15.459 20.390 25.127 29.672 34.023 38.182 42.149 45.922 49.502 52.890 56.085 52.776 49.343 46.017 42.798 39.685 36.679 33.854 31.194 28.618 26.127 23.720 21.546 20.724 19.893 19.052 18.201 17.341 16.472 15.592 14.703 13.805 12.897 11.980 11.502 12.209 12.994 13.855 14.792 15.807 16.898 18.066 19.310 20.632 22.030 23.504 23.941 23.081 22.179 21.234 20.247 19.216 18.144 17.028 15.870 14.670 13.484 12.513 11.778 11.247 10.809 10.466 10.216 10.061 9.999 10.032 10.158 10.379 10.694 11.103 11.814
5.457 5.722 9.201 13.659 17.925 21.998 25.879 29.567 33.062 36.364 39.474 42.391 45.115 47.647 45.399 42.335 39.378 36.527 33.783 31.145 28.690 26.402 24.198 22.079 20.044 18.094 17.205 16.332 15.449 14.556 13.654 12.743 11.821 10.891 9.950 9.001 8.041 7.390 8.436 9.558 10.758 12.033 13.386 14.815 16.321 17.903 19.562 21.298 23.110 23.984 22.942 21.928 20.924 19.928 18.942 17.965 16.997 16.038 15.089 14.148 13.217 12.682 12.563 12.538 12.608 12.771 13.028 13.379 13.824 14.363 14.996 15.723 16.544 17.105
5.481 5.753 8.246 12.040 15.642 19.051 22.268 25.292 28.124 30.763 33.210 35.463 37.525 39.394 37.936 35.240 32.651 30.168 27.792 25.522 23.438 21.521 19.689 17.942 16.279 14.700 13.701 12.785 11.861 10.926 9.982 9.029 8.066 7.093 6.111 5.119 4.118 3.200 4.584 6.044 7.581 9.203 11.192 13.173 15.145 17.110 19.066 21.014 22.955 24.221 23.238 22.264 21.299 20.344 19.397 18.460 17.532 16.613 15.703 14.802 13.910 13.489 13.783 14.171 14.652 15.228 15.897 16.661 17.518 18.469 19.515 20.654 21.887 22.462
5.503 5.781 7.470 10.601 13.540 16.286 18.839 21.200 23.369 25.345 27.128 28.720 30.118 31.325 30.384 28.057 25.836 23.721 21.713 19.811 18.096 16.551 15.091 13.715 12.424 11.216 10.211 9.254 8.287 7.311 6.325 5.330 4.325 3.751 3.216 2.694 2.183 1.684 3.466 5.444 7.414 9.376 11.330 13.276 15.213 17.143 19.065 20.978 22.884 24.468 23.525 22.590 21.665 20.750 19.843 18.945 18.057 17.177 16.307 15.446 14.594 14.200 14.906 15.706 16.600 17.588 18.669 19.845 21.114 22.477 23.934 25.485 27.130 27.886
5.523 5.808 6.875 9.343 11.618 13.701 15.591 17.290 18.796 20.109 21.230 22.159 22.896 23.440 22.746 20.786 18.933 17.186 15.545 14.011 12.666 11.492 10.404 9.399 8.855 8.386 7.856 7.290 6.735 6.193 5.663 5.144 4.638 4.144 3.661 3.191 2.733 2.287 3.751 5.694 7.629 9.557 11.476 13.387 15.290 17.184 19.071 20.950 22.821 24.684 23.801 22.907 22.022 21.146 20.279 19.421 18.572 17.732 16.901 16.080 15.267 14.814 15.933 17.145 18.451 19.850 21.344 22.931 24.612 26.387 28.256 30.218 32.275 33.377
5.541 5.833 6.460 8.265 9.877 11.297 12.525 13.561 14.405 15.056 15.515 15.782 15.857 15.739 15.020 13.428 12.556 12.028 11.515 11.016 10.536 10.072 9.619 9.178 8.748 8.330 7.866 7.352 6.851 6.361 5.883 5.418 4.964 4.523 4.093 3.675 3.270 2.876 4.044 5.952 7.853 9.745 11.629 13.506 15.374 17.234 19.086 20.930 22.766 24.595 24.069 23.214 22.368 21.532 20.705 19.886 19.077 18.277 17.486 16.704 15.931 15.333 16.863 18.486 20.204 22.015 23.921 25.920 28.012 30.199 32.479 34.853 37.321 38.934
5.557 5.856 6.224 7.366 8.316 9.074 9.640 10.014 10.196 10.611 11.173 11.716 12.238 12.741 13.037 12.530 12.038 11.560 11.096 10.647 10.216 9.802 9.400 9.008 8.629 8.260 7.863 7.402 6.953 6.516 6.091 5.678 5.277 4.888 4.511 4.146 3.793 3.452 4.345 6.218 8.084 9.942 11.791 13.633 15.466 17.292 19.109 20.919 22.720 24.513 24.326 23.511 22.705 21.909 21.121 20.342 19.573 18.812 18.061 17.318 16.585 15.861 17.696 19.732 21.861 24.084 26.400 28.810 31.314 33.912 36.604 39.389 42.268 44.557
5.571 5.877 6.192 6.806 7.420 8.014 8.588 9.141 9.675 10.189 10.683 11.157 11.611 12.045 12.407 11.950 11.507 11.079 10.665 10.265 9.884 9.520 9.168 8.826 8.497 8.178 7.846 7.437 7.041 6.657 6.285 5.924 5.576 5.240 4.915 4.603 4.303 4.015 4.653 6.492 8.323 10.146 11.961 13.768 15.567 17.357 19.140 20.915 22.682 24.440 24.574 23.799 23.033 22.275 21.527 20.788 20.058 19.337 18.626 17.923 17.229 16.545 18.433 20.880 23.420 26.055 28.782 31.604 34.519 37.528 40.630 43.826 47.116 50.246
5.668 5.985 6.300 6.815 7.361 7.886 8.391 8.876 9.341 9.786 10.212 10.617 11.002 11.368 11.713 11.358 10.964 10.585 10.221 9.871 9.540 9.226 8.923 8.632 8.352 8.084 7.816 7.460 7.116 6.785 6.465 6.157 5.862 5.578 5.306 5.047 4.799 4.564 4.970 6.774 8.570 10.359 12.139 13.911 15.675 17.431 19.179 20.919 22.651 24.375 24.813 24.077 23.350 22.633 21.924 21.225 20.534 19.853 19.181 18.517 17.863 17.218 19.074 21.932 24.884 27.929 31.068 34.300 37.626 41.046 44.559 48.166 51.866 55.222
5.785 6.098 6.410 6.843 7.320 7.776 8.213 8.629 9.026 9.402 9.759 10.096 10.412 10.709 10.986 10.753 10.409 10.080 9.765 9.464 9.183 8.919 8.666 8.425 8.195 7.977 7.770 7.469 7.178 6.899 6.632 6.377 6.134 5.903 5.684 5.477 5.282 5.099 5.295 7.064 8.826 10.579 12.324 14.062 15.791 17.513 19.226 20.932 22.629 24.319 25.041 24.345 23.658 22.980 22.311 21.651 21.000 20.359 19.726 19.102 18.488 17.882 19.619 22.888 26.138 29.064 31.929 34.734 37.479 40.163 42.786 45.349 47.852 50.293
5.903 6.212 6.520 6.890 7.297 7.685 8.053 8.401 8.729 9.037 9.325 9.593 9.841 10.070 10.278 10.136 9.842 9.562 9.296 9.045 8.813 8.599 8.397 8.206 8.026 7.857 7.700 7.465 7.227 7.000 6.786 6.583 6.393 6.214 6.048 5.893 5.751 5.620 5.627 7.362 9.089 10.807 12.518 14.221 15.916 17.603 19.281 20.952 22.615 24.270 25.261 24.604 23.956 23.318 22.688 22.031 21.157 20.304 19.472 18.660 17.870 17.100 18.142 20.925 23.648 26.310 28.911 31.453 33.933 36.353 38.713 41.012 43.251 45.429
6.021 6.326 6.631 6.954 7.294 7.613 7.912 8.191 8.451 8.690 8.910 9.109 9.289 9.449 9.589 9.507 9.262 9.032 8.815 8.614 8.432 8.268 8.115 7.974 7.844 7.725 7.618 7.448 7.262 7.088 6.926 6.776 6.638 6.512 6.398 6.296 6.206 6.128 6.062 7.667 9.360 11.044 12.720 14.388 16.048 17.701 19.340 20.728 22.071 23.369 24.267 23.381 22.515 21.670 20.845 20.042 19.259 18.497 17.756 17.036 16.336 15.658 16.243 18.762 21.221 23.619 25.957 28.235 30.452 32.608 34.704 36.740 38.715 40.629
6.140 6.442 6.742 7.038 7.308 7.559 7.790 8.000 8.191 8.362 8.513 8.644 8.756 8.847 8.918 8.866 8.670 8.489 8.322 8.170 8.038 7.923 7.821 7.729 7.649 7.581 7.523 7.418 7.284 7.163 7.053 6.956 6.871 6.797 6.736 6.686 6.649 6.623 6.534 7.792 9.298 10.758 12.174 13.546 14.872 16.154 17.391 18.584 19.731 20.835 21.803 21.008 20.233 19.479 18.746 18.034 17.342 16.671 16.022 15.392 14.784 14.196 14.407 16.662 18.858 20.992 23.066 25.080 27.034 28.927 30.759 32.531 34.243 35.894
6.260 6.558 6.855 7.139 7.341 7.524 7.686 7.828 7.950 8.053 8.136 8.198 8.241 8.264 8.267 8.212 8.066 7.934 7.817 7.714 7.631 7.567 7.514 7.472 7.442 7.423 7.416 7.374 7.293 7.192 7.086 6.983 6.882 6.785 6.690 6.597 6.508 6.421 6.337 7.260 8.570 9.835 11.056 12.232 13.363 14.450 15.492 16.489 17.442 18.350 19.213 18.616 17.933 17.270 16.628 16.007 15.406 14.826 14.268 13.729 13.212 12.716 12.634 14.626 16.557 18.428 20.239 21.989 23.679 25.309 26.878 28.387 29.835 31.223
6.381 6.675 6.968 7.259 7.393 7.507 7.600 7.674 7.728 7.762 7.776 7.771 7.745 7.699 7.634 7.547 7.450 7.367 7.299 7.245 7.220 7.207 7.193 7.178 7.162 7.145 7.128 7.081 6.981 6.885 6.791 6.699 6.611 6.525 6.442 6.361 6.284 6.209 6.137 6.776 7.891 8.961 9.986 10.967 11.903 12.795 13.641 14.444 15.201 15.914 16.582 16.206 15.613 15.042 14.491 13.960 13.451 12.962 12.494 12.047 11.621 11.215 10.923 12.652 14.320 15.928 17.475 18.962 20.389 21.755 23.061 24.306 25.491 26.616
