DATA/SHG/ECMWF/20170628/EN-38/20170630.en-38.asc
ncols        190
nrows        64
xllcorner    -5100000.000000000000
yllcorner    4130000.000000000000
cellsize     10000.000000000000
NODATA_value  -99999.000
[rows 0 to 31 of 64, columns 73 to 145 of 190]
4.960 5.142 5.343 5.565 5.806 6.067 6.348 6.649 6.838 6.693 6.526 6.363 6.203 6.047 5.894 5.745 5.599 5.457 5.319 5.184 5.054 4.939 4.831 4.730 4.635 4.547 4.464 4.387 4.317 4.253 4.194 4.142 4.134 4.253 4.376 4.502 4.632 4.766 4.903 5.044 5.188 5.335 5.487 5.642 5.732 5.605 5.468 5.318 5.158 4.986 4.802 4.607 4.401 4.183 3.953 3.712 3.569 3.745 3.924 4.107 4.293 4.482 4.675 4.872 5.072 5.275 5.482 5.692 5.866 5.929 5.992 6.056 6.120
4.526 4.778 5.102 5.418 5.707 5.967 6.200 6.405 6.525 6.367 6.213 6.062 5.914 5.771 5.630 5.494 5.361 5.231 5.106 4.983 4.867 4.778 4.698 4.625 4.557 4.496 4.441 4.391 4.348 4.311 4.280 4.256 4.254 4.389 4.528 4.670 4.816 4.965 5.118 5.275 5.435 5.599 5.766 5.937 6.067 5.890 5.701 5.500 5.288 5.065 4.830 4.584 4.327 4.057 3.777 3.485 3.251 3.442 3.637 3.835 4.037 4.242 4.450 4.662 4.878 5.097 5.319 5.545 5.749 5.814 5.879 5.945 6.012
4.775 5.049 5.296 5.515 5.706 5.870 6.005 6.113 6.183 6.038 5.896 5.758 5.623 5.492 5.364 5.240 5.120 5.003 4.889 4.780 4.674 4.611 4.559 4.513 4.472 4.438 4.410 4.388 4.373 4.363 4.360 4.362 4.371 4.521 4.676 4.834 4.996 5.161 5.330 5.502 5.678 5.858 6.041 6.228 6.414 6.186 5.945 5.694 5.431 5.156 4.871 4.573 4.265 3.944 3.613 3.270 2.930 3.136 3.347 3.560 3.777 3.998 4.222 4.450 4.681 4.915 5.153 5.394 5.692 5.895 6.112 6.343 6.588
5.189 5.366 5.516 5.638 5.732 5.798 5.837 5.848 5.831 5.706 5.577 5.451 5.329 5.210 5.095 4.983 4.875 4.771 4.670 4.573 4.479 4.438 4.413 4.394 4.381 4.374 4.373 4.379 4.390 4.408 4.432 4.462 4.498 4.648 4.819 4.993 5.171 5.352 5.537 5.725 5.917 6.113 6.312 6.514 6.720 6.493 6.202 5.899 5.585 5.260 4.923 4.575 4.215 3.844 3.461 3.067 2.662 2.827 3.053 3.350 3.712 4.077 4.444 4.813 5.184 5.558 5.934 6.311 6.691 6.965 7.245 7.538 7.846
5.629 5.709 5.761 5.786 5.783 5.752 5.694 5.608 5.494 5.371 5.255 5.141 5.032 4.925 4.823 4.724 4.629 4.537 4.448 4.364 4.283 4.257 4.260 4.268 4.283 4.303 4.330 4.362 4.401 4.446 4.497 4.554 4.618 4.772 4.958 5.148 5.342 5.539 5.740 5.944 6.152 6.363 6.578 6.797 7.019 6.813 6.471 6.117 5.752 5.375 5.017 4.692 4.380 4.082 3.798 3.528 3.272 3.513 3.881 4.251 4.623 4.998 5.374 5.753 6.134 6.517 6.903 7.290 7.680 8.020 8.362 8.718 9.089
6.094 6.077 6.032 5.960 5.860 5.732 5.577 5.394 5.183 5.034 4.930 4.829 4.732 4.638 4.548 4.462 4.379 4.299 4.224 4.151 4.083 4.071 4.100 4.136 4.177 4.225 4.279 4.339 4.405 4.478 4.556 4.640 4.731 4.891 5.094 5.300 5.509 5.722 5.939 6.159 6.383 6.619 6.849 7.062 7.258 7.095 6.762 6.443 6.138 5.846 5.568 5.305 5.055 4.819 4.597 4.389 4.195 4.392 4.770 5.149 5.531 5.915 6.301 6.690 7.080 7.473 7.868 8.265 8.664 9.059 9.464 9.883 10.315
6.585 6.471 6.329 6.160 5.963 5.738 5.486 5.206 4.898 4.694 4.602 4.514 4.429 4.348 4.270 4.196 4.126 4.059 3.996 3.936 3.880 3.877 3.934 3.997 4.066 4.141 4.222 4.309 4.403 4.502 4.608 4.719 4.902 5.171 5.461 5.734 5.991 6.230 6.452 6.657 6.844 7.015 7.168 7.305 7.424 7.322 7.051 6.793 6.550 6.320 6.104 5.903 5.715 5.541 5.380 5.234 5.102 5.267 5.654 6.044 6.435 6.829 7.225 7.623 8.023 8.425 8.829 9.236 9.645 10.082 10.550 11.031 11.526
7.101 6.890 6.651 6.385 6.091 5.770 5.420 5.044 4.639 4.351 4.272 4.196 4.124 4.055 3.990 3.928 3.871 3.816 3.765 3.718 3.674 3.677 3.761 3.869 4.005 4.163 4.344 4.547 4.773 5.022 5.293 5.587 5.903 6.196 6.410 6.607 6.786 6.949 7.095 7.223 7.334 7.429 7.506 7.566 7.609 7.534 7.324 7.129 6.947 6.779 6.625 6.485 6.359 6.247 6.148 6.064 5.993 6.139 6.536 6.935 7.336 7.739 8.144 8.552 8.962 9.374 9.788 10.204 10.622 11.090 11.620 12.164 12.722
7.642 7.334 6.999 6.636 6.245 5.827 5.381 4.908 4.406 4.005 3.938 3.875 3.815 3.759 3.707 3.667 3.659 3.641 3.614 3.577 3.531 3.530 3.721 3.935 4.172 4.431 4.713 5.017 5.344 5.694 6.066 6.460 6.877 7.238 7.376 7.496 7.600 7.686 7.755 7.807 7.842 7.860 7.861 7.845 7.811 7.731 7.583 7.449 7.329 7.223 7.131 7.052 6.988 6.937 6.900 6.878 6.869 7.007 7.414 7.822 8.233 8.646 9.060 9.478 9.897 10.318 10.742 11.168 11.596 12.083 12.675 13.281 13.901
8.208 7.804 7.372 6.912 6.425 5.910 5.367 4.797 4.223 3.769 3.785 3.791 3.788 3.775 3.753 3.721 3.679 3.628 3.568 3.498 3.418 3.369 3.661 3.976 4.313 4.673 5.056 5.461 5.889 6.339 6.812 7.308 7.825 8.298 8.359 8.403 8.430 8.440 8.433 8.409 8.368 8.309 8.234 8.141 8.032 7.912 7.826 7.754 7.696 7.651 7.621 7.604 7.601 7.612 7.637 7.676 7.729 7.872 8.288 8.706 9.126 9.549 9.973 10.400 10.829 11.260 11.693 12.128 12.566 13.060 13.714 14.383 15.065
8.800 8.286 7.749 7.213 6.679 6.146 5.614 5.083 4.553 4.031 4.014 3.987 3.950 3.904 3.848 3.783 3.708 3.624 3.531 3.427 3.315 3.194 3.575 3.991 4.429 4.890 5.374 5.880 6.408 6.959 7.533 8.129 8.747 9.375 9.360 9.328 9.278 9.212 9.129 9.028 8.911 8.776 8.625 8.456 8.270 8.079 8.055 8.044 8.048 8.065 8.096 8.141 8.200 8.272 8.359 8.459 8.573 8.733 9.159 9.586 10.016 10.448 10.882 11.318 11.757 12.197 12.640 13.085 13.532 14.021 14.738 15.469 16.214
9.120 8.586 8.053 7.521 6.991 6.462 5.934 5.407 4.882 4.357 4.251 4.191 4.121 4.041 3.952 3.854 3.746 3.629 3.502 3.366 3.220 3.066 3.464 3.981 4.520 5.081 5.665 6.272 6.901 7.553 8.227 8.924 9.643 10.384 10.378 10.269 10.144 10.001 9.842 9.665 9.472 9.261 9.033 8.788 8.526 8.248 8.268 8.319 8.384 8.463 8.556 8.662 8.783 8.917 9.065 9.227 9.402 9.592 10.026 10.463 10.902 11.344 11.788 12.233 12.681 13.132 13.584 14.038 14.443 14.810 15.666 16.685 17.867
9.414 8.884 8.355 7.828 7.302 6.777 6.253 5.730 5.209 4.689 4.496 4.403 4.300 4.187 4.065 3.934 3.792 3.642 3.482 3.312 3.133 2.946 3.328 3.945 4.585 5.247 5.931 6.639 7.368 8.120 8.895 9.692 10.512 11.354 11.413 11.228 11.027 10.808 10.572 10.320 10.050 9.763 9.459 9.139 8.801 8.446 8.466 8.579 8.706 8.846 9.000 9.168 9.350 9.546 9.755 9.979 10.216 10.467 10.889 11.283 11.621 11.961 12.303 12.648 12.995 13.345 13.697 14.052 14.409 14.768 16.271 18.014 19.920
9.707 9.181 8.656 8.133 7.611 7.090 6.570 6.052 5.534 5.018 4.750 4.624 4.487 4.342 4.186 4.022 3.847 3.664 3.470 3.268 3.056 2.835 3.166 3.884 4.624 5.387 6.172 6.979 7.810 8.662 9.537 10.435 11.355 12.298 12.465 12.205 11.927 11.632 11.321 10.992 10.646 10.283 9.904 9.507 9.093 8.662 8.650 8.824 9.012 9.214 9.421 9.612 9.792 9.959 10.115 10.259 10.392 10.512 10.802 11.148 11.496 11.847 12.201 12.556 12.915 13.275 13.638 14.004 14.371 14.742 16.712 19.180 21.809
9.998 9.477 8.956 8.437 7.919 7.402 6.886 6.372 5.858 5.346 5.013 4.853 4.683 4.504 4.316 4.118 3.911 3.694 3.468 3.232 2.986 2.733 2.979 3.797 4.638 5.501 6.387 7.295 8.225 9.178 10.154 11.152 12.172 13.215 13.535 13.198 12.845 12.474 12.086 11.682 11.260 10.822 10.382 9.943 9.504 9.066 9.005 9.191 9.365 9.528 9.678 9.817 9.944 10.059 10.162 10.254 10.333 10.401 10.653 11.010 11.370 11.731 12.096 12.462 12.831 13.203 13.577 13.953 14.332 14.713 16.991 20.182 23.535
10.289 9.771 9.254 8.739 8.225 7.712 7.201 6.690 6.181 5.673 5.283 5.090 4.888 4.676 4.454 4.223 3.983 3.733 3.473 3.204 2.926 2.639 2.766 3.685 4.626 5.590 6.576 7.584 8.615 9.668 10.744 11.842 12.941 14.019 14.467 14.024 13.582 13.142 12.702 12.262 11.824 11.387 10.950 10.514 10.079 9.645 9.485 9.619 9.740 9.850 9.948 10.034 10.108 10.171 10.222 10.260 10.287 10.303 10.502 10.870 11.240 11.613 11.988 12.366 12.746 13.128 13.513 13.900 14.290 14.682 17.107 21.020 25.096
10.577 10.064 9.551 9.040 8.530 8.021 7.514 7.007 6.502 5.998 5.562 5.336 5.101 4.855 4.601 4.337 4.063 3.780 3.488 3.186 2.874 2.554 2.529 3.597 4.704 5.805 6.900 7.989 9.071 10.148 11.218 12.282 13.340 14.392 15.005 14.566 14.128 13.690 13.254 12.818 12.383 11.949 11.516 11.084 10.653 10.222 9.977 10.058 10.127 10.184 10.230 10.263 10.285 10.295 10.293 10.279 10.254 10.216 10.349 10.727 11.109 11.492 11.878 12.267 12.658 13.051 13.447 13.845 14.245 14.648 17.060 21.695 26.493
10.864 10.355 9.846 9.339 8.833 8.329 7.825 7.323 6.822 6.322 5.850 5.591 5.322 5.044 4.756 4.468 4.293 4.109 3.917 3.717 3.508 3.277 3.160 4.246 5.326 6.400 7.468 8.529 9.585 10.634 11.677 12.714 13.745 14.770 15.542 15.106 14.671 14.238 13.805 13.373 12.941 12.511 12.081 11.652 11.224 10.797 10.482 10.510 10.526 10.531 10.524 10.505 10.474 10.431 10.377 10.310 10.232 10.142 10.193 10.582 10.975 11.369 11.766 12.165 12.567 12.971 13.378 13.787 14.198 14.612 16.851 22.208 27.727
11.150 10.645 10.140 9.637 9.136 8.635 8.136 7.637 7.156 6.773 6.428 6.261 6.090 5.910 5.722 5.526 5.321 5.108 4.886 4.656 4.417 4.156 3.874 4.901 5.954 7.001 8.041 9.076 10.104 11.126 12.143 13.153 14.156 15.154 16.077 15.645 15.214 14.783 14.354 13.925 13.497 13.071 12.644 12.219 11.795 11.371 10.998 10.973 10.937 10.889 10.829 10.758 10.675 10.579 10.472 10.354 10.223 10.081 10.035 10.435 10.838 11.243 11.651 12.061 12.474 12.889 13.307 13.727 14.149 14.574 16.479 22.557 28.798
11.435 10.923 10.411 9.935 9.496 9.094 8.728 8.400 8.109 7.854 7.637 7.443 7.242 7.033 6.816 6.590 6.355 6.112 5.861 5.601 5.333 5.043 4.731 5.562 6.587 7.607 8.621 9.628 10.629 11.625 12.614 13.597 14.574 15.544 16.509 16.182 15.754 15.327 14.901 14.476 14.052 13.629 13.206 12.784 12.364 11.943 11.525 11.449 11.360 11.259 11.147 11.023 10.887 10.740 10.580 10.409 10.226 10.031 9.874 10.285 10.699 11.116 11.534 11.955 12.379 12.805 13.233 13.664 14.097 14.533 15.946 22.744 29.705
11.363 10.942 10.557 10.210 9.899 9.626 9.389 9.189 9.026 8.900 8.810 8.631 8.401 8.162 7.915 7.660 7.396 7.123 6.843 6.553 6.256 5.935 5.594 6.228 7.227 8.219 9.206 10.186 11.161 12.129 13.091 14.047 14.997 15.941 16.878 16.717 16.293 15.870 15.448 15.026 14.605 14.185 13.766 13.348 12.931 12.514 12.098 11.936 11.795 11.642 11.477 11.301 11.112 10.912 10.700 10.477 10.241 9.994 9.735 10.133 10.558 10.985 11.415 11.847 12.281 12.718 13.157 13.599 14.043 14.499 15.232 22.349 29.308
11.218 10.925 10.669 10.450 10.268 10.123 10.014 9.943 9.908 9.910 9.949 9.826 9.566 9.298 9.021 8.736 8.442 8.141 7.830 7.512 7.184 6.834 6.463 6.900 7.872 8.837 9.797 10.750 11.698 12.639 13.574 14.503 15.426 16.343 17.253 17.251 16.831 16.411 15.992 15.574 15.157 14.741 14.325 13.910 13.496 13.083 12.671 12.435 12.241 12.036 11.819 11.590 11.349 11.097 10.833 10.557 10.269 9.969 9.658 9.979 10.533 11.220 11.851 12.426 12.944 13.406 13.811 14.160 14.452 14.688 14.867 20.863 27.121
11.039 10.875 10.747 10.656 10.602 10.585 10.605 10.661 10.754 10.885 11.051 11.027 10.737 10.439 10.133 9.819 9.496 9.164 8.824 8.476 8.120 7.740 7.338 7.578 8.522 9.461 10.394 11.320 12.240 13.155 14.063 14.965 15.861 16.751 17.634 17.784 17.367 16.951 16.535 16.121 15.707 15.294 14.882 14.471 14.060 13.651 13.242 12.946 12.700 12.442 12.173 11.922 11.758 11.656 11.615 11.637 11.720 11.866 12.073 12.538 13.031 13.468 13.849 14.173 14.441 14.652 14.807 14.905 14.947 14.933 14.862 19.535 25.092
10.826 10.790 10.790 10.827 10.902 11.013 11.160 11.345 11.566 11.824 12.119 12.233 11.915 11.587 11.251 10.907 10.555 10.194 9.825 9.447 9.061 8.652 8.221 8.261 9.179 10.091 10.996 11.896 12.789 13.676 14.558 15.433 16.302 17.165 18.022 18.315 17.901 17.489 17.077 16.666 16.255 15.846 15.408 14.919 14.423 13.920 13.410 13.071 12.934 12.858 12.845 12.893 13.003 13.175 13.409 13.705 14.062 14.482 14.963 15.341 15.584 15.770 15.901 15.975 15.992 15.953 15.858 15.706 15.498 15.233 14.912 18.364 23.222
10.578 10.670 10.799 10.964 11.166 11.405 11.681 11.993 12.343 12.729 13.151 13.446 13.098 12.741 12.376 12.002 11.620 11.230 10.831 10.424 10.009 9.570 9.109 8.950 9.841 10.726 11.605 12.477 13.344 14.204 15.058 15.907 16.749 17.567 18.349 18.728 18.256 17.777 17.292 16.799 16.300 15.794 15.281 14.761 14.235 13.701 13.161 12.879 13.016 13.215 13.476 13.798 14.182 14.628 15.136 15.706 16.337 17.030 17.785 18.198 18.191 18.127 18.007 17.831 17.599 17.310 16.964 16.563 16.105 15.590 15.019 17.351 21.510
10.296 10.516 10.773 11.066 11.396 11.763 12.167 12.607 13.084 13.598 14.149 14.666 14.288 13.901 13.507 13.104 12.692 12.273 11.844 11.408 10.963 10.495 10.004 9.645 10.491 11.303 12.108 12.907 13.700 14.486 15.265 16.039 16.806 17.566 18.321 18.822 18.319 17.810 17.294 16.771 16.241 15.705 15.161 14.611 14.054 13.490 12.919 12.623 13.034 13.506 14.041 14.637 15.295 16.015 16.797 17.640 18.545 19.512 20.540 21.109 20.852 20.539 20.169 19.743 19.260 18.721 18.126 17.475 16.767 16.003 15.183 16.496 19.955
9.980 10.328 10.713 11.134 11.592 12.086 12.618 13.186 13.791 14.432 15.110 15.825 15.484 15.068 14.644 14.211 13.744 13.118 12.523 11.961 11.430 10.926 10.446 9.990 10.751 11.534 12.311 13.082 13.847 14.605 15.356 16.102 16.840 17.573 18.299 18.923 18.390 17.851 17.304 16.751 16.190 15.623 15.049 14.469 13.881 13.287 12.685 12.301 12.986 13.732 14.540 15.410 16.342 17.335 18.391 19.507 20.686 21.926 23.228 24.075 23.568 23.004 22.385 21.709 20.977 20.188 19.343 18.442 17.485 16.472 15.402 15.797 18.559
9.630 10.105 10.618 11.167 11.753 12.375 13.034 13.730 14.462 15.180 15.710 16.229 15.778 15.135 14.523 13.944 13.396 12.880 12.396 11.944 11.523 11.131 10.762 10.418 11.017 11.772 12.521 13.264 14.000 14.730 15.454 16.171 16.882 17.587 18.285 18.976 18.469 17.898 17.321 16.738 16.147 15.549 14.945 14.334 13.716 13.091 12.459 11.914 12.873 13.893 14.974 16.118 17.323 18.590 19.918 21.308 22.760 24.273 25.849 27.094 26.337 25.524 24.655 23.730 22.748 21.710 20.616 19.465 18.259 16.996 15.677 15.256 17.320
9.245 9.849 10.468 11.044 11.607 12.158 12.696 13.221 13.733 14.233 14.720 15.195 14.960 14.427 13.926 13.457 13.019 12.614 12.240 11.898 11.588 11.307 11.049 10.817 11.290 12.017 12.738 13.453 14.161 14.863 15.558 16.248 16.930 17.607 18.277 18.941 18.555 17.954 17.346 16.732 16.111 15.483 14.848 14.206 13.558 12.903 12.241 11.572 12.694 13.988 15.343 16.759 18.238 19.778 21.379 23.043 24.767 26.554 28.402 30.167 29.161 28.099 26.980 25.805 24.574 23.287 21.944 20.544 19.088 17.576 16.008 14.872 16.238
8.739 9.296 9.841 10.373 10.892 11.399 11.893 12.374 12.843 13.299 13.742 14.173 14.113 13.691 13.301 12.942 12.615 12.319 12.056 11.824 11.624 11.454 11.308 11.187 11.569 12.268 12.961 13.648 14.328 15.002 15.669 16.331 16.985 17.634 18.276 18.912 18.648 18.017 17.379 16.734 16.082 15.424 14.759 14.087 13.408 12.722 12.030 11.330 12.451 14.017 15.646 17.335 19.087 20.900 22.774 24.711 26.708 28.768 30.889 33.071 32.039 30.727 29.360 27.935 26.455 24.919 23.326 21.678 19.973 18.212 16.394 14.597 15.244
8.211 8.724 9.225 9.714 10.189 10.652 11.103 11.540 11.965 12.378 12.778 13.165 13.240 12.928 12.647 12.399 12.182 11.997 11.844 11.722 11.632 11.572 11.538 11.528 11.855 12.526 13.191 13.850 14.502 15.148 15.787 16.421 17.047 17.668 18.282 18.890 18.749 18.087 17.419 16.744 16.062 15.373 14.677 13.975 13.266 12.549 11.827 11.097 12.142 13.982 15.883 17.846 19.870 21.956 24.103 26.312 28.583 30.915 33.308 35.763 34.971 33.410 31.631 29.529 27.450 25.394 23.361 21.350 19.362 17.396 15.454 13.534 13.944
7.695 8.165 8.622 9.067 9.499 9.918 10.325 10.719 11.101 11.469 11.825 12.169 12.338 12.136 11.966 11.828 11.721 11.646 11.603 11.591 11.612 11.663 11.739 11.841 12.148 12.791 13.428 14.058 14.683 15.300 15.912 16.517 17.116 17.708 18.295 18.874 18.857 18.165 17.466 16.761 16.048 15.329 14.603 13.870 13.131 12.384 11.631 10.871 11.769 13.881 16.055 18.291 20.588 22.957 25.286 27.476 29.527 31.439 33.212 34.847 33.842 31.795 29.771 27.769 25.790 23.834 21.900 19.989 18.101 16.235 14.393 12.572 12.663
