DATA/SHG/ECMWF/20170628/EN-38/20170704.en-38.asc
ncols        190
nrows        64
xllcorner    -5100000.000000000000
yllcorner    4130000.000000000000
cellsize     10000.000000000000
NODATA_value  -99999.000
[rows 0 to 31 of 64, columns 0 to 70 of 190]
2.567 2.490 2.418 2.348 2.282 2.220 2.161 2.106 2.054 2.102 2.169 2.221 2.259 2.282 2.290 2.283 2.262 2.226 2.175 2.172 2.191 2.226 2.263 2.294 2.319 2.339 2.353 2.361 2.364 2.360 2.351 2.336 2.316 2.349 2.425 2.509 2.599 2.696 2.801 2.912 3.030 3.155 3.288 3.427 3.573 3.569 3.426 3.282 3.134 2.985 2.833 2.679 2.522 2.364 2.203 2.039 1.874 1.842 1.970 2.098 2.226 2.353 2.480 2.607 2.733 2.859 2.984 3.109 3.233 3.347 3.449
2.603 2.539 2.478 2.421 2.368 2.318 2.271 2.228 2.188 2.189 2.204 2.205 2.204 2.208 2.216 2.229 2.246 2.267 2.293 2.323 2.357 2.386 2.402 2.413 2.418 2.418 2.411 2.399 2.381 2.358 2.328 2.293 2.252 2.273 2.374 2.482 2.597 2.719 2.848 2.984 3.126 3.276 3.433 3.597 3.768 3.817 3.666 3.513 3.358 3.200 3.040 2.878 2.713 2.546 2.377 2.206 2.032 1.953 2.081 2.207 2.334 2.459 2.585 2.710 2.835 2.959 3.083 3.207 3.330 3.450 3.568
2.635 2.583 2.535 2.490 2.444 2.382 2.326 2.276 2.232 2.212 2.219 2.229 2.244 2.263 2.287 2.315 2.347 2.383 2.424 2.469 2.519 2.551 2.547 2.538 2.523 2.502 2.475 2.443 2.405 2.361 2.311 2.256 2.195 2.189 2.315 2.447 2.587 2.734 2.887 3.048 3.215 3.390 3.572 3.760 3.956 4.066 3.907 3.746 3.583 3.417 3.249 3.078 2.906 2.731 2.553 2.374 2.192 2.065 2.191 2.316 2.441 2.566 2.690 2.814 2.937 3.060 3.182 3.304 3.460 3.604 3.750
2.557 2.492 2.433 2.380 2.333 2.293 2.258 2.230 2.208 2.202 2.223 2.249 2.279 2.314 2.353 2.396 2.443 2.495 2.551 2.611 2.675 2.722 2.698 2.669 2.633 2.592 2.545 2.493 2.434 2.370 2.300 2.225 2.144 2.099 2.249 2.406 2.570 2.742 2.920 3.105 3.297 3.496 3.702 3.916 4.136 4.318 4.151 3.982 3.810 3.636 3.460 3.281 3.100 2.917 2.732 2.544 2.354 2.177 2.302 2.426 2.557 2.780 2.984 3.170 3.338 3.488 3.621 3.735 3.831 3.910 4.033
2.353 2.310 2.273 2.241 2.216 2.197 2.185 2.178 2.177 2.187 2.224 2.265 2.310 2.360 2.414 2.472 2.534 2.601 2.672 2.748 2.827 2.899 2.855 2.805 2.750 2.688 2.621 2.548 2.470 2.385 2.295 2.200 2.098 2.001 2.176 2.358 2.546 2.742 2.945 3.155 3.372 3.595 3.826 4.064 4.308 4.560 4.396 4.219 4.039 3.857 3.673 3.486 3.297 3.129 3.045 2.977 2.924 2.887 3.078 3.273 3.450 3.609 3.750 3.873 3.978 4.065 4.134 4.186 4.219 4.234 4.322
2.143 2.122 2.106 2.096 2.093 2.096 2.104 2.119 2.140 2.167 2.219 2.275 2.336 2.401 2.470 2.543 2.621 2.703 2.789 2.880 2.975 3.074 3.018 2.948 2.872 2.790 2.703 2.610 2.511 2.407 2.296 2.181 2.059 1.932 2.095 2.302 2.515 2.736 2.963 3.198 3.439 3.687 3.942 4.205 4.474 4.750 4.658 4.520 4.397 4.290 4.198 4.122 4.062 4.017 3.987 3.973 3.975 3.992 4.112 4.244 4.358 4.454 4.532 4.592 4.634 4.658 4.664 4.652 4.623 4.575 4.616
1.927 1.927 1.933 1.945 1.963 1.987 2.017 2.054 2.096 2.145 2.210 2.281 2.357 2.437 2.521 2.610 2.703 2.800 2.901 3.007 3.117 3.231 3.186 3.096 3.000 2.898 2.790 2.677 2.558 2.434 2.303 2.167 2.026 1.878 2.008 2.239 2.477 2.722 2.974 3.265 3.579 3.891 4.202 4.511 4.818 5.123 5.149 5.065 4.997 4.944 4.907 4.885 4.879 4.888 4.913 4.953 5.009 5.080 5.163 5.231 5.282 5.315 5.330 5.327 5.306 5.267 5.211 5.136 5.043 4.933 4.915
1.704 1.726 1.753 1.787 1.826 1.872 1.924 1.982 2.046 2.116 2.196 2.283 2.374 2.469 2.568 2.672 2.780 2.892 3.009 3.130 3.255 3.384 3.360 3.250 3.134 3.012 2.884 2.751 2.612 2.467 2.316 2.160 2.052 1.967 2.127 2.444 2.759 3.073 3.384 3.694 4.002 4.308 4.612 4.914 5.215 5.514 5.624 5.594 5.580 5.582 5.599 5.631 5.679 5.743 5.822 5.916 6.026 6.151 6.229 6.235 6.222 6.192 6.144 6.078 5.995 5.893 5.773 5.636 5.480 5.307 5.220
1.475 1.518 1.567 1.622 1.683 1.751 1.824 1.903 1.989 2.081 2.178 2.280 2.385 2.496 2.610 2.729 2.852 2.980 3.111 3.247 3.387 3.532 3.540 3.410 3.273 3.155 3.046 2.943 2.847 2.759 2.677 2.603 2.535 2.475 2.589 2.900 3.208 3.515 3.820 4.124 4.425 4.725 5.023 5.319 5.613 5.906 6.082 6.107 6.147 6.203 6.274 6.361 6.463 6.581 6.714 6.862 7.026 7.206 7.311 7.254 7.179 7.086 6.975 6.846 6.699 6.535 6.352 6.152 5.934 5.697 5.530
1.240 1.304 1.375 1.451 1.534 1.623 1.718 1.819 1.925 2.039 2.155 2.272 2.393 2.518 2.648 2.782 2.920 3.066 3.232 3.394 3.550 3.702 3.756 3.650 3.551 3.459 3.374 3.296 3.225 3.161 3.104 3.054 3.011 2.975 3.052 3.356 3.659 3.959 4.258 4.555 4.850 5.144 5.435 5.725 6.013 6.299 6.525 6.604 6.698 6.808 6.934 7.074 7.231 7.402 7.590 7.792 8.010 8.244 8.409 8.289 8.151 7.995 7.821 7.630 7.420 7.193 6.947 6.684 6.403 6.104 5.846
0.998 1.084 1.176 1.274 1.378 1.488 1.605 1.727 1.855 1.990 2.146 2.331 2.510 2.684 2.854 3.018 3.177 3.330 3.479 3.623 3.761 3.894 3.977 3.896 3.821 3.754 3.694 3.640 3.594 3.555 3.522 3.497 3.479 3.468 3.516 3.814 4.110 4.404 4.697 4.987 5.276 5.563 5.849 6.132 6.414 6.694 6.951 7.084 7.233 7.397 7.577 7.771 7.982 8.208 8.449 8.706 8.978 9.265 9.523 9.340 9.139 8.921 8.684 8.430 8.157 7.867 7.559 7.233 6.889 6.528 6.167
0.750 0.857 0.971 1.144 1.364 1.576 1.783 1.983 2.176 2.363 2.542 2.709 2.870 3.026 3.177 3.323 3.464 3.600 3.731 3.856 3.977 4.092 4.191 4.134 4.084 4.042 4.006 3.977 3.956 3.941 3.933 3.933 3.939 3.952 3.981 4.273 4.562 4.850 5.136 5.421 5.703 5.984 6.263 6.540 6.816 7.089 7.361 7.549 7.752 7.970 8.203 8.452 8.717 8.996 9.292 9.602 9.929 10.270 10.627 10.407 10.143 9.862 9.563 9.245 8.910 8.558 8.187 7.795 7.423 7.084 6.779
1.077 1.293 1.502 1.705 1.901 2.091 2.274 2.451 2.622 2.786 2.943 3.092 3.235 3.373 3.506 3.634 3.757 3.875 3.988 4.095 4.198 4.295 4.387 4.365 4.340 4.322 4.311 4.306 4.309 4.319 4.336 4.360 4.391 4.429 4.474 4.732 5.016 5.297 5.577 5.855 6.132 6.406 6.679 6.950 7.219 7.486 7.752 7.997 8.254 8.526 8.814 9.117 9.435 9.769 10.118 10.483 10.863 11.258 11.669 11.490 11.031 10.542 10.087 9.665 9.276 8.921 8.598 8.309 8.053 7.831 7.641
1.712 1.905 2.092 2.272 2.445 2.612 2.772 2.926 3.074 3.215 3.350 3.480 3.605 3.725 3.840 3.950 4.055 4.155 4.250 4.339 4.424 4.503 4.577 4.588 4.587 4.594 4.607 4.628 4.655 4.690 4.731 4.780 4.835 4.897 4.967 5.193 5.470 5.746 6.019 6.291 6.561 6.829 7.096 7.360 7.623 7.884 8.143 8.429 8.740 9.066 9.408 9.765 10.137 10.352 10.540 10.732 10.929 11.130 11.336 11.105 10.700 10.327 9.988 9.682 9.410 9.170 8.964 8.791 8.651 8.545 8.471
2.354 2.524 2.687 2.844 2.995 3.139 3.277 3.408 3.532 3.651 3.762 3.872 3.980 4.082 4.179 4.271 4.358 4.440 4.516 4.588 4.655 4.716 4.772 4.803 4.827 4.858 4.896 4.941 4.993 5.052 5.118 5.191 5.271 5.358 5.452 5.655 5.926 6.195 6.462 6.728 6.991 7.253 7.513 7.772 8.028 8.283 8.372 8.505 8.683 8.865 9.051 9.242 9.436 9.636 9.839 10.047 10.260 10.476 10.697 10.626 10.336 10.080 9.857 9.668 9.511 9.388 9.297 9.240 9.217 9.226 9.269
3.002 3.149 3.289 3.424 3.551 3.673 3.787 3.896 3.997 4.093 4.182 4.270 4.360 4.444 4.523 4.597 4.666 4.730 4.788 4.842 4.891 4.934 4.972 5.011 5.060 5.115 5.178 5.247 5.324 5.407 5.498 5.595 5.700 5.811 5.930 6.118 6.383 6.646 6.890 7.026 7.148 7.257 7.351 7.433 7.500 7.554 7.594 7.694 7.887 8.084 8.285 8.491 8.702 8.916 9.135 9.359 9.586 9.818 10.055 10.115 9.942 9.802 9.695 9.621 9.580 9.573 9.599 9.658 9.750 9.875 10.033
3.656 3.780 3.898 4.009 4.114 4.212 4.304 4.390 4.469 4.541 4.607 4.673 4.744 4.810 4.872 4.928 4.979 5.024 5.065 5.101 5.132 5.157 5.178 5.211 5.284 5.364 5.451 5.545 5.646 5.754 5.869 5.965 6.005 6.046 6.089 6.163 6.292 6.407 6.509 6.597 6.672 6.732 6.780 6.813 6.833 6.839 6.831 6.879 7.087 7.300 7.517 7.738 7.964 8.194 8.428 8.667 8.910 9.157 9.409 9.573 9.516 9.491 9.500 9.543 9.618 9.726 9.868 10.043 10.250 10.491 10.765
4.316 4.417 4.512 4.601 4.683 4.758 4.827 4.890 4.946 4.996 5.039 5.080 5.134 5.182 5.225 5.263 5.296 5.324 5.347 5.365 5.378 5.385 5.388 5.403 5.470 5.504 5.540 5.578 5.617 5.657 5.700 5.743 5.788 5.835 5.883 5.940 6.021 6.089 6.143 6.183 6.210 6.223 6.222 6.208 6.180 6.138 6.083 6.060 6.284 6.512 6.744 6.981 7.222 7.468 7.718 7.972 8.230 8.493 8.760 8.999 9.058 9.150 9.274 9.432 9.623 9.848 10.105 10.395 10.719 11.075 11.465
4.982 5.061 5.133 5.198 5.258 5.310 5.357 5.396 5.430 5.457 5.477 5.493 5.528 5.559 5.584 5.604 5.619 5.581 5.514 5.446 5.377 5.308 5.237 5.170 5.209 5.248 5.290 5.333 5.377 5.423 5.471 5.520 5.570 5.623 5.676 5.731 5.765 5.785 5.791 5.783 5.762 5.728 5.679 5.617 5.542 5.453 5.350 5.239 5.478 5.721 5.969 6.221 6.478 6.739 7.004 7.273 7.547 7.825 8.108 8.394 8.569 8.776 9.017 9.290 9.597 9.937 10.310 10.716 11.155 11.627 12.132
5.654 5.710 5.759 5.802 5.839 5.869 5.892 5.909 5.920 5.924 5.854 5.754 5.684 5.618 5.552 5.484 5.416 5.347 5.277 5.206 5.134 5.062 4.989 4.915 4.946 4.991 5.038 5.086 5.136 5.188 5.241 5.295 5.351 5.409 5.468 5.529 5.523 5.495 5.453 5.398 5.330 5.247 5.151 5.042 4.918 4.781 4.631 4.467 4.668 4.927 5.190 5.458 5.730 6.006 6.286 6.571 6.860 7.154 7.452 7.754 8.048 8.371 8.727 9.117 9.539 9.995 10.483 11.005 11.559 12.147 12.767
6.333 6.366 6.392 6.366 6.323 6.264 6.187 6.095 5.986 5.860 5.718 5.559 5.466 5.397 5.327 5.257 5.186 5.114 5.041 4.967 4.893 4.818 4.742 4.665 4.682 4.733 4.785 4.839 4.894 4.951 5.010 5.069 5.131 5.194 5.259 5.325 5.295 5.219 5.130 5.027 4.911 4.781 4.637 4.480 4.309 4.125 3.927 3.715 3.855 4.130 4.408 4.691 4.978 5.270 5.566 5.866 6.171 6.479 6.793 7.110 7.496 7.935 8.407 8.911 9.449 10.020 10.624 11.189 11.628 12.040 12.423
6.859 6.807 6.739 6.654 6.553 6.435 6.301 6.150 5.983 5.799 5.599 5.382 5.248 5.176 5.104 5.031 4.957 4.882 4.806 4.730 4.653 4.575 4.496 4.416 4.417 4.473 4.531 4.590 4.651 4.713 4.777 4.842 4.909 4.978 5.048 5.119 5.081 4.958 4.821 4.671 4.507 4.329 4.138 3.933 3.715 3.483 3.237 2.978 3.039 3.329 3.623 3.921 4.224 4.531 4.842 5.157 5.477 5.801 6.130 6.463 6.928 7.468 7.979 8.461 8.916 9.342 9.740 10.109 10.451 10.764 11.048
7.339 7.229 7.103 6.960 6.801 6.625 6.433 6.224 5.998 5.756 5.498 5.223 5.032 4.957 4.882 4.806 4.729 4.652 4.573 4.494 4.414 4.333 4.251 4.169 4.150 4.212 4.275 4.340 4.406 4.474 4.543 4.614 4.686 4.760 4.836 4.913 4.882 4.711 4.527 4.329 4.117 3.892 3.653 3.401 3.135 2.855 2.562 2.255 2.220 2.525 2.834 3.148 3.466 3.839 4.240 4.635 5.025 5.408 5.785 6.157 6.567 7.008 7.420 7.804 8.160 8.488 8.787 9.059 9.301 9.516 9.702
7.837 7.669 7.485 7.284 7.067 6.833 6.582 6.315 6.032 5.732 5.415 5.082 4.817 4.739 4.661 4.582 4.503 4.422 4.341 4.259 4.176 4.092 4.008 3.922 3.883 3.950 4.018 4.088 4.160 4.233 4.308 4.384 4.462 4.541 4.622 4.704 4.697 4.479 4.247 4.001 3.742 3.469 3.183 2.883 2.570 2.243 1.979 1.735 1.697 2.107 2.511 2.909 3.301 3.687 4.068 4.442 4.811 5.174 5.531 5.882 6.233 6.575 6.889 7.175 7.433 7.662 7.863 8.036 8.181 8.297 8.385
8.353 8.127 7.884 7.625 7.350 7.058 6.749 6.424 6.083 5.725 5.351 4.960 4.603 4.523 4.442 4.360 4.278 4.194 4.110 4.025 3.939 3.853 3.765 3.677 3.614 3.686 3.760 3.836 3.913 3.991 4.072 4.153 4.236 4.321 4.407 4.495 4.526 4.260 3.981 3.747 3.517 3.283 3.045 2.803 2.558 2.308 2.055 1.798 1.653 2.042 2.426 2.803 3.175 3.541 3.901 4.255 4.604 4.946 5.283 5.613 5.927 6.171 6.387 6.574 6.733 6.864 6.967 7.042 7.088 7.106 7.096
8.880 8.602 8.301 7.984 7.651 7.301 6.935 6.552 6.152 5.736 5.304 4.855 4.390 4.307 4.223 4.139 4.053 3.967 3.880 3.793 3.704 3.615 3.524 3.433 3.343 3.421 3.501 3.582 3.664 3.748 3.834 3.923 4.097 4.255 4.398 4.525 4.630 4.397 4.161 3.921 3.678 3.430 3.179 2.924 2.665 2.402 2.136 1.865 1.614 1.983 2.347 2.704 3.055 3.401 3.741 4.074 4.402 4.724 5.040 5.351 5.648 5.794 5.912 6.001 6.062 6.095 6.099 6.076 6.024 5.944 5.836
9.344 9.095 8.736 8.361 7.970 7.562 7.138 6.697 6.239 5.766 5.276 4.769 4.246 4.093 4.006 3.919 3.831 3.742 3.652 3.561 3.470 3.378 3.284 3.191 3.121 3.325 3.537 3.734 3.915 4.081 4.232 4.367 4.487 4.591 4.681 4.754 4.813 4.602 4.353 4.100 3.842 3.582 3.317 3.048 2.776 2.500 2.220 1.936 1.649 1.931 2.273 2.610 2.941 3.267 3.586 3.899 4.207 4.508 4.804 5.094 5.378 5.445 5.464 5.455 5.418 5.353 5.260 5.138 4.988 4.810 4.604
9.813 9.605 9.188 8.756 8.306 7.840 7.358 6.860 6.344 5.813 5.265 4.700 4.119 3.879 3.790 3.700 3.609 3.574 3.656 3.731 3.797 3.854 3.903 3.944 3.976 4.107 4.265 4.408 4.536 4.648 4.745 4.826 4.892 4.943 4.979 4.999 5.004 4.811 4.548 4.281 4.011 3.737 3.458 3.177 2.891 2.601 2.308 2.011 1.710 1.884 2.206 2.523 2.833 3.138 3.437 3.730 4.017 4.298 4.574 4.843 5.107 5.124 5.045 4.938 4.803 4.639 4.448 4.228 3.980 3.704 3.400
10.286 10.133 9.658 9.168 8.660 8.137 7.597 7.040 6.467 5.878 5.373 4.957 4.509 4.348 4.434 4.513 4.583 4.645 4.698 4.742 4.779 4.806 4.826 4.837 4.839 4.904 5.009 5.098 5.172 5.230 5.273 5.301 5.313 5.310 5.292 5.259 5.210 5.023 4.747 4.467 4.183 3.895 3.604 3.309 3.009 2.707 2.400 2.089 1.775 1.842 2.144 2.441 2.731 3.015 3.294 3.567 3.833 4.094 4.350 4.599 4.842 4.830 4.653 4.448 4.215 3.954 3.664 3.346 3.001 2.627 2.225
10.763 10.678 10.146 9.766 9.459 9.120 8.750 8.348 7.916 7.451 6.956 6.429 5.871 5.545 5.602 5.651 5.691 5.723 5.746 5.761 5.768 5.766 5.756 5.737 5.710 5.716 5.767 5.802 5.823 5.827 5.817 5.791 5.750 5.693 5.621 5.534 5.431 5.239 4.949 4.656 4.359 4.058 3.753 3.444 3.132 2.815 2.495 2.172 1.844 1.807 2.089 2.365 2.634 2.899 3.157 3.409 3.656 3.896 4.131 4.360 4.583 4.564 4.290 3.986 3.655 3.296 2.909 2.493 2.161 1.980 1.775
12.583 12.894 12.539 12.152 11.734 11.285 10.805 10.293 9.750 9.176 8.570 7.933 7.265 6.750 6.777 6.796 6.807 6.809 6.803 6.788 6.765 6.733 6.693 6.645 6.588 6.543 6.540 6.522 6.489 6.440 6.375 6.296 6.201 6.091 5.965 5.824 5.668 5.459 5.156 4.849 4.538 4.224 3.906 3.584 3.258 2.928 2.595 2.258 1.917 1.777 2.039 2.294 2.544 2.788 3.026 3.258 3.484 3.704 3.919 4.127 4.330 4.458 4.360 4.239 4.094 3.925 3.732 3.515 3.275 3.011 2.723
15.052 15.531 15.066 14.570 14.042 13.482 12.892 12.270 11.617 10.932 10.217 9.470 8.691 7.962 7.960 7.949 7.930 7.903 7.867 7.822 7.769 7.708 7.638 7.560 7.474 7.386 7.329 7.257 7.170 7.067 6.949 6.816 6.668 6.504 6.325 6.130 5.921 5.682 5.366 5.045 4.721 4.394 4.062 3.727 3.388 3.045 2.698 2.347 1.993 1.754 1.995 2.230 2.459 2.683 3.076 3.582 4.072 4.549 5.010 5.457 5.890 6.175 5.994 5.789 5.561 5.309 5.034 4.734 4.411 4.064 3.693
