DATA/SHG/ECMWF/20170628/EN-38/20170701.en-38.asc
ncols        190
nrows        64
xllcorner    -5100000.000000000000
yllcorner    4130000.000000000000
cellsize     10000.000000000000
NODATA_value  -99999.000
[rows 32 to 63 of 64, columns 72 to 143 of 190]
6.291 6.680 6.573 6.453 6.322 6.179 6.023 5.856 5.676 5.485 5.281 5.065 4.837 4.679 4.919 5.150 5.372 5.585 5.789 5.985 6.171 6.349 6.514 6.668 6.816 6.995 7.314 7.648 7.996 8.360 8.738 9.131 9.539 9.962 10.399 10.851 11.318 11.643 11.664 11.665 11.648 11.612 11.556 11.482 11.388 11.488 12.172 12.835 13.479 14.481 15.819 17.042 18.150 19.142 20.019 20.780 21.426 21.957 22.372 22.672 22.856 23.071 23.324 23.530 23.688 23.798 23.860 23.874 23.840 23.758 23.628 23.450
7.236 7.767 7.620 7.459 7.286 7.100 6.903 6.693 6.471 6.238 5.992 5.734 5.464 5.201 5.410 5.610 5.801 5.983 6.157 6.321 6.477 6.623 6.757 6.880 6.996 7.133 7.517 7.917 8.331 8.760 9.204 9.663 10.136 10.625 11.128 11.645 12.372 13.597 14.351 15.085 15.800 16.494 17.168 17.822 18.456 19.071 19.665 20.239 20.793 21.461 22.288 23.001 23.598 24.079 24.445 24.696 24.832 24.852 24.757 24.546 24.220 24.041 24.083 24.077 24.023 23.921 23.771 23.573 23.327 23.034 22.692 22.303
8.161 8.761 8.678 8.475 8.259 8.032 7.792 7.540 7.277 7.001 6.713 6.413 6.102 5.778 5.908 6.077 6.238 6.389 6.531 6.665 6.790 6.905 7.008 7.100 7.185 7.263 7.704 8.385 9.871 11.328 12.757 14.158 15.530 16.873 18.188 19.475 20.733 21.905 22.570 23.215 23.840 24.445 25.030 25.594 26.139 26.665 27.170 27.655 28.120 28.554 28.871 29.073 29.159 29.130 28.986 28.727 28.353 27.863 27.258 26.537 25.702 25.059 24.889 24.672 24.406 24.092 23.731 23.321 22.864 22.359 21.806 21.205
9.066 9.734 9.746 9.500 9.243 8.973 8.692 8.398 8.092 7.775 7.445 7.103 6.749 6.383 6.414 6.552 6.682 6.802 6.914 7.593 9.115 10.602 11.900 13.015 14.102 15.163 16.522 17.909 19.268 20.599 21.901 23.174 24.419 25.635 26.823 27.983 29.114 30.216 30.800 31.355 31.891 32.407 32.903 33.378 33.834 34.270 34.686 35.082 35.458 35.759 35.566 35.258 34.834 34.296 33.642 32.873 31.988 30.989 29.874 28.645 27.299 26.125 25.744 25.314 24.837 24.312 23.739 23.118 22.449 21.733 20.968 20.156
9.950 10.688 10.824 10.536 10.236 9.925 9.601 9.266 8.918 8.558 8.187 7.803 8.046 9.165 10.637 12.210 13.748 15.252 16.722 18.158 19.560 20.928 22.106 23.100 24.067 25.007 26.193 27.453 28.685 29.889 31.064 32.210 33.328 34.418 35.479 36.511 37.515 38.491 39.041 39.507 39.954 40.381 40.787 41.174 41.541 41.888 42.215 42.522 42.809 43.076 42.375 41.557 40.623 39.575 38.412 37.133 35.740 34.231 32.607 30.868 29.014 27.239 26.646 26.005 25.316 24.580 23.796 22.963 22.083 21.155 20.180 19.156
10.815 11.621 11.911 11.582 11.240 11.267 11.767 12.442 13.291 14.316 15.515 16.888 18.436 20.159 21.817 23.270 24.688 26.073 27.423 28.740 30.022 31.271 32.329 33.202 34.049 34.869 35.884 37.017 38.122 39.199 40.247 41.266 42.257 43.220 44.154 45.060 45.937 46.786 47.294 47.671 48.028 48.366 48.684 48.981 49.259 49.517 49.755 49.973 50.171 50.349 49.296 47.969 46.526 44.968 43.296 41.508 39.605 37.588 35.455 33.207 30.844 28.400 27.596 26.744 25.844 24.896 23.900 22.857 21.766 20.627 19.440 18.205
12.595 13.915 14.988 15.569 16.325 17.255 18.360 19.639 21.093 22.721 24.524 26.501 28.653 30.979 33.014 34.347 35.646 36.911 38.142 39.339 40.502 41.631 42.569 43.323 44.049 44.749 45.594 46.601 47.579 48.528 49.450 50.342 51.207 52.043 52.850 53.629 54.379 55.101 55.557 55.846 56.114 56.363 56.591 56.800 56.989 57.158 57.307 57.436 57.545 57.634 56.330 54.494 52.542 50.476 48.294 45.998 43.586 41.060 38.419 35.662 32.791 29.805 28.594 27.530 26.419 25.260 24.054 22.799 21.497 20.147 18.749 17.304
15.935 17.487 18.993 20.179 21.539 23.073 24.782 26.665 28.722 30.954 33.361 35.941 38.696 41.626 44.227 45.441 46.621 47.766 48.878 49.956 51.000 52.009 52.828 53.461 54.067 54.647 55.324 56.204 57.055 57.878 58.673 59.439 60.176 60.885 61.566 62.218 62.842 63.438 63.833 64.032 64.212 64.371 64.511 64.631 64.731 64.811 64.871 64.911 64.931 64.932 63.477 61.132 58.672 56.097 53.407 50.602 47.682 44.647 41.498 38.233 34.854 31.359 29.639 28.365 27.043 25.673 24.177 22.496 20.843 19.218 17.621 16.053
19.206 20.991 22.830 24.619 26.583 28.721 31.033 33.520 36.181 39.016 42.025 45.209 48.567 52.099 55.458 56.552 57.612 58.639 59.631 60.590 61.514 62.405 63.104 63.617 64.103 64.562 65.074 65.827 66.552 67.248 67.916 68.555 69.166 69.749 70.303 70.828 71.326 71.795 72.119 72.230 72.321 72.391 72.442 72.473 72.484 72.476 72.447 72.398 72.330 72.242 70.737 67.884 64.915 61.832 58.633 55.320 51.892 48.172 43.822 39.516 35.253 31.034 28.532 26.862 25.220 23.607 22.021 20.464 18.935 17.435 15.962 14.518
22.410 24.427 26.510 28.891 31.458 34.199 37.115 40.204 43.468 46.906 50.518 54.305 58.265 62.400 66.705 67.680 68.621 69.528 70.402 71.241 72.047 72.818 73.397 73.790 74.157 74.496 74.843 75.470 76.068 76.637 77.179 77.692 78.176 78.632 79.060 79.459 79.830 80.172 80.418 80.439 80.441 80.423 80.385 80.327 80.250 80.152 80.035 79.897 79.504 77.921 75.187 70.723 66.303 61.926 57.593 53.304 49.059 44.857 40.699 36.584 32.513 28.486 25.854 24.308 22.790 21.301 19.840 18.407 17.003 15.626 14.278 12.958
25.546 27.795 30.111 32.993 36.163 39.508 43.026 46.718 50.585 54.625 58.840 63.228 67.791 72.528 77.438 78.825 79.647 80.435 81.190 81.910 82.596 83.249 83.709 83.982 84.228 84.448 84.640 85.132 85.604 86.047 86.462 86.848 87.206 87.536 87.837 88.110 88.354 88.571 88.727 88.464 86.528 84.670 82.889 81.185 79.557 78.006 76.533 75.136 73.816 72.573 70.489 66.217 61.989 57.804 53.663 49.565 45.512 41.501 37.535 33.612 29.732 25.897 23.150 21.729 20.335 18.970 17.633 16.324 15.044 13.792 12.567 11.371
28.615 31.096 33.643 36.927 40.700 44.647 48.767 53.062 57.531 62.173 66.990 71.980 77.145 82.483 87.995 89.988 90.691 91.360 91.995 92.596 93.164 93.697 94.038 94.191 94.318 94.417 94.490 94.815 95.160 95.477 95.661 93.871 92.081 90.289 88.497 86.703 84.909 83.113 81.318 79.645 78.050 76.531 75.090 73.725 72.437 71.226 70.091 69.034 68.053 67.149 65.752 61.672 57.635 53.642 49.693 45.787 41.924 38.106 34.330 30.599 26.911 23.267 20.421 19.124 17.855 16.614 15.401 14.216 13.059 11.931 10.831 9.759
31.617 34.329 37.108 40.692 45.067 49.616 54.339 59.236 64.306 69.551 74.969 80.561 86.326 92.266 98.379 101.167 101.751 102.302 102.818 103.300 103.749 104.164 102.136 99.987 97.871 95.788 93.738 91.883 90.093 88.301 86.509 84.716 82.922 81.127 79.330 77.533 75.735 73.936 72.135 70.755 69.499 68.320 67.218 66.192 65.243 64.371 63.576 62.858 62.216 61.652 60.976 57.087 53.242 49.440 45.682 41.968 38.297 34.670 31.086 27.546 24.049 20.596 17.667 16.494 15.349 14.232 13.143 12.082 11.049 10.045 9.069 8.121
34.551 37.495 40.506 44.289 49.266 54.417 59.742 65.240 70.912 76.757 82.776 88.969 95.336 101.877 108.591 109.445 106.864 104.325 101.828 99.372 96.957 94.584 92.399 90.396 88.426 86.488 84.584 82.755 80.961 79.166 77.371 75.574 73.776 71.977 70.177 68.376 66.574 64.771 62.967 61.792 60.876 60.036 59.273 58.586 57.977 57.444 56.987 56.608 56.305 56.080 55.930 52.463 48.809 45.199 41.632 38.109 34.630 31.193 27.801 24.452 21.146 17.885 14.888 13.838 12.817 11.824 10.859 9.922 9.014 8.133 7.281 6.457
37.418 40.593 43.835 47.718 53.297 59.049 64.975 71.074 75.350 79.434 83.361 87.131 90.744 94.199 97.497 98.671 96.235 93.841 91.488 89.176 86.906 84.677 82.638 80.780 78.955 77.163 75.404 73.640 71.843 70.044 68.244 66.443 64.642 62.839 61.035 59.230 57.425 55.618 53.810 52.757 52.180 51.679 51.255 50.907 50.636 50.442 50.325 50.284 50.320 50.433 50.623 47.800 44.337 40.918 37.543 34.211 30.922 27.677 24.476 21.318 18.203 15.133 12.105 11.158 10.260 9.391 8.550 7.737 6.952 6.196 5.467 4.767
40.188 42.579 44.878 47.389 51.719 55.891 59.906 63.763 67.464 71.007 74.393 77.621 80.693 83.607 86.364 87.874 85.582 83.332 81.123 78.956 76.830 74.746 72.851 71.139 69.459 67.813 66.199 64.538 62.736 60.934 59.130 57.326 55.520 53.714 51.906 50.098 48.288 46.478 44.666 43.650 43.411 43.249 43.164 43.155 43.223 43.368 43.589 43.887 44.261 44.712 45.240 43.097 39.825 36.597 33.413 30.272 27.174 24.121 21.110 18.143 15.220 12.340 9.503 8.452 7.678 6.933 6.216 5.526 4.865 4.232 3.627 3.051
36.417 38.490 40.470 42.363 46.151 49.782 53.256 56.572 59.731 62.734 65.579 68.267 70.797 73.171 75.388 77.052 74.905 72.799 70.734 68.711 66.729 64.789 63.039 61.472 59.938 58.437 56.969 55.447 53.642 51.836 50.028 48.220 46.411 44.601 42.789 40.977 39.164 37.350 35.534 34.471 34.571 34.747 35.000 35.330 35.736 36.219 36.779 37.415 38.128 38.917 39.783 38.354 35.274 32.237 29.243 26.293 23.387 20.524 17.704 14.928 12.196 9.507 6.861 5.721 5.071 4.449 3.855 3.290 2.753 2.243 1.843 1.643
32.738 34.492 36.154 37.724 40.736 43.826 46.759 49.534 52.153 54.614 56.919 59.067 61.057 62.891 64.567 66.086 64.202 62.241 60.320 58.441 56.604 54.808 53.202 51.781 50.392 49.036 47.713 46.369 44.560 42.750 40.939 39.127 37.314 35.500 33.685 31.869 30.052 28.234 26.415 25.219 25.657 26.172 26.764 27.432 28.176 28.998 29.895 30.870 31.920 33.048 34.252 33.572 30.683 27.837 25.034 22.275 19.559 16.887 14.258 11.673 9.131 6.712 4.625 3.750 3.541 3.336 3.134 2.935 2.740 2.549 2.361 2.176
29.150 30.586 31.930 33.181 35.474 38.023 40.415 42.650 44.728 46.649 48.414 50.021 51.472 52.765 53.902 54.882 53.476 51.658 49.882 48.147 46.453 44.801 43.340 42.064 40.820 39.610 38.432 37.287 35.490 33.677 31.862 30.046 28.229 26.411 24.593 22.773 20.952 19.130 17.307 15.895 16.672 17.525 18.454 19.461 20.543 21.702 22.938 24.250 25.639 27.104 28.646 28.751 26.114 23.998 21.887 19.783 17.685 15.593 13.507 11.427 9.354 7.286 5.225 4.158 3.964 3.774 3.587 3.404 3.224 3.048 2.875 2.705
25.652 26.770 27.796 28.730 30.363 32.372 34.224 35.919 37.457 38.838 40.063 41.130 42.041 42.795 43.392 43.833 42.724 41.051 39.418 37.827 36.278 34.769 33.453 32.322 31.224 30.158 29.125 28.125 26.433 24.615 22.797 20.977 19.156 17.335 15.512 13.689 11.864 10.039 8.212 6.499 7.614 8.805 10.072 11.438 13.721 15.998 18.269 20.533 22.792 25.044 27.290 28.540 26.443 24.353 22.269 20.191 18.120 16.054 13.995 11.942 9.895 7.854 5.820 4.561 4.383 4.207 4.036 3.868 3.703 3.542 3.384 3.230
22.246 23.046 23.754 24.370 25.405 26.873 28.185 29.340 30.339 31.180 31.865 32.394 32.765 32.980 33.038 32.939 31.948 30.419 28.930 27.483 26.077 24.713 23.541 22.555 21.601 20.681 19.793 18.937 17.387 15.566 13.744 11.920 10.096 8.270 6.444 5.578 4.793 4.033 3.296 2.583 4.620 6.895 9.164 11.427 13.683 15.934 18.178 20.416 22.649 24.875 27.095 28.835 26.766 24.702 22.644 20.593 18.548 16.509 14.476 12.450 10.430 8.415 6.407 4.961 4.797 4.637 4.481 4.328 4.179 4.033 3.890 3.751
18.930 19.413 19.804 20.102 20.598 21.527 22.299 22.915 23.374 23.676 23.822 23.811 23.643 23.319 22.838 22.201 21.148 19.762 18.417 17.114 15.852 14.631 13.603 12.762 11.953 11.178 11.259 11.462 11.020 10.174 9.351 8.553 7.778 7.026 6.299 5.595 4.915 4.259 3.627 3.018 4.693 6.942 9.185 11.421 13.651 15.876 18.094 20.306 22.512 24.711 26.905 29.093 27.082 25.044 23.013 20.989 18.970 16.958 14.952 12.951 10.958 8.970 6.988 5.356 5.208 5.063 4.922 4.784 4.650 4.519 4.392 4.268
15.705 15.870 15.944 15.925 15.943 16.333 16.566 16.642 16.562 16.325 15.932 15.382 14.676 13.813 12.794 11.618 10.323 9.080 8.829 9.061 9.278 9.482 9.682 9.881 10.069 10.246 10.412 10.566 10.282 9.540 8.822 8.127 7.457 6.810 6.187 5.587 5.012 4.460 3.932 3.427 4.772 6.995 9.211 11.421 13.626 15.824 18.015 20.201 22.381 24.554 26.722 28.883 27.391 25.380 23.376 21.378 19.386 17.400 15.420 13.447 11.479 9.518 7.563 5.748 5.615 5.485 5.359 5.236 5.117 5.002 4.889 4.781
12.570 12.419 12.175 11.839 11.440 11.290 10.984 10.522 9.903 9.127 8.196 7.877 7.886 7.896 7.907 7.918 7.969 8.180 8.378 8.562 8.732 8.888 9.040 9.191 9.331 9.459 9.577 9.684 9.518 8.881 8.267 7.677 7.110 6.568 6.049 5.553 5.082 4.634 4.210 3.810 4.858 7.054 9.244 11.428 13.606 15.778 17.943 20.103 22.256 24.404 26.545 28.680 27.694 25.710 23.732 21.760 19.795 17.835 15.882 13.935 11.994 10.059 8.131 6.209 6.017 5.903 5.792 5.685 5.581 5.480 5.383 5.290
9.526 9.057 8.497 7.844 7.502 7.497 7.505 7.513 7.522 7.532 7.542 7.553 7.564 7.576 7.589 7.602 7.625 7.789 7.939 8.076 8.198 8.307 8.411 8.514 8.606 8.686 8.756 8.815 8.729 8.196 7.686 7.200 6.738 6.300 5.885 5.494 5.126 4.783 4.463 4.167 4.949 7.119 9.283 11.441 13.592 15.738 17.877 20.011 22.138 24.259 26.374 28.483 27.991 26.033 24.082 22.137 20.197 18.264 16.338 14.417 12.503 10.594 8.692 6.796 6.416 6.317 6.221 6.129 6.040 5.955 5.873 5.794
7.977 7.781 7.586 7.389 7.191 7.160 7.170 7.181 7.192 7.204 7.216 7.229 7.242 7.256 7.271 7.286 7.302 7.411 7.514 7.602 7.677 7.739 7.795 7.850 7.894 7.926 7.948 7.959 7.915 7.485 7.080 6.698 6.340 6.006 5.695 5.408 5.145 4.906 4.690 4.498 5.046 7.190 9.328 11.459 13.585 15.704 17.817 19.925 22.026 24.121 26.209 28.292 28.281 26.350 24.425 22.506 20.594 18.687 16.787 14.893 13.005 11.123 9.247 7.378 6.811 6.727 6.646 6.569 6.495 6.425 6.358 6.295
7.679 7.481 7.282 7.082 6.881 6.823 6.836 6.848 6.861 6.875 6.890 6.905 6.920 6.936 6.953 6.970 6.988 7.046 7.101 7.142 7.170 7.183 7.193 7.199 7.195 7.179 7.153 7.116 7.068 6.750 6.448 6.171 5.917 5.686 5.480 5.297 5.138 5.002 4.891 4.803 5.150 7.267 9.379 11.484 13.583 15.677 17.764 19.845 21.920 23.988 26.051 28.108 28.565 26.660 24.762 22.870 20.983 19.103 17.229 15.362 13.500 11.645 9.795 7.952 7.202 7.133 7.047 6.924 6.828 6.759 6.718 6.705
7.383 7.182 6.980 6.777 6.573 6.487 6.501 6.515 6.531 6.547 6.563 6.580 6.598 6.616 6.635 6.654 6.674 6.694 6.701 6.695 6.675 6.641 6.603 6.561 6.509 6.446 6.372 6.286 6.190 5.989 5.791 5.618 5.468 5.341 5.239 5.160 5.105 5.073 5.065 5.081 5.259 7.350 9.436 11.515 13.588 15.655 17.716 19.771 21.820 23.862 25.899 27.929 28.843 26.964 25.092 23.226 21.367 19.485 17.452 15.454 13.490 11.562 9.669 7.812 6.859 6.801 6.771 6.768 6.793 6.845 6.925 7.032
7.088 6.884 6.679 6.473 6.266 6.150 6.166 6.183 6.200 6.218 6.236 6.256 6.275 6.296 6.316 6.338 6.360 6.354 6.315 6.261 6.194 6.112 6.026 5.937 5.836 5.725 5.603 5.470 5.326 5.202 5.109 5.039 4.993 4.971 4.972 4.997 5.046 5.118 5.214 5.334 5.478 7.440 9.499 11.552 13.599 15.640 17.674 19.703 21.721 23.508 25.253 26.959 28.004 25.948 23.928 21.943 19.993 18.078 16.198 14.353 12.543 10.768 9.028 7.324 6.313 6.376 6.466 6.584 6.730 6.903 7.104 7.332
6.795 6.587 6.379 6.170 5.960 5.812 5.831 5.850 5.869 5.889 5.910 5.931 5.953 5.975 5.998 6.021 6.045 6.028 5.941 5.840 5.725 5.596 5.462 5.325 5.177 5.018 4.848 4.667 4.475 4.390 4.401 4.435 4.493 4.574 4.680 4.809 4.961 5.137 5.337 5.561 5.742 7.363 9.256 11.109 12.921 14.693 16.424 18.114 19.765 21.374 22.943 24.472 25.796 23.894 22.027 20.195 18.398 16.636 14.909 13.218 11.561 9.939 8.353 6.801 5.740 5.923 6.134 6.373 6.639 6.933 7.255 7.604
6.502 6.292 6.081 5.869 5.656 5.475 5.495 5.516 5.538 5.560 5.583 5.606 5.630 5.654 5.679 5.705 5.731 5.714 5.580 5.431 5.269 5.093 4.912 4.726 4.530 4.323 4.105 3.876 3.637 3.553 3.667 3.848 4.039 4.225 4.408 4.586 4.759 4.929 5.094 5.255 5.412 6.689 8.405 10.081 11.716 13.311 14.865 16.379 17.853 19.286 20.678 22.030 23.342 21.805 20.091 18.413 16.769 15.160 13.587 12.048 10.544 9.076 7.642 6.244 5.139 5.443 5.775 6.135 6.522 6.936 7.378 7.848
6.211 5.997 5.783 5.568 5.352 5.137 5.160 5.183 5.206 5.231 5.255 5.281 5.307 5.333 5.360 5.388 5.416 5.414 5.232 5.036 4.826 4.603 4.394 4.205 4.023 3.848 3.680 3.518 3.364 3.332 3.513 3.689 3.862 4.030 4.193 4.353 4.508 4.659 4.806 4.949 5.087 6.058 7.597 9.096 10.555 11.973 13.351 14.688 15.985 17.242 18.458 19.633 20.768 19.683 18.122 16.596 15.106 13.650 12.230 10.844 9.493 8.178 6.897 5.652 4.511 4.936 5.388 5.868 6.376 6.911 7.474 8.064
