DATA/SHG/ECMWF/20170628/EN-38/20170707.en-38.asc
ncols        190
nrows        64
xllcorner    -5100000.000000000000
yllcorner    4130000.000000000000
cellsize     10000.000000000000
NODATA_value  -99999.000
[rows 0 to 32 of 64, columns 74 to 147 of 190]
8.840 9.198 9.573 9.967 10.378 10.806 11.253 11.660 11.918 12.145 12.353 12.542 12.712 12.863 12.995 13.108 13.202 13.276 13.332 13.351 13.300 13.239 13.161 13.065 12.952 12.822 12.675 12.510 12.328 12.129 11.912 11.598 11.025 10.466 9.922 9.393 8.879 8.380 7.896 7.427 6.973 6.534 6.110 5.700 5.299 4.902 4.509 4.122 3.739 3.361 2.987 2.619 2.254 1.895 1.540 1.247 1.126 1.011 0.900 0.795 0.694 0.599 0.508 0.423 0.343 0.268 0.198 0.152 0.163 0.175 0.189 0.204 0.221 0.239
8.953 9.383 9.820 10.260 10.704 11.151 11.601 12.008 12.187 12.348 12.489 12.612 12.715 12.799 12.864 12.910 12.937 12.945 12.934 12.895 12.768 12.629 12.474 12.301 12.111 11.904 11.679 11.437 11.178 10.902 10.609 10.275 9.769 9.277 8.800 8.338 7.891 7.459 7.041 6.639 6.252 5.879 5.522 5.173 4.792 4.416 4.045 3.678 3.316 2.959 2.606 2.258 1.915 1.576 1.242 0.944 0.846 0.753 0.665 0.583 0.505 0.432 0.364 0.302 0.244 0.192 0.144 0.111 0.128 0.147 0.167 0.189 0.212 0.237
9.190 9.636 10.084 10.536 10.992 11.450 11.912 12.361 12.474 12.568 12.642 12.698 12.735 12.752 12.751 12.730 12.691 12.632 12.555 12.458 12.255 12.040 11.807 11.557 11.290 11.006 10.704 10.385 10.049 9.696 9.326 8.938 8.498 8.073 7.663 7.268 6.888 6.522 6.172 5.836 5.515 5.209 4.918 4.641 4.282 3.926 3.576 3.230 2.889 2.552 2.221 1.893 1.571 1.253 0.940 0.637 0.562 0.491 0.426 0.366 0.310 0.260 0.215 0.175 0.140 0.110 0.086 0.078 0.128 0.184 0.246 0.316 0.392 0.474
9.428 9.885 10.346 10.809 11.276 11.746 12.220 12.697 12.777 12.804 12.813 12.802 12.772 12.723 12.655 12.568 12.461 12.336 12.192 12.029 11.763 11.471 11.161 10.834 10.490 10.129 9.750 9.354 8.941 8.511 8.064 7.599 7.214 6.855 6.512 6.183 5.870 5.571 5.287 5.018 4.764 4.524 4.300 4.091 3.767 3.433 3.103 2.778 2.457 2.142 1.831 1.524 1.223 0.926 0.633 0.346 0.272 0.224 0.212 0.226 0.238 0.247 0.252 0.255 0.254 0.250 0.243 0.233 0.306 0.391 0.483 0.582 0.687 0.799
9.663 10.131 10.603 11.079 11.557 12.039 12.524 13.012 13.098 13.058 13.000 12.922 12.826 12.710 12.576 12.422 12.250 12.058 11.848 11.618 11.292 10.922 10.535 10.131 9.710 9.272 8.817 8.344 7.854 7.347 6.823 6.281 5.915 5.623 5.346 5.084 4.837 4.605 4.387 4.185 3.997 3.825 3.667 3.524 3.248 2.935 2.626 2.321 2.022 1.764 1.542 1.325 1.114 0.909 0.709 0.516 0.485 0.492 0.496 0.497 0.494 0.489 0.481 0.469 0.455 0.437 0.417 0.393 0.477 0.592 0.714 0.842 0.976 1.117
9.894 10.374 10.857 11.344 11.834 12.328 12.824 13.324 13.436 13.330 13.205 13.061 12.898 12.716 12.515 12.295 12.056 11.798 11.521 11.225 10.840 10.394 9.930 9.449 8.951 8.436 7.904 7.354 6.788 6.204 5.603 4.985 4.601 4.376 4.166 3.970 3.790 3.624 3.473 3.337 3.269 3.239 3.211 3.182 3.022 2.797 2.577 2.363 2.155 1.952 1.755 1.564 1.378 1.198 1.023 0.854 0.799 0.792 0.782 0.769 0.754 0.734 0.712 0.687 0.659 0.628 0.593 0.556 0.642 0.786 0.937 1.094 1.258 1.428
10.121 10.613 11.108 11.606 12.108 12.613 13.121 13.633 13.790 13.618 13.426 13.216 12.986 12.738 12.471 12.184 11.879 11.554 11.211 10.849 10.409 9.885 9.345 8.787 8.213 7.621 7.012 6.385 5.742 5.081 4.403 3.801 3.513 3.481 3.450 3.419 3.390 3.360 3.332 3.304 3.277 3.251 3.225 3.200 3.079 2.878 2.684 2.495 2.312 2.134 1.962 1.796 1.635 1.480 1.330 1.187 1.116 1.095 1.072 1.045 1.015 0.983 0.947 0.908 0.866 0.821 0.772 0.721 0.800 0.973 1.153 1.340 1.533 1.733
10.345 10.848 11.355 11.865 12.378 12.895 13.414 13.937 14.162 13.923 13.665 13.388 13.092 12.778 12.444 12.091 11.719 11.329 10.919 10.491 9.998 9.397 8.796 8.207 7.627 7.055 6.493 5.941 5.397 4.862 4.337 3.820 3.496 3.467 3.439 3.411 3.385 3.358 3.333 3.308 3.284 3.261 3.238 3.216 3.129 2.954 2.784 2.620 2.462 2.310 2.163 2.021 1.886 1.756 1.631 1.513 1.436 1.401 1.364 1.324 1.280 1.233 1.184 1.131 1.075 1.016 0.954 0.889 0.951 1.154 1.363 1.579 1.801 2.030
10.565 11.080 11.598 12.120 12.645 13.173 13.704 14.238 14.551 14.245 13.921 13.578 13.216 12.835 12.411 11.901 11.408 10.930 10.469 10.024 9.565 8.998 8.440 7.891 7.351 6.821 6.300 5.787 5.284 4.790 4.305 3.829 3.478 3.452 3.427 3.403 3.379 3.356 3.334 3.312 3.291 3.271 3.251 3.232 3.173 3.023 2.879 2.740 2.607 2.479 2.357 2.241 2.131 2.026 1.926 1.833 1.758 1.710 1.659 1.605 1.548 1.487 1.424 1.357 1.288 1.215 1.139 1.061 1.095 1.327 1.566 1.811 2.062 2.320
10.782 11.308 11.838 12.371 12.908 13.447 13.990 14.467 14.666 14.115 13.581 13.063 12.561 12.075 11.606 11.152 10.715 10.294 9.890 9.501 9.117 8.591 8.074 7.566 7.067 6.577 6.096 5.624 5.162 4.708 4.264 3.829 3.459 3.436 3.414 3.393 3.372 3.352 3.333 3.315 3.297 3.280 3.263 3.247 3.211 3.086 2.967 2.853 2.745 2.643 2.546 2.455 2.369 2.289 2.215 2.146 2.083 2.022 1.957 1.889 1.818 1.744 1.667 1.586 1.503 1.417 1.327 1.235 1.233 1.494 1.761 2.036 2.316 2.604
10.930 11.307 11.668 12.015 12.346 12.661 12.962 13.247 13.507 13.013 12.535 12.074 11.628 11.199 10.786 10.390 10.009 9.645 9.297 8.965 8.656 8.175 7.698 7.230 6.772 6.323 5.882 5.451 5.029 4.616 4.213 3.818 3.440 3.420 3.401 3.383 3.365 3.348 3.332 3.317 3.302 3.288 3.274 3.262 3.244 3.144 3.049 2.961 2.878 2.800 2.728 2.662 2.601 2.547 2.497 2.454 2.411 2.336 2.257 2.175 2.091 2.003 1.912 1.818 1.721 1.621 1.518 1.412 1.363 1.654 1.950 2.254 2.564 2.880
10.097 10.421 10.729 11.022 11.300 11.563 11.810 12.042 12.259 11.898 11.476 11.072 10.683 10.310 9.954 9.614 9.290 8.982 8.690 8.414 8.162 7.749 7.313 6.886 6.468 6.059 5.659 5.269 4.887 4.515 4.151 3.797 3.452 3.403 3.387 3.372 3.357 3.344 3.330 3.318 3.306 3.295 3.285 3.275 3.266 3.195 3.126 3.062 3.004 2.951 2.905 2.863 2.828 2.798 2.773 2.755 2.742 2.653 2.560 2.465 2.367 2.265 2.160 2.053 1.942 1.828 1.711 1.630 1.626 2.057 2.507 2.978 3.468 3.978
9.279 9.550 9.805 10.045 10.270 10.480 10.674 10.853 11.016 10.769 10.404 10.056 9.724 9.408 9.108 8.824 8.556 8.305 8.070 7.851 7.655 7.313 6.918 6.531 6.154 5.786 5.426 5.076 4.735 4.403 4.081 3.767 3.462 3.385 3.372 3.360 3.349 3.338 3.328 3.319 3.310 3.302 3.295 3.288 3.282 3.240 3.196 3.157 3.124 3.096 3.075 3.058 3.048 3.043 3.043 3.050 3.061 2.972 2.849 2.723 2.620 2.540 2.482 2.447 2.435 2.446 2.479 2.536 2.615 3.105 3.644 4.203 4.782 5.381
8.477 8.695 8.897 9.084 9.256 9.412 9.553 9.679 9.790 9.627 9.319 9.027 8.751 8.492 8.248 8.021 7.810 7.615 7.436 7.273 7.135 6.868 6.513 6.167 5.830 5.503 5.184 4.874 4.574 4.282 4.000 3.726 3.462 3.367 3.357 3.348 3.339 3.332 3.325 3.318 3.313 3.308 3.304 3.300 3.297 3.279 3.260 3.246 3.238 3.244 3.248 3.237 3.210 3.167 3.108 3.034 2.944 2.869 2.821 2.796 2.794 2.815 2.859 2.925 3.014 3.126 3.260 3.418 3.598 4.133 4.760 5.408 6.075 6.762
7.691 7.855 8.004 8.138 8.257 8.360 8.448 8.521 8.579 8.472 8.220 7.985 7.766 7.562 7.375 7.204 7.050 6.911 6.789 6.682 6.600 6.414 6.099 5.794 5.497 5.210 4.932 4.662 4.402 4.151 3.909 3.676 3.452 3.347 3.341 3.335 3.329 3.325 3.321 3.317 3.346 3.409 3.474 3.542 3.613 3.648 3.645 3.627 3.593 3.543 3.477 3.396 3.298 3.186 3.057 2.913 2.753 2.716 2.770 2.846 2.945 3.067 3.211 3.379 3.569 3.782 4.017 4.275 4.557 5.139 5.855 6.590 7.346 8.122
6.919 7.031 7.127 7.208 7.273 7.324 7.359 7.379 7.384 7.304 7.109 6.930 6.767 6.620 6.489 6.375 6.276 6.194 6.128 6.077 6.052 5.950 5.676 5.411 5.155 4.908 4.670 4.441 4.221 4.010 3.809 3.644 3.515 3.466 3.521 3.579 3.639 3.703 3.769 3.838 3.911 3.985 4.063 4.144 4.227 4.243 4.171 4.082 3.978 3.858 3.722 3.571 3.404 3.221 3.022 2.808 2.578 2.540 2.695 2.872 3.072 3.295 3.541 3.809 4.100 4.414 4.750 5.109 5.491 6.123 6.928 7.752 8.596 9.460
6.163 6.222 6.265 6.293 6.306 6.303 6.286 6.253 6.205 6.123 5.984 5.861 5.754 5.664 5.590 5.531 5.489 5.463 5.453 5.459 5.490 5.476 5.266 5.085 4.915 4.757 4.610 4.474 4.350 4.237 4.136 4.046 3.967 3.937 4.005 4.076 4.149 4.225 4.304 4.386 4.471 4.558 4.649 4.742 4.838 4.854 4.712 4.553 4.379 4.189 3.983 3.762 3.525 3.272 3.004 2.720 2.420 2.341 2.597 2.875 3.176 3.500 3.846 4.216 4.608 5.022 5.460 5.920 6.402 7.087 7.979 8.892 9.824 10.776
5.422 5.428 5.418 5.393 5.353 5.298 5.227 5.142 5.041 4.928 4.846 4.779 4.729 4.695 4.683 4.765 4.851 4.943 5.039 5.141 5.251 5.341 5.199 5.068 4.949 4.842 4.745 4.660 4.587 4.525 4.474 4.435 4.407 4.405 4.486 4.569 4.655 4.744 4.835 4.930 5.027 5.127 5.230 5.336 5.445 5.481 5.268 5.040 4.796 4.536 4.261 3.969 3.663 3.340 3.002 2.648 2.278 2.119 2.475 2.855 3.257 3.681 4.129 4.599 5.091 5.607 6.145 6.706 7.289 8.029 9.010 10.010 11.031 12.071
4.697 4.649 4.587 4.509 4.416 4.308 4.185 4.064 4.021 3.979 4.050 4.129 4.213 4.302 4.396 4.495 4.599 4.709 4.823 4.942 5.070 5.204 5.119 5.039 4.971 4.913 4.868 4.834 4.811 4.799 4.799 4.810 4.833 4.869 4.962 5.058 5.157 5.258 5.362 5.470 5.580 5.692 5.808 5.927 6.048 6.124 5.841 5.543 5.229 4.899 4.554 4.193 3.817 3.424 3.016 2.592 2.153 1.874 2.331 2.811 3.314 3.839 4.387 4.958 5.552 6.168 6.807 7.468 8.152 8.950 10.019 11.108 12.216 13.345
4.000 3.958 3.915 3.873 3.830 3.788 3.745 3.702 3.660 3.617 3.688 3.785 3.886 3.993 4.105 4.222 4.343 4.470 4.602 4.739 4.884 5.037 5.026 4.997 4.979 4.973 4.978 4.994 5.022 5.061 5.111 5.173 5.246 5.331 5.435 5.544 5.655 5.769 5.886 6.006 6.128 6.254 6.382 6.513 6.647 6.782 6.430 6.062 5.678 5.279 4.864 4.433 3.987 3.525 3.047 2.553 2.044 1.605 2.163 2.744 3.348 3.974 4.623 5.294 5.988 6.705 7.444 8.206 8.991 9.850 11.007 12.184 13.380 14.597
3.640 3.598 3.555 3.513 3.470 3.427 3.384 3.341 3.298 3.255 3.322 3.436 3.556 3.680 3.809 3.944 4.083 4.228 4.377 4.532 4.695 4.865 4.921 4.942 4.975 5.019 5.075 5.142 5.220 5.309 5.410 5.523 5.647 5.782 5.905 6.026 6.149 6.276 6.406 6.538 6.673 6.811 6.952 7.096 7.242 7.392 7.035 6.597 6.143 5.674 5.189 4.689 4.173 3.641 3.094 2.531 1.952 1.358 1.973 2.654 3.358 4.085 4.835 5.607 6.401 7.219 8.059 8.921 9.878 10.969 12.286 13.544 14.742 15.880
3.281 3.239 3.196 3.153 3.110 3.067 3.024 2.981 2.938 2.894 2.952 3.084 3.221 3.363 3.510 3.662 3.819 3.981 4.148 4.320 4.501 4.689 4.803 4.875 4.958 5.053 5.159 5.276 5.405 5.545 5.697 5.860 6.034 6.219 6.370 6.504 6.640 6.779 6.921 7.066 7.214 7.365 7.518 7.675 7.834 7.996 7.655 7.148 6.624 6.086 5.531 4.961 4.375 3.774 3.157 2.524 1.876 1.212 1.759 2.603 3.564 4.551 5.563 6.602 7.666 8.756 9.873 11.015 12.183 13.377 14.438 15.431 16.365 17.239
2.923 2.880 2.837 2.794 2.751 2.708 2.664 2.621 2.578 2.534 2.578 2.727 2.882 3.041 3.206 3.375 3.550 3.730 3.914 4.104 4.302 4.508 4.672 4.794 4.928 5.074 5.230 5.398 5.577 5.768 5.970 6.183 6.408 6.644 6.832 6.978 7.127 7.279 7.434 7.591 7.751 7.915 8.081 8.250 8.421 8.596 8.291 7.714 7.121 6.513 5.890 5.281 4.697 4.138 3.605 3.096 2.613 2.155 2.794 3.844 4.920 6.021 7.149 8.302 9.482 10.687 11.918 13.176 14.459 15.768 16.647 17.375 18.044 18.654
2.565 2.522 2.479 2.436 2.392 2.349 2.305 2.262 2.218 2.174 2.199 2.366 2.538 2.715 2.898 3.085 3.277 3.474 3.677 3.884 4.100 4.323 4.529 4.702 4.886 5.082 5.289 5.507 5.737 5.978 6.230 6.494 6.769 7.056 7.290 7.448 7.610 7.775 7.942 8.112 8.285 8.427 8.516 8.606 8.698 8.790 8.505 7.907 7.334 6.786 6.263 5.765 5.292 4.845 4.422 4.025 3.652 3.305 3.891 5.056 6.247 7.464 8.706 9.974 11.269 12.589 13.935 15.307 16.705 18.129 18.911 19.376 19.781 20.126
2.208 2.165 2.121 2.078 2.034 1.991 1.947 1.903 1.859 1.815 1.817 2.001 2.191 2.386 2.585 2.790 3.000 3.215 3.435 3.659 3.893 4.134 4.373 4.596 4.831 5.077 5.335 5.603 5.883 6.175 6.478 6.792 7.092 7.350 7.551 7.638 7.726 7.815 7.904 7.995 8.087 8.179 8.273 8.367 8.462 8.559 8.407 7.920 7.458 7.021 6.609 6.222 5.860 5.524 5.212 4.926 4.664 4.428 4.960 6.240 7.546 8.877 10.235 11.618 13.027 14.462 15.923 17.410 18.923 20.461 21.232 21.432 21.573 21.655
1.851 1.808 1.764 1.720 1.677 1.633 1.589 1.545 1.501 1.457 1.430 1.632 1.839 2.052 2.269 2.491 2.719 2.951 3.188 3.431 3.682 3.941 4.204 4.481 4.763 5.040 5.312 5.578 5.840 6.096 6.347 6.593 6.834 7.070 7.274 7.365 7.457 7.550 7.644 7.739 7.834 7.931 8.028 8.127 8.226 8.327 8.282 7.906 7.555 7.229 6.928 6.652 6.402 6.176 5.976 5.800 5.650 5.524 6.001 7.396 8.816 10.263 11.735 13.233 14.757 16.307 17.882 19.484 21.111 22.764 23.608 23.545 23.422 23.240
1.495 1.452 1.408 1.364 1.320 1.276 1.231 1.187 1.143 1.098 1.054 1.259 1.484 1.713 1.948 2.194 2.478 2.761 3.043 3.325 3.606 3.887 4.168 4.433 4.692 4.946 5.196 5.440 5.678 5.912 6.141 6.364 6.583 6.796 6.996 7.091 7.187 7.284 7.382 7.481 7.581 7.682 7.784 7.886 7.990 8.094 8.131 7.866 7.626 7.411 7.221 7.056 6.916 6.802 6.712 6.647 6.608 6.593 7.014 8.523 10.058 11.619 13.206 14.819 16.458 18.122 19.813 21.529 23.271 25.039 26.041 25.714 25.328 24.882
1.140 1.096 1.052 1.007 0.963 0.919 0.875 0.830 0.797 0.808 0.821 1.056 1.340 1.624 1.907 2.189 2.470 2.750 3.030 3.308 3.587 3.866 4.144 4.391 4.627 4.859 5.085 5.307 5.523 5.734 5.940 6.141 6.337 6.528 6.713 6.817 6.917 7.018 7.120 7.223 7.327 7.432 7.538 7.645 7.752 7.861 7.954 7.800 7.670 7.566 7.487 7.433 7.404 7.400 7.421 7.468 7.539 7.635 7.998 9.622 11.272 12.948 14.650 16.377 18.130 19.909 21.714 23.545 25.401 27.284 28.529 27.939 27.289 26.580
0.785 0.754 0.758 0.764 0.772 0.782 0.794 0.808 0.824 0.843 0.863 1.062 1.344 1.625 1.905 2.184 2.463 2.740 3.017 3.293 3.569 3.845 4.120 4.354 4.568 4.777 4.981 5.180 5.373 5.562 5.746 5.924 6.097 6.265 6.429 6.542 6.646 6.751 6.858 6.965 7.073 7.182 7.292 7.403 7.514 7.627 7.740 7.707 7.689 7.695 7.727 7.784 7.866 7.972 8.104 8.261 8.443 8.650 8.955 10.693 12.458 14.248 16.064 17.906 19.774 21.668 23.587 25.532 27.503 29.500 31.074 30.220 29.308 28.335
0.721 0.730 0.741 0.754 0.769 0.786 0.806 0.827 0.850 0.875 0.902 1.070 1.349 1.627 1.904 2.181 2.456 2.731 3.005 3.278 3.551 3.824 4.097 4.323 4.514 4.701 4.882 5.058 5.230 5.396 5.557 5.713 5.863 6.009 6.150 6.266 6.374 6.484 6.594 6.705 6.818 6.931 7.045 7.160 7.276 7.392 7.510 7.588 7.681 7.798 7.940 8.108 8.300 8.518 8.760 9.027 9.320 9.637 9.980 11.736 13.615 15.520 17.451 19.407 21.389 23.397 25.431 27.491 29.576 31.687 33.502 31.978 30.452 28.924
0.688 0.704 0.722 0.743 0.765 0.789 0.815 0.843 0.873 0.906 0.940 1.078 1.354 1.629 1.904 2.178 2.450 2.722 2.994 3.264 3.534 3.805 4.074 4.297 4.467 4.630 4.789 4.943 5.092 5.235 5.374 5.507 5.635 5.758 5.877 5.989 6.102 6.216 6.330 6.446 6.562 6.679 6.797 6.916 7.036 7.157 7.279 7.443 7.646 7.874 8.127 8.405 8.708 9.036 9.389 9.767 10.170 10.598 11.051 12.751 14.745 16.796 18.856 20.822 22.694 24.471 26.155 27.745 29.241 30.642 31.950 30.597 29.061 27.524
0.654 0.677 0.702 0.729 0.758 0.789 0.822 0.858 0.895 0.934 0.976 1.087 1.360 1.633 1.904 2.175 2.445 2.715 2.983 3.251 3.518 3.786 4.052 4.278 4.424 4.566 4.702 4.833 4.959 5.080 5.196 5.307 5.413 5.514 5.609 5.712 5.829 5.947 6.065 6.185 6.305 6.427 6.549 6.672 6.796 6.921 7.047 7.272 7.585 7.924 8.287 8.676 9.243 10.147 10.995 11.787 12.524 13.205 13.830 15.354 17.187 18.925 20.570 22.121 23.577 24.940 26.209 27.384 28.465 29.452 30.345 29.219 27.675 26.128
0.617 0.647 0.679 0.713 0.750 0.788 0.828 0.870 0.915 0.961 1.009 1.096 1.367 1.637 1.906 2.174 2.441 2.707 2.973 3.238 3.503 3.767 4.031 4.264 4.388 4.507 4.621 4.729 4.833 4.932 5.025 5.113 5.197 5.275 5.348 5.435 5.556 5.677 5.800 5.924 6.048 6.173 6.300 6.621 7.492 8.364 9.235 10.155 11.090 11.970 12.794 13.562 14.275 14.932 15.534 16.080 16.570 17.005 17.384 18.406 19.824 21.147 22.377 23.513 24.555 25.503 26.357 27.117 27.783 28.356 28.834 27.846 26.292 24.735
