DATA/SHG/ECMWF/20170628/EN-38/20170705.en-38.asc
ncols        190
nrows        64
xllcorner    -5100000.000000000000
yllcorner    4130000.000000000000
cellsize     10000.000000000000
NODATA_value  -99999.000
[rows 0 to 31 of 64, columns 0 to 72 of 190]
0.902 1.008 1.114 1.221 1.328 1.436 1.544 1.652 1.761 1.787 1.785 1.782 1.777 1.772 1.765 1.757 1.749 1.739 1.728 1.711 1.692 1.710 1.749 1.794 1.843 1.898 1.957 2.021 2.090 2.164 2.243 2.327 2.416 2.692 3.101 3.530 3.978 4.446 4.933 5.439 5.965 6.510 7.074 7.658 8.261 8.352 7.965 7.555 7.123 6.669 6.194 5.696 5.176 4.634 4.070 3.484 2.877 2.470 2.325 2.181 2.038 1.896 1.754 1.614 1.475 1.336 1.199 1.063 0.927 0.877 0.964 1.054 1.148
0.909 1.016 1.124 1.232 1.341 1.451 1.561 1.671 1.782 1.822 1.816 1.809 1.793 1.776 1.759 1.741 1.722 1.703 1.683 1.662 1.641 1.659 1.716 1.778 1.845 1.917 1.993 2.075 2.162 2.253 2.350 2.451 2.558 2.832 3.310 3.807 4.323 4.859 5.414 5.989 6.582 7.196 7.828 8.480 9.151 9.392 8.926 8.439 7.929 7.398 6.844 6.269 5.671 5.052 4.410 3.747 3.061 2.537 2.396 2.255 2.115 1.976 1.838 1.701 1.565 1.430 1.296 1.163 1.031 0.957 1.054 1.154 1.258
0.915 1.024 1.133 1.244 1.353 1.458 1.561 1.665 1.767 1.815 1.797 1.780 1.761 1.742 1.723 1.702 1.681 1.660 1.637 1.614 1.590 1.603 1.678 1.757 1.841 1.931 2.025 2.124 2.228 2.337 2.451 2.570 2.693 2.952 3.498 4.063 4.647 5.251 5.875 6.517 7.179 7.861 8.561 9.281 10.020 10.452 9.908 9.343 8.756 8.147 7.516 6.863 6.188 5.491 4.772 4.031 3.268 2.603 2.465 2.327 2.191 2.055 1.921 1.787 1.655 1.523 1.393 1.263 1.177 1.119 1.263 1.405 1.545
0.908 1.013 1.118 1.221 1.324 1.426 1.527 1.628 1.728 1.791 1.771 1.751 1.730 1.709 1.687 1.664 1.641 1.617 1.592 1.567 1.541 1.542 1.634 1.731 1.833 1.939 2.051 2.167 2.289 2.415 2.547 2.683 2.824 3.051 3.665 4.299 4.951 5.623 6.315 7.026 7.756 8.505 9.273 10.061 10.869 11.532 10.911 10.269 9.604 8.917 8.208 7.478 6.725 5.951 5.154 4.336 3.495 2.668 2.533 2.399 2.271 2.201 2.128 2.051 1.971 1.887 1.800 1.709 1.615 1.517 1.649 1.782 1.913
0.890 0.992 1.094 1.195 1.295 1.395 1.494 1.592 1.689 1.767 1.746 1.723 1.700 1.676 1.652 1.627 1.601 1.575 1.548 1.520 1.492 1.476 1.585 1.700 1.819 1.943 2.072 2.206 2.345 2.488 2.637 2.791 2.949 3.130 3.812 4.514 5.235 5.975 6.734 7.513 8.311 9.128 9.965 10.821 11.696 12.590 11.935 11.215 10.472 9.708 8.922 8.114 7.284 6.422 5.543 4.695 3.880 3.098 2.965 2.890 2.811 2.729 2.643 2.554 2.461 2.365 2.265 2.162 2.055 1.945 2.036 2.161 2.284
0.872 0.972 1.071 1.170 1.268 1.365 1.461 1.557 1.651 1.745 1.721 1.696 1.671 1.645 1.618 1.591 1.563 1.534 1.505 1.475 1.444 1.413 1.532 1.663 1.800 1.941 2.088 2.239 2.395 2.556 2.722 2.893 3.069 3.250 3.940 4.709 5.498 6.306 7.133 7.980 8.846 9.731 10.636 11.560 12.503 13.465 12.886 11.892 10.932 10.003 9.107 8.244 7.413 6.614 5.848 5.114 4.413 3.744 3.533 3.445 3.354 3.259 3.161 3.059 2.954 2.845 2.733 2.617 2.498 2.375 2.425 2.542 2.656
0.856 0.953 1.050 1.146 1.241 1.335 1.429 1.522 1.615 1.706 1.697 1.670 1.642 1.614 1.585 1.555 1.525 1.494 1.462 1.430 1.397 1.363 1.472 1.621 1.775 1.934 2.098 2.267 2.440 2.619 2.802 2.991 3.184 3.382 4.046 4.884 5.741 6.617 7.512 8.374 9.175 9.943 10.678 11.381 12.051 12.689 12.249 11.370 10.523 9.708 8.926 8.176 7.459 6.774 6.121 5.501 4.913 4.358 4.103 4.003 3.900 3.792 3.682 3.567 3.450 3.328 3.204 3.075 2.944 2.808 2.815 2.924 3.030
0.840 0.934 1.029 1.122 1.215 1.307 1.398 1.489 1.579 1.668 1.673 1.644 1.614 1.583 1.552 1.520 1.487 1.454 1.420 1.386 1.350 1.314 1.408 1.575 1.746 1.922 2.103 2.289 2.480 2.676 2.877 3.083 3.339 3.610 4.246 5.095 5.912 6.696 7.447 8.166 8.853 9.506 10.128 10.716 11.273 11.796 11.582 10.816 10.083 9.382 8.713 8.077 7.473 6.902 6.362 5.856 5.382 4.940 4.677 4.564 4.448 4.328 4.205 4.078 3.948 3.814 3.677 3.536 3.392 3.244 3.207 3.308 3.405
0.824 0.917 1.008 1.099 1.189 1.279 1.368 1.456 1.543 1.630 1.651 1.619 1.587 1.554 1.520 1.486 1.451 1.415 1.379 1.342 1.305 1.266 1.339 1.523 1.711 1.982 2.256 2.530 2.802 3.074 3.344 3.614 3.882 4.149 4.643 5.377 6.080 6.750 7.387 7.992 8.564 9.104 9.611 10.086 10.528 10.937 10.883 10.231 9.611 9.024 8.469 7.946 7.455 6.997 6.572 6.178 5.817 5.489 5.252 5.127 4.999 4.867 4.731 4.592 4.449 4.303 4.153 4.000 3.843 3.683 3.601 3.693 3.782
0.810 0.900 0.989 1.077 1.165 1.252 1.338 1.424 1.509 1.593 1.629 1.595 1.560 1.525 1.489 1.453 1.415 1.386 1.419 1.464 1.519 1.585 1.732 2.006 2.279 2.551 2.822 3.092 3.361 3.628 3.895 4.161 4.425 4.689 5.072 5.693 6.281 6.837 7.360 7.850 8.309 8.734 9.127 9.488 9.816 10.112 10.153 9.614 9.108 8.634 8.192 7.783 7.406 7.061 6.749 6.469 6.221 6.006 5.831 5.693 5.552 5.408 5.259 5.108 4.953 4.794 4.632 4.466 4.297 4.124 3.997 4.080 4.161
0.796 0.883 0.970 1.056 1.141 1.226 1.310 1.393 1.475 1.557 1.616 1.612 1.619 1.636 1.665 1.704 1.754 1.814 1.886 1.968 2.062 2.166 2.313 2.584 2.853 3.121 3.388 3.654 3.919 4.183 4.446 4.708 4.969 5.229 5.534 6.041 6.515 6.956 7.366 7.742 8.086 8.398 8.677 8.924 9.138 9.320 9.392 8.967 8.574 8.213 7.885 7.589 7.325 7.093 6.894 6.727 6.593 6.491 6.412 6.262 6.108 5.951 5.791 5.627 5.459 5.288 5.113 4.935 4.754 4.568 4.394 4.469 4.542
0.783 0.868 0.952 1.066 1.199 1.321 1.432 1.533 1.623 1.702 1.766 1.800 1.845 1.901 1.967 2.044 2.132 2.231 2.341 2.461 2.592 2.734 2.894 3.161 3.427 3.691 3.954 4.217 4.478 4.738 4.998 5.256 5.513 5.769 6.029 6.421 6.781 7.109 7.404 7.667 7.897 8.095 8.261 8.394 8.494 8.562 8.598 8.288 8.008 7.761 7.546 7.363 7.212 7.094 7.008 6.954 6.932 6.943 6.986 6.833 6.667 6.498 6.325 6.148 5.968 5.785 5.598 5.393 5.189 4.999 4.824 4.868 4.927
1.119 1.246 1.363 1.468 1.563 1.647 1.721 1.783 1.835 1.876 1.907 1.977 2.060 2.153 2.258 2.373 2.499 2.636 2.783 2.941 3.111 3.290 3.481 3.739 4.001 4.261 4.521 4.780 5.037 5.294 5.549 5.804 6.057 6.309 6.561 6.834 7.081 7.294 7.476 7.625 7.741 7.826 7.877 7.896 7.883 7.838 7.760 7.578 7.411 7.277 7.175 7.105 7.068 7.062 7.089 7.149 7.240 7.364 7.520 7.407 7.168 6.914 6.675 6.450 6.239 6.041 5.858 5.689 5.535 5.394 5.267 5.277 5.316
1.647 1.736 1.814 1.882 1.939 1.985 2.021 2.045 2.059 2.063 2.055 2.142 2.262 2.394 2.536 2.689 2.853 3.028 3.213 3.410 3.617 3.834 4.063 4.317 4.575 4.832 5.088 5.343 5.596 5.849 6.101 6.352 6.601 6.850 7.097 7.280 7.413 7.513 7.580 7.616 7.618 7.589 7.527 7.433 7.306 7.147 6.955 6.837 6.783 6.762 6.773 6.816 6.892 6.996 7.098 7.195 7.287 7.374 7.457 7.324 7.106 6.902 6.711 6.535 6.373 6.225 6.092 5.972 5.866 5.774 5.697 5.690 5.711
2.185 2.236 2.277 2.307 2.326 2.334 2.332 2.318 2.295 2.260 2.215 2.294 2.453 2.622 2.803 2.994 3.196 3.408 3.631 3.866 4.111 4.366 4.633 4.895 5.149 5.402 5.655 5.906 6.156 6.405 6.653 6.900 7.146 7.391 7.635 7.758 7.777 7.764 7.718 7.639 7.529 7.385 7.210 7.002 6.762 6.490 6.295 6.283 6.397 6.506 6.610 6.710 6.804 6.894 6.979 7.059 7.134 7.205 7.270 7.200 7.030 6.875 6.734 6.607 6.495 6.396 6.311 6.240 6.184 6.141 6.113 6.107 6.109
2.735 2.748 2.751 2.742 2.724 2.694 2.654 2.603 2.541 2.469 2.386 2.435 2.632 2.839 3.057 3.286 3.526 3.776 4.038 4.309 4.592 4.886 5.190 5.473 5.724 5.973 6.222 6.469 6.716 6.961 7.205 7.448 7.691 7.932 8.172 8.269 8.174 8.047 7.879 7.652 7.435 7.227 7.029 6.840 6.661 6.491 6.330 6.287 6.384 6.476 6.564 6.646 6.724 6.797 6.865 6.928 6.986 7.040 7.089 7.062 6.942 6.836 6.744 6.666 6.602 6.552 6.517 6.495 6.488 6.494 6.514 6.529 6.513
3.295 3.271 3.235 3.189 3.133 3.065 2.987 2.899 2.799 2.689 2.568 2.564 2.799 3.044 3.300 3.567 3.844 4.132 4.431 4.741 5.062 5.393 5.735 6.052 6.298 6.544 6.789 7.033 7.275 7.517 7.758 7.964 8.087 8.196 8.291 8.277 8.055 7.842 7.639 7.446 7.262 7.087 6.922 6.766 6.620 6.483 6.355 6.296 6.376 6.451 6.522 6.587 6.648 6.704 6.755 6.802 6.843 6.880 6.912 6.910 6.839 6.783 6.740 6.711 6.696 6.696 6.709 6.736 6.778 6.833 6.902 6.955 6.920
3.867 3.804 3.731 3.648 3.553 3.448 3.332 3.206 3.068 2.920 2.762 2.681 2.954 3.237 3.530 3.835 4.150 4.476 4.813 5.161 5.519 5.888 6.268 6.630 6.844 7.013 7.169 7.311 7.440 7.556 7.658 7.746 7.822 7.884 7.932 7.929 7.740 7.560 7.391 7.230 7.079 6.937 6.805 6.683 6.569 6.465 6.371 6.309 6.372 6.431 6.484 6.533 6.577 6.616 6.651 6.680 6.705 6.725 6.740 6.745 6.724 6.716 6.722 6.742 6.777 6.825 6.887 6.964 7.054 7.158 7.277 7.386 7.332
4.449 4.349 4.238 4.117 3.985 3.842 3.688 3.524 3.349 3.163 2.967 2.787 3.097 3.418 3.749 4.092 4.445 4.799 5.147 5.493 5.835 6.173 6.509 6.834 6.969 7.091 7.200 7.295 7.377 7.446 7.501 7.543 7.571 7.586 7.587 7.571 7.416 7.269 7.132 7.005 6.887 6.779 6.679 6.590 6.510 6.439 6.377 6.327 6.373 6.415 6.452 6.484 6.511 6.534 6.551 6.564 6.572 6.575 6.574 6.567 6.595 6.636 6.691 6.760 6.843 6.941 7.052 7.177 7.316 7.470 7.637 7.818 7.749
5.043 4.905 4.757 4.597 4.427 4.247 4.055 3.853 3.640 3.417 3.205 2.988 3.288 3.641 3.991 4.338 4.681 5.022 5.359 5.693 6.024 6.351 6.675 6.996 7.109 7.184 7.246 7.294 7.329 7.350 7.358 7.353 7.334 7.302 7.257 7.198 7.082 6.969 6.865 6.771 6.686 6.610 6.544 6.488 6.441 6.403 6.374 6.356 6.380 6.404 6.424 6.440 6.450 6.456 6.457 6.453 6.444 6.430 6.412 6.389 6.452 6.542 6.646 6.764 6.897 7.043 7.203 7.377 7.565 7.767 7.984 8.214 8.170
5.648 5.472 5.286 5.112 4.929 4.736 4.533 4.321 4.099 3.867 3.626 3.375 3.570 3.912 4.251 4.586 4.918 5.248 5.573 5.896 6.215 6.532 6.845 7.154 7.262 7.290 7.305 7.306 7.294 7.269 7.230 7.178 7.112 7.033 6.940 6.834 6.739 6.659 6.589 6.527 6.475 6.433 6.400 6.376 6.362 6.357 6.362 6.376 6.390 6.398 6.402 6.400 6.394 6.383 6.367 6.346 6.320 6.290 6.255 6.215 6.296 6.435 6.588 6.755 6.936 7.131 7.340 7.526 7.652 7.773 7.887 7.996 7.907
6.377 6.188 5.990 5.782 5.565 5.338 5.101 4.854 4.598 4.332 4.056 3.771 3.855 4.186 4.513 4.838 5.159 5.476 5.791 6.102 6.410 6.715 7.017 7.315 7.429 7.410 7.378 7.333 7.273 7.201 7.115 7.016 6.904 6.778 6.638 6.486 6.388 6.341 6.303 6.275 6.256 6.246 6.246 6.256 6.274 6.302 6.340 6.387 6.406 6.397 6.384 6.365 6.342 6.314 6.282 6.244 6.202 6.155 6.103 6.046 6.114 6.261 6.402 6.538 6.667 6.791 6.908 7.020 7.126 7.226 7.321 7.409 7.403
7.159 6.937 6.704 6.462 6.211 5.949 5.678 5.398 5.107 4.807 4.497 4.178 4.143 4.463 4.779 5.092 5.402 5.708 6.011 6.312 6.608 6.902 7.193 7.480 7.610 7.544 7.465 7.373 7.267 7.148 7.015 6.869 6.709 6.537 6.350 6.151 6.027 6.013 6.008 6.013 6.027 6.050 6.083 6.125 6.177 6.238 6.309 6.389 6.426 6.401 6.370 6.335 6.296 6.234 6.159 6.082 6.002 5.919 5.834 5.746 5.757 5.884 6.004 6.119 6.229 6.332 6.429 6.521 6.606 6.686 6.760 6.828 6.875
7.952 7.695 7.428 7.152 6.866 6.571 6.266 5.951 5.626 5.292 4.948 4.594 4.434 4.743 5.048 5.349 5.648 5.943 6.235 6.524 6.810 7.092 7.371 7.647 7.805 7.692 7.566 7.427 7.274 7.108 6.928 6.736 6.529 6.310 6.077 5.830 5.657 5.676 5.704 5.741 5.789 5.845 5.911 5.986 6.071 6.165 6.248 6.328 6.361 6.290 6.217 6.141 6.062 5.981 5.897 5.810 5.721 5.630 5.535 5.438 5.406 5.513 5.613 5.708 5.796 5.879 5.956 6.027 6.093 6.152 6.206 6.253 6.322
8.754 8.463 8.162 7.852 7.532 7.202 6.863 6.514 6.155 5.786 5.408 5.021 4.729 5.025 5.319 5.610 5.897 6.181 6.462 6.739 7.014 7.285 7.553 7.818 8.014 7.854 7.681 7.495 7.295 7.082 6.856 6.616 6.363 6.097 5.817 5.524 5.278 5.329 5.391 5.463 5.537 5.613 5.690 5.769 5.849 5.931 6.015 6.099 6.157 6.077 5.994 5.909 5.821 5.731 5.638 5.542 5.444 5.343 5.240 5.134 5.062 5.148 5.228 5.302 5.370 5.433 5.489 5.540 5.585 5.624 5.657 5.685 5.745
9.560 9.240 8.906 8.561 8.207 7.843 7.470 7.086 6.694 6.291 5.879 5.457 5.026 5.311 5.594 5.873 6.149 6.422 6.691 6.958 7.221 7.481 7.737 7.991 8.236 8.030 7.810 7.577 7.330 7.071 6.798 6.510 6.179 5.857 5.545 5.244 4.961 5.036 5.113 5.191 5.270 5.352 5.434 5.518 5.604 5.691 5.779 5.870 5.955 5.866 5.774 5.680 5.583 5.483 5.381 5.277 5.169 5.059 4.947 4.832 4.723 4.789 4.848 4.902 4.950 4.993 5.029 5.059 5.084 5.103 5.116 5.123 5.143
10.312 10.028 9.659 9.280 8.892 8.494 8.086 7.669 7.242 6.806 6.359 5.904 5.438 5.600 5.871 6.139 6.404 6.666 6.924 7.179 7.431 7.680 7.925 8.168 8.386 8.084 7.728 7.381 7.044 6.718 6.401 6.094 5.798 5.511 5.235 4.968 4.711 4.752 4.834 4.918 5.003 5.089 5.177 5.266 5.357 5.449 5.543 5.639 5.735 5.658 5.557 5.453 5.348 5.239 5.128 5.014 4.898 4.779 4.657 4.533 4.406 4.436 4.475 4.509 4.537 4.559 4.575 4.585 4.589 4.588 4.580 4.567 4.548
11.068 10.824 10.421 10.009 9.586 9.154 8.713 8.261 7.801 7.330 6.850 6.360 5.860 5.892 6.152 6.409 6.662 6.915 7.145 7.336 7.487 7.599 7.671 7.703 7.695 7.448 7.127 6.815 6.513 6.222 5.940 5.669 5.407 5.155 4.914 4.682 4.461 4.468 4.555 4.643 4.734 4.825 4.918 5.013 5.109 5.207 5.306 5.406 5.508 5.452 5.343 5.230 5.115 4.998 4.877 4.754 4.629 4.501 4.370 4.237 4.101 4.089 4.108 4.122 4.129 4.131 4.126 4.116 4.100 4.079 4.051 4.017 3.978
11.828 11.631 11.194 10.747 10.291 9.825 9.349 8.864 8.369 7.864 7.390 6.956 6.519 6.475 6.725 6.936 7.107 7.238 7.330 7.381 7.394 7.366 7.299 7.192 7.046 6.803 6.516 6.239 5.973 5.716 5.470 5.233 5.007 4.790 4.583 4.387 4.200 4.182 4.274 4.368 4.463 4.560 4.659 4.759 4.860 4.963 5.067 5.173 5.280 5.250 5.131 5.010 4.886 4.759 4.630 4.498 4.363 4.226 4.087 3.944 3.800 3.749 3.748 3.741 3.728 3.709 3.684 3.654 3.618 3.576 3.528 3.474 3.414
12.593 12.447 11.976 11.535 11.112 10.686 10.257 9.824 9.389 8.949 8.507 8.061 7.612 7.395 7.507 7.578 7.610 7.603 7.556 7.469 7.342 7.176 6.970 6.725 6.439 6.147 5.896 5.654 5.423 5.201 4.990 4.788 4.596 4.415 4.243 4.082 3.930 3.894 3.992 4.091 4.192 4.294 4.398 4.503 4.610 4.718 4.827 4.938 5.051 5.051 4.923 4.792 4.659 4.523 4.385 4.244 4.101 3.954 3.806 3.654 3.501 3.414 3.393 3.366 3.333 3.294 3.249 3.198 3.176 3.210 3.247 3.288 3.332
13.649 13.597 13.169 12.738 12.303 11.865 11.424 10.980 10.532 10.080 9.626 9.168 8.707 8.357 8.330 8.262 8.156 8.009 7.823 7.598 7.333 7.028 6.683 6.299 5.875 5.483 5.266 5.060 4.863 4.676 4.500 4.333 4.176 4.030 3.893 3.766 3.650 3.606 3.709 3.814 3.920 4.027 4.136 4.246 4.358 4.472 4.586 4.703 4.821 4.854 4.717 4.578 4.435 4.291 4.143 3.993 3.841 3.686 3.528 3.368 3.205 3.114 3.136 3.162 3.191 3.223 3.259 3.297 3.339 3.385 3.433 3.485 3.540
14.864 14.826 14.387 13.943 13.497 13.047 12.594 12.137 11.677 11.214 10.747 10.277 9.804 9.360 9.194 8.988 8.743 8.458 8.133 7.769 7.365 6.922 6.439 5.916 5.354 4.809 4.627 4.455 4.294 4.142 4.000 3.869 3.747 3.635 3.533 3.442 3.360 3.317 3.425 3.535 3.646 3.758 3.873 3.988 4.105 4.224 4.344 4.466 4.589 4.660 4.514 4.366 4.215 4.061 3.968 3.905 3.825 3.726 3.608 3.473 3.319 3.195 3.229 3.266 3.306 3.349 3.396 3.446 3.499 3.556 3.615 3.678 3.744
