DATA/SHG/ECMWF/20170628/EN-38/20170706.en-38.asc
ncols        190
nrows        64
xllcorner    -5100000.000000000000
yllcorner    4130000.000000000000
cellsize     10000.000000000000
NODATA_value  -99999.000
[rows 0 to 32 of 64, columns 74 to 147 of 190]
6.120 6.128 6.147 6.179 6.223 6.280 6.348 6.267 5.783 5.292 4.819 4.363 3.926 3.505 3.103 2.718 2.351 2.001 1.669 1.430 1.441 1.447 1.449 1.447 1.441 1.432 1.419 1.403 1.383 1.359 1.331 1.298 1.257 1.216 1.173 1.129 1.084 1.039 0.992 0.945 0.896 0.847 0.796 0.746 0.699 0.652 0.607 0.562 0.518 0.475 0.433 0.391 0.351 0.311 0.272 0.241 0.232 0.224 0.217 0.212 0.208 0.205 0.204 0.204 0.206 0.209 0.213 0.227 0.264 0.303 0.343 0.384 0.427 0.471
5.712 5.780 5.837 5.873 5.890 5.886 5.862 5.746 5.299 4.870 4.459 4.065 3.689 3.330 2.990 2.666 2.361 2.073 1.803 1.576 1.571 1.560 1.545 1.527 1.505 1.479 1.450 1.417 1.380 1.340 1.296 1.249 1.204 1.157 1.110 1.062 1.014 0.964 0.913 0.861 0.808 0.755 0.700 0.646 0.603 0.560 0.518 0.477 0.437 0.397 0.359 0.321 0.284 0.248 0.212 0.182 0.179 0.177 0.177 0.177 0.180 0.183 0.188 0.194 0.202 0.211 0.221 0.237 0.281 0.326 0.372 0.420 0.469 0.519
5.579 5.585 5.571 5.537 5.482 5.408 5.313 5.185 4.800 4.433 4.083 3.751 3.437 3.140 2.861 2.599 2.355 2.129 1.920 1.729 1.704 1.677 1.646 1.611 1.572 1.530 1.484 1.435 1.382 1.325 1.265 1.200 1.151 1.101 1.049 0.997 0.944 0.890 0.835 0.779 0.722 0.664 0.605 0.546 0.506 0.467 0.428 0.391 0.354 0.319 0.284 0.250 0.216 0.184 0.152 0.122 0.125 0.129 0.135 0.142 0.150 0.159 0.170 0.183 0.196 0.211 0.228 0.259 0.335 0.415 0.499 0.585 0.675 0.769
5.474 5.410 5.325 5.220 5.095 4.949 4.784 4.598 4.285 3.980 3.692 3.421 3.169 2.933 2.716 2.516 2.333 2.169 2.021 1.892 1.842 1.798 1.750 1.699 1.644 1.585 1.523 1.457 1.388 1.314 1.237 1.157 1.099 1.045 0.989 0.933 0.875 0.817 0.758 0.698 0.636 0.574 0.511 0.447 0.408 0.373 0.338 0.304 0.271 0.239 0.208 0.178 0.148 0.119 0.091 0.064 0.070 0.080 0.108 0.153 0.197 0.241 0.284 0.327 0.370 0.413 0.455 0.497 0.585 0.680 0.779 0.881 0.986 1.095
5.388 5.253 5.098 4.922 4.726 4.510 4.274 4.017 3.756 3.512 3.285 3.076 2.885 2.711 2.555 2.417 2.296 2.193 2.107 2.039 1.983 1.923 1.859 1.791 1.719 1.644 1.566 1.483 1.397 1.308 1.214 1.117 1.049 0.990 0.930 0.870 0.808 0.746 0.682 0.618 0.552 0.486 0.419 0.350 0.310 0.278 0.247 0.217 0.188 0.174 0.174 0.179 0.187 0.199 0.214 0.234 0.273 0.317 0.360 0.403 0.446 0.488 0.530 0.572 0.614 0.655 0.696 0.737 0.832 0.942 1.055 1.172 1.293 1.417
5.322 5.116 4.890 4.643 4.377 4.090 3.783 3.456 3.210 3.028 2.863 2.716 2.586 2.474 2.379 2.302 2.243 2.201 2.177 2.170 2.128 2.051 1.971 1.887 1.799 1.708 1.612 1.514 1.411 1.305 1.195 1.082 1.000 0.937 0.873 0.808 0.742 0.675 0.607 0.539 0.488 0.443 0.388 0.323 0.295 0.294 0.296 0.302 0.312 0.326 0.343 0.364 0.389 0.418 0.450 0.486 0.527 0.570 0.612 0.653 0.695 0.736 0.777 0.817 0.857 0.897 0.937 0.976 1.074 1.199 1.328 1.460 1.596 1.735
5.274 4.998 4.701 4.384 4.047 3.690 3.312 2.915 2.650 2.529 2.425 2.340 2.271 2.221 2.187 2.172 2.174 2.193 2.230 2.285 2.278 2.184 2.087 1.987 1.883 1.775 1.663 1.548 1.429 1.307 1.180 1.098 1.064 1.054 1.033 1.003 0.963 0.913 0.853 0.783 0.704 0.614 0.515 0.406 0.359 0.374 0.393 0.416 0.443 0.473 0.507 0.545 0.587 0.632 0.681 0.734 0.782 0.823 0.863 0.904 0.944 0.983 1.023 1.062 1.101 1.139 1.177 1.215 1.313 1.453 1.597 1.744 1.895 2.049
5.246 4.898 4.531 4.144 3.736 3.309 2.861 2.393 2.074 2.014 1.972 1.948 1.941 1.952 1.980 2.026 2.089 2.170 2.268 2.384 2.431 2.321 2.286 2.273 2.247 2.210 2.160 2.099 2.026 1.940 1.843 1.733 1.642 1.587 1.523 1.448 1.364 1.270 1.167 1.053 0.929 0.796 0.653 0.500 0.419 0.451 0.487 0.526 0.570 0.617 0.668 0.722 0.781 0.843 0.909 0.978 1.036 1.075 1.115 1.154 1.192 1.231 1.269 1.307 1.344 1.381 1.418 1.455 1.548 1.703 1.862 2.025 2.190 2.359
5.236 4.818 4.381 3.923 3.445 2.947 2.428 1.890 1.483 1.485 1.504 1.541 1.595 1.667 1.787 2.039 2.313 2.607 2.923 3.259 3.516 3.473 3.417 3.350 3.271 3.180 3.077 2.962 2.835 2.695 2.544 2.381 2.229 2.131 2.022 1.904 1.776 1.638 1.490 1.333 1.165 0.988 0.801 0.604 0.475 0.524 0.576 0.632 0.692 0.756 0.824 0.895 0.970 1.049 1.132 1.218 1.290 1.328 1.366 1.404 1.441 1.478 1.515 1.551 1.587 1.623 1.659 1.694 1.779 1.950 2.124 2.301 2.482 2.666
5.246 4.757 4.249 3.721 3.173 2.604 2.016 1.446 1.052 1.253 1.474 1.716 1.979 2.263 2.567 2.893 3.239 3.607 3.995 4.404 4.766 4.669 4.560 4.439 4.306 4.162 4.005 3.836 3.656 3.463 3.258 3.042 2.827 2.684 2.532 2.370 2.198 2.016 1.824 1.623 1.412 1.190 0.960 0.719 0.526 0.592 0.661 0.734 0.811 0.892 0.976 1.064 1.156 1.251 1.350 1.453 1.544 1.581 1.618 1.654 1.690 1.725 1.761 1.796 1.831 1.865 1.899 1.933 2.006 2.192 2.381 2.574 2.770 2.969
5.282 4.763 4.253 3.751 3.257 2.772 2.295 1.827 1.376 1.649 1.943 2.258 2.594 2.950 3.328 3.726 4.145 4.585 5.046 5.528 6.013 5.877 5.715 5.540 5.354 5.156 4.945 4.723 4.489 4.243 3.984 3.714 3.434 3.248 3.052 2.846 2.630 2.404 2.168 1.923 1.668 1.403 1.128 0.844 0.574 0.656 0.742 0.832 0.925 1.023 1.124 1.228 1.337 1.449 1.565 1.685 1.798 1.834 1.869 1.904 1.938 1.973 2.007 2.040 2.074 2.107 2.140 2.172 2.230 2.431 2.635 2.843 3.054 3.268
5.451 4.961 4.480 4.007 3.543 3.087 2.639 2.200 1.769 2.026 2.393 2.781 3.189 3.618 4.068 4.539 5.031 5.544 6.077 6.632 7.190 7.098 6.881 6.653 6.413 6.162 5.898 5.622 5.334 5.034 4.723 4.399 4.064 3.822 3.581 3.331 3.072 2.802 2.523 2.234 1.935 1.626 1.307 0.979 0.641 0.717 0.819 0.926 1.036 1.150 1.267 1.389 1.514 1.643 1.775 1.912 2.052 2.086 2.120 2.154 2.187 2.220 2.253 2.285 2.317 2.349 2.380 2.424 2.488 2.736 2.993 3.258 3.531 3.813
5.612 5.151 4.699 4.256 3.820 3.393 2.975 2.565 2.163 2.383 2.823 3.283 3.764 4.266 4.789 5.333 5.897 6.482 7.088 7.715 8.346 8.330 8.060 7.778 7.485 7.179 6.862 6.533 6.192 5.838 5.473 5.096 4.707 4.405 4.121 3.827 3.524 3.211 2.887 2.554 2.212 1.859 1.497 1.125 0.743 0.773 0.892 1.015 1.142 1.273 1.407 1.545 1.687 1.832 1.981 2.134 2.291 2.339 2.386 2.449 2.511 2.571 2.629 2.686 2.742 2.796 2.849 2.901 2.951 3.220 3.515 3.817 4.128 4.448
5.764 5.333 4.910 4.496 4.090 3.692 3.303 2.922 2.549 2.721 3.233 3.766 4.320 4.894 5.490 6.106 6.743 7.400 8.079 8.778 9.482 9.573 9.250 8.915 8.568 8.209 7.839 7.456 7.061 6.655 6.236 5.806 5.363 4.999 4.671 4.333 3.986 3.629 3.262 2.885 2.499 2.103 1.697 1.281 0.855 0.825 0.961 1.101 1.244 1.401 1.576 1.757 1.945 2.140 2.342 2.551 2.767 2.864 2.921 2.978 3.033 3.086 3.139 3.189 3.239 3.287 3.333 3.378 3.422 3.695 4.027 4.367 4.716 5.073
5.909 5.507 5.113 4.728 4.351 3.982 3.622 3.270 2.927 3.038 3.623 4.229 4.855 5.502 6.170 6.859 7.568 8.298 9.050 9.821 10.598 10.829 10.452 10.064 9.664 9.251 8.827 8.391 7.943 7.483 7.011 6.527 6.032 5.602 5.231 4.849 4.458 4.058 3.647 3.227 2.782 2.328 1.883 1.447 1.020 0.951 1.128 1.312 1.503 1.702 1.907 2.119 2.338 2.564 2.797 3.037 3.284 3.406 3.457 3.507 3.556 3.603 3.649 3.693 3.736 3.778 3.818 3.856 3.894 4.161 4.531 4.908 5.295 5.689
6.046 5.673 5.308 4.952 4.604 4.265 3.933 3.611 3.296 3.336 3.994 4.672 5.371 6.090 6.831 7.592 8.374 9.176 10.000 10.844 11.694 12.096 11.666 11.225 10.771 10.305 9.828 9.338 8.837 8.323 7.798 7.204 6.556 5.975 5.498 5.030 4.571 4.121 3.680 3.247 2.824 2.410 2.005 1.609 1.222 1.119 1.327 1.542 1.765 1.994 2.230 2.473 2.723 2.980 3.244 3.515 3.793 3.949 3.994 4.037 4.080 4.120 4.160 4.198 4.234 4.270 4.303 4.336 4.366 4.618 5.025 5.440 5.864 6.296
6.175 5.831 5.495 5.168 4.849 4.539 4.237 3.943 3.658 3.615 4.345 5.095 5.867 6.659 7.471 8.305 9.159 10.034 10.930 11.846 12.769 13.376 12.805 12.164 11.521 10.877 10.231 9.584 8.934 8.284 7.632 6.978 6.322 5.728 5.291 4.863 4.444 4.033 3.632 3.240 2.857 2.483 2.118 1.761 1.414 1.280 1.519 1.765 2.018 2.278 2.545 2.819 3.100 3.388 3.683 3.985 4.294 4.492 4.531 4.568 4.604 4.638 4.672 4.703 4.733 4.762 4.789 4.815 4.840 5.066 5.510 5.963 6.424 6.894
6.296 5.981 5.674 5.376 5.086 4.805 4.532 4.267 4.011 3.874 4.676 5.499 6.343 7.207 8.083 8.847 9.610 10.373 11.135 11.896 12.663 13.292 12.646 11.997 11.347 10.696 10.043 9.388 8.732 8.074 7.414 6.754 6.091 5.471 5.074 4.686 4.307 3.937 3.575 3.223 2.880 2.546 2.220 1.904 1.597 1.433 1.703 1.980 2.264 2.555 2.853 3.158 3.470 3.789 4.115 4.447 4.787 5.036 5.069 5.100 5.129 5.157 5.184 5.209 5.233 5.256 5.277 5.296 5.314 5.505 5.986 6.477 6.975 7.482
6.408 6.123 5.845 5.576 5.316 5.063 4.819 4.570 4.265 3.974 4.716 5.481 6.245 7.008 7.771 8.533 9.294 10.054 10.814 11.573 12.338 13.108 12.488 11.832 11.175 10.517 9.856 9.194 8.531 7.866 7.200 6.531 5.862 5.206 4.848 4.500 4.161 3.830 3.509 3.197 2.893 2.599 2.313 2.037 1.770 1.578 1.879 2.187 2.502 2.824 3.153 3.489 3.832 4.182 4.538 4.902 5.273 5.581 5.607 5.632 5.655 5.677 5.697 5.716 5.734 5.750 5.764 5.778 5.789 5.934 6.453 6.981 7.517 8.062
6.487 6.138 5.801 5.477 5.166 4.868 4.582 4.310 4.050 3.803 4.414 5.176 5.938 6.699 7.460 8.219 8.978 9.736 10.494 11.251 12.013 12.781 12.332 11.670 11.005 10.340 9.672 9.003 8.333 7.661 6.987 6.312 5.635 4.956 4.613 4.304 4.005 3.715 3.433 3.161 2.897 2.642 2.397 2.160 1.933 1.716 2.048 2.387 2.733 3.086 3.445 3.812 4.186 4.566 4.954 5.349 5.750 6.127 6.147 6.165 6.182 6.197 6.211 6.224 6.235 6.245 6.253 6.260 6.265 6.355 6.911 7.476 8.050 8.632
5.903 5.598 5.306 5.027 4.760 4.507 4.266 4.038 3.823 3.620 4.113 4.873 5.633 6.391 7.150 7.907 8.664 9.420 10.175 10.929 11.689 12.455 12.179 11.509 10.838 10.165 9.490 8.814 8.136 7.457 6.776 6.094 5.410 4.724 4.368 4.099 3.840 3.589 3.348 3.115 2.891 2.676 2.471 2.274 2.086 1.907 2.209 2.579 2.956 3.339 3.730 4.128 4.532 4.944 5.362 5.787 6.220 6.659 6.687 6.699 6.709 6.718 6.726 6.732 6.737 6.740 6.742 6.743 6.739 6.762 7.363 7.981 8.614 9.264
5.308 5.047 4.800 4.565 4.344 4.135 3.938 3.755 3.584 3.427 3.813 4.571 5.328 6.084 6.840 7.595 8.350 9.103 9.856 10.609 11.366 12.130 12.028 11.351 10.672 9.992 9.310 8.627 7.942 7.256 6.568 5.878 5.187 4.495 4.114 3.885 3.665 3.454 3.253 3.060 2.876 2.701 2.535 2.378 2.230 2.090 2.362 2.763 3.171 3.585 4.007 4.435 4.870 5.313 5.762 6.218 6.681 7.151 7.228 7.218 7.190 7.168 7.150 7.138 7.132 7.130 7.134 7.144 7.158 7.178 7.809 8.499 9.206 9.928
4.701 4.486 4.283 4.093 3.916 3.751 3.600 3.461 3.335 3.221 3.513 4.269 5.024 5.778 6.532 7.285 8.037 8.788 9.539 10.289 11.045 11.805 11.879 11.195 10.509 9.822 9.133 8.442 7.750 7.057 6.362 5.665 4.967 4.267 3.850 3.661 3.481 3.310 3.148 2.995 2.851 2.715 2.589 2.472 2.364 2.264 2.508 2.940 3.378 3.823 4.272 4.714 5.155 5.593 6.030 6.464 6.897 7.327 7.429 7.420 7.415 7.416 7.422 7.434 7.451 7.473 7.501 7.534 7.572 7.615 8.239 9.001 9.780 10.575
4.084 3.913 3.754 3.609 3.476 3.356 3.249 3.155 3.073 3.005 3.215 3.968 4.721 5.473 6.225 6.975 7.725 8.474 9.222 9.970 10.723 11.482 11.732 11.040 10.348 9.653 8.957 8.260 7.561 6.860 6.158 5.454 4.748 4.041 3.577 3.428 3.288 3.156 3.034 2.921 2.816 2.731 2.666 2.603 2.542 2.482 2.690 3.132 3.572 4.009 4.445 4.879 5.310 5.739 6.167 6.592 7.015 7.437 7.601 7.615 7.634 7.659 7.689 7.724 7.764 7.810 7.861 7.918 7.979 8.046 8.651 9.486 10.337 11.205
3.455 3.328 3.215 3.114 3.026 2.950 2.888 2.838 2.801 2.776 2.917 3.669 4.419 5.169 5.918 6.666 7.414 8.161 8.907 9.652 10.403 11.160 11.587 10.888 10.188 9.487 8.784 8.079 7.373 6.665 5.956 5.245 4.551 3.890 3.421 3.352 3.285 3.220 3.156 3.093 3.032 2.973 2.915 2.859 2.805 2.752 2.901 3.334 3.765 4.193 4.620 5.045 5.467 5.887 6.306 6.722 7.136 7.548 7.768 7.805 7.848 7.896 7.949 8.008 8.072 8.141 8.216 8.296 8.381 8.471 9.047 9.954 10.877 11.817
2.815 2.733 2.664 2.607 2.564 2.533 2.515 2.509 2.517 2.537 2.621 3.370 4.118 4.865 5.612 6.358 7.104 7.848 8.592 9.335 10.084 10.838 11.444 10.745 10.058 9.377 8.702 8.032 7.368 6.709 6.056 5.409 4.767 4.131 3.612 3.550 3.490 3.431 3.374 3.319 3.265 3.213 3.162 3.113 3.066 3.020 3.114 3.538 3.960 4.379 4.797 5.212 5.626 6.037 6.447 6.854 7.259 7.662 7.928 7.989 8.055 8.127 8.204 8.286 8.374 8.466 8.565 8.668 8.777 8.891 9.425 10.405 11.401 12.413
2.164 2.127 2.102 2.090 2.091 2.104 2.131 2.170 2.221 2.286 2.363 3.072 3.818 4.563 5.307 6.053 6.813 7.571 8.328 9.084 9.843 10.605 11.366 10.733 10.071 9.414 8.764 8.118 7.479 6.845 6.216 5.594 4.976 4.365 3.801 3.746 3.693 3.641 3.591 3.543 3.496 3.451 3.407 3.365 3.325 3.286 3.329 3.744 4.157 4.567 4.976 5.382 5.787 6.189 6.589 6.987 7.384 7.778 8.083 8.168 8.258 8.353 8.453 8.559 8.670 8.786 8.908 9.034 9.167 9.304 9.787 10.839 11.907 12.991
1.502 1.509 1.529 1.561 1.606 1.664 1.735 1.819 1.923 2.059 2.189 2.832 3.593 4.352 5.110 5.866 6.621 7.375 8.128 8.879 9.634 10.392 11.149 10.715 10.077 9.446 8.819 8.199 7.584 6.975 6.371 5.772 5.180 4.593 4.011 3.940 3.894 3.849 3.806 3.765 3.725 3.687 3.650 3.615 3.582 3.550 3.546 3.952 4.355 4.757 5.156 5.554 5.949 6.342 6.734 7.123 7.510 7.895 8.233 8.341 8.454 8.572 8.696 8.825 8.960 9.100 9.245 9.395 9.551 9.712 10.132 11.256 12.396 13.553
0.829 0.911 1.067 1.217 1.361 1.500 1.634 1.761 1.884 2.000 2.111 2.663 3.419 4.174 4.928 5.680 6.431 7.181 7.929 8.676 9.427 10.180 10.933 10.691 10.078 9.471 8.869 8.273 7.683 7.098 6.519 5.945 5.377 4.815 4.258 4.132 4.093 4.055 4.019 3.985 3.952 3.921 3.891 3.863 3.837 3.812 3.789 4.161 4.556 4.948 5.339 5.727 6.113 6.498 6.880 7.260 7.638 8.014 8.376 8.508 8.644 8.786 8.934 9.086 9.244 9.408 9.576 9.750 9.929 10.114 10.460 11.656 12.869 14.098
0.870 1.012 1.149 1.279 1.405 1.524 1.638 1.747 1.850 1.947 2.039 2.495 3.247 3.998 4.747 5.495 6.242 6.988 7.732 8.475 9.221 9.970 10.718 10.660 10.072 9.490 8.913 8.341 7.775 7.215 6.661 6.111 5.568 5.030 4.498 4.322 4.290 4.259 4.230 4.203 4.177 4.153 4.130 4.109 4.090 4.072 4.056 4.373 4.758 5.142 5.523 5.902 6.280 6.655 7.028 7.399 7.768 8.136 8.501 8.669 8.829 8.995 9.166 9.342 9.523 9.710 9.902 10.099 10.302 10.510 10.735 11.876 12.985 14.061
0.996 1.119 1.236 1.347 1.453 1.553 1.648 1.737 1.821 1.899 1.971 2.329 3.076 3.823 4.568 5.312 6.054 6.795 7.535 8.274 9.016 9.761 10.505 10.624 10.061 9.503 8.950 8.403 7.862 7.326 6.796 6.272 5.753 5.239 4.731 4.510 4.485 4.461 4.439 4.419 4.400 4.383 4.367 4.353 4.341 4.330 4.321 4.586 4.962 5.337 5.709 6.079 6.448 6.814 7.178 7.540 7.901 8.259 8.615 8.825 9.009 9.237 9.518 9.758 9.957 10.114 10.231 10.306 10.340 10.333 10.285 11.214 12.180 13.114
1.127 1.230 1.328 1.420 1.507 1.588 1.663 1.733 1.797 1.856 1.909 2.163 2.907 3.649 4.390 5.129 5.868 6.605 7.340 8.075 8.812 9.553 10.293 10.582 10.043 9.509 8.981 8.459 7.942 7.431 6.926 6.426 5.931 5.442 4.959 4.696 4.678 4.661 4.646 4.633 4.621 4.611 4.602 4.595 4.590 4.586 4.584 4.801 5.168 5.534 5.897 6.258 6.659 7.163 7.679 8.208 8.750 9.303 9.870 10.191 10.372 10.513 10.612 10.670 10.687 10.662 10.597 10.491 10.343 10.155 9.925 10.584 11.408 12.200
1.263 1.347 1.425 1.498 1.565 1.627 1.683 1.734 1.779 1.818 1.852 1.999 2.738 3.476 4.213 4.948 5.682 6.415 7.146 7.877 8.610 9.347 10.082 10.533 10.019 9.510 9.007 8.509 8.017 7.530 7.049 6.573 6.103 5.639 5.180 4.880 4.869 4.859 4.851 4.845 4.840 4.837 4.835 4.863 4.967 5.068 5.166 5.445 5.942 6.451 6.973 7.507 8.054 8.613 9.184 9.768 10.364 10.973 11.594 11.870 11.870 11.828 11.745 11.622 11.457 11.251 11.004 10.716 10.387 10.017 9.606 9.987 10.669 11.318
