DATA/SHG/ECMWF/20170628/EN-38/20170628.en-38.asc
ncols        190
nrows        64
xllcorner    -5100000.000000000000
yllcorner    4130000.000000000000
cellsize     10000.000000000000
NODATA_value  -99999.000
[rows 0 to 32 of 64, columns 0 to 72 of 190]
4.889 4.629 4.371 4.114 3.859 3.606 3.354 3.105 2.857 2.804 2.816 2.831 2.849 2.871 2.895 2.923 2.953 2.987 3.024 3.078 3.142 3.195 3.235 3.268 3.293 3.310 3.320 3.323 3.318 3.305 3.285 3.258 3.222 3.304 3.468 3.634 3.803 3.975 4.150 4.327 4.508 4.692 4.878 5.068 5.260 5.253 5.080 4.920 4.774 4.643 4.525 4.421 4.332 4.256 4.194 4.146 4.112 4.110 4.119 4.107 4.076 4.025 3.954 3.862 3.752 3.621 3.470 3.299 3.109 2.972 2.945 2.916 2.885
4.715 4.461 4.208 3.958 3.709 3.462 3.216 2.973 2.731 2.649 2.672 2.698 2.737 2.783 2.833 2.889 2.950 3.016 3.088 3.165 3.247 3.298 3.311 3.317 3.316 3.307 3.290 3.266 3.235 3.196 3.149 3.095 3.033 3.077 3.250 3.427 3.606 3.789 3.974 4.162 4.353 4.547 4.744 4.944 5.147 5.219 5.094 4.984 4.887 4.805 4.736 4.681 4.641 4.614 4.601 4.602 4.617 4.620 4.559 4.477 4.376 4.255 4.114 3.953 3.772 3.571 3.351 3.110 2.850 2.633 2.597 2.558 2.516
4.539 4.291 4.045 3.800 3.555 3.306 3.067 2.839 2.621 2.527 2.575 2.628 2.687 2.751 2.820 2.894 2.974 3.059 3.150 3.246 3.347 3.408 3.395 3.375 3.347 3.311 3.268 3.218 3.160 3.094 3.021 2.940 2.852 2.847 3.030 3.217 3.407 3.600 3.795 3.994 4.195 4.400 4.607 4.817 5.030 5.170 5.095 5.033 4.986 4.952 4.933 4.927 4.935 4.958 4.994 5.044 5.108 5.149 5.017 4.866 4.695 4.504 4.293 4.062 3.811 3.541 3.250 2.940 2.631 2.356 2.343 2.330 2.315
4.256 4.003 3.759 3.526 3.303 3.090 2.888 2.696 2.514 2.414 2.481 2.553 2.630 2.713 2.801 2.894 2.993 3.097 3.206 3.321 3.441 3.527 3.487 3.440 3.386 3.324 3.254 3.177 3.092 3.000 2.901 2.794 2.679 2.614 2.808 3.005 3.205 3.408 3.614 3.823 4.035 4.249 4.467 4.688 4.911 5.108 5.081 5.069 5.070 5.086 5.115 5.159 5.216 5.287 5.372 5.471 5.584 5.696 5.494 5.273 5.028 4.722 4.415 4.107 3.799 3.490 3.180 2.870 2.559 2.247 2.226 2.208 2.190
3.848 3.631 3.424 3.227 3.041 2.864 2.698 2.543 2.397 2.296 2.381 2.472 2.568 2.670 2.776 2.889 3.006 3.129 3.257 3.390 3.529 3.653 3.587 3.513 3.432 3.344 3.248 3.144 3.033 2.915 2.789 2.655 2.514 2.378 2.582 2.790 3.000 3.214 3.430 3.649 3.871 4.096 4.324 4.555 4.789 5.025 5.054 5.091 5.141 5.206 5.284 5.376 5.482 5.586 5.645 5.712 5.784 5.864 5.592 5.284 4.976 4.668 4.358 4.048 3.737 3.426 3.114 2.801 2.488 2.174 2.109 2.088 2.065
3.430 3.249 3.078 2.918 2.767 2.627 2.498 2.378 2.269 2.171 2.276 2.385 2.500 2.621 2.746 2.877 3.013 3.155 3.302 3.454 3.611 3.774 3.694 3.594 3.487 3.372 3.249 3.119 2.982 2.837 2.684 2.525 2.357 2.182 2.354 2.572 2.793 3.017 3.243 3.473 3.705 3.941 4.179 4.420 4.664 4.911 4.995 5.032 5.075 5.124 5.181 5.244 5.313 5.390 5.473 5.562 5.658 5.761 5.546 5.236 4.925 4.614 4.302 3.990 3.677 3.363 3.048 2.733 2.417 2.101 1.994 1.969 1.942
3.001 2.856 2.722 2.597 2.483 2.380 2.286 2.203 2.130 2.067 2.165 2.293 2.427 2.566 2.710 2.860 3.015 3.175 3.341 3.511 3.687 3.869 3.809 3.683 3.549 3.408 3.259 3.102 2.938 2.767 2.588 2.402 2.208 2.007 2.124 2.352 2.583 2.817 3.054 3.312 3.568 3.804 4.020 4.216 4.392 4.547 4.628 4.688 4.755 4.828 4.908 4.994 5.087 5.187 5.293 5.406 5.526 5.652 5.501 5.188 4.875 4.562 4.248 3.933 3.617 3.301 2.984 2.666 2.348 2.029 1.880 1.851 1.821
2.561 2.453 2.354 2.266 2.189 2.121 2.064 2.017 1.980 1.954 2.048 2.196 2.348 2.506 2.669 2.837 3.011 3.190 3.374 3.563 3.758 3.958 3.932 3.779 3.619 3.451 3.276 3.093 2.903 2.705 2.500 2.287 2.127 2.002 2.141 2.427 2.693 2.939 3.165 3.371 3.556 3.722 3.867 3.992 4.096 4.181 4.255 4.339 4.429 4.525 4.628 4.738 4.855 4.978 5.108 5.244 5.387 5.537 5.456 5.141 4.826 4.510 4.193 3.876 3.558 3.239 2.920 2.600 2.279 1.958 1.767 1.734 1.700
2.111 2.038 1.976 1.925 1.883 1.852 1.831 1.820 1.819 1.829 1.926 2.092 2.263 2.440 2.622 2.809 3.001 3.199 3.401 3.610 3.823 4.042 4.063 3.884 3.697 3.490 3.300 3.129 2.976 2.842 2.727 2.630 2.552 2.493 2.575 2.790 2.985 3.160 3.315 3.450 3.565 3.659 3.733 3.788 3.821 3.835 3.876 3.983 4.096 4.216 4.343 4.476 4.616 4.763 4.916 5.076 5.242 5.415 5.413 5.095 4.778 4.459 4.140 3.820 3.500 3.179 2.857 2.535 2.211 1.888 1.655 1.619 1.581
1.650 1.614 1.588 1.572 1.567 1.572 1.587 1.612 1.648 1.693 1.799 1.983 2.173 2.368 2.569 2.774 2.985 3.198 3.380 3.556 3.726 3.890 3.922 3.741 3.580 3.437 3.312 3.207 3.119 3.051 3.001 2.970 2.957 2.964 3.029 3.173 3.297 3.402 3.486 3.550 3.594 3.617 3.621 3.604 3.567 3.510 3.491 3.621 3.758 3.901 4.051 4.208 4.371 4.541 4.718 4.901 5.091 5.287 5.370 5.050 4.730 4.409 4.088 3.765 3.443 3.119 2.795 2.470 2.144 1.818 1.545 1.504 1.463
1.178 1.178 1.189 1.209 1.240 1.281 1.332 1.393 1.465 1.547 1.668 1.871 2.068 2.259 2.444 2.623 2.796 2.963 3.124 3.279 3.428 3.571 3.652 3.537 3.441 3.364 3.305 3.265 3.243 3.240 3.256 3.290 3.343 3.414 3.502 3.576 3.630 3.663 3.676 3.670 3.643 3.596 3.528 3.441 3.334 3.206 3.099 3.253 3.413 3.580 3.753 3.933 4.120 4.313 4.513 4.720 4.933 5.153 5.328 5.006 4.683 4.360 4.036 3.711 3.386 3.060 2.733 2.406 2.078 1.750 1.435 1.391 1.346
0.696 0.732 0.779 0.863 0.973 1.081 1.185 1.288 1.387 1.484 1.588 1.770 1.946 2.116 2.280 2.438 2.590 2.736 2.876 3.010 3.137 3.259 3.363 3.314 3.284 3.272 3.278 3.303 3.347 3.410 3.491 3.590 3.709 3.845 3.996 3.999 3.982 3.945 3.887 3.810 3.712 3.594 3.457 3.299 3.121 2.923 2.704 2.879 3.062 3.252 3.449 3.653 3.863 4.079 4.303 4.532 4.769 5.012 5.262 4.962 4.637 4.311 3.985 3.658 3.330 3.002 2.673 2.418 2.232 2.060 1.903 2.013 2.155
0.549 0.658 0.764 0.868 0.969 1.067 1.163 1.256 1.346 1.434 1.519 1.676 1.831 1.980 2.123 2.260 2.391 2.515 2.634 2.747 2.853 2.954 3.049 3.072 3.107 3.160 3.232 3.323 3.432 3.560 3.706 3.871 4.054 4.257 4.477 4.442 4.354 4.246 4.118 3.970 3.802 3.614 3.405 3.177 2.928 2.660 2.371 2.499 2.705 2.919 3.139 3.366 3.599 3.839 4.086 4.339 4.599 4.865 5.138 4.919 4.645 4.406 4.182 3.972 3.778 3.598 3.434 3.284 3.150 3.030 2.925 3.037 3.213
0.584 0.684 0.781 0.875 0.967 1.056 1.143 1.226 1.308 1.386 1.463 1.589 1.723 1.850 1.972 2.088 2.198 2.301 2.399 2.491 2.576 2.656 2.729 2.810 2.910 3.029 3.166 3.322 3.497 3.690 3.902 4.132 4.381 4.648 4.934 4.905 4.747 4.568 4.370 4.151 3.912 3.653 3.374 3.075 2.756 2.417 2.058 2.112 2.342 2.579 2.823 3.073 3.329 3.646 3.978 4.316 4.660 5.010 5.366 5.333 5.131 4.944 4.772 4.614 4.472 4.345 4.232 4.135 4.052 3.985 3.932 4.050 4.260
0.622 0.712 0.800 0.885 0.968 1.048 1.125 1.200 1.272 1.342 1.409 1.508 1.621 1.727 1.828 1.923 2.011 2.094 2.170 2.241 2.306 2.364 2.417 2.529 2.695 2.879 3.082 3.303 3.543 3.801 4.078 4.373 4.687 5.020 5.371 5.388 5.159 4.910 4.641 4.352 4.043 3.713 3.364 2.994 2.605 2.195 1.823 1.848 2.165 2.488 2.818 3.153 3.494 3.841 4.194 4.554 4.919 5.290 5.667 5.751 5.602 5.467 5.346 5.241 5.151 5.076 5.015 4.970 4.940 4.924 4.923 5.052 5.297
0.663 0.744 0.822 0.898 0.972 1.043 1.111 1.177 1.240 1.300 1.358 1.434 1.525 1.611 1.691 1.764 1.832 1.893 1.949 1.998 2.042 2.079 2.111 2.229 2.460 2.709 2.977 3.264 3.569 3.892 4.234 4.595 4.974 5.372 5.788 5.891 5.592 5.272 4.922 4.506 4.103 3.712 3.334 2.968 2.615 2.274 1.946 1.911 2.249 2.593 2.944 3.300 3.662 4.031 4.405 4.785 5.172 5.564 5.962 6.155 6.057 5.974 5.906 5.853 5.815 5.792 5.783 5.790 5.811 5.848 5.899 6.044 6.323
0.706 0.778 0.847 0.914 0.979 1.040 1.099 1.156 1.210 1.261 1.310 1.366 1.437 1.501 1.560 1.612 1.659 1.699 1.734 1.762 1.785 1.801 1.812 1.910 2.206 2.521 2.854 3.205 3.576 3.964 4.371 4.779 5.138 5.477 5.796 5.873 5.463 5.066 4.682 4.310 3.950 3.603 3.269 2.947 2.637 2.340 2.056 1.967 2.327 2.692 3.063 3.441 3.824 4.214 4.609 5.010 5.418 5.831 6.251 6.543 6.497 6.467 6.451 6.449 6.463 6.492 6.536 6.594 6.668 6.756 6.859 7.024 7.338
0.752 0.815 0.875 0.933 0.988 1.041 1.091 1.138 1.183 1.225 1.265 1.305 1.354 1.398 1.435 1.467 1.492 1.512 1.525 1.533 1.534 1.530 1.520 1.572 1.969 2.398 2.807 3.196 3.565 3.914 4.244 4.553 4.842 5.112 5.361 5.489 5.124 4.770 4.430 4.101 3.786 3.482 3.191 2.913 2.647 2.394 2.153 2.018 2.398 2.785 3.177 3.576 3.980 4.390 4.807 5.229 5.658 6.092 6.533 6.917 6.923 6.944 6.980 7.031 7.097 7.177 7.273 7.383 7.509 7.649 7.804 7.994 8.342
0.801 0.855 0.906 0.954 1.000 1.044 1.085 1.123 1.159 1.192 1.222 1.250 1.279 1.301 1.318 1.328 1.333 1.369 1.432 1.503 1.581 1.667 1.761 1.874 2.253 2.612 2.951 3.270 3.570 3.849 4.108 4.348 4.568 4.767 4.947 5.094 4.772 4.462 4.165 3.881 3.609 3.349 3.102 2.867 2.645 2.435 2.238 2.062 2.463 2.871 3.284 3.704 4.129 4.561 4.999 5.442 5.892 6.347 6.809 7.275 7.333 7.406 7.494 7.597 7.715 7.847 7.995 8.157 8.334 8.526 8.733 8.955 9.336
0.852 0.897 0.939 0.979 1.016 1.050 1.082 1.111 1.137 1.161 1.198 1.234 1.277 1.328 1.387 1.454 1.529 1.611 1.701 1.799 1.905 2.018 2.139 2.268 2.557 2.846 3.116 3.365 3.594 3.804 3.994 4.164 4.314 4.444 4.554 4.644 4.408 4.142 3.889 3.648 3.419 3.203 3.000 2.809 2.630 2.464 2.310 2.169 2.522 2.951 3.386 3.826 4.273 4.725 5.184 5.648 6.119 6.596 7.078 7.567 7.729 7.854 7.993 8.148 8.318 8.502 8.701 8.916 9.145 9.389 9.647 9.921 10.319
0.907 0.942 0.975 1.032 1.085 1.132 1.175 1.213 1.246 1.274 1.298 1.317 1.375 1.453 1.540 1.634 1.735 1.845 1.962 2.087 2.220 2.360 2.508 2.664 2.881 3.101 3.300 3.480 3.640 3.780 3.900 4.000 4.081 4.141 4.182 4.202 4.032 3.810 3.600 3.403 3.218 3.045 2.885 2.738 2.603 2.480 2.370 2.272 2.575 3.025 3.481 3.942 4.410 4.883 5.363 5.849 6.340 6.838 7.341 7.851 8.109 8.286 8.478 8.684 8.905 9.142 9.393 9.626 9.817 10.019 10.231 10.453 10.752
1.120 1.170 1.215 1.255 1.290 1.321 1.347 1.368 1.385 1.396 1.403 1.405 1.465 1.570 1.684 1.805 1.934 2.070 2.214 2.366 2.526 2.693 2.868 3.051 3.226 3.376 3.506 3.616 3.706 3.776 3.827 3.858 3.868 3.859 3.830 3.782 3.644 3.465 3.299 3.145 3.004 2.875 2.758 2.654 2.563 2.484 2.417 2.363 2.622 3.093 3.569 4.052 4.541 5.035 5.536 6.042 6.555 7.073 7.598 8.128 8.440 8.596 8.763 8.939 9.125 9.322 9.529 9.745 9.972 10.209 10.456 10.713 11.012
1.398 1.430 1.459 1.482 1.501 1.515 1.524 1.528 1.528 1.523 1.513 1.498 1.546 1.678 1.819 1.967 2.123 2.287 2.458 2.637 2.824 3.018 3.220 3.430 3.591 3.671 3.731 3.772 3.793 3.793 3.774 3.736 3.677 3.598 3.500 3.382 3.243 3.108 2.986 2.875 2.778 2.692 2.619 2.559 2.511 2.475 2.452 2.441 2.663 3.154 3.652 4.156 4.665 5.150 5.619 6.087 6.556 7.025 7.494 7.964 8.303 8.495 8.696 8.908 9.130 9.361 9.603 9.855 10.117 10.390 10.672 10.964 11.273
1.680 1.696 1.708 1.714 1.716 1.714 1.706 1.694 1.677 1.655 1.628 1.597 1.619 1.778 1.946 2.121 2.304 2.495 2.693 2.899 3.113 3.334 3.563 3.800 3.976 3.987 3.978 3.949 3.900 3.831 3.743 3.634 3.506 3.358 3.190 3.003 2.831 2.739 2.660 2.593 2.539 2.497 2.468 2.451 2.446 2.454 2.461 2.460 2.604 3.072 3.540 4.009 4.477 4.947 5.416 5.885 6.355 6.825 7.296 7.766 8.157 8.384 8.620 8.867 9.124 9.391 9.668 9.955 10.253 10.560 10.877 11.205 11.534
1.967 1.967 1.962 1.952 1.937 1.917 1.893 1.864 1.830 1.791 1.748 1.700 1.683 1.870 2.064 2.266 2.476 2.694 2.919 3.152 3.393 3.641 3.898 4.161 4.382 4.323 4.244 4.146 4.027 3.889 3.731 3.554 3.356 3.139 2.902 2.645 2.406 2.358 2.322 2.340 2.358 2.370 2.377 2.379 2.376 2.367 2.352 2.332 2.394 2.864 3.333 3.803 4.272 4.743 5.213 5.684 6.154 6.626 7.097 7.569 8.001 8.263 8.535 8.817 9.109 9.411 9.723 10.046 10.378 10.721 11.073 11.436 11.796
2.260 2.242 2.220 2.194 2.162 2.126 2.085 2.039 1.988 1.933 1.873 1.808 1.739 1.953 2.174 2.403 2.640 2.885 3.137 3.397 3.665 3.940 4.223 4.514 4.808 4.679 4.531 4.363 4.176 3.968 3.741 3.494 3.255 3.020 2.787 2.559 2.339 2.354 2.364 2.369 2.368 2.362 2.350 2.333 2.311 2.283 2.249 2.211 2.185 2.655 3.126 3.596 4.067 4.538 5.010 5.482 5.954 6.426 6.898 7.371 7.835 8.132 8.440 8.757 9.084 9.421 9.769 10.126 10.494 10.871 11.259 11.657 12.058
2.547 2.523 2.484 2.441 2.392 2.339 2.282 2.219 2.152 2.080 2.003 1.922 1.835 2.027 2.276 2.532 2.796 3.067 3.347 3.634 3.928 4.230 4.540 4.858 5.173 4.992 4.745 4.501 4.260 4.023 3.789 3.558 3.331 3.107 2.887 2.669 2.456 2.427 2.418 2.404 2.384 2.359 2.328 2.292 2.251 2.204 2.152 2.094 2.031 2.447 2.918 3.390 3.862 4.334 4.807 5.279 5.752 6.226 6.699 7.173 7.647 7.992 8.335 8.687 9.049 9.422 9.804 10.197 10.600 11.012 11.435 11.868 12.311
2.826 2.808 2.753 2.692 2.627 2.558 2.483 2.404 2.320 2.232 2.138 2.040 1.937 2.093 2.369 2.652 2.943 3.251 3.573 3.875 4.158 4.422 4.667 4.892 5.099 4.982 4.747 4.514 4.285 4.060 3.838 3.619 3.403 3.191 2.982 2.777 2.575 2.505 2.477 2.444 2.405 2.361 2.312 2.257 2.197 2.131 2.060 1.984 1.902 2.238 2.711 3.184 3.657 4.130 4.603 5.077 5.551 6.026 6.500 6.975 7.450 7.843 8.220 8.608 9.005 9.413 9.830 10.258 10.696 11.143 11.601 12.069 12.547
3.096 3.098 3.026 2.949 2.867 2.781 2.690 2.594 2.493 2.388 2.323 2.305 2.280 2.457 2.787 3.099 3.392 3.665 3.919 4.155 4.371 4.568 4.746 4.905 5.045 4.969 4.745 4.525 4.307 4.094 3.883 3.676 3.472 3.271 3.074 2.881 2.690 2.588 2.542 2.490 2.432 2.369 2.301 2.227 2.148 2.064 1.974 1.879 1.778 2.030 2.503 2.977 3.451 3.925 4.400 4.875 5.350 5.825 6.301 6.777 7.253 7.683 8.096 8.518 8.951 9.394 9.846 10.309 10.782 11.265 11.757 12.260 12.773
3.357 3.393 3.304 3.275 3.278 3.274 3.265 3.249 3.227 3.199 3.165 3.124 3.078 3.157 3.421 3.666 3.892 4.098 4.286 4.454 4.604 4.734 4.845 4.938 5.011 4.953 4.741 4.532 4.326 4.124 3.925 3.729 3.537 3.348 3.163 2.981 2.802 2.677 2.612 2.541 2.464 2.383 2.296 2.203 2.105 2.002 1.893 1.779 1.660 1.821 2.296 2.770 3.246 3.721 4.197 4.672 5.149 5.625 6.102 6.579 7.056 7.514 7.962 8.420 8.887 9.365 9.853 10.350 10.798 11.145 11.479 11.800 12.108
4.174 4.294 4.287 4.275 4.256 4.230 4.199 4.162 4.118 4.068 4.012 3.950 3.881 3.877 4.075 4.253 4.412 4.551 4.672 4.774 4.857 4.920 4.965 4.990 4.997 4.933 4.732 4.535 4.341 4.151 3.963 3.779 3.599 3.422 3.248 3.077 2.910 2.772 2.687 2.597 2.502 2.402 2.296 2.184 2.068 1.946 1.818 1.685 1.547 1.612 2.088 2.564 3.040 3.516 3.993 4.470 4.947 5.425 5.902 6.380 6.858 7.301 7.694 8.074 8.441 8.795 9.136 9.464 9.779 10.081 10.370 10.646 10.909
5.294 5.343 5.314 5.280 5.239 5.192 5.139 5.079 5.014 4.942 4.864 4.780 4.690 4.617 4.747 4.859 4.951 5.024 5.078 5.113 5.129 5.126 5.104 5.063 5.003 4.910 4.721 4.535 4.353 4.174 3.998 3.826 3.657 3.492 3.329 3.171 3.015 2.871 2.768 2.659 2.545 2.426 2.301 2.171 2.036 1.895 1.748 1.597 1.440 1.403 1.880 2.357 2.834 3.312 3.892 4.488 5.012 5.465 5.846 6.155 6.393 6.610 6.958 7.293 7.615 7.924 8.220 8.503 8.773 9.030 9.274 9.505 9.723
6.443 6.398 6.347 6.291 6.228 6.159 6.084 6.003 5.916 5.822 5.722 5.617 5.505 5.386 5.440 5.484 5.510 5.516 5.504 5.472 5.422 5.352 5.263 5.155 5.029 4.883 4.706 4.532 4.361 4.194 4.030 3.869 3.712 3.558 3.408 3.260 3.116 2.976 2.854 2.727 2.594 2.456 2.312 2.163 2.009 1.849 1.684 1.743 1.925 2.161 2.865 3.498 4.060 4.549 4.968 5.314 5.590 5.793 5.925 5.986 5.975 5.932 6.235 6.525 6.802 7.066 7.317 7.555 7.781 7.993 8.192 8.378 8.552
