DATA/SHG/ECMWF/20170628/EN-38/20170709.en-38.asc
ncols        190
nrows        64
xllcorner    -5100000.000000000000
yllcorner    4130000.000000000000
cellsize     10000.000000000000
NODATA_value  -99999.000
[rows 0 to 32 of 64, columns 73 to 145 of 190]
0.013 0.012 0.010 0.009 0.007 0.005 0.003 0.001 0.001 0.011 0.029 0.053 0.081 0.115 0.155 0.200 0.250 0.305 0.366 0.432 0.496 0.533 0.564 0.593 0.620 0.645 0.668 0.690 0.709 0.726 0.741 0.755 0.790 0.901 1.014 1.129 1.245 1.363 1.482 1.602 1.724 1.848 1.973 2.100 2.178 2.100 2.018 1.934 1.845 1.754 1.659 1.561 1.459 1.355 1.246 1.135 1.098 1.296 1.502 1.716 1.937 2.167 2.404 2.650 2.903 3.165 3.434 3.712 3.990 4.254 4.521 4.792 5.066
0.015 0.013 0.016 0.020 0.024 0.030 0.035 0.042 0.052 0.083 0.120 0.162 0.210 0.262 0.321 0.384 0.453 0.527 0.606 0.691 0.774 0.803 0.825 0.845 0.863 0.880 0.894 0.907 0.917 0.926 0.932 0.937 0.953 1.071 1.191 1.312 1.435 1.559 1.685 1.812 1.941 2.072 2.203 2.337 2.443 2.350 2.253 2.153 2.050 1.944 1.834 1.721 1.604 1.484 1.361 1.235 1.155 1.388 1.630 1.879 2.136 2.401 2.674 2.955 3.244 3.541 3.846 4.158 4.472 4.750 5.032 5.317 5.605
0.046 0.051 0.056 0.062 0.069 0.076 0.083 0.091 0.101 0.151 0.206 0.267 0.333 0.404 0.481 0.563 0.650 0.743 0.841 0.944 1.053 1.074 1.088 1.099 1.109 1.116 1.122 1.126 1.127 1.127 1.125 1.121 1.115 1.239 1.366 1.494 1.623 1.754 1.887 2.021 2.156 2.293 2.432 2.572 2.711 2.603 2.491 2.377 2.259 2.137 2.012 1.884 1.753 1.618 1.479 1.338 1.203 1.472 1.749 2.034 2.326 2.627 2.935 3.252 3.576 3.908 4.248 4.597 4.934 5.184 5.428 5.663 5.891
0.083 0.090 0.097 0.104 0.112 0.121 0.130 0.140 0.150 0.214 0.288 0.367 0.451 0.541 0.637 0.737 0.843 0.954 1.071 1.192 1.319 1.347 1.352 1.355 1.355 1.354 1.351 1.346 1.339 1.331 1.320 1.307 1.292 1.405 1.538 1.673 1.809 1.947 2.086 2.227 2.369 2.513 2.658 2.805 2.953 2.859 2.733 2.603 2.470 2.333 2.194 2.051 1.904 1.754 1.601 1.444 1.285 1.547 1.860 2.187 2.521 2.853 3.182 3.509 3.832 4.154 4.472 4.788 5.101 5.324 5.533 5.734 5.927
0.119 0.128 0.137 0.146 0.156 0.166 0.177 0.188 0.199 0.271 0.364 0.462 0.565 0.673 0.787 0.906 1.031 1.160 1.295 1.436 1.581 1.622 1.618 1.612 1.604 1.594 1.583 1.569 1.553 1.536 1.516 1.495 1.472 1.569 1.709 1.851 1.993 2.138 2.284 2.431 2.580 2.730 2.882 3.036 3.191 3.119 2.978 2.833 2.685 2.533 2.411 2.304 2.184 2.052 1.907 1.749 1.579 1.806 2.134 2.459 2.782 3.102 3.419 3.734 4.046 4.356 4.663 4.967 5.269 5.471 5.645 5.812 5.970
0.155 0.165 0.176 0.187 0.198 0.210 0.223 0.235 0.249 0.324 0.435 0.551 0.673 0.800 0.932 1.070 1.213 1.361 1.515 1.674 1.838 1.899 1.886 1.871 1.855 1.836 1.816 1.793 1.769 1.743 1.715 1.685 1.653 1.731 1.878 2.026 2.176 2.327 2.479 2.634 2.789 2.985 3.218 3.465 3.725 3.759 3.659 3.546 3.420 3.282 3.131 2.968 2.792 2.603 2.401 2.187 1.961 2.103 2.419 2.733 3.044 3.352 3.658 3.962 4.262 4.560 4.856 5.148 5.439 5.626 5.766 5.897 6.021
0.191 0.203 0.215 0.227 0.240 0.254 0.268 0.283 0.298 0.371 0.501 0.636 0.776 0.922 1.073 1.229 1.390 1.557 1.729 1.906 2.089 2.177 2.156 2.132 2.107 2.080 2.051 2.020 1.987 1.952 1.915 1.876 1.843 1.918 2.104 2.303 2.515 2.741 2.981 3.234 3.500 3.780 4.073 4.380 4.701 4.775 4.618 4.448 4.266 4.071 3.864 3.644 3.412 3.166 2.908 2.638 2.355 2.402 2.707 3.009 3.309 3.606 3.900 4.191 4.481 4.767 5.051 5.332 5.611 5.788 5.893 5.991 6.080
0.226 0.239 0.253 0.267 0.282 0.297 0.313 0.329 0.346 0.414 0.562 0.716 0.874 1.039 1.208 1.383 1.563 1.748 1.938 2.134 2.335 2.457 2.427 2.388 2.349 2.312 2.278 2.247 2.218 2.193 2.170 2.151 2.134 2.216 2.461 2.721 2.993 3.279 3.579 3.892 4.219 4.559 4.913 5.280 5.660 5.802 5.589 5.363 5.124 4.873 4.609 4.333 4.044 3.742 3.428 3.101 2.762 2.704 2.997 3.288 3.576 3.861 4.144 4.424 4.701 4.976 5.248 5.518 5.785 5.958 6.029 6.091 6.146
0.260 0.275 0.291 0.307 0.323 0.340 0.357 0.375 0.394 0.452 0.618 0.790 0.968 1.150 1.338 1.533 1.736 1.933 2.126 2.313 2.495 2.624 2.591 2.561 2.534 2.510 2.489 2.470 2.455 2.442 2.432 2.425 2.421 2.498 2.804 3.123 3.456 3.802 4.162 4.535 4.922 5.323 5.736 6.164 6.604 6.842 6.572 6.290 5.995 5.687 5.367 5.034 4.689 4.331 3.960 3.577 3.181 3.008 3.289 3.568 3.845 4.118 4.390 4.658 4.924 5.187 5.448 5.706 5.962 6.135 6.171 6.200 6.220
0.294 0.311 0.328 0.346 0.364 0.382 0.401 0.421 0.455 0.540 0.755 0.965 1.170 1.370 1.565 1.755 1.940 2.119 2.294 2.464 2.628 2.768 2.748 2.731 2.717 2.705 2.697 2.691 2.688 2.688 2.690 2.696 2.704 2.764 3.130 3.510 3.903 4.310 4.730 5.163 5.610 6.070 6.544 7.032 7.532 7.893 7.567 7.228 6.877 6.513 6.136 5.747 5.346 4.931 4.504 4.065 3.613 3.314 3.584 3.851 4.116 4.378 4.638 4.895 5.149 5.401 5.650 5.897 6.141 6.320 6.322 6.315 6.302
0.328 0.367 0.433 0.498 0.562 0.625 0.687 0.749 0.810 0.871 1.069 1.261 1.449 1.631 1.808 1.981 2.148 2.310 2.467 2.619 2.766 2.906 2.902 2.897 2.896 2.897 2.901 2.907 2.917 2.930 2.945 2.963 2.984 3.016 3.442 3.882 4.335 4.802 5.282 5.775 6.282 6.803 7.336 7.884 8.445 8.957 8.574 8.179 7.771 7.351 6.918 6.473 6.015 5.544 5.061 4.565 4.057 3.622 3.881 4.136 4.390 4.640 4.888 5.134 5.377 5.617 5.854 6.089 6.322 6.512 6.479 6.439 6.391
0.679 0.742 0.805 0.867 0.928 0.988 1.048 1.107 1.165 1.222 1.387 1.562 1.732 1.896 2.056 2.210 2.360 2.504 2.644 2.778 2.907 3.030 3.052 3.060 3.071 3.085 3.101 3.121 3.143 3.168 3.196 3.227 3.260 3.297 3.738 4.238 4.751 5.278 5.818 6.372 6.939 7.519 8.113 8.720 9.341 9.975 9.593 9.142 8.678 8.202 7.713 7.211 6.697 6.170 5.630 5.078 4.514 3.937 4.180 4.424 4.665 4.905 5.141 5.375 5.606 5.835 6.061 6.284 6.556 6.863 6.883 6.882 6.861
1.057 1.117 1.177 1.236 1.295 1.352 1.409 1.465 1.520 1.575 1.710 1.867 2.019 2.166 2.308 2.445 2.576 2.703 2.825 2.942 3.053 3.158 3.199 3.219 3.243 3.269 3.299 3.331 3.365 3.403 3.444 3.487 3.533 3.582 4.019 4.579 5.152 5.739 6.339 6.953 7.580 8.220 8.874 9.541 10.222 10.916 10.625 10.117 9.597 9.064 8.519 7.961 7.391 6.808 6.212 5.604 4.983 4.350 4.481 4.792 5.179 5.550 5.907 6.249 6.575 6.887 7.183 7.465 7.731 7.982 7.931 7.839 7.727
1.435 1.493 1.550 1.606 1.662 1.716 1.770 1.823 1.876 1.927 2.036 2.176 2.310 2.439 2.564 2.683 2.797 2.906 3.011 3.110 3.204 3.291 3.342 3.375 3.412 3.451 3.492 3.537 3.584 3.635 3.688 3.744 3.802 3.864 4.285 4.905 5.538 6.185 6.845 7.518 8.205 8.906 9.619 10.346 11.087 11.841 11.668 11.104 10.528 9.939 9.328 8.734 8.183 7.673 7.206 6.781 6.398 6.056 6.249 6.584 6.904 7.208 7.498 7.772 8.032 8.276 8.505 8.719 8.919 9.103 8.999 8.816 8.612
1.813 1.868 1.922 1.976 2.029 2.081 2.132 2.182 2.232 2.280 2.367 2.489 2.605 2.717 2.824 2.926 3.022 3.114 3.200 3.282 3.358 3.428 3.482 3.528 3.577 3.628 3.683 3.740 3.800 3.863 3.928 3.997 4.068 4.143 4.536 5.216 5.909 6.615 7.335 8.068 8.815 9.546 10.230 10.887 11.516 12.119 11.995 11.420 10.888 10.397 9.948 9.541 9.177 8.854 8.573 8.334 8.138 7.983 8.121 8.389 8.642 8.879 9.101 9.309 9.501 9.678 9.841 9.988 10.120 10.237 10.085 9.811 9.516
2.192 2.244 2.295 2.346 2.396 2.445 2.493 2.541 2.588 2.633 2.702 2.806 2.905 2.999 3.088 3.172 3.251 3.325 3.394 3.458 3.517 3.569 3.619 3.677 3.738 3.803 3.870 3.939 4.012 4.087 4.166 4.247 4.380 4.561 4.990 5.744 6.470 7.170 7.842 8.486 9.104 9.694 10.257 10.792 11.301 11.782 11.824 11.436 11.090 10.786 10.523 10.303 10.125 9.989 9.895 9.842 9.832 9.864 10.007 10.207 10.393 10.563 10.718 10.859 10.984 11.094 11.189 11.269 11.335 11.385 11.191 10.825 10.439
2.570 2.620 2.668 2.716 2.763 2.810 2.855 2.900 2.944 2.987 3.040 3.127 3.209 3.285 3.357 3.423 3.485 3.541 3.593 3.639 3.680 3.714 3.752 3.868 4.023 4.185 4.351 4.524 4.702 4.886 5.075 5.270 5.471 5.677 6.016 6.649 7.254 7.832 8.383 8.906 9.402 9.871 10.313 10.727 11.114 11.474 11.609 11.407 11.247 11.130 11.054 11.020 11.029 11.079 11.171 11.305 11.481 11.699 11.905 12.038 12.156 12.260 12.348 12.421 12.480 12.523 12.551 12.564 12.563 12.546 12.316 11.859 11.382
2.949 2.996 3.042 3.087 3.131 3.175 3.217 3.259 3.300 3.341 3.384 3.453 3.517 3.576 3.630 3.685 3.816 3.945 4.074 4.203 4.330 4.444 4.551 4.726 4.907 5.093 5.285 5.482 5.686 5.894 6.109 6.329 6.554 6.785 7.071 7.582 8.066 8.523 8.953 9.355 9.730 10.077 10.398 10.691 10.957 11.196 11.349 11.334 11.361 11.429 11.540 11.692 11.887 12.123 12.402 12.722 13.084 13.488 13.815 13.882 13.933 13.970 13.991 13.998 13.989 13.965 13.927 13.873 13.804 13.720 13.459 12.911 12.343
3.329 3.372 3.415 3.458 3.499 3.540 3.580 3.619 3.666 3.767 3.891 4.023 4.154 4.284 4.414 4.542 4.670 4.797 4.923 5.048 5.172 5.283 5.380 5.577 5.783 5.994 6.211 6.433 6.661 6.895 7.134 7.379 7.630 7.886 8.155 8.544 8.907 9.243 9.551 9.832 10.086 10.312 10.512 10.684 10.829 10.946 11.045 11.216 11.429 11.684 11.981 12.320 12.700 13.123 13.587 14.093 14.641 15.231 15.739 15.739 15.723 15.693 15.647 15.587 15.511 15.421 15.315 15.195 15.059 14.908 14.622 13.983 13.324
3.708 3.741 3.766 3.813 3.881 3.972 4.084 4.218 4.374 4.551 4.751 4.892 5.020 5.147 5.274 5.399 5.524 5.647 5.770 5.892 6.014 6.121 6.215 6.421 6.652 6.888 7.129 7.377 7.630 7.888 8.152 8.422 8.698 8.979 9.265 9.535 9.777 9.991 10.178 10.338 10.471 10.576 10.655 10.706 10.730 10.727 10.697 11.055 11.454 11.895 12.378 12.902 13.469 14.077 14.727 15.420 16.153 16.929 17.676 17.608 17.526 17.429 17.316 17.189 17.047 16.889 16.717 16.530 16.327 16.110 15.803 15.073 14.323
3.817 3.897 3.998 4.120 4.265 4.431 4.619 4.829 5.061 5.314 5.589 5.761 5.886 6.010 6.133 6.256 6.377 6.498 6.618 6.737 6.855 6.959 7.050 7.257 7.512 7.774 8.040 8.312 8.590 8.874 9.163 9.458 9.758 10.064 10.375 10.554 10.674 10.768 10.834 10.873 10.885 10.869 10.827 10.757 10.660 10.536 10.385 10.849 11.434 12.061 12.730 13.440 14.192 14.987 15.823 16.700 17.620 18.582 19.585 19.491 19.342 19.178 18.998 18.804 18.595 18.371 18.132 17.878 17.609 17.283 16.870 16.050 15.288
3.877 4.032 4.209 4.407 4.628 4.870 5.134 5.419 5.727 6.056 6.407 6.629 6.751 6.872 6.992 7.112 7.230 7.348 7.464 7.580 7.695 7.797 7.885 8.086 8.366 8.652 8.943 9.241 9.543 9.852 10.166 10.485 10.811 11.141 11.478 11.601 11.600 11.573 11.518 11.436 11.327 11.191 11.028 10.837 10.620 10.375 10.103 10.599 11.370 12.182 13.037 13.933 14.871 15.851 16.873 17.936 19.041 20.188 21.377 21.387 21.116 20.756 20.389 20.015 19.634 19.245 18.850 18.447 18.037 17.620 17.196 16.640 16.130
3.915 4.146 4.399 4.673 4.970 5.288 5.627 5.989 6.372 6.777 7.203 7.497 7.616 7.734 7.851 7.967 8.083 8.197 8.311 8.424 8.536 8.634 8.719 8.907 9.212 9.523 9.839 10.161 10.489 10.822 11.161 11.505 11.856 12.211 12.572 12.676 12.555 12.407 12.231 12.028 11.799 11.542 11.258 10.947 10.608 10.243 9.850 10.305 11.261 12.260 13.300 14.355 15.397 16.460 17.544 18.650 19.778 20.926 22.097 22.130 21.746 21.354 20.955 20.549 20.136 19.716 19.289 18.855 18.413 17.965 17.509 17.173 16.916
3.934 4.240 4.569 4.919 5.291 5.684 6.100 6.537 6.996 7.476 7.978 8.365 8.481 8.596 8.710 8.823 8.935 9.046 9.157 9.267 9.376 9.471 9.553 9.720 10.050 10.386 10.727 11.074 11.427 11.785 12.149 12.518 12.893 13.273 13.659 13.779 13.538 13.269 12.972 12.649 12.299 11.921 11.486 10.994 10.500 10.006 9.510 9.827 10.879 11.951 13.045 14.161 15.298 16.456 17.636 18.837 20.060 21.304 22.569 22.798 22.382 21.959 21.528 21.091 20.646 20.194 19.735 19.269 18.796 18.316 17.829 17.649 17.644
3.931 4.314 4.718 5.144 5.591 6.060 6.551 7.064 7.598 8.155 8.732 9.232 9.345 9.457 9.568 9.678 9.787 9.895 10.003 10.109 10.215 10.308 10.386 10.526 10.881 11.242 11.608 11.980 12.357 12.740 13.129 13.523 13.923 14.260 14.495 14.504 14.014 13.524 13.032 12.539 12.045 11.550 11.053 10.556 10.057 9.557 9.056 9.230 10.376 11.544 12.734 13.945 15.177 16.430 17.705 19.002 20.320 21.659 23.019 23.473 23.025 22.570 22.108 21.639 21.162 20.679 20.188 19.691 19.186 18.674 18.155 18.067 18.315
3.908 4.366 4.846 5.348 5.871 6.416 6.982 7.570 8.180 8.812 9.465 10.099 10.209 10.317 10.425 10.532 10.638 10.744 10.848 10.952 11.055 11.144 11.219 11.325 11.629 11.822 12.024 12.236 12.456 12.687 12.926 13.175 13.433 13.701 13.978 14.109 13.614 13.118 12.621 12.123 11.624 11.123 10.622 10.119 9.615 9.110 8.604 8.610 9.852 11.115 12.400 13.706 15.033 16.382 17.752 19.143 20.556 21.991 23.446 24.154 23.674 23.188 22.694 22.193 21.685 21.170 20.648 20.118 19.582 19.039 18.488 18.429 18.928
3.865 4.399 4.954 5.531 6.130 6.750 7.392 8.056 8.741 9.449 10.177 10.928 11.072 11.178 11.282 11.386 11.464 11.363 11.245 11.110 10.958 10.801 10.642 10.470 10.686 10.920 11.164 11.417 11.680 11.952 12.233 12.524 12.824 13.133 13.452 13.716 13.216 12.715 12.213 11.709 11.205 10.699 10.193 9.685 9.176 8.665 8.154 7.968 9.305 10.664 12.043 13.444 14.867 16.311 17.776 19.263 20.770 22.300 23.850 24.842 24.330 23.812 23.287 22.754 22.214 21.668 21.114 20.553 19.985 19.410 18.828 18.733 19.484
3.801 4.411 5.041 5.694 6.368 7.064 7.782 8.521 9.282 10.041 10.712 11.363 11.420 11.328 11.219 11.093 10.950 10.790 10.613 10.419 10.208 9.992 9.773 9.541 9.733 10.009 10.295 10.590 10.894 11.207 11.530 11.863 12.204 12.555 12.915 13.285 12.819 12.313 11.806 11.297 10.788 10.277 9.765 9.252 8.738 8.223 7.706 7.304 8.736 10.190 11.665 13.161 14.678 16.217 17.777 19.359 20.962 22.586 24.232 25.536 24.993 24.443 23.886 23.322 22.750 22.172 21.587 20.994 20.395 19.788 19.174 18.980 19.983
3.717 4.402 5.120 5.860 6.580 7.280 7.961 8.623 9.265 9.887 10.489 11.072 11.159 11.008 10.840 10.655 10.453 10.234 9.997 9.744 9.474 9.198 8.920 8.628 8.771 9.089 9.416 9.753 10.098 10.454 10.818 11.192 11.575 11.968 12.370 12.781 12.425 11.913 11.401 10.887 10.372 9.857 9.340 8.821 8.302 7.782 7.260 6.737 8.145 9.694 11.264 12.855 14.467 16.101 17.756 19.433 21.131 22.850 24.590 26.236 25.662 25.080 24.492 23.896 23.293 22.683 22.066 21.442 20.811 20.173 19.528 19.171 20.425
4.057 4.768 5.460 6.131 6.784 7.416 8.029 8.623 9.196 9.750 10.285 10.800 10.914 10.704 10.477 10.232 9.971 9.693 9.398 9.086 8.756 8.421 8.083 7.732 7.800 8.159 8.528 8.906 9.294 9.690 10.097 10.512 10.937 11.371 11.814 12.267 12.032 11.515 10.998 10.479 9.959 9.438 8.916 8.393 7.868 7.342 6.816 6.288 7.532 9.176 10.841 12.527 14.234 15.963 17.713 19.484 21.277 23.091 24.926 26.783 26.337 25.724 25.104 24.477 23.842 23.201 22.552 21.897 21.234 20.564 19.888 19.263 20.591
4.551 5.194 5.817 6.421 7.005 7.570 8.115 8.640 9.146 9.632 10.099 10.546 10.685 10.416 10.129 9.826 9.506 9.169 8.815 8.443 8.055 7.661 7.263 6.852 6.819 7.220 7.630 8.050 8.479 8.918 9.365 9.822 10.289 10.765 11.250 11.744 11.641 11.119 10.597 10.073 9.548 9.021 8.494 7.966 7.436 6.905 6.373 5.840 6.897 8.636 10.395 12.176 13.978 15.802 17.647 19.513 21.400 23.309 25.239 27.191 27.019 26.374 25.650 24.791 23.949 23.126 22.320 21.532 20.762 20.009 19.274 18.557 19.564
5.062 5.637 6.193 6.729 7.245 7.741 8.218 8.676 9.114 9.532 9.931 10.310 10.472 10.143 9.798 9.436 9.057 8.661 8.247 7.817 7.370 6.916 6.459 5.988 5.829 6.272 6.724 7.185 7.656 8.136 8.625 9.123 9.631 10.148 10.675 11.211 11.252 10.725 10.197 9.668 9.138 8.607 8.074 7.541 7.006 6.470 5.933 5.395 6.240 8.073 9.928 11.803 13.700 15.627 17.536 19.378 21.153 22.861 24.501 26.075 25.937 25.121 24.323 23.542 22.779 22.033 21.306 20.596 19.904 19.229 18.572 17.933 18.583
5.592 6.099 6.586 7.054 7.502 7.931 8.340 8.730 9.100 9.450 9.781 10.092 10.274 9.887 9.483 9.062 8.624 8.168 7.696 7.207 6.701 6.188 5.671 5.141 4.830 5.314 5.807 6.310 6.822 7.344 7.875 8.415 8.964 9.523 10.091 10.668 10.865 10.333 9.800 9.266 8.730 8.194 7.656 7.117 6.724 6.642 6.396 5.985 6.639 8.588 10.469 12.283 14.030 15.710 17.323 18.869 20.347 21.759 23.103 24.380 24.438 23.700 22.979 22.277 21.592 20.925 20.275 19.643 19.029 18.432 17.854 17.293 17.648
