DATA/SHG/ECMWF/20170628/EN-38/20170712.en-38.asc
ncols        190
nrows        64
xllcorner    -5100000.000000000000
yllcorner    4130000.000000000000
cellsize     10000.000000000000
NODATA_value  -99999.000
[rows 0 to 32 of 64, columns 75 to 149 of 190]
0.025 0.025 0.024 0.022 0.019 0.015 0.010 0.009 0.011 0.015 0.019 0.025 0.031 0.038 0.046 0.055 0.064 0.075 0.085 0.090 0.094 0.098 0.102 0.105 0.108 0.111 0.113 0.115 0.117 0.118 0.120 0.125 0.130 0.135 0.141 0.146 0.151 0.157 0.162 0.168 0.174 0.180 0.201 0.270 0.341 0.414 0.490 0.568 0.648 0.730 0.815 0.901 0.990 1.082 1.159 1.186 1.212 1.237 1.260 1.281 1.301 1.319 1.336 1.351 1.364 1.376 1.475 1.830 2.196 2.576 2.967 3.372 3.788 4.217 4.659
0.007 0.012 0.015 0.017 0.018 0.017 0.017 0.022 0.028 0.034 0.042 0.050 0.059 0.069 0.080 0.092 0.105 0.119 0.132 0.136 0.139 0.141 0.143 0.145 0.147 0.148 0.149 0.150 0.150 0.150 0.150 0.156 0.161 0.167 0.172 0.178 0.184 0.190 0.196 0.203 0.209 0.215 0.231 0.310 0.391 0.474 0.560 0.648 0.738 0.830 0.925 1.022 1.121 1.222 1.314 1.334 1.354 1.371 1.387 1.401 1.414 1.425 1.435 1.443 1.449 1.454 1.518 1.928 2.351 2.785 3.233 3.693 4.165 4.650 5.147
0.040 0.041 0.040 0.038 0.035 0.031 0.026 0.034 0.043 0.053 0.063 0.075 0.087 0.100 0.114 0.129 0.145 0.162 0.179 0.182 0.183 0.185 0.185 0.186 0.186 0.186 0.185 0.184 0.183 0.182 0.180 0.186 0.192 0.198 0.204 0.210 0.217 0.223 0.230 0.237 0.244 0.251 0.258 0.347 0.438 0.532 0.627 0.725 0.825 0.928 1.032 1.139 1.248 1.359 1.471 1.484 1.496 1.506 1.515 1.523 1.528 1.532 1.535 1.536 1.535 1.533 1.566 2.047 2.509 2.954 3.381 3.791 4.182 4.556 4.912
0.074 0.071 0.066 0.060 0.053 0.045 0.036 0.046 0.058 0.070 0.084 0.099 0.114 0.130 0.147 0.165 0.184 0.204 0.225 0.228 0.228 0.228 0.227 0.226 0.225 0.224 0.222 0.219 0.217 0.214 0.211 0.216 0.222 0.229 0.236 0.243 0.249 0.256 0.264 0.271 0.278 0.286 0.293 0.382 0.483 0.587 0.692 0.800 0.910 1.023 1.137 1.254 1.373 1.494 1.618 1.635 1.640 1.636 1.631 1.637 1.653 1.678 1.714 1.760 1.816 1.883 1.959 2.337 2.721 3.087 3.435 3.765 4.077 4.372 4.649
0.109 0.101 0.093 0.083 0.073 0.061 0.048 0.056 0.071 0.087 0.104 0.121 0.140 0.159 0.179 0.201 0.222 0.245 0.269 0.275 0.274 0.272 0.270 0.267 0.265 0.262 0.258 0.255 0.251 0.247 0.242 0.246 0.253 0.260 0.267 0.274 0.282 0.289 0.297 0.305 0.312 0.320 0.328 0.415 0.526 0.639 0.755 0.873 0.986 1.090 1.191 1.288 1.381 1.470 1.555 1.581 1.602 1.632 1.672 1.723 1.784 1.855 1.935 2.026 2.127 2.238 2.360 2.645 2.950 3.236 3.505 3.756 3.990 4.205 4.403
0.145 0.133 0.121 0.108 0.093 0.078 0.061 0.066 0.084 0.103 0.123 0.144 0.165 0.187 0.211 0.235 0.260 0.286 0.313 0.322 0.319 0.316 0.313 0.309 0.305 0.300 0.295 0.290 0.285 0.279 0.273 0.276 0.283 0.291 0.298 0.306 0.314 0.322 0.330 0.344 0.360 0.373 0.382 0.456 0.563 0.666 0.765 0.860 0.951 1.038 1.122 1.202 1.278 1.350 1.418 1.477 1.543 1.618 1.703 1.799 1.904 2.020 2.146 2.282 2.428 2.583 2.749 2.970 3.196 3.403 3.593 3.765 3.920 4.056 4.175
0.181 0.166 0.150 0.133 0.114 0.095 0.074 0.075 0.096 0.118 0.141 0.165 0.189 0.215 0.241 0.268 0.296 0.325 0.355 0.369 0.365 0.360 0.356 0.350 0.345 0.339 0.333 0.326 0.320 0.312 0.321 0.345 0.372 0.396 0.417 0.435 0.449 0.460 0.468 0.472 0.473 0.471 0.466 0.512 0.601 0.687 0.769 0.846 0.921 0.991 1.057 1.120 1.178 1.233 1.284 1.363 1.473 1.594 1.724 1.864 2.015 2.175 2.346 2.526 2.717 2.918 3.129 3.312 3.459 3.587 3.698 3.792 3.867 3.925 3.965
0.219 0.200 0.180 0.159 0.137 0.114 0.089 0.083 0.108 0.133 0.158 0.185 0.213 0.241 0.271 0.301 0.332 0.364 0.397 0.417 0.411 0.428 0.452 0.474 0.494 0.513 0.531 0.546 0.560 0.572 0.582 0.593 0.606 0.616 0.622 0.625 0.624 0.620 0.613 0.603 0.590 0.573 0.553 0.571 0.643 0.712 0.776 0.837 0.894 0.947 0.996 1.042 1.083 1.121 1.155 1.239 1.394 1.559 1.734 1.919 2.115 2.320 2.535 2.761 2.996 3.242 3.497 3.672 3.739 3.789 3.821 3.835 3.832 3.811 3.772
0.258 0.235 0.211 0.186 0.160 0.133 0.105 0.091 0.118 0.146 0.175 0.205 0.236 0.282 0.381 0.470 0.549 0.619 0.679 0.721 0.741 0.759 0.775 0.790 0.803 0.814 0.823 0.831 0.837 0.842 0.844 0.845 0.843 0.838 0.829 0.818 0.803 0.784 0.763 0.738 0.709 0.678 0.643 0.634 0.689 0.741 0.788 0.832 0.872 0.908 0.940 0.968 0.993 1.013 1.030 1.104 1.304 1.514 1.734 1.964 2.204 2.454 2.714 2.984 3.265 3.555 3.855 4.048 4.037 4.008 3.961 3.897 3.815 3.715 3.597
0.297 0.271 0.243 0.214 0.184 0.154 0.155 0.235 0.358 0.471 0.574 0.668 0.752 0.827 0.892 0.947 0.993 1.030 1.056 1.069 1.081 1.092 1.100 1.107 1.113 1.116 1.118 1.118 1.116 1.113 1.108 1.100 1.084 1.064 1.040 1.014 0.984 0.951 0.915 0.875 0.832 0.786 0.737 0.701 0.740 0.774 0.804 0.831 0.853 0.872 0.887 0.898 0.906 0.909 0.909 0.959 1.204 1.459 1.724 1.998 2.283 2.578 2.883 3.198 3.523 3.858 4.203 4.442 4.352 4.244 4.119 3.975 3.815 3.636 3.440
0.466 0.530 0.597 0.668 0.743 0.821 0.903 0.989 1.078 1.157 1.227 1.287 1.338 1.379 1.411 1.433 1.445 1.448 1.442 1.420 1.423 1.426 1.427 1.426 1.424 1.420 1.414 1.406 1.397 1.386 1.373 1.359 1.327 1.293 1.255 1.214 1.169 1.122 1.071 1.016 0.959 0.898 0.834 0.773 0.794 0.811 0.824 0.834 0.839 0.841 0.839 0.833 0.823 0.810 0.792 0.804 1.094 1.393 1.703 2.022 2.352 2.691 3.041 3.401 3.770 4.150 4.540 4.853 4.684 4.497 4.293 4.071 3.832 3.575 3.300
1.136 1.212 1.292 1.376 1.463 1.553 1.648 1.745 1.806 1.852 1.888 1.915 1.932 1.940 1.938 1.926 1.905 1.875 1.835 1.779 1.767 1.762 1.755 1.747 1.736 1.725 1.711 1.696 1.679 1.660 1.640 1.618 1.574 1.525 1.472 1.417 1.358 1.295 1.230 1.161 1.089 1.013 0.935 0.853 0.852 0.852 0.848 0.840 0.829 0.814 0.794 0.771 0.745 0.714 0.679 0.641 0.973 1.318 1.672 2.036 2.410 2.794 3.189 3.593 4.007 4.431 4.843 5.199 4.920 4.643 4.368 4.095 3.825 3.556 3.290
1.801 1.890 1.982 2.078 2.178 2.281 2.388 2.498 2.541 2.554 2.557 2.550 2.534 2.508 2.473 2.428 2.373 2.309 2.236 2.147 2.112 2.099 2.085 2.068 2.051 2.031 2.010 1.987 1.963 1.936 1.908 1.879 1.824 1.760 1.693 1.623 1.549 1.472 1.392 1.309 1.222 1.132 1.039 0.942 0.914 0.897 0.876 0.851 0.823 0.790 0.754 0.714 0.670 0.622 0.571 0.516 0.843 1.248 1.670 2.082 2.487 2.883 3.271 3.651 4.023 4.386 4.741 5.088 4.860 4.592 4.326 4.063 3.802 3.542 3.285
2.462 2.564 2.668 2.777 2.889 3.004 3.123 3.246 3.285 3.264 3.233 3.193 3.143 3.084 3.015 2.937 2.849 2.752 2.645 2.523 2.458 2.438 2.415 2.392 2.366 2.339 2.310 2.280 2.248 2.214 2.178 2.141 2.078 1.999 1.917 1.832 1.744 1.653 1.558 1.460 1.358 1.254 1.146 1.035 0.980 0.946 0.908 0.866 0.851 0.861 0.866 0.864 0.855 0.840 0.819 0.792 1.091 1.484 1.868 2.244 2.612 2.972 3.323 3.667 4.001 4.328 4.647 4.957 4.798 4.539 4.283 4.029 3.777 3.527 3.279
3.119 3.233 3.350 3.471 3.595 3.723 3.854 3.989 4.036 3.981 3.917 3.844 3.761 3.668 3.566 3.454 3.333 3.203 3.063 2.907 2.806 2.778 2.748 2.717 2.683 2.649 2.612 2.574 2.534 2.493 2.449 2.404 2.334 2.241 2.145 2.045 1.942 1.836 1.727 1.640 1.580 1.525 1.475 1.430 1.420 1.428 1.429 1.424 1.413 1.395 1.371 1.340 1.304 1.260 1.211 1.155 1.371 1.727 2.075 2.414 2.746 3.069 3.384 3.690 3.989 4.279 4.561 4.834 4.734 4.485 4.238 3.993 3.750 3.509 3.270
3.772 3.898 4.027 4.161 4.297 4.437 4.581 4.729 4.794 4.707 4.609 4.502 4.386 4.260 4.125 3.980 3.825 3.661 3.488 3.298 3.155 3.119 3.082 3.043 3.002 2.960 2.916 2.870 2.822 2.773 2.741 2.709 2.651 2.580 2.513 2.451 2.393 2.340 2.292 2.248 2.209 2.175 2.145 2.120 2.101 2.080 2.053 2.020 1.980 1.934 1.882 1.823 1.758 1.687 1.609 1.525 1.659 1.978 2.289 2.592 2.887 3.174 3.452 3.722 3.984 4.238 4.483 4.720 4.668 4.428 4.190 3.954 3.721 3.489 3.260
4.420 4.559 4.700 4.846 4.995 5.148 5.304 5.464 5.561 5.440 5.309 5.169 5.019 4.860 4.691 4.513 4.325 4.128 3.921 3.698 3.505 3.529 3.588 3.627 3.647 3.646 3.626 3.585 3.525 3.444 3.344 3.224 3.111 3.060 3.013 2.972 2.935 2.902 2.874 2.851 2.833 2.819 2.809 2.805 2.788 2.739 2.684 2.622 2.554 2.480 2.399 2.312 2.218 2.119 2.013 1.900 1.954 2.237 2.512 2.779 3.037 3.287 3.529 3.762 3.988 4.205 4.414 4.614 4.600 4.370 4.141 3.914 3.690 3.468 3.247
5.064 5.215 5.369 5.527 5.689 5.854 6.022 6.194 6.335 6.181 6.017 5.843 5.660 5.471 5.337 5.227 5.140 5.077 5.038 5.000 4.964 4.954 4.924 4.874 4.805 4.715 4.605 4.476 4.327 4.157 3.968 3.759 3.565 3.534 3.508 3.487 3.471 3.459 3.451 3.448 3.450 3.457 3.468 3.483 3.481 3.404 3.320 3.230 3.134 3.031 2.922 2.806 2.685 2.557 2.422 2.282 2.258 2.505 2.743 2.973 3.195 3.408 3.613 3.811 3.999 4.180 4.352 4.517 4.531 4.309 4.090 3.872 3.657 3.444 3.233
5.704 5.867 6.034 6.204 6.378 6.555 6.736 6.898 7.033 6.869 6.723 6.600 6.501 6.425 6.374 6.346 6.342 6.362 6.406 6.451 6.494 6.399 6.280 6.142 5.983 5.805 5.606 5.388 5.150 4.891 4.613 4.315 4.013 4.003 3.998 3.997 4.001 4.009 4.022 4.040 4.062 4.089 4.120 4.156 4.180 4.074 3.962 3.844 3.719 3.588 3.451 3.307 3.157 3.001 2.838 2.669 2.570 2.780 2.982 3.175 3.361 3.538 3.706 3.867 4.019 4.164 4.300 4.427 4.459 4.247 4.036 3.828 3.622 3.418 3.217
6.461 6.695 6.901 7.078 7.227 7.348 7.440 7.504 7.540 7.470 7.406 7.365 7.349 7.356 7.388 7.442 7.521 7.624 7.750 7.878 8.005 7.865 7.657 7.430 7.182 6.915 6.628 6.321 5.994 5.647 5.280 4.893 4.487 4.466 4.481 4.501 4.525 4.554 4.587 4.625 4.668 4.715 4.767 4.824 4.884 4.750 4.610 4.463 4.310 4.151 3.986 3.814 3.636 3.451 3.260 3.063 2.890 3.063 3.229 3.386 3.535 3.675 3.808 3.932 4.048 4.155 4.255 4.346 4.385 4.182 3.981 3.782 3.586 3.391 3.198
7.785 7.921 8.027 8.106 8.156 8.177 8.170 8.135 8.072 8.048 8.066 8.109 8.175 8.265 8.378 8.516 8.677 8.862 9.071 9.282 9.493 9.351 9.055 8.738 8.402 8.046 7.670 7.274 6.859 6.423 5.967 5.492 4.997 4.924 4.959 4.999 5.044 5.093 5.147 5.205 5.268 5.336 5.408 5.485 5.566 5.432 5.264 5.089 4.908 4.720 4.526 4.326 4.120 3.907 3.688 3.463 3.231 3.355 3.484 3.604 3.717 3.821 3.917 4.005 4.084 4.156 4.219 4.260 4.261 4.038 3.823 3.614 3.413 3.218 3.030
9.135 9.171 9.178 9.158 9.109 9.031 8.926 8.792 8.629 8.603 8.704 8.829 8.978 9.150 9.347 9.567 9.810 10.078 10.369 10.663 10.957 10.858 10.472 10.067 9.643 9.198 8.733 8.249 7.744 7.220 6.676 6.112 5.528 5.375 5.431 5.492 5.557 5.626 5.700 5.779 5.863 5.951 6.043 6.141 6.242 6.120 5.923 5.720 5.511 5.295 5.073 4.845 4.610 4.369 4.122 3.868 3.608 3.654 3.742 3.811 3.867 3.911 3.942 3.961 3.966 3.959 3.940 3.908 3.863 3.681 3.496 3.318 3.147 2.983 2.826
10.508 10.446 10.354 10.235 10.087 9.911 9.706 9.473 9.212 9.136 9.319 9.527 9.758 10.013 10.292 10.594 10.920 11.270 11.644 12.021 12.398 12.385 11.911 11.417 10.904 10.370 9.817 9.244 8.651 8.038 7.406 6.753 6.081 5.822 5.898 5.979 6.064 6.154 6.249 6.348 6.451 6.560 6.673 6.790 6.913 6.814 6.589 6.358 6.120 5.869 5.602 5.332 5.059 4.782 4.502 4.218 3.931 3.882 3.907 3.920 3.921 3.908 3.883 3.846 3.795 3.732 3.657 3.569 3.468 3.317 3.162 3.015 2.875 2.741 2.615
11.907 11.745 11.555 11.337 11.090 10.815 10.511 10.180 9.820 9.646 9.912 10.202 10.516 10.853 11.214 11.599 12.008 12.440 12.896 13.356 13.816 13.932 13.370 12.788 12.186 11.564 10.922 10.260 9.579 8.878 8.156 7.415 6.655 6.262 6.359 6.460 6.566 6.676 6.791 6.910 7.025 7.130 7.238 7.351 7.468 7.383 7.114 6.843 6.568 6.289 6.007 5.722 5.433 5.141 4.846 4.547 4.244 4.116 4.086 4.043 3.987 3.919 3.837 3.744 3.637 3.519 3.387 3.243 3.086 2.946 2.822 2.706 2.596 2.493 2.397
13.330 13.070 12.781 12.463 12.118 11.744 11.342 10.912 10.453 10.134 10.483 10.855 11.251 11.671 12.114 12.581 13.072 13.587 14.125 14.668 15.211 15.500 14.849 14.179 13.488 12.778 12.047 11.297 10.527 9.738 8.928 8.076 7.198 6.644 6.737 6.835 6.937 7.043 7.153 7.268 7.386 7.509 7.636 7.767 7.902 7.867 7.584 7.297 7.007 6.713 6.416 6.115 5.811 5.503 5.192 4.878 4.560 4.363 4.277 4.178 4.066 3.942 3.805 3.655 3.493 3.318 3.130 2.930 2.717 2.569 2.476 2.390 2.311 2.238 2.173
14.778 14.419 14.031 13.615 13.171 12.698 12.198 11.669 11.112 10.599 11.030 11.485 11.963 12.465 12.991 13.541 14.114 14.710 15.331 15.956 16.583 17.089 16.250 15.264 14.302 13.364 12.449 11.557 10.689 9.845 9.024 8.227 7.453 6.871 6.983 7.099 7.220 7.344 7.473 7.606 7.743 7.884 8.029 8.179 8.332 8.355 8.056 7.754 7.448 7.139 6.827 6.511 6.191 5.869 5.542 5.213 4.880 4.623 4.481 4.326 4.158 3.977 3.784 3.579 3.360 3.130 2.886 2.630 2.361 2.186 2.124 2.068 2.019 1.977 1.943
16.250 15.792 15.306 14.792 14.249 13.678 13.079 12.451 11.795 11.112 11.556 12.093 12.653 13.238 13.813 14.181 14.541 14.893 15.237 15.591 15.954 16.312 15.437 14.556 13.698 12.864 12.053 11.266 10.502 9.761 9.044 8.351 7.681 7.093 7.224 7.359 7.497 7.640 7.787 7.939 8.094 8.254 8.417 8.585 8.757 8.846 8.532 8.215 7.894 7.569 7.241 6.910 6.575 6.237 5.896 5.551 5.202 4.896 4.697 4.486 4.262 4.026 3.777 3.515 3.241 2.954 2.655 2.343 2.018 1.797 1.765 1.740 1.721 1.710 1.706
17.748 17.191 16.606 15.993 15.352 14.682 13.984 13.210 12.260 11.337 11.476 11.848 12.212 12.568 12.917 13.259 13.592 13.918 14.236 14.563 14.900 15.231 14.600 13.823 13.069 12.339 11.632 10.948 10.289 9.652 9.039 8.450 7.884 7.341 7.460 7.613 7.770 7.932 8.097 8.267 8.440 8.618 8.801 8.987 9.177 9.340 9.011 8.678 8.342 8.002 7.659 7.312 6.962 6.609 6.252 5.892 5.528 5.181 4.926 4.659 4.380 4.087 3.783 3.465 3.135 2.792 2.437 2.069 1.689 1.401 1.399 1.405 1.417 1.436 1.462
19.143 18.098 17.079 16.088 15.124 14.187 13.277 12.394 11.538 10.709 10.693 11.039 11.377 11.707 12.030 12.345 12.652 12.952 13.244 13.544 13.854 14.159 13.737 13.064 12.414 11.788 11.185 10.606 10.050 9.517 9.008 8.523 8.061 7.622 7.691 7.863 8.038 8.218 8.402 8.590 8.782 8.978 9.179 9.383 9.592 9.805 9.493 9.144 8.793 8.438 8.079 7.717 7.352 6.983 6.611 6.236 5.857 5.478 5.168 4.845 4.510 4.162 3.801 3.428 3.042 2.643 2.232 1.808 1.372 0.999 1.028 1.064 1.106 1.156 1.212
17.645 16.694 15.770 14.873 14.003 13.160 12.343 11.554 10.792 10.058 9.919 10.238 10.550 10.854 11.150 11.439 11.720 11.993 12.259 12.533 12.817 13.094 12.850 12.280 11.735 11.212 10.713 10.238 9.786 9.357 8.952 8.570 8.212 7.877 7.917 8.107 8.301 8.499 8.702 8.908 9.118 9.333 9.552 9.775 10.002 10.233 9.977 9.614 9.247 8.877 8.503 8.126 7.745 7.361 6.974 6.583 6.189 5.791 5.423 5.044 4.652 4.249 3.832 3.403 2.961 2.507 2.040 1.561 1.068 0.615 0.730 0.840 0.945 1.046 1.141
16.125 15.268 14.437 13.634 12.858 12.109 11.386 10.691 10.023 9.382 9.152 9.445 9.730 10.008 10.278 10.540 10.795 11.042 11.282 11.530 11.787 12.038 11.937 11.472 11.030 10.611 10.216 9.844 9.496 9.171 8.870 8.592 8.337 8.106 8.139 8.347 8.559 8.776 8.997 9.221 9.450 9.683 9.920 10.162 10.407 10.657 10.465 10.087 9.704 9.319 8.930 8.537 8.142 7.742 7.340 6.934 6.524 6.111 5.690 5.255 4.789 4.292 3.808 3.338 2.881 2.439 2.010 1.594 1.193 0.805 0.868 0.957 1.041 1.120 1.195
14.581 13.818 13.081 12.372 11.690 11.034 10.406 9.804 9.230 8.683 8.393 8.660 8.919 9.170 9.414 9.650 9.879 10.100 10.313 10.535 10.765 10.990 10.999 10.638 10.300 9.985 9.693 9.425 9.181 8.960 8.762 8.588 8.437 8.309 8.356 8.582 8.813 9.048 9.287 9.530 9.777 10.028 10.284 10.543 10.807 11.075 10.956 10.562 10.165 9.764 9.360 8.914 8.382 7.858 7.342 6.834 6.334 5.842 5.363 4.899 4.448 4.011 3.587 3.178 2.782 2.400 2.031 1.676 1.335 1.008 1.011 1.079 1.142 1.200 1.253
13.014 12.345 11.702 11.087 10.498 9.936 9.402 8.894 8.413 7.960 7.642 7.883 8.116 8.341 8.558 8.768 8.971 9.165 9.352 9.547 9.751 9.949 10.037 9.779 9.544 9.333 9.146 8.981 8.840 8.723 8.629 8.558 8.510 8.486 8.568 8.812 9.061 9.315 9.572 9.833 10.099 10.368 10.608 10.745 10.869 10.979 10.778 10.241 9.712 9.191 8.678 8.174 7.677 7.189 6.709 6.237 5.772 5.316 4.887 4.483 4.093 3.716 3.353 3.004 2.669 2.347 2.039 1.744 1.463 1.196 1.158 1.205 1.247 1.284 1.316
