DATA/SHG/ECMWF/20170628/EN-38/20170703.en-38.asc
ncols        190
nrows        64
xllcorner    -5100000.000000000000
yllcorner    4130000.000000000000
cellsize     10000.000000000000
NODATA_value  -99999.000
[rows 32 to 63 of 64, columns 0 to 71 of 190]
9.074 8.533 8.381 8.269 8.153 8.035 7.914 7.791 7.664 7.535 7.403 7.269 7.131 6.991 6.681 6.342 5.984 5.606 5.209 4.793 4.358 3.903 3.429 2.936 2.423 1.891 1.965 2.041 2.110 2.172 2.226 2.273 2.312 2.344 2.369 2.386 2.396 2.397 2.301 2.196 2.084 1.965 1.837 1.702 1.560 1.409 1.251 1.203 1.181 1.157 1.561 2.018 2.528 3.091 3.707 4.376 5.098 5.873 6.702 7.583 8.518 9.434 9.659 9.853 10.016 10.147 10.247 10.317 10.355 10.361 10.337 10.281
10.397 9.602 9.307 9.185 9.060 8.932 8.801 8.668 8.531 8.392 8.251 8.106 7.959 7.809 7.468 7.061 6.636 6.190 5.726 5.242 4.739 4.217 3.675 3.114 2.534 1.934 1.883 1.934 1.977 2.013 2.041 2.062 2.076 2.083 2.082 2.073 2.058 2.035 1.923 1.792 1.848 1.926 1.976 1.997 1.990 1.955 1.892 1.801 1.681 1.534 2.062 2.703 3.398 4.146 4.947 5.800 6.707 7.667 8.680 9.746 10.865 12.037 12.199 12.284 12.338 12.361 12.353 12.313 12.242 12.140 12.007 11.843
11.798 10.750 10.235 10.103 9.968 9.830 9.690 9.546 9.400 9.251 9.100 8.946 8.789 8.629 8.275 7.801 7.308 6.795 6.263 5.711 5.141 4.551 3.942 3.313 2.665 1.998 1.809 1.834 1.852 1.862 1.865 1.860 1.848 2.082 2.329 2.567 2.796 3.017 3.119 3.155 3.162 3.142 3.093 3.016 2.911 2.778 2.616 2.427 2.209 1.963 2.509 3.336 4.215 5.147 6.133 7.171 8.262 9.406 10.604 11.854 13.157 14.513 14.767 14.743 14.688 14.602 14.485 14.337 14.157 13.947 13.705 13.432
13.278 11.976 11.165 11.023 10.878 10.730 10.580 10.427 10.271 10.112 9.951 9.787 9.620 9.450 9.102 8.560 7.999 7.419 6.819 6.200 5.562 4.905 4.228 3.532 2.817 2.093 2.033 2.310 2.579 2.838 3.089 3.332 3.565 3.791 4.007 4.215 4.414 4.605 4.657 4.594 4.503 4.384 4.237 4.062 3.859 3.627 3.368 3.080 2.764 2.420 2.904 3.915 4.978 6.095 7.265 8.487 9.763 11.092 12.473 13.907 15.395 16.935 17.361 17.228 17.065 16.870 16.644 16.387 16.099 15.780 15.430 15.049
14.836 13.280 12.096 11.944 11.790 11.632 11.472 11.309 11.144 10.975 10.804 10.630 10.454 10.274 9.949 9.340 8.711 8.063 7.414 6.860 6.332 5.831 5.356 4.907 4.484 4.088 3.961 4.208 4.446 4.675 4.896 5.108 5.311 5.506 5.692 5.870 6.039 6.199 6.221 6.060 5.871 5.654 5.409 5.135 4.834 4.504 4.146 3.760 3.346 2.904 3.245 4.440 5.688 6.989 8.343 9.750 11.210 12.723 14.288 15.907 17.578 19.302 19.981 19.740 19.468 19.165 18.831 18.465 18.069 17.641 17.182 16.693
16.472 14.663 13.030 12.868 12.704 12.536 12.366 12.194 12.018 11.840 11.659 11.469 11.274 11.097 10.854 10.286 9.745 9.230 8.741 8.278 7.842 7.431 7.047 6.689 6.358 6.052 5.895 6.111 6.319 6.518 6.708 6.890 7.063 7.228 7.384 7.531 7.670 7.800 7.813 7.553 7.266 6.951 6.607 6.236 5.836 5.408 4.952 4.468 3.956 3.415 3.533 4.912 6.345 7.830 9.368 10.959 12.603 14.299 16.049 17.851 19.707 21.615 22.629 22.279 21.899 21.487 21.044 20.570 20.065 19.529 18.962 18.364
18.186 16.124 13.990 13.793 13.577 13.319 13.080 12.857 12.653 12.467 12.299 12.149 12.016 11.902 11.787 11.311 10.860 10.436 10.038 9.667 9.321 9.002 8.709 8.442 8.201 7.986 7.836 8.022 8.199 8.368 8.528 8.679 8.822 8.957 9.082 9.199 9.308 9.408 9.430 9.073 8.688 8.274 7.832 7.363 6.865 6.339 5.785 5.203 4.593 3.954 3.768 5.331 6.948 8.617 10.339 12.114 13.942 15.822 17.756 19.742 21.781 23.873 25.303 24.845 24.356 23.836 23.285 22.703 22.089 21.445 21.293 21.590
19.120 16.827 14.575 14.013 13.800 13.605 13.427 13.267 13.126 13.002 12.896 12.808 12.738 12.686 12.652 12.306 11.947 11.614 11.307 11.026 10.771 10.543 10.341 10.165 10.015 9.891 9.794 9.938 10.085 10.224 10.354 10.475 10.588 10.692 10.787 10.874 10.952 11.022 11.075 10.620 10.136 9.624 9.085 8.517 7.921 7.297 6.645 5.965 5.257 4.521 3.950 5.697 7.497 9.351 11.257 13.215 15.227 17.291 19.408 21.578 23.801 26.077 28.004 27.646 27.491 27.464 27.565 27.794 28.151 28.635 29.248 29.988
19.186 17.038 14.932 14.154 14.003 13.870 13.755 13.658 13.578 13.517 13.473 13.448 13.440 13.451 13.479 13.272 13.004 12.762 12.546 12.356 12.192 12.055 11.943 11.858 11.799 11.766 11.759 11.862 11.978 12.087 12.186 12.277 12.360 12.434 12.499 12.556 12.604 12.643 12.674 12.193 11.611 11.001 10.364 9.698 9.004 8.282 7.533 6.755 5.949 5.115 4.253 6.010 7.994 10.031 12.121 14.263 16.693 19.225 21.780 24.356 26.955 29.575 32.213 32.373 32.661 33.077 33.620 34.292 35.091 36.018 37.072 38.255
19.206 17.203 15.243 14.274 14.186 14.115 14.062 14.028 14.011 14.012 14.031 14.067 14.122 14.195 14.285 14.209 14.032 13.881 13.755 13.656 13.583 13.537 13.516 13.522 13.553 13.611 13.695 13.791 13.878 13.956 14.025 14.086 14.139 14.182 14.217 14.244 14.262 14.271 14.272 13.792 13.113 12.405 11.670 10.906 10.114 9.295 8.447 7.571 6.668 6.016 5.495 7.378 9.877 12.398 14.941 17.506 20.093 22.702 25.332 27.985 30.660 33.356 36.074 36.971 37.701 38.559 39.545 40.659 41.900 43.269 44.766 46.390
19.180 17.323 15.508 14.375 14.349 14.341 14.350 14.378 14.423 14.487 14.568 14.667 14.784 14.919 15.071 15.117 15.031 14.970 14.936 14.928 14.945 14.989 15.060 15.156 15.278 15.427 15.601 15.728 15.784 15.832 15.871 15.902 15.924 15.937 15.942 15.939 15.926 15.906 15.876 15.419 14.641 13.836 12.932 12.105 11.365 10.711 10.145 9.664 9.271 8.964 8.744 10.371 12.946 15.543 18.163 20.804 23.467 26.152 28.859 31.587 34.338 37.110 39.905 41.440 42.613 43.913 45.341 46.896 48.579 50.390 52.328 54.394
19.108 17.397 15.727 14.456 14.492 14.546 14.618 14.708 14.816 14.941 15.085 15.246 15.425 15.622 15.837 15.996 16.000 16.031 16.087 16.169 16.278 16.413 16.573 16.760 16.973 17.212 17.477 17.670 17.697 17.714 17.723 17.724 17.716 17.699 17.671 17.476 17.204 16.856 16.431 15.785 14.999 14.299 13.687 13.161 12.721 12.368 12.102 11.923 11.830 11.823 11.904 13.338 15.989 18.663 21.358 24.075 26.814 29.575 32.358 35.163 37.990 40.838 43.709 45.781 47.395 49.137 51.007 53.004 55.128 57.380 59.760 62.267
18.991 17.425 15.901 14.518 14.616 14.732 14.867 15.019 15.189 15.376 15.582 15.805 16.047 16.306 16.583 16.846 16.941 17.062 17.209 17.382 17.581 17.807 18.058 18.335 18.639 18.968 19.324 19.634 19.708 19.705 19.626 19.471 19.239 18.931 18.546 18.084 17.546 16.932 16.241 15.550 15.064 14.665 14.353 14.128 13.989 13.936 13.971 14.092 14.299 14.593 14.973 16.279 19.006 21.756 24.527 27.321 30.136 32.973 35.832 38.713 41.615 44.540 47.486 49.993 52.049 54.233 56.543 58.982 61.548 64.241 67.061 70.010
18.829 17.408 16.029 14.691 14.720 14.899 15.095 15.309 15.541 15.791 16.059 16.345 16.648 16.969 17.309 17.666 17.853 18.064 18.302 18.566 18.831 19.079 19.420 19.855 20.382 21.003 21.717 22.449 22.257 21.988 21.643 21.221 20.723 20.149 19.498 18.771 17.967 17.087 16.130 15.227 15.042 14.944 14.932 15.007 15.168 15.416 15.750 16.171 16.679 17.273 17.953 19.194 21.998 24.823 27.671 30.540 33.431 36.344 39.279 42.236 45.214 48.215 51.237 54.077 56.574 59.199 61.951 64.830 67.837 70.971 74.233 77.621
18.622 17.345 16.111 14.918 14.804 15.045 15.304 15.580 15.874 16.186 16.516 16.864 17.230 17.601 17.817 17.831 17.910 18.110 18.403 18.789 19.268 19.840 20.505 21.263 22.114 23.057 24.094 25.224 24.882 24.348 23.736 23.049 22.285 21.445 20.528 19.535 18.465 17.319 16.097 14.816 14.932 15.134 15.422 15.797 16.259 16.807 17.441 18.162 18.970 19.863 20.844 22.083 24.963 27.864 30.788 33.733 36.700 39.689 42.700 45.733 48.787 51.863 54.962 58.033 60.971 64.037 67.230 70.550 73.997 77.572 81.274 85.103
18.368 17.237 16.148 15.100 14.869 15.172 15.831 16.763 17.492 18.017 18.339 18.459 18.374 18.087 17.596 16.902 16.955 17.478 18.095 18.804 19.606 20.502 21.490 22.571 23.745 25.012 26.372 27.824 27.584 26.783 25.906 24.953 23.923 22.817 21.635 20.376 19.041 17.630 16.142 14.578 14.734 15.236 15.825 16.500 17.261 18.109 19.043 20.064 21.171 22.365 23.645 25.011 27.902 30.880 33.879 36.900 39.943 43.008 46.095 49.203 52.334 55.486 58.660 61.861 65.240 68.746 72.379 76.140 80.028 84.043 88.185 92.454
19.651 19.697 19.801 19.965 20.429 21.059 21.487 21.711 21.732 21.550 21.165 20.577 19.785 18.791 17.593 16.192 15.901 16.748 17.688 18.720 19.846 21.064 22.375 23.779 25.276 26.866 28.549 30.324 30.362 29.296 28.153 26.934 25.639 24.267 22.820 21.295 19.695 18.018 16.265 14.436 14.449 15.251 16.140 17.114 18.176 19.323 20.557 21.877 23.284 24.777 26.356 28.022 30.816 33.869 36.944 40.042 43.160 46.301 49.464 52.648 55.854 59.082 62.332 65.603 69.380 73.236 76.166 79.033 81.838 84.580 87.259 89.875
26.476 26.726 27.035 27.403 27.714 27.637 27.356 26.873 26.187 25.298 24.206 22.911 21.413 19.712 17.808 15.701 14.750 15.920 17.182 18.538 19.986 21.528 23.161 24.888 26.708 28.620 30.626 32.724 33.217 31.885 30.476 28.992 27.431 25.794 24.081 22.292 20.426 18.485 16.467 14.372 14.077 15.179 16.367 17.641 19.002 20.449 21.982 23.602 25.307 27.100 28.978 30.943 33.703 36.833 39.984 43.157 46.352 49.568 52.715 55.301 57.818 60.266 62.647 64.959 67.665 70.442 73.156 75.808 78.397 80.923 83.386 85.787
33.227 33.681 34.195 34.767 35.212 34.427 33.440 32.250 30.857 29.262 27.463 25.462 23.258 20.850 18.241 15.428 13.500 14.993 16.579 18.257 20.028 21.892 23.849 25.898 28.040 30.275 32.603 35.023 36.147 34.550 32.876 31.126 29.301 27.399 25.420 23.366 21.235 19.029 16.746 14.386 13.617 15.018 16.506 18.080 19.740 21.486 23.318 25.237 27.242 29.334 31.511 33.714 36.146 38.906 41.597 44.220 46.774 49.261 51.679 54.029 56.311 58.524 60.670 62.747 65.148 67.710 70.209 72.645 75.018 77.329 79.577 81.763
39.905 40.563 41.281 42.057 42.893 41.431 39.737 37.841 35.742 33.440 30.936 28.229 25.319 22.206 18.891 15.372 12.153 13.969 15.877 17.878 19.971 22.158 24.437 26.808 29.273 31.830 34.480 37.222 39.153 37.291 35.352 33.338 31.247 29.080 26.836 24.517 22.122 19.650 17.102 14.478 13.070 14.771 16.558 18.431 20.443 22.592 24.692 26.745 28.749 30.704 32.611 34.470 36.589 39.113 41.569 43.956 46.276 48.527 50.710 52.825 54.871 56.850 58.760 60.602 62.695 65.041 67.324 69.545 71.703 73.799 75.832 77.802
46.509 47.372 48.293 49.274 50.314 48.648 46.248 43.646 40.841 37.834 34.624 31.211 27.596 23.778 19.758 15.535 11.109 12.846 15.077 17.400 19.816 22.325 24.926 27.620 30.406 33.285 36.257 39.321 42.236 40.109 37.905 35.625 33.269 30.838 28.330 25.746 23.085 20.412 17.919 15.563 14.005 16.180 18.307 20.386 22.416 24.398 26.331 28.216 30.053 31.841 33.581 35.273 37.098 39.387 41.607 43.760 45.844 47.860 49.808 51.688 53.499 55.243 56.918 58.525 60.303 62.434 64.502 66.508 68.451 70.331 72.149 73.904
53.040 54.107 55.233 56.417 57.660 56.078 52.973 49.665 46.155 42.442 38.527 34.410 30.089 25.567 20.842 15.915 10.785 11.626 14.179 16.824 19.562 22.393 25.316 28.332 31.440 34.641 37.935 41.321 44.799 43.002 40.287 37.316 34.480 31.780 29.215 26.785 24.490 22.330 20.305 18.416 16.693 18.701 20.661 22.572 24.435 26.250 28.016 29.734 31.403 33.024 34.597 36.122 37.673 39.727 41.712 43.629 45.479 47.260 48.973 50.617 52.194 53.703 55.143 56.516 57.974 59.890 61.743 63.533 65.261 66.927 68.530 70.070
59.498 60.769 62.098 63.487 64.934 63.720 59.910 55.897 51.682 47.265 42.645 37.823 32.799 27.572 22.143 16.512 10.678 10.308 13.183 16.150 19.210 22.363 25.608 28.740 31.661 34.530 37.350 40.119 42.838 41.431 38.793 36.290 33.922 31.689 29.591 27.629 25.801 24.108 22.551 21.128 19.841 21.268 23.060 24.804 26.500 28.147 29.746 31.297 32.800 34.254 35.660 37.017 38.327 40.133 41.883 43.566 45.180 46.726 48.204 49.614 50.956 52.230 53.436 54.574 55.708 57.408 59.046 60.622 62.135 63.585 64.973 66.299
65.883 67.358 68.891 70.483 72.134 71.575 67.060 62.343 57.424 52.302 46.978 41.452 35.724 29.794 23.661 17.326 10.786 8.952 12.001 15.000 17.948 20.846 23.693 26.490 29.237 31.933 34.579 37.175 39.720 39.333 37.162 35.127 33.226 31.460 29.830 28.334 26.973 25.747 24.657 23.701 22.880 23.879 25.504 27.081 28.610 30.091 31.523 32.907 34.242 35.530 36.769 37.960 39.102 40.605 42.121 43.568 44.948 46.259 47.503 48.678 49.786 50.825 51.796 52.700 53.535 54.989 56.412 57.773 59.071 60.307 61.480 62.591
72.196 73.873 75.610 77.406 79.260 79.643 74.424 69.002 63.379 56.815 49.960 43.204 36.547 29.988 23.529 17.168 10.907 7.798 10.673 13.498 16.273 18.998 21.672 24.295 26.869 29.392 31.864 34.287 36.659 37.097 35.394 33.825 32.392 31.093 29.929 28.900 28.006 27.247 26.623 26.134 25.779 26.536 27.994 29.404 30.766 32.080 33.345 34.562 35.731 36.852 37.924 38.948 39.924 41.144 42.424 43.637 44.782 45.859 46.868 47.809 48.682 49.487 50.224 50.893 51.494 52.632 53.840 54.986 56.070 57.091 58.050 58.946
78.435 80.316 80.955 81.255 81.588 81.485 74.576 67.766 61.055 54.443 47.929 41.515 35.199 28.982 22.864 16.844 10.924 6.698 9.400 12.052 14.653 17.204 19.704 22.155 24.555 26.905 29.204 31.453 33.652 34.725 33.488 32.387 31.420 30.588 29.891 29.328 28.901 28.608 28.450 28.427 28.539 29.238 30.530 31.773 32.968 34.115 35.213 36.263 37.266 38.219 39.125 39.983 40.792 41.748 42.794 43.772 44.683 45.525 46.300 47.006 47.645 48.216 48.719 49.154 49.521 50.337 51.331 52.262 53.131 54.042 54.919 55.728
74.939 75.288 75.669 76.082 76.527 77.004 71.078 64.610 58.240 51.969 45.797 39.723 33.748 27.872 22.095 16.417 10.837 5.652 8.181 10.659 13.087 15.465 17.792 20.069 22.296 24.473 26.599 28.675 30.701 32.216 31.446 30.811 30.310 29.945 29.714 29.618 29.656 29.830 30.138 30.580 31.158 31.986 33.110 34.187 35.215 36.195 37.127 38.011 38.846 39.634 40.373 41.064 41.706 42.418 43.230 43.974 44.650 45.258 45.798 46.271 46.675 47.012 47.283 47.596 47.965 48.680 49.595 50.442 51.221 51.930 52.571 53.143
69.399 69.860 70.353 70.879 71.437 72.027 67.479 61.351 55.322 49.392 43.561 37.829 32.195 26.660 21.223 15.886 10.647 5.506 7.015 9.321 11.575 13.780 15.934 18.038 20.092 22.096 24.049 25.952 27.805 29.570 29.266 29.097 29.063 29.164 29.399 29.769 30.273 30.912 31.686 32.594 33.638 34.778 35.736 36.646 37.508 38.321 39.087 39.804 40.473 41.094 41.666 42.191 42.667 43.154 43.732 43.879 43.996 44.169 44.397 44.680 45.019 45.413 45.862 46.367 46.927 47.582 48.261 48.872 49.414 49.887 50.291 50.626
63.829 64.403 65.009 65.647 66.317 67.020 63.777 57.991 52.303 46.714 41.223 35.832 30.538 25.344 20.248 15.251 10.352 5.553 5.904 8.036 10.118 12.150 14.131 16.062 17.943 19.773 21.554 23.284 24.964 26.594 26.950 27.247 27.679 28.245 28.946 29.781 30.751 31.856 33.095 34.469 35.978 37.616 38.408 39.151 39.846 40.493 41.092 41.643 41.600 41.449 41.268 41.059 40.820 40.615 40.813 41.066 41.375 41.739 42.158 42.633 43.163 43.749 44.390 45.086 45.838 46.552 46.994 47.368 47.674 47.910 48.078 48.177
58.230 58.917 59.635 60.385 61.168 61.983 59.975 54.529 49.182 43.933 38.783 33.732 28.779 23.925 19.170 14.513 9.955 5.495 4.847 6.806 8.715 10.574 12.382 14.140 15.848 17.506 19.113 20.671 22.178 23.635 24.497 25.260 26.157 27.189 28.355 29.656 31.092 32.661 34.366 36.205 38.178 39.661 39.813 39.736 39.630 39.494 39.330 39.137 38.915 38.663 38.383 38.074 37.735 37.368 37.757 38.202 38.702 39.258 39.869 40.535 41.256 42.033 42.866 43.753 44.696 45.588 45.795 45.932 46.001 46.001 45.933 45.796
52.602 53.401 54.232 55.095 55.990 56.917 56.070 50.965 45.959 41.051 36.241 31.530 26.918 22.404 17.988 13.672 9.453 5.334 3.844 5.630 7.366 9.052 10.687 12.273 13.808 15.293 16.728 18.113 19.447 20.732 21.907 23.136 24.498 25.995 27.657 29.258 30.795 32.270 33.681 35.029 36.313 37.535 37.759 37.582 37.376 37.141 36.877 36.584 36.261 35.910 35.530 35.121 34.683 34.216 34.650 35.286 35.978 36.725 37.527 38.385 39.298 40.266 41.290 42.368 43.503 44.692 44.662 44.563 44.396 44.160 43.855 43.482
46.946 47.857 48.800 49.775 50.782 51.822 52.065 47.300 42.634 38.066 33.597 29.226 24.953 20.780 16.704 12.727 8.849 5.069 2.895 4.508 6.072 7.584 9.047 10.460 11.822 13.135 14.413 16.085 17.725 19.333 20.957 22.593 24.166 25.676 27.122 28.505 29.825 31.081 32.274 33.404 34.471 35.475 35.737 35.460 35.154 34.819 34.455 34.062 33.640 33.189 32.709 32.200 31.663 31.096 31.492 32.320 33.203 34.141 35.135 36.184 37.288 38.447 39.662 40.932 42.257 43.637 43.595 43.261 42.857 42.385 41.845 41.236
