DATA/SHG/ECMWF/20170628/EN-38/20170629.en-38.asc
ncols        190
nrows        64
xllcorner    -5100000.000000000000
yllcorner    4130000.000000000000
cellsize     10000.000000000000
NODATA_value  -99999.000
[rows 32 to 63 of 64, columns 74 to 147 of 190]
2.199 2.441 2.678 2.911 3.139 3.362 3.581 3.795 4.005 4.211 4.411 4.624 4.929 5.256 5.607 5.980 6.376 6.795 7.237 7.702 8.187 8.688 9.208 9.670 9.877 10.076 10.266 10.449 10.624 10.791 10.949 11.100 11.243 11.377 11.504 11.368 10.749 10.121 9.486 8.842 8.192 7.533 6.866 6.298 6.021 5.737 5.446 6.161 7.950 9.649 11.260 12.780 14.212 15.554 16.807 17.971 19.046 20.031 20.927 20.988 20.537 20.111 19.709 19.333 18.981 18.654 18.352 18.075 17.823 17.595 17.393 17.987 18.869 19.719
1.898 2.124 2.346 2.562 2.775 2.983 3.186 3.385 3.579 3.769 3.954 4.142 4.526 4.933 5.363 5.816 6.292 6.791 7.312 7.856 8.421 9.002 9.602 10.174 10.345 10.509 10.664 10.811 10.950 11.082 11.205 11.320 11.427 11.526 11.714 12.026 11.771 11.510 11.242 10.968 10.687 10.400 10.106 9.806 9.500 9.187 8.868 9.169 10.563 11.868 13.084 14.210 15.247 16.195 17.054 17.824 18.504 19.096 19.598 19.653 19.312 18.995 18.703 18.437 18.195 17.977 17.785 17.618 17.475 17.357 17.264 17.699 18.444 19.159
1.601 1.812 2.018 2.219 2.416 2.608 2.796 2.979 3.158 3.332 3.502 3.667 4.104 4.590 5.100 5.632 6.187 6.765 7.366 7.989 8.634 9.296 9.975 10.673 10.823 11.089 11.840 12.529 13.157 13.722 14.226 14.668 15.048 15.366 15.622 15.770 15.486 15.196 14.899 14.595 14.286 13.969 13.647 13.318 12.982 12.640 12.291 12.267 13.266 14.177 14.999 15.731 16.374 16.928 17.393 17.769 18.056 18.253 18.361 18.294 18.062 17.855 17.673 17.516 17.384 17.277 17.194 17.136 17.103 17.095 17.112 17.441 18.051 18.630
1.309 1.504 1.694 1.880 2.061 2.238 2.410 2.578 2.741 2.900 3.054 3.204 3.661 4.226 4.815 5.427 6.061 7.170 8.930 10.643 12.197 13.598 14.961 16.287 16.988 17.527 18.004 18.419 18.772 19.063 19.293 19.461 19.566 19.611 19.593 19.514 19.204 18.884 18.558 18.226 17.887 17.541 17.190 16.831 16.467 16.095 15.718 15.454 16.060 16.577 17.005 17.343 17.592 17.753 17.824 17.806 17.699 17.503 17.218 16.911 16.789 16.692 16.620 16.572 16.550 16.552 16.579 16.630 16.707 16.808 16.935 17.214 17.688 18.131
1.022 1.201 1.376 1.546 1.712 1.873 2.029 2.182 2.329 2.472 3.163 4.640 6.418 8.251 10.037 11.774 13.464 15.106 16.700 18.247 19.633 20.867 22.062 23.220 23.762 24.026 24.229 24.369 24.448 24.466 24.421 24.315 24.147 23.918 23.626 23.273 22.924 22.575 22.220 21.858 21.490 21.116 20.735 20.348 19.954 19.553 19.147 18.734 18.944 19.067 19.101 19.046 18.902 18.669 18.346 17.935 17.435 16.846 16.167 15.504 15.492 15.505 15.542 15.604 15.691 15.803 15.939 16.100 16.287 16.497 16.733 17.017 17.356 17.664
0.739 0.903 1.062 1.483 2.290 3.285 4.471 5.846 7.410 9.165 11.109 13.242 15.219 16.886 18.505 20.076 21.600 23.075 24.504 25.884 27.103 28.169 29.197 30.187 30.595 30.586 30.514 30.381 30.187 29.930 29.612 29.232 28.790 28.287 27.722 27.095 26.646 26.269 25.884 25.494 25.097 24.693 24.283 23.867 23.444 23.014 22.578 22.136 21.918 21.648 21.288 20.840 20.302 19.676 18.961 18.156 17.263 16.281 15.209 14.074 14.171 14.294 14.440 14.612 14.808 15.030 15.276 15.546 15.842 16.162 16.507 16.852 17.055 17.227
1.397 2.292 3.376 4.650 6.113 7.765 9.607 11.639 13.860 16.270 18.870 21.659 24.053 25.553 27.006 28.411 29.768 31.077 32.339 33.554 34.606 35.504 36.364 37.187 37.490 37.206 36.861 36.454 35.986 35.456 34.864 34.210 33.495 32.718 31.880 30.979 30.372 29.965 29.551 29.132 28.705 28.273 27.834 27.388 26.936 26.478 26.013 25.542 24.982 24.319 23.566 22.725 21.794 20.775 19.666 18.469 17.183 15.808 14.344 12.791 12.827 13.059 13.315 13.596 13.902 14.233 14.588 14.968 15.373 15.803 16.257 16.716 16.784 16.785
2.413 3.965 5.706 7.636 9.755 12.064 14.562 17.249 20.126 23.192 26.448 29.892 32.918 34.252 35.539 36.778 37.969 39.112 40.208 41.257 42.142 42.873 43.566 44.221 44.445 43.888 43.269 42.589 41.847 41.043 40.178 39.251 38.262 37.212 36.100 34.927 34.099 33.663 33.221 32.772 32.317 31.855 31.387 30.912 30.431 29.944 29.450 28.950 28.137 27.080 25.934 24.700 23.377 21.965 20.464 18.874 17.195 15.428 13.571 11.626 11.459 11.800 12.166 12.556 12.965 13.360 13.744 14.117 14.479 14.830 15.169 15.498 15.515 15.531
3.250 5.458 7.855 10.441 13.216 16.181 19.335 22.678 26.210 29.931 33.842 37.941 41.816 42.984 44.104 45.177 46.202 47.180 48.110 48.993 49.711 50.275 50.800 51.288 51.460 50.630 49.738 48.784 47.769 46.692 45.553 44.353 43.091 41.768 40.383 38.936 37.829 37.364 36.893 36.415 35.931 35.440 34.943 34.439 33.929 33.413 32.890 32.361 31.381 29.931 28.393 26.766 25.050 23.246 21.353 19.329 17.145 14.987 12.853 10.746 10.339 10.730 11.110 11.478 11.836 12.182 12.518 12.842 13.155 13.458 13.749 14.029 14.150 14.258
4.076 6.771 9.824 13.066 16.497 20.117 23.926 27.924 32.111 36.487 41.052 45.807 50.746 51.748 52.702 53.609 54.469 55.280 56.045 56.762 57.314 57.710 58.068 58.389 58.537 57.433 56.267 55.041 53.752 52.402 50.990 49.517 47.982 46.386 44.728 43.009 41.562 41.068 40.568 40.061 39.547 39.028 38.502 37.969 37.430 36.884 36.230 35.052 33.441 31.190 28.965 26.766 24.591 22.443 20.320 18.222 16.150 14.103 12.082 10.086 9.417 9.759 10.090 10.410 10.719 11.017 11.304 11.580 11.845 12.098 12.341 12.572 12.766 12.966
5.019 7.905 11.613 15.510 19.596 23.871 28.335 32.988 37.830 42.860 48.080 53.488 59.086 60.544 61.333 62.074 62.768 63.414 64.012 64.564 64.949 65.178 65.369 65.523 65.639 64.296 62.858 61.358 59.797 58.174 56.489 54.743 52.935 51.066 49.135 47.143 45.297 44.694 43.408 42.145 40.906 39.691 38.500 37.332 36.188 35.068 33.971 32.898 31.526 29.387 27.274 25.186 23.124 21.088 19.076 17.091 15.130 13.195 11.286 9.402 8.507 8.800 9.083 9.354 9.615 9.864 10.103 10.330 10.546 10.751 10.946 11.129 11.364 11.655
5.953 8.860 13.223 17.775 22.516 27.445 32.563 37.870 43.366 49.051 54.924 60.987 67.238 69.373 69.996 70.571 71.099 71.580 72.013 72.399 72.618 72.680 72.704 72.691 72.639 71.221 69.509 67.737 65.834 62.661 59.567 56.551 53.615 50.758 47.981 45.282 42.678 41.472 40.291 39.133 37.998 36.888 35.801 34.738 33.698 32.683 31.691 30.722 29.587 27.560 25.559 23.583 21.633 19.708 17.808 15.934 14.086 12.263 10.465 8.693 7.609 7.854 8.088 8.311 8.523 8.724 8.914 9.093 9.260 9.417 9.563 9.697 9.943 10.325
6.878 9.636 14.654 19.860 25.255 30.838 36.611 42.571 48.721 55.059 61.586 68.302 75.206 78.234 78.691 79.101 79.464 79.779 80.047 80.267 78.580 76.793 75.023 73.268 71.530 68.784 65.723 62.740 59.837 57.012 54.267 51.600 49.012 46.504 44.074 41.724 39.452 38.229 37.152 36.098 35.069 34.063 33.080 32.122 31.187 30.275 29.388 28.524 27.624 25.709 23.820 21.956 20.117 18.304 16.516 14.754 13.017 11.305 9.620 7.959 6.723 6.920 7.105 7.280 7.444 7.596 7.737 7.868 7.987 8.096 8.193 8.279 8.503 8.977
7.793 10.233 15.905 21.765 27.814 34.051 40.477 47.091 53.894 60.886 68.066 75.434 82.991 84.836 82.746 80.676 78.627 76.598 74.590 72.602 70.752 69.038 67.339 65.657 63.991 61.662 58.949 56.315 53.760 51.284 48.886 46.568 44.329 42.169 40.087 38.085 36.162 34.964 33.991 33.043 32.117 31.216 30.338 29.484 28.653 27.846 27.063 26.303 25.567 23.834 22.056 20.304 18.577 16.875 15.199 13.549 11.923 10.324 8.749 7.200 5.850 5.998 6.135 6.261 6.376 6.481 6.574 6.656 6.726 6.786 6.835 6.873 7.044 7.609
8.700 10.652 16.977 23.491 30.193 37.084 42.988 48.681 54.182 59.491 64.608 69.532 74.264 76.499 74.481 72.482 70.505 68.548 66.611 64.694 62.916 61.274 59.647 58.037 56.443 54.460 52.096 49.810 47.603 45.475 43.426 41.456 39.565 37.752 36.019 34.365 32.789 31.678 30.809 29.965 29.144 28.347 27.573 26.823 26.097 25.395 24.716 24.060 23.429 21.934 20.268 18.628 17.012 15.422 13.858 12.319 10.805 9.317 7.854 6.417 5.005 5.088 5.177 5.255 5.322 5.377 5.422 5.456 5.478 5.490 5.490 5.480 5.566 6.223
9.216 10.228 16.220 22.020 27.628 33.043 38.267 43.298 48.137 52.783 57.238 61.500 65.570 68.154 66.207 64.280 62.374 60.488 58.623 56.778 55.072 53.501 51.947 50.408 48.886 47.180 45.163 43.226 41.367 39.587 37.886 36.263 34.720 33.256 31.870 30.563 29.335 28.370 27.606 26.866 26.149 25.456 24.787 24.141 23.520 22.921 22.347 21.796 21.268 20.011 18.456 16.927 15.424 13.945 12.492 11.065 9.663 8.286 6.934 5.608 4.308 4.191 4.232 4.261 4.279 4.287 4.283 4.268 4.242 4.206 4.158 4.099 4.069 4.817
8.787 9.001 14.330 19.468 24.413 29.167 33.728 38.097 42.274 46.259 50.052 53.652 57.061 59.801 57.925 56.070 54.235 52.421 50.627 48.853 47.219 45.720 44.237 42.771 41.320 39.821 38.152 36.562 35.051 33.619 32.265 30.991 29.795 28.678 27.640 26.681 25.800 25.040 24.381 23.745 23.132 22.544 21.979 21.438 20.920 20.426 19.955 19.508 19.085 18.063 16.620 15.203 13.811 12.444 11.102 9.786 8.495 7.230 5.990 4.775 3.586 3.306 3.298 3.279 3.249 3.208 3.156 3.093 3.068 3.154 3.243 3.334 3.427 4.344
8.362 8.548 12.621 17.097 21.380 25.471 29.371 33.078 36.594 39.918 43.049 45.989 48.737 51.292 49.635 47.851 46.088 44.345 42.622 40.920 39.357 37.930 36.519 35.124 33.746 32.382 31.061 29.819 28.656 27.571 26.565 25.638 24.790 24.020 23.329 22.717 22.184 21.689 21.134 20.602 20.094 19.610 19.149 18.712 18.298 17.908 17.542 17.199 16.880 16.092 14.760 13.454 12.173 10.918 9.688 8.483 7.304 6.150 5.021 3.942 2.976 2.688 2.769 2.852 2.936 3.024 3.113 3.205 3.298 3.394 3.493 3.593 3.696 4.514
7.941 8.114 11.092 14.906 18.528 21.958 25.196 28.242 31.097 33.760 36.230 38.509 40.596 42.492 41.336 39.624 37.932 36.260 34.609 32.978 31.487 30.131 28.792 27.469 26.162 24.872 23.891 22.997 22.181 21.443 20.785 20.205 19.704 19.281 18.938 18.673 18.487 18.316 17.865 17.438 17.034 16.654 16.297 15.964 15.655 15.369 15.106 14.868 14.653 14.096 12.894 11.856 10.834 9.827 8.836 7.861 6.901 5.956 5.027 4.114 3.216 2.848 2.938 3.031 3.125 3.222 3.321 3.423 3.526 3.632 3.740 3.850 3.963 4.684
7.524 7.684 9.743 12.896 15.857 18.626 21.203 23.588 25.782 27.784 29.595 31.213 32.640 33.876 33.029 31.388 29.767 28.167 26.587 25.027 23.607 22.324 21.056 19.805 18.570 17.351 16.643 16.095 15.626 15.236 14.925 14.692 14.538 14.462 14.465 14.547 14.708 14.922 14.575 14.252 13.952 13.682 13.650 13.627 13.612 13.605 13.606 13.614 13.631 13.423 12.437 11.468 10.514 9.575 8.652 7.744 6.853 5.976 5.115 4.270 3.440 3.005 3.105 3.207 3.312 3.418 3.527 3.638 3.751 3.867 3.985 4.105 4.227 4.855
7.111 7.258 8.574 11.066 13.366 15.474 17.391 19.116 20.650 21.992 23.142 24.101 24.868 25.444 24.714 23.144 21.594 20.065 18.557 17.068 15.720 14.508 13.312 12.132 10.969 9.821 9.315 9.114 8.992 8.949 8.984 9.099 9.291 9.996 10.711 11.407 12.084 12.742 12.769 12.749 12.737 12.734 12.738 12.750 12.770 12.798 12.835 12.879 12.931 12.882 11.965 11.064 10.177 9.307 8.452 7.613 6.789 5.980 5.188 4.410 3.649 3.160 3.269 3.381 3.495 3.612 3.730 3.851 3.974 4.100 4.227 4.357 4.489 5.026
6.702 6.836 7.585 9.416 11.056 12.504 13.761 14.826 15.700 16.382 16.873 17.172 17.280 17.196 16.390 14.891 13.413 11.955 10.517 9.100 7.823 6.683 5.558 4.450 4.086 3.845 4.219 4.984 5.730 6.456 7.164 7.853 8.523 9.173 9.805 10.418 11.012 11.586 11.708 11.723 11.747 11.778 11.818 11.865 11.921 11.984 12.056 12.136 12.223 12.319 11.477 10.644 9.826 9.023 8.236 7.465 6.709 5.969 5.244 4.535 3.841 3.312 3.431 3.553 3.677 3.803 3.931 4.062 4.195 4.330 4.467 4.606 4.748 5.199
6.297 6.418 6.776 7.947 8.926 9.715 10.312 10.717 10.932 10.954 10.786 10.426 9.875 9.132 8.058 6.630 5.957 5.673 5.398 5.135 4.884 4.646 4.416 4.194 3.980 3.775 4.001 4.683 5.345 5.989 6.613 7.219 7.805 8.373 8.921 9.451 9.961 10.453 10.638 10.689 10.748 10.815 10.890 10.973 11.064 11.163 11.270 11.385 11.508 11.639 10.974 10.208 9.458 8.724 8.005 7.302 6.614 5.942 5.285 4.644 4.018 3.462 3.591 3.722 3.856 3.992 4.130 4.270 4.412 4.557 4.704 4.853 5.004 5.372
5.896 6.004 6.145 6.657 6.977 7.106 7.043 6.790 6.345 6.178 6.187 6.188 6.179 6.161 6.088 5.818 5.559 5.310 5.071 4.842 4.627 4.425 4.230 4.044 3.866 3.696 3.804 4.403 4.982 5.542 6.083 6.606 7.109 7.593 8.059 8.505 8.933 9.341 9.562 9.648 9.742 9.845 9.955 10.073 10.199 10.334 10.476 10.626 10.785 10.951 10.455 9.757 9.075 8.409 7.758 7.123 6.503 5.898 5.310 4.736 4.179 3.636 3.748 3.889 4.032 4.178 4.326 4.476 4.628 4.782 4.939 5.098 5.259 5.547
5.499 5.594 5.714 5.761 5.794 5.817 5.832 5.838 5.834 5.821 5.799 5.768 5.728 5.679 5.610 5.376 5.152 4.938 4.734 4.541 4.361 4.194 4.036 3.885 3.743 3.608 3.629 4.144 4.640 5.117 5.575 6.014 6.435 6.836 7.218 7.582 7.926 8.251 8.478 8.599 8.729 8.867 9.012 9.166 9.327 9.497 9.675 9.860 10.054 10.255 9.920 9.291 8.677 8.078 7.495 6.928 6.376 5.840 5.319 4.813 4.323 3.849 3.902 4.053 4.206 4.362 4.519 4.679 4.841 5.005 5.171 5.340 5.510 5.722
5.338 5.457 5.572 5.602 5.603 5.595 5.579 5.553 5.518 5.474 5.420 5.358 5.287 5.206 5.116 4.925 4.736 4.557 4.389 4.231 4.087 3.955 3.832 3.717 3.610 3.512 3.474 3.906 4.319 4.713 5.088 5.444 5.782 6.100 6.399 6.679 6.941 7.183 7.386 7.543 7.708 7.881 8.062 8.251 8.448 8.653 8.866 9.086 9.315 9.552 9.370 8.809 8.263 7.732 7.217 6.717 6.233 5.765 5.312 4.874 4.452 4.046 4.054 4.215 4.378 4.543 4.710 4.879 5.051 5.225 5.401 5.579 5.760 5.929
5.232 5.336 5.435 5.451 5.421 5.382 5.334 5.277 5.210 5.135 5.050 4.956 4.854 4.742 4.621 4.465 4.311 4.168 4.035 3.912 3.803 3.707 3.620 3.540 3.469 3.406 3.351 3.690 4.020 4.331 4.623 4.896 5.150 5.385 5.601 5.799 5.977 6.137 6.287 6.480 6.680 6.888 7.104 7.328 7.561 7.801 8.049 8.305 8.569 8.841 8.805 8.311 7.833 7.370 6.923 6.491 6.075 5.674 5.289 4.919 4.565 4.226 4.204 4.374 4.580 4.858 5.104 5.315 5.494 5.639 5.751 5.830 5.875 5.887
5.131 5.219 5.302 5.309 5.248 5.177 5.098 5.009 4.912 4.805 4.689 4.564 4.429 4.286 4.134 3.996 3.878 3.770 3.672 3.584 3.511 3.451 3.399 3.355 3.319 3.291 3.272 3.495 3.741 3.969 4.178 4.369 4.540 4.692 4.825 4.940 5.035 5.112 5.181 5.409 5.644 5.887 6.139 6.398 6.666 6.941 7.225 7.516 7.816 8.123 8.224 7.798 7.388 6.993 6.613 6.260 6.003 5.791 5.626 5.506 5.432 5.404 5.520 5.719 5.885 6.017 6.116 6.182 6.215 6.214 6.181 6.113 6.013 5.879
5.034 5.106 5.173 5.176 5.083 4.981 4.871 4.751 4.622 4.483 4.336 4.180 4.014 3.840 3.656 3.519 3.436 3.363 3.300 3.247 3.210 3.185 3.169 3.160 3.160 3.168 3.184 3.321 3.484 3.629 3.756 3.863 3.951 4.020 4.071 4.102 4.115 4.108 4.083 4.330 4.601 4.879 5.166 5.461 5.764 6.074 6.394 6.744 7.081 7.405 7.613 7.328 7.088 6.894 6.746 6.644 6.587 6.576 6.611 6.692 6.818 6.991 7.148 7.202 7.221 7.208 7.162 7.082 6.968 6.822 6.642 6.429 6.183 5.903
4.942 4.998 5.049 5.051 4.927 4.794 4.652 4.501 4.340 4.171 3.992 3.805 3.608 3.402 3.187 3.033 2.985 2.947 2.920 2.902 2.900 2.911 2.930 2.957 2.992 3.036 3.087 3.168 3.249 3.311 3.354 3.378 3.384 3.370 3.338 3.286 3.216 3.127 3.125 3.453 3.838 4.210 4.568 4.914 5.246 5.565 5.872 6.165 6.444 6.711 6.948 6.863 6.823 6.830 6.882 6.980 7.124 7.313 7.549 7.830 8.156 8.529 8.809 8.716 8.590 8.431 8.239 8.013 7.754 7.462 7.137 6.778 6.386 5.961
4.854 4.894 4.930 4.935 4.780 4.616 4.442 4.260 4.068 3.867 3.657 3.438 3.210 2.973 2.727 2.539 2.526 2.523 2.531 2.548 2.581 2.628 2.682 2.745 2.816 2.895 2.981 3.036 3.034 3.033 3.035 3.039 3.045 3.051 3.059 3.069 3.079 3.091 3.105 3.347 3.674 3.989 4.290 4.578 4.853 5.115 5.364 5.600 5.822 6.032 6.228 6.350 6.511 6.718 6.970 7.269 7.613 8.002 8.438 8.919 9.446 10.019 10.502 10.263 9.992 9.687 9.348 8.977 8.572 8.135 7.663 7.159 6.622 6.051
4.770 4.795 4.815 4.828 4.642 4.446 4.241 4.027 3.804 3.572 3.331 3.080 2.821 2.553 2.275 2.036 2.058 2.090 2.133 2.185 2.277 2.384 2.488 2.590 2.690 2.788 2.884 2.946 2.952 2.959 2.968 2.977 2.989 3.001 3.015 3.030 3.047 3.064 3.083 3.255 3.525 3.782 4.026 4.257 4.475 4.679 4.871 5.049 5.214 5.366 5.505 5.790 6.151 6.558 7.011 7.510 8.054 8.644 9.279 9.961 10.688 11.460 12.226 11.842 11.425 10.974 10.490 9.973 9.423 8.840 8.223 7.573 6.890 6.173
