DATA/SHG/ECMWF/20170628/EN-38/20170710.en-38.asc
ncols        190
nrows        64
xllcorner    -5100000.000000000000
yllcorner    4130000.000000000000
cellsize     10000.000000000000
NODATA_value  -99999.000
[rows 0 to 31 of 64, columns 73 to 145 of 190]
0.424 0.409 0.392 0.374 0.356 0.337 0.317 0.295 0.269 0.245 0.229 0.214 0.200 0.185 0.172 0.158 0.145 0.133 0.121 0.110 0.103 0.109 0.113 0.117 0.119 0.121 0.122 0.121 0.120 0.118 0.115 0.111 0.110 0.124 0.138 0.151 0.163 0.175 0.187 0.199 0.210 0.220 0.230 0.240 0.251 0.265 0.281 0.296 0.313 0.330 0.348 0.367 0.386 0.406 0.427 0.448 0.470 0.496 0.524 0.555 0.588 0.623 0.661 0.701 0.743 0.788 0.835 0.885 0.955 1.079 1.206 1.337 1.472
0.307 0.288 0.285 0.286 0.287 0.286 0.285 0.283 0.279 0.264 0.250 0.237 0.224 0.211 0.199 0.187 0.176 0.165 0.155 0.145 0.136 0.138 0.138 0.137 0.136 0.133 0.130 0.125 0.119 0.113 0.105 0.097 0.090 0.102 0.114 0.125 0.136 0.146 0.156 0.166 0.175 0.183 0.192 0.200 0.208 0.226 0.244 0.263 0.283 0.303 0.324 0.346 0.368 0.391 0.414 0.439 0.465 0.501 0.540 0.581 0.625 0.670 0.719 0.769 0.822 0.878 0.935 0.995 1.069 1.208 1.351 1.497 1.646
0.318 0.318 0.317 0.316 0.313 0.310 0.307 0.302 0.297 0.284 0.271 0.259 0.248 0.237 0.226 0.216 0.206 0.197 0.188 0.179 0.171 0.168 0.164 0.159 0.153 0.146 0.138 0.129 0.120 0.109 0.097 0.084 0.071 0.081 0.090 0.100 0.109 0.117 0.125 0.133 0.140 0.147 0.154 0.160 0.166 0.186 0.208 0.229 0.252 0.275 0.299 0.324 0.349 0.375 0.401 0.428 0.457 0.504 0.553 0.605 0.659 0.715 0.774 0.835 0.899 0.965 1.033 1.103 1.176 1.316 1.451 1.579 1.702
0.356 0.353 0.350 0.346 0.341 0.335 0.329 0.322 0.314 0.303 0.292 0.281 0.271 0.262 0.252 0.244 0.235 0.228 0.220 0.213 0.207 0.200 0.191 0.182 0.172 0.160 0.148 0.135 0.121 0.106 0.090 0.073 0.055 0.060 0.067 0.075 0.082 0.089 0.095 0.101 0.107 0.112 0.116 0.121 0.124 0.146 0.170 0.195 0.220 0.247 0.273 0.301 0.329 0.358 0.387 0.418 0.448 0.504 0.564 0.633 0.709 0.782 0.853 0.921 0.987 1.051 1.112 1.171 1.228 1.337 1.445 1.547 1.643
0.395 0.389 0.383 0.376 0.369 0.361 0.351 0.342 0.331 0.321 0.312 0.303 0.294 0.286 0.278 0.271 0.265 0.258 0.252 0.247 0.242 0.232 0.220 0.206 0.191 0.176 0.159 0.142 0.123 0.104 0.083 0.062 0.040 0.039 0.045 0.051 0.056 0.061 0.065 0.070 0.073 0.076 0.079 0.082 0.084 0.105 0.132 0.160 0.188 0.217 0.255 0.300 0.349 0.402 0.457 0.516 0.578 0.649 0.718 0.786 0.851 0.913 0.973 1.031 1.087 1.140 1.190 1.239 1.285 1.364 1.445 1.520 1.590
0.434 0.426 0.417 0.408 0.398 0.387 0.375 0.362 0.349 0.339 0.331 0.324 0.317 0.310 0.304 0.298 0.293 0.288 0.284 0.280 0.277 0.266 0.249 0.231 0.212 0.192 0.171 0.149 0.127 0.103 0.078 0.053 0.026 0.019 0.023 0.027 0.030 0.034 0.036 0.038 0.040 0.046 0.054 0.060 0.065 0.094 0.138 0.185 0.236 0.290 0.347 0.407 0.471 0.538 0.608 0.681 0.758 0.825 0.884 0.940 0.995 1.047 1.096 1.143 1.188 1.231 1.271 1.309 1.344 1.396 1.451 1.500 1.543
0.474 0.463 0.452 0.440 0.427 0.413 0.399 0.384 0.368 0.356 0.350 0.344 0.339 0.334 0.329 0.325 0.321 0.318 0.315 0.313 0.311 0.300 0.279 0.257 0.234 0.209 0.184 0.158 0.131 0.103 0.074 0.044 0.020 0.017 0.029 0.040 0.050 0.058 0.065 0.071 0.075 0.079 0.080 0.081 0.080 0.110 0.168 0.230 0.295 0.364 0.435 0.510 0.588 0.670 0.754 0.842 0.933 1.003 1.051 1.097 1.141 1.182 1.221 1.258 1.292 1.324 1.354 1.381 1.405 1.435 1.463 1.485 1.502
0.515 0.501 0.487 0.472 0.457 0.441 0.424 0.406 0.387 0.374 0.369 0.364 0.361 0.357 0.354 0.351 0.349 0.348 0.346 0.345 0.345 0.336 0.310 0.281 0.253 0.227 0.203 0.181 0.160 0.142 0.126 0.112 0.100 0.097 0.103 0.108 0.112 0.115 0.116 0.116 0.115 0.112 0.108 0.103 0.097 0.122 0.195 0.272 0.351 0.434 0.520 0.610 0.702 0.798 0.897 1.000 1.106 1.183 1.221 1.256 1.289 1.320 1.349 1.375 1.398 1.420 1.439 1.455 1.469 1.479 1.481 1.477 1.467
0.556 0.540 0.523 0.506 0.488 0.469 0.449 0.428 0.407 0.390 0.387 0.384 0.382 0.380 0.378 0.376 0.367 0.358 0.350 0.341 0.333 0.322 0.299 0.278 0.258 0.241 0.226 0.213 0.202 0.193 0.186 0.181 0.178 0.178 0.179 0.178 0.176 0.173 0.169 0.163 0.156 0.147 0.138 0.127 0.115 0.131 0.219 0.310 0.404 0.501 0.602 0.706 0.813 0.923 1.037 1.154 1.274 1.365 1.392 1.417 1.440 1.460 1.478 1.494 1.507 1.517 1.526 1.532 1.535 1.529 1.504 1.474 1.438
0.598 0.579 0.560 0.540 0.519 0.497 0.475 0.452 0.425 0.397 0.388 0.378 0.370 0.361 0.352 0.344 0.336 0.328 0.320 0.313 0.305 0.298 0.283 0.271 0.261 0.253 0.247 0.243 0.241 0.242 0.244 0.248 0.254 0.260 0.255 0.249 0.241 0.232 0.222 0.211 0.198 0.184 0.168 0.152 0.134 0.137 0.239 0.344 0.453 0.565 0.680 0.798 0.920 1.045 1.173 1.304 1.439 1.550 1.566 1.581 1.593 1.602 1.610 1.615 1.617 1.617 1.615 1.611 1.604 1.585 1.534 1.477 1.414
0.640 0.613 0.578 0.544 0.511 0.479 0.448 0.418 0.389 0.361 0.352 0.344 0.336 0.328 0.320 0.312 0.305 0.297 0.290 0.284 0.277 0.271 0.266 0.263 0.262 0.263 0.266 0.271 0.278 0.288 0.299 0.312 0.327 0.344 0.333 0.321 0.308 0.293 0.277 0.260 0.241 0.222 0.200 0.178 0.154 0.139 0.255 0.375 0.498 0.625 0.754 0.887 1.023 1.163 1.305 1.451 1.600 1.736 1.743 1.746 1.748 1.747 1.744 1.738 1.730 1.720 1.707 1.692 1.674 1.647 1.569 1.486 1.397
0.585 0.553 0.521 0.491 0.461 0.432 0.405 0.378 0.352 0.327 0.317 0.309 0.302 0.294 0.287 0.280 0.273 0.267 0.261 0.254 0.248 0.243 0.246 0.252 0.260 0.270 0.283 0.297 0.313 0.331 0.352 0.374 0.398 0.425 0.413 0.395 0.376 0.355 0.334 0.311 0.286 0.261 0.234 0.206 0.176 0.146 0.268 0.403 0.540 0.681 0.825 0.972 1.123 1.277 1.434 1.594 1.758 1.924 1.921 1.914 1.905 1.894 1.880 1.864 1.845 1.824 1.801 1.775 1.758 1.752 1.709 1.687 1.688
0.521 0.492 0.464 0.437 0.410 0.385 0.360 0.336 0.314 0.292 0.281 0.274 0.267 0.261 0.254 0.248 0.242 0.236 0.231 0.225 0.220 0.215 0.224 0.239 0.256 0.275 0.297 0.320 0.345 0.373 0.402 0.434 0.467 0.502 0.493 0.470 0.445 0.419 0.391 0.362 0.332 0.301 0.269 0.235 0.200 0.163 0.278 0.427 0.579 0.734 0.892 1.054 1.219 1.387 1.559 1.734 1.912 2.093 2.101 2.083 2.064 2.049 2.037 2.028 2.022 2.020 2.021 2.026 2.034 2.045 2.097 2.173 2.270
0.457 0.431 0.406 0.381 0.358 0.336 0.315 0.294 0.275 0.256 0.246 0.239 0.233 0.227 0.221 0.216 0.211 0.205 0.200 0.196 0.191 0.187 0.199 0.224 0.250 0.278 0.309 0.341 0.375 0.412 0.450 0.491 0.533 0.578 0.575 0.546 0.515 0.483 0.450 0.416 0.380 0.343 0.305 0.265 0.224 0.182 0.284 0.447 0.613 0.783 0.963 1.147 1.330 1.509 1.685 1.859 2.030 2.199 2.230 2.222 2.218 2.218 2.220 2.226 2.236 2.248 2.264 2.283 2.306 2.332 2.462 2.635 2.830
0.391 0.368 0.346 0.326 0.306 0.287 0.269 0.251 0.235 0.220 0.210 0.204 0.199 0.193 0.188 0.184 0.179 0.174 0.170 0.166 0.162 0.159 0.173 0.206 0.241 0.279 0.318 0.360 0.403 0.449 0.496 0.546 0.597 0.651 0.658 0.623 0.587 0.549 0.510 0.470 0.429 0.395 0.371 0.351 0.334 0.321 0.426 0.610 0.791 0.969 1.144 1.317 1.487 1.654 1.818 1.980 2.138 2.294 2.351 2.359 2.369 2.383 2.401 2.421 2.445 2.473 2.503 2.537 2.574 2.615 2.806 3.075 3.367
0.324 0.305 0.287 0.269 0.252 0.237 0.222 0.208 0.195 0.183 0.174 0.169 0.164 0.160 0.155 0.151 0.147 0.143 0.140 0.136 0.133 0.131 0.144 0.186 0.231 0.277 0.325 0.376 0.428 0.483 0.540 0.598 0.660 0.722 0.745 0.713 0.684 0.659 0.637 0.619 0.603 0.591 0.582 0.577 0.574 0.576 0.660 0.831 1.000 1.166 1.329 1.489 1.647 1.801 1.954 2.103 2.249 2.393 2.469 2.491 2.517 2.545 2.577 2.613 2.651 2.693 2.739 2.787 2.839 2.894 3.127 3.493 3.882
0.257 0.241 0.226 0.211 0.198 0.186 0.174 0.163 0.154 0.145 0.138 0.133 0.129 0.126 0.122 0.118 0.115 0.112 0.109 0.107 0.104 0.102 0.113 0.170 0.232 0.295 0.357 0.420 0.482 0.545 0.608 0.671 0.733 0.796 0.835 0.818 0.804 0.793 0.786 0.782 0.781 0.784 0.789 0.799 0.811 0.827 0.896 1.055 1.211 1.365 1.516 1.664 1.809 1.952 2.092 2.229 2.363 2.494 2.584 2.620 2.660 2.704 2.751 2.801 2.854 2.911 2.970 3.034 3.100 3.170 3.426 3.889 4.375
0.189 0.176 0.164 0.153 0.143 0.134 0.126 0.118 0.112 0.106 0.102 0.098 0.095 0.091 0.088 0.087 0.103 0.118 0.132 0.145 0.157 0.166 0.179 0.242 0.304 0.367 0.430 0.492 0.555 0.618 0.681 0.744 0.807 0.870 0.922 0.919 0.920 0.924 0.931 0.941 0.955 0.972 0.993 1.017 1.044 1.074 1.135 1.281 1.426 1.567 1.705 1.841 1.974 2.105 2.232 2.357 2.479 2.598 2.694 2.746 2.801 2.859 2.920 2.985 3.053 3.124 3.199 3.276 3.358 3.442 3.702 4.263 4.845
0.121 0.111 0.102 0.094 0.087 0.081 0.076 0.072 0.073 0.093 0.114 0.132 0.149 0.164 0.179 0.192 0.204 0.216 0.226 0.235 0.243 0.248 0.252 0.313 0.376 0.439 0.502 0.565 0.628 0.691 0.754 0.817 0.880 0.944 1.004 1.016 1.032 1.050 1.072 1.097 1.126 1.157 1.192 1.231 1.272 1.317 1.376 1.510 1.642 1.771 1.898 2.021 2.142 2.260 2.375 2.488 2.598 2.705 2.802 2.868 2.937 3.010 3.086 3.165 3.248 3.334 3.423 3.516 3.611 3.711 3.957 4.614 5.293
0.051 0.051 0.070 0.089 0.109 0.129 0.149 0.171 0.192 0.215 0.238 0.253 0.266 0.278 0.288 0.298 0.306 0.314 0.320 0.325 0.330 0.331 0.331 0.384 0.448 0.511 0.574 0.637 0.700 0.764 0.827 0.890 0.954 1.017 1.081 1.110 1.140 1.173 1.210 1.249 1.292 1.339 1.388 1.441 1.497 1.557 1.620 1.742 1.862 1.978 2.093 2.204 2.313 2.418 2.521 2.622 2.719 2.814 2.905 2.986 3.070 3.158 3.248 3.342 3.439 3.540 3.644 3.751 3.861 3.975 4.189 4.943 5.718
0.137 0.157 0.177 0.198 0.220 0.242 0.265 0.288 0.311 0.336 0.360 0.375 0.384 0.392 0.399 0.404 0.409 0.413 0.415 0.417 0.417 0.415 0.411 0.456 0.519 0.582 0.646 0.709 0.772 0.836 0.900 0.963 1.027 1.091 1.154 1.200 1.245 1.292 1.343 1.398 1.455 1.516 1.580 1.648 1.718 1.792 1.870 1.976 2.084 2.188 2.290 2.389 2.486 2.579 2.670 2.758 2.844 2.926 3.006 3.101 3.200 3.302 3.407 3.515 3.627 3.743 3.861 3.983 4.108 4.228 4.359 5.173 6.004
0.240 0.262 0.284 0.307 0.331 0.355 0.379 0.404 0.430 0.456 0.483 0.497 0.503 0.507 0.510 0.512 0.513 0.513 0.511 0.509 0.506 0.500 0.492 0.527 0.590 0.654 0.717 0.781 0.845 0.908 0.972 1.036 1.100 1.164 1.228 1.286 1.345 1.408 1.473 1.542 1.614 1.690 1.769 1.851 1.936 2.024 2.116 2.213 2.308 2.400 2.490 2.577 2.661 2.743 2.821 2.897 2.970 3.041 3.108 3.212 3.356 3.534 3.694 3.837 3.962 4.070 4.161 4.234 4.290 4.328 4.349 5.178 6.080
0.343 0.366 0.391 0.415 0.441 0.466 0.493 0.520 0.547 0.575 0.604 0.621 0.622 0.623 0.622 0.620 0.617 0.613 0.608 0.602 0.595 0.586 0.574 0.598 0.661 0.725 0.789 0.853 0.917 0.980 1.044 1.108 1.173 1.237 1.301 1.369 1.443 1.519 1.600 1.683 1.770 1.860 1.953 2.050 2.149 2.252 2.359 2.452 2.535 2.615 2.693 2.810 2.986 3.157 3.321 3.479 3.631 3.776 3.916 4.049 4.167 4.267 4.350 4.416 4.464 4.495 4.509 4.505 4.484 4.446 4.390 5.166 6.139
0.444 0.470 0.496 0.523 0.550 0.578 0.606 0.635 0.664 0.694 0.725 0.745 0.743 0.739 0.735 0.729 0.723 0.715 0.706 0.696 0.685 0.672 0.656 0.668 0.732 0.796 0.860 0.924 0.988 1.052 1.117 1.181 1.245 1.310 1.374 1.448 1.536 1.627 1.722 1.820 1.921 2.026 2.182 2.416 2.648 2.878 3.107 3.308 3.482 3.650 3.811 3.966 4.115 4.258 4.395 4.525 4.649 4.767 4.879 4.954 4.994 5.018 5.024 5.013 4.984 4.938 4.874 4.794 4.695 4.580 4.447 5.139 6.183
0.545 0.573 0.601 0.630 0.659 0.688 0.719 0.749 0.781 0.812 0.845 0.870 0.864 0.857 0.849 0.839 0.829 0.817 0.805 0.791 0.777 0.759 0.740 0.739 0.803 0.867 0.931 0.996 1.060 1.124 1.189 1.253 1.318 1.436 1.645 1.865 2.103 2.339 2.574 2.807 3.038 3.268 3.495 3.722 3.946 4.169 4.390 4.581 4.727 4.867 5.001 5.128 5.250 5.365 5.474 5.576 5.673 5.763 5.847 5.875 5.839 5.785 5.714 5.626 5.520 5.397 5.257 5.099 4.924 4.732 4.522 5.096 6.211
0.646 0.675 0.705 0.736 0.767 0.798 0.830 0.863 0.896 0.930 0.964 0.996 0.986 0.975 0.963 0.950 0.936 0.921 0.904 0.887 0.868 0.848 0.824 0.809 0.922 1.114 1.310 1.509 1.712 1.918 2.128 2.342 2.559 2.780 3.004 3.232 3.462 3.691 3.918 4.143 4.367 4.589 4.809 5.027 5.244 5.459 5.673 5.858 5.977 6.089 6.195 6.295 6.389 6.476 6.558 6.633 6.702 6.765 6.821 6.813 6.699 6.569 6.421 6.256 6.073 5.873 5.656 5.421 5.170 4.900 4.614 5.036 6.222
0.746 0.777 0.809 0.841 0.874 0.908 0.942 0.976 1.011 1.047 1.083 1.120 1.109 1.094 1.079 1.062 1.062 1.186 1.313 1.445 1.579 1.700 1.807 1.916 2.118 2.326 2.538 2.753 2.971 3.193 3.419 3.648 3.881 4.117 4.357 4.599 4.821 5.042 5.262 5.479 5.695 5.910 6.122 6.333 6.542 6.750 6.956 7.140 7.231 7.316 7.395 7.467 7.533 7.593 7.647 7.694 7.736 7.771 7.800 7.767 7.577 7.369 7.145 6.903 6.643 6.366 6.072 5.761 5.432 5.086 4.723 4.961 6.218
0.845 0.878 0.912 0.946 0.981 1.016 1.052 1.088 1.125 1.198 1.381 1.530 1.650 1.771 1.897 2.026 2.158 2.295 2.435 2.579 2.727 2.861 2.981 3.103 3.309 3.532 3.760 3.990 4.224 4.462 4.703 4.948 5.197 5.449 5.704 5.963 6.180 6.394 6.606 6.816 7.024 7.231 7.436 7.639 7.840 8.040 8.239 8.427 8.491 8.548 8.599 8.644 8.682 8.715 8.741 8.761 8.775 8.782 8.784 8.738 8.471 8.187 7.885 7.566 7.230 6.876 6.506 6.117 5.712 5.289 4.849 4.869 6.197
0.943 0.978 1.100 1.404 1.674 1.909 2.109 2.276 2.408 2.506 2.569 2.598 2.690 2.824 2.962 3.104 3.250 3.399 3.552 3.709 3.870 4.017 4.149 4.285 4.494 4.733 4.976 5.222 5.472 5.725 5.982 6.243 6.507 6.775 7.046 7.321 7.540 7.745 7.949 8.152 8.353 8.552 8.749 8.945 9.139 9.331 9.522 9.711 9.755 9.785 9.808 9.825 9.836 9.841 9.840 9.832 9.819 9.799 9.773 9.726 9.382 9.021 8.642 8.247 7.834 7.403 6.956 6.491 6.009 5.509 4.992 4.762 6.161
2.804 3.057 3.275 3.459 3.609 3.725 3.806 3.852 3.865 3.843 3.787 3.696 3.725 3.872 4.023 4.178 4.336 4.498 4.664 4.834 5.008 5.168 5.313 5.462 5.673 5.928 6.187 6.449 6.714 6.983 7.256 7.532 7.812 8.095 8.382 8.672 8.899 9.097 9.293 9.488 9.681 9.873 10.063 10.251 10.437 10.622 10.805 10.986 11.024 11.026 11.022 11.012 10.995 10.973 10.944 10.909 10.868 10.820 10.767 10.707 10.309 9.871 9.416 8.944 8.454 7.947 7.423 6.881 6.323 5.746 5.153 4.649 6.110
5.248 5.381 5.480 5.544 5.574 5.570 5.532 5.459 5.352 5.210 5.034 4.824 4.755 4.915 5.079 5.246 5.418 5.593 5.772 5.954 6.141 6.314 6.472 6.634 6.847 7.118 7.392 7.669 7.951 8.235 8.524 8.815 9.111 9.410 9.712 10.018 10.258 10.449 10.637 10.825 11.010 11.194 11.376 11.557 11.736 11.913 12.088 12.262 12.299 12.273 12.241 12.204 12.160 12.109 12.053 11.990 11.922 11.847 11.766 11.679 11.253 10.739 10.184 9.581 8.982 8.387 7.796 7.209 6.627 6.048 5.474 4.903 6.083
7.721 7.734 7.714 7.658 7.569 7.445 7.287 7.095 6.868 6.607 6.312 5.983 5.780 5.953 6.130 6.310 6.495 6.683 6.874 7.070 7.269 7.455 7.626 7.801 8.016 8.302 8.591 8.885 9.182 9.482 9.786 10.093 10.404 10.719 11.037 11.359 11.617 11.800 11.982 12.161 12.339 12.515 12.690 12.863 13.034 13.204 13.372 13.538 13.578 13.525 13.465 13.400 13.329 13.226 13.054 12.872 12.680 12.477 12.264 12.040 11.551 10.958 10.368 9.783 9.202 8.625 8.052 7.483 6.919 6.358 5.801 5.249 6.092
