DATA/SHG/ECMWF/20170628/EN-38/20170708.en-38.asc
ncols        190
nrows        64
xllcorner    -5100000.000000000000
yllcorner    4130000.000000000000
cellsize     10000.000000000000
NODATA_value  -99999.000
[rows 0 to 32 of 64, columns 74 to 147 of 190]
1.171 1.259 1.347 1.436 1.526 1.616 1.706 1.879 2.325 2.821 3.321 3.825 4.332 4.842 5.357 5.874 6.396 6.921 7.449 7.961 8.381 8.773 9.154 9.524 9.882 10.230 10.566 10.892 11.206 11.508 11.800 12.081 12.351 12.610 12.859 13.096 13.322 13.537 13.741 13.933 14.115 14.286 14.446 14.540 14.463 14.382 14.299 14.213 14.125 14.033 13.939 13.842 13.743 13.640 13.535 13.443 13.400 13.364 13.335 13.313 13.298 13.290 13.289 13.294 13.307 13.327 13.354 13.303 13.017 12.736 12.457 12.183 11.912 11.644
1.240 1.425 1.639 1.857 2.079 2.304 2.533 2.814 3.319 3.828 4.340 4.856 5.375 5.898 6.425 6.955 7.489 8.026 8.567 9.095 9.465 9.807 10.138 10.458 10.767 11.064 11.351 11.626 11.890 12.143 12.384 12.615 12.836 13.046 13.244 13.432 13.609 13.774 13.929 14.072 14.204 14.326 14.436 14.512 14.422 14.330 14.234 14.136 14.035 13.931 13.825 13.716 13.604 13.489 13.372 13.266 13.255 13.250 13.252 13.261 13.277 13.300 13.331 13.368 13.412 13.463 13.521 13.535 13.265 13.000 12.737 12.479 12.224 11.973
2.137 2.360 2.587 2.818 3.053 3.290 3.532 3.790 4.308 4.829 5.353 5.882 6.414 6.949 7.488 8.030 8.576 9.126 9.679 10.236 10.561 10.853 11.134 11.404 11.662 11.910 12.146 12.371 12.585 12.788 12.980 13.161 13.332 13.492 13.641 13.780 13.907 14.023 14.128 14.222 14.305 14.377 14.438 14.487 14.385 14.280 14.172 14.062 13.948 13.832 13.714 13.592 13.468 13.341 13.211 13.083 13.102 13.129 13.162 13.202 13.250 13.304 13.366 13.434 13.509 13.591 13.681 13.691 13.295 12.911 12.539 12.179 11.832 11.496
3.055 3.291 3.531 3.774 4.021 4.272 4.526 4.784 5.292 5.825 6.362 6.903 7.447 7.995 8.546 9.101 9.659 10.221 10.787 11.356 11.667 11.909 12.140 12.360 12.569 12.766 12.953 13.128 13.292 13.445 13.587 13.718 13.839 13.950 14.050 14.139 14.217 14.284 14.339 14.384 14.418 14.441 14.452 14.453 14.350 14.233 14.113 13.990 13.865 13.737 13.606 13.472 13.335 13.196 13.054 12.910 12.943 13.001 13.005 12.954 12.902 12.851 12.801 12.750 12.699 12.649 12.599 12.548 12.227 11.896 11.578 11.272 10.977 10.695
3.969 4.217 4.470 4.725 4.985 5.248 5.515 5.785 6.271 6.817 7.366 7.919 8.476 9.036 9.599 10.167 10.737 11.312 11.889 12.471 12.785 12.977 13.158 13.328 13.486 13.634 13.771 13.896 14.010 14.113 14.205 14.286 14.358 14.420 14.470 14.510 14.538 14.556 14.562 14.558 14.542 14.516 14.478 14.429 14.319 14.189 14.057 13.922 13.784 13.569 13.297 13.031 12.772 12.519 12.273 12.033 11.944 11.894 11.843 11.793 11.742 11.692 11.642 11.592 11.542 11.492 11.443 11.393 11.149 10.871 10.606 10.353 10.112 9.883
4.877 5.139 5.403 5.672 5.944 6.220 6.499 6.782 7.245 7.804 8.365 8.931 9.500 10.072 10.648 11.227 11.810 12.397 12.987 13.581 13.913 14.055 14.186 14.306 14.415 14.513 14.600 14.675 14.740 14.793 14.835 14.866 14.888 14.900 14.902 14.892 14.871 14.840 14.797 14.743 14.570 14.321 14.074 13.828 13.559 13.284 13.015 12.753 12.497 12.247 12.004 11.767 11.536 11.312 11.094 10.883 10.783 10.733 10.683 10.633 10.584 10.534 10.485 10.435 10.386 10.337 10.288 10.240 10.060 9.836 9.624 9.424 9.236 9.060
5.781 6.055 6.332 6.613 6.898 7.186 7.478 7.774 8.215 8.785 9.360 9.937 10.518 11.103 11.692 12.283 12.879 13.478 14.080 14.686 15.052 15.145 15.226 15.296 15.355 15.403 15.440 15.466 15.480 15.484 15.476 15.304 15.050 14.798 14.548 14.299 14.050 13.802 13.556 13.310 13.065 12.821 12.578 12.336 12.089 11.843 11.603 11.369 11.141 10.920 10.706 10.497 10.295 10.100 9.911 9.728 9.623 9.573 9.524 9.475 9.426 9.378 9.329 9.280 9.232 9.184 9.136 9.088 8.961 8.790 8.632 8.485 8.350 8.228
6.680 6.967 7.257 7.550 7.847 8.148 8.453 8.761 9.180 9.763 10.349 10.939 11.533 12.130 12.730 13.334 13.942 14.553 15.168 15.786 16.202 16.245 16.081 15.833 15.583 15.331 15.077 14.820 14.561 14.300 14.037 13.772 13.512 13.265 13.019 12.774 12.530 12.286 12.044 11.802 11.562 11.322 11.084 10.846 10.615 10.397 10.185 9.980 9.781 9.589 9.403 9.223 9.050 8.883 8.722 8.568 8.464 8.416 8.367 8.319 8.271 8.223 8.175 8.127 8.079 8.032 7.984 7.937 7.851 7.734 7.629 7.535 7.454 7.384
7.575 7.874 8.176 8.482 8.792 9.105 9.422 9.743 10.140 10.735 11.334 11.936 12.542 13.151 13.717 14.075 14.390 14.662 14.891 15.078 15.148 14.895 14.640 14.382 14.123 13.861 13.597 13.331 13.062 12.792 12.519 12.244 11.976 11.733 11.491 11.250 11.010 10.771 10.533 10.296 10.060 9.825 9.590 9.357 9.136 8.946 8.763 8.587 8.416 8.253 8.095 7.944 7.799 7.661 7.529 7.403 7.307 7.259 7.212 7.164 7.117 7.069 7.022 6.975 6.928 6.881 6.835 6.788 6.732 6.668 6.615 6.575 6.547 6.530
8.464 8.776 9.091 9.409 9.732 10.058 10.387 10.695 10.979 11.445 11.868 12.248 12.585 12.879 13.130 13.339 13.504 13.627 13.706 13.743 13.731 13.468 13.203 12.936 12.667 12.395 12.122 11.846 11.568 11.287 11.005 10.720 10.440 10.202 9.965 9.728 9.492 9.258 9.024 8.791 8.559 8.328 8.098 7.869 7.652 7.491 7.337 7.189 7.047 6.912 6.783 6.660 6.544 6.434 6.330 6.233 6.151 6.104 6.057 6.011 5.964 5.917 5.871 5.824 5.778 5.732 5.686 5.640 5.602 5.591 5.592 5.604 5.629 5.666
9.331 9.607 9.875 10.136 10.389 10.635 10.874 11.105 11.330 11.646 11.919 12.149 12.337 12.481 12.583 12.642 12.658 12.631 12.561 12.449 12.315 12.046 11.771 11.495 11.216 10.934 10.651 10.366 10.078 9.788 9.496 9.202 8.906 8.672 8.439 8.207 7.975 7.745 7.515 7.287 7.059 6.832 6.607 6.382 6.164 6.031 5.905 5.786 5.673 5.566 5.465 5.371 5.283 5.202 5.127 5.058 4.997 4.951 4.905 4.859 4.813 4.767 4.721 4.675 4.630 4.585 4.539 4.494 4.462 4.504 4.558 4.623 4.701 4.791
9.929 10.179 10.421 10.656 10.883 11.103 11.316 11.521 11.719 11.886 12.010 12.091 12.129 12.124 12.076 11.985 11.852 11.676 11.456 11.195 10.911 10.628 10.344 10.057 9.769 9.478 9.185 8.890 8.593 8.293 7.991 7.687 7.381 7.144 6.915 6.687 6.460 6.234 6.008 5.784 5.561 5.338 5.117 4.896 4.676 4.567 4.469 4.378 4.293 4.215 4.143 4.078 4.018 3.965 3.919 3.879 3.845 3.799 3.754 3.708 3.663 3.618 3.573 3.528 3.483 3.438 3.394 3.420 3.534 3.771 4.011 4.255 4.502 4.752
10.533 10.757 10.973 11.182 11.384 11.578 11.765 11.944 12.116 12.166 12.140 12.071 11.959 11.805 11.608 11.368 11.085 10.760 10.392 9.981 9.547 9.215 8.921 8.625 8.327 8.026 7.724 7.419 7.112 6.803 6.491 6.178 5.862 5.616 5.392 5.168 4.945 4.723 4.502 4.282 4.063 3.845 3.628 3.411 3.196 3.097 3.028 2.966 2.910 2.860 2.816 2.779 2.748 2.724 2.706 2.694 2.689 2.649 2.670 2.768 2.868 2.971 3.076 3.183 3.293 3.406 3.520 3.638 3.757 4.000 4.255 4.513 4.775 5.040
11.144 11.341 11.532 11.715 11.890 12.058 12.219 12.373 12.519 12.484 12.308 12.090 11.830 11.526 11.180 10.791 10.359 9.884 9.367 8.807 8.223 7.806 7.503 7.197 6.889 6.579 6.267 5.952 5.636 5.317 4.996 4.673 4.347 4.090 3.870 3.650 3.432 3.214 2.997 2.782 2.567 2.353 2.140 1.928 1.717 1.623 1.583 1.549 1.521 1.580 1.726 1.870 2.012 2.154 2.294 2.432 2.570 2.681 2.787 2.896 3.007 3.120 3.236 3.354 3.475 3.598 3.724 3.852 3.983 4.225 4.495 4.768 5.045 5.325
11.760 11.932 12.096 12.253 12.403 12.545 12.680 12.808 12.928 12.841 12.516 12.149 11.739 11.286 10.791 10.253 9.672 9.048 8.382 7.673 6.940 6.402 6.089 5.773 5.456 5.136 4.814 4.490 4.164 3.836 3.505 3.172 2.837 2.565 2.349 2.134 1.919 1.706 1.494 1.282 1.161 1.132 1.106 1.084 1.065 1.145 1.290 1.434 1.576 1.716 1.856 1.994 2.131 2.266 2.400 2.533 2.664 2.785 2.902 3.021 3.143 3.267 3.394 3.523 3.654 3.788 3.925 4.064 4.205 4.447 4.731 5.019 5.311 5.605
12.382 12.528 12.667 12.798 12.922 13.038 13.147 13.249 13.343 13.237 12.763 12.247 11.688 11.086 10.442 9.754 9.025 8.252 7.437 6.579 5.696 5.002 4.679 4.354 4.027 3.698 3.367 3.033 2.697 2.359 2.019 1.763 1.586 1.465 1.426 1.390 1.359 1.331 1.306 1.286 1.269 1.256 1.247 1.241 1.240 1.307 1.445 1.583 1.719 1.854 1.987 2.120 2.250 2.380 2.508 2.635 2.760 2.885 3.013 3.143 3.276 3.411 3.549 3.689 3.831 3.976 4.123 4.273 4.425 4.664 4.964 5.267 5.573 5.882
13.010 13.131 13.243 13.349 13.447 13.537 13.620 13.696 13.765 13.671 13.048 12.383 11.675 10.925 10.131 9.296 8.417 7.496 6.532 5.526 4.493 3.607 3.355 3.168 2.982 2.799 2.618 2.439 2.262 2.088 1.915 1.745 1.577 1.452 1.430 1.411 1.396 1.384 1.377 1.373 1.373 1.376 1.384 1.395 1.410 1.469 1.602 1.733 1.864 1.993 2.120 2.246 2.371 2.495 2.617 2.738 2.857 2.983 3.122 3.263 3.406 3.552 3.701 3.852 4.005 4.160 4.319 4.479 4.642 4.879 5.193 5.510 5.831 6.156
13.645 13.739 13.826 13.905 13.978 14.042 14.100 14.150 14.192 14.144 13.373 12.559 11.702 10.803 9.855 8.835 7.846 6.888 5.961 5.064 4.200 3.428 3.248 3.070 2.894 2.720 2.549 2.380 2.213 2.048 1.885 1.725 1.566 1.435 1.429 1.427 1.429 1.434 1.443 1.456 1.472 1.492 1.516 1.544 1.576 1.633 1.760 1.885 2.009 2.132 2.254 2.374 2.493 2.611 2.727 2.842 2.955 3.079 3.228 3.380 3.534 3.691 3.850 4.012 4.176 4.342 4.511 4.683 4.856 5.089 5.418 5.751 6.086 6.425
14.285 14.354 14.415 14.468 14.515 14.554 14.585 14.564 14.318 14.065 13.016 11.980 10.974 10.000 9.057 8.145 7.263 6.413 5.594 4.806 4.050 3.321 3.138 2.969 2.803 2.639 2.478 2.318 2.161 2.005 1.852 1.702 1.553 1.414 1.425 1.439 1.457 1.479 1.505 1.534 1.567 1.604 1.645 1.689 1.737 1.797 1.918 2.038 2.156 2.273 2.389 2.503 2.616 2.728 2.838 2.947 3.055 3.171 3.332 3.494 3.659 3.827 3.997 4.169 4.344 4.521 4.701 4.883 5.068 5.296 5.640 5.987 6.337 6.691
14.858 14.634 14.404 14.168 13.925 13.675 13.419 13.157 12.888 12.613 11.759 10.831 9.933 9.067 8.232 7.427 6.654 5.911 5.200 4.520 3.872 3.252 3.026 2.867 2.710 2.556 2.404 2.254 2.106 1.961 1.818 1.676 1.537 1.400 1.416 1.447 1.482 1.521 1.563 1.609 1.659 1.712 1.769 1.830 1.895 1.963 2.078 2.192 2.305 2.416 2.525 2.634 2.741 2.846 2.951 3.054 3.155 3.261 3.432 3.606 3.782 3.960 4.141 4.324 4.510 4.698 4.888 5.081 5.277 5.499 5.858 6.220 6.585 6.953
13.614 13.368 13.116 12.857 12.592 12.320 12.042 11.758 11.467 11.169 10.476 9.655 8.866 8.107 7.380 6.683 6.017 5.383 4.779 4.206 3.667 3.156 2.911 2.762 2.615 2.471 2.328 2.188 2.050 1.914 1.780 1.649 1.519 1.392 1.403 1.451 1.503 1.558 1.617 1.679 1.745 1.816 1.889 1.967 2.048 2.133 2.240 2.347 2.454 2.559 2.663 2.765 2.866 2.966 3.064 3.162 3.257 3.352 3.531 3.715 3.902 4.091 4.282 4.476 4.673 4.872 5.073 5.277 5.500 5.754 6.141 6.510 6.863 7.199
12.379 12.110 11.836 11.555 11.267 10.973 10.673 10.366 10.053 9.734 9.166 8.453 7.772 7.121 6.501 5.912 5.354 4.827 4.331 3.866 3.435 3.033 2.794 2.655 2.518 2.383 2.250 2.120 1.991 1.865 1.741 1.619 1.499 1.382 1.387 1.451 1.519 1.591 1.666 1.745 1.828 1.915 2.005 2.099 2.197 2.299 2.402 2.504 2.604 2.704 2.801 2.898 2.993 3.087 3.179 3.271 3.360 3.449 3.626 3.843 4.093 4.343 4.591 4.839 5.086 5.333 5.579 5.824 6.068 6.312 6.618 6.912 7.188 7.448
11.150 10.860 10.563 10.260 9.950 9.634 9.312 8.983 8.648 8.306 7.830 7.225 6.651 6.108 5.596 5.114 4.664 4.244 3.856 3.498 3.175 2.882 2.675 2.546 2.418 2.293 2.170 2.049 1.930 1.813 1.699 1.587 1.477 1.369 1.366 1.447 1.531 1.620 1.712 1.807 1.907 2.010 2.117 2.228 2.342 2.460 2.566 2.661 2.756 2.849 2.946 3.058 3.181 3.315 3.459 3.615 3.782 3.960 4.191 4.439 4.686 4.932 5.178 5.422 5.667 5.910 6.153 6.395 6.636 6.877 7.112 7.329 7.530 7.713
9.930 9.618 9.299 8.973 8.641 8.303 7.958 7.607 7.250 6.886 6.467 5.970 5.504 5.068 4.663 4.290 3.947 3.635 3.354 3.103 2.888 2.703 2.554 2.434 2.316 2.200 2.087 1.976 1.867 1.760 1.655 1.552 1.452 1.353 1.341 1.439 1.540 1.645 1.753 1.865 1.981 2.111 2.247 2.368 2.475 2.566 2.661 2.778 2.906 3.044 3.194 3.354 3.526 3.708 3.902 4.107 4.322 4.549 4.790 5.034 5.278 5.521 5.764 6.006 6.247 6.487 6.727 6.966 7.204 7.442 7.622 7.763 7.888 7.995
8.718 8.383 8.042 7.694 7.340 6.980 6.613 6.239 5.860 5.474 5.079 4.689 4.330 4.002 3.705 3.438 3.203 2.998 2.824 2.681 2.574 2.498 2.431 2.320 2.212 2.106 2.002 1.900 1.801 1.703 1.608 1.515 1.457 1.461 1.530 1.705 1.864 2.008 2.138 2.252 2.352 2.437 2.507 2.563 2.603 2.629 2.702 2.867 3.044 3.231 3.429 3.639 3.859 4.090 4.333 4.586 4.850 5.126 5.388 5.630 5.870 6.110 6.350 6.589 6.827 7.064 7.301 7.537 7.772 8.007 8.148 8.214 8.262 8.294
7.513 7.156 6.792 6.423 6.046 5.664 5.275 4.879 4.478 4.069 3.663 3.381 3.129 2.909 2.719 2.560 2.432 2.335 2.268 2.232 2.233 2.265 2.305 2.218 2.162 2.119 2.089 2.073 2.070 2.079 2.102 2.139 2.188 2.251 2.334 2.442 2.535 2.613 2.677 2.726 2.760 2.779 2.783 2.772 2.747 2.707 2.731 2.945 3.170 3.406 3.653 3.911 4.180 4.460 4.751 5.053 5.366 5.690 5.986 6.225 6.462 6.700 6.936 7.172 7.407 7.641 7.875 8.108 8.340 8.572 8.691 8.681 8.653 8.609
6.316 5.936 5.551 5.159 4.761 4.356 3.945 3.527 3.103 2.673 2.236 2.047 1.903 1.789 1.707 1.675 1.787 1.897 2.005 2.112 2.216 2.316 2.416 2.408 2.410 2.426 2.455 2.497 2.552 2.620 2.701 2.796 2.904 3.025 3.152 3.194 3.221 3.234 3.232 3.215 3.183 3.136 3.074 2.998 2.907 2.800 2.748 3.011 3.284 3.569 3.865 4.172 4.490 4.818 5.158 5.509 5.870 6.243 6.584 6.820 7.054 7.288 7.522 7.755 7.987 8.218 8.449 8.679 8.908 9.136 9.250 9.164 9.061 8.940
5.126 4.725 4.317 3.903 3.483 3.056 2.622 2.183 1.781 1.550 1.332 1.385 1.498 1.609 1.718 1.826 1.932 2.036 2.139 2.241 2.339 2.434 2.528 2.583 2.644 2.718 2.805 2.905 3.019 3.145 3.285 3.438 3.604 3.783 3.975 3.961 3.923 3.870 3.802 3.719 3.621 3.508 3.381 3.239 3.082 2.910 2.753 3.065 3.387 3.721 4.065 4.421 4.787 5.164 5.553 5.952 6.362 6.783 7.182 7.415 7.646 7.877 8.108 8.337 8.566 8.795 9.022 9.249 9.475 9.701 9.825 9.663 9.484 9.288
3.944 3.562 3.284 3.020 2.768 2.530 2.305 2.093 1.894 1.709 1.537 1.559 1.666 1.771 1.875 1.978 2.078 2.177 2.275 2.371 2.463 2.553 2.641 2.743 2.862 2.995 3.140 3.299 3.471 3.655 3.853 4.065 4.289 4.526 4.777 4.744 4.640 4.521 4.387 4.238 4.075 3.896 3.703 3.495 3.272 3.035 2.783 3.107 3.478 3.860 4.253 4.657 5.072 5.498 5.935 6.383 6.842 7.312 7.780 8.009 8.238 8.466 8.693 8.920 9.146 9.371 9.596 9.820 10.043 10.266 10.417 10.179 9.924 9.652
3.588 3.343 3.111 2.892 2.686 2.494 2.314 2.148 1.996 1.856 1.729 1.734 1.836 1.936 2.034 2.131 2.226 2.319 2.412 2.502 2.589 2.673 2.756 2.889 3.066 3.257 3.460 3.677 3.907 4.150 4.406 4.676 4.958 5.254 5.563 5.542 5.372 5.187 4.987 4.773 4.544 4.300 4.041 3.767 3.479 3.176 2.858 3.138 3.557 3.988 4.430 4.882 5.346 5.821 6.306 6.803 7.310 7.828 8.358 8.604 8.830 9.055 9.279 9.503 9.726 9.948 10.169 10.390 10.610 10.830 11.095 10.950 10.766 10.543
3.310 3.111 2.925 2.752 2.592 2.445 2.312 2.192 2.084 1.990 1.910 1.910 2.006 2.101 2.194 2.285 2.375 2.463 2.549 2.634 2.716 2.794 2.871 3.019 3.255 3.503 3.765 4.040 4.329 4.630 4.944 5.272 5.612 5.966 6.333 6.355 6.119 5.868 5.603 5.323 5.028 4.718 4.394 4.055 3.701 3.332 2.948 3.156 3.625 4.104 4.594 5.096 5.608 6.131 6.665 7.210 7.766 8.333 8.911 9.199 9.421 9.677 10.011 10.363 10.732 11.119 11.523 11.945 12.385 12.842 13.316 13.051 12.696 12.303
3.021 2.868 2.727 2.600 2.486 2.385 2.297 2.223 2.161 2.113 2.078 2.088 2.178 2.267 2.355 2.441 2.525 2.607 2.688 2.768 2.844 2.917 2.988 3.134 3.428 3.735 4.055 4.388 4.735 5.094 5.467 5.853 6.251 6.663 7.088 7.183 6.881 6.565 6.234 5.888 5.528 5.153 4.763 4.358 3.938 3.504 3.054 3.164 3.681 4.209 4.747 5.297 5.958 6.814 7.597 8.307 8.945 9.509 10.001 10.387 10.764 11.158 11.569 11.998 12.445 12.909 13.391 13.890 14.407 14.941 15.493 15.187 14.662 14.099
2.720 2.612 2.518 2.436 2.368 2.312 2.270 2.241 2.226 2.223 2.234 2.267 2.352 2.435 2.517 2.597 2.676 2.753 2.829 2.903 2.973 3.041 3.107 3.235 3.587 3.952 4.330 4.722 5.126 5.544 5.974 6.418 6.875 7.345 7.828 8.026 7.659 7.277 6.880 6.469 6.043 5.602 5.147 4.783 4.764 4.823 4.961 5.513 6.411 7.236 7.988 8.667 9.274 9.807 10.268 10.656 10.972 11.214 11.384 11.693 12.147 12.618 13.107 13.613 14.137 14.679 15.238 15.814 16.408 17.020 17.649 17.359 16.664 15.930
