DATA/RAW-RASTER/ECMWF/20170628/EN-27/20170701.en-27.asc
ncols			31
nrows			16
xllcorner		69.5
yllcorner		19.5
cellsize		1.0
NODATA_value	-99999
0.66757 3.20053 2.19345 3.19672 10.98251 1.30081 1.36948 0.13733 0.10681 0.20599 0.46921 1.00327 1.78528 3.65067 1.41907 0.51880 1.05667 0.50735 1.35422 4.01688 5.46646 3.81851 5.28336 8.33893 6.18362 6.47354 8.45337 13.13400 10.44083 11.68823 10.21576
0.88120 0.83923 7.87735 8.41141 2.63596 0.79346 0.02670 0.23651 0.04959 0.04196 0.25177 0.33188 0.31281 0.67139 0.62561 1.02234 1.98364 2.58636 5.18036 4.62341 4.70734 7.38525 4.00925 7.30133 7.87354 8.33893 3.47900 3.97873 3.35312 1.56784 5.08118
1.13297 9.83810 0.87357 1.02615 3.24631 0.82016 2.99835 0.14496 0.03433 0.01907 0.17929 0.53024 0.55313 3.59344 5.44357 7.86591 6.13403 5.29099 3.54004 2.34985 4.52423 1.28174 4.34494 3.77655 4.38690 7.37762 7.21359 6.72531 6.39725 4.45557 9.84192
1.54495 7.35474 0.00381 0.00000 0.03052 1.45721 4.18091 1.92261 1.20926 0.86975 6.74820 6.21796 4.75693 9.03702 4.21524 5.31769 2.95258 0.82397 1.78909 6.21796 6.76346 4.45175 3.39508 6.36673 4.32968 1.03760 2.58636 4.61197 7.13730 6.58417 6.05774
1.89590 7.85065 0.03052 0.00763 0.07248 1.19781 4.38309 44.33060 7.33948 12.63428 6.27899 6.46591 3.24631 5.08118 1.30844 1.36948 0.58365 3.31116 2.65121 6.26373 4.04358 4.34113 11.74545 3.29590 0.21362 0.73242 0.43106 1.38474 5.05829 5.26810 5.69916
2.84195 0.43106 0.00381 0.00381 0.09918 0.41199 4.46701 15.65933 32.84073 24.93668 24.59717 5.44739 4.57764 1.88828 1.80435 2.66647 5.12314 12.61520 6.09589 10.62393 7.30896 7.45010 6.56891 2.46429 4.73785 2.99454 2.41089 0.18311 6.63376 7.01523 6.58035
0.23651 0.24796 0.00000 0.00000 0.09155 1.33133 2.50626 9.87625 32.64618 23.44131 33.35571 34.93881 17.74216 0.99182 0.30136 7.04956 3.01361 7.54929 8.25882 14.96124 2.86102 8.35037 18.24570 10.11658 7.49969 11.78741 14.45389 7.97653 0.61035 0.85831 3.49426
0.00000 0.01907 0.27847 0.49591 0.12207 1.59836 2.51007 14.82010 22.80426 14.96506 21.42334 16.52908 10.84518 21.59500 21.39664 50.36545 9.44901 3.36838 2.95639 5.13840 18.11218 15.79285 6.01578 40.29083 18.45932 51.92184 81.01273 22.86530 14.51874 4.56238 3.86047
0.00381 0.08011 0.91934 1.84631 0.79727 3.37982 10.80704 18.27621 6.53458 15.25497 20.06912 8.23975 23.70834 20.93887 23.75793 13.90457 9.95255 16.00266 34.64508 120.44525 42.66739 62.22916 27.99606 27.91595 15.81955 8.48007 21.61407 129.26865 119.10629 28.91541 5.84412
0.00000 0.75912 1.49918 2.01797 0.99182 6.03104 27.49252 10.21194 5.46265 5.25665 4.31061 8.35800 19.46640 19.20700 18.74542 10.09369 9.68552 6.51550 8.96835 21.44241 12.14981 8.74329 91.72058 17.70020 24.24622 13.13400 25.79498 18.11600 45.89844 21.70944 13.61465
0.00000 0.03433 1.39999 7.78198 1.15967 11.69968 27.98843 9.95636 7.18307 2.25449 3.44467 9.61685 12.98141 21.43860 9.73892 9.19724 10.47134 10.81085 15.66315 8.35800 23.21243 23.13232 45.61234 16.73508 7.21359 26.71432 17.16232 20.58029 50.10223 31.12411 26.98898
0.15259 1.04141 11.00540 32.55081 22.07947 26.14594 13.40103 8.43048 2.01797 2.66266 4.02451 2.95258 10.49805 17.09747 12.60757 5.52750 7.98035 9.05609 5.29861 10.60104 20.90073 9.34601 4.47464 9.17816 32.52029 11.66916 4.00162 16.14380 13.53455 26.51596 25.29526
1.20544 3.75366 22.69745 99.61319 25.26474 12.29858 8.07571 1.56403 1.79291 1.62125 6.17981 6.05392 12.10785 12.01248 14.98032 10.60104 7.65228 14.59122 9.66263 15.57922 19.45877 12.63046 14.77814 11.92093 12.38632 2.34604 2.30026 3.93677 6.50024 10.44846 12.97760
1.41144 3.26920 15.75851 149.71161 290.93933 58.67767 85.39200 42.54150 12.42447 4.95529 12.24518 5.43976 4.76074 14.27078 34.12628 18.83698 2.52151 5.39017 11.44791 21.19827 5.43213 25.38681 24.47510 39.74915 10.49042 1.26648 0.78201 1.63269 4.02069 6.02722 3.39508
6.76346 2.74658 13.05389 52.03629 69.40842 66.35666 31.47125 11.28387 7.35092 5.98526 10.94055 4.44412 7.16400 6.10352 10.60486 10.22339 8.71658 7.17163 18.28384 37.92191 30.99823 30.94101 52.13547 41.94260 7.25937 2.09045 2.96783 2.78091 1.67084 13.30948 7.39288
12.12311 31.41785 76.85471 71.38443 54.72946 22.18628 17.03644 15.98358 18.12744 10.28824 25.05875 8.50677 16.18195 9.85336 7.71332 20.73288 20.58029 32.08542 25.10071 19.98138 24.21951 20.57648 31.95572 45.18127 70.39642 12.24518 10.85281 4.98581 3.91388 2.03323 1.39618
