DATA/RAW-RASTER/ECMWF/20170628/EN-27/20170704.en-27.asc
ncols			31
nrows			16
xllcorner		69.5
yllcorner		19.5
cellsize		1.0
NODATA_value	-99999
0.76675 0.65994 2.16293 3.26538 3.83377 2.97928 3.87573 0.21744 0.10681 0.00763 0.34332 0.47302 1.52588 2.80380 7.92313 7.68661 7.08008 4.98199 9.72748 7.63321 8.44574 1.96457 1.33133 4.55475 2.07901 1.13678 0.74768 0.57983 0.31662 0.37003 0.00000
0.03433 1.78528 3.88718 1.81961 2.76566 1.04523 0.12207 0.04578 0.02289 0.00763 0.03815 1.73187 4.37546 10.91766 15.14053 9.16290 9.99069 9.31931 7.27844 3.62396 3.33023 2.33841 1.71280 1.10626 1.83105 2.78473 1.73950 0.46921 0.15640 0.60654 0.38528
0.01144 3.72696 4.78363 4.57382 1.88446 1.96838 2.14005 0.21362 0.01526 0.01907 0.34714 1.39618 1.94168 3.57056 4.60052 4.76837 4.55856 5.15747 11.71875 5.09262 1.89590 8.51059 1.18256 5.63431 9.96399 4.12369 2.72369 2.25830 7.59506 4.90189 5.01633
0.83542 4.94003 2.19345 2.76184 1.04141 0.75912 0.45013 6.82449 0.14496 0.00000 5.03540 5.87845 6.95419 14.86588 14.96506 14.71710 9.51767 17.67731 6.27518 11.02066 3.62778 5.72586 7.80106 6.11496 5.45120 4.76074 7.18689 5.42831 5.63812 12.40540 8.57925
10.70786 1.32370 6.05392 4.23050 3.34549 2.90298 1.78146 8.89587 24.34540 3.20053 3.08990 14.46152 4.63486 3.91769 2.51007 7.79724 8.94928 11.02829 4.57764 6.94275 8.81958 9.85336 9.25064 2.84576 3.81470 10.80704 8.72421 16.68930 15.24734 9.80377 7.11060
26.65329 0.58746 2.97165 3.31116 3.47900 1.14822 1.15967 13.62610 4.56238 43.08701 10.71167 11.23047 13.62228 4.67682 10.65063 4.54712 2.10571 3.20435 5.58090 3.43323 4.93622 3.88718 5.59235 5.92804 18.48984 17.70782 6.45065 11.87897 14.28986 13.03101 14.38522
0.14877 0.01526 2.83432 1.35040 1.64413 1.57166 1.31607 7.05719 11.96671 16.90292 16.52145 44.54803 39.82162 17.50946 0.83542 2.83432 3.43704 3.21198 0.75531 6.74438 7.18689 22.36176 17.70782 12.40540 20.59174 25.50507 14.85825 10.60867 14.05716 13.24081 9.09424
0.00381 0.00000 0.64850 1.39618 0.64468 1.54877 10.14709 22.52197 17.84897 16.41464 10.05936 8.08334 12.27951 29.24728 31.53992 25.71487 19.69910 1.68610 0.85831 3.95966 4.20761 9.71222 4.08554 19.03152 61.97357 12.82883 20.49255 32.84454 32.48215 12.30621 15.36942
0.00000 0.00000 0.43869 2.94495 3.65829 4.54712 24.41406 23.79990 12.57706 9.34219 5.80597 4.55475 1.70517 12.88605 18.45551 14.84299 7.23648 20.61462 19.71054 33.46634 4.95529 23.30780 8.72040 19.94324 7.79343 69.86237 21.52634 49.35074 21.19446 13.64136 17.96341
0.00763 0.00000 0.05722 0.46158 2.17056 32.10068 47.39761 22.47620 20.16449 1.41907 0.41580 0.24033 0.25177 2.00653 14.65225 4.41742 12.33673 14.56451 14.77432 6.55746 6.24847 18.96286 14.07623 0.66757 8.38470 24.59335 17.28821 11.81412 7.29370 21.00372 12.05063
0.06104 0.10300 0.21744 0.31281 2.17056 26.99661 55.64499 34.22165 14.90021 3.73840 1.29318 0.74387 0.24796 0.09155 2.28882 4.99344 3.64685 7.22504 19.64188 19.37485 10.74600 10.68115 19.42444 6.07681 4.12369 22.71271 4.33350 17.78412 17.35687 10.16998 3.75366
0.33188 0.36240 1.29318 2.20871 1.14441 23.60916 246.47903 138.80920 21.36993 4.19617 6.56509 0.84686 0.69427 0.14877 0.48828 0.45776 5.35965 16.03317 17.67349 26.84402 10.41794 3.60870 0.99182 23.93723 15.26642 4.06265 3.23105 4.12369 19.57703 3.10516 9.86481
0.40817 1.39618 2.41852 2.25067 1.65939 7.97653 51.98288 427.16980 82.80945 15.35416 9.04465 2.60925 1.30844 1.13678 0.54932 0.17929 0.27466 11.95526 15.34271 9.59778 24.42932 16.55579 12.93182 2.25449 5.28717 2.99072 0.35095 3.28064 14.11819 5.25284 9.59396
0.76675 0.80490 0.12970 0.70190 1.89590 4.97818 32.90176 53.33710 58.06732 4.69971 3.85666 2.43759 4.05121 4.20380 2.36893 1.42288 0.26321 3.17383 2.38800 9.92203 7.15637 26.01624 15.61737 3.34930 10.39124 1.22833 0.54932 9.41849 2.93350 1.56403 3.38745
0.73624 1.16730 0.81635 2.82669 5.05447 3.12805 3.96729 13.80157 7.58743 0.41580 2.21252 0.19073 0.22507 0.67520 1.55640 1.46866 0.21362 0.03052 1.07193 2.07901 16.14380 27.92740 40.95078 14.52255 0.31281 1.53351 5.37109 11.85608 1.59073 1.64032 1.98364
0.17929 1.22452 4.55093 4.63486 0.38910 0.97275 0.37384 2.57492 0.14877 0.16785 0.60654 1.44196 1.15585 1.43814 1.64795 3.69644 0.65231 0.06104 3.42178 3.87192 9.31931 27.38953 25.45929 32.08923 42.85049 3.62015 13.05771 1.16348 0.87357 3.02124 1.54877
