DATA/RAW-RASTER/ECMWF/20170628/EN-27/20170707.en-27.asc
ncols			31
nrows			16
xllcorner		69.5
yllcorner		19.5
cellsize		1.0
NODATA_value	-99999
0.92316 0.00000 0.01526 0.45013 0.17548 1.00708 0.34332 0.20599 0.22125 1.62506 3.27301 1.83868 3.62396 0.41962 0.48828 2.60162 2.01416 3.19672 2.80762 4.08936 6.38580 5.24902 2.73132 5.21088 11.29913 15.96069 23.88000 21.31653 23.36884 23.56720 17.76123
0.26703 0.06104 7.98035 2.52533 4.11987 1.21307 0.06866 1.99890 0.71716 0.14496 1.89209 3.93677 3.33405 1.99890 2.57874 1.20544 0.21362 0.64850 1.45721 4.02832 2.86865 4.63104 7.32422 8.73566 7.12585 12.19940 16.15906 20.88165 29.50287 26.16882 16.21246
0.00763 1.99127 8.22449 4.52423 7.52258 6.25610 3.17383 0.09155 0.07629 0.24414 3.73840 3.79944 5.47028 2.00653 2.37274 0.33569 0.20599 0.45013 0.70953 1.94550 2.00653 1.95312 7.72095 15.16724 8.14819 11.35254 12.90894 14.93073 17.92908 18.01300 6.36292
1.99890 0.41962 15.01465 4.22668 3.54767 2.02179 0.66376 2.24304 0.38910 1.75476 1.23596 1.53351 5.17273 9.01794 1.64032 2.31171 0.35095 0.31281 0.96130 3.82233 5.95856 4.24194 11.46698 7.11060 11.84082 5.02777 10.60486 7.64465 16.99066 12.34436 8.29315
5.74493 0.00000 4.92096 3.65448 1.58691 1.74713 0.95367 11.08551 13.40485 0.22125 0.28992 0.93842 0.65613 3.00598 11.59668 5.74493 3.49426 9.20105 8.34656 4.40979 5.85175 15.18250 12.88605 12.59613 7.11823 5.58472 9.49860 5.87463 5.62286 4.17328 4.79889
2.98309 0.12207 3.82996 4.05121 0.18311 1.60980 7.50732 11.64246 1.94550 14.03809 8.25500 5.12695 5.64575 1.02234 2.02179 9.96399 10.52094 7.00378 12.61139 9.66644 10.02502 11.14655 9.36127 12.48932 9.49860 15.38086 7.39288 4.81415 14.90784 2.33459 9.89532
0.01526 0.11444 1.47247 0.70190 0.48065 1.38855 2.89154 3.10516 4.24194 2.71606 2.74658 8.85773 5.23376 5.80597 2.77710 8.85010 11.19995 8.67462 3.66211 6.96564 6.91223 12.58850 12.53510 8.68225 16.63208 51.61285 24.10889 7.04193 5.15747 1.83868 4.16565
0.15259 0.00000 0.48065 0.45013 2.54059 9.68170 13.98468 8.45337 3.23486 1.05286 1.83868 4.11224 8.12531 10.39124 14.59503 13.66425 11.49750 2.80762 3.41797 6.02722 9.67407 9.68933 9.75037 25.26093 23.26202 16.74652 28.32031 8.94165 9.97925 7.02667 2.62451
0.00000 0.06866 0.21362 0.74768 4.13513 23.36121 21.45386 12.14600 4.40979 3.41034 0.96893 0.54932 1.12915 9.17816 22.62115 35.28595 25.36774 18.54706 18.08167 28.33557 81.15387 305.75562 67.52014 12.76398 4.50897 3.26538 16.99066 14.73999 16.52527 8.07190 2.54822
0.00000 0.00000 0.09918 0.16022 2.49481 26.45111 35.43091 32.39441 11.86371 2.21252 2.18201 0.93842 0.44250 0.45013 9.92584 22.21680 31.18896 16.96777 28.17535 31.37207 14.61029 8.01086 11.16943 1.54877 1.93024 9.33838 14.14490 57.21283 93.29224 6.70624 1.08337
0.58746 0.59509 0.91553 0.55695 5.08881 51.33820 67.03186 51.53656 12.12311 2.38037 0.83923 1.48010 0.20599 0.23651 2.93732 13.64899 13.27515 25.76447 25.97809 21.33942 3.19672 5.11932 8.01849 3.37982 0.55695 7.11823 19.05823 21.97266 22.86530 16.25824 6.81305
0.44250 0.42725 2.35748 5.37872 5.66864 44.62433 109.95483 38.99384 21.14105 2.60162 1.97601 0.62561 1.50299 0.38147 1.06812 3.15094 8.84247 12.39014 7.56836 8.33893 2.63977 1.36566 1.51062 0.90790 5.18799 10.87952 6.61469 19.34052 13.68713 13.22937 10.92529
0.74005 1.25122 0.96130 2.90680 4.95911 9.23157 8.90350 6.40106 8.01849 6.21796 2.59399 2.03705 2.00653 2.26593 1.92261 5.19562 2.71606 4.44031 5.11932 2.68555 2.70844 3.00598 0.51880 1.12915 10.91766 0.42725 0.45013 1.10626 2.76947 3.31879 0.30518
2.26593 3.22723 0.67139 4.79889 4.89044 3.18146 2.93732 7.46155 2.29645 0.69427 2.05231 1.91498 1.63269 1.54877 1.48010 1.17493 2.44141 5.62286 3.97491 1.54114 2.41852 3.79944 1.89209 0.68665 2.71606 0.06866 0.12970 0.28229 0.70953 0.65613 0.19073
0.71716 1.79291 4.02069 5.56946 3.52478 1.23596 1.06812 2.12860 1.00708 1.55640 1.32751 0.99182 0.43488 0.66376 0.44250 0.88501 0.17548 0.64850 2.73132 0.86212 1.42670 1.25885 3.34930 2.21252 0.33569 0.03815 0.89264 0.70953 0.66376 1.05286 0.62561
0.70190 1.87683 4.09698 7.05719 0.54932 1.45721 0.52643 1.03760 0.38910 0.76294 1.69373 1.83105 1.22833 0.90027 0.88501 0.56458 1.57166 3.00598 3.31116 0.98419 1.38855 1.75476 1.53351 4.18854 4.94385 0.67139 2.09045 1.78528 0.51117 0.48065 0.11444
