DATA/RAW-RASTER/ECMWF/20170628/EN-27/20170703.en-27.asc
ncols			31
nrows			16
xllcorner		69.5
yllcorner		19.5
cellsize		1.0
NODATA_value	-99999
0.86975 2.94495 1.14059 1.35040 2.67410 1.16348 2.20490 0.06104 0.12207 0.00763 0.24414 0.36240 0.40436 0.83542 2.63977 8.43811 3.04794 1.13297 1.41525 2.23160 0.82016 0.49591 0.26321 0.33951 0.10681 0.09537 0.35858 0.37384 0.11444 0.03052 0.62943
0.00381 0.25940 8.61740 3.08990 2.75040 0.80109 0.01526 0.28610 0.04578 0.00763 0.00381 0.00381 1.12534 2.49100 5.71823 11.04355 2.89536 0.89264 0.24033 0.00000 0.10681 0.12970 0.13733 0.13351 0.67520 1.96457 1.61743 1.57928 1.83868 0.62180 2.12860
0.06866 7.02667 2.82288 3.00598 5.78690 4.27246 5.34439 0.15259 0.07629 0.09918 0.13733 1.47629 0.94604 3.29208 8.07190 5.60760 1.82724 0.94986 0.17548 0.15640 0.42343 1.66321 0.34714 0.71335 0.30518 1.99127 0.94986 0.79346 10.13184 3.87955 0.99182
3.07465 3.37982 4.44794 2.49100 3.10135 3.89099 2.09045 7.85828 0.16022 0.33188 6.40869 5.31769 5.80597 7.62939 2.57492 4.23813 1.53351 0.87738 0.41580 1.91498 2.83051 8.15582 11.28387 20.69855 6.87790 3.34549 18.22662 10.18524 11.02448 9.00269 3.29590
4.29153 6.88171 3.71170 0.18692 1.86539 1.78909 2.97546 6.70242 17.18903 1.52206 1.11008 14.89258 3.07465 3.96347 5.21469 6.81686 3.84521 4.36020 5.03922 4.80652 4.16565 8.91495 11.91711 7.55310 5.40543 8.86917 5.37109 14.69803 18.63480 11.23047 7.18307
10.92911 3.62396 0.07248 0.01526 0.93079 0.53406 1.42670 4.29916 3.80325 30.75027 10.22339 8.63647 5.13077 4.67300 4.11987 1.56784 5.17654 7.12967 7.17926 5.19180 7.40814 6.79016 8.85010 10.31876 7.49588 7.15637 2.53677 6.00052 41.77856 20.01953 20.27893
1.88065 1.72043 0.90790 1.39999 0.46921 0.70572 2.79999 3.54385 6.06537 4.00925 7.29370 25.79880 15.51437 10.47897 20.80917 6.50406 3.99399 3.97873 2.10571 4.39835 1.65558 9.45282 9.93347 9.44138 10.69641 7.63702 5.90897 9.99832 3.45993 8.70895 30.28107
0.00000 0.49591 7.18307 1.54495 1.23215 2.18582 3.86429 16.24680 8.49915 10.50949 4.77219 4.65393 4.42886 6.85883 44.20090 18.14270 14.95743 0.83923 1.02997 6.27899 5.43594 14.21738 6.40488 11.88660 9.02557 3.58200 3.30734 8.25882 9.46808 10.04028 21.61026
0.00000 0.00381 2.44904 3.10516 5.14221 3.89862 10.96344 12.27951 23.42987 10.78796 1.78146 1.18637 3.37219 2.54822 8.07190 7.89642 8.41522 12.08496 36.50284 7.93457 30.97534 29.80804 66.02478 9.49860 12.90512 16.55579 13.52310 29.60968 34.35898 6.53458 18.21899
0.00000 0.00000 0.08774 1.08719 4.59671 22.99500 25.98190 17.69638 17.61246 18.81790 3.97110 0.95749 1.07956 2.58255 5.77927 15.23590 8.06808 4.27628 5.90134 2.15912 8.49152 38.53226 32.18842 0.56076 4.08554 62.75940 77.06070 35.43472 45.22324 11.67679 5.32150
0.11444 0.09155 0.25177 1.79291 1.94550 29.46472 63.68637 38.21564 36.65543 4.15421 0.92316 0.64087 0.26703 0.40054 1.72806 11.62720 16.26205 27.61078 14.38522 6.08063 7.39288 14.45389 38.38730 2.29263 5.02777 5.56946 3.63922 17.29202 30.67398 6.26373 8.34656
0.39673 0.46539 1.55640 4.78745 15.38849 45.85266 384.18198 39.04343 8.72040 7.26318 1.17111 0.65994 1.05667 0.05341 4.90570 12.58087 27.41241 64.50272 19.75250 35.84290 28.16391 25.69199 0.65994 14.72473 22.81952 0.74768 4.70352 24.36829 19.86694 8.00323 16.31165
0.95367 1.65176 1.85776 3.80325 15.09476 75.06180 316.38336 134.67026 14.99176 5.01633 2.97928 0.72098 0.16403 1.85013 8.52203 4.60815 8.94547 20.66803 4.01688 21.91162 87.15439 15.49149 2.20108 5.10025 35.57968 2.07520 0.49591 5.71823 2.31934 8.06046 16.85715
1.20163 2.02942 0.25177 1.67084 7.71713 32.13882 77.16751 31.97861 21.83533 9.30786 3.38364 1.40762 0.38528 1.67084 0.50354 0.91934 1.70517 6.18362 15.68985 15.19012 12.24899 24.95575 26.24130 13.38196 30.04074 2.79617 1.55640 4.38309 4.12369 3.78036 3.04031
0.76294 1.16348 2.32315 5.64194 9.10950 9.46045 3.56674 1.37711 2.46048 1.11389 2.24304 4.09317 1.24359 0.08392 0.96893 1.95312 6.61850 4.97437 12.41684 13.66425 24.66583 35.57968 53.21121 47.68372 10.97488 1.01471 2.34222 10.11276 1.03760 3.36838 1.89209
2.63214 4.16946 7.79724 14.73618 7.56836 4.45557 2.11716 1.52588 2.35748 7.32803 9.19342 12.20322 2.94495 0.72098 1.82343 4.19235 0.72098 2.65884 14.17923 21.19446 31.60095 28.08380 45.64285 36.73553 38.86414 1.68991 28.70560 1.97983 0.74005 1.14822 0.88882
