DATA/RAW-RASTER/ECMWF/20170628/EN-27/20170706.en-27.asc
ncols			31
nrows			16
xllcorner		69.5
yllcorner		19.5
cellsize		1.0
NODATA_value	-99999
2.60162 1.33514 0.69427 0.61035 1.36566 5.14221 2.03705 1.31226 1.17493 0.20599 1.18256 3.84521 5.40924 12.65717 11.28387 11.50513 8.88824 10.05554 5.57709 5.24139 4.32587 8.06427 6.61469 2.22778 2.76184 3.11279 1.00708 0.54169 0.99182 1.31226 4.93622
0.00000 0.00763 2.60925 4.03595 3.75366 5.98145 0.61035 1.10626 0.80109 2.40326 4.62341 3.28827 10.33020 6.53839 4.89807 4.09698 10.41412 8.69751 8.55255 7.30896 7.23267 9.27734 7.44629 6.75201 4.71497 7.06482 1.91498 1.19781 1.38092 1.29700 2.70844
0.54169 1.55640 0.32043 2.57874 1.89972 0.70190 4.16565 0.33569 1.68610 1.42670 3.58582 4.61578 10.67352 3.99780 2.51007 2.89154 2.05994 4.79889 7.40814 5.03540 12.38251 14.01520 14.77814 10.44464 7.13348 3.21198 1.23596 0.93842 0.64087 1.19781 3.66974
0.70190 1.07574 0.37384 1.22833 0.84686 2.23541 1.41907 6.94275 1.14441 1.00708 3.21198 1.57928 1.91498 2.60925 4.12750 0.78583 1.52588 4.85992 4.44794 1.84631 6.77490 11.68060 14.35089 5.59998 7.76672 4.58527 14.64081 12.76398 2.60162 1.56403 4.75311
5.59998 0.46539 0.78583 0.77820 0.92316 2.01416 0.70953 6.25610 7.01141 6.14929 0.79346 1.75476 2.63977 4.57001 9.87244 1.99127 2.95258 4.70734 3.79181 7.22504 10.11658 10.91766 4.89044 4.63104 6.04248 3.72314 2.62451 14.77814 13.09967 4.05884 4.21143
2.20490 0.11444 0.70953 0.19836 0.06866 0.43488 13.42010 8.36182 0.64850 5.67627 2.29645 3.70026 3.29590 0.99182 1.09863 2.70081 10.93292 3.84521 5.80597 6.84357 5.70679 5.72968 9.45282 7.31659 11.71112 17.94434 4.67682 6.38580 22.59827 17.17377 10.76508
0.00000 0.06104 0.63324 0.03052 0.01526 0.54932 1.75476 6.53839 0.61035 2.79236 84.76257 6.11877 15.95306 23.52905 6.14166 10.84137 7.74384 14.15253 4.47845 13.22937 11.13129 17.28821 17.87567 12.77161 20.95795 49.49188 18.69202 4.21143 4.39453 13.12256 4.77600
0.00000 0.00000 0.10681 3.03650 0.82397 8.35419 2.10571 1.84631 2.47192 3.37219 3.52478 3.57056 70.86945 67.15393 38.29956 20.49255 22.92633 14.83154 7.62939 10.29205 11.33728 25.41351 14.09149 26.18408 20.95795 37.98676 48.03467 5.69153 11.69586 2.25067 6.10352
0.00000 0.22125 0.10681 3.04413 3.87573 11.94763 3.70026 12.59613 5.69916 2.58636 1.86920 1.03760 0.52643 1.25122 4.67682 17.21954 13.77869 36.97205 9.49097 59.60083 132.27081 156.66962 52.54364 36.72791 9.19342 1.84631 37.74261 23.03314 22.40753 3.20435 0.97656
0.00000 0.07629 1.33514 5.14221 10.49042 27.93121 9.19342 9.71222 4.43268 4.66156 0.16785 2.15912 0.26703 0.48065 1.18256 3.50189 28.47290 35.32410 30.61676 15.83862 3.44086 0.94604 4.82941 0.57220 0.42725 2.81525 21.10291 38.49030 56.42700 14.04572 4.40979
0.13733 0.93079 2.57874 6.60706 11.03973 53.62701 30.46417 27.71759 6.34766 3.05939 1.06812 0.77820 0.47302 0.44250 0.90027 2.08282 0.93079 7.53784 6.81305 5.18036 9.03320 9.21631 11.48224 5.22614 1.01471 10.71167 7.37762 11.79504 21.86584 8.30078 1.99127
0.51117 0.54932 1.23596 6.07300 31.79169 62.04224 98.74725 30.75409 8.82721 1.86920 1.22833 1.07574 0.57983 0.96893 0.40436 4.28009 2.58636 2.73895 3.91388 1.61743 4.13513 1.86157 1.31226 1.16730 2.83051 8.54492 3.80707 4.05884 2.77710 2.34985 0.24414
0.74768 1.55640 1.58691 4.11987 14.74762 35.40802 15.69366 9.20105 4.79126 2.85339 1.57166 2.22015 2.20490 0.67902 1.25885 1.54877 1.41144 1.25122 3.63922 3.41034 1.40381 1.77765 2.99072 2.17438 2.41852 1.17493 0.10681 1.28174 0.38910 1.73950 0.35095
1.31226 1.60217 0.31281 1.89972 5.58472 8.16345 3.40271 11.09314 2.12097 0.80872 0.92316 0.90027 0.83160 0.54932 0.69427 0.33569 1.35803 0.44250 2.27356 1.77002 3.68500 5.03540 2.88391 3.47900 1.64032 0.36621 0.60272 0.20599 0.28992 0.84686 0.30518
1.81580 2.83813 4.98962 5.87463 4.96674 1.97601 5.92804 1.90735 2.63977 0.64087 1.11389 0.90790 0.86975 0.96130 1.13678 1.19781 0.37384 1.31989 0.08392 1.27411 2.26593 1.76239 4.55475 1.80817 0.46539 0.19073 1.11389 0.25177 0.00763 0.25177 0.32806
1.16730 2.80762 6.24084 7.74384 1.20544 0.77820 0.82397 1.12915 1.06812 1.81580 0.87738 0.60272 0.44250 0.45013 2.41089 1.01471 0.74768 0.03815 0.58746 1.49536 4.00543 4.89807 4.05121 6.21033 6.09589 1.19781 1.56403 0.21362 0.20599 0.03815 0.06104
