DATA/RAW-RASTER/ECMWF/20170628/EN-27/20170705.en-27.asc
ncols			31
nrows			16
xllcorner		69.5
yllcorner		19.5
cellsize		1.0
NODATA_value	-99999
4.12369 2.00272 1.17874 0.63705 5.46646 1.07574 1.60980 0.05341 0.07629 0.00000 0.40054 0.71335 0.83923 1.24359 1.79672 3.07846 3.56293 1.94168 1.81961 1.62506 1.16348 3.21579 2.58636 2.51007 5.05447 8.64792 7.60269 8.76617 3.23868 11.30676 2.51389
0.01907 0.47684 4.94766 1.35040 3.28064 0.48828 0.01526 0.04959 0.05722 0.06104 0.53406 0.49973 1.29700 3.41034 13.52692 5.16510 7.44629 1.98746 1.94168 0.71716 0.56076 0.84305 0.59128 1.06049 1.99509 5.44739 10.66208 7.05719 9.54437 17.12799 7.15256
0.37766 3.84903 0.51117 3.58200 8.96835 2.14386 1.35422 0.12207 0.03052 0.03433 2.51770 2.99072 8.43430 16.89529 15.62119 19.65332 15.61356 11.48605 7.03812 3.42560 1.13678 1.99890 2.52533 5.95093 8.46863 9.90295 7.85828 9.12094 15.00702 6.14166 4.83322
6.11115 4.79889 1.42670 2.92587 2.70462 4.87518 6.17599 8.35037 1.49536 4.00925 11.81030 5.71442 12.10022 9.00650 13.73291 9.62830 13.90839 14.37759 6.48499 11.00922 3.76129 7.73621 7.58743 10.29205 7.85446 8.76236 8.72421 17.00974 15.12909 12.24136 7.91550
4.32205 1.35422 0.90790 1.23215 0.35095 2.56729 0.82779 19.11926 8.74329 5.58090 2.35748 5.38254 4.42123 1.75095 5.76401 8.31985 7.12585 9.04465 5.53894 5.72586 8.83102 4.97437 16.56342 7.23648 4.09317 4.48608 6.73676 6.14929 7.74765 7.38907 5.10788
5.84793 7.23648 5.69534 2.57492 1.38474 2.14005 18.27240 13.21411 34.16443 34.64508 14.63699 18.11600 10.58197 3.92532 10.30731 6.39725 12.30621 14.92691 21.74377 11.48605 5.81741 6.73676 9.47571 10.01740 8.19016 13.37814 4.79507 0.82397 7.17926 3.29208 11.15799
2.01035 1.14441 2.63596 2.76184 0.74768 1.04523 4.66537 6.07300 2.75803 7.85065 60.00519 88.62305 35.78568 16.38794 4.86755 3.85666 2.54059 4.35257 4.63104 4.91333 2.73514 5.62668 10.61630 16.13235 15.92636 44.92569 13.41629 10.90622 1.28937 1.04523 5.69916
0.00381 0.00381 1.01089 3.34167 1.77002 6.93512 5.19943 12.61520 8.49915 6.44684 3.39508 2.09427 18.00156 61.23734 115.39841 55.99594 19.59229 2.08282 5.45883 2.97928 10.37979 20.20264 9.62830 30.44510 18.56232 43.75076 17.75360 11.94763 20.55359 2.12479 2.00272
0.00381 0.02289 1.97601 4.94766 6.59561 26.03149 14.38904 4.42123 1.97983 0.35477 1.36566 4.34494 2.67792 3.15475 1.89972 3.40271 7.21359 5.06592 31.76880 84.70917 31.58569 21.21735 14.59122 24.68872 6.70624 3.87192 16.30783 23.64731 15.92255 1.64032 0.53024
0.00000 0.00381 0.37766 3.11279 9.24683 39.56985 14.40811 5.26428 1.73187 1.64413 0.16022 0.10681 0.23651 9.75037 1.02615 3.51334 4.98581 9.52148 6.44302 7.99179 3.81851 4.05884 11.48605 2.56729 4.39072 23.30399 23.13232 32.27615 18.95905 0.73624 0.51880
0.10300 0.11063 0.41199 4.06265 6.41251 76.39694 22.13287 12.98141 12.17270 3.78036 0.30518 0.21744 0.30899 0.65231 1.11008 3.02887 4.34113 13.17215 5.48172 5.61523 1.60980 5.30243 11.75690 6.11877 3.24249 52.45209 8.07953 4.65012 7.26700 1.29700 1.70135
0.40436 0.84686 1.46484 4.15802 17.32254 79.16641 194.54193 69.14520 21.32416 4.42505 2.22778 0.32425 0.61798 0.16022 0.14496 1.27029 0.75531 1.58691 15.38086 6.69861 2.81906 1.05286 1.35040 2.77710 13.04245 2.12097 0.99182 2.54822 2.81906 4.25720 7.88879
0.97656 3.18527 4.03214 7.16019 10.10132 19.67621 36.65161 76.94244 5.87845 4.55093 2.72751 0.75531 1.82343 0.38147 2.05612 1.28937 0.37003 8.91876 7.30133 1.99890 2.54440 3.79181 1.79291 5.56946 7.93457 1.31226 0.74005 1.68228 1.34277 6.85120 1.09863
1.43814 1.80435 0.45395 2.60544 1.67465 4.47845 12.40158 12.87079 9.87244 0.65994 0.79346 1.25885 0.28229 0.15259 0.33188 0.64850 0.93842 0.21744 8.98743 13.44299 1.27411 9.25446 1.98746 12.67242 1.66321 1.17493 0.92316 0.89264 1.41525 1.27029 2.21634
2.27737 2.60925 3.44086 5.60379 5.19562 1.96457 7.78580 4.65775 1.48010 0.84686 3.36838 0.42725 0.60654 0.09918 0.41199 0.36621 0.01144 0.27847 4.98962 6.34384 8.27789 7.43866 9.34982 10.97488 1.69754 2.03323 1.19400 0.32806 0.64087 2.82669 1.23215
2.41089 5.52750 5.48935 12.94327 1.42670 4.03595 1.59836 3.17001 2.10953 1.64413 5.50842 6.28281 0.52261 0.43106 1.05286 0.88882 6.78253 1.68610 3.87573 9.16672 9.75037 10.08987 10.82993 14.73236 11.87515 1.44196 1.79291 0.70572 0.40817 0.30136 0.37003
