DATA/RAW-RASTER/ECMWF/20170628/EN-27/20170708.en-27.asc
ncols			31
nrows			16
xllcorner		69.5
yllcorner		19.5
cellsize		1.0
NODATA_value	-99999
0.16785 0.03815 0.57983 0.36621 0.51117 0.00000 0.03815 0.01526 0.13733 0.00000 0.17548 0.60272 1.83868 1.43433 1.67084 10.03265 1.65558 0.27466 0.89264 2.98309 4.82941 7.94220 2.22015 0.21362 0.54169 0.26703 0.32806 0.45013 0.58746 1.33514 5.11169
0.00000 0.09155 1.13678 1.71661 0.61035 0.00000 0.00000 0.32806 0.00763 0.01526 0.33569 2.76184 2.05231 2.84576 4.34875 3.79181 1.58691 0.55695 7.04956 0.64087 1.93787 2.99835 0.38147 0.35858 0.48065 0.40436 0.32806 0.52643 0.29755 0.71716 4.96674
0.36621 1.69373 1.14441 2.26593 3.59344 6.67572 0.58746 0.00000 0.00000 0.00000 0.40436 2.49481 2.52533 2.39563 1.43433 2.09808 6.66809 6.50024 7.82013 2.23541 3.13568 1.04523 0.64850 0.72479 1.43433 0.06866 0.06866 0.43488 1.21307 1.34277 4.60815
0.90027 0.28992 0.99182 3.01361 3.15094 14.32800 12.53510 18.09692 0.00000 0.02289 0.06104 1.70898 1.35040 1.08337 1.17493 0.43488 8.74329 10.13184 10.96344 3.54767 7.49207 0.45013 1.04523 0.32043 10.39124 1.00708 0.84686 2.67792 6.01196 7.00378 10.11658
0.51880 0.00000 0.35858 2.11334 6.78253 9.88007 3.91388 3.36456 1.24359 0.10681 0.14496 0.38147 0.90027 2.52533 0.78583 1.13678 1.35040 8.23975 3.18146 5.88989 2.55585 2.12097 5.73730 5.32532 8.78143 4.56238 5.99670 9.30023 8.91113 12.04681 18.25714
0.00000 0.00000 0.00000 1.60980 5.79071 7.91931 4.40979 2.37274 2.94495 7.47681 21.57593 2.01416 0.86975 1.02997 0.75531 8.06427 12.62665 12.90894 7.14111 7.62177 19.24133 6.70624 5.08881 12.13074 7.37000 5.22614 1.96838 2.13623 11.36017 10.79559 6.91986
0.00000 0.00000 0.00763 0.59509 2.45667 5.28717 2.60925 2.28882 3.87573 3.60870 11.32202 55.36652 6.73676 3.10516 4.02832 13.18359 9.11713 11.44409 12.64954 8.96454 8.60596 15.45715 9.71985 8.48389 7.98798 2.29645 1.86920 1.49536 1.12152 4.89044 8.95691
0.00000 0.00000 0.00000 0.51880 3.00598 6.15692 4.34113 4.05121 6.20270 2.18201 1.45721 1.75476 1.74713 11.73401 15.60211 6.97327 13.16071 5.67627 4.50134 6.31714 10.82611 29.31976 9.62067 21.86584 6.75201 8.11005 10.35309 0.54169 8.71277 5.18036 7.00378
0.00000 0.00000 0.00000 0.48828 1.98364 2.23541 6.04248 4.28009 4.51660 2.65503 1.45721 0.88501 1.74713 2.28119 11.40594 13.50403 15.42664 29.92249 12.57324 22.77374 23.59772 146.64459 48.08807 1.57166 2.68555 7.09534 16.57104 7.10297 30.72357 1.28174 10.21576
0.00000 0.00763 0.02289 0.41962 1.73187 7.97272 16.25824 6.82831 8.72803 3.41034 1.87683 0.47302 0.80109 1.77765 3.24249 23.30780 20.79773 9.64355 15.38849 15.49530 62.52289 28.30505 14.79340 2.74658 0.80109 1.91498 4.98199 21.20209 12.00867 0.67139 8.98743
0.19073 0.50354 1.10626 0.94604 4.15039 11.06262 37.27722 17.09747 14.27460 5.63049 1.95312 2.34222 0.99945 0.84686 1.00708 9.81903 7.33948 26.58844 11.42120 25.52795 4.22668 5.59235 9.55963 8.39996 0.17548 7.92694 3.44086 9.25446 13.37433 3.37982 4.33350
0.93079 0.58746 1.06812 3.22723 0.29755 3.71552 46.33331 188.31635 46.79871 5.44739 2.83813 0.89264 1.89209 1.83105 1.83868 3.12805 13.28278 3.56293 15.41138 12.90131 3.95203 5.85175 2.16675 1.67847 2.39563 25.74158 12.05444 9.62067 1.24359 8.50677 13.48114
1.21307 1.93787 0.87738 1.38092 5.50842 2.57111 8.60596 25.97046 27.94647 10.55145 6.67572 3.76892 1.88446 3.99017 11.68060 5.41687 5.70679 7.17163 13.74817 1.99127 7.76672 1.48010 1.29700 2.51007 12.23755 1.73187 3.75366 4.31824 1.55640 8.39233 9.58252
2.61688 2.33459 1.37329 3.27301 6.87408 2.15912 7.08771 13.22937 12.48169 7.35474 6.26373 1.53351 7.29370 0.73242 3.05176 0.98419 1.73950 11.05499 5.43976 6.69861 1.64032 1.64032 1.02234 1.24359 0.52643 0.01526 0.10681 0.63324 0.38910 1.64032 1.07574
2.18201 4.79889 2.22778 3.68500 4.36401 1.90735 0.49591 1.32751 2.10571 0.44250 3.97491 3.28827 3.24249 6.15692 0.19073 2.73895 0.64087 0.86975 3.79181 1.53351 1.13678 0.99182 1.75476 4.68445 0.59509 0.00000 0.03815 1.19781 0.57983 4.07410 11.29913
1.31989 2.49481 5.08118 12.82501 1.42670 3.21960 2.86102 3.35693 1.44958 0.46539 1.98364 4.85992 7.62939 3.15094 1.12915 0.88501 10.61249 2.86102 1.67847 1.93787 1.69373 2.49481 2.02942 2.01416 3.04413 0.19073 3.86810 1.86920 0.49591 2.74658 13.06152
