DATA/RAW-RASTER/ECMWF/20170628/EN-27/20170630.en-27.asc
ncols			31
nrows			16
xllcorner		69.5
yllcorner		19.5
cellsize		1.0
NODATA_value	-99999
1.84441 0.49973 1.18065 2.15912 1.83868 3.55911 5.07736 6.81686 5.52750 5.44548 5.26619 5.10979 11.07979 7.73621 10.11848 3.66783 3.93295 5.09453 7.70760 5.73921 5.64384 4.28009 3.27301 6.11115 9.14001 7.09343 2.59209 0.95940 0.90027 1.86920 0.63896
0.09155 0.13733 1.38664 0.38147 3.22914 2.77710 24.63913 13.30948 10.97107 5.39780 3.95012 5.41306 9.00650 6.49261 8.64410 5.22232 1.66702 1.65558 1.68800 0.03815 0.94032 0.59128 3.77464 0.38719 1.35803 6.71959 7.10297 7.12013 3.29971 12.43782 5.96619
0.13733 0.34332 0.02098 0.06485 0.12589 40.15160 66.55502 10.55908 3.49236 1.74904 1.10245 2.62642 3.57437 4.54140 1.54114 2.26593 0.12970 0.05722 0.03433 0.18501 0.62370 0.94032 1.72615 4.11797 7.53784 9.21631 4.20189 8.77953 13.78632 4.64630 2.64549
1.19400 0.42915 0.00000 0.00000 1.01471 20.87593 8.27789 21.18492 19.08875 3.25775 3.20053 1.56593 0.47112 0.92697 1.22452 0.18501 0.05722 0.02289 0.00000 0.19646 0.59319 0.31853 3.30734 0.82016 1.63078 0.06866 6.12259 5.98335 12.35199 12.81548 1.25313
3.21770 0.02861 0.00000 0.00572 2.75993 9.11522 24.98436 29.66309 14.35280 15.56587 0.60654 2.18964 2.58827 0.83160 1.78909 0.00381 0.01335 0.03433 0.22316 0.20409 0.40436 0.22316 6.84166 4.86946 0.11253 0.80681 0.88501 7.92122 7.28798 2.14577 5.39780
1.97029 0.00000 0.00381 0.00191 0.31281 23.90480 29.84619 44.61288 33.39386 36.31210 22.18246 5.92804 4.08173 1.38664 0.72289 0.05150 0.01144 0.39482 0.36621 0.51880 1.19019 1.72806 2.07329 1.61171 3.03268 1.25885 2.39754 1.78528 6.74248 3.05748 3.29781
0.09346 0.12207 0.67139 0.39482 3.66974 3.23105 16.04080 32.27615 58.79211 30.84946 19.28902 29.78706 13.80157 2.06184 0.33379 3.31116 0.53978 0.81444 1.10435 0.33760 1.19972 6.37054 3.01361 6.45447 7.01904 48.65265 40.61890 8.30078 4.32014 11.49368 6.22749
0.16594 0.64468 1.44386 4.02641 2.45857 8.73756 22.98737 37.96005 26.72577 39.83116 20.54977 31.00204 16.02745 9.62067 8.38280 6.92368 20.82443 4.98199 5.27000 12.59232 13.03864 12.58659 3.42178 23.97728 38.56087 175.34447 47.29080 16.71791 24.69635 2.14767 7.26509
0.58365 1.25885 6.38771 12.34627 17.78793 30.60150 24.06502 20.06912 11.07788 12.85172 10.05173 29.22249 25.46310 14.47868 11.29341 12.37488 2.75421 23.79799 24.38736 67.01660 112.23030 64.55612 47.39380 32.99522 31.77261 14.18114 36.80992 80.22690 124.95422 43.09273 9.61876
0.44823 4.60434 17.57622 14.38713 11.42120 31.63338 29.48761 14.77432 3.61633 3.16811 2.66647 11.77788 32.56226 18.29338 24.94431 13.94653 19.30618 9.63020 10.24818 17.50183 8.92067 11.13510 39.41917 8.80623 13.23318 25.93613 53.20358 19.84215 68.47763 37.11700 17.57240
19.10400 34.12628 26.46828 15.13672 19.10210 8.48007 19.26422 13.69095 5.27573 1.95122 3.88336 7.76100 23.16666 28.18108 28.45383 25.46692 26.34239 11.75117 9.00269 7.26700 6.62422 13.29613 42.06276 48.31314 34.86633 27.73094 11.20758 26.60179 46.95129 15.64980 9.75800
24.14894 40.72380 33.73337 14.73999 10.78224 3.78227 3.39508 5.99670 5.34248 2.06757 3.45421 4.92668 22.04132 35.91728 21.24023 19.83261 15.13290 7.09152 4.93813 11.99532 12.43591 12.85362 5.93185 12.87460 26.28708 9.88960 5.69344 29.31595 19.55223 25.27618 19.02962
36.16905 46.36955 23.93150 13.98087 17.24052 3.43704 4.26674 4.39835 2.67029 3.17574 6.71577 4.98390 12.83646 34.94072 29.82712 16.74652 12.68578 12.49886 10.79750 7.04575 12.20131 13.57651 6.26945 13.83781 8.56781 3.48854 1.03760 11.81984 8.78716 22.40944 7.54356
47.27364 36.61156 50.28915 55.48477 17.90047 8.41713 28.76282 22.18819 2.82860 12.22801 7.71904 11.54518 11.99722 25.86746 65.77682 29.56200 11.36780 14.34517 10.69450 11.78551 18.30101 18.00537 4.10843 15.69176 14.70375 1.38092 1.58882 4.45557 11.62529 2.87819 8.46100
15.64407 7.34520 9.07516 9.01604 4.93240 0.75531 1.76620 6.45638 12.23755 24.34921 15.90729 5.56946 5.85747 9.92775 24.56093 21.70944 7.07626 8.04329 18.59665 24.77455 15.64980 12.91275 25.76065 19.11545 11.56044 2.46239 8.36182 1.93977 1.08337 9.61113 5.55992
8.90160 30.26199 18.01491 18.00728 9.19533 1.62888 2.68555 5.74493 13.12447 2.41089 14.31274 16.54243 9.84955 8.54492 8.66318 18.97240 14.19640 34.79004 35.70747 31.85463 15.39230 12.83455 15.95306 31.93855 55.49622 11.04164 25.17509 5.09071 11.45935 2.80571 8.01849
