DATA/RAW-RASTER/ECMWF/20170628/EN-27/20170709.en-27.asc
ncols			31
nrows			16
xllcorner		69.5
yllcorner		19.5
cellsize		1.0
NODATA_value	-99999
2.62451 0.64087 6.67572 0.93079 0.48065 0.08392 0.00000 0.00000 0.06104 0.00000 0.12970 0.12970 0.07629 0.01526 0.03052 0.06104 0.88501 1.65558 3.57819 4.81415 3.37982 5.04303 16.41083 22.95685 26.64948 22.47620 10.41412 6.18744 2.35748 0.01526 0.03815
0.06104 1.49536 28.49579 19.30237 5.96619 1.92261 0.01526 0.10681 0.04578 0.00000 0.06866 0.42725 1.55640 0.86212 0.03052 0.16022 0.32806 1.64032 0.52643 3.14331 8.62885 11.72638 7.72858 15.40375 10.71930 10.07843 4.75311 2.11334 2.65503 0.00000 0.03052
0.46539 2.61688 6.72913 6.40106 8.30078 14.25171 1.02997 0.00000 0.26703 0.01526 0.28229 1.01471 0.94604 1.12152 0.65613 0.53406 0.88501 0.60272 0.28229 2.29645 8.83484 9.52911 7.96509 5.09644 6.30188 7.55310 1.57928 1.04523 0.59509 0.00763 0.00000
7.82013 7.20978 2.23541 9.25446 19.52362 5.43213 12.69531 7.59888 0.16785 0.08392 0.19073 0.55695 0.24414 1.54877 1.93024 0.51880 1.10626 0.40436 0.77820 2.44904 6.71387 6.03485 8.60596 10.13947 17.61627 3.23486 1.54877 3.43323 1.02997 0.06104 0.12970
1.64795 0.00000 0.10681 5.27954 11.24573 12.24518 6.98853 9.71222 12.74109 0.53406 0.77820 0.64850 2.66266 1.54877 6.30188 4.22668 0.62561 1.84631 1.22070 3.57819 14.05334 14.12201 9.90295 9.70459 4.44794 3.67737 2.24304 5.21851 2.21252 0.52643 1.09863
0.18311 0.00000 0.00000 0.19073 4.90570 9.09424 9.73511 28.23639 28.99170 14.64081 36.76605 8.71277 4.31061 1.24359 1.87683 0.36621 0.77820 1.30463 7.65991 7.63702 5.56183 12.77924 9.78088 17.57050 11.46698 7.82013 3.21960 4.53949 7.68280 4.87518 1.18256
0.01526 0.00000 0.00000 0.02289 1.52588 12.83264 7.41577 7.77435 13.59558 12.56561 120.92590 48.20251 38.56659 5.29480 3.07465 6.43921 2.74658 6.14166 9.11713 10.86426 11.43646 17.91382 12.51221 6.71387 6.35529 8.64410 1.31989 6.38580 23.88763 8.37708 15.03754
0.00000 0.00000 0.00000 0.01526 1.80817 7.00378 4.41742 2.04468 3.73840 11.49750 8.41522 14.21356 10.74219 41.03851 20.69092 6.22559 8.97217 7.88116 7.57599 9.07135 5.14221 9.17816 3.81470 15.57922 2.23541 45.02106 6.59943 2.16675 5.58472 24.23859 10.28442
0.01526 0.01526 0.01526 0.00000 1.66321 3.92151 2.57874 3.43323 9.66644 16.37268 5.44739 6.00433 5.23376 2.76947 5.49316 10.80322 11.07788 15.47241 32.75299 9.15527 4.21906 108.50525 15.02228 5.29480 12.54272 13.81683 8.49152 9.55200 21.98029 3.80707 26.66473
0.00000 0.04578 0.03815 0.05341 0.06866 4.16565 3.70026 4.99725 8.64410 11.55853 6.60706 5.83649 7.73621 7.40051 9.65881 19.09637 11.36780 16.69312 15.64789 6.37817 15.41138 12.26807 14.46533 8.75854 7.13348 2.99072 9.71985 7.27081 4.95911 3.73077 16.59393
0.34332 0.29755 0.80109 0.45776 0.00000 0.35858 14.77051 5.78308 14.09149 3.73077 3.21198 12.97760 2.28119 1.93024 6.04248 2.18964 7.04956 11.50513 8.36945 2.75421 4.85229 4.93622 2.53296 0.99945 2.17438 19.42444 20.46967 23.78082 13.54218 6.27899 5.72968
0.22888 0.43488 1.73950 2.87628 0.25177 0.46539 3.66974 14.26697 26.15356 7.09534 5.57709 2.72369 1.74713 0.66376 0.38147 0.70953 0.73242 0.85449 3.39508 1.34277 2.92206 2.03705 1.75476 2.67029 5.27191 13.87787 12.23755 19.18030 8.32367 10.73456 6.87408
0.42725 1.36566 2.02179 3.34930 4.59290 3.44086 4.90570 22.73560 189.80408 58.80737 11.70349 2.67792 2.20490 0.80109 4.30298 0.81635 0.67139 1.48010 3.44086 0.86975 2.44904 1.35803 0.52643 12.78687 8.39233 16.57867 3.74603 32.67670 18.16559 12.52747 10.87189
1.78528 2.02179 0.65613 3.49426 3.45612 1.12152 8.58307 12.77161 20.79773 34.50012 38.74969 4.05884 3.45612 2.04468 1.14441 0.61798 1.08337 5.46265 2.22015 2.28119 2.12097 1.13678 2.73895 10.68878 1.06049 3.64685 4.04358 4.38690 13.22937 2.35748 5.86700
1.32751 2.60925 3.40271 4.43268 7.96509 0.67902 1.22070 0.48828 5.81360 4.40979 10.39124 4.28772 4.12750 7.37762 0.80872 1.67084 1.41144 2.07520 2.92969 1.63269 0.89264 0.34332 2.51007 0.33569 0.99945 0.09155 0.18311 4.69208 4.37927 3.18909 17.99774
0.53406 1.51825 4.22668 6.97327 2.25830 1.65558 1.66321 1.70135 2.02179 9.91821 9.40704 9.12476 6.29425 10.22339 3.24249 0.83160 3.78418 0.86212 1.96075 0.60272 0.83923 0.42725 0.53406 2.58636 2.20490 0.95367 2.86865 2.00653 1.44958 4.03595 1.68610
