DATA/RAW-RASTER/ECMWF/20170628/EN-27/20170711.en-27.asc
ncols			31
nrows			16
xllcorner		69.5
yllcorner		19.5
cellsize		1.0
NODATA_value	-99999
1.90735 3.89099 0.61798 1.61743 3.10516 1.02234 3.21198 0.24414 0.09155 0.02289 0.07629 0.37384 0.64850 2.63214 6.71387 5.13458 3.79944 5.30243 18.19611 21.91925 7.09534 5.42450 2.28882 0.00000 0.00000 0.00000 0.00000 0.00000 0.00000 0.00000 0.00000
3.27301 1.32751 3.59344 1.47247 1.31226 0.23651 0.01526 0.33569 0.31281 0.01526 0.12970 0.51880 0.86975 3.36456 8.65936 1.41907 1.98364 5.18799 8.69751 12.21466 11.02448 2.64740 0.05341 0.00000 0.00000 0.00000 0.00000 0.00000 0.00000 0.00000 0.03815
1.61743 4.27246 0.18311 2.88391 0.32043 1.18256 5.54657 0.03052 0.00000 0.00000 0.13733 1.64032 0.28229 1.12915 1.67084 1.13678 1.72424 5.31769 8.65936 10.71930 8.59070 4.41742 0.55695 0.05341 0.00000 0.00000 0.00000 0.00000 0.00000 0.00000 0.54169
1.02234 1.31989 0.72479 0.94604 0.26703 0.90790 1.13678 4.77600 0.02289 0.00763 0.02289 0.97656 0.62561 2.78473 5.60760 2.96783 6.59943 4.18091 6.61469 4.40216 5.18799 0.92316 0.67139 0.11444 0.06866 0.00000 0.00000 0.00763 0.28992 1.73950 4.86755
1.04523 0.70190 0.22888 0.13733 0.41199 3.18146 1.35040 1.44196 3.84521 0.37384 0.00000 0.54932 0.39673 4.13513 6.14929 9.49097 2.81525 7.87354 7.21741 4.63104 0.83923 8.08716 1.48010 1.46484 1.48773 1.54877 1.18256 0.45013 5.53131 13.60321 13.03864
0.31281 0.00000 0.00000 0.00000 0.21362 6.88171 0.41199 1.05286 0.78583 7.86591 32.45544 8.17871 3.51715 0.50354 3.03650 6.62231 5.52368 9.38416 4.16565 3.86047 3.64685 3.22723 2.30408 6.77490 4.92859 7.57599 8.85010 7.05719 9.73511 14.98413 14.03809
0.00000 0.00000 0.00000 0.04578 0.17548 0.46539 0.45013 0.57220 0.67902 2.25830 9.11713 25.10071 29.48761 12.41302 5.61523 4.55475 2.52533 8.10242 10.14709 9.28497 13.03101 11.09314 13.71765 2.91443 20.73669 12.06207 11.49750 13.72528 10.68115 12.57324 13.58032
0.00000 0.00000 0.00000 0.02289 0.32043 0.11444 0.41199 10.81848 2.28119 10.33783 12.68768 10.74219 32.11212 116.51611 86.51733 51.56708 31.41022 4.73785 2.28882 6.24084 6.75201 17.66205 8.49152 30.02167 10.78033 6.79779 3.38745 7.01904 14.78577 8.49152 5.97382
0.00000 0.00000 0.00000 0.18311 0.23651 0.68665 0.72479 20.33234 2.79236 6.22559 4.56238 33.66089 4.44794 9.54437 8.08716 19.82880 10.97870 7.89642 12.13837 12.14600 9.23157 8.27026 8.85773 3.39508 5.62286 8.71277 9.04846 13.37433 6.77490 15.98358 3.43323
0.00000 0.00000 0.03052 0.07629 0.30518 1.15967 60.22644 4.75311 2.21252 1.30463 5.65338 8.18634 4.93622 3.95203 7.49969 2.59399 6.44684 6.09589 11.20758 5.03540 4.18091 7.09534 7.87354 9.55200 24.13177 11.95526 7.47681 60.75287 8.20923 2.76947 15.66315
0.03815 0.16785 0.67139 0.73242 0.28992 2.63214 9.49097 15.88440 6.90460 5.52368 1.58691 1.19019 1.50299 1.41144 3.62396 1.21307 3.34167 3.29590 5.23376 6.21033 14.03046 5.91278 8.72040 10.26917 7.48444 19.39392 22.01843 19.94324 13.08441 2.35748 4.53949
0.37384 0.72479 1.52588 1.49536 0.91553 2.92969 3.73077 1.62506 2.32697 4.45557 3.08228 2.55585 1.67847 1.48010 0.63324 1.93787 0.79346 7.87354 6.04248 7.51495 7.26318 19.60754 22.33124 12.12311 3.61633 10.37598 5.24139 29.99115 5.09644 11.94763 7.71332
0.83160 2.22015 1.86920 3.27301 2.15149 2.19727 6.00433 7.08771 6.86646 2.60925 4.21143 2.83051 0.42725 0.25177 1.25122 0.30518 0.06104 8.46863 9.27734 8.93402 22.07947 26.35956 17.90619 18.18848 6.95801 4.65393 12.94708 9.78088 14.92310 12.75635 2.79236
2.07520 2.25830 2.09045 6.06537 9.26208 5.77545 5.46265 9.30786 15.24353 5.06592 4.50897 1.12152 0.42725 0.03052 0.04578 0.00000 0.67902 7.57599 6.78253 20.21790 12.67242 39.10828 32.28760 28.67126 12.83264 13.05389 6.13403 10.36072 5.80597 7.38525 32.90558
0.59509 2.12097 1.28937 5.52368 3.86047 2.80762 1.20544 22.30072 166.95404 7.96509 1.09100 0.78583 0.16785 0.15259 0.16022 0.37384 0.34332 0.08392 6.40106 8.21686 13.55743 17.88330 41.45050 99.66278 35.39276 0.97656 1.95312 12.09259 15.21301 13.52692 2.89917
0.76294 3.08990 5.11169 13.03864 3.19672 10.29205 2.11334 15.72418 4.63104 3.28827 3.99780 1.22833 2.45667 0.76294 0.29755 0.01526 0.38910 0.82397 1.80817 3.79181 2.75421 10.15472 27.70233 39.59656 107.66602 25.57373 8.39233 9.72748 16.47949 42.14478 14.22882
