DATA/RAW-RASTER/ECMWF/20170628/EN-27/20170628.en-27.asc
ncols			31
nrows			16
xllcorner		69.5
yllcorner		19.5
cellsize		1.0
NODATA_value	-99999
3.96538 14.96887 15.16724 8.56400 13.26752 5.17464 7.73430 16.57486 4.91905 0.46921 3.06129 4.00925 7.73430 12.13074 2.30789 1.80435 1.20735 0.28038 0.46158 4.01878 4.25148 4.71878 1.93787 1.34468 1.38474 0.74387 0.71716 1.11008 2.28882 1.03760 6.24466
4.71497 18.35823 41.72516 29.38461 7.88879 17.38167 20.93697 5.75066 6.93893 2.73323 2.88963 5.66101 6.75774 2.74467 1.47247 1.04904 2.22778 1.12915 10.81467 2.02751 4.13895 7.05147 11.82175 2.72942 1.64795 1.05667 1.04713 1.21498 0.35667 1.94740 1.92451
20.05577 41.57257 34.39331 32.45544 22.31789 15.89584 20.47729 14.41193 3.40652 2.70462 0.76485 2.21825 0.61226 0.44441 0.76866 0.49591 2.39372 2.66457 2.89345 4.28391 5.37872 6.08444 8.76808 14.09531 1.24550 0.89264 0.40054 0.76103 0.97275 0.42725 1.05095
37.86278 42.27448 36.88812 26.62277 25.89989 10.53619 20.08247 17.32254 8.78906 2.21062 0.75340 1.19972 1.60599 0.85449 0.69237 1.31989 1.62315 3.89481 7.96700 4.40979 6.32858 3.77274 6.37817 10.65254 7.57790 0.14877 0.77629 0.63515 0.38719 1.30653 3.37219
11.83319 29.18243 20.02907 16.25443 7.87163 45.14313 24.10126 8.57735 12.35390 2.77901 0.19646 0.82397 1.09673 3.19290 5.61523 6.31714 2.47192 8.64983 5.92041 6.02913 5.99289 9.90868 2.76947 3.25775 4.57191 4.69589 2.68173 1.48392 0.80681 1.83868 4.89235
16.32500 51.58806 19.63425 8.37135 20.28656 31.89278 42.24014 36.96442 8.57544 8.14056 24.36829 0.74577 1.67656 1.20926 3.46756 6.35147 5.23949 6.31523 8.43620 6.31905 12.96425 16.80946 20.13779 15.82336 7.97844 8.07571 1.52969 2.89154 6.11687 1.71280 8.27599
4.63486 29.65736 32.65953 17.96341 16.77704 32.34673 29.20723 27.85110 10.05363 6.24275 5.82886 14.03236 12.12502 6.90460 1.78719 3.49426 1.87302 4.48608 8.18825 6.93130 6.48308 6.47545 11.52229 7.16591 6.42967 12.64191 18.17894 3.34549 1.33896 3.45421 3.15666
21.61407 103.70827 12.61139 4.26483 9.53484 14.42719 20.20454 23.00453 13.74054 11.40213 2.52151 6.52122 1.12534 10.99777 44.88945 3.10516 5.97191 1.75858 4.94194 1.97983 3.36647 10.72121 2.33269 32.61757 10.12230 36.97205 29.62303 7.12204 60.40382 18.00156 8.16727
45.10880 19.06776 17.88139 5.80215 6.54984 4.68063 31.35109 26.62086 12.30240 4.93813 5.66483 11.49940 7.45964 7.59315 0.28038 1.49345 1.45912 3.78799 9.96399 32.43828 31.36826 24.05357 11.52611 24.86801 17.62962 12.96806 15.97023 129.86755 33.07152 9.93156 4.01878
30.11513 1.64223 2.27737 6.15692 21.36993 9.22966 8.95119 16.76559 32.03201 20.07484 9.28307 13.36098 15.43427 3.13950 2.23541 1.07002 1.73378 3.22533 6.86646 8.90541 18.96858 19.96422 12.58850 14.34898 6.92749 10.48660 26.36909 17.66014 18.86177 6.68907 7.48253
8.84438 2.51389 2.65694 0.39864 0.58174 0.59700 2.41089 6.43349 23.48518 13.94844 9.64355 13.46016 7.90596 5.52559 5.93948 0.68665 2.04468 5.64766 6.48499 6.46019 3.44467 6.43158 21.16394 34.11484 6.16646 6.01768 7.81441 23.24867 25.58899 15.44762 14.83536
2.77901 1.41716 0.65231 1.17493 21.64078 1.61743 0.07248 1.54877 13.62038 24.38545 1.71661 23.23723 11.10458 3.58963 2.01797 1.50490 5.13268 7.16209 5.84412 1.64986 1.70898 4.34685 24.72305 11.79504 17.52663 29.43039 16.68358 19.51790 12.95471 30.24292 20.50209
9.65691 0.70381 2.43187 6.28281 89.67781 0.86784 0.82588 2.01225 2.40707 14.18686 3.41988 9.66644 11.02638 11.10077 3.18336 4.76456 12.53128 25.07401 6.01006 5.43785 12.00676 2.78854 6.56509 12.49695 10.09178 5.24712 3.91197 11.71494 19.42062 20.98656 23.62442
14.14871 21.46912 9.69505 8.67081 3.93677 2.99263 2.40517 4.28391 2.84195 9.24301 7.17735 15.20920 10.05554 5.96428 3.97110 12.68578 8.59261 3.18336 12.52174 6.40488 8.93402 5.06783 2.78664 19.03534 14.61792 0.97084 0.00000 19.86885 29.52385 11.99341 18.35060
14.79721 10.89859 8.99887 14.17923 6.32095 5.59425 9.97353 16.35933 10.88142 4.09698 0.71335 4.90952 1.57738 0.90408 2.88010 5.41306 23.37646 4.78554 8.15964 9.16672 3.82042 4.14467 9.79614 21.75713 9.50623 0.47493 1.13678 5.52750 5.85175 23.76175 19.83833
50.55618 67.62886 50.47989 40.77911 14.81247 11.32393 2.81334 15.92827 4.48608 1.26648 0.52071 0.83160 1.49345 2.11906 3.60680 33.97751 15.73563 11.22093 13.05199 3.16238 2.89917 5.79262 12.55608 18.02826 24.71733 5.97000 4.33731 3.08418 4.91905 21.17157 13.87978
