DATA/RAW-RASTER/ECMWF/20170628/EN-27/20170710.en-27.asc
ncols			31
nrows			16
xllcorner		69.5
yllcorner		19.5
cellsize		1.0
NODATA_value	-99999
1.67084 2.96783 4.73022 4.11987 7.57599 2.57874 2.44904 0.16022 0.00000 0.00000 0.16022 4.76837 6.40106 1.06049 0.59509 0.28992 0.20599 0.32806 0.17548 0.32806 0.01526 0.04578 0.03815 0.29755 0.45013 0.05341 0.48065 0.64850 2.22778 4.55475 11.75690
0.93842 2.12860 11.61957 5.07355 5.10406 2.22015 1.08337 0.21362 0.00000 0.00000 2.52533 2.86102 1.83105 0.99182 0.42725 0.76294 0.89264 0.13733 0.93079 0.39673 0.03052 0.72479 0.62561 1.05286 0.74005 0.68665 0.57220 1.94550 3.89862 12.64191 15.14435
11.90948 22.14050 2.70081 7.65991 0.72479 2.85339 8.39996 0.06104 0.01526 0.00000 0.85449 2.31171 4.04358 0.85449 1.02234 1.02234 2.53296 1.53351 0.59509 0.28229 0.04578 0.27466 0.32043 1.24359 0.47302 0.34332 1.98364 5.21088 10.03265 8.94928 16.96777
12.58087 20.26367 17.50946 3.74603 3.69263 4.37164 15.16724 6.05774 1.53351 0.70953 2.09808 1.92261 3.45612 5.18799 1.80817 1.11389 9.73511 5.55420 1.95312 1.34277 0.15259 0.12207 0.34332 1.02234 2.13623 2.21252 2.60925 3.97491 9.20105 15.94543 12.39777
3.81470 9.14764 5.83649 6.22559 7.98035 9.01794 20.92743 11.74164 9.91821 6.50787 0.23651 1.64032 2.59399 1.70898 5.50842 5.50079 4.00543 11.46698 5.72205 4.98962 4.46320 3.25012 1.18256 2.60925 3.51715 10.11658 7.31659 14.27460 13.26752 14.93073 13.25989
0.61798 0.00000 0.18311 0.22888 4.11987 5.43213 7.96509 2.99072 5.14984 16.90674 5.08881 6.24084 1.35040 0.55695 2.90680 6.31714 12.23755 5.44739 5.05829 14.82391 5.51605 14.79340 7.55310 2.28119 8.27789 7.26318 3.41034 5.19562 24.49036 13.54218 16.44135
0.00000 0.00000 0.12207 0.00000 0.40436 5.24139 6.70624 9.93347 24.80316 113.49487 51.43738 2.94495 6.87408 3.12805 2.21252 6.94275 5.08118 18.61572 21.27838 7.98798 9.88770 1.83868 6.65283 6.00433 25.11597 12.79449 7.12585 6.11877 11.14655 9.76562 10.94818
0.00000 0.00000 0.00000 0.37384 0.12970 13.38196 6.95801 11.90948 10.21576 8.23975 2.61688 5.29480 6.75964 1.92261 3.32642 2.99835 5.11932 9.10950 5.74493 6.33240 3.70026 11.58905 13.96179 16.69312 13.30566 5.00488 13.69476 21.78955 12.35962 18.57758 15.63263
0.00000 0.00000 0.00000 0.00000 0.00000 2.00653 1.48773 8.70514 8.97980 12.37488 9.06372 15.76233 12.75635 0.50354 0.96893 0.77057 2.41852 3.44849 15.67841 9.48334 12.88605 5.31006 4.34875 4.06647 7.74384 2.73132 14.21356 29.61731 11.11603 11.03210 13.79395
0.00000 0.02289 0.22888 0.25177 0.07629 0.03052 1.51825 1.80817 8.62122 12.62665 6.82831 11.00159 5.58472 6.46210 1.35803 0.80109 1.78528 4.02069 3.00598 4.01306 1.84631 2.51770 7.44629 6.55365 28.15247 10.60486 18.71490 23.97156 9.88007 13.83972 24.26147
0.16022 0.50354 0.68665 1.34277 0.09155 0.06104 0.44250 6.78253 7.46918 10.35309 12.57324 4.92096 7.26318 4.43268 1.45721 1.53351 1.60980 3.50952 1.83105 3.60870 3.07465 10.39886 16.44897 2.57111 0.52643 9.05609 5.53131 73.05145 12.67242 13.96942 15.19012
0.48065 0.64850 3.21960 4.44031 3.26538 1.36566 0.55695 9.81140 83.65631 11.89423 4.63867 4.58527 1.01471 1.67084 1.99890 1.41907 2.22778 8.67462 5.34058 5.34058 1.04523 4.11224 10.87952 12.19177 2.54059 2.31934 6.28662 10.21576 9.92584 11.54327 13.91602
0.87738 1.73187 1.60217 2.49481 3.34930 2.60925 4.79889 5.67627 25.06256 9.88007 4.50134 0.97656 1.97601 1.12915 1.88446 1.00708 0.58746 0.84686 6.04248 3.21198 1.70898 9.40704 22.69745 28.86200 6.17981 3.39508 4.08173 13.71765 8.80432 4.08173 14.42719
1.18256 2.39563 0.63324 3.52478 5.84412 3.02124 2.97546 3.36456 8.69751 4.06647 0.73242 0.75531 0.57220 1.38855 1.19019 1.09863 1.14441 2.32697 2.15149 3.99017 0.55695 1.67847 10.94055 12.22992 0.67139 0.42725 0.35095 2.32697 9.17816 14.73999 27.59552
1.36566 3.23486 2.70844 5.59235 8.42285 2.93732 2.41852 1.89972 1.88446 0.32806 0.88501 1.23596 0.84686 0.83923 0.32806 0.64087 0.40436 1.06049 1.74713 0.64087 0.70190 0.80872 8.46863 32.47070 3.31879 3.66211 3.70789 4.80652 0.98419 8.22449 9.04846
0.64087 2.62451 9.04846 11.86371 1.48010 3.62396 1.28937 3.28827 2.70844 1.50299 0.94604 2.91443 0.99182 0.92316 0.73242 0.65613 6.25610 0.16022 0.25940 0.65613 0.57983 1.76239 14.80103 20.85114 26.16119 4.44794 3.76129 3.80707 5.59235 9.39941 23.43750
