DATA/RAW-RASTER/ECMWF/20170628/EN-27/20170712.en-27.asc
ncols			31
nrows			16
xllcorner		69.5
yllcorner		19.5
cellsize		1.0
NODATA_value	-99999
0.48065 5.04303 1.58691 2.38800 0.67902 0.01526 0.47302 0.19836 0.12207 0.01526 0.40436 0.46539 2.02942 2.89154 8.82721 7.04193 3.48663 0.75531 0.30518 0.44250 0.86975 2.24304 7.86591 10.62775 16.46423 1.85394 1.04523 0.04578 0.00000 0.10681 0.00000
1.75476 1.41144 1.28174 3.10516 6.28662 0.38910 0.03052 0.14496 0.26703 0.00000 0.19836 0.70953 1.25885 3.79944 5.51605 3.92914 2.82288 1.68610 3.43323 13.31329 17.04407 20.41626 16.25824 18.18848 5.26428 0.23651 0.62561 0.34332 0.09918 0.00000 0.00000
3.47900 8.14819 5.89752 15.42664 17.87567 1.88446 1.28174 0.12207 0.00000 0.00763 0.59509 1.48010 1.09100 1.53351 4.00543 4.97437 7.33185 9.24683 10.00977 18.98193 11.16180 13.11493 11.13892 7.27844 4.72260 1.55640 0.98419 1.63269 1.42670 0.99945 0.41962
1.79291 15.63263 33.39386 21.76666 9.44519 4.28772 3.73840 8.82721 1.00708 0.23651 0.78583 0.59509 0.22888 0.61798 1.40381 4.31061 7.79724 16.25824 18.55469 12.91656 12.92419 9.49097 4.51660 6.85120 3.48663 2.31171 4.05121 1.53351 4.52423 4.73022 8.09479
2.37274 0.05341 1.85394 4.90570 6.75201 5.37872 0.70953 2.95258 17.92908 3.69263 0.09155 0.60272 0.44250 0.47302 0.62561 5.02014 6.30188 14.31274 7.96509 16.08276 3.00598 3.77655 2.96783 4.08936 1.73950 0.91553 3.69263 10.68878 4.02069 2.67029 6.03485
3.94440 0.06104 0.00000 0.00000 0.33569 5.19562 1.12152 1.96075 2.77710 11.03973 3.44086 10.94055 7.13348 2.00653 5.40924 3.57056 5.34058 3.70789 7.51495 7.49969 3.42560 8.54492 5.95856 6.55365 2.22015 3.98254 2.12860 7.81250 8.27789 4.73785 1.39618
0.06866 0.00000 0.06866 0.12207 0.26703 3.51715 3.25012 1.05286 0.45776 6.62231 11.29150 41.28265 14.46533 19.95850 20.74432 3.95203 3.08228 11.58905 4.88281 8.80432 4.79126 6.14166 7.50732 1.54877 3.39508 8.27026 1.69373 4.04358 5.11169 1.16730 3.66211
0.00000 0.00000 0.00000 0.14496 0.75531 1.41907 2.97546 0.98419 2.41089 11.67297 24.00208 43.55621 10.64301 85.51025 50.17853 27.25220 13.83972 10.49805 7.22504 3.99780 9.93347 5.55420 5.88989 8.20160 4.32587 0.25177 2.18964 9.60541 3.59344 11.81793 2.18964
0.00000 0.00000 0.00000 0.25177 1.00708 2.07520 3.43323 1.12915 2.31171 15.51819 13.24463 10.48279 4.09698 6.66046 12.07733 36.71265 14.54926 5.92804 21.45386 22.69745 7.53021 8.12531 18.24188 0.77057 15.19775 5.50842 1.65558 18.14270 12.34436 5.02014 4.12750
0.00000 0.00000 0.00000 0.00000 0.12207 2.79999 4.92859 3.33405 16.18195 7.67517 4.23431 6.44684 13.96179 39.33716 20.30945 4.35638 12.73346 10.29968 22.83478 16.75415 5.18799 11.95526 11.24573 2.48718 13.03101 7.69806 13.99994 4.63867 4.15039 4.58527 1.07574
0.00000 0.00000 0.03815 0.07629 0.41962 7.18689 9.83429 18.92090 16.55579 2.00653 7.11823 6.01196 5.89752 2.58636 12.96997 15.17487 14.88495 37.10938 11.48224 24.00970 6.04248 9.71985 12.06970 0.90027 1.53351 7.94983 3.44849 3.65448 2.31171 1.22833 0.35095
0.01526 0.07629 0.16785 0.30518 0.35095 18.19611 16.82281 18.11981 11.71875 6.95038 4.82941 2.62451 4.73022 2.09808 9.01031 17.65442 10.54382 37.78839 26.91650 29.85382 12.28333 3.05176 14.25171 9.70459 7.67517 5.82886 8.47626 0.77057 0.64850 1.00708 1.00708
0.17548 0.87738 0.37384 0.57220 1.67084 11.74927 18.10455 12.32910 28.19061 2.89917 6.44684 7.86591 3.49426 1.75476 1.42670 8.62885 19.71436 40.12299 59.18121 51.40686 33.92792 16.59393 28.49579 20.45441 8.69751 4.63867 1.59454 3.33405 1.03760 0.61798 1.34277
0.75531 1.38855 0.68665 1.59454 1.12915 2.58636 7.30896 13.28278 9.28497 5.81360 9.30023 6.81305 0.90790 2.38037 1.80817 0.89264 10.43701 17.31110 27.71759 32.56226 42.73224 59.70001 37.55188 23.81134 12.27570 1.54114 0.54932 1.38092 3.17383 2.18964 0.71716
0.54932 4.02832 2.47955 4.23431 1.37329 1.95312 7.18689 13.47351 20.53070 10.00977 3.05176 2.32697 1.19781 0.77057 0.43488 2.78473 6.23322 7.95746 34.05762 24.36829 9.49097 12.64191 15.33508 6.04248 1.27411 5.37872 7.56836 1.60217 2.52533 3.50189 1.99127
0.72479 1.51062 7.28607 23.97156 1.26648 2.35748 52.94800 18.28766 14.72473 4.11987 5.59235 1.60217 3.51715 5.81360 1.73187 7.26318 8.78143 2.24304 2.64740 3.47900 3.36456 6.59943 6.17218 9.26971 5.76019 19.74487 20.81299 2.82288 2.92969 3.66974 1.35803
