DATA/RAW-RASTER/ECMWF/20170628/EN-27/20170702.en-27.asc
ncols			31
nrows			16
xllcorner		69.5
yllcorner		19.5
cellsize		1.0
NODATA_value	-99999
1.86920 3.82614 1.32751 1.75858 3.98254 2.15530 1.81198 0.10681 0.14496 0.01526 0.03433 0.10300 0.77057 1.08337 1.62506 1.53351 2.81906 3.53622 1.36185 1.90353 2.85339 4.53568 0.72861 0.39673 0.32043 0.30136 0.29755 0.11063 0.25558 0.37003 2.00272
0.64468 0.51117 4.43268 2.88010 4.11987 1.86920 0.06104 0.09918 0.05341 0.00763 0.00000 0.00000 0.25940 2.30408 2.28500 2.89154 3.34930 5.33295 6.83975 9.88388 13.82446 14.67896 9.28497 1.72806 0.88120 0.80109 0.16403 0.09155 0.40436 0.16022 0.51880
9.54056 0.49973 0.00381 2.37274 3.29971 3.98254 3.95584 0.12207 0.02289 0.01526 0.03433 0.07629 0.20981 2.15530 2.95258 2.52914 2.47955 2.84576 2.46811 7.72858 9.08661 9.47952 10.79178 5.31006 6.79398 3.07083 1.12152 1.61743 1.12152 0.20981 0.70190
5.47791 6.41251 0.99564 1.31226 1.51443 1.20544 3.26157 9.56345 0.34332 0.05341 0.90790 0.65231 1.51443 2.06757 3.08228 3.43323 2.20871 2.86102 5.60379 10.62775 5.00870 13.52692 18.22281 16.34979 6.66046 3.29208 5.31387 4.52805 8.52966 6.47736 8.49915
3.57819 8.62885 1.51825 0.06104 0.67902 0.57220 5.69916 10.85663 9.72748 1.60980 0.94223 4.27628 3.56674 10.17380 4.67300 2.03705 8.48007 14.17160 14.80484 17.36832 6.77490 12.24136 12.22610 8.38089 8.66318 6.47736 8.05664 12.18033 16.12473 6.78635 3.78418
4.28009 13.96179 1.23978 0.01526 0.74005 0.40817 2.03705 8.09097 13.75961 34.25217 7.75909 7.76672 2.24686 2.49100 6.16837 19.26422 12.35580 7.69806 7.60651 5.98907 7.53021 13.92746 8.29315 11.04355 7.48444 6.95801 3.81088 0.60272 3.72314 15.80048 8.73947
0.25940 4.33350 0.88882 0.00000 0.73242 0.53024 3.37601 11.06644 31.12030 13.30566 6.43921 7.24792 11.73782 10.10895 0.97275 2.09045 3.15475 3.94440 2.11716 8.56781 1.57547 5.48172 15.80811 5.77164 7.28607 17.99011 9.16672 3.41797 0.67139 2.22397 7.09152
0.00000 0.49210 0.91553 0.08011 0.02289 1.08719 1.78146 10.63156 15.48004 20.42007 16.15524 10.46371 13.70621 42.40036 33.16498 70.31631 23.71216 1.98746 12.49695 4.44412 7.49207 16.09039 10.99396 24.60861 12.10403 27.50778 91.39252 20.55740 8.85391 1.64413 2.68173
0.00000 0.21362 3.32260 0.47302 1.23596 0.88882 19.22607 17.32635 21.90399 12.72964 16.71219 18.77975 7.74002 11.27243 10.92529 16.79611 13.01193 15.22827 46.81778 15.94162 25.90179 99.56741 100.31509 23.10181 19.73724 5.97000 6.12259 35.10666 19.14215 2.67792 0.24796
0.00000 0.00000 0.35477 2.69699 3.49045 5.69153 25.24567 16.34979 15.84244 12.18033 8.67462 9.47952 12.85553 19.04297 16.06369 14.40048 7.43103 9.78088 11.98959 5.94711 9.65881 11.74164 39.10446 13.78632 14.11438 10.61249 37.61673 24.49417 102.71454 9.55963 4.79507
0.06485 0.03433 0.12207 1.28937 3.64685 29.33121 62.19101 15.76233 10.06699 1.95694 0.59891 9.26590 7.98416 11.03210 8.63647 18.71109 11.50894 11.49368 19.63806 10.60867 13.30948 17.00974 44.96384 19.74869 12.05826 27.57645 9.62830 12.55417 60.67276 24.87564 8.70514
0.22507 0.45013 0.48065 0.74768 14.83917 31.70776 47.04285 7.56073 9.83429 2.29645 1.04904 1.19400 3.48663 21.45767 26.31760 18.84842 21.78955 32.79495 20.51926 24.79935 23.44131 15.92255 5.38635 5.77545 12.75253 10.65063 8.64029 20.67566 19.23370 22.64786 22.07565
0.62561 2.03323 2.16293 4.26483 217.92221 87.40234 65.73486 25.56610 9.93729 2.34604 0.76675 2.01416 1.62888 3.52478 2.68555 9.45663 6.81305 7.99561 9.35745 15.30075 16.31165 22.80426 11.09695 14.06097 9.95255 0.16785 1.34277 32.76443 21.30508 36.08322 25.21896
1.77383 1.97220 1.14822 27.45438 90.28625 53.13873 24.71161 80.00183 21.45004 0.83923 0.51880 0.62943 0.40436 2.12097 1.30844 0.91553 7.91168 17.08984 6.16455 11.43265 11.05499 27.64511 57.07169 38.58948 3.68118 2.00653 4.58527 12.05063 17.25006 33.11920 5.24521
5.86700 0.58365 2.09427 16.30783 18.14270 7.78580 5.79834 6.74057 1.23596 0.37003 2.59781 0.62943 0.61417 6.51932 3.40652 7.60269 14.79340 11.93619 22.04132 14.14490 17.33017 26.35193 44.89517 40.29846 6.71768 4.66156 9.62448 16.18958 12.96234 12.06207 15.51056
5.78308 3.30353 6.66428 34.69849 40.72571 6.74438 3.90625 2.05612 2.74277 0.97656 5.76019 4.47083 1.03760 2.08282 2.47574 0.81635 2.23923 8.63647 14.81247 15.72418 23.15903 28.90778 34.61456 52.04391 96.79031 20.65277 26.67618 11.45935 3.99017 1.36948 1.57547
