DATA/SHG/ECMWF/20170628/EN-31/20170704.en-31.asc
ncols        190
nrows        64
xllcorner    -5100000.000000000000
yllcorner    4130000.000000000000
cellsize     10000.000000000000
NODATA_value  -99999.000
[rows 0 to 31 of 64, columns 0 to 71 of 190]
0.174 0.223 0.275 0.328 0.383 0.440 0.499 0.560 0.622 0.654 0.674 0.692 0.707 0.720 0.730 0.738 0.744 0.747 0.748 0.757 0.768 0.807 0.878 0.969 1.082 1.214 1.368 1.542 1.736 1.952 2.188 2.444 2.722 3.157 3.676 4.182 4.676 5.157 5.625 6.081 6.525 6.955 7.373 7.779 8.172 8.461 8.660 8.852 9.036 9.211 9.379 9.539 9.691 9.835 9.971 10.100 10.220 9.955 9.232 8.498 7.755 7.001 6.238 5.464 4.679 3.885 3.081 2.266 1.441 0.894 0.814 0.741
0.191 0.247 0.305 0.365 0.427 0.490 0.555 0.622 0.691 0.727 0.738 0.747 0.767 0.786 0.802 0.815 0.827 0.837 0.844 0.849 0.852 0.921 1.065 1.229 1.414 1.619 1.846 2.092 2.360 2.648 2.956 3.286 3.636 4.056 4.530 4.992 5.442 5.878 6.302 6.714 7.113 7.499 7.873 8.235 8.584 8.859 9.030 9.194 9.350 9.498 9.638 9.770 9.894 10.010 10.119 10.219 10.312 10.129 9.370 8.601 7.821 7.032 6.232 5.422 4.602 3.772 2.931 2.081 1.220 0.552 0.494 0.443
0.206 0.269 0.333 0.400 0.470 0.553 0.638 0.725 0.814 0.871 0.888 0.903 0.915 0.926 0.934 0.940 0.944 0.946 0.945 0.943 0.938 1.013 1.229 1.466 1.724 2.002 2.301 2.621 2.961 3.321 3.702 4.104 4.527 4.966 5.396 5.814 6.219 6.611 6.991 7.358 7.713 8.055 8.385 8.702 9.007 9.264 9.408 9.544 9.672 9.792 9.904 10.008 10.105 10.193 10.274 10.346 10.411 10.313 9.518 8.713 7.897 7.072 6.236 5.391 4.535 3.669 2.792 1.906 1.235 0.681 0.859 1.019
0.264 0.346 0.430 0.516 0.604 0.693 0.785 0.878 0.974 1.044 1.054 1.061 1.066 1.068 1.069 1.067 1.063 1.057 1.049 1.039 1.027 1.083 1.372 1.682 2.012 2.363 2.734 3.126 3.539 3.972 4.426 4.900 5.395 5.888 6.274 6.647 7.008 7.356 7.691 8.015 8.325 8.623 8.909 9.182 9.442 9.676 9.792 9.900 10.000 10.093 10.177 10.254 10.322 10.383 10.436 10.481 10.518 10.507 9.676 8.835 7.998 7.339 6.681 6.026 5.371 4.719 4.068 3.419 2.772 2.126 2.229 2.327
0.368 0.457 0.548 0.640 0.735 0.831 0.929 1.030 1.132 1.220 1.221 1.221 1.218 1.213 1.206 1.196 1.185 1.171 1.155 1.137 1.117 1.131 1.492 1.875 2.278 2.701 3.145 3.610 4.095 4.601 5.127 5.674 6.241 6.821 7.162 7.491 7.808 8.112 8.403 8.682 8.949 9.203 9.444 9.673 9.889 10.093 10.184 10.264 10.337 10.401 10.458 10.507 10.548 10.601 10.741 10.916 11.128 11.376 10.799 10.142 9.487 8.833 8.181 7.530 6.882 6.235 5.590 4.947 4.305 3.665 3.613 3.649
0.470 0.565 0.663 0.762 0.863 0.967 1.072 1.178 1.287 1.397 1.391 1.383 1.372 1.359 1.345 1.328 1.308 1.287 1.263 1.238 1.210 1.180 1.591 2.046 2.521 3.017 3.534 4.071 4.629 5.207 5.805 6.425 7.065 7.725 8.062 8.347 8.620 8.880 9.127 9.362 9.584 9.794 9.991 10.176 10.348 10.508 10.555 10.568 10.617 10.702 10.824 10.981 11.176 11.406 11.672 11.975 12.314 12.690 12.273 11.621 10.971 10.323 9.676 9.032 8.389 7.748 7.108 6.470 5.834 5.200 5.013 4.986
0.570 0.672 0.776 0.882 0.990 1.100 1.211 1.325 1.440 1.558 1.563 1.547 1.529 1.508 1.486 1.461 1.434 1.405 1.374 1.340 1.305 1.267 1.668 2.195 2.743 3.311 3.900 4.510 5.140 5.790 6.461 7.153 7.865 8.598 8.974 9.215 9.443 9.659 9.862 9.979 10.039 10.098 10.158 10.218 10.278 10.338 10.432 10.572 10.748 10.961 11.210 11.495 11.816 12.174 12.567 12.997 13.463 13.966 13.742 13.096 12.452 11.809 11.168 10.529 9.892 9.256 8.622 7.990 7.360 6.731 6.427 6.338
0.667 0.776 0.887 1.000 1.114 1.231 1.349 1.469 1.591 1.715 1.737 1.713 1.687 1.659 1.629 1.596 1.562 1.525 1.486 1.445 1.402 1.357 1.722 2.322 2.942 3.583 4.245 4.926 5.629 6.352 7.095 7.859 8.533 9.169 9.455 9.514 9.574 9.634 9.693 9.753 9.813 9.873 9.933 9.993 10.053 10.114 10.273 10.540 10.844 11.184 11.560 11.972 12.420 12.904 13.425 13.982 14.575 15.204 15.208 14.568 13.929 13.292 12.657 12.023 11.392 10.762 10.133 9.507 8.882 8.259 7.855 7.704
0.762 0.878 0.995 1.115 1.236 1.359 1.484 1.611 1.740 1.871 1.913 1.881 1.848 1.812 1.774 1.734 1.692 1.647 1.601 1.552 1.501 1.448 1.755 2.427 3.120 3.778 4.429 5.075 5.717 6.356 6.990 7.619 8.245 8.867 9.227 9.287 9.347 9.407 9.467 9.527 9.587 9.648 9.708 9.769 9.829 9.890 10.078 10.472 10.903 11.370 11.873 12.412 12.987 13.598 14.246 14.930 15.650 16.406 16.671 16.036 15.403 14.771 14.142 13.514 12.887 12.263 11.640 11.019 10.400 9.782 9.299 9.086
0.855 0.978 1.102 1.228 1.356 1.486 1.617 1.751 1.886 2.024 2.091 2.052 2.011 1.967 1.922 1.874 1.824 1.771 1.706 1.636 1.561 1.481 1.662 2.311 2.956 3.596 4.232 4.864 5.492 6.116 6.735 7.351 7.962 8.569 9.000 9.060 9.120 9.181 9.241 9.302 9.362 9.423 9.483 9.544 9.605 9.666 9.847 10.368 10.926 11.520 12.149 12.815 13.517 14.256 15.030 15.840 16.687 17.570 18.129 17.500 16.873 16.247 15.623 15.000 14.380 13.761 13.144 12.528 11.915 11.303 10.757 10.482
0.946 1.075 1.206 1.338 1.473 1.610 1.748 1.888 2.030 2.174 2.272 2.224 2.171 2.114 2.051 1.983 1.911 1.833 1.750 1.663 1.570 1.472 1.528 2.163 2.793 3.419 4.041 4.658 5.272 5.881 6.486 7.087 7.684 8.276 8.773 8.833 8.894 8.955 9.015 9.076 9.137 9.198 9.259 9.320 9.381 9.443 9.580 10.228 10.913 11.633 12.390 13.183 14.011 14.876 15.777 16.714 17.687 18.697 19.584 18.961 18.339 17.719 17.100 16.483 15.868 15.255 14.644 14.034 13.426 12.819 12.229 11.893
1.034 1.170 1.308 1.443 1.578 1.718 1.863 2.012 2.166 2.324 2.463 2.398 2.328 2.252 2.172 2.086 1.996 1.901 1.800 1.695 1.584 1.469 1.399 2.019 2.634 3.246 3.853 4.456 5.055 5.650 6.241 6.827 7.410 7.988 8.546 8.607 8.668 8.729 8.790 8.851 8.912 8.973 9.035 9.096 9.158 9.220 9.281 10.052 10.863 11.711 12.594 13.513 14.469 15.460 16.488 17.551 18.651 19.787 20.958 20.418 19.802 19.187 18.574 17.963 17.353 16.746 16.140 15.385 14.527 13.683 12.853 12.239
1.064 1.202 1.344 1.491 1.643 1.799 1.960 2.125 2.295 2.469 2.648 2.577 2.489 2.396 2.298 2.195 2.087 1.974 1.855 1.732 1.604 1.471 1.333 1.879 2.480 3.077 3.670 4.259 4.844 5.424 6.000 6.572 7.140 7.704 8.263 8.380 8.442 8.503 8.564 8.626 8.688 8.749 8.811 8.873 8.935 8.997 9.059 9.840 10.778 11.752 12.762 13.808 14.889 16.007 17.161 18.351 19.577 20.839 22.137 21.871 21.044 20.139 19.247 18.369 17.505 16.654 15.817 14.993 14.183 13.387 12.604 11.981
1.059 1.213 1.371 1.535 1.702 1.874 2.051 2.233 2.418 2.609 2.804 2.761 2.655 2.545 2.429 2.308 2.182 2.052 1.916 1.775 1.629 1.479 1.323 1.744 2.331 2.913 3.492 4.066 4.636 5.202 5.764 6.322 6.875 7.425 7.970 8.154 8.216 8.278 8.339 8.401 8.463 8.525 8.587 8.649 8.712 8.774 8.836 9.592 10.657 11.757 12.893 14.066 15.274 16.371 17.428 18.467 19.488 20.491 21.476 21.179 20.308 19.450 18.606 17.776 16.959 16.155 15.366 14.590 13.827 13.078 12.343 11.720
1.049 1.219 1.394 1.573 1.757 1.945 2.138 2.335 2.537 2.743 2.954 2.951 2.827 2.699 2.565 2.427 2.284 2.135 1.982 1.823 1.660 1.491 1.318 1.613 2.186 2.754 3.318 3.878 4.433 4.985 5.532 6.076 6.615 7.150 7.681 7.928 7.990 8.052 8.114 8.177 8.239 8.301 8.364 8.426 8.489 8.551 8.621 9.293 10.396 11.480 12.546 13.595 14.625 15.638 16.632 17.608 18.567 19.507 20.430 20.384 19.560 18.750 17.953 17.170 16.400 15.645 14.902 14.174 13.459 12.757 12.069 11.455
1.034 1.220 1.411 1.606 1.806 2.010 2.219 2.432 2.650 2.873 3.100 3.145 3.004 2.858 2.707 2.551 2.390 2.224 2.053 1.877 1.696 1.510 1.318 1.487 2.045 2.599 3.148 3.694 4.235 4.772 5.305 5.834 6.359 6.879 7.396 7.703 7.765 7.827 7.887 7.935 7.989 8.049 8.115 8.188 8.266 8.351 8.442 8.953 9.993 11.015 12.019 13.005 13.972 14.922 15.854 16.768 17.664 18.542 19.402 19.576 18.800 18.037 17.288 16.552 15.830 15.122 14.427 13.746 13.078 12.424 11.784 11.188
1.014 1.216 1.423 1.634 1.850 2.070 2.295 2.525 2.759 2.997 3.240 3.345 3.186 3.022 2.854 2.680 2.501 2.318 2.129 1.935 1.737 1.533 1.324 1.365 1.908 2.448 2.983 3.514 4.041 4.564 5.082 5.598 6.099 6.580 7.040 7.358 7.409 7.466 7.529 7.599 7.674 7.756 7.844 7.938 8.038 8.145 8.257 8.632 9.609 10.568 11.509 12.433 13.338 14.225 15.095 15.946 16.779 17.595 18.392 18.756 18.027 17.312 16.610 15.922 15.248 14.587 13.939 13.305 12.685 12.078 11.485 10.918
0.989 1.207 1.430 1.657 1.889 2.125 2.366 2.612 2.862 3.116 3.375 3.550 3.373 3.192 3.006 2.814 2.618 2.417 2.211 1.999 1.783 1.562 1.335 1.247 1.805 2.379 2.933 3.465 3.977 4.468 4.938 5.388 5.817 6.225 6.612 6.929 7.002 7.081 7.166 7.257 7.354 7.457 7.567 7.683 7.805 7.933 8.067 8.328 9.243 10.140 11.018 11.879 12.722 13.547 14.354 15.143 15.914 16.667 17.402 17.925 17.243 16.575 15.921 15.280 14.653 14.040 13.439 12.853 12.280 11.721 11.175 10.644
0.959 1.193 1.432 1.675 1.923 2.175 2.432 2.693 2.959 3.230 3.505 3.760 3.566 3.367 3.163 2.954 2.740 2.535 2.347 2.170 2.004 1.850 1.708 1.604 2.126 2.627 3.108 3.568 4.007 4.425 4.823 5.200 5.556 5.892 6.206 6.495 6.589 6.690 6.796 6.909 7.028 7.153 7.284 7.421 7.565 7.715 7.870 8.043 8.895 9.729 10.545 11.344 12.124 12.886 13.631 14.358 15.066 15.757 16.430 17.081 16.447 15.827 15.220 14.626 14.047 13.480 12.928 12.388 11.863 11.351 10.852 10.367
0.923 1.174 1.428 1.688 1.952 2.220 2.493 2.770 3.052 3.339 3.616 3.876 3.705 3.499 3.305 3.122 2.951 2.791 2.643 2.507 2.382 2.269 2.167 2.077 2.468 2.897 3.305 3.692 4.058 4.404 4.729 5.034 5.317 5.580 5.822 6.044 6.171 6.293 6.421 6.555 6.696 6.843 6.995 7.154 7.319 7.491 7.668 7.852 8.565 9.337 10.091 10.827 11.545 12.245 12.927 13.591 14.237 14.866 15.476 16.069 15.640 15.066 14.507 13.961 13.428 12.909 12.404 11.912 11.433 10.968 10.517 10.079
0.883 1.149 1.420 1.749 2.062 2.360 2.643 2.911 3.163 3.400 3.622 3.829 3.746 3.581 3.427 3.285 3.154 3.035 2.927 2.831 2.747 2.674 2.613 2.563 2.831 3.187 3.523 3.837 4.131 4.404 4.657 4.889 5.100 5.290 5.460 5.609 5.746 5.890 6.040 6.196 6.358 6.526 6.701 6.881 7.068 7.261 7.460 7.665 8.253 8.963 9.654 10.328 10.983 11.621 12.241 12.843 13.427 13.993 14.542 15.072 14.820 14.294 13.782 13.283 12.798 12.326 11.868 11.417 10.950 10.469 9.973 9.463
1.275 1.581 1.871 2.146 2.406 2.651 2.880 3.094 3.293 3.477 3.645 3.799 3.775 3.650 3.537 3.435 3.345 3.266 3.199 3.143 3.099 3.067 3.046 3.036 3.216 3.499 3.762 4.004 4.225 4.426 4.606 4.765 4.904 5.022 5.119 5.196 5.317 5.482 5.653 5.831 6.015 6.204 6.400 6.603 6.811 7.025 7.246 7.472 7.959 8.607 9.236 9.847 10.440 11.016 11.574 12.113 12.635 13.139 13.625 14.094 14.030 13.614 13.184 12.739 12.280 11.806 11.318 10.815 10.298 9.767 9.221 8.660
1.850 2.102 2.338 2.560 2.766 2.958 3.133 3.294 3.440 3.570 3.685 3.785 3.791 3.707 3.634 3.573 3.523 3.485 3.458 3.443 3.439 3.447 3.466 3.497 3.621 3.832 4.022 4.192 4.341 4.469 4.577 4.664 4.730 4.775 4.800 4.804 4.881 5.068 5.261 5.460 5.665 5.877 6.094 6.318 6.548 6.784 7.026 7.274 7.684 8.269 8.835 9.385 9.916 10.463 11.022 11.575 12.121 12.661 13.194 13.722 13.797 13.331 12.850 12.354 11.845 11.321 10.782 10.229 9.661 9.080 8.483 7.872
2.440 2.638 2.822 2.990 3.143 3.280 3.403 3.510 3.602 3.679 3.741 3.787 3.795 3.751 3.719 3.698 3.688 3.690 3.704 3.729 3.766 3.814 3.874 3.945 4.048 4.186 4.304 4.401 4.478 4.534 4.569 4.583 4.577 4.551 4.503 4.435 4.439 4.648 4.862 5.083 5.310 5.543 5.782 6.027 6.279 6.536 6.834 7.126 7.494 8.063 8.625 9.181 9.731 10.274 10.811 11.342 11.866 12.384 12.896 13.401 13.578 13.061 12.530 11.984 11.424 10.849 10.260 9.657 9.039 8.407 7.760 7.099
3.046 3.191 3.321 3.436 3.535 3.619 3.689 3.742 3.781 3.805 3.813 3.806 3.787 3.783 3.791 3.810 3.841 3.884 3.938 4.003 4.080 4.169 4.269 4.380 4.495 4.561 4.607 4.632 4.636 4.619 4.582 4.525 4.446 4.347 4.227 4.087 3.992 4.222 4.458 4.829 5.197 5.543 5.868 6.170 6.451 6.710 6.948 7.164 7.422 7.968 8.509 9.043 9.571 10.092 10.607 11.116 11.618 12.114 12.603 13.087 13.373 12.806 12.224 11.628 11.018 10.393 9.754 9.100 8.432 7.749 7.052 6.341
3.671 3.760 3.836 3.898 3.944 3.975 3.990 3.991 3.976 3.946 3.901 3.841 3.766 3.803 3.851 3.911 3.982 4.065 4.159 4.265 4.382 4.511 4.651 4.803 4.964 4.958 4.931 4.883 4.815 4.727 4.617 4.488 4.420 4.386 4.385 4.417 4.490 4.847 5.183 5.496 5.788 6.058 6.307 6.533 6.738 6.921 7.083 7.223 7.356 7.881 8.399 8.911 9.417 9.916 10.409 10.896 11.376 11.850 12.318 12.779 13.183 12.565 11.933 11.287 10.626 9.951 9.261 8.557 7.839 7.106 6.359 5.598
4.337 4.344 4.368 4.376 4.368 4.346 4.308 4.256 4.188 4.105 4.006 3.893 3.764 3.810 3.898 3.998 4.110 4.233 4.367 4.513 4.671 4.840 5.020 5.212 5.394 5.246 5.094 4.976 4.891 4.839 4.821 4.837 4.886 4.968 5.084 5.234 5.417 5.687 5.946 6.184 6.400 6.594 6.767 6.917 7.046 7.154 7.240 7.303 7.346 7.799 8.295 8.785 9.269 9.746 10.218 10.682 11.141 11.593 12.038 12.478 12.910 12.339 11.657 10.960 10.249 9.524 8.784 8.030 7.261 6.478 5.681 4.869
5.017 4.945 4.915 4.869 4.809 4.733 4.642 4.536 4.415 4.279 4.127 3.961 3.779 3.804 3.933 4.074 4.225 4.394 4.558 4.692 4.796 4.870 4.915 4.929 4.913 4.857 4.823 4.821 4.854 4.919 5.018 5.151 5.316 5.516 5.749 6.015 6.314 6.548 6.731 6.893 7.033 7.151 7.248 7.323 7.376 7.408 7.418 7.406 7.372 7.724 8.198 8.666 9.128 9.583 10.032 10.475 10.911 11.342 11.765 12.183 12.594 12.127 11.395 10.648 9.887 9.111 8.321 7.516 6.698 5.864 5.017 4.155
5.710 5.561 5.478 5.379 5.265 5.137 4.992 4.833 4.659 4.469 4.315 4.207 4.088 4.143 4.322 4.471 4.590 4.679 4.738 4.768 4.767 4.736 4.675 4.584 4.464 4.435 4.517 4.632 4.782 4.964 5.180 5.429 5.712 6.028 6.377 6.760 7.177 7.429 7.537 7.623 7.687 7.730 7.750 7.750 7.727 7.683 7.617 7.530 7.420 7.655 8.107 8.553 8.993 9.426 9.854 10.274 10.689 11.097 11.499 11.894 12.283 11.930 11.147 10.350 9.539 8.713 7.872 7.018 6.149 5.265 4.368 3.456
6.415 6.193 6.057 5.960 5.886 5.802 5.708 5.605 5.491 5.368 5.235 5.091 4.939 4.880 4.954 4.998 5.012 4.996 4.950 4.875 4.769 4.633 4.468 4.272 4.046 3.977 4.176 4.409 4.675 4.974 5.307 5.673 6.072 6.505 6.971 7.471 8.004 8.332 8.364 8.374 8.362 8.329 8.274 8.198 8.099 7.980 7.838 7.675 7.490 7.592 8.022 8.446 8.864 9.276 9.681 10.080 10.472 10.859 11.239 11.612 11.979 11.747 10.914 10.067 9.205 8.329 7.438 6.534 5.699 4.989 4.274 3.554
7.503 7.320 7.231 7.132 7.023 6.905 6.776 6.638 6.489 6.331 6.164 5.986 5.798 5.648 5.617 5.556 5.465 5.345 5.194 5.013 4.803 4.562 4.292 3.992 3.661 3.486 3.802 4.151 4.533 4.949 5.399 5.881 6.397 6.947 7.529 8.146 8.795 9.256 9.212 9.146 9.059 8.950 8.819 8.667 8.493 8.298 8.080 7.842 7.581 7.535 7.944 8.346 8.742 9.132 9.515 9.892 10.263 10.627 10.985 11.337 11.682 11.667 10.975 10.277 9.575 8.867 8.155 7.437 6.714 5.986 5.254 4.516
8.775 8.571 8.447 8.313 8.170 8.016 7.853 7.680 7.497 7.304 7.102 6.890 6.667 6.447 6.311 6.145 5.950 5.724 5.469 5.184 4.868 4.523 4.148 3.743 3.308 2.960 3.392 3.858 4.358 4.890 5.456 6.055 6.688 7.354 8.053 8.785 9.551 10.200 10.080 9.939 9.776 9.591 9.385 9.157 8.908 8.637 8.344 8.030 7.694 7.485 7.872 8.252 8.626 8.994 9.460 9.995 10.525 11.049 11.567 12.080 12.588 12.813 12.102 11.387 10.666 9.941 9.210 8.474 7.734 6.988 6.237 5.481
