DATA/SHG/ECMWF/20170628/EN-31/20170703.en-31.asc
ncols        190
nrows        64
xllcorner    -5100000.000000000000
yllcorner    4130000.000000000000
cellsize     10000.000000000000
NODATA_value  -99999.000
[rows 32 to 63 of 64, columns 73 to 145 of 190]
9.052 8.421 7.807 7.211 6.633 6.072 5.529 5.004 4.497 4.008 3.536 3.082 2.802 3.321 3.853 4.396 4.951 5.519 6.098 6.690 7.293 7.905 8.522 9.148 9.824 10.653 11.499 12.362 13.242 14.140 15.055 15.987 16.937 17.904 18.888 19.889 20.250 19.361 18.438 17.482 16.491 15.467 14.409 13.316 12.373 12.032 11.842 11.804 13.234 16.031 18.615 20.986 23.144 25.089 26.820 28.339 29.645 30.738 31.617 32.284 32.350 32.118 31.903 31.704 31.521 31.354 31.204 31.070 30.953 30.851 30.766 30.698 30.079
8.413 7.840 7.288 6.754 6.237 5.738 5.257 4.794 4.348 3.920 3.510 3.118 2.777 3.338 3.911 4.497 5.094 5.703 6.325 6.958 7.604 8.257 8.916 9.585 10.285 11.190 12.113 13.053 14.010 14.984 15.976 16.984 18.010 19.054 20.114 21.187 21.741 20.855 20.121 19.539 19.109 18.831 18.705 18.730 18.908 19.237 19.718 20.351 21.546 23.401 25.043 26.472 27.688 28.691 29.482 30.059 30.424 30.575 30.514 30.240 29.930 29.770 29.627 29.500 29.390 29.296 29.218 29.156 29.111 29.082 29.069 29.073 28.525
7.869 7.244 6.754 6.281 5.826 5.389 4.969 4.567 4.183 3.817 3.468 3.137 2.824 3.344 3.959 4.586 5.225 5.877 6.540 7.215 7.903 8.598 9.300 10.011 10.732 11.708 12.825 14.332 15.726 17.007 18.176 19.231 20.173 21.003 21.719 22.323 22.736 22.522 22.459 22.548 22.790 23.182 23.727 24.424 25.272 26.272 27.424 28.727 30.073 30.986 31.687 32.174 32.449 32.511 32.361 31.997 31.421 30.632 29.631 28.416 27.496 27.409 27.338 27.283 27.245 27.223 27.218 27.228 27.255 27.298 27.358 27.434 26.989
7.369 6.632 6.203 5.792 5.399 5.023 4.665 4.325 4.002 3.697 3.410 3.141 2.889 3.338 3.995 4.664 5.345 6.039 6.997 8.406 9.908 11.421 12.928 14.510 16.167 17.461 18.581 19.588 20.482 21.263 21.932 22.487 22.930 23.260 23.477 23.581 23.572 24.021 24.630 25.390 26.302 27.365 28.580 29.947 31.466 33.136 34.958 36.932 38.813 38.785 38.545 38.092 37.427 36.548 35.457 34.154 32.638 30.909 28.968 26.814 25.048 25.034 25.035 25.053 25.087 25.137 25.203 25.286 25.385 25.501 25.633 25.780 25.473
6.914 6.005 5.637 5.288 4.956 4.641 4.345 4.066 3.805 3.561 3.336 3.323 3.527 4.362 5.626 6.984 8.436 9.982 11.622 13.356 15.184 17.024 18.861 20.772 22.758 23.835 24.455 24.963 25.357 25.639 25.807 25.864 25.807 25.637 25.355 24.960 24.452 25.354 26.633 28.064 29.646 31.380 33.265 35.302 37.490 39.830 42.322 44.965 47.760 46.799 45.618 44.225 42.620 40.802 38.771 36.528 34.073 31.405 28.524 25.431 22.587 22.645 22.718 22.808 22.914 23.037 23.175 23.330 23.502 23.689 23.893 24.113 23.975
6.503 5.361 5.055 4.767 4.796 5.083 5.346 5.585 5.801 5.993 6.162 6.308 6.430 7.268 8.858 10.541 12.319 14.190 16.156 18.216 20.369 22.536 24.702 26.942 29.257 30.328 30.448 30.456 30.351 30.133 29.803 29.360 28.804 28.136 27.355 26.461 25.455 26.521 28.470 30.570 32.822 35.226 37.780 40.487 43.345 46.354 49.515 52.827 56.291 55.027 52.907 50.574 48.029 45.272 42.302 39.121 35.726 32.120 28.301 24.269 20.113 20.242 20.388 20.550 20.728 20.923 21.133 21.361 21.604 21.863 22.139 22.431 22.496
8.319 7.618 7.893 8.144 8.372 8.577 8.758 8.915 9.049 9.160 9.247 9.311 9.351 10.085 12.000 14.009 16.112 18.309 20.599 22.984 25.463 27.957 30.452 33.021 35.664 36.938 36.559 36.068 35.464 34.748 33.919 32.977 31.922 30.755 29.476 28.084 26.579 27.521 30.140 32.909 35.831 38.903 42.127 45.503 49.030 52.708 56.538 60.519 64.651 63.468 60.409 57.138 53.654 49.958 46.050 41.930 37.598 33.053 28.296 23.327 18.146 17.826 18.044 18.278 18.528 18.795 19.078 19.377 19.692 20.024 20.372 20.736 21.035
12.211 11.457 11.650 11.819 11.965 12.088 12.187 12.263 12.315 12.344 12.350 12.332 12.291 12.812 15.052 17.386 19.814 22.336 24.952 27.662 30.465 33.286 36.110 39.007 41.979 43.666 42.789 41.799 40.696 39.481 38.154 36.713 35.161 33.495 31.718 29.827 27.824 28.355 31.643 35.082 38.672 42.413 46.306 50.350 54.546 58.893 63.391 68.040 72.841 72.123 68.126 63.916 59.495 54.861 50.015 44.957 39.687 34.205 28.511 22.605 16.486 15.396 15.686 15.992 16.314 16.745 17.375 17.963 18.510 19.015 19.478 19.899 20.279
16.044 15.313 15.424 15.512 15.576 15.617 15.634 15.628 15.599 15.546 15.470 15.370 15.247 15.450 18.015 20.674 23.427 26.274 29.214 32.249 35.377 38.525 41.676 44.902 48.202 50.512 49.136 47.648 46.047 44.334 42.508 40.570 38.519 36.356 34.080 31.692 29.191 29.023 32.979 37.087 41.346 45.756 50.317 55.029 59.893 64.908 70.074 75.391 80.859 80.992 76.057 70.910 65.551 59.980 54.197 48.202 41.939 35.470 29.113 22.867 16.733 15.208 15.821 16.393 16.922 17.410 17.857 18.261 18.624 18.945 19.224 19.462 19.658
19.819 19.226 19.215 19.221 19.204 19.163 19.099 19.011 18.900 18.766 18.608 18.427 18.222 17.998 20.888 23.872 26.950 30.121 33.386 36.745 40.198 43.672 47.152 50.706 54.334 57.476 55.602 53.616 51.517 49.306 46.982 44.546 41.998 39.337 36.563 33.678 30.680 29.525 34.150 38.925 43.852 48.930 54.160 59.540 65.071 70.754 76.587 82.364 87.084 87.055 80.297 73.650 67.114 60.689 54.376 48.173 42.082 36.102 30.234 24.476 18.830 16.650 17.079 17.467 17.813 18.117 18.379 18.600 18.779 18.917 19.012 19.066 19.079
23.536 23.140 23.024 22.948 22.849 22.727 22.581 22.412 22.219 22.003 21.764 21.501 21.215 20.905 23.671 26.980 30.382 33.878 37.468 41.151 44.928 48.728 52.536 56.418 60.374 64.405 62.186 59.702 57.105 54.397 51.575 48.642 45.596 42.438 39.167 35.785 32.289 29.861 35.125 40.165 45.137 50.039 54.871 59.635 64.329 68.954 73.509 77.995 82.412 83.665 77.395 71.237 65.189 59.253 53.428 47.714 42.112 36.620 31.240 25.971 20.812 18.132 18.378 18.582 18.744 18.865 18.943 18.981 18.976 18.930 18.842 18.713 18.542
27.194 26.995 26.850 26.692 26.512 26.308 26.080 25.830 25.555 25.258 24.937 24.593 24.225 23.834 26.366 29.999 33.725 37.545 41.459 45.466 49.567 53.693 57.829 62.039 66.323 70.681 68.888 65.906 62.812 59.551 55.259 51.090 47.045 43.123 39.324 35.649 32.097 28.763 33.569 38.305 42.973 47.571 52.099 56.559 60.949 65.270 69.522 73.704 77.817 80.163 74.382 68.712 63.153 57.705 52.368 47.142 42.028 37.024 32.132 27.350 22.680 19.655 19.717 19.738 19.716 19.653 19.549 19.402 19.215 18.985 18.714 18.401 18.046
30.795 30.793 30.693 30.454 30.192 29.906 29.597 29.265 28.909 28.530 28.128 27.702 27.253 26.781 28.971 32.928 36.978 41.122 45.360 49.691 54.116 57.414 60.540 63.553 66.453 69.241 66.918 62.800 58.804 54.933 51.184 47.559 44.056 40.678 37.422 34.290 31.281 28.395 32.089 36.521 40.885 45.179 49.404 53.560 57.646 61.664 65.612 69.490 73.300 76.549 71.256 66.074 61.003 56.043 51.194 46.457 41.830 37.314 32.909 28.615 24.432 21.219 21.098 20.934 20.730 20.483 20.195 19.866 19.494 19.081 18.627 18.131 17.593
34.338 34.532 34.553 34.233 33.889 33.522 33.132 32.718 32.281 31.821 31.337 30.830 30.299 29.746 30.904 34.335 37.624 40.770 43.774 46.636 49.356 52.020 54.650 57.168 59.573 61.865 60.540 56.965 53.513 50.184 46.979 43.896 40.937 38.101 35.388 32.798 30.332 27.989 30.685 34.814 38.873 42.864 46.785 50.638 54.421 58.134 61.779 65.354 68.861 72.298 68.019 63.325 58.742 54.269 49.908 45.658 41.518 37.490 33.572 29.766 26.070 22.823 22.519 22.172 21.784 21.354 20.883 20.370 19.815 19.219 18.582 17.902 17.181
37.823 38.213 38.431 38.029 37.604 37.155 36.684 35.423 34.188 32.996 31.845 30.736 29.668 28.642 29.076 32.017 34.816 37.472 39.986 42.358 44.588 46.759 48.894 50.916 52.826 54.623 54.033 51.001 48.092 45.306 42.643 40.103 37.687 35.393 33.223 31.175 29.251 27.450 29.356 33.181 36.938 40.625 44.243 47.792 51.271 54.682 58.023 61.296 64.499 67.633 64.670 60.463 56.368 52.383 48.509 44.746 41.094 37.552 34.122 30.802 27.594 24.496 23.980 23.450 22.879 22.266 21.612 20.916 20.178 19.399 18.578 17.716 16.812
40.360 39.989 39.458 38.159 36.903 35.688 34.514 33.382 32.292 31.243 30.236 29.271 28.347 27.465 27.379 29.830 32.139 34.305 36.330 38.212 39.952 41.632 43.271 44.798 46.213 47.515 47.397 44.908 42.541 40.298 38.177 36.180 34.305 32.554 30.925 29.420 28.038 26.778 28.103 31.625 35.078 38.462 41.777 45.023 48.199 51.307 54.345 57.314 60.214 63.045 61.210 57.490 53.882 50.384 46.997 43.721 40.555 37.501 34.557 31.724 29.002 26.391 25.483 24.770 24.015 23.219 22.382 21.502 20.582 19.620 18.616 17.571 16.484
37.702 37.202 36.662 35.507 34.395 33.323 32.294 31.306 30.360 29.455 28.592 27.770 26.990 26.252 25.813 27.774 29.593 31.270 32.805 34.198 35.449 36.637 37.782 38.814 39.734 40.541 40.632 38.685 36.861 35.159 33.581 32.125 30.793 29.583 28.497 27.533 26.692 25.974 26.926 30.145 33.295 36.375 39.387 42.330 45.204 48.008 50.744 53.410 56.007 58.536 57.638 54.405 51.284 48.273 45.372 42.583 39.904 37.336 34.879 32.532 30.297 28.172 27.026 26.130 25.192 24.213 23.193 22.131 21.027 19.877 18.697 17.506 16.306
35.083 34.453 33.786 32.820 31.851 30.924 30.038 29.194 28.391 27.630 26.911 26.233 25.597 25.002 24.449 25.849 27.179 28.367 29.413 30.317 31.079 31.774 32.425 32.963 33.388 33.702 33.739 32.333 31.051 29.891 28.854 27.941 27.150 26.482 25.936 25.514 25.215 25.038 25.824 28.740 31.587 34.365 37.074 39.714 42.284 44.786 47.219 49.583 51.878 54.103 53.954 51.209 48.573 46.049 43.635 41.332 39.139 37.058 35.087 33.226 31.468 29.704 28.331 27.177 26.012 24.837 23.652 22.457 21.252 20.037 18.812 17.577 16.332
32.502 31.743 30.947 30.097 29.272 28.488 27.746 27.046 26.387 25.770 25.194 24.660 24.167 23.716 23.306 24.055 24.896 25.595 26.152 26.567 26.841 27.045 27.201 27.245 27.176 26.996 26.703 25.853 25.112 24.493 23.998 23.626 23.376 23.249 23.245 23.363 23.605 23.969 24.797 27.411 29.955 32.430 34.836 37.174 39.442 41.641 43.771 45.833 47.825 49.748 50.160 47.968 46.344 44.690 43.005 41.289 39.543 37.765 35.957 34.118 32.248 30.348 28.813 27.614 26.405 25.185 23.956 22.716 21.467 20.207 18.938 17.658 16.368
29.959 29.072 28.147 27.339 26.657 26.017 25.419 24.862 24.347 23.873 23.441 23.050 22.701 22.394 22.127 22.391 22.744 22.954 23.022 22.949 22.734 22.447 22.110 21.660 21.098 20.423 19.637 19.243 19.043 18.966 19.012 19.180 19.471 19.885 20.422 21.081 21.864 22.769 23.846 26.157 28.398 30.571 32.683 35.094 37.531 39.995 42.486 45.004 47.548 50.119 51.731 50.002 48.243 46.453 44.632 42.780 40.897 38.984 37.040 35.065 33.059 31.023 29.305 28.062 26.808 25.544 24.270 22.986 21.692 20.387 19.073 17.749 16.414
27.455 26.438 25.385 24.545 24.007 23.511 23.056 22.643 22.271 21.941 21.652 21.405 21.199 21.035 20.912 20.858 20.722 20.444 20.024 19.463 18.760 17.982 17.151 16.208 15.152 13.984 12.704 12.504 12.845 13.309 13.896 14.605 15.436 16.391 17.932 19.453 20.922 22.337 23.699 26.033 28.482 30.957 33.459 35.988 38.544 41.126 43.735 46.370 49.033 51.721 53.932 52.067 50.172 48.246 46.289 44.301 42.282 40.233 38.153 36.042 33.901 31.728 29.807 28.519 27.221 25.912 24.593 23.265 21.926 20.577 19.219 17.850 16.471
24.988 23.844 22.661 21.716 21.322 20.969 20.658 20.388 20.160 19.973 19.827 19.723 19.661 19.640 19.660 19.456 18.831 18.065 17.158 16.109 14.918 13.649 12.325 10.888 9.339 8.590 8.025 8.837 10.497 12.103 13.657 15.157 16.605 18.000 19.341 20.630 21.865 23.047 24.177 26.426 28.992 31.586 34.206 36.852 39.526 42.226 44.953 47.706 50.486 53.293 56.127 54.163 52.131 50.069 47.976 45.853 43.698 41.513 39.297 37.051 34.773 32.465 30.319 28.986 27.643 26.290 24.927 23.554 22.171 20.778 19.374 17.961 16.538
22.561 21.287 19.976 18.851 18.601 18.391 18.223 18.097 18.012 17.969 17.966 18.006 18.087 18.209 18.373 18.183 17.071 16.142 15.412 14.747 14.149 13.583 13.039 12.548 12.109 11.723 11.390 11.933 13.360 14.733 16.054 17.322 18.536 19.698 20.806 21.862 22.865 23.814 24.711 26.788 29.473 32.184 34.922 37.687 40.478 43.296 46.140 49.012 51.910 54.834 57.785 56.288 54.121 51.923 49.694 47.435 45.145 42.824 40.472 38.090 35.677 33.233 30.841 29.464 28.076 26.678 25.271 23.853 22.426 20.988 19.540 18.082 16.615
20.171 18.769 17.330 15.952 15.844 15.778 15.754 15.771 15.829 15.929 16.282 16.753 17.241 17.746 18.268 18.576 17.941 17.372 16.870 16.434 16.065 15.729 15.416 15.156 14.949 14.794 14.691 15.085 16.278 17.419 18.507 19.541 20.523 21.452 22.328 23.151 23.921 24.638 25.302 27.121 29.924 32.753 35.608 38.491 41.400 44.335 47.298 50.287 53.302 56.345 59.414 58.444 56.141 53.807 51.443 49.048 46.622 44.165 41.678 39.160 36.611 34.032 31.422 29.951 28.519 27.077 25.625 24.163 22.690 21.208 19.716 18.214 16.701
17.819 16.289 14.721 13.398 13.711 14.139 14.584 15.046 15.525 16.020 16.533 17.062 17.609 18.172 18.752 19.287 18.881 18.541 18.267 18.060 17.919 17.813 17.732 17.702 17.726 17.802 17.931 18.291 19.252 20.160 21.015 21.817 22.566 23.262 23.905 24.496 25.033 25.518 25.949 27.424 30.344 33.291 36.265 39.265 42.292 45.345 48.425 51.532 54.665 57.825 61.012 60.629 58.191 55.722 53.221 50.691 48.129 45.537 42.914 40.261 37.577 34.862 32.116 30.448 28.971 27.485 25.988 24.482 22.965 21.439 19.902 18.355 16.799
16.987 15.790 14.607 13.440 13.596 14.082 14.586 15.106 15.643 16.197 16.768 17.356 17.961 18.582 19.221 19.876 19.760 19.648 19.603 19.624 19.712 19.836 19.985 20.187 20.441 20.748 21.108 21.552 22.281 22.956 23.578 24.148 24.664 25.128 25.539 25.897 26.202 26.454 26.653 27.698 30.736 33.800 36.891 40.009 43.154 46.325 49.522 52.747 55.997 59.275 62.579 62.845 60.271 57.666 55.031 52.364 49.667 46.940 44.181 41.392 38.573 35.722 32.841 30.955 29.434 27.903 26.362 24.811 23.250 21.679 20.098 18.507 16.906
16.861 15.716 14.585 13.469 13.465 14.010 14.571 15.150 15.746 16.358 16.987 17.633 18.297 18.976 19.673 20.387 20.577 20.694 20.877 21.127 21.443 21.796 22.176 22.609 23.094 23.632 24.222 24.865 25.365 25.807 26.197 26.534 26.819 27.050 27.228 27.354 27.427 27.446 27.413 27.941 31.097 34.279 37.488 40.723 43.985 47.274 50.589 53.931 57.299 60.695 64.116 65.092 62.382 59.641 56.870 54.068 51.236 48.373 45.479 42.555 39.600 36.614 33.598 31.472 29.906 28.259 26.440 24.680 22.979 21.337 19.754 18.230 16.764
16.723 15.628 14.548 13.484 13.318 13.921 14.542 15.178 15.832 16.503 17.191 17.895 18.616 19.355 20.110 20.882 21.334 21.679 22.090 22.568 23.112 23.695 24.306 24.969 25.685 26.454 27.275 28.148 28.504 28.714 28.872 28.977 29.028 29.028 28.974 28.867 28.708 28.495 28.230 28.155 31.429 34.728 38.055 41.408 44.787 48.193 51.626 55.085 58.571 62.084 65.623 67.368 64.523 61.647 58.740 55.803 52.740 49.110 45.549 42.055 38.630 35.272 31.982 29.503 27.824 26.204 24.643 23.141 21.698 20.313 18.988 17.721 16.514
16.570 15.527 14.498 13.485 13.156 13.817 14.496 15.191 15.903 16.632 17.378 18.141 18.920 19.717 20.530 21.360 22.029 22.603 23.242 23.948 24.720 25.532 26.374 27.268 28.214 29.213 30.265 31.369 31.698 31.676 31.602 31.474 31.294 31.061 30.775 30.436 30.045 29.600 29.103 28.553 31.730 35.148 38.592 42.062 45.559 49.083 52.633 56.196 59.083 61.833 64.445 65.899 62.227 58.623 55.087 51.619 48.218 44.886 41.621 38.425 35.296 32.236 29.243 26.876 25.455 24.093 22.789 21.545 20.359 19.232 18.164 17.155 16.205
16.404 15.412 14.435 13.472 12.978 13.698 14.434 15.188 15.958 16.745 17.550 18.370 19.208 20.063 20.934 21.823 22.664 23.465 24.333 25.266 26.266 27.308 28.380 29.504 30.681 31.910 33.192 34.527 34.947 34.693 34.387 34.027 33.615 33.150 32.632 32.061 31.438 30.762 30.032 29.264 31.910 35.158 38.269 41.242 44.078 46.776 49.337 51.760 54.046 56.195 58.206 59.827 56.452 53.145 49.906 46.735 43.632 40.597 37.629 34.730 31.898 29.134 26.438 24.192 23.029 21.924 20.878 19.891 18.963 18.094 17.283 16.532 15.839
16.225 15.284 14.357 13.446 12.784 13.562 14.357 15.169 15.997 16.843 17.705 18.584 19.480 20.393 21.323 22.269 23.238 24.267 25.362 26.524 27.751 29.022 30.324 31.679 33.086 34.546 36.058 37.623 38.252 37.766 37.040 36.264 35.489 34.717 33.946 33.176 32.408 31.642 30.877 30.115 31.831 34.478 36.988 39.360 41.594 43.692 45.652 47.474 49.160 50.708 52.118 53.392 50.613 47.604 44.662 41.788 38.981 36.243 33.572 30.970 28.435 25.968 23.568 21.452 20.546 19.699 18.911 18.181 17.510 16.898 16.345 15.851 15.415
16.031 15.141 14.266 13.406 12.575 13.411 14.264 15.134 16.021 16.924 17.845 18.782 19.736 20.707 21.695 22.700 23.750 25.007 26.330 27.720 29.175 30.540 31.853 33.185 34.537 35.909 37.301 38.713 39.369 38.597 37.826 37.057 36.289 35.524 34.759 33.997 33.236 32.476 31.719 30.963 31.900 33.946 35.854 37.626 39.260 40.756 42.116 43.338 44.423 45.371 46.181 46.854 44.711 41.998 39.353 36.776 34.266 31.824 29.451 27.144 24.906 22.736 20.633 18.656 18.007 17.417 16.886 16.414 16.000 15.645 15.349 15.112 14.934
