DATA/SHG/ECMWF/20170628/EN-31/20170705.en-31.asc
ncols        190
nrows        64
xllcorner    -5100000.000000000000
yllcorner    4130000.000000000000
cellsize     10000.000000000000
NODATA_value  -99999.000
[rows 32 to 63 of 64, columns 0 to 72 of 190]
5.268 5.380 5.456 5.528 5.600 5.672 5.744 5.815 5.886 5.957 6.027 6.098 6.168 6.237 6.198 6.115 5.991 5.828 5.626 5.383 5.102 4.780 4.419 4.018 3.578 3.098 3.568 4.054 4.539 5.025 5.510 5.995 6.480 6.964 7.449 7.933 8.417 8.886 8.656 8.440 8.238 8.049 7.873 7.712 7.563 7.429 7.308 7.369 7.424 7.404 7.696 7.955 8.181 8.374 8.534 8.661 8.755 8.816 8.845 8.840 8.802 8.729 8.615 8.504 8.397 8.294 8.194 8.098 8.005 7.916 7.831 7.749 7.670
6.345 6.464 6.548 6.619 6.690 6.761 6.831 6.901 6.971 7.041 7.111 7.180 7.249 7.317 7.182 6.960 6.698 6.397 6.055 5.675 5.254 4.794 4.295 3.756 3.177 2.559 2.860 3.346 3.831 4.316 4.801 5.285 5.769 6.254 6.738 7.221 7.705 8.188 8.089 7.920 8.280 8.678 8.979 9.182 9.288 9.296 9.206 9.018 8.732 8.349 8.474 8.618 8.729 8.807 8.853 8.865 8.844 8.791 8.705 8.585 8.433 8.248 8.142 8.044 7.949 7.859 7.771 7.687 7.607 7.530 7.457 7.387 7.321
7.418 7.545 7.638 7.708 7.778 7.848 7.917 7.987 8.055 8.124 8.193 8.261 8.329 8.396 8.208 7.847 7.446 7.006 6.527 6.007 5.449 4.850 4.213 3.535 2.818 2.062 2.154 2.639 3.123 3.608 4.092 4.576 5.060 6.219 7.467 8.745 10.053 11.393 12.003 12.256 12.411 12.468 12.428 12.290 12.055 11.722 11.291 10.762 10.136 9.412 9.283 9.313 9.309 9.273 9.203 9.101 8.966 8.798 8.597 8.363 8.096 7.797 7.666 7.581 7.499 7.420 7.345 7.274 7.206 7.141 7.080 7.023 6.969
8.486 8.621 8.728 8.797 8.866 8.934 9.003 9.071 9.138 9.206 9.273 9.340 9.407 9.474 9.274 8.775 8.236 7.657 7.040 6.382 5.685 4.948 4.172 3.357 2.502 1.632 2.097 3.236 4.405 5.605 6.836 8.098 9.390 10.714 12.068 13.452 14.868 16.314 16.910 16.821 16.636 16.352 15.971 15.493 14.917 14.243 13.471 12.603 11.636 10.572 10.124 10.039 9.921 9.770 9.586 9.369 9.120 8.837 8.522 8.173 7.792 7.378 7.188 7.115 7.045 6.979 6.916 6.857 6.802 6.750 6.701 6.656 6.615
9.551 9.694 9.816 9.884 9.952 10.019 10.086 10.153 10.220 10.287 10.353 10.419 10.485 10.550 10.382 9.744 9.067 8.350 7.650 7.232 6.847 6.496 6.180 5.897 5.649 5.434 5.806 7.052 8.328 9.635 10.973 12.341 13.740 15.170 16.631 18.122 19.644 21.197 21.909 21.481 20.954 20.330 19.609 18.789 17.873 16.859 15.747 14.538 13.231 11.827 10.997 10.797 10.564 10.299 10.000 9.669 9.305 8.908 8.478 8.016 7.520 6.992 6.707 6.646 6.589 6.535 6.485 6.438 6.395 6.355 6.319 6.286 6.257
10.612 10.762 10.903 10.970 11.036 11.103 11.169 11.235 11.301 11.366 11.432 11.526 11.723 11.975 12.128 11.692 11.289 10.920 10.586 10.285 10.018 9.786 9.587 9.423 9.292 9.196 9.478 10.830 12.213 13.627 15.071 16.547 18.052 19.589 21.156 22.754 24.383 26.042 27.002 26.233 25.366 24.402 23.340 22.180 20.924 19.569 18.118 16.568 14.922 13.178 11.901 11.586 11.239 10.859 10.447 10.001 9.523 9.011 8.467 7.890 7.281 6.638 6.223 6.175 6.130 6.088 6.050 6.016 5.985 5.957 5.934 5.913 5.897
11.668 11.827 11.987 12.055 12.077 12.084 12.145 12.261 12.430 12.654 12.933 13.266 13.653 14.094 14.551 14.233 13.948 13.698 13.481 13.298 13.150 13.035 12.955 12.908 12.896 12.917 13.113 14.572 16.061 17.582 19.133 20.715 22.327 23.970 25.644 27.348 29.083 30.849 32.188 31.078 29.871 28.567 27.165 25.665 24.069 22.375 20.583 18.694 16.708 14.624 12.836 12.407 11.946 11.452 10.925 10.365 9.772 9.147 8.488 7.797 7.073 6.317 5.736 5.700 5.668 5.638 5.613 5.591 5.572 5.557 6.032 6.912 7.885
12.108 12.144 12.200 12.288 12.430 12.626 12.877 13.182 13.541 13.955 14.423 14.945 15.521 16.152 16.837 16.734 16.568 16.435 16.337 16.272 16.241 16.245 16.282 16.353 16.459 16.598 16.771 18.276 19.872 21.499 23.157 24.845 26.564 28.314 30.094 31.905 33.746 35.618 37.467 36.017 34.470 32.825 31.084 29.244 27.308 25.274 23.143 20.915 18.589 16.166 13.803 13.260 12.684 12.076 11.435 10.761 10.054 9.314 8.542 7.736 6.898 6.027 5.247 5.554 6.103 6.744 7.480 8.309 9.232 10.249 11.359 12.564 13.862
11.918 12.025 12.152 12.391 12.723 13.108 13.549 14.043 14.591 15.194 15.851 16.563 17.328 18.148 19.023 19.197 19.148 19.133 19.153 19.206 19.293 19.414 19.569 19.758 19.981 20.238 20.529 21.943 23.646 25.380 27.144 28.938 30.764 32.620 34.506 36.424 38.371 40.350 42.359 41.049 39.162 37.178 35.096 32.918 30.642 28.268 25.798 23.230 20.565 17.803 14.944 14.144 13.454 12.732 11.976 11.188 10.416 9.737 9.151 8.658 8.257 7.949 7.735 8.515 9.387 10.354 11.414 12.568 13.815 15.157 16.591 18.120 19.742
11.707 11.884 12.082 12.435 12.955 13.531 14.160 14.844 15.581 16.373 17.220 18.120 19.075 20.084 21.147 21.619 21.689 21.792 21.929 22.100 22.305 22.544 22.817 23.124 23.464 23.839 24.247 25.574 27.383 29.223 31.093 32.994 34.926 36.888 38.881 40.905 42.959 45.044 47.159 46.173 43.947 41.623 39.202 36.684 34.069 31.357 28.547 25.641 22.637 19.190 15.740 14.330 13.509 12.781 12.146 11.603 11.153 10.795 10.531 10.359 10.279 10.293 10.399 11.381 12.578 13.869 15.254 16.732 18.303 19.969 21.728 23.580 25.526
11.473 11.721 11.989 12.418 13.129 13.893 14.711 15.584 16.511 17.492 18.527 19.617 20.761 21.958 23.210 24.003 24.190 24.411 24.666 24.954 25.277 25.634 26.024 26.449 26.907 27.399 27.925 29.167 31.083 33.029 35.006 37.013 39.051 41.119 43.219 45.348 47.509 49.700 51.921 51.391 48.825 46.162 42.441 38.717 35.070 31.501 28.009 24.595 21.259 18.000 14.818 13.368 12.869 12.462 12.148 11.927 11.798 11.762 11.819 11.968 12.210 12.544 12.971 14.153 15.674 17.290 18.998 20.801 22.697 24.686 26.769 28.945 31.215
11.218 11.536 11.875 12.343 13.242 14.195 15.203 16.265 17.381 18.551 19.775 21.053 22.386 23.772 25.213 26.347 26.652 26.990 27.363 27.769 28.210 28.684 29.192 29.734 30.310 30.919 31.563 32.723 34.745 36.798 38.881 40.994 43.139 45.313 47.490 48.493 49.461 50.396 51.297 50.127 46.439 42.829 39.296 35.841 32.463 29.162 25.939 22.794 19.725 16.735 13.822 12.316 12.138 12.053 12.060 12.160 12.353 12.637 13.015 13.485 14.048 14.703 15.450 16.831 18.677 20.616 22.649 24.775 26.995 29.308 31.715 34.215 36.808
10.940 11.329 11.738 12.208 13.296 14.438 15.635 16.885 18.190 19.549 20.962 22.429 23.950 25.525 27.154 28.652 29.074 29.530 30.021 30.545 31.102 31.694 32.320 32.979 33.672 34.399 35.160 36.123 37.245 38.333 39.388 40.409 41.396 42.349 43.269 44.155 45.008 45.827 46.612 46.103 42.684 39.342 36.078 32.891 29.782 26.750 23.795 20.918 18.118 15.395 12.750 11.174 11.317 11.553 11.881 12.302 12.815 13.421 14.120 14.910 15.793 16.769 17.837 19.416 21.585 23.849 26.205 28.655 31.198 33.835 36.565 39.389 42.306
10.641 11.100 11.580 12.079 13.290 14.621 16.007 17.446 18.939 20.487 22.088 23.744 25.453 27.217 29.035 30.907 31.458 32.031 32.639 33.280 33.793 33.745 33.659 33.534 33.372 33.172 32.933 32.755 33.760 34.732 35.671 36.575 37.446 38.284 39.088 39.858 40.594 41.297 41.966 42.006 38.855 35.782 32.786 29.868 27.027 24.263 21.577 18.967 16.436 13.981 11.604 9.941 10.406 10.962 11.612 12.353 13.187 14.114 15.132 16.244 17.447 18.743 20.132 21.907 24.400 26.987 29.667 32.440 35.307 38.267 41.321 44.467 47.708
10.319 10.849 11.399 11.969 13.225 14.745 16.319 17.946 19.628 21.364 23.154 24.999 26.897 28.700 30.208 31.684 31.921 31.892 31.826 31.722 31.580 31.400 31.182 30.926 30.632 30.300 29.930 29.522 30.314 31.170 31.993 32.781 33.536 34.258 34.945 35.600 36.220 36.807 37.360 37.836 34.954 32.149 29.422 26.771 24.198 21.703 19.284 16.943 14.679 12.493 10.383 8.619 9.404 10.282 11.251 12.313 13.468 14.715 16.054 17.486 19.009 20.626 22.334 24.304 27.121 30.031 33.035 36.132 39.322 42.605 45.981 49.451 53.014
9.976 10.576 11.196 11.837 13.100 14.809 16.510 18.129 19.716 21.272 22.797 24.290 25.752 27.182 28.582 29.950 30.277 30.117 29.919 29.683 29.409 29.098 28.748 28.360 27.935 27.471 26.970 26.430 26.908 27.647 28.354 29.026 29.665 30.271 30.843 31.381 31.886 32.356 32.794 33.198 30.980 28.443 25.984 23.601 21.296 19.069 16.918 14.845 12.849 10.930 9.088 7.324 8.312 9.510 10.800 12.183 13.658 15.225 16.884 18.636 20.480 22.416 24.444 26.609 29.749 32.982 36.309 39.729 43.242 46.848 50.547 54.340 58.177
9.666 10.329 10.977 11.612 12.672 14.245 15.786 17.296 18.775 20.223 21.639 23.024 24.377 25.699 26.990 28.250 28.676 28.384 28.054 27.687 27.282 26.838 26.357 25.838 25.281 24.686 24.053 23.382 23.540 24.164 24.754 25.311 25.834 26.323 26.779 27.202 27.591 27.946 28.267 28.555 26.933 24.665 22.473 20.358 18.321 16.361 14.478 12.672 10.944 9.292 7.718 6.221 7.131 8.649 10.259 11.962 13.757 15.644 17.623 19.695 21.858 24.114 26.463 28.903 32.283 35.764 38.446 41.043 43.555 45.981 48.321 50.576 52.746
9.557 10.171 10.771 11.357 12.199 13.664 15.097 16.498 17.869 19.208 20.516 21.792 23.038 24.252 25.434 26.586 27.117 26.694 26.232 25.733 25.197 24.622 24.009 23.359 22.670 21.944 21.180 20.378 20.211 20.719 21.193 21.634 22.041 22.415 22.755 23.062 23.335 23.575 23.780 23.953 22.814 20.813 18.889 17.042 15.272 13.580 11.964 10.426 8.965 7.581 6.274 5.044 5.859 7.697 9.627 11.650 13.765 15.972 18.227 20.231 22.175 24.058 25.880 27.642 30.004 32.478 34.866 37.169 39.386 41.518 43.564 45.525 47.401
9.463 10.028 10.580 11.117 11.761 13.117 14.442 15.735 16.997 18.228 19.428 20.596 21.733 22.839 23.913 24.956 25.600 25.046 24.453 23.823 23.155 22.448 21.704 20.923 20.103 19.245 18.350 17.416 16.920 17.313 17.671 17.996 18.288 18.546 18.771 18.962 19.119 19.243 19.333 19.390 18.622 16.888 15.232 13.652 12.150 10.725 9.377 8.105 6.912 5.795 4.755 3.839 4.703 6.862 8.960 10.998 12.975 14.891 16.747 18.542 20.276 21.950 23.564 25.116 27.098 29.277 31.371 33.380 35.303 37.141 38.894 40.561 42.143
9.384 9.901 10.404 10.893 11.368 12.605 13.822 15.007 16.161 17.283 18.375 19.435 20.463 21.461 22.427 23.362 24.126 23.440 22.716 21.955 21.155 20.318 19.442 18.529 17.578 16.590 15.563 14.499 13.669 13.945 14.188 14.398 14.574 14.716 14.825 14.900 14.942 14.950 14.925 14.866 14.357 12.891 11.501 10.189 9.061 8.257 7.484 6.744 6.035 5.357 4.712 4.098 4.538 6.487 8.376 10.205 11.973 13.680 15.327 16.913 18.439 19.904 21.308 22.652 24.277 26.162 27.962 29.677 31.306 32.850 34.309 35.682 36.970
9.321 9.789 10.244 10.684 11.111 12.127 13.236 14.313 15.358 16.373 17.356 18.308 19.229 20.118 20.976 21.803 22.599 21.877 21.022 20.129 19.198 18.230 17.223 16.179 15.097 13.977 12.819 11.624 10.456 10.617 10.744 10.838 10.898 10.925 10.919 10.878 10.805 10.875 11.226 11.528 11.616 10.794 10.005 9.247 8.521 7.826 7.164 6.533 5.933 5.366 4.830 4.326 4.432 6.173 7.853 9.472 11.031 12.530 13.967 15.345 16.662 17.918 19.114 20.249 21.540 23.132 24.638 26.059 27.394 28.645 29.810 30.890 31.884
9.273 9.693 10.099 10.491 10.869 11.684 12.684 13.653 14.591 15.497 16.372 17.216 18.029 18.810 19.560 20.279 20.967 20.357 19.370 18.346 17.284 16.184 15.047 13.872 12.658 11.407 10.119 8.792 7.428 7.327 7.581 8.112 8.592 9.022 9.401 9.730 10.007 10.235 10.411 10.537 10.606 9.894 9.214 8.566 7.950 7.365 6.812 6.291 5.801 5.343 4.917 4.522 4.386 5.917 7.389 8.799 10.149 11.439 12.668 13.837 14.945 15.993 16.980 17.906 18.888 20.186 21.399 22.526 23.568 24.525 25.397 26.183 26.885
9.240 9.611 9.969 10.313 10.642 11.275 12.167 13.028 13.857 14.656 15.423 16.159 16.864 17.537 18.179 18.790 19.370 18.878 17.761 16.606 15.413 14.182 12.913 11.800 10.892 10.024 9.195 8.406 7.655 7.814 8.220 8.576 8.881 9.135 9.339 9.492 9.595 9.647 9.649 9.599 9.500 8.963 8.393 7.855 7.348 6.873 6.429 6.017 5.637 5.289 4.972 4.686 4.433 5.722 6.984 8.186 9.328 10.409 11.429 12.389 13.289 14.128 14.906 15.625 16.321 17.325 18.244 19.078 19.827 20.491 21.069 21.563 21.971
9.222 9.546 9.855 10.150 10.432 10.900 11.684 12.437 13.159 13.849 14.508 15.136 15.733 16.299 16.833 17.336 17.881 17.668 16.662 15.694 14.766 13.876 13.026 12.215 11.443 10.711 10.017 9.363 8.748 8.680 8.911 9.092 9.221 9.301 9.329 9.307 9.235 9.112 8.938 8.714 8.439 8.002 7.541 7.112 6.715 6.349 6.015 5.713 5.442 5.203 4.995 4.820 4.676 5.585 6.639 7.633 8.566 9.438 10.250 11.002 11.693 12.324 12.894 13.404 13.853 14.549 15.175 15.716 16.171 16.542 16.827 17.028 17.143
9.220 9.495 9.756 10.003 10.236 10.560 11.236 11.881 12.494 13.142 13.795 14.424 15.029 15.610 16.167 16.700 17.209 17.229 16.358 15.526 14.733 13.979 13.265 12.589 11.953 11.356 10.798 10.279 9.799 9.598 9.654 9.659 9.614 9.518 9.371 9.174 8.927 8.629 8.280 7.881 7.432 7.009 6.658 6.339 6.051 5.795 5.570 5.377 5.216 5.086 4.988 4.921 4.887 5.509 6.354 7.139 7.863 8.527 9.131 9.674 10.157 10.580 10.942 11.243 11.485 11.858 12.190 12.438 12.601 12.678 12.671 12.578 12.401
9.233 9.460 9.711 9.977 10.251 10.557 11.223 11.865 12.482 13.076 13.646 14.192 14.714 15.212 15.687 16.137 16.563 16.750 16.014 15.317 14.660 14.041 13.462 12.922 12.421 11.959 11.536 11.153 10.808 10.567 10.448 10.278 10.057 9.787 9.465 9.093 8.671 8.198 7.675 7.101 6.476 5.986 5.745 5.535 5.356 5.209 5.094 5.010 4.958 4.938 4.949 4.992 5.066 5.491 6.128 6.705 7.221 7.676 8.072 8.407 8.682 8.896 9.050 9.144 9.177 9.251 9.290 9.245 9.115 9.294 9.576 9.835 10.073
9.417 9.695 9.979 10.270 10.569 10.874 11.431 11.990 12.525 13.036 13.523 13.987 14.426 14.841 15.233 15.600 15.944 16.229 15.629 15.067 14.545 14.062 13.618 13.213 12.848 12.521 12.233 11.985 11.776 11.587 11.293 10.948 10.553 10.107 9.611 9.064 8.467 7.819 7.121 6.373 5.574 4.932 4.800 4.699 4.630 4.593 4.587 4.612 4.670 4.758 4.879 5.031 5.214 5.533 5.962 6.330 6.638 6.885 7.073 7.200 7.266 7.273 7.440 7.678 7.935 8.228 8.521 8.793 9.043 9.271 9.476 9.660 9.822
9.628 9.930 10.239 10.555 10.878 11.208 11.666 12.142 12.594 13.022 13.426 13.807 14.163 14.496 14.805 15.089 15.350 15.587 15.202 14.776 14.389 14.042 13.733 13.463 13.233 13.041 12.889 12.776 12.701 12.659 12.190 11.670 11.100 10.479 9.808 9.087 8.315 7.493 6.620 5.697 4.723 3.848 3.825 3.834 3.874 3.945 4.049 4.183 4.350 4.548 4.777 5.039 5.331 5.634 5.855 6.014 6.185 6.374 6.583 6.811 7.057 7.323 7.607 7.911 8.233 8.528 8.746 8.942 9.116 9.268 9.398 9.506 9.592
9.830 10.156 10.490 10.831 11.179 11.534 11.926 12.319 12.688 13.034 13.355 13.653 13.927 14.177 14.403 14.605 14.783 14.937 14.735 14.444 14.193 13.980 13.807 13.672 13.577 13.520 13.503 13.524 13.585 13.685 13.138 12.443 11.698 10.903 10.058 9.162 8.215 7.218 6.171 5.073 3.925 2.733 2.819 2.937 3.086 3.267 3.479 3.723 4.053 4.362 4.641 4.887 5.103 5.289 5.488 5.705 5.941 6.197 6.471 6.764 7.076 7.406 7.756 8.125 8.512 8.849 8.991 9.111 9.210 9.286 9.340 9.373 9.384
10.024 10.375 10.733 11.099 11.472 11.851 12.211 12.522 12.808 13.071 13.310 13.525 13.716 13.883 14.027 14.146 14.242 14.314 14.227 14.072 13.955 13.877 13.839 13.840 13.879 13.958 14.075 14.232 14.428 14.662 14.137 13.268 12.348 11.379 10.359 9.288 8.167 6.996 5.774 4.502 3.180 2.067 2.272 2.662 3.020 3.347 3.643 3.907 4.139 4.341 4.511 4.649 4.756 4.832 5.096 5.378 5.680 6.001 6.340 6.698 7.075 7.472 7.887 8.320 8.773 9.190 9.257 9.301 9.324 9.325 9.304 9.261 9.196
10.209 10.585 10.968 11.359 11.756 12.161 12.522 12.750 12.954 13.134 13.290 13.423 13.531 13.616 13.677 13.714 13.727 13.716 13.678 13.658 13.676 13.734 13.830 13.966 14.140 14.354 14.606 14.898 15.228 15.598 15.187 14.144 13.050 11.906 10.961 9.978 8.952 7.883 6.771 5.616 4.418 3.177 3.040 3.321 3.571 3.789 3.977 4.132 4.257 4.350 4.412 4.442 4.441 4.409 4.685 5.033 5.400 5.786 6.191 6.614 7.057 7.518 7.998 8.497 9.015 9.552 9.543 9.512 9.459 9.385 9.288 9.169 9.029
10.387 10.788 11.195 11.610 12.032 12.462 12.858 13.004 13.125 13.223 13.297 13.346 13.372 13.375 13.353 13.307 13.238 13.145 13.089 13.203 13.357 13.549 13.780 14.051 14.360 14.709 15.143 16.583 17.450 17.744 17.256 16.296 15.293 14.247 13.158 12.026 10.851 9.633 8.371 7.067 5.720 4.329 3.838 4.011 4.152 4.263 4.342 4.389 4.406 4.390 4.344 4.266 4.157 4.017 4.257 4.670 5.102 5.553 6.023 6.512 7.020 7.546 8.092 8.656 9.239 9.841 9.850 9.744 9.615 9.465 9.293 9.099 8.883
