DATA/SHG/ECMWF/20170628/EN-31/20170701.en-31.asc
ncols        190
nrows        64
xllcorner    -5100000.000000000000
yllcorner    4130000.000000000000
cellsize     10000.000000000000
NODATA_value  -99999.000
[rows 0 to 32 of 64, columns 0 to 72 of 190]
1.812 1.811 1.812 1.813 1.815 1.819 1.824 1.830 1.837 1.804 1.756 1.707 1.657 1.605 1.552 1.498 1.442 1.385 1.327 1.296 1.281 1.273 1.267 1.262 1.257 1.253 1.250 1.247 1.246 1.245 1.244 1.244 1.245 1.301 1.391 1.480 1.568 1.655 1.741 1.826 1.910 1.993 2.075 2.156 2.235 2.348 2.491 2.634 2.777 2.921 3.066 3.211 3.357 3.503 3.650 3.797 3.945 4.146 4.420 4.709 5.011 5.326 5.656 6.000 6.357 6.728 7.113 7.512 7.925 8.155 8.063 7.959 7.845
1.775 1.778 1.782 1.788 1.794 1.802 1.811 1.821 1.833 1.806 1.754 1.700 1.657 1.620 1.589 1.564 1.546 1.534 1.528 1.528 1.534 1.537 1.533 1.531 1.528 1.527 1.526 1.526 1.527 1.528 1.530 1.532 1.536 1.578 1.665 1.750 1.834 1.918 2.000 2.081 2.162 2.241 2.319 2.396 2.473 2.575 2.719 2.864 3.010 3.156 3.302 3.449 3.597 3.745 3.893 4.042 4.192 4.394 4.717 5.054 5.405 5.769 6.148 6.540 6.946 7.366 7.799 8.247 8.708 9.033 8.901 8.758 8.604
1.736 1.744 1.752 1.762 1.771 1.778 1.789 1.802 1.818 1.811 1.778 1.750 1.729 1.714 1.705 1.702 1.705 1.715 1.731 1.753 1.781 1.800 1.799 1.798 1.799 1.799 1.801 1.803 1.806 1.810 1.814 1.819 1.825 1.856 1.939 2.021 2.101 2.181 2.260 2.337 2.414 2.490 2.564 2.638 2.711 2.801 2.947 3.094 3.241 3.389 3.537 3.686 3.835 3.985 4.136 4.286 4.438 4.629 5.000 5.386 5.785 6.198 6.625 7.066 7.520 7.989 8.471 8.967 9.293 9.519 9.207 8.930 8.689
1.663 1.669 1.678 1.690 1.705 1.723 1.744 1.768 1.795 1.811 1.799 1.794 1.794 1.801 1.814 1.833 1.858 1.889 1.927 1.970 2.020 2.062 2.063 2.065 2.068 2.071 2.075 2.080 2.085 2.091 2.098 2.105 2.113 2.134 2.213 2.292 2.369 2.445 2.520 2.594 2.667 2.739 2.810 2.880 2.949 3.026 3.174 3.323 3.472 3.621 3.771 3.922 4.073 4.225 4.377 4.530 4.683 4.849 5.269 5.703 6.144 6.501 6.845 7.176 7.495 7.800 8.093 8.372 8.639 8.893 8.711 8.557 8.438
1.550 1.567 1.587 1.609 1.635 1.664 1.696 1.731 1.769 1.804 1.814 1.830 1.853 1.881 1.916 1.956 2.003 2.056 2.116 2.181 2.253 2.323 2.327 2.331 2.336 2.341 2.348 2.355 2.362 2.371 2.380 2.389 2.400 2.413 2.489 2.563 2.637 2.709 2.781 2.851 2.921 2.989 3.057 3.123 3.188 3.253 3.400 3.550 3.701 3.853 4.005 4.157 4.310 4.449 4.546 4.648 4.757 4.872 5.202 5.539 5.864 6.176 6.475 6.761 7.034 7.295 7.542 7.777 7.998 8.207 8.183 8.151 8.155
1.434 1.462 1.492 1.526 1.562 1.602 1.645 1.690 1.739 1.791 1.823 1.860 1.904 1.955 2.011 2.073 2.142 2.217 2.298 2.385 2.478 2.578 2.589 2.595 2.603 2.611 2.619 2.629 2.639 2.649 2.661 2.673 2.686 2.699 2.765 2.836 2.906 2.974 3.042 3.109 3.175 3.240 3.304 3.366 3.428 3.489 3.593 3.668 3.750 3.837 3.931 4.030 4.136 4.248 4.366 4.490 4.621 4.757 5.024 5.317 5.597 5.863 6.117 6.358 6.587 6.802 7.004 7.194 7.371 7.534 7.622 7.713 7.839
1.315 1.353 1.394 1.439 1.486 1.537 1.590 1.647 1.706 1.769 1.824 1.884 1.950 2.022 2.100 2.184 2.274 2.371 2.473 2.582 2.697 2.818 2.850 2.859 2.868 2.879 2.890 2.901 2.914 2.927 2.941 2.955 2.970 2.986 3.041 3.109 3.175 3.240 3.304 3.327 3.316 3.300 3.278 3.252 3.220 3.184 3.235 3.332 3.435 3.544 3.659 3.780 3.908 4.041 4.181 4.327 4.479 4.636 4.860 5.107 5.342 5.564 5.773 5.969 6.152 6.322 6.480 6.625 6.756 6.875 7.029 7.243 7.491
1.192 1.241 1.293 1.349 1.407 1.468 1.532 1.600 1.670 1.743 1.819 1.901 1.988 2.082 2.181 2.287 2.399 2.518 2.642 2.772 2.909 3.052 3.109 3.121 3.133 3.146 3.159 3.173 3.188 3.203 3.220 3.236 3.208 3.168 3.153 3.149 3.141 3.127 3.108 3.084 3.055 3.021 2.982 2.938 2.889 2.835 2.872 2.990 3.115 3.245 3.382 3.525 3.674 3.829 3.990 4.157 4.330 4.510 4.708 4.911 5.100 5.277 5.441 5.592 5.730 5.856 5.968 6.068 6.155 6.229 6.404 6.740 7.110
1.067 1.126 1.189 1.255 1.324 1.396 1.471 1.549 1.630 1.715 1.808 1.911 2.020 2.135 2.256 2.384 2.518 2.658 2.804 2.956 3.114 3.278 3.368 3.382 3.396 3.346 3.295 3.247 3.202 3.160 3.122 3.087 3.055 3.026 3.003 2.982 2.955 2.924 2.887 2.846 2.799 2.747 2.691 2.629 2.563 2.491 2.503 2.643 2.789 2.941 3.099 3.263 3.434 3.610 3.793 3.982 4.177 4.378 4.569 4.727 4.871 5.003 5.122 5.228 5.322 5.402 5.470 5.525 5.567 5.596 5.747 6.205 6.697
0.938 1.008 1.082 1.159 1.238 1.321 1.407 1.496 1.588 1.683 1.789 1.914 2.045 2.182 2.325 2.474 2.629 2.787 2.914 3.028 3.129 3.218 3.250 3.200 3.154 3.111 3.070 3.034 3.000 2.970 2.942 2.918 2.898 2.880 2.858 2.819 2.775 2.726 2.672 2.613 2.549 2.480 2.405 2.326 2.242 2.153 2.128 2.290 2.457 2.631 2.811 2.996 3.188 3.386 3.590 3.801 4.017 4.239 4.443 4.555 4.655 4.742 4.816 4.877 4.926 4.962 4.984 4.994 4.991 4.976 5.057 5.637 6.252
0.806 0.887 0.971 1.059 1.149 1.243 1.339 1.439 1.542 1.647 1.776 1.947 2.105 2.250 2.383 2.503 2.611 2.706 2.788 2.858 2.915 2.959 2.977 2.939 2.904 2.872 2.843 2.817 2.795 2.776 2.760 2.747 2.738 2.731 2.719 2.662 2.601 2.534 2.462 2.386 2.304 2.217 2.126 2.029 1.927 1.820 1.748 1.931 2.120 2.315 2.516 2.724 2.937 3.157 3.382 3.614 3.852 4.095 4.329 4.397 4.451 4.494 4.523 4.539 4.543 4.534 4.512 4.477 4.429 4.369 4.336 5.038 5.774
0.670 0.762 0.858 0.983 1.134 1.284 1.433 1.582 1.729 1.875 2.019 2.145 2.258 2.359 2.448 2.524 2.587 2.638 2.676 2.701 2.714 2.714 2.701 2.674 2.650 2.630 2.612 2.598 2.587 2.579 2.574 2.573 2.574 2.579 2.585 2.511 2.431 2.347 2.258 2.164 2.065 1.960 1.851 1.737 1.618 1.493 1.364 1.567 1.777 1.994 2.216 2.445 2.680 2.921 3.168 3.421 3.680 3.946 4.217 4.250 4.261 4.258 4.242 4.214 4.173 4.119 4.052 4.037 4.080 4.136 4.206 4.981 5.788
0.811 0.962 1.111 1.260 1.407 1.554 1.699 1.844 1.988 2.130 2.272 2.356 2.425 2.482 2.526 2.558 2.577 2.583 2.577 2.558 2.527 2.483 2.426 2.407 2.394 2.385 2.379 2.376 2.376 2.379 2.386 2.395 2.408 2.424 2.444 2.364 2.268 2.166 2.059 1.947 1.831 1.709 1.582 1.450 1.314 1.172 1.025 1.197 1.429 1.667 1.911 2.161 2.417 2.680 2.948 3.223 3.503 3.790 4.083 4.117 4.095 4.089 4.097 4.118 4.153 4.203 4.266 4.343 4.434 4.539 4.658 5.262 5.970
1.098 1.245 1.391 1.536 1.681 1.824 1.966 2.107 2.247 2.386 2.525 2.581 2.606 2.618 2.618 2.605 2.580 2.542 2.492 2.429 2.353 2.265 2.164 2.136 2.135 2.137 2.142 2.150 2.162 2.176 2.194 2.215 2.239 2.266 2.297 2.223 2.109 1.990 1.866 1.736 1.602 1.463 1.319 1.169 1.015 0.856 0.692 0.821 1.075 1.334 1.600 1.871 2.149 2.460 2.768 3.068 3.361 3.645 3.921 4.018 4.047 4.089 4.145 4.215 4.299 4.397 4.509 4.635 4.774 4.928 5.095 5.570 6.177
1.386 1.530 1.672 1.814 1.954 2.094 2.233 2.371 2.507 2.643 2.778 2.819 2.799 2.768 2.723 2.666 2.597 2.514 2.420 2.313 2.193 2.060 1.916 1.863 1.873 1.886 1.902 1.922 1.944 1.970 1.999 2.031 2.067 2.105 2.147 2.088 1.956 1.819 1.678 1.531 1.379 1.222 1.061 0.894 0.722 0.545 0.439 0.589 0.918 1.238 1.551 1.855 2.152 2.440 2.721 2.993 3.257 3.513 3.762 3.908 3.985 4.076 4.180 4.299 4.432 4.578 4.739 4.913 5.101 5.303 5.519 5.904 6.412
1.674 1.814 1.954 2.092 2.229 2.365 2.501 2.635 2.768 2.901 3.032 3.070 3.006 2.930 2.842 2.740 2.627 2.500 2.362 2.210 2.046 1.870 1.681 1.587 1.608 1.632 1.660 1.690 1.724 1.761 1.802 1.845 1.892 1.941 1.994 1.958 1.808 1.654 1.498 1.364 1.238 1.121 1.011 0.910 0.816 0.731 0.653 0.746 1.047 1.339 1.624 1.900 2.169 2.429 2.681 2.925 3.162 3.390 3.610 3.784 3.909 4.049 4.202 4.370 4.551 4.746 4.955 5.178 5.414 5.665 5.929 6.264 6.672
1.963 2.100 2.236 2.370 2.504 2.637 2.769 2.900 3.030 3.159 3.287 3.334 3.226 3.106 2.973 2.828 2.670 2.500 2.317 2.121 1.913 1.693 1.460 1.307 1.340 1.375 1.414 1.456 1.501 1.549 1.601 1.660 1.727 1.789 1.848 1.843 1.713 1.591 1.477 1.372 1.274 1.185 1.104 1.030 0.965 0.908 0.859 0.911 1.184 1.448 1.704 1.953 2.193 2.425 2.650 2.866 3.074 3.274 3.466 3.646 3.820 4.009 4.211 4.426 4.656 4.900 5.157 5.428 5.714 6.013 6.325 6.651 6.959
2.253 2.386 2.518 2.650 2.780 2.910 3.038 3.165 3.292 3.418 3.542 3.612 3.460 3.295 3.118 2.929 2.727 2.512 2.285 2.046 1.794 1.529 1.252 1.025 1.088 1.170 1.248 1.321 1.390 1.455 1.515 1.572 1.623 1.671 1.714 1.729 1.627 1.534 1.448 1.371 1.302 1.241 1.188 1.143 1.106 1.077 1.057 1.084 1.328 1.565 1.793 2.013 2.225 2.430 2.626 2.814 2.994 3.167 3.331 3.495 3.718 3.955 4.205 4.470 4.748 5.040 5.346 5.666 5.999 6.347 6.708 7.064 7.273
2.543 2.673 2.802 2.930 3.057 3.183 3.308 3.432 3.555 3.677 3.798 3.902 3.706 3.498 3.277 3.043 2.797 2.528 2.257 1.994 1.740 1.494 1.256 1.039 1.110 1.177 1.239 1.298 1.352 1.401 1.447 1.488 1.525 1.557 1.586 1.607 1.534 1.468 1.411 1.362 1.321 1.289 1.264 1.247 1.239 1.238 1.246 1.264 1.480 1.689 1.889 2.081 2.266 2.442 2.610 2.770 2.923 3.067 3.203 3.331 3.603 3.888 4.187 4.500 4.826 5.167 5.521 5.889 6.271 6.667 7.077 7.500 7.613
2.834 2.960 3.086 3.210 3.334 3.456 3.578 3.698 3.818 3.937 3.996 4.029 3.769 3.486 3.211 2.944 2.686 2.436 2.194 1.960 1.734 1.517 1.308 1.107 1.136 1.188 1.236 1.279 1.318 1.352 1.383 1.409 1.431 1.448 1.461 1.470 1.432 1.395 1.366 1.345 1.333 1.328 1.332 1.343 1.363 1.390 1.426 1.470 1.640 1.821 1.993 2.157 2.314 2.462 2.602 2.734 2.859 2.975 3.083 3.183 3.474 3.807 4.155 4.516 4.891 5.280 5.683 6.099 6.530 6.974 7.432 7.904 7.979
3.125 3.248 3.370 3.465 3.546 3.613 3.666 3.706 3.731 3.743 3.742 3.726 3.524 3.269 3.023 2.786 2.556 2.335 2.121 1.917 1.720 1.531 1.351 1.179 1.167 1.204 1.236 1.265 1.288 1.308 1.323 1.334 1.341 1.344 1.342 1.336 1.322 1.313 1.313 1.320 1.336 1.359 1.391 1.431 1.479 1.535 1.598 1.670 1.808 1.960 2.105 2.241 2.369 2.490 2.602 2.706 2.803 2.891 2.971 3.044 3.332 3.714 4.109 4.519 4.942 5.380 5.831 6.284 6.713 7.129 7.531 7.919 7.976
3.385 3.458 3.518 3.565 3.597 3.616 3.621 3.612 3.589 3.553 3.503 3.439 3.270 3.045 2.828 2.619 2.418 2.225 2.041 1.865 1.697 1.537 1.386 1.242 1.202 1.224 1.241 1.255 1.264 1.268 1.268 1.265 1.256 1.244 1.227 1.206 1.204 1.223 1.251 1.287 1.331 1.383 1.442 1.510 1.586 1.670 1.763 1.863 1.983 2.108 2.224 2.332 2.433 2.525 2.610 2.686 2.755 2.815 2.867 2.912 3.211 3.689 4.153 4.603 5.040 5.462 5.871 6.267 6.648 7.016 7.370 7.710 7.838
3.644 3.670 3.681 3.679 3.663 3.634 3.590 3.533 3.462 3.378 3.279 3.167 3.008 2.812 2.623 2.443 2.271 2.107 1.952 1.804 1.665 1.534 1.411 1.297 1.242 1.249 1.251 1.249 1.243 1.233 1.218 1.199 1.176 1.148 1.116 1.080 1.078 1.126 1.182 1.245 1.317 1.397 1.485 1.582 1.686 1.798 1.918 2.047 2.166 2.263 2.351 2.432 2.504 2.576 2.661 2.757 2.865 2.984 3.115 3.258 3.542 3.972 4.388 4.790 5.179 5.554 5.915 6.262 6.596 6.915 7.221 7.514 7.686
3.919 3.896 3.859 3.809 3.745 3.667 3.575 3.470 3.350 3.217 3.071 2.910 2.738 2.570 2.410 2.259 2.116 1.981 1.854 1.735 1.625 1.523 1.428 1.343 1.286 1.278 1.265 1.248 1.227 1.202 1.172 1.138 1.100 1.057 1.011 0.959 0.944 1.020 1.104 1.196 1.296 1.404 1.520 1.645 1.777 1.917 2.042 2.157 2.251 2.318 2.396 2.486 2.588 2.702 2.827 2.964 3.113 3.273 3.446 3.629 3.886 4.268 4.636 4.991 5.331 5.658 5.972 6.271 6.557 6.828 7.086 7.331 7.519
4.209 4.137 4.052 3.954 3.841 3.715 3.575 3.421 3.254 3.072 2.878 2.669 2.459 2.320 2.189 2.067 1.952 1.846 1.748 1.658 1.576 1.502 1.437 1.380 1.335 1.311 1.284 1.252 1.216 1.175 1.131 1.082 1.029 0.971 0.909 0.843 0.802 0.906 1.018 1.152 1.283 1.410 1.531 1.648 1.760 1.867 1.969 2.066 2.160 2.268 2.387 2.519 2.661 2.816 2.982 3.160 3.349 3.551 3.764 3.988 4.243 4.577 4.898 5.204 5.497 5.776 6.041 6.293 6.530 6.754 6.965 7.161 7.339
4.510 4.393 4.260 4.113 3.952 3.778 3.590 3.388 3.172 2.943 2.700 2.443 2.172 2.062 1.960 1.866 1.780 1.702 1.633 1.571 1.518 1.474 1.437 1.408 1.388 1.349 1.307 1.260 1.209 1.154 1.094 1.030 0.982 0.937 0.896 0.859 0.830 0.959 1.083 1.202 1.317 1.426 1.531 1.631 1.725 1.815 1.900 1.981 2.058 2.207 2.367 2.539 2.723 2.918 3.125 3.344 3.574 3.816 4.070 4.335 4.613 4.899 5.172 5.430 5.675 5.906 6.124 6.327 6.517 6.694 6.856 7.005 7.144
4.781 4.664 4.483 4.287 4.078 3.856 3.619 3.369 3.105 2.828 2.537 2.232 1.913 1.795 1.722 1.656 1.599 1.550 1.509 1.477 1.452 1.436 1.428 1.428 1.435 1.381 1.323 1.269 1.218 1.171 1.129 1.090 1.055 1.023 0.996 0.972 0.953 1.049 1.156 1.258 1.355 1.448 1.535 1.618 1.696 1.769 1.837 1.900 1.958 2.134 2.335 2.548 2.772 3.009 3.256 3.516 3.787 4.070 4.364 4.671 4.989 5.234 5.458 5.669 5.866 6.050 6.219 6.375 6.517 6.646 6.760 6.861 6.949
5.051 4.950 4.720 4.476 4.219 3.949 3.664 3.366 3.054 2.728 2.389 2.036 1.669 1.520 1.475 1.438 1.410 1.427 1.510 1.565 1.592 1.591 1.562 1.505 1.419 1.356 1.311 1.270 1.233 1.200 1.171 1.145 1.123 1.106 1.092 1.081 1.075 1.144 1.234 1.319 1.399 1.474 1.545 1.610 1.671 1.727 1.778 1.824 1.865 2.050 2.292 2.545 2.811 3.088 3.376 3.676 3.988 4.312 4.647 4.994 5.353 5.581 5.758 5.921 6.070 6.206 6.328 6.436 6.530 6.611 6.678 6.731 6.771
5.319 5.250 4.972 4.680 4.375 4.056 3.724 3.377 3.017 2.644 2.367 2.183 1.958 1.909 2.006 2.075 2.116 2.129 2.114 2.070 1.999 1.900 1.773 1.617 1.434 1.327 1.296 1.268 1.244 1.225 1.209 1.196 1.188 1.184 1.183 1.186 1.193 1.243 1.316 1.384 1.447 1.506 1.559 1.608 1.652 1.690 1.724 1.753 1.778 1.954 2.237 2.531 2.837 3.155 3.484 3.825 4.178 4.542 4.918 5.306 5.705 5.941 6.070 6.186 6.287 6.375 6.449 6.509 6.556 6.589 6.608 6.614 6.606
5.585 5.565 5.239 5.107 5.064 4.981 4.857 4.693 4.488 4.243 3.958 3.632 3.266 3.033 3.032 3.003 2.945 2.860 2.746 2.605 2.435 2.238 2.012 1.759 1.477 1.294 1.276 1.262 1.252 1.245 1.243 1.244 1.249 1.258 1.271 1.287 1.308 1.347 1.403 1.454 1.501 1.542 1.578 1.610 1.637 1.659 1.676 1.688 1.695 1.847 2.170 2.505 2.852 3.210 3.580 3.962 4.355 4.760 5.177 5.605 6.045 6.314 6.396 6.463 6.517 6.557 6.583 6.596 6.565 6.484 6.404 6.325 6.249
7.604 7.983 7.879 7.734 7.549 7.324 7.058 6.752 6.405 6.018 5.591 5.123 4.615 4.186 4.086 3.959 3.803 3.620 3.408 3.168 2.901 2.605 2.282 1.930 1.550 1.257 1.252 1.252 1.255 1.262 1.272 1.287 1.306 1.328 1.354 1.384 1.418 1.456 1.495 1.529 1.559 1.583 1.603 1.617 1.627 1.632 1.632 1.627 1.617 1.728 2.092 2.468 2.855 3.254 3.665 4.087 4.521 4.967 5.424 5.893 6.374 6.636 6.549 6.464 6.380 6.298 6.217 6.138 6.061 5.985 5.910 5.838 5.766
10.493 10.934 10.688 10.401 10.074 9.707 9.299 8.851 8.363 7.834 7.265 6.656 6.006 5.367 5.169 4.944 4.690 4.408 4.099 3.761 3.395 3.002 2.580 2.130 1.653 1.216 1.225 1.237 1.254 1.274 1.298 1.326 1.358 1.394 1.433 1.477 1.524 1.570 1.592 1.609 1.622 1.629 1.631 1.629 1.622 1.610 1.593 1.571 1.544 1.597 2.002 2.419 2.847 3.287 3.736 4.166 4.568 4.943 5.290 5.611 5.904 6.092 6.011 5.931 5.852 5.776 5.701 5.627 5.555 5.485 5.416 5.349 5.283
13.385 13.852 13.538 13.109 12.641 12.132 11.582 10.992 10.362 9.692 8.981 8.230 7.439 6.607 6.281 5.957 5.605 5.226 4.818 4.382 3.919 3.427 2.908 2.360 1.785 1.181 1.193 1.219 1.249 1.283 1.320 1.362 1.407 1.456 1.509 1.565 1.626 1.689 1.694 1.694 1.689 1.680 1.665 1.646 1.622 1.593 1.559 1.617 1.677 1.717 2.188 2.632 3.048 3.437 3.799 4.134 4.441 4.721 4.974 5.199 5.398 5.547 5.471 5.397 5.324 5.253 5.183 5.115 5.049 4.984 4.921 4.860 4.799
