DATA/SHG/ECMWF/20170628/EN-31/20170707.en-31.asc
ncols        190
nrows        64
xllcorner    -5100000.000000000000
yllcorner    4130000.000000000000
cellsize     10000.000000000000
NODATA_value  -99999.000
[rows 0 to 32 of 64, columns 0 to 73 of 190]
0.000 0.000 0.000 0.000 0.000 0.000 0.000 0.000 0.000 0.000 0.000 0.000 0.000 0.000 0.000 0.000 0.000 0.000 0.000 0.000 0.000 0.000 0.000 0.000 0.000 0.000 0.000 0.000 0.000 0.000 0.000 0.000 0.000 0.018 0.050 0.085 0.123 0.163 0.206 0.252 0.301 0.352 0.406 0.462 0.521 0.613 0.729 0.840 0.947 1.050 1.148 1.243 1.333 1.418 1.500 1.577 1.650 1.652 1.576 1.503 1.434 1.367 1.303 1.243 1.186 1.132 1.081 1.033 0.988 0.952 0.924 0.891 0.852 0.809
0.000 0.000 0.000 0.000 0.000 0.000 0.000 0.000 0.000 0.000 0.000 0.000 0.000 0.000 0.000 0.000 0.000 0.000 0.000 0.000 0.000 0.000 0.000 0.000 0.000 0.000 0.000 0.000 0.000 0.000 0.000 0.000 0.000 0.018 0.060 0.105 0.152 0.202 0.254 0.309 0.367 0.428 0.491 0.558 0.626 0.710 0.811 0.907 0.999 1.087 1.171 1.250 1.325 1.396 1.463 1.525 1.583 1.599 1.534 1.472 1.413 1.357 1.305 1.255 1.209 1.166 1.125 1.088 1.055 1.021 0.974 0.923 0.867 0.806
0.000 0.000 0.000 0.000 0.000 0.000 0.000 0.000 0.000 0.000 0.000 0.000 0.000 0.000 0.000 0.000 0.000 0.000 0.000 0.000 0.000 0.000 0.000 0.000 0.000 0.000 0.000 0.000 0.000 0.000 0.000 0.000 0.000 0.016 0.067 0.121 0.178 0.237 0.299 0.364 0.431 0.502 0.575 0.650 0.728 0.811 0.897 0.978 1.055 1.128 1.197 1.261 1.322 1.378 1.429 1.477 1.520 1.542 1.488 1.437 1.389 1.344 1.303 1.264 1.229 1.196 1.167 1.141 1.108 1.073 1.026 0.993 0.973 0.966
0.000 0.000 0.000 0.000 0.000 0.000 0.000 0.000 0.000 0.000 0.000 0.000 0.000 0.000 0.000 0.000 0.000 0.000 0.000 0.000 0.000 0.000 0.000 0.000 0.000 0.000 0.000 0.000 0.000 0.000 0.000 0.000 0.000 0.011 0.071 0.135 0.201 0.270 0.341 0.416 0.493 0.572 0.655 0.740 0.827 0.916 0.987 1.053 1.115 1.174 1.227 1.277 1.322 1.364 1.400 1.433 1.462 1.483 1.439 1.399 1.362 1.318 1.278 1.240 1.204 1.171 1.141 1.113 1.088 1.065 1.065 1.079 1.107 1.148
0.000 0.000 0.000 0.000 0.000 0.000 0.000 0.000 0.000 0.000 0.000 0.000 0.000 0.000 0.000 0.000 0.000 0.000 0.000 0.000 0.000 0.000 0.000 0.000 0.000 0.000 0.000 0.000 0.000 0.000 0.000 0.000 0.000 0.002 0.073 0.146 0.221 0.300 0.381 0.465 0.551 0.640 0.732 0.827 0.924 1.024 1.081 1.132 1.180 1.223 1.262 1.297 1.327 1.350 1.359 1.367 1.374 1.381 1.343 1.304 1.267 1.233 1.201 1.172 1.146 1.122 1.100 1.082 1.065 1.052 1.092 1.153 1.228 1.317
0.000 0.000 0.000 0.000 0.000 0.000 0.000 0.000 0.000 0.000 0.000 0.000 0.000 0.000 0.000 0.000 0.000 0.000 0.000 0.000 0.000 0.000 0.000 0.000 0.000 0.000 0.000 0.000 0.000 0.000 0.000 0.000 0.000 0.000 0.071 0.154 0.239 0.327 0.417 0.511 0.606 0.705 0.806 0.910 1.017 1.127 1.168 1.180 1.190 1.201 1.210 1.218 1.226 1.233 1.239 1.244 1.249 1.253 1.228 1.198 1.170 1.145 1.122 1.102 1.085 1.070 1.057 1.048 1.040 1.036 1.105 1.214 1.337 1.473
0.000 0.000 0.000 0.000 0.000 0.000 0.000 0.000 0.000 0.000 0.000 0.000 0.000 0.000 0.000 0.000 0.000 0.000 0.000 0.000 0.000 0.000 0.000 0.000 0.000 0.000 0.000 0.000 0.000 0.000 0.000 0.000 0.000 0.000 0.067 0.159 0.254 0.351 0.451 0.549 0.641 0.729 0.814 0.894 0.971 1.043 1.071 1.080 1.088 1.096 1.102 1.108 1.113 1.117 1.120 1.123 1.124 1.125 1.111 1.089 1.071 1.054 1.041 1.030 1.021 1.015 1.012 1.011 1.013 1.018 1.105 1.262 1.432 1.616
0.000 0.000 0.000 0.000 0.000 0.000 0.000 0.000 0.000 0.000 0.000 0.000 0.000 0.000 0.000 0.000 0.000 0.000 0.000 0.000 0.000 0.000 0.000 0.000 0.000 0.000 0.000 0.000 0.000 0.000 0.000 0.000 0.008 0.019 0.085 0.182 0.277 0.367 0.453 0.535 0.614 0.688 0.759 0.825 0.888 0.947 0.975 0.982 0.987 0.991 0.995 0.998 1.000 1.002 1.002 1.002 1.001 0.999 0.991 0.978 0.969 0.962 0.957 0.955 0.956 0.959 0.964 0.973 0.984 0.997 1.093 1.297 1.515 1.746
0.000 0.000 0.000 0.000 0.000 0.000 0.000 0.000 0.000 0.000 0.000 0.000 0.000 0.000 0.000 0.000 0.000 0.000 0.000 0.000 0.000 0.000 0.000 0.000 0.000 0.006 0.013 0.022 0.031 0.042 0.053 0.066 0.080 0.095 0.143 0.228 0.308 0.384 0.457 0.525 0.590 0.651 0.707 0.760 0.809 0.854 0.881 0.884 0.886 0.888 0.889 0.889 0.889 0.887 0.885 0.882 0.878 0.874 0.869 0.865 0.865 0.867 0.871 0.878 0.888 0.900 0.914 0.932 0.951 0.974 1.068 1.319 1.584 1.863
0.000 0.000 0.000 0.000 0.000 0.000 0.000 0.000 0.000 0.000 0.000 0.000 0.000 0.000 0.000 0.000 0.000 0.003 0.023 0.033 0.036 0.030 0.024 0.032 0.041 0.051 0.062 0.074 0.087 0.102 0.117 0.133 0.151 0.170 0.206 0.277 0.343 0.406 0.464 0.519 0.570 0.617 0.660 0.699 0.735 0.766 0.787 0.787 0.787 0.786 0.784 0.782 0.778 0.774 0.769 0.763 0.757 0.749 0.744 0.750 0.758 0.769 0.783 0.799 0.817 0.838 0.862 0.888 0.917 0.948 1.030 1.329 1.641 1.967
0.000 0.000 0.000 0.000 0.000 0.000 0.000 0.000 0.000 0.000 0.018 0.067 0.107 0.139 0.163 0.178 0.184 0.182 0.171 0.152 0.124 0.088 0.056 0.068 0.080 0.094 0.109 0.125 0.142 0.160 0.179 0.199 0.221 0.243 0.273 0.329 0.382 0.431 0.476 0.517 0.554 0.588 0.617 0.643 0.664 0.682 0.694 0.691 0.689 0.685 0.680 0.675 0.669 0.662 0.654 0.646 0.636 0.626 0.617 0.632 0.650 0.669 0.692 0.717 0.744 0.774 0.807 0.842 0.880 0.920 0.979 1.325 1.685 2.058
0.000 0.000 0.000 0.013 0.043 0.084 0.133 0.192 0.260 0.337 0.417 0.436 0.446 0.448 0.441 0.426 0.402 0.370 0.329 0.280 0.222 0.156 0.087 0.102 0.119 0.136 0.155 0.175 0.196 0.217 0.240 0.264 0.289 0.316 0.343 0.386 0.425 0.461 0.492 0.519 0.543 0.562 0.578 0.590 0.598 0.602 0.602 0.597 0.591 0.584 0.577 0.569 0.560 0.550 0.540 0.529 0.517 0.504 0.490 0.512 0.538 0.567 0.599 0.633 0.669 0.708 0.750 0.815 0.891 0.960 1.022 1.445 1.929 2.444
0.044 0.079 0.124 0.179 0.242 0.315 0.397 0.489 0.589 0.699 0.819 0.813 0.794 0.765 0.729 0.683 0.629 0.567 0.496 0.417 0.329 0.232 0.127 0.136 0.156 0.178 0.200 0.223 0.248 0.274 0.300 0.328 0.357 0.387 0.418 0.447 0.472 0.494 0.511 0.525 0.535 0.541 0.543 0.541 0.535 0.525 0.512 0.503 0.494 0.485 0.475 0.464 0.452 0.440 0.427 0.413 0.398 0.382 0.366 0.390 0.476 0.577 0.671 0.758 0.838 0.911 0.976 1.034 1.084 1.128 1.164 1.615 2.206 2.828
0.101 0.170 0.248 0.335 0.431 0.536 0.651 0.775 0.908 1.051 1.203 1.200 1.150 1.091 1.024 0.949 0.865 0.773 0.672 0.562 0.444 0.317 0.182 0.168 0.192 0.217 0.244 0.271 0.299 0.329 0.359 0.390 0.423 0.457 0.491 0.512 0.523 0.531 0.535 0.535 0.531 0.523 0.512 0.496 0.477 0.453 0.426 0.410 0.399 0.386 0.374 0.360 0.346 0.412 0.487 0.555 0.617 0.672 0.720 0.795 0.879 0.955 1.023 1.085 1.139 1.186 1.226 1.259 1.284 1.302 1.313 1.756 2.454 3.182
0.149 0.250 0.360 0.480 0.609 0.747 0.894 1.051 1.217 1.392 1.576 1.594 1.515 1.426 1.329 1.224 1.110 0.987 0.856 0.716 0.568 0.412 0.246 0.200 0.227 0.256 0.286 0.317 0.349 0.382 0.416 0.452 0.488 0.525 0.564 0.580 0.578 0.572 0.563 0.549 0.531 0.510 0.484 0.455 0.422 0.385 0.455 0.544 0.636 0.720 0.798 0.870 0.934 0.993 1.045 1.090 1.128 1.160 1.186 1.230 1.288 1.339 1.382 1.418 1.447 1.469 1.483 1.491 1.491 1.483 1.469 1.867 2.672 3.507
0.186 0.320 0.463 0.615 0.776 0.947 1.127 1.316 1.515 1.722 1.939 1.998 1.888 1.769 1.642 1.507 1.363 1.210 1.049 0.880 0.701 0.515 0.320 0.230 0.261 0.294 0.327 0.362 0.398 0.435 0.473 0.512 0.552 0.593 0.635 0.653 0.637 0.617 0.599 0.616 0.648 0.696 0.759 0.837 0.930 1.038 1.162 1.270 1.338 1.399 1.454 1.502 1.544 1.579 1.608 1.630 1.646 1.655 1.657 1.671 1.704 1.729 1.747 1.758 1.761 1.758 1.747 1.729 1.703 1.671 1.631 1.949 2.861 3.803
0.213 0.379 0.555 0.740 0.934 1.137 1.349 1.571 1.802 2.042 2.291 2.410 2.270 2.122 1.965 1.799 1.625 1.442 1.251 1.052 0.844 0.627 0.402 0.259 0.294 0.330 0.368 0.406 0.446 0.486 0.528 0.571 0.615 0.660 0.707 0.744 0.769 0.809 0.864 0.935 1.020 1.121 1.237 1.368 1.514 1.676 1.852 2.000 2.045 2.084 2.116 2.141 2.160 2.172 2.177 2.176 2.169 2.155 2.134 2.119 2.126 2.126 2.118 2.104 2.082 2.053 2.017 1.974 1.923 1.865 1.800 2.002 3.021 4.069
0.230 0.429 0.637 0.854 1.080 1.316 1.561 1.815 2.079 2.351 2.633 2.831 2.661 2.482 2.295 2.100 1.896 1.683 1.462 1.233 0.994 0.748 0.493 0.286 0.325 0.366 0.407 0.449 0.493 0.538 0.584 0.631 0.680 0.729 0.780 0.835 0.913 1.006 1.114 1.238 1.376 1.530 1.699 1.883 2.083 2.297 2.527 2.737 2.758 2.774 2.783 2.785 2.780 2.770 2.752 2.728 2.698 2.661 2.617 2.572 2.554 2.529 2.496 2.456 2.409 2.355 2.294 2.225 2.149 2.066 1.976 2.027 3.151 4.307
0.236 0.468 0.708 0.958 1.217 1.485 1.762 2.049 2.345 2.650 2.964 3.260 3.060 2.852 2.635 2.409 2.175 1.915 1.644 1.373 1.104 0.835 0.567 0.313 0.356 0.400 0.446 0.492 0.540 0.589 0.639 0.691 0.743 0.797 0.851 0.909 1.040 1.187 1.348 1.525 1.716 1.923 2.145 2.382 2.635 2.902 3.185 3.478 3.477 3.469 3.455 3.434 3.407 3.373 3.333 3.286 3.232 3.172 3.106 3.033 2.989 2.938 2.881 2.815 2.743 2.664 2.577 2.483 2.382 2.273 2.158 2.035 3.253 4.514
0.232 0.496 0.769 1.051 1.343 1.644 1.953 2.272 2.601 2.938 3.244 3.540 3.322 3.049 2.778 2.507 2.237 1.968 1.699 1.432 1.165 0.900 0.635 0.371 0.385 0.434 0.483 0.534 0.586 0.639 0.693 0.748 0.805 0.863 0.922 0.982 1.152 1.352 1.566 1.796 2.041 2.300 2.576 2.866 3.171 3.492 3.827 4.178 4.201 4.171 4.133 4.090 4.039 3.982 3.919 3.849 3.772 3.689 3.600 3.504 3.431 3.355 3.271 3.181 3.083 2.979 2.867 2.747 2.621 2.487 2.347 2.199 3.325 4.693
0.218 0.514 0.820 1.120 1.418 1.717 2.014 2.310 2.606 2.901 3.196 3.489 3.359 3.089 2.820 2.552 2.285 2.019 1.754 1.490 1.226 0.964 0.702 0.441 0.414 0.466 0.520 0.574 0.630 0.687 0.746 0.805 0.866 0.927 0.990 1.054 1.248 1.501 1.768 2.051 2.349 2.662 2.990 3.333 3.691 4.065 4.453 4.857 4.931 4.877 4.817 4.750 4.677 4.597 4.511 4.418 4.318 4.212 4.100 3.981 3.878 3.777 3.669 3.553 3.430 3.300 3.163 3.037 2.945 2.858 2.778 2.705 3.680 5.029
0.197 0.496 0.794 1.091 1.387 1.682 1.977 2.271 2.564 2.857 3.148 3.439 3.394 3.128 2.862 2.597 2.333 2.070 1.808 1.546 1.286 1.026 0.768 0.510 0.440 0.497 0.555 0.613 0.673 0.735 0.797 0.860 0.925 0.991 1.058 1.126 1.329 1.634 1.955 2.291 2.641 3.007 3.388 3.784 4.195 4.622 5.063 5.520 5.666 5.590 5.506 5.417 5.320 5.217 5.108 4.992 4.870 4.741 4.606 4.464 4.332 4.216 4.107 4.004 3.908 3.818 3.734 3.658 3.588 3.524 3.467 3.417 4.153 5.409
0.177 0.473 0.768 1.062 1.356 1.649 1.941 2.232 2.523 2.813 3.102 3.390 3.429 3.165 2.903 2.641 2.380 2.120 1.861 1.602 1.345 1.088 0.833 0.578 0.466 0.527 0.588 0.651 0.715 0.781 0.847 0.915 0.983 1.053 1.124 1.196 1.394 1.752 2.126 2.514 2.918 3.337 3.771 4.220 4.684 5.163 5.657 6.166 6.407 6.307 6.201 6.088 5.969 5.797 5.607 5.432 5.273 5.129 5.000 4.886 4.786 4.693 4.606 4.526 4.453 4.385 4.325 4.271 4.224 4.183 4.149 4.121 4.650 5.813
0.157 0.451 0.743 1.035 1.326 1.616 1.906 2.194 2.482 2.770 3.056 3.342 3.463 3.202 2.942 2.684 2.426 2.169 1.912 1.657 1.403 1.149 0.897 0.645 0.490 0.555 0.621 0.688 0.756 0.825 0.896 0.967 1.040 1.114 1.189 1.265 1.443 1.855 2.281 2.722 3.179 3.651 4.137 4.639 5.156 5.688 6.157 6.583 6.792 6.579 6.382 6.199 6.032 5.880 5.744 5.622 5.516 5.425 5.350 5.289 5.233 5.163 5.099 5.041 4.991 4.946 4.908 4.877 4.853 4.835 4.823 4.818 5.172 6.241
0.138 0.429 0.719 1.008 1.297 1.584 1.871 2.157 2.443 2.727 3.011 3.294 3.495 3.238 2.981 2.725 2.471 2.217 1.963 1.711 1.460 1.209 0.960 0.711 0.513 0.582 0.652 0.723 0.795 0.869 0.943 1.019 1.096 1.174 1.253 1.333 1.477 1.941 2.420 2.938 3.439 3.919 4.378 4.815 5.231 5.626 5.999 6.350 6.595 6.435 6.291 6.161 6.048 5.949 5.865 5.797 5.744 5.707 5.684 5.677 5.673 5.625 5.584 5.550 5.522 5.500 5.485 5.476 5.475 5.479 5.490 5.508 5.718 6.694
0.124 0.408 0.696 0.982 1.268 1.553 1.838 2.121 2.404 2.686 2.967 3.248 3.527 3.273 3.019 2.766 2.515 2.264 2.013 1.764 1.516 1.268 1.022 0.776 0.535 0.608 0.682 0.757 0.833 0.911 0.989 1.070 1.213 1.368 1.535 1.715 1.915 2.405 2.875 3.323 3.750 4.155 4.539 4.902 5.243 5.563 5.862 6.139 6.382 6.276 6.184 6.109 6.048 6.002 5.972 5.957 5.957 5.973 6.004 6.050 6.106 6.081 6.063 6.051 6.046 6.047 6.054 6.069 6.089 6.117 6.151 6.191 6.289 7.171
0.149 0.389 0.673 0.957 1.240 1.523 1.805 2.086 2.366 2.645 2.924 3.202 3.479 3.307 3.056 2.807 2.558 2.310 2.063 1.816 1.571 1.327 1.083 0.840 0.601 0.657 0.768 0.892 1.028 1.177 1.338 1.511 1.697 1.896 2.107 2.330 2.566 2.961 3.356 3.729 4.081 4.412 4.722 5.010 5.277 5.522 5.746 5.949 6.131 6.101 6.063 6.041 6.033 6.041 6.064 6.102 6.155 6.224 6.308 6.407 6.521 6.530 6.534 6.545 6.563 6.586 6.617 6.654 6.697 6.747 6.804 6.867 6.936 7.672
0.175 0.369 0.652 0.933 1.214 1.493 1.773 2.051 2.328 2.605 2.881 3.157 3.431 3.340 3.092 2.846 2.600 2.359 2.130 1.902 1.676 1.450 1.226 1.003 0.782 0.823 0.978 1.145 1.325 1.517 1.722 1.939 2.169 2.411 2.665 2.932 3.212 3.537 3.857 4.156 4.434 4.690 4.926 5.139 5.332 5.503 5.653 5.781 5.888 5.912 5.927 5.958 6.003 6.064 6.140 6.232 6.338 6.460 6.597 6.749 6.916 6.972 6.999 7.033 7.073 7.119 7.172 7.232 7.298 7.371 7.450 7.536 7.628 8.198
0.200 0.351 0.631 0.909 1.187 1.465 1.741 2.017 2.292 2.566 2.859 3.156 3.430 3.420 3.190 2.961 2.734 2.508 2.283 2.060 1.837 1.616 1.396 1.178 0.961 0.976 1.174 1.385 1.608 1.844 2.092 2.353 2.626 2.912 3.210 3.520 3.843 4.134 4.380 4.605 4.808 4.990 5.150 5.290 5.408 5.505 5.580 5.634 5.667 5.708 5.777 5.860 5.959 6.073 6.202 6.346 6.506 6.680 6.870 7.075 7.296 7.407 7.457 7.513 7.576 7.645 7.721 7.803 7.892 7.987 8.089 8.197 8.312 8.748
0.225 0.334 0.610 0.961 1.336 1.690 2.021 2.329 2.615 2.878 3.119 3.337 3.533 3.550 3.324 3.100 2.877 2.655 2.435 2.215 1.997 1.781 1.565 1.351 1.138 1.115 1.357 1.612 1.879 2.158 2.450 2.754 3.070 3.399 3.741 4.095 4.461 4.752 4.924 5.074 5.203 5.310 5.397 5.462 5.505 5.528 5.529 5.509 5.467 5.489 5.611 5.747 5.899 6.066 6.248 6.445 6.658 6.886 7.129 7.387 7.660 7.836 7.908 7.987 8.072 8.164 8.262 8.367 8.418 8.376 8.339 8.306 8.276 8.453
0.908 1.135 1.477 1.796 2.093 2.368 2.620 2.849 3.056 3.241 3.403 3.543 3.660 3.678 3.457 3.237 3.018 2.801 2.585 2.370 2.156 1.944 1.733 1.523 1.314 1.242 1.527 1.825 2.135 2.458 2.793 3.141 3.501 3.874 4.258 4.656 5.066 5.391 5.488 5.564 5.619 5.652 5.664 5.655 5.624 5.572 5.499 5.405 5.289 5.256 5.430 5.620 5.824 6.044 6.279 6.530 6.795 7.076 7.372 7.683 8.009 8.186 8.131 8.081 8.034 7.991 7.952 7.916 7.885 7.857 7.833 7.814 7.797 7.904
1.900 2.152 2.415 2.656 2.874 3.070 3.243 3.394 3.522 3.628 3.711 3.772 3.810 3.805 3.588 3.372 3.158 2.945 2.733 2.522 2.313 2.105 1.899 1.693 1.489 1.354 1.683 2.025 2.379 2.745 3.124 3.515 3.918 4.334 4.762 5.203 5.656 6.051 6.074 6.075 6.055 6.014 5.952 5.869 5.764 5.638 5.491 5.322 5.132 5.007 5.235 5.477 5.735 6.008 6.277 6.522 6.748 6.955 7.143 7.312 7.463 7.556 7.515 7.478 7.445 7.415 7.389 7.368 7.349 7.335 7.325 7.318 7.315 7.373
2.873 3.181 3.377 3.538 3.678 3.795 3.889 3.961 4.011 4.038 4.043 4.025 3.985 3.922 3.717 3.506 3.296 3.087 2.880 2.674 2.469 2.265 2.063 1.862 1.662 1.463 1.827 2.211 2.609 3.018 3.440 3.875 4.322 4.781 5.253 5.737 6.234 6.731 6.680 6.607 6.513 6.398 6.262 6.104 5.925 5.725 5.503 5.274 5.061 4.893 5.167 5.421 5.657 5.874 6.072 6.251 6.412 6.553 6.676 6.780 6.866 6.924 6.896 6.873 6.853 6.837 6.824 6.816 6.811 6.810 6.813 6.820 6.830 6.862
