DATA/SHG/ECMWF/20170628/EN-31/20170711.en-31.asc
ncols        190
nrows        64
xllcorner    -5100000.000000000000
yllcorner    4130000.000000000000
cellsize     10000.000000000000
NODATA_value  -99999.000
[rows 0 to 32 of 64, columns 74 to 147 of 190]
1.084 1.071 1.059 1.047 1.035 1.023 1.012 1.012 1.059 1.124 1.195 1.274 1.359 1.451 1.550 1.656 1.768 1.888 2.015 2.123 2.137 2.139 2.137 2.130 2.119 2.104 2.085 2.062 2.034 2.002 1.966 1.928 1.899 1.872 1.846 1.822 1.800 1.779 1.759 1.741 1.725 1.710 1.697 1.761 2.058 2.353 2.645 2.935 3.223 3.508 3.790 4.070 4.347 4.622 4.895 5.194 5.577 5.961 6.344 6.726 7.109 7.491 7.873 8.255 8.636 9.017 9.398 9.782 10.179 10.583 10.994 11.413 11.838 12.270
1.110 1.187 1.262 1.309 1.327 1.315 1.275 1.233 1.315 1.403 1.499 1.601 1.710 1.826 1.950 2.080 2.216 2.360 2.511 2.652 2.648 2.630 2.609 2.583 2.554 2.519 2.481 2.438 2.392 2.341 2.285 2.230 2.208 2.188 2.169 2.152 2.136 2.122 2.109 2.098 2.088 2.080 2.073 2.105 2.392 2.675 2.957 3.235 3.512 3.786 4.057 4.326 4.592 4.856 5.117 5.393 5.776 6.158 6.540 6.921 7.303 7.684 8.065 8.445 8.826 9.206 9.585 9.972 10.400 10.835 11.277 11.726 12.183 12.646
2.036 2.039 2.012 1.957 1.872 1.758 1.615 1.457 1.563 1.676 1.795 1.922 2.055 2.195 2.343 2.497 2.658 2.825 3.000 3.182 3.162 3.126 3.086 3.041 2.992 2.939 2.881 2.820 2.754 2.683 2.609 2.530 2.515 2.501 2.489 2.479 2.470 2.462 2.456 2.452 2.449 2.448 2.448 2.452 2.727 3.000 3.270 3.538 3.803 4.066 4.326 4.584 4.839 5.092 5.342 5.593 5.974 6.355 6.736 7.116 7.497 7.877 8.256 8.636 9.015 9.394 9.772 10.247 10.881 11.497 12.096 12.678 13.242 13.788
3.016 2.917 2.788 2.631 2.444 2.228 1.983 1.709 1.804 1.941 2.085 2.236 2.393 2.557 2.729 2.907 3.092 3.284 3.482 3.688 3.681 3.626 3.566 3.502 3.434 3.362 3.286 3.205 3.120 3.031 2.937 2.839 2.819 2.813 2.807 2.804 2.801 2.801 2.802 2.804 2.808 2.813 2.820 2.829 3.065 3.326 3.586 3.842 4.096 4.348 4.597 4.844 5.088 5.329 5.569 5.805 6.172 6.552 6.992 7.502 8.028 8.570 9.128 9.703 10.294 10.902 11.526 12.166 12.728 13.266 13.787 14.291 14.777 15.246
4.023 3.821 3.590 3.331 3.042 2.724 2.377 2.000 2.039 2.200 2.368 2.543 2.724 2.913 3.108 3.310 3.519 3.735 3.958 4.188 4.204 4.129 4.051 3.968 3.881 3.790 3.694 3.594 3.490 3.382 3.269 3.153 3.122 3.122 3.123 3.126 3.131 3.137 3.145 3.154 3.165 3.177 3.191 3.206 3.405 3.655 3.903 4.149 4.392 4.679 5.004 5.329 5.655 5.981 6.307 6.633 7.125 7.675 8.241 8.823 9.422 10.036 10.668 11.315 11.979 12.659 13.355 14.068 14.589 15.050 15.493 15.919 16.328 16.719
5.055 4.751 4.418 4.057 3.666 3.246 2.797 2.319 2.268 2.452 2.644 2.843 3.049 3.261 3.480 3.706 3.940 4.179 4.426 4.680 4.730 4.637 4.539 4.438 4.331 4.221 4.107 3.988 3.865 3.738 3.606 3.470 3.422 3.429 3.437 3.447 3.458 3.471 3.486 3.502 3.571 3.673 3.769 3.861 4.104 4.429 4.754 5.079 5.405 5.731 6.057 6.383 6.709 7.036 7.363 7.691 8.210 8.832 9.471 10.126 10.797 11.484 12.188 12.908 13.645 14.397 15.166 15.951 16.465 16.849 17.214 17.563 17.893 18.207
6.113 5.707 5.272 4.809 4.316 3.794 3.243 2.664 2.489 2.698 2.914 3.137 3.366 3.603 3.846 4.096 4.353 4.617 4.888 5.166 5.261 5.149 5.032 4.911 4.786 4.657 4.523 4.386 4.244 4.097 3.947 3.862 3.907 4.026 4.139 4.248 4.352 4.451 4.545 4.634 4.719 4.798 4.873 4.943 5.149 5.474 5.800 6.127 6.453 6.780 7.107 7.435 7.762 8.090 8.418 8.747 9.276 9.971 10.682 11.409 12.153 12.913 13.690 14.482 15.291 16.116 16.958 17.816 18.356 18.662 18.950 19.221 19.474 19.710
7.197 6.689 6.153 5.587 4.992 4.369 3.716 3.035 2.704 2.937 3.177 3.423 3.677 3.937 4.205 4.479 4.760 5.048 5.343 5.644 5.796 5.665 5.513 5.374 5.260 5.171 5.105 5.065 5.049 5.057 5.089 5.147 5.232 5.329 5.421 5.507 5.590 5.667 5.739 5.807 5.869 5.927 5.980 6.029 6.191 6.518 6.845 7.173 7.500 7.828 8.156 8.485 8.813 9.142 9.471 9.801 10.323 11.091 11.875 12.675 13.491 14.323 15.172 16.037 16.919 17.816 18.730 19.661 20.262 20.490 20.700 20.893 21.069 21.228
8.306 7.697 7.059 6.391 5.695 4.970 4.215 3.432 2.912 3.169 3.433 3.703 3.981 4.265 4.565 4.882 5.166 5.417 5.634 5.819 5.919 5.841 5.787 5.757 5.753 5.772 5.816 5.884 5.977 6.094 6.236 6.402 6.561 6.635 6.705 6.771 6.831 6.886 6.937 6.983 7.024 7.060 7.091 7.118 7.232 7.560 7.888 8.217 8.545 8.874 9.203 9.533 9.863 10.193 10.523 10.853 11.352 12.192 13.049 13.921 14.810 15.715 16.636 17.574 18.528 19.498 20.484 21.487 22.182 22.332 22.465 22.581 22.679 22.760
9.441 8.730 7.990 7.221 6.424 5.597 4.741 3.905 3.331 3.730 4.096 4.430 4.730 4.998 5.232 5.434 5.603 5.738 5.841 5.911 5.947 5.978 6.033 6.113 6.217 6.345 6.498 6.676 6.877 7.103 7.354 7.629 7.892 7.945 7.994 8.037 8.076 8.109 8.138 8.162 8.182 8.196 8.206 8.211 8.271 8.600 8.929 9.259 9.588 9.918 10.249 10.579 10.910 11.241 11.572 11.904 12.363 13.276 14.204 15.149 16.110 17.088 18.082 19.091 20.118 21.160 22.219 23.293 24.116 24.189 24.245 24.283 24.304 24.308
10.610 9.843 9.083 8.332 7.590 6.856 6.131 5.414 4.718 5.002 5.253 5.471 5.656 5.809 5.928 6.015 6.068 6.089 6.076 6.031 5.953 6.087 6.251 6.440 6.653 6.890 7.152 7.439 7.749 8.084 8.444 8.827 9.228 9.259 9.285 9.307 9.324 9.336 9.343 9.346 9.343 9.336 9.324 9.307 9.308 9.638 9.969 10.299 10.630 10.961 11.292 11.624 11.956 12.288 12.620 12.953 13.356 14.341 15.342 16.359 17.392 18.442 19.508 20.590 21.689 22.803 23.934 25.081 26.066 26.061 26.040 26.001 25.944 25.871
11.906 11.167 10.437 9.715 9.002 8.297 7.600 6.913 6.233 6.302 6.438 6.541 6.611 6.648 6.653 6.624 6.563 6.469 6.341 6.181 5.987 6.169 6.442 6.739 7.061 7.408 7.778 8.173 8.593 9.036 9.504 9.997 10.514 10.576 10.581 10.581 10.576 10.566 10.552 10.532 10.508 10.479 10.446 10.407 10.364 10.675 11.006 11.338 11.670 12.002 12.334 12.667 12.999 13.333 13.666 14.000 14.333 15.387 16.460 17.550 18.656 19.778 20.916 22.070 23.241 24.428 25.631 26.721 27.597 27.277 26.984 26.719 26.482 26.272
13.191 12.482 11.781 11.088 10.404 9.728 9.061 8.402 7.752 7.630 7.651 7.639 7.594 7.517 7.406 7.263 7.087 6.877 6.635 6.360 6.051 6.223 6.605 7.011 7.442 7.897 8.376 8.880 9.408 9.960 10.537 11.138 11.764 11.896 11.879 11.858 11.831 11.800 11.764 11.723 11.677 11.626 11.571 11.511 11.446 11.709 12.042 12.375 12.707 13.041 13.374 13.708 14.042 14.376 14.710 15.045 15.380 16.415 17.513 18.545 19.555 20.542 21.508 22.451 23.371 24.269 25.145 25.999 26.830 26.703 26.534 26.392 26.278 26.192
14.467 13.787 13.115 12.451 11.796 11.149 10.511 9.881 9.260 8.987 8.893 8.766 8.606 8.414 8.189 7.930 7.639 7.315 6.959 6.569 6.144 6.249 6.740 7.255 7.794 8.358 8.946 9.558 10.195 10.856 11.541 12.251 12.985 13.220 13.182 13.138 13.090 13.037 12.979 12.917 12.849 12.777 12.700 12.618 12.531 12.742 13.076 13.410 13.744 14.038 14.295 14.557 14.823 15.094 15.369 15.649 15.934 16.748 17.704 18.637 19.548 20.437 21.303 22.147 22.969 23.768 24.545 25.300 26.033 26.103 26.057 26.038 26.048 26.085
15.734 15.083 14.440 13.805 13.179 12.561 11.952 11.351 10.759 10.372 10.163 9.921 9.647 9.340 9.000 8.627 8.221 7.782 7.311 6.807 6.267 6.248 6.847 7.471 8.118 8.791 9.487 10.208 10.953 11.723 12.517 13.335 14.177 14.547 14.487 14.422 14.352 14.278 14.198 14.114 13.963 13.757 13.561 13.374 13.197 13.280 13.539 13.802 14.071 14.344 14.621 14.903 15.190 15.481 15.777 16.078 16.383 17.061 17.917 18.752 19.564 20.354 21.121 21.866 22.589 23.290 23.968 24.624 25.258 25.475 25.553 25.658 25.790 25.951
16.991 16.369 15.755 15.149 14.552 13.964 13.383 12.812 12.248 11.785 11.462 11.105 10.716 10.294 9.839 9.352 8.831 8.278 7.692 7.074 6.418 6.219 6.927 7.659 8.415 9.196 10.001 10.830 11.684 12.562 13.464 14.313 15.087 15.435 15.204 14.983 14.772 14.570 14.378 14.196 14.024 13.861 13.708 13.565 13.432 13.497 13.777 14.061 14.350 14.643 14.941 15.244 15.551 15.863 16.180 16.501 16.827 17.395 18.153 18.889 19.602 20.293 20.962 21.608 22.232 22.834 23.414 23.971 24.507 24.822 25.022 25.250 25.506 25.789
18.239 17.645 17.060 16.484 15.916 15.356 14.805 14.262 13.728 13.227 12.788 12.317 11.814 11.277 10.708 10.106 9.471 8.803 8.103 7.370 6.600 6.162 7.001 7.850 8.682 9.498 10.297 11.080 11.847 12.598 13.332 14.050 14.751 15.182 14.994 14.816 14.648 14.490 14.342 14.203 14.074 13.955 13.845 13.746 13.656 13.709 14.009 14.314 14.624 14.938 15.256 15.579 15.907 16.240 16.577 16.919 17.265 17.752 18.412 19.048 19.663 20.255 20.825 21.373 21.899 22.402 22.883 23.342 23.778 24.141 24.464 24.815 25.194 25.601
19.477 18.912 18.357 17.809 17.270 16.739 16.217 15.703 15.198 14.696 14.144 13.558 12.940 12.289 11.597 10.807 10.038 9.289 8.561 7.854 7.157 6.617 7.409 8.185 8.944 9.688 10.415 11.125 11.820 12.498 13.159 13.805 14.433 14.918 14.773 14.639 14.514 14.400 14.294 14.199 14.114 14.038 13.972 13.915 13.869 13.916 14.237 14.562 14.892 15.227 15.566 15.910 16.258 16.611 16.969 17.331 17.698 18.132 18.692 19.230 19.746 20.240 20.711 21.161 21.587 21.992 22.375 22.735 23.073 23.434 23.880 24.354 24.856 25.385
20.706 20.170 19.643 19.125 18.615 18.113 17.620 17.091 16.369 15.672 14.853 14.052 13.272 12.512 11.773 11.055 10.357 9.681 9.024 8.389 7.764 7.146 7.834 8.538 9.225 9.896 10.550 11.188 11.810 12.415 13.005 13.577 14.134 14.643 14.542 14.451 14.370 14.299 14.237 14.185 14.143 14.110 14.087 14.074 14.071 14.117 14.459 14.805 15.155 15.510 15.870 16.234 16.603 16.977 17.355 17.738 18.125 18.533 18.995 19.435 19.852 20.247 20.620 20.971 21.299 21.605 21.889 22.151 22.391 22.700 23.269 23.866 24.490 25.142
21.838 21.028 20.242 19.482 18.747 18.037 17.352 16.692 16.057 15.447 14.722 13.993 13.285 12.597 11.930 11.284 10.658 10.053 9.469 8.905 8.352 7.807 8.277 8.908 9.523 10.121 10.703 11.269 11.818 12.351 12.868 13.369 13.853 14.321 14.301 14.254 14.216 14.187 14.169 14.160 14.161 14.172 14.193 14.223 14.263 14.314 14.676 15.042 15.413 15.789 16.169 16.554 16.943 17.338 17.736 18.139 18.547 18.957 19.320 19.661 19.980 20.277 20.551 20.803 21.033 21.241 21.427 21.590 21.732 21.939 22.631 23.351 24.098 24.873
20.805 20.082 19.385 18.712 18.064 17.441 16.843 16.271 15.723 15.201 14.573 13.916 13.279 12.663 12.068 11.493 10.940 10.406 9.894 9.402 8.921 8.449 8.738 9.296 9.839 10.365 10.874 11.367 11.844 12.305 12.750 13.178 13.590 13.985 14.050 14.045 14.051 14.066 14.091 14.125 14.170 14.224 14.287 14.361 14.444 14.537 14.887 15.274 15.666 16.062 16.463 16.868 17.278 17.693 18.112 18.536 18.964 19.397 19.667 19.910 20.131 20.329 20.505 20.659 20.791 20.900 20.987 21.053 21.106 21.167 21.901 22.587 23.225 23.815
19.751 19.115 18.505 17.919 17.358 16.823 16.313 15.827 15.367 14.931 14.405 13.820 13.255 12.711 12.187 11.684 11.202 10.741 10.300 9.880 9.471 9.071 9.216 9.702 10.172 10.626 11.063 11.484 11.889 12.277 12.649 13.005 13.345 13.668 13.788 13.827 13.875 13.934 14.002 14.080 14.167 14.265 14.372 14.488 14.615 14.751 15.094 15.501 15.913 16.330 16.751 17.177 17.607 18.042 18.482 18.926 19.375 19.829 20.037 20.238 20.483 20.680 20.830 20.932 20.986 20.993 20.952 20.863 20.727 20.543 21.015 21.489 21.915 22.294
18.674 18.126 17.603 17.104 16.631 16.183 15.759 15.361 14.988 14.640 14.219 13.705 13.212 12.740 12.288 11.857 11.446 11.056 10.687 10.339 10.002 9.674 9.712 10.126 10.523 10.904 11.269 11.618 11.951 12.267 12.567 12.850 13.118 13.369 13.516 13.598 13.690 13.791 13.903 14.024 14.154 14.295 14.445 14.605 14.775 14.954 15.295 15.723 16.155 16.592 17.026 17.487 18.003 18.575 19.203 19.886 20.624 21.418 21.727 21.808 21.842 21.827 21.766 21.656 21.499 21.295 21.043 20.743 20.396 20.001 20.177 20.440 20.654 20.821
17.576 17.115 16.679 16.268 15.881 15.520 15.184 14.873 14.587 14.325 14.014 13.572 13.150 12.750 12.370 12.010 11.671 11.353 11.055 10.778 10.514 10.258 10.225 10.567 10.892 11.201 11.494 11.770 12.031 12.275 12.502 12.714 12.909 13.088 13.233 13.359 13.494 13.638 13.793 13.957 14.131 14.298 14.418 14.505 14.560 14.581 14.815 15.301 15.841 16.438 17.089 17.796 18.559 19.377 20.251 21.179 22.164 23.204 23.554 23.424 23.247 23.021 22.749 22.428 22.060 21.645 21.181 20.671 20.112 19.507 19.388 19.439 19.442 19.398
16.456 16.082 15.733 15.409 15.110 14.835 14.586 14.362 14.163 13.989 13.790 13.420 13.070 12.741 12.433 12.145 11.877 11.631 11.404 11.199 11.006 10.823 10.756 11.025 11.278 11.515 11.736 11.940 12.128 12.300 12.456 12.595 12.750 12.966 13.198 13.403 13.574 13.713 13.819 13.892 13.932 13.939 13.913 13.854 13.763 13.638 13.836 14.568 15.354 16.197 17.094 18.047 19.056 20.120 21.239 22.414 23.644 24.929 25.428 25.087 24.698 24.262 23.778 23.247 22.668 22.042 21.368 20.646 19.877 19.061 18.648 18.487 18.279 18.023
15.314 15.027 14.765 14.528 14.316 14.128 13.966 13.829 13.717 13.629 13.548 13.250 12.971 12.714 12.477 12.260 12.065 11.889 11.735 11.601 11.480 11.369 11.304 11.467 11.585 11.724 11.885 12.068 12.272 12.498 12.745 13.014 13.304 13.616 13.897 13.955 13.981 13.973 13.933 13.860 13.754 13.615 13.444 13.239 13.002 12.731 12.799 13.777 14.810 15.898 17.041 18.240 19.494 20.804 22.169 23.589 25.065 26.596 27.349 26.796 26.197 25.550 24.855 24.113 23.323 22.486 21.602 20.669 19.690 18.663 17.956 17.584 17.164 16.697
14.150 13.950 13.775 13.625 13.500 13.399 13.324 13.274 13.248 13.248 13.272 13.061 12.854 12.668 12.502 12.344 12.110 11.886 11.672 11.469 11.284 11.114 10.952 11.136 11.349 11.585 11.841 12.119 12.419 12.740 13.083 13.447 13.833 14.240 14.630 14.543 14.422 14.269 14.083 13.864 13.612 13.328 13.010 12.660 12.277 11.861 11.705 12.928 14.207 15.541 16.930 18.374 19.874 21.429 23.040 24.705 26.427 28.203 29.315 28.552 27.742 26.884 25.979 25.026 24.026 22.978 21.883 20.740 19.550 18.313 17.312 16.729 16.098 15.420
12.964 12.851 12.763 12.700 12.661 12.648 12.660 12.696 12.750 12.777 12.789 12.587 12.347 12.118 11.899 11.691 11.493 11.305 11.128 10.961 10.811 10.678 10.552 10.781 11.090 11.421 11.773 12.147 12.542 12.959 13.397 13.857 14.338 14.841 15.365 15.165 14.899 14.600 14.268 13.904 13.506 13.076 12.613 12.116 11.588 11.026 10.554 12.022 13.546 15.126 16.760 18.450 20.195 21.996 23.852 25.763 27.729 29.751 31.328 30.355 29.334 28.265 27.150 25.986 24.776 23.518 22.212 20.859 19.459 18.011 16.716 15.922 15.081 14.192
11.757 11.763 11.844 11.909 11.960 11.995 12.015 12.019 12.009 11.983 11.942 11.780 11.577 11.384 11.201 11.029 10.867 10.715 10.574 10.443 10.330 10.233 10.144 10.402 10.807 11.233 11.681 12.150 12.641 13.153 13.687 14.242 14.819 15.417 16.036 15.823 15.411 14.966 14.489 13.978 13.435 12.859 12.251 11.609 10.935 10.227 9.487 11.059 12.828 14.653 16.533 18.468 20.458 22.504 24.605 26.761 28.972 31.239 33.387 32.203 30.972 29.693 28.367 26.994 25.573 24.104 22.588 21.025 19.415 17.757 16.169 15.164 14.112 13.012
11.363 11.407 11.434 11.447 11.445 11.427 11.394 11.346 11.282 11.204 11.110 10.966 10.798 10.641 10.495 10.359 10.233 10.117 10.012 9.918 9.841 9.780 9.728 10.000 10.500 11.022 11.565 12.129 12.715 13.323 13.952 14.603 15.275 15.968 16.683 16.516 15.958 15.368 14.745 14.089 13.400 12.679 11.924 11.137 10.317 9.465 8.579 10.038 12.052 14.122 16.247 18.428 20.663 22.954 25.300 27.701 30.157 32.668 35.235 34.099 32.657 31.168 29.632 28.048 26.417 24.738 23.012 21.239 19.418 17.550 15.629 14.363 13.128 11.923
11.075 11.065 11.040 11.000 10.945 10.874 10.788 10.687 10.571 10.439 10.293 10.143 10.011 9.891 9.780 9.680 9.590 9.511 9.442 9.383 9.343 9.318 9.302 9.573 10.169 10.786 11.425 12.085 12.766 13.469 14.193 14.939 15.707 16.495 17.306 17.243 16.540 15.804 15.036 14.234 13.400 12.533 11.634 10.701 9.736 8.738 7.707 8.959 11.219 13.534 15.904 18.329 20.809 23.345 25.936 28.581 31.282 34.039 36.850 36.040 34.388 32.533 30.377 28.253 26.159 24.096 22.065 20.064 18.094 16.156 14.248 13.069 11.969 10.899
10.801 10.738 10.661 10.568 10.459 10.336 10.197 10.044 9.875 9.690 9.491 9.311 9.216 9.131 9.057 8.993 8.939 8.896 8.863 8.840 8.836 8.848 8.868 9.124 9.815 10.527 11.261 12.016 12.793 13.591 14.411 15.252 16.114 16.998 17.904 18.006 17.157 16.276 15.362 14.415 13.436 12.424 11.379 10.301 9.191 8.047 6.871 7.824 10.328 12.888 15.503 18.172 20.836 23.335 25.772 28.149 30.465 32.719 34.913 34.058 31.977 29.927 27.908 25.920 23.964 22.038 20.143 18.279 16.446 14.644 12.874 11.747 10.782 9.847
10.541 10.426 10.296 10.150 9.989 9.813 9.621 9.415 9.193 8.956 8.704 8.471 8.412 8.364 8.325 8.297 8.279 8.272 8.275 8.289 8.320 8.369 8.426 8.650 9.436 10.244 11.073 11.924 12.796 13.689 14.604 15.540 16.498 17.477 18.477 18.803 17.809 16.783 15.723 14.631 13.507 12.349 11.159 9.940 8.735 7.556 6.404 7.017 9.551 12.025 14.438 16.789 19.080 21.310 23.480 25.588 27.635 29.621 31.547 31.151 29.206 27.293 25.411 23.560 21.740 19.951 18.193 16.466 14.769 13.104 11.470 10.396 9.566 8.766
