DATA/SHG/ECMWF/20170628/EN-31/20170706.en-31.asc
ncols        190
nrows        64
xllcorner    -5100000.000000000000
yllcorner    4130000.000000000000
cellsize     10000.000000000000
NODATA_value  -99999.000
[rows 0 to 32 of 64, columns 74 to 147 of 190]
3.559 3.797 4.040 4.288 4.540 4.796 5.057 5.366 5.773 6.176 6.576 6.975 7.372 7.767 8.161 8.552 8.942 9.330 9.716 9.997 9.923 9.835 9.739 9.635 9.522 9.401 9.271 9.132 8.985 8.829 8.665 8.457 8.134 7.822 7.519 7.226 6.943 6.669 6.405 6.151 5.907 5.672 5.447 5.421 5.962 6.475 6.960 7.416 7.843 8.242 8.612 8.954 9.267 9.551 9.807 10.049 10.343 10.671 11.033 11.429 11.859 12.323 12.821 13.353 13.919 14.519 15.153 15.444 14.680 13.900 13.104 12.293 11.465 10.622
3.847 4.093 4.342 4.598 4.859 5.126 5.398 5.698 6.096 6.492 6.886 7.279 7.669 8.058 8.445 8.830 9.213 9.595 9.974 10.302 10.189 10.064 9.930 9.787 9.636 9.476 9.308 9.131 8.945 8.752 8.549 8.330 8.051 7.782 7.523 7.273 7.034 6.803 6.583 6.372 6.171 5.980 5.798 5.702 6.116 6.502 6.859 7.187 7.487 7.759 8.001 8.216 8.401 8.559 8.687 8.835 9.281 9.761 10.275 10.823 11.404 12.020 12.670 13.354 14.072 14.824 15.609 16.177 15.341 14.490 13.623 12.740 11.842 10.927
4.054 4.318 4.587 4.863 5.144 5.432 5.725 6.028 6.419 6.809 7.197 7.583 7.967 8.350 8.730 9.109 9.486 9.861 10.234 10.605 10.466 10.302 10.129 9.948 9.759 9.561 9.354 9.139 8.915 8.683 8.442 8.193 7.958 7.732 7.516 7.310 7.114 6.927 6.750 6.582 6.425 6.277 6.139 6.014 6.300 6.559 6.788 6.989 7.162 7.306 7.422 7.509 7.567 7.597 7.599 7.587 8.185 8.817 9.483 10.182 10.916 11.684 12.485 13.321 14.190 15.094 16.031 16.827 15.756 14.720 13.718 12.750 11.817 10.919
4.252 4.537 4.827 5.123 5.424 5.732 6.045 6.364 6.744 7.127 7.509 7.889 8.266 8.642 9.017 9.389 9.759 10.128 10.495 10.860 10.751 10.549 10.338 10.119 9.891 9.655 9.410 9.157 8.895 8.624 8.346 8.058 7.854 7.671 7.499 7.336 7.183 7.040 6.906 6.782 6.668 6.563 6.468 6.383 6.515 6.646 6.748 6.822 6.867 6.884 6.872 6.832 6.764 6.667 6.541 6.387 7.056 7.839 8.690 9.562 10.408 11.229 12.026 12.797 13.544 14.265 14.961 15.633 14.826 13.943 13.095 12.280 11.501 10.755
4.445 4.750 5.060 5.376 5.698 6.026 6.360 6.699 7.070 7.447 7.822 8.195 8.567 8.936 9.304 9.670 10.034 10.397 10.757 11.116 11.046 10.805 10.556 10.299 10.033 9.758 9.475 9.184 8.884 8.575 8.258 7.933 7.739 7.600 7.471 7.352 7.242 7.142 7.051 6.971 6.900 6.838 6.787 6.745 6.759 6.763 6.738 6.685 6.603 6.520 6.455 6.395 6.339 6.287 6.240 6.196 6.850 7.661 8.446 9.206 9.941 10.652 11.337 11.997 12.632 13.243 13.828 14.388 13.863 13.134 12.438 11.777 11.151 10.559
4.632 4.957 5.288 5.624 5.967 6.315 6.668 7.028 7.397 7.768 8.136 8.503 8.868 9.232 9.593 9.953 10.310 10.666 11.020 11.372 11.350 11.071 10.784 10.488 10.184 9.872 9.550 9.221 8.882 8.536 8.180 7.817 7.614 7.519 7.433 7.357 7.290 7.233 7.186 7.149 7.104 7.050 6.996 6.940 6.875 6.809 6.747 6.688 6.634 6.584 6.538 6.497 6.459 6.425 6.396 6.371 6.854 7.553 8.227 8.877 9.501 10.100 10.674 11.223 11.748 12.247 12.721 13.171 12.868 12.291 11.749 11.241 10.767 10.328
4.813 5.159 5.510 5.866 6.229 6.597 6.971 7.351 7.725 8.089 8.452 8.812 9.171 9.528 9.883 10.236 10.587 10.937 11.285 11.631 11.663 11.346 11.021 10.687 10.345 9.994 9.635 9.267 8.891 8.506 8.112 7.718 7.502 7.449 7.397 7.344 7.290 7.236 7.181 7.125 7.069 7.013 6.956 6.898 6.844 6.796 6.752 6.712 6.676 6.644 6.617 6.593 6.574 6.559 6.548 6.541 6.884 7.472 8.035 8.573 9.086 9.574 10.038 10.476 10.889 11.278 11.641 11.980 11.840 11.416 11.026 10.671 10.351 10.064
4.989 5.354 5.726 6.103 6.485 6.874 7.268 7.668 8.055 8.412 8.768 9.123 9.475 9.825 10.174 10.521 10.866 11.209 11.550 11.890 11.986 11.631 11.212 10.780 10.358 9.948 9.548 9.160 8.782 8.415 8.059 7.715 7.487 7.432 7.377 7.322 7.265 7.209 7.151 7.093 7.035 6.976 6.917 6.856 6.808 6.778 6.752 6.731 6.713 6.700 6.691 6.686 6.685 6.688 6.695 6.706 6.939 7.416 7.868 8.295 8.697 9.075 9.427 9.755 10.057 10.335 10.588 10.815 10.778 10.508 10.271 10.069 9.901 9.767
5.159 5.544 5.936 6.333 6.736 7.145 7.559 7.979 8.385 8.736 9.086 9.434 9.780 10.124 10.447 10.685 10.910 11.123 11.322 11.509 11.557 11.152 10.757 10.373 10.001 9.639 9.288 8.949 8.620 8.302 7.995 7.699 7.473 7.416 7.359 7.300 7.242 7.182 7.123 7.062 7.001 6.940 6.878 6.815 6.767 6.756 6.748 6.745 6.746 6.751 6.760 6.774 6.791 6.812 6.838 6.868 7.019 7.385 7.726 8.043 8.334 8.601 8.843 9.059 9.251 9.418 9.560 9.677 9.685 9.567 9.483 9.433 9.418 9.437
5.323 5.729 6.140 6.558 6.981 7.410 7.844 8.267 8.635 8.906 9.164 9.409 9.641 9.860 10.067 10.260 10.441 10.608 10.763 10.904 10.992 10.636 10.290 9.955 9.632 9.319 9.017 8.726 8.446 8.177 7.919 7.672 7.460 7.400 7.340 7.280 7.219 7.157 7.095 7.032 6.968 6.905 6.840 6.775 6.722 6.729 6.740 6.755 6.775 6.798 6.825 6.857 6.893 6.932 6.976 7.024 7.125 7.380 7.611 7.817 7.997 8.153 8.284 8.390 8.472 8.528 8.559 8.566 8.558 8.593 8.662 8.765 8.902 9.073
5.470 5.864 6.256 6.644 7.030 7.412 7.791 8.166 8.537 8.763 8.976 9.176 9.363 9.538 9.699 9.847 9.983 10.106 10.215 10.312 10.406 10.108 9.812 9.526 9.251 8.987 8.734 8.491 8.260 8.040 7.831 7.632 7.447 7.385 7.323 7.260 7.196 7.132 7.067 7.002 6.936 6.870 6.803 6.735 6.673 6.699 6.728 6.761 6.799 6.840 6.886 6.936 6.990 7.048 7.110 7.176 7.256 7.401 7.521 7.616 7.686 7.731 7.752 7.747 7.718 7.664 7.585 7.481 7.399 7.586 7.807 8.063 8.353 8.676
5.448 5.832 6.213 6.590 6.965 7.336 7.704 8.069 8.431 8.632 8.800 8.955 9.098 9.227 9.343 9.447 9.538 9.616 9.680 9.733 9.781 9.569 9.321 9.084 8.858 8.643 8.439 8.245 8.063 7.891 7.731 7.581 7.442 7.371 7.306 7.240 7.174 7.108 7.040 6.973 6.905 6.836 6.766 6.696 6.626 6.664 6.711 6.763 6.819 6.879 6.943 7.011 7.083 7.159 7.240 7.324 7.413 7.447 7.456 7.441 7.401 7.335 7.245 7.130 6.991 6.826 6.637 6.498 6.476 6.953 7.428 7.901 8.371 8.839
5.430 5.803 6.173 6.539 6.903 7.263 7.621 7.975 8.326 8.513 8.636 8.746 8.844 8.928 9.000 9.059 9.105 9.138 9.158 9.165 9.169 9.019 8.820 8.631 8.454 8.287 8.132 7.987 7.853 7.731 7.619 7.518 7.428 7.357 7.290 7.222 7.153 7.084 7.014 6.944 6.874 6.802 6.730 6.658 6.585 6.624 6.690 6.760 6.834 6.912 6.995 7.081 7.171 7.266 7.365 7.467 7.574 7.519 7.397 7.260 7.144 7.048 6.972 6.917 6.882 6.868 6.874 6.900 6.947 7.386 7.851 8.313 8.773 9.231
5.414 5.776 6.135 6.491 6.844 7.193 7.540 7.883 8.224 8.406 8.484 8.550 8.602 8.642 8.669 8.683 8.684 8.672 8.647 8.610 8.569 8.457 8.307 8.167 8.038 7.920 7.813 7.717 7.632 7.558 7.495 7.443 7.401 7.344 7.274 7.204 7.133 7.061 6.989 6.916 6.843 6.769 6.695 6.620 6.545 6.580 6.665 6.753 6.845 6.928 6.988 7.036 7.072 7.097 7.109 7.110 7.098 7.029 6.963 6.917 6.891 6.885 6.900 6.936 6.991 7.068 7.164 7.281 7.418 7.820 8.274 8.727 9.177 9.624
5.401 5.753 6.101 6.446 6.788 7.127 7.462 7.795 8.124 8.311 8.344 8.365 8.373 8.368 8.350 8.319 8.275 8.219 8.149 8.067 7.981 7.884 7.782 7.691 7.611 7.542 7.483 7.436 7.400 7.374 7.359 7.356 7.363 7.331 7.259 7.186 7.113 7.039 6.964 6.889 6.805 6.721 6.648 6.587 6.537 6.558 6.612 6.655 6.686 6.705 6.713 6.708 6.691 6.662 6.622 6.569 6.505 6.484 6.508 6.553 6.618 6.703 6.808 6.934 7.080 7.247 7.434 7.641 7.868 8.255 8.700 9.142 9.582 10.020
5.391 5.732 6.069 6.403 6.735 7.063 7.387 7.709 8.028 8.227 8.216 8.192 8.155 8.105 8.043 7.967 7.879 7.777 7.663 7.537 7.405 7.299 7.245 7.203 7.172 7.151 7.142 7.143 7.155 7.178 7.212 7.229 7.223 7.169 7.056 6.954 6.863 6.784 6.717 6.661 6.616 6.582 6.560 6.550 6.550 6.560 6.562 6.552 6.530 6.496 6.450 6.392 6.322 6.241 6.147 6.042 5.924 5.919 6.034 6.169 6.324 6.499 6.695 6.912 7.148 7.405 7.682 7.980 8.298 8.692 9.127 9.559 9.989 10.416
5.384 5.714 6.040 6.364 6.684 7.001 7.316 7.627 7.934 8.156 8.100 8.031 7.949 7.855 7.748 7.627 7.494 7.348 7.190 7.018 6.842 6.702 6.698 6.697 6.694 6.691 6.686 6.681 6.675 6.667 6.659 6.650 6.641 6.613 6.550 6.499 6.460 6.431 6.414 6.409 6.415 6.432 6.461 6.501 6.552 6.576 6.524 6.461 6.386 6.299 6.200 6.090 5.967 5.832 5.686 5.527 5.357 5.334 5.539 5.764 6.010 6.276 6.562 6.869 7.196 7.543 7.910 8.298 8.707 9.131 9.556 9.977 10.397 10.814
5.380 5.699 6.014 6.327 6.637 6.943 7.247 7.547 7.844 8.097 7.996 7.882 7.756 7.617 7.461 7.251 7.048 6.851 6.660 6.475 6.305 6.162 6.157 6.152 6.145 6.138 6.129 6.120 6.110 6.099 6.087 6.074 6.060 6.045 6.033 6.033 6.044 6.066 6.100 6.145 6.202 6.269 6.349 6.439 6.541 6.603 6.499 6.383 6.255 6.115 5.963 5.800 5.624 5.437 5.237 5.026 4.803 4.728 5.024 5.339 5.675 6.032 6.408 6.805 7.222 7.660 8.118 8.596 9.094 9.572 9.986 10.398 10.807 11.214
5.378 5.686 5.991 6.293 6.592 6.888 7.180 7.455 7.646 7.817 7.608 7.396 7.189 6.989 6.795 6.607 6.425 6.249 6.080 5.916 5.766 5.630 5.618 5.608 5.598 5.587 5.574 5.561 5.547 5.532 5.516 5.499 5.481 5.465 5.504 5.555 5.616 5.689 5.774 5.869 5.977 6.095 6.225 6.366 6.519 6.644 6.487 6.318 6.137 5.944 5.739 5.523 5.294 5.054 4.802 4.538 4.262 4.103 4.488 4.894 5.321 5.767 6.234 6.721 7.229 7.756 8.304 8.872 9.461 10.014 10.418 10.819 11.219 11.616
5.372 5.633 5.873 6.094 6.295 6.477 6.639 6.781 6.903 7.006 6.853 6.662 6.477 6.298 6.125 5.959 5.798 5.643 5.494 5.352 5.223 5.108 5.081 5.067 5.053 5.037 5.021 5.004 4.986 4.967 4.947 4.926 4.904 4.882 4.964 5.065 5.177 5.300 5.435 5.582 5.740 5.909 6.089 6.281 6.484 6.697 6.487 6.265 6.031 5.786 5.528 5.259 4.977 4.684 4.379 4.062 3.733 3.457 3.933 4.429 4.946 5.482 6.039 6.617 7.214 7.832 8.470 9.128 9.807 10.457 10.851 11.243 11.632 12.019
5.196 5.387 5.560 5.712 5.845 5.958 6.051 6.125 6.179 6.214 6.094 5.924 5.761 5.603 5.451 5.305 5.166 5.032 4.904 4.783 4.676 4.582 4.545 4.527 4.509 4.490 4.469 4.448 4.426 4.403 4.380 4.355 4.329 4.303 4.411 4.563 4.726 4.900 5.085 5.282 5.491 5.710 5.941 6.184 6.437 6.702 6.500 6.225 5.939 5.640 5.330 5.008 4.673 4.327 3.970 3.600 3.218 2.825 3.357 3.944 4.550 5.177 5.824 6.492 7.179 7.887 8.615 9.363 10.118 10.820 11.156 11.498 11.845 12.198
5.038 5.161 5.265 5.349 5.413 5.458 5.483 5.489 5.475 5.441 5.331 5.182 5.039 4.903 4.772 4.647 4.529 4.416 4.310 4.209 4.123 4.051 4.011 3.989 3.967 3.944 3.920 3.895 3.869 3.842 3.814 3.785 3.756 3.725 3.847 4.049 4.263 4.488 4.724 4.971 5.230 5.500 5.781 6.074 6.378 6.694 6.525 6.198 5.859 5.507 5.144 4.769 4.382 3.984 3.573 3.150 2.716 2.270 2.762 3.516 4.370 5.194 5.989 6.755 7.491 8.198 8.876 9.524 10.143 10.733 11.108 11.474 11.846 12.224
4.898 4.953 4.989 5.004 5.001 4.977 4.934 4.871 4.789 4.687 4.563 4.435 4.314 4.198 4.089 3.985 3.888 3.796 3.711 3.631 3.566 3.515 3.478 3.453 3.427 3.400 3.371 3.343 3.313 3.282 3.250 3.218 3.184 3.150 3.272 3.524 3.788 4.063 4.350 4.648 4.957 5.278 5.610 5.953 6.307 6.673 6.564 6.183 5.791 5.387 4.992 4.651 4.350 4.089 3.866 3.683 3.539 3.434 3.986 4.739 5.463 6.157 6.822 7.458 8.065 8.642 9.190 9.709 10.198 10.658 11.054 11.445 11.842 12.244
4.777 4.764 4.731 4.679 4.607 4.515 4.404 4.273 4.122 3.952 3.791 3.684 3.584 3.489 3.401 3.318 3.242 3.171 3.107 3.048 3.005 2.975 2.948 2.918 2.888 2.857 2.825 2.792 2.758 2.724 2.688 2.652 2.614 2.576 2.684 2.987 3.302 3.627 3.964 4.313 4.672 5.044 5.406 5.749 6.073 6.379 6.328 6.004 5.720 5.475 5.270 5.103 4.976 4.888 4.839 4.830 4.859 4.928 5.367 5.990 6.584 7.149 7.684 8.190 8.667 9.115 9.533 9.922 10.282 10.612 10.995 11.411 11.832 12.259
4.675 4.593 4.492 4.372 4.231 4.072 3.892 3.693 3.474 3.236 3.014 2.928 2.849 2.776 2.708 2.647 2.591 2.542 2.498 2.461 2.439 2.430 2.419 2.386 2.351 2.316 2.281 2.244 2.206 2.167 2.128 2.087 2.099 2.174 2.343 2.753 3.145 3.517 3.871 4.206 4.523 4.820 5.099 5.358 5.599 5.821 5.869 5.720 5.610 5.539 5.507 5.514 5.560 5.646 5.771 5.935 6.138 6.380 6.776 7.269 7.733 8.168 8.574 8.951 9.298 9.616 9.905 10.165 10.395 10.596 10.930 11.371 11.817 12.269
4.591 4.441 4.272 4.083 3.875 3.647 3.399 3.132 2.846 2.539 2.233 2.168 2.110 2.057 2.011 1.971 1.936 1.908 1.885 1.869 1.868 1.880 1.892 1.963 2.183 2.371 2.528 2.653 2.745 2.806 2.836 2.833 2.799 2.733 2.724 3.051 3.359 3.648 3.918 4.170 4.403 4.617 4.812 4.988 5.146 5.284 5.370 5.395 5.458 5.561 5.702 5.883 6.103 6.362 6.660 6.998 7.374 7.790 8.213 8.577 8.911 9.217 9.493 9.740 9.958 10.146 10.306 10.436 10.537 10.608 10.860 11.325 11.796 12.273
4.526 4.308 4.071 3.814 3.537 3.241 2.926 2.590 2.236 1.861 1.468 1.404 1.366 1.335 1.309 1.335 1.669 2.019 2.385 2.768 3.136 3.488 3.852 3.968 4.047 4.094 4.109 4.092 4.044 3.964 3.852 3.708 3.532 3.325 3.125 3.368 3.593 3.799 3.986 4.154 4.303 4.434 4.546 4.639 4.713 4.768 4.831 5.029 5.265 5.541 5.857 6.211 6.604 7.037 7.508 8.019 8.569 9.158 9.678 9.912 10.117 10.293 10.440 10.558 10.646 10.705 10.735 10.736 10.707 10.650 10.784 11.274 11.770 12.271
4.479 4.193 3.888 3.563 3.218 2.854 2.471 2.067 1.697 1.542 1.427 1.662 1.987 2.328 2.686 3.060 3.450 3.856 4.278 4.717 5.142 5.550 5.971 6.007 5.944 5.850 5.724 5.566 5.376 5.154 4.901 4.616 4.300 3.951 3.571 3.706 3.847 3.970 4.073 4.158 4.224 4.271 4.300 4.310 4.301 4.273 4.250 4.621 5.032 5.481 5.970 6.497 7.064 7.670 8.314 8.998 9.721 10.483 11.171 11.276 11.351 11.398 11.416 11.404 11.363 11.293 11.193 11.065 10.907 10.720 10.702 11.217 11.738 12.264
4.451 4.107 3.806 3.546 3.327 3.150 3.013 2.917 2.863 2.849 2.877 3.145 3.526 3.924 4.338 4.767 5.213 5.676 6.154 6.649 7.130 7.595 8.073 8.078 7.874 7.639 7.371 7.072 6.741 6.379 5.985 5.559 5.101 4.611 4.090 4.063 4.121 4.160 4.181 4.182 4.165 4.129 4.075 4.001 3.909 3.798 3.668 4.174 4.757 5.380 6.041 6.742 7.482 8.261 9.079 9.936 10.832 11.767 12.692 12.667 12.614 12.531 12.419 12.278 12.108 11.909 11.680 11.423 11.136 10.820 10.615 11.155 11.700 12.251
4.435 4.236 4.077 3.960 3.884 3.849 3.854 3.901 3.989 4.118 4.287 4.612 5.049 5.502 5.972 6.458 6.960 7.478 8.013 8.564 9.101 9.623 10.158 10.182 9.837 9.461 9.052 8.612 8.141 7.637 7.102 6.535 5.936 5.306 4.644 4.441 4.416 4.372 4.309 4.227 4.127 4.008 3.870 3.713 3.538 3.343 3.130 3.685 4.442 5.237 6.072 6.946 7.859 8.811 9.802 10.832 11.901 13.009 14.156 14.087 13.904 13.693 13.452 13.181 12.882 12.554 12.196 11.809 11.393 10.948 10.491 10.957 11.406 11.836
4.383 4.326 4.311 4.336 4.402 4.509 4.657 4.846 5.076 5.347 5.659 6.061 6.555 7.064 7.590 8.132 8.690 9.264 9.855 10.461 11.055 11.634 12.225 12.320 11.834 11.316 10.767 10.186 9.573 8.929 8.253 7.545 6.805 6.034 5.231 4.838 4.730 4.603 4.457 4.292 4.108 3.906 3.685 3.445 3.187 2.909 2.613 3.155 4.085 5.054 6.062 7.108 8.194 9.319 10.483 11.686 12.928 14.208 15.528 15.535 15.223 14.811 14.249 13.687 13.124 12.560 11.996 11.432 10.867 10.301 9.735 10.060 10.429 10.780
4.293 4.379 4.505 4.672 4.881 5.130 5.420 5.751 6.123 6.537 6.990 7.494 8.044 8.609 9.191 9.789 10.403 11.033 11.679 12.342 12.992 13.627 14.275 14.490 13.863 13.205 12.514 11.793 11.039 10.254 9.437 8.588 7.708 6.796 5.853 5.256 5.064 4.854 4.625 4.377 4.110 3.825 3.521 3.198 2.856 2.496 2.117 2.585 3.688 4.830 6.010 7.230 8.527 9.878 11.145 12.330 13.433 14.453 15.391 15.253 14.690 14.126 13.562 12.997 12.432 11.866 11.300 10.733 10.165 9.597 9.028 9.181 9.471 9.743
4.165 4.392 4.661 4.971 5.321 5.712 6.145 6.618 7.132 7.687 8.283 8.910 9.516 10.137 10.775 11.429 12.099 12.785 13.487 14.206 14.912 15.604 16.308 16.693 15.925 15.126 14.295 13.433 12.538 11.613 10.655 9.666 8.645 7.592 6.508 5.693 5.419 5.125 4.813 4.482 4.132 3.764 3.377 3.094 3.141 3.168 3.176 3.857 5.255 6.570 7.803 8.954 10.022 11.007 11.911 12.732 13.470 14.126 14.699 14.575 14.010 13.443 12.877 12.309 11.742 11.173 10.604 10.035 9.465 8.895 8.324 8.321 8.532 8.725
