DATA/SHG/ECMWF/20170628/EN-31/20170628.en-31.asc
ncols        190
nrows        64
xllcorner    -5100000.000000000000
yllcorner    4130000.000000000000
cellsize     10000.000000000000
NODATA_value  -99999.000
[rows 0 to 32 of 64, columns 0 to 73 of 190]
4.472 4.266 4.055 3.838 3.616 3.388 3.154 2.915 2.670 2.650 2.693 2.725 2.747 2.759 2.761 2.752 2.733 2.704 2.664 2.697 2.745 2.892 3.094 3.301 3.515 3.735 3.960 4.191 4.429 4.672 4.921 5.176 5.437 5.578 5.624 5.654 5.667 5.663 5.642 5.604 5.549 5.478 5.389 5.284 5.162 5.126 5.177 5.229 5.282 5.335 5.388 5.442 5.497 5.552 5.608 5.664 5.721 5.687 5.541 5.390 5.234 5.073 4.907 4.735 4.558 4.376 4.189 3.996 3.799 3.858 4.345 4.839 5.338 5.844
4.332 4.106 3.875 3.638 3.396 3.149 2.895 2.636 2.372 2.276 2.282 2.278 2.379 2.471 2.550 2.616 2.670 2.712 2.740 2.756 2.760 2.874 3.097 3.325 3.560 3.800 4.047 4.299 4.557 4.822 5.092 5.368 5.650 5.803 5.790 5.760 5.714 5.650 5.570 5.473 5.359 5.228 5.080 4.915 4.734 4.636 4.690 4.744 4.798 4.853 4.909 4.965 5.021 5.078 5.136 5.194 5.253 5.242 5.078 4.909 4.735 4.555 4.370 4.180 3.985 3.785 3.580 3.369 3.153 3.113 3.622 4.137 4.658 5.185
4.197 3.952 3.701 3.445 3.194 3.000 2.830 2.683 2.560 2.546 2.631 2.704 2.763 2.811 2.845 2.867 2.876 2.873 2.857 2.829 2.788 2.850 3.093 3.343 3.599 3.860 4.127 4.401 4.680 4.965 5.256 5.553 5.856 6.045 5.973 5.884 5.778 5.655 5.515 5.359 5.186 4.995 4.788 4.564 4.324 4.147 4.202 4.258 4.314 4.371 4.429 4.487 4.546 4.605 4.664 4.725 4.785 4.802 4.620 4.433 4.241 4.043 3.840 3.632 3.418 3.200 2.976 2.747 2.639 2.633 3.277 3.910 4.530 5.139
4.056 3.851 3.670 3.512 3.378 3.267 3.180 3.117 3.076 3.077 3.118 3.145 3.161 3.163 3.153 3.131 3.095 3.048 2.987 2.914 2.829 2.819 3.084 3.354 3.631 3.913 4.202 4.496 4.796 5.102 5.414 5.732 6.056 6.305 6.173 6.025 5.859 5.677 5.478 5.262 5.030 4.780 4.514 4.231 3.931 3.657 3.715 3.773 3.831 3.890 3.950 4.010 4.070 4.131 4.193 4.255 4.318 4.369 4.169 3.963 3.759 3.643 3.532 3.426 3.325 3.230 3.140 3.055 2.976 2.902 3.493 4.084 4.662 5.229
3.882 3.760 3.662 3.587 3.536 3.508 3.504 3.524 3.566 3.621 3.617 3.600 3.571 3.529 3.474 3.407 3.328 3.236 3.131 3.013 2.883 2.782 3.068 3.359 3.657 3.960 4.269 4.584 4.906 5.232 5.565 5.904 6.249 6.581 6.390 6.182 5.958 5.716 5.458 5.183 4.891 4.583 4.257 3.915 3.556 3.180 3.227 3.287 3.348 3.409 3.470 3.532 3.595 3.678 3.824 3.967 4.107 4.245 4.153 4.045 3.941 3.843 3.751 3.663 3.581 3.504 3.433 3.367 3.306 3.251 3.719 4.268 4.805 5.331
3.682 3.643 3.628 3.636 3.668 3.723 3.802 3.904 4.030 4.178 4.129 4.068 3.994 3.908 3.809 3.697 3.573 3.436 3.287 3.126 2.951 2.764 3.046 3.358 3.676 4.001 4.331 4.667 5.009 5.357 5.710 6.070 6.436 6.807 6.624 6.357 6.073 5.773 5.455 5.121 4.770 4.402 4.018 3.616 3.198 2.763 2.779 2.934 3.087 3.237 3.384 3.529 3.670 3.809 3.945 4.079 4.210 4.338 4.292 4.202 4.118 4.038 3.964 3.895 3.832 3.774 3.721 3.674 3.631 3.595 3.957 4.464 4.959 5.443
3.456 3.500 3.568 3.659 3.774 3.912 4.074 4.259 4.467 4.699 4.654 4.548 4.430 4.299 4.156 4.000 3.831 3.650 3.457 3.251 3.032 2.801 3.017 3.350 3.689 4.035 4.386 4.743 5.105 5.474 5.849 6.229 6.616 7.008 6.875 6.549 6.206 5.846 5.470 5.094 4.731 4.372 4.018 3.668 3.322 2.981 2.980 3.126 3.269 3.409 3.547 3.681 3.814 3.943 4.069 4.193 4.314 4.433 4.426 4.355 4.289 4.228 4.172 4.122 4.077 4.038 4.004 3.975 3.951 3.933 4.205 4.670 5.124 5.566
3.205 3.332 3.483 3.657 3.854 4.075 4.320 4.587 4.879 5.193 5.192 5.041 4.879 4.704 4.516 4.316 4.103 3.878 3.640 3.389 3.127 2.851 2.982 3.336 3.696 4.062 4.434 4.812 5.196 5.585 5.981 6.382 6.771 7.153 7.078 6.708 6.343 5.982 5.625 5.273 4.925 4.582 4.243 3.908 3.577 3.251 3.184 3.320 3.453 3.584 3.712 3.837 3.959 4.079 4.196 4.310 4.421 4.530 4.555 4.502 4.454 4.412 4.375 4.344 4.317 4.296 4.281 4.270 4.265 4.266 4.463 4.888 5.300 5.700
2.928 3.138 3.372 3.629 3.909 4.212 4.539 4.890 5.264 5.661 5.742 5.548 5.341 5.121 4.889 4.645 4.388 4.118 3.836 3.541 3.234 2.914 2.941 3.316 3.697 4.086 4.474 4.860 5.244 5.627 6.008 6.387 6.764 7.140 7.177 6.822 6.472 6.127 5.785 5.448 5.115 4.787 4.463 4.143 3.828 3.517 3.390 3.516 3.640 3.761 3.879 3.995 4.107 4.218 4.325 4.429 4.531 4.630 4.678 4.644 4.615 4.591 4.573 4.560 4.552 4.549 4.552 4.560 4.574 4.593 4.733 5.116 5.486 5.845
2.626 2.919 3.235 3.575 3.937 4.324 4.733 5.166 5.623 6.102 6.305 6.067 5.815 5.552 5.275 4.986 4.685 4.364 3.999 3.652 3.325 3.015 2.968 3.355 3.740 4.124 4.505 4.886 5.264 5.640 6.015 6.388 6.760 7.129 7.272 6.932 6.597 6.267 5.940 5.618 5.301 4.988 4.679 4.374 4.074 3.778 3.598 3.715 3.829 3.940 4.049 4.155 4.258 4.359 4.456 4.551 4.643 4.733 4.796 4.780 4.769 4.764 4.765 4.770 4.781 4.797 4.818 4.845 4.877 4.914 5.013 5.354 5.684 6.001
2.299 2.674 3.073 3.495 3.940 4.409 4.901 5.417 5.955 6.518 6.827 6.398 5.986 5.594 5.220 4.864 4.527 4.209 3.909 3.628 3.366 3.122 3.025 3.406 3.785 4.163 4.539 4.913 5.285 5.655 6.024 6.391 6.756 7.120 7.362 7.038 6.718 6.402 6.091 5.784 5.482 5.183 4.890 4.600 4.315 4.034 3.809 3.916 4.021 4.122 4.221 4.318 4.411 4.502 4.590 4.676 4.758 4.838 4.908 4.911 4.919 4.932 4.951 4.975 5.004 5.039 5.079 5.124 5.175 5.230 5.304 5.604 5.892 6.168
1.946 2.404 2.885 3.380 3.855 4.309 4.743 5.156 5.548 5.919 6.194 5.830 5.484 5.157 4.849 4.559 4.287 4.034 3.800 3.584 3.387 3.208 3.084 3.459 3.832 4.204 4.573 4.941 5.308 5.672 6.035 6.396 6.755 7.112 7.447 7.138 6.834 6.533 6.237 5.945 5.658 5.375 5.096 4.822 4.551 4.286 4.024 4.120 4.215 4.307 4.396 4.483 4.567 4.648 4.727 4.802 4.875 4.946 5.013 5.037 5.063 5.095 5.132 5.175 5.223 5.276 5.334 5.377 5.407 5.442 5.481 5.707 5.947 6.186
1.807 2.271 2.715 3.138 3.540 3.921 4.282 4.622 4.941 5.239 5.516 5.244 4.963 4.701 4.458 4.234 4.027 3.840 3.671 3.521 3.389 3.275 3.181 3.514 3.881 4.246 4.610 4.972 5.332 5.690 6.047 6.402 6.755 7.107 7.456 7.235 6.945 6.660 6.379 6.102 5.830 5.562 5.298 5.039 4.783 4.533 4.286 4.326 4.411 4.494 4.573 4.651 4.725 4.797 4.865 4.932 4.995 5.056 5.114 5.157 5.179 5.195 5.216 5.241 5.269 5.302 5.339 5.380 5.425 5.474 5.526 5.724 5.960 6.193
1.808 2.199 2.570 2.919 3.248 3.557 3.844 4.111 4.357 4.582 4.787 4.638 4.423 4.227 4.049 3.889 3.749 3.626 3.523 3.437 3.371 3.323 3.293 3.570 3.931 4.290 4.648 5.004 5.358 5.710 6.061 6.410 6.757 7.102 7.446 7.327 7.052 6.782 6.516 6.254 5.997 5.744 5.495 5.251 5.011 4.775 4.544 4.534 4.610 4.683 4.753 4.821 4.885 4.910 4.930 4.951 4.975 5.000 5.027 5.052 5.079 5.110 5.145 5.183 5.226 5.273 5.324 5.379 5.438 5.501 5.568 5.743 5.973 6.202
1.831 2.150 2.447 2.724 2.980 3.215 3.430 3.624 3.797 3.949 4.080 4.013 3.864 3.732 3.620 3.526 3.450 3.393 3.355 3.335 3.333 3.351 3.386 3.628 3.983 4.336 4.688 5.038 5.386 5.732 6.077 6.420 6.761 7.100 7.438 7.414 7.154 6.899 6.648 6.402 6.160 5.922 5.688 5.459 5.234 5.013 4.737 4.629 4.643 4.660 4.679 4.699 4.722 4.746 4.773 4.801 4.831 4.864 4.898 4.935 4.976 5.021 5.069 5.122 5.179 5.240 5.305 5.374 5.448 5.525 5.606 5.764 5.988 6.211
1.878 2.123 2.347 2.551 2.734 2.897 3.038 3.159 3.259 3.339 3.398 3.369 3.285 3.219 3.172 3.143 3.133 3.141 3.167 3.213 3.276 3.359 3.459 3.687 4.036 4.384 4.729 5.073 5.415 5.755 6.094 6.431 6.766 7.099 7.431 7.497 7.252 7.012 6.767 6.473 6.184 5.900 5.621 5.348 5.079 4.815 4.557 4.422 4.443 4.467 4.492 4.520 4.549 4.581 4.614 4.649 4.686 4.726 4.767 4.813 4.868 4.927 4.990 5.057 5.129 5.204 5.283 5.366 5.453 5.545 5.640 5.786 6.005 6.222
1.947 2.119 2.271 2.402 2.512 2.601 2.670 2.718 2.745 2.752 2.738 2.707 2.688 2.687 2.705 2.741 2.796 2.869 2.961 3.071 3.200 3.347 3.513 3.748 4.091 4.433 4.772 5.110 5.446 5.780 6.113 6.425 6.691 6.954 7.215 7.300 7.008 6.722 6.440 6.164 5.893 5.627 5.366 5.109 4.859 4.613 4.372 4.213 4.241 4.272 4.304 4.339 4.375 4.413 4.453 4.496 4.540 4.586 4.634 4.688 4.757 4.830 4.908 4.989 5.074 5.163 5.256 5.354 5.455 5.560 5.670 5.809 6.022 6.235
2.038 2.138 2.217 2.275 2.312 2.329 2.325 2.300 2.255 2.189 2.102 2.025 2.071 2.135 2.218 2.320 2.439 2.578 2.735 2.910 3.104 3.316 3.547 3.811 4.120 4.395 4.667 4.937 5.204 5.469 5.731 5.991 6.248 6.503 6.755 6.915 6.641 6.373 6.109 5.850 5.597 5.348 5.105 4.867 4.633 4.405 4.182 4.003 4.038 4.075 4.115 4.156 4.199 4.244 4.291 4.340 4.391 4.444 4.499 4.559 4.642 4.730 4.821 4.916 5.016 5.119 5.226 5.338 5.453 5.572 5.696 5.833 6.042 6.248
2.153 2.180 2.186 2.171 2.135 2.079 2.003 1.905 1.787 1.649 1.489 1.324 1.435 1.565 1.713 1.879 2.064 2.279 2.498 2.710 2.913 3.109 3.298 3.482 3.751 4.017 4.280 4.541 4.800 5.056 5.310 5.561 5.809 6.055 6.298 6.526 6.270 6.019 5.773 5.532 5.296 5.065 4.840 4.619 4.403 4.193 3.987 3.791 3.833 3.877 3.923 3.971 4.021 4.073 4.127 4.183 4.241 4.301 4.363 4.427 4.524 4.625 4.731 4.840 4.953 5.071 5.192 5.318 5.447 5.581 5.718 5.860 6.062 6.264
2.290 2.244 2.177 2.090 1.982 1.853 1.704 1.534 1.343 1.132 0.970 0.822 1.022 1.253 1.475 1.691 1.898 2.098 2.290 2.475 2.652 2.821 2.982 3.136 3.384 3.642 3.896 4.149 4.399 4.646 4.891 5.133 5.373 5.610 5.845 6.077 5.894 5.660 5.432 5.209 4.991 4.778 4.570 4.367 4.169 3.976 3.788 3.605 3.626 3.677 3.730 3.785 3.842 3.901 3.962 4.025 4.089 4.156 4.225 4.295 4.402 4.517 4.636 4.760 4.887 5.019 5.154 5.294 5.437 5.585 5.737 5.892 6.084 6.280
2.450 2.331 2.191 2.045 1.899 1.752 1.605 1.457 1.309 1.160 1.011 0.862 0.983 1.187 1.383 1.571 1.752 1.925 2.090 2.248 2.398 2.541 2.675 2.802 3.021 3.269 3.516 3.759 4.001 4.239 4.475 4.709 4.940 5.169 5.395 5.618 5.513 5.297 5.087 4.881 4.681 4.485 4.295 4.110 3.930 3.754 3.584 3.419 3.418 3.476 3.535 3.597 3.661 3.727 3.795 3.864 3.936 4.009 4.085 4.162 4.275 4.405 4.538 4.676 4.818 4.963 5.113 5.249 5.360 5.473 5.587 5.703 5.842 5.990
2.539 2.392 2.245 2.097 1.949 1.801 1.652 1.503 1.353 1.204 1.053 0.903 0.953 1.129 1.299 1.460 1.614 1.760 1.899 2.030 2.153 2.269 2.377 2.477 2.660 2.900 3.138 3.373 3.605 3.835 4.063 4.288 4.510 4.730 4.948 5.162 5.128 4.930 4.737 4.549 4.366 4.189 4.016 3.848 3.686 3.528 3.376 3.228 3.207 3.272 3.339 3.408 3.478 3.551 3.626 3.702 3.780 3.861 3.943 4.027 4.128 4.234 4.342 4.451 4.561 4.674 4.787 4.902 5.019 5.137 5.257 5.378 5.516 5.665
2.595 2.447 2.298 2.149 2.000 1.850 1.700 1.549 1.399 1.247 1.096 0.944 0.930 1.080 1.223 1.358 1.485 1.604 1.716 1.820 1.917 2.006 2.087 2.160 2.303 2.534 2.763 2.990 3.213 3.435 3.654 3.870 4.084 4.295 4.504 4.710 4.738 4.558 4.382 4.212 4.047 3.887 3.732 3.582 3.437 3.297 3.162 3.032 2.996 3.067 3.141 3.216 3.294 3.364 3.426 3.484 3.537 3.586 3.631 3.672 3.743 3.854 3.967 4.082 4.198 4.315 4.434 4.555 4.676 4.800 4.925 5.051 5.189 5.341
2.651 2.502 2.352 2.202 2.051 1.900 1.748 1.596 1.444 1.291 1.138 0.985 0.916 1.039 1.155 1.263 1.363 1.456 1.541 1.619 1.689 1.751 1.805 1.852 1.949 2.172 2.392 2.609 2.825 3.037 3.247 3.455 3.660 3.863 4.063 4.260 4.343 4.181 4.023 3.871 3.723 3.581 3.443 3.311 3.184 3.061 2.954 2.843 2.786 2.854 2.918 2.978 3.034 3.085 3.132 3.175 3.214 3.248 3.279 3.305 3.357 3.474 3.592 3.712 3.833 3.956 4.080 4.206 4.333 4.462 4.592 4.724 4.863 5.016
2.709 2.558 2.406 2.254 2.102 1.950 1.797 1.644 1.490 1.336 1.182 1.027 0.910 1.007 1.096 1.177 1.251 1.317 1.375 1.426 1.469 1.504 1.532 1.552 1.598 1.812 2.023 2.232 2.439 2.643 2.844 3.043 3.239 3.433 3.625 3.814 3.944 3.799 3.660 3.575 3.491 3.399 3.300 3.193 3.079 2.958 2.829 2.693 2.585 2.638 2.688 2.733 2.774 2.810 2.843 2.871 2.895 2.915 2.930 2.942 2.970 3.092 3.216 3.341 3.467 3.596 3.725 3.856 3.989 4.123 4.258 4.395 4.537 4.691
2.763 2.614 2.461 2.308 2.154 2.000 1.846 1.691 1.536 1.381 1.225 1.069 0.912 0.982 1.044 1.099 1.146 1.185 1.217 1.241 1.257 1.266 1.267 1.261 1.250 1.455 1.658 1.858 2.056 2.251 2.444 2.636 2.891 3.148 3.408 3.670 3.926 3.838 3.742 3.639 3.529 3.411 3.286 3.154 3.014 2.867 2.712 2.550 2.388 2.427 2.461 2.492 2.518 2.540 2.558 2.571 2.581 2.586 2.587 2.583 2.582 2.710 2.839 2.969 3.101 3.234 3.369 3.505 3.643 3.783 3.923 4.066 4.210 4.366
2.790 2.670 2.516 2.361 2.207 2.051 1.896 1.740 1.583 1.426 1.269 1.111 0.954 0.966 1.001 1.029 1.050 1.062 1.067 1.065 1.054 1.037 1.011 0.978 0.945 1.159 1.409 1.660 1.914 2.170 2.429 2.690 2.953 3.219 3.487 3.757 4.030 3.962 3.840 3.711 3.575 3.431 3.280 3.122 2.956 2.783 2.602 2.414 2.219 2.220 2.240 2.255 2.267 2.274 2.277 2.276 2.271 2.261 2.248 2.230 2.208 2.326 2.461 2.596 2.733 2.872 3.012 3.154 3.297 3.441 3.588 3.735 3.884 4.041
2.821 2.727 2.571 2.415 2.259 2.102 1.945 1.788 1.630 1.472 1.313 1.154 0.995 0.958 0.967 0.968 0.961 0.970 1.015 1.046 1.063 1.066 1.055 1.030 0.992 1.162 1.419 1.679 1.941 2.206 2.472 2.742 3.013 3.287 3.563 3.841 4.122 4.093 3.945 3.791 3.628 3.459 3.282 3.098 2.906 2.707 2.501 2.287 2.065 2.017 2.022 2.024 2.020 2.013 2.002 1.986 1.966 1.942 1.913 1.881 1.844 1.942 2.081 2.222 2.365 2.509 2.654 2.801 2.949 3.099 3.251 3.404 3.558 3.716
2.858 2.784 2.627 2.470 2.312 2.154 1.996 1.837 1.678 1.518 1.412 1.349 1.262 1.249 1.301 1.339 1.363 1.373 1.369 1.351 1.320 1.274 1.214 1.140 1.053 1.162 1.427 1.695 1.966 2.238 2.513 2.791 3.070 3.352 3.637 3.923 4.212 4.231 4.058 3.877 3.689 3.494 3.291 3.081 2.863 2.639 2.406 2.167 1.919 1.819 1.810 1.796 1.778 1.756 1.730 1.700 1.665 1.626 1.583 1.536 1.485 1.557 1.701 1.848 1.995 2.144 2.295 2.447 2.601 2.756 2.913 3.071 3.231 3.392
2.900 2.842 2.683 2.649 2.669 2.665 2.638 2.586 2.511 2.412 2.289 2.142 1.972 1.863 1.866 1.855 1.830 1.791 1.738 1.671 1.591 1.496 1.387 1.265 1.128 1.159 1.433 1.709 1.988 2.269 2.552 2.837 3.125 3.415 3.708 4.003 4.300 4.377 4.178 3.971 3.758 3.536 3.308 3.072 2.828 2.578 2.320 2.054 1.781 1.625 1.601 1.573 1.541 1.504 1.463 1.418 1.369 1.316 1.258 1.196 1.130 1.170 1.320 1.472 1.625 1.779 1.935 2.093 2.259 2.431 2.597 2.757 2.909 3.067
4.038 4.193 4.177 4.137 4.073 3.986 3.874 3.739 3.580 3.398 3.191 2.961 2.706 2.490 2.445 2.385 2.311 2.223 2.121 2.006 1.876 1.733 1.575 1.404 1.219 1.154 1.436 1.720 2.007 2.296 2.588 2.881 3.177 3.476 3.776 4.079 4.385 4.530 4.305 4.073 3.833 3.586 3.332 3.070 2.801 2.524 2.240 1.949 1.650 1.436 1.397 1.355 1.308 1.256 1.201 1.141 1.077 1.009 0.937 0.860 0.780 0.806 1.003 1.193 1.376 1.552 1.722 1.885 2.041 2.190 2.333 2.468 2.597 2.741
5.725 5.872 5.772 5.649 5.501 5.330 5.135 4.917 4.674 4.408 4.118 3.804 3.466 3.132 3.038 2.929 2.806 2.670 2.519 2.355 2.176 1.984 1.778 1.557 1.323 1.146 1.437 1.729 2.024 2.321 2.621 2.923 3.227 3.534 3.842 4.154 4.467 4.691 4.440 4.182 3.917 3.644 3.363 3.076 2.781 2.479 2.169 1.852 1.527 1.251 1.198 1.141 1.079 1.013 1.015 1.047 1.053 1.032 0.986 0.912 0.813 0.759 0.933 1.099 1.259 1.412 1.558 1.697 1.830 1.955 2.074 2.187 2.292 2.413
7.420 7.549 7.392 7.185 6.954 6.699 6.421 6.118 5.792 5.442 5.069 4.671 4.250 3.805 3.645 3.487 3.316 3.130 2.931 2.718 2.491 2.249 1.994 1.726 1.443 1.146 1.435 1.735 2.039 2.344 2.652 2.962 3.274 3.589 3.906 4.225 4.547 4.859 4.582 4.298 4.007 3.709 3.403 3.089 2.768 2.440 2.105 1.901 1.734 1.556 1.627 1.673 1.692 1.685 1.652 1.592 1.506 1.394 1.256 1.092 0.901 0.719 0.869 1.012 1.148 1.278 1.400 1.516 1.625 1.728 1.823 1.912 1.994 2.084
