DATA/SHG/ECMWF/20170628/EN-31/20170712.en-31.asc
ncols        190
nrows        64
xllcorner    -5100000.000000000000
yllcorner    4130000.000000000000
cellsize     10000.000000000000
NODATA_value  -99999.000
[rows 0 to 31 of 64, columns 0 to 71 of 190]
2.416 2.284 2.169 2.071 1.991 1.927 1.881 1.852 1.841 1.804 1.749 1.686 1.613 1.532 1.443 1.345 1.239 1.124 1.000 0.980 0.994 1.073 1.168 1.245 1.303 1.345 1.368 1.374 1.362 1.333 1.286 1.221 1.138 1.307 1.638 1.957 2.264 2.560 2.844 3.116 3.376 3.625 3.862 4.088 4.302 4.244 3.965 3.698 3.444 3.202 2.972 2.755 2.551 2.359 2.179 2.012 1.857 1.747 1.679 1.608 1.536 1.463 1.387 1.310 1.232 1.151 1.069 0.985 0.899 0.831 0.793 0.755
1.965 1.894 1.840 1.803 1.783 1.781 1.796 1.828 1.877 1.853 1.768 1.674 1.688 1.704 1.720 1.735 1.750 1.765 1.778 1.791 1.804 1.834 1.865 1.880 1.876 1.855 1.816 1.759 1.685 1.593 1.483 1.356 1.211 1.264 1.554 1.831 2.098 2.352 2.595 2.826 3.046 3.254 3.450 3.635 3.808 3.811 3.576 3.353 3.142 2.944 2.758 2.585 2.424 2.276 2.140 2.016 1.905 1.813 1.738 1.662 1.584 1.504 1.423 1.340 1.255 1.168 1.080 0.990 0.899 0.820 0.784 0.750
1.496 1.485 1.492 1.516 1.578 1.741 1.921 2.120 2.336 2.468 2.484 2.499 2.514 2.528 2.542 2.555 2.568 2.580 2.591 2.602 2.613 2.611 2.581 2.532 2.466 2.382 2.281 2.162 2.025 1.871 1.698 1.509 1.301 1.233 1.481 1.718 1.943 2.157 2.359 2.549 2.728 2.895 3.050 3.194 3.326 3.367 3.175 2.996 2.829 2.674 2.532 2.402 2.285 2.180 2.088 2.008 1.940 1.880 1.799 1.717 1.633 1.547 1.460 1.371 1.280 1.187 1.093 0.997 0.902 0.809 0.775 0.740
1.361 1.516 1.689 1.879 2.086 2.312 2.554 2.815 3.093 3.300 3.314 3.327 3.340 3.352 3.364 3.375 3.385 3.395 3.404 3.413 3.421 3.407 3.313 3.202 3.074 2.928 2.764 2.582 2.383 2.166 1.932 1.680 1.410 1.213 1.421 1.617 1.801 1.974 2.135 2.284 2.422 2.548 2.663 2.765 2.857 2.910 2.762 2.627 2.503 2.392 2.294 2.208 2.134 2.073 2.024 1.988 1.964 1.948 1.862 1.773 1.685 1.606 1.522 1.434 1.341 1.243 1.140 1.032 0.919 0.802 0.765 0.729
1.601 1.818 2.053 2.305 2.575 2.862 3.167 3.490 3.830 4.132 4.144 4.155 4.165 4.175 4.185 4.193 4.201 4.209 4.216 4.223 4.228 4.219 4.064 3.890 3.699 3.491 3.265 3.021 2.759 2.480 2.183 1.869 1.537 1.206 1.372 1.527 1.671 1.803 1.923 2.031 2.128 2.214 2.287 2.349 2.400 2.438 2.338 2.246 2.166 2.099 2.044 2.002 1.972 1.969 2.015 2.051 2.077 2.094 2.020 1.934 1.843 1.748 1.647 1.542 1.431 1.316 1.196 1.072 0.942 0.807 0.755 0.717
1.820 2.100 2.396 2.711 3.043 3.392 3.759 4.144 4.546 4.963 4.973 4.982 4.990 4.998 5.005 5.011 5.017 5.023 5.028 5.032 5.035 5.039 4.831 4.596 4.342 4.072 3.783 3.477 3.153 2.812 2.453 2.076 1.682 1.270 1.336 1.450 1.553 1.644 1.723 1.791 1.847 1.891 1.924 1.945 1.955 1.953 1.959 2.040 2.110 2.171 2.221 2.262 2.293 2.314 2.325 2.327 2.318 2.300 2.218 2.115 2.007 1.894 1.776 1.654 1.527 1.394 1.257 1.116 0.969 0.817 0.746 0.706
2.020 2.361 2.720 3.097 3.491 3.902 4.332 4.778 5.243 5.724 5.801 5.808 5.814 5.819 5.824 5.829 5.833 5.836 5.838 5.840 5.842 5.843 5.617 5.319 5.003 4.670 4.319 3.951 3.565 3.162 2.740 2.302 1.845 1.371 1.312 1.385 1.447 1.497 1.535 1.621 1.752 1.887 2.027 2.171 2.319 2.472 2.557 2.602 2.638 2.664 2.680 2.686 2.682 2.669 2.645 2.612 2.569 2.516 2.420 2.300 2.175 2.045 1.910 1.771 1.626 1.477 1.323 1.164 1.001 0.832 0.737 0.696
2.200 2.603 3.024 3.463 3.919 4.393 4.884 5.392 5.919 6.462 6.629 6.634 6.637 6.641 6.643 6.646 6.647 6.648 6.649 6.648 6.648 6.646 6.419 6.059 5.682 5.286 4.873 4.443 3.995 3.529 3.046 2.545 2.052 1.579 1.469 1.593 1.721 1.854 1.992 2.133 2.280 2.430 2.585 2.744 2.908 3.076 3.163 3.174 3.175 3.166 3.147 3.119 3.080 3.032 2.974 2.906 2.828 2.741 2.626 2.489 2.347 2.200 2.048 1.892 1.731 1.564 1.393 1.217 1.037 0.851 0.728 0.686
2.360 2.826 3.309 3.809 4.327 4.863 5.416 5.986 6.574 7.180 7.456 7.459 7.460 7.461 7.462 7.462 7.461 7.460 7.458 7.456 7.453 7.450 7.240 6.817 6.377 5.846 5.322 4.812 4.317 3.837 3.371 2.919 2.481 2.058 1.899 2.038 2.182 2.331 2.483 2.641 2.802 2.968 3.138 3.313 3.492 3.676 3.778 3.755 3.721 3.677 3.624 3.561 3.488 3.405 3.312 3.209 3.097 2.975 2.837 2.683 2.524 2.360 2.191 2.018 1.839 1.656 1.468 1.275 1.078 0.875 0.720 0.676
2.501 3.028 3.573 4.135 4.715 5.313 5.928 6.560 7.210 7.878 8.283 8.283 8.283 8.281 8.280 8.278 8.275 8.252 8.097 7.950 7.812 7.682 7.412 6.896 6.394 5.906 5.433 4.974 4.529 4.099 3.683 3.282 2.894 2.522 2.324 2.479 2.638 2.802 2.970 3.142 3.319 3.501 3.686 3.876 4.071 4.270 4.403 4.344 4.276 4.198 4.110 4.012 3.904 3.787 3.659 3.522 3.375 3.218 3.052 2.881 2.705 2.524 2.339 2.148 1.953 1.753 1.548 1.338 1.123 0.904 0.713 0.667
2.621 3.211 3.817 4.442 5.083 5.743 6.420 7.114 7.826 8.555 9.049 8.866 8.690 8.524 8.365 8.214 8.072 7.938 7.812 7.694 7.584 7.483 7.307 6.841 6.389 5.952 5.529 5.120 4.726 4.346 3.981 3.629 3.292 2.970 2.744 2.914 3.089 3.268 3.451 3.639 3.831 4.028 4.229 4.434 4.644 4.858 5.036 4.943 4.840 4.727 4.604 4.472 4.330 4.178 4.016 3.844 3.663 3.471 3.272 3.084 2.891 2.693 2.490 2.283 2.071 1.853 1.631 1.405 1.173 0.937 0.706 0.658
2.722 3.373 4.042 4.722 5.374 5.993 6.578 7.131 7.650 8.135 8.525 8.371 8.224 8.086 7.956 7.835 7.721 7.616 7.519 7.430 7.349 7.276 7.187 6.771 6.370 5.983 5.610 5.252 4.908 4.578 4.263 3.962 3.675 3.403 3.158 3.344 3.534 3.728 3.927 4.131 4.338 4.550 4.766 4.987 5.212 5.442 5.676 5.550 5.413 5.265 5.108 4.941 4.764 4.578 4.381 4.175 3.959 3.733 3.498 3.291 3.081 2.866 2.647 2.422 2.193 1.959 1.720 1.520 1.367 1.232 1.117 1.150
3.123 3.758 4.360 4.928 5.463 5.964 6.433 6.868 7.269 7.638 7.973 7.867 7.750 7.641 7.540 7.447 7.362 7.286 7.217 7.157 7.105 7.061 7.025 6.687 6.335 5.999 5.676 5.368 5.075 4.795 4.530 4.279 4.043 3.820 3.613 3.769 3.974 4.184 4.398 4.617 4.840 5.067 5.299 5.535 5.775 6.020 6.269 6.167 5.995 5.813 5.621 5.420 5.208 4.987 4.756 4.516 4.265 4.005 3.735 3.503 3.270 3.050 2.849 2.667 2.504 2.360 2.235 2.129 2.042 1.973 1.924 1.927
3.717 4.235 4.719 5.170 5.588 5.972 6.323 6.641 6.926 7.177 7.395 7.356 7.268 7.187 7.115 7.051 6.995 6.947 6.907 6.876 6.852 6.837 6.830 6.587 6.286 6.000 5.728 5.470 5.226 4.997 4.782 4.581 4.395 4.223 4.065 4.189 4.409 4.634 4.864 5.098 5.336 5.579 5.826 6.077 6.333 6.593 6.857 6.792 6.586 6.369 6.143 5.907 5.661 5.370 5.067 4.759 4.445 4.126 3.803 3.570 3.398 3.244 3.110 2.994 2.897 2.819 2.760 2.719 2.698 2.695 2.712 2.711
4.347 4.748 5.115 5.448 5.749 6.016 6.250 6.451 6.618 6.753 6.854 6.837 6.777 6.726 6.682 6.647 6.620 6.600 6.589 6.587 6.592 6.605 6.627 6.473 6.222 5.986 5.764 5.556 5.363 5.184 5.019 4.868 4.732 4.610 4.502 4.603 4.839 5.080 5.324 5.574 5.827 6.085 6.347 6.614 6.885 7.160 7.382 7.314 7.024 6.728 6.427 6.122 5.811 5.494 5.173 4.847 4.515 4.178 3.837 3.614 3.508 3.420 3.351 3.301 3.270 3.258 3.265 3.291 3.335 3.399 3.481 3.502
5.013 5.296 5.546 5.763 5.946 6.096 6.213 6.297 6.348 6.365 6.349 6.310 6.279 6.256 6.241 6.235 6.236 6.246 6.263 6.289 6.323 6.365 6.416 6.344 6.143 5.957 5.785 5.628 5.484 5.355 5.240 5.140 5.054 4.982 4.924 5.013 5.264 5.520 5.769 5.964 6.166 6.375 6.593 6.818 7.051 7.292 7.541 7.552 7.244 6.930 6.611 6.287 5.958 5.624 5.284 4.940 4.590 4.235 3.876 3.639 3.599 3.577 3.574 3.590 3.625 3.679 3.752 3.843 3.954 4.083 4.231 4.300
5.714 5.880 6.013 6.113 6.179 6.213 6.213 6.180 6.113 6.014 5.881 5.775 5.773 5.778 5.792 5.814 5.844 5.883 5.929 5.983 6.046 6.117 6.196 6.200 6.049 5.913 5.791 5.684 5.591 5.512 5.447 5.381 5.285 5.188 5.091 5.084 5.282 5.488 5.702 5.923 6.153 6.390 6.635 6.887 7.147 7.416 7.691 7.795 7.469 7.137 6.800 6.458 6.111 5.758 5.401 5.038 4.670 4.298 3.920 3.646 3.671 3.716 3.779 3.861 3.962 4.081 4.220 4.377 4.553 4.749 4.962 5.106
6.451 6.500 6.516 6.499 6.449 6.365 6.248 6.099 5.916 5.699 5.450 5.232 5.258 5.293 5.335 5.386 5.445 5.511 5.586 5.670 5.761 5.860 5.968 6.041 5.943 5.849 5.755 5.661 5.565 5.468 5.371 5.273 5.174 5.074 4.973 4.927 5.152 5.386 5.627 5.875 6.132 6.396 6.668 6.948 7.236 7.531 7.834 8.043 7.698 7.348 6.993 6.633 6.268 5.898 5.522 5.141 4.756 4.365 3.969 3.635 3.726 3.836 3.965 4.113 4.279 4.465 4.669 4.892 5.134 5.395 5.675 5.918
7.223 7.156 7.055 6.921 6.754 6.554 6.320 6.054 5.754 5.421 5.055 4.681 4.736 4.799 4.870 4.949 5.037 5.182 5.345 5.495 5.631 5.754 5.863 5.951 5.856 5.760 5.663 5.565 5.466 5.367 5.267 5.165 5.063 4.960 4.857 4.762 5.015 5.275 5.543 5.819 6.103 6.395 6.694 7.001 7.316 7.638 7.968 8.296 7.933 7.565 7.192 6.814 6.430 6.042 5.648 5.250 4.846 4.437 4.023 3.605 3.762 3.938 4.133 4.346 4.579 4.830 5.100 5.389 5.696 6.023 6.368 6.732
8.031 7.847 7.629 7.379 7.095 6.778 6.428 6.045 5.629 5.180 4.788 4.436 4.580 4.764 4.934 5.091 5.234 5.363 5.479 5.581 5.670 5.745 5.806 5.854 5.770 5.671 5.571 5.471 5.369 5.266 5.163 5.059 4.954 4.848 4.741 4.634 4.869 5.157 5.452 5.756 6.067 6.385 6.712 7.046 7.388 7.737 8.095 8.460 8.172 7.786 7.395 6.999 6.598 6.191 5.779 5.363 4.941 4.514 4.082 3.645 3.780 4.021 4.282 4.561 4.859 5.176 5.512 5.866 6.240 6.632 7.043 7.472
8.874 8.573 8.239 7.780 7.345 6.933 6.545 6.182 5.842 5.526 5.234 4.966 5.015 5.150 5.273 5.382 5.477 5.559 5.627 5.681 5.722 5.750 5.763 5.764 5.686 5.584 5.481 5.377 5.272 5.167 5.061 4.954 4.846 4.737 4.627 4.517 4.716 5.031 5.354 5.684 6.022 6.368 6.722 7.083 7.452 7.829 8.213 8.606 8.417 8.013 7.604 7.189 6.770 6.345 5.916 5.481 5.041 4.596 4.146 3.691 3.779 4.087 4.413 4.758 5.122 5.504 5.905 6.299 6.649 6.985 7.309 7.619
8.810 8.386 7.987 7.611 7.260 6.932 6.629 6.349 6.093 5.861 5.654 5.470 5.463 5.551 5.626 5.687 5.734 5.768 5.789 5.796 5.789 5.769 5.735 5.688 5.602 5.497 5.391 5.285 5.177 5.069 4.959 4.849 4.738 4.627 4.514 4.400 4.555 4.897 5.247 5.605 5.970 6.343 6.724 7.112 7.508 7.912 8.324 8.743 8.666 8.244 7.817 7.384 6.947 6.504 6.057 5.604 5.146 4.683 4.215 3.742 3.783 4.177 4.558 4.927 5.283 5.626 5.956 6.274 6.578 6.870 7.149 7.416
8.363 8.023 7.708 7.417 7.149 6.906 6.686 6.490 6.318 6.171 6.047 5.947 5.925 5.965 5.992 6.006 6.006 5.992 5.965 5.924 5.870 5.802 5.721 5.626 5.520 5.412 5.303 5.193 5.083 4.971 4.859 4.746 4.632 4.517 4.402 4.285 4.386 4.756 5.133 5.517 5.910 6.310 6.718 7.133 7.556 7.987 8.426 8.873 8.920 8.480 8.035 7.584 7.129 6.684 6.251 5.822 5.396 4.974 4.555 4.140 4.081 4.430 4.767 5.091 5.403 5.701 5.987 6.260 6.520 6.768 7.002 7.224
7.890 7.635 7.404 7.196 7.013 6.853 6.717 6.605 6.517 6.453 6.413 6.397 6.400 6.393 6.373 6.339 6.291 6.230 6.155 6.067 5.965 5.850 5.721 5.579 5.438 5.327 5.216 5.103 4.989 4.875 4.760 4.644 4.527 4.409 4.291 4.171 4.210 4.606 5.010 5.422 5.842 6.269 6.704 7.146 7.597 8.055 8.544 9.018 9.187 8.748 8.313 7.881 7.453 7.029 6.609 6.192 5.779 5.369 4.963 4.561 4.390 4.695 4.988 5.267 5.534 5.788 6.030 6.258 6.474 6.677 6.868 7.045
7.392 7.221 7.073 6.950 6.850 6.774 6.722 6.694 6.690 6.710 6.754 6.821 6.890 6.836 6.768 6.686 6.591 6.482 6.360 6.224 6.075 5.912 5.736 5.546 5.358 5.244 5.129 5.014 4.897 4.780 4.662 4.543 4.423 4.302 4.180 4.058 4.026 4.449 4.880 5.457 6.026 6.569 7.083 7.571 8.031 8.464 8.870 9.248 9.464 9.038 8.616 8.197 7.782 7.370 6.962 6.558 6.157 5.760 5.367 4.978 4.712 4.973 5.220 5.456 5.678 5.888 6.085 6.269 6.440 6.599 6.745 6.878
6.865 6.781 6.717 6.678 6.662 6.670 6.702 6.757 6.837 6.940 7.068 7.219 7.394 7.292 7.176 7.047 6.905 6.748 6.579 6.396 6.199 5.989 5.765 5.528 5.279 5.162 5.044 4.925 4.806 4.686 4.564 4.446 4.501 4.572 4.659 4.762 4.892 5.448 5.976 6.478 6.952 7.399 7.818 8.210 8.575 8.913 9.223 9.506 9.738 9.325 8.915 8.508 8.106 7.707 7.312 6.920 6.532 6.148 5.767 5.390 5.045 5.262 5.465 5.656 5.834 5.999 6.152 6.292 6.419 6.533 6.635 6.724
6.307 6.315 6.335 6.380 6.447 6.539 6.655 6.794 6.957 7.144 7.355 7.590 7.849 7.762 7.599 7.422 7.232 7.029 6.812 6.581 6.337 6.079 5.808 5.523 5.243 5.216 5.230 5.261 5.307 5.370 5.448 5.543 5.654 5.781 5.925 6.084 6.260 6.686 7.119 7.525 7.903 8.255 8.579 8.876 9.145 9.388 9.603 9.791 9.951 9.607 9.210 8.816 8.426 8.040 7.657 7.278 6.903 6.531 6.163 5.799 5.438 5.562 5.722 5.868 6.002 6.123 6.231 6.326 6.409 6.479 6.536 6.581
5.772 5.824 5.928 6.056 6.207 6.383 6.582 6.805 7.052 7.322 7.617 7.935 8.278 8.246 8.036 7.812 7.574 7.328 7.097 6.878 6.670 6.475 6.291 6.119 5.960 5.958 6.028 6.115 6.217 6.336 6.471 6.622 6.790 6.973 7.172 7.388 7.620 7.950 8.287 8.598 8.881 9.138 9.366 9.568 9.742 9.889 10.009 10.102 10.167 9.886 9.501 9.120 8.743 8.369 7.999 7.632 7.270 6.911 6.555 6.203 5.855 5.875 5.990 6.092 6.181 6.258 6.322 6.373 6.412 6.437 6.450 6.451
5.261 5.307 5.495 5.706 5.941 6.200 6.483 6.790 7.120 7.474 7.866 8.253 8.606 8.618 8.381 8.156 7.942 7.740 7.551 7.373 7.207 7.053 6.911 6.781 6.663 6.681 6.808 6.951 7.110 7.285 7.476 7.683 7.907 8.146 8.402 8.673 8.961 9.240 9.482 9.698 9.886 10.047 10.180 10.287 10.366 10.418 10.442 10.440 10.410 10.160 9.788 9.420 9.055 8.694 8.336 7.983 7.632 7.286 6.943 6.604 6.268 6.200 6.270 6.328 6.373 6.405 6.425 6.432 6.426 6.408 6.377 6.333
4.774 4.765 5.036 5.480 5.988 6.462 6.901 7.306 7.676 8.011 8.312 8.578 8.810 8.851 8.655 8.471 8.299 8.139 7.991 7.855 7.731 7.619 7.518 7.430 7.353 7.387 7.570 7.769 7.984 8.215 8.463 8.726 9.006 9.301 9.613 9.941 10.285 10.556 10.703 10.823 10.916 10.982 11.020 11.032 11.016 10.973 10.902 10.805 10.680 10.431 10.072 9.716 9.364 9.015 8.670 8.329 7.991 7.657 7.327 7.000 6.678 6.536 6.562 6.576 6.577 6.565 6.540 6.503 6.529 6.673 6.820 6.970
5.655 5.933 6.390 6.811 7.198 7.551 7.869 8.152 8.401 8.615 8.795 8.940 9.050 9.070 8.916 8.774 8.644 8.525 8.419 8.324 8.241 8.171 8.112 8.065 8.030 8.075 8.314 8.569 8.841 9.128 9.431 9.751 10.087 10.438 10.806 11.190 11.590 11.898 11.950 11.975 11.973 11.943 11.887 11.803 11.692 11.554 11.389 11.196 10.976 10.698 10.351 10.008 9.668 9.332 9.000 8.671 8.346 8.025 7.707 7.393 7.083 6.952 7.084 7.220 7.359 7.502 7.647 7.795 7.946 8.101 8.259 8.419
7.163 7.544 7.879 8.179 8.445 8.676 8.873 9.035 9.163 9.256 9.315 9.338 9.328 9.277 9.164 9.064 8.975 8.898 8.833 8.780 8.739 8.709 8.692 8.686 8.693 8.745 9.041 9.352 9.679 10.023 10.382 10.758 11.149 11.557 11.981 12.421 12.876 13.266 13.223 13.153 13.056 12.931 12.780 12.601 12.395 12.162 11.902 11.614 11.300 10.961 10.627 10.296 9.969 9.646 9.350 9.098 8.877 8.688 8.530 8.404 8.310 8.291 8.434 8.581 8.730 8.883 9.039 9.198 9.360 9.524 9.693 9.864
