DATA/SHG/ECMWF/20170628/EN-31/20170630.en-31.asc
ncols        190
nrows        64
xllcorner    -5100000.000000000000
yllcorner    4130000.000000000000
cellsize     10000.000000000000
NODATA_value  -99999.000
[rows 0 to 31 of 64, columns 0 to 71 of 190]
3.007 2.925 2.856 2.800 2.757 2.728 2.711 2.708 2.719 2.700 2.674 2.651 2.633 2.618 2.608 2.602 2.600 2.602 2.608 2.597 2.582 2.449 2.263 2.080 1.900 1.723 1.549 1.377 1.209 1.043 0.881 0.721 0.564 0.566 0.672 0.781 0.893 1.009 1.127 1.248 1.373 1.501 1.631 1.765 1.902 1.908 1.795 1.681 1.567 1.451 1.334 1.217 1.098 0.979 0.858 0.737 0.615 0.605 0.723 0.832 0.934 1.027 1.112 1.188 1.256 1.316 1.367 1.411 1.445 1.431 1.350 1.272
2.461 2.425 2.403 2.394 2.398 2.416 2.446 2.490 2.547 2.564 2.552 2.544 2.524 2.505 2.487 2.470 2.454 2.439 2.426 2.413 2.401 2.301 2.125 1.953 1.783 1.616 1.452 1.291 1.132 0.977 0.824 0.675 0.528 0.504 0.621 0.741 0.864 0.990 1.120 1.252 1.388 1.526 1.668 1.813 1.961 2.007 1.891 1.774 1.656 1.537 1.417 1.296 1.174 1.051 0.927 0.803 0.677 0.621 0.710 0.791 0.863 0.927 0.982 1.030 1.069 1.099 1.122 1.136 1.142 1.122 1.049 0.978
1.900 1.912 1.936 1.974 2.032 2.117 2.197 2.270 2.339 2.364 2.346 2.329 2.312 2.297 2.283 2.270 2.258 2.247 2.237 2.228 2.220 2.150 1.985 1.822 1.663 1.506 1.352 1.201 1.053 0.908 0.765 0.626 0.489 0.439 0.567 0.698 0.832 0.969 1.109 1.253 1.399 1.549 1.702 1.857 2.016 2.107 1.988 1.867 1.746 1.623 1.500 1.376 1.250 1.124 0.997 0.869 0.740 0.646 0.706 0.757 0.800 0.835 0.861 0.879 0.889 0.891 0.884 0.869 0.918 0.975 0.990 1.005
1.572 1.660 1.742 1.819 1.890 1.955 2.014 2.068 2.116 2.141 2.126 2.112 2.100 2.088 2.078 2.068 2.060 2.053 2.047 2.041 2.037 1.997 1.842 1.689 1.540 1.393 1.249 1.109 0.971 0.836 0.703 0.574 0.448 0.370 0.509 0.651 0.796 0.944 1.096 1.250 1.408 1.568 1.732 1.899 2.068 2.208 2.085 1.961 1.836 1.711 1.584 1.456 1.328 1.198 1.068 0.936 0.804 0.678 0.709 0.731 0.746 0.773 0.808 0.851 0.901 0.960 1.026 1.099 1.181 1.270 1.284 1.296
1.517 1.585 1.647 1.704 1.754 1.799 1.838 1.871 1.899 1.916 1.905 1.895 1.887 1.879 1.872 1.867 1.862 1.858 1.856 1.855 1.854 1.841 1.696 1.553 1.414 1.278 1.144 1.013 0.886 0.761 0.639 0.520 0.403 0.299 0.449 0.602 0.758 0.917 1.079 1.244 1.413 1.584 1.759 1.937 2.117 2.301 2.183 2.056 1.928 1.799 1.669 1.538 1.406 1.268 1.116 0.968 0.823 0.681 0.698 0.737 0.783 0.838 0.900 0.970 1.047 1.133 1.226 1.327 1.436 1.552 1.579 1.588
1.469 1.517 1.559 1.595 1.625 1.650 1.669 1.682 1.689 1.691 1.684 1.678 1.672 1.669 1.666 1.664 1.663 1.663 1.664 1.667 1.670 1.675 1.547 1.415 1.286 1.159 1.036 0.915 0.798 0.683 0.571 0.462 0.356 0.253 0.385 0.549 0.716 0.886 1.059 1.235 1.415 1.597 1.783 1.971 2.163 2.358 2.268 2.105 1.945 1.789 1.636 1.486 1.339 1.196 1.056 0.919 0.785 0.655 0.672 0.739 0.812 0.894 0.983 1.081 1.186 1.298 1.419 1.547 1.683 1.827 1.874 1.880
1.428 1.455 1.477 1.492 1.503 1.507 1.506 1.498 1.486 1.467 1.461 1.459 1.458 1.457 1.458 1.460 1.463 1.467 1.472 1.478 1.485 1.493 1.395 1.273 1.154 1.038 0.925 0.814 0.707 0.602 0.500 0.402 0.306 0.212 0.318 0.493 0.671 0.852 1.036 1.215 1.386 1.552 1.714 1.871 2.025 2.174 2.112 1.960 1.812 1.667 1.525 1.387 1.252 1.120 0.992 0.867 0.745 0.626 0.640 0.733 0.834 0.943 1.060 1.184 1.316 1.456 1.604 1.759 1.922 2.093 2.169 2.172
1.392 1.399 1.401 1.396 1.386 1.371 1.349 1.322 1.289 1.250 1.238 1.239 1.242 1.245 1.250 1.256 1.262 1.270 1.279 1.289 1.299 1.311 1.241 1.129 1.020 0.914 0.811 0.711 0.613 0.519 0.427 0.338 0.259 0.182 0.261 0.438 0.611 0.779 0.943 1.103 1.259 1.410 1.557 1.700 1.838 1.972 1.952 1.812 1.675 1.542 1.412 1.285 1.162 1.042 0.925 0.811 0.701 0.594 0.599 0.720 0.848 0.984 1.128 1.280 1.439 1.606 1.781 1.963 2.154 2.352 2.464 2.465
1.363 1.350 1.332 1.307 1.277 1.241 1.199 1.152 1.098 1.040 1.014 1.019 1.025 1.033 1.041 1.050 1.061 1.072 1.085 1.098 1.113 1.129 1.084 0.982 0.883 0.801 0.721 0.642 0.564 0.487 0.412 0.337 0.263 0.191 0.228 0.390 0.548 0.701 0.851 0.995 1.136 1.273 1.405 1.533 1.656 1.776 1.790 1.661 1.536 1.414 1.296 1.180 1.068 0.960 0.854 0.752 0.654 0.558 0.552 0.699 0.855 1.018 1.189 1.368 1.554 1.748 1.950 2.160 2.378 2.603 2.760 2.758
1.341 1.308 1.269 1.224 1.173 1.117 1.055 0.988 0.915 0.836 0.789 0.798 0.808 0.819 0.831 0.844 0.858 0.877 0.920 0.959 0.994 1.025 1.013 0.934 0.855 0.778 0.702 0.626 0.552 0.479 0.407 0.337 0.267 0.198 0.200 0.347 0.489 0.628 0.762 0.892 1.018 1.140 1.257 1.370 1.479 1.583 1.624 1.507 1.393 1.283 1.176 1.073 0.972 0.875 0.781 0.691 0.603 0.520 0.496 0.671 0.854 1.044 1.242 1.448 1.662 1.883 2.112 2.349 2.594 2.846 3.056 3.051
1.325 1.271 1.212 1.147 1.077 1.000 0.918 0.831 0.737 0.638 0.579 0.636 0.688 0.737 0.782 0.822 0.859 0.892 0.921 0.946 0.966 0.983 0.978 0.902 0.827 0.754 0.681 0.610 0.540 0.470 0.402 0.335 0.269 0.205 0.175 0.307 0.435 0.559 0.678 0.794 0.904 1.011 1.114 1.212 1.306 1.395 1.455 1.350 1.248 1.149 1.054 0.962 0.873 0.787 0.705 0.626 0.550 0.478 0.433 0.635 0.845 1.063 1.288 1.521 1.762 2.010 2.266 2.530 2.802 3.081 3.353 3.345
1.315 1.241 1.162 1.086 1.020 0.957 0.896 0.839 0.785 0.734 0.696 0.738 0.777 0.811 0.842 0.869 0.892 0.911 0.926 0.936 0.943 0.946 0.941 0.869 0.798 0.728 0.660 0.592 0.526 0.460 0.396 0.333 0.271 0.210 0.155 0.273 0.386 0.494 0.599 0.699 0.795 0.887 0.975 1.058 1.137 1.212 1.283 1.190 1.099 1.012 0.928 0.848 0.770 0.696 0.625 0.558 0.494 0.433 0.375 0.592 0.829 1.074 1.326 1.586 1.854 2.130 2.413 2.724 3.052 3.378 3.703 3.728
1.330 1.265 1.203 1.145 1.089 1.036 0.987 0.940 0.897 0.857 0.819 0.845 0.870 0.890 0.907 0.920 0.929 0.934 0.935 0.932 0.925 0.914 0.899 0.835 0.768 0.702 0.637 0.573 0.511 0.449 0.389 0.329 0.271 0.214 0.158 0.242 0.340 0.434 0.524 0.609 0.691 0.768 0.840 0.909 0.973 1.033 1.089 1.027 0.948 0.872 0.800 0.731 0.665 0.602 0.543 0.487 0.434 0.385 0.339 0.542 0.854 1.186 1.517 1.846 2.174 2.501 2.826 3.150 3.473 3.795 4.115 4.164
1.352 1.298 1.247 1.199 1.154 1.113 1.074 1.038 1.005 0.976 0.949 0.956 0.966 0.973 0.976 0.975 0.970 0.961 0.948 0.931 0.910 0.885 0.856 0.799 0.736 0.674 0.613 0.553 0.494 0.437 0.380 0.325 0.270 0.217 0.164 0.216 0.299 0.378 0.453 0.524 0.590 0.652 0.710 0.764 0.814 0.859 0.900 0.860 0.793 0.729 0.668 0.610 0.556 0.560 0.581 0.609 0.646 0.689 0.741 0.984 1.313 1.641 1.967 2.291 2.615 2.937 3.258 3.577 3.895 4.212 4.527 4.607
1.372 1.328 1.288 1.251 1.217 1.185 1.157 1.132 1.110 1.091 1.075 1.071 1.067 1.060 1.049 1.034 1.015 0.992 0.965 0.934 0.899 0.861 0.818 0.763 0.704 0.646 0.588 0.532 0.477 0.423 0.371 0.319 0.268 0.219 0.170 0.194 0.263 0.327 0.387 0.443 0.494 0.542 0.585 0.624 0.658 0.689 0.764 0.794 0.796 0.805 0.822 0.847 0.879 0.919 0.967 1.022 1.085 1.155 1.233 1.449 1.773 2.096 2.417 2.737 3.056 3.374 3.690 4.004 4.318 4.630 4.941 5.054
1.388 1.355 1.325 1.299 1.275 1.255 1.237 1.223 1.212 1.203 1.198 1.190 1.173 1.151 1.126 1.097 1.064 1.028 0.987 0.942 0.893 0.841 0.784 0.726 0.670 0.616 0.562 0.510 0.459 0.409 0.360 0.312 0.265 0.219 0.175 0.177 0.230 0.280 0.329 0.400 0.471 0.545 0.619 0.695 0.772 0.850 0.930 0.986 1.014 1.050 1.094 1.145 1.204 1.271 1.345 1.427 1.516 1.613 1.717 1.914 2.234 2.552 2.869 3.184 3.498 3.811 4.122 4.432 4.741 5.049 5.355 5.507
1.400 1.378 1.359 1.343 1.331 1.321 1.314 1.310 1.310 1.312 1.318 1.313 1.282 1.247 1.208 1.165 1.118 1.067 1.013 0.954 0.891 0.825 0.754 0.687 0.636 0.585 0.535 0.487 0.440 0.393 0.348 0.308 0.279 0.254 0.231 0.240 0.311 0.383 0.457 0.532 0.609 0.686 0.765 0.846 0.927 1.010 1.095 1.170 1.225 1.288 1.358 1.436 1.521 1.614 1.715 1.823 1.939 2.062 2.194 2.380 2.695 3.008 3.320 3.631 3.941 4.249 4.555 4.861 5.165 5.468 5.769 5.964
1.409 1.398 1.390 1.385 1.383 1.384 1.387 1.394 1.404 1.418 1.434 1.440 1.395 1.346 1.293 1.237 1.176 1.111 1.042 0.970 0.893 0.813 0.729 0.648 0.603 0.563 0.527 0.494 0.464 0.437 0.413 0.392 0.374 0.359 0.347 0.352 0.428 0.505 0.584 0.663 0.744 0.827 0.910 0.995 1.082 1.169 1.258 1.346 1.428 1.517 1.614 1.718 1.830 1.950 2.077 2.212 2.354 2.504 2.662 2.846 3.157 3.465 3.773 4.079 4.384 4.687 4.989 5.290 5.589 5.888 6.184 6.427
1.415 1.415 1.417 1.423 1.431 1.443 1.457 1.475 1.496 1.519 1.546 1.571 1.512 1.450 1.383 1.312 1.238 1.149 1.057 0.968 0.882 0.798 0.717 0.640 0.608 0.580 0.554 0.532 0.512 0.496 0.482 0.472 0.465 0.461 0.459 0.463 0.544 0.626 0.709 0.793 0.878 0.965 1.054 1.143 1.234 1.326 1.420 1.515 1.623 1.739 1.862 1.993 2.131 2.277 2.431 2.592 2.761 2.938 3.122 3.313 3.619 3.923 4.226 4.527 4.827 5.126 5.424 5.720 6.014 6.308 6.600 6.891
1.418 1.428 1.441 1.457 1.476 1.498 1.524 1.552 1.583 1.618 1.630 1.632 1.543 1.447 1.354 1.263 1.175 1.090 1.008 0.928 0.851 0.777 0.705 0.636 0.611 0.593 0.578 0.566 0.557 0.552 0.549 0.549 0.553 0.559 0.569 0.581 0.658 0.744 0.832 0.921 1.011 1.103 1.195 1.290 1.385 1.482 1.580 1.679 1.810 1.952 2.102 2.259 2.424 2.597 2.777 2.965 3.160 3.363 3.573 3.791 4.082 4.381 4.679 4.976 5.272 5.566 5.858 6.150 6.440 6.729 7.016 7.303
1.417 1.437 1.461 1.481 1.497 1.509 1.518 1.523 1.523 1.520 1.514 1.503 1.433 1.346 1.263 1.182 1.103 1.028 0.955 0.885 0.817 0.753 0.691 0.632 0.610 0.603 0.598 0.597 0.599 0.604 0.612 0.623 0.637 0.654 0.675 0.698 0.771 0.862 0.954 1.047 1.142 1.238 1.336 1.434 1.534 1.636 1.738 1.842 1.989 2.158 2.334 2.518 2.710 2.909 3.115 3.329 3.551 3.780 4.017 4.262 4.545 4.840 5.133 5.426 5.716 6.006 6.294 6.555 6.774 6.997 7.222 7.449
1.432 1.446 1.456 1.463 1.466 1.464 1.460 1.451 1.438 1.422 1.402 1.378 1.320 1.243 1.169 1.097 1.028 0.963 0.899 0.839 0.781 0.726 0.674 0.624 0.606 0.609 0.616 0.625 0.638 0.653 0.672 0.694 0.719 0.746 0.777 0.811 0.882 0.978 1.074 1.172 1.272 1.372 1.474 1.578 1.682 1.788 1.895 2.004 2.161 2.356 2.559 2.769 2.987 3.212 3.445 3.686 3.934 4.190 4.453 4.724 4.968 5.179 5.392 5.608 5.827 6.048 6.272 6.498 6.727 6.959 7.193 7.430
1.458 1.459 1.456 1.449 1.438 1.424 1.405 1.383 1.358 1.328 1.294 1.257 1.204 1.136 1.072 1.010 0.951 0.895 0.841 0.790 0.742 0.696 0.654 0.614 0.598 0.613 0.630 0.650 0.673 0.699 0.729 0.761 0.797 0.835 0.877 0.921 0.992 1.092 1.193 1.296 1.400 1.505 1.612 1.719 1.829 1.939 2.051 2.164 2.324 2.546 2.775 3.012 3.256 3.486 3.698 3.903 4.101 4.292 4.476 4.652 4.845 5.065 5.288 5.513 5.740 5.971 6.204 6.439 6.677 6.918 7.161 7.407
1.488 1.476 1.459 1.439 1.415 1.387 1.356 1.320 1.281 1.238 1.191 1.141 1.085 1.027 0.972 0.920 0.871 0.824 0.780 0.738 0.700 0.664 0.631 0.601 0.588 0.613 0.641 0.671 0.705 0.742 0.782 0.825 0.871 0.921 0.973 1.028 1.100 1.205 1.310 1.418 1.526 1.636 1.747 1.860 1.973 2.088 2.207 2.330 2.486 2.709 2.925 3.134 3.335 3.530 3.717 3.897 4.071 4.237 4.396 4.548 4.720 4.949 5.181 5.415 5.652 5.891 6.133 6.378 6.625 6.875 7.127 7.382
1.523 1.497 1.467 1.433 1.396 1.355 1.310 1.261 1.209 1.152 1.092 1.028 0.964 0.915 0.870 0.827 0.787 0.750 0.716 0.684 0.655 0.629 0.605 0.584 0.574 0.610 0.648 0.690 0.734 0.782 0.833 0.886 0.943 1.003 1.066 1.131 1.207 1.316 1.426 1.538 1.652 1.768 1.886 2.007 2.131 2.256 2.385 2.515 2.660 2.858 3.049 3.233 3.410 3.580 3.743 3.898 4.047 4.188 4.323 4.450 4.592 4.831 5.071 5.315 5.561 5.809 6.060 6.314 6.570 6.829 7.091 7.355
1.561 1.522 1.479 1.432 1.381 1.327 1.269 1.206 1.141 1.071 0.998 0.920 0.839 0.801 0.765 0.732 0.702 0.674 0.649 0.627 0.607 0.591 0.577 0.565 0.558 0.604 0.653 0.705 0.760 0.818 0.880 0.944 1.011 1.081 1.152 1.226 1.302 1.417 1.534 1.654 1.776 1.901 2.028 2.157 2.289 2.423 2.559 2.698 2.841 3.014 3.180 3.340 3.492 3.637 3.775 3.906 4.030 4.147 4.257 4.359 4.462 4.710 4.960 5.212 5.467 5.725 5.985 6.248 6.513 6.781 7.052 7.325
1.591 1.551 1.495 1.435 1.371 1.303 1.231 1.156 1.077 0.994 0.907 0.817 0.722 0.683 0.657 0.634 0.613 0.595 0.579 0.567 0.557 0.550 0.545 0.544 0.545 0.599 0.661 0.726 0.792 0.861 0.931 1.004 1.078 1.154 1.232 1.313 1.395 1.514 1.639 1.767 1.898 2.031 2.166 2.304 2.444 2.586 2.731 2.878 3.028 3.177 3.318 3.453 3.581 3.701 3.815 3.921 4.020 4.112 4.198 4.276 4.347 4.586 4.845 5.107 5.371 5.638 5.907 6.179 6.454 6.731 7.010 7.293
1.619 1.585 1.515 1.441 1.364 1.283 1.198 1.110 1.017 0.921 0.821 0.717 0.610 0.563 0.547 0.533 0.521 0.518 0.526 0.533 0.540 0.547 0.553 0.559 0.565 0.615 0.684 0.756 0.829 0.905 0.982 1.061 1.142 1.225 1.310 1.398 1.487 1.608 1.742 1.878 2.017 2.158 2.302 2.448 2.597 2.747 2.901 3.056 3.214 3.346 3.463 3.573 3.676 3.772 3.861 3.943 4.017 4.085 4.145 4.199 4.245 4.461 4.729 4.999 5.273 5.549 5.827 6.108 6.391 6.678 6.966 7.258
1.643 1.622 1.539 1.452 1.362 1.268 1.169 1.068 0.962 0.852 0.748 0.652 0.556 0.517 0.525 0.533 0.540 0.547 0.553 0.560 0.565 0.571 0.576 0.580 0.585 0.629 0.705 0.784 0.864 0.946 1.030 1.116 1.204 1.294 1.386 1.480 1.576 1.699 1.842 1.986 2.134 2.283 2.435 2.590 2.746 2.906 3.067 3.231 3.397 3.522 3.615 3.700 3.778 3.850 3.914 3.971 4.021 4.064 4.100 4.129 4.151 4.333 4.610 4.890 5.172 5.457 5.744 6.034 6.327 6.622 6.920 7.220
1.665 1.664 1.568 1.473 1.380 1.286 1.191 1.096 1.000 0.903 0.806 0.708 0.609 0.552 0.558 0.565 0.571 0.576 0.582 0.586 0.591 0.595 0.599 0.602 0.605 0.641 0.724 0.809 0.897 0.986 1.077 1.170 1.264 1.361 1.460 1.561 1.664 1.788 1.939 2.092 2.248 2.406 2.566 2.729 2.894 3.061 3.231 3.403 3.578 3.705 3.773 3.834 3.888 3.934 3.974 4.006 4.032 4.050 4.062 4.066 4.063 4.202 4.488 4.777 5.069 5.363 5.659 5.958 6.280 6.608 6.903 7.163
1.749 1.738 1.644 1.549 1.453 1.357 1.260 1.162 1.063 0.964 0.864 0.763 0.662 0.587 0.592 0.597 0.602 0.606 0.610 0.614 0.617 0.620 0.622 0.624 0.626 0.651 0.741 0.833 0.927 1.023 1.121 1.221 1.322 1.426 1.532 1.639 1.749 1.875 2.034 2.195 2.359 2.525 2.694 2.865 3.039 3.214 3.393 3.573 3.756 3.895 3.938 3.974 4.003 4.026 4.041 4.049 4.049 4.043 4.030 4.010 3.983 4.158 4.608 5.024 5.405 5.752 6.065 6.342 6.586 6.794 6.969 7.108
1.884 1.820 1.723 1.625 1.527 1.428 1.329 1.228 1.127 1.026 0.923 0.820 0.716 0.622 0.626 0.630 0.633 0.636 0.639 0.641 0.643 0.644 0.645 0.646 0.647 0.659 0.756 0.855 0.956 1.058 1.163 1.270 1.378 1.489 1.601 1.716 1.832 1.958 2.126 2.296 2.468 2.642 2.819 2.999 3.181 3.365 3.551 3.740 3.931 4.091 4.110 4.122 4.126 4.124 4.363 4.717 4.994 5.195 5.318 5.364 5.333 5.337 5.667 5.963 6.224 6.451 6.643 6.801 6.924 7.013 7.067 7.087
