DATA/SHG/ECMWF/20170628/EN-31/20170709.en-31.asc
ncols        190
nrows        64
xllcorner    -5100000.000000000000
yllcorner    4130000.000000000000
cellsize     10000.000000000000
NODATA_value  -99999.000
[rows 0 to 32 of 64, columns 0 to 72 of 190]
0.062 0.065 0.068 0.071 0.073 0.076 0.079 0.082 0.085 0.140 0.208 0.273 0.334 0.390 0.443 0.492 0.537 0.578 0.615 0.706 0.821 0.970 1.129 1.282 1.429 1.571 1.707 1.837 1.962 2.081 2.194 2.302 2.404 2.513 2.645 2.795 2.965 3.153 3.360 3.587 3.832 4.096 4.379 4.681 5.002 5.341 5.646 5.903 6.112 6.273 6.385 6.449 6.465 6.433 6.352 6.223 6.045 5.859 5.723 5.608 5.515 5.444 5.395 5.367 5.362 5.378 5.416 5.476 5.558 5.787 6.247 6.734 7.251
0.044 0.047 0.050 0.053 0.055 0.058 0.061 0.064 0.066 0.103 0.157 0.208 0.293 0.386 0.485 0.590 0.701 0.819 0.944 1.075 1.212 1.354 1.493 1.626 1.753 1.875 1.991 2.101 2.206 2.305 2.398 2.486 2.568 2.695 2.893 3.110 3.346 3.601 3.875 4.168 4.480 4.811 5.161 5.529 5.917 6.228 6.363 6.450 6.489 6.480 6.423 6.317 6.163 5.961 5.711 5.412 5.066 4.779 4.719 4.681 4.665 4.671 4.699 4.748 4.819 4.912 5.027 5.164 5.322 5.591 6.150 6.738 7.354
0.027 0.029 0.032 0.035 0.040 0.059 0.081 0.105 0.132 0.190 0.286 0.388 0.497 0.612 0.734 0.861 0.995 1.136 1.283 1.436 1.596 1.744 1.863 1.976 2.083 2.185 2.281 2.371 2.455 2.534 2.607 2.675 2.737 2.857 3.122 3.405 3.708 4.030 4.370 4.730 5.108 5.506 5.922 6.357 6.811 7.161 7.127 7.045 6.914 6.735 6.508 6.233 5.910 5.538 5.119 4.651 4.135 3.679 3.696 3.735 3.796 3.878 3.982 4.109 4.257 4.426 4.618 4.831 5.133 5.461 6.095 6.707 7.296
0.038 0.055 0.075 0.098 0.124 0.153 0.185 0.219 0.257 0.319 0.438 0.563 0.694 0.831 0.975 1.126 1.282 1.445 1.615 1.790 1.972 2.139 2.238 2.331 2.418 2.500 2.575 2.646 2.710 2.769 2.822 2.870 2.912 2.999 3.330 3.681 4.050 4.438 4.845 5.271 5.716 6.180 6.663 7.164 7.685 8.142 7.938 7.686 7.386 7.038 6.641 6.197 5.704 5.163 4.575 3.937 3.252 2.559 2.653 2.769 2.926 3.322 3.693 4.039 4.361 4.658 4.930 5.177 5.399 5.597 6.147 6.680 7.192
0.078 0.106 0.136 0.169 0.205 0.244 0.286 0.330 0.378 0.442 0.582 0.730 0.883 1.043 1.210 1.383 1.562 1.747 1.939 2.137 2.342 2.540 2.618 2.691 2.758 2.820 2.876 2.926 2.970 3.009 3.042 3.070 3.092 3.121 3.519 3.936 4.372 4.827 5.300 5.793 6.304 6.834 7.383 7.951 8.538 9.144 8.796 8.375 7.905 7.388 6.822 6.208 5.547 4.874 4.327 3.816 3.343 2.907 3.219 3.577 3.911 4.220 4.504 4.763 4.998 5.207 5.393 5.553 5.689 5.799 6.219 6.675 7.108
0.115 0.153 0.193 0.236 0.283 0.332 0.383 0.438 0.495 0.557 0.720 0.890 1.066 1.248 1.437 1.632 1.834 2.042 2.256 2.477 2.704 2.937 3.004 3.057 3.104 3.146 3.182 3.212 3.236 3.255 3.268 3.276 3.278 3.274 3.688 4.172 4.674 5.195 5.735 6.294 6.872 7.468 8.084 8.718 9.371 10.043 9.643 8.966 8.326 7.724 7.158 6.629 6.138 5.683 5.266 4.885 4.542 4.236 4.400 4.671 4.918 5.140 5.337 5.509 5.657 5.780 5.878 5.952 6.001 6.025 6.312 6.690 7.046
0.149 0.197 0.247 0.301 0.357 0.416 0.478 0.542 0.610 0.680 0.850 1.042 1.241 1.446 1.657 1.875 2.099 2.329 2.566 2.809 3.058 3.314 3.396 3.428 3.456 3.477 3.493 3.503 3.508 3.506 3.500 3.487 3.469 3.445 3.837 4.387 4.956 5.543 6.150 6.723 7.254 7.775 8.286 8.787 9.279 9.760 9.505 8.958 8.449 7.976 7.540 7.141 6.780 6.455 6.167 5.917 5.703 5.527 5.603 5.787 5.947 6.082 6.193 6.278 6.339 6.376 6.387 6.374 6.336 6.274 6.426 6.726 7.004
0.180 0.238 0.298 0.361 0.428 0.497 0.569 0.643 0.721 0.802 0.973 1.188 1.409 1.636 1.870 2.110 2.356 2.609 2.868 3.134 3.405 3.683 3.792 3.805 3.812 3.814 3.810 3.800 3.784 3.763 3.737 3.704 3.657 3.606 3.920 4.466 5.002 5.528 6.044 6.550 7.046 7.533 8.010 8.477 8.934 9.381 9.331 8.914 8.534 8.191 7.885 7.616 7.384 7.189 7.031 6.910 6.826 6.780 6.828 6.926 6.999 7.047 7.071 7.070 7.044 6.994 6.919 6.819 6.694 6.545 6.561 6.783 6.983
0.207 0.275 0.346 0.419 0.495 0.575 0.657 0.741 0.829 0.919 1.090 1.327 1.570 1.820 2.076 2.338 2.607 2.882 3.163 3.451 3.745 4.046 4.194 4.187 4.174 4.126 4.075 4.025 3.974 3.923 3.872 3.821 3.769 3.718 3.929 4.440 4.942 5.433 5.915 6.387 6.849 7.301 7.744 8.176 8.599 9.012 9.120 8.833 8.583 8.369 8.193 8.054 7.952 7.886 7.858 7.866 7.912 7.994 8.076 8.087 8.073 8.035 7.972 7.884 7.772 7.635 7.473 7.287 7.076 6.840 6.716 6.861 6.984
0.232 0.310 0.390 0.474 0.560 0.649 0.741 0.836 0.934 1.034 1.199 1.458 1.724 1.996 2.274 2.559 2.850 3.146 3.433 3.712 3.984 4.248 4.394 4.343 4.293 4.242 4.191 4.139 4.088 4.037 3.985 3.934 3.882 3.830 3.948 4.425 4.892 5.349 5.796 6.234 6.662 7.079 7.488 7.886 8.274 8.653 8.872 8.715 8.594 8.511 8.464 8.454 8.482 8.546 8.647 8.785 8.960 9.172 9.346 9.270 9.170 9.045 8.895 8.721 8.522 8.299 8.050 7.778 7.480 7.158 6.892 6.960 7.005
0.253 0.341 0.431 0.525 0.621 0.720 0.822 0.927 1.035 1.145 1.313 1.626 1.931 2.229 2.519 2.801 3.077 3.344 3.605 3.857 4.103 4.340 4.511 4.460 4.409 4.357 4.306 4.254 4.202 4.150 4.098 4.046 3.994 3.942 3.977 4.419 4.852 5.275 5.688 6.091 6.484 6.868 7.242 7.606 7.960 8.305 8.588 8.561 8.569 8.615 8.698 8.818 8.974 9.168 9.398 9.666 9.970 10.311 10.638 10.476 10.289 10.077 9.841 9.580 9.295 8.985 8.650 8.291 7.907 7.499 7.089 7.079 7.047
0.271 0.369 0.469 0.588 0.725 0.869 1.020 1.178 1.343 1.514 1.703 1.989 2.268 2.539 2.803 3.060 3.309 3.550 3.784 4.010 4.229 4.441 4.628 4.576 4.524 4.473 4.421 4.369 4.316 4.264 4.212 4.159 4.106 4.054 4.015 4.423 4.822 5.210 5.589 5.958 6.317 6.667 7.006 7.336 7.656 7.966 8.267 8.369 8.508 8.683 8.895 9.144 9.430 9.753 10.112 10.509 10.942 11.412 11.920 11.704 11.430 11.132 10.810 10.462 10.091 9.694 9.273 8.774 8.236 7.710 7.194 7.086 7.014
0.390 0.531 0.678 0.833 0.994 1.162 1.337 1.518 1.707 1.901 2.103 2.360 2.613 2.858 3.095 3.325 3.548 3.763 3.971 4.171 4.364 4.549 4.727 4.693 4.640 4.588 4.536 4.483 4.431 4.378 4.325 4.272 4.219 4.165 4.112 4.437 4.802 5.156 5.500 5.835 6.160 6.475 6.781 7.076 7.362 7.638 7.904 8.142 8.409 8.714 9.055 9.434 9.849 10.301 10.789 11.315 11.877 12.476 13.112 12.953 12.438 11.864 11.300 10.746 10.204 9.672 9.150 8.640 8.140 7.650 7.171 7.019 6.956
0.556 0.721 0.892 1.071 1.255 1.447 1.646 1.851 2.063 2.281 2.506 2.739 2.965 3.184 3.395 3.599 3.795 3.984 4.165 4.339 4.506 4.665 4.816 4.809 4.756 4.704 4.651 4.598 4.545 4.491 4.438 4.385 4.331 4.277 4.223 4.462 4.791 5.111 5.422 5.722 6.013 6.294 6.565 6.827 7.078 7.320 7.552 7.878 8.275 8.708 9.179 9.686 10.230 10.726 11.191 11.635 12.060 12.463 12.847 12.582 12.034 11.497 10.970 10.454 9.948 9.454 8.969 8.496 8.033 7.581 7.139 6.951 6.895
0.715 0.903 1.098 1.300 1.509 1.724 1.946 2.175 2.411 2.653 2.902 3.124 3.324 3.517 3.702 3.879 4.050 4.212 4.367 4.515 4.655 4.788 4.914 4.925 4.872 4.819 4.766 4.712 4.659 4.605 4.551 4.497 4.443 4.389 4.335 4.495 4.791 5.077 5.353 5.619 5.876 6.123 6.360 6.587 6.805 7.012 7.299 7.727 8.242 8.738 9.213 9.668 10.102 10.516 10.910 11.283 11.636 11.969 12.281 12.132 11.621 11.120 10.631 10.152 9.683 9.226 8.779 8.342 7.916 7.501 7.097 6.881 6.832
0.866 1.078 1.297 1.522 1.755 1.994 2.239 2.492 2.751 3.017 3.290 3.518 3.691 3.858 4.016 4.168 4.312 4.448 4.577 4.699 4.813 4.919 5.019 5.041 4.988 4.934 4.881 4.827 4.773 4.719 4.664 4.610 4.555 4.501 4.446 4.539 4.801 5.052 5.300 5.581 5.863 6.148 6.434 6.722 7.011 7.303 7.597 7.963 8.407 8.832 9.236 9.619 9.983 10.326 10.649 10.951 11.233 11.495 11.737 11.671 11.197 10.734 10.282 9.840 9.409 8.988 8.578 8.179 7.790 7.412 7.044 6.809 6.768
1.009 1.245 1.487 1.737 1.992 2.255 2.525 2.801 3.084 3.373 3.669 3.918 4.066 4.206 4.338 4.464 4.581 4.692 4.794 4.890 4.978 5.058 5.131 5.158 5.104 5.050 4.995 4.941 4.887 4.832 4.777 4.728 4.691 4.657 4.625 4.694 4.975 5.259 5.544 5.831 6.120 6.410 6.703 6.998 7.294 7.592 7.892 8.219 8.592 8.946 9.279 9.591 9.884 10.156 10.408 10.639 10.851 11.042 11.212 11.201 10.765 10.339 9.923 9.518 9.124 8.741 8.368 8.005 7.654 7.313 6.982 6.734 6.701
1.144 1.404 1.670 1.943 2.223 2.509 2.802 3.102 3.408 3.721 4.041 4.326 4.448 4.562 4.668 4.767 4.858 4.943 5.019 5.088 5.150 5.205 5.251 5.274 5.222 5.176 5.132 5.091 5.052 5.017 4.984 4.955 4.927 4.903 4.882 4.915 5.203 5.493 5.785 6.078 6.374 6.671 6.970 7.271 7.574 7.879 8.185 8.494 8.797 9.079 9.342 9.583 9.805 10.006 10.187 10.348 10.488 10.608 10.708 10.722 10.322 9.933 9.555 9.187 8.830 8.484 8.148 7.822 7.508 7.204 6.910 6.658 6.633
1.272 1.555 1.845 2.142 2.445 2.755 3.072 3.395 3.725 4.062 4.405 4.742 4.837 4.925 5.005 5.078 5.143 5.180 5.207 5.240 5.278 5.320 5.368 5.417 5.378 5.341 5.307 5.275 5.247 5.221 5.198 5.178 5.161 5.147 5.135 5.134 5.429 5.725 6.023 6.324 6.625 6.929 7.235 7.542 7.852 8.163 8.476 8.790 9.022 9.233 9.424 9.595 9.746 9.876 9.987 10.077 10.146 10.196 10.225 10.233 9.870 9.518 9.177 8.846 8.526 8.217 7.918 7.630 7.352 7.085 6.828 6.583 6.563
1.393 1.699 2.013 2.333 2.660 2.993 3.333 3.680 4.034 4.394 4.715 5.008 5.050 5.070 5.095 5.125 5.160 5.200 5.246 5.296 5.352 5.412 5.478 5.549 5.530 5.503 5.479 5.457 5.438 5.422 5.409 5.399 5.391 5.387 5.385 5.386 5.652 5.955 6.260 6.566 6.875 7.185 7.497 7.811 8.127 8.445 8.765 9.086 9.266 9.407 9.527 9.627 9.707 9.767 9.806 9.825 9.824 9.803 9.762 9.700 9.409 9.094 8.790 8.496 8.213 7.940 7.678 7.427 7.186 6.956 6.737 6.528 6.490
1.505 1.835 2.172 2.554 2.917 3.259 3.582 3.885 4.168 4.431 4.674 4.898 4.975 5.013 5.056 5.104 5.157 5.215 5.278 5.347 5.420 5.498 5.582 5.670 5.679 5.662 5.647 5.635 5.626 5.620 5.617 5.616 5.619 5.624 5.631 5.642 5.873 6.183 6.494 6.807 7.122 7.439 7.758 8.078 8.400 8.725 9.051 9.379 9.530 9.600 9.650 9.679 9.688 9.677 9.646 9.595 9.523 9.431 9.319 9.187 8.938 8.660 8.393 8.136 7.890 7.654 7.429 7.226 7.045 6.869 6.696 6.527 6.471
2.026 2.378 2.710 3.023 3.316 3.588 3.841 4.075 4.288 4.481 4.655 4.809 4.896 4.951 5.012 5.078 5.149 5.225 5.306 5.392 5.483 5.579 5.680 5.787 5.825 5.817 5.813 5.811 5.811 5.815 5.821 5.831 5.843 5.857 5.875 5.895 6.092 6.408 6.726 7.045 7.367 7.690 8.015 8.342 8.671 9.002 9.335 9.669 9.814 9.813 9.792 9.751 9.689 9.608 9.506 9.384 9.242 9.079 8.896 8.693 8.483 8.290 8.100 7.913 7.731 7.552 7.378 7.207 7.039 6.876 6.716 6.560 6.474
2.724 3.007 3.269 3.512 3.735 3.938 4.122 4.285 4.429 4.553 4.657 4.741 4.811 4.884 4.963 5.046 5.135 5.229 5.328 5.431 5.540 5.654 5.774 5.898 5.968 5.970 5.975 5.983 5.993 6.007 6.023 6.042 6.063 6.088 6.115 6.145 6.308 6.631 6.955 7.281 7.609 7.939 8.271 8.604 8.940 9.277 9.616 9.957 10.118 10.046 9.954 9.843 9.710 9.522 9.318 9.129 8.955 8.795 8.649 8.518 8.368 8.188 8.011 7.838 7.669 7.503 7.342 7.184 7.030 6.880 6.733 6.591 6.485
3.444 3.656 3.849 4.023 4.176 4.310 4.423 4.517 4.592 4.646 4.681 4.695 4.720 4.812 4.908 5.009 5.116 5.227 5.344 5.466 5.592 5.724 5.861 6.003 6.108 6.119 6.134 6.152 6.172 6.195 6.221 6.249 6.281 6.315 6.352 6.392 6.523 6.852 7.182 7.515 7.850 8.186 8.524 8.864 9.206 9.550 9.791 9.985 10.035 9.810 9.600 9.404 9.222 9.054 8.901 8.763 8.638 8.528 8.433 8.352 8.250 8.083 7.919 7.759 7.603 7.451 7.303 7.158 7.017 6.880 6.747 6.617 6.502
4.184 4.327 4.450 4.554 4.638 4.702 4.746 4.771 4.775 4.760 4.725 4.671 4.625 4.734 4.848 4.967 5.091 5.221 5.355 5.494 5.639 5.788 5.943 6.103 6.244 6.266 6.290 6.317 6.347 6.380 6.416 6.454 6.495 6.539 6.586 6.635 6.735 7.070 7.407 7.677 7.923 8.154 8.371 8.572 8.759 8.931 9.088 9.230 9.303 9.129 8.968 8.823 8.691 8.574 8.471 8.382 8.308 8.248 8.203 8.172 8.128 7.974 7.824 7.677 7.534 7.395 7.260 7.128 7.001 6.877 6.756 6.640 6.526
4.943 5.018 5.072 5.106 5.121 5.115 5.090 5.045 4.980 4.896 4.791 4.667 4.524 4.650 4.782 4.919 5.061 5.208 5.361 5.518 5.680 5.847 6.020 6.197 6.378 6.409 6.443 6.480 6.520 6.562 6.608 6.654 6.646 6.644 6.648 6.658 6.679 6.918 7.142 7.351 7.546 7.725 7.890 8.040 8.174 8.294 8.400 8.490 8.558 8.434 8.324 8.228 8.147 8.080 8.027 7.988 7.964 7.955 7.959 7.978 8.003 7.862 7.725 7.591 7.461 7.336 7.213 7.095 6.981 6.870 6.763 6.660 6.557
5.688 5.730 5.715 5.679 5.624 5.549 5.455 5.340 5.206 5.053 4.879 4.686 4.472 4.562 4.712 4.866 5.026 5.191 5.361 5.536 5.716 5.901 6.091 6.286 6.474 6.467 6.443 6.426 6.415 6.410 6.411 6.418 6.431 6.450 6.475 6.506 6.543 6.712 6.884 7.041 7.184 7.312 7.425 7.523 7.606 7.674 7.728 7.766 7.790 7.726 7.666 7.620 7.589 7.572 7.569 7.581 7.607 7.647 7.702 7.771 7.854 7.746 7.622 7.502 7.385 7.273 7.164 7.058 6.957 6.859 6.765 6.675 6.589
6.430 6.463 6.378 6.273 6.149 6.005 5.841 5.657 5.454 5.231 4.988 4.725 4.443 4.468 4.635 4.808 4.985 5.172 5.359 5.527 5.676 5.806 5.917 6.010 6.084 6.097 6.095 6.099 6.109 6.125 6.147 6.175 6.209 6.249 6.295 6.348 6.406 6.521 6.641 6.747 6.838 6.914 6.975 7.021 7.053 7.069 7.071 7.058 7.030 7.004 6.995 6.999 7.018 7.051 7.098 7.160 7.236 7.327 7.431 7.550 7.684 7.627 7.516 7.409 7.306 7.206 7.110 7.018 6.930 6.845 6.765 6.688 6.614
7.169 7.217 7.062 6.888 6.694 6.481 6.248 5.995 5.722 5.430 5.143 4.876 4.601 4.590 4.785 4.962 5.121 5.261 5.382 5.484 5.567 5.632 5.678 5.706 5.715 5.721 5.740 5.765 5.796 5.834 5.877 5.926 5.981 6.043 6.110 6.184 6.263 6.345 6.414 6.468 6.507 6.531 6.541 6.535 6.515 6.480 6.431 6.366 6.287 6.270 6.310 6.365 6.433 6.517 6.614 6.726 6.852 6.992 7.147 7.316 7.499 7.504 7.407 7.313 7.222 7.136 7.053 6.974 6.899 6.828 6.760 6.696 6.636
7.905 7.991 7.767 7.531 7.289 7.039 6.782 6.518 6.246 5.968 5.681 5.388 5.087 4.959 5.090 5.201 5.294 5.369 5.424 5.461 5.479 5.479 5.459 5.422 5.365 5.339 5.379 5.426 5.478 5.537 5.601 5.671 5.748 5.830 5.919 6.014 6.114 6.185 6.202 6.204 6.192 6.164 6.122 6.065 5.993 5.907 5.806 5.689 5.559 5.522 5.612 5.717 5.836 5.969 6.116 6.278 6.454 6.644 6.849 7.068 7.301 7.378 7.294 7.213 7.136 7.062 6.993 6.927 6.847 6.746 6.652 6.566 6.488
8.593 8.771 8.518 8.257 7.989 7.714 7.431 7.141 6.843 6.539 6.227 5.907 5.580 5.349 5.414 5.460 5.487 5.496 5.486 5.458 5.411 5.345 5.260 5.157 5.035 4.952 5.013 5.081 5.154 5.234 5.319 5.411 5.508 5.612 5.722 5.838 5.959 6.040 6.005 5.956 5.892 5.813 5.719 5.611 5.487 5.349 5.196 5.029 4.846 4.761 4.901 5.056 5.224 5.407 5.605 5.817 6.042 6.283 6.537 6.806 7.089 7.220 7.092 6.971 6.858 6.753 6.655 6.565 6.483 6.408 6.341 6.282 6.230
9.243 9.557 9.278 8.991 8.697 8.396 8.087 7.771 7.448 7.117 6.779 6.434 6.081 5.758 5.757 5.738 5.700 5.644 5.569 5.475 5.362 5.231 5.081 4.913 4.726 4.558 4.641 4.730 4.824 4.925 5.032 5.144 5.263 5.388 5.519 5.656 5.798 5.910 5.824 5.723 5.607 5.477 5.331 5.171 4.997 4.807 4.603 4.383 4.149 3.986 4.177 4.381 4.600 4.833 5.221 5.653 6.010 6.293 6.501 6.634 6.692 6.662 6.560 6.466 6.380 6.301 6.231 6.167 6.112 6.064 6.024 5.991 5.966
9.876 10.285 10.044 9.732 9.412 9.085 8.750 8.408 8.059 7.703 7.339 6.968 6.589 6.203 6.120 6.036 5.933 5.811 5.670 5.511 5.334 5.137 4.922 4.689 4.436 4.165 4.263 4.373 4.488 4.610 4.738 4.872 5.012 5.158 5.310 5.468 5.631 5.795 5.658 5.505 5.338 5.156 4.959 4.748 4.521 4.280 4.025 4.038 4.216 4.462 5.007 5.477 5.873 6.194 6.441 6.612 6.710 6.732 6.680 6.553 6.351 6.097 6.022 5.955 5.895 5.843 5.799 5.763 5.734 5.713 5.699 5.693 5.695
