DATA/SHG/ECMWF/20170628/EN-31/20170710.en-31.asc
ncols        190
nrows        64
xllcorner    -5100000.000000000000
yllcorner    4130000.000000000000
cellsize     10000.000000000000
NODATA_value  -99999.000
[rows 0 to 31 of 64, columns 0 to 72 of 190]
2.832 2.968 3.114 3.270 3.438 3.616 3.804 4.004 4.214 4.142 3.976 3.807 3.635 3.460 3.282 3.101 2.916 2.729 2.538 2.495 2.514 2.681 2.897 3.095 3.275 3.437 3.580 3.706 3.814 3.903 3.975 4.029 4.064 4.160 4.298 4.430 4.555 4.675 4.789 4.897 4.999 5.095 5.185 5.269 5.347 5.387 5.401 5.421 5.446 5.476 5.512 5.553 5.599 5.651 5.708 5.771 5.839 5.998 6.245 6.471 6.676 6.859 7.021 7.162 7.281 7.380 7.457 7.513 7.547 7.650 7.886 8.115 8.336
2.735 2.908 3.092 3.286 3.491 3.707 3.933 4.170 4.418 4.412 4.235 4.055 4.002 3.967 3.948 3.945 3.956 3.983 4.026 4.084 4.157 4.285 4.437 4.571 4.687 4.785 4.865 4.926 4.970 4.996 5.004 4.994 4.965 4.999 5.116 5.226 5.331 5.430 5.522 5.609 5.690 5.764 5.833 5.896 5.953 5.996 6.029 6.067 6.111 6.160 6.215 6.275 6.340 6.410 6.486 6.567 6.654 6.776 6.948 7.099 7.229 7.338 7.425 7.491 7.536 7.560 7.562 7.543 7.503 7.513 7.723 7.925 8.120
2.626 2.837 3.058 3.291 3.553 3.906 4.270 4.645 5.031 5.227 5.201 5.190 5.194 5.214 5.249 5.299 5.365 5.446 5.542 5.654 5.781 5.905 5.993 6.063 6.115 6.149 6.165 6.164 6.144 6.106 6.050 5.976 5.884 5.843 5.938 6.028 6.111 6.189 6.260 6.326 6.385 6.439 6.487 6.528 6.564 6.599 6.651 6.708 6.770 6.838 6.911 6.990 7.074 7.163 7.258 7.357 7.463 7.573 7.671 7.747 7.802 7.836 7.849 7.841 7.811 7.760 7.688 7.594 7.627 7.699 8.006 8.276 8.511
2.847 3.195 3.555 3.924 4.305 4.696 5.098 5.511 5.934 6.239 6.267 6.310 6.368 6.441 6.530 6.635 6.754 6.889 7.039 7.205 7.386 7.542 7.566 7.572 7.561 7.531 7.483 7.418 7.334 7.232 7.113 6.975 6.819 6.692 6.766 6.834 6.897 6.953 7.003 7.048 7.086 7.118 7.145 7.165 7.180 7.195 7.266 7.342 7.423 7.509 7.601 7.699 7.801 7.909 8.022 8.141 8.265 8.390 8.413 8.414 8.403 8.470 8.530 8.584 8.632 8.673 8.707 8.736 8.757 8.773 8.949 9.093 9.201
3.435 3.821 4.218 4.626 5.044 5.473 5.913 6.363 6.825 7.233 7.314 7.411 7.524 7.651 7.794 7.952 8.125 8.314 8.518 8.738 8.972 9.195 9.156 9.098 9.023 8.929 8.818 8.689 8.541 8.376 8.193 7.992 7.772 7.546 7.599 7.646 7.687 7.722 7.751 7.774 7.792 7.803 7.808 7.808 7.801 7.788 7.875 7.969 8.069 8.175 8.285 8.401 8.522 8.656 8.831 9.035 9.268 9.530 9.612 9.669 9.720 9.764 9.801 9.833 9.857 9.876 9.887 9.893 9.892 9.884 9.925 9.943 9.924
4.010 4.435 4.869 5.315 5.771 6.237 6.715 7.203 7.702 8.209 8.344 8.495 8.661 8.842 9.039 9.251 9.478 9.721 9.979 10.252 10.540 10.844 10.762 10.641 10.501 10.344 10.169 9.977 9.766 9.537 9.290 9.025 8.742 8.442 8.436 8.462 8.482 8.496 8.504 8.506 8.502 8.492 8.477 8.455 8.427 8.394 8.455 8.530 8.633 8.765 8.926 9.116 9.335 9.582 9.859 10.165 10.500 10.863 10.980 11.014 11.041 11.062 11.077 11.086 11.087 11.083 11.072 11.054 11.030 11.000 10.934 10.825 10.680
4.573 5.035 5.507 5.990 6.484 6.989 7.504 8.030 8.566 9.113 9.356 9.560 9.780 10.015 10.266 10.531 10.812 11.109 11.420 11.747 12.090 12.447 12.384 12.200 11.997 11.776 11.538 11.281 11.007 10.714 10.404 10.076 9.730 9.366 9.278 9.283 9.282 9.275 9.262 9.202 9.108 9.009 8.906 8.799 8.688 8.573 8.642 8.817 9.022 9.256 9.518 9.810 10.130 10.479 10.858 11.265 11.701 12.166 12.351 12.362 12.367 12.365 12.357 12.343 12.322 12.294 12.261 12.220 12.174 12.121 11.976 11.740 11.469
5.123 5.622 6.132 6.653 7.185 7.727 8.280 8.843 9.417 10.002 10.349 10.607 10.881 11.170 11.474 11.794 12.128 12.478 12.844 13.224 13.620 14.031 14.024 13.775 13.509 13.225 12.923 12.603 12.265 11.909 11.535 11.144 10.657 10.160 9.918 9.830 9.737 9.640 9.539 9.434 9.325 9.212 9.094 8.973 8.847 8.717 8.799 9.076 9.382 9.717 10.081 10.474 10.896 11.347 11.826 12.334 12.872 13.438 13.727 13.715 13.697 13.673 13.642 13.604 13.561 13.511 13.454 13.391 13.322 13.246 13.050 12.688 12.290
5.660 6.197 6.745 7.303 7.872 8.452 9.042 9.644 10.255 10.878 11.324 11.636 11.964 12.306 12.664 13.037 13.426 13.830 14.249 14.683 15.132 15.597 15.679 15.368 15.038 14.464 13.894 13.345 12.817 12.310 11.824 11.360 10.916 10.493 10.228 10.124 10.017 9.906 9.790 9.671 9.547 9.419 9.287 9.150 9.010 8.865 8.927 9.305 9.713 10.149 10.615 11.109 11.632 12.184 12.765 13.374 14.013 14.680 15.107 15.072 15.032 14.984 14.931 14.871 14.804 14.731 14.652 14.566 14.474 14.375 14.156 13.669 13.145
6.184 6.759 7.344 7.940 8.547 9.164 9.792 10.431 11.080 11.740 12.282 12.647 13.028 13.425 13.836 14.263 14.705 15.127 15.310 15.497 15.687 15.881 15.799 15.240 14.702 14.185 13.689 13.214 12.759 12.326 11.914 11.523 11.153 10.804 10.541 10.423 10.301 10.175 10.045 9.911 9.772 9.629 9.483 9.332 9.176 9.017 9.025 9.505 10.014 10.552 11.119 11.714 12.338 12.991 13.673 14.384 15.123 15.892 16.491 16.434 16.370 16.300 16.224 16.141 16.052 15.956 15.854 15.745 15.631 15.509 15.296 14.682 14.032
6.696 7.308 7.931 8.565 9.209 9.864 10.530 11.206 11.892 12.590 13.143 13.315 13.490 13.668 13.850 14.035 14.224 14.416 14.612 14.811 15.014 15.220 15.277 14.792 14.328 13.884 13.462 13.061 12.680 12.321 11.982 11.665 11.368 11.093 10.858 10.726 10.589 10.448 10.304 10.155 10.001 9.844 9.683 9.517 9.347 9.173 9.095 9.676 10.286 10.925 11.593 12.290 13.015 13.769 14.552 15.364 16.204 17.074 17.880 17.800 17.713 17.621 17.521 17.416 17.304 17.185 17.061 16.929 16.792 16.648 16.467 15.728 14.952
7.195 7.845 8.505 9.096 9.606 10.101 10.583 11.050 11.504 11.943 12.344 12.528 12.715 12.906 13.100 13.298 13.499 13.703 13.911 14.123 14.338 14.556 14.734 14.323 13.932 13.562 13.214 12.886 12.579 12.293 12.028 11.785 11.562 11.360 11.179 11.032 10.881 10.726 10.566 10.402 10.235 10.063 9.886 9.706 9.522 9.333 9.141 9.818 10.529 11.269 12.038 12.836 13.662 14.517 15.401 16.314 17.255 18.226 19.225 19.170 19.061 18.945 18.823 18.695 18.560 18.419 18.272 18.020 17.725 17.470 17.253 16.521 15.787
7.140 7.643 8.131 8.606 9.066 9.513 9.945 10.363 10.767 11.158 11.534 11.738 11.938 12.141 12.347 12.557 12.771 12.988 13.208 13.432 13.659 13.890 14.124 13.832 13.515 13.219 12.944 12.690 12.457 12.244 12.053 11.883 11.733 11.605 11.497 11.342 11.177 11.007 10.832 10.654 10.472 10.285 10.094 9.899 9.700 9.497 9.290 9.931 10.743 11.584 12.454 13.352 14.280 15.236 16.220 17.234 18.276 19.347 20.447 20.544 20.178 19.746 19.353 18.999 18.684 18.409 18.172 17.975 17.817 17.698 17.618 17.123 16.552
6.814 7.267 7.706 8.132 8.543 8.940 9.323 9.692 10.047 10.388 10.715 10.945 11.157 11.373 11.592 11.814 12.040 12.269 12.502 12.738 12.977 13.220 13.467 13.320 13.077 12.854 12.653 12.472 12.313 12.174 12.056 11.959 11.883 11.828 11.794 11.657 11.476 11.291 11.103 10.910 10.713 10.511 10.306 10.097 9.883 9.665 9.443 10.014 10.927 11.869 12.840 13.839 14.868 15.749 16.569 17.355 18.108 18.828 19.513 19.472 19.137 18.842 18.586 18.369 18.192 18.053 17.953 17.893 17.871 17.889 17.945 17.681 17.273
6.503 6.907 7.297 7.673 8.035 8.383 8.717 9.037 9.343 9.635 9.913 10.150 10.375 10.602 10.834 11.068 11.306 11.548 11.793 12.041 12.293 12.548 12.807 12.787 12.617 12.468 12.340 12.233 12.147 12.082 12.037 12.014 12.011 12.029 12.068 11.975 11.779 11.580 11.377 11.169 10.958 10.742 10.522 10.298 10.070 9.837 9.597 10.036 10.940 11.811 12.648 13.452 14.222 14.958 15.661 16.331 16.966 17.568 18.137 18.258 18.061 17.903 17.783 17.703 17.662 17.660 17.697 17.773 17.888 18.042 18.235 18.195 17.949
6.209 6.563 6.904 7.231 7.544 7.843 8.127 8.398 8.655 8.898 9.126 9.353 9.589 9.829 10.073 10.320 10.570 10.824 11.081 11.342 11.606 11.874 12.145 12.233 12.137 12.061 12.007 11.973 11.960 11.968 11.997 12.047 12.117 12.209 12.321 12.296 12.087 11.873 11.641 11.334 11.047 10.778 10.529 10.298 10.087 9.894 9.721 9.983 10.770 11.524 12.244 12.930 13.583 14.202 14.788 15.340 15.859 16.344 16.795 17.009 16.948 16.927 16.944 17.000 17.096 17.230 17.404 17.616 17.868 18.159 18.488 18.664 18.580
5.930 6.235 6.527 6.805 7.068 7.318 7.554 7.775 7.983 8.177 8.356 8.552 8.801 9.054 9.309 9.569 9.831 10.097 10.367 10.640 10.916 11.196 11.479 11.658 11.635 11.633 11.651 11.691 11.752 11.833 11.935 12.030 12.064 12.096 12.126 12.047 11.750 11.472 11.214 10.974 10.753 10.551 10.368 10.203 10.058 9.932 9.825 9.964 10.634 11.270 11.873 12.442 12.978 13.480 13.949 14.384 14.785 15.153 15.488 15.723 15.799 15.914 16.068 16.261 16.493 16.764 17.074 17.423 17.811 18.237 18.703 19.088 19.166
5.666 5.923 6.166 6.394 6.609 6.809 6.996 7.168 7.327 7.472 7.602 7.749 8.010 8.275 8.543 8.815 9.090 9.368 9.650 9.935 10.224 10.516 10.811 11.061 11.108 11.152 11.194 11.234 11.270 11.304 11.334 11.362 11.387 11.410 11.429 11.402 11.172 10.960 10.768 10.594 10.440 10.304 10.187 10.090 10.011 9.951 9.910 9.979 10.531 11.050 11.536 11.988 12.407 12.792 13.143 13.461 13.746 13.997 14.214 14.401 14.614 14.865 15.156 15.485 15.853 16.261 16.707 17.192 17.716 18.279 18.881 19.468 19.708
5.419 5.626 5.820 5.999 6.165 6.316 6.454 6.578 6.687 6.783 6.865 6.944 7.217 7.494 7.774 8.058 8.345 8.647 8.955 9.262 9.569 9.875 10.180 10.475 10.513 10.548 10.580 10.609 10.636 10.660 10.681 10.699 10.714 10.727 10.737 10.739 10.575 10.430 10.304 10.196 10.108 10.039 9.988 9.957 9.944 9.951 9.976 10.026 10.462 10.864 11.232 11.567 11.869 12.137 12.372 12.573 12.741 12.875 12.976 13.044 13.393 13.780 14.207 14.673 15.177 15.721 16.303 16.924 17.585 18.284 19.022 19.799 20.205
5.187 5.346 5.490 5.620 5.737 5.840 5.928 6.003 6.064 6.110 6.172 6.216 6.498 6.807 7.116 7.424 7.731 8.037 8.343 8.649 8.953 9.257 9.561 9.864 9.921 9.947 9.969 9.989 10.006 10.020 10.031 10.039 10.045 10.048 10.048 10.045 9.959 9.881 9.821 9.780 9.758 9.755 9.771 9.805 9.859 9.932 10.023 10.133 10.425 10.710 10.962 11.180 11.365 11.516 11.634 11.719 11.770 11.787 11.771 11.722 12.135 12.659 13.222 13.824 14.465 15.144 15.863 16.620 17.416 18.251 19.125 20.038 20.658
4.971 5.080 5.176 5.332 5.464 5.571 5.653 5.709 5.740 5.746 5.728 5.683 5.900 6.207 6.513 6.819 7.124 7.429 7.733 8.036 8.339 8.641 8.943 9.244 9.334 9.349 9.362 9.372 9.379 9.384 9.385 9.384 9.380 9.373 9.363 9.350 9.325 9.313 9.319 9.345 9.389 9.452 9.534 9.635 9.755 9.894 10.051 10.228 10.422 10.591 10.725 10.827 10.895 10.929 10.930 10.898 10.832 10.733 10.601 10.435 10.841 11.502 12.201 12.938 13.715 14.531 15.385 16.221 16.951 17.641 18.293 18.906 19.291
5.252 5.371 5.464 5.533 5.577 5.595 5.588 5.557 5.500 5.418 5.311 5.179 5.303 5.608 5.912 6.216 6.520 6.822 7.124 7.426 7.727 8.027 8.326 8.626 8.750 8.756 8.759 8.759 8.756 8.751 8.743 8.732 8.718 8.701 8.682 8.660 8.673 8.727 8.799 8.891 9.001 9.131 9.279 9.446 9.632 9.837 10.060 10.303 10.453 10.504 10.522 10.507 10.458 10.376 10.261 10.112 9.929 9.714 9.465 9.182 9.576 10.442 11.270 12.058 12.808 13.519 14.191 14.824 15.418 15.974 16.490 16.968 17.347
5.744 5.775 5.781 5.761 5.716 5.647 5.552 5.432 5.287 5.117 4.922 4.702 4.707 5.010 5.313 5.615 5.916 6.217 6.517 6.816 7.115 7.414 7.711 8.008 8.170 8.166 8.159 8.150 8.138 8.122 8.104 8.084 8.060 8.034 8.005 7.973 8.002 8.122 8.261 8.419 8.595 8.791 9.005 9.238 9.490 9.761 10.050 10.359 10.516 10.451 10.352 10.220 10.055 9.853 9.655 9.471 9.301 9.146 9.005 8.879 9.164 9.895 10.587 11.241 11.855 12.431 12.968 13.466 13.925 14.346 14.727 15.070 15.400
6.264 6.206 6.124 6.016 5.883 5.726 5.543 5.335 5.102 4.844 4.561 4.252 4.113 4.414 4.715 5.015 5.314 5.613 5.911 6.209 6.505 6.802 7.098 7.393 7.594 7.580 7.564 7.544 7.522 7.498 7.470 7.439 7.406 7.370 7.331 7.289 7.313 7.499 7.704 7.928 8.170 8.432 8.712 9.011 9.329 9.666 9.935 10.173 10.260 10.040 9.834 9.643 9.466 9.304 9.156 9.022 8.904 8.799 8.709 8.634 8.790 9.386 9.943 10.461 10.941 11.381 11.783 12.146 12.471 12.756 13.003 13.211 13.450
6.810 6.665 6.494 6.298 6.077 5.832 5.561 5.265 4.944 4.598 4.227 3.831 3.520 3.819 4.118 4.416 4.713 5.010 5.306 5.602 5.897 6.191 6.485 6.778 7.021 6.998 6.972 6.943 6.911 6.876 6.839 6.799 6.756 6.710 6.662 6.610 6.606 6.858 7.129 7.396 7.655 7.908 8.155 8.397 8.632 8.861 9.084 9.301 9.444 9.275 9.119 8.979 8.853 8.741 8.644 8.561 8.493 8.439 8.399 8.374 8.454 8.915 9.337 9.720 10.065 10.370 10.637 10.866 11.055 11.206 11.318 11.391 11.497
7.382 7.150 6.891 6.608 6.299 5.965 5.606 5.223 4.814 4.380 3.921 3.437 2.928 3.226 3.522 3.818 4.114 4.409 4.703 4.997 5.290 5.582 5.874 6.166 6.452 6.419 6.383 6.345 6.303 6.259 6.212 6.162 6.119 6.075 6.031 5.985 5.946 6.203 6.453 6.697 6.936 7.168 7.395 7.615 7.829 8.038 8.240 8.436 8.615 8.496 8.391 8.301 8.226 8.165 8.118 8.086 8.068 8.065 8.076 8.101 8.156 8.482 8.769 9.017 9.227 9.398 9.530 9.623 9.678 9.694 9.671 9.610 9.541
7.953 7.662 7.316 6.944 6.547 6.126 5.679 5.208 4.711 4.189 3.643 3.071 2.474 2.633 2.928 3.222 3.516 3.809 4.101 4.393 4.684 4.975 5.265 5.554 5.843 5.848 5.807 5.765 5.723 5.679 5.635 5.590 5.544 5.497 5.450 5.401 5.352 5.553 5.783 6.006 6.224 6.435 6.641 6.840 7.034 7.221 7.403 7.578 7.747 7.704 7.650 7.610 7.585 7.575 7.579 7.597 7.630 7.677 7.738 7.815 7.905 8.086 8.239 8.352 8.427 8.463 8.461 8.420 8.340 8.221 8.064 7.868 7.633
8.531 8.201 7.767 7.308 6.823 6.314 5.779 5.220 4.636 4.026 3.392 2.733 2.048 2.043 2.336 2.628 2.919 3.250 3.646 4.006 4.331 4.620 4.875 5.095 5.279 5.294 5.250 5.206 5.160 5.114 5.067 5.019 4.970 4.921 4.870 4.819 4.767 4.911 5.120 5.322 5.519 5.710 5.894 6.073 6.245 6.412 6.573 6.727 6.875 6.899 6.895 6.906 6.932 6.972 7.026 7.095 7.178 7.275 7.388 7.514 7.655 7.729 7.747 7.725 7.666 7.567 7.430 7.254 7.040 6.787 6.495 6.164 5.795
9.118 8.768 8.245 7.698 7.126 6.529 5.907 5.260 4.588 3.891 3.245 2.688 2.143 2.143 2.556 2.933 3.276 3.583 3.856 4.093 4.295 4.462 4.594 4.691 4.752 4.742 4.695 4.648 4.600 4.551 4.501 4.450 4.398 4.346 4.293 4.239 4.184 4.276 4.463 4.645 4.821 4.991 5.155 5.312 5.464 5.610 5.750 5.883 6.011 6.080 6.127 6.189 6.265 6.355 6.460 6.579 6.713 6.861 7.023 7.200 7.391 7.409 7.292 7.137 6.942 6.710 6.438 6.128 5.779 5.391 4.965 4.500 3.997
9.712 9.361 8.751 8.136 7.538 6.951 6.377 5.814 5.263 4.724 4.196 3.680 3.177 3.004 3.294 3.549 3.769 3.953 4.103 4.217 4.297 4.341 4.350 4.324 4.263 4.192 4.142 4.092 4.041 3.989 3.936 3.883 3.828 3.773 3.717 3.660 3.602 3.647 3.814 3.975 4.130 4.279 4.422 4.559 4.690 4.815 4.934 5.046 5.153 5.248 5.346 5.458 5.584 5.725 5.880 6.050 6.234 6.432 6.645 6.872 7.114 7.128 6.876 6.586 6.257 5.890 5.484 5.039 4.604 4.241 3.889 3.547 3.217
10.251 9.937 9.356 8.787 8.230 7.684 7.151 6.629 6.119 5.620 5.134 4.659 4.196 3.902 4.069 4.201 4.298 4.360 4.387 4.378 4.335 4.257 4.143 3.995 3.812 3.643 3.591 3.538 3.484 3.429 3.373 3.317 3.260 3.201 3.142 3.083 3.022 3.026 3.172 3.312 3.446 3.574 3.696 3.812 3.923 4.027 4.125 4.217 4.303 4.403 4.551 4.713 4.890 5.081 5.287 5.507 5.741 5.990 6.253 6.531 6.823 6.858 6.456 6.065 5.685 5.316 4.958 4.611 4.275 3.950 3.636 3.333 3.040
10.762 10.493 9.953 9.425 8.908 8.404 7.911 7.430 6.961 6.503 6.057 5.623 5.201 4.836 4.880 4.890 4.864 4.803 4.708 4.577 4.411 4.210 3.974 3.703 3.397 3.096 3.041 2.985 2.928 2.870 2.812 2.753 2.692 2.632 2.570 2.507 2.444 2.411 2.536 2.656 2.769 2.876 2.978 3.073 3.162 3.246 3.323 3.394 3.460 3.545 3.743 3.956 4.183 4.425 4.819 5.256 5.620 5.909 6.125 6.267 6.335 6.252 5.889 5.536 5.194 4.863 4.543 4.234 3.936 3.649 3.373 3.108 2.854
