DATA/RAW-RASTER/ECMWF/20170628/EN-35/20170701.en-35.asc
ncols			31
nrows			16
xllcorner		69.5
yllcorner		19.5
cellsize		1.0
NODATA_value	-99999
0.15640 3.78799 1.92261 2.17438 9.27734 2.49100 4.87137 2.78473 0.27084 0.13351 0.51880 0.51117 1.22070 1.31989 1.20926 1.00708 1.02234 2.22015 5.56183 5.38635 4.13132 5.46265 5.47028 9.10187 13.56888 16.27731 19.00482 17.81082 11.49368 4.67300 0.57983
0.00000 0.00763 9.74274 17.90619 12.68387 0.51117 0.11444 1.43051 0.82397 1.57547 2.04849 1.22833 1.82724 2.65121 0.97656 1.89209 1.48392 1.52588 1.64032 2.76947 4.88281 2.62833 10.39124 9.02939 10.95963 8.68607 12.62283 20.18738 17.42172 12.33292 1.24741
0.08774 0.07248 0.16022 4.52423 10.87189 4.04358 2.66266 0.02289 0.03815 0.00381 0.01907 0.69046 4.93622 2.91443 6.94656 3.65067 6.43921 9.02939 4.19617 2.41852 4.35638 6.07681 11.85226 3.65067 4.78745 6.40106 4.88281 7.95364 11.82556 12.31384 6.71387
0.86594 2.33078 4.15421 4.57382 8.71277 10.42938 2.52151 10.23865 0.09155 0.05341 2.76184 1.33896 2.73895 13.85117 12.79831 16.33453 15.76614 12.66098 12.32910 13.06534 11.89423 16.44897 15.73944 20.78247 9.41086 12.57324 5.27954 4.79889 16.01028 18.03970 5.80215
0.79727 1.11008 1.88446 8.22449 2.35367 1.61743 1.83487 8.76617 13.47733 2.23541 0.07629 5.61142 8.15964 10.88333 12.20322 8.80814 10.39505 4.98581 3.25012 4.14276 8.72040 5.06973 6.27899 3.10135 6.88171 5.51605 1.93024 6.89316 7.21359 9.54056 24.67728
0.74005 1.08337 0.71335 1.28174 7.28607 0.37766 1.26266 4.54330 14.56070 40.92407 8.72040 11.12366 23.57483 6.17599 5.89371 5.21851 0.73242 2.04086 3.40271 2.93350 2.14767 1.91116 2.66647 4.48227 5.21469 16.46423 6.82831 0.84305 4.68445 4.86755 6.66809
0.00000 0.01144 0.00381 0.53024 2.73132 8.66318 1.59073 4.90189 20.56122 13.35144 16.27731 132.71332 75.50430 5.38635 0.50354 4.05502 6.50406 5.81360 0.53787 6.05774 4.45557 7.22885 4.09317 8.48770 12.21085 57.45697 68.32123 19.11163 5.80978 4.09317 7.43103
0.00000 0.00381 0.00763 0.06104 0.54932 5.30243 6.81305 6.12640 8.07571 14.80484 24.95193 22.46857 23.30017 10.14709 2.93350 21.03043 47.61124 14.75525 1.30081 1.64795 5.71442 25.81787 14.79340 32.93610 27.82440 38.43689 28.31650 18.33725 25.23041 10.38361 2.59399
0.00000 0.01144 0.00000 0.43869 1.06049 1.79672 2.65884 10.56290 7.68280 23.89526 27.45438 16.18576 19.60373 34.79767 37.20093 4.81033 340.29388 21.69800 34.14917 4.32587 97.27097 170.15076 78.34244 17.82608 19.37103 14.06097 17.17377 78.10974 106.75430 33.54645 10.00214
0.08392 0.17548 0.24033 0.69427 2.05994 0.97275 4.09698 10.66589 10.53619 25.36392 20.49637 14.91547 10.16235 5.69916 16.75415 23.17810 16.24680 36.12900 23.40698 8.82339 44.40308 10.04410 55.32074 4.20761 5.71823 11.66153 31.31104 38.83362 27.66418 9.22394 5.56946
0.09918 0.39673 0.31662 0.59891 0.63324 2.54822 7.65228 23.55957 6.17218 4.42505 9.14001 7.63702 10.75363 2.91824 5.66483 14.34708 15.19394 15.86914 19.27185 14.45770 21.70944 20.76721 30.66254 20.44678 17.87186 13.11111 4.79889 9.21631 35.78186 18.43643 6.78253
0.17548 0.20218 0.62180 2.05994 1.35040 0.89264 2.05994 12.92038 11.26862 16.67023 27.59933 5.93948 6.37054 7.96127 3.21960 13.04626 14.01520 17.45605 19.77539 15.83862 28.75900 7.50732 2.70081 2.59018 19.94705 15.14816 3.77274 8.34274 21.68274 8.62122 7.62558
0.41962 0.94986 0.63705 1.46103 2.89917 5.00870 3.15475 17.21573 7.14874 6.80161 12.24899 4.80652 11.79123 20.47729 10.13184 2.26593 11.26480 11.24191 18.70346 27.49252 11.02066 10.92529 12.55798 18.11218 19.23752 2.32697 3.55530 4.12369 2.89536 4.63104 2.52151
1.56021 1.10626 1.50681 7.49969 4.50897 2.46048 3.28064 2.34222 2.23160 3.82996 3.49808 6.10733 9.41849 2.75040 11.16943 7.65991 3.71552 2.22397 7.73621 11.75690 7.61795 14.89258 12.87079 13.87024 1.08337 0.70190 0.45013 0.36240 4.79126 2.32315 3.78418
5.02014 2.13623 3.86047 27.40097 7.40433 2.96021 4.08173 1.91498 0.86212 0.04578 0.13733 0.14877 0.37003 5.47028 7.04193 5.21469 0.59509 0.61798 17.45605 18.65005 10.97488 16.20483 37.17804 25.65384 1.46103 1.09100 1.05286 0.96512 0.59509 2.18964 3.93677
3.13568 4.81033 37.20093 43.08701 5.79834 2.73514 2.76947 4.80652 1.26266 0.24414 0.47684 0.97275 0.46921 4.61578 2.73895 8.74710 9.27353 10.70404 22.15576 19.82117 16.46423 14.25934 23.39554 25.33722 54.53873 4.39072 3.42560 1.30463 1.35040 0.14496 0.29755
