DATA/RAW-RASTER/ECMWF/20170628/EN-35/20170708.en-35.asc
ncols			31
nrows			16
xllcorner		69.5
yllcorner		19.5
cellsize		1.0
NODATA_value	-99999
0.00000 0.00000 0.03052 0.04578 0.00000 0.00000 0.06104 0.00000 0.11444 0.86975 1.19019 0.60272 0.74005 0.15259 0.18311 0.30518 0.41962 0.28229 0.26703 0.71716 2.42615 1.70898 6.21796 1.67084 2.47955 6.79016 9.57489 14.03809 9.55200 15.28931 24.62006
0.21362 0.00000 0.38147 0.79346 2.10571 0.07629 0.64850 0.22125 0.09155 0.59509 2.05231 1.26648 1.12152 0.69427 1.12915 1.44196 0.64850 0.28992 0.70190 0.96130 0.86212 9.65118 5.83649 9.44519 17.08221 12.90894 12.53510 14.60266 15.47241 11.01685 7.21741
0.01526 0.03052 0.00000 0.26703 4.89807 7.27844 0.98419 0.06104 0.57983 0.62561 2.67792 1.50299 0.06866 0.20599 0.07629 0.42725 0.12207 0.09155 0.91553 2.51007 2.18964 9.93347 6.94275 16.87622 9.78851 10.55145 11.33728 16.22009 13.50403 6.60706 3.19672
0.09155 0.00000 0.00000 0.20599 0.61798 9.51385 8.58307 2.09045 0.00000 0.28992 1.19781 1.45721 0.15259 0.57983 0.04578 1.42670 1.61743 7.17163 18.95142 13.14545 14.69421 5.78308 6.07300 7.56836 8.74329 3.53241 18.93616 11.52039 9.44519 18.30292 16.92963
5.88226 0.00000 0.00000 0.01526 0.00000 0.12207 1.52588 1.71661 1.37329 0.10681 0.00763 0.06866 0.35858 6.19507 5.40924 1.33514 4.62341 14.59503 6.91223 13.54218 10.05554 15.59448 12.29095 5.30243 0.48065 0.83923 0.84686 7.91931 13.36670 7.75146 3.95966
2.92206 0.00000 0.00000 0.00000 0.00000 0.54169 0.39673 1.38092 0.50354 2.17438 8.56781 5.41687 3.66211 1.03760 0.69427 16.08276 11.46698 6.97327 8.77380 14.25171 11.15417 16.26587 8.46863 7.04193 5.19562 11.40594 2.67029 2.39563 6.41632 1.40381 4.20380
0.00000 0.00000 0.01526 0.01526 0.01526 0.00000 0.02289 0.17548 0.72479 2.89917 3.11279 4.98962 10.87952 9.60541 1.77002 4.58527 7.50732 8.43048 11.93237 8.11768 7.79724 19.38629 16.34979 13.95416 15.97595 54.91638 16.61682 3.89099 11.92474 5.36346 2.38800
0.00000 0.01526 0.00000 0.00000 0.00000 0.01526 0.00000 0.01526 0.45013 0.29755 2.05231 4.02069 1.31226 4.74548 15.68604 0.75531 2.96783 1.06812 0.12207 4.33350 10.01740 8.98743 9.48334 60.48584 47.04285 53.23792 44.63196 11.96289 10.19287 4.50897 9.89532
0.00000 0.00000 0.00000 0.01526 0.00000 0.67139 0.04578 0.10681 0.12970 0.00000 0.19836 1.19781 2.29645 2.79236 6.76727 54.17633 8.97217 4.49371 11.76453 8.45337 32.10449 25.55847 84.17511 56.84662 20.39337 8.96454 11.66534 23.62823 48.04230 11.93237 11.86371
0.03052 0.00763 0.00763 0.00000 0.09155 0.01526 0.09155 1.05286 0.38147 0.06104 0.74005 0.20599 0.86975 6.24084 21.96503 2.98309 4.40216 39.10828 13.80157 40.89355 51.22375 78.76587 53.72620 43.77747 93.56689 28.44238 18.55469 23.41461 90.37781 36.29303 11.91711
0.06104 0.07629 0.25940 0.07629 0.00000 0.00000 0.37384 0.19073 0.36621 0.26703 1.18256 0.27466 0.60272 4.21906 10.48279 5.29480 11.77979 22.88818 48.42377 31.23474 14.99939 31.18134 99.83063 14.48059 10.19287 22.78900 24.55139 26.67236 69.82422 37.55188 24.73450
0.25177 0.23651 1.02997 1.25122 0.38147 0.15259 0.09155 0.72479 2.17438 2.41089 0.02289 0.61035 0.91553 6.12640 7.75146 10.44464 7.48444 3.40271 2.08282 3.60870 10.55145 4.81415 1.18256 3.45612 17.08221 35.24017 22.82715 25.26855 11.84082 15.78522 7.94983
0.74768 1.42670 0.15259 0.82397 1.51825 0.90790 0.74005 0.03815 0.01526 0.00000 1.33514 1.00708 0.83923 12.18414 27.58026 4.42505 1.60980 0.94604 0.97656 2.17438 5.25665 4.75311 6.55365 10.10895 13.71765 9.77325 12.43591 10.49042 16.84570 6.38580 2.73132
1.67084 2.16675 0.95367 2.12860 0.83923 0.10681 0.31281 2.18201 0.57220 1.46484 0.13733 5.42450 3.34930 12.29858 13.35144 11.11603 4.72260 0.98419 1.96075 2.03705 2.65503 10.04028 2.47192 7.94983 5.41687 3.28064 4.27246 11.73401 13.80920 5.43976 2.09045
3.28064 1.79291 4.24957 7.69806 2.50244 1.35040 0.22888 6.37817 7.18689 5.42450 26.42822 15.21301 11.87134 14.49585 12.25281 2.25067 1.23596 0.99182 1.38092 1.57166 3.69263 10.46753 20.62225 15.12146 2.38037 1.29700 3.16620 2.05231 6.27136 19.06586 34.62982
4.45557 6.56891 17.15851 38.10120 2.15912 3.72314 9.75037 7.94220 14.60266 17.73071 37.26959 27.53448 26.65710 6.80542 3.14331 9.96399 3.67737 1.06812 1.55640 1.28174 3.97491 6.95038 16.61682 24.23859 14.04572 10.17761 7.31659 2.79236 3.54767 3.02124 10.14709
