DATA/RAW-RASTER/ECMWF/20170628/EN-35/20170630.en-35.asc
ncols			31
nrows			16
xllcorner		69.5
yllcorner		19.5
cellsize		1.0
NODATA_value	-99999
0.39673 0.02289 0.12207 0.50735 6.97708 3.63541 2.88391 4.40598 5.07355 2.59018 3.66211 4.77219 7.53403 12.75253 9.37271 12.47025 13.10349 10.67734 6.87408 5.34439 6.37817 5.76401 7.03430 5.01633 5.13840 0.17166 0.00000 0.00000 0.00763 0.00000 0.52643
0.00763 0.00763 0.00000 0.12207 2.97928 0.66376 6.38580 5.07355 6.67572 9.70459 5.23758 7.60269 8.80432 10.41794 9.37653 12.60376 7.27081 5.24902 6.42395 2.80380 1.65176 3.04031 1.26648 5.34439 5.74112 1.71280 0.61035 2.63596 0.00000 0.05341 0.66376
0.01144 0.82016 0.00000 0.05341 0.00381 3.26920 8.63266 6.62994 6.08826 2.91061 0.73624 3.41415 4.44031 6.59943 5.27573 6.56891 5.95856 6.27899 6.05011 3.64685 3.44086 7.34711 1.13297 1.32370 1.62506 2.16675 1.63269 0.95749 1.02234 0.54550 2.02942
0.47302 0.00000 0.00000 0.02289 0.11826 1.13297 6.90842 27.59171 10.02502 1.16348 2.48337 0.95367 1.72806 2.01035 4.02451 3.35693 3.40271 8.84628 6.67191 5.08499 6.53839 2.84576 10.57053 3.23486 1.60217 1.54877 3.85284 3.16620 3.54004 1.85013 2.61307
0.16403 0.00000 0.00000 0.12207 1.36566 16.79611 7.04956 8.75854 3.36838 4.81796 0.21744 0.41580 2.59018 2.05994 0.58365 1.41907 0.46921 4.78745 9.02557 5.88989 4.84467 2.72751 5.43594 1.18256 2.75803 2.04468 2.18964 8.56781 7.39288 5.79834 5.59235
0.69046 0.00000 0.02289 0.25558 4.70734 4.47845 16.27350 19.11545 24.65820 7.77435 15.41901 12.66479 15.30838 1.31226 2.28500 3.48663 3.86047 5.50461 8.64792 7.83920 6.46591 5.28336 3.74222 7.19070 13.46588 14.03427 10.73837 8.86536 7.83539 10.52094 6.04248
0.27847 0.01907 0.88882 1.10245 2.69699 4.02832 10.16235 22.15195 30.10941 44.26575 19.32907 31.33011 20.50018 5.28717 1.14059 9.65118 8.44955 2.46811 12.05063 15.58304 16.37650 16.00647 11.56616 6.67572 14.97269 92.21649 83.75549 23.92578 11.82938 11.74164 17.31873
0.24796 0.54169 1.34659 1.84631 2.72751 13.84354 12.32147 19.38248 22.56012 20.38193 22.88437 21.16776 45.86029 25.92087 43.05267 109.01260 35.80856 0.95749 0.44632 1.99890 27.11105 29.20914 21.31271 41.45050 16.47568 63.80463 38.87939 36.14807 59.14688 23.35739 19.96613
0.25558 1.18637 1.69754 4.72641 7.86972 5.37109 6.88553 14.41956 4.05884 11.26099 14.54163 26.47400 23.19717 18.87131 19.28329 38.61237 13.11493 19.83643 21.43478 107.31506 161.15570 243.10684 96.28677 18.80646 41.56113 11.54709 19.81354 139.89639 96.61484 58.95233 25.13885
0.61417 1.31989 8.30841 17.34924 13.66043 8.80814 22.43042 6.40869 1.65939 1.17874 2.02179 7.70950 10.71548 15.18631 27.57645 21.00372 11.27243 14.13345 21.12961 5.00870 21.22498 10.44464 35.03036 3.35693 4.67300 3.91388 21.06476 32.27234 63.67111 17.70020 26.29089
0.90408 2.58255 13.28659 9.62448 5.69534 26.28326 26.55792 36.54861 3.66592 1.39999 0.92316 8.09097 0.97275 1.72043 9.66644 18.62335 12.04300 13.18359 14.13345 13.09967 11.50131 13.08060 34.82056 3.35693 2.42615 12.24136 4.06647 22.64404 28.62930 14.84680 6.86264
7.43103 13.15308 14.88876 47.03140 54.03519 26.15738 8.28171 8.27789 2.24686 1.45721 1.89209 1.52588 0.22888 9.57108 8.85773 20.27512 14.63318 15.43427 22.01462 29.20914 9.25446 3.86047 0.53406 3.00598 13.14545 3.65448 4.01306 9.55582 3.07846 8.74710 8.23212
26.07346 12.74872 15.68985 10.41031 11.14655 5.00488 2.18582 3.63159 7.85828 1.09863 2.73132 5.04303 2.91824 45.57419 14.12964 6.64139 7.90405 14.82391 22.35794 10.19287 5.76401 15.58304 4.52805 10.27298 15.63263 4.20761 1.25504 1.92642 15.99121 6.34003 6.24084
4.80270 8.68607 1.63269 6.03485 4.09317 1.28937 1.14822 2.86102 1.11389 0.38910 4.30679 1.98364 10.28824 9.19342 2.30789 5.34058 3.96729 16.12854 10.28824 7.45392 14.77814 25.05875 6.94656 16.25824 10.99777 0.86594 1.44196 0.96893 1.10245 2.23160 7.62939
4.14276 3.81470 1.75476 9.06372 2.32315 1.30844 0.30136 0.76675 0.42343 5.45883 3.83377 1.31989 5.42068 3.71170 4.49753 1.91498 0.41199 1.30463 6.50787 17.93671 20.03479 24.26147 34.26361 19.54651 2.09808 3.18909 10.49423 0.81253 0.56839 1.14822 2.40707
3.21960 4.15421 9.31168 10.21576 0.98419 4.85611 0.62180 1.27792 3.61252 1.43433 9.76181 6.46591 16.46042 13.10349 7.18689 12.56180 4.59671 10.91385 14.19067 13.85117 17.47513 23.27347 23.39554 32.81784 22.67456 4.30679 10.14328 1.43051 0.63705 0.76675 1.61743
