DATA/RAW-RASTER/ECMWF/20170628/EN-35/20170707.en-35.asc
ncols			31
nrows			16
xllcorner		69.5
yllcorner		19.5
cellsize		1.0
NODATA_value	-99999
0.42725 0.00000 0.00000 0.19073 0.38147 1.13678 0.29755 0.09155 0.16785 0.34332 0.73242 2.28119 2.90680 6.33240 3.70026 4.61578 6.46210 12.58850 11.97815 9.23157 8.90350 9.85718 2.25067 3.50189 9.37653 14.38141 1.12915 0.43488 2.41089 4.57001 9.74274
0.00000 0.23651 0.16022 0.51880 1.73950 0.74005 1.05286 3.50189 1.32751 0.47302 0.59509 1.00708 1.31989 0.61798 1.35803 1.94550 2.81525 5.35583 3.99780 4.08936 6.17981 1.95312 0.70953 0.67902 0.93079 6.57654 1.17493 0.32043 2.36511 1.91498 5.25665
0.00000 0.06104 0.00000 0.64087 0.93079 3.06702 1.05286 0.13733 0.29755 0.93842 0.83160 0.31281 0.22125 0.03052 1.56403 0.97656 1.70135 4.38690 5.69916 7.40051 4.33350 0.32043 3.89862 8.35419 3.06702 2.63214 7.47681 4.76074 0.42725 1.51062 13.39722
0.35095 0.00000 0.00763 0.03815 0.64087 2.74658 3.61633 5.27191 0.07629 0.01526 0.00763 0.06104 0.55695 0.77820 1.77765 0.65613 1.96075 5.52368 5.60760 4.15802 1.58691 6.92749 10.44464 1.15204 3.22723 4.75311 9.61304 3.28827 6.76727 9.40704 9.15527
0.48065 0.00000 0.00000 0.00000 0.04578 0.83160 2.53296 3.79181 1.86157 1.85394 0.00000 1.13678 2.20490 4.02069 2.62451 3.69263 3.31879 16.30402 5.95093 10.65063 6.39343 4.81415 11.33728 8.43811 4.12750 4.85992 2.73895 5.31006 7.49207 4.06647 3.53241
0.35858 0.00000 0.00000 0.00000 0.00763 0.06866 0.57983 0.56458 2.40326 6.91223 11.01685 20.11871 5.80597 0.93079 2.76947 6.16455 8.17871 6.96564 5.09644 2.42615 2.91443 10.52856 10.87952 16.74652 19.71436 23.44513 2.86102 5.79071 6.11115 5.00488 20.15686
0.00000 0.00000 0.00000 0.00000 0.00000 0.00000 0.07629 0.13733 0.41199 3.30353 6.47736 15.35034 5.69916 6.79779 0.50354 2.08282 1.48010 2.88391 1.99127 4.89044 1.14441 1.20544 5.60760 7.27081 15.58685 14.04572 33.99658 7.95746 4.85992 17.18903 7.80487
0.00000 0.00000 0.00000 0.00000 0.00763 0.00763 0.00000 0.06104 0.80872 1.14441 4.21906 5.81360 3.93677 2.82288 13.35907 13.27515 14.57214 2.53296 4.03595 1.78528 7.32422 13.73291 6.56128 21.21735 13.41248 61.72180 135.41412 27.67944 25.61951 16.97540 13.32855
0.00000 0.00000 0.00000 0.00000 0.00000 0.29755 0.00000 0.19073 1.61743 0.54932 2.68555 4.82941 12.58850 13.16833 1.05286 35.95734 4.98962 30.85327 7.78961 20.98083 91.18652 85.87646 68.30597 35.26306 9.07135 11.76453 22.07184 6.43158 22.82715 11.36017 19.95850
0.00000 0.03815 0.01526 0.03815 0.00000 0.00000 0.19073 0.20599 1.16730 0.39673 1.06812 1.37329 4.66156 12.98523 2.63214 1.57166 5.25665 7.27081 21.43097 19.46259 19.14215 2.34985 12.29858 21.88110 9.37653 6.49261 17.48657 39.21509 42.64832 15.73944 15.64026
0.08392 0.25177 0.51880 0.29755 0.00000 0.00763 0.00000 0.00000 0.23651 0.58746 0.65613 0.86212 1.55640 3.50952 2.84576 1.93787 10.95581 15.54108 24.86420 11.93237 17.41028 30.18188 44.94476 16.16669 9.62830 12.86316 23.04077 28.77808 51.97906 12.36725 12.19177
0.31281 0.34332 0.72479 1.20544 0.32806 0.10681 0.11444 0.02289 0.04578 0.06104 0.31281 0.41962 0.60272 0.40436 0.16785 1.89209 3.28827 33.28705 7.88116 4.60815 17.74597 19.11163 5.00488 3.41797 4.09698 13.32855 3.70789 5.60760 17.71545 17.37976 30.41840
0.55695 1.42670 0.82397 1.55640 3.87573 5.22614 0.61798 1.47247 0.02289 0.10681 0.37384 0.93842 0.07629 2.25067 15.28931 28.51105 7.41577 4.64630 4.74548 10.56671 5.17273 11.58142 3.85284 5.34821 3.79181 1.15204 3.91388 6.25610 26.18408 23.62823 7.81250
0.70953 1.22070 0.56458 3.45612 3.67737 0.80872 1.73187 1.78528 0.61035 0.99182 0.38147 5.65338 11.22284 18.22662 7.80487 3.26538 6.87408 1.35040 4.04358 10.36072 3.78418 7.30133 4.41742 6.27136 1.32751 0.74005 2.93732 4.98962 4.72260 9.91058 3.66211
2.63977 0.60272 1.22070 2.60162 2.69318 1.41907 1.33514 3.42560 7.27844 1.22070 5.14984 14.46533 11.13892 8.01849 22.98737 2.30408 5.56946 1.45721 2.48718 5.14221 2.34222 3.91388 19.72198 11.87134 0.12970 0.05341 1.72424 0.38910 1.96075 6.79779 20.37811
1.93787 2.95258 5.18799 16.91437 1.71661 1.90735 4.92859 1.74713 27.85492 16.59393 36.88049 7.28607 38.10883 9.29260 17.69257 10.07080 2.38037 1.23596 1.56403 1.89209 2.52533 5.80597 12.18414 18.08929 11.92474 0.57983 3.98254 0.62561 0.70953 0.82397 13.64899
