DATA/RAW-RASTER/ECMWF/20170628/EN-35/20170704.en-35.asc
ncols			31
nrows			16
xllcorner		69.5
yllcorner		19.5
cellsize		1.0
NODATA_value	-99999
3.63159 6.38580 4.17328 3.41034 7.40051 3.43323 5.48553 4.40216 0.78583 0.03052 2.31171 2.20490 2.39563 1.77765 13.49640 13.86261 3.59344 3.28827 0.86212 0.45013 0.09155 0.51117 0.44250 0.51117 0.69427 1.68610 2.28882 1.19019 0.78583 3.76892 2.78473
1.34277 10.95581 2.60162 4.98199 2.32697 0.66376 1.77765 0.45013 0.54932 0.54932 1.00708 0.35858 0.82397 0.66376 2.12097 0.57220 1.07574 1.66321 2.05994 0.30518 0.37384 1.22070 0.48065 0.38910 0.64087 1.02997 1.22833 2.17438 3.63159 3.21960 1.35040
1.50299 6.25610 0.43488 0.83923 0.72479 1.48773 1.51825 0.64087 0.29755 0.22888 0.28992 0.00000 0.00000 0.11444 0.64087 0.84686 1.62506 2.27356 2.18201 0.85449 1.06049 2.09808 12.19940 7.77435 9.71985 8.27026 7.08008 5.47028 6.91223 6.86646 2.83051
0.16785 27.30560 52.88696 12.17651 12.38251 2.32697 1.06812 3.50952 0.12207 0.08392 0.00000 0.01526 0.00000 0.64850 0.91553 0.96893 1.24359 1.01471 5.05829 3.41797 7.01141 7.75146 6.99615 14.96124 9.91058 4.44794 10.44464 11.79504 13.26752 9.57489 6.17218
2.46429 0.16022 2.02179 5.59998 4.94385 9.33075 3.98254 0.99182 1.13678 0.09155 0.00000 0.11444 0.13733 1.54114 1.22833 1.44196 0.90027 6.58417 8.07953 5.45502 3.62396 6.04248 20.30945 11.90948 11.52039 4.95911 2.82288 2.99072 8.33130 16.58630 13.45825
3.55530 2.80762 0.01526 0.00763 0.06104 0.56458 2.93732 1.44196 1.00708 2.02942 7.34711 1.31226 1.65558 0.72479 1.69373 3.39508 10.10132 2.52533 2.12097 7.24792 13.32092 12.50458 3.08990 13.16833 8.20160 10.58197 3.21198 1.48010 1.24359 4.05884 7.63702
0.00000 0.00000 0.00000 0.00763 0.00000 0.00000 0.17548 0.22888 0.77820 1.37329 0.42725 6.87408 3.04413 3.60107 0.31281 4.79889 7.86591 1.44958 0.51880 2.22015 1.80054 3.43323 16.02173 7.40814 7.59888 11.32965 16.02936 5.56946 0.28992 0.66376 8.43048
0.00000 0.00000 0.00000 0.00000 0.00000 0.00763 0.03052 0.06104 0.15259 0.55695 1.96075 3.10516 3.45612 7.65991 3.70789 9.36890 1.67084 5.24902 1.52588 1.07574 4.02069 6.78253 0.80872 6.87408 20.02716 30.99060 66.36810 15.05280 29.69360 2.67029 4.92859
0.11444 0.09918 0.28992 0.03052 0.00000 0.00000 0.00000 0.00000 0.00763 0.57220 0.18311 2.04468 4.28772 4.73785 4.23431 17.26532 11.17706 6.78253 17.13562 9.14764 24.17755 18.40210 33.49304 18.28003 14.20593 10.62775 55.28259 205.47485 57.24335 8.68225 2.27356
0.09155 0.11444 0.87738 1.14441 0.70190 0.01526 0.01526 0.00000 0.00763 0.00000 0.41199 0.28229 3.62396 8.97217 12.33673 10.63538 11.03973 5.85938 5.56946 21.56067 15.66315 24.51324 46.31805 15.85388 145.88928 91.33148 21.36230 13.51929 16.67786 16.70074 8.89587
1.03760 0.47302 1.57166 0.53406 0.03815 0.64087 0.70953 0.63324 0.03052 0.00000 0.03052 1.57166 3.91388 7.48444 4.50897 6.92749 7.05719 8.43811 15.50293 27.86255 29.92249 56.60248 57.79266 19.05823 45.77637 22.74323 4.36401 8.96454 23.41461 8.10242 6.43921
0.24414 0.09918 0.47302 1.27411 0.63324 0.86212 0.08392 1.45721 1.96838 1.20544 1.02997 1.02997 3.29590 5.11169 2.46429 2.42615 6.16455 20.25604 32.23419 40.36713 39.41345 26.72577 16.51001 11.67297 13.80157 8.81958 3.22723 9.70459 24.81842 6.24084 3.41797
0.32043 1.29700 0.75531 0.85449 2.13623 3.69263 1.47247 2.10571 1.18256 3.92151 2.51007 2.71606 3.46375 3.69263 6.06537 5.91278 14.80865 15.00702 29.83856 39.10828 25.35248 20.18738 6.69861 7.37762 7.26318 1.21307 2.92969 19.95087 10.00977 13.86261 10.43701
1.15967 2.29645 0.68665 3.26538 3.27301 1.46484 1.03760 3.38745 3.09753 3.10516 12.96234 6.36292 0.85449 0.32806 5.55420 10.60486 7.03430 6.04248 9.40704 44.26575 17.22717 18.44025 2.30408 8.49915 3.02124 0.40436 2.21252 15.89203 38.41400 25.74921 9.63593
2.28119 1.96075 1.29700 5.27954 1.35040 1.41907 1.92261 5.29480 2.86865 11.13892 14.11438 2.89917 3.91388 5.72968 1.11389 5.47028 2.67792 4.32587 23.56720 27.69470 20.40863 13.25226 19.45496 10.80322 0.73242 2.33459 8.46863 2.76947 2.44141 20.77484 9.95636
1.94550 3.25012 6.99615 16.46423 2.92969 8.28552 1.55640 13.50403 5.42450 10.49042 12.23755 9.17053 8.70514 11.71112 8.95691 9.85718 8.90350 11.74927 14.11438 13.71002 11.49750 14.34326 13.57269 23.62823 40.20691 10.62775 8.01849 3.85284 5.98145 2.57874 7.49207
