DATA/RAW-RASTER/ECMWF/20170628/EN-35/20170629.en-35.asc
ncols			31
nrows			16
xllcorner		69.5
yllcorner		19.5
cellsize		1.0
NODATA_value	-99999
1.05667 4.39072 7.12776 8.90350 7.70187 5.32341 11.19041 17.36832 11.91711 3.37219 8.02231 9.43375 6.15883 5.67245 8.93402 4.61578 4.52232 1.08528 7.69043 8.61931 5.76782 7.21741 1.85585 0.56839 0.54169 0.34523 0.12589 0.10490 0.29755 0.03433 0.80109
0.75150 0.58556 1.13487 5.38635 1.79100 14.53972 42.32788 20.34950 10.57053 4.91142 3.85666 3.45993 4.07791 5.14412 3.62015 7.81250 5.86128 3.86429 4.05693 1.50681 7.93839 8.67462 1.28937 0.85449 2.80952 1.15204 0.77820 0.22697 0.42915 0.14687 0.38338
2.22015 2.11906 4.64630 1.40381 11.49750 85.67810 86.63368 23.27728 6.27518 1.29509 0.82588 0.68665 2.72942 0.73051 0.32997 2.14577 0.86403 5.45502 9.48715 2.71416 2.67029 3.15285 4.63295 11.15417 12.08687 8.47435 12.24709 0.40627 1.22643 0.24033 0.95177
1.22833 4.35638 23.84186 1.64223 7.81822 253.28445 63.59482 30.33638 19.47403 1.15585 0.86594 1.30844 1.11771 2.02370 1.86729 0.82588 1.01662 4.62341 8.88824 7.77817 10.69641 12.66861 4.56619 11.80077 7.59888 5.45502 8.37135 3.83186 5.87654 5.64384 3.44086
1.48010 1.21880 2.56729 8.66890 15.23781 41.30173 48.36845 13.47923 4.27437 5.04303 0.38719 1.03951 0.67520 1.68037 0.86021 0.36430 1.05286 2.17819 5.86128 10.12802 15.71274 10.01930 6.63185 11.92665 3.70407 10.24628 14.06097 29.21867 18.94188 10.49232 2.36702
2.64931 2.99644 1.22070 9.15527 36.05461 18.57948 17.52853 33.75816 9.37653 11.24191 1.31035 1.67656 2.77328 0.36812 1.23215 0.36812 0.82016 1.90353 5.21469 10.04028 9.23920 13.99231 16.25061 8.97789 15.84435 18.51273 12.60376 10.80513 21.30127 22.29118 25.75493
0.23270 1.25694 1.84250 26.06583 9.91631 10.09560 1.96838 12.06779 14.99367 15.83290 2.58255 3.37219 10.28633 1.14059 0.27084 0.85068 0.28229 0.49973 1.56784 6.64139 7.65228 7.52831 14.20403 5.19943 14.25934 117.15698 48.11478 26.02959 7.18117 7.07817 15.52582
1.93977 0.28610 13.87596 2.67982 7.60651 1.89972 0.45013 2.37846 11.09886 22.12906 6.24657 2.79236 12.20894 7.14874 5.05066 11.46126 15.77759 0.52261 0.35095 6.40106 12.47787 16.03889 9.70650 34.62219 94.34700 51.65100 44.25812 38.28239 109.84802 26.27182 16.36314
1.13487 10.16808 17.29584 19.24324 4.05121 0.81635 0.23270 0.57411 5.59044 6.44875 1.99509 3.81088 7.88879 10.62012 7.66182 4.27628 21.96121 113.94310 23.17619 120.27550 92.01622 98.67287 70.09125 29.86717 19.88220 7.03430 15.08331 75.48141 23.41652 11.98959 6.32477
9.95255 5.11742 6.35910 6.30951 1.81198 0.49973 0.12970 0.22507 1.16539 7.70378 2.28119 12.92610 7.04193 5.61523 9.12094 13.18169 1.07002 6.29425 1.42288 2.52151 11.62529 7.49207 11.65771 3.08990 6.79779 8.52394 22.71461 19.89365 16.30783 11.39069 8.77762
33.60748 38.00964 26.55602 4.66347 9.53484 9.25636 0.23270 0.10681 0.45776 0.28992 4.44031 15.87677 7.42722 13.20648 11.84464 10.77080 1.96838 1.09291 1.19019 1.55067 8.63457 7.27844 11.07407 11.87515 5.81551 18.51082 9.42993 11.81030 14.36996 3.60489 3.80325
45.64476 23.34213 49.78180 23.38219 14.92310 1.95694 0.18692 0.02289 0.00381 0.37956 1.40762 8.96072 22.37892 54.94308 9.94492 4.81033 6.42586 3.12233 1.24931 6.99806 9.52148 17.23671 7.93266 7.20215 7.57408 4.67300 1.09673 8.58307 12.28142 18.80264 7.57408
13.77296 15.88631 18.98575 17.04979 6.97327 3.10707 0.40817 2.84004 0.39482 0.85449 1.34277 5.26237 3.87001 43.25676 2.26784 7.77054 2.38228 2.51961 7.59697 12.14790 6.07491 7.81822 2.08282 2.08855 6.59943 1.71089 0.23270 2.00844 8.41141 21.90018 12.42638
20.05768 11.55853 19.87267 11.64055 5.05447 0.35477 0.27657 0.02670 0.14496 4.04167 2.76947 9.19342 18.40973 6.72722 10.40840 2.91252 6.56891 3.31497 8.30460 6.66809 6.54221 9.29260 5.41306 11.20758 5.74493 0.44060 0.18692 0.96321 14.34898 5.78880 6.62041
22.74704 16.03127 18.63670 21.21162 3.36456 0.44441 0.04959 0.25177 0.42534 3.38936 2.65884 3.85857 7.90215 4.50134 5.16129 0.86212 1.08910 5.85747 7.88689 7.50160 7.87926 8.90541 19.95850 11.76834 0.97656 0.67520 3.96538 1.33324 2.14195 7.90024 7.11823
16.45660 22.29691 18.67104 30.39932 3.13950 1.92833 2.31171 0.16975 4.40598 6.26564 6.67000 21.59119 28.18871 35.67886 4.74358 9.11140 2.92206 17.23671 24.02306 11.19041 2.77901 5.38063 7.82013 17.85660 26.55411 5.04303 27.69470 1.19209 5.51033 1.12724 5.38445
