DATA/RAW-RASTER/ECMWF/20170628/EN-35/20170710.en-35.asc
ncols			31
nrows			16
xllcorner		69.5
yllcorner		19.5
cellsize		1.0
NODATA_value	-99999
0.28992 2.37274 2.67792 2.39563 0.22125 0.09918 0.05341 0.00000 0.10681 0.28992 2.21252 2.54059 6.06537 1.31989 0.52643 0.45776 1.10626 4.84467 5.28717 6.66046 6.09589 12.59613 5.02014 3.80707 11.95526 7.95746 10.97870 4.95148 5.43976 1.21307 1.27411
0.00000 0.85449 3.37219 3.83759 5.86700 1.09100 0.96130 0.27466 0.21362 0.49591 1.83105 4.94385 2.89154 3.18146 1.99890 7.59125 7.40051 3.52478 7.38525 8.85010 7.24792 5.19562 3.54004 9.10950 5.72968 9.55200 9.68933 1.39618 3.44086 1.12915 2.74658
0.06866 0.03815 0.00000 0.16785 3.99780 11.58142 7.02667 1.70898 0.19073 0.01526 2.15149 1.99127 0.61798 3.10516 1.71661 2.83813 3.92151 4.46320 4.67682 3.66974 5.31769 9.04846 13.87024 7.67517 4.91333 3.89099 5.34821 2.27356 0.87738 0.79346 0.67139
0.00000 0.00000 0.00000 0.00000 0.00000 2.63977 6.40106 4.63867 0.04578 0.00000 0.19073 0.48065 0.58746 2.41852 6.01959 11.00159 12.87079 16.45660 12.34436 11.65009 11.98578 11.59668 7.72095 1.06049 2.31171 0.99182 4.79889 4.15802 9.78851 7.08008 5.55420
0.10681 0.00000 0.00000 0.00000 0.00000 0.00000 1.30463 2.25067 12.00867 1.03760 0.04578 0.12207 0.48828 0.38910 0.78583 7.63702 9.83429 6.72913 7.85065 8.17108 9.81903 3.12805 2.14386 1.36566 0.45776 0.31281 0.32043 5.64575 5.18799 5.27191 2.70081
0.00000 0.00000 0.00000 0.00000 0.00000 0.00000 0.00000 4.02069 15.71655 20.17975 22.50671 9.91058 4.31061 2.11334 6.79779 2.29645 1.56403 5.22614 9.20105 6.34003 3.08990 5.40924 1.56403 1.15204 1.90735 3.65448 3.54004 0.51117 1.04523 1.09863 0.77820
0.00000 0.00000 0.00000 0.00000 0.00000 0.00000 0.00763 0.09155 1.41907 2.33459 1.02234 1.58691 10.49042 11.26099 21.88110 2.92969 3.01361 4.21906 1.91498 4.22668 4.60052 0.57220 6.50024 0.48065 4.57001 11.96289 1.82343 7.06482 1.42670 5.97382 1.44196
0.00000 0.00000 0.00000 0.00000 0.61035 0.00000 0.00763 0.02289 0.12207 1.20544 6.12640 4.57001 6.22559 62.53815 32.82928 8.01849 7.34711 5.25665 0.86212 4.38690 4.49371 4.13513 7.02667 4.13513 7.84302 7.18689 2.00653 6.22559 1.83105 6.77490 1.39618
0.00000 0.00000 0.00000 0.00000 0.00000 0.00000 0.09155 0.20599 0.23651 1.13678 3.12805 6.72150 6.32477 27.86255 4.11224 7.40814 1.35803 7.85065 12.14600 40.29846 2.29645 3.54767 10.87952 2.55585 4.48608 1.44196 11.30676 5.48553 2.07520 4.29535 3.44086
0.00000 0.00000 0.12207 0.45013 0.12207 0.04578 0.60272 0.47302 2.57111 2.44904 3.61633 5.97382 4.52423 19.53888 19.34052 1.81580 2.32697 2.35748 1.48773 1.38092 0.80872 2.94495 15.44189 1.40381 2.28119 3.98254 2.40326 6.71387 2.56348 2.02942 5.37872
0.27466 0.53406 0.71716 1.03760 0.90027 73.38715 40.99274 4.62341 7.32422 2.34985 1.76239 4.19617 11.09314 5.51605 7.63702 4.57764 0.93079 1.42670 2.49481 2.09808 0.80872 1.67084 1.79291 2.76184 1.74713 3.03650 12.96234 14.97650 3.89099 7.35474 9.20105
0.48828 0.58746 1.19019 2.96783 0.38147 1.34277 2.01416 21.83533 16.05225 8.79669 5.43976 17.60864 18.10455 65.49835 5.85175 4.06647 3.18909 3.11279 1.82343 1.47247 1.90735 0.82397 9.74274 25.69580 3.70789 2.78473 4.50897 49.77417 41.67175 6.80542 32.86743
0.99945 3.66211 4.99725 2.20490 6.58417 7.49207 14.47296 16.96777 15.70129 18.04352 25.87128 26.32904 20.82825 10.72693 4.19617 4.56238 5.68390 4.10461 7.44629 7.84302 3.62396 2.05231 3.31879 54.00085 3.29590 3.56293 5.96619 22.27020 29.64020 59.62372 25.71869
3.18909 2.52533 1.22070 3.96729 37.27722 16.12091 16.31165 15.96832 7.49207 7.63702 4.54712 19.05823 7.74384 33.50067 14.54163 6.26373 12.81738 10.64301 4.99725 3.07465 1.38092 0.90790 3.15094 15.05280 0.86212 0.57983 1.30463 22.23969 29.64020 22.98737 19.24896
4.29535 3.08990 2.41852 2.83051 6.77490 22.70508 108.45184 131.28662 47.84393 9.42993 23.61298 140.22064 285.20966 12.17651 14.57977 14.60266 16.34979 10.15472 2.06757 2.58636 1.35803 1.76239 1.27411 9.69696 4.47083 2.51007 1.36566 3.94440 17.66205 26.56555 36.08704
2.83813 5.45502 8.85773 29.06036 28.72467 15.70129 26.19171 20.14923 3.28064 4.88281 19.63806 25.52032 12.56561 9.78088 11.48987 23.20099 22.25494 7.57599 3.00598 2.09808 1.89972 2.02179 3.92151 10.25391 10.07843 1.65558 1.38092 2.26593 6.73676 16.41846 18.95905
