DATA/RAW-RASTER/ECMWF/20170628/EN-35/20170628.en-35.asc
ncols			31
nrows			16
xllcorner		69.5
yllcorner		19.5
cellsize		1.0
NODATA_value	-99999
3.65448 14.24026 10.37025 16.19720 10.07080 9.02748 8.39424 4.72641 1.01471 0.00000 1.33896 10.55527 10.38170 4.57382 5.27573 1.78528 5.52559 13.98277 3.52859 3.38173 2.21252 0.74005 1.17683 0.58365 0.59128 1.01280 0.78964 1.08910 2.99835 1.15967 3.36838
1.94931 24.67155 20.57838 7.39670 5.67436 9.81331 11.59286 1.80244 6.74438 1.47820 2.25067 5.82504 6.99615 7.57027 8.58307 7.53403 7.89833 6.23703 15.07378 12.69913 3.53622 0.71335 0.59891 0.53406 1.06621 1.25504 2.08282 1.66893 0.41389 0.39482 0.48256
7.71713 93.13011 59.94415 8.36945 18.58902 54.34799 26.07918 9.82666 3.94058 1.40190 0.73814 0.78201 1.63460 3.58009 2.53868 3.35121 9.72557 11.64627 8.93402 15.93590 18.92090 10.88905 2.96211 1.22452 1.09291 0.80299 1.23787 0.78773 1.91307 1.14441 0.45586
32.77969 28.94974 37.66632 11.21712 14.36424 72.01385 15.41519 10.91194 7.74765 0.46921 0.67902 1.77002 0.86212 1.47438 5.71632 3.11089 5.10979 9.34219 8.78143 3.23868 4.59671 4.23813 10.56290 2.24113 0.57983 0.00000 1.66130 0.89455 1.02425 2.38228 6.56891
14.25171 17.72118 20.42770 41.71181 22.68410 44.88754 19.07921 6.09016 6.89507 3.05176 0.30708 0.21935 1.09482 3.38936 3.86620 1.75285 5.35965 4.09698 2.84386 14.90021 7.22122 12.42638 9.96208 5.07545 4.66537 8.54874 5.56564 1.24931 8.30650 2.22969 9.60732
8.49724 15.71465 13.50784 14.29367 15.72990 27.07100 18.92471 19.44923 10.26154 12.63428 7.13921 3.10707 3.97110 1.52397 2.89154 1.38664 4.08554 3.18909 8.08334 4.97437 7.15256 10.67352 10.84137 13.19695 6.21223 9.54819 3.55911 8.53157 14.87350 7.03239 8.53920
6.80923 37.52708 11.91330 1.86539 9.16100 27.27318 39.18457 51.72539 32.03773 22.92824 13.13019 13.03101 19.37675 4.59290 6.79398 1.57166 2.59399 8.76999 10.77652 15.96069 11.19232 12.59041 20.62798 11.29150 13.99612 18.82172 19.17267 6.56319 6.43730 15.61165 9.51767
4.45366 12.65335 1.56593 7.54356 7.26318 28.12195 15.86151 18.56422 74.83864 48.08426 21.67702 6.87790 0.52071 13.32474 22.42661 14.82964 9.84955 0.47302 3.90244 3.21960 4.59290 12.03346 7.39098 38.99002 24.61433 23.80371 12.52365 15.78331 85.20889 29.83475 9.27544
35.95161 77.27242 3.68500 7.16209 10.99014 12.51984 19.24133 52.59132 49.40987 46.01860 19.04297 4.93622 2.17819 2.38419 1.11198 0.63324 0.78201 6.43730 9.32503 22.84431 12.62856 6.83403 9.74274 19.73534 6.07300 18.53561 8.09479 27.75192 17.76695 10.48279 3.06320
3.78799 0.94414 6.06918 8.36182 9.22775 14.63318 13.34763 16.39175 23.86284 125.13161 6.44302 1.64986 5.98907 21.99936 17.17758 0.89836 0.23079 2.25067 4.50897 11.08932 13.83781 24.77646 9.51004 23.68927 8.79288 34.04427 19.29665 26.40533 30.59769 11.35635 2.71988
0.00000 0.59128 1.39427 14.46724 9.21440 6.69289 0.96512 11.09695 49.95346 13.16071 27.49634 32.87506 6.35147 4.19235 0.48447 1.70708 1.63651 4.72450 11.63101 3.99971 11.54137 17.34161 29.31213 37.94861 13.92174 25.80452 24.74213 40.63416 33.44345 20.02335 7.87735
0.14687 2.13242 1.26648 22.09663 14.82391 10.64301 9.27353 11.78360 12.57324 30.88188 28.02658 16.56723 60.80055 6.29425 2.64359 4.01306 3.59917 7.74574 8.82912 7.83730 3.70789 6.86836 7.68471 31.68869 57.34062 30.62820 9.99260 42.40036 13.38005 14.48441 7.95937
3.88908 10.55336 2.18582 5.43404 1.04904 0.67329 4.99725 4.96483 16.07704 11.95908 13.93509 40.66277 25.98000 11.11794 8.27217 3.78799 9.52721 7.02095 4.79698 2.31361 8.68416 5.88799 14.24026 60.45723 45.15457 2.66457 7.87354 5.18990 22.09091 9.93729 27.40669
5.40924 4.26483 6.18172 3.15285 1.02234 1.38092 0.82970 4.71497 2.86102 16.41655 24.96719 25.85220 13.90457 9.66835 8.80241 34.90257 4.73404 7.39670 5.08499 7.86972 2.65884 9.15146 9.32312 30.45273 13.32092 1.53160 0.20981 20.21217 7.73811 3.31306 6.67000
47.21069 67.67845 17.56477 16.05034 2.14386 1.94740 7.23267 1.78146 6.15883 8.50487 7.12204 18.64815 8.55064 8.84628 5.28717 8.83102 32.17125 10.44273 5.76973 3.72887 3.67928 6.57845 10.02121 9.86862 30.83801 1.58691 2.08473 1.85585 1.31416 2.90298 10.39886
65.01770 77.46506 22.58492 24.11270 3.98254 6.94466 19.76776 18.56041 7.02667 3.55339 30.87044 52.93655 10.35500 9.89914 8.57353 5.30815 23.22388 6.50597 37.11891 4.54140 2.06947 7.84874 10.38742 12.21085 33.42819 1.33133 5.82886 2.21062 0.43678 1.29509 11.52611
