DATA/RAW-RASTER/ECMWF/20170628/EN-35/20170702.en-35.asc
ncols			31
nrows			16
xllcorner		69.5
yllcorner		19.5
cellsize		1.0
NODATA_value	-99999
0.00000 1.78909 2.16293 3.19290 8.57544 3.14331 3.18527 0.36240 0.34714 0.03052 2.34222 3.40652 2.38419 1.77383 0.94986 2.88010 2.09427 0.85831 0.11826 0.25558 0.24033 0.43106 0.75150 0.92697 0.78964 1.48773 1.53351 1.15204 1.94931 6.30188 7.24411
0.00000 0.74387 1.63269 18.61954 4.79507 1.20544 0.25558 1.40381 0.52261 0.02289 1.04141 1.31607 2.02942 3.39890 4.77219 6.81686 5.91278 1.08337 0.25558 0.03433 0.06485 0.60654 1.04141 0.98419 1.00708 1.54495 0.85831 1.56403 2.67792 6.02341 10.13947
0.08774 1.62125 3.03650 23.96393 10.13184 1.76239 7.05719 0.25177 0.00763 0.00381 0.03052 1.07956 1.95312 4.02832 5.02777 8.09479 5.43213 2.57111 2.86484 2.64359 3.28827 8.78906 7.96890 6.86264 6.04248 2.06757 0.91171 1.13297 2.30026 3.89862 9.51767
2.63214 16.90674 8.37326 1.38092 17.45605 6.43158 1.86157 24.37592 0.12970 0.12589 0.51880 0.73242 0.54932 3.86429 8.55255 6.05011 3.75748 5.57327 2.86484 7.11060 15.39993 27.93121 18.73398 9.19724 4.55093 4.72260 3.31879 2.25449 1.84631 5.36346 8.65173
1.31226 3.88336 1.10626 2.80380 9.47571 5.86319 8.46100 2.25830 17.73071 7.52640 1.54495 11.89423 4.18854 4.13513 6.51932 12.14600 16.86478 5.61142 13.51166 31.00204 22.83478 8.01086 10.28061 10.93292 9.15146 13.43918 7.08389 7.88116 7.21741 4.08173 9.32312
0.54550 0.00000 0.00000 0.00763 0.08774 4.23431 13.82828 9.12476 5.30624 37.21237 14.69803 13.36670 34.17587 9.89914 11.71494 11.82556 17.25006 8.19778 5.03922 4.62341 5.35202 5.23376 4.31061 8.73184 7.61032 8.06808 5.24139 5.38635 8.00705 5.06973 3.21960
0.00381 0.00000 0.00000 0.00000 0.00000 0.04196 1.05667 9.92966 12.61902 7.89261 7.35855 125.96512 72.98660 18.12363 1.67465 0.55695 0.10681 0.43106 0.62561 9.88770 4.29153 3.25394 1.83105 4.47845 8.89969 6.85120 21.15250 11.97052 5.53131 5.41306 3.20053
0.00381 0.00000 0.00381 0.00000 0.00381 0.01907 0.22125 1.21689 6.95419 19.63043 61.43188 81.46667 42.26303 39.58130 41.35895 6.41632 10.46753 2.78473 2.42996 8.51440 5.63812 5.82886 2.07138 12.81357 13.60321 59.71527 106.50635 34.49249 30.99060 3.00217 7.16782
0.00000 0.00000 0.03433 0.09155 0.01526 0.01907 0.05722 0.38910 0.20599 3.70026 15.60211 20.21027 45.00198 26.68762 67.20352 17.67731 5.55420 43.98727 16.54434 72.21985 7.85446 53.15781 38.12408 28.33557 40.72189 16.12091 19.52362 61.45096 68.45856 27.22549 3.52097
0.08011 0.24796 0.46158 0.90027 0.88882 0.20981 0.39291 0.19836 0.45776 2.70844 8.20923 13.98468 14.87350 14.48822 16.85715 20.61844 23.27347 26.16882 12.19177 22.97211 56.98776 26.48163 76.73645 59.92508 18.29910 12.14600 100.84152 44.12460 56.35452 24.80698 10.10132
0.18692 1.13678 0.97275 0.39291 0.00763 0.13351 0.05341 0.64087 0.29755 2.73514 3.63159 3.66592 6.65283 11.90567 10.07462 15.92255 14.74380 19.32907 25.16174 28.51486 33.22983 41.11862 57.05643 19.49692 26.12686 9.74655 5.88989 6.20270 40.26413 24.29581 13.82065
0.48065 0.59891 1.02997 3.65067 3.00217 1.98364 1.06430 1.66321 1.24359 1.00327 1.81961 2.33841 2.86484 5.31387 5.12695 5.76019 10.97870 23.86093 20.70236 14.90021 46.97800 29.37698 5.43213 2.34222 17.08984 5.77927 2.06757 9.15909 9.77325 13.82828 6.84738
0.48447 1.29700 0.55695 1.70135 2.01035 1.28174 0.72861 0.73624 3.86047 2.34222 4.45557 1.29318 1.80435 1.31607 2.29263 13.69095 7.80106 4.22668 11.84464 14.94598 25.55466 26.39008 3.22723 7.01523 11.87897 0.75531 4.21143 6.59561 15.55252 3.80707 1.27029
0.96130 1.25504 1.01089 3.74603 3.34167 1.26648 2.03323 4.77219 9.58633 11.38687 19.12308 6.41632 1.43051 5.23758 3.70407 10.51712 3.86429 3.65067 6.27518 2.96402 11.04355 21.79718 14.20593 18.60428 3.70407 1.07574 1.46484 3.34167 6.74057 2.50244 4.79126
5.20706 1.32751 2.79999 6.13785 6.29425 10.04791 4.15039 10.65826 5.47409 8.73947 7.30515 1.36185 2.88010 0.64087 7.50732 0.64850 1.94168 0.04196 18.21899 11.46317 11.98196 14.14108 31.30722 36.18240 18.54324 0.94223 1.95694 0.94604 0.69809 8.13675 15.43045
3.63922 16.00647 29.33502 28.54538 11.99722 2.05231 4.00925 1.96457 16.49857 8.68988 7.63321 2.68936 2.74658 0.70572 3.13187 0.33569 1.89972 0.46921 6.85120 5.00870 9.96399 10.63156 23.29636 36.00693 49.46518 9.07516 11.95145 4.36020 4.68445 0.40436 4.51279
