DATA/RAW-RASTER/ECMWF/20170628/EN-35/20170706.en-35.asc
ncols			31
nrows			16
xllcorner		69.5
yllcorner		19.5
cellsize		1.0
NODATA_value	-99999
4.31824 1.26648 0.53406 0.19836 3.36456 0.93079 1.72424 0.15259 0.12207 0.00000 0.00000 0.04578 0.35095 0.32806 0.75531 0.84686 2.23541 2.57111 3.50952 9.35364 6.53839 6.63757 7.59888 3.30353 2.01416 1.79291 3.01361 5.98145 4.25720 9.13239 12.38251
0.38910 0.00000 0.06104 0.28229 2.51007 0.09918 0.23651 0.03052 0.02289 0.00000 0.00000 0.00000 0.00000 0.16785 0.21362 0.11444 1.06049 0.42725 2.32697 4.27246 4.82941 8.82721 4.55475 2.63214 1.17493 1.70898 1.06049 2.28119 9.02557 25.68054 15.41138
0.03052 0.04578 0.00763 0.12970 1.75476 0.28229 0.83160 0.04578 0.00000 0.00000 0.00000 0.00000 0.00000 0.00000 0.00000 0.00763 0.08392 0.38910 4.69971 2.65503 1.78528 7.65991 2.20490 5.81360 6.64520 2.97546 3.97491 7.10297 7.23267 14.28223 30.67017
0.00763 0.09155 0.12207 0.12970 0.25940 0.00000 0.03815 4.37927 0.06104 0.01526 0.00000 0.00000 0.00000 0.00000 0.00763 0.23651 1.56403 4.42505 0.83160 2.46429 3.72314 8.35419 5.80597 2.07520 6.08063 3.26538 3.28827 6.17218 12.31384 11.15417 6.81305
0.00000 0.00000 0.00000 0.04578 0.35095 0.90790 0.00000 0.16785 0.62561 0.26703 0.00000 0.03052 0.09918 0.19836 0.25177 1.77765 2.31171 6.97327 7.30133 2.48718 4.56238 5.84412 8.80432 9.15527 5.58472 5.55420 3.04413 4.85992 13.99994 5.69916 1.63269
0.57220 0.00000 0.00000 0.00000 0.00000 0.89264 1.02234 0.05341 0.16785 4.34113 18.50891 1.13678 9.39941 1.19781 1.36566 2.93732 3.50952 5.39398 3.99017 4.24957 2.37274 4.41742 3.30353 10.32257 6.43158 12.63428 4.57764 1.29700 7.76672 16.78467 9.06372
0.00000 0.00000 0.00000 0.00000 0.00000 0.05341 0.12207 0.02289 0.43488 2.12860 1.16730 4.97437 19.20319 18.15033 8.77380 3.76892 5.89752 5.52368 1.22070 2.26593 0.86212 0.46539 0.87738 2.22778 6.35529 41.56494 29.32739 9.82666 5.01251 13.48114 17.08221
0.00000 0.00000 0.00000 0.00000 0.00000 0.01526 0.32043 0.14496 0.12207 0.16022 2.58636 2.40326 1.44958 67.86346 54.89349 5.06592 16.30402 20.11871 0.91553 0.75531 4.28772 15.09094 0.99945 22.14050 14.61792 27.99988 86.17401 27.93884 26.10016 8.18634 12.32910
0.00000 0.00000 0.00000 0.00000 0.00000 0.27466 0.27466 0.08392 0.08392 0.27466 1.54877 5.99670 8.78143 19.67621 18.74542 60.27985 12.94708 155.50995 24.92523 36.55243 89.34021 62.68311 58.31146 42.53387 20.90454 8.72803 21.82770 23.94867 81.49719 11.97052 7.31659
0.00000 0.00000 0.00000 0.00763 0.15259 0.00000 0.00000 0.06104 0.00000 0.00000 0.39673 0.36621 0.73242 20.50018 36.60583 18.53943 24.13177 14.23645 30.47180 20.88928 6.47736 6.88934 9.24683 8.65173 11.71875 10.05554 10.14709 10.00214 65.20081 20.75195 9.33075
0.11444 0.11444 0.03815 0.12207 0.08392 0.00763 0.00000 0.00000 0.00000 0.00763 0.00000 0.06866 0.00763 2.26593 4.37927 5.82123 7.59888 10.69641 38.03253 14.83154 6.82831 10.39124 36.36169 11.56616 6.67572 14.38141 4.92096 17.14325 37.29248 37.36115 22.44568
0.20599 0.35858 0.16022 0.48828 1.85394 1.77765 0.15259 0.07629 0.00000 0.01526 0.28229 0.01526 0.23651 0.36621 1.04523 8.99506 17.49420 12.61139 19.06586 5.37109 9.62830 4.84467 2.15149 2.14386 5.89752 4.81415 3.76892 30.16663 11.08551 11.42120 6.30951
0.61798 1.11389 0.60272 0.40436 4.01306 9.67407 0.37384 0.02289 0.17548 0.03815 0.09918 0.81635 0.80109 2.18201 2.16675 8.47626 3.46375 21.40045 11.49750 3.94440 4.10461 3.69263 1.71661 4.74548 1.25122 0.31281 0.55695 6.74438 2.55585 4.11224 1.83868
1.67084 1.18256 0.76294 1.33514 2.78473 1.37329 0.67902 2.33459 0.19073 0.14496 0.72479 4.21143 6.58417 3.95203 11.86371 8.32367 7.60651 6.37817 1.57166 3.18909 3.73840 12.29858 6.27136 3.26538 2.76947 0.90027 0.32806 0.35858 0.73242 4.98199 1.04523
3.32642 2.76947 0.91553 4.84467 1.94550 1.15967 1.25122 1.06049 0.63324 1.86157 0.96893 16.96777 4.20380 10.47516 0.10681 10.67352 1.15967 2.12097 1.16730 3.15857 4.31061 6.79779 13.65662 2.22015 0.54932 0.06104 1.64795 1.80054 0.46539 3.70026 5.79834
1.96075 2.31171 8.53729 20.23315 4.89044 12.05444 12.61139 6.25610 7.83539 4.38690 30.11322 9.59778 26.64948 3.46375 2.86102 2.89154 1.35803 1.09100 5.36346 5.66101 4.19617 4.86755 13.59558 12.71820 6.15692 1.06812 6.02722 0.70190 0.36621 0.60272 2.00653
