DATA/RAW-RASTER/ECMWF/20170628/EN-35/20170705.en-35.asc
ncols			31
nrows			16
xllcorner		69.5
yllcorner		19.5
cellsize		1.0
NODATA_value	-99999
0.83923 0.06866 0.13733 0.46539 2.20490 3.87573 4.11224 2.27356 0.47302 0.01526 0.12970 0.77057 1.51062 1.15967 1.43433 1.21307 2.64740 2.42615 3.34930 4.37927 4.36401 2.06757 3.07465 7.95746 12.51984 5.68390 0.94604 0.44250 1.18256 1.22070 8.85773
0.23651 0.09918 0.03052 0.12970 1.35803 0.66376 0.00000 0.00763 0.17548 0.03052 0.16785 0.02289 0.06104 0.91553 1.14441 0.65613 1.12152 1.07574 0.90790 0.64850 1.66321 2.66266 1.39618 9.19342 8.66699 7.34711 4.49371 2.31934 1.61743 1.34277 0.49591
0.32043 0.25177 0.08392 0.00000 0.17548 1.24359 0.28229 0.04578 0.01526 0.00000 0.00000 0.00000 0.00000 0.00000 0.01526 0.23651 0.73242 0.79346 2.05994 3.22723 3.35693 4.78363 3.89099 1.26648 7.28607 10.30731 6.27899 4.51660 2.38800 2.84576 1.04523
0.01526 0.06104 0.00000 0.00000 0.00000 0.01526 0.06104 5.81360 0.06104 0.01526 0.00000 0.00000 0.00000 0.25177 0.05341 0.18311 1.33514 3.53241 0.85449 4.05121 5.36346 6.35529 9.47571 9.26971 9.27734 4.92096 5.92041 9.68933 13.65662 6.85120 4.24957
0.31281 0.00000 0.58746 1.00708 0.76294 2.43378 0.25940 0.51117 1.53351 0.30518 0.01526 0.03815 0.14496 0.16785 0.39673 3.96729 1.33514 4.08173 5.22614 2.21252 5.47028 7.72858 7.27081 4.05121 2.83813 4.95911 4.79126 12.18414 28.02277 23.39172 12.79449
2.91443 0.00000 0.00000 0.00000 0.03052 0.17548 0.13733 0.52643 0.91553 1.32751 5.63049 1.46484 2.59399 0.48065 0.06866 1.52588 3.73077 4.11224 6.87408 4.03595 4.40979 7.10297 5.48553 10.34546 12.64954 7.53021 5.97382 0.99182 12.40540 16.77704 27.99988
0.00000 0.00000 0.00000 0.00000 0.00000 0.01526 0.03815 0.02289 0.06866 1.22070 2.19727 17.13562 36.04889 5.29480 0.32806 6.76727 3.27301 5.21088 1.60217 9.77325 3.65448 6.43158 9.19342 10.89478 11.12366 56.07605 32.79114 9.43756 4.85229 5.11932 6.64520
0.00000 0.00000 0.00000 0.00000 0.00000 0.00000 0.00000 0.00000 0.00000 1.70898 0.49591 3.90625 12.83264 35.11810 49.45374 14.86969 15.22064 7.68280 0.67902 2.84576 5.23376 17.06696 5.17273 15.37323 19.21082 15.19775 69.68689 21.16394 21.21735 2.46429 1.54877
0.00000 0.00000 0.00000 0.00000 0.01526 0.00000 0.00000 0.00000 0.12970 0.00000 0.21362 0.46539 3.41034 20.48492 35.99548 25.19989 10.83374 43.09845 41.57257 6.12640 3.79944 24.88708 31.88324 14.48822 33.47015 11.56616 52.65808 136.55090 49.66736 3.38745 2.41089
0.03052 0.06866 0.00763 0.12970 0.40436 0.00000 0.00000 0.00000 0.00000 0.00000 0.00763 0.13733 0.70953 26.06201 122.36786 35.72083 5.55420 14.31274 22.41516 15.77759 25.70343 91.20941 45.94421 21.35468 22.79663 6.05011 15.44952 8.19397 20.17975 3.82233 1.52588
0.19836 0.09155 0.33569 0.36621 0.01526 0.20599 0.19073 0.12970 0.00000 0.07629 0.04578 0.35095 0.34332 9.14764 16.18958 17.34161 24.29962 41.59546 24.24622 11.26862 10.18524 8.33893 45.77637 36.80420 5.76019 16.74652 10.56671 11.05499 31.42548 5.06592 2.99835
0.32043 0.48065 0.51117 0.77820 0.11444 0.61035 0.06866 0.74768 0.09918 0.26703 0.02289 0.19836 1.22070 8.72803 24.55902 27.45819 19.95087 26.75629 8.35419 7.37000 93.89496 3.57819 1.91498 41.61072 14.70947 3.85284 0.92316 3.52478 20.73669 7.81250 9.68933
0.17548 1.06812 1.18256 0.48828 1.11389 2.28119 1.28174 0.46539 1.20544 0.31281 0.57983 1.28937 2.86102 15.92255 21.52252 92.21649 7.81250 2.09045 1.48773 55.24445 5.88989 8.00323 39.71100 20.10345 9.16290 2.46429 0.56458 3.17383 5.13458 7.87354 4.06647
2.40326 2.05994 0.28992 2.25067 0.80872 1.05286 0.93079 1.51825 0.24414 0.38910 1.86157 0.72479 10.26917 30.81512 12.96997 27.38190 6.40869 3.23486 10.94818 6.80542 6.89697 21.27838 12.03156 22.36176 11.95526 0.90027 1.89209 1.70135 8.08716 11.32965 9.09424
1.06812 2.03705 1.45721 1.22833 4.75311 0.73242 1.53351 2.47955 0.19836 12.80975 9.48334 33.08868 28.80859 10.71930 3.10516 4.23431 12.07733 3.08228 3.78418 5.56183 8.01849 8.37708 33.99658 29.64783 1.90735 2.12860 2.22015 0.36621 2.47192 11.41357 9.04846
3.15094 2.39563 6.33240 6.23322 1.16730 7.87354 8.14819 4.57001 0.80872 10.36835 28.51105 18.18848 6.04248 3.01361 7.18689 15.04517 6.13403 1.65558 5.03540 2.30408 7.70569 9.46045 11.46698 24.29199 18.78357 4.47845 11.72638 2.43378 0.87738 6.69098 10.94055
