DATA/RAW-RASTER/ECMWF/20170628/EN-35/20170703.en-35.asc
ncols			31
nrows			16
xllcorner		69.5
yllcorner		19.5
cellsize		1.0
NODATA_value	-99999
1.93787 1.29700 14.18304 6.53839 9.75800 2.73132 3.89862 2.57874 0.50354 0.03815 0.83923 0.52643 3.50189 1.92261 1.06812 0.81635 1.51825 6.69098 5.47791 7.32422 19.16504 14.12201 4.57001 1.33514 1.15204 2.84576 2.31934 0.93842 0.09155 0.03815 0.69427
1.02997 4.13513 5.92041 6.11877 2.73132 3.87573 0.93079 0.17548 0.72479 0.02289 0.23651 0.22125 3.21960 2.77710 2.92206 1.77765 1.67084 7.46918 9.41467 10.82611 3.02887 5.11169 5.26428 2.67029 10.71930 14.93073 22.15576 11.63483 4.69208 0.91553 0.16022
13.05389 9.26208 2.47192 5.05829 9.21631 1.73950 2.21252 0.45776 0.02289 0.00763 0.01526 0.26703 2.05994 1.41144 2.76184 3.55530 2.31171 5.43213 7.08008 8.21686 7.61414 2.76947 4.92859 11.88660 14.88495 23.48328 31.92902 10.45227 7.61414 2.13623 0.38910
7.87354 17.61627 25.85602 14.25934 13.45062 9.50623 1.52588 2.81525 0.06104 0.02289 0.18311 0.00000 0.03052 1.28937 3.81470 2.91443 4.81415 3.60107 2.93732 2.23541 2.18201 3.68500 7.85828 11.70349 11.08551 6.69098 13.19122 4.02832 1.80054 1.58691 0.24414
4.31824 5.54657 10.52094 9.04846 11.95526 12.42828 11.32202 1.11389 5.85938 1.86157 0.02289 0.07629 1.31989 2.86102 4.92096 2.63977 2.54822 2.27356 1.86157 2.18964 2.31934 6.29425 7.85828 4.18091 4.05121 1.93787 0.42725 13.05389 4.94385 0.30518 0.00763
11.39069 0.28229 0.07629 0.10681 0.19836 0.17548 1.45721 7.24030 2.41089 5.22614 10.18524 5.37109 3.80707 4.21143 8.24738 7.39288 9.91821 4.18854 4.57001 6.58417 6.48499 16.83807 9.33075 12.51221 5.79071 8.11005 4.63104 1.35040 12.45117 2.22778 1.19019
0.00000 0.12970 0.00000 0.00000 0.00000 0.07629 0.45776 1.12152 4.20380 5.27954 5.32532 2.96021 7.59125 9.72748 23.01788 2.65503 1.31989 0.88501 0.55695 11.83319 5.08118 5.15747 12.12311 6.46973 10.33020 23.52905 9.89532 3.63159 2.57874 6.10352 9.48334
0.00763 0.00000 0.00000 0.00763 0.00763 0.05341 0.99182 0.64087 3.62396 7.35474 9.53674 6.11877 2.50244 12.33673 143.73779 5.17273 1.80054 0.24414 0.24414 1.31989 2.57111 9.06372 5.07355 16.89148 33.79822 18.33344 21.39282 8.39233 27.34375 5.79071 10.28442
0.00000 0.00000 0.03052 0.02289 0.01526 0.06104 0.18311 0.00000 0.93079 0.80109 5.14221 6.95801 17.75360 18.27240 7.93457 30.23529 6.45447 5.79071 2.86865 18.29529 20.45441 25.39062 8.81195 28.78571 32.64618 57.89185 86.84540 98.60992 62.73651 8.78906 1.72424
0.06866 0.14496 0.16022 0.76294 1.66321 0.00763 0.03815 0.91553 0.54169 0.37384 0.65613 3.55530 4.96674 4.94385 6.09589 12.13837 26.02386 13.53455 10.41412 19.14978 16.12091 20.20264 18.56232 32.70721 90.85846 101.04370 24.65057 30.12085 56.48041 18.18848 5.79834
0.37384 0.82397 1.43433 1.48773 0.42725 0.34332 0.02289 0.25177 0.29755 0.64850 2.13623 2.02179 5.77545 3.98254 3.57056 14.14490 19.79828 11.98578 10.03265 13.74054 26.19934 32.75299 58.06732 68.06183 15.74707 21.05713 26.29852 16.64734 30.37262 47.82867 10.94818
0.50354 0.65613 1.19781 3.19672 1.15204 1.38092 2.18201 3.51715 1.77765 3.02124 1.43433 2.29645 0.62561 1.77002 2.21252 2.76184 3.06702 7.88116 11.44409 21.70563 39.82544 35.92682 11.71112 6.24847 15.11383 14.18304 6.15692 15.41138 18.12744 15.77759 7.15637
1.08337 0.92316 0.43488 1.51062 2.00653 1.07574 0.37384 1.21307 0.92316 1.49536 2.40326 2.51007 2.13623 3.78418 1.55640 6.02722 1.95312 7.20978 8.87299 15.37323 15.83099 22.17865 12.91656 8.14056 30.54047 7.87354 5.93567 14.97650 18.30292 15.40375 9.23920
1.05286 1.68610 0.92316 4.66156 4.48608 1.64032 1.06812 1.85394 0.96130 1.38092 1.02234 1.38092 1.53351 2.10571 2.19727 6.73676 2.56348 9.14764 11.85608 19.12689 8.27789 16.69312 6.71387 16.60919 16.25824 29.67834 2.67029 4.53949 26.84784 22.91107 21.35468
3.36456 0.67902 1.44958 10.49805 7.83539 6.77490 4.34875 1.93024 2.58636 1.36566 1.77002 0.52643 4.82178 5.45502 6.30951 4.19617 0.14496 0.76294 2.86102 10.92529 9.77325 10.41412 21.53015 13.19122 2.99835 2.86102 7.75146 10.43701 15.80048 5.09644 26.01624
1.75476 6.75201 9.03320 27.48108 40.73334 63.64441 52.97852 42.19055 0.83160 0.77820 1.87683 2.75421 0.30518 1.57166 6.27899 2.14386 8.22449 3.90625 4.15039 9.29260 9.42993 11.65771 24.78790 30.02930 33.32520 10.58197 16.68549 3.88336 2.33459 2.34222 0.80872
