DATA/RAW-RASTER/ECMWF/20170628/EN-39/20170705.en-39.asc
ncols			31
nrows			16
xllcorner		69.5
yllcorner		19.5
cellsize		1.0
NODATA_value	-99999
0.67139 1.07574 2.22015 3.21198 5.02014 5.36346 4.89807 8.43811 3.37982 1.04523 0.85449 2.97546 2.70844 2.96021 4.66919 4.37164 5.34821 4.02832 6.88171 5.04303 7.73621 9.89532 11.95526 3.76892 1.92261 1.46484 1.21307 0.03815 0.09918 1.63269 5.74493
0.00000 0.82397 1.99127 7.81250 2.14386 2.26593 0.99945 1.40381 1.31989 0.79346 3.28064 4.09698 5.53131 8.46100 8.36945 7.72095 7.05719 4.95911 4.44031 1.76239 2.31934 3.25775 1.85394 2.63214 2.52533 4.34113 7.87354 9.09424 9.55963 6.10352 12.04681
0.35095 0.55695 0.85449 7.45392 5.01251 7.30133 5.74493 1.12915 3.25775 2.57874 3.54004 10.62775 11.70349 15.34271 12.39014 11.03210 8.07190 9.58252 6.41632 4.18854 3.13568 11.74927 16.75415 8.54492 10.44464 11.87134 10.03265 7.79724 16.14380 14.25934 16.13617
1.82343 0.43488 0.72479 1.80817 2.73132 7.40814 46.19598 19.48547 6.85883 2.87628 6.41632 2.55585 3.48663 5.27191 8.36945 12.08496 9.75800 6.91223 3.85284 6.83594 4.02832 6.29425 10.44464 15.23590 17.11273 10.58197 15.71655 11.34491 13.25226 13.00812 12.50458
2.13623 0.95367 0.34332 0.46539 1.30463 4.64630 21.38519 29.97589 20.49255 8.00323 1.78528 2.67792 4.46320 3.25775 1.11389 3.31879 2.18964 5.41687 3.29590 8.38470 4.91333 7.50732 14.51111 13.96179 6.57654 5.68390 4.21143 8.81958 13.28278 10.29968 17.31873
2.16675 2.06757 0.31281 1.58691 2.40326 2.41089 14.98413 22.71271 3.37982 52.01721 37.63580 15.00702 7.43103 1.62506 1.22070 2.70844 4.50134 7.16400 10.35309 5.92804 4.90570 8.97980 4.34113 6.82068 10.14709 18.10455 10.57434 4.69971 5.40924 11.89423 8.71277
2.14386 5.05829 2.40326 0.52643 5.72968 2.94495 4.27246 1.55640 1.62506 5.53131 30.63202 57.15179 21.94214 12.19177 8.69751 5.21088 3.29590 2.38800 3.57819 8.01849 4.29535 3.50189 8.43811 6.26373 16.67786 55.09949 108.93250 25.69580 4.44794 6.00433 8.43811
0.71716 2.68555 2.80762 15.23590 20.86639 11.94763 1.30463 2.61688 1.31226 1.16730 0.45776 1.34277 9.06372 35.05707 16.91437 16.58630 13.78632 0.52643 0.63324 1.76239 3.78418 11.34491 4.97437 22.15576 34.97314 82.98492 60.27985 48.67554 52.36816 5.84412 5.47028
0.00763 0.28992 6.62231 41.96930 53.66516 10.84900 3.09753 4.12750 1.51062 0.46539 0.40436 0.19836 0.12970 2.01416 7.65228 12.59613 6.11877 16.83807 24.55139 38.28430 27.65656 68.87817 88.66882 56.99921 10.10895 16.05988 28.05328 39.17694 43.41125 10.06317 3.34167
0.00763 0.00763 0.81635 25.27618 218.14728 18.11218 6.41632 4.53186 1.62506 0.15259 0.19836 0.03052 0.11444 0.13733 12.57324 12.55798 20.49255 8.78906 21.94977 25.07019 28.07617 19.82880 19.52362 20.01190 12.76398 21.07239 47.45483 31.30341 106.14014 24.90997 6.53076
0.08392 0.35858 1.21307 21.54541 257.08008 228.32489 93.41431 19.98901 2.83813 0.00763 0.02289 0.03052 0.00763 0.04578 14.93835 7.02667 12.41302 6.62994 6.17218 22.28546 36.88812 35.08759 46.47827 19.91272 7.15637 14.16016 17.11273 19.21082 70.54901 15.09094 6.02722
0.35095 0.51880 1.54877 34.16443 26.05438 21.49963 0.45013 0.35095 0.24414 0.79346 0.60272 0.07629 0.01526 0.48065 0.51117 15.62500 8.76617 21.46912 17.06696 25.93994 18.44025 23.53668 4.39453 1.46484 2.35748 7.26318 5.37109 18.01300 9.64355 9.46045 9.20868
0.64850 1.31226 1.23596 3.15094 3.18146 2.70844 1.31226 1.35803 0.81635 0.44250 0.50354 0.98419 0.07629 0.23651 0.38910 0.36621 0.78583 6.62994 23.47565 6.62231 22.74323 8.62885 9.04083 3.72314 5.94330 0.09155 0.05341 2.38800 8.25500 5.46265 4.06647
1.03760 1.27411 0.21362 1.32751 2.60162 1.29700 0.58746 2.50244 2.24304 1.31989 0.54932 0.51117 0.08392 0.00763 0.00000 0.01526 0.38147 5.42450 6.20270 13.70239 3.28064 25.96283 9.24683 10.22339 5.63812 0.31281 0.09155 0.38147 7.72095 1.35040 0.16785
1.14441 1.64795 1.80054 6.07300 4.60815 1.24359 0.95367 1.31989 1.10626 0.42725 0.12207 0.13733 0.08392 0.00763 0.03052 0.00763 0.46539 0.90790 0.45776 3.30353 4.26483 8.46100 36.43036 9.99451 1.76239 0.02289 1.36566 0.13733 0.12207 0.51880 0.03815
1.54877 3.06702 3.74603 7.11823 1.48010 2.25830 1.03760 1.70135 0.40436 0.05341 0.18311 0.07629 0.00000 0.03052 0.03815 1.29700 1.14441 0.74005 1.40381 1.48010 3.85284 3.60107 8.96454 18.88275 13.23700 0.25177 1.54877 0.17548 0.03052 0.02289 0.09155
