DATA/RAW-RASTER/ECMWF/20170628/EN-39/20170701.en-39.asc
ncols			31
nrows			16
xllcorner		69.5
yllcorner		19.5
cellsize		1.0
NODATA_value	-99999
1.73187 2.84195 1.46484 2.08282 8.54111 3.85666 0.83923 0.28229 0.32806 0.81635 1.23215 0.41962 3.53241 1.64032 2.49481 1.57547 2.02942 1.44577 1.37329 4.16183 4.14658 2.43759 6.49261 10.39886 5.49698 1.62125 6.46210 8.72803 7.64084 12.38251 6.89697
0.00000 0.09537 0.14877 2.15912 1.46866 0.01526 0.44250 1.89590 0.43869 1.30463 1.40762 6.01196 4.39072 7.98416 5.66864 15.18250 14.43481 15.38849 10.16998 8.29315 6.05774 5.00488 2.76184 2.15149 12.02011 12.70676 4.39453 7.84683 9.68170 8.99124 3.29208
0.00381 0.00381 0.03433 1.06812 2.38800 3.14331 10.34927 2.52151 3.78418 3.31116 3.28827 4.05121 1.72806 1.86539 2.95639 1.48010 3.30734 1.75476 0.28610 0.04196 1.10245 0.66757 1.41144 3.31497 4.43649 5.41687 9.07898 13.87405 10.47134 11.45554 3.27301
0.01144 0.03815 0.04959 0.41199 2.25067 5.58472 4.19998 2.88773 5.88226 0.85831 1.62888 1.33514 2.18201 1.54114 0.88501 0.04959 0.16785 0.04578 0.00381 0.00381 0.00381 0.65994 1.87683 2.70081 4.19235 0.61035 5.71442 18.34106 13.10730 7.43866 7.24411
0.01144 0.04959 0.13351 0.66376 2.22778 23.23532 15.14816 12.37488 4.84467 1.68610 0.43869 0.32043 2.52151 1.33133 1.10245 0.37766 0.00381 0.00000 0.25177 0.31281 0.35858 0.80490 5.26428 2.46429 0.53787 0.89645 0.49210 1.91116 8.71277 12.43210 5.23376
0.85449 0.00763 0.14114 8.02994 13.10349 9.10950 2.47574 7.19452 4.33731 18.31436 20.54596 0.91934 0.35477 0.15259 0.35858 1.73187 1.17111 1.11771 2.65121 7.24030 7.32422 1.94168 6.15311 4.53568 4.50897 6.70624 1.69754 0.41580 7.08389 10.36453 8.50296
0.04196 0.11826 2.75421 12.52747 5.48553 2.64740 1.18637 4.87900 6.07300 5.07355 3.84903 6.67953 10.48660 0.84305 0.30136 3.21960 1.01089 3.66974 4.10461 8.23593 11.25336 10.44464 10.54764 8.01086 13.14545 46.97037 17.32254 8.53348 0.98419 3.57056 6.74820
0.01144 1.77383 13.47351 21.45386 1.83487 0.57983 1.56784 3.78799 4.80652 4.91714 5.16129 9.68170 0.83923 9.27353 8.31223 8.91113 8.43048 0.72098 3.52859 7.21359 10.64301 25.80261 8.98743 14.36615 10.80704 75.87051 14.08005 4.88663 24.24622 3.94058 4.58145
0.22507 0.96893 8.42667 28.09143 8.23593 1.52206 1.13297 0.12589 1.58691 2.98309 7.90024 1.27411 0.74768 2.14005 1.36566 1.38474 1.12152 4.59671 16.08276 15.02991 26.45874 88.50479 35.76660 38.65051 39.50882 33.61893 12.19177 9.45282 48.08044 11.95526 3.15094
0.35477 1.15967 4.19235 87.05902 28.86963 2.16675 1.12152 0.29755 0.72479 1.73569 3.38745 2.10571 0.66376 2.71606 3.76129 1.06430 3.04031 2.46429 5.72205 8.60596 8.01086 16.86096 44.94858 6.76727 9.07516 10.89096 64.84985 126.25504 148.04077 26.97372 5.02777
0.00000 1.59836 36.20529 31.70776 27.96173 7.65610 2.99072 2.46811 0.73624 3.93677 2.67410 4.25339 1.48392 1.27029 2.57492 2.41470 4.26483 9.68933 5.93185 7.81631 13.12637 15.39993 53.38287 22.46857 14.73999 28.66364 12.15363 21.39664 51.84174 11.36017 9.38416
0.13351 0.15259 10.25391 14.53400 6.66809 2.80380 4.19998 7.86972 3.49426 3.86429 10.64301 7.32803 6.35529 1.06430 4.37164 2.63977 5.71060 2.51389 2.38419 5.69534 3.37219 4.55093 2.76947 7.45773 30.16281 16.09039 7.98035 10.92529 20.78629 12.37106 12.69531
0.77057 1.89590 1.84631 8.08716 12.67624 12.74872 4.14276 5.97763 10.35309 2.27356 19.20319 17.32635 15.02609 14.62936 9.34219 1.82724 3.59344 2.04086 6.19507 7.57980 19.51218 6.63376 1.63269 2.17438 22.76993 2.53677 0.95749 4.80652 25.79880 20.14923 19.00101
1.88828 1.90735 1.02234 8.20160 8.57925 3.98254 7.86972 6.28281 10.46371 6.90842 17.46750 28.17154 20.53070 5.16510 19.10400 12.00104 4.02451 5.68390 5.63431 3.69644 4.18091 12.12311 2.84195 16.51001 5.03540 0.74768 0.69427 1.21689 29.88815 12.38251 16.99448
2.50244 2.50626 3.36075 13.05008 14.24789 5.30243 3.96729 4.15802 5.93567 13.11493 103.11508 53.90549 49.46136 20.96176 32.77969 12.40921 23.79990 4.90952 3.86810 2.90680 3.18146 3.71170 23.94867 17.16995 4.63104 1.65176 2.87628 1.37329 9.31549 15.43808 8.38470
2.13242 3.84140 8.31985 17.49802 3.58582 4.15421 11.18851 13.71002 12.24136 16.67786 42.96494 101.51672 126.01852 43.96820 6.37817 19.02390 37.01782 2.30408 1.95312 2.33841 3.09753 3.79562 7.39288 21.90399 27.08435 6.75583 5.63049 24.81461 10.60104 3.58963 3.42178
