DATA/RAW-RASTER/ECMWF/20170628/EN-39/20170708.en-39.asc
ncols			31
nrows			16
xllcorner		69.5
yllcorner		19.5
cellsize		1.0
NODATA_value	-99999
4.45557 2.18964 2.93732 0.69427 1.06812 13.07678 0.64850 0.22888 0.70190 2.33459 5.87463 4.77600 7.72095 2.65503 2.86102 5.65338 6.36292 3.98254 5.66864 8.01849 10.29205 6.46210 7.08008 1.95312 1.70898 4.82178 4.96674 1.55640 1.01471 0.54932 0.41199
0.01526 1.51062 2.76947 3.04413 3.57819 0.83160 0.97656 2.25067 1.71661 2.15149 6.34766 3.30353 4.10461 4.49371 2.33459 3.76892 2.92206 3.36456 3.07465 1.19781 2.34985 0.45776 0.35095 0.63324 0.80872 3.31879 4.32587 6.01196 7.75146 5.40161 2.29645
0.01526 0.58746 1.28174 8.74329 9.20105 6.04248 3.71552 0.18311 0.02289 1.55640 1.46484 1.76239 0.79346 0.41962 1.57166 3.49426 4.34113 5.36346 3.67737 3.69263 4.67682 1.04523 0.24414 1.47247 0.52643 0.89264 2.38800 2.98309 7.31659 3.30353 2.26593
1.06812 2.66266 4.34875 8.23212 11.70349 23.43750 5.31769 6.63757 0.01526 0.03815 1.25885 2.32697 2.49481 2.77710 1.18256 3.57819 3.48663 5.53894 4.85992 5.43213 5.13458 1.46484 1.42670 0.89264 0.90027 1.14441 3.08990 3.86810 13.76343 14.61792 9.17816
4.11987 0.21362 0.00000 5.55420 7.73621 10.75745 3.79944 3.78418 4.20380 0.40436 0.19073 0.67902 2.02179 1.64032 8.70514 2.64740 4.08173 6.79016 8.17108 1.67847 0.79346 2.25830 6.85883 5.55420 13.16833 24.33777 20.03479 19.63806 18.01300 26.29089 27.00043
0.48828 0.00000 0.01526 0.00000 0.54169 2.44904 5.00488 6.45447 1.70135 10.08606 18.82935 7.34711 3.07465 0.86212 2.00653 2.79999 13.36670 6.85120 6.69861 0.67139 2.31171 8.44574 8.41522 10.94818 25.34485 18.01300 3.13568 2.12860 23.75793 13.06915 11.53564
0.00000 0.00000 0.01526 0.00000 0.00763 0.07629 1.05286 1.57928 5.53894 7.08771 10.47516 12.50458 14.67896 4.27246 1.24359 6.43158 2.96783 8.29315 4.63867 2.51007 5.26428 12.99286 20.59174 17.37213 30.45654 52.25372 49.14856 5.60760 12.96997 8.32367 11.84845
0.01526 0.00000 0.00000 0.01526 0.01526 0.11444 0.75531 0.81635 4.42505 4.84467 3.63922 8.32367 8.95691 30.60913 42.12952 3.70789 11.34491 0.22888 5.78308 5.34821 4.98199 14.69421 5.88226 31.01349 19.18793 42.22107 98.16742 31.63147 35.85815 9.26971 25.23804
0.00000 0.00000 0.00000 0.06104 0.02289 0.40436 0.83160 1.43433 6.12640 6.19507 12.58850 18.08929 5.02777 6.00433 3.89862 7.32422 9.99451 6.11115 13.50403 73.56262 60.47821 86.18927 62.59918 55.41229 3.70789 3.18146 30.11322 36.97205 31.02112 19.23370 27.48871
0.00763 0.12970 0.77057 0.40436 0.02289 0.00000 0.54932 3.02124 1.81580 10.73456 9.26971 15.73181 27.06146 0.75531 2.38037 2.62451 1.73187 13.67950 12.90131 14.70184 22.01080 12.63428 33.78296 28.54156 12.35199 20.07294 24.10126 38.85651 53.42865 18.97430 19.81354
0.11444 0.63324 0.14496 0.06104 0.00000 0.12970 0.06866 0.64087 1.99890 2.23541 4.93622 1.32751 1.30463 0.69427 0.71716 4.63104 5.44739 6.08826 13.11493 49.68262 28.28979 27.30560 32.24945 14.09912 2.49481 1.95312 13.58795 21.23260 107.10144 47.11151 36.57532
0.09918 0.14496 0.72479 1.56403 0.04578 0.06866 0.22125 0.48828 2.38800 4.02832 37.93335 3.61633 1.60217 0.32806 0.06866 0.48828 1.83105 9.09424 13.90076 36.79657 15.51056 9.85718 3.62396 0.77820 0.95367 4.75311 6.81305 19.86694 35.82001 38.50555 32.89032
0.32043 0.38147 0.04578 0.49591 0.64087 0.19073 1.42670 1.63269 1.11389 0.27466 0.34332 0.16022 0.07629 0.09918 0.88501 0.96893 1.22070 1.09863 1.03760 1.28937 1.54114 7.56073 4.10461 3.70026 0.07629 2.96021 5.29480 14.41193 22.34650 18.31818 11.84845
0.65613 0.28992 0.09155 0.74768 0.50354 0.01526 0.71716 1.31989 2.41089 0.03815 0.06104 0.00000 0.00000 0.12207 0.22888 0.25940 1.19019 2.29645 0.39673 2.98309 4.06647 8.59070 5.37872 12.68768 4.92859 0.06866 1.83105 1.31989 6.79779 6.00433 3.02887
1.06049 1.30463 0.79346 1.25122 2.60162 2.01416 0.16022 0.15259 0.02289 0.00763 0.00000 0.00000 0.07629 0.11444 0.09918 0.99945 0.16022 0.14496 0.03052 0.53406 2.33459 23.00262 30.70068 7.55310 1.32751 0.20599 0.47302 0.14496 3.32642 6.67572 11.23047
0.47302 0.57983 1.36566 4.14276 0.22125 0.06104 0.16785 0.05341 0.01526 0.01526 0.66376 0.48065 0.66376 0.15259 1.38092 1.64795 0.01526 0.08392 2.44904 1.67084 3.41034 8.54492 14.53400 25.72632 15.83862 0.70190 3.31879 0.56458 0.65613 0.29755 2.14386
