DATA/RAW-RASTER/ECMWF/20170628/EN-39/20170704.en-39.asc
ncols			31
nrows			16
xllcorner		69.5
yllcorner		19.5
cellsize		1.0
NODATA_value	-99999
0.69427 1.35040 1.32751 3.47137 5.74493 1.44196 3.21960 1.64795 1.01471 0.00763 1.10626 3.08228 4.25720 3.82996 9.70459 6.92749 14.40430 21.58356 14.64844 13.29041 5.66864 4.53186 0.70190 0.60272 0.82397 0.48828 1.28174 0.99945 1.19781 1.14441 2.86102
0.25177 2.03705 5.46265 10.50568 2.03705 5.40161 0.70953 0.93842 0.84686 0.93079 1.56403 1.49536 2.19727 2.68555 3.30353 4.02069 2.33459 3.79181 6.25610 10.15472 4.27246 3.86047 18.41736 13.65662 17.04407 8.08716 3.38745 0.85449 0.67139 1.13678 1.64795
2.36511 10.61249 1.90735 13.67188 19.95850 13.21411 6.02722 0.74768 1.89972 0.53406 1.85394 1.98364 5.81360 2.48718 1.35040 2.15912 1.49536 3.37219 8.94928 6.40869 9.87244 5.64575 7.24792 6.32477 21.07239 13.32092 10.89478 5.92804 0.36621 0.19836 0.96893
7.52258 3.57056 2.99072 13.37433 12.30621 2.87628 4.05884 19.21844 1.27411 0.06104 0.67902 0.32806 0.20599 0.62561 0.73242 1.23596 1.99890 4.96674 6.32477 7.22504 10.49805 7.74384 10.74982 20.08820 12.91656 8.05664 9.60541 0.71716 5.87463 1.77002 0.25177
4.36401 14.31274 1.09100 6.34766 2.89154 4.53949 9.65881 2.85339 21.15631 3.01361 0.43488 0.37384 0.81635 1.15967 0.39673 1.30463 0.61798 2.04468 5.76782 8.36945 11.16180 6.67572 10.11658 6.76727 7.69043 3.86047 3.56293 12.55035 18.48602 4.53186 2.93732
5.58472 8.43811 2.01416 1.27411 1.08337 6.15692 9.54437 8.39996 3.54004 18.76831 32.61566 4.33350 7.52258 5.31006 3.87573 1.12915 0.70953 2.73895 5.16510 2.24304 2.63977 7.11823 9.30023 15.45715 12.24518 12.41302 8.63647 3.91388 15.80811 13.40485 3.76892
1.02997 7.16400 0.31281 1.36566 3.86810 5.76782 12.44354 8.36945 6.33240 19.35577 26.54266 31.50177 17.42554 13.05389 5.98907 3.31879 2.01416 5.05066 3.34930 5.44739 4.37164 8.19397 5.76019 9.46808 10.79559 41.77856 46.34857 13.41248 2.47192 10.92529 6.63757
0.00000 0.14496 0.73242 2.96783 22.07947 6.69098 3.94440 6.59943 12.34436 8.26263 3.96729 5.41687 75.41656 33.16498 27.86255 18.93616 6.64520 2.51770 2.18964 3.80707 9.12476 23.59772 10.14709 26.87073 20.19501 29.14429 96.36688 42.72461 39.40582 6.21033 10.39886
0.00000 0.22888 6.02722 5.16510 30.61676 14.00757 17.29584 18.31055 4.84467 13.81683 14.49585 28.42712 10.43701 8.10242 23.44513 11.45172 6.40106 7.04956 21.26312 25.71106 101.17340 168.09845 62.70599 37.11700 13.57269 42.06085 28.97644 25.39062 36.33881 15.05280 3.70026
0.00000 0.00000 10.42175 18.02063 41.24451 20.55359 18.62335 12.55035 4.02069 6.48499 1.80817 1.06812 3.18909 8.20923 20.62225 8.61359 4.31824 6.10352 16.60156 19.85931 13.13782 9.49097 20.27130 5.99670 4.19617 8.68988 21.03424 51.34583 44.70825 16.24298 19.24896
0.00000 0.47302 9.07135 41.65649 27.10724 152.46582 18.21136 2.78473 1.32751 1.60217 0.26703 0.93842 1.58691 2.50244 4.60815 14.96124 15.20538 10.92529 17.59338 20.48492 20.62225 37.90283 46.94366 12.06970 4.80652 16.47949 20.98846 31.29578 80.49011 27.61078 13.23700
0.09918 1.06049 18.98193 53.42865 130.41687 102.63824 56.54907 3.08990 1.38855 5.92804 1.41907 2.42615 1.09863 1.09863 3.20435 2.40326 3.70789 18.98956 30.50995 8.18634 27.10724 19.12689 5.80597 2.63977 1.64795 2.07520 2.26593 16.51764 19.79828 21.26312 15.18250
0.27466 0.80109 13.96942 35.51483 79.32281 121.87195 23.10944 11.29150 0.26703 1.82343 1.62506 2.41089 1.35040 1.73187 0.62561 3.05176 4.42505 23.51379 18.53180 16.65497 14.20593 25.32959 5.16510 12.85553 2.17438 0.86212 0.39673 10.58960 11.96289 6.62994 3.24249
1.66321 1.31226 1.44958 12.57324 71.41113 42.99164 27.91595 2.98309 0.63324 0.74005 0.51117 1.85394 2.34985 4.91333 0.80872 4.11987 10.06317 3.93677 6.40106 18.31818 6.47736 14.77814 3.75366 8.54492 6.73676 0.21362 0.19836 0.59509 5.55420 6.72150 1.77002
1.60217 1.35040 0.84686 10.38361 29.47998 16.63971 9.95636 1.64032 7.37762 2.27356 9.69696 1.07574 1.76239 0.60272 0.93079 11.40594 7.49207 4.79126 15.99121 9.54437 4.26483 5.04303 10.72693 5.21851 0.22125 0.57220 2.64740 0.71716 5.18036 2.36511 1.43433
0.03815 0.77057 3.60870 5.69916 2.96783 1.55640 0.36621 1.06049 0.22125 0.15259 1.46484 2.00653 0.56458 0.75531 2.60925 4.66919 1.12915 3.97491 6.50787 2.23541 2.51770 3.43323 5.60760 3.92151 6.12640 0.25177 1.18256 1.06812 0.24414 0.33569 1.85394
