DATA/RAW-RASTER/ECMWF/20170628/EN-39/20170712.en-39.asc
ncols			31
nrows			16
xllcorner		69.5
yllcorner		19.5
cellsize		1.0
NODATA_value	-99999
3.83759 5.53894 3.03650 7.80487 1.27411 0.54169 0.06104 0.00000 0.09155 0.00000 0.00000 0.00000 0.00000 0.00000 0.00000 0.00000 0.03052 0.00000 0.03815 0.00000 0.03052 0.22125 0.95367 0.79346 1.06812 2.09808 3.82233 3.98254 3.62396 2.89154 7.08008
1.18256 2.28119 7.32422 4.34875 7.81250 1.09100 1.37329 0.12207 0.00000 0.00000 0.00000 0.00000 0.00000 0.07629 0.01526 0.00000 0.00000 0.00000 0.04578 0.14496 0.22888 0.96893 0.92316 0.63324 1.20544 2.09808 1.19781 3.31879 5.36346 6.06537 5.65338
2.10571 2.44904 6.69861 4.89044 14.12201 4.11987 2.73132 0.41199 0.93079 0.22125 0.25177 0.00000 0.00000 0.00000 0.00000 0.00763 0.03052 0.03815 0.00000 0.01526 0.87738 0.12207 0.76294 1.60980 0.96893 2.03705 2.33459 3.12805 5.02777 2.96783 2.63214
1.40381 0.58746 0.34332 13.23700 13.95416 0.73242 1.57166 1.73950 6.80542 8.51440 2.01416 0.13733 0.00000 0.00000 0.00000 0.00000 0.00000 0.00000 0.03052 0.09918 1.35040 1.63269 1.40381 3.04413 1.09863 0.80872 2.73895 0.54932 4.69971 9.24683 16.05988
2.34985 0.08392 1.23596 5.98145 6.41632 1.43433 3.05176 3.28064 2.19727 3.23486 2.10571 6.53076 3.05939 1.30463 0.03052 0.48065 0.09155 0.07629 0.63324 0.74005 2.15149 1.18256 3.69263 2.62451 4.58527 11.65771 14.60266 21.75140 10.00977 19.75250 24.86420
1.03760 0.00000 0.68665 6.78253 8.62122 6.27899 56.96869 1.55640 0.31281 1.94550 6.95038 3.61633 4.36401 10.84137 2.80762 2.16675 1.77002 2.67029 2.22015 3.12805 4.41742 4.34875 6.82068 6.43158 16.49475 11.37543 4.35638 3.02124 8.11005 21.97266 12.89368
0.00000 0.00000 0.14496 1.95312 0.69427 6.82831 4.50897 1.67847 1.99127 1.33514 8.02612 11.24573 7.94983 5.80597 15.11383 15.59448 12.84027 12.38251 5.27954 9.29260 11.07025 11.18469 6.95038 17.12799 13.67950 6.66809 11.55090 7.63702 2.18964 5.42450 4.80652
0.00000 0.00000 0.03052 0.00000 0.09155 1.11389 32.22656 1.35803 1.86920 0.93842 1.77002 16.67023 11.56616 66.50543 16.08276 17.63153 16.73126 4.71497 5.97382 5.67627 4.16565 6.43158 3.60107 15.86151 64.17084 4.68445 2.74658 2.06757 15.87677 2.32697 1.64795
0.00000 0.00000 0.00000 0.08392 0.01526 0.43488 0.49591 0.95367 1.81580 0.88501 10.09369 6.23322 20.22552 15.38086 26.74103 17.57812 30.65491 18.08167 19.08875 18.17322 19.11926 31.61621 20.42389 4.37164 0.64850 1.30463 2.34985 7.54547 15.32745 2.33459 0.51117
0.03052 0.09155 0.01526 0.05341 0.23651 0.04578 0.12970 0.85449 1.91498 0.73242 2.99072 2.40326 6.64520 9.08661 4.84467 13.58795 23.17810 67.14630 29.57153 23.22388 55.13000 24.32251 12.29095 4.09698 1.02234 1.69373 17.76123 12.12311 5.02014 0.50354 0.60272
0.38910 0.33569 0.30518 0.58746 3.49426 0.06866 0.02289 0.43488 0.35858 0.08392 0.03052 0.90027 18.85986 0.46539 7.09534 2.99835 10.55908 18.63098 1.47247 0.74768 0.96893 1.75476 1.17493 2.28119 1.67847 21.85059 30.32684 28.45001 23.83423 20.22552 1.89972
0.14496 0.21362 0.09918 1.24359 0.61035 0.07629 0.59509 0.00763 0.52643 0.86212 4.06647 9.58252 16.79230 8.74329 3.80707 5.44739 2.85339 0.67902 0.71716 0.00000 0.03052 0.38147 7.52258 13.84735 9.17816 6.85120 12.97760 37.29248 9.98688 8.28552 10.18524
0.27466 0.04578 0.00763 0.18311 0.61798 0.56458 0.39673 0.94604 1.86157 1.17493 2.72369 17.41791 5.18036 10.01740 2.22778 0.57983 0.61798 0.57220 0.84686 0.74768 2.72369 10.49042 21.85059 13.71002 10.91766 31.52466 17.49420 19.88983 10.39124 4.73022 1.93024
0.19073 0.15259 0.11444 0.96893 1.22070 0.99182 1.15967 1.90735 1.21307 6.76727 3.30353 12.72583 3.21960 0.69427 2.18964 1.22833 0.25940 0.52643 3.70026 2.90680 3.90625 14.55688 27.45819 24.81079 9.01794 12.84027 11.23810 11.37543 13.27515 6.50024 0.73242
0.86975 0.70953 1.06812 2.69318 1.64032 0.24414 0.44250 1.80054 6.36292 9.95636 1.88446 5.47028 6.64520 5.35583 0.23651 1.32751 1.18256 3.50952 4.60815 2.63977 7.05719 9.81140 15.67078 15.81573 8.20923 3.64685 11.81030 10.26154 18.44788 5.76782 2.44141
0.59509 2.38037 1.79291 3.38745 0.76294 0.08392 0.90027 7.83539 10.70404 9.98688 5.54657 5.08118 5.56183 1.04523 1.06812 1.73950 2.67792 1.76239 2.15149 3.01361 5.37872 4.86755 9.54437 15.77759 36.76605 29.13666 19.47021 18.38684 15.59448 2.53296 14.86206
