DATA/RAW-RASTER/ECMWF/20170628/EN-39/20170628.en-39.asc
ncols			31
nrows			16
xllcorner		69.5
yllcorner		19.5
cellsize		1.0
NODATA_value	-99999
5.09262 7.09534 37.81319 6.40488 8.97598 9.47571 13.51547 15.33318 1.66321 0.00000 1.19019 8.10432 6.49643 9.30595 7.46155 15.28358 7.63130 6.64902 14.54544 9.02367 4.94003 4.25911 1.94740 0.80299 1.17874 0.34904 1.13297 1.82343 1.07193 1.17111 4.96101
5.06020 10.85281 35.15434 15.05661 12.79831 18.20374 14.86969 1.60599 5.38826 1.78719 2.61688 5.40924 4.54521 6.46782 6.92558 2.52533 9.04274 4.40216 15.86151 11.18851 14.41574 13.99612 9.20296 0.47874 1.68800 0.61226 0.71526 1.17302 2.32506 1.09291 2.46620
7.18498 11.25908 71.02966 40.56168 19.57321 19.88029 19.65904 12.01248 3.28827 1.91307 1.04523 1.18446 1.26648 1.00136 0.81444 4.14467 4.06837 1.95312 4.38881 8.92258 9.44519 20.22552 9.89532 10.47707 2.81334 0.45776 1.01471 3.06702 2.47002 1.31607 2.25449
46.92841 18.43643 57.06596 37.39929 28.86581 28.99742 5.96428 10.94627 4.87518 0.42725 0.98991 0.83923 0.00000 0.84686 0.84686 5.27954 4.74930 3.97301 1.30653 4.16756 8.63075 8.95500 11.64246 7.92694 0.98038 0.00000 1.12152 0.15450 0.29373 3.87001 9.72366
17.46368 26.77727 28.00751 47.00851 48.04420 22.17293 6.97899 3.67546 6.77299 2.90680 0.08392 0.18120 0.28610 0.19264 0.22697 0.35477 0.28610 1.98364 2.89154 0.88692 5.31578 8.23593 7.27654 0.46730 2.18582 1.35612 2.78473 1.21498 3.23486 1.53542 6.55174
15.68413 41.87584 41.55350 26.62468 19.08112 17.31873 5.67436 1.07574 3.89862 3.32832 7.29370 0.82016 0.86784 0.70572 0.62180 1.84059 8.19016 8.01849 7.38525 5.54848 3.77464 3.27301 4.19617 7.52449 5.63622 6.67572 0.31281 1.52588 2.88773 10.45799 3.89671
20.91980 18.18275 21.67320 12.95090 15.51056 7.01904 6.89888 7.32231 11.51466 5.39017 5.88226 18.61954 5.33295 4.66537 0.56076 3.92723 1.91116 4.35257 3.45802 28.99933 14.24408 8.29124 10.00023 3.59726 5.96046 16.33644 2.77519 8.97980 4.12560 7.46727 3.28445
26.73531 19.88983 70.76645 6.34193 1.19972 16.46423 9.26208 11.01112 23.53096 17.22908 4.51088 0.80872 0.38528 2.42615 12.44736 8.84628 12.80785 1.78528 3.88527 3.76892 2.91443 11.38878 3.92914 9.38034 29.35410 97.76688 10.36644 9.45663 40.20119 9.97353 5.79453
33.85353 20.75195 40.08865 2.53677 4.59671 3.41606 15.23590 14.72092 7.77245 9.68361 15.29121 3.53622 4.11034 1.66130 0.37193 0.86975 0.95177 15.31792 12.18796 21.87157 10.45418 23.04649 20.67184 11.54709 19.30046 44.13223 16.96205 32.85408 28.89061 6.04057 1.73378
18.89229 4.27818 9.35364 8.80051 1.05095 3.00598 4.00543 14.69231 15.86723 32.82547 16.01982 16.75606 11.27625 2.92015 1.54114 2.02751 0.84114 0.84305 7.20978 11.71684 9.91440 18.99529 29.88243 56.04553 14.06479 13.36098 34.84154 19.99855 19.72771 1.01471 7.03239
4.98772 20.07675 7.49969 3.07083 1.05667 0.73051 1.89972 16.18767 30.46227 29.45328 19.03343 33.34236 6.81496 11.30104 3.28445 5.98907 3.58200 2.03514 2.05994 2.78854 8.32176 3.86238 26.09253 66.04958 16.78848 16.00075 32.97043 42.14478 15.14626 3.22723 4.07219
9.09805 12.00294 19.95659 11.30676 3.57056 1.47629 2.07329 7.09343 2.57301 19.06204 17.12418 14.25743 31.32629 14.37378 14.51492 6.39343 9.92775 3.75366 4.26483 14.10484 6.66237 12.68005 15.80429 18.66150 10.60677 32.15408 22.07565 17.39311 36.72409 13.44681 15.43045
17.10129 27.41241 79.46014 8.66318 11.87706 19.51599 9.97734 6.33621 0.82397 5.58662 14.97078 26.18790 14.21928 8.99315 32.23419 7.15446 13.01003 19.18221 4.15039 10.95200 1.65558 3.15666 14.81056 56.99348 67.45338 4.96864 11.06071 18.55278 27.08626 27.77290 13.64326
33.44917 14.87732 13.79967 15.67268 1.52206 22.51816 7.60651 18.25523 1.12534 2.50626 10.45990 19.10782 13.07297 3.85857 6.89316 21.10291 12.12883 10.00595 9.13429 7.79152 2.44522 8.60977 16.02745 25.34103 69.57436 0.78773 1.94359 14.21356 18.10646 13.49831 11.34682
80.21736 16.63971 51.81122 15.32173 4.70543 4.94766 3.03078 4.41933 5.39207 6.30569 17.36259 14.56070 7.44247 2.95830 0.98228 0.97466 5.58472 7.05719 5.78499 2.27356 3.10516 6.76918 7.50923 9.24110 4.53377 0.80299 0.42725 3.53622 4.77600 16.50810 10.58006
46.19789 72.94846 24.36829 19.73152 4.62723 18.88275 6.97136 3.94440 4.15039 9.14192 19.71436 22.82524 5.81741 31.77452 3.19481 0.52643 6.04820 21.23833 57.52373 18.85986 3.93295 5.90706 7.08199 5.93376 10.81657 5.28717 2.62451 3.74222 2.52342 3.25203 13.15498
