DATA/RAW-RASTER/ECMWF/20170628/EN-39/20170709.en-39.asc
ncols			31
nrows			16
xllcorner		69.5
yllcorner		19.5
cellsize		1.0
NODATA_value	-99999
6.68335 1.76239 3.60107 1.06049 1.11389 4.28772 0.09155 0.70190 1.90735 5.19562 7.57599 6.94275 4.88281 5.86700 5.24902 4.02832 4.61578 2.14386 3.19672 2.14386 3.57819 1.80817 1.72424 2.18964 1.86920 1.45721 2.60925 6.59943 7.52258 7.88879 6.60706
0.03815 0.22125 8.78143 5.12695 6.40106 3.25012 4.78363 4.50897 2.13623 3.22723 5.79071 5.95093 2.86102 2.10571 2.67792 3.11279 4.74548 1.01471 1.66321 1.09863 1.26648 2.14386 2.81525 3.28827 8.34656 11.55090 7.46918 6.65283 5.26428 2.14386 0.67902
0.14496 1.97601 10.68115 8.17871 6.71387 7.84302 3.62396 0.41199 0.19836 0.65613 2.95258 4.29535 7.12585 3.02124 1.91498 1.42670 3.28827 2.93732 2.16675 1.24359 1.53351 3.37219 6.42395 10.81848 12.61139 8.67462 3.79944 6.50787 4.52423 6.61469 5.31006
0.58746 0.00763 1.89972 14.58740 13.21411 7.79724 2.49481 5.72968 0.03052 0.03815 0.48065 1.03760 1.64032 4.43268 5.66864 3.12805 1.57928 0.35858 1.55640 0.45776 1.78528 4.74548 6.49261 13.04626 8.69751 2.79999 2.54059 8.23975 13.61847 13.48877 8.08716
1.22833 0.16022 0.10681 0.82397 6.91223 15.14435 3.85284 1.31989 1.22070 0.15259 0.36621 1.39618 1.40381 1.67847 4.66156 4.68445 1.97601 4.66156 6.85883 2.53296 1.85394 9.55963 15.41138 9.89532 1.62506 8.33130 4.61578 23.57483 7.90405 1.99127 8.81958
1.13678 0.00000 0.00000 0.03052 1.19019 2.40326 5.28717 6.17981 2.14386 1.06049 9.65118 2.98309 6.65283 2.14386 1.60217 18.20374 11.32965 5.79834 11.53564 13.77106 20.93506 15.76996 18.44025 5.37109 10.08606 15.52582 5.02014 3.43323 16.34979 8.73566 6.04248
0.00000 0.00000 0.00000 0.00000 0.12970 0.59509 0.16022 0.35095 1.51062 0.93079 1.14441 11.23810 6.53076 6.05011 1.44958 2.95258 8.85773 6.83594 9.85718 9.93347 12.35962 14.89258 16.80756 11.21521 26.22223 83.46558 35.29358 15.96832 14.33563 7.56073 9.85718
0.00000 0.00000 0.00000 0.00000 0.00000 0.03052 0.00000 0.00000 0.12207 0.70190 0.46539 1.97601 6.36292 12.96997 26.95465 9.17053 11.19232 4.04358 3.05176 5.63049 43.16711 27.99225 16.53290 58.76923 83.29773 39.55841 52.23846 38.62000 38.65051 16.88385 8.85010
0.00000 0.01526 0.04578 0.05341 0.03052 0.03815 0.10681 0.00763 0.08392 0.33569 0.44250 0.75531 3.28064 12.47406 22.33124 32.44019 43.31970 48.69843 81.65741 156.47888 147.72034 174.29352 166.41998 86.99036 10.50568 11.26099 19.90509 101.42517 53.32184 19.79065 10.49042
0.00000 0.16785 0.61798 0.76294 0.19073 0.06866 0.01526 0.01526 0.00000 0.20599 0.25177 0.83160 2.02179 19.22607 24.35303 25.70343 27.26746 18.58521 26.05438 55.87769 34.20258 3.79181 46.89026 89.45465 11.89423 10.85663 30.05219 48.97308 83.63342 24.35303 8.47626
0.40436 0.51880 1.19781 0.53406 0.00000 0.00000 0.00000 0.00763 0.01526 0.05341 1.38855 6.33240 3.61633 5.34821 10.53619 11.73401 11.14655 5.88989 1.51825 1.25122 14.66370 29.12903 88.94348 26.53503 11.14655 14.42719 10.32257 18.56232 37.42981 28.29742 14.02283
0.51117 0.54932 1.55640 1.95312 0.19073 0.13733 0.03052 0.01526 0.18311 1.14441 62.52289 3.81470 11.06262 9.66644 5.95856 4.01306 0.41962 0.09918 0.93079 3.70789 22.83478 42.08374 2.99072 6.59943 9.93347 15.01465 6.68335 10.77271 12.94708 17.56287 16.79993
1.35803 0.74005 0.24414 1.28174 1.19019 1.06049 1.41144 2.23541 3.05939 0.91553 6.82068 9.66644 10.59723 6.62231 1.41907 0.45776 0.00000 0.01526 0.77820 9.50623 23.95630 12.58087 7.17163 13.19122 9.93347 5.66101 7.65991 7.88879 9.88007 4.47083 5.73730
1.67084 0.86975 0.11444 0.11444 0.43488 0.17548 0.90790 1.44196 1.30463 1.19019 1.25885 2.78473 0.90027 0.50354 0.01526 0.03052 0.04578 0.23651 2.18201 11.93237 2.92206 19.47784 16.17432 8.76617 6.14929 1.12915 1.42670 7.37000 17.87567 1.35803 1.94550
1.04523 1.81580 0.64087 1.20544 3.25775 0.86975 0.36621 0.37384 0.71716 0.48828 0.23651 0.21362 0.00000 0.03815 0.00000 0.68665 1.70135 1.77765 0.92316 0.94604 3.47900 7.33185 17.93671 10.06317 0.51880 0.12207 0.88501 1.85394 3.75366 6.55365 7.43103
0.30518 0.51880 0.89264 2.25067 1.04523 0.03815 0.16022 0.17548 0.02289 0.10681 0.41962 0.11444 0.00000 0.00000 0.28992 7.06482 0.38147 0.47302 0.73242 0.90790 3.12042 5.56183 8.01849 14.05334 7.30133 1.19019 1.27411 1.32751 1.95312 1.75476 8.66699
