DATA/RAW-RASTER/ECMWF/20170628/EN-39/20170706.en-39.asc
ncols			31
nrows			16
xllcorner		69.5
yllcorner		19.5
cellsize		1.0
NODATA_value	-99999
5.88989 3.86810 9.17816 6.05011 8.90350 4.95911 2.11334 0.54169 0.67902 0.17548 0.36621 1.09100 2.57874 2.79236 1.37329 0.95367 1.19019 0.76294 1.85394 1.07574 1.47247 0.70953 1.19019 1.86157 2.51007 2.05994 5.34058 0.70190 4.42505 12.27570 11.84845
1.64795 6.51550 9.41467 3.31879 11.39069 4.89807 2.40326 4.07410 0.73242 0.36621 2.73895 4.50134 4.50897 6.47736 5.33295 6.59943 6.60706 7.27844 5.35583 3.31879 0.83160 0.64087 1.74713 1.12152 3.89862 2.92206 4.20380 3.53241 2.49481 3.49426 3.76129
2.08282 3.94440 0.64850 3.80707 2.02179 2.95258 5.53894 3.04413 9.36890 7.91931 11.92474 8.72803 10.45990 13.29803 10.69641 13.10730 11.04736 2.76947 0.22888 0.56458 1.87683 3.93677 5.18799 9.64355 10.84137 5.47791 7.35474 5.67627 4.69208 2.52533 3.78418
5.28717 8.25500 18.38684 0.81635 2.80762 2.45667 39.54315 8.54492 8.28552 2.95258 9.52148 10.56671 10.42938 16.50238 14.04572 10.02502 6.69861 6.27136 3.31116 2.72369 1.19781 2.63214 7.94983 18.20374 11.72638 5.11169 6.99615 8.75092 8.70514 9.68933 10.29968
3.92151 8.23975 2.41852 2.31934 2.38037 2.34222 1.33514 43.87665 16.45660 5.47791 0.83923 1.07574 3.05176 3.98254 1.24359 4.23431 19.80591 7.26318 18.85986 14.37378 7.05719 4.22668 5.57709 5.00488 3.45612 18.11218 8.31604 8.85010 12.00867 8.66699 13.15308
3.06702 13.58795 17.43317 7.30133 2.09808 3.45612 5.73730 2.09808 2.10571 15.48004 8.94165 4.63867 3.58582 0.04578 0.19836 1.25885 7.73621 12.83264 3.66974 8.78143 7.78198 20.76721 8.69751 7.29370 16.60156 18.66913 10.34546 8.18634 11.88660 6.55365 5.98907
0.02289 1.15204 6.85883 4.43268 1.06049 1.39618 0.50354 1.02997 5.70679 0.66376 3.31879 5.44739 6.00433 0.76294 0.04578 0.70953 0.64850 0.30518 0.12970 0.18311 6.66809 12.68005 20.81299 25.72632 32.85980 54.72565 78.12500 25.19226 2.74658 8.15582 11.10840
0.01526 0.00000 0.61798 6.26373 1.83868 1.67084 0.61798 0.39673 3.69263 4.44794 0.60272 0.78583 0.32043 2.84576 5.45502 22.11761 5.34821 1.19019 2.22015 7.11823 6.56891 16.85333 7.99561 36.60583 22.18628 106.40717 119.30084 82.33643 82.50427 17.06696 16.90674
0.00000 0.00000 0.07629 2.44141 9.06372 41.01562 4.47845 3.27301 19.70673 1.25885 0.47302 0.34332 0.19073 0.13733 0.52643 2.92206 6.44684 8.74329 12.82501 66.30707 50.50659 62.60681 59.42535 76.89667 4.19617 9.62067 11.58142 95.69550 71.35773 15.03754 1.85394
0.00000 0.00000 0.08392 0.83160 16.70074 23.41461 9.89532 7.67517 5.36346 4.29535 0.76294 0.01526 0.09155 0.13733 0.35858 0.13733 0.83160 2.51770 11.00922 17.63153 17.56287 15.01465 18.14270 21.61407 23.74268 12.17651 24.78027 16.57104 94.81812 14.51874 5.02777
0.14496 0.31281 0.92316 0.69427 4.31824 31.04401 67.24548 60.97412 11.83319 13.19885 0.50354 0.99182 0.12970 0.25940 0.09155 0.12207 0.03815 0.74768 11.61957 11.77216 21.63696 51.82648 83.53424 42.57965 15.23590 17.99011 22.88818 39.98566 62.91199 27.05383 23.00262
0.19073 0.57220 2.22778 2.07520 0.83923 1.35040 0.97656 0.74768 0.54169 0.20599 0.58746 0.03815 0.00763 0.00763 0.06866 0.19836 0.47302 1.65558 1.89972 6.28662 18.93616 52.28424 13.22174 3.30353 4.64630 4.18091 1.28937 8.79669 26.49689 26.27563 26.77155
0.73242 0.57220 0.96130 0.88501 1.76239 1.18256 0.77057 1.12152 0.54169 0.37384 0.04578 0.19836 0.41199 0.20599 0.12207 0.21362 0.24414 0.52643 0.54932 0.32806 16.69312 17.50946 13.05389 8.40759 3.57056 2.77710 0.13733 2.60162 3.02887 2.57111 0.57220
0.72479 1.25122 0.03052 0.99945 1.58691 1.30463 0.91553 1.58691 0.67902 0.08392 0.04578 0.00000 0.00000 0.09155 0.21362 0.69427 1.15967 0.32806 0.75531 1.25122 6.13403 28.24402 16.34979 15.88440 12.21466 3.22723 0.26703 0.38147 0.87738 1.22070 1.12915
1.35040 1.74713 1.52588 4.39453 2.69318 0.61035 0.55695 0.46539 0.19073 0.00763 0.15259 0.09155 0.22888 0.13733 0.16022 0.28992 0.09918 0.01526 0.00000 0.48828 6.05774 15.71655 31.89850 16.09039 1.44958 0.00763 0.71716 1.20544 0.47302 2.42615 0.14496
0.93842 1.48010 2.12860 6.86646 0.80872 1.47247 0.56458 0.22125 0.25940 0.00763 0.00000 0.12970 0.25177 0.20599 1.08337 0.77057 3.93677 0.00000 0.00000 0.06866 0.86212 4.68445 8.09479 9.23157 10.96344 2.32697 6.48499 0.22888 0.13733 0.39673 0.26703
