DATA/RAW-RASTER/ECMWF/20170628/EN-39/20170703.en-39.asc
ncols			31
nrows			16
xllcorner		69.5
yllcorner		19.5
cellsize		1.0
NODATA_value	-99999
0.12207 1.78146 1.19781 2.48718 3.15475 1.19781 3.87573 0.36621 0.12207 0.03433 1.25504 1.27411 1.44958 0.85068 1.43433 0.89645 0.80490 1.08337 2.59018 2.22015 1.30463 1.76620 0.87357 0.37003 0.66376 0.62561 0.50354 0.45395 1.19781 0.82016 2.02179
0.53787 0.75150 2.67029 0.82397 6.05011 5.84412 0.57602 1.06049 2.12479 1.70135 9.44519 5.36728 12.68387 7.62939 4.38309 5.27954 3.41797 6.83975 1.74713 0.17548 0.01144 0.30899 1.07193 0.00763 0.97275 1.04141 1.17111 0.72098 1.31226 0.68665 0.64850
4.63867 1.23978 0.80490 1.28937 5.60379 4.28391 5.78690 0.94986 1.38855 1.06049 5.22232 3.98636 9.03320 8.18253 6.96182 4.38690 10.27679 11.19995 12.73727 1.01852 0.90027 0.05722 0.17166 0.77820 0.64468 3.20816 8.92258 6.50787 5.39017 2.39563 0.78201
3.31116 2.67792 0.57983 4.08173 6.86646 26.19934 14.10294 2.06375 0.53787 1.64032 1.54495 2.49100 2.01035 6.51550 4.10461 1.44958 2.85339 8.96454 8.49152 2.39944 0.54550 0.44250 3.26920 6.70624 5.08118 4.96674 8.57544 11.16943 10.63919 11.04355 6.86646
5.00488 3.20816 0.73242 0.65613 7.41959 8.19016 6.71005 2.81143 6.85883 1.18256 0.11063 3.09372 1.60217 12.32147 3.76511 5.30624 7.71713 6.20270 15.43045 5.36728 6.88934 5.26810 8.05283 7.43484 6.95419 13.38959 11.53564 16.90674 13.55362 10.95581 8.20541
3.66974 0.01907 0.75150 1.51825 4.26102 8.57162 9.31931 6.07300 1.63651 2.64359 11.54709 16.67404 6.81686 1.35422 4.34875 4.60434 15.86151 17.13181 19.60754 20.83969 17.26151 9.57870 12.11548 11.08551 6.12640 19.48166 3.78418 6.34003 22.60590 18.79120 9.57489
0.52261 0.05722 1.18637 2.18964 7.02286 9.88770 11.63101 2.93350 1.31226 0.99945 19.17267 87.44431 69.53049 54.64172 12.26807 12.54272 7.18689 4.24957 13.74054 12.68005 7.46536 5.58853 6.53076 7.56073 12.48169 31.26526 27.88162 6.72150 1.18637 3.72696 29.12521
0.01526 0.23651 3.16238 14.05334 9.17816 8.57544 2.52914 2.16293 7.14493 2.56729 1.82343 0.38528 8.51059 29.06799 36.88431 53.81012 28.46909 7.88879 4.75693 9.34601 14.19449 15.25497 6.06918 17.85660 8.87680 34.63745 35.49576 28.07999 21.51108 8.65936 6.80923
0.00763 0.53406 23.07892 12.16125 4.64630 6.78253 1.57166 7.94601 11.74545 15.91110 1.19400 1.42670 6.88934 2.57874 3.37219 18.15796 10.65445 33.95081 34.27505 125.29755 129.96674 117.14554 45.00580 83.39691 41.87012 19.27185 17.80319 11.27243 28.43094 21.38138 10.70404
0.04196 3.91006 18.96667 32.02438 16.34598 11.46698 3.76511 8.59451 26.74484 11.56235 6.72531 1.59454 0.70572 1.73569 2.41852 6.00052 10.90622 19.10400 14.43100 23.72360 11.71112 19.22989 55.76706 31.04782 7.70950 10.07080 21.67511 14.53018 43.59818 12.14218 5.51605
0.56076 16.27731 35.69412 43.87283 11.47842 7.51495 1.63651 4.72641 3.47137 19.09637 12.04681 8.74329 3.71552 3.74603 1.12915 3.67737 4.00543 9.80377 25.79880 15.17105 11.19614 21.98410 66.84494 17.81082 8.45337 19.82498 19.19174 30.03693 76.42365 8.67844 8.91113
0.91171 35.82001 44.13223 42.32407 15.22064 0.57983 0.52261 1.69373 18.22281 186.60736 10.08987 8.17108 8.50677 1.81961 1.02234 2.94495 3.33405 3.21198 8.96835 5.78308 2.57492 19.13452 7.72476 11.34491 3.99017 5.31769 3.18146 15.94925 8.57162 13.97705 15.01465
0.30899 21.25549 37.45270 117.68341 350.56305 44.92950 6.11877 16.96014 86.66611 64.65912 18.47076 3.71170 1.37329 1.64413 7.30133 1.02615 0.86212 1.13678 9.63974 5.24139 4.21143 29.19006 9.08279 12.34055 9.17816 1.56784 3.61252 5.15747 7.24411 4.75311 4.15421
1.73569 4.43649 17.42935 50.63248 65.68146 51.69678 12.52747 11.27625 32.90176 25.90561 12.05063 2.09808 0.87357 4.44794 5.25284 4.43649 2.28119 6.04248 6.13022 1.76239 7.13348 28.72467 7.54929 12.32910 6.65665 0.90027 2.92969 4.15421 5.85175 4.39453 5.43213
2.92206 0.73624 0.69809 11.65771 22.35413 6.42014 3.19672 5.07736 3.56293 3.87955 6.51932 3.57819 0.83542 3.24249 3.20053 5.45120 2.58636 1.02234 2.76184 2.68555 5.16891 5.69153 16.09039 7.56454 6.32477 3.58582 4.82178 1.07956 6.61469 25.55847 18.42499
3.38745 5.87845 6.56891 15.28931 4.02832 1.91498 2.73895 0.77438 1.91879 1.94168 11.96671 9.47189 5.82886 1.60217 1.07956 0.46921 1.13678 2.17819 1.20163 2.13623 2.86484 2.21252 4.83704 13.91602 27.48871 15.53726 11.19614 1.99127 2.89536 3.06702 4.10461
