DATA/RAW-RASTER/ECMWF/20170628/EN-39/20170711.en-39.asc
ncols			31
nrows			16
xllcorner		69.5
yllcorner		19.5
cellsize		1.0
NODATA_value	-99999
0.65613 0.96893 3.15857 3.09753 0.55695 0.25940 0.27466 0.02289 0.12207 0.41199 0.37384 0.24414 0.74768 0.65613 3.57819 3.70026 2.00653 0.99182 3.21960 2.71606 1.09100 1.26648 0.49591 0.93842 3.17383 3.57819 5.66101 2.99072 1.98364 3.87573 9.03320
0.03052 0.27466 5.47028 1.32751 11.61194 0.38910 0.46539 1.57166 0.03052 0.75531 0.37384 0.80109 0.54169 0.80109 0.44250 2.46429 2.28119 2.68555 1.96075 1.22070 0.86212 1.28937 1.04523 0.63324 5.94330 8.68988 8.84247 7.20978 5.19562 9.46808 10.11658
0.27466 1.79291 1.82343 4.50134 9.30786 5.38635 4.04358 0.23651 2.18201 1.99127 3.11279 1.44958 0.19836 0.22125 0.33569 0.99945 2.26593 0.82397 2.13623 1.40381 3.09753 2.02942 7.13348 9.56726 9.72748 7.78198 6.24084 17.38739 18.86749 18.61572 18.71490
0.88501 0.19836 1.38092 15.52582 18.07404 1.14441 5.59235 6.71387 5.11169 13.35144 7.01904 5.16510 0.23651 1.02234 2.14386 4.33350 5.32532 3.34930 10.31494 10.28442 6.17981 12.98523 15.42664 15.62500 10.17761 4.74548 3.96729 2.91443 9.45282 11.12366 8.91876
0.16785 0.00763 0.00763 6.05011 37.40692 12.74109 15.26642 2.93732 7.80487 0.92316 0.40436 1.86157 7.05719 11.22284 6.62231 8.46863 6.55365 3.03650 1.63269 3.07465 5.83649 11.90948 9.84192 4.45557 2.28882 0.66376 1.09100 0.28229 3.98254 5.14221 8.29315
0.01526 0.00000 0.00000 1.82343 9.50623 25.73395 39.38293 5.11169 6.88171 13.67950 17.08984 5.10406 2.99072 0.17548 0.10681 0.04578 1.57166 1.01471 0.37384 3.50189 2.25830 2.41089 4.71497 6.55365 13.88550 31.76880 12.51221 0.93079 2.38037 0.25177 0.56458
0.00763 0.00000 0.01526 0.00000 0.04578 4.12750 9.99451 5.06592 1.93024 2.38037 4.66156 20.44678 8.39996 1.29700 0.52643 0.38147 2.38800 3.40271 2.28119 8.68225 12.08496 19.00482 15.06805 10.57434 16.83044 42.16003 38.72681 12.29858 1.94550 0.54932 1.02234
0.00000 0.00763 0.01526 0.00000 0.00000 0.24414 5.02777 0.51880 1.51825 2.53296 4.68445 19.28711 19.02771 24.16992 22.72034 74.76807 43.06030 4.76074 4.28772 24.74976 29.93774 25.15411 12.03156 28.37372 22.55249 14.24408 67.19971 5.72205 11.24573 3.32642 1.58691
0.00763 0.00763 0.05341 0.01526 0.00000 0.05341 1.33514 0.77057 0.14496 0.51880 5.11169 8.85010 4.62341 3.11279 12.91656 10.23865 15.71655 9.46808 46.61560 81.65741 154.47998 155.90668 54.41284 16.51001 17.53235 7.62177 6.95801 6.92749 8.09479 4.37164 1.44196
0.02289 0.12207 0.83923 0.09155 0.01526 0.06104 0.42725 1.62506 0.76294 0.07629 0.41962 0.54932 0.80109 1.42670 3.37982 12.26807 31.70776 38.87939 38.24615 49.17145 10.81085 5.95093 13.92365 22.46094 2.10571 1.80054 5.45502 4.09698 5.24902 0.87738 1.06049
0.21362 0.81635 0.54932 0.15259 0.17548 0.26703 0.13733 0.53406 0.06104 0.02289 0.01526 0.32043 0.65613 3.30353 10.11658 7.29370 7.08771 14.09912 19.29474 13.69476 2.18201 1.28174 2.18964 3.34167 0.49591 0.75531 1.34277 1.76239 1.51825 0.47302 1.16730
0.20599 0.37384 0.67902 2.29645 0.12970 0.51117 1.97601 0.00763 0.06104 1.31989 0.71716 2.89154 3.89099 4.60815 12.74872 6.72150 4.28009 13.21411 7.74384 1.27411 1.15204 1.32751 0.67139 0.40436 0.85449 2.76947 3.12805 1.25885 0.34332 6.09589 19.87457
0.19073 0.11444 0.06104 0.10681 0.78583 0.28992 0.21362 0.15259 0.06104 0.36621 1.78528 7.31659 9.37653 6.40869 2.65503 1.14441 10.42938 0.41199 1.25122 0.51880 0.58746 0.82397 0.77820 0.36621 16.22772 5.07355 0.64087 12.61902 18.31055 11.52802 15.57922
0.12970 0.22888 0.01526 0.30518 1.53351 0.67139 0.99182 1.51825 1.41144 0.32806 1.49536 33.30994 4.89807 2.02179 4.92096 5.27954 0.86975 0.32806 2.34985 1.48010 1.46484 0.61035 1.03760 3.08990 2.28882 12.58850 14.31274 6.48499 5.01251 6.17218 3.45612
0.67902 0.67902 0.70190 1.13678 2.67792 1.37329 0.46539 0.26703 0.54932 2.89154 19.43970 24.24622 19.07349 4.25720 4.82941 14.74762 1.14441 1.25122 0.23651 0.44250 0.77057 0.54932 2.01416 15.96832 9.65118 19.40918 12.92419 9.93347 12.22992 3.36456 8.75854
0.33569 0.71716 1.26648 5.92804 2.15912 1.63269 1.15967 0.68665 0.75531 0.26703 6.47736 9.72748 9.72748 10.13184 14.67896 1.70898 1.61743 0.88501 0.33569 1.19019 0.99182 0.83160 3.76892 2.88391 21.87347 12.29858 11.34491 7.62177 16.51764 4.06647 14.20593
