DATA/RAW-RASTER/ECMWF/20170628/EN-39/20170710.en-39.asc
ncols			31
nrows			16
xllcorner		69.5
yllcorner		19.5
cellsize		1.0
NODATA_value	-99999
1.71661 0.52643 6.21033 4.78363 1.15967 0.64850 0.46539 0.24414 0.55695 3.88336 3.18909 2.36511 2.25830 3.15094 7.53784 4.67682 8.81195 17.11273 6.67572 9.25446 6.72150 7.30133 7.39288 5.23376 2.03705 0.07629 0.16785 0.24414 2.05231 7.52258 9.77325
0.06104 0.25177 2.05994 3.95966 8.10242 0.48065 5.06592 6.44684 3.04413 2.53296 2.11334 2.43378 2.12097 1.80054 4.75311 8.61359 5.81360 7.78961 14.38904 6.88934 1.57928 1.99890 2.18964 1.88446 1.01471 2.32697 7.00378 12.49695 15.83862 18.10455 13.03101
0.71716 4.01306 3.29590 3.02124 6.66046 11.10840 8.86536 1.44958 6.54602 2.53296 7.43103 9.92584 6.61469 3.41034 2.63977 4.89044 9.36890 2.60162 6.89697 2.82288 4.53186 6.72913 3.22723 3.60870 3.15857 10.65826 14.93073 17.03644 16.25061 22.54486 14.19067
5.58472 5.13458 1.73187 17.73834 14.39667 8.62122 6.31714 4.37164 1.12915 0.68665 4.49371 5.68390 7.25555 3.40271 4.61578 1.58691 1.88446 2.62451 5.63049 7.48444 2.38037 1.96075 4.52423 7.45392 10.10895 11.42120 18.32581 13.45062 15.06042 15.12909 16.89148
1.51062 0.00000 0.00000 0.63324 12.93182 52.61230 10.99396 4.74548 9.75800 1.42670 0.01526 0.78583 0.42725 0.36621 0.22125 0.70953 0.89264 2.86102 8.27789 10.62775 7.56836 7.30896 5.65338 11.48987 6.44684 3.31116 5.29480 2.49481 11.45935 17.73071 17.74597
1.94550 0.00000 0.00000 0.00000 1.23596 4.37164 5.26428 10.07080 3.78418 12.68768 20.88928 1.09100 3.48663 0.00000 0.42725 0.57220 0.99945 1.82343 7.78961 6.21033 5.90515 10.41412 11.92474 13.90076 19.39392 24.99390 13.34381 1.13678 7.43103 10.46753 7.52258
0.00000 0.00000 0.00000 0.01526 0.19836 0.32806 0.57220 1.34277 4.13513 4.31824 3.75366 6.25610 4.41742 1.47247 0.78583 5.43213 3.02124 6.52313 7.28607 10.39886 8.23212 6.13403 13.38959 29.47235 45.97473 38.13934 27.06146 7.05719 1.61743 1.48010 10.19287
0.00000 0.00000 0.00000 0.00000 0.00000 0.21362 0.09155 0.32806 0.85449 1.45721 3.28064 3.69263 9.14764 7.73621 13.73291 103.80554 11.83319 2.56348 5.98145 26.66473 41.15295 32.70721 44.63196 63.17139 48.23303 17.31110 64.54468 8.73566 10.10132 2.03705 3.68500
0.00000 0.00000 0.00763 0.24414 0.06866 0.12207 1.05286 0.09155 0.00000 0.03052 0.39673 0.41199 1.06812 2.47192 4.12750 8.20923 15.73944 65.98663 201.47705 160.75134 205.40619 303.60413 202.94189 37.78076 23.44513 14.11438 11.25336 97.51892 7.01904 2.52533 0.66376
0.01526 0.06104 0.54932 0.38147 0.46539 0.32043 0.70953 0.05341 0.01526 0.37384 0.12970 0.22125 0.05341 0.22888 0.92316 4.40979 9.75800 13.05389 35.94971 48.40851 31.05164 16.43372 16.83807 76.72882 14.40430 10.91003 7.74384 11.87134 2.13623 2.58636 5.14984
0.19073 0.57220 0.85449 0.84686 0.00763 0.33569 0.05341 0.78583 0.15259 0.32806 0.52643 0.03815 0.06866 0.19073 2.22015 9.22394 14.45007 18.31818 42.71698 32.17316 6.70624 23.94104 42.47284 16.15906 8.08716 8.08716 1.86157 4.05884 1.89209 0.28992 0.66376
0.25940 0.35095 1.22833 2.80762 0.67902 0.81635 0.77820 1.47247 2.05994 0.22125 0.00763 0.35858 0.93079 2.88391 38.01727 33.59222 40.14587 13.00812 6.56128 1.67847 7.78198 5.47028 7.75146 5.12695 5.31769 4.48608 0.41199 1.41907 1.99127 0.12970 0.21362
0.99182 0.44250 0.04578 0.59509 0.69427 0.85449 1.41144 2.11334 2.09808 0.49591 0.69427 9.08661 13.94653 51.91803 77.98004 15.16724 12.53510 5.22614 1.12152 1.54114 3.61633 2.35748 1.63269 5.81360 3.10516 1.31989 1.15967 10.37598 1.39618 1.38855 4.35638
0.89264 0.83160 0.14496 0.51117 0.88501 0.71716 0.48065 2.15149 1.00708 1.26648 2.05994 5.98907 29.49524 11.65009 2.41089 3.97491 2.16675 1.86920 1.84631 1.12915 2.83813 3.46375 0.75531 2.26593 1.01471 0.19073 1.19019 5.14221 6.59943 8.17108 4.83704
0.61798 1.48773 0.32806 1.94550 1.47247 0.11444 0.31281 0.83923 0.10681 0.17548 1.31989 5.55420 7.42340 5.87463 0.93842 3.21198 7.71332 1.70898 0.88501 0.98419 1.34277 1.20544 2.08282 1.44958 7.09534 0.02289 0.15259 1.03760 16.70837 26.63422 20.21027
0.46539 0.51880 0.85449 3.60107 0.51880 1.04523 0.09918 0.19836 0.03815 0.27466 1.15967 1.48773 18.74542 1.37329 0.78583 11.29150 3.21198 0.96893 0.79346 0.45013 0.42725 1.01471 1.49536 2.05231 1.31989 0.45013 1.89209 2.85339 11.44409 19.17267 19.37103
