DATA/RAW-RASTER/ECMWF/20170628/EN-39/20170707.en-39.asc
ncols			31
nrows			16
xllcorner		69.5
yllcorner		19.5
cellsize		1.0
NODATA_value	-99999
2.57111 2.38037 7.63702 2.26593 4.05884 11.53564 2.01416 0.30518 0.80109 1.55640 1.29700 1.15204 1.23596 1.18256 0.74005 0.38910 0.90027 0.84686 0.74768 0.85449 1.29700 3.50189 1.25122 2.94495 1.35040 0.59509 0.43488 0.03815 0.00000 0.03815 0.25940
0.09918 2.68555 7.00378 7.64465 6.97327 2.63214 1.76239 4.69208 1.04523 1.49536 11.59668 5.96619 3.68500 3.47137 2.28119 0.83160 0.62561 1.44958 4.15039 5.31006 4.82178 5.47791 7.07245 5.36346 5.64575 2.67029 1.03760 3.18146 0.57983 0.24414 0.70190
0.80109 7.17163 0.03052 5.58472 7.47681 4.63104 6.80542 0.28992 0.48828 2.41089 4.45557 9.44519 7.09534 2.51007 0.90790 1.48010 2.18201 4.48608 5.84412 7.13348 6.95038 8.07190 9.46045 12.75635 13.12256 12.10785 4.35638 4.54712 1.13678 0.51880 0.28229
1.88446 9.03320 6.59943 3.32642 4.05121 3.54767 2.51770 7.63702 0.33569 3.56293 5.83649 10.20813 4.92096 12.75635 7.14111 3.92914 1.50299 0.40436 1.19019 1.32751 1.55640 3.65448 8.85010 8.62885 11.51276 4.66919 6.98090 3.80707 4.53949 4.62341 4.26483
0.64850 0.82397 8.23212 2.83813 1.27411 3.76129 2.99835 5.69153 20.42389 3.60107 0.54932 5.53894 5.69916 10.10132 6.34003 2.92206 13.87024 7.43866 7.62177 8.88062 5.70679 16.00647 10.09369 4.87518 0.93842 1.73950 1.87683 12.21466 11.72638 9.34601 12.73346
0.33569 0.45013 4.69971 7.44629 4.33350 2.87628 3.22723 9.68933 17.15851 19.62280 6.27136 9.68170 4.04358 0.48828 4.08936 2.13623 7.15637 13.88550 13.34381 29.40369 21.42334 13.25226 13.21411 4.53949 1.72424 18.55469 10.20813 4.68445 8.65936 18.82935 11.61957
0.00763 0.00000 0.00000 7.05719 1.02234 5.43976 1.77002 9.29260 13.96179 15.60211 5.78308 4.53186 19.64569 8.03375 0.03052 0.64850 0.63324 5.18036 10.37598 20.29419 11.02448 10.55908 13.62610 6.98853 19.21844 111.76300 42.32788 8.65173 5.37872 7.32422 9.07898
0.00000 0.00000 0.00000 0.34332 1.08337 3.65448 2.04468 13.48114 12.71820 8.94928 5.25665 19.84406 8.49915 12.15363 8.72803 18.14270 10.37598 0.57220 3.00598 2.99072 6.66809 14.38141 10.70404 39.03198 47.07336 58.97522 83.86230 18.33344 31.04401 3.79181 13.55743
0.00000 0.00000 0.00000 0.06104 0.51117 1.50299 3.52478 18.13507 37.59003 22.02606 4.64630 4.50897 2.54059 3.97491 7.11823 7.47681 19.72961 15.76996 27.10724 63.54523 33.47015 85.10590 64.39972 55.74036 9.37653 9.42230 25.29907 30.34210 25.98572 12.58850 11.61194
0.00000 0.03052 0.19073 0.41962 0.31281 0.68665 2.93732 10.04791 17.90619 15.46478 7.72858 3.44086 2.57874 6.46210 2.40326 3.31879 2.63214 1.77765 0.90027 3.61633 9.75800 1.05286 5.12695 18.77594 38.29956 16.92200 15.56396 15.36560 53.34473 17.34924 4.56238
0.12207 0.29755 0.28992 0.20599 0.01526 0.68665 4.79126 3.24249 21.40045 15.39612 59.38721 17.71545 2.03705 0.70190 0.59509 0.11444 0.99945 0.26703 0.62561 1.22833 9.46808 20.19501 43.31970 17.91382 3.79181 10.99396 10.86426 18.12744 72.55554 25.68054 10.97107
0.19073 0.45013 1.83105 1.67084 0.56458 0.25940 1.66321 1.25885 0.92316 2.08282 2.86102 3.22723 1.94550 0.52643 0.53406 0.74005 0.24414 0.00763 0.04578 2.20490 9.45282 14.00757 8.60596 1.33514 2.22015 16.52527 12.96997 28.31268 32.64618 31.40259 31.04401
0.23651 0.90027 0.39673 1.42670 0.54932 0.52643 0.45776 1.02997 0.70953 0.97656 0.97656 1.89209 2.54822 0.48065 0.44250 0.05341 0.07629 0.09918 0.25177 0.93079 12.55035 12.04681 2.14386 4.58527 7.04193 7.71332 0.60272 5.56183 7.59888 6.42395 6.24847
0.55695 0.61798 0.06866 1.47247 2.14386 0.83160 1.17493 1.15967 0.98419 0.34332 0.45776 1.60217 0.67902 0.70953 0.12207 0.00763 0.00000 0.00000 0.25177 12.74872 10.68115 23.42224 6.47736 4.25720 5.73730 3.08990 3.90625 0.83160 3.73077 2.41089 5.61523
0.69427 1.16730 0.70190 1.66321 2.93732 0.94604 0.47302 0.92316 0.55695 0.00763 0.20599 0.61798 0.22888 0.10681 0.00000 0.01526 0.00763 0.00000 0.00000 0.12970 0.79346 3.86047 18.02826 11.03210 0.38910 0.68665 0.45776 1.26648 2.12860 5.75256 13.60321
0.61035 1.09863 2.63214 3.73077 0.51880 0.42725 1.17493 0.81635 0.11444 0.04578 0.95367 1.26648 0.76294 0.09918 0.00763 0.02289 2.96783 0.32043 0.22125 0.33569 0.54932 1.26648 9.39178 21.40808 19.64569 1.16730 9.46045 1.94550 1.98364 2.34985 7.90405
