DATA/RAW-RASTER/ECMWF/20170628/EN-39/20170702.en-39.asc
ncols			31
nrows			16
xllcorner		69.5
yllcorner		19.5
cellsize		1.0
NODATA_value	-99999
1.95694 3.49045 1.70517 2.30789 1.68991 1.75858 2.54822 0.06104 0.10300 0.11826 2.54822 0.13351 1.10626 0.20981 0.19836 0.37766 0.81253 0.47302 0.14877 0.30899 0.54932 0.46539 0.42343 0.40436 0.13351 1.06430 1.31607 0.92316 1.18637 1.28937 3.80707
0.00381 0.00381 0.45013 4.87137 5.56564 4.77219 0.10300 0.46158 0.04196 0.11063 1.02997 2.40326 1.40381 3.91006 1.89972 3.71170 1.28937 1.38092 1.40381 2.52914 2.96783 8.17871 5.80597 2.23160 1.69373 4.45938 1.14441 1.19019 1.52206 0.57602 1.82724
0.24796 0.12207 0.04959 6.45828 10.62012 7.13348 12.19940 0.41580 1.49155 1.21689 2.25830 2.78854 3.92532 4.99725 4.77219 4.31824 1.93024 2.28500 2.08664 1.36185 7.10297 8.68988 16.33072 22.59827 15.91873 16.51001 6.85120 3.97491 1.39236 0.15640 1.12152
0.05722 0.43106 0.33188 4.45175 4.00162 19.54651 16.98303 9.47952 0.27466 0.41199 1.08337 6.25610 3.70407 10.33020 5.75638 2.25449 9.01031 8.46100 6.30569 6.33240 6.27136 16.36887 18.23425 16.04080 10.99014 10.39124 9.53293 7.35855 6.50787 4.33350 6.62231
0.12970 1.60599 1.22833 1.58310 12.50458 14.34326 2.78854 8.91495 30.28107 6.36292 0.86975 1.00708 1.51825 3.21198 3.94440 1.86920 4.96292 5.06210 7.92313 13.77106 4.70734 12.78305 11.73401 3.20435 3.48663 3.97873 4.50897 13.63373 5.95856 5.93185 12.49695
0.40817 0.25558 1.01852 9.25064 17.01736 14.95743 8.94165 11.56616 3.25394 11.45172 16.65497 11.08932 2.78091 0.95749 0.39291 1.54877 9.55200 13.39722 10.74982 12.71439 7.04575 11.06262 11.49750 10.23102 5.25284 6.12259 1.40381 4.24576 13.39340 7.70569 10.60867
0.00000 0.76675 0.52643 8.17490 6.56509 7.57980 5.58853 1.47247 1.11389 2.39563 2.46811 8.88824 13.77106 5.75638 0.32425 2.89154 0.77820 1.71280 5.79453 11.21521 2.70844 11.21521 7.53021 1.63269 7.90787 14.10675 20.50400 9.33838 6.15311 6.25610 5.01251
0.33951 0.26703 13.80539 9.71603 1.33514 0.50354 1.73950 1.33133 0.70572 2.11716 1.70898 0.76675 0.76294 3.55911 16.22009 16.00266 17.99774 1.95694 1.87683 7.41959 15.76996 15.65552 4.50134 19.24896 12.44354 49.59488 118.08014 47.51587 46.33331 18.60809 2.54059
0.25940 3.62778 35.07614 15.76614 3.25775 0.69809 4.62723 2.67410 2.85339 3.27682 3.49426 0.67902 0.41580 1.42670 0.77820 6.48499 1.95694 3.45230 53.29895 52.76489 57.09457 98.12164 66.79153 55.00031 5.42068 14.24789 28.85437 81.00128 40.01617 17.69638 4.66919
0.35477 14.24789 24.17374 35.62164 3.89481 0.46921 2.46811 8.19397 8.86154 7.91931 3.96347 2.37274 0.78583 0.92697 1.73187 3.68118 9.01794 11.45554 8.43048 11.96289 17.56287 9.39560 27.00806 9.97162 15.58304 14.41193 78.20129 36.26251 207.61108 20.66803 6.83594
0.42725 21.22116 116.95480 65.10544 86.47919 4.06647 0.99182 2.10571 11.16180 9.54819 8.65173 7.50732 3.81470 2.48718 1.94550 1.51443 3.36456 5.79071 7.96509 8.51059 10.22339 21.73233 50.63248 13.36288 7.10297 10.45227 13.09586 29.40750 68.86292 47.82867 11.85989
0.27847 27.81296 57.89185 52.95181 21.92688 9.83810 2.73514 8.83865 27.64511 28.19824 19.84787 8.25882 8.53348 7.81250 1.62506 2.34985 2.44904 4.29535 2.92969 2.89917 9.49478 7.63702 5.03540 7.78198 3.84521 10.22720 15.39612 22.18246 32.90939 25.36392 7.73621
0.18692 2.93350 17.20810 72.13974 23.17047 26.24512 25.39444 17.78412 40.39001 83.19473 45.84122 8.90350 7.30515 4.01688 10.73456 4.37546 1.81961 0.90027 3.08609 3.63922 14.16779 10.45609 3.57056 13.40485 5.98907 3.13187 6.77490 16.78467 17.07840 14.38904 9.53674
0.96512 1.03760 8.19016 7.23267 10.33020 6.44302 19.03152 25.54703 44.05594 85.02960 101.83716 9.61685 6.94656 9.86481 1.90735 2.49100 1.33896 2.41852 5.57327 4.55475 4.02069 12.32529 4.62723 14.97269 8.03375 4.11606 8.67081 13.60703 23.04459 27.64511 18.13507
2.73895 0.62561 2.01797 3.79181 2.34985 3.83759 7.11060 17.79556 33.73718 82.58438 155.94864 20.34378 7.54166 13.71765 0.86594 1.83105 0.55313 1.09100 6.37436 10.81085 3.49426 5.68390 22.87292 10.93674 3.46756 8.65555 5.45502 7.43103 6.35910 33.74481 17.45224
3.82996 4.98199 5.39780 17.51328 1.03378 4.78363 4.63104 25.38681 102.64969 43.88809 45.48264 17.18521 3.25394 4.07791 2.00653 3.60107 2.61307 4.19998 6.56509 3.78418 2.91061 5.15747 11.77216 25.65765 22.34650 10.78415 21.83151 11.92093 8.09479 7.72095 12.04300
