DATA/RAW-RASTER/ECMWF/20170628/EN-39/20170630.en-39.asc
ncols			31
nrows			16
xllcorner		69.5
yllcorner		19.5
cellsize		1.0
NODATA_value	-99999
1.30844 0.44441 0.24414 1.97983 7.92885 3.43132 9.16862 13.88550 11.85226 4.20380 5.92995 12.68959 8.19397 6.42395 9.43756 6.46973 7.49397 5.95093 9.43947 5.75256 3.38364 8.11577 5.03540 8.46481 10.99396 1.73569 1.88065 0.06294 1.02043 1.89209 0.60272
0.70000 0.13733 0.13161 2.36130 2.90108 46.99707 37.63962 14.13727 8.62694 4.76265 3.68118 2.84004 3.87383 3.12424 1.35231 2.09808 2.08092 0.45013 1.48392 0.60081 1.02425 2.99072 1.58310 2.64740 11.03973 5.01633 5.76591 4.69208 1.71471 1.75667 1.81007
0.00763 0.04768 0.02861 1.64032 18.76450 53.19214 21.10672 12.56943 2.60735 2.50053 0.90408 1.82915 0.64278 0.03624 0.00954 0.56458 0.90027 0.70763 0.94223 0.40627 0.52261 3.11852 0.97656 1.04141 2.08092 5.02014 15.36560 4.87518 6.54984 12.59232 5.44548
0.12970 0.00191 0.03433 3.48663 16.70074 36.26823 22.40372 11.42502 5.26047 0.56839 0.76103 0.64468 0.00000 0.42725 0.03433 0.00000 0.00381 0.00000 0.10300 0.08583 0.32425 0.28038 1.26266 4.93240 3.38173 0.59509 1.73378 2.72942 12.54463 5.37491 5.18417
0.20981 0.01144 0.77820 3.61824 37.03117 39.22272 51.04446 4.09126 2.14386 1.25885 0.00000 0.00572 0.00000 0.00191 0.07057 0.08011 0.00000 0.00191 0.09918 0.08583 0.29755 0.72479 2.66266 1.07193 1.05476 3.21007 1.90544 3.41415 2.09045 10.45036 3.94440
1.17683 0.14877 0.13733 8.91113 16.55388 30.30586 30.74646 9.15337 4.15421 20.71190 3.29590 0.04578 0.06485 0.00000 0.00000 0.00191 0.37766 0.14305 0.06866 0.96512 1.58882 2.45094 5.60379 5.02014 3.87764 5.97572 5.54466 8.13484 8.75854 4.94003 4.07600
0.08011 1.68991 1.63841 16.43372 15.62500 3.30162 7.30515 19.03534 16.66069 7.06291 2.58827 4.74358 6.39534 0.08583 0.15831 0.49019 0.46158 0.50926 0.48637 1.22261 1.23024 2.13432 12.73918 13.34572 8.67653 54.40903 11.72829 7.29370 14.98985 7.81250 12.48741
0.99373 10.08987 23.20480 25.52223 14.35471 6.51360 7.11823 4.47655 16.36124 8.24165 9.59015 6.45256 2.54631 2.20108 5.80597 3.12996 11.66534 0.11253 0.32425 1.96075 4.45175 15.55252 10.92148 19.16695 83.64868 42.83524 57.11365 20.34569 29.76608 11.19804 10.58197
1.45149 29.29497 23.68355 11.63673 6.33240 1.12915 3.90244 5.64384 4.07982 5.92041 3.47900 2.71034 3.76511 3.47519 1.85013 1.52397 19.76967 14.21928 8.43620 18.24951 25.18654 8.16917 10.97107 13.85689 11.33919 12.66098 38.09929 89.03885 78.07922 38.95187 14.89639
1.61171 91.30096 19.15932 31.10695 5.67436 3.09563 2.60735 0.86212 1.06239 5.24330 3.58963 5.20134 3.18146 2.59972 3.52669 2.62070 2.36320 1.09100 8.49915 3.30162 10.53238 10.01167 26.69144 15.55824 20.96939 21.54160 133.56590 34.54399 40.16876 19.49120 17.39502
15.95497 18.62526 24.38736 16.26396 0.73242 0.72289 0.64659 6.24657 6.02722 10.83183 3.78609 10.07080 7.65991 4.73976 4.69589 7.96509 1.77002 1.64986 2.24304 5.22995 3.69835 9.20868 12.16507 3.67546 9.85146 26.76773 3.32260 25.83885 19.13834 7.62177 7.51114
8.86345 14.04381 14.82391 21.10100 5.24521 2.14386 1.96075 4.35257 3.33405 11.49368 6.38771 13.09395 10.48470 14.85825 6.95992 6.82640 5.36346 1.33514 1.44768 2.55775 2.05040 3.51143 1.75858 5.02777 13.57460 0.27466 0.64468 11.07216 10.12802 5.51987 3.23486
4.24385 14.93454 26.31187 19.98520 8.01277 3.09563 1.33324 2.42424 5.31960 13.58986 12.18796 20.77866 22.27592 12.39777 9.06181 2.27547 2.63214 5.11932 4.29916 2.42043 2.09808 3.51906 2.14577 8.23975 4.35066 0.63133 0.34523 15.30457 8.59261 15.54489 4.38690
1.27792 1.79672 1.18256 2.71225 3.54767 1.43051 2.89536 8.66699 2.76947 3.77083 14.73236 27.75955 31.60477 28.19443 12.12502 30.30968 4.74167 4.35638 3.54958 2.85149 2.50435 7.54356 2.04849 1.74713 2.99644 0.62370 1.06049 5.64194 20.73479 4.78172 6.10542
5.02968 3.39508 1.29890 7.40242 3.91006 1.87111 2.44713 1.54686 9.28497 15.03944 14.30321 18.18657 44.52705 53.15018 23.00835 20.02907 14.14299 3.38936 1.25694 1.88065 4.53758 10.65445 17.40837 5.52559 4.63486 1.06239 2.39372 1.73759 0.93269 3.24440 8.58879
3.23868 3.07465 3.36647 12.77161 2.89726 1.10817 2.19917 11.47461 16.68358 20.41435 26.01242 27.96364 29.81758 55.14717 22.63069 32.07588 13.78441 4.06456 2.35748 1.94359 2.93159 6.23512 14.92500 22.54868 10.88715 2.54822 15.12337 9.36127 4.45938 2.24495 3.70979
