DATA/RAW-RASTER/ECMWF/20170628/EN-2/20170629.en-2.asc
ncols			31
nrows			16
xllcorner		69.5
yllcorner		19.5
cellsize		1.0
NODATA_value	-99999
1.03569 0.90218 0.50926 0.26512 1.91689 3.32260 8.23784 14.22119 8.41904 1.76048 3.21960 6.76346 11.75308 9.82094 7.99179 10.12039 10.51521 7.05910 4.76265 6.25229 5.44167 5.39589 13.60321 5.62668 0.86784 0.07820 0.26512 0.34714 0.00954 0.00000 0.61035
0.17166 0.02480 0.20218 2.69508 7.77626 16.11900 40.87448 23.70071 16.10565 6.53648 5.07927 5.37300 5.85556 4.46320 9.65881 12.26425 9.77707 8.35800 5.99480 4.95338 6.35529 9.21249 8.13103 13.54599 2.80952 1.34087 0.39482 0.70572 1.00136 0.04959 0.09727
0.62561 0.76294 0.53024 3.32069 7.98225 54.25262 60.75287 26.36719 5.86510 2.02751 0.62561 2.00462 3.87955 5.21851 2.79617 3.49045 6.18553 7.61032 11.62720 9.45473 3.22533 6.75774 2.34413 3.42560 10.78033 3.31116 0.83160 2.37465 1.33514 0.31853 0.29373
1.59645 4.33540 3.74985 12.16507 35.63499 52.57797 20.43915 17.83562 11.52039 0.83160 2.42805 0.94032 0.40627 2.92206 1.26266 2.62451 1.48964 9.61876 4.16946 4.86755 9.59206 7.38907 8.80051 12.44354 10.24437 2.17819 4.39262 3.82614 5.42259 2.44141 1.01852
1.38664 1.66893 3.04604 32.46689 46.17882 55.95398 42.34886 2.15530 4.90379 2.53487 0.31662 0.73624 0.98610 0.41008 1.75858 1.03951 1.23596 1.20926 3.61633 5.51796 10.16808 6.08253 4.86374 5.72205 4.05312 2.54631 2.38800 6.75774 8.62503 4.21715 8.82149
0.24986 16.34789 29.61159 31.31485 24.84131 26.10397 44.37828 22.25494 1.16920 11.61766 12.03537 2.88773 3.34930 0.72098 2.67220 0.33379 2.19727 3.53050 6.24657 6.46973 8.13675 10.21576 9.17816 11.75117 12.26425 18.90182 7.45773 2.24686 11.14845 5.69916 5.87845
3.66783 15.83672 31.05927 11.66725 13.55743 12.89177 24.89662 27.49252 6.35529 1.35231 5.16319 11.94572 9.74464 5.73730 0.05913 1.99699 1.65558 2.73895 2.05040 7.07054 3.41797 9.61876 13.41629 7.28226 13.69667 72.08252 38.48076 11.10649 1.76239 6.49643 3.34358
3.05557 8.56972 49.21532 9.86862 3.22151 5.89180 15.03754 15.10620 13.10730 3.74031 5.11169 3.32832 1.20163 9.29642 15.90157 20.11871 6.77490 0.79155 0.25558 1.46484 5.04684 20.16068 3.61252 31.11076 57.72400 39.21127 17.56096 18.99147 50.18997 14.35089 5.54276
12.72583 31.83174 4.30298 5.86510 2.33269 16.15524 21.12198 21.18301 18.41927 8.86726 13.10539 3.39317 2.05612 1.35612 1.71280 5.93948 3.17764 3.17383 26.21460 32.44209 62.62016 51.62430 25.22469 23.85139 21.41190 5.50461 24.35112 79.41246 49.00932 15.98358 4.09126
22.32552 17.04025 42.24396 15.90919 16.39366 2.29454 6.87981 19.18983 20.79010 16.14571 7.25555 10.76126 3.77846 0.95367 1.09291 0.67902 2.01988 2.79617 10.67734 9.67979 10.23674 3.16620 18.78357 15.96832 7.13348 20.96748 29.00124 15.69366 25.07591 6.80733 3.24821
46.24176 13.67188 11.83510 2.78854 9.59206 3.98827 2.03323 16.58821 17.84706 17.37595 21.85631 9.52721 1.15013 0.66757 0.64659 0.32616 1.07956 1.19781 1.91307 6.78444 6.08253 11.65962 21.17348 3.73077 13.85117 14.80484 25.96855 20.20073 29.06799 3.33977 4.81415
117.38586 17.01164 6.26945 5.73158 6.29997 3.82805 1.38855 20.21408 68.59398 19.02390 47.01805 20.58411 4.10652 0.37766 0.11063 0.41199 2.35748 4.11415 7.11441 7.05528 12.11739 10.24628 5.59044 13.92174 45.95184 27.31514 9.87053 13.66043 17.59338 19.41490 8.12912
53.50113 29.92439 4.80843 2.85912 7.08961 6.41441 1.74904 7.35664 19.40536 22.56584 66.54739 66.82205 24.66202 3.21198 5.20897 0.98801 3.73268 4.97246 4.52805 12.95853 18.79311 7.28226 8.79288 14.80484 17.27676 2.00844 1.91689 8.21877 8.26073 9.58061 12.08496
29.04129 15.58495 13.66425 11.15990 6.53076 0.94223 13.30757 29.72603 9.06181 11.85036 26.27754 158.63800 8.81577 3.53241 2.28119 1.58119 0.37193 11.66916 4.92668 8.23975 11.85799 15.95306 15.92255 10.64491 4.38881 0.83160 0.61226 4.22096 16.65878 16.92772 9.46999
4.78554 8.47435 19.72008 17.27486 6.38962 1.86157 0.18120 3.97301 4.84848 5.43022 10.88524 27.35329 40.54832 7.25555 0.77248 3.29018 5.11742 1.78146 5.11551 8.52776 12.95090 15.87868 25.85411 21.88301 8.35419 1.06621 0.87929 2.09808 8.12531 14.05907 8.19588
4.41551 7.61986 14.89067 18.72063 10.79941 4.98390 0.61989 1.14250 0.97656 16.75034 69.89670 25.65765 10.60677 3.47710 1.83105 1.61934 0.33569 5.10216 10.77080 10.57053 13.64899 17.25769 27.05383 27.95792 26.50261 3.17955 9.42230 1.75095 1.11771 3.27301 12.84218
