DATA/RAW-RASTER/ECMWF/20170628/EN-2/20170711.en-2.asc
ncols			31
nrows			16
xllcorner		69.5
yllcorner		19.5
cellsize		1.0
NODATA_value	-99999
0.87738 1.35040 1.20544 1.00708 3.18909 1.38092 3.84521 1.37329 0.16022 0.04578 1.66321 1.12152 3.21960 7.85828 4.17328 6.99615 12.62665 13.74054 7.43103 6.67572 7.87354 6.66046 9.04846 6.37817 8.77380 4.85992 2.30408 1.79291 3.53241 5.82123 8.06427
1.11389 3.33405 4.69971 4.02832 3.08228 0.45013 0.47302 0.80872 1.22833 0.16022 0.73242 3.50952 3.18146 6.99615 7.62939 6.54602 2.54822 1.67084 1.79291 5.33295 7.06482 3.55530 4.30298 5.41687 2.32697 3.02124 2.89917 6.57654 8.12531 8.36182 6.04248
3.59344 8.81958 6.84357 3.44849 1.72424 1.28937 1.99127 0.07629 0.08392 0.06866 0.58746 1.66321 2.34985 0.87738 0.26703 0.06866 0.06866 0.94604 0.67139 8.60596 1.83105 9.11713 1.89209 5.69153 3.76892 2.19727 7.81250 3.88336 7.36237 8.03375 4.36401
1.87683 4.90570 6.57654 2.15149 7.67517 2.55585 1.35040 7.97272 0.04578 0.01526 0.35095 0.06104 0.09155 0.99945 0.29755 0.29755 0.00000 0.18311 0.23651 2.49481 6.41632 8.23975 15.86914 4.34113 4.79889 1.25122 0.86975 0.83160 3.27301 4.31061 2.98309
3.93677 0.28992 0.02289 0.48065 1.11389 5.59235 1.01471 0.76294 2.55585 0.74768 0.01526 0.39673 0.62561 0.07629 0.00000 0.00000 0.00763 0.08392 1.88446 5.87463 7.08008 2.28119 3.59344 4.72260 1.31989 0.25177 0.56458 0.38910 0.64087 5.27191 8.81958
1.06049 0.03052 0.00000 0.00000 0.00000 0.09155 0.35095 0.96893 2.33459 4.43268 10.54382 2.20490 4.36401 0.02289 0.12207 1.14441 0.19073 3.00598 5.27191 3.33405 2.12860 1.38855 3.43323 5.73730 3.47900 8.84247 4.87518 0.23651 0.44250 0.45013 0.45776
0.00763 0.01526 0.00000 0.00000 0.00000 0.03815 0.18311 2.57874 0.36621 5.83649 7.51495 9.96399 7.53784 0.98419 0.61035 2.98309 2.79999 3.34930 6.43158 2.57111 4.28772 5.57709 1.88446 0.63324 5.18036 15.06805 3.77655 4.29535 0.53406 0.54169 2.97546
0.00000 0.00763 0.04578 0.00000 0.00000 0.00000 0.00000 0.00000 0.10681 1.66321 5.20325 5.85938 3.33405 5.43976 64.38446 5.85175 7.94983 39.31427 10.20050 6.79016 7.13348 9.97162 1.26648 11.33728 40.47394 7.13348 1.72424 7.06482 3.56293 1.51062 2.22778
0.00000 0.00000 0.16022 0.90790 0.16785 0.00000 0.00000 0.06104 0.11444 0.25940 1.57166 3.31879 4.32587 1.80817 5.73730 15.44189 63.19427 227.56195 26.86310 112.35046 30.08270 43.77747 94.21539 19.64569 6.95801 4.57001 28.12195 3.28064 2.68555 1.28174 18.26477
0.04578 0.07629 1.19019 1.08337 0.57220 0.37384 0.01526 0.32806 0.22888 0.39673 2.15149 1.22070 1.12152 3.64685 10.00214 9.65118 12.43591 11.27625 13.00812 13.98468 19.18793 14.25171 17.28058 7.21741 5.95093 14.52637 3.10516 7.88116 5.43976 4.57001 6.67572
0.65613 0.54932 0.77820 1.22833 0.94604 1.52588 0.20599 0.69427 0.78583 0.25940 0.57220 0.52643 7.45392 5.34821 11.58905 17.12799 6.93512 22.62115 13.42773 25.68054 14.74762 22.19391 27.54974 28.70941 4.76074 15.09094 9.44519 7.53021 5.45502 5.43976 13.35907
0.29755 0.25177 1.50299 3.18146 1.32751 1.20544 0.83160 1.25885 0.82397 0.58746 1.64795 14.06860 21.40045 24.79553 17.42554 28.83148 19.01245 23.20862 10.56671 14.34326 8.59070 7.40051 9.47571 25.80261 12.70294 9.46808 6.29425 17.73834 2.88391 8.05664 16.22009
0.83160 0.19836 0.35095 1.20544 2.02179 1.94550 0.44250 0.74768 0.56458 1.86920 3.39508 19.69910 59.47876 21.69037 14.45770 27.87018 26.86310 3.96729 9.62067 10.56671 4.13513 4.15039 2.65503 3.87573 19.08112 9.81140 7.27844 13.58032 2.47955 9.51385 14.67896
0.73242 0.48828 0.16022 0.32043 1.57166 1.02997 0.96893 1.67084 0.83923 0.40436 6.99615 31.31866 51.50604 18.27240 12.45880 13.93127 5.73730 7.94983 15.62500 5.18799 6.98090 17.31873 4.07410 5.17273 5.57709 1.42670 1.20544 5.41687 32.48596 11.68823 6.53839
0.42725 1.38092 1.33514 1.59454 3.48663 0.78583 0.57220 0.71716 1.78528 0.92316 11.96289 50.23193 184.29565 21.90399 7.85828 11.41357 19.39392 2.64740 3.62396 2.70081 5.00488 7.15637 8.62122 6.00433 0.49591 0.59509 1.12915 2.80762 11.10077 10.97870 14.86969
0.39673 0.54932 1.35040 4.38690 0.94604 2.08282 0.82397 1.58691 0.56458 2.60162 20.60699 34.88922 42.38892 8.49152 6.96564 28.90015 4.05884 3.13568 4.18854 7.75909 7.01904 4.64630 4.98962 9.55200 6.92749 1.49536 5.60760 1.56403 3.75366 9.86481 8.63647
