DATA/RAW-RASTER/ECMWF/20170628/EN-2/20170628.en-2.asc
ncols			31
nrows			16
xllcorner		69.5
yllcorner		19.5
cellsize		1.0
NODATA_value	-99999
2.87247 9.43947 16.01028 11.02257 7.10487 5.22614 11.89995 9.97353 4.67682 0.15259 2.76947 12.35962 10.03265 6.72531 5.43785 5.63431 1.81580 6.36482 2.69890 1.49918 0.86975 0.91743 0.45395 0.88120 0.84877 0.93269 1.26266 3.06702 2.93350 1.93214 9.99260
6.02913 5.51796 15.61737 7.76863 6.39725 11.23428 10.91385 3.96729 10.44273 2.78854 2.88582 4.20570 7.59125 7.90405 7.49588 4.10843 7.06291 4.26483 4.91905 0.22507 0.79536 0.84305 0.94986 1.13487 1.40953 0.61417 0.58174 0.77629 1.63078 2.46620 0.59128
14.96696 19.65904 29.37508 26.51024 12.93945 23.55576 30.00832 11.25717 4.16565 1.94359 0.90408 0.64850 2.65694 1.93977 2.85912 8.54111 6.64902 10.51521 5.96046 1.75667 1.60408 7.81822 3.96729 10.40649 5.68581 0.74387 1.68228 0.99182 1.02234 0.76866 4.80843
14.70757 30.90668 18.82744 10.59532 8.80051 18.51273 18.27621 19.84406 8.52966 0.85068 2.10762 0.67139 3.35121 1.97220 4.67110 1.66512 11.31630 8.91113 3.05939 4.00543 2.92397 4.12750 11.39832 2.57874 0.57030 0.00000 1.00517 0.35095 0.50545 3.24059 7.18880
16.06941 14.67323 12.84409 7.44438 5.02396 25.08545 20.54405 3.87764 11.16180 5.58090 0.44250 0.79727 2.17628 1.01662 0.67329 8.79097 1.70517 3.54958 7.19833 3.97682 10.12611 8.30841 4.40788 0.38528 0.00000 0.81444 1.37520 2.71225 4.87900 3.37410 2.92778
15.20348 77.46315 21.13724 5.51796 10.16235 19.10973 35.75516 12.60757 6.31905 22.06230 11.65581 2.97928 1.07956 0.54741 0.73051 3.30162 3.90625 3.56674 11.95526 7.39861 3.26920 18.14079 7.97462 5.55611 2.32506 8.81958 0.27084 0.93842 8.48579 17.54379 11.10840
12.24136 17.11082 17.67921 2.61497 6.53648 4.62341 14.17732 14.27460 12.14218 5.22804 6.57272 17.38930 17.71164 10.36072 14.83727 1.81389 1.72615 2.29836 4.31442 20.38193 8.01468 2.81525 9.54056 6.59561 4.77409 7.18498 1.83678 1.13487 0.68474 3.34740 2.93732
30.60150 58.76350 4.38499 12.28333 9.98497 8.57162 2.22588 10.07462 29.20151 3.77464 4.11987 2.99263 0.68474 12.06779 26.43585 20.83969 5.58281 0.64468 1.10626 3.99590 0.98419 6.43730 1.83487 26.90506 11.89804 44.70825 17.82036 6.94084 73.94791 19.97185 3.88336
68.62640 18.59474 12.56561 12.09831 5.92995 3.10326 11.60431 22.39227 38.62190 28.41568 5.07355 0.33188 5.49889 0.30518 0.41008 1.11198 0.87166 5.08499 30.93910 5.24139 15.39230 9.94110 8.82721 14.14871 10.11276 13.40294 12.38632 34.95407 23.99826 5.22232 3.32832
38.15460 12.57515 17.67921 1.97792 17.91000 21.90590 17.21191 13.92174 38.49983 33.23174 9.34792 4.17519 0.26321 0.00000 0.05341 0.37956 0.39673 0.64468 0.56267 9.25636 19.96613 21.53206 106.43196 8.10242 9.51004 27.50206 23.45276 13.36670 10.47325 1.74522 4.94194
6.08444 3.52859 35.84671 5.95284 45.12024 0.14496 0.56458 2.90108 20.42007 6.57272 14.77814 13.56316 5.24330 2.25830 0.07629 0.33379 1.54686 0.99754 1.83678 2.58064 2.35367 28.44429 42.57774 29.47426 6.28471 12.79068 11.90376 22.64786 13.56125 16.69502 7.13730
40.61699 1.82152 1.04713 56.63872 16.66069 0.95749 1.00136 1.47247 4.91524 28.76854 8.86726 20.99800 8.23402 2.20108 0.92506 1.45721 5.22041 7.23839 4.80652 2.44141 0.66376 7.74765 16.49094 14.02664 11.13510 17.18712 12.38441 26.01433 18.96286 9.67598 12.40730
7.78008 13.39722 2.08664 4.21906 4.07028 0.92506 0.29564 0.91362 2.18201 4.77791 34.65080 17.41791 28.25737 11.87515 6.18553 7.35283 18.04543 16.25061 3.94440 5.06401 3.89671 4.92477 1.37329 16.09421 16.24489 14.99176 22.14241 17.44843 24.87946 32.25327 31.04973
10.99205 7.16400 4.76837 6.54030 1.16730 3.64113 6.96754 19.64951 3.79753 5.34630 10.46562 40.24887 20.25414 4.27055 3.91388 13.33809 10.53619 10.98061 12.18796 6.84166 2.97737 4.10843 12.54272 15.82146 10.22530 2.85721 3.40462 13.82828 18.22281 17.83752 16.18004
66.70189 81.56013 30.07507 14.69421 4.42123 2.78473 28.28407 34.82246 1.94931 1.81198 6.59180 46.34094 54.74091 19.00101 9.11713 5.52177 45.10689 14.82582 9.24301 8.91685 4.10271 4.52423 7.24220 6.41823 3.65639 1.07193 1.79291 3.54195 7.18689 16.51001 10.90050
40.64369 78.65906 28.30696 14.24217 2.75230 1.19781 1.25122 5.38635 37.66060 34.78050 6.75011 136.43265 36.09085 103.12080 30.01595 101.53198 16.53862 6.88362 22.77565 5.47409 5.72586 5.28908 12.39204 13.39531 10.80132 0.86784 3.44086 2.61116 5.75447 13.48114 13.24654
