DATA/RAW-RASTER/ECMWF/20170628/EN-2/20170630.en-2.asc
ncols			31
nrows			16
xllcorner		69.5
yllcorner		19.5
cellsize		1.0
NODATA_value	-99999
0.34904 9.45282 10.05363 0.78964 0.88882 0.89645 1.31989 2.16103 4.04739 3.64494 1.97601 4.58145 8.16345 6.07109 11.32011 11.63483 6.23131 2.12097 4.40216 5.02014 1.01280 0.91171 2.84576 9.05609 5.02777 2.83051 0.76103 0.32043 0.48637 0.24605 1.08528
1.40953 1.74713 0.01526 6.51169 22.13860 1.62315 20.20264 18.60809 12.11357 4.51469 10.68497 11.10458 7.96127 5.10788 4.39072 1.81198 0.51689 0.82397 1.27029 2.55394 6.17027 1.40381 0.76103 2.36320 6.82831 8.67653 11.97815 7.84492 1.23978 0.38338 0.64278
1.93977 0.34523 0.53596 1.10245 30.12657 78.27759 56.33354 19.45114 7.24220 5.55038 2.89917 5.28526 1.91307 3.03841 1.82533 1.83487 0.75722 0.80681 1.72615 1.89209 2.13623 2.60162 6.92177 7.53403 2.36702 4.97437 7.37762 8.05473 5.59998 8.11005 4.46892
0.48065 0.13924 0.18501 5.04875 15.09666 175.26627 43.06412 12.70866 16.89148 2.36130 3.73840 2.29836 0.70190 1.81198 0.41771 0.24605 0.43869 0.08202 0.58746 1.48773 4.38309 8.91495 9.65500 13.86261 7.49588 4.46701 8.68225 10.47897 18.92853 12.64381 5.38063
0.05341 0.58746 1.13869 5.11360 23.31734 40.59982 59.04770 22.87865 16.26778 9.56154 0.21362 0.01907 0.08011 0.01907 0.00000 0.24796 0.04959 0.08202 0.86212 1.27029 5.69153 9.09996 7.34138 24.07455 10.04982 9.39178 2.72560 3.04222 18.40591 14.67133 11.92856
0.00381 0.17929 1.30653 11.60622 28.33939 44.15703 29.08897 11.43265 17.76123 26.25656 6.10924 1.49536 1.52206 0.02480 0.07248 0.01907 0.00000 0.06676 0.77629 3.32832 5.00488 5.01442 9.30214 8.37326 16.99638 27.45056 15.96451 8.30078 6.08826 13.36288 13.53455
0.01717 0.10681 3.12233 21.33560 17.48085 16.15334 21.39664 25.21515 16.96014 15.35416 8.93974 8.46863 10.18715 6.66428 0.02670 0.25940 0.00191 1.21117 0.95940 1.13869 4.21906 5.71632 9.59778 13.31711 30.45654 139.84108 65.68146 18.37158 2.31361 8.63838 8.39424
1.03378 12.80594 13.32092 29.52576 7.88116 14.90211 8.45528 5.54657 20.77103 21.18683 19.42444 10.47134 0.57411 2.31743 29.72221 2.02179 1.65367 0.34142 0.08774 2.61879 9.60922 17.89665 12.59232 40.42244 51.82648 108.16956 78.13263 21.70563 66.56265 22.62688 17.05170
4.36020 15.79285 17.95959 50.77744 3.09372 1.44768 2.67792 1.73569 8.27026 16.48140 21.45576 12.06779 10.16808 2.93541 0.71144 1.76430 0.43297 4.52042 11.08360 110.83794 113.80959 55.58777 69.42940 27.62794 11.74927 3.80135 28.80287 97.03636 60.36949 26.96228 8.43430
20.12062 35.20012 5.49889 4.42886 1.39809 0.44250 0.31090 1.17874 13.11302 23.39172 70.04356 80.83153 16.21437 14.11819 3.25203 1.83296 2.35176 3.15094 8.58879 2.34222 9.85146 4.34685 25.97237 3.30734 4.04739 8.62122 26.05247 15.48767 49.26300 23.04840 9.34601
75.84000 59.50546 7.50160 2.09236 1.56593 1.78719 0.56839 1.26648 4.33159 6.71768 52.56844 68.25638 12.16125 25.07401 1.15776 0.40817 2.01988 5.52940 13.07678 15.17868 3.33595 7.17163 22.06039 6.30760 4.75502 8.96835 9.12857 16.70265 25.99335 10.82611 2.57492
118.22701 210.28137 115.75699 18.56232 10.07843 2.43568 0.75340 1.01852 5.38635 6.68144 29.61349 18.60619 12.15363 3.41797 0.46730 1.24359 1.15395 5.61142 7.74002 9.88579 3.21388 3.12805 3.02315 2.05421 23.79227 9.80759 1.13297 19.92607 4.69971 7.43103 2.66075
135.69450 86.84731 24.78600 9.47762 2.85530 1.99890 0.67902 0.80872 0.53024 1.73187 12.36534 58.01392 8.03947 3.88336 5.41687 1.05476 4.46320 5.93758 11.98959 14.85634 3.35312 3.75748 2.86865 1.01089 15.77950 2.56157 2.58255 14.95171 6.31523 7.35664 2.16866
17.09175 5.29671 0.45776 4.72641 2.81143 0.35667 1.27029 1.26839 1.19019 1.63651 2.28882 4.15421 3.07655 7.93266 19.98901 16.34598 11.49178 6.18172 7.06291 15.28358 12.27570 9.71603 2.95258 3.25394 1.64413 6.26755 1.38855 0.79918 18.82553 6.07491 10.33020
9.26590 9.64355 3.19862 12.80785 4.61197 1.77002 0.92316 1.27411 0.46539 4.17519 5.91469 2.85530 3.02696 1.17874 4.56810 7.20215 28.22876 12.18605 16.83044 12.53128 13.65089 10.57243 17.80701 5.75256 2.26784 2.44331 3.26347 0.73814 7.25937 10.29396 11.33728
2.68936 2.59590 5.27573 15.72800 4.46892 1.00136 0.62752 2.18010 6.54030 20.87212 57.26814 27.51160 1.53923 0.86594 4.57954 11.55281 3.70979 9.31931 15.64026 9.65881 10.64301 10.43892 12.77351 27.40288 15.62881 1.96075 8.83484 3.14522 5.46455 7.08008 2.09427
