DATA/RAW-RASTER/ECMWF/20170628/EN-2/20170706.en-2.asc
ncols			31
nrows			16
xllcorner		69.5
yllcorner		19.5
cellsize		1.0
NODATA_value	-99999
2.78473 0.41199 1.32751 0.98419 1.16730 1.07574 0.35858 0.38147 1.35803 2.31171 3.95203 2.73132 3.92151 3.68500 3.37219 6.73676 8.20160 9.78851 8.51440 10.87952 9.56726 15.56396 10.03265 11.35254 6.71387 2.92206 1.28174 2.12860 3.66974 4.38690 8.24738
0.35858 2.83051 3.79181 1.78528 2.17438 0.45776 0.09155 1.57928 0.50354 0.13733 1.15204 2.13623 5.43213 4.66156 7.41577 7.19452 4.62341 7.79724 8.30078 10.68115 6.12640 12.76398 8.23975 3.90625 0.61035 2.78473 3.89099 4.88281 3.35693 2.24304 5.40161
0.44250 3.67737 0.61035 3.65448 2.48718 1.66321 0.91553 0.19836 0.20599 0.13733 1.35040 2.25067 2.60925 1.57928 5.82123 2.55585 3.77655 5.90515 6.30951 6.37817 2.24304 15.85388 6.51550 1.62506 2.42615 5.40924 4.52423 6.14929 7.81250 6.82831 3.47137
4.48608 7.43866 11.59668 14.83917 6.79016 1.32751 0.79346 4.12750 0.09918 0.01526 0.17548 0.44250 0.73242 2.61688 1.22070 5.37872 3.53241 2.67792 1.94550 0.87738 3.27301 3.31116 6.46210 14.07623 8.57544 5.76782 7.28607 4.95148 9.03320 16.88385 22.04132
4.32587 10.29205 9.81903 16.95251 10.48279 10.15472 1.70135 0.72479 7.14111 0.75531 0.19073 7.20215 8.77380 4.93622 2.38037 1.80817 1.25122 2.25830 4.20380 16.35742 14.51111 7.55310 6.98853 8.00323 4.82178 3.86047 1.80817 3.04413 7.53784 10.23865 14.23645
4.45557 7.36237 4.82178 3.68500 2.50244 4.14276 6.91986 6.91986 7.13348 28.24402 6.43921 10.18524 6.14929 1.35803 2.62451 2.82288 4.73022 7.07245 8.30841 7.78961 5.72205 12.80975 7.85828 8.07953 5.98145 9.65118 5.55420 0.43488 0.80872 0.58746 1.96075
0.00763 0.67139 0.73242 0.02289 0.79346 2.68555 2.54822 6.02722 2.19727 9.41467 10.97870 20.90454 12.56561 12.03918 2.44141 3.69263 7.30896 2.87628 4.82178 2.70844 4.28009 4.71497 7.25555 6.32477 13.13019 22.43805 18.47839 11.36017 0.65613 0.62561 0.77057
0.00763 0.00000 0.01526 0.00763 0.06866 0.25940 1.40381 1.94550 6.78253 21.68274 33.02765 36.67450 12.36725 16.14380 27.70233 14.07623 8.36182 0.79346 3.12805 6.82068 5.56946 17.05170 4.16565 18.23425 13.18359 24.52087 13.30566 15.43427 29.53339 1.53351 1.09863
0.01526 0.00000 0.00000 0.02289 0.03052 0.09918 0.54169 3.11279 4.56238 15.79285 14.50348 17.32635 25.59662 9.37653 13.69476 16.75415 16.41846 35.97260 8.27026 88.00507 30.23529 28.49579 28.15247 13.83972 8.37708 16.47186 41.16058 91.60614 31.85272 5.21851 0.66376
0.05341 0.27466 0.61035 0.46539 0.48065 0.19836 0.70953 0.35095 0.04578 3.02124 10.97870 14.00757 16.73889 26.41296 28.02277 10.19287 9.35364 5.52368 27.77863 19.05060 10.09369 6.89697 19.00482 0.99945 0.61035 7.85828 7.63702 11.61957 13.02338 7.15637 1.25122
0.46539 1.52588 1.02997 0.98419 0.54169 0.31281 0.05341 0.01526 0.12970 2.66266 2.27356 3.24249 4.22668 6.42395 10.39886 18.99719 13.13782 23.65112 30.53284 11.28387 15.35797 20.74432 23.12469 3.69263 1.99127 4.21143 0.77057 3.15094 7.14874 1.31226 1.21307
0.69427 0.53406 2.40326 1.53351 1.02234 1.18256 0.61035 0.43488 0.70190 0.81635 2.18964 1.33514 2.99072 1.45721 0.77057 12.35962 5.08118 15.70129 13.60321 10.83374 14.21356 8.11768 8.62885 5.23376 5.03540 0.54169 0.95367 1.25885 5.16510 8.31604 7.48444
0.85449 0.83923 0.43488 1.80817 2.25830 1.02997 0.57983 2.21252 1.00708 0.38147 0.42725 0.08392 0.20599 0.66376 17.43317 41.12244 33.03528 2.97546 21.33179 7.70569 15.10620 9.15527 4.90570 4.92096 3.64685 1.09100 0.10681 1.47247 1.89209 4.58527 5.79834
0.99945 1.41144 0.86212 1.93024 1.75476 1.75476 0.51117 1.35040 0.68665 0.10681 0.35095 1.07574 0.31281 2.50244 2.96783 12.46643 2.62451 2.80762 9.97925 10.37598 3.90625 20.41626 5.92804 8.62885 0.94604 1.10626 0.12970 0.74005 4.44794 10.09369 11.45935
1.06049 1.87683 0.40436 2.38037 1.79291 2.61688 1.28174 0.65613 0.35095 0.67139 2.94495 1.46484 1.91498 1.28174 1.37329 5.19562 3.02887 7.17163 6.37054 10.17761 11.17706 12.99286 16.06750 3.73077 2.25830 1.83868 2.01416 0.32806 0.77820 8.67462 5.15747
0.42725 0.93079 2.29645 6.77490 1.35040 2.19727 2.02942 0.57220 0.88501 0.11444 0.90790 0.57220 2.38800 0.57220 1.99127 1.30463 3.69263 3.80707 6.08063 6.18744 5.57709 7.43103 8.62885 8.46863 13.37433 3.69263 6.33240 0.45013 0.33569 2.00653 15.76233
