DATA/RAW-RASTER/ECMWF/20170628/EN-2/20170710.en-2.asc
ncols			31
nrows			16
xllcorner		69.5
yllcorner		19.5
cellsize		1.0
NODATA_value	-99999
0.24414 0.95367 4.44031 3.25012 8.27789 5.71442 7.10297 3.63922 0.51880 1.97601 2.47192 2.33459 5.27954 4.28009 4.50897 9.54437 6.34003 3.12805 4.21906 3.12042 0.48828 1.22833 0.45776 0.28992 1.11389 3.21198 12.89368 18.08167 9.20868 5.74493 1.62506
0.00000 0.31281 10.52856 5.21088 4.47845 2.85339 1.71661 1.31989 1.93024 0.24414 0.61798 4.16565 4.32587 6.27899 7.67517 2.28119 4.05121 2.44904 1.91498 1.82343 1.47247 2.63214 0.65613 1.26648 2.20490 9.79614 12.67242 12.79449 8.75092 6.46973 2.71606
2.81525 12.91656 4.39453 3.72314 2.51007 0.70953 4.95911 0.80872 0.28229 0.07629 1.78528 0.45776 0.75531 0.77057 0.53406 1.77002 2.26593 1.97601 2.16675 1.62506 1.41907 4.35638 6.97327 7.75909 8.89587 14.47296 9.78088 7.50732 5.36346 1.11389 2.93732
4.75311 39.48212 14.63318 9.66644 0.89264 1.67084 0.91553 5.39398 0.25940 0.01526 0.35095 0.00763 0.04578 0.00763 0.06104 0.25177 1.50299 0.96130 0.93079 5.36346 2.09045 7.35474 6.11877 9.16290 13.84735 2.05994 0.89264 3.04413 1.74713 3.11279 7.88879
1.37329 0.07629 0.51117 0.77820 0.90790 0.89264 1.40381 4.64630 1.27411 0.52643 0.00000 0.13733 0.22125 0.38910 0.06104 0.26703 0.66376 0.69427 2.28882 6.51550 9.28497 9.05609 16.03699 10.32257 4.26483 0.74005 0.64087 0.71716 2.91443 2.07520 5.02777
0.04578 0.00000 0.00000 0.00000 0.00000 0.02289 1.12915 1.60980 3.77655 4.05121 9.23157 1.15967 6.97327 0.18311 1.30463 3.23486 0.77820 4.43268 7.27844 10.91766 9.23920 11.45935 11.58905 11.97815 7.54547 7.42340 3.79944 1.34277 1.64032 3.24249 3.37219
0.00000 0.00000 0.00000 0.00000 0.00000 0.00000 0.00763 0.12970 1.90735 2.83051 5.08881 8.50677 6.32477 13.05389 2.47955 2.35748 4.25720 4.48608 2.93732 2.18964 6.32477 5.70679 8.65173 10.21576 13.02338 54.45862 37.03308 11.63483 9.43756 3.05176 4.67682
0.01526 0.00000 0.00000 0.00000 0.00000 0.00000 0.00000 0.00000 0.07629 0.96130 4.76837 8.30078 34.95789 17.95959 34.94263 125.16022 50.56763 16.15906 14.84680 29.08325 21.82770 38.28430 19.85931 25.63477 30.62439 26.93939 121.87958 19.50836 14.85443 0.63324 8.35419
0.01526 0.00000 0.05341 0.15259 0.03052 0.00763 0.00763 0.02289 0.19073 1.06049 0.75531 6.35529 17.89093 19.88983 21.43097 33.63037 101.61591 60.36377 44.60907 86.34186 99.69330 177.34528 184.15833 66.24603 12.84790 9.64355 77.08740 56.11420 7.54547 2.28882 6.02722
0.04578 0.10681 0.62561 0.29755 0.34332 0.03052 0.09918 0.09155 0.08392 0.40436 0.54932 1.93787 17.11273 15.41138 35.40802 25.56610 19.02771 25.59662 28.92303 11.97815 16.28113 8.44574 13.98468 14.19830 12.08496 8.79669 16.40320 16.34979 6.37817 1.87683 8.42285
0.12207 0.37384 0.24414 0.57983 0.06866 0.07629 0.31281 1.37329 0.33569 5.17273 2.40326 3.12805 3.08228 5.18799 20.24841 19.99664 29.57916 14.58740 25.83313 24.64294 25.13123 9.65118 22.46094 104.33197 23.23151 18.05878 9.62067 9.49860 4.64630 1.15967 2.32697
0.06104 0.09918 1.27411 2.18964 1.22070 1.19019 0.67139 1.22833 1.57928 1.14441 1.64795 2.09045 8.67462 7.59125 6.56128 15.38086 14.25934 15.64789 12.66479 24.38354 17.54761 10.20050 43.04504 26.27563 24.74213 3.15094 2.18964 11.89423 3.76892 5.82886 11.63483
0.24414 0.17548 0.25940 0.51117 1.32751 1.81580 0.88501 1.11389 1.74713 0.37384 0.64850 4.52423 12.96997 14.75525 9.84192 7.49207 10.28442 7.83539 22.20917 10.62775 22.67456 4.12750 8.18634 91.50696 11.71112 1.05286 1.61743 11.36780 4.43268 16.41083 9.02557
0.28992 0.71716 0.24414 0.35095 1.38092 1.12152 1.25885 1.39618 1.14441 0.79346 0.86212 3.63159 13.67950 19.00482 19.97375 35.49957 8.90350 10.78796 5.88989 11.37543 2.03705 11.58905 7.62939 13.87024 13.83972 1.83868 1.64032 1.52588 12.31384 7.18689 3.47900
0.87738 2.40326 2.59399 2.13623 2.78473 0.52643 0.45776 1.09863 0.80109 0.79346 0.57983 2.54822 10.39886 8.53729 8.67462 14.83917 15.70892 14.57214 4.59290 6.56128 5.17273 6.77490 17.84515 6.85883 28.41187 1.09100 0.71716 2.89154 9.20868 12.70294 18.93616
0.50354 0.69427 2.49481 7.21741 1.28937 1.76239 1.05286 1.38092 0.65613 0.31281 0.32043 5.47028 3.88336 16.84570 13.45062 27.03857 11.26862 4.35638 2.56348 4.59290 4.82941 6.33240 10.71930 11.36017 5.83649 1.60217 9.91058 2.01416 17.10510 10.22339 25.77972
