DATA/RAW-RASTER/ECMWF/20170628/EN-2/20170702.en-2.asc
ncols			31
nrows			16
xllcorner		69.5
yllcorner		19.5
cellsize		1.0
NODATA_value	-99999
0.50354 1.81961 4.32968 4.53186 3.40652 1.46866 0.68665 0.23651 0.20599 0.11826 2.52533 2.95639 3.15857 1.56784 0.71716 2.68936 5.08881 1.64413 1.01852 0.87357 0.40817 1.70517 0.10681 0.00381 0.01907 0.01526 0.03052 0.19073 0.27084 0.97275 5.33676
0.29755 0.44632 4.11987 3.06702 4.48990 0.20981 0.57602 0.52643 0.79346 1.27792 2.30026 2.83813 2.54059 1.02997 0.70953 1.17111 4.16183 6.11877 6.03867 2.88773 3.39508 0.77057 0.09918 0.08011 0.20218 0.41962 0.38910 0.91553 1.34659 0.37003 1.86539
0.27466 0.50354 0.00763 0.67139 1.46103 3.75366 3.99017 0.83923 2.02560 1.08719 1.49918 4.55856 9.46045 8.15964 8.47244 3.78799 7.80487 7.63321 5.87463 4.30679 5.97000 1.47629 0.06104 1.78146 0.64087 1.08719 0.86212 1.40762 1.71280 1.34277 1.88446
0.74768 0.01144 0.05341 0.01526 0.69046 2.42615 8.92639 11.92093 0.25177 0.82397 4.10080 2.65884 3.13950 2.15530 4.64249 1.19019 1.15967 5.75638 2.54440 0.17548 1.43814 2.10571 0.74768 1.51062 5.34439 7.92694 14.53781 7.32803 9.97925 9.97162 14.50348
5.05829 0.22507 0.00381 0.17548 1.69373 9.49478 24.80316 15.31601 18.52036 2.51770 1.18256 6.97327 1.51443 2.15149 0.85449 1.22833 0.27466 3.61633 5.01251 4.73404 2.43378 2.16293 3.19672 0.59509 5.32913 8.60977 4.71878 9.86862 17.70020 10.21957 11.62338
0.49210 0.00000 0.00000 0.50735 0.88501 7.98035 14.42719 11.68060 6.17599 36.98349 11.37161 9.59015 0.66376 0.71335 0.03815 3.32260 25.58136 9.28879 17.34924 4.86755 2.82669 5.55801 13.53455 8.01468 8.14056 7.28989 2.81143 0.79346 13.33618 13.93509 12.54272
0.01907 0.00000 0.05341 0.41962 0.54550 8.62885 7.12585 5.65720 6.65665 23.60916 20.59937 23.58627 8.23212 2.57111 0.06485 1.06430 2.28500 7.26700 21.16776 3.70407 7.82394 2.55966 5.87845 5.15366 8.65173 11.92856 40.93933 13.77487 1.16730 8.29697 4.94385
0.04196 0.01526 0.48065 0.93842 6.42776 7.69806 1.02615 8.52203 4.97818 5.31387 12.88986 31.53610 19.79065 8.30078 9.39560 29.73557 12.24518 11.44409 14.95361 14.89639 13.09967 18.70346 4.17709 40.03906 36.22437 74.83292 77.83127 10.52475 17.49039 4.53949 2.81525
0.16022 0.31662 2.18964 5.99670 33.92792 7.08008 2.12479 0.71335 1.31989 1.54877 2.28882 6.06155 10.13184 15.77377 14.37759 38.19275 15.47241 42.28973 27.95792 71.25473 56.81229 43.06030 31.95953 10.21957 10.93292 9.07516 23.34595 80.59311 84.79309 14.34708 3.50571
0.00381 0.42725 1.70517 19.48929 46.79871 41.04614 2.98691 1.46103 0.54550 0.02289 0.17166 0.03815 0.17929 7.74002 25.76065 29.85764 21.34705 26.94702 24.50180 18.15414 7.38144 13.63373 39.09302 35.58731 11.56998 23.91052 30.57480 10.65063 28.21732 18.42499 6.57654
0.06104 0.01144 4.43649 11.45554 18.73016 68.03131 7.85065 3.92914 0.78964 0.04959 0.11063 0.38910 0.50354 2.15149 11.03210 15.26642 14.74762 21.10291 23.22769 21.95740 30.21240 29.56772 48.56873 32.07397 29.73938 17.86423 8.75092 12.20703 39.50500 12.49695 13.89694
0.27466 0.21362 3.05557 42.86575 31.59332 7.98416 32.21893 0.73242 0.63324 0.13351 0.28992 0.27847 0.57220 0.72479 5.47791 5.98145 9.50623 4.37927 9.98306 29.31595 43.14804 27.77863 3.95584 3.18146 17.86804 5.21469 1.78528 13.30185 5.77545 12.81357 22.29691
0.72861 3.56293 3.48282 10.20432 22.05658 27.23312 11.59286 3.78799 1.12915 0.45013 3.19290 14.28986 0.48828 6.83594 11.10458 14.58740 4.83322 7.70569 11.58524 19.53888 8.80432 15.83481 8.59451 11.05881 12.22610 3.69644 0.32806 6.51550 5.10788 11.48224 10.58578
2.27356 0.97656 0.38910 16.84570 39.31808 4.83704 3.10516 4.15802 0.11444 0.20599 0.55695 1.23596 1.67084 8.75854 29.55246 12.65717 3.21579 4.36783 3.66592 10.80704 4.42505 17.90237 30.29633 48.35892 19.35959 2.31934 0.74387 2.24686 15.06805 19.75250 11.59286
3.82233 0.74768 1.55258 4.46320 3.24249 3.29971 0.33569 0.80109 0.68665 0.53406 1.14822 1.06430 1.45340 1.61362 5.71442 4.88663 2.46048 1.16730 8.44574 4.67300 8.88824 16.39938 27.64893 56.60248 25.46310 1.92261 1.78909 2.27356 5.57709 35.77042 14.43100
1.69373 1.70898 8.13675 24.42551 9.43756 5.44739 2.60544 0.94986 1.08337 0.19455 5.03159 4.03214 3.70407 2.00272 4.36783 1.52969 0.74768 8.75854 1.73569 1.03378 5.10406 10.48660 10.07080 29.17480 50.89569 2.88010 21.16776 2.65503 4.42505 4.21906 5.58090
