DATA/RAW-RASTER/ECMWF/20170628/EN-2/20170705.en-2.asc
ncols			31
nrows			16
xllcorner		69.5
yllcorner		19.5
cellsize		1.0
NODATA_value	-99999
4.11224 4.09698 2.11334 4.57001 7.04956 2.79236 6.60706 2.15149 1.96075 2.48718 1.92261 7.59888 6.39343 6.01196 4.80652 2.18201 3.95203 1.83868 0.57220 0.48828 1.54877 1.17493 0.44250 0.51117 2.05994 6.89697 6.36292 9.14764 9.78088 18.54706 20.67566
0.68665 0.06866 1.93787 10.00214 8.68225 3.41034 0.57220 0.48065 0.66376 0.06866 3.26538 4.54712 5.17273 2.94495 2.44904 4.50134 1.84631 1.09863 0.96130 1.77002 2.87628 8.30841 3.81470 2.57111 7.05719 7.20978 12.28333 12.10785 11.18469 13.22174 17.99011
0.25940 7.81250 1.02997 7.38525 9.52148 1.42670 11.10840 0.38147 0.22125 1.77765 7.72858 8.19397 12.90894 10.33020 9.07135 8.58307 8.56018 9.43756 9.47571 8.08716 7.69043 10.02502 14.16016 29.53339 27.22931 17.89856 15.76996 17.28058 16.08276 15.63263 18.11981
5.36346 5.88989 9.00269 7.56836 7.63702 3.67737 1.96838 13.06152 1.11389 4.41742 8.70514 3.85284 7.17163 5.66864 11.60431 7.38525 9.20868 8.81958 7.85065 13.94653 25.55084 22.36176 22.98737 14.09912 10.44464 4.45557 3.32642 1.62506 10.68878 13.44299 6.17218
5.08881 8.78906 8.65936 5.57709 4.12750 5.55420 4.03595 12.65717 14.31274 5.72968 0.25940 5.66101 2.11334 1.59454 1.86157 1.52588 6.66046 4.95148 9.13239 5.07355 24.12415 30.73883 13.06152 5.18036 2.01416 0.67902 1.10626 2.60162 2.81525 1.63269 8.68988
2.67029 0.50354 1.06812 1.77002 5.58472 3.66211 2.12097 3.99017 14.90021 25.56610 5.77545 3.95203 3.26538 1.02997 3.84521 3.95203 4.17328 8.15582 16.73889 13.08441 9.44519 12.22992 7.88116 6.81305 6.96564 12.50458 9.42993 0.33569 1.91498 1.50299 3.52478
0.51880 0.02289 0.00000 0.36621 1.24359 4.73022 4.92859 17.25006 22.27020 21.92688 9.71985 13.11493 9.24683 7.64465 0.29755 4.94385 2.18201 4.64630 3.15857 2.52533 4.06647 7.29370 5.65338 5.79071 17.65442 80.58929 27.67181 12.61902 1.54877 1.02234 4.77600
0.00000 0.00000 0.00000 0.16785 0.98419 4.64630 3.21960 3.42560 15.87677 23.20099 15.75470 4.73022 0.69427 13.05389 10.52856 37.17041 7.56836 11.42120 14.92310 2.31934 19.80591 17.95959 7.24030 36.04889 54.67987 68.30597 28.34320 8.78906 17.31110 2.03705 6.20270
0.00000 0.00000 0.03052 0.15259 0.26703 0.19836 0.93842 7.38525 22.33887 16.90674 20.25604 19.39392 1.99890 2.78473 5.31006 10.99396 3.18146 22.21680 36.45325 13.80920 22.15576 38.82599 44.55566 28.28979 12.68005 28.09906 11.05499 31.97479 11.03210 2.58636 1.94550
0.06104 0.16022 1.30463 1.12915 1.44958 0.08392 0.05341 0.70190 5.59235 15.34271 11.36017 9.48334 9.16290 2.01416 7.78961 26.53503 22.75848 15.55634 13.21411 2.91443 4.27246 46.06628 11.19232 3.79181 13.94653 9.04083 8.28552 15.96832 3.32642 11.68060 1.09863
0.29755 0.50354 0.80872 0.81635 0.18311 0.70953 0.73242 0.67139 0.68665 3.82996 3.07465 2.82288 2.92969 6.37054 3.92151 1.39618 18.26477 20.16449 47.06573 36.16333 21.75903 12.25281 29.93774 16.48712 23.78845 19.62280 5.21851 5.34058 5.14984 1.26648 0.83923
0.12207 0.25177 1.07574 2.60162 0.70953 0.22888 0.16022 0.83160 0.23651 0.18311 0.67902 1.48010 1.58691 1.61743 1.66321 1.09863 12.92419 19.78302 31.06689 19.33289 27.76337 2.63214 0.68665 10.78033 6.08826 4.97437 2.67029 2.80762 2.90680 5.21851 0.55695
0.62561 0.38147 0.12970 0.77820 1.47247 1.22833 0.37384 0.09918 0.86212 1.37329 3.56293 1.44958 0.83160 1.34277 1.22070 2.60925 18.10455 33.08105 22.90344 26.01624 32.29523 14.25171 3.82996 15.50293 7.24030 0.96130 0.30518 3.79944 10.65826 4.37164 5.90515
0.77057 1.44958 0.23651 0.47302 4.00543 1.70898 0.93079 1.37329 0.41962 1.46484 5.00488 3.03650 7.50732 5.46265 5.68390 19.63043 19.87457 19.41681 36.59058 35.70557 49.65210 27.61078 3.60870 7.22504 19.84406 0.49591 2.17438 1.25122 10.62775 5.58472 8.10242
1.30463 0.81635 0.77820 1.74713 2.62451 1.54877 1.37329 1.24359 0.93079 0.75531 0.63324 6.72913 2.90680 4.49371 10.89478 4.16565 4.63867 3.22723 18.42499 21.06476 27.48108 15.60211 40.45105 16.50238 3.21198 2.27356 2.35748 0.93079 1.35040 2.69318 4.25720
0.97656 2.37274 5.78308 7.84302 0.61798 1.28937 1.34277 1.93024 0.84686 0.25177 0.72479 4.34113 1.64032 3.95966 2.60925 5.29480 8.28552 2.49481 10.73456 25.05493 19.18793 13.13019 21.02661 26.73340 10.60486 19.79065 0.87738 1.14441 1.14441 0.79346 7.92694
