DATA/RAW-RASTER/ECMWF/20170628/EN-2/20170708.en-2.asc
ncols			31
nrows			16
xllcorner		69.5
yllcorner		19.5
cellsize		1.0
NODATA_value	-99999
3.31879 0.19836 3.27301 0.99182 0.98419 1.65558 0.02289 0.01526 0.69427 0.89264 1.28174 1.26648 2.55585 2.38037 0.47302 0.00000 0.00000 0.00000 0.00000 0.00000 0.01526 0.00000 0.00000 0.00000 0.03052 0.41199 0.71716 1.05286 1.17493 0.50354 1.35803
0.00000 0.17548 13.13782 8.39996 3.37219 9.26208 3.02887 3.84521 1.47247 1.38855 2.31934 6.36292 10.14709 3.24249 0.04578 0.00000 0.00000 0.00000 0.00000 0.00000 0.01526 0.01526 0.03052 0.44250 0.83923 0.75531 0.95367 1.45721 0.70190 1.45721 2.66266
0.22125 0.87738 2.17438 2.57111 11.45935 9.66644 6.44684 0.47302 1.76239 2.03705 5.72968 6.72150 3.54004 2.17438 0.47302 0.01526 0.00000 0.01526 0.00000 0.00000 0.00000 0.01526 0.11444 0.82397 0.98419 0.39673 0.06866 1.17493 1.11389 1.22833 2.96021
0.46539 0.30518 1.43433 0.82397 1.85394 4.41742 4.73785 13.26752 0.07629 1.74713 3.53241 4.71497 2.94495 5.28717 3.91388 0.11444 0.00000 0.00000 0.00000 0.00000 0.03052 0.00000 0.15259 0.14496 0.28992 0.01526 0.28992 0.42725 3.01361 2.34222 5.51605
0.00000 0.19836 0.19836 0.84686 2.30408 1.48010 2.25067 3.03650 0.79346 3.06702 0.89264 9.30786 6.37054 9.81140 9.81140 1.41144 0.70953 0.00000 0.06866 0.00000 0.00000 0.07629 1.64795 0.73242 2.00653 2.20490 3.71552 4.94385 2.99072 2.54059 8.04138
0.29755 0.01526 0.04578 0.21362 0.59509 2.12860 5.47791 4.03595 3.89862 11.19232 9.36890 8.97217 8.66699 2.95258 4.99725 9.96399 11.43646 1.29700 1.80054 0.17548 0.60272 1.14441 1.20544 1.22833 7.72095 8.56018 2.31934 10.10895 15.51819 14.61792 14.85443
0.00000 0.01526 0.04578 0.09155 0.19073 0.74005 1.10626 1.69373 6.88934 7.33185 12.22992 14.01520 12.96997 14.57977 4.10461 11.61194 5.57709 6.06537 2.42615 3.94440 14.55688 18.83698 21.46912 12.38251 8.11005 15.52582 8.36182 3.00598 16.60919 19.83643 16.47949
0.00000 0.00000 0.01526 0.32806 0.24414 0.10681 0.49591 0.88501 1.04523 1.44958 13.34381 25.84076 12.53510 7.69806 29.82330 19.53888 32.02057 5.34058 10.66589 33.63800 9.21631 17.47131 18.38684 22.53723 47.76001 192.85583 156.66199 18.98193 43.23578 10.61249 7.88879
0.00000 0.00000 0.12970 1.06049 1.54877 0.07629 0.45776 0.14496 0.67139 2.88391 3.32642 15.04517 24.71161 13.74054 11.90186 5.49316 29.07562 11.32965 13.03101 46.05103 78.41492 128.26538 135.70404 46.14258 45.57800 7.40814 24.97101 121.61255 30.83801 27.51923 2.92206
0.01526 0.11444 0.25177 1.52588 2.14386 1.28937 0.06104 0.32806 0.15259 1.06049 4.26483 1.61743 4.41742 16.67023 8.69751 6.82831 12.96234 11.51276 8.91876 10.60486 10.99396 2.18964 28.51105 13.77106 4.40979 5.97382 54.71802 12.93182 63.06458 35.90393 14.53400
0.27466 0.52643 1.22833 2.60925 2.19727 3.18909 0.98419 1.67084 1.40381 0.35095 1.08337 3.13568 0.57983 3.80707 7.49207 7.98035 13.16833 7.58362 8.59070 14.41193 35.01129 33.99658 89.99634 32.31049 4.98199 6.01959 2.50244 25.26093 21.69800 16.08276 12.68005
0.55695 0.67139 1.99127 3.06702 1.44958 0.99945 1.56403 0.70190 1.33514 1.11389 0.63324 2.47955 7.88879 0.83923 2.15149 1.04523 1.02997 3.81470 5.34058 7.27844 12.11548 15.41901 2.07520 1.68610 5.21851 0.96893 2.03705 6.07300 10.84137 20.32471 1.98364
0.79346 0.77057 1.49536 2.50244 3.85284 2.41089 0.93842 2.05231 0.80872 0.68665 0.20599 1.72424 1.79291 1.54114 1.54877 1.13678 0.48828 0.20599 1.26648 2.63214 7.40814 6.08826 2.96783 4.26483 2.28119 0.56458 0.51880 8.58307 5.37109 3.55530 5.42450
0.99182 0.51117 0.96130 0.60272 1.64795 0.61035 0.35095 1.15204 1.74713 0.25940 0.52643 1.48773 0.39673 0.38147 0.54932 0.92316 0.70190 0.35095 0.65613 4.93622 2.22015 9.01794 11.61194 9.28497 8.49152 0.16785 0.21362 1.73950 7.04956 5.76782 14.17542
2.07520 1.28174 0.29755 1.51825 2.45667 1.09863 0.56458 1.09863 1.23596 0.22125 0.43488 0.93842 1.70135 0.70953 0.48065 0.05341 0.23651 0.04578 0.01526 0.51117 1.13678 5.92804 10.29205 6.75964 0.40436 0.94604 1.44196 0.44250 11.66534 9.65881 11.61194
0.85449 2.16675 4.32587 5.90515 0.51880 0.79346 1.64032 0.73242 0.01526 0.28229 0.32043 0.69427 1.04523 4.82941 0.79346 0.36621 0.61035 0.03052 0.33569 0.50354 2.92206 7.33185 12.03156 8.42285 14.03046 4.16565 5.77545 1.47247 1.13678 4.47083 17.73834
