DATA/RAW-RASTER/ECMWF/20170628/EN-2/20170701.en-2.asc
ncols			31
nrows			16
xllcorner		69.5
yllcorner		19.5
cellsize		1.0
NODATA_value	-99999
0.74768 1.09863 3.32260 3.18909 3.84903 1.72043 6.98471 5.16891 4.10461 2.42615 6.43921 7.22122 4.82559 3.50189 2.05231 2.85721 1.32751 0.60272 1.37711 1.43051 2.33841 8.15964 12.47025 7.35855 3.65067 2.56729 3.34930 2.96402 6.49261 7.78198 1.80435
0.00381 0.04578 0.00000 0.65613 2.72369 30.52139 15.78903 7.04575 5.66483 5.90897 6.49261 9.31549 11.39832 12.58469 5.24139 2.38037 0.74387 0.47684 0.78201 2.18201 3.97491 2.31171 5.31769 7.11441 2.79617 4.34494 7.30896 5.46646 4.55475 6.96182 4.57764
0.03052 0.00000 0.00763 0.04959 15.89584 137.71439 36.91101 11.16943 5.21469 4.17709 4.01306 6.07300 3.17764 9.32312 5.82886 5.34058 2.42233 3.64685 3.62778 2.89917 7.14493 7.83539 9.99832 13.29803 17.58957 5.08118 2.60544 5.20706 1.69754 3.52097 4.80270
0.05341 0.02289 0.00381 0.15259 2.57492 32.97806 20.69855 8.55255 9.40704 1.71661 4.86755 0.68665 0.55695 3.30734 2.47192 3.53622 8.80432 7.57599 4.34113 2.35748 0.85831 3.79944 7.35474 11.17706 15.01083 2.86102 1.34277 2.46811 4.36401 5.79834 2.54822
0.12970 0.08011 0.09537 0.98801 6.04630 11.32965 13.54980 13.29803 8.09860 1.44196 0.23270 0.33188 2.03323 1.23215 0.95749 0.63324 1.18256 3.23105 5.30624 5.47409 2.81525 6.47354 10.59341 7.04956 4.95148 1.55640 0.88501 0.82779 12.08878 7.03049 6.21796
0.00381 0.27084 1.03760 1.16348 0.52261 8.85773 7.73621 7.78961 4.18854 11.51657 5.29099 1.58691 0.49591 0.16022 0.09537 1.37711 4.30298 5.71823 1.37711 7.70569 10.75363 12.60757 4.48990 8.31985 8.65173 8.91876 1.89972 1.66702 1.71280 9.39560 5.72586
0.02289 0.08774 0.56076 2.55966 0.11063 1.41144 1.34277 7.74384 3.96729 5.64194 9.89532 5.73349 7.48444 4.55856 0.08774 1.13678 0.97656 1.21689 1.55258 4.76837 6.51550 11.24191 15.65933 3.75366 8.17108 25.63858 43.00308 18.65387 1.75476 1.75476 6.34384
0.08011 1.48010 2.01797 0.26321 0.51498 0.26703 0.15640 0.65994 6.16074 4.36020 3.97110 4.10843 1.93405 2.74658 4.29153 3.71552 4.80270 0.66376 1.21307 4.08554 3.86047 12.40921 4.05884 22.59445 50.52567 116.16516 62.02698 9.52530 55.19104 5.83267 4.59671
1.30844 3.04413 11.60431 0.77057 0.43869 0.48065 0.50354 0.09537 0.73624 1.73950 14.97650 6.58035 2.22778 1.75476 1.96838 13.48495 29.60587 16.51001 71.98715 50.86136 157.27234 135.32639 9.95255 25.85220 37.86469 12.42828 24.19662 138.07297 83.67920 15.96069 4.29916
0.50354 8.54111 81.20346 2.53677 2.08664 1.55640 2.52533 0.21362 0.28610 7.30133 64.10599 17.54379 1.21689 4.75311 1.09100 9.99069 49.42322 1.87683 14.85825 4.41360 3.73459 7.59125 24.76120 1.90735 6.76346 3.92151 27.08054 12.84790 10.58197 6.38580 12.56180
0.05341 3.78799 38.55515 213.47427 56.58340 5.64575 12.50458 1.03378 0.10681 1.48773 2.45285 0.25177 0.21362 0.27466 5.28336 6.03485 12.10022 8.21304 5.48553 10.79559 8.49152 14.31274 25.56229 4.76074 4.74167 24.03259 4.57382 3.02505 7.09915 1.77002 2.14005
0.73242 6.66428 133.91876 93.11295 30.30014 10.35309 6.55365 0.51880 0.18311 0.18692 0.01907 0.04196 0.32425 1.69373 83.54950 112.98370 10.73837 32.20749 11.40976 9.35364 5.69916 5.82504 2.37274 10.04410 10.74219 2.51770 4.02451 3.00217 3.68118 14.21738 6.43158
1.33896 7.85446 17.02881 21.45767 10.71930 2.53677 0.86594 1.27029 1.21307 0.72479 4.59671 8.28934 0.43488 9.87625 26.72577 2.84195 5.58472 12.84027 6.58798 12.56943 5.99289 10.75745 11.82556 7.42340 18.93234 3.88718 1.12915 4.50897 11.54327 14.82010 4.27628
1.63651 2.42615 0.16022 1.54495 7.96509 8.51822 12.77161 7.53784 8.21304 4.26865 28.14484 1.73950 0.38528 1.03378 8.88443 1.84631 7.29752 2.86484 10.99014 15.90347 8.93021 14.62936 15.68604 19.77539 7.66373 0.90027 2.22778 6.89697 14.40811 7.85065 1.52206
3.58200 0.52643 2.10190 18.63098 20.29800 7.49588 14.68658 5.98145 22.04895 58.05588 57.07932 2.35748 0.19073 0.16403 4.60052 2.32315 3.50571 12.67242 9.17053 23.82278 18.07785 13.89694 30.57098 27.13394 20.94269 2.28500 2.10953 10.00977 2.87247 6.78635 17.53616
3.42178 2.73895 3.61633 27.83585 3.64685 3.80325 4.68445 5.66101 20.15305 4.91714 5.90515 5.15747 3.93677 0.28992 0.60272 27.77100 10.57434 8.06046 14.30130 15.42282 15.64407 16.67786 19.32907 32.69958 48.91968 17.72308 11.43265 5.34058 2.09808 2.82288 1.35422
