DATA/RAW-RASTER/ECMWF/20170628/EN-2/20170704.en-2.asc
ncols			31
nrows			16
xllcorner		69.5
yllcorner		19.5
cellsize		1.0
NODATA_value	-99999
0.12970 0.96130 4.48608 2.94495 2.94495 1.41144 3.31879 0.22125 0.26703 0.16022 0.45013 1.34277 4.39453 10.26917 6.60706 7.85065 8.78143 12.19940 12.27570 12.76398 15.25116 13.70239 14.03046 9.97162 9.73511 10.14709 4.92859 2.92206 2.69318 0.99182 0.42725
0.00000 0.12970 8.86536 10.70404 1.86157 2.05994 0.08392 0.99182 0.03815 0.04578 2.57111 4.02832 3.66211 6.90460 5.12695 4.34875 3.11279 3.60870 6.23322 3.34167 5.29480 4.01306 10.21576 4.55475 8.10242 1.31989 3.36456 4.45557 1.02234 3.49426 4.59290
0.00000 2.09045 1.96075 3.19672 10.43701 6.89697 9.33838 0.57983 2.25830 4.86755 8.54492 9.00269 14.05334 8.35419 15.98358 10.66589 8.70514 4.38690 3.69263 5.51605 6.50024 10.50568 8.42285 5.31769 1.18256 2.15149 1.38092 4.10461 5.05066 4.10461 2.34985
0.16785 2.44904 4.03595 5.69153 2.77710 3.50189 3.82233 10.14709 17.05933 2.81525 11.23810 5.12695 8.83484 10.81848 3.54767 3.79181 8.83484 10.06317 7.14874 14.14490 10.71930 6.08826 5.29480 0.86975 0.49591 0.29755 2.11334 3.09753 7.32422 6.46973 2.95258
2.56348 2.70081 0.96130 4.51660 1.96838 0.63324 3.86047 60.79102 35.35461 10.05554 11.05499 3.14331 2.72369 7.39288 3.44086 7.24792 19.08875 17.24243 8.30078 6.23322 2.67792 2.60162 4.37927 0.61035 0.15259 0.39673 3.14331 4.69971 6.47736 2.31934 3.93677
5.88989 5.08881 0.32806 1.54114 1.85394 2.05231 3.81470 4.09698 13.52692 29.49524 25.95520 4.57764 3.76129 1.51062 7.16400 4.23431 4.11987 13.41248 5.30243 2.02942 3.33405 3.08228 2.68555 3.19672 4.05884 4.12750 7.04956 3.60107 4.92859 1.84631 3.42560
0.06866 0.64850 0.03815 1.12915 2.88391 5.99670 2.79999 17.37976 12.07733 8.16345 44.26575 2.77710 20.18738 10.31494 1.25122 3.15094 1.22833 4.54712 2.09045 4.27246 12.42065 5.65338 6.40869 3.73840 10.35309 16.91437 25.90942 8.01086 5.59235 9.20868 10.39886
0.00000 0.00000 0.00000 0.23651 1.35040 2.67792 6.45447 7.74384 23.23151 6.61469 4.24194 3.50952 5.43976 24.08600 21.17920 3.71552 19.56940 6.10352 15.99121 3.12805 3.36456 19.10400 9.33838 20.62225 24.18518 16.91437 37.36115 19.27948 21.89636 14.28986 9.23157
0.00000 0.03815 0.09155 0.12970 0.79346 1.36566 5.40924 18.77594 89.13422 6.75201 2.43378 7.69806 17.15851 26.72577 22.01080 7.16400 34.02710 149.46747 97.77832 2.05231 33.56171 171.50116 51.27716 19.11926 13.19122 21.76666 29.60205 83.96149 20.47729 3.63159 13.16071
0.12970 1.10626 1.20544 0.84686 0.90790 2.09808 2.76184 31.24237 72.04437 36.59058 4.37164 0.64850 0.90790 3.21960 3.96729 8.91113 18.28003 31.70776 22.49908 28.11432 5.33295 19.63806 39.10828 0.51880 5.40924 18.71490 34.24835 31.68488 57.44934 21.40045 6.13403
0.83923 1.25885 1.93024 1.19019 0.09918 0.19836 6.82831 57.66296 116.23383 16.41083 0.37384 0.77057 0.74005 0.92316 4.67682 14.55688 14.14490 8.90350 15.58685 35.16388 13.08441 19.43207 59.23462 7.52258 11.36780 22.99500 12.40540 12.71057 45.12787 15.00702 7.13348
0.74768 0.59509 2.76947 3.41034 0.16022 1.15967 2.21252 18.20374 42.66357 0.78583 1.03760 1.54114 1.09100 1.30463 3.54767 14.16016 8.29315 16.20483 42.59491 22.43805 74.78333 41.91589 5.78308 5.34821 61.30981 16.02936 11.70349 14.99939 16.06750 13.64899 5.55420
1.08337 0.74768 0.44250 1.41144 2.94495 1.96075 2.41852 2.54822 1.66321 1.28174 5.51605 3.35693 1.99127 2.99835 1.37329 1.27411 0.28229 1.15204 6.34003 9.93347 26.19171 50.70496 19.59229 20.39337 34.46198 4.40979 8.10242 13.80157 11.65009 7.33948 4.66919
1.58691 1.54877 0.12970 0.77820 3.70026 0.86975 0.96893 1.03760 2.85339 7.15637 7.53784 0.57220 0.99182 0.61035 1.24359 0.93842 1.34277 1.86920 5.73730 12.15363 12.90894 38.59711 30.42603 48.15674 4.85229 5.22614 3.25012 9.81903 17.04407 7.43103 4.78363
2.18201 2.12860 1.64032 3.97491 8.40759 2.16675 0.94604 4.15802 5.75256 7.81250 9.30786 1.57166 1.68610 0.55695 1.41144 0.74768 0.20599 0.45776 2.27356 8.47626 14.63318 26.60370 54.57306 48.40851 43.41888 0.90027 6.91223 2.56348 1.52588 5.82886 22.78900
2.44141 3.32642 3.39508 9.13239 1.40381 2.44141 1.62506 1.10626 1.78528 3.04413 5.75256 3.73840 1.54114 3.15094 1.49536 5.02777 7.24030 0.41199 6.32477 13.61084 9.55963 22.20154 31.60095 57.01447 70.12177 32.84454 17.31110 3.12805 0.70953 0.43488 6.43921
