DATA/RAW-RASTER/ECMWF/20170628/EN-2/20170709.en-2.asc
ncols			31
nrows			16
xllcorner		69.5
yllcorner		19.5
cellsize		1.0
NODATA_value	-99999
2.28882 1.96075 11.45172 9.19342 13.13782 6.98853 1.28174 0.46539 1.53351 2.51770 2.38800 6.69861 5.03540 3.21960 3.41797 0.48065 2.43378 5.06592 7.37000 5.26428 7.49207 6.41632 1.01471 0.46539 1.58691 0.00763 0.03815 0.00763 0.06104 0.03815 0.00763
0.17548 0.51117 10.21576 45.18890 6.63757 8.49915 5.72205 11.74164 6.88171 1.19781 3.42560 3.94440 5.90515 3.91388 4.92096 4.64630 6.70624 5.33295 4.19617 4.12750 2.53296 0.26703 0.00000 0.03815 0.00000 0.03815 0.50354 0.97656 0.25940 0.13733 0.26703
1.12152 13.54218 3.31879 10.79559 14.01520 13.09204 11.29913 0.54932 0.82397 0.54169 2.94495 1.92261 1.90735 2.10571 0.96893 0.93842 3.02124 2.12860 3.50189 1.13678 0.09155 5.17273 0.06104 0.00000 0.00000 0.00763 0.54169 1.09863 1.36566 0.69427 0.91553
2.75421 3.14331 3.58582 10.42938 16.63971 17.28058 5.17273 11.75690 0.15259 0.01526 0.08392 0.85449 0.74005 1.12915 1.02997 0.61798 1.35040 2.77710 1.25885 3.14331 0.17548 0.06866 0.16022 0.00000 0.00000 0.06866 0.66376 0.19836 1.54114 0.67902 0.11444
1.03760 0.48065 0.00000 0.44250 3.98254 7.01904 10.33020 4.16565 6.87408 0.26703 0.00000 0.62561 1.04523 1.34277 0.70953 0.74005 1.19781 3.70789 2.15912 0.16022 0.90790 0.82397 0.57983 0.57983 0.43488 0.79346 0.62561 2.80762 5.66101 1.16730 0.38147
0.03815 0.00000 0.00000 0.00000 0.03052 1.80817 4.94385 3.00598 3.43323 4.11987 29.58679 11.28387 4.35638 1.34277 1.96838 1.51062 1.93787 5.67627 4.05884 6.29425 6.98090 7.62939 3.69263 8.11005 7.40051 5.64575 2.46429 1.39618 4.40979 3.41797 3.41034
0.00000 0.00000 0.00000 0.00000 0.00000 0.99182 2.25067 1.40381 6.30951 4.24957 5.61523 31.90613 16.05988 9.61304 2.48718 7.35474 9.69696 8.01849 8.52203 3.42560 3.51715 5.43976 3.99780 5.85938 9.78088 26.93939 38.33771 18.02063 5.65338 6.86646 4.01306
0.00000 0.00000 0.00000 0.00000 0.00000 0.00000 1.07574 2.40326 3.99780 8.70514 10.72693 16.24298 13.82446 17.25769 28.06091 9.88007 40.70282 23.88763 19.87457 10.62012 14.47296 15.57922 10.87952 23.96393 59.07440 79.40674 98.88458 32.75299 47.24121 10.16235 8.29315
0.00000 0.03052 0.05341 0.08392 0.01526 0.00763 0.17548 3.71552 2.28882 2.62451 5.27954 12.71057 18.37921 21.63696 50.66681 31.64673 70.49561 104.68292 84.06830 144.44733 132.55310 52.06299 96.01593 58.18939 16.96777 22.07947 27.79388 155.09033 36.37695 9.06372 7.18689
0.03052 0.21362 0.86975 0.25940 0.42725 0.06866 0.72479 0.63324 1.02997 0.64087 1.22833 3.47137 5.37872 14.33563 27.74811 26.24512 38.63525 35.94971 34.34753 33.47015 48.86627 21.39282 45.98236 64.58282 27.90070 18.63098 40.48920 33.08868 19.93561 16.79993 3.49426
0.14496 0.42725 0.46539 0.32043 0.05341 0.93079 0.52643 1.00708 0.51880 0.66376 0.95367 2.17438 2.44904 3.34930 3.74603 13.71765 8.00323 16.39557 27.57263 40.47394 36.49139 28.72467 22.56775 7.37762 1.31226 2.92969 8.03375 16.89148 10.06317 9.07135 7.17926
0.28992 0.58746 1.70898 2.32697 1.80054 1.43433 0.64850 1.32751 1.30463 1.62506 0.77820 1.22833 2.79999 4.16565 12.82501 10.25391 17.44843 19.83643 35.44617 16.82281 14.10675 11.23810 1.35803 0.18311 1.38855 0.40436 0.87738 14.97650 9.20868 6.08063 2.41852
0.83160 0.64087 0.43488 0.54169 1.67084 0.83160 1.15967 1.22833 1.11389 0.67902 1.83868 1.34277 1.19781 0.75531 12.42828 23.81897 2.95258 19.24896 16.96777 6.79779 6.88171 10.24628 4.21906 2.19727 4.18091 0.47302 0.03815 10.81085 6.43921 1.66321 3.41797
1.03760 0.80109 0.45013 0.26703 1.05286 1.02234 0.51117 1.43433 1.18256 0.77057 4.77600 1.62506 0.19836 1.10626 1.87683 0.55695 1.63269 1.33514 2.48718 4.42505 4.64630 7.65991 2.11334 2.61688 7.28607 0.19073 0.94604 0.93842 3.08228 2.21252 3.60870
1.38855 1.94550 1.40381 2.67792 1.96838 0.23651 0.22888 0.45013 0.86212 0.58746 4.37927 4.31824 1.15204 0.72479 0.93079 1.99127 1.51062 2.70844 2.90680 5.37109 3.58582 6.61469 12.00104 8.76617 4.21143 1.06812 1.18256 0.84686 9.42993 6.81305 15.86151
0.33569 1.24359 1.87683 5.87463 0.79346 1.95312 0.56458 1.02234 1.86920 1.31989 2.15912 2.18964 1.34277 2.00653 1.62506 0.67902 1.09100 0.58746 5.82886 2.12860 1.93024 8.67462 9.27734 10.60486 10.85663 3.83759 6.51550 7.16400 7.03430 3.73077 9.26208
