DATA/RAW-RASTER/ECMWF/20170628/EN-2/20170707.en-2.asc
ncols			31
nrows			16
xllcorner		69.5
yllcorner		19.5
cellsize		1.0
NODATA_value	-99999
4.54712 2.56348 1.28174 2.60925 0.10681 0.00000 0.01526 0.04578 0.06104 0.00000 0.01526 0.00000 0.03052 0.01526 0.02289 0.05341 0.16785 0.52643 1.46484 1.60217 1.53351 1.01471 1.71661 0.38910 1.06812 0.72479 1.65558 1.70898 9.01031 17.41791 7.23267
1.31226 0.51880 5.79071 6.48499 5.22614 0.62561 0.06104 0.22125 0.04578 0.00000 0.31281 0.00000 0.03815 0.09918 0.23651 0.31281 0.11444 0.62561 0.55695 1.99890 0.48828 0.69427 0.90027 0.79346 0.97656 3.16620 8.14819 11.05499 12.72583 10.14709 3.22723
0.37384 1.58691 4.37164 5.56183 11.37543 6.15692 7.82776 0.07629 1.67084 0.28992 1.53351 0.02289 0.38910 0.33569 0.50354 0.19836 0.85449 1.57928 0.92316 1.00708 0.64087 0.64850 0.99182 2.83813 8.84247 5.91278 2.90680 12.58850 14.35089 25.52795 6.38580
0.64850 0.39673 0.53406 7.18689 1.97601 1.73950 6.75201 4.92859 0.00000 3.81470 3.60870 2.32697 1.16730 4.98199 4.02069 1.38855 1.09100 0.61035 1.43433 1.08337 1.21307 1.14441 1.68610 6.58417 5.15747 4.64630 10.84137 17.01355 10.95581 13.94653 2.15912
7.60651 2.73132 1.18256 10.81085 8.02612 4.79889 3.09753 7.27081 12.00104 0.64850 0.27466 0.84686 6.88934 4.88281 4.77600 3.87573 1.91498 4.36401 1.42670 3.58582 3.00598 5.90515 7.49969 12.05444 5.49316 8.98743 5.56183 2.23541 4.95911 15.12909 13.23700
13.13782 10.14709 3.79944 4.31824 1.69373 5.56946 4.01306 11.60431 7.10297 19.89746 3.62396 3.31116 2.41852 4.60052 5.51605 6.78253 13.27515 6.92749 5.91278 11.64246 4.75311 14.23645 5.24902 9.85718 17.06696 6.31714 1.86157 0.35095 6.84357 15.26642 10.74219
1.60217 1.70898 2.28882 1.16730 1.12152 3.55530 6.66046 12.09259 6.48499 30.15137 11.58142 30.05981 13.52692 5.61523 3.76129 11.49750 11.26099 15.84625 13.45062 18.23425 9.56726 14.19067 9.21631 13.73291 13.83972 26.77155 14.48822 3.89862 3.96729 1.24359 7.94220
0.00763 0.02289 0.15259 0.11444 0.09918 2.15912 1.18256 4.99725 3.64685 8.34656 8.68225 2.63977 5.08881 12.07733 5.95093 2.96783 4.20380 13.20648 1.39618 3.91388 3.30353 11.14655 5.71442 24.28436 43.25867 37.55951 120.94116 26.42059 32.54700 6.58417 3.15094
0.01526 0.02289 0.06104 0.38910 1.28174 0.16785 1.96838 6.76727 8.14819 9.36127 10.56671 9.89532 2.31934 2.02942 1.12152 1.76239 3.45612 68.96210 10.43701 9.89532 15.40375 4.85229 6.98090 26.23749 7.62177 42.60254 51.32294 26.68762 72.03674 20.46204 5.81360
0.10681 0.34332 0.48828 1.38092 2.97546 1.09863 1.15204 1.67084 7.19452 13.83209 11.76453 2.80762 19.04297 14.30511 4.57764 13.01575 14.57977 15.40375 3.17383 5.57709 6.14166 4.25720 34.01184 15.67841 3.17383 12.48169 12.35199 25.17700 45.52460 12.13074 7.94220
0.33569 0.76294 0.77820 1.36566 0.48828 0.90027 7.22504 2.21252 1.19781 0.20599 0.74768 0.30518 1.19781 1.57166 10.46753 7.03430 10.62012 7.05719 3.02887 4.50134 12.10785 20.83588 125.31281 55.21393 15.56396 13.92365 6.75964 6.71387 13.40485 5.03540 6.85883
0.38910 0.86212 2.38800 2.60162 2.52533 8.81958 2.14386 2.80762 5.48553 0.99182 0.87738 2.31934 1.62506 0.32806 0.95367 0.92316 0.83923 0.57983 12.53510 10.56671 7.62939 1.45721 1.21307 1.16730 14.00757 12.43591 2.18964 1.60980 14.72473 7.76672 4.66156
0.70953 0.67139 0.16785 0.64087 1.83105 1.54114 1.46484 2.81525 1.00708 1.65558 2.50244 1.94550 0.90027 0.63324 1.25122 0.72479 0.48065 10.16235 7.22504 8.01849 1.81580 3.63922 5.73730 20.54596 10.54382 2.87628 0.66376 2.03705 4.40979 6.59180 2.47955
0.28229 0.47302 0.00763 1.28174 0.80109 1.09863 0.41962 3.09753 3.03650 1.11389 1.22070 0.62561 0.20599 0.32043 0.22125 1.01471 0.57983 0.72479 4.72260 6.77490 1.38855 8.44574 6.91223 6.42395 6.37817 0.22125 0.27466 0.61035 7.02667 10.00977 6.94275
0.60272 0.54169 0.77057 4.38690 1.50299 0.08392 0.41199 0.82397 0.54932 1.57166 1.09863 0.29755 0.19073 0.27466 0.10681 0.67139 0.35858 3.23486 1.04523 2.45667 3.25012 6.89697 10.31494 7.12585 0.36621 0.83160 0.86975 3.33405 5.74493 12.42828 5.57709
0.96893 1.20544 2.37274 4.82941 0.24414 0.97656 0.37384 0.76294 0.35095 0.96130 1.31989 0.75531 0.33569 0.14496 0.70190 0.57983 2.72369 1.39618 1.55640 1.44958 3.82233 4.72260 11.93237 10.68878 15.53345 1.10626 2.91443 1.81580 2.70081 15.53345 5.42450
