DATA/RAW-RASTER/ECMWF/20170628/EN-2/20170712.en-2.asc
ncols			31
nrows			16
xllcorner		69.5
yllcorner		19.5
cellsize		1.0
NODATA_value	-99999
0.76294 3.25012 0.08392 1.58691 9.17816 4.00543 1.75476 0.54932 0.06104 0.22125 2.48718 3.70026 4.04358 3.70789 2.92206 1.44958 0.68665 0.54932 2.23541 4.49371 3.01361 4.12750 3.28064 0.32806 0.39673 0.70190 8.47626 12.83264 4.44794 2.49481 9.01794
1.52588 0.38910 1.17493 0.99182 0.49591 0.03052 0.12207 1.30463 2.27356 0.50354 2.05994 2.73895 4.14276 2.73132 4.15802 1.51825 0.72479 2.15912 2.77710 1.61743 3.18909 3.28064 1.63269 0.90027 2.71606 3.95966 10.11658 4.44794 5.76782 2.19727 2.73895
0.60272 2.26593 7.20215 2.70844 3.77655 0.41962 0.38910 0.01526 0.10681 0.16785 0.69427 1.15967 1.68610 1.51062 1.72424 1.22833 1.85394 0.79346 0.80109 2.76184 3.57056 2.11334 4.23431 24.57428 3.03650 2.67792 6.01196 5.67627 3.82996 8.89587 4.55475
0.71716 1.07574 5.03540 5.24902 1.77002 2.38800 1.30463 4.59290 0.03052 0.00763 0.52643 0.32806 0.15259 0.25177 1.09100 0.85449 0.22888 0.06104 0.35095 0.90790 3.87573 9.92584 6.31714 7.91931 4.22668 0.62561 1.08337 3.13568 5.74493 8.14819 9.16290
3.69263 0.70190 1.25122 1.96075 2.05994 2.07520 0.70190 3.66974 1.41144 1.33514 0.00000 0.06866 0.38910 0.15259 0.03052 0.00000 0.00000 0.42725 0.96130 2.78473 8.62885 2.18964 15.12909 8.14819 2.51007 2.31934 0.09918 8.43048 5.73730 8.62122 13.08441
14.14490 0.01526 0.10681 0.06104 0.55695 2.00653 0.54932 1.22833 2.49481 3.24249 2.86865 1.14441 0.10681 0.02289 0.01526 1.42670 2.85339 1.91498 2.72369 5.14984 5.08881 8.89587 6.74438 9.42230 9.03320 0.84686 1.03760 3.00598 8.43048 2.56348 3.86810
0.14496 0.00000 0.00000 0.03815 0.38147 0.13733 1.04523 0.94604 2.96783 2.63977 0.68665 6.20270 2.86102 1.04523 0.71716 2.71606 0.53406 2.75421 0.77057 1.55640 2.85339 8.42285 8.27789 2.15912 2.47192 5.73730 4.83704 5.67627 1.22833 10.74219 7.80487
0.51880 0.25177 0.00000 0.00000 0.36621 0.67139 0.02289 1.03760 5.20325 2.11334 0.72479 1.12152 1.94550 1.26648 17.48657 2.28119 4.63867 14.63318 0.77057 16.02936 4.05884 10.08606 2.71606 8.24738 5.76019 9.67407 17.42554 12.16888 15.35797 10.40649 19.50836
0.00000 0.00000 0.00000 0.88501 0.39673 0.03815 0.25177 0.00000 0.99182 3.88336 1.87683 0.80872 1.46484 1.44196 8.39996 17.81464 1.15967 63.11035 14.66370 122.48993 48.59161 56.23627 37.85706 2.06757 0.99182 3.73077 8.55255 16.00647 9.26208 10.11658 9.04846
0.03815 0.51117 0.79346 1.41144 0.83160 0.54932 0.05341 0.03052 0.58746 3.04413 3.95966 1.97601 3.33405 1.08337 5.20325 4.11224 3.15094 17.03644 7.65991 8.20160 10.99396 3.87573 6.34766 10.52094 3.45612 6.64520 22.66693 41.08429 15.08331 7.50732 8.48389
0.13733 1.32751 1.19019 1.10626 0.64850 0.91553 0.91553 0.05341 0.22125 0.82397 0.99945 3.99017 2.92206 5.85938 4.03595 3.02887 2.83813 7.51495 5.25665 8.34656 4.05884 13.21411 7.84302 8.39233 9.25446 26.09253 21.21735 16.18958 9.08661 4.05884 7.36237
0.16785 0.49591 1.60980 2.20490 1.21307 1.06812 1.67084 0.33569 0.81635 3.36456 1.83105 8.11005 7.08008 7.78198 16.67023 7.37000 2.31934 3.48663 3.34930 3.99780 2.67792 1.31226 12.25281 27.25220 7.43866 11.65009 24.21570 25.33722 4.69208 7.68280 7.30133
0.82397 0.62561 0.06866 0.85449 0.73242 2.40326 0.71716 1.57928 6.88934 7.40051 25.85602 11.91711 27.37427 15.42664 2.79999 6.30951 3.32642 1.53351 2.99072 3.28827 8.09479 11.48987 18.84460 20.44678 33.10394 14.09912 15.20538 9.23157 10.19287 6.63757 16.76178
0.43488 0.65613 0.50354 3.29590 0.95367 0.23651 0.56458 5.08118 6.49261 0.84686 19.92798 29.94537 5.66101 6.27136 6.43921 10.60486 5.50079 2.49481 4.97437 2.26593 9.46808 7.38525 6.05774 33.30994 6.11115 3.16620 7.71332 20.87402 12.61902 5.79071 15.93018
0.49591 1.92261 0.36621 1.52588 3.46375 0.81635 1.83105 3.36456 7.17163 31.88324 61.41663 105.83496 29.83856 2.45667 1.25122 12.03156 3.57819 4.26483 4.31824 3.06702 3.95966 2.63214 5.52368 8.99506 12.30621 3.68500 7.97272 7.10297 31.72302 15.38849 30.48706
0.42725 1.15204 1.02997 5.26428 1.05286 1.43433 0.91553 15.47241 8.56018 19.14978 103.05023 316.39099 2.83813 3.03650 9.65881 7.30133 2.00653 2.69318 3.52478 1.73950 2.89917 1.52588 2.65503 4.67682 11.61957 3.81470 5.44739 2.72369 20.12634 21.90399 139.13727
