DATA/RAW-RASTER/ECMWF/20170628/EN-2/20170703.en-2.asc
ncols			31
nrows			16
xllcorner		69.5
yllcorner		19.5
cellsize		1.0
NODATA_value	-99999
0.00000 1.45721 1.44958 0.80872 1.83105 1.97601 2.77710 0.07629 0.13733 0.04578 1.42670 0.83160 2.10571 1.31989 1.80054 0.30518 0.41962 0.30518 2.35748 1.86157 0.96893 2.41852 2.48718 0.51880 0.97656 0.75531 0.16785 0.04578 0.02289 0.01526 0.03815
0.24414 0.00000 0.04578 1.07574 1.23596 0.78583 0.00763 0.21362 0.06104 0.12207 1.28174 4.66919 0.86975 3.40271 7.37762 3.70026 2.94495 0.56458 0.68665 0.97656 1.08337 2.91443 1.86920 2.91443 7.26318 2.62451 0.31281 0.11444 0.05341 0.00000 0.11444
0.44250 0.89264 0.04578 1.27411 4.05121 8.44574 13.54218 0.29755 1.53351 4.34113 11.34491 7.22504 10.10132 10.24628 4.94385 5.37872 4.71497 3.20435 2.25067 0.94604 2.35748 1.31226 11.82556 5.30243 1.62506 1.52588 0.06866 0.00763 0.00763 0.00763 0.32806
1.01471 0.03815 0.06866 3.66974 1.22833 1.66321 8.57544 12.03156 0.46539 0.70953 9.22394 11.49750 7.49207 13.93127 5.50842 3.33405 3.12805 0.62561 1.41144 6.59180 4.50134 0.60272 1.38855 1.02997 1.10626 0.04578 0.74768 0.19073 0.00763 0.89264 1.10626
7.24030 0.07629 0.08392 0.71716 1.31226 1.35803 12.55798 11.75690 39.74915 2.73132 5.66101 8.99506 3.41797 5.68390 6.66809 6.10352 6.59180 3.99017 2.75421 1.95312 8.25500 10.00214 6.46973 0.13733 0.85449 7.37762 3.34930 1.64795 5.08118 2.84576 1.50299
7.06482 1.41907 0.12970 2.71606 1.52588 1.27411 8.21686 16.74652 18.96667 39.59656 59.86023 34.50775 16.75415 4.34113 7.70569 14.68658 14.22119 7.62939 11.77979 5.43976 8.66699 3.09753 1.99890 3.55530 0.66376 1.02997 0.92316 3.70789 10.95581 1.65558 5.47028
0.01526 0.13733 1.39618 2.59399 2.05231 4.05884 7.72858 23.40698 13.29041 13.19885 40.48157 35.85052 14.14490 5.96619 4.89044 5.40924 6.96564 6.59943 4.02069 0.58746 6.53839 0.60272 9.91058 0.91553 7.14874 10.89478 4.46320 3.26538 6.28662 15.13672 6.99615
0.00000 0.03815 0.30518 0.78583 6.27136 7.01141 15.55634 28.50342 23.55957 16.89148 19.63806 27.83203 21.39282 30.35736 61.26404 72.76917 18.32581 6.96564 1.31226 4.52423 3.25012 8.96454 1.28174 16.14380 5.72968 9.62067 20.63751 10.98633 11.38306 7.38525 13.64136
0.00763 0.00763 0.03052 0.91553 23.34595 9.59015 38.25378 25.01678 9.84955 6.64520 8.87299 14.70184 23.75793 23.13232 20.13397 82.98492 38.09357 2.44904 7.39288 87.10480 47.33276 52.86407 35.24780 21.91925 33.90503 43.27393 28.54919 48.21014 54.37469 11.87897 21.43097
0.23651 0.43488 0.35858 0.98419 31.41785 35.75897 38.27667 71.21277 2.44141 0.82397 3.66211 6.78253 16.90674 15.13672 16.08276 13.83972 11.39069 12.40540 29.66309 26.46637 9.12476 6.83594 25.65002 7.84302 5.46265 10.20050 44.10553 41.34369 173.22540 73.77625 15.18250
1.31226 1.40381 1.48010 1.22833 3.15094 54.59595 121.13190 110.66437 12.60376 0.97656 3.40271 7.27081 44.08264 9.08661 13.16833 13.06152 4.98962 6.33240 19.56940 19.54651 9.71222 15.99884 26.59607 10.78796 2.83813 6.93512 9.30023 34.07288 75.88196 78.33099 45.88318
1.35040 1.56403 1.76239 4.11224 1.77765 1.38092 3.95203 28.15247 5.95093 6.08826 6.09589 6.87408 6.65283 9.10950 19.15741 15.99884 13.90076 18.19611 10.97107 30.37262 19.68384 21.45386 2.76947 8.01086 2.85339 7.08771 6.31714 34.06525 27.96936 35.32410 33.39386
1.55640 3.89099 3.53241 7.36237 17.47131 8.80432 5.56183 4.81415 9.20868 8.85773 30.44891 17.34924 10.93292 17.12036 20.37048 3.40271 1.00708 9.33075 2.15149 24.40643 43.57147 24.58954 11.98578 16.73889 10.42175 2.31934 3.95966 12.87079 18.11218 28.94592 20.95032
1.59454 2.21252 0.68665 12.62665 15.41901 4.10461 3.73077 14.33563 3.11279 10.70404 9.51385 7.55310 13.61847 5.27954 8.76617 11.58905 10.40649 4.08936 8.47626 9.57489 12.92419 28.16772 26.03912 29.00696 1.11389 0.28992 6.28662 6.86646 22.62115 17.79938 10.11658
4.62341 4.28772 2.34222 15.00702 5.11932 4.11224 2.89154 3.68500 1.71661 2.47192 5.08881 2.67029 0.37384 1.24359 3.98254 1.99127 2.10571 1.95312 3.73840 12.58087 10.06317 41.67175 44.99817 30.57098 0.93842 0.83923 10.78796 2.11334 18.10455 13.88550 14.50348
4.30298 6.55365 7.32422 18.00537 6.68335 12.64954 24.24622 9.70459 5.47028 1.05286 11.30676 2.27356 0.28992 4.99725 2.12860 0.61035 1.48773 4.64630 12.58087 5.63049 6.81305 20.43915 38.90991 40.89355 109.67255 6.50787 19.48547 10.38361 5.09644 1.48773 2.28882
