DATA/RAW-RASTER/ECMWF/20170628/EN-23/20170701.en-23.asc
ncols			31
nrows			16
xllcorner		69.5
yllcorner		19.5
cellsize		1.0
NODATA_value	-99999
0.24414 3.84903 1.69373 2.48718 0.77820 1.15585 1.31607 0.20218 0.55695 0.15259 1.37329 2.38037 2.34222 2.71606 6.14166 1.84631 4.22287 6.87408 10.58578 12.14600 13.58414 10.49423 9.88007 7.63702 4.83322 6.38962 11.20377 10.04410 2.46811 0.25558 0.31662
0.00000 0.01526 4.23431 3.89862 2.54440 0.22888 0.13733 1.48773 0.12970 0.17548 5.71060 6.27899 4.38690 2.82669 9.83429 11.97052 11.55853 9.98688 10.77652 9.70078 14.95743 4.44412 10.14328 6.10733 6.13022 3.59344 7.79343 9.47189 6.29044 0.20218 0.36240
0.08011 0.62943 0.00000 0.73242 2.07138 6.09207 7.75146 0.67139 3.34930 6.94275 4.42505 5.96237 8.18634 15.06424 6.00433 7.29370 8.68225 8.94165 13.08441 10.97488 3.40271 7.72095 3.68118 1.96075 1.73187 3.80707 3.66592 3.11661 2.23160 0.39291 0.31662
4.45175 0.72098 0.00000 0.01526 0.64087 3.84521 8.33130 1.88065 3.57819 0.83542 3.81851 8.88443 11.31058 11.17706 7.13730 4.80270 5.58090 10.09369 3.45230 6.14548 6.90842 2.26212 3.45612 1.16730 0.84686 0.03815 1.29700 3.21579 3.14713 5.32150 0.41962
2.41470 0.19836 0.00381 0.00000 0.83542 3.38364 6.49643 13.56125 6.67572 5.50079 5.02014 6.33621 10.55527 9.00269 4.81033 8.12912 9.30405 12.07352 13.61084 2.54822 4.91333 1.67084 0.43106 0.11826 0.03815 0.91171 0.97656 6.14929 4.71115 3.41034 2.01797
1.35803 0.10300 0.60272 0.58746 1.30081 3.95203 20.25604 23.25058 14.63318 22.66312 17.28821 15.56778 5.37872 1.43051 3.55530 10.51331 7.41959 5.92422 5.62668 2.31171 2.07520 3.01743 3.41415 7.03812 1.90735 1.38474 0.27466 1.06049 6.47354 1.54495 1.35040
0.10681 0.35095 1.06812 1.72043 0.56458 4.25720 17.78030 18.81409 21.08383 11.39450 16.13235 12.39777 17.09747 11.72256 6.42014 10.04791 14.99557 6.25229 5.59998 5.94711 2.37656 2.22397 5.02014 2.53677 6.25610 7.33185 20.05005 7.40051 6.82068 1.33896 5.02014
0.12589 0.73242 0.87357 1.98364 2.32315 8.49915 17.62390 17.53616 22.22061 12.95090 11.10077 17.46368 11.24954 17.32635 30.40695 46.97037 16.52527 11.89423 10.45227 5.13840 2.76566 9.78470 1.70517 25.70724 12.27188 61.50436 69.42368 33.13446 21.82770 6.87790 11.55853
0.03433 0.50735 1.19781 6.10733 7.22885 18.36395 19.05060 13.04626 7.92694 5.32913 3.27682 10.17761 12.82501 22.48383 48.66028 10.93292 17.80319 38.02109 44.68155 33.86307 26.09253 106.39572 53.90930 20.72525 14.60648 8.58307 9.89151 59.67331 98.96469 25.79880 11.96671
0.00381 0.17929 2.71606 9.56726 14.49966 16.30402 25.19226 12.68005 19.41299 3.32642 0.72479 2.41470 6.73294 16.94489 36.10611 31.51321 79.36478 56.32401 17.06314 13.98087 38.22708 14.78195 79.02527 16.12473 14.67514 19.07730 103.94287 30.56335 60.56595 22.95685 11.20377
0.16022 0.10681 12.04300 22.36176 26.72577 28.05328 26.00098 19.69147 15.99121 11.37924 4.49753 1.52206 17.13562 16.11328 37.71973 17.26151 16.96777 59.16595 23.33832 14.40811 30.51376 50.49515 55.14526 10.18524 17.69257 10.87570 11.89804 28.98407 54.64554 22.13287 23.91815
0.46921 4.78363 14.76288 73.72284 82.71027 65.59372 65.13977 41.64124 8.15964 0.88501 1.19400 2.02179 7.22504 21.25931 42.62924 15.94162 17.08221 17.63916 18.45551 20.56503 27.26746 35.63309 6.35147 2.67410 28.90015 4.68826 5.74875 26.65329 15.33508 20.71762 22.95303
0.81253 2.82669 4.22287 11.56616 28.08380 11.31058 7.85065 24.28055 11.96289 2.01416 3.44849 2.38800 4.52805 8.13293 19.36340 33.35190 23.15521 72.48306 20.12634 10.40268 24.90234 31.75354 8.91113 8.41904 8.47244 3.69644 3.21960 5.81360 19.38629 12.55417 13.95798
1.33514 1.44958 2.35748 12.39014 30.33829 8.84247 9.66263 13.93127 7.77435 8.78143 5.57327 1.95312 4.89807 6.72531 6.47354 5.81741 3.83377 7.75528 11.20758 27.21786 7.36237 27.29416 18.49747 21.93832 5.03922 0.89264 1.60980 14.15634 31.34537 16.68167 16.27350
4.24576 5.35583 3.87955 25.89417 6.81686 2.10190 1.46866 3.04413 2.62833 0.29373 0.43869 0.43869 0.72861 7.56073 1.39618 3.12805 10.95200 5.10406 10.91003 27.18735 24.73068 27.08817 44.11316 26.90887 24.20044 3.50952 4.23431 5.12695 7.95746 26.22604 27.22168
2.91824 3.70026 8.43048 9.88388 2.66647 1.27411 1.91879 1.29700 0.83542 0.09537 0.28229 0.33569 0.73624 2.31171 0.89645 0.86594 1.20544 1.89209 4.48227 8.03757 12.83646 20.72525 36.15189 45.59326 64.80026 7.96127 32.55844 19.05823 8.96072 5.57327 12.25281
