DATA/RAW-RASTER/ECMWF/20170628/EN-23/20170709.en-23.asc
ncols			31
nrows			16
xllcorner		69.5
yllcorner		19.5
cellsize		1.0
NODATA_value	-99999
5.12695 1.15967 2.05231 1.06049 1.86920 7.44629 1.60980 0.54932 1.27411 1.33514 5.44739 8.78143 5.23376 3.41797 1.33514 0.26703 0.10681 0.36621 1.79291 0.99945 0.08392 0.14496 0.00000 0.00000 0.00000 0.00000 0.00000 0.06866 0.81635 0.62561 0.66376
0.00000 0.04578 0.39673 1.69373 3.52478 1.60980 0.17548 0.23651 1.03760 0.56458 3.44849 2.86102 2.41089 2.25067 0.66376 0.06104 0.19836 0.77057 0.16785 0.65613 0.26703 0.09155 0.06104 0.16022 0.81635 0.31281 1.67847 2.02179 2.44904 0.85449 1.25885
0.00000 0.17548 0.17548 0.73242 8.86536 5.05829 0.95367 0.07629 0.00000 0.00000 1.67847 2.09808 2.06757 2.14386 0.83160 0.28992 0.85449 0.15259 0.08392 0.22125 0.34332 0.16785 0.11444 0.88501 1.32751 4.91333 7.34711 6.72150 8.10242 4.50897 4.66156
0.03052 0.00000 0.00000 0.00763 0.27466 4.03595 11.90186 8.75092 0.01526 0.24414 1.41144 1.12152 1.15967 1.29700 0.90027 0.86975 0.73242 0.26703 0.64850 0.50354 0.44250 0.79346 0.32806 1.39618 5.02777 4.46320 6.34766 5.59235 10.17761 14.95361 22.29309
0.12970 0.00000 0.00000 0.00000 0.00000 0.10681 1.96075 3.19672 0.72479 0.09918 0.46539 2.14386 7.54547 3.76892 0.54169 0.52643 0.57220 0.35095 0.27466 0.86212 0.67139 0.58746 2.02942 2.80762 4.70734 7.94220 7.18689 4.75311 16.79993 14.48059 25.51270
0.15259 0.00000 0.00000 0.00000 0.00000 0.00000 0.01526 1.66321 3.73077 7.33948 27.95410 11.17706 6.17218 1.03760 1.82343 1.36566 0.35095 0.61035 1.02997 2.02942 0.10681 1.55640 5.08118 10.27679 12.02393 14.82391 8.25500 18.31818 19.00482 27.80914 17.99774
0.00000 0.00000 0.00000 0.00000 0.00000 0.00000 0.02289 0.21362 0.09918 5.22614 9.26208 21.41571 6.66809 8.96454 6.03485 5.79071 8.17108 9.85718 8.94165 2.53296 13.67950 19.50073 15.22827 18.73779 16.42609 86.22742 22.81952 12.92419 11.90186 3.46375 10.36072
0.00000 0.00000 0.00000 0.00000 0.00000 0.00000 0.00000 0.11444 0.25940 0.75531 4.76074 10.55908 22.32361 17.48657 11.03973 1.11389 18.62335 10.92529 7.71332 10.53619 18.66150 13.74054 7.07245 42.95349 26.64185 32.89032 59.87549 14.69421 12.58087 13.81683 4.79889
0.00000 0.00000 0.02289 0.04578 0.07629 0.00763 0.00763 0.11444 0.11444 0.16022 0.73242 5.02014 10.38361 14.71710 3.61633 8.27789 19.56177 3.20435 22.39990 68.12286 73.80676 105.10254 17.44843 3.68500 8.46100 3.55530 19.66095 15.17487 22.46094 7.03430 4.34113
0.01526 0.12207 0.62561 0.67139 0.97656 0.09918 0.03815 0.04578 0.29755 0.03815 0.00763 0.07629 0.19836 1.11389 0.28992 5.27954 3.83759 90.65247 9.57489 16.51764 5.19562 44.73877 14.52637 30.36499 9.52148 19.39392 11.46698 17.86041 25.75684 17.93671 4.11987
0.25177 0.49591 1.07574 0.68665 0.00763 0.45776 0.21362 1.22833 0.16785 0.04578 0.09155 0.03052 0.00000 0.12207 0.13733 5.78308 5.15747 12.29095 34.80530 10.60486 6.46973 28.17535 8.43048 2.93732 2.56348 39.39056 36.68976 7.81250 51.63574 8.36182 5.00488
0.50354 0.40436 1.91498 2.67029 0.66376 1.77765 0.60272 0.76294 0.27466 0.07629 0.28229 0.22125 0.12970 0.44250 0.14496 4.16565 52.97852 69.83948 24.02496 54.15344 7.66754 5.76019 0.44250 1.33514 40.35950 8.81958 11.48224 10.12421 6.46210 12.29858 17.44080
0.50354 1.29700 0.83160 1.06049 1.73950 1.35040 0.72479 1.50299 1.33514 0.76294 0.71716 1.28174 0.09918 0.45013 1.89972 30.64728 1.90735 3.05176 1.75476 20.43915 16.77704 14.54163 1.51062 4.95911 20.71381 11.73401 1.74713 31.49414 14.49585 4.80652 10.32257
1.21307 1.30463 0.42725 1.22833 4.98199 0.53406 1.80817 1.54877 1.94550 0.32806 0.15259 0.79346 2.26593 1.10626 1.10626 1.21307 2.18964 1.69373 24.95575 11.09314 22.39990 13.48877 2.70081 8.77380 9.87244 4.73785 81.97021 15.19775 23.49854 4.16565 7.79724
2.89154 1.60980 1.99127 1.89209 3.71552 1.15967 0.57983 0.45776 1.25122 0.57220 0.01526 0.27466 0.41199 6.98090 32.89795 12.79449 7.09534 63.30109 9.15527 10.04028 4.33350 5.66864 7.30133 6.32477 0.80109 1.86920 1.82343 2.51770 3.09753 9.36127 19.19556
1.16730 1.16730 2.05994 7.04956 1.22833 2.09045 0.93842 0.55695 0.63324 0.21362 0.39673 0.54932 0.95367 4.40979 9.36127 37.39929 24.78027 5.53131 5.82886 5.29480 3.45612 3.71552 2.53296 13.25989 16.22009 2.36511 5.37872 2.34222 9.33838 10.22339 17.62390
