DATA/RAW-RASTER/ECMWF/20170628/EN-23/20170707.en-23.asc
ncols			31
nrows			16
xllcorner		69.5
yllcorner		19.5
cellsize		1.0
NODATA_value	-99999
2.38037 3.01361 4.00543 7.46918 5.27954 2.54059 3.46375 1.50299 0.41199 0.29755 1.78528 1.96075 1.38092 0.93842 1.44196 1.43433 1.10626 0.91553 1.65558 1.31989 0.44250 0.84686 0.07629 0.47302 0.65613 0.77820 0.69427 0.46539 0.13733 1.25885 4.60052
0.22125 1.59454 13.48114 11.94000 5.72968 1.48010 0.41199 0.38147 0.16785 0.06104 0.80109 0.98419 1.46484 2.18201 4.12750 4.05884 3.75366 3.34167 4.95911 7.46155 1.51825 1.09863 1.50299 0.43488 0.13733 1.58691 1.41144 2.12097 3.63922 6.41632 6.10352
2.34985 5.18036 2.19727 6.17218 4.38690 2.54822 7.97272 0.10681 0.05341 0.00763 1.40381 2.25830 2.03705 7.78198 12.78687 5.61523 11.69586 15.35034 9.44519 5.87463 1.93024 0.02289 0.83923 1.57166 0.50354 1.36566 1.31989 5.07355 7.10297 5.94330 3.50189
3.54004 1.69373 1.25122 5.12695 5.96619 5.02014 2.93732 7.52258 0.07629 0.03815 0.67902 1.64795 4.31824 7.53784 12.54272 9.72748 11.63483 15.41138 4.69971 1.89209 3.45612 1.24359 0.27466 1.51062 0.61035 0.90027 2.85339 4.15039 9.36127 18.79883 14.20593
1.96838 0.04578 0.09155 0.38910 0.16022 0.61798 2.36511 2.79999 13.72528 1.63269 0.32806 1.79291 1.90735 4.11987 7.15637 9.81903 7.94983 11.85608 6.66809 1.90735 1.69373 8.46100 2.76947 0.38147 1.46484 5.04303 6.72150 5.59998 10.47516 18.72253 21.34705
1.99890 0.00000 0.00000 0.00763 0.00000 0.00000 0.19836 1.62506 7.65991 29.99115 28.70178 5.21088 3.99780 1.25122 7.53784 15.38086 11.76453 15.44952 3.11279 3.37982 6.66046 5.74493 3.56293 3.08990 4.94385 10.40649 2.83813 0.74768 11.47461 17.82990 22.27020
0.00000 0.00000 0.00000 0.00763 0.00000 0.00000 0.00000 0.28992 0.76294 5.72968 19.92035 11.34491 10.71167 3.28064 0.66376 9.55200 5.50079 2.23541 6.30188 10.58960 2.67029 3.62396 2.34222 1.72424 10.63538 19.59991 6.35529 3.41797 6.44684 8.10242 12.64954
0.00000 0.00000 0.00763 0.00763 0.03052 0.00763 0.00763 0.00000 0.38910 1.39618 5.69916 30.67780 4.43268 31.05164 42.64069 16.92200 3.60870 2.24304 0.58746 0.55695 3.47900 14.83917 0.86212 10.26154 19.55414 34.63745 73.18115 12.10022 20.82825 4.59290 3.35693
0.00000 0.00000 0.03815 0.05341 0.06104 0.05341 0.03052 0.00000 0.00763 0.33569 22.74323 15.96832 13.90839 4.82178 2.02179 2.41852 2.51770 5.26428 15.30457 56.70166 43.24341 55.00793 36.77368 27.29034 0.40436 0.74768 10.42938 45.44067 21.94977 2.80762 4.31824
0.05341 0.35858 1.15204 0.92316 0.87738 0.41962 0.61798 1.03760 0.20599 0.06866 1.77765 9.52911 18.15796 7.16400 0.47302 0.12207 0.93842 7.91931 6.25610 5.71442 4.53186 4.95148 17.41791 9.41467 1.35040 3.92151 6.79779 4.74548 45.34149 8.41522 2.60925
0.52643 1.23596 0.40436 0.69427 0.00763 0.06866 0.52643 1.92261 0.34332 0.25177 1.12915 33.35571 10.86426 14.34326 1.69373 0.14496 5.74493 0.47302 5.21851 2.92969 2.31934 31.61621 74.69177 13.81683 0.64850 10.85663 11.96289 13.10730 18.87512 5.79071 6.09589
0.45776 0.80872 1.80054 2.13623 1.85394 0.21362 1.27411 1.92261 0.98419 3.07465 1.19781 22.82715 18.62335 11.96289 4.51660 0.40436 0.31281 0.83923 6.70624 6.39343 2.91443 3.18909 1.38855 1.09863 0.94604 1.79291 0.74768 16.18958 18.59283 2.44141 5.57709
0.83923 0.26703 1.12915 0.73242 1.63269 1.38092 0.34332 1.51062 1.37329 5.37872 7.36237 8.70514 10.91766 12.52747 1.12915 1.30463 0.09918 2.14386 10.81085 1.93024 4.11224 3.87573 3.60870 23.17047 2.86865 1.44196 0.11444 5.37872 2.55585 9.07135 5.59235
1.04523 2.15149 1.25122 2.38800 1.53351 0.50354 0.20599 1.29700 0.99182 0.19836 0.64087 3.06702 3.79944 0.71716 0.83923 0.44250 0.99182 9.14001 2.41852 5.30243 6.00433 2.63214 1.88446 49.88861 9.81140 1.52588 0.38147 0.74768 3.69263 7.53784 9.76562
1.79291 2.02942 2.06757 3.58582 4.29535 1.31226 0.57983 0.94604 0.24414 0.07629 0.56458 0.67902 1.03760 0.50354 0.51880 0.09155 4.07410 2.19727 3.14331 4.11224 2.45667 4.09698 2.79236 9.26971 14.79340 0.54932 1.38092 0.88501 10.36072 15.80811 9.39178
2.72369 2.76947 3.98254 4.77600 1.48010 0.77057 0.10681 0.09155 0.07629 0.32043 0.19073 0.81635 1.36566 1.41907 0.70953 1.22070 9.28497 0.83923 3.54004 2.99072 1.78528 0.86212 3.18909 5.08881 9.49860 1.53351 7.35474 39.54315 2.02942 11.40594 12.90131
