DATA/RAW-RASTER/ECMWF/20170628/EN-23/20170703.en-23.asc
ncols			31
nrows			16
xllcorner		69.5
yllcorner		19.5
cellsize		1.0
NODATA_value	-99999
1.48010 6.78253 1.93787 1.75476 3.05176 0.92316 1.39618 0.93079 0.23651 0.01526 1.10626 1.23596 2.11334 2.94495 0.93079 1.02234 3.11279 3.76129 4.85229 0.95367 1.78528 2.89917 1.02997 1.19781 0.89264 1.02234 2.15912 3.74603 1.80817 2.65503 3.30353
0.02289 0.66376 0.55695 1.42670 2.84576 0.60272 0.19073 0.69427 0.16785 0.03815 1.00708 0.86212 1.15204 7.21741 4.85229 9.35364 3.51715 4.79889 0.80872 3.14331 0.54932 0.32806 0.93079 0.90790 0.79346 3.47137 5.96619 6.43921 9.23157 7.63702 6.75201
0.63324 4.26483 0.84686 1.33514 1.70898 3.18909 7.72858 0.13733 0.06104 0.27466 1.14441 1.90735 1.19781 5.29480 6.41632 6.71387 8.80432 8.30078 4.72260 26.03912 18.11981 8.57544 0.78583 2.73895 5.35583 6.46973 6.43158 8.17108 9.66644 14.65607 8.07190
2.05231 10.10895 8.20923 0.83923 2.60162 3.55530 7.40051 8.20160 0.05341 0.02289 1.96075 2.78473 5.85938 3.28827 6.08063 4.98962 4.09698 3.15857 5.85938 11.74927 13.16833 1.86920 1.73950 4.19617 4.92096 3.05939 8.32367 17.85278 23.83423 26.58844 9.93347
2.34222 4.04358 6.74438 1.15967 1.14441 3.26538 7.65228 4.40979 41.51917 3.89099 2.25830 8.92639 10.62775 10.96344 5.46265 11.50513 13.17596 15.25879 14.05334 7.84302 7.72858 6.55365 5.53894 7.39288 6.82831 6.56128 13.25989 30.07507 25.60425 24.01733 11.16180
1.60980 0.12970 0.03815 0.24414 1.14441 2.94495 8.66699 8.02612 2.89154 7.60651 25.67291 11.88660 7.78198 2.53296 3.57819 5.72968 2.49481 2.05231 10.02502 11.29913 16.10565 17.94434 10.86426 19.19556 11.21521 26.56555 7.45392 1.92261 12.48932 14.48059 18.18085
0.00000 0.00000 0.01526 0.12207 0.35095 1.48773 7.33185 23.05603 25.62714 102.31781 76.71356 17.39502 11.57379 9.42993 1.08337 0.18311 0.90027 2.18964 1.93787 8.13293 4.05121 9.70459 17.85278 8.58307 12.69531 22.10236 29.53339 6.74438 7.40051 10.15472 11.72638
0.00763 0.00763 0.00000 0.00000 0.08392 2.34985 4.76074 62.49237 13.29803 5.32532 6.10352 28.86963 23.26965 28.83148 11.74164 34.14917 15.51819 1.28937 2.34222 2.73895 4.57764 15.27405 7.12585 22.51434 10.34546 23.05603 86.86066 49.93439 41.12244 16.36505 19.58466
0.00763 0.03052 0.06866 0.12207 0.24414 1.39618 7.21741 51.21613 56.21338 21.96503 12.11548 17.56287 50.62103 53.80249 18.85986 15.32745 17.01355 28.75519 52.38342 72.25037 56.99158 26.67236 62.83569 44.31915 22.73560 39.11591 42.78564 86.30371 66.73431 14.59503 31.93665
0.33569 0.90790 0.90027 2.01416 2.15149 0.28992 7.20215 27.22931 195.64819 114.95972 127.82288 11.30676 5.70679 4.78363 8.39996 14.50348 14.14490 29.91486 21.14105 15.04517 10.96344 39.67285 65.64331 40.96222 39.08539 26.14594 33.67615 29.06036 119.77386 45.51697 17.34161
0.34332 1.25885 1.59454 1.11389 0.17548 0.38910 0.72479 9.68170 21.82770 40.16876 58.86078 24.84894 14.04572 0.93079 0.89264 5.31769 8.67462 11.85608 28.71704 37.43744 31.67725 36.38458 93.36853 33.05054 9.89532 29.57916 6.04248 13.72528 38.62762 28.12958 15.75470
0.51117 0.55695 2.34222 3.87573 2.23541 1.38092 1.60980 2.27356 2.81525 0.93079 2.52533 7.04193 1.20544 3.39508 5.08118 5.83649 21.30127 17.53235 17.79175 29.85382 69.67163 48.94257 9.84192 1.58691 4.21906 2.57874 1.17493 16.18958 8.29315 9.77325 14.28223
1.00708 0.85449 0.77057 0.72479 3.49426 2.10571 0.24414 1.44196 1.94550 1.05286 2.83051 2.67792 1.59454 8.68988 7.40814 10.08606 6.87408 9.94110 13.85498 34.37805 50.53711 85.12878 13.70239 3.60107 1.03760 0.15259 0.55695 8.14056 2.33459 5.44739 3.87573
1.75476 1.10626 0.13733 1.84631 4.14276 1.60980 0.88501 2.83813 2.50244 1.09100 2.89154 2.10571 0.77820 1.28937 5.57709 1.91498 9.83429 7.79724 13.74054 32.74536 14.41956 51.97144 12.94708 10.73456 1.30463 0.28229 0.40436 0.87738 10.69641 16.63971 7.24792
5.54657 4.98199 2.12097 4.38690 3.48663 1.35803 1.48773 1.07574 1.28174 2.03705 2.29645 2.40326 4.15802 6.25610 2.08282 0.83923 1.83868 1.75476 8.32367 14.86206 20.49255 25.52795 30.67017 22.12524 0.90790 0.31281 0.59509 1.08337 3.89862 15.25116 11.37543
3.10516 2.13623 3.72314 8.54492 0.76294 1.60980 0.86212 1.09100 1.10626 1.19019 3.31879 2.25830 0.51117 1.29700 1.16730 1.14441 2.11334 2.41852 14.49585 8.27789 14.80103 19.13452 16.96777 32.76825 29.73938 5.15747 6.34003 3.90625 5.27191 6.69098 11.32202
