DATA/RAW-RASTER/ECMWF/20170628/EN-23/20170629.en-23.asc
ncols			31
nrows			16
xllcorner		69.5
yllcorner		19.5
cellsize		1.0
NODATA_value	-99999
2.47955 0.08392 0.86975 1.72234 5.47600 3.29971 7.71332 10.77461 7.25174 2.30980 4.47464 9.67026 8.67653 6.13594 4.05884 3.64113 3.73840 2.48718 4.02451 4.15039 4.71497 12.27760 10.86617 2.75230 2.65312 0.68283 0.74577 0.13161 0.14114 0.07057 1.05667
1.49155 2.81715 1.76239 17.19284 7.41768 16.03699 13.32855 10.44655 17.07458 7.74384 4.94385 2.30408 3.44276 0.87357 0.84305 6.31332 0.50926 0.67139 6.00815 2.87628 1.22452 4.51851 11.42693 9.05800 4.59099 3.17764 1.99318 4.55284 0.94223 0.17929 0.06294
1.28365 9.52721 9.10378 18.64433 26.63994 8.71086 33.24509 21.90018 5.61905 2.06375 1.64795 0.85258 0.36049 0.48447 0.24033 0.55313 3.63731 2.66266 3.39127 2.56538 4.66728 3.15475 1.23596 4.55284 9.58252 9.05800 12.69531 3.51143 3.95393 0.57602 2.04277
9.35745 17.69066 24.20807 14.57024 45.09735 71.61140 18.70728 12.10213 11.62338 0.86975 0.47874 0.47493 0.34523 1.37138 0.70381 0.30136 3.77846 3.70979 4.44031 7.12967 5.80978 4.57573 3.36456 6.41060 10.87379 6.03294 8.88824 8.27408 9.87816 8.08525 0.70572
7.59697 21.99554 3.77846 19.85168 24.99199 48.99597 23.32497 26.67236 2.06184 1.32751 0.00000 0.78392 0.64278 5.20706 1.57356 0.52643 1.31798 7.66373 10.09178 9.75418 7.06673 7.70950 9.70459 17.44080 3.12424 8.80051 7.30705 9.66263 14.69612 7.54547 6.45828
5.90324 4.19044 17.81845 27.80533 48.38371 46.51833 18.78166 25.19798 0.74577 19.53125 7.53021 5.88608 0.76675 0.67902 3.76892 0.75531 1.91116 3.61824 10.87952 11.98196 10.23674 15.99884 10.33592 21.46339 14.55879 21.50154 12.49695 4.83513 11.17897 15.12337 17.91382
6.75583 50.64392 37.52708 52.21176 16.13426 26.02386 7.77626 22.48573 6.20842 6.78444 6.57845 10.25009 10.83755 5.62286 0.47874 2.28691 1.34850 2.62451 9.27925 8.00705 8.36945 10.94818 19.94705 18.62717 25.25520 138.77106 39.18076 14.09721 9.03130 10.69450 15.46288
7.53021 97.93091 48.66600 19.94324 4.55475 5.93567 9.59969 13.53264 11.23619 9.37271 6.16455 18.06450 5.01442 11.18088 24.64676 35.06470 9.82666 1.40572 5.67436 5.66864 12.50839 14.50920 11.65199 44.85893 47.07909 31.25000 45.18127 17.88712 62.96539 16.46996 8.91113
76.59149 17.55714 23.71788 7.82776 2.01416 0.93651 2.22015 4.53949 4.56810 13.68523 15.27786 17.00020 16.66069 6.38199 2.18010 6.29807 2.37656 6.17027 19.11736 53.41339 185.31036 99.81346 47.38808 43.00117 22.58301 5.03349 25.17700 74.95117 56.59676 13.59558 2.38037
17.26723 20.94269 4.45175 1.88255 11.06453 3.55148 0.94604 3.45612 8.53539 20.97893 33.11157 47.45293 9.19151 21.65413 22.41135 4.27818 6.42204 9.59969 11.19804 11.78551 10.68115 4.20952 6.99806 2.87819 11.32011 11.41357 22.66312 12.68768 31.33965 13.11493 3.50189
30.61485 7.32231 4.16183 4.99344 4.17709 3.21960 11.50131 16.44135 8.66127 5.69344 34.18159 65.69481 55.09949 27.73476 4.35638 4.35066 3.42178 3.23105 9.34982 5.99861 5.82504 9.21440 13.32664 8.88634 11.60812 28.84293 5.49698 18.26096 15.90347 2.55203 1.66702
61.90491 3.60870 9.82475 14.81056 8.66699 2.47765 0.95177 3.79753 4.73785 8.71658 27.55737 24.18327 44.48891 28.14674 9.47189 1.18828 2.07138 5.22614 9.10950 4.51088 6.45256 3.65067 1.73378 6.31714 19.50264 1.72043 1.29890 8.25691 10.65826 7.58934 12.99858
54.05998 39.58702 13.64136 8.43430 7.79343 1.72615 0.97275 0.50926 0.64850 1.89781 6.67000 33.75816 100.76714 13.43346 4.68063 1.64986 1.80054 5.94521 9.08089 3.62396 13.21220 3.47328 2.52914 4.08745 5.81169 1.41525 0.43297 3.34167 5.93758 8.63457 8.83102
132.91550 26.92795 2.29454 14.55307 1.67084 0.94414 0.76675 1.52588 0.51308 4.44984 9.47571 13.48686 17.13562 1.06621 1.03760 2.56157 6.07109 7.12395 4.80652 6.83594 4.87137 20.24651 13.37051 4.90379 4.56047 0.56458 0.30136 16.29257 11.61957 14.36806 20.71381
87.16202 10.59341 12.07924 26.89362 3.07274 1.04141 0.37384 0.83160 1.28174 1.60599 3.24631 0.92316 1.07384 0.89836 0.27084 1.95885 2.12860 1.20926 15.82146 16.42227 10.18333 14.84871 25.74730 23.89717 11.85417 0.78773 0.33569 1.00517 19.43016 10.45609 6.54221
7.79915 12.07542 15.65170 33.01239 4.45747 3.76320 2.09236 0.63705 0.46730 0.71335 4.40407 3.29208 2.55966 3.32260 3.53622 35.26115 29.68025 2.28882 9.39751 9.44901 14.17923 21.71898 23.02361 27.52304 43.37120 1.42860 4.86565 1.07384 3.55148 8.39996 11.61575
