DATA/RAW-RASTER/ECMWF/20170628/EN-23/20170628.en-23.asc
ncols			31
nrows			16
xllcorner		69.5
yllcorner		19.5
cellsize		1.0
NODATA_value	-99999
3.12042 8.39806 14.43863 10.00786 9.02748 5.63812 10.88333 10.86044 4.76456 1.26266 3.62396 5.86510 8.37517 9.78661 10.92720 9.80568 5.30434 1.84059 1.72806 7.49016 6.41823 2.19345 0.66948 0.61035 0.57220 0.42343 1.00708 2.07710 2.32697 2.48146 3.15666
2.45857 6.77490 3.99971 3.16048 2.72369 11.38115 9.84955 4.54330 8.20351 3.41797 2.14767 2.00844 2.11525 7.45583 6.35338 9.05037 7.53784 8.23593 6.18935 2.63786 9.14192 4.99344 2.34985 0.47874 0.97275 1.09863 0.61798 0.92316 1.61552 1.10435 1.54114
12.41684 17.77267 15.18440 3.93677 5.50842 7.01141 17.70973 12.90131 6.01768 3.38554 1.73378 1.46484 0.56076 0.45395 2.49100 2.91824 6.66428 9.89532 4.28772 9.12285 10.81467 4.53949 2.61688 2.43759 0.93651 0.57030 1.32370 0.23079 1.47629 0.34142 2.15340
27.25410 44.59381 42.45949 11.03973 2.37083 7.64656 16.24680 9.68552 9.27734 0.63324 0.17548 0.34142 0.32234 4.56429 2.20680 7.67708 7.58362 14.36043 5.98717 6.42204 10.61440 11.11794 12.97951 3.16238 0.79346 0.00000 1.10435 0.43678 1.08147 2.40707 5.64766
20.78629 43.42842 29.21677 26.10779 27.07863 12.39014 5.79262 3.78609 5.47791 0.99945 0.14114 1.05286 2.17056 1.20735 3.74031 4.58145 2.77901 10.18524 16.70074 10.45227 15.15961 10.29396 3.71933 5.51224 5.53322 2.71225 1.93024 2.69699 7.62749 1.48582 4.37546
27.26936 59.43298 14.85062 21.23833 21.10672 29.79088 29.77943 14.06670 6.29807 8.57162 16.90674 0.89264 0.45776 0.52452 3.43895 1.98746 3.88145 7.94029 12.28714 9.43756 5.86319 7.79533 11.22093 8.89969 10.01358 13.79967 0.98610 2.53296 9.61304 10.02312 9.00078
23.73695 30.85899 39.44969 17.06696 21.13533 15.59258 32.50694 15.70511 10.24055 14.16206 11.35635 37.91618 19.24896 7.26318 0.62752 2.04468 3.95584 11.61957 4.29153 6.00243 7.43294 2.68745 6.97708 6.80733 6.51550 37.01210 5.02777 4.15421 0.67902 5.87463 6.06728
4.56238 21.16585 31.11076 2.33078 2.25067 9.01031 6.51741 20.28465 19.17839 15.58113 8.69560 6.19888 1.18637 12.20322 3.24631 23.11325 13.13591 7.31468 9.87625 3.05557 4.73976 10.27679 3.82233 23.91434 17.31491 29.10042 18.15224 8.53348 66.55884 24.38164 3.63922
13.87596 29.94537 2.23160 2.75040 3.49236 10.74600 10.05173 44.56139 23.11707 16.67595 26.41487 10.18143 3.82233 4.11987 1.80817 1.13106 2.17628 22.02415 11.41167 9.53674 55.28069 13.99040 35.66742 38.61809 21.11816 16.91628 13.29231 85.20699 58.18748 17.50755 2.11334
46.41533 21.36803 5.53894 1.81580 11.67488 4.87518 4.76265 5.88989 58.77686 48.79189 34.38377 13.49068 24.34349 6.13594 2.94685 1.14822 1.85585 2.07138 9.35173 16.64543 12.56752 42.43088 58.72726 14.75525 28.38326 11.27815 27.69661 19.90318 41.26549 9.64165 7.58553
6.14929 1.33324 4.69780 2.27356 7.92503 4.29916 2.97356 5.68390 18.50510 28.18108 24.49036 13.62038 6.00243 10.08224 0.41771 1.26839 11.26862 4.81606 15.40756 10.22720 5.94711 27.58026 69.36646 33.68187 14.09340 11.47270 12.61139 21.98601 21.10863 20.97702 8.69179
9.62830 1.15204 0.95940 3.95393 18.96477 2.57874 1.37520 0.81444 2.23541 22.17102 22.68410 36.25107 24.91760 3.76129 4.05312 7.89070 4.01115 6.45256 9.82094 9.26399 1.48392 5.78690 8.87489 16.09421 12.61330 5.81360 3.82996 3.81660 30.81512 25.06447 18.19801
10.58197 1.39618 3.19672 2.57874 10.70595 7.04956 6.83784 2.79236 4.21143 3.87383 35.83145 42.48619 62.22916 22.06039 5.55801 21.82388 45.81451 64.79263 5.29289 4.06075 2.31552 5.05066 10.08797 11.06644 2.72942 1.92451 0.21362 21.55685 22.92252 23.42415 17.14706
11.66344 4.80843 3.67546 7.88116 2.41470 8.55255 8.98552 4.90189 1.86157 7.88116 37.05215 139.50920 33.63037 3.15666 20.33997 65.86456 8.14247 54.42810 5.58281 2.84386 6.11115 9.02939 0.85068 5.08881 7.58934 0.75912 0.45967 2.02179 9.20296 5.13840 17.12036
17.71545 13.79395 10.71358 21.85440 4.71687 7.31468 6.34575 6.63757 7.14111 2.32315 6.85120 5.77545 2.31361 3.64685 12.19749 148.67973 15.83290 5.28908 22.68600 4.45938 3.55530 8.17871 17.22527 8.39615 3.92342 0.17929 0.34904 0.42343 0.27466 1.53923 2.84767
24.82605 37.18376 23.83423 12.59804 2.05803 8.66699 5.74112 4.70352 7.90024 4.00734 7.86591 16.07895 32.14073 44.31725 72.51740 13.14545 4.55093 5.45311 26.57127 4.98962 5.10597 11.22284 25.27237 32.61757 14.45961 1.64032 1.01852 1.29509 0.45204 1.64223 0.62370
