DATA/RAW-RASTER/ECMWF/20170628/EN-23/20170630.en-23.asc
ncols			31
nrows			16
xllcorner		69.5
yllcorner		19.5
cellsize		1.0
NODATA_value	-99999
0.30136 0.02480 2.20490 0.98801 2.56348 1.44196 7.08771 4.37355 5.52368 6.64330 6.17218 9.16862 10.58197 5.37109 7.76100 5.62668 8.04710 4.44984 1.48392 1.44005 1.53542 1.00899 0.40054 0.16212 0.43297 0.66376 1.81770 0.43869 1.20926 1.66702 0.08965
0.02480 0.00000 0.63133 4.45366 7.95555 5.78117 4.81415 7.80678 6.23894 4.23813 7.09534 6.87599 5.42068 3.43895 1.80626 0.28038 0.89455 1.09863 0.90218 0.51308 0.23079 0.23842 0.04005 1.51825 4.93813 6.77872 2.91634 3.45421 1.85585 0.81825 0.94795
0.01335 0.52834 0.73242 1.74904 0.86784 2.87437 10.45418 8.64792 5.36156 4.26674 2.09999 1.97411 0.41389 0.94986 0.14114 0.36621 0.40245 1.54877 1.50299 0.89264 0.31471 0.57602 0.55313 1.05476 2.13432 6.79398 7.29752 5.04684 4.91142 4.46892 2.17819
1.58882 0.18120 1.32942 1.12343 0.19646 18.38684 2.81525 4.59480 10.68497 2.09808 3.98827 0.75150 0.01144 0.12970 0.37766 0.34904 0.74959 0.59509 6.20079 0.79918 1.59645 1.22070 1.62315 1.63460 0.99373 3.78609 12.35771 5.78499 15.56778 9.81712 5.07927
1.97411 0.57411 0.52071 1.08337 6.05011 10.53619 29.56390 16.52336 5.88799 5.92804 1.15585 1.33705 0.73433 0.49782 0.08392 0.75531 0.44250 3.46375 5.49507 1.86157 4.70161 5.76591 4.03595 1.35803 4.17519 2.94876 4.42314 11.39069 15.37704 11.43837 11.84082
1.38474 0.77248 0.18692 5.88799 14.49394 10.42175 42.56821 19.98901 15.56206 19.69147 24.43314 1.62125 1.27029 1.06621 1.52016 1.49536 22.47810 7.55692 5.98907 8.44574 5.92995 6.12450 9.79614 2.04277 7.13921 6.77872 7.49397 5.94139 9.54628 19.53125 19.17076
0.53215 1.18446 7.64465 17.10892 11.16180 12.59041 25.50888 4.77409 9.69696 19.17648 10.32829 20.58601 7.49207 3.27301 0.45013 4.48036 2.79045 11.93237 10.37025 4.19044 17.09557 4.64058 2.68173 9.37080 11.58333 45.00389 34.51920 13.78441 5.38063 12.04872 11.41739
0.62561 3.48473 7.91550 16.32690 32.03583 11.37161 17.95578 4.37546 4.30298 9.75990 29.43611 13.78059 7.13539 11.26480 16.42609 16.21628 10.07271 6.91605 4.59862 2.28119 5.39207 9.72939 5.12123 33.95271 30.48134 78.17268 77.63481 15.04898 56.22482 19.20700 17.14325
0.50163 2.87819 21.69228 23.01407 13.50975 7.16972 4.45938 2.72179 6.98280 6.58417 16.20293 15.71083 27.17781 11.58905 4.49562 5.54848 2.92778 19.10400 70.29724 101.91727 79.23317 83.53806 91.03203 17.34543 22.19009 7.54929 49.78371 128.04222 100.11292 36.41319 16.81137
9.01031 18.14079 24.21188 10.52666 7.25555 13.86261 7.79533 1.72806 12.29286 18.87894 11.35445 42.35840 26.22223 23.71597 25.95711 15.95879 40.34042 24.58382 39.38293 151.58081 23.07320 19.78874 21.24596 0.95177 1.97601 9.41658 32.38869 18.65578 67.63458 36.47423 28.90205
24.94621 33.05817 37.71400 34.44290 53.86925 2.71606 5.23949 4.50516 2.64168 2.30789 6.65474 6.79398 5.80025 8.14629 11.25526 24.57809 12.12692 21.23070 29.00696 15.25688 10.16998 10.39314 28.43285 11.60049 4.34303 22.86339 13.70621 15.00893 31.90804 14.28223 18.73207
26.84021 41.24832 58.12454 61.95068 33.02956 5.69725 1.85394 2.73514 7.80869 1.06049 2.47383 3.79753 18.27431 12.51411 9.18770 3.03650 44.97719 37.49275 16.24489 19.28711 5.59807 8.10242 1.59836 2.47192 8.21686 2.13242 1.44386 6.79398 16.97159 13.83972 10.19287
87.19826 53.97224 23.96774 11.70731 8.59642 7.18498 2.55394 5.55229 10.09750 4.33731 9.00459 26.25275 14.50539 23.46230 18.05878 22.37511 66.67328 5.05257 3.74985 10.04601 19.99474 5.98335 8.12340 5.88799 4.93622 1.02043 1.31035 2.63596 15.34843 13.78632 10.66971
4.65584 3.30544 0.55313 2.38800 2.90298 0.71144 1.50490 2.90298 7.57790 1.15013 23.41461 60.60791 22.47238 30.39932 63.29346 29.45900 4.26865 6.09779 8.26454 9.28307 4.42123 20.85686 11.39450 21.07811 6.15311 1.02234 1.01280 0.72479 29.00124 6.77299 17.08221
5.49316 4.33350 1.73187 6.55365 3.85666 0.43678 0.40627 3.66211 1.35040 3.63922 21.03043 14.96506 4.02451 6.02150 11.81984 4.77600 2.92778 0.31090 24.41597 9.13239 19.37675 24.31679 43.75076 31.45027 2.72369 1.99318 0.88310 3.58009 9.06563 18.77403 14.82582
4.53377 3.41415 3.11279 5.67055 0.84305 1.13487 0.55504 0.87738 5.56755 3.87383 40.88402 68.87054 24.56856 11.24001 4.35257 12.16698 21.74187 29.74892 4.81033 8.00323 18.77022 13.52119 29.06990 43.34068 39.56604 14.54353 5.14412 3.10135 4.80843 11.38496 12.37297
