DATA/RAW-RASTER/ECMWF/20170628/EN-23/20170708.en-23.asc
ncols			31
nrows			16
xllcorner		69.5
yllcorner		19.5
cellsize		1.0
NODATA_value	-99999
3.49426 6.11115 3.28827 1.74713 11.58905 1.51062 1.61743 0.57220 0.24414 0.41962 1.77765 0.64850 0.07629 0.12207 0.16785 0.26703 0.96130 0.29755 0.85449 3.60107 1.64795 0.86975 1.28174 1.39618 0.70190 0.25177 0.12207 0.25177 0.09155 0.00763 0.08392
0.06104 0.12207 0.17548 1.76239 0.70953 0.69427 0.00000 0.24414 0.06866 0.22888 2.38800 1.69373 1.31226 0.25177 0.90790 0.45013 0.08392 0.81635 1.75476 3.31879 6.08826 6.35529 3.70026 1.85394 2.05994 3.63159 2.81525 1.99890 1.80054 1.47247 1.17493
0.65613 2.42615 1.12915 0.90027 0.36621 2.49481 1.26648 0.06104 0.03052 0.00000 2.51007 3.23486 1.21307 0.86212 0.36621 1.29700 0.78583 1.31989 6.78253 8.31604 7.25555 13.82446 21.20209 29.82330 18.90564 11.71875 8.02612 4.48608 5.44739 2.02179 1.42670
2.95258 0.77820 0.31281 1.35803 0.54932 0.82397 1.48773 8.27026 0.00000 0.03815 1.19019 4.48608 1.04523 1.77002 1.14441 0.96130 2.42615 8.88824 5.50842 4.97437 7.29370 9.89532 22.61353 19.59991 12.73346 8.89587 20.18738 4.17328 0.86975 1.76239 1.35803
0.79346 0.00000 0.03052 0.18311 0.69427 1.81580 3.42560 1.67084 0.78583 0.19836 0.08392 1.28174 14.38141 2.71606 2.36511 2.60162 3.49426 6.98090 5.72968 14.32800 8.68225 13.81683 13.90839 5.34058 2.94495 1.03760 0.81635 0.38910 0.77820 1.10626 1.46484
0.52643 0.00000 0.00000 0.00000 0.03052 0.03052 0.59509 1.13678 2.98309 10.53619 12.58087 5.69916 7.63702 7.39288 11.16180 2.54822 4.82941 7.08008 9.43756 12.59613 3.41034 10.33783 10.55145 4.17328 2.85339 1.41907 0.77820 2.54059 1.68610 0.61035 4.21143
0.00000 0.00000 0.00000 0.00000 0.00000 0.00763 0.01526 0.00000 0.26703 1.15204 3.43323 10.07080 16.22772 14.81628 11.26862 9.82666 6.27136 12.31384 9.30023 13.51166 4.69208 3.57056 18.37921 1.51825 5.64575 9.98688 1.08337 10.78033 17.00592 16.36505 8.55255
0.00000 0.00000 0.00000 0.00000 0.00000 0.05341 0.03815 0.04578 0.00763 0.03815 0.36621 4.26483 33.77533 50.97198 37.57477 5.14984 3.43323 1.97601 5.88989 2.73132 2.14386 10.76508 2.08282 10.37598 18.37158 37.42218 17.28821 3.95966 41.90063 21.78955 14.82391
0.00763 0.00763 0.04578 0.00763 0.03052 0.26703 0.15259 0.00000 0.00000 0.00000 0.03815 2.90680 6.53839 44.83032 6.66809 9.46808 15.48004 16.47949 21.65985 15.39612 35.59875 71.92230 39.82544 25.63477 8.11005 3.44849 8.89587 4.06647 41.61072 19.50836 29.07562
0.10681 0.38147 0.83160 0.28229 0.67902 0.01526 0.12970 0.33569 0.09155 0.00000 0.09155 0.22888 2.40326 3.58582 7.29370 15.09857 5.21088 6.15692 5.22614 9.94110 3.76129 3.69263 9.34601 9.63593 0.61035 2.71606 25.48218 22.27020 21.60645 12.08496 24.20807
0.32806 1.07574 0.54169 1.44958 0.19836 0.48828 0.74768 0.77820 0.19073 0.04578 0.06104 0.28229 0.88501 8.95691 7.31659 25.37537 3.59344 3.64685 8.78906 0.77057 10.45227 12.42828 32.05872 10.60486 3.28827 2.11334 10.92529 39.02435 62.13379 8.70514 3.95966
0.41199 0.77057 2.14386 1.87683 2.53296 1.52588 1.32751 1.76239 0.67902 0.22888 0.67902 0.57983 1.12915 3.15094 34.53064 17.88330 7.85065 4.40979 14.80103 5.53131 6.07300 2.95258 1.08337 1.05286 0.57983 15.51819 6.21796 27.98462 39.47449 16.19720 5.76019
1.30463 0.89264 1.14441 1.08337 2.43378 1.45721 0.82397 0.19836 0.54169 0.73242 0.60272 8.65936 3.00598 17.47131 26.62659 63.61389 4.24194 5.42450 6.98090 3.71552 4.15039 8.81958 5.33295 2.96021 1.63269 1.57166 2.25067 14.69421 10.71167 10.33783 12.74109
1.02234 1.12915 0.27466 1.97601 1.56403 0.60272 0.59509 2.44904 0.51880 0.51117 1.27411 1.64795 8.99506 3.70789 4.34875 7.22504 5.20325 12.85553 16.99066 7.43866 8.47626 11.82556 6.00433 2.47955 2.63214 0.09918 0.67139 6.75964 11.18469 10.65826 26.13831
3.29590 1.62506 1.52588 4.50897 1.73187 1.33514 0.24414 0.15259 0.18311 0.45013 0.71716 4.70734 3.06702 3.57056 20.10345 14.00757 11.66534 12.13074 14.52637 3.22723 3.18146 14.73236 12.25281 5.31769 0.54932 0.57220 2.98309 0.96130 8.97980 75.84381 3.34930
2.34222 2.67029 2.86865 5.21851 0.96893 1.20544 0.19836 0.07629 0.05341 0.38910 0.26703 1.82343 2.96783 13.03101 3.12805 13.55743 9.56726 10.00214 6.49261 2.76184 2.54822 6.79779 6.24084 14.72473 11.03973 4.47083 5.53894 2.25830 1.86920 2.08282 4.10461
