DATA/RAW-RASTER/ECMWF/20170628/EN-23/20170706.en-23.asc
ncols			31
nrows			16
xllcorner		69.5
yllcorner		19.5
cellsize		1.0
NODATA_value	-99999
15.51056 4.45557 6.52313 3.43323 5.50842 0.48828 4.70734 1.16730 0.21362 0.06866 0.56458 0.68665 0.92316 1.27411 1.32751 0.32806 0.35858 0.20599 0.38910 1.80054 1.02234 0.64850 0.89264 4.89044 1.33514 1.55640 1.66321 1.22833 1.08337 2.99835 7.40814
0.48828 5.04303 10.75745 9.70459 5.02014 0.03052 0.04578 0.06104 0.00000 0.00763 0.16785 0.16785 0.45013 0.64087 0.66376 0.40436 0.35858 0.75531 0.81635 0.45776 0.26703 1.60980 3.42560 1.69373 1.37329 5.21088 1.77002 2.25067 1.83868 7.39288 4.72260
0.33569 6.09589 1.34277 6.69861 6.04248 3.34167 1.80817 0.06104 0.58746 0.01526 0.00000 0.00000 1.15204 1.30463 1.19019 0.99945 0.77057 0.64087 0.94604 0.74768 1.02234 1.48773 4.73785 13.64899 16.24298 16.46423 23.69690 18.08167 11.02448 10.61249 5.79071
2.33459 0.56458 0.65613 4.39453 1.95312 2.09808 3.29590 22.95685 0.06104 0.00000 0.44250 2.69318 4.53949 9.67407 3.43323 2.12097 5.76019 2.86102 5.05829 11.19995 5.65338 9.76562 7.88116 12.48932 12.64954 15.42664 17.54761 2.91443 5.47028 6.50787 9.46808
0.48828 0.11444 0.01526 0.13733 0.00000 0.67902 0.92316 1.80817 1.16730 0.23651 0.45776 2.56348 1.86920 15.13672 8.63647 6.22559 11.86371 11.23047 11.70349 9.10187 9.23920 6.49261 10.32257 18.18848 11.56616 5.15747 4.85229 5.05066 2.41089 2.26593 6.21796
0.17548 0.00000 0.00000 0.00000 0.00000 0.01526 0.51117 0.92316 2.03705 17.41028 51.91803 8.68988 4.50134 2.41852 2.67029 5.56946 15.46478 12.30621 15.38849 20.31708 24.32251 20.66040 26.57318 27.72522 12.38251 11.77979 4.76074 1.32751 10.32257 16.54053 4.43268
0.00000 0.00000 0.00000 0.00763 0.03815 0.03815 0.30518 0.34332 1.64795 13.95416 4.17328 8.28552 27.06909 8.62122 3.07465 6.82831 5.57709 20.53833 18.66150 8.23212 7.43103 12.68768 17.44843 6.81305 6.15692 55.59540 17.34924 4.07410 0.64850 3.60870 9.36890
0.00000 0.00000 0.02289 0.05341 0.01526 0.01526 0.00000 1.08337 2.30408 67.38281 5.92041 2.28882 1.13678 14.16779 3.72314 7.23267 12.29858 2.91443 1.47247 2.05231 10.11658 15.72418 6.20270 8.32367 36.59821 64.55231 44.22760 12.58087 14.85443 1.75476 1.10626
0.00763 0.03052 0.06866 0.34332 0.38910 0.13733 0.17548 0.48065 0.35095 3.69263 6.98853 1.02234 1.21307 0.67139 0.26703 1.64032 1.17493 4.15039 4.98962 24.15466 11.23047 83.29773 27.36664 24.16229 43.53333 9.96399 32.53174 43.41888 16.02936 1.76239 0.67902
0.18311 0.41962 0.91553 0.75531 1.44958 0.46539 0.70190 1.28937 1.21307 2.85339 7.20215 3.50189 0.97656 1.83868 3.33405 0.77057 0.62561 1.83105 0.33569 0.83160 0.93842 1.28174 14.25171 1.12152 1.85394 10.13184 6.74438 10.67352 21.87347 0.67902 4.73022
0.51880 0.73242 0.83160 0.61798 0.22888 0.39673 0.06104 0.79346 4.08173 5.78308 23.48328 245.26215 2.60162 2.59399 2.02942 1.36566 9.65118 1.67084 0.71716 1.06049 4.24194 104.52271 42.73987 13.61084 5.83649 7.44629 3.29590 10.17761 5.31006 0.42725 0.21362
0.74005 0.57220 1.44958 2.67029 1.73187 1.57166 1.09863 5.12695 6.63757 4.36401 8.15582 47.43958 20.00427 10.89478 0.64850 0.84686 0.35095 0.12207 3.44086 3.72314 18.68439 4.58527 17.74597 2.59399 3.52478 1.51825 4.76837 5.01251 2.67792 11.89423 2.57874
1.11389 0.90027 1.62506 1.71661 4.04358 1.30463 1.46484 2.80762 1.17493 2.65503 4.91333 3.51715 12.10785 11.90186 12.30621 16.02173 0.06866 0.56458 2.17438 2.25067 1.44958 4.25720 18.10455 5.75256 9.88770 0.65613 0.33569 3.46375 10.13947 12.53510 2.82288
0.92316 1.47247 1.68610 2.57111 3.15857 1.49536 1.04523 1.16730 2.47192 1.25885 1.89209 1.79291 2.26593 6.89697 13.65662 8.66699 7.14111 3.74603 6.46973 6.90460 7.54547 19.81354 3.02124 22.85767 2.18201 0.14496 1.34277 1.48010 9.73511 12.42065 9.68933
2.98309 2.59399 1.83105 3.76129 1.67084 1.57166 0.61035 1.53351 0.83923 0.80872 1.08337 0.61798 1.86920 2.16675 3.63159 6.31714 1.59454 3.00598 5.91278 6.84357 1.22833 1.85394 10.45990 3.70789 0.86975 0.77820 1.73187 0.94604 7.50732 8.81195 6.37817
2.39563 1.56403 5.24902 7.99561 0.61035 1.39618 1.91498 2.35748 1.38092 0.26703 0.35095 1.42670 1.67084 0.17548 0.84686 4.17328 6.59180 1.48010 1.34277 4.05121 1.31989 1.41907 2.05994 11.57379 10.90240 0.59509 5.27954 1.02997 0.89264 2.04468 2.61688
