DATA/SHG/ECMWF/20170628/EN-20/20170706.en-20.asc
ncols        190
nrows        64
xllcorner    -5100000.000000000000
yllcorner    4130000.000000000000
cellsize     10000.000000000000
NODATA_value  -99999.000
[rows 0 to 32 of 64, columns 0 to 75 of 190]
2.911 2.799 2.682 2.559 2.430 2.296 2.155 2.009 1.858 1.765 1.688 1.606 1.518 1.425 1.326 1.222 1.113 0.999 0.879 0.842 0.842 0.947 1.087 1.215 1.330 1.431 1.520 1.595 1.658 1.708 1.744 1.768 1.778 1.789 1.803 1.816 1.827 1.836 1.843 1.849 1.852 1.854 1.855 1.853 1.850 1.890 1.973 2.060 2.150 2.244 2.342 2.443 2.549 2.657 2.770 2.886 3.006 3.147 3.314 3.485 3.661 3.840 4.024 4.213 4.405 4.602 4.802 5.008 5.217 5.336 5.305 5.276 5.251 5.230 5.211 5.195
3.074 2.943 2.805 2.661 2.512 2.357 2.197 2.030 1.858 1.733 1.637 1.536 1.495 1.465 1.443 1.429 1.425 1.429 1.441 1.462 1.492 1.564 1.659 1.740 1.809 1.865 1.908 1.937 1.954 1.958 1.948 1.926 1.891 1.871 1.879 1.886 1.890 1.893 1.894 1.893 1.891 1.887 1.881 1.873 1.863 1.893 1.989 2.089 2.192 2.299 2.410 2.524 2.642 2.764 2.889 3.019 3.151 3.301 3.483 3.669 3.859 4.054 4.253 4.456 4.663 4.874 5.090 5.310 5.534 5.700 5.680 5.663 5.648 5.637 5.629 5.532
3.245 3.092 2.934 2.770 2.601 2.436 2.285 2.147 2.022 1.946 1.920 1.902 1.894 1.893 1.902 1.919 1.944 1.978 2.021 2.072 2.131 2.194 2.243 2.279 2.302 2.311 2.308 2.292 2.263 2.221 2.166 2.098 2.017 1.955 1.957 1.957 1.956 1.952 1.947 1.940 1.931 1.921 1.908 1.894 1.878 1.892 2.001 2.114 2.230 2.350 2.474 2.601 2.732 2.867 3.005 3.147 3.293 3.450 3.647 3.848 4.053 4.263 4.476 4.694 4.916 5.143 5.373 5.608 5.748 5.842 5.716 5.592 5.469 5.347 5.227 5.108
3.285 3.115 2.958 2.813 2.683 2.565 2.460 2.369 2.291 2.244 2.248 2.261 2.283 2.312 2.351 2.398 2.453 2.517 2.590 2.671 2.761 2.837 2.840 2.830 2.807 2.771 2.722 2.660 2.585 2.497 2.396 2.283 2.156 2.041 2.037 2.031 2.023 2.013 2.002 1.988 1.973 1.956 1.938 1.917 1.895 1.888 2.009 2.135 2.264 2.397 2.534 2.674 2.818 2.966 3.117 3.272 3.431 3.595 3.807 4.023 4.239 4.406 4.564 4.711 4.848 4.975 5.092 5.199 5.296 5.383 5.266 5.147 5.029 4.913 4.798 4.684
3.166 3.042 2.932 2.834 2.750 2.679 2.621 2.576 2.545 2.533 2.567 2.610 2.662 2.722 2.790 2.867 2.953 3.047 3.150 3.261 3.381 3.493 3.450 3.394 3.325 3.243 3.148 3.041 2.920 2.787 2.640 2.481 2.308 2.129 2.118 2.106 2.092 2.076 2.058 2.038 2.017 1.994 1.969 1.942 1.914 1.884 2.014 2.153 2.295 2.441 2.590 2.743 2.900 3.070 3.252 3.406 3.532 3.630 3.784 3.937 4.079 4.211 4.333 4.445 4.547 4.639 4.721 4.793 4.855 4.907 4.815 4.701 4.589 4.477 4.368 4.259
3.033 2.956 2.892 2.841 2.803 2.778 2.767 2.769 2.784 2.812 2.877 2.950 3.031 3.121 3.220 3.327 3.442 3.567 3.699 3.840 3.990 4.148 4.072 3.971 3.856 3.728 3.588 3.435 3.268 3.089 2.897 2.692 2.473 2.242 2.201 2.183 2.162 2.140 2.116 2.090 2.062 2.033 2.002 1.969 1.934 1.898 2.076 2.357 2.609 2.834 3.030 3.198 3.338 3.449 3.532 3.587 3.613 3.611 3.705 3.822 3.929 4.026 4.113 4.190 4.256 4.313 4.360 4.397 4.423 4.440 4.364 4.255 4.148 4.042 3.937 3.834
2.885 2.855 2.837 2.833 2.841 2.863 2.898 2.947 3.008 3.083 3.176 3.279 3.391 3.511 3.639 3.776 3.922 4.076 4.239 4.410 4.590 4.778 4.707 4.560 4.400 4.227 4.040 3.841 3.629 3.404 3.167 2.916 2.652 2.375 2.286 2.261 2.234 2.206 2.176 2.186 2.249 2.339 2.456 2.600 2.771 2.969 3.178 3.359 3.513 3.638 3.734 3.803 3.843 3.855 3.839 3.794 3.722 3.621 3.635 3.717 3.789 3.850 3.902 3.944 3.976 3.997 4.009 4.011 4.002 3.984 3.912 3.808 3.706 3.605 3.506 3.408
2.723 2.739 2.768 2.810 2.865 2.934 3.015 3.110 3.218 3.339 3.466 3.599 3.740 3.891 4.049 4.216 4.392 4.576 4.769 4.970 5.180 5.398 5.355 5.162 4.956 4.737 4.506 4.261 4.003 3.733 3.449 3.153 2.824 2.498 2.372 2.395 2.444 2.521 2.625 2.756 2.914 3.099 3.311 3.550 3.816 4.109 4.306 4.389 4.443 4.468 4.466 4.435 4.376 4.289 4.173 4.030 3.858 3.658 3.575 3.622 3.658 3.685 3.702 3.708 3.705 3.692 3.668 3.635 3.591 3.538 3.459 3.361 3.263 3.168 3.073 2.981
2.547 2.609 2.685 2.773 2.875 2.990 3.118 3.259 3.413 3.580 3.746 3.909 4.081 4.261 4.449 4.646 4.852 5.066 5.289 5.520 5.759 6.007 6.016 5.777 5.526 5.157 4.790 4.436 4.092 3.760 3.439 3.129 2.831 2.544 2.439 2.556 2.701 2.873 3.072 3.298 3.551 3.830 4.137 4.471 4.832 5.220 5.462 5.444 5.399 5.326 5.224 5.094 4.936 4.749 4.535 4.292 4.021 3.722 3.525 3.536 3.538 3.530 3.511 3.483 3.444 3.396 3.337 3.269 3.190 3.102 3.006 2.912 2.820 2.730 2.641 2.553
2.357 2.465 2.587 2.722 2.870 3.031 3.206 3.393 3.594 3.807 4.016 4.209 4.411 4.621 4.839 5.066 5.302 5.531 5.653 5.770 5.882 5.989 5.921 5.561 5.212 4.874 4.548 4.233 3.929 3.636 3.355 3.084 2.826 2.578 2.477 2.690 2.930 3.197 3.490 3.811 4.159 4.534 4.935 5.364 5.820 6.303 6.643 6.527 6.383 6.210 6.009 5.780 5.523 5.237 4.924 4.582 4.212 3.814 3.484 3.461 3.427 3.384 3.330 3.267 3.194 3.110 3.017 2.913 2.800 2.676 2.552 2.463 2.376 2.291 2.207 2.124
2.152 2.307 2.475 2.656 2.851 3.058 3.279 3.513 3.760 4.019 4.253 4.393 4.527 4.657 4.781 4.901 5.015 5.125 5.229 5.329 5.423 5.512 5.509 5.188 4.879 4.581 4.294 4.018 3.754 3.501 3.259 3.028 2.809 2.601 2.488 2.796 3.130 3.492 3.881 4.296 4.739 5.208 5.705 6.228 6.779 7.356 7.852 7.636 7.393 7.121 6.821 6.493 6.137 5.752 5.340 4.899 4.430 3.933 3.454 3.395 3.327 3.248 3.160 3.061 2.953 2.834 2.706 2.567 2.419 2.260 2.097 2.014 1.932 1.852 1.796 1.772
1.933 2.134 2.349 2.580 2.810 3.030 3.240 3.440 3.630 3.810 3.976 4.098 4.215 4.327 4.434 4.536 4.633 4.725 4.812 4.894 4.971 5.042 5.085 4.804 4.534 4.276 4.029 3.792 3.568 3.354 3.152 2.960 2.780 2.612 2.471 2.874 3.303 3.759 4.243 4.753 5.290 5.855 6.446 7.064 7.709 8.381 9.080 8.772 8.429 8.059 7.660 7.233 6.778 6.294 5.783 5.244 4.676 4.080 3.457 3.339 3.236 3.122 2.999 2.866 2.722 2.569 2.405 2.252 2.113 1.977 1.844 1.811 1.788 1.765 1.743 1.723
1.905 2.130 2.345 2.550 2.744 2.929 3.104 3.269 3.424 3.569 3.704 3.810 3.909 4.003 4.093 4.177 4.257 4.331 4.400 4.465 4.524 4.578 4.628 4.409 4.179 3.960 3.752 3.555 3.370 3.196 3.033 2.881 2.741 2.611 2.493 2.924 3.448 3.999 4.577 5.182 5.814 6.473 7.158 7.871 8.611 9.377 10.171 9.934 9.493 9.023 8.525 7.999 7.446 6.864 6.254 5.615 4.949 4.255 3.532 3.293 3.147 2.999 2.853 2.710 2.570 2.433 2.298 2.167 2.038 1.913 1.790 1.747 1.727 1.708 1.689 1.672
1.991 2.180 2.360 2.530 2.690 2.839 2.979 3.109 3.229 3.339 3.439 3.527 3.609 3.686 3.757 3.824 3.886 3.943 3.995 4.042 4.083 4.120 4.152 4.003 3.812 3.633 3.464 3.307 3.161 3.026 2.903 2.790 2.689 2.600 2.521 2.946 3.565 4.210 4.883 5.582 6.309 7.062 7.843 8.650 9.484 10.345 11.233 11.123 10.582 10.014 9.418 8.793 8.140 7.330 6.513 5.717 4.942 4.189 3.457 3.132 2.990 2.852 2.716 2.583 2.453 2.326 2.201 2.080 1.961 1.845 1.732 1.682 1.665 1.650 1.635 1.621
2.087 2.242 2.386 2.521 2.646 2.761 2.865 2.960 3.045 3.120 3.185 3.250 3.314 3.373 3.428 3.477 3.521 3.561 3.595 3.624 3.649 3.668 3.682 3.586 3.434 3.294 3.165 3.047 2.941 2.845 2.761 2.688 2.627 2.576 2.537 2.940 3.653 4.394 5.161 5.955 6.776 7.624 8.498 9.400 10.329 11.284 11.960 11.731 10.861 10.012 9.185 8.378 7.593 6.829 6.086 5.364 4.664 3.984 3.326 2.962 2.831 2.702 2.576 2.453 2.333 2.216 2.101 1.990 1.881 1.775 1.672 1.617 1.603 1.591 1.579 1.569
2.195 2.314 2.424 2.523 2.613 2.693 2.762 2.822 2.872 2.912 2.942 2.978 3.025 3.067 3.104 3.136 3.162 3.184 3.201 3.213 3.220 3.222 3.218 3.157 3.045 2.944 2.855 2.776 2.709 2.653 2.608 2.575 2.552 2.541 2.541 2.907 3.715 4.549 5.396 6.152 6.885 7.595 8.282 8.945 9.584 10.200 10.793 10.766 9.970 9.195 8.442 7.709 6.998 6.308 5.639 4.991 4.365 3.759 3.175 2.790 2.669 2.550 2.434 2.321 2.211 2.104 1.999 1.897 1.799 1.703 1.610 1.550 1.540 1.531 1.523 1.516
2.313 2.397 2.472 2.536 2.591 2.636 2.670 2.695 2.710 2.715 2.710 2.713 2.742 2.767 2.786 2.800 2.809 2.814 2.813 2.807 2.797 2.781 2.761 2.717 2.645 2.583 2.533 2.494 2.466 2.450 2.444 2.452 2.466 2.480 2.494 2.741 3.486 4.208 4.906 5.581 6.232 6.860 7.465 8.047 8.605 9.140 9.651 9.781 9.059 8.359 7.679 7.021 6.383 5.767 5.172 4.598 4.046 3.514 3.004 2.616 2.504 2.395 2.290 2.186 2.086 1.989 1.894 1.803 1.714 1.628 1.544 1.483 1.476 1.470 1.466 1.462
2.442 2.491 2.531 2.560 2.580 2.590 2.589 2.579 2.559 2.529 2.489 2.453 2.465 2.472 2.474 2.470 2.462 2.449 2.431 2.408 2.380 2.347 2.309 2.266 2.256 2.273 2.289 2.305 2.320 2.334 2.348 2.361 2.373 2.385 2.396 2.520 3.184 3.824 4.440 5.034 5.604 6.150 6.674 7.174 7.650 8.104 8.534 8.777 8.129 7.502 6.897 6.312 5.749 5.207 4.686 4.186 3.707 3.249 2.812 2.439 2.337 2.238 2.142 2.049 1.959 1.872 1.787 1.705 1.626 1.550 1.477 1.414 1.411 1.409 1.407 1.407
2.581 2.596 2.600 2.595 2.580 2.555 2.519 2.474 2.419 2.354 2.279 2.199 2.193 2.183 2.167 2.147 2.121 2.115 2.123 2.131 2.139 2.148 2.157 2.167 2.182 2.197 2.211 2.224 2.237 2.249 2.260 2.271 2.281 2.290 2.299 2.323 2.905 3.464 3.999 4.511 4.999 5.464 5.906 6.325 6.720 7.092 7.441 7.753 7.179 6.626 6.095 5.584 5.095 4.626 4.179 3.753 3.348 2.964 2.601 2.260 2.168 2.079 1.993 1.910 1.829 1.752 1.677 1.605 1.536 1.470 1.406 1.346 1.345 1.347 1.349 1.352
2.732 2.711 2.681 2.641 2.590 2.530 2.460 2.380 2.290 2.191 2.096 2.002 1.999 2.006 2.014 2.022 2.030 2.039 2.048 2.057 2.066 2.076 2.086 2.097 2.109 2.122 2.134 2.145 2.155 2.165 2.174 2.182 2.190 2.197 2.203 2.209 2.651 3.128 3.581 4.012 4.419 4.803 5.164 5.501 5.815 6.106 6.373 6.617 6.210 5.731 5.273 4.836 4.420 4.026 3.652 3.300 2.968 2.658 2.369 2.101 1.996 1.917 1.841 1.767 1.697 1.629 1.564 1.502 1.443 1.387 1.334 1.283 1.279 1.283 1.292 1.308
2.893 2.838 2.772 2.690 2.605 2.517 2.427 2.334 2.238 2.140 2.040 1.937 1.917 1.925 1.934 1.943 1.952 1.962 1.972 1.982 1.993 2.004 2.015 2.027 2.037 2.048 2.057 2.066 2.074 2.081 2.088 2.094 2.099 2.104 2.108 2.111 2.420 2.816 3.188 3.538 3.863 4.166 4.445 4.701 4.934 5.144 5.330 5.493 5.221 4.816 4.432 4.069 3.727 3.406 3.106 2.827 2.569 2.333 2.117 1.923 1.821 1.752 1.686 1.623 1.562 1.504 1.449 1.407 1.378 1.347 1.314 1.277 1.278 1.293 1.308 1.322
2.967 2.881 2.792 2.700 2.606 2.509 2.410 2.308 2.203 2.096 1.986 1.874 1.834 1.843 1.853 1.864 1.874 1.885 1.896 1.907 1.919 1.931 1.944 1.956 1.966 1.974 1.981 1.988 1.993 1.998 2.003 2.006 2.010 2.012 2.014 2.015 2.214 2.528 2.819 3.087 3.332 3.553 3.751 3.926 4.078 4.206 4.311 4.393 4.213 3.881 3.571 3.281 3.013 2.766 2.539 2.334 2.150 1.987 1.845 1.724 1.667 1.647 1.626 1.601 1.574 1.544 1.512 1.477 1.439 1.399 1.356 1.310 1.299 1.312 1.325 1.337
3.008 2.913 2.814 2.714 2.610 2.504 2.396 2.285 2.171 2.055 1.936 1.814 1.751 1.762 1.773 1.784 1.796 1.808 1.820 1.832 1.845 1.858 1.872 1.886 1.896 1.901 1.906 1.910 1.914 1.916 1.918 1.920 1.921 1.921 1.920 1.919 2.031 2.265 2.474 2.661 2.825 2.965 3.082 3.176 3.246 3.293 3.318 3.318 3.185 2.927 2.690 2.474 2.280 2.169 2.103 2.042 1.985 1.932 1.883 1.839 1.804 1.776 1.744 1.711 1.674 1.635 1.594 1.549 1.502 1.453 1.400 1.345 1.320 1.331 1.342 1.353
3.052 2.947 2.840 2.730 2.617 2.502 2.385 2.264 2.142 2.016 1.888 1.757 1.668 1.680 1.692 1.704 1.717 1.730 1.743 1.757 1.771 1.785 1.800 1.815 1.827 1.830 1.832 1.834 1.835 1.835 1.835 1.834 1.833 1.830 1.827 1.824 1.873 2.025 2.154 2.259 2.342 2.401 2.437 2.449 2.439 2.405 2.444 2.512 2.534 2.462 2.395 2.331 2.272 2.217 2.166 2.119 2.077 2.038 2.004 1.973 1.944 1.906 1.866 1.823 1.777 1.729 1.678 1.624 1.568 1.509 1.447 1.383 1.342 1.351 1.360 1.369
3.098 2.984 2.868 2.749 2.627 2.503 2.376 2.247 2.115 1.980 1.843 1.704 1.585 1.598 1.611 1.624 1.638 1.652 1.667 1.682 1.697 1.712 1.728 1.744 1.758 1.759 1.759 1.758 1.757 1.755 1.752 1.749 1.745 1.741 1.735 1.730 1.738 1.809 1.857 1.925 1.997 2.067 2.137 2.205 2.272 2.337 2.402 2.465 2.506 2.449 2.396 2.347 2.302 2.261 2.225 2.192 2.164 2.140 2.120 2.104 2.086 2.039 1.989 1.937 1.882 1.824 1.764 1.701 1.636 1.568 1.497 1.423 1.364 1.371 1.378 1.385
3.150 3.025 2.899 2.771 2.640 2.507 2.371 2.232 2.091 1.948 1.801 1.653 1.501 1.515 1.529 1.544 1.559 1.574 1.590 1.606 1.622 1.639 1.655 1.673 1.690 1.688 1.686 1.683 1.680 1.675 1.671 1.665 1.672 1.679 1.686 1.694 1.703 1.774 1.844 1.913 1.980 2.047 2.112 2.176 2.238 2.300 2.360 2.419 2.474 2.431 2.392 2.358 2.327 2.301 2.279 2.261 2.247 2.238 2.232 2.231 2.230 2.174 2.115 2.054 1.990 1.923 1.853 1.781 1.706 1.629 1.549 1.466 1.386 1.392 1.397 1.402
3.242 3.068 2.933 2.796 2.656 2.513 2.368 2.221 2.071 1.918 1.762 1.605 1.444 1.432 1.448 1.464 1.480 1.496 1.513 1.530 1.547 1.565 1.583 1.601 1.621 1.630 1.636 1.642 1.648 1.655 1.662 1.670 1.677 1.685 1.694 1.702 1.711 1.771 1.837 1.902 1.965 2.027 2.088 2.148 2.207 2.264 2.320 2.375 2.429 2.409 2.385 2.365 2.349 2.337 2.329 2.326 2.326 2.331 2.340 2.353 2.370 2.312 2.244 2.173 2.099 2.023 1.945 1.863 1.779 1.693 1.603 1.511 1.417 1.413 1.416 1.419
3.354 3.113 2.970 2.823 2.674 2.523 2.369 2.212 2.053 1.891 1.726 1.559 1.390 1.350 1.366 1.383 1.400 1.437 1.505 1.560 1.602 1.629 1.643 1.643 1.629 1.627 1.634 1.641 1.649 1.657 1.665 1.674 1.682 1.692 1.701 1.711 1.721 1.770 1.831 1.892 1.951 2.009 2.066 2.121 2.176 2.229 2.281 2.332 2.382 2.383 2.374 2.368 2.366 2.369 2.376 2.386 2.401 2.420 2.444 2.471 2.502 2.452 2.375 2.294 2.212 2.126 2.038 1.948 1.855 1.759 1.660 1.559 1.455 1.435 1.436 1.437
3.487 3.162 3.009 2.854 2.696 2.535 2.372 2.206 2.038 1.867 1.765 1.707 1.596 1.576 1.652 1.714 1.762 1.796 1.816 1.823 1.816 1.795 1.761 1.713 1.651 1.624 1.632 1.641 1.649 1.658 1.668 1.677 1.687 1.697 1.708 1.719 1.730 1.769 1.827 1.883 1.938 1.992 2.045 2.096 2.146 2.195 2.243 2.290 2.336 2.354 2.358 2.367 2.380 2.397 2.418 2.443 2.472 2.506 2.543 2.585 2.631 2.594 2.508 2.418 2.327 2.232 2.135 2.035 1.932 1.827 1.719 1.609 1.496 1.457 1.457 1.454
3.639 3.213 3.051 3.095 3.220 3.293 3.313 3.281 3.196 3.058 2.868 2.626 2.331 2.143 2.170 2.183 2.183 2.169 2.142 2.100 2.045 1.976 1.894 1.797 1.687 1.621 1.630 1.640 1.649 1.659 1.670 1.681 1.692 1.703 1.715 1.727 1.739 1.770 1.823 1.875 1.926 1.976 2.025 2.072 2.118 2.163 2.207 2.249 2.291 2.320 2.339 2.362 2.389 2.420 2.456 2.495 2.539 2.587 2.639 2.695 2.755 2.739 2.643 2.545 2.444 2.340 2.233 2.124 2.002 1.865 1.735 1.611 1.493 1.437 1.433 1.431
5.639 5.504 5.549 5.543 5.483 5.372 5.207 4.991 4.722 4.400 4.026 3.600 3.121 2.723 2.702 2.667 2.619 2.557 2.481 2.392 2.288 2.171 2.040 1.896 1.738 1.618 1.628 1.638 1.649 1.660 1.672 1.684 1.696 1.708 1.721 1.734 1.747 1.772 1.821 1.869 1.916 1.962 2.006 2.049 2.091 2.132 2.172 2.210 2.247 2.282 2.315 2.352 2.394 2.440 2.490 2.543 2.602 2.664 2.730 2.800 2.875 2.857 2.699 2.546 2.400 2.260 2.127 1.999 1.878 1.764 1.655 1.553 1.458 1.403 1.404 1.407
8.536 8.374 8.235 8.044 7.801 7.505 7.157 6.756 6.303 5.797 5.240 4.629 3.966 3.317 3.248 3.165 3.069 2.959 2.835 2.697 2.546 2.381 2.202 2.009 1.803 1.614 1.625 1.637 1.649 1.661 1.673 1.686 1.699 1.713 1.727 1.741 1.755 1.775 1.820 1.864 1.907 1.948 1.988 2.027 2.065 2.102 2.138 2.172 2.205 2.240 2.287 2.339 2.395 2.455 2.548 2.640 2.703 2.738 2.743 2.719 2.667 2.575 2.438 2.307 2.183 2.065 1.954 1.848 1.749 1.656 1.570 1.490 1.416 1.367 1.373 1.381
11.420 11.283 10.975 10.600 10.172 9.693 9.161 8.576 7.939 7.250 6.508 5.714 4.867 3.969 3.808 3.678 3.533 3.375 3.203 3.017 2.817 2.604 2.377 2.137 1.882 1.614 1.622 1.635 1.648 1.661 1.675 1.689 1.703 1.718 1.732 1.748 1.763 1.780 1.820 1.860 1.899 1.936 1.972 2.007 2.041 2.073 2.105 2.233 2.398 2.555 2.691 2.798 2.876 2.925 2.945 2.937 2.899 2.833 2.738 2.614 2.461 2.286 2.172 2.063 1.961 1.865 1.775 1.691 1.614 1.543 1.479 1.421 1.369 1.330 1.341 1.354
