DATA/SHG/ECMWF/20170628/EN-20/20170703.en-20.asc
ncols        190
nrows        64
xllcorner    -5100000.000000000000
yllcorner    4130000.000000000000
cellsize     10000.000000000000
NODATA_value  -99999.000
[rows 0 to 31 of 64, columns 73 to 145 of 190]
4.964 5.412 5.884 6.378 6.896 7.437 8.001 8.589 8.964 8.708 8.409 8.126 7.860 7.611 7.378 7.162 6.962 6.779 6.612 6.462 6.516 7.192 7.853 8.497 9.123 9.731 10.322 10.895 11.451 11.989 12.510 13.013 13.285 12.847 12.400 11.945 11.482 11.009 10.528 10.038 9.540 9.033 8.518 7.993 7.492 7.093 6.708 6.338 5.983 5.642 5.316 5.005 4.708 4.426 4.159 3.906 3.669 3.446 3.228 3.014 2.806 2.603 2.405 2.212 2.024 1.842 1.664 1.491 1.342 1.252 1.169 1.094 1.026
4.751 5.281 5.800 6.294 6.767 7.220 7.653 8.066 8.342 8.085 7.844 7.619 7.411 7.220 7.045 6.887 6.745 6.620 6.511 6.419 6.414 7.012 7.595 8.160 8.708 9.238 9.750 10.246 10.723 11.183 11.626 12.051 12.360 11.883 11.398 10.905 10.402 9.891 9.372 8.843 8.306 7.761 7.207 6.644 6.102 5.768 5.449 5.145 4.855 4.580 4.319 4.073 3.842 3.625 3.423 3.236 3.058 2.857 2.661 2.471 2.286 2.105 1.930 1.760 1.595 1.435 1.280 1.130 0.997 0.941 0.892 0.850 0.816
4.534 4.998 5.441 5.863 6.266 6.648 7.010 7.351 7.647 7.448 7.265 7.098 6.948 6.814 6.697 6.597 6.513 6.446 6.395 6.360 6.343 6.852 7.356 7.843 8.313 8.765 9.199 9.616 10.016 10.398 10.763 11.110 11.439 10.931 10.407 9.875 9.334 8.784 8.226 7.659 7.084 6.500 5.907 5.306 4.699 4.430 4.177 3.938 3.713 3.504 3.308 3.128 2.962 2.810 2.674 2.551 2.442 2.264 2.091 1.923 1.760 1.603 1.450 1.303 1.160 1.023 0.891 0.764 0.671 0.697 0.723 0.748 0.774
4.336 4.729 5.101 5.453 5.784 6.095 6.386 6.656 6.906 6.796 6.671 6.562 6.470 6.395 6.335 6.293 6.267 6.257 6.264 6.287 6.327 6.711 7.138 7.546 7.938 8.312 8.668 9.008 9.329 9.633 9.920 10.189 10.441 9.989 9.427 8.856 8.277 7.689 7.092 6.486 5.872 5.250 4.619 3.979 3.330 3.079 2.891 2.717 2.558 2.413 2.284 2.168 2.068 1.981 1.910 1.853 1.811 1.666 1.516 1.449 1.446 1.425 1.388 1.334 1.264 1.177 1.073 0.952 0.815 0.829 0.855 0.881 0.907
4.158 4.480 4.781 5.061 5.322 5.562 5.782 5.981 6.160 6.131 6.063 6.012 5.978 5.960 5.959 5.974 6.006 6.054 6.118 6.200 6.297 6.591 6.939 7.270 7.583 7.879 8.158 8.419 8.663 8.889 9.097 9.289 9.462 9.059 8.458 7.849 7.231 6.604 5.969 5.325 4.672 4.011 3.342 2.663 1.976 1.714 1.591 1.483 1.389 1.310 1.342 1.471 1.616 1.778 1.958 2.154 2.368 2.390 2.345 2.283 2.205 2.110 1.998 1.870 1.725 1.564 1.386 1.191 0.979 0.961 0.987 1.013 1.039
3.999 4.249 4.480 4.689 4.879 5.048 5.197 5.326 5.434 5.451 5.441 5.448 5.472 5.512 5.568 5.641 5.730 5.836 5.958 6.097 6.252 6.490 6.760 7.013 7.249 7.467 7.667 7.851 8.016 8.165 8.295 8.409 8.505 8.139 7.500 6.852 6.195 5.530 4.857 4.174 3.483 2.866 2.311 1.766 1.231 1.117 1.236 1.373 1.526 1.696 1.883 2.088 2.309 2.547 2.803 3.075 3.364 3.388 3.269 3.133 2.980 2.811 2.625 2.422 2.203 1.967 1.715 1.446 1.160 1.092 1.118 1.145 1.171
3.859 4.039 4.198 4.337 4.455 4.554 4.632 4.690 4.727 4.757 4.805 4.870 4.951 5.049 5.163 5.293 5.440 5.604 5.784 5.980 6.193 6.409 6.601 6.776 6.934 7.074 7.197 7.302 7.390 7.461 7.514 7.549 7.603 7.333 6.742 6.161 5.590 5.029 4.478 3.938 3.407 2.887 2.376 1.876 1.386 1.260 1.455 1.667 1.896 2.142 2.406 2.686 2.983 3.297 3.628 3.976 4.341 4.402 4.209 3.998 3.771 3.528 3.268 2.991 2.697 2.387 2.060 1.717 1.357 1.223 1.250 1.276 1.303
3.739 3.847 3.936 4.004 4.052 4.079 4.087 4.074 4.041 4.049 4.155 4.277 4.416 4.571 4.743 4.931 5.136 5.357 5.594 5.848 6.119 6.348 6.462 6.559 6.649 6.734 6.813 6.886 6.954 7.016 7.073 7.125 7.171 6.984 6.438 5.902 5.376 4.860 4.354 3.858 3.372 2.897 2.431 1.976 1.530 1.384 1.655 1.943 2.248 2.570 2.909 3.265 3.638 4.028 4.435 4.859 5.300 5.432 5.164 4.880 4.579 4.261 3.926 3.575 3.208 2.823 2.422 2.005 1.571 1.354 1.381 1.408 1.434
3.637 3.675 3.693 3.690 3.667 3.624 3.561 3.477 3.373 3.327 3.490 3.670 3.866 4.079 4.309 4.575 4.915 5.229 5.518 5.781 6.020 6.207 6.283 6.354 6.419 6.479 6.534 6.583 6.626 6.664 6.697 6.724 6.746 6.624 6.123 5.632 5.151 4.680 4.219 3.768 3.327 2.896 2.475 2.064 1.664 1.490 1.837 2.201 2.582 2.979 3.394 3.826 4.274 4.740 5.223 5.722 6.239 6.478 6.136 5.777 5.402 5.010 4.601 4.176 3.734 3.276 2.801 2.309 1.801 1.485 1.512 1.539 1.566
3.555 3.522 3.469 3.396 3.302 3.188 3.054 2.900 2.796 2.894 3.296 3.674 4.026 4.353 4.654 4.931 5.182 5.408 5.609 5.784 5.935 6.056 6.108 6.155 6.196 6.231 6.261 6.286 6.305 6.319 6.327 6.330 6.327 6.255 5.798 5.352 4.915 4.489 4.073 3.667 3.270 2.884 2.508 2.142 1.786 1.578 2.001 2.440 2.897 3.370 3.861 4.368 4.892 5.433 5.992 6.567 7.159 7.540 7.123 6.690 6.241 5.775 5.292 4.792 4.277 3.744 3.195 2.629 2.047 1.616 1.643 1.670 1.697
3.492 3.438 3.449 3.469 3.499 3.539 3.589 3.648 3.718 3.800 4.114 4.403 4.667 4.906 5.120 5.308 5.472 5.610 5.723 5.810 5.873 5.912 5.940 5.962 5.979 5.990 5.996 5.996 5.991 5.980 5.964 5.942 5.915 5.875 5.463 5.061 4.670 4.288 3.916 3.555 3.203 2.862 2.531 2.209 1.898 1.648 2.146 2.661 3.193 3.742 4.308 4.891 5.491 6.108 6.742 7.393 8.060 8.617 8.126 7.619 7.096 6.555 5.999 5.425 4.835 4.229 3.606 2.966 2.310 1.746 1.773 1.800 1.828
4.076 4.111 4.155 4.210 4.274 4.348 4.432 4.525 4.628 4.741 4.954 5.155 5.331 5.482 5.608 5.708 5.784 5.834 5.859 5.859 5.833 5.784 5.778 5.776 5.768 5.755 5.736 5.712 5.682 5.647 5.607 5.561 5.510 5.453 5.117 4.760 4.413 4.076 3.749 3.433 3.126 2.829 2.542 2.266 1.999 1.742 2.273 2.864 3.471 4.096 4.738 5.396 6.072 6.764 7.473 8.200 8.943 9.703 9.145 8.564 7.966 7.352 6.721 6.074 5.410 4.730 4.033 3.319 2.614 1.988 2.099 2.213 2.333
4.704 4.773 4.852 4.940 5.039 5.147 5.264 5.392 5.529 5.676 5.816 5.929 6.017 6.080 6.118 6.130 6.118 6.080 6.017 5.929 5.816 5.679 5.622 5.596 5.564 5.526 5.483 5.435 5.381 5.322 5.257 5.186 5.111 5.030 4.761 4.449 4.146 3.854 3.572 3.300 3.037 2.785 2.543 2.311 2.089 1.877 2.381 3.048 3.731 4.431 5.148 5.882 6.633 7.401 8.186 8.988 9.806 10.642 10.180 9.447 8.648 7.879 7.142 6.435 5.760 5.115 4.502 3.920 3.369 2.849 2.937 3.073 3.214
5.323 5.426 5.538 5.661 5.793 5.935 6.087 6.248 6.419 6.600 6.699 6.724 6.725 6.700 6.650 6.575 6.474 6.349 6.198 6.023 5.822 5.597 5.473 5.422 5.366 5.304 5.237 5.164 5.086 5.002 4.913 4.818 4.718 4.613 4.394 4.127 3.869 3.621 3.384 3.156 2.939 2.731 2.533 2.346 2.168 2.001 2.472 3.213 3.972 4.748 5.518 6.247 6.949 7.623 8.270 8.889 9.481 10.046 9.622 8.929 8.268 7.637 7.037 6.469 5.931 5.425 4.949 4.505 4.091 3.709 3.769 3.927 4.089
5.931 6.068 6.215 6.371 6.537 6.713 6.899 7.094 7.299 7.514 7.604 7.542 7.454 7.342 7.204 7.041 6.853 6.640 6.402 6.139 5.850 5.537 5.330 5.255 5.174 5.088 4.997 4.900 4.797 4.689 4.576 4.457 4.333 4.203 4.017 3.794 3.581 3.378 3.185 3.002 2.829 2.696 2.602 2.517 2.441 2.374 2.788 3.505 4.194 4.857 5.492 6.099 6.679 7.231 7.756 8.253 8.723 9.166 8.935 8.380 7.856 7.364 6.902 6.471 6.071 5.702 5.364 5.058 4.782 4.537 4.596 4.775 4.958
6.530 6.701 6.881 7.071 7.271 7.481 7.701 7.930 8.169 8.417 8.532 8.381 8.206 8.006 7.780 7.530 7.254 6.954 6.628 6.277 5.901 5.500 5.194 5.094 4.989 4.879 4.763 4.642 4.515 4.383 4.245 4.102 3.993 3.904 3.792 3.675 3.567 3.468 3.378 3.297 3.225 3.162 3.107 3.062 3.025 2.997 3.278 3.874 4.441 4.981 5.494 5.980 6.438 6.868 7.271 7.647 7.995 8.315 8.217 7.800 7.414 7.059 6.735 6.442 6.179 5.948 5.748 5.579 5.441 5.333 5.417 5.617 5.822
7.118 7.323 7.537 7.761 7.995 8.239 8.492 8.755 9.028 9.311 9.481 9.243 8.980 8.692 8.379 8.041 7.678 7.289 6.876 6.438 5.974 5.485 5.064 5.016 5.011 4.988 4.945 4.885 4.805 4.707 4.590 4.455 4.301 4.128 3.971 3.893 3.825 3.766 3.715 3.673 3.641 3.617 3.602 3.595 3.598 3.610 3.798 4.271 4.716 5.135 5.526 5.889 6.225 6.534 6.815 7.069 7.295 7.494 7.469 7.189 6.941 6.723 6.537 6.381 6.256 6.163 6.100 6.068 6.067 6.098 6.231 6.453 6.679
7.697 7.935 8.183 8.442 8.709 8.987 9.274 9.571 9.878 10.194 10.451 10.126 9.775 9.400 8.999 8.569 8.092 7.661 7.277 6.939 6.647 6.384 6.161 6.092 6.004 5.897 5.772 5.628 5.465 5.284 5.084 4.866 4.629 4.373 4.140 4.102 4.073 4.053 4.042 4.040 4.046 4.062 4.086 4.119 4.161 4.212 4.345 4.696 5.020 5.317 5.586 5.828 6.042 6.229 6.388 6.520 6.625 6.702 6.690 6.548 6.437 6.357 6.307 6.289 6.302 6.346 6.420 6.526 6.662 6.830 7.040 7.283 7.530
8.265 8.537 8.820 9.111 9.413 9.724 10.045 10.376 10.680 10.796 10.892 10.359 9.858 9.404 8.995 8.633 8.317 8.047 7.824 7.646 7.515 7.415 7.337 7.187 7.016 6.826 6.618 6.391 6.145 5.881 5.598 5.297 4.977 4.638 4.299 4.301 4.311 4.330 4.359 4.396 4.442 4.497 4.560 4.633 4.714 4.804 4.921 5.150 5.352 5.527 5.675 5.795 5.887 5.953 5.990 6.001 5.984 5.940 5.880 5.875 5.901 5.959 6.047 6.166 6.316 6.497 6.709 6.952 7.226 7.530 7.843 8.107 8.375
8.823 9.101 9.292 9.463 9.612 9.740 9.846 9.932 9.996 10.039 10.061 9.738 9.398 9.104 8.856 8.655 8.500 8.391 8.328 8.311 8.341 8.402 8.488 8.302 8.048 7.775 7.484 7.174 6.845 6.498 6.132 5.748 5.345 4.924 4.484 4.489 4.539 4.598 4.665 4.742 4.827 4.921 5.024 5.136 5.257 5.386 5.525 5.633 5.713 5.766 5.792 5.791 5.762 5.705 5.622 5.511 5.372 5.206 5.039 5.172 5.335 5.530 5.755 6.012 6.299 6.617 6.966 7.346 7.757 8.199 8.640 8.925 9.215
8.816 8.955 9.072 9.169 9.244 9.298 9.331 9.342 9.333 9.302 9.250 9.074 8.895 8.762 8.676 8.635 8.641 8.692 8.790 8.934 9.125 9.347 9.595 9.436 9.099 8.743 8.369 7.976 7.565 7.135 6.686 6.219 5.733 5.229 4.706 4.668 4.757 4.855 4.962 5.078 5.202 5.336 5.478 5.629 5.789 5.958 6.136 6.143 6.102 6.034 5.938 5.815 5.665 5.487 5.282 5.049 4.790 4.502 4.188 4.437 4.738 5.070 5.433 5.826 6.251 6.706 7.192 7.709 8.257 8.873 9.546 9.933 10.325
8.763 8.828 8.872 8.895 8.896 8.876 8.836 8.773 8.690 8.586 8.460 8.370 8.351 8.379 8.453 8.573 8.739 8.952 9.210 9.515 9.866 10.250 10.659 10.590 10.170 9.731 9.274 8.798 8.304 7.791 7.260 6.710 6.142 5.555 4.949 4.837 4.965 5.103 5.249 5.404 5.568 5.740 5.922 6.112 6.311 6.520 6.736 6.682 6.520 6.330 6.113 5.868 5.596 5.297 4.971 4.617 4.236 3.827 3.392 3.673 4.176 4.796 5.430 6.079 6.743 7.421 8.113 8.820 9.542 10.278 11.029 11.463 11.878
8.731 8.722 8.692 8.641 8.569 8.475 8.361 8.225 8.068 7.890 7.690 7.624 7.766 7.955 8.189 8.470 8.796 9.169 9.588 10.053 10.564 11.109 11.681 11.763 11.260 10.739 10.199 9.640 9.063 8.468 7.854 7.221 6.570 5.900 5.212 4.996 5.163 5.340 5.525 5.720 5.923 6.135 6.356 6.585 6.824 7.071 7.327 7.249 6.965 6.654 6.316 5.947 5.582 5.240 4.922 4.628 4.357 4.109 3.886 4.314 4.984 5.668 6.367 7.081 7.809 8.551 9.308 10.080 10.866 11.667 12.482 12.985 13.424
8.718 8.636 8.532 8.407 8.261 8.094 7.906 7.697 7.466 7.214 6.941 6.837 7.140 7.489 7.883 8.324 8.812 9.345 9.924 10.549 11.220 11.927 12.661 12.955 12.370 11.766 11.143 10.502 9.842 9.164 8.467 7.752 7.018 6.266 5.495 5.145 5.352 5.567 5.792 6.026 6.268 6.519 6.752 6.933 7.098 7.247 7.381 7.240 6.885 6.554 6.246 5.962 5.701 5.464 5.250 5.060 4.893 4.750 4.631 5.041 5.776 6.524 7.288 8.066 8.858 9.665 10.487 11.323 12.173 13.039 13.918 14.500 14.962
8.726 8.570 8.392 8.194 7.974 7.734 7.472 7.189 6.885 6.559 6.213 6.008 6.472 6.981 7.536 8.138 8.785 9.478 10.218 11.003 11.834 12.702 13.598 14.167 13.499 12.812 12.107 11.383 10.641 9.880 9.101 8.303 7.486 6.645 5.805 5.322 5.543 5.748 5.938 6.112 6.270 6.413 6.540 6.652 6.747 6.828 6.892 6.813 6.562 6.335 6.131 5.952 5.795 5.662 5.553 5.467 5.405 5.366 5.351 5.752 6.551 7.364 8.192 9.035 9.892 10.763 11.649 12.549 13.464 14.394 15.338 16.008 16.493
8.753 8.523 8.272 8.000 7.707 7.393 7.058 6.701 6.323 5.925 5.505 5.139 5.762 6.432 7.147 7.909 8.716 9.570 10.469 11.415 12.406 13.434 14.492 15.399 14.566 13.615 12.689 11.787 10.909 10.055 9.226 8.420 7.639 6.883 6.150 5.612 5.764 5.900 6.020 6.125 6.214 6.287 6.345 6.388 6.414 6.425 6.421 6.361 6.214 6.092 5.993 5.917 5.865 5.836 5.831 5.850 5.892 5.957 6.047 6.447 7.311 8.188 9.081 9.987 10.909 11.845 12.795 13.760 14.739 15.733 16.741 17.508 18.016
8.800 8.497 8.173 7.827 7.460 7.073 6.664 6.234 5.783 5.310 4.817 4.303 5.012 5.842 6.717 7.639 8.619 9.665 10.645 11.559 12.407 13.200 13.947 14.641 13.811 12.967 12.148 11.354 10.583 9.837 9.114 8.416 7.743 7.093 6.468 5.919 6.001 6.068 6.119 6.155 6.175 6.179 6.168 6.141 6.098 6.040 5.966 5.884 5.842 5.824 5.829 5.858 5.910 5.986 6.085 6.207 6.354 6.523 6.717 7.126 8.054 8.996 9.953 10.924 11.910 12.910 13.925 14.954 15.997 17.056 18.128 19.002 19.533
8.868 8.491 8.093 7.674 7.233 6.772 6.290 5.786 5.262 4.776 4.543 4.370 5.272 6.353 7.368 8.317 9.200 10.017 10.768 11.452 12.071 12.633 13.148 13.610 13.029 12.293 11.582 10.894 10.231 9.592 8.977 8.386 7.819 7.277 6.759 6.265 6.256 6.253 6.235 6.201 6.152 6.087 6.007 5.911 5.799 5.672 5.529 5.384 5.446 5.532 5.641 5.774 5.930 6.110 6.313 6.540 6.791 7.064 7.362 7.790 8.782 9.788 10.809 11.845 12.895 13.959 15.038 16.131 17.239 18.362 19.499 20.488 21.042
8.955 8.504 8.031 7.586 7.200 6.875 6.610 6.405 6.260 6.176 6.151 6.187 6.830 7.682 8.468 9.187 9.841 10.428 10.949 11.405 11.794 12.125 12.408 12.639 12.222 11.593 10.989 10.408 9.852 9.320 8.813 8.329 7.870 7.434 7.023 6.636 6.527 6.455 6.368 6.265 6.147 6.013 5.863 5.698 5.517 5.321 5.109 4.882 5.025 5.215 5.429 5.666 5.926 6.210 6.517 6.848 7.203 7.580 7.982 8.437 9.493 10.564 11.649 12.749 13.863 14.992 16.135 17.293 18.465 19.652 20.853 21.967 22.544
8.566 8.209 7.912 7.676 7.499 7.383 7.326 7.330 7.394 7.518 7.702 7.946 8.447 9.069 9.625 10.116 10.540 10.898 11.190 11.416 11.577 11.677 11.729 11.729 11.389 10.867 10.370 9.897 9.448 9.023 8.622 8.245 7.893 7.565 7.261 6.981 6.814 6.673 6.517 6.345 6.158 5.955 5.736 5.502 5.252 4.987 4.706 4.410 4.580 4.874 5.192 5.533 5.897 6.285 6.697 7.131 7.590 8.071 8.577 9.105 10.189 11.324 12.473 13.637 14.816 16.009 17.216 18.438 19.674 20.925 22.191 23.351 23.715
7.973 7.825 7.737 7.709 7.742 7.834 7.986 8.198 8.470 8.803 9.195 9.647 10.122 10.514 10.842 11.103 11.298 11.427 11.490 11.487 11.419 11.289 11.109 10.878 10.529 10.115 9.725 9.359 9.017 8.699 8.405 8.136 7.890 7.669 7.472 7.299 7.118 6.909 6.683 6.442 6.186 5.914 5.626 5.323 5.004 4.670 4.320 3.955 4.111 4.509 4.931 5.376 5.844 6.336 6.851 7.390 7.952 8.537 9.147 9.779 10.868 12.068 13.332 14.653 15.907 17.091 18.207 19.255 20.234 21.145 21.987 22.760 23.117
7.325 7.386 7.507 7.687 7.928 8.228 8.589 9.010 9.490 10.031 10.631 11.292 11.854 12.018 12.116 12.148 12.114 12.015 11.849 11.617 11.320 10.961 10.550 10.086 9.644 9.337 9.054 8.795 8.560 8.349 8.162 7.999 7.861 7.746 7.656 7.590 7.439 7.160 6.866 6.556 6.231 5.890 5.533 5.161 4.773 4.370 3.952 3.517 3.618 4.120 4.645 5.194 5.766 6.577 7.825 8.952 9.956 10.838 11.598 12.236 13.258 14.414 15.501 16.520 17.470 18.352 19.166 19.911 20.588 21.196 21.735 22.206 22.528
