DATA/SHG/ECMWF/20170628/EN-20/20170709.en-20.asc
ncols        190
nrows        64
xllcorner    -5100000.000000000000
yllcorner    4130000.000000000000
cellsize     10000.000000000000
NODATA_value  -99999.000
[rows 32 to 63 of 64, columns 72 to 143 of 190]
13.049 12.899 13.017 13.118 13.202 13.269 13.319 13.351 13.367 13.365 13.346 13.310 13.257 13.303 13.958 14.667 15.430 16.246 17.117 18.042 19.020 20.053 21.130 22.244 23.400 24.540 25.485 26.417 27.335 28.240 29.131 30.008 30.872 31.722 32.559 33.382 34.191 34.081 32.233 30.336 28.388 26.391 24.343 22.245 20.096 17.941 15.888 13.838 11.789 11.689 13.762 15.798 17.800 19.765 21.695 23.589 25.448 27.271 29.058 30.810 32.526 32.805 32.090 31.350 30.585 29.795 28.979 28.139 27.273 26.383 25.467 24.526
12.901 12.704 12.762 12.804 12.828 12.836 12.826 12.799 12.755 12.694 12.616 12.521 12.409 12.314 13.156 14.052 15.003 16.007 17.065 18.177 19.343 20.563 21.828 23.131 24.476 25.812 26.698 27.569 28.428 29.272 30.103 30.921 31.724 32.515 33.291 34.054 34.795 34.854 32.795 30.738 28.682 26.628 24.576 22.525 20.476 18.429 16.383 14.340 12.297 11.657 13.573 15.453 17.297 19.106 20.879 22.616 24.318 25.984 27.614 29.209 30.768 31.184 30.358 29.507 28.631 27.730 26.804 25.853 24.877 23.875 22.849 21.797
12.755 12.552 12.523 12.506 12.471 12.419 12.350 12.264 12.160 12.040 11.903 11.748 11.577 11.388 12.306 13.389 14.527 15.718 16.964 18.263 19.616 21.023 22.477 23.969 25.503 27.080 27.924 28.767 29.692 30.561 31.376 32.136 32.841 33.491 34.086 34.627 35.112 35.285 33.233 31.182 29.133 27.086 25.041 22.997 20.955 18.915 16.876 14.839 12.804 11.663 13.421 15.144 16.832 18.484 20.100 21.680 23.225 24.735 26.209 27.647 29.049 29.591 28.654 27.693 26.706 25.694 24.657 23.595 22.508 21.396 20.259 19.096
12.611 12.403 12.301 12.224 12.130 12.018 11.890 11.745 11.582 11.403 11.206 10.992 10.761 10.513 11.407 12.678 14.003 15.381 16.813 18.804 21.376 23.671 25.601 27.207 28.595 29.765 30.590 31.327 32.008 32.635 33.207 33.724 34.187 34.595 34.947 35.246 35.489 35.677 33.668 31.625 29.583 27.543 25.504 23.467 21.432 19.399 17.367 15.337 13.309 11.705 13.307 14.873 16.404 17.899 19.359 20.783 22.171 23.524 24.841 26.123 27.369 28.026 26.978 25.906 24.808 23.686 22.538 21.365 20.168 18.945 17.697 16.424
12.468 12.254 12.095 11.958 11.805 11.634 11.447 11.242 11.020 10.782 10.526 10.253 10.864 12.791 15.641 18.635 21.354 23.796 25.963 27.854 29.469 30.808 31.776 32.415 32.837 33.040 33.450 33.944 34.383 34.767 35.097 35.372 35.592 35.757 35.868 35.923 35.925 35.871 34.102 32.065 30.030 27.997 25.965 23.936 21.907 19.881 17.856 15.833 13.812 11.792 13.230 14.640 16.014 17.352 18.655 19.923 21.154 22.351 23.511 24.637 25.726 26.488 25.330 24.147 22.939 21.705 20.447 19.164 17.856 16.522 15.164 13.780
12.328 12.108 11.905 11.709 11.496 11.599 12.268 13.293 14.673 16.408 18.499 20.944 23.745 26.901 29.712 31.749 33.510 34.996 36.206 37.141 37.800 38.183 38.189 37.863 37.318 36.555 36.368 36.619 36.816 36.958 37.045 37.078 37.055 36.978 36.847 36.661 36.419 36.124 34.534 32.504 30.476 28.449 26.425 24.402 22.381 20.361 18.343 16.327 14.312 12.300 13.190 14.444 15.661 16.843 17.989 19.100 20.176 21.216 22.220 23.189 24.122 24.978 23.709 22.416 21.097 19.753 18.385 16.991 15.572 14.128 12.659 11.165
12.162 11.921 11.956 12.792 13.982 15.527 17.427 19.683 22.293 25.258 28.578 32.253 36.283 40.668 44.016 45.096 45.902 46.431 46.686 46.664 46.368 45.796 44.842 43.550 42.040 40.312 39.343 39.352 39.306 39.206 39.051 38.842 38.577 38.258 37.885 37.457 36.974 36.436 34.963 32.941 30.919 28.900 26.882 24.866 22.852 20.839 18.828 16.819 14.811 12.805 13.188 14.284 15.346 16.371 17.361 18.316 19.235 20.118 20.966 21.779 22.556 23.298 22.117 20.713 19.283 17.829 16.350 14.846 13.316 11.762 10.183 8.578
11.952 11.696 11.857 13.923 16.344 19.119 22.249 25.734 29.574 33.768 38.317 43.221 48.480 54.093 58.553 58.678 58.527 58.102 57.401 56.425 55.173 53.646 51.732 49.475 47.001 44.308 42.375 42.142 41.855 41.513 41.116 40.664 40.158 39.597 38.982 38.312 37.587 36.807 35.391 33.375 31.361 29.348 27.338 25.328 23.321 21.315 19.311 17.309 15.308 13.309 13.222 14.163 15.067 15.937 16.771 17.569 18.332 19.059 19.751 20.407 21.028 21.614 20.552 19.037 17.497 15.933 14.367 12.867 11.399 9.961 8.553 7.176
11.746 11.476 11.425 14.720 18.371 22.376 26.735 31.449 36.517 41.940 47.717 53.849 60.335 67.176 73.324 72.493 71.388 70.007 68.352 66.421 64.215 61.735 58.861 55.640 52.201 48.545 45.465 44.991 44.461 43.877 43.238 42.545 41.797 40.994 40.137 39.225 38.259 37.238 35.817 33.808 31.801 29.795 27.791 25.789 23.788 21.789 19.792 17.797 15.803 13.811 13.294 14.078 14.827 15.540 16.217 16.860 17.466 18.019 18.479 18.919 19.337 19.734 18.835 17.348 15.891 14.465 13.070 11.705 10.370 9.066 7.792 6.549
11.545 11.259 10.970 15.184 20.063 25.297 30.884 36.826 43.122 49.773 56.777 64.136 71.849 79.917 88.327 86.542 84.482 82.147 79.538 76.654 73.494 70.060 66.228 62.043 57.641 53.021 48.613 47.896 47.125 46.299 45.419 44.484 43.494 42.450 41.351 40.198 38.990 37.728 36.241 34.239 32.239 30.240 28.243 26.247 24.254 22.262 20.271 18.283 16.267 14.135 13.115 13.631 14.126 14.600 15.053 15.484 15.893 16.282 16.648 16.994 17.318 17.621 16.973 15.620 14.298 13.006 11.744 10.513 9.312 8.142 7.002 5.893
11.348 11.048 10.743 15.315 21.422 27.883 34.698 41.867 49.390 57.268 65.499 74.084 83.023 92.316 101.964 100.824 97.811 94.522 90.960 87.122 83.010 78.623 73.833 68.685 63.320 57.737 51.937 50.860 49.847 48.779 47.658 46.481 45.250 43.965 42.624 41.230 39.781 38.277 36.663 34.626 32.250 29.928 27.659 25.442 23.278 21.167 19.108 17.102 15.150 13.250 12.060 12.482 12.883 13.263 13.622 13.959 14.274 14.569 14.842 15.093 15.323 15.532 15.083 13.864 12.676 11.518 10.390 9.293 8.226 7.189 6.183 5.208
11.155 10.840 10.521 15.112 22.446 30.135 38.176 46.572 55.321 64.425 73.882 83.692 93.857 104.375 115.247 115.340 111.373 107.132 102.616 97.826 92.762 87.423 81.675 75.565 69.238 62.693 55.931 53.880 52.626 51.317 49.915 47.761 45.639 43.548 41.488 39.459 37.462 35.496 33.558 31.362 29.220 27.130 25.093 23.108 21.177 19.298 17.472 15.699 13.978 12.310 11.028 11.357 11.664 11.950 12.214 12.458 12.679 12.880 13.059 13.216 13.353 13.468 13.165 12.079 11.025 10.000 9.007 8.043 7.110 6.207 5.335 4.493
10.967 10.637 10.303 14.577 23.138 32.052 41.320 50.941 60.916 71.244 81.926 92.962 104.351 116.093 128.189 130.089 125.169 119.976 114.508 108.766 102.750 96.459 87.942 79.468 71.179 63.076 55.160 51.473 49.363 47.285 45.238 43.222 41.238 39.285 37.362 35.472 33.612 31.783 29.986 28.046 26.136 24.278 22.474 20.721 19.022 17.376 15.782 14.241 12.752 11.317 10.021 10.255 10.469 10.661 10.831 10.980 11.108 11.215 11.300 11.364 11.406 11.428 11.217 10.266 9.345 8.455 7.594 6.765 5.965 5.196 4.458 3.749
10.783 10.438 10.090 13.709 23.496 33.635 44.128 54.974 66.174 77.727 89.633 101.892 114.505 127.471 140.791 141.220 131.730 122.474 113.454 104.668 96.118 87.803 79.835 72.181 64.712 57.430 50.334 46.355 44.383 42.442 40.533 38.655 36.808 34.993 33.208 31.455 29.733 28.042 26.382 24.677 22.999 21.374 19.801 18.281 16.814 15.400 14.038 12.729 11.472 10.269 9.118 9.177 9.297 9.395 9.472 9.527 9.561 9.574 9.566 9.536 9.484 9.412 9.242 8.424 7.637 6.880 6.154 5.457 4.792 4.156 3.551 2.976
10.603 10.244 9.881 12.510 23.521 34.885 46.602 58.673 69.261 79.464 89.309 98.796 107.926 116.697 125.111 127.228 118.550 110.106 101.897 93.924 86.185 78.681 71.529 64.695 58.046 51.583 45.307 41.208 39.374 37.571 35.800 34.059 32.350 30.672 29.025 27.409 25.825 24.271 22.749 21.255 19.810 18.416 17.076 15.788 14.553 13.370 12.240 11.163 10.139 9.167 8.248 8.123 8.149 8.153 8.136 8.098 8.038 7.957 7.855 7.731 7.587 7.420 7.233 6.554 5.900 5.277 4.684 4.121 3.589 3.087 2.615 2.174
10.428 10.066 9.691 10.843 21.601 32.002 42.045 51.731 61.059 70.029 78.641 86.897 94.794 102.334 109.516 113.041 105.174 97.542 90.145 82.982 76.054 69.361 63.025 57.009 51.180 45.537 40.079 36.034 34.337 32.672 31.038 29.435 27.863 26.322 24.813 23.334 21.887 20.471 19.086 17.781 16.567 15.406 14.297 13.242 12.238 11.287 10.389 9.544 8.751 8.011 7.323 7.092 7.024 6.935 6.824 6.692 6.539 6.365 6.169 5.951 5.713 5.453 5.172 4.655 4.135 3.645 3.185 2.756 2.357 1.989 1.651 1.343
10.375 9.967 9.547 9.142 18.667 27.835 36.645 45.099 53.194 60.933 68.314 75.338 82.004 88.313 94.264 98.659 91.603 84.782 78.195 71.843 65.726 59.843 54.321 49.125 44.114 39.289 34.650 30.831 29.272 27.744 26.247 24.782 23.347 21.944 20.572 19.231 17.921 16.642 15.395 14.254 13.272 12.343 11.466 10.642 9.870 9.151 8.485 7.871 7.309 6.801 6.345 6.085 5.924 5.741 5.536 5.311 5.064 4.796 4.506 4.195 3.863 3.510 3.135 2.727 2.341 1.984 1.658 1.362 1.097 0.862 0.707 0.666
10.333 9.881 9.416 8.938 16.068 24.004 31.582 38.804 45.669 52.176 58.326 64.119 69.555 74.634 79.355 83.720 77.837 71.826 66.049 60.508 55.200 50.127 45.420 41.041 36.849 32.842 29.021 25.599 24.178 22.787 21.428 20.100 18.803 17.537 16.302 15.098 13.926 12.784 11.674 10.675 9.925 9.227 8.581 7.989 7.449 6.961 6.526 6.144 5.814 5.537 5.312 5.102 4.847 4.570 4.272 3.953 3.612 3.251 2.868 2.463 2.037 1.662 1.545 1.513 1.519 1.507 1.477 1.429 1.363 1.279 1.177 1.057
10.304 9.807 9.297 8.774 13.803 20.508 26.856 32.847 38.480 43.757 48.678 53.241 57.447 61.296 64.788 67.924 63.875 58.674 53.707 48.975 44.477 40.213 36.319 32.759 29.385 26.196 23.192 20.374 19.056 17.803 16.581 15.390 14.230 13.101 12.003 10.937 9.901 8.897 7.924 7.043 6.524 6.058 5.644 5.283 4.974 4.718 4.514 4.363 4.265 4.219 4.225 4.142 3.831 3.799 3.748 3.679 3.592 3.486 3.362 3.220 3.059 2.880 2.683 2.553 2.480 2.389 2.280 2.153 2.008 1.846 1.665 1.467
10.287 9.745 9.191 8.623 11.873 17.347 22.465 27.226 31.630 35.677 39.368 42.702 45.679 48.300 50.564 52.471 49.718 45.326 41.169 37.246 33.557 30.102 27.021 24.278 21.721 19.349 17.163 15.162 13.905 12.789 11.704 10.651 9.628 8.636 7.676 6.746 5.848 4.981 4.144 3.358 3.071 2.836 2.653 2.534 2.888 3.266 3.667 4.092 4.540 5.013 5.509 5.888 5.793 5.680 5.549 5.399 5.231 5.045 4.840 4.617 4.376 4.116 3.838 3.610 3.458 3.288 3.100 2.895 2.671 2.430 2.170 1.893
10.283 9.696 9.097 8.484 10.277 14.522 18.410 21.941 25.116 27.935 30.397 32.503 34.252 35.644 36.680 37.360 35.365 31.783 28.434 25.320 22.439 19.793 17.525 15.599 13.858 12.303 10.933 9.749 8.726 7.748 6.800 5.883 4.997 4.143 3.319 3.078 2.863 2.639 2.407 2.166 2.480 2.867 3.277 3.711 4.169 4.651 5.156 5.685 6.237 6.813 7.413 7.949 7.773 7.579 7.367 7.137 6.888 6.621 6.335 6.032 5.710 5.369 5.011 4.684 4.453 4.204 3.938 3.653 3.351 3.031 2.693 2.337
10.291 9.659 9.015 8.358 9.015 12.031 14.690 16.993 18.940 20.530 21.764 22.642 23.164 23.329 23.138 22.591 20.818 18.044 15.504 13.197 11.125 9.286 7.830 6.721 5.796 5.057 5.245 5.575 5.600 5.408 5.206 4.997 4.778 4.551 4.314 4.069 3.816 3.553 3.282 3.002 3.318 3.809 4.323 4.861 5.423 6.009 6.618 7.251 7.907 8.587 9.291 10.018 9.770 9.495 9.202 8.891 8.562 8.214 7.848 7.464 7.061 6.640 6.201 5.775 5.465 5.138 4.793 4.429 4.049 3.650 3.233 2.798
10.311 9.635 8.946 8.244 8.087 9.874 11.305 12.380 13.100 13.463 13.470 13.120 12.415 11.354 9.937 8.164 6.076 4.110 3.679 3.971 4.281 4.609 4.943 5.279 5.629 5.994 6.373 6.766 6.871 6.640 6.400 6.152 5.894 5.628 5.353 5.069 4.777 4.475 4.165 3.846 4.129 4.724 5.342 5.985 6.650 7.340 8.053 8.789 9.550 10.334 11.141 11.973 11.783 11.428 11.054 10.663 10.252 9.824 9.377 8.913 8.429 7.928 7.408 6.882 6.494 6.088 5.664 5.223 4.763 4.286 3.790 3.277
10.343 9.623 8.889 8.142 7.492 8.051 8.255 8.103 7.595 6.732 5.512 4.855 4.569 4.294 4.029 3.774 3.633 3.951 4.287 4.641 5.014 5.404 5.800 6.200 6.613 7.041 7.483 7.940 8.151 7.882 7.603 7.315 7.019 6.714 6.400 6.078 5.746 5.406 5.057 4.700 4.914 5.613 6.335 7.081 7.851 8.644 9.461 10.301 11.165 12.053 12.965 13.900 13.813 13.378 12.923 12.451 11.960 11.452 10.924 10.379 9.815 9.233 8.633 8.014 7.541 7.056 6.553 6.033 5.495 4.939 4.365 3.773
10.388 9.623 8.844 8.053 7.279 6.931 6.620 6.319 6.028 5.747 5.476 5.215 4.965 4.724 4.494 4.274 4.098 4.478 4.877 5.294 5.729 6.182 6.641 7.103 7.580 8.071 8.576 9.096 9.440 9.131 8.814 8.487 8.152 7.809 7.456 7.095 6.725 6.346 5.958 5.562 5.672 6.475 7.301 8.151 9.024 9.921 10.842 11.786 12.754 13.746 14.761 15.799 15.861 15.344 14.810 14.257 13.686 13.096 12.488 11.862 11.218 10.556 9.875 9.176 8.604 8.041 7.459 6.861 6.244 5.609 4.957 4.286
10.302 9.545 8.815 8.111 7.433 7.074 6.798 6.531 6.275 6.029 5.793 5.567 5.351 5.145 4.949 4.764 4.588 4.989 5.450 5.929 6.426 6.942 7.464 7.989 8.529 9.083 9.652 10.235 10.737 10.389 10.033 9.668 9.294 8.912 8.520 8.120 7.711 7.294 6.867 6.432 6.404 7.310 8.240 9.194 10.171 11.172 12.196 13.244 14.316 15.411 16.530 17.672 17.925 17.328 16.713 16.079 15.428 14.758 14.070 13.363 12.638 11.896 11.134 10.355 9.684 9.042 8.383 7.705 7.010 6.297 5.566 4.817
10.073 9.407 8.766 8.152 7.563 7.208 6.966 6.734 6.513 6.301 6.100 5.908 5.727 5.556 5.395 5.244 5.103 5.482 6.006 6.548 7.107 7.685 8.270 8.858 9.461 10.078 10.710 11.356 12.016 11.655 11.260 10.857 10.444 10.023 9.593 9.154 8.707 8.250 7.785 7.312 7.109 8.119 9.153 10.210 11.291 12.396 13.524 14.675 15.851 17.049 18.272 19.518 20.006 19.329 18.633 17.919 17.187 16.437 15.668 14.881 14.076 13.253 12.411 11.551 10.781 10.061 9.280 8.380 7.498 6.633 5.785 4.955
9.821 9.244 8.693 8.168 7.669 7.332 7.125 6.928 6.741 6.564 6.397 6.241 6.094 5.958 5.831 5.715 5.609 5.959 6.545 7.149 7.771 8.411 9.058 9.710 10.376 11.056 11.751 12.460 13.183 12.930 12.496 12.054 11.603 11.143 10.674 10.197 9.710 9.215 8.712 8.199 7.788 8.902 10.039 11.200 12.385 13.593 14.824 16.080 17.358 18.661 19.987 21.336 22.104 21.346 20.570 19.776 18.963 18.085 16.914 15.766 14.640 13.538 12.459 11.403 10.448 9.589 8.748 7.924 7.117 6.328 5.556 4.802
9.545 9.057 8.595 8.160 7.750 7.446 7.274 7.112 6.959 6.817 6.685 6.563 6.451 6.349 6.257 6.176 6.104 6.418 7.066 7.733 8.417 9.119 9.830 10.544 11.273 12.016 12.774 13.546 14.332 14.213 13.741 13.260 12.770 12.271 11.764 11.248 10.723 10.189 9.647 9.096 8.536 9.658 10.899 12.163 13.451 14.763 16.098 17.457 18.832 19.868 20.868 21.831 22.407 21.221 20.059 18.919 17.803 16.709 15.639 14.591 13.566 12.564 11.586 10.630 9.748 8.965 8.199 7.451 6.720 6.006 5.310 4.631
9.244 8.846 8.474 8.127 7.807 7.551 7.414 7.286 7.168 7.061 6.963 6.876 6.799 6.731 6.674 6.627 6.590 6.861 7.571 8.300 9.046 9.811 10.584 11.361 12.153 12.960 13.780 14.615 15.464 15.505 14.994 14.474 13.945 13.408 12.862 12.307 11.744 11.171 10.590 10.001 9.311 10.149 11.282 12.378 13.437 14.460 15.446 16.396 17.309 18.186 19.026 19.830 20.507 19.422 18.360 17.321 16.305 15.312 14.341 13.394 12.470 11.568 10.690 9.834 9.031 8.324 7.634 6.961 6.306 5.668 5.047 4.444
8.920 8.611 8.328 8.071 7.840 7.647 7.544 7.451 7.368 7.295 7.232 7.179 7.136 7.104 7.081 7.069 7.066 7.286 8.059 8.849 9.658 10.485 11.321 12.161 13.016 13.885 14.769 15.667 16.579 16.805 16.255 15.604 14.925 14.240 13.550 12.854 12.153 11.447 10.735 10.018 9.295 9.785 10.758 11.694 12.594 13.457 14.283 15.073 15.827 16.544 17.224 17.868 18.475 17.601 16.639 15.701 14.785 13.892 13.022 12.175 11.351 10.550 9.772 9.017 8.297 7.666 7.051 6.455 5.875 5.312 4.767 4.240
8.571 8.351 8.158 7.990 7.848 7.733 7.664 7.606 7.558 7.519 7.491 7.473 7.465 7.467 7.479 7.501 7.533 7.694 8.529 9.382 10.253 11.142 12.012 12.854 13.687 14.511 15.326 16.132 16.929 17.200 16.507 15.809 15.106 14.397 13.683 12.964 12.239 11.508 10.773 10.032 9.285 9.461 10.274 11.050 11.790 12.493 13.160 13.791 14.385 14.942 15.463 15.947 16.395 15.758 14.897 14.058 13.243 12.450 11.681 10.934 10.211 9.510 8.832 8.177 7.547 6.991 6.453 5.931 5.427 4.940 4.471 4.019
