DATA/SHG/ECMWF/20170628/EN-20/20170704.en-20.asc
ncols        190
nrows        64
xllcorner    -5100000.000000000000
yllcorner    4130000.000000000000
cellsize     10000.000000000000
NODATA_value  -99999.000
[rows 32 to 63 of 64, columns 72 to 143 of 190]
8.598 7.901 7.737 7.610 7.522 7.471 7.459 7.484 7.547 7.648 7.787 7.963 8.178 8.505 9.217 9.918 10.609 11.288 11.957 12.616 13.263 13.900 14.520 15.127 15.724 16.150 16.031 15.938 15.870 15.828 15.811 15.820 15.854 15.914 16.000 16.111 16.247 16.110 15.397 14.652 13.874 13.064 12.221 11.345 10.437 9.608 9.007 8.295 7.470 7.259 7.812 8.332 8.818 9.271 9.690 10.077 10.429 10.749 11.035 11.288 11.508 12.116 12.980 13.806 14.596 15.349 16.065 16.745 17.387 17.993 18.562 19.094
7.907 7.148 7.113 7.119 7.162 7.243 7.361 7.518 7.713 7.945 8.215 8.523 8.869 9.263 9.937 10.601 11.255 11.897 12.529 13.150 13.760 14.360 14.943 15.511 16.071 16.565 16.560 16.579 16.625 16.695 16.792 16.914 17.061 17.234 17.432 17.656 18.079 18.845 18.644 18.331 17.906 17.370 16.721 15.960 15.087 14.103 13.006 11.798 10.477 9.712 10.118 10.490 10.828 11.134 11.406 11.645 11.850 12.022 12.161 12.267 12.339 12.711 13.412 14.076 14.704 15.294 15.848 16.365 16.845 17.289 17.695 18.065
7.213 6.469 6.455 6.592 6.767 6.979 7.229 7.517 7.843 8.206 8.608 9.047 9.524 10.039 10.667 11.293 11.909 12.515 13.109 13.693 14.266 14.829 15.375 15.905 16.428 16.942 17.059 17.329 18.159 19.034 19.953 20.915 21.923 22.974 24.069 25.209 26.393 27.424 26.727 25.917 24.996 23.963 22.818 21.561 20.193 18.712 17.120 15.415 13.599 12.197 12.455 12.680 12.871 13.029 13.154 13.245 13.303 13.328 13.320 13.278 13.203 13.343 13.881 14.383 14.848 15.276 15.668 16.023 16.341 16.622 16.866 17.074
6.516 5.786 5.762 6.031 6.336 6.680 7.062 7.481 7.938 8.433 8.965 9.536 10.144 10.790 11.405 11.994 12.573 13.141 13.699 14.392 15.397 16.538 17.744 18.997 20.356 21.821 22.848 23.830 24.855 25.924 27.038 28.196 29.398 30.644 31.935 33.270 34.648 36.072 34.921 33.615 32.198 30.669 29.028 27.276 25.412 23.435 21.347 19.147 16.836 14.714 14.825 14.902 14.946 14.957 14.934 14.879 14.790 14.667 14.512 14.323 14.101 14.011 14.387 14.727 15.030 15.296 15.525 15.718 15.873 15.992 16.075 16.120
5.817 5.101 5.035 5.434 5.872 6.347 6.859 7.410 7.998 8.624 9.288 9.989 10.726 11.447 12.139 12.937 13.870 14.938 16.141 17.478 18.949 20.555 22.231 23.954 25.784 27.721 29.096 30.272 31.492 32.757 34.065 35.418 36.815 38.256 39.742 41.271 42.845 44.463 43.226 41.425 39.512 37.488 35.352 33.104 30.744 28.272 25.689 22.994 20.187 17.269 17.226 17.156 17.053 16.917 16.747 16.544 16.308 16.039 15.736 15.400 15.031 14.716 14.930 15.108 15.248 15.352 15.419 15.450 15.444 15.401 15.321 15.204
5.114 4.413 4.273 4.804 5.372 6.107 6.943 7.746 8.517 9.255 9.961 10.634 11.275 11.884 12.768 14.033 15.433 16.966 18.635 20.438 22.375 24.447 26.591 28.785 31.086 33.493 35.286 36.657 38.072 39.531 41.035 42.582 44.174 45.810 47.490 49.214 50.982 52.795 51.643 49.347 46.939 44.419 41.788 39.044 36.190 33.223 30.145 26.955 23.654 20.241 19.660 19.443 19.193 18.909 18.593 18.243 17.860 17.443 16.994 16.511 15.995 15.458 15.510 15.525 15.504 15.446 15.351 15.219 15.051 14.846 14.605 14.326
5.510 5.123 5.109 5.929 6.717 7.473 8.196 8.887 9.545 10.171 10.764 11.325 11.854 12.350 13.274 15.005 16.870 18.870 21.004 23.272 25.675 28.212 30.824 33.489 36.261 39.139 41.419 42.985 44.594 46.248 47.946 49.689 51.475 53.305 55.180 57.098 59.061 61.068 60.172 57.380 54.477 51.462 48.336 45.098 41.749 38.288 34.715 31.031 27.235 23.327 22.126 21.762 21.365 20.934 20.470 19.974 19.444 18.880 18.284 17.654 16.991 16.295 16.126 15.980 15.796 15.576 15.320 15.026 14.696 14.329 13.926 13.486
7.843 7.231 6.840 7.548 8.224 8.867 9.478 10.056 10.602 11.115 11.596 12.045 12.461 12.845 13.657 15.853 18.184 20.649 23.248 25.982 28.850 31.852 34.932 38.068 41.309 44.657 47.494 49.255 51.059 52.908 54.800 56.737 58.718 60.742 62.811 64.924 67.081 69.283 68.812 65.525 62.128 58.618 54.997 51.265 47.421 43.466 39.399 35.220 30.930 26.529 24.624 24.113 23.569 22.991 22.381 21.737 21.060 20.350 19.607 18.830 18.021 17.178 16.779 16.471 16.126 15.744 15.311 14.858 14.451 14.087 13.769 13.495
10.233 9.398 8.600 9.196 9.759 10.289 10.788 11.254 11.687 12.088 12.457 12.793 13.097 13.368 13.916 16.578 19.374 22.304 25.368 28.567 31.900 35.367 38.914 42.519 46.231 50.049 53.513 55.468 57.466 59.509 61.596 63.727 65.902 68.122 70.385 72.692 75.043 77.439 77.563 73.782 69.890 65.886 61.771 57.545 53.207 48.757 44.196 39.524 34.740 29.845 27.153 26.496 25.805 25.081 24.323 23.533 22.709 21.813 20.729 19.579 18.364 17.084 16.337 15.902 15.513 15.168 14.867 14.611 14.399 14.232 14.110 14.032
12.682 11.622 10.499 10.871 11.322 11.740 12.126 12.480 12.801 13.090 13.346 13.570 13.762 13.921 14.051 17.178 20.439 23.834 27.363 31.027 34.824 38.755 42.770 46.845 51.027 55.314 59.474 61.623 63.816 66.053 68.335 70.660 73.029 75.443 77.900 80.402 82.947 85.537 86.425 82.150 77.764 73.266 68.657 63.937 59.105 54.162 49.108 43.942 38.630 33.145 29.585 28.670 27.689 26.643 25.532 24.355 23.113 21.806 20.434 18.996 17.493 15.924 15.063 14.825 14.632 14.483 14.379 14.319 14.304 14.333 14.407 14.525
15.188 13.905 12.557 12.575 12.913 13.219 13.493 13.734 13.943 14.120 14.264 14.376 14.456 14.503 14.518 17.656 21.381 25.241 29.234 33.362 37.623 42.019 46.501 51.045 55.696 60.453 65.316 67.721 70.109 72.540 75.016 77.535 80.099 82.706 85.357 88.053 90.792 93.576 95.398 90.514 84.622 78.818 73.103 67.476 61.937 56.486 51.124 45.849 40.663 35.565 31.663 30.459 29.190 27.856 26.456 24.992 23.462 21.867 20.206 18.480 16.689 14.833 13.746 13.704 13.707 13.755 13.846 13.983 14.163 14.389 14.658 14.973
17.753 16.246 14.675 14.307 14.533 14.727 14.888 15.017 15.114 15.179 15.211 15.211 15.178 15.113 15.016 18.009 22.199 26.523 30.981 35.572 40.298 45.158 50.106 55.119 60.239 65.465 70.797 73.763 76.344 78.970 81.576 83.048 84.566 86.130 87.741 89.397 91.100 92.850 94.559 88.966 83.462 78.046 72.718 67.478 62.326 57.263 52.288 47.400 42.601 37.890 33.807 32.315 30.758 29.136 27.448 25.696 23.878 21.995 20.046 18.033 15.954 13.810 12.385 12.540 12.738 12.982 13.270 13.602 13.979 14.400 14.866 15.376
20.375 18.645 16.850 16.066 16.181 16.262 16.312 16.329 16.314 16.266 16.186 16.074 15.930 15.753 15.544 18.240 22.894 27.682 32.603 37.659 42.848 48.171 52.718 57.156 61.523 65.817 70.039 72.271 73.809 75.393 77.024 78.701 80.424 82.193 84.008 85.870 87.778 89.732 91.732 87.326 82.209 77.181 72.240 67.387 62.622 57.946 53.358 48.857 44.445 40.121 36.018 34.238 32.393 30.483 28.507 26.467 24.361 22.191 19.955 17.654 15.287 12.856 10.980 11.331 11.726 12.165 12.649 13.177 13.749 14.366 15.028 15.734
23.056 21.102 19.083 17.854 17.856 17.826 17.763 17.669 17.541 17.382 17.190 16.966 16.710 16.421 16.100 18.069 22.671 27.182 31.602 35.930 40.167 44.313 48.441 52.563 56.612 60.589 64.494 67.057 68.800 70.590 72.425 74.307 76.235 78.209 80.229 82.296 84.409 86.568 88.773 85.594 80.864 76.222 71.669 67.203 62.825 58.535 54.333 50.220 46.194 42.257 38.407 36.227 34.094 31.896 29.634 27.306 24.912 22.454 19.931 17.342 14.688 11.970 9.532 10.078 10.669 11.304 11.983 12.707 13.476 14.288 15.146 16.047
25.794 23.616 21.375 19.671 19.561 19.418 19.244 19.037 18.456 17.868 17.280 16.690 16.100 15.509 14.918 16.075 20.364 24.561 28.667 32.682 36.606 40.438 44.250 48.055 51.787 55.448 59.036 61.798 63.746 65.740 67.780 69.867 72.000 74.179 76.404 78.675 80.992 83.356 85.766 83.770 79.427 75.172 71.004 66.925 62.934 59.031 55.215 51.488 47.849 44.298 40.834 38.282 35.862 33.377 30.827 28.211 25.531 22.785 19.974 17.098 14.158 11.152 8.080 8.782 9.568 10.399 11.274 12.194 13.158 14.166 15.219 16.316
28.571 25.645 22.758 20.216 19.629 19.042 18.454 17.865 17.275 16.685 16.094 15.502 14.909 14.316 13.722 14.166 18.141 22.024 25.817 29.519 33.129 36.648 40.145 43.633 47.049 50.392 53.664 56.493 58.646 60.845 63.090 65.381 67.718 70.102 72.531 75.007 77.529 80.098 82.712 81.853 77.897 74.028 70.247 66.554 62.950 59.433 56.004 52.663 49.409 46.244 43.167 40.404 37.697 34.924 32.087 29.184 26.216 23.183 20.085 16.923 13.695 10.402 7.044 7.442 8.424 9.450 10.521 11.636 12.795 13.999 15.247 16.540
27.292 24.503 21.754 19.050 18.461 17.871 17.280 16.689 16.096 15.503 14.910 14.316 13.720 13.125 12.528 12.340 16.002 19.573 23.052 26.440 29.738 32.944 36.126 39.297 42.396 45.423 48.378 51.142 53.499 55.903 58.353 60.848 63.390 65.979 68.613 71.293 74.020 76.792 79.611 79.845 76.274 72.792 69.397 66.091 62.872 59.741 56.698 53.743 50.876 48.096 45.405 42.593 39.598 36.538 33.413 30.224 26.969 23.649 20.264 16.814 13.300 9.720 6.075 6.058 7.235 8.457 9.723 11.034 12.388 13.788 15.208 16.561
25.978 23.326 20.714 18.141 17.294 16.701 16.108 15.514 14.920 14.324 13.728 13.131 12.534 11.936 11.337 10.737 13.948 17.205 20.372 23.447 26.431 29.325 32.192 35.047 37.830 40.540 43.179 45.745 48.307 50.915 53.570 56.270 59.016 61.809 64.647 67.532 70.463 73.440 76.463 77.744 74.560 71.463 68.455 65.534 62.701 59.956 57.299 54.729 52.248 49.854 47.548 44.847 41.566 38.219 34.807 31.330 27.789 24.182 20.510 16.774 12.972 9.152 5.489 5.171 6.644 8.071 9.453 10.788 12.077 13.320 14.518 15.669
24.629 22.114 19.638 17.202 16.129 15.535 14.939 14.342 13.745 13.148 12.549 11.950 11.350 10.749 10.147 9.545 11.978 14.923 17.776 20.539 23.210 25.791 28.344 30.883 33.349 35.743 38.066 40.316 43.070 45.882 48.741 51.645 54.596 57.593 60.635 63.724 66.859 70.040 73.268 75.551 72.753 70.042 67.419 64.884 62.437 60.078 57.806 55.622 53.526 51.518 49.597 47.168 43.589 39.896 36.210 32.530 28.856 25.189 21.528 17.873 14.224 10.582 6.945 5.939 7.210 8.436 9.615 10.749 11.837 12.878 13.874 14.823
23.244 20.866 18.527 16.227 14.967 14.370 13.772 13.173 12.573 11.973 11.372 10.770 10.167 9.564 8.960 8.355 10.093 12.724 15.265 17.715 20.074 22.342 24.581 26.804 28.954 31.032 33.039 34.973 37.786 40.803 43.866 46.974 50.129 53.330 56.577 59.870 63.209 66.594 70.025 73.267 70.854 68.529 66.291 64.141 62.045 60.004 58.017 56.085 54.207 52.383 50.614 48.447 44.775 41.109 37.449 33.795 30.148 26.506 22.871 19.243 15.620 12.004 8.394 6.753 7.822 8.846 9.824 10.756 11.642 12.482 13.276 14.024
21.825 19.583 17.380 15.218 13.807 13.207 12.607 12.005 11.403 10.800 10.197 9.592 8.987 8.382 7.775 7.168 8.291 10.611 12.839 14.976 17.023 18.979 20.903 22.810 24.645 26.407 28.098 29.716 32.457 35.678 38.944 42.257 45.616 49.021 52.472 56.147 59.813 63.457 67.078 70.678 69.069 67.048 65.083 63.171 61.315 59.512 57.764 56.071 54.432 52.848 51.318 49.600 45.954 42.314 38.680 35.053 31.431 27.817 24.208 20.605 17.009 13.419 9.835 7.612 8.480 9.302 10.079 10.809 11.494 12.132 12.725 13.272
20.370 18.264 16.198 14.172 12.649 12.047 11.444 10.840 10.235 9.630 9.024 8.417 7.810 7.201 6.592 5.983 6.574 8.581 10.497 12.322 14.057 15.700 17.311 18.902 20.421 21.868 23.609 25.373 28.317 32.042 35.744 39.425 43.083 46.719 50.333 53.925 57.495 61.043 64.569 68.072 67.324 65.543 63.817 62.144 60.527 58.963 57.454 56.000 54.600 53.255 51.964 50.727 47.125 43.512 39.904 36.303 32.708 29.119 25.537 21.961 18.391 14.827 11.269 8.517 9.183 9.804 10.379 10.908 11.392 11.829 12.220 12.566
18.879 16.910 14.981 13.091 11.494 10.889 10.283 9.677 9.070 8.462 7.853 7.244 6.634 6.023 5.412 4.800 4.941 6.635 8.462 10.352 12.202 14.010 15.788 17.539 19.259 20.945 22.599 24.221 26.792 30.421 34.028 37.612 41.175 44.715 48.233 51.729 55.203 58.655 62.085 65.493 65.524 63.981 62.494 61.060 59.682 58.357 57.087 55.872 54.710 53.604 52.551 51.554 48.290 44.703 41.121 37.546 33.978 30.415 26.859 23.309 19.765 16.228 12.696 9.467 9.932 10.352 10.726 11.054 11.336 11.572 11.762 11.906
17.354 15.522 13.729 11.975 10.340 9.733 9.125 8.516 7.906 7.296 6.685 6.369 6.134 5.835 5.472 5.044 5.000 6.832 8.623 10.373 12.081 13.749 15.385 16.994 18.571 20.115 21.626 23.106 25.293 28.826 32.337 35.825 39.292 42.736 46.159 49.559 52.938 56.294 59.628 62.940 63.666 62.363 61.114 59.920 58.780 57.694 56.663 55.686 54.763 53.895 53.082 52.322 49.448 45.886 42.331 38.783 35.240 31.704 28.174 24.650 21.132 17.621 14.116 10.617 10.727 10.945 11.118 11.245 11.326 11.360 11.350 11.293
15.794 14.097 12.441 10.824 9.714 9.652 9.581 9.445 9.246 8.982 8.653 8.261 7.804 7.283 6.698 6.048 5.480 7.171 8.821 10.430 11.998 13.524 15.018 16.485 17.920 19.321 20.691 22.028 23.819 27.256 30.671 34.064 37.435 40.784 44.111 47.415 50.698 53.958 57.197 60.413 61.753 60.688 59.678 58.722 57.821 56.974 56.181 55.443 54.759 54.129 53.554 53.033 50.598 47.063 43.534 40.012 36.495 32.985 29.481 25.984 22.492 19.007 15.528 12.055 11.567 11.584 11.556 11.482 11.361 11.195 10.984 10.726
16.153 15.266 14.482 13.801 13.223 12.933 12.640 12.282 11.860 11.374 10.824 10.210 9.531 8.788 7.981 7.110 6.174 7.546 9.055 10.523 11.950 13.337 14.689 16.013 17.306 18.565 19.792 20.987 22.371 25.713 29.032 32.329 35.604 38.857 42.088 45.297 48.484 51.649 54.791 57.912 59.783 58.957 58.186 57.468 56.805 56.197 55.642 55.143 54.697 54.306 53.969 53.686 51.741 48.233 44.730 41.234 37.743 34.259 30.782 27.310 23.845 20.386 16.933 13.486 12.453 12.269 12.040 11.764 11.443 11.076 10.664 10.205
18.142 17.610 17.180 16.854 16.631 16.270 15.755 15.175 14.532 13.824 13.052 12.216 11.315 10.351 9.322 8.229 7.071 7.958 9.326 10.654 11.940 13.185 14.396 15.579 16.728 17.846 18.931 19.983 21.003 24.194 27.418 30.619 33.799 36.956 40.091 43.204 46.296 49.365 52.412 55.437 57.757 57.169 56.636 56.157 55.733 55.363 55.047 54.785 54.578 54.425 54.326 54.282 52.878 49.395 45.919 42.448 38.984 35.526 32.075 28.629 25.190 21.757 18.331 14.910 13.384 12.999 12.533 11.952 11.378 10.811 10.252 9.700
20.031 19.854 19.779 19.808 19.940 19.663 18.926 18.125 17.260 16.330 15.336 14.278 13.156 11.970 10.720 9.405 8.026 8.406 9.633 10.820 11.966 13.071 14.140 15.180 16.188 17.164 18.106 19.017 19.895 22.701 25.829 28.935 32.019 35.080 38.120 41.138 44.134 47.107 50.059 52.988 55.675 55.325 55.031 54.790 54.604 54.472 54.394 54.370 54.401 54.486 54.626 54.819 54.007 50.550 47.100 43.656 40.218 36.720 32.862 29.093 25.415 21.827 18.329 14.921 12.970 12.406 11.850 11.301 10.759 10.225 9.698 9.178
21.821 21.999 22.279 22.662 23.148 23.113 22.154 21.131 20.044 18.893 17.678 16.398 15.054 13.647 12.175 10.639 9.039 8.890 9.977 11.023 12.028 12.993 13.921 14.819 15.685 16.518 17.319 18.087 18.823 21.234 24.266 27.276 30.265 33.231 36.175 39.097 41.997 44.875 47.731 50.566 53.378 53.425 53.368 53.366 53.418 53.524 53.684 53.899 54.158 53.986 53.721 53.364 52.336 48.422 44.598 40.863 37.219 33.664 30.200 26.825 23.541 20.346 17.242 14.227 12.216 11.684 11.160 10.643 10.134 9.631 9.137 8.649
23.512 24.044 24.679 25.416 26.257 26.619 25.438 24.194 22.885 21.512 20.075 18.575 17.010 15.381 13.687 11.930 10.109 9.411 10.357 11.263 12.128 12.951 13.738 14.495 15.218 15.910 16.569 17.195 17.789 19.792 22.729 25.643 28.536 31.407 34.255 37.082 39.887 42.669 45.430 48.169 51.033 51.659 51.727 51.703 51.588 51.380 51.081 50.689 50.206 49.631 48.964 48.204 47.224 43.703 40.272 36.931 33.680 30.520 27.449 24.468 21.577 18.775 16.064 13.443 11.455 10.956 10.464 9.979 9.502 9.032 8.569 8.114
25.104 25.990 26.979 28.071 29.266 30.180 28.778 27.312 25.782 24.188 22.530 20.808 19.022 17.171 15.257 13.279 11.236 9.967 10.773 11.539 12.263 12.947 13.593 14.207 14.789 15.338 15.855 16.340 16.792 18.375 21.216 24.263 27.320 30.328 33.288 36.199 39.061 41.875 44.640 47.356 50.024 50.626 50.292 49.866 49.347 48.737 48.035 47.241 46.356 45.378 44.308 43.147 41.893 38.896 35.858 32.911 30.054 27.286 24.608 22.021 19.523 17.115 14.797 12.569 10.688 10.221 9.761 9.308 8.863 8.425 7.995 7.572
26.597 27.837 29.180 30.626 32.175 33.798 32.175 30.487 28.736 26.921 25.041 23.098 21.091 19.019 16.884 14.685 12.421 10.560 11.226 11.851 12.435 12.978 13.777 14.644 15.448 16.187 16.862 17.473 18.020 19.384 22.326 25.219 28.063 30.859 33.606 36.305 38.955 41.556 44.108 46.612 49.068 49.695 48.958 48.129 47.208 46.195 45.091 43.895 42.607 41.227 39.755 38.191 36.536 34.001 31.357 28.802 26.338 23.964 21.679 19.485 17.380 15.365 13.440 11.605 9.914 9.479 9.051 8.631 8.218 7.812 7.414 7.023
