DATA/SHG/ECMWF/20170628/EN-20/20170630.en-20.asc
ncols        190
nrows        64
xllcorner    -5100000.000000000000
yllcorner    4130000.000000000000
cellsize     10000.000000000000
NODATA_value  -99999.000
[rows 0 to 31 of 64, columns 73 to 145 of 190]
8.661 8.979 9.316 9.672 10.046 10.439 10.851 11.281 11.567 11.405 11.209 11.025 10.853 10.694 10.546 10.411 10.289 10.178 10.080 9.994 9.849 9.466 9.078 8.689 8.301 7.913 7.525 7.136 6.748 6.360 5.972 5.584 5.397 5.857 6.306 6.745 7.172 7.589 7.995 8.390 8.774 9.147 9.509 9.860 9.992 9.469 8.938 8.400 7.854 7.301 6.740 6.172 5.596 5.012 4.421 3.822 3.329 3.169 3.010 2.852 2.696 2.542 2.389 2.237 2.087 1.938 1.791 1.646 1.524 1.468 1.415 1.367 1.323
8.814 9.198 9.557 9.899 10.234 10.562 10.882 11.194 11.416 11.250 11.097 10.956 10.827 10.710 10.605 10.513 10.433 10.365 10.309 10.266 10.198 9.815 9.427 9.038 8.650 8.261 7.873 7.485 7.097 6.708 6.320 5.932 5.635 6.047 6.448 6.838 7.217 7.585 7.942 8.288 8.624 8.948 9.262 9.565 9.750 9.193 8.629 8.057 7.477 6.890 6.295 5.692 5.082 4.465 3.840 3.207 2.635 2.481 2.329 2.178 2.029 1.881 1.734 1.590 1.446 1.304 1.164 1.025 0.902 0.864 0.829 0.799 0.772
8.784 9.115 9.439 9.755 10.064 10.366 10.660 10.947 11.207 11.084 10.974 10.875 10.789 10.715 10.653 10.603 10.566 10.541 10.528 10.527 10.538 10.163 9.775 9.387 8.998 8.610 8.221 7.833 7.445 7.056 6.668 6.280 5.892 6.249 6.601 6.942 7.273 7.592 7.901 8.198 8.485 8.761 9.027 9.281 9.517 8.926 8.328 7.722 7.108 6.487 5.858 5.222 4.578 3.926 3.267 2.601 1.940 1.793 1.647 1.503 1.360 1.219 1.080 0.942 0.805 0.670 0.536 0.404 0.362 0.517 0.677 0.843 1.014
8.724 9.029 9.327 9.618 9.901 10.177 10.446 10.707 10.961 10.908 10.840 10.784 10.741 10.709 10.690 10.683 10.688 10.705 10.735 10.776 10.830 10.511 10.123 9.734 9.346 8.957 8.569 8.181 7.792 7.404 7.016 6.627 6.239 6.462 6.766 7.058 7.340 7.611 7.871 8.121 8.359 8.587 8.803 9.009 9.204 8.668 8.035 7.395 6.748 6.093 5.430 4.760 4.082 3.397 2.704 2.003 1.295 1.104 0.965 0.909 0.933 0.963 0.998 1.038 1.083 1.132 1.187 1.247 1.312 1.484 1.669 1.859 2.055
8.671 8.951 9.223 9.488 9.745 9.996 10.238 10.474 10.702 10.721 10.695 10.682 10.681 10.692 10.715 10.751 10.799 10.858 10.930 11.014 11.111 10.859 10.470 10.082 9.693 9.305 8.916 8.528 8.139 7.751 7.363 6.974 6.586 6.687 6.942 7.186 7.420 7.642 7.854 8.055 8.245 8.424 8.592 8.749 8.896 8.418 7.752 7.078 6.396 5.707 5.041 4.416 3.815 3.238 2.685 2.156 1.651 1.577 1.614 1.656 1.703 1.755 1.812 1.875 1.942 2.014 2.091 2.174 2.261 2.445 2.654 2.869 3.089
8.625 8.879 9.125 9.365 9.597 9.821 10.038 10.248 10.450 10.522 10.540 10.569 10.610 10.664 10.730 10.808 10.898 11.000 11.115 11.241 11.380 11.206 10.818 10.429 10.040 9.652 9.263 8.875 8.486 8.098 7.709 7.321 6.932 6.923 7.130 7.326 7.511 7.685 7.848 8.000 8.142 8.256 8.345 8.417 8.473 8.058 7.420 6.806 6.216 5.650 5.108 4.590 4.096 3.625 3.179 2.756 2.358 2.274 2.333 2.397 2.467 2.541 2.621 2.705 2.795 2.889 2.989 3.094 3.203 3.398 3.632 3.871 4.116
8.586 8.814 9.035 9.248 9.455 9.653 9.845 10.029 10.206 10.313 10.373 10.445 10.529 10.625 10.733 10.854 10.986 11.131 11.288 11.457 11.638 11.553 11.164 10.776 10.387 9.998 9.610 9.221 8.833 8.444 8.055 7.667 7.273 7.161 7.306 7.435 7.548 7.645 7.726 7.791 7.840 7.872 7.889 7.890 7.874 7.567 7.036 6.528 6.045 5.585 5.150 4.738 4.351 3.987 3.647 3.331 3.039 2.964 3.046 3.132 3.224 3.321 3.423 3.530 3.641 3.758 3.880 4.007 4.139 4.345 4.604 4.867 5.136
8.554 8.756 8.951 9.139 9.320 9.493 9.659 9.817 9.968 10.093 10.195 10.310 10.436 10.575 10.726 10.889 11.064 11.251 11.450 11.662 11.885 11.899 11.510 11.059 10.596 10.151 9.724 9.314 8.921 8.546 8.188 7.848 7.525 7.367 7.441 7.498 7.540 7.565 7.574 7.568 7.545 7.506 7.451 7.381 7.294 7.051 6.626 6.225 5.849 5.496 5.167 4.862 4.580 4.323 4.089 3.880 3.694 3.648 3.752 3.861 3.975 4.094 4.218 4.348 4.482 4.621 4.765 4.914 5.069 5.285 5.568 5.856 6.150
8.528 8.705 8.875 9.037 9.192 9.339 9.480 9.613 9.738 9.862 10.007 10.164 10.333 10.514 10.707 10.896 11.024 11.142 11.251 11.351 11.441 11.413 10.994 10.592 10.207 9.840 9.490 9.158 8.843 8.546 8.265 8.003 7.758 7.591 7.593 7.579 7.549 7.503 7.440 7.362 7.268 7.158 7.032 6.889 6.731 6.510 6.192 5.898 5.628 5.381 5.158 4.960 4.785 4.634 4.507 4.403 4.324 4.326 4.452 4.584 4.720 4.862 5.008 5.159 5.316 5.477 5.644 5.815 5.992 6.218 6.525 6.838 7.156
8.510 8.661 8.805 8.942 9.071 9.193 9.308 9.415 9.512 9.606 9.757 9.899 10.031 10.155 10.268 10.373 10.468 10.554 10.630 10.697 10.755 10.772 10.430 10.106 9.799 9.510 9.238 8.983 8.746 8.526 8.323 8.138 7.971 7.832 7.763 7.677 7.575 7.458 7.324 7.175 7.009 6.827 6.630 6.416 6.186 5.945 5.733 5.546 5.382 5.241 5.125 5.033 4.964 4.919 4.898 4.901 4.928 4.998 5.147 5.300 5.459 5.622 5.791 5.965 6.144 6.327 6.516 6.710 6.908 7.145 7.476 7.813 8.156
8.498 8.626 8.746 8.856 8.954 9.042 9.119 9.186 9.241 9.287 9.405 9.515 9.615 9.705 9.787 9.858 9.921 9.974 10.018 10.053 10.078 10.104 9.848 9.601 9.372 9.160 8.966 8.789 8.629 8.487 8.362 8.255 8.165 8.091 7.950 7.793 7.620 7.430 7.225 7.004 6.767 6.514 6.245 5.960 5.659 5.356 5.250 5.169 5.111 5.077 5.067 5.081 5.118 5.180 5.265 5.374 5.507 5.664 5.835 6.010 6.191 6.377 6.568 6.764 6.965 7.171 7.382 7.598 7.819 8.064 8.420 8.781 9.148
8.536 8.629 8.712 8.784 8.845 8.895 8.934 8.963 8.980 8.987 9.063 9.140 9.207 9.265 9.314 9.353 9.383 9.404 9.415 9.417 9.410 9.404 9.247 9.078 8.926 8.792 8.675 8.576 8.494 8.429 8.382 8.352 8.339 8.344 8.154 7.925 7.681 7.421 7.144 6.852 6.543 6.219 5.879 5.522 5.150 4.762 4.742 4.767 4.815 4.887 4.984 5.103 5.247 5.415 5.606 5.821 6.060 6.323 6.516 6.715 6.918 7.126 7.339 7.557 7.780 8.008 8.242 8.480 8.712 8.959 9.572 10.388 11.408
8.587 8.643 8.688 8.722 8.745 8.758 8.759 8.750 8.730 8.699 8.729 8.774 8.809 8.834 8.850 8.857 8.855 8.843 8.822 8.791 8.752 8.713 8.627 8.535 8.461 8.405 8.365 8.344 8.339 8.352 8.382 8.430 8.494 8.577 8.375 8.076 7.760 7.428 7.080 6.717 6.337 5.942 5.530 5.102 4.659 4.200 4.210 4.340 4.495 4.673 4.875 5.101 5.351 5.625 5.922 6.243 6.588 6.957 7.192 7.367 7.507 7.669 7.851 8.055 8.279 8.525 8.791 9.079 9.387 9.717 11.160 12.881 14.805
8.649 8.667 8.674 8.670 8.656 8.630 8.594 8.548 8.490 8.421 8.405 8.417 8.419 8.412 8.396 8.370 8.336 8.291 8.238 8.175 8.103 8.031 7.988 7.974 7.978 7.999 8.037 8.092 8.165 8.255 8.363 8.488 8.630 8.790 8.614 8.243 7.856 7.453 7.034 6.599 6.148 5.682 5.199 4.700 4.186 3.655 3.653 3.889 4.150 4.434 4.746 5.060 5.366 5.662 5.950 6.229 6.498 6.759 6.967 7.180 7.414 7.669 7.945 8.242 8.560 8.898 9.258 9.639 10.041 10.463 12.544 15.168 17.996
8.720 8.701 8.670 8.629 8.577 8.514 8.440 8.355 8.260 8.154 8.090 8.069 8.039 7.999 7.951 7.893 7.825 7.749 7.663 7.567 7.463 7.359 7.331 7.394 7.475 7.574 7.689 7.822 7.972 8.140 8.325 8.527 8.747 8.984 8.870 8.428 7.970 7.495 7.005 6.499 5.977 5.460 4.963 4.468 3.977 3.490 3.481 3.791 4.093 4.385 4.669 4.944 5.210 5.466 5.714 5.953 6.183 6.403 6.666 6.973 7.300 7.648 8.017 8.407 8.818 9.250 9.703 10.177 10.672 11.188 13.723 17.250 20.980
8.802 8.745 8.676 8.597 8.508 8.407 8.296 8.174 8.041 7.897 7.783 7.730 7.667 7.596 7.515 7.424 7.324 7.215 7.097 6.969 6.832 6.696 6.655 6.796 6.954 7.130 7.323 7.533 7.761 8.005 8.268 8.547 8.840 9.124 9.075 8.569 8.066 7.566 7.070 6.576 6.087 5.600 5.117 4.638 4.161 3.688 3.573 3.844 4.105 4.358 4.602 4.837 5.063 5.280 5.488 5.687 5.876 6.058 6.344 6.744 7.164 7.606 8.068 8.551 9.055 9.580 10.127 10.694 11.282 11.891 14.698 19.127 23.759
8.894 8.799 8.693 8.576 8.449 8.311 8.162 8.002 7.831 7.650 7.486 7.400 7.305 7.201 7.087 6.965 6.833 6.691 6.540 6.380 6.211 6.042 5.960 6.247 6.582 6.906 7.219 7.520 7.811 8.090 8.357 8.614 8.859 9.094 9.109 8.617 8.129 7.644 7.162 6.683 6.208 5.737 5.268 4.803 4.341 3.883 3.675 3.905 4.127 4.340 4.544 4.739 4.925 5.103 5.271 5.430 5.580 5.721 6.001 6.493 7.007 7.542 8.097 8.673 9.271 9.889 10.528 11.188 11.869 12.571 15.468 20.799 26.333
8.995 8.863 8.719 8.565 8.400 8.224 8.038 7.840 7.632 7.414 7.197 7.079 6.952 6.815 6.669 6.531 6.581 6.610 6.616 6.600 6.561 6.490 6.432 6.728 7.013 7.287 7.550 7.802 8.042 8.271 8.489 8.696 8.891 9.076 9.139 8.662 8.188 7.718 7.251 6.787 6.326 5.869 5.415 4.965 4.518 4.074 3.786 3.977 4.159 4.332 4.496 4.651 4.798 4.935 5.063 5.183 5.293 5.395 5.636 6.222 6.829 7.456 8.105 8.774 9.465 10.176 10.908 11.661 12.435 13.230 16.035 22.266 28.701
9.107 8.937 8.756 8.564 8.361 8.148 7.924 7.689 7.482 7.466 7.473 7.556 7.617 7.657 7.674 7.670 7.643 7.593 7.522 7.428 7.312 7.163 6.984 7.220 7.456 7.680 7.893 8.095 8.285 8.465 8.633 8.790 8.936 9.070 9.166 8.703 8.244 7.788 7.336 6.887 6.441 5.998 5.559 5.123 4.691 4.261 3.906 4.057 4.199 4.333 4.457 4.573 4.679 4.777 4.866 4.945 5.016 5.078 5.251 5.929 6.629 7.350 8.091 8.854 9.637 10.441 11.266 12.112 12.979 13.867 16.398 23.530 30.864
9.229 9.048 8.952 8.878 8.827 8.800 8.795 8.813 8.854 8.918 9.005 9.024 9.008 8.970 8.910 8.827 8.723 8.596 8.447 8.275 8.082 7.855 7.598 7.725 7.910 8.085 8.248 8.400 8.541 8.670 8.789 8.896 8.992 9.077 9.151 8.741 8.296 7.855 7.417 6.983 6.551 6.124 5.699 5.278 4.860 4.445 4.035 4.147 4.250 4.343 4.428 4.504 4.571 4.629 4.678 4.718 4.749 4.771 4.844 5.615 6.408 7.222 8.056 8.911 9.788 10.685 11.602 12.541 13.501 14.482 16.557 24.589 32.822
9.879 9.839 9.823 9.829 9.858 9.910 9.984 10.082 10.203 10.346 10.513 10.511 10.417 10.301 10.164 10.004 9.821 9.617 9.390 9.141 8.870 8.565 8.230 8.241 8.377 8.501 8.615 8.717 8.808 8.888 8.957 9.015 9.061 9.096 9.120 8.775 8.345 7.918 7.495 7.075 6.659 6.245 5.835 5.428 5.025 4.625 4.228 4.246 4.309 4.363 4.408 4.444 4.471 4.490 4.499 4.499 4.491 4.473 4.447 5.280 6.166 7.072 8.000 8.948 9.917 10.907 11.917 12.949 14.001 15.068 16.440 24.833 33.029
10.568 10.608 10.671 10.756 10.865 10.997 11.151 11.329 11.529 11.752 11.998 12.016 11.845 11.651 11.436 11.198 10.939 10.657 10.353 10.026 9.678 9.295 8.882 8.769 8.855 8.930 8.994 9.046 9.088 9.118 9.137 9.145 9.142 9.128 9.102 8.806 8.390 7.978 7.569 7.164 6.762 6.363 5.968 5.576 5.187 4.801 4.419 4.355 4.378 4.392 4.398 4.394 4.382 4.360 4.330 4.291 4.242 4.185 4.119 4.924 6.005 7.216 8.389 9.524 10.621 11.680 12.701 13.684 14.630 15.537 16.406 23.479 30.802
11.234 11.354 11.496 11.662 11.850 12.061 12.295 12.552 12.832 13.135 13.461 13.539 13.291 13.020 12.727 12.412 12.075 11.715 11.334 10.930 10.504 10.044 9.552 9.309 9.345 9.371 9.385 9.388 9.379 9.360 9.330 9.288 9.235 9.171 9.096 8.833 8.432 8.034 7.640 7.249 6.862 6.478 6.097 5.719 5.345 4.974 4.606 4.472 4.456 4.431 4.396 4.395 4.489 4.628 4.814 5.046 5.324 5.649 6.019 6.945 8.025 9.068 10.072 11.039 11.968 12.859 13.711 14.526 15.303 16.042 16.743 22.320 28.772
11.878 12.077 12.299 12.544 12.812 13.103 13.416 13.753 14.112 14.495 14.900 15.081 14.755 14.407 14.036 13.644 13.229 12.793 12.334 11.853 11.350 10.811 10.242 9.861 9.847 9.823 9.788 9.741 9.683 9.614 9.534 9.443 9.340 9.227 9.102 8.856 8.470 8.087 7.707 7.331 6.958 6.589 6.229 5.871 5.499 5.114 4.715 4.565 4.679 4.838 5.044 5.296 5.594 5.939 6.329 6.766 7.248 7.777 8.353 9.169 10.081 10.955 11.792 12.590 13.351 14.073 14.758 15.405 16.013 16.584 17.117 21.357 26.938
12.499 12.778 13.079 13.404 13.751 14.122 14.515 14.931 15.370 15.831 16.316 16.641 16.238 15.812 15.364 14.895 14.403 13.889 13.353 12.794 12.214 11.598 10.950 10.424 10.361 10.287 10.202 10.106 9.999 9.880 9.750 9.610 9.458 9.316 9.217 9.060 8.737 8.400 8.050 7.686 7.308 6.917 6.512 6.093 5.661 5.215 4.755 4.598 4.916 5.280 5.691 6.147 6.650 7.199 7.794 8.435 9.122 9.856 10.635 11.428 12.173 12.879 13.547 14.178 14.770 15.325 15.841 16.320 16.761 17.164 17.529 20.590 25.300
13.098 13.456 13.837 14.241 14.668 15.118 15.591 16.086 16.604 17.145 17.709 18.219 17.739 17.236 16.711 16.164 15.595 15.003 14.390 13.755 13.097 12.403 11.678 11.000 10.856 10.673 10.509 10.363 10.236 10.127 10.036 9.964 9.910 9.874 9.857 9.782 9.399 9.001 8.590 8.165 7.727 7.275 6.809 6.330 5.837 5.330 4.810 4.581 5.104 5.673 6.288 6.949 7.656 8.409 9.209 10.054 10.946 11.884 12.867 13.724 14.300 14.838 15.339 15.801 16.226 16.612 16.961 17.272 17.545 17.780 17.977 20.018 23.858
13.674 14.112 14.573 15.056 15.563 16.092 16.644 17.218 17.816 18.436 19.079 19.745 19.258 18.678 18.076 17.451 16.762 15.796 14.867 13.976 13.121 12.310 11.537 10.793 10.659 10.558 10.475 10.411 10.365 10.338 10.329 10.338 10.366 10.412 10.477 10.519 10.074 9.616 9.144 8.659 8.160 7.647 7.121 6.581 6.027 5.460 4.879 4.516 5.243 6.016 6.836 7.701 8.613 9.570 10.574 11.624 12.719 13.861 15.049 16.055 16.464 16.834 17.166 17.461 17.718 17.937 18.118 18.261 18.366 18.434 18.463 19.641 22.612
14.229 14.746 15.286 15.849 16.434 17.043 17.674 18.328 19.005 19.611 19.874 20.124 19.341 18.356 17.408 16.496 15.623 14.786 13.986 13.224 12.499 11.818 11.175 10.561 10.441 10.422 10.421 10.438 10.474 10.528 10.601 10.692 10.801 10.929 11.075 11.239 10.764 10.245 9.713 9.167 8.607 8.034 7.447 6.846 6.232 5.604 4.963 4.402 5.333 6.311 7.334 8.404 9.520 10.681 11.889 13.143 14.443 15.789 17.180 18.422 18.663 18.865 19.030 19.157 19.246 19.297 19.311 19.286 19.224 19.124 18.986 19.459 21.562
14.761 15.357 15.883 16.188 16.482 16.763 17.032 17.289 17.534 17.767 17.988 18.197 17.654 16.797 15.978 15.196 14.452 13.744 13.074 12.441 11.844 11.293 10.780 10.297 10.203 10.266 10.346 10.445 10.563 10.698 10.852 11.025 11.216 11.425 11.652 11.898 11.468 10.889 10.296 9.689 9.069 8.435 7.787 7.126 6.451 5.763 5.061 4.346 5.374 6.556 7.784 9.057 10.377 11.743 13.154 14.612 16.116 17.666 19.261 20.825 20.898 20.933 20.930 20.889 20.811 20.695 20.540 20.349 20.119 19.851 19.546 19.471 20.706
13.779 14.066 14.342 14.606 14.858 15.097 15.325 15.541 15.744 15.936 16.115 16.283 15.935 15.207 14.517 13.865 13.249 12.670 12.129 11.625 11.158 10.736 10.353 10.000 9.945 10.089 10.251 10.432 10.630 10.848 11.083 11.337 11.609 11.900 12.209 12.536 12.186 11.546 10.892 10.225 9.544 8.850 8.142 7.420 6.685 5.936 5.174 4.398 5.367 6.752 8.184 9.661 11.185 12.755 14.370 16.032 17.739 19.493 21.292 23.137 23.169 23.036 22.866 22.658 22.412 22.128 21.807 21.447 21.050 20.615 20.143 19.664 20.108
12.334 12.580 12.814 13.037 13.247 13.445 13.631 13.806 13.968 14.118 14.256 14.382 14.184 13.586 13.025 12.501 12.014 11.565 11.152 10.777 10.438 10.146 9.894 9.671 9.667 9.892 10.135 10.397 10.678 10.976 11.293 11.628 11.982 12.354 12.744 13.153 12.918 12.217 11.503 10.776 10.034 9.279 8.511 7.729 6.933 6.124 5.301 4.464 5.310 6.899 8.535 10.216 11.944 13.717 15.536 17.401 19.312 21.269 23.272 25.321 25.476 25.176 24.738 24.106 23.492 22.895 22.317 21.757 21.216 20.692 20.186 19.699 19.946
10.902 11.107 11.300 11.481 11.649 11.806 11.951 12.084 12.205 12.313 12.410 12.495 12.402 11.933 11.500 11.106 10.748 10.427 10.143 9.896 9.687 9.524 9.402 9.309 9.368 9.674 9.999 10.343 10.704 11.084 11.483 11.899 12.334 12.788 13.259 13.749 13.664 12.903 12.128 11.340 10.538 9.723 8.894 8.052 7.195 6.326 5.443 4.546 5.205 6.998 8.837 10.722 12.653 14.600 16.468 18.294 20.079 21.823 23.526 25.188 25.242 24.653 24.083 23.530 22.996 22.480 21.982 21.502 21.040 20.596 20.171 19.763 19.818
