DATA/SHG/ECMWF/20170628/EN-20/20170705.en-20.asc
ncols        190
nrows        64
xllcorner    -5100000.000000000000
yllcorner    4130000.000000000000
cellsize     10000.000000000000
NODATA_value  -99999.000
[rows 0 to 32 of 64, columns 73 to 145 of 190]
14.223 14.193 14.148 14.088 14.014 13.924 13.819 13.699 13.803 14.305 14.717 15.119 15.509 15.888 16.257 16.614 16.961 17.296 17.621 17.934 18.049 17.558 17.095 16.633 16.174 15.716 15.261 14.807 14.356 13.906 13.458 13.013 12.540 11.983 11.440 10.912 10.400 9.902 9.419 8.950 8.497 8.059 7.635 7.227 6.945 7.020 7.101 7.189 7.284 7.386 7.494 7.609 7.731 7.860 7.995 8.137 8.157 7.796 7.431 7.064 6.693 6.318 5.940 5.558 5.174 4.785 4.394 3.998 3.631 3.354 3.083 2.819 2.561
14.951 14.868 14.608 14.285 13.944 13.586 13.210 12.816 12.549 12.934 13.308 13.672 14.024 14.365 14.696 15.016 15.324 15.622 15.909 16.184 16.369 15.887 15.433 14.980 14.530 14.081 13.635 13.190 12.748 12.307 11.869 11.432 10.990 10.499 10.023 9.562 9.116 8.685 8.268 7.867 7.480 7.108 6.751 6.409 6.135 6.240 6.352 6.470 6.596 6.728 6.866 7.012 7.164 7.322 7.488 7.660 7.762 7.386 7.006 6.623 6.237 5.847 5.453 5.057 4.656 4.253 3.846 3.435 3.046 2.797 2.554 2.318 2.088
14.474 14.125 13.758 13.373 12.971 12.551 12.114 11.660 11.228 11.575 11.911 12.237 12.551 12.855 13.147 13.429 13.700 13.960 14.209 14.447 14.674 14.216 13.771 13.327 12.886 12.446 12.009 11.573 11.140 10.708 10.279 9.851 9.426 9.002 8.592 8.198 7.818 7.454 7.104 6.769 6.449 6.143 5.853 5.577 5.320 5.455 5.597 5.746 5.901 6.063 6.232 6.408 6.590 6.779 6.975 7.177 7.372 6.980 6.585 6.187 5.785 5.380 4.971 4.559 4.143 3.724 3.302 2.876 2.501 2.375 2.258 2.148 2.047
13.764 13.353 12.925 12.479 12.016 11.535 11.037 10.521 9.988 10.228 10.526 10.814 11.090 11.356 11.611 11.855 12.088 12.310 12.521 12.721 12.910 12.546 12.109 11.675 11.242 10.812 10.383 9.957 9.533 9.110 8.690 8.271 7.854 7.490 7.147 6.820 6.506 6.208 5.925 5.656 5.403 5.164 4.940 4.730 4.536 4.663 4.836 5.014 5.200 5.392 5.592 5.797 6.010 6.229 6.455 6.688 6.927 6.579 6.168 5.794 5.457 5.120 4.783 4.446 4.110 3.774 3.438 3.102 2.767 2.661 2.579 2.506 2.441
13.071 12.599 12.109 11.602 11.078 10.536 9.977 9.401 8.807 8.892 9.153 9.403 9.641 9.869 10.086 10.292 10.488 10.672 10.845 11.008 11.159 10.875 10.448 10.022 9.599 9.178 8.758 8.341 7.925 7.512 7.100 6.691 6.283 5.965 5.688 5.427 5.180 4.948 4.731 4.529 4.342 4.170 4.012 3.869 3.741 3.866 4.068 4.277 4.493 4.716 4.987 5.299 5.615 5.937 6.264 6.595 6.932 6.733 6.396 6.060 5.723 5.387 5.051 4.716 4.380 4.045 3.710 3.375 3.041 2.937 2.892 2.855 2.826
12.395 11.862 11.312 10.744 10.158 9.556 8.936 8.298 7.643 7.569 7.792 8.004 8.205 8.395 8.574 8.742 8.900 9.046 9.182 9.307 9.420 9.205 8.787 8.370 7.956 7.544 7.133 6.725 6.318 5.914 5.511 5.111 4.712 4.425 4.215 4.020 3.840 3.675 3.524 3.388 3.267 3.225 3.229 3.232 3.235 3.435 3.744 4.058 4.377 4.701 5.030 5.364 5.703 6.047 6.397 6.751 7.110 6.997 6.661 6.325 5.989 5.654 5.319 4.985 4.650 4.316 3.982 3.648 3.314 3.206 3.197 3.196 3.203
11.737 11.143 10.532 9.903 9.256 8.593 7.912 7.213 6.497 6.257 6.442 6.616 6.780 6.932 7.074 7.204 7.324 7.433 7.531 7.618 7.694 7.535 7.126 6.719 6.313 5.910 5.508 5.109 4.712 4.316 3.923 3.531 3.254 3.151 3.157 3.162 3.166 3.171 3.174 3.177 3.179 3.181 3.183 3.183 3.184 3.360 3.691 4.028 4.369 4.716 5.067 5.424 5.786 6.152 6.524 6.901 7.283 7.259 6.924 6.590 6.255 5.921 5.587 5.253 4.919 4.586 4.253 3.920 3.587 3.466 3.493 3.528 3.571
11.096 10.442 9.769 9.079 8.372 7.647 6.905 6.146 5.369 4.957 5.105 5.241 5.367 5.481 5.585 5.678 5.760 5.831 5.892 5.941 5.980 5.866 5.465 5.188 4.962 4.739 4.519 4.301 4.085 3.873 3.663 3.455 3.250 3.127 3.130 3.133 3.135 3.137 3.138 3.139 3.139 3.138 3.137 3.136 3.134 3.279 3.633 3.992 4.356 4.725 5.099 5.478 5.863 6.252 6.646 7.045 7.449 7.522 7.187 6.854 6.520 6.187 5.853 5.521 5.188 4.855 4.523 4.191 3.859 3.717 3.780 3.851 3.930
10.473 9.757 9.024 8.273 7.505 6.720 5.917 5.097 4.259 3.669 3.779 3.878 3.966 4.043 4.109 4.204 4.449 4.690 4.927 5.159 5.387 5.513 5.294 5.077 4.863 4.652 4.443 4.236 4.033 3.832 3.633 3.437 3.244 3.104 3.105 3.105 3.105 3.104 3.103 3.101 3.099 3.096 3.092 3.088 3.084 3.193 3.569 3.951 4.337 4.729 5.126 5.527 5.934 6.346 6.762 7.184 7.611 7.783 7.450 7.117 6.784 6.452 6.120 5.788 5.456 5.124 4.793 4.462 4.131 3.960 4.059 4.166 4.281
9.868 9.091 8.297 7.485 6.656 5.810 4.946 4.065 3.217 2.625 2.881 3.132 3.379 3.622 3.861 4.095 4.326 4.552 4.774 4.992 5.206 5.376 5.169 4.964 4.761 4.561 4.364 4.169 3.977 3.788 3.601 3.416 3.235 3.081 3.079 3.077 3.075 3.072 3.068 3.064 3.059 3.054 3.048 3.042 3.035 3.101 3.500 3.904 4.314 4.728 5.147 5.571 6.000 6.434 6.873 7.318 7.767 8.044 7.712 7.380 7.048 6.717 6.385 6.054 5.724 5.393 5.063 4.732 4.402 4.194 4.329 4.473 4.624
9.279 8.443 7.622 6.826 6.057 5.313 4.595 3.903 3.236 2.607 2.847 3.084 3.317 3.545 3.770 3.990 4.206 4.418 4.626 4.830 5.029 5.228 5.041 4.847 4.657 4.468 4.282 4.099 3.919 3.741 3.566 3.393 3.223 3.059 3.055 3.050 3.045 3.040 3.034 3.027 3.020 3.013 3.004 2.996 2.987 3.005 3.426 3.853 4.284 4.721 5.162 5.609 6.061 6.517 6.979 7.445 7.917 8.305 7.974 7.643 7.312 6.981 6.651 6.321 5.991 5.661 5.331 5.002 4.673 4.421 4.592 4.771 4.958
8.565 7.808 7.077 6.372 5.692 5.038 4.410 3.808 3.231 2.681 2.818 3.040 3.259 3.473 3.683 3.889 4.090 4.288 4.481 4.671 4.856 5.040 4.911 4.729 4.549 4.372 4.198 4.027 3.858 3.691 3.528 3.366 3.208 3.052 3.031 3.024 3.017 3.009 3.000 2.991 2.982 2.972 2.962 2.951 2.939 2.927 3.347 3.796 4.250 4.709 5.173 5.642 6.116 6.595 7.079 7.568 8.062 8.561 8.235 7.905 7.575 7.245 6.915 6.586 6.257 5.928 5.600 5.271 4.937 4.629 4.842 5.072 5.320
7.817 7.150 6.509 5.894 5.304 4.740 4.202 3.690 3.203 2.742 2.792 3.000 3.204 3.404 3.600 3.791 3.978 4.162 4.341 4.516 4.686 4.856 4.777 4.607 4.439 4.274 4.111 3.951 3.794 3.639 3.487 3.337 3.190 3.046 3.007 2.998 2.988 2.978 2.968 2.956 2.944 2.932 2.919 2.906 2.892 2.877 3.262 3.733 4.210 4.691 5.178 5.669 6.165 6.667 7.173 7.685 8.201 8.723 8.495 8.132 7.741 7.362 6.998 6.646 6.307 5.982 5.670 5.372 5.086 4.814 5.068 5.378 5.705
7.046 6.469 5.918 5.392 4.893 4.419 3.970 3.548 3.151 2.780 2.771 2.964 3.154 3.339 3.520 3.697 3.870 4.039 4.204 4.364 4.521 4.676 4.642 4.483 4.326 4.173 4.022 3.873 3.727 3.584 3.443 3.305 3.170 3.037 2.985 2.973 2.961 2.948 2.935 2.922 2.907 2.893 2.878 2.862 2.845 2.829 3.172 3.666 4.164 4.668 5.159 5.627 6.086 6.537 6.980 7.416 7.843 8.262 8.085 7.739 7.406 7.087 6.781 6.488 6.208 5.942 5.688 5.448 5.221 5.008 5.277 5.665 6.071
6.252 5.765 5.304 4.868 4.458 4.074 3.715 3.383 3.076 2.794 2.752 2.932 3.107 3.278 3.445 3.607 3.766 3.921 4.071 4.217 4.359 4.500 4.503 4.356 4.211 4.069 3.929 3.792 3.658 3.526 3.397 3.271 3.147 3.025 2.962 2.949 2.934 2.919 2.904 2.888 2.871 2.852 2.831 2.807 2.782 2.755 3.023 3.487 3.943 4.390 4.830 5.262 5.685 6.101 6.508 6.908 7.299 7.682 7.620 7.332 7.059 6.798 6.551 6.316 6.095 5.888 5.693 5.512 5.343 5.188 5.467 5.935 6.420
5.435 5.038 4.666 4.320 4.000 3.706 3.437 3.194 2.977 2.785 2.738 2.903 3.064 3.220 3.373 3.521 3.666 3.806 3.942 4.074 4.201 4.328 4.362 4.226 4.093 3.962 3.834 3.709 3.586 3.466 3.348 3.233 3.123 3.015 2.943 2.926 2.907 2.886 2.863 2.839 2.813 2.785 2.756 2.725 2.692 2.658 2.845 3.273 3.694 4.106 4.510 4.906 5.293 5.673 6.045 6.409 6.764 7.112 7.142 6.913 6.698 6.496 6.307 6.132 5.969 5.820 5.684 5.562 5.452 5.356 5.640 6.186 6.750
4.595 4.288 4.006 3.750 3.519 3.314 3.135 2.982 2.854 2.752 2.728 2.878 3.025 3.167 3.305 3.439 3.569 3.695 3.817 3.934 4.048 4.160 4.218 4.110 4.012 3.913 3.811 3.706 3.599 3.489 3.377 3.262 3.144 3.024 2.931 2.906 2.879 2.851 2.821 2.789 2.755 2.720 2.683 2.645 2.604 2.562 2.677 3.069 3.453 3.830 4.198 4.558 4.911 5.255 5.591 5.919 6.239 6.550 6.651 6.481 6.325 6.181 6.051 5.934 5.831 5.740 5.663 5.598 5.547 5.510 5.794 6.419 7.062
3.732 3.514 3.322 3.156 3.015 2.900 2.810 2.746 2.708 2.695 2.721 2.857 2.989 3.117 3.241 3.363 3.507 3.651 3.795 3.939 4.083 4.225 4.342 4.236 4.127 4.016 3.903 3.787 3.668 3.547 3.423 3.297 3.168 3.037 2.921 2.888 2.854 2.818 2.780 2.741 2.700 2.657 2.612 2.566 2.518 2.469 2.517 2.873 3.222 3.563 3.895 4.220 4.536 4.845 5.145 5.438 5.722 5.998 6.147 6.036 5.938 5.854 5.782 5.724 5.678 5.646 5.627 5.622 5.629 5.650 5.931 6.634 7.356
2.847 2.718 2.616 2.539 2.487 2.462 2.462 2.487 2.546 2.652 2.754 2.897 3.041 3.185 3.330 3.474 3.618 3.761 3.905 4.049 4.193 4.335 4.475 4.364 4.245 4.122 3.997 3.870 3.740 3.607 3.472 3.335 3.195 3.052 2.912 2.872 2.830 2.787 2.741 2.694 2.646 2.596 2.544 2.490 2.434 2.377 2.365 2.686 2.999 3.304 3.601 3.890 4.171 4.444 4.709 4.965 5.214 5.455 5.631 5.578 5.539 5.513 5.500 5.500 5.513 5.540 5.579 5.632 5.698 5.777 6.049 6.831 7.632
1.938 1.941 2.061 2.177 2.289 2.397 2.500 2.600 2.695 2.787 2.874 3.009 3.153 3.297 3.441 3.584 3.728 3.872 4.015 4.159 4.302 4.444 4.585 4.496 4.365 4.231 4.095 3.956 3.815 3.671 3.525 3.376 3.224 3.070 2.914 2.858 2.809 2.757 2.705 2.650 2.594 2.536 2.477 2.415 2.352 2.288 2.223 2.508 2.785 3.055 3.316 3.569 3.815 4.052 4.281 4.502 4.715 4.920 5.102 5.108 5.127 5.159 5.205 5.263 5.335 5.420 5.518 5.629 5.753 5.891 6.150 7.011 7.889
2.084 2.194 2.300 2.401 2.499 2.592 2.682 2.767 2.848 2.925 2.997 3.121 3.264 3.408 3.552 3.695 3.839 3.982 4.125 4.269 4.412 4.553 4.693 4.630 4.487 4.342 4.195 4.045 3.892 3.737 3.579 3.419 3.256 3.091 2.923 2.846 2.789 2.730 2.670 2.608 2.544 2.479 2.412 2.343 2.272 2.200 2.126 2.338 2.580 2.814 3.040 3.257 3.467 3.669 3.862 4.048 4.225 4.395 4.556 4.624 4.702 4.792 4.896 5.013 5.143 5.287 5.443 5.613 5.796 6.046 6.414 7.404 8.349
2.355 2.450 2.542 2.629 2.712 2.791 2.866 2.937 3.004 3.066 3.125 3.232 3.376 3.519 3.663 3.806 3.949 4.092 4.235 4.378 4.521 4.662 4.802 4.767 4.613 4.457 4.298 4.136 3.972 3.806 3.637 3.465 3.291 3.115 2.936 2.835 2.771 2.705 2.637 2.567 2.496 2.423 2.348 2.272 2.194 2.114 2.033 2.177 2.384 2.582 2.772 2.954 3.128 3.294 3.452 3.602 3.744 3.878 4.004 4.128 4.315 4.591 4.881 5.184 5.500 5.831 6.174 6.531 6.902 7.286 7.684 8.446 9.189
2.629 2.710 2.787 2.860 2.929 2.994 3.054 3.111 3.163 3.212 3.256 3.344 3.487 3.630 3.773 3.916 4.059 4.202 4.345 4.488 4.630 4.771 4.911 4.906 4.741 4.574 4.403 4.231 4.055 3.878 3.697 3.514 3.329 3.141 2.951 2.827 2.755 2.681 2.606 2.529 2.450 2.369 2.287 2.203 2.118 2.031 1.942 2.025 2.196 2.358 2.513 2.717 2.999 3.267 3.521 3.761 3.988 4.201 4.400 4.679 5.001 5.337 5.687 6.050 6.426 6.816 7.220 7.636 8.067 8.511 8.968 9.531 10.073
2.907 2.974 3.036 3.095 3.149 3.200 3.246 3.288 3.326 3.360 3.390 3.455 3.598 3.741 3.884 4.027 4.169 4.312 4.455 4.597 4.739 4.880 5.020 5.049 4.872 4.693 4.512 4.328 4.141 3.952 3.760 3.566 3.370 3.170 2.969 2.820 2.741 2.660 2.577 2.492 2.406 2.318 2.275 2.317 2.374 2.448 2.537 2.736 3.012 3.274 3.522 3.756 3.977 4.183 4.376 4.556 4.721 4.873 5.011 5.290 5.673 6.068 6.478 6.900 7.337 7.787 8.250 8.727 9.217 9.721 10.238 10.660 11.000
3.188 3.240 3.289 3.333 3.373 3.409 3.441 3.469 3.493 3.513 3.528 3.567 3.709 3.852 3.995 4.137 4.279 4.422 4.564 4.706 4.848 4.989 5.128 5.194 5.006 4.816 4.623 4.427 4.230 4.029 3.826 3.621 3.413 3.224 3.068 2.956 2.958 2.975 3.008 3.057 3.121 3.202 3.298 3.409 3.537 3.680 3.839 4.033 4.247 4.448 4.635 4.808 4.967 5.113 5.245 5.363 5.468 5.558 5.635 5.887 6.329 6.785 7.254 7.737 8.233 8.742 9.265 9.802 10.352 10.915 11.492 11.832 11.972
3.472 3.511 3.545 3.575 3.601 3.622 3.640 3.654 3.663 3.669 3.670 3.678 3.820 3.963 4.105 4.247 4.389 4.532 4.674 4.815 4.957 5.098 5.237 5.341 5.166 5.026 4.882 4.735 4.584 4.429 4.271 4.109 3.944 3.775 3.602 3.473 3.544 3.631 3.734 3.853 3.987 4.137 4.303 4.484 4.681 4.894 5.123 5.342 5.495 5.635 5.760 5.873 5.971 6.056 6.127 6.184 6.227 6.257 6.273 6.469 6.971 7.487 8.015 8.558 9.113 9.683 10.265 10.862 11.471 12.094 12.731 13.047 12.986
3.760 3.784 3.804 3.820 3.831 3.839 3.842 3.842 3.837 3.828 3.815 3.798 3.931 4.073 4.215 4.357 4.507 4.709 4.917 5.132 5.354 5.573 5.789 6.010 5.866 5.709 5.549 5.386 5.219 5.048 4.873 4.695 4.513 4.328 4.139 3.972 4.113 4.269 4.442 4.630 4.834 5.054 5.289 5.540 5.807 6.090 6.388 6.663 6.756 6.834 6.899 6.950 6.988 7.011 7.021 7.018 7.000 6.969 6.924 7.037 7.598 8.173 8.762 9.364 9.979 10.608 11.251 11.907 12.576 13.259 13.955 14.307 14.045
4.052 4.062 4.067 4.068 4.066 4.059 4.048 4.033 4.014 3.995 3.997 4.016 4.178 4.376 4.581 4.793 5.011 5.236 5.467 5.706 5.950 6.193 6.432 6.676 6.568 6.396 6.220 6.040 5.856 5.669 5.479 5.284 5.086 4.885 4.680 4.471 4.663 4.890 5.132 5.390 5.663 5.953 6.258 6.579 6.915 7.267 7.635 7.998 8.029 8.047 8.051 8.041 8.017 7.980 7.929 7.865 7.786 7.694 7.588 7.590 8.211 8.846 9.494 10.155 10.831 11.519 12.221 12.937 13.666 14.408 15.164 15.609 15.147
4.347 4.342 4.317 4.262 4.223 4.201 4.195 4.205 4.231 4.274 4.333 4.409 4.583 4.805 5.033 5.267 5.509 5.757 6.011 6.272 6.540 6.806 7.068 7.335 7.274 7.085 6.893 6.697 6.497 6.294 6.087 5.877 5.663 5.445 5.223 4.998 5.196 5.492 5.804 6.131 6.474 6.833 7.208 7.598 8.005 8.426 8.864 9.317 9.316 9.272 9.215 9.145 9.060 8.962 8.850 8.725 8.585 8.432 8.266 8.128 8.809 9.503 10.211 10.932 11.667 12.415 13.177 13.952 14.740 15.542 16.357 16.955 16.292
4.230 4.199 4.185 4.186 4.204 4.238 4.289 4.356 4.439 4.538 4.654 4.786 4.982 5.227 5.478 5.736 6.000 6.271 6.548 6.832 7.123 7.412 7.697 7.987 7.983 7.778 7.570 7.357 7.142 6.922 6.699 6.472 6.242 6.008 5.771 5.529 5.710 6.076 6.458 6.855 7.268 7.696 8.140 8.600 9.076 9.567 10.074 10.597 10.615 10.511 10.393 10.261 10.116 9.957 9.784 9.598 9.398 9.184 8.956 8.715 9.392 10.146 10.913 11.694 12.488 13.296 14.117 14.952 15.800 16.661 17.536 18.240 17.149
3.969 3.995 4.037 4.095 4.170 4.261 4.368 4.491 4.631 4.787 4.959 5.148 5.375 5.642 5.916 6.197 6.484 6.778 7.078 7.385 7.699 8.011 8.319 8.633 8.695 8.474 8.249 8.021 7.789 7.553 7.314 7.071 6.825 6.575 6.321 6.064 6.207 6.643 7.094 7.560 8.043 8.541 9.054 9.584 10.129 10.690 11.266 11.858 11.927 11.762 11.583 11.391 11.185 10.965 10.731 10.484 10.223 9.949 9.661 9.359 9.960 10.774 11.580 12.328 13.043 13.725 14.375 14.991 15.574 16.125 16.642 17.127 16.200
3.693 3.776 3.874 3.989 4.120 4.268 4.431 4.611 4.808 5.020 5.249 5.494 5.761 6.051 6.348 6.652 6.962 7.278 7.602 7.932 8.268 8.603 8.935 9.272 9.411 9.174 8.933 8.688 8.440 8.188 7.933 7.674 7.411 7.145 6.875 6.601 6.686 7.191 7.712 8.248 8.800 9.367 9.950 10.549 11.164 11.794 12.440 13.101 13.252 13.026 12.787 12.533 12.267 12.004 11.760 11.484 11.175 10.835 10.462 10.058 10.424 11.093 11.729 12.331 12.901 13.438 13.942 14.413 14.851 15.256 15.629 15.968 15.238
3.403 3.542 3.697 3.868 4.056 4.260 4.480 4.716 4.969 5.238 5.523 5.825 6.140 6.453 6.773 7.100 7.433 7.772 8.119 8.472 8.831 9.189 9.544 9.904 10.129 9.876 9.619 9.358 9.094 8.826 8.554 8.279 8.000 7.718 7.432 7.142 7.148 7.722 8.312 8.917 9.539 10.176 10.828 11.496 12.234 13.106 13.941 14.740 15.054 14.828 14.569 14.279 13.957 13.603 13.216 12.798 12.347 11.865 11.350 10.804 10.896 11.420 11.910 12.368 12.792 13.184 13.543 13.869 14.162 14.422 14.649 14.843 14.262
