DATA/SHG/ECMWF/20170628/EN-20/20170629.en-20.asc
ncols        190
nrows        64
xllcorner    -5100000.000000000000
yllcorner    4130000.000000000000
cellsize     10000.000000000000
NODATA_value  -99999.000
[rows 0 to 32 of 64, columns 73 to 145 of 190]
5.315 5.518 5.729 5.945 6.168 6.398 6.635 6.878 6.984 6.772 6.565 6.361 6.160 5.962 5.767 5.576 5.387 5.201 5.019 4.840 4.744 4.911 5.067 5.213 5.349 5.476 5.593 5.701 5.799 5.887 5.965 6.034 6.055 5.949 5.845 5.741 5.639 5.538 5.438 5.339 5.242 5.146 5.051 4.958 4.961 5.271 5.599 5.943 6.305 6.684 7.081 7.495 7.926 8.374 8.840 9.322 9.686 9.654 9.618 9.580 9.538 9.494 9.446 9.396 9.342 9.286 9.227 9.164 9.051 8.794 8.524 8.240 7.943
5.095 5.321 5.588 5.858 6.122 6.379 6.629 6.872 7.032 6.833 6.636 6.443 6.253 6.065 5.881 5.700 5.522 5.348 5.176 5.007 4.873 4.997 5.109 5.212 5.306 5.389 5.463 5.528 5.582 5.628 5.663 5.689 5.692 5.592 5.493 5.395 5.298 5.203 5.109 5.016 4.924 4.834 4.745 4.657 4.629 5.017 5.421 5.843 6.282 6.739 7.213 7.704 8.212 8.738 9.280 9.840 10.330 10.284 10.235 10.183 10.128 10.070 10.009 9.945 9.878 9.809 9.736 9.660 9.546 9.229 8.898 8.553 8.195
5.204 5.465 5.718 5.965 6.205 6.438 6.665 6.885 7.079 6.890 6.704 6.522 6.342 6.166 5.992 5.822 5.655 5.491 5.330 5.172 5.017 5.093 5.163 5.223 5.273 5.313 5.344 5.366 5.377 5.379 5.372 5.355 5.328 5.234 5.140 5.048 4.957 4.867 4.779 4.692 4.606 4.521 4.438 4.355 4.279 4.744 5.226 5.725 6.241 6.775 7.326 7.894 8.480 9.082 9.702 10.340 10.976 10.917 10.854 10.789 10.720 10.649 10.575 10.497 10.417 10.333 10.247 10.158 10.025 9.628 9.272 8.956 8.682
5.389 5.625 5.855 6.078 6.295 6.504 6.707 6.903 7.092 6.944 6.769 6.597 6.429 6.263 6.100 5.941 5.784 5.631 5.481 5.334 5.189 5.200 5.227 5.244 5.251 5.248 5.236 5.215 5.183 5.142 5.092 5.032 4.962 4.875 4.787 4.700 4.615 4.531 4.448 4.367 4.286 4.207 4.129 4.053 3.978 4.453 5.012 5.588 6.182 6.793 7.421 8.066 8.729 9.409 10.106 10.820 11.552 11.551 11.476 11.359 11.205 11.052 10.898 10.745 10.591 10.438 10.284 10.130 9.977 9.767 9.592 9.458 9.365
5.579 5.792 5.998 6.197 6.390 6.576 6.755 6.928 7.093 6.996 6.831 6.670 6.512 6.357 6.205 6.057 5.911 5.768 5.629 5.492 5.359 5.318 5.301 5.275 5.239 5.194 5.139 5.074 5.000 4.916 4.823 4.720 4.607 4.515 4.433 4.352 4.272 4.194 4.117 4.041 3.966 3.893 3.820 3.750 3.680 4.144 4.780 5.434 6.105 6.792 7.518 8.249 8.960 9.651 10.322 10.973 11.604 11.608 11.454 11.300 11.147 10.993 10.840 10.686 10.532 10.379 10.225 10.072 9.918 9.865 9.872 9.919 10.007
5.775 5.964 6.147 6.323 6.492 6.654 6.810 6.958 7.100 7.044 6.891 6.740 6.593 6.449 6.308 6.170 6.035 5.903 5.774 5.648 5.525 5.447 5.387 5.318 5.239 5.151 5.053 4.945 4.828 4.701 4.565 4.419 4.263 4.154 4.078 4.002 3.928 3.856 3.784 3.714 3.645 3.655 3.727 3.807 3.898 4.427 5.169 5.891 6.593 7.275 7.937 8.578 9.200 9.801 10.383 10.945 11.486 11.550 11.396 11.242 11.089 10.935 10.781 10.628 10.474 10.320 10.167 10.013 9.859 9.923 10.110 10.339 10.608
5.977 6.143 6.302 6.454 6.599 6.738 6.870 6.995 7.114 7.090 6.947 6.808 6.671 6.537 6.407 6.280 6.155 6.034 5.916 5.801 5.689 5.586 5.483 5.371 5.249 5.118 4.977 4.827 4.667 4.497 4.318 4.129 3.991 3.954 3.991 4.038 4.095 4.161 4.236 4.321 4.416 4.520 4.633 4.757 4.889 5.312 5.965 6.597 7.210 7.802 8.375 8.927 9.460 9.972 10.465 10.937 11.389 11.492 11.338 11.184 11.031 10.877 10.723 10.569 10.416 10.262 10.108 9.954 9.800 9.939 10.308 10.718 11.168
6.185 6.327 6.463 6.591 6.713 6.828 6.937 7.038 7.133 7.133 7.001 6.872 6.746 6.623 6.503 6.387 6.273 6.163 6.055 5.951 5.849 5.736 5.590 5.467 5.356 5.246 5.138 5.029 4.922 4.816 4.711 4.606 4.503 4.468 4.548 4.637 4.736 4.844 4.962 5.090 5.227 5.373 5.529 5.694 5.869 6.217 6.780 7.324 7.847 8.350 8.834 9.297 9.740 10.164 10.567 10.950 11.313 11.434 11.280 11.127 10.973 10.819 10.665 10.511 10.357 10.203 10.050 9.896 9.742 9.915 10.465 11.055 11.686
6.400 6.518 6.630 6.735 6.833 6.925 7.009 7.088 7.159 7.173 7.052 6.933 6.818 6.706 6.597 6.501 6.446 6.391 6.336 6.282 6.228 6.158 6.050 5.942 5.835 5.729 5.624 5.520 5.417 5.315 5.213 5.113 5.013 4.971 5.093 5.225 5.366 5.517 5.677 5.847 6.026 6.215 6.413 6.620 6.838 7.142 7.616 8.070 8.504 8.918 9.313 9.687 10.041 10.375 10.690 10.984 11.258 11.377 11.223 11.069 10.915 10.761 10.607 10.453 10.299 10.145 9.991 9.837 9.683 9.851 10.581 11.352 12.164
6.620 6.715 6.803 6.884 6.959 7.027 7.088 7.143 7.207 7.286 7.230 7.174 7.119 7.064 7.009 6.954 6.900 6.846 6.793 6.740 6.687 6.624 6.519 6.415 6.312 6.210 6.109 6.009 5.910 5.811 5.714 5.617 5.522 5.463 5.627 5.801 5.985 6.178 6.380 6.592 6.814 7.045 7.285 7.535 7.795 8.086 8.471 8.836 9.182 9.507 9.812 10.097 10.362 10.608 10.833 11.038 11.224 11.319 11.165 11.011 10.857 10.703 10.549 10.395 10.241 10.087 9.933 9.779 9.625 9.746 10.657 11.608 12.600
6.846 6.920 7.000 7.087 7.179 7.278 7.383 7.494 7.611 7.732 7.677 7.622 7.568 7.514 7.460 7.407 7.354 7.301 7.249 7.197 7.145 7.086 6.987 6.887 6.788 6.690 6.593 6.496 6.401 6.306 6.213 6.120 6.028 5.944 6.150 6.367 6.593 6.828 7.073 7.327 7.590 7.864 8.146 8.438 8.740 9.050 9.347 9.623 9.879 10.115 10.331 10.528 10.704 10.860 10.997 11.113 11.210 11.262 11.108 10.954 10.800 10.646 10.492 10.337 10.183 10.029 9.875 9.721 9.567 9.601 10.692 11.824 12.996
7.071 7.166 7.268 7.376 7.490 7.610 7.737 7.869 8.008 8.153 8.123 8.069 8.016 7.963 7.910 7.858 7.806 7.755 7.703 7.652 7.602 7.544 7.453 7.357 7.262 7.167 7.074 6.982 6.890 6.800 6.710 6.622 6.534 6.447 6.662 6.921 7.189 7.466 7.753 8.050 8.356 8.671 8.996 9.330 9.674 10.027 10.242 10.429 10.596 10.744 10.871 10.978 11.066 11.133 11.181 11.209 11.216 11.204 11.051 10.897 10.742 10.588 10.434 10.280 10.126 9.971 9.817 9.663 9.515 9.445 10.712 11.999 13.306
7.289 7.406 7.529 7.659 7.795 7.937 8.085 8.239 8.399 8.566 8.568 8.515 8.463 8.411 8.360 8.308 8.258 8.207 8.157 8.107 8.058 8.002 7.917 7.825 7.734 7.644 7.554 7.466 7.378 7.292 7.206 7.121 7.037 6.954 7.163 7.464 7.774 8.094 8.423 8.761 9.109 9.467 9.834 10.210 10.596 10.992 11.157 11.255 11.334 11.392 11.431 11.449 11.448 11.427 11.386 11.325 11.244 11.143 10.994 10.817 10.625 10.446 10.282 10.131 9.994 9.870 9.760 9.665 9.582 9.514 10.774 12.150 13.546
7.501 7.640 7.785 7.936 8.093 8.257 8.426 8.602 8.784 8.972 9.012 8.960 8.909 8.858 8.808 8.758 8.708 8.659 8.610 8.561 8.513 8.458 8.380 8.291 8.204 8.118 8.033 7.948 7.864 7.782 7.700 7.619 7.539 7.460 7.653 7.996 8.348 8.710 9.081 9.462 9.852 10.252 10.661 11.079 11.507 11.945 12.092 12.101 12.091 12.061 11.966 11.809 11.642 11.463 11.274 11.073 10.862 10.639 10.465 10.320 10.189 10.072 9.968 9.879 9.802 9.740 9.692 9.657 9.636 9.628 10.816 12.280 13.765
7.707 7.868 8.034 8.207 8.385 8.570 8.761 8.959 9.162 9.372 9.455 9.404 9.354 9.305 9.256 9.207 9.158 9.110 9.062 9.014 8.967 8.913 8.841 8.756 8.673 8.591 8.509 8.429 8.349 8.270 8.192 8.115 8.039 7.964 8.131 8.516 8.911 9.315 9.728 10.151 10.583 10.977 11.326 11.677 12.029 12.382 12.436 12.275 12.103 11.919 11.725 11.519 11.302 11.075 10.836 10.586 10.325 10.053 9.894 9.810 9.740 9.684 9.642 9.613 9.598 9.596 9.609 9.635 9.675 9.729 10.838 12.391 13.963
7.907 8.089 8.277 8.471 8.671 8.878 9.091 9.309 9.534 9.765 9.897 9.848 9.799 9.750 9.702 9.654 9.607 9.560 9.513 9.466 9.420 9.367 9.300 9.220 9.140 9.062 8.984 8.908 8.832 8.757 8.683 8.610 8.502 8.365 8.428 8.774 9.121 9.470 9.820 10.171 10.524 10.879 11.235 11.592 11.951 12.311 12.404 12.194 11.972 11.739 11.496 11.241 10.975 10.698 10.410 10.111 9.801 9.480 9.310 9.287 9.278 9.283 9.301 9.334 9.380 9.439 9.513 9.600 9.700 9.815 10.839 12.481 14.142
8.101 8.305 8.514 8.730 8.951 9.179 9.413 9.654 9.900 10.153 10.338 10.290 10.242 10.195 10.148 10.101 10.055 10.009 9.963 9.917 9.872 9.821 9.758 9.639 9.489 9.343 9.198 9.057 8.919 8.783 8.650 8.520 8.392 8.267 8.283 8.636 8.989 9.344 9.701 10.059 10.419 10.780 11.142 11.506 11.871 12.238 12.384 12.124 11.854 11.572 11.279 10.975 10.660 10.334 9.996 9.648 9.289 8.919 8.712 8.750 8.802 8.868 8.948 9.041 9.148 9.268 9.403 9.551 9.712 9.888 10.820 12.550 14.300
8.289 8.514 8.745 8.982 9.225 9.475 9.730 9.992 10.260 10.534 10.779 10.732 10.685 10.639 10.593 10.542 10.422 10.294 10.159 10.016 9.866 9.712 9.556 9.416 9.278 9.144 9.012 8.883 8.757 8.633 8.513 8.395 8.279 8.167 8.137 8.496 8.856 9.218 9.581 9.945 10.311 10.679 11.048 11.418 11.790 12.163 12.376 12.067 11.747 11.416 11.074 10.721 10.356 9.981 9.595 9.197 8.789 8.370 8.101 8.200 8.313 8.440 8.580 8.734 8.902 9.084 9.279 9.488 9.710 9.947 10.782 12.600 14.438
8.471 8.717 8.969 9.228 9.493 9.764 10.041 10.324 10.604 10.847 11.101 11.000 10.884 10.761 10.629 10.491 10.344 10.191 10.029 9.861 9.684 9.503 9.319 9.189 9.064 8.942 8.823 8.706 8.592 8.481 8.372 8.267 8.164 8.064 7.989 8.354 8.721 9.089 9.459 9.830 10.203 10.577 10.952 11.329 11.707 12.087 12.380 12.021 11.652 11.272 10.881 10.478 10.065 9.641 9.205 8.759 8.301 7.833 7.477 7.637 7.811 7.998 8.200 8.415 8.643 8.886 9.142 9.411 9.695 9.992 10.723 12.630 14.556
8.646 8.894 9.099 9.315 9.542 9.779 10.028 10.287 10.558 10.839 11.131 11.061 10.919 10.769 10.612 10.447 10.274 10.094 9.907 9.712 9.509 9.302 9.090 8.960 8.848 8.738 8.631 8.526 8.424 8.325 8.229 8.136 8.045 7.957 7.872 8.211 8.584 8.959 9.335 9.713 10.092 10.473 10.855 11.238 11.623 12.010 12.395 11.988 11.569 11.140 10.700 10.248 9.786 9.312 8.828 8.332 7.826 7.308 6.839 7.060 7.295 7.543 7.806 8.081 8.371 8.674 8.991 9.321 9.665 10.023 10.644 12.639 14.654
8.339 8.571 8.814 9.068 9.333 9.609 9.895 10.193 10.501 10.821 11.151 11.129 10.961 10.785 10.601 10.410 10.211 10.005 9.791 9.570 9.341 9.107 8.869 8.729 8.628 8.531 8.436 8.343 8.254 8.167 8.083 8.002 7.924 7.848 7.775 8.067 8.447 8.828 9.211 9.595 9.981 10.368 10.756 11.146 11.538 11.931 12.325 11.966 11.498 11.020 10.530 10.030 9.519 8.996 8.463 7.918 7.363 6.796 6.219 6.470 6.766 7.075 7.398 7.734 8.085 8.448 8.826 9.217 9.622 10.133 10.839 13.072 15.278
7.968 8.238 8.519 8.812 9.114 9.428 9.753 10.089 10.435 10.793 11.161 11.204 11.009 10.807 10.597 10.379 10.155 9.922 9.682 9.435 9.180 8.920 8.656 8.494 8.406 8.321 8.238 8.158 8.081 8.006 7.935 7.866 7.800 7.736 7.676 7.921 8.307 8.695 9.084 9.475 9.867 10.261 10.656 11.053 11.451 11.850 12.251 11.955 11.439 10.912 10.373 9.824 9.263 8.692 8.109 7.516 6.911 6.296 5.669 5.867 6.356 7.036 7.705 8.364 9.013 9.652 10.281 10.899 11.508 12.106 12.694 14.708 16.799
7.587 7.896 8.215 8.545 8.886 9.238 9.601 9.974 10.359 10.754 11.161 11.286 11.065 10.836 10.600 10.356 10.105 9.846 9.580 9.307 9.026 8.739 8.449 8.257 8.181 8.108 8.037 7.970 7.905 7.843 7.783 7.727 7.673 7.621 7.573 7.773 8.166 8.561 8.957 9.354 9.753 10.153 10.554 10.957 11.362 11.768 12.175 11.957 11.392 10.815 10.228 9.653 9.159 8.734 8.377 8.087 7.866 7.714 7.629 8.099 8.744 9.378 10.002 10.616 11.220 11.813 12.396 12.970 13.533 14.085 14.628 16.368 18.342
7.197 7.543 7.900 8.269 8.648 9.038 9.438 9.850 10.273 10.706 11.151 11.374 11.127 10.872 10.610 10.340 10.063 9.778 9.486 9.186 8.878 8.566 8.249 8.017 7.953 7.892 7.834 7.779 7.726 7.676 7.629 7.584 7.543 7.504 7.468 7.624 8.024 8.425 8.827 9.231 9.636 10.043 10.427 10.756 11.059 11.335 11.585 11.419 10.955 10.559 10.231 9.972 9.780 9.657 9.601 9.614 9.695 9.844 10.062 10.539 11.138 11.727 12.306 12.875 13.433 13.981 14.520 15.047 15.565 16.073 16.570 18.051 19.910
6.796 7.181 7.576 7.982 8.399 8.827 9.266 9.716 10.176 10.648 11.130 11.469 11.196 10.915 10.626 10.330 10.027 9.716 9.398 9.072 8.738 8.399 8.056 7.774 7.723 7.674 7.628 7.585 7.544 7.507 7.472 7.439 7.410 7.400 7.418 7.562 7.958 8.328 8.672 8.989 9.280 9.546 9.784 9.997 10.184 10.344 10.478 10.458 10.296 10.202 10.176 10.218 10.329 10.507 10.754 11.068 11.451 11.902 12.421 12.986 13.540 14.084 14.618 15.141 15.654 16.157 16.650 17.133 17.605 18.067 18.520 19.757 21.500
6.386 6.809 7.242 7.686 8.141 8.607 9.084 9.572 10.070 10.579 11.100 11.571 11.272 10.964 10.650 10.328 9.998 9.661 9.317 8.965 8.605 8.240 7.870 7.529 7.512 7.531 7.550 7.569 7.587 7.605 7.623 7.640 7.657 7.673 7.689 7.761 8.041 8.294 8.522 8.723 8.899 9.048 9.170 9.267 9.338 9.382 9.400 9.425 9.565 9.773 10.049 10.393 10.805 11.286 11.834 12.450 13.134 13.887 14.707 15.441 15.949 16.448 16.936 17.414 17.882 18.340 18.788 19.225 19.652 20.070 20.477 21.487 23.115
5.966 6.427 6.898 7.380 7.873 8.377 8.892 9.417 9.954 10.501 11.059 11.628 11.354 11.021 10.680 10.332 9.973 9.598 9.245 8.914 8.606 8.317 8.044 7.788 7.800 7.818 7.835 7.852 7.869 7.885 7.901 7.916 7.932 7.947 7.961 7.988 8.152 8.289 8.401 8.486 8.545 8.578 8.585 8.566 8.520 8.449 8.351 8.322 8.764 9.274 9.851 10.497 11.210 11.992 12.842 13.759 14.745 15.798 16.920 17.902 18.366 18.819 19.262 19.695 20.118 20.530 20.933 21.325 21.707 22.079 22.441 23.241 24.752
5.537 6.035 6.544 7.064 7.595 8.137 8.690 9.253 9.828 10.395 10.896 11.393 11.155 10.768 10.404 10.061 9.741 9.443 9.168 8.915 8.683 8.472 8.277 8.099 8.088 8.104 8.120 8.135 8.150 8.165 8.179 8.193 8.207 8.220 8.233 8.245 8.291 8.313 8.308 8.277 8.221 8.138 8.029 7.894 7.732 7.545 7.331 7.149 7.892 8.703 9.582 10.529 11.544 12.627 13.777 14.996 16.283 17.637 19.060 20.371 20.789 21.197 21.595 21.983 22.361 22.728 23.085 23.433 23.770 24.096 24.413 25.017 26.414
5.097 5.633 6.172 6.690 7.203 7.712 8.216 8.716 9.211 9.701 10.187 10.668 10.595 10.285 9.998 9.733 9.490 9.269 9.071 8.895 8.741 8.607 8.489 8.389 8.376 8.390 8.404 8.418 8.432 8.445 8.457 8.470 8.481 8.493 8.504 8.515 8.458 8.364 8.244 8.097 7.925 7.726 7.501 7.250 6.973 6.670 6.340 5.985 6.949 8.061 9.241 10.489 11.805 13.189 14.641 16.161 17.748 19.404 21.127 22.847 23.220 23.583 23.936 24.278 24.611 24.933 25.245 25.547 25.839 26.121 26.393 26.818 28.098
4.575 5.086 5.593 6.096 6.593 7.086 7.575 8.059 8.538 9.012 9.483 9.948 10.016 9.783 9.573 9.385 9.219 9.076 8.954 8.855 8.778 8.721 8.682 8.660 8.664 8.677 8.689 8.701 8.713 8.724 8.735 8.746 8.756 8.766 8.776 8.785 8.654 8.444 8.208 7.946 7.657 7.343 7.002 6.636 6.243 5.824 5.379 4.908 5.935 7.348 8.830 10.379 11.995 13.680 15.433 17.253 19.141 21.097 23.121 25.213 25.658 25.976 26.283 26.581 26.868 27.146 27.413 27.670 27.917 28.153 28.380 28.481 29.227
4.033 4.529 5.020 5.506 5.988 6.465 6.938 7.406 7.870 8.329 8.783 9.233 9.417 9.262 9.129 9.018 8.929 8.862 8.818 8.795 8.795 8.816 8.854 8.910 8.952 8.963 8.974 8.984 8.995 9.004 9.014 9.023 9.031 9.040 9.048 9.055 8.878 8.552 8.200 7.822 7.418 6.988 6.532 6.050 5.541 5.007 4.446 3.859 4.851 6.565 8.347 10.197 12.114 14.099 16.152 18.273 20.462 22.719 25.043 27.435 28.103 28.376 28.505 28.358 28.197 28.020 27.830 27.624 27.404 27.169 26.919 26.654 27.213
3.496 3.976 4.451 4.922 5.388 5.850 6.307 6.759 7.207 7.650 8.089 8.523 8.799 8.721 8.664 8.630 8.619 8.629 8.661 8.716 8.793 8.891 9.007 9.140 9.240 9.249 9.259 9.268 9.276 9.284 9.292 9.299 9.306 9.313 9.320 9.326 9.130 8.689 8.221 7.728 7.208 6.662 6.091 5.493 4.869 4.219 3.543 2.840 3.696 5.711 7.793 9.943 12.161 14.436 16.680 18.880 21.036 23.147 25.214 27.238 27.704 27.522 27.325 27.113 26.887 26.646 26.390 26.119 25.834 25.534 25.219 24.889 25.232
2.963 3.428 3.887 4.342 4.793 5.239 5.680 6.117 6.549 6.977 7.400 7.818 8.161 8.160 8.181 8.224 8.289 8.376 8.485 8.617 8.770 8.946 9.139 9.351 9.528 9.536 9.544 9.551 9.558 9.564 9.570 9.576 9.582 9.587 9.591 9.596 9.411 8.854 8.271 7.661 7.026 6.365 5.678 4.964 4.278 3.741 3.219 2.713 3.533 5.803 8.029 10.211 12.348 14.442 16.491 18.496 20.457 22.374 24.247 26.076 26.671 26.423 26.161 25.885 25.593 25.287 24.966 24.631 24.281 23.916 23.536 23.141 23.281
