DATA/SHG/ECMWF/20170628/EN-20/20170702.en-20.asc
ncols        190
nrows        64
xllcorner    -5100000.000000000000
yllcorner    4130000.000000000000
cellsize     10000.000000000000
NODATA_value  -99999.000
[rows 0 to 32 of 64, columns 0 to 72 of 190]
11.677 12.049 12.412 12.766 13.110 13.446 13.773 14.091 14.400 14.040 13.462 12.874 12.279 11.675 11.062 10.441 9.811 9.173 8.526 7.936 7.382 7.280 7.383 7.489 7.599 7.712 7.828 7.947 8.070 8.195 8.324 8.456 8.591 8.745 8.905 9.062 9.214 9.363 9.508 9.648 9.785 9.918 10.047 10.173 10.294 10.146 9.768 9.394 9.025 8.660 8.299 7.942 7.590 7.242 6.899 6.559 6.224 5.961 5.777 5.594 5.410 5.225 5.040 4.854 4.668 4.482 4.295 4.107 3.920 3.794 3.773 3.755 3.739
11.429 11.770 12.101 12.423 12.736 13.041 13.336 13.623 13.900 13.640 13.032 12.414 11.777 11.158 10.558 9.976 9.414 8.870 8.346 7.840 7.353 7.194 7.308 7.426 7.547 7.671 7.799 7.929 8.063 8.200 8.340 8.483 8.629 8.778 8.925 9.068 9.207 9.342 9.473 9.600 9.723 9.842 9.957 10.069 10.176 10.096 9.733 9.374 9.020 8.670 8.324 7.982 7.645 7.312 6.984 6.659 6.339 6.065 5.880 5.695 5.509 5.323 5.136 4.949 4.761 4.573 4.384 4.195 4.005 3.859 3.846 3.836 3.828
11.192 11.500 11.800 12.091 12.365 12.594 12.804 12.995 13.166 12.966 12.357 11.767 11.195 10.643 10.109 9.594 9.099 8.622 8.163 7.724 7.304 7.105 7.230 7.359 7.492 7.627 7.766 7.907 8.052 8.200 8.352 8.506 8.664 8.816 8.949 9.078 9.203 9.324 9.441 9.555 9.664 9.770 9.871 9.969 10.063 10.041 9.693 9.350 9.010 8.675 8.345 8.018 7.696 7.378 7.064 6.755 6.450 6.170 5.984 5.796 5.609 5.421 5.232 5.043 4.853 4.663 4.473 4.282 4.077 3.890 3.871 3.854 3.839
10.908 11.146 11.365 11.564 11.745 11.906 12.048 12.171 12.275 12.165 11.622 11.099 10.594 10.108 9.641 9.193 8.764 8.353 7.962 7.589 7.235 7.012 7.149 7.290 7.433 7.580 7.729 7.882 8.039 8.198 8.361 8.526 8.695 8.858 8.977 9.092 9.204 9.311 9.414 9.514 9.610 9.701 9.789 9.873 9.953 9.983 9.650 9.321 8.997 8.677 8.361 8.050 7.742 7.440 7.141 6.847 6.557 6.276 6.087 5.898 5.708 5.511 5.310 5.108 4.903 4.695 4.486 4.274 4.059 3.842 3.827 3.819 3.812
10.580 10.750 10.901 11.033 11.146 11.240 11.314 11.369 11.405 11.345 10.869 10.412 9.974 9.554 9.154 8.772 8.409 8.065 7.740 7.434 7.146 6.916 7.065 7.216 7.371 7.529 7.690 7.854 8.022 8.192 8.366 8.543 8.723 8.904 9.009 9.110 9.208 9.302 9.391 9.477 9.559 9.637 9.711 9.781 9.848 9.910 9.602 9.289 8.979 8.674 8.373 8.077 7.785 7.491 7.188 6.900 6.627 6.369 6.166 5.964 5.760 5.554 5.346 5.134 4.921 4.705 4.487 4.266 4.043 3.818 3.782 3.782 3.784
10.273 10.376 10.459 10.524 10.569 10.595 10.602 10.590 10.558 10.505 10.096 9.706 9.334 8.981 8.647 8.332 8.035 7.758 7.499 7.259 7.038 6.835 6.977 7.140 7.306 7.475 7.647 7.823 8.001 8.183 8.368 8.556 8.747 8.942 9.045 9.132 9.216 9.296 9.372 9.444 9.512 9.577 9.637 9.694 9.746 9.795 9.525 9.170 8.830 8.505 8.195 7.900 7.619 7.354 7.104 6.868 6.648 6.442 6.237 6.027 5.815 5.600 5.383 5.164 4.942 4.717 4.491 4.262 4.030 3.796 3.734 3.742 3.753
9.988 10.023 10.039 10.036 10.014 9.972 9.912 9.832 9.733 9.615 9.304 8.980 8.675 8.389 8.121 7.872 7.642 7.431 7.238 7.065 6.910 6.773 6.886 7.060 7.237 7.418 7.601 7.788 7.978 8.171 8.367 8.566 8.769 8.974 9.085 9.159 9.229 9.295 9.357 9.376 9.362 9.344 9.322 9.297 9.268 9.236 9.006 8.704 8.416 8.144 7.886 7.643 7.416 7.203 7.005 6.822 6.654 6.501 6.311 6.092 5.872 5.648 5.423 5.195 4.965 4.732 4.497 4.259 4.019 3.777 3.684 3.701 3.720
9.725 9.692 9.641 9.570 9.481 9.372 9.244 9.097 8.930 8.745 8.494 8.236 7.997 7.777 7.576 7.393 7.229 7.084 6.958 6.851 6.762 6.692 6.792 6.977 7.165 7.357 7.552 7.750 7.951 8.155 8.362 8.573 8.734 8.882 8.937 8.929 8.917 8.901 8.881 8.858 8.830 8.800 8.765 8.727 8.686 8.640 8.474 8.224 7.989 7.769 7.563 7.373 7.198 7.037 6.891 6.761 6.645 6.544 6.387 6.160 5.930 5.699 5.465 5.229 4.990 4.749 4.505 4.259 4.011 3.760 3.632 3.657 3.685
9.483 9.383 9.264 9.126 8.969 8.793 8.597 8.383 8.149 7.897 7.664 7.473 7.300 7.146 7.011 6.895 6.797 6.718 6.658 6.617 6.594 6.591 6.694 6.891 7.090 7.228 7.365 7.505 7.648 7.794 7.943 8.095 8.251 8.409 8.488 8.466 8.441 8.412 8.380 8.343 8.304 8.260 8.213 8.162 8.107 8.049 7.927 7.730 7.547 7.379 7.226 7.088 6.965 6.857 6.764 6.685 6.622 6.573 6.465 6.229 5.992 5.752 5.509 5.264 5.017 4.768 4.516 4.261 4.005 3.746 3.578 3.611 3.647
9.263 9.095 8.909 8.704 8.479 8.236 7.973 7.691 7.390 7.071 6.815 6.690 6.584 6.496 6.427 6.377 6.346 6.332 6.313 6.288 6.256 6.218 6.239 6.377 6.519 6.663 6.811 6.962 7.116 7.274 7.434 7.598 7.765 7.935 8.042 8.008 7.970 7.928 7.883 7.834 7.781 7.725 7.665 7.601 7.534 7.463 7.366 7.221 7.091 6.975 6.875 6.789 6.718 6.662 6.621 6.595 6.584 6.588 6.545 6.301 6.055 5.807 5.556 5.303 5.047 4.789 4.529 4.266 4.001 3.733 3.521 3.563 3.608
9.064 8.829 8.575 8.303 8.011 7.700 7.370 7.021 6.653 6.266 5.974 5.979 5.978 5.970 5.955 5.933 5.905 5.869 5.827 5.778 5.722 5.660 5.638 5.787 5.940 6.096 6.255 6.417 6.583 6.751 6.923 7.098 7.276 7.457 7.601 7.554 7.503 7.449 7.391 7.329 7.263 7.194 7.121 7.045 6.965 6.881 6.792 6.699 6.621 6.557 6.509 6.476 6.457 6.454 6.465 6.491 6.532 6.588 6.628 6.376 6.121 5.864 5.605 5.343 5.079 4.813 4.544 4.273 3.999 3.723 3.463 3.513 3.566
8.886 8.584 8.263 7.950 7.649 7.338 7.019 6.690 6.353 6.006 5.686 5.668 5.643 5.611 5.572 5.526 5.474 5.415 5.349 5.276 5.196 5.110 5.034 5.195 5.359 5.526 5.696 5.870 6.046 6.226 6.409 6.595 6.785 6.977 7.165 7.105 7.041 6.974 6.903 6.828 6.750 6.668 6.582 6.493 6.400 6.303 6.203 6.162 6.136 6.125 6.129 6.148 6.182 6.230 6.294 6.372 6.465 6.573 6.696 6.452 6.189 5.924 5.656 5.386 5.114 4.839 4.562 4.290 4.019 3.741 3.458 3.525 3.638
8.893 8.587 8.272 7.947 7.614 7.272 6.920 6.559 6.190 5.811 5.423 5.364 5.315 5.259 5.197 5.127 5.051 4.968 4.878 4.781 4.678 4.568 4.451 4.600 4.775 4.953 5.135 5.320 5.508 5.699 5.893 6.090 6.291 6.494 6.701 6.660 6.583 6.503 6.420 6.332 6.241 6.146 6.048 5.946 5.840 5.731 5.618 5.612 5.638 5.679 5.735 5.806 5.892 5.993 6.108 6.239 6.384 6.544 6.719 6.531 6.278 6.028 5.772 5.509 5.241 4.966 4.686 4.400 4.107 3.809 3.504 3.560 3.730
8.997 8.659 8.311 7.955 7.589 7.215 6.831 6.439 6.037 5.626 5.206 5.069 4.996 4.916 4.829 4.736 4.636 4.529 4.415 4.295 4.168 4.034 3.893 4.002 4.189 4.378 4.571 4.767 4.966 5.169 5.374 5.583 5.794 6.009 6.227 6.219 6.130 6.037 5.941 5.840 5.737 5.629 5.518 5.403 5.285 5.162 5.037 5.047 5.126 5.219 5.327 5.450 5.588 5.779 5.986 6.203 6.428 6.663 6.907 6.807 6.542 6.270 5.993 5.709 5.420 5.124 4.822 4.515 4.201 3.882 3.556 3.581 3.806
9.111 8.741 8.361 7.973 7.575 7.168 6.753 6.328 5.894 5.451 4.999 4.781 4.684 4.580 4.470 4.353 4.229 4.098 3.961 3.816 3.665 3.508 3.343 3.402 3.600 3.801 4.005 4.212 4.422 4.636 4.852 5.072 5.295 5.521 5.750 5.783 5.681 5.575 5.466 5.353 5.237 5.116 4.992 4.865 4.733 4.599 4.523 4.593 4.778 4.971 5.174 5.386 5.607 5.837 6.077 6.325 6.582 6.849 7.124 7.097 6.811 6.518 6.219 5.915 5.604 5.287 4.964 4.636 4.301 3.960 3.613 3.585 3.866
9.235 8.832 8.421 8.000 7.571 7.132 6.684 6.227 5.762 5.287 4.803 4.501 4.380 4.253 4.118 3.977 3.830 3.675 3.514 3.346 3.171 2.989 2.801 2.800 3.009 3.221 3.436 3.654 3.876 4.101 4.328 4.559 4.793 5.031 5.271 5.351 5.237 5.118 5.003 4.926 4.850 4.774 4.698 4.623 4.549 4.474 4.401 4.451 4.667 4.893 5.128 5.372 5.624 5.886 6.158 6.438 6.727 7.025 7.333 7.393 7.085 6.771 6.452 6.126 5.794 5.456 5.112 4.762 4.406 4.045 3.677 3.575 3.912
9.369 8.934 8.491 8.038 7.576 7.106 6.626 6.137 5.639 5.132 4.616 4.228 4.084 3.933 3.775 3.610 3.438 3.260 3.075 2.883 2.685 2.479 2.267 2.195 2.415 2.638 2.865 3.094 3.327 3.563 3.802 4.060 4.353 4.642 4.927 5.096 5.020 4.944 4.868 4.793 4.718 4.643 4.570 4.496 4.423 4.351 4.279 4.299 4.548 4.805 5.072 5.348 5.633 5.927 6.229 6.541 6.863 7.193 7.532 7.694 7.365 7.030 6.689 6.342 5.989 5.630 5.265 4.894 4.518 4.135 3.746 3.550 3.942
9.512 9.046 8.570 8.086 7.592 7.089 6.578 6.057 5.527 4.988 4.440 3.964 3.795 3.620 3.439 3.250 3.055 2.853 2.644 2.428 2.206 1.977 1.741 1.587 1.856 2.164 2.468 2.767 3.063 3.354 3.641 3.924 4.203 4.478 4.748 4.956 4.881 4.807 4.732 4.659 4.586 4.513 4.441 4.369 4.297 4.226 4.156 4.139 4.420 4.709 5.008 5.315 5.632 5.957 6.292 6.636 6.989 7.351 7.722 8.001 7.651 7.295 6.933 6.564 6.190 5.810 5.424 5.032 4.634 4.230 3.820 3.510 3.958
9.666 9.168 8.660 8.144 7.618 7.083 6.540 5.987 5.425 4.854 4.274 3.707 3.515 3.316 3.110 2.898 2.679 2.484 2.308 2.138 1.974 1.814 1.660 1.529 1.827 2.121 2.410 2.695 2.976 3.253 3.525 3.793 4.057 4.317 4.573 4.816 4.742 4.669 4.597 4.525 4.453 4.382 4.311 4.241 4.171 4.102 4.033 3.970 4.283 4.604 4.934 5.273 5.622 5.979 6.346 6.722 7.106 7.500 7.903 8.313 7.942 7.565 7.181 6.792 6.397 5.996 5.589 5.176 4.757 4.332 3.901 3.464 3.958
9.830 9.299 8.760 8.211 7.654 7.087 6.512 5.927 5.333 4.730 4.124 3.516 3.287 3.104 2.926 2.753 2.586 2.424 2.267 2.116 1.970 1.829 1.694 1.564 1.803 2.082 2.356 2.627 2.893 3.155 3.413 3.667 3.916 4.162 4.403 4.640 4.603 4.532 4.461 4.391 4.321 4.251 4.182 4.113 4.045 3.977 3.910 3.843 4.136 4.489 4.852 5.223 5.603 5.992 6.391 6.798 7.214 7.640 8.075 8.518 8.238 7.840 7.436 7.026 6.609 6.187 5.759 5.325 4.885 4.439 3.987 3.528 3.943
10.003 9.441 8.870 8.268 7.665 7.061 6.455 5.848 5.240 4.630 4.020 3.407 3.128 2.963 2.804 2.650 2.502 2.358 2.220 2.088 1.960 1.838 1.722 1.610 1.783 2.047 2.307 2.563 2.815 3.062 3.306 3.545 3.780 4.010 4.237 4.459 4.464 4.394 4.325 4.256 4.188 4.120 4.052 3.985 3.919 3.852 3.787 3.721 3.981 4.366 4.760 5.163 5.575 5.996 6.426 6.865 7.314 7.771 8.237 8.712 8.540 8.121 7.696 7.264 6.827 6.384 5.935 5.477 5.033 4.618 4.232 3.875 4.179
10.014 9.410 8.805 8.199 7.591 6.982 6.372 5.760 5.147 4.533 3.917 3.300 2.964 2.818 2.677 2.542 2.412 2.287 2.168 2.054 1.945 1.842 1.744 1.651 1.767 2.017 2.263 2.504 2.741 2.974 3.202 3.427 3.647 3.863 4.075 4.283 4.325 4.256 4.189 4.121 4.055 3.988 3.922 3.857 3.792 3.727 3.663 3.599 3.817 4.234 4.660 5.094 5.538 5.991 6.453 6.924 7.403 7.892 8.390 8.897 8.782 8.236 7.720 7.232 6.773 6.343 5.943 5.571 5.228 4.913 4.628 4.372 4.528
9.961 9.353 8.743 8.132 7.519 6.905 6.290 5.674 5.056 4.437 3.816 3.195 2.794 2.666 2.544 2.428 2.317 2.211 2.110 2.015 1.925 1.840 1.761 1.687 1.756 1.991 2.222 2.449 2.671 2.890 3.104 3.314 3.519 3.721 3.918 4.111 4.185 4.118 4.052 3.986 3.921 3.856 3.792 3.728 3.665 3.602 3.539 3.477 3.645 4.093 4.550 5.017 5.492 5.937 6.347 6.742 7.123 7.489 7.841 8.178 8.142 7.697 7.282 6.895 6.537 6.208 5.908 5.637 5.394 5.181 4.997 4.841 4.908
9.910 9.297 8.682 8.066 7.449 6.830 6.210 5.589 4.966 4.343 3.717 3.091 2.618 2.510 2.406 2.309 2.216 2.129 2.047 1.970 1.899 1.833 1.772 1.717 1.749 1.970 2.186 2.398 2.606 2.810 3.009 3.205 3.396 3.583 3.766 3.944 4.045 3.980 3.915 3.851 3.787 3.724 3.661 3.599 3.537 3.476 3.413 3.353 3.453 3.885 4.302 4.705 5.094 5.468 5.827 6.172 6.502 6.817 7.118 7.405 7.475 7.131 6.816 6.530 6.273 6.045 5.846 5.675 5.533 5.421 5.337 5.282 5.320
9.860 9.242 8.623 8.002 7.380 6.757 6.132 5.506 4.879 4.250 3.620 2.989 2.437 2.348 2.263 2.184 2.110 2.041 1.978 1.920 1.867 1.820 1.777 1.741 1.747 1.953 2.154 2.352 2.545 2.734 2.919 3.100 3.277 3.449 3.618 3.782 3.904 3.841 3.778 3.704 3.633 3.564 3.499 3.437 3.378 3.322 3.270 3.221 3.252 3.633 4.000 4.353 4.690 5.013 5.322 5.616 5.896 6.161 6.411 6.647 6.781 6.538 6.324 6.138 5.982 5.854 5.756 5.686 5.645 5.633 5.650 5.695 5.764
9.829 9.189 8.565 7.940 7.313 6.685 6.055 5.425 4.793 4.159 3.525 2.889 2.251 2.180 2.114 2.053 1.998 1.948 1.903 1.864 1.830 1.801 1.777 1.759 1.749 1.940 2.127 2.310 2.489 2.663 2.834 3.000 3.142 3.281 3.418 3.552 3.679 3.608 3.541 3.478 3.417 3.360 3.306 3.256 3.209 3.165 3.124 3.087 3.066 3.397 3.713 4.014 4.302 4.574 4.832 5.076 5.305 5.519 5.719 5.905 6.060 5.918 5.804 5.720 5.664 5.637 5.639 5.669 5.729 5.817 5.935 6.081 6.240
10.001 9.138 8.510 7.879 7.248 6.615 5.981 5.345 4.708 4.070 3.431 2.790 2.148 2.007 1.960 1.917 1.881 1.849 1.823 1.802 1.787 1.777 1.772 1.772 1.774 1.903 2.052 2.198 2.342 2.483 2.621 2.756 2.889 3.019 3.146 3.271 3.393 3.355 3.300 3.248 3.199 3.153 3.111 3.072 3.036 3.004 2.975 2.949 2.926 3.174 3.440 3.691 3.928 4.150 4.357 4.550 4.729 4.893 5.042 5.177 5.297 5.270 5.257 5.273 5.318 5.392 5.494 5.625 5.785 5.974 6.192 6.438 6.713
10.188 9.089 8.455 7.820 7.184 6.547 5.908 5.267 4.626 3.983 3.339 2.693 2.046 1.828 1.800 1.776 1.758 1.759 1.781 1.791 1.787 1.769 1.738 1.694 1.636 1.719 1.859 1.996 2.130 2.262 2.390 2.516 2.639 2.760 2.878 2.993 3.105 3.099 3.056 3.015 2.978 2.943 2.913 2.885 2.861 2.840 2.822 2.808 2.797 2.967 3.182 3.383 3.569 3.740 3.897 4.040 4.168 4.281 4.380 4.464 4.534 4.596 4.684 4.800 4.945 5.119 5.322 5.554 5.814 6.103 6.421 6.768 7.143
10.390 9.042 8.403 7.763 7.122 6.480 5.836 5.191 4.545 3.897 3.284 2.717 2.156 1.927 1.956 1.972 1.975 1.964 1.940 1.902 1.851 1.787 1.709 1.617 1.513 1.539 1.669 1.797 1.922 2.043 2.163 2.279 2.393 2.504 2.612 2.718 2.820 2.841 2.808 2.779 2.753 2.731 2.711 2.695 2.683 2.673 2.667 2.664 2.665 2.774 2.939 3.089 3.224 3.345 3.452 3.544 3.621 3.684 3.733 3.767 3.786 3.895 4.083 4.300 4.545 4.820 5.123 5.455 5.815 6.205 6.623 7.070 7.546
10.607 8.996 8.353 7.739 7.149 6.566 5.988 5.418 4.853 4.295 3.743 3.198 2.658 2.334 2.316 2.285 2.241 2.183 2.112 2.027 1.929 1.818 1.693 1.555 1.404 1.362 1.483 1.601 1.716 1.828 1.938 2.045 2.149 2.251 2.350 2.446 2.539 2.579 2.558 2.540 2.526 2.515 2.507 2.502 2.501 2.503 2.509 2.517 2.529 2.596 2.710 2.810 2.895 2.965 3.021 3.063 3.090 3.103 3.101 3.084 3.053 3.167 3.455 3.772 4.118 4.493 4.896 5.328 5.767 6.164 6.540 6.895 7.228
11.506 9.191 8.611 8.036 7.468 6.907 6.352 5.803 5.260 4.724 4.194 3.671 3.154 2.755 2.690 2.612 2.521 2.416 2.298 2.167 2.022 1.864 1.692 1.507 1.309 1.188 1.300 1.408 1.514 1.617 1.717 1.814 1.909 2.001 2.090 2.177 2.261 2.314 2.304 2.298 2.295 2.296 2.299 2.306 2.317 2.330 2.347 2.367 2.390 2.432 2.496 2.545 2.580 2.600 2.606 2.597 2.574 2.536 2.483 2.417 2.336 2.470 2.942 3.393 3.822 4.231 4.618 4.984 5.328 5.652 5.954 6.235 6.495
12.984 9.437 8.878 8.326 7.780 7.241 6.708 6.181 5.660 5.146 4.638 4.137 3.641 3.190 3.078 2.954 2.815 2.664 2.499 2.320 2.129 1.924 1.705 1.473 1.228 1.017 1.119 1.218 1.314 1.408 1.499 1.587 1.672 1.754 1.834 1.911 1.986 2.046 2.048 2.053 2.062 2.074 2.089 2.107 2.129 2.154 2.182 2.214 2.249 2.283 2.297 2.295 2.280 2.249 2.281 2.353 2.409 2.451 2.477 2.489 2.486 2.568 2.966 3.343 3.699 4.034 4.347 4.640 4.911 5.161 5.389 5.597 5.783
14.753 10.059 9.139 8.609 8.085 7.568 7.056 6.551 6.053 5.561 5.075 4.595 4.122 3.655 3.480 3.309 3.124 2.925 2.713 2.488 2.250 1.998 1.732 1.454 1.162 0.856 0.942 1.031 1.118 1.202 1.283 1.362 1.438 1.511 1.581 1.649 1.714 1.775 1.788 1.805 1.825 1.849 1.875 1.905 1.938 1.975 2.015 2.254 2.452 2.504 2.598 2.677 2.741 2.790 2.825 2.844 2.849 2.838 2.813 2.773 2.718 2.686 3.011 3.314 3.596 3.858 4.098 4.316 4.514 4.690 4.845 4.979 5.092
