DATA/SHG/ECMWF/20170628/EN-20/20170707.en-20.asc
ncols        190
nrows        64
xllcorner    -5100000.000000000000
yllcorner    4130000.000000000000
cellsize     10000.000000000000
NODATA_value  -99999.000
[rows 0 to 32 of 64, columns 0 to 74 of 190]
1.841 1.867 1.892 1.917 1.942 1.967 1.992 2.017 2.041 1.947 1.815 1.682 1.548 1.414 1.280 1.144 1.009 0.872 0.736 0.665 0.615 0.711 0.873 1.031 1.186 1.338 1.487 1.632 1.774 1.913 2.048 2.181 2.310 2.405 2.483 2.563 2.646 2.732 2.820 2.911 3.005 3.102 3.201 3.303 3.408 3.594 3.836 4.059 4.264 4.450 4.619 4.769 4.901 5.014 5.109 5.186 5.245 5.167 4.955 4.755 4.568 4.394 4.233 4.085 3.951 3.829 3.720 3.624 3.541 3.545 3.672 3.794 3.912 4.026 4.136
1.638 1.663 1.688 1.713 1.737 1.761 1.786 1.810 1.834 1.762 1.627 1.492 1.445 1.399 1.352 1.303 1.254 1.203 1.151 1.098 1.044 1.100 1.250 1.397 1.541 1.681 1.818 1.952 2.082 2.210 2.334 2.454 2.572 2.673 2.760 2.850 2.942 3.038 3.136 3.237 3.340 3.447 3.556 3.667 3.782 3.927 4.104 4.263 4.404 4.526 4.630 4.716 4.784 4.833 4.864 4.877 4.871 4.801 4.634 4.479 4.338 4.210 4.095 3.992 3.903 3.827 3.764 3.713 3.676 3.685 3.797 3.905 4.009 4.109 4.205
1.435 1.460 1.484 1.508 1.548 1.654 1.766 1.883 2.005 2.052 2.006 1.958 1.909 1.858 1.807 1.754 1.700 1.645 1.589 1.532 1.473 1.492 1.630 1.766 1.898 2.027 2.152 2.274 2.393 2.509 2.622 2.731 2.837 2.937 3.034 3.134 3.236 3.341 3.448 3.559 3.672 3.788 3.907 4.028 4.152 4.278 4.391 4.485 4.562 4.620 4.660 4.682 4.685 4.670 4.637 4.586 4.516 4.422 4.301 4.192 4.096 4.014 3.944 3.887 3.844 3.813 3.795 3.790 3.854 3.940 4.104 4.268 4.432 4.598 4.764
1.466 1.570 1.679 1.794 1.914 2.039 2.169 2.304 2.444 2.529 2.478 2.426 2.373 2.318 2.263 2.206 2.148 2.088 2.028 1.966 1.904 1.887 2.014 2.137 2.258 2.375 2.489 2.600 2.707 2.812 2.913 3.010 3.105 3.199 3.305 3.414 3.526 3.640 3.758 3.878 4.000 4.126 4.254 4.385 4.519 4.646 4.695 4.725 4.738 4.732 4.707 4.665 4.604 4.525 4.428 4.313 4.179 4.031 3.955 3.892 3.848 3.886 3.932 3.987 4.051 4.124 4.205 4.295 4.394 4.502 4.667 4.833 5.000 5.168 5.336
1.752 1.875 2.003 2.135 2.273 2.417 2.565 2.719 2.878 3.007 2.952 2.895 2.838 2.779 2.719 2.658 2.595 2.532 2.467 2.401 2.334 2.284 2.399 2.512 2.621 2.726 2.829 2.928 3.024 3.117 3.206 3.293 3.376 3.457 3.572 3.691 3.813 3.937 4.064 4.193 4.326 4.461 4.598 4.739 4.882 5.028 5.017 4.983 4.931 4.861 4.773 4.667 4.542 4.412 4.313 4.211 4.105 3.995 4.024 4.075 4.134 4.202 4.279 4.365 4.460 4.563 4.675 4.796 4.925 5.064 5.228 5.397 5.566 5.737 5.907
2.033 2.173 2.319 2.471 2.627 2.789 2.955 3.127 3.305 3.485 3.426 3.365 3.303 3.240 3.176 3.111 3.044 2.976 2.907 2.837 2.766 2.693 2.788 2.889 2.986 3.081 3.172 3.259 3.344 3.425 3.503 3.578 3.649 3.718 3.837 3.965 4.096 4.230 4.366 4.505 4.647 4.792 4.939 5.090 5.242 5.398 5.358 5.273 5.184 5.092 4.995 4.895 4.790 4.682 4.570 4.454 4.334 4.211 4.239 4.321 4.411 4.510 4.618 4.734 4.859 4.993 5.136 5.287 5.448 5.617 5.788 5.959 6.131 6.304 6.477
2.306 2.466 2.630 2.799 2.974 3.154 3.339 3.530 3.725 3.926 3.900 3.836 3.769 3.702 3.634 3.564 3.493 3.421 3.348 3.273 3.198 3.121 3.180 3.269 3.355 3.438 3.517 3.593 3.666 3.736 3.803 3.866 3.926 3.983 4.098 4.236 4.376 4.520 4.666 4.814 4.964 5.116 5.270 5.427 5.585 5.745 5.728 5.629 5.527 5.421 5.310 5.196 5.078 4.956 4.831 4.701 4.567 4.430 4.446 4.558 4.679 4.809 4.947 5.094 5.250 5.415 5.588 5.770 5.961 6.160 6.347 6.520 6.695 6.869 7.045
2.574 2.752 2.934 3.122 3.315 3.513 3.717 3.926 4.139 4.359 4.376 4.306 4.236 4.164 4.092 4.018 3.943 3.866 3.789 3.710 3.631 3.550 3.574 3.652 3.726 3.798 3.866 3.930 3.992 4.050 4.105 4.157 4.214 4.258 4.359 4.506 4.656 4.807 4.960 5.115 5.272 5.431 5.592 5.755 5.920 6.087 6.102 5.989 5.873 5.753 5.629 5.501 5.369 5.234 5.094 4.951 4.804 4.653 4.644 4.787 4.939 5.099 5.268 5.445 5.632 5.827 6.031 6.243 6.465 6.695 6.904 7.080 7.256 7.434 7.612
2.835 3.031 3.232 3.439 3.650 3.867 4.088 4.315 4.547 4.785 4.851 4.778 4.703 4.627 4.550 4.472 4.393 4.312 4.231 4.148 4.064 3.979 3.971 4.038 4.101 4.215 4.317 4.403 4.471 4.524 4.560 4.579 4.581 4.567 4.623 4.777 4.933 5.091 5.251 5.413 5.577 5.743 5.911 6.081 6.253 6.427 6.478 6.352 6.223 6.089 5.951 5.809 5.664 5.515 5.362 5.205 5.044 4.879 4.834 5.007 5.189 5.380 5.579 5.788 6.004 6.230 6.465 6.708 6.960 7.220 7.459 7.638 7.817 7.996 8.176
3.091 3.305 3.524 3.749 3.978 4.213 4.453 4.699 4.949 5.205 5.328 5.250 5.171 5.091 5.010 4.927 4.844 4.764 4.729 4.710 4.708 4.722 4.778 4.871 4.948 5.008 5.052 5.079 5.089 5.083 5.060 5.021 4.965 4.893 4.884 5.045 5.208 5.373 5.540 5.709 5.880 6.053 6.228 6.404 6.583 6.764 6.859 6.719 6.575 6.428 6.277 6.121 5.962 5.799 5.632 5.462 5.287 5.108 5.014 5.218 5.431 5.652 5.882 6.121 6.368 6.624 6.889 7.163 7.445 7.736 8.013 8.194 8.375 8.557 8.740
3.340 3.572 3.810 4.053 4.301 4.554 4.812 5.076 5.344 5.618 5.797 5.703 5.626 5.566 5.523 5.496 5.485 5.492 5.515 5.555 5.611 5.684 5.763 5.798 5.816 5.818 5.803 5.771 5.723 5.659 5.578 5.480 5.366 5.235 5.143 5.311 5.481 5.653 5.827 6.003 6.180 6.360 6.542 6.725 6.911 7.099 7.242 7.089 6.932 6.770 6.605 6.436 6.264 6.087 5.906 5.722 5.534 5.342 5.186 5.420 5.663 5.915 6.176 6.445 6.723 7.010 7.305 7.609 7.922 8.244 8.566 8.749 8.933 9.117 9.245
3.583 3.834 4.089 4.328 4.556 4.794 5.042 5.299 5.566 5.844 6.095 6.060 6.042 6.040 6.055 6.087 6.135 6.200 6.282 6.381 6.496 6.627 6.764 6.740 6.700 6.643 6.570 6.480 6.374 6.251 6.111 5.955 5.783 5.594 5.400 5.575 5.752 5.930 6.111 6.294 6.478 6.665 6.853 7.044 7.236 7.431 7.627 7.462 7.291 7.116 6.938 6.755 6.569 6.378 6.184 5.986 5.784 5.578 5.369 5.613 5.887 6.169 6.461 6.760 7.069 7.386 7.712 7.985 8.214 8.443 8.673 8.742 8.795 8.844 8.890
3.586 3.819 4.062 4.315 4.578 4.850 5.133 5.425 5.727 6.039 6.361 6.399 6.439 6.496 6.570 6.660 6.767 6.890 7.031 7.187 7.361 7.551 7.758 7.699 7.600 7.485 7.354 7.205 7.041 6.859 6.662 6.447 6.216 5.969 5.705 5.836 6.019 6.205 6.393 6.582 6.774 6.967 7.163 7.360 7.559 7.761 7.964 7.839 7.654 7.466 7.273 7.077 6.877 6.673 6.465 6.254 6.038 5.819 5.595 5.798 6.048 6.277 6.506 6.735 6.965 7.194 7.423 7.652 7.882 8.111 8.341 8.424 8.466 8.504 8.538
3.458 3.725 4.003 4.291 4.588 4.896 5.213 5.540 5.877 6.224 6.580 6.719 6.818 6.933 7.065 7.214 7.380 7.562 7.760 7.976 8.208 8.456 8.721 8.674 8.517 8.343 8.153 7.947 7.724 7.484 7.228 6.956 6.667 6.361 6.039 6.094 6.285 6.477 6.672 6.868 7.067 7.267 7.469 7.673 7.880 8.088 8.298 8.219 8.021 7.819 7.613 7.403 7.189 6.954 6.696 6.415 6.113 5.788 5.441 5.484 5.713 5.943 6.172 6.402 6.631 6.861 7.090 7.320 7.550 7.780 8.010 8.110 8.140 8.167 8.191
3.318 3.621 3.933 4.256 4.588 4.930 5.282 5.644 6.016 6.397 6.789 7.020 7.178 7.352 7.542 7.750 7.973 8.214 8.471 8.745 9.035 9.342 9.666 9.664 9.449 9.217 8.969 8.704 8.423 8.125 7.811 7.480 7.133 6.769 6.389 6.350 6.548 6.747 6.949 7.152 7.357 7.564 7.773 7.985 8.198 8.413 8.666 8.674 8.470 8.245 7.997 7.728 7.436 7.122 6.787 6.429 6.049 5.647 5.223 5.149 5.379 5.609 5.839 6.068 6.298 6.528 6.758 6.988 7.218 7.448 7.679 7.800 7.818 7.834 7.846
3.168 3.505 3.853 4.210 4.577 4.954 5.341 5.737 6.144 6.560 6.986 7.304 7.519 7.752 8.001 8.266 8.549 8.848 9.163 9.495 9.844 10.209 10.591 10.671 10.397 10.107 9.801 9.478 9.139 8.783 8.410 8.022 7.616 7.194 6.756 6.604 6.808 7.015 7.217 7.395 7.595 7.817 8.060 8.325 8.611 8.918 9.247 9.328 9.047 8.744 8.419 8.072 7.703 7.312 6.899 6.464 6.006 5.527 5.026 4.815 5.045 5.275 5.505 5.735 5.965 6.196 6.426 6.656 6.887 7.117 7.348 7.493 7.500 7.504 7.505
3.007 3.379 3.761 4.153 4.555 4.967 5.388 5.819 6.260 6.711 7.172 7.568 7.843 8.133 8.441 8.765 9.105 9.463 9.836 10.227 10.634 11.058 11.498 11.693 11.362 11.014 10.649 10.268 9.871 9.457 9.026 8.536 7.952 7.389 6.846 6.540 6.729 6.940 7.173 7.427 7.702 7.999 8.318 8.658 9.019 9.402 9.806 10.003 9.645 9.265 8.862 8.438 7.992 7.523 7.033 6.520 5.986 5.429 4.851 4.481 4.711 4.942 5.172 5.403 5.633 5.864 6.094 6.325 6.556 6.787 7.018 7.189 7.185 7.178 7.168
2.835 3.242 3.659 4.086 4.522 4.968 5.425 5.891 6.366 6.852 7.347 7.815 8.147 8.496 8.862 9.245 9.643 10.059 10.491 10.940 11.405 11.887 12.385 12.732 12.214 11.561 10.928 10.314 9.721 9.148 8.595 8.062 7.549 7.055 6.582 6.248 6.513 6.800 7.108 7.437 7.788 8.160 8.554 8.969 9.405 9.863 10.343 10.699 10.264 9.806 9.327 8.825 8.301 7.756 7.188 6.599 5.987 5.353 4.698 4.148 4.378 4.609 4.840 5.070 5.301 5.532 5.763 5.994 6.225 6.456 6.688 6.889 6.874 6.855 6.834
2.653 3.094 3.546 4.007 4.478 4.959 5.450 5.951 6.461 6.981 7.511 8.043 8.434 8.841 9.265 9.706 10.163 10.500 10.753 10.997 11.229 11.451 11.663 11.832 11.229 10.646 10.083 9.540 9.017 8.514 8.031 7.568 7.125 6.702 6.299 5.935 6.275 6.637 7.020 7.425 7.851 8.298 8.767 9.257 9.769 10.302 10.857 11.417 10.904 10.369 9.812 9.234 8.633 8.010 7.365 6.699 6.010 5.299 4.566 3.814 4.045 4.276 4.507 4.738 4.970 5.201 5.432 5.663 5.895 6.126 6.358 6.589 6.566 6.536 6.504
2.460 2.936 3.422 3.918 4.424 4.940 5.465 6.000 6.545 7.100 7.568 8.001 8.295 8.564 8.823 9.072 9.310 9.537 9.754 9.961 10.157 10.343 10.518 10.682 10.224 9.712 9.219 8.746 8.293 7.860 7.447 7.054 6.681 6.328 5.995 5.682 6.016 6.453 6.911 7.391 7.892 8.415 8.959 9.524 10.111 10.719 11.349 12.000 11.565 10.953 10.319 9.663 8.986 8.286 7.564 6.820 6.054 5.267 4.457 3.625 3.713 3.944 4.175 4.407 4.638 4.870 5.101 5.333 5.565 5.797 6.029 6.260 6.261 6.221 6.197
2.256 2.767 3.288 3.787 4.271 4.741 5.196 5.637 6.063 6.474 6.871 7.253 7.528 7.761 7.983 8.195 8.396 8.587 8.768 8.938 9.097 9.246 9.385 9.513 9.201 8.758 8.335 7.932 7.550 7.187 6.844 6.521 6.218 5.935 5.672 5.429 5.735 6.247 6.780 7.335 7.911 8.509 9.128 9.769 10.430 11.114 11.818 12.544 12.248 11.559 10.848 10.115 9.360 8.583 7.784 6.963 6.120 5.256 4.369 3.461 3.380 3.612 3.844 4.075 4.307 4.539 4.771 5.033 5.343 5.654 5.966 6.278 6.379 6.394 6.401
2.077 2.554 3.016 3.464 3.897 4.316 4.720 5.110 5.485 5.845 6.191 6.522 6.773 6.969 7.155 7.331 7.496 7.650 7.794 7.927 8.050 8.163 8.265 8.356 8.157 7.785 7.432 7.099 6.786 6.494 6.221 5.968 5.735 5.522 5.329 5.155 5.432 6.019 6.628 7.257 7.909 8.581 9.276 9.991 10.728 11.486 12.266 13.067 12.951 12.185 11.397 10.587 9.755 8.901 8.026 7.128 6.208 5.267 4.303 3.318 3.086 3.394 3.703 4.012 4.322 4.632 4.943 5.255 5.568 5.881 6.195 6.510 6.636 6.627 6.612
1.923 2.349 2.761 3.158 3.540 3.908 4.261 4.599 4.923 5.233 5.527 5.808 6.031 6.191 6.340 6.479 6.607 6.725 6.832 6.929 7.016 7.092 7.157 7.212 7.095 6.792 6.509 6.246 6.004 5.781 5.578 5.395 5.232 5.088 4.965 4.862 5.107 5.770 6.453 7.158 7.884 8.632 9.401 10.191 11.003 11.836 12.691 13.567 13.676 12.833 11.968 11.081 10.172 9.173 8.156 7.174 6.226 5.314 4.436 3.592 3.291 3.601 3.912 4.223 4.536 4.849 5.162 5.477 5.792 6.107 6.423 6.740 6.900 6.867 6.828
1.786 2.161 2.522 2.868 3.199 3.516 3.818 4.105 4.378 4.637 4.881 5.110 5.301 5.424 5.537 5.639 5.731 5.812 5.883 5.944 5.994 6.033 6.062 6.081 6.013 5.780 5.567 5.374 5.201 5.048 4.915 4.802 4.709 4.635 4.582 4.548 4.761 5.499 6.257 7.037 7.838 8.661 9.505 10.370 11.256 12.164 12.925 13.610 13.719 12.650 11.615 10.615 9.650 8.720 7.824 6.963 6.136 5.345 4.588 3.865 3.494 3.807 4.120 4.434 4.749 5.064 5.380 5.697 6.014 6.332 6.651 6.970 7.169 7.113 7.051
1.666 1.990 2.299 2.594 2.874 3.140 3.391 3.628 3.850 4.057 4.250 4.429 4.583 4.670 4.746 4.812 4.867 4.912 4.946 4.970 4.984 4.987 4.980 4.962 4.911 4.748 4.605 4.482 4.379 4.296 4.233 4.189 4.166 4.162 4.179 4.215 4.394 5.206 6.039 6.843 7.617 8.365 9.089 9.787 10.459 11.107 11.729 12.325 12.628 11.680 10.766 9.887 9.043 8.233 7.458 6.718 6.013 5.342 4.706 4.104 3.697 4.012 4.328 4.644 4.961 5.279 5.597 5.916 6.236 6.556 6.877 7.199 7.444 7.365 7.279
1.568 1.834 2.092 2.336 2.566 2.780 2.981 3.166 3.338 3.494 3.636 3.764 3.877 3.927 3.967 3.997 4.015 4.024 4.022 4.010 3.987 3.953 3.910 3.856 3.791 3.698 3.624 3.571 3.538 3.524 3.531 3.558 3.657 3.757 3.858 3.961 4.081 4.843 5.579 6.290 6.976 7.636 8.272 8.881 9.466 10.025 10.559 11.068 11.504 10.676 9.884 9.126 8.403 7.714 7.060 6.440 5.856 5.305 4.790 4.309 3.899 4.216 4.534 4.853 5.172 5.492 5.813 6.134 6.456 6.779 7.102 7.426 7.726 7.623 7.514
1.575 1.694 1.902 2.095 2.273 2.437 2.587 2.722 2.842 2.948 3.039 3.116 3.178 3.197 3.201 3.194 3.176 3.148 3.110 3.061 3.002 2.932 2.852 2.762 2.681 2.765 2.861 2.957 3.055 3.154 3.255 3.357 3.460 3.565 3.671 3.779 3.888 4.493 5.141 5.764 6.361 6.934 7.481 8.003 8.499 8.970 9.416 9.837 10.232 9.640 8.969 8.331 7.729 7.161 6.628 6.129 5.665 5.235 4.841 4.480 4.155 4.419 4.739 5.060 5.382 5.705 6.028 6.351 6.676 7.001 7.327 7.653 7.980 7.887 7.754
1.599 1.571 1.728 1.870 1.997 2.110 2.209 2.293 2.363 2.418 2.458 2.484 2.496 2.480 2.447 2.403 2.349 2.330 2.395 2.445 2.480 2.501 2.506 2.497 2.472 2.534 2.634 2.735 2.838 2.942 3.048 3.155 3.263 3.372 3.483 3.596 3.710 4.169 4.729 5.264 5.773 6.258 6.717 7.150 7.559 7.942 8.300 8.633 8.940 8.572 8.021 7.504 7.022 6.575 6.162 5.784 5.441 5.132 4.857 4.618 4.413 4.621 4.944 5.267 5.591 5.916 6.241 6.568 6.894 7.222 7.550 7.879 8.208 8.157 8.001
1.640 1.463 1.569 1.661 1.738 1.800 1.848 1.881 1.900 1.904 1.956 2.077 2.199 2.301 2.373 2.431 2.474 2.501 2.514 2.512 2.495 2.464 2.417 2.355 2.279 2.301 2.406 2.512 2.620 2.729 2.839 2.951 3.064 3.178 3.294 3.412 3.530 3.871 4.343 4.790 5.211 5.608 5.979 6.325 6.645 6.940 7.210 7.455 7.675 7.470 7.040 6.644 6.282 5.956 5.664 5.406 5.183 4.995 4.841 4.721 4.637 4.822 5.147 5.473 5.799 6.126 6.454 6.783 7.112 7.442 7.772 8.103 8.435 8.433 8.253
1.700 1.372 1.427 1.515 1.629 1.745 1.863 1.982 2.103 2.227 2.351 2.478 2.606 2.697 2.717 2.722 2.713 2.689 2.649 2.595 2.526 2.442 2.344 2.230 2.101 2.067 2.177 2.288 2.400 2.514 2.629 2.746 2.864 2.983 3.104 3.226 3.349 3.599 3.983 4.342 4.676 4.984 5.267 5.525 5.758 5.965 6.148 6.305 6.436 6.336 6.026 5.750 5.510 5.304 5.132 4.995 4.892 4.824 4.791 4.792 4.827 5.022 5.349 5.678 6.006 6.336 6.666 6.997 7.272 7.453 7.624 7.785 7.938 7.837 7.524
1.968 1.629 1.745 1.864 1.984 2.107 2.230 2.356 2.484 2.613 2.744 2.877 3.011 3.108 3.076 3.030 2.968 2.892 2.800 2.694 2.573 2.437 2.286 2.120 1.940 1.832 1.946 2.062 2.180 2.298 2.418 2.540 2.663 2.787 2.912 3.039 3.168 3.353 3.650 3.920 4.166 4.387 4.582 4.752 4.897 5.017 5.111 5.180 5.225 5.168 4.979 4.824 4.704 4.618 4.567 4.550 4.568 4.620 4.707 4.828 4.984 5.168 5.381 5.585 5.780 5.965 6.141 6.308 6.466 6.614 6.753 6.882 7.002 6.958 6.679
2.313 1.963 2.086 2.211 2.337 2.466 2.596 2.728 2.861 2.997 3.134 3.273 3.414 3.535 3.451 3.352 3.238 3.110 2.967 2.808 2.635 2.447 2.244 2.027 1.794 1.595 1.715 1.836 1.958 2.082 2.206 2.333 2.460 2.589 2.720 2.851 2.985 3.133 3.342 3.525 3.683 3.816 3.923 4.006 4.063 4.095 4.102 4.083 4.039 3.969 3.900 3.865 3.865 3.900 4.005 4.131 4.242 4.337 4.416 4.480 4.528 4.597 4.778 4.950 5.112 5.265 5.409 5.544 5.669 5.785 5.891 5.989 6.077 6.070 5.826
2.630 2.332 2.424 2.555 2.688 2.822 2.959 3.097 3.237 3.378 3.522 3.667 3.814 3.962 3.841 3.690 3.525 3.344 3.149 2.938 2.713 2.473 2.219 1.949 1.664 1.365 1.482 1.608 1.735 1.863 1.993 2.124 2.257 2.391 2.526 2.662 2.800 2.940 3.060 3.156 3.226 3.271 3.291 3.285 3.255 3.199 3.118 3.129 3.188 3.251 3.401 3.535 3.654 3.757 3.844 3.916 3.972 4.013 4.037 4.047 4.040 4.035 4.184 4.324 4.454 4.575 4.686 4.789 4.882 4.966 5.040 5.105 5.161 5.174 4.965
