DATA/SHG/ECMWF/20170628/EN-20/20170628.en-20.asc
ncols        190
nrows        64
xllcorner    -5100000.000000000000
yllcorner    4130000.000000000000
cellsize     10000.000000000000
NODATA_value  -99999.000
[rows 32 to 63 of 64, columns 73 to 145 of 190]
2.705 2.890 3.065 3.231 3.386 3.532 3.668 3.795 3.911 4.018 4.114 4.202 4.231 4.027 3.842 3.676 3.529 3.401 3.292 3.203 3.132 3.080 3.044 3.023 3.136 3.672 4.227 4.799 5.390 5.999 6.626 7.272 7.936 8.618 9.318 10.037 10.394 10.019 9.604 9.150 8.656 8.122 7.549 6.937 6.387 6.100 5.799 5.481 5.679 6.437 7.146 7.807 8.420 8.984 9.500 9.967 10.387 10.758 11.081 11.355 12.006 12.950 13.906 14.874 15.854 16.846 17.851 18.868 19.896 20.937 21.990 23.056 23.724
2.482 2.633 2.774 2.905 3.027 3.139 3.241 3.334 3.416 3.489 3.552 3.605 3.642 3.504 3.385 3.285 3.205 3.143 3.100 3.077 3.073 3.087 3.118 3.164 3.280 3.897 4.532 5.186 5.857 6.547 7.256 7.982 8.727 9.490 10.271 11.144 11.941 11.710 11.462 11.200 10.922 10.628 10.319 9.995 9.655 9.300 8.930 8.544 8.488 9.032 9.527 9.975 10.373 10.724 11.026 11.280 11.486 11.644 11.753 11.814 12.298 13.296 14.306 15.328 16.362 17.408 18.466 19.537 20.619 21.714 22.821 23.939 24.671
2.285 2.384 2.492 2.589 2.677 2.755 2.824 2.882 2.931 2.970 2.999 3.019 3.028 2.964 2.912 2.878 2.864 2.868 2.892 2.934 2.996 3.077 3.175 3.288 3.416 4.101 4.955 6.307 7.601 8.838 10.018 11.140 12.204 13.212 14.161 15.054 15.773 15.472 15.156 14.825 14.478 14.116 13.738 13.345 12.937 12.513 12.073 11.619 11.344 11.674 11.956 12.190 12.375 12.512 12.601 12.642 12.634 12.578 12.474 12.322 12.578 13.630 14.693 15.769 16.857 17.956 19.068 20.193 21.329 22.477 23.638 24.810 25.625
2.087 2.146 2.219 2.283 2.337 2.381 2.416 2.441 2.455 2.461 2.456 2.442 2.418 2.408 2.422 2.454 2.506 2.577 2.882 3.621 4.509 5.467 6.473 7.596 8.836 10.058 11.213 12.310 13.350 14.332 15.257 16.125 16.935 17.688 18.383 19.021 19.601 19.247 18.862 18.462 18.047 17.616 17.169 16.707 16.230 15.738 15.230 14.706 14.247 14.364 14.432 14.453 14.425 14.348 14.224 14.051 13.831 13.562 13.244 12.879 12.845 13.950 15.067 16.197 17.338 18.492 19.657 20.835 22.025 23.227 24.441 25.667 26.586
1.887 1.916 1.956 1.986 2.006 2.017 2.017 2.008 1.990 1.961 1.923 1.954 2.064 2.351 2.863 3.523 4.330 5.286 6.390 7.641 9.040 10.513 12.037 13.678 15.436 16.627 17.527 18.370 19.155 19.883 20.553 21.167 21.722 22.221 22.662 23.046 23.372 23.034 22.581 22.112 21.627 21.128 20.613 20.082 19.536 18.975 18.398 17.806 17.199 17.101 16.956 16.763 16.522 16.233 15.895 15.509 15.075 14.593 14.063 13.484 13.099 14.258 15.429 16.612 17.807 19.014 20.233 21.465 22.708 23.964 25.232 26.511 27.552
1.686 1.696 1.702 1.699 1.793 1.968 2.124 2.262 2.381 2.481 2.563 2.627 2.672 3.160 4.184 5.356 6.676 8.144 9.759 11.522 13.433 15.421 17.462 19.620 21.895 23.251 23.897 24.485 25.016 25.490 25.906 26.265 26.567 26.811 26.998 27.128 27.200 26.833 26.311 25.773 25.220 24.652 24.068 23.469 22.855 22.225 21.580 20.919 20.243 19.886 19.528 19.122 18.667 18.165 17.614 17.015 16.369 15.673 14.930 14.139 13.340 14.552 15.777 17.013 18.262 19.523 20.796 22.081 23.378 24.687 26.009 27.342 28.526
2.281 2.490 2.656 2.804 2.933 3.043 3.135 3.208 3.263 3.299 3.317 3.316 3.296 3.833 5.370 7.053 8.885 10.864 12.991 15.266 17.688 20.190 22.748 25.424 28.215 29.931 30.323 30.657 30.934 31.154 31.316 31.421 31.469 31.459 31.392 31.268 31.086 30.644 30.053 29.447 28.826 28.189 27.537 26.869 26.186 25.487 24.774 24.044 23.300 22.718 22.147 21.528 20.860 20.145 19.381 18.570 17.710 16.802 15.846 14.842 13.790 14.834 16.112 17.402 18.705 20.019 21.346 22.684 24.035 25.398 26.773 28.160 29.505
3.647 3.840 3.941 4.024 4.089 4.135 4.162 4.171 4.161 4.133 4.086 4.021 3.937 4.371 6.419 8.614 10.957 13.448 16.086 18.871 21.805 24.821 27.896 31.087 34.396 36.667 36.805 36.885 36.908 36.874 36.782 36.633 36.427 36.164 35.843 35.465 35.030 34.468 33.808 33.133 32.443 31.738 31.017 30.281 29.529 28.762 27.980 27.182 26.369 25.597 24.813 23.981 23.101 22.173 21.197 20.172 19.100 17.979 16.811 15.594 14.329 15.102 16.434 17.778 19.134 20.490 21.795 23.060 24.284 25.468 26.611 27.714 28.776
5.015 5.205 5.242 5.261 5.261 5.242 5.205 5.149 5.075 4.983 4.871 4.742 4.593 4.773 7.332 10.038 12.892 15.894 19.043 22.339 25.783 29.313 32.904 36.612 40.437 43.459 43.343 43.169 42.938 42.650 42.305 41.902 41.443 40.926 40.351 39.720 39.031 38.303 37.575 36.832 36.073 35.299 34.510 33.705 32.885 32.050 31.199 30.333 29.452 28.523 27.527 26.482 25.389 24.249 23.060 21.823 20.503 19.083 17.726 16.432 15.200 15.709 16.998 18.247 19.455 20.622 21.750 22.836 23.882 24.888 25.854 26.778 27.663
6.384 6.572 6.559 6.513 6.448 6.365 6.264 6.144 6.006 5.849 5.673 5.479 5.266 5.039 8.109 11.326 14.691 18.203 21.863 25.669 29.624 33.667 37.774 41.998 46.339 50.307 49.937 49.509 49.025 48.483 47.884 47.228 46.515 45.745 44.917 44.032 43.090 42.151 41.354 40.543 39.715 38.873 38.015 37.142 36.254 35.350 34.431 33.397 31.864 30.311 28.728 27.208 25.750 24.356 23.024 21.755 20.548 19.405 18.324 17.306 16.351 16.594 17.705 18.776 19.806 20.795 21.745 22.653 23.522 24.350 25.137 25.884 26.590
7.754 7.931 7.891 7.781 7.652 7.505 7.339 7.154 6.952 6.730 6.491 6.232 5.955 5.660 8.750 12.478 16.353 20.376 24.545 28.862 33.326 37.882 42.506 47.245 52.102 57.075 56.586 55.905 55.168 54.373 53.520 52.611 51.644 50.621 49.540 48.402 47.207 46.010 45.057 43.350 41.682 40.051 38.458 36.902 35.385 33.906 32.464 31.060 29.694 28.357 27.050 25.807 24.626 23.508 22.452 21.459 20.529 19.662 18.858 18.116 17.437 17.519 18.452 19.345 20.197 21.009 21.780 22.511 23.201 23.852 24.461 25.031 25.559
9.126 9.291 9.239 9.064 8.871 8.660 8.429 8.181 7.914 7.628 7.324 7.002 6.661 6.301 9.256 13.494 17.879 22.412 27.091 31.918 36.892 41.960 47.099 52.354 57.726 63.214 63.292 62.358 61.367 60.257 57.980 55.728 53.502 51.301 49.126 46.976 44.852 42.759 41.181 39.642 38.140 36.676 35.250 33.861 32.511 31.198 29.923 28.686 27.487 26.339 25.309 24.342 23.437 22.595 21.816 21.099 20.446 19.855 19.326 18.860 18.457 18.484 19.239 19.954 20.628 21.262 21.856 22.409 22.922 23.394 23.827 24.218 24.570
10.499 10.652 10.602 10.364 10.106 9.830 9.536 9.223 8.892 8.542 8.174 7.787 7.382 6.958 9.626 14.374 19.269 24.311 29.500 34.836 40.319 44.997 49.529 53.956 58.279 62.497 61.992 59.751 57.535 55.345 53.180 51.041 48.927 46.839 44.776 42.739 40.727 38.740 37.270 35.897 34.562 33.265 32.005 30.784 29.600 28.454 27.346 26.275 25.243 24.258 23.505 22.813 22.185 21.619 21.116 20.675 20.297 19.982 19.730 19.540 19.413 19.488 20.066 20.603 21.100 21.556 21.972 22.348 22.683 22.978 23.233 23.447 23.621
11.874 12.015 11.982 11.679 11.357 11.017 10.659 10.282 9.886 9.472 9.040 8.589 8.120 7.632 9.720 14.556 19.261 23.834 28.275 32.584 36.762 40.877 44.950 48.919 52.782 56.542 56.722 54.593 52.490 50.412 48.359 46.332 44.331 42.355 40.404 38.479 36.579 34.705 33.322 32.116 30.948 29.817 28.725 27.670 26.653 25.673 24.732 23.828 22.962 22.134 21.636 21.221 20.869 20.579 20.351 20.187 20.085 20.045 20.068 20.154 20.303 20.533 20.933 21.292 21.611 21.890 22.129 22.327 22.485 22.602 22.680 22.716 22.713
13.250 13.380 13.377 13.010 12.624 12.220 11.797 11.107 10.444 9.814 9.217 8.653 8.122 7.624 8.902 13.284 17.535 21.654 25.641 29.497 33.220 36.880 40.494 44.004 47.409 50.710 51.429 49.413 47.422 45.456 43.516 41.602 39.712 37.848 36.010 34.197 32.409 30.647 29.339 28.299 27.298 26.334 25.408 24.519 23.669 22.856 22.081 21.343 20.644 19.982 19.705 19.566 19.489 19.474 19.523 19.634 19.807 20.044 20.342 20.704 21.127 21.614 21.839 22.021 22.163 22.265 22.326 22.347 22.327 22.267 22.167 22.027 21.846
14.223 13.952 13.620 12.907 12.227 11.579 10.964 10.382 9.833 9.317 8.833 8.383 7.965 7.579 8.203 12.132 15.929 19.595 23.128 26.530 29.801 33.004 36.160 39.211 42.158 45.001 46.116 44.211 42.333 40.479 38.651 36.849 35.072 33.320 31.594 29.893 28.217 26.567 25.319 24.446 23.611 22.814 22.054 21.332 20.648 20.001 19.393 18.822 18.288 17.793 17.710 17.846 18.045 18.306 18.630 19.017 19.466 19.977 20.551 21.188 21.887 22.649 22.786 22.791 22.755 22.679 22.563 22.407 22.210 21.973 21.696 21.378 21.020
12.832 12.566 12.300 11.700 11.133 10.599 10.097 9.629 9.193 8.790 8.420 8.082 7.777 7.506 7.625 11.100 14.444 17.656 20.736 23.685 26.502 29.250 31.947 34.541 37.029 39.414 40.780 38.988 37.221 35.480 33.764 32.074 30.409 28.769 27.155 25.566 24.003 22.465 21.264 20.558 19.889 19.258 18.664 18.109 17.591 17.111 16.668 16.263 15.896 15.567 15.652 16.063 16.538 17.074 17.674 18.335 19.060 19.847 20.696 21.608 22.582 23.619 23.773 23.600 23.387 23.134 22.841 22.507 22.133 21.685 21.135 20.575 20.004
11.442 11.180 10.919 10.464 10.010 9.589 9.201 8.846 8.523 8.234 7.976 7.752 7.561 7.402 7.276 10.188 13.078 15.837 18.465 20.961 23.325 25.618 27.857 29.992 32.023 33.950 35.423 33.743 32.089 30.459 28.856 27.277 25.724 24.196 22.694 21.217 19.766 18.340 17.173 16.633 16.130 15.665 15.238 14.849 14.497 14.183 13.907 13.668 13.467 13.304 13.530 14.217 14.967 15.779 16.653 17.590 18.590 19.651 20.776 21.963 23.179 24.268 24.313 23.791 23.258 22.715 22.161 21.597 21.022 20.436 19.840 19.234 18.617
10.053 9.795 9.538 9.199 8.858 8.551 8.276 8.034 7.824 7.648 7.504 7.393 7.314 7.268 7.255 9.396 11.833 14.139 16.314 18.357 20.269 22.106 23.888 25.566 27.140 28.609 29.975 28.476 26.934 25.417 23.925 22.458 21.017 19.601 18.211 16.846 15.506 14.192 13.045 12.672 12.335 12.037 11.776 11.553 11.367 11.219 11.109 11.036 11.001 11.004 11.345 12.339 13.591 14.807 15.989 17.135 18.246 19.322 20.362 21.368 22.338 23.273 23.401 22.832 22.253 21.664 21.063 20.453 19.832 19.200 18.558 17.905 17.242
8.665 8.411 8.158 7.905 7.678 7.483 7.321 7.192 7.096 7.032 7.002 7.003 7.038 7.105 7.205 8.723 10.708 12.562 14.284 15.875 17.335 18.717 20.041 21.262 22.378 23.390 24.299 23.188 21.757 20.352 18.972 17.617 16.288 14.984 13.706 12.453 11.225 10.022 8.882 8.675 8.504 8.372 8.288 8.683 9.085 9.492 9.907 10.327 10.755 11.188 11.791 12.924 14.021 15.083 16.110 17.102 18.059 18.980 19.867 20.718 21.534 22.314 22.500 21.885 21.260 20.624 19.978 19.321 18.653 17.976 17.287 16.588 15.879
7.277 7.027 6.778 6.582 6.468 6.386 6.338 6.322 6.338 6.388 6.470 6.585 6.732 6.913 7.126 8.170 9.703 11.104 12.374 13.513 14.521 15.448 16.316 17.079 17.738 18.294 18.745 17.878 16.559 15.265 13.997 12.755 11.537 10.345 9.657 9.035 8.448 7.898 7.384 7.708 8.112 8.523 8.939 9.363 9.793 10.229 10.672 11.121 11.577 12.040 12.566 13.545 14.488 15.396 16.268 17.106 17.908 18.676 19.408 20.105 20.766 21.393 21.611 20.950 20.278 19.596 18.904 18.201 17.487 16.763 16.029 15.283 14.528
5.890 5.644 5.399 5.229 5.228 5.260 5.325 5.422 5.551 5.714 5.909 6.137 6.397 6.690 7.016 7.736 8.817 9.766 10.585 11.272 11.828 12.301 12.711 13.018 13.221 13.668 14.150 13.891 13.174 12.494 11.850 11.241 10.669 10.133 9.633 9.169 8.741 8.349 7.994 8.266 8.698 9.137 9.583 10.035 10.493 10.958 11.429 11.907 12.392 12.883 13.380 14.201 14.990 15.744 16.462 17.146 17.794 18.407 18.985 19.528 20.036 20.508 20.734 20.027 19.309 18.581 17.842 17.093 16.333 15.563 14.782 13.991 13.189
4.503 4.261 4.020 3.848 3.960 4.105 4.282 4.492 4.735 5.010 5.318 5.659 6.032 6.438 6.877 7.422 8.051 8.580 9.089 9.580 10.055 10.529 11.007 11.470 11.920 12.357 12.780 12.718 12.160 11.638 11.152 10.702 10.289 9.911 9.570 9.264 8.995 8.761 8.564 8.815 9.276 9.744 10.218 10.699 11.186 11.679 12.179 12.686 13.198 13.718 14.244 14.894 15.529 16.128 16.693 17.222 17.716 18.175 18.599 18.988 19.341 19.660 19.869 19.115 18.351 17.577 16.792 15.997 15.191 14.374 13.548 12.710 11.862
3.117 2.879 2.642 2.438 2.663 2.921 3.211 3.534 3.889 4.277 4.718 5.160 5.588 6.001 6.401 6.808 7.292 7.759 8.209 8.642 9.058 9.473 9.891 10.295 10.685 11.062 11.426 11.506 11.106 10.743 10.415 10.124 9.869 9.650 9.467 9.320 9.209 9.134 9.095 9.357 9.847 10.343 10.846 11.355 11.870 12.392 12.921 13.456 13.997 14.545 15.100 15.623 16.103 16.549 16.959 17.334 17.674 17.980 18.249 18.484 18.684 18.849 18.978 18.216 17.406 16.585 15.754 14.913 14.061 13.198 12.325 11.442 10.548
1.732 1.498 1.265 1.172 1.632 2.110 2.575 3.025 3.461 3.882 4.290 4.683 5.063 5.428 5.778 6.121 6.547 6.955 7.346 7.720 8.077 8.433 8.791 9.136 9.467 9.784 10.088 10.255 10.014 9.809 9.640 9.507 9.410 9.349 9.325 9.336 9.383 9.466 9.586 9.892 10.410 10.934 11.465 12.003 12.547 13.098 13.655 14.218 14.788 15.365 15.948 16.387 16.714 17.005 17.262 17.483 17.669 17.820 17.936 18.017 18.063 18.074 18.050 17.328 16.472 15.605 14.728 13.840 12.942 12.034 11.115 10.185 9.245
1.273 1.235 1.198 1.160 1.510 1.940 2.355 2.757 3.144 3.517 3.876 4.220 4.551 4.867 5.169 5.457 5.817 6.167 6.499 6.814 7.112 7.409 7.708 7.993 8.265 8.523 8.768 8.965 8.883 8.836 8.826 8.851 8.912 9.010 9.143 9.313 9.518 9.760 10.037 10.418 10.965 11.518 12.078 12.644 13.216 13.795 14.381 14.973 15.571 16.176 16.788 17.187 17.360 17.498 17.600 17.668 17.700 17.697 17.660 17.587 17.479 17.336 17.158 16.452 15.549 14.637 13.714 12.780 11.836 10.881 9.916 8.940 7.954
1.260 1.223 1.186 1.149 1.402 1.783 2.150 2.502 2.841 3.165 3.475 3.771 4.053 4.320 4.574 4.813 5.104 5.395 5.668 5.925 6.164 6.402 6.642 6.867 7.080 7.278 7.463 7.635 7.713 7.825 7.972 8.156 8.376 8.631 8.923 9.250 9.614 10.014 10.449 10.937 11.512 12.094 12.682 13.277 13.878 14.485 15.099 15.720 16.347 16.980 17.620 18.023 18.042 18.026 17.975 17.888 17.767 17.611 17.419 17.193 16.931 16.635 16.303 15.587 14.639 13.725 12.930 12.128 11.318 10.501 9.676 8.844 8.004
1.248 1.211 1.174 1.138 1.307 1.639 1.957 2.261 2.551 2.826 3.088 3.335 3.568 3.787 3.992 4.182 4.407 4.639 4.854 5.052 5.233 5.412 5.592 5.758 5.911 6.050 6.176 6.288 6.505 6.775 7.080 7.422 7.800 8.214 8.663 9.149 9.670 10.228 10.822 11.448 12.052 12.662 13.278 13.902 14.531 15.167 15.810 16.459 17.114 17.776 18.445 18.895 18.760 18.590 18.385 18.145 17.866 17.562 17.283 17.030 16.802 16.600 16.424 15.941 15.128 14.308 13.480 12.645 11.802 10.952 10.095 9.230 8.357
1.235 1.198 1.162 1.126 1.225 1.508 1.778 2.033 2.274 2.501 2.714 2.912 3.097 3.267 3.423 3.565 3.727 3.900 4.056 4.195 4.317 4.437 4.558 4.665 4.758 4.838 4.905 4.958 5.258 5.686 6.149 6.649 7.185 7.757 8.364 9.008 9.687 10.403 11.154 11.942 12.584 13.222 13.867 14.519 15.177 15.842 16.513 17.186 17.698 18.204 18.704 19.061 18.740 18.445 18.176 17.933 17.715 17.523 17.357 17.216 17.101 17.012 16.948 16.597 15.751 14.898 14.037 13.169 12.294 11.411 10.520 9.623 8.717
1.222 1.186 1.150 1.115 1.156 1.391 1.612 1.818 2.011 2.189 2.353 2.503 2.639 2.761 2.868 2.962 3.062 3.177 3.275 3.355 3.418 3.479 3.541 3.588 3.623 3.643 3.650 3.644 3.972 4.558 5.180 5.838 6.531 7.261 8.026 8.828 9.665 10.539 11.448 12.290 12.874 13.400 13.921 14.437 14.946 15.450 15.949 16.441 16.928 17.409 17.884 18.321 18.113 17.931 17.774 17.643 17.538 17.458 17.404 17.376 17.374 17.397 17.446 17.259 16.381 15.495 14.601 13.700 12.792 11.876 10.953 10.023 9.085
1.208 1.173 1.138 1.103 1.100 1.287 1.459 1.617 1.761 1.891 2.006 2.108 2.195 2.268 2.327 2.372 2.414 2.470 2.509 2.531 2.536 2.538 2.540 2.528 2.503 2.465 2.412 2.347 2.648 3.392 4.258 5.138 6.006 6.861 7.703 8.532 9.349 10.153 10.945 11.723 12.309 12.811 13.307 13.797 14.282 14.761 15.235 15.703 16.165 16.621 17.072 17.517 17.459 17.390 17.345 17.327 17.334 17.367 17.426 17.510 17.620 17.755 17.917 17.929 17.018 16.099 15.172 14.239 13.298 12.349 11.393 10.430 9.459
1.195 1.160 1.126 1.091 1.058 1.196 1.319 1.429 1.524 1.605 1.672 1.725 1.764 1.789 1.799 1.795 1.782 1.780 1.760 1.723 1.669 1.695 1.768 1.843 1.920 1.998 2.079 2.161 2.516 3.366 4.204 5.029 5.841 6.640 7.427 8.201 8.963 9.712 10.448 11.171 11.750 12.227 12.699 13.165 13.625 14.079 14.528 14.971 15.408 15.840 16.266 16.686 16.780 16.822 16.891 16.985 17.104 17.250 17.420 17.617 17.839 18.087 18.361 18.605 17.661 16.710 15.750 14.784 13.810 12.829 11.840 10.844 9.840
