DATA/SHG/ECMWF/20170628/EN-20/20170712.en-20.asc
ncols        190
nrows        64
xllcorner    -5100000.000000000000
yllcorner    4130000.000000000000
cellsize     10000.000000000000
NODATA_value  -99999.000
[rows 0 to 31 of 64, columns 73 to 145 of 190]
10.329 10.242 10.163 10.093 10.032 9.979 9.936 9.901 9.753 9.301 8.832 8.359 7.884 7.407 6.927 6.445 5.960 5.473 4.983 4.491 4.039 3.736 3.442 3.153 2.868 2.588 2.313 2.042 1.776 1.515 1.259 1.007 0.806 0.761 0.719 0.680 0.645 0.614 0.586 0.562 0.541 0.524 0.511 0.501 0.490 0.463 0.435 0.404 0.372 0.337 0.301 0.263 0.222 0.180 0.136 0.089 0.058 0.076 0.092 0.108 0.123 0.137 0.150 0.162 0.173 0.183 0.192 0.201 0.212 0.234 0.258 0.286 0.316
10.160 10.104 10.062 10.015 9.958 9.892 9.817 9.732 9.572 9.096 8.617 8.136 7.652 7.166 6.678 6.187 5.693 5.197 4.698 4.197 3.716 3.434 3.161 2.892 2.629 2.370 2.115 1.866 1.621 1.380 1.145 0.914 0.709 0.680 0.654 0.631 0.612 0.597 0.585 0.577 0.572 0.571 0.574 0.580 0.584 0.548 0.511 0.472 0.430 0.387 0.342 0.295 0.246 0.194 0.141 0.086 0.039 0.053 0.065 0.077 0.087 0.097 0.106 0.114 0.121 0.127 0.132 0.137 0.145 0.178 0.215 0.254 0.296
10.146 10.085 10.014 9.934 9.845 9.746 9.638 9.521 9.378 8.893 8.405 7.915 7.423 6.928 6.431 5.931 5.428 4.923 4.416 3.906 3.394 3.127 2.875 2.627 2.385 2.146 1.913 1.684 1.460 1.241 1.026 0.816 0.610 0.595 0.585 0.578 0.576 0.576 0.580 0.588 0.599 0.614 0.633 0.655 0.680 0.635 0.589 0.541 0.491 0.439 0.385 0.329 0.271 0.211 0.149 0.085 0.021 0.030 0.039 0.046 0.053 0.059 0.063 0.067 0.070 0.072 0.073 0.074 0.085 0.149 0.212 0.276 0.339
10.172 10.079 9.975 9.863 9.741 9.609 9.469 9.319 9.160 8.693 8.196 7.698 7.196 6.693 6.186 5.678 5.166 4.653 4.137 3.618 3.097 2.816 2.584 2.358 2.136 1.918 1.706 1.498 1.295 1.096 0.902 0.713 0.528 0.507 0.513 0.522 0.535 0.551 0.572 0.595 0.622 0.653 0.688 0.725 0.767 0.724 0.669 0.612 0.553 0.493 0.430 0.365 0.298 0.229 0.159 0.086 0.011 0.009 0.013 0.021 0.033 0.047 0.063 0.081 0.101 0.122 0.146 0.172 0.199 0.260 0.323 0.385 0.448
10.208 10.081 9.945 9.800 9.645 9.481 9.308 9.126 8.934 8.495 7.990 7.483 6.973 6.460 5.945 5.427 4.907 4.385 3.860 3.332 2.802 2.499 2.289 2.083 1.882 1.685 1.494 1.307 1.124 0.946 0.773 0.605 0.441 0.415 0.436 0.462 0.491 0.523 0.559 0.599 0.642 0.688 0.739 0.792 0.850 0.815 0.752 0.686 0.618 0.548 0.472 0.393 0.316 0.240 0.166 0.094 0.024 0.022 0.039 0.058 0.079 0.101 0.126 0.152 0.181 0.211 0.243 0.277 0.313 0.371 0.433 0.495 0.556
10.252 10.092 9.924 9.746 9.559 9.362 9.156 8.941 8.717 8.301 7.787 7.270 6.751 6.230 5.706 5.180 4.651 4.120 3.586 3.050 2.511 2.178 1.989 1.804 1.623 1.448 1.277 1.110 0.949 0.792 0.639 0.492 0.349 0.319 0.356 0.398 0.442 0.491 0.543 0.598 0.657 0.714 0.766 0.816 0.863 0.825 0.745 0.667 0.590 0.516 0.443 0.372 0.302 0.235 0.169 0.105 0.043 0.040 0.066 0.093 0.122 0.153 0.186 0.222 0.258 0.297 0.338 0.381 0.425 0.482 0.543 0.604 0.665
10.304 10.113 9.911 9.701 9.481 9.252 9.013 8.766 8.509 8.109 7.586 7.061 6.533 6.003 5.470 4.935 4.397 3.857 3.315 2.770 2.222 1.852 1.684 1.519 1.360 1.205 1.055 0.909 0.769 0.632 0.501 0.374 0.263 0.242 0.302 0.360 0.415 0.469 0.519 0.568 0.614 0.658 0.700 0.740 0.777 0.754 0.682 0.612 0.543 0.477 0.412 0.349 0.287 0.228 0.170 0.115 0.061 0.056 0.090 0.126 0.164 0.204 0.245 0.289 0.334 0.382 0.431 0.482 0.535 0.593 0.654 0.714 0.774
10.366 10.141 9.908 9.664 9.412 9.150 8.879 8.599 8.310 7.919 7.388 6.854 6.317 5.778 5.237 4.693 4.147 3.598 3.046 2.493 1.936 1.522 1.374 1.267 1.173 1.076 0.977 0.874 0.770 0.662 0.552 0.439 0.323 0.270 0.320 0.368 0.413 0.456 0.497 0.535 0.572 0.605 0.637 0.666 0.693 0.681 0.617 0.555 0.494 0.436 0.379 0.324 0.271 0.219 0.170 0.122 0.076 0.070 0.113 0.157 0.203 0.252 0.302 0.354 0.408 0.464 0.522 0.582 0.643 0.705 0.764 0.823 0.882
10.436 10.179 9.913 9.637 9.352 9.058 8.754 8.441 8.119 7.733 7.192 6.650 6.104 5.557 5.006 4.465 3.971 3.481 2.995 2.513 2.035 1.643 1.543 1.439 1.333 1.224 1.113 0.998 0.881 0.762 0.639 0.514 0.386 0.301 0.341 0.378 0.413 0.446 0.477 0.505 0.531 0.555 0.576 0.596 0.613 0.606 0.550 0.496 0.443 0.393 0.344 0.297 0.252 0.209 0.167 0.127 0.089 0.082 0.133 0.186 0.241 0.298 0.357 0.417 0.480 0.544 0.611 0.679 0.749 0.816 0.875 0.933 0.991
10.515 10.225 9.926 9.618 9.301 8.974 8.638 8.293 7.947 7.597 7.092 6.591 6.094 5.601 5.113 4.629 4.149 3.673 3.202 2.734 2.271 1.843 1.730 1.615 1.496 1.375 1.252 1.125 0.996 0.864 0.729 0.592 0.452 0.334 0.364 0.391 0.416 0.439 0.459 0.477 0.493 0.507 0.518 0.527 0.534 0.529 0.481 0.435 0.391 0.348 0.307 0.268 0.231 0.196 0.163 0.131 0.101 0.092 0.152 0.213 0.277 0.342 0.409 0.478 0.549 0.622 0.697 0.774 0.853 0.927 0.985 1.043 1.100
10.602 10.268 9.922 9.582 9.248 8.920 8.599 8.284 7.975 7.669 7.179 6.692 6.210 5.732 5.258 4.789 4.323 3.862 3.405 2.952 2.503 2.054 1.921 1.793 1.663 1.529 1.393 1.255 1.113 0.969 0.823 0.673 0.521 0.370 0.389 0.406 0.421 0.434 0.444 0.452 0.458 0.461 0.463 0.462 0.458 0.451 0.411 0.373 0.336 0.302 0.269 0.238 0.209 0.182 0.156 0.133 0.111 0.100 0.168 0.238 0.310 0.384 0.460 0.537 0.617 0.699 0.782 0.867 0.955 1.039 1.096 1.152 1.209
10.469 10.138 9.813 9.494 9.182 8.876 8.577 8.283 7.996 7.715 7.262 6.790 6.322 5.859 5.399 4.944 4.493 4.046 3.604 3.165 2.731 2.296 2.114 1.974 1.832 1.686 1.538 1.387 1.234 1.078 0.919 0.757 0.593 0.426 0.417 0.424 0.429 0.431 0.431 0.429 0.425 0.418 0.410 0.398 0.385 0.369 0.338 0.308 0.280 0.253 0.229 0.206 0.185 0.165 0.148 0.132 0.118 0.106 0.183 0.261 0.342 0.424 0.508 0.594 0.683 0.773 0.865 0.958 1.079 1.234 1.360 1.496 1.642
10.310 10.001 9.698 9.401 9.111 8.827 8.549 8.277 8.012 7.752 7.342 6.884 6.431 5.982 5.537 5.096 4.659 4.227 3.799 3.375 2.955 2.535 2.310 2.158 2.003 1.846 1.686 1.523 1.357 1.189 1.018 0.844 0.668 0.488 0.447 0.444 0.439 0.431 0.421 0.409 0.395 0.378 0.359 0.338 0.314 0.288 0.264 0.242 0.222 0.203 0.187 0.172 0.159 0.147 0.138 0.130 0.124 0.120 0.195 0.287 0.392 0.509 0.637 0.776 0.926 1.088 1.262 1.446 1.642 1.850 2.024 2.205 2.396
10.146 9.859 9.578 9.303 9.034 8.772 8.515 8.265 8.021 7.784 7.418 6.974 6.536 6.101 5.670 5.244 4.822 4.404 3.990 3.580 3.175 2.769 2.509 2.345 2.178 2.008 1.836 1.661 1.483 1.303 1.120 0.934 0.745 0.554 0.480 0.467 0.451 0.434 0.414 0.391 0.367 0.340 0.311 0.280 0.246 0.210 0.188 0.174 0.162 0.151 0.146 0.144 0.142 0.140 0.139 0.139 0.138 0.138 0.241 0.385 0.541 0.708 0.886 1.076 1.277 1.489 1.713 1.948 2.194 2.451 2.677 2.903 3.139
9.977 9.711 9.452 9.199 8.952 8.711 8.476 8.248 8.026 7.810 7.489 7.061 6.636 6.216 5.800 5.388 4.980 4.577 4.177 3.782 3.391 3.000 2.711 2.535 2.356 2.174 1.989 1.802 1.612 1.420 1.224 1.026 0.826 0.622 0.515 0.492 0.466 0.439 0.408 0.376 0.341 0.308 0.277 0.244 0.211 0.176 0.160 0.158 0.156 0.155 0.154 0.153 0.153 0.153 0.153 0.154 0.155 0.156 0.277 0.472 0.678 0.895 1.124 1.364 1.615 1.878 2.152 2.437 2.733 3.041 3.319 3.590 3.871
9.802 9.558 9.320 9.089 8.863 8.644 8.431 8.225 8.024 7.830 7.558 7.143 6.733 6.327 5.926 5.528 5.135 4.746 4.361 3.980 3.603 3.226 2.916 2.727 2.536 2.342 2.145 1.946 1.744 1.539 1.332 1.122 0.913 0.701 0.561 0.533 0.504 0.473 0.441 0.408 0.374 0.338 0.302 0.264 0.225 0.184 0.162 0.162 0.162 0.162 0.162 0.163 0.164 0.165 0.167 0.169 0.171 0.174 0.302 0.547 0.804 1.071 1.350 1.640 1.942 2.254 2.578 2.914 3.261 3.618 3.950 4.265 4.591
9.622 9.399 9.183 8.973 8.770 8.572 8.381 8.196 8.017 7.845 7.622 7.222 6.826 6.435 6.048 5.664 5.285 4.911 4.540 4.173 3.811 3.449 3.123 2.940 2.764 2.580 2.388 2.188 1.980 1.764 1.540 1.308 1.068 0.820 0.630 0.597 0.562 0.526 0.489 0.450 0.411 0.370 0.328 0.285 0.240 0.194 0.165 0.166 0.167 0.168 0.170 0.172 0.175 0.177 0.181 0.184 0.188 0.192 0.315 0.611 0.917 1.235 1.564 1.904 2.256 2.619 2.993 3.379 3.776 4.184 4.570 4.930 5.301
9.436 9.235 9.041 8.852 8.670 8.494 8.325 8.162 8.004 7.853 7.682 7.297 6.916 6.539 6.166 5.798 5.449 5.114 4.793 4.486 4.192 3.904 3.628 3.424 3.212 2.992 2.765 2.529 2.286 2.034 1.775 1.507 1.232 0.948 0.700 0.662 0.621 0.580 0.537 0.494 0.449 0.402 0.355 0.307 0.257 0.206 0.167 0.169 0.172 0.174 0.178 0.181 0.185 0.189 0.194 0.198 0.203 0.209 0.317 0.662 1.019 1.387 1.766 2.157 2.559 2.972 3.396 3.832 4.279 4.737 5.179 5.584 6.000
9.244 9.065 8.892 8.726 8.565 8.411 8.263 8.121 7.986 7.849 7.705 7.340 6.985 6.643 6.314 6.000 5.699 5.412 5.138 4.878 4.632 4.392 4.155 3.916 3.669 3.413 3.150 2.879 2.600 2.313 2.018 1.715 1.404 1.085 0.772 0.728 0.682 0.635 0.587 0.538 0.488 0.436 0.384 0.330 0.275 0.218 0.168 0.172 0.176 0.180 0.185 0.190 0.195 0.200 0.206 0.212 0.219 0.226 0.307 0.702 1.109 1.527 1.957 2.397 2.849 3.313 3.787 4.273 4.770 5.278 5.777 6.227 6.687
9.047 8.904 8.795 8.678 8.553 8.420 8.280 8.131 7.975 7.810 7.638 7.340 7.031 6.737 6.456 6.189 5.936 5.696 5.470 5.258 5.059 4.867 4.678 4.416 4.134 3.843 3.544 3.237 2.923 2.600 2.270 1.931 1.585 1.230 0.868 0.795 0.744 0.692 0.639 0.584 0.529 0.472 0.414 0.354 0.294 0.232 0.170 0.175 0.180 0.186 0.192 0.198 0.204 0.211 0.219 0.226 0.234 0.242 0.285 0.731 1.188 1.656 2.135 2.626 3.128 3.641 4.166 4.702 5.249 5.807 6.364 6.859 7.364
9.221 9.092 8.956 8.811 8.659 8.499 8.330 8.155 7.971 7.779 7.579 7.326 7.066 6.819 6.586 6.366 6.160 5.968 5.789 5.625 5.473 5.329 5.188 4.925 4.607 4.281 3.946 3.604 3.254 2.896 2.530 2.156 1.774 1.384 0.986 0.864 0.807 0.750 0.691 0.631 0.570 0.508 0.445 0.380 0.314 0.247 0.179 0.177 0.184 0.191 0.198 0.206 0.214 0.222 0.231 0.240 0.249 0.258 0.268 0.747 1.254 1.773 2.302 2.843 3.395 3.958 4.533 5.119 5.716 6.286 6.792 7.222 7.656
9.444 9.288 9.124 8.952 8.772 8.584 8.389 8.185 7.974 7.755 7.528 7.300 7.087 6.888 6.702 6.530 6.372 6.227 6.096 5.979 5.875 5.778 5.685 5.442 5.089 4.727 4.357 3.979 3.594 3.200 2.799 2.389 1.972 1.547 1.113 0.933 0.872 0.809 0.745 0.680 0.614 0.546 0.477 0.407 0.336 0.264 0.190 0.179 0.187 0.196 0.204 0.213 0.223 0.232 0.242 0.253 0.263 0.274 0.285 0.752 1.323 1.905 2.472 3.023 3.558 4.077 4.580 5.067 5.539 5.994 6.433 6.883 7.338
9.674 9.491 9.299 9.100 8.892 8.677 8.454 8.223 7.985 7.738 7.484 7.262 7.097 6.945 6.807 6.682 6.571 6.474 6.390 6.320 6.264 6.214 6.170 5.968 5.579 5.181 4.776 4.363 3.942 3.513 3.076 2.631 2.178 1.718 1.249 1.004 0.937 0.869 0.800 0.730 0.658 0.585 0.511 0.436 0.359 0.281 0.203 0.181 0.190 0.200 0.210 0.252 0.339 0.420 0.496 0.566 0.630 0.688 0.741 1.153 1.681 2.193 2.689 3.170 3.634 4.083 4.516 4.933 5.333 5.718 6.087 6.539 7.014
9.912 9.701 9.482 9.255 9.020 8.777 8.527 8.269 8.003 7.729 7.447 7.212 7.094 6.989 6.898 6.821 6.758 6.708 6.671 6.649 6.640 6.638 6.641 6.502 6.077 5.644 5.204 4.755 4.299 3.834 3.362 2.882 2.393 1.897 1.393 1.077 1.004 0.931 0.856 0.781 0.703 0.625 0.578 0.584 0.593 0.607 0.625 0.682 0.767 0.845 0.918 0.986 1.047 1.103 1.153 1.197 1.236 1.268 1.295 1.597 2.055 2.496 2.922 3.332 3.727 4.105 4.467 4.814 5.144 5.459 5.758 6.191 6.687
10.156 9.918 9.671 9.417 9.155 8.885 8.607 8.321 8.028 7.726 7.417 7.149 7.078 7.021 6.978 6.948 6.932 6.929 6.940 6.965 7.003 7.049 7.100 7.044 6.584 6.116 5.640 5.156 4.664 4.164 3.656 3.141 2.617 2.108 1.631 1.303 1.298 1.298 1.301 1.309 1.320 1.336 1.355 1.379 1.407 1.438 1.474 1.523 1.582 1.635 1.682 1.724 1.760 1.790 1.815 1.834 1.847 1.854 1.855 2.057 2.444 2.816 3.171 3.511 3.835 4.143 4.435 4.711 4.971 5.215 5.444 5.839 6.356
10.408 10.142 9.868 9.586 9.297 8.999 8.694 8.381 8.060 7.732 7.395 7.073 7.050 7.040 7.044 7.062 7.093 7.138 7.196 7.268 7.354 7.447 7.546 7.594 7.110 6.641 6.170 5.697 5.223 4.747 4.269 3.789 3.307 2.824 2.339 1.951 1.964 1.981 2.003 2.028 2.057 2.091 2.128 2.169 2.215 2.264 2.318 2.369 2.402 2.430 2.452 2.468 2.478 2.483 2.482 2.475 2.463 2.444 2.421 2.532 2.849 3.150 3.436 3.705 3.959 4.196 4.418 4.624 4.814 4.988 5.146 5.483 6.020
10.667 10.373 10.072 9.763 9.446 9.121 8.789 8.448 8.100 7.744 7.380 7.008 7.010 7.047 7.099 7.163 7.251 7.406 7.564 7.726 7.893 8.052 8.205 8.360 7.900 7.422 6.943 6.463 5.980 5.496 5.010 4.522 4.033 3.541 3.048 2.594 2.625 2.660 2.699 2.742 2.789 2.840 2.895 2.954 3.017 3.085 3.156 3.219 3.227 3.229 3.226 3.216 3.201 3.181 3.154 3.122 3.084 3.040 2.991 3.023 3.270 3.501 3.716 3.915 4.098 4.266 4.417 4.553 4.673 4.777 4.865 5.122 5.680
10.932 10.612 10.283 9.947 9.602 9.250 8.890 8.523 8.147 7.774 7.455 7.169 7.241 7.393 7.550 7.710 7.874 8.042 8.214 8.390 8.569 8.742 8.908 9.076 8.690 8.205 7.718 7.229 6.738 6.246 5.752 5.256 4.759 4.260 3.759 3.256 3.280 3.333 3.390 3.450 3.515 3.584 3.657 3.734 3.815 3.900 3.989 4.075 4.057 4.034 4.005 3.970 3.930 3.883 3.831 3.774 3.710 3.641 3.566 3.530 3.706 3.867 4.012 4.141 4.254 4.351 4.433 4.498 4.548 4.582 4.600 4.757 5.336
11.205 10.857 10.472 10.035 9.631 9.261 8.925 8.621 8.352 8.115 7.912 7.743 7.807 7.973 8.143 8.316 8.494 8.675 8.860 9.048 9.241 9.427 9.606 9.788 9.482 8.988 8.493 7.996 7.498 6.998 6.496 5.992 5.486 4.979 4.470 3.959 3.930 4.001 4.075 4.154 4.236 4.323 4.413 4.508 4.607 4.709 4.816 4.927 4.892 4.844 4.789 4.729 4.663 4.591 4.514 4.431 4.342 4.247 4.147 4.052 4.158 4.249 4.323 4.382 4.425 4.452 4.464 4.459 4.439 4.403 4.351 4.388 4.987
10.711 10.323 9.969 9.649 9.361 9.107 8.887 8.700 8.546 8.426 8.339 8.285 8.370 8.549 8.731 8.918 9.109 9.303 9.501 9.703 9.908 10.108 10.300 10.496 10.274 9.773 9.270 8.765 8.258 7.750 7.240 6.728 6.215 5.700 5.183 4.664 4.575 4.663 4.755 4.852 4.952 5.056 5.165 5.277 5.393 5.514 5.638 5.766 5.733 5.658 5.578 5.493 5.401 5.304 5.201 5.093 4.978 4.858 4.733 4.601 4.626 4.646 4.651 4.640 4.613 4.570 4.511 4.436 4.346 4.240 4.117 4.025 4.666
9.946 9.675 9.437 9.232 9.061 8.923 8.818 8.747 8.709 8.705 8.734 8.796 8.928 9.120 9.316 9.516 9.719 9.927 10.138 10.353 10.572 10.784 10.990 11.199 11.068 10.558 10.047 9.535 9.020 8.504 7.986 7.466 6.945 6.421 5.896 5.370 5.214 5.320 5.430 5.544 5.662 5.784 5.910 6.040 6.175 6.313 6.455 6.601 6.578 6.478 6.372 6.261 6.145 6.022 5.894 5.760 5.620 5.475 5.324 5.167 5.109 5.059 4.974 4.845 4.720 4.599 4.480 4.365 4.253 4.144 4.038 3.936 4.518
9.151 8.995 8.873 8.785 8.729 8.707 8.719 8.763 8.842 8.953 9.098 9.276 9.481 9.687 9.896 10.109 10.326 10.546 10.771 10.999 11.231 11.457 11.676 11.898 11.862 11.345 10.826 10.305 9.783 9.259 8.733 8.205 7.675 7.144 6.611 6.077 5.849 5.972 6.100 6.232 6.368 6.507 6.651 6.799 6.951 7.106 7.266 7.430 7.428 7.303 7.172 7.035 6.893 6.708 6.437 6.172 5.915 5.663 5.419 5.181 5.025 4.905 4.787 4.673 4.563 4.455 4.351 4.250 4.153 4.058 3.967 3.879 4.373
