DATA/SHG/ECMWF/20170628/EN-20/20170710.en-20.asc
ncols        190
nrows        64
xllcorner    -5100000.000000000000
yllcorner    4130000.000000000000
cellsize     10000.000000000000
NODATA_value  -99999.000
[rows 0 to 31 of 64, columns 0 to 71 of 190]
0.676 0.633 0.588 0.541 0.492 0.442 0.390 0.337 0.282 0.255 0.237 0.218 0.198 0.177 0.155 0.133 0.109 0.085 0.060 0.045 0.030 0.037 0.053 0.068 0.081 0.093 0.102 0.110 0.117 0.121 0.124 0.126 0.125 0.129 0.137 0.146 0.156 0.167 0.180 0.194 0.209 0.226 0.244 0.263 0.283 0.317 0.365 0.413 0.464 0.516 0.570 0.625 0.682 0.741 0.801 0.863 0.927 0.957 0.946 0.931 0.914 0.894 0.871 0.846 0.818 0.787 0.754 0.718 0.679 0.645 0.619 0.591
0.768 0.719 0.668 0.615 0.560 0.504 0.446 0.387 0.326 0.289 0.267 0.245 0.248 0.247 0.242 0.234 0.221 0.204 0.182 0.157 0.128 0.119 0.130 0.138 0.146 0.151 0.155 0.157 0.157 0.156 0.153 0.148 0.142 0.143 0.155 0.169 0.184 0.200 0.217 0.235 0.255 0.276 0.298 0.322 0.346 0.382 0.435 0.490 0.546 0.604 0.664 0.725 0.787 0.852 0.918 0.986 1.055 1.097 1.076 1.052 1.025 0.996 0.963 0.929 0.891 0.851 0.809 0.763 0.715 0.669 0.637 0.604
0.862 0.807 0.750 0.691 0.635 0.599 0.565 0.533 0.502 0.486 0.484 0.477 0.466 0.450 0.431 0.408 0.380 0.349 0.313 0.273 0.229 0.203 0.207 0.210 0.211 0.211 0.209 0.205 0.199 0.192 0.183 0.173 0.161 0.156 0.173 0.191 0.210 0.230 0.252 0.275 0.299 0.324 0.351 0.379 0.408 0.445 0.504 0.565 0.627 0.690 0.755 0.822 0.891 0.961 1.033 1.106 1.182 1.239 1.208 1.174 1.138 1.100 1.058 1.014 0.967 0.918 0.865 0.811 0.764 0.723 0.708 0.697
1.016 0.980 0.945 0.911 0.880 0.850 0.823 0.796 0.772 0.752 0.734 0.713 0.687 0.658 0.624 0.586 0.544 0.498 0.448 0.394 0.335 0.288 0.287 0.284 0.279 0.273 0.265 0.255 0.243 0.230 0.215 0.199 0.181 0.168 0.189 0.212 0.235 0.260 0.286 0.313 0.342 0.372 0.403 0.435 0.469 0.507 0.571 0.637 0.705 0.775 0.846 0.918 0.993 1.069 1.146 1.225 1.306 1.383 1.343 1.300 1.253 1.195 1.140 1.089 1.040 0.996 0.955 0.917 0.882 0.851 0.850 0.854
1.234 1.204 1.175 1.148 1.123 1.099 1.078 1.058 1.040 1.021 0.989 0.953 0.913 0.869 0.821 0.768 0.712 0.651 0.587 0.518 0.445 0.375 0.368 0.359 0.348 0.336 0.322 0.306 0.289 0.270 0.249 0.227 0.203 0.179 0.204 0.231 0.259 0.288 0.319 0.350 0.383 0.418 0.453 0.490 0.528 0.567 0.637 0.709 0.782 0.857 0.934 1.012 1.092 1.170 1.234 1.298 1.360 1.422 1.376 1.323 1.273 1.227 1.184 1.144 1.108 1.075 1.046 1.020 0.998 0.979 0.988 1.006
1.450 1.426 1.403 1.382 1.363 1.346 1.331 1.317 1.305 1.295 1.248 1.198 1.143 1.085 1.022 0.955 0.884 0.809 0.730 0.647 0.559 0.468 0.451 0.436 0.419 0.401 0.381 0.359 0.336 0.311 0.285 0.256 0.226 0.195 0.218 0.249 0.281 0.315 0.350 0.386 0.423 0.462 0.502 0.543 0.586 0.629 0.697 0.765 0.831 0.897 0.962 1.026 1.089 1.151 1.212 1.272 1.332 1.390 1.369 1.327 1.290 1.255 1.224 1.197 1.172 1.152 1.134 1.120 1.110 1.103 1.122 1.154
1.663 1.645 1.629 1.614 1.601 1.590 1.581 1.574 1.568 1.564 1.511 1.446 1.377 1.304 1.227 1.146 1.060 0.971 0.877 0.780 0.678 0.572 0.535 0.514 0.492 0.468 0.442 0.414 0.385 0.354 0.322 0.287 0.252 0.214 0.230 0.266 0.302 0.341 0.380 0.425 0.471 0.513 0.552 0.588 0.620 0.648 0.702 0.766 0.830 0.892 0.954 1.014 1.074 1.133 1.191 1.248 1.304 1.359 1.358 1.329 1.303 1.280 1.261 1.246 1.233 1.224 1.219 1.217 1.218 1.223 1.251 1.298
1.874 1.862 1.852 1.844 1.837 1.833 1.830 1.828 1.829 1.831 1.778 1.699 1.615 1.528 1.436 1.340 1.241 1.137 1.029 0.917 0.800 0.680 0.621 0.594 0.566 0.536 0.504 0.471 0.436 0.399 0.360 0.320 0.292 0.271 0.295 0.346 0.394 0.438 0.479 0.516 0.550 0.580 0.607 0.630 0.650 0.667 0.707 0.769 0.829 0.888 0.946 1.004 1.060 1.116 1.170 1.224 1.277 1.328 1.344 1.327 1.313 1.302 1.295 1.291 1.291 1.294 1.300 1.310 1.323 1.340 1.377 1.438
2.083 2.077 2.073 2.071 2.071 2.072 2.076 2.080 2.087 2.096 2.050 1.956 1.858 1.756 1.650 1.539 1.425 1.307 1.184 1.058 0.927 0.792 0.709 0.676 0.642 0.608 0.577 0.548 0.523 0.500 0.480 0.463 0.448 0.436 0.450 0.489 0.525 0.557 0.585 0.610 0.632 0.650 0.665 0.676 0.684 0.689 0.714 0.772 0.829 0.885 0.940 0.994 1.047 1.099 1.151 1.201 1.251 1.299 1.327 1.321 1.319 1.321 1.325 1.333 1.345 1.360 1.378 1.400 1.425 1.454 1.498 1.574
2.289 2.290 2.292 2.296 2.302 2.310 2.319 2.330 2.343 2.358 2.325 2.216 2.104 1.987 1.867 1.742 1.614 1.480 1.336 1.188 1.038 0.884 0.773 0.743 0.716 0.692 0.671 0.652 0.636 0.623 0.613 0.606 0.601 0.599 0.609 0.635 0.659 0.679 0.695 0.708 0.718 0.724 0.727 0.726 0.722 0.714 0.722 0.776 0.830 0.883 0.934 0.985 1.035 1.084 1.132 1.179 1.226 1.271 1.306 1.313 1.322 1.336 1.352 1.372 1.396 1.423 1.453 1.487 1.524 1.564 1.616 1.705
2.494 2.500 2.509 2.519 2.531 2.545 2.561 2.578 2.597 2.618 2.600 2.467 2.330 2.190 2.047 1.901 1.752 1.600 1.445 1.286 1.125 0.960 0.824 0.804 0.787 0.773 0.761 0.753 0.747 0.743 0.743 0.745 0.751 0.759 0.770 0.785 0.796 0.804 0.808 0.809 0.807 0.801 0.791 0.779 0.762 0.743 0.730 0.781 0.832 0.881 0.930 0.977 1.024 1.070 1.115 1.158 1.201 1.243 1.282 1.301 1.322 1.348 1.376 1.408 1.443 1.482 1.524 1.570 1.619 1.671 1.729 1.833
2.696 2.709 2.723 2.783 2.863 2.917 2.946 2.949 2.927 2.880 2.800 2.656 2.508 2.357 2.204 2.047 1.887 1.723 1.557 1.388 1.216 1.040 0.873 0.863 0.855 0.851 0.849 0.850 0.854 0.861 0.870 0.882 0.897 0.915 0.935 0.938 0.937 0.933 0.925 0.914 0.899 0.881 0.860 0.835 0.807 0.775 0.740 0.787 0.834 0.881 0.926 0.970 1.014 1.056 1.098 1.138 1.178 1.217 1.255 1.285 1.319 1.356 1.397 1.440 1.488 1.538 1.592 1.666 1.753 1.842 1.932 2.053
3.488 3.554 3.595 3.610 3.600 3.564 3.503 3.417 3.305 3.168 3.005 2.848 2.690 2.528 2.363 2.195 2.024 1.850 1.673 1.493 1.309 1.123 0.933 0.918 0.921 0.926 0.934 0.945 0.958 0.975 0.994 1.016 1.041 1.068 1.099 1.094 1.081 1.064 1.045 1.022 0.995 0.965 0.931 0.894 0.854 0.810 0.763 0.794 0.838 0.881 0.923 0.964 1.004 1.044 1.082 1.119 1.156 1.191 1.226 1.267 1.338 1.421 1.505 1.590 1.677 1.765 1.854 1.945 2.037 2.130 2.224 2.329
4.611 4.587 4.538 4.464 4.364 4.238 4.088 3.911 3.710 3.483 3.230 3.044 2.874 2.701 2.526 2.347 2.165 1.980 1.792 1.601 1.406 1.209 1.008 0.970 0.983 0.998 1.016 1.036 1.060 1.086 1.115 1.147 1.181 1.219 1.259 1.253 1.228 1.200 1.168 1.133 1.094 1.052 1.006 0.957 0.905 0.849 0.790 0.802 0.843 0.883 0.921 0.959 0.996 1.064 1.138 1.210 1.281 1.350 1.419 1.498 1.585 1.672 1.761 1.850 1.942 2.034 2.128 2.223 2.319 2.416 2.515 2.609
5.761 5.647 5.509 5.344 5.155 4.939 4.699 4.433 4.142 3.825 3.483 3.242 3.062 2.878 2.691 2.502 2.309 2.113 1.914 1.712 1.506 1.298 1.087 1.020 1.042 1.067 1.094 1.125 1.158 1.194 1.233 1.274 1.319 1.366 1.416 1.416 1.379 1.338 1.294 1.247 1.196 1.142 1.085 1.024 0.959 0.892 0.862 0.889 0.965 1.039 1.113 1.186 1.257 1.327 1.396 1.464 1.531 1.597 1.661 1.739 1.830 1.922 2.015 2.109 2.204 2.301 2.399 2.499 2.599 2.701 2.804 2.893
6.937 6.734 6.505 6.251 5.972 5.667 5.337 4.982 4.601 4.194 3.763 3.444 3.252 3.058 2.860 2.659 2.456 2.249 2.039 1.826 1.610 1.391 1.168 1.066 1.098 1.132 1.170 1.210 1.253 1.299 1.347 1.399 1.453 1.510 1.569 1.582 1.533 1.480 1.437 1.459 1.466 1.459 1.436 1.399 1.347 1.280 1.198 1.176 1.248 1.319 1.389 1.457 1.525 1.591 1.656 1.720 1.783 1.844 1.905 1.979 2.073 2.170 2.267 2.366 2.466 2.567 2.669 2.773 2.878 2.984 3.092 3.181
8.140 7.847 7.529 7.185 6.816 6.422 6.002 5.557 5.087 4.591 4.070 3.648 3.446 3.241 3.032 2.820 2.606 2.388 2.167 1.943 1.716 1.486 1.253 1.109 1.151 1.195 1.242 1.292 1.345 1.401 1.459 1.571 1.782 1.962 2.113 2.206 2.221 2.220 2.205 2.175 2.130 2.070 1.995 1.906 1.801 1.682 1.548 1.465 1.533 1.600 1.665 1.730 1.793 1.855 1.916 1.976 2.035 2.092 2.149 2.216 2.316 2.416 2.518 2.621 2.725 2.831 2.938 3.046 3.155 3.266 3.378 3.473
9.369 8.986 8.578 8.145 7.687 7.203 6.694 6.159 5.600 5.014 4.404 3.856 3.643 3.427 3.207 2.985 2.759 2.530 2.299 2.064 1.826 1.585 1.341 1.149 1.334 1.650 1.935 2.190 2.416 2.611 2.776 2.911 3.016 3.090 3.135 3.145 3.107 3.054 2.987 2.904 2.807 2.695 2.569 2.427 2.271 2.099 1.913 1.754 1.818 1.881 1.942 2.003 2.062 2.120 2.177 2.233 2.288 2.341 2.394 2.452 2.556 2.661 2.767 2.875 2.983 3.093 3.205 3.317 3.431 3.546 3.662 3.769
10.624 10.152 9.655 9.132 8.584 8.011 7.413 6.789 6.140 5.465 4.765 4.067 3.843 3.616 3.385 3.152 2.915 2.789 2.758 2.767 2.815 2.904 3.033 3.204 3.443 3.653 3.833 3.982 4.101 4.191 4.250 4.280 4.279 4.248 4.187 4.097 4.007 3.902 3.783 3.648 3.499 3.335 3.156 2.962 2.754 2.531 2.292 2.044 2.104 2.163 2.220 2.277 2.332 2.386 2.439 2.491 2.542 2.591 2.639 2.687 2.795 2.904 3.015 3.127 3.240 3.354 3.470 3.587 3.705 3.824 3.945 4.067
11.905 11.344 10.757 10.145 9.508 8.846 8.158 7.445 6.706 5.943 5.164 4.418 4.231 4.141 4.090 4.079 4.108 4.177 4.286 4.435 4.623 4.851 5.120 5.427 5.581 5.685 5.759 5.802 5.816 5.800 5.754 5.677 5.571 5.435 5.268 5.072 4.921 4.764 4.592 4.406 4.205 3.989 3.758 3.512 3.252 2.976 2.686 2.381 2.391 2.446 2.499 2.551 2.603 2.653 2.702 2.749 2.796 2.841 2.886 2.929 3.032 3.146 3.261 3.377 3.495 3.613 3.734 3.855 3.977 4.101 4.226 4.353
13.213 12.562 11.887 10.977 10.104 9.267 8.467 7.703 6.976 6.285 5.631 5.014 4.877 4.926 5.016 5.144 5.313 5.522 5.770 6.058 6.386 6.754 7.161 7.609 7.747 7.745 7.713 7.652 7.560 7.438 7.286 7.104 6.893 6.651 6.379 6.077 5.849 5.640 5.416 5.178 4.925 4.656 4.374 4.076 3.763 3.436 3.094 2.737 2.678 2.729 2.778 2.827 2.874 2.920 2.965 3.009 3.051 3.093 3.133 3.172 3.268 3.386 3.505 3.626 3.748 3.871 3.996 4.138 4.285 4.402 4.488 4.543
12.961 12.107 11.288 10.507 9.762 9.053 8.381 7.746 7.147 6.585 6.059 5.570 5.479 5.668 5.897 6.165 6.474 6.822 7.209 7.637 8.104 8.611 9.158 9.745 9.941 9.834 9.697 9.529 9.332 9.105 8.848 8.560 8.243 7.896 7.519 7.112 6.791 6.530 6.254 5.964 5.658 5.338 5.004 4.654 4.290 3.910 3.517 3.108 2.966 3.013 3.059 3.103 3.146 3.188 3.229 3.269 3.307 3.345 3.381 3.416 3.581 3.836 4.061 4.255 4.418 4.550 4.652 4.723 4.763 4.773 4.751 4.700
12.067 11.340 10.650 9.997 9.380 8.800 8.256 7.749 7.278 6.844 6.447 6.085 6.038 6.366 6.734 7.142 7.590 8.077 8.604 9.171 9.778 10.424 11.110 11.836 12.164 11.951 11.709 11.436 11.133 10.801 10.438 10.046 9.623 9.171 8.688 8.176 7.747 7.434 7.106 6.764 6.406 6.035 5.648 5.246 4.830 4.399 3.953 3.493 3.255 3.298 3.339 3.380 3.419 3.602 3.855 4.087 4.297 4.485 4.652 4.798 4.946 5.093 5.211 5.297 5.353 5.378 5.373 5.336 5.269 5.172 5.044 4.884
11.133 10.535 9.973 9.448 8.959 8.507 8.092 7.713 7.370 7.064 6.794 6.561 6.553 7.020 7.528 8.075 8.662 9.289 9.955 10.661 11.407 12.193 13.018 13.883 14.416 14.097 13.749 13.371 12.963 12.525 12.058 11.560 11.032 10.475 9.887 9.270 8.716 8.351 7.972 7.578 7.169 6.745 6.306 5.853 5.385 4.902 4.580 4.358 4.328 4.614 4.877 5.120 5.340 5.540 5.717 5.874 6.008 6.121 6.213 6.283 6.338 6.379 6.389 6.368 6.317 6.235 6.122 5.978 5.804 5.600 5.364 5.098
10.160 9.690 9.257 8.860 8.499 8.175 7.888 7.637 7.422 7.244 7.102 6.997 7.024 7.631 8.278 8.964 9.690 10.456 11.262 12.107 12.992 13.916 14.880 15.884 16.695 16.272 15.818 15.335 14.822 14.279 13.706 13.103 12.470 11.808 11.115 10.392 9.700 9.283 8.852 8.411 8.016 7.671 7.374 7.127 6.929 6.779 6.679 6.628 6.662 6.872 7.060 7.227 7.372 7.496 7.598 7.679 7.738 7.776 7.793 7.788 7.759 7.692 7.595 7.467 7.308 7.119 6.899 6.649 6.368 6.056 5.714 5.341
9.145 8.807 8.502 8.233 8.000 7.804 7.644 7.521 7.434 7.384 7.370 7.393 7.452 8.198 8.984 9.809 10.674 11.579 12.524 13.508 14.532 15.595 16.698 17.841 19.003 18.475 17.916 17.328 16.709 16.061 15.383 14.671 13.766 12.868 11.976 11.091 10.225 9.855 9.533 9.261 9.037 8.863 8.738 8.661 8.634 8.656 8.727 8.847 9.014 9.148 9.261 9.352 9.422 9.471 9.498 9.503 9.487 9.450 9.391 9.311 9.207 9.033 8.829 8.594 8.328 8.032 7.705 7.348 6.960 6.541 6.092 5.612
8.086 7.885 7.708 7.567 7.462 7.394 7.362 7.366 7.407 7.485 7.598 7.749 7.935 8.721 9.646 10.611 11.615 12.659 13.742 14.865 16.028 17.230 18.472 19.753 21.024 20.358 19.435 18.519 17.610 16.708 15.812 14.924 14.042 13.168 12.300 11.439 10.586 10.311 10.161 10.059 10.007 10.004 10.049 10.144 10.288 10.481 10.722 11.013 11.353 11.443 11.480 11.496 11.491 11.464 11.416 11.346 11.255 11.143 11.008 10.853 10.676 10.402 10.091 9.749 9.376 8.973 8.539 8.075 7.580 7.055 6.498 5.912
7.067 6.925 6.875 6.862 6.885 6.944 7.040 7.172 7.341 7.546 7.787 8.065 8.379 9.201 10.265 11.368 12.511 13.699 14.880 16.008 17.085 18.110 19.083 20.004 20.874 20.460 19.561 18.669 17.783 16.905 16.034 15.169 14.312 13.461 12.617 11.780 10.950 10.717 10.738 10.807 10.926 11.094 11.310 11.576 11.890 12.254 12.666 13.127 13.638 13.756 13.718 13.659 13.578 13.476 13.353 13.208 13.041 12.854 12.644 12.414 12.162 11.799 11.381 10.932 10.452 9.942 9.402 8.831 8.229 7.597 6.934 6.240
6.088 5.925 6.003 6.117 6.268 6.455 6.679 6.939 7.235 7.567 8.155 8.887 9.464 10.357 11.563 12.717 13.820 14.871 15.870 16.818 17.713 18.557 19.349 20.090 20.778 20.555 19.679 18.811 17.950 17.095 16.248 15.407 14.573 13.747 12.927 12.114 11.307 11.072 11.264 11.505 11.794 12.132 12.520 12.956 13.441 13.975 14.558 15.190 15.871 16.087 15.974 15.839 15.684 15.507 15.308 15.088 14.846 14.584 14.299 13.994 13.666 13.224 12.698 12.143 11.557 10.940 10.292 9.615 8.906 8.167 7.398 6.598
5.147 4.887 5.093 6.058 7.335 8.457 9.422 10.231 10.885 11.383 11.725 11.910 11.940 12.306 13.331 14.305 15.226 16.096 16.914 17.681 18.395 19.058 19.669 20.229 20.737 20.642 19.791 18.947 18.109 17.278 16.455 15.638 14.828 14.025 13.229 12.440 11.657 11.377 11.740 12.151 12.611 13.120 13.678 14.285 14.941 15.645 16.399 17.201 18.053 18.436 18.248 18.038 17.808 17.555 17.282 16.987 16.670 16.332 15.973 15.592 15.190 14.676 14.044 13.382 12.689 11.965 11.211 10.427 9.572 8.657 7.757 6.873
10.544 11.690 12.732 13.618 14.348 14.922 15.341 15.604 15.711 15.662 15.458 15.097 14.581 14.308 15.152 15.944 16.685 17.374 18.011 18.597 19.131 19.613 20.043 20.422 20.749 20.723 19.895 19.075 18.261 17.454 16.655 15.862 15.075 14.296 13.524 12.758 12.000 11.632 12.165 12.747 13.378 14.057 14.786 15.563 16.389 17.264 18.188 19.161 20.182 20.803 20.540 20.256 19.950 19.623 19.274 18.904 18.512 18.100 17.665 17.210 16.733 16.028 15.057 14.102 13.163 12.239 11.331 10.439 9.562 8.701 7.855 7.025
18.933 20.504 20.998 21.338 21.521 21.549 21.422 21.138 20.699 20.105 19.354 18.448 17.387 16.363 17.026 17.637 18.197 18.705 19.162 19.567 19.920 20.221 20.471 20.670 20.816 20.796 19.993 19.196 18.406 17.623 16.847 16.078 15.316 14.560 13.812 13.070 12.335 11.836 12.540 13.292 14.093 14.943 15.842 16.790 17.786 18.832 19.926 21.069 22.260 23.189 22.851 22.492 22.111 21.708 21.053 20.241 19.443 18.659 17.890 17.136 16.396 15.623 14.707 13.806 12.921 12.052 11.198 10.360 9.537 8.730 7.939 7.163
