DATA/SHG/ECMWF/20170628/EN-20/20170708.en-20.asc
ncols        190
nrows        64
xllcorner    -5100000.000000000000
yllcorner    4130000.000000000000
cellsize     10000.000000000000
NODATA_value  -99999.000
[rows 0 to 32 of 64, columns 74 to 147 of 190]
1.694 1.689 1.682 1.671 1.658 1.642 1.623 1.691 1.995 2.320 2.649 2.982 3.321 3.664 4.012 4.364 4.721 5.083 5.450 5.787 5.999 6.197 6.387 6.569 6.743 6.911 7.070 7.222 7.367 7.504 7.633 7.770 7.956 8.146 8.340 8.538 8.740 8.946 9.157 9.371 9.589 9.811 10.038 10.254 10.434 10.626 10.828 11.041 11.265 11.500 11.746 12.003 12.271 12.550 12.840 13.041 12.944 12.833 12.708 12.569 12.416 12.249 12.068 11.873 11.664 11.440 11.203 11.177 11.786 12.409 13.047 13.698 14.365 15.045
1.788 1.784 1.788 1.800 1.820 1.847 1.881 1.974 2.310 2.651 2.996 3.347 3.701 4.061 4.425 4.794 5.168 5.546 5.929 6.296 6.475 6.638 6.794 6.943 7.084 7.217 7.343 7.462 7.572 7.676 7.771 7.873 8.077 8.285 8.497 8.713 8.934 9.158 9.386 9.619 9.855 10.096 10.340 10.586 10.815 11.055 11.306 11.568 11.841 12.125 12.420 12.726 13.043 13.370 13.709 13.988 13.829 13.655 13.467 13.265 13.049 12.819 12.575 12.318 12.046 11.760 11.459 11.295 11.968 12.655 13.356 14.072 14.802 15.546
1.935 1.959 1.989 2.027 2.073 2.126 2.186 2.267 2.620 2.977 3.339 3.706 4.077 4.453 4.834 5.219 5.609 6.004 6.404 6.808 6.958 7.088 7.210 7.325 7.432 7.532 7.624 7.709 7.786 7.856 7.918 7.972 8.193 8.419 8.650 8.884 9.122 9.365 9.611 9.862 10.117 10.375 10.638 10.905 11.183 11.472 11.772 12.083 12.405 12.738 13.081 13.436 13.802 14.178 14.566 14.949 14.726 14.489 14.239 13.974 13.696 13.403 13.096 12.776 12.441 12.092 11.730 11.405 12.131 12.842 13.536 14.215 14.877 15.524
2.077 2.126 2.183 2.247 2.319 2.398 2.484 2.578 2.925 3.298 3.677 4.060 4.448 4.840 5.237 5.639 6.046 6.457 6.873 7.294 7.449 7.545 7.634 7.715 7.788 7.854 7.913 7.964 8.007 8.043 8.072 8.093 8.304 8.549 8.797 9.050 9.306 9.567 9.832 10.101 10.373 10.650 10.931 11.216 11.539 11.877 12.226 12.585 12.956 13.338 13.730 14.134 14.548 14.973 15.409 15.856 15.637 15.337 14.953 14.513 14.092 13.690 13.308 12.945 12.601 12.277 11.972 11.686 12.276 12.916 13.539 14.147 14.739 15.314
2.212 2.287 2.370 2.460 2.557 2.662 2.774 2.894 3.225 3.615 4.010 4.409 4.814 5.222 5.636 6.054 6.477 6.905 7.337 7.774 7.948 8.010 8.065 8.113 8.153 8.185 8.210 8.227 8.237 8.239 8.234 8.221 8.411 8.674 8.940 9.211 9.486 9.765 10.047 10.334 10.625 10.920 11.219 11.522 11.883 12.269 12.667 13.076 13.495 13.854 14.151 14.441 14.723 14.998 15.266 15.527 15.252 14.860 14.486 14.132 13.797 13.481 13.185 12.908 12.650 12.412 12.193 11.993 12.437 13.005 13.558 14.095 14.615 15.120
2.339 2.440 2.549 2.665 2.788 2.919 3.057 3.203 3.520 3.927 4.338 4.754 5.174 5.600 6.030 6.464 6.904 7.348 7.797 8.250 8.454 8.483 8.504 8.518 8.525 8.523 8.515 8.498 8.475 8.443 8.404 8.358 8.513 8.794 9.079 9.368 9.660 9.957 10.258 10.563 10.835 11.079 11.318 11.552 11.833 12.135 12.429 12.715 12.994 13.266 13.531 13.788 14.038 14.280 14.516 14.743 14.594 14.287 14.000 13.732 13.483 13.253 13.043 12.852 12.680 12.527 12.394 12.280 12.613 13.111 13.592 14.058 14.508 14.942
2.459 2.586 2.721 2.863 3.012 3.169 3.333 3.505 3.810 4.233 4.661 5.093 5.530 5.972 6.419 6.870 7.325 7.786 8.251 8.721 8.969 8.964 8.952 8.932 8.904 8.870 8.827 8.777 8.720 8.655 8.583 8.488 8.571 8.833 9.090 9.342 9.589 9.831 10.068 10.299 10.526 10.747 10.963 11.174 11.418 11.686 11.948 12.202 12.448 12.688 12.920 13.144 13.361 13.571 13.774 13.969 13.917 13.696 13.495 13.312 13.149 13.006 12.881 12.776 12.690 12.623 12.576 12.548 12.804 13.231 13.642 14.038 14.417 14.780
2.572 2.725 2.886 3.054 3.229 3.412 3.602 3.799 4.096 4.535 4.979 5.428 5.882 6.340 6.802 7.270 7.742 8.219 8.700 9.186 9.491 9.452 9.372 9.275 9.177 9.076 8.973 8.867 8.760 8.651 8.540 8.426 8.449 8.689 8.923 9.152 9.377 9.596 9.810 10.018 10.222 10.421 10.614 10.803 11.011 11.247 11.475 11.697 11.911 12.117 12.317 12.509 12.693 12.870 13.040 13.203 13.221 13.086 12.970 12.874 12.797 12.739 12.700 12.681 12.681 12.700 12.738 12.796 13.012 13.368 13.708 14.032 14.341 14.633
2.678 2.857 3.044 3.237 3.439 3.647 3.863 4.086 4.377 4.832 5.293 5.758 6.228 6.702 7.180 7.645 8.092 8.522 8.935 9.330 9.603 9.501 9.397 9.291 9.182 9.072 8.960 8.845 8.729 8.610 8.490 8.367 8.333 8.550 8.762 8.968 9.170 9.366 9.557 9.744 9.924 10.100 10.271 10.437 10.612 10.816 11.012 11.200 11.382 11.556 11.722 11.882 12.034 12.178 12.315 12.445 12.506 12.457 12.427 12.417 12.425 12.453 12.500 12.566 12.652 12.757 12.881 13.024 13.234 13.520 13.789 14.043 14.281 14.503
2.777 2.982 3.194 3.414 3.641 3.875 4.117 4.385 4.733 5.240 5.731 6.204 6.660 7.099 7.521 7.925 8.312 8.682 9.035 9.371 9.648 9.537 9.423 9.308 9.190 9.071 8.949 8.826 8.700 8.572 8.442 8.310 8.223 8.417 8.606 8.790 8.969 9.143 9.311 9.474 9.633 9.786 9.934 10.077 10.222 10.393 10.556 10.712 10.861 11.002 11.136 11.263 11.382 11.495 11.599 11.697 11.773 11.809 11.865 11.940 12.034 12.148 12.281 12.433 12.604 12.794 13.004 13.232 13.473 13.687 13.886 14.069 14.237 14.388
2.883 3.150 3.432 3.730 4.043 4.371 4.715 5.073 5.448 5.895 6.326 6.739 7.135 7.514 7.876 8.220 8.548 8.858 9.151 9.427 9.687 9.575 9.452 9.328 9.201 9.072 8.941 8.808 8.673 8.536 8.397 8.256 8.119 8.290 8.457 8.618 8.774 8.925 9.070 9.211 9.347 9.477 9.603 9.723 9.840 9.978 10.109 10.232 10.349 10.457 10.559 10.653 10.740 10.819 10.892 10.957 11.020 11.143 11.284 11.445 11.625 11.824 12.042 12.279 12.536 12.812 13.107 13.422 13.726 13.870 13.999 14.111 14.208 14.289
3.184 3.505 3.840 4.191 4.557 4.938 5.335 5.746 6.173 6.565 6.936 7.289 7.625 7.944 8.246 8.531 8.799 9.049 9.282 9.499 9.698 9.615 9.484 9.350 9.214 9.076 8.935 8.793 8.649 8.503 8.354 8.204 8.051 8.169 8.313 8.451 8.584 8.713 8.836 8.954 9.067 9.174 9.277 9.375 9.467 9.572 9.670 9.761 9.845 9.921 9.990 10.052 10.106 10.153 10.193 10.225 10.250 10.457 10.684 10.930 11.196 11.480 11.784 12.107 12.449 12.811 13.191 13.565 13.905 13.981 14.094 14.244 14.430 14.652
3.471 3.844 4.233 4.637 5.056 5.490 5.939 6.404 6.884 7.250 7.560 7.854 8.130 8.389 8.632 8.856 9.064 9.255 9.429 9.585 9.724 9.658 9.517 9.374 9.229 9.081 8.932 8.781 8.627 8.472 8.314 8.154 7.992 8.054 8.174 8.290 8.401 8.506 8.607 8.702 8.792 8.877 8.957 9.032 9.102 9.174 9.240 9.298 9.349 9.393 9.429 9.459 9.480 9.495 9.502 9.502 9.495 9.753 10.070 10.402 10.738 11.078 11.424 11.774 12.128 12.488 12.851 13.220 13.593 13.842 14.117 14.428 14.776 15.161
3.743 4.169 4.611 5.068 5.540 6.027 6.529 7.047 7.580 7.949 8.200 8.433 8.650 8.849 9.032 9.197 9.345 9.476 9.590 9.687 9.766 9.704 9.553 9.401 9.246 9.090 8.931 8.770 8.608 8.443 8.276 8.107 7.936 7.944 8.042 8.135 8.223 8.306 8.384 8.456 8.524 8.586 8.644 8.696 8.743 8.784 8.817 8.843 8.862 8.913 8.987 9.038 9.065 9.069 9.050 9.008 8.943 9.187 9.535 9.887 10.244 10.605 10.971 11.342 11.717 12.097 12.482 12.871 13.264 13.667 14.104 14.577 15.087 15.633
4.000 4.480 4.974 5.484 6.009 6.549 7.104 7.675 8.260 8.663 8.854 9.028 9.184 9.324 9.447 9.552 9.641 9.712 9.767 9.804 9.823 9.751 9.591 9.430 9.266 9.100 8.932 8.762 8.590 8.416 8.240 8.062 7.882 7.840 7.915 7.986 8.051 8.111 8.166 8.216 8.321 8.479 8.633 8.782 8.927 9.033 9.096 9.137 9.154 9.147 9.118 9.065 8.989 8.890 8.768 8.623 8.454 8.627 8.995 9.368 9.746 10.128 10.514 10.906 11.302 11.702 12.107 12.517 12.931 13.455 14.054 14.689 15.360 16.068
4.243 4.775 5.323 5.886 6.463 7.056 7.664 8.288 8.926 9.391 9.522 9.637 9.734 9.814 9.877 9.923 9.952 9.963 9.958 9.936 9.895 9.801 9.632 9.461 9.288 9.113 8.936 8.757 8.576 8.392 8.207 8.069 7.995 8.034 8.204 8.369 8.529 8.686 8.837 8.984 9.127 9.265 9.398 9.527 9.652 9.705 9.665 9.602 9.515 9.406 9.273 9.117 8.938 8.736 8.510 8.262 7.990 8.063 8.452 8.845 9.244 9.646 10.054 10.466 10.882 11.303 11.729 12.159 12.594 13.208 13.968 14.765 15.598 16.467
4.471 5.056 5.657 6.272 6.903 7.549 8.210 8.886 9.577 10.134 10.206 10.261 10.298 10.319 10.322 10.308 10.277 10.230 10.165 10.083 9.982 9.853 9.657 9.467 9.302 9.163 9.049 8.960 8.897 8.859 8.847 8.860 8.898 8.985 9.134 9.279 9.420 9.556 9.687 9.814 9.936 10.054 10.168 10.277 10.381 10.400 10.257 10.091 9.901 9.688 9.452 9.193 8.911 8.606 8.277 7.925 7.550 7.495 7.904 8.318 8.737 9.161 9.589 10.021 10.458 10.900 11.346 11.797 12.253 12.925 13.847 14.805 15.799 16.830
4.684 5.322 5.976 6.644 7.327 8.026 8.740 9.469 10.213 10.892 10.904 10.899 10.877 10.838 10.774 10.597 10.417 10.235 10.051 9.863 9.679 9.505 9.402 9.325 9.274 9.247 9.246 9.270 9.320 9.395 9.495 9.621 9.772 9.939 10.068 10.193 10.314 10.429 10.541 10.647 10.750 10.848 10.941 11.030 11.114 11.119 10.873 10.604 10.311 9.995 9.656 9.294 8.908 8.500 8.068 7.613 7.135 6.923 7.353 7.787 8.227 8.671 9.119 9.573 10.030 10.493 10.960 11.431 11.907 12.606 13.689 14.808 15.964 17.156
4.883 5.574 6.280 7.001 7.737 8.489 9.255 10.018 10.682 11.324 11.169 10.994 10.815 10.635 10.451 10.266 10.077 9.886 9.693 9.497 9.304 9.114 9.120 9.155 9.217 9.303 9.415 9.552 9.714 9.902 10.115 10.353 10.617 10.897 11.006 11.111 11.211 11.307 11.398 11.485 11.567 11.644 11.718 11.786 11.850 11.862 11.513 11.140 10.744 10.325 9.883 9.418 8.930 8.418 7.883 7.326 6.745 6.346 6.797 7.252 7.712 8.177 8.646 9.120 9.598 10.081 10.569 11.061 11.558 12.250 13.495 14.775 16.092 17.446
5.074 5.819 6.542 7.241 7.918 8.571 9.202 9.810 10.395 10.957 10.885 10.701 10.514 10.324 10.132 9.937 9.740 9.540 9.338 9.133 8.931 8.732 8.809 8.957 9.131 9.330 9.555 9.805 10.080 10.380 10.706 11.057 11.433 11.835 11.948 12.032 12.112 12.188 12.259 12.326 12.388 12.445 12.498 12.547 12.591 12.629 12.176 11.701 11.202 10.680 10.135 9.567 8.975 8.361 7.723 7.062 6.379 5.766 6.237 6.713 7.194 7.679 8.169 8.663 9.162 9.665 10.174 10.686 11.204 11.859 13.265 14.707 16.185 17.699
5.445 6.110 6.753 7.373 7.970 8.544 9.095 9.623 10.128 10.610 10.605 10.411 10.215 10.017 9.816 9.612 9.406 9.197 8.986 8.772 8.561 8.353 8.470 8.731 9.018 9.329 9.667 10.029 10.417 10.830 11.268 11.732 12.221 12.735 12.893 12.957 13.017 13.073 13.124 13.170 13.212 13.250 13.283 13.311 13.335 13.355 12.864 12.285 11.683 11.058 10.410 9.739 9.045 8.328 7.587 6.824 6.037 5.227 5.673 6.170 6.671 7.177 7.687 8.202 8.721 9.246 9.774 10.307 10.870 11.495 13.040 14.566 16.073 17.563
5.837 6.422 6.985 7.526 8.043 8.537 9.009 9.457 9.883 10.286 10.326 10.124 9.919 9.712 9.502 9.290 9.075 8.857 8.637 8.414 8.194 7.977 8.103 8.477 8.876 9.300 9.750 10.225 10.725 11.251 11.801 12.377 12.979 13.605 13.841 13.886 13.926 13.961 13.992 14.018 14.040 14.058 14.071 14.079 14.083 14.083 13.575 12.893 12.188 11.461 10.710 9.936 9.139 8.319 7.476 6.609 5.720 4.808 5.106 5.695 6.378 7.038 7.676 8.293 8.887 9.458 10.008 10.536 11.041 11.525 12.922 14.368 15.794 17.203
6.249 6.755 7.239 7.699 8.137 8.552 8.944 9.313 9.659 9.982 10.051 9.840 9.626 9.410 9.191 8.970 8.746 8.519 8.290 8.059 7.830 7.604 7.708 8.194 8.706 9.242 9.805 10.392 11.005 11.643 12.306 12.994 13.708 14.447 14.794 14.818 14.838 14.853 14.864 14.870 14.872 14.870 14.863 14.851 14.835 14.814 14.309 13.525 12.717 11.887 11.027 10.175 9.361 8.585 7.847 7.147 6.485 5.861 6.163 6.770 7.354 7.917 8.457 8.975 9.471 9.945 10.397 10.827 11.235 11.620 12.823 14.187 15.534 16.861
6.682 7.109 7.513 7.894 8.252 8.587 8.900 9.189 9.456 9.700 9.779 9.558 9.336 9.111 8.883 8.653 8.420 8.185 7.947 7.706 7.468 7.234 7.284 7.883 8.507 9.157 9.831 10.531 11.256 12.006 12.782 13.583 14.409 15.260 15.750 15.754 15.754 15.749 15.740 15.726 15.708 15.634 15.465 15.280 15.079 14.863 14.297 13.461 12.664 11.904 11.182 10.498 9.852 9.244 8.674 8.142 7.648 7.192 7.356 7.865 8.352 8.816 9.259 9.679 10.077 10.453 10.808 11.140 11.450 11.738 12.742 14.025 15.291 16.538
7.136 7.483 7.808 8.109 8.388 8.644 8.877 9.087 9.275 9.439 9.509 9.280 9.048 8.814 8.578 8.339 8.097 7.853 7.606 7.357 7.110 6.866 6.833 7.544 8.281 9.043 9.829 10.642 11.479 12.341 13.229 14.142 15.054 15.929 16.485 16.356 16.212 16.051 15.875 15.684 15.476 15.253 15.014 14.759 14.489 14.203 13.741 13.073 12.444 11.852 11.298 10.782 10.304 9.864 9.461 9.097 8.770 8.482 8.570 8.981 9.370 9.737 10.082 10.404 10.705 10.983 11.240 11.474 11.686 11.877 12.678 13.881 15.066 16.233
7.611 7.879 8.124 8.346 8.545 8.722 8.875 9.006 9.115 9.200 9.242 9.004 8.763 8.521 8.275 8.027 7.777 7.524 7.268 7.010 6.754 6.501 6.354 7.200 8.088 8.973 9.855 10.735 11.612 12.486 13.358 14.227 15.093 15.957 16.610 16.411 16.197 15.967 15.721 15.459 15.182 14.889 14.581 14.256 13.916 13.561 13.146 12.646 12.184 11.760 11.374 11.026 10.715 10.443 10.208 10.012 9.853 9.732 9.806 10.119 10.410 10.679 10.926 11.151 11.354 11.534 11.693 11.830 11.945 12.037 12.633 13.756 14.860 15.946
8.106 8.295 8.460 8.603 8.723 8.820 8.895 8.947 8.975 8.982 8.965 8.731 8.481 8.230 7.975 7.720 7.487 7.275 7.082 6.910 6.755 6.616 6.492 7.347 8.223 9.096 9.967 10.835 11.700 12.563 13.423 14.281 15.135 15.988 16.752 16.483 16.199 15.899 15.584 15.253 14.906 14.543 14.165 13.771 13.361 12.936 12.511 12.179 11.885 11.629 11.411 11.230 11.087 10.982 10.915 10.886 10.894 10.941 11.062 11.277 11.470 11.642 11.791 11.918 12.024 12.107 12.168 12.207 12.225 12.220 12.606 13.648 14.671 15.677
8.622 8.732 8.818 8.881 8.922 8.940 8.935 8.908 8.845 8.721 8.591 8.353 8.109 7.886 7.683 7.500 7.337 7.195 7.072 6.970 6.886 6.817 6.765 7.496 8.360 9.222 10.081 10.938 11.792 12.643 13.491 14.337 15.180 16.021 16.859 16.573 16.219 15.849 15.464 15.063 14.647 14.215 13.767 13.303 12.824 12.329 11.838 11.674 11.547 11.458 11.407 11.394 11.419 11.481 11.582 11.720 11.896 12.109 12.338 12.456 12.552 12.626 12.678 12.707 12.715 12.701 12.665 12.606 12.526 12.424 12.596 13.558 14.501 15.426
9.159 9.154 9.055 8.949 8.836 8.716 8.589 8.456 8.315 8.168 8.014 7.834 7.660 7.507 7.374 7.261 7.169 7.096 7.044 7.012 6.999 7.001 7.019 7.648 8.500 9.351 10.198 11.043 11.885 12.725 13.562 14.396 15.228 16.057 16.883 16.679 16.255 15.816 15.361 14.891 14.405 13.903 13.386 12.852 12.304 11.739 11.159 11.129 11.170 11.248 11.365 11.519 11.711 11.941 12.208 12.514 12.857 13.238 13.636 13.657 13.655 13.631 13.585 13.518 13.428 13.316 13.183 13.027 12.849 12.650 12.605 13.486 14.349 15.193
8.914 8.798 8.675 8.545 8.408 8.265 8.114 7.957 7.793 7.622 7.444 7.297 7.194 7.111 7.048 7.005 6.983 6.980 6.998 7.036 7.093 7.166 7.255 7.802 8.643 9.482 10.318 11.151 11.982 12.810 13.635 14.458 15.278 16.095 16.910 16.802 16.309 15.800 15.276 14.736 14.180 13.609 13.022 12.419 11.801 11.167 10.517 10.544 10.753 10.999 11.282 11.604 11.963 12.360 12.795 13.267 13.778 14.326 14.911 14.878 14.779 14.658 14.514 14.349 14.162 13.953 13.722 13.469 13.194 12.897 12.584 13.283 13.991 14.710
8.588 8.448 8.302 8.148 7.988 7.820 7.646 7.465 7.277 7.083 6.881 6.742 6.709 6.696 6.703 6.731 6.778 6.846 6.934 7.042 7.170 7.313 7.473 7.959 8.788 9.615 10.440 11.262 12.081 12.897 13.711 14.522 15.331 16.137 16.940 16.942 16.380 15.802 15.208 14.598 13.973 13.332 12.676 12.004 11.316 10.612 9.893 9.921 10.296 10.710 11.161 11.649 12.176 12.740 13.341 13.981 14.658 15.373 16.126 16.120 15.924 15.657 15.277 14.880 14.465 14.032 13.582 13.115 12.630 12.127 11.607 12.269 13.021 13.784
8.270 8.106 7.935 7.758 7.574 7.383 7.185 6.980 6.769 6.550 6.325 6.170 6.207 6.264 6.341 6.439 6.556 6.694 6.852 7.030 7.228 7.442 7.672 8.118 8.936 9.752 10.565 11.375 12.182 12.987 13.790 14.589 15.386 16.180 16.972 17.100 16.468 15.820 15.157 14.478 13.783 13.073 12.347 11.605 10.848 10.075 9.287 9.259 9.801 10.381 10.999 11.655 12.353 13.067 13.766 14.450 15.119 15.774 16.413 16.311 15.888 15.449 14.991 14.516 14.024 13.514 12.987 12.442 11.880 11.300 10.702 11.246 12.043 12.850
7.957 7.770 7.576 7.375 7.167 6.952 6.731 6.502 6.267 6.025 5.777 5.580 5.687 5.814 5.961 6.128 6.316 6.524 6.751 6.999 7.268 7.553 7.853 8.280 9.087 9.891 10.692 11.491 12.287 13.080 13.871 14.659 15.444 16.227 17.007 17.274 16.572 15.855 15.123 14.374 13.610 12.830 12.035 11.246 10.532 9.847 9.191 9.199 9.922 10.629 11.322 12.000 12.663 13.312 13.945 14.564 15.168 15.758 16.332 16.275 15.775 15.258 14.723 14.171 13.602 13.014 12.410 11.788 11.148 10.491 9.816 10.214 11.055 11.907
