DATA/SHG/ECMWF/20170628/EN-34/20170704.en-34.asc
ncols        190
nrows        64
xllcorner    -5100000.000000000000
yllcorner    4130000.000000000000
cellsize     10000.000000000000
NODATA_value  -99999.000
[rows 0 to 31 of 64, columns 0 to 72 of 190]
5.361 5.852 6.357 6.877 7.411 7.959 8.521 9.098 9.689 10.106 10.458 10.802 11.138 11.465 11.784 12.095 12.398 12.693 12.979 13.149 13.292 13.240 13.094 12.949 12.803 12.657 12.511 12.364 12.218 12.071 11.923 11.776 11.628 11.413 11.156 10.900 10.645 10.391 10.139 9.887 9.636 9.387 9.138 8.891 8.645 8.329 7.956 7.588 7.224 6.864 6.510 6.160 5.815 5.474 5.138 4.807 4.481 4.230 4.077 3.939 3.817 3.711 3.621 3.546 3.487 3.444 3.416 3.404 3.408 3.593 4.055 4.526 5.004
5.661 6.202 6.758 7.328 7.913 8.512 9.125 9.752 10.394 10.850 11.173 11.487 11.593 11.701 11.820 11.948 12.086 12.234 12.391 12.558 12.735 12.742 12.596 12.450 12.303 12.156 12.009 11.862 11.714 11.567 11.419 11.270 11.122 10.924 10.671 10.419 10.168 9.918 9.669 9.421 9.174 8.928 8.684 8.440 8.198 7.910 7.553 7.201 6.853 6.510 6.172 5.839 5.510 5.186 4.866 4.551 4.241 3.998 3.900 3.818 3.751 3.700 3.665 3.645 3.641 3.653 3.680 3.723 3.782 3.957 4.447 4.945 5.450
5.944 6.536 7.143 7.764 8.364 8.820 9.263 9.693 10.109 10.378 10.492 10.616 10.750 10.893 11.046 11.209 11.381 11.564 11.756 11.957 12.169 12.245 12.099 11.951 11.804 11.657 11.509 11.361 11.212 11.064 10.915 10.766 10.617 10.435 10.185 9.937 9.690 9.444 9.199 8.955 8.712 8.470 8.229 7.989 7.751 7.486 7.146 6.810 6.479 6.152 5.831 5.514 5.201 4.893 4.590 4.292 3.998 3.752 3.709 3.682 3.670 3.674 3.694 3.729 3.780 3.847 3.929 4.027 4.297 4.612 5.222 5.798 6.339
5.800 6.263 6.712 7.148 7.571 7.980 8.377 8.760 9.130 9.422 9.571 9.729 9.898 10.075 10.263 10.460 10.667 10.884 11.111 11.347 11.593 11.750 11.602 11.454 11.306 11.158 11.009 10.860 10.711 10.562 10.412 10.263 10.112 9.945 9.700 9.455 9.212 8.969 8.728 8.488 8.249 8.011 7.774 7.538 7.303 7.059 6.735 6.415 6.101 5.790 5.485 5.184 4.888 4.597 4.310 4.028 3.750 3.490 3.502 3.530 3.594 3.910 4.216 4.513 4.801 5.080 5.349 5.608 5.859 6.100 6.583 7.037 7.456
5.207 5.623 6.026 6.416 6.792 7.156 7.506 7.843 8.167 8.457 8.640 8.833 9.036 9.249 9.471 9.703 9.944 10.195 10.456 10.727 11.008 11.255 11.107 10.958 10.809 10.660 10.511 10.361 10.211 10.061 9.911 9.760 9.609 9.455 9.213 8.973 8.733 8.495 8.257 8.021 7.785 7.551 7.318 7.086 6.855 6.625 6.320 6.017 5.718 5.424 5.135 4.851 4.571 4.361 4.378 4.413 4.469 4.543 4.834 5.135 5.427 5.710 5.983 6.247 6.502 6.747 6.983 7.210 7.427 7.635 7.975 8.307 8.604
4.630 4.999 5.356 5.699 6.029 6.347 6.650 6.941 7.219 7.483 7.701 7.928 8.166 8.412 8.669 8.935 9.212 9.497 9.793 10.098 10.413 10.737 10.613 10.463 10.313 10.163 10.013 9.863 9.712 9.561 9.410 9.259 9.107 8.955 8.727 8.490 8.254 8.020 7.786 7.553 7.322 7.092 6.862 6.634 6.407 6.181 5.990 5.938 5.906 5.893 5.899 5.925 5.971 6.035 6.120 6.224 6.347 6.490 6.740 7.008 7.267 7.517 7.757 7.988 8.209 8.422 8.625 8.818 9.003 9.177 9.397 9.608 9.783
4.067 4.391 4.701 4.998 5.282 5.553 5.811 6.055 6.287 6.505 6.752 7.014 7.286 7.567 7.858 8.159 8.469 8.790 9.120 9.459 9.808 10.167 10.119 9.969 9.819 9.668 9.517 9.366 9.214 9.063 8.911 8.759 8.606 8.454 8.240 8.007 7.775 7.544 7.314 7.195 7.166 7.145 7.134 7.133 7.141 7.159 7.166 7.182 7.217 7.273 7.347 7.441 7.555 7.688 7.841 8.013 8.204 8.415 8.652 8.887 9.113 9.329 9.537 9.735 9.923 10.102 10.272 10.433 10.584 10.726 10.850 10.939 10.993
3.520 3.797 4.061 4.312 4.550 4.775 4.986 5.185 5.370 5.542 5.794 6.090 6.397 6.712 7.038 7.373 7.718 8.073 8.437 8.811 9.195 9.588 9.627 9.476 9.325 9.173 9.022 8.870 8.717 8.565 8.412 8.259 8.223 8.239 8.220 8.176 8.141 8.116 8.101 8.095 8.098 8.111 8.133 8.164 8.205 8.256 8.319 8.404 8.508 8.631 8.774 8.936 9.118 9.319 9.540 9.780 10.039 10.319 10.570 10.772 10.965 11.149 11.323 11.488 11.643 11.790 11.927 12.054 12.173 12.282 12.334 12.301 12.234
2.988 3.219 3.437 3.642 3.834 4.012 4.178 4.330 4.469 4.595 4.827 5.158 5.498 5.849 6.209 6.578 6.957 7.346 7.745 8.153 8.571 8.999 9.136 8.984 8.832 8.767 8.725 8.699 8.691 8.699 8.725 8.767 8.827 8.903 8.943 8.932 8.931 8.939 8.956 8.983 9.019 9.065 9.120 9.184 9.258 9.342 9.452 9.605 9.777 9.968 10.179 10.409 10.659 10.928 11.217 11.525 11.853 12.200 12.494 12.663 12.823 12.974 13.115 13.247 13.370 13.483 13.587 13.682 13.767 13.844 13.848 13.694 13.506
2.471 2.656 2.828 2.987 3.132 3.265 3.384 3.491 3.584 3.664 3.851 4.216 4.591 4.975 5.370 5.774 6.187 6.622 7.137 7.651 8.164 8.675 8.985 8.952 8.935 8.935 8.953 8.987 9.038 9.106 9.191 9.293 9.412 9.548 9.656 9.678 9.710 9.751 9.801 9.861 9.930 10.008 10.096 10.194 10.300 10.416 10.564 10.784 11.024 11.284 11.563 11.861 12.179 12.516 12.873 13.249 13.644 14.059 14.425 14.561 14.688 14.806 14.914 15.013 15.103 15.183 15.254 15.316 15.369 15.412 15.393 15.118 14.808
1.970 2.109 2.234 2.347 2.447 2.533 2.606 2.667 2.714 2.748 2.906 3.425 3.943 4.460 4.976 5.491 6.004 6.517 7.028 7.538 8.047 8.555 8.956 8.982 9.025 9.085 9.162 9.256 9.367 9.495 9.639 9.801 9.980 10.175 10.358 10.413 10.478 10.551 10.635 10.727 10.829 10.941 11.061 11.192 11.331 11.480 11.654 11.943 12.251 12.578 12.925 13.292 13.677 14.082 14.507 14.951 15.414 15.897 16.362 16.465 16.559 16.644 16.719 16.786 16.842 16.890 16.928 16.957 16.977 16.987 16.968 16.572 16.142
1.483 1.576 1.656 1.794 1.982 2.154 2.311 2.453 2.579 2.689 2.829 3.344 3.858 4.371 4.883 5.394 5.904 6.413 6.920 7.426 7.931 8.436 8.910 8.995 9.098 9.217 9.354 9.507 9.678 9.865 10.069 10.291 10.529 10.784 11.050 11.138 11.235 11.342 11.458 11.583 11.718 11.862 12.016 12.179 12.351 12.533 12.725 13.080 13.456 13.852 14.266 14.701 15.154 15.627 16.120 16.631 17.163 17.713 18.283 18.375 18.437 18.488 18.531 18.564 18.588 18.603 18.608 18.436 18.136 17.838 17.542 16.910 16.271
1.675 1.854 2.019 2.167 2.300 2.418 2.520 2.607 2.678 2.734 2.774 3.264 3.775 4.284 4.792 5.299 5.805 6.310 6.813 7.316 7.817 8.317 8.817 8.990 9.153 9.332 9.528 9.741 9.971 10.217 10.481 10.762 11.059 11.374 11.705 11.851 11.981 12.121 12.270 12.428 12.596 12.773 12.959 13.155 13.361 13.575 13.799 14.196 14.640 15.104 15.586 16.088 16.610 17.151 17.711 18.290 18.889 19.508 20.146 20.292 20.083 19.776 19.471 19.168 18.868 18.569 18.272 17.978 17.685 17.395 17.106 16.592 16.039
2.228 2.353 2.463 2.557 2.635 2.699 2.746 2.778 2.795 2.796 2.782 3.185 3.692 4.197 4.702 5.205 5.707 6.208 6.708 7.206 7.704 8.200 8.696 8.968 9.189 9.428 9.683 9.956 10.245 10.551 10.875 11.215 11.572 11.946 12.336 12.554 12.717 12.890 13.071 13.262 13.463 13.673 13.892 14.121 14.359 14.606 14.863 15.292 15.803 16.335 16.885 17.455 18.044 18.428 18.763 19.087 19.400 19.702 19.993 19.875 19.573 19.273 18.976 18.680 18.386 18.095 17.805 17.518 17.233 16.950 16.669 16.252 15.784
2.798 2.868 2.923 2.963 2.987 2.995 2.988 2.966 2.928 2.875 2.806 3.108 3.611 4.112 4.613 5.112 5.610 6.108 6.604 7.098 7.592 8.085 8.576 8.927 9.208 9.506 9.821 10.153 10.502 10.867 11.250 11.649 12.066 12.499 12.949 13.247 13.442 13.648 13.862 14.086 14.319 14.562 14.814 15.075 15.346 15.626 15.755 16.023 16.386 16.737 17.078 17.407 17.726 18.033 18.330 18.616 18.891 19.155 19.408 19.356 19.061 18.769 18.478 18.190 17.904 17.620 17.338 17.058 16.780 16.504 16.230 15.890 15.507
3.384 3.400 3.400 3.385 3.355 3.309 3.247 3.170 3.078 2.970 2.847 3.031 3.530 4.028 4.525 5.020 5.515 6.008 6.500 6.991 7.481 7.970 8.458 8.868 9.209 9.567 9.941 10.332 10.740 11.165 11.607 12.066 12.542 13.034 13.543 13.928 14.157 14.395 14.623 14.741 14.863 14.987 15.113 15.242 15.374 15.509 15.646 15.869 16.193 16.506 16.808 17.100 17.380 17.650 17.908 18.156 18.393 18.618 18.833 18.836 18.549 18.263 17.980 17.699 17.420 17.143 16.868 16.596 16.325 16.056 15.790 15.505 15.207
3.986 3.947 3.893 3.824 3.739 3.638 3.522 3.391 3.244 3.082 2.904 2.956 3.451 3.945 4.438 4.930 5.421 5.910 6.399 6.886 7.372 7.857 8.341 8.792 9.192 9.609 10.043 10.493 10.961 11.445 11.946 12.443 12.888 13.323 13.747 14.068 14.188 14.311 14.436 14.564 14.695 14.828 14.964 15.102 15.243 15.387 15.533 15.725 16.011 16.286 16.550 16.803 17.046 17.277 17.498 17.707 17.906 18.094 18.271 18.315 18.034 17.757 17.481 17.207 16.935 16.665 16.398 16.132 15.869 15.608 15.348 15.098 14.885
4.605 4.511 4.403 4.279 4.139 3.984 3.814 3.628 3.427 3.211 2.979 2.882 3.374 3.864 4.353 4.841 5.328 5.813 6.298 6.781 7.264 7.745 8.225 8.698 9.171 9.655 10.128 10.590 11.041 11.481 11.911 12.329 12.736 13.133 13.518 13.852 13.981 14.113 14.248 14.385 14.525 14.667 14.812 14.960 15.110 15.263 15.419 15.592 15.840 16.077 16.303 16.518 16.722 16.916 17.098 17.270 17.430 17.580 17.719 17.792 17.519 17.249 16.980 16.713 16.449 16.187 15.926 15.668 15.412 15.158 14.906 14.669 14.540
5.239 5.091 4.928 4.750 4.556 4.347 4.122 3.882 3.627 3.356 3.069 2.809 3.297 3.783 4.269 4.753 5.236 5.754 6.288 6.817 7.340 7.859 8.373 8.879 9.336 9.782 10.216 10.640 11.053 11.455 11.846 12.226 12.596 12.954 13.302 13.633 13.771 13.913 14.056 14.203 14.352 14.504 14.658 14.815 14.975 15.137 15.302 15.470 15.680 15.879 16.067 16.244 16.410 16.566 16.710 16.844 16.966 17.078 17.179 17.268 17.003 16.739 16.478 16.219 15.961 15.706 15.453 15.202 14.953 14.706 14.462 14.219 14.173
5.890 5.688 5.470 5.238 4.989 4.726 4.447 4.152 3.843 3.517 3.236 2.946 3.409 3.951 4.487 5.019 5.545 6.066 6.583 7.094 7.600 8.100 8.596 9.087 9.512 9.919 10.316 10.702 11.077 11.440 11.793 12.135 12.467 12.787 13.096 13.394 13.559 13.710 13.863 14.019 14.177 14.338 14.501 14.668 14.836 15.008 15.182 15.359 15.531 15.692 15.842 15.981 16.109 16.227 16.333 16.429 16.513 16.587 16.650 16.702 16.485 16.229 15.975 15.723 15.473 15.225 14.979 14.735 14.494 14.254 14.016 13.781 13.784
6.557 6.300 6.029 5.841 5.631 5.398 5.142 4.863 4.560 4.235 3.886 3.515 3.816 4.340 4.859 5.372 5.881 6.384 6.882 7.376 7.864 8.347 8.825 9.297 9.699 10.068 10.427 10.774 11.111 11.437 11.752 12.056 12.349 12.631 12.902 13.162 13.345 13.504 13.667 13.832 13.999 14.170 14.342 14.518 14.696 14.877 15.060 15.246 15.393 15.516 15.628 15.729 15.819 15.899 15.967 16.025 16.072 16.108 16.133 16.147 15.966 15.717 15.470 15.225 14.983 14.742 14.503 14.226 13.884 13.538 13.188 12.836 12.696
7.821 7.599 7.354 7.086 6.794 6.480 6.142 5.781 5.398 4.991 4.561 4.108 4.228 4.734 5.235 5.730 6.221 6.707 7.187 7.662 8.133 8.598 9.058 9.513 9.897 10.229 10.549 10.858 11.157 11.444 11.721 11.987 12.242 12.486 12.719 12.942 13.128 13.297 13.468 13.643 13.819 13.999 14.181 14.365 14.553 14.743 14.935 15.130 15.266 15.351 15.425 15.488 15.541 15.582 15.613 15.632 15.641 15.639 15.627 15.603 15.402 15.070 14.735 14.397 14.056 13.712 13.364 13.014 12.660 12.304 11.944 11.581 11.393
9.333 9.030 8.703 8.353 7.981 7.585 7.166 6.724 6.259 5.771 5.260 4.726 4.644 5.132 5.615 6.093 6.566 7.034 7.497 7.954 8.407 8.854 9.296 9.733 10.107 10.400 10.682 10.953 11.214 11.463 11.702 11.930 12.147 12.353 12.548 12.732 12.908 13.087 13.267 13.451 13.637 13.826 14.017 14.211 14.407 14.606 14.808 15.012 15.150 15.197 15.233 15.258 15.273 15.198 15.075 14.954 14.835 14.717 14.600 14.485 14.268 13.926 13.580 13.231 12.880 12.525 12.167 11.806 11.442 11.075 10.704 10.331 10.093
10.869 10.484 10.076 9.645 9.191 8.714 8.213 7.690 7.144 6.575 5.983 5.367 5.066 5.536 6.001 6.461 6.916 7.366 7.811 8.251 8.685 9.115 9.539 9.959 10.327 10.582 10.826 11.060 11.282 11.493 11.694 11.884 12.063 12.231 12.388 12.534 12.687 12.874 13.064 13.257 13.452 13.650 13.850 14.053 14.259 14.467 14.564 14.618 14.611 14.486 14.363 14.241 14.121 14.002 13.885 13.770 13.656 13.544 13.433 13.324 13.139 12.786 12.429 12.070 11.708 11.342 10.974 10.602 10.228 9.850 9.469 9.086 8.798
12.427 11.961 11.472 10.960 10.424 9.866 9.285 8.681 8.053 7.403 6.729 6.033 5.492 5.944 6.391 6.834 7.271 7.703 8.130 8.552 8.969 9.381 9.787 10.189 10.558 10.775 10.982 11.177 11.361 11.535 11.697 11.849 11.990 12.120 12.239 12.348 12.462 12.659 12.858 12.954 13.031 13.101 13.164 13.221 13.272 13.316 13.355 13.386 13.386 13.267 13.150 13.034 12.919 12.806 12.695 12.586 12.478 12.371 12.267 12.163 12.014 11.650 11.283 10.913 10.541 10.165 9.786 9.404 9.018 8.630 8.239 7.845 7.506
14.007 13.462 12.892 12.298 11.682 11.042 10.380 9.695 8.986 8.255 7.500 6.723 5.922 6.357 6.787 7.211 7.631 8.045 8.454 8.858 9.258 9.652 10.040 10.424 10.801 10.980 11.148 11.305 11.452 11.587 11.712 11.823 11.810 11.792 11.768 11.738 11.706 11.779 11.846 11.906 11.961 12.009 12.050 12.085 12.114 12.137 12.153 12.162 12.162 12.048 11.936 11.826 11.718 11.611 11.505 11.401 11.299 11.199 11.100 11.002 10.893 10.519 10.142 9.761 9.378 8.992 8.602 8.209 7.814 7.415 7.013 6.608 6.219
15.589 14.987 14.335 13.660 12.963 12.243 11.499 10.733 9.943 9.131 8.295 7.437 6.556 6.775 7.187 7.593 7.995 8.392 8.783 9.170 9.551 9.927 10.298 10.665 11.003 11.038 11.039 11.035 11.025 11.009 10.988 10.962 10.929 10.892 10.848 10.799 10.745 10.783 10.828 10.866 10.899 10.925 10.944 10.957 10.964 10.965 10.959 10.946 10.928 10.829 10.723 10.619 10.516 10.415 10.315 10.217 10.121 10.026 9.933 9.841 9.751 9.393 9.005 8.614 8.220 7.823 7.423 7.020 6.614 6.204 5.792 5.377 4.958
17.223 16.534 15.802 15.046 14.268 13.466 12.642 11.794 10.924 10.031 9.114 8.175 7.213 7.197 7.591 7.980 8.364 8.735 9.063 9.355 9.612 9.833 10.019 10.169 10.283 10.299 10.281 10.257 10.228 10.193 10.153 10.107 10.055 9.998 9.936 9.868 9.794 9.795 9.818 9.834 9.844 9.848 9.846 9.837 9.822 9.801 9.773 9.739 9.698 9.610 9.510 9.411 9.314 9.219 9.125 9.033 8.943 8.854 8.766 8.680 8.596 8.271 7.873 7.471 7.067 6.659 6.248 5.835 5.418 4.998 4.576 4.150 3.721
18.908 18.106 17.292 16.455 15.596 14.714 13.808 12.880 11.929 10.954 9.945 8.943 7.975 7.754 8.100 8.410 8.685 8.924 9.127 9.295 9.427 9.524 9.585 9.611 9.601 9.567 9.529 9.486 9.438 9.384 9.324 9.259 9.188 9.112 9.030 8.943 8.850 8.814 8.815 8.810 8.798 8.780 8.756 8.725 8.688 8.644 8.595 8.539 8.476 8.391 8.297 8.204 8.113 8.023 7.935 7.849 7.764 7.681 7.599 7.519 7.441 7.154 6.745 6.333 5.918 5.500 5.079 4.654 4.227 3.797 3.364 2.927 2.488
20.644 19.700 18.806 17.743 16.617 15.526 14.471 13.450 12.465 11.514 10.598 9.718 8.872 8.479 8.700 8.885 9.036 9.150 9.229 9.273 9.281 9.253 9.190 9.091 8.957 8.841 8.784 8.722 8.654 8.581 8.502 8.418 8.328 8.232 8.132 8.025 7.913 7.842 7.821 7.793 7.760 7.720 7.673 7.621 7.562 7.496 7.424 7.346 7.262 7.173 7.084 6.997 6.912 6.828 6.745 6.665 6.586 6.508 6.433 6.358 6.286 6.041 5.621 5.199 4.773 4.345 3.913 3.478 3.149 2.995 2.850 2.715 2.589
21.203 19.613 18.539 17.501 16.498 15.530 14.596 13.698 12.835 12.006 11.213 10.455 9.731 9.240 9.337 9.398 9.424 9.414 9.369 9.288 9.171 9.020 8.832 8.609 8.351 8.122 8.046 7.965 7.878 7.785 7.687 7.584 7.475 7.360 7.240 7.114 6.983 6.877 6.834 6.784 6.729 6.667 6.599 6.524 6.443 6.356 6.262 6.162 6.056 5.954 5.871 5.790 5.710 5.632 5.556 5.481 5.408 5.336 5.266 5.197 5.131 5.045 4.858 4.680 4.511 4.352 4.202 4.062 3.932 3.810 3.699 3.596 3.504
21.311 19.089 18.138 17.222 16.341 15.495 14.684 13.908 13.167 12.461 11.789 11.153 10.552 10.038 10.011 9.948 9.849 9.715 9.546 9.341 9.100 8.824 8.513 8.166 7.783 7.410 7.315 7.214 7.108 6.996 6.879 6.756 6.628 6.494 6.355 6.210 6.060 5.919 5.855 5.783 5.706 5.622 5.532 5.435 5.333 5.223 5.108 4.986 4.858 4.735 4.658 4.582 4.509 4.436 4.518 4.702 4.879 5.049 5.212 5.367 5.516 5.589 5.434 5.289 5.153 5.027 4.910 4.802 4.705 4.616 4.537 4.468 4.408
