DATA/SHG/ECMWF/20170628/EN-34/20170706.en-34.asc
ncols        190
nrows        64
xllcorner    -5100000.000000000000
yllcorner    4130000.000000000000
cellsize     10000.000000000000
NODATA_value  -99999.000
[rows 0 to 32 of 64, columns 75 to 149 of 190]
5.510 6.005 6.521 7.058 7.616 8.195 8.489 8.037 7.565 7.106 6.660 6.225 5.803 5.393 4.996 4.611 4.238 3.877 3.674 3.943 4.195 4.430 4.650 4.854 5.042 5.214 5.371 5.512 5.637 5.747 5.885 6.152 6.407 6.648 6.875 7.089 7.290 7.477 7.651 7.811 7.958 8.091 8.017 7.352 6.709 6.088 5.490 4.915 4.362 3.832 3.324 2.839 2.377 1.937 1.618 1.601 1.586 1.573 1.563 1.554 1.548 1.544 1.542 1.543 1.545 1.550 1.560 1.584 1.611 1.642 1.676 1.713 1.755 1.799 1.848
5.407 5.972 6.514 7.034 7.531 8.005 8.299 7.859 7.431 7.014 6.611 6.219 5.840 5.473 5.119 4.777 4.447 4.129 3.878 4.077 4.258 4.423 4.572 4.706 4.823 4.926 5.012 5.083 5.138 5.177 5.223 5.431 5.625 5.806 5.974 6.128 6.269 6.396 6.510 6.611 6.698 6.771 6.752 6.187 5.645 5.125 4.628 4.153 3.701 3.271 2.864 2.480 2.118 1.778 1.503 1.495 1.490 1.487 1.486 1.488 1.491 1.497 1.505 1.515 1.527 1.542 1.561 1.601 1.643 1.690 1.739 1.793 1.850 1.910 1.974
5.527 6.013 6.476 6.917 7.335 7.731 8.068 7.670 7.285 6.912 6.551 6.202 5.866 5.542 5.231 4.931 4.644 4.370 4.107 4.228 4.339 4.433 4.512 4.576 4.623 4.655 4.671 4.671 4.656 4.625 4.578 4.725 4.859 4.981 5.088 5.183 5.264 5.331 5.386 5.426 5.454 5.468 5.464 5.000 4.558 4.139 3.743 3.369 3.017 2.688 2.381 2.097 1.836 1.597 1.385 1.388 1.392 1.399 1.408 1.419 1.432 1.448 1.465 1.485 1.507 1.531 1.568 1.642 1.719 1.799 1.882 1.969 2.058 2.151 2.247
5.668 6.075 6.460 6.822 7.161 7.478 7.772 7.470 7.128 6.798 6.480 6.174 5.881 5.600 5.331 5.075 4.831 4.599 4.379 4.397 4.437 4.462 4.470 4.463 4.440 4.402 4.348 4.278 4.193 4.091 3.975 4.034 4.109 4.171 4.219 4.253 4.275 4.283 4.277 4.258 4.226 4.180 4.121 3.791 3.450 3.131 2.835 2.562 2.311 2.082 1.876 1.692 1.531 1.392 1.276 1.278 1.292 1.325 1.374 1.422 1.469 1.515 1.561 1.606 1.651 1.694 1.737 1.822 1.913 2.007 2.105 2.205 2.309 2.416 2.526
5.830 6.158 6.464 6.747 7.008 7.246 7.462 7.260 6.960 6.673 6.398 6.135 5.885 5.647 5.421 5.207 5.006 4.817 4.640 4.583 4.553 4.507 4.446 4.369 4.276 4.167 4.043 3.903 3.747 3.576 3.389 3.360 3.375 3.377 3.365 3.340 3.302 3.250 3.185 3.106 3.014 2.909 2.790 2.560 2.319 2.101 1.906 1.732 1.631 1.580 1.533 1.492 1.456 1.425 1.399 1.432 1.479 1.525 1.570 1.615 1.659 1.702 1.745 1.786 1.828 1.868 1.908 1.999 2.104 2.212 2.324 2.439 2.556 2.677 2.802
6.013 6.262 6.489 6.694 6.876 7.035 7.173 7.038 6.782 6.537 6.305 6.085 5.878 5.682 5.499 5.328 5.170 5.023 4.889 4.787 4.687 4.571 4.439 4.292 4.129 3.950 3.756 3.546 3.320 3.079 2.822 2.701 2.656 2.598 2.527 2.442 2.344 2.233 2.108 2.041 2.018 1.994 1.971 1.924 1.870 1.821 1.777 1.738 1.704 1.675 1.651 1.633 1.619 1.611 1.608 1.638 1.681 1.724 1.767 1.808 1.849 1.889 1.929 1.967 2.005 2.042 2.079 2.172 2.291 2.414 2.539 2.668 2.800 2.935 3.074
6.216 6.387 6.535 6.661 6.765 6.846 6.904 6.806 6.592 6.390 6.201 6.024 5.859 5.706 5.566 5.438 5.322 5.219 5.127 5.008 4.838 4.652 4.450 4.233 4.000 3.751 3.486 3.206 2.911 2.599 2.309 2.165 2.143 2.121 2.098 2.076 2.053 2.029 2.006 1.982 1.957 1.933 1.908 1.877 1.846 1.819 1.798 1.782 1.771 1.765 1.764 1.768 1.777 1.792 1.811 1.844 1.885 1.925 1.964 2.002 2.040 2.077 2.113 2.148 2.183 2.217 2.251 2.342 2.476 2.612 2.752 2.895 3.041 3.190 3.342
6.440 6.532 6.602 6.649 6.674 6.677 6.657 6.563 6.391 6.233 6.086 5.952 5.830 5.720 5.622 5.537 5.464 5.403 5.354 5.247 5.006 4.718 4.419 4.127 3.842 3.563 3.292 3.027 2.769 2.517 2.273 2.117 2.094 2.070 2.046 2.022 1.998 1.973 1.948 1.923 1.897 1.872 1.845 1.825 1.816 1.812 1.814 1.820 1.832 1.849 1.871 1.897 1.930 1.967 2.009 2.051 2.089 2.125 2.161 2.196 2.231 2.265 2.298 2.330 2.362 2.393 2.423 2.509 2.656 2.807 2.960 3.117 3.277 3.441 3.607
6.684 6.698 6.689 6.658 6.605 6.529 6.431 6.308 6.180 6.064 5.960 5.869 5.789 5.711 5.594 5.476 5.357 5.237 5.116 4.960 4.678 4.403 4.134 3.872 3.617 3.369 3.128 2.893 2.665 2.444 2.229 2.069 2.045 2.020 1.995 1.969 1.944 1.918 1.891 1.865 1.838 1.811 1.783 1.767 1.781 1.800 1.824 1.854 1.888 1.927 1.972 2.022 2.076 2.136 2.201 2.259 2.293 2.326 2.359 2.391 2.422 2.453 2.483 2.512 2.541 2.568 2.595 2.672 2.833 2.998 3.166 3.337 3.511 3.688 3.868
6.949 6.885 6.798 6.688 6.557 6.402 6.218 6.026 5.912 5.797 5.681 5.564 5.445 5.326 5.205 5.084 4.961 4.837 4.712 4.577 4.325 4.080 3.842 3.610 3.386 3.168 2.956 2.752 2.554 2.363 2.179 2.022 1.996 1.970 1.944 1.917 1.890 1.863 1.835 1.807 1.779 1.750 1.721 1.704 1.741 1.782 1.829 1.881 1.938 2.001 2.068 2.140 2.218 2.300 2.388 2.467 2.498 2.528 2.557 2.586 2.614 2.642 2.669 2.695 2.720 2.745 2.769 2.832 3.007 3.186 3.368 3.553 3.741 3.932 4.127
7.068 6.846 6.631 6.423 6.223 6.030 5.844 5.666 5.548 5.429 5.309 5.188 5.066 4.943 4.818 4.693 4.566 4.438 4.309 4.185 3.966 3.751 3.543 3.342 3.147 2.959 2.778 2.603 2.436 2.275 2.121 1.976 1.948 1.921 1.893 1.865 1.837 1.808 1.779 1.750 1.720 1.690 1.660 1.635 1.695 1.759 1.829 1.904 1.983 2.068 2.158 2.253 2.354 2.459 2.569 2.675 2.703 2.730 2.756 2.782 2.807 2.831 2.855 2.878 2.900 2.921 2.942 2.988 3.178 3.370 3.566 3.765 3.967 4.173 4.381
6.536 6.339 6.149 5.967 5.792 5.624 5.464 5.311 5.186 5.063 4.939 4.814 4.688 4.561 4.433 4.303 4.173 4.041 3.908 3.780 3.600 3.415 3.237 3.065 2.901 2.743 2.592 2.448 2.310 2.179 2.055 1.938 1.901 1.872 1.843 1.813 1.784 1.754 1.723 1.693 1.662 1.631 1.599 1.567 1.644 1.731 1.823 1.921 2.023 2.131 2.243 2.361 2.484 2.612 2.745 2.883 2.908 2.932 2.955 2.978 3.000 3.021 3.041 3.061 3.080 3.098 3.141 3.232 3.500 3.771 4.046 4.326 4.610 4.897 5.189
5.997 5.826 5.662 5.505 5.355 5.213 5.078 4.950 4.825 4.698 4.570 4.442 4.312 4.181 4.049 3.915 3.781 3.646 3.509 3.377 3.226 3.071 2.923 2.782 2.648 2.520 2.399 2.285 2.177 2.076 1.982 1.895 1.853 1.823 1.793 1.762 1.731 1.700 1.668 1.636 1.604 1.572 1.539 1.506 1.587 1.697 1.812 1.932 2.057 2.188 2.323 2.463 2.609 2.759 2.915 3.076 3.114 3.120 3.121 3.141 3.179 3.235 3.309 3.401 3.511 3.639 3.786 3.950 4.228 4.518 4.812 5.109 5.411 5.717 6.028
5.453 5.307 5.168 5.036 4.912 4.795 4.685 4.583 4.465 4.335 4.203 4.071 3.937 3.802 3.666 3.529 3.391 3.252 3.111 2.976 2.846 2.721 2.603 2.492 2.387 2.290 2.199 2.115 2.037 1.966 1.902 1.845 1.807 1.775 1.743 1.711 1.679 1.646 1.613 1.580 1.547 1.513 1.479 1.444 1.525 1.658 1.796 1.938 2.075 2.200 2.322 2.441 2.558 2.673 2.785 2.895 2.957 3.021 3.103 3.204 3.322 3.458 3.613 3.785 3.976 4.185 4.412 4.656 4.952 5.260 5.572 5.888 6.208 6.532 6.860
4.902 4.782 4.668 4.562 4.463 4.371 4.287 4.210 4.107 3.973 3.838 3.701 3.564 3.425 3.285 3.144 3.002 2.859 2.715 2.576 2.458 2.363 2.276 2.194 2.120 2.052 1.992 1.937 1.890 1.849 1.815 1.788 1.760 1.727 1.694 1.661 1.627 1.593 1.559 1.520 1.479 1.438 1.398 1.359 1.418 1.542 1.663 1.781 1.897 2.011 2.122 2.231 2.337 2.441 2.543 2.642 2.760 2.904 3.067 3.247 3.446 3.663 3.898 4.151 4.422 4.711 5.018 5.344 5.670 5.996 6.326 6.661 6.999 7.342 7.688
4.346 4.250 4.162 4.081 4.008 3.941 3.882 3.830 3.751 3.613 3.474 3.333 3.192 3.049 2.906 2.761 2.615 2.468 2.320 2.177 2.063 1.999 1.941 1.890 1.846 1.808 1.777 1.753 1.735 1.725 1.717 1.707 1.683 1.638 1.595 1.553 1.512 1.471 1.432 1.394 1.356 1.320 1.284 1.250 1.287 1.399 1.509 1.617 1.722 1.825 1.926 2.024 2.119 2.212 2.303 2.391 2.544 2.769 3.012 3.273 3.552 3.849 4.164 4.498 4.849 5.219 5.606 6.012 6.384 6.728 7.076 7.429 7.785 8.146 8.511
3.783 3.713 3.650 3.595 3.547 3.505 3.472 3.445 3.396 3.254 3.111 2.967 2.822 2.676 2.528 2.380 2.230 2.079 1.927 1.780 1.662 1.643 1.637 1.630 1.622 1.614 1.604 1.594 1.584 1.572 1.559 1.546 1.524 1.484 1.445 1.408 1.371 1.335 1.300 1.266 1.233 1.201 1.170 1.140 1.158 1.260 1.359 1.456 1.550 1.642 1.732 1.819 1.904 1.986 2.065 2.143 2.310 2.615 2.938 3.280 3.639 4.017 4.412 4.826 5.257 5.707 6.175 6.661 7.092 7.454 7.821 8.191 8.566 8.945 9.328
3.215 3.170 3.133 3.102 3.079 3.063 3.055 3.053 3.043 2.897 2.750 2.602 2.453 2.306 2.198 2.088 1.977 1.863 1.748 1.632 1.527 1.518 1.509 1.498 1.487 1.475 1.462 1.448 1.434 1.419 1.403 1.386 1.365 1.329 1.295 1.261 1.229 1.197 1.167 1.137 1.109 1.081 1.054 1.029 1.032 1.123 1.211 1.297 1.381 1.462 1.541 1.617 1.691 1.762 1.831 1.898 2.057 2.443 2.847 3.268 3.708 4.166 4.641 5.135 5.647 6.177 6.725 7.291 7.795 8.175 8.560 8.949 9.342 9.739 10.140
2.641 2.621 2.609 2.604 2.606 2.615 2.641 2.712 2.785 2.683 2.576 2.467 2.356 2.244 2.129 2.013 1.895 1.776 1.654 1.532 1.410 1.395 1.382 1.368 1.353 1.337 1.321 1.304 1.286 1.267 1.247 1.227 1.205 1.174 1.143 1.114 1.086 1.059 1.033 1.008 0.983 0.960 0.938 0.917 0.909 0.989 1.066 1.142 1.214 1.285 1.353 1.418 1.481 1.542 1.600 1.655 1.787 2.253 2.736 3.238 3.758 4.296 4.852 5.426 6.018 6.628 7.256 7.902 8.493 8.892 9.294 9.702 10.113 10.528 10.947
2.150 2.219 2.289 2.360 2.432 2.505 2.579 2.654 2.730 2.647 2.534 2.419 2.302 2.183 2.062 1.940 1.816 1.690 1.562 1.434 1.306 1.273 1.256 1.239 1.220 1.201 1.181 1.160 1.138 1.116 1.093 1.068 1.044 1.017 0.991 0.966 0.943 0.920 0.898 0.877 0.857 0.838 0.821 0.804 0.788 0.857 0.924 0.989 1.051 1.110 1.167 1.222 1.274 1.324 1.371 1.416 1.498 2.044 2.608 3.190 3.790 4.408 5.044 5.698 6.370 7.060 7.768 8.494 9.186 9.603 10.024 10.449 10.878 11.311 11.749
2.067 2.140 2.213 2.288 2.363 2.440 2.517 2.596 2.675 2.613 2.493 2.372 2.248 2.124 1.997 1.868 1.738 1.606 1.472 1.338 1.203 1.152 1.131 1.110 1.088 1.065 1.042 1.017 0.992 0.966 0.939 0.912 0.883 0.859 0.838 0.818 0.798 0.780 0.762 0.746 0.730 0.716 0.702 0.690 0.678 0.729 0.785 0.838 0.889 0.938 0.985 1.028 1.070 1.109 1.145 1.179 1.211 1.817 2.461 3.123 3.803 4.501 5.217 5.951 6.703 7.473 8.261 9.109 10.005 10.542 11.092 11.654 12.228 12.815 13.414
1.983 2.059 2.136 2.214 2.293 2.373 2.454 2.536 2.619 2.580 2.454 2.327 2.197 2.066 1.933 1.798 1.662 1.524 1.384 1.243 1.102 1.032 1.008 0.983 0.957 0.931 0.904 0.876 0.847 0.817 0.787 0.756 0.724 0.701 0.684 0.668 0.653 0.639 0.626 0.614 0.603 0.593 0.583 0.575 0.568 0.603 0.648 0.691 0.731 0.769 0.805 0.838 0.868 0.896 0.922 0.946 0.966 1.571 2.354 3.232 4.119 5.013 5.914 6.824 7.741 8.665 9.598 10.538 11.486 12.102 12.706 13.322 13.951 14.592 15.246
1.899 1.978 2.059 2.140 2.222 2.306 2.390 2.476 2.562 2.549 2.417 2.283 2.148 2.010 1.871 1.730 1.588 1.443 1.297 1.150 1.003 0.913 0.885 0.857 0.828 0.798 0.767 0.735 0.703 0.670 0.636 0.601 0.565 0.542 0.529 0.518 0.507 0.497 0.489 0.481 0.474 0.468 0.463 0.460 0.457 0.480 0.514 0.546 0.576 0.630 0.740 0.871 1.022 1.194 1.387 1.601 1.835 2.561 3.467 4.379 5.300 6.228 7.164 8.107 9.058 10.017 10.983 11.958 12.939 13.647 14.306 14.977 15.660 16.355 17.063
1.813 1.896 1.980 2.065 2.151 2.238 2.326 2.414 2.504 2.520 2.381 2.241 2.100 1.956 1.811 1.664 1.515 1.365 1.212 1.059 0.906 0.795 0.764 0.732 0.699 0.666 0.631 0.596 0.560 0.523 0.486 0.447 0.408 0.382 0.374 0.366 0.360 0.355 0.350 0.347 0.359 0.389 0.410 0.421 0.423 0.475 0.594 0.734 0.894 1.075 1.277 1.499 1.742 2.006 2.291 2.596 2.922 3.631 4.570 5.517 6.471 7.434 8.403 9.381 10.366 11.359 12.359 13.368 14.383 15.178 15.891 16.616 17.354 18.104 18.866
1.727 1.813 1.901 1.989 2.078 2.169 2.260 2.352 2.446 2.492 2.348 2.201 2.053 1.904 1.752 1.599 1.444 1.288 1.129 0.970 0.810 0.678 0.643 0.608 0.572 0.535 0.497 0.458 0.418 0.378 0.337 0.322 0.355 0.401 0.455 0.500 0.535 0.561 0.578 0.584 0.582 0.570 0.549 0.518 0.477 0.531 0.741 0.973 1.225 1.498 1.791 2.106 2.440 2.796 3.172 3.569 3.987 4.691 5.664 6.645 7.633 8.630 9.634 10.645 11.664 12.691 13.726 14.768 15.818 16.694 17.462 18.241 19.034 19.838 20.655
1.640 1.730 1.820 1.912 2.005 2.099 2.194 2.289 2.386 2.466 2.315 2.163 2.009 1.853 1.696 1.536 1.375 1.212 1.048 0.882 0.716 0.562 0.535 0.530 0.534 0.546 0.566 0.594 0.631 0.676 0.730 0.792 0.862 0.927 0.940 0.942 0.936 0.919 0.894 0.859 0.814 0.761 0.697 0.625 0.542 0.564 0.867 1.190 1.534 1.898 2.284 2.689 3.116 3.563 4.031 4.519 5.028 5.741 6.749 7.764 8.786 9.816 10.854 11.900 12.953 14.014 15.082 16.158 17.242 18.196 19.018 19.852 20.699 21.558 22.429
1.552 1.645 1.739 1.835 1.931 2.028 2.126 2.225 2.326 2.427 2.285 2.126 1.966 1.804 1.640 1.479 1.325 1.177 1.035 0.900 0.769 0.643 0.663 0.695 0.736 0.785 0.842 0.907 0.981 1.063 1.153 1.252 1.359 1.463 1.433 1.394 1.345 1.287 1.220 1.143 1.057 0.961 0.856 0.741 0.617 0.576 0.970 1.385 1.821 2.277 2.753 3.251 3.769 4.308 4.867 5.447 6.048 6.782 7.824 8.873 9.929 10.993 12.065 13.145 14.232 15.327 16.429 17.539 18.657 19.684 20.560 21.449 22.350 23.263 24.188
1.463 1.560 1.658 1.756 1.856 1.957 2.058 2.157 2.241 2.322 2.198 2.033 1.875 1.724 1.579 1.441 1.310 1.185 1.067 0.955 0.847 0.745 0.782 0.851 0.928 1.014 1.108 1.210 1.321 1.440 1.567 1.702 1.846 1.998 1.936 1.855 1.765 1.665 1.556 1.437 1.309 1.171 1.024 0.868 0.702 0.566 1.052 1.558 2.085 2.633 3.201 3.790 4.399 5.030 5.680 6.352 7.044 7.814 8.889 9.972 11.063 12.161 13.267 14.380 15.502 16.630 17.767 18.911 20.062 21.158 22.088 23.031 23.986 24.954 25.933
1.372 1.466 1.558 1.646 1.732 1.814 1.894 1.971 2.045 2.117 2.038 1.897 1.762 1.633 1.512 1.397 1.289 1.187 1.092 1.003 0.919 0.840 0.891 0.997 1.111 1.234 1.365 1.504 1.651 1.807 1.971 2.143 2.324 2.512 2.449 2.326 2.194 2.052 1.901 1.741 1.571 1.391 1.203 1.004 0.797 0.580 1.111 1.709 2.327 2.967 3.626 4.307 5.008 5.729 6.472 7.234 8.018 8.836 9.946 11.063 12.187 13.319 14.459 15.606 16.761 17.924 19.095 20.272 21.458 22.617 23.602 24.599 25.608 26.630 27.664
1.258 1.342 1.424 1.502 1.578 1.651 1.721 1.788 1.853 1.914 1.872 1.754 1.642 1.537 1.439 1.347 1.262 1.184 1.112 1.046 0.985 0.930 0.991 1.134 1.285 1.444 1.612 1.788 1.972 2.164 2.365 2.574 2.791 3.017 2.972 2.807 2.633 2.450 2.257 2.054 1.843 1.621 1.391 1.151 0.901 0.643 1.148 1.838 2.548 3.278 4.029 4.801 5.594 6.407 7.240 8.094 8.969 9.865 10.993 12.143 13.302 14.468 15.642 16.823 18.012 19.209 20.413 21.625 22.844 23.908 24.522 25.112 25.678 26.221 26.740
1.146 1.221 1.292 1.361 1.427 1.490 1.550 1.608 1.662 1.714 1.700 1.605 1.517 1.435 1.359 1.291 1.229 1.174 1.125 1.083 1.046 1.014 1.081 1.261 1.449 1.645 1.849 2.062 2.283 2.512 2.750 2.995 3.250 3.512 3.504 3.298 3.082 2.856 2.622 2.378 2.124 1.861 1.589 1.307 1.016 0.715 1.164 1.945 2.746 3.568 4.410 5.273 6.157 7.061 7.986 8.932 9.898 10.884 12.030 13.215 14.367 15.407 16.393 17.324 18.201 19.024 19.792 20.506 21.165 21.770 22.283 22.770 23.233 23.672 24.088
1.037 1.102 1.164 1.223 1.279 1.332 1.383 1.430 1.475 1.517 1.523 1.451 1.385 1.326 1.274 1.229 1.190 1.158 1.133 1.114 1.100 1.091 1.162 1.379 1.603 1.836 2.077 2.327 2.584 2.850 3.125 3.407 3.698 3.997 4.046 3.798 3.540 3.273 2.996 2.711 2.415 2.111 1.797 1.473 1.140 0.798 1.157 2.029 2.922 3.835 4.769 5.728 6.711 7.698 8.691 9.689 10.693 11.701 12.673 13.582 14.436 15.236 15.982 16.673 17.310 17.893 18.421 18.895 19.314 19.679 20.071 20.454 20.813 21.149 21.462
0.931 0.986 1.038 1.087 1.133 1.177 1.218 1.256 1.291 1.323 1.339 1.290 1.248 1.212 1.183 1.161 1.146 1.137 1.135 1.139 1.148 1.163 1.234 1.487 1.748 2.018 2.296 2.582 2.876 3.179 3.490 3.809 4.137 4.472 4.597 4.307 4.008 3.699 3.381 3.053 2.716 2.370 2.017 1.681 1.363 1.062 1.368 2.347 3.332 4.322 5.317 6.317 7.323 8.335 9.351 10.373 11.400 12.433 13.277 13.946 14.560 15.120 15.626 16.077 16.475 16.817 17.106 17.340 17.519 17.645 17.885 18.164 18.420 18.653 18.862
