DATA/SHG/ECMWF/20170628/EN-34/20170712.en-34.asc
ncols        190
nrows        64
xllcorner    -5100000.000000000000
yllcorner    4130000.000000000000
cellsize     10000.000000000000
NODATA_value  -99999.000
[rows 0 to 32 of 64, columns 74 to 147 of 190]
7.182 7.581 7.984 8.391 8.801 9.215 9.633 9.777 9.239 8.705 8.213 7.764 7.356 6.990 6.666 6.385 6.145 5.947 5.791 5.719 5.766 5.774 5.761 5.727 5.674 5.599 5.505 5.389 5.254 5.098 4.921 4.811 4.973 5.133 5.290 5.444 5.596 5.744 5.890 6.033 6.174 6.311 6.446 6.567 6.645 6.714 6.774 6.824 6.865 6.896 6.918 6.930 6.934 6.927 6.912 6.941 7.123 7.297 7.463 7.621 7.772 7.914 8.049 8.175 8.294 8.405 8.508 8.403 7.743 7.095 6.461 5.841 5.233 4.639
7.304 7.686 8.041 8.374 8.686 8.977 9.245 9.370 8.942 8.555 8.210 7.907 7.646 7.427 7.250 7.115 7.022 6.971 6.961 6.987 6.943 6.859 6.754 6.629 6.483 6.317 6.131 5.924 5.696 5.448 5.180 4.942 5.093 5.240 5.385 5.526 5.665 5.802 5.935 6.066 6.194 6.319 6.441 6.551 6.588 6.615 6.632 6.640 6.639 6.628 6.608 6.579 6.540 6.492 6.434 6.398 6.545 6.684 6.815 6.938 7.053 7.161 7.260 7.352 7.435 7.511 7.579 7.538 6.936 6.348 5.772 5.210 4.661 4.125
7.254 7.555 7.834 8.093 8.329 8.544 8.738 8.888 8.607 8.366 8.168 8.012 7.898 7.825 7.795 7.806 7.860 7.955 8.092 8.271 8.142 7.966 7.769 7.552 7.315 7.057 6.779 6.480 6.161 5.822 5.462 5.081 5.215 5.350 5.482 5.611 5.738 5.862 5.983 6.101 6.217 6.330 6.440 6.546 6.540 6.525 6.501 6.467 6.424 6.371 6.309 6.238 6.157 6.067 5.967 5.864 5.976 6.079 6.175 6.263 6.344 6.416 6.480 6.537 6.586 6.626 6.659 6.716 6.283 5.858 5.442 5.035 4.636 4.245
7.217 7.443 7.648 7.831 7.993 8.133 8.252 8.349 8.233 8.140 8.088 8.079 8.111 8.185 8.301 8.459 8.658 8.900 9.183 9.508 9.362 9.094 8.806 8.497 8.168 7.819 7.449 7.059 6.648 6.217 5.765 5.293 5.340 5.462 5.582 5.699 5.814 5.925 6.034 6.140 6.243 6.343 6.441 6.536 6.503 6.446 6.380 6.304 6.219 6.124 6.020 5.907 5.784 5.652 5.511 5.360 5.415 5.484 5.590 5.735 5.878 6.018 6.157 6.293 6.427 6.559 6.689 6.816 6.458 6.071 5.693 5.323 4.962 4.609
7.201 7.352 7.481 7.590 7.676 7.742 7.786 7.808 7.822 7.875 7.970 8.107 8.286 8.506 8.768 9.072 9.418 9.806 10.235 10.707 10.603 10.244 9.864 9.464 9.043 8.602 8.141 7.659 7.157 6.634 6.091 5.528 5.468 5.578 5.685 5.790 5.892 5.991 6.087 6.181 6.272 6.360 6.445 6.528 6.476 6.377 6.269 6.151 6.024 5.950 5.910 5.848 5.766 5.664 5.541 5.398 5.479 5.619 5.756 5.891 6.024 6.155 6.284 6.411 6.535 6.657 6.777 6.895 6.624 6.275 5.934 5.602 5.279 4.964
7.205 7.281 7.335 7.369 7.380 7.371 7.340 7.288 7.374 7.573 7.814 8.097 8.422 8.789 9.197 9.647 10.139 10.673 11.248 11.866 11.866 11.415 10.944 10.452 9.940 9.407 8.855 8.281 7.688 7.074 6.439 5.784 5.598 5.696 5.791 5.884 5.973 6.060 6.144 6.225 6.404 6.637 6.854 7.055 7.112 7.082 7.032 6.961 6.869 6.757 6.625 6.472 6.299 6.105 5.891 5.656 5.666 5.796 5.924 6.050 6.173 6.294 6.414 6.530 6.645 6.758 6.868 6.976 6.782 6.470 6.167 5.873 5.587 5.310
7.228 7.230 7.209 7.168 7.105 7.020 6.915 6.788 6.887 7.232 7.620 8.049 8.520 9.033 9.587 10.183 10.821 11.501 12.222 12.985 13.150 12.608 12.045 11.462 10.858 10.234 9.590 8.926 8.241 7.535 6.809 6.197 6.097 6.386 6.660 6.917 7.158 7.384 7.593 7.786 7.964 8.125 8.270 8.400 8.398 8.276 8.134 7.972 7.789 7.585 7.361 7.117 6.852 6.566 6.261 5.934 5.856 5.976 6.094 6.210 6.324 6.435 6.545 6.652 6.757 6.860 6.961 7.060 6.931 6.657 6.392 6.135 5.887 5.647
7.272 7.199 7.104 6.987 6.849 6.690 6.510 6.308 6.362 6.854 7.388 7.963 8.580 9.238 9.939 10.681 11.464 12.290 13.157 14.066 14.456 13.822 13.070 12.323 11.631 10.993 10.410 9.882 9.409 8.991 8.627 8.319 8.244 8.462 8.664 8.849 9.019 9.173 9.311 9.432 9.538 9.628 9.702 9.760 9.703 9.490 9.257 9.003 8.728 8.433 8.118 7.782 7.425 7.049 6.651 6.234 6.047 6.158 6.266 6.372 6.477 6.579 6.678 6.776 6.871 6.965 7.056 7.145 7.072 6.835 6.608 6.388 6.178 5.975
7.336 7.188 7.018 6.827 6.614 6.381 6.126 5.849 5.800 6.438 7.117 7.838 8.601 9.405 10.226 10.953 11.667 12.367 13.053 13.725 14.097 13.485 12.928 12.425 11.978 11.585 11.246 10.963 10.734 10.560 10.441 10.377 10.406 10.552 10.682 10.796 10.895 10.977 11.043 11.094 11.128 11.146 11.149 11.135 11.029 10.724 10.399 10.054 9.688 9.301 8.895 8.467 8.020 7.551 7.063 6.554 6.240 6.341 6.440 6.537 6.631 6.724 6.814 6.902 6.987 7.071 7.153 7.232 7.204 7.005 6.815 6.633 6.460 6.295
7.420 7.197 6.952 6.686 6.399 6.091 5.761 5.423 5.258 6.021 6.770 7.506 8.227 8.934 9.627 10.306 10.972 11.623 12.261 12.884 13.404 13.037 12.724 12.466 12.263 12.114 12.020 11.981 11.997 12.067 12.192 12.372 12.582 12.657 12.715 12.758 12.785 12.796 12.791 12.769 12.732 12.680 12.611 12.526 12.374 11.978 11.562 11.125 10.668 10.190 9.692 9.173 8.634 8.075 7.495 6.895 6.436 6.527 6.616 6.703 6.788 6.871 6.951 7.029 7.106 7.180 7.251 7.321 7.327 7.166 7.013 6.869 6.733 6.606
7.509 7.193 6.877 6.559 6.240 5.919 5.598 5.275 4.964 5.678 6.379 7.066 7.739 8.397 9.042 9.673 10.290 10.893 11.482 12.057 12.633 12.527 12.459 12.445 12.486 12.582 12.732 12.937 13.197 13.511 13.880 14.304 14.773 14.776 14.763 14.734 14.690 14.629 14.553 14.460 14.352 14.228 14.087 13.931 13.740 13.253 12.745 12.217 11.668 11.099 10.510 9.900 9.270 8.619 7.948 7.257 6.633 6.714 6.794 6.871 6.946 7.020 7.090 7.159 7.226 7.290 7.352 7.412 7.442 7.318 7.203 7.096 6.998 6.908
7.393 7.073 6.752 6.429 6.106 5.781 5.455 5.128 4.800 5.349 6.001 6.639 7.264 7.874 8.470 9.053 9.622 10.176 10.717 11.244 11.771 11.957 12.133 12.363 12.648 12.988 13.382 13.831 14.334 14.893 15.506 16.173 16.895 16.909 16.825 16.725 16.609 16.477 16.330 16.166 15.986 15.791 15.579 15.352 15.109 14.547 13.948 13.329 12.689 12.029 11.348 10.647 9.926 9.184 8.422 7.639 6.836 6.904 6.974 7.041 7.107 7.171 7.232 7.291 7.348 7.403 7.455 7.488 7.498 7.473 7.532 7.675 7.903 8.216
7.278 6.954 6.628 6.301 5.974 5.645 5.314 4.983 4.650 5.032 5.636 6.226 6.802 7.364 7.912 8.446 8.967 9.473 9.965 10.444 10.922 11.325 11.745 12.219 12.748 13.332 13.970 14.662 15.410 16.212 17.068 17.979 18.945 19.057 18.902 18.731 18.544 18.340 18.121 17.886 17.636 17.369 17.086 16.788 16.473 15.861 15.171 14.460 13.730 12.978 12.207 11.415 10.602 9.769 8.916 8.042 7.149 7.095 7.123 7.117 7.115 7.118 7.126 7.138 7.155 7.176 7.202 7.232 7.266 7.598 8.033 8.553 9.158 9.847
7.164 6.836 6.506 6.175 5.843 5.509 5.175 4.839 4.502 4.729 5.284 5.826 6.353 6.867 7.367 7.853 8.325 8.783 9.227 9.657 10.087 10.633 11.297 12.015 12.787 13.614 14.496 15.432 16.423 17.468 18.568 19.723 20.932 21.220 20.993 20.751 20.492 20.218 19.928 19.622 19.300 18.962 18.608 18.238 17.853 17.195 16.414 15.612 14.791 13.866 12.853 11.847 10.845 9.849 8.859 7.875 6.896 6.672 6.681 6.696 6.714 6.738 6.765 6.797 6.834 6.875 6.921 6.972 7.026 7.640 8.451 9.346 10.327 11.392
7.052 6.719 6.385 6.050 5.713 5.375 5.036 4.696 4.355 4.438 4.945 5.438 5.918 6.383 6.835 7.273 7.696 8.106 8.502 8.884 9.266 9.880 10.787 11.749 12.765 13.835 14.960 16.140 17.374 18.662 20.006 21.403 22.855 23.397 23.099 22.786 22.456 22.111 21.749 21.372 20.814 20.111 19.437 18.790 18.171 17.325 16.315 15.311 14.311 13.318 12.330 11.348 10.371 9.400 8.435 7.475 6.520 6.206 6.236 6.270 6.309 6.352 6.400 6.453 6.510 6.571 6.637 6.707 6.782 7.596 8.783 10.055 11.410 12.851
6.941 6.604 6.266 5.926 5.585 5.243 4.900 4.555 4.209 4.161 4.619 5.064 5.496 5.913 6.316 6.706 7.081 7.443 7.791 8.125 8.458 9.067 10.217 11.422 12.681 13.995 15.363 16.786 18.263 19.794 21.381 22.796 24.002 24.368 23.594 22.848 22.131 21.441 20.779 20.144 19.538 18.960 18.409 17.887 17.392 16.674 15.688 14.708 13.734 12.765 11.802 10.844 9.892 8.946 8.005 7.070 6.140 5.737 5.787 5.841 5.900 5.963 6.031 6.104 6.181 6.262 6.348 6.439 6.534 7.469 9.031 10.678 12.409 14.225
6.832 6.490 6.148 5.804 5.458 5.112 4.764 4.415 4.065 3.896 4.307 4.703 5.086 5.455 5.811 6.152 6.479 6.793 7.093 7.378 7.663 8.192 9.567 10.916 12.233 13.519 14.774 15.998 17.191 18.352 19.483 20.582 21.651 22.194 21.545 20.923 20.330 19.764 19.226 18.716 18.234 17.780 17.354 16.956 16.585 16.017 15.056 14.101 13.151 12.207 11.269 10.336 9.408 8.487 7.570 6.660 5.755 5.263 5.333 5.408 5.487 5.570 5.658 5.751 5.848 5.950 6.056 6.166 6.281 7.257 9.195 11.216 13.323 15.513
6.724 6.378 6.031 5.683 5.333 4.982 4.630 4.277 3.923 3.645 4.007 4.356 4.690 5.011 5.321 5.644 5.951 6.243 6.520 6.781 7.036 7.390 8.631 9.842 11.021 12.169 13.286 14.372 15.427 16.451 17.444 18.406 19.336 19.993 19.468 18.970 18.501 18.060 17.646 17.260 16.902 16.572 16.270 15.996 15.750 15.356 14.420 13.489 12.564 11.645 10.731 9.822 8.919 8.022 7.131 6.245 5.364 4.785 4.875 4.970 5.069 5.173 5.281 5.394 5.511 5.633 5.759 5.889 6.025 6.962 9.274 11.670 14.151 16.716
6.617 6.267 5.916 5.563 5.209 4.854 4.498 4.143 3.811 3.496 3.828 4.159 4.475 4.775 5.060 5.329 5.583 5.821 6.044 6.251 6.453 6.650 7.731 8.804 9.845 10.855 11.835 12.783 13.700 14.586 15.442 16.266 17.059 17.764 17.363 16.990 16.645 16.327 16.038 15.776 15.542 15.336 15.158 15.008 14.886 14.690 13.778 12.872 11.972 11.077 10.188 9.304 8.426 7.553 6.686 5.825 4.969 4.304 4.414 4.529 4.648 4.772 4.900 5.033 5.170 5.312 5.458 5.608 5.764 6.582 9.269 12.040 14.895 17.835
6.499 6.109 5.735 5.378 5.038 4.714 4.407 4.117 3.844 3.587 3.797 4.074 4.336 4.582 4.813 5.029 5.229 5.414 5.583 5.737 5.884 6.027 6.867 7.802 8.705 9.578 10.420 11.230 12.010 12.759 13.476 14.163 14.818 15.443 15.231 14.982 14.761 14.567 14.402 14.264 14.154 14.072 14.018 13.992 13.993 14.019 13.132 12.251 11.375 10.504 9.640 8.781 7.927 7.079 6.236 5.400 4.568 3.818 3.948 4.083 4.222 4.366 4.514 4.667 4.825 4.986 5.153 5.323 5.499 6.119 9.180 12.325 15.554 18.868
6.051 5.718 5.403 5.104 4.822 4.557 4.308 4.076 3.861 3.662 3.779 4.003 4.211 4.404 4.581 4.743 4.890 5.020 5.136 5.236 5.329 5.418 6.039 6.836 7.602 8.337 9.041 9.714 10.356 10.967 11.547 12.096 12.614 13.102 13.071 12.946 12.849 12.780 12.738 12.724 12.738 12.780 12.849 12.947 13.072 13.225 12.481 11.624 10.773 9.927 9.087 8.252 7.423 6.600 5.782 4.969 4.163 3.361 3.479 3.634 3.793 3.957 4.125 4.298 4.475 4.657 4.843 5.034 5.257 5.636 8.942 12.190 15.378 18.507
5.587 5.313 5.056 4.815 4.591 4.384 4.193 4.019 3.862 3.722 3.776 3.946 4.101 4.240 4.363 4.472 4.564 4.642 4.704 4.750 4.790 4.824 5.246 5.906 6.534 7.132 7.698 8.234 8.739 9.212 9.655 10.067 10.448 10.797 10.884 10.883 10.910 10.964 11.046 11.156 11.294 11.459 11.653 11.874 12.123 12.399 11.825 10.993 10.166 9.345 8.529 7.719 6.915 6.116 5.322 4.534 3.752 2.975 3.005 3.273 3.655 4.006 4.326 4.615 4.872 5.098 5.293 5.457 5.589 5.691 8.538 11.524 14.451 17.319
5.109 4.893 4.694 4.511 4.345 4.196 4.063 3.948 3.848 3.766 3.787 3.903 4.004 4.090 4.160 4.214 4.254 4.277 4.286 4.279 4.264 4.245 4.489 5.011 5.502 5.963 6.392 6.790 7.158 7.494 7.799 8.074 8.317 8.530 8.670 8.793 8.943 9.121 9.327 9.560 9.822 10.111 10.428 10.772 11.145 11.545 11.164 10.356 9.554 8.758 8.020 7.394 6.809 6.263 5.757 5.291 4.865 4.479 4.606 4.881 5.125 5.338 5.519 5.670 5.789 5.876 5.933 5.958 5.952 5.915 8.193 10.918 13.584 16.192
4.615 4.457 4.316 4.192 4.084 3.993 3.918 3.861 3.819 3.795 3.812 3.875 3.922 3.954 3.970 3.971 3.957 3.927 3.882 3.822 3.753 3.680 3.768 4.153 4.507 4.830 5.122 5.383 5.613 5.812 5.980 6.118 6.224 6.300 6.428 6.674 6.948 7.250 7.579 7.936 8.321 8.786 9.337 9.881 10.417 10.945 10.850 10.241 9.673 9.144 8.655 8.207 7.798 7.429 7.100 6.810 6.561 6.352 6.384 6.520 6.626 6.700 6.743 6.755 6.735 6.685 6.603 6.490 6.346 6.171 7.905 10.370 12.776 15.123
4.107 4.007 3.924 3.858 3.808 3.775 3.758 3.758 3.775 3.809 3.851 3.860 3.854 3.832 3.795 3.743 3.675 3.592 3.493 3.379 3.257 3.129 3.082 3.330 3.547 3.733 3.887 4.011 4.104 4.167 4.198 4.198 4.264 4.467 4.783 5.354 5.918 6.474 7.022 7.562 8.095 8.619 9.136 9.645 10.147 10.640 10.736 10.304 9.913 9.561 9.249 8.976 8.744 8.552 8.399 8.287 8.214 8.181 8.190 8.188 8.156 8.091 7.996 7.870 7.712 7.523 7.304 7.053 6.770 6.457 7.676 9.881 12.026 14.113
3.583 3.542 3.517 3.508 3.516 3.541 3.583 3.641 3.716 3.807 3.904 3.860 3.800 3.725 3.634 3.528 3.407 3.270 3.118 2.951 2.775 2.593 2.433 2.606 2.861 3.105 3.337 3.558 3.767 3.965 4.152 4.327 4.491 4.643 4.865 5.402 5.931 6.453 6.966 7.472 7.970 8.461 8.943 9.418 9.885 10.344 10.580 10.325 10.110 9.935 9.799 9.704 9.648 9.632 9.656 9.720 9.823 9.967 10.027 9.887 9.715 9.513 9.280 9.015 8.719 8.393 8.035 7.645 7.225 6.774 7.506 9.450 11.335 13.161
3.045 3.062 3.094 3.144 3.210 3.293 3.392 3.508 3.641 3.790 3.956 3.873 3.760 3.631 3.488 3.337 3.248 3.180 3.133 3.106 3.090 3.081 3.089 3.300 3.504 3.698 3.879 4.049 4.208 4.356 4.492 4.617 4.730 4.832 4.955 5.458 5.953 6.440 6.919 7.391 7.855 8.311 8.759 9.199 9.632 10.057 10.383 10.304 10.265 10.267 10.308 10.388 10.509 10.669 10.870 11.110 11.389 11.709 11.892 11.614 11.305 10.965 10.593 10.190 9.757 9.292 8.796 8.269 7.711 7.121 7.394 9.078 10.703 12.269
2.492 2.566 2.657 2.765 2.889 3.029 3.186 3.360 3.550 3.743 3.934 3.874 3.774 3.695 3.637 3.599 3.582 3.585 3.609 3.653 3.709 3.773 3.853 4.006 4.160 4.302 4.433 4.553 4.662 4.759 4.844 4.919 4.981 5.033 5.073 5.522 5.983 6.435 6.880 7.318 7.747 8.169 8.583 8.989 9.388 9.778 10.143 10.241 10.379 10.556 10.773 11.030 11.327 11.664 12.040 12.457 12.912 13.408 13.788 13.372 12.924 12.446 11.937 11.396 10.824 10.221 9.588 8.923 8.227 7.499 7.340 8.764 10.129 11.436
1.924 2.074 2.271 2.467 2.661 2.855 3.047 3.238 3.428 3.616 3.803 3.831 3.803 3.796 3.809 3.842 3.896 3.971 4.066 4.182 4.309 4.445 4.597 4.724 4.827 4.919 5.000 5.069 5.127 5.174 5.209 5.233 5.245 5.246 5.236 5.594 6.021 6.439 6.850 7.253 7.648 8.036 8.415 8.787 9.152 9.508 9.857 10.136 10.450 10.804 11.197 11.630 12.103 12.616 13.168 13.761 14.393 15.064 15.713 15.159 14.574 13.957 13.310 12.631 11.922 11.181 10.410 9.607 8.773 7.908 7.344 8.508 9.614 10.661
1.788 1.982 2.175 2.366 2.557 2.746 2.934 3.121 3.307 3.491 3.674 3.771 3.814 3.878 3.962 4.067 4.192 4.338 4.504 4.691 4.890 5.098 5.322 5.453 5.506 5.548 5.578 5.597 5.604 5.600 5.585 5.559 5.521 5.471 5.411 5.675 6.067 6.451 6.828 7.197 7.558 7.911 8.256 8.594 8.924 9.246 9.561 9.989 10.479 11.009 11.578 12.188 12.837 13.525 14.254 15.022 15.830 16.677 17.565 16.975 16.252 15.498 14.713 13.897 13.050 12.171 11.262 10.321 9.350 8.347 7.427 8.397 9.322 10.201
1.701 1.891 2.080 2.267 2.454 2.639 2.823 3.005 3.187 3.367 3.546 3.691 3.805 3.940 4.096 4.272 4.469 4.686 4.923 5.181 5.452 5.732 6.028 6.195 6.197 6.188 6.168 6.136 6.094 6.039 5.974 5.897 5.808 5.709 5.598 5.764 6.122 6.472 6.814 7.149 7.475 7.794 8.106 8.409 8.705 8.993 9.273 9.800 10.466 11.172 11.917 12.703 13.527 14.392 15.296 16.240 17.224 18.247 19.310 18.822 17.961 17.063 16.134 15.189 14.230 13.255 12.266 11.261 10.241 9.207 8.157 8.807 9.532 10.211
1.616 1.801 1.986 2.169 2.352 2.532 2.712 2.891 3.068 3.244 3.419 3.593 3.778 3.985 4.211 4.459 4.726 5.015 5.323 5.653 5.995 6.346 6.714 6.948 6.900 6.841 6.770 6.688 6.595 6.490 6.374 6.247 6.108 5.958 5.797 5.861 6.185 6.501 6.809 7.109 7.402 7.686 7.963 8.233 8.494 8.748 8.994 9.570 10.412 11.293 12.214 13.175 14.293 15.639 16.886 18.035 19.085 20.037 20.890 20.449 19.482 18.501 17.505 16.493 15.467 14.425 13.369 12.297 11.211 10.109 8.993 9.262 9.786 10.266
1.531 1.713 1.893 2.073 2.251 2.427 2.603 2.778 2.951 3.123 3.293 3.476 3.733 4.010 4.308 4.626 4.965 5.325 5.704 6.105 6.518 6.942 7.382 7.713 7.614 7.505 7.384 7.252 7.108 6.953 6.787 6.609 6.420 6.220 6.008 5.967 6.256 6.538 6.812 7.078 7.336 7.587 7.830 8.223 9.119 10.105 11.183 12.484 13.886 15.190 16.395 17.502 18.511 19.421 20.233 20.946 21.561 22.077 22.496 22.034 21.000 19.952 18.889 17.811 16.718 15.609 14.486 13.348 12.195 11.026 9.843 9.761 10.085 10.365
