DATA/SHG/ECMWF/20170628/EN-34/20170711.en-34.asc
ncols        190
nrows        64
xllcorner    -5100000.000000000000
yllcorner    4130000.000000000000
cellsize     10000.000000000000
NODATA_value  -99999.000
[rows 0 to 32 of 64, columns 0 to 73 of 190]
1.151 1.157 1.165 1.176 1.187 1.201 1.216 1.233 1.252 1.224 1.177 1.127 1.073 1.015 0.953 0.887 0.817 0.744 0.667 0.605 0.552 0.642 0.790 0.930 1.064 1.189 1.307 1.418 1.521 1.617 1.705 1.785 1.859 1.901 1.934 1.974 2.021 2.075 2.136 2.205 2.280 2.363 2.453 2.551 2.655 2.794 2.968 3.152 3.348 3.555 3.774 4.003 4.244 4.496 4.759 5.034 5.320 5.633 5.972 6.318 6.668 7.024 7.386 7.753 8.126 8.504 8.888 9.277 9.671 10.033 10.343 10.667 11.007 11.362
1.159 1.172 1.186 1.203 1.221 1.240 1.262 1.285 1.310 1.285 1.225 1.161 1.089 1.021 0.957 0.898 0.843 0.792 0.746 0.704 0.667 0.720 0.842 0.956 1.063 1.162 1.253 1.338 1.414 1.483 1.545 1.599 1.646 1.692 1.750 1.816 1.888 1.967 2.054 2.148 2.249 2.358 2.473 2.596 2.726 2.889 3.102 3.326 3.561 3.808 4.066 4.335 4.615 4.907 5.209 5.523 5.848 6.190 6.548 6.913 7.283 7.658 8.039 8.426 8.818 9.215 9.618 10.026 10.440 10.843 11.205 11.583 11.975 12.383
1.166 1.185 1.205 1.228 1.248 1.257 1.265 1.275 1.285 1.259 1.193 1.131 1.074 1.022 0.974 0.930 0.891 0.856 0.825 0.799 0.778 0.806 0.901 0.989 1.069 1.142 1.207 1.265 1.315 1.358 1.393 1.421 1.442 1.476 1.560 1.650 1.748 1.853 1.965 2.085 2.211 2.345 2.486 2.634 2.789 2.972 3.224 3.488 3.763 4.049 4.346 4.655 4.974 5.305 5.647 6.001 6.365 6.740 7.118 7.502 7.891 8.286 8.686 9.092 9.503 9.920 10.342 10.770 11.130 11.456 11.723 11.967 12.189 12.389
1.120 1.128 1.136 1.145 1.155 1.165 1.176 1.188 1.200 1.192 1.142 1.096 1.055 1.018 0.985 0.957 0.934 0.915 0.900 0.890 0.884 0.900 0.969 1.030 1.084 1.130 1.169 1.201 1.224 1.241 1.250 1.251 1.245 1.253 1.362 1.478 1.601 1.731 1.869 2.014 2.166 2.325 2.491 2.664 2.845 3.044 3.335 3.639 3.953 4.278 4.615 4.963 5.322 5.692 6.074 6.467 6.870 7.284 7.682 8.085 8.497 8.938 9.355 9.747 10.114 10.457 10.776 11.070 11.339 11.584 11.773 11.940 12.085 12.208
1.018 1.028 1.038 1.049 1.061 1.074 1.087 1.100 1.115 1.121 1.087 1.056 1.031 1.009 0.993 0.980 0.972 0.969 0.970 0.975 0.985 1.002 1.044 1.079 1.106 1.126 1.139 1.144 1.141 1.131 1.114 1.089 1.057 1.023 1.157 1.298 1.447 1.603 1.765 1.936 2.113 2.297 2.489 2.688 2.894 3.107 3.435 3.778 4.131 4.496 4.872 5.260 5.658 6.095 6.625 7.152 7.676 8.198 8.634 9.038 9.418 9.773 10.103 10.409 10.691 10.948 11.180 11.388 11.571 11.730 11.845 11.935 12.002 12.047
0.915 0.927 0.940 0.953 0.967 0.981 0.997 1.012 1.029 1.045 1.026 1.012 1.002 0.996 0.995 0.998 1.006 1.018 1.034 1.055 1.081 1.110 1.127 1.136 1.137 1.130 1.116 1.095 1.066 1.030 0.986 0.935 0.876 0.810 0.945 1.112 1.286 1.467 1.655 1.850 2.053 2.262 2.479 2.703 2.935 3.173 3.590 4.127 4.663 5.196 5.726 6.254 6.780 7.303 7.824 8.342 8.858 9.371 9.750 10.068 10.361 10.630 10.875 11.094 11.290 11.461 11.607 11.729 11.826 11.899 11.937 11.950 11.940 11.908
0.811 0.826 0.840 0.856 0.872 0.889 0.906 0.924 0.942 0.961 0.962 0.963 0.968 0.978 0.993 1.011 1.035 1.062 1.094 1.131 1.172 1.217 1.218 1.200 1.175 1.142 1.102 1.054 0.999 0.936 0.866 0.789 0.704 0.612 0.726 0.918 1.117 1.323 1.537 1.863 2.273 2.685 3.099 3.517 3.937 4.360 4.859 5.388 5.915 6.439 6.961 7.480 7.997 8.512 9.024 9.533 10.040 10.545 10.888 11.120 11.327 11.510 11.668 11.802 11.911 11.996 12.057 12.093 12.104 12.091 12.051 11.985 11.898 11.789
0.707 0.724 0.741 0.758 0.777 0.795 0.815 0.835 0.855 0.877 0.892 0.909 0.930 0.956 0.986 1.020 1.059 1.102 1.150 1.202 1.258 1.319 1.316 1.272 1.221 1.162 1.095 1.021 0.940 0.851 0.755 0.651 0.675 0.758 1.038 1.443 1.851 2.261 2.674 3.090 3.509 3.931 4.356 4.783 5.213 5.646 6.129 6.650 7.168 7.683 8.196 8.707 9.215 9.721 10.224 10.725 11.223 11.719 12.048 12.194 12.315 12.412 12.484 12.532 12.556 12.555 12.529 12.479 12.405 12.306 12.184 12.042 11.878 11.691
0.603 0.621 0.641 0.660 0.681 0.702 0.723 0.745 0.768 0.791 0.818 0.850 0.887 0.928 0.974 1.024 1.078 1.137 1.200 1.268 1.340 1.416 1.422 1.352 1.274 1.282 1.311 1.355 1.414 1.489 1.579 1.685 1.806 1.942 2.212 2.626 3.044 3.464 3.887 4.313 4.741 5.173 5.607 6.044 6.484 6.926 7.400 7.911 8.421 8.928 9.432 9.934 10.433 10.930 11.425 11.917 12.407 12.894 13.230 13.290 13.325 13.336 13.323 13.285 13.222 13.136 13.024 12.889 12.729 12.544 12.339 12.120 11.878 11.615
0.498 0.519 0.540 0.562 0.584 0.607 0.631 0.655 0.680 0.706 0.739 0.787 0.839 0.896 0.957 1.023 1.093 1.175 1.320 1.465 1.611 1.758 1.862 1.899 1.951 2.018 2.101 2.199 2.312 2.440 2.584 2.744 2.918 3.108 3.381 3.805 4.232 4.662 5.095 5.530 5.969 6.410 6.854 7.300 7.750 8.202 8.671 9.174 9.674 10.172 10.668 11.161 11.652 12.141 12.626 13.110 13.591 14.070 14.434 14.408 14.358 14.283 14.184 14.060 13.912 13.739 13.542 13.321 13.075 12.805 12.514 12.218 11.899 11.559
0.392 0.415 0.439 0.463 0.487 0.512 0.538 0.565 0.592 0.619 0.682 0.823 0.966 1.109 1.253 1.398 1.544 1.690 1.837 1.986 2.134 2.284 2.419 2.510 2.616 2.737 2.873 3.025 3.192 3.374 3.572 3.785 4.013 4.257 4.545 4.979 5.416 5.856 6.298 6.743 7.191 7.642 8.096 8.552 9.011 9.473 9.942 10.436 10.928 11.418 11.905 12.389 12.871 13.351 13.828 14.303 14.776 15.246 15.660 15.549 15.412 15.252 15.067 14.857 14.624 14.365 14.083 13.776 13.444 13.089 12.710 12.336 11.941 11.524
0.286 0.311 0.337 0.404 0.510 0.618 0.726 0.836 0.947 1.059 1.176 1.320 1.465 1.611 1.758 1.906 2.054 2.203 2.353 2.504 2.656 2.808 2.960 3.104 3.264 3.439 3.629 3.834 4.055 4.291 4.542 4.809 5.091 5.388 5.705 6.148 6.595 7.044 7.496 7.951 8.409 8.870 9.333 9.799 10.268 10.740 11.214 11.700 12.183 12.664 13.142 13.618 14.091 14.562 15.031 15.497 15.961 16.422 16.881 16.711 16.489 16.243 15.972 15.677 15.358 15.014 14.646 14.161 13.615 13.088 12.579 12.086 11.595 11.107
0.548 0.655 0.762 0.871 0.982 1.093 1.206 1.320 1.435 1.552 1.669 1.815 1.963 2.112 2.261 2.412 2.563 2.715 2.867 3.021 3.175 3.330 3.486 3.681 3.895 4.123 4.367 4.626 4.901 5.190 5.496 5.816 6.151 6.502 6.868 7.313 7.769 8.228 8.690 9.155 9.622 10.092 10.565 11.041 11.520 12.001 12.485 12.963 13.438 13.910 14.380 14.847 15.312 15.774 16.234 16.692 17.147 17.599 18.049 17.896 17.367 16.757 16.166 15.593 15.038 14.502 13.984 13.484 13.002 12.539 12.094 11.620 11.136 10.655
1.000 1.111 1.223 1.336 1.451 1.567 1.684 1.802 1.921 2.042 2.164 2.309 2.459 2.611 2.763 2.916 3.070 3.225 3.380 3.536 3.693 3.851 4.010 4.242 4.509 4.791 5.088 5.401 5.729 6.073 6.431 6.805 7.194 7.599 8.018 8.473 8.939 9.408 9.879 10.354 10.831 11.311 11.793 12.279 12.767 13.258 13.752 14.228 14.693 15.157 15.618 16.077 16.533 16.703 16.814 16.915 17.007 17.090 17.164 16.789 16.225 15.679 15.152 14.643 14.153 13.680 13.226 12.790 12.373 11.974 11.593 11.152 10.676 10.202
1.450 1.565 1.682 1.799 1.918 2.038 2.159 2.282 2.405 2.530 2.657 2.800 2.954 3.108 3.263 3.419 3.575 3.733 3.891 4.050 4.210 4.370 4.532 4.785 5.106 5.442 5.793 6.159 6.541 6.938 7.350 7.777 8.220 8.678 9.151 9.629 10.104 10.583 11.064 11.548 12.034 12.524 13.016 13.511 14.009 14.510 14.709 14.868 15.001 15.126 15.241 15.347 15.444 15.532 15.610 15.680 15.740 15.791 15.833 15.567 15.067 14.586 14.123 13.678 13.251 12.843 12.452 12.081 11.727 11.392 11.075 10.684 10.215 9.748
1.898 2.017 2.138 2.260 2.383 2.507 2.633 2.760 2.888 3.017 3.147 3.291 3.447 3.604 3.761 3.920 4.079 4.239 4.400 4.562 4.724 4.888 5.052 5.312 5.686 6.075 6.480 6.900 7.335 7.785 8.251 8.732 9.228 9.739 10.266 10.779 11.265 11.753 12.214 12.491 12.745 12.977 13.186 13.372 13.535 13.676 13.794 13.898 13.999 14.092 14.175 14.250 14.315 14.371 14.417 14.455 14.483 14.503 14.513 14.330 13.894 13.476 13.077 12.696 12.333 11.989 11.663 11.355 11.065 10.793 10.540 10.214 9.752 9.293
2.344 2.468 2.593 2.719 2.846 2.975 3.104 3.235 3.368 3.501 3.636 3.779 3.938 4.098 4.258 4.420 4.582 4.744 4.908 5.072 5.238 5.404 5.570 5.821 6.249 6.692 7.150 7.623 8.112 8.616 9.135 9.641 10.074 10.488 10.882 11.229 11.495 11.738 11.958 12.155 12.330 12.482 12.612 12.719 12.803 12.864 12.903 12.938 13.008 13.069 13.121 13.163 13.196 13.220 13.235 13.241 13.237 13.225 13.203 13.076 12.704 12.351 12.015 11.698 11.399 11.119 10.856 10.612 10.386 10.179 9.989 9.743 9.289 8.836
2.788 2.916 3.045 3.175 3.307 3.440 3.574 3.709 3.845 3.983 4.122 4.266 4.428 4.590 4.753 4.917 5.082 5.248 5.414 5.581 5.749 5.918 6.087 6.314 6.810 7.312 7.794 8.257 8.700 9.124 9.528 9.912 10.276 10.621 10.946 11.235 11.421 11.584 11.725 11.843 11.939 12.011 12.062 12.089 12.094 12.076 12.035 11.990 12.028 12.057 12.076 12.087 12.088 12.080 12.064 12.038 12.002 11.958 11.905 11.807 11.499 11.209 10.938 10.684 10.449 10.232 10.034 9.853 9.691 9.547 9.422 9.271 8.824 8.378
3.230 3.362 3.495 3.630 3.766 3.903 4.041 4.181 4.321 4.463 4.606 4.752 4.916 5.081 5.247 5.414 5.581 5.762 5.959 6.168 6.389 6.622 6.866 7.131 7.584 8.017 8.430 8.824 9.198 9.553 9.887 10.203 10.498 10.774 11.030 11.264 11.370 11.454 11.516 11.555 11.571 11.564 11.535 11.483 11.408 11.311 11.191 11.051 11.057 11.055 11.042 11.021 10.991 10.951 10.903 10.845 10.778 10.702 10.617 10.522 10.278 10.052 9.844 9.654 9.483 9.330 9.195 9.078 8.980 8.900 8.838 8.794 8.358 7.920
3.670 3.806 3.944 4.083 4.223 4.364 4.507 4.650 4.795 4.941 5.080 5.212 5.377 5.557 5.748 5.952 6.167 6.394 6.632 6.883 7.145 7.419 7.705 8.002 8.377 8.741 9.085 9.410 9.715 10.001 10.267 10.513 10.740 10.947 11.134 11.302 11.343 11.348 11.330 11.289 11.226 11.140 11.032 10.901 10.747 10.571 10.372 10.150 10.098 10.063 10.019 9.966 9.904 9.833 9.752 9.663 9.564 9.456 9.339 9.213 9.040 8.878 8.734 8.608 8.501 8.411 8.340 8.287 8.252 8.236 8.237 8.257 7.890 7.459
4.108 4.248 4.390 4.547 4.698 4.843 4.983 5.118 5.247 5.371 5.490 5.603 5.789 6.010 6.243 6.487 6.744 7.012 7.292 7.584 7.887 8.202 8.530 8.868 9.189 9.485 9.760 10.016 10.252 10.469 10.666 10.844 11.001 11.140 11.258 11.357 11.339 11.264 11.167 11.047 10.905 10.740 10.552 10.342 10.109 9.854 9.576 9.275 9.148 9.082 9.006 8.921 8.828 8.725 8.612 8.491 8.361 8.221 8.073 7.915 7.787 7.689 7.609 7.546 7.502 7.477 7.469 7.495 7.543 7.579 7.603 7.615 7.310 6.899
4.667 4.815 4.957 5.095 5.227 5.353 5.474 5.590 5.700 5.805 5.905 5.999 6.187 6.449 6.723 7.009 7.307 7.617 7.938 8.271 8.616 8.972 9.341 9.721 10.021 10.248 10.454 10.642 10.809 10.957 11.085 11.194 11.283 11.352 11.402 11.432 11.358 11.204 11.028 10.829 10.607 10.363 10.096 9.807 9.495 9.161 8.803 8.424 8.209 8.111 8.004 7.887 7.762 7.627 7.483 7.330 7.168 6.997 6.817 6.627 6.593 6.684 6.762 6.829 6.883 6.926 6.956 6.973 6.979 6.973 6.954 6.923 6.684 6.317
5.277 5.406 5.530 5.648 5.761 5.868 5.970 6.067 6.158 6.244 6.325 6.400 6.572 6.875 7.191 7.518 7.857 8.208 8.570 8.945 9.331 9.729 10.138 10.559 10.873 11.030 11.168 11.287 11.385 11.464 11.524 11.564 11.584 11.585 11.566 11.527 11.400 11.167 10.911 10.633 10.333 10.010 9.664 9.296 8.905 8.491 8.055 7.596 7.281 7.151 7.012 6.864 6.706 6.614 6.567 6.522 6.480 6.441 6.405 6.371 6.380 6.428 6.465 6.489 6.501 6.501 6.488 6.464 6.427 6.379 6.318 6.245 6.047 5.724
5.893 6.003 6.107 6.206 6.300 6.389 6.472 6.549 6.622 6.688 6.750 6.806 6.943 7.288 7.645 8.013 8.394 8.786 9.189 9.605 10.032 10.471 10.922 11.384 11.744 11.832 11.901 11.951 11.981 11.991 11.982 11.953 11.905 11.837 11.750 11.642 11.465 11.153 10.819 10.461 10.082 9.680 9.255 8.808 8.338 7.845 7.370 6.920 6.606 6.555 6.506 6.461 6.417 6.377 6.339 6.304 6.271 6.241 6.214 6.189 6.179 6.185 6.179 6.161 6.130 6.088 6.033 5.967 5.888 5.797 5.694 5.578 5.400 5.120
6.513 6.604 6.690 6.770 6.845 6.914 6.978 7.037 7.090 7.138 7.180 7.217 7.302 7.688 8.086 8.495 8.917 9.350 9.795 10.252 10.720 11.200 11.692 12.196 12.634 12.654 12.654 12.635 12.596 12.538 12.460 12.363 12.246 12.109 11.953 11.778 11.553 11.162 10.749 10.232 9.720 9.226 8.749 8.291 7.850 7.427 7.021 6.634 6.320 6.278 6.239 6.203 6.169 6.137 6.109 6.083 6.060 6.039 6.021 6.006 5.990 5.954 5.905 5.845 5.772 5.688 5.591 5.482 5.361 5.227 5.082 4.924 4.741 4.505
7.135 7.211 7.277 7.339 7.394 7.445 7.490 7.529 7.564 7.592 7.616 7.634 7.647 8.074 8.513 8.964 9.427 9.901 10.387 10.885 11.395 11.916 12.449 12.994 13.543 13.494 13.426 13.338 13.231 13.104 12.958 12.787 12.394 12.008 11.629 11.257 10.888 10.385 9.899 9.432 8.982 8.550 8.135 7.739 7.360 6.999 6.656 6.330 6.032 6.000 5.970 5.942 5.918 5.896 5.876 5.860 5.846 5.834 5.826 5.820 5.813 5.734 5.644 5.541 5.426 5.299 5.160 5.009 4.846 4.670 4.483 4.283 4.072 3.879
7.711 7.823 7.870 7.912 7.949 7.981 8.007 8.027 8.042 8.052 8.057 8.056 8.050 8.447 8.927 9.419 9.923 10.439 10.966 11.505 12.055 12.618 13.192 13.778 14.324 14.002 13.591 13.187 12.791 12.401 12.018 11.643 11.274 10.913 10.558 10.211 9.871 9.443 9.020 8.614 8.227 7.857 7.504 7.170 6.853 6.554 6.273 6.010 5.764 5.719 5.698 5.680 5.665 5.652 5.642 5.634 5.630 5.628 5.628 5.631 5.637 5.527 5.394 5.249 5.092 4.923 4.742 4.548 4.343 4.125 3.895 3.654 3.400 3.243
8.284 8.439 8.468 8.491 8.509 8.521 8.528 8.530 8.526 8.517 8.503 8.483 8.458 8.807 9.328 9.861 10.406 10.920 11.321 11.684 12.010 12.299 12.550 12.765 12.942 12.703 12.317 11.938 11.566 11.201 10.844 10.493 10.149 9.812 9.483 9.160 8.844 8.485 8.124 7.780 7.455 7.147 6.856 6.584 6.329 6.092 5.873 5.672 5.488 5.435 5.424 5.415 5.409 5.406 5.405 5.407 5.411 5.418 5.428 5.440 5.456 5.332 5.157 4.970 4.771 4.559 4.336 4.100 3.852 3.593 3.321 3.037 2.741 2.595
8.853 9.061 9.071 9.075 9.074 9.067 9.056 9.038 9.016 8.988 8.958 8.911 8.834 9.036 9.455 9.837 10.182 10.490 10.760 10.993 11.189 11.347 11.469 11.553 11.600 11.399 11.038 10.683 10.336 9.996 9.663 9.337 9.018 8.706 8.401 8.103 7.812 7.510 7.211 6.929 6.666 6.420 6.192 5.981 5.788 5.613 5.456 5.316 5.194 5.150 5.148 5.148 5.151 5.157 5.166 5.177 5.190 5.207 5.226 5.247 5.272 5.149 4.932 4.702 4.461 4.207 3.942 3.664 3.374 3.072 2.758 2.432 2.094 1.937
9.418 9.688 9.679 9.723 9.777 9.803 9.799 9.765 9.703 9.612 9.491 9.341 9.162 9.166 9.455 9.707 9.921 10.099 10.239 10.342 10.408 10.436 10.428 10.382 10.299 10.089 9.753 9.423 9.101 8.785 8.477 8.176 7.881 7.594 7.314 7.040 6.774 6.518 6.281 6.062 5.860 5.676 5.510 5.361 5.230 5.117 5.022 4.944 4.884 4.862 4.869 4.879 4.891 4.906 4.924 4.944 4.967 4.993 5.021 5.052 5.086 4.978 4.718 4.447 4.163 3.868 3.560 3.240 2.993 2.888 2.797 2.722 2.663 2.798
10.541 11.011 11.022 11.003 10.955 10.878 10.771 10.636 10.471 10.277 10.054 9.802 9.521 9.336 9.494 9.616 9.701 9.748 9.758 9.731 9.667 9.566 9.427 9.252 9.039 8.774 8.462 8.157 7.860 7.569 7.285 7.009 6.739 6.476 6.221 5.972 5.731 5.510 5.335 5.177 5.037 4.915 4.811 4.724 4.655 4.604 4.570 4.554 4.556 4.572 4.588 4.607 4.629 4.653 4.680 4.710 4.742 4.777 4.814 4.854 4.897 4.877 4.717 4.573 4.443 4.330 4.231 4.148 4.080 4.028 3.990 3.969 3.962 4.119
11.924 12.526 12.434 12.313 12.163 11.983 11.775 11.537 11.270 10.974 10.649 10.294 9.911 9.545 9.574 9.565 9.520 9.437 9.318 9.161 8.967 8.736 8.467 8.162 7.819 7.453 7.166 6.886 6.613 6.347 6.088 5.836 5.591 5.353 5.122 4.898 4.681 4.485 4.372 4.276 4.198 4.138 4.095 4.070 4.063 4.074 4.102 4.148 4.211 4.280 4.305 4.334 4.365 4.398 4.511 4.678 4.843 5.006 5.167 5.326 5.483 5.576 5.469 5.378 5.302 5.241 5.196 5.166 5.151 5.152 5.168 5.199 5.246 5.415
13.289 13.992 13.877 13.653 13.401 13.119 12.808 12.468 12.099 11.701 11.274 10.817 10.332 9.817 9.693 9.555 9.379 9.167 8.917 8.631 8.307 7.946 7.548 7.113 6.640 6.131 5.864 5.609 5.361 5.119 4.885 4.657 4.437 4.224 4.018 3.818 3.626 3.443 3.392 3.358 3.342 3.343 3.362 3.399 3.454 3.526 3.616 3.823 4.091 4.371 4.541 4.709 4.875 5.038 5.200 5.360 5.518 5.674 5.828 5.980 6.130 6.259 6.205 6.167 6.144 6.137 6.144 6.168 6.206 6.260 6.329 6.413 6.513 6.685
