DATA/SHG/ECMWF/20170628/EN-34/20170702.en-34.asc
ncols        190
nrows        64
xllcorner    -5100000.000000000000
yllcorner    4130000.000000000000
cellsize     10000.000000000000
NODATA_value  -99999.000
[rows 32 to 63 of 64, columns 0 to 72 of 190]
9.802 9.902 9.496 9.021 8.525 8.009 7.473 6.917 6.340 5.743 5.126 4.488 3.830 3.152 3.064 2.994 2.907 2.804 2.684 2.548 2.396 2.227 2.042 1.841 1.623 1.388 1.527 1.679 1.841 2.010 2.189 2.375 2.570 2.774 2.986 3.206 3.435 3.678 4.139 4.560 4.940 5.279 5.578 5.836 6.053 6.230 6.366 6.734 7.184 7.603 8.126 8.590 8.997 9.345 9.635 9.866 10.040 10.155 10.212 10.211 10.151 10.016 9.691 9.376 9.069 8.771 8.482 8.202 7.932 7.670 7.417 7.173 6.938
11.255 11.320 10.934 10.387 9.820 9.233 8.626 7.998 7.350 6.681 5.993 5.284 4.554 3.805 3.560 3.432 3.288 3.128 2.951 2.757 2.548 2.322 2.079 1.821 1.545 1.254 1.351 1.533 1.724 1.924 2.131 2.348 2.572 2.806 3.047 3.297 3.556 3.823 4.134 4.413 4.968 5.559 6.111 6.621 7.092 7.522 7.912 8.261 8.570 8.839 9.151 9.412 9.616 9.761 9.849 9.878 9.849 9.761 9.616 9.412 9.150 8.830 8.535 8.250 7.975 7.709 7.451 7.203 6.964 6.733 6.512 6.299 6.096
12.716 12.746 12.393 11.775 11.136 10.478 9.799 9.100 8.380 7.641 6.881 6.100 5.300 4.479 4.073 3.888 3.686 3.469 3.234 2.984 2.717 2.434 2.134 1.818 1.485 1.137 1.167 1.379 1.599 1.828 2.065 2.311 2.566 3.142 3.777 4.445 5.146 5.879 6.496 7.027 7.518 7.968 8.379 8.749 9.078 9.368 9.617 9.826 9.994 10.123 10.232 10.291 10.292 10.235 10.120 9.946 9.715 9.425 9.078 8.672 8.208 7.685 7.371 7.118 6.874 6.639 6.413 6.196 5.988 5.789 5.599 5.418 5.246
14.186 14.182 13.872 13.183 12.473 11.743 10.993 10.223 9.432 8.621 7.790 6.938 6.066 5.174 4.603 4.360 4.102 3.826 3.535 3.227 2.903 2.563 2.206 1.832 1.443 1.047 1.238 1.758 2.310 2.896 3.514 4.165 4.848 5.565 6.314 7.096 7.911 8.758 9.364 9.755 10.105 10.415 10.685 10.914 11.103 11.252 11.360 11.429 11.457 11.444 11.369 11.226 11.025 10.765 10.448 10.072 9.638 9.146 8.596 7.988 7.322 6.598 6.200 5.979 5.766 5.563 5.368 5.182 5.006 4.838 4.679 4.529 4.389
15.666 15.626 15.372 14.611 13.830 13.029 12.208 11.366 10.504 9.622 8.719 7.797 6.854 5.890 5.149 4.850 4.534 4.201 3.871 3.636 3.420 3.225 3.050 2.894 2.759 2.644 2.826 3.460 4.127 4.826 5.558 6.323 7.121 7.951 8.814 9.710 10.638 11.600 12.270 12.520 12.730 12.899 13.028 13.117 13.166 13.174 13.142 13.070 12.957 12.805 12.563 12.217 11.814 11.352 10.832 10.254 9.619 8.925 8.173 7.363 6.495 5.569 5.022 4.832 4.651 4.479 4.315 4.161 4.016 3.879 3.752 3.634 3.524
17.154 17.080 16.892 16.060 15.208 14.336 13.443 12.530 11.597 10.644 9.670 8.655 7.618 6.630 5.821 5.575 5.349 5.144 4.958 4.792 4.646 4.520 4.415 4.329 4.263 4.217 4.378 5.126 5.906 6.720 7.566 8.444 9.356 10.300 11.277 12.287 13.329 14.404 15.214 15.323 15.392 15.421 15.409 15.358 15.266 15.134 14.961 14.749 14.496 14.203 13.812 13.265 12.659 11.995 11.273 10.494 9.656 8.760 7.806 6.794 5.725 4.597 3.837 3.678 3.529 3.388 3.256 3.133 3.019 2.914 2.817 2.730 2.652
18.651 18.543 18.424 17.530 16.467 15.254 14.091 12.977 11.914 10.900 9.937 9.023 8.159 7.346 6.607 6.430 6.274 6.138 6.022 5.925 5.849 5.793 5.757 5.741 5.744 5.768 5.893 6.755 7.649 8.577 9.537 10.529 11.554 12.612 13.703 14.826 15.982 17.171 18.194 18.163 18.091 17.980 17.828 17.636 17.404 17.131 16.819 16.466 16.073 15.640 15.118 14.368 13.561 12.695 11.771 10.790 9.750 8.652 7.497 6.283 5.012 3.682 2.645 2.518 2.399 2.289 2.189 2.097 2.014 1.940 2.287 3.017 3.876
18.789 18.248 17.692 16.652 15.563 14.524 13.534 12.595 11.706 10.866 10.077 9.337 8.647 8.007 7.417 7.263 7.176 7.110 7.063 7.036 7.030 7.043 7.076 7.130 7.203 7.296 7.409 8.348 9.356 10.397 11.471 12.577 13.716 14.888 16.092 17.329 18.599 19.901 21.211 21.040 20.828 20.576 20.284 19.952 19.580 19.167 18.714 18.222 17.689 17.115 16.480 15.528 14.519 13.451 12.326 11.142 9.901 8.602 7.245 5.830 4.357 2.826 1.446 1.527 1.804 2.209 2.743 3.404 4.194 5.112 6.158 7.333 8.636
17.580 16.983 16.370 15.520 14.605 13.740 12.925 12.160 11.444 10.778 10.163 9.597 9.080 8.614 8.198 8.074 8.056 8.059 8.082 8.125 8.188 8.270 8.373 8.496 8.638 8.801 8.984 9.904 11.026 12.181 13.368 14.588 15.841 17.126 18.444 19.795 21.178 22.594 24.042 23.954 23.602 23.210 22.778 22.305 21.793 21.240 20.648 20.015 19.342 18.629 17.875 16.744 15.533 14.264 12.937 11.552 10.013 8.479 6.995 5.562 4.179 2.846 1.566 2.160 2.881 3.731 4.709 5.815 7.050 8.412 9.903 11.522 13.269
16.390 15.737 15.069 14.336 13.595 12.904 12.262 11.671 11.129 10.637 10.195 9.802 9.460 9.167 8.924 8.861 8.914 8.986 9.078 9.191 9.323 9.475 9.647 9.839 10.051 10.283 10.535 11.425 12.660 13.929 15.230 16.563 17.929 19.328 20.759 22.223 23.720 25.249 26.811 26.905 26.413 25.881 25.309 24.697 24.044 23.352 22.619 21.846 21.033 19.781 18.454 16.866 15.255 13.695 12.184 10.724 9.314 7.954 6.645 5.385 4.176 3.016 1.907 2.668 3.834 5.128 6.551 8.101 9.780 11.587 13.521 15.584 17.775
15.220 14.511 13.786 13.099 12.532 12.014 11.547 11.129 10.760 10.442 10.173 9.954 9.785 9.666 9.597 9.627 9.749 9.891 10.052 10.234 10.435 10.657 10.898 11.160 11.441 11.742 12.064 12.909 14.258 15.640 17.054 18.501 19.981 21.493 23.038 24.615 26.225 27.868 29.543 29.894 29.262 28.590 27.279 25.927 24.582 23.245 21.914 20.592 19.276 17.967 16.666 15.250 13.813 12.427 11.090 9.804 8.568 7.382 6.246 5.160 4.124 3.139 2.203 3.052 4.662 6.401 8.267 10.262 12.384 14.635 17.013 19.520 22.154
14.069 13.304 12.523 11.809 11.416 11.072 10.777 10.533 10.338 10.193 10.098 10.053 10.057 10.111 10.215 10.370 10.562 10.773 11.004 11.255 11.525 11.816 12.127 12.458 12.808 13.179 13.569 14.356 15.819 17.315 18.842 20.403 21.996 23.621 25.266 26.326 27.363 28.377 29.367 29.309 27.960 26.619 25.285 23.958 22.639 21.327 20.021 18.724 17.433 16.149 14.873 13.587 12.324 11.111 9.949 8.836 7.774 6.761 5.799 4.887 4.025 3.213 2.451 3.312 5.366 7.549 9.859 12.297 14.863 17.557 20.379 23.329 26.407
12.937 12.117 11.280 10.467 10.246 10.076 9.955 9.884 9.863 9.891 9.969 10.097 10.275 10.502 10.779 11.091 11.352 11.632 11.933 12.253 12.593 12.953 13.333 13.733 14.153 14.593 15.052 15.719 16.862 17.983 19.079 20.153 21.203 22.229 23.232 24.212 25.168 26.101 27.010 27.236 25.912 24.596 23.287 21.986 20.691 19.404 18.124 16.851 15.585 14.327 13.076 11.877 10.787 9.748 8.759 7.820 6.932 6.093 5.304 4.565 3.877 3.238 2.650 3.448 5.946 8.572 11.326 14.207 17.217 20.354 23.619 27.012 30.533
11.825 10.949 10.056 9.147 9.025 9.027 9.080 9.182 9.334 9.536 9.787 10.088 10.439 10.839 11.289 11.789 12.120 12.469 12.839 13.229 13.569 13.677 13.779 13.876 13.966 14.051 14.130 14.277 15.340 16.379 17.395 18.388 19.357 20.303 21.225 22.124 23.000 23.852 24.680 25.158 23.860 22.569 21.285 20.008 18.739 17.477 16.222 14.974 13.733 12.500 11.274 10.119 9.204 8.338 7.523 6.757 6.042 5.376 4.761 4.196 3.681 3.215 2.800 3.460 6.401 9.471 12.668 15.992 19.445 23.025 26.733 30.569 34.532
10.732 9.800 8.851 7.887 7.750 7.926 8.152 8.427 8.752 9.127 9.551 10.025 10.549 11.075 11.496 11.873 12.027 12.139 12.244 12.344 12.438 12.526 12.608 12.685 12.755 12.819 12.878 12.931 13.844 14.802 15.738 16.649 17.538 18.403 19.244 20.063 20.857 21.629 22.377 23.076 21.803 20.537 19.278 18.027 16.782 15.545 14.315 13.092 11.877 10.668 9.467 8.314 7.572 6.880 6.238 5.646 5.104 4.612 4.170 3.778 3.436 3.144 2.902 3.348 6.733 10.245 13.885 17.653 21.548 25.571 29.722 34.000 38.406
9.659 8.670 7.666 6.646 6.422 6.772 7.259 7.837 8.371 8.860 9.305 9.705 10.060 10.371 10.638 10.859 10.985 11.077 11.162 11.242 11.315 11.383 11.445 11.501 11.551 11.595 11.634 11.666 12.373 13.251 14.106 14.937 15.744 16.529 17.290 18.027 18.741 19.432 20.100 20.744 19.742 18.501 17.267 16.040 14.821 13.609 12.404 11.206 10.015 8.832 7.656 6.487 5.894 5.376 4.907 4.488 4.119 3.801 3.532 3.313 3.144 3.025 2.956 3.113 6.941 10.896 14.978 19.189 23.526 27.992 32.585 37.305 42.121
9.037 8.301 7.573 6.855 6.707 7.219 7.687 8.110 8.489 8.823 9.113 9.358 9.559 9.715 9.827 9.895 9.951 10.022 10.088 10.147 10.200 10.248 10.289 10.325 10.355 10.379 10.397 10.409 10.929 11.726 12.500 13.250 13.977 14.681 15.361 16.018 16.652 17.262 17.849 18.413 17.676 16.460 15.251 14.050 12.855 11.668 10.488 9.315 8.150 6.991 5.840 4.696 4.169 3.823 3.528 3.282 3.087 2.941 2.845 2.800 2.804 2.858 2.962 3.116 7.025 11.419 15.759 19.960 24.023 27.946 31.731 35.378 38.885
9.950 9.244 8.546 7.858 7.492 7.849 8.162 8.431 8.655 8.834 8.970 9.060 9.106 9.108 9.066 8.978 8.925 8.976 9.021 9.060 9.093 9.120 9.141 9.157 9.166 9.170 9.168 9.160 9.510 10.227 10.920 11.590 12.236 12.859 13.459 14.036 14.589 15.118 15.625 16.108 15.606 14.415 13.231 12.054 10.885 9.723 8.567 7.420 6.279 5.146 4.019 2.900 2.396 2.224 2.102 2.029 2.007 2.034 2.148 2.519 2.926 3.367 3.843 4.355 7.666 11.666 15.527 19.250 22.834 26.279 29.586 32.754 35.783
10.851 10.176 9.509 8.850 8.324 8.527 8.685 8.799 8.869 8.894 8.874 8.811 8.702 8.550 8.352 8.111 7.906 7.936 7.961 7.980 7.993 8.000 8.001 7.996 7.985 7.969 7.946 7.918 8.117 8.753 9.366 9.955 10.521 11.064 11.583 12.079 12.552 13.001 13.427 13.829 13.531 12.365 11.206 10.054 8.910 7.773 6.642 5.520 4.404 3.295 2.194 1.162 0.937 1.219 1.537 1.889 2.276 2.699 3.156 3.649 4.176 4.739 5.336 5.969 8.524 12.045 15.428 18.672 21.778 24.745 27.573 30.263 32.814
11.743 11.097 10.460 9.832 9.213 9.252 9.256 9.215 9.130 9.001 8.827 8.609 8.346 8.039 7.688 7.292 6.894 6.905 6.909 6.908 6.900 6.887 6.868 6.843 6.812 6.775 6.733 6.684 6.750 7.306 7.838 8.347 8.832 9.294 9.733 10.148 10.541 10.910 11.255 11.577 11.452 10.311 9.177 8.050 6.995 6.127 5.283 4.466 3.674 2.907 2.166 1.450 1.182 1.586 2.024 2.498 3.006 3.550 4.128 4.742 5.391 6.074 6.793 7.547 9.513 12.556 15.460 18.226 20.854 23.343 25.694 27.906 29.979
12.624 12.008 11.401 10.803 10.214 10.025 9.874 9.679 9.440 9.156 8.828 8.456 8.039 7.577 7.072 6.522 5.927 5.880 5.865 5.843 5.815 5.782 5.742 5.697 5.646 5.589 5.526 5.458 5.409 5.884 6.336 6.764 7.169 7.551 7.909 8.244 8.556 8.922 9.394 9.824 10.019 9.136 8.279 7.448 6.642 5.861 5.106 4.376 3.672 2.993 2.340 1.712 1.392 1.917 2.477 3.071 3.701 4.366 5.065 5.800 6.570 7.375 8.214 9.089 10.633 13.198 15.624 17.913 20.062 22.074 23.947 25.682 27.278
13.494 12.908 12.332 11.764 11.205 10.845 10.540 10.191 9.798 9.360 8.877 8.350 7.779 7.164 6.504 5.800 5.051 4.864 4.828 4.786 4.738 4.684 4.625 4.559 4.488 4.411 4.328 4.239 4.144 4.488 4.983 5.606 6.186 6.724 7.220 7.673 8.083 8.450 8.775 9.058 9.289 8.495 7.726 6.982 6.264 5.571 4.904 4.262 3.645 3.054 2.489 1.948 1.567 2.213 2.894 3.610 4.361 5.146 5.967 6.823 7.714 8.639 9.600 10.595 11.884 13.971 15.920 17.731 19.403 20.937 22.333 23.591 24.710
14.354 13.798 13.252 12.714 12.185 11.713 11.254 10.751 10.203 9.611 8.974 8.293 7.568 6.799 5.985 5.127 4.224 3.854 3.798 3.736 3.668 3.594 3.514 3.604 3.846 4.068 4.270 4.452 4.614 5.069 5.587 6.063 6.496 6.886 7.234 7.540 7.803 8.023 8.201 8.336 8.429 7.828 7.147 6.491 5.861 5.256 4.676 4.122 3.594 3.090 2.612 2.160 1.732 2.474 3.276 4.113 4.985 5.892 6.833 7.810 8.822 9.868 10.950 12.066 13.265 14.875 16.347 17.680 18.876 19.933 20.852 21.632 22.275
15.203 14.678 14.161 13.653 13.154 12.629 12.015 11.358 10.656 9.909 9.119 8.284 7.405 6.482 5.514 4.502 3.665 3.470 3.763 4.036 4.288 4.521 4.734 4.926 5.098 5.251 5.383 5.495 5.588 5.863 6.234 6.563 6.848 7.092 7.292 7.451 7.566 7.639 7.670 7.658 7.604 7.137 6.544 5.976 5.433 4.916 4.424 3.958 3.517 3.101 2.711 2.346 2.006 2.701 3.624 4.582 5.574 6.602 7.665 8.762 9.895 11.062 12.264 13.501 14.774 15.911 16.905 17.762 18.480 19.061 19.503 19.807 19.973
16.041 15.546 15.060 14.582 14.113 13.591 12.824 12.012 11.156 10.299 9.490 8.721 7.995 7.309 6.664 6.061 5.499 5.230 5.453 5.656 5.839 6.002 6.145 6.267 6.370 6.453 6.516 6.558 6.581 6.701 6.925 7.106 7.244 7.340 7.394 7.405 7.374 7.300 7.183 7.024 6.823 6.421 5.915 5.435 4.980 4.551 4.147 3.768 3.415 3.087 2.784 2.507 2.255 2.892 3.936 5.015 6.128 7.277 8.460 9.679 10.932 12.220 13.543 14.901 16.294 17.077 17.595 17.975 18.217 18.320 18.286 18.114 17.804
16.870 16.405 15.860 15.297 14.740 14.168 13.337 12.546 11.797 11.089 10.422 9.797 9.213 8.670 8.168 7.707 7.288 7.009 7.162 7.295 7.409 7.502 7.575 7.628 7.661 7.675 7.668 7.641 7.594 7.582 7.659 7.692 7.684 7.633 7.539 7.403 7.225 7.004 6.740 6.434 6.086 5.680 5.263 4.870 4.503 4.161 3.844 3.553 3.288 3.047 2.832 2.642 2.478 3.049 4.214 5.413 6.648 7.917 9.221 10.560 11.934 13.343 14.787 16.265 17.779 18.374 18.416 18.319 18.085 17.720 17.403 17.157 16.982
17.042 16.487 15.938 15.395 14.857 14.326 13.653 13.005 12.399 11.833 11.309 10.827 10.385 9.985 9.625 9.307 9.031 8.807 8.890 8.954 8.998 9.021 9.025 9.009 8.972 8.916 8.839 8.743 8.626 8.506 8.435 8.322 8.166 7.968 7.728 7.445 7.119 6.751 6.341 5.888 5.393 4.915 4.585 4.280 4.000 3.746 3.517 3.314 3.135 2.983 2.855 2.753 2.676 3.171 4.456 5.776 7.132 8.522 9.946 11.406 12.901 14.430 15.691 16.837 17.943 18.208 17.852 17.566 17.352 17.209 17.136 17.135 17.204
17.074 16.539 16.010 15.486 14.969 14.457 13.924 13.419 12.955 12.532 12.151 11.811 11.512 11.254 11.037 10.862 10.727 10.634 10.638 10.632 10.606 10.560 10.494 10.408 10.302 10.177 10.031 9.865 9.679 9.473 9.255 8.995 8.692 8.347 7.960 7.530 7.057 6.543 5.985 5.386 4.744 4.125 3.883 3.665 3.473 3.307 3.165 3.049 2.958 2.893 2.853 2.838 2.849 3.258 4.664 6.007 7.297 8.546 9.755 10.924 12.052 13.141 14.189 15.197 16.165 16.651 16.540 16.499 16.530 16.631 16.802 17.045 17.359
17.099 16.584 16.075 15.572 15.074 14.582 14.150 13.788 13.466 13.186 12.947 12.750 12.593 12.478 12.403 12.370 12.378 12.428 12.405 12.329 12.234 12.118 11.983 11.828 11.652 11.457 11.241 11.006 10.751 10.475 10.118 9.711 9.261 8.770 8.235 7.658 7.039 6.378 5.674 4.927 4.139 3.311 3.156 3.026 2.921 2.842 2.788 2.760 2.800 2.840 2.872 2.895 2.910 3.090 4.321 5.512 6.663 7.774 8.845 9.876 10.866 11.817 12.727 13.597 14.427 15.029 15.162 15.366 15.640 15.986 16.402 16.889 17.447
17.118 16.623 16.134 15.650 15.173 14.701 14.331 14.111 13.933 13.795 13.698 13.643 13.629 13.656 13.724 13.833 13.983 14.175 14.191 14.046 13.881 13.696 13.491 13.266 13.021 12.756 12.472 12.167 11.842 11.497 11.024 10.470 9.874 9.235 8.554 7.830 7.065 6.256 5.406 4.513 3.577 2.752 2.701 2.763 2.817 2.862 2.898 2.926 2.945 2.956 2.958 2.951 2.936 2.912 4.004 5.057 6.070 7.043 7.976 8.868 9.721 10.533 11.305 12.037 12.729 13.341 13.718 14.166 14.685 15.274 15.935 16.666 17.468
17.131 16.656 16.186 15.723 15.265 14.814 14.468 14.390 14.354 14.358 14.404 14.491 14.619 14.788 14.999 15.250 15.543 15.876 15.996 15.781 15.547 15.293 15.018 14.724 14.410 14.076 13.721 13.347 12.953 12.539 11.973 11.272 10.529 9.744 8.880 8.029 7.192 6.369 5.560 4.765 3.984 3.218 3.032 3.065 3.089 3.104 3.111 3.109 3.098 3.079 3.051 3.015 2.970 2.916 3.726 4.641 5.516 6.351 7.146 7.900 8.615 9.289 9.924 10.518 11.072 11.586 12.208 12.900 13.663 14.496 15.401 16.376 17.422
17.137 16.682 16.233 15.789 15.352 14.920 14.559 14.624 14.729 14.876 15.064 15.294 15.564 15.875 16.228 16.621 17.056 17.532 17.820 17.536 17.233 16.909 16.565 16.201 15.818 15.414 14.982 14.322 13.682 13.062 12.344 11.485 10.640 9.809 8.992 8.189 7.401 6.626 5.866 5.119 4.387 3.669 3.373 3.375 3.369 3.355 3.332 3.300 3.260 3.211 3.153 3.087 3.013 2.929 3.488 4.265 5.002 5.699 6.356 6.973 7.549 8.086 8.582 9.039 9.455 9.831 10.631 11.567 12.574 13.652 14.800 16.019 17.309
