DATA/SHG/ECMWF/20170628/EN-34/20170630.en-34.asc
ncols        190
nrows        64
xllcorner    -5100000.000000000000
yllcorner    4130000.000000000000
cellsize     10000.000000000000
NODATA_value  -99999.000
[rows 32 to 63 of 64, columns 0 to 72 of 190]
7.867 7.817 7.277 6.683 6.083 5.478 4.866 4.248 3.624 2.994 2.358 1.716 1.068 0.414 0.443 0.513 0.586 0.661 0.739 0.820 0.903 0.989 1.078 1.169 1.262 1.359 1.622 1.897 2.181 2.474 2.776 3.087 3.407 3.736 4.075 4.422 4.779 5.133 4.955 4.768 4.574 4.372 4.162 3.944 3.718 3.484 3.242 3.277 3.246 3.030 3.386 3.694 3.955 4.168 4.333 4.451 4.521 4.543 4.518 4.445 4.324 4.169 4.128 4.088 4.050 4.013 3.979 3.946 3.914 3.885 3.857 3.831 3.806
8.089 8.040 7.567 6.952 6.331 5.704 5.071 4.432 3.786 3.135 2.478 1.815 1.145 0.470 0.393 0.473 0.555 0.639 0.726 0.816 0.909 1.004 1.101 1.201 1.304 1.410 1.677 1.983 2.299 2.624 2.958 3.301 3.653 4.014 4.384 4.763 5.151 5.548 5.417 5.203 5.940 6.706 7.245 7.557 7.642 7.500 7.131 6.536 5.713 4.663 4.738 4.880 4.974 5.021 5.021 4.972 4.876 4.732 4.541 4.302 4.015 3.681 3.631 3.597 3.565 3.535 3.506 3.479 3.454 3.430 3.408 3.388 3.370
8.310 8.263 7.864 7.228 6.585 5.937 5.282 4.622 3.955 3.283 2.604 1.920 1.229 0.533 0.341 0.429 0.520 0.614 0.710 0.809 0.911 1.015 1.122 1.231 1.343 1.458 1.722 2.061 2.408 2.764 3.130 3.505 3.888 5.616 7.494 9.408 11.357 13.341 14.334 14.762 14.963 14.936 14.684 14.204 13.497 12.564 11.404 10.017 8.403 6.562 6.135 6.111 6.039 5.920 5.754 5.539 5.277 4.968 4.610 4.206 3.753 3.253 3.134 3.106 3.080 3.055 3.033 3.012 2.992 2.975 2.959 2.945 2.932
8.531 8.485 8.167 7.509 6.846 6.176 5.500 4.819 4.131 3.437 2.737 2.032 1.320 0.602 0.285 0.383 0.483 0.586 0.692 0.800 0.911 1.024 1.140 1.259 1.380 1.559 3.171 4.923 6.711 8.534 10.392 12.286 14.216 16.181 18.181 20.216 22.287 24.394 25.159 24.795 24.204 23.386 22.342 21.071 19.573 17.849 15.898 13.720 11.316 8.685 7.577 7.387 7.150 6.865 6.533 6.152 5.725 5.249 4.726 4.156 3.537 2.872 2.635 2.614 2.593 2.575 2.558 2.543 2.530 2.518 2.509 2.500 2.494
8.750 8.706 8.476 7.798 7.113 6.422 5.725 5.022 4.313 3.598 2.877 2.150 1.417 0.678 0.227 0.334 0.444 0.556 0.771 1.598 2.625 3.854 5.282 6.912 8.742 10.773 12.829 14.704 16.614 18.559 20.540 22.556 24.607 26.694 28.816 30.974 33.167 35.395 36.201 35.045 33.663 32.054 30.219 28.157 25.869 23.354 20.613 17.645 14.451 11.031 9.065 8.710 8.306 7.856 7.357 6.811 6.218 5.577 4.888 4.152 3.368 2.537 2.136 2.120 2.106 2.094 2.083 2.074 2.067 2.061 2.057 2.055 2.054
8.969 8.927 8.792 8.092 7.386 6.674 5.956 5.232 4.501 3.765 3.023 2.304 1.677 1.092 0.770 1.494 2.419 3.544 4.870 6.397 8.123 10.051 12.179 14.507 17.036 19.765 22.438 24.435 26.467 28.534 30.637 32.775 34.948 37.157 39.401 41.681 43.996 46.346 47.459 45.513 43.340 40.941 38.315 35.463 32.385 29.081 25.550 21.793 17.809 13.599 10.599 10.077 9.508 8.892 8.228 7.516 6.757 5.951 5.097 4.195 3.246 2.249 1.636 1.626 1.618 1.611 1.606 1.603 1.602 1.602 1.604 1.608 1.614
9.188 9.147 9.106 8.393 7.634 6.862 6.132 5.443 4.795 4.189 3.624 3.100 2.618 2.177 1.854 3.278 4.902 6.726 8.751 10.976 13.402 16.028 18.854 21.881 25.108 28.535 31.997 34.116 36.270 38.459 40.684 42.944 45.239 47.570 49.936 52.337 54.774 57.246 58.934 56.197 53.235 50.046 46.630 42.989 39.121 35.028 30.708 26.162 21.389 16.391 12.177 11.490 10.756 9.974 9.144 8.267 7.343 6.371 5.351 4.284 3.170 2.008 1.134 1.130 1.128 1.128 1.129 1.132 1.136 1.143 1.340 1.700 2.102
9.000 8.834 8.663 8.044 7.375 6.748 6.162 5.617 5.113 4.651 4.230 3.851 3.512 3.216 2.960 4.844 7.167 9.690 12.414 15.337 18.461 21.785 25.309 29.034 32.958 37.083 41.408 43.747 46.023 48.334 50.681 53.063 55.480 57.933 60.420 62.944 65.502 68.096 70.625 67.099 63.347 59.368 55.164 50.734 46.077 41.195 36.086 30.752 25.191 19.405 13.801 12.949 12.049 11.101 10.106 9.064 7.974 6.837 5.652 4.420 3.140 1.813 0.632 0.749 0.958 1.210 1.504 1.841 2.221 2.643 3.107 3.614 4.164
8.413 8.229 8.039 7.597 7.072 6.589 6.146 5.746 5.386 5.068 4.791 4.556 4.362 4.209 4.097 6.194 9.215 12.437 15.858 19.479 23.301 27.323 31.544 35.966 40.588 45.410 50.432 53.329 55.727 58.160 60.628 63.132 65.671 68.245 70.855 73.499 76.180 78.895 81.646 78.218 73.676 68.909 63.916 58.697 53.253 47.582 41.686 35.563 29.215 22.641 15.841 14.452 13.387 12.274 11.114 9.907 8.576 7.245 5.950 4.690 3.466 2.278 1.127 1.441 1.798 2.197 2.639 3.124 3.650 4.220 4.831 5.486 6.183
7.833 7.630 7.422 7.105 6.724 6.385 6.086 5.830 5.614 5.440 5.307 5.216 5.165 5.156 5.189 7.328 11.047 14.966 19.084 23.403 27.922 32.641 37.559 42.678 47.997 53.515 59.233 62.861 65.381 67.935 70.526 73.151 75.812 78.508 81.239 84.005 86.807 89.644 92.516 89.553 84.223 78.668 72.887 66.880 60.647 54.189 47.505 40.596 33.460 25.579 17.790 15.111 13.725 12.376 11.061 9.783 8.540 7.332 6.160 5.023 3.922 2.856 1.826 2.092 2.596 3.143 3.732 4.364 5.038 5.754 6.513 7.315 8.159
7.259 7.038 6.811 6.568 6.331 6.136 5.982 5.869 5.797 5.767 5.778 5.830 5.924 6.059 6.235 8.245 12.661 17.277 22.093 27.109 32.324 37.740 43.355 49.170 55.185 61.399 67.814 72.344 74.985 77.662 80.373 83.120 85.903 88.720 91.573 94.461 97.384 100.343 103.336 101.104 94.987 88.644 79.988 71.385 63.013 54.871 46.960 39.278 31.827 24.606 17.616 14.425 13.163 11.936 10.745 9.589 8.469 7.384 6.335 5.321 4.343 3.400 2.493 2.701 3.353 4.046 4.783 5.562 6.383 7.247 8.153 9.101 10.092
6.692 6.453 6.208 5.987 5.894 5.842 5.832 5.863 5.935 6.049 6.204 6.399 6.637 6.915 7.235 8.946 14.059 19.372 24.885 30.597 36.509 42.620 48.931 55.442 62.152 69.063 76.173 81.777 84.540 87.338 90.172 93.040 95.944 98.883 101.789 101.875 101.918 101.917 101.873 97.995 89.501 81.237 73.203 65.399 57.825 50.481 43.368 36.484 29.831 23.408 17.215 13.706 12.567 11.463 10.395 9.362 8.364 7.402 6.476 5.585 4.729 3.909 3.125 3.268 4.067 4.908 5.792 6.717 7.686 8.697 9.750 10.845 11.983
6.132 5.874 5.610 5.361 5.412 5.504 5.638 5.813 6.028 6.286 6.584 6.924 7.304 7.726 8.190 9.432 15.241 21.250 27.459 33.867 40.475 47.282 54.288 61.495 68.900 76.506 84.311 90.841 91.082 91.280 91.434 91.545 91.612 91.636 91.616 91.553 91.446 91.296 91.103 88.593 80.897 73.431 66.196 59.190 52.414 45.868 39.552 33.466 27.610 21.984 16.588 12.953 11.937 10.956 10.010 9.100 8.225 7.386 6.582 5.814 5.081 4.384 3.722 3.794 4.740 5.728 6.758 7.831 8.946 10.104 11.304 12.547 13.832
5.578 5.302 5.020 4.733 4.886 5.122 5.399 5.717 6.077 6.477 6.919 7.402 7.927 8.492 9.099 9.747 16.208 22.912 29.816 36.920 43.943 49.976 55.816 61.463 66.916 72.176 77.243 81.770 81.862 81.910 81.915 81.876 81.794 81.669 81.500 81.288 81.032 80.733 80.390 78.971 72.073 65.405 58.967 52.759 46.780 41.032 35.513 30.224 25.164 20.335 15.735 12.166 11.272 10.414 9.591 8.804 8.052 7.335 6.654 6.009 5.398 4.823 4.284 4.278 5.370 6.505 7.683 8.903 10.165 11.470 12.817 14.206 15.638
5.031 4.736 4.436 4.130 4.315 4.695 5.115 5.577 6.080 6.624 7.210 7.836 8.504 9.148 9.672 10.184 15.579 21.715 27.658 33.408 38.964 44.328 49.498 54.476 59.260 63.851 68.249 72.454 72.698 72.597 72.452 72.265 72.033 71.759 71.441 71.080 70.675 70.227 69.735 69.129 63.029 57.158 51.517 46.106 40.924 35.972 31.250 26.757 22.494 18.461 14.657 11.345 10.574 9.839 9.138 8.474 7.844 7.250 6.692 6.169 5.681 5.228 4.811 4.720 5.959 7.241 8.566 9.932 11.341 12.793 14.286 15.823 17.401
4.491 4.177 3.859 3.535 3.700 4.223 4.786 5.351 5.904 6.446 6.976 7.494 8.001 8.495 8.978 9.449 13.485 18.952 24.226 29.306 34.194 38.888 43.390 47.699 51.815 55.738 59.467 63.004 63.590 63.340 63.047 62.710 62.329 61.906 61.439 60.929 60.375 59.778 59.137 58.454 53.765 48.691 43.846 39.231 34.846 30.690 26.764 23.067 19.599 16.361 13.353 10.574 9.842 9.229 8.652 8.109 7.603 7.131 6.695 6.294 5.929 5.599 5.304 5.120 6.507 7.936 9.407 10.920 12.476 14.074 15.714 17.397 19.108
4.048 3.781 3.513 3.244 3.346 3.894 4.430 4.954 5.467 5.968 6.458 6.935 7.401 7.855 8.298 8.729 11.599 16.396 21.001 25.413 29.632 33.658 37.492 41.132 44.580 47.835 50.897 53.766 54.539 54.140 53.697 53.211 52.682 52.110 51.494 50.834 50.132 49.386 48.597 47.764 44.280 40.002 35.954 32.135 28.545 25.185 22.054 19.153 16.481 14.038 11.824 9.840 9.076 8.586 8.131 7.711 7.327 6.977 6.664 6.385 6.142 5.935 5.762 5.625 7.013 8.572 9.964 11.329 12.668 13.979 15.264 16.521 17.752
3.931 3.662 3.392 3.123 3.084 3.591 4.087 4.571 5.043 5.504 5.952 6.389 6.815 7.229 7.631 8.021 9.919 14.048 17.984 21.728 25.279 28.637 31.802 34.775 37.555 40.143 42.537 44.739 45.544 44.996 44.404 43.769 43.091 42.370 41.605 40.797 39.946 39.051 38.113 37.132 34.576 31.094 27.841 24.818 22.023 19.458 17.122 15.015 13.138 11.489 10.070 8.880 8.277 7.909 7.576 7.278 7.016 6.790 6.595 6.396 6.194 5.989 5.780 5.567 6.564 7.890 9.190 10.463 11.708 12.927 14.119 15.284 16.422
3.814 3.544 3.273 3.001 2.835 3.302 3.757 4.200 4.632 5.052 5.460 5.857 6.242 6.615 6.977 7.327 8.445 11.906 15.174 18.250 21.134 23.824 26.322 28.628 30.741 32.661 34.389 35.924 36.605 35.908 35.168 34.384 33.557 32.687 31.773 30.817 29.817 28.773 27.687 26.557 24.652 21.965 19.508 17.279 15.279 13.509 11.967 10.655 9.571 8.717 8.092 7.729 7.562 7.372 7.178 6.981 6.781 6.577 6.370 6.159 5.945 5.728 5.507 5.283 6.001 7.235 8.442 9.622 10.776 11.902 13.001 14.074 15.120
3.698 3.426 3.154 2.881 2.608 3.025 3.440 3.843 4.234 4.613 4.981 5.338 5.682 6.015 6.336 6.645 7.178 9.971 12.572 14.980 17.196 19.220 21.051 22.690 24.136 25.389 26.451 27.319 27.722 26.876 25.987 25.055 24.079 23.060 21.998 20.893 19.744 18.552 17.317 16.039 14.509 12.617 10.954 9.519 8.577 8.406 8.243 8.089 7.944 7.807 7.678 7.559 7.411 7.209 7.004 6.795 6.583 6.367 6.148 5.926 5.700 5.470 5.238 5.002 5.465 6.606 7.721 8.808 9.869 10.903 11.910 12.890 13.844
3.583 3.309 3.035 2.761 2.486 2.761 3.136 3.498 3.849 4.188 4.515 4.831 5.135 5.428 5.709 5.978 6.235 8.242 10.176 11.918 13.467 14.824 15.988 16.960 17.740 18.328 18.723 18.925 18.895 17.900 16.863 15.782 14.657 13.490 12.279 11.025 9.728 8.876 8.897 8.893 8.843 8.667 8.500 8.341 8.191 8.050 7.917 7.792 7.676 7.569 7.470 7.380 7.264 7.050 6.833 6.612 6.388 6.161 5.930 5.696 5.458 5.217 4.972 4.725 4.955 6.003 7.026 8.021 8.989 9.931 10.845 11.733 12.594
3.468 3.193 2.918 2.642 2.366 2.511 2.844 3.166 3.477 3.776 4.063 4.338 4.602 4.854 5.094 5.323 5.540 6.720 7.987 9.062 9.945 10.636 11.134 11.440 11.554 11.476 11.205 10.742 10.087 8.980 8.360 8.466 8.548 8.605 8.639 8.648 8.633 8.593 8.530 8.442 8.330 8.184 8.047 7.918 7.797 7.685 7.582 7.487 7.401 7.323 7.253 7.193 7.120 6.894 6.665 6.433 6.197 5.958 5.715 5.469 5.220 4.967 4.711 4.451 4.470 5.427 6.357 7.260 8.136 8.985 9.807 10.603 11.371
3.354 3.078 2.801 2.524 2.246 2.273 2.566 2.848 3.118 3.376 3.623 3.858 4.081 4.293 4.493 4.681 4.858 5.404 6.005 6.414 6.630 6.655 6.488 6.518 6.887 7.268 7.661 8.067 8.486 8.643 8.689 8.711 8.709 8.683 8.632 8.557 8.459 8.336 8.189 8.017 7.822 7.693 7.585 7.486 7.395 7.313 7.239 7.173 7.117 7.068 7.029 6.998 6.975 6.742 6.501 6.257 6.010 5.759 5.504 5.246 4.985 4.721 4.453 4.181 4.012 4.877 5.714 6.525 7.308 8.065 8.795 9.499 10.175
3.241 2.963 2.685 2.406 2.127 2.048 2.301 2.542 2.772 2.990 3.196 3.391 3.574 3.745 3.905 4.053 4.239 4.510 4.847 5.197 5.559 5.933 6.320 6.720 7.132 7.556 7.993 8.443 8.905 9.080 9.042 8.981 8.895 8.785 8.651 8.492 8.310 8.103 7.872 7.617 7.338 7.194 7.116 7.046 6.985 6.932 6.888 6.852 6.825 6.806 6.796 6.794 6.801 6.594 6.341 6.085 5.826 5.563 5.297 5.027 4.754 4.478 4.198 3.915 3.628 4.352 5.097 5.816 6.507 7.172 7.810 8.421 9.005
3.128 2.849 2.569 2.289 2.008 1.836 2.049 2.250 2.439 2.649 2.871 3.091 3.310 3.528 3.744 3.958 4.171 4.437 4.818 5.211 5.616 6.034 6.464 6.907 7.363 7.831 8.311 8.804 9.310 9.542 9.420 9.275 9.105 8.912 8.694 8.452 8.186 7.895 7.581 7.242 6.879 6.687 6.638 6.598 6.566 6.543 6.528 6.522 6.524 6.535 6.555 6.583 6.619 6.449 6.185 5.917 5.646 5.371 5.093 4.812 4.527 4.239 3.947 3.652 3.354 3.854 4.507 5.133 5.733 6.305 6.851 7.370 7.862
3.016 2.735 2.460 2.198 1.946 1.736 1.959 2.180 2.400 2.618 2.835 3.050 3.264 3.477 3.688 3.897 4.105 4.351 4.775 5.211 5.660 6.122 6.595 7.082 7.581 8.092 8.616 9.153 9.702 10.028 9.823 9.594 9.341 9.063 8.762 8.436 8.086 7.712 7.314 6.892 6.446 6.172 6.153 6.142 6.140 6.146 6.161 6.184 6.216 6.256 6.305 6.363 6.429 6.308 6.032 5.752 5.469 5.183 4.893 4.600 4.303 4.003 3.700 3.394 3.083 3.382 3.943 4.477 4.984 5.511 6.034 6.539 7.026
2.876 2.630 2.396 2.174 1.963 1.764 1.944 2.161 2.375 2.589 2.800 3.011 3.220 3.427 3.633 3.837 4.040 4.251 4.719 5.199 5.691 6.196 6.713 7.243 7.785 8.340 8.907 9.487 10.079 10.539 10.250 9.938 9.601 9.240 8.855 8.445 8.012 7.555 7.073 6.567 6.038 5.649 5.659 5.678 5.705 5.741 5.785 5.838 5.900 5.970 6.048 6.135 6.230 6.170 5.882 5.591 5.296 4.998 4.697 4.392 4.083 3.772 3.482 3.201 2.925 3.100 3.633 4.148 4.645 5.125 5.586 6.030 6.456
2.718 2.513 2.319 2.137 1.967 1.808 1.932 2.143 2.353 2.561 2.768 2.973 3.177 3.379 3.580 3.779 3.977 4.174 4.649 5.172 5.708 6.256 6.817 7.390 7.976 8.574 9.185 9.808 10.444 11.074 10.702 10.306 9.885 9.441 8.972 8.479 7.963 7.422 6.857 6.267 5.654 5.118 5.158 5.206 5.263 5.328 5.402 5.484 5.575 5.674 5.782 5.899 6.024 6.036 5.736 5.438 5.144 4.854 4.568 4.286 4.007 3.733 3.462 3.195 2.931 2.976 3.448 3.902 4.338 4.756 5.156 5.539 5.903
2.548 2.383 2.230 2.088 1.958 1.840 1.921 2.127 2.331 2.534 2.736 2.936 3.135 3.332 3.528 3.723 3.915 4.107 4.566 5.133 5.712 6.304 6.908 7.524 8.153 8.795 9.449 10.116 10.795 11.486 11.178 10.699 10.195 9.667 9.114 8.538 7.938 7.314 6.665 5.992 5.296 4.579 4.648 4.726 4.812 4.907 5.010 5.122 5.318 5.499 5.653 5.778 5.875 5.896 5.607 5.323 5.042 4.765 4.492 4.223 3.957 3.696 3.438 3.184 2.934 2.870 3.280 3.673 4.047 4.404 4.743 5.065 5.368
2.365 2.240 2.128 2.026 1.937 1.858 1.911 2.112 2.312 2.510 2.706 2.902 3.095 3.288 3.478 3.668 3.855 4.042 4.470 5.080 5.703 6.338 6.985 7.645 8.317 9.002 9.700 10.409 11.132 11.867 11.679 11.116 10.529 9.917 9.281 8.622 7.938 7.230 6.498 5.743 4.962 4.352 4.513 4.765 4.990 5.186 5.355 5.496 5.608 5.692 5.749 5.777 5.778 5.750 5.475 5.204 4.936 4.672 4.413 4.156 3.904 3.656 3.411 3.170 2.933 2.780 3.129 3.461 3.774 4.070 4.348 4.608 4.850
2.170 2.085 2.013 1.952 1.902 1.865 1.903 2.099 2.294 2.487 2.678 2.868 3.057 3.244 3.430 3.614 3.797 3.978 4.361 5.014 5.680 6.358 7.049 7.752 8.468 9.196 9.937 10.690 11.455 12.233 12.205 11.558 10.887 10.192 9.447 8.743 8.082 7.462 6.884 6.348 5.854 5.402 5.411 5.567 5.694 5.794 5.866 5.910 5.925 5.913 5.873 5.805 5.709 5.584 5.340 5.081 4.827 4.576 4.329 4.086 3.847 3.612 3.380 3.152 2.928 2.708 2.996 3.266 3.518 3.753 3.970 4.168 4.350
1.962 1.918 1.885 1.865 1.855 1.858 1.896 2.087 2.277 2.465 2.652 2.837 3.020 3.203 3.383 3.562 3.740 3.917 4.238 4.935 5.644 6.365 7.099 7.846 8.605 9.376 10.156 10.806 11.445 12.070 12.096 11.369 10.684 10.041 9.440 8.881 8.363 7.888 7.455 7.064 6.715 6.407 6.336 6.395 6.426 6.429 6.404 6.351 6.270 6.162 6.025 5.860 5.667 5.446 5.201 4.955 4.714 4.476 4.243 4.013 3.787 3.564 3.346 3.131 2.920 2.713 2.880 3.089 3.280 3.453 3.609 3.746 3.866
