DATA/SHG/ECMWF/20170628/EN-34/20170709.en-34.asc
ncols        190
nrows        64
xllcorner    -5100000.000000000000
yllcorner    4130000.000000000000
cellsize     10000.000000000000
NODATA_value  -99999.000
[rows 0 to 31 of 64, columns 73 to 145 of 190]
1.149 1.123 1.103 1.091 1.085 1.087 1.096 1.111 1.129 1.155 1.187 1.218 1.247 1.275 1.301 1.325 1.348 1.368 1.388 1.405 1.529 2.012 2.501 2.993 3.490 3.990 4.495 5.003 5.515 6.031 6.551 7.076 7.483 7.505 7.533 7.567 7.608 7.656 7.711 7.772 7.840 7.914 7.995 8.083 8.249 8.628 8.984 9.317 9.627 9.913 10.177 10.418 10.635 10.830 11.002 11.150 11.233 11.190 11.163 11.153 11.158 11.180 11.218 11.273 11.343 11.430 11.533 11.652 11.665 11.346 11.035 10.730 10.432
0.906 0.904 0.943 0.992 1.041 1.091 1.142 1.193 1.240 1.268 1.295 1.320 1.343 1.365 1.385 1.404 1.420 1.436 1.449 1.461 1.523 2.024 2.531 3.041 3.555 4.074 4.596 5.122 5.652 6.186 6.724 7.266 7.755 7.806 7.864 7.928 7.999 8.076 8.160 8.251 8.349 8.452 8.563 8.680 8.825 9.101 9.354 9.584 9.791 9.974 10.135 10.273 10.388 10.480 10.549 10.595 10.619 10.648 10.694 10.756 10.834 10.928 11.038 11.165 11.308 11.466 11.642 11.833 11.963 11.675 11.394 11.120 10.852
0.952 1.002 1.052 1.103 1.154 1.205 1.257 1.309 1.360 1.383 1.404 1.423 1.441 1.457 1.471 1.484 1.495 1.504 1.512 1.518 1.523 2.031 2.556 3.084 3.616 4.152 4.692 5.236 5.784 6.336 6.892 7.452 8.016 8.100 8.187 8.281 8.382 8.489 8.602 8.723 8.850 8.983 9.123 9.270 9.424 9.597 9.747 9.874 9.978 10.060 10.118 10.153 10.165 10.154 10.121 10.064 9.989 10.090 10.208 10.343 10.493 10.659 10.842 11.041 11.256 11.487 11.734 11.997 12.219 11.908 11.633 11.393 11.188
1.058 1.109 1.161 1.213 1.265 1.318 1.371 1.425 1.479 1.499 1.514 1.527 1.539 1.550 1.558 1.565 1.571 1.574 1.576 1.577 1.576 2.034 2.576 3.122 3.672 4.226 4.784 5.346 5.912 6.481 7.055 7.633 8.215 8.386 8.503 8.626 8.757 8.893 9.036 9.186 9.343 9.506 9.676 9.852 10.035 10.117 10.164 10.189 10.190 10.169 10.124 10.057 9.967 9.853 9.717 9.558 9.375 9.517 9.707 9.934 10.176 10.410 10.635 10.851 11.058 11.256 11.445 11.626 11.797 11.667 11.548 11.465 11.417
1.164 1.217 1.269 1.323 1.377 1.431 1.485 1.540 1.596 1.616 1.625 1.633 1.639 1.644 1.647 1.648 1.648 1.646 1.642 1.637 1.630 2.032 2.592 3.156 3.724 4.295 4.871 5.451 6.034 6.622 7.214 7.809 8.409 8.665 8.811 8.964 9.124 9.290 9.463 9.642 9.828 10.021 10.220 10.426 10.638 10.661 10.605 10.527 10.426 10.302 10.145 9.980 9.822 9.672 9.530 9.395 9.267 9.424 9.645 9.857 10.060 10.254 10.439 10.615 10.783 10.941 11.091 11.231 11.363 11.391 11.429 11.502 11.610
1.269 1.323 1.377 1.432 1.487 1.543 1.599 1.655 1.712 1.735 1.738 1.740 1.741 1.740 1.737 1.732 1.726 1.718 1.709 1.698 1.685 2.025 2.603 3.185 3.770 4.360 4.954 5.551 6.152 6.758 7.367 7.981 8.598 8.936 9.111 9.294 9.483 9.679 9.881 10.090 10.306 10.493 10.640 10.766 10.869 10.785 10.616 10.454 10.300 10.154 10.014 9.883 9.758 9.642 9.532 9.430 9.336 9.436 9.617 9.789 9.953 10.107 10.253 10.389 10.517 10.635 10.745 10.846 10.938 11.080 11.274 11.504 11.769
1.374 1.429 1.485 1.541 1.597 1.654 1.712 1.769 1.828 1.855 1.852 1.849 1.843 1.837 1.828 1.818 1.806 1.792 1.777 1.761 1.742 2.014 2.610 3.209 3.812 4.420 5.031 5.647 6.266 6.889 7.516 8.147 8.826 9.295 9.520 9.724 9.905 10.064 10.202 10.317 10.410 10.481 10.530 10.557 10.562 10.480 10.345 10.216 10.096 9.982 9.876 9.778 9.687 9.603 9.527 9.458 9.397 9.457 9.598 9.731 9.855 9.969 10.075 10.172 10.260 10.339 10.409 10.471 10.523 10.734 11.085 11.471 11.893
1.478 1.534 1.591 1.649 1.707 1.765 1.824 1.883 1.943 1.976 1.968 1.959 1.948 1.935 1.921 1.905 1.887 1.868 1.847 1.825 1.800 1.998 2.611 3.300 4.015 4.727 5.435 6.140 6.842 7.541 8.236 8.929 9.618 10.094 10.221 10.326 10.409 10.470 10.509 10.525 10.520 10.493 10.443 10.372 10.278 10.169 10.066 9.971 9.883 9.803 9.730 9.665 9.607 9.557 9.514 9.478 9.450 9.487 9.589 9.682 9.766 9.841 9.907 9.964 10.013 10.052 10.083 10.104 10.117 10.354 10.862 11.404 11.981
1.581 1.639 1.698 1.757 1.816 1.876 1.936 1.996 2.057 2.098 2.085 2.070 2.053 2.035 2.015 2.033 2.194 2.332 2.450 2.545 2.620 2.814 3.521 4.224 4.925 5.622 6.316 7.007 7.694 8.379 9.060 9.737 10.412 10.917 10.946 10.952 10.937 10.899 10.839 10.758 10.654 10.528 10.380 10.211 10.019 9.849 9.780 9.718 9.664 9.617 9.577 9.545 9.520 9.503 9.493 9.491 9.496 9.526 9.589 9.642 9.686 9.722 9.748 9.766 9.775 9.775 9.766 9.748 9.721 9.940 10.603 11.301 12.035
1.684 1.744 1.803 1.864 1.924 1.986 2.047 2.109 2.251 2.561 2.775 2.968 3.139 3.289 3.417 3.523 3.608 3.671 3.713 3.733 3.732 3.770 4.462 5.151 5.837 6.520 7.200 7.876 8.549 9.218 9.885 10.548 11.208 11.763 11.693 11.601 11.488 11.352 11.194 11.014 10.811 10.587 10.341 10.073 9.783 9.522 9.486 9.458 9.436 9.422 9.416 9.417 9.426 9.441 9.465 9.495 9.534 9.575 9.597 9.611 9.616 9.612 9.599 9.577 9.546 9.506 9.458 9.400 9.334 9.491 10.310 11.164 12.054
1.786 1.926 2.178 2.452 2.746 3.060 3.395 3.751 4.128 4.522 4.660 4.777 4.873 4.947 4.999 5.030 5.040 5.028 4.994 4.939 4.862 4.747 5.406 6.080 6.752 7.420 8.085 8.747 9.405 10.061 10.712 11.361 12.007 12.632 12.464 12.274 12.062 11.827 11.571 11.293 10.993 10.670 10.326 9.960 9.572 9.188 9.185 9.190 9.201 9.221 9.247 9.282 9.323 9.372 9.429 9.492 9.564 9.632 9.615 9.589 9.555 9.511 9.458 9.397 9.327 9.247 9.159 9.062 8.957 9.007 9.982 10.993 12.038
2.974 3.277 3.602 3.947 4.313 4.699 5.107 5.534 5.982 6.451 6.562 6.604 6.624 6.622 6.599 6.555 6.489 6.402 6.293 6.162 6.010 5.820 6.352 7.012 7.669 8.323 8.973 9.620 10.264 10.905 11.542 12.177 12.808 13.435 13.258 12.969 12.659 12.326 11.972 11.595 11.197 10.777 10.334 9.870 9.384 8.875 8.877 8.914 8.959 9.012 9.071 9.139 9.213 9.295 9.385 9.482 9.586 9.698 9.642 9.577 9.502 9.419 9.327 9.226 9.117 8.998 8.870 8.734 8.755 9.047 10.583 12.174 13.820
4.232 4.608 5.004 5.421 5.859 6.317 6.796 7.295 7.815 8.356 8.481 8.447 8.392 8.315 8.217 8.097 7.956 7.793 7.609 7.403 7.176 6.910 7.300 7.945 8.588 9.227 9.863 10.496 11.125 11.752 12.375 12.994 13.611 14.224 14.075 13.688 13.279 12.849 12.396 11.922 11.425 10.907 10.366 9.804 9.220 8.613 8.561 8.631 8.709 8.795 8.888 8.988 9.096 9.211 9.333 9.463 9.601 9.745 9.678 9.634 9.685 9.777 9.910 10.084 10.299 10.555 10.852 11.190 11.569 11.990 13.682 15.518 17.410
5.470 5.917 6.386 6.874 7.384 7.914 8.464 9.035 9.627 10.239 10.417 10.308 10.177 10.025 9.851 9.656 9.440 9.202 8.942 8.661 8.359 8.017 8.250 8.881 9.509 10.134 10.755 11.374 11.989 12.601 13.209 13.814 14.416 15.015 14.914 14.430 13.923 13.394 12.844 12.271 11.677 11.060 10.422 9.762 9.080 8.375 8.237 8.341 8.452 8.570 8.756 9.003 9.246 9.485 9.720 9.951 10.178 10.402 10.573 10.765 10.998 11.272 11.588 11.944 12.341 12.779 13.258 13.778 14.339 14.941 16.721 18.803 20.940
6.686 7.205 7.745 8.306 8.887 9.488 10.111 10.753 11.416 12.100 12.370 12.186 11.980 11.752 11.503 11.233 10.941 10.628 10.294 9.938 9.560 9.143 9.202 9.819 10.433 11.043 11.650 12.254 12.854 13.452 14.046 14.637 15.224 15.809 15.777 15.194 14.590 13.963 13.315 12.644 11.952 11.253 10.587 9.954 9.351 8.781 8.705 8.950 9.191 9.428 9.662 9.891 10.117 10.338 10.556 10.770 10.980 11.186 11.479 11.853 12.268 12.724 13.221 13.759 14.338 14.958 15.619 16.321 17.064 17.847 19.701 22.028 24.410
7.881 8.472 9.084 9.716 10.369 11.042 11.736 12.450 13.185 13.940 14.340 14.080 13.799 13.497 13.173 12.827 12.460 12.072 11.662 11.231 10.779 10.286 10.157 10.759 11.358 11.954 12.547 13.136 13.722 14.305 14.885 15.461 15.942 16.341 16.257 15.511 14.796 14.113 13.461 12.842 12.254 11.697 11.172 10.679 10.217 9.787 9.684 9.911 10.135 10.355 10.571 10.783 10.991 11.195 11.396 11.592 11.784 11.973 12.341 12.897 13.494 14.132 14.811 15.531 16.291 17.093 17.936 18.819 19.743 20.709 22.622 25.193 27.820
9.055 9.718 10.401 11.105 11.829 12.574 13.339 14.125 14.931 15.758 16.327 15.992 15.636 15.258 14.859 14.439 13.997 13.534 13.049 12.543 12.015 11.447 11.114 11.595 11.993 12.392 12.791 13.189 13.588 13.987 14.386 14.784 15.183 15.582 15.682 15.077 14.503 13.960 13.450 12.970 12.523 12.107 11.722 11.369 11.048 10.759 10.665 10.876 11.082 11.284 11.483 11.677 11.868 12.055 12.238 12.417 12.592 12.763 13.160 13.898 14.676 15.496 16.357 17.258 18.200 19.184 20.208 21.273 22.378 23.525 25.483 28.299 31.171
10.208 10.943 11.697 12.473 13.268 14.084 14.921 15.778 16.656 17.554 18.331 17.921 17.490 17.037 16.563 16.041 15.185 14.341 13.508 12.686 11.876 11.087 10.434 10.833 11.232 11.631 12.030 12.429 12.828 13.227 13.627 14.026 14.426 14.825 15.074 14.609 14.176 13.774 13.403 13.065 12.757 12.482 12.238 12.025 11.845 11.695 11.650 11.842 12.031 12.216 12.397 12.575 12.748 12.917 13.083 13.244 13.402 13.556 13.935 14.855 15.815 16.816 17.859 18.941 20.065 21.230 22.435 23.682 24.969 26.297 28.285 31.346 34.462
11.340 12.146 12.972 13.819 14.686 15.574 16.482 17.411 18.291 18.837 19.363 18.521 17.659 16.808 15.969 15.141 14.326 13.521 12.729 11.947 11.178 10.429 9.699 10.071 10.471 10.870 11.270 11.669 12.069 12.469 12.869 13.269 13.669 14.069 14.433 14.108 13.815 13.553 13.323 13.125 12.958 12.823 12.719 12.647 12.606 12.597 12.637 12.812 12.984 13.151 13.315 13.475 13.631 13.783 13.931 14.075 14.215 14.352 14.668 15.769 16.911 18.093 19.317 20.581 21.886 23.232 24.619 26.046 27.515 29.024 31.028 34.333 37.693
12.451 13.259 13.878 14.477 15.055 15.612 16.149 16.665 17.160 17.635 18.090 17.451 16.629 15.818 15.020 14.232 13.457 12.693 11.940 11.200 10.470 9.762 9.072 9.311 9.711 10.111 10.511 10.911 11.311 11.711 12.112 12.512 12.913 13.313 13.714 13.573 13.420 13.299 13.209 13.151 13.124 13.129 13.166 13.234 13.333 13.464 13.627 13.785 13.939 14.089 14.235 14.378 14.516 14.651 14.782 14.909 15.032 15.151 15.357 16.639 17.962 19.326 20.731 22.177 23.663 25.190 26.758 28.367 30.016 31.706 33.713 37.262 40.866
12.081 12.649 13.197 13.724 14.230 14.716 15.181 15.626 16.050 16.454 16.836 16.371 15.590 14.820 14.061 13.314 12.579 11.855 11.143 10.442 9.753 9.085 8.436 8.551 8.951 9.352 9.753 10.153 10.554 10.955 11.355 11.756 12.157 12.558 12.959 13.004 12.992 13.011 13.061 13.143 13.256 13.401 13.578 13.786 14.025 14.296 14.599 14.760 14.897 15.029 15.158 15.283 15.405 15.522 15.635 15.745 15.851 15.952 16.050 17.467 18.971 20.516 22.102 23.728 25.396 27.104 28.853 30.642 32.473 34.173 35.703 38.917 42.075
11.563 12.060 12.536 12.991 13.426 13.841 14.234 14.608 14.960 15.292 15.604 15.283 14.542 13.812 13.094 12.387 11.692 11.009 10.337 9.676 9.027 8.399 7.791 7.792 8.193 8.594 8.995 9.396 9.797 10.199 10.600 11.001 11.403 11.804 12.206 12.402 12.529 12.688 12.879 13.101 13.354 13.639 13.956 14.303 14.683 15.094 15.536 15.738 15.857 15.973 16.084 16.192 16.296 16.396 16.492 16.584 16.672 16.757 16.837 18.251 19.934 21.594 23.208 24.776 26.298 27.773 29.202 30.585 31.921 33.212 34.456 37.308 40.222
11.065 11.490 11.894 12.279 12.642 12.985 13.307 13.609 13.891 14.151 14.392 14.186 13.485 12.796 12.118 11.451 10.796 10.153 9.521 8.901 8.292 7.704 7.137 7.034 7.435 7.837 8.239 8.640 9.042 9.444 9.846 10.247 10.649 11.051 11.453 11.766 12.033 12.332 12.663 13.025 13.418 13.843 14.299 14.787 15.306 15.857 16.439 16.719 16.821 16.919 17.013 17.053 17.051 17.101 17.203 17.357 17.564 17.822 18.132 19.358 20.860 22.315 23.725 25.088 26.405 27.676 28.900 30.079 31.211 32.297 33.337 35.755 38.425
10.586 10.940 11.273 11.586 11.878 12.150 12.401 12.631 12.841 13.031 13.200 13.080 12.419 11.770 11.132 10.506 9.891 9.288 8.696 8.116 7.547 7.000 6.473 6.277 6.679 7.081 7.483 7.885 8.287 8.689 9.092 9.494 9.897 10.299 10.702 11.096 11.504 11.943 12.413 12.914 13.448 14.012 14.571 15.053 15.494 15.893 16.252 16.396 16.417 16.489 16.614 16.791 17.020 17.301 17.634 18.018 18.456 18.945 19.486 20.534 21.831 23.082 24.287 25.446 26.559 27.625 28.646 29.620 30.548 31.430 32.265 34.259 36.685
10.128 10.410 10.672 10.913 11.134 11.335 11.514 11.674 11.812 11.931 12.028 11.965 11.345 10.735 10.138 9.551 8.977 8.414 7.862 7.322 6.794 6.287 5.800 5.520 5.923 6.325 6.728 7.131 7.533 7.936 8.339 8.742 9.145 9.607 10.180 10.779 11.366 11.912 12.416 12.880 13.303 13.685 14.026 14.327 14.586 14.804 14.982 15.155 15.407 15.711 16.066 16.474 16.934 17.445 18.009 18.625 19.292 20.012 20.784 21.755 22.848 23.895 24.896 25.851 26.759 27.621 28.438 29.208 29.932 30.609 31.241 32.819 35.001
9.689 9.900 10.091 10.261 10.410 10.539 10.648 10.736 10.804 10.851 10.877 10.841 10.261 9.692 9.134 8.588 8.053 7.530 7.019 6.519 6.030 5.564 5.118 4.765 5.187 5.655 6.145 6.659 7.197 7.757 8.340 8.947 9.577 10.229 10.905 11.549 11.954 12.318 12.642 12.924 13.166 13.366 13.526 13.645 13.723 13.760 13.756 13.862 14.344 14.878 15.465 16.103 16.793 17.536 18.330 19.176 20.074 21.024 22.026 23.022 23.911 24.754 25.550 26.301 27.005 27.664 28.276 28.842 29.362 29.836 30.264 31.435 33.374
9.270 9.410 9.529 9.628 9.707 9.764 9.802 9.819 9.815 9.791 9.747 9.682 9.168 8.639 8.122 7.616 7.127 6.691 6.265 5.851 5.449 5.063 4.693 4.332 4.858 5.428 6.022 6.639 7.279 7.942 8.628 9.338 10.070 10.825 11.604 12.362 12.586 12.769 12.911 13.012 13.072 13.092 13.070 13.008 12.905 12.761 12.576 12.514 13.227 13.992 14.809 15.678 16.599 17.571 18.596 19.673 20.801 21.982 23.214 24.334 25.019 25.658 26.251 26.797 27.298 27.752 28.161 28.523 28.839 29.109 29.334 30.107 31.802
8.871 8.939 8.988 9.015 9.023 9.010 8.976 8.922 8.847 8.757 8.679 8.600 8.216 7.774 7.343 6.923 6.514 6.117 5.731 5.356 4.993 4.647 4.317 3.995 4.503 5.177 5.873 6.593 7.335 8.101 8.890 9.702 10.537 11.395 12.277 13.181 13.261 13.263 13.224 13.144 13.023 12.861 12.659 12.415 12.131 11.806 11.440 11.113 12.057 13.052 14.100 15.199 16.350 17.553 18.808 20.114 21.473 22.884 24.346 25.692 26.173 26.608 26.997 27.340 27.636 27.887 28.092 28.250 28.363 28.430 28.450 28.835 30.287
8.491 8.489 8.454 8.382 8.308 8.233 8.156 8.078 7.997 7.915 7.831 7.746 7.436 7.033 6.641 6.261 5.892 5.534 5.187 4.852 4.528 4.222 3.931 3.650 4.123 4.899 5.698 6.521 7.366 8.234 9.126 10.040 10.978 11.939 12.923 13.929 13.980 13.801 13.581 13.320 13.018 12.675 12.291 11.867 11.402 10.896 10.349 9.762 10.833 12.059 13.336 14.666 16.047 17.480 18.965 20.502 22.090 23.731 25.423 27.095 27.372 27.603 27.789 27.928 28.021 28.068 28.069 28.024 27.934 27.797 27.614 27.619 28.829
7.805 7.731 7.655 7.577 7.498 7.417 7.334 7.249 7.163 7.075 6.986 6.894 6.647 6.283 5.931 5.589 5.260 4.941 4.634 4.338 4.054 3.787 3.536 3.294 3.717 4.596 5.498 6.423 7.371 8.342 9.336 10.353 11.393 12.456 13.542 14.652 14.743 14.383 13.981 13.539 13.057 12.533 11.969 11.364 10.718 10.031 9.303 8.535 9.556 11.012 12.519 14.078 15.690 17.353 19.068 20.834 22.653 24.523 26.446 28.420 28.617 28.645 28.626 28.562 28.452 28.295 28.093 27.845 27.551 27.211 26.824 26.412 27.270
7.020 6.940 6.858 6.775 6.689 6.603 6.514 6.424 6.332 6.238 6.143 6.046 5.848 5.524 5.211 4.909 4.618 4.339 4.072 3.815 3.570 3.343 3.131 2.929 3.286 4.267 5.272 6.299 7.349 8.423 9.519 10.639 11.782 12.947 14.136 15.348 15.549 15.008 14.426 13.803 13.139 12.435 11.690 10.904 10.078 9.210 8.302 7.353 8.225 9.911 11.648 13.438 15.279 17.171 19.116 21.113 23.161 25.261 27.413 29.616 29.907 29.731 29.438 28.970 28.476 27.956 27.410 26.838 26.239 25.615 24.964 24.288 24.903
6.237 6.152 6.064 5.975 5.884 5.791 5.697 5.601 5.503 5.404 5.303 5.200 5.040 4.755 4.481 4.219 3.968 3.728 3.500 3.282 3.077 2.889 2.717 2.555 2.829 3.913 5.020 6.150 7.302 8.478 9.677 10.899 12.144 13.412 14.703 16.017 16.399 15.677 14.914 14.111 13.266 12.381 11.456 10.489 9.482 8.434 7.346 6.217 6.841 8.757 10.724 12.743 14.814 16.993 19.268 21.459 23.564 25.584 27.518 29.367 29.535 29.004 28.447 27.864 27.254 26.619 25.958 25.270 24.556 23.817 23.051 22.259 22.572
