DATA/SHG/ECMWF/20170628/EN-34/20170705.en-34.asc
ncols        190
nrows        64
xllcorner    -5100000.000000000000
yllcorner    4130000.000000000000
cellsize     10000.000000000000
NODATA_value  -99999.000
[rows 32 to 63 of 64, columns 0 to 73 of 190]
19.678 17.389 16.323 15.409 14.527 13.678 12.862 12.080 11.330 10.613 9.929 9.278 8.660 8.075 7.960 7.835 7.673 7.474 7.239 6.967 6.658 6.313 5.932 5.514 5.059 4.568 4.407 4.264 4.135 4.018 3.914 3.823 3.745 3.679 3.627 3.587 3.560 3.544 3.412 3.282 3.154 3.028 2.904 2.781 2.661 2.543 2.427 2.416 2.436 2.449 2.638 2.811 2.968 3.109 3.233 3.342 3.434 3.509 3.569 3.612 3.639 3.644 3.590 3.541 3.498 3.461 3.430 3.404 3.385 3.372 3.364 3.363 3.367 3.442
19.458 17.179 15.998 15.199 14.432 13.699 12.998 12.331 11.696 11.094 10.525 9.989 9.486 9.016 8.749 8.496 8.206 7.879 7.516 7.116 6.680 6.207 5.698 5.152 4.570 3.951 3.755 3.657 3.573 3.501 3.442 3.396 3.362 3.342 3.334 3.339 3.358 3.388 3.284 3.160 3.217 3.302 3.368 3.415 3.445 3.455 3.448 3.422 3.377 3.315 3.430 3.546 3.647 3.731 3.799 3.850 3.886 3.905 3.908 3.895 3.865 3.820 3.785 3.756 3.734 3.717 3.707 3.702 3.703 3.710 3.723 3.742 3.767 3.798
19.237 16.967 15.638 14.954 14.302 13.684 13.098 12.545 12.026 11.539 11.085 10.664 10.276 9.921 9.576 9.195 8.777 8.323 7.832 7.304 6.740 6.140 5.503 4.830 4.120 3.373 3.090 3.038 2.998 2.971 2.957 2.956 2.967 3.365 3.738 4.052 4.306 4.500 4.595 4.652 4.690 4.710 4.712 4.695 4.660 4.607 4.535 4.445 4.336 4.209 4.236 4.296 4.340 4.367 4.379 4.374 4.353 4.316 4.262 4.193 4.107 4.005 3.974 3.966 3.964 3.968 3.978 3.994 4.015 4.043 4.077 4.116 4.161 4.212
19.013 16.753 15.242 14.673 14.137 13.633 13.162 12.725 12.320 11.948 11.609 11.303 11.029 10.789 10.441 9.932 9.387 8.805 8.186 7.531 6.839 6.111 5.347 4.546 3.709 2.862 3.106 3.689 4.212 4.676 5.079 5.423 5.707 5.932 6.096 6.201 6.246 6.232 6.213 6.205 6.179 6.135 6.073 5.992 5.892 5.775 5.639 5.484 5.312 5.121 5.058 5.061 5.048 5.019 4.974 4.913 4.836 4.742 4.632 4.506 4.364 4.206 4.157 4.170 4.188 4.213 4.243 4.279 4.322 4.370 4.424 4.483 4.549 4.621
18.787 16.536 14.811 14.357 13.935 13.546 13.191 12.868 12.578 12.321 12.096 11.905 11.746 11.621 11.345 10.708 10.035 9.325 8.628 8.198 7.834 7.537 7.307 7.143 7.045 7.014 7.192 7.566 7.881 8.135 8.330 8.465 8.541 8.556 8.512 8.409 8.245 8.022 7.847 7.775 7.685 7.577 7.450 7.305 7.142 6.960 6.760 6.541 6.305 6.049 5.894 5.841 5.772 5.686 5.585 5.467 5.333 5.183 5.017 4.835 4.636 4.422 4.335 4.368 4.407 4.452 4.502 4.559 4.622 4.690 4.765 4.845 4.931 5.023
18.558 16.317 14.344 14.005 13.698 13.424 13.183 12.975 12.800 12.657 12.548 12.481 12.487 12.550 12.545 12.080 11.682 11.351 11.085 10.887 10.755 10.689 10.690 10.757 10.891 11.091 11.335 11.501 11.606 11.652 11.638 11.565 11.432 11.239 10.987 10.675 10.303 9.871 9.498 9.362 9.208 9.035 8.845 8.635 8.408 8.162 7.898 7.615 7.314 6.995 6.745 6.636 6.510 6.369 6.211 6.037 5.847 5.640 5.418 5.179 4.924 4.653 4.506 4.560 4.619 4.684 4.756 4.833 4.916 5.005 5.100 5.200 5.307 5.419
18.328 16.096 13.867 13.618 13.401 13.204 13.065 12.984 12.960 12.994 13.086 13.235 13.442 13.707 14.002 13.769 13.603 13.503 13.469 13.501 13.601 13.766 13.998 14.297 14.661 15.093 15.535 15.492 15.389 15.226 15.004 14.722 14.381 13.980 13.519 12.999 12.419 11.779 11.166 10.966 10.747 10.511 10.256 9.982 9.691 9.381 9.053 8.706 8.341 7.958 7.612 7.446 7.264 7.066 6.852 6.621 6.375 6.112 5.833 5.538 5.227 4.900 4.672 4.746 4.826 4.911 5.003 5.101 5.204 5.313 5.515 5.782 6.058 6.342
17.725 15.448 13.195 12.734 12.681 12.686 12.748 12.869 13.046 13.282 13.575 13.926 14.335 14.801 15.325 15.385 15.450 15.581 15.779 16.042 16.373 16.769 17.232 17.762 18.358 19.020 19.748 19.540 19.229 18.858 18.428 17.938 17.388 16.779 16.110 15.381 14.593 13.746 12.850 12.586 12.303 12.003 11.684 11.346 10.991 10.617 10.225 9.814 9.385 8.938 8.493 8.271 8.033 7.778 7.508 7.221 6.918 6.599 6.264 5.913 5.546 5.162 4.831 5.017 5.255 5.502 5.757 6.020 6.291 6.570 6.858 7.154 7.459 7.771
16.734 14.541 12.372 11.751 11.899 12.105 12.369 12.691 13.070 13.507 14.002 14.554 15.164 15.831 16.556 16.928 17.224 17.586 18.015 18.510 19.071 19.698 20.392 21.153 21.979 22.872 23.831 23.646 23.126 22.547 21.909 21.210 20.453 19.635 18.758 17.822 16.826 15.771 14.656 14.222 13.876 13.511 13.128 12.727 12.307 11.870 11.413 10.939 10.446 9.935 9.406 9.111 8.816 8.506 8.179 7.836 7.502 7.189 6.895 6.618 6.358 6.116 5.893 6.151 6.418 6.693 6.976 7.268 7.568 7.876 8.192 8.516 8.849 9.190
15.719 13.609 11.524 10.705 11.055 11.463 11.928 12.451 13.031 13.669 14.365 15.118 15.929 16.798 17.724 18.398 18.925 19.518 20.178 20.903 21.695 22.554 23.478 24.469 25.526 26.650 27.840 27.808 27.081 26.294 25.447 24.541 23.575 22.550 21.465 20.321 19.117 17.854 16.531 15.876 15.465 15.037 14.590 14.125 13.641 13.139 12.619 12.081 11.524 10.872 10.225 9.814 9.474 9.152 8.848 8.561 8.292 8.041 7.807 7.591 7.392 7.211 7.048 7.276 7.571 7.875 8.187 8.507 8.835 9.171 9.516 9.869 10.230 10.600
14.679 12.653 10.652 9.598 10.149 10.758 11.424 12.148 12.930 13.769 14.665 15.620 16.632 17.701 18.828 19.795 20.553 21.377 22.267 23.224 24.246 25.335 26.490 27.712 28.999 30.353 31.774 32.028 31.092 30.097 29.043 27.929 26.755 25.522 24.230 22.878 21.467 19.996 18.466 17.546 17.071 16.579 15.845 15.116 14.410 13.727 13.068 12.432 11.819 11.229 10.662 10.281 10.003 9.742 9.498 9.273 9.064 8.874 8.701 8.546 8.408 8.288 8.186 8.392 8.715 9.047 9.388 9.736 10.093 10.458 10.831 11.212 11.602 12.000
13.614 11.672 9.754 8.428 9.181 9.990 10.858 11.783 12.765 13.805 14.903 16.058 17.271 18.541 19.869 21.120 22.108 23.163 24.283 25.470 26.723 28.043 29.428 30.880 32.398 33.982 35.633 36.304 35.161 33.958 32.696 31.374 29.993 28.552 27.039 24.947 22.919 20.956 19.056 17.700 16.982 16.287 15.615 14.966 14.341 13.739 13.160 12.604 12.072 11.562 11.076 10.730 10.513 10.313 10.130 9.966 9.818 9.689 9.577 9.482 9.406 9.346 9.305 9.498 9.850 10.210 10.579 10.956 11.341 11.735 12.136 12.546 12.964 13.391
12.525 10.666 8.832 7.197 8.150 9.161 10.230 11.355 12.539 13.780 15.078 16.434 17.847 19.318 20.847 22.371 23.590 24.875 26.226 27.644 29.127 30.677 32.293 33.975 35.723 37.537 39.418 40.510 38.193 35.940 33.751 31.625 29.564 27.567 25.633 23.764 21.958 20.216 18.538 17.206 16.568 15.953 15.362 14.794 14.249 13.727 13.229 12.753 12.301 11.872 11.467 11.162 11.005 10.866 10.745 10.641 10.554 10.486 10.435 10.401 10.385 10.387 10.406 10.594 10.975 11.364 11.761 12.166 12.580 13.002 13.432 13.870 14.317 14.771
11.410 9.636 7.885 6.159 7.058 8.270 9.539 10.866 12.250 13.691 15.190 16.747 18.361 20.032 21.761 23.547 25.000 26.515 28.096 29.744 31.308 32.360 33.366 34.326 35.239 36.106 36.927 37.488 35.393 33.362 31.394 29.491 27.652 25.876 24.164 22.517 20.933 19.413 17.957 16.688 16.131 15.597 15.086 14.598 14.134 13.692 13.274 12.879 12.507 12.159 11.833 11.576 11.480 11.402 11.341 11.298 11.272 11.264 11.274 11.301 11.346 11.408 11.488 11.682 12.091 12.508 12.934 13.368 13.810 14.260 14.718 15.185 15.660 16.143
10.272 8.581 6.914 5.271 5.905 7.317 8.787 10.314 11.898 13.540 15.240 16.997 18.811 20.600 22.201 23.739 24.919 25.996 27.027 28.012 28.950 29.842 30.688 31.487 32.240 32.947 33.607 34.222 32.530 30.721 28.975 27.294 25.676 24.122 22.632 21.206 19.844 18.545 17.311 16.148 15.671 15.218 14.787 14.380 13.995 13.634 13.297 12.982 12.690 12.422 12.177 11.971 11.936 11.919 11.919 11.937 11.972 12.025 12.095 12.183 12.289 12.412 12.553 12.760 13.197 13.643 14.097 14.559 15.030 15.508 15.995 16.490 16.993 17.505
9.109 7.501 5.917 4.358 4.689 6.302 8.055 9.880 11.641 13.340 14.975 16.546 18.054 19.499 20.881 22.199 23.254 24.171 25.041 25.866 26.644 27.375 28.061 28.700 29.293 29.840 30.340 30.794 29.605 28.018 26.494 25.034 23.638 22.306 21.037 19.832 18.691 17.614 16.601 15.652 15.189 14.815 14.465 14.138 13.834 13.554 13.296 13.062 12.850 12.662 12.497 12.355 12.375 12.419 12.479 12.558 12.654 12.768 12.899 13.047 13.214 13.397 13.599 13.829 14.294 14.769 15.251 15.741 16.240 16.747 17.262 17.786 18.311 18.663
8.453 7.270 6.112 4.978 5.162 6.894 8.562 10.167 11.709 13.187 14.602 15.954 17.243 18.468 19.630 20.729 21.640 22.397 23.107 23.771 24.389 24.961 25.486 25.965 26.398 26.785 27.125 27.419 26.618 25.252 23.950 22.711 21.537 20.426 19.379 18.395 17.476 16.620 15.828 15.099 14.683 14.390 14.120 13.874 13.650 13.450 13.272 13.118 12.987 12.879 12.794 12.733 12.796 12.900 13.022 13.161 13.318 13.492 13.684 13.893 14.120 14.365 14.626 14.906 15.382 15.869 16.201 16.539 16.882 17.231 17.585 17.944 18.309 18.680
9.657 8.560 7.489 6.442 6.177 7.688 9.137 10.522 11.844 13.103 14.298 15.430 16.500 17.505 18.448 19.327 20.077 20.674 21.224 21.728 22.186 22.597 22.963 23.282 23.555 23.782 23.962 24.097 23.568 22.423 21.343 20.326 19.372 18.483 17.657 16.895 16.196 15.561 14.990 14.483 14.155 13.943 13.753 13.586 13.443 13.323 13.225 13.151 13.100 13.073 13.068 13.086 13.199 13.364 13.546 13.746 13.963 14.198 14.427 14.530 14.647 14.777 14.922 15.081 15.382 15.728 16.079 16.436 16.798 17.166 17.539 17.918 18.302 18.692
10.832 9.822 8.837 7.876 7.258 8.550 9.779 10.945 12.047 13.087 14.063 14.975 15.825 16.611 17.335 17.995 18.566 19.002 19.392 19.736 20.034 20.286 20.491 20.650 20.764 20.831 20.851 20.826 20.456 19.533 18.673 17.877 17.145 16.477 15.872 15.331 14.853 14.440 14.089 13.803 13.605 13.472 13.363 13.276 13.213 13.173 13.156 13.162 13.191 13.243 13.318 13.386 13.398 13.466 13.548 13.643 13.753 13.876 14.013 14.165 14.330 14.509 14.702 14.909 15.217 15.582 15.952 16.328 16.709 17.096 17.489 17.886 18.290 18.699
11.979 11.055 10.156 9.282 8.433 9.480 10.489 11.436 12.319 13.139 13.895 14.589 15.219 15.786 16.290 16.731 17.105 17.381 17.611 17.795 17.933 18.025 18.071 18.071 18.024 17.931 17.792 17.607 17.282 16.580 15.941 15.367 14.856 14.408 14.024 13.704 13.447 13.254 13.125 13.059 13.031 12.979 12.949 12.943 12.956 12.958 12.948 12.923 12.886 12.835 12.770 12.693 12.682 12.798 12.928 13.072 13.229 13.401 13.587 13.786 14.000 14.227 14.468 14.723 15.046 15.430 15.820 16.215 16.615 17.021 17.433 17.850 18.272 18.700
13.097 12.259 11.446 10.659 9.896 10.477 11.267 11.994 12.658 13.259 13.796 14.270 14.682 15.030 15.315 15.537 15.695 15.811 15.882 15.906 15.884 15.816 15.702 15.542 15.336 15.084 14.785 14.441 14.046 13.565 13.147 12.793 12.503 12.276 12.113 12.014 11.978 12.079 12.310 12.504 12.641 12.651 12.647 12.630 12.600 12.556 12.499 12.428 12.345 12.247 12.137 12.013 11.953 12.117 12.295 12.487 12.693 12.913 13.147 13.395 13.656 13.932 14.221 14.525 14.870 15.273 15.682 16.096 16.516 16.941 17.371 17.807 18.249 18.696
14.186 13.435 12.708 12.007 11.330 11.542 12.113 12.620 13.065 13.447 13.765 14.020 14.213 14.342 14.408 14.411 14.351 14.292 14.203 14.068 13.886 13.659 13.385 13.066 12.700 12.288 11.830 11.326 10.776 10.487 10.535 10.901 11.229 11.519 11.771 11.985 12.161 12.299 12.398 12.460 12.483 12.447 12.397 12.334 12.257 12.167 12.064 11.947 11.817 11.674 11.517 11.347 11.211 11.423 11.650 11.890 12.144 12.412 12.694 12.990 13.300 13.624 13.961 14.313 14.689 15.112 15.539 15.972 16.411 16.855 17.305 17.760 18.221 18.687
15.247 14.582 13.941 13.326 12.736 12.674 13.026 13.314 13.540 13.703 13.802 13.839 13.812 13.722 13.570 13.354 13.075 12.824 12.575 12.280 11.940 11.553 11.119 10.892 10.911 10.950 11.009 11.088 11.187 11.444 11.716 11.950 12.146 12.305 12.425 12.507 12.551 12.557 12.525 12.455 12.347 12.257 12.161 12.051 11.929 11.793 11.643 11.480 11.304 11.115 10.912 10.696 10.466 10.716 10.991 11.280 11.582 11.898 12.229 12.573 12.931 13.303 13.688 14.088 14.503 14.944 15.391 15.844 16.301 16.765 17.233 17.707 18.187 18.672
16.279 15.700 15.146 14.617 14.112 13.873 14.006 14.076 14.083 14.026 13.907 13.725 13.480 13.171 12.800 12.366 12.024 11.871 11.839 11.827 11.835 11.863 11.911 11.979 12.067 12.175 12.303 12.451 12.619 12.795 12.935 13.037 13.102 13.128 13.116 13.067 12.979 12.853 12.690 12.488 12.248 12.081 11.938 11.783 11.614 11.432 11.236 11.027 10.805 10.569 10.320 10.058 9.782 9.997 10.320 10.656 11.007 11.371 11.750 12.142 12.548 12.968 13.402 13.850 14.311 14.772 15.238 15.709 16.186 16.669 17.156 17.650 18.148 18.653
17.283 16.790 16.322 15.879 15.460 15.140 15.054 14.905 14.693 14.464 14.239 14.005 13.762 13.510 13.249 12.980 12.701 12.520 12.557 12.614 12.691 12.789 12.906 13.043 13.201 13.378 13.575 13.792 14.030 14.183 14.192 14.163 14.095 13.990 13.846 13.665 13.446 13.189 12.893 12.560 12.189 11.918 11.730 11.528 11.313 11.085 10.843 10.588 10.319 10.038 9.743 9.434 9.113 9.264 9.635 10.020 10.419 10.831 11.258 11.698 12.152 12.620 13.102 13.598 14.108 14.595 15.080 15.570 16.066 16.567 17.074 17.587 18.104 18.628
18.258 17.851 17.446 17.049 16.666 16.305 16.084 15.855 15.616 15.369 15.113 14.847 14.573 14.290 13.998 13.697 13.387 13.147 13.253 13.380 13.526 13.692 13.879 14.085 14.312 14.558 14.825 15.111 15.418 15.610 15.487 15.326 15.126 14.889 14.615 14.302 13.951 13.562 13.135 12.671 12.168 11.769 11.535 11.287 11.026 10.751 10.464 10.162 9.848 9.520 9.179 8.825 8.457 8.519 8.938 9.371 9.818 10.278 10.753 11.241 11.744 12.260 12.790 13.334 13.891 14.412 14.916 15.426 15.941 16.512 17.109 17.716 18.334 18.961
19.105 18.727 18.363 18.012 17.674 17.349 17.091 16.830 16.561 16.282 15.995 15.698 15.393 15.079 14.756 14.423 14.082 13.752 13.927 14.123 14.338 14.574 14.830 15.105 15.401 15.716 16.052 16.407 16.783 17.074 16.819 16.526 16.196 15.827 15.421 14.976 14.494 13.974 13.416 12.820 12.186 11.634 11.354 11.060 10.752 10.432 10.098 9.751 9.390 9.017 8.630 8.229 7.815 7.760 8.228 8.709 9.204 9.712 10.235 10.771 11.322 11.886 12.556 13.221 13.851 14.444 15.036 15.639 16.251 16.873 17.505 18.147 18.799 19.461
19.915 19.583 19.264 18.959 18.667 18.388 18.107 17.815 17.514 17.204 16.886 16.558 16.222 15.876 15.522 15.158 14.786 14.405 14.579 14.844 15.129 15.434 15.758 16.103 16.468 16.852 17.257 17.681 18.126 18.576 18.189 17.765 17.303 16.803 16.265 15.689 15.076 14.424 13.735 13.007 12.242 11.513 11.186 10.846 10.493 10.126 9.746 9.353 8.947 8.527 8.094 7.647 7.188 6.989 7.504 8.275 9.065 9.820 10.539 11.224 11.873 12.487 13.066 13.610 14.119 14.657 15.283 15.920 16.567 17.224 17.890 18.567 19.254 19.950
20.709 20.423 20.150 19.890 19.644 19.410 19.131 18.808 18.476 18.135 17.785 17.427 17.059 16.682 16.297 15.902 15.499 15.087 15.209 15.543 15.897 16.271 16.665 17.078 17.512 17.966 18.439 18.933 19.446 19.980 19.597 19.042 18.448 17.817 17.148 16.441 15.696 14.913 14.092 13.233 12.337 11.405 11.032 10.646 10.247 9.834 9.409 8.969 8.692 8.483 8.321 8.207 8.139 8.224 8.962 9.666 10.335 10.968 11.567 12.130 12.658 13.151 13.610 14.033 14.420 14.859 15.520 16.192 16.873 17.564 18.266 18.977 19.698 20.429
21.487 21.247 21.020 20.806 20.605 20.418 20.164 19.810 19.447 19.075 18.694 18.304 17.905 17.497 17.080 16.655 16.220 15.777 15.817 16.220 16.643 17.086 17.549 18.031 18.534 19.057 19.599 20.162 20.744 21.346 21.043 20.356 19.631 18.869 18.068 17.230 16.354 15.440 14.488 13.498 12.470 11.400 10.921 10.592 10.310 10.075 9.888 9.747 9.653 9.606 9.607 9.654 9.749 9.890 10.507 11.090 11.637 12.150 12.627 13.070 13.477 13.849 14.186 14.488 14.755 15.052 15.748 16.453 17.169 17.895 18.631 19.377 20.133 20.899
22.251 22.056 21.874 21.706 21.551 21.409 21.206 20.820 20.426 20.023 19.611 19.190 18.760 18.321 17.873 17.416 16.951 16.476 16.403 16.875 17.367 17.879 18.411 18.962 19.534 20.125 20.737 21.368 22.020 22.691 22.527 21.708 20.852 19.959 19.342 18.605 17.738 16.741 15.615 14.360 12.975 11.460 10.861 10.694 10.575 10.502 10.477 10.498 10.566 10.682 10.844 11.054 11.310 11.614 12.085 12.546 12.973 13.364 13.721 14.042 14.328 14.579 14.796 14.977 15.123 15.234 15.965 16.705 17.455 18.216 18.986 19.767 20.557 21.358
22.998 22.849 22.713 22.591 22.482 22.386 22.256 21.839 21.414 20.980 20.536 20.084 19.623 19.153 18.674 18.186 17.690 17.184 16.967 17.508 18.069 18.650 19.251 19.871 20.512 21.172 21.863 22.935 24.153 25.518 26.115 25.448 24.650 23.724 22.668 21.482 20.168 18.723 17.150 15.446 13.614 11.652 10.754 10.749 10.792 10.881 11.018 11.201 11.432 11.709 12.034 12.405 12.824 13.289 13.695 14.035 14.341 14.611 14.847 15.047 15.213 15.343 15.438 15.499 15.524 15.514 16.172 16.947 17.732 18.527 19.332 20.147 20.972 21.806
