DATA/SHG/ECMWF/20170628/EN-34/20170708.en-34.asc
ncols        190
nrows        64
xllcorner    -5100000.000000000000
yllcorner    4130000.000000000000
cellsize     10000.000000000000
NODATA_value  -99999.000
[rows 0 to 31 of 64, columns 73 to 145 of 190]
5.352 4.985 4.592 4.171 3.724 3.250 2.749 2.222 1.956 2.358 2.761 3.151 3.531 3.899 4.256 4.601 4.935 5.257 5.568 5.868 6.053 5.908 5.785 5.677 5.585 5.508 5.446 5.399 5.367 5.351 5.350 5.364 5.459 5.764 6.055 6.332 6.594 6.842 7.076 7.295 7.501 7.692 7.869 8.031 8.067 7.755 7.453 7.160 6.877 6.604 6.340 6.086 5.842 5.607 5.382 5.167 4.999 4.943 4.880 4.812 4.738 4.659 4.573 4.482 4.385 4.282 4.174 4.060 3.993 4.071 4.150 4.230 4.311
5.895 5.435 4.879 4.316 3.768 3.236 2.719 2.218 1.884 2.258 2.620 2.971 3.311 3.639 3.956 4.262 4.556 4.839 5.110 5.370 5.584 5.507 5.452 5.412 5.388 5.379 5.385 5.407 5.444 5.496 5.563 5.645 5.759 6.001 6.228 6.441 6.639 6.824 6.994 7.150 7.292 7.419 7.533 7.632 7.672 7.403 7.144 6.895 6.655 6.425 6.204 5.994 5.792 5.601 5.419 5.247 5.095 5.013 4.925 4.831 4.732 4.626 4.515 4.398 4.276 4.147 4.013 3.874 3.763 3.846 3.929 4.013 4.099
5.684 5.144 4.620 4.110 3.617 3.139 2.676 2.229 1.834 2.168 2.491 2.802 3.102 3.391 3.668 3.934 4.188 4.432 4.663 4.884 5.093 5.088 5.102 5.131 5.175 5.234 5.308 5.398 5.503 5.623 5.758 5.909 6.075 6.252 6.416 6.565 6.700 6.821 6.928 7.020 7.099 7.163 7.213 7.248 7.268 7.042 6.826 6.620 6.423 6.236 6.059 5.891 5.733 5.584 5.446 5.317 5.197 5.089 4.976 4.856 4.731 4.600 4.463 4.321 4.172 4.018 3.859 3.693 3.571 3.732 3.888 4.037 4.180
5.302 4.816 4.346 3.891 3.451 3.027 2.619 2.226 1.849 2.088 2.371 2.643 2.903 3.152 3.390 3.616 3.831 4.035 4.227 4.408 4.577 4.654 4.735 4.832 4.944 5.072 5.214 5.372 5.545 5.733 5.937 6.155 6.389 6.519 6.619 6.705 6.777 6.834 6.877 6.906 6.921 6.922 6.908 6.881 6.839 6.671 6.498 6.335 6.181 6.037 5.903 5.778 5.663 5.558 5.462 5.376 5.300 5.171 5.032 4.892 4.763 4.643 4.533 4.433 4.342 4.261 4.189 4.127 4.074 4.196 4.325 4.448 4.564
4.906 4.474 4.058 3.657 3.272 2.902 2.548 2.209 1.886 2.019 2.263 2.495 2.716 2.925 3.123 3.310 3.485 3.649 3.802 3.943 4.073 4.202 4.352 4.517 4.697 4.893 5.104 5.329 5.570 5.827 6.098 6.385 6.686 6.801 6.838 6.860 6.868 6.862 6.842 6.808 6.759 6.697 6.620 6.529 6.423 6.290 6.161 6.040 5.930 5.829 5.764 5.716 5.657 5.589 5.511 5.423 5.325 5.213 5.108 5.012 4.925 4.848 4.781 4.723 4.675 4.636 4.607 4.587 4.578 4.665 4.767 4.864 4.954
4.496 4.118 3.756 3.409 3.078 2.763 2.462 2.178 1.908 1.961 2.165 2.357 2.538 2.708 2.867 3.014 3.149 3.274 3.387 3.489 3.579 3.734 3.952 4.185 4.434 4.697 4.976 5.270 5.579 5.903 6.242 6.597 6.966 7.098 7.071 7.030 6.975 6.906 6.822 6.725 6.613 6.524 6.467 6.420 6.384 6.351 6.308 6.255 6.192 6.119 6.037 5.944 5.842 5.729 5.607 5.475 5.333 5.238 5.175 5.121 5.077 5.043 5.018 5.003 4.997 5.001 5.015 5.038 5.070 5.139 5.215 5.285 5.349
4.072 3.748 3.440 3.148 2.871 2.609 2.363 2.132 1.917 1.913 2.077 2.230 2.371 2.502 2.621 2.728 2.825 2.910 2.983 3.045 3.096 3.250 3.536 3.837 4.153 4.485 4.831 5.193 5.570 5.962 6.369 6.792 7.206 7.347 7.252 7.167 7.093 7.030 6.977 6.935 6.904 6.884 6.874 6.876 6.888 6.854 6.767 6.670 6.563 6.446 6.319 6.182 6.036 5.880 5.714 5.538 5.352 5.252 5.232 5.221 5.220 5.228 5.246 5.273 5.310 5.356 5.412 5.478 5.553 5.618 5.668 5.712 5.749
3.634 3.364 3.111 2.872 2.649 2.441 2.249 2.072 1.911 1.875 2.000 2.113 2.215 2.306 2.385 2.454 2.510 2.556 2.590 2.613 2.624 2.749 3.103 3.568 4.056 4.522 4.965 5.386 5.784 6.160 6.514 6.845 7.154 7.311 7.264 7.227 7.201 7.185 7.181 7.187 7.204 7.232 7.270 7.319 7.379 7.367 7.235 7.094 6.943 6.782 6.611 6.431 6.240 6.040 5.830 5.610 5.380 5.257 5.279 5.311 5.352 5.403 5.463 5.533 5.612 5.701 5.800 5.908 6.026 6.103 6.126 6.143 6.155
3.182 2.967 2.767 2.582 2.413 2.260 2.121 1.999 1.891 1.848 1.933 2.007 2.070 2.121 2.161 2.218 2.394 2.590 2.805 3.041 3.295 3.598 4.030 4.441 4.829 5.194 5.537 5.858 6.156 6.432 6.686 6.917 7.126 7.264 7.264 7.275 7.297 7.329 7.373 7.427 7.492 7.567 7.653 7.750 7.858 7.889 7.713 7.528 7.333 7.128 6.914 6.689 6.455 6.210 5.956 5.692 5.419 5.252 5.316 5.391 5.474 5.568 5.670 5.783 5.905 6.036 6.177 6.328 6.488 6.593 6.590 6.581 6.566
2.717 2.556 2.410 2.279 2.164 2.064 1.980 1.911 1.879 1.890 2.017 2.163 2.329 2.515 2.720 2.945 3.190 3.454 3.738 4.042 4.365 4.694 5.027 5.337 5.625 5.890 6.134 6.354 6.553 6.729 6.882 7.014 7.123 7.204 7.252 7.311 7.381 7.462 7.553 7.655 7.767 7.891 8.025 8.169 8.325 8.421 8.202 7.972 7.733 7.485 7.226 6.957 6.679 6.391 6.093 5.785 5.467 5.237 5.344 5.461 5.587 5.723 5.868 6.023 6.187 6.361 6.544 6.737 6.940 7.088 7.058 7.023 6.982
2.238 2.251 2.389 2.486 2.540 2.553 2.523 2.451 2.338 2.186 2.381 2.596 2.831 3.085 3.359 3.653 3.966 4.299 4.651 5.024 5.415 5.811 6.047 6.257 6.445 6.611 6.754 6.875 6.973 7.050 7.103 7.135 7.144 7.133 7.229 7.336 7.454 7.582 7.721 7.870 8.031 8.202 8.384 8.576 8.780 8.963 8.699 8.426 8.143 7.851 7.548 7.236 6.913 6.581 6.240 5.888 5.526 5.212 5.361 5.521 5.689 5.867 6.055 6.252 6.459 6.675 6.901 7.137 7.381 7.588 7.532 7.470 7.403
3.744 3.777 3.769 3.718 3.625 3.491 3.314 3.095 2.834 2.532 2.727 3.011 3.314 3.637 3.979 4.342 4.723 5.125 5.546 5.986 6.447 6.911 7.091 7.201 7.289 7.355 7.398 7.419 7.418 7.395 7.349 7.280 7.190 7.077 7.194 7.349 7.514 7.690 7.877 8.074 8.283 8.502 8.731 8.971 9.222 9.484 9.207 8.890 8.563 8.227 7.880 7.524 7.158 6.782 6.396 6.001 5.595 5.180 5.369 5.571 5.782 6.002 6.232 6.472 6.721 6.980 7.248 7.526 7.806 8.068 7.976 7.883 7.790
5.455 5.341 5.186 4.988 4.748 4.466 4.143 3.777 3.369 2.920 3.055 3.407 3.779 4.170 4.581 5.012 5.462 5.932 6.421 6.930 7.459 7.992 8.158 8.169 8.157 8.123 8.067 7.988 7.887 7.764 7.618 7.451 7.260 7.048 7.147 7.350 7.563 7.787 8.021 8.266 8.522 8.789 9.066 9.354 9.653 9.962 9.725 9.364 8.993 8.613 8.222 7.822 7.412 6.993 6.563 6.124 5.675 5.216 5.367 5.614 5.870 6.130 6.396 6.667 6.943 7.223 7.509 7.799 8.095 8.395 8.327 8.232 8.137
7.203 6.943 6.640 6.295 5.908 5.480 5.009 4.497 3.942 3.346 3.364 3.784 4.225 4.684 5.164 5.663 6.181 6.720 7.278 7.855 8.452 9.054 9.249 9.160 9.049 8.915 8.759 8.581 8.381 8.158 7.913 7.645 7.355 7.043 7.089 7.339 7.600 7.872 8.154 8.447 8.750 9.065 9.389 9.725 10.072 10.429 10.252 9.847 9.433 9.008 8.552 8.074 7.601 7.134 6.673 6.217 5.767 5.323 5.426 5.699 5.977 6.260 6.547 6.840 7.138 7.440 7.748 8.060 8.378 8.700 8.679 8.582 8.484
8.989 8.581 8.131 7.640 7.106 6.531 5.914 5.255 4.553 3.810 3.654 4.143 4.652 5.180 5.728 6.295 6.882 7.489 8.115 8.761 9.426 10.096 10.364 10.176 9.965 9.731 9.476 9.198 8.898 8.576 8.231 7.864 7.475 7.063 7.019 7.317 7.625 7.945 8.274 8.615 8.966 9.315 9.642 9.954 10.252 10.535 10.361 9.885 9.415 8.950 8.491 8.038 7.591 7.149 6.713 6.283 5.858 5.439 5.484 5.779 6.079 6.383 6.693 7.008 7.328 7.652 7.982 8.316 8.656 9.000 9.030 8.931 8.832
10.811 10.256 9.660 9.022 8.342 7.620 6.856 6.050 5.202 4.313 3.926 4.483 5.060 5.657 6.273 6.909 7.564 8.239 8.933 9.647 10.381 11.120 11.503 11.215 10.904 10.571 10.216 9.839 9.440 9.018 8.574 8.107 7.641 7.198 7.098 7.463 7.812 8.148 8.468 8.774 9.065 9.342 9.604 9.851 10.083 10.301 10.194 9.743 9.298 8.859 8.425 7.997 7.575 7.158 6.747 6.342 5.942 5.548 5.536 5.853 6.175 6.502 6.834 7.171 7.512 7.859 8.210 8.567 8.928 9.294 9.382 9.281 9.179
12.670 11.969 11.226 10.441 9.615 8.746 7.836 6.884 5.890 4.854 4.179 4.805 5.450 6.115 6.800 7.504 8.227 8.970 9.733 10.515 11.317 12.124 12.665 12.211 11.711 11.223 10.748 10.286 9.836 9.398 8.973 8.561 8.161 7.773 7.596 7.896 8.180 8.450 8.706 8.947 9.173 9.384 9.581 9.763 9.931 10.084 10.021 9.596 9.176 8.762 8.353 7.950 7.553 7.161 6.776 6.395 6.021 5.652 5.584 5.923 6.267 6.615 6.969 7.328 7.691 8.060 8.433 8.812 9.195 9.583 9.734 9.630 9.526
14.566 13.719 12.829 11.898 10.925 9.910 8.853 7.755 6.614 5.432 4.414 5.108 5.822 6.555 7.308 8.076 8.792 9.494 10.180 10.851 11.506 12.150 12.673 12.216 11.772 11.340 10.920 10.514 10.119 9.737 9.368 9.011 8.666 8.334 8.110 8.344 8.564 8.769 8.959 9.135 9.296 9.442 9.574 9.691 9.794 9.882 9.843 9.442 9.048 8.658 8.275 7.897 7.525 7.159 6.798 6.443 6.094 5.750 5.626 5.987 6.353 6.724 7.099 7.480 7.865 8.256 8.651 9.052 9.457 9.867 10.085 9.980 9.874
16.499 15.505 14.469 13.392 12.272 11.111 9.908 8.664 7.368 6.037 4.748 5.443 6.168 6.877 7.572 8.250 8.914 9.562 10.195 10.813 11.415 12.006 12.586 12.208 11.819 11.443 11.079 10.727 10.388 10.062 9.748 9.447 9.158 8.881 8.639 8.808 8.962 9.102 9.228 9.338 9.435 9.516 9.583 9.635 9.673 9.696 9.659 9.283 8.914 8.550 8.191 7.839 7.492 7.151 6.815 6.485 6.161 5.842 5.663 6.046 6.434 6.826 7.224 7.627 8.034 8.446 8.864 9.286 9.713 10.145 10.437 10.329 10.221
18.469 17.231 15.748 14.308 12.911 11.557 10.246 8.978 7.753 6.571 5.432 5.844 6.516 7.172 7.813 8.439 9.049 9.644 10.224 10.789 11.338 11.875 12.402 12.185 11.852 11.531 11.223 10.927 10.643 10.372 10.114 9.868 9.635 9.414 9.205 9.287 9.376 9.451 9.512 9.558 9.589 9.605 9.608 9.595 9.568 9.526 9.469 9.119 8.774 8.435 8.102 7.774 7.453 7.136 6.826 6.521 6.222 5.928 5.695 6.100 6.509 6.924 7.344 7.768 8.197 8.632 9.071 9.515 9.964 10.418 10.788 10.679 10.568
17.906 16.529 15.196 13.906 12.658 11.453 10.292 9.173 8.098 7.065 6.075 6.258 6.877 7.480 8.068 8.641 9.198 9.740 10.267 10.778 11.275 11.758 12.231 12.149 11.871 11.606 11.353 11.112 10.884 10.669 10.466 10.275 10.097 9.932 9.779 9.781 9.806 9.816 9.811 9.792 9.759 9.710 9.648 9.570 9.478 9.372 9.251 8.948 8.629 8.315 8.007 7.704 7.408 7.116 6.831 6.551 6.277 6.008 5.745 6.148 6.580 7.016 7.458 7.904 8.355 8.812 9.273 9.739 10.210 10.701 11.189 11.092 10.979
17.016 15.789 14.605 13.464 12.366 11.310 10.298 9.329 8.403 7.519 6.678 6.686 7.251 7.802 8.336 8.856 9.360 9.849 10.323 10.782 11.225 11.655 12.074 12.098 11.876 11.666 11.469 11.283 11.111 10.951 10.803 10.668 10.545 10.435 10.338 10.290 10.250 10.195 10.126 10.042 9.944 9.831 9.703 9.561 9.404 9.233 9.047 8.772 8.478 8.189 7.906 7.628 7.357 7.091 6.830 6.575 6.326 6.083 5.845 6.192 6.667 7.178 7.690 8.202 8.715 9.229 9.744 10.259 10.776 11.293 11.811 11.687 11.503
16.087 15.009 13.974 12.983 12.034 11.128 10.265 9.445 8.668 7.933 7.242 7.127 7.639 8.136 8.618 9.085 9.536 9.972 10.393 10.798 11.188 11.565 11.931 12.034 11.867 11.713 11.570 11.441 11.324 11.219 11.127 11.047 10.979 10.925 10.882 10.815 10.710 10.591 10.456 10.308 10.145 9.967 9.775 9.568 9.346 9.110 8.860 8.590 8.321 8.057 7.799 7.556 7.339 7.138 6.952 6.782 6.627 6.487 6.363 6.711 7.224 7.739 8.254 8.770 9.287 9.804 10.323 10.842 11.362 11.883 12.405 12.298 12.042
15.119 14.190 13.305 12.463 11.663 10.906 10.192 9.521 8.893 8.308 7.765 7.581 8.041 8.485 8.913 9.327 9.725 10.108 10.476 10.829 11.166 11.490 11.802 11.956 11.844 11.745 11.658 11.584 11.522 11.473 11.436 11.411 11.399 11.400 11.413 11.355 11.185 11.001 10.802 10.589 10.361 10.118 9.857 9.578 9.289 8.992 8.684 8.419 8.209 8.014 7.835 7.671 7.523 7.390 7.273 7.171 7.084 7.013 6.958 7.262 7.779 8.297 8.816 9.336 9.857 10.378 10.900 11.423 11.947 12.472 12.997 12.925 12.596
14.112 13.333 12.597 11.903 11.253 10.645 10.080 9.558 9.079 8.642 8.249 8.049 8.455 8.846 9.222 9.582 9.928 10.258 10.573 10.872 11.157 11.427 11.686 11.864 11.807 11.764 11.732 11.713 11.706 11.712 11.731 11.761 11.805 11.847 11.884 11.840 11.585 11.320 11.046 10.763 10.470 10.168 9.857 9.536 9.205 8.866 8.516 8.244 8.103 7.977 7.866 7.771 7.691 7.626 7.577 7.544 7.526 7.523 7.536 7.812 8.333 8.854 9.377 9.901 10.425 10.950 11.476 12.002 12.530 13.058 13.588 13.566 13.166
13.067 12.437 11.850 11.305 10.804 10.345 9.929 9.555 9.225 8.937 8.692 8.529 8.883 9.221 9.544 9.851 10.144 10.421 10.683 10.930 11.161 11.379 11.584 11.758 11.734 11.692 11.667 11.660 11.669 11.697 11.742 11.804 11.884 11.981 12.095 12.142 11.845 11.539 11.223 10.898 10.563 10.219 9.866 9.503 9.131 8.750 8.359 8.054 7.980 7.923 7.880 7.853 7.842 7.846 7.865 7.900 7.950 8.016 8.097 8.360 8.884 9.410 9.936 10.463 10.991 11.520 12.050 12.580 13.111 13.643 14.176 14.223 13.751
11.983 11.502 11.063 10.668 10.315 10.005 9.738 9.513 9.331 9.193 9.096 9.043 9.324 9.609 9.879 10.134 10.363 10.512 10.645 10.762 10.865 10.961 11.052 11.132 11.151 11.187 11.239 11.309 11.396 11.501 11.623 11.763 11.920 12.095 12.287 12.454 12.115 11.767 11.409 11.043 10.666 10.281 9.886 9.481 9.068 8.644 8.212 7.847 7.842 7.853 7.879 7.920 7.977 8.049 8.137 8.240 8.359 8.492 8.642 8.906 9.435 9.964 10.494 11.025 11.556 12.089 12.622 13.156 13.691 14.227 14.763 14.895 14.351
10.860 10.528 10.238 9.991 9.787 9.626 9.507 9.432 9.398 9.406 9.413 9.401 9.535 9.691 9.832 9.958 10.069 10.164 10.244 10.308 10.358 10.400 10.439 10.465 10.550 10.662 10.792 10.940 11.104 11.287 11.486 11.703 11.938 12.190 12.459 12.746 12.395 12.005 11.606 11.197 10.780 10.352 9.916 9.469 9.014 8.549 8.075 7.624 7.687 7.766 7.861 7.970 8.096 8.236 8.392 8.563 8.750 8.952 9.170 9.451 9.983 10.516 11.050 11.584 12.119 12.656 13.193 13.730 14.269 14.809 15.349 15.582 14.967
9.699 9.515 9.437 9.509 9.562 9.597 9.614 9.611 9.590 9.551 9.492 9.415 9.466 9.570 9.658 9.731 9.788 9.830 9.857 9.869 9.865 9.854 9.839 9.812 9.929 10.119 10.326 10.551 10.793 11.053 11.330 11.624 11.936 12.265 12.612 12.976 12.685 12.254 11.813 11.362 10.903 10.434 9.955 9.468 8.971 8.464 7.948 7.423 7.517 7.664 7.827 8.005 8.198 8.407 8.631 8.870 9.125 9.396 9.682 9.994 10.530 11.066 11.604 12.142 12.681 13.221 13.762 14.303 14.845 15.389 15.933 16.285 15.598
9.982 10.026 10.052 10.059 10.048 10.018 9.970 9.902 9.816 9.712 9.589 9.447 9.412 9.462 9.498 9.517 9.522 9.511 9.485 9.443 9.387 9.323 9.254 9.173 9.290 9.557 9.842 10.144 10.463 10.800 11.154 11.526 11.915 12.321 12.745 13.186 12.985 12.512 12.029 11.537 11.036 10.525 10.005 9.476 8.937 8.389 7.832 7.265 7.330 7.545 7.776 8.022 8.284 8.561 8.853 9.161 9.484 9.823 10.177 10.546 11.075 11.615 12.156 12.698 13.241 13.785 14.329 14.874 15.420 15.967 16.515 16.919 15.971
10.743 10.723 10.684 10.627 10.550 10.456 10.342 10.210 10.059 9.890 9.702 9.496 9.372 9.369 9.351 9.318 9.270 9.206 9.127 9.032 8.923 8.806 8.683 8.549 8.632 8.976 9.338 9.717 10.114 10.528 10.960 11.408 11.875 12.358 12.859 13.378 13.295 12.780 12.256 11.722 11.179 10.627 10.066 9.495 8.914 8.325 7.726 7.117 7.127 7.411 7.710 8.024 8.354 8.699 9.060 9.435 9.827 10.233 10.655 11.093 11.618 12.162 12.661 13.059 13.439 13.802 14.148 14.476 14.787 15.081 15.358 15.617 14.844
11.522 11.437 11.333 11.211 11.070 10.910 10.732 10.535 10.319 10.085 9.833 9.562 9.346 9.290 9.219 9.133 9.032 8.915 8.783 8.636 8.473 8.303 8.127 7.939 7.955 8.377 8.816 9.272 9.746 10.237 10.746 11.272 11.815 12.376 12.954 13.550 13.615 13.058 12.492 11.917 11.333 10.739 10.136 9.523 8.901 8.270 7.629 6.980 6.909 7.260 7.627 8.010 8.408 8.826 9.247 9.642 10.011 10.355 10.673 10.966 11.309 11.664 12.003 12.325 12.629 12.916 13.185 13.438 13.673 13.891 14.091 14.274 13.696
