DATA/SHG/ECMWF/20170628/EN-34/20170701.en-34.asc
ncols        190
nrows        64
xllcorner    -5100000.000000000000
yllcorner    4130000.000000000000
cellsize     10000.000000000000
NODATA_value  -99999.000
[rows 0 to 31 of 64, columns 73 to 145 of 190]
11.676 11.689 11.704 11.720 11.738 11.758 11.779 11.801 11.832 11.740 11.586 11.446 11.320 11.208 11.110 11.026 10.955 10.899 10.856 10.827 10.693 10.176 9.669 9.169 8.678 8.195 7.720 7.253 6.794 6.344 5.901 5.467 5.217 5.548 5.884 6.226 6.574 6.927 7.286 7.651 8.021 8.397 8.778 9.165 9.434 9.311 9.172 9.019 8.850 8.666 8.466 8.252 8.022 7.777 7.516 7.241 6.956 6.688 6.425 6.166 5.913 5.664 5.420 5.181 4.946 4.717 4.492 4.273 4.193 4.503 4.826 5.161 5.509
12.377 12.395 12.283 12.120 11.944 11.754 11.550 11.332 11.120 11.001 10.896 10.804 10.727 10.664 10.614 10.578 10.556 10.548 10.554 10.574 10.552 10.071 9.600 9.137 8.682 8.235 7.796 7.365 6.943 6.528 6.122 5.724 5.418 5.774 6.135 6.503 6.875 7.254 7.638 8.028 8.423 8.824 9.230 9.642 9.984 9.792 9.586 9.364 9.127 8.874 8.607 8.324 8.026 7.712 7.384 7.040 6.697 6.450 6.208 5.971 5.739 5.512 5.290 5.072 4.859 4.651 4.448 4.250 4.140 4.506 4.885 5.276 5.680
12.164 11.981 11.784 11.573 11.348 11.109 10.857 10.590 10.320 10.250 10.193 10.151 10.122 10.107 10.106 10.119 10.146 10.186 10.240 10.309 10.391 9.957 9.522 9.095 8.676 8.266 7.863 7.468 7.082 6.704 6.333 5.971 5.617 5.993 6.380 6.772 7.170 7.574 7.983 8.398 8.818 9.244 9.675 10.113 10.549 10.290 10.015 9.725 9.419 9.099 8.763 8.412 8.045 7.664 7.267 6.855 6.433 6.208 5.987 5.772 5.561 5.356 5.155 4.959 4.767 4.581 4.399 4.222 4.128 4.652 5.178 5.705 6.233
11.776 11.545 11.299 11.039 10.766 10.479 10.178 9.863 9.534 9.487 9.479 9.485 9.505 9.539 9.586 9.648 9.723 9.812 9.915 10.031 10.162 9.834 9.435 9.045 8.662 8.287 7.921 7.562 7.212 6.870 6.536 6.210 5.892 6.206 6.618 7.035 7.458 7.887 8.321 8.761 9.206 9.657 10.114 10.576 11.044 10.803 10.460 10.101 9.728 9.339 8.935 8.516 8.081 7.631 7.166 6.686 6.191 5.961 5.762 5.600 5.481 5.378 5.290 5.218 5.161 5.120 5.094 5.084 5.089 5.583 6.114 6.647 7.180
11.402 11.122 10.828 10.520 10.198 9.862 9.513 9.149 8.772 8.713 8.754 8.808 8.877 8.959 9.055 9.165 9.288 9.426 9.577 9.742 9.921 9.702 9.340 8.985 8.638 8.300 7.970 7.647 7.333 7.027 6.729 6.439 6.157 6.412 6.849 7.291 7.739 8.193 8.652 9.117 9.588 10.064 10.546 11.033 11.526 11.331 10.920 10.493 10.052 9.595 9.115 8.630 8.148 7.671 7.197 6.728 6.263 6.094 6.013 5.948 5.898 5.864 5.845 5.841 5.854 5.881 5.924 5.983 6.057 6.511 7.048 7.586 8.125
11.041 10.713 10.370 10.014 9.643 9.259 8.861 8.450 8.024 7.927 8.016 8.119 8.236 8.367 8.511 8.670 8.842 9.028 9.227 9.441 9.668 9.562 9.235 8.917 8.606 8.304 8.009 7.723 7.445 7.175 6.913 6.659 6.414 6.612 7.074 7.541 8.014 8.493 8.977 9.467 9.963 10.437 10.887 11.328 11.761 11.586 11.098 10.614 10.134 9.658 9.187 8.720 8.256 7.797 7.342 6.892 6.445 6.287 6.275 6.279 6.298 6.333 6.383 6.448 6.529 6.626 6.738 6.865 7.008 7.436 7.979 8.522 9.067
10.694 10.317 9.926 9.521 9.103 8.670 8.224 7.764 7.290 7.130 7.267 7.419 7.584 7.763 7.956 8.163 8.383 8.618 8.866 9.127 9.403 9.412 9.122 8.839 8.565 8.299 8.040 7.790 7.548 7.314 7.088 6.870 6.671 6.828 7.311 7.784 8.248 8.703 9.149 9.586 10.014 10.433 10.843 11.244 11.636 11.561 11.091 10.626 10.164 9.707 9.254 8.805 8.360 7.920 7.483 7.051 6.623 6.464 6.521 6.594 6.682 6.785 6.904 7.039 7.189 7.354 7.535 7.731 7.943 8.359 8.907 9.456 10.006
10.361 9.935 9.496 9.042 8.576 8.095 7.600 7.092 6.570 6.321 6.507 6.707 6.920 7.148 7.389 7.644 7.913 8.196 8.492 8.802 9.126 9.254 8.999 8.728 8.463 8.218 7.992 7.785 7.598 7.430 7.281 7.151 7.041 7.155 7.597 8.030 8.454 8.869 9.275 9.672 10.060 10.439 10.809 11.170 11.522 11.532 11.081 10.634 10.191 9.752 9.317 8.886 8.460 8.038 7.619 7.205 6.796 6.625 6.751 6.892 7.049 7.222 7.409 7.613 7.831 8.065 8.315 8.580 8.860 9.279 9.832 10.387 10.942
10.041 9.567 9.079 8.578 8.062 7.533 6.990 6.434 5.863 5.500 5.735 5.983 6.245 6.521 6.810 7.121 7.454 7.767 8.059 8.331 8.582 8.717 8.500 8.302 8.124 7.965 7.825 7.704 7.603 7.521 7.458 7.414 7.390 7.492 7.894 8.286 8.670 9.045 9.411 9.768 10.116 10.455 10.785 11.105 11.417 11.499 11.066 10.637 10.212 9.792 9.376 8.963 8.555 8.151 7.751 7.356 6.964 6.770 6.964 7.175 7.400 7.641 7.898 8.170 8.457 8.760 9.078 9.412 9.761 10.196 10.755 11.315 11.876
9.734 9.212 8.676 8.126 7.563 6.985 6.394 5.789 5.216 4.855 5.240 5.605 5.948 6.272 6.575 6.857 7.118 7.360 7.580 7.781 7.960 8.098 7.968 7.856 7.764 7.690 7.636 7.602 7.586 7.590 7.613 7.655 7.717 7.837 8.199 8.552 8.896 9.230 9.556 9.873 10.181 10.480 10.770 11.050 11.322 11.461 11.047 10.636 10.230 9.828 9.430 9.036 8.646 8.260 7.879 7.501 7.128 6.898 7.162 7.441 7.735 8.045 8.370 8.711 9.067 9.438 9.825 10.227 10.645 11.111 11.675 12.241 12.807
9.441 8.916 8.440 7.962 7.481 6.997 6.509 6.019 5.525 5.039 5.352 5.645 5.917 6.169 6.400 6.611 6.801 6.971 7.120 7.249 7.357 7.456 7.414 7.389 7.382 7.395 7.427 7.478 7.548 7.638 7.747 7.875 8.022 8.192 8.514 8.827 9.130 9.425 9.711 9.988 10.255 10.514 10.764 11.005 11.237 11.420 11.023 10.631 10.243 9.859 9.480 9.104 8.732 8.365 8.002 7.643 7.288 7.011 7.343 7.691 8.054 8.432 8.826 9.235 9.660 10.100 10.555 11.026 11.512 12.023 12.593 13.164 13.736
9.787 9.304 8.818 8.329 7.837 7.341 6.843 6.342 5.838 5.330 5.483 5.704 5.905 6.085 6.245 6.385 6.503 6.602 6.680 6.737 6.774 6.800 6.840 6.900 6.980 7.078 7.196 7.333 7.489 7.665 7.859 8.073 8.306 8.558 8.838 9.111 9.374 9.629 9.875 10.112 10.340 10.558 10.768 10.969 11.161 11.344 10.996 10.622 10.252 9.887 9.525 9.168 8.815 8.466 8.121 7.780 7.443 7.111 7.508 7.924 8.356 8.803 9.265 9.743 10.236 10.745 11.269 11.808 12.401 13.054 13.867 14.805 15.870
10.188 9.695 9.198 8.698 8.195 7.689 7.180 6.667 6.152 5.634 5.632 5.782 5.912 6.020 6.109 6.177 6.224 6.251 6.258 6.244 6.209 6.164 6.245 6.391 6.556 6.741 6.944 7.167 7.409 7.670 7.950 8.250 8.568 8.906 9.171 9.404 9.628 9.843 10.048 10.245 10.433 10.612 10.782 10.943 11.095 11.238 10.964 10.608 10.257 9.909 9.566 9.227 8.892 8.562 8.235 7.912 7.594 7.280 7.657 8.184 8.774 9.376 9.992 10.621 11.264 11.919 12.588 13.270 13.965 14.673 16.006 17.506 19.132
10.592 10.088 9.580 9.069 8.555 8.038 7.519 6.996 6.469 5.940 5.800 5.879 5.937 5.974 5.991 5.988 5.964 5.920 5.855 5.770 5.664 5.547 5.629 5.861 6.112 6.382 6.671 6.979 7.307 7.654 8.020 8.405 8.809 9.233 9.514 9.707 9.891 10.065 10.231 10.388 10.536 10.675 10.805 10.926 11.039 11.142 10.928 10.590 10.257 9.928 9.601 9.296 9.022 8.779 8.567 8.386 8.235 8.115 8.569 9.204 9.853 10.514 11.189 11.876 12.577 13.292 14.019 14.760 15.514 16.281 18.017 20.077 22.263
10.999 10.483 9.965 9.443 8.918 8.391 7.860 7.326 6.789 6.249 5.987 5.994 5.980 5.946 5.892 5.818 5.723 5.607 5.471 5.315 5.138 4.949 4.992 5.310 5.646 6.002 6.377 6.771 7.184 7.616 8.068 8.538 9.028 9.537 9.866 10.019 10.163 10.298 10.424 10.541 10.649 10.707 10.722 10.733 10.742 10.748 10.562 10.271 10.011 9.782 9.583 9.416 9.279 9.173 9.098 9.053 9.040 9.057 9.516 10.209 10.916 11.636 12.370 13.116 13.876 14.649 15.435 16.234 17.047 17.873 19.899 22.520 25.266
11.408 10.881 10.352 9.820 9.284 8.745 8.204 7.659 7.111 6.561 6.191 6.127 6.043 5.938 5.812 5.666 5.500 5.313 5.106 4.879 4.631 4.371 4.335 4.738 5.160 5.601 6.062 6.541 7.040 7.558 8.094 8.651 9.182 9.674 9.969 9.991 10.010 10.026 10.039 10.050 10.057 10.062 10.064 10.063 10.059 10.052 9.963 9.809 9.686 9.594 9.533 9.502 9.502 9.533 9.595 9.688 9.812 9.966 10.447 11.199 11.965 12.743 13.536 14.341 15.159 15.991 16.836 17.694 18.565 19.449 21.653 24.833 28.139
11.819 11.282 10.742 10.198 9.652 9.103 8.550 7.995 7.436 6.875 6.415 6.279 6.123 5.947 5.751 5.534 5.296 5.038 4.760 4.462 4.143 3.811 3.657 4.168 4.695 5.215 5.727 6.231 6.727 7.216 7.697 8.170 8.635 9.093 9.416 9.425 9.431 9.435 9.435 9.433 9.428 9.420 9.409 9.396 9.379 9.360 9.332 9.316 9.330 9.374 9.450 9.556 9.694 9.862 10.060 10.290 10.550 10.842 11.363 12.174 12.998 13.836 14.686 15.550 16.427 17.317 18.221 19.137 20.067 21.010 23.278 27.018 30.883
12.233 11.685 11.134 10.580 10.022 9.462 8.899 8.333 7.763 7.191 6.656 6.450 6.223 5.975 5.708 5.418 5.100 4.789 4.487 4.192 3.906 3.628 3.437 3.938 4.431 4.916 5.394 5.863 6.326 6.780 7.227 7.666 8.097 8.521 8.866 8.863 8.857 8.847 8.836 8.821 8.803 8.782 8.759 8.733 8.704 8.672 8.670 8.790 8.941 9.123 9.335 9.578 9.852 10.157 10.493 10.859 11.256 11.684 12.264 13.134 14.016 14.913 15.822 16.744 17.680 18.629 19.591 20.566 21.554 22.556 24.776 29.074 33.498
12.649 12.090 11.528 10.963 10.395 9.824 9.250 8.673 8.076 7.396 6.713 6.375 6.053 5.738 5.431 5.133 4.842 4.559 4.284 4.017 3.758 3.508 3.266 3.716 4.175 4.626 5.070 5.505 5.933 6.354 6.766 7.171 7.569 7.958 8.321 8.305 8.286 8.264 8.239 8.212 8.182 8.149 8.113 8.074 8.032 7.988 7.975 8.232 8.520 8.839 9.188 9.568 9.979 10.420 10.893 11.396 11.929 12.494 13.150 14.078 15.020 15.974 16.942 17.923 18.917 19.925 20.945 21.979 23.026 24.086 26.145 31.002 35.985
13.068 12.471 11.801 11.128 10.452 9.773 9.091 8.406 7.719 7.028 6.335 5.973 5.678 5.391 5.112 4.841 4.578 4.322 4.075 3.835 3.603 3.381 3.167 3.503 3.928 4.345 4.754 5.156 5.550 5.936 6.315 6.686 7.049 7.404 7.752 7.750 7.719 7.685 7.647 7.607 7.564 7.519 7.470 7.419 7.365 7.307 7.249 7.643 8.067 8.523 9.009 9.525 10.073 10.651 11.260 11.899 12.570 13.271 14.021 15.008 16.008 17.021 18.048 19.087 20.140 21.206 22.285 23.377 24.482 25.600 27.386 32.802 38.342
12.865 12.187 11.507 10.824 10.138 9.449 8.757 8.062 7.364 6.664 5.961 5.565 5.298 5.038 4.787 4.543 4.307 4.079 3.859 3.646 3.442 3.247 3.061 3.300 3.690 4.073 4.448 4.816 5.176 5.528 5.872 6.209 6.538 6.860 7.173 7.200 7.156 7.109 7.059 7.006 6.951 6.893 6.832 6.768 6.701 6.631 6.559 7.021 7.583 8.174 8.797 9.450 10.134 10.849 11.594 12.370 13.177 14.015 14.883 15.923 16.982 18.053 19.138 20.236 21.347 22.471 23.609 24.759 25.923 27.300 29.206 35.282 41.159
12.595 11.907 11.217 10.523 9.827 9.128 8.426 7.721 7.013 6.303 5.589 5.150 4.910 4.678 4.454 4.238 4.029 3.829 3.636 3.451 3.274 3.107 2.948 3.105 3.461 3.810 4.151 4.485 4.810 5.128 5.439 5.742 6.037 6.324 6.604 6.653 6.597 6.537 6.475 6.410 6.342 6.271 6.197 6.120 6.041 5.959 5.874 6.368 7.066 7.794 8.553 9.343 10.164 11.015 11.896 12.809 13.752 14.726 15.731 16.823 18.006 19.347 20.769 22.270 23.852 25.515 27.257 29.080 30.983 32.967 35.031 40.018 45.018
12.328 11.630 10.929 10.226 9.519 8.810 8.098 7.383 6.665 5.945 5.221 4.729 4.516 4.312 4.115 3.926 3.745 3.572 3.406 3.249 3.099 2.959 2.828 2.918 3.241 3.556 3.863 4.162 4.454 4.738 5.014 5.283 5.544 5.797 6.043 6.110 6.041 5.969 5.894 5.816 5.736 5.653 5.566 5.477 5.385 5.291 5.193 5.683 6.517 7.382 8.278 9.265 10.368 11.486 12.620 13.769 14.934 16.114 17.310 18.767 20.384 22.081 23.858 25.715 27.653 29.671 31.769 33.948 36.207 38.546 40.965 44.944 49.067
12.064 11.356 10.645 9.932 9.215 8.496 7.774 7.049 6.321 5.590 4.857 4.301 4.116 3.939 3.769 3.607 3.454 3.308 3.170 3.040 2.917 2.805 2.702 2.741 3.029 3.310 3.583 3.849 4.106 4.357 4.599 4.834 5.061 5.280 5.492 5.571 5.490 5.405 5.318 5.227 5.134 5.038 5.033 5.160 5.259 5.333 5.379 5.976 7.085 8.210 9.351 10.507 11.678 12.866 14.068 15.286 16.520 17.769 19.034 20.703 22.675 24.728 26.861 29.074 31.367 33.741 36.195 38.728 41.343 44.037 46.811 50.058 53.306
11.803 11.085 10.364 9.641 8.914 8.185 7.453 6.718 5.980 5.239 4.495 3.867 3.709 3.559 3.417 3.282 3.156 3.037 2.927 2.824 2.729 2.644 2.568 2.572 2.827 3.074 3.313 3.544 3.768 3.984 4.192 4.393 4.586 4.894 5.401 5.818 6.012 6.179 6.320 6.435 6.522 6.584 6.619 6.627 6.609 6.565 6.494 6.923 8.102 9.296 10.505 11.730 12.971 14.227 15.499 16.786 18.088 19.406 20.740 22.553 24.881 27.290 29.778 32.346 34.995 37.724 40.533 43.422 46.391 49.440 52.570 55.362 57.735
11.546 10.818 10.087 9.353 8.617 7.877 7.135 6.390 5.642 4.891 4.137 3.425 3.295 3.172 3.058 2.951 2.851 2.760 2.677 2.601 2.534 2.476 2.428 2.413 2.727 3.194 3.670 4.154 4.647 5.149 5.660 6.180 6.708 7.245 7.791 8.254 8.330 8.379 8.403 8.399 8.370 8.313 8.231 8.122 7.986 7.824 7.636 7.853 9.100 10.363 11.642 12.936 14.245 15.570 16.911 18.267 19.638 21.025 22.428 24.319 27.002 29.766 32.609 35.533 38.536 41.620 44.784 48.028 51.352 54.756 58.240 60.854 62.352
11.291 10.553 9.812 9.069 8.322 7.573 6.820 6.065 5.307 4.546 3.782 3.016 2.875 2.779 2.692 2.612 2.576 2.786 3.011 3.252 3.509 3.754 3.983 4.225 4.716 5.222 5.736 6.259 6.792 7.332 7.882 8.441 9.008 9.584 10.169 10.715 10.673 10.605 10.511 10.390 10.243 10.069 9.869 9.642 9.389 9.110 8.804 8.765 10.081 11.413 12.760 14.123 15.501 16.895 18.305 19.729 21.170 22.625 24.097 26.000 29.038 32.156 35.355 38.633 41.992 45.430 48.949 52.547 56.226 59.984 63.823 66.535 67.159
11.040 10.292 9.541 8.787 8.031 7.271 6.509 5.744 4.976 4.244 3.691 3.194 3.259 3.461 3.677 3.910 4.159 4.423 4.703 4.998 5.310 5.609 5.893 6.190 6.692 7.236 7.790 8.352 8.923 9.503 10.092 10.689 11.295 11.910 12.534 13.167 13.043 12.857 12.645 12.407 12.142 11.851 11.533 11.189 10.819 10.422 9.999 9.659 11.044 12.445 13.861 15.292 16.740 18.202 19.680 21.174 22.683 24.207 25.747 27.595 30.989 34.462 38.015 41.648 45.361 49.154 53.027 56.980 61.013 65.126 69.318 72.404 72.155
10.792 10.034 9.266 8.516 7.821 7.183 6.601 6.074 5.603 5.189 4.830 4.527 4.608 4.864 5.135 5.422 5.725 6.044 6.378 6.728 7.093 7.447 7.786 8.138 8.655 9.238 9.831 10.432 11.042 11.661 12.288 12.925 13.570 14.224 14.886 15.558 15.438 15.135 14.805 14.450 14.067 13.659 13.224 12.762 12.275 11.760 11.220 10.653 11.989 13.458 14.943 16.444 17.960 19.491 21.038 22.600 24.178 25.771 27.380 29.107 32.854 36.682 40.589 44.577 48.644 52.791 57.019 61.326 65.713 70.180 74.726 78.461 77.340
10.079 9.411 8.800 8.244 7.743 7.299 6.911 6.578 6.301 6.081 5.916 5.807 5.941 6.251 6.577 6.918 7.275 7.648 8.037 8.441 8.861 9.269 9.663 10.070 10.606 11.228 11.859 12.499 13.148 13.806 14.472 15.147 15.832 16.524 17.226 17.936 17.859 17.438 16.992 16.518 16.019 15.493 14.941 14.362 13.757 13.126 12.468 11.784 12.916 14.454 16.008 17.577 19.162 20.762 22.377 24.008 25.655 27.316 28.994 30.687 34.635 38.817 43.079 47.420 51.842 56.343 60.924 65.585 70.326 75.146 80.047 84.109 80.737
9.173 8.699 8.281 7.920 7.613 7.363 7.169 7.030 6.947 6.920 6.949 7.034 7.258 7.622 8.002 8.398 8.809 9.236 9.679 10.137 10.611 11.074 11.524 11.985 12.544 13.205 13.875 14.554 15.242 15.938 16.644 17.358 18.080 18.812 19.553 20.302 20.305 19.768 19.204 18.613 17.996 17.353 16.684 15.988 15.266 14.517 13.742 12.941 13.825 15.432 17.054 18.692 20.346 22.014 23.698 25.398 27.113 28.844 30.589 32.351 36.331 40.867 45.326 49.396 53.304 57.051 60.637 64.061 67.324 70.425 73.364 76.143 73.390
8.215 7.936 7.712 7.544 7.432 7.375 7.375 7.430 7.541 7.707 7.930 8.208 8.558 8.977 9.411 9.861 10.327 10.808 11.305 11.818 12.346 12.863 13.367 13.884 14.469 15.170 15.879 16.596 17.323 18.058 18.802 19.555 20.317 21.087 21.866 22.654 22.778 22.123 21.441 20.734 20.000 19.240 18.453 17.640 16.801 15.935 15.043 14.125 14.717 16.392 18.083 19.790 21.511 23.445 25.698 27.716 29.501 31.051 32.367 33.449 36.419 40.099 43.618 46.976 50.173 53.208 56.081 58.794 61.345 63.734 65.963 68.029 65.998
