DATA/SHG/ECMWF/20170628/EN-34/20170629.en-34.asc
ncols        190
nrows        64
xllcorner    -5100000.000000000000
yllcorner    4130000.000000000000
cellsize     10000.000000000000
NODATA_value  -99999.000
[rows 32 to 63 of 64, columns 0 to 73 of 190]
6.138 6.112 5.784 5.426 5.066 4.705 4.342 3.978 3.612 3.245 2.877 2.507 2.135 1.762 1.667 1.582 1.490 1.393 1.289 1.180 1.064 0.943 0.815 0.681 0.541 0.395 0.466 0.544 0.624 0.707 0.792 0.881 0.972 1.066 1.162 1.261 1.363 1.466 1.481 1.493 1.500 1.502 1.500 1.494 1.483 1.468 1.449 1.547 1.684 1.810 2.015 2.190 2.334 2.447 2.529 2.581 2.602 2.593 2.552 2.481 2.379 2.288 2.582 2.864 3.135 3.396 3.645 3.883 4.110 4.326 4.531 4.725 4.908 5.080
6.485 6.437 6.150 5.786 5.421 5.055 4.687 4.317 3.946 3.574 3.200 2.824 2.447 2.069 1.911 1.804 1.692 1.573 1.448 1.317 1.181 1.038 0.888 0.733 0.572 0.405 0.448 0.535 0.624 0.717 0.812 0.910 1.010 1.113 1.219 1.328 1.439 1.553 1.567 1.563 1.733 1.930 2.110 2.273 2.418 2.547 2.658 2.753 2.830 2.890 2.983 3.051 3.088 3.094 3.069 3.014 2.928 2.812 2.664 2.486 2.278 2.038 2.271 2.515 2.748 2.970 3.181 3.381 3.569 3.747 3.914 4.069 4.214 4.347
6.839 6.769 6.517 6.148 5.778 5.406 5.032 4.657 4.281 3.903 3.524 3.143 2.761 2.377 2.161 2.033 1.899 1.759 1.613 1.461 1.303 1.139 0.969 0.792 0.610 0.421 0.426 0.523 0.622 0.724 0.828 0.936 1.046 1.449 1.846 2.210 2.540 2.837 3.048 3.219 3.373 3.510 3.630 3.733 3.819 3.888 3.940 3.974 3.992 3.992 3.980 3.941 3.871 3.770 3.639 3.477 3.284 3.060 2.806 2.521 2.206 1.860 1.971 2.177 2.372 2.555 2.728 2.890 3.040 3.179 3.308 3.425 3.531 3.627
7.200 7.107 6.885 6.511 6.135 5.758 5.379 4.999 4.617 4.234 3.849 3.463 3.075 2.686 2.418 2.269 2.113 1.952 1.785 1.611 1.432 1.247 1.055 0.857 0.654 0.463 0.865 1.378 1.858 2.305 2.718 3.099 3.446 3.760 4.041 4.288 4.503 4.684 4.823 4.934 5.029 5.106 5.166 5.210 5.236 5.245 5.237 5.211 5.169 5.110 5.007 4.860 4.683 4.476 4.237 3.969 3.669 3.339 2.978 2.586 2.164 1.711 1.683 1.850 2.007 2.152 2.286 2.409 2.522 2.623 2.713 2.792 2.860 2.917
7.567 7.452 7.255 6.875 6.494 6.111 5.727 5.342 4.955 4.566 4.176 3.784 3.391 2.997 2.680 2.510 2.333 2.151 2.037 2.285 2.530 2.772 3.012 3.249 3.483 3.714 4.019 4.416 4.780 5.110 5.408 5.672 5.904 6.102 6.267 6.399 6.497 6.563 6.613 6.665 6.700 6.717 6.718 6.701 6.667 6.617 6.549 6.464 6.362 6.243 6.062 5.809 5.525 5.211 4.866 4.490 4.084 3.647 3.179 2.681 2.152 1.593 1.405 1.534 1.652 1.759 1.856 1.941 2.015 2.078 2.129 2.170 2.200 2.219
7.941 7.803 7.626 7.241 6.854 6.466 6.077 5.686 5.293 4.899 4.504 4.211 4.199 4.248 4.379 4.628 4.874 5.117 5.358 5.595 5.830 6.063 6.292 6.519 6.743 6.964 7.203 7.484 7.732 7.947 8.128 8.277 8.392 8.475 8.524 8.540 8.523 8.473 8.419 8.411 8.386 8.344 8.284 8.208 8.115 8.004 7.877 7.732 7.570 7.391 7.146 6.787 6.396 5.975 5.523 5.041 4.528 3.984 3.410 2.806 2.170 1.504 1.138 1.229 1.309 1.378 1.436 1.483 1.519 1.543 1.557 1.560 1.551 1.532
8.321 8.161 7.995 7.607 7.271 7.047 6.884 6.781 6.738 6.756 6.833 6.971 7.168 7.426 7.739 7.978 8.214 8.447 8.677 8.905 9.129 9.352 9.571 9.787 10.001 10.212 10.418 10.583 10.715 10.814 10.880 10.912 10.912 10.879 10.812 10.712 10.580 10.414 10.240 10.172 10.087 9.985 9.866 9.730 9.577 9.407 9.220 9.015 8.794 8.556 8.260 7.793 7.296 6.769 6.210 5.621 5.002 4.352 3.671 2.960 2.218 1.446 0.883 0.935 0.977 1.008 1.027 1.036 1.034 1.020 1.139 1.361 1.594 1.838
8.800 8.725 8.681 8.569 8.495 8.481 8.528 8.634 8.801 9.028 9.315 9.662 10.069 10.536 11.063 11.326 11.552 11.775 11.995 12.213 12.427 12.639 12.848 13.055 13.258 13.459 13.657 13.712 13.729 13.712 13.662 13.579 13.463 13.314 13.131 12.916 12.668 12.386 12.075 11.948 11.803 11.642 11.463 11.267 11.055 10.825 10.578 10.314 10.033 9.736 9.403 8.829 8.226 7.591 6.926 6.231 5.505 4.749 3.961 3.144 2.296 1.417 0.638 0.760 0.943 1.137 1.342 1.558 1.785 2.023 2.272 2.533 2.804 3.087
9.346 9.375 9.433 9.516 9.652 9.848 10.104 10.420 10.796 11.232 11.728 12.284 12.901 13.577 14.313 14.673 14.889 15.102 15.312 15.519 15.724 15.925 16.124 16.321 16.514 16.705 16.893 16.872 16.773 16.640 16.475 16.276 16.044 15.780 15.482 15.151 14.787 14.390 13.960 13.739 13.535 13.314 13.075 12.820 12.548 12.258 11.952 11.629 11.288 10.931 10.556 9.894 9.184 8.443 7.672 6.870 6.029 5.202 4.397 3.614 2.854 2.116 1.403 1.613 1.834 2.066 2.310 2.564 2.830 3.106 3.394 3.693 4.003 4.324
9.859 9.991 10.152 10.397 10.742 11.147 11.612 12.137 12.723 13.368 14.073 14.839 15.664 16.549 17.495 18.019 18.225 18.427 18.627 18.824 19.019 19.210 19.399 19.585 19.769 19.949 20.127 20.063 19.847 19.599 19.318 19.004 18.657 18.277 17.863 17.417 16.938 16.425 15.880 15.545 15.281 15.001 14.703 14.388 14.056 13.707 13.341 12.959 12.559 11.988 11.393 10.570 9.708 8.868 8.051 7.256 6.484 5.734 5.007 4.302 3.619 2.960 2.322 2.454 2.713 2.984 3.266 3.559 3.862 4.177 4.504 4.841 5.189 5.549
10.339 10.574 10.838 11.210 11.764 12.379 13.053 13.788 14.582 15.436 16.351 17.325 18.359 19.453 20.608 21.363 21.559 21.751 21.941 22.128 22.312 22.494 22.673 22.849 23.022 23.193 23.360 23.283 22.953 22.589 22.192 21.763 21.300 20.804 20.276 19.714 19.119 18.492 17.831 17.366 17.043 16.703 16.090 15.466 14.850 14.242 13.643 13.053 12.471 11.898 11.333 10.613 9.829 9.067 8.327 7.610 6.916 6.244 5.594 4.967 4.362 3.780 3.220 3.283 3.581 3.890 4.210 4.541 4.883 5.237 5.601 5.977 6.364 6.761
10.785 11.123 11.490 11.957 12.720 13.544 14.427 15.370 16.374 17.437 18.560 19.743 20.986 22.289 23.652 24.707 24.892 25.074 25.254 25.431 25.605 25.776 25.945 26.111 26.274 26.435 26.592 26.535 26.089 25.609 25.097 24.552 23.974 23.363 22.708 21.601 20.523 19.474 18.454 17.621 17.001 16.389 15.785 15.190 14.604 14.026 13.456 12.895 12.343 11.799 11.264 10.634 9.928 9.244 8.582 7.942 7.326 6.731 6.159 5.610 5.083 4.578 4.096 4.100 4.436 4.784 5.142 5.512 5.893 6.284 6.687 7.101 7.526 7.962
11.199 11.639 12.109 12.636 13.609 14.641 15.734 16.886 18.098 19.370 20.702 22.093 23.545 25.057 26.628 28.048 28.223 28.396 28.565 28.732 28.896 29.057 29.216 29.372 29.525 29.675 29.823 29.732 28.522 27.341 26.189 25.066 23.973 22.908 21.873 20.867 19.890 18.943 18.024 17.219 16.628 16.046 15.472 14.906 14.349 13.801 13.261 12.730 12.207 11.693 11.187 10.633 10.005 9.398 8.814 8.252 7.713 7.196 6.702 6.230 5.781 5.354 4.949 4.906 5.280 5.666 6.063 6.471 6.890 7.320 7.761 8.213 8.676 9.151
11.579 12.122 12.695 13.297 14.431 15.672 16.973 18.334 19.755 21.235 22.776 24.376 26.036 27.756 29.536 31.376 31.554 31.716 31.875 32.032 32.030 31.492 30.951 30.407 29.860 29.310 28.757 28.159 27.050 25.971 24.920 23.899 22.906 21.943 21.009 20.104 19.229 18.382 17.565 16.809 16.248 15.695 15.150 14.614 14.087 13.568 13.058 12.556 12.063 11.578 11.102 10.610 10.059 9.530 9.024 8.540 8.078 7.639 7.222 6.828 6.456 6.107 5.779 5.700 6.112 6.537 6.972 7.418 7.875 8.343 8.823 9.313 9.815 10.327
11.926 12.572 13.248 13.953 15.186 16.636 18.145 19.715 21.344 23.033 24.782 26.590 28.459 30.195 31.539 32.837 32.589 32.053 31.514 30.972 30.427 29.878 29.327 28.773 28.216 27.655 27.092 26.526 25.551 24.572 23.623 22.703 21.812 20.950 20.117 19.313 18.538 17.793 17.077 16.391 15.859 15.336 14.821 14.314 13.817 13.327 12.847 12.374 11.911 11.455 11.009 10.565 10.092 9.640 9.212 8.805 8.421 8.059 7.720 7.403 7.109 6.837 6.587 6.482 6.933 7.395 7.869 8.353 8.849 9.355 9.873 10.402 10.941 11.492
12.240 12.989 13.767 14.575 15.874 17.532 19.162 20.668 22.128 23.542 24.910 26.233 27.510 28.741 29.927 31.067 31.033 30.487 29.937 29.385 28.829 28.270 27.709 27.144 26.576 26.006 25.432 24.855 24.023 23.146 22.298 21.478 20.688 19.928 19.196 18.493 17.819 17.175 16.560 15.973 15.463 14.969 14.483 14.006 13.538 13.078 12.627 12.184 11.750 11.324 10.907 10.498 10.102 9.728 9.377 9.048 8.742 8.457 8.196 7.956 7.739 7.545 7.373 7.252 7.742 8.242 8.754 9.277 9.810 10.355 10.911 11.478 12.049 12.414
12.512 13.319 14.127 14.933 16.038 17.477 18.869 20.216 21.518 22.773 23.983 25.147 26.266 27.339 28.366 29.347 29.482 28.926 28.366 27.803 27.237 26.668 26.096 25.521 24.942 24.361 23.777 23.190 22.467 21.691 20.944 20.226 19.537 18.877 18.246 17.644 17.072 16.528 16.014 15.528 15.058 14.594 14.138 13.690 13.251 12.821 12.399 11.986 11.581 11.185 10.797 10.418 10.091 9.795 9.521 9.269 9.040 8.833 8.649 8.487 8.347 8.230 8.135 8.063 8.539 9.064 9.451 9.831 10.205 10.574 10.935 11.291 11.641 11.984
12.739 13.545 14.352 15.158 16.112 17.392 18.626 19.814 20.957 22.054 23.106 24.112 25.072 25.987 26.855 27.679 27.937 27.370 26.799 26.226 25.650 25.070 24.488 23.902 23.314 22.722 22.128 21.530 20.883 20.208 19.562 18.945 18.357 17.798 17.268 16.767 16.295 15.853 15.439 15.055 14.645 14.210 13.784 13.366 12.957 12.556 12.163 11.780 11.404 11.037 10.679 10.329 10.057 9.838 9.642 9.468 9.316 9.187 9.063 8.857 8.666 8.489 8.326 8.178 8.439 8.810 9.176 9.535 9.888 10.235 10.576 10.910 11.239 11.561
12.965 13.771 14.576 15.382 16.235 17.357 18.432 19.462 20.447 21.386 22.279 23.127 23.928 24.685 25.396 26.061 26.397 25.819 25.239 24.655 24.068 23.478 22.885 22.290 21.691 21.089 20.484 19.876 19.271 18.697 18.152 17.635 17.148 16.690 16.261 15.861 15.490 15.149 14.836 14.552 14.225 13.819 13.422 13.034 12.654 12.282 11.919 11.565 11.219 10.882 10.553 10.213 9.890 9.648 9.420 9.207 9.008 8.823 8.653 8.497 8.356 8.229 8.116 8.018 8.212 8.563 8.907 9.245 9.577 9.903 10.222 10.536 10.843 11.144
13.191 13.996 14.801 15.606 16.410 17.371 18.288 19.160 19.986 20.767 21.502 22.191 22.835 23.433 23.986 24.493 24.862 24.274 23.683 23.089 22.492 21.891 21.288 20.682 20.073 19.460 18.845 18.227 17.631 17.157 16.713 16.298 15.911 15.554 15.226 14.927 14.657 14.416 14.204 14.020 13.796 13.420 13.053 12.694 12.320 11.896 11.477 11.065 10.659 10.259 9.866 9.478 9.167 8.975 8.797 8.633 8.484 8.350 8.229 8.123 8.032 7.955 7.892 7.844 7.992 8.321 8.644 8.961 9.272 9.577 9.875 10.167 10.453 10.733
13.417 14.221 15.025 15.829 16.633 17.434 18.194 18.907 19.575 20.198 20.775 21.306 21.792 22.232 22.627 22.976 23.280 22.734 22.133 21.528 20.920 20.310 19.696 19.080 18.460 17.837 17.212 16.583 15.962 15.590 15.246 14.932 14.646 14.390 14.162 13.964 13.794 13.655 13.509 13.336 13.104 12.676 12.255 11.839 11.430 11.027 10.630 10.239 9.854 9.476 9.104 8.737 8.431 8.288 8.160 8.047 7.947 7.863 7.792 7.736 7.694 7.667 7.654 7.656 7.778 8.086 8.388 8.684 8.973 9.257 9.534 9.805 10.070 10.329
13.642 14.446 15.249 16.053 16.856 17.548 18.149 18.704 19.214 19.679 20.098 20.471 20.799 21.081 21.318 21.509 21.655 21.199 20.587 19.973 19.355 18.734 18.110 17.483 16.853 16.219 15.583 14.944 14.302 13.994 13.837 13.783 13.703 13.597 13.465 13.307 13.123 12.912 12.676 12.413 12.123 11.717 11.316 10.922 10.534 10.153 9.777 9.408 9.044 8.687 8.336 7.992 7.681 7.588 7.510 7.447 7.397 7.362 7.342 7.335 7.343 7.366 7.403 7.454 7.570 7.857 8.138 8.412 8.681 8.943 9.199 9.449 9.693 9.930
13.867 14.671 15.473 16.276 17.078 17.710 18.153 18.551 18.903 19.210 19.471 19.686 19.856 19.981 20.060 20.093 20.081 19.670 19.048 18.422 17.794 17.163 16.528 16.022 15.637 15.247 14.852 14.451 14.046 13.873 13.755 13.610 13.440 13.244 13.021 12.772 12.498 12.197 11.870 11.517 11.138 10.752 10.373 10.000 9.634 9.273 8.919 8.571 8.229 7.894 7.564 7.241 6.924 6.875 6.847 6.833 6.833 6.848 6.877 6.921 6.979 7.051 7.138 7.239 7.368 7.634 7.893 8.147 8.394 8.635 8.870 9.099 9.322 9.538
14.093 14.895 15.697 16.499 17.301 17.922 18.207 18.447 18.641 18.790 18.893 18.951 18.963 18.930 18.852 18.727 18.703 18.566 18.194 17.817 17.435 17.048 16.655 16.257 15.854 15.446 15.033 14.614 14.191 13.908 13.700 13.465 13.204 12.917 12.604 12.265 11.900 11.509 11.092 10.649 10.179 9.782 9.425 9.073 8.728 8.389 8.056 7.730 7.409 7.095 6.787 6.485 6.189 6.149 6.170 6.206 6.256 6.321 6.400 6.493 6.601 6.723 6.859 7.010 7.175 7.417 7.655 7.887 8.114 8.334 8.548 8.755 8.957 9.152
14.317 15.119 15.921 16.722 17.523 18.183 18.310 18.392 18.429 18.400 18.382 18.394 18.437 18.511 18.616 18.752 18.919 18.916 18.526 18.131 17.731 17.325 16.914 16.498 16.077 15.651 15.219 14.783 14.341 13.971 13.672 13.347 12.996 12.618 12.215 11.786 11.331 10.849 10.342 9.808 9.248 8.807 8.471 8.141 7.818 7.500 7.189 6.883 6.584 6.291 6.004 5.724 5.449 5.409 5.480 5.566 5.666 5.780 5.909 6.052 6.209 6.381 6.567 6.768 6.983 7.206 7.423 7.634 7.839 8.038 8.231 8.418 8.598 8.773
14.542 15.343 16.013 16.632 17.237 17.787 17.752 17.748 17.775 17.833 17.921 18.041 18.191 18.373 18.585 18.828 19.102 19.272 18.863 18.450 18.032 17.608 17.179 16.745 16.305 15.861 15.411 14.956 14.496 14.060 13.671 13.256 12.814 12.347 11.853 11.334 10.788 10.216 9.619 8.995 8.345 7.828 7.513 7.204 6.902 6.606 6.316 6.032 5.754 5.482 5.217 4.957 4.704 4.656 4.777 4.912 5.062 5.226 5.405 5.597 5.804 6.026 6.262 6.512 6.776 7.001 7.197 7.387 7.571 7.770 7.978 8.190 8.406 8.627
13.865 14.463 15.047 15.617 16.173 16.715 16.830 16.933 17.067 17.232 17.428 17.655 17.912 18.201 18.520 18.871 19.252 19.632 19.206 18.774 18.338 17.896 17.449 16.996 16.539 16.076 15.608 15.135 14.657 14.177 13.697 13.192 12.660 12.102 11.519 10.909 10.273 9.611 8.923 8.209 7.469 6.843 6.549 6.262 5.981 5.706 5.438 5.175 4.918 4.668 4.424 4.186 3.954 3.890 4.060 4.245 4.445 4.659 4.887 5.129 5.386 5.657 5.969 6.280 6.582 6.826 7.032 7.242 7.456 7.675 7.897 8.123 8.353 8.588
13.014 13.564 14.099 14.620 15.126 15.618 15.875 16.085 16.327 16.599 16.902 17.236 17.600 17.996 18.423 18.880 19.368 19.887 19.554 19.104 18.649 18.189 17.724 17.253 16.778 16.297 15.811 15.319 14.823 14.321 13.751 13.155 12.533 11.885 11.211 10.511 9.785 9.033 8.255 7.451 6.621 5.853 5.581 5.315 5.055 4.802 4.554 4.313 4.078 3.849 3.626 3.410 3.199 3.110 3.330 3.664 4.010 4.346 4.673 4.990 5.297 5.595 5.882 6.160 6.428 6.671 6.891 7.115 7.344 7.576 7.812 8.052 8.297 8.545
12.181 12.681 13.167 13.638 14.096 14.539 14.888 15.205 15.554 15.933 16.343 16.784 17.256 17.758 18.292 18.856 19.451 20.077 19.906 19.439 18.966 18.487 18.004 17.515 17.022 16.523 16.018 15.509 14.995 14.475 13.831 13.145 12.433 11.695 10.931 10.141 9.325 8.483 7.615 6.721 5.801 4.858 4.607 4.363 4.125 3.892 3.666 3.446 3.361 3.300 3.245 3.196 3.153 3.167 3.499 3.821 4.134 4.437 4.730 5.013 5.287 5.551 5.805 6.050 6.284 6.512 6.746 6.985 7.227 7.473 7.724 7.978 8.236 8.499
11.364 11.815 12.251 12.674 13.082 13.476 13.868 14.292 14.748 15.234 15.751 16.299 16.878 17.488 18.128 18.799 19.501 20.234 20.265 19.779 19.287 18.791 18.290 17.783 17.271 16.754 16.231 15.704 15.171 14.633 13.939 13.162 12.360 11.532 10.678 9.798 8.892 7.960 7.002 6.018 5.008 4.107 3.913 3.837 3.767 3.703 3.645 3.592 3.546 3.505 3.470 3.442 3.419 3.402 3.700 3.989 4.268 4.537 4.797 5.046 5.287 5.517 5.738 5.949 6.150 6.349 6.598 6.850 7.106 7.367 7.631 7.900 8.172 8.449
10.563 10.965 11.353 11.726 12.085 12.430 12.815 13.347 13.909 14.503 15.127 15.782 16.467 17.184 17.931 18.709 19.518 20.358 20.628 20.124 19.614 19.100 18.580 18.055 17.525 16.990 16.450 15.904 15.353 14.798 14.073 13.207 12.315 11.397 10.505 9.615 8.724 7.833 6.941 6.050 5.158 4.266 3.970 3.915 3.865 3.821 3.783 3.751 3.725 3.704 3.690 3.681 3.678 3.682 3.910 4.165 4.410 4.646 4.872 5.089 5.295 5.492 5.680 5.857 6.025 6.183 6.445 6.712 6.982 7.257 7.535 7.818 8.104 8.395
9.779 10.132 10.470 10.795 11.105 11.400 11.730 12.369 13.038 13.739 14.470 15.231 16.024 16.847 17.701 18.586 19.502 20.449 20.996 20.474 19.947 19.414 18.876 18.333 17.785 17.232 16.671 16.061 15.478 14.923 14.237 13.346 12.455 11.563 10.672 9.780 8.888 7.996 7.103 6.211 5.318 4.425 4.021 3.986 3.957 3.933 3.915 3.903 3.897 3.897 3.903 3.915 3.932 3.956 4.129 4.351 4.563 4.765 4.958 5.141 5.314 5.477 5.631 5.775 5.909 6.034 6.289 6.570 6.854 7.143 7.435 7.732 8.032 8.337
