DATA/SHG/ECMWF/20170628/EN-34/20170710.en-34.asc
ncols        190
nrows        64
xllcorner    -5100000.000000000000
yllcorner    4130000.000000000000
cellsize     10000.000000000000
NODATA_value  -99999.000
[rows 0 to 31 of 64, columns 73 to 145 of 190]
2.174 2.254 2.335 2.418 2.503 2.590 2.679 2.769 2.797 2.644 2.479 2.321 2.169 2.025 1.888 1.759 1.636 1.520 1.412 1.311 1.262 1.362 1.459 1.557 1.653 1.750 1.846 1.942 2.037 2.133 2.227 2.322 2.449 2.689 2.937 3.194 3.458 3.730 4.010 4.297 4.593 4.897 5.209 5.529 5.767 5.731 5.691 5.647 5.599 5.547 5.492 5.432 5.369 5.302 5.231 5.156 5.121 5.214 5.308 5.401 5.496 5.590 5.685 5.781 5.877 5.973 6.070 6.167 6.410 7.074 7.758 8.462 9.187
2.409 2.495 2.581 2.652 2.706 2.743 2.764 2.768 2.732 2.584 2.444 2.311 2.184 2.065 1.953 1.848 1.750 1.660 1.576 1.500 1.448 1.547 1.643 1.739 1.834 1.929 2.024 2.118 2.212 2.306 2.399 2.492 2.605 2.881 3.164 3.456 3.756 4.064 4.379 4.703 5.034 5.374 5.721 6.076 6.387 6.333 6.276 6.214 6.149 6.080 6.007 5.931 5.850 5.766 5.677 5.585 5.516 5.611 5.706 5.801 5.898 5.994 6.091 6.188 6.286 6.384 6.483 6.582 6.779 7.533 8.308 9.102 9.917
2.743 2.788 2.817 2.830 2.825 2.805 2.767 2.714 2.641 2.518 2.402 2.294 2.193 2.098 2.011 1.931 1.858 1.792 1.733 1.682 1.637 1.732 1.826 1.921 2.014 2.108 2.201 2.294 2.386 2.479 2.570 2.662 2.753 3.063 3.382 3.710 4.045 4.388 4.739 5.099 5.466 5.841 6.224 6.615 7.009 6.939 6.864 6.785 6.703 6.616 6.526 6.432 6.334 6.232 6.127 6.017 5.909 6.006 6.103 6.201 6.299 6.397 6.496 6.595 6.694 6.795 6.895 6.996 7.141 7.991 8.829 9.655 10.468
3.110 3.097 3.068 3.023 2.960 2.882 2.786 2.674 2.546 2.445 2.354 2.271 2.194 2.125 2.063 2.007 1.959 1.918 1.884 1.857 1.838 1.917 2.010 2.103 2.195 2.287 2.379 2.470 2.561 2.652 2.742 2.832 2.922 3.236 3.591 3.954 4.325 4.704 5.091 5.485 5.888 6.298 6.717 7.143 7.578 7.547 7.455 7.359 7.259 7.156 7.048 6.937 6.822 6.703 6.580 6.453 6.323 6.400 6.499 6.624 6.769 6.910 7.048 7.182 7.312 7.439 7.562 7.681 7.796 8.545 9.329 10.102 10.862
3.492 3.422 3.334 3.231 3.111 2.974 2.821 2.651 2.464 2.366 2.300 2.241 2.190 2.145 2.107 2.077 2.054 2.038 2.028 2.026 2.032 2.102 2.194 2.285 2.376 2.466 2.556 2.646 2.736 2.825 2.914 3.003 3.091 3.400 3.791 4.189 4.596 5.010 5.432 5.863 6.301 6.747 7.201 7.663 8.133 8.159 8.049 7.936 7.819 7.698 7.573 7.457 7.355 7.267 7.193 7.134 7.088 7.191 7.327 7.460 7.588 7.713 7.834 7.952 8.065 8.176 8.282 8.385 8.484 9.109 9.840 10.560 11.267
3.889 3.761 3.616 3.454 3.276 3.081 2.870 2.643 2.398 2.280 2.239 2.205 2.178 2.159 2.146 2.140 2.142 2.150 2.166 2.189 2.219 2.287 2.377 2.467 2.557 2.646 2.734 2.823 2.911 2.999 3.086 3.173 3.260 3.555 3.981 4.415 4.857 5.307 5.765 6.231 6.704 7.171 7.621 8.064 8.497 8.556 8.433 8.323 8.227 8.146 8.079 8.025 7.986 7.961 7.951 7.954 7.971 8.063 8.183 8.298 8.410 8.519 8.623 8.724 8.822 8.915 9.005 9.091 9.174 9.685 10.363 11.029 11.683
4.302 4.115 3.912 3.693 3.457 3.204 2.935 2.650 2.348 2.188 2.172 2.163 2.161 2.166 2.178 2.197 2.223 2.257 2.297 2.345 2.399 2.473 2.561 2.650 2.737 2.825 2.912 2.999 3.086 3.172 3.258 3.344 3.459 3.770 4.251 4.723 5.187 5.643 6.089 6.528 6.957 7.379 7.791 8.195 8.591 8.732 8.671 8.625 8.592 8.573 8.569 8.579 8.602 8.640 8.692 8.758 8.838 8.937 9.040 9.139 9.235 9.327 9.415 9.499 9.580 9.657 9.731 9.801 9.867 10.271 10.896 11.509 12.110
4.729 4.484 4.224 3.946 3.652 3.342 3.015 2.672 2.312 2.090 2.098 2.114 2.137 2.167 2.203 2.247 2.298 2.356 2.421 2.494 2.573 2.658 2.745 2.869 3.006 3.141 3.275 3.407 3.537 3.666 3.794 3.919 4.043 4.292 4.735 5.169 5.595 6.012 6.421 6.821 7.212 7.595 7.970 8.335 8.693 8.893 8.895 8.911 8.941 8.986 9.044 9.116 9.203 9.303 9.418 9.547 9.690 9.814 9.900 9.983 10.062 10.138 10.209 10.277 10.342 10.402 10.459 10.513 10.562 10.869 11.440 12.000 12.548
5.171 4.869 4.550 4.215 3.863 3.495 3.111 2.710 2.292 1.985 2.018 2.059 2.106 2.161 2.222 2.317 2.506 2.682 2.845 2.996 3.133 3.256 3.389 3.520 3.650 3.778 3.904 4.029 4.152 4.274 4.394 4.512 4.629 4.822 5.227 5.623 6.011 6.390 6.760 7.122 7.476 7.821 8.157 8.485 8.804 9.039 9.104 9.182 9.275 9.382 9.503 9.638 9.788 9.951 10.128 10.320 10.525 10.693 10.763 10.829 10.892 10.951 11.006 11.058 11.106 11.150 11.190 11.227 11.260 11.477 11.996 12.502 12.997
5.628 5.268 4.892 4.499 4.089 3.664 3.221 2.763 2.343 2.120 2.341 2.549 2.744 2.927 3.096 3.253 3.397 3.528 3.647 3.752 3.845 3.922 4.048 4.172 4.294 4.415 4.535 4.652 4.768 4.882 4.995 5.106 5.216 5.361 5.728 6.086 6.435 6.776 7.109 7.433 7.748 8.055 8.353 8.643 8.924 9.169 9.297 9.438 9.594 9.763 9.947 10.145 10.357 10.583 10.823 11.077 11.345 11.575 11.629 11.678 11.725 11.767 11.806 11.841 11.872 11.900 11.924 11.945 11.961 12.097 12.562 13.016 13.457
6.100 5.704 5.345 5.003 4.679 4.374 4.086 3.816 3.564 3.336 3.512 3.675 3.825 3.963 4.088 4.200 4.299 4.385 4.459 4.520 4.568 4.593 4.708 4.825 4.940 5.054 5.166 5.276 5.385 5.492 5.597 5.701 5.803 5.909 6.237 6.557 6.869 7.172 7.466 7.752 8.029 8.298 8.558 8.810 9.053 9.284 9.475 9.679 9.897 10.129 10.376 10.636 10.911 11.199 11.502 11.818 12.149 12.460 12.497 12.530 12.560 12.586 12.608 12.627 12.642 12.653 12.661 12.665 12.665 12.727 13.139 13.540 13.928
6.785 6.470 6.173 5.893 5.632 5.389 5.164 4.957 4.768 4.596 4.693 4.811 4.917 5.009 5.089 5.157 5.211 5.253 5.281 5.298 5.301 5.281 5.369 5.479 5.587 5.693 5.798 5.901 6.002 6.102 6.200 6.297 6.392 6.485 6.755 7.037 7.311 7.576 7.832 8.080 8.319 8.550 8.772 8.986 9.191 9.387 9.637 9.904 10.185 10.480 10.789 11.112 11.449 11.800 12.165 12.544 12.937 13.344 13.367 13.384 13.397 13.407 13.413 13.415 13.414 13.408 13.400 13.387 13.426 13.561 14.168 14.858 15.631
7.470 7.217 6.983 6.766 6.567 6.387 6.224 6.079 5.953 5.844 5.884 5.957 6.018 6.066 6.101 6.124 6.133 6.130 6.114 6.086 6.044 5.979 6.031 6.134 6.234 6.333 6.431 6.527 6.621 6.713 6.804 6.894 6.981 7.067 7.282 7.526 7.761 7.988 8.206 8.416 8.618 8.810 8.995 9.170 9.337 9.496 9.785 10.114 10.458 10.815 11.186 11.572 11.971 12.385 12.813 13.254 13.710 14.180 14.240 14.237 14.247 14.280 14.337 14.417 14.520 14.647 14.797 14.971 15.168 15.388 16.314 17.370 18.509
8.137 7.947 7.775 7.621 7.485 7.366 7.266 7.184 7.120 7.073 7.085 7.114 7.130 7.133 7.123 7.101 7.066 7.018 6.958 6.884 6.798 6.688 6.694 6.789 6.883 6.974 7.065 7.153 7.240 7.325 7.409 7.491 7.572 7.651 7.817 8.023 8.220 8.409 8.590 8.761 8.925 9.080 9.226 9.364 9.493 9.614 9.917 10.309 10.715 11.135 11.601 12.095 12.576 13.043 13.498 13.938 14.366 14.780 14.929 15.019 15.133 15.270 15.430 15.614 15.821 16.052 16.306 16.583 16.884 17.208 18.375 19.797 21.302
8.786 8.658 8.549 8.457 8.384 8.328 8.290 8.270 8.268 8.284 8.296 8.280 8.251 8.210 8.156 8.089 8.009 7.916 7.811 7.693 7.562 7.407 7.358 7.446 7.532 7.616 7.699 7.781 7.860 7.938 8.015 8.090 8.163 8.235 8.361 8.529 8.688 8.839 8.982 9.115 9.241 9.417 9.647 9.874 10.100 10.323 10.709 11.197 11.672 12.133 12.582 13.017 13.438 13.847 14.242 14.623 14.992 15.347 15.582 15.776 15.993 16.234 16.498 16.786 17.097 17.431 17.789 18.170 18.574 19.002 20.350 22.138 24.009
9.418 9.353 9.305 9.276 9.265 9.272 9.296 9.339 9.399 9.477 9.517 9.457 9.383 9.297 9.198 9.086 8.962 8.825 8.675 8.512 8.337 8.137 8.023 8.103 8.182 8.259 8.335 8.409 8.482 8.552 8.622 8.689 8.795 8.952 9.152 9.388 9.621 9.852 10.081 10.308 10.532 10.754 10.974 11.191 11.406 11.619 11.939 12.368 12.783 13.186 13.575 13.951 14.313 14.662 14.998 15.321 15.630 15.927 16.209 16.507 16.829 17.173 17.541 17.932 18.347 18.785 19.246 19.731 20.239 20.770 22.241 24.395 26.630
10.031 10.029 10.044 10.077 10.128 10.197 10.284 10.389 10.512 10.652 10.749 10.643 10.525 10.394 10.251 10.094 9.925 9.744 9.549 9.342 9.122 8.877 8.688 8.744 8.803 8.883 8.985 9.109 9.254 9.420 9.609 9.819 10.050 10.303 10.561 10.787 11.010 11.231 11.449 11.666 11.880 12.092 12.301 12.508 12.713 12.916 13.181 13.550 13.907 14.250 14.580 14.897 15.201 15.491 15.768 16.031 16.282 16.519 16.812 17.214 17.639 18.087 18.559 19.054 19.572 20.113 20.678 21.266 21.878 22.513 24.047 26.566 29.167
10.628 10.687 10.765 10.860 10.974 11.105 11.254 11.421 11.606 11.809 11.990 11.840 11.677 11.502 11.313 11.105 10.796 10.486 10.178 9.870 9.562 9.249 8.976 9.109 9.264 9.441 9.639 9.858 10.099 10.362 10.646 10.952 11.279 11.628 11.971 12.186 12.399 12.610 12.818 13.024 13.228 13.430 13.629 13.826 14.021 14.214 14.435 14.746 15.043 15.327 15.598 15.856 16.101 16.332 16.550 16.754 16.946 17.124 17.391 17.896 18.424 18.976 19.551 20.150 20.771 21.416 22.085 22.776 23.491 24.230 25.768 28.652 31.618
11.206 11.328 11.468 11.626 11.801 11.995 12.206 12.435 12.666 12.812 12.935 12.634 12.325 12.015 11.706 11.398 11.089 10.782 10.474 10.167 9.861 9.549 9.233 9.450 9.701 9.973 10.267 10.583 10.920 11.278 11.658 12.060 12.483 12.928 13.381 13.586 13.789 13.989 14.188 14.383 14.577 14.769 14.958 15.145 15.329 15.512 15.702 15.953 16.192 16.417 16.629 16.828 17.013 17.186 17.345 17.490 17.623 17.742 17.944 18.553 19.185 19.840 20.518 21.220 21.945 22.694 23.466 24.261 25.079 25.921 27.405 30.653 33.983
11.767 11.965 12.190 12.393 12.573 12.730 12.865 12.977 13.067 13.134 13.178 12.921 12.612 12.304 11.997 11.689 11.382 11.076 10.770 10.464 10.159 9.849 9.534 9.766 10.112 10.481 10.871 11.282 11.715 12.169 12.645 13.143 13.662 14.202 14.764 14.987 15.179 15.369 15.557 15.743 15.927 16.108 16.287 16.464 16.638 16.810 16.980 17.173 17.353 17.519 17.672 17.812 17.939 18.052 18.152 18.239 18.312 18.373 18.472 19.184 19.920 20.679 21.461 22.266 23.094 23.946 24.821 25.720 26.641 27.586 28.957 32.570 36.264
12.768 12.937 13.083 13.207 13.308 13.387 13.443 13.477 13.488 13.476 13.442 13.207 12.900 12.593 12.286 11.980 11.675 11.370 11.065 10.761 10.457 10.148 9.835 10.057 10.499 10.963 11.449 11.956 12.485 13.035 13.607 14.200 14.815 15.451 16.109 16.388 16.570 16.750 16.928 17.104 17.277 17.448 17.617 17.783 17.948 18.110 18.270 18.406 18.526 18.634 18.728 18.809 18.876 18.931 18.972 19.000 19.015 19.016 19.005 19.792 20.630 21.492 22.378 23.286 24.218 25.173 26.151 27.153 28.178 29.140 30.109 33.641 37.070
13.839 13.929 13.997 14.042 14.064 14.064 14.042 13.996 13.929 13.838 13.726 13.492 13.186 12.881 12.576 12.271 11.967 11.663 11.359 11.056 10.754 10.446 10.134 10.323 10.861 11.421 12.003 12.606 13.230 13.876 14.543 15.232 15.943 16.674 17.428 17.789 17.961 18.131 18.299 18.464 18.628 18.789 18.947 19.104 19.258 19.410 19.559 19.650 19.712 19.761 19.796 19.818 19.827 19.822 19.805 19.774 19.730 19.673 19.602 20.374 21.291 22.174 23.049 23.916 24.776 25.627 26.471 27.307 28.136 28.956 29.769 32.694 35.669
14.930 14.941 14.930 14.896 14.840 14.761 14.660 14.536 14.390 14.221 14.030 13.777 13.472 13.168 12.864 12.561 12.258 11.955 11.653 11.351 11.050 10.744 10.433 10.565 11.199 11.854 12.531 13.230 13.950 14.691 15.454 16.239 17.045 17.872 18.721 19.191 19.353 19.513 19.671 19.826 19.979 20.130 20.278 20.425 20.569 20.710 20.850 20.907 20.910 20.900 20.876 20.752 20.514 20.317 20.159 20.040 19.962 19.924 19.925 20.567 21.423 22.272 23.113 23.946 24.771 25.589 26.398 27.200 27.995 28.781 29.560 31.849 34.371
16.040 15.973 15.883 15.771 15.636 15.478 15.299 15.096 14.871 14.624 14.354 14.061 13.757 13.454 13.152 12.850 12.548 12.247 11.946 11.645 11.345 11.041 10.731 10.782 11.511 12.263 13.035 13.829 14.645 15.482 16.341 17.221 18.122 19.045 19.989 20.594 20.746 20.896 21.043 21.188 21.331 21.472 21.504 21.341 21.145 20.915 20.651 20.382 20.162 19.982 19.842 19.741 19.680 19.659 19.677 19.735 19.833 19.971 20.148 20.741 21.563 22.377 23.184 23.983 24.774 25.557 26.333 27.101 27.861 28.613 29.358 31.107 33.176
17.170 17.024 16.856 16.665 16.452 16.216 15.957 15.676 15.373 15.047 14.699 14.344 14.042 13.740 13.439 13.138 12.838 12.538 12.238 11.939 11.640 11.337 11.029 10.974 11.799 12.646 13.514 14.404 15.315 16.248 17.202 18.177 19.174 20.138 21.022 21.607 21.531 21.422 21.278 21.101 20.890 20.646 20.367 20.054 19.708 19.328 18.914 18.626 18.582 18.578 18.614 18.690 18.805 18.960 19.155 19.389 19.663 19.977 20.331 20.922 21.710 22.491 23.263 24.028 24.785 25.534 26.276 27.009 27.735 28.453 29.164 30.466 32.083
18.320 18.095 17.848 17.579 17.287 16.973 16.636 16.277 15.895 15.491 15.064 14.626 14.326 14.025 13.725 13.426 13.127 12.828 12.530 12.232 11.934 11.632 11.325 11.142 12.043 12.920 13.799 14.679 15.561 16.444 17.329 18.215 19.103 19.993 20.884 21.559 21.333 21.073 20.780 20.453 20.092 19.697 19.268 18.806 18.309 17.779 17.215 16.830 16.962 17.135 17.347 17.598 17.890 18.221 18.592 19.002 19.453 19.943 20.472 21.111 21.865 22.611 23.350 24.080 24.803 25.518 26.226 26.925 27.617 28.301 28.978 29.928 31.092
19.489 19.186 18.861 18.513 18.143 17.750 17.335 16.897 16.437 15.954 15.449 14.922 14.609 14.310 14.011 13.713 13.409 13.067 12.722 12.377 12.029 11.680 11.330 10.979 11.832 12.716 13.602 14.489 15.378 16.269 17.161 18.054 18.950 19.846 20.745 21.548 21.172 20.762 20.319 19.842 19.331 18.786 18.207 17.595 16.949 16.269 15.555 14.994 15.302 15.651 16.039 16.467 16.934 17.442 17.988 18.575 19.201 19.867 20.572 21.308 22.028 22.740 23.444 24.140 24.829 25.510 26.184 26.849 27.507 28.157 28.799 29.491 30.203
20.678 20.297 19.893 19.467 19.018 18.547 18.054 17.538 16.999 16.416 15.766 15.151 14.764 14.422 14.079 13.734 13.387 13.039 12.688 12.337 11.983 11.628 11.272 10.915 11.619 12.511 13.404 14.298 15.194 16.092 16.991 17.892 18.794 19.698 20.603 21.510 21.048 20.488 19.895 19.268 18.607 17.912 17.184 16.422 15.626 14.796 13.933 13.118 13.603 14.127 14.691 15.295 15.939 16.622 17.344 18.107 18.909 19.750 20.632 21.512 22.198 22.876 23.546 24.208 24.863 25.510 26.149 26.781 27.405 28.021 28.629 29.156 29.417
21.887 21.427 20.852 20.072 19.329 18.622 17.952 17.318 16.721 16.161 15.637 15.150 14.767 14.419 14.070 13.719 13.366 13.012 12.656 12.299 11.939 11.578 11.216 10.853 11.405 12.304 13.204 14.105 15.009 15.913 16.820 17.728 18.637 19.548 20.460 21.374 20.961 20.251 19.508 18.731 17.921 17.077 16.198 15.287 14.341 13.362 12.349 11.302 11.863 12.564 13.304 14.083 14.903 15.761 16.660 17.598 18.576 19.593 20.650 21.723 22.375 23.019 23.655 24.284 24.904 25.517 26.122 26.720 27.310 27.892 28.466 28.923 28.733
21.089 20.363 19.674 19.021 18.405 17.825 17.282 16.776 16.306 15.872 15.475 15.115 14.771 14.418 14.062 13.706 13.347 12.987 12.625 12.262 11.897 11.530 11.162 10.793 11.189 12.095 13.002 13.911 14.821 15.733 16.647 17.562 18.478 19.396 20.316 21.237 20.911 20.052 19.159 18.232 17.272 16.278 15.251 14.189 13.094 11.965 10.803 9.606 10.084 10.960 11.876 12.831 13.826 14.861 15.935 17.049 18.202 19.395 20.627 21.899 22.560 23.170 23.772 24.367 24.953 25.532 26.103 26.667 27.223 27.771 28.311 28.715 27.962
19.624 19.026 18.463 17.938 17.449 16.996 16.580 16.200 15.857 15.551 15.280 15.047 14.777 14.418 14.057 13.694 13.330 12.964 12.596 12.227 11.856 11.483 11.110 10.734 10.971 11.884 12.799 13.715 14.632 15.551 16.472 17.394 18.318 19.243 20.169 21.098 20.898 19.889 18.847 17.771 16.661 15.517 14.340 13.129 11.885 10.607 9.295 7.949 8.265 9.317 10.408 11.539 12.710 13.920 15.169 16.459 17.787 19.156 20.563 22.011 22.753 23.329 23.839 24.224 24.595 24.950 25.290 25.615 25.925 26.221 26.501 26.766 26.194
18.127 17.656 17.220 16.822 16.459 16.134 15.844 15.592 15.375 15.196 15.052 14.945 14.785 14.419 14.053 13.684 13.314 12.942 12.569 12.194 11.817 11.438 11.059 10.678 10.752 11.672 12.594 13.517 14.441 15.368 16.295 17.224 18.155 19.088 20.021 20.957 20.922 19.763 18.572 17.346 16.087 14.794 13.468 12.107 10.713 9.286 7.825 6.330 6.407 7.634 8.901 10.207 11.553 12.973 14.457 15.893 17.281 18.620 19.912 21.155 21.767 22.116 22.450 22.769 23.074 23.363 23.637 23.897 24.141 24.371 24.585 24.785 24.401
