DATA/SHG/ECMWF/20170628/EN-34/20170703.en-34.asc
ncols        190
nrows        64
xllcorner    -5100000.000000000000
yllcorner    4130000.000000000000
cellsize     10000.000000000000
NODATA_value  -99999.000
[rows 0 to 31 of 64, columns 0 to 71 of 190]
0.690 0.749 0.810 0.872 0.935 0.999 1.064 1.131 1.198 1.224 1.239 1.258 1.279 1.303 1.330 1.360 1.393 1.429 1.469 1.523 1.581 1.790 2.067 2.342 2.614 2.884 3.152 3.418 3.681 3.942 4.200 4.457 4.711 4.921 5.101 5.279 5.453 5.624 5.792 5.957 6.119 6.277 6.433 6.586 6.735 6.895 7.043 7.160 7.247 7.303 7.328 7.323 7.288 7.222 7.126 6.999 6.841 6.601 6.294 5.993 5.698 5.408 5.124 4.846 4.573 4.306 4.045 3.789 3.539 3.397 3.435 3.491
0.577 0.640 0.705 0.771 0.838 0.906 0.976 1.046 1.118 1.160 1.186 1.215 1.277 1.339 1.399 1.459 1.517 1.575 1.631 1.686 1.740 1.910 2.179 2.446 2.710 2.972 3.232 3.489 3.745 3.997 4.248 4.496 4.742 4.952 5.122 5.288 5.452 5.612 5.769 5.923 6.074 6.222 6.367 6.509 6.647 6.754 6.795 6.805 6.784 6.733 6.651 6.539 6.397 6.224 6.020 5.786 5.521 5.231 4.945 4.664 4.389 4.119 3.855 3.597 3.344 3.097 2.856 2.621 2.391 2.244 2.348 2.470
0.463 0.530 0.599 0.669 0.746 0.851 0.960 1.074 1.193 1.288 1.349 1.409 1.468 1.526 1.583 1.638 1.693 1.747 1.799 1.850 1.900 2.033 2.294 2.552 2.808 3.062 3.314 3.563 3.810 4.055 4.297 4.538 4.775 4.987 5.146 5.301 5.454 5.603 5.750 5.893 6.033 6.170 6.304 6.435 6.563 6.644 6.578 6.480 6.353 6.194 6.006 5.786 5.537 5.257 4.946 4.605 4.234 3.859 3.592 3.331 3.076 2.827 2.583 2.345 2.112 1.885 1.664 1.448 1.459 1.497 1.840 2.170
0.425 0.527 0.634 0.746 0.863 0.984 1.111 1.242 1.377 1.492 1.549 1.605 1.660 1.714 1.767 1.819 1.870 1.919 1.968 2.015 2.061 2.157 2.410 2.661 2.909 3.155 3.398 3.639 3.878 4.115 4.349 4.581 4.811 5.025 5.173 5.317 5.459 5.598 5.733 5.866 5.995 6.121 6.244 6.365 6.482 6.565 6.391 6.187 5.952 5.687 5.391 5.065 4.708 4.321 3.904 3.456 2.978 2.482 2.236 1.995 1.791 1.941 2.057 2.138 2.185 2.197 2.174 2.117 2.025 1.899 2.192 2.481
0.469 0.588 0.712 0.841 0.975 1.113 1.256 1.403 1.556 1.697 1.750 1.802 1.853 1.903 1.952 2.000 2.047 2.093 2.137 2.181 2.223 2.284 2.529 2.771 3.011 3.249 3.485 3.718 3.949 4.177 4.403 4.627 4.849 5.066 5.203 5.337 5.467 5.595 5.720 5.842 5.960 6.076 6.188 6.297 6.403 6.507 6.236 5.924 5.582 5.210 4.808 4.375 3.911 3.499 3.357 3.241 3.150 3.085 3.199 3.297 3.361 3.389 3.384 3.343 3.269 3.159 3.016 2.837 2.624 2.377 2.556 2.803
0.508 0.644 0.785 0.930 1.081 1.236 1.395 1.560 1.729 1.902 1.952 2.000 2.047 2.094 2.139 2.183 2.225 2.267 2.308 2.348 2.386 2.424 2.650 2.884 3.116 3.346 3.573 3.798 4.021 4.242 4.460 4.676 4.889 5.101 5.236 5.359 5.479 5.596 5.710 5.821 5.928 6.033 6.135 6.233 6.328 6.421 6.170 5.938 5.732 5.552 5.397 5.268 5.164 5.086 5.033 5.006 5.005 5.029 5.043 5.020 4.961 4.869 4.742 4.580 4.384 4.154 3.889 3.589 3.255 2.887 2.931 3.135
0.542 0.694 0.852 1.014 1.181 1.353 1.530 1.711 1.897 2.088 2.154 2.199 2.242 2.284 2.326 2.366 2.405 2.443 2.479 2.515 2.550 2.583 2.773 2.999 3.223 3.445 3.664 3.881 4.096 4.308 4.518 4.726 4.932 5.135 5.272 5.384 5.493 5.600 5.703 5.868 6.081 6.295 6.509 6.722 6.936 7.151 7.103 6.961 6.844 6.753 6.688 6.648 6.634 6.645 6.682 6.744 6.832 6.945 6.918 6.773 6.593 6.380 6.131 5.849 5.531 5.180 4.794 4.373 3.918 3.429 3.316 3.478
0.570 0.740 0.914 1.093 1.277 1.465 1.658 1.856 2.059 2.267 2.358 2.398 2.438 2.476 2.514 2.550 2.585 2.619 2.652 2.684 2.714 2.744 2.898 3.116 3.332 3.546 3.757 3.966 4.173 4.377 4.579 4.779 5.054 5.354 5.601 5.814 6.028 6.241 6.455 6.668 6.882 7.096 7.310 7.524 7.739 7.953 8.009 7.956 7.929 7.928 7.952 8.001 8.076 8.177 8.303 8.454 8.631 8.834 8.823 8.557 8.256 7.922 7.552 7.148 6.710 6.237 5.730 5.189 4.613 4.003 3.712 3.832
0.593 0.779 0.970 1.166 1.367 1.572 1.782 1.997 2.216 2.440 2.562 2.599 2.634 2.669 2.702 2.735 2.766 2.796 2.825 2.853 2.880 2.906 3.026 3.236 3.444 3.742 4.045 4.347 4.649 4.949 5.248 5.547 5.844 6.141 6.398 6.612 6.826 7.039 7.253 7.467 7.681 7.896 8.110 8.325 8.540 8.754 8.888 8.925 8.987 9.075 9.188 9.327 9.491 9.681 9.896 10.137 10.403 10.695 10.759 10.372 9.951 9.495 9.004 8.479 7.920 7.327 6.699 6.036 5.340 4.609 4.118 4.197
0.611 0.814 1.021 1.234 1.451 1.673 1.900 2.131 2.367 2.608 2.767 2.800 2.832 2.863 2.892 2.921 2.948 2.986 3.102 3.221 3.341 3.463 3.651 3.954 4.255 4.556 4.856 5.155 5.453 5.749 6.045 6.340 6.634 6.927 7.194 7.408 7.622 7.836 8.050 8.265 8.479 8.694 8.909 9.124 9.339 9.554 9.741 9.867 10.018 10.195 10.398 10.626 10.879 11.158 11.462 11.792 12.147 12.528 12.726 12.218 11.676 11.099 10.487 9.842 9.162 8.447 7.699 6.916 6.098 5.246 4.536 4.572
0.623 0.843 1.067 1.296 1.530 1.769 2.012 2.261 2.513 2.771 3.000 3.111 3.224 3.338 3.454 3.572 3.691 3.812 3.934 4.058 4.183 4.311 4.476 4.775 5.073 5.370 5.667 5.962 6.256 6.550 6.842 7.133 7.424 7.713 7.988 8.203 8.417 8.632 8.846 9.061 9.276 9.491 9.706 9.922 10.137 10.353 10.567 10.782 11.023 11.289 11.580 11.897 12.240 12.608 13.001 13.420 13.864 14.334 14.724 14.095 13.432 12.734 12.002 11.236 10.435 9.600 8.730 7.827 6.889 5.916 4.964 4.959
0.630 0.866 1.108 1.390 1.713 2.043 2.381 2.727 3.081 3.443 3.785 3.902 4.020 4.140 4.261 4.384 4.509 4.635 4.763 4.892 5.023 5.155 5.300 5.596 5.891 6.184 6.477 6.769 7.060 7.349 7.638 7.926 8.213 8.499 8.781 8.996 9.211 9.426 9.641 9.856 10.071 10.287 10.502 10.718 10.934 11.150 11.366 11.670 12.000 12.355 12.736 13.142 13.573 14.030 14.512 15.020 15.553 16.112 16.696 16.003 15.219 14.400 13.548 12.661 11.739 10.784 9.794 8.668 7.488 6.345 5.238 5.115
0.938 1.265 1.600 1.942 2.292 2.650 3.015 3.388 3.769 4.158 4.555 4.689 4.813 4.938 5.065 5.194 5.324 5.455 5.589 5.723 5.860 5.997 6.137 6.417 6.708 6.998 7.288 7.576 7.863 8.149 8.434 8.719 9.002 9.284 9.566 9.788 10.003 10.219 10.434 10.650 10.865 11.081 11.297 11.513 11.730 11.946 12.163 12.532 12.950 13.395 13.864 14.359 14.880 15.425 15.997 16.593 17.215 17.862 18.535 17.942 16.734 15.426 14.155 12.920 11.722 10.560 9.434 8.345 7.292 6.276 5.296 5.121
1.399 1.753 2.115 2.484 2.861 3.246 3.639 4.040 4.448 4.864 5.288 5.474 5.603 5.734 5.866 6.000 6.136 6.273 6.411 6.552 6.693 6.837 6.981 7.238 7.525 7.812 8.098 8.382 8.666 8.949 9.230 9.511 9.791 10.070 10.348 10.579 10.794 11.010 11.226 11.442 11.658 11.874 12.091 12.307 12.524 12.741 12.957 13.367 13.874 14.407 14.966 15.550 16.159 16.480 16.727 16.953 17.159 17.344 17.509 16.703 15.486 14.306 13.162 12.054 10.983 9.948 8.949 7.987 7.062 6.172 5.319 5.107
1.850 2.231 2.620 3.017 3.422 3.834 4.254 4.682 5.117 5.560 6.011 6.256 6.391 6.527 6.665 6.804 6.945 7.087 7.231 7.377 7.524 7.673 7.823 8.058 8.342 8.625 8.907 9.189 9.469 9.748 10.026 10.303 10.580 10.855 11.129 11.368 11.584 11.800 12.016 12.233 12.449 12.666 12.883 13.100 13.317 13.534 13.539 13.717 14.015 14.293 14.550 14.787 15.003 15.199 15.375 15.529 15.664 15.778 15.872 15.295 14.205 13.152 12.135 11.155 10.210 9.303 8.431 7.596 6.797 6.035 5.309 5.073
2.291 2.700 3.116 3.540 3.972 4.412 4.859 5.314 5.777 6.247 6.725 7.036 7.176 7.317 7.460 7.605 7.751 7.899 8.048 8.199 8.352 8.506 8.662 8.878 9.159 9.439 9.717 9.995 10.271 10.547 10.822 11.095 11.368 11.640 11.911 12.156 12.372 12.589 12.782 12.827 12.861 12.883 12.892 12.889 12.875 12.848 12.809 12.886 13.113 13.319 13.505 13.671 13.816 13.940 14.044 14.128 14.191 14.234 14.256 13.853 12.891 11.965 11.075 10.221 9.404 8.624 7.879 7.171 6.499 5.863 5.264 5.019
2.724 3.160 3.603 4.055 4.514 4.980 5.455 5.937 6.427 6.925 7.430 7.812 7.957 8.104 8.253 8.403 8.555 8.708 8.863 9.019 9.177 9.336 9.498 9.698 9.975 10.251 10.527 10.801 11.074 11.346 11.617 11.845 11.973 12.098 12.222 12.321 12.360 12.388 12.404 12.407 12.398 12.377 12.345 12.300 12.243 12.173 12.092 12.077 12.233 12.368 12.482 12.576 12.650 12.703 12.736 12.749 12.741 12.712 12.663 12.379 11.544 10.744 9.982 9.255 8.565 7.911 7.293 6.712 6.167 5.658 5.185 4.945
3.147 3.610 4.081 4.559 5.046 5.540 6.041 6.551 7.068 7.593 8.125 8.586 8.736 8.889 9.043 9.198 9.355 9.514 9.674 9.836 9.999 10.164 10.330 10.518 10.728 10.864 10.997 11.128 11.258 11.385 11.509 11.632 11.752 11.871 11.987 12.082 12.080 12.065 12.038 11.999 11.948 11.885 11.810 11.723 11.623 11.512 11.389 11.290 11.374 11.437 11.481 11.504 11.506 11.488 11.450 11.391 11.312 11.213 11.093 10.872 10.163 9.491 8.855 8.255 7.692 7.164 6.674 6.219 5.800 5.418 5.072 4.850
3.561 4.051 4.549 5.055 5.568 6.089 6.618 7.155 7.699 8.251 8.811 9.356 9.513 9.670 9.830 9.990 10.153 10.248 10.298 10.340 10.375 10.403 10.423 10.440 10.571 10.699 10.825 10.948 11.070 11.190 11.307 11.422 11.535 11.646 11.754 11.857 11.812 11.755 11.686 11.605 11.511 11.406 11.289 11.159 11.017 10.864 10.698 10.523 10.536 10.529 10.501 10.453 10.384 10.295 10.185 10.056 9.905 9.735 9.544 9.331 8.750 8.204 7.695 7.222 6.785 6.385 6.020 5.692 5.400 5.145 4.925 4.742
3.965 4.483 5.008 5.541 6.081 6.630 7.186 7.749 8.321 8.900 9.442 9.939 10.046 10.107 10.161 10.207 10.245 10.277 10.300 10.317 10.326 10.327 10.321 10.308 10.416 10.536 10.655 10.771 10.885 10.997 11.107 11.214 11.320 11.423 11.524 11.623 11.557 11.457 11.346 11.223 11.087 10.940 10.780 10.608 10.424 10.229 10.021 9.801 9.720 9.642 9.543 9.423 9.283 9.123 8.943 8.742 8.521 8.279 8.017 7.735 7.303 6.884 6.502 6.155 5.845 5.571 5.333 5.132 4.966 4.837 4.744 4.687
4.361 4.905 5.458 6.135 6.772 7.369 7.926 8.442 8.917 9.352 9.747 10.101 10.213 10.248 10.276 10.296 10.308 10.313 10.311 10.302 10.284 10.260 10.228 10.189 10.263 10.376 10.487 10.596 10.703 10.807 10.909 11.009 11.107 11.203 11.296 11.388 11.314 11.173 11.019 10.853 10.676 10.486 10.284 10.070 9.844 9.606 9.356 9.094 8.926 8.776 8.606 8.415 8.205 7.973 7.722 7.450 7.158 6.845 6.512 6.159 5.824 5.531 5.275 5.055 4.872 4.724 4.613 4.577 4.604 4.613 4.605 4.580
5.750 6.366 6.942 7.478 7.973 8.427 8.842 9.215 9.549 9.842 10.094 10.306 10.388 10.397 10.398 10.392 10.379 10.358 10.330 10.294 10.251 10.201 10.143 10.077 10.113 10.219 10.322 10.423 10.522 10.619 10.714 10.807 10.897 10.985 11.071 11.155 11.084 10.901 10.705 10.497 10.277 10.045 9.801 9.545 9.277 8.997 8.705 8.401 8.153 7.932 7.691 7.429 7.147 6.845 6.523 6.180 5.817 5.433 5.029 4.605 4.458 4.545 4.614 4.667 4.702 4.720 4.721 4.705 4.671 4.621 4.553 4.468
7.561 8.036 8.469 8.863 9.216 9.528 9.800 10.032 10.223 10.374 10.485 10.555 10.571 10.554 10.529 10.497 10.457 10.411 10.356 10.295 10.226 10.149 10.065 9.974 9.966 10.064 10.160 10.253 10.345 10.434 10.521 10.607 10.689 10.770 10.849 10.925 10.867 10.641 10.404 10.154 9.892 9.618 9.332 9.033 8.723 8.401 8.067 7.721 7.401 7.109 6.797 6.465 6.112 5.865 5.700 5.547 5.407 5.278 5.161 5.056 5.022 5.049 5.058 5.051 5.026 4.984 4.925 4.849 4.755 4.645 4.517 4.372
9.415 9.747 10.039 10.290 10.501 10.671 10.802 10.891 10.941 10.950 10.919 10.847 10.761 10.718 10.667 10.609 10.544 10.471 10.391 10.303 10.208 10.106 9.996 9.878 9.821 9.911 10.000 10.086 10.170 10.252 10.331 10.409 10.484 10.557 10.629 10.697 10.663 10.395 10.115 9.823 9.519 9.203 8.875 8.534 8.182 7.818 7.514 7.241 6.999 6.816 6.645 6.486 6.339 6.204 6.081 5.970 5.871 5.784 5.708 5.645 5.601 5.568 5.518 5.450 5.366 5.264 5.145 5.009 4.856 4.685 4.498 4.293
11.310 11.501 11.650 11.760 11.829 11.857 11.846 11.793 11.701 11.568 11.395 11.182 10.959 10.890 10.813 10.729 10.638 10.539 10.433 10.319 10.198 10.070 9.934 9.791 9.678 9.761 9.842 9.921 9.997 10.071 10.144 10.214 10.282 10.347 10.411 10.472 10.471 10.161 9.839 9.526 9.223 8.929 8.643 8.365 8.096 7.835 7.583 7.339 7.119 6.977 6.848 6.731 6.625 6.532 6.450 6.381 6.323 6.277 6.243 6.221 6.197 6.104 5.993 5.866 5.722 5.560 5.381 5.185 4.972 4.742 4.495 4.230
13.242 13.296 13.304 13.271 13.198 13.085 12.932 12.738 12.504 12.230 11.915 11.560 11.165 11.070 10.967 10.857 10.740 10.615 10.483 10.343 10.196 10.042 9.880 9.711 9.538 9.613 9.687 9.758 9.827 9.894 9.958 10.021 10.071 10.120 10.167 10.214 10.251 9.952 9.662 9.380 9.106 8.841 8.585 8.337 8.097 7.866 7.643 7.429 7.226 7.127 7.039 6.963 6.899 6.847 6.807 6.779 6.763 6.758 6.766 6.785 6.808 6.655 6.485 6.298 6.093 5.872 5.633 5.378 5.105 4.815 4.508 4.183
15.125 15.133 14.999 14.825 14.611 14.356 14.061 13.726 13.350 12.934 12.478 11.981 11.445 11.257 11.129 10.993 10.849 10.699 10.541 10.375 10.202 10.022 9.835 9.640 9.435 9.452 9.505 9.556 9.607 9.656 9.705 9.752 9.798 9.843 9.886 9.929 9.970 9.739 9.478 9.225 8.981 8.746 8.519 8.300 8.090 7.888 7.695 7.510 7.333 7.264 7.217 7.183 7.161 7.150 7.152 7.165 7.190 7.227 7.276 7.337 7.410 7.222 6.993 6.746 6.481 6.200 5.902 5.586 5.254 4.904 4.537 4.153
17.003 17.012 16.737 16.421 16.065 15.669 15.232 14.755 14.238 13.681 13.084 12.446 11.768 11.452 11.298 11.136 10.967 10.814 10.688 10.531 10.342 10.121 9.869 9.584 9.267 9.208 9.257 9.305 9.351 9.397 9.441 9.484 9.526 9.567 9.607 9.646 9.683 9.517 9.285 9.062 8.848 8.642 8.444 8.255 8.074 7.902 7.738 7.582 7.435 7.389 7.384 7.391 7.410 7.441 7.484 7.539 7.606 7.684 7.775 7.877 7.991 7.806 7.516 7.209 6.885 6.544 6.186 5.811 5.419 5.009 4.583 4.139
18.876 18.933 18.516 18.059 17.562 17.024 16.446 15.828 15.169 14.471 13.832 13.218 12.498 12.091 11.981 11.840 11.667 11.462 11.225 10.956 10.655 10.322 9.958 9.561 9.133 8.966 9.011 9.055 9.097 9.139 9.179 9.218 9.257 9.294 9.329 9.364 9.398 9.287 9.085 8.891 8.706 8.530 8.361 8.201 8.050 7.907 7.772 7.646 7.528 7.502 7.539 7.587 7.648 7.720 7.805 7.901 8.009 8.129 8.260 8.404 8.560 8.405 8.055 7.689 7.305 6.904 6.487 6.052 5.600 5.131 4.645 4.142
20.744 20.896 20.338 20.023 19.783 19.436 18.981 18.420 17.752 16.977 16.095 15.106 14.009 13.219 12.998 12.745 12.460 12.143 11.794 11.414 11.001 10.557 10.080 9.572 9.032 8.725 8.766 8.806 8.845 8.882 8.919 8.954 8.988 9.021 9.053 9.084 9.114 9.049 8.876 8.712 8.556 8.409 8.270 8.139 8.017 7.904 7.798 7.702 7.613 7.603 7.681 7.771 7.873 7.987 8.113 8.250 8.400 8.561 8.734 8.919 9.116 9.019 8.610 8.184 7.741 7.281 6.803 6.309 5.840 5.462 5.128 4.837
25.076 25.938 25.536 25.027 24.411 23.688 22.858 21.922 20.878 19.728 18.470 17.106 15.635 14.380 14.047 13.683 13.286 12.857 12.397 11.905 11.380 10.825 10.237 9.617 8.966 8.486 8.523 8.559 8.594 8.627 8.660 8.691 8.721 8.751 8.778 8.805 8.831 8.803 8.659 8.524 8.398 8.280 8.170 8.069 7.976 7.892 7.816 7.749 7.690 7.693 7.812 7.943 8.087 8.242 8.409 8.588 8.778 8.981 9.196 9.422 9.660 9.599 9.069 8.582 8.139 7.738 7.381 7.068 6.797 6.570 6.386 6.245
30.583 31.803 31.025 30.141 29.150 28.052 26.847 25.535 24.116 22.591 20.959 19.219 17.373 15.574 15.130 14.653 14.145 13.605 13.033 12.429 11.793 11.126 10.427 9.695 8.933 8.248 8.281 8.313 8.344 8.374 8.402 8.430 8.456 8.481 8.505 8.528 8.550 8.548 8.434 8.329 8.231 8.143 8.063 7.991 7.927 7.872 7.826 7.787 7.757 7.770 7.931 8.103 8.288 8.485 8.676 8.846 9.002 9.145 9.273 9.387 9.488 9.462 9.083 8.746 8.453 8.203 7.997 7.833 7.713 7.636 7.602 7.611
