DATA/SHG/ECMWF/20170628/EN-1/20170709.en-1.asc
ncols        190
nrows        64
xllcorner    -5100000.000000000000
yllcorner    4130000.000000000000
cellsize     10000.000000000000
NODATA_value  -99999.000
[rows 0 to 31 of 64, columns 72 to 143 of 190]
5.783 6.004 6.227 6.452 6.679 6.907 7.137 7.370 7.603 7.874 8.119 8.294 8.459 8.614 8.760 8.895 9.021 9.137 9.244 9.340 9.427 9.353 8.798 8.273 7.759 7.257 6.768 6.290 5.823 5.369 4.927 4.496 4.077 3.772 3.799 3.824 3.847 3.867 3.884 3.899 3.912 3.922 3.929 3.934 3.936 3.890 3.707 3.541 3.389 3.253 3.132 3.027 2.937 2.862 2.802 2.758 2.729 2.767 2.963 3.164 3.370 3.581 3.797 4.018 4.244 4.475 4.711 4.952 5.198 5.409 5.509 5.610
6.029 6.257 6.486 6.608 6.695 6.775 6.849 6.917 6.980 7.054 7.205 7.346 7.477 7.598 7.709 7.811 7.903 7.985 8.057 8.119 8.172 8.155 7.653 7.181 6.720 6.272 5.835 5.410 4.997 4.595 4.206 3.828 3.462 3.150 3.166 3.180 3.191 3.200 3.207 3.210 3.212 3.210 3.207 3.200 3.191 3.166 3.053 2.954 2.871 2.804 2.752 2.715 2.693 2.687 2.696 2.720 2.760 2.836 3.055 3.278 3.507 3.740 3.978 4.222 4.470 4.723 4.982 5.245 5.513 5.760 5.865 5.971
5.646 5.729 5.807 5.878 5.944 6.003 6.056 6.104 6.145 6.185 6.301 6.408 6.505 6.592 6.670 6.737 6.795 6.843 6.881 6.909 6.927 6.936 6.497 6.077 5.670 5.274 4.890 4.518 4.158 3.810 3.473 3.148 2.835 2.534 2.537 2.540 2.540 2.537 2.532 2.525 2.515 2.503 2.488 2.470 2.450 2.427 2.382 2.353 2.338 2.339 2.355 2.387 2.434 2.496 2.574 2.666 2.775 2.901 3.141 3.387 3.638 3.893 4.154 4.420 4.690 4.966 5.246 5.532 5.822 6.120 6.240 6.349
4.985 5.047 5.104 5.155 5.199 5.238 5.270 5.297 5.318 5.332 5.408 5.481 5.544 5.597 5.640 5.673 5.697 5.711 5.715 5.709 5.694 5.668 5.329 4.962 4.608 4.265 3.934 3.615 3.308 3.012 2.728 2.456 2.196 1.948 1.911 1.903 1.892 1.878 1.862 1.843 1.822 1.799 1.773 1.744 1.713 1.679 1.697 1.736 1.790 1.859 1.944 2.044 2.159 2.290 2.436 2.597 2.773 2.965 3.223 3.490 3.762 4.042 4.331 4.631 4.940 5.259 5.589 5.928 6.277 6.636 6.725 6.782
4.330 4.372 4.408 4.438 4.461 4.479 4.491 4.497 4.497 4.490 4.526 4.564 4.593 4.612 4.621 4.620 4.610 4.590 4.560 4.520 4.470 4.411 4.149 3.836 3.534 3.244 2.966 2.700 2.445 2.202 1.971 1.752 1.545 1.349 1.289 1.269 1.247 1.223 1.195 1.166 1.133 1.099 1.061 1.021 0.979 0.934 0.996 1.103 1.226 1.363 1.517 1.735 1.985 2.218 2.433 2.631 2.812 2.975 3.241 3.546 3.860 4.183 4.517 4.861 5.215 5.579 5.953 6.337 6.730 7.134 7.221 7.226
3.682 3.703 3.718 3.727 3.730 3.727 3.718 3.703 3.682 3.655 3.653 3.658 3.652 3.637 3.612 3.578 3.533 3.479 3.415 3.341 3.258 3.164 2.958 2.698 2.449 2.212 1.986 1.773 1.571 1.381 1.203 1.036 0.882 0.739 0.671 0.640 0.607 0.571 0.532 0.491 0.448 0.402 0.462 0.594 0.726 0.858 1.082 1.341 1.583 1.807 2.014 2.205 2.377 2.533 2.672 2.793 2.897 2.983 3.239 3.588 3.946 4.315 4.693 5.082 5.480 5.888 6.306 6.735 7.173 7.621 7.727 7.681
3.041 3.041 3.035 3.023 3.006 2.982 2.952 2.916 2.875 2.827 2.791 2.761 2.722 2.673 2.614 2.545 2.467 2.379 2.281 2.173 2.056 1.928 1.756 1.548 1.352 1.167 0.995 0.834 0.685 0.548 0.422 0.309 0.207 0.229 0.341 0.474 0.607 0.740 0.872 1.004 1.136 1.267 1.398 1.528 1.658 1.788 1.953 2.135 2.300 2.447 2.578 2.691 2.787 2.866 2.928 2.972 2.999 3.009 3.227 3.620 4.023 4.436 4.859 5.291 5.734 6.187 6.649 7.122 7.605 8.097 8.245 8.146
2.406 2.385 2.359 2.326 2.288 2.243 2.193 2.136 2.074 2.005 1.939 1.875 1.802 1.719 1.626 1.524 1.411 1.289 1.157 1.015 0.864 0.703 0.541 0.386 0.377 0.432 0.494 0.565 0.644 0.731 0.826 0.930 1.042 1.161 1.290 1.422 1.553 1.684 1.814 1.944 2.074 2.204 2.333 2.461 2.590 2.717 2.841 2.946 3.034 3.105 3.159 3.195 3.214 3.217 3.201 3.169 3.120 3.053 3.204 3.641 4.089 4.546 5.013 5.491 5.978 6.475 6.982 7.499 8.026 8.562 8.773 8.623
1.778 1.736 1.689 1.636 1.576 1.511 1.440 1.363 1.280 1.190 1.097 1.000 0.892 0.775 0.648 0.512 0.414 0.493 0.568 0.637 0.701 0.760 0.814 0.889 0.971 1.062 1.161 1.268 1.384 1.507 1.639 1.779 1.927 2.084 2.238 2.368 2.498 2.627 2.755 2.884 3.012 3.139 3.267 3.393 3.520 3.646 3.746 3.774 3.786 3.780 3.757 3.717 3.659 3.585 3.493 3.384 3.258 3.114 3.171 3.653 4.144 4.646 5.158 5.679 6.211 6.752 7.304 7.865 8.436 9.017 9.312 9.110
1.156 1.094 1.026 0.952 0.872 0.786 0.694 0.596 0.492 0.452 0.554 0.647 0.734 0.816 0.893 0.965 1.032 1.093 1.150 1.201 1.247 1.288 1.325 1.436 1.555 1.683 1.818 1.962 2.114 2.274 2.442 2.618 2.803 2.995 3.185 3.314 3.441 3.569 3.696 3.822 3.948 4.074 4.200 4.325 4.449 4.574 4.668 4.620 4.554 4.472 4.372 4.255 4.121 3.970 3.802 3.616 3.413 3.193 3.127 3.654 4.190 4.736 5.292 5.858 6.433 7.019 7.615 8.220 8.836 9.461 9.862 9.609
0.541 0.458 0.465 0.587 0.704 0.814 0.920 1.019 1.113 1.202 1.284 1.359 1.428 1.492 1.551 1.605 1.654 1.697 1.736 1.769 1.797 1.820 1.830 1.974 2.129 2.293 2.465 2.645 2.833 3.030 3.234 3.447 3.668 3.897 4.132 4.258 4.384 4.510 4.635 4.759 4.884 5.008 5.132 5.255 5.378 5.500 5.607 5.482 5.340 5.181 5.005 4.811 4.601 4.373 4.128 3.866 3.587 3.290 3.074 3.644 4.225 4.815 5.415 6.025 6.645 7.275 7.915 8.565 9.225 9.895 10.423 10.118
1.136 1.249 1.357 1.460 1.556 1.647 1.733 1.813 1.887 1.955 2.018 2.075 2.126 2.172 2.213 2.249 2.279 2.305 2.325 2.341 2.351 2.356 2.347 2.502 2.694 2.894 3.102 3.318 3.543 3.776 4.017 4.266 4.523 4.788 5.062 5.202 5.326 5.450 5.573 5.696 5.819 5.941 6.063 6.184 6.305 6.426 6.546 6.362 6.143 5.907 5.655 5.385 5.097 4.793 4.472 4.133 3.777 3.405 3.015 3.624 4.249 4.884 5.528 6.183 6.847 7.521 8.205 8.899 9.603 10.303 10.928 10.539
2.072 2.165 2.254 2.336 2.413 2.484 2.550 2.610 2.664 2.713 2.756 2.794 2.828 2.856 2.878 2.896 2.909 2.916 2.919 2.916 2.908 2.895 2.869 3.019 3.248 3.484 3.729 3.981 4.242 4.511 4.789 5.074 5.368 5.669 5.979 6.144 6.267 6.389 6.510 6.632 6.752 6.873 6.993 7.113 7.232 7.351 7.470 7.258 6.963 6.651 6.322 5.975 5.612 5.231 4.833 4.418 3.986 3.537 3.070 3.594 4.317 5.087 5.834 6.560 7.264 7.947 8.607 9.245 9.862 10.457 11.030 10.701
3.012 3.086 3.154 3.217 3.274 3.325 3.371 3.411 3.446 3.475 3.498 3.518 3.533 3.543 3.548 3.548 3.542 3.532 3.516 3.495 3.469 3.438 3.394 3.527 3.792 4.064 4.345 4.634 4.932 5.237 5.550 5.872 6.202 6.540 6.886 7.086 7.207 7.327 7.447 7.566 7.685 7.804 7.922 8.040 8.158 8.275 8.392 8.172 7.800 7.412 7.006 6.588 6.186 5.803 5.440 5.097 4.774 4.471 4.188 4.671 5.365 6.038 6.688 7.317 7.924 8.510 9.073 9.615 10.134 10.632 11.109 10.864
3.956 4.010 4.058 4.101 4.139 4.170 4.196 4.217 4.232 4.241 4.245 4.245 4.242 4.234 4.221 4.203 4.179 4.151 4.117 4.078 4.034 3.985 3.923 4.025 4.326 4.635 4.952 5.277 5.611 5.952 6.302 6.660 7.026 7.400 7.783 8.027 8.146 8.264 8.382 8.500 8.617 8.734 8.821 8.872 8.915 8.949 8.975 8.740 8.347 7.973 7.619 7.285 6.970 6.676 6.401 6.146 5.910 5.695 5.499 5.836 6.434 7.009 7.563 8.095 8.605 9.094 9.560 10.005 10.428 10.829 11.209 11.028
4.904 4.938 4.967 4.990 5.007 5.019 5.026 5.027 5.022 5.011 4.995 4.976 4.955 4.929 4.898 4.861 4.820 4.773 4.722 4.665 4.603 4.536 4.456 4.512 4.850 5.195 5.548 5.910 6.280 6.658 7.044 7.438 7.840 8.238 8.629 8.891 8.964 9.028 9.084 9.131 9.170 9.201 9.223 9.236 9.241 9.238 9.226 9.064 8.758 8.472 8.206 7.960 7.733 7.526 7.339 7.172 7.024 6.896 6.788 7.023 7.523 8.002 8.459 8.894 9.308 9.699 10.069 10.417 10.743 11.048 11.330 11.193
5.855 5.870 5.879 5.883 5.880 5.873 5.859 5.840 5.816 5.785 5.750 5.710 5.671 5.627 5.578 5.524 5.465 5.400 5.331 5.256 5.176 5.091 4.993 4.990 5.368 5.752 6.138 6.525 6.913 7.303 7.694 8.086 8.480 8.875 9.272 9.565 9.600 9.627 9.645 9.655 9.656 9.649 9.633 9.609 9.576 9.535 9.486 9.367 9.149 8.951 8.772 8.613 8.474 8.355 8.256 8.176 8.116 8.076 8.055 8.230 8.634 9.016 9.376 9.714 10.031 10.326 10.599 10.850 11.080 11.288 11.474 11.359
6.811 6.806 6.796 6.779 6.757 6.730 6.697 6.658 6.614 6.564 6.508 6.448 6.391 6.329 6.262 6.190 6.108 5.971 5.853 5.754 5.673 5.611 5.559 5.558 5.947 6.337 6.729 7.122 7.516 7.912 8.309 8.708 9.108 9.509 9.912 10.248 10.245 10.234 10.214 10.186 10.150 10.105 10.052 9.990 9.920 9.841 9.754 9.648 9.518 9.407 9.316 9.245 9.194 9.162 9.151 9.158 9.186 9.233 9.301 9.458 9.765 10.050 10.313 10.555 10.775 10.973 11.150 11.305 11.438 11.549 11.638 11.525
7.771 7.746 7.716 7.680 7.638 7.591 7.538 7.480 7.416 7.324 7.121 6.913 6.747 6.600 6.473 6.364 6.273 6.202 6.149 6.114 6.099 6.102 6.115 6.136 6.523 6.919 7.317 7.716 8.117 8.519 8.922 9.327 9.734 10.141 10.550 10.939 10.898 10.850 10.792 10.727 10.653 10.570 10.479 10.380 10.272 10.156 10.031 9.908 9.865 9.842 9.839 9.856 9.892 9.948 10.024 10.119 10.234 10.369 10.524 10.706 10.916 11.105 11.272 11.417 11.540 11.642 11.722 11.780 11.817 11.832 11.825 11.693
8.735 8.690 8.604 8.416 8.224 8.027 7.826 7.620 7.410 7.195 6.976 6.753 6.635 6.553 6.491 6.447 6.421 6.415 6.427 6.458 6.507 6.575 6.654 6.740 7.096 7.499 7.903 8.308 8.715 9.124 9.533 9.944 10.357 10.770 11.186 11.602 11.560 11.473 11.379 11.275 11.164 11.044 10.915 10.778 10.633 10.479 10.316 10.146 10.191 10.256 10.340 10.444 10.568 10.712 10.875 11.058 11.260 11.483 11.725 11.975 12.089 12.181 12.251 12.300 12.327 12.332 12.315 12.277 12.217 12.136 12.032 11.861
8.982 8.787 8.588 8.385 8.177 7.965 7.748 7.527 7.301 7.071 6.836 6.597 6.505 6.489 6.492 6.513 6.552 6.611 6.688 6.783 6.898 7.031 7.175 7.327 7.667 8.076 8.487 8.898 9.311 9.726 10.141 10.559 10.977 11.397 11.819 12.241 12.230 12.106 11.973 11.832 11.683 11.526 11.359 11.185 11.002 10.810 10.611 10.402 10.496 10.648 10.820 11.012 11.223 11.454 11.704 11.975 12.265 12.575 12.904 13.253 13.282 13.278 13.251 13.204 13.134 13.043 12.930 12.795 12.639 12.461 12.249 12.008
9.002 8.792 8.577 8.358 8.135 7.907 7.674 7.438 7.196 6.950 6.700 6.445 6.359 6.408 6.475 6.562 6.666 6.789 6.931 7.092 7.271 7.469 7.679 7.896 8.236 8.651 9.068 9.486 9.905 10.325 10.747 11.171 11.595 12.022 12.449 12.878 12.908 12.746 12.576 12.398 12.211 12.016 11.812 11.600 11.380 11.151 10.913 10.668 10.780 11.019 11.279 11.558 11.856 12.174 12.512 12.870 13.247 13.644 14.061 14.498 14.496 14.348 14.125 13.899 13.669 13.437 13.203 12.965 12.725 12.482 12.236 11.988
9.026 8.801 8.571 8.336 8.097 7.853 7.605 7.353 7.096 6.834 6.569 6.298 6.197 6.310 6.442 6.593 6.763 6.951 7.158 7.383 7.628 7.890 8.165 8.448 8.802 9.224 9.646 10.070 10.496 10.923 11.351 11.780 12.211 12.643 13.077 13.512 13.595 13.395 13.188 12.972 12.748 12.515 12.274 12.024 11.766 11.500 11.225 10.942 11.042 11.369 11.716 12.082 12.439 12.761 13.086 13.415 13.747 14.082 14.420 14.762 14.683 14.450 14.214 13.975 13.733 13.489 13.242 12.992 12.740 12.485 12.227 11.966
9.055 8.814 8.568 8.318 8.063 7.804 7.540 7.272 7.000 6.723 6.442 6.156 6.017 6.195 6.392 6.608 6.843 7.096 7.367 7.658 7.966 8.294 8.634 8.982 9.366 9.794 10.223 10.653 11.084 11.517 11.952 12.387 12.824 13.263 13.703 14.144 14.289 14.053 13.808 13.554 13.292 13.022 12.744 12.446 12.122 11.786 11.437 11.077 11.074 11.398 11.724 12.054 12.388 12.724 13.064 13.408 13.754 14.104 14.458 14.814 14.799 14.553 14.305 14.054 13.800 13.544 13.284 13.022 12.758 12.490 12.220 11.947
9.088 8.831 8.570 8.304 8.034 7.759 7.480 7.196 6.908 6.616 6.319 6.017 5.820 6.063 6.325 6.606 6.905 7.223 7.559 7.914 8.288 8.680 9.085 9.499 9.928 10.362 10.797 11.233 11.671 12.110 12.550 12.992 13.435 13.880 14.319 14.752 14.961 14.668 14.362 14.045 13.715 13.373 13.019 12.653 12.275 11.885 11.483 11.069 10.959 11.298 11.639 11.984 12.332 12.684 13.039 13.397 13.759 14.123 14.492 14.863 14.918 14.660 14.399 14.136 13.870 13.601 13.329 13.055 12.778 12.498 12.215 11.930
9.125 8.853 8.576 8.294 8.008 7.718 7.424 7.124 6.821 6.513 6.200 5.883 5.607 5.915 6.241 6.587 6.951 7.333 7.735 8.154 8.593 9.050 9.519 9.999 10.487 10.905 11.297 11.698 12.108 12.527 12.956 13.394 13.841 14.297 14.763 15.237 15.557 15.210 14.851 14.479 14.096 13.700 13.293 12.873 12.442 11.998 11.542 11.074 10.841 11.194 11.551 11.910 12.274 12.640 13.010 13.383 13.759 14.139 14.522 14.909 15.039 14.769 14.496 14.221 13.942 13.661 13.377 13.091 12.801 12.509 12.214 11.916
9.148 8.878 8.586 8.289 7.988 7.682 7.372 7.057 6.738 6.414 6.086 5.754 5.417 5.749 6.141 6.551 6.979 7.440 7.977 8.483 8.958 9.401 9.811 10.191 10.547 10.968 11.401 11.843 12.294 12.755 13.224 13.703 14.191 14.689 15.196 15.711 16.166 15.765 15.352 14.927 14.490 14.040 13.579 13.106 12.621 12.123 11.614 11.092 10.719 11.087 11.459 11.833 12.211 12.593 12.977 13.365 13.756 14.151 14.549 14.950 15.164 14.881 14.596 14.308 14.018 13.724 13.428 13.129 12.827 12.523 12.215 11.905
9.161 8.908 8.600 8.288 7.971 7.650 7.324 6.994 6.659 6.320 6.021 5.890 5.765 6.214 6.768 7.290 7.781 8.241 8.670 9.068 9.435 9.771 10.072 10.343 10.590 11.021 11.494 11.978 12.470 12.971 13.482 14.002 14.532 15.070 15.618 16.175 16.741 16.332 15.865 15.386 14.896 14.393 13.878 13.351 12.812 12.261 11.698 11.123 10.594 10.977 11.363 11.753 12.146 12.542 12.941 13.344 13.750 14.160 14.572 14.988 15.291 14.996 14.699 14.398 14.095 13.790 13.481 13.170 12.856 12.539 12.220 11.897
9.181 8.942 8.619 8.343 8.194 8.050 7.911 7.777 7.648 7.525 7.407 7.293 7.186 7.475 7.920 8.334 8.718 9.070 9.391 9.681 9.940 10.168 10.361 10.523 10.661 11.062 11.577 12.101 12.635 13.178 13.729 14.290 14.861 15.440 16.029 16.627 17.234 16.911 16.391 15.859 15.315 14.758 14.190 13.609 13.017 12.412 11.796 11.167 10.526 10.863 11.264 11.669 12.076 12.487 12.902 13.319 13.740 14.165 14.592 15.023 15.421 15.114 14.804 14.491 14.176 13.858 13.537 13.214 12.888 12.559 12.227 11.892
9.872 9.877 9.735 9.598 9.467 9.340 9.219 9.103 8.992 8.886 8.786 8.690 8.600 8.762 9.099 9.406 9.681 9.926 10.139 10.321 10.473 10.593 10.677 10.731 10.759 11.094 11.650 12.215 12.789 13.373 13.966 14.568 15.179 15.800 16.430 17.069 17.717 17.504 16.930 16.344 15.746 15.136 14.514 13.880 13.234 12.576 11.906 11.224 10.530 10.746 11.162 11.581 12.004 12.429 12.859 13.291 13.727 14.166 14.608 15.054 15.503 15.234 14.912 14.587 14.260 13.929 13.596 13.260 12.922 12.581 12.237 11.890
10.939 11.090 10.966 10.847 10.733 10.624 10.521 10.422 10.329 10.241 10.158 10.080 10.008 10.075 10.305 10.504 10.671 10.808 10.914 10.988 11.032 11.045 11.021 10.965 10.885 11.114 11.711 12.318 12.933 13.558 14.192 14.835 15.487 16.149 16.820 17.500 18.189 18.108 17.481 16.841 16.190 15.527 14.851 14.164 13.464 12.752 12.029 11.293 10.546 10.625 11.056 11.490 11.927 12.368 12.812 13.259 13.710 14.164 14.621 15.082 15.546 15.357 15.023 14.769 14.659 14.522 14.358 14.166 13.948 13.702 13.428 13.128
11.963 12.297 12.190 12.089 11.993 11.902 11.816 11.735 11.660 11.589 11.524 11.464 11.409 11.416 11.537 11.628 11.688 11.717 11.715 11.682 11.618 11.524 11.391 11.227 11.038 11.124 11.763 12.410 13.066 13.732 14.407 15.091 15.784 16.487 17.199 17.920 18.650 18.725 18.044 17.352 16.647 15.930 15.201 14.460 13.707 12.942 12.165 11.376 10.575 10.501 10.947 11.396 11.848 12.303 12.894 13.768 14.593 15.369 16.095 16.772 17.400 17.468 17.292 17.088 16.858 16.600 16.315 16.003 15.664 15.297 14.903 14.482
