DATA/SHG/ECMWF/20170628/EN-1/20170629.en-1.asc
ncols        190
nrows        64
xllcorner    -5100000.000000000000
yllcorner    4130000.000000000000
cellsize     10000.000000000000
NODATA_value  -99999.000
[rows 0 to 32 of 64, columns 74 to 147 of 190]
2.679 2.657 2.634 2.610 2.585 2.560 2.534 2.483 2.397 2.326 2.259 2.197 2.140 2.088 2.040 1.996 1.958 1.924 1.895 1.880 1.900 1.917 1.936 1.956 1.978 2.002 2.027 2.054 2.083 2.113 2.145 2.236 2.511 2.782 3.048 3.309 3.566 3.819 4.066 4.310 4.548 4.782 5.012 5.245 5.499 5.747 5.989 6.224 6.454 6.677 6.895 7.106 7.311 7.510 7.703 7.708 7.178 6.646 6.113 5.577 5.040 4.501 3.960 3.418 2.873 2.327 1.779 1.399 1.500 1.610 1.729 1.858 1.996 2.144
2.543 2.563 2.586 2.598 2.598 2.587 2.564 2.526 2.466 2.411 2.361 2.315 2.274 2.238 2.207 2.180 2.157 2.140 2.127 2.122 2.148 2.173 2.199 2.227 2.256 2.287 2.320 2.354 2.390 2.427 2.466 2.532 2.787 3.037 3.282 3.524 3.760 3.992 4.219 4.442 4.661 4.874 5.083 5.291 5.518 5.739 5.953 6.161 6.364 6.560 6.750 6.934 7.112 7.283 7.449 7.512 6.974 6.434 5.892 5.349 4.803 4.256 3.708 3.157 2.605 2.050 1.495 1.043 1.185 1.337 1.499 1.670 1.850 2.039
2.852 2.846 2.829 2.801 2.761 2.710 2.647 2.574 2.531 2.493 2.459 2.429 2.405 2.384 2.369 2.358 2.352 2.351 2.354 2.362 2.395 2.427 2.460 2.495 2.532 2.570 2.610 2.651 2.694 2.739 2.786 2.834 3.067 3.296 3.522 3.742 3.958 4.170 4.377 4.580 4.777 4.971 5.159 5.344 5.543 5.737 5.924 6.105 6.280 6.449 6.612 6.769 6.919 7.064 7.202 7.318 6.772 6.224 5.674 5.122 4.569 4.014 3.457 2.899 2.338 1.776 1.212 0.747 1.066 1.378 1.684 1.985 2.279 2.568
3.185 3.139 3.082 3.014 2.934 2.843 2.740 2.626 2.592 2.569 2.552 2.539 2.530 2.526 2.527 2.533 2.543 2.558 2.577 2.601 2.639 2.678 2.719 2.761 2.805 2.851 2.898 2.946 2.997 3.049 3.103 3.158 3.351 3.561 3.765 3.966 4.162 4.353 4.539 4.721 4.899 5.072 5.240 5.404 5.575 5.741 5.901 6.055 6.203 6.345 6.480 6.610 6.733 6.851 6.962 7.067 6.572 6.016 5.492 5.013 4.549 4.100 3.667 3.250 2.848 2.462 2.091 1.735 1.982 2.268 2.547 2.821 3.089 3.350
3.528 3.443 3.346 3.237 3.118 2.987 2.844 2.690 2.648 2.642 2.640 2.644 2.651 2.664 2.681 2.702 2.729 2.760 2.795 2.836 2.882 2.928 2.976 3.025 3.076 3.129 3.183 3.239 3.297 3.356 3.417 3.480 3.640 3.829 4.014 4.194 4.369 4.540 4.706 4.868 5.025 5.178 5.326 5.469 5.613 5.752 5.885 6.011 6.132 6.255 6.385 6.518 6.654 6.791 6.932 7.075 6.742 6.300 5.874 5.464 5.069 4.689 4.325 3.976 3.643 3.325 3.023 2.737 2.903 3.162 3.415 3.662 3.903 4.138
3.882 3.757 3.620 3.471 3.312 3.141 2.958 2.765 2.700 2.710 2.725 2.744 2.768 2.797 2.830 2.868 2.910 2.957 3.009 3.066 3.122 3.175 3.230 3.287 3.345 3.405 3.467 3.530 3.595 3.661 3.730 3.799 3.934 4.103 4.267 4.426 4.581 4.732 4.878 5.019 5.152 5.276 5.394 5.505 5.625 5.754 5.885 6.019 6.156 6.295 6.437 6.581 6.727 6.877 7.028 7.183 6.970 6.597 6.240 5.898 5.572 5.261 4.966 4.686 4.421 4.173 3.939 3.721 3.829 4.061 4.287 4.507 4.721 4.930
4.246 4.080 3.904 3.716 3.516 3.305 3.083 2.849 2.748 2.774 2.805 2.840 2.880 2.925 2.975 3.029 3.087 3.151 3.219 3.291 3.359 3.420 3.482 3.546 3.612 3.679 3.748 3.819 3.891 3.964 4.040 4.120 4.234 4.381 4.521 4.655 4.783 4.904 5.019 5.127 5.229 5.324 5.413 5.495 5.605 5.746 5.889 6.034 6.182 6.332 6.485 6.641 6.799 6.959 7.122 7.288 7.181 6.877 6.589 6.316 6.059 5.817 5.590 5.379 5.183 5.003 4.838 4.689 4.759 4.964 5.164 5.357 5.545 5.726
4.620 4.415 4.198 3.970 3.731 3.480 3.218 2.944 2.791 2.833 2.880 2.932 2.988 3.049 3.115 3.185 3.260 3.340 3.424 3.512 3.595 3.663 3.788 3.923 4.044 4.151 4.244 4.323 4.387 4.437 4.473 4.494 4.547 4.666 4.777 4.882 4.981 5.074 5.159 5.239 5.312 5.378 5.439 5.492 5.583 5.735 5.889 6.046 6.205 6.367 6.531 6.698 6.867 7.039 7.213 7.390 7.377 7.142 6.922 6.718 6.529 6.356 6.198 6.055 5.928 5.817 5.721 5.640 5.694 5.872 6.045 6.212 6.373 6.528
5.004 4.759 4.503 4.235 3.956 3.665 3.363 3.050 2.830 2.888 2.952 3.020 3.092 3.169 3.279 3.500 3.721 3.941 4.160 4.379 4.564 4.664 4.750 4.821 4.879 4.922 4.951 4.966 4.967 4.953 4.925 4.883 4.868 4.957 5.040 5.116 5.186 5.250 5.307 5.358 5.402 5.440 5.471 5.496 5.558 5.721 5.887 6.055 6.225 6.398 6.574 6.752 6.933 7.116 7.302 7.490 7.556 7.390 7.239 7.103 6.983 6.878 6.789 6.715 6.657 6.614 6.586 6.574 6.633 6.785 6.931 7.072 7.206 7.334
5.399 5.114 4.817 4.510 4.191 3.861 3.519 3.214 3.067 3.289 3.511 3.732 3.953 4.173 4.393 4.612 4.830 5.048 5.265 5.482 5.668 5.704 5.726 5.734 5.728 5.708 5.673 5.625 5.562 5.484 5.393 5.287 5.195 5.255 5.309 5.357 5.398 5.433 5.461 5.483 5.499 5.508 5.511 5.507 5.531 5.705 5.882 6.061 6.243 6.427 6.614 6.804 6.996 7.190 7.387 7.587 7.719 7.622 7.539 7.472 7.421 7.385 7.364 7.359 7.369 7.394 7.435 7.492 7.577 7.703 7.822 7.936 8.043 8.145
5.851 5.642 5.433 5.225 5.016 4.809 4.601 4.394 4.192 4.412 4.632 4.851 5.069 5.287 5.505 5.722 5.938 6.154 6.369 6.584 6.781 6.759 6.718 6.662 6.592 6.508 6.410 6.298 6.171 6.031 5.876 5.707 5.528 5.560 5.585 5.604 5.617 5.623 5.622 5.616 5.603 5.583 5.557 5.524 5.500 5.686 5.874 6.065 6.258 6.453 6.652 6.852 7.056 7.262 7.470 7.681 7.867 7.837 7.824 7.825 7.842 7.875 7.922 7.986 8.064 8.158 8.268 8.392 8.526 8.625 8.718 8.805 8.886 8.961
7.024 6.816 6.608 6.400 6.192 5.985 5.778 5.571 5.365 5.534 5.751 5.968 6.185 6.400 6.616 6.831 7.045 7.259 7.472 7.684 7.880 7.828 7.723 7.604 7.471 7.324 7.162 6.986 6.796 6.592 6.374 6.141 5.894 5.871 5.868 5.858 5.842 5.819 5.790 5.755 5.713 5.665 5.610 5.549 5.481 5.664 5.863 6.065 6.270 6.477 6.686 6.899 7.113 7.330 7.550 7.772 7.997 8.037 8.092 8.162 8.247 8.348 8.464 8.596 8.743 8.905 9.083 9.266 9.439 9.588 9.815 10.120 10.504 10.966
8.196 7.988 7.781 7.573 7.367 7.160 6.954 6.748 6.542 6.654 6.869 7.084 7.299 7.513 7.726 7.938 8.151 8.362 8.573 8.784 8.977 8.912 8.744 8.561 8.365 8.154 7.929 7.689 7.436 7.168 6.887 6.591 6.280 6.189 6.157 6.119 6.074 6.023 5.965 5.901 5.830 5.753 5.670 5.580 5.484 5.640 5.850 6.064 6.279 6.498 6.719 6.942 7.168 7.396 7.627 7.860 8.096 8.220 8.365 8.538 8.711 8.885 9.060 9.235 9.411 9.588 9.765 9.943 10.121 10.598 11.173 11.826 12.557 13.366
9.365 9.158 8.952 8.745 8.539 8.333 8.127 7.922 7.717 7.773 7.987 8.199 8.412 8.623 8.835 9.045 9.255 9.465 9.674 9.882 10.074 10.011 9.779 9.533 9.273 8.998 8.710 8.407 8.091 7.760 7.414 7.055 6.682 6.514 6.453 6.386 6.312 6.232 6.146 6.053 5.954 5.849 5.737 5.618 5.493 5.612 5.835 6.059 6.286 6.553 6.858 7.161 7.461 7.759 8.055 8.349 8.640 8.841 9.016 9.192 9.368 9.544 9.722 9.900 10.078 10.257 10.437 10.617 10.798 11.529 12.451 13.451 14.530 15.686
10.533 10.327 10.121 9.915 9.709 9.504 9.299 9.094 8.890 8.891 9.103 9.313 9.524 9.733 9.942 10.151 10.359 10.566 10.773 10.980 11.169 11.124 10.828 10.519 10.196 9.858 9.506 9.140 8.760 8.366 7.957 7.535 7.098 6.845 6.755 6.660 6.558 6.449 6.334 6.213 6.124 6.072 6.017 5.960 5.901 6.058 6.362 6.664 6.963 7.261 7.555 7.848 8.138 8.426 8.711 8.994 9.275 9.488 9.665 9.844 10.022 10.202 10.382 10.562 10.743 10.925 11.108 11.291 11.474 12.381 13.650 14.997 16.422 17.926
11.699 11.494 11.288 11.083 10.878 10.673 10.469 10.265 10.061 10.008 10.218 10.426 10.635 10.842 11.049 11.256 11.462 11.667 11.872 12.076 12.263 12.251 11.893 11.520 11.133 10.732 10.317 9.888 9.444 8.987 8.515 8.043 7.603 7.341 7.293 7.244 7.192 7.138 7.083 7.025 6.965 6.903 6.839 6.773 6.705 6.809 7.102 7.394 7.683 7.970 8.254 8.536 8.816 9.094 9.369 9.642 9.912 10.133 10.313 10.494 10.676 10.858 11.040 11.223 11.407 11.592 11.777 11.962 12.149 13.154 14.770 16.464 18.235 20.085
12.864 12.659 12.454 12.249 12.045 11.841 11.637 11.434 11.230 11.125 11.332 11.538 11.744 11.950 12.155 12.359 12.563 12.766 12.969 13.171 13.356 13.393 12.869 12.287 11.737 11.217 10.729 10.273 9.847 9.453 9.090 8.758 8.458 8.248 8.191 8.132 8.071 8.008 7.943 7.876 7.807 7.735 7.662 7.587 7.509 7.560 7.844 8.125 8.404 8.680 8.954 9.226 9.496 9.763 10.028 10.290 10.551 10.777 10.960 11.143 11.327 11.512 11.697 11.883 12.069 12.257 12.444 12.632 12.821 13.848 15.810 17.851 19.969 22.165
14.026 13.822 13.618 13.414 13.210 13.007 12.804 12.601 12.398 12.239 12.445 12.649 12.853 13.056 13.240 13.183 13.122 13.059 12.993 12.925 12.866 12.772 12.298 11.855 11.444 11.063 10.714 10.397 10.110 9.855 9.631 9.438 9.277 9.155 9.089 9.021 8.951 8.878 8.804 8.728 8.649 8.569 8.486 8.401 8.315 8.313 8.586 8.857 9.126 9.392 9.656 9.917 10.177 10.434 10.688 10.941 11.191 11.419 11.605 11.791 11.977 12.165 12.353 12.541 12.730 12.920 13.110 13.301 13.493 14.463 16.772 19.158 21.622 24.164
15.187 14.983 14.780 14.576 14.373 14.171 13.968 13.719 13.254 12.812 12.751 12.695 12.636 12.574 12.510 12.443 12.373 12.301 12.225 12.148 12.079 12.020 11.692 11.388 11.116 10.875 10.665 10.486 10.338 10.222 10.137 10.083 10.060 10.064 9.989 9.911 9.832 9.750 9.666 9.581 9.493 9.403 9.311 9.217 9.122 9.068 9.330 9.591 9.849 10.105 10.359 10.610 10.859 11.106 11.350 11.592 11.832 12.060 12.248 12.437 12.626 12.816 13.006 13.198 13.389 13.582 13.775 13.968 14.162 14.999 17.654 20.386 23.196 26.084
16.247 15.701 15.178 14.678 14.202 13.748 13.318 12.911 12.528 12.167 12.061 11.996 11.927 11.857 11.783 11.707 11.627 11.546 11.461 11.374 11.296 11.227 11.052 10.888 10.754 10.652 10.580 10.541 10.532 10.554 10.608 10.693 10.809 10.956 10.889 10.802 10.714 10.623 10.530 10.435 10.338 10.239 10.138 10.035 9.929 9.823 10.076 10.326 10.574 10.820 11.063 11.304 11.543 11.779 12.013 12.245 12.475 12.699 12.890 13.081 13.273 13.466 13.659 13.853 14.047 14.242 14.437 14.634 14.830 15.457 18.457 21.535 24.691 27.924
14.853 14.388 13.946 13.527 13.132 12.759 12.410 12.084 11.781 11.502 11.375 11.300 11.223 11.142 11.059 10.974 10.885 10.794 10.700 10.604 10.516 10.438 10.378 10.352 10.358 10.394 10.462 10.560 10.690 10.851 11.044 11.267 11.522 11.807 11.791 11.695 11.597 11.496 11.394 11.290 11.184 11.075 10.965 10.853 10.738 10.622 10.823 11.063 11.300 11.536 11.769 12.000 12.228 12.454 12.678 12.900 13.119 13.336 13.530 13.724 13.919 14.114 14.310 14.506 14.703 14.901 15.099 15.298 15.507 15.873 19.140 22.401 25.654 28.899
13.439 13.055 12.694 12.356 12.041 11.750 11.482 11.236 11.014 10.816 10.692 10.608 10.521 10.432 10.339 10.244 10.147 10.046 9.943 9.837 9.740 9.653 9.670 9.783 9.927 10.102 10.308 10.545 10.814 11.114 11.444 11.806 12.199 12.624 12.693 12.588 12.481 12.371 12.260 12.146 12.031 11.913 11.794 11.672 11.548 11.423 11.571 11.801 12.028 12.253 12.476 12.697 12.915 13.131 13.344 13.556 13.765 13.972 14.169 14.355 14.533 14.722 14.923 15.135 15.359 15.594 15.840 16.098 16.368 16.649 19.689 22.916 26.137 29.350
12.006 11.702 11.422 11.165 10.931 10.721 10.533 10.369 10.227 10.109 10.013 9.920 9.823 9.724 9.623 9.518 9.411 9.301 9.189 9.074 8.967 8.871 8.928 9.179 9.462 9.775 10.120 10.496 10.903 11.341 11.810 12.311 12.842 13.405 13.597 13.482 13.366 13.247 13.126 13.004 12.879 12.752 12.623 12.492 12.360 12.225 12.321 12.540 12.757 12.972 13.169 13.339 13.508 13.676 13.842 14.008 14.172 14.335 14.531 14.748 14.976 15.216 15.468 15.731 16.005 16.291 16.588 16.896 17.216 17.548 20.243 23.438 26.626 29.806
10.552 10.330 10.130 9.954 9.801 9.671 9.564 9.481 9.420 9.383 9.337 9.234 9.129 9.021 8.910 8.796 8.679 8.560 8.438 8.314 8.198 8.092 8.151 8.541 8.962 9.414 9.897 10.412 10.957 11.534 12.141 12.780 13.450 14.150 14.502 14.378 14.252 14.124 13.994 13.862 13.728 13.566 13.367 13.177 12.997 12.825 12.839 13.009 13.177 13.345 13.511 13.676 13.840 14.002 14.164 14.324 14.483 14.641 14.861 15.129 15.408 15.699 16.001 16.314 16.639 16.975 17.323 17.682 18.052 18.434 20.803 23.966 27.121 30.269
9.079 8.937 8.819 8.723 8.651 8.602 8.576 8.573 8.593 8.636 8.665 8.553 8.438 8.320 8.200 8.077 7.951 7.823 7.691 7.557 7.432 7.317 7.341 7.869 8.428 9.019 9.640 10.293 10.977 11.691 12.437 13.214 13.992 14.726 15.148 14.925 14.711 14.507 14.312 14.126 13.950 13.783 13.625 13.476 13.337 13.206 13.203 13.367 13.531 13.693 13.854 14.013 14.172 14.329 14.486 14.641 14.794 14.947 15.179 15.497 15.827 16.168 16.521 16.885 17.260 17.647 18.045 18.455 18.876 19.308 21.369 24.499 27.622 30.738
7.586 7.525 7.487 7.473 7.481 7.512 7.567 7.644 7.745 7.869 7.996 7.874 7.750 7.623 7.494 7.361 7.226 7.088 6.948 6.805 6.670 6.545 6.496 7.202 7.975 8.739 9.494 10.242 10.981 11.711 12.434 13.148 13.853 14.551 15.067 14.885 14.713 14.549 14.395 14.251 14.115 13.989 13.872 13.765 13.666 13.577 13.567 13.726 13.885 14.041 14.197 14.352 14.505 14.657 14.808 14.958 15.107 15.254 15.485 15.854 16.234 16.626 17.029 17.443 17.869 18.307 18.755 19.215 19.687 20.170 21.941 25.039 28.130 31.213
6.074 6.094 6.136 6.202 6.291 6.403 6.538 6.696 6.877 7.082 7.309 7.199 7.066 6.930 6.791 6.661 6.615 6.587 6.575 6.581 6.601 6.632 6.676 7.403 8.139 8.866 9.585 10.295 10.998 11.692 12.377 13.055 13.724 14.385 14.976 14.835 14.704 14.582 14.469 14.365 14.271 14.186 14.110 14.043 13.986 13.938 13.932 14.086 14.239 14.391 14.541 14.691 14.839 14.986 15.132 15.276 15.420 15.562 15.779 16.198 16.629 17.071 17.525 17.990 18.466 18.954 19.453 19.963 20.485 21.018 22.520 25.585 28.643 31.694
4.542 4.642 4.765 4.912 5.081 5.274 5.489 5.728 6.004 6.341 6.673 6.678 6.624 6.586 6.566 6.563 6.576 6.607 6.655 6.720 6.800 6.890 6.995 7.613 8.312 9.002 9.684 10.358 11.024 11.681 12.330 12.971 13.603 14.227 14.843 14.776 14.685 14.604 14.532 14.469 14.416 14.372 14.337 14.311 14.295 14.288 14.298 14.447 14.595 14.741 14.887 15.031 15.174 15.315 15.456 15.595 15.734 15.871 16.061 16.530 17.012 17.504 18.008 18.524 19.050 19.589 20.138 20.699 21.271 21.855 23.104 26.137 29.163 32.181
2.990 3.220 3.572 3.920 4.264 4.603 4.938 5.269 5.595 5.917 6.234 6.328 6.332 6.354 6.393 6.449 6.522 6.613 6.720 6.844 6.983 7.134 7.298 7.831 8.493 9.147 9.793 10.430 11.059 11.680 12.292 12.896 13.492 14.080 14.659 14.706 14.656 14.616 14.585 14.564 14.551 14.548 14.554 14.569 14.594 14.627 14.670 14.808 14.951 15.092 15.232 15.371 15.509 15.646 15.781 15.915 16.048 16.180 16.330 16.850 17.382 17.925 18.479 19.045 19.622 20.211 20.811 21.422 22.045 22.679 23.695 26.695 29.689 32.675
2.578 2.920 3.257 3.591 3.919 4.244 4.564 4.879 5.191 5.498 5.800 5.962 6.026 6.107 6.206 6.321 6.453 6.603 6.769 6.952 7.151 7.361 7.586 8.059 8.684 9.301 9.910 10.511 11.103 11.687 12.263 12.831 13.390 13.941 14.483 14.626 14.618 14.618 14.628 14.648 14.676 14.714 14.761 14.817 14.882 14.957 15.041 15.171 15.308 15.444 15.579 15.713 15.845 15.977 16.107 16.236 16.364 16.491 16.616 17.158 17.740 18.334 18.938 19.555 20.182 20.821 21.471 22.133 22.806 23.490 24.247 27.041 29.744 32.354
2.298 2.625 2.947 3.265 3.579 3.888 4.193 4.494 4.791 5.083 5.370 5.581 5.705 5.845 6.003 6.177 6.369 6.577 6.803 7.045 7.303 7.574 7.857 8.295 8.884 9.464 10.037 10.601 11.157 11.704 12.243 12.774 13.297 13.811 14.317 14.536 14.569 14.611 14.662 14.722 14.791 14.870 14.957 15.055 15.161 15.276 15.401 15.534 15.666 15.796 15.926 16.055 16.182 16.308 16.433 16.557 16.680 16.802 16.922 17.454 18.086 18.724 19.346 19.958 20.562 21.156 21.740 22.316 22.882 23.438 23.985 26.251 28.547 30.751
2.021 2.333 2.641 2.944 3.243 3.537 3.828 4.113 4.395 4.672 4.945 5.185 5.368 5.568 5.784 6.018 6.269 6.536 6.821 7.123 7.440 7.770 8.114 8.540 9.092 9.636 10.172 10.700 11.219 11.730 12.232 12.727 13.213 13.690 14.160 14.437 14.510 14.593 14.685 14.786 14.896 15.015 15.144 15.282 15.429 15.585 15.751 15.897 16.024 16.150 16.274 16.398 16.534 16.694 16.842 16.977 17.098 17.207 17.303 17.758 18.357 18.948 19.528 20.100 20.662 21.215 21.758 22.292 22.817 23.332 23.838 25.553 27.443 29.241
1.749 2.046 2.339 2.627 2.911 3.191 3.466 3.737 4.004 4.266 4.524 4.775 5.016 5.275 5.551 5.844 6.153 6.480 6.824 7.185 7.562 7.951 8.355 8.794 9.310 9.817 10.316 10.807 11.290 11.764 12.230 12.688 13.138 13.579 14.012 14.327 14.442 14.565 14.698 14.840 14.991 15.151 15.320 15.535 15.838 16.119 16.378 16.590 16.758 16.913 17.055 17.184 17.300 17.403 17.494 17.571 17.636 17.688 17.727 18.074 18.632 19.181 19.720 20.250 20.771 21.283 21.785 22.278 22.761 23.235 23.700 24.946 26.430 27.822
