DATA/SHG/ECMWF/20170628/EN-1/20170704.en-1.asc
ncols        190
nrows        64
xllcorner    -5100000.000000000000
yllcorner    4130000.000000000000
cellsize     10000.000000000000
NODATA_value  -99999.000
[rows 32 to 63 of 64, columns 72 to 143 of 190]
10.156 9.923 10.301 10.676 11.050 11.422 11.792 12.161 12.528 12.893 13.256 13.618 13.978 14.244 14.069 13.932 13.834 13.775 13.754 13.772 13.828 13.924 14.052 14.207 14.393 14.814 15.970 17.167 18.404 19.681 20.999 22.357 23.755 25.194 26.673 28.192 29.751 30.298 28.855 27.368 25.837 24.263 22.645 20.984 19.279 17.541 15.787 13.980 12.121 11.452 12.152 12.827 13.477 14.101 14.700 15.274 15.823 16.346 16.844 17.317 17.764 17.515 16.856 16.270 15.758 15.319 14.954 14.662 14.443 14.298 14.226 14.227
9.463 9.072 9.441 9.810 10.179 10.545 10.909 11.272 11.633 11.993 12.351 12.707 13.061 13.398 13.357 13.355 13.391 13.465 13.579 13.731 13.921 14.150 14.413 14.704 15.026 15.473 16.808 18.184 19.600 21.056 22.552 24.088 25.665 27.282 28.940 30.637 32.397 33.478 31.908 30.287 28.613 26.888 25.110 23.280 21.399 19.465 17.479 15.442 13.352 12.183 12.771 13.335 13.873 14.386 14.873 15.335 15.772 16.184 16.571 16.932 17.268 17.248 16.913 16.651 16.463 16.348 16.306 16.338 16.443 16.621 16.873 17.198
8.789 8.331 8.583 8.947 9.310 9.670 10.029 10.386 10.742 11.095 11.447 11.798 12.146 12.493 12.611 12.743 12.913 13.121 13.369 13.655 13.979 14.342 14.740 15.166 15.623 16.110 17.600 19.205 21.022 22.846 24.677 26.515 28.359 30.211 32.069 33.935 35.807 37.303 35.502 33.649 31.745 29.788 27.780 25.719 23.607 21.442 19.226 16.957 14.637 12.939 13.416 13.868 14.294 14.696 15.072 15.423 15.748 16.049 16.324 16.574 16.799 16.907 16.895 16.957 17.093 17.301 17.583 17.938 18.367 18.869 19.444 20.092
8.133 7.610 7.729 8.087 8.444 8.798 9.152 9.503 9.853 10.201 10.547 10.891 11.234 11.575 11.831 12.096 12.400 12.743 13.124 13.640 14.364 15.162 16.000 16.866 17.791 18.774 20.487 22.328 24.175 26.030 27.892 29.760 31.635 33.518 35.407 37.303 39.205 41.115 39.148 37.065 34.929 32.742 30.503 28.211 25.868 23.473 21.026 18.526 15.975 13.721 14.086 14.427 14.742 15.032 15.297 15.536 15.751 15.940 16.104 16.242 16.356 16.491 16.803 17.189 17.647 18.179 18.784 19.463 20.215 21.040 21.938 22.909
7.497 6.907 6.876 7.229 7.580 7.929 8.277 8.622 8.966 9.309 9.649 9.988 10.400 10.870 11.382 11.992 12.677 13.435 14.268 15.175 16.156 17.211 18.308 19.434 20.619 21.862 23.567 25.439 27.317 29.202 31.094 32.993 34.899 36.812 38.732 40.658 42.592 44.532 42.847 40.533 38.167 35.748 33.278 30.756 28.183 25.557 22.879 20.149 17.368 14.534 14.782 15.011 15.215 15.394 15.547 15.676 15.779 15.857 15.909 15.937 15.939 16.000 16.636 17.345 18.127 18.982 19.910 20.912 21.987 23.135 24.356 25.650
6.879 6.224 6.027 6.374 6.719 7.218 7.827 8.396 8.927 9.419 9.871 10.285 10.659 10.994 11.562 12.429 13.371 14.387 15.476 16.640 17.879 19.191 20.546 21.932 23.377 24.880 26.636 28.538 30.447 32.363 34.285 36.215 38.151 40.094 42.045 44.002 45.966 47.937 46.598 44.053 41.456 38.808 36.107 33.355 30.550 27.694 24.786 21.826 18.814 15.750 15.504 15.622 15.714 15.782 15.824 15.841 15.833 15.800 15.741 15.658 15.549 15.436 16.394 17.426 18.531 19.709 20.961 22.285 23.683 25.154 26.698 28.315
7.327 6.916 6.806 7.397 7.948 8.461 8.934 9.368 9.764 10.120 10.437 10.715 10.953 11.153 11.674 12.798 13.997 15.269 16.616 18.037 19.532 21.102 22.715 24.361 26.065 27.828 29.692 31.625 33.564 35.511 37.464 39.424 41.391 43.365 45.346 47.333 49.328 51.329 50.401 47.626 44.799 41.920 38.989 36.006 32.971 29.885 26.747 23.556 20.314 17.021 16.251 16.258 16.239 16.195 16.126 16.032 15.913 15.769 15.599 15.405 15.185 14.940 16.078 17.433 18.861 20.362 21.936 23.583 25.303 27.097 28.963 30.903
9.628 8.972 8.491 8.946 9.362 9.739 10.076 10.375 10.635 10.856 11.037 11.180 11.283 11.348 11.717 13.099 14.554 16.084 17.687 19.365 21.117 22.943 24.814 26.720 28.683 30.706 32.737 34.700 36.670 38.647 40.631 42.621 44.619 46.623 48.634 50.652 52.677 54.709 54.257 51.251 48.194 45.084 41.923 38.710 35.446 32.129 28.761 25.340 21.868 18.344 17.024 16.919 16.790 16.635 16.455 16.250 16.019 15.764 15.484 15.178 14.847 14.491 15.688 17.365 19.116 20.939 22.795 24.562 26.306 28.028 29.727 31.404
11.993 11.092 10.210 10.529 10.810 11.051 11.254 11.417 11.541 11.627 11.673 11.680 11.649 11.578 11.693 13.331 15.043 16.830 18.690 20.624 22.633 24.715 26.845 29.009 31.232 33.514 35.770 37.763 39.764 41.771 43.786 45.807 47.835 49.869 51.911 53.960 56.015 58.078 58.164 54.929 51.641 48.302 44.911 41.468 37.973 34.426 30.828 27.178 23.476 19.722 17.822 17.606 17.366 17.100 16.809 16.493 16.152 15.849 15.687 15.409 15.015 14.506 15.518 17.276 19.012 20.725 22.416 24.084 25.729 27.351 28.951 30.528
14.422 13.277 12.060 12.147 12.292 12.398 12.466 12.494 12.483 12.433 12.344 12.216 12.049 11.843 11.601 13.496 15.465 17.507 19.624 21.815 24.079 26.418 28.806 31.229 33.712 36.253 38.791 40.815 42.846 44.884 46.928 48.980 51.039 53.104 55.176 57.255 59.341 61.434 62.124 58.658 55.141 51.572 47.951 44.278 40.553 36.777 32.949 29.069 25.212 21.809 19.958 20.095 20.116 20.022 19.812 19.486 19.045 18.488 17.815 17.026 16.122 15.102 15.560 17.219 18.856 20.469 22.060 23.629 25.174 26.697 28.197 29.675
16.915 15.525 14.064 13.800 13.809 13.780 13.712 13.605 13.459 13.274 13.050 12.787 12.485 12.144 11.764 13.592 15.817 18.117 20.490 22.937 25.458 28.052 30.697 33.380 36.122 38.921 41.780 43.855 45.916 47.984 50.059 52.142 54.230 56.326 58.429 60.538 62.655 64.778 66.136 62.391 58.274 54.312 50.506 46.855 43.359 40.019 36.834 33.804 30.929 28.210 26.287 25.914 25.424 24.819 24.099 23.262 22.310 21.243 20.059 18.760 17.346 15.816 15.625 17.185 18.722 20.236 21.728 23.197 24.643 26.067 27.467 28.846
19.471 17.836 16.131 15.487 15.361 15.197 14.994 14.751 14.470 14.150 13.791 13.393 12.956 12.480 11.966 13.621 16.102 18.658 21.287 23.990 26.767 29.618 32.520 35.462 38.462 41.521 44.638 46.882 48.974 51.073 53.167 55.001 56.748 58.410 59.986 61.476 62.881 64.199 65.375 61.787 58.354 55.076 51.953 48.986 46.173 43.516 41.014 38.668 36.476 34.440 32.731 31.847 30.847 29.731 28.500 27.154 25.692 24.114 22.421 20.612 18.687 16.647 15.713 17.173 18.611 20.026 21.418 22.788 24.135 25.459 26.761 28.040
22.091 20.212 18.263 17.208 16.947 16.648 16.310 15.932 15.516 15.061 14.567 14.034 13.463 12.852 12.202 13.582 16.319 19.130 22.016 24.975 28.007 31.114 34.349 37.565 40.780 43.994 47.209 49.386 51.099 52.726 54.267 55.722 57.092 58.375 59.573 60.685 61.711 62.652 63.506 61.017 58.267 55.672 53.233 50.948 48.819 46.845 45.026 43.362 41.853 40.499 39.289 37.894 36.384 34.759 33.018 31.161 29.189 27.102 24.899 22.580 20.146 17.596 15.823 17.184 18.522 19.838 21.131 22.402 23.649 24.875 26.077 27.257
24.775 22.651 20.458 18.964 18.568 18.134 17.660 17.148 16.597 16.007 15.379 14.711 14.004 13.259 12.474 13.812 17.093 20.374 23.654 26.934 30.213 33.491 36.737 39.951 43.164 46.377 49.589 51.714 53.049 54.297 55.460 56.537 57.529 58.434 59.254 59.988 60.637 61.199 61.676 60.080 58.014 56.102 54.345 52.743 51.296 50.004 48.867 47.886 47.059 46.387 45.870 44.056 42.036 39.901 37.650 35.284 32.803 30.206 27.493 24.665 21.722 18.663 15.956 17.218 18.457 19.673 20.867 22.039 23.187 24.313 25.417 26.497
27.521 25.154 22.717 20.754 20.223 19.654 19.046 18.399 17.713 17.101 16.564 16.101 15.714 15.401 15.164 16.211 19.490 22.769 26.047 29.325 32.602 35.878 39.122 42.334 45.546 48.757 51.967 54.135 55.091 55.962 56.747 57.446 58.060 58.587 59.030 59.386 59.657 59.842 59.941 58.978 57.593 56.364 55.289 54.369 53.605 52.995 52.540 52.240 52.095 52.105 52.270 50.333 47.803 45.158 42.398 39.523 36.532 33.426 30.204 26.867 23.415 19.847 16.164 17.274 18.414 19.532 20.626 21.698 22.748 23.775 24.779 25.761
30.314 27.245 24.279 21.693 20.965 20.312 19.734 19.231 18.802 18.449 18.170 17.966 17.837 17.783 17.803 18.607 21.884 25.161 28.438 31.713 34.988 38.262 41.505 44.715 47.925 51.134 54.342 56.648 57.226 57.719 58.127 58.448 58.684 58.835 58.899 58.878 58.772 58.580 58.302 57.709 57.006 56.459 56.066 55.828 55.745 55.817 56.044 56.425 56.961 57.653 58.499 56.723 53.684 50.530 47.261 43.877 40.377 36.762 33.031 29.186 25.225 21.148 16.957 17.353 18.394 19.413 20.408 21.381 22.332 23.260 24.165 25.048
29.246 26.533 23.922 21.420 20.951 20.556 20.237 19.992 19.822 19.726 19.706 19.760 19.889 20.093 20.372 21.000 24.276 27.551 30.825 34.098 37.371 40.644 43.884 47.093 50.300 53.508 56.714 59.253 59.454 59.570 59.600 59.544 59.403 59.176 58.863 58.465 57.981 57.412 56.757 56.274 56.253 56.387 56.676 57.119 57.717 58.471 59.378 60.441 61.658 63.030 64.557 63.228 59.680 56.017 52.239 48.346 44.338 40.214 35.975 31.621 27.151 22.567 17.867 17.455 18.397 19.316 20.213 21.087 21.939 22.767 23.562 24.308
28.083 25.725 23.470 21.318 20.866 20.730 20.669 20.682 20.770 20.933 21.171 21.483 21.870 22.332 22.869 23.480 26.664 29.937 33.209 36.481 39.752 43.022 46.261 49.467 52.673 55.879 59.083 61.951 61.775 61.513 61.166 60.733 60.214 59.610 58.921 58.146 57.285 56.339 55.307 54.673 55.333 56.148 57.118 58.243 59.522 60.956 62.544 64.287 66.185 68.238 70.445 69.847 65.790 61.619 57.333 52.931 48.414 43.782 39.035 34.172 29.195 24.079 18.819 17.483 18.284 19.064 19.823 20.561 21.278 21.974 22.648 23.301
26.824 24.822 22.922 21.126 20.712 20.834 21.031 21.303 21.649 22.070 22.565 23.136 23.781 24.500 25.295 26.164 29.049 32.320 35.591 38.860 42.129 45.398 48.635 51.839 55.043 58.247 61.450 64.652 64.188 63.549 62.825 62.015 61.120 60.139 59.072 57.920 56.683 55.360 53.952 52.906 54.247 55.743 57.394 59.199 61.159 63.273 65.542 67.965 70.543 73.276 76.163 76.579 71.950 66.745 61.528 56.299 51.057 45.803 40.536 35.258 29.967 24.663 19.348 17.239 17.947 18.635 19.301 19.947 20.571 21.174 21.756 22.317
25.471 23.824 22.279 20.838 20.488 20.869 21.323 21.853 22.457 23.136 23.889 24.717 25.620 26.597 27.649 28.776 31.431 34.701 37.969 41.237 44.504 47.770 51.005 54.208 57.410 60.612 63.813 67.013 66.694 65.678 64.577 63.390 62.118 60.761 59.318 57.789 56.176 54.476 52.691 50.974 52.996 55.172 57.503 59.989 62.560 65.113 67.647 70.164 72.663 75.144 77.606 78.297 73.049 67.789 62.516 57.231 51.933 46.623 41.301 35.967 30.620 25.261 19.889 17.016 17.632 18.227 18.801 19.354 19.886 20.397 20.886 21.355
24.023 22.730 21.541 20.454 20.195 20.833 21.546 22.333 23.195 24.131 25.142 26.228 27.388 28.623 29.933 31.317 33.811 37.078 40.345 43.611 46.876 50.140 53.373 56.574 59.774 62.974 66.173 69.372 69.292 67.900 66.422 64.859 63.210 61.476 59.657 57.775 55.973 54.254 52.617 51.063 53.293 55.840 58.368 60.878 63.370 65.844 68.301 70.739 73.159 75.560 77.944 79.465 74.161 68.845 63.516 58.175 52.822 47.457 42.079 36.689 31.286 25.871 20.444 16.815 17.339 17.841 18.323 18.783 19.223 19.641 20.038 20.414
22.479 21.542 20.707 19.974 19.832 20.728 21.698 22.743 23.863 25.057 26.325 27.669 29.086 30.579 32.145 33.787 36.188 39.453 42.717 45.981 49.245 52.507 55.738 58.937 62.136 65.334 68.020 70.581 70.337 68.319 66.384 64.531 62.761 61.074 59.470 57.949 56.510 55.154 53.881 52.690 54.437 56.905 59.354 61.786 64.199 66.594 68.972 71.331 73.672 75.995 78.300 80.587 75.286 69.914 64.529 59.133 53.724 48.303 42.869 37.423 31.965 26.495 21.012 16.635 17.067 17.477 17.866 18.234 18.581 18.907 19.212 19.496
20.841 20.258 19.778 19.400 19.400 20.553 21.781 23.084 24.461 25.912 27.438 29.038 30.713 32.463 34.287 36.185 38.561 41.825 44.754 47.462 50.109 52.694 55.254 57.796 60.290 62.735 65.132 67.480 67.875 66.221 64.649 63.160 61.754 60.430 59.189 58.031 56.956 55.964 55.054 54.227 55.599 57.987 60.358 62.711 65.045 67.362 69.661 71.941 74.204 76.448 78.675 80.883 76.423 70.995 65.555 60.103 54.639 49.162 43.673 38.171 32.657 27.131 21.593 16.477 16.816 17.134 17.431 17.707 17.962 18.195 18.408 18.600
19.108 18.879 18.753 18.730 18.898 20.309 21.794 23.354 24.988 26.697 28.480 30.318 32.079 33.747 35.322 36.803 38.438 41.058 43.617 46.114 48.550 50.925 53.273 55.603 57.884 60.117 62.301 64.436 65.324 64.033 62.825 61.699 60.656 59.696 58.819 58.024 57.312 56.682 56.136 55.671 56.778 59.088 61.380 63.654 65.910 68.148 70.368 72.570 74.753 76.919 79.067 81.197 77.573 72.090 66.594 61.086 55.566 50.034 44.489 38.932 33.362 27.780 22.186 16.580 16.588 16.813 17.018 17.202 17.364 17.505 17.626 17.725
17.281 17.406 17.634 17.964 18.801 20.827 22.827 24.733 26.546 28.266 29.892 31.425 32.865 34.212 35.465 36.625 37.777 40.186 42.535 44.822 47.048 49.212 51.349 53.466 55.535 57.555 59.526 61.449 62.684 61.756 60.911 60.149 59.469 58.872 58.358 57.926 57.577 57.310 57.127 57.025 57.974 60.206 62.419 64.615 66.792 68.951 71.093 73.216 75.321 77.408 79.478 81.529 78.736 73.197 67.646 62.082 56.506 50.918 45.318 39.705 34.080 28.443 22.793 17.131 16.381 16.514 16.626 16.718 16.788 16.837 16.865 16.873
17.843 18.872 19.956 21.095 22.289 23.947 25.625 27.210 28.702 30.100 31.405 32.617 33.736 34.761 35.694 36.533 37.279 39.371 41.509 43.586 45.602 47.556 49.482 51.386 53.243 55.050 56.809 58.520 59.955 59.391 58.909 58.509 58.193 57.959 57.807 57.738 57.752 57.848 58.027 58.288 59.189 61.342 63.476 65.593 67.692 69.773 71.835 73.880 75.907 77.915 79.906 81.879 79.911 74.317 68.710 63.091 57.459 51.816 46.160 40.491 34.811 29.118 23.413 17.696 16.195 16.236 16.256 16.256 16.234 16.191 16.127 16.042
20.519 21.737 23.010 24.338 25.720 27.150 28.507 29.770 30.941 32.018 33.002 33.893 34.691 35.395 36.007 36.525 36.950 38.611 40.539 42.406 44.212 45.957 47.671 49.363 51.007 52.602 54.149 55.648 57.097 56.936 56.817 56.781 56.827 56.955 57.166 57.460 57.836 58.295 58.836 59.460 60.421 62.495 64.551 66.589 68.610 70.612 72.596 74.562 76.510 78.441 80.353 82.247 81.100 75.449 69.787 64.112 58.425 52.726 47.014 41.291 35.555 29.806 24.046 18.273 16.031 15.980 15.909 15.885 15.943 16.082 16.302 16.603
23.139 24.546 26.008 27.525 29.097 30.436 31.471 32.414 33.263 34.020 34.683 35.253 35.730 36.114 36.404 36.602 36.706 37.908 39.626 41.283 42.879 44.413 45.916 47.397 48.828 50.211 51.546 52.832 54.070 54.393 54.636 54.962 55.371 55.862 56.436 57.092 57.830 58.651 59.555 60.541 61.670 63.666 65.644 67.603 69.545 71.469 73.375 75.262 77.132 78.984 80.817 82.633 82.300 76.595 70.877 65.146 59.404 53.572 47.323 41.193 35.182 29.292 23.520 17.868 15.149 15.319 15.570 15.902 16.316 16.811 17.388 18.045
25.704 27.300 28.951 30.657 32.418 33.805 34.519 35.141 35.669 36.105 36.447 36.697 36.853 36.916 36.886 36.763 36.547 37.260 38.768 40.215 41.601 42.926 44.218 45.486 46.706 47.877 49.000 50.074 51.100 51.761 52.367 53.055 53.826 54.679 55.615 56.633 57.734 58.917 60.183 61.531 62.962 64.855 66.754 68.635 70.498 72.344 74.171 75.980 77.759 78.851 79.766 80.505 79.920 73.596 67.391 61.306 55.340 49.493 43.766 38.158 32.669 27.300 22.051 16.920 14.016 14.542 15.149 15.838 16.607 17.458 18.391 19.404
28.215 30.000 31.839 33.734 35.683 37.256 37.650 37.951 38.159 38.274 38.295 38.224 38.060 37.803 37.453 37.009 36.473 36.668 37.966 39.204 40.380 41.496 42.577 43.633 44.640 45.599 46.510 47.372 48.186 49.040 50.008 51.059 52.192 53.407 54.705 56.085 57.548 59.093 60.721 62.431 64.259 65.997 67.553 68.932 70.135 71.160 72.009 72.680 73.175 73.492 73.633 73.597 73.114 67.312 61.629 56.066 50.621 45.296 40.091 35.005 30.038 25.190 20.462 15.853 12.801 13.683 14.646 15.691 16.817 18.024 19.312 20.681
30.670 32.644 34.672 36.756 38.893 40.790 40.864 40.844 40.731 40.526 40.227 39.836 39.351 38.774 38.103 37.340 36.484 36.131 37.220 38.248 39.215 40.121 40.991 41.835 42.631 43.378 44.077 44.728 45.330 46.230 47.560 49.312 51.155 52.995 54.834 56.671 58.507 60.340 62.172 64.002 65.830 67.027 67.809 68.413 68.841 69.091 69.165 69.063 68.783 68.326 67.693 66.883 65.896 60.911 55.750 50.708 45.786 40.982 36.298 31.733 27.288 22.962 18.755 14.667 11.505 12.743 14.062 15.463 16.944 18.507 20.150 21.875
33.071 35.233 37.450 39.722 42.048 44.407 44.160 43.820 43.387 42.861 42.243 41.531 40.726 39.829 38.838 37.755 36.579 35.651 36.530 37.349 38.106 38.802 39.636 40.587 41.575 42.598 43.656 44.750 45.879 47.276 49.114 50.951 52.786 54.619 56.450 58.280 60.108 61.934 63.758 65.580 67.400 68.247 68.254 68.084 67.737 67.214 66.514 65.637 64.583 63.353 61.946 60.362 58.602 54.394 49.755 45.234 40.833 36.551 32.388 28.344 24.419 20.614 16.928 13.361 10.129 11.722 13.397 15.153 16.989 18.908 20.907 22.987
