DATA/SHG/ECMWF/20170628/EN-1/20170630.en-1.asc
ncols        190
nrows        64
xllcorner    -5100000.000000000000
yllcorner    4130000.000000000000
cellsize     10000.000000000000
NODATA_value  -99999.000
[rows 0 to 32 of 64, columns 0 to 72 of 190]
1.720 1.605 1.489 1.370 1.250 1.128 1.004 0.879 0.751 0.673 0.612 0.554 0.499 0.447 0.397 0.350 0.306 0.264 0.225 0.213 0.206 0.212 0.223 0.234 0.243 0.252 0.259 0.265 0.271 0.275 0.278 0.281 0.282 0.266 0.240 0.216 0.192 0.169 0.147 0.125 0.105 0.086 0.067 0.050 0.033 0.033 0.046 0.059 0.072 0.084 0.095 0.106 0.116 0.125 0.134 0.143 0.151 0.159 0.168 0.177 0.188 0.199 0.211 0.224 0.238 0.252 0.267 0.284 0.301 0.392 0.603 0.814 1.026
1.471 1.350 1.227 1.102 0.976 0.847 0.717 0.585 0.452 0.367 0.316 0.268 0.271 0.273 0.273 0.270 0.265 0.257 0.246 0.233 0.217 0.213 0.221 0.228 0.234 0.239 0.242 0.245 0.247 0.248 0.248 0.246 0.244 0.232 0.209 0.188 0.167 0.147 0.128 0.110 0.093 0.077 0.061 0.047 0.034 0.030 0.042 0.053 0.063 0.073 0.083 0.091 0.100 0.107 0.114 0.121 0.127 0.134 0.146 0.158 0.172 0.186 0.201 0.217 0.233 0.251 0.269 0.288 0.308 0.376 0.588 0.800 1.013
1.224 1.097 0.967 0.836 0.716 0.643 0.568 0.489 0.407 0.363 0.364 0.362 0.358 0.351 0.342 0.330 0.315 0.298 0.278 0.256 0.230 0.216 0.220 0.223 0.226 0.227 0.227 0.226 0.225 0.222 0.218 0.213 0.207 0.196 0.177 0.159 0.141 0.124 0.109 0.094 0.080 0.067 0.055 0.044 0.033 0.029 0.038 0.047 0.056 0.064 0.071 0.078 0.084 0.090 0.095 0.100 0.104 0.109 0.124 0.139 0.155 0.172 0.190 0.209 0.228 0.248 0.269 0.291 0.313 0.358 0.571 0.784 0.999
1.202 1.131 1.056 0.979 0.899 0.816 0.729 0.640 0.548 0.481 0.472 0.461 0.448 0.432 0.413 0.392 0.368 0.342 0.313 0.281 0.247 0.219 0.220 0.220 0.218 0.216 0.213 0.208 0.203 0.197 0.189 0.181 0.172 0.160 0.144 0.129 0.114 0.101 0.088 0.077 0.066 0.056 0.047 0.039 0.032 0.027 0.035 0.042 0.048 0.054 0.060 0.065 0.069 0.073 0.076 0.079 0.081 0.083 0.101 0.119 0.138 0.159 0.181 0.203 0.224 0.247 0.269 0.292 0.314 0.338 0.550 0.767 0.985
1.430 1.349 1.264 1.176 1.085 0.991 0.894 0.795 0.692 0.601 0.583 0.563 0.540 0.515 0.487 0.457 0.424 0.388 0.350 0.309 0.266 0.224 0.221 0.217 0.212 0.206 0.200 0.192 0.183 0.173 0.162 0.150 0.137 0.123 0.110 0.098 0.087 0.077 0.067 0.059 0.051 0.044 0.039 0.034 0.030 0.027 0.032 0.037 0.042 0.046 0.049 0.052 0.055 0.057 0.060 0.063 0.066 0.069 0.089 0.111 0.133 0.155 0.177 0.199 0.222 0.245 0.268 0.292 0.315 0.339 0.529 0.749 0.969
1.662 1.569 1.474 1.375 1.274 1.170 1.062 0.952 0.839 0.723 0.697 0.668 0.636 0.601 0.564 0.524 0.482 0.437 0.390 0.340 0.287 0.232 0.223 0.216 0.207 0.198 0.187 0.176 0.164 0.150 0.136 0.120 0.104 0.086 0.076 0.067 0.059 0.051 0.045 0.040 0.035 0.032 0.029 0.027 0.027 0.027 0.030 0.033 0.036 0.040 0.043 0.046 0.049 0.052 0.055 0.058 0.061 0.064 0.082 0.104 0.127 0.150 0.173 0.196 0.220 0.243 0.267 0.292 0.316 0.341 0.507 0.730 0.953
1.896 1.793 1.687 1.578 1.466 1.351 1.234 1.113 0.989 0.862 0.813 0.775 0.733 0.690 0.644 0.595 0.543 0.489 0.433 0.373 0.312 0.247 0.226 0.215 0.203 0.190 0.176 0.161 0.145 0.128 0.110 0.091 0.071 0.050 0.040 0.034 0.029 0.025 0.022 0.022 0.022 0.023 0.023 0.023 0.024 0.024 0.026 0.029 0.032 0.036 0.039 0.042 0.045 0.048 0.050 0.053 0.056 0.059 0.075 0.098 0.121 0.145 0.169 0.193 0.217 0.242 0.266 0.291 0.316 0.342 0.484 0.710 0.936
2.133 2.020 1.903 1.784 1.661 1.536 1.408 1.276 1.142 1.005 0.932 0.884 0.834 0.781 0.726 0.668 0.607 0.544 0.478 0.410 0.339 0.265 0.230 0.216 0.200 0.184 0.166 0.148 0.128 0.108 0.086 0.064 0.044 0.025 0.018 0.018 0.019 0.020 0.020 0.020 0.021 0.021 0.021 0.021 0.021 0.021 0.022 0.026 0.029 0.031 0.034 0.037 0.040 0.043 0.046 0.049 0.051 0.054 0.067 0.091 0.115 0.140 0.164 0.189 0.214 0.239 0.265 0.291 0.317 0.343 0.460 0.689 0.919
2.373 2.249 2.122 1.992 1.859 1.723 1.585 1.443 1.298 1.150 1.053 0.996 0.937 0.875 0.810 0.743 0.674 0.601 0.526 0.449 0.369 0.286 0.235 0.217 0.198 0.178 0.158 0.138 0.119 0.100 0.081 0.063 0.045 0.027 0.018 0.018 0.019 0.019 0.019 0.019 0.019 0.019 0.019 0.019 0.018 0.018 0.019 0.022 0.025 0.028 0.030 0.033 0.036 0.038 0.041 0.044 0.046 0.049 0.059 0.084 0.109 0.134 0.160 0.185 0.211 0.237 0.263 0.290 0.317 0.343 0.436 0.667 0.900
2.616 2.482 2.344 2.204 2.060 1.914 1.765 1.612 1.457 1.299 1.177 1.111 1.043 0.972 0.898 0.822 0.743 0.660 0.569 0.477 0.386 0.295 0.230 0.210 0.190 0.171 0.152 0.134 0.115 0.097 0.080 0.063 0.046 0.029 0.018 0.018 0.018 0.018 0.018 0.018 0.018 0.017 0.017 0.016 0.016 0.015 0.015 0.018 0.021 0.024 0.026 0.029 0.031 0.034 0.037 0.039 0.041 0.044 0.051 0.077 0.103 0.129 0.155 0.181 0.208 0.235 0.262 0.289 0.316 0.344 0.410 0.645 0.881
2.862 2.717 2.569 2.418 2.264 2.108 1.948 1.785 1.619 1.450 1.298 1.206 1.114 1.023 0.931 0.840 0.748 0.657 0.566 0.475 0.384 0.294 0.218 0.200 0.181 0.163 0.146 0.128 0.111 0.095 0.078 0.062 0.046 0.031 0.019 0.018 0.018 0.018 0.017 0.017 0.016 0.016 0.015 0.014 0.013 0.012 0.012 0.015 0.017 0.020 0.022 0.025 0.027 0.030 0.032 0.034 0.037 0.039 0.043 0.070 0.096 0.123 0.150 0.177 0.204 0.232 0.260 0.288 0.316 0.344 0.384 0.622 0.861
3.111 2.956 2.797 2.608 2.399 2.196 2.000 1.811 1.629 1.453 1.292 1.201 1.109 1.018 0.927 0.836 0.745 0.654 0.564 0.473 0.383 0.292 0.207 0.190 0.172 0.156 0.139 0.123 0.107 0.091 0.076 0.061 0.047 0.033 0.019 0.019 0.018 0.017 0.017 0.016 0.015 0.014 0.013 0.012 0.011 0.010 0.009 0.011 0.013 0.016 0.018 0.021 0.023 0.025 0.027 0.030 0.032 0.034 0.036 0.062 0.089 0.117 0.144 0.172 0.200 0.229 0.257 0.309 0.380 0.453 0.528 0.779 1.038
3.042 2.836 2.637 2.445 2.259 2.080 1.908 1.743 1.585 1.433 1.289 1.195 1.104 1.013 0.923 0.832 0.742 0.651 0.561 0.471 0.381 0.291 0.201 0.179 0.163 0.147 0.132 0.117 0.102 0.088 0.074 0.060 0.047 0.034 0.021 0.019 0.018 0.017 0.016 0.015 0.014 0.013 0.012 0.010 0.009 0.007 0.006 0.008 0.010 0.012 0.014 0.017 0.019 0.021 0.023 0.025 0.027 0.029 0.031 0.054 0.106 0.169 0.235 0.302 0.372 0.444 0.518 0.594 0.672 0.753 0.835 1.042 1.276
2.800 2.618 2.443 2.274 2.113 1.958 1.810 1.668 1.534 1.406 1.285 1.190 1.099 1.009 0.918 0.828 0.738 0.648 0.558 0.468 0.379 0.289 0.200 0.168 0.153 0.139 0.125 0.111 0.097 0.084 0.071 0.058 0.046 0.034 0.023 0.019 0.018 0.017 0.016 0.014 0.013 0.012 0.010 0.008 0.007 0.005 0.003 0.004 0.006 0.008 0.010 0.013 0.015 0.034 0.061 0.092 0.127 0.165 0.208 0.268 0.336 0.407 0.480 0.555 0.632 0.711 0.793 0.876 0.962 1.050 1.140 1.312 1.520
2.550 2.392 2.241 2.096 1.959 1.828 1.704 1.586 1.476 1.372 1.275 1.184 1.094 1.004 0.914 0.824 0.734 0.645 0.555 0.466 0.377 0.288 0.199 0.157 0.143 0.130 0.117 0.104 0.092 0.080 0.068 0.057 0.046 0.035 0.024 0.020 0.018 0.017 0.015 0.014 0.012 0.010 0.008 0.007 0.005 0.002 0.008 0.019 0.035 0.056 0.081 0.110 0.143 0.179 0.220 0.264 0.312 0.365 0.421 0.488 0.565 0.643 0.723 0.805 0.890 0.977 1.065 1.156 1.249 1.344 1.442 1.587 1.771
2.294 2.159 2.032 1.911 1.798 1.691 1.590 1.497 1.410 1.330 1.257 1.178 1.088 0.999 0.909 0.820 0.731 0.641 0.552 0.463 0.375 0.286 0.198 0.146 0.133 0.121 0.109 0.097 0.086 0.075 0.065 0.054 0.044 0.035 0.026 0.020 0.018 0.017 0.016 0.018 0.022 0.026 0.032 0.038 0.044 0.052 0.060 0.077 0.107 0.142 0.181 0.223 0.269 0.320 0.374 0.432 0.494 0.560 0.630 0.707 0.790 0.876 0.964 1.053 1.145 1.239 1.335 1.434 1.534 1.637 1.741 1.870 2.028
2.030 1.920 1.816 1.719 1.629 1.546 1.470 1.400 1.337 1.281 1.232 1.172 1.083 0.994 0.904 0.815 0.727 0.638 0.549 0.461 0.373 0.284 0.196 0.134 0.122 0.111 0.100 0.090 0.080 0.070 0.061 0.053 0.048 0.043 0.037 0.033 0.037 0.041 0.045 0.051 0.057 0.064 0.072 0.081 0.090 0.100 0.111 0.131 0.175 0.224 0.276 0.332 0.392 0.456 0.524 0.596 0.672 0.752 0.835 0.923 1.014 1.107 1.202 1.299 1.398 1.500 1.603 1.709 1.817 1.926 2.038 2.158 2.292
1.759 1.673 1.593 1.520 1.454 1.395 1.342 1.296 1.257 1.225 1.200 1.166 1.077 0.988 0.900 0.811 0.723 0.634 0.546 0.458 0.370 0.282 0.195 0.122 0.115 0.112 0.108 0.104 0.099 0.094 0.088 0.082 0.075 0.068 0.061 0.055 0.061 0.067 0.075 0.083 0.092 0.101 0.112 0.123 0.135 0.147 0.161 0.181 0.239 0.301 0.367 0.437 0.511 0.589 0.670 0.756 0.845 0.939 1.036 1.136 1.235 1.335 1.437 1.542 1.649 1.757 1.868 1.981 2.096 2.214 2.333 2.453 2.562
1.481 1.419 1.363 1.314 1.272 1.236 1.207 1.185 1.170 1.162 1.160 1.160 1.071 0.983 0.895 0.807 0.719 0.635 0.554 0.473 0.394 0.314 0.236 0.161 0.157 0.152 0.146 0.140 0.134 0.127 0.120 0.112 0.103 0.094 0.085 0.075 0.084 0.093 0.103 0.114 0.125 0.137 0.150 0.164 0.179 0.194 0.210 0.228 0.299 0.375 0.455 0.538 0.626 0.717 0.813 0.912 1.015 1.122 1.233 1.348 1.453 1.561 1.671 1.783 1.897 2.013 2.131 2.252 2.374 2.499 2.625 2.754 2.838
1.196 1.158 1.126 1.100 1.082 1.070 1.065 1.067 1.076 1.091 1.119 1.151 1.079 0.997 0.916 0.835 0.755 0.676 0.597 0.519 0.441 0.365 0.288 0.213 0.199 0.192 0.185 0.178 0.169 0.161 0.151 0.142 0.131 0.121 0.109 0.097 0.106 0.118 0.130 0.144 0.158 0.173 0.188 0.205 0.222 0.240 0.258 0.278 0.355 0.445 0.538 0.635 0.737 0.842 0.951 1.063 1.180 1.301 1.426 1.554 1.670 1.785 1.902 2.021 2.142 2.266 2.392 2.519 2.649 2.781 2.915 3.051 3.120
0.905 0.890 0.881 0.907 0.933 0.961 0.991 1.022 1.054 1.088 1.123 1.160 1.109 1.029 0.950 0.871 0.793 0.716 0.640 0.564 0.488 0.414 0.340 0.267 0.242 0.234 0.225 0.215 0.205 0.195 0.184 0.172 0.160 0.147 0.134 0.121 0.127 0.142 0.157 0.173 0.190 0.207 0.226 0.245 0.264 0.285 0.306 0.328 0.407 0.510 0.617 0.728 0.843 0.962 1.085 1.211 1.342 1.476 1.614 1.756 1.883 2.006 2.130 2.257 2.386 2.517 2.650 2.763 2.842 2.924 3.007 3.091 3.135
0.788 0.815 0.844 0.874 0.906 0.939 0.974 1.009 1.047 1.085 1.125 1.167 1.137 1.059 0.983 0.906 0.831 0.756 0.681 0.608 0.535 0.463 0.391 0.320 0.286 0.275 0.264 0.253 0.241 0.229 0.216 0.203 0.189 0.175 0.160 0.145 0.148 0.165 0.183 0.202 0.221 0.241 0.262 0.284 0.306 0.329 0.353 0.378 0.455 0.572 0.693 0.817 0.946 1.078 1.215 1.355 1.499 1.647 1.799 1.954 2.067 2.141 2.217 2.294 2.373 2.453 2.536 2.619 2.705 2.792 2.881 2.971 3.052
0.739 0.772 0.806 0.841 0.877 0.915 0.955 0.996 1.038 1.081 1.126 1.173 1.165 1.089 1.015 0.941 0.867 0.795 0.723 0.651 0.580 0.510 0.441 0.372 0.329 0.317 0.305 0.292 0.278 0.264 0.249 0.234 0.219 0.203 0.186 0.169 0.168 0.188 0.208 0.229 0.251 0.274 0.298 0.322 0.347 0.372 0.399 0.426 0.499 0.630 0.764 0.902 1.044 1.172 1.287 1.397 1.503 1.605 1.703 1.797 1.882 1.962 2.043 2.126 2.211 2.297 2.385 2.475 2.566 2.659 2.753 2.849 2.957
0.689 0.727 0.765 0.806 0.847 0.890 0.934 0.980 1.027 1.076 1.126 1.177 1.192 1.119 1.046 0.974 0.903 0.833 0.763 0.694 0.625 0.558 0.490 0.424 0.374 0.360 0.346 0.331 0.315 0.300 0.283 0.266 0.249 0.231 0.213 0.194 0.187 0.209 0.233 0.256 0.281 0.306 0.332 0.359 0.387 0.415 0.439 0.462 0.516 0.637 0.753 0.865 0.974 1.078 1.178 1.274 1.366 1.454 1.537 1.617 1.696 1.781 1.868 1.957 2.048 2.140 2.233 2.329 2.426 2.524 2.625 2.727 2.850
0.638 0.680 0.724 0.769 0.815 0.863 0.912 0.963 1.015 1.069 1.123 1.180 1.218 1.147 1.077 1.007 0.939 0.870 0.803 0.736 0.670 0.604 0.539 0.475 0.419 0.403 0.387 0.370 0.353 0.335 0.317 0.299 0.279 0.260 0.240 0.219 0.205 0.230 0.256 0.280 0.304 0.327 0.350 0.373 0.395 0.417 0.439 0.460 0.497 0.603 0.705 0.803 0.897 0.987 1.073 1.155 1.233 1.306 1.376 1.441 1.508 1.599 1.692 1.787 1.883 1.981 2.080 2.181 2.284 2.388 2.494 2.602 2.731
0.587 0.632 0.681 0.731 0.782 0.835 0.889 0.945 1.001 1.060 1.120 1.181 1.243 1.175 1.107 1.040 0.973 0.907 0.842 0.777 0.713 0.650 0.587 0.525 0.464 0.447 0.429 0.410 0.391 0.372 0.352 0.332 0.338 0.329 0.306 0.268 0.219 0.242 0.265 0.288 0.311 0.333 0.355 0.376 0.397 0.418 0.439 0.459 0.482 0.574 0.662 0.746 0.825 0.901 0.973 1.040 1.103 1.163 1.218 1.269 1.319 1.416 1.514 1.615 1.717 1.820 1.926 2.032 2.141 2.251 2.363 2.476 2.600
0.558 0.583 0.636 0.691 0.747 0.805 0.864 0.925 0.986 1.050 1.114 1.180 1.248 1.202 1.136 1.071 1.007 0.943 0.880 0.818 0.756 0.695 0.634 0.574 0.528 0.579 0.620 0.647 0.660 0.658 0.642 0.612 0.567 0.508 0.435 0.348 0.246 0.252 0.274 0.296 0.318 0.339 0.359 0.380 0.400 0.420 0.439 0.458 0.477 0.548 0.622 0.692 0.757 0.819 0.876 0.929 0.979 1.024 1.065 1.102 1.134 1.231 1.335 1.441 1.549 1.659 1.770 1.882 1.996 2.112 2.230 2.349 2.470
0.533 0.532 0.590 0.650 0.711 0.774 0.838 0.903 0.970 1.038 1.108 1.178 1.251 1.228 1.165 1.102 1.040 0.985 0.956 0.944 0.950 0.973 1.014 1.071 1.146 1.173 1.164 1.141 1.104 1.052 0.986 0.906 0.811 0.702 0.579 0.441 0.290 0.263 0.284 0.305 0.325 0.345 0.364 0.384 0.403 0.421 0.440 0.458 0.475 0.527 0.587 0.642 0.693 0.741 0.784 0.823 0.858 0.889 0.916 0.938 0.957 1.045 1.155 1.267 1.380 1.495 1.612 1.731 1.851 1.972 2.096 2.220 2.347
0.511 0.479 0.542 0.607 0.673 0.741 0.810 0.880 0.952 1.025 1.099 1.164 1.215 1.206 1.169 1.149 1.146 1.160 1.192 1.241 1.307 1.391 1.492 1.610 1.746 1.782 1.723 1.650 1.562 1.460 1.344 1.214 1.069 0.910 0.737 0.550 0.348 0.274 0.294 0.313 0.332 0.351 0.370 0.388 0.406 0.423 0.441 0.457 0.474 0.510 0.555 0.597 0.634 0.667 0.696 0.720 0.741 0.758 0.771 0.779 0.784 0.857 0.973 1.091 1.210 1.331 1.453 1.578 1.703 1.831 1.960 2.090 2.223
0.492 0.425 0.493 0.595 0.705 0.802 0.886 0.957 1.015 1.060 1.093 1.112 1.118 1.120 1.143 1.184 1.241 1.316 1.409 1.518 1.645 1.789 1.951 2.129 2.326 2.404 2.295 2.172 2.035 1.883 1.717 1.537 1.342 1.133 0.910 0.673 0.421 0.285 0.304 0.322 0.340 0.358 0.375 0.393 0.409 0.426 0.442 0.457 0.473 0.497 0.528 0.555 0.578 0.597 0.612 0.622 0.629 0.631 0.630 0.624 0.614 0.668 0.790 0.914 1.039 1.165 1.293 1.423 1.556 1.687 1.811 1.928 2.037
0.808 0.752 0.842 0.920 0.984 1.036 1.075 1.100 1.113 1.113 1.100 1.074 1.036 1.016 1.100 1.200 1.319 1.454 1.607 1.777 1.964 2.169 2.391 2.630 2.887 3.041 2.882 2.709 2.522 2.320 2.104 1.874 1.629 1.370 1.098 0.810 0.509 0.297 0.314 0.332 0.349 0.365 0.381 0.397 0.413 0.428 0.443 0.458 0.472 0.488 0.505 0.518 0.526 0.531 0.532 0.528 0.520 0.509 0.493 0.473 0.449 0.495 0.651 0.800 0.941 1.076 1.203 1.324 1.437 1.543 1.643 1.735 1.820
1.295 1.181 1.226 1.258 1.277 1.284 1.277 1.258 1.225 1.180 1.122 1.051 0.967 0.893 1.037 1.199 1.377 1.573 1.786 2.017 2.265 2.530 2.812 3.112 3.429 3.692 3.483 3.260 3.023 2.771 2.505 2.225 1.931 1.622 1.299 0.962 0.611 0.309 0.325 0.341 0.357 0.373 0.388 0.403 0.417 0.431 0.445 0.459 0.472 0.483 0.486 0.484 0.479 0.469 0.508 0.568 0.608 0.628 0.628 0.608 0.568 0.555 0.686 0.810 0.927 1.037 1.140 1.236 1.325 1.407 1.482 1.549 1.610
1.789 1.638 1.623 1.610 1.584 1.545 1.494 1.429 1.351 1.261 1.158 1.041 0.912 0.770 0.956 1.178 1.417 1.674 1.947 2.238 2.546 2.872 3.215 3.575 3.952 4.346 4.098 3.825 3.538 3.236 2.921 2.591 2.247 1.888 1.516 1.129 0.728 0.321 0.336 0.351 0.366 0.380 0.394 0.408 0.421 0.434 0.447 0.584 0.733 0.835 0.925 0.995 1.045 1.075 1.086 1.076 1.046 0.996 0.927 0.837 0.727 0.621 0.728 0.827 0.920 1.005 1.084 1.155 1.220 1.277 1.327 1.370 1.407
