DATA/SHG/ECMWF/20170628/EN-1/20170712.en-1.asc
ncols        190
nrows        64
xllcorner    -5100000.000000000000
yllcorner    4130000.000000000000
cellsize     10000.000000000000
NODATA_value  -99999.000
[rows 0 to 31 of 64, columns 72 to 143 of 190]
0.549 0.581 0.612 0.640 0.666 0.690 0.712 0.732 0.749 0.835 1.132 1.469 1.819 2.183 2.560 2.951 3.355 3.773 4.204 4.649 5.107 5.569 5.991 6.399 6.805 7.211 7.616 8.021 8.424 8.827 9.229 9.630 10.031 10.301 10.149 9.990 9.824 9.651 9.472 9.286 9.093 8.894 8.688 8.475 8.256 8.062 7.957 7.843 7.720 7.589 7.450 7.301 7.144 6.978 6.804 6.621 6.429 6.270 6.222 6.166 6.100 6.026 5.943 5.851 5.750 5.641 5.522 5.395 5.258 5.118 4.992 4.871
0.474 0.499 0.522 0.607 0.706 0.799 0.886 0.968 1.043 1.166 1.536 1.920 2.318 2.729 3.153 3.591 4.042 4.507 4.985 5.477 5.982 6.491 6.909 7.313 7.716 8.118 8.520 8.921 9.321 9.720 10.118 10.516 10.912 11.243 11.060 10.871 10.675 10.472 10.263 10.047 9.824 9.595 9.359 9.116 8.867 8.626 8.482 8.330 8.168 7.999 7.820 7.633 7.437 7.233 7.020 6.798 6.567 6.351 6.263 6.167 6.062 5.949 5.826 5.694 5.554 5.405 5.247 5.080 4.904 4.731 4.625 4.523
0.837 0.933 1.023 1.107 1.185 1.258 1.325 1.387 1.443 1.510 1.928 2.359 2.804 3.261 3.733 4.218 4.716 5.228 5.753 6.291 6.843 7.409 7.826 8.227 8.626 9.025 9.423 9.820 10.216 10.612 11.006 11.400 11.793 12.186 11.978 11.758 11.532 11.300 11.060 10.814 10.562 10.302 10.036 9.763 9.484 9.199 9.016 8.825 8.625 8.416 8.199 7.973 7.739 7.496 7.244 6.983 6.714 6.440 6.314 6.178 6.034 5.880 5.718 5.547 5.367 5.178 4.981 4.774 4.559 4.413 4.489 4.587
1.401 1.477 1.547 1.611 1.669 1.722 1.770 1.811 1.847 1.877 2.306 2.784 3.276 3.781 4.299 4.831 5.376 5.935 6.507 7.092 7.691 8.304 8.743 9.140 9.536 9.931 10.325 10.719 11.111 11.503 11.894 12.284 12.674 13.063 12.901 12.652 12.396 12.133 11.864 11.588 11.305 11.016 10.720 10.417 10.108 9.791 9.559 9.329 9.090 8.843 8.587 8.322 8.049 7.767 7.477 7.178 6.870 6.554 6.373 6.198 6.059 5.964 5.874 5.789 5.708 5.632 5.560 5.493 5.430 5.372 5.531 5.728
1.970 2.025 2.075 2.120 2.158 2.191 2.218 2.240 2.255 2.266 2.672 3.197 3.735 4.287 4.853 5.431 6.023 6.629 7.248 7.880 8.526 9.185 9.660 10.053 10.445 10.836 11.227 11.617 12.006 12.394 12.782 13.168 13.554 13.939 13.831 13.551 13.265 12.972 12.673 12.367 12.054 11.735 11.409 11.077 10.737 10.391 10.110 9.841 9.564 9.278 8.983 8.696 8.424 8.155 7.891 7.630 7.373 7.119 6.999 6.915 6.836 6.762 6.692 6.627 6.566 6.510 6.458 6.411 6.369 6.331 6.550 6.846
2.543 2.579 2.609 2.633 2.651 2.664 2.671 2.673 2.669 2.659 3.024 3.596 4.182 4.780 5.393 6.018 6.657 7.310 7.975 8.655 9.347 10.053 10.576 10.965 11.354 11.741 12.128 12.515 12.900 13.285 13.669 14.052 14.434 14.815 14.766 14.457 14.141 13.818 13.489 13.153 12.810 12.461 12.076 11.685 11.313 10.959 10.659 10.384 10.113 9.846 9.583 9.324 9.068 8.817 8.569 8.325 8.086 7.849 7.729 7.666 7.607 7.553 7.503 7.458 7.418 7.382 7.350 7.324 7.301 7.284 7.545 7.939
3.121 3.136 3.146 3.151 3.149 3.142 3.129 3.111 3.087 3.057 3.364 3.983 4.615 5.261 5.920 6.592 7.278 7.977 8.690 9.416 10.155 10.908 11.491 11.877 12.262 12.646 13.029 13.412 13.794 14.175 14.555 14.934 15.313 15.588 15.459 15.003 14.565 14.145 13.744 13.362 12.998 12.652 12.325 12.017 11.727 11.455 11.196 10.938 10.684 10.435 10.189 9.946 9.708 9.474 9.243 9.016 8.793 8.574 8.454 8.411 8.373 8.339 8.309 8.284 8.264 8.248 8.237 8.230 8.228 8.231 8.517 9.009
3.703 3.699 3.689 3.673 3.652 3.625 3.592 3.553 3.509 3.460 3.690 4.356 5.035 5.728 6.433 7.153 7.885 8.631 9.391 10.163 10.950 11.749 12.406 12.788 13.044 13.251 13.462 13.676 13.893 14.114 14.338 14.566 14.797 15.031 15.028 14.654 14.299 13.962 13.643 13.343 13.062 12.799 12.554 12.328 12.121 11.931 11.728 11.488 11.251 11.018 10.789 10.564 10.343 10.125 9.912 9.702 9.496 9.294 9.174 9.151 9.132 9.119 9.109 9.105 9.104 9.109 9.118 9.131 9.149 9.172 9.465 10.056
4.290 4.265 4.235 4.200 4.159 4.112 4.059 4.001 3.937 3.867 4.004 4.716 5.442 6.182 6.934 7.700 8.455 9.103 9.726 10.325 10.899 11.448 11.911 12.127 12.346 12.569 12.795 13.024 13.257 13.493 13.733 13.976 14.222 14.472 14.578 14.287 14.013 13.759 13.523 13.305 13.106 12.925 12.763 12.619 12.494 12.387 12.256 12.032 11.812 11.597 11.385 11.177 10.973 10.772 10.576 10.383 10.194 10.010 9.887 9.885 9.886 9.893 9.904 9.919 9.939 9.963 9.993 10.026 10.064 10.107 10.389 11.078
4.881 4.837 4.787 4.731 4.670 4.603 4.531 4.452 4.369 4.277 4.298 5.009 5.694 6.355 6.991 7.603 8.190 8.752 9.289 9.801 10.289 10.752 11.181 11.412 11.646 11.884 12.125 12.370 12.618 12.870 13.124 13.383 13.644 13.909 14.108 13.899 13.708 13.536 13.382 13.247 13.130 13.032 12.952 12.890 12.847 12.823 12.778 12.572 12.369 12.171 11.976 11.785 11.598 11.414 11.235 11.059 10.888 10.720 10.595 10.613 10.635 10.661 10.692 10.728 10.768 10.812 10.862 10.915 10.974 11.036 11.290 12.078
5.477 5.413 5.323 5.211 5.103 5.001 4.903 4.811 4.724 4.641 4.573 5.197 5.797 6.371 6.921 7.447 7.947 8.423 8.874 9.301 9.702 10.079 10.444 10.693 10.943 11.196 11.453 11.713 11.976 12.243 12.513 12.786 13.063 13.344 13.619 13.492 13.383 13.293 13.222 13.169 13.134 13.118 13.120 13.141 13.180 13.238 13.296 13.107 12.921 12.739 12.562 12.388 12.218 12.051 11.889 11.730 11.576 11.425 11.298 11.335 11.377 11.424 11.475 11.531 11.591 11.656 11.725 11.799 11.877 11.960 12.168 13.054
5.765 5.660 5.560 5.465 5.375 5.290 5.210 5.136 5.066 5.001 4.941 5.408 5.921 6.410 6.874 7.313 7.728 8.117 8.483 8.823 9.139 9.430 9.708 9.972 10.237 10.505 10.777 11.053 11.331 11.613 11.899 12.187 12.479 12.775 13.074 13.065 13.039 13.031 13.042 13.071 13.119 13.185 13.269 13.372 13.493 13.633 13.791 13.637 13.468 13.304 13.143 12.986 12.833 12.684 12.538 12.397 12.259 12.125 11.995 12.052 12.114 12.181 12.252 12.328 12.408 12.493 12.582 12.676 12.775 12.821 12.846 13.682
5.963 5.875 5.792 5.715 5.642 5.575 5.512 5.455 5.402 5.355 5.313 5.641 6.068 6.471 6.849 7.202 7.531 7.834 8.114 8.368 8.598 8.803 8.995 9.248 9.528 9.812 10.099 10.389 10.683 10.981 11.281 11.585 11.893 12.203 12.517 12.619 12.675 12.749 12.842 12.953 13.083 13.231 13.398 13.582 13.786 14.008 14.248 14.162 14.011 13.863 13.719 13.579 13.443 13.311 13.183 13.058 12.937 12.821 12.708 12.763 12.782 12.737 12.700 12.670 12.647 12.631 12.623 12.622 12.629 12.642 12.663 13.444
6.155 6.085 6.020 5.960 5.905 5.854 5.809 5.769 5.734 5.704 5.679 5.897 6.238 6.554 6.846 7.113 7.356 7.574 7.767 7.936 8.080 8.199 8.304 8.521 8.816 9.115 9.418 9.723 10.032 10.345 10.661 10.980 11.303 11.629 11.958 12.153 12.291 12.447 12.622 12.816 13.027 13.258 13.506 13.773 14.058 14.362 14.684 14.683 14.548 14.418 14.291 14.085 13.803 13.535 13.279 13.036 12.807 12.591 12.388 12.322 12.303 12.291 12.286 12.288 12.298 12.315 12.340 12.371 12.410 12.457 12.510 13.206
6.342 6.290 6.242 6.199 6.162 6.129 6.101 6.079 6.061 6.048 6.041 6.174 6.429 6.660 6.866 7.047 7.204 7.336 7.443 7.526 7.584 7.618 7.637 7.791 8.102 8.416 8.733 9.054 9.379 9.706 10.037 10.372 10.710 11.051 11.396 11.667 11.887 12.126 12.383 12.658 12.952 13.264 13.525 13.719 13.906 14.086 14.260 14.159 13.883 13.620 13.371 13.134 12.911 12.701 12.503 12.320 12.149 11.991 11.847 11.804 11.817 11.837 11.865 11.900 11.942 11.992 12.049 12.113 12.185 12.264 12.350 12.968
6.525 6.489 6.459 6.434 6.414 6.398 6.388 6.383 6.383 6.387 6.397 6.474 6.643 6.788 6.908 7.004 7.074 7.121 7.142 7.140 7.112 7.060 6.993 7.058 7.384 7.713 8.046 8.382 8.722 9.065 9.411 9.761 10.114 10.457 10.774 11.040 11.250 11.454 11.651 11.842 12.026 12.204 12.375 12.540 12.698 12.850 12.995 12.961 12.744 12.540 12.348 12.171 12.006 11.854 11.715 11.590 11.478 11.379 11.293 11.279 11.324 11.377 11.438 11.505 11.580 11.662 11.752 11.848 11.952 12.064 12.182 12.731
6.702 6.684 6.671 6.664 6.661 6.663 6.670 6.682 6.699 6.721 6.748 6.796 6.879 6.938 6.972 6.982 6.967 6.928 6.864 6.776 6.662 6.525 6.371 6.322 6.705 7.107 7.489 7.854 8.200 8.527 8.837 9.127 9.399 9.653 9.888 10.098 10.279 10.454 10.623 10.785 10.941 11.090 11.233 11.369 11.499 11.622 11.739 11.751 11.592 11.446 11.314 11.194 11.088 10.995 10.915 10.848 10.794 10.753 10.726 10.747 10.825 10.910 11.003 11.103 11.210 11.325 11.447 11.576 11.713 11.857 12.008 12.494
6.875 6.874 6.879 6.888 6.903 6.922 6.947 6.976 7.011 7.050 7.094 7.139 7.137 7.111 7.059 6.983 6.882 6.769 6.664 6.570 6.485 6.410 6.343 6.324 6.661 6.981 7.281 7.564 7.828 8.073 8.300 8.509 8.699 8.871 9.024 9.164 9.317 9.463 9.603 9.737 9.864 9.985 10.099 10.207 10.308 10.403 10.492 10.529 10.428 10.341 10.267 10.206 10.158 10.123 10.102 10.093 10.098 10.115 10.146 10.208 10.319 10.436 10.562 10.694 10.834 10.981 11.136 11.297 11.466 11.643 11.826 12.258
7.042 7.059 7.081 7.108 7.140 7.177 7.218 7.265 7.317 7.358 7.328 7.297 7.171 7.052 6.943 6.844 6.754 6.673 6.603 6.542 6.490 6.449 6.415 6.389 6.638 6.875 7.094 7.295 7.476 7.640 7.785 7.912 8.020 8.110 8.181 8.238 8.362 8.480 8.592 8.697 8.796 8.888 8.974 9.053 9.126 9.192 9.252 9.294 9.252 9.223 9.207 9.205 9.215 9.239 9.276 9.326 9.389 9.465 9.554 9.662 9.805 9.956 10.113 10.278 10.451 10.630 10.817 11.011 11.213 11.421 11.637 12.022
7.205 7.239 7.259 7.230 7.200 7.170 7.140 7.109 7.078 7.047 7.016 6.984 6.900 6.814 6.739 6.673 6.616 6.570 6.533 6.505 6.487 6.479 6.479 6.487 6.636 6.791 6.928 7.046 7.146 7.228 7.291 7.336 7.362 7.370 7.359 7.331 7.416 7.506 7.589 7.666 7.736 7.800 7.857 7.908 7.952 7.990 8.022 8.047 8.063 8.093 8.136 8.191 8.260 8.342 8.437 8.546 8.667 8.801 8.949 9.110 9.285 9.468 9.658 9.856 10.060 10.272 10.492 10.718 10.952 11.193 11.442 11.786
7.015 6.985 6.955 6.925 6.894 6.863 6.832 6.800 6.769 6.737 6.704 6.672 6.620 6.568 6.526 6.493 6.471 6.457 6.454 6.460 6.475 6.501 6.535 6.576 6.654 6.727 6.782 6.819 6.837 6.837 6.818 6.781 6.725 6.652 6.559 6.449 6.479 6.540 6.594 6.643 6.684 6.720 6.749 6.771 6.787 6.797 6.800 6.796 6.863 6.950 7.051 7.166 7.293 7.433 7.586 7.753 7.933 8.125 8.331 8.550 8.758 8.974 9.196 9.426 9.663 9.908 10.159 10.418 10.685 10.958 11.301 11.755
6.713 6.682 6.651 6.620 6.589 6.557 6.525 6.492 6.460 6.427 6.394 6.360 6.331 6.313 6.305 6.306 6.316 6.337 6.366 6.406 6.455 6.514 6.582 6.657 6.693 6.684 6.657 6.612 6.549 6.466 6.366 6.247 6.110 5.954 5.780 5.588 5.549 5.582 5.608 5.628 5.641 5.648 5.649 5.643 5.630 5.611 5.586 5.554 5.649 5.796 5.955 6.127 6.313 6.511 6.723 6.948 7.186 7.436 7.700 7.977 8.225 8.536 8.945 9.359 9.778 10.202 10.630 11.063 11.502 11.944 12.392 12.844
6.412 6.381 6.349 6.317 6.284 6.251 6.218 6.185 6.152 6.118 6.084 6.049 6.034 6.050 6.075 6.109 6.153 6.207 6.270 6.343 6.426 6.518 6.620 6.729 6.752 6.662 6.553 6.426 6.281 6.117 5.935 5.735 5.516 5.278 5.023 4.749 4.628 4.632 4.630 4.621 4.606 4.585 4.557 4.522 4.482 4.434 4.381 4.321 4.424 4.628 4.846 5.077 5.403 5.860 6.316 6.771 7.224 7.676 8.127 8.576 9.005 9.430 9.861 10.296 10.736 11.181 11.631 12.085 12.544 13.008 13.477 13.950
6.112 6.079 6.047 6.013 5.980 5.947 5.913 5.878 5.844 5.809 5.774 5.739 5.729 5.778 5.836 5.904 5.982 6.069 6.166 6.272 6.388 6.514 6.649 6.792 6.833 6.661 6.470 6.261 6.034 5.789 5.525 5.243 4.942 4.623 4.286 3.930 3.715 3.691 3.660 3.623 3.580 3.530 3.474 3.553 3.814 4.012 4.148 4.222 4.478 4.935 5.391 5.845 6.297 6.749 7.199 7.647 8.095 8.541 8.985 9.429 9.872 10.319 10.770 11.227 11.688 12.154 12.625 13.100 13.581 14.066 14.556 15.050
5.812 5.779 5.745 5.711 5.677 5.642 5.608 5.572 5.537 5.502 5.466 5.429 5.416 5.498 5.590 5.691 5.802 5.923 6.053 6.193 6.342 6.501 6.670 6.846 6.933 6.680 6.408 6.117 5.809 5.482 5.136 4.772 4.390 3.990 3.772 3.901 4.163 4.584 4.942 5.238 5.471 5.642 5.750 5.797 5.781 5.702 5.561 5.358 5.397 5.847 6.297 6.745 7.192 7.637 8.081 8.524 8.966 9.406 9.844 10.282 10.733 11.201 11.673 12.151 12.633 13.121 13.613 14.109 14.611 15.117 15.628 16.144
5.513 5.479 5.444 5.409 5.374 5.339 5.303 5.267 5.231 5.194 5.158 5.121 5.094 5.209 5.335 5.469 5.614 5.768 5.931 6.104 6.287 6.479 6.682 6.892 7.055 6.810 6.732 6.700 6.713 6.772 6.876 7.025 7.220 7.460 7.746 8.077 8.411 8.554 8.635 8.653 8.610 8.504 8.335 8.105 7.812 7.456 7.039 6.559 6.315 6.760 7.203 7.645 8.086 8.526 8.964 9.401 9.836 10.271 10.704 11.135 11.587 12.077 12.571 13.069 13.573 14.081 14.594 15.112 15.635 16.162 16.694 17.231
5.235 5.180 5.144 5.108 5.072 5.036 4.999 4.963 4.925 4.888 4.850 4.812 4.774 4.912 5.071 5.239 5.417 5.625 5.994 6.399 6.840 7.318 7.807 8.304 8.830 8.919 9.043 9.212 9.426 9.686 9.991 10.342 10.737 11.179 11.665 12.197 12.721 12.587 12.391 12.132 11.812 11.429 10.984 10.476 9.907 9.275 8.580 7.824 7.233 7.672 8.110 8.546 8.981 9.415 9.847 10.278 10.708 11.136 11.563 11.988 12.436 12.946 13.462 13.981 14.506 15.035 15.570 16.109 16.652 17.201 17.754 18.312
4.983 4.881 4.845 4.808 4.771 4.734 4.696 4.659 4.620 4.582 4.563 4.615 4.668 4.936 5.286 5.673 6.095 6.553 7.047 7.577 8.143 8.745 9.361 9.984 10.636 10.976 11.300 11.670 12.086 12.546 13.052 13.604 14.200 14.842 15.529 16.262 17.040 16.682 16.209 15.674 15.077 14.418 13.696 12.912 12.066 11.157 10.187 9.154 8.152 8.585 9.016 9.447 9.876 10.304 10.730 11.155 11.579 12.001 12.422 12.842 13.279 13.810 14.346 14.887 15.433 15.984 16.539 17.099 17.664 18.233 18.808 19.387
4.743 4.583 4.546 4.534 4.584 4.635 4.686 4.738 4.791 4.844 4.898 4.953 5.008 5.330 5.805 6.316 6.864 7.447 8.066 8.721 9.412 10.139 10.880 11.629 12.407 12.978 13.504 14.075 14.691 15.352 16.059 16.811 17.608 18.451 19.339 20.272 21.251 20.840 20.091 19.279 18.406 17.470 16.472 15.411 14.289 13.104 11.857 10.548 9.177 9.497 9.923 10.348 10.771 11.193 11.613 12.032 12.450 12.867 13.282 13.696 14.115 14.668 15.225 15.787 16.354 16.926 17.502 18.083 18.669 19.260 19.855 20.455
4.905 4.750 4.801 4.853 4.905 4.958 5.012 5.066 5.121 5.177 5.233 5.290 5.348 5.691 6.291 6.927 7.599 8.307 9.050 9.830 10.646 11.498 12.364 13.240 14.144 14.927 15.654 16.425 17.242 18.104 19.011 19.964 20.962 22.005 23.094 24.227 25.406 25.061 24.035 22.947 21.797 20.585 19.311 17.974 16.576 15.115 13.592 12.007 10.360 10.410 10.830 11.249 11.666 12.082 12.497 12.910 13.322 13.733 14.142 14.550 14.956 15.519 16.098 16.681 17.269 17.862 18.459 19.061 19.668 20.280 20.897 21.518
5.326 5.064 5.117 5.171 5.225 5.281 5.336 5.393 5.450 5.508 5.567 5.626 5.686 6.017 6.742 7.503 8.300 9.133 10.001 10.906 11.846 12.823 13.815 14.816 15.847 16.823 17.750 18.722 19.739 20.802 21.910 23.063 24.261 25.505 26.793 28.127 29.507 29.344 28.042 26.678 25.252 23.764 22.214 20.601 18.927 17.190 15.391 13.531 11.608 11.323 11.737 12.150 12.561 12.972 13.380 13.788 14.194 14.598 15.002 15.404 15.805 16.365 16.964 17.718 18.705 19.603 20.411 21.130 21.758 22.297 22.746 23.106
5.769 5.376 5.431 5.487 5.544 5.602 5.660 5.719 5.778 5.838 5.899 5.961 6.023 6.311 7.161 8.046 8.968 9.925 10.918 11.948 13.013 14.114 15.231 16.359 17.515 18.665 19.793 20.965 22.183 23.446 24.754 26.107 27.506 28.950 30.439 31.973 33.552 33.689 32.111 30.472 28.770 27.006 25.180 23.292 21.341 19.329 17.255 15.119 12.920 12.236 12.645 13.051 13.457 13.861 14.565 15.891 17.076 18.119 19.021 19.781 20.399 21.152 21.922 22.602 23.193 23.694 24.105 24.427 24.659 24.801 24.854 24.817
