DATA/SHG/ECMWF/20170628/EN-1/20170708.en-1.asc
ncols        190
nrows        64
xllcorner    -5100000.000000000000
yllcorner    4130000.000000000000
cellsize     10000.000000000000
NODATA_value  -99999.000
[rows 0 to 32 of 64, columns 74 to 147 of 190]
0.194 0.191 0.187 0.183 0.179 0.174 0.170 0.178 0.273 0.401 0.530 0.659 0.790 0.921 1.054 1.187 1.321 1.456 1.593 1.698 1.681 1.643 1.594 1.534 1.463 1.381 1.288 1.184 1.070 0.944 0.808 0.725 0.850 0.978 1.110 1.246 1.386 1.529 1.676 1.826 1.980 2.138 2.299 2.423 2.423 2.424 2.427 2.433 2.440 2.449 2.460 2.473 2.488 2.505 2.524 2.610 2.894 3.184 3.481 3.785 4.096 4.414 4.739 5.071 5.410 5.756 6.109 6.418 6.592 6.769 6.950 7.135 7.323 7.515
0.219 0.268 0.337 0.414 0.496 0.585 0.681 0.787 0.917 1.048 1.180 1.312 1.446 1.581 1.716 1.853 1.990 2.128 2.267 2.388 2.322 2.235 2.137 2.028 1.908 1.777 1.635 1.483 1.319 1.144 0.959 0.801 0.943 1.088 1.236 1.388 1.544 1.704 1.867 2.033 2.204 2.378 2.556 2.715 2.723 2.733 2.745 2.759 2.775 2.792 2.812 2.834 2.858 2.883 2.911 2.979 3.293 3.615 3.943 4.278 4.620 4.969 5.325 5.688 6.058 6.435 6.819 7.179 7.369 7.562 7.759 7.960 8.165 8.373
0.690 0.776 0.868 0.967 1.072 1.183 1.301 1.426 1.559 1.693 1.828 1.964 2.101 2.238 2.377 2.516 2.657 2.798 2.941 3.084 2.975 2.838 2.691 2.533 2.364 2.185 1.994 1.792 1.580 1.356 1.122 0.877 1.031 1.193 1.358 1.526 1.698 1.874 2.053 2.236 2.423 2.614 2.808 3.004 3.020 3.039 3.060 3.082 3.107 3.133 3.162 3.192 3.224 3.258 3.294 3.340 3.685 4.038 4.397 4.763 5.137 5.517 5.904 6.298 6.699 7.107 7.522 7.941 8.135 8.301 8.436 8.543 8.620 8.667
1.169 1.277 1.392 1.513 1.641 1.775 1.915 2.062 2.199 2.336 2.474 2.613 2.753 2.894 3.036 3.178 3.322 3.466 3.612 3.758 3.638 3.453 3.257 3.050 2.833 2.604 2.364 2.114 1.853 1.580 1.297 1.003 1.116 1.294 1.475 1.660 1.848 2.040 2.236 2.435 2.638 2.845 3.055 3.269 3.315 3.343 3.372 3.403 3.436 3.471 3.508 3.547 3.588 3.631 3.676 3.722 4.070 4.453 4.833 5.217 5.614 6.026 6.452 6.893 7.347 7.816 8.299 8.796 8.889 8.924 8.928 8.904 8.850 8.767
1.642 1.772 1.909 2.053 2.203 2.359 2.522 2.691 2.837 2.978 3.119 3.261 3.404 3.548 3.693 3.839 3.985 4.133 4.281 4.431 4.313 4.079 3.835 3.579 3.312 3.035 2.746 2.447 2.137 1.816 1.484 1.141 1.197 1.390 1.588 1.789 1.994 2.202 2.414 2.630 2.849 3.072 3.299 3.529 3.608 3.644 3.682 3.722 3.763 3.810 3.851 3.884 3.907 3.921 3.925 3.921 4.241 4.660 5.093 5.539 6.001 6.476 6.965 7.469 7.987 8.519 9.066 9.626 9.672 9.575 9.449 9.294 9.109 8.895
2.107 2.260 2.420 2.585 2.758 2.936 3.122 3.313 3.474 3.617 3.762 3.907 4.053 4.200 4.348 4.497 4.647 4.797 4.949 5.102 5.000 4.717 4.423 4.119 3.803 3.477 3.140 2.792 2.433 2.063 1.683 1.291 1.273 1.483 1.697 1.914 2.135 2.360 2.588 2.820 3.097 3.390 3.668 3.929 4.051 4.098 4.135 4.163 4.182 4.192 4.192 4.183 4.165 4.138 4.101 4.055 4.359 4.841 5.337 5.847 6.371 6.910 7.463 8.030 8.612 9.207 9.817 10.441 10.482 10.255 9.998 9.712 9.397 9.052
2.566 2.741 2.923 3.111 3.306 3.507 3.715 3.929 4.109 4.255 4.403 4.551 4.700 4.850 5.001 5.153 5.306 5.460 5.615 5.770 5.698 5.366 5.024 4.670 4.306 3.931 3.545 3.149 2.741 2.323 1.893 1.545 1.589 1.938 2.271 2.588 2.889 3.175 3.445 3.699 3.938 4.161 4.368 4.559 4.649 4.655 4.651 4.637 4.615 4.583 4.542 4.492 4.432 4.364 4.286 4.199 4.461 5.006 5.566 6.139 6.727 7.329 7.946 8.576 9.221 9.880 10.553 11.240 11.321 10.963 10.575 10.159 9.713 9.238
3.018 3.216 3.420 3.631 3.848 4.071 4.301 4.537 4.742 4.891 5.042 5.193 5.345 5.499 5.653 5.808 5.964 6.121 6.279 6.438 6.407 6.027 5.594 5.171 4.781 4.424 4.101 3.810 3.552 3.328 3.136 2.977 3.008 3.286 3.549 3.795 4.027 4.242 4.442 4.626 4.795 4.947 5.084 5.206 5.256 5.220 5.175 5.120 5.057 4.984 4.901 4.810 4.709 4.599 4.480 4.352 4.548 5.157 5.780 6.417 7.068 7.734 8.413 9.107 9.815 10.537 11.273 12.024 12.187 11.699 11.181 10.634 10.058 9.452
3.463 3.683 3.910 4.143 4.382 4.628 4.880 5.139 5.373 5.525 5.679 5.834 5.989 6.145 6.282 6.332 6.369 6.393 6.404 6.401 6.311 5.970 5.662 5.386 5.144 4.934 4.758 4.614 4.504 4.427 4.382 4.371 4.441 4.649 4.842 5.019 5.180 5.325 5.455 5.568 5.667 5.749 5.816 5.867 5.872 5.795 5.708 5.613 5.508 5.393 5.270 5.137 4.995 4.844 4.684 4.514 4.621 5.293 5.979 6.679 7.394 8.122 8.865 9.622 10.393 11.179 11.978 12.792 13.082 12.463 11.815 11.138 10.431 9.695
3.902 4.144 4.393 4.649 4.910 5.179 5.453 5.717 5.927 6.010 6.079 6.136 6.179 6.210 6.227 6.232 6.223 6.201 6.166 6.119 6.047 5.853 5.692 5.564 5.469 5.406 5.377 5.381 5.418 5.488 5.591 5.726 5.890 6.028 6.150 6.257 6.348 6.423 6.483 6.526 6.555 6.567 6.564 6.545 6.497 6.379 6.251 6.114 5.968 5.812 5.648 5.474 5.290 5.098 4.897 4.686 4.678 5.414 6.163 6.927 7.704 8.496 9.302 10.122 10.957 11.805 12.668 13.545 14.005 13.256 12.477 11.670 10.833 9.966
4.327 4.570 4.809 5.043 5.274 5.501 5.725 5.944 6.157 6.194 6.218 6.229 6.227 6.212 6.184 6.143 6.089 6.022 5.941 5.848 5.746 5.699 5.685 5.704 5.756 5.841 5.959 6.110 6.294 6.511 6.761 7.044 7.354 7.422 7.474 7.511 7.531 7.537 7.526 7.500 7.458 7.401 7.327 7.239 7.131 6.971 6.802 6.624 6.437 6.240 6.034 5.819 5.595 5.361 5.119 4.867 4.721 5.520 6.332 7.159 8.000 8.855 9.724 10.607 11.505 12.417 13.342 14.282 14.956 14.076 13.168 12.230 11.263 10.266
4.652 4.881 5.106 5.327 5.545 5.758 5.968 6.174 6.375 6.391 6.369 6.335 6.287 6.226 6.153 6.066 5.967 5.854 5.728 5.590 5.442 5.508 5.641 5.807 6.006 6.238 6.503 6.801 7.132 7.496 7.893 8.323 8.785 8.831 8.813 8.780 8.730 8.666 8.585 8.489 8.377 8.250 8.107 7.948 7.773 7.573 7.363 7.144 6.915 6.677 6.430 6.174 5.909 5.634 5.350 5.057 4.755 5.611 6.487 7.376 8.280 9.199 10.131 11.077 12.038 13.013 14.001 14.940 15.709 14.596 13.494 12.404 11.326 10.259
4.980 5.195 5.407 5.615 5.818 6.018 6.214 6.406 6.595 6.599 6.532 6.452 6.359 6.253 6.134 6.002 5.857 5.698 5.527 5.343 5.150 5.280 5.560 5.873 6.219 6.598 7.010 7.455 7.933 8.443 8.987 9.563 10.173 10.255 10.167 10.064 9.945 9.810 9.660 9.494 9.312 9.114 8.901 8.673 8.429 8.184 7.933 7.672 7.402 7.124 6.835 6.538 6.232 5.916 5.591 5.257 4.914 5.687 6.636 7.583 8.510 9.417 10.302 11.168 12.012 12.836 13.640 14.422 15.185 14.246 13.196 12.157 11.130 10.114
5.311 5.513 5.711 5.905 6.095 6.281 6.464 6.642 6.817 6.818 6.706 6.580 6.442 6.291 6.126 5.949 5.758 5.555 5.338 5.109 4.870 5.015 5.442 5.902 6.395 6.921 7.479 8.071 8.695 9.353 10.043 10.766 11.522 11.695 11.537 11.364 11.174 10.970 10.750 10.514 10.262 9.995 9.712 9.414 9.099 8.804 8.511 8.210 7.899 7.602 7.322 7.035 6.739 6.435 6.123 5.804 5.476 6.084 6.961 7.817 8.653 9.468 10.263 11.036 11.790 12.523 13.235 13.926 14.597 13.886 12.887 11.899 10.923 9.958
5.645 5.833 6.018 6.198 6.375 6.548 6.717 6.882 7.043 7.049 6.892 6.721 6.537 6.340 6.130 5.908 5.672 5.423 5.161 4.887 4.603 4.713 5.287 5.894 6.533 7.206 7.911 8.649 9.420 10.224 11.061 11.931 12.833 13.149 12.922 12.678 12.420 12.145 11.855 11.549 11.232 10.915 10.600 10.287 9.975 9.684 9.400 9.108 8.809 8.501 8.186 7.863 7.531 7.192 6.845 6.490 6.127 6.521 7.307 8.072 8.816 9.540 10.243 10.926 11.588 12.230 12.851 13.451 14.031 13.515 12.567 11.630 10.705 9.792
5.982 6.157 6.328 6.495 6.658 6.817 6.973 7.124 7.272 7.292 7.089 6.873 6.644 6.402 6.147 5.879 5.598 5.303 4.996 4.676 4.347 4.374 5.095 5.848 6.635 7.454 8.306 9.190 10.108 11.058 12.042 13.051 14.045 14.484 14.163 13.844 13.527 13.211 12.896 12.583 12.272 11.962 11.653 11.346 11.041 10.732 10.413 10.086 9.751 9.408 9.057 8.698 8.331 7.956 7.574 7.183 6.785 6.979 7.673 8.347 9.000 9.633 10.245 10.837 11.408 11.958 12.488 12.997 13.486 13.133 12.236 11.351 10.477 9.614
6.322 6.484 6.641 6.795 6.944 7.090 7.232 7.370 7.504 7.547 7.299 7.037 6.763 6.475 6.175 5.861 5.535 5.196 4.843 4.478 4.103 3.999 5.006 6.109 7.188 8.243 9.274 10.281 11.264 12.222 13.157 14.068 14.954 15.475 15.161 14.849 14.538 14.228 13.920 13.613 13.308 13.005 12.703 12.402 12.103 11.787 11.433 11.070 10.699 10.321 9.935 9.540 9.138 8.728 8.310 7.884 7.450 7.457 8.060 8.643 9.205 9.746 10.267 10.768 11.248 11.707 12.146 12.564 12.962 12.740 11.894 11.060 10.237 9.426
6.666 6.814 6.957 7.097 7.234 7.366 7.494 7.619 7.739 7.813 7.519 7.213 6.893 6.560 6.226 6.055 5.930 5.852 5.819 5.832 5.859 5.991 7.011 8.007 8.979 9.927 10.850 11.750 12.626 13.477 14.305 15.108 15.888 16.464 16.156 15.850 15.546 15.243 14.941 14.641 14.342 14.045 13.750 13.456 13.163 12.850 12.459 12.061 11.655 11.241 10.820 10.390 9.952 9.507 9.053 8.592 8.122 7.955 8.467 8.959 9.430 9.880 10.310 10.720 11.109 11.477 11.825 12.153 12.459 12.337 11.542 10.759 9.987 9.226
7.012 7.147 7.277 7.403 7.526 7.645 7.760 7.877 8.003 8.094 7.861 7.667 7.518 7.415 7.358 7.347 7.382 7.463 7.590 7.763 7.950 8.144 9.040 9.929 10.794 11.635 12.451 13.244 14.013 14.757 15.478 16.174 16.847 17.449 17.148 16.849 16.551 16.254 15.959 15.665 15.373 15.083 14.794 14.506 14.220 13.919 13.493 13.060 12.619 12.169 11.712 11.247 10.774 10.293 9.804 9.307 8.802 8.474 8.895 9.295 9.676 10.035 10.374 10.693 10.991 11.268 11.525 11.762 11.978 11.923 11.179 10.446 9.725 9.016
7.402 7.650 7.863 8.041 8.185 8.294 8.369 8.408 8.413 8.384 8.311 8.276 8.287 8.344 8.447 8.596 8.790 9.031 9.317 9.650 9.997 10.353 11.094 11.876 12.633 13.367 14.077 14.762 15.424 16.062 16.675 17.265 17.831 18.372 18.137 17.844 17.553 17.263 16.974 16.687 16.401 16.117 15.835 15.554 15.274 14.996 14.535 14.066 13.589 13.104 12.611 12.111 11.603 11.086 10.562 10.030 9.490 9.013 9.343 9.653 9.942 10.210 10.458 10.686 10.893 11.080 11.246 11.392 11.517 11.498 10.805 10.123 9.453 8.795
8.811 8.938 9.030 9.087 9.110 9.098 9.052 8.971 8.855 8.705 8.718 8.843 9.013 9.230 9.493 9.801 10.155 10.555 11.001 11.493 12.001 12.518 13.171 13.846 14.497 15.124 15.727 16.305 16.860 17.391 17.898 18.381 18.839 19.274 19.124 18.837 18.552 18.268 17.986 17.706 17.427 17.149 16.873 16.598 16.325 16.054 15.583 15.078 14.566 14.046 13.518 12.982 12.439 11.887 11.327 10.760 10.184 9.601 9.811 10.030 10.228 10.406 10.563 10.700 10.817 10.912 10.988 11.043 11.060 11.004 10.449 10.012 9.692 9.490
10.250 10.256 10.227 10.164 10.066 9.933 9.766 9.565 9.328 9.057 9.082 9.367 9.697 10.073 10.495 10.963 11.477 12.036 12.641 13.293 13.961 14.639 15.273 15.841 16.385 16.905 17.401 17.873 18.321 18.745 19.145 19.521 19.873 20.201 20.107 19.827 19.548 19.271 18.995 18.721 18.449 18.178 17.908 17.640 17.373 17.108 16.638 16.098 15.551 14.995 14.432 13.861 13.282 12.695 12.100 11.497 10.887 10.268 10.300 10.419 10.501 10.558 10.591 10.599 10.583 10.542 10.476 10.386 10.272 10.133 10.094 10.178 10.379 10.697
11.720 11.605 11.456 11.272 11.053 10.800 10.512 10.189 9.833 9.441 9.404 9.848 10.338 10.873 11.455 12.082 12.755 13.474 14.238 15.049 15.877 16.716 17.398 17.859 18.297 18.710 19.099 19.465 19.806 20.123 20.417 20.686 20.931 21.153 21.088 20.814 20.542 20.271 20.002 19.734 19.468 19.203 18.940 18.679 18.418 18.160 17.700 17.125 16.543 15.952 15.296 14.569 13.868 13.195 12.548 11.928 11.335 10.769 10.639 10.636 10.609 10.558 10.482 10.381 10.256 10.106 9.932 9.733 9.509 9.262 9.624 10.227 10.948 11.786
13.220 12.985 12.715 12.410 12.071 11.697 11.288 10.845 10.368 9.856 9.683 10.287 10.936 11.631 12.371 13.158 13.990 14.868 15.792 16.761 17.749 18.750 19.548 19.902 20.233 20.539 20.822 21.081 21.315 21.526 21.713 21.876 22.015 22.130 22.065 21.798 21.532 21.268 21.005 20.744 20.484 20.140 19.659 19.179 18.699 18.219 17.603 16.887 16.198 15.536 14.901 14.293 13.712 13.157 12.630 12.129 11.655 11.209 10.990 10.878 10.743 10.582 10.397 10.188 9.954 9.696 9.412 9.105 8.773 8.416 9.037 10.160 11.401 12.759
14.751 14.395 14.004 13.579 13.119 12.625 12.096 11.533 10.935 10.302 9.920 10.683 11.491 12.345 13.245 14.191 15.182 16.219 17.301 18.430 19.578 20.739 21.722 21.969 22.193 22.393 22.569 22.721 22.850 22.954 23.034 23.091 23.026 22.809 22.515 22.033 21.551 21.070 20.589 20.109 19.629 19.150 18.671 18.193 17.715 17.238 16.704 16.107 15.538 14.995 14.479 13.990 13.528 13.092 12.684 12.302 11.947 11.620 11.366 11.146 10.901 10.632 10.338 10.020 9.677 9.310 8.919 8.502 8.061 7.596 8.335 9.977 11.737 13.614
16.312 15.835 15.324 14.778 14.198 13.584 12.934 12.251 11.533 10.780 10.115 11.037 12.004 13.017 14.076 15.180 16.331 17.527 18.768 20.055 21.363 22.685 23.919 23.896 23.615 23.348 23.095 22.856 22.632 22.421 22.224 22.041 21.873 21.718 21.509 21.029 20.549 20.070 19.592 19.114 18.637 18.160 17.684 17.208 16.733 16.258 15.778 15.300 14.850 14.426 14.029 13.659 13.316 12.999 12.710 12.447 12.211 12.003 11.766 11.438 11.084 10.706 10.304 9.877 9.426 8.950 8.450 7.925 7.376 6.802 7.516 9.678 11.957 14.353
17.904 17.307 16.675 16.009 15.308 14.573 13.804 13.000 12.162 11.289 10.382 11.348 12.474 13.646 14.864 16.091 17.075 18.023 18.935 19.810 20.677 21.540 22.375 22.167 21.949 21.744 21.554 21.378 21.215 21.067 20.932 20.812 20.705 20.613 20.503 20.025 19.548 19.072 18.596 18.120 17.645 17.171 16.697 16.224 15.751 15.279 14.824 14.466 14.134 13.829 13.552 13.300 13.076 12.879 12.708 12.564 12.447 12.357 12.192 11.754 11.292 10.806 10.295 9.760 9.200 8.615 8.007 7.373 6.715 6.033 6.583 9.263 12.060 14.975
19.526 18.808 18.056 17.270 16.449 15.594 14.704 13.780 12.787 11.680 10.617 11.266 12.269 13.237 14.168 15.063 15.922 16.745 17.531 18.282 19.022 19.759 20.467 20.426 20.270 20.127 19.999 19.885 19.785 19.698 19.626 19.568 19.524 19.493 19.477 19.023 18.548 18.074 17.600 17.127 16.655 16.183 15.711 15.240 14.770 14.300 13.844 13.604 13.392 13.206 13.047 12.914 12.809 12.730 12.679 12.654 12.656 12.684 12.642 12.096 11.525 10.930 10.311 9.667 8.999 8.306 7.588 6.847 6.080 5.290 5.534 8.732 12.048 15.480
21.178 20.208 18.942 17.720 16.544 15.412 14.326 13.284 12.288 11.336 10.430 10.773 11.652 12.494 13.300 14.070 14.803 15.501 16.162 16.787 17.402 18.012 18.593 18.671 18.577 18.497 18.431 18.379 18.341 18.317 18.307 18.311 18.328 18.360 18.406 18.021 17.549 17.077 16.606 16.135 15.665 15.195 14.726 14.258 13.790 13.323 12.856 12.716 12.622 12.555 12.514 12.501 12.514 12.554 12.621 12.715 12.836 12.983 13.116 12.462 11.783 11.079 10.352 9.599 8.823 8.021 7.196 6.346 5.471 4.572 4.369 8.086 11.919 15.869
19.729 18.574 17.464 16.399 15.379 14.404 13.473 12.588 11.748 10.952 10.202 10.314 11.067 11.784 12.465 13.110 13.718 14.291 14.827 15.327 15.816 16.300 16.755 16.902 16.870 16.853 16.849 16.859 16.883 16.921 16.973 17.039 17.119 17.213 17.321 17.020 16.550 16.081 15.612 15.144 14.676 14.209 13.742 13.276 12.811 12.346 11.881 11.800 11.825 11.876 11.955 12.060 12.192 12.351 12.536 12.749 12.988 13.254 13.547 12.853 12.065 11.253 10.417 9.557 8.671 7.762 6.828 5.870 4.887 3.879 3.148 7.375 11.490 15.493
17.900 16.901 15.947 15.038 14.174 13.355 12.581 11.851 11.167 10.527 9.933 9.889 10.517 11.108 11.664 12.184 12.667 13.115 13.526 13.901 14.265 14.622 14.950 15.120 15.151 15.195 15.253 15.326 15.412 15.512 15.626 15.755 15.897 16.053 16.223 16.020 15.552 15.085 14.619 14.153 13.688 13.223 12.759 12.295 11.832 11.369 10.907 10.857 11.000 11.171 11.368 11.592 11.842 12.120 12.424 12.755 13.112 13.497 13.908 13.268 12.372 11.464 10.572 9.683 8.796 7.911 7.030 6.150 5.274 4.400 3.528 6.961 10.582 14.090
16.031 15.188 14.390 13.637 12.929 12.266 11.648 11.074 10.546 10.062 9.623 9.497 9.999 10.466 10.897 11.292 11.650 11.973 12.259 12.509 12.747 12.978 13.180 13.325 13.418 13.524 13.645 13.779 13.927 14.090 14.266 14.456 14.660 14.878 15.110 15.020 14.555 14.091 13.627 13.163 12.700 12.238 11.776 11.315 10.854 10.394 9.934 9.887 10.149 10.438 10.753 11.096 11.531 12.104 12.631 13.113 13.549 13.940 14.286 13.751 12.865 11.982 11.101 10.222 9.347 8.473 7.603 6.734 5.869 5.006 4.145 6.657 9.784 12.799
14.122 13.436 12.794 12.197 11.645 11.137 10.675 10.257 9.884 9.556 9.273 9.138 9.516 9.857 10.163 10.433 10.667 10.864 11.026 11.151 11.264 11.368 11.444 11.517 11.671 11.840 12.022 12.219 12.429 12.653 12.891 13.143 13.410 13.690 13.984 14.022 13.559 13.097 12.635 12.174 11.714 11.254 10.794 10.447 10.414 10.381 10.348 10.628 11.227 11.780 12.288 12.751 13.168 13.539 13.866 14.147 14.382 14.573 14.717 14.244 13.369 12.497 11.627 10.759 9.894 9.032 8.172 7.315 6.461 5.609 4.759 6.464 9.097 11.619
