DATA/SHG/ECMWF/20170628/EN-1/20170706.en-1.asc
ncols        190
nrows        64
xllcorner    -5100000.000000000000
yllcorner    4130000.000000000000
cellsize     10000.000000000000
NODATA_value  -99999.000
[rows 0 to 33 of 64, columns 75 to 149 of 190]
11.185 11.089 11.002 10.924 10.855 10.794 10.749 10.686 10.615 10.554 10.504 10.465 10.436 10.417 10.410 10.413 10.426 10.450 10.480 10.482 10.464 10.436 10.397 10.348 10.287 10.216 10.135 10.042 9.939 9.825 9.674 9.427 9.174 8.914 8.648 8.377 8.099 7.815 7.524 7.228 6.925 6.616 6.330 6.122 5.907 5.683 5.450 5.208 4.958 4.700 4.433 4.157 3.873 3.581 3.302 3.091 2.887 2.690 2.501 2.320 2.146 1.979 1.820 1.668 1.524 1.387 1.322 1.441 1.561 1.680 1.799 1.918 2.037 2.156 2.275
11.484 11.346 11.226 11.123 11.037 10.969 10.917 10.872 10.838 10.814 10.801 10.799 10.807 10.826 10.855 10.894 10.945 11.006 11.066 11.020 10.955 10.879 10.792 10.694 10.586 10.467 10.338 10.197 10.046 9.885 9.702 9.427 9.146 8.859 8.566 8.266 7.961 7.649 7.331 7.007 6.677 6.340 6.011 5.766 5.512 5.249 4.978 4.699 4.411 4.114 3.809 3.495 3.173 2.842 2.526 2.347 2.177 2.014 1.858 1.710 1.569 1.436 1.310 1.191 1.080 0.977 0.913 1.032 1.151 1.270 1.390 1.509 1.627 1.746 1.865
11.256 11.180 11.120 11.078 11.054 11.047 11.057 11.049 11.051 11.065 11.089 11.123 11.168 11.223 11.289 11.366 11.453 11.551 11.659 11.570 11.457 11.332 11.198 11.052 10.896 10.729 10.552 10.364 10.165 9.956 9.736 9.434 9.125 8.811 8.490 8.163 7.829 7.490 7.145 6.793 6.435 6.071 5.702 5.419 5.127 4.826 4.517 4.199 3.873 3.538 3.195 2.843 2.483 2.114 1.743 1.598 1.461 1.331 1.208 1.093 0.986 0.886 0.793 0.708 0.630 0.560 0.529 0.698 0.864 1.029 1.191 1.351 1.509 1.665 1.819
11.012 10.997 10.999 11.018 11.055 11.109 11.181 11.215 11.255 11.305 11.366 11.437 11.519 11.611 11.714 11.828 11.952 12.086 12.231 12.131 11.970 11.798 11.615 11.422 11.218 11.003 10.778 10.542 10.296 10.038 9.771 9.447 9.111 8.769 8.421 8.066 7.705 7.338 6.965 6.586 6.201 5.810 5.412 5.081 4.751 4.412 4.065 3.709 3.345 2.972 2.591 2.201 1.803 1.396 0.980 0.842 0.738 0.684 0.672 0.661 0.650 0.640 0.630 0.620 0.611 0.602 0.594 0.741 0.899 1.054 1.207 1.357 1.506 1.653 1.797
10.752 10.798 10.861 10.942 11.040 11.155 11.288 11.372 11.448 11.535 11.633 11.741 11.859 11.989 12.128 12.279 12.440 12.611 12.793 12.703 12.494 12.274 12.044 11.803 11.551 11.289 11.016 10.732 10.438 10.133 9.817 9.468 9.104 8.734 8.358 7.976 7.588 7.194 6.793 6.386 5.974 5.555 5.130 4.753 4.385 4.008 3.623 3.229 2.847 2.486 2.136 1.795 1.464 1.143 0.832 0.761 0.750 0.740 0.730 0.721 0.712 0.703 0.695 0.687 0.679 0.672 0.666 0.787 0.935 1.081 1.224 1.366 1.505 1.643 1.778
10.476 10.583 10.707 10.849 11.008 11.185 11.379 11.518 11.631 11.755 11.890 12.035 12.190 12.356 12.533 12.720 12.917 13.125 13.344 13.287 13.030 12.762 12.484 12.195 11.896 11.586 11.265 10.934 10.592 10.239 9.876 9.495 9.104 8.707 8.303 7.894 7.478 7.056 6.628 6.169 5.700 5.239 4.785 4.386 4.020 3.664 3.318 2.982 2.655 2.338 2.032 1.735 1.447 1.170 0.902 0.813 0.804 0.796 0.788 0.780 0.773 0.766 0.759 0.753 0.747 0.742 0.737 0.835 0.973 1.110 1.244 1.377 1.507 1.635 1.761
10.184 10.352 10.538 10.740 10.961 11.198 11.453 11.655 11.805 11.965 12.137 12.318 12.511 12.713 12.927 13.151 13.385 13.630 13.885 13.882 13.577 13.262 12.936 12.599 12.252 11.894 11.526 11.147 10.757 10.357 9.877 9.368 8.870 8.380 7.899 7.425 6.959 6.501 6.052 5.610 5.176 4.750 4.333 3.965 3.643 3.331 3.029 2.736 2.453 2.180 1.917 1.664 1.421 1.187 0.963 0.865 0.858 0.851 0.845 0.839 0.833 0.828 0.823 0.819 0.815 0.811 0.808 0.885 1.014 1.141 1.266 1.389 1.510 1.629 1.746
9.876 10.105 10.352 10.616 10.897 11.195 11.511 11.781 11.968 12.166 12.374 12.592 12.821 13.061 13.311 13.571 13.842 14.124 14.416 14.488 14.135 13.631 13.077 12.531 11.996 11.470 10.953 10.447 9.949 9.462 8.984 8.515 8.052 7.598 7.152 6.714 6.284 5.862 5.448 5.042 4.644 4.255 3.873 3.535 3.257 2.988 2.730 2.481 2.242 2.012 1.793 1.583 1.384 1.194 1.014 0.917 0.911 0.906 0.901 0.897 0.893 0.890 0.886 0.884 0.881 0.879 0.878 0.936 1.056 1.174 1.290 1.404 1.515 1.625 1.732
9.553 9.843 10.150 10.475 10.817 11.176 11.553 11.898 12.122 12.356 12.601 12.856 13.122 13.349 13.391 13.426 13.455 13.478 13.495 13.396 12.865 12.343 11.831 11.329 10.836 10.353 9.880 9.416 8.961 8.517 8.082 7.654 7.227 6.809 6.399 5.996 5.602 5.216 4.838 4.467 4.105 3.751 3.405 3.095 2.860 2.635 2.421 2.215 2.020 1.835 1.659 1.493 1.337 1.190 1.054 0.968 0.964 0.960 0.957 0.955 0.953 0.951 0.949 0.948 0.948 0.947 0.948 0.990 1.101 1.209 1.316 1.420 1.523 1.623 1.721
9.213 9.564 9.932 10.318 10.721 11.141 11.525 11.761 11.817 11.868 11.913 11.951 11.984 12.010 12.031 12.045 12.054 12.056 12.053 12.013 11.524 11.046 10.577 10.117 9.668 9.227 8.797 8.376 7.964 7.563 7.170 6.785 6.395 6.012 5.637 5.271 4.912 4.562 4.219 3.885 3.558 3.239 2.929 2.645 2.454 2.273 2.102 1.940 1.788 1.647 1.514 1.392 1.280 1.177 1.084 1.018 1.016 1.014 1.013 1.012 1.012 1.012 1.012 1.013 1.014 1.015 1.017 1.046 1.147 1.246 1.344 1.439 1.532 1.623 1.712
8.768 9.076 9.366 9.638 9.894 10.132 10.352 10.554 10.589 10.619 10.643 10.661 10.673 10.679 10.678 10.672 10.660 10.642 10.617 10.610 10.175 9.740 9.314 8.897 8.490 8.093 7.705 7.327 6.958 6.599 6.250 5.909 5.554 5.208 4.869 4.538 4.215 3.900 3.593 3.294 3.003 2.720 2.445 2.185 2.038 1.901 1.773 1.655 1.547 1.449 1.360 1.281 1.213 1.153 1.104 1.068 1.068 1.068 1.068 1.069 1.070 1.072 1.074 1.076 1.079 1.082 1.086 1.103 1.195 1.286 1.374 1.460 1.544 1.625 1.705
7.975 8.222 8.452 8.664 8.859 9.037 9.197 9.340 9.369 9.378 9.381 9.378 9.369 9.354 9.333 9.306 9.274 9.235 9.190 9.161 8.818 8.425 8.042 7.668 7.304 6.949 6.604 6.269 5.943 5.627 5.320 5.023 4.707 4.396 4.092 3.797 3.510 3.230 2.959 2.696 2.440 2.193 1.954 1.722 1.612 1.518 1.434 1.360 1.296 1.241 1.196 1.161 1.135 1.120 1.114 1.118 1.119 1.121 1.123 1.126 1.128 1.132 1.135 1.139 1.144 1.149 1.156 1.170 1.258 1.342 1.424 1.504 1.580 1.654 1.726
7.200 7.387 7.556 7.708 7.842 7.960 8.060 8.142 8.155 8.144 8.126 8.102 8.073 8.037 7.996 7.948 7.894 7.835 7.769 7.720 7.451 7.101 6.761 6.430 6.108 5.797 5.494 5.202 4.919 4.645 4.381 4.127 3.852 3.576 3.308 3.049 2.797 2.553 2.318 2.090 1.870 1.658 1.454 1.259 1.177 1.126 1.086 1.055 1.034 1.023 1.022 1.030 1.048 1.076 1.114 1.161 1.170 1.169 1.166 1.167 1.170 1.177 1.186 1.199 1.215 1.234 1.256 1.282 1.354 1.427 1.497 1.564 1.629 1.691 1.751
6.442 6.568 6.677 6.769 6.843 6.900 6.940 6.962 6.949 6.916 6.878 6.834 6.784 6.727 6.665 6.597 6.523 6.442 6.356 6.286 6.076 5.769 5.471 5.183 4.904 4.635 4.376 4.126 3.885 3.654 3.433 3.221 2.989 2.749 2.517 2.293 2.077 1.869 1.668 1.476 1.292 1.116 0.947 0.787 0.732 0.725 0.728 0.741 0.778 0.831 0.884 0.934 0.983 1.030 1.076 1.120 1.133 1.141 1.153 1.167 1.184 1.205 1.228 1.255 1.285 1.318 1.354 1.393 1.453 1.514 1.572 1.628 1.680 1.731 1.778
5.701 5.767 5.815 5.847 5.861 5.858 5.837 5.799 5.750 5.697 5.638 5.573 5.502 5.425 5.342 5.253 5.158 5.057 4.950 4.859 4.692 4.427 4.172 3.927 3.691 3.464 3.248 3.040 2.843 2.655 2.476 2.307 2.119 1.914 1.718 1.529 1.349 1.176 1.012 0.889 0.804 0.722 0.644 0.568 0.571 0.624 0.675 0.725 0.773 0.819 0.864 0.907 0.949 0.989 1.027 1.064 1.088 1.110 1.135 1.164 1.195 1.229 1.267 1.307 1.351 1.398 1.448 1.501 1.554 1.603 1.649 1.693 1.734 1.773 1.808
4.977 4.983 4.971 4.942 4.896 4.833 4.752 4.654 4.558 4.484 4.404 4.319 4.227 4.130 4.026 3.916 3.801 3.679 3.552 3.440 3.299 3.077 2.865 2.662 2.469 2.285 2.111 1.946 1.791 1.646 1.562 1.521 1.456 1.363 1.273 1.187 1.103 1.023 0.945 0.871 0.800 0.732 0.667 0.606 0.597 0.643 0.687 0.729 0.770 0.809 0.847 0.882 0.917 0.949 0.980 1.009 1.040 1.076 1.115 1.157 1.202 1.251 1.302 1.357 1.414 1.475 1.539 1.606 1.658 1.695 1.729 1.761 1.791 1.817 1.841
4.270 4.216 4.144 4.055 3.949 3.825 3.685 3.526 3.373 3.278 3.178 3.072 2.960 2.841 2.717 2.587 2.451 2.309 2.161 2.028 1.897 1.813 1.799 1.779 1.754 1.722 1.685 1.642 1.593 1.539 1.478 1.412 1.338 1.259 1.183 1.110 1.041 0.974 0.911 0.850 0.793 0.739 0.688 0.640 0.625 0.663 0.700 0.735 0.769 0.800 0.831 0.859 0.886 0.911 0.935 0.957 0.989 1.039 1.092 1.148 1.207 1.269 1.334 1.403 1.474 1.549 1.627 1.708 1.764 1.789 1.812 1.832 1.849 1.864 1.876
3.581 3.466 3.335 3.185 3.019 2.835 2.634 2.416 2.195 2.080 1.959 1.832 1.699 1.574 1.619 1.670 1.727 1.791 1.862 1.937 2.003 1.969 1.930 1.884 1.832 1.775 1.712 1.643 1.569 1.488 1.402 1.310 1.217 1.152 1.090 1.031 0.975 0.922 0.873 0.826 0.782 0.742 0.705 0.671 0.654 0.685 0.715 0.743 0.769 0.794 0.816 0.838 0.857 0.875 0.892 0.906 0.935 0.998 1.065 1.135 1.208 1.284 1.363 1.446 1.531 1.620 1.711 1.806 1.873 1.886 1.897 1.905 1.911 1.914 1.914
2.909 2.734 2.542 2.333 2.106 1.863 1.624 1.488 1.355 1.386 1.427 1.475 1.529 1.590 1.657 1.730 1.811 1.897 1.990 2.088 2.189 2.132 2.067 1.995 1.918 1.835 1.746 1.651 1.550 1.444 1.332 1.213 1.093 1.042 0.993 0.948 0.906 0.867 0.831 0.798 0.769 0.742 0.718 0.698 0.686 0.710 0.732 0.752 0.771 0.788 0.804 0.818 0.830 0.841 0.850 0.857 0.877 0.954 1.035 1.119 1.206 1.296 1.389 1.485 1.584 1.687 1.793 1.901 1.984 1.986 1.985 1.981 1.975 1.966 1.954
2.343 2.200 2.060 1.923 1.788 1.656 1.527 1.399 1.275 1.305 1.369 1.439 1.516 1.599 1.689 1.785 1.888 1.997 2.113 2.233 2.357 2.302 2.210 2.113 2.010 1.900 1.786 1.665 1.538 1.406 1.268 1.124 0.974 0.928 0.894 0.862 0.834 0.809 0.787 0.767 0.752 0.739 0.729 0.722 0.719 0.735 0.750 0.763 0.775 0.785 0.793 0.800 0.805 0.808 0.810 0.810 0.816 0.907 1.002 1.100 1.200 1.304 1.411 1.521 1.635 1.751 1.870 1.993 2.098 2.088 2.075 2.059 2.041 2.021 1.997
2.190 2.056 1.925 1.797 1.671 1.547 1.427 1.308 1.193 1.219 1.305 1.398 1.497 1.603 1.715 1.834 1.959 2.091 2.229 2.372 2.518 2.478 2.360 2.237 2.108 1.973 1.832 1.685 1.533 1.375 1.211 1.041 0.865 0.811 0.791 0.773 0.758 0.747 0.739 0.733 0.731 0.732 0.736 0.743 0.753 0.763 0.770 0.776 0.781 0.783 0.784 0.784 0.781 0.778 0.772 0.765 0.756 0.857 0.966 1.077 1.192 1.310 1.431 1.555 1.682 1.812 1.945 2.098 2.268 2.298 2.337 2.386 2.444 2.511 2.587
2.035 1.910 1.788 1.668 1.551 1.437 1.325 1.215 1.108 1.126 1.235 1.351 1.473 1.601 1.736 1.877 2.025 2.179 2.340 2.505 2.674 2.660 2.516 2.367 2.212 2.051 1.885 1.712 1.534 1.350 1.160 0.964 0.763 0.692 0.685 0.681 0.680 0.682 0.687 0.696 0.707 0.722 0.740 0.761 0.784 0.792 0.792 0.791 0.788 0.783 0.777 0.769 0.760 0.749 0.736 0.721 0.705 0.804 0.946 1.118 1.291 1.465 1.640 1.816 1.993 2.171 2.349 2.529 2.710 2.788 2.868 2.958 3.057 3.164 3.282
1.878 1.762 1.648 1.538 1.429 1.324 1.220 1.120 1.022 1.028 1.160 1.298 1.442 1.593 1.750 1.914 2.084 2.261 2.444 2.632 2.824 2.848 2.679 2.504 2.323 2.136 1.944 1.746 1.541 1.332 1.116 0.894 0.667 0.568 0.575 0.585 0.598 0.614 0.633 0.655 0.680 0.709 0.740 0.775 0.812 0.823 0.816 0.807 0.797 0.796 0.814 0.836 0.864 0.896 0.933 0.975 1.021 1.163 1.338 1.515 1.692 1.870 2.049 2.229 2.410 2.592 2.775 2.959 3.143 3.269 3.390 3.520 3.660 3.808 3.966
1.718 1.611 1.507 1.405 1.305 1.208 1.114 1.022 0.933 0.924 1.078 1.239 1.405 1.579 1.759 1.945 2.138 2.337 2.543 2.754 2.968 3.043 2.848 2.647 2.440 2.228 2.009 1.785 1.555 1.320 1.078 0.831 0.578 0.442 0.462 0.486 0.513 0.542 0.575 0.611 0.661 0.726 0.787 0.845 0.898 0.930 0.951 0.975 1.005 1.039 1.078 1.122 1.170 1.224 1.282 1.344 1.412 1.549 1.729 1.909 2.091 2.273 2.456 2.641 2.826 3.012 3.199 3.387 3.576 3.740 3.902 4.072 4.253 4.442 4.641
1.557 1.459 1.363 1.270 1.179 1.091 1.005 0.922 0.842 0.814 0.991 1.174 1.363 1.559 1.761 1.970 2.186 2.407 2.635 2.869 3.106 3.244 3.023 2.796 2.564 2.326 2.081 1.832 1.576 1.314 1.047 0.791 0.564 0.438 0.513 0.585 0.652 0.716 0.775 0.831 0.882 0.930 0.974 1.014 1.050 1.085 1.126 1.172 1.222 1.277 1.337 1.402 1.472 1.546 1.625 1.708 1.796 1.935 2.118 2.303 2.488 2.675 2.862 3.051 3.240 3.430 3.621 3.813 4.006 4.201 4.403 4.615 4.836 5.066 5.305
1.393 1.304 1.217 1.133 1.051 0.972 0.895 0.820 0.749 0.698 0.898 1.103 1.315 1.533 1.758 1.990 2.227 2.471 2.722 2.978 3.238 3.452 3.202 2.952 2.706 2.466 2.231 2.001 1.777 1.558 1.344 1.136 0.933 0.785 0.843 0.897 0.947 0.993 1.035 1.073 1.108 1.138 1.165 1.187 1.206 1.234 1.296 1.363 1.434 1.510 1.591 1.677 1.767 1.862 1.962 2.067 2.176 2.318 2.506 2.695 2.884 3.075 3.266 3.459 3.652 3.847 4.042 4.238 4.435 4.652 4.895 5.148 5.409 5.680 5.960
1.228 1.147 1.069 0.993 0.920 0.850 0.782 0.716 0.653 0.593 0.799 1.027 1.261 1.502 1.750 2.010 2.268 2.526 2.784 3.041 3.296 3.552 3.331 3.103 2.881 2.664 2.453 2.247 2.046 1.850 1.659 1.474 1.294 1.136 1.177 1.213 1.246 1.274 1.299 1.320 1.337 1.350 1.359 1.364 1.366 1.378 1.461 1.549 1.641 1.738 1.840 1.946 2.058 2.174 2.294 2.420 2.550 2.700 2.892 3.085 3.279 3.474 3.669 3.866 4.063 4.262 4.461 4.662 4.863 5.094 5.378 5.671 5.973 6.284 6.605
1.060 0.988 0.919 0.852 0.788 0.726 0.667 0.616 0.588 0.564 0.771 1.030 1.289 1.548 1.806 2.063 2.320 2.576 2.831 3.086 3.340 3.593 3.453 3.249 3.050 2.857 2.669 2.486 2.308 2.136 1.968 1.807 1.650 1.499 1.514 1.533 1.548 1.560 1.567 1.571 1.570 1.566 1.558 1.546 1.529 1.517 1.621 1.729 1.843 1.961 2.083 2.211 2.343 2.480 2.621 2.768 2.919 3.081 3.277 3.474 3.672 3.871 4.071 4.271 4.473 4.676 4.879 5.084 5.289 5.526 5.850 6.184 6.527 6.879 7.240
0.897 0.858 0.823 0.790 0.761 0.735 0.712 0.692 0.675 0.662 0.835 1.092 1.349 1.606 1.862 2.117 2.372 2.626 2.879 3.132 3.384 3.635 3.570 3.389 3.213 3.043 2.878 2.719 2.564 2.415 2.271 2.133 1.999 1.871 1.855 1.857 1.855 1.849 1.839 1.825 1.807 1.786 1.760 1.731 1.697 1.660 1.775 1.905 2.039 2.178 2.321 2.470 2.623 2.781 2.943 3.110 3.282 3.460 3.660 3.861 4.063 4.266 4.470 4.675 4.881 5.088 5.296 5.504 5.714 5.948 6.313 6.687 7.071 7.463 7.865
0.894 0.866 0.842 0.820 0.802 0.787 0.775 0.766 0.760 0.757 0.899 1.154 1.409 1.664 1.918 2.171 2.424 2.676 2.928 3.178 3.428 3.678 3.680 3.522 3.370 3.223 3.082 2.945 2.814 2.689 2.568 2.453 2.343 2.238 2.200 2.185 2.165 2.142 2.114 2.083 2.048 2.009 1.966 1.920 1.869 1.814 1.925 2.075 2.230 2.390 2.554 2.723 2.897 3.076 3.259 3.447 3.640 3.838 4.042 4.247 4.453 4.660 4.869 5.078 5.288 5.499 5.710 5.923 6.137 6.344 6.691 7.022 7.337 7.636 7.919
0.889 0.872 0.858 0.847 0.840 0.835 0.834 0.836 0.841 0.849 0.963 1.217 1.470 1.723 1.974 2.226 2.477 2.727 2.976 3.225 3.473 3.720 3.784 3.650 3.521 3.398 3.279 3.166 3.058 2.956 2.859 2.766 2.680 2.598 2.549 2.516 2.479 2.438 2.394 2.345 2.293 2.237 2.177 2.112 2.044 1.973 2.069 2.240 2.416 2.596 2.782 2.972 3.167 3.366 3.570 3.779 3.993 4.211 4.422 4.631 4.850 5.075 5.286 5.485 5.671 5.844 6.003 6.150 6.283 6.404 6.669 6.929 7.172 7.400 7.611
0.880 0.874 0.871 0.871 0.875 0.881 0.891 0.903 0.919 0.938 1.028 1.280 1.531 1.782 2.031 2.281 2.530 2.778 3.025 3.272 3.518 3.764 3.882 3.772 3.666 3.566 3.471 3.381 3.296 3.217 3.143 3.074 3.011 2.952 2.901 2.851 2.797 2.739 2.677 2.611 2.542 2.468 2.391 2.309 2.224 2.135 2.208 2.400 2.596 2.798 3.004 3.226 3.478 3.738 4.005 4.278 4.559 4.846 5.077 5.270 5.450 5.617 5.771 5.913 6.040 6.155 6.257 6.346 6.422 6.484 6.662 6.851 7.023 7.180 7.320
0.868 0.873 0.881 0.892 0.907 0.924 0.944 0.968 0.995 1.025 1.093 1.343 1.592 1.841 2.089 2.336 2.583 2.829 3.075 3.320 3.564 3.807 3.975 3.887 3.805 3.728 3.656 3.589 3.528 3.472 3.421 3.376 3.335 3.300 3.258 3.190 3.119 3.044 2.964 2.881 2.794 2.703 2.615 2.544 2.470 2.395 2.468 2.717 2.973 3.235 3.505 3.782 4.065 4.356 4.653 4.957 5.269 5.587 5.805 5.941 6.063 6.173 6.269 6.352 6.423 6.480 6.524 6.555 6.573 6.578 6.671 6.789 6.890 6.976 7.045
0.854 0.870 0.889 0.910 0.936 0.964 0.995 1.030 1.067 1.108 1.159 1.407 1.654 1.901 2.147 2.392 2.637 2.881 3.125 3.368 3.610 3.851 4.061 3.997 3.937 3.884 3.835 3.792 3.754 3.721 3.693 3.671 3.654 3.650 3.640 3.576 3.509 3.441 3.370 3.298 3.223 3.147 3.069 2.988 2.906 2.822 2.862 3.142 3.428 3.722 4.022 4.329 4.644 4.965 5.293 5.628 5.970 6.319 6.546 6.624 6.689 6.741 6.779 6.805 6.817 6.817 6.803 6.777 6.737 6.684 6.696 6.743 6.773 6.788 6.787
