DATA/SHG/ECMWF/20170628/EN-1/20170707.en-1.asc
ncols        190
nrows        64
xllcorner    -5100000.000000000000
yllcorner    4130000.000000000000
cellsize     10000.000000000000
NODATA_value  -99999.000
[rows 0 to 32 of 64, columns 0 to 74 of 190]
0.022 0.021 0.020 0.019 0.018 0.017 0.016 0.014 0.013 0.011 0.009 0.007 0.005 0.004 0.003 0.002 0.001 0.000 0.000 0.001 0.001 0.003 0.007 0.011 0.016 0.022 0.029 0.037 0.046 0.056 0.067 0.079 0.092 0.116 0.150 0.187 0.226 0.267 0.311 0.357 0.405 0.456 0.510 0.565 0.624 0.837 1.201 1.589 1.999 2.432 2.887 3.366 3.867 4.390 4.937 5.506 6.098 6.367 6.222 6.061 5.884 5.691 5.483 5.259 5.020 4.764 4.493 4.206 3.904 3.806 4.068 4.336 4.612 4.896 5.187
0.014 0.013 0.012 0.011 0.010 0.008 0.007 0.005 0.004 0.002 0.001 0.000 0.001 0.002 0.002 0.003 0.004 0.005 0.005 0.006 0.007 0.011 0.017 0.025 0.033 0.043 0.053 0.065 0.077 0.090 0.105 0.120 0.136 0.164 0.207 0.252 0.299 0.349 0.401 0.456 0.513 0.572 0.634 0.698 0.765 0.975 1.420 1.887 2.377 2.890 3.425 3.984 4.564 5.168 5.794 6.443 7.114 7.522 7.322 7.105 6.873 6.625 6.361 6.082 5.787 5.476 5.149 4.807 4.449 4.241 4.528 4.823 5.126 5.436 5.754
0.007 0.005 0.004 0.003 0.002 0.002 0.002 0.003 0.003 0.004 0.005 0.006 0.006 0.007 0.008 0.009 0.010 0.010 0.011 0.012 0.013 0.017 0.027 0.038 0.050 0.063 0.076 0.091 0.107 0.124 0.141 0.160 0.180 0.209 0.260 0.314 0.370 0.428 0.489 0.552 0.618 0.686 0.756 0.829 0.904 1.091 1.615 2.163 2.732 3.325 3.940 4.578 5.239 5.922 6.628 7.356 8.107 8.691 8.435 8.163 7.875 7.572 7.253 6.918 6.568 6.202 5.820 5.422 4.990 4.641 4.924 5.203 5.478 5.749 6.016
0.003 0.004 0.004 0.004 0.005 0.006 0.006 0.007 0.009 0.010 0.011 0.011 0.012 0.013 0.014 0.014 0.015 0.016 0.017 0.018 0.018 0.022 0.035 0.050 0.065 0.081 0.099 0.117 0.136 0.156 0.177 0.199 0.222 0.252 0.312 0.374 0.438 0.505 0.574 0.646 0.720 0.796 0.875 0.956 1.040 1.183 1.788 2.415 3.064 3.736 4.431 5.149 5.889 6.652 7.437 8.246 9.076 9.874 9.562 9.235 8.885 8.444 8.005 7.567 7.132 6.698 6.266 5.836 5.407 4.981 5.238 5.503 5.763 6.020 6.273
0.005 0.005 0.006 0.007 0.008 0.009 0.011 0.012 0.014 0.015 0.016 0.017 0.018 0.018 0.019 0.020 0.021 0.022 0.022 0.023 0.024 0.026 0.043 0.061 0.079 0.099 0.120 0.141 0.164 0.187 0.212 0.237 0.263 0.292 0.360 0.431 0.504 0.579 0.657 0.737 0.819 0.904 0.992 1.082 1.174 1.268 1.937 2.644 3.373 4.125 4.899 5.696 6.516 7.352 8.162 8.950 9.717 10.463 10.127 9.688 9.252 8.817 8.384 7.952 7.523 7.095 6.669 6.245 5.822 5.401 5.555 5.805 6.052 6.294 6.532
0.006 0.007 0.008 0.009 0.011 0.013 0.015 0.017 0.019 0.021 0.022 0.023 0.023 0.024 0.025 0.026 0.026 0.027 0.028 0.029 0.030 0.030 0.050 0.071 0.093 0.116 0.140 0.165 0.191 0.217 0.245 0.274 0.304 0.334 0.406 0.485 0.567 0.650 0.737 0.825 0.916 1.010 1.106 1.204 1.305 1.408 2.115 2.999 3.862 4.704 5.524 6.323 7.101 7.857 8.592 9.305 9.997 10.668 10.479 10.047 9.616 9.187 8.760 8.335 7.911 7.490 7.070 6.651 6.235 5.820 5.875 6.111 6.344 6.572 6.796
0.006 0.008 0.010 0.012 0.014 0.016 0.018 0.021 0.024 0.026 0.027 0.028 0.029 0.030 0.031 0.031 0.032 0.033 0.034 0.034 0.035 0.036 0.055 0.080 0.105 0.131 0.159 0.187 0.216 0.247 0.278 0.310 0.343 0.377 0.450 0.537 0.627 0.719 0.814 1.004 1.261 1.516 1.770 2.021 2.270 2.516 3.165 3.975 4.763 5.529 6.275 6.999 7.701 8.382 9.042 9.681 10.298 10.893 10.830 10.404 9.979 9.556 9.135 8.716 8.298 7.882 7.468 7.056 6.645 6.237 6.199 6.421 6.639 6.852 7.062
0.007 0.009 0.012 0.014 0.017 0.019 0.022 0.025 0.028 0.032 0.033 0.034 0.035 0.035 0.036 0.037 0.038 0.038 0.039 0.040 0.041 0.042 0.060 0.087 0.116 0.146 0.177 0.208 0.241 0.275 0.309 0.345 0.509 0.722 0.966 1.227 1.485 1.741 1.995 2.247 2.497 2.745 2.990 3.233 3.475 3.714 4.236 4.970 5.683 6.375 7.045 7.694 8.322 8.928 9.513 10.076 10.618 11.139 11.178 10.758 10.339 9.923 9.507 9.094 8.682 8.273 7.865 7.458 7.054 6.651 6.526 6.734 6.937 7.137 7.332
0.008 0.010 0.013 0.016 0.019 0.022 0.026 0.029 0.033 0.037 0.039 0.039 0.040 0.041 0.042 0.043 0.043 0.044 0.045 0.046 0.046 0.047 0.063 0.094 0.127 0.300 0.490 0.687 0.890 1.099 1.315 1.537 1.766 2.002 2.248 2.501 2.752 3.000 3.247 3.491 3.733 3.973 4.211 4.447 4.680 4.912 5.325 5.985 6.623 7.240 7.835 8.409 8.962 9.493 10.003 10.492 10.959 11.405 11.525 11.110 10.698 10.287 9.878 9.470 9.065 8.661 8.259 7.859 7.460 7.063 6.856 7.050 7.239 7.424 7.605
0.008 0.011 0.015 0.018 0.022 0.025 0.029 0.033 0.037 0.041 0.044 0.045 0.046 0.047 0.047 0.048 0.049 0.062 0.174 0.303 0.448 0.611 0.792 0.985 1.185 1.391 1.603 1.822 2.048 2.280 2.518 2.763 3.015 3.273 3.531 3.776 4.019 4.260 4.498 4.735 4.969 5.202 5.432 5.660 5.886 6.110 6.435 7.019 7.583 8.124 8.645 9.144 9.622 10.079 10.514 10.928 11.321 11.692 11.869 11.461 11.054 10.649 10.246 9.845 9.445 9.047 8.651 8.257 7.864 7.473 7.190 7.369 7.544 7.715 7.882
0.008 0.012 0.016 0.020 0.024 0.028 0.032 0.037 0.041 0.046 0.063 0.116 0.185 0.272 0.375 0.496 0.633 0.788 0.959 1.147 1.352 1.574 1.806 2.022 2.244 2.473 2.708 2.949 3.198 3.452 3.713 3.981 4.255 4.535 4.813 5.051 5.286 5.519 5.750 5.979 6.206 6.431 6.653 6.874 7.092 7.308 7.564 8.073 8.562 9.029 9.475 9.899 10.302 10.684 11.045 11.384 11.702 11.999 12.211 11.809 11.408 11.009 10.612 10.217 9.823 9.431 9.041 8.653 8.266 7.881 7.527 7.692 7.853 8.009 8.130
0.009 0.013 0.017 0.040 0.080 0.121 0.164 0.208 0.253 0.299 0.352 0.464 0.594 0.740 0.903 1.083 1.280 1.493 1.724 1.972 2.236 2.518 2.811 3.050 3.295 3.546 3.804 4.068 4.339 4.616 4.900 5.190 5.486 5.789 6.096 6.326 6.554 6.779 7.003 7.224 7.443 7.660 7.875 8.088 8.299 8.507 8.714 9.147 9.561 9.953 10.324 10.674 11.002 11.310 11.595 11.860 12.103 12.326 12.526 12.155 11.760 11.367 10.976 10.587 10.199 9.813 9.429 9.026 8.586 8.120 7.627 7.659 7.738 7.817 7.896
0.166 0.207 0.249 0.292 0.336 0.382 0.429 0.477 0.526 0.576 0.627 0.794 0.983 1.189 1.411 1.651 1.907 2.180 2.471 2.778 3.102 3.442 3.800 4.070 4.337 4.611 4.891 5.178 5.472 5.771 6.077 6.390 6.709 7.035 7.367 7.602 7.822 8.039 8.255 8.469 8.680 8.890 9.097 9.302 9.506 9.706 9.905 10.240 10.579 10.897 11.193 11.469 11.722 11.955 12.166 12.356 12.525 12.673 12.799 12.499 12.157 11.811 11.438 11.039 10.612 10.159 9.680 9.173 8.640 8.080 7.493 7.426 7.505 7.584 7.663
0.404 0.449 0.496 0.543 0.591 0.641 0.692 0.744 0.797 0.851 0.907 1.105 1.354 1.619 1.901 2.200 2.515 2.848 3.198 3.564 3.947 4.348 4.765 5.081 5.371 5.668 5.971 6.280 6.596 6.918 7.247 7.582 7.924 8.272 8.626 8.877 9.090 9.300 9.508 9.714 9.918 10.120 10.320 10.517 10.713 10.906 11.097 11.353 11.618 11.861 12.082 12.283 12.462 12.638 12.821 13.008 13.201 13.399 13.601 13.399 12.986 12.546 12.080 11.586 11.066 10.520 9.946 9.346 8.719 8.065 7.384 7.194 7.273 7.351 7.430
0.641 0.690 0.740 0.792 0.845 0.898 0.953 1.009 1.067 1.125 1.185 1.398 1.705 2.030 2.371 2.730 3.105 3.497 3.906 4.331 4.774 5.234 5.710 6.085 6.397 6.716 7.042 7.373 7.712 8.057 8.408 8.765 9.130 9.500 9.877 10.153 10.358 10.561 10.761 10.960 11.156 11.350 11.542 11.732 11.920 12.106 12.220 12.367 12.537 12.712 12.891 13.076 13.266 13.461 13.661 13.867 14.077 14.292 14.513 14.348 13.841 13.307 12.747 12.160 11.546 10.905 10.238 9.544 8.823 8.076 7.301 6.962 7.041 7.119 7.197
0.876 0.929 0.984 1.039 1.096 1.154 1.213 1.273 1.335 1.397 1.461 1.671 2.038 2.422 2.823 3.241 3.675 4.126 4.595 5.080 5.582 6.100 6.636 7.080 7.415 7.756 8.104 8.459 8.819 9.187 9.560 9.940 10.327 10.720 11.119 11.430 11.627 11.822 11.997 12.073 12.159 12.257 12.365 12.484 12.615 12.756 12.907 13.078 13.265 13.458 13.655 13.858 14.065 14.278 14.496 14.719 14.947 15.180 15.418 15.321 14.720 14.093 13.439 12.758 12.050 11.316 10.555 9.767 8.953 8.112 7.244 6.731 6.809 6.887 6.965
1.110 1.167 1.225 1.285 1.346 1.408 1.471 1.535 1.601 1.668 1.735 1.926 2.353 2.796 3.256 3.733 4.227 4.737 5.265 5.809 6.370 6.948 7.543 8.066 8.424 8.788 9.158 9.535 9.919 10.308 10.704 11.063 11.327 11.598 11.875 12.092 12.173 12.265 12.368 12.482 12.606 12.742 12.888 13.045 13.214 13.393 13.582 13.782 13.987 14.198 14.413 14.633 14.858 15.089 15.324 15.565 15.810 16.061 16.317 16.319 15.624 14.903 14.155 13.381 12.580 11.752 10.897 10.016 9.108 8.174 7.212 6.500 6.577 6.655 6.733
1.341 1.403 1.465 1.529 1.594 1.660 1.727 1.796 1.865 1.936 2.008 2.163 2.648 3.151 3.670 4.206 4.759 5.329 5.916 6.519 7.139 7.776 8.430 9.045 9.357 9.599 9.847 10.101 10.362 10.630 10.904 11.184 11.471 11.764 12.064 12.336 12.456 12.586 12.727 12.879 13.041 13.215 13.399 13.595 13.801 14.018 14.246 14.481 14.704 14.931 15.164 15.402 15.645 15.893 16.146 16.404 16.668 16.936 17.209 17.341 16.553 15.739 14.897 14.029 13.134 12.213 11.265 10.290 9.289 8.261 7.206 6.269 6.346 6.424 6.501
1.572 1.637 1.704 1.772 1.841 1.911 1.982 2.055 2.128 2.203 2.279 2.380 2.925 3.487 4.065 4.661 5.273 5.878 6.457 7.017 7.557 8.078 8.580 9.054 9.312 9.576 9.847 10.124 10.408 10.698 10.995 11.298 11.607 11.923 12.246 12.570 12.727 12.895 13.074 13.264 13.465 13.676 13.899 14.132 14.376 14.631 14.897 15.173 15.414 15.659 15.909 16.165 16.426 16.691 16.962 17.238 17.519 17.805 18.096 18.389 17.507 16.599 15.664 14.702 13.714 12.699 11.658 10.590 9.495 8.374 7.226 6.051 6.116 6.193 6.270
1.800 1.870 1.940 2.012 2.085 2.160 2.235 2.312 2.390 2.469 2.611 2.762 3.341 3.949 4.537 5.106 5.656 6.187 6.698 7.190 7.663 8.117 8.551 8.966 9.260 9.547 9.841 10.141 10.447 10.760 11.079 11.405 11.737 12.076 12.421 12.772 12.987 13.193 13.410 13.638 13.877 14.126 14.387 14.658 14.940 15.233 15.537 15.851 16.117 16.380 16.649 16.922 17.200 17.483 17.772 18.065 18.364 18.667 18.976 19.289 18.486 17.484 16.456 15.401 14.319 13.211 12.076 10.915 9.727 8.512 7.271 6.003 5.885 5.963 6.028
2.027 2.101 2.175 2.356 2.529 2.697 2.857 3.011 3.158 3.298 3.432 3.559 4.008 4.548 5.069 5.570 6.053 6.516 6.960 7.384 7.789 8.175 8.542 8.890 9.202 9.511 9.828 10.150 10.479 10.815 11.157 11.505 11.860 12.221 12.589 12.963 13.235 13.479 13.734 14.000 14.277 14.564 14.863 15.172 15.492 15.823 16.164 16.517 16.815 17.096 17.382 17.672 17.968 18.269 18.575 18.886 19.202 19.523 19.850 20.181 19.489 18.394 17.272 16.124 14.949 13.747 12.519 11.198 9.788 8.415 7.079 5.781 5.450 5.476 5.498
2.858 3.028 3.192 3.349 3.499 3.642 3.779 3.909 4.032 4.149 4.259 4.362 4.694 5.167 5.620 6.054 6.469 6.865 7.241 7.598 7.936 8.254 8.553 8.834 9.136 9.469 9.808 10.153 10.505 10.863 11.228 11.599 11.976 12.360 12.750 13.147 13.472 13.754 14.047 14.351 14.665 14.991 15.327 15.674 16.032 16.401 16.780 17.171 17.507 17.805 18.109 18.417 18.730 19.049 19.373 19.701 20.035 20.373 20.717 21.066 20.316 18.774 17.270 15.804 14.374 12.982 11.627 10.309 9.029 7.786 6.580 5.411 4.953 4.965 4.972
3.928 4.075 4.214 4.347 4.474 4.594 4.707 4.813 4.912 5.005 5.092 5.171 5.401 5.806 6.191 6.558 6.905 7.233 7.542 7.832 8.102 8.353 8.585 8.798 9.064 9.419 9.781 10.149 10.523 10.904 11.291 11.685 12.085 12.492 12.905 13.324 13.697 14.017 14.348 14.690 15.042 15.406 15.780 16.165 16.561 16.967 17.385 17.813 18.193 18.509 18.830 19.156 19.487 19.586 19.537 19.482 19.419 19.350 19.273 19.190 18.484 17.073 15.699 14.362 13.062 11.800 10.575 9.387 8.236 7.123 6.047 5.008 4.461 4.458 4.451
5.004 5.127 5.243 5.352 5.455 5.551 5.640 5.723 5.799 5.868 5.931 5.986 6.127 6.464 6.782 7.081 7.361 7.622 7.863 8.085 8.288 8.472 8.637 8.782 8.986 9.363 9.747 10.138 10.535 10.938 11.348 11.765 12.187 12.616 13.052 13.494 13.911 14.269 14.638 15.017 15.408 15.809 16.221 16.644 17.077 17.522 17.732 17.850 17.913 17.875 17.830 17.779 17.720 17.654 17.582 17.502 17.416 17.323 17.222 17.115 16.620 15.338 14.094 12.887 11.717 10.584 9.489 8.431 7.410 6.426 5.479 4.570 3.973 3.956 3.935
6.086 6.185 6.277 6.363 6.442 6.514 6.580 6.639 6.691 6.737 6.776 6.808 6.872 7.142 7.393 7.625 7.837 8.030 8.204 8.359 8.495 8.611 8.708 8.786 8.900 9.300 9.707 10.120 10.540 10.966 11.398 11.837 12.282 12.734 13.192 13.657 14.114 14.509 14.916 15.119 15.281 15.431 15.569 15.694 15.807 15.906 15.994 16.068 16.110 16.049 15.980 15.904 15.822 15.732 15.636 15.533 15.422 15.305 15.181 15.050 14.722 13.570 12.456 11.378 10.338 9.335 8.369 7.441 6.549 5.695 4.878 4.098 3.490 3.458 3.423
7.183 7.249 7.318 7.380 7.435 7.484 7.526 7.561 7.590 7.612 7.627 7.635 7.637 7.840 8.023 8.188 8.333 8.459 8.565 8.653 8.721 8.770 8.800 8.811 8.808 9.231 9.660 10.096 10.538 10.987 11.442 11.899 12.187 12.467 12.742 13.009 13.268 13.425 13.569 13.701 13.820 13.926 14.020 14.102 14.171 14.227 14.271 14.302 14.317 14.232 14.139 14.039 13.933 13.820 13.700 13.572 13.438 13.297 13.149 12.994 12.791 11.769 10.784 9.836 8.925 8.052 7.216 6.416 5.654 4.930 4.242 3.591 3.011 2.965 2.916
8.407 8.319 8.364 8.402 8.434 8.459 8.477 8.489 8.494 8.492 8.484 8.469 8.447 8.557 8.673 8.770 8.848 8.907 8.946 8.966 8.968 8.950 8.912 8.856 8.759 8.998 9.302 9.600 9.891 10.175 10.453 10.724 10.988 11.247 11.498 11.743 11.982 12.109 12.209 12.297 12.373 12.436 12.486 12.524 12.550 12.562 12.563 12.550 12.525 12.424 12.307 12.184 12.054 11.917 11.772 11.621 11.464 11.299 11.127 10.948 10.763 9.934 9.079 8.260 7.479 6.735 6.028 5.358 4.726 4.130 3.572 3.051 2.566 2.477 2.413
9.642 9.395 9.416 9.431 9.439 9.440 9.435 9.423 9.405 9.379 9.347 9.309 9.263 9.294 9.343 9.373 9.383 9.336 9.185 9.014 8.821 8.608 8.373 8.118 7.842 7.967 8.248 8.523 8.791 9.053 9.308 9.556 9.798 10.034 10.263 10.485 10.701 10.807 10.864 10.909 10.941 10.960 10.967 10.961 10.943 10.912 10.869 10.813 10.745 10.625 10.485 10.338 10.184 10.023 9.855 9.680 9.498 9.310 9.114 8.912 8.702 8.066 7.340 6.651 5.999 5.385 4.807 4.267 3.763 3.297 2.868 2.476 2.121 1.993 1.915
10.888 10.476 10.474 10.465 10.450 10.428 10.399 10.363 10.321 10.272 10.156 9.970 9.789 9.639 9.499 9.338 9.155 8.952 8.729 8.484 8.218 7.932 7.625 7.297 6.948 6.943 7.202 7.454 7.700 7.939 8.171 8.397 8.617 8.830 9.036 9.236 9.429 9.520 9.533 9.534 9.523 9.499 9.462 9.413 9.352 9.277 9.191 9.091 8.980 8.836 8.672 8.501 8.323 8.138 7.947 7.748 7.542 7.330 7.111 6.884 6.651 6.165 5.568 5.009 4.486 4.001 3.552 3.141 2.767 2.430 2.129 1.866 1.640 1.513 1.421
12.145 11.564 11.538 11.401 11.204 11.010 10.819 10.632 10.449 10.269 10.092 9.919 9.749 9.570 9.356 9.122 8.867 8.591 8.294 7.977 7.639 7.280 6.900 6.499 6.078 5.928 6.164 6.393 6.617 6.833 7.043 7.246 7.443 7.634 7.817 7.995 8.166 8.247 8.217 8.175 8.120 8.052 7.972 7.880 7.775 7.657 7.527 7.384 7.229 7.056 6.868 6.673 6.472 6.263 6.048 5.825 5.596 5.360 5.117 4.867 4.610 4.231 3.763 3.333 2.939 2.583 2.264 1.982 1.785 1.677 1.572 1.470 1.371 1.306 1.272
12.464 11.630 11.438 11.249 11.064 10.882 10.704 10.529 10.357 10.189 10.025 9.864 9.706 9.522 9.236 8.929 8.601 8.252 7.883 7.493 7.082 6.650 6.198 5.724 5.230 4.921 5.134 5.341 5.542 5.735 5.923 6.104 6.278 6.446 6.607 6.762 6.910 6.989 6.916 6.830 6.731 6.620 6.497 6.361 6.212 6.051 5.878 5.692 5.493 5.285 5.074 4.855 4.630 4.397 4.158 3.912 3.659 3.399 3.132 2.858 2.578 2.383 2.266 2.152 2.040 1.932 1.825 1.722 1.621 1.523 1.427 1.334 1.243 1.180 1.158
12.279 11.450 11.270 11.094 10.920 10.751 10.584 10.422 10.262 10.106 9.954 9.805 9.659 9.497 9.138 8.758 8.358 7.936 7.494 7.032 6.548 6.043 5.518 4.972 4.406 3.921 4.112 4.297 4.475 4.646 4.811 4.969 5.121 5.266 5.405 5.537 5.663 5.745 5.628 5.499 5.357 5.203 5.036 4.857 4.665 4.461 4.244 4.014 3.772 3.524 3.288 3.046 2.797 2.541 2.429 2.416 2.394 2.365 2.327 2.280 2.226 2.153 2.045 1.940 1.838 1.738 1.641 1.547 1.455 1.366 1.279 1.195 1.114 1.052 1.042
12.051 11.316 11.099 10.935 10.773 10.616 10.462 10.311 10.164 10.020 9.879 9.743 9.609 9.479 9.063 8.610 8.137 7.643 7.128 6.593 6.037 5.460 4.862 4.243 3.604 2.944 3.099 3.261 3.416 3.565 3.707 3.843 3.972 4.095 4.211 4.321 4.424 4.516 4.356 4.183 3.998 3.800 3.590 3.367 3.132 2.884 2.624 2.536 2.513 2.475 2.475 2.467 2.450 2.424 2.391 2.349 2.298 2.239 2.172 2.097 2.013 1.920 1.822 1.726 1.633 1.542 1.455 1.369 1.287 1.206 1.129 1.054 0.982 0.921 0.922
