DATA/SHG/ECMWF/20170628/EN-1/20170705.en-1.asc
ncols        190
nrows        64
xllcorner    -5100000.000000000000
yllcorner    4130000.000000000000
cellsize     10000.000000000000
NODATA_value  -99999.000
[rows 0 to 32 of 64, columns 74 to 147 of 190]
2.353 2.517 2.681 2.843 3.003 3.163 3.321 3.513 3.805 4.105 4.402 4.696 4.986 5.274 5.558 5.840 6.118 6.393 6.665 6.829 6.634 6.430 6.219 6.002 5.777 5.547 5.309 5.065 4.815 4.557 4.293 4.122 4.265 4.396 4.514 4.620 4.714 4.795 4.864 4.921 4.965 4.997 5.016 4.988 4.847 4.712 4.581 4.456 4.335 4.220 4.110 4.004 3.904 3.808 3.718 3.598 3.388 3.190 3.004 2.831 2.671 2.524 2.389 2.266 2.157 2.060 1.975 1.890 1.771 1.649 1.524 1.396 1.265 1.130
2.398 2.590 2.787 2.980 3.169 3.354 3.536 3.734 4.027 4.316 4.602 4.885 5.165 5.441 5.715 5.985 6.252 6.516 6.777 6.986 6.761 6.527 6.286 6.039 5.785 5.524 5.257 4.983 4.702 4.415 4.121 3.866 3.954 4.029 4.092 4.143 4.182 4.208 4.222 4.223 4.212 4.189 4.153 4.096 3.978 3.865 3.757 3.654 3.556 3.463 3.375 3.292 3.214 3.141 3.073 2.997 2.842 2.701 2.571 2.455 2.351 2.260 2.181 2.115 2.062 2.021 1.993 1.959 1.826 1.690 1.551 1.409 1.264 1.115
2.733 2.920 3.104 3.283 3.459 3.631 3.799 3.970 4.251 4.529 4.804 5.076 5.345 5.611 5.873 6.133 6.389 6.643 6.893 7.140 6.896 6.632 6.361 6.084 5.800 5.509 5.212 4.908 4.598 4.281 3.957 3.626 3.656 3.677 3.685 3.680 3.664 3.635 3.593 3.539 3.473 3.395 3.304 3.201 3.105 3.015 2.929 2.849 2.773 2.703 2.637 2.577 2.521 2.470 2.425 2.383 2.285 2.199 2.126 2.066 2.019 1.984 1.961 1.951 1.954 1.969 1.997 2.037 1.908 1.777 1.645 1.513 1.380 1.245
3.080 3.254 3.424 3.590 3.753 3.911 4.066 4.217 4.478 4.745 5.009 5.270 5.528 5.783 6.035 6.283 6.529 6.771 7.010 7.246 7.038 6.744 6.443 6.136 5.822 5.502 5.175 4.841 4.501 4.154 3.800 3.440 3.373 3.338 3.291 3.231 3.160 3.075 2.979 2.870 2.749 2.615 2.470 2.311 2.228 2.160 2.097 2.039 1.986 1.938 1.895 1.857 1.823 1.795 1.772 1.754 1.715 1.686 1.743 1.860 1.962 2.049 2.119 2.175 2.214 2.239 2.247 2.240 2.114 1.980 1.844 1.707 1.570 1.432
3.430 3.590 3.747 3.900 4.049 4.195 4.336 4.474 4.707 4.963 5.217 5.467 5.714 5.958 6.199 6.436 6.671 6.902 7.131 7.356 7.187 6.863 6.533 6.196 5.852 5.502 5.145 4.782 4.412 4.035 3.652 3.261 3.103 3.013 2.911 2.797 2.670 2.531 2.379 2.215 2.039 1.850 1.649 1.436 1.347 1.302 1.261 1.225 1.195 1.251 1.388 1.540 1.710 1.895 2.097 2.315 2.435 2.514 2.578 2.626 2.659 2.676 2.677 2.663 2.633 2.588 2.527 2.450 2.322 2.183 2.043 1.903 1.761 1.618
3.783 3.930 4.074 4.213 4.349 4.481 4.609 4.734 4.939 5.184 5.427 5.666 5.902 6.135 6.365 6.592 6.816 7.036 7.254 7.468 7.344 6.990 6.630 6.263 5.890 5.510 5.123 4.730 4.330 3.924 3.510 3.090 2.848 2.703 2.546 2.376 2.194 2.000 1.793 1.574 1.400 1.262 1.124 0.986 1.013 1.141 1.285 1.446 1.622 1.815 2.024 2.249 2.491 2.749 3.023 3.313 3.424 3.434 3.428 3.407 3.370 3.317 3.249 3.166 3.067 2.952 2.822 2.676 2.530 2.387 2.243 2.098 1.953 1.806
4.139 4.273 4.403 4.529 4.652 4.770 4.885 4.996 5.173 5.408 5.639 5.868 6.093 6.315 6.534 6.750 6.963 7.173 7.379 7.583 7.508 7.125 6.735 6.338 5.935 5.525 5.109 4.686 4.256 3.820 3.377 2.950 2.680 2.541 2.403 2.264 2.126 1.988 1.849 1.711 1.573 1.436 1.298 1.160 1.198 1.398 1.614 1.847 2.096 2.361 2.643 2.940 3.254 3.584 3.931 4.293 4.428 4.368 4.293 4.202 4.096 3.974 3.837 3.684 3.516 3.332 3.132 2.917 2.739 2.592 2.444 2.295 2.145 1.994
4.498 4.618 4.735 4.848 4.957 5.063 5.164 5.262 5.410 5.633 5.854 6.072 6.286 6.497 6.706 6.911 7.113 7.311 7.507 7.700 7.679 7.266 6.799 6.325 5.867 5.425 4.999 4.588 4.194 3.816 3.454 3.108 2.849 2.711 2.573 2.435 2.297 2.159 2.021 1.884 1.746 1.609 1.472 1.335 1.365 1.637 1.926 2.231 2.552 2.890 3.244 3.613 3.999 4.402 4.820 5.255 5.446 5.317 5.173 5.013 4.837 4.646 4.439 4.217 3.979 3.726 3.458 3.173 2.948 2.797 2.645 2.492 2.338 2.183
4.860 4.967 5.071 5.170 5.266 5.358 5.447 5.531 5.649 5.862 6.071 6.278 6.482 6.682 6.855 6.932 7.004 7.073 7.138 7.199 7.150 6.716 6.297 5.894 5.507 5.137 4.782 4.443 4.120 3.813 3.522 3.247 3.018 2.880 2.743 2.605 2.468 2.330 2.193 2.056 1.919 1.782 1.645 1.509 1.514 1.859 2.220 2.597 2.991 3.400 3.826 4.268 4.727 5.201 5.692 6.199 6.479 6.281 6.067 5.838 5.593 5.332 5.057 4.765 4.458 4.136 3.798 3.445 3.158 3.003 2.847 2.690 2.532 2.373
5.225 5.319 5.409 5.495 5.578 5.657 5.732 5.766 5.738 5.823 5.905 5.984 6.058 6.129 6.196 6.260 6.320 6.376 6.428 6.476 6.488 6.125 5.778 5.446 5.131 4.831 4.547 4.280 4.028 3.792 3.572 3.369 3.187 3.050 2.912 2.775 2.638 2.501 2.365 2.228 2.091 1.955 1.819 1.683 1.646 2.063 2.496 2.946 3.411 3.893 4.391 4.906 5.436 5.982 6.545 7.124 7.527 7.259 6.976 6.677 6.363 6.034 5.689 5.328 4.952 4.561 4.154 3.731 3.369 3.209 3.049 2.888 2.726 2.563
5.540 5.502 5.462 5.418 5.372 5.323 5.271 5.216 5.160 5.233 5.302 5.367 5.429 5.487 5.542 5.592 5.639 5.682 5.722 5.758 5.801 5.517 5.241 4.981 4.737 4.508 4.296 4.099 3.919 3.754 3.605 3.473 3.355 3.218 3.082 2.945 2.808 2.672 2.536 2.399 2.263 2.127 1.992 1.856 1.760 2.250 2.755 3.277 3.814 4.368 4.938 5.525 6.127 6.746 7.380 8.031 8.589 8.252 7.900 7.532 7.149 6.750 6.336 5.906 5.461 5.001 4.525 4.033 3.580 3.417 3.252 3.087 2.921 2.754
5.062 5.015 4.964 4.911 4.855 4.796 4.734 4.669 4.602 4.646 4.703 4.755 4.804 4.850 4.891 4.929 4.963 4.994 5.020 5.043 5.074 4.893 4.688 4.499 4.325 4.168 4.027 3.901 3.792 3.698 3.621 3.559 3.513 3.387 3.250 3.114 2.978 2.842 2.706 2.571 2.435 2.300 2.164 2.029 1.894 2.419 2.996 3.590 4.200 4.826 5.468 6.126 6.800 7.491 8.198 8.921 9.660 9.259 8.838 8.401 7.949 7.481 6.998 6.499 5.985 5.456 4.911 4.352 3.825 3.712 3.623 3.559 3.520 3.505
4.588 4.531 4.470 4.407 4.341 4.272 4.200 4.126 4.048 4.064 4.108 4.148 4.184 4.216 4.245 4.270 4.291 4.309 4.323 4.333 4.351 4.251 4.117 3.999 3.897 3.811 3.740 3.686 3.648 3.625 3.618 3.628 3.653 3.555 3.419 3.283 3.148 3.012 2.877 2.741 2.606 2.471 2.336 2.202 2.067 2.570 3.220 3.885 4.567 5.265 5.979 6.709 7.456 8.218 8.997 9.792 10.603 10.282 9.713 9.068 8.446 7.845 7.267 6.710 6.175 5.663 5.172 4.703 4.256 4.223 4.244 4.289 4.359 4.454
4.117 4.050 3.980 3.907 3.831 3.752 3.670 3.586 3.499 3.486 3.517 3.544 3.567 3.587 3.603 3.615 3.624 3.629 3.630 3.627 3.632 3.592 3.529 3.482 3.451 3.436 3.437 3.453 3.486 3.534 3.598 3.679 3.775 3.723 3.587 3.452 3.317 3.182 3.047 2.912 2.777 2.643 2.508 2.374 2.240 2.704 3.426 4.163 4.917 5.651 6.337 7.004 7.652 8.281 8.891 9.482 10.054 9.734 9.165 8.618 8.093 7.590 7.109 6.649 6.212 5.796 5.403 5.031 4.681 4.709 4.839 4.994 5.173 5.377
3.650 3.573 3.493 3.410 3.324 3.235 3.144 3.049 2.952 2.912 2.930 2.945 2.955 2.962 2.965 2.965 2.961 2.953 2.941 2.926 2.918 2.917 2.925 2.949 2.988 3.044 3.116 3.203 3.307 3.426 3.561 3.712 3.879 3.890 3.755 3.620 3.486 3.351 3.217 3.082 2.948 2.816 2.689 2.566 2.447 2.811 3.489 4.148 4.787 5.408 6.010 6.592 7.156 7.701 8.227 8.734 9.222 9.068 8.596 8.147 7.719 7.313 6.929 6.567 6.226 5.908 5.611 5.337 5.084 5.170 5.409 5.673 5.961 6.274
3.186 3.099 3.009 2.916 2.820 2.722 2.620 2.516 2.409 2.343 2.348 2.349 2.347 2.341 2.332 2.319 2.302 2.281 2.257 2.229 2.208 2.224 2.303 2.398 2.508 2.635 2.777 2.936 3.110 3.300 3.506 3.729 3.951 4.017 3.875 3.736 3.602 3.472 3.347 3.226 3.110 2.997 2.889 2.786 2.687 2.925 3.518 4.093 4.648 5.185 5.702 6.201 6.681 7.141 7.583 8.006 8.410 8.380 8.006 7.653 7.323 7.014 6.727 6.462 6.219 5.997 5.798 5.620 5.465 5.605 5.954 6.327 6.724 7.146
2.725 2.628 2.528 2.425 2.320 2.212 2.100 1.986 1.870 1.777 1.770 1.758 1.743 1.725 1.703 1.677 1.647 1.614 1.577 1.536 1.502 1.514 1.723 1.976 2.222 2.461 2.694 2.919 3.138 3.350 3.555 3.753 3.944 4.039 3.916 3.797 3.682 3.571 3.465 3.364 3.267 3.174 3.085 3.001 2.921 3.058 3.568 4.058 4.529 4.982 5.415 5.830 6.226 6.602 6.960 7.299 7.619 7.671 7.394 7.138 6.905 6.693 6.503 6.335 6.189 6.065 5.962 5.882 5.823 6.016 6.473 6.955 7.462 7.993
2.267 2.161 2.051 1.938 1.823 1.705 1.584 1.460 1.333 1.216 1.196 1.172 1.144 1.113 1.086 1.168 1.256 1.352 1.454 1.564 1.675 1.800 2.029 2.252 2.467 2.676 2.878 3.073 3.261 3.443 3.617 3.785 3.946 4.056 3.952 3.852 3.757 3.666 3.579 3.497 3.419 3.345 3.276 3.211 3.150 3.211 3.637 4.043 4.430 4.799 5.148 5.479 5.791 6.083 6.357 6.612 6.848 6.940 6.760 6.602 6.465 6.351 6.258 6.187 6.138 6.110 6.105 6.121 6.159 6.401 6.968 7.559 8.174 8.814
1.813 1.697 1.577 1.455 1.330 1.202 1.071 0.952 0.904 0.850 0.918 0.996 1.081 1.173 1.272 1.378 1.491 1.611 1.738 1.872 2.008 2.145 2.343 2.535 2.720 2.898 3.070 3.234 3.392 3.543 3.687 3.824 3.955 4.068 3.983 3.903 3.827 3.755 3.688 3.625 3.566 3.512 3.461 3.416 3.374 3.384 3.726 4.048 4.351 4.636 4.902 5.148 5.376 5.585 5.775 5.946 6.098 6.188 6.105 6.044 6.004 5.986 5.990 6.016 6.064 6.134 6.225 6.338 6.473 6.762 7.437 8.137 8.861 9.610
1.389 1.357 1.321 1.280 1.234 1.183 1.127 1.066 1.001 0.930 1.000 1.103 1.212 1.328 1.452 1.582 1.719 1.864 2.015 2.173 2.334 2.496 2.663 2.825 2.979 3.127 3.268 3.403 3.530 3.650 3.764 3.871 3.971 4.064 4.010 3.949 3.892 3.840 3.792 3.748 3.708 3.673 3.642 3.616 3.594 3.577 3.834 4.073 4.292 4.493 4.675 4.838 4.982 5.107 5.213 5.300 5.368 5.415 5.429 5.464 5.521 5.600 5.701 5.824 5.969 6.135 6.323 6.533 6.765 7.097 7.881 8.690 9.523 10.381
1.626 1.577 1.524 1.466 1.403 1.335 1.262 1.184 1.102 1.015 1.076 1.203 1.336 1.477 1.625 1.779 1.941 2.110 2.285 2.468 2.653 2.839 2.991 3.122 3.246 3.364 3.474 3.578 3.675 3.765 3.849 3.925 3.995 4.058 4.032 3.990 3.953 3.919 3.891 3.866 3.846 3.830 3.819 3.811 3.808 3.810 3.963 4.118 4.253 4.370 4.468 4.547 4.607 4.649 4.671 4.675 4.659 4.625 4.730 4.863 5.017 5.193 5.391 5.610 5.851 6.114 6.399 6.706 6.998 7.266 8.178 9.214 10.372 11.653
1.867 1.801 1.731 1.656 1.576 1.491 1.401 1.307 1.208 1.103 1.145 1.296 1.454 1.619 1.791 1.970 2.156 2.349 2.549 2.756 2.965 3.176 3.326 3.427 3.521 3.608 3.688 3.761 3.828 3.888 3.941 3.987 4.026 4.058 4.049 4.027 4.008 3.994 3.985 3.980 3.979 3.982 3.990 4.002 4.018 4.039 4.111 4.182 4.234 4.267 4.281 4.277 4.253 4.211 4.150 4.069 3.970 3.852 4.011 4.268 4.563 4.846 5.118 5.377 5.625 5.860 6.083 6.295 6.494 6.681 8.058 9.638 11.342 13.168
2.112 2.030 1.943 1.851 1.754 1.652 1.545 1.434 1.317 1.196 1.207 1.383 1.565 1.754 1.951 2.154 2.364 2.582 2.806 3.037 3.271 3.507 3.668 3.738 3.802 3.859 3.909 3.952 3.988 4.017 4.040 4.056 4.065 4.067 4.062 4.058 4.059 4.065 4.074 4.088 4.106 4.129 4.156 4.187 4.223 4.263 4.280 4.267 4.235 4.184 4.122 4.066 4.015 3.967 3.923 3.883 3.846 3.813 4.000 4.254 4.496 4.727 4.945 5.151 5.345 5.528 5.698 5.856 6.003 6.137 7.816 9.941 12.188 14.558
2.362 2.263 2.158 2.049 1.936 1.817 1.693 1.565 1.432 1.294 1.263 1.463 1.669 1.883 2.104 2.331 2.566 2.808 3.056 3.312 3.570 3.830 4.017 4.058 4.091 4.117 4.137 4.149 4.155 4.154 4.147 4.132 4.111 4.083 4.070 4.085 4.106 4.130 4.159 4.192 4.230 4.262 4.280 4.298 4.316 4.334 4.312 4.259 4.209 4.163 4.120 4.081 4.046 4.015 3.987 3.963 3.942 3.925 4.051 4.252 4.442 4.619 4.784 4.937 5.079 5.208 5.325 5.431 5.524 5.606 7.452 10.121 12.912 15.826
2.616 2.499 2.378 2.252 2.122 1.986 1.846 1.700 1.550 1.395 1.312 1.536 1.767 2.005 2.250 2.502 2.761 3.027 3.300 3.579 3.862 4.147 4.374 4.384 4.387 4.383 4.372 4.354 4.330 4.299 4.261 4.216 4.160 4.092 4.051 4.069 4.087 4.105 4.123 4.141 4.159 4.177 4.195 4.213 4.230 4.248 4.242 4.204 4.171 4.141 4.115 4.092 4.073 4.058 4.046 4.039 4.034 4.034 4.115 4.263 4.399 4.524 4.636 4.736 4.824 4.901 4.965 5.018 5.058 5.087 6.967 10.179 13.514 16.971
2.874 2.741 2.603 2.460 2.312 2.160 2.002 1.840 1.673 1.501 1.355 1.604 1.859 2.121 2.390 2.666 2.950 3.240 3.537 3.841 4.148 4.457 4.738 4.705 4.650 4.592 4.531 4.468 4.402 4.333 4.261 4.187 4.110 4.031 3.969 3.987 4.005 4.022 4.040 4.058 4.075 4.093 4.110 4.128 4.145 4.162 4.167 4.146 4.129 4.115 4.105 4.099 4.096 4.098 4.102 4.111 4.123 4.139 4.191 4.286 4.369 4.440 4.500 4.547 4.583 4.606 4.618 4.617 4.605 4.580 6.359 10.115 13.993 17.993
3.136 2.986 2.831 2.671 2.507 2.338 2.163 1.984 1.801 1.612 1.418 1.664 1.944 2.230 2.524 2.822 3.109 3.395 3.681 3.967 4.253 4.538 4.822 4.766 4.699 4.629 4.556 4.481 4.403 4.322 4.239 4.153 4.064 3.973 3.887 3.905 3.922 3.940 3.957 3.974 3.992 4.009 4.026 4.043 4.060 4.076 4.089 4.084 4.083 4.086 4.092 4.102 4.116 4.133 4.154 4.179 4.207 4.239 4.279 4.321 4.351 4.370 4.376 4.371 4.353 4.324 4.282 4.229 4.164 4.087 5.631 9.929 14.350 18.893
3.403 3.236 3.064 2.887 2.706 2.520 2.329 2.133 1.930 1.720 1.517 1.714 2.001 2.288 2.574 2.860 3.146 3.431 3.716 4.001 4.285 4.569 4.853 4.830 4.751 4.669 4.584 4.497 4.407 4.314 4.219 4.121 4.021 3.917 3.811 3.823 3.840 3.857 3.874 3.891 3.908 3.925 3.942 3.958 3.975 3.991 4.007 4.019 4.034 4.053 4.075 4.102 4.131 4.165 4.202 4.243 4.288 4.336 4.379 4.368 4.345 4.311 4.265 4.206 4.136 4.054 3.959 3.853 3.735 3.605 4.780 9.621 14.584 19.670
3.673 3.474 3.242 3.016 2.797 2.584 2.377 2.177 1.984 1.797 1.617 1.757 2.042 2.328 2.613 2.898 3.183 3.467 3.751 4.035 4.318 4.601 4.884 4.897 4.806 4.712 4.615 4.516 4.414 4.310 4.203 4.093 3.980 3.865 3.747 3.741 3.758 3.775 3.792 3.808 3.825 3.841 3.857 3.874 3.890 3.906 3.922 3.949 3.981 4.016 4.055 4.097 4.143 4.193 4.246 4.304 4.364 4.429 4.491 4.427 4.352 4.265 4.165 4.054 3.931 3.796 3.649 3.490 3.319 3.137 3.809 9.192 14.697 20.325
3.581 3.365 3.155 2.951 2.755 2.564 2.380 2.203 2.032 1.868 1.710 1.799 2.084 2.369 2.653 2.937 3.220 3.504 3.787 4.069 4.351 4.633 4.915 4.966 4.863 4.758 4.649 4.538 4.424 4.308 4.189 4.067 3.943 3.816 3.686 3.660 3.676 3.693 3.709 3.725 3.741 3.758 3.773 3.789 3.805 3.821 3.836 3.876 3.924 3.975 4.030 4.089 4.151 4.217 4.287 4.360 4.437 4.518 4.602 4.499 4.371 4.230 4.078 3.914 3.739 3.551 3.351 3.139 2.916 2.680 2.922 9.145 15.151 20.940
3.443 3.249 3.062 2.881 2.707 2.539 2.377 2.222 2.074 1.932 1.797 1.842 2.126 2.410 2.693 2.976 3.258 3.540 3.822 4.103 4.385 4.665 4.946 5.039 4.924 4.806 4.686 4.563 4.438 4.309 4.178 4.045 3.909 3.770 3.628 3.579 3.595 3.611 3.627 3.643 3.658 3.674 3.690 3.705 3.721 3.736 3.751 3.799 3.863 3.930 4.002 4.076 4.155 4.237 4.323 4.413 4.506 4.603 4.703 4.582 4.401 4.300 4.407 4.561 4.763 5.012 5.308 5.651 6.042 6.480 6.965 11.917 16.967 21.799
3.299 3.128 2.963 2.804 2.653 2.507 2.368 2.236 2.110 1.991 1.878 1.886 2.168 2.451 2.733 3.014 3.296 3.577 3.858 4.138 4.418 4.698 4.977 5.114 4.988 4.858 4.726 4.591 4.454 4.314 4.171 4.025 3.877 3.726 3.573 3.498 3.514 3.529 3.545 3.560 3.576 3.591 3.606 3.621 3.636 3.651 3.666 3.718 3.798 3.882 3.969 4.061 4.196 4.441 4.706 4.992 5.298 5.624 5.971 6.205 6.426 6.694 7.010 7.372 7.783 8.240 8.745 9.296 9.896 10.542 11.236 14.900 18.993 22.870
3.149 3.000 2.858 2.722 2.593 2.470 2.354 2.244 2.140 2.043 1.953 1.929 2.211 2.492 2.773 3.054 3.334 3.614 3.893 4.173 4.452 4.730 5.009 5.193 5.054 4.913 4.769 4.622 4.473 4.321 4.166 4.009 3.849 3.686 3.521 3.417 3.432 3.448 3.463 3.478 3.493 3.508 3.523 3.557 3.651 3.754 3.864 4.029 4.262 4.516 4.789 5.084 5.398 5.733 6.089 6.464 6.861 7.277 7.714 8.130 8.560 9.037 9.561 10.132 10.751 11.417 12.130 12.890 13.698 14.552 15.454 18.093 21.230 24.151
