DATA/SHG/ECMWF/20170628/EN-1/20170710.en-1.asc
ncols        190
nrows        64
xllcorner    -5100000.000000000000
yllcorner    4130000.000000000000
cellsize     10000.000000000000
NODATA_value  -99999.000
[rows 0 to 31 of 64, columns 0 to 71 of 190]
5.611 5.701 5.803 5.919 6.048 6.189 6.343 6.510 6.691 6.844 6.986 7.128 7.268 7.408 7.547 7.685 7.823 7.959 8.095 8.080 8.009 7.703 7.298 6.902 6.514 6.135 5.764 5.402 5.049 4.704 4.367 4.039 3.720 3.528 3.422 3.323 3.232 3.150 3.075 3.009 2.950 2.899 2.857 2.822 2.795 2.791 2.804 2.823 2.846 2.875 2.908 2.946 2.990 3.038 3.092 3.150 3.214 3.278 3.338 3.396 3.453 3.509 3.563 3.615 3.667 3.717 3.765 3.812 3.858 3.853 3.769 3.685
6.100 6.236 6.384 6.545 6.719 6.906 7.106 7.318 7.544 7.721 7.860 7.998 7.972 7.932 7.883 7.824 7.757 7.681 7.596 7.503 7.400 7.145 6.770 6.404 6.046 5.697 5.357 5.025 4.701 4.386 4.080 3.782 3.493 3.302 3.224 3.154 3.091 3.037 2.990 2.952 2.921 2.899 2.884 2.878 2.879 2.895 2.926 2.962 3.003 3.049 3.100 3.156 3.217 3.283 3.354 3.430 3.511 3.587 3.641 3.695 3.747 3.797 3.846 3.894 3.940 3.985 4.029 4.071 4.112 4.121 4.037 3.955
6.574 6.755 6.949 7.156 7.354 7.466 7.571 7.668 7.759 7.787 7.742 7.688 7.625 7.553 7.473 7.383 7.285 7.177 7.061 6.935 6.801 6.578 6.234 5.898 5.570 5.251 4.941 4.639 4.346 4.061 3.785 3.517 3.258 3.069 3.019 2.976 2.942 2.916 2.897 2.887 2.884 2.890 2.904 2.925 2.955 2.993 3.042 3.095 3.154 3.218 3.286 3.360 3.438 3.522 3.611 3.704 3.803 3.896 3.946 3.994 4.041 4.087 4.131 4.174 4.215 4.255 4.294 4.331 4.330 4.301 4.174 4.047
6.806 6.921 7.029 7.130 7.224 7.310 7.389 7.461 7.526 7.545 7.468 7.383 7.288 7.185 7.073 6.952 6.822 6.683 6.535 6.378 6.213 6.004 5.689 5.383 5.086 4.797 4.517 4.245 3.982 3.727 3.481 3.243 3.014 2.827 2.805 2.791 2.785 2.787 2.796 2.814 2.840 2.873 2.915 2.964 3.022 3.087 3.153 3.224 3.300 3.381 3.468 3.559 3.655 3.756 3.862 3.973 4.089 4.206 4.251 4.295 4.337 4.379 4.407 4.423 4.425 4.415 4.392 4.355 4.306 4.244 4.119 3.994
6.785 6.875 6.957 7.033 7.101 7.162 7.216 7.262 7.301 7.313 7.205 7.088 6.962 6.827 6.684 6.531 6.370 6.199 6.020 5.832 5.635 5.421 5.137 4.861 4.594 4.335 4.085 3.843 3.610 3.385 3.169 2.961 2.762 2.578 2.584 2.598 2.620 2.650 2.687 2.733 2.787 2.848 2.918 2.996 3.081 3.175 3.259 3.348 3.441 3.540 3.644 3.752 3.866 4.012 4.225 4.398 4.530 4.622 4.660 4.682 4.690 4.686 4.669 4.639 4.596 4.540 4.472 4.390 4.295 4.187 4.064 3.940
6.772 6.837 6.894 6.944 6.986 7.022 7.050 7.071 7.085 7.091 6.951 6.803 6.646 6.479 6.304 6.120 5.928 5.726 5.515 5.296 5.067 4.830 4.576 4.330 4.093 3.865 3.644 3.433 3.230 3.035 2.849 2.671 2.502 2.341 2.355 2.397 2.447 2.505 2.571 2.644 2.726 2.816 2.913 3.019 3.132 3.254 3.471 3.825 4.139 4.412 4.645 4.837 4.989 5.100 5.171 5.202 5.192 5.142 5.116 5.092 5.056 5.006 4.944 4.868 4.780 4.678 4.564 4.436 4.296 4.143 4.009 3.887
6.768 6.807 6.838 6.863 6.880 6.890 6.893 6.888 6.877 6.858 6.708 6.528 6.339 6.142 5.935 5.720 5.496 5.263 5.021 4.770 4.510 4.241 4.008 3.792 3.585 3.386 3.196 3.014 2.841 2.676 2.520 2.372 2.233 2.103 2.118 2.188 2.266 2.352 2.446 2.675 3.025 3.408 3.823 4.270 4.748 5.259 5.592 5.804 5.975 6.106 6.197 6.247 6.257 6.226 6.156 6.044 5.893 5.701 5.584 5.515 5.433 5.338 5.230 5.109 4.975 4.828 4.668 4.496 4.310 4.111 3.954 3.833
6.771 6.785 6.791 6.790 6.781 6.766 6.743 6.714 6.677 6.632 6.474 6.263 6.043 5.814 5.576 5.330 5.074 4.810 4.536 4.254 3.963 3.663 3.431 3.245 3.068 2.899 2.739 2.587 2.444 2.310 2.183 2.066 2.068 2.121 2.314 2.617 2.952 3.319 3.718 4.149 4.612 5.107 5.634 6.193 6.784 7.406 7.751 7.820 7.849 7.838 7.787 7.695 7.563 7.391 7.178 6.925 6.632 6.298 6.065 5.950 5.822 5.682 5.528 5.362 5.182 4.990 4.785 4.567 4.336 4.092 3.898 3.779
6.782 6.770 6.751 6.725 6.691 6.650 6.602 6.547 6.485 6.415 6.251 6.008 5.757 5.497 5.228 4.950 4.663 4.367 4.062 3.749 3.426 3.095 2.846 2.691 2.543 2.525 2.529 2.547 2.579 2.625 2.686 2.760 2.849 2.951 3.193 3.609 4.056 4.535 5.047 5.590 6.165 6.772 7.410 8.081 8.784 9.518 9.946 9.873 9.761 9.608 9.415 9.181 8.907 8.593 8.239 7.844 7.409 6.934 6.557 6.397 6.224 6.038 5.839 5.627 5.402 5.164 4.914 4.650 4.374 4.085 3.842 3.724
6.802 6.764 6.720 6.668 6.609 6.543 6.469 6.389 6.301 6.206 6.038 5.764 5.481 5.189 4.889 4.580 4.261 3.958 3.794 3.591 3.348 3.067 2.867 2.879 2.904 2.943 2.997 3.064 3.146 3.242 3.352 3.476 3.614 3.766 4.039 4.566 5.126 5.717 6.340 6.995 7.682 8.401 9.152 9.934 10.749 11.595 12.178 11.964 11.710 11.415 11.080 10.705 10.289 9.834 9.338 8.802 8.225 7.609 7.061 6.855 6.637 6.405 6.161 5.904 5.634 5.351 5.055 4.746 4.425 4.090 3.786 3.669
6.829 6.766 6.696 6.619 6.534 6.443 6.344 6.238 6.125 6.005 5.930 5.901 5.833 5.726 5.580 5.395 5.171 4.908 4.606 4.266 3.886 3.467 3.122 3.182 3.257 3.346 3.449 3.566 3.697 3.843 4.002 4.175 4.363 4.565 4.850 5.489 6.161 6.864 7.599 8.366 9.165 9.995 10.858 11.752 12.679 13.637 14.448 14.092 13.696 13.259 12.783 12.266 11.709 11.112 10.475 9.797 9.079 8.321 7.577 7.326 7.062 6.785 6.496 6.193 5.878 5.550 5.209 4.854 4.487 4.108 3.730 3.614
6.864 6.775 6.680 6.760 6.986 7.191 7.376 7.541 7.684 7.807 7.884 7.717 7.512 7.267 6.984 6.661 6.299 5.899 5.460 4.981 4.464 3.907 3.361 3.471 3.595 3.734 3.886 4.053 4.233 4.428 4.637 4.860 5.096 5.347 5.627 6.378 7.161 7.977 8.823 9.702 10.613 11.555 12.529 13.535 14.573 15.643 16.745 16.257 15.719 15.141 14.523 13.865 13.167 12.429 11.650 10.831 9.972 9.073 8.133 7.808 7.499 7.177 6.842 6.495 6.134 5.761 5.374 4.977 4.585 4.199 3.821 3.737
8.645 8.860 9.054 9.227 9.380 9.513 9.624 9.715 9.785 9.835 9.864 9.573 9.230 8.848 8.427 7.967 7.468 6.930 6.353 5.737 5.082 4.389 3.656 3.744 3.918 4.106 4.308 4.524 4.754 4.998 5.256 5.528 5.814 6.115 6.429 7.233 8.128 9.055 10.014 11.004 12.026 13.080 14.166 15.284 16.433 17.614 18.828 18.459 17.780 17.061 16.301 15.502 14.662 13.783 12.863 11.903 10.903 9.862 8.782 8.303 7.901 7.484 7.073 6.670 6.274 5.885 5.503 5.128 4.760 4.399 4.045 3.951
11.352 11.493 11.614 11.714 11.794 11.853 11.891 11.909 11.906 11.882 11.838 11.469 10.988 10.468 9.910 9.312 8.676 8.001 7.287 6.534 5.742 4.911 4.041 4.002 4.225 4.463 4.714 4.979 5.259 5.552 5.860 6.181 6.517 6.866 7.230 8.054 9.061 10.099 11.169 12.271 13.405 14.571 15.768 16.997 18.258 19.551 20.875 20.698 19.878 19.018 18.117 17.176 16.196 14.939 13.667 12.428 11.221 10.046 8.904 8.272 7.873 7.480 7.094 6.715 6.344 5.979 5.622 5.272 4.928 4.592 4.263 4.156
14.077 14.146 14.193 14.221 14.227 14.213 14.178 14.122 14.046 13.949 13.832 13.403 12.785 12.128 11.433 10.698 9.924 9.112 8.260 7.370 6.441 5.473 4.466 4.245 4.518 4.804 5.105 5.420 5.748 6.091 6.448 6.819 7.203 7.602 8.015 8.841 9.959 11.109 12.291 13.504 14.750 16.027 17.335 18.676 20.048 21.452 22.382 21.977 20.624 19.303 18.014 16.759 15.535 14.344 13.185 12.059 10.966 9.904 8.876 8.213 7.837 7.469 7.108 6.754 6.407 6.067 5.734 5.408 5.090 4.778 4.473 4.352
16.822 16.817 16.792 16.746 16.679 16.591 16.484 16.355 16.206 16.036 15.845 15.378 14.622 13.828 12.995 12.123 11.212 10.263 9.275 8.247 7.181 6.076 4.933 4.473 4.795 5.131 5.481 5.844 6.222 6.614 7.020 7.441 7.875 8.323 8.785 9.593 10.823 12.085 13.336 14.342 15.326 16.287 17.225 18.140 19.033 19.903 20.750 20.670 19.430 18.223 17.048 15.905 14.795 13.718 12.672 11.660 10.679 9.731 8.816 8.146 7.796 7.452 7.115 6.786 6.464 6.148 5.840 5.539 5.244 4.957 4.677 4.538
19.585 19.507 19.409 19.290 19.150 18.989 18.808 18.607 18.384 18.142 17.878 17.391 16.498 15.567 14.597 13.588 12.540 11.454 10.329 9.165 7.962 6.720 5.439 4.685 5.057 5.442 5.841 6.254 6.681 7.122 7.578 8.005 8.331 8.641 8.935 9.445 10.440 11.413 12.363 13.290 14.194 15.075 15.934 16.770 17.584 18.374 19.142 19.332 18.206 17.112 16.051 15.021 14.025 13.060 12.129 11.229 10.362 9.527 8.725 8.073 7.747 7.428 7.116 6.811 6.513 6.222 5.939 5.662 5.392 5.130 4.874 4.716
22.368 22.217 22.045 21.853 21.640 21.406 21.152 20.878 20.583 20.267 19.930 19.444 18.414 17.346 16.239 15.093 13.908 12.685 11.423 10.122 8.782 7.404 5.987 4.883 5.289 5.671 6.037 6.387 6.722 7.040 7.342 7.628 7.898 8.152 8.389 8.733 9.649 10.543 11.413 12.261 13.086 13.889 14.668 15.425 16.159 16.871 17.560 17.965 16.952 15.971 15.023 14.107 13.224 12.373 11.554 10.768 10.014 9.292 8.603 7.993 7.692 7.397 7.110 6.829 6.556 6.290 6.031 5.778 5.533 5.295 5.064 4.884
25.169 24.945 24.700 24.435 24.149 23.843 23.516 23.168 22.800 22.411 22.002 21.535 20.369 19.164 17.920 16.637 15.316 13.777 12.172 10.617 9.114 7.663 6.262 4.979 5.321 5.647 5.957 6.251 6.529 6.791 7.037 7.267 7.481 7.679 7.861 8.046 8.883 9.697 10.488 11.257 12.003 12.726 13.427 14.104 14.760 15.392 16.002 16.567 15.667 14.800 13.965 13.162 12.392 11.654 10.949 10.275 9.635 9.026 8.450 7.907 7.630 7.360 7.097 6.841 6.592 6.351 6.116 5.888 5.667 5.454 5.247 5.047
27.988 27.691 27.374 27.036 26.677 26.298 25.898 25.478 25.037 24.575 23.624 22.586 20.924 19.242 17.612 16.032 14.504 13.027 11.601 10.226 8.902 7.630 6.408 5.238 5.370 5.640 5.894 6.132 6.354 6.560 6.750 6.924 7.082 7.224 7.350 7.459 8.140 8.875 9.587 10.277 10.944 11.588 12.209 12.808 13.384 13.938 14.469 14.977 14.352 13.598 12.876 12.187 11.530 10.905 10.312 9.752 9.224 8.729 8.266 7.835 7.561 7.316 7.077 6.846 6.622 6.404 6.194 5.991 5.795 5.605 5.423 5.248
30.827 30.457 30.067 28.926 27.805 26.709 25.635 24.585 23.559 22.556 21.577 20.621 19.224 17.722 16.271 14.871 13.522 12.224 10.977 9.781 8.637 7.543 6.501 5.509 5.436 5.650 5.848 6.030 6.196 6.346 6.480 6.597 6.699 6.785 6.855 6.909 7.421 8.077 8.710 9.321 9.909 10.474 11.016 11.536 12.034 12.508 12.960 13.389 13.007 12.366 11.757 11.181 10.637 10.125 9.645 9.198 8.783 8.401 8.050 7.732 7.486 7.265 7.051 6.844 6.644 6.452 6.266 6.136 6.108 6.113 6.150 6.220
29.531 28.423 27.338 26.277 25.239 24.225 23.235 22.267 21.324 20.404 19.507 18.634 17.472 16.149 14.877 13.656 12.486 11.367 10.300 9.283 8.318 7.403 6.540 5.727 5.518 5.676 5.818 5.944 6.054 6.148 6.226 6.288 6.334 6.364 6.378 6.376 6.726 7.303 7.857 8.389 8.898 9.384 9.848 10.289 10.707 11.103 11.476 11.827 11.632 11.104 10.608 10.145 9.714 9.315 8.948 8.613 8.311 8.041 7.804 7.598 7.422 7.279 7.170 7.093 7.048 7.036 7.057 7.110 7.196 7.314 7.465 7.649
26.612 25.587 24.585 23.606 22.651 21.720 20.812 19.928 19.067 18.229 17.415 16.624 15.668 14.524 13.431 12.389 11.398 10.458 9.570 8.732 7.945 7.210 6.525 5.891 5.617 5.719 5.805 5.875 5.929 5.967 5.989 5.995 5.986 5.960 5.918 5.860 6.055 6.553 7.029 7.481 7.911 8.319 8.704 9.066 9.405 9.722 10.017 10.288 10.227 9.812 9.429 9.078 8.760 8.556 8.408 8.260 8.112 7.965 7.818 7.672 7.569 7.540 7.544 7.580 7.649 7.751 7.885 8.052 8.251 8.483 8.747 9.044
23.671 22.729 21.810 20.914 20.042 19.193 18.368 17.566 16.787 16.032 15.301 14.593 13.811 12.846 11.933 11.070 10.258 9.497 8.787 8.128 7.520 6.963 6.457 6.001 5.733 5.779 5.809 5.823 5.821 5.803 5.769 5.720 5.654 5.572 5.475 5.361 5.409 5.828 6.224 6.598 6.949 7.278 7.584 7.867 8.128 8.366 8.739 9.151 9.379 9.230 9.082 8.934 8.786 8.639 8.492 8.345 8.199 8.053 7.907 7.762 7.684 7.769 7.886 8.036 8.218 8.433 8.681 8.961 9.274 9.619 9.996 10.407
20.710 19.850 19.013 18.200 17.410 16.644 15.901 15.182 14.486 13.813 13.164 12.539 11.903 11.117 10.382 9.698 9.064 8.482 7.951 7.470 7.041 6.662 6.335 6.058 5.865 5.855 5.829 5.787 5.730 5.656 5.566 5.461 5.340 5.202 5.049 4.880 4.785 5.126 5.443 5.889 6.343 6.784 7.214 7.632 8.038 8.432 8.815 9.186 9.456 9.309 9.162 9.015 8.868 8.722 8.576 8.431 8.285 8.140 7.996 7.852 7.767 7.966 8.196 8.460 8.756 9.084 9.445 9.838 10.264 10.722 11.213 11.737
17.716 16.949 16.195 15.464 14.757 14.073 13.413 12.776 12.162 11.572 11.006 10.462 9.943 9.335 8.779 8.273 7.819 7.415 7.062 6.760 6.509 6.309 6.160 6.061 6.013 5.948 5.866 5.769 5.655 5.526 5.380 5.221 5.143 5.077 5.022 4.978 4.958 5.405 5.841 6.265 6.677 7.077 7.466 7.843 8.208 8.561 8.902 9.232 9.533 9.387 9.241 9.095 8.950 8.805 8.660 8.515 8.371 8.228 8.084 7.941 7.819 8.131 8.475 8.852 9.261 9.702 10.176 10.683 11.222 11.794 12.398 13.034
14.658 14.026 13.355 12.707 12.082 11.481 10.903 10.348 9.817 9.309 8.825 8.364 7.926 7.501 7.124 6.796 6.520 6.295 6.120 5.997 5.924 5.902 5.931 6.011 6.140 6.059 5.953 5.858 5.774 5.702 5.641 5.592 5.554 5.527 5.512 5.508 5.516 5.875 6.269 6.652 7.023 7.382 7.730 8.065 8.389 8.701 9.002 9.290 9.567 9.465 9.320 9.175 9.031 8.887 8.743 8.600 8.457 8.314 8.172 8.030 7.888 8.264 8.722 9.211 9.734 10.289 10.876 11.496 12.148 12.832 13.550 14.299
11.719 11.082 10.493 9.927 9.385 8.866 8.370 7.898 7.449 7.024 6.622 6.243 5.888 5.616 5.416 5.267 5.169 5.184 5.347 5.504 5.656 5.801 5.940 6.073 6.200 6.180 6.113 6.058 6.014 5.982 5.961 5.951 5.953 5.966 5.990 6.026 6.073 6.355 6.709 7.050 7.380 7.698 8.005 8.299 8.582 8.853 9.112 9.360 9.595 9.542 9.398 9.255 9.111 8.969 8.826 8.684 8.542 8.400 8.259 8.118 7.978 8.366 8.937 9.540 10.175 10.843 11.543 12.276 13.041 13.839 14.669 15.531
8.898 8.117 7.610 7.127 6.666 6.230 5.816 5.426 5.060 4.717 4.569 4.618 4.659 4.769 4.935 5.096 5.250 5.398 5.540 5.676 5.806 5.930 6.048 6.159 6.265 6.288 6.261 6.246 6.242 6.249 6.268 6.298 6.339 6.392 6.456 6.531 6.618 6.847 7.160 7.460 7.749 8.026 8.291 8.545 8.786 9.016 9.235 9.441 9.636 9.619 9.476 9.334 9.192 9.050 8.909 8.767 8.627 8.486 8.346 8.206 8.067 8.436 9.120 9.836 10.584 11.365 12.179 13.024 13.902 14.813 15.756 16.731
6.196 5.130 4.705 4.604 4.681 4.749 4.810 4.863 4.908 4.945 4.975 4.996 5.010 5.074 5.219 5.358 5.491 5.618 5.739 5.854 5.962 6.065 6.162 6.252 6.337 6.385 6.398 6.422 6.457 6.504 6.563 6.632 6.713 6.805 6.909 7.024 7.150 7.351 7.622 7.881 8.129 8.365 8.589 8.802 9.002 9.191 9.368 9.534 9.687 9.696 9.554 9.413 9.272 9.131 8.991 8.851 8.711 8.572 8.433 8.294 8.156 8.475 9.271 10.100 10.962 11.856 12.782 13.741 14.636 15.373 16.086 16.775
5.824 5.090 5.155 5.211 5.260 5.301 5.334 5.360 5.377 5.387 5.389 5.383 5.369 5.385 5.509 5.627 5.738 5.844 5.944 6.037 6.125 6.207 6.282 6.351 6.415 6.469 6.522 6.586 6.661 6.747 6.845 6.954 7.075 7.207 7.350 7.505 7.670 7.865 8.095 8.314 8.520 8.715 8.899 9.070 9.230 9.378 9.514 9.638 9.751 9.772 9.631 9.491 9.351 9.212 9.072 8.933 8.795 8.657 8.519 8.381 8.244 8.460 9.283 10.081 10.856 11.606 12.332 13.034 13.712 14.366 14.995 15.600
6.534 5.760 5.797 5.826 5.847 5.861 5.866 5.864 5.854 5.836 5.810 5.777 5.735 5.702 5.804 5.901 5.992 6.076 6.155 6.227 6.294 6.354 6.408 6.457 6.499 6.542 6.634 6.738 6.852 6.978 7.116 7.265 7.425 7.596 7.779 7.973 8.178 8.391 8.580 8.757 8.923 9.077 9.219 9.350 9.468 9.575 9.671 9.754 9.826 9.848 9.708 9.569 9.430 9.292 9.165 9.033 8.886 8.724 8.546 8.353 8.145 8.147 8.886 9.601 10.291 10.958 11.600 12.218 12.812 13.382 13.928 14.449
