DATA/SHG/ECMWF/20170628/EN-1/20170701.en-1.asc
ncols        190
nrows        64
xllcorner    -5100000.000000000000
yllcorner    4130000.000000000000
cellsize     10000.000000000000
NODATA_value  -99999.000
[rows 0 to 31 of 64, columns 0 to 71 of 190]
2.221 2.215 2.204 2.190 2.171 2.148 2.120 2.089 2.053 2.053 2.051 2.034 2.000 1.951 1.886 1.805 1.708 1.596 1.468 1.446 1.461 1.448 1.420 1.387 1.351 1.311 1.268 1.221 1.170 1.115 1.057 0.995 0.929 0.936 0.989 1.039 1.086 1.130 1.170 1.207 1.241 1.271 1.299 1.323 1.344 1.315 1.244 1.176 1.109 1.043 0.980 0.917 0.857 0.798 0.741 0.685 0.631 0.616 0.646 0.674 0.702 0.729 0.756 0.782 0.806 0.831 0.854 0.877 0.899 0.944 1.020 1.086
1.898 1.877 1.852 1.822 1.789 1.751 1.709 1.663 1.613 1.565 1.507 1.434 1.451 1.471 1.489 1.506 1.522 1.536 1.549 1.562 1.573 1.556 1.515 1.469 1.420 1.367 1.311 1.250 1.186 1.119 1.047 0.972 0.894 0.871 0.912 0.951 0.986 1.019 1.048 1.073 1.096 1.115 1.132 1.145 1.154 1.133 1.068 1.005 0.944 0.884 0.826 0.770 0.715 0.662 0.610 0.560 0.512 0.489 0.516 0.542 0.567 0.592 0.616 0.639 0.661 0.683 0.704 0.724 0.743 0.769 0.811 0.843
1.580 1.544 1.504 1.460 1.424 1.441 1.463 1.488 1.518 1.545 1.564 1.582 1.598 1.613 1.627 1.640 1.651 1.661 1.671 1.678 1.685 1.668 1.613 1.555 1.493 1.427 1.357 1.284 1.207 1.126 1.042 0.954 0.862 0.808 0.839 0.866 0.890 0.911 0.929 0.944 0.955 0.963 0.968 0.970 0.968 0.950 0.891 0.834 0.778 0.724 0.672 0.621 0.572 0.525 0.479 0.434 0.392 0.363 0.387 0.411 0.433 0.455 0.477 0.497 0.517 0.536 0.554 0.572 0.612 0.655 0.701 0.746
1.427 1.442 1.461 1.485 1.513 1.545 1.581 1.622 1.667 1.706 1.720 1.734 1.746 1.756 1.766 1.775 1.782 1.788 1.793 1.796 1.799 1.784 1.716 1.644 1.569 1.490 1.408 1.321 1.231 1.138 1.040 0.939 0.835 0.749 0.769 0.785 0.798 0.807 0.814 0.817 0.817 0.814 0.808 0.798 0.785 0.765 0.712 0.661 0.611 0.563 0.516 0.471 0.428 0.386 0.346 0.307 0.270 0.238 0.259 0.280 0.302 0.341 0.381 0.422 0.464 0.506 0.549 0.593 0.638 0.683 0.724 0.762
1.449 1.480 1.514 1.553 1.596 1.644 1.695 1.751 1.812 1.867 1.878 1.887 1.894 1.901 1.906 1.910 1.913 1.915 1.916 1.915 1.913 1.903 1.822 1.738 1.649 1.558 1.462 1.363 1.260 1.153 1.043 0.929 0.811 0.694 0.702 0.707 0.708 0.707 0.702 0.694 0.683 0.669 0.651 0.630 0.606 0.579 0.532 0.486 0.442 0.400 0.359 0.319 0.282 0.250 0.234 0.219 0.204 0.189 0.225 0.265 0.306 0.349 0.391 0.435 0.479 0.524 0.570 0.616 0.664 0.711 0.748 0.781
1.468 1.513 1.563 1.617 1.675 1.737 1.804 1.875 1.951 2.030 2.036 2.041 2.044 2.046 2.048 2.048 2.046 2.044 2.040 2.035 2.029 2.022 1.932 1.835 1.734 1.629 1.520 1.408 1.292 1.172 1.049 0.922 0.791 0.657 0.639 0.632 0.623 0.610 0.594 0.574 0.552 0.526 0.498 0.466 0.430 0.392 0.360 0.342 0.324 0.307 0.291 0.275 0.260 0.245 0.231 0.218 0.205 0.193 0.223 0.267 0.310 0.355 0.400 0.447 0.493 0.541 0.589 0.638 0.688 0.739 0.774 0.801
1.481 1.541 1.606 1.675 1.749 1.826 1.908 1.995 2.085 2.180 2.195 2.196 2.195 2.193 2.190 2.186 2.180 2.173 2.166 2.156 2.146 2.135 2.046 1.936 1.821 1.703 1.582 1.456 1.328 1.195 1.059 0.919 0.775 0.628 0.579 0.561 0.540 0.516 0.489 0.467 0.450 0.432 0.414 0.396 0.377 0.358 0.340 0.324 0.309 0.294 0.280 0.266 0.253 0.240 0.228 0.217 0.206 0.196 0.221 0.267 0.314 0.361 0.409 0.458 0.507 0.557 0.608 0.660 0.712 0.765 0.801 0.822
1.489 1.565 1.645 1.729 1.818 1.911 2.008 2.109 2.215 2.325 2.356 2.352 2.347 2.341 2.333 2.325 2.315 2.304 2.292 2.279 2.264 2.249 2.164 2.040 1.913 1.782 1.647 1.509 1.367 1.222 1.072 0.919 0.764 0.612 0.543 0.527 0.510 0.493 0.476 0.457 0.439 0.419 0.400 0.380 0.359 0.338 0.320 0.306 0.293 0.280 0.268 0.256 0.245 0.234 0.225 0.215 0.207 0.199 0.219 0.267 0.316 0.366 0.417 0.468 0.520 0.573 0.626 0.681 0.736 0.791 0.830 0.845
1.493 1.584 1.679 1.778 1.882 1.990 2.102 2.218 2.339 2.464 2.517 2.509 2.500 2.490 2.478 2.465 2.451 2.436 2.420 2.402 2.383 2.363 2.285 2.149 2.008 1.845 1.683 1.523 1.367 1.213 1.062 0.914 0.769 0.627 0.543 0.525 0.507 0.488 0.468 0.449 0.428 0.407 0.386 0.364 0.341 0.318 0.299 0.287 0.276 0.265 0.255 0.246 0.237 0.228 0.220 0.213 0.207 0.200 0.215 0.266 0.318 0.371 0.424 0.478 0.532 0.588 0.644 0.701 0.758 0.816 0.860 0.869
1.492 1.598 1.708 1.823 1.941 2.064 2.192 2.323 2.459 2.599 2.680 2.667 2.654 2.639 2.624 2.606 2.588 2.564 2.508 2.453 2.398 2.344 2.251 2.090 1.932 1.777 1.625 1.476 1.329 1.185 1.045 0.906 0.771 0.639 0.544 0.524 0.504 0.483 0.462 0.440 0.418 0.395 0.372 0.348 0.324 0.299 0.278 0.268 0.259 0.250 0.242 0.235 0.228 0.221 0.216 0.210 0.206 0.202 0.211 0.265 0.319 0.374 0.430 0.486 0.544 0.602 0.660 0.720 0.780 0.841 0.892 0.896
1.486 1.607 1.733 1.862 1.996 2.134 2.276 2.423 2.574 2.729 2.829 2.771 2.714 2.657 2.600 2.545 2.490 2.435 2.382 2.328 2.276 2.224 2.151 2.000 1.852 1.707 1.565 1.425 1.289 1.155 1.024 0.896 0.770 0.648 0.545 0.524 0.502 0.479 0.456 0.432 0.408 0.384 0.359 0.333 0.307 0.281 0.256 0.248 0.241 0.234 0.228 0.223 0.218 0.214 0.210 0.207 0.205 0.203 0.207 0.263 0.320 0.377 0.435 0.495 0.554 0.615 0.676 0.738 0.801 0.864 0.925 0.923
1.476 1.612 1.752 1.899 2.042 2.175 2.298 2.413 2.517 2.613 2.685 2.629 2.573 2.519 2.464 2.411 2.358 2.306 2.254 2.203 2.153 2.103 2.048 1.907 1.769 1.634 1.501 1.372 1.245 1.121 1.000 0.882 0.767 0.654 0.547 0.523 0.500 0.475 0.451 0.425 0.399 0.373 0.346 0.319 0.291 0.263 0.234 0.228 0.223 0.218 0.214 0.211 0.208 0.206 0.204 0.203 0.203 0.203 0.203 0.260 0.319 0.379 0.440 0.502 0.564 0.627 0.691 0.768 0.856 0.945 1.036 1.061
1.582 1.719 1.847 1.966 2.075 2.175 2.266 2.347 2.419 2.481 2.535 2.485 2.432 2.380 2.328 2.277 2.226 2.176 2.127 2.078 2.030 1.982 1.935 1.811 1.683 1.558 1.435 1.316 1.199 1.085 0.974 0.865 0.760 0.657 0.557 0.524 0.498 0.472 0.446 0.419 0.391 0.363 0.334 0.305 0.275 0.245 0.215 0.207 0.204 0.201 0.200 0.198 0.197 0.197 0.198 0.199 0.200 0.202 0.205 0.256 0.331 0.412 0.495 0.580 0.666 0.755 0.845 0.937 1.031 1.126 1.223 1.260
1.758 1.862 1.957 2.043 2.119 2.186 2.244 2.292 2.331 2.360 2.380 2.342 2.291 2.241 2.191 2.142 2.094 2.046 1.999 1.952 1.906 1.861 1.816 1.713 1.594 1.479 1.366 1.257 1.150 1.046 0.944 0.846 0.750 0.657 0.567 0.525 0.497 0.470 0.441 0.412 0.383 0.353 0.323 0.292 0.260 0.228 0.196 0.186 0.185 0.184 0.184 0.185 0.186 0.208 0.232 0.254 0.273 0.291 0.306 0.369 0.454 0.542 0.631 0.722 0.815 0.909 1.006 1.104 1.203 1.305 1.408 1.458
1.944 2.016 2.078 2.130 2.174 2.208 2.232 2.247 2.253 2.250 2.237 2.198 2.149 2.101 2.054 2.007 1.961 1.915 1.870 1.826 1.782 1.739 1.696 1.611 1.503 1.397 1.295 1.195 1.098 1.004 0.912 0.824 0.738 0.655 0.575 0.526 0.497 0.468 0.437 0.407 0.376 0.344 0.312 0.279 0.246 0.212 0.209 0.227 0.256 0.283 0.307 0.330 0.351 0.369 0.386 0.400 0.413 0.423 0.431 0.484 0.576 0.670 0.765 0.862 0.961 1.062 1.164 1.269 1.375 1.482 1.592 1.656
2.141 2.179 2.208 2.228 2.238 2.239 2.231 2.213 2.186 2.149 2.103 2.053 2.007 1.961 1.916 1.871 1.827 1.784 1.741 1.699 1.657 1.616 1.576 1.507 1.409 1.313 1.220 1.130 1.043 0.959 0.877 0.799 0.723 0.650 0.579 0.528 0.497 0.466 0.436 0.419 0.407 0.398 0.394 0.393 0.396 0.404 0.415 0.433 0.454 0.474 0.492 0.507 0.521 0.532 0.541 0.549 0.554 0.557 0.558 0.598 0.696 0.796 0.897 1.001 1.106 1.213 1.321 1.431 1.544 1.657 1.773 1.854
2.347 2.353 2.349 2.335 2.313 2.281 2.239 2.188 2.128 2.059 1.980 1.908 1.864 1.820 1.777 1.735 1.693 1.652 1.611 1.571 1.532 1.493 1.455 1.400 1.312 1.226 1.143 1.063 0.986 0.911 0.839 0.772 0.712 0.654 0.599 0.558 0.544 0.533 0.526 0.524 0.525 0.530 0.539 0.553 0.570 0.591 0.616 0.641 0.655 0.667 0.678 0.686 0.692 0.697 0.699 0.699 0.697 0.693 0.687 0.710 0.814 0.920 1.028 1.137 1.248 1.361 1.476 1.593 1.711 1.831 1.953 2.050
2.564 2.536 2.499 2.453 2.397 2.332 2.258 2.174 2.081 1.979 1.867 1.763 1.721 1.679 1.639 1.598 1.559 1.520 1.481 1.444 1.407 1.370 1.334 1.290 1.215 1.145 1.077 1.013 0.951 0.892 0.836 0.783 0.732 0.684 0.639 0.603 0.602 0.605 0.613 0.624 0.639 0.658 0.681 0.708 0.739 0.774 0.813 0.850 0.857 0.862 0.866 0.867 0.866 0.863 0.858 0.851 0.842 0.831 0.818 0.820 0.930 1.042 1.156 1.272 1.389 1.508 1.629 1.752 1.876 2.002 2.130 2.247
2.790 2.730 2.660 2.581 2.492 2.394 2.287 2.171 2.045 1.909 1.765 1.617 1.577 1.538 1.499 1.461 1.424 1.397 1.373 1.347 1.319 1.288 1.255 1.218 1.155 1.095 1.037 0.982 0.930 0.881 0.834 0.790 0.749 0.711 0.675 0.643 0.656 0.674 0.695 0.720 0.749 0.782 0.818 0.859 0.904 0.953 1.005 1.061 1.061 1.059 1.055 1.049 1.041 1.031 1.019 1.005 0.988 0.970 0.950 0.928 1.044 1.163 1.283 1.404 1.528 1.653 1.780 1.909 2.039 2.172 2.306 2.441
3.027 2.933 2.831 2.718 2.597 2.466 2.326 2.177 2.018 1.850 1.688 1.529 1.498 1.478 1.455 1.430 1.403 1.373 1.341 1.307 1.270 1.231 1.189 1.145 1.093 1.042 0.994 0.949 0.906 0.866 0.829 0.795 0.763 0.735 0.709 0.685 0.707 0.738 0.773 0.811 0.854 0.901 0.952 1.006 1.065 1.127 1.194 1.264 1.267 1.258 1.247 1.234 1.218 1.201 1.182 1.160 1.137 1.111 1.084 1.054 1.157 1.281 1.407 1.535 1.665 1.796 1.929 2.064 2.201 2.339 2.479 2.621
3.273 3.147 3.011 2.846 2.682 2.519 2.358 2.199 2.041 1.885 1.730 1.577 1.519 1.491 1.460 1.427 1.391 1.353 1.312 1.269 1.224 1.176 1.126 1.074 1.027 0.986 0.948 0.912 0.879 0.849 0.822 0.797 0.775 0.756 0.739 0.725 0.753 0.798 0.846 0.899 0.956 1.016 1.081 1.149 1.222 1.298 1.378 1.462 1.475 1.458 1.440 1.420 1.397 1.373 1.346 1.318 1.287 1.255 1.220 1.183 1.267 1.398 1.530 1.664 1.800 1.937 2.076 2.225 2.392 2.564 2.743 2.928
3.334 3.170 3.009 2.848 2.690 2.533 2.377 2.223 2.071 1.920 1.771 1.623 1.543 1.507 1.467 1.425 1.381 1.335 1.286 1.234 1.181 1.124 1.066 1.005 0.959 0.928 0.899 0.873 0.850 0.829 0.811 0.796 0.784 0.774 0.767 0.763 0.795 0.854 0.916 0.983 1.053 1.127 1.206 1.288 1.374 1.464 1.558 1.656 1.684 1.660 1.635 1.607 1.578 1.546 1.513 1.477 1.439 1.399 1.358 1.314 1.378 1.523 1.674 1.831 1.994 2.163 2.339 2.521 2.709 2.904 3.104 3.311
3.318 3.160 3.004 2.849 2.696 2.544 2.394 2.246 2.099 1.954 1.810 1.667 1.570 1.525 1.477 1.427 1.374 1.319 1.262 1.202 1.140 1.075 1.008 0.939 0.889 0.867 0.848 0.831 0.817 0.806 0.798 0.792 0.790 0.789 0.792 0.797 0.833 0.905 0.982 1.062 1.146 1.234 1.326 1.422 1.522 1.626 1.734 1.846 1.895 1.864 1.832 1.797 1.760 1.708 1.651 1.601 1.556 1.516 1.483 1.455 1.516 1.682 1.855 2.033 2.218 2.409 2.607 2.810 3.020 3.236 3.458 3.687
3.301 3.149 2.998 2.849 2.701 2.555 2.410 2.267 2.125 1.985 1.847 1.710 1.600 1.546 1.490 1.431 1.370 1.306 1.241 1.172 1.102 1.028 0.953 0.875 0.815 0.803 0.793 0.786 0.782 0.781 0.782 0.786 0.793 0.802 0.814 0.829 0.867 0.953 1.043 1.137 1.235 1.337 1.443 1.553 1.666 1.784 1.879 1.962 1.993 1.928 1.869 1.815 1.767 1.725 1.688 1.657 1.632 1.613 1.599 1.591 1.647 1.835 2.029 2.230 2.436 2.649 2.868 3.093 3.325 3.562 3.806 4.056
3.282 3.135 2.990 2.846 2.704 2.563 2.424 2.286 2.150 2.016 1.883 1.751 1.632 1.569 1.505 1.438 1.368 1.296 1.222 1.145 1.066 0.984 0.901 0.814 0.739 0.736 0.736 0.739 0.744 0.752 0.763 0.776 0.793 0.812 0.833 0.858 0.897 0.997 1.100 1.208 1.310 1.406 1.497 1.582 1.662 1.736 1.804 1.867 1.905 1.860 1.821 1.787 1.759 1.736 1.720 1.708 1.703 1.703 1.709 1.721 1.772 1.982 2.198 2.420 2.648 2.883 3.123 3.370 3.623 3.882 4.148 4.419
3.263 3.120 2.980 2.842 2.705 2.570 2.436 2.304 2.173 2.044 1.917 1.791 1.666 1.595 1.522 1.447 1.369 1.288 1.206 1.121 1.033 0.943 0.851 0.756 0.660 0.667 0.676 0.688 0.703 0.721 0.741 0.765 0.812 0.859 0.904 0.950 0.995 1.095 1.189 1.277 1.359 1.436 1.507 1.572 1.632 1.686 1.734 1.777 1.812 1.787 1.767 1.753 1.745 1.742 1.745 1.754 1.768 1.788 1.814 1.845 1.891 2.123 2.360 2.604 2.854 3.110 3.372 3.640 3.915 4.196 4.483 4.776
3.263 3.104 2.969 2.836 2.705 2.575 2.447 2.320 2.195 2.071 1.949 1.828 1.709 1.624 1.542 1.458 1.372 1.283 1.192 1.099 1.003 0.904 0.804 0.700 0.601 0.634 0.683 0.731 0.779 0.825 0.872 0.917 0.962 1.006 1.049 1.092 1.134 1.209 1.283 1.351 1.414 1.471 1.522 1.568 1.608 1.642 1.671 1.694 1.711 1.708 1.708 1.714 1.725 1.742 1.765 1.794 1.828 1.868 1.913 1.964 2.021 2.257 2.516 2.781 3.053 3.331 3.614 3.904 4.201 4.503 4.812 5.126
3.272 3.086 2.956 2.829 2.703 2.578 2.455 2.334 2.214 2.096 1.979 1.864 1.751 1.655 1.565 1.473 1.378 1.294 1.234 1.171 1.103 1.032 0.956 0.876 0.792 0.801 0.848 0.894 0.939 0.983 1.027 1.070 1.112 1.154 1.195 1.235 1.275 1.328 1.383 1.431 1.474 1.511 1.543 1.569 1.589 1.604 1.613 1.616 1.614 1.623 1.643 1.669 1.700 1.737 1.780 1.828 1.882 1.941 2.007 2.077 2.154 2.385 2.666 2.953 3.246 3.545 3.851 4.162 4.480 4.804 5.134 5.470
3.290 3.066 2.942 2.820 2.699 2.580 2.463 2.347 2.232 2.119 2.041 1.986 1.913 1.845 1.787 1.726 1.660 1.590 1.517 1.439 1.357 1.270 1.180 1.086 0.987 0.969 1.013 1.057 1.099 1.141 1.183 1.223 1.263 1.302 1.341 1.379 1.416 1.454 1.488 1.517 1.540 1.558 1.569 1.576 1.576 1.571 1.560 1.544 1.522 1.533 1.573 1.618 1.669 1.726 1.788 1.856 1.930 2.009 2.094 2.185 2.281 2.507 2.810 3.118 3.433 3.753 4.080 4.413 4.753 5.098 5.450 5.808
3.316 3.044 2.926 2.897 2.906 2.897 2.870 2.824 2.760 2.678 2.578 2.459 2.322 2.203 2.131 2.055 1.975 1.891 1.803 1.710 1.614 1.513 1.409 1.300 1.187 1.138 1.179 1.220 1.260 1.300 1.339 1.377 1.414 1.451 1.487 1.523 1.557 1.585 1.599 1.608 1.612 1.609 1.602 1.588 1.569 1.544 1.514 1.478 1.436 1.438 1.497 1.563 1.633 1.710 1.792 1.879 1.973 2.072 2.177 2.287 2.403 2.623 2.947 3.277 3.613 3.955 4.304 4.659 5.020 5.388 5.761 6.139
4.075 3.957 3.938 3.902 3.847 3.773 3.682 3.572 3.444 3.298 3.133 2.951 2.750 2.566 2.479 2.389 2.294 2.196 2.093 1.986 1.875 1.760 1.641 1.518 1.390 1.307 1.346 1.384 1.422 1.459 1.496 1.531 1.566 1.601 1.634 1.667 1.699 1.721 1.716 1.705 1.689 1.667 1.639 1.606 1.567 1.523 1.473 1.417 1.355 1.337 1.416 1.501 1.591 1.688 1.789 1.897 2.010 2.129 2.253 2.383 2.519 2.735 3.085 3.440 3.800 4.166 4.536 4.912 5.292 5.678 6.069 6.466
5.170 5.108 5.026 4.925 4.806 4.668 4.513 4.339 4.147 3.937 3.708 3.462 3.197 2.932 2.831 2.727 2.618 2.504 2.387 2.266 2.141 2.011 1.877 1.740 1.598 1.476 1.513 1.549 1.584 1.619 1.653 1.686 1.719 1.751 1.782 1.812 1.842 1.863 1.838 1.808 1.772 1.730 1.683 1.630 1.571 1.507 1.438 1.362 1.281 1.230 1.329 1.434 1.544 1.660 1.969 2.343 2.630 2.829 2.941 2.965 2.901 2.876 3.244 3.617 3.995 4.379 4.767 5.161 5.559 5.963 6.372 6.787
