DATA/SHG/ECMWF/20170628/EN-1/20170702.en-1.asc
ncols        190
nrows        64
xllcorner    -5100000.000000000000
yllcorner    4130000.000000000000
cellsize     10000.000000000000
NODATA_value  -99999.000
[rows 32 to 63 of 64, columns 72 to 143 of 190]
5.114 5.030 5.465 5.878 6.268 6.635 6.980 7.303 7.603 7.880 8.135 8.367 8.577 8.715 8.615 8.547 8.510 8.506 8.534 8.594 8.686 8.810 8.969 9.156 9.368 9.585 9.733 9.869 9.994 10.106 10.208 10.297 10.375 10.442 10.496 10.540 10.571 10.410 9.901 9.383 8.856 8.321 7.776 7.222 6.659 6.240 6.191 6.057 5.836 6.846 9.277 11.649 13.960 16.212 18.404 20.536 22.608 24.620 26.572 28.464 30.297 29.862 27.881 25.886 23.878 21.857 19.822 17.774 15.713 13.638 11.549 9.448
5.025 4.804 5.159 5.493 5.805 6.095 6.362 6.606 6.828 7.028 7.205 7.359 7.491 7.597 7.608 7.651 7.727 7.834 7.973 8.145 8.348 8.584 8.854 9.154 9.479 9.803 9.900 9.984 10.057 10.119 10.168 10.207 10.233 10.248 10.251 10.243 10.426 11.180 11.440 11.614 11.701 11.702 11.616 11.444 11.186 10.841 10.410 9.892 9.288 9.627 11.794 13.901 15.948 17.935 19.863 21.731 23.538 25.286 26.975 28.603 30.172 29.998 27.957 25.903 23.835 21.754 19.660 17.552 15.431 13.297 11.149 8.988
4.952 4.673 4.873 5.130 5.364 5.576 5.765 5.931 6.076 6.197 6.297 6.373 6.428 6.459 6.574 6.728 6.915 7.134 7.384 7.667 7.982 8.329 8.711 9.123 9.561 10.024 10.079 10.218 10.796 11.442 12.157 12.940 13.791 14.710 15.697 16.753 17.877 18.933 18.809 18.600 18.304 17.922 17.453 16.898 16.257 15.529 14.715 13.814 12.828 12.467 14.370 16.212 17.996 19.719 21.382 22.986 24.530 26.014 27.438 28.803 30.107 30.149 28.048 25.934 23.807 21.666 19.512 17.345 15.164 12.970 10.762 8.542
4.895 4.558 4.610 4.788 4.944 5.078 5.189 5.278 5.345 5.389 5.410 5.409 5.386 5.340 5.511 5.777 6.075 6.405 6.767 7.407 8.433 9.469 10.455 11.390 12.333 13.283 14.062 14.874 15.753 16.701 17.717 18.801 19.953 21.173 22.462 23.819 25.244 26.737 26.263 25.671 24.992 24.227 23.376 22.438 21.414 20.303 19.107 17.824 16.455 15.366 17.005 18.584 20.103 21.562 22.962 24.301 25.582 26.802 27.962 29.063 30.104 30.313 28.153 25.979 23.792 21.592 19.379 17.152 14.911 12.657 10.390 8.110
4.853 4.459 4.367 4.468 4.546 4.602 4.636 4.647 4.635 4.602 4.545 4.467 4.650 5.212 6.076 7.087 8.108 9.138 10.178 11.227 12.285 13.353 14.372 15.340 16.316 17.299 18.335 19.447 20.628 21.877 23.194 24.579 26.032 27.554 29.143 30.801 32.527 34.321 33.802 32.827 31.765 30.618 29.384 28.063 26.657 25.164 23.585 21.920 20.169 18.331 19.699 21.014 22.269 23.465 24.601 25.677 26.694 27.650 28.547 29.385 30.162 30.491 28.271 26.038 23.792 21.532 19.259 16.972 14.672 12.359 10.033 7.693
4.827 4.376 4.146 4.169 4.170 4.303 4.623 5.012 5.469 5.993 6.587 7.248 7.977 8.775 9.721 10.764 11.818 12.880 13.952 15.033 16.124 17.224 18.275 19.276 20.285 21.301 22.525 23.939 25.421 26.970 28.588 30.274 32.028 33.851 35.741 37.699 39.726 41.820 41.425 40.067 38.624 37.094 35.477 33.775 31.986 30.111 28.150 26.103 23.970 21.750 22.453 23.504 24.496 25.428 26.300 27.113 27.866 28.559 29.193 29.767 30.281 30.683 28.404 26.111 23.805 21.486 19.153 16.807 14.448 12.075 9.689 7.290
5.152 4.792 4.651 5.003 5.423 5.911 6.468 7.092 7.785 8.546 9.375 10.272 11.238 12.271 13.352 14.428 15.514 16.608 17.712 18.826 19.949 21.082 22.165 23.199 24.240 25.289 26.634 28.348 30.131 31.982 33.900 35.887 37.942 40.065 42.255 44.514 46.841 49.236 49.133 47.393 45.567 43.655 41.657 39.572 37.402 35.145 32.802 30.373 27.858 25.257 25.266 26.054 26.782 27.451 28.060 28.609 29.099 29.529 29.899 30.210 30.461 30.653 28.551 26.198 23.833 21.454 19.062 16.656 14.237 11.805 9.360 6.901
6.063 5.684 5.485 6.073 6.729 7.454 8.246 9.107 10.035 11.032 12.097 13.230 14.431 15.701 16.970 18.079 19.196 20.323 21.460 22.606 23.761 24.926 26.042 27.109 28.183 29.264 30.661 32.676 34.759 36.911 39.130 41.417 43.772 46.196 48.687 51.246 53.873 56.568 56.925 54.803 52.595 50.301 47.921 45.455 42.903 40.265 37.540 34.730 31.833 28.851 28.138 28.662 29.127 29.533 29.879 30.165 30.392 30.559 30.666 30.714 30.702 30.631 28.711 26.299 23.874 21.436 18.940 16.366 13.844 11.374 8.956 6.591
6.979 6.580 6.254 7.078 7.970 8.931 9.959 11.055 12.220 13.452 14.753 16.122 17.559 19.063 20.575 21.716 22.866 24.025 25.194 26.372 27.559 28.756 29.905 31.004 32.111 33.225 34.607 36.922 39.306 41.758 44.277 46.865 49.520 52.244 55.035 57.894 60.822 63.817 64.801 62.298 59.708 57.033 54.271 51.424 48.490 45.470 42.365 39.173 35.895 32.531 31.069 31.330 31.532 31.675 31.758 31.781 31.745 31.569 31.075 30.540 29.967 29.355 27.392 24.839 22.338 19.889 17.492 15.147 12.854 10.613 8.424 6.287
7.899 7.480 7.055 8.018 9.146 10.342 11.606 12.938 14.338 15.807 17.343 18.947 20.619 22.359 24.167 25.339 26.522 27.713 28.914 30.124 31.344 32.573 33.755 34.887 36.026 37.173 38.471 41.087 43.771 46.523 49.342 52.230 55.186 58.209 61.301 64.460 67.687 70.982 72.762 69.877 66.906 63.849 60.707 57.478 54.163 50.762 47.276 43.703 39.945 35.722 33.142 32.748 32.316 31.844 31.333 30.783 30.194 29.566 28.899 28.193 27.447 26.663 24.978 22.654 20.381 18.161 15.993 13.877 11.813 9.801 7.841 5.933
8.823 8.384 7.939 8.893 10.256 11.688 13.188 14.755 16.391 18.095 19.866 21.706 23.613 25.589 27.632 28.950 30.164 31.388 32.621 33.864 35.116 36.377 37.591 38.756 39.928 41.108 42.295 45.170 48.154 51.206 54.326 57.513 60.769 64.092 67.483 70.942 74.469 78.064 80.807 77.369 72.482 67.739 63.141 58.688 54.379 50.214 46.194 42.319 38.588 35.002 32.387 31.821 31.217 30.572 29.889 29.167 28.406 27.606 26.766 25.888 24.970 24.013 22.514 20.418 18.375 16.384 14.444 12.557 10.721 8.938 7.207 5.527
9.751 9.293 8.828 9.702 11.302 12.969 14.704 16.507 18.378 20.317 22.324 24.398 26.541 28.751 31.030 32.547 33.794 35.050 36.315 37.590 38.874 40.168 41.414 42.611 43.816 45.029 46.248 49.172 52.456 55.807 59.165 61.358 63.476 65.519 67.486 69.377 71.192 72.933 74.527 70.132 65.882 61.776 57.815 53.998 50.326 46.798 43.414 40.176 37.081 34.131 31.675 30.937 30.160 29.344 28.488 27.594 26.661 25.688 24.677 23.626 22.536 21.408 20.000 18.133 16.319 14.556 12.845 11.186 9.579 8.025 6.522 5.071
10.684 10.206 9.722 10.447 12.282 14.184 16.155 18.193 20.299 22.473 24.715 27.025 29.402 31.848 34.361 36.131 37.410 38.698 39.996 41.303 42.619 43.945 44.347 44.671 44.971 45.247 45.499 47.127 49.216 51.228 53.165 55.027 56.813 58.524 60.159 61.718 63.202 64.611 65.944 62.748 59.134 55.665 52.340 49.160 46.124 43.232 40.485 37.882 35.423 33.109 31.005 30.095 29.145 28.157 27.130 26.063 24.958 23.813 22.630 21.407 20.146 18.845 17.437 15.799 14.212 12.678 11.196 9.766 8.387 7.061 5.786 4.563
11.621 11.123 10.619 11.127 13.197 15.335 17.540 19.813 22.155 24.564 27.040 29.585 32.197 34.878 37.626 38.795 39.097 39.370 39.612 39.823 40.005 40.156 40.339 40.557 40.752 40.923 41.070 42.213 43.970 45.651 47.256 48.786 50.240 51.619 52.923 54.151 55.304 56.381 57.383 55.217 52.240 49.407 46.718 44.174 41.773 39.517 37.406 35.438 33.615 31.937 30.402 29.295 28.173 27.013 25.814 24.575 23.298 21.981 20.626 19.232 17.798 16.326 14.824 13.414 12.056 10.751 9.497 8.294 7.144 6.046 5.000 4.005
12.562 12.044 11.521 11.742 14.047 16.420 18.860 21.369 23.421 25.404 27.327 29.190 30.992 32.734 34.416 35.548 35.746 35.914 36.052 36.160 36.237 36.284 36.362 36.476 36.565 36.631 36.672 37.389 38.814 40.163 41.437 42.635 43.759 44.806 45.779 46.675 47.497 48.243 48.913 47.540 45.198 43.001 40.948 39.039 37.274 35.654 34.177 32.845 31.657 30.613 29.714 28.537 27.243 25.911 24.540 23.130 21.680 20.192 18.665 17.099 15.494 13.850 12.167 10.980 9.850 8.773 7.747 6.773 5.851 4.981 4.163 3.396
13.501 12.754 12.017 11.673 13.750 15.767 17.724 19.620 21.456 23.232 24.947 26.602 28.197 29.731 31.205 32.332 32.427 32.491 32.525 32.528 32.502 32.445 32.418 32.426 32.410 32.371 32.307 32.654 33.748 34.766 35.708 36.575 37.367 38.084 38.725 39.291 39.781 40.196 40.536 39.716 38.010 36.448 35.030 33.756 32.627 31.641 30.800 30.102 29.549 29.140 28.875 27.821 26.356 24.852 23.309 21.727 20.106 18.446 16.747 15.009 13.232 11.417 9.562 8.496 7.595 6.745 5.947 5.202 4.508 3.865 3.275 2.737
12.913 12.199 11.494 10.805 12.675 14.484 16.233 17.921 19.549 21.117 22.625 24.073 25.460 26.786 28.053 29.148 29.138 29.098 29.028 28.928 28.797 28.637 28.505 28.408 28.287 28.142 27.973 28.009 28.771 29.458 30.069 30.606 31.067 31.452 31.762 31.997 32.157 32.241 32.250 31.746 30.675 29.748 28.965 28.326 27.831 27.480 27.273 27.210 27.291 27.516 27.885 27.147 25.510 23.834 22.120 20.366 18.574 16.742 14.872 12.962 11.014 9.027 7.001 5.963 5.289 4.668 4.098 3.580 3.114 2.699 2.442 2.470
12.318 11.636 10.963 10.300 11.656 13.257 14.799 16.280 17.700 19.061 20.361 21.601 22.781 23.900 24.959 25.958 25.881 25.738 25.564 25.359 25.125 24.860 24.624 24.422 24.196 23.946 23.672 23.453 23.884 24.240 24.521 24.726 24.856 24.911 24.890 24.795 24.624 24.377 24.056 23.629 23.193 22.900 22.752 22.747 22.886 23.169 23.597 24.168 24.883 25.742 26.745 26.515 24.707 22.859 20.973 19.048 17.084 15.081 13.039 10.958 8.838 6.763 4.969 4.259 4.189 4.157 4.163 4.206 4.286 4.404 4.560 4.753
11.714 11.064 10.424 9.793 10.694 12.088 13.422 14.696 15.909 17.062 18.155 19.187 20.160 21.072 21.924 22.716 22.656 22.408 22.130 21.822 21.484 21.115 20.775 20.468 20.137 19.782 19.403 18.999 19.087 19.112 19.062 18.936 18.736 18.460 18.109 17.683 17.181 16.605 15.953 15.366 15.564 15.906 16.391 17.020 17.794 18.711 19.772 20.977 22.325 23.818 25.454 25.925 23.993 22.399 20.761 19.080 17.355 15.587 13.775 11.920 10.021 8.079 6.094 5.184 5.280 5.412 5.582 5.790 6.035 6.318 6.638 6.995
11.102 10.485 9.877 9.279 9.790 10.976 12.103 13.169 14.175 15.121 16.006 16.832 17.597 18.302 18.947 19.532 19.462 19.110 18.728 18.317 17.875 17.402 16.958 16.545 16.109 15.649 15.165 14.657 14.378 14.073 13.693 13.237 12.706 12.100 11.418 10.662 9.830 8.923 7.941 6.957 7.789 8.764 9.883 11.167 13.368 15.605 17.878 20.186 22.530 24.909 27.325 28.821 27.078 25.292 23.463 21.590 19.673 17.713 15.710 13.663 11.573 9.440 7.263 6.071 6.331 6.628 6.962 7.335 7.744 8.191 8.676 9.198
10.483 9.898 9.322 8.756 8.942 9.922 10.841 11.700 12.498 13.237 13.916 14.534 15.092 15.590 16.028 16.406 16.299 15.843 15.358 14.842 14.297 13.721 13.172 12.654 12.113 11.548 10.959 10.346 9.760 9.124 8.413 7.627 6.766 5.830 4.818 4.555 4.359 4.183 4.026 3.887 5.913 8.164 10.451 12.774 15.132 17.527 19.957 22.422 24.923 27.460 30.033 32.140 30.206 28.228 26.207 24.142 22.034 19.883 17.688 15.450 13.168 10.843 8.474 6.918 7.342 7.804 8.303 8.840 9.414 10.025 10.674 11.360
9.855 9.302 8.759 8.225 8.152 8.924 9.636 10.288 10.879 11.411 11.883 12.294 12.645 12.936 13.168 13.339 13.167 12.608 12.019 11.399 10.750 10.070 9.417 8.795 8.149 7.479 7.203 7.003 6.771 6.525 6.298 6.091 5.903 5.734 5.584 5.453 5.342 5.249 5.176 5.122 7.007 9.416 11.860 14.340 16.856 19.408 21.995 24.617 27.276 29.970 32.699 35.465 33.376 31.207 28.994 26.738 24.438 22.095 19.709 17.279 14.806 12.290 9.730 7.726 8.315 8.941 9.604 10.305 11.044 11.819 12.633 13.483
9.219 8.699 8.188 7.687 7.418 7.983 8.488 8.933 9.318 9.642 9.907 10.112 10.256 10.341 10.365 10.329 10.066 9.403 8.989 8.726 8.481 8.253 8.043 7.849 7.668 7.502 7.348 7.209 7.058 6.896 6.754 6.631 6.527 6.442 6.376 6.330 6.302 6.294 6.305 6.335 8.061 10.627 13.229 15.866 18.539 21.248 23.992 26.772 29.587 32.438 35.325 38.247 36.588 34.227 31.823 29.375 26.884 24.350 21.773 19.151 16.487 13.779 11.028 8.495 9.248 10.039 10.866 11.731 12.634 13.574 14.551 15.566
8.576 8.088 7.609 7.140 6.741 7.099 7.397 7.635 7.813 7.931 7.989 8.162 8.394 8.611 8.815 9.005 9.101 8.863 8.643 8.439 8.253 8.084 7.934 7.800 7.679 7.572 7.479 7.399 7.323 7.246 7.187 7.148 7.128 7.128 7.146 7.184 7.241 7.316 7.412 7.526 9.075 11.798 14.557 17.351 20.181 23.047 25.948 28.885 31.858 34.866 37.910 40.989 39.843 37.290 34.695 32.056 29.374 26.648 23.879 21.067 18.211 15.312 12.370 9.385 10.142 11.097 12.089 13.118 14.185 15.289 16.430 17.609
7.924 7.469 7.022 6.585 6.224 6.468 6.736 6.990 7.229 7.455 7.666 7.863 8.047 8.216 8.371 8.512 8.621 8.443 8.281 8.137 8.010 7.900 7.810 7.735 7.674 7.627 7.594 7.574 7.567 7.573 7.599 7.644 7.709 7.792 7.894 8.016 8.157 8.317 8.496 8.694 10.049 12.929 15.845 18.796 21.783 24.806 27.864 30.958 34.087 37.252 40.453 43.689 43.139 40.396 37.609 34.779 31.905 28.989 26.029 23.025 19.978 16.888 13.755 10.579 10.998 12.116 13.272 14.466 15.696 16.964 18.270 19.613
7.607 7.276 6.955 6.644 6.343 6.473 6.692 6.898 7.089 7.266 7.429 7.578 7.713 7.834 7.941 8.034 8.113 8.007 7.905 7.820 7.752 7.701 7.670 7.655 7.654 7.667 7.693 7.733 7.789 7.880 7.990 8.119 8.267 8.434 8.621 8.827 9.051 9.295 9.558 9.841 10.982 14.020 17.092 20.201 23.345 26.524 29.739 32.990 36.276 39.598 42.955 46.348 46.478 43.543 40.565 37.544 34.480 31.372 28.221 25.026 21.789 18.508 15.184 11.816 11.814 13.096 14.416 15.774 17.168 18.600 20.070 21.577
7.581 7.284 6.997 6.720 6.453 6.491 6.662 6.819 6.962 7.090 7.205 7.306 7.393 7.465 7.524 7.568 7.599 7.556 7.513 7.487 7.479 7.487 7.515 7.560 7.619 7.692 7.778 7.877 7.990 8.164 8.358 8.571 8.804 9.055 9.325 9.615 9.924 10.252 10.599 10.965 11.876 15.070 18.300 21.565 24.865 28.202 31.574 34.981 38.424 41.903 45.417 48.967 49.859 46.733 43.564 40.352 37.097 33.798 30.456 27.070 23.642 20.170 16.655 13.097 12.591 14.037 15.449 16.663 17.866 19.060 20.243 21.416
7.546 7.283 7.030 6.787 6.554 6.522 6.644 6.753 6.847 6.928 6.994 7.047 7.085 7.110 7.120 7.116 7.099 7.091 7.107 7.140 7.190 7.258 7.345 7.450 7.569 7.701 7.847 8.006 8.179 8.427 8.705 9.002 9.318 9.654 10.008 10.382 10.774 11.186 11.617 12.067 12.729 16.080 19.466 22.888 26.346 29.839 33.368 36.932 40.531 44.167 47.838 51.544 53.282 49.965 46.605 43.202 39.756 36.179 32.091 28.086 24.165 20.328 16.575 12.906 11.708 12.898 14.078 15.248 16.407 17.556 18.695 19.824
7.502 7.273 7.054 6.844 6.645 6.566 6.640 6.700 6.746 6.779 6.797 6.801 6.791 6.767 6.729 6.677 6.611 6.610 6.685 6.777 6.887 7.013 7.160 7.325 7.503 7.695 7.900 8.119 8.352 8.668 9.030 9.411 9.812 10.231 10.669 11.127 11.603 12.099 12.614 13.147 13.700 17.050 20.593 24.172 27.786 31.436 35.121 38.842 42.583 45.593 48.510 51.333 52.917 48.776 44.719 40.745 36.856 33.050 29.328 25.690 22.135 18.665 15.278 11.975 10.437 11.583 12.719 13.844 14.959 16.064 17.159 18.244
7.448 7.253 7.068 6.892 6.727 6.622 6.648 6.660 6.658 6.642 6.612 6.568 6.510 6.438 6.352 6.252 6.138 6.114 6.249 6.400 6.568 6.754 6.960 7.184 7.422 7.674 7.939 8.217 8.509 8.888 9.334 9.799 10.283 10.786 11.308 11.850 12.410 12.989 13.588 14.206 14.661 17.492 20.748 23.911 26.980 29.956 32.838 35.627 38.322 40.924 43.432 45.847 47.872 44.098 40.407 36.800 33.277 29.838 26.482 23.210 20.022 16.918 13.897 10.960 9.178 10.280 11.371 12.452 13.523 14.584 15.635 16.675
7.386 7.224 7.073 6.931 6.800 6.692 6.670 6.634 6.584 6.519 6.441 6.349 6.243 6.122 5.988 5.840 5.677 5.604 5.797 6.007 6.235 6.479 6.745 7.029 7.326 7.637 7.962 8.300 8.651 9.087 9.616 10.120 10.604 11.075 11.533 11.980 12.414 12.835 13.244 13.641 14.025 16.195 19.043 21.797 24.457 27.025 29.498 31.879 34.165 36.359 38.458 40.465 42.377 39.338 36.014 32.773 29.616 26.543 23.554 20.648 17.826 15.088 12.433 9.862 7.931 8.988 10.035 11.072 12.099 13.115 14.122 15.118
7.314 7.186 7.069 6.961 6.863 6.775 6.705 6.620 6.522 6.409 6.283 6.142 5.988 5.819 5.637 5.441 5.230 5.078 5.330 5.599 5.886 6.189 6.519 6.863 7.214 7.571 7.934 8.304 8.680 9.090 9.544 9.986 10.415 10.832 11.237 11.629 12.009 12.376 12.731 13.073 13.404 15.000 17.439 19.784 22.037 24.195 26.261 28.233 30.111 31.896 33.588 35.186 36.691 34.497 31.539 28.665 25.874 23.167 20.543 18.003 15.547 13.175 10.886 8.681 6.694 7.707 8.710 9.703 10.686 11.658 12.620 13.572
