DATA/SHG/ECMWF/20170628/EN-1/20170628.en-1.asc
ncols        190
nrows        64
xllcorner    -5100000.000000000000
yllcorner    4130000.000000000000
cellsize     10000.000000000000
NODATA_value  -99999.000
[rows 0 to 32 of 64, columns 0 to 73 of 190]
2.254 2.312 2.357 2.388 2.406 2.410 2.401 2.378 2.342 2.256 2.152 2.043 1.929 1.810 1.686 1.557 1.422 1.283 1.139 1.145 1.192 1.343 1.541 1.733 1.917 2.094 2.265 2.428 2.584 2.734 2.876 3.012 3.141 3.312 3.523 3.743 3.972 4.211 4.460 4.718 4.986 5.263 5.550 5.846 6.152 6.289 6.275 6.266 6.261 6.261 6.265 6.274 6.287 6.305 6.327 6.354 6.386 6.421 6.445 6.454 6.447 6.426 6.389 6.338 6.271 6.189 6.091 5.979 5.852 5.794 5.866 5.931 5.990 6.044
1.723 1.733 1.730 1.714 1.684 1.641 1.584 1.514 1.430 1.322 1.201 1.074 1.166 1.253 1.329 1.392 1.444 1.484 1.512 1.528 1.532 1.626 1.799 1.966 2.126 2.279 2.424 2.563 2.695 2.820 2.938 3.049 3.153 3.316 3.560 3.814 4.077 4.350 4.632 4.924 5.225 5.536 5.857 6.187 6.526 6.737 6.739 6.745 6.756 6.772 6.792 6.817 6.846 6.880 6.918 6.961 7.008 7.037 7.008 6.963 6.904 6.829 6.739 6.634 6.514 6.378 6.228 6.063 5.882 5.750 5.800 5.844 5.883 5.915
1.207 1.170 1.119 1.055 1.010 1.105 1.220 1.356 1.513 1.647 1.728 1.797 1.854 1.899 1.933 1.954 1.964 1.962 1.948 1.922 1.884 1.915 2.064 2.206 2.341 2.470 2.591 2.705 2.813 2.913 3.007 3.093 3.173 3.310 3.588 3.875 4.172 4.478 4.794 5.120 5.455 5.800 6.154 6.517 6.891 7.179 7.197 7.220 7.247 7.278 7.314 7.355 7.400 7.449 7.503 7.562 7.625 7.667 7.584 7.486 7.374 7.246 7.102 6.944 6.771 6.583 6.379 6.160 5.870 5.610 5.630 5.673 5.740 5.830
1.030 1.115 1.221 1.348 1.495 1.662 1.850 2.059 2.288 2.473 2.512 2.539 2.554 2.557 2.548 2.528 2.496 2.452 2.396 2.328 2.248 2.211 2.336 2.453 2.564 2.668 2.765 2.854 2.937 3.013 3.082 3.144 3.199 3.294 3.605 3.926 4.257 4.597 4.947 5.306 5.674 6.053 6.440 6.838 7.244 7.617 7.651 7.689 7.732 7.779 7.831 7.887 7.948 8.014 8.083 8.158 8.237 8.310 8.175 8.024 7.848 7.554 7.259 6.964 6.669 6.374 6.079 5.783 5.488 5.192 5.288 5.413 5.561 5.733
1.201 1.359 1.537 1.736 1.956 2.196 2.456 2.738 3.039 3.310 3.307 3.292 3.265 3.226 3.176 3.113 3.039 2.953 2.856 2.746 2.624 2.514 2.614 2.708 2.794 2.873 2.945 3.011 3.069 3.120 3.165 3.203 3.233 3.268 3.613 3.968 4.332 4.706 5.089 5.482 5.884 6.296 6.717 7.148 7.588 8.038 8.099 8.153 8.211 8.275 8.342 8.414 8.491 8.540 8.487 8.435 8.383 8.332 8.059 7.764 7.469 7.174 6.879 6.584 6.288 5.993 5.697 5.402 5.106 4.810 4.923 5.130 5.360 5.614
1.348 1.579 1.830 2.102 2.394 2.706 3.039 3.393 3.767 4.159 4.114 4.057 3.988 3.907 3.815 3.711 3.595 3.467 3.327 3.176 3.013 2.838 2.900 2.969 3.030 3.085 3.133 3.174 3.208 3.235 3.255 3.268 3.274 3.274 3.611 3.999 4.397 4.804 5.221 5.647 6.083 6.529 6.983 7.448 7.922 8.405 8.492 8.437 8.382 8.327 8.274 8.221 8.169 8.118 8.068 8.018 7.969 7.921 7.681 7.386 7.091 6.796 6.500 6.204 5.909 5.613 5.317 5.021 4.725 4.429 4.538 4.826 5.138 5.473
1.473 1.776 2.100 2.444 2.808 3.193 3.599 4.025 4.471 4.938 4.932 4.833 4.723 4.600 4.466 4.320 4.162 3.993 3.811 3.618 3.413 3.196 3.192 3.236 3.274 3.304 3.327 3.344 3.353 3.356 3.352 3.340 3.322 3.297 3.599 4.021 4.452 4.893 5.343 5.774 6.175 6.564 6.939 7.301 7.651 7.988 8.051 7.998 7.946 7.895 7.844 7.794 7.745 7.696 7.648 7.601 7.555 7.510 7.305 7.009 6.713 6.418 6.122 5.826 5.530 5.234 4.937 4.641 4.345 4.048 4.130 4.501 4.894 5.311
1.575 1.950 2.346 2.763 3.200 3.657 4.135 4.633 5.152 5.692 5.762 5.621 5.469 5.305 5.129 4.941 4.741 4.530 4.307 4.072 3.825 3.567 3.491 3.511 3.524 3.530 3.529 3.521 3.506 3.484 3.456 3.420 3.380 3.347 3.596 4.016 4.424 4.819 5.200 5.569 5.925 6.268 6.599 6.916 7.221 7.512 7.610 7.560 7.510 7.462 7.414 7.366 7.320 7.274 7.229 7.185 7.141 7.098 6.928 6.633 6.337 6.040 5.744 5.448 5.152 4.855 4.559 4.262 3.965 3.668 3.702 4.153 4.628 5.127
1.654 2.102 2.570 3.059 3.568 4.098 4.648 5.219 5.810 6.421 6.603 6.421 6.227 6.021 5.803 5.573 5.332 5.079 4.814 4.538 4.249 3.949 3.797 3.793 3.781 3.719 3.660 3.609 3.565 3.528 3.499 3.477 3.462 3.454 3.630 4.005 4.367 4.717 5.054 5.377 5.688 5.986 6.272 6.544 6.803 7.050 7.169 7.121 7.075 7.028 6.983 6.939 6.895 6.852 6.809 6.768 6.727 6.687 6.553 6.257 5.960 5.664 5.367 5.071 4.774 4.477 4.180 3.883 3.586 3.289 3.251 3.785 4.341 4.921
1.710 2.230 2.771 3.332 3.913 4.515 5.138 5.781 6.444 7.128 7.456 7.232 6.996 6.748 6.489 6.218 5.935 5.623 5.198 4.788 4.393 4.013 3.757 3.702 3.655 3.615 3.581 3.556 3.537 3.526 3.522 3.525 3.535 3.553 3.676 4.007 4.324 4.628 4.920 5.199 5.465 5.718 5.958 6.185 6.400 6.602 6.728 6.683 6.639 6.595 6.553 6.511 6.470 6.429 6.389 6.350 6.312 6.275 6.178 5.882 5.585 5.288 4.991 4.694 4.397 4.100 3.803 3.505 3.208 2.910 2.780 3.394 4.032 4.693
1.743 2.336 2.949 3.582 4.236 4.910 5.604 6.319 7.055 7.810 8.247 7.769 7.306 6.858 6.425 6.008 5.606 5.219 4.847 4.490 4.148 3.822 3.569 3.540 3.518 3.503 3.495 3.495 3.502 3.516 3.537 3.566 3.601 3.644 3.736 4.021 4.294 4.553 4.800 5.033 5.254 5.462 5.658 5.840 6.010 6.167 6.286 6.244 6.203 6.162 6.122 6.083 6.044 6.007 5.970 5.933 5.898 5.863 5.804 5.507 5.210 4.913 4.616 4.319 4.021 3.724 3.426 3.128 2.830 2.533 2.287 2.983 3.702 4.444
1.754 2.418 3.103 3.762 4.367 4.951 5.513 6.054 6.573 7.071 7.453 7.028 6.619 6.225 5.845 5.481 5.132 4.799 4.480 4.177 3.888 3.615 3.373 3.370 3.373 3.384 3.401 3.426 3.459 3.498 3.545 3.599 3.660 3.728 3.809 4.049 4.276 4.491 4.692 4.881 5.057 5.220 5.371 5.508 5.633 5.745 5.844 5.805 5.767 5.729 5.691 5.655 5.619 5.584 5.550 5.516 5.483 5.451 5.420 5.134 4.836 4.539 4.241 3.944 3.646 3.348 3.050 2.799 2.593 2.399 2.217 2.910 3.654 4.372
1.634 2.228 2.801 3.352 3.882 4.390 4.877 5.342 5.786 6.208 6.609 6.273 5.917 5.576 5.250 4.939 4.644 4.363 4.098 3.848 3.612 3.392 3.188 3.192 3.221 3.257 3.300 3.351 3.408 3.473 3.545 3.624 3.711 3.805 3.905 4.090 4.272 4.442 4.598 4.742 4.873 4.992 5.097 5.190 5.270 5.337 5.391 5.366 5.330 5.295 5.260 5.227 5.193 5.161 5.129 5.099 5.068 5.039 5.010 4.761 4.491 4.243 4.007 3.783 3.571 3.371 3.183 3.007 2.843 2.691 2.551 3.056 3.710 4.338
1.474 1.992 2.490 2.965 3.420 3.853 4.264 4.654 5.023 5.370 5.696 5.503 5.200 4.912 4.640 4.382 4.140 3.912 3.700 3.503 3.321 3.154 3.003 3.007 3.062 3.123 3.192 3.267 3.350 3.441 3.538 3.643 3.754 3.873 4.000 4.144 4.281 4.406 4.517 4.616 4.703 4.776 4.837 4.885 4.920 4.942 4.951 4.927 4.894 4.861 4.829 4.798 4.768 4.760 4.757 4.756 4.758 4.761 4.766 4.612 4.394 4.188 3.994 3.812 3.642 3.484 3.337 3.203 3.081 2.971 2.873 3.225 3.789 4.328
1.337 1.780 2.202 2.603 2.982 3.340 3.676 3.991 4.284 4.556 4.807 4.717 4.468 4.233 4.014 3.809 3.620 3.446 3.287 3.143 3.014 2.901 2.802 2.815 2.895 2.982 3.076 3.177 3.285 3.401 3.523 3.653 3.790 3.935 4.086 4.210 4.303 4.383 4.450 4.504 4.545 4.574 4.590 4.593 4.583 4.560 4.544 4.531 4.524 4.519 4.515 4.514 4.514 4.517 4.521 4.527 4.535 4.545 4.557 4.462 4.285 4.121 3.969 3.829 3.701 3.584 3.480 3.388 3.308 3.239 3.183 3.418 3.893 4.343
1.224 1.592 1.939 2.264 2.568 2.851 3.112 3.351 3.570 3.767 3.942 3.917 3.720 3.539 3.373 3.222 3.086 2.965 2.859 2.768 2.692 2.632 2.586 2.616 2.721 2.833 2.952 3.079 3.212 3.353 3.501 3.656 3.819 3.988 4.165 4.290 4.338 4.373 4.390 4.373 4.357 4.340 4.324 4.307 4.290 4.273 4.257 4.246 4.246 4.247 4.251 4.256 4.263 4.272 4.283 4.296 4.311 4.328 4.347 4.300 4.165 4.043 3.933 3.834 3.748 3.674 3.611 3.561 3.522 3.496 3.481 3.635 4.021 4.381
1.135 1.428 1.699 1.949 2.178 2.385 2.571 2.736 2.879 3.001 3.102 3.101 2.958 2.830 2.716 2.618 2.536 2.468 2.415 2.377 2.354 2.347 2.354 2.410 2.540 2.677 2.822 2.973 3.132 3.298 3.472 3.644 3.796 3.938 4.072 4.153 4.137 4.120 4.104 4.087 4.070 4.054 4.037 4.020 4.004 3.987 3.970 3.960 3.966 3.974 3.984 3.996 4.010 4.026 4.044 4.064 4.085 4.109 4.134 4.126 4.034 3.954 3.885 3.829 3.784 3.751 3.731 3.722 3.725 3.740 3.768 3.876 4.172 4.443
1.069 1.287 1.483 1.658 1.812 1.944 2.055 2.145 2.213 2.260 2.285 2.270 2.180 2.105 2.045 2.000 1.970 1.955 1.956 1.971 2.001 2.047 2.107 2.196 2.366 2.548 2.722 2.886 3.042 3.189 3.327 3.457 3.577 3.689 3.792 3.867 3.851 3.834 3.818 3.801 3.784 3.768 3.751 3.734 3.717 3.701 3.684 3.671 3.685 3.700 3.716 3.735 3.756 3.779 3.803 3.830 3.858 3.888 3.921 3.942 3.891 3.853 3.826 3.811 3.808 3.817 3.839 3.872 3.917 3.974 4.042 4.140 4.347 4.529
1.027 1.170 1.291 1.391 1.470 1.527 1.563 1.578 1.571 1.543 1.493 1.425 1.388 1.365 1.358 1.367 1.390 1.480 1.604 1.729 1.855 1.983 2.112 2.243 2.404 2.555 2.698 2.831 2.956 3.072 3.180 3.278 3.368 3.449 3.521 3.582 3.565 3.549 3.532 3.515 3.499 3.482 3.465 3.448 3.432 3.415 3.398 3.382 3.402 3.423 3.447 3.473 3.500 3.529 3.561 3.594 3.629 3.666 3.705 3.746 3.737 3.740 3.755 3.782 3.821 3.872 3.935 4.010 4.096 4.195 4.305 4.428 4.546 4.639
1.009 1.076 1.123 1.148 1.151 1.134 1.095 1.034 0.953 0.850 0.816 0.802 0.909 1.031 1.154 1.278 1.404 1.531 1.660 1.789 1.920 2.053 2.186 2.321 2.451 2.571 2.683 2.786 2.880 2.965 3.042 3.109 3.168 3.218 3.259 3.292 3.280 3.263 3.247 3.230 3.213 3.197 3.180 3.163 3.146 3.130 3.113 3.096 3.117 3.146 3.176 3.208 3.243 3.279 3.317 3.357 3.399 3.443 3.488 3.536 3.572 3.617 3.673 3.742 3.823 3.915 4.020 4.136 4.264 4.405 4.557 4.721 4.769 4.773
1.014 1.006 0.978 0.954 0.933 0.913 0.896 0.881 0.868 0.858 0.849 0.843 0.936 1.062 1.190 1.319 1.449 1.581 1.714 1.848 1.984 2.121 2.259 2.399 2.507 2.597 2.677 2.749 2.813 2.867 2.913 2.950 2.978 2.997 3.007 3.009 2.995 2.979 2.962 2.945 2.929 2.912 2.895 2.878 2.861 2.845 2.828 2.811 2.831 2.866 2.904 2.943 2.984 3.027 3.071 3.118 3.167 3.217 3.270 3.324 3.395 3.481 3.580 3.690 3.813 3.947 4.093 4.235 4.354 4.472 4.589 4.705 4.710 4.681
0.987 0.966 0.948 0.932 0.918 0.906 0.897 0.889 0.884 0.881 0.880 0.881 0.961 1.092 1.224 1.358 1.493 1.629 1.767 1.906 2.046 2.188 2.331 2.475 2.572 2.631 2.681 2.722 2.755 2.778 2.793 2.799 2.796 2.785 2.764 2.735 2.711 2.694 2.678 2.661 2.644 2.627 2.611 2.594 2.577 2.560 2.543 2.526 2.544 2.586 2.630 2.675 2.723 2.773 2.824 2.878 2.933 2.991 3.050 3.111 3.209 3.331 3.452 3.573 3.692 3.811 3.929 4.045 4.161 4.276 4.390 4.503 4.548 4.553
0.940 0.927 0.916 0.908 0.901 0.897 0.895 0.895 0.898 0.902 0.909 0.918 0.984 1.120 1.257 1.395 1.535 1.676 1.818 1.962 2.107 2.253 2.400 2.549 2.647 2.675 2.694 2.704 2.706 2.699 2.683 2.658 2.625 2.582 2.531 2.471 2.427 2.410 2.394 2.377 2.360 2.343 2.327 2.310 2.293 2.276 2.259 2.242 2.255 2.303 2.354 2.407 2.461 2.524 2.591 2.660 2.730 2.801 2.874 2.947 3.042 3.161 3.280 3.397 3.513 3.629 3.743 3.857 3.970 4.082 4.193 4.303 4.377 4.416
0.890 0.885 0.882 0.881 0.882 0.886 0.891 0.899 0.909 0.921 0.935 0.952 1.006 1.147 1.288 1.431 1.576 1.721 1.868 2.016 2.166 2.317 2.469 2.622 2.730 2.728 2.716 2.696 2.666 2.628 2.582 2.526 2.462 2.389 2.307 2.216 2.144 2.127 2.110 2.093 2.077 2.060 2.043 2.026 2.009 1.992 1.991 1.986 1.997 2.062 2.130 2.198 2.267 2.338 2.410 2.483 2.557 2.632 2.708 2.786 2.877 2.993 3.108 3.222 3.336 3.448 3.559 3.670 3.780 3.888 3.996 4.103 4.196 4.270
0.838 0.841 0.845 0.852 0.861 0.872 0.885 0.900 0.918 0.937 0.959 0.983 1.027 1.172 1.318 1.466 1.615 1.765 1.916 2.069 2.223 2.379 2.536 2.694 2.823 2.789 2.747 2.696 2.636 2.567 2.490 2.404 2.309 2.205 2.092 1.971 1.861 1.844 1.827 1.862 1.894 1.915 1.926 1.926 1.915 1.894 1.862 1.820 1.789 1.859 1.930 2.003 2.076 2.151 2.227 2.304 2.382 2.462 2.542 2.624 2.713 2.826 2.938 3.049 3.159 3.268 3.376 3.484 3.590 3.696 3.801 3.904 4.007 4.115
0.784 0.794 0.806 0.821 0.837 0.856 0.876 0.899 0.924 0.952 0.981 1.012 1.046 1.196 1.347 1.499 1.652 1.807 1.963 2.121 2.279 2.439 2.601 2.764 2.925 2.860 2.787 2.706 2.615 2.516 2.407 2.291 2.201 2.122 2.054 1.999 1.956 1.983 1.999 2.004 1.999 1.983 1.956 1.919 1.872 1.813 1.744 1.665 1.581 1.655 1.730 1.807 1.885 1.963 2.043 2.125 2.207 2.291 2.375 2.461 2.550 2.659 2.768 2.876 2.983 3.089 3.195 3.299 3.402 3.505 3.606 3.707 3.809 3.951
0.724 0.745 0.765 0.787 0.811 0.837 0.865 0.896 0.928 0.963 1.000 1.039 1.081 1.218 1.374 1.530 1.688 1.848 2.009 2.171 2.334 2.499 2.665 2.832 2.993 2.897 2.778 2.670 2.574 2.489 2.416 2.354 2.304 2.266 2.238 2.223 2.219 2.209 2.188 2.156 2.114 2.061 1.998 1.923 1.839 1.743 1.637 1.520 1.393 1.450 1.529 1.610 1.692 1.775 1.859 1.944 2.031 2.119 2.208 2.298 2.389 2.494 2.600 2.705 2.809 2.912 3.014 3.115 3.215 3.315 3.413 3.511 3.607 3.778
0.666 0.694 0.721 0.751 0.782 0.816 0.852 0.890 0.930 0.973 1.017 1.064 1.113 1.239 1.399 1.560 1.723 1.882 2.027 2.164 2.294 2.417 2.533 2.642 2.743 2.707 2.628 2.560 2.504 2.460 2.427 2.406 2.396 2.397 2.410 2.435 2.471 2.447 2.388 2.320 2.240 2.150 2.049 1.938 1.816 1.684 1.541 1.387 1.223 1.244 1.327 1.412 1.498 1.585 1.674 1.763 1.854 1.946 2.039 2.133 2.228 2.330 2.433 2.534 2.635 2.735 2.834 2.932 3.029 3.126 3.221 3.316 3.409 3.596
0.610 0.641 0.676 0.713 0.752 0.793 0.836 0.882 0.930 0.980 1.040 1.104 1.160 1.266 1.414 1.555 1.689 1.816 1.935 2.047 2.153 2.251 2.341 2.425 2.501 2.505 2.466 2.439 2.423 2.419 2.426 2.445 2.475 2.517 2.570 2.635 2.712 2.694 2.599 2.493 2.377 2.250 2.112 1.964 1.805 1.635 1.455 1.264 1.063 1.037 1.124 1.213 1.303 1.395 1.487 1.581 1.676 1.772 1.869 1.967 2.067 2.167 2.266 2.365 2.463 2.560 2.656 2.751 2.845 2.938 3.030 3.121 3.212 3.405
0.556 0.585 0.627 0.708 0.803 0.890 0.968 1.036 1.096 1.147 1.189 1.222 1.246 1.307 1.431 1.546 1.655 1.757 1.851 1.938 2.019 2.091 2.157 2.216 2.267 2.291 2.292 2.305 2.330 2.366 2.413 2.472 2.543 2.625 2.718 2.823 2.940 2.953 2.820 2.677 2.524 2.360 2.185 2.000 1.804 1.597 1.380 1.153 0.914 0.829 0.921 1.014 1.108 1.203 1.300 1.398 1.497 1.597 1.698 1.801 1.904 2.005 2.101 2.197 2.291 2.385 2.478 2.570 2.664 2.757 2.841 2.916 2.982 3.136
0.840 0.930 1.012 1.085 1.149 1.204 1.251 1.288 1.317 1.336 1.347 1.349 1.342 1.356 1.454 1.545 1.629 1.705 1.775 1.837 1.892 1.940 1.981 2.015 2.041 2.065 2.107 2.160 2.225 2.301 2.389 2.488 2.599 2.721 2.854 2.999 3.156 3.221 3.052 2.872 2.682 2.480 2.269 2.046 1.814 1.570 1.316 1.051 0.776 0.620 0.716 0.813 0.912 1.011 1.112 1.214 1.317 1.421 1.526 1.633 1.741 1.862 1.987 2.102 2.209 2.307 2.395 2.475 2.546 2.607 2.660 2.703 2.738 2.847
1.292 1.378 1.429 1.471 1.504 1.528 1.543 1.549 1.547 1.535 1.515 1.485 1.447 1.413 1.486 1.552 1.610 1.662 1.706 1.744 1.774 1.797 1.812 1.821 1.823 1.828 1.910 2.003 2.108 2.224 2.352 2.491 2.642 2.805 2.978 3.163 3.360 3.501 3.294 3.077 2.850 2.612 2.363 2.104 1.834 1.554 1.263 0.961 0.649 0.410 0.510 0.612 0.714 0.818 0.961 1.127 1.285 1.437 1.582 1.721 1.852 1.972 2.065 2.149 2.225 2.291 2.348 2.396 2.436 2.466 2.487 2.499 2.503 2.559
1.744 1.830 1.855 1.866 1.868 1.861 1.845 1.820 1.786 1.743 1.692 1.631 1.562 1.484 1.525 1.566 1.599 1.626 1.645 1.658 1.663 1.661 1.652 1.635 1.612 1.581 1.701 1.834 1.979 2.136 2.304 2.483 2.674 2.876 3.090 3.315 3.552 3.790 3.547 3.293 3.029 2.754 2.468 2.172 1.865 1.548 1.220 0.925 0.659 0.431 0.607 0.776 0.938 1.093 1.242 1.384 1.519 1.647 1.769 1.883 1.991 2.090 2.152 2.205 2.249 2.284 2.310 2.327 2.335 2.334 2.324 2.304 2.276 2.274
