DATA/RAW-RASTER/ECMWF/20170628/EN-17/20170703.en-17.asc
ncols			31
nrows			16
xllcorner		69.5
yllcorner		19.5
cellsize		1.0
NODATA_value	-99999
0.03433 3.06320 0.94986 1.33896 5.47028 1.74332 2.27737 0.33188 0.08392 0.00763 0.08774 0.16022 1.75476 1.04904 4.18091 2.58255 1.75858 1.40381 1.11008 0.39673 0.22125 0.50735 1.32370 0.88501 0.91171 1.75476 0.59128 0.45395 0.34714 0.12589 0.22125
1.13297 1.49918 1.07574 4.27628 3.58963 0.89264 0.08392 0.06866 0.09155 0.00000 0.00000 0.28610 1.08337 1.01089 4.62723 2.94876 2.34985 1.28555 0.25940 0.03052 0.06866 1.01852 1.75858 0.71716 1.77383 3.41797 2.39563 0.35095 0.26703 0.02289 0.32043
1.77383 1.42288 0.97656 1.29700 0.13733 0.62943 3.18527 0.03052 0.03815 0.06104 0.00000 0.11826 1.55640 1.44577 2.08282 1.30463 5.79834 1.61362 2.30026 0.21744 0.59891 0.46921 0.15640 1.52969 2.59399 4.19617 5.52750 5.04303 5.24521 3.91388 2.47192
1.48773 6.20651 0.21744 1.47629 1.71280 3.08228 2.51007 14.41956 0.14496 0.01526 0.03433 0.22125 0.36621 4.67300 1.87683 3.76892 3.07846 4.17328 4.49371 5.62286 3.16238 0.97656 1.17874 1.23596 0.79727 2.17056 11.88278 9.55963 6.10352 7.23267 12.12692
0.29755 1.96457 6.49643 8.13675 5.40543 6.60706 1.79672 3.94058 15.07568 0.14114 0.02289 0.61035 1.91879 10.70786 10.48660 8.62122 3.10516 9.57870 8.64792 3.43323 4.52423 8.57162 5.43594 2.36130 3.72696 7.50351 8.89587 7.74002 9.05609 7.90024 11.92474
3.16238 0.42343 10.66971 1.68991 2.25449 4.81796 8.96454 2.09427 5.75638 6.83594 17.81845 4.13513 2.70462 4.57001 8.16345 11.96671 15.06424 18.90945 16.92200 11.98578 12.87079 11.33347 7.21741 16.05606 23.18573 30.73120 14.32800 9.52148 22.53342 21.49582 25.87891
0.00763 0.47302 5.64194 1.16730 3.96729 10.20050 4.51279 6.05392 2.49863 3.76892 4.24194 29.08325 44.61670 10.84518 24.58572 6.26755 3.48282 9.68933 8.83865 9.44901 11.01685 16.49094 18.28003 13.31711 11.75308 82.11899 50.04883 11.18088 7.14111 12.69531 16.06369
0.00000 0.17548 0.52643 3.87955 2.63977 18.00919 7.66373 9.23538 6.02341 2.49481 4.10080 11.71875 8.71277 27.17590 22.53342 12.88605 22.54486 3.79944 0.59891 4.01688 12.83646 30.63965 15.88440 26.74103 73.60840 26.51215 38.18130 24.27673 37.38785 6.39343 13.48877
0.00000 0.00000 0.11063 1.33514 0.89645 2.15149 19.28711 8.06046 4.63486 5.26428 14.64844 12.85934 9.11713 22.26639 8.67081 2.38037 38.80310 32.41348 40.87830 130.47028 228.82462 159.90829 49.67880 28.03040 18.50128 4.71115 8.67081 66.61987 34.43527 5.20325 10.05173
0.00381 0.68283 0.65994 1.20163 1.42670 1.47247 7.27844 30.64728 7.60651 7.13730 38.29956 54.62265 4.40979 11.55853 6.26755 10.36072 13.58795 8.33511 7.98416 9.97162 4.80652 8.17871 34.69086 2.57111 5.94711 6.30951 16.68549 4.17328 26.21078 12.10022 5.96237
0.58365 1.14822 0.85068 0.97275 4.86755 1.87302 6.76346 12.34818 3.59726 9.70459 7.51114 8.87299 39.67285 84.54132 15.90729 30.39932 14.67514 4.52423 10.85281 11.82556 7.18689 10.70404 53.29132 6.93130 4.62341 18.50891 12.98141 13.16452 21.90399 23.49091 23.96774
0.90790 2.15912 2.16675 3.97491 2.99454 2.38419 12.97379 71.69342 11.16943 3.75748 8.12531 18.45169 3.13187 11.70731 3.24249 8.87680 18.58902 5.07355 12.81357 16.50620 5.65338 6.99234 6.24466 1.86539 12.19940 12.58469 2.28500 12.76398 13.96561 18.63861 16.99066
1.56403 1.58310 0.67139 2.23541 4.20380 1.83487 2.65503 10.13947 8.88443 15.75089 23.12088 10.61249 2.10571 17.98630 11.98196 7.76291 5.90897 10.82230 14.51874 8.17108 12.39014 7.73239 11.58524 2.24686 20.09201 2.41089 1.33514 11.39450 10.54001 9.09042 4.34494
2.87628 1.86157 1.77383 4.61197 3.60489 1.30844 5.16891 13.22174 15.43808 26.13831 21.32034 10.96725 8.49915 6.25610 3.86047 2.48718 8.60977 10.53238 7.77435 11.50131 5.03922 23.84567 7.13730 8.81577 13.88550 2.13242 0.96130 3.60870 12.32147 3.90244 2.86865
4.05502 5.23376 3.24249 12.48169 14.41574 0.93460 9.48715 1.90353 4.66537 6.54221 1.13297 1.83868 0.38528 0.06104 0.06104 0.43106 0.61798 1.41907 3.37982 15.05661 19.27948 12.96234 34.46579 13.86642 1.83487 4.26102 2.17819 0.62943 1.42288 2.01797 11.42502
2.34222 2.04468 3.44467 15.11765 2.05231 1.05286 4.22287 5.66101 2.17819 1.31607 6.18362 4.08936 0.79727 0.81635 0.44250 0.03052 0.19836 1.20544 5.36728 4.86755 7.47299 10.46753 30.02930 34.99603 32.97043 5.07355 11.75690 1.02234 1.29700 0.45395 0.98801
