DATA/RAW-RASTER/ECMWF/20170628/EN-17/20170710.en-17.asc
ncols			31
nrows			16
xllcorner		69.5
yllcorner		19.5
cellsize		1.0
NODATA_value	-99999
0.12970 2.84576 0.93079 4.83704 2.39563 1.46484 0.06866 0.02289 0.13733 0.09918 1.19781 0.37384 0.77057 0.70953 1.01471 1.28937 0.55695 0.46539 2.05994 2.67029 3.57056 4.21143 2.65503 4.31061 0.88501 0.34332 0.10681 0.20599 0.06866 0.02289 0.09918
0.55695 0.96130 13.52692 8.65936 5.59998 0.50354 0.00000 0.03052 0.32043 1.19019 1.66321 0.86212 2.61688 1.40381 2.63214 2.99835 2.89154 2.05231 0.74768 2.45667 3.35693 4.26483 6.97327 2.74658 3.80707 3.73840 3.24249 1.84631 1.45721 0.16022 0.56458
7.23267 3.18909 13.80920 11.89423 12.07733 13.47351 9.97162 0.01526 0.67902 0.13733 2.75421 2.64740 2.68555 1.70135 2.09808 8.14819 15.83099 9.52911 3.24249 2.25830 4.05121 6.69098 12.70294 9.88770 5.49316 6.79779 8.49152 2.67029 11.52039 2.05231 1.51062
1.89209 0.47302 0.74768 0.06866 2.37274 6.93512 16.60919 5.35583 0.12207 1.74713 2.24304 1.52588 0.19836 2.22778 2.66266 7.14111 11.34491 8.14819 9.84192 8.97980 4.63867 3.94440 5.51605 2.14386 5.15747 4.61578 10.84137 10.57434 17.45605 11.90948 3.92914
0.50354 0.00000 0.04578 0.25177 0.07629 0.32806 7.06482 18.41736 9.35364 1.51825 0.65613 0.99945 1.44196 1.26648 4.91333 5.21851 8.13293 9.57489 12.83264 7.27081 12.22229 5.71442 5.47791 8.21686 12.13837 13.93127 12.45117 8.83484 20.07294 15.20538 4.30298
0.08392 0.00000 0.00000 0.00000 0.00000 0.01526 0.02289 10.97870 16.59393 14.66370 6.41632 2.52533 5.92041 2.78473 1.92261 7.30133 14.66370 10.76508 11.16943 6.40106 11.97052 5.06592 6.16455 11.77216 9.23920 12.76398 4.89044 2.96783 8.05664 4.25720 6.67572
0.00000 0.00000 0.00000 0.00000 0.00000 0.00000 0.00000 0.04578 1.15204 16.69312 15.48004 6.96564 11.98578 4.47845 0.61035 9.34601 14.97650 9.97162 8.24738 12.53510 6.18744 6.09589 14.77814 5.21851 7.27844 30.44128 8.12531 8.30841 15.57159 14.67133 21.73615
0.00000 0.00000 0.00000 0.00000 0.00000 0.00000 0.00000 0.00000 0.34332 2.50244 13.83972 22.45331 18.95905 11.97052 14.42719 14.26697 16.31165 5.50842 4.20380 1.67084 2.60925 13.54218 9.79614 7.00378 20.84351 24.13177 55.12238 13.32092 36.02600 9.74274 17.15851
0.00000 0.00000 0.00000 0.00000 0.02289 0.00000 0.00000 0.03815 0.03815 0.97656 1.00708 8.83484 35.21729 13.16071 16.15906 32.28760 20.82062 29.07562 7.11823 11.10077 7.47681 6.69861 12.80212 39.97040 4.13513 11.29150 36.21674 20.61462 15.27405 2.15912 22.32361
0.00763 0.03815 0.34332 0.16785 0.31281 0.03052 0.00000 0.09155 0.05341 0.00000 1.69373 2.27356 8.69751 31.44073 17.31110 8.19397 7.36237 6.75964 12.04681 4.00543 11.21521 13.62610 6.14166 9.84955 1.67847 31.15082 12.94708 5.77545 1.94550 1.04523 7.59888
0.49591 0.96893 1.18256 1.23596 0.09155 0.03815 0.15259 1.14441 0.32043 0.61035 3.21198 1.01471 0.00763 0.52643 8.59833 8.42285 3.47900 2.08282 4.01306 1.90735 2.89917 4.79126 10.65826 7.78961 6.88171 6.36292 1.35040 4.00543 47.84393 2.46429 2.96783
0.21362 0.83923 3.14331 7.14111 7.95746 0.84686 1.22833 1.36566 0.56458 0.20599 0.17548 0.12970 0.27466 0.19073 11.50513 11.34491 12.51221 5.41687 2.53296 1.11389 1.12152 1.00708 1.57166 6.29425 11.29913 1.45721 0.57220 3.47137 29.66309 7.28607 8.78143
1.93787 0.99945 1.25122 2.86865 4.23431 3.47900 2.15149 3.08228 1.03760 0.97656 0.80109 0.00763 0.06866 5.50079 15.44189 11.81030 10.90240 12.44354 4.18854 1.91498 1.84631 1.06049 2.04468 2.49481 2.61688 1.62506 1.03760 3.27301 3.00598 5.59235 4.47845
1.38855 1.93024 0.38147 1.50299 2.53296 1.00708 2.39563 2.44141 3.31116 0.32043 0.28992 0.09918 0.00000 0.24414 7.55310 16.15906 15.41138 17.86041 9.59015 2.37274 1.48773 2.37274 1.72424 2.02179 0.68665 1.17493 0.60272 0.97656 11.18469 4.44031 5.30243
0.70190 2.22778 3.55530 3.25012 4.21143 2.64740 1.19781 3.05939 2.53296 2.40326 0.61798 0.04578 0.21362 0.41962 1.73187 17.31873 9.63593 24.52850 12.32910 2.53296 2.44904 2.76947 3.83759 2.85339 2.01416 1.22833 1.01471 0.98419 5.70679 7.91168 13.31329
0.71716 1.59454 3.25012 7.11823 0.65613 1.72424 0.30518 0.77820 2.14386 1.05286 0.28229 0.17548 0.30518 1.07574 2.18201 10.84137 30.71594 60.55450 26.16882 15.15198 7.11060 6.42395 4.10461 5.89752 7.90405 1.90735 4.57764 3.73077 3.38745 0.67139 2.85339
