DATA/RAW-RASTER/ECMWF/20170628/EN-17/20170630.en-17.asc
ncols			31
nrows			16
xllcorner		69.5
yllcorner		19.5
cellsize		1.0
NODATA_value	-99999
2.33459 4.91333 3.97301 1.86539 7.10869 2.99263 0.16785 0.76675 3.12042 3.41415 8.28552 5.25665 7.09724 8.05092 9.89723 7.62367 5.34821 2.36511 4.85229 3.02887 7.11250 3.69263 4.46701 5.32913 8.97789 6.84166 4.29344 3.88336 6.18935 8.12531 2.01797
0.62370 0.26512 2.18010 1.44958 3.17001 0.65994 4.20570 11.75880 10.43892 8.54111 5.87273 7.08199 11.18469 3.79944 1.79100 1.29509 1.13678 0.41962 0.11063 0.64278 3.64304 1.33514 2.40135 6.37436 6.32286 2.68173 8.25119 9.38034 15.08141 13.51738 3.52859
0.29564 0.74959 0.00191 0.30708 0.79346 4.88281 35.29358 39.30855 22.89391 9.80568 3.44849 0.91171 1.01280 0.57411 0.90408 0.88501 0.73242 0.11063 0.44823 0.48447 0.35095 1.93214 3.12805 6.62994 3.96538 3.99017 3.87383 3.21007 6.01768 9.02367 7.41577
0.61226 0.07439 0.00954 0.05341 0.02289 9.73129 116.67442 67.91115 44.46030 9.63783 3.58391 0.75340 0.69046 0.14687 0.07057 0.01717 0.06104 0.22888 0.09346 0.09727 0.76866 6.49071 2.52151 6.34766 7.03049 1.60217 4.56619 2.79236 5.50652 12.32529 7.55501
3.31306 0.00954 0.13351 2.10381 3.90053 87.69608 76.04790 44.09790 107.66220 14.70375 0.79918 1.32370 0.39673 0.38147 0.37003 0.16403 0.00000 0.00000 0.46158 0.68474 5.35965 3.66402 12.31194 4.49562 1.42097 3.81279 1.78909 3.30353 3.00026 7.39288 8.43811
1.32561 0.49210 0.43488 0.35095 9.17816 49.57008 26.68953 27.92740 23.32687 8.97408 7.64656 2.44141 0.65422 0.02670 0.00000 0.23270 0.08583 0.28801 0.46921 3.43704 3.87573 11.34872 8.02994 11.10458 8.94737 8.68034 7.51495 5.03540 4.18091 3.64494 4.77028
0.03052 0.57030 0.72670 5.97191 12.52556 26.39198 20.79201 16.84570 17.43317 25.70343 5.59235 6.40869 6.60706 0.22697 0.00763 0.10872 0.13351 0.58556 0.40627 1.08528 2.17438 12.74300 12.16316 11.67488 12.54082 66.70570 78.02200 15.89203 12.13837 10.58578 5.92422
0.54359 0.74959 1.51443 16.18958 33.08678 13.68523 7.62367 4.70352 9.60732 11.88087 17.27486 4.11606 1.86920 4.23050 1.63078 2.84386 3.02696 0.18311 0.19836 3.15285 5.17464 14.41002 6.91414 14.94026 32.70149 173.86246 88.07373 39.95895 41.42570 11.98387 19.14215
0.38528 2.77328 16.53671 8.07190 5.08499 8.02803 7.13158 7.07817 5.55038 4.72450 11.79886 11.76453 6.47163 7.25937 2.66266 0.83351 2.24495 5.42068 16.89148 31.90613 57.40166 96.46988 73.02856 41.13770 17.37404 18.80074 35.14481 140.53154 124.45259 34.34944 18.16750
2.53868 9.03130 9.72939 3.74985 12.97951 0.92506 0.54932 2.17819 6.91223 4.11797 10.25963 21.12389 37.10175 7.49779 5.05638 0.54550 1.45531 1.21498 2.90298 5.84412 4.48990 6.22940 27.35901 10.16998 16.55006 21.76857 47.17255 15.45906 55.24063 16.91246 22.71652
28.63503 13.36098 8.17490 3.96919 3.26347 1.58501 0.48637 0.67902 1.55258 5.17845 10.16998 12.17270 17.89474 16.20674 3.81851 1.16158 0.54932 0.70381 3.23677 2.18391 1.68419 6.94084 34.20448 8.06236 6.09398 11.14845 3.85666 15.93399 24.71924 8.21304 9.35364
59.44443 6.11687 17.98248 7.69806 3.25775 1.55640 3.63922 2.90298 0.68474 4.05884 10.00786 17.02690 32.02248 23.77701 2.79427 1.01662 1.03951 3.00026 7.54738 5.58090 2.96974 2.36511 1.67847 7.15637 12.69150 1.72234 2.21634 6.63185 5.66864 10.21576 6.67381
64.71443 59.47876 8.76045 11.24191 3.37219 1.11580 1.14250 5.90134 10.72884 4.99725 15.91110 35.62546 125.02670 5.51605 2.68555 4.77600 1.32179 1.23024 2.38419 2.56538 2.46811 4.96101 5.62477 8.57544 23.31543 1.23024 0.68283 0.67139 5.21278 4.61388 16.04652
12.43401 12.17270 3.74222 5.48172 1.96457 1.00708 7.80487 6.37817 4.32777 3.53050 8.77571 36.61346 24.82414 1.32942 11.02448 8.82339 8.93021 1.50871 4.51851 6.54221 13.58604 13.33809 8.54874 13.57460 15.10048 1.10626 0.71907 0.71716 17.99011 6.13976 5.63049
14.12582 8.58307 4.83322 14.89258 2.71606 1.04141 0.34142 1.03951 1.21498 10.53047 21.37566 16.78658 15.67841 9.50813 24.81270 13.87024 4.17328 4.42696 12.95090 13.26370 9.95445 16.51001 25.09308 13.26180 12.02774 1.09482 1.08528 1.17493 9.62830 24.72305 10.96535
3.08228 3.72505 8.81767 21.69800 1.84441 1.99318 1.94168 2.64549 3.77846 7.79152 35.72655 38.08784 51.87988 51.72729 12.43210 11.52992 9.73129 18.53943 21.88683 11.57379 7.61032 14.99748 23.51761 29.63066 27.56691 7.48444 4.64439 3.11852 9.08470 9.80568 14.07242
