DATA/RAW-RASTER/ECMWF/20170628/EN-17/20170711.en-17.asc
ncols			31
nrows			16
xllcorner		69.5
yllcorner		19.5
cellsize		1.0
NODATA_value	-99999
0.03815 0.22125 0.25940 2.41852 6.48499 3.94440 0.74005 0.01526 0.09155 0.20599 1.21307 1.34277 3.25775 1.96838 4.75311 3.95966 8.63647 4.47845 3.52478 2.79236 3.24249 7.55310 3.90625 10.75745 4.91333 0.86975 4.66919 6.84357 2.03705 1.55640 0.44250
1.15204 0.16785 1.60980 7.64465 4.44031 5.75256 1.16730 0.99182 0.03052 0.02289 1.64795 1.74713 6.27136 3.79944 10.42938 7.34711 14.08386 7.04956 3.85284 8.12531 1.44196 1.80054 2.15149 1.01471 1.05286 12.01630 10.71167 3.17383 1.60217 0.58746 0.28229
0.04578 1.73187 3.64685 5.55420 13.19122 4.73785 4.48608 0.20599 0.58746 0.19073 2.13623 6.93512 2.42615 6.49261 3.61633 1.47247 2.62451 6.04248 5.47028 11.89423 10.49805 0.63324 2.70844 4.11224 3.24249 3.41034 5.18036 0.57220 2.08282 3.54767 6.70624
0.00763 0.04578 0.00000 0.11444 3.34167 7.93457 5.56946 19.55414 0.16785 1.06812 1.72424 8.80432 6.12640 8.01849 5.83649 2.71606 2.92969 1.23596 4.89807 7.30133 2.53296 5.93567 8.56018 9.65881 7.91168 5.16510 6.88171 4.39453 1.02234 1.60217 6.95038
1.93024 0.00000 0.00000 0.00000 0.01526 1.54877 9.71222 11.13892 17.32635 0.67902 0.21362 1.38092 2.63214 8.85010 10.43701 6.12640 3.99017 4.31061 4.23431 3.44849 2.53296 15.91492 11.44409 8.97980 14.22119 18.60046 6.06537 5.53131 7.37000 5.68390 14.56451
1.93787 0.00000 0.00000 0.00000 0.00000 0.00000 2.31171 13.80920 3.18909 13.96179 26.58844 3.50952 5.15747 3.29590 3.88336 3.73840 1.99890 4.05121 7.62177 6.42395 3.88336 9.08661 29.34265 29.67072 23.77319 21.00372 6.62994 6.21796 21.04950 17.28058 17.39502
0.00000 0.00000 0.00000 0.00000 0.00000 0.00000 0.00000 0.16022 2.35748 4.60815 7.01141 23.54431 15.82336 8.93402 0.42725 7.50732 10.05554 11.21521 4.33350 6.73676 9.77325 16.58630 20.21027 12.26807 30.86853 50.68207 11.03973 5.41687 6.75964 12.19940 10.45227
0.00000 0.00000 0.00000 0.00000 0.00000 0.00000 0.01526 0.00763 0.91553 1.41907 5.24902 7.94220 24.11652 30.50232 12.69531 7.93457 7.87354 7.36237 6.69098 12.10785 16.40320 30.85327 6.91986 52.10114 16.08276 27.89307 36.17096 30.54810 28.10669 17.97485 12.59613
0.00000 0.00000 0.00000 0.03052 0.04578 0.01526 0.02289 0.03052 0.02289 5.47028 2.52533 13.32092 16.20483 6.71387 5.69916 6.08826 3.20435 4.60052 14.05334 32.60040 27.29797 18.25714 6.75964 15.36560 34.91211 33.78296 13.85498 19.43970 13.38959 20.53070 19.75250
0.00000 0.02289 0.06104 0.25940 0.21362 0.10681 0.09918 0.95367 0.45013 3.42560 3.19672 3.15094 4.18854 15.39612 12.39777 3.60107 7.65228 4.16565 2.90680 7.46918 7.28607 4.24957 11.45935 5.68390 25.62714 7.39288 28.03802 35.30121 16.79230 16.76941 19.34052
0.09918 0.36621 0.99945 0.40436 1.54114 1.52588 0.88501 1.03760 1.86920 0.68665 0.81635 0.00000 0.04578 1.93787 33.71429 15.88440 2.50244 1.24359 2.51007 2.63977 5.71442 11.23810 16.26587 17.79938 22.39990 17.07458 15.31219 25.25330 10.88715 5.68390 10.90240
0.12207 0.61798 2.49481 3.66974 12.29858 7.12585 1.53351 0.76294 1.54114 2.88391 1.91498 0.19073 0.31281 0.48828 6.08826 15.99884 4.38690 1.02234 1.17493 1.20544 1.26648 3.05176 1.63269 18.22662 14.78577 3.62396 1.61743 13.01575 8.98743 7.43866 6.62231
0.38147 0.78583 1.80054 1.56403 4.82941 2.95258 1.93787 1.59454 0.69427 1.15967 0.71716 1.37329 0.36621 0.61035 7.61414 7.06482 4.20380 3.54004 1.40381 3.39508 3.79181 7.13348 3.48663 5.79071 8.14056 0.77820 2.77710 4.42505 23.84949 6.73676 6.24084
0.41962 0.90027 0.12970 2.49481 1.60217 1.80054 1.19781 2.05994 1.71661 1.67847 0.75531 0.53406 0.36621 0.80109 0.22888 17.21191 7.37762 11.87134 8.29315 13.44299 2.04468 3.56293 3.05176 2.62451 2.89917 0.23651 0.34332 5.55420 5.61523 12.29858 13.61847
0.81635 1.63269 0.93079 4.69971 2.22778 1.09863 1.07574 1.16730 1.30463 1.14441 1.27411 0.22125 1.11389 0.09155 1.78528 7.14111 12.32910 29.32739 10.56671 9.16290 4.09698 3.66974 3.67737 2.73895 0.85449 0.60272 3.28827 6.06537 24.52850 21.50726 36.39984
0.57220 2.02179 2.24304 8.28552 0.35858 0.50354 0.18311 1.17493 0.77057 1.42670 1.06049 0.41199 2.95258 0.58746 4.26483 4.05884 28.64838 62.95013 25.07782 16.79230 8.46100 8.36182 4.64630 4.99725 11.02448 1.12152 1.89209 2.82288 6.24084 22.59827 20.44678
