DATA/RAW-RASTER/ECMWF/20170628/EN-17/20170712.en-17.asc
ncols			31
nrows			16
xllcorner		69.5
yllcorner		19.5
cellsize		1.0
NODATA_value	-99999
0.03815 1.72424 1.31226 0.31281 2.18201 0.29755 0.45013 0.20599 0.12207 0.70953 0.79346 0.42725 1.41907 1.36566 1.20544 1.44196 2.48718 2.78473 2.29645 3.52478 4.00543 2.71606 3.15857 2.19727 1.19019 0.32043 2.51770 2.91443 2.14386 8.51440 6.82831
0.59509 0.90790 0.96130 2.70081 3.84521 2.09045 0.00000 1.00708 0.02289 0.12207 1.79291 1.25122 1.19781 0.80872 0.86212 1.39618 0.80109 1.27411 1.16730 1.02997 1.86920 1.86920 1.28174 2.57111 1.76239 1.65558 1.66321 1.58691 9.32312 1.92261 2.83051
0.03052 0.03052 2.36511 1.18256 2.08282 0.21362 2.01416 0.16022 0.18311 0.00763 1.96838 2.27356 0.38147 0.24414 0.16785 0.80109 1.14441 3.11279 3.46375 4.28772 2.07520 0.88501 1.17493 6.98090 5.17273 10.21576 6.01196 6.20270 4.97437 6.86646 1.83105
0.00000 0.00000 0.00000 0.00000 0.45013 15.60211 1.74713 10.64301 0.08392 0.99182 1.68610 4.06647 0.32043 1.53351 1.03760 1.26648 1.42670 6.62994 2.89917 2.41852 4.62341 1.49536 2.49481 1.67847 6.14929 7.63702 12.39777 13.95416 12.29095 16.26587 12.27570
0.24414 0.00000 0.00000 0.00000 0.00000 0.86975 5.82886 10.84137 1.44958 1.14441 0.06866 5.00488 13.73291 3.65448 3.90625 6.93512 8.81195 6.68335 3.34167 2.76947 16.99829 7.11060 2.22778 1.87683 2.82288 7.80487 10.01740 18.71490 21.94214 14.22119 16.18958
2.69318 0.00000 0.00000 0.00000 0.00000 0.06866 0.49591 11.61957 7.14874 6.75964 33.05817 4.69971 3.09753 5.73730 12.38251 9.59778 12.07733 4.48608 11.16180 6.65283 8.39233 8.95691 6.60706 3.41034 10.45227 22.71271 15.60211 13.25989 17.15851 21.62170 17.72308
0.00000 0.00000 0.00000 0.00000 0.00000 0.00000 0.00000 0.60272 4.41742 6.30188 20.87402 3.90625 22.59064 8.50677 12.53510 12.98523 13.15308 9.85718 8.97217 10.34546 10.24628 12.90894 7.20215 14.51111 16.56342 54.85535 37.15515 18.05115 4.69208 10.16998 11.81793
0.00000 0.00000 0.00000 0.00000 0.00000 0.15259 1.15967 0.57220 2.02179 5.41687 10.71930 16.37268 6.72150 70.44220 6.71387 6.32477 11.32202 15.10620 14.56451 15.59448 11.97052 26.17645 12.98523 55.63354 6.53076 9.88770 7.53784 23.47565 33.14209 6.19507 9.18579
0.00000 0.00000 0.00000 0.00000 0.00000 0.06104 0.33569 0.90027 9.60541 11.52039 1.92261 9.00269 22.46094 7.43103 17.73834 16.88385 12.90894 9.36890 8.94928 3.59344 16.66260 4.55475 6.08063 2.08282 1.91498 7.85065 3.89099 11.29150 16.76941 21.66748 3.30353
0.00000 0.01526 0.01526 0.09155 0.12970 0.00000 0.00763 0.11444 1.48010 5.14221 49.27826 18.31055 21.96503 24.39117 7.73621 4.47845 6.76727 5.76019 1.12152 1.37329 2.31171 3.81470 1.83868 0.92316 5.07355 2.86865 7.94983 14.17542 8.13293 4.38690 5.65338
0.05341 0.49591 0.29755 0.03815 0.00000 0.00763 0.02289 0.25940 0.54932 0.80872 3.25775 11.42120 24.31488 22.36938 15.93018 5.09644 2.96021 7.22504 1.48010 1.74713 1.23596 0.56458 0.36621 0.20599 2.50244 17.23480 18.15033 13.88550 4.82941 2.82288 1.12152
0.16022 0.68665 1.64795 3.60107 1.40381 0.13733 0.43488 0.25940 1.53351 0.09918 1.22070 17.69257 22.31598 17.62390 16.57867 18.50891 10.84137 12.64191 17.50183 1.74713 0.85449 5.49316 2.76947 3.99017 19.67621 16.84570 8.07190 7.92694 3.81470 6.01196 2.15149
0.27466 0.74005 0.36621 0.55695 1.87683 1.06049 0.66376 0.29755 0.81635 0.46539 0.41962 2.31171 5.82886 23.81134 23.21625 32.50122 12.38251 26.24512 19.29474 13.17596 16.12091 19.02771 8.64410 17.00592 15.52582 22.35413 4.32587 2.05994 3.15857 0.99945 4.93622
0.32806 0.97656 0.19073 1.50299 4.61578 0.76294 1.14441 1.42670 1.35040 1.73950 0.93842 0.81635 6.55365 24.71161 39.55841 32.73773 13.10730 12.96234 34.80530 13.29803 1.41907 5.88226 6.59180 10.03265 36.04126 25.84839 11.00922 7.22504 1.89209 1.23596 3.79944
0.96130 1.64795 0.88501 4.18854 7.11823 1.00708 1.05286 1.92261 1.49536 1.37329 0.54932 1.13678 4.79126 5.00488 22.73560 32.95898 15.90729 18.67676 7.29370 3.52478 2.99072 9.18579 13.79395 33.05817 17.41791 12.33673 0.80109 2.31934 9.18579 5.37872 14.31274
0.96893 1.22833 3.22723 9.78088 0.41962 1.48010 0.47302 1.14441 0.93079 1.23596 1.28937 1.53351 5.15747 4.43268 6.21796 16.05225 39.21509 141.14380 27.05383 21.98792 3.79944 6.53839 7.56073 25.56610 78.10211 8.06427 3.27301 9.77325 37.65869 23.39935 16.93726
