DATA/RAW-RASTER/ECMWF/20170628/EN-17/20170709.en-17.asc
ncols			31
nrows			16
xllcorner		69.5
yllcorner		19.5
cellsize		1.0
NODATA_value	-99999
0.00000 0.00000 0.87738 0.32043 0.00000 0.13733 0.06104 0.00000 0.12207 0.05341 0.28992 0.06104 0.08392 0.26703 0.27466 0.50354 1.40381 0.54169 2.20490 2.54822 0.75531 0.15259 0.23651 0.03052 0.25177 0.06866 0.26703 0.52643 1.31226 0.72479 1.35803
0.00000 0.00000 0.80872 9.18579 2.42615 0.05341 0.03052 0.06104 0.05341 0.08392 1.36566 0.18311 0.90027 0.74005 1.81580 1.17493 1.15204 1.65558 4.67682 1.73950 0.23651 0.33569 0.48828 0.03815 0.04578 0.21362 0.19073 0.35858 0.80109 0.35095 0.57220
0.00000 0.00000 0.00000 0.18311 13.24463 17.74597 0.70190 0.01526 0.69427 0.00000 1.54877 2.07520 2.31934 1.38855 0.67139 0.84686 2.32697 2.22778 4.79889 6.08063 3.87573 0.70190 2.27356 2.09045 2.13623 1.60980 0.83923 0.45013 0.62561 1.57928 3.01361
0.00000 0.00000 0.00000 0.00000 1.05286 6.01959 27.70233 1.77765 0.01526 0.47302 1.04523 1.82343 0.94604 1.18256 1.52588 1.62506 5.98145 2.99072 2.37274 8.10242 2.69318 1.64032 5.98907 10.20050 9.07135 4.58527 1.57166 0.74768 1.25122 5.66864 4.06647
0.00000 0.00000 0.00000 0.00000 0.00000 0.10681 4.37927 12.82501 3.95966 0.37384 0.00000 0.01526 0.57983 0.76294 1.54114 1.22833 6.78253 4.30298 3.39508 3.82996 4.18854 9.07135 15.13672 13.24463 8.89587 4.45557 11.18469 6.27136 3.55530 2.82288 5.02777
0.00000 0.00000 0.00000 0.00000 0.00000 0.00000 0.03815 1.32751 12.43591 5.49316 3.31116 1.07574 0.74768 0.59509 0.50354 6.43921 8.72803 11.13892 12.13837 21.45386 16.92200 21.28601 25.71869 18.47839 10.37598 8.75092 5.98907 1.60217 14.77814 18.63098 4.78363
0.00000 0.00000 0.00000 0.00000 0.00000 0.00000 0.06104 0.11444 1.80817 5.35583 4.23431 6.92749 5.02014 1.39618 0.03052 6.05011 14.90021 21.53778 17.04407 10.72693 11.94763 13.11493 10.62775 4.41742 12.47406 61.75995 7.00378 3.31879 1.42670 7.48444 2.25830
0.00000 0.00000 0.00000 0.00000 0.00000 0.00000 0.00763 0.03815 0.12970 0.28992 2.05231 3.90625 9.92584 8.67462 19.68384 11.51276 22.32361 9.46808 2.52533 5.98907 11.91711 13.74817 7.59125 24.71161 30.85327 8.85010 25.65765 12.36725 15.24353 8.37708 6.92749
0.00000 0.00000 0.00000 0.00000 0.00000 0.00000 0.00000 0.00000 0.00763 0.03052 0.09155 1.53351 8.12531 18.93616 16.57104 38.00201 36.75842 14.40430 37.45270 32.69958 33.69141 18.21136 55.01556 86.96747 17.88330 12.31384 15.93781 32.18079 20.67566 3.90625 11.31439
0.01526 0.13733 0.61798 0.21362 0.27466 0.00000 0.00000 0.00000 0.00000 0.12970 0.48065 0.06866 2.44904 10.65063 26.74103 27.76337 15.70892 34.69849 20.39337 6.53839 7.33948 51.00250 40.72571 13.63373 17.49420 17.20428 4.58527 5.15747 7.29370 6.32477 2.89154
0.19836 0.50354 0.90790 0.34332 0.00000 0.29755 0.09155 0.15259 0.00000 0.04578 0.06104 0.35095 0.11444 1.43433 9.04083 22.14050 22.05658 32.95135 94.07806 15.49530 16.24298 19.94324 71.05255 76.71356 38.15460 17.85278 0.89264 18.86749 88.46283 6.86646 5.87463
0.28229 0.47302 1.00708 1.89972 1.04523 1.46484 0.06104 0.03815 0.03052 0.28229 0.54932 0.25940 6.31714 6.03485 6.32477 35.72083 9.20105 14.23645 13.45062 20.37811 13.84735 4.74548 12.50458 70.32776 13.58032 1.32751 0.92316 11.36017 11.88660 7.85065 23.80371
0.71716 1.22070 0.55695 0.54169 1.84631 1.54877 1.03760 1.13678 0.38147 0.16785 0.54169 1.24359 1.18256 3.41797 10.83374 4.79889 48.72131 34.97314 12.70294 7.80487 38.75732 1.86920 5.12695 19.53888 9.06372 1.51825 0.51117 5.64575 14.37378 18.60046 18.95142
0.93079 0.97656 0.18311 0.55695 1.85394 0.06866 0.04578 0.70953 1.66321 0.61035 0.83160 0.48828 0.55695 5.79071 8.91876 3.96729 3.96729 6.01196 8.97217 13.73291 3.55530 6.75964 21.74377 10.43701 1.38092 0.33569 0.13733 11.51276 6.88934 8.68988 6.62994
0.70190 1.31989 1.62506 2.63977 4.51660 0.96893 0.74768 0.03052 0.21362 0.22888 0.30518 1.25885 2.91443 0.51117 1.06049 1.38092 0.70190 8.78906 10.65063 4.60815 3.47900 3.12805 11.42883 6.48499 10.23865 0.67139 1.08337 4.19617 1.54114 12.30621 20.42389
0.21362 0.51117 0.77057 2.89917 0.38910 1.72424 0.51880 0.57983 0.38910 0.28229 0.56458 0.76294 4.10461 6.43158 1.61743 18.97430 19.68384 5.90515 46.16547 9.14001 2.95258 2.52533 12.13837 28.28217 16.74652 2.42615 1.23596 2.25830 0.80872 1.06812 2.88391
