DATA/RAW-RASTER/ECMWF/20170628/EN-17/20170706.en-17.asc
ncols			31
nrows			16
xllcorner		69.5
yllcorner		19.5
cellsize		1.0
NODATA_value	-99999
0.16022 0.84305 2.67792 0.16022 2.63596 3.34549 0.94604 1.34659 1.40381 0.85831 1.36566 1.54495 2.92969 2.55966 1.78146 0.69046 0.94223 1.78528 1.65176 5.40543 9.44138 3.98254 1.41525 0.17548 2.02942 0.96893 5.47028 4.08173 10.78796 6.91605 1.96838
0.00000 1.54877 0.94604 2.62833 1.78528 1.42670 0.95367 5.71060 8.11768 0.54550 0.94986 0.82779 0.95749 0.19455 1.22452 2.16293 3.60107 2.06757 4.07791 8.64410 9.03702 7.41959 0.55695 3.15475 1.52969 0.83160 3.11279 4.98581 8.65936 11.72256 7.74384
0.09537 4.87900 2.08664 3.65829 3.24631 11.89423 5.08118 0.52643 0.34714 0.37766 0.29755 0.02670 0.01526 0.20599 0.20218 1.69373 9.05991 16.17050 16.55960 8.29315 5.76019 5.77545 8.95691 11.52420 11.03210 7.97653 6.54221 5.50461 3.08990 9.68170 8.57925
3.21579 0.29755 5.39398 8.86917 7.92694 12.72202 3.58963 3.68500 0.19836 0.07629 0.38910 0.00000 0.09918 3.45230 12.68005 11.83319 7.85065 12.69913 5.63812 9.73129 11.58142 9.41849 9.54437 11.76834 9.76562 11.29913 6.60706 7.03049 15.06042 10.68115 10.21194
1.76620 0.00381 5.02777 4.55475 18.44788 16.39938 11.13510 4.33350 4.92477 2.91061 0.10681 1.23215 7.14493 3.78418 4.89426 6.89316 4.49371 13.76724 5.09644 7.01904 7.05719 10.15472 4.05884 9.47189 9.74274 12.59613 6.24084 5.11932 14.32800 17.91382 22.59064
6.80542 0.00000 0.00000 0.06485 6.01578 9.31549 7.54547 3.55530 4.03214 8.66699 60.99701 12.55798 17.37976 9.24301 7.98416 7.40814 1.33896 2.01416 6.03867 4.52042 0.68283 3.12424 2.43759 9.58252 19.61899 18.56613 5.20325 2.63214 5.88989 13.50403 15.00702
0.00000 0.00000 0.24414 0.00000 0.01144 0.33188 1.19781 2.23160 5.10025 3.68500 9.88388 26.53122 44.96384 53.44009 27.60315 3.25775 6.71005 1.88446 0.83160 9.26208 4.16183 2.68555 1.84631 6.96945 6.13022 88.99307 31.74973 6.93512 2.36511 3.35312 7.27844
0.00000 0.00000 0.00000 0.00000 0.00000 0.37003 0.33951 2.29263 10.42557 9.11713 8.98743 9.92203 148.36502 217.46445 110.17990 21.63315 21.33560 13.77869 11.21140 1.72806 3.35312 12.30621 1.18637 20.24078 27.24075 12.25662 48.44284 14.95743 24.23096 4.49371 3.42941
0.00000 0.00000 0.01526 0.00381 0.18311 0.38528 0.35477 0.04959 1.59836 6.56891 14.32037 37.26578 28.01895 58.41827 27.31705 6.09589 31.19278 34.17587 57.80029 23.86093 74.64600 18.40591 26.77155 9.87244 2.91061 5.85938 20.83206 30.68161 53.64609 8.67462 0.78964
0.06485 0.28992 0.82779 0.71335 1.29700 0.51498 0.43106 0.22507 0.16403 1.19400 19.36722 30.10559 30.12085 24.39880 14.74380 10.09369 10.95581 14.36234 19.29855 22.97974 7.93839 3.16620 9.97162 9.21249 1.02234 6.19507 17.48276 125.63705 29.18625 4.71497 6.29807
0.34332 1.09482 0.83160 0.86975 0.08774 0.72861 0.08774 0.71716 0.36240 0.03815 5.75638 19.20700 21.59882 58.85315 4.48608 6.79398 6.89316 4.53949 8.54492 7.24792 14.54163 14.41956 15.36560 9.50241 4.42505 4.37546 8.77380 9.10568 19.93561 2.61307 3.70789
0.30899 1.14822 1.81580 4.60815 2.49481 2.40707 1.32751 1.37329 0.68283 0.04196 3.66974 15.26642 32.50122 2.07520 2.12860 1.65939 1.51825 1.64032 5.59235 2.91443 5.28336 5.85175 3.89862 1.75858 10.42175 8.12912 3.76892 16.32690 1.93405 13.73672 16.18576
0.79727 1.19019 0.97656 1.17493 2.28882 2.44141 0.62561 2.45667 0.31281 0.12589 1.22833 4.41742 1.09863 6.23322 0.89645 1.10245 1.09482 3.20053 5.97382 4.36020 4.32587 8.94928 3.09372 13.02719 8.74329 1.25122 0.32043 3.29590 3.57819 8.31604 0.76294
2.04849 1.95694 0.42343 0.74768 2.35367 0.73624 0.91171 1.17874 0.58746 0.46158 1.78909 0.74005 0.66376 3.13187 4.99725 3.97491 1.39999 5.22614 4.52423 8.92639 1.19019 16.62827 5.53894 18.57758 8.16345 0.28229 0.63705 0.69809 1.23215 3.78036 2.63596
2.41089 2.86865 2.02942 4.88281 3.54767 1.39236 2.18964 0.65231 0.06866 0.33951 0.64468 0.78201 0.78201 7.82394 2.23923 0.90790 0.12207 1.01852 6.98853 2.55966 12.73346 9.08661 16.86478 12.55798 0.40817 0.13351 2.04086 0.41962 0.43869 4.93240 8.37326
1.19400 2.20490 6.11115 7.23648 3.69644 3.94821 0.84686 0.53787 0.73624 0.21744 0.77438 1.73187 1.33514 1.71661 1.92642 0.93842 7.28989 1.04141 4.30298 6.75964 5.76019 9.20105 16.46805 21.91162 22.72034 0.81253 5.44739 0.74768 0.83160 1.33896 20.62988
