DATA/RAW-RASTER/ECMWF/20170628/EN-17/20170629.en-17.asc
ncols			31
nrows			16
xllcorner		69.5
yllcorner		19.5
cellsize		1.0
NODATA_value	-99999
2.16484 4.37546 0.56267 0.59509 12.21085 7.31850 23.29254 35.49576 20.41245 7.09915 10.26344 17.35687 6.42967 3.62968 11.96861 6.89507 3.47710 4.49371 7.98607 4.29916 5.34630 5.05066 1.23596 1.56021 0.60463 0.72861 0.64659 0.29755 0.13161 0.25940 1.66321
0.07629 0.53787 0.47874 7.49016 14.47105 46.47446 84.65767 35.66170 23.75793 17.47322 7.73239 7.92313 6.52122 1.90735 5.54657 2.49290 3.08418 3.25584 8.17680 6.10733 2.37846 12.02774 10.91766 2.41661 1.23596 0.90218 1.35040 1.04523 1.51634 0.65231 0.52834
0.24414 0.95558 0.73051 8.08525 36.79276 190.66620 113.32893 48.83766 12.13646 6.37436 5.27954 4.38499 3.11279 2.70653 2.22778 1.01280 0.86594 1.19019 3.28636 3.62396 3.17574 3.01361 4.60625 6.09970 10.83755 4.61960 4.32968 3.27492 1.31035 1.47629 1.15967
0.41008 0.34332 8.44193 9.44710 21.32988 117.32674 165.36522 82.22580 52.59705 10.05745 4.39262 1.01852 0.97084 1.36948 2.45667 0.56458 1.01662 2.52342 1.59454 4.46892 4.74167 9.56535 13.62801 7.13348 6.39915 0.52643 7.29370 4.43077 6.31332 8.44574 0.66376
1.43051 0.94032 9.34982 1.77765 39.65569 57.09076 101.44615 50.36545 75.94872 23.13805 5.20897 2.47955 1.17493 0.72289 1.72424 0.24033 0.13924 0.09918 1.19972 1.17683 0.67902 5.35583 11.42502 10.49614 9.27353 8.86536 10.26917 20.19882 13.33618 9.04083 6.19698
0.41962 0.87738 1.15776 7.19452 35.44044 33.39577 50.39787 41.69273 75.84953 40.28511 48.93303 5.25475 1.98555 0.20981 0.18120 1.06430 0.18692 0.15640 1.31798 4.43268 0.85640 12.20131 9.84001 12.47597 9.50813 20.55359 17.82036 10.94055 17.58194 8.13866 9.42612
0.22316 0.56076 15.19203 15.11955 13.15498 19.24324 6.98471 15.70892 20.69283 16.10374 6.74057 15.47813 6.34766 3.24249 0.01907 0.57411 0.03433 1.43623 0.70953 1.31226 4.28581 6.31905 8.62694 8.73756 18.61382 55.42374 54.56161 30.42412 18.46504 19.72008 7.91550
3.51906 3.92151 10.45036 17.15088 8.26836 18.61000 11.03783 22.99500 31.23856 16.75224 1.32561 0.39482 0.14305 0.76485 2.91634 2.10381 2.74086 0.26321 0.20409 4.54330 6.84166 17.33589 3.73459 30.38788 22.41707 116.06026 45.91370 18.60428 87.24594 20.31517 7.83157
15.08713 15.91873 19.21272 11.78741 10.97107 4.77409 2.04849 14.77432 36.07368 7.61223 3.53432 0.64659 4.74167 1.57738 1.44005 0.80109 2.02560 4.66919 9.18007 16.10947 39.32762 47.47391 36.63445 45.12405 18.82362 18.73016 24.57428 92.42249 90.63530 18.72444 7.98225
5.88226 6.85692 2.82669 23.27538 3.45612 0.69046 0.41008 8.80814 24.74022 18.61954 4.36974 2.02751 1.54305 4.46510 0.56648 0.95940 1.39618 1.10054 1.30463 2.30026 4.21715 1.93024 16.59203 8.22258 1.64032 14.18114 27.97318 20.70045 33.10966 7.97081 12.15363
12.28714 9.24683 65.64713 6.39915 6.82640 0.71335 0.13161 0.80490 9.54628 16.82663 12.13837 10.85281 4.53186 3.18718 5.17464 2.23923 1.55640 2.71797 1.31035 4.09698 11.12747 9.46617 23.78845 5.25284 12.21657 18.77403 3.83377 5.14603 20.83206 5.34248 7.51686
12.44736 8.54492 6.50406 5.50652 4.40788 0.79155 0.58937 1.16539 2.24113 14.69421 14.79912 20.40672 21.41953 8.24928 3.85475 2.66838 2.29073 3.20816 2.06566 3.22342 3.71170 4.32205 3.33595 15.07378 11.83510 8.58307 1.99509 6.78444 16.93535 12.65907 7.67517
8.96072 5.14030 11.53564 4.80652 2.03323 1.07002 2.09236 0.90408 3.97873 4.40407 30.63202 20.65277 7.44438 11.86180 10.18143 10.95772 3.78990 3.60489 2.97737 2.06566 5.06020 7.50351 2.55585 6.02531 11.20186 4.06265 6.07300 4.51660 25.48027 10.31113 17.72881
23.07320 6.50978 2.37083 3.66020 1.92833 1.18828 1.13106 0.95367 4.78935 4.38118 28.62167 43.52951 49.80278 8.13866 3.21579 2.19536 3.53622 6.63757 6.96945 12.91847 4.60052 16.14571 5.12314 6.71196 16.87622 1.89400 0.60654 9.32312 15.78522 13.83972 15.95688
63.71498 7.49588 8.64792 16.17432 2.37465 3.72887 1.76048 3.74031 3.77464 6.83403 22.32742 41.37802 157.80830 16.44325 2.64359 2.25830 1.75095 7.23648 13.85117 9.41467 10.26726 15.09476 19.37866 25.04730 6.09779 3.69453 1.13487 1.68419 11.62910 8.93402 12.02965
6.26564 10.17570 14.25171 40.84969 17.70592 3.15857 1.18637 1.94931 3.70407 5.65338 4.66347 20.67375 61.29074 13.57651 2.77328 1.27411 3.55911 4.38499 7.90787 6.74438 11.01303 20.87021 25.08354 17.09747 18.79883 7.02858 9.09042 2.72560 2.77138 4.90379 18.79311
