DATA/RAW-RASTER/ECMWF/20170628/EN-17/20170702.en-17.asc
ncols			31
nrows			16
xllcorner		69.5
yllcorner		19.5
cellsize		1.0
NODATA_value	-99999
0.13351 2.73895 7.06863 10.22720 7.33566 3.31497 2.41852 0.03815 0.12970 0.08392 0.21744 0.84686 1.94168 0.67139 1.48010 1.05667 1.33896 2.20871 1.32370 3.30353 2.71988 1.35040 0.48828 0.76294 0.65231 0.07629 0.02289 0.00763 0.15640 0.93079 2.50244
0.63705 1.11008 9.75800 19.56940 3.70026 3.32642 0.12589 0.09155 0.09918 0.02289 0.10300 1.49918 0.93842 3.02505 1.86157 1.46866 0.49973 0.80872 4.77982 2.92587 6.77872 13.62228 7.03430 4.20761 2.99454 4.44412 2.71225 1.67847 0.96130 1.26266 0.67139
7.28226 4.92096 0.61417 1.05667 3.50952 2.44141 7.62177 0.12207 0.22888 0.23651 0.05722 3.40271 1.61743 1.67847 3.13568 4.81415 1.50299 2.72369 5.10788 6.46591 9.80377 13.08441 13.05389 21.23642 22.32361 18.76831 7.29752 2.00272 9.09042 6.94275 4.00162
6.87027 43.52951 0.08774 0.00763 0.03433 2.15149 2.39944 6.64902 0.13733 0.02670 0.88882 4.02451 2.69318 8.57925 2.57492 4.79889 9.33075 7.48444 6.74820 5.24521 1.15585 7.11060 9.47189 14.40430 18.11981 16.99829 17.34924 14.51492 15.12146 18.03207 13.01956
2.99072 0.31662 3.89862 0.00000 0.07248 0.38147 1.88065 6.95801 2.44522 0.07629 0.04578 0.22888 1.60217 2.33459 7.65610 2.64740 7.07245 6.62994 5.85556 7.04956 6.24847 5.06973 13.37814 8.33893 6.64520 8.60596 10.94818 17.67349 18.47076 20.64133 14.75143
3.58582 2.85339 2.90680 0.00000 0.00000 1.54877 1.31226 3.17001 2.99072 7.09152 15.10239 8.31604 2.31171 0.81253 1.60980 5.84793 3.75748 2.57111 5.63049 12.61520 8.92258 7.80487 7.30515 15.46860 8.58307 9.71603 3.22723 1.07574 20.96558 15.50674 20.11490
0.53787 1.36566 2.41089 0.67139 0.00381 1.44196 1.98364 2.22778 4.45938 9.07135 10.19287 24.06693 20.93887 10.23483 9.89151 2.91824 1.90353 4.09317 2.19345 11.79123 5.42831 9.79996 6.01578 7.21741 14.61792 14.18686 20.00809 12.68387 5.10406 8.78906 14.69803
0.00000 0.90408 1.00708 3.46756 0.57602 3.01361 2.39563 2.46811 6.35910 20.27130 12.07352 38.20419 16.86859 17.15088 22.12524 15.76996 10.65063 2.92969 19.04297 4.98962 12.09641 13.67188 6.74057 14.42337 10.08224 27.31323 131.08826 62.37793 21.95358 8.06046 9.07135
0.00000 0.20218 1.06812 2.30408 2.95639 2.10190 1.33896 2.28119 4.15802 9.44901 13.19504 27.54211 29.12903 16.06369 10.78796 24.18900 10.09750 88.64212 67.63077 47.15347 119.50684 68.05420 37.39166 17.13562 15.04135 23.13995 20.67566 73.66180 68.79044 14.07242 3.28827
0.01144 0.10681 0.63705 4.35638 5.52750 1.95694 1.48010 1.14059 0.78201 0.56076 0.79727 16.69312 35.79330 28.93829 17.18521 14.04953 11.69968 8.11386 5.27954 4.86755 6.15692 5.55420 27.42386 13.50784 22.00699 5.69916 18.54324 11.39450 25.46692 17.49039 6.36292
0.05341 0.19073 6.43921 10.90622 7.58743 7.54166 4.59290 2.66647 1.33896 1.20544 5.10788 15.96451 36.39221 53.78342 19.03915 23.06366 12.50076 18.73398 9.15527 4.56619 3.10135 8.21686 45.04395 5.99670 7.79343 18.80646 18.14270 29.80042 40.76004 29.77753 26.60370
0.48828 1.33514 5.82886 86.61652 42.66357 14.30893 2.22778 4.48990 1.64032 1.15204 1.62125 9.65118 22.37701 33.98514 40.08102 13.17215 17.99393 13.67188 7.00760 3.33023 4.24194 5.25284 2.49863 1.39618 24.07837 11.08551 4.87900 16.68930 12.28714 18.37158 20.48874
1.07574 2.19345 3.49045 12.98904 34.22546 20.79391 10.81467 5.13458 2.23541 1.62888 2.60544 6.87408 19.42062 30.85327 106.45676 9.53293 11.16562 9.79614 5.55420 5.21469 9.31549 11.78360 2.53677 2.88773 12.71820 3.61633 0.37766 2.21252 14.76288 7.25555 6.85120
3.07465 2.17819 4.63486 4.85611 6.08826 17.35306 5.98526 5.56946 4.29153 4.45938 6.58417 0.80872 3.21579 6.55365 8.22449 18.15796 9.15527 10.04410 12.10022 6.14548 6.08826 15.78903 7.88116 5.81360 4.07028 0.26703 0.12589 12.60757 25.77209 5.52368 5.52750
4.69589 0.75912 3.76511 18.98956 11.05499 0.70572 0.70953 0.38910 0.17548 2.62070 1.47629 2.10953 1.45721 0.84686 3.41415 5.20325 12.43973 5.86700 35.13718 22.23969 12.87842 14.80103 24.51706 9.89914 1.00708 0.95749 1.75095 1.04904 2.15912 13.80157 15.10239
7.70569 4.70734 5.61523 20.48111 4.53949 1.00327 0.72479 0.67139 0.18692 3.35693 2.95258 4.04739 4.62723 4.34494 12.80594 14.29749 5.79071 17.09747 24.28436 20.68710 8.19016 9.11331 21.16776 28.08380 32.61566 3.86429 10.72311 2.17819 1.79291 3.17764 7.61795
