DATA/RAW-RASTER/ECMWF/20170628/EN-17/20170628.en-17.asc
ncols			31
nrows			16
xllcorner		69.5
yllcorner		19.5
cellsize		1.0
NODATA_value	-99999
4.90379 5.32150 14.65225 8.89969 7.31850 4.87518 7.34711 12.83264 3.08609 0.75531 3.05367 7.18307 3.78799 13.29422 6.24466 14.12201 6.18935 3.83377 3.14903 2.52151 2.90680 1.39618 1.74713 2.95258 2.13623 2.47765 1.40381 3.13950 3.85284 2.83051 5.05447
5.38445 9.73701 42.80472 16.17622 13.27324 19.90509 14.29749 3.59344 5.78499 1.52397 2.70271 5.47218 6.41823 6.46210 8.32939 5.94330 7.74956 7.55882 19.12117 4.25148 11.27052 6.35147 9.51195 1.85966 1.29128 1.97411 1.68610 1.52969 1.29318 0.90218 4.86183
9.08089 32.45926 24.12415 25.66910 46.03958 40.01617 29.03175 9.58633 5.50079 2.75230 3.58582 2.31361 3.00789 6.19507 3.73077 2.26021 4.81415 4.11224 9.61685 9.87625 13.60893 8.31795 5.70488 5.31006 1.55067 1.13297 0.46730 0.47684 2.65884 0.86403 8.38852
4.23813 18.64815 24.27864 48.76518 24.51515 22.62306 11.46317 19.22798 16.22009 3.04031 5.45120 1.73759 5.53322 2.43568 4.22096 2.55394 4.35829 4.58717 2.27165 3.86429 5.38826 11.24191 11.02638 4.89807 1.39809 0.00000 4.60815 0.94795 1.43623 4.86755 5.82314
5.19371 22.14050 22.43805 7.45583 7.72476 28.23639 48.34747 15.82336 26.48354 14.78195 2.47955 2.89917 0.91171 1.09673 0.37384 0.65994 1.07384 2.32506 1.78337 2.18582 10.59723 8.14247 6.05583 3.64304 0.70763 2.93541 2.73895 1.33514 9.05800 5.36346 7.96318
7.30324 26.88217 26.19362 10.69260 9.50432 76.19858 55.58014 65.58418 26.49879 30.01022 24.29962 2.65694 2.84576 0.11444 0.42152 0.64850 2.59590 2.85149 5.43404 8.08334 3.32451 6.63185 9.48906 10.10704 3.11661 15.34081 0.61607 3.07083 5.65720 8.65936 8.01659
7.95174 30.78270 2.62070 3.94821 16.11328 12.82120 45.28618 41.57639 19.96422 11.09886 5.65338 20.78819 9.67407 1.86729 0.32425 3.11279 2.74277 2.04849 4.12941 9.59587 4.05693 1.51443 8.43048 8.52203 7.45773 3.71361 3.39890 1.57356 0.37575 7.74193 4.52042
34.66797 32.23610 14.69231 15.73563 10.69641 13.03864 14.11438 37.86850 38.73253 32.14264 12.45117 3.87383 3.30544 5.68962 16.58249 9.63211 9.17435 0.40054 1.79100 2.06566 2.28882 7.96127 5.14793 21.95168 13.19504 17.36259 25.60043 8.61740 59.70192 13.30566 7.71332
12.49313 122.94006 9.56535 2.85721 2.44904 3.31879 10.96916 18.42690 49.37172 20.13016 22.94731 11.07216 6.00624 2.46620 7.69615 3.47328 12.37679 17.23862 57.20329 18.34488 6.01578 21.31271 8.08144 14.46533 11.37543 16.42418 10.74600 37.01591 58.66623 9.34601 1.35422
3.03078 4.90570 2.77901 1.74904 1.50108 20.42961 7.36046 10.09750 31.01158 62.33025 18.87894 16.24298 0.75722 0.17166 0.55313 1.11580 0.65041 2.68936 7.61795 13.80920 15.39040 14.58359 29.62685 19.46831 18.41927 14.33563 14.55688 25.06638 29.55437 1.41907 8.84628
0.39864 1.48964 4.89426 0.57983 2.03323 2.11525 4.90570 10.15854 29.37508 32.55272 31.36063 24.68491 2.11716 0.49591 0.47874 1.94359 1.23596 2.34604 3.01743 1.50490 9.13429 6.74438 18.33153 33.16307 9.54437 11.83701 11.28387 15.51819 16.07895 5.65147 3.93867
3.75366 0.76866 2.68173 2.42805 3.18718 1.12724 1.21880 11.61385 13.83209 18.89420 18.12744 15.27405 10.01549 11.03020 1.12534 0.90790 4.79507 2.89726 6.27518 3.37219 1.23024 3.94440 3.45421 22.13860 6.45638 4.47273 2.11716 11.74164 7.51686 9.42802 9.38988
9.42802 3.99208 4.93050 4.70734 1.62888 3.04031 12.35962 1.86539 17.01164 13.35716 23.74268 26.93558 12.15935 13.63945 17.53616 7.67708 3.90625 3.47710 6.89507 1.95312 2.40898 19.02199 6.26945 18.99147 5.45311 0.89836 3.32642 32.73773 14.72092 20.35713 16.34598
3.97873 6.98280 1.16539 3.82042 4.41551 3.08418 6.69670 2.77328 9.43756 15.77759 60.62126 21.46912 8.25119 18.83316 39.82162 3.82042 5.74875 6.97899 9.13048 8.06236 5.39970 4.98962 4.61197 11.07407 1.46294 0.41771 0.46730 14.75143 25.21515 31.91948 13.17978
7.47871 11.77216 16.07895 19.88602 6.80351 1.32179 2.37274 6.34003 24.28055 35.17914 15.63454 15.40947 13.62038 10.26154 17.35115 9.39560 15.80429 5.55229 6.16455 7.65228 2.98309 3.87192 3.98254 3.70979 1.59645 0.19264 0.48447 13.50594 19.36150 16.62445 16.88766
21.34132 45.83740 16.01601 19.13261 2.78473 2.73705 15.56015 8.12721 6.57082 15.50102 19.52362 153.84674 103.82080 19.53506 25.36011 22.29500 17.20428 2.56157 7.58171 2.33841 2.25449 9.40132 13.47542 10.00786 10.93483 0.95558 3.25203 1.35040 1.76620 3.52097 18.45741
