DATA/RAW-RASTER/ECMWF/20170628/EN-17/20170707.en-17.asc
ncols			31
nrows			16
xllcorner		69.5
yllcorner		19.5
cellsize		1.0
NODATA_value	-99999
0.01907 0.00381 0.00000 0.00381 1.09482 0.16785 0.33569 0.40054 0.10681 0.18692 1.62506 1.76620 3.44086 3.84903 5.03159 6.27899 4.93622 4.65393 6.85501 7.70187 10.68497 8.02994 11.84464 10.14328 12.35580 13.56506 14.18686 5.51224 10.38361 3.29590 3.96729
0.11063 0.00381 0.00763 0.11063 2.64740 0.03433 0.03052 1.53351 1.22070 2.12097 1.72043 0.95367 1.77002 2.84195 2.04086 1.75476 3.39508 7.07245 10.46371 9.41086 6.48499 7.31659 6.74438 2.75040 5.07736 6.06918 6.46973 9.61685 18.74161 1.62506 3.00598
0.00000 0.36621 0.33951 0.49973 2.23923 1.11008 0.71335 0.05341 0.22125 0.17166 0.37766 0.22888 0.44250 0.12589 2.67410 2.22015 4.02069 4.46701 8.70132 2.55966 7.60651 11.60049 2.47955 1.11771 1.70898 4.65775 2.47574 8.54111 5.40924 2.67792 6.21414
1.12534 0.13351 0.11063 0.09155 1.35803 0.54550 2.65503 1.22070 0.76675 0.02289 0.08392 0.08011 0.14877 1.49918 1.23215 0.71335 1.45340 10.13565 2.65121 7.32803 6.96564 9.20868 11.15799 5.21851 6.14548 0.53787 4.33731 0.69809 3.97873 8.44574 9.63593
7.97272 0.00763 0.00000 0.37384 5.26047 0.78583 1.64032 2.14005 4.35638 0.28229 0.01526 0.14877 0.86594 3.73077 2.28119 1.24741 1.69373 3.73840 5.61523 5.82504 3.66592 2.15912 4.92859 4.45938 0.41199 1.31226 1.25122 3.56293 12.62665 11.92474 7.93076
0.51117 0.10681 0.01526 0.00000 1.09482 4.11606 12.37869 1.58691 1.12534 0.93460 7.36618 1.60599 5.80978 7.37381 4.71497 1.19400 3.17001 1.06049 0.89645 0.90790 0.33951 1.17493 1.84250 4.18854 6.40488 11.57379 2.66647 0.40817 5.41306 8.41522 9.44901
0.00000 0.00763 0.01526 0.00000 0.00000 0.22507 0.61417 2.51770 2.18964 0.78201 1.98746 4.09317 3.79181 42.36603 9.36127 1.51825 1.91879 0.62180 0.67139 0.25558 3.88718 1.52206 7.25555 7.78198 8.76999 56.05698 30.37643 5.06973 1.34659 7.78580 12.39014
0.00000 0.00381 0.00000 0.01144 0.00000 0.00000 0.13733 0.26703 1.40762 1.28174 1.15967 1.85013 0.33188 43.70880 29.47235 12.13837 0.71716 0.03815 0.04196 0.07248 1.08337 10.97488 1.27792 34.80530 45.87173 56.30493 148.68546 28.78952 11.92093 4.37927 9.39941
0.00000 0.00763 0.02289 0.03433 0.06485 0.18311 0.40054 0.01144 0.00000 0.43869 0.28610 1.75476 4.29535 11.95908 9.11713 5.80215 6.83975 3.08990 7.92694 10.56290 20.52689 9.52148 3.38364 34.67560 3.71933 7.43103 42.63306 23.18954 63.15994 21.73615 3.58963
0.25177 0.50354 1.57166 1.51062 1.72806 0.32806 0.04578 0.14877 0.31662 0.09537 0.12207 1.76620 4.58145 26.10779 5.74493 40.61508 3.07846 3.75366 3.65829 9.56345 6.41632 1.85013 9.67407 3.39890 0.09537 2.52533 21.50345 15.91873 47.54257 27.89688 4.68063
0.38910 1.70517 1.28937 1.36948 0.49210 0.51117 0.09918 0.04959 0.17166 1.31226 1.99890 1.99127 9.46045 5.23758 2.88773 3.48663 4.08173 1.40762 10.56671 16.61682 17.54379 10.31876 30.10178 12.21085 1.52969 5.49316 6.66428 10.86044 48.93875 15.72037 7.35474
0.45013 0.45395 2.43759 3.40652 1.19781 1.16730 0.45776 2.21252 1.78146 1.90353 7.69424 7.46536 0.37003 1.14441 1.73569 3.06702 1.72424 8.20923 9.78088 24.99390 10.00214 10.38361 2.49481 0.77057 1.17111 10.16617 8.89206 18.83698 20.74051 8.36182 15.44189
0.79727 1.09482 0.30899 2.00272 3.15475 3.32260 1.46866 0.74387 1.44958 1.09863 6.43921 5.16510 5.24139 6.65283 0.58746 6.71768 5.19562 3.80325 6.40106 10.87570 13.61084 17.93671 6.95038 4.64630 6.67572 5.47791 0.56076 2.41089 7.04193 12.63046 6.80161
1.51825 1.85776 0.27847 0.23270 2.12860 1.21689 1.47629 1.54114 1.47629 0.38910 1.45721 1.29318 1.76239 2.12479 0.56839 1.35422 1.46866 4.66919 0.17929 10.55527 3.47900 17.34543 8.86536 7.99561 1.73569 0.16022 0.46158 1.03378 6.98090 7.58743 4.10461
1.58310 1.88065 1.95694 2.77710 5.36728 2.18964 1.28174 1.17874 0.31281 0.61035 3.44849 0.50354 0.99182 2.18964 2.22015 0.74768 1.11389 1.08719 6.54221 9.92584 13.00430 14.49585 22.33887 9.02557 0.09537 0.41962 1.05286 0.59128 0.60654 7.86209 7.51877
0.92697 2.04468 3.20053 5.92041 0.43488 0.71716 0.76294 0.47302 0.42725 0.50735 0.82016 1.45721 1.87302 1.01089 2.16293 0.40054 4.57382 0.00000 9.88770 5.21851 9.36127 13.22174 18.65005 20.39719 23.21243 0.80872 2.78091 1.33896 1.39999 0.90408 12.68768
