DATA/RAW-RASTER/ECMWF/20170628/EN-17/20170701.en-17.asc
ncols			31
nrows			16
xllcorner		69.5
yllcorner		19.5
cellsize		1.0
NODATA_value	-99999
0.18311 2.57874 1.02234 2.37274 4.15039 3.01361 4.36401 0.24414 1.02234 1.13678 1.81580 1.36566 2.75040 2.38800 3.05176 3.62778 1.85776 1.87683 2.47955 2.55966 1.80054 3.31879 4.62723 9.33838 7.85446 8.74710 3.13187 4.21143 4.13132 6.40488 5.47791
0.05341 0.04959 0.83160 0.64087 2.10571 1.00708 0.09155 0.47302 1.11008 0.48828 1.25885 2.66266 1.97601 2.96021 5.96619 2.58636 4.78745 2.77710 4.53568 7.61795 8.11768 6.77872 3.15857 5.54276 2.35748 6.25610 6.46973 4.61578 1.93405 2.72751 5.71060
0.53024 0.09155 0.00000 0.41199 0.13733 0.68665 0.64087 0.62561 2.60162 4.19235 3.02887 2.91824 9.05991 8.77762 15.06042 13.52310 17.55905 13.93890 6.87027 7.20978 6.66046 5.61523 8.74710 12.82501 4.94003 3.15094 1.57166 5.84412 3.66974 4.00543 4.89807
0.74387 0.01144 0.00763 0.04578 0.01144 0.56839 0.54932 11.26480 23.00644 6.87027 4.87137 6.33240 14.42719 11.13129 7.64465 7.49969 3.76129 4.51660 5.39017 5.24139 2.65503 3.28827 10.40649 7.32040 9.64737 4.18472 8.20541 6.87790 3.68118 7.91550 5.53894
2.45667 0.08392 0.00763 0.00763 0.57983 0.36621 25.77209 95.93964 16.79611 8.89206 2.48718 3.18146 2.69699 1.17493 0.55313 0.57220 1.18256 0.57983 0.54932 0.94986 3.66974 2.18201 3.55148 1.52206 0.86594 3.73459 3.61252 6.20270 4.44794 4.24576 8.62885
2.78854 0.86212 0.02670 0.00000 0.16403 0.24414 5.87082 12.61520 11.66153 17.33780 10.84900 5.56946 5.27954 0.46921 0.29373 0.52261 0.56458 3.12042 4.06647 6.68335 13.67188 3.76129 0.92697 1.02615 1.96075 1.85776 3.49045 1.56403 5.94330 3.86047 9.75418
0.16785 1.76239 0.11444 0.51117 0.24033 3.03650 7.67899 12.95090 17.36450 26.48544 14.43863 11.32584 7.23648 3.00217 0.31281 1.58691 0.25177 0.66376 2.03323 0.72479 3.30353 1.87683 1.58691 5.63812 7.26700 9.88388 21.92307 9.88770 1.54877 2.17819 4.13513
0.92697 0.28610 1.21307 1.62125 1.54877 58.53653 9.68170 15.88058 19.55795 21.94595 20.79010 10.82993 13.15308 12.85172 7.44247 33.30612 7.58362 10.97107 0.38910 3.82614 8.62122 11.47461 8.08334 12.00485 9.46045 173.38943 173.61450 49.22867 22.28546 12.29095 9.43756
0.55695 1.82343 0.61035 1.27411 0.79727 2.81906 1.13678 1.69373 3.21198 6.12640 16.56723 10.08606 19.64188 13.92746 20.39719 14.36234 11.95145 46.73386 65.90271 44.53659 79.07867 87.27264 65.13977 26.46255 7.31277 17.12418 23.31543 59.12399 82.17621 26.39771 11.78360
0.22888 8.44574 0.44632 1.31607 1.06049 0.64087 0.86594 0.62943 1.08719 2.20871 3.15475 11.88660 3.39890 12.56180 17.39883 11.42883 2.75803 2.93350 3.23105 12.64954 6.38199 4.92859 23.52905 6.17218 21.22116 18.18848 37.89139 17.60483 44.25812 24.23859 9.61304
3.61633 12.56561 19.24896 7.12204 2.79999 0.93079 0.35095 0.50735 0.52261 5.42831 9.63211 6.99615 12.81738 13.73672 24.08218 31.65436 4.38309 3.62396 4.60434 5.13840 5.84793 7.25555 49.66736 4.37927 9.16672 19.98520 7.09534 17.13562 50.35782 17.33780 22.85004
19.56558 47.80960 99.10583 19.46640 10.82993 1.85776 0.57220 1.11389 0.47684 0.66757 6.59561 8.55255 29.13284 19.87839 12.27188 20.42007 14.73236 11.07407 7.11823 4.31824 9.07516 2.52533 1.94168 2.13242 6.82068 4.97818 3.73077 21.48819 8.31985 20.34378 3.86810
12.98904 132.37762 25.58136 15.09857 5.75638 4.14658 1.59836 1.48773 0.98038 0.90408 2.17056 16.73889 56.33926 35.04562 16.29257 3.95203 8.65173 10.54001 15.20538 8.54492 3.60107 7.03812 1.65939 5.06973 13.35144 2.12860 0.82397 5.46646 5.94330 7.72858 1.50681
53.73383 17.90237 4.11987 8.40378 5.58090 0.80872 2.03323 2.26593 1.15585 1.11771 0.46158 5.06210 11.37161 1.02234 3.91388 9.39941 3.04413 9.25827 8.00323 8.00323 16.30020 18.05878 3.60107 9.42612 13.40866 1.03378 1.86539 1.84250 11.69205 4.87900 2.49100
10.61249 26.19171 6.69861 14.47678 14.51492 0.32806 0.40436 1.31226 2.91824 1.91116 1.24359 1.78146 3.07846 2.68173 2.78854 10.65063 3.21198 16.81137 37.45270 18.55087 24.90616 22.60208 30.62439 15.52963 2.07138 3.21960 3.15475 7.95746 1.49155 12.66098 8.26263
5.53513 4.55093 6.76346 20.13016 3.57056 1.09863 0.93842 1.06049 0.25940 2.04086 4.71115 14.64081 10.10132 7.72095 9.57489 16.63589 11.94382 21.88492 38.08594 16.99448 21.67892 22.86911 27.98462 43.07556 35.22491 7.61795 15.22827 4.47845 1.31607 2.34604 9.87625
