DATA/RAW-RASTER/ECMWF/20170628/EN-17/20170704.en-17.asc
ncols			31
nrows			16
xllcorner		69.5
yllcorner		19.5
cellsize		1.0
NODATA_value	-99999
0.65613 5.21088 1.14822 0.49591 1.54114 0.21744 0.85068 0.81253 0.09918 0.01526 0.18311 0.50354 0.93460 1.26648 1.38474 2.22778 2.90680 3.47900 1.73950 1.75858 1.04141 3.42178 2.91824 6.88171 5.57327 5.73349 4.37927 4.77600 4.57382 13.08441 13.63373
2.17438 0.38910 1.51825 1.94931 4.08554 0.15640 0.01526 0.08392 0.03815 0.02289 0.00000 0.06485 0.55313 0.72861 3.66211 2.53296 1.12534 1.64032 4.64249 7.82776 2.44141 4.83704 1.95694 5.79071 12.64954 7.94601 10.13184 10.56290 7.47299 7.51877 11.00922
2.91061 3.10898 0.41962 0.96130 0.56839 0.63324 0.54550 0.00763 0.03052 0.00763 0.00000 0.00763 0.56458 1.07956 2.28500 1.51062 3.08990 3.41415 1.59073 0.97275 2.69699 3.27682 3.91769 2.14386 2.72369 0.59128 4.11987 1.04904 0.90790 3.62396 0.93079
2.44141 0.59891 0.95749 1.89209 0.13733 1.68991 3.20053 7.80106 0.10300 0.02289 0.35477 0.10681 0.10300 0.94986 1.31607 2.42233 5.23376 3.46375 3.61633 6.05392 5.32150 6.52695 5.21851 16.65115 7.61795 8.47626 1.32370 1.33514 2.14386 1.95312 1.76620
1.76239 7.49969 13.42773 8.39615 3.00598 5.19180 3.76129 4.16183 2.51389 0.40436 0.78201 0.82779 2.85339 8.93402 5.27191 6.73294 4.76837 6.01196 3.87955 5.25284 2.99072 6.34003 11.99722 8.13293 6.05774 3.39890 1.47247 1.81580 3.99399 3.37601 3.37982
6.11115 0.42343 4.64249 2.02560 2.55203 3.89481 3.80707 1.69754 3.88336 14.88495 14.25171 9.38416 6.25992 2.54822 8.65936 6.20651 9.47571 7.41196 7.25174 7.76672 10.58578 10.92911 11.00922 11.71875 16.66641 19.14215 8.40378 4.86755 8.27026 7.35474 10.39124
0.00000 0.00000 0.09537 0.42725 1.57928 2.05231 2.03705 4.30679 3.36838 6.79398 4.78745 15.83862 10.23483 4.50134 1.21689 2.13242 2.24686 5.27954 2.81906 6.90842 4.53568 0.76675 6.11877 10.99396 33.32520 94.34509 44.74258 11.19614 9.34601 18.08167 27.43149
0.00000 0.00000 0.00000 0.02670 0.46921 2.56348 0.86212 1.52206 5.79071 13.20267 6.28662 11.07025 6.55365 9.22012 5.49316 19.55414 8.18253 12.63046 0.57602 10.94818 13.40485 29.21677 22.44568 34.90067 64.86130 35.70175 29.22821 12.26044 38.78403 7.82776 15.69366
0.00763 0.01144 0.02670 0.20981 0.14114 0.53787 1.42288 9.20486 7.90405 5.25665 5.64957 16.42990 20.86639 15.50293 3.77274 7.89642 54.23737 26.98135 14.75906 177.45972 127.33078 187.64496 73.17352 60.32181 15.97595 3.53241 40.83252 64.71252 49.01505 3.91769 6.17599
0.07248 1.88065 1.52588 1.48010 1.39618 0.08392 8.76236 0.87738 20.06149 35.98785 14.81628 12.24518 7.83539 27.90070 24.97864 25.08545 13.06534 46.35239 21.68655 26.43204 2.46811 3.99017 45.18890 2.27737 1.07956 11.36398 13.48495 18.46313 17.41028 8.49915 3.36456
1.59073 1.51443 2.12097 1.41907 0.51880 0.64468 3.28064 0.80872 6.61087 99.43008 136.94382 3.47519 11.71494 14.80865 6.02722 77.48032 5.78690 33.03528 6.29807 20.23315 4.57764 12.88986 41.77094 1.79672 3.27301 3.98636 3.76511 10.60867 4.66919 2.00272 2.76566
0.77438 1.04141 2.48718 5.53894 3.37982 1.98364 0.64850 0.77438 6.84357 39.19601 58.55179 6.12259 123.82889 51.92566 17.75360 12.19177 12.16888 24.35303 21.03424 25.36392 12.20322 4.42123 1.35040 2.03323 10.87570 1.70517 1.04141 2.75421 5.61142 4.25720 3.70407
1.41907 1.99509 0.98038 1.49918 3.21198 3.09372 0.49973 1.63269 6.94656 6.94275 41.75949 40.85159 12.24136 5.98526 5.11932 5.15366 0.96130 6.47354 12.94708 28.36990 9.30405 22.85004 3.84903 3.38745 2.22015 0.31662 0.21362 2.25067 1.74713 1.44958 0.82016
1.43814 1.36185 0.50735 1.55258 4.59671 3.33405 4.73785 7.91550 4.98581 3.06702 11.85608 10.18143 25.60043 5.28336 1.92642 0.90408 0.75531 3.89481 8.67462 16.38794 13.54599 27.83966 3.45612 6.42776 10.01740 0.43869 1.21307 1.67847 1.69754 1.78528 0.62561
2.58255 1.84631 2.39182 4.87137 2.74277 3.24631 0.42343 1.63651 2.36511 0.35477 0.78201 4.85229 4.61960 11.26480 1.65558 2.42615 3.30353 1.31989 4.59671 8.31985 18.79501 16.90292 27.04620 9.35745 0.49210 5.98145 3.64304 1.41907 1.41144 1.20163 1.40762
1.55640 2.57874 5.88608 10.77271 0.83160 1.35040 10.20432 1.21689 1.38092 0.32043 2.21634 2.77328 0.86594 0.69809 4.98199 5.88226 12.32529 2.93732 14.18304 7.44247 8.76617 11.33347 22.02225 27.70615 19.74869 8.78906 17.90619 2.61688 0.87738 0.51117 0.41199
