DATA/SHG/ECMWF/20170628/EN-23/20170709.en-23.asc
ncols        190
nrows        64
xllcorner    -5100000.000000000000
yllcorner    4130000.000000000000
cellsize     10000.000000000000
NODATA_value  -99999.000
[rows 0 to 32 of 64, columns 73 to 145 of 190]
0.535 0.533 0.530 0.527 0.522 0.517 0.512 0.505 0.500 0.500 0.501 0.500 0.500 0.499 0.498 0.496 0.494 0.492 0.489 0.486 0.490 0.515 0.539 0.562 0.584 0.605 0.626 0.645 0.663 0.681 0.698 0.714 0.728 0.742 0.761 0.783 0.809 0.839 0.873 0.911 0.953 0.999 1.049 1.103 1.171 1.269 1.366 1.463 1.559 1.655 1.750 1.845 1.939 2.032 2.125 2.217 2.343 2.570 2.793 3.013 3.229 3.441 3.650 3.855 4.057 4.255 4.449 4.640 4.830 5.032 5.241 5.459 5.684
0.588 0.584 0.574 0.563 0.555 0.549 0.544 0.542 0.541 0.540 0.539 0.538 0.536 0.534 0.531 0.529 0.526 0.522 0.518 0.514 0.512 0.534 0.553 0.572 0.590 0.608 0.624 0.639 0.654 0.667 0.680 0.692 0.705 0.737 0.773 0.813 0.857 0.905 0.956 1.012 1.072 1.135 1.203 1.275 1.352 1.448 1.543 1.637 1.731 1.824 1.916 2.008 2.099 2.190 2.280 2.369 2.475 2.686 2.893 3.097 3.297 3.493 3.686 3.875 4.061 4.243 4.421 4.596 4.777 5.014 5.259 5.511 5.772
0.587 0.580 0.575 0.571 0.570 0.570 0.572 0.576 0.582 0.580 0.578 0.575 0.572 0.569 0.565 0.561 0.557 0.552 0.547 0.542 0.536 0.553 0.569 0.584 0.598 0.611 0.623 0.635 0.645 0.655 0.663 0.671 0.678 0.727 0.781 0.839 0.900 0.966 1.035 1.108 1.186 1.267 1.352 1.441 1.534 1.627 1.719 1.811 1.902 1.992 2.082 2.171 2.260 2.348 2.435 2.522 2.611 2.806 2.997 3.184 3.368 3.549 3.726 3.899 4.069 4.235 4.398 4.556 4.762 5.122 5.481 5.839 6.196
0.573 0.573 0.574 0.577 0.582 0.590 0.598 0.609 0.622 0.620 0.617 0.613 0.609 0.605 0.600 0.595 0.589 0.583 0.577 0.570 0.564 0.574 0.585 0.596 0.606 0.616 0.624 0.631 0.638 0.643 0.648 0.651 0.654 0.714 0.785 0.860 0.939 1.022 1.109 1.200 1.295 1.394 1.497 1.604 1.714 1.807 1.896 1.985 2.074 2.161 2.248 2.335 2.421 2.506 2.591 2.675 2.758 2.928 3.104 3.316 3.567 3.817 4.066 4.316 4.565 4.813 5.062 5.310 5.558 5.906 6.261 6.615 6.968
0.558 0.564 0.572 0.582 0.593 0.607 0.623 0.640 0.660 0.661 0.656 0.651 0.646 0.640 0.634 0.628 0.621 0.614 0.607 0.599 0.591 0.595 0.603 0.610 0.616 0.621 0.625 0.629 0.631 0.632 0.633 0.633 0.632 0.695 0.784 0.877 0.974 1.075 1.179 1.288 1.400 1.517 1.637 1.762 1.890 1.987 2.074 2.160 2.246 2.331 2.440 2.576 2.721 2.875 3.039 3.211 3.393 3.630 3.879 4.129 4.377 4.626 4.874 5.122 5.370 5.617 5.864 6.110 6.357 6.689 7.040 7.390 7.739
0.540 0.553 0.567 0.584 0.603 0.623 0.646 0.670 0.696 0.702 0.696 0.690 0.683 0.676 0.669 0.661 0.654 0.645 0.637 0.628 0.619 0.618 0.621 0.624 0.626 0.627 0.628 0.627 0.625 0.623 0.619 0.615 0.610 0.673 0.779 0.890 1.004 1.122 1.245 1.371 1.501 1.645 1.799 1.958 2.121 2.259 2.390 2.530 2.680 2.838 3.006 3.182 3.368 3.563 3.767 3.980 4.202 4.444 4.692 4.940 5.187 5.434 5.681 5.927 6.174 6.419 6.665 6.910 7.155 7.472 7.819 8.165 8.510
0.521 0.540 0.561 0.585 0.610 0.637 0.666 0.697 0.730 0.743 0.736 0.728 0.721 0.712 0.704 0.695 0.686 0.677 0.667 0.657 0.646 0.641 0.641 0.640 0.638 0.635 0.631 0.626 0.621 0.614 0.607 0.599 0.598 0.670 0.809 0.953 1.100 1.252 1.409 1.569 1.734 1.904 2.077 2.255 2.437 2.611 2.783 2.964 3.154 3.353 3.561 3.778 4.005 4.240 4.485 4.738 5.001 5.258 5.504 5.750 5.996 6.242 6.487 6.732 6.977 7.221 7.465 7.709 7.952 8.255 8.598 8.940 9.281
0.499 0.526 0.554 0.584 0.616 0.650 0.685 0.723 0.763 0.784 0.776 0.767 0.758 0.749 0.739 0.729 0.719 0.709 0.698 0.686 0.675 0.665 0.661 0.653 0.645 0.641 0.639 0.641 0.646 0.655 0.666 0.681 0.698 0.770 0.929 1.092 1.258 1.430 1.605 1.785 1.969 2.157 2.350 2.547 2.748 2.953 3.166 3.387 3.618 3.857 4.106 4.364 4.631 4.907 5.192 5.486 5.789 6.070 6.315 6.560 6.804 7.048 7.292 7.536 7.779 8.022 8.264 8.507 8.749 9.038 9.377 9.715 10.052
0.476 0.509 0.544 0.581 0.619 0.660 0.702 0.747 0.793 0.825 0.816 0.806 0.796 0.786 0.775 0.764 0.749 0.730 0.707 0.679 0.647 0.619 0.619 0.622 0.629 0.638 0.651 0.667 0.686 0.709 0.734 0.763 0.795 0.866 1.044 1.225 1.412 1.602 1.797 1.996 2.199 2.406 2.618 2.834 3.055 3.285 3.538 3.800 4.071 4.351 4.641 4.939 5.246 5.563 5.888 6.223 6.567 6.882 7.125 7.369 7.612 7.854 8.097 8.339 8.580 8.822 9.063 9.304 9.544 9.820 10.155 10.489 10.822
0.452 0.491 0.533 0.576 0.622 0.669 0.718 0.769 0.826 0.884 0.881 0.873 0.861 0.844 0.823 0.797 0.767 0.733 0.694 0.650 0.602 0.556 0.571 0.588 0.609 0.633 0.660 0.690 0.723 0.759 0.799 0.842 0.887 0.957 1.154 1.355 1.560 1.769 1.983 2.201 2.424 2.650 2.881 3.116 3.356 3.607 3.901 4.203 4.515 4.835 5.165 5.504 5.852 6.209 6.575 6.950 7.334 7.692 7.935 8.176 8.418 8.659 8.900 9.141 9.381 9.621 9.861 10.100 10.339 10.602 10.933 11.263 11.592
0.425 0.479 0.542 0.607 0.672 0.739 0.807 0.876 0.946 1.016 0.997 0.974 0.946 0.914 0.877 0.835 0.789 0.739 0.684 0.625 0.561 0.493 0.519 0.551 0.586 0.623 0.664 0.709 0.756 0.806 0.860 0.917 0.977 1.043 1.259 1.479 1.703 1.932 2.165 2.402 2.643 2.889 3.139 3.393 3.652 3.919 4.253 4.596 4.948 5.309 5.679 6.058 6.446 6.844 7.250 7.666 8.090 8.502 8.743 8.983 9.224 9.463 9.703 9.942 10.181 10.419 10.657 10.895 11.133 11.384 11.711 12.037 12.362
0.505 0.571 0.639 0.707 0.776 0.847 0.918 0.991 1.065 1.140 1.118 1.079 1.035 0.987 0.934 0.877 0.816 0.749 0.679 0.604 0.524 0.441 0.464 0.510 0.559 0.611 0.666 0.724 0.785 0.850 0.917 0.988 1.062 1.139 1.359 1.598 1.841 2.089 2.341 2.597 2.858 3.123 3.392 3.665 3.943 4.225 4.595 4.978 5.370 5.772 6.183 6.602 7.031 7.469 7.915 8.371 8.836 9.310 9.551 9.790 10.028 10.267 10.505 10.742 10.980 11.217 11.453 11.690 11.911 12.118 12.578 13.177 13.912
0.593 0.663 0.734 0.806 0.879 0.953 1.029 1.105 1.183 1.261 1.242 1.187 1.128 1.064 0.996 0.923 0.846 0.764 0.678 0.587 0.491 0.392 0.406 0.465 0.528 0.594 0.663 0.736 0.811 0.890 0.971 1.056 1.144 1.235 1.454 1.712 1.975 2.242 2.513 2.788 3.068 3.352 3.640 3.932 4.229 4.530 4.926 5.350 5.783 6.225 6.676 7.136 7.605 8.083 8.570 9.066 9.572 10.086 10.357 10.597 10.833 11.061 11.280 11.491 11.693 11.888 12.074 12.251 12.421 12.582 13.595 14.804 16.151
0.679 0.753 0.828 0.904 0.981 1.059 1.138 1.218 1.299 1.381 1.371 1.300 1.225 1.145 1.061 0.973 0.880 0.782 0.680 0.574 0.463 0.348 0.344 0.418 0.494 0.574 0.658 0.744 0.833 0.926 1.022 1.121 1.223 1.328 1.544 1.822 2.103 2.389 2.679 2.974 3.273 3.576 3.883 4.194 4.510 4.830 5.248 5.712 6.185 6.668 7.187 7.735 8.280 8.822 9.360 9.894 10.425 10.953 11.240 11.447 11.646 11.837 12.019 12.193 12.359 12.516 12.665 12.805 12.938 13.062 14.474 16.294 18.250
0.765 0.842 0.921 1.000 1.081 1.163 1.246 1.329 1.414 1.500 1.503 1.417 1.326 1.231 1.131 1.027 0.918 0.805 0.687 0.565 0.438 0.308 0.278 0.366 0.457 0.551 0.648 0.749 0.852 0.959 1.069 1.181 1.297 1.417 1.630 1.926 2.227 2.532 2.841 3.155 3.472 3.861 4.303 4.730 5.140 5.534 6.016 6.563 7.107 7.647 8.183 8.716 9.246 9.772 10.295 10.814 11.330 11.842 12.135 12.305 12.467 12.621 12.766 12.903 13.031 13.152 13.264 13.367 13.463 13.550 15.215 17.644 20.210
0.849 0.930 1.013 1.096 1.180 1.266 1.352 1.440 1.529 1.618 1.640 1.538 1.431 1.320 1.205 1.085 0.960 0.832 0.698 0.560 0.418 0.271 0.209 0.311 0.416 0.524 0.636 0.750 0.867 0.988 1.112 1.239 1.476 1.817 2.225 2.708 3.175 3.626 4.061 4.480 4.883 5.270 5.641 5.997 6.336 6.659 7.076 7.608 8.136 8.661 9.182 9.699 10.214 10.725 11.232 11.736 12.236 12.733 13.037 13.170 13.295 13.412 13.520 13.620 13.711 13.795 13.870 13.936 13.995 14.045 15.818 18.856 22.031
0.933 1.017 1.103 1.190 1.279 1.368 1.458 1.549 1.642 1.735 1.780 1.662 1.540 1.413 1.282 1.147 1.007 0.862 0.713 0.560 0.402 0.239 0.137 0.352 0.652 0.960 1.277 1.604 1.939 2.283 2.636 2.998 3.369 3.749 4.147 4.558 4.954 5.334 5.698 6.046 6.378 6.694 6.994 7.279 7.547 7.799 8.139 8.655 9.167 9.677 10.182 10.685 11.184 11.679 12.171 12.660 13.145 13.627 13.946 14.043 14.130 14.210 14.281 14.344 14.399 14.445 14.483 14.513 14.535 14.548 16.283 19.930 23.714
1.015 1.103 1.193 1.284 1.375 1.468 1.562 1.657 1.753 1.851 1.924 1.791 1.653 1.511 1.364 1.219 1.171 1.157 1.177 1.231 1.318 1.418 1.546 1.876 2.215 2.563 2.920 3.286 3.661 4.045 4.437 4.839 5.249 5.669 6.083 6.424 6.749 7.058 7.351 7.628 7.889 8.134 8.363 8.576 8.774 8.955 9.203 9.704 10.201 10.695 11.185 11.672 12.156 12.636 13.113 13.586 14.056 14.522 14.863 14.922 14.973 15.016 15.050 15.076 15.094 15.103 15.105 15.098 15.082 15.059 16.610 20.866 25.258
1.096 1.188 1.281 1.376 1.471 1.568 1.666 1.764 1.866 1.965 2.045 1.950 1.885 1.853 1.855 1.891 1.961 2.064 2.201 2.372 2.577 2.795 3.021 3.387 3.766 4.154 4.550 4.956 5.370 5.794 6.226 6.667 7.117 7.576 8.035 8.304 8.558 8.796 9.018 9.224 9.414 9.588 9.747 9.889 10.015 10.126 10.269 10.755 11.237 11.715 12.190 12.662 13.131 13.595 14.057 14.515 14.969 15.420 15.787 15.809 15.823 15.829 15.826 15.816 15.796 15.769 15.733 15.689 15.637 15.577 16.800 21.664 26.664
1.175 1.294 1.460 1.608 1.736 1.845 1.934 2.005 2.057 2.089 2.103 2.121 2.173 2.259 2.378 2.532 2.719 2.939 3.194 3.482 3.804 4.140 4.484 4.887 5.305 5.732 6.168 6.614 7.068 7.530 8.002 8.483 8.973 9.471 9.979 10.200 10.382 10.549 10.700 10.835 10.955 11.058 11.145 11.217 11.272 11.312 11.337 11.808 12.274 12.738 13.198 13.654 14.107 14.557 15.003 15.446 15.885 16.321 16.718 16.703 16.681 16.649 16.610 16.562 16.506 16.442 16.370 16.289 16.200 16.102 16.853 22.324 27.931
1.850 1.969 2.069 2.149 2.210 2.253 2.276 2.280 2.265 2.231 2.178 2.260 2.430 2.633 2.870 3.141 3.445 3.783 4.155 4.560 4.999 5.453 5.916 6.374 6.832 7.299 7.774 8.259 8.752 9.255 9.766 10.286 10.816 11.354 11.901 12.110 12.222 12.318 12.398 12.462 12.510 12.543 12.559 12.560 12.545 12.514 12.467 12.863 13.314 13.762 14.207 14.648 15.086 15.520 15.951 16.379 16.803 17.223 17.640 17.605 17.545 17.477 17.401 17.317 17.224 17.123 17.013 16.896 16.770 16.670 16.861 22.680 28.371
2.609 2.661 2.694 2.708 2.702 2.678 2.635 2.572 2.491 2.390 2.270 2.369 2.656 2.976 3.330 3.718 4.140 4.595 5.084 5.606 6.162 6.734 7.315 7.849 8.346 8.853 9.368 9.892 10.425 10.967 11.518 12.078 12.646 13.224 13.810 14.034 14.075 14.101 14.110 14.103 14.081 14.043 13.988 13.918 13.832 13.731 13.613 13.920 14.357 14.789 15.219 15.645 16.067 16.486 16.902 17.314 17.723 18.128 18.530 18.514 18.487 18.541 18.566 18.562 18.530 18.469 18.380 18.263 18.116 17.942 17.739 22.620 27.738
3.384 3.370 3.336 3.283 3.212 3.121 3.011 2.882 2.734 2.566 2.380 2.446 2.850 3.288 3.759 4.264 4.803 5.375 5.981 6.621 7.294 7.983 8.682 9.312 9.849 10.395 10.949 11.513 12.085 12.667 13.257 13.856 14.464 15.081 15.707 15.974 15.944 15.899 15.837 15.760 15.667 15.558 15.433 15.292 15.135 14.963 14.774 14.980 15.401 15.818 16.232 16.619 17.014 17.475 18.001 18.593 19.252 19.976 20.766 20.970 20.925 20.852 20.750 20.620 20.461 20.274 20.058 19.814 19.541 19.240 18.911 22.687 27.234
4.177 4.096 3.995 3.876 3.738 3.580 3.404 3.208 2.994 2.760 2.508 2.493 3.014 3.569 4.157 4.779 5.435 6.124 6.847 7.603 8.393 9.200 10.018 10.763 11.339 11.924 12.519 13.122 13.734 14.354 14.984 15.623 16.270 16.927 17.592 17.928 17.828 17.711 17.579 17.431 17.267 17.088 16.797 16.347 15.893 15.433 14.968 14.947 15.371 15.860 16.415 17.036 17.723 18.476 19.294 20.179 21.129 22.145 23.227 23.561 23.389 23.189 22.961 22.704 22.419 22.105 21.763 21.392 20.993 20.566 20.109 22.882 26.857
4.986 4.838 4.672 4.486 4.281 4.057 3.814 3.552 3.271 2.971 2.652 2.508 3.146 3.818 4.524 5.263 6.035 6.841 7.681 8.554 9.461 10.385 11.321 12.202 12.817 13.442 14.076 14.718 15.370 16.030 16.699 17.377 18.064 18.660 19.082 19.218 18.780 18.338 17.891 17.439 16.982 16.520 16.053 15.581 15.105 14.624 14.137 14.127 14.842 15.624 16.471 17.384 18.363 19.407 20.518 21.694 22.935 24.243 25.616 26.177 25.879 25.553 25.198 24.815 24.403 23.963 23.494 22.997 22.472 21.918 21.335 23.203 26.608
5.812 5.598 5.365 5.113 4.842 4.551 4.242 3.914 3.566 3.200 2.815 2.493 3.248 4.037 4.859 5.715 6.604 7.527 8.483 9.474 10.497 11.539 12.593 13.628 14.237 14.759 15.259 15.738 16.194 16.629 17.042 17.434 17.803 18.151 18.476 18.631 18.172 17.708 17.239 16.765 16.287 15.803 15.315 14.822 14.324 13.821 13.313 13.238 14.245 15.318 16.457 17.662 18.933 20.269 21.671 23.138 24.672 26.271 27.935 28.819 28.395 27.942 27.461 26.951 26.413 25.847 25.252 24.628 23.977 23.296 22.588 23.652 26.486
6.655 6.375 6.075 5.757 5.419 5.062 4.687 4.292 3.878 3.446 2.994 2.523 3.318 4.224 5.163 6.136 7.143 8.173 9.195 10.209 11.215 12.208 13.189 14.163 14.622 15.048 15.451 15.833 16.193 16.531 16.848 17.142 17.415 17.666 17.895 18.051 17.570 17.084 16.594 16.098 15.598 15.093 14.583 14.068 13.549 13.024 12.495 12.280 13.579 14.944 16.374 17.871 19.433 21.060 22.753 24.512 26.337 28.227 30.183 31.487 30.937 30.358 29.750 29.114 28.450 27.757 27.036 26.286 25.508 24.702 23.867 24.227 26.491
7.515 7.168 6.802 6.417 6.013 5.591 5.149 4.688 4.208 3.723 3.300 2.900 3.674 4.708 5.734 6.752 7.763 8.766 9.761 10.748 11.728 12.694 13.647 14.594 15.032 15.361 15.667 15.953 16.216 16.458 16.677 16.875 17.052 17.206 17.339 17.450 16.974 16.467 15.955 15.438 14.916 14.389 13.858 13.321 12.780 12.234 11.683 11.253 12.844 14.500 16.222 18.010 19.863 21.782 23.766 25.816 27.932 30.114 32.361 34.181 33.504 32.799 32.065 31.303 30.513 29.694 28.846 27.971 27.067 26.134 25.173 24.929 26.623
8.392 7.979 7.522 7.014 6.531 6.071 5.635 5.223 4.834 4.469 4.127 3.809 4.406 5.413 6.413 7.404 8.388 9.364 10.333 11.293 12.246 13.185 14.112 15.032 15.465 15.697 15.908 16.096 16.263 16.408 16.531 16.633 16.713 16.771 16.807 16.821 16.384 15.855 15.322 14.783 14.240 13.692 13.138 12.580 12.018 11.450 10.877 10.300 12.040 13.988 16.001 18.080 20.224 22.434 24.709 27.050 29.457 31.929 34.467 36.901 36.098 35.266 34.406 33.518 32.602 31.657 30.683 29.682 28.652 27.593 26.506 25.757 26.883
8.591 8.119 7.670 7.245 6.844 6.466 6.112 5.781 5.474 5.191 4.932 4.696 5.145 6.125 7.097 8.062 9.019 9.969 10.910 11.844 12.770 13.683 14.582 15.476 15.922 16.058 16.172 16.264 16.334 16.383 16.409 16.415 16.398 16.359 16.299 16.217 15.801 15.250 14.695 14.135 13.570 13.000 12.425 11.846 11.262 10.672 10.078 9.479 11.168 13.407 15.711 18.080 20.515 23.016 25.582 28.214 30.912 33.674 36.503 39.397 38.717 37.760 36.774 35.760 34.717 33.646 32.547 31.419 30.263 29.079 27.866 26.582 26.872
8.554 8.163 7.797 7.453 7.134 6.838 6.566 6.317 6.092 5.891 5.713 5.559 5.889 6.842 7.788 8.726 9.657 10.579 11.494 12.401 13.301 14.186 15.059 15.925 16.403 16.442 16.460 16.455 16.429 16.381 16.312 16.221 16.108 15.973 15.816 15.638 15.223 14.651 14.074 13.493 12.906 12.315 11.719 11.118 10.512 9.901 9.285 8.665 10.227 12.757 15.351 18.012 20.738 23.529 26.386 29.308 32.296 35.349 38.468 41.652 41.362 40.279 38.943 37.187 35.474 33.804 32.176 30.590 29.048 27.548 26.091 24.676 24.765
8.494 8.185 7.901 7.640 7.402 7.188 6.998 6.831 6.688 6.568 6.473 6.400 6.639 7.566 8.485 9.396 10.300 11.196 12.084 12.965 13.837 14.696 15.542 16.381 16.908 16.850 16.771 16.671 16.548 16.404 16.238 16.051 15.841 15.610 15.358 15.083 14.652 14.058 13.460 12.857 12.249 11.636 11.018 10.396 9.768 9.136 8.499 7.857 9.218 12.038 14.923 17.874 20.890 23.901 26.700 29.398 31.997 34.494 36.892 39.189 38.652 36.999 35.389 33.822 32.297 30.815 29.376 27.979 26.625 25.313 24.045 22.818 22.682
8.412 8.186 7.983 7.804 7.648 7.516 7.407 7.322 7.261 7.223 7.209 7.219 7.395 8.295 9.187 10.072 10.949 11.818 12.680 13.534 14.380 15.212 16.031 16.843 17.436 17.283 17.107 16.910 16.692 16.451 16.189 15.905 15.600 15.272 14.924 14.553 14.087 13.472 12.852 12.227 11.597 10.963 10.324 9.680 9.162 8.911 8.496 7.918 8.922 11.780 14.537 17.195 19.751 22.208 24.564 26.820 28.976 31.031 32.986 34.841 34.682 33.218 31.797 30.418 29.082 27.788 26.537 25.328 24.163 23.039 21.959 20.921 20.624
