DATA/SHG/ECMWF/20170628/EN-23/20170706.en-23.asc
ncols        190
nrows        64
xllcorner    -5100000.000000000000
yllcorner    4130000.000000000000
cellsize     10000.000000000000
NODATA_value  -99999.000
[rows 0 to 32 of 64, columns 73 to 145 of 190]
6.437 6.986 7.552 8.134 8.733 9.349 9.981 10.630 11.001 10.585 10.114 9.659 9.218 8.792 8.381 7.985 7.604 7.238 6.887 6.550 6.369 6.647 6.905 7.149 7.378 7.594 7.795 7.982 8.155 8.314 8.458 8.588 8.669 8.639 8.620 8.613 8.617 8.634 8.662 8.702 8.754 8.818 8.894 8.982 9.189 9.739 10.297 10.860 11.431 12.008 12.592 13.183 13.781 14.385 14.996 15.614 16.010 15.727 15.430 15.119 14.794 14.456 14.102 13.735 13.354 12.959 12.550 12.127 11.706 11.313 10.901 10.470 10.020
7.097 7.705 8.264 8.785 9.284 9.760 10.214 10.644 10.903 10.469 10.051 9.647 9.258 8.885 8.526 8.182 7.853 7.539 7.239 6.955 6.737 6.951 7.146 7.326 7.492 7.644 7.782 7.905 8.015 8.110 8.191 8.258 8.307 8.329 8.363 8.409 8.466 8.536 8.617 8.710 8.815 8.932 9.061 9.201 9.407 9.987 10.575 11.169 11.769 12.377 12.991 13.612 14.240 14.875 15.516 16.164 16.680 16.334 15.975 15.601 15.213 14.811 14.396 13.966 13.522 13.064 12.592 12.106 11.612 11.134 10.637 10.121 9.586
7.496 7.983 8.448 8.890 9.309 9.704 10.077 10.428 10.721 10.340 9.974 9.622 9.285 8.964 8.657 8.365 8.088 7.825 7.578 7.346 7.128 7.271 7.402 7.519 7.622 7.710 7.784 7.845 7.890 7.922 7.940 7.943 7.932 8.007 8.094 8.192 8.303 8.425 8.560 8.706 8.864 9.033 9.215 9.408 9.616 10.227 10.845 11.469 12.100 12.738 13.382 14.034 14.692 15.356 16.028 16.706 17.364 16.955 16.533 16.096 15.646 15.181 14.703 14.210 13.703 13.183 12.648 12.100 11.549 11.034 10.530 10.039 9.559
7.862 8.269 8.654 9.015 9.354 9.670 9.963 10.233 10.480 10.197 9.883 9.583 9.299 9.029 8.774 8.534 8.309 8.099 7.903 7.723 7.557 7.607 7.675 7.728 7.767 7.792 7.803 7.800 7.782 7.750 7.705 7.645 7.571 7.672 7.812 7.964 8.127 8.302 8.489 8.688 8.899 9.121 9.355 9.602 9.859 10.460 11.107 11.762 12.423 13.091 13.766 14.447 15.135 15.830 16.532 17.240 17.955 17.590 17.105 16.627 16.152 15.660 15.149 14.620 14.074 13.509 12.926 12.326 11.707 11.233 10.783 10.345 9.919
8.248 8.576 8.880 9.162 9.420 9.656 9.869 10.059 10.227 10.041 9.779 9.531 9.299 9.081 8.878 8.690 8.517 8.358 8.215 8.086 7.972 7.958 7.962 7.952 7.928 7.890 7.837 7.771 7.690 7.595 7.486 7.362 7.225 7.325 7.518 7.722 7.938 8.166 8.406 8.658 8.921 9.196 9.483 9.782 10.093 10.684 11.362 12.047 12.738 13.436 14.203 15.009 15.802 16.582 17.347 18.098 18.836 18.584 18.065 17.528 16.973 16.400 15.808 15.199 14.572 13.927 13.264 12.583 11.883 11.421 11.024 10.639 10.266
8.656 8.903 9.128 9.329 9.508 9.664 9.797 9.907 9.995 9.872 9.662 9.466 9.285 9.119 8.968 8.832 8.710 8.604 8.512 8.435 8.373 8.325 8.266 8.192 8.105 8.003 7.887 7.757 7.613 7.455 7.283 7.096 6.895 6.965 7.211 7.468 7.737 8.018 8.310 8.615 8.931 9.368 9.885 10.406 10.931 11.654 12.468 13.269 14.055 14.828 15.587 16.332 17.063 17.781 18.484 19.174 19.850 19.664 19.064 18.446 17.811 17.157 16.485 15.796 15.088 14.363 13.619 12.857 12.078 11.596 11.253 10.921 10.601
9.084 9.252 9.396 9.518 9.617 9.693 9.746 9.776 9.784 9.689 9.531 9.387 9.258 9.144 9.045 8.960 8.891 8.836 8.796 8.771 8.760 8.707 8.585 8.448 8.297 8.132 7.953 7.760 7.553 7.331 7.095 6.846 6.720 6.945 7.446 7.952 8.462 8.976 9.495 10.018 10.545 11.076 11.612 12.152 12.696 13.360 14.112 14.851 15.576 16.287 16.984 17.667 18.337 18.992 19.634 20.262 20.876 20.760 20.080 19.382 18.666 17.932 17.180 16.410 15.622 14.816 13.992 13.150 12.290 11.760 11.469 11.191 10.924
9.533 9.621 9.685 9.727 9.746 9.743 9.716 9.667 9.595 9.493 9.387 9.295 9.217 9.155 9.108 9.075 9.057 9.054 9.066 9.092 9.134 9.105 8.919 8.830 8.782 8.733 8.681 8.628 8.573 8.516 8.457 8.396 8.334 8.493 9.014 9.539 10.068 10.601 11.139 11.681 12.227 12.777 13.332 13.891 14.455 15.077 15.768 16.445 17.108 17.758 18.393 19.015 19.623 20.217 20.797 21.363 21.916 21.874 21.113 20.335 19.538 18.724 17.892 17.041 16.173 15.287 14.383 13.461 12.521 11.911 11.674 11.448 11.234
10.003 10.011 9.996 9.958 9.897 9.814 9.707 9.578 9.427 9.284 9.229 9.189 9.163 9.153 9.157 9.216 9.441 9.676 9.921 10.177 10.442 10.629 10.576 10.522 10.466 10.407 10.347 10.285 10.222 10.156 10.088 10.019 9.948 10.035 10.575 11.119 11.667 12.219 12.776 13.337 13.902 14.471 15.045 15.623 16.206 16.807 17.436 18.052 18.653 19.241 19.815 20.375 20.921 21.453 21.972 22.477 22.968 23.005 22.164 21.305 20.428 19.534 18.621 17.690 16.742 15.775 14.791 13.789 12.769 12.050 11.866 11.693 11.533
10.494 10.422 10.327 10.209 10.069 9.906 9.720 9.511 9.341 9.337 9.536 9.746 9.966 10.195 10.435 10.685 10.945 11.215 11.495 11.785 12.086 12.338 12.277 12.214 12.149 12.082 12.013 11.942 11.870 11.796 11.719 11.641 11.561 11.570 12.129 12.691 13.259 13.830 14.406 14.986 15.570 16.158 16.751 17.348 17.950 18.549 19.117 19.671 20.210 20.736 21.249 21.747 22.232 22.703 23.160 23.603 24.032 24.153 23.231 22.292 21.335 20.361 19.368 18.357 17.328 16.282 15.217 14.135 13.035 12.177 12.046 11.926 11.819
11.005 10.871 10.766 10.681 10.616 10.570 10.544 10.537 10.550 10.585 10.819 11.064 11.319 11.583 11.858 12.143 12.438 12.743 13.058 13.383 13.718 14.038 13.977 13.905 13.831 13.756 13.679 13.599 13.518 13.435 13.350 13.263 13.175 13.098 13.675 14.257 14.843 15.434 16.028 16.627 17.231 17.838 18.450 19.066 19.686 20.304 20.809 21.302 21.780 22.244 22.695 23.132 23.555 23.964 24.360 24.742 25.110 25.317 24.316 23.297 22.260 21.205 20.132 19.041 17.932 16.806 15.661 14.499 13.318 12.292 12.214 12.147 12.093
11.639 11.583 11.546 11.530 11.532 11.555 11.597 11.658 11.739 11.840 12.091 12.371 12.660 12.960 13.270 13.589 13.919 14.259 14.609 14.969 15.339 15.694 15.677 15.596 15.514 15.430 15.344 15.256 15.166 15.074 14.981 14.885 14.788 14.689 15.215 15.816 16.421 17.031 17.644 18.262 18.884 19.511 20.142 20.777 21.416 22.060 22.514 22.945 23.362 23.765 24.154 24.529 24.891 25.239 25.573 25.893 26.200 26.493 25.418 24.319 23.202 22.066 20.913 19.743 18.554 17.347 16.123 14.880 13.569 12.272 12.274 12.378 12.586
12.263 12.275 12.307 12.359 12.430 12.520 12.630 12.760 12.909 13.078 13.352 13.667 13.991 14.326 14.670 15.025 15.389 15.764 16.149 16.543 16.948 17.338 17.376 17.287 17.196 17.104 17.009 16.912 16.814 16.713 16.611 16.507 16.401 16.293 16.748 17.368 17.992 18.620 19.253 19.890 20.531 21.177 21.826 22.480 23.138 23.801 24.231 24.600 24.956 25.297 25.625 25.939 26.239 26.526 26.798 27.057 27.303 27.534 26.537 25.203 23.713 22.253 20.824 19.424 18.055 16.716 15.407 14.128 12.879 11.660 12.009 12.570 13.234
12.868 12.949 13.049 13.168 13.307 13.466 13.644 13.842 14.059 14.295 14.602 14.952 15.311 15.680 16.060 16.449 16.848 17.258 17.677 18.107 18.546 18.971 19.076 18.978 18.879 18.777 18.674 18.568 18.461 18.352 18.242 18.129 18.014 17.898 18.274 18.913 19.556 20.203 20.855 21.511 22.171 22.835 23.504 24.177 24.854 25.535 25.960 26.268 26.562 26.842 26.946 26.856 26.741 26.603 26.441 26.254 26.043 25.808 24.668 23.282 21.926 20.600 19.304 18.038 16.802 15.597 14.421 13.276 12.161 11.076 11.643 12.660 13.779
13.454 13.603 13.771 13.958 14.165 14.392 14.638 14.904 15.189 15.494 15.841 16.225 16.619 17.024 17.438 17.862 18.296 18.740 19.195 19.659 20.133 20.593 20.775 20.669 20.561 20.450 20.338 20.225 20.109 19.991 19.872 19.750 19.627 19.502 19.793 20.451 21.113 21.779 22.450 23.124 23.803 24.337 24.724 25.109 25.491 25.871 25.977 25.876 25.752 25.603 25.429 25.232 25.011 24.765 24.496 24.202 23.884 23.542 22.585 21.333 20.110 18.918 17.756 16.623 15.521 14.449 13.407 12.395 11.413 10.462 11.175 12.647 14.222
14.021 14.237 14.473 14.729 15.004 15.299 15.613 15.946 16.300 16.672 17.069 17.488 17.917 18.356 18.805 19.264 19.733 20.212 20.701 21.200 21.709 22.204 22.474 22.359 22.242 22.124 22.003 21.880 21.756 21.630 21.502 21.372 21.088 20.683 20.617 21.011 21.402 21.790 22.176 22.560 22.942 23.321 23.698 24.072 24.444 24.814 24.917 24.709 24.477 24.221 23.941 23.636 23.308 22.955 22.579 22.178 21.753 21.304 20.475 19.356 18.267 17.208 16.179 15.180 14.212 13.273 12.364 11.486 10.637 9.819 10.605 12.533 14.562
14.568 14.853 15.157 15.481 15.824 16.186 16.568 16.970 17.390 17.831 18.286 18.740 19.203 19.677 20.161 20.655 21.158 21.672 22.196 22.729 23.273 23.803 24.173 23.836 23.349 22.880 22.429 21.996 21.581 21.185 20.807 20.447 20.106 19.782 19.676 20.059 20.440 20.819 21.195 21.568 21.939 22.308 22.675 23.039 23.401 23.761 23.884 23.569 23.230 22.867 22.479 22.068 21.633 21.173 20.689 20.182 19.650 19.094 18.336 17.351 16.395 15.470 14.575 13.709 12.874 12.068 11.293 10.548 9.832 9.147 9.934 12.316 14.801
15.097 15.449 15.821 16.213 16.624 17.054 17.504 17.973 18.462 18.970 19.492 19.981 20.479 20.987 21.506 22.003 22.111 22.205 22.288 22.358 22.415 22.489 22.529 22.104 21.698 21.310 20.941 20.589 20.256 19.941 19.644 19.365 19.105 18.863 18.739 19.112 19.483 19.851 20.216 20.580 20.941 21.300 21.656 22.010 22.362 22.711 22.878 22.456 22.010 21.540 21.045 20.527 19.985 19.418 18.828 18.213 17.575 16.912 16.170 15.318 14.496 13.704 12.942 12.210 11.507 10.835 10.193 9.581 8.999 8.446 9.162 11.998 14.937
15.606 16.026 16.466 16.926 17.404 17.903 18.420 18.957 19.462 19.702 19.902 20.029 20.143 20.245 20.334 20.411 20.475 20.527 20.567 20.594 20.608 20.639 20.688 20.354 20.029 19.723 19.434 19.164 18.912 18.678 18.462 18.265 18.086 17.924 17.806 18.168 18.529 18.887 19.242 19.595 19.946 20.295 20.641 20.985 21.326 21.665 21.899 21.370 20.817 20.240 19.639 19.013 18.364 17.691 16.994 16.272 15.527 14.757 13.977 13.258 12.569 11.910 11.281 10.682 10.113 9.574 9.064 8.585 8.136 7.717 8.288 11.579 14.972
16.096 16.559 16.939 17.278 17.578 17.839 18.059 18.240 18.382 18.484 18.546 18.622 18.693 18.752 18.798 18.832 18.853 18.862 18.859 18.843 18.815 18.803 18.808 18.586 18.343 18.117 17.910 17.721 17.550 17.397 17.262 17.146 17.048 16.967 16.906 17.228 17.579 17.926 18.272 18.615 18.955 19.294 19.629 19.963 20.294 20.623 20.947 20.311 19.651 18.967 18.259 17.527 16.771 15.991 15.187 14.359 13.507 12.631 11.755 11.169 10.614 10.088 9.592 9.126 8.690 8.283 7.907 7.561 7.245 6.958 7.313 11.058 14.904
16.202 16.483 16.724 16.925 17.087 17.210 17.293 17.336 17.340 17.304 17.228 17.228 17.256 17.272 17.275 17.266 17.245 17.211 17.165 17.106 17.035 16.980 16.942 16.800 16.638 16.493 16.367 16.259 16.169 16.097 16.044 16.008 15.991 15.992 16.011 16.292 16.632 16.970 17.305 17.638 17.968 18.296 18.622 18.945 19.266 19.585 19.901 19.279 18.512 17.722 16.907 16.068 15.206 14.319 13.408 12.474 11.515 10.532 9.525 9.053 8.630 8.237 7.874 7.541 7.238 6.965 6.722 6.508 6.325 6.355 6.868 11.331 15.751
16.300 16.443 16.546 16.610 16.634 16.619 16.564 16.469 16.335 16.162 15.948 15.847 15.832 15.805 15.765 15.714 15.650 15.573 15.484 15.383 15.269 15.171 15.089 14.996 14.915 14.851 14.806 14.779 14.770 14.779 14.806 14.852 14.916 14.998 15.098 15.360 15.690 16.017 16.342 16.664 16.985 17.302 17.618 17.931 18.242 18.551 18.857 18.274 17.401 16.503 15.582 14.637 13.668 12.674 11.657 10.616 9.550 8.461 7.348 6.909 6.741 6.800 6.918 7.095 7.331 7.626 7.980 8.392 8.864 9.394 9.984 14.011 18.237
16.435 16.440 16.406 16.332 16.218 16.065 15.873 15.641 15.369 15.058 14.707 14.479 14.421 14.351 14.269 14.175 14.068 13.948 13.817 13.673 13.516 13.375 13.250 13.174 13.174 13.191 13.227 13.281 13.353 13.443 13.551 13.677 13.822 13.985 14.166 14.431 14.751 15.068 15.382 15.695 16.005 16.313 16.618 16.921 17.222 17.520 17.816 17.296 16.316 15.312 14.284 13.268 12.317 11.393 10.494 9.621 8.774 7.953 7.159 7.108 7.369 7.690 8.069 8.507 9.003 9.559 10.174 10.847 11.579 12.371 13.221 16.729 20.762
16.608 16.475 16.303 16.091 15.840 15.549 15.219 14.850 14.440 13.992 13.503 13.124 13.024 12.911 12.786 12.649 12.499 12.337 12.163 11.976 11.777 11.592 11.424 11.334 11.414 11.513 11.629 11.764 11.917 12.088 12.277 12.484 12.710 12.953 13.215 13.506 13.815 14.122 14.427 14.729 15.029 15.327 15.635 15.943 16.222 16.473 16.694 16.278 15.338 14.425 13.537 12.675 11.840 11.030 10.246 9.488 8.756 8.050 7.370 7.415 7.937 8.518 9.158 9.857 10.614 11.431 12.306 13.240 14.233 15.284 16.395 19.486 23.327
16.817 16.547 16.237 15.888 15.499 15.071 14.603 14.096 13.550 12.963 12.338 11.783 11.640 11.484 11.316 11.136 10.944 10.739 10.522 10.292 10.051 9.823 9.612 9.476 9.637 9.816 10.014 10.229 10.463 10.715 10.985 11.273 11.579 11.960 12.438 12.892 13.275 13.629 13.954 14.249 14.516 14.754 14.963 15.142 15.293 15.415 15.507 15.199 14.375 13.576 12.804 12.057 11.336 10.641 9.972 9.329 8.712 8.120 7.555 7.661 8.444 9.285 10.186 11.145 12.163 13.240 14.376 15.570 16.823 18.135 19.506 22.283 25.930
17.063 16.655 16.208 15.721 15.195 14.630 14.025 13.380 12.696 11.973 11.210 10.454 10.268 10.070 9.860 9.637 9.402 9.154 8.895 8.622 8.338 8.068 7.813 7.600 7.930 8.405 8.881 9.357 9.834 10.312 10.791 11.270 11.750 12.230 12.712 13.152 13.406 13.631 13.828 13.995 14.133 14.242 14.322 14.373 14.396 14.389 14.353 14.095 13.386 12.702 12.044 11.412 10.806 10.226 9.671 9.143 8.640 8.164 7.713 7.846 8.889 9.991 11.152 12.372 13.650 14.987 16.383 17.838 19.351 20.923 22.554 25.118 28.573
17.346 16.801 16.216 15.592 14.929 14.226 13.484 12.702 11.881 11.021 10.121 9.181 8.910 8.670 8.417 8.151 7.897 7.804 7.734 7.687 7.662 7.658 7.672 7.703 8.170 8.648 9.127 9.607 10.087 10.569 11.050 11.533 12.016 12.500 12.985 13.443 13.569 13.666 13.733 13.772 13.782 13.762 13.714 13.637 13.530 13.395 13.231 12.966 12.371 11.802 11.258 10.741 10.249 9.784 9.344 8.930 8.542 8.180 7.844 7.970 9.274 10.636 12.058 13.537 15.076 16.673 18.329 20.044 21.817 23.649 25.540 27.992 31.255
17.666 16.983 16.262 15.500 14.700 13.860 12.980 12.061 11.103 10.109 9.130 8.179 7.903 7.798 7.716 7.657 7.620 7.607 7.615 7.647 7.702 7.777 7.871 7.982 8.409 8.891 9.373 9.856 10.339 10.824 11.309 11.795 12.281 12.768 13.256 13.745 13.763 13.731 13.670 13.581 13.462 13.314 13.137 12.932 12.697 12.434 12.141 11.810 11.330 10.875 10.447 10.044 9.667 9.316 8.991 8.691 8.418 8.170 7.949 8.034 9.598 11.221 12.902 14.642 16.440 18.297 20.213 22.188 24.221 26.313 28.463 30.905 33.976
18.022 17.203 16.277 15.199 14.148 13.126 12.132 11.166 10.228 9.319 8.438 7.585 7.290 7.264 7.261 7.281 7.324 7.389 7.477 7.587 7.721 7.876 8.049 8.240 8.647 9.132 9.617 10.103 10.590 11.078 11.566 12.055 12.545 13.035 13.526 14.018 13.988 13.828 13.639 13.421 13.174 12.898 12.593 12.259 11.896 11.504 11.083 10.634 10.263 9.923 9.609 9.321 9.058 8.822 8.611 8.426 8.267 8.134 8.027 8.037 9.861 11.744 13.685 15.684 17.743 19.860 22.035 24.270 26.562 28.914 31.324 33.857 36.736
16.822 15.785 14.776 13.796 12.843 11.919 11.023 10.155 9.315 8.504 7.720 6.965 6.657 6.711 6.787 6.885 7.007 7.151 7.318 7.507 7.720 7.954 8.207 8.477 8.883 9.371 9.860 10.350 10.840 11.331 11.822 12.314 12.807 13.301 13.795 14.291 14.245 13.956 13.639 13.293 12.917 12.513 12.080 11.618 11.127 10.607 10.058 9.480 9.170 8.945 8.745 8.571 8.423 8.301 8.205 8.134 8.090 8.071 8.078 8.111 10.064 12.206 14.407 16.666 18.984 21.361 23.796 26.289 28.842 31.453 34.122 36.738 39.084
15.101 14.162 13.251 12.368 11.514 10.688 9.889 9.119 8.377 7.664 6.978 6.321 6.005 6.137 6.292 6.470 6.670 6.893 7.139 7.407 7.698 8.011 8.344 8.694 9.119 9.610 10.102 10.595 11.088 11.582 12.077 12.572 13.069 13.566 14.063 14.562 14.533 14.116 13.670 13.196 12.692 12.160 11.599 11.008 10.389 9.741 9.065 8.359 8.052 7.941 7.855 7.796 7.762 7.754 7.772 7.816 7.886 7.981 8.102 8.249 10.206 12.608 15.090 17.622 20.136 22.632 25.109 27.569 30.011 32.435 34.841 37.229 39.059
13.356 12.515 11.702 10.917 10.160 9.432 8.731 8.059 7.415 6.799 6.211 5.652 5.332 5.543 5.777 6.034 6.313 6.615 6.939 7.286 7.656 8.049 8.461 8.891 9.353 9.847 10.342 10.838 11.335 11.832 12.330 12.829 13.329 13.829 14.330 14.831 14.852 14.307 13.733 13.131 12.499 11.839 11.149 10.431 9.684 8.908 8.103 7.270 6.907 6.911 6.940 6.994 7.075 7.267 7.662 8.047 8.421 8.785 9.137 9.479 11.346 13.835 16.306 18.759 21.194 23.611 26.009 28.390 30.753 33.098 35.425 37.734 39.156
11.586 10.843 10.128 9.441 8.782 8.152 7.549 6.975 6.428 5.910 5.420 4.958 4.640 4.930 5.243 5.578 5.936 6.316 6.719 7.145 7.594 8.065 8.557 9.067 9.586 10.083 10.582 11.081 11.581 12.081 12.583 13.085 13.588 14.091 14.595 15.100 15.202 14.529 13.827 13.097 12.337 11.549 10.732 9.885 9.142 8.701 8.166 7.537 7.358 7.760 8.151 8.531 8.900 9.259 9.607 9.944 10.271 10.586 10.891 11.185 12.737 15.147 17.538 19.912 22.268 24.606 26.926 29.228 31.512 33.778 36.026 38.256 39.376
