DATA/SHG/ECMWF/20170628/EN-23/20170705.en-23.asc
ncols        190
nrows        64
xllcorner    -5100000.000000000000
yllcorner    4130000.000000000000
cellsize     10000.000000000000
NODATA_value  -99999.000
[rows 0 to 32 of 64, columns 74 to 147 of 190]
6.113 6.176 6.254 6.348 6.457 6.581 6.722 6.797 6.610 6.389 6.180 5.984 5.800 5.629 5.471 5.324 5.191 5.069 4.961 4.918 5.056 5.195 5.332 5.468 5.603 5.737 5.871 6.003 6.134 6.264 6.393 6.524 6.666 6.812 6.963 7.118 7.277 7.440 7.608 7.779 7.955 8.135 8.320 8.400 8.144 7.880 7.608 7.328 7.040 6.745 6.441 6.130 5.811 5.484 5.150 4.860 4.722 4.579 4.432 4.280 4.124 3.964 3.799 3.629 3.456 3.277 3.095 2.964 2.988 3.010 3.031 3.049 3.065 3.080
6.137 6.200 6.243 6.279 6.308 6.330 6.345 6.317 6.128 5.950 5.785 5.633 5.493 5.365 5.250 5.148 5.058 4.981 4.916 4.882 5.016 5.150 5.283 5.414 5.545 5.675 5.803 5.931 6.057 6.183 6.307 6.435 6.596 6.761 6.931 7.104 7.282 7.464 7.651 7.841 8.036 8.235 8.438 8.582 8.291 7.992 7.685 7.370 7.047 6.716 6.378 6.032 5.678 5.316 4.946 4.600 4.442 4.279 4.112 3.941 3.765 3.585 3.400 3.211 3.018 2.820 2.617 2.445 2.461 2.474 2.486 2.496 2.504 2.510
5.753 5.779 5.797 5.809 5.814 5.812 5.802 5.780 5.634 5.500 5.379 5.270 5.174 5.091 5.019 4.961 4.914 4.881 4.860 4.851 4.978 5.107 5.235 5.362 5.488 5.613 5.737 5.860 5.982 6.103 6.223 6.342 6.522 6.706 6.894 7.087 7.283 7.484 7.689 7.899 8.112 8.330 8.552 8.773 8.447 8.112 7.770 7.420 7.062 6.697 6.323 5.942 5.553 5.156 4.751 4.345 4.167 3.985 3.798 3.607 3.411 3.211 3.007 2.798 2.585 2.367 2.145 1.994 2.134 2.271 2.403 2.531 2.655 2.775
5.363 5.365 5.359 5.347 5.327 5.300 5.267 5.226 5.129 5.039 4.962 4.897 4.845 4.805 4.777 4.762 4.760 4.770 4.792 4.827 4.940 5.065 5.188 5.311 5.432 5.553 5.672 5.791 5.908 6.025 6.140 6.255 6.443 6.645 6.853 7.064 7.279 7.499 7.723 7.951 8.183 8.420 8.661 8.905 8.610 8.241 7.864 7.479 7.086 6.685 6.277 5.860 5.436 5.004 4.565 4.117 3.897 3.695 3.527 3.402 3.285 3.177 3.078 2.987 2.905 2.831 2.767 2.710 2.820 2.938 3.052 3.161 3.267 3.368
4.981 4.958 4.928 4.891 4.847 4.796 4.739 4.674 4.614 4.568 4.534 4.513 4.504 4.508 4.524 4.553 4.594 4.648 4.714 4.792 4.904 5.024 5.143 5.261 5.378 5.494 5.609 5.723 5.836 5.947 6.058 6.168 6.359 6.581 6.807 7.037 7.271 7.510 7.752 7.999 8.250 8.505 8.765 9.029 8.782 8.378 7.965 7.545 7.118 6.689 6.269 5.856 5.449 5.048 4.654 4.266 4.099 3.994 3.899 3.812 3.734 3.664 3.603 3.550 3.507 3.471 3.445 3.427 3.509 3.608 3.704 3.795 3.882 3.965
4.606 4.558 4.504 4.443 4.375 4.300 4.218 4.129 4.088 4.086 4.096 4.118 4.153 4.201 4.260 4.333 4.417 4.515 4.624 4.746 4.868 4.984 5.098 5.212 5.324 5.436 5.546 5.656 5.764 5.871 5.978 6.083 6.271 6.511 6.756 7.005 7.258 7.515 7.777 8.042 8.314 8.576 8.824 9.057 8.854 8.431 8.014 7.603 7.199 6.801 6.409 6.024 5.646 5.273 4.907 4.547 4.384 4.318 4.261 4.213 4.173 4.141 4.118 4.104 4.099 4.102 4.113 4.133 4.201 4.282 4.359 4.431 4.500 4.565
4.237 4.166 4.087 4.002 3.909 3.810 3.704 3.591 3.552 3.593 3.647 3.713 3.791 3.882 3.986 4.101 4.230 4.370 4.524 4.689 4.834 4.945 5.055 5.164 5.272 5.379 5.485 5.590 5.694 5.797 5.898 6.052 6.309 6.623 6.922 7.207 7.477 7.733 7.973 8.200 8.412 8.609 8.792 8.960 8.818 8.423 8.034 7.652 7.276 6.906 6.543 6.186 5.835 5.491 5.153 4.822 4.661 4.633 4.614 4.604 4.602 4.609 4.624 4.649 4.681 4.722 4.772 4.831 4.896 4.959 5.017 5.071 5.121 5.168
3.876 3.780 3.678 3.568 3.451 3.328 3.197 3.060 3.004 3.089 3.187 3.296 3.418 3.553 3.700 3.859 4.031 4.215 4.412 4.621 4.801 4.908 5.042 5.195 5.355 5.524 5.701 5.885 6.078 6.279 6.488 6.705 6.942 7.191 7.425 7.645 7.850 8.040 8.216 8.378 8.525 8.657 8.775 8.878 8.775 8.409 8.048 7.694 7.346 7.005 6.670 6.341 6.019 5.703 5.393 5.089 4.928 4.939 4.958 4.986 5.022 5.067 5.121 5.183 5.254 5.334 5.422 5.518 5.594 5.638 5.678 5.714 5.746 5.774
3.522 3.402 3.275 3.141 3.000 2.852 2.698 2.536 2.447 2.575 2.716 2.869 3.035 3.213 3.418 3.686 3.955 4.224 4.493 4.763 5.008 5.181 5.361 5.550 5.746 5.951 6.164 6.385 6.613 6.850 7.095 7.348 7.590 7.774 7.943 8.098 8.238 8.364 8.475 8.571 8.653 8.720 8.773 8.811 8.726 8.388 8.055 7.730 7.410 7.097 6.790 6.489 6.195 5.907 5.625 5.350 5.186 5.235 5.293 5.359 5.433 5.517 5.608 5.709 5.818 5.935 6.062 6.196 6.295 6.321 6.343 6.360 6.374 6.383
3.175 3.031 2.879 2.721 2.556 2.384 2.205 2.056 2.023 2.290 2.558 2.826 3.094 3.363 3.633 3.902 4.172 4.442 4.713 4.984 5.246 5.455 5.671 5.896 6.128 6.369 6.617 6.874 7.139 7.411 7.692 7.981 8.253 8.372 8.476 8.566 8.641 8.702 8.748 8.780 8.797 8.799 8.787 8.761 8.671 8.360 8.056 7.758 7.467 7.182 6.903 6.631 6.364 6.105 5.851 5.604 5.435 5.522 5.618 5.722 5.835 5.956 6.086 6.225 6.372 6.528 6.692 6.865 7.000 7.007 7.011 7.010 7.005 6.996
2.899 2.870 2.826 2.765 2.689 2.596 2.488 2.364 2.229 2.497 2.767 3.036 3.306 3.576 3.846 4.117 4.388 4.660 4.932 5.204 5.474 5.719 5.971 6.232 6.500 6.777 7.061 7.354 7.654 7.963 8.280 8.604 8.931 8.985 9.025 9.050 9.060 9.056 9.037 9.004 8.956 8.894 8.817 8.726 8.609 8.326 8.050 7.781 7.517 7.260 7.010 6.765 6.527 6.295 6.070 5.851 5.675 5.800 5.934 6.076 6.227 6.387 6.555 6.731 6.917 7.110 7.313 7.524 7.708 7.697 7.681 7.662 7.639 7.611
3.610 3.526 3.426 3.309 3.177 3.029 2.865 2.685 2.490 2.704 2.975 3.245 3.516 3.788 4.059 4.332 4.604 4.877 5.150 5.424 5.695 5.974 6.262 6.558 6.863 7.175 7.495 7.824 8.160 8.505 8.857 9.218 9.586 9.614 9.588 9.548 9.494 9.425 9.341 9.243 9.131 9.004 8.862 8.706 8.535 8.285 8.038 7.796 7.561 7.332 7.109 6.893 6.683 6.480 6.282 6.091 5.907 6.068 6.240 6.421 6.610 6.807 7.014 7.228 7.452 7.684 7.924 8.187 8.475 8.533 8.627 8.758 8.924 9.126
4.336 4.195 4.039 3.867 3.680 3.476 3.257 3.021 2.770 2.910 3.182 3.454 3.726 3.999 4.272 4.545 4.819 5.093 5.368 5.642 5.915 6.219 6.543 6.875 7.215 7.564 7.920 8.284 8.656 9.037 9.425 9.821 10.226 10.257 10.167 10.062 9.943 9.809 9.661 9.498 9.321 9.129 8.923 8.702 8.467 8.238 8.018 7.805 7.598 7.397 7.202 7.014 6.832 6.657 6.488 6.325 6.168 6.328 6.519 6.710 6.924 7.162 7.424 7.710 8.019 8.353 8.710 9.091 9.496 9.728 9.982 10.272 10.597 10.959
5.074 4.879 4.667 4.440 4.196 3.937 3.662 3.371 3.065 3.116 3.389 3.662 3.935 4.209 4.484 4.758 5.033 5.309 5.584 5.861 6.134 6.455 6.815 7.183 7.559 7.943 8.335 8.735 9.143 9.559 9.983 10.415 10.856 10.915 10.760 10.591 10.407 10.208 9.995 9.768 9.526 9.270 8.999 8.714 8.414 8.184 7.993 7.807 7.628 7.461 7.293 7.113 6.921 6.718 6.503 6.275 6.037 6.172 6.445 6.741 7.061 7.405 7.773 8.165 8.580 9.019 9.482 9.969 10.480 10.886 11.299 11.748 12.233 12.754
5.827 5.576 5.309 5.026 4.727 4.413 4.082 3.736 3.374 3.320 3.595 3.869 4.144 4.419 4.695 4.971 5.247 5.524 5.801 6.078 6.353 6.681 7.077 7.481 7.892 8.312 8.740 9.176 9.620 10.072 10.532 11.000 11.475 11.588 11.369 11.134 10.886 10.623 10.345 10.053 9.743 9.437 9.143 8.862 8.595 8.393 8.220 8.034 7.837 7.628 7.408 7.175 6.931 6.676 6.408 6.129 5.837 5.967 6.346 6.748 7.174 7.624 8.097 8.595 9.116 9.661 10.230 10.822 11.439 12.007 12.579 13.187 13.831 14.511
6.594 6.287 5.965 5.626 5.272 4.902 4.516 4.114 3.697 3.524 3.800 4.076 4.352 4.628 4.905 5.182 5.460 5.738 6.016 6.295 6.571 6.898 7.329 7.769 8.217 8.672 9.136 9.607 10.087 10.575 11.070 11.519 11.920 12.009 11.669 11.341 11.027 10.726 10.438 10.163 9.902 9.654 9.419 9.198 8.989 8.782 8.556 8.319 8.069 7.808 7.535 7.250 6.954 6.646 6.326 5.994 5.651 5.738 6.222 6.730 7.262 7.818 8.397 9.000 9.627 10.278 10.952 11.651 12.373 13.090 13.821 14.588 15.391 16.230
7.375 7.012 6.634 6.240 5.831 5.405 4.964 4.507 4.034 3.728 4.004 4.281 4.559 4.837 5.115 5.393 5.672 5.951 6.231 6.511 6.788 7.105 7.539 7.947 8.353 8.758 9.161 9.562 9.963 10.361 10.758 11.154 11.548 11.741 11.459 11.191 10.935 10.693 10.464 10.249 10.046 9.857 9.681 9.518 9.369 9.183 8.905 8.615 8.313 8.000 7.674 7.337 6.989 6.628 6.256 5.872 5.476 5.485 6.075 6.689 7.326 7.987 8.672 9.381 10.114 10.870 11.650 12.454 13.281 14.136 15.026 15.952 16.914 17.912
8.169 7.751 7.318 6.869 6.404 5.923 5.426 4.914 4.386 3.930 4.208 4.487 4.765 5.044 5.320 5.550 5.774 5.991 6.203 6.408 6.611 6.833 7.236 7.637 8.036 8.435 8.831 9.226 9.620 10.012 10.402 10.791 11.178 11.459 11.236 11.027 10.830 10.647 10.477 10.320 10.176 10.046 9.929 9.825 9.734 9.596 9.266 8.923 8.569 8.204 7.826 7.437 7.036 6.623 6.198 5.762 5.314 5.207 5.903 6.622 7.366 8.132 8.923 9.737 10.575 11.437 12.323 13.232 14.165 15.145 16.194 17.279 18.399 19.556
8.977 8.504 8.015 7.511 6.991 6.455 5.903 5.326 4.705 4.088 4.308 4.541 4.768 4.988 5.203 5.411 5.613 5.809 5.999 6.182 6.364 6.544 6.935 7.329 7.722 8.114 8.503 8.892 9.279 9.664 10.048 10.430 10.811 11.163 10.999 10.848 10.710 10.586 10.475 10.377 10.292 10.220 10.162 10.116 10.084 10.021 9.639 9.244 8.838 8.419 7.990 7.548 7.095 6.630 6.153 5.665 5.165 4.906 5.707 6.532 7.380 8.253 9.149 10.069 11.012 11.980 12.971 13.985 15.024 16.116 17.324 18.568 19.847 21.162
9.766 9.130 8.499 7.871 7.247 6.628 6.012 5.400 4.793 4.189 4.282 4.494 4.699 4.898 5.091 5.278 5.458 5.633 5.801 5.963 6.123 6.281 6.636 7.023 7.410 7.795 8.178 8.560 8.940 9.319 9.696 10.071 10.446 10.818 10.748 10.656 10.577 10.511 10.458 10.419 10.393 10.380 10.380 10.394 10.420 10.459 10.023 9.577 9.118 8.648 8.166 7.672 7.166 6.649 6.120 5.580 5.027 4.580 5.486 6.417 7.371 8.349 9.350 10.376 11.425 12.497 13.594 14.714 15.857 17.051 18.417 19.819 21.257 22.731
9.740 9.118 8.500 7.886 7.276 6.671 6.069 5.471 4.877 4.287 4.262 4.452 4.636 4.814 4.985 5.150 5.309 5.462 5.609 5.749 5.888 6.024 6.339 6.720 7.099 7.478 7.854 8.229 8.603 8.975 9.346 9.715 10.082 10.448 10.483 10.449 10.429 10.422 10.428 10.447 10.480 10.525 10.584 10.656 10.742 10.840 10.420 9.921 9.410 8.888 8.354 7.808 7.250 6.681 6.100 5.507 4.903 4.287 5.242 6.278 7.337 8.421 9.527 10.658 11.812 12.990 14.192 15.417 16.670 17.945 19.352 20.700 21.988 23.216
9.711 9.102 8.498 7.898 7.302 6.710 6.122 5.537 4.957 4.381 4.248 4.416 4.579 4.735 4.885 5.028 5.166 5.297 5.423 5.542 5.658 5.773 6.043 6.418 6.791 7.163 7.533 7.901 8.268 8.634 8.998 9.360 9.721 10.080 10.203 10.228 10.267 10.318 10.383 10.461 10.552 10.656 10.774 10.905 11.049 11.206 10.829 10.278 9.715 9.140 8.554 7.956 7.346 6.725 6.092 5.447 4.790 4.122 4.973 6.159 7.417 8.677 9.940 11.204 12.471 13.739 15.009 16.282 17.556 18.833 19.984 21.068 22.093 23.058
9.677 9.083 8.493 7.906 7.324 6.745 6.171 5.600 5.034 4.471 4.239 4.386 4.527 4.662 4.790 4.912 5.028 5.138 5.242 5.340 5.435 5.528 5.750 6.118 6.485 6.850 7.213 7.575 7.936 8.294 8.652 9.008 9.362 9.715 9.910 9.994 10.090 10.201 10.324 10.461 10.610 10.773 10.949 11.139 11.341 11.557 11.250 10.646 10.031 9.405 8.765 8.139 7.536 6.957 6.403 5.873 5.368 4.886 5.694 6.959 8.227 9.496 10.768 12.041 13.317 14.594 15.874 17.156 18.439 19.725 20.673 21.494 22.256 22.958
9.641 9.060 8.484 7.911 7.342 6.777 6.217 5.660 5.107 4.558 4.236 4.362 4.481 4.594 4.701 4.802 4.897 4.985 5.067 5.143 5.217 5.288 5.460 5.821 6.181 6.539 6.896 7.251 7.605 7.957 8.308 8.657 9.005 9.351 9.602 9.745 9.900 10.069 10.251 10.446 10.654 10.859 11.037 11.210 11.377 11.538 11.275 10.658 10.066 9.498 8.954 8.434 7.939 7.468 7.021 6.598 6.200 5.826 6.482 7.757 9.033 10.312 11.593 12.875 14.160 15.447 16.735 18.026 19.318 20.613 21.420 21.978 22.477 22.916
9.601 9.034 8.471 7.912 7.357 6.806 6.259 5.716 5.177 4.641 4.239 4.343 4.441 4.532 4.618 4.697 4.770 4.838 4.898 4.953 5.005 5.055 5.171 5.525 5.879 6.230 6.580 6.929 7.276 7.622 7.966 8.309 8.666 9.034 9.336 9.528 9.715 9.896 10.072 10.242 10.407 10.566 10.720 10.868 11.011 11.148 11.009 10.499 10.014 9.554 9.117 8.705 8.317 7.953 7.613 7.298 7.006 6.739 7.267 8.551 9.836 11.124 12.414 13.706 14.999 16.295 17.593 18.893 20.194 21.498 22.225 22.520 22.756 22.933
9.557 9.004 8.454 7.909 7.368 6.831 6.297 5.768 5.242 4.721 4.247 4.329 4.406 4.476 4.540 4.598 4.650 4.696 4.735 4.768 4.799 4.827 4.884 5.281 5.742 6.183 6.603 7.003 7.383 7.742 8.082 8.401 8.699 8.978 9.220 9.388 9.551 9.708 9.859 10.005 10.145 10.280 10.410 10.533 10.652 10.765 10.717 10.315 9.938 9.584 9.255 8.949 8.668 8.412 8.179 7.971 7.787 7.627 8.049 9.341 10.636 11.933 13.232 14.533 15.836 17.140 18.447 19.756 21.067 22.380 23.088 23.120 23.094 23.008
9.510 8.970 8.435 7.903 7.375 6.852 6.332 5.816 5.305 4.797 4.293 4.322 4.377 4.426 4.468 4.517 4.650 4.801 4.970 5.158 5.352 5.548 5.759 6.146 6.517 6.867 7.198 7.508 7.798 8.067 8.317 8.546 8.755 8.944 9.111 9.255 9.393 9.525 9.652 9.774 9.890 10.000 10.105 10.205 10.299 10.387 10.401 10.106 9.835 9.589 9.367 9.169 8.995 8.845 8.719 8.618 8.541 8.488 8.827 10.129 11.433 12.739 14.047 15.356 16.668 17.982 19.298 20.616 21.936 23.258 24.008 23.779 23.490 23.142
9.459 8.933 8.411 7.893 7.379 6.869 6.363 5.861 5.364 4.888 4.436 4.441 4.564 4.706 4.866 5.044 5.241 5.456 5.689 5.941 6.199 6.459 6.735 7.032 7.313 7.574 7.814 8.035 8.235 8.415 8.574 8.714 8.833 8.932 9.010 9.127 9.241 9.349 9.452 9.549 9.640 9.727 9.807 9.882 9.952 10.016 10.059 9.872 9.708 9.569 9.453 9.362 9.295 9.253 9.234 9.240 9.269 9.323 9.602 10.913 12.226 13.541 14.858 16.177 17.498 18.821 20.146 21.473 22.802 24.133 24.986 24.494 23.943 23.333
9.405 8.872 8.308 7.769 7.255 6.765 6.300 5.860 5.445 5.055 4.689 4.696 4.882 5.088 5.312 5.554 5.814 6.093 6.390 6.706 7.028 7.353 7.693 7.940 8.131 8.302 8.453 8.583 8.694 8.784 8.854 8.903 8.933 8.942 8.931 9.006 9.095 9.179 9.257 9.330 9.397 9.459 9.515 9.566 9.612 9.651 9.686 9.612 9.555 9.523 9.515 9.531 9.571 9.635 9.723 9.836 9.972 10.133 10.373 11.693 13.016 14.340 15.666 16.994 18.324 19.656 20.990 22.326 23.664 25.004 26.022 25.268 24.455 23.583
8.831 8.328 7.850 7.397 6.969 6.565 6.186 5.832 5.503 5.198 4.919 4.933 5.184 5.453 5.740 6.046 6.370 6.713 7.074 7.453 7.839 8.229 8.633 8.869 8.970 9.052 9.113 9.153 9.174 9.175 9.155 9.115 9.055 8.974 8.874 8.891 8.956 9.015 9.069 9.117 9.160 9.198 9.230 9.256 9.277 9.293 9.303 9.327 9.378 9.452 9.551 9.673 9.820 9.991 10.186 10.406 10.649 10.916 11.208 12.471 13.802 15.135 16.470 17.808 19.147 20.488 21.831 23.176 24.523 25.872 27.058 25.956 24.884 23.841
8.178 7.762 7.370 7.003 6.660 6.343 6.050 5.782 5.538 5.319 5.125 5.153 5.467 5.800 6.152 6.521 6.909 7.315 7.740 8.183 8.633 9.087 9.556 9.820 9.831 9.823 9.794 9.745 9.676 9.587 9.478 9.348 9.199 9.029 8.838 8.781 8.822 8.857 8.887 8.911 8.930 8.943 8.951 8.953 8.949 8.941 8.926 9.017 9.175 9.356 9.561 9.791 10.044 10.322 10.624 10.950 11.300 11.674 12.073 13.245 14.585 16.160 18.069 19.794 21.337 22.697 23.874 24.868 25.678 26.306 26.751 25.867 24.926 24.016
7.504 7.173 6.867 6.586 6.329 6.097 5.890 5.708 5.550 5.417 5.309 5.356 5.734 6.131 6.546 6.979 7.430 7.900 8.389 8.895 9.409 9.928 10.461 10.792 10.714 10.616 10.497 10.359 10.201 10.022 9.823 9.604 9.365 9.105 8.825 8.678 8.695 8.706 8.711 8.711 8.705 8.694 8.677 8.655 8.628 8.595 8.556 8.683 8.946 9.234 9.547 9.883 10.458 11.614 12.865 14.210 15.651 17.186 18.817 20.459 21.924 23.207 24.306 25.223 25.957 26.508 26.876 27.061 27.064 26.883 26.519 25.748 24.940 24.162
6.807 6.562 6.342 6.147 5.976 5.830 5.709 5.612 5.540 5.493 5.470 5.542 5.984 6.444 6.923 7.419 7.935 8.468 9.020 9.590 10.168 10.751 11.348 11.785 11.618 11.430 11.222 10.994 10.746 10.478 10.190 9.881 9.552 9.204 8.835 8.582 8.574 8.560 8.541 8.517 8.487 8.452 8.411 8.509 9.002 9.474 9.925 10.640 11.740 12.936 14.226 15.611 17.091 18.665 20.335 22.099 23.959 25.913 27.962 29.300 29.957 30.430 30.721 30.830 30.755 30.498 30.058 29.435 28.629 27.641 26.470 25.600 24.924 24.277
