DATA/SHG/ECMWF/20170628/EN-23/20170711.en-23.asc
ncols        190
nrows        64
xllcorner    -5100000.000000000000
yllcorner    4130000.000000000000
cellsize     10000.000000000000
NODATA_value  -99999.000
[rows 0 to 32 of 64, columns 0 to 73 of 190]
2.085 2.215 2.346 2.478 2.611 2.744 2.879 3.015 3.152 3.128 3.052 2.975 2.895 2.815 2.732 2.649 2.563 2.476 2.388 2.317 2.257 2.238 2.232 2.221 2.204 2.183 2.156 2.124 2.086 2.044 1.996 1.943 1.884 1.796 1.698 1.609 1.528 1.456 1.393 1.338 1.292 1.255 1.227 1.207 1.196 1.272 1.417 1.562 1.706 1.850 1.993 2.136 2.278 2.419 2.561 2.701 2.841 3.036 3.295 3.549 3.801 4.048 4.292 4.532 4.768 5.001 5.229 5.455 5.676 6.034 6.620 7.206 7.795 8.384
1.976 2.110 2.244 2.379 2.516 2.653 2.791 2.931 3.071 3.077 2.996 2.913 2.827 2.746 2.672 2.604 2.541 2.484 2.433 2.388 2.348 2.321 2.297 2.267 2.232 2.192 2.147 2.096 2.040 1.979 1.913 1.841 1.764 1.687 1.619 1.561 1.511 1.469 1.437 1.413 1.397 1.391 1.393 1.404 1.424 1.496 1.640 1.783 1.925 2.067 2.208 2.349 2.489 2.629 2.768 2.907 3.045 3.218 3.463 3.705 3.943 4.178 4.408 4.635 4.859 5.078 5.294 5.506 5.715 6.016 6.606 7.198 7.791 8.386
1.866 2.003 2.141 2.280 2.418 2.549 2.678 2.806 2.931 2.961 2.884 2.813 2.747 2.688 2.634 2.586 2.544 2.508 2.477 2.453 2.434 2.410 2.367 2.319 2.265 2.207 2.143 2.074 1.999 1.920 1.835 1.745 1.650 1.568 1.532 1.504 1.484 1.473 1.471 1.478 1.494 1.518 1.550 1.592 1.642 1.721 1.863 2.004 2.144 2.284 2.423 2.562 2.701 2.838 2.976 3.112 3.249 3.402 3.635 3.864 4.089 4.311 4.528 4.742 4.953 5.159 5.362 5.562 5.873 6.250 6.966 7.674 8.376 9.070
1.748 1.880 2.010 2.138 2.264 2.389 2.512 2.632 2.751 2.814 2.757 2.707 2.662 2.623 2.590 2.562 2.541 2.525 2.515 2.511 2.513 2.504 2.443 2.376 2.304 2.227 2.145 2.057 1.964 1.866 1.763 1.654 1.541 1.441 1.435 1.438 1.449 1.469 1.497 1.535 1.581 1.635 1.699 1.771 1.851 1.946 2.086 2.225 2.363 2.501 2.639 2.776 2.912 3.048 3.184 3.318 3.453 3.591 3.810 4.026 4.242 4.515 4.801 5.101 5.414 5.741 6.081 6.435 6.802 7.182 7.868 8.552 9.230 9.900
1.623 1.748 1.871 1.993 2.113 2.231 2.347 2.461 2.573 2.660 2.624 2.594 2.570 2.552 2.539 2.532 2.531 2.536 2.547 2.564 2.586 2.604 2.524 2.439 2.348 2.253 2.152 2.046 1.935 1.818 1.696 1.569 1.437 1.305 1.330 1.363 1.405 1.455 1.514 1.582 1.659 1.744 1.838 1.941 2.052 2.172 2.309 2.446 2.583 2.719 2.855 2.990 3.124 3.267 3.436 3.600 3.758 3.911 4.180 4.473 4.779 5.099 5.433 5.780 6.140 6.514 6.901 7.302 7.716 8.144 8.776 9.436 10.089 10.735
1.499 1.618 1.735 1.850 1.964 2.075 2.184 2.292 2.398 2.501 2.485 2.476 2.472 2.475 2.482 2.496 2.516 2.541 2.573 2.610 2.653 2.701 2.610 2.507 2.398 2.284 2.165 2.040 1.911 1.776 1.635 1.490 1.340 1.184 1.216 1.280 1.352 1.433 1.523 1.621 1.728 1.844 1.968 2.101 2.243 2.393 2.555 2.743 2.926 3.103 3.275 3.441 3.602 3.757 3.907 4.052 4.191 4.325 4.609 4.949 5.303 5.670 6.050 6.444 6.852 7.273 7.707 8.155 8.616 9.091 9.688 10.324 10.953 11.575
1.379 1.491 1.601 1.710 1.817 1.921 2.024 2.125 2.224 2.322 2.340 2.352 2.368 2.391 2.420 2.454 2.494 2.540 2.592 2.650 2.713 2.782 2.702 2.580 2.453 2.321 2.183 2.040 1.892 1.739 1.580 1.416 1.247 1.073 1.093 1.187 1.290 1.402 1.522 1.720 1.963 2.195 2.415 2.625 2.822 3.009 3.184 3.353 3.516 3.674 3.827 3.974 4.116 4.252 4.383 4.508 4.628 4.743 5.024 5.411 5.812 6.226 6.654 7.095 7.550 8.018 8.499 8.994 9.502 10.024 10.606 11.217 11.822 12.420
1.260 1.366 1.470 1.572 1.672 1.770 1.866 1.961 2.053 2.144 2.189 2.221 2.258 2.302 2.351 2.406 2.466 2.533 2.605 2.683 2.767 2.857 2.800 2.659 2.514 2.363 2.207 2.045 1.879 1.707 1.530 1.348 1.304 1.287 1.436 1.696 1.944 2.181 2.407 2.621 2.824 3.016 3.197 3.366 3.524 3.670 3.817 3.967 4.111 4.250 4.384 4.512 4.634 4.751 4.863 4.970 5.070 5.166 5.425 5.859 6.307 6.768 7.243 7.732 8.233 8.748 9.277 9.819 10.374 10.943 11.528 12.116 12.696 13.270
1.144 1.243 1.340 1.436 1.529 1.621 1.711 1.799 1.885 1.969 2.032 2.084 2.142 2.206 2.276 2.351 2.432 2.519 2.612 2.710 2.815 2.925 2.902 2.744 2.580 2.648 2.710 2.750 2.766 2.760 2.730 2.678 2.602 2.504 2.547 2.766 2.975 3.172 3.358 3.532 3.696 3.848 3.988 4.118 4.236 4.342 4.455 4.586 4.711 4.831 4.945 5.054 5.157 5.255 5.348 5.435 5.517 5.593 5.812 6.294 6.789 7.297 7.819 8.354 8.903 9.465 10.041 10.629 11.232 11.848 12.456 13.019 13.576 14.125
1.029 1.122 1.213 1.302 1.389 1.474 1.557 1.639 1.718 1.796 1.869 1.942 2.020 2.104 2.194 2.290 2.392 2.526 2.868 3.248 3.665 4.121 4.455 4.505 4.532 4.536 4.517 4.476 4.411 4.323 4.213 4.079 3.923 3.743 3.667 3.847 4.016 4.173 4.319 4.454 4.577 4.689 4.790 4.880 4.958 5.025 5.098 5.209 5.315 5.416 5.511 5.601 5.685 5.764 5.837 5.906 5.968 6.025 6.185 6.714 7.256 7.812 8.381 8.963 9.559 10.168 10.790 11.426 12.075 12.738 13.389 13.928 14.460 14.986
0.918 1.004 1.088 1.170 1.251 1.329 1.406 1.481 1.554 1.625 1.731 1.942 2.191 2.478 2.802 3.164 3.563 4.000 4.474 4.987 5.536 6.124 6.608 6.577 6.523 6.446 6.346 6.223 6.077 5.909 5.717 5.503 5.265 5.005 4.798 4.938 5.067 5.184 5.290 5.385 5.469 5.541 5.602 5.652 5.690 5.717 5.744 5.837 5.924 6.005 6.081 6.152 6.217 6.277 6.331 6.380 6.424 6.462 6.545 7.121 7.710 8.313 8.928 9.558 10.200 10.856 11.526 12.209 12.905 13.614 14.326 14.841 15.350 15.851
0.808 0.887 0.965 1.085 1.246 1.407 1.569 1.731 1.893 2.056 2.236 2.580 2.961 3.380 3.837 4.331 4.862 5.432 6.038 6.683 7.365 8.084 8.782 8.670 8.535 8.377 8.196 7.992 7.765 7.516 7.243 6.948 6.629 6.288 5.939 6.039 6.128 6.205 6.272 6.327 6.370 6.403 6.424 6.434 6.433 6.420 6.396 6.469 6.537 6.599 6.656 6.708 6.754 6.795 6.830 6.860 6.885 6.904 6.917 7.514 8.150 8.800 9.462 10.139 10.828 11.531 12.247 12.888 13.420 13.894 14.311 14.526 14.708 14.873
1.085 1.246 1.407 1.569 1.731 1.894 2.057 2.220 2.384 2.549 2.714 3.176 3.690 4.241 4.830 5.456 6.120 6.821 7.560 8.336 9.150 10.002 10.891 10.784 10.568 10.329 10.067 9.782 9.474 9.144 8.790 8.414 8.015 7.593 7.148 7.149 7.198 7.236 7.263 7.278 7.282 7.275 7.256 7.227 7.186 7.133 7.070 7.106 7.154 7.198 7.236 7.268 7.295 7.317 7.333 7.344 7.350 7.350 7.345 7.894 8.645 9.377 10.052 10.670 11.231 11.734 12.180 12.568 12.899 13.173 13.390 13.535 13.654 13.755
1.563 1.725 1.888 2.051 2.215 2.379 2.544 2.709 2.874 3.040 3.206 3.731 4.377 5.060 5.781 6.539 7.335 8.168 9.039 9.947 10.893 11.877 12.898 12.919 12.622 12.302 11.959 11.594 11.205 10.794 10.360 9.902 9.422 8.920 8.394 8.270 8.279 8.277 8.264 8.240 8.204 8.157 8.099 8.030 7.949 7.857 7.754 7.747 7.776 7.801 7.820 7.833 7.841 7.985 8.148 8.302 8.448 8.587 8.718 9.194 9.783 10.315 10.790 11.207 11.567 11.870 12.115 12.303 12.434 12.508 12.524 12.563 12.619 12.657
2.039 2.203 2.367 2.532 2.697 2.863 3.029 3.195 3.362 3.530 3.697 4.244 5.022 5.837 6.690 7.580 8.508 9.473 10.476 11.516 12.594 13.709 14.862 15.075 14.697 14.297 13.873 13.427 12.957 12.465 11.950 11.412 10.852 10.268 9.662 9.401 9.370 9.329 9.276 9.212 9.136 9.050 8.952 8.843 8.722 8.591 8.605 8.740 8.922 9.095 9.261 9.419 9.569 9.711 9.846 9.972 10.091 10.202 10.305 10.586 10.975 11.307 11.581 11.798 11.958 12.060 12.106 12.094 12.025 11.898 11.715 11.610 11.602 11.577
2.515 2.680 2.846 3.012 3.179 3.346 3.513 3.681 3.850 4.018 4.188 4.716 5.625 6.573 7.557 8.579 9.639 10.736 11.871 13.042 14.252 15.499 16.783 17.253 16.794 16.313 15.808 15.281 14.731 14.158 13.563 12.944 12.303 11.639 10.952 10.541 10.471 10.390 10.273 10.047 9.889 9.801 9.782 9.831 9.950 10.137 10.394 10.638 10.792 10.938 11.076 11.206 11.328 11.443 11.549 11.648 11.739 11.822 11.898 12.033 12.221 12.352 12.426 12.443 12.403 12.305 12.151 11.939 11.670 11.343 10.960 10.675 10.604 10.515
2.989 3.156 3.323 3.491 3.659 3.827 3.996 4.166 4.336 4.506 4.677 5.146 6.188 7.267 8.383 9.537 10.728 11.957 13.223 14.527 15.868 17.246 18.662 19.451 18.912 18.350 17.765 17.157 16.526 15.873 15.196 14.390 13.330 12.274 11.221 10.427 10.236 10.113 10.060 10.075 10.160 10.313 10.535 10.825 11.185 11.613 12.111 12.541 12.667 12.785 12.896 12.998 13.093 13.180 13.258 13.330 13.393 13.448 13.496 13.532 13.520 13.452 13.326 13.142 12.902 12.605 12.250 11.838 11.370 10.844 10.261 9.758 9.624 9.472
3.462 3.630 3.799 3.968 4.138 4.308 4.478 4.649 4.820 4.992 5.164 5.535 6.709 7.919 9.167 10.453 11.776 13.136 14.534 15.969 17.441 18.951 20.498 21.671 20.841 19.771 18.704 17.640 16.579 15.521 14.466 13.415 12.367 11.322 10.280 9.420 9.471 9.590 9.778 10.034 10.360 10.754 11.217 11.749 12.349 13.018 13.757 14.450 14.548 14.638 14.721 14.796 14.862 14.921 14.973 15.016 15.052 15.079 15.099 15.085 14.873 14.605 14.279 13.896 13.456 12.959 12.404 11.793 11.125 10.399 9.616 8.860 8.663 8.448
3.933 4.103 4.273 4.444 4.615 4.787 4.959 5.131 5.304 5.477 5.651 5.883 7.188 8.530 9.910 11.327 12.781 14.094 15.292 16.468 17.619 18.748 19.854 20.850 19.788 18.729 17.672 16.619 15.570 14.523 13.479 12.439 11.402 10.368 9.337 8.345 8.636 8.996 9.425 9.923 10.489 11.125 11.828 12.601 13.442 14.352 15.331 16.363 16.434 16.496 16.551 16.598 16.637 16.669 16.692 16.708 16.716 16.716 16.708 16.692 16.280 15.811 15.286 14.703 14.064 13.367 12.613 11.802 10.934 10.009 9.028 7.989 7.720 7.442
4.404 4.575 4.747 4.919 5.092 5.265 5.438 5.612 5.786 5.961 6.070 6.138 7.276 8.510 9.720 10.907 12.071 13.212 14.329 15.423 16.494 17.541 18.565 19.566 18.733 17.685 16.640 15.598 14.559 13.523 12.491 11.461 10.435 9.412 8.393 7.376 7.733 8.334 9.004 9.742 10.549 11.425 12.370 13.383 14.465 15.615 16.834 18.122 18.325 18.360 18.387 18.406 18.418 18.421 18.417 18.405 18.385 18.358 18.322 18.279 17.740 17.072 16.347 15.565 14.725 13.829 12.876 11.866 10.799 9.675 8.494 7.256 6.796 6.455
4.873 5.046 5.219 5.412 5.578 5.715 5.825 5.907 5.961 5.987 5.986 5.957 6.827 7.979 9.108 10.214 11.296 12.356 13.392 14.405 15.394 16.360 17.303 18.223 17.676 16.639 15.605 14.574 13.546 12.522 11.500 10.482 9.467 8.455 7.446 6.441 6.760 7.602 8.512 9.491 10.539 11.656 12.841 14.094 15.416 16.807 18.267 19.795 20.221 20.228 20.228 20.219 20.203 20.179 20.147 20.108 20.060 20.005 19.942 19.871 19.253 18.386 17.461 16.480 15.441 14.346 13.194 11.953 10.670 9.421 8.207 7.028 6.553 6.340
5.673 5.824 5.947 6.043 6.110 6.150 6.162 6.147 6.103 6.032 5.932 5.806 6.402 7.474 8.521 9.546 10.547 11.525 12.480 13.412 14.320 15.205 16.067 16.905 16.618 15.592 14.569 13.549 12.532 11.519 10.509 9.501 8.497 7.496 6.499 5.504 5.718 6.801 7.952 9.171 10.459 11.816 13.241 14.735 16.297 17.928 19.628 21.396 22.122 22.102 22.074 22.038 21.994 21.942 21.883 21.816 21.740 21.658 21.567 21.469 20.616 19.211 17.841 16.505 15.204 13.937 12.705 11.508 10.345 9.217 8.123 7.064 6.521 6.321
6.627 6.680 6.705 6.703 6.673 6.615 6.529 6.416 6.275 6.106 5.909 5.685 6.004 6.993 7.960 8.903 9.824 10.721 11.594 12.445 13.272 14.076 14.857 15.614 15.559 14.544 13.532 12.523 11.517 10.514 9.515 8.519 7.526 6.536 5.549 4.565 4.608 5.930 7.322 8.781 10.310 11.907 13.572 15.306 17.108 18.979 20.918 22.926 24.029 23.981 23.925 23.861 23.790 23.382 22.791 22.221 21.672 21.144 20.637 20.150 19.296 18.012 16.762 15.546 14.366 13.219 12.108 11.031 9.988 8.980 8.007 7.068 6.486 6.299
7.609 7.565 7.493 7.393 7.265 7.109 6.926 6.715 6.477 6.210 5.916 5.594 5.630 6.539 7.424 8.286 9.125 9.941 10.734 11.503 12.250 12.973 13.672 14.349 14.498 13.493 12.492 11.494 10.500 9.508 8.520 7.535 6.552 5.574 4.598 3.625 3.428 4.991 6.622 8.322 10.090 11.927 13.832 15.806 17.848 19.959 21.767 23.405 24.290 23.668 23.067 22.487 21.927 21.389 20.871 20.374 19.897 19.442 19.008 18.594 17.944 16.780 15.651 14.556 13.496 12.470 11.478 10.521 9.599 8.711 7.858 7.039 6.448 6.273
8.621 8.479 8.309 8.112 7.887 7.634 7.353 7.044 6.708 6.344 5.953 5.533 5.281 6.109 6.914 7.695 8.453 9.188 9.899 10.588 11.253 11.895 12.514 13.110 13.435 12.442 11.452 10.465 9.481 8.500 7.523 6.549 5.578 4.610 3.645 2.683 2.180 3.983 5.854 7.769 9.626 11.421 13.154 14.825 16.434 17.980 19.465 20.887 21.914 21.365 20.837 20.329 19.843 19.377 18.932 18.508 18.105 17.722 17.361 17.020 16.561 15.518 14.509 13.534 12.594 11.688 10.817 9.980 9.178 8.410 7.677 6.978 6.407 6.244
9.657 9.423 9.156 8.860 8.538 8.187 7.809 7.403 6.970 6.508 6.019 5.503 4.958 5.705 6.428 7.129 7.806 8.460 9.090 9.698 10.282 10.843 11.381 11.896 12.371 11.388 10.409 9.433 8.461 7.491 6.525 5.563 4.726 3.920 3.145 2.402 1.751 3.578 5.343 7.046 8.686 10.265 11.782 13.236 14.629 15.959 17.227 18.433 19.520 19.044 18.589 18.154 17.741 17.348 16.976 16.625 16.294 15.985 15.696 15.428 15.147 14.224 13.335 12.480 11.660 10.875 10.123 9.407 8.725 8.077 7.464 6.885 6.363 6.212
10.633 10.396 10.031 9.639 9.218 8.771 8.295 7.792 7.261 6.703 6.116 5.502 4.861 5.326 5.968 6.588 7.184 7.757 8.307 8.833 9.337 9.817 10.275 10.709 11.121 10.358 9.441 8.556 7.703 6.880 6.090 5.330 4.603 3.906 3.242 2.608 2.006 3.351 4.900 6.386 7.811 9.173 10.473 11.712 12.888 14.002 15.054 16.044 16.972 16.705 16.323 15.961 15.621 15.301 15.002 14.723 14.466 14.229 14.013 13.818 13.644 12.898 12.129 11.395 10.695 10.029 9.398 8.802 8.239 7.711 7.218 6.759 6.335 6.176
11.599 11.398 10.936 10.446 9.929 9.384 8.811 8.210 7.582 6.927 6.243 5.532 4.793 4.972 5.534 6.072 6.588 7.115 7.677 8.187 8.646 9.054 9.411 9.716 9.970 9.433 8.627 7.852 7.108 6.396 5.715 5.065 4.448 3.861 3.306 2.782 2.290 3.188 4.520 5.790 6.998 8.145 9.229 10.251 11.211 12.110 12.946 13.720 14.433 14.349 14.040 13.751 13.483 13.236 13.010 12.804 12.620 12.456 12.312 12.190 12.088 11.542 10.893 10.278 9.698 9.153 8.641 8.164 7.722 7.314 6.940 6.601 6.297 6.138
12.553 12.429 11.870 11.283 10.668 10.026 9.356 8.658 7.933 7.180 6.492 5.870 5.203 5.232 5.820 6.356 6.841 7.275 7.657 7.988 8.268 8.496 8.673 8.799 8.873 8.478 7.781 7.116 6.482 5.879 5.308 4.768 4.260 3.783 3.338 2.924 2.542 3.087 4.203 5.257 6.250 7.180 8.048 8.855 9.599 10.282 10.903 11.461 11.958 11.976 11.739 11.523 11.328 11.154 11.000 10.868 10.755 10.664 10.594 10.544 10.515 10.154 9.625 9.130 8.670 8.244 7.853 7.496 7.173 6.885 6.631 6.411 6.226 6.096
13.497 13.490 12.833 12.311 11.844 11.332 10.776 10.175 9.530 8.840 8.106 7.328 6.505 6.165 6.573 6.930 7.236 7.490 7.693 7.844 7.944 7.993 7.991 7.937 7.832 7.490 6.903 6.348 5.824 5.331 4.870 4.440 4.041 3.674 3.338 3.034 2.761 3.050 3.950 4.788 5.565 6.279 6.932 7.523 8.051 8.518 8.924 9.267 9.548 9.585 9.421 9.278 9.156 9.054 8.973 8.913 8.874 8.855 8.857 8.880 8.923 8.734 8.325 7.950 7.610 7.304 7.032 6.795 6.621 6.503 6.387 6.272 6.158 6.051
15.666 16.178 15.644 15.065 14.441 13.773 13.060 12.304 11.502 10.657 9.767 8.832 7.853 7.152 7.381 7.558 7.684 7.759 7.782 7.754 7.675 7.545 7.364 7.131 6.847 6.472 5.994 5.549 5.134 4.751 4.399 4.079 3.790 3.532 3.306 3.111 2.947 3.075 3.759 4.382 4.943 5.442 5.879 6.254 6.568 6.819 7.009 7.137 7.203 7.177 7.086 7.015 6.966 6.937 6.928 6.941 6.974 7.028 7.102 7.198 7.314 7.377 7.255 7.134 7.015 6.897 6.780 6.664 6.550 6.437 6.325 6.214 6.105 6.003
18.388 19.290 18.599 17.863 17.084 16.259 15.391 14.478 13.520 12.519 11.473 10.382 9.247 8.193 8.242 8.240 8.186 8.082 7.926 7.719 7.461 7.152 6.791 6.379 5.916 5.422 5.054 4.718 4.413 4.139 3.897 3.686 3.507 3.358 3.242 3.156 3.102 3.163 3.632 4.039 4.385 4.668 4.890 5.050 5.148 5.184 5.159 5.071 4.922 4.751 4.733 4.735 4.758 4.801 5.069 5.467 5.842 6.192 6.519 6.823 7.103 7.275 7.158 7.041 6.926 6.813 6.700 6.589 6.478 6.370 6.262 6.155 6.050 5.952
21.041 22.261 21.599 20.707 19.771 18.791 17.767 16.698 15.584 14.427 13.225 11.978 10.688 9.353 9.157 8.975 8.743 8.459 8.124 7.738 7.301 6.813 6.273 5.683 5.041 4.348 4.082 3.856 3.660 3.496 3.363 3.262 3.192 3.153 3.145 3.169 3.224 3.314 3.568 3.760 3.890 3.958 3.964 3.909 3.792 3.613 3.372 3.367 3.461 3.551 3.984 4.395 4.781 5.144 5.484 5.799 6.092 6.360 6.605 6.827 7.024 7.173 7.060 6.948 6.837 6.727 6.619 6.512 6.406 6.301 6.198 6.096 5.995 5.899
