DATA/SHG/ECMWF/20170628/EN-23/20170710.en-23.asc
ncols        190
nrows        64
xllcorner    -5100000.000000000000
yllcorner    4130000.000000000000
cellsize     10000.000000000000
NODATA_value  -99999.000
[rows 0 to 32 of 64, columns 0 to 72 of 190]
2.091 2.013 1.928 1.835 1.734 1.626 1.511 1.388 1.257 1.401 1.632 1.860 2.086 2.309 2.530 2.748 2.964 3.177 3.387 3.708 4.053 4.289 4.490 4.708 4.941 5.189 5.454 5.734 6.030 6.341 6.669 7.011 7.370 7.638 7.815 7.959 8.071 8.150 8.197 8.211 8.193 8.142 8.058 7.942 7.793 7.483 7.048 6.610 6.168 5.721 5.271 4.818 4.360 3.898 3.433 2.964 2.491 2.141 1.946 1.757 1.574 1.397 1.225 1.060 0.901 0.748 0.600 0.459 0.324 0.265 0.329 0.397 0.470
1.951 1.846 1.734 1.615 1.488 1.353 1.210 1.061 0.903 0.976 1.198 1.417 1.815 2.206 2.583 2.948 3.299 3.638 3.963 4.275 4.574 4.840 5.097 5.369 5.658 5.962 6.281 6.617 6.968 7.335 7.717 8.115 8.529 8.797 8.859 8.888 8.885 8.850 8.782 8.681 8.548 8.382 8.184 7.954 7.690 7.340 6.892 6.440 5.984 5.524 5.060 4.593 4.122 3.646 3.167 2.685 2.198 1.808 1.634 1.466 1.304 1.148 0.997 0.853 0.715 0.582 0.456 0.336 0.221 0.158 0.240 0.327 0.419
1.820 1.688 1.550 1.403 1.274 1.260 1.273 1.313 1.380 1.608 1.991 2.362 2.719 3.063 3.395 3.713 4.018 4.310 4.589 4.855 5.108 5.373 5.685 6.013 6.357 6.716 7.091 7.482 7.888 8.310 8.748 9.201 9.670 9.987 9.934 9.849 9.731 9.581 9.398 9.183 8.936 8.655 8.343 7.998 7.620 7.201 6.739 6.273 5.804 5.331 4.853 4.372 3.888 3.399 2.906 2.410 1.910 1.470 1.317 1.170 1.028 0.893 0.764 0.641 0.523 0.412 0.306 0.207 0.141 0.097 0.207 0.313 0.413
1.884 1.857 1.858 1.885 1.939 2.021 2.130 2.265 2.428 2.663 3.000 3.324 3.635 3.934 4.219 4.491 4.749 4.995 5.228 5.448 5.654 5.889 6.257 6.640 7.039 7.453 7.883 8.329 8.790 9.267 9.760 10.269 10.793 11.209 11.041 10.842 10.609 10.345 10.047 9.718 9.356 8.961 8.534 8.075 7.583 7.066 6.591 6.111 5.628 5.141 4.651 4.156 3.658 3.155 2.649 2.139 1.626 1.127 0.994 0.868 0.752 0.694 0.634 0.572 0.509 0.445 0.380 0.313 0.245 0.175 0.265 0.352 0.434
2.136 2.205 2.301 2.424 2.574 2.751 2.956 3.187 3.445 3.731 4.022 4.299 4.564 4.816 5.055 5.281 5.494 5.693 5.880 6.054 6.214 6.388 6.810 7.249 7.703 8.172 8.658 9.158 9.675 10.207 10.755 11.318 11.897 12.462 12.180 11.866 11.519 11.140 10.729 10.285 9.808 9.299 8.758 8.185 7.579 6.940 6.447 5.954 5.457 4.957 4.452 3.944 3.432 2.938 2.504 2.056 1.593 1.116 1.019 0.958 0.896 0.832 0.767 0.701 0.634 0.565 0.494 0.423 0.350 0.275 0.327 0.396 0.460
2.359 2.523 2.715 2.933 3.179 3.451 3.751 4.077 4.431 4.811 5.055 5.287 5.506 5.712 5.904 6.084 6.251 6.404 6.545 6.672 6.787 6.888 7.347 7.840 8.349 8.874 9.414 9.970 10.542 11.129 11.732 12.350 12.984 13.634 13.351 12.922 12.461 11.968 11.442 10.884 10.293 9.670 9.015 8.327 7.607 6.854 6.358 5.974 5.575 5.162 4.735 4.294 3.838 3.367 2.883 2.384 1.871 1.344 1.173 1.107 1.040 0.972 0.902 0.831 0.759 0.685 0.610 0.534 0.456 0.377 0.394 0.444 0.490
2.551 2.810 3.097 3.411 3.752 4.120 4.515 4.937 5.386 5.862 6.102 6.287 6.460 6.620 6.766 6.900 7.020 7.128 7.222 7.304 7.372 7.428 7.866 8.414 8.978 9.558 10.153 10.764 11.391 12.033 12.691 13.364 14.053 14.758 14.553 14.010 13.435 12.827 12.187 11.469 10.737 10.041 9.381 8.755 8.165 7.611 7.155 6.720 6.271 5.807 5.329 4.837 4.331 3.810 3.275 2.726 2.163 1.585 1.328 1.258 1.186 1.113 1.039 0.963 0.886 0.807 0.727 0.646 0.563 0.479 0.465 0.498 0.525
2.712 3.068 3.450 3.859 4.295 4.759 5.249 5.766 6.310 6.881 7.161 7.300 7.427 7.540 7.641 7.728 7.803 7.864 7.913 7.948 7.971 7.980 8.367 8.971 9.590 10.225 10.875 11.541 12.222 12.919 13.632 14.360 14.916 15.395 15.088 14.304 13.555 12.842 12.164 11.521 10.914 10.342 9.805 9.304 8.838 8.407 7.964 7.479 6.979 6.465 5.937 5.395 4.838 4.267 3.682 3.082 2.468 1.840 1.485 1.410 1.333 1.255 1.176 1.095 1.013 0.930 0.845 0.759 0.672 0.583 0.542 0.556 0.566
2.844 3.295 3.772 4.277 4.808 5.366 5.952 6.564 7.203 7.870 8.232 8.325 8.406 8.473 8.528 8.569 8.598 8.613 8.616 8.605 8.582 8.545 8.851 9.510 10.184 10.750 11.291 11.814 12.319 12.807 13.277 13.730 14.165 14.582 14.484 13.824 13.199 12.610 12.056 11.537 11.054 10.606 10.193 9.816 9.474 9.168 8.787 8.251 7.701 7.137 6.558 5.965 5.358 4.737 4.101 3.451 2.787 2.109 1.642 1.562 1.481 1.398 1.314 1.229 1.142 1.054 0.965 0.874 0.782 0.688 0.623 0.620 0.611
2.945 3.491 4.064 4.664 5.290 5.944 6.624 7.332 8.066 8.827 9.315 9.363 9.397 9.419 9.427 9.423 9.406 9.362 9.220 9.079 8.938 8.799 8.908 9.439 9.953 10.450 10.929 11.390 11.834 12.260 12.669 13.060 13.433 13.789 13.844 13.308 12.807 12.342 11.912 11.518 11.158 10.834 10.546 10.292 10.074 9.891 9.623 9.037 8.436 7.822 7.193 6.550 5.892 5.221 4.535 3.835 3.120 2.391 1.801 1.716 1.630 1.543 1.454 1.364 1.272 1.179 1.085 0.989 0.892 0.794 0.710 0.688 0.660
3.017 3.658 4.326 5.021 5.742 6.491 7.266 8.069 8.898 9.754 10.361 10.215 10.071 9.927 9.784 9.643 9.502 9.363 9.224 9.086 8.950 8.814 8.812 9.282 9.734 10.169 10.586 10.986 11.368 11.732 12.079 12.409 12.720 13.014 13.169 12.757 12.380 12.039 11.733 11.462 11.227 11.027 10.862 10.732 10.638 10.579 10.472 9.836 9.185 8.520 7.841 7.147 6.440 5.718 4.982 4.231 3.467 2.688 1.961 1.871 1.780 1.688 1.594 1.499 1.403 1.305 1.206 1.106 1.004 0.901 0.800 0.760 0.715
3.059 3.795 4.557 5.342 6.115 6.873 7.614 8.340 9.050 9.744 10.336 10.194 10.053 9.913 9.774 9.635 9.498 9.362 9.227 9.093 8.960 8.828 8.734 9.142 9.533 9.906 10.262 10.600 10.920 11.223 11.509 11.776 12.027 12.259 12.459 12.171 11.918 11.701 11.518 11.371 11.260 11.183 11.142 11.136 11.165 11.230 11.330 10.648 9.947 9.232 8.502 7.758 7.001 6.228 5.442 4.641 3.827 2.998 2.154 2.027 1.932 1.835 1.736 1.636 1.535 1.433 1.329 1.253 1.207 1.171 1.147 1.158 1.168
3.340 4.106 4.855 5.588 6.306 7.007 7.693 8.363 9.016 9.654 10.276 10.171 10.034 9.897 9.762 9.627 9.493 9.361 9.229 9.099 8.969 8.841 8.713 9.022 9.351 9.662 9.957 10.233 10.492 10.733 10.957 11.163 11.352 11.523 11.677 11.549 11.420 11.327 11.268 11.245 11.257 11.304 11.386 11.504 11.657 11.845 12.068 11.473 10.722 9.957 9.177 8.383 7.575 6.753 5.916 5.065 4.200 3.321 2.428 2.185 2.089 2.005 1.931 1.869 1.817 1.776 1.746 1.726 1.718 1.720 1.734 1.738 1.734
3.772 4.481 5.175 5.852 6.513 7.159 7.789 8.402 9.000 9.582 10.148 10.148 10.014 9.881 9.749 9.618 9.488 9.359 9.231 9.103 8.977 8.852 8.728 8.920 9.187 9.437 9.670 9.885 10.082 10.262 10.424 10.569 10.697 10.806 10.899 10.893 10.887 10.917 10.982 11.083 11.218 11.389 11.595 11.836 12.112 12.423 12.770 12.312 11.510 10.695 9.865 9.021 8.163 7.213 6.265 5.335 4.425 3.534 2.661 2.344 2.287 2.240 2.204 2.180 2.166 2.163 2.170 2.189 2.218 2.259 2.310 2.320 2.302
4.221 4.874 5.511 6.133 6.738 7.328 7.901 8.459 9.001 9.527 10.037 10.123 9.993 9.863 9.735 9.607 9.481 9.355 9.231 9.107 8.985 8.863 8.743 8.836 9.042 9.231 9.402 9.555 9.691 9.810 9.911 9.994 10.060 10.108 10.139 10.201 10.319 10.473 10.661 10.885 11.144 11.438 11.767 12.132 12.531 12.966 13.249 12.779 11.784 10.807 9.850 8.911 7.991 7.090 6.207 5.344 4.499 3.673 2.866 2.493 2.473 2.465 2.467 2.480 2.504 2.538 2.584 2.640 2.708 2.786 2.875 2.906 2.874
4.686 5.283 5.864 6.430 6.979 7.513 8.031 8.533 9.019 9.489 9.943 10.098 9.971 9.845 9.720 9.596 9.473 9.351 9.230 9.110 8.991 8.873 8.756 8.771 8.916 9.043 9.152 9.244 9.319 9.376 9.416 9.438 9.442 9.429 9.399 9.474 9.716 9.993 10.319 10.724 11.094 11.428 11.728 11.993 12.223 12.418 12.578 12.244 11.314 10.403 9.512 8.639 7.784 6.949 6.132 5.334 4.555 3.795 3.054 2.631 2.649 2.678 2.718 2.769 2.831 2.903 2.987 3.081 3.186 3.302 3.429 3.495 3.449
5.168 5.709 6.235 6.744 7.238 7.716 8.177 8.623 9.054 9.468 9.866 10.071 9.948 9.825 9.704 9.583 9.464 9.345 9.228 9.111 8.996 8.881 8.768 8.724 8.808 8.873 8.922 8.952 8.966 8.961 8.940 8.950 9.075 9.213 9.365 9.606 9.993 10.346 10.663 10.945 11.193 11.405 11.582 11.725 11.833 11.905 11.943 11.691 10.827 9.982 9.156 8.348 7.560 6.790 6.039 5.306 4.593 3.898 3.222 2.758 2.814 2.881 2.959 3.048 3.147 3.258 3.379 3.511 3.653 3.807 3.971 4.086 4.026
5.666 6.152 6.621 7.075 7.513 7.935 8.341 8.731 9.106 9.464 9.807 10.044 9.924 9.805 9.687 9.570 9.454 9.339 9.225 9.112 9.000 8.889 8.779 8.696 8.742 8.820 8.911 9.016 9.135 9.267 9.412 9.571 9.743 9.929 10.128 10.353 10.617 10.847 11.042 11.202 11.327 11.417 11.472 11.492 11.478 11.428 11.344 11.120 10.322 9.542 8.782 8.040 7.317 6.613 5.927 5.260 4.612 3.983 3.373 2.874 2.969 3.073 3.189 3.315 3.453 3.601 3.760 3.929 4.110 4.301 4.503 4.681 4.607
6.182 6.611 7.025 7.423 7.805 8.171 8.522 8.856 9.175 9.477 9.764 10.015 9.899 9.783 9.669 9.555 9.443 9.329 9.224 9.133 9.055 8.990 8.939 8.906 9.018 9.144 9.282 9.434 9.600 9.779 9.972 10.178 10.397 10.630 10.876 11.133 11.276 11.383 11.456 11.493 11.496 11.464 11.397 11.295 11.158 10.987 10.780 10.532 9.799 9.085 8.390 7.714 7.056 6.418 5.798 5.196 4.614 4.050 3.505 2.980 3.112 3.255 3.408 3.572 3.747 3.933 4.130 4.337 4.555 4.784 5.024 5.275 5.190
6.714 7.087 7.445 7.788 8.114 8.424 8.719 8.998 9.261 9.508 9.703 9.879 9.772 9.647 9.536 9.438 9.354 9.283 9.225 9.180 9.149 9.131 9.127 9.136 9.280 9.453 9.638 9.838 10.051 10.277 10.516 10.770 11.036 11.316 11.610 11.917 11.969 11.954 11.904 11.820 11.700 11.546 11.357 11.133 10.874 10.581 10.252 9.889 9.258 8.610 7.981 7.370 6.778 6.204 5.650 5.114 4.597 4.099 3.619 3.158 3.245 3.425 3.617 3.818 4.031 4.255 4.489 4.734 4.990 5.256 5.534 5.822 5.777
7.262 7.580 7.883 8.110 8.326 8.531 8.723 8.904 9.074 9.232 9.378 9.513 9.478 9.400 9.336 9.285 9.247 9.223 9.212 9.214 9.229 9.258 9.301 9.356 9.527 9.747 9.980 10.227 10.486 10.760 11.046 11.347 11.660 11.987 12.328 12.682 12.697 12.560 12.388 12.181 11.940 11.664 11.353 11.007 10.626 10.210 9.760 9.275 8.700 8.117 7.553 7.008 6.481 5.973 5.484 5.014 4.562 4.129 3.715 3.319 3.368 3.586 3.814 4.054 4.304 4.565 4.837 5.108 5.359 5.605 5.845 6.080 6.003
7.487 7.697 7.896 8.082 8.258 8.421 8.574 8.714 8.843 8.960 9.066 9.160 9.170 9.139 9.121 9.117 9.126 9.149 9.184 9.233 9.296 9.371 9.460 9.562 9.760 10.027 10.307 10.601 10.908 11.228 11.562 11.909 12.270 12.644 13.031 13.432 13.459 13.200 12.906 12.578 12.214 11.816 11.383 10.915 10.413 9.876 9.303 8.697 8.124 7.607 7.108 6.628 6.167 5.724 5.300 4.895 4.509 4.141 3.792 3.462 3.493 3.764 4.030 4.290 4.544 4.793 5.036 5.273 5.505 5.731 5.952 6.167 6.119
7.594 7.763 7.921 8.067 8.202 8.325 8.437 8.537 8.625 8.702 8.767 8.821 8.848 8.864 8.893 8.936 8.991 9.060 9.143 9.238 9.347 9.470 9.605 9.754 9.979 10.292 10.620 10.960 11.314 11.682 12.062 12.457 12.864 13.285 13.720 14.168 14.256 13.875 13.460 13.009 12.524 12.004 11.449 10.860 10.235 9.576 8.882 8.154 7.530 7.078 6.645 6.230 5.834 5.493 5.186 4.890 4.605 4.331 4.068 3.816 3.801 4.053 4.299 4.539 4.774 5.003 5.226 5.444 5.656 5.863 6.063 6.259 6.244
7.713 7.842 7.959 8.065 8.159 8.241 8.312 8.372 8.420 8.456 8.481 8.494 8.512 8.575 8.651 8.740 8.842 8.958 9.087 9.229 9.385 9.554 9.736 9.931 10.183 10.543 10.917 11.305 11.706 12.120 12.548 12.989 13.444 13.912 14.393 14.888 15.088 14.585 14.048 13.475 12.868 12.227 11.550 10.839 10.093 9.312 8.514 7.744 7.131 6.807 6.494 6.192 5.901 5.622 5.353 5.096 4.849 4.614 4.390 4.177 4.114 4.346 4.573 4.793 5.008 5.218 5.421 5.620 5.812 5.999 6.180 6.356 6.378
7.845 7.933 8.010 8.075 8.129 8.171 8.201 8.220 8.227 8.223 8.207 8.180 8.163 8.272 8.395 8.531 8.680 8.842 9.018 9.206 9.409 9.624 9.853 10.095 10.372 10.780 11.201 11.635 12.083 12.545 13.019 13.507 14.009 14.524 15.052 15.594 15.954 15.330 14.670 13.791 12.914 12.068 11.252 10.467 9.712 8.987 8.293 7.630 7.055 6.770 6.495 6.232 5.980 5.739 5.509 5.291 5.083 4.887 4.701 4.527 4.432 4.645 4.851 5.052 5.248 5.438 5.622 5.800 5.973 6.140 6.302 6.458 6.519
7.993 8.037 8.073 8.098 8.111 8.112 8.102 8.081 8.048 8.003 7.947 7.879 7.800 7.956 8.125 8.307 8.503 8.712 8.934 9.169 9.418 9.680 9.955 10.244 10.547 11.002 11.470 11.951 12.446 12.954 13.476 14.006 14.300 14.578 14.839 15.085 15.289 14.427 13.596 12.795 12.025 11.285 10.575 9.896 9.248 8.630 8.042 7.485 6.968 6.722 6.486 6.262 6.048 5.846 5.655 5.475 5.306 5.148 5.001 4.865 4.755 4.948 5.135 5.317 5.492 5.663 5.827 5.986 6.139 6.287 6.429 6.566 6.668
8.190 8.154 8.149 8.133 8.106 8.067 8.016 7.954 7.881 7.796 7.699 7.591 7.471 7.625 7.841 8.070 8.312 8.567 8.836 9.118 9.413 9.722 10.043 10.378 10.705 11.036 11.370 11.688 11.990 12.276 12.546 12.801 13.039 13.261 13.467 13.658 13.832 13.188 12.463 11.769 11.105 10.472 9.869 9.296 8.754 8.243 7.761 7.311 6.891 6.663 6.466 6.280 6.105 5.942 5.789 5.647 5.517 5.398 5.289 5.192 5.106 5.257 5.424 5.586 5.742 5.893 6.038 6.177 6.311 6.439 6.561 6.678 6.789
8.397 8.283 8.238 8.181 8.113 8.034 7.943 7.841 7.727 7.601 7.464 7.316 7.156 7.281 7.543 7.818 8.107 8.410 8.702 8.970 9.213 9.431 9.624 9.792 9.936 10.182 10.460 10.723 10.969 11.200 11.415 11.613 11.796 11.963 12.113 12.248 12.367 11.920 11.302 10.714 10.156 9.629 9.133 8.666 8.231 7.825 7.450 7.106 6.792 6.593 6.435 6.287 6.151 6.026 5.912 5.809 5.717 5.637 5.567 5.508 5.461 5.570 5.718 5.860 5.997 6.128 6.253 6.373 6.487 6.596 6.699 6.796 6.888
8.612 8.424 8.339 8.242 8.134 8.014 7.883 7.740 7.585 7.419 7.279 7.177 7.073 7.204 7.509 7.789 8.045 8.275 8.481 8.662 8.818 8.949 9.056 9.138 9.195 9.346 9.569 9.776 9.967 10.142 10.301 10.444 10.571 10.682 10.777 10.857 10.920 10.623 10.111 9.629 9.178 8.757 8.367 8.007 7.677 7.378 7.110 6.871 6.663 6.512 6.393 6.284 6.186 6.100 6.024 5.960 5.907 5.864 5.833 5.813 5.804 5.888 6.017 6.139 6.256 6.368 6.474 6.574 6.669 6.758 6.841 6.919 6.991
8.836 8.578 8.452 8.342 8.243 8.144 8.043 7.942 7.839 7.734 7.629 7.522 7.415 7.443 7.661 7.855 8.023 8.167 8.286 8.380 8.450 8.495 8.515 8.510 8.480 8.527 8.695 8.846 8.982 9.101 9.205 9.292 9.364 9.420 9.460 9.484 9.492 9.297 8.891 8.515 8.170 7.856 7.572 7.318 7.094 6.901 6.739 6.607 6.505 6.421 6.340 6.270 6.211 6.163 6.126 6.100 6.085 6.081 6.088 6.107 6.136 6.212 6.320 6.424 6.521 6.613 6.699 6.780 6.841 6.867 6.875 6.867 6.841
9.204 8.924 8.824 8.723 8.620 8.517 8.412 8.306 8.198 8.090 7.980 7.869 7.757 7.708 7.840 7.946 8.028 8.086 8.118 8.126 8.109 8.067 8.000 7.909 7.792 7.727 7.839 7.935 8.015 8.079 8.127 8.159 8.175 8.176 8.160 8.129 8.081 7.941 7.641 7.372 7.133 6.925 6.747 6.599 6.482 6.395 6.338 6.312 6.316 6.319 6.276 6.244 6.224 6.214 6.216 6.229 6.252 6.287 6.333 6.389 6.457 6.542 6.628 6.697 6.748 6.783 6.800 6.801 6.784 6.750 6.700 6.632 6.547
9.642 9.315 9.210 9.105 8.998 8.890 8.781 8.670 8.559 8.446 8.332 8.216 8.100 7.999 8.044 8.064 8.060 8.030 7.976 7.897 7.794 7.665 7.512 7.334 7.132 6.944 7.000 7.041 7.065 7.074 7.067 7.044 7.005 6.950 6.879 6.792 6.689 6.556 6.363 6.200 6.067 5.965 5.892 5.851 5.839 5.858 5.908 5.987 6.097 6.206 6.201 6.208 6.226 6.255 6.353 6.481 6.593 6.689 6.769 6.833 6.882 6.916 6.943 6.952 6.944 6.919 6.878 6.819 6.743 6.650 6.540 6.413 6.269
10.084 9.729 9.598 9.488 9.377 9.264 9.151 9.036 8.920 8.803 8.684 8.565 8.444 8.322 8.275 8.209 8.118 8.002 7.861 7.696 7.506 7.291 7.051 6.787 6.498 6.184 6.180 6.165 6.134 6.087 6.025 5.946 5.852 5.741 5.615 5.473 5.315 5.143 5.055 4.998 4.971 4.975 5.009 5.073 5.167 5.292 5.447 5.763 6.150 6.532 6.684 6.820 6.940 7.044 7.132 7.205 7.261 7.302 7.327 7.336 7.329 7.306 7.273 7.223 7.156 7.072 6.971 6.853 6.718 6.566 6.397 6.211 6.008
