DATA/SHG/ECMWF/20170628/EN-23/20170707.en-23.asc
ncols        190
nrows        64
xllcorner    -5100000.000000000000
yllcorner    4130000.000000000000
cellsize     10000.000000000000
NODATA_value  -99999.000
[rows 0 to 32 of 64, columns 74 to 147 of 190]
3.962 3.653 3.347 3.042 2.739 2.439 2.140 1.954 2.059 2.182 2.301 2.414 2.523 2.627 2.727 2.822 2.912 2.998 3.078 3.120 3.062 3.025 3.007 3.007 3.026 3.063 3.119 3.194 3.287 3.399 3.529 3.612 3.483 3.344 3.195 3.037 2.868 2.690 2.502 2.305 2.097 1.880 1.653 1.472 1.455 1.430 1.399 1.359 1.312 1.258 1.196 1.126 1.049 0.965 0.873 0.803 0.822 0.844 0.870 0.901 0.935 0.974 1.017 1.064 1.115 1.170 1.229 1.341 1.595 1.855 2.122 2.396 2.677 2.965
3.494 3.258 3.036 2.809 2.577 2.340 2.097 1.914 2.025 2.132 2.234 2.331 2.424 2.512 2.595 2.673 2.747 2.817 2.881 2.936 2.961 3.007 3.072 3.156 3.258 3.378 3.517 3.675 3.851 4.046 4.260 4.445 4.272 4.089 3.897 3.694 3.482 3.260 3.028 2.787 2.535 2.274 2.003 1.753 1.703 1.645 1.579 1.506 1.425 1.337 1.242 1.139 1.029 0.911 0.785 0.676 0.712 0.753 0.798 0.847 0.900 0.957 1.018 1.083 1.153 1.226 1.304 1.415 1.699 1.990 2.288 2.592 2.903 3.221
3.634 3.399 3.159 2.914 2.664 2.409 2.148 1.900 1.995 2.085 2.171 2.252 2.328 2.400 2.467 2.530 2.587 2.640 2.689 2.733 2.839 2.968 3.116 3.283 3.468 3.672 3.894 4.135 4.394 4.672 4.969 5.284 5.071 4.844 4.608 4.362 4.106 3.840 3.564 3.279 2.984 2.679 2.364 2.042 1.958 1.866 1.767 1.661 1.547 1.425 1.296 1.160 1.016 0.864 0.705 0.544 0.599 0.658 0.721 0.788 0.860 0.935 1.015 1.098 1.186 1.278 1.374 1.498 1.843 2.191 2.544 2.900 3.260 3.624
3.798 3.545 3.287 3.024 2.756 2.483 2.204 1.921 1.969 2.043 2.113 2.178 2.238 2.293 2.344 2.390 2.432 2.468 2.501 2.528 2.696 2.909 3.140 3.389 3.658 3.944 4.250 4.574 4.916 5.277 5.657 6.055 5.880 5.609 5.329 5.039 4.739 4.429 4.110 3.781 3.442 3.093 2.735 2.367 2.221 2.096 1.963 1.823 1.675 1.520 1.358 1.188 1.011 0.826 0.633 0.433 0.482 0.559 0.663 0.791 0.920 1.050 1.182 1.316 1.452 1.589 1.727 1.867 2.214 2.580 2.950 3.324 3.701 4.083
3.967 3.696 3.420 3.139 2.853 2.561 2.265 1.963 1.948 2.006 2.059 2.107 2.151 2.190 2.225 2.255 2.280 2.301 2.317 2.328 2.532 2.828 3.142 3.475 3.826 4.196 4.584 4.991 5.416 5.860 6.323 6.804 6.698 6.383 6.059 5.725 5.382 5.028 4.665 4.292 3.910 3.517 3.115 2.703 2.491 2.333 2.167 1.993 1.812 1.630 1.455 1.284 1.117 0.953 0.794 0.639 0.711 0.842 0.975 1.110 1.246 1.384 1.523 1.664 1.806 1.950 2.096 2.243 2.581 2.965 3.352 3.743 4.138 4.537
4.140 3.851 3.557 3.258 2.954 2.645 2.330 2.011 1.931 1.972 2.009 2.041 2.069 2.092 2.111 2.124 2.133 2.138 2.138 2.133 2.348 2.726 3.123 3.539 3.973 4.426 4.897 5.387 5.895 6.422 6.967 7.531 7.526 7.167 6.800 6.422 6.035 5.638 5.231 4.814 4.358 3.886 3.422 2.964 2.690 2.513 2.339 2.170 2.004 1.843 1.685 1.532 1.382 1.236 1.094 0.957 1.007 1.145 1.285 1.427 1.570 1.715 1.861 2.009 2.159 2.310 2.463 2.617 2.944 3.345 3.749 4.158 4.570 4.986
4.318 4.011 3.699 3.382 3.060 2.732 2.400 2.063 1.918 1.943 1.964 1.980 1.991 1.998 2.000 1.998 1.991 1.979 1.963 1.942 2.142 2.604 3.084 3.582 4.099 4.635 5.189 5.762 6.353 6.962 7.590 8.163 8.168 7.670 7.180 6.697 6.221 5.752 5.291 4.837 4.390 3.950 3.518 3.092 2.810 2.651 2.495 2.343 2.195 2.051 1.911 1.775 1.643 1.515 1.390 1.270 1.301 1.446 1.594 1.742 1.892 2.044 2.198 2.353 2.509 2.668 2.827 2.989 3.302 3.720 4.142 4.568 4.998 5.431
4.500 4.175 3.845 3.510 3.170 2.825 2.475 2.120 1.909 1.918 1.923 1.923 1.918 1.909 1.895 1.876 1.853 1.825 1.792 1.755 1.916 2.460 3.054 3.648 4.227 4.790 5.337 5.868 6.384 6.884 7.367 7.836 7.935 7.469 7.011 6.560 6.116 5.680 5.251 4.828 4.414 4.006 3.606 3.212 2.927 2.784 2.646 2.512 2.381 2.255 2.132 2.014 1.899 1.788 1.682 1.579 1.593 1.745 1.900 2.055 2.213 2.372 2.532 2.694 2.858 3.023 3.190 3.358 3.656 4.091 4.530 4.974 5.421 5.871
4.687 4.344 3.996 3.644 3.286 2.922 2.554 2.181 1.905 1.898 1.886 1.870 1.849 1.823 1.807 1.846 1.895 1.952 2.019 2.095 2.283 2.839 3.378 3.903 4.411 4.903 5.380 5.841 6.286 6.715 7.129 7.526 7.694 7.260 6.834 6.416 6.004 5.600 5.202 4.812 4.430 4.054 3.686 3.325 3.038 2.914 2.793 2.676 2.563 2.454 2.349 2.248 2.151 2.058 1.969 1.883 1.883 2.042 2.203 2.366 2.531 2.697 2.864 3.033 3.204 3.376 3.550 3.726 4.005 4.458 4.914 5.375 5.839 6.307
4.879 4.518 4.152 3.781 3.405 3.024 2.638 2.252 1.936 1.953 1.978 2.013 2.057 2.110 2.172 2.243 2.323 2.412 2.511 2.618 2.766 3.251 3.721 4.174 4.612 5.034 5.440 5.831 6.205 6.564 6.907 7.235 7.445 7.044 6.650 6.263 5.884 5.512 5.147 4.789 4.438 4.095 3.758 3.429 3.146 3.039 2.935 2.836 2.741 2.649 2.562 2.478 2.398 2.323 2.251 2.183 2.170 2.337 2.505 2.675 2.846 3.020 3.194 3.370 3.548 3.727 3.908 4.091 4.350 4.820 5.294 5.771 6.253 6.739
5.053 4.638 4.235 3.846 3.471 3.108 2.758 2.421 2.102 2.150 2.208 2.274 2.350 2.434 2.528 2.631 2.743 2.864 2.994 3.133 3.273 3.681 4.080 4.463 4.830 5.182 5.518 5.838 6.142 6.431 6.704 6.961 7.189 6.820 6.458 6.104 5.756 5.416 5.083 4.757 4.439 4.127 3.823 3.526 3.249 3.159 3.074 2.992 2.914 2.840 2.770 2.704 2.641 2.583 2.529 2.478 2.456 2.630 2.805 2.982 3.160 3.340 3.522 3.705 3.890 4.076 4.264 4.454 4.690 5.178 5.669 6.164 6.663 7.165
4.891 4.521 4.165 3.821 3.491 3.174 2.869 2.578 2.300 2.340 2.429 2.527 2.634 2.750 2.876 3.010 3.154 3.306 3.468 3.639 3.810 4.128 4.456 4.769 5.066 5.347 5.613 5.863 6.097 6.315 6.518 6.704 6.875 6.589 6.259 5.937 5.621 5.313 5.012 4.718 4.432 4.153 3.880 3.615 3.358 3.276 3.208 3.143 3.083 3.026 2.974 2.925 2.880 2.839 2.802 2.769 2.740 2.920 3.103 3.286 3.472 3.659 3.848 4.038 4.230 4.423 4.618 4.825 5.066 5.602 6.145 6.695 7.253 7.817
4.717 4.393 4.082 3.784 3.499 3.227 2.969 2.723 2.490 2.520 2.641 2.771 2.909 3.057 3.214 3.380 3.556 3.740 3.933 4.135 4.339 4.592 4.850 5.092 5.319 5.530 5.726 5.905 6.069 6.217 6.349 6.466 6.566 6.350 6.053 5.762 5.479 5.203 4.934 4.672 4.417 4.170 3.930 3.697 3.471 3.388 3.337 3.290 3.247 3.208 3.173 3.142 3.114 3.091 3.071 3.056 3.044 3.209 3.380 3.543 3.720 3.912 4.118 4.338 4.573 4.823 5.087 5.365 5.658 6.208 6.783 7.365 7.955 8.551
4.531 4.252 3.987 3.735 3.495 3.269 3.056 2.856 2.668 2.692 2.844 3.006 3.176 3.356 3.544 3.742 3.949 4.165 4.389 4.623 4.859 5.072 5.261 5.433 5.589 5.730 5.855 5.965 6.058 6.136 6.198 6.245 6.275 6.104 5.838 5.580 5.328 5.084 4.847 4.618 4.395 4.180 3.971 3.770 3.577 3.496 3.462 3.433 3.407 3.369 3.313 3.258 3.202 3.145 3.089 3.032 2.974 3.114 3.327 3.554 3.795 4.051 4.322 4.607 4.906 5.220 5.548 5.891 6.248 6.806 7.413 8.027 8.649 9.277
4.333 4.100 3.880 3.673 3.479 3.299 3.131 2.976 2.834 2.855 3.039 3.232 3.434 3.646 3.866 4.095 4.333 4.581 4.837 5.102 5.370 5.570 5.688 5.790 5.877 5.948 6.003 6.042 6.065 6.073 6.065 6.041 6.002 5.850 5.617 5.390 5.171 4.959 4.754 4.556 4.359 4.158 3.960 3.763 3.568 3.457 3.401 3.345 3.289 3.233 3.176 3.119 3.061 3.004 2.946 2.888 2.829 2.981 3.258 3.550 3.855 4.176 4.510 4.860 5.223 5.601 5.994 6.401 6.822 7.396 8.035 8.681 9.335 9.995
4.123 3.936 3.761 3.600 3.452 3.316 3.194 3.084 2.988 3.010 3.226 3.450 3.684 3.927 4.178 4.439 4.709 4.988 5.276 5.573 5.872 6.085 6.133 6.165 6.182 6.182 6.167 6.136 6.090 6.027 5.949 5.851 5.749 5.605 5.400 5.197 4.995 4.796 4.598 4.402 4.208 4.016 3.826 3.637 3.451 3.326 3.270 3.212 3.155 3.097 3.039 2.981 2.922 2.863 2.804 2.744 2.684 2.834 3.175 3.531 3.901 4.285 4.684 5.098 5.525 5.968 6.424 6.896 7.381 7.978 8.649 9.327 10.012 10.705
3.902 3.760 3.631 3.515 3.412 3.322 3.245 3.181 3.129 3.156 3.403 3.660 3.925 4.199 4.482 4.775 5.076 5.386 5.706 6.034 6.365 6.618 6.540 6.420 6.304 6.192 6.083 5.978 5.877 5.780 5.687 5.597 5.512 5.396 5.199 5.004 4.810 4.619 4.430 4.242 4.056 3.872 3.690 3.510 3.331 3.197 3.138 3.080 3.021 2.962 2.903 2.843 2.783 2.723 2.662 2.601 2.540 2.672 3.077 3.497 3.931 4.380 4.843 5.321 5.813 6.319 6.840 7.375 7.925 8.552 9.255 9.965 10.682 11.406
3.668 3.572 3.488 3.417 3.360 3.315 3.283 3.265 3.259 3.294 3.573 3.860 4.157 4.463 4.777 5.072 5.339 5.577 5.785 5.965 6.122 6.236 6.129 6.026 5.927 5.832 5.740 5.652 5.568 5.488 5.412 5.340 5.271 5.185 4.996 4.809 4.624 4.441 4.259 4.080 3.902 3.726 3.552 3.380 3.210 3.067 3.008 2.948 2.888 2.827 2.767 2.706 2.644 2.583 2.521 2.459 2.396 2.495 2.964 3.448 3.947 4.460 4.987 5.529 6.085 6.655 7.240 7.840 8.453 9.118 9.853 10.594 11.343 12.099
3.423 3.372 3.334 3.308 3.296 3.296 3.310 3.352 3.482 3.622 3.957 4.267 4.549 4.801 5.025 5.220 5.386 5.523 5.630 5.710 5.765 5.802 5.715 5.629 5.546 5.468 5.394 5.323 5.256 5.193 5.134 5.078 5.026 4.972 4.791 4.613 4.436 4.261 4.088 3.916 3.747 3.579 3.413 3.249 3.087 2.939 2.878 2.817 2.755 2.693 2.631 2.569 2.506 2.444 2.380 2.317 2.253 2.303 2.837 3.385 3.948 4.525 5.116 5.722 6.342 6.977 7.626 8.289 8.967 9.676 10.442 11.216 11.997 12.784
3.194 3.287 3.391 3.504 3.629 3.763 3.908 4.064 4.229 4.405 4.634 4.843 5.024 5.176 5.299 5.393 5.458 5.494 5.502 5.480 5.435 5.369 5.296 5.227 5.162 5.101 5.043 4.989 4.940 4.893 4.851 4.813 4.778 4.747 4.585 4.415 4.246 4.079 3.914 3.751 3.589 3.430 3.272 3.116 2.962 2.810 2.748 2.686 2.623 2.560 2.497 2.433 2.369 2.305 2.240 2.175 2.110 2.097 2.695 3.307 3.934 4.575 5.230 5.900 6.584 7.283 7.996 8.723 9.465 10.226 11.024 11.829 12.642 13.462
3.642 3.771 3.911 4.061 4.221 4.392 4.573 4.764 4.966 5.178 5.336 5.445 5.525 5.576 5.599 5.592 5.557 5.492 5.399 5.277 5.131 4.964 4.874 4.822 4.774 4.730 4.689 4.652 4.619 4.590 4.565 4.543 4.526 4.512 4.377 4.215 4.054 3.896 3.739 3.584 3.430 3.279 3.129 2.982 2.836 2.692 2.619 2.555 2.491 2.427 2.362 2.297 2.232 2.166 2.101 2.035 1.968 1.901 2.538 3.214 3.905 4.610 5.329 6.063 6.811 7.574 8.351 9.142 9.967 10.824 11.700 12.588 13.489 14.402
4.080 4.245 4.421 4.607 4.803 5.010 5.227 5.454 5.692 5.940 6.064 6.072 6.052 6.002 5.924 5.817 5.681 5.516 5.323 5.100 4.853 4.584 4.448 4.413 4.382 4.355 4.331 4.311 4.295 4.283 4.275 4.270 4.270 4.273 4.168 4.014 3.861 3.710 3.562 3.415 3.270 3.126 2.985 2.845 2.707 2.571 2.490 2.425 2.360 2.294 2.228 2.162 2.096 2.029 1.962 1.894 1.826 1.758 2.367 3.150 4.003 4.856 5.711 6.566 7.421 8.278 9.135 9.993 10.852 11.712 12.638 13.582 14.538 15.507
4.508 4.709 4.920 5.142 5.375 5.618 5.871 6.134 6.408 6.692 6.817 6.725 6.604 6.454 6.275 6.068 5.832 5.566 5.272 4.950 4.601 4.231 4.019 4.001 3.986 3.976 3.969 3.967 3.968 3.972 3.981 3.993 4.010 4.030 3.957 3.810 3.666 3.524 3.383 3.244 3.107 2.972 2.839 2.707 2.577 2.450 2.362 2.296 2.229 2.162 2.113 2.104 2.116 2.149 2.202 2.275 2.369 2.483 3.146 4.001 4.857 5.714 6.572 7.431 8.290 9.150 10.011 10.872 11.735 12.598 13.563 14.562 15.574 16.597
4.925 5.162 5.410 5.668 5.936 6.215 6.504 6.803 7.113 7.433 7.596 7.403 7.182 6.931 6.652 6.345 6.008 5.642 5.248 4.825 4.376 3.905 3.585 3.584 3.587 3.594 3.604 3.618 3.636 3.658 3.683 3.713 3.746 3.783 3.744 3.606 3.469 3.335 3.203 3.072 2.943 2.838 2.753 2.641 2.504 2.341 2.247 2.248 2.269 2.310 2.372 2.454 2.557 2.679 2.823 2.986 3.170 3.374 3.991 4.850 5.709 6.570 7.431 8.293 9.156 10.020 10.884 11.749 12.615 13.482 14.475 15.529 16.595 17.674
5.332 5.605 5.888 6.182 6.487 6.801 7.126 7.462 7.807 8.163 8.400 8.107 7.785 7.434 7.055 6.647 6.210 5.744 5.250 4.727 4.176 3.604 3.148 3.164 3.184 3.208 3.235 3.266 3.301 3.339 3.382 3.428 3.535 3.747 3.903 3.883 3.838 3.766 3.669 3.546 3.398 3.223 3.023 2.797 2.545 2.267 2.124 2.215 2.326 2.458 2.610 2.782 2.975 3.188 3.421 3.675 3.949 4.244 4.834 5.696 6.560 7.424 8.288 9.154 10.020 10.888 11.756 12.624 13.494 14.364 15.372 16.482 17.603 18.738
5.728 6.037 6.357 6.687 7.027 7.378 7.739 8.110 8.491 8.883 9.229 8.836 8.414 7.963 7.483 6.975 6.438 5.872 5.277 4.654 4.003 3.330 2.708 2.767 2.883 3.020 3.179 3.358 3.559 3.781 4.024 4.288 4.573 4.880 5.117 4.983 4.822 4.636 4.425 4.187 3.924 3.635 3.320 2.979 2.613 2.221 1.979 2.160 2.362 2.584 2.826 3.088 3.371 3.675 3.998 4.342 4.706 5.091 5.675 6.541 7.407 8.275 9.144 10.013 10.883 11.753 12.625 13.497 14.370 15.244 16.256 17.421 18.598 19.787
6.114 6.460 6.815 7.181 7.557 7.944 8.340 8.747 9.165 9.593 10.031 9.590 9.068 8.517 7.937 7.312 6.582 5.879 5.204 4.557 3.937 3.341 2.766 2.937 3.147 3.378 3.631 3.904 4.198 4.514 4.851 5.208 5.587 5.987 6.357 6.108 5.834 5.533 5.207 4.855 4.477 4.074 3.645 3.190 2.709 2.202 1.813 2.084 2.376 2.688 3.020 3.373 3.746 4.139 4.553 4.987 5.442 5.916 6.513 7.383 8.253 9.125 9.997 10.869 11.743 12.617 13.492 14.368 15.244 16.122 17.126 18.346 19.578 20.822
6.490 6.871 7.263 7.665 8.077 8.499 8.932 9.375 9.777 9.986 10.184 9.594 8.848 8.131 7.441 6.779 6.145 5.539 4.961 4.410 3.887 3.388 2.911 3.084 3.387 3.712 4.058 4.425 4.813 5.223 5.653 6.104 6.577 7.070 7.585 7.261 6.872 6.457 6.016 5.550 5.058 4.540 3.996 3.427 2.832 2.211 1.625 1.987 2.368 2.771 3.193 3.636 4.099 4.582 5.086 5.610 6.155 6.719 7.350 8.223 9.097 9.972 10.847 11.724 12.601 13.479 14.357 15.237 16.117 16.998 17.983 19.257 20.545 21.844
6.856 7.224 7.473 7.710 7.936 8.151 8.355 8.549 8.731 8.902 9.061 8.650 8.002 7.381 6.787 6.222 5.684 5.175 4.692 4.238 3.812 3.411 3.031 3.206 3.603 4.022 4.461 4.922 5.404 5.907 6.431 6.976 7.542 8.129 8.737 8.440 7.937 7.407 6.852 6.272 5.665 5.033 4.375 3.692 2.983 2.248 1.487 1.868 2.340 2.832 3.344 3.877 4.430 5.004 5.597 6.212 6.846 7.500 8.185 9.062 9.939 10.817 11.696 12.576 13.457 14.338 15.220 16.103 16.987 17.871 18.825 20.155 21.497 22.852
6.236 6.457 6.667 6.866 7.054 7.231 7.397 7.552 7.696 7.829 7.950 7.683 7.131 6.606 6.109 5.640 5.199 4.786 4.400 4.042 3.713 3.408 3.126 3.304 3.795 4.308 4.841 5.395 5.970 6.567 7.184 7.823 8.482 9.163 9.865 9.646 9.028 8.385 7.715 7.021 6.300 5.554 4.782 3.984 3.160 2.311 1.437 1.727 2.289 2.872 3.474 4.097 4.740 5.403 6.087 6.791 7.515 8.260 9.024 9.898 10.779 11.661 12.543 13.427 14.311 15.196 16.081 16.968 17.855 18.743 19.524 20.541 21.528 22.485
5.518 5.701 5.873 6.034 6.184 6.322 6.450 6.567 6.672 6.767 6.851 6.692 6.236 5.808 5.407 5.034 4.689 4.372 4.083 3.821 3.589 3.382 3.196 3.379 3.964 4.569 5.196 5.844 6.512 7.202 7.913 8.645 9.398 10.172 10.967 10.878 10.146 9.389 8.605 7.796 6.961 6.101 5.215 4.303 3.366 2.403 1.414 1.566 2.218 2.890 3.582 4.295 5.028 5.781 6.555 7.348 8.162 8.997 9.851 10.732 11.617 12.501 13.336 14.097 14.785 15.400 15.941 16.410 16.805 17.127 17.376 18.217 19.073 19.899
4.811 4.956 5.090 5.213 5.324 5.425 5.514 5.593 5.661 5.717 5.762 5.676 5.317 4.985 4.681 4.404 4.156 3.935 3.741 3.576 3.440 3.330 3.242 3.430 4.108 4.807 5.527 6.268 7.030 7.814 8.618 9.443 10.290 11.157 12.046 12.137 11.291 10.419 9.522 8.599 7.650 6.676 5.675 4.650 3.598 2.521 1.418 1.383 2.125 2.887 3.669 4.471 5.379 6.470 7.523 8.538 9.514 10.452 11.352 12.118 12.775 13.360 13.871 14.308 14.673 14.965 15.183 15.329 15.401 15.400 15.325 15.925 16.649 17.344
4.116 4.223 4.318 4.403 4.476 4.539 4.590 4.631 4.660 4.678 4.686 4.637 4.374 4.138 3.930 3.750 3.597 3.472 3.375 3.306 3.267 3.254 3.263 3.457 4.228 5.021 5.834 6.669 7.524 8.401 9.299 10.217 11.157 12.118 13.099 13.423 12.463 11.477 10.465 9.428 8.365 7.277 6.163 5.133 4.397 3.652 2.899 3.032 4.145 5.220 6.257 7.255 8.216 9.138 10.022 10.868 11.675 12.445 13.176 13.696 14.030 14.291 14.479 14.594 14.635 14.604 14.499 14.322 14.071 13.747 13.350 13.665 14.259 14.822
