DATA/SHG/ECMWF/20170628/EN-23/20170702.en-23.asc
ncols        190
nrows        64
xllcorner    -5100000.000000000000
yllcorner    4130000.000000000000
cellsize     10000.000000000000
NODATA_value  -99999.000
[rows 0 to 32 of 64, columns 73 to 145 of 190]
8.762 9.380 10.029 10.709 11.420 12.161 12.933 13.736 14.370 14.423 14.397 14.363 14.320 14.269 14.210 14.142 14.067 13.982 13.890 13.789 13.818 14.306 14.792 15.262 15.716 16.154 16.576 16.983 17.373 17.748 18.107 18.450 18.570 18.013 17.462 16.918 16.380 15.848 15.323 14.804 14.291 13.784 13.284 12.789 12.354 12.094 11.848 11.616 11.400 11.198 11.011 10.838 10.680 10.537 10.408 10.294 10.105 9.653 9.193 8.726 8.252 7.771 7.283 6.788 6.286 5.777 5.260 4.737 4.290 4.075 3.865 3.660 3.459
8.867 9.593 10.308 10.998 11.667 12.317 12.948 13.559 14.040 13.993 13.938 13.875 13.803 13.723 13.635 13.538 13.433 13.320 13.198 13.068 12.988 13.406 13.821 14.220 14.604 14.971 15.323 15.659 15.979 16.283 16.571 16.844 17.011 16.483 15.960 15.444 14.934 14.430 13.933 13.442 12.957 12.478 12.006 11.540 11.112 10.917 10.737 10.572 10.421 10.284 10.163 10.056 9.963 9.886 9.823 9.775 9.678 9.194 8.702 8.204 7.698 7.186 6.667 6.140 5.606 5.066 4.518 3.963 3.457 3.264 3.075 2.891 2.712
8.942 9.602 10.242 10.863 11.465 12.046 12.609 13.151 13.647 13.571 13.487 13.394 13.294 13.185 13.067 12.942 12.808 12.666 12.515 12.356 12.189 12.526 12.870 13.198 13.511 13.808 14.089 14.354 14.604 14.837 15.055 15.257 15.443 14.947 14.453 13.965 13.483 13.008 12.538 12.075 11.619 11.168 10.724 10.286 9.857 9.727 9.613 9.513 9.427 9.357 9.301 9.259 9.233 9.221 9.223 9.240 9.259 8.743 8.220 7.690 7.153 6.609 6.058 5.500 4.935 4.363 3.784 3.198 2.677 2.622 2.577 2.540 2.512
9.031 9.622 10.194 10.747 11.280 11.794 12.288 12.762 13.217 13.157 13.044 12.923 12.793 12.655 12.509 12.354 12.191 12.020 11.840 11.653 11.456 11.664 11.938 12.196 12.438 12.664 12.875 13.069 13.248 13.411 13.558 13.690 13.805 13.408 12.942 12.482 12.028 11.580 11.139 10.704 10.276 9.853 9.437 9.027 8.623 8.524 8.474 8.440 8.420 8.415 8.425 8.449 8.487 8.541 8.609 8.692 8.789 8.300 7.746 7.223 6.737 6.253 5.769 5.288 4.808 4.329 3.852 3.376 2.902 2.855 2.849 2.852 2.863
9.137 9.661 10.165 10.649 11.114 11.560 11.985 12.392 12.779 12.752 12.610 12.459 12.301 12.134 11.958 11.775 11.583 11.383 11.174 10.957 10.732 10.822 11.025 11.212 11.384 11.540 11.680 11.804 11.912 12.005 12.081 12.142 12.187 11.864 11.425 10.994 10.568 10.149 9.735 9.328 8.928 8.533 8.145 7.763 7.388 7.306 7.322 7.353 7.399 7.459 7.580 7.747 7.923 8.107 8.300 8.501 8.711 8.370 7.887 7.406 6.926 6.448 5.972 5.496 5.023 4.550 4.080 3.610 3.142 3.079 3.112 3.154 3.205
9.262 9.718 10.153 10.570 10.966 11.344 11.702 12.040 12.359 12.355 12.184 12.004 11.817 11.621 11.416 11.204 10.983 10.754 10.517 10.271 10.017 9.999 10.131 10.248 10.349 10.434 10.504 10.558 10.595 10.618 10.624 10.614 10.589 10.315 9.905 9.501 9.103 8.712 8.327 7.948 7.575 7.275 7.020 6.765 6.511 6.524 6.687 6.858 7.038 7.226 7.423 7.629 7.842 8.065 8.296 8.535 8.783 8.538 8.062 7.587 7.114 6.642 6.172 5.703 5.236 4.770 4.305 3.843 3.381 3.293 3.366 3.447 3.538
9.405 9.792 10.160 10.508 10.837 11.146 11.436 11.706 11.957 11.966 11.766 11.557 11.341 11.116 10.883 10.641 10.392 10.134 9.867 9.593 9.310 9.194 9.256 9.303 9.334 9.348 9.348 9.331 9.298 9.250 9.186 9.106 9.099 8.987 8.733 8.478 8.224 7.969 7.715 7.460 7.205 6.950 6.694 6.439 6.183 6.169 6.370 6.579 6.797 7.023 7.258 7.501 7.753 8.014 8.282 8.560 8.846 8.705 8.235 7.767 7.300 6.835 6.371 5.908 5.447 4.988 4.530 4.073 3.618 3.498 3.610 3.732 3.861
9.566 9.885 10.185 10.465 10.726 10.967 11.189 11.391 11.574 11.585 11.356 11.119 10.873 10.620 10.358 10.087 9.809 9.522 9.227 8.923 8.612 8.409 8.401 8.453 8.525 8.588 8.642 8.687 8.723 8.749 8.766 8.773 8.771 8.668 8.413 8.158 7.903 7.647 7.392 7.136 6.881 6.625 6.369 6.113 5.856 5.805 6.044 6.291 6.547 6.811 7.084 7.365 7.655 7.953 8.260 8.576 8.899 8.870 8.407 7.945 7.484 7.025 6.568 6.112 5.657 5.204 4.752 4.302 3.853 3.694 3.846 4.006 4.176
9.745 9.996 10.228 10.440 10.633 10.806 10.960 11.094 11.209 11.212 10.955 10.689 10.414 10.132 9.841 9.556 9.330 9.115 8.912 8.720 8.539 8.418 8.468 8.508 8.540 8.561 8.574 8.577 8.571 8.556 8.531 8.497 8.454 8.349 8.094 7.838 7.582 7.326 7.070 6.814 6.557 6.301 6.044 5.787 5.530 5.432 5.709 5.994 6.288 6.590 6.901 7.221 7.548 7.885 8.229 8.583 8.944 9.033 8.576 8.121 7.667 7.214 6.763 6.313 5.865 5.419 4.973 4.529 4.087 3.881 4.072 4.272 4.481
9.942 10.125 10.288 10.433 10.558 10.663 10.749 10.816 10.864 10.860 10.605 10.362 10.130 9.909 9.700 9.503 9.316 9.141 8.978 8.826 8.685 8.568 8.576 8.575 8.564 8.545 8.516 8.478 8.430 8.373 8.307 8.232 8.148 8.031 7.775 7.519 7.262 7.006 6.749 6.492 6.235 5.977 5.720 5.463 5.205 5.051 5.366 5.689 6.021 6.361 6.710 7.067 7.433 7.807 8.190 8.581 8.980 9.195 8.745 8.295 7.848 7.402 6.957 6.514 6.072 5.631 5.192 4.755 4.319 4.059 4.289 4.529 4.777
10.156 10.250 10.307 10.360 10.406 10.448 10.484 10.515 10.540 10.558 10.343 10.139 9.947 9.766 9.597 9.439 9.293 9.157 9.034 8.921 8.821 8.728 8.694 8.651 8.599 8.538 8.468 8.388 8.300 8.202 8.094 7.978 7.852 7.714 7.457 7.200 6.943 6.686 6.428 6.170 5.913 5.655 5.397 5.138 4.880 4.661 5.014 5.375 5.745 6.123 6.509 6.905 7.308 7.720 8.141 8.570 9.007 9.355 8.911 8.468 8.027 7.587 7.149 6.712 6.277 5.843 5.410 4.979 4.549 4.228 4.497 4.776 5.063
10.018 10.062 10.101 10.135 10.163 10.186 10.203 10.216 10.223 10.224 10.070 9.906 9.754 9.613 9.483 9.365 9.259 9.163 9.079 9.007 8.946 8.893 8.822 8.738 8.645 8.542 8.431 8.310 8.180 8.040 7.892 7.734 7.566 7.390 7.140 6.882 6.624 6.366 6.108 5.850 5.591 5.333 5.074 4.815 4.556 4.297 4.653 5.052 5.460 5.876 6.301 6.734 7.175 7.625 8.083 8.550 9.026 9.509 9.076 8.640 8.205 7.771 7.339 6.909 6.480 6.052 5.626 5.201 4.798 4.459 4.810 5.165 5.523
9.854 9.880 9.900 9.915 9.925 9.929 9.928 9.922 9.910 9.893 9.787 9.663 9.551 9.450 9.360 9.281 9.214 9.159 9.115 9.082 9.060 9.048 8.960 8.835 8.701 8.557 8.404 8.242 8.070 7.890 7.699 7.500 7.292 7.074 6.823 6.565 6.306 6.048 5.789 5.530 5.271 5.011 4.752 4.492 4.233 3.973 4.284 4.721 5.167 5.621 6.083 6.554 7.033 7.521 8.017 8.522 9.035 9.556 9.239 8.798 8.357 7.931 7.522 7.128 6.749 6.387 6.041 5.710 5.395 5.097 5.419 5.789 6.163
9.695 9.702 9.704 9.701 9.692 9.678 9.658 9.633 9.603 9.567 9.494 9.410 9.337 9.276 9.226 9.187 9.160 9.144 9.140 9.146 9.165 9.192 9.109 8.943 8.767 8.582 8.388 8.184 7.971 7.749 7.518 7.277 7.028 6.769 6.508 6.248 5.989 5.730 5.470 5.211 4.951 4.691 4.431 4.170 3.910 3.649 3.907 4.381 4.865 5.356 5.873 6.401 6.917 7.423 7.918 8.401 8.874 9.335 9.135 8.748 8.376 8.021 7.682 7.358 7.050 6.758 6.482 6.221 5.977 5.748 6.023 6.409 6.798
9.542 9.530 9.514 9.492 9.464 9.431 9.393 9.350 9.301 9.247 9.192 9.147 9.114 9.092 9.082 9.083 9.095 9.119 9.154 9.201 9.259 9.326 9.268 9.061 8.843 8.617 8.382 8.137 7.883 7.619 7.347 7.065 6.774 6.474 6.192 5.933 5.673 5.413 5.152 4.892 4.631 4.396 4.195 4.007 3.833 3.672 3.925 4.448 4.960 5.461 5.951 6.429 6.897 7.354 7.800 8.235 8.658 9.071 8.997 8.681 8.380 8.095 7.825 7.572 7.334 7.112 6.906 6.716 6.542 6.383 6.623 7.025 7.429
9.394 9.364 9.328 9.288 9.242 9.190 9.134 9.072 9.005 8.932 8.879 8.874 8.881 8.899 8.928 8.969 9.021 9.084 9.159 9.245 9.342 9.449 9.438 9.189 8.930 8.663 8.386 8.100 7.805 7.500 7.187 6.864 6.523 6.180 5.883 5.649 5.427 5.219 5.024 4.842 4.674 4.518 4.376 4.247 4.132 4.029 4.210 4.684 5.147 5.599 6.040 6.470 6.889 7.297 7.694 8.080 8.455 8.819 8.844 8.598 8.367 8.152 7.953 7.770 7.602 7.450 7.314 7.194 7.090 7.001 7.219 7.636 8.056
9.251 9.202 9.148 9.089 9.025 8.955 8.880 8.799 8.714 8.623 8.556 8.591 8.637 8.695 8.764 8.844 8.936 9.039 9.153 9.279 9.416 9.562 9.617 9.265 8.873 8.491 8.120 7.761 7.412 7.075 6.748 6.433 6.129 5.835 5.580 5.405 5.242 5.092 4.956 4.833 4.723 4.627 4.543 4.473 4.416 4.372 4.505 4.931 5.345 5.748 6.140 6.521 6.892 7.251 7.599 7.936 8.262 8.578 8.675 8.499 8.338 8.193 8.064 7.951 7.854 7.772 7.706 7.656 7.622 7.603 7.810 8.242 8.678
9.113 9.046 8.973 8.896 8.813 8.724 8.631 8.532 8.428 8.318 8.223 8.298 8.384 8.481 8.589 8.703 8.733 8.756 8.773 8.782 8.783 8.792 8.771 8.417 8.073 7.741 7.419 7.109 6.810 6.522 6.244 5.978 5.723 5.479 5.263 5.146 5.042 4.952 4.874 4.810 4.759 4.721 4.696 4.684 4.686 4.700 4.812 5.189 5.554 5.908 6.252 6.584 6.906 7.216 7.516 7.804 8.082 8.348 8.490 8.384 8.293 8.219 8.160 8.116 8.089 8.077 8.081 8.101 8.137 8.188 8.396 8.845 9.296
8.980 8.895 8.804 8.708 8.606 8.499 8.387 8.270 8.139 7.965 7.792 7.829 7.863 7.891 7.911 7.923 7.929 7.927 7.919 7.903 7.879 7.863 7.855 7.557 7.263 6.980 6.707 6.446 6.196 5.957 5.729 5.512 5.306 5.111 4.932 4.874 4.829 4.797 4.778 4.772 4.779 4.800 4.834 4.881 4.941 5.014 5.130 5.458 5.775 6.080 6.375 6.659 6.931 7.193 7.444 7.684 7.913 8.131 8.289 8.253 8.232 8.228 8.239 8.265 8.308 8.366 8.440 8.530 8.636 8.757 8.979 9.442 9.910
8.853 8.729 8.553 8.378 8.203 8.029 7.856 7.683 7.511 7.340 7.169 7.157 7.166 7.169 7.164 7.152 7.133 7.106 7.072 7.031 6.983 6.942 6.909 6.686 6.441 6.207 5.984 5.772 5.571 5.381 5.202 5.034 4.877 4.731 4.596 4.588 4.601 4.628 4.667 4.720 4.786 4.865 4.958 5.063 5.182 5.314 5.459 5.738 6.006 6.263 6.509 6.744 6.968 7.182 7.384 7.575 7.755 7.924 8.072 8.106 8.155 8.221 8.302 8.398 8.511 8.639 8.783 8.942 9.118 9.309 9.557 10.036 10.519
8.260 8.086 7.912 7.739 7.567 7.395 7.224 7.054 6.884 6.715 6.547 6.493 6.477 6.455 6.425 6.388 6.344 6.292 6.234 6.168 6.095 6.029 5.970 5.804 5.608 5.423 5.249 5.086 4.934 4.793 4.664 4.545 4.437 4.340 4.254 4.287 4.359 4.444 4.543 4.654 4.779 4.916 5.067 5.231 5.409 5.599 5.802 6.030 6.249 6.458 6.655 6.841 7.017 7.181 7.335 7.477 7.609 7.730 7.839 7.943 8.063 8.198 8.348 8.515 8.697 8.895 9.109 9.338 9.584 9.816 10.008 10.456 10.941
7.615 7.443 7.271 7.101 6.931 6.761 6.593 6.425 6.257 6.090 5.924 5.836 5.795 5.748 5.693 5.631 5.562 5.486 5.403 5.312 5.214 5.123 5.039 4.911 4.764 4.628 4.503 4.389 4.286 4.195 4.114 4.044 3.985 3.937 3.901 3.973 4.104 4.247 4.404 4.574 4.757 4.953 5.163 5.385 5.621 5.870 6.131 6.333 6.503 6.663 6.812 6.950 7.077 7.192 7.297 7.391 7.474 7.547 7.608 7.764 7.998 8.284 8.547 8.787 9.004 9.198 9.369 9.517 9.641 9.742 9.821 10.396 11.043
6.969 6.800 6.631 6.463 6.295 6.128 5.961 5.796 5.630 5.466 5.302 5.186 5.121 5.049 4.969 4.882 4.788 4.687 4.579 4.464 4.341 4.225 4.116 4.006 3.909 3.822 3.746 3.681 3.627 3.584 3.553 3.532 3.522 3.523 3.535 3.645 3.834 4.036 4.251 4.480 4.721 4.976 5.243 5.524 5.819 6.126 6.446 6.647 6.769 6.880 6.980 7.070 7.178 7.315 7.479 7.672 7.892 8.141 8.418 8.663 8.870 9.053 9.214 9.352 9.466 9.558 9.626 9.671 9.693 9.692 9.668 10.300 11.108
6.325 6.157 5.991 5.825 5.659 5.495 5.330 5.167 5.004 4.842 4.680 4.544 4.454 4.357 4.253 4.141 4.022 3.896 3.763 3.623 3.475 3.334 3.200 3.091 3.042 3.004 2.977 2.962 2.957 2.963 2.980 3.008 3.047 3.097 3.159 3.303 3.550 3.811 4.084 4.371 4.671 4.984 5.304 5.606 5.888 6.151 6.394 6.554 6.674 6.823 6.999 7.204 7.437 7.698 7.987 8.304 8.649 9.022 9.424 9.659 9.764 9.845 9.904 9.939 9.951 9.940 9.906 9.849 9.769 9.665 9.539 10.167 11.137
5.680 5.515 5.351 5.187 5.024 4.862 4.700 4.538 4.378 4.218 4.059 3.910 3.795 3.673 3.543 3.407 3.263 3.113 2.955 2.790 2.617 2.451 2.292 2.164 2.164 2.175 2.197 2.231 2.275 2.330 2.396 2.473 2.561 2.702 2.919 3.189 3.541 3.873 4.186 4.479 4.753 5.007 5.241 5.456 5.652 5.827 5.983 6.159 6.404 6.677 6.979 7.308 7.665 8.051 8.464 8.906 9.376 9.873 10.399 10.679 10.681 10.660 10.616 10.549 10.458 10.345 10.209 10.050 9.867 9.662 9.433 9.998 11.130
5.036 4.873 4.711 4.550 4.389 4.229 4.069 3.910 3.752 3.594 3.437 3.283 3.143 2.996 2.842 2.681 2.512 2.337 2.154 1.964 1.767 1.576 1.392 1.226 1.322 1.500 1.687 1.882 2.086 2.298 2.519 2.749 2.987 3.234 3.489 3.755 4.020 4.265 4.491 4.698 4.885 5.052 5.199 5.327 5.436 5.525 5.594 5.735 6.105 6.503 6.928 7.382 7.864 8.374 8.912 9.478 10.072 10.694 11.345 11.720 11.620 11.497 11.350 11.181 10.989 10.773 10.535 10.273 9.988 9.681 9.350 9.793 11.086
4.392 4.232 4.072 3.913 3.754 3.596 3.439 3.283 3.127 2.971 2.817 2.662 2.498 2.327 2.148 1.962 1.784 1.710 1.638 1.568 1.501 1.434 1.366 1.300 1.501 1.717 1.942 2.176 2.417 2.668 2.927 3.194 3.471 3.755 4.049 4.341 4.520 4.678 4.818 4.937 5.037 5.118 5.178 5.220 5.241 5.244 5.226 5.282 5.776 6.298 6.849 7.427 8.033 8.668 9.330 10.020 10.739 11.485 12.260 12.784 12.581 12.356 12.107 11.836 11.541 11.224 10.883 10.519 10.133 9.723 9.290 9.552 11.006
3.749 3.590 3.433 3.276 3.120 2.964 2.809 2.655 2.501 2.368 2.311 2.257 2.184 2.108 2.035 1.964 1.895 1.829 1.765 1.704 1.645 1.586 1.527 1.469 1.671 1.925 2.188 2.459 2.739 3.027 3.324 3.630 3.944 4.267 4.598 4.938 5.040 5.112 5.164 5.197 5.211 5.204 5.178 5.133 5.068 4.983 4.879 4.800 5.418 6.065 6.740 7.442 8.173 8.931 9.718 10.533 11.375 12.246 13.145 13.870 13.565 13.238 12.887 12.513 12.117 11.697 11.254 10.789 10.300 9.788 9.254 9.275 10.890
3.105 2.949 2.819 2.749 2.682 2.620 2.561 2.505 2.453 2.405 2.360 2.319 2.259 2.192 2.127 2.064 2.004 1.946 1.890 1.837 1.787 1.736 1.685 1.636 1.830 2.122 2.423 2.733 3.050 3.377 3.712 4.055 4.408 4.768 5.137 5.515 5.581 5.566 5.532 5.478 5.405 5.312 5.199 5.067 4.916 4.745 4.554 4.344 5.031 5.802 6.601 7.428 8.283 9.165 10.076 11.015 11.982 12.977 14.000 14.978 14.572 14.142 13.689 13.214 12.715 12.193 11.649 11.081 10.490 9.877 9.240 8.962 10.738
2.890 2.826 2.765 2.707 2.653 2.603 2.557 2.513 2.474 2.438 2.406 2.377 2.332 2.273 2.216 2.162 2.110 2.060 2.013 1.969 1.926 1.884 1.842 1.801 1.980 2.310 2.649 2.996 3.352 3.716 4.089 4.471 4.861 5.259 5.667 6.082 6.143 6.041 5.920 5.780 5.620 5.440 5.241 5.023 4.784 4.527 4.250 3.953 4.615 5.510 6.433 7.384 8.363 9.370 10.405 11.468 12.559 13.678 14.824 15.999 15.600 15.068 14.514 13.936 13.336 12.712 12.065 11.396 10.703 9.988 9.249 8.696 10.771
2.808 2.756 2.707 2.663 2.621 2.583 2.549 2.519 2.492 2.468 2.448 2.432 2.402 2.351 2.303 2.257 2.214 2.172 2.134 2.097 2.063 2.030 1.996 1.964 2.120 2.488 2.865 3.250 3.644 4.046 4.457 4.876 5.304 5.741 6.186 6.639 6.725 6.537 6.330 6.102 5.856 5.590 5.304 4.999 4.674 4.330 3.966 3.583 4.169 5.189 6.236 7.311 8.414 9.545 10.704 11.891 13.106 14.348 15.619 16.918 16.651 16.017 15.492 15.177 14.801 14.365 13.869 13.312 12.695 12.018 11.280 10.483 12.039
2.723 2.683 2.647 2.614 2.586 2.560 2.539 2.520 2.506 2.495 2.488 2.484 2.470 2.428 2.388 2.350 2.315 2.282 2.252 2.224 2.198 2.173 2.147 2.124 2.250 2.656 3.071 3.494 3.925 4.366 4.814 5.272 5.737 6.212 6.695 7.186 7.328 7.053 6.759 6.446 6.113 5.760 5.388 4.996 4.585 4.155 3.705 3.235 3.695 4.838 6.009 7.208 8.435 9.799 11.466 13.183 14.952 16.771 18.642 20.563 20.848 20.386 19.863 19.281 18.638 17.935 17.171 16.348 15.464 14.520 13.515 12.451 13.384
2.634 2.607 2.583 2.563 2.547 2.534 2.525 2.519 2.517 2.518 2.524 2.532 2.536 2.502 2.470 2.441 2.414 2.390 2.368 2.348 2.331 2.314 2.297 2.281 2.370 2.814 3.266 3.728 4.197 4.675 5.162 5.657 6.161 6.673 7.193 7.723 7.951 7.590 7.210 6.810 6.390 5.951 5.493 5.015 4.568 4.286 4.045 3.846 4.509 6.147 7.835 9.574 11.364 13.205 15.097 17.040 19.034 21.078 23.174 25.321 25.809 25.080 24.290 23.441 22.531 21.561 20.531 19.440 18.289 17.079 15.807 14.476 14.806
