DATA/SHG/ECMWF/20170628/EN-23/20170628.en-23.asc
ncols        190
nrows        64
xllcorner    -5100000.000000000000
yllcorner    4130000.000000000000
cellsize     10000.000000000000
NODATA_value  -99999.000
[rows 0 to 32 of 64, columns 73 to 145 of 190]
6.131 6.211 6.280 6.337 6.383 6.417 6.439 6.450 6.543 6.917 7.330 7.744 8.160 8.577 8.996 9.415 9.837 10.259 10.683 11.108 11.443 11.459 11.457 11.443 11.417 11.381 11.334 11.275 11.206 11.125 11.033 10.930 10.823 10.721 10.602 10.466 10.312 10.140 9.952 9.745 9.521 9.280 9.021 8.745 8.411 7.961 7.535 7.133 6.755 6.402 6.072 5.766 5.484 5.227 4.993 4.783 4.632 4.593 4.559 4.529 4.505 4.486 4.472 4.462 4.458 4.458 4.464 4.474 4.448 4.306 4.159 4.009 3.854
6.137 6.177 6.302 6.437 6.555 6.655 6.737 6.803 6.917 7.333 7.751 8.170 8.590 9.012 9.435 9.860 10.286 10.713 11.142 11.572 11.956 11.922 11.869 11.805 11.730 11.644 11.547 11.439 11.320 11.189 11.048 10.895 10.731 10.551 10.354 10.139 9.907 9.658 9.391 9.106 8.805 8.485 8.148 7.794 7.425 7.083 6.764 6.470 6.199 5.953 5.730 5.532 5.358 5.207 5.081 4.979 4.907 4.890 4.878 4.871 4.868 4.871 4.879 4.891 4.909 4.931 4.959 4.991 4.998 4.837 4.672 4.502 4.329
6.925 7.034 7.125 7.199 7.255 7.294 7.315 7.319 7.326 7.747 8.170 8.594 9.019 9.445 9.873 10.303 10.733 11.165 11.598 12.033 12.469 12.396 12.294 12.180 12.056 11.920 11.773 11.615 11.446 11.265 11.074 10.872 10.658 10.400 10.125 9.833 9.522 9.195 8.850 8.487 8.108 7.710 7.296 6.863 6.416 6.180 5.969 5.782 5.619 5.480 5.364 5.273 5.206 5.163 5.144 5.149 5.176 5.181 5.191 5.206 5.226 5.250 5.280 5.315 5.354 5.399 5.448 5.502 5.550 5.381 5.225 5.083 4.954
7.887 7.934 7.964 7.976 7.971 7.948 7.908 7.850 7.775 8.159 8.587 9.015 9.445 9.876 10.309 10.743 11.178 11.615 12.053 12.493 12.933 12.883 12.731 12.567 12.393 12.207 12.010 11.803 11.584 11.354 11.113 10.861 10.597 10.269 9.916 9.545 9.157 8.752 8.329 7.888 7.431 6.955 6.463 5.953 5.425 5.254 5.150 5.070 5.014 4.982 4.974 4.990 5.030 5.094 5.181 5.293 5.429 5.467 5.499 5.541 5.589 5.640 5.693 5.749 5.806 5.866 5.929 5.993 6.060 5.964 5.869 5.787 5.719
8.863 8.849 8.818 8.768 8.702 8.618 8.516 8.397 8.261 8.569 9.001 9.435 9.870 10.306 10.743 11.182 11.622 12.063 12.506 12.950 13.396 13.381 13.179 12.966 12.742 12.506 12.260 12.003 11.734 11.455 11.164 10.862 10.549 10.157 9.726 9.278 8.812 8.328 7.827 7.309 6.773 6.220 5.650 5.062 4.457 4.303 4.306 4.333 4.384 4.459 4.621 4.832 5.035 5.230 5.415 5.593 5.762 5.837 5.891 5.947 6.006 6.067 6.130 6.195 6.263 6.333 6.405 6.480 6.556 6.532 6.498 6.477 6.469
9.855 9.779 9.686 9.576 9.448 9.303 9.140 8.960 8.762 8.978 9.414 9.853 10.292 10.733 11.175 11.618 12.063 12.509 12.957 13.406 13.856 13.891 13.640 13.377 13.103 12.818 12.522 12.215 11.897 11.567 11.227 10.876 10.513 10.065 9.556 9.029 8.486 7.924 7.346 6.750 6.136 5.591 5.116 4.663 4.229 4.230 4.446 4.653 4.852 5.043 5.225 5.398 5.563 5.719 5.867 6.007 6.138 6.220 6.284 6.351 6.419 6.490 6.564 6.639 6.717 6.797 6.879 6.963 7.050 7.086 7.112 7.152 7.205
10.862 10.725 10.570 10.399 10.209 10.003 9.779 9.537 9.278 9.384 9.825 10.268 10.712 11.158 11.605 12.053 12.503 12.953 13.406 13.859 14.314 14.413 14.112 13.799 13.476 13.141 12.796 12.439 12.071 11.693 11.303 10.902 10.472 9.974 9.426 8.899 8.393 7.907 7.442 6.997 6.573 6.170 5.787 5.425 5.083 5.031 5.209 5.379 5.540 5.692 5.836 5.972 6.099 6.217 6.327 6.429 6.522 6.601 6.675 6.752 6.830 6.911 6.994 7.080 7.167 7.257 7.349 7.444 7.541 7.625 7.712 7.812 7.926
11.883 11.685 11.470 11.237 10.986 10.718 10.433 10.130 9.810 9.788 10.235 10.682 11.131 11.581 12.033 12.486 12.940 13.396 13.853 14.311 14.771 14.947 14.596 14.134 13.641 13.163 12.698 12.247 11.810 11.388 10.979 10.584 10.203 9.795 9.340 8.904 8.490 8.096 7.723 7.370 7.038 6.726 6.435 6.164 5.915 5.840 5.980 6.112 6.235 6.349 6.456 6.553 6.643 6.723 6.796 6.859 6.915 6.979 7.063 7.149 7.238 7.329 7.422 7.518 7.615 7.715 7.817 7.922 8.028 8.151 8.298 8.459 8.633
12.920 12.660 12.384 12.089 11.778 11.449 11.102 10.739 10.357 10.191 10.642 11.094 11.548 12.003 12.459 12.885 13.180 13.452 13.703 13.933 14.141 14.191 13.732 13.288 12.858 12.442 12.039 11.651 11.277 10.917 10.570 10.238 9.920 9.595 9.231 8.887 8.565 8.262 7.981 7.720 7.479 7.259 7.060 6.881 6.723 6.657 6.759 6.853 6.938 7.015 7.083 7.143 7.194 7.237 7.272 7.298 7.316 7.354 7.448 7.544 7.643 7.744 7.847 7.952 8.060 8.170 8.282 8.396 8.513 8.661 8.869 9.090 9.325
13.971 13.651 13.313 12.958 12.585 12.195 11.787 11.362 10.891 10.485 10.833 11.160 11.465 11.749 12.011 12.252 12.471 12.668 12.844 12.999 13.132 13.205 12.810 12.428 12.060 11.706 11.366 11.041 10.729 10.431 10.147 9.877 9.621 9.372 9.100 8.848 8.617 8.406 8.216 8.047 7.898 7.770 7.662 7.574 7.508 7.481 7.546 7.601 7.649 7.688 7.719 7.741 7.754 7.760 7.756 7.745 7.724 7.726 7.830 7.936 8.045 8.156 8.269 8.384 8.502 8.622 8.744 8.868 8.995 9.158 9.426 9.708 10.003
15.038 14.575 14.011 13.456 12.910 12.373 11.844 11.325 10.814 10.322 10.595 10.847 11.077 11.286 11.473 11.638 11.783 11.905 12.006 12.086 12.143 12.196 11.872 11.553 11.248 10.956 10.679 10.415 10.166 9.930 9.709 9.501 9.307 9.127 8.947 8.786 8.647 8.528 8.429 8.351 8.294 8.257 8.241 8.245 8.270 8.313 8.340 8.358 8.368 8.369 8.362 8.346 8.322 8.290 8.249 8.199 8.142 8.095 8.209 8.326 8.444 8.565 8.688 8.813 8.941 9.071 9.203 9.337 9.474 9.640 9.969 10.311 10.666
14.816 14.274 13.741 13.217 12.702 12.195 11.698 11.209 10.729 10.258 10.377 10.554 10.709 10.843 10.955 11.046 11.115 11.162 11.188 11.193 11.176 11.153 10.921 10.664 10.421 10.192 9.977 9.776 9.588 9.415 9.256 9.110 8.979 8.861 8.771 8.703 8.654 8.627 8.620 8.633 8.667 8.722 8.797 8.893 9.009 9.145 9.142 9.123 9.095 9.058 9.014 8.960 8.898 8.828 8.750 8.662 8.567 8.463 8.586 8.712 8.841 8.971 9.104 9.240 9.377 9.517 9.659 9.803 9.905 9.966 10.309 10.706 11.158
14.477 13.966 13.464 12.971 12.486 12.010 11.543 11.085 10.636 10.196 10.179 10.281 10.361 10.420 10.457 10.473 10.467 10.440 10.391 10.321 10.229 10.131 9.955 9.760 9.580 9.413 9.260 9.121 8.996 8.885 8.788 8.705 8.635 8.580 8.573 8.596 8.640 8.704 8.788 8.893 9.018 9.164 9.330 9.517 9.725 9.953 9.953 9.895 9.830 9.756 9.673 9.582 9.483 9.375 9.258 9.134 9.000 8.859 8.959 9.062 9.124 9.184 9.241 9.295 9.347 9.395 9.440 9.483 9.523 9.560 10.110 10.751 11.447
14.131 13.650 13.179 12.716 12.262 11.817 11.381 10.954 10.535 10.125 10.001 10.028 10.034 10.017 9.980 9.920 9.840 9.738 9.614 9.469 9.303 9.129 8.975 8.842 8.724 8.619 8.529 8.452 8.389 8.340 8.305 8.284 8.277 8.284 8.354 8.468 8.603 8.758 8.933 9.130 9.346 9.584 9.841 10.119 10.418 10.737 10.771 10.676 10.572 10.461 10.285 10.053 9.824 9.601 9.381 9.166 8.956 8.750 8.745 8.797 8.847 8.895 8.939 8.980 9.019 9.054 9.087 9.117 9.144 9.168 9.857 10.742 11.681
13.776 13.327 12.886 12.454 12.031 11.617 11.211 10.814 10.427 10.047 9.844 9.795 9.726 9.635 9.522 9.388 9.233 9.056 8.858 8.638 8.397 8.149 7.980 7.910 7.854 7.811 7.783 7.768 7.768 7.781 7.808 7.849 7.904 7.973 8.112 8.317 8.543 8.790 9.057 9.344 9.652 9.929 10.161 10.395 10.631 10.869 10.827 10.597 10.370 10.149 9.931 9.718 9.510 9.305 9.106 8.910 8.719 8.533 8.496 8.537 8.574 8.608 8.640 8.668 8.694 8.717 8.737 8.754 8.768 8.780 9.550 10.678 11.860
13.414 12.996 12.585 12.184 11.792 11.408 11.033 10.667 10.310 9.962 9.705 9.583 9.438 9.272 9.085 8.876 8.646 8.395 8.122 7.827 7.511 7.188 6.972 6.964 6.969 6.989 7.023 7.070 7.132 7.207 7.296 7.399 7.511 7.611 7.757 7.985 8.215 8.446 8.680 8.915 9.152 9.391 9.631 9.873 10.117 10.363 10.391 10.180 9.973 9.771 9.573 9.380 9.191 9.006 8.826 8.650 8.478 8.311 8.252 8.279 8.303 8.325 8.344 8.360 8.373 8.383 8.390 8.395 8.396 8.395 9.189 10.560 11.985
13.045 12.657 12.277 11.907 11.545 11.192 10.848 10.512 10.186 9.868 9.587 9.390 9.171 8.930 8.668 8.385 8.080 7.754 7.406 7.037 6.647 6.248 5.949 6.068 6.230 6.378 6.513 6.634 6.741 6.835 6.915 6.982 7.034 7.074 7.162 7.398 7.636 7.875 8.117 8.360 8.605 8.851 9.100 9.350 9.602 9.856 9.950 9.759 9.572 9.389 9.211 9.037 8.867 8.702 8.542 8.385 8.234 8.086 8.010 8.025 8.036 8.045 8.051 8.055 8.055 8.052 8.047 8.039 8.027 8.013 8.773 10.387 12.055
12.668 12.310 11.961 11.621 11.290 10.968 10.654 10.349 10.053 9.766 9.489 9.217 8.923 8.608 8.271 7.917 7.606 7.308 7.023 6.751 6.492 6.243 6.038 6.153 6.254 6.342 6.416 6.476 6.523 6.556 6.575 6.581 6.573 6.552 6.565 6.809 7.055 7.303 7.552 7.803 8.056 8.311 8.567 8.825 9.085 9.347 9.506 9.334 9.166 9.003 8.844 8.690 8.540 8.395 8.253 8.117 7.984 7.856 7.772 7.774 7.773 7.769 7.762 7.753 7.740 7.725 7.707 7.686 7.662 7.635 8.304 10.160 12.071
12.283 11.956 11.638 11.328 11.028 10.736 10.453 10.179 9.906 9.611 9.327 8.998 8.680 8.376 8.084 7.805 7.539 7.286 7.046 6.819 6.605 6.401 6.205 6.254 6.294 6.321 6.334 6.334 6.320 6.292 6.251 6.196 6.128 6.046 5.967 6.219 6.473 6.729 6.986 7.245 7.506 7.769 8.034 8.300 8.568 8.837 9.057 8.905 8.757 8.613 8.474 8.339 8.209 8.083 7.961 7.844 7.731 7.623 7.537 7.526 7.512 7.496 7.476 7.454 7.429 7.401 7.370 7.337 7.300 7.261 7.780 9.879 12.032
11.890 11.580 11.243 10.918 10.604 10.303 10.013 9.735 9.469 9.214 8.972 8.694 8.422 8.162 7.915 7.682 7.461 7.253 7.058 6.875 6.706 6.547 6.397 6.369 6.349 6.315 6.268 6.207 6.133 6.044 5.943 5.827 5.698 5.555 5.399 5.629 5.890 6.154 6.419 6.687 6.955 7.226 7.499 7.773 8.049 8.326 8.605 8.472 8.343 8.219 8.100 7.984 7.873 7.767 7.665 7.567 7.474 7.385 7.305 7.281 7.255 7.226 7.194 7.159 7.121 7.081 7.037 6.991 6.941 6.889 7.203 9.544 11.939
11.152 10.845 10.549 10.265 9.993 9.732 9.483 9.246 9.021 8.808 8.606 8.380 8.152 7.938 7.736 7.547 7.371 7.208 7.057 6.920 6.796 6.682 6.577 6.500 6.419 6.325 6.217 6.096 5.961 5.812 5.649 5.473 5.284 5.081 4.864 5.036 5.306 5.578 5.851 6.126 6.403 6.682 6.962 7.245 7.529 7.814 8.102 8.035 7.926 7.821 7.721 7.625 7.534 7.447 7.364 7.286 7.212 7.142 7.077 7.040 7.001 6.959 6.915 6.867 6.817 6.763 6.707 6.648 6.586 6.597 6.816 9.458 12.062
10.367 10.100 9.845 9.602 9.371 9.152 8.944 8.748 8.564 8.391 8.230 8.054 7.871 7.701 7.544 7.400 7.269 7.151 7.046 6.953 6.874 6.805 6.745 6.646 6.505 6.350 6.182 6.000 5.804 5.595 5.372 5.135 4.885 4.622 4.344 4.443 4.721 5.001 5.282 5.565 5.850 6.137 6.425 6.715 7.007 7.301 7.596 7.593 7.504 7.419 7.338 7.262 7.190 7.122 7.059 7.001 6.946 6.896 6.850 6.802 6.841 7.004 7.153 7.289 7.413 7.524 7.622 7.707 7.779 7.838 7.885 10.197 12.633
9.571 9.345 9.132 8.930 8.739 8.561 8.394 8.239 8.096 7.964 7.844 7.717 7.579 7.454 7.342 7.243 7.156 7.083 7.022 6.975 6.940 6.916 6.902 6.807 6.606 6.390 6.161 5.919 5.663 5.393 5.110 4.813 4.502 4.178 3.840 3.849 4.134 4.422 4.711 5.002 5.295 5.590 5.886 6.184 6.484 6.786 7.089 7.148 7.078 7.013 6.951 6.933 7.005 7.119 7.273 7.469 7.706 7.984 8.304 8.490 8.608 8.713 8.805 8.884 8.951 9.004 9.045 9.073 9.088 9.091 9.080 10.972 13.240
8.765 8.581 8.408 8.247 8.097 7.960 7.834 7.720 7.618 7.527 7.448 7.368 7.275 7.195 7.128 7.073 7.032 7.003 6.987 6.985 6.995 7.016 7.047 6.984 6.721 6.446 6.156 5.853 5.537 5.206 4.863 4.505 4.135 3.750 3.352 3.253 3.547 3.842 4.140 4.439 4.739 5.042 5.372 5.727 6.061 6.373 6.663 6.823 6.913 7.044 7.216 7.430 7.685 7.981 8.318 8.697 9.116 9.577 10.079 10.324 10.385 10.432 10.468 10.490 10.499 10.496 10.480 10.451 10.409 10.354 10.287 11.783 13.883
7.950 7.806 7.674 7.554 7.446 7.349 7.264 7.191 7.129 7.079 7.041 7.008 6.960 6.925 6.902 6.893 6.896 6.912 6.941 6.983 7.038 7.104 7.180 7.175 6.852 6.516 6.166 5.803 5.426 5.035 4.631 4.214 3.783 3.386 3.076 3.013 3.425 3.815 4.183 4.529 4.853 5.156 5.436 5.695 5.932 6.147 6.341 6.545 6.818 7.131 7.487 7.883 8.320 8.799 9.319 9.880 10.482 11.125 11.809 12.169 12.172 12.163 12.141 12.106 12.059 11.999 11.925 11.839 11.740 11.629 11.504 12.630 14.562
7.124 7.021 6.931 6.851 6.784 6.728 6.684 6.652 6.631 6.622 6.625 6.637 6.634 6.643 6.665 6.700 6.748 6.809 6.883 6.970 7.069 7.180 7.302 7.381 6.986 6.581 6.196 5.833 5.490 5.168 4.867 4.587 4.328 4.090 3.873 3.779 4.094 4.387 4.658 4.907 5.135 5.340 5.524 5.686 5.827 5.945 6.042 6.223 6.679 7.175 7.713 8.292 8.912 9.573 10.275 11.018 11.803 12.629 13.495 14.024 13.971 13.905 13.826 13.734 13.629 13.512 13.382 13.239 13.083 12.915 12.733 13.514 15.278
6.289 6.227 6.177 6.139 6.112 6.097 6.094 6.102 6.122 6.154 6.198 6.253 6.296 6.350 6.417 6.497 6.587 6.663 6.739 6.817 6.895 6.978 7.067 7.157 6.834 6.521 6.229 5.958 5.708 5.479 5.271 5.083 4.917 4.771 4.646 4.567 4.785 4.981 5.156 5.308 5.439 5.548 5.635 5.701 5.744 5.766 5.766 5.859 6.497 7.176 7.896 8.657 9.459 10.303 11.187 12.113 13.080 14.088 15.136 15.890 15.780 15.657 15.521 15.372 15.211 15.037 14.850 14.650 14.437 14.211 13.973 14.434 16.031
5.443 5.423 5.413 5.416 5.430 5.456 5.493 5.543 5.604 5.686 5.794 5.880 5.955 6.031 6.107 6.184 6.262 6.340 6.419 6.499 6.579 6.665 6.757 6.849 6.659 6.439 6.239 6.061 5.903 5.767 5.651 5.556 5.481 5.428 5.396 5.384 5.499 5.599 5.677 5.733 5.767 5.779 5.770 5.739 5.686 5.611 5.514 5.451 6.271 7.133 8.035 8.979 9.963 10.989 12.055 13.163 14.312 15.502 16.733 17.768 17.600 17.420 17.227 17.022 16.803 16.572 16.328 16.071 15.802 15.520 15.224 15.390 16.819
4.588 4.608 4.688 4.874 5.037 5.179 5.298 5.396 5.472 5.526 5.559 5.569 5.621 5.699 5.778 5.857 5.937 6.018 6.099 6.181 6.264 6.352 6.446 6.540 6.460 6.333 6.226 6.140 6.075 6.030 6.007 6.004 6.022 6.061 6.121 6.202 6.236 6.239 6.220 6.180 6.117 6.033 5.927 5.800 5.650 5.479 5.286 5.071 6.003 7.046 8.131 9.256 10.423 11.631 12.880 14.169 15.500 16.872 18.285 19.655 19.431 19.194 18.945 18.682 18.407 18.119 17.818 17.504 17.178 16.839 16.487 16.382 17.644
4.797 4.950 5.081 5.190 5.278 5.343 5.387 5.409 5.409 5.387 5.344 5.278 5.286 5.367 5.448 5.530 5.612 5.695 5.779 5.863 5.948 6.039 6.135 6.232 6.239 6.204 6.189 6.196 6.223 6.271 6.340 6.429 6.540 6.671 6.823 6.996 6.996 6.903 6.787 6.650 6.491 6.310 6.108 5.884 5.638 5.370 5.081 4.769 5.691 6.917 8.183 9.491 10.839 12.229 13.660 15.131 16.644 18.198 19.793 21.428 21.273 20.979 20.673 20.353 20.021 19.676 19.319 18.948 18.565 18.169 17.761 17.378 18.392
5.362 5.439 5.494 5.527 5.539 5.528 5.496 5.442 5.366 5.269 5.149 5.008 4.952 5.035 5.118 5.202 5.287 5.372 5.458 5.545 5.632 5.725 5.824 5.923 5.995 6.052 6.130 6.228 6.348 6.488 6.649 6.831 7.034 7.257 7.501 7.767 7.779 7.589 7.377 7.143 6.888 6.611 6.312 5.991 5.649 5.285 4.899 4.491 5.336 6.744 8.192 9.682 11.212 12.783 14.396 16.049 17.744 19.479 21.256 23.073 23.125 22.775 22.397 21.973 21.527 21.058 20.568 20.055 19.521 18.964 18.385 17.784 18.559
5.946 5.947 5.926 5.884 5.819 5.733 5.625 5.495 5.344 5.170 4.975 4.758 4.617 4.702 4.788 4.874 4.961 5.049 5.137 5.227 5.316 5.412 5.512 5.614 5.727 5.877 6.047 6.238 6.449 6.682 6.935 7.209 7.504 7.820 8.156 8.513 8.584 8.298 7.989 7.659 7.307 6.934 6.539 6.122 5.683 5.223 4.741 4.237 4.938 6.527 8.158 9.829 11.541 13.356 15.310 17.230 19.115 20.965 22.781 24.562 24.754 24.276 23.776 23.254 22.710 22.144 21.555 20.945 20.313 19.658 18.982 18.284 18.757
6.550 6.475 6.379 6.260 6.120 5.958 5.774 5.569 5.341 5.092 4.821 4.528 4.282 4.370 4.458 4.546 4.636 4.726 4.817 4.908 5.000 5.098 5.201 5.304 5.437 5.678 5.941 6.224 6.527 6.852 7.197 7.564 7.951 8.358 8.787 9.236 9.412 9.029 8.625 8.198 7.750 7.280 6.789 6.276 5.814 5.589 5.420 5.308 6.211 8.185 10.125 12.030 13.901 15.737 17.538 19.305 21.037 22.734 24.397 26.025 26.349 25.773 25.176 24.556 23.914 23.250 22.564 21.856 21.126 20.374 19.600 18.804 18.987
