DATA/SHG/ECMWF/20170628/EN-23/20170708.en-23.asc
ncols        190
nrows        64
xllcorner    -5100000.000000000000
yllcorner    4130000.000000000000
cellsize     10000.000000000000
NODATA_value  -99999.000
[rows 32 to 63 of 64, columns 74 to 147 of 190]
7.960 7.980 7.980 7.961 7.924 7.868 7.793 7.699 7.587 7.455 7.305 7.083 6.600 6.139 5.698 5.278 4.879 4.502 4.145 3.809 3.501 3.217 2.950 2.868 3.381 3.913 4.466 5.038 5.630 6.241 6.872 7.523 8.193 8.884 9.593 9.906 9.414 8.873 8.285 7.650 6.967 6.237 5.459 4.803 4.579 4.307 3.989 4.296 5.317 6.292 7.222 8.107 8.946 9.740 10.488 11.191 11.849 12.461 13.027 13.504 13.900 14.244 14.537 14.778 14.968 15.106 15.193 15.227 15.211 15.143 15.023 15.553 16.315 17.030
7.513 7.467 7.402 7.318 7.216 7.094 6.954 6.795 6.618 6.421 6.206 5.965 5.555 5.166 4.798 4.452 4.126 3.821 3.537 3.275 3.040 2.829 2.636 2.536 3.136 3.756 4.396 5.055 5.734 6.433 7.151 7.889 8.647 9.425 10.369 11.496 11.440 11.337 11.186 10.988 10.743 10.451 10.111 9.724 9.290 8.808 8.279 8.211 9.030 9.805 10.534 11.218 11.856 12.449 12.996 13.498 13.955 14.366 14.732 15.003 15.171 15.288 15.353 15.366 15.328 15.238 15.097 14.905 14.660 14.365 14.017 14.221 14.772 15.276
7.084 6.973 6.843 6.694 6.526 6.339 6.134 5.910 5.667 5.405 5.125 4.825 4.492 4.176 3.881 3.607 3.354 3.123 2.912 2.722 2.560 2.423 2.303 2.200 2.869 3.674 4.890 6.162 7.490 8.873 10.313 11.808 13.360 14.967 16.630 18.141 17.875 17.562 17.201 16.793 16.338 15.836 15.286 14.689 14.045 13.354 12.615 12.168 12.787 13.361 13.889 14.372 14.809 15.201 15.548 15.849 16.105 16.315 16.480 16.553 16.493 16.382 16.220 16.005 15.740 15.423 15.054 14.634 14.162 13.639 13.064 12.937 13.278 13.571
6.673 6.497 6.301 6.087 5.854 5.603 5.332 5.043 4.735 4.408 4.063 3.698 3.411 3.168 2.946 2.745 2.565 2.585 2.919 3.306 3.701 4.094 4.530 5.007 6.236 7.643 9.106 10.625 12.200 13.831 15.518 17.260 19.058 20.913 22.823 24.789 24.353 23.830 23.259 22.642 21.977 21.264 20.505 19.699 18.845 17.944 16.995 16.169 16.587 16.960 17.287 17.569 17.806 17.997 18.143 18.244 18.299 18.309 18.274 18.154 17.866 17.528 17.138 16.696 16.203 15.658 15.062 14.415 13.716 12.965 12.163 11.703 11.833 11.915
6.281 6.039 5.778 5.499 5.201 4.884 4.549 4.195 3.822 3.430 3.180 3.108 3.216 3.468 3.773 4.132 4.543 5.007 5.524 6.094 6.673 7.252 7.872 8.535 9.890 11.545 13.255 15.021 16.843 18.720 20.654 22.643 24.688 26.789 28.946 31.159 30.874 30.141 29.361 28.534 27.659 26.737 25.768 24.752 23.689 22.578 21.421 20.216 20.430 20.602 20.729 20.810 20.846 20.837 20.782 20.682 20.537 20.347 20.111 19.805 19.290 18.724 18.107 17.438 16.717 15.946 15.122 14.248 13.322 12.344 11.315 10.518 10.437 10.308
5.906 5.599 5.274 5.093 5.048 4.996 4.936 4.868 4.792 4.708 4.616 4.516 4.671 5.106 5.595 6.136 6.730 7.378 8.078 8.831 9.594 10.358 11.164 12.011 13.477 15.378 17.336 19.348 21.417 23.541 25.722 27.958 30.249 32.597 35.001 37.460 37.439 36.497 35.507 34.470 33.386 32.254 31.076 29.850 28.577 27.258 25.890 24.476 24.316 24.287 24.213 24.094 23.930 23.720 23.465 23.165 22.820 22.429 21.993 21.507 20.765 19.972 19.127 18.231 17.283 16.285 15.234 14.132 12.979 11.775 10.519 9.381 9.090 8.751
6.897 6.849 6.792 6.728 6.656 6.576 6.488 6.392 6.289 6.177 6.058 5.930 6.075 6.694 7.366 8.090 8.867 9.698 10.581 11.517 12.463 13.413 14.403 15.436 16.997 19.145 21.349 23.608 25.923 28.294 30.721 33.204 35.742 38.336 40.986 43.692 44.047 42.895 41.696 40.449 39.156 37.815 36.428 34.993 33.511 31.981 30.405 28.782 28.244 28.015 27.741 27.422 27.057 26.647 26.192 25.691 25.146 24.555 23.918 23.237 22.291 21.270 20.198 19.075 17.901 16.675 15.398 14.069 12.689 11.258 9.775 8.293 7.791 7.277
8.621 8.545 8.461 8.369 8.269 8.162 8.046 7.923 7.791 7.652 7.505 7.350 7.430 8.232 9.086 9.994 10.954 11.967 13.033 14.152 15.282 16.416 17.592 18.809 20.449 22.844 25.294 27.800 30.362 32.979 35.653 38.381 41.166 44.006 46.903 49.854 50.699 49.337 47.929 46.473 44.970 43.420 41.823 40.179 38.488 36.750 34.964 33.132 32.216 31.787 31.312 30.793 30.228 29.618 28.962 28.262 27.516 26.725 25.889 25.007 23.867 22.620 21.321 19.971 18.508 16.891 15.291 13.708 12.142 10.593 9.062 7.547 7.053 6.640
10.350 10.246 10.135 10.015 9.888 9.753 9.609 9.458 9.299 9.133 8.958 8.775 8.735 9.719 10.757 11.847 12.990 14.186 15.434 16.736 18.050 19.369 20.729 22.131 23.835 26.476 29.172 31.925 34.733 37.596 40.516 43.491 46.522 49.608 52.750 55.948 57.393 55.823 54.205 52.540 50.828 49.069 47.263 45.410 43.510 41.563 39.568 37.527 36.230 35.601 34.926 34.207 33.442 32.632 31.776 30.756 29.322 27.918 26.543 25.198 23.669 22.059 20.465 18.889 17.330 15.788 14.263 12.755 11.264 9.790 8.333 6.894 6.343 5.990
12.036 11.953 11.814 11.667 11.512 11.349 11.178 10.999 10.813 10.618 10.416 10.206 9.989 11.157 12.377 13.650 14.975 16.354 17.785 19.269 20.767 22.270 23.815 25.402 27.153 30.040 32.983 35.982 39.036 42.146 45.311 48.532 51.809 55.142 58.530 61.974 64.131 62.352 60.525 58.651 56.730 54.762 52.747 50.685 48.576 46.420 44.070 40.982 38.565 37.057 35.577 34.127 32.705 31.313 29.950 28.616 27.311 26.035 24.788 23.570 22.176 20.640 19.122 17.620 16.136 14.669 13.219 11.786 10.370 8.971 7.589 6.225 5.621 5.328
13.670 13.666 13.499 13.324 13.141 12.951 12.752 12.546 12.332 12.110 11.880 11.642 11.396 12.544 13.947 15.402 16.910 18.471 20.085 21.751 23.433 25.121 26.850 28.622 30.435 33.537 36.726 39.971 43.271 46.627 50.039 53.506 57.028 60.607 64.241 67.930 70.913 68.772 65.335 61.974 58.689 55.480 52.347 49.289 46.307 43.401 40.571 37.816 35.501 34.120 32.769 31.447 30.154 28.889 27.654 26.448 25.271 24.124 23.005 21.915 20.666 19.206 17.763 16.336 14.927 13.535 12.159 10.801 9.460 8.136 6.829 5.540 4.886 4.653
15.299 15.383 15.189 14.986 14.776 14.558 14.332 14.098 13.856 13.607 13.349 13.084 12.810 13.881 15.466 17.104 18.795 20.538 22.334 24.183 26.048 27.920 29.834 31.790 33.787 36.968 40.403 43.893 47.387 49.898 52.336 54.701 56.993 59.212 61.357 63.430 65.370 62.191 59.089 56.062 53.111 50.236 47.436 44.713 42.065 39.492 36.996 34.575 32.410 31.158 29.934 28.740 27.575 26.439 25.332 24.254 23.205 22.185 21.194 20.233 19.142 17.757 16.388 15.037 13.702 12.385 11.084 9.801 8.535 7.286 6.054 4.839 4.139 3.965
16.923 17.106 16.884 16.654 16.416 16.170 15.917 15.655 15.386 15.109 14.824 14.531 14.230 15.169 16.936 18.757 20.629 22.555 24.533 26.564 28.038 29.427 30.763 32.047 33.277 35.400 37.809 40.145 42.408 44.598 46.715 48.759 50.730 52.629 54.454 56.206 57.885 55.537 52.769 50.076 47.459 44.917 42.452 40.062 37.747 35.509 33.346 31.258 29.292 28.168 27.073 26.007 24.969 23.961 22.982 22.032 21.111 20.219 19.356 18.522 17.602 16.292 14.998 13.722 12.462 11.219 9.994 8.786 7.594 6.420 5.262 4.122 3.379 3.266
18.541 18.834 18.585 18.327 18.062 17.788 17.507 17.218 16.921 16.617 16.304 15.984 15.655 16.123 17.655 19.121 20.519 21.851 23.116 24.314 25.486 26.643 27.746 28.797 29.795 31.468 33.557 35.572 37.514 39.384 41.181 42.904 44.555 46.133 47.638 49.070 50.429 48.810 46.375 44.016 41.732 39.525 37.392 35.336 33.355 31.450 29.620 27.866 26.188 25.152 24.184 23.246 22.337 21.457 20.605 19.783 18.990 18.226 17.491 16.785 16.048 14.812 13.593 12.391 11.206 10.039 8.888 7.754 6.638 5.538 4.455 3.390 2.607 2.553
20.155 20.568 20.291 20.006 19.713 19.412 18.719 18.046 17.401 16.784 16.195 15.633 15.099 15.246 16.548 17.783 18.951 20.053 21.088 22.056 22.997 23.921 24.792 25.610 26.375 27.622 29.390 31.085 32.707 34.257 35.733 37.136 38.467 39.724 40.909 42.021 43.060 42.009 39.908 37.882 35.932 34.058 32.259 30.535 28.888 27.316 25.819 24.398 23.053 22.109 21.269 20.459 19.677 18.925 18.202 17.507 16.842 16.206 15.598 15.020 14.471 13.316 12.172 11.045 9.935 8.842 7.766 6.707 5.665 4.640 3.633 2.642 1.823 1.828
20.795 20.844 20.129 19.441 18.781 18.149 17.544 16.968 16.419 15.897 15.404 14.938 14.500 14.430 15.502 16.507 17.445 18.317 19.122 19.860 20.570 21.262 21.900 22.486 23.019 23.862 25.310 26.685 27.986 29.215 30.372 31.455 32.465 33.403 34.268 35.060 35.779 35.135 33.367 31.674 30.058 28.516 27.051 25.660 24.346 23.107 21.943 20.855 19.843 19.039 18.327 17.645 16.991 16.366 15.771 15.204 14.667 14.158 13.678 13.227 12.806 11.805 10.736 9.684 8.649 7.630 6.629 5.645 4.677 3.727 2.794 1.878 1.026 1.091
19.050 19.165 18.546 17.954 17.390 16.854 16.346 15.865 15.412 14.987 14.589 14.219 13.877 13.675 14.517 15.292 16.001 16.643 17.218 17.727 18.206 18.665 19.072 19.425 19.726 20.187 21.315 22.370 23.352 24.261 25.097 25.860 26.551 27.169 27.714 28.186 28.585 28.187 26.753 25.393 24.109 22.901 21.768 20.711 19.729 18.823 17.992 17.237 16.557 15.942 15.359 14.804 14.278 13.781 13.313 12.874 12.464 12.083 11.731 11.408 11.113 10.279 9.285 8.307 7.346 6.403 5.476 4.567 3.718 2.982 2.249 1.519 0.793 0.929
17.321 17.386 16.939 16.444 15.976 15.535 15.123 14.738 14.381 14.051 13.750 13.476 13.229 13.011 13.594 14.140 14.619 15.031 15.377 15.656 15.904 16.131 16.305 16.427 16.496 16.598 17.406 18.140 18.802 19.392 19.908 20.352 20.723 21.021 21.247 21.399 21.479 21.167 20.065 19.038 18.087 17.211 16.411 15.687 15.038 14.464 13.966 13.543 13.196 12.819 12.363 11.936 11.538 11.168 10.828 10.516 10.234 9.980 9.756 9.611 9.650 9.170 8.425 7.682 6.943 6.208 5.476 4.747 4.022 3.301 2.582 1.867 1.156 1.169
15.609 15.621 15.309 14.909 14.537 14.193 13.876 13.587 13.326 13.092 12.886 12.708 12.557 12.434 12.732 13.048 13.298 13.481 13.597 13.647 13.664 13.659 13.602 13.491 13.328 13.112 13.582 13.997 14.339 14.609 14.806 14.930 14.982 14.960 14.866 14.700 14.460 14.073 13.303 12.609 11.991 11.448 10.980 10.588 10.272 10.030 9.865 9.774 9.759 9.670 9.406 9.645 9.841 9.993 10.102 10.168 10.190 10.168 10.103 9.995 9.843 9.367 8.636 7.909 7.185 6.464 5.747 5.033 4.322 3.616 2.912 2.212 1.515 1.414
13.914 13.872 13.655 13.351 13.074 12.826 12.605 12.412 12.246 12.108 11.998 11.915 11.861 11.833 11.932 12.019 12.039 11.992 11.879 11.700 11.487 11.250 10.960 10.618 10.223 9.776 9.843 9.939 9.962 9.912 9.790 9.595 9.327 8.986 8.573 8.087 7.529 6.905 6.468 6.107 5.821 5.630 6.282 6.963 7.671 8.407 9.171 9.963 10.783 11.462 11.553 11.601 11.606 11.567 11.485 11.359 11.190 10.978 10.722 10.423 10.080 9.560 8.844 8.131 7.422 6.716 6.014 5.315 4.619 3.927 3.238 2.553 1.871 1.666
12.235 12.140 11.977 11.768 11.588 11.435 11.310 11.212 11.142 11.100 11.086 11.099 11.140 11.208 11.193 11.051 10.841 10.566 10.224 9.815 9.371 8.903 8.382 7.808 7.181 6.502 6.190 5.966 5.670 5.301 4.859 4.345 3.758 3.805 3.898 3.995 4.096 4.201 4.820 5.511 6.231 6.978 7.753 8.556 9.387 10.246 11.132 12.047 12.989 13.843 13.743 13.600 13.414 13.184 12.911 12.595 12.235 11.831 11.384 10.894 10.361 9.750 9.049 8.351 7.656 6.965 6.277 5.593 4.912 4.235 3.560 2.890 2.223 1.924
10.572 10.425 10.275 10.162 10.077 10.020 9.991 9.989 10.014 10.068 10.149 10.258 10.394 10.558 10.515 10.144 9.705 9.201 8.630 7.992 7.318 6.618 5.865 5.060 4.543 4.105 3.987 4.069 4.155 4.245 4.340 4.438 4.541 4.647 4.758 4.872 4.991 5.114 5.768 6.582 7.424 8.294 9.192 10.117 11.071 12.052 13.062 14.099 15.164 16.257 15.977 15.643 15.266 14.845 14.381 13.873 13.323 12.728 12.091 11.410 10.686 9.936 9.250 8.566 7.887 7.210 6.537 5.868 5.201 4.539 3.879 3.223 2.571 2.189
8.926 8.726 8.549 8.532 8.543 8.581 8.647 8.741 8.862 9.011 9.188 9.392 9.624 9.884 9.899 9.298 8.676 8.098 7.560 7.063 6.604 6.179 5.786 5.424 5.094 4.796 4.698 4.798 4.902 5.010 5.122 5.239 5.359 5.483 5.612 5.744 5.881 6.022 6.685 7.622 8.586 9.579 10.599 11.647 12.723 13.827 14.959 16.119 17.306 18.522 18.253 17.728 17.160 16.549 15.894 15.196 14.454 13.669 12.841 11.970 11.055 10.119 9.447 8.778 8.113 7.452 6.793 6.139 5.487 4.839 4.195 3.553 2.916 2.459
7.296 7.043 6.799 6.878 6.984 7.118 7.280 7.469 7.686 7.991 8.301 8.579 8.824 9.038 9.085 8.565 8.085 7.645 7.245 6.884 6.564 6.278 6.024 5.801 5.610 5.450 5.404 5.522 5.644 5.770 5.900 6.034 6.172 6.314 6.460 6.611 6.765 6.924 7.570 8.630 9.717 10.832 11.975 13.145 14.344 15.570 16.824 18.107 19.416 20.754 20.572 19.857 19.098 18.296 17.450 16.561 15.629 14.654 13.635 12.573 11.468 10.319 9.641 8.987 8.337 7.690 7.046 6.406 5.769 5.136 4.506 3.880 3.257 2.735
5.683 5.377 5.269 5.664 6.056 6.416 6.743 7.039 7.302 7.534 7.733 7.901 8.036 8.140 8.184 7.802 7.459 7.156 6.893 6.670 6.488 6.341 6.226 6.142 6.089 6.069 6.104 6.240 6.380 6.524 6.671 6.823 6.979 7.139 7.304 7.472 7.644 7.821 8.425 9.606 10.816 12.053 13.319 14.612 15.933 17.281 18.658 20.063 21.495 22.955 22.934 22.028 21.079 20.086 19.050 17.971 16.848 15.682 14.473 13.220 11.924 10.585 9.831 9.192 8.556 7.924 7.295 6.670 6.048 5.429 4.814 4.202 3.594 3.018
5.607 5.617 5.642 5.898 6.180 6.429 6.646 6.832 6.985 7.107 7.196 7.253 7.279 7.272 7.233 7.003 6.798 6.632 6.507 6.421 6.377 6.369 6.392 6.447 6.533 6.651 6.799 6.953 7.110 7.272 7.438 7.608 7.781 7.959 8.141 8.327 8.518 8.712 9.247 10.552 11.884 13.243 14.631 16.047 17.490 18.961 20.460 21.987 23.541 25.124 25.339 24.242 23.102 21.919 20.693 19.423 18.110 16.754 15.354 13.911 12.425 10.896 10.018 9.393 8.773 8.155 7.541 6.930 6.323 5.719 5.119 4.521 3.928 3.313
5.861 5.923 6.000 6.162 6.333 6.472 6.579 6.655 6.698 6.709 6.688 6.636 6.551 6.434 6.286 6.169 6.101 6.073 6.085 6.136 6.230 6.360 6.522 6.716 6.941 7.198 7.486 7.660 7.836 8.015 8.199 8.386 8.578 8.774 8.974 9.177 9.385 9.597 10.039 11.465 12.920 14.402 15.912 17.450 19.015 20.609 22.230 23.879 25.556 27.260 27.786 26.500 25.169 23.796 22.379 20.919 19.416 17.869 16.279 14.646 12.970 11.250 10.201 9.591 8.957 8.250 7.557 6.878 6.213 5.561 4.923 4.298 3.687 3.089
6.100 6.214 6.344 6.455 6.516 6.545 6.542 6.507 6.440 6.341 6.211 6.048 5.853 5.627 5.368 5.300 5.369 5.478 5.627 5.816 6.048 6.317 6.617 6.949 7.313 7.708 8.135 8.363 8.556 8.753 8.954 9.160 9.369 9.583 9.800 10.022 10.248 10.478 10.799 12.348 13.925 15.529 17.161 18.821 20.509 22.225 23.968 25.739 27.538 29.365 30.277 28.800 27.279 25.715 24.108 22.402 20.356 18.351 16.390 14.471 12.594 10.761 9.519 8.845 8.185 7.538 6.904 6.285 5.679 5.086 4.508 3.942 3.391 2.853
6.324 6.491 6.673 6.777 6.728 6.647 6.534 6.389 6.212 6.004 5.763 5.490 5.186 4.849 4.481 4.396 4.602 4.849 5.134 5.460 5.830 6.237 6.677 7.147 7.649 8.183 8.748 9.059 9.271 9.486 9.705 9.928 10.155 10.387 10.622 10.861 11.105 11.353 11.604 13.200 14.898 16.625 18.379 20.162 21.972 23.809 25.664 27.028 28.349 29.628 30.312 28.238 26.207 24.219 22.273 20.370 18.510 16.692 14.916 13.184 11.493 9.846 8.615 8.001 7.400 6.812 6.239 5.678 5.132 4.599 4.080 3.574 3.082 2.603
6.533 6.753 6.988 7.129 6.970 6.779 6.556 6.301 6.014 5.696 5.345 4.962 4.548 4.102 3.623 3.457 3.800 4.184 4.606 5.069 5.577 6.123 6.700 7.309 7.950 8.622 9.326 9.751 9.980 10.213 10.450 10.691 10.936 11.185 11.438 11.695 11.957 12.222 12.299 13.558 15.034 16.468 17.859 19.207 20.513 21.775 22.996 24.173 25.308 26.400 27.307 25.419 23.575 21.773 20.013 18.297 16.622 14.990 13.401 11.855 10.350 8.889 7.699 7.144 6.602 6.074 5.560 5.059 4.572 4.099 3.639 3.192 2.760 2.341
6.728 7.000 7.287 7.511 7.241 6.940 6.608 6.243 5.846 5.417 4.957 4.465 3.940 3.384 2.796 2.483 2.963 3.483 4.043 4.643 5.288 5.972 6.688 7.436 8.215 9.025 9.867 10.437 10.684 10.817 10.912 10.997 11.071 11.136 11.191 11.235 11.269 11.294 11.308 12.242 13.532 14.779 15.984 17.146 18.265 19.341 20.375 21.366 22.314 23.220 24.083 22.560 20.901 19.286 17.712 16.181 14.693 13.248 11.844 10.484 9.166 7.890 6.770 6.274 5.792 5.323 4.869 4.427 4.000 3.586 3.185 2.798 2.425 2.065
6.909 7.233 7.573 7.921 7.542 7.131 6.689 6.214 5.707 5.169 4.599 3.996 3.362 2.696 1.999 1.474 2.091 2.748 3.445 4.181 4.989 5.805 6.603 7.383 8.145 8.889 9.615 10.104 10.175 10.236 10.287 10.327 10.358 10.378 10.388 10.389 10.379 10.359 10.329 10.974 12.078 13.138 14.156 15.132 16.064 16.955 17.802 18.607 19.369 20.088 20.765 19.659 18.187 16.757 15.370 14.025 12.723 11.463 10.246 9.071 7.939 6.849 5.828 5.391 4.969 4.560 4.164 3.782 3.414 3.059 2.718 2.391 2.077 1.776
