DATA/SHG/ECMWF/20170628/EN-23/20170704.en-23.asc
ncols        190
nrows        64
xllcorner    -5100000.000000000000
yllcorner    4130000.000000000000
cellsize     10000.000000000000
NODATA_value  -99999.000
[rows 0 to 31 of 64, columns 74 to 147 of 190]
4.454 4.207 3.956 3.703 3.446 3.186 2.923 2.713 2.650 2.596 2.540 2.479 2.416 2.350 2.280 2.207 2.130 2.051 1.968 2.039 2.622 3.189 3.745 4.289 4.822 5.342 5.851 6.349 6.834 7.308 7.770 8.136 8.226 8.323 8.426 8.537 8.654 8.777 8.907 9.044 9.188 9.338 9.495 9.523 9.132 8.736 8.334 7.927 7.515 7.097 6.674 6.246 5.812 5.373 4.929 4.565 4.449 4.332 4.214 4.093 3.971 3.847 3.721 3.593 3.464 3.333 3.200 3.089 3.046 3.009 2.977 2.951 2.931 2.916
4.822 4.548 4.285 4.036 3.803 3.585 3.383 3.218 3.156 3.091 3.022 2.951 2.876 2.798 2.717 2.632 2.544 2.453 2.359 2.328 2.859 3.374 3.877 4.369 4.849 5.318 5.774 6.219 6.652 7.074 7.483 7.850 7.970 8.097 8.230 8.370 8.517 8.670 8.830 8.997 9.170 9.350 9.537 9.653 9.238 8.818 8.392 7.961 7.525 7.083 6.636 6.184 5.726 5.263 4.795 4.370 4.247 4.122 3.995 3.867 3.737 3.605 3.471 3.336 3.198 3.059 2.919 2.795 2.777 2.764 2.757 2.756 2.760 2.770
4.990 4.765 4.555 4.360 4.181 4.017 3.868 3.737 3.664 3.587 3.508 3.425 3.338 3.249 3.156 3.060 2.960 2.858 2.752 2.642 3.109 3.571 4.023 4.462 4.890 5.306 5.710 6.103 6.484 6.853 7.210 7.556 7.708 7.864 8.027 8.197 8.374 8.557 8.746 8.943 9.146 9.356 9.572 9.789 9.350 8.906 8.456 8.001 7.541 7.075 6.604 6.128 5.646 5.159 4.666 4.178 4.047 3.914 3.780 3.643 3.505 3.365 3.224 3.080 2.935 2.788 2.640 2.565 2.709 2.852 2.992 3.129 3.265 3.398
5.138 4.966 4.810 4.669 4.543 4.433 4.338 4.258 4.175 4.086 3.995 3.900 3.803 3.701 3.597 3.489 3.379 3.264 3.147 3.026 3.371 3.782 4.180 4.568 4.943 5.307 5.659 5.999 6.328 6.645 6.950 7.244 7.438 7.624 7.817 8.017 8.223 8.436 8.655 8.881 9.114 9.354 9.600 9.852 9.468 8.999 8.526 8.047 7.562 7.073 6.578 6.077 5.572 5.061 4.544 4.022 3.849 3.708 3.651 3.670 3.682 3.686 3.684 3.676 3.660 3.637 3.608 3.571 3.693 3.825 3.955 4.082 4.208 4.330
5.271 5.153 5.051 4.963 4.891 4.834 4.793 4.767 4.687 4.588 4.485 4.379 4.269 4.157 4.041 3.922 3.799 3.674 3.545 3.413 3.646 4.004 4.351 4.686 5.009 5.321 5.621 5.909 6.186 6.450 6.704 6.945 7.161 7.377 7.600 7.829 8.065 8.308 8.557 8.813 9.075 9.345 9.620 9.903 9.591 9.099 8.601 8.098 7.590 7.110 6.680 6.282 5.914 5.578 5.272 4.997 4.951 4.952 4.947 4.934 4.915 4.889 4.856 4.817 4.770 4.717 4.657 4.589 4.678 4.800 4.919 5.036 5.151 5.264
5.390 5.326 5.277 5.243 5.224 5.221 5.233 5.261 5.202 5.091 4.977 4.859 4.738 4.614 4.487 4.356 4.223 4.085 3.945 3.801 3.934 4.240 4.535 4.817 5.089 5.348 5.596 5.832 6.056 6.269 6.470 6.660 6.878 7.124 7.376 7.635 7.901 8.173 8.452 8.737 9.013 9.276 9.538 9.796 9.576 9.130 8.715 8.330 7.977 7.654 7.362 7.101 6.871 6.672 6.504 6.366 6.313 6.283 6.247 6.204 6.154 6.097 6.034 5.963 5.886 5.802 5.711 5.613 5.663 5.775 5.884 5.991 6.096 6.199
5.494 5.483 5.488 5.508 5.543 5.593 5.659 5.740 5.720 5.597 5.471 5.342 5.210 5.074 4.935 4.793 4.648 4.499 4.348 4.193 4.235 4.489 4.731 4.962 5.181 5.388 5.584 5.768 5.940 6.101 6.250 6.394 6.602 6.874 7.143 7.411 7.676 7.938 8.199 8.456 8.712 8.965 9.216 9.464 9.400 9.091 8.814 8.567 8.351 8.165 8.011 7.887 7.795 7.733 7.702 7.701 7.680 7.620 7.553 7.479 7.398 7.311 7.217 7.115 7.007 6.892 6.771 6.642 6.650 6.751 6.850 6.947 7.042 7.134
5.584 5.627 5.685 5.758 5.847 5.951 6.070 6.204 6.239 6.105 5.968 5.827 5.684 5.537 5.386 5.233 5.076 4.916 4.753 4.586 4.548 4.750 4.952 5.147 5.328 5.497 5.653 5.795 5.925 6.042 6.146 6.237 6.387 6.649 6.908 7.165 7.420 7.672 7.921 8.169 8.414 8.656 8.897 9.135 9.191 9.020 8.879 8.770 8.691 8.643 8.626 8.640 8.685 8.760 8.866 9.003 9.052 8.962 8.864 8.759 8.648 8.530 8.405 8.273 8.134 7.988 7.836 7.676 7.637 7.728 7.817 7.904 7.988 8.070
5.659 5.755 5.867 5.994 6.136 6.293 6.466 6.654 6.761 6.616 6.467 6.315 6.160 6.001 5.844 5.700 5.554 5.406 5.256 5.103 5.017 5.180 5.330 5.466 5.590 5.701 5.799 5.883 5.955 6.014 6.060 6.093 6.176 6.427 6.676 6.922 7.166 7.408 7.647 7.884 8.119 8.351 8.581 8.808 8.949 8.916 8.913 8.940 8.999 9.088 9.209 9.360 9.541 9.754 9.997 10.271 10.430 10.308 10.180 10.045 9.903 9.754 9.598 9.435 9.266 9.089 8.906 8.716 8.625 8.706 8.785 8.861 8.935 9.007
5.720 5.870 6.035 6.215 6.410 6.621 6.847 7.097 7.309 7.171 7.031 6.888 6.743 6.596 6.447 6.295 6.141 5.985 5.827 5.667 5.524 5.629 5.721 5.800 5.866 5.919 5.959 5.986 6.000 6.001 5.989 5.965 5.968 6.208 6.446 6.682 6.916 7.147 7.376 7.602 7.826 8.048 8.267 8.484 8.676 8.779 8.913 9.078 9.274 9.500 9.758 10.046 10.365 10.714 11.094 11.506 11.813 11.660 11.501 11.335 11.163 10.983 10.796 10.603 10.403 10.196 9.982 9.762 9.614 9.685 9.753 9.820 9.884 9.945
5.812 6.102 6.387 6.665 6.938 7.204 7.464 7.718 7.961 7.815 7.667 7.516 7.363 7.208 7.051 6.891 6.730 6.566 6.399 6.231 6.051 6.092 6.126 6.147 6.155 6.151 6.133 6.102 6.059 6.002 5.933 5.850 5.762 5.992 6.220 6.445 6.668 6.889 7.108 7.323 7.537 7.748 7.957 8.164 8.369 8.610 8.881 9.183 9.516 9.880 10.274 10.699 11.155 11.641 12.158 12.706 13.201 13.018 12.828 12.631 12.428 12.217 12.000 11.776 11.546 11.308 11.064 10.812 10.604 10.665 10.723 10.779 10.833 10.884
6.587 6.856 7.119 7.376 7.627 7.872 8.111 8.344 8.571 8.461 8.304 8.146 7.985 7.822 7.657 7.489 7.319 7.147 6.973 6.796 6.609 6.569 6.546 6.509 6.459 6.397 6.321 6.233 6.132 6.017 5.890 5.750 5.597 5.779 5.996 6.211 6.424 6.634 6.842 7.048 7.251 7.452 7.650 7.846 8.040 8.408 8.817 9.256 9.725 10.226 10.757 11.319 11.911 12.535 13.189 13.873 14.589 14.380 14.160 13.932 13.698 13.457 13.210 12.955 12.694 12.425 12.150 11.817 11.445 11.455 11.514 11.622 11.777 11.981
7.366 7.614 7.856 8.092 8.321 8.545 8.763 8.974 9.180 9.107 8.943 8.776 8.608 8.437 8.263 8.088 7.910 7.730 7.548 7.363 7.168 7.060 6.979 6.884 6.777 6.657 6.524 6.378 6.219 6.047 5.862 5.665 5.454 5.568 5.775 5.980 6.182 6.382 6.579 6.774 6.967 7.158 7.346 7.531 7.715 8.174 8.720 9.295 9.902 10.539 11.207 11.906 12.635 13.395 14.186 15.007 15.859 15.748 15.411 14.983 14.564 14.153 13.752 13.359 12.975 12.600 12.233 11.875 11.526 11.714 11.987 12.309 12.678 13.096
8.150 8.376 8.597 8.812 9.020 9.223 9.419 9.610 9.794 9.755 9.583 9.408 9.232 9.053 8.871 8.688 8.502 8.314 8.124 7.932 7.728 7.565 7.426 7.274 7.109 6.931 6.741 6.537 6.320 6.091 5.849 5.594 5.326 5.361 5.557 5.751 5.943 6.132 6.319 6.504 6.687 6.866 7.044 7.219 7.392 7.908 8.590 9.303 10.046 10.822 11.591 12.335 13.054 13.747 14.416 15.060 15.679 15.509 15.111 14.722 14.342 13.970 13.608 13.253 12.908 12.571 12.244 11.924 11.614 11.924 12.411 12.947 13.531 14.163
8.938 9.144 9.343 9.536 9.724 9.905 10.080 10.249 10.413 10.404 10.224 10.041 9.857 9.670 9.480 9.289 9.095 8.899 8.701 8.501 8.289 8.084 7.887 7.677 7.455 7.220 6.971 6.710 6.436 6.149 5.849 5.537 5.211 5.156 5.342 5.526 5.707 5.886 6.063 6.237 6.461 6.745 7.042 7.351 7.674 8.270 9.028 9.760 10.468 11.151 11.809 12.441 13.049 13.632 14.190 14.722 15.230 15.162 14.803 14.453 14.112 13.779 13.455 13.139 12.833 12.535 12.246 11.965 11.693 12.085 12.787 13.537 14.334 15.180
9.731 9.915 10.093 10.266 10.432 10.592 10.746 10.894 11.036 11.054 10.866 10.676 10.483 10.288 10.091 9.892 9.690 9.486 9.280 9.072 8.852 8.616 8.362 8.095 7.815 7.522 7.216 6.898 6.566 6.222 5.864 5.514 5.176 5.077 5.328 5.592 5.869 6.158 6.461 6.776 7.105 7.446 7.800 8.168 8.548 9.068 9.715 10.336 10.933 11.505 12.052 12.573 13.070 13.542 13.989 14.411 14.808 14.807 14.487 14.176 13.873 13.579 13.293 13.017 12.749 12.489 12.239 11.997 11.764 12.199 13.114 14.078 15.089 16.149
10.528 10.691 10.848 10.999 11.144 11.283 11.416 11.543 11.664 11.706 11.510 11.311 11.111 10.908 10.703 10.495 10.286 10.074 9.860 9.644 9.416 9.163 8.847 8.522 8.194 7.863 7.530 7.193 6.854 6.511 6.166 5.818 5.467 5.304 5.613 5.934 6.268 6.616 6.976 7.348 7.734 8.133 8.544 8.969 9.406 9.891 10.427 10.938 11.424 11.884 12.320 12.731 13.117 13.478 13.814 14.125 14.412 14.444 14.162 13.889 13.625 13.370 13.123 12.885 12.656 12.435 12.224 12.020 11.826 12.264 13.393 14.570 15.795 17.069
11.330 11.472 11.608 11.738 11.862 11.979 12.091 12.197 12.296 12.359 12.154 11.948 11.739 11.529 11.319 11.140 10.940 10.719 10.477 10.215 9.924 9.606 9.271 8.933 8.592 8.248 7.902 7.552 7.200 6.844 6.486 6.125 5.761 5.518 5.883 6.262 6.654 7.058 7.476 7.906 8.349 8.805 9.274 9.755 10.250 10.740 11.165 11.565 11.940 12.290 12.615 12.915 13.190 13.440 13.666 13.866 14.042 14.072 13.829 13.595 13.369 13.153 12.945 12.745 12.555 12.373 12.199 12.035 11.879 12.281 13.624 15.014 16.453 17.940
12.137 12.257 12.372 12.481 12.583 12.680 12.771 12.862 13.012 13.207 13.067 12.898 12.708 12.498 12.267 12.015 11.743 11.450 11.136 10.801 10.437 10.047 9.698 9.347 8.993 8.636 8.276 7.914 7.548 7.180 6.809 6.435 6.057 5.716 6.140 6.576 7.024 7.486 7.961 8.448 8.949 9.462 9.988 10.527 11.079 11.614 11.928 12.217 12.481 12.720 12.935 13.124 13.289 13.429 13.543 13.633 13.698 13.692 13.487 13.292 13.105 12.927 12.757 12.597 12.445 12.301 12.167 12.041 11.924 12.250 13.806 15.410 17.062 18.762
12.908 12.897 12.932 13.012 13.138 13.310 13.527 13.790 14.098 14.453 14.322 14.081 13.819 13.536 13.233 12.909 12.564 12.198 11.812 11.405 10.969 10.506 10.128 9.764 9.397 9.027 8.654 8.279 7.900 7.519 7.134 6.747 6.357 5.964 6.381 6.874 7.381 7.900 8.431 8.976 9.534 10.104 10.687 11.283 11.892 12.513 12.716 12.895 13.048 13.177 13.281 13.359 13.413 13.442 13.447 13.426 13.380 13.303 13.137 12.980 12.832 12.693 12.562 12.440 12.326 12.221 12.125 12.038 11.959 12.171 13.940 15.757 17.622 19.536
12.680 12.828 13.022 13.261 13.546 13.877 14.253 14.674 15.142 15.654 15.594 15.281 14.946 14.591 14.216 13.819 13.402 12.965 12.506 12.027 11.518 10.982 10.560 10.183 9.803 9.420 9.035 8.646 8.254 7.860 7.463 7.062 6.659 6.253 6.608 7.159 7.722 8.298 8.887 9.489 10.104 10.732 11.372 12.025 12.691 13.370 13.530 13.597 13.640 13.659 13.652 13.620 13.564 13.482 13.376 13.245 13.089 12.908 12.779 12.660 12.551 12.450 12.357 12.274 12.199 12.133 12.075 12.027 11.999 12.059 14.045 16.075 18.147 20.263
12.410 12.717 13.069 13.468 13.911 14.400 14.935 15.516 16.141 16.813 16.884 16.498 16.091 15.664 15.216 14.748 14.259 13.749 13.218 12.667 12.085 11.476 10.996 10.606 10.213 9.817 9.418 9.016 8.612 8.204 7.794 7.381 6.964 6.545 6.821 7.429 8.049 8.683 9.329 9.988 10.660 11.344 12.042 12.752 13.475 14.211 14.368 14.326 14.258 14.166 14.049 13.907 13.740 13.548 13.331 13.090 12.823 12.532 12.412 12.417 12.528 12.607 12.656 12.674 12.661 12.618 12.543 12.438 12.302 12.135 14.158 16.378 18.641 20.947
12.097 12.563 13.074 13.631 14.233 14.881 15.575 16.313 17.098 17.928 18.191 17.733 17.254 16.755 16.235 15.694 15.132 14.551 13.948 13.325 12.670 11.989 11.434 11.031 10.625 10.216 9.804 9.389 8.972 8.551 8.128 7.702 7.273 6.841 7.019 7.684 8.362 9.052 9.755 10.472 11.201 11.942 12.697 13.464 14.244 15.037 15.232 15.079 14.901 14.699 14.467 14.255 14.087 13.965 13.888 13.857 13.871 13.930 13.976 13.981 13.955 13.898 13.810 13.691 13.542 13.361 13.150 12.908 12.636 12.332 14.227 16.637 19.091 21.587
11.742 12.366 13.036 13.752 14.512 15.319 16.171 17.068 18.011 18.999 19.515 18.985 18.434 17.862 17.270 16.657 16.024 15.370 14.695 14.000 13.273 12.519 11.875 11.459 11.040 10.618 10.193 9.765 9.335 8.901 8.465 8.026 7.583 7.138 7.203 7.925 8.660 9.407 10.168 10.941 11.727 12.488 13.178 13.848 14.497 15.127 15.294 15.101 14.953 14.850 14.793 14.781 14.815 14.894 15.018 15.188 15.403 15.663 15.707 15.574 15.411 15.218 14.993 14.738 14.452 14.135 13.787 13.409 12.999 12.560 14.253 16.854 19.498 22.184
11.344 12.127 12.956 13.830 14.749 15.714 16.724 17.779 18.880 20.027 20.857 20.254 19.631 18.988 18.323 17.639 16.933 16.207 15.460 14.693 13.894 13.067 12.319 11.889 11.457 11.022 10.585 10.144 9.700 9.254 8.805 8.352 7.900 7.463 7.417 8.159 8.881 9.582 10.264 10.925 11.566 12.187 12.788 13.369 13.929 14.470 14.767 14.775 14.829 14.927 15.071 15.260 15.495 15.775 16.100 16.470 16.886 17.347 17.466 17.197 16.898 16.567 16.206 15.814 15.392 14.938 14.454 13.939 13.394 12.817 14.236 17.027 19.861 22.738
10.904 11.846 12.833 13.865 14.942 16.065 17.234 18.448 19.707 21.012 22.216 21.541 20.846 20.130 19.394 18.637 17.860 17.062 16.243 15.404 14.532 13.632 12.765 12.290 11.775 11.278 10.797 10.333 9.886 9.456 9.044 8.648 8.270 7.908 7.762 8.415 9.048 9.660 10.252 10.825 11.377 11.909 12.420 12.912 13.384 13.835 14.194 14.403 14.657 14.956 15.301 15.691 16.126 16.607 17.133 17.704 18.320 18.982 19.255 18.850 18.413 17.947 17.449 16.921 16.362 15.772 15.151 14.500 13.818 13.105 14.176 17.157 20.181 23.248
10.422 11.522 12.667 13.858 15.093 16.375 17.701 19.073 20.490 21.953 23.461 22.845 22.078 21.290 20.482 19.611 18.474 17.372 16.307 15.278 14.293 13.346 12.428 11.961 11.522 11.100 10.694 10.306 9.935 9.581 9.243 8.923 8.620 8.334 8.129 8.693 9.236 9.760 10.263 10.746 11.209 11.652 12.075 12.477 12.860 13.222 13.573 13.983 14.438 14.938 15.483 16.074 16.710 17.391 18.117 18.889 19.706 20.568 21.073 20.531 19.959 19.355 18.721 18.057 17.361 16.635 15.879 15.091 14.273 13.424 14.073 17.244 20.458 23.715
9.898 11.156 12.459 13.808 15.202 16.641 18.125 19.655 21.152 22.353 23.516 22.763 21.606 20.485 19.401 18.353 17.341 16.365 15.425 14.522 13.663 12.843 12.052 11.614 11.250 10.903 10.573 10.260 9.965 9.686 9.424 9.179 8.952 8.741 8.547 8.992 9.446 9.881 10.295 10.689 11.063 11.417 11.751 12.064 12.358 12.631 12.905 13.516 14.171 14.872 15.618 16.409 17.245 18.127 19.054 20.026 21.043 22.106 22.920 22.242 21.533 20.794 20.024 19.223 18.391 17.529 16.636 15.712 14.758 13.773 13.927 17.288 20.692 24.138
9.332 10.726 12.060 13.357 14.616 15.837 17.021 18.166 19.274 20.345 21.378 20.971 19.940 18.945 17.986 17.064 16.177 15.327 14.513 13.735 13.002 12.309 11.645 11.248 10.959 10.688 10.433 10.196 9.976 9.772 9.586 9.416 9.264 9.129 9.010 9.312 9.678 10.023 10.348 10.653 10.939 11.204 11.448 11.673 11.878 12.063 12.227 13.001 13.857 14.758 15.705 16.696 17.733 18.815 19.942 21.114 22.332 23.594 24.797 23.983 23.137 22.262 21.355 20.418 19.451 18.452 17.423 16.363 15.273 14.152 13.738 17.289 20.882 24.519
8.557 9.798 11.002 12.168 13.296 14.387 15.440 16.456 17.433 18.374 19.276 19.149 18.243 17.374 16.541 15.744 14.983 14.258 13.569 12.916 12.309 11.743 11.206 10.863 10.650 10.454 10.275 10.113 9.968 9.840 9.729 9.634 9.557 9.497 9.454 9.654 9.931 10.187 10.423 10.640 10.836 11.012 11.168 11.304 11.420 11.516 11.592 12.439 13.496 14.597 15.744 16.936 18.173 19.455 20.782 22.154 23.572 25.035 26.543 25.752 24.771 23.759 22.717 21.644 20.540 19.406 18.240 17.045 15.818 14.561 13.591 17.512 21.422 25.319
7.795 8.906 9.980 11.016 12.014 12.974 13.897 14.782 15.629 16.439 17.211 17.296 16.516 15.772 15.064 14.393 13.757 13.157 12.594 12.067 11.586 11.146 10.735 10.460 10.322 10.201 10.098 10.011 9.941 9.888 9.852 9.834 9.832 9.847 9.879 10.017 10.205 10.373 10.520 10.648 10.755 10.842 10.910 10.957 10.984 10.991 10.978 11.830 13.087 14.389 15.735 17.127 18.564 20.046 21.574 23.146 24.764 26.426 28.134 27.551 26.434 25.395 24.523 23.599 22.621 21.590 20.506 19.369 18.179 16.936 15.639 19.172 23.029 26.873
7.070 8.051 8.994 9.899 10.767 11.597 12.390 13.145 13.862 14.542 15.184 15.413 14.759 14.140 13.557 13.011 12.501 12.026 11.588 11.186 10.831 10.518 10.233 10.038 9.976 9.930 9.902 9.890 9.896 9.918 9.957 10.014 10.087 10.177 10.285 10.402 10.501 10.579 10.638 10.677 10.696 10.694 10.673 10.631 10.570 10.488 10.387 11.174 12.631 14.133 15.679 17.271 19.176 21.647 23.989 26.201 28.285 30.239 32.063 31.900 30.899 29.845 28.738 27.578 26.365 25.098 23.779 22.407 20.981 19.502 17.971 20.842 24.645 28.436
