DATA/SHG/ECMWF/20170628/EN-23/20170629.en-23.asc
ncols        190
nrows        64
xllcorner    -5100000.000000000000
yllcorner    4130000.000000000000
cellsize     10000.000000000000
NODATA_value  -99999.000
[rows 0 to 32 of 64, columns 73 to 145 of 190]
5.108 5.334 5.569 5.813 6.066 6.329 6.600 6.881 7.071 7.012 6.939 6.862 6.782 6.698 6.611 6.520 6.426 6.327 6.226 6.120 6.025 5.971 5.919 5.871 5.827 5.787 5.751 5.718 5.690 5.665 5.644 5.627 5.623 5.655 5.693 5.738 5.790 5.848 5.912 5.984 6.062 6.147 6.238 6.336 6.542 7.070 7.608 8.156 8.713 9.280 9.857 10.443 11.039 11.645 12.261 12.886 13.236 12.730 12.184 11.600 10.976 10.314 9.613 8.873 8.094 7.276 6.419 5.524 4.887 5.087 5.309 5.552 5.817
5.343 5.601 5.883 6.163 6.436 6.700 6.957 7.205 7.390 7.308 7.222 7.133 7.040 6.944 6.844 6.740 6.633 6.522 6.408 6.290 6.177 6.141 6.107 6.076 6.049 6.026 6.007 5.992 5.981 5.974 5.970 5.971 5.981 6.042 6.110 6.184 6.266 6.353 6.448 6.549 6.657 6.771 6.892 7.020 7.208 7.780 8.361 8.952 9.553 10.163 10.783 11.413 12.052 12.702 13.360 14.029 14.521 13.840 13.120 12.362 11.565 10.729 9.854 8.940 7.988 6.996 5.966 4.897 4.003 4.300 4.619 4.959 5.322
5.790 6.058 6.319 6.571 6.816 7.053 7.282 7.502 7.701 7.606 7.508 7.406 7.301 7.192 7.079 6.963 6.843 6.720 6.593 6.462 6.328 6.307 6.290 6.276 6.267 6.261 6.260 6.262 6.268 6.278 6.292 6.309 6.331 6.421 6.519 6.623 6.734 6.851 6.975 7.106 7.243 7.387 7.538 7.695 7.862 8.477 9.102 9.736 10.380 11.034 11.698 12.371 13.054 13.746 14.448 15.160 15.843 14.989 14.096 13.164 12.193 11.183 10.135 9.047 7.921 6.756 5.552 4.310 3.212 3.829 4.449 5.072 5.697
6.288 6.529 6.762 6.987 7.203 7.412 7.613 7.806 7.991 7.908 7.797 7.682 7.564 7.443 7.317 7.188 7.056 6.920 6.781 6.638 6.491 6.468 6.468 6.472 6.480 6.491 6.507 6.527 6.550 6.577 6.608 6.643 6.682 6.793 6.920 7.054 7.194 7.341 7.495 7.655 7.822 7.995 8.175 8.362 8.555 9.164 9.832 10.509 11.197 11.894 12.601 13.317 14.043 14.779 15.525 16.280 17.045 16.176 15.109 14.000 12.888 11.792 10.712 9.646 8.596 7.561 6.542 5.537 4.548 5.065 5.697 6.331 6.968
6.794 7.006 7.211 7.408 7.597 7.779 7.952 8.117 8.275 8.212 8.088 7.961 7.831 7.696 7.559 7.417 7.272 7.124 6.972 6.816 6.657 6.624 6.641 6.663 6.688 6.717 6.750 6.787 6.827 6.872 6.920 6.973 7.029 7.157 7.313 7.477 7.646 7.823 8.006 8.196 8.392 8.595 8.805 9.021 9.244 9.839 10.550 11.271 12.002 12.742 13.449 14.128 14.815 15.508 16.208 16.916 17.630 16.911 15.837 14.778 13.734 12.706 11.693 10.695 9.713 8.746 7.794 6.857 5.936 6.296 6.939 7.585 8.234
7.305 7.490 7.668 7.837 7.998 8.152 8.297 8.435 8.564 8.519 8.383 8.243 8.100 7.953 7.803 7.649 7.491 7.330 7.165 6.997 6.825 6.775 6.810 6.849 6.891 6.938 6.988 7.042 7.100 7.162 7.227 7.297 7.371 7.512 7.699 7.891 8.091 8.297 8.510 8.729 8.955 9.168 9.356 9.528 9.685 10.174 10.850 11.533 12.222 12.919 13.623 14.334 15.051 15.776 16.508 17.246 17.992 17.536 16.530 15.539 14.563 13.603 12.657 11.727 10.813 9.913 9.029 8.160 7.307 7.523 8.178 8.835 9.495
7.824 7.981 8.131 8.272 8.406 8.531 8.649 8.759 8.861 8.829 8.680 8.528 8.372 8.213 8.050 7.883 7.713 7.540 7.362 7.182 6.997 6.922 6.974 7.030 7.090 7.154 7.221 7.293 7.368 7.447 7.530 7.617 7.748 7.956 8.200 8.428 8.641 8.837 9.018 9.183 9.333 9.466 9.584 9.686 9.772 10.183 10.891 11.605 12.326 13.054 13.789 14.531 15.280 16.036 16.799 17.569 18.346 18.146 17.207 16.284 15.376 14.483 13.605 12.743 11.896 11.064 10.247 9.446 8.660 8.745 9.412 10.081 10.752
8.349 8.478 8.600 8.714 8.820 8.918 9.008 9.090 9.165 9.142 8.981 8.816 8.648 8.476 8.300 8.121 7.938 7.752 7.562 7.369 7.172 7.065 7.134 7.230 7.344 7.468 7.604 7.749 7.906 8.073 8.250 8.438 8.636 8.835 9.008 9.166 9.308 9.434 9.544 9.639 9.718 9.781 9.828 9.860 9.876 10.185 10.924 11.669 12.422 13.181 13.947 14.721 15.501 16.289 17.083 17.884 18.693 18.739 17.868 17.012 16.171 15.346 14.536 13.742 12.962 12.198 11.449 10.715 9.997 9.963 10.641 11.322 12.005
8.880 8.982 9.076 9.163 9.241 9.311 9.374 9.429 9.475 9.458 9.284 9.107 8.926 8.741 8.553 8.364 8.185 8.009 7.835 7.663 7.494 7.391 7.532 7.682 7.843 8.015 8.197 8.390 8.593 8.807 9.032 9.267 9.512 9.729 9.832 9.920 9.991 10.047 10.087 10.111 10.120 10.113 10.090 10.051 9.996 10.179 10.949 11.726 12.510 13.300 14.098 14.903 15.715 16.533 17.359 18.192 19.031 19.315 18.512 17.724 16.951 16.193 15.451 14.724 14.012 13.315 12.634 11.967 11.316 11.176 11.866 12.558 13.253
9.419 9.493 9.559 9.618 9.669 9.711 9.746 9.773 9.789 9.769 9.584 9.401 9.221 9.043 8.867 8.694 8.524 8.356 8.190 8.027 7.867 7.738 7.925 8.122 8.331 8.549 8.778 9.018 9.269 9.529 9.801 10.082 10.375 10.640 10.673 10.690 10.691 10.676 10.646 10.600 10.538 10.461 10.367 10.258 10.134 10.166 10.967 11.775 12.590 13.412 14.241 15.077 15.920 16.770 17.627 18.491 19.362 19.876 19.140 18.419 17.714 17.024 16.349 15.689 15.045 14.415 13.801 13.203 12.619 12.385 13.086 13.790 14.496
9.964 9.987 9.982 9.980 9.982 9.988 9.997 10.011 10.028 10.046 9.869 9.695 9.523 9.354 9.187 9.022 8.860 8.701 8.543 8.389 8.237 8.081 8.305 8.550 8.805 9.071 9.347 9.634 9.931 10.239 10.557 10.885 11.225 11.567 11.529 11.476 11.406 11.322 11.221 11.105 10.973 10.825 10.662 10.482 10.288 10.145 10.977 11.817 12.663 13.516 14.377 15.244 16.118 16.999 17.887 18.782 19.684 20.420 19.751 19.098 18.460 17.837 17.230 16.638 16.061 15.499 14.952 14.421 13.905 13.590 14.302 15.018 15.736
10.127 10.131 10.138 10.150 10.165 10.184 10.206 10.233 10.263 10.296 10.152 9.986 9.823 9.662 9.503 9.347 9.194 9.043 8.894 8.748 8.604 8.456 8.674 8.965 9.267 9.580 9.903 10.236 10.580 10.935 11.300 11.676 12.062 12.458 12.401 12.278 12.138 11.983 11.813 11.626 11.424 11.206 10.972 10.723 10.458 10.177 10.980 11.851 12.728 13.613 14.504 15.403 16.308 17.220 18.140 19.066 19.999 20.939 20.346 19.761 19.190 18.635 18.095 17.570 17.060 16.566 16.087 15.623 15.167 14.783 15.770 16.975 18.399
10.254 10.271 10.291 10.316 10.344 10.376 10.411 10.451 10.494 10.541 10.432 10.275 10.120 9.968 9.818 9.670 9.525 9.382 9.242 9.104 8.968 8.830 9.029 9.368 9.717 10.076 10.446 10.827 11.217 11.619 12.031 12.453 12.886 13.330 13.290 13.096 12.886 12.661 12.420 12.164 11.891 11.603 11.300 10.980 10.645 10.294 10.975 11.877 12.786 13.701 14.624 15.554 16.490 17.434 18.384 19.342 20.306 21.278 20.925 20.373 19.807 19.268 18.758 18.275 17.820 17.392 16.993 16.621 16.277 15.960 17.772 19.948 22.344
10.377 10.407 10.440 10.478 10.519 10.564 10.613 10.665 10.721 10.781 10.710 10.561 10.415 10.271 10.129 9.990 9.853 9.719 9.587 9.457 9.330 9.200 9.373 9.758 10.154 10.560 10.977 11.404 11.842 12.290 12.749 13.218 13.698 14.188 14.194 13.930 13.651 13.355 13.044 12.717 12.375 12.017 11.643 11.254 10.849 10.428 10.963 11.896 12.836 13.782 14.753 15.723 16.667 17.586 18.480 19.348 20.191 21.008 20.816 20.346 19.903 19.487 19.100 18.740 18.408 18.104 17.827 17.579 17.358 17.164 19.553 22.701 26.066
10.496 10.539 10.586 10.636 10.691 10.749 10.810 10.876 10.945 11.018 10.985 10.845 10.707 10.571 10.438 10.307 10.179 10.053 9.929 9.808 9.690 9.568 9.704 10.136 10.578 11.031 11.495 11.969 12.454 12.949 13.454 13.970 14.496 15.033 15.114 14.780 14.431 14.065 13.684 13.288 12.875 12.452 12.051 11.681 11.341 11.031 11.494 12.453 13.386 14.294 15.176 16.033 16.865 17.671 18.451 19.206 19.936 20.640 20.638 20.290 19.970 19.678 19.414 19.177 18.968 18.787 18.633 18.507 18.409 18.339 21.115 25.232 29.567
10.612 10.668 10.728 10.791 10.859 10.929 11.004 11.083 11.165 11.250 11.258 11.126 10.996 10.869 10.744 10.622 10.502 10.384 10.269 10.157 10.047 9.933 10.022 10.501 10.991 11.490 12.001 12.521 13.053 13.594 14.147 14.709 15.203 15.624 15.662 15.186 14.739 14.322 13.935 13.578 13.251 12.954 12.687 12.450 12.243 12.066 12.396 13.242 14.062 14.857 15.626 16.370 17.088 17.781 18.449 19.091 19.707 20.298 20.431 20.207 20.010 19.841 19.699 19.585 19.499 19.441 19.410 19.407 19.432 19.484 22.456 27.543 32.847
10.724 10.793 10.866 10.942 11.023 11.107 11.194 11.286 11.381 11.480 11.528 11.404 11.283 11.164 11.048 10.934 10.822 10.713 10.607 10.502 10.401 10.295 10.329 10.814 11.265 11.709 12.147 12.578 13.003 13.422 13.834 14.239 14.638 15.030 15.199 14.855 14.542 14.258 14.005 13.781 13.587 13.424 13.290 13.186 13.112 13.069 13.324 14.057 14.764 15.446 16.102 16.733 17.338 17.918 18.473 19.002 19.505 19.983 20.196 20.095 20.021 19.975 19.956 19.965 20.002 20.066 20.158 20.278 20.425 20.600 23.578 29.633 35.905
10.833 10.915 11.000 11.090 11.183 11.280 11.381 11.485 11.593 11.705 11.795 11.680 11.567 11.457 11.349 11.237 11.047 10.862 10.683 10.509 10.341 10.181 10.087 10.516 10.938 11.353 11.763 12.165 12.561 12.951 13.334 13.711 14.081 14.445 14.703 14.493 14.312 14.162 14.042 13.951 13.891 13.860 13.860 13.889 13.949 14.038 14.278 14.897 15.492 16.060 16.604 17.121 17.614 18.081 18.523 18.939 19.330 19.695 19.934 19.955 20.004 20.080 20.184 20.316 20.476 20.663 20.877 21.120 21.389 21.687 24.480 31.503 38.743
10.938 11.033 11.131 11.234 11.340 11.450 11.563 11.681 11.787 11.820 11.846 11.653 11.460 11.272 11.090 10.914 10.743 10.577 10.417 10.262 10.112 9.971 9.838 10.225 10.619 11.006 11.386 11.760 12.127 12.488 12.842 13.190 13.532 13.867 14.175 14.098 14.051 14.034 14.046 14.089 14.162 14.264 14.397 14.559 14.752 14.974 15.257 15.764 16.245 16.701 17.131 17.536 17.916 18.270 18.599 18.902 19.180 19.433 19.643 19.787 19.958 20.157 20.384 20.639 20.921 21.230 21.568 21.932 22.325 22.745 25.163 33.153 41.360
11.039 11.133 11.187 11.235 11.277 11.313 11.343 11.367 11.384 11.396 11.401 11.250 11.076 10.907 10.744 10.586 10.434 10.287 10.146 10.010 9.880 9.758 9.644 9.943 10.307 10.665 11.017 11.362 11.701 12.033 12.359 12.678 12.990 13.297 13.596 13.671 13.757 13.873 14.019 14.194 14.400 14.635 14.901 15.196 15.521 15.877 16.262 16.655 17.024 17.367 17.685 17.977 18.244 18.485 18.701 18.892 19.058 19.198 19.324 19.591 19.885 20.206 20.556 20.933 21.337 21.769 22.229 22.716 23.231 23.774 25.628 34.583 43.756
10.846 10.885 10.918 10.945 10.966 10.981 10.989 10.992 10.988 10.978 10.962 10.842 10.687 10.537 10.393 10.255 10.121 9.993 9.871 9.754 9.643 9.540 9.445 9.667 10.003 10.333 10.656 10.972 11.282 11.585 11.882 12.173 12.457 12.734 13.005 13.212 13.431 13.680 13.958 14.267 14.606 14.974 15.372 15.800 16.258 16.746 17.264 17.573 17.829 18.059 18.264 18.444 18.598 18.727 18.830 18.908 18.961 18.989 18.991 19.366 19.783 20.227 20.699 21.198 21.725 22.280 22.862 23.472 24.109 24.839 26.051 35.513 44.712
10.626 10.644 10.656 10.661 10.661 10.654 10.642 10.623 10.598 10.567 10.530 10.430 10.294 10.163 10.038 9.918 9.804 9.695 9.592 9.494 9.401 9.317 9.241 9.400 9.707 10.008 10.302 10.590 10.871 11.146 11.414 11.676 11.931 12.180 12.422 12.721 13.073 13.454 13.866 14.307 14.779 15.280 15.811 16.372 16.962 17.583 18.233 18.516 18.659 18.777 18.869 18.936 18.978 18.994 18.985 18.951 18.891 18.806 18.696 19.114 19.782 20.642 21.493 22.335 23.168 23.992 24.807 25.613 26.410 27.198 27.977 35.768 43.801
10.412 10.409 10.399 10.383 10.362 10.334 10.300 10.260 10.214 10.161 10.103 10.013 9.896 9.785 9.678 9.577 9.482 9.392 9.308 9.228 9.155 9.090 9.033 9.140 9.418 9.690 9.956 10.215 10.467 10.714 10.953 11.186 11.413 11.633 11.847 12.198 12.682 13.197 13.741 14.315 14.919 15.553 16.217 16.910 17.633 18.387 19.170 19.484 19.515 19.520 19.500 19.457 19.457 19.529 19.670 19.882 20.164 20.516 20.938 21.677 22.506 23.326 24.137 24.939 25.732 26.516 27.291 28.057 28.814 29.562 30.302 36.282 43.151
10.204 10.179 10.149 10.112 10.069 10.020 9.965 9.903 9.836 9.762 9.683 9.592 9.494 9.402 9.314 9.232 9.156 9.085 9.019 8.959 8.904 8.858 8.820 8.888 9.137 9.381 9.617 9.848 10.072 10.289 10.500 10.705 10.903 11.094 11.279 11.643 12.260 12.907 13.584 14.291 15.027 15.794 16.553 17.245 17.913 18.557 19.177 19.448 19.479 19.581 19.753 19.995 20.307 20.690 21.143 21.666 22.259 22.922 23.656 24.447 25.236 26.016 26.787 27.549 28.302 29.046 29.781 30.507 31.225 31.933 32.632 37.055 42.761
10.002 9.956 9.904 9.846 9.782 9.712 9.635 9.553 9.464 9.370 9.269 9.167 9.088 9.014 8.946 8.883 8.825 8.773 8.726 8.685 8.649 8.622 8.603 8.643 8.864 9.078 9.287 9.488 9.684 9.872 10.055 10.231 10.400 10.601 10.861 11.283 12.038 12.768 13.474 14.156 14.814 15.448 16.057 16.643 17.205 17.742 18.255 18.667 19.010 19.423 19.906 20.459 21.083 21.777 22.540 23.374 24.279 25.253 26.297 27.221 27.970 28.710 29.442 30.164 30.877 31.581 32.277 32.963 33.641 34.309 34.969 38.087 42.630
9.806 9.739 9.666 9.587 9.501 9.410 9.312 9.208 9.099 8.983 8.861 8.738 8.677 8.622 8.573 8.529 8.490 8.457 8.429 8.406 8.389 8.381 8.382 8.405 8.627 8.892 9.156 9.419 9.681 9.941 10.201 10.459 10.716 10.972 11.226 11.561 12.209 12.832 13.431 14.007 14.558 15.085 15.588 16.067 16.522 16.953 17.360 17.812 18.466 19.191 19.985 20.849 21.784 22.788 23.863 25.008 26.223 27.508 28.863 30.001 30.711 31.411 32.102 32.785 33.458 34.122 34.778 35.425 36.062 36.691 37.311 39.377 42.759
9.616 9.528 9.433 9.333 9.226 9.114 8.995 8.870 8.739 8.602 8.459 8.310 8.262 8.226 8.195 8.170 8.157 8.202 8.263 8.341 8.436 8.542 8.658 8.787 9.045 9.305 9.564 9.822 10.078 10.334 10.588 10.841 11.092 11.343 11.593 11.864 12.405 12.922 13.415 13.884 14.328 14.749 15.146 15.518 15.867 16.191 16.491 16.885 17.850 18.885 19.990 21.165 22.411 23.726 25.111 26.567 28.092 29.688 31.353 32.787 33.456 34.117 34.768 35.411 36.044 36.669 37.285 37.892 38.490 39.078 39.658 40.925 43.146
9.432 9.323 9.207 9.086 8.958 8.824 8.684 8.538 8.386 8.231 8.087 7.947 7.938 7.974 8.027 8.096 8.182 8.284 8.403 8.539 8.691 8.856 9.030 9.217 9.464 9.719 9.973 10.225 10.476 10.726 10.975 11.223 11.470 11.715 11.959 12.203 12.628 13.038 13.424 13.787 14.125 14.439 14.729 14.995 15.237 15.455 15.649 15.884 17.160 18.505 19.921 21.407 22.963 24.589 26.285 28.050 29.886 31.792 33.768 35.578 36.207 36.828 37.440 38.043 38.637 39.221 39.797 40.365 40.923 41.472 42.012 42.731 43.793
9.254 9.124 8.981 8.826 8.674 8.526 8.381 8.238 8.099 7.964 7.831 7.702 7.717 7.810 7.921 8.048 8.191 8.352 8.528 8.722 8.932 9.154 9.387 9.632 9.884 10.133 10.382 10.629 10.875 11.120 11.364 11.606 11.848 12.088 12.327 12.565 12.876 13.180 13.460 13.716 13.948 14.155 14.339 14.499 14.634 14.746 14.834 14.897 16.396 18.053 19.779 21.575 23.441 25.377 27.383 29.459 31.605 33.821 36.107 38.374 38.964 39.545 40.117 40.680 41.234 41.779 42.316 42.843 43.361 43.871 44.372 44.795 44.697
8.930 8.780 8.633 8.489 8.348 8.211 8.077 7.946 7.819 7.694 7.573 7.455 7.480 7.632 7.800 7.985 8.186 8.404 8.638 8.889 9.157 9.437 9.728 10.031 10.304 10.548 10.791 11.034 11.275 11.514 11.753 11.990 12.227 12.462 12.696 12.928 13.150 13.348 13.521 13.671 13.796 13.898 13.975 14.028 14.058 14.063 14.045 14.002 15.560 17.526 19.563 21.669 23.845 26.091 28.408 30.794 33.249 35.775 38.371 41.037 41.726 42.267 42.800 43.323 43.838 44.343 44.840 45.327 45.806 46.276 46.737 46.904 45.275
8.556 8.417 8.281 8.149 8.020 7.894 7.771 7.651 7.535 7.422 7.312 7.205 7.229 7.439 7.664 7.907 8.165 8.441 8.733 9.041 9.366 9.705 10.054 10.415 10.725 10.964 11.202 11.439 11.675 11.909 12.143 12.375 12.606 12.836 13.065 13.292 13.450 13.541 13.609 13.652 13.671 13.666 13.637 13.584 13.508 13.407 13.282 13.133 14.650 16.926 19.273 21.689 24.175 26.731 29.357 32.053 34.819 37.654 40.560 43.535 44.494 44.995 45.356 45.426 45.449 45.427 45.359 45.245 45.085 44.879 44.628 44.330 42.771
8.180 8.052 7.928 7.806 7.688 7.574 7.462 7.354 7.249 7.147 7.048 6.953 6.963 7.230 7.513 7.813 8.130 8.463 8.812 9.178 9.561 9.957 10.364 10.784 11.146 11.380 11.613 11.845 12.076 12.305 12.533 12.760 12.986 13.211 13.435 13.657 13.776 13.761 13.722 13.659 13.572 13.461 13.326 13.167 12.984 12.777 12.546 12.291 13.667 16.253 18.910 21.636 24.432 27.333 30.296 33.182 35.993 38.727 41.385 43.968 44.710 44.669 44.581 44.448 44.269 44.045 43.774 43.458 43.096 42.689 42.235 41.736 40.275
7.801 7.684 7.571 7.461 7.354 7.251 7.151 7.054 6.960 6.869 6.782 6.698 6.683 7.007 7.348 7.705 8.079 8.470 8.877 9.300 9.740 10.194 10.660 11.138 11.569 11.798 12.025 12.252 12.477 12.702 12.925 13.147 13.367 13.587 13.805 14.023 14.127 14.006 13.861 13.691 13.498 13.281 13.040 12.775 12.660 12.961 13.163 13.265 14.717 17.724 20.655 23.510 26.289 28.992 31.619 34.170 36.645 39.044 41.367 43.614 44.387 44.143 43.854 43.518 43.137 42.711 42.238 41.720 41.156 40.546 39.891 39.190 37.785
