DATA/SHG/ECMWF/20170628/EN-23/20170630.en-23.asc
ncols        190
nrows        64
xllcorner    -5100000.000000000000
yllcorner    4130000.000000000000
cellsize     10000.000000000000
NODATA_value  -99999.000
[rows 0 to 32 of 64, columns 73 to 145 of 190]
3.849 3.495 3.128 2.749 2.357 1.952 1.535 1.106 0.820 0.898 0.989 1.085 1.187 1.294 1.406 1.523 1.646 1.775 1.908 2.047 2.167 2.204 2.238 2.276 2.316 2.359 2.406 2.455 2.507 2.562 2.621 2.682 2.738 2.765 2.789 2.808 2.822 2.832 2.838 2.839 2.835 2.828 2.816 2.799 2.765 2.684 2.597 2.505 2.407 2.304 2.195 2.080 1.960 1.834 1.703 1.566 1.492 1.622 1.760 1.904 2.056 2.215 2.381 2.554 2.734 2.922 3.116 3.318 3.474 3.479 3.476 3.464 3.444
4.241 3.843 3.407 2.967 2.532 2.101 1.675 1.254 0.928 1.032 1.142 1.257 1.377 1.502 1.633 1.770 1.911 2.058 2.211 2.368 2.520 2.570 2.617 2.668 2.722 2.778 2.838 2.900 2.966 3.035 3.106 3.181 3.250 3.258 3.262 3.261 3.255 3.245 3.231 3.213 3.189 3.162 3.130 3.094 3.046 2.939 2.828 2.711 2.588 2.459 2.326 2.186 2.041 1.890 1.734 1.573 1.451 1.613 1.782 1.959 2.143 2.333 2.531 2.736 2.949 3.168 3.395 3.628 3.828 3.796 3.756 3.707 3.650
4.349 3.916 3.487 3.063 2.644 2.229 1.819 1.414 1.038 1.161 1.289 1.423 1.562 1.706 1.856 2.011 2.171 2.337 2.508 2.684 2.866 2.932 2.993 3.057 3.123 3.193 3.266 3.342 3.421 3.503 3.588 3.675 3.766 3.755 3.739 3.718 3.693 3.663 3.629 3.591 3.548 3.500 3.449 3.393 3.332 3.201 3.064 2.922 2.774 2.621 2.462 2.298 2.128 1.953 1.771 1.585 1.402 1.596 1.798 2.006 2.222 2.445 2.674 2.912 3.156 3.407 3.666 3.931 4.189 4.124 4.062 4.001 3.942
4.392 3.975 3.563 3.155 2.752 2.353 1.959 1.570 1.185 1.284 1.431 1.584 1.741 1.904 2.073 2.246 2.425 2.610 2.800 2.995 3.195 3.290 3.364 3.441 3.521 3.605 3.691 3.780 3.872 3.967 4.065 4.166 4.270 4.256 4.220 4.179 4.134 4.085 4.031 3.973 3.910 3.843 3.772 3.696 3.616 3.468 3.306 3.139 2.967 2.788 2.605 2.415 2.221 2.020 1.814 1.603 1.386 1.572 1.806 2.050 2.304 2.563 2.827 3.095 3.368 3.645 3.927 4.214 4.506 4.474 4.420 4.367 4.316
4.431 4.030 3.634 3.242 2.855 2.473 2.095 1.722 1.353 1.403 1.568 1.739 1.916 2.097 2.284 2.477 2.675 2.878 3.086 3.300 3.519 3.644 3.731 3.822 3.915 4.012 4.111 4.214 4.319 4.427 4.539 4.653 4.770 4.761 4.705 4.645 4.580 4.511 4.437 4.359 4.277 4.190 4.099 4.004 3.904 3.740 3.554 3.362 3.164 2.961 2.768 2.577 2.376 2.164 1.942 1.709 1.466 1.623 1.889 2.159 2.434 2.714 2.999 3.288 3.582 3.880 4.184 4.492 4.804 4.822 4.775 4.730 4.687
4.466 4.081 3.701 3.325 2.954 2.588 2.226 1.869 1.516 1.516 1.700 1.890 2.085 2.285 2.491 2.702 2.919 3.140 3.367 3.600 3.838 3.994 4.095 4.199 4.305 4.415 4.528 4.643 4.762 4.883 5.008 5.136 5.266 5.270 5.194 5.114 5.030 4.941 4.848 4.750 4.648 4.551 4.468 4.396 4.335 4.201 4.015 3.820 3.613 3.397 3.170 2.932 2.684 2.425 2.156 1.877 1.587 1.685 1.972 2.263 2.559 2.860 3.166 3.476 3.791 4.110 4.435 4.764 5.097 5.167 5.128 5.091 5.056
4.497 4.128 3.764 3.404 3.049 2.699 2.353 2.012 1.675 1.624 1.827 2.035 2.249 2.468 2.693 2.922 3.157 3.398 3.643 3.894 4.151 4.340 4.454 4.571 4.691 4.814 4.940 5.069 5.201 5.336 5.474 5.614 5.725 5.705 5.582 5.471 5.370 5.281 5.203 5.136 5.081 5.036 5.002 4.980 4.969 4.847 4.615 4.372 4.119 3.856 3.582 3.298 3.003 2.697 2.382 2.055 1.719 1.742 2.050 2.362 2.679 3.001 3.328 3.659 3.995 4.335 4.681 5.031 5.385 5.510 5.479 5.450 5.423
4.523 4.170 3.822 3.478 3.139 2.805 2.475 2.150 1.829 1.727 1.949 2.176 2.408 2.646 2.889 3.137 3.391 3.650 3.914 4.184 4.459 4.683 4.810 4.920 5.020 5.119 5.216 5.311 5.404 5.496 5.585 5.673 5.759 5.780 5.708 5.646 5.595 5.556 5.527 5.510 5.504 5.509 5.525 5.552 5.590 5.504 5.225 4.935 4.636 4.325 4.005 3.674 3.332 2.980 2.617 2.245 1.861 1.794 2.123 2.456 2.794 3.137 3.485 3.837 4.194 4.555 4.921 5.292 5.668 5.851 5.828 5.806 5.787
4.545 4.208 3.876 3.548 3.225 2.907 2.593 2.284 1.979 1.825 2.065 2.311 2.562 2.818 3.080 3.352 3.639 3.912 4.171 4.416 4.647 4.838 4.934 5.028 5.120 5.211 5.300 5.387 5.472 5.556 5.638 5.717 5.796 5.844 5.821 5.808 5.807 5.817 5.839 5.871 5.914 5.969 6.034 6.111 6.199 6.171 5.845 5.509 5.162 4.805 4.438 4.060 3.672 3.273 2.864 2.444 2.014 1.841 2.191 2.545 2.904 3.268 3.636 4.010 4.387 4.770 5.157 5.549 5.945 6.189 6.174 6.161 6.149
4.563 4.242 3.926 3.614 3.307 3.005 2.707 2.414 2.151 2.030 2.352 2.660 2.954 3.234 3.500 3.752 3.990 4.214 4.425 4.621 4.804 4.963 5.051 5.138 5.222 5.305 5.386 5.465 5.542 5.618 5.692 5.763 5.834 5.895 5.921 5.959 6.007 6.067 6.137 6.219 6.312 6.416 6.531 6.657 6.794 6.848 6.475 6.093 5.699 5.296 4.882 4.457 4.022 3.577 3.121 2.655 2.178 1.883 2.254 2.629 3.009 3.394 3.783 4.177 4.576 4.979 5.388 5.800 6.218 6.526 6.518 6.513 6.509
4.576 4.290 4.039 3.804 3.586 3.383 3.195 3.024 2.869 2.734 3.007 3.266 3.512 3.743 3.960 4.164 4.353 4.529 4.691 4.838 4.972 5.090 5.171 5.249 5.326 5.401 5.474 5.545 5.614 5.682 5.747 5.811 5.874 5.934 6.010 6.097 6.195 6.304 6.424 6.555 6.697 6.851 7.015 7.191 7.377 7.535 7.116 6.687 6.247 5.796 5.336 4.865 4.383 3.891 3.389 2.876 2.352 1.920 2.312 2.708 3.109 3.515 3.925 4.340 4.760 5.184 5.613 6.047 6.485 6.860 6.860 6.862 6.867
4.816 4.605 4.410 4.230 4.067 3.919 3.787 3.670 3.570 3.485 3.674 3.885 4.081 4.264 4.433 4.588 4.728 4.855 4.969 5.068 5.153 5.222 5.293 5.363 5.431 5.498 5.563 5.626 5.688 5.747 5.805 5.861 5.915 5.968 6.086 6.222 6.370 6.528 6.698 6.878 7.070 7.273 7.487 7.712 7.948 8.195 7.767 7.291 6.805 6.308 5.800 5.283 4.754 4.216 3.667 3.107 2.538 1.957 2.365 2.782 3.204 3.630 4.062 4.497 4.938 5.383 5.833 6.288 6.758 7.220 7.331 7.512 7.762
5.061 4.905 4.765 4.641 4.532 4.439 4.362 4.301 4.256 4.227 4.353 4.515 4.663 4.797 4.917 5.023 5.116 5.194 5.259 5.309 5.346 5.367 5.416 5.478 5.539 5.598 5.655 5.710 5.763 5.815 5.865 5.913 5.959 6.004 6.150 6.336 6.533 6.740 6.959 7.189 7.430 7.683 7.946 8.220 8.506 8.802 8.428 7.906 7.373 6.829 6.275 5.711 5.136 4.551 3.956 3.350 2.733 2.107 2.413 2.885 3.391 3.892 4.386 4.875 5.357 5.834 6.305 6.770 7.229 7.682 8.106 8.594 9.152
5.291 5.190 5.105 5.036 4.982 4.945 4.923 4.917 4.927 4.952 5.044 5.157 5.256 5.342 5.413 5.471 5.515 5.545 5.561 5.563 5.551 5.523 5.541 5.595 5.648 5.699 5.748 5.795 5.841 5.884 5.926 5.966 6.005 6.041 6.202 6.437 6.683 6.940 7.209 7.488 7.778 8.080 8.392 8.716 9.051 9.396 9.100 8.531 7.951 7.361 6.730 6.085 5.470 4.885 4.329 3.803 3.307 2.840 3.111 3.597 4.077 4.552 5.020 5.482 5.939 6.389 6.834 7.273 7.706 8.133 8.810 9.607 10.472
5.506 5.460 5.430 5.416 5.417 5.435 5.468 5.517 5.582 5.662 5.746 5.811 5.861 5.898 5.921 5.931 5.926 5.907 5.875 5.829 5.769 5.692 5.668 5.714 5.759 5.802 5.843 5.882 5.920 5.956 5.990 6.022 6.052 6.081 6.241 6.526 6.821 7.128 7.445 7.774 8.114 8.410 8.647 8.873 9.087 9.290 8.981 8.349 7.748 7.175 6.633 6.120 5.636 5.182 4.758 4.363 3.998 3.662 3.855 4.315 4.769 5.217 5.659 6.095 6.525 6.950 7.368 7.781 8.187 8.588 9.445 10.548 11.721
5.705 5.715 5.740 5.780 5.837 5.909 5.997 6.101 6.221 6.356 6.460 6.476 6.478 6.467 6.442 6.402 6.349 6.282 6.201 6.107 5.998 5.872 5.797 5.835 5.872 5.907 5.940 5.971 6.001 6.029 6.055 6.079 6.100 6.099 6.200 6.466 6.722 6.965 7.197 7.418 7.627 7.825 8.011 8.186 8.349 8.500 8.327 7.827 7.357 6.916 6.505 6.123 5.771 5.448 5.155 4.892 4.658 4.453 4.604 5.037 5.465 5.887 6.303 6.713 7.117 7.515 7.907 8.294 8.674 9.049 10.010 11.420 12.900
5.890 5.954 6.034 6.130 6.241 6.369 6.512 6.671 6.845 7.035 7.186 7.153 7.107 7.047 6.974 6.886 6.784 6.669 6.540 6.397 6.240 6.065 5.927 6.018 6.134 6.225 6.290 6.328 6.341 6.328 6.290 6.225 6.135 6.018 5.986 6.201 6.405 6.598 6.779 6.948 7.106 7.253 7.388 7.511 7.623 7.724 7.644 7.275 6.936 6.626 6.346 6.096 5.875 5.683 5.521 5.389 5.286 5.213 5.358 5.765 6.167 6.562 6.952 7.336 7.714 8.086 8.452 8.812 9.166 9.515 10.505 12.222 14.008
6.059 6.178 6.313 6.464 6.631 6.813 7.011 7.224 7.454 7.699 7.923 7.843 7.748 7.640 7.518 7.379 7.227 7.114 7.042 7.009 7.016 7.046 7.091 7.118 7.119 7.094 7.044 6.967 6.865 6.737 6.583 6.404 6.198 5.967 5.784 5.949 6.102 6.243 6.373 6.492 6.599 6.694 6.778 6.850 6.911 6.961 6.930 6.692 6.484 6.306 6.157 6.038 5.948 5.887 5.856 5.855 5.883 5.940 6.116 6.498 6.873 7.242 7.606 7.964 8.315 8.661 9.001 9.335 9.664 9.986 10.930 12.954 15.047
6.214 6.388 6.578 6.783 7.004 7.241 7.494 7.763 8.025 8.173 8.298 8.093 7.920 7.787 7.694 7.641 7.627 7.653 7.719 7.825 7.971 8.140 8.327 8.245 8.131 7.991 7.826 7.634 7.417 7.174 6.905 6.610 6.290 5.943 5.596 5.709 5.811 5.901 5.980 6.048 6.104 6.148 6.181 6.203 6.213 6.211 6.185 6.079 6.002 5.955 5.937 5.949 5.990 6.060 6.160 6.290 6.449 6.637 6.880 7.235 7.584 7.928 8.265 8.597 8.922 9.242 9.556 9.864 10.166 10.462 11.285 13.616 16.015
6.353 6.583 6.810 7.014 7.196 7.355 7.493 7.608 7.700 7.771 7.819 7.764 7.730 7.735 7.781 7.866 7.991 8.156 8.360 8.605 8.889 9.197 9.524 9.400 9.171 8.916 8.636 8.329 7.997 7.639 7.255 6.845 6.410 5.948 5.461 5.482 5.533 5.573 5.601 5.617 5.622 5.615 5.597 5.568 5.527 5.474 5.411 5.436 5.490 5.573 5.686 5.829 6.001 6.202 6.433 6.693 6.983 7.302 7.649 7.978 8.301 8.618 8.929 9.235 9.534 9.828 10.116 10.397 10.673 10.944 11.571 14.208 16.914
6.652 6.823 6.972 7.099 7.203 7.285 7.344 7.382 7.397 7.390 7.360 7.399 7.503 7.647 7.831 8.055 8.318 8.621 8.964 9.347 9.769 10.217 10.683 10.583 10.239 9.869 9.473 9.052 8.605 8.132 7.633 7.108 6.558 5.982 5.380 5.268 5.268 5.257 5.234 5.199 5.153 5.096 5.027 4.946 4.855 4.751 4.636 4.762 4.947 5.161 5.405 5.678 5.981 6.313 6.675 7.066 7.486 7.936 8.416 8.725 9.022 9.313 9.598 9.878 10.151 10.419 10.680 10.936 11.186 11.506 12.037 15.106 18.204
6.990 7.084 7.155 7.204 7.230 7.235 7.217 7.177 7.114 7.030 6.923 6.997 7.240 7.523 7.845 8.207 8.609 9.050 9.532 10.053 10.613 11.200 11.806 11.793 11.334 10.849 10.339 9.802 9.240 8.653 8.039 7.400 6.735 6.044 5.327 5.067 5.016 4.954 4.880 4.794 4.697 4.589 4.469 4.338 4.195 4.041 3.875 4.058 4.373 4.719 5.093 5.497 5.931 6.393 6.886 7.407 7.958 8.539 9.149 9.477 9.831 10.296 10.750 11.192 11.622 12.041 12.448 12.844 13.228 13.600 13.961 16.972 20.200
7.349 7.365 7.358 7.329 7.279 7.206 7.110 6.993 6.853 6.691 6.507 6.560 6.941 7.362 7.823 8.323 8.863 9.443 10.062 10.721 11.420 12.146 12.892 13.031 12.457 11.857 11.232 10.581 9.904 9.202 8.473 7.719 6.940 6.134 5.303 4.879 4.777 4.664 4.539 4.403 4.255 4.096 3.925 3.743 3.549 3.344 3.127 3.323 3.770 4.245 4.751 5.345 6.072 6.844 7.662 8.524 9.431 10.384 11.381 11.972 12.397 12.811 13.213 13.603 13.982 14.349 14.705 15.049 15.382 15.703 16.012 18.806 22.163
7.728 7.666 7.582 7.476 7.348 7.197 7.024 6.829 6.612 6.373 6.111 6.087 6.606 7.165 7.764 8.403 9.081 9.799 10.556 11.354 12.190 13.055 13.940 14.296 13.607 12.893 12.153 11.387 10.596 9.779 8.936 8.067 7.173 6.253 5.307 4.704 4.551 4.386 4.211 4.024 3.825 3.615 3.433 3.306 3.174 3.037 2.894 3.204 3.951 4.743 5.579 6.461 7.388 8.360 9.377 10.439 11.547 12.699 13.896 14.598 14.972 15.334 15.684 16.023 16.351 16.667 16.971 17.263 17.545 17.814 18.072 20.609 24.095
8.127 7.988 7.826 7.643 7.437 7.209 6.959 6.687 6.392 6.076 5.737 5.578 6.235 6.933 7.670 8.446 9.263 10.118 11.014 11.949 12.924 13.927 14.952 15.588 14.785 13.956 13.101 12.221 11.315 10.383 9.426 8.443 7.434 6.411 5.421 4.733 4.620 4.501 4.378 4.249 4.114 3.974 3.829 3.678 3.522 3.361 3.194 3.472 4.419 5.411 6.447 7.529 8.656 9.827 11.044 12.306 13.612 14.964 16.360 17.233 17.555 17.865 18.165 18.452 18.728 18.992 19.245 19.486 19.716 19.934 20.141 22.379 25.994
8.546 8.330 8.091 7.830 7.547 7.242 6.915 6.565 6.193 5.800 5.383 5.033 5.829 6.664 7.539 8.454 9.408 10.402 11.435 12.508 13.620 14.762 15.926 16.908 15.896 14.750 13.639 12.562 11.519 10.510 9.535 8.594 7.687 6.815 5.976 5.302 5.165 5.023 4.875 4.722 4.564 4.400 4.231 4.056 3.876 3.691 3.500 3.693 4.839 6.030 7.267 8.548 9.874 11.245 12.661 14.122 15.628 17.179 18.775 19.876 20.146 20.405 20.653 20.889 21.114 21.327 21.528 21.718 21.896 22.063 22.218 24.118 27.862
8.986 8.692 8.377 8.038 7.678 7.296 6.891 6.464 6.015 5.544 5.051 4.536 5.386 6.359 7.372 8.425 9.500 10.472 11.418 12.338 13.234 14.125 15.015 15.885 14.902 13.908 12.948 12.022 11.130 10.272 9.448 8.658 7.903 7.181 6.493 5.877 5.716 5.550 5.378 5.201 5.019 4.831 4.638 4.439 4.235 4.026 3.811 3.865 5.211 6.602 8.037 9.518 11.044 12.614 14.230 15.890 17.595 19.345 21.140 22.527 22.746 22.954 23.150 23.335 23.508 23.670 23.820 23.958 24.085 24.201 24.305 25.825 29.698
9.447 9.075 8.682 8.267 7.829 7.370 6.888 6.384 5.858 5.310 4.760 4.220 4.939 5.924 6.883 7.818 8.727 9.612 10.471 11.305 12.114 12.917 13.719 14.502 13.872 13.029 12.220 11.445 10.704 9.997 9.324 8.685 8.080 7.510 6.973 6.470 6.272 6.082 5.886 5.685 5.479 5.267 5.050 4.827 4.600 4.366 4.128 3.989 5.535 7.125 8.760 10.440 12.164 13.934 15.749 17.608 19.513 21.462 23.456 25.186 25.354 25.511 25.656 25.789 25.911 26.021 26.120 26.207 26.283 26.347 26.400 27.500 31.502
9.927 9.479 8.975 8.390 7.815 7.250 6.695 6.149 5.614 5.088 4.573 4.067 4.537 5.435 6.308 7.155 7.978 8.775 9.547 10.295 11.017 11.733 12.448 13.142 12.805 12.113 11.455 10.831 10.241 9.684 9.162 8.674 8.220 7.800 7.415 7.063 6.833 6.619 6.399 6.174 5.944 5.708 5.467 5.221 4.969 4.712 4.450 4.182 5.810 7.599 9.433 11.313 13.236 15.205 17.219 19.277 21.381 23.529 25.722 27.854 27.971 28.076 28.170 28.252 28.322 28.381 28.429 28.465 28.489 28.502 28.504 29.143 33.274
9.635 9.065 8.504 7.954 7.413 6.882 6.361 5.850 5.349 4.858 4.376 3.905 4.158 4.969 5.755 6.516 7.252 7.962 8.648 9.308 9.944 10.573 11.200 11.807 11.701 11.160 10.653 10.180 9.740 9.335 8.964 8.626 8.323 8.054 7.818 7.617 7.399 7.161 6.918 6.669 6.415 6.155 5.890 5.620 5.344 5.063 4.777 4.485 6.037 8.026 10.059 12.137 14.260 16.428 18.640 20.898 23.200 25.547 27.939 30.376 30.596 30.650 30.692 30.723 30.742 30.750 30.746 30.731 30.704 30.666 30.616 30.628 34.449
9.087 8.551 8.025 7.509 7.002 6.506 6.019 5.542 5.076 4.619 4.171 3.734 3.802 4.527 5.226 5.900 6.549 7.173 7.772 8.346 8.895 9.437 9.976 10.495 10.561 10.171 9.814 9.492 9.203 8.948 8.728 8.541 8.388 8.269 8.185 8.134 7.971 7.709 7.441 7.169 6.890 6.607 6.318 6.024 5.724 5.420 5.109 4.794 6.217 8.404 10.636 12.913 15.235 17.601 20.013 22.469 24.970 27.515 30.106 32.741 33.229 33.232 33.069 32.613 32.173 31.750 31.343 30.954 30.581 30.225 29.886 29.564 32.595
8.531 8.029 7.537 7.055 6.583 6.121 5.669 5.226 4.793 4.371 3.958 3.555 3.470 4.107 4.720 5.307 5.870 6.407 6.919 7.407 7.869 8.324 8.776 9.207 9.385 9.145 8.939 8.767 8.629 8.525 8.454 8.418 8.416 8.448 8.513 8.613 8.547 8.261 7.970 7.673 7.371 7.064 6.751 6.433 6.110 5.781 5.447 5.108 6.348 8.734 11.165 13.641 16.161 18.815 21.560 24.097 26.428 28.551 30.467 32.175 32.334 31.918 31.519 31.137 30.771 30.422 30.090 29.775 29.477 29.196 28.931 28.683 30.866
7.966 7.499 7.041 6.593 6.156 5.728 5.309 4.901 4.503 4.114 3.735 3.367 3.160 3.711 4.237 4.738 5.214 5.665 6.091 6.491 6.867 7.235 7.599 7.943 8.171 8.082 8.026 8.005 8.017 8.064 8.144 8.258 8.406 8.588 8.804 9.054 9.129 8.819 8.504 8.184 7.858 7.527 7.190 6.848 6.749 7.364 8.004 8.668 10.448 13.313 15.970 18.420 20.664 22.700 24.529 26.150 27.565 28.772 29.772 30.565 30.620 30.278 29.953 29.645 29.354 29.080 28.822 28.582 28.358 28.151 27.960 27.787 29.264
