DATA/SHG/ECMWF/20170628/EN-23/20170703.en-23.asc
ncols        190
nrows        64
xllcorner    -5100000.000000000000
yllcorner    4130000.000000000000
cellsize     10000.000000000000
NODATA_value  -99999.000
[rows 0 to 31 of 64, columns 0 to 72 of 190]
2.666 3.041 3.410 3.774 4.134 4.488 4.836 5.180 5.519 5.615 5.643 5.680 5.727 5.782 5.847 5.921 6.004 6.096 6.198 6.288 6.376 6.415 6.426 6.434 6.438 6.438 6.435 6.428 6.417 6.403 6.385 6.363 6.338 6.381 6.463 6.537 6.603 6.661 6.711 6.754 6.789 6.816 6.835 6.846 6.850 6.779 6.646 6.513 6.378 6.242 6.105 5.967 5.828 5.687 5.546 5.403 5.259 5.154 5.107 5.077 5.064 5.067 5.086 5.122 5.174 5.243 5.328 5.430 5.549 5.918 6.646 7.334 7.981
2.544 2.900 3.251 3.597 3.939 4.274 4.605 4.931 5.251 5.407 5.468 5.538 5.607 5.680 5.758 5.840 5.927 6.018 6.113 6.212 6.316 6.367 6.365 6.360 6.351 6.339 6.322 6.303 6.279 6.252 6.221 6.187 6.149 6.155 6.209 6.256 6.294 6.325 6.348 6.363 6.370 6.370 6.361 6.345 6.321 6.250 6.113 5.976 5.837 5.697 5.557 5.414 5.271 5.127 4.981 4.835 4.687 4.586 4.598 4.626 4.670 4.731 4.808 4.902 5.012 5.139 5.282 5.442 5.618 5.913 6.499 7.045 7.550
2.427 2.765 3.098 3.426 3.754 4.091 4.411 4.713 4.998 5.178 5.254 5.334 5.418 5.507 5.600 5.698 5.800 5.907 6.017 6.132 6.252 6.323 6.308 6.290 6.268 6.243 6.214 6.181 6.145 6.105 6.062 6.014 5.964 5.937 5.964 5.983 5.994 5.997 5.993 5.981 5.960 5.932 5.897 5.853 5.802 5.723 5.583 5.441 5.299 5.155 5.010 4.864 4.717 4.569 4.419 4.269 4.117 4.003 4.073 4.159 4.261 4.380 4.515 4.667 4.835 5.019 5.220 5.438 5.785 6.162 6.731 7.269 7.775
2.494 2.839 3.167 3.477 3.770 4.045 4.303 4.544 4.767 4.938 5.030 5.125 5.225 5.330 5.438 5.552 5.669 5.791 5.917 6.048 6.183 6.282 6.255 6.224 6.189 6.151 6.109 6.064 6.015 5.962 5.906 5.846 5.782 5.728 5.727 5.719 5.702 5.678 5.646 5.607 5.559 5.504 5.441 5.370 5.291 5.198 5.054 4.909 4.762 4.614 4.466 4.316 4.165 4.012 3.859 3.705 3.549 3.405 3.533 3.676 3.854 4.248 4.632 5.005 5.368 5.721 6.064 6.396 6.718 7.030 7.486 7.912 8.307
2.775 3.059 3.325 3.574 3.805 4.019 4.215 4.394 4.555 4.694 4.801 4.912 5.028 5.148 5.272 5.401 5.534 5.671 5.813 5.959 6.109 6.246 6.206 6.162 6.114 6.064 6.009 5.951 5.889 5.823 5.754 5.681 5.605 5.527 5.499 5.463 5.419 5.368 5.308 5.241 5.166 5.083 4.993 4.895 4.788 4.674 4.527 4.378 4.227 4.076 3.923 3.769 3.614 3.518 3.619 3.729 3.847 3.972 4.337 4.715 5.083 5.441 5.789 6.126 6.453 6.770 7.077 7.373 7.660 7.936 8.269 8.585 8.869
3.075 3.297 3.502 3.689 3.859 4.011 4.146 4.263 4.363 4.446 4.568 4.695 4.826 4.961 5.101 5.245 5.394 5.546 5.704 5.865 6.031 6.202 6.160 6.104 6.044 5.980 5.912 5.841 5.767 5.688 5.607 5.521 5.432 5.339 5.279 5.216 5.144 5.065 4.979 4.884 4.782 4.672 4.554 4.428 4.295 4.153 4.091 4.165 4.247 4.336 4.434 4.539 4.653 4.774 4.903 5.040 5.185 5.338 5.646 5.988 6.320 6.642 6.954 7.255 7.546 7.827 8.098 8.359 8.609 8.849 9.082 9.286 9.460
3.394 3.555 3.697 3.823 3.931 4.022 4.095 4.151 4.190 4.211 4.331 4.473 4.619 4.770 4.926 5.085 5.249 5.417 5.590 5.767 5.949 6.134 6.119 6.049 5.976 5.900 5.820 5.736 5.649 5.558 5.463 5.365 5.263 5.157 5.067 4.976 4.878 4.772 4.658 4.634 4.687 4.746 4.812 4.885 4.965 5.051 5.145 5.247 5.356 5.473 5.598 5.731 5.872 6.021 6.178 6.342 6.515 6.695 6.963 7.269 7.565 7.851 8.127 8.392 8.648 8.893 9.128 9.352 9.567 9.771 9.923 10.017 10.079
3.732 3.830 3.912 3.976 4.023 4.052 4.064 4.059 4.036 3.995 4.089 4.247 4.409 4.575 4.746 4.921 5.100 5.284 5.472 5.664 5.861 6.062 6.081 5.999 5.913 5.824 5.731 5.635 5.534 5.431 5.323 5.212 5.183 5.198 5.232 5.275 5.324 5.381 5.443 5.513 5.589 5.672 5.762 5.858 5.961 6.071 6.190 6.319 6.456 6.600 6.753 6.914 7.082 7.258 7.442 7.634 7.834 8.042 8.288 8.558 8.818 9.068 9.308 9.538 9.757 9.966 10.165 10.354 10.533 10.701 10.792 10.776 10.727
4.088 4.125 4.145 4.148 4.133 4.101 4.052 3.985 3.901 3.799 3.843 4.016 4.193 4.375 4.561 4.752 4.947 5.146 5.349 5.557 5.770 5.986 6.047 5.953 5.854 5.784 5.735 5.704 5.691 5.697 5.722 5.765 5.827 5.907 5.986 6.053 6.126 6.205 6.291 6.384 6.484 6.590 6.703 6.823 6.949 7.082 7.225 7.382 7.546 7.718 7.898 8.086 8.282 8.486 8.697 8.917 9.144 9.379 9.621 9.855 10.079 10.293 10.497 10.691 10.875 11.048 11.211 11.364 11.507 11.640 11.691 11.563 11.404
4.462 4.438 4.397 4.338 4.262 4.169 4.058 3.930 3.785 3.622 3.592 3.781 3.974 4.171 4.373 4.578 4.789 5.010 5.270 5.509 5.726 5.921 6.015 5.975 5.954 5.951 5.967 6.001 6.054 6.125 6.215 6.323 6.450 6.596 6.733 6.823 6.919 7.022 7.131 7.247 7.370 7.500 7.636 7.779 7.929 8.085 8.251 8.435 8.627 8.827 9.034 9.249 9.473 9.704 9.943 10.190 10.444 10.707 10.961 11.160 11.348 11.527 11.695 11.853 12.000 12.138 12.265 12.383 12.490 12.587 12.617 12.380 12.110
4.856 4.770 4.668 4.548 4.411 4.256 4.084 3.895 3.688 3.464 3.385 3.720 4.034 4.326 4.596 4.845 5.072 5.278 5.462 5.624 5.765 5.885 5.967 5.992 6.036 6.098 6.179 6.278 6.396 6.533 6.688 6.862 7.054 7.265 7.472 7.584 7.704 7.830 7.963 8.102 8.249 8.401 8.561 8.727 8.900 9.079 9.268 9.479 9.699 9.926 10.160 10.403 10.654 10.912 11.179 11.453 11.735 12.025 12.310 12.473 12.625 12.768 12.900 13.022 13.134 13.236 13.328 13.409 13.480 13.542 13.573 13.225 12.845
5.267 5.121 4.957 4.810 4.697 4.590 4.492 4.400 4.317 4.241 4.207 4.466 4.704 4.920 5.114 5.287 5.438 5.568 5.676 5.763 5.828 5.871 5.898 5.989 6.098 6.225 6.371 6.536 6.719 6.921 7.141 7.380 7.637 7.913 8.202 8.338 8.481 8.631 8.787 8.950 9.119 9.295 9.478 9.667 9.863 10.066 10.275 10.514 10.761 11.015 11.277 11.547 11.825 12.111 12.405 12.706 13.016 13.333 13.658 13.793 13.910 14.017 14.113 14.200 14.276 14.342 14.398 14.305 14.124 13.966 13.833 13.332 12.816
5.823 5.713 5.610 5.515 5.428 5.348 5.276 5.211 5.153 5.104 5.062 5.234 5.396 5.536 5.654 5.751 5.827 5.880 5.913 5.924 5.913 5.881 5.827 5.966 6.140 6.333 6.544 6.774 7.022 7.289 7.575 7.878 8.201 8.542 8.901 9.084 9.250 9.423 9.603 9.789 9.981 10.181 10.387 10.599 10.819 11.044 11.277 11.539 11.813 12.095 12.385 12.682 12.987 13.301 13.622 13.950 14.287 14.632 14.984 15.122 14.946 14.682 14.441 14.224 14.031 13.862 13.717 13.595 13.498 13.424 13.374 13.000 12.552
6.439 6.355 6.279 6.211 6.150 6.096 6.050 6.012 5.981 5.958 5.942 6.024 6.110 6.174 6.217 6.238 6.237 6.215 6.172 6.107 6.021 5.913 5.783 5.924 6.163 6.421 6.697 6.992 7.306 7.638 7.988 8.357 8.744 9.150 9.574 9.822 10.012 10.208 10.410 10.620 10.836 11.058 11.287 11.523 11.766 12.015 12.271 12.555 12.857 13.166 13.483 13.807 14.140 14.179 14.157 14.129 14.095 14.053 14.006 13.836 13.631 13.450 13.293 13.160 13.050 12.964 12.903 12.864 12.850 12.860 12.893 12.651 12.271
7.046 6.989 6.939 6.897 6.862 6.835 6.816 6.804 6.799 6.802 6.813 6.836 6.846 6.834 6.801 6.747 6.671 6.573 6.454 6.313 6.151 5.968 5.763 5.862 6.167 6.490 6.831 7.191 7.569 7.966 8.381 8.815 9.268 9.738 10.228 10.553 10.765 10.984 11.210 11.443 11.682 11.927 12.180 12.439 12.705 12.977 12.954 12.940 12.935 12.924 12.906 12.881 12.850 12.812 12.768 12.717 12.660 12.596 12.526 12.416 12.294 12.197 12.123 12.073 12.047 12.045 12.067 12.112 12.181 12.274 12.390 12.284 11.972
7.644 7.613 7.589 7.574 7.565 7.565 7.572 7.586 7.608 7.637 7.674 7.670 7.604 7.517 7.408 7.278 7.126 6.953 6.758 6.542 6.304 6.045 5.764 5.781 6.151 6.538 6.945 7.370 7.813 8.275 8.755 9.254 9.771 10.307 10.861 11.275 11.511 11.753 11.969 11.989 11.996 11.991 11.973 11.942 11.898 11.842 11.772 11.718 11.690 11.656 11.615 11.568 11.514 11.454 11.387 11.314 11.234 11.148 11.055 10.974 10.937 10.923 10.932 10.966 11.023 11.104 11.209 11.337 11.490 11.666 11.866 11.899 11.655
8.232 8.228 8.231 8.241 8.260 8.285 8.318 8.359 8.407 8.463 8.526 8.526 8.385 8.222 8.037 7.831 7.604 7.355 7.085 6.793 6.480 6.145 5.789 5.681 6.115 6.568 7.039 7.529 8.037 8.564 9.109 9.631 10.055 10.470 10.875 11.154 11.167 11.168 11.156 11.132 11.095 11.045 10.982 10.907 10.819 10.718 10.605 10.504 10.454 10.397 10.334 10.264 10.187 10.104 10.015 9.919 9.816 9.707 9.592 9.512 9.558 9.627 9.720 9.837 9.977 10.142 10.330 10.542 10.777 11.036 11.319 11.497 11.320
8.812 8.834 8.863 8.900 8.944 8.996 9.056 9.123 9.197 9.279 9.369 9.404 9.187 8.948 8.688 8.407 8.104 7.780 7.434 7.067 6.678 6.268 5.836 5.561 6.043 6.503 6.953 7.394 7.824 8.244 8.654 9.054 9.443 9.823 10.193 10.488 10.457 10.414 10.358 10.289 10.207 10.113 10.006 9.887 9.754 9.610 9.452 9.298 9.225 9.146 9.060 8.967 8.868 8.763 8.651 8.532 8.407 8.276 8.137 8.029 8.158 8.311 8.487 8.687 8.910 9.158 9.429 9.724 10.043 10.385 10.751 11.077 10.967
9.382 9.430 9.486 9.549 9.620 9.698 9.784 9.877 9.978 10.086 10.202 10.304 10.011 9.697 9.362 9.005 8.626 8.141 7.617 7.111 6.621 6.148 5.692 5.287 5.723 6.148 6.563 6.968 7.363 7.748 8.123 8.488 8.842 9.187 9.522 9.836 9.761 9.673 9.573 9.460 9.334 9.195 9.044 8.881 8.704 8.515 8.313 8.101 8.005 7.903 7.795 7.680 7.558 7.430 7.295 7.154 7.006 6.852 6.691 6.525 6.737 6.973 7.232 7.515 7.822 8.153 8.507 8.885 9.287 9.712 10.161 10.634 10.597
9.943 10.018 10.100 10.189 10.286 10.391 10.503 10.623 10.750 10.884 10.833 10.725 10.204 9.655 9.123 8.608 8.110 7.629 7.164 6.717 6.286 5.873 5.476 5.096 5.413 5.803 6.183 6.553 6.913 7.263 7.603 7.933 8.253 8.562 8.862 9.152 9.078 8.946 8.802 8.645 8.475 8.292 8.097 7.889 7.668 7.435 7.189 6.930 6.793 6.669 6.537 6.400 6.256 6.105 5.948 5.784 5.614 5.437 5.254 5.064 5.295 5.614 5.956 6.322 6.712 7.126 7.563 8.024 8.509 9.017 9.549 10.105 10.209
10.495 10.596 10.705 10.662 10.604 10.533 10.446 10.346 10.230 10.101 9.957 9.799 9.378 8.889 8.416 7.960 7.521 7.099 6.694 6.306 5.934 5.580 5.242 4.922 5.114 5.469 5.814 6.149 6.474 6.789 7.094 7.389 7.674 7.949 8.213 8.468 8.410 8.234 8.045 7.843 7.629 7.402 7.163 6.911 6.646 6.369 6.079 5.776 5.590 5.442 5.289 5.128 4.962 4.788 4.609 4.422 4.229 4.030 3.824 3.612 3.832 4.234 4.659 5.108 5.581 6.078 6.598 7.155 7.724 8.273 8.800 9.306 9.453
10.394 10.329 10.250 10.156 10.048 9.926 9.789 9.638 9.472 9.293 9.098 8.889 8.535 8.105 7.692 7.295 6.915 6.553 6.207 5.878 5.565 5.270 4.992 4.730 4.826 5.147 5.457 5.757 6.046 6.326 6.596 6.856 7.106 7.346 7.576 7.796 7.756 7.535 7.302 7.056 6.798 6.527 6.244 5.947 5.638 5.317 4.983 4.636 4.394 4.224 4.048 3.865 3.676 3.480 3.278 3.069 2.853 2.632 2.403 2.168 2.444 3.089 3.712 4.313 4.894 5.454 5.992 6.509 7.005 7.479 7.933 8.365 8.572
10.056 9.941 9.811 9.667 9.509 9.336 9.149 8.947 8.731 8.501 8.256 7.997 7.676 7.305 6.951 6.613 6.293 5.989 5.702 5.432 5.179 4.943 4.724 4.521 4.549 4.835 5.110 5.375 5.630 5.875 6.110 6.335 6.549 6.754 6.949 7.134 7.115 6.850 6.573 6.283 5.981 5.666 5.338 4.998 4.645 4.279 3.901 3.510 3.207 3.014 2.815 2.610 2.398 2.286 2.240 2.199 2.162 2.130 2.102 2.078 2.335 2.906 3.455 3.983 4.490 4.976 5.441 5.884 6.306 6.707 7.087 7.446 7.680
9.735 9.569 9.389 9.195 8.986 8.763 8.525 8.273 8.007 7.726 7.431 7.121 6.799 6.487 6.192 5.914 5.653 5.408 5.181 4.970 4.776 4.598 4.438 4.295 4.283 4.533 4.773 5.004 5.224 5.434 5.634 5.824 6.004 6.174 6.334 6.484 6.488 6.180 5.858 5.524 5.178 4.819 4.447 4.062 3.665 3.256 2.924 2.630 2.417 2.365 2.317 2.274 2.234 2.200 2.170 2.144 2.123 2.106 2.094 2.086 2.247 2.743 3.219 3.674 4.107 4.519 4.910 5.280 5.629 5.956 6.263 6.548 6.777
9.430 9.214 8.983 8.739 8.479 8.206 7.918 7.615 7.299 6.968 6.622 6.262 5.906 5.653 5.417 5.198 4.996 4.810 4.642 4.490 4.355 4.237 4.135 4.051 4.028 4.243 4.448 4.643 4.829 5.004 5.169 5.324 5.469 5.604 5.730 5.845 5.875 5.522 5.157 4.814 4.484 4.165 3.856 3.557 3.268 2.989 2.720 2.462 2.249 2.212 2.180 2.152 2.129 2.110 2.095 2.085 2.079 2.078 2.081 2.089 2.178 2.602 3.004 3.385 3.744 4.083 4.401 4.697 4.972 5.226 5.459 5.671 5.864
9.140 8.875 8.594 8.299 7.989 7.665 7.327 6.974 6.607 6.226 5.830 5.420 4.996 4.802 4.625 4.465 4.322 4.196 4.086 3.993 3.917 3.858 3.815 3.790 3.783 3.963 4.134 4.294 4.444 4.585 4.715 4.835 4.945 5.047 5.141 5.227 5.295 4.971 4.656 4.352 4.058 3.774 3.500 3.236 2.983 2.740 2.506 2.283 2.077 2.056 2.039 2.026 2.019 2.015 2.016 2.021 2.031 2.045 2.064 2.087 2.131 2.480 2.809 3.116 3.403 3.668 3.912 4.135 4.336 4.517 4.677 4.815 4.940
8.852 8.552 8.221 7.876 7.516 7.141 6.753 6.350 5.933 5.501 5.055 4.595 4.120 3.934 3.817 3.715 3.631 3.564 3.513 3.479 3.462 3.462 3.478 3.511 3.560 3.685 3.814 3.936 4.049 4.155 4.253 4.343 4.426 4.500 4.567 4.625 4.676 4.428 4.149 3.880 3.622 3.373 3.135 2.907 2.689 2.481 2.283 2.095 1.918 1.895 1.894 1.897 1.904 1.916 1.933 1.954 1.979 2.009 2.043 2.082 2.125 2.380 2.635 2.869 3.081 3.273 3.444 3.593 3.722 3.829 3.915 3.980 4.024
8.581 8.246 7.865 7.469 7.059 6.634 6.195 5.742 5.275 4.793 4.297 3.786 3.262 3.050 2.991 2.949 2.923 2.958 3.079 3.176 3.248 3.297 3.321 3.322 3.298 3.365 3.467 3.561 3.648 3.726 3.797 3.860 3.915 3.962 4.002 4.033 4.057 3.876 3.632 3.399 3.176 2.963 2.760 2.567 2.384 2.212 2.049 1.897 1.755 1.730 1.744 1.763 1.786 1.813 1.845 1.882 1.922 1.968 2.018 2.072 2.130 2.299 2.481 2.641 2.781 2.899 2.996 3.073 3.128 3.162 3.174 3.166 3.137
8.327 7.956 7.524 7.078 6.618 6.143 5.654 5.151 4.633 4.101 3.652 3.316 2.987 2.925 3.058 3.166 3.251 3.311 3.348 3.360 3.349 3.313 3.253 3.169 3.062 3.054 3.129 3.196 3.255 3.306 3.350 3.385 3.413 3.433 3.445 3.450 3.446 3.314 3.106 2.908 2.720 2.543 2.375 2.218 2.070 1.933 1.806 1.689 1.583 1.560 1.590 1.624 1.663 1.706 1.753 1.805 1.862 1.923 1.988 2.057 2.132 2.240 2.348 2.435 2.501 2.546 2.570 2.573 2.554 2.515 2.455 2.373 2.271
8.090 7.682 7.200 6.784 6.420 6.064 5.715 5.375 5.042 4.717 4.401 4.092 3.791 3.640 3.689 3.713 3.713 3.690 3.642 3.570 3.474 3.354 3.211 3.043 2.851 2.752 2.799 2.839 2.871 2.895 2.911 2.919 2.920 2.913 2.898 2.875 2.844 2.743 2.570 2.408 2.255 2.113 1.981 1.859 1.747 1.645 1.553 1.472 1.400 1.387 1.432 1.482 1.536 1.594 1.657 1.725 1.797 1.873 1.954 2.039 2.128 2.200 2.235 2.249 2.242 2.213 2.164 2.094 2.031 2.011 1.995 1.981 1.972
8.336 8.027 7.675 7.330 6.993 6.665 6.344 6.031 5.726 5.429 5.140 4.859 4.586 4.380 4.345 4.285 4.201 4.093 3.961 3.805 3.625 3.421 3.193 2.941 2.665 2.458 2.478 2.490 2.495 2.492 2.481 2.462 2.436 2.401 2.359 2.309 2.251 2.162 2.025 1.898 1.781 1.674 1.577 1.490 1.414 1.347 1.291 1.244 1.208 1.209 1.270 1.335 1.405 1.479 1.557 1.640 1.727 1.819 1.915 2.016 2.121 2.176 2.144 2.115 2.090 2.069 2.050 2.035 2.024 2.015 2.010 2.008 2.010
8.821 8.509 8.184 7.867 7.558 7.256 6.963 6.678 6.401 6.131 5.870 5.616 5.371 5.145 5.025 4.882 4.714 4.522 4.306 4.065 3.801 3.513 3.201 2.865 2.505 2.172 2.165 2.151 2.128 2.098 2.060 2.014 1.960 1.898 1.829 1.752 1.667 1.572 1.470 1.378 1.296 1.225 1.163 1.112 1.071 1.039 1.018 1.007 1.006 1.027 1.103 1.184 1.269 1.359 1.531 1.727 1.885 2.002 2.080 2.118 2.117 2.083 2.063 2.046 2.033 2.023 2.016 2.013 2.013 2.016 2.022 2.032 2.045
