DATA/SHG/ECMWF/20170628/EN-45/20170711.en-45.asc
ncols        190
nrows        64
xllcorner    -5100000.000000000000
yllcorner    4130000.000000000000
cellsize     10000.000000000000
NODATA_value  -99999.000
[rows 0 to 31 of 64, columns 74 to 147 of 190]
0.035 0.029 0.023 0.018 0.013 0.009 0.005 0.001 0.000 0.000 0.000 0.000 0.000 0.000 0.000 0.000 0.000 0.000 0.000 0.000 0.001 0.002 0.003 0.004 0.006 0.007 0.009 0.010 0.012 0.014 0.016 0.019 0.024 0.028 0.033 0.038 0.043 0.047 0.052 0.057 0.062 0.067 0.071 0.083 0.116 0.148 0.180 0.211 0.242 0.273 0.303 0.333 0.363 0.392 0.421 0.442 0.440 0.438 0.435 0.432 0.428 0.423 0.417 0.411 0.404 0.397 0.388 0.377 0.357 0.337 0.317 0.296 0.275 0.254
0.001 0.000 0.000 0.000 0.000 0.000 0.000 0.000 0.000 0.000 0.000 0.000 0.000 0.000 0.000 0.000 0.000 0.000 0.000 0.000 0.002 0.003 0.005 0.006 0.008 0.010 0.012 0.014 0.017 0.019 0.022 0.024 0.029 0.034 0.039 0.044 0.048 0.053 0.058 0.063 0.068 0.073 0.078 0.086 0.117 0.147 0.178 0.207 0.237 0.266 0.294 0.323 0.350 0.378 0.405 0.427 0.423 0.418 0.412 0.405 0.398 0.390 0.382 0.373 0.363 0.352 0.341 0.328 0.307 0.285 0.264 0.242 0.220 0.197
0.000 0.000 0.000 0.000 0.000 0.000 0.000 0.000 0.000 0.000 0.000 0.000 0.000 0.000 0.000 0.000 0.000 0.000 0.000 0.000 0.002 0.004 0.006 0.008 0.010 0.013 0.015 0.018 0.021 0.024 0.027 0.030 0.035 0.040 0.044 0.049 0.054 0.059 0.064 0.069 0.074 0.079 0.084 0.089 0.118 0.147 0.176 0.204 0.232 0.259 0.286 0.312 0.339 0.364 0.390 0.414 0.406 0.398 0.389 0.380 0.370 0.359 0.347 0.335 0.322 0.308 0.294 0.286 0.276 0.266 0.254 0.241 0.227 0.212
0.000 0.000 0.000 0.000 0.000 0.000 0.000 0.000 0.000 0.000 0.000 0.000 0.000 0.000 0.000 0.000 0.000 0.000 0.000 0.000 0.002 0.005 0.007 0.010 0.013 0.016 0.019 0.022 0.025 0.028 0.032 0.036 0.040 0.045 0.050 0.055 0.060 0.065 0.070 0.075 0.080 0.085 0.090 0.095 0.120 0.148 0.174 0.201 0.227 0.252 0.278 0.303 0.327 0.351 0.375 0.398 0.391 0.380 0.375 0.375 0.376 0.375 0.374 0.373 0.371 0.368 0.364 0.360 0.346 0.330 0.313 0.295 0.276 0.255
0.000 0.000 0.000 0.000 0.000 0.000 0.000 0.000 0.000 0.000 0.000 0.000 0.000 0.000 0.000 0.000 0.000 0.000 0.000 0.000 0.002 0.005 0.008 0.011 0.015 0.018 0.022 0.025 0.029 0.033 0.037 0.041 0.046 0.051 0.056 0.061 0.066 0.071 0.076 0.081 0.086 0.091 0.097 0.102 0.123 0.148 0.173 0.198 0.222 0.251 0.284 0.318 0.354 0.391 0.429 0.468 0.476 0.476 0.474 0.473 0.470 0.467 0.463 0.459 0.454 0.448 0.442 0.435 0.418 0.396 0.374 0.350 0.326 0.300
0.000 0.000 0.000 0.000 0.000 0.000 0.000 0.000 0.000 0.000 0.000 0.000 0.000 0.000 0.000 0.000 0.000 0.000 0.000 0.000 0.002 0.006 0.009 0.013 0.017 0.021 0.025 0.029 0.033 0.037 0.042 0.046 0.051 0.056 0.061 0.067 0.072 0.077 0.082 0.087 0.096 0.106 0.115 0.122 0.144 0.176 0.210 0.245 0.281 0.319 0.357 0.397 0.438 0.481 0.525 0.570 0.582 0.579 0.575 0.570 0.565 0.559 0.553 0.545 0.538 0.530 0.521 0.511 0.490 0.463 0.436 0.407 0.377 0.345
0.000 0.000 0.000 0.000 0.000 0.000 0.000 0.000 0.000 0.000 0.000 0.000 0.000 0.000 0.000 0.000 0.000 0.000 0.000 0.000 0.002 0.006 0.010 0.014 0.018 0.023 0.027 0.032 0.037 0.042 0.047 0.060 0.078 0.094 0.108 0.121 0.132 0.141 0.149 0.155 0.159 0.162 0.163 0.163 0.182 0.220 0.259 0.300 0.342 0.385 0.429 0.475 0.521 0.569 0.619 0.669 0.688 0.682 0.676 0.668 0.660 0.652 0.642 0.633 0.622 0.611 0.599 0.587 0.564 0.532 0.499 0.464 0.429 0.392
0.000 0.000 0.000 0.000 0.000 0.000 0.000 0.000 0.000 0.000 0.000 0.000 0.000 0.000 0.000 0.000 0.000 0.000 0.000 0.000 0.002 0.006 0.012 0.022 0.033 0.047 0.063 0.082 0.102 0.126 0.151 0.179 0.201 0.209 0.216 0.222 0.225 0.227 0.228 0.227 0.224 0.220 0.214 0.206 0.219 0.263 0.307 0.354 0.401 0.450 0.499 0.551 0.603 0.657 0.712 0.768 0.795 0.786 0.777 0.767 0.756 0.745 0.733 0.720 0.707 0.693 0.679 0.664 0.638 0.601 0.562 0.523 0.482 0.440
0.000 0.000 0.000 0.000 0.000 0.000 0.000 0.000 0.000 0.000 0.000 0.000 0.000 0.000 0.000 0.000 0.000 0.000 0.000 0.000 0.003 0.018 0.035 0.055 0.077 0.101 0.127 0.156 0.187 0.221 0.257 0.295 0.325 0.326 0.326 0.324 0.321 0.316 0.309 0.301 0.291 0.279 0.266 0.251 0.254 0.304 0.354 0.406 0.459 0.513 0.568 0.625 0.683 0.743 0.803 0.865 0.903 0.891 0.879 0.866 0.852 0.838 0.824 0.808 0.792 0.776 0.759 0.741 0.714 0.671 0.627 0.582 0.536 0.489
0.000 0.000 0.000 0.000 0.000 0.000 0.000 0.000 0.001 0.001 0.001 0.002 0.002 0.002 0.002 0.002 0.001 0.001 0.001 0.000 0.002 0.028 0.055 0.085 0.118 0.152 0.189 0.228 0.270 0.314 0.360 0.408 0.451 0.445 0.438 0.429 0.418 0.406 0.392 0.376 0.359 0.340 0.320 0.298 0.288 0.343 0.399 0.457 0.515 0.575 0.636 0.698 0.762 0.827 0.893 0.960 1.010 0.996 0.981 0.965 0.949 0.932 0.915 0.897 0.878 0.859 0.839 0.819 0.791 0.743 0.694 0.643 0.592 0.539
0.002 0.005 0.007 0.009 0.009 0.009 0.008 0.007 0.004 0.004 0.004 0.004 0.004 0.004 0.003 0.003 0.003 0.002 0.001 0.001 0.000 0.035 0.073 0.113 0.156 0.201 0.248 0.298 0.349 0.404 0.460 0.519 0.579 0.566 0.551 0.534 0.517 0.497 0.476 0.453 0.429 0.403 0.375 0.346 0.321 0.381 0.443 0.506 0.570 0.636 0.702 0.770 0.839 0.910 0.981 1.054 1.119 1.102 1.084 1.065 1.046 1.027 1.007 0.986 0.965 0.943 0.920 0.897 0.868 0.815 0.761 0.705 0.648 0.590
0.029 0.029 0.028 0.027 0.025 0.022 0.018 0.014 0.008 0.007 0.007 0.007 0.006 0.006 0.005 0.005 0.004 0.003 0.002 0.001 0.000 0.039 0.088 0.138 0.191 0.247 0.304 0.364 0.426 0.491 0.558 0.627 0.698 0.687 0.666 0.642 0.617 0.590 0.562 0.532 0.500 0.467 0.432 0.396 0.358 0.418 0.485 0.554 0.624 0.695 0.767 0.840 0.915 0.991 1.069 1.147 1.227 1.208 1.187 1.166 1.144 1.122 1.099 1.076 1.051 1.027 1.001 1.044 1.176 1.260 1.332 1.391 1.438 1.473
0.056 0.054 0.050 0.046 0.041 0.035 0.029 0.021 0.013 0.011 0.010 0.009 0.009 0.008 0.007 0.006 0.005 0.004 0.003 0.002 0.000 0.041 0.100 0.161 0.224 0.290 0.358 0.428 0.501 0.575 0.653 0.732 0.814 0.811 0.782 0.751 0.719 0.685 0.649 0.612 0.573 0.533 0.491 0.447 0.402 0.453 0.526 0.600 0.676 0.752 0.830 0.909 0.990 1.071 1.154 1.238 1.324 1.314 1.314 1.355 1.416 1.498 1.601 1.724 1.869 2.034 2.219 2.426 2.653 2.696 2.713 2.718 2.710 2.690
0.085 0.079 0.073 0.066 0.058 0.050 0.040 0.030 0.019 0.014 0.013 0.012 0.011 0.010 0.009 0.008 0.007 0.005 0.004 0.002 0.001 0.040 0.109 0.181 0.254 0.330 0.409 0.489 0.572 0.657 0.745 0.835 0.927 0.936 0.900 0.862 0.822 0.781 0.738 0.694 0.648 0.600 0.551 0.500 0.448 0.487 0.566 0.646 0.726 0.821 0.931 1.043 1.157 1.273 1.391 1.511 1.633 1.734 1.845 1.978 2.132 2.306 2.501 2.716 2.952 3.209 3.487 3.785 4.104 4.142 4.104 4.054 3.992 3.918
0.114 0.105 0.096 0.087 0.076 0.064 0.052 0.039 0.025 0.017 0.016 0.015 0.014 0.013 0.011 0.010 0.008 0.006 0.005 0.003 0.001 0.037 0.116 0.198 0.282 0.368 0.457 0.548 0.641 0.737 0.834 0.935 1.037 1.063 1.019 0.974 0.927 0.879 0.829 0.778 0.730 0.690 0.655 0.625 0.599 0.655 0.766 0.878 0.993 1.110 1.229 1.350 1.472 1.597 1.724 1.853 1.983 2.151 2.355 2.580 2.825 3.091 3.378 3.686 4.014 4.363 4.732 5.122 5.533 5.598 5.506 5.402 5.285 5.156
0.144 0.132 0.121 0.108 0.094 0.080 0.065 0.049 0.032 0.021 0.019 0.018 0.016 0.015 0.013 0.011 0.010 0.008 0.006 0.004 0.001 0.031 0.121 0.213 0.307 0.404 0.502 0.604 0.707 0.813 0.921 1.027 1.127 1.161 1.110 1.063 1.021 0.983 0.950 0.922 0.898 0.879 0.865 0.855 0.850 0.906 1.025 1.147 1.271 1.396 1.524 1.654 1.785 1.919 2.054 2.192 2.331 2.547 2.843 3.159 3.497 3.855 4.233 4.633 5.053 5.493 5.955 6.437 6.939 7.065 6.918 6.759 6.588 6.404
0.174 0.160 0.145 0.130 0.114 0.096 0.079 0.060 0.040 0.024 0.023 0.021 0.019 0.017 0.015 0.013 0.011 0.009 0.007 0.004 0.002 0.022 0.130 0.242 0.351 0.457 0.561 0.662 0.761 0.857 0.950 1.041 1.129 1.180 1.149 1.123 1.101 1.085 1.072 1.065 1.062 1.063 1.070 1.081 1.096 1.154 1.283 1.413 1.546 1.680 1.816 1.955 2.095 2.238 2.382 2.528 2.677 2.921 3.309 3.717 4.146 4.596 5.066 5.557 6.069 6.602 7.155 7.728 8.323 8.541 8.340 8.127 7.901 7.663
0.205 0.189 0.171 0.153 0.134 0.114 0.093 0.071 0.049 0.028 0.026 0.024 0.022 0.020 0.019 0.031 0.046 0.062 0.081 0.101 0.121 0.150 0.252 0.352 0.450 0.545 0.637 0.726 0.813 0.897 0.979 1.058 1.134 1.194 1.183 1.178 1.177 1.181 1.189 1.202 1.220 1.242 1.269 1.301 1.337 1.400 1.538 1.677 1.818 1.961 2.107 2.254 2.403 2.554 2.707 2.862 3.019 3.273 3.752 4.253 4.774 5.315 5.877 6.460 7.063 7.688 8.332 8.998 9.684 10.028 9.772 9.505 9.225 8.932
0.237 0.218 0.197 0.176 0.154 0.131 0.108 0.085 0.068 0.051 0.060 0.072 0.085 0.101 0.118 0.137 0.159 0.182 0.207 0.235 0.262 0.288 0.378 0.466 0.552 0.635 0.715 0.793 0.868 0.941 1.011 1.078 1.143 1.202 1.213 1.228 1.247 1.272 1.301 1.335 1.373 1.416 1.463 1.516 1.572 1.644 1.790 1.938 2.088 2.240 2.394 2.550 2.708 2.868 3.030 3.194 3.360 3.603 4.174 4.766 5.379 6.012 6.666 7.340 8.035 8.751 9.488 10.245 11.022 11.525 11.215 10.893 10.558 10.212
0.272 0.255 0.238 0.222 0.205 0.188 0.171 0.154 0.136 0.119 0.130 0.149 0.169 0.191 0.216 0.242 0.270 0.300 0.332 0.366 0.400 0.433 0.506 0.582 0.656 0.728 0.796 0.863 0.926 0.987 1.045 1.101 1.154 1.204 1.237 1.272 1.313 1.358 1.407 1.462 1.521 1.584 1.652 1.725 1.803 1.885 2.040 2.197 2.356 2.516 2.679 2.844 3.011 3.179 3.350 3.523 3.697 3.912 4.575 5.258 5.962 6.687 7.433 8.199 8.985 9.793 10.620 11.469 12.338 13.032 12.668 12.291 11.903 11.502
0.344 0.327 0.310 0.292 0.275 0.258 0.240 0.223 0.205 0.187 0.199 0.224 0.251 0.280 0.311 0.344 0.379 0.416 0.455 0.495 0.536 0.576 0.636 0.701 0.764 0.823 0.881 0.935 0.987 1.036 1.083 1.126 1.168 1.206 1.256 1.312 1.373 1.439 1.509 1.584 1.663 1.747 1.836 1.930 2.028 2.130 2.287 2.453 2.621 2.790 2.962 3.135 3.311 3.488 3.668 3.849 4.033 4.218 4.953 5.728 6.524 7.340 8.177 9.035 9.913 10.812 11.731 12.671 13.559 14.283 13.873 13.613 13.501 13.538
0.416 0.398 0.381 0.363 0.345 0.328 0.310 0.292 0.274 0.255 0.266 0.298 0.331 0.367 0.405 0.445 0.486 0.530 0.575 0.623 0.670 0.718 0.770 0.823 0.874 0.922 0.967 1.010 1.050 1.088 1.123 1.155 1.185 1.212 1.270 1.347 1.428 1.514 1.605 1.701 1.801 1.905 2.015 2.129 2.247 2.371 2.532 2.707 2.883 3.062 3.242 3.424 3.608 3.795 3.983 4.173 4.365 4.559 5.310 6.186 7.069 7.929 8.766 9.582 10.375 11.147 11.896 12.623 13.327 14.010 14.293 14.692 15.240 15.937
0.488 0.470 0.452 0.434 0.416 0.398 0.379 0.361 0.342 0.323 0.330 0.369 0.410 0.452 0.497 0.543 0.592 0.642 0.694 0.749 0.803 0.857 0.906 0.948 0.987 1.023 1.057 1.088 1.117 1.142 1.166 1.186 1.204 1.220 1.278 1.376 1.478 1.585 1.696 1.812 1.933 2.058 2.188 2.323 2.462 2.606 2.775 2.958 3.143 3.330 3.535 3.771 4.016 4.269 4.531 4.802 5.081 5.369 6.054 6.860 7.644 8.406 9.146 9.863 10.559 11.232 11.883 12.512 13.118 13.703 14.564 15.622 16.830 18.186
0.560 0.541 0.523 0.505 0.486 0.467 0.449 0.430 0.411 0.392 0.393 0.439 0.486 0.535 0.587 0.640 0.695 0.752 0.811 0.872 0.933 0.994 1.046 1.075 1.103 1.127 1.149 1.169 1.186 1.200 1.211 1.220 1.227 1.230 1.282 1.400 1.523 1.650 1.782 1.919 2.060 2.228 2.427 2.615 2.793 2.960 3.159 3.399 3.647 3.904 4.170 4.444 4.727 5.019 5.319 5.627 5.945 6.271 6.848 7.556 8.242 8.905 9.547 10.166 10.764 11.339 11.892 12.423 12.931 13.418 14.686 16.404 18.270 20.286
0.632 0.613 0.594 0.575 0.556 0.537 0.518 0.499 0.479 0.460 0.454 0.507 0.561 0.617 0.675 0.735 0.797 0.861 0.926 0.994 1.062 1.130 1.187 1.206 1.221 1.234 1.245 1.253 1.258 1.260 1.260 1.257 1.290 1.394 1.547 1.772 1.987 2.191 2.385 2.569 2.742 2.905 3.057 3.199 3.331 3.452 3.631 3.909 4.196 4.491 4.795 5.107 5.428 5.758 6.096 6.443 6.798 7.162 7.663 8.273 8.861 9.426 9.970 10.491 10.991 11.468 11.923 12.356 12.767 13.155 14.661 17.037 19.562 22.236
0.704 0.685 0.665 0.646 0.627 0.607 0.588 0.568 0.548 0.528 0.513 0.572 0.633 0.696 0.761 0.828 0.896 0.967 1.039 1.114 1.189 1.263 1.332 1.348 1.386 1.440 1.507 1.588 1.684 1.794 1.918 2.056 2.209 2.375 2.556 2.735 2.904 3.062 3.210 3.347 3.474 3.591 3.697 3.793 3.879 3.954 4.093 4.409 4.734 5.067 5.409 5.760 6.119 6.487 6.863 7.248 7.642 8.044 8.499 9.011 9.501 9.969 10.415 10.838 11.240 11.619 11.976 12.311 12.624 12.915 14.488 17.522 20.705 24.037
0.776 0.756 0.737 0.717 0.697 0.677 0.657 0.637 0.617 0.596 0.576 0.636 0.704 0.774 0.845 0.929 1.072 1.200 1.313 1.411 1.489 1.548 1.595 1.682 1.784 1.900 2.030 2.175 2.334 2.506 2.693 2.895 3.110 3.340 3.575 3.708 3.830 3.943 4.044 4.136 4.217 4.288 4.348 4.398 4.438 4.467 4.546 4.900 5.263 5.634 6.014 6.403 6.800 7.206 7.620 8.043 8.475 8.915 9.357 9.772 10.164 10.533 10.881 11.207 11.511 11.792 12.051 12.289 12.504 12.697 14.167 17.859 21.699 25.688
0.848 0.828 0.808 0.788 0.768 0.747 0.727 0.706 0.706 0.794 0.902 1.058 1.209 1.345 1.466 1.572 1.663 1.739 1.800 1.846 1.871 1.878 1.873 2.000 2.165 2.344 2.538 2.745 2.967 3.202 3.452 3.716 3.995 4.287 4.594 4.691 4.767 4.833 4.889 4.935 4.970 4.995 5.009 5.013 5.007 4.990 4.988 5.381 5.782 6.191 6.609 7.036 7.471 7.915 8.368 8.829 9.298 9.777 10.237 10.553 10.847 11.120 11.370 11.598 11.803 11.987 12.149 12.288 12.406 12.501 13.698 18.048 22.545 27.191
0.920 0.908 0.927 0.965 1.023 1.101 1.199 1.316 1.453 1.610 1.786 1.922 2.021 2.105 2.173 2.227 2.266 2.291 2.300 2.294 2.267 2.221 2.164 2.302 2.530 2.772 3.028 3.298 3.583 3.882 4.194 4.521 4.863 5.218 5.588 5.684 5.714 5.734 5.744 5.744 5.733 5.712 5.680 5.638 5.586 5.524 5.451 5.852 6.291 6.738 7.194 7.659 8.133 8.614 9.105 9.604 10.112 10.628 11.138 11.357 11.553 11.727 11.880 12.010 12.118 12.204 12.268 12.310 12.330 12.328 13.083 18.089 23.243 28.545
1.090 1.158 1.245 1.352 1.478 1.625 1.790 1.976 2.181 2.406 2.650 2.798 2.845 2.877 2.894 2.896 2.883 2.855 2.812 2.754 2.675 2.577 2.467 2.588 2.878 3.183 3.502 3.835 4.183 4.544 4.920 5.310 5.714 6.132 6.564 6.687 6.671 6.645 6.609 6.563 6.506 6.439 6.362 6.274 6.176 6.067 5.948 6.313 6.790 7.276 7.770 8.273 8.784 9.304 9.832 10.369 10.915 11.469 12.032 12.181 12.280 12.357 12.411 12.444 12.454 12.443 12.409 12.354 12.276 12.176 12.332 17.844 23.239 28.519
1.253 1.389 1.545 1.720 1.915 2.129 2.363 2.617 2.890 3.183 3.496 3.687 3.682 3.661 3.626 3.577 3.512 3.432 3.337 3.228 3.096 2.946 2.783 2.857 3.210 3.578 3.960 4.356 4.766 5.190 5.629 6.081 6.548 7.029 7.524 7.699 7.638 7.566 7.484 7.392 7.289 7.176 7.053 6.919 6.775 6.621 6.456 6.764 7.280 7.803 8.335 8.876 9.425 9.983 10.550 11.125 11.709 12.301 12.901 13.028 13.029 13.012 12.984 12.940 12.881 12.805 12.712 12.604 12.480 12.339 12.182 16.847 21.732 26.502
1.398 1.602 1.826 2.069 2.332 2.615 2.917 3.239 3.580 3.941 4.322 4.588 4.531 4.459 4.372 4.270 4.153 4.022 3.875 3.714 3.530 3.327 3.113 3.110 3.526 3.956 4.401 4.860 5.333 5.820 6.321 6.836 7.366 7.910 8.467 8.722 8.615 8.497 8.370 8.231 8.083 7.924 7.755 7.575 7.385 7.185 6.975 7.206 7.759 8.321 8.891 9.470 10.083 10.748 11.395 12.024 12.636 13.229 13.805 13.934 13.867 13.784 13.685 13.570 13.439 13.291 13.127 12.948 12.752 12.539 12.311 15.964 20.340 24.600
