DATA/SHG/ECMWF/20170628/EN-45/20170630.en-45.asc
ncols        190
nrows        64
xllcorner    -5100000.000000000000
yllcorner    4130000.000000000000
cellsize     10000.000000000000
NODATA_value  -99999.000
[rows 0 to 32 of 64, columns 73 to 145 of 190]
1.638 1.673 1.702 1.727 1.746 1.761 1.772 1.777 1.766 1.752 1.753 1.760 1.773 1.792 1.816 1.847 1.883 1.925 1.972 2.026 2.099 2.215 2.324 2.430 2.533 2.634 2.732 2.827 2.919 3.009 3.095 3.179 3.205 3.048 2.888 2.725 2.558 2.388 2.215 2.038 1.858 1.674 1.487 1.297 1.139 1.091 1.042 0.991 0.939 0.886 0.831 0.775 0.718 0.660 0.600 0.539 0.488 0.471 0.456 0.443 0.432 0.423 0.416 0.411 0.408 0.408 0.409 0.413 0.427 0.468 0.511 0.557 0.605
1.583 1.601 1.638 1.676 1.709 1.736 1.757 1.773 1.784 1.799 1.821 1.849 1.882 1.921 1.965 2.016 2.072 2.134 2.202 2.276 2.358 2.461 2.558 2.651 2.742 2.830 2.916 2.998 3.078 3.155 3.229 3.300 3.341 3.170 2.995 2.816 2.634 2.449 2.260 2.068 1.873 1.674 1.472 1.266 1.077 1.023 0.968 0.912 0.854 0.795 0.735 0.674 0.611 0.547 0.481 0.415 0.355 0.347 0.341 0.337 0.336 0.336 0.338 0.343 0.349 0.358 0.369 0.381 0.401 0.454 0.508 0.566 0.626
1.724 1.754 1.778 1.797 1.809 1.817 1.818 1.814 1.806 1.842 1.884 1.932 1.985 2.044 2.109 2.180 2.256 2.339 2.427 2.520 2.620 2.711 2.795 2.876 2.954 3.030 3.102 3.172 3.239 3.304 3.365 3.424 3.480 3.295 3.104 2.911 2.713 2.513 2.309 2.102 1.892 1.678 1.460 1.240 1.017 0.957 0.897 0.834 0.771 0.706 0.640 0.573 0.505 0.435 0.364 0.292 0.220 0.221 0.224 0.230 0.237 0.247 0.259 0.272 0.288 0.306 0.326 0.348 0.382 0.460 0.537 0.613 0.688
1.910 1.919 1.924 1.922 1.915 1.902 1.884 1.860 1.830 1.879 1.941 2.009 2.083 2.162 2.247 2.338 2.435 2.537 2.645 2.759 2.879 2.963 3.034 3.103 3.168 3.231 3.292 3.349 3.404 3.455 3.504 3.550 3.594 3.423 3.217 3.009 2.796 2.581 2.362 2.140 1.914 1.685 1.452 1.217 0.977 0.893 0.826 0.758 0.689 0.619 0.547 0.474 0.400 0.325 0.248 0.170 0.091 0.093 0.106 0.153 0.226 0.290 0.346 0.394 0.434 0.465 0.488 0.503 0.510 0.578 0.651 0.723 0.794
2.100 2.090 2.074 2.053 2.026 1.993 1.955 1.911 1.862 1.911 1.993 2.081 2.175 2.275 2.380 2.491 2.608 2.730 2.858 2.992 3.132 3.218 3.277 3.333 3.386 3.436 3.484 3.529 3.571 3.610 3.646 3.680 3.711 3.555 3.334 3.110 2.883 2.652 2.418 2.181 1.940 1.696 1.448 1.197 0.943 0.830 0.757 0.684 0.609 0.533 0.487 0.471 0.461 0.457 0.457 0.464 0.476 0.527 0.579 0.623 0.659 0.686 0.706 0.717 0.719 0.714 0.700 0.678 0.648 0.698 0.767 0.835 0.901
2.295 2.265 2.230 2.189 2.142 2.089 2.031 1.968 1.898 1.938 2.040 2.148 2.262 2.382 2.507 2.638 2.775 2.918 3.066 3.220 3.380 3.475 3.522 3.565 3.606 3.644 3.679 3.711 3.741 3.767 3.791 3.812 3.831 3.690 3.455 3.216 2.973 2.727 2.478 2.226 1.970 1.724 1.491 1.264 1.042 0.951 0.932 0.919 0.911 0.909 0.912 0.921 0.936 0.956 0.982 1.013 1.050 1.078 1.094 1.101 1.100 1.090 1.073 1.047 1.013 0.970 0.920 0.861 0.794 0.819 0.883 0.947 1.009
2.496 2.446 2.391 2.330 2.263 2.191 2.113 2.029 1.940 1.959 2.081 2.209 2.343 2.483 2.629 2.780 2.937 3.100 3.268 3.442 3.623 3.736 3.770 3.801 3.829 3.854 3.877 3.897 3.914 3.928 3.939 3.948 3.946 3.808 3.556 3.309 3.068 2.832 2.602 2.377 2.157 1.943 1.735 1.532 1.334 1.245 1.251 1.262 1.280 1.302 1.331 1.365 1.404 1.449 1.500 1.556 1.618 1.638 1.616 1.587 1.549 1.502 1.448 1.385 1.314 1.235 1.147 1.052 0.948 0.940 1.000 1.060 1.118
2.701 2.631 2.556 2.475 2.389 2.297 2.199 2.096 1.987 1.974 2.117 2.265 2.420 2.579 2.745 2.916 3.093 3.276 3.465 3.659 3.859 3.999 4.021 4.089 4.159 4.209 4.239 4.248 4.237 4.205 4.152 4.079 3.985 3.828 3.600 3.378 3.161 2.949 2.743 2.542 2.347 2.157 1.972 1.793 1.620 1.533 1.563 1.600 1.642 1.689 1.743 1.801 1.866 1.936 2.011 2.092 2.179 2.205 2.147 2.080 2.005 1.922 1.831 1.731 1.623 1.507 1.383 1.251 1.110 1.062 1.118 1.173 1.227
2.911 2.822 2.727 2.627 2.520 2.408 2.291 2.168 2.039 1.985 2.148 2.316 2.490 2.670 2.856 3.073 3.395 3.719 4.045 4.372 4.702 4.957 4.977 4.976 4.955 4.913 4.851 4.768 4.665 4.541 4.397 4.232 4.046 3.842 3.638 3.440 3.247 3.060 2.878 2.701 2.530 2.364 2.204 2.049 1.899 1.814 1.870 1.931 1.998 2.070 2.148 2.232 2.321 2.415 2.516 2.622 2.733 2.780 2.685 2.581 2.470 2.350 2.222 2.085 1.941 1.788 1.627 1.457 1.280 1.185 1.237 1.288 1.338
3.127 3.018 2.903 2.783 2.657 2.525 2.388 2.245 2.137 2.173 2.489 2.808 3.129 3.451 3.776 4.102 4.431 4.761 5.094 5.428 5.764 6.050 5.978 5.885 5.772 5.639 5.485 5.310 5.115 4.900 4.664 4.407 4.130 3.850 3.670 3.496 3.328 3.164 3.006 2.854 2.707 2.565 2.429 2.298 2.173 2.089 2.169 2.255 2.347 2.444 2.547 2.655 2.769 2.889 3.014 3.145 3.281 3.362 3.230 3.090 2.942 2.785 2.620 2.447 2.266 2.076 1.878 1.672 1.458 1.308 1.356 1.403 1.449
3.347 3.230 3.143 3.077 3.034 3.014 3.015 3.039 3.086 3.157 3.481 3.806 4.134 4.463 4.794 5.128 5.463 5.800 6.139 6.481 6.824 7.153 7.000 6.816 6.611 6.386 6.141 5.874 5.588 5.281 4.953 4.605 4.236 3.852 3.697 3.547 3.402 3.263 3.129 3.001 2.878 2.760 2.648 2.542 2.440 2.357 2.463 2.574 2.690 2.812 2.940 3.073 3.212 3.356 3.506 3.661 3.822 3.952 3.784 3.607 3.422 3.228 3.027 2.817 2.599 2.373 2.138 1.895 1.644 1.432 1.476 1.519 1.560
3.643 3.611 3.602 3.614 3.649 3.707 3.786 3.888 4.012 4.159 4.469 4.801 5.136 5.472 5.810 6.150 6.492 6.836 7.182 7.530 7.880 8.216 8.045 7.769 7.473 7.156 6.819 6.461 6.083 5.684 5.265 4.825 4.365 3.884 3.717 3.591 3.471 3.356 3.246 3.142 3.043 2.949 2.861 2.779 2.702 2.630 2.750 2.885 3.027 3.173 3.326 3.484 3.647 3.816 3.991 4.171 4.357 4.548 4.345 4.131 3.909 3.679 3.441 3.195 2.940 2.677 2.406 2.126 1.880 1.702 1.843 1.987 2.134
3.925 3.971 4.039 4.130 4.243 4.378 4.535 4.715 4.917 5.141 5.454 5.793 6.134 6.477 6.822 7.169 7.517 7.868 8.221 8.575 8.932 9.275 9.111 8.743 8.356 7.947 7.518 7.069 6.600 6.109 5.599 5.068 4.516 3.944 3.731 3.630 3.533 3.442 3.357 3.276 3.202 3.132 3.069 3.010 2.957 2.909 3.030 3.191 3.357 3.528 3.706 3.888 4.077 4.270 4.470 4.675 4.885 5.101 4.914 4.658 4.404 4.164 3.937 3.724 3.524 3.338 3.165 3.005 2.859 2.727 2.861 3.015 3.173
4.186 4.309 4.455 4.624 4.814 5.027 5.263 5.520 5.800 6.102 6.436 6.782 7.130 7.479 7.831 8.184 8.540 8.897 9.257 9.618 9.981 10.331 10.199 9.740 9.260 8.761 8.240 7.700 7.139 6.557 5.955 5.333 4.690 4.027 3.740 3.662 3.590 3.523 3.461 3.405 3.355 3.309 3.269 3.235 3.206 3.182 3.305 3.490 3.681 3.877 4.086 4.298 4.503 4.701 4.892 5.076 5.253 5.422 5.292 5.085 4.891 4.710 4.543 4.390 4.250 4.123 4.010 3.910 3.824 3.752 3.874 4.040 4.208
4.425 4.626 4.850 5.096 5.365 5.655 5.968 6.304 6.661 7.041 7.415 7.767 8.122 8.478 8.836 9.197 9.559 9.923 10.289 10.657 11.027 11.384 11.308 10.758 10.187 9.596 8.984 8.352 7.700 7.027 6.334 5.620 4.886 4.131 3.742 3.689 3.640 3.598 3.560 3.528 3.501 3.495 3.514 3.545 3.588 3.642 3.796 4.005 4.207 4.401 4.589 4.769 4.943 5.109 5.268 5.420 5.565 5.702 5.645 5.497 5.363 5.242 5.135 5.041 4.961 4.894 4.841 4.801 4.774 4.762 4.884 5.060 5.239
4.642 4.922 5.223 5.547 5.893 6.262 6.652 7.065 7.500 7.958 8.390 8.749 9.110 9.474 9.839 10.206 10.575 10.945 11.318 11.693 12.070 12.433 12.439 11.798 11.136 10.453 9.750 9.027 8.283 7.519 6.735 5.930 5.089 4.247 3.754 3.742 3.742 3.755 3.779 3.815 3.863 3.923 3.995 4.080 4.176 4.284 4.433 4.610 4.780 4.943 5.099 5.247 5.389 5.523 5.651 5.771 5.884 5.990 5.983 5.896 5.821 5.760 5.713 5.678 5.658 5.651 5.657 5.677 5.710 5.757 5.890 6.077 6.266
4.839 5.196 5.575 5.977 6.400 6.846 7.315 7.805 8.318 8.853 9.362 9.728 10.096 10.466 10.838 11.211 11.587 11.965 12.344 12.726 13.109 13.479 13.592 12.733 11.790 10.869 9.970 9.093 8.238 7.406 6.596 5.808 5.042 4.298 3.795 3.836 3.890 3.955 4.033 4.123 4.224 4.338 4.463 4.601 4.751 4.912 5.076 5.222 5.360 5.491 5.615 5.732 5.842 5.945 6.040 6.129 6.210 6.284 6.308 6.279 6.265 6.263 6.275 6.301 6.340 6.392 6.458 6.538 6.631 6.737 6.892 7.089 7.289
5.014 5.449 5.906 6.385 6.886 7.409 7.955 8.523 9.113 9.726 10.331 10.704 11.078 11.455 11.833 12.193 12.291 12.380 12.459 12.529 12.590 12.659 12.642 11.775 10.930 10.108 9.308 8.529 7.773 7.040 6.328 5.638 4.971 4.325 3.822 3.917 4.024 4.143 4.274 4.417 4.572 4.739 4.918 5.109 5.312 5.527 5.726 5.840 5.947 6.046 6.139 6.224 6.302 6.373 6.437 6.493 6.543 6.585 6.617 6.649 6.694 6.752 6.824 6.909 7.008 7.120 7.245 7.384 7.537 7.702 7.890 8.098 8.309
5.168 5.680 6.215 6.771 7.350 7.951 8.574 9.220 9.852 10.311 10.749 10.868 10.971 11.065 11.149 11.224 11.289 11.346 11.393 11.430 11.459 11.496 11.542 10.794 10.048 9.324 8.622 7.942 7.284 6.649 6.036 5.445 4.876 4.329 3.836 3.984 4.145 4.317 4.501 4.698 4.906 5.126 5.359 5.603 5.859 6.127 6.383 6.465 6.540 6.608 6.669 6.722 6.768 6.808 6.840 6.865 6.883 6.893 6.913 7.004 7.108 7.226 7.358 7.503 7.661 7.832 8.017 8.216 8.428 8.653 8.885 9.104 9.325
5.301 5.876 6.409 6.920 7.411 7.881 8.330 8.758 9.165 9.551 9.917 10.037 10.108 10.169 10.221 10.264 10.297 10.321 10.336 10.341 10.337 10.342 10.356 9.789 9.141 8.516 7.912 7.331 6.772 6.235 5.720 5.227 4.756 4.308 3.881 4.038 4.252 4.478 4.715 4.965 5.227 5.500 5.786 6.084 6.393 6.715 7.047 7.097 7.141 7.177 7.205 7.227 7.242 7.249 7.250 7.243 7.229 7.208 7.194 7.345 7.509 7.686 7.877 8.082 8.299 8.530 8.775 9.033 9.304 9.589 9.876 10.105 10.337
5.237 5.717 6.177 6.616 7.034 7.432 7.808 8.163 8.498 8.812 9.105 9.217 9.255 9.284 9.304 9.314 9.315 9.307 9.289 9.262 9.226 9.198 9.180 8.761 8.211 7.684 7.179 6.696 6.235 5.797 5.380 4.985 4.613 4.262 3.934 4.079 4.346 4.625 4.916 5.219 5.534 5.861 6.200 6.551 6.913 7.288 7.675 7.736 7.747 7.752 7.749 7.739 7.722 7.698 7.667 7.628 7.583 7.530 7.471 7.672 7.895 8.132 8.383 8.646 8.924 9.214 9.518 9.836 10.166 10.567 11.042 11.642 12.438
5.170 5.578 5.966 6.332 6.678 7.002 7.306 7.589 7.851 8.092 8.313 8.405 8.411 8.408 8.396 8.374 8.343 8.302 8.252 8.193 8.125 8.064 8.013 7.709 7.258 6.829 6.422 6.038 5.675 5.335 5.016 4.720 4.445 4.193 3.963 4.107 4.428 4.760 5.104 5.460 5.828 6.208 6.600 7.004 7.420 7.848 8.288 8.381 8.361 8.334 8.299 8.258 8.209 8.153 8.091 8.021 7.944 7.859 7.768 7.984 8.362 8.876 9.382 9.878 10.366 10.845 11.315 11.776 12.228 12.671 13.106 14.510 16.172
5.123 5.459 5.774 6.067 6.341 6.593 6.824 7.035 7.224 7.393 7.541 7.604 7.577 7.542 7.497 7.443 7.380 7.307 7.225 7.134 7.033 6.940 6.857 6.634 6.282 5.951 5.642 5.356 5.091 4.849 4.628 4.430 4.254 4.100 3.968 4.122 4.495 4.881 5.278 5.688 6.109 6.542 6.987 7.444 7.913 8.395 8.888 9.033 8.981 8.923 8.856 8.786 8.760 8.795 8.890 9.047 9.264 9.543 9.882 10.343 10.827 11.302 11.768 12.225 12.673 13.112 13.543 13.965 14.378 14.782 15.177 17.180 19.708
5.096 5.359 5.601 5.823 6.023 6.203 6.362 6.500 6.618 6.714 6.790 6.811 6.753 6.685 6.608 6.522 6.427 6.322 6.208 6.084 5.951 5.826 5.710 5.536 5.282 5.049 4.838 4.650 4.484 4.339 4.217 4.117 4.039 3.982 3.948 4.123 4.550 4.989 5.439 5.902 6.376 6.862 7.330 7.737 8.125 8.493 8.843 8.975 8.975 9.036 9.158 9.341 9.585 9.890 10.256 10.682 11.169 11.718 12.327 12.854 13.298 13.733 14.160 14.577 14.986 15.386 15.777 16.160 16.533 16.898 17.254 19.652 23.045
5.088 5.279 5.449 5.598 5.726 5.833 5.920 5.986 6.031 6.055 6.058 6.029 5.938 5.838 5.729 5.611 5.483 5.346 5.200 5.044 4.879 4.722 4.573 4.415 4.258 4.124 4.011 3.921 3.852 3.806 3.782 3.779 3.799 3.860 3.962 4.184 4.642 5.080 5.498 5.897 6.277 6.637 6.978 7.299 7.601 7.884 8.147 8.386 8.656 8.988 9.380 9.832 10.346 10.921 11.556 12.252 13.009 13.827 14.706 15.370 15.774 16.170 16.558 16.936 17.305 17.666 18.018 18.361 18.695 19.020 19.337 21.926 26.184
5.100 5.218 5.316 5.392 5.448 5.483 5.498 5.491 5.464 5.416 5.347 5.256 5.133 5.001 4.860 4.709 4.549 4.380 4.202 4.014 3.817 3.627 3.446 3.270 3.260 3.336 3.418 3.505 3.598 3.697 3.801 3.911 4.026 4.147 4.274 4.456 4.827 5.179 5.511 5.824 6.118 6.392 6.647 6.882 7.098 7.295 7.472 7.734 8.274 8.875 9.536 10.259 11.042 11.886 12.791 13.757 14.783 15.871 17.019 17.891 18.257 18.613 18.961 19.300 19.630 19.952 20.264 20.568 20.863 21.149 21.426 24.003 29.125
5.131 5.177 5.202 5.207 5.190 5.153 5.095 5.016 4.917 4.797 4.656 4.494 4.338 4.173 4.000 3.817 3.646 3.600 3.550 3.496 3.436 3.371 3.300 3.225 3.317 3.418 3.524 3.637 3.755 3.878 4.007 4.142 4.282 4.428 4.580 4.747 5.033 5.299 5.545 5.772 5.980 6.168 6.337 6.487 6.617 6.728 6.819 7.017 7.827 8.698 9.629 10.621 11.674 12.787 13.961 15.196 16.492 17.849 19.266 20.419 20.745 21.062 21.371 21.670 21.961 22.243 22.516 22.781 23.036 23.283 23.521 25.883 31.868
5.182 5.156 5.108 5.041 4.952 4.843 4.712 4.562 4.390 4.222 4.139 4.060 4.014 3.971 3.924 3.872 3.815 3.753 3.687 3.615 3.540 3.457 3.370 3.278 3.367 3.493 3.625 3.762 3.905 4.053 4.207 4.367 4.532 4.703 4.879 5.061 5.259 5.439 5.600 5.741 5.863 5.966 6.049 6.113 6.157 6.182 6.188 6.238 7.317 8.457 9.658 10.919 12.241 13.624 15.067 16.571 18.136 19.761 21.448 22.952 23.239 23.517 23.786 24.046 24.298 24.540 24.774 25.000 25.216 25.423 25.622 27.566 34.414
5.252 5.154 5.042 4.945 4.852 4.763 4.677 4.596 4.519 4.445 4.376 4.311 4.253 4.194 4.130 4.061 3.988 3.910 3.827 3.739 3.647 3.548 3.444 3.336 3.412 3.562 3.719 3.881 4.049 4.222 4.401 4.585 4.775 4.971 5.172 5.379 5.507 5.601 5.676 5.731 5.767 5.784 5.781 5.759 5.718 5.658 5.577 5.478 6.743 8.152 9.622 11.152 12.743 14.395 16.108 17.881 19.714 21.609 23.564 25.491 25.738 25.977 26.207 26.428 26.640 26.844 27.038 27.224 27.401 27.570 27.729 29.052 36.762
5.344 5.253 5.165 5.082 5.003 4.927 4.856 4.788 4.725 4.665 4.610 4.558 4.496 4.421 4.340 4.255 4.165 4.070 3.971 3.867 3.758 3.643 3.522 3.397 3.450 3.625 3.807 3.993 4.186 4.384 4.588 4.797 5.012 5.232 5.458 5.689 5.775 5.783 5.772 5.742 5.692 5.624 5.535 5.428 5.301 5.154 4.989 4.804 6.106 7.784 9.523 11.322 13.182 15.102 17.083 19.125 21.228 23.391 25.614 27.899 28.243 28.443 28.634 28.816 28.989 29.153 29.308 29.455 29.593 29.722 29.843 30.117 37.840
5.436 5.358 5.285 5.215 5.149 5.088 5.030 4.976 4.927 4.881 4.839 4.801 4.744 4.651 4.555 4.453 4.346 4.235 4.120 3.999 3.874 3.742 3.604 3.463 3.481 3.682 3.888 4.099 4.317 4.540 4.768 5.002 5.242 5.487 5.738 5.994 6.064 5.986 5.890 5.774 5.639 5.484 5.310 5.117 4.904 4.672 4.421 4.150 5.405 7.352 9.359 11.427 13.556 15.745 17.995 20.305 22.676 25.107 27.600 30.152 30.755 30.915 30.912 30.580 30.213 29.811 29.375 28.903 28.397 27.856 27.280 26.669 33.076
5.524 5.460 5.400 5.344 5.292 5.245 5.201 5.161 5.125 5.093 5.065 5.041 4.995 4.886 4.773 4.655 4.532 4.404 4.272 4.135 3.993 3.845 3.691 3.533 3.506 3.732 3.963 4.199 4.441 4.689 4.942 5.201 5.465 5.735 6.011 6.292 6.373 6.210 6.028 5.827 5.606 5.365 5.106 4.827 4.529 4.212 3.875 3.519 4.640 6.856 9.132 11.468 13.866 16.291 18.638 20.945 23.214 25.444 27.635 29.787 30.139 29.722 29.271 28.785 28.265 27.709 27.119 26.493 25.833 25.138 24.408 23.644 28.502
5.608 5.558 5.512 5.470 5.432 5.397 5.367 5.341 5.319 5.301 5.286 5.276 5.250 5.125 4.995 4.861 4.721 4.577 4.429 4.275 4.117 3.952 3.782 3.607 3.525 3.775 4.031 4.292 4.559 4.832 5.110 5.393 5.682 5.977 6.277 6.583 6.704 6.455 6.187 5.900 5.594 5.268 4.923 4.559 4.237 4.047 3.800 3.495 4.437 6.807 9.137 11.429 13.682 15.896 18.072 20.208 22.306 24.365 26.385 28.367 28.843 28.273 27.668 27.029 26.354 25.645 24.900 24.121 23.308 22.459 21.575 20.657 24.117
