DATA/SHG/ECMWF/20170628/EN-45/20170710.en-45.asc
ncols        190
nrows        64
xllcorner    -5100000.000000000000
yllcorner    4130000.000000000000
cellsize     10000.000000000000
NODATA_value  -99999.000
[rows 32 to 63 of 64, columns 72 to 143 of 190]
17.037 16.968 16.759 16.569 16.398 16.245 16.111 15.996 15.900 15.823 15.764 15.724 15.703 15.677 15.544 15.416 15.295 15.180 15.072 14.969 14.873 14.784 14.714 14.665 14.620 14.847 16.040 17.314 18.669 20.105 21.623 23.222 24.903 26.664 28.507 30.431 32.437 33.456 32.462 31.413 30.308 29.148 27.932 26.661 25.334 24.039 22.995 21.985 21.008 21.125 22.387 23.572 24.680 25.710 26.662 27.537 28.334 29.053 29.695 30.259 30.746 32.140 34.138 36.063 37.914 39.692 41.396 43.027 44.584 46.067 47.477 48.814
15.115 15.039 14.896 14.771 14.665 14.578 14.510 14.460 14.430 14.418 14.424 14.450 14.494 14.550 14.438 14.333 14.234 14.141 14.054 13.974 13.900 13.832 13.785 13.757 13.734 13.871 15.424 17.058 18.774 20.570 22.448 24.408 26.448 28.570 30.773 33.057 35.419 37.002 35.835 34.703 33.604 32.539 31.508 30.512 29.549 28.620 27.725 26.864 26.037 25.861 26.780 27.622 28.386 29.073 29.682 30.213 30.667 31.044 31.343 31.564 31.708 32.577 34.251 35.852 37.379 38.832 40.212 41.519 42.752 43.911 44.997 46.010
13.204 13.098 13.017 12.958 12.918 12.896 12.893 12.909 12.943 12.997 13.069 13.160 13.269 13.397 13.329 13.245 13.168 13.097 13.032 12.974 12.922 12.876 12.851 12.845 12.844 12.849 14.717 16.766 19.066 21.387 23.729 26.092 28.477 30.882 33.309 35.758 38.227 40.346 39.329 38.346 37.396 36.481 35.599 34.752 33.938 33.159 32.413 31.701 31.023 30.673 31.249 31.748 32.169 32.512 32.779 32.967 33.078 33.112 33.068 32.947 32.748 33.089 34.438 35.715 36.918 38.047 39.103 40.086 40.995 41.831 42.593 43.282
11.304 11.169 11.123 11.130 11.155 11.198 11.261 11.342 11.442 11.560 11.698 11.854 12.028 12.222 12.215 12.154 12.098 12.049 12.006 12.091 12.387 12.723 13.076 13.438 13.832 14.258 16.326 18.699 21.093 23.508 25.945 28.402 30.881 33.381 35.902 38.444 41.007 43.592 42.781 41.948 41.147 40.381 39.649 38.951 38.286 37.656 37.059 36.497 35.968 35.561 35.794 35.950 36.028 36.029 35.952 35.798 35.567 35.258 34.871 34.407 33.866 33.674 34.700 35.653 36.532 37.338 38.070 38.729 39.314 39.827 40.265 40.630
9.414 9.249 9.215 9.286 9.376 9.485 9.613 9.759 9.925 10.108 10.311 10.532 10.874 11.338 11.633 11.868 12.143 12.458 12.813 13.206 13.640 14.113 14.603 15.105 15.637 16.201 18.139 20.606 23.094 25.603 28.134 30.685 33.258 35.852 38.467 41.103 43.761 46.439 46.193 45.508 44.857 44.240 43.657 43.108 42.593 42.111 41.664 41.250 40.870 40.524 40.414 40.228 39.963 39.622 39.203 38.706 38.132 37.481 36.752 35.946 35.062 34.334 35.037 35.665 36.221 36.703 37.112 37.447 37.709 37.898 38.013 38.055
7.534 7.341 7.291 7.427 7.583 7.915 8.390 8.863 9.332 9.799 10.262 10.721 11.178 11.631 12.026 12.399 12.811 13.263 13.754 14.285 14.856 15.466 16.094 16.733 17.404 18.107 19.925 22.486 25.068 27.671 30.296 32.941 35.608 38.296 41.005 43.736 46.487 49.260 49.564 49.028 48.526 48.058 47.624 47.224 46.858 46.525 46.227 45.962 45.731 45.534 45.111 44.582 43.975 43.291 42.530 41.691 40.775 39.781 38.711 37.562 36.337 35.068 35.447 35.752 35.984 36.143 36.229 36.241 36.179 36.045 35.837 35.556
6.588 6.681 6.885 7.359 7.831 8.299 8.763 9.225 9.683 10.138 10.590 11.039 11.484 11.926 12.383 12.892 13.442 14.030 14.659 15.327 16.034 16.781 17.547 18.325 19.134 19.975 21.684 24.339 27.016 29.713 32.431 35.171 37.932 40.714 43.517 46.341 49.186 52.053 52.894 52.507 52.154 51.835 51.550 51.299 51.081 50.898 50.748 50.632 50.550 50.502 49.883 49.012 48.063 47.037 45.933 44.753 43.495 42.159 40.747 39.257 37.689 36.045 35.932 35.914 35.822 35.658 35.420 35.109 34.725 34.268 33.737 33.133
7.255 7.243 7.305 7.768 8.228 8.685 9.139 9.589 10.036 10.480 10.921 11.359 11.793 12.224 12.703 13.349 14.035 14.761 15.526 16.331 17.175 18.059 18.962 19.879 20.826 21.805 23.417 26.166 28.937 31.728 34.540 37.374 40.228 43.104 46.001 48.919 51.858 54.819 56.183 55.945 55.741 55.571 55.435 55.332 55.264 55.229 55.228 55.261 55.327 55.428 54.731 53.518 52.227 50.859 49.414 47.891 46.291 44.614 42.860 41.029 39.120 37.134 36.490 36.149 35.735 35.248 34.637 33.886 33.144 32.410 31.686 30.970
7.949 7.833 7.727 8.179 8.628 9.074 9.516 9.956 10.392 10.825 11.254 11.681 12.104 12.524 12.986 13.770 14.593 15.455 16.357 17.298 18.279 19.300 20.340 21.395 22.481 23.598 25.124 27.967 30.831 33.716 36.622 39.550 42.498 45.468 48.459 51.470 54.503 57.558 59.432 59.343 59.287 59.266 59.279 59.325 59.405 59.519 59.666 59.848 60.063 60.312 59.655 58.100 56.467 54.757 52.971 51.107 49.165 47.029 44.453 41.874 39.290 36.701 35.352 34.605 33.866 33.136 32.415 31.703 31.000 30.306 29.620 28.943
8.671 8.450 8.199 8.593 9.031 9.465 9.897 10.325 10.750 11.172 11.590 12.006 12.418 12.827 13.233 14.153 15.113 16.112 17.151 18.229 19.346 20.503 21.681 22.874 24.098 25.354 26.804 29.741 32.699 35.678 38.678 41.699 44.741 47.805 50.889 53.995 57.122 60.269 62.639 62.699 62.793 62.920 63.081 63.276 63.505 63.767 64.063 64.393 64.624 64.215 62.961 60.396 57.827 55.253 52.676 50.094 47.508 44.917 42.323 39.724 37.121 34.514 32.968 32.259 31.560 30.869 30.187 29.514 28.850 28.195 27.549 26.911
9.421 9.095 8.739 9.009 9.435 9.859 10.279 10.696 11.110 11.521 11.929 12.333 12.734 13.132 13.527 14.501 15.597 16.733 17.908 19.122 20.376 21.670 22.985 24.316 25.678 27.072 28.496 31.489 34.540 37.613 40.707 43.822 46.958 50.115 53.293 56.493 59.713 62.954 65.807 65.912 65.181 64.520 63.930 63.410 62.960 62.581 62.272 62.033 61.864 61.766 60.990 58.406 55.818 53.225 50.629 48.028 45.423 42.813 40.200 37.582 34.960 32.333 30.578 29.908 29.248 28.596 27.953 27.319 26.694 26.078 25.471 24.872
10.198 9.768 9.307 9.427 9.842 10.255 10.664 11.070 11.473 11.873 12.269 12.663 13.053 13.439 13.823 14.811 16.044 17.316 18.628 19.979 21.369 22.799 24.252 25.721 27.221 28.752 30.315 33.210 36.356 39.522 42.689 45.408 47.998 50.458 52.787 54.987 57.056 58.995 60.778 60.288 59.867 59.517 59.237 59.028 58.888 58.819 58.821 58.892 59.034 59.246 59.027 56.424 53.817 51.205 48.589 45.969 43.345 40.717 38.084 35.447 32.806 30.160 28.181 27.551 26.930 26.317 25.713 25.118 24.532 23.955 23.387 22.827
11.003 10.468 9.903 9.847 10.252 10.654 11.052 11.447 11.839 12.227 12.613 12.995 13.374 13.750 14.122 15.085 16.455 17.863 19.311 20.799 22.326 23.892 25.422 26.942 28.465 29.992 31.522 33.865 36.402 38.809 41.086 43.233 45.250 47.137 48.894 50.521 52.018 53.385 54.623 54.594 54.484 54.444 54.475 54.575 54.746 54.988 55.299 55.681 56.133 56.655 57.072 54.449 51.823 49.192 46.557 43.918 41.275 38.627 35.976 33.320 30.659 27.995 25.779 25.188 24.605 24.032 23.467 22.911 22.364 21.826 21.296 20.776
11.835 11.196 10.526 10.270 10.664 11.054 11.442 11.826 12.206 12.584 12.958 13.329 13.697 14.062 14.424 15.370 16.891 18.417 19.947 21.482 23.021 24.564 26.104 27.639 29.177 30.719 32.265 34.125 36.090 37.924 39.629 41.203 42.648 43.963 45.148 46.203 47.128 47.923 48.589 48.830 49.031 49.301 49.642 50.053 50.534 51.085 51.707 52.399 53.161 53.993 54.895 52.482 49.837 47.187 44.533 41.875 39.212 36.546 33.875 31.200 28.520 25.837 23.371 22.818 22.275 21.740 21.215 20.698 20.190 19.690 19.200 18.718
12.695 11.951 11.177 10.696 11.078 11.458 11.834 12.207 12.534 12.887 13.268 13.676 14.112 14.575 15.065 15.940 17.477 19.018 20.563 22.113 23.667 25.225 26.780 28.330 29.884 31.442 33.002 34.530 35.922 37.184 38.317 39.319 40.192 40.935 41.548 42.032 42.385 42.609 42.703 42.998 43.508 44.089 44.740 45.461 46.252 47.113 48.044 49.046 50.118 51.259 52.471 50.522 47.857 45.189 42.516 39.838 37.157 34.471 31.781 29.087 26.389 23.686 20.980 20.443 19.939 19.443 18.956 18.478 18.009 17.549 17.097 16.654
13.575 12.554 11.556 10.753 11.064 11.403 11.769 12.162 12.583 13.031 13.507 14.010 14.541 15.099 15.684 16.505 18.057 19.613 21.174 22.739 24.308 25.881 27.451 29.017 30.586 32.159 33.735 35.078 35.898 36.589 37.150 37.581 37.882 38.053 38.095 38.007 37.790 37.442 36.965 37.096 37.917 38.807 39.768 40.798 41.899 43.070 44.311 45.622 47.004 48.455 49.976 48.569 45.886 43.198 40.506 37.809 35.109 32.404 29.695 26.982 24.265 21.543 18.817 18.062 17.596 17.139 16.692 16.252 15.822 15.401 14.988 14.584
13.042 12.104 11.189 10.302 10.708 11.142 11.603 12.091 12.607 13.150 13.721 14.319 14.944 15.597 16.278 17.066 18.633 20.204 21.780 23.359 24.944 26.532 28.117 29.698 31.283 32.871 34.462 35.770 36.019 36.138 36.128 35.987 35.718 35.318 34.789 34.130 33.341 32.423 31.375 31.126 32.256 33.456 34.726 36.066 37.477 38.957 40.507 42.128 43.819 45.579 47.410 46.624 43.921 41.214 38.503 35.788 33.068 30.344 27.616 24.884 22.148 19.407 16.662 15.674 15.247 14.830 14.421 14.021 13.629 13.247 12.972 12.942
12.488 11.632 10.800 9.992 10.326 10.855 11.411 11.994 12.605 13.243 13.909 14.602 15.322 16.070 16.845 17.647 19.203 20.790 22.380 23.975 25.575 27.178 28.779 30.375 31.975 33.578 35.185 36.607 36.284 35.832 35.251 34.539 33.699 32.728 31.628 30.399 29.040 27.551 25.933 25.086 26.525 28.035 29.615 31.264 32.984 34.774 36.633 38.563 40.563 42.633 44.773 44.686 41.964 39.238 36.508 33.773 31.035 28.292 25.545 22.794 20.038 17.339 14.857 13.909 13.825 13.762 13.719 13.698 13.697 13.716 13.757 13.818
11.911 11.138 10.389 9.665 9.920 10.543 11.194 11.872 12.578 13.311 14.071 14.859 15.674 16.516 17.386 18.284 19.769 21.371 22.976 24.586 26.201 27.819 29.435 31.047 32.662 34.280 35.902 37.527 36.693 35.671 34.518 33.236 31.825 30.284 28.614 26.814 24.885 22.826 20.637 18.977 20.726 22.545 24.434 26.392 28.421 30.520 32.689 34.928 37.237 39.615 42.064 42.755 40.056 37.679 35.279 32.857 30.411 27.943 25.452 22.938 20.401 17.842 15.259 14.037 14.044 14.072 14.120 14.189 14.279 14.390 14.521 14.672
11.313 10.623 9.957 9.315 9.488 10.206 10.951 11.724 12.525 13.352 14.208 15.090 16.000 16.937 17.902 18.894 20.330 21.946 23.567 25.192 26.822 28.455 30.086 31.713 33.344 34.977 36.614 38.255 37.246 35.653 33.931 32.078 30.097 27.986 25.746 23.376 20.877 18.248 15.490 12.799 14.857 16.985 19.183 21.469 24.491 27.495 30.483 33.454 36.408 39.345 42.265 43.948 41.493 39.015 36.514 33.990 31.444 28.874 26.282 23.667 21.029 18.368 15.685 14.145 14.242 14.361 14.500 14.660 14.840 15.041 15.263 15.505
10.693 10.086 9.502 8.943 9.030 9.843 10.684 11.551 12.446 13.369 14.319 15.296 16.300 17.332 18.392 19.478 20.886 22.517 24.153 25.794 27.438 29.087 30.733 32.375 34.021 35.670 37.322 38.978 37.943 35.780 33.487 31.065 28.514 25.833 23.023 20.472 18.049 15.737 13.537 11.449 14.051 17.050 20.032 22.996 25.944 28.875 31.788 34.685 37.565 40.427 43.273 45.509 42.953 40.374 37.772 35.147 32.499 29.828 27.135 24.419 21.680 18.918 16.133 14.231 14.420 14.629 14.858 15.109 15.380 15.671 15.984 16.316
10.051 9.527 9.026 8.549 8.548 9.455 10.391 11.353 12.343 13.360 14.404 15.476 16.575 17.702 18.856 20.037 21.437 23.084 24.734 26.390 28.049 29.713 31.374 33.032 34.693 36.357 37.612 38.751 37.506 34.792 32.190 29.699 27.320 25.052 22.896 20.851 18.918 17.096 15.386 13.787 15.817 18.742 21.649 24.540 27.414 30.270 33.110 35.932 38.738 41.526 44.298 47.052 44.435 41.755 39.052 36.326 33.577 30.805 28.011 25.194 22.354 19.491 16.605 14.296 14.575 14.875 15.195 15.536 15.898 16.280 16.683 17.106
9.388 8.946 8.528 8.134 8.040 9.042 10.072 11.129 12.214 13.325 14.464 15.631 16.824 18.046 19.294 20.570 21.983 23.645 25.108 26.411 27.645 28.809 29.945 31.063 32.125 33.133 34.086 34.984 34.335 32.111 29.999 27.998 26.108 24.330 22.663 21.108 19.664 18.332 17.111 16.002 17.599 20.450 23.283 26.100 28.899 31.681 34.447 37.195 39.927 42.641 45.338 48.019 45.941 43.159 40.355 37.528 34.678 31.806 28.910 25.992 23.051 20.087 17.101 14.340 14.710 15.100 15.511 15.943 16.395 16.867 17.361 17.875
8.702 8.343 8.008 7.696 7.507 8.604 9.728 10.880 12.059 13.265 14.499 15.657 16.770 17.881 18.991 20.099 21.231 22.434 23.568 24.632 25.627 26.553 27.449 28.325 29.147 29.914 30.625 31.282 31.044 29.310 27.687 26.176 24.776 23.487 22.309 21.244 20.289 19.446 18.714 18.094 19.397 22.173 24.933 27.675 30.400 33.109 35.800 38.474 41.132 43.772 46.395 49.002 47.469 44.586 41.681 38.753 35.802 32.829 29.832 26.813 23.771 20.707 17.619 14.509 14.824 15.304 15.806 16.328 16.870 17.433 18.017 18.621
7.996 7.719 7.466 7.237 6.999 8.036 9.154 10.271 11.386 12.499 13.610 14.719 15.826 16.932 18.035 19.137 20.231 21.196 22.091 22.917 23.674 24.361 25.017 25.653 26.234 26.759 27.230 27.646 27.634 26.389 25.255 24.233 23.322 22.522 21.834 21.257 20.792 20.437 20.194 20.063 21.210 23.913 26.598 29.266 31.917 34.552 37.169 39.769 42.353 44.919 47.468 50.001 49.019 46.036 43.030 40.001 36.949 33.875 30.778 27.658 24.515 21.349 18.161 14.950 14.916 15.487 16.079 16.691 17.324 17.978 18.652 19.347
7.250 7.003 6.759 6.519 6.283 7.136 8.248 9.359 10.468 11.575 12.680 13.783 14.885 15.984 17.082 18.178 19.272 20.022 20.679 21.267 21.785 22.234 22.651 23.045 23.385 23.670 23.900 24.075 24.103 23.347 22.703 22.170 21.748 21.437 21.237 21.149 21.172 21.307 21.552 21.909 23.040 25.668 28.279 30.873 33.451 36.011 38.554 41.080 43.590 46.082 48.558 51.016 50.593 47.508 44.401 41.272 38.119 34.944 31.746 28.525 25.281 22.015 18.726 15.414 14.987 15.649 16.331 17.034 17.757 18.501 19.266 20.051
6.482 6.247 6.016 5.789 5.565 6.238 7.345 8.450 9.553 10.654 11.753 12.850 13.946 15.040 16.132 17.222 18.310 18.912 19.331 19.680 19.961 20.172 20.349 20.503 20.602 20.646 20.635 20.569 20.449 20.186 20.030 19.986 20.052 20.230 20.519 20.920 21.431 22.054 22.788 23.633 24.884 27.439 29.976 32.496 35.000 37.486 39.955 42.408 44.843 47.261 49.663 52.047 52.189 49.004 45.796 42.565 39.312 36.036 32.737 29.415 26.071 22.704 19.314 15.902 15.038 15.790 16.540 17.219 17.874 18.506 19.114 19.698
5.712 5.489 5.271 5.055 4.844 5.343 6.444 7.543 8.640 9.735 10.828 11.920 13.010 14.097 15.184 16.268 17.350 17.866 18.047 18.158 18.200 18.174 18.111 18.025 17.883 17.687 17.435 17.129 16.768 16.905 17.238 17.682 18.237 18.903 19.680 20.568 21.568 22.679 23.901 25.234 26.745 29.225 31.689 34.135 36.564 38.977 41.372 43.751 46.112 48.457 50.784 53.095 53.807 50.522 47.213 43.882 40.528 37.096 33.365 29.724 26.174 22.715 19.346 16.068 14.789 15.411 16.010 16.585 17.137 17.664 18.168 18.648
4.939 4.729 4.523 4.320 4.120 4.451 5.545 6.638 7.730 8.819 9.906 10.992 12.076 13.158 14.238 15.316 16.393 16.883 16.826 16.700 16.505 16.240 15.939 15.611 15.229 14.792 14.300 13.754 13.153 13.504 14.325 15.257 16.300 17.454 18.720 20.096 21.583 23.182 24.892 26.712 28.644 31.028 33.417 35.790 38.145 40.484 42.805 45.110 47.385 49.041 50.623 52.131 52.692 48.905 45.207 41.601 38.085 34.659 31.324 28.080 24.926 21.862 18.889 16.007 14.491 15.010 15.505 15.976 16.424 16.848 17.248 17.624
4.164 3.966 3.772 3.582 3.395 3.560 4.649 5.736 6.822 7.905 8.987 10.067 11.145 12.221 13.295 14.367 15.438 15.965 15.670 15.306 14.873 14.371 13.830 13.262 12.640 11.963 11.231 10.444 9.602 9.984 11.292 12.712 14.243 15.885 17.638 19.502 21.477 23.563 25.761 28.069 30.172 32.116 33.966 35.742 37.445 39.073 40.628 42.109 43.516 44.849 46.108 47.293 48.186 44.794 41.493 38.282 35.162 32.132 29.193 26.344 23.586 20.918 18.341 15.854 14.219 14.633 15.025 15.392 15.736 16.055 16.351 16.624
3.387 3.201 3.019 2.841 2.666 2.673 3.756 4.837 5.916 6.994 8.070 9.144 10.216 11.286 12.354 13.421 14.486 15.110 14.578 13.976 13.305 12.565 11.786 10.978 10.115 9.198 8.226 7.199 6.117 6.343 8.140 10.264 12.431 14.574 16.693 18.787 20.856 22.901 24.922 26.918 28.890 30.589 32.116 33.570 34.949 36.255 37.487 38.645 39.729 40.739 41.675 42.538 43.327 40.594 37.689 34.874 32.149 29.515 26.971 24.518 22.155 19.883 17.701 15.610 13.970 14.281 14.568 14.832 15.072 15.288 15.480 15.649
2.607 2.434 2.264 2.098 1.936 1.787 2.865 3.940 5.013 6.085 7.155 8.223 9.289 10.354 11.416 12.477 13.536 14.319 13.549 12.710 11.802 10.824 9.941 9.148 8.375 7.620 6.884 6.167 5.469 5.771 7.881 9.966 12.027 14.063 16.075 18.063 20.026 21.965 23.880 25.770 27.636 29.144 30.348 31.478 32.535 33.518 34.427 35.262 36.024 36.711 37.325 37.865 38.332 36.305 33.795 31.376 29.047 26.808 24.660 22.602 20.634 18.757 16.970 15.274 13.746 13.953 14.137 14.296 14.432 14.545 14.633 14.698
