DATA/SHG/ECMWF/20170628/EN-45/20170702.en-45.asc
ncols        190
nrows        64
xllcorner    -5100000.000000000000
yllcorner    4130000.000000000000
cellsize     10000.000000000000
NODATA_value  -99999.000
[rows 0 to 32 of 64, columns 0 to 73 of 190]
1.012 0.970 0.932 0.896 0.863 0.832 0.805 0.781 0.759 0.775 0.800 0.823 0.845 0.864 0.882 0.898 0.911 0.923 0.933 1.036 1.177 1.353 1.530 1.693 1.842 1.977 2.098 2.204 2.296 2.374 2.437 2.487 2.522 2.638 2.814 2.994 3.178 3.364 3.553 3.745 3.941 4.139 4.341 4.545 4.753 4.844 4.826 4.803 4.774 4.740 4.700 4.654 4.603 4.546 4.484 4.416 4.343 4.429 4.723 5.036 5.370 5.724 6.098 6.491 6.905 7.339 7.792 8.266 8.759 9.349 10.082 10.832 11.600 12.386
0.944 0.913 0.884 0.858 0.835 0.815 0.798 0.784 0.773 0.781 0.800 0.816 0.916 1.027 1.147 1.275 1.412 1.558 1.712 1.874 2.046 2.202 2.329 2.442 2.540 2.625 2.695 2.751 2.793 2.820 2.834 2.833 2.818 2.890 3.078 3.268 3.462 3.659 3.859 4.062 4.269 4.478 4.690 4.905 5.124 5.245 5.208 5.165 5.116 5.062 5.003 4.937 4.867 4.790 4.709 4.621 4.528 4.574 4.938 5.322 5.726 6.150 6.594 7.058 7.541 8.045 8.569 9.112 9.676 10.307 11.102 11.914 12.744 13.591
0.873 0.852 0.833 0.818 0.818 0.876 0.938 1.003 1.071 1.160 1.275 1.400 1.532 1.674 1.824 1.982 2.149 2.325 2.509 2.702 2.904 3.064 3.141 3.204 3.252 3.286 3.306 3.312 3.304 3.281 3.244 3.193 3.128 3.138 3.337 3.539 3.743 3.951 4.162 4.376 4.593 4.813 5.036 5.262 5.491 5.651 5.594 5.532 5.464 5.390 5.311 5.226 5.136 5.040 4.938 4.831 4.719 4.701 5.135 5.589 6.063 6.557 7.070 7.604 8.158 8.731 9.325 9.938 10.372 10.782 11.338 11.870 12.379 12.864
1.027 1.084 1.144 1.207 1.274 1.344 1.417 1.494 1.574 1.675 1.821 1.975 2.138 2.310 2.490 2.678 2.876 3.082 3.296 3.519 3.751 3.941 3.967 3.980 3.978 3.962 3.931 3.887 3.828 3.756 3.669 3.568 3.452 3.384 3.593 3.805 4.021 4.239 4.461 4.686 4.913 5.144 5.378 5.615 5.855 6.062 5.986 5.904 5.816 5.723 5.624 5.519 5.409 5.294 5.173 5.046 4.914 4.807 5.311 5.835 6.379 6.912 7.412 7.880 8.316 8.719 9.090 9.429 9.735 10.009 10.479 10.930 11.358 11.763
1.431 1.499 1.571 1.646 1.725 1.807 1.892 1.981 2.072 2.180 2.356 2.540 2.733 2.935 3.146 3.365 3.592 3.828 4.073 4.326 4.588 4.831 4.807 4.769 4.717 4.651 4.571 4.476 4.367 4.244 4.107 3.956 3.791 3.625 3.845 4.068 4.295 4.524 4.757 4.992 5.230 5.472 5.717 5.964 6.215 6.469 6.382 6.280 6.173 6.060 5.942 5.818 5.688 5.564 5.478 5.401 5.335 5.279 5.744 6.228 6.680 7.099 7.486 7.841 8.163 8.453 8.711 8.936 9.129 9.290 9.644 10.014 10.361 10.684
1.830 1.911 1.994 2.081 2.171 2.265 2.362 2.463 2.566 2.674 2.880 3.095 3.319 3.551 3.791 4.040 4.298 4.564 4.839 5.123 5.415 5.715 5.660 5.572 5.470 5.354 5.224 5.079 4.920 4.747 4.560 4.359 4.143 3.914 4.094 4.328 4.565 4.805 5.048 5.295 5.544 5.796 6.052 6.310 6.572 6.836 6.779 6.658 6.546 6.445 6.354 6.273 6.201 6.140 6.089 6.048 6.017 5.996 6.303 6.673 7.012 7.318 7.591 7.833 8.042 8.219 8.363 8.475 8.555 8.603 8.832 9.121 9.386 9.629
2.225 2.317 2.413 2.512 2.614 2.719 2.828 2.940 3.056 3.175 3.395 3.640 3.894 4.156 4.427 4.706 4.994 5.290 5.595 5.909 6.231 6.562 6.528 6.389 6.237 6.071 5.890 5.696 5.487 5.264 5.027 4.776 4.510 4.231 4.339 4.584 4.832 5.083 5.337 5.617 5.903 6.173 6.429 6.669 6.894 7.103 7.099 7.012 6.936 6.870 6.814 6.768 6.732 6.706 6.690 6.684 6.688 6.703 6.892 7.149 7.374 7.567 7.727 7.856 7.952 8.015 8.047 8.046 8.013 7.947 8.043 8.251 8.435 8.597
2.616 2.720 2.827 2.938 3.052 3.169 3.290 3.414 3.541 3.672 3.900 4.175 4.459 4.751 5.052 5.361 5.679 6.006 6.341 6.685 7.037 7.398 7.408 7.220 7.018 6.802 6.571 6.327 6.068 5.795 5.508 5.207 4.941 4.711 4.822 5.130 5.424 5.702 5.964 6.212 6.444 6.661 6.862 7.049 7.220 7.375 7.407 7.356 7.315 7.284 7.263 7.252 7.252 7.261 7.280 7.310 7.349 7.398 7.511 7.655 7.767 7.847 7.894 7.909 7.892 7.843 7.761 7.648 7.502 7.323 7.277 7.404 7.508 7.588
3.003 3.118 3.237 3.360 3.485 3.614 3.747 3.882 4.022 4.164 4.394 4.700 5.014 5.336 5.667 6.007 6.355 6.711 7.076 7.450 7.832 8.223 8.303 8.065 7.812 7.477 7.160 6.869 6.602 6.361 6.144 5.953 5.786 5.644 5.701 5.956 6.195 6.419 6.628 6.822 7.000 7.163 7.311 7.443 7.560 7.662 7.705 7.690 7.684 7.688 7.702 7.727 7.761 7.805 7.860 7.924 7.999 8.083 8.161 8.192 8.191 8.158 8.092 7.994 7.864 7.702 7.507 7.281 7.022 6.731 6.534 6.580 6.603 6.603
3.385 3.512 3.643 3.777 3.915 4.055 4.199 4.347 4.498 4.652 4.879 5.214 5.558 5.911 6.272 6.641 7.020 7.395 7.687 7.965 8.230 8.481 8.517 8.214 7.935 7.681 7.452 7.249 7.070 6.916 6.787 6.683 6.604 6.550 6.594 6.795 6.981 7.151 7.306 7.446 7.571 7.680 7.774 7.853 7.916 7.964 7.993 8.012 8.042 8.081 8.131 8.190 8.259 8.339 8.428 8.528 8.637 8.757 8.842 8.760 8.646 8.499 8.321 8.110 7.867 7.592 7.285 6.945 6.574 6.170 5.813 5.779 5.721 5.640
3.763 3.902 4.044 4.190 4.339 4.492 4.648 4.807 4.970 5.136 5.350 5.690 6.017 6.330 6.629 6.914 7.185 7.442 7.686 7.915 8.131 8.333 8.432 8.216 8.025 7.859 7.718 7.602 7.511 7.444 7.403 7.387 7.395 7.429 7.502 7.649 7.781 7.898 7.999 8.085 8.156 8.212 8.252 8.277 8.287 8.281 8.270 8.325 8.389 8.464 8.548 8.643 8.747 8.862 8.986 9.121 9.266 9.420 9.552 9.358 9.131 8.871 8.580 8.257 7.901 7.513 7.093 6.641 6.157 5.640 5.116 5.001 4.862 4.701
4.136 4.287 4.441 4.577 4.705 4.845 4.999 5.165 5.345 5.538 5.754 6.045 6.323 6.587 6.837 7.073 7.296 7.504 7.699 7.880 8.047 8.200 8.321 8.192 8.089 8.011 7.957 7.929 7.925 7.946 7.992 8.064 8.160 8.280 8.425 8.518 8.596 8.659 8.707 8.739 8.756 8.758 8.744 8.716 8.672 8.613 8.538 8.627 8.726 8.836 8.955 9.085 9.225 9.374 9.534 9.703 9.883 10.073 10.272 9.986 9.646 9.274 8.870 8.434 7.966 7.465 6.933 6.416 5.927 5.437 4.945 4.881 4.848 4.808
4.238 4.372 4.519 4.680 4.853 5.040 5.240 5.453 5.679 5.919 6.171 6.414 6.644 6.859 7.060 7.248 7.421 7.581 7.727 7.859 7.977 8.082 8.173 8.143 8.127 8.136 8.170 8.229 8.313 8.422 8.555 8.714 8.897 9.105 9.339 9.401 9.425 9.434 9.428 9.407 9.371 9.319 9.252 9.169 9.072 8.959 8.831 8.918 9.053 9.197 9.352 9.517 9.691 9.876 10.070 10.275 10.490 10.714 10.949 10.645 10.174 9.691 9.206 8.719 8.231 7.742 7.250 6.757 6.263 5.767 5.270 5.125 5.070 5.009
4.186 4.367 4.560 4.767 4.987 5.220 5.466 5.726 5.998 6.284 6.583 6.798 6.978 7.145 7.297 7.436 7.561 7.672 7.770 7.853 7.923 7.979 8.021 8.067 8.138 8.235 8.357 8.503 8.674 8.870 9.091 9.337 9.608 9.903 10.224 10.298 10.269 10.224 10.165 10.090 10.000 9.894 9.774 9.638 9.487 9.321 9.139 9.199 9.369 9.549 9.738 9.938 10.147 10.440 10.707 10.933 11.115 11.256 11.355 11.044 10.557 10.067 9.577 9.085 8.591 8.095 7.599 7.100 6.600 6.099 5.595 5.374 5.298 5.215
4.120 4.347 4.587 4.840 5.106 5.386 5.678 5.984 6.303 6.635 6.980 7.196 7.327 7.445 7.549 7.639 7.716 7.778 7.827 7.862 7.883 7.890 7.883 7.965 8.124 8.308 8.517 8.750 9.009 9.292 9.601 9.934 10.292 10.675 11.082 11.210 11.127 11.029 10.915 10.787 10.643 10.484 10.310 10.121 9.916 9.697 9.707 9.961 10.334 10.664 10.953 11.199 11.402 11.564 11.683 11.761 11.796 11.788 11.739 11.433 10.940 10.445 9.949 9.451 8.951 8.450 7.948 7.444 6.938 6.431 5.922 5.630 5.531 5.427
4.039 4.312 4.599 4.898 5.211 5.537 5.875 6.227 6.592 6.970 7.362 7.608 7.691 7.760 7.815 7.857 7.885 7.899 7.899 7.885 7.857 7.816 7.761 7.837 8.083 8.354 8.651 8.972 9.317 9.688 10.084 10.504 10.949 11.419 11.914 12.135 11.999 11.847 11.677 11.509 11.392 11.326 11.312 11.350 11.439 11.579 11.772 12.014 12.238 12.421 12.561 12.659 12.715 12.728 12.700 12.629 12.516 12.361 12.164 11.823 11.324 10.824 10.322 9.818 9.313 8.807 8.298 7.789 7.278 6.765 6.250 5.890 5.770 5.644
3.944 4.264 4.596 4.942 5.301 5.673 6.058 6.456 6.867 7.291 7.729 8.034 8.069 8.089 8.096 8.089 8.068 8.033 7.985 7.923 7.847 7.757 7.653 7.683 8.016 8.375 8.758 9.167 9.600 10.057 10.540 11.017 11.435 11.856 12.281 12.518 12.376 12.285 12.245 12.257 12.320 12.435 12.602 12.819 13.089 13.409 13.782 14.106 14.182 14.217 14.209 14.159 14.067 13.933 13.756 13.538 13.277 12.974 12.629 12.214 11.709 11.203 10.696 10.187 9.676 9.164 8.650 8.135 7.618 7.100 6.580 6.156 6.015 5.867
3.835 4.201 4.579 4.971 5.376 5.794 6.226 6.670 7.127 7.598 8.081 8.475 8.461 8.433 8.391 8.335 8.266 8.183 8.086 7.975 7.851 7.713 7.560 7.503 7.912 8.319 8.728 9.141 9.558 9.977 10.401 10.827 11.257 11.690 12.127 12.493 12.530 12.620 12.760 12.952 13.196 13.491 13.837 14.235 14.684 15.185 15.737 16.237 16.165 16.052 15.896 15.698 15.459 15.177 14.852 14.486 14.078 13.627 13.135 12.606 12.096 11.584 11.071 10.556 10.040 9.522 9.003 8.482 7.959 7.435 6.910 6.428 6.264 6.095
3.711 4.123 4.548 4.986 5.437 5.901 6.379 6.869 7.373 7.889 8.419 8.930 8.867 8.791 8.700 8.596 8.478 8.303 8.105 7.913 7.726 7.544 7.368 7.221 7.636 8.054 8.475 8.900 9.329 9.760 10.195 10.634 11.076 11.521 11.969 12.414 12.632 12.901 13.222 13.594 14.018 14.493 15.019 15.597 16.226 16.907 17.639 18.407 18.188 17.926 17.623 17.278 16.890 16.460 15.989 15.475 14.919 14.321 13.681 12.999 12.484 11.966 11.447 10.927 10.405 9.882 9.357 8.830 8.302 7.773 7.241 6.709 6.520 6.329
3.573 4.031 4.502 4.986 5.483 5.994 6.517 7.054 7.603 8.166 8.654 9.104 8.956 8.749 8.549 8.354 8.164 7.980 7.801 7.628 7.460 7.298 7.141 6.990 7.356 7.786 8.219 8.656 9.096 9.540 9.987 10.437 10.891 11.348 11.809 12.272 12.681 13.130 13.631 14.183 14.787 15.441 16.148 16.905 17.714 18.574 19.486 20.449 20.249 19.840 19.389 18.896 18.361 17.784 17.165 16.504 15.800 15.055 14.268 13.438 12.872 12.349 11.825 11.299 10.771 10.242 9.712 9.180 8.646 8.111 7.574 7.036 6.781 6.568
3.420 3.924 4.442 4.991 5.519 6.024 6.506 6.967 7.405 7.821 8.214 8.586 8.530 8.343 8.162 7.986 7.816 7.651 7.491 7.338 7.189 7.046 6.909 6.777 7.072 7.514 7.960 8.409 8.861 9.316 9.775 10.238 10.703 11.172 11.644 12.120 12.677 13.306 13.987 14.719 15.502 16.337 17.222 18.160 19.148 20.188 21.279 22.421 22.350 21.793 21.195 20.554 19.872 19.147 18.381 17.572 16.722 15.829 14.895 13.918 13.262 12.734 12.204 11.672 11.139 10.604 10.068 9.499 8.877 8.255 7.630 7.004 6.664 6.455
3.642 4.158 4.652 5.124 5.573 6.000 6.404 6.786 7.146 7.484 7.799 8.092 8.099 7.932 7.770 7.613 7.462 7.317 7.177 7.042 6.913 6.789 6.671 6.559 6.786 7.240 7.697 8.158 8.622 9.089 9.560 10.034 10.512 10.993 11.477 11.965 12.621 13.430 14.290 15.202 16.164 17.178 18.244 19.360 20.528 21.747 23.018 24.339 24.490 23.786 23.040 22.252 21.422 20.551 19.637 18.681 17.683 16.644 15.562 14.438 13.612 12.997 12.380 11.761 11.141 10.518 9.895 9.269 8.642 8.013 7.382 6.749 6.405 6.280
4.034 4.472 4.887 5.280 5.651 6.000 6.326 6.630 6.912 7.171 7.409 7.623 7.663 7.515 7.372 7.235 7.103 6.977 6.856 6.741 6.631 6.527 6.428 6.335 6.496 6.962 7.431 7.904 8.380 8.859 9.342 9.828 10.317 10.810 11.306 11.806 12.512 13.500 14.540 15.631 16.773 17.967 19.212 20.508 21.855 23.253 24.703 26.203 26.669 25.817 24.924 23.989 23.012 21.742 20.358 19.031 17.759 16.545 15.387 14.285 13.427 12.806 12.183 11.558 10.931 10.303 9.673 9.041 8.408 7.773 7.136 6.497 6.124 6.082
4.449 4.809 5.146 5.461 5.754 6.024 6.272 6.498 6.702 6.883 7.043 7.179 7.222 7.093 6.970 6.852 6.739 6.632 6.531 6.435 6.344 6.259 6.180 6.106 6.203 6.681 7.162 7.646 8.134 8.626 9.120 9.618 10.119 10.624 11.132 11.643 12.350 13.518 14.737 16.008 17.329 18.702 20.126 21.601 23.128 24.705 25.900 26.905 27.084 25.615 24.202 22.845 21.546 20.302 19.115 17.985 16.911 15.893 14.932 14.027 13.244 12.617 11.987 11.357 10.724 10.090 9.453 8.816 8.176 7.535 6.892 6.247 5.820 5.863
4.888 5.170 5.429 5.666 5.880 6.073 6.243 6.391 6.516 6.620 6.701 6.760 6.776 6.666 6.562 6.463 6.370 6.282 6.200 6.123 6.052 5.986 5.926 5.871 5.906 6.396 6.889 7.386 7.886 8.389 8.895 9.405 9.918 10.435 10.955 11.478 12.136 13.484 14.882 16.169 17.382 18.535 19.630 20.666 21.643 22.560 23.419 24.219 24.605 23.333 22.117 20.958 19.855 18.809 17.819 16.885 16.008 15.188 14.423 13.716 13.063 12.430 11.794 11.157 10.519 9.878 9.236 8.592 7.947 7.299 6.650 6.000 5.495 5.621
5.355 5.554 5.736 5.894 6.031 6.145 6.238 6.308 6.355 6.381 6.384 6.365 6.324 6.233 6.148 6.069 5.995 5.927 5.864 5.806 5.754 5.707 5.666 5.631 5.607 6.109 6.614 7.122 7.634 8.149 8.667 9.188 9.696 10.211 10.733 11.262 11.813 12.997 14.122 15.188 16.195 17.143 18.033 18.863 19.634 20.347 21.000 21.595 22.073 20.998 19.980 19.017 18.112 17.262 16.469 15.732 15.052 14.428 13.861 13.349 12.884 12.245 11.603 10.960 10.315 9.669 9.021 8.371 7.719 7.066 6.411 5.754 5.147 5.356
5.869 5.963 6.066 6.147 6.206 6.242 6.257 6.249 6.218 6.166 6.091 5.995 5.876 5.796 5.730 5.670 5.615 5.566 5.522 5.484 5.451 5.424 5.402 5.385 5.370 5.783 6.274 6.772 7.277 7.789 8.307 8.832 9.365 9.904 10.450 11.003 11.562 12.488 13.407 14.268 15.070 15.813 16.497 17.122 17.688 18.195 18.644 19.033 19.364 18.611 17.789 17.024 16.315 15.662 15.066 14.526 14.042 13.615 13.244 12.929 12.671 12.062 11.414 10.765 10.114 9.462 8.807 8.151 7.494 6.834 6.173 5.510 4.846 5.070
6.382 6.396 6.421 6.424 6.405 6.363 6.300 6.214 6.106 5.976 5.823 5.649 5.452 5.353 5.306 5.265 5.230 5.227 5.270 5.285 5.273 5.233 5.166 5.071 4.949 5.275 5.791 6.313 6.842 7.378 7.920 8.470 9.026 9.590 10.160 10.737 11.321 12.039 12.753 13.409 14.005 14.543 15.022 15.442 15.803 16.105 16.349 16.533 16.659 16.171 15.546 14.978 14.465 14.009 13.609 13.266 12.979 12.748 12.573 12.455 12.393 11.881 11.228 10.572 9.915 9.257 8.596 7.934 7.270 6.605 5.938 5.269 4.598 4.761
6.892 6.852 6.800 6.725 6.628 6.508 6.367 6.203 6.018 5.810 5.653 5.563 5.458 5.449 5.506 5.535 5.536 5.510 5.456 5.375 5.267 5.131 4.967 4.776 4.558 4.761 5.300 5.847 6.400 6.960 7.527 8.100 8.681 9.269 9.863 10.464 11.072 11.651 12.160 12.610 13.002 13.334 13.608 13.823 13.980 14.077 14.116 14.096 14.017 13.679 13.251 12.878 12.563 12.303 12.099 11.952 11.861 11.827 11.848 11.926 12.060 11.702 11.043 10.381 9.718 9.054 8.387 7.719 7.049 6.378 5.704 5.030 4.353 4.430
7.399 7.333 7.202 7.129 7.089 7.034 6.965 6.882 6.784 6.673 6.547 6.407 6.253 6.146 6.106 6.038 5.943 5.821 5.671 5.494 5.289 5.057 4.798 4.511 4.196 4.240 4.803 5.374 5.951 6.535 7.126 7.724 8.329 8.941 9.559 10.184 10.817 11.323 11.627 11.872 12.059 12.187 12.256 12.266 12.218 12.110 11.944 11.720 11.436 11.134 10.902 10.726 10.607 10.544 10.536 10.586 10.691 10.852 11.070 11.344 11.674 11.526 10.860 10.193 9.523 8.853 8.180 7.506 6.837 6.184 5.539 4.902 4.272 4.229
8.480 8.526 8.463 8.387 8.297 8.192 8.073 7.940 7.793 7.632 7.456 7.266 7.063 6.871 6.734 6.571 6.380 6.161 5.915 5.642 5.341 5.013 4.657 4.274 3.864 3.712 4.300 4.894 5.496 6.104 6.720 7.342 7.970 8.606 9.249 9.898 10.554 11.055 11.155 11.195 11.177 11.100 10.964 10.770 10.517 10.205 9.835 9.406 8.918 8.537 8.501 8.522 8.598 8.731 8.920 9.165 9.467 9.824 10.238 10.708 11.234 11.343 10.661 9.988 9.323 8.665 8.016 7.374 6.741 6.116 5.498 4.888 4.287 4.089
9.847 9.897 9.785 9.659 9.518 9.364 9.195 9.012 8.815 8.604 8.379 8.140 7.886 7.624 7.392 7.132 6.845 6.530 6.188 5.819 5.422 4.998 4.546 4.067 3.561 3.178 3.790 4.408 5.034 5.666 6.306 6.952 7.605 8.265 8.931 9.605 10.285 10.848 10.742 10.578 10.355 10.074 9.734 9.335 8.878 8.361 7.787 7.153 6.461 5.887 6.048 6.264 6.537 6.866 7.467 8.186 8.847 9.450 9.994 10.480 10.908 11.046 10.393 9.747 9.109 8.479 7.858 7.244 6.638 6.040 5.450 4.868 4.294 3.966
11.217 11.264 11.120 10.944 10.754 10.550 10.331 10.099 9.852 9.591 9.316 9.027 8.724 8.406 8.078 7.722 7.339 6.928 6.490 6.025 5.532 5.012 4.464 3.889 3.287 2.657 3.273 3.916 4.565 5.222 5.885 6.556 7.233 7.917 8.607 9.305 10.009 10.701 10.391 10.022 9.595 9.109 8.564 7.961 7.299 6.579 5.800 5.341 5.096 4.969 5.777 6.526 7.218 7.850 8.425 8.941 9.399 9.799 10.140 10.423 10.648 10.743 10.117 9.499 8.888 8.286 7.692 7.106 6.527 5.957 5.394 4.840 4.293 3.860
