DATA/SHG/ECMWF/20170628/EN-45/20170707.en-45.asc
ncols        190
nrows        64
xllcorner    -5100000.000000000000
yllcorner    4130000.000000000000
cellsize     10000.000000000000
NODATA_value  -99999.000
[rows 0 to 32 of 64, columns 0 to 73 of 190]
2.859 2.755 2.650 2.545 2.439 2.332 2.225 2.117 2.008 1.884 1.757 1.633 1.512 1.393 1.277 1.163 1.052 0.944 0.838 0.777 0.730 0.719 0.723 0.726 0.727 0.727 0.725 0.722 0.718 0.713 0.706 0.697 0.688 0.666 0.639 0.613 0.590 0.568 0.547 0.529 0.512 0.497 0.484 0.472 0.463 0.472 0.496 0.519 0.540 0.560 0.578 0.594 0.609 0.623 0.634 0.645 0.653 0.676 0.714 0.750 0.785 0.818 0.850 0.880 0.908 0.934 0.958 0.981 1.002 1.036 1.091 1.148 1.205 1.264
2.359 2.253 2.146 2.038 1.930 1.821 1.711 1.601 1.490 1.374 1.256 1.142 1.087 1.036 0.986 0.937 0.890 0.845 0.801 0.758 0.717 0.699 0.698 0.696 0.692 0.687 0.681 0.673 0.664 0.654 0.642 0.630 0.615 0.597 0.576 0.556 0.539 0.523 0.509 0.496 0.486 0.477 0.470 0.465 0.461 0.468 0.487 0.504 0.519 0.534 0.546 0.557 0.567 0.575 0.581 0.586 0.590 0.602 0.634 0.665 0.693 0.721 0.746 0.770 0.792 0.812 0.831 0.848 0.863 0.888 0.947 1.007 1.068 1.130
1.860 1.752 1.643 1.533 1.433 1.379 1.327 1.276 1.228 1.178 1.128 1.079 1.031 0.985 0.940 0.897 0.855 0.815 0.776 0.739 0.703 0.680 0.674 0.667 0.659 0.649 0.638 0.626 0.612 0.597 0.581 0.563 0.544 0.525 0.510 0.497 0.486 0.476 0.468 0.462 0.458 0.455 0.455 0.455 0.458 0.465 0.478 0.490 0.500 0.509 0.516 0.522 0.526 0.529 0.530 0.529 0.527 0.530 0.556 0.580 0.603 0.624 0.644 0.662 0.678 0.692 0.705 0.716 0.741 0.774 0.851 0.926 0.999 1.070
1.536 1.481 1.428 1.376 1.327 1.279 1.234 1.190 1.147 1.105 1.060 1.016 0.973 0.932 0.893 0.855 0.818 0.783 0.749 0.717 0.686 0.662 0.652 0.640 0.627 0.612 0.597 0.580 0.561 0.542 0.521 0.498 0.475 0.452 0.444 0.437 0.431 0.428 0.426 0.426 0.428 0.432 0.437 0.444 0.453 0.464 0.472 0.478 0.483 0.486 0.488 0.488 0.487 0.484 0.480 0.474 0.467 0.459 0.479 0.498 0.516 0.544 0.571 0.599 0.626 0.653 0.680 0.706 0.733 0.759 0.828 0.896 0.962 1.027
1.402 1.354 1.307 1.262 1.219 1.178 1.139 1.101 1.066 1.030 0.990 0.951 0.914 0.878 0.844 0.811 0.780 0.750 0.721 0.694 0.669 0.646 0.631 0.614 0.596 0.577 0.557 0.535 0.512 0.488 0.462 0.435 0.406 0.378 0.375 0.374 0.375 0.378 0.383 0.389 0.397 0.407 0.418 0.432 0.447 0.464 0.466 0.467 0.467 0.465 0.461 0.456 0.450 0.442 0.438 0.435 0.433 0.433 0.458 0.486 0.513 0.540 0.567 0.594 0.620 0.647 0.673 0.698 0.724 0.749 0.807 0.868 0.928 0.985
1.267 1.225 1.185 1.146 1.110 1.075 1.042 1.011 0.982 0.954 0.919 0.886 0.854 0.823 0.794 0.766 0.740 0.715 0.692 0.670 0.650 0.631 0.611 0.590 0.567 0.544 0.518 0.492 0.464 0.435 0.405 0.373 0.340 0.305 0.305 0.310 0.318 0.326 0.337 0.350 0.364 0.380 0.398 0.417 0.438 0.461 0.460 0.452 0.444 0.438 0.433 0.430 0.428 0.427 0.427 0.429 0.431 0.436 0.458 0.484 0.511 0.537 0.563 0.589 0.615 0.640 0.666 0.691 0.715 0.740 0.787 0.842 0.895 0.946
1.129 1.094 1.060 1.028 0.998 0.970 0.944 0.919 0.896 0.875 0.847 0.818 0.792 0.766 0.742 0.720 0.698 0.679 0.661 0.644 0.629 0.615 0.593 0.567 0.540 0.511 0.482 0.450 0.418 0.384 0.349 0.312 0.275 0.235 0.233 0.245 0.258 0.273 0.290 0.310 0.329 0.348 0.366 0.382 0.397 0.412 0.412 0.408 0.405 0.404 0.403 0.404 0.406 0.410 0.415 0.421 0.428 0.437 0.457 0.483 0.509 0.534 0.560 0.585 0.610 0.634 0.659 0.683 0.707 0.731 0.770 0.818 0.864 0.908
0.990 0.961 0.934 0.909 0.885 0.863 0.843 0.825 0.809 0.794 0.773 0.750 0.728 0.708 0.689 0.671 0.656 0.641 0.628 0.617 0.607 0.598 0.576 0.546 0.514 0.481 0.446 0.410 0.373 0.334 0.295 0.253 0.217 0.184 0.184 0.206 0.226 0.245 0.263 0.280 0.296 0.311 0.325 0.337 0.349 0.359 0.363 0.363 0.365 0.368 0.372 0.377 0.384 0.392 0.401 0.412 0.424 0.437 0.456 0.482 0.507 0.531 0.556 0.580 0.605 0.629 0.652 0.676 0.699 0.722 0.754 0.795 0.835 0.872
0.850 0.827 0.806 0.787 0.770 0.755 0.741 0.729 0.719 0.711 0.698 0.680 0.663 0.648 0.634 0.622 0.611 0.602 0.594 0.588 0.583 0.579 0.561 0.526 0.489 0.453 0.417 0.382 0.348 0.314 0.281 0.248 0.216 0.184 0.176 0.193 0.210 0.225 0.239 0.252 0.264 0.275 0.285 0.294 0.301 0.308 0.312 0.317 0.323 0.331 0.339 0.349 0.360 0.373 0.387 0.402 0.418 0.435 0.456 0.481 0.505 0.529 0.553 0.576 0.600 0.623 0.646 0.669 0.691 0.713 0.740 0.775 0.807 0.838
0.707 0.691 0.676 0.664 0.653 0.644 0.637 0.632 0.628 0.627 0.621 0.608 0.596 0.587 0.578 0.571 0.565 0.561 0.559 0.557 0.555 0.554 0.541 0.506 0.471 0.437 0.403 0.370 0.338 0.306 0.274 0.244 0.213 0.184 0.168 0.182 0.194 0.206 0.216 0.225 0.233 0.240 0.246 0.251 0.255 0.257 0.261 0.270 0.281 0.292 0.306 0.320 0.336 0.352 0.371 0.390 0.411 0.433 0.456 0.480 0.503 0.527 0.550 0.573 0.595 0.618 0.640 0.662 0.684 0.705 0.728 0.756 0.782 0.806
0.563 0.553 0.545 0.539 0.534 0.532 0.531 0.532 0.535 0.540 0.544 0.540 0.536 0.533 0.531 0.529 0.527 0.526 0.525 0.524 0.525 0.525 0.519 0.485 0.453 0.420 0.389 0.358 0.327 0.297 0.268 0.239 0.210 0.183 0.162 0.172 0.180 0.188 0.194 0.200 0.204 0.207 0.209 0.210 0.209 0.208 0.208 0.222 0.237 0.253 0.270 0.289 0.309 0.331 0.353 0.377 0.403 0.429 0.456 0.479 0.502 0.525 0.547 0.569 0.591 0.612 0.634 0.655 0.676 0.697 0.718 0.739 0.758 0.775
0.416 0.413 0.412 0.422 0.439 0.455 0.468 0.478 0.487 0.493 0.497 0.494 0.492 0.491 0.490 0.489 0.489 0.489 0.490 0.492 0.493 0.495 0.496 0.464 0.434 0.403 0.374 0.344 0.316 0.288 0.260 0.233 0.207 0.181 0.157 0.163 0.167 0.171 0.174 0.175 0.175 0.175 0.173 0.170 0.165 0.160 0.154 0.172 0.191 0.212 0.234 0.258 0.282 0.308 0.335 0.363 0.393 0.424 0.456 0.479 0.501 0.523 0.544 0.565 0.587 0.607 0.628 0.667 0.724 0.788 0.859 0.940 1.031 1.131
0.387 0.403 0.417 0.429 0.439 0.446 0.451 0.454 0.455 0.453 0.449 0.448 0.448 0.448 0.448 0.449 0.451 0.453 0.455 0.458 0.462 0.465 0.470 0.443 0.414 0.386 0.358 0.331 0.304 0.278 0.252 0.227 0.203 0.179 0.156 0.155 0.156 0.155 0.154 0.152 0.148 0.143 0.138 0.131 0.123 0.113 0.103 0.121 0.145 0.170 0.197 0.225 0.254 0.284 0.315 0.348 0.382 0.418 0.454 0.479 0.504 0.537 0.577 0.624 0.677 0.738 0.805 0.880 0.961 1.049 1.144 1.255 1.378 1.510
0.421 0.429 0.436 0.439 0.441 0.440 0.437 0.432 0.425 0.415 0.403 0.401 0.403 0.404 0.407 0.409 0.412 0.416 0.420 0.424 0.429 0.435 0.441 0.421 0.394 0.368 0.342 0.316 0.292 0.268 0.244 0.221 0.198 0.176 0.155 0.148 0.145 0.141 0.136 0.129 0.122 0.113 0.104 0.093 0.081 0.068 0.054 0.069 0.097 0.127 0.158 0.190 0.224 0.262 0.300 0.338 0.376 0.413 0.450 0.492 0.542 0.599 0.663 0.734 0.812 0.896 0.988 1.086 1.191 1.303 1.422 1.561 1.716 1.880
0.458 0.458 0.456 0.452 0.446 0.437 0.426 0.413 0.398 0.380 0.360 0.354 0.357 0.360 0.364 0.369 0.373 0.378 0.384 0.390 0.397 0.404 0.411 0.398 0.373 0.349 0.325 0.302 0.279 0.257 0.235 0.214 0.193 0.173 0.154 0.143 0.136 0.128 0.118 0.108 0.097 0.084 0.071 0.056 0.040 0.024 0.014 0.033 0.072 0.111 0.149 0.187 0.225 0.262 0.300 0.337 0.373 0.409 0.445 0.499 0.574 0.655 0.743 0.837 0.939 1.048 1.163 1.285 1.414 1.550 1.693 1.858 2.045 2.241
0.497 0.489 0.479 0.467 0.453 0.436 0.417 0.396 0.373 0.347 0.319 0.307 0.311 0.316 0.322 0.327 0.334 0.341 0.348 0.356 0.364 0.372 0.381 0.375 0.352 0.330 0.308 0.286 0.265 0.245 0.225 0.206 0.188 0.169 0.152 0.138 0.127 0.115 0.103 0.096 0.088 0.080 0.071 0.062 0.052 0.041 0.030 0.040 0.078 0.116 0.153 0.190 0.227 0.264 0.300 0.336 0.371 0.406 0.441 0.500 0.598 0.703 0.815 0.934 1.060 1.192 1.332 1.478 1.631 1.791 1.958 2.146 2.365 2.593
0.538 0.523 0.505 0.485 0.462 0.438 0.411 0.382 0.351 0.317 0.281 0.259 0.265 0.271 0.279 0.286 0.294 0.302 0.311 0.321 0.330 0.340 0.351 0.351 0.330 0.310 0.290 0.270 0.251 0.233 0.215 0.199 0.187 0.177 0.167 0.159 0.152 0.144 0.135 0.126 0.116 0.106 0.095 0.084 0.072 0.059 0.047 0.048 0.085 0.122 0.158 0.194 0.230 0.265 0.300 0.335 0.369 0.403 0.437 0.494 0.616 0.745 0.881 1.024 1.174 1.330 1.493 1.664 1.841 2.025 2.215 2.424 2.676 2.936
0.582 0.558 0.533 0.505 0.474 0.442 0.407 0.370 0.331 0.289 0.245 0.210 0.218 0.226 0.235 0.244 0.254 0.264 0.274 0.285 0.296 0.308 0.320 0.327 0.309 0.292 0.277 0.263 0.250 0.239 0.229 0.220 0.213 0.206 0.202 0.197 0.188 0.178 0.167 0.156 0.144 0.132 0.120 0.106 0.093 0.078 0.063 0.056 0.092 0.127 0.163 0.198 0.232 0.267 0.301 0.334 0.368 0.401 0.434 0.481 0.628 0.781 0.940 1.107 1.281 1.461 1.648 1.843 2.044 2.251 2.466 2.694 2.977 3.269
0.628 0.597 0.563 0.527 0.489 0.448 0.406 0.361 0.314 0.264 0.212 0.162 0.171 0.181 0.191 0.202 0.213 0.226 0.241 0.255 0.269 0.283 0.297 0.309 0.296 0.284 0.273 0.264 0.256 0.249 0.243 0.239 0.237 0.235 0.235 0.236 0.224 0.212 0.200 0.187 0.173 0.159 0.145 0.130 0.114 0.098 0.081 0.064 0.099 0.134 0.168 0.202 0.235 0.268 0.301 0.334 0.366 0.398 0.430 0.462 0.632 0.809 0.993 1.184 1.381 1.585 1.797 2.015 2.239 2.471 2.710 2.955 3.269 3.594
0.677 0.638 0.596 0.552 0.506 0.458 0.407 0.354 0.299 0.241 0.188 0.128 0.136 0.150 0.165 0.179 0.193 0.207 0.221 0.235 0.248 0.262 0.275 0.288 0.282 0.274 0.268 0.263 0.260 0.258 0.257 0.257 0.259 0.262 0.267 0.272 0.261 0.247 0.233 0.218 0.203 0.187 0.170 0.153 0.136 0.117 0.099 0.080 0.107 0.140 0.173 0.206 0.239 0.271 0.303 0.334 0.366 0.396 0.427 0.458 0.630 0.831 1.039 1.253 1.475 1.703 1.938 2.180 2.429 2.684 2.947 3.216 3.553 3.909
0.728 0.681 0.631 0.606 0.573 0.533 0.485 0.429 0.366 0.295 0.217 0.131 0.119 0.133 0.147 0.161 0.175 0.188 0.201 0.215 0.228 0.241 0.253 0.266 0.266 0.263 0.262 0.262 0.263 0.265 0.269 0.274 0.280 0.288 0.297 0.307 0.299 0.283 0.267 0.250 0.233 0.215 0.196 0.177 0.158 0.138 0.117 0.096 0.114 0.147 0.179 0.211 0.242 0.273 0.304 0.335 0.365 0.395 0.424 0.454 0.621 0.846 1.078 1.316 1.562 1.814 2.073 2.332 2.577 2.814 3.044 3.267 3.569 3.910
0.964 0.927 0.883 0.831 0.771 0.704 0.630 0.547 0.457 0.360 0.254 0.142 0.103 0.116 0.130 0.143 0.156 0.169 0.182 0.195 0.207 0.220 0.232 0.244 0.249 0.251 0.254 0.259 0.264 0.271 0.280 0.289 0.300 0.312 0.326 0.341 0.337 0.319 0.301 0.282 0.263 0.243 0.223 0.202 0.181 0.159 0.136 0.113 0.123 0.154 0.185 0.216 0.246 0.276 0.306 0.335 0.364 0.393 0.422 0.450 0.623 0.894 1.157 1.414 1.662 1.904 2.138 2.365 2.584 2.795 3.000 3.197 3.493 3.868
1.277 1.214 1.143 1.064 0.978 0.884 0.782 0.673 0.556 0.432 0.300 0.161 0.087 0.100 0.113 0.125 0.138 0.151 0.163 0.175 0.187 0.199 0.211 0.222 0.231 0.237 0.245 0.254 0.264 0.276 0.289 0.303 0.318 0.335 0.353 0.373 0.375 0.356 0.336 0.315 0.294 0.272 0.250 0.227 0.204 0.180 0.156 0.131 0.131 0.161 0.191 0.221 0.250 0.306 0.377 0.445 0.512 0.576 0.638 0.697 0.843 1.089 1.326 1.557 1.780 1.996 2.204 2.404 2.598 2.784 2.962 3.133 3.407 3.817
1.599 1.508 1.410 1.305 1.192 1.071 0.943 0.807 0.664 0.513 0.354 0.188 0.071 0.083 0.096 0.108 0.120 0.132 0.144 0.156 0.167 0.178 0.190 0.201 0.211 0.222 0.235 0.248 0.263 0.279 0.297 0.315 0.335 0.357 0.380 0.404 0.414 0.393 0.371 0.348 0.325 0.302 0.278 0.253 0.228 0.202 0.207 0.229 0.272 0.346 0.418 0.487 0.555 0.620 0.683 0.744 0.802 0.859 0.913 0.965 1.071 1.290 1.502 1.707 1.904 2.094 2.276 2.451 2.619 2.779 2.932 3.077 3.313 3.756
1.928 1.811 1.686 1.554 1.414 1.267 1.112 0.949 0.779 0.601 0.416 0.223 0.055 0.067 0.079 0.091 0.102 0.114 0.125 0.136 0.147 0.158 0.169 0.179 0.191 0.206 0.223 0.241 0.260 0.281 0.303 0.327 0.351 0.377 0.404 0.433 0.454 0.430 0.407 0.393 0.389 0.392 0.402 0.420 0.446 0.479 0.520 0.568 0.626 0.692 0.756 0.818 0.877 0.935 0.990 1.043 1.094 1.143 1.190 1.234 1.305 1.499 1.685 1.864 2.035 2.199 2.356 2.505 2.647 2.781 2.908 3.028 3.210 3.687
2.262 2.121 1.970 1.811 1.644 1.470 1.289 1.099 0.903 0.698 0.486 0.267 0.040 0.051 0.062 0.074 0.085 0.096 0.106 0.117 0.128 0.138 0.148 0.158 0.168 0.188 0.210 0.232 0.256 0.282 0.308 0.336 0.370 0.402 0.434 0.464 0.493 0.492 0.499 0.513 0.535 0.564 0.601 0.646 0.698 0.757 0.825 0.899 0.981 1.039 1.096 1.150 1.202 1.252 1.300 1.345 1.388 1.430 1.469 1.505 1.547 1.715 1.875 2.028 2.174 2.312 2.443 2.566 2.682 2.791 2.892 2.986 3.098 3.608
2.563 2.440 2.262 2.076 1.883 1.682 1.474 1.258 1.034 0.803 0.565 0.318 0.065 0.035 0.046 0.057 0.067 0.078 0.088 0.098 0.108 0.118 0.128 0.137 0.149 0.184 0.220 0.255 0.289 0.322 0.354 0.385 0.415 0.444 0.472 0.499 0.525 0.551 0.584 0.625 0.673 0.729 0.792 0.863 0.942 1.028 1.121 1.223 1.331 1.389 1.437 1.484 1.528 1.571 1.611 1.649 1.684 1.718 1.749 1.778 1.805 1.937 2.071 2.199 2.319 2.431 2.536 2.634 2.724 2.807 2.883 2.951 3.011 3.520
2.861 2.766 2.561 2.349 2.129 1.902 1.667 1.424 1.174 0.916 0.651 0.378 0.098 0.019 0.030 0.040 0.050 0.066 0.093 0.119 0.143 0.166 0.187 0.207 0.225 0.254 0.286 0.318 0.348 0.378 0.406 0.434 0.461 0.486 0.511 0.535 0.557 0.602 0.662 0.729 0.804 0.886 0.975 1.073 1.178 1.290 1.410 1.538 1.673 1.739 1.781 1.820 1.856 1.891 1.923 1.954 1.982 2.008 2.031 2.053 2.072 2.166 2.275 2.376 2.470 2.557 2.637 2.709 2.773 2.830 2.880 2.923 2.958 3.423
3.157 3.100 2.869 2.630 2.384 2.130 1.868 1.599 1.322 1.038 0.748 0.463 0.185 0.078 0.106 0.132 0.157 0.181 0.203 0.223 0.242 0.259 0.275 0.290 0.302 0.325 0.354 0.382 0.409 0.435 0.460 0.484 0.508 0.530 0.551 0.571 0.591 0.646 0.732 0.825 0.926 1.035 1.151 1.274 1.406 1.545 1.691 1.845 2.006 2.092 2.125 2.157 2.186 2.213 2.238 2.260 2.281 2.299 2.315 2.329 2.341 2.402 2.485 2.561 2.629 2.690 2.744 2.790 2.829 2.861 2.885 2.901 2.911 3.318
3.450 3.443 3.185 2.891 2.583 2.282 1.988 1.700 1.419 1.143 0.875 0.613 0.357 0.215 0.238 0.259 0.279 0.297 0.314 0.329 0.342 0.354 0.365 0.374 0.381 0.396 0.422 0.447 0.470 0.493 0.515 0.536 0.555 0.574 0.592 0.609 0.625 0.681 0.793 0.913 1.041 1.176 1.318 1.468 1.626 1.791 1.964 2.144 2.332 2.446 2.472 2.496 2.517 2.537 2.554 2.569 2.582 2.593 2.601 2.607 2.612 2.645 2.702 2.752 2.795 2.830 2.858 2.879 2.887 2.889 2.894 2.904 2.918 3.240
3.468 3.442 3.144 2.853 2.568 2.290 2.018 1.753 1.493 1.241 0.995 0.755 0.521 0.355 0.372 0.388 0.402 0.415 0.426 0.436 0.444 0.451 0.456 0.460 0.462 0.469 0.491 0.512 0.533 0.552 0.570 0.588 0.604 0.619 0.634 0.647 0.660 0.709 0.848 0.994 1.148 1.309 1.478 1.654 1.838 2.030 2.229 2.435 2.649 2.802 2.820 2.836 2.850 2.862 2.872 2.879 2.885 2.888 2.889 2.887 2.884 2.869 2.856 2.848 2.844 2.843 2.847 2.854 2.866 2.881 2.901 2.924 2.952 3.186
3.359 3.353 3.078 2.809 2.547 2.291 2.041 1.798 1.561 1.331 1.107 0.890 0.679 0.495 0.507 0.518 0.527 0.534 0.540 0.545 0.548 0.549 0.549 0.547 0.544 0.542 0.561 0.579 0.596 0.612 0.627 0.641 0.654 0.666 0.677 0.687 0.696 0.729 0.894 1.067 1.247 1.434 1.629 1.832 2.042 2.260 2.485 2.718 2.959 3.160 3.170 3.179 3.185 3.189 3.208 3.217 3.199 3.154 3.083 2.986 2.861 2.747 2.748 2.754 2.763 2.777 2.794 2.816 2.841 2.870 2.903 2.941 2.982 3.145
3.263 3.237 3.004 2.758 2.518 2.284 2.057 1.837 1.622 1.414 1.213 1.018 0.830 0.647 0.644 0.649 0.653 0.655 0.656 0.655 0.652 0.648 0.643 0.636 0.627 0.617 0.632 0.647 0.660 0.673 0.684 0.695 0.704 0.713 0.721 0.727 0.733 0.741 0.933 1.131 1.338 1.552 1.773 2.002 2.239 2.483 2.734 3.046 3.403 3.764 3.814 3.836 3.832 3.801 3.744 3.660 3.549 3.412 3.248 3.057 2.840 2.621 2.637 2.656 2.679 2.707 2.738 2.773 2.812 2.855 2.902 2.953 3.008 3.117
