DATA/SHG/ECMWF/20170628/EN-45/20170629.en-45.asc
ncols        190
nrows        64
xllcorner    -5100000.000000000000
yllcorner    4130000.000000000000
cellsize     10000.000000000000
NODATA_value  -99999.000
[rows 0 to 32 of 64, columns 0 to 73 of 190]
2.631 2.599 2.571 2.545 2.521 2.501 2.484 2.469 2.458 2.549 2.671 2.794 2.917 3.039 3.162 3.284 3.406 3.528 3.650 3.784 3.918 3.837 3.657 3.476 3.295 3.112 2.928 2.744 2.559 2.372 2.185 1.997 1.808 1.804 1.917 2.026 2.131 2.232 2.330 2.424 2.515 2.601 2.684 2.763 2.838 2.974 3.164 3.352 3.539 3.725 3.909 4.092 4.274 4.454 4.633 4.810 4.987 5.074 5.067 5.076 5.100 5.139 5.194 5.264 5.349 5.450 5.566 5.697 5.843 5.967 6.028 6.083 6.131 6.172
2.528 2.507 2.488 2.472 2.459 2.449 2.442 2.438 2.436 2.511 2.634 2.756 2.911 3.062 3.208 3.349 3.485 3.617 3.743 3.865 3.981 3.936 3.752 3.568 3.383 3.197 3.010 2.823 2.634 2.445 2.254 2.063 1.870 1.814 1.914 2.010 2.102 2.190 2.275 2.356 2.433 2.507 2.576 2.642 2.704 2.813 2.999 3.182 3.365 3.546 3.725 3.903 4.080 4.256 4.430 4.603 4.775 4.902 4.949 5.012 5.090 5.183 5.291 5.415 5.554 5.708 5.878 6.063 6.263 6.433 6.471 6.502 6.526 6.543
2.423 2.411 2.403 2.397 2.399 2.427 2.467 2.518 2.580 2.688 2.836 2.979 3.118 3.252 3.380 3.504 3.623 3.737 3.846 3.950 4.049 4.035 3.848 3.661 3.473 3.284 3.093 2.902 2.711 2.518 2.324 2.129 1.934 1.829 1.915 1.998 2.077 2.152 2.224 2.292 2.356 2.416 2.472 2.525 2.574 2.654 2.835 3.014 3.192 3.368 3.543 3.716 3.889 4.060 4.229 4.397 4.564 4.716 4.817 4.933 5.065 5.212 5.374 5.551 5.744 5.952 6.175 6.413 6.665 6.885 6.900 6.917 6.934 6.954
2.334 2.357 2.391 2.437 2.493 2.561 2.641 2.731 2.833 2.952 3.083 3.209 3.330 3.446 3.557 3.664 3.765 3.862 3.954 4.041 4.122 4.135 3.945 3.755 3.563 3.371 3.177 2.983 2.788 2.592 2.395 2.197 1.998 1.847 1.920 1.990 2.056 2.118 2.176 2.231 2.282 2.329 2.373 2.412 2.448 2.497 2.673 2.847 3.020 3.192 3.362 3.531 3.698 3.865 4.030 4.193 4.355 4.515 4.670 4.840 5.032 5.304 5.571 5.832 6.087 6.337 6.581 6.819 7.051 7.278 7.301 7.323 7.345 7.370
2.256 2.319 2.393 2.479 2.575 2.683 2.802 2.933 3.074 3.221 3.334 3.443 3.547 3.646 3.740 3.829 3.913 3.992 4.067 4.136 4.201 4.236 4.043 3.849 3.654 3.459 3.262 3.065 2.866 2.667 2.466 2.265 2.063 1.869 1.929 1.986 2.039 2.088 2.133 2.174 2.212 2.246 2.277 2.303 2.326 2.345 2.512 2.682 2.850 3.017 3.183 3.347 3.510 3.696 3.962 4.234 4.510 4.791 5.062 5.326 5.584 5.836 6.083 6.324 6.559 6.788 7.012 7.230 7.442 7.649 7.700 7.727 7.754 7.784
2.167 2.269 2.383 2.508 2.645 2.792 2.951 3.121 3.303 3.495 3.591 3.682 3.769 3.850 3.927 3.999 4.065 4.127 4.185 4.237 4.284 4.326 4.142 3.945 3.747 3.548 3.348 3.147 2.945 2.742 2.539 2.334 2.129 1.923 1.942 1.985 2.025 2.061 2.093 2.122 2.146 2.167 2.184 2.198 2.208 2.214 2.385 2.635 2.889 3.148 3.413 3.682 3.956 4.235 4.518 4.807 5.100 5.399 5.659 5.903 6.141 6.373 6.600 6.820 7.035 7.245 7.448 7.646 7.838 8.025 8.098 8.129 8.162 8.196
2.065 2.207 2.361 2.526 2.702 2.889 3.088 3.297 3.518 3.751 3.852 3.926 3.995 4.060 4.119 4.173 4.223 4.268 4.307 4.342 4.372 4.397 4.242 4.041 3.840 3.637 3.434 3.230 3.025 2.819 2.612 2.405 2.196 1.987 1.959 1.989 2.015 2.038 2.057 2.099 2.165 2.237 2.315 2.399 2.490 2.586 2.799 3.065 3.337 3.613 3.895 4.181 4.472 4.768 5.069 5.374 5.685 6.000 6.261 6.485 6.703 6.915 7.121 7.322 7.517 7.706 7.889 8.067 8.239 8.405 8.493 8.529 8.567 8.606
1.950 2.132 2.326 2.530 2.746 2.973 3.211 3.461 3.722 3.993 4.119 4.175 4.227 4.274 4.316 4.353 4.386 4.413 4.435 4.453 4.466 4.473 4.342 4.138 3.934 3.728 3.522 3.314 3.106 2.897 2.687 2.476 2.269 2.078 2.038 2.095 2.158 2.227 2.302 2.383 2.471 2.564 2.663 2.768 2.880 2.997 3.207 3.490 3.779 4.073 4.371 4.674 4.982 5.295 5.613 5.936 6.264 6.596 6.868 7.071 7.269 7.461 7.647 7.828 8.003 8.172 8.335 8.493 8.645 8.791 8.887 8.927 8.970 9.014
1.824 2.046 2.279 2.523 2.778 3.045 3.323 3.612 3.912 4.224 4.390 4.429 4.464 4.493 4.518 4.538 4.553 4.563 4.568 4.569 4.564 4.555 4.443 4.236 4.028 3.774 3.530 3.302 3.088 2.889 2.705 2.537 2.383 2.244 2.209 2.288 2.372 2.462 2.558 2.661 2.769 2.884 3.004 3.131 3.263 3.402 3.609 3.910 4.216 4.526 4.842 5.162 5.487 5.817 6.152 6.492 6.837 7.187 7.479 7.662 7.840 8.012 8.178 8.338 8.493 8.642 8.785 8.923 9.055 9.181 9.278 9.324 9.371 9.420
1.685 1.946 2.219 2.503 2.798 3.104 3.422 3.750 4.090 4.441 4.666 4.688 4.705 4.718 4.725 4.728 4.725 4.710 4.631 4.541 4.441 4.331 4.166 3.930 3.710 3.504 3.313 3.137 2.976 2.830 2.698 2.582 2.481 2.394 2.374 2.474 2.579 2.691 2.808 2.932 3.061 3.197 3.339 3.486 3.640 3.800 4.006 4.324 4.647 4.974 5.307 5.644 5.987 6.334 6.686 7.043 7.404 7.771 8.095 8.258 8.416 8.568 8.714 8.854 8.989 9.118 9.241 9.358 9.470 9.576 9.668 9.718 9.771 9.824
1.534 1.835 2.147 2.471 2.805 3.151 3.508 3.876 4.256 4.646 4.932 4.889 4.835 4.771 4.696 4.612 4.517 4.411 4.296 4.170 4.034 3.887 3.723 3.540 3.372 3.219 3.080 2.957 2.848 2.754 2.676 2.612 2.563 2.529 2.533 2.653 2.780 2.913 3.051 3.196 3.347 3.504 3.666 3.835 4.010 4.191 4.397 4.732 5.072 5.417 5.767 6.121 6.480 6.845 7.214 7.588 7.966 8.350 8.716 8.859 8.996 9.128 9.254 9.374 9.489 9.598 9.701 9.798 9.890 9.976 10.055 10.111 10.168 10.226
1.371 1.711 2.063 2.430 2.800 3.166 3.529 3.888 4.243 4.595 4.899 4.819 4.729 4.629 4.518 4.397 4.266 4.124 3.972 3.810 3.638 3.455 3.266 3.135 3.019 2.918 2.832 2.761 2.705 2.664 2.638 2.626 2.630 2.648 2.684 2.826 2.974 3.128 3.288 3.454 3.626 3.804 3.988 4.178 4.374 4.576 4.784 5.135 5.492 5.854 6.221 6.592 6.968 7.350 7.736 8.127 8.522 8.923 9.329 9.464 9.581 9.693 9.799 9.899 9.994 10.082 10.166 10.245 10.336 10.443 10.564 10.662 10.757 10.853
1.339 1.708 2.072 2.433 2.790 3.144 3.494 3.840 4.183 4.521 4.857 4.761 4.635 4.498 4.351 4.194 4.026 3.848 3.660 3.462 3.253 3.034 2.805 2.715 2.651 2.603 2.570 2.551 2.547 2.558 2.584 2.625 2.681 2.752 2.837 2.993 3.162 3.337 3.518 3.705 3.898 4.097 4.302 4.513 4.731 4.954 5.183 5.533 5.906 6.285 6.669 7.058 7.451 7.849 8.252 8.660 9.073 9.491 9.913 10.074 10.120 10.158 10.211 10.279 10.363 10.462 10.576 10.705 10.850 11.010 11.185 11.300 11.398 11.497
1.385 1.740 2.092 2.440 2.784 3.125 3.462 3.796 4.126 4.452 4.774 4.714 4.551 4.378 4.195 4.002 3.798 3.584 3.360 3.125 2.880 2.625 2.359 2.279 2.269 2.273 2.291 2.325 2.374 2.437 2.516 2.609 2.717 2.840 2.978 3.153 3.343 3.539 3.742 3.950 4.164 4.384 4.610 4.843 5.081 5.325 5.575 5.924 6.315 6.711 7.112 7.517 7.928 8.263 8.590 8.923 9.262 9.608 9.960 10.116 10.192 10.283 10.390 10.511 10.648 10.800 10.968 11.150 11.348 11.561 11.790 11.937 12.038 12.139
1.434 1.777 2.116 2.451 2.783 3.111 3.435 3.756 4.073 4.386 4.696 4.678 4.479 4.270 4.051 3.821 3.581 3.331 3.070 2.800 2.519 2.227 1.926 1.829 1.871 1.927 1.998 2.084 2.185 2.301 2.432 2.577 2.737 2.913 3.103 3.307 3.518 3.735 3.959 4.188 4.423 4.665 4.912 5.165 5.425 5.690 5.864 6.113 6.424 6.742 7.065 7.396 7.732 8.075 8.424 8.779 9.141 9.509 9.884 10.120 10.249 10.393 10.553 10.728 10.918 11.124 11.344 11.580 11.831 12.098 12.379 12.573 12.676 12.779
1.487 1.817 2.143 2.466 2.785 3.100 3.412 3.720 4.024 4.325 4.622 4.653 4.418 4.173 3.918 3.652 3.376 3.089 2.793 2.486 2.169 1.841 1.504 1.364 1.458 1.566 1.690 1.828 1.981 2.149 2.332 2.530 2.742 2.970 3.212 3.454 3.687 3.925 4.159 4.338 4.515 4.691 4.865 5.038 5.209 5.379 5.548 5.785 6.118 6.458 6.804 7.157 7.516 7.881 8.252 8.630 9.014 9.404 9.801 10.108 10.291 10.489 10.702 10.930 11.173 11.432 11.706 11.995 12.299 12.619 12.953 13.206 13.312 13.418
1.544 1.861 2.175 2.485 2.791 3.093 3.392 3.687 3.979 4.267 4.551 4.640 4.369 4.087 3.796 3.494 3.181 2.859 2.526 2.183 1.830 1.467 1.093 0.883 1.030 1.190 1.366 1.557 1.762 1.982 2.217 2.463 2.698 2.927 3.150 3.356 3.534 3.710 3.885 4.059 4.231 4.402 4.571 4.739 4.905 5.070 5.233 5.451 5.807 6.169 6.537 6.912 7.293 7.680 8.074 8.474 8.880 9.293 9.712 10.082 10.318 10.569 10.835 11.117 11.413 11.725 12.052 12.394 12.752 13.124 13.512 13.838 13.947 14.056
1.605 1.909 2.210 2.507 2.801 3.090 3.377 3.659 3.938 4.213 4.485 4.638 4.330 4.013 3.685 3.347 2.999 2.640 2.271 1.892 1.503 1.103 0.694 0.388 0.615 0.872 1.124 1.369 1.607 1.840 2.066 2.285 2.499 2.706 2.907 3.098 3.271 3.443 3.613 3.781 3.948 4.114 4.278 4.441 4.602 4.762 4.920 5.111 5.489 5.873 6.264 6.661 7.064 7.474 7.890 8.312 8.741 9.176 9.617 10.041 10.330 10.634 10.954 11.288 11.638 12.003 12.383 12.779 13.189 13.615 14.056 14.469 14.580 14.691
1.670 1.961 2.249 2.534 2.814 3.091 3.365 3.635 3.901 4.163 4.422 4.646 4.303 3.949 3.586 3.211 2.827 2.439 2.062 1.695 1.339 0.994 0.658 0.357 0.598 0.834 1.063 1.286 1.503 1.713 1.917 2.115 2.306 2.491 2.670 2.843 3.011 3.177 3.342 3.506 3.668 3.828 3.987 4.145 4.301 4.456 4.609 4.765 5.165 5.572 5.985 6.404 6.830 7.262 7.700 8.144 8.595 9.052 9.516 9.985 10.328 10.685 11.057 11.445 11.848 12.266 12.699 13.148 13.612 14.090 14.584 15.094 15.211 15.325
1.738 2.017 2.292 2.564 2.832 3.096 3.357 3.614 3.868 4.117 4.331 4.513 4.166 3.773 3.390 3.018 2.657 2.306 1.966 1.636 1.317 1.009 0.710 0.423 0.589 0.802 1.010 1.210 1.405 1.593 1.775 1.951 2.120 2.284 2.440 2.591 2.752 2.913 3.073 3.232 3.389 3.544 3.699 3.851 4.002 4.152 4.300 4.447 4.836 5.264 5.700 6.141 6.589 7.043 7.504 7.970 8.443 8.923 9.409 9.901 10.310 10.721 11.146 11.587 12.043 12.514 13.001 13.502 14.019 14.551 15.098 15.660 15.841 15.958
1.810 2.077 2.339 2.635 2.905 3.151 3.371 3.565 3.735 3.879 3.998 4.092 3.837 3.481 3.136 2.801 2.476 2.162 1.859 1.566 1.284 1.012 0.751 0.501 0.586 0.777 0.962 1.141 1.314 1.480 1.640 1.794 1.941 2.082 2.217 2.346 2.495 2.651 2.806 2.960 3.112 3.262 3.411 3.559 3.705 3.850 3.993 4.135 4.500 4.951 5.409 5.872 6.342 6.819 7.301 7.790 8.286 8.787 9.295 9.809 10.278 10.742 11.220 11.714 12.223 12.747 13.287 13.747 14.051 14.338 14.610 14.866 14.790 14.590
2.254 2.511 2.744 2.951 3.133 3.289 3.421 3.527 3.608 3.664 3.694 3.699 3.498 3.179 2.870 2.572 2.285 2.008 1.741 1.485 1.240 1.005 0.781 0.567 0.589 0.759 0.922 1.079 1.229 1.374 1.512 1.643 1.769 1.888 2.001 2.107 2.240 2.391 2.541 2.690 2.837 2.982 3.126 3.269 3.410 3.550 3.688 3.825 4.158 4.632 5.111 5.597 6.090 6.588 7.093 7.604 8.122 8.645 9.176 9.712 10.164 10.524 10.868 11.195 11.508 11.804 12.084 12.349 12.597 12.830 13.047 13.248 13.205 13.000
2.863 3.031 3.175 3.294 3.387 3.455 3.498 3.516 3.508 3.475 3.417 3.334 3.147 2.865 2.594 2.332 2.082 1.842 1.612 1.393 1.185 0.987 0.800 0.623 0.599 0.747 0.888 1.023 1.152 1.274 1.390 1.500 1.603 1.700 1.791 1.876 1.986 2.133 2.278 2.421 2.563 2.704 2.843 2.980 3.116 3.251 3.384 3.516 3.811 4.307 4.808 5.317 5.831 6.319 6.776 7.217 7.643 8.052 8.446 8.825 9.168 9.472 9.761 10.034 10.291 10.532 10.758 10.967 11.161 11.339 11.501 11.647 11.624 11.413
3.498 3.579 3.634 3.664 3.669 3.648 3.603 3.532 3.436 3.315 3.168 2.997 2.786 2.541 2.306 2.082 1.868 1.665 1.473 1.291 1.119 0.958 0.807 0.667 0.616 0.741 0.861 0.974 1.080 1.181 1.275 1.363 1.444 1.519 1.588 1.651 1.735 1.876 2.016 2.155 2.291 2.427 2.561 2.694 2.825 2.955 3.090 3.225 3.470 3.950 4.416 4.865 5.299 5.717 6.119 6.505 6.876 7.231 7.570 7.894 8.188 8.438 8.671 8.889 9.091 9.278 9.448 9.603 9.742 9.865 9.972 10.063 10.046 9.830
4.161 4.153 4.120 4.061 3.977 3.869 3.735 3.575 3.391 3.181 2.947 2.687 2.414 2.206 2.008 1.821 1.644 1.478 1.322 1.177 1.042 0.918 0.804 0.701 0.639 0.743 0.840 0.931 1.016 1.094 1.166 1.232 1.292 1.345 1.392 1.433 1.485 1.621 1.756 1.906 2.054 2.198 2.339 2.476 2.608 2.737 2.862 2.983 3.157 3.583 3.993 4.388 4.767 5.130 5.478 5.809 6.126 6.426 6.711 6.979 7.225 7.420 7.598 7.761 7.909 8.040 8.155 8.255 8.339 8.407 8.460 8.496 8.471 8.250
4.849 4.754 4.632 4.485 4.313 4.116 3.894 3.646 3.374 3.076 2.753 2.405 2.032 1.860 1.699 1.549 1.409 1.279 1.160 1.052 0.954 0.866 0.790 0.723 0.669 0.750 0.826 0.895 0.958 1.014 1.064 1.108 1.155 1.203 1.250 1.298 1.349 1.495 1.637 1.776 1.911 2.042 2.169 2.292 2.411 2.527 2.638 2.746 2.860 3.231 3.587 3.927 4.251 4.560 4.853 5.130 5.391 5.637 5.867 6.082 6.278 6.418 6.542 6.650 6.742 6.819 6.880 6.924 6.954 6.967 6.964 6.946 6.901 6.675
5.522 5.382 5.172 4.937 4.676 4.391 4.080 3.745 3.384 2.998 2.587 2.150 1.689 1.504 1.380 1.266 1.163 1.070 0.988 0.916 0.855 0.804 0.764 0.734 0.713 0.748 0.795 0.841 0.888 0.936 0.983 1.031 1.079 1.127 1.176 1.224 1.273 1.396 1.525 1.650 1.771 1.889 2.003 2.112 2.218 2.320 2.418 2.513 2.603 2.895 3.197 3.482 3.752 4.006 4.244 4.467 4.673 4.865 5.040 5.200 5.344 5.433 5.502 5.555 5.593 5.615 5.620 5.611 5.585 5.543 5.486 5.413 5.324 5.102
6.188 6.037 5.739 5.415 5.066 4.693 4.294 3.870 3.421 2.947 2.448 1.923 1.374 1.136 1.049 0.972 0.906 0.866 0.861 0.848 0.825 0.794 0.755 0.706 0.649 0.665 0.712 0.760 0.808 0.856 0.904 0.953 1.002 1.051 1.100 1.150 1.200 1.301 1.417 1.528 1.636 1.740 1.840 1.937 2.029 2.118 2.203 2.284 2.361 2.576 2.822 3.053 3.268 3.468 3.651 3.819 3.972 4.109 4.230 4.335 4.425 4.465 4.479 4.477 4.460 4.427 4.378 4.313 4.233 4.137 4.025 3.897 3.753 3.534
6.846 6.719 6.332 5.920 5.484 5.022 4.535 4.023 3.486 2.924 2.369 1.844 1.316 1.080 1.080 1.070 1.052 1.025 0.990 0.946 0.893 0.831 0.761 0.682 0.594 0.582 0.630 0.678 0.727 0.776 0.826 0.875 0.925 0.975 1.025 1.076 1.127 1.210 1.312 1.410 1.505 1.596 1.682 1.765 1.845 1.920 1.991 2.059 2.122 2.272 2.464 2.640 2.801 2.946 3.075 3.189 3.286 3.369 3.435 3.486 3.522 3.513 3.472 3.416 3.344 3.256 3.152 3.033 2.898 2.747 2.580 2.398 2.200 1.969
7.498 7.427 6.952 6.447 5.930 5.411 4.890 4.365 3.838 3.309 2.777 2.242 1.705 1.370 1.339 1.299 1.251 1.193 1.127 1.053 0.969 0.877 0.777 0.667 0.549 0.498 0.547 0.597 0.646 0.696 0.746 0.797 0.848 0.899 0.950 1.001 1.053 1.123 1.212 1.297 1.378 1.455 1.529 1.598 1.664 1.726 1.784 1.838 1.888 1.984 2.121 2.243 2.349 2.440 2.515 2.574 2.617 2.645 2.657 2.654 2.635 2.577 2.482 2.371 2.244 2.102 1.944 1.770 1.651 1.643 1.638 1.634 1.632 1.622
7.965 7.966 7.446 6.923 6.397 5.868 5.337 4.804 4.267 3.728 3.187 2.643 2.096 1.669 1.608 1.537 1.458 1.370 1.274 1.169 1.055 0.933 0.801 0.662 0.513 0.414 0.464 0.515 0.565 0.616 0.667 0.719 0.770 0.822 0.874 0.927 0.979 1.040 1.115 1.187 1.255 1.319 1.379 1.435 1.487 1.536 1.580 1.621 1.658 1.712 1.795 1.862 1.914 1.950 1.970 1.975 1.964 1.938 1.895 1.838 1.764 1.717 1.702 1.688 1.677 1.668 1.661 1.656 1.653 1.653 1.654 1.658 1.663 1.660
8.335 8.463 7.933 7.401 6.866 6.328 5.787 5.244 4.699 4.150 3.599 3.046 2.490 1.977 1.885 1.784 1.675 1.557 1.430 1.294 1.150 0.997 0.835 0.665 0.486 0.330 0.381 0.433 0.484 0.536 0.588 0.640 0.693 0.746 0.799 0.852 0.906 0.961 1.023 1.081 1.136 1.186 1.233 1.276 1.315 1.350 1.381 1.409 1.432 1.456 1.484 1.497 1.495 1.476 1.503 1.561 1.607 1.641 1.664 1.675 1.675 1.665 1.657 1.651 1.647 1.646 1.646 1.648 1.653 1.660 1.669 1.680 1.693 1.698
8.697 8.897 8.424 7.882 7.337 6.790 6.240 5.688 5.132 4.575 4.014 3.451 2.886 2.318 2.171 2.040 1.900 1.752 1.594 1.428 1.254 1.071 0.879 0.678 0.469 0.251 0.298 0.350 0.403 0.455 0.508 0.562 0.615 0.669 0.723 0.777 0.831 0.886 0.935 0.980 1.021 1.058 1.091 1.121 1.146 1.168 1.186 1.268 1.372 1.467 1.542 1.605 1.657 1.697 1.726 1.744 1.750 1.744 1.727 1.698 1.658 1.611 1.611 1.612 1.616 1.621 1.629 1.639 1.651 1.665 1.681 1.699 1.720 1.737
