DATA/SHG/ECMWF/20170628/EN-45/20170628.en-45.asc
ncols        190
nrows        64
xllcorner    -5100000.000000000000
yllcorner    4130000.000000000000
cellsize     10000.000000000000
NODATA_value  -99999.000
[rows 0 to 32 of 64, columns 74 to 147 of 190]
15.161 14.039 12.865 11.638 10.358 9.026 7.640 6.579 6.385 6.212 6.042 5.873 5.707 5.543 5.381 5.221 5.063 4.908 4.754 4.766 5.313 5.853 6.391 6.928 7.463 7.997 8.529 9.059 9.587 10.114 10.640 11.020 10.938 10.858 10.781 10.707 10.635 10.566 10.500 10.436 10.375 10.317 10.262 10.255 10.382 10.495 10.594 10.679 10.750 10.807 10.850 10.879 10.893 10.894 10.880 10.683 9.987 9.301 8.623 7.955 7.295 6.645 6.003 5.371 4.748 4.134 3.529 3.093 3.113 3.135 3.160 3.188 3.219 3.252
16.642 15.152 13.645 12.183 10.767 9.397 8.071 6.985 6.817 6.652 6.489 6.328 6.169 6.012 5.858 5.705 5.555 5.407 5.261 5.190 5.730 6.263 6.794 7.323 7.851 8.377 8.902 9.425 9.946 10.466 10.984 11.434 11.363 11.295 11.230 11.168 11.108 11.051 10.997 10.946 10.897 10.851 10.807 10.781 10.845 10.895 10.931 10.953 10.961 10.955 10.935 10.901 10.853 10.790 10.714 10.545 9.890 9.243 8.606 7.978 7.359 6.749 6.148 5.556 4.973 4.399 3.834 3.367 3.399 3.433 3.471 3.511 3.555 3.601
16.163 14.770 13.422 12.119 10.862 9.650 8.484 7.407 7.247 7.089 6.933 6.780 6.628 6.479 6.332 6.187 6.044 5.904 5.765 5.629 6.148 6.673 7.197 7.720 8.240 8.759 9.277 9.792 10.306 10.819 11.330 11.839 11.785 11.729 11.676 11.626 11.578 11.533 11.491 11.451 11.415 11.380 11.349 11.321 11.322 11.309 11.283 11.242 11.187 11.118 11.035 10.938 10.827 10.702 10.563 10.398 9.783 9.177 8.580 7.992 7.413 6.843 6.282 5.731 5.188 4.654 4.130 3.651 3.737 3.844 3.972 4.121 4.290 4.480
15.581 14.346 13.157 12.013 10.914 9.861 8.853 7.891 7.674 7.524 7.375 7.229 7.085 6.943 6.804 6.666 6.531 6.398 6.267 6.138 6.567 7.085 7.602 8.117 8.630 9.142 9.652 10.161 10.668 11.173 11.677 12.179 12.203 12.159 12.118 12.080 12.044 12.011 11.981 11.954 11.929 11.907 11.887 11.870 11.813 11.738 11.648 11.545 11.427 11.295 11.150 10.990 10.816 10.628 10.426 10.210 9.667 9.101 8.545 8.002 7.475 6.963 6.466 5.984 5.517 5.065 4.629 4.207 4.346 4.545 4.765 5.006 5.268 5.550
14.957 13.881 12.850 11.865 10.925 10.030 9.181 8.377 8.099 7.956 7.815 7.676 7.540 7.405 7.273 7.143 7.015 6.889 6.766 6.644 6.987 7.498 8.008 8.515 9.022 9.526 10.029 10.530 11.030 11.528 12.025 12.519 12.618 12.586 12.557 12.530 12.507 12.486 12.468 12.452 12.439 12.429 12.422 12.417 12.319 12.181 12.028 11.862 11.682 11.460 11.214 10.966 10.717 10.467 10.215 9.963 9.498 8.993 8.502 8.027 7.567 7.122 6.693 6.278 5.879 5.494 5.125 4.771 4.932 5.224 5.536 5.870 6.224 6.598
14.291 13.374 12.502 11.675 10.894 10.157 9.466 8.821 8.521 8.385 8.252 8.120 7.991 7.864 7.740 7.617 7.496 7.378 7.262 7.148 7.408 7.912 8.414 8.915 9.414 9.911 10.407 10.901 11.394 11.885 12.374 12.861 13.029 13.009 12.992 12.977 12.966 12.957 12.951 12.947 12.893 12.807 12.726 12.650 12.465 12.218 11.971 11.723 11.473 11.222 10.971 10.718 10.464 10.209 9.952 9.695 9.306 8.868 8.445 8.037 7.644 7.267 6.904 6.557 6.225 5.908 5.606 5.319 5.497 5.881 6.286 6.711 7.157 7.624
13.585 12.826 12.112 11.444 10.820 10.242 9.710 9.222 8.940 8.812 8.686 8.562 8.440 8.321 8.204 8.088 7.975 7.864 7.756 7.649 7.831 8.327 8.822 9.316 9.808 10.298 10.786 11.273 11.759 12.242 12.724 13.139 13.272 13.168 13.069 12.975 12.887 12.803 12.725 12.651 12.583 12.520 12.463 12.410 12.253 12.002 11.749 11.496 11.241 10.986 10.729 10.471 10.212 9.952 9.691 9.429 9.098 8.727 8.371 8.031 7.705 7.395 7.100 6.820 6.555 6.305 6.070 5.851 6.041 6.517 7.014 7.531 8.069 8.628
12.837 12.237 11.681 11.171 10.706 10.286 9.911 9.582 9.357 9.236 9.118 9.001 8.887 8.775 8.665 8.557 8.452 8.348 8.247 8.148 8.254 8.744 9.149 9.522 9.897 10.273 10.651 11.031 11.412 11.796 12.181 12.568 12.774 12.693 12.617 12.546 12.480 12.420 12.364 12.314 12.269 12.229 12.194 12.165 12.043 11.786 11.529 11.271 11.011 10.751 10.489 10.226 9.962 9.697 9.431 9.164 8.875 8.571 8.283 8.010 7.751 7.508 7.280 7.067 6.870 6.687 6.519 6.367 6.563 7.131 7.720 8.330 8.960 9.611
12.049 11.606 11.208 10.856 10.549 10.287 10.070 9.899 9.771 9.658 9.547 9.438 9.331 9.226 9.093 8.843 8.594 8.345 8.097 7.850 7.748 8.126 8.505 8.886 9.268 9.653 10.039 10.426 10.816 11.207 11.600 11.995 12.271 12.213 12.160 12.112 12.069 12.032 11.999 11.972 11.950 11.933 11.921 11.914 11.834 11.573 11.311 11.047 10.783 10.517 10.251 9.983 9.714 9.444 9.173 8.901 8.637 8.400 8.179 7.973 7.782 7.606 7.445 7.299 7.169 7.053 6.953 6.867 7.064 7.724 8.405 9.106 9.828 10.571
11.219 10.934 10.694 10.500 10.351 10.247 10.188 10.135 9.993 9.742 9.491 9.241 8.991 8.742 8.494 8.246 7.999 7.752 7.506 7.261 7.087 7.472 7.859 8.248 8.639 9.031 9.425 9.821 10.218 10.618 11.019 11.421 11.763 11.728 11.698 11.673 11.653 11.639 11.629 11.625 11.625 11.631 11.642 11.658 11.627 11.361 11.094 10.825 10.556 10.285 10.014 9.741 9.467 9.192 8.916 8.639 8.383 8.214 8.060 7.921 7.797 7.688 7.594 7.516 7.452 7.404 7.370 7.352 7.543 8.295 9.068 9.861 10.675 11.510
10.377 10.279 10.174 10.061 9.940 9.812 9.676 9.533 9.381 9.132 8.883 8.635 8.388 8.141 7.895 7.649 7.404 7.160 6.916 6.673 6.439 6.817 7.213 7.609 8.008 8.408 8.810 9.214 9.620 10.027 10.436 10.847 11.250 11.238 11.231 11.229 11.232 11.240 11.254 11.272 11.296 11.325 11.359 11.398 11.421 11.150 10.878 10.605 10.330 10.055 9.778 9.501 9.222 8.942 8.661 8.379 8.115 8.013 7.926 7.854 7.797 7.755 7.728 7.717 7.720 7.738 7.772 7.820 8.001 8.845 9.709 10.595 11.500 12.426
9.967 9.843 9.711 9.572 9.425 9.271 9.109 8.939 8.762 8.523 8.276 8.030 7.785 7.540 7.296 7.053 6.810 6.568 6.326 6.085 5.853 6.162 6.565 6.970 7.376 7.784 8.194 8.606 9.020 9.435 9.852 10.270 10.691 10.743 10.759 10.780 10.806 10.837 10.873 10.915 10.961 11.013 11.070 11.132 11.199 10.941 10.664 10.386 10.107 9.826 9.545 9.262 8.978 8.694 8.408 8.121 7.833 7.796 7.776 7.771 7.781 7.807 7.847 7.902 7.972 8.058 8.158 8.256 8.383 9.316 10.298 11.330 12.410 13.540
9.565 9.415 9.257 9.091 8.918 8.737 8.549 8.353 8.150 7.914 7.669 7.426 7.183 6.940 6.698 6.457 6.216 5.976 5.737 5.498 5.268 5.505 5.916 6.329 6.743 7.159 7.577 7.997 8.418 8.841 9.266 9.693 10.121 10.243 10.282 10.326 10.375 10.429 10.488 10.552 10.622 10.696 10.776 10.861 10.951 10.734 10.451 10.168 9.884 9.599 9.312 9.025 8.736 8.447 8.156 7.864 7.571 7.565 7.599 7.633 7.679 7.738 7.810 7.895 7.992 8.102 8.225 8.361 8.509 9.595 10.796 12.046 13.345 14.694
9.171 8.994 8.809 8.618 8.418 8.211 7.997 7.774 7.545 7.305 7.063 6.821 6.580 6.340 6.100 5.861 5.623 5.385 5.147 4.910 4.683 4.847 5.266 5.686 6.109 6.533 6.959 7.387 7.816 8.247 8.680 9.114 9.551 9.739 9.800 9.867 9.939 10.016 10.098 10.185 10.277 10.375 10.477 10.585 10.697 10.527 10.241 9.952 9.663 9.350 9.015 8.686 8.362 8.044 7.732 7.424 7.123 7.104 7.182 7.272 7.375 7.491 7.620 7.761 7.915 8.081 8.260 8.452 8.657 9.824 11.244 12.712 14.230 15.797
8.784 8.581 8.370 8.152 7.926 7.693 7.452 7.204 6.948 6.697 6.457 6.218 5.979 5.740 5.503 5.266 5.029 4.794 4.558 4.324 4.098 4.188 4.614 5.043 5.473 5.906 6.339 6.775 7.212 7.651 8.092 8.535 8.979 9.229 9.314 9.403 9.498 9.598 9.703 9.813 9.902 9.967 10.031 10.095 10.157 9.983 9.650 9.324 9.003 8.687 8.377 8.072 7.773 7.480 7.192 6.909 6.633 6.618 6.752 6.899 7.059 7.231 7.416 7.614 7.824 8.047 8.283 8.531 8.792 10.004 11.642 13.329 15.065 16.850
8.405 8.175 7.938 7.694 7.442 7.183 6.916 6.641 6.359 6.089 5.851 5.614 5.377 5.141 4.906 4.671 4.436 4.203 3.970 3.737 3.514 3.527 3.962 4.399 4.837 5.277 5.719 6.162 6.608 7.054 7.503 7.945 8.370 8.641 8.709 8.775 8.841 8.906 8.970 9.033 9.095 9.156 9.216 9.276 9.334 9.217 8.909 8.607 8.310 8.019 7.734 7.454 7.180 6.911 6.647 6.389 6.137 6.119 6.310 6.514 6.730 6.958 7.200 7.454 7.721 8.000 8.292 8.597 8.915 10.135 11.991 13.896 15.850 17.853
8.033 7.778 7.514 7.244 6.966 6.680 6.387 6.086 5.778 5.482 5.246 5.011 4.776 4.542 4.309 4.076 3.844 3.612 3.381 3.151 2.930 2.866 3.337 3.821 4.292 4.749 5.194 5.626 6.045 6.451 6.845 7.225 7.592 7.863 7.927 7.990 8.052 8.112 8.173 8.232 8.290 8.347 8.404 8.459 8.514 8.446 8.163 7.885 7.614 7.347 7.086 6.831 6.581 6.337 6.098 5.864 5.637 5.608 5.856 6.115 6.388 6.673 6.971 7.282 7.605 7.941 8.289 8.650 9.024 10.216 12.290 14.413 16.585 18.806
7.669 7.387 7.098 6.801 6.497 6.185 5.866 5.539 5.204 4.874 4.641 4.408 4.175 3.944 3.718 3.562 3.407 3.253 3.101 2.949 2.798 2.709 3.148 3.575 3.988 4.389 4.776 5.151 5.512 5.861 6.197 6.520 6.830 7.088 7.147 7.206 7.264 7.321 7.377 7.433 7.487 7.540 7.593 7.644 7.695 7.671 7.412 7.159 6.912 6.670 6.434 6.203 5.977 5.758 5.543 5.335 5.131 5.085 5.389 5.705 6.034 6.375 6.730 7.097 7.476 7.868 8.273 8.691 9.121 10.248 12.540 14.880 17.270 19.709
7.313 7.005 6.689 6.366 6.036 5.698 5.352 5.008 4.712 4.430 4.270 4.114 3.959 3.804 3.651 3.499 3.347 3.197 3.047 2.899 2.751 2.605 2.975 3.343 3.699 4.043 4.373 4.690 4.994 5.286 5.564 5.830 6.083 6.314 6.370 6.425 6.479 6.532 6.584 6.635 6.686 6.735 6.784 6.832 6.879 6.890 6.657 6.428 6.205 5.988 5.776 5.570 5.369 5.174 4.984 4.800 4.621 4.549 4.909 5.282 5.667 6.065 6.476 6.899 7.335 7.783 8.245 8.718 9.205 10.230 12.740 15.298 17.906 20.562
6.958 6.614 6.284 5.967 5.664 5.375 5.099 4.837 4.589 4.355 4.190 4.037 3.885 3.734 3.584 3.434 3.286 3.139 2.993 2.848 2.704 2.561 2.815 3.127 3.426 3.711 3.984 4.244 4.491 4.725 4.947 5.155 5.350 5.533 5.594 5.645 5.695 5.745 5.793 5.840 5.887 5.933 5.977 6.021 6.064 6.105 5.896 5.692 5.494 5.301 5.114 4.932 4.756 4.585 4.420 4.260 4.106 4.001 4.417 4.846 5.288 5.742 6.209 6.689 7.181 7.686 8.203 8.733 9.276 10.164 12.891 15.667 18.492 21.365
6.441 6.145 5.862 5.593 5.338 5.096 4.868 4.654 4.453 4.267 4.108 3.959 3.810 3.662 3.515 3.370 3.225 3.081 2.938 2.796 2.655 2.516 2.671 2.925 3.166 3.395 3.611 3.813 4.003 4.180 4.344 4.495 4.633 4.759 4.820 4.868 4.914 4.959 5.004 5.047 5.090 5.132 5.173 5.213 5.252 5.290 5.131 4.952 4.778 4.610 4.447 4.289 4.138 3.991 3.850 3.715 3.585 3.461 3.913 4.398 4.896 5.407 5.930 6.466 7.014 7.575 8.149 8.735 9.358 10.090 12.936 15.725 18.458 21.135
5.912 5.664 5.429 5.207 5.000 4.806 4.625 4.459 4.306 4.166 4.026 3.880 3.734 3.590 3.446 3.304 3.162 3.022 2.882 2.743 2.606 2.470 2.541 2.738 2.922 3.093 3.252 3.397 3.530 3.650 3.756 3.850 3.932 4.000 4.049 4.092 4.134 4.176 4.217 4.256 4.295 4.333 4.370 4.406 4.441 4.476 4.361 4.206 4.057 3.913 3.775 3.642 3.515 3.393 3.276 3.166 3.060 2.960 3.397 4.059 4.872 5.646 6.380 7.073 7.726 8.339 8.912 9.445 9.938 10.391 12.842 15.383 17.868 20.296
5.371 5.170 4.983 4.809 4.649 4.503 4.370 4.251 4.145 4.053 3.943 3.800 3.658 3.517 3.377 3.238 3.099 2.962 2.826 2.690 2.556 2.424 2.426 2.565 2.692 2.806 2.908 2.996 3.071 3.134 3.184 3.221 3.245 3.256 3.279 3.319 3.357 3.395 3.431 3.467 3.502 3.536 3.569 3.602 3.633 3.663 3.586 3.456 3.331 3.212 3.170 3.277 3.434 3.640 3.897 4.203 4.559 4.964 5.603 6.279 6.915 7.510 8.066 8.581 9.057 9.492 9.887 10.242 10.557 10.832 12.805 15.097 17.333 19.513
4.819 4.665 4.525 4.399 4.287 4.188 4.102 4.031 3.973 3.928 3.860 3.720 3.581 3.443 3.306 3.170 3.035 2.901 2.768 2.636 2.505 2.376 2.325 2.408 2.477 2.534 2.578 2.610 2.628 2.633 2.626 2.606 2.573 2.527 2.511 2.547 2.582 2.615 2.648 2.680 2.711 2.784 2.914 3.031 3.134 3.223 3.309 3.437 3.615 3.844 4.121 4.449 4.826 5.253 5.730 6.257 6.833 7.459 8.039 8.537 8.995 9.413 9.791 10.128 10.426 10.683 10.901 11.078 11.215 11.313 12.823 14.867 16.854 18.786
4.254 4.148 4.055 3.977 3.912 3.860 3.822 3.798 3.788 3.791 3.775 3.639 3.503 3.369 3.235 3.103 2.971 2.840 2.710 2.581 2.454 2.328 2.239 2.264 2.277 2.277 2.264 2.238 2.199 2.148 2.083 2.006 1.969 2.020 2.114 2.279 2.431 2.568 2.693 2.803 2.901 2.984 3.054 3.111 3.154 3.183 3.324 3.673 4.072 4.521 5.019 5.567 6.165 6.813 7.510 8.257 9.053 9.900 10.513 10.833 11.113 11.353 11.554 11.714 11.834 11.913 11.953 11.953 11.913 11.832 12.896 14.691 16.431 18.115
3.677 3.618 3.574 3.542 3.525 3.521 3.530 3.554 3.591 3.641 3.690 3.557 3.425 3.294 3.163 3.034 2.906 2.778 2.651 2.526 2.402 2.279 2.167 2.152 2.163 2.183 2.211 2.248 2.294 2.348 2.411 2.482 2.562 2.650 2.750 2.855 2.946 3.024 3.088 3.138 3.175 3.199 3.209 3.205 3.188 3.157 3.287 3.856 4.476 5.145 5.864 6.632 7.450 8.318 9.235 10.203 11.219 12.286 13.025 13.167 13.270 13.332 13.355 13.337 13.280 13.182 13.045 12.867 12.649 12.392 13.024 14.572 16.064 17.499
3.088 3.077 3.080 3.096 3.126 3.169 3.226 3.297 3.381 3.479 3.590 3.475 3.346 3.218 3.091 2.965 2.848 2.742 2.647 2.562 2.486 2.416 2.355 2.393 2.442 2.500 2.567 2.642 2.725 2.817 2.918 3.027 3.145 3.271 3.399 3.444 3.475 3.493 3.497 3.487 3.464 3.428 3.378 3.314 3.237 3.146 3.197 3.987 4.826 5.716 6.655 7.643 8.682 9.769 10.907 12.094 13.331 14.618 15.574 15.539 15.464 15.349 15.194 14.999 14.764 14.490 14.175 13.820 13.425 12.990 13.207 14.507 15.751 16.939
2.487 2.524 2.574 2.637 2.715 2.805 2.910 3.028 3.161 3.298 3.423 3.337 3.215 3.104 3.003 2.912 2.832 2.763 2.704 2.656 2.617 2.584 2.560 2.625 2.712 2.808 2.912 3.025 3.146 3.276 3.415 3.562 3.718 3.882 4.054 4.047 4.018 3.976 3.920 3.850 3.767 3.671 3.561 3.437 3.300 3.149 3.054 4.064 5.124 6.233 7.393 8.601 9.859 11.167 12.525 13.932 15.389 16.895 18.161 17.949 17.697 17.404 17.072 16.700 16.288 15.836 15.343 14.811 14.239 13.627 13.446 14.498 15.495 16.435
1.874 1.989 2.172 2.343 2.500 2.644 2.775 2.894 2.999 3.091 3.170 3.128 3.042 2.968 2.903 2.850 2.807 2.774 2.752 2.741 2.738 2.743 2.756 2.846 2.972 3.105 3.248 3.398 3.558 3.725 3.902 4.087 4.280 4.482 4.693 4.665 4.576 4.473 4.357 4.228 4.085 3.928 3.758 3.574 3.377 3.167 2.943 4.089 5.369 6.698 8.077 9.506 10.984 12.512 14.089 15.716 17.392 19.118 20.786 20.397 19.967 19.498 18.988 18.439 17.849 17.220 16.551 15.842 15.093 14.304 13.739 14.544 15.294 15.987
2.004 2.155 2.293 2.419 2.531 2.630 2.716 2.789 2.849 2.896 2.930 2.909 2.860 2.822 2.795 2.778 2.771 2.776 2.790 2.816 2.850 2.892 2.942 3.058 3.221 3.393 3.573 3.762 3.959 4.164 4.379 4.601 4.833 5.072 5.321 5.296 5.147 4.984 4.808 4.619 4.416 4.200 3.970 3.726 3.469 3.199 2.915 4.061 5.561 7.110 8.709 10.357 12.055 13.802 15.599 17.446 19.342 21.287 23.282 22.882 22.276 21.629 20.942 20.216 19.450 18.643 17.797 16.911 15.985 15.019 14.031 14.487 14.953 15.427
2.228 2.334 2.427 2.507 2.573 2.627 2.668 2.696 2.711 2.712 2.701 2.681 2.669 2.667 2.677 2.696 2.727 2.768 2.819 2.881 2.953 3.031 3.119 3.260 3.461 3.670 3.888 4.115 4.350 4.593 4.845 5.106 5.375 5.652 5.939 5.941 5.732 5.510 5.274 5.024 4.762 4.485 4.195 3.892 3.575 3.245 2.901 3.981 5.700 7.469 9.287 11.155 13.073 15.039 17.056 19.122 21.237 23.402 25.616 25.406 24.622 23.691 22.536 21.378 20.217 19.054 17.887 16.718 15.547 14.372 13.195 13.584 14.090 14.606
2.464 2.524 2.572 2.607 2.628 2.637 2.633 2.615 2.585 2.542 2.485 2.443 2.468 2.503 2.549 2.606 2.673 2.750 2.838 2.937 3.045 3.161 3.285 3.452 3.691 3.938 4.194 4.458 4.731 5.012 5.302 5.600 5.907 6.222 6.546 6.600 6.331 6.049 5.753 5.444 5.121 4.785 4.435 4.072 3.696 3.305 2.902 3.848 5.787 7.775 9.813 11.900 14.047 16.185 18.244 20.225 22.126 23.949 25.694 25.372 24.210 23.045 21.878 20.707 19.534 18.358 17.179 15.998 14.813 13.626 12.437 12.672 13.220 13.776
2.711 2.727 2.729 2.719 2.695 2.659 2.609 2.547 2.471 2.383 2.281 2.196 2.257 2.330 2.412 2.505 2.609 2.723 2.848 2.983 3.128 3.281 3.443 3.634 3.911 4.196 4.489 4.791 5.102 5.421 5.748 6.085 6.429 6.782 7.144 7.273 6.944 6.602 6.247 5.878 5.495 5.099 4.690 4.343 4.234 4.168 4.147 5.206 7.390 9.494 11.521 13.468 15.337 17.128 18.840 20.473 22.028 23.504 24.901 24.755 23.580 22.403 21.223 20.040 18.854 17.666 16.475 15.281 14.084 12.885 11.683 11.752 12.341 12.938
