DATA/SHG/ECMWF/20170628/EN-45/20170712.en-45.asc
ncols        190
nrows        64
xllcorner    -5100000.000000000000
yllcorner    4130000.000000000000
cellsize     10000.000000000000
NODATA_value  -99999.000
[rows 0 to 31 of 64, columns 0 to 71 of 190]
1.887 1.810 1.738 1.673 1.614 1.560 1.513 1.472 1.437 1.393 1.339 1.277 1.208 1.131 1.047 0.955 0.856 0.749 0.635 0.596 0.582 0.630 0.702 0.772 0.838 0.900 0.959 1.015 1.067 1.116 1.161 1.203 1.241 1.277 1.311 1.344 1.375 1.404 1.432 1.458 1.482 1.504 1.525 1.544 1.561 1.549 1.512 1.474 1.435 1.395 1.354 1.313 1.270 1.227 1.183 1.138 1.093 1.072 1.079 1.080 1.078 1.070 1.058 1.041 1.020 0.994 0.964 0.928 0.888 0.846 0.802 0.754
1.332 1.276 1.227 1.183 1.145 1.113 1.088 1.068 1.055 1.005 0.925 0.837 0.826 0.818 0.807 0.795 0.782 0.767 0.751 0.734 0.715 0.740 0.800 0.858 0.911 0.962 1.008 1.052 1.092 1.128 1.161 1.191 1.217 1.243 1.271 1.298 1.323 1.346 1.368 1.388 1.406 1.423 1.437 1.451 1.462 1.452 1.412 1.371 1.329 1.286 1.243 1.199 1.153 1.107 1.061 1.013 0.964 0.929 0.919 0.905 0.886 0.862 0.834 0.801 0.763 0.721 0.674 0.623 0.567 0.508 0.450 0.388
0.772 0.737 0.709 0.687 0.686 0.756 0.831 0.909 0.992 1.034 1.025 1.013 1.001 0.987 0.971 0.954 0.936 0.916 0.895 0.873 0.849 0.853 0.902 0.947 0.988 1.026 1.061 1.092 1.120 1.144 1.165 1.182 1.196 1.211 1.234 1.254 1.273 1.291 1.306 1.320 1.333 1.343 1.352 1.359 1.364 1.357 1.314 1.270 1.225 1.179 1.133 1.085 1.037 0.989 0.939 0.888 0.837 0.790 0.764 0.734 0.698 0.659 0.614 0.565 0.511 0.453 0.390 0.323 0.290 0.263 0.244 0.225
0.497 0.565 0.637 0.714 0.795 0.880 0.969 1.062 1.159 1.225 1.210 1.194 1.176 1.157 1.137 1.115 1.091 1.067 1.041 1.013 0.984 0.970 1.007 1.039 1.069 1.095 1.117 1.136 1.152 1.164 1.172 1.177 1.179 1.181 1.198 1.212 1.225 1.237 1.246 1.254 1.261 1.265 1.268 1.269 1.269 1.262 1.216 1.169 1.121 1.073 1.024 0.973 0.922 0.871 0.818 0.765 0.711 0.656 0.614 0.567 0.518 0.485 0.454 0.423 0.394 0.365 0.337 0.310 0.284 0.259 0.242 0.226
0.542 0.625 0.712 0.803 0.899 0.998 1.102 1.210 1.322 1.417 1.397 1.376 1.353 1.329 1.303 1.276 1.248 1.218 1.187 1.154 1.120 1.091 1.115 1.136 1.153 1.166 1.177 1.184 1.187 1.187 1.183 1.176 1.166 1.153 1.163 1.172 1.179 1.185 1.188 1.190 1.191 1.189 1.186 1.181 1.175 1.167 1.119 1.069 1.019 0.967 0.915 0.862 0.809 0.760 0.726 0.684 0.636 0.581 0.547 0.516 0.486 0.456 0.428 0.401 0.374 0.348 0.324 0.300 0.277 0.255 0.240 0.227
0.582 0.679 0.781 0.887 0.998 1.112 1.231 1.353 1.480 1.610 1.585 1.559 1.531 1.502 1.471 1.439 1.406 1.371 1.335 1.297 1.258 1.218 1.227 1.235 1.240 1.242 1.240 1.234 1.226 1.213 1.198 1.179 1.156 1.130 1.131 1.134 1.135 1.134 1.132 1.128 1.122 1.115 1.106 1.095 1.083 1.069 1.042 1.033 1.016 0.992 0.962 0.924 0.879 0.827 0.768 0.702 0.629 0.549 0.508 0.480 0.453 0.427 0.402 0.377 0.354 0.331 0.309 0.289 0.269 0.250 0.236 0.226
0.617 0.730 0.846 0.967 1.092 1.221 1.354 1.492 1.633 1.779 1.775 1.743 1.710 1.676 1.641 1.604 1.565 1.525 1.484 1.441 1.397 1.352 1.342 1.338 1.331 1.321 1.306 1.289 1.268 1.244 1.216 1.184 1.150 1.112 1.100 1.097 1.092 1.086 1.078 1.084 1.107 1.134 1.167 1.204 1.247 1.294 1.290 1.256 1.214 1.166 1.110 1.048 0.978 0.901 0.818 0.727 0.629 0.524 0.468 0.443 0.420 0.397 0.374 0.353 0.333 0.313 0.294 0.277 0.260 0.244 0.233 0.225
0.648 0.775 0.906 1.042 1.182 1.325 1.473 1.625 1.782 1.942 1.965 1.929 1.891 1.852 1.811 1.769 1.726 1.681 1.634 1.587 1.538 1.487 1.461 1.445 1.426 1.403 1.377 1.347 1.314 1.277 1.237 1.194 1.151 1.111 1.103 1.118 1.138 1.163 1.193 1.228 1.268 1.313 1.363 1.418 1.479 1.544 1.545 1.485 1.419 1.346 1.266 1.178 1.084 0.982 0.874 0.758 0.636 0.506 0.428 0.406 0.385 0.365 0.346 0.328 0.311 0.294 0.279 0.264 0.250 0.237 0.228 0.223
0.674 0.816 0.962 1.112 1.266 1.425 1.588 1.754 1.925 2.100 2.157 2.116 2.073 2.029 1.983 1.936 1.887 1.837 1.786 1.733 1.679 1.624 1.583 1.555 1.524 1.473 1.424 1.377 1.334 1.292 1.254 1.218 1.186 1.155 1.153 1.186 1.224 1.266 1.314 1.367 1.424 1.487 1.555 1.627 1.705 1.788 1.806 1.722 1.631 1.533 1.428 1.316 1.197 1.070 0.937 0.797 0.650 0.495 0.387 0.368 0.350 0.333 0.317 0.302 0.288 0.274 0.262 0.250 0.239 0.230 0.223 0.221
0.695 0.852 1.013 1.178 1.347 1.520 1.697 1.879 2.064 2.254 2.350 2.304 2.256 2.207 2.156 2.104 2.050 1.994 1.919 1.838 1.750 1.655 1.573 1.526 1.481 1.438 1.399 1.362 1.327 1.296 1.267 1.241 1.217 1.196 1.199 1.249 1.304 1.364 1.430 1.500 1.575 1.655 1.741 1.831 1.926 2.026 2.074 1.965 1.849 1.727 1.597 1.460 1.316 1.165 1.007 0.842 0.670 0.491 0.345 0.329 0.314 0.301 0.288 0.276 0.264 0.254 0.244 0.236 0.228 0.221 0.216 0.217
0.712 0.883 1.059 1.238 1.422 1.610 1.802 1.998 2.198 2.403 2.546 2.495 2.436 2.372 2.300 2.222 2.138 2.046 1.948 1.843 1.732 1.613 1.507 1.469 1.434 1.401 1.371 1.343 1.318 1.296 1.277 1.260 1.246 1.235 1.239 1.307 1.379 1.457 1.540 1.628 1.721 1.819 1.921 2.029 2.142 2.260 2.348 2.215 2.074 1.927 1.772 1.611 1.442 1.267 1.084 0.894 0.698 0.494 0.302 0.289 0.278 0.267 0.257 0.248 0.240 0.233 0.226 0.221 0.216 0.212 0.210 0.213
0.724 0.910 1.100 1.316 1.548 1.773 1.991 2.203 2.408 2.606 2.771 2.696 2.614 2.526 2.431 2.329 2.221 2.106 1.984 1.856 1.721 1.579 1.439 1.410 1.384 1.360 1.340 1.322 1.306 1.294 1.284 1.277 1.272 1.270 1.274 1.359 1.450 1.545 1.645 1.751 1.861 1.976 2.097 2.222 2.352 2.488 2.628 2.472 2.306 2.134 1.955 1.769 1.575 1.375 1.168 0.953 0.732 0.504 0.268 0.249 0.240 0.233 0.226 0.220 0.215 0.211 0.207 0.222 0.248 0.272 0.294 0.317
1.009 1.237 1.459 1.674 1.882 2.083 2.278 2.466 2.648 2.822 2.990 2.904 2.798 2.687 2.568 2.443 2.311 2.172 2.027 1.875 1.717 1.551 1.379 1.348 1.331 1.317 1.306 1.298 1.292 1.289 1.288 1.291 1.295 1.303 1.313 1.406 1.514 1.627 1.745 1.868 1.996 2.129 2.267 2.409 2.557 2.710 2.868 2.735 2.545 2.348 2.144 1.933 1.715 1.490 1.258 1.019 0.773 0.520 0.260 0.208 0.232 0.267 0.299 0.329 0.356 0.381 0.404 0.425 0.443 0.458 0.471 0.483
1.444 1.648 1.846 2.038 2.222 2.400 2.571 2.736 2.894 3.045 3.190 3.119 2.990 2.854 2.712 2.564 2.408 2.246 2.077 1.902 1.720 1.531 1.336 1.283 1.276 1.272 1.270 1.271 1.274 1.281 1.290 1.302 1.316 1.333 1.353 1.448 1.574 1.704 1.840 1.980 2.126 2.276 2.431 2.592 2.757 2.927 3.103 3.005 2.790 2.569 2.340 2.104 1.862 1.675 1.483 1.273 1.044 0.797 0.532 0.466 0.495 0.521 0.545 0.567 0.586 0.602 0.617 0.629 0.639 0.646 0.651 0.653
1.885 2.066 2.241 2.408 2.569 2.724 2.872 3.013 3.147 3.275 3.396 3.341 3.188 3.029 2.864 2.691 2.512 2.327 2.135 1.936 1.730 1.518 1.299 1.216 1.218 1.223 1.231 1.241 1.254 1.270 1.289 1.310 1.334 1.360 1.389 1.485 1.628 1.776 1.929 2.087 2.250 2.418 2.591 2.769 2.951 3.139 3.445 3.498 3.351 3.186 3.002 2.801 2.581 2.343 2.087 1.813 1.521 1.210 0.882 0.739 0.760 0.777 0.793 0.806 0.817 0.826 0.832 0.835 0.837 0.836 0.832 0.824
2.333 2.491 2.642 2.786 2.923 3.054 3.179 3.296 3.407 3.512 3.609 3.569 3.394 3.211 3.022 2.826 2.624 2.415 2.199 1.977 1.747 1.512 1.269 1.146 1.157 1.172 1.189 1.209 1.231 1.257 1.285 1.315 1.348 1.384 1.423 1.517 1.677 1.843 2.034 2.348 2.659 2.969 3.276 3.581 3.884 4.185 4.483 4.565 4.354 4.125 3.878 3.613 3.329 3.028 2.708 2.370 2.014 1.640 1.248 1.014 1.026 1.036 1.043 1.048 1.050 1.051 1.048 1.044 1.037 1.027 1.016 0.999
2.788 2.922 3.049 3.170 3.284 3.392 3.493 3.587 3.674 3.755 3.829 3.805 3.606 3.400 3.187 2.968 2.742 2.510 2.270 2.024 1.772 1.513 1.247 1.073 1.094 1.118 1.144 1.174 1.206 1.240 1.278 1.363 1.556 1.755 1.961 2.204 2.517 2.827 3.135 3.441 3.745 4.047 4.347 4.644 4.939 5.232 5.523 5.649 5.375 5.082 4.771 4.442 4.095 3.730 3.346 2.945 2.525 2.087 1.632 1.291 1.295 1.296 1.295 1.292 1.286 1.278 1.267 1.254 1.239 1.221 1.201 1.176
3.249 3.360 3.464 3.561 3.652 3.736 3.813 3.884 3.948 4.006 4.056 4.048 3.825 3.596 3.359 3.117 2.867 2.611 2.349 2.079 1.803 1.521 1.232 0.997 1.091 1.261 1.438 1.621 1.811 2.007 2.209 2.418 2.633 2.855 3.083 3.330 3.634 3.937 4.237 4.536 4.832 5.126 5.418 5.707 5.995 6.280 6.563 6.750 6.412 6.055 5.681 5.288 4.877 4.448 4.001 3.536 3.053 2.552 2.032 1.570 1.565 1.558 1.549 1.537 1.523 1.506 1.488 1.466 1.443 1.417 1.388 1.356
3.717 3.804 3.885 3.959 4.026 4.087 4.141 4.188 4.229 4.263 4.290 4.297 4.051 3.798 3.539 3.272 3.000 2.746 2.525 2.328 2.156 2.008 1.884 1.795 1.981 2.174 2.373 2.579 2.791 3.009 3.234 3.465 3.703 3.947 4.197 4.455 4.752 5.047 5.340 5.631 5.919 6.205 6.489 6.771 7.051 7.329 7.604 7.867 7.465 7.045 6.607 6.151 5.676 5.184 4.673 4.145 3.598 3.033 2.450 1.851 1.838 1.823 1.805 1.785 1.762 1.737 1.710 1.681 1.649 1.614 1.578 1.539
4.191 4.255 4.312 4.363 4.407 4.444 4.475 4.499 4.516 4.527 4.487 4.431 4.172 3.915 3.682 3.474 3.289 3.129 2.993 2.882 2.794 2.731 2.692 2.678 2.864 3.079 3.301 3.529 3.763 4.004 4.251 4.505 4.764 5.031 5.303 5.583 5.871 6.158 6.443 6.726 7.007 7.285 7.562 7.836 8.108 8.378 8.645 8.911 8.535 8.052 7.550 7.030 6.492 5.936 5.362 4.770 4.160 3.532 2.886 2.221 2.112 2.089 2.063 2.034 2.003 1.970 1.935 1.897 1.857 1.814 1.769 1.722
4.673 4.713 4.747 4.723 4.693 4.654 4.609 4.556 4.496 4.428 4.353 4.271 4.104 3.932 3.784 3.661 3.561 3.486 3.435 3.409 3.406 3.428 3.474 3.545 3.739 3.977 4.220 4.471 4.727 4.990 5.260 5.536 5.818 6.106 6.401 6.703 6.990 7.270 7.547 7.822 8.095 8.366 8.635 8.901 9.165 9.427 9.687 9.945 9.622 9.075 8.510 7.927 7.325 6.706 6.068 5.413 4.739 4.048 3.338 2.610 2.389 2.357 2.322 2.286 2.246 2.205 2.161 2.102 2.019 1.930 1.837 1.739
4.904 4.869 4.827 4.778 4.721 4.657 4.586 4.507 4.421 4.328 4.227 4.119 4.010 3.923 3.860 3.821 3.807 3.817 3.851 3.909 3.992 4.098 4.229 4.385 4.606 4.866 5.132 5.404 5.683 5.969 6.260 6.558 6.863 7.174 7.491 7.815 8.110 8.382 8.651 8.919 9.184 9.447 9.708 9.967 10.223 10.478 10.730 10.980 10.726 10.115 9.487 8.840 8.175 7.492 6.791 6.073 5.336 4.581 3.808 3.017 2.654 2.588 2.516 2.440 2.359 2.273 2.182 2.087 1.987 1.882 1.772 1.657
5.043 4.983 4.915 4.840 4.758 4.668 4.571 4.466 4.354 4.235 4.109 3.975 3.890 3.888 3.910 3.956 4.027 4.121 4.240 4.383 4.551 4.742 4.958 5.198 5.465 5.747 6.035 6.330 6.631 6.939 7.253 7.573 7.900 8.233 8.572 8.918 9.230 9.495 9.756 10.016 10.274 10.529 10.782 11.033 11.282 11.529 11.774 12.016 11.846 11.172 10.480 9.770 9.042 8.196 7.305 6.438 5.594 4.775 3.979 3.206 2.760 2.677 2.589 2.496 2.398 2.295 2.188 2.076 1.959 1.837 1.711 1.580
5.191 5.105 5.011 4.910 4.802 4.687 4.564 4.433 4.296 4.151 3.999 3.840 3.744 3.827 3.934 4.065 4.220 4.400 4.603 4.831 5.083 5.360 5.660 5.985 6.316 6.620 6.931 7.248 7.571 7.901 8.237 8.580 8.929 9.284 9.646 10.014 10.351 10.608 10.862 11.114 11.364 11.612 11.857 12.101 12.342 12.581 12.609 12.570 12.247 11.321 10.418 9.538 8.683 7.851 7.043 6.258 5.497 4.760 4.047 3.357 2.871 2.771 2.666 2.556 2.442 2.322 2.198 2.070 1.936 1.798 1.655 1.507
5.346 5.234 5.115 4.988 4.855 4.713 4.565 4.409 4.246 4.075 3.897 3.712 3.572 3.740 3.932 4.147 4.388 4.652 4.940 5.253 5.590 5.950 6.336 6.745 7.159 7.486 7.818 8.158 8.503 8.855 9.214 9.579 9.950 10.327 10.711 11.101 11.473 11.722 11.968 11.949 11.898 11.851 11.806 11.766 11.728 11.694 11.664 11.637 11.467 10.623 9.802 9.005 8.232 7.483 6.758 6.056 5.377 4.723 4.092 3.485 2.986 2.869 2.748 2.621 2.490 2.354 2.213 2.068 1.918 1.763 1.603 1.439
5.508 5.372 5.227 5.075 4.915 4.748 4.574 4.392 4.203 4.007 3.804 3.593 3.375 3.627 3.903 4.204 4.529 4.878 5.251 5.648 6.069 6.515 6.985 7.478 7.994 8.343 8.698 9.060 9.427 9.802 10.182 10.564 10.681 10.790 10.888 10.978 11.054 11.005 10.960 10.917 10.878 10.843 10.811 10.782 10.757 10.735 10.717 10.702 10.664 9.902 9.164 8.450 7.760 7.093 6.450 5.830 5.235 4.663 4.114 3.589 3.105 2.972 2.834 2.691 2.543 2.390 2.233 2.071 1.904 1.732 1.556 1.375
5.666 5.518 5.347 5.169 4.983 4.791 4.591 4.384 4.169 3.947 3.718 3.481 3.238 3.488 3.849 4.235 4.644 5.078 5.535 6.017 6.523 7.053 7.607 8.185 8.754 8.938 9.079 9.211 9.334 9.447 9.551 9.645 9.730 9.805 9.871 9.927 9.974 9.947 9.913 9.883 9.856 9.833 9.813 9.797 9.784 9.774 9.768 9.765 9.766 9.159 8.504 7.872 7.264 6.680 6.120 5.583 5.069 4.579 4.113 3.671 3.252 3.079 2.924 2.765 2.600 2.431 2.257 2.078 1.895 1.707 1.514 1.316
5.835 5.671 5.474 5.271 5.060 4.841 4.616 4.383 4.143 3.895 3.640 3.378 3.109 3.324 3.770 4.239 4.733 5.271 5.826 6.331 6.783 7.185 7.535 7.835 8.083 8.227 8.336 8.435 8.525 8.605 8.676 8.737 8.789 8.832 8.865 8.888 8.902 8.886 8.865 8.847 8.833 8.821 8.814 8.809 8.809 8.811 8.817 8.826 8.839 8.394 7.821 7.272 6.747 6.245 5.767 5.312 4.881 4.474 4.090 3.730 3.393 3.191 3.020 2.843 2.662 2.476 2.286 2.090 1.890 1.686 1.476 1.262
6.016 5.832 5.610 5.381 5.144 4.900 4.649 4.390 4.124 3.851 3.677 3.624 3.573 3.892 4.473 5.003 5.481 5.908 6.284 6.609 6.883 7.106 7.277 7.397 7.466 7.527 7.603 7.669 7.726 7.774 7.812 7.840 7.859 7.869 7.869 7.860 7.841 7.824 7.815 7.809 7.806 7.807 7.812 7.820 7.831 7.846 7.864 7.885 7.910 7.607 7.116 6.650 6.206 5.787 5.391 5.019 4.670 4.345 4.043 3.765 3.511 3.307 3.119 2.926 2.729 2.526 2.319 2.107 1.890 1.669 1.443 1.212
6.208 6.001 5.754 5.618 5.555 5.495 5.437 5.382 5.330 5.280 5.234 5.190 5.149 5.300 5.701 6.052 6.351 6.599 6.796 6.942 7.037 7.080 7.073 7.014 6.904 6.838 6.881 6.915 6.939 6.953 6.959 6.954 6.941 6.917 6.885 6.843 6.791 6.759 6.762 6.769 6.778 6.791 6.808 6.828 6.851 6.878 6.908 6.942 6.979 6.797 6.389 6.005 5.644 5.306 4.993 4.703 4.436 4.193 3.974 3.778 3.606 3.428 3.223 3.014 2.800 2.581 2.357 2.128 1.901 1.691 1.495 1.312
7.237 7.220 7.161 7.104 7.051 7.000 6.951 6.906 6.863 6.823 6.785 6.751 6.719 6.760 6.983 7.154 7.274 7.343 7.362 7.328 7.244 7.109 6.922 6.685 6.396 6.160 6.170 6.171 6.162 6.144 6.116 6.079 6.033 5.977 5.912 5.837 5.753 5.693 5.708 5.726 5.748 5.773 5.802 5.834 5.869 5.908 5.951 5.996 6.046 5.965 5.639 5.337 5.058 4.803 4.572 4.364 4.180 4.019 3.882 3.768 3.678 3.530 3.274 3.031 2.801 2.584 2.381 2.190 2.013 1.850 1.699 1.562
8.669 8.683 8.633 8.586 8.541 8.500 8.461 8.424 8.391 8.360 8.332 8.307 8.284 8.274 8.317 8.310 8.251 8.141 7.980 7.769 7.506 7.192 6.826 6.410 5.943 5.493 5.470 5.438 5.397 5.346 5.285 5.215 5.136 5.047 4.949 4.842 4.725 4.624 4.651 4.682 4.715 4.753 4.794 4.838 4.885 4.936 4.991 5.049 5.110 5.111 4.867 4.647 4.451 4.278 4.241 4.251 4.212 4.124 3.988 3.803 3.570 3.308 3.097 2.900 2.716 2.545 2.388 2.244 2.113 1.995 1.890 1.799
