DATA/SHG/ECMWF/20170628/EN-45/20170701.en-45.asc
ncols        190
nrows        64
xllcorner    -5100000.000000000000
yllcorner    4130000.000000000000
cellsize     10000.000000000000
NODATA_value  -99999.000
[rows 0 to 32 of 64, columns 0 to 74 of 190]
1.382 1.413 1.441 1.466 1.488 1.507 1.522 1.535 1.545 1.550 1.551 1.548 1.542 1.531 1.516 1.497 1.475 1.448 1.418 1.413 1.413 1.438 1.476 1.514 1.553 1.592 1.631 1.670 1.710 1.749 1.789 1.830 1.870 1.927 1.997 2.069 2.143 2.219 2.296 2.375 2.456 2.539 2.624 2.711 2.799 2.819 2.771 2.716 2.654 2.585 2.509 2.425 2.334 2.236 2.130 2.017 1.897 1.809 1.771 1.742 1.722 1.710 1.707 1.713 1.728 1.751 1.783 1.824 1.874 2.095 2.592 3.103 3.628 4.167 4.721
1.280 1.301 1.318 1.332 1.343 1.352 1.357 1.359 1.358 1.351 1.338 1.322 1.345 1.364 1.378 1.386 1.388 1.385 1.377 1.362 1.342 1.352 1.391 1.430 1.470 1.509 1.549 1.589 1.630 1.670 1.711 1.752 1.793 1.850 1.927 2.005 2.085 2.168 2.252 2.337 2.425 2.514 2.606 2.699 2.794 2.826 2.753 2.673 2.585 2.490 2.388 2.279 2.163 2.039 1.908 1.770 1.624 1.517 1.510 1.512 1.522 1.541 1.569 1.606 1.651 1.706 1.768 1.840 1.920 2.120 2.667 3.228 3.803 4.392 4.995
1.182 1.191 1.198 1.202 1.208 1.239 1.276 1.319 1.368 1.406 1.422 1.433 1.438 1.438 1.432 1.420 1.403 1.380 1.351 1.317 1.278 1.266 1.306 1.346 1.386 1.427 1.468 1.509 1.550 1.591 1.633 1.674 1.716 1.771 1.854 1.939 2.026 2.115 2.205 2.298 2.392 2.488 2.586 2.685 2.787 2.840 2.742 2.636 2.523 2.403 2.275 2.141 1.999 1.850 1.693 1.529 1.359 1.217 1.241 1.273 1.315 1.364 1.423 1.491 1.567 1.651 1.745 1.847 1.948 2.095 2.623 3.133 3.624 4.095 4.548
1.119 1.147 1.181 1.221 1.268 1.320 1.378 1.442 1.512 1.564 1.561 1.552 1.537 1.517 1.491 1.460 1.423 1.380 1.332 1.279 1.219 1.181 1.221 1.262 1.303 1.344 1.386 1.428 1.469 1.512 1.554 1.597 1.639 1.690 1.780 1.872 1.965 2.060 2.157 2.256 2.357 2.459 2.564 2.670 2.778 2.862 2.738 2.607 2.468 2.323 2.170 2.010 1.842 1.668 1.486 1.297 1.101 0.909 0.964 1.027 1.102 1.218 1.329 1.436 1.538 1.636 1.729 1.817 1.901 1.981 2.437 2.880 3.304 3.710 4.097
1.087 1.136 1.192 1.253 1.321 1.394 1.473 1.559 1.650 1.728 1.705 1.676 1.642 1.602 1.557 1.506 1.449 1.387 1.319 1.246 1.167 1.095 1.136 1.178 1.220 1.262 1.304 1.346 1.389 1.432 1.475 1.519 1.562 1.608 1.704 1.802 1.902 2.004 2.107 2.213 2.320 2.429 2.540 2.653 2.767 2.884 2.742 2.585 2.421 2.250 2.072 1.886 1.693 1.500 1.331 1.172 1.022 0.882 0.974 1.083 1.187 1.287 1.382 1.473 1.560 1.641 1.719 1.791 1.860 1.923 2.268 2.645 3.004 3.343 3.663
1.049 1.119 1.196 1.278 1.367 1.461 1.562 1.668 1.781 1.898 1.855 1.807 1.753 1.693 1.628 1.557 1.481 1.399 1.312 1.219 1.120 1.016 1.051 1.093 1.136 1.179 1.222 1.265 1.309 1.352 1.396 1.441 1.485 1.530 1.626 1.731 1.837 1.945 2.056 2.167 2.281 2.397 2.514 2.634 2.755 2.878 2.739 2.536 2.343 2.159 1.985 1.821 1.667 1.522 1.388 1.263 1.147 1.042 1.095 1.188 1.276 1.360 1.440 1.515 1.585 1.651 1.713 1.770 1.822 1.870 2.117 2.428 2.721 2.994 3.249
1.004 1.095 1.193 1.297 1.407 1.522 1.644 1.771 1.905 2.045 2.011 1.943 1.869 1.790 1.705 1.615 1.519 1.418 1.311 1.198 1.080 0.956 0.966 1.009 1.052 1.096 1.140 1.184 1.228 1.273 1.318 1.363 1.408 1.453 1.546 1.658 1.771 1.885 2.002 2.110 2.207 2.299 2.386 2.467 2.544 2.615 2.513 2.344 2.185 2.035 1.896 1.766 1.646 1.536 1.435 1.344 1.263 1.192 1.220 1.297 1.370 1.438 1.502 1.561 1.615 1.666 1.711 1.752 1.789 1.821 1.985 2.230 2.456 2.663 2.852
0.952 1.065 1.184 1.309 1.440 1.576 1.719 1.868 2.022 2.183 2.173 2.085 1.992 1.893 1.788 1.678 1.563 1.442 1.315 1.183 1.045 0.902 0.880 0.924 0.968 1.013 1.057 1.102 1.148 1.193 1.238 1.284 1.332 1.381 1.466 1.571 1.671 1.765 1.854 1.938 2.017 2.091 2.159 2.223 2.281 2.334 2.277 2.142 2.017 1.902 1.797 1.701 1.615 1.539 1.473 1.416 1.369 1.332 1.349 1.411 1.468 1.520 1.568 1.611 1.650 1.684 1.714 1.739 1.760 1.776 1.870 2.049 2.210 2.351 2.474
0.894 1.028 1.168 1.314 1.466 1.624 1.788 1.958 2.133 2.315 2.340 2.233 2.120 2.001 1.877 1.748 1.613 1.472 1.326 1.174 1.017 0.854 0.794 0.839 0.884 0.934 0.983 1.032 1.081 1.130 1.178 1.227 1.275 1.323 1.391 1.477 1.559 1.635 1.706 1.772 1.832 1.888 1.938 1.983 2.023 2.058 2.032 1.931 1.841 1.760 1.688 1.627 1.575 1.533 1.501 1.478 1.465 1.462 1.483 1.529 1.570 1.606 1.638 1.666 1.689 1.707 1.721 1.730 1.735 1.736 1.773 1.887 1.981 2.057 2.113
0.830 0.985 1.146 1.313 1.486 1.665 1.850 2.041 2.237 2.440 2.513 2.386 2.254 2.116 1.972 1.823 1.668 1.507 1.334 1.163 0.993 0.823 0.734 0.783 0.832 0.881 0.930 0.978 1.027 1.075 1.123 1.170 1.218 1.265 1.320 1.389 1.452 1.510 1.563 1.611 1.653 1.691 1.723 1.750 1.772 1.788 1.777 1.711 1.654 1.607 1.570 1.543 1.525 1.517 1.519 1.531 1.552 1.583 1.621 1.651 1.676 1.696 1.713 1.724 1.731 1.734 1.732 1.726 1.715 1.700 1.695 1.742 1.771 1.780 1.771
0.759 0.935 1.117 1.305 1.499 1.699 1.905 2.117 2.335 2.558 2.682 2.506 2.331 2.157 1.984 1.812 1.641 1.471 1.303 1.135 0.968 0.802 0.683 0.732 0.781 0.829 0.877 0.925 0.972 1.020 1.067 1.114 1.161 1.208 1.256 1.306 1.351 1.391 1.426 1.455 1.480 1.499 1.513 1.522 1.525 1.524 1.513 1.481 1.459 1.446 1.443 1.450 1.466 1.492 1.528 1.574 1.629 1.694 1.763 1.777 1.786 1.791 1.791 1.787 1.779 1.766 1.748 1.726 1.699 1.668 1.634 1.615 1.578 1.522 1.509
0.681 0.878 1.082 1.288 1.493 1.694 1.892 2.088 2.281 2.471 2.620 2.448 2.277 2.106 1.937 1.769 1.601 1.435 1.270 1.106 0.943 0.780 0.633 0.681 0.729 0.777 0.824 0.871 0.919 0.965 1.012 1.059 1.105 1.151 1.197 1.229 1.256 1.277 1.294 1.305 1.311 1.313 1.308 1.299 1.285 1.265 1.240 1.242 1.254 1.275 1.306 1.347 1.397 1.458 1.527 1.607 1.696 1.795 1.904 1.907 1.901 1.890 1.874 1.854 1.830 1.801 1.768 1.779 1.836 1.906 1.990 2.049 2.099 2.142 2.180
0.643 0.845 1.045 1.242 1.437 1.628 1.817 2.002 2.185 2.365 2.543 2.389 2.222 2.055 1.889 1.724 1.561 1.398 1.236 1.076 0.916 0.757 0.600 0.631 0.678 0.725 0.772 0.818 0.865 0.911 0.957 1.003 1.049 1.094 1.139 1.157 1.165 1.169 1.167 1.161 1.149 1.132 1.109 1.082 1.050 1.012 0.969 0.994 1.039 1.095 1.160 1.235 1.319 1.413 1.517 1.631 1.754 1.887 2.030 2.042 2.035 2.046 2.071 2.108 2.158 2.222 2.299 2.389 2.492 2.608 2.737 2.793 2.820 2.841 2.856
0.630 0.822 1.012 1.199 1.384 1.565 1.744 1.920 2.093 2.263 2.430 2.330 2.166 2.002 1.840 1.679 1.519 1.360 1.202 1.044 0.888 0.733 0.579 0.581 0.627 0.674 0.720 0.766 0.811 0.857 0.902 0.948 0.993 1.038 1.082 1.090 1.081 1.066 1.046 1.022 0.992 0.956 0.916 0.871 0.820 0.764 0.703 0.736 0.816 0.905 1.004 1.113 1.231 1.413 1.594 1.764 1.922 2.068 2.204 2.266 2.310 2.367 2.437 2.521 2.617 2.726 2.849 2.985 3.134 3.296 3.471 3.541 3.546 3.545 3.537
0.619 0.802 0.982 1.160 1.334 1.506 1.674 1.840 2.003 2.164 2.321 2.269 2.109 1.949 1.790 1.633 1.476 1.320 1.166 1.012 0.860 0.708 0.558 0.531 0.577 0.622 0.668 0.713 0.758 0.803 0.848 0.893 0.937 0.981 1.025 1.029 1.001 0.969 0.931 0.888 0.840 0.787 0.728 0.665 0.596 0.522 0.572 0.723 0.933 1.131 1.318 1.493 1.657 1.809 1.950 2.080 2.198 2.304 2.399 2.482 2.572 2.675 2.791 2.920 3.062 3.218 3.386 3.568 3.762 3.970 4.191 4.295 4.278 4.254 4.223
0.612 0.785 0.956 1.123 1.287 1.449 1.608 1.764 1.917 2.067 2.215 2.208 2.051 1.894 1.739 1.585 1.432 1.280 1.129 0.979 0.830 0.682 0.535 0.481 0.526 0.571 0.616 0.661 0.705 0.750 0.794 0.838 0.882 0.925 0.968 0.973 0.927 0.877 0.830 0.841 0.863 0.897 0.942 0.999 1.067 1.147 1.238 1.371 1.541 1.699 1.846 1.981 2.104 2.217 2.317 2.407 2.485 2.551 2.606 2.685 2.821 2.969 3.131 3.306 3.494 3.695 3.910 4.137 4.378 4.631 4.898 5.054 5.014 4.968 4.915
0.608 0.772 0.932 1.089 1.244 1.396 1.545 1.691 1.834 1.975 2.112 2.145 1.992 1.839 1.688 1.537 1.387 1.239 1.092 0.945 0.800 0.655 0.512 0.432 0.476 0.521 0.565 0.609 0.653 0.696 0.740 0.791 0.861 0.937 1.018 1.079 1.096 1.124 1.163 1.214 1.277 1.351 1.436 1.533 1.641 1.760 1.891 2.030 2.160 2.278 2.384 2.479 2.563 2.635 2.695 2.745 2.782 2.809 2.823 2.875 3.056 3.251 3.458 3.679 3.913 4.160 4.420 4.693 4.980 5.279 5.592 5.818 5.755 5.686 5.611
0.608 0.761 0.911 1.059 1.203 1.345 1.484 1.621 1.754 1.885 2.013 2.082 1.932 1.783 1.635 1.488 1.342 1.197 1.053 0.910 0.768 0.627 0.487 0.382 0.429 0.481 0.538 0.601 0.669 0.742 0.821 0.904 0.993 1.087 1.186 1.281 1.337 1.405 1.485 1.576 1.678 1.792 1.917 2.054 2.202 2.361 2.532 2.700 2.789 2.867 2.933 2.988 3.031 3.063 3.084 3.093 3.091 3.077 3.052 3.051 3.279 3.519 3.772 4.039 4.319 4.611 4.917 5.236 5.568 5.913 6.272 6.587 6.502 6.410 6.313
0.610 0.753 0.894 1.031 1.166 1.298 1.427 1.554 1.677 1.798 1.916 2.017 1.871 1.725 1.581 1.438 1.295 1.149 1.003 0.862 0.724 0.591 0.462 0.344 0.409 0.480 0.555 0.636 0.723 0.814 0.911 1.012 1.119 1.231 1.349 1.470 1.567 1.675 1.794 1.925 2.068 2.221 2.386 2.563 2.751 2.950 3.160 3.380 3.429 3.467 3.493 3.507 3.511 3.503 3.483 3.452 3.410 3.356 3.291 3.215 3.488 3.774 4.073 4.386 4.711 5.050 5.401 5.766 6.143 6.534 6.938 7.355 7.253 7.139 7.019
0.615 0.748 0.879 1.007 1.132 1.254 1.373 1.490 1.604 1.714 1.810 1.898 1.766 1.615 1.467 1.324 1.184 1.049 0.917 0.790 0.667 0.547 0.432 0.321 0.384 0.473 0.567 0.666 0.771 0.880 0.995 1.115 1.240 1.370 1.506 1.647 1.785 1.933 2.092 2.263 2.445 2.638 2.843 3.059 3.287 3.526 3.777 4.038 4.079 4.077 4.063 4.038 4.001 3.953 3.893 3.822 3.740 3.646 3.541 3.424 3.684 4.016 4.361 4.719 5.090 5.474 5.872 6.282 6.705 7.142 7.591 8.054 8.009 7.873 7.693
0.623 0.747 0.868 0.980 1.087 1.189 1.285 1.375 1.460 1.539 1.613 1.681 1.591 1.454 1.320 1.191 1.066 0.945 0.827 0.714 0.605 0.500 0.398 0.301 0.354 0.461 0.573 0.690 0.813 0.941 1.074 1.212 1.355 1.504 1.657 1.816 1.990 2.178 2.377 2.588 2.810 3.043 3.288 3.544 3.811 4.090 4.381 4.682 4.740 4.697 4.644 4.578 4.501 4.413 4.314 4.203 4.080 3.947 3.801 3.645 3.868 4.245 4.636 5.040 5.456 5.886 6.329 6.744 7.092 7.429 7.755 8.070 7.959 7.696 7.440
0.630 0.735 0.833 0.926 1.014 1.096 1.172 1.243 1.308 1.368 1.422 1.471 1.412 1.289 1.170 1.055 0.943 0.836 0.733 0.634 0.539 0.448 0.361 0.277 0.318 0.443 0.574 0.709 0.850 0.996 1.147 1.303 1.465 1.632 1.803 1.980 2.184 2.411 2.651 2.901 3.163 3.436 3.720 4.016 4.324 4.642 4.972 5.314 5.411 5.329 5.235 5.129 5.013 4.885 4.745 4.594 4.432 4.258 4.073 3.876 4.028 4.414 4.789 5.153 5.506 5.848 6.180 6.501 6.811 7.110 7.399 7.676 7.644 7.408 7.180
0.641 0.726 0.805 0.879 0.947 1.009 1.066 1.117 1.163 1.203 1.238 1.266 1.229 1.120 1.015 0.914 0.817 0.724 0.635 0.550 0.469 0.392 0.319 0.250 0.277 0.420 0.569 0.722 0.881 1.046 1.215 1.389 1.569 1.754 1.944 2.139 2.365 2.633 2.912 3.202 3.504 3.816 4.141 4.476 4.823 5.182 5.551 5.933 6.093 5.970 5.836 5.691 5.534 5.339 5.123 4.905 4.685 4.464 4.242 4.018 4.058 4.406 4.743 5.070 5.385 5.690 5.985 6.268 6.540 6.802 7.053 7.294 7.321 7.113 6.912
0.658 0.724 0.783 0.837 0.886 0.928 0.966 0.997 1.024 1.044 1.059 1.069 1.043 0.947 0.856 0.769 0.686 0.607 0.532 0.461 0.394 0.331 0.272 0.217 0.230 0.392 0.558 0.730 0.907 1.090 1.277 1.470 1.668 1.871 2.079 2.292 2.535 2.842 3.161 3.491 3.832 4.185 4.549 4.924 5.311 5.709 6.074 6.423 6.594 6.380 6.164 5.947 5.729 5.509 5.287 5.063 4.838 4.611 4.383 4.153 4.098 4.408 4.708 4.997 5.275 5.543 5.799 6.045 6.280 6.505 6.718 6.921 6.991 6.811 6.638
0.682 0.727 0.767 0.802 0.831 0.854 0.872 0.884 0.891 0.892 0.887 0.877 0.852 0.771 0.694 0.621 0.552 0.487 0.426 0.369 0.316 0.267 0.222 0.181 0.178 0.358 0.543 0.733 0.928 1.128 1.334 1.545 1.761 1.982 2.208 2.439 2.693 3.040 3.398 3.758 4.115 4.470 4.822 5.173 5.521 5.867 6.211 6.552 6.794 6.574 6.353 6.130 5.906 5.680 5.452 5.223 4.992 4.760 4.526 4.290 4.148 4.421 4.683 4.935 5.176 5.406 5.625 5.833 6.031 6.218 6.394 6.560 6.655 6.502 6.356
0.715 0.737 0.758 0.773 0.782 0.786 0.784 0.777 0.764 0.745 0.721 0.692 0.657 0.590 0.527 0.468 0.413 0.362 0.315 0.272 0.233 0.198 0.168 0.141 0.120 0.318 0.521 0.730 0.943 1.162 1.385 1.615 1.863 2.114 2.369 2.626 2.889 3.245 3.599 3.950 4.299 4.647 4.991 5.334 5.675 6.013 6.349 6.683 6.995 6.770 6.543 6.315 6.084 5.853 5.619 5.384 5.148 4.910 4.670 4.429 4.209 4.444 4.669 4.883 5.086 5.279 5.461 5.632 5.792 5.942 6.080 6.208 6.311 6.186 6.068
0.804 0.753 0.754 0.749 0.739 0.724 0.702 0.676 0.643 0.605 0.562 0.513 0.458 0.405 0.356 0.311 0.270 0.233 0.200 0.172 0.147 0.126 0.109 0.096 0.091 0.300 0.541 0.785 1.032 1.282 1.535 1.791 2.050 2.312 2.576 2.844 3.115 3.454 3.800 4.144 4.486 4.825 5.162 5.498 5.831 6.161 6.490 6.816 7.140 6.967 6.734 6.500 6.264 6.027 5.788 5.547 5.305 5.061 4.815 4.568 4.320 4.478 4.665 4.842 5.008 5.163 5.307 5.441 5.564 5.676 5.777 5.868 5.948 5.863 5.772
0.906 0.775 0.756 0.732 0.703 0.668 0.627 0.581 0.529 0.471 0.408 0.340 0.266 0.216 0.181 0.150 0.123 0.114 0.137 0.157 0.176 0.192 0.206 0.219 0.229 0.410 0.662 0.916 1.174 1.434 1.697 1.964 2.233 2.505 2.780 3.058 3.340 3.665 4.003 4.340 4.674 5.006 5.335 5.663 5.988 6.311 6.632 6.951 7.268 7.166 6.927 6.687 6.446 6.203 5.958 5.711 5.463 5.214 4.963 4.710 4.455 4.521 4.671 4.811 4.939 5.057 5.164 5.260 5.346 5.421 5.485 5.538 5.581 5.533 5.470
1.021 0.803 0.765 0.722 0.672 0.618 0.558 0.492 0.421 0.344 0.298 0.276 0.234 0.222 0.245 0.267 0.286 0.303 0.318 0.332 0.343 0.352 0.360 0.365 0.369 0.518 0.780 1.044 1.312 1.583 1.857 2.133 2.413 2.695 2.981 3.269 3.561 3.878 4.209 4.537 4.864 5.188 5.510 5.830 6.148 6.464 6.777 7.088 7.397 7.366 7.122 6.876 6.629 6.380 6.129 5.877 5.623 5.368 5.111 4.852 4.592 4.575 4.688 4.790 4.881 4.961 5.031 5.090 5.138 5.176 5.203 5.219 5.224 5.196 5.160
1.148 0.837 0.780 0.799 0.850 0.880 0.890 0.879 0.847 0.794 0.721 0.627 0.512 0.440 0.457 0.471 0.483 0.494 0.502 0.508 0.513 0.515 0.515 0.514 0.510 0.622 0.894 1.169 1.447 1.728 2.013 2.300 2.590 2.882 3.178 3.477 3.779 4.092 4.416 4.737 5.056 5.372 5.687 5.999 6.309 6.617 6.923 7.227 7.528 7.567 7.317 7.066 6.813 6.558 6.302 6.044 5.785 5.524 5.261 4.997 4.731 4.640 4.715 4.779 4.833 4.876 4.909 4.930 4.937 4.927 4.907 4.877 4.837 4.797 4.765
1.945 1.734 1.753 1.752 1.731 1.688 1.625 1.541 1.437 1.312 1.166 1.000 0.813 0.661 0.670 0.677 0.683 0.686 0.687 0.687 0.684 0.679 0.673 0.664 0.653 0.722 1.005 1.291 1.579 1.871 2.165 2.462 2.763 3.066 3.372 3.681 3.993 4.309 4.625 4.938 5.249 5.559 5.866 6.170 6.473 6.773 7.072 7.368 7.661 7.770 7.514 7.257 6.998 6.738 6.476 6.213 5.947 5.681 5.412 5.142 4.871 4.707 4.731 4.745 4.750 4.745 4.730 4.705 4.671 4.627 4.573 4.509 4.436 4.378 4.358
3.048 2.853 2.800 2.727 2.633 2.518 2.382 2.226 2.049 1.851 1.633 1.394 1.135 0.883 0.885 0.886 0.884 0.880 0.875 0.867 0.857 0.846 0.832 0.816 0.799 0.820 1.113 1.409 1.708 2.009 2.314 2.622 2.933 3.246 3.563 3.882 4.205 4.527 4.835 5.141 5.445 5.747 6.046 6.343 6.638 6.931 7.222 7.510 7.797 7.974 7.713 7.450 7.185 6.919 6.659 6.397 6.124 5.842 5.550 5.247 4.935 4.687 4.677 4.658 4.629 4.590 4.541 4.482 4.414 4.336 4.248 4.151 4.044 3.956 3.948
4.128 3.995 3.869 3.723 3.556 3.368 3.160 2.932 2.682 2.412 2.122 1.811 1.479 1.126 1.102 1.096 1.087 1.076 1.064 1.049 1.032 1.014 0.993 0.971 0.946 0.919 1.217 1.524 1.833 2.145 2.460 2.778 3.099 3.423 3.750 4.080 4.412 4.747 5.048 5.346 5.643 5.937 6.228 6.518 6.806 7.091 7.374 7.673 7.986 8.272 8.024 7.767 7.499 7.222 6.935 6.637 6.330 6.013 5.687 5.350 5.003 4.677 4.633 4.580 4.517 4.444 4.361 4.269 4.167 4.055 3.934 3.803 3.662 3.531 3.535
