DATA/SHG/ECMWF/20170628/EN-45/20170709.en-45.asc
ncols        190
nrows        64
xllcorner    -5100000.000000000000
yllcorner    4130000.000000000000
cellsize     10000.000000000000
NODATA_value  -99999.000
[rows 0 to 32 of 64, columns 73 to 145 of 190]
0.291 0.333 0.376 0.419 0.463 0.508 0.553 0.599 0.637 0.650 0.660 0.672 0.686 0.701 0.717 0.734 0.752 0.772 0.794 0.816 0.838 0.856 0.878 0.903 0.933 0.966 1.003 1.044 1.088 1.136 1.189 1.244 1.295 1.320 1.349 1.380 1.415 1.453 1.494 1.538 1.585 1.636 1.690 1.747 1.891 2.304 2.725 3.157 3.597 4.048 4.507 4.977 5.455 5.944 6.441 6.949 7.414 7.739 8.072 8.414 8.764 9.122 9.489 9.864 10.248 10.640 11.041 11.450 11.746 11.696 11.634 11.562 11.477
0.287 0.331 0.376 0.418 0.459 0.497 0.532 0.566 0.594 0.608 0.624 0.640 0.658 0.677 0.698 0.720 0.743 0.768 0.793 0.820 0.849 0.884 0.923 0.965 1.012 1.062 1.116 1.174 1.235 1.300 1.369 1.442 1.514 1.554 1.596 1.642 1.691 1.743 1.798 1.857 1.918 1.983 2.051 2.122 2.244 2.699 3.163 3.637 4.120 4.613 5.115 5.627 6.148 6.679 7.219 7.768 8.299 8.661 9.032 9.411 9.799 10.195 10.599 11.012 11.434 11.864 12.302 12.749 13.120 13.018 12.906 12.782 12.646
0.297 0.336 0.373 0.408 0.440 0.470 0.498 0.524 0.547 0.566 0.586 0.607 0.629 0.653 0.678 0.705 0.732 0.761 0.792 0.823 0.856 0.908 0.964 1.023 1.086 1.154 1.224 1.299 1.377 1.460 1.546 1.635 1.729 1.783 1.840 1.900 1.963 2.029 2.099 2.171 2.247 2.326 2.409 2.494 2.586 3.083 3.590 4.106 4.632 5.167 5.712 6.266 6.829 7.402 7.985 8.577 9.173 9.573 9.981 10.398 10.823 11.257 11.699 12.150 12.609 13.076 13.552 14.037 14.404 14.069 13.751 13.449 13.165
0.312 0.343 0.372 0.399 0.424 0.446 0.466 0.484 0.500 0.522 0.547 0.572 0.599 0.628 0.657 0.688 0.721 0.754 0.789 0.825 0.863 0.927 1.000 1.076 1.157 1.241 1.329 1.420 1.515 1.615 1.718 1.824 1.935 2.009 2.080 2.154 2.231 2.312 2.395 2.482 2.572 2.666 2.762 2.862 2.965 3.457 4.006 4.565 5.133 5.710 6.297 6.894 7.500 8.115 8.740 9.374 10.018 10.475 10.921 11.370 11.791 12.177 12.529 12.846 13.129 13.377 13.590 13.770 13.914 13.682 13.440 13.215 13.007
0.329 0.352 0.373 0.392 0.409 0.424 0.436 0.446 0.454 0.477 0.506 0.537 0.568 0.601 0.635 0.671 0.708 0.746 0.785 0.826 0.868 0.942 1.032 1.125 1.223 1.324 1.428 1.537 1.649 1.765 1.885 2.009 2.136 2.230 2.315 2.404 2.495 2.590 2.688 2.789 2.893 3.001 3.112 3.225 3.342 3.820 4.411 5.012 5.623 6.243 6.909 7.611 8.319 9.031 9.747 10.469 11.195 11.636 11.971 12.273 12.540 12.772 12.970 13.133 13.262 13.357 13.417 13.443 13.434 13.280 13.113 12.964 12.832
0.348 0.363 0.377 0.388 0.397 0.404 0.408 0.410 0.410 0.431 0.465 0.500 0.536 0.574 0.612 0.652 0.694 0.736 0.780 0.826 0.872 0.953 1.060 1.170 1.284 1.402 1.524 1.649 1.778 1.911 2.048 2.188 2.333 2.448 2.548 2.650 2.756 2.865 2.977 3.092 3.211 3.375 3.576 3.785 4.004 4.537 5.236 5.941 6.650 7.365 8.084 8.807 9.536 10.269 11.007 11.749 12.497 12.879 13.062 13.209 13.322 13.401 13.446 13.456 13.431 13.372 13.279 13.151 12.989 12.860 12.770 12.696 12.640
0.369 0.377 0.382 0.386 0.387 0.386 0.382 0.377 0.369 0.384 0.422 0.462 0.503 0.545 0.588 0.633 0.678 0.726 0.774 0.824 0.875 0.960 1.083 1.210 1.341 1.476 1.615 1.757 1.903 2.053 2.206 2.364 2.554 2.743 2.913 3.092 3.279 3.475 3.680 3.893 4.115 4.346 4.586 4.834 5.091 5.598 6.319 7.045 7.776 8.511 9.251 9.996 10.746 11.500 12.259 13.023 13.791 14.157 14.186 14.180 14.139 14.065 13.956 13.812 13.634 13.422 13.175 12.894 12.578 12.425 12.410 12.412 12.432
0.392 0.392 0.390 0.385 0.379 0.370 0.359 0.345 0.330 0.336 0.379 0.423 0.468 0.515 0.562 0.612 0.662 0.714 0.767 0.821 0.877 0.962 1.102 1.248 1.406 1.577 1.762 1.959 2.170 2.394 2.632 2.882 3.146 3.393 3.602 3.819 4.045 4.280 4.524 4.776 5.037 5.307 5.585 5.872 6.168 6.653 7.395 8.142 8.894 9.651 10.412 11.178 11.949 12.724 13.505 14.290 15.079 15.468 15.343 15.184 14.990 14.762 14.500 14.203 13.872 13.506 13.106 12.672 12.203 11.973 12.034 12.112 12.207
0.417 0.409 0.399 0.387 0.373 0.356 0.337 0.316 0.293 0.287 0.334 0.383 0.432 0.483 0.536 0.589 0.641 0.690 0.737 0.782 0.825 0.898 1.089 1.293 1.510 1.740 1.984 2.241 2.511 2.794 3.090 3.400 3.723 4.033 4.280 4.536 4.801 5.075 5.357 5.648 5.948 6.256 6.573 6.899 7.234 7.701 8.465 9.233 10.006 10.784 11.566 12.353 13.145 13.942 14.743 15.550 16.360 16.813 16.535 16.222 15.875 15.494 15.079 14.629 14.144 13.625 13.072 12.485 11.863 11.505 11.641 11.795 11.966
0.444 0.429 0.411 0.391 0.369 0.344 0.318 0.289 0.261 0.250 0.307 0.362 0.415 0.466 0.514 0.560 0.604 0.645 0.684 0.721 0.755 0.810 1.059 1.322 1.599 1.888 2.191 2.507 2.836 3.178 3.533 3.902 4.284 4.662 4.948 5.243 5.547 5.859 6.180 6.510 6.848 7.195 7.551 7.915 8.288 8.743 9.528 10.317 11.111 11.910 12.714 13.522 14.335 15.153 15.975 16.803 17.635 18.192 17.760 17.295 16.794 16.260 15.691 15.088 14.451 13.779 13.073 12.333 11.558 11.020 11.232 11.462 11.708
0.474 0.460 0.453 0.442 0.425 0.404 0.378 0.347 0.310 0.270 0.320 0.367 0.412 0.454 0.495 0.533 0.568 0.602 0.633 0.661 0.688 0.713 1.015 1.337 1.673 2.021 2.383 2.757 3.145 3.546 3.961 4.388 4.829 5.280 5.605 5.939 6.281 6.632 6.992 7.360 7.737 8.123 8.518 8.921 9.333 9.778 10.584 11.394 12.209 13.029 13.854 14.684 15.518 16.357 17.200 18.049 18.902 19.604 19.019 18.401 17.747 17.060 16.338 15.582 14.792 13.967 13.109 12.215 11.288 10.519 10.807 11.112 11.433
0.654 0.635 0.611 0.582 0.548 0.510 0.466 0.417 0.364 0.305 0.335 0.374 0.411 0.445 0.477 0.507 0.535 0.560 0.583 0.604 0.623 0.640 0.956 1.337 1.731 2.139 2.559 2.993 3.440 3.900 4.373 4.860 5.359 5.872 6.252 6.624 7.005 7.395 7.793 8.201 8.616 9.041 9.474 9.915 10.366 10.825 11.633 12.465 13.301 14.142 14.988 15.839 16.694 17.554 18.419 19.288 20.162 21.041 20.312 19.540 18.734 17.894 17.019 16.111 15.168 14.190 13.179 12.133 11.098 10.186 10.664 11.150 11.644
0.850 0.814 0.773 0.727 0.676 0.620 0.559 0.493 0.422 0.346 0.352 0.383 0.412 0.438 0.462 0.484 0.504 0.521 0.536 0.549 0.560 0.569 0.882 1.322 1.775 2.242 2.721 3.214 3.719 4.238 4.770 5.316 5.874 6.446 6.888 7.299 7.719 8.147 8.584 9.030 9.484 9.947 10.419 10.899 11.388 11.886 12.675 13.528 14.386 15.248 16.115 16.987 17.863 18.744 19.630 20.521 21.416 22.316 21.638 20.630 19.539 18.474 17.434 16.420 15.432 14.470 13.533 12.622 11.736 10.876 11.299 11.822 12.353
1.052 0.998 0.939 0.876 0.808 0.734 0.656 0.573 0.485 0.391 0.371 0.394 0.415 0.433 0.449 0.463 0.475 0.484 0.491 0.496 0.499 0.500 0.794 1.292 1.804 2.329 2.868 3.419 3.984 4.561 5.152 5.756 6.374 7.004 7.514 7.964 8.422 8.889 9.365 9.849 10.342 10.843 11.354 11.873 12.400 12.936 13.712 14.585 15.464 16.347 17.147 17.847 18.538 19.220 19.893 20.556 21.211 21.856 21.220 20.218 19.241 18.289 17.363 16.463 15.589 14.740 13.917 13.120 12.348 11.602 11.925 12.484 13.053
1.257 1.186 1.110 1.030 0.944 0.853 0.758 0.657 0.552 0.441 0.392 0.407 0.420 0.430 0.439 0.445 0.448 0.450 0.449 0.445 0.440 0.433 0.690 1.248 1.818 2.402 2.999 3.609 4.233 4.869 5.519 6.182 6.858 7.547 8.129 8.618 9.115 9.620 10.134 10.657 11.189 11.680 12.115 12.534 12.937 13.324 13.895 14.591 15.278 15.956 16.625 17.285 17.936 18.578 19.210 19.833 20.448 21.053 20.668 19.779 18.916 18.079 17.267 16.480 15.720 14.985 14.275 13.592 12.934 12.301 12.541 13.138 13.743
1.467 1.379 1.286 1.188 1.085 0.977 0.864 0.746 0.623 0.496 0.415 0.422 0.427 0.430 0.430 0.428 0.423 0.417 0.408 0.397 0.383 0.368 0.572 1.188 1.817 2.460 3.116 3.785 4.467 5.162 5.870 6.592 7.330 8.074 8.711 9.185 9.644 10.087 10.515 10.927 11.323 11.703 12.068 12.418 12.751 13.069 13.545 14.201 14.848 15.485 16.114 16.734 17.344 17.945 18.537 19.121 19.695 20.259 20.091 19.316 18.566 17.842 17.144 16.471 15.825 15.203 14.607 14.037 13.493 12.974 13.149 13.782 14.424
1.681 1.576 1.465 1.350 1.230 1.105 0.974 0.839 0.699 0.554 0.440 0.440 0.436 0.431 0.423 0.413 0.401 0.386 0.369 0.350 0.329 0.306 0.438 1.153 1.900 2.647 3.393 4.138 4.883 5.626 6.369 7.111 7.852 8.592 9.237 9.642 10.032 10.405 10.763 11.105 11.432 11.743 12.039 12.318 12.582 12.831 13.205 13.820 14.427 15.024 15.613 16.192 16.762 17.323 17.875 18.418 18.952 19.476 19.488 18.826 18.191 17.580 16.996 16.437 15.903 15.396 14.913 14.457 14.026 13.621 13.747 14.417 15.096
1.900 1.777 1.650 1.517 1.379 1.237 1.090 0.937 0.780 0.618 0.468 0.459 0.448 0.434 0.419 0.407 0.482 0.556 0.629 0.702 0.775 0.838 0.961 1.706 2.450 3.193 3.936 4.677 5.418 6.158 6.898 7.636 8.374 9.111 9.780 10.116 10.436 10.740 11.028 11.301 11.558 11.800 12.026 12.236 12.431 12.610 12.874 13.450 14.016 14.573 15.122 15.661 16.191 16.712 17.223 17.726 18.219 18.704 18.860 18.312 17.789 17.293 16.822 16.376 15.956 15.562 15.193 14.850 14.533 14.241 14.336 15.043 15.758
2.123 1.983 1.838 1.688 1.533 1.374 1.209 1.039 0.877 0.779 0.692 0.763 0.838 0.912 0.985 1.058 1.131 1.204 1.276 1.348 1.420 1.482 1.533 2.258 2.999 3.739 4.478 5.216 5.954 6.690 7.426 8.162 8.896 9.629 10.340 10.606 10.856 11.091 11.310 11.513 11.701 11.873 12.029 12.170 12.296 12.405 12.554 13.089 13.616 14.133 14.641 15.139 15.629 16.110 16.581 17.044 17.497 17.942 18.206 17.772 17.363 16.980 16.622 16.290 15.984 15.703 15.447 15.217 15.013 14.835 14.917 15.660 16.412
2.351 2.197 2.060 1.934 1.819 1.715 1.622 1.541 1.470 1.411 1.363 1.419 1.492 1.564 1.637 1.709 1.781 1.852 1.923 1.994 2.065 2.125 2.175 2.811 3.548 4.285 5.020 5.755 6.489 7.223 7.955 8.687 9.418 10.148 10.877 11.112 11.293 11.458 11.607 11.741 11.860 11.963 12.050 12.121 12.177 12.218 12.244 12.739 13.225 13.702 14.170 14.628 15.078 15.518 15.950 16.372 16.785 17.190 17.527 17.206 16.911 16.641 16.397 16.178 15.985 15.817 15.675 15.559 15.468 15.402 15.488 16.268 17.056
2.617 2.508 2.409 2.322 2.245 2.180 2.126 2.084 2.052 2.031 2.022 2.073 2.145 2.217 2.288 2.359 2.429 2.499 2.569 2.639 2.708 2.767 2.817 3.363 4.097 4.830 5.563 6.294 7.025 7.755 8.484 9.212 9.940 10.666 11.392 11.634 11.746 11.842 11.922 11.987 12.036 12.069 12.087 12.089 12.076 12.047 12.002 12.399 12.844 13.281 13.709 14.127 14.537 14.937 15.328 15.711 16.084 16.448 16.803 16.615 16.433 16.277 16.146 16.040 15.960 15.906 15.877 15.874 15.896 15.939 16.007 16.840 17.719
2.878 2.807 2.747 2.699 2.661 2.635 2.620 2.615 2.623 2.641 2.670 2.727 2.798 2.868 2.938 3.008 3.077 3.146 3.215 3.283 3.351 3.409 3.457 3.916 4.646 5.376 6.105 6.833 7.560 8.287 9.013 9.738 10.462 11.185 11.908 12.173 12.215 12.242 12.253 12.248 12.228 12.192 12.141 12.074 11.991 11.893 11.779 12.068 12.474 12.870 13.258 13.636 14.006 14.366 14.717 15.059 15.392 15.716 16.031 15.999 16.004 16.112 16.204 16.279 16.337 16.379 16.404 16.412 16.404 16.379 16.338 17.307 18.392
3.128 3.096 3.075 3.065 3.066 3.078 3.102 3.136 3.182 3.239 3.307 3.381 3.450 3.519 3.588 3.656 3.725 3.792 3.860 3.927 3.994 4.051 4.098 4.468 5.196 5.922 6.647 7.372 8.096 8.819 9.541 10.263 10.984 11.704 12.423 12.728 12.701 12.658 12.600 12.526 12.437 12.332 12.211 12.075 11.923 11.756 11.573 11.748 12.113 12.470 12.817 13.177 13.593 14.045 14.534 15.059 15.620 16.218 16.852 17.074 17.125 17.159 17.177 17.178 17.163 17.131 17.082 17.016 16.934 16.836 16.721 17.727 19.019
3.367 3.373 3.391 3.420 3.460 3.511 3.573 3.646 3.731 3.826 3.933 4.033 4.102 4.170 4.237 4.304 4.371 4.438 4.504 4.570 4.636 4.692 4.737 5.021 5.745 6.468 7.190 7.911 8.631 9.351 10.070 10.788 11.506 12.222 12.938 13.300 13.203 13.091 12.964 12.821 12.662 12.488 12.279 12.022 11.751 11.464 11.162 11.230 11.662 12.131 12.635 13.176 13.753 14.367 15.017 15.703 16.426 17.184 17.979 18.284 18.261 18.222 18.166 18.093 18.004 17.898 17.775 17.636 17.481 17.308 17.119 18.100 19.598
3.595 3.640 3.697 3.764 3.843 3.933 4.033 4.145 4.268 4.403 4.548 4.686 4.753 4.819 4.886 4.952 5.018 5.083 5.148 5.213 5.277 5.332 5.376 5.573 6.294 7.013 7.732 8.450 9.167 9.883 10.599 11.314 12.028 12.729 13.393 13.764 13.547 13.314 13.067 12.804 12.526 12.232 11.923 11.599 11.260 10.906 10.536 10.546 11.140 11.769 12.435 13.137 13.875 14.650 15.461 16.308 17.192 18.112 19.068 19.510 19.413 19.300 19.170 19.024 18.861 18.681 18.485 18.272 18.043 17.797 17.534 18.426 20.130
3.813 3.897 3.992 4.098 4.215 4.343 4.483 4.633 4.795 4.968 5.152 5.337 5.403 5.469 5.534 5.599 5.663 5.727 5.791 5.855 5.918 5.972 6.015 6.126 6.873 7.650 8.403 9.131 9.834 10.512 11.165 11.793 12.397 12.975 13.529 13.901 13.616 13.315 13.000 12.669 12.323 11.962 11.585 11.193 10.786 10.364 9.926 9.825 10.579 11.370 12.197 13.060 13.959 14.895 15.867 16.875 17.920 19.000 20.117 20.751 20.580 20.394 20.190 19.970 19.733 19.480 19.210 18.924 18.621 18.301 17.965 18.706 20.616
4.019 4.142 4.276 4.420 4.576 4.743 4.921 5.110 5.311 5.522 5.745 5.978 6.053 6.117 6.181 6.245 6.327 6.532 6.727 6.914 7.092 7.237 7.352 7.460 8.138 8.805 9.447 10.065 10.658 11.226 11.769 12.287 12.780 13.249 13.693 14.054 13.701 13.333 12.950 12.551 12.137 11.708 11.264 10.804 10.329 9.839 9.334 9.066 9.981 10.933 11.920 12.945 14.005 15.101 16.234 17.403 18.609 19.850 21.128 22.007 21.763 21.503 21.226 20.932 20.622 20.295 19.951 19.591 19.215 18.821 18.412 18.939 21.054
4.215 4.377 4.549 4.732 4.927 5.132 5.349 5.577 5.815 6.096 6.514 6.963 7.227 7.436 7.635 7.826 8.008 8.182 8.346 8.502 8.649 8.763 8.847 8.924 9.429 9.986 10.518 11.025 11.508 11.966 12.399 12.807 13.191 13.549 13.883 14.192 13.803 13.367 12.916 12.450 11.968 11.472 10.959 10.432 9.890 9.332 8.759 8.269 9.345 10.458 11.606 12.791 14.012 15.270 16.563 17.893 19.259 20.661 22.100 23.279 22.962 22.628 22.277 21.910 21.526 21.125 20.708 20.275 19.825 19.358 18.875 19.125 21.446
4.401 4.601 4.833 5.142 5.481 5.852 6.254 6.687 7.150 7.645 8.171 8.728 9.037 9.215 9.384 9.544 9.695 9.838 9.971 10.096 10.212 10.296 10.348 10.394 10.746 11.193 11.615 12.012 12.385 12.733 13.056 13.354 13.628 13.876 14.100 14.300 13.922 13.418 12.900 12.366 11.816 11.252 10.672 10.077 9.467 8.841 8.200 7.544 8.672 9.945 11.254 12.600 13.982 15.400 16.854 18.344 19.871 21.434 23.033 24.567 24.176 23.768 23.344 22.903 22.445 21.971 21.481 20.974 20.450 19.910 19.353 19.265 21.790
4.858 5.212 5.597 6.014 6.461 6.940 7.449 7.990 8.561 9.164 9.797 10.462 10.853 11.000 11.138 11.267 11.388 11.499 11.602 11.696 11.781 11.834 11.855 11.870 12.088 12.425 12.738 13.025 13.288 13.526 13.739 13.928 14.091 14.230 14.344 14.434 14.057 13.486 12.899 12.298 11.681 11.049 10.401 9.738 9.061 8.367 7.659 6.936 7.960 9.394 10.864 12.371 13.913 15.492 17.106 18.757 20.444 22.167 23.927 25.722 25.405 24.924 24.426 23.912 23.381 22.833 22.269 21.689 21.092 20.478 19.848 19.333 21.959
5.376 5.838 6.332 6.856 7.411 7.997 8.614 9.262 9.942 10.652 11.393 12.165 12.675 12.791 12.898 12.997 13.086 13.167 13.239 13.302 13.356 13.378 13.368 13.352 13.457 13.684 13.887 14.064 14.217 14.346 14.449 14.528 14.582 14.611 14.615 14.595 14.209 13.570 12.916 12.247 11.562 10.862 10.147 9.417 8.672 7.911 7.135 6.344 7.212 8.806 10.437 12.103 13.806 15.545 17.320 19.132 20.979 22.863 24.782 26.738 26.650 26.095 25.480 24.773 24.064 23.353 22.641 21.927 21.212 20.495 19.777 19.057 21.410
5.865 6.435 7.036 7.667 8.330 9.024 9.749 10.505 11.291 12.109 12.958 13.838 14.503 14.588 14.664 14.732 14.790 14.840 14.881 14.914 14.937 14.928 14.887 14.840 14.852 14.969 15.062 15.130 15.173 15.192 15.185 15.154 15.098 15.018 14.913 14.783 14.377 13.671 12.949 12.212 11.460 10.693 9.910 9.112 8.299 7.471 6.628 5.769 6.425 8.180 9.971 11.798 13.662 15.565 17.482 19.382 21.265 23.132 24.982 26.815 26.849 26.138 25.425 24.710 23.994 23.277 22.557 21.837 21.114 20.391 19.665 18.938 20.874
6.323 7.001 7.710 8.449 9.219 10.021 10.853 11.716 12.611 13.536 14.492 15.479 16.336 16.390 16.436 16.472 16.500 16.519 16.530 16.531 16.524 16.483 16.412 16.333 16.273 16.280 16.263 16.222 16.155 16.064 15.948 15.807 15.642 15.452 15.237 14.997 14.562 13.788 12.999 12.194 11.375 10.540 9.690 8.825 7.990 7.266 6.519 5.748 6.241 8.168 10.078 11.971 13.848 15.708 17.552 19.379 21.189 22.983 24.760 26.520 26.810 26.092 25.371 24.650 23.927 23.202 22.476 21.748 21.019 20.288 19.555 18.821 20.353
