DATA/SHG/ECMWF/20170628/EN-45/20170703.en-45.asc
ncols        190
nrows        64
xllcorner    -5100000.000000000000
yllcorner    4130000.000000000000
cellsize     10000.000000000000
NODATA_value  -99999.000
[rows 32 to 63 of 64, columns 72 to 143 of 190]
4.350 4.575 5.141 5.737 6.361 7.013 7.694 8.403 9.142 9.908 10.703 11.527 12.380 13.052 12.672 12.262 11.821 11.349 10.847 10.314 9.751 9.157 8.516 7.834 7.127 6.733 7.490 8.256 9.031 9.815 10.608 11.411 12.222 13.043 13.873 14.712 15.561 15.751 14.674 13.569 12.437 11.276 10.087 8.870 7.625 6.500 5.788 5.085 4.392 5.604 8.871 12.021 15.055 17.971 20.770 23.452 26.016 28.464 30.795 33.009 35.105 35.491 34.759 34.037 33.325 32.621 31.927 31.242 30.566 29.899 29.241 28.593
4.940 5.170 5.835 6.529 7.252 8.004 8.784 9.592 10.430 11.295 12.190 13.112 14.064 14.990 14.504 13.987 13.439 12.861 12.252 11.613 10.943 10.243 9.495 8.705 7.891 7.219 8.016 8.823 9.638 10.463 11.297 12.141 12.993 13.855 14.726 15.606 16.596 17.429 16.682 15.945 15.217 14.498 13.789 13.090 12.399 11.719 11.048 10.386 9.734 10.311 13.061 15.694 18.210 20.609 22.892 25.057 27.105 29.036 30.850 32.547 34.127 34.574 33.883 33.202 32.530 31.867 31.213 30.568 29.933 29.307 28.690 28.082
5.515 5.798 6.500 7.293 8.116 8.966 9.845 10.753 11.689 12.654 13.647 14.669 15.720 16.798 16.361 15.737 15.083 14.399 13.684 12.938 12.162 11.355 10.500 9.603 8.681 7.735 8.531 9.532 11.086 12.583 14.022 15.403 16.727 17.994 19.203 20.354 21.448 22.304 21.598 20.901 20.214 19.537 18.869 18.210 17.561 16.921 16.291 15.670 15.058 15.136 17.369 19.485 21.484 23.367 25.132 26.781 28.312 29.727 31.025 32.206 33.270 33.649 32.999 32.358 31.727 31.104 30.491 29.887 29.292 28.706 28.130 27.563
6.074 6.410 7.137 8.030 8.951 9.901 10.879 11.886 12.921 13.985 15.077 16.198 17.347 18.524 18.244 17.514 16.753 15.962 15.141 15.167 16.219 16.858 16.890 16.380 15.543 14.381 15.380 16.736 18.035 19.277 20.461 21.587 22.656 23.668 24.622 25.518 26.357 27.139 26.497 25.842 25.196 24.559 23.932 23.314 22.706 22.107 21.517 20.937 20.367 20.077 21.794 23.393 24.876 26.242 27.492 28.624 29.640 30.538 31.320 31.985 32.534 32.716 32.107 31.506 30.915 30.333 29.761 29.197 28.643 28.098 27.562 27.035
6.618 7.007 7.747 8.739 9.759 10.808 11.885 12.990 14.124 15.287 16.478 17.698 20.355 24.951 27.967 29.648 30.916 31.773 32.218 32.251 31.872 31.080 29.674 27.718 25.437 22.829 22.894 23.995 25.039 26.026 26.955 27.826 28.641 29.397 30.097 30.738 31.323 31.850 31.380 30.766 30.161 29.565 28.978 28.402 27.834 27.276 26.728 26.189 25.659 25.139 26.335 27.419 28.386 29.236 29.969 30.586 31.086 31.469 31.735 31.885 31.918 31.775 31.206 30.646 30.096 29.554 29.022 28.499 27.985 27.481 26.985 26.499
7.147 7.589 8.329 9.420 10.539 12.648 15.917 19.561 23.580 27.973 32.741 37.884 43.401 49.293 52.553 52.803 52.641 52.067 51.082 49.684 47.876 45.655 42.811 39.411 35.685 31.633 30.462 31.309 32.098 32.830 33.504 34.121 34.681 35.183 35.628 36.015 36.345 36.617 36.247 35.674 35.109 34.554 34.009 33.473 32.946 32.429 31.922 31.423 30.934 30.455 30.994 31.562 32.013 32.348 32.566 32.667 32.651 32.519 32.270 31.904 31.422 30.826 30.297 29.778 29.268 28.767 28.275 27.793 27.319 26.855 26.400 25.954
10.624 12.448 14.794 18.238 22.056 26.248 30.814 35.755 41.070 46.759 52.823 59.261 66.074 73.261 77.485 76.304 74.712 72.709 70.294 67.468 64.230 60.581 56.301 51.457 46.288 40.793 38.086 38.678 39.212 39.690 40.109 40.472 40.777 41.024 41.215 41.348 41.423 41.441 41.098 40.565 40.042 39.528 39.023 38.528 38.042 37.566 37.099 36.642 36.194 35.755 35.770 35.823 35.758 35.578 35.280 34.866 34.336 33.688 32.924 32.044 31.047 29.933 29.380 28.902 28.432 27.971 27.520 27.078 26.645 26.222 25.807 25.402
19.120 21.359 24.138 28.878 33.993 39.481 45.343 51.580 58.191 65.175 72.534 80.267 88.374 96.855 102.761 100.151 97.130 93.698 89.855 85.601 80.935 75.859 70.143 63.857 57.245 50.308 45.764 46.101 46.382 46.604 46.770 46.878 46.928 46.922 46.858 46.736 46.558 46.322 45.933 45.441 44.958 44.485 44.021 43.567 43.122 42.687 42.261 41.844 41.437 41.039 40.663 40.200 39.621 38.925 38.113 37.184 36.139 34.977 33.698 32.304 30.792 29.164 28.455 28.017 27.588 27.168 26.717 26.170 25.614 25.051 24.480 23.901
27.492 30.146 33.118 39.154 45.564 52.348 59.506 67.037 74.943 83.222 91.875 100.901 110.302 120.076 128.382 124.344 119.895 115.035 109.764 104.083 97.991 91.487 84.337 76.609 68.556 60.178 53.497 53.580 53.606 53.574 53.485 53.339 53.136 52.875 52.557 52.182 51.749 51.259 50.752 50.301 49.859 49.426 49.003 48.590 48.186 47.791 47.406 47.030 46.663 46.306 45.673 44.695 43.601 42.391 41.064 39.621 38.061 36.301 34.213 32.139 30.077 28.028 26.998 26.448 25.889 25.323 24.749 24.167 23.578 22.981 22.376 21.763
35.741 38.809 41.996 49.066 56.771 64.849 73.301 82.127 91.326 100.899 110.845 121.165 131.858 142.925 154.347 148.881 143.005 136.719 130.022 122.914 115.396 107.467 98.884 89.715 80.221 70.403 61.284 61.113 60.885 60.599 60.256 59.856 59.399 58.884 58.312 57.683 56.996 56.252 55.555 55.144 54.743 54.352 53.969 53.597 53.233 52.879 52.535 52.199 51.728 50.542 49.001 46.881 44.774 42.679 40.597 38.527 36.470 34.425 32.393 30.373 28.366 26.372 25.176 24.592 23.999 23.399 22.791 22.175 21.552 20.921 20.282 19.635
43.866 47.347 50.948 58.614 67.613 76.985 86.731 96.850 107.342 118.207 129.446 141.058 153.043 165.402 178.134 173.764 166.462 158.750 150.627 142.094 133.151 123.798 113.782 103.173 92.240 80.982 69.399 68.701 68.219 67.680 67.083 66.429 65.718 64.949 64.123 63.240 62.300 61.303 60.342 59.854 58.380 56.968 55.620 54.334 53.111 51.951 50.854 49.819 48.848 47.939 46.730 44.665 42.613 40.573 38.546 36.531 34.529 32.539 30.562 28.597 26.645 24.706 23.365 22.746 22.119 21.485 20.843 20.194 19.536 18.871 18.198 17.518
51.868 55.762 59.777 67.799 78.091 88.756 99.795 111.206 122.990 135.147 147.678 160.581 173.858 187.507 201.530 198.992 190.265 181.127 171.580 161.623 151.256 140.478 129.031 116.983 104.611 91.915 78.894 76.344 75.608 74.815 73.884 71.439 69.042 66.693 64.392 62.139 59.934 57.777 55.677 54.417 53.220 52.086 51.015 50.006 49.060 48.177 47.357 46.599 45.905 45.273 44.449 42.439 40.442 38.457 36.485 34.525 32.578 30.643 28.721 26.811 24.914 23.029 21.563 20.910 20.250 19.582 18.906 18.222 17.531 16.832 16.125 15.411
59.746 64.054 68.481 76.621 88.206 100.163 112.493 125.196 138.271 151.720 165.541 179.735 194.302 209.241 224.554 224.564 214.413 203.851 192.881 181.500 169.710 157.509 141.404 125.368 109.674 94.323 79.315 73.506 71.130 68.801 66.520 64.286 62.101 59.964 57.875 55.833 53.840 51.894 49.996 48.919 47.999 47.142 46.348 45.616 44.947 44.341 43.798 43.317 42.899 42.543 42.159 40.204 38.261 36.331 34.414 32.509 30.616 28.736 26.869 25.014 23.172 21.342 19.772 19.085 18.391 17.689 16.979 16.261 15.536 14.803 14.062 13.314
67.501 72.222 77.062 85.081 97.957 111.205 124.826 138.820 153.186 167.925 183.036 198.520 214.376 230.605 247.206 243.841 225.990 208.570 191.583 175.028 158.905 143.215 128.137 113.609 99.424 85.580 72.079 65.463 63.298 61.181 59.112 57.090 55.117 53.191 51.313 49.483 47.701 45.967 44.281 43.360 42.717 42.137 41.619 41.165 40.772 40.443 40.176 39.972 39.830 39.751 39.735 37.958 36.070 34.195 32.332 30.482 28.645 26.820 25.007 23.207 21.420 19.645 17.990 17.270 16.541 15.805 15.062 14.310 13.551 12.784 12.010 11.227
75.133 80.267 85.520 93.179 107.345 121.884 136.795 152.079 163.107 173.654 183.799 193.540 202.880 211.816 220.350 219.755 203.396 187.469 171.975 156.912 142.281 128.081 114.503 101.482 88.804 76.467 64.473 57.377 55.423 53.518 51.660 49.850 48.088 46.373 44.707 43.088 41.518 39.995 38.520 37.740 37.374 37.070 36.829 36.651 36.535 36.482 36.492 36.564 36.699 36.896 37.156 35.701 33.869 32.048 30.241 28.445 26.663 24.893 23.135 21.390 19.657 17.937 16.229 15.465 14.702 13.932 13.155 12.370 11.577 10.776 9.967 9.151
82.569 85.680 88.654 92.662 103.835 114.606 124.975 134.941 144.505 153.666 162.425 170.782 178.737 186.289 193.438 195.309 180.442 166.006 152.003 138.431 125.290 112.582 100.502 88.987 77.815 66.984 56.495 49.247 47.505 45.811 44.164 42.566 41.015 39.512 38.057 36.649 35.290 33.978 32.714 32.059 31.969 31.942 31.978 32.076 32.236 32.460 32.745 33.094 33.505 33.979 34.515 33.435 31.657 29.892 28.139 26.399 24.671 22.955 21.252 19.562 17.884 16.218 14.566 13.670 12.873 12.070 11.258 10.439 9.612 8.778 7.935 7.085
73.844 76.485 78.989 81.378 91.165 100.551 109.534 118.115 126.294 134.071 141.446 148.419 154.989 161.158 166.924 170.502 157.126 144.181 131.668 119.586 107.935 96.716 86.134 76.125 66.457 57.131 48.147 41.074 39.544 38.060 36.625 35.238 33.898 32.606 31.362 30.166 29.018 27.917 26.864 26.317 26.504 26.753 27.064 27.439 27.875 28.375 28.937 29.561 30.248 30.998 31.810 31.159 29.436 27.725 26.027 24.341 22.668 21.007 19.359 17.724 16.100 14.490 12.892 11.885 11.055 10.217 9.372 8.519 7.658 6.790 5.991 5.378
65.258 67.429 69.463 71.361 78.884 86.885 94.483 101.680 108.475 114.868 120.860 126.449 131.637 136.423 140.807 144.789 133.449 121.993 110.969 100.376 90.215 80.484 71.399 62.894 54.731 46.909 39.428 32.858 31.538 30.266 29.042 27.866 26.737 25.657 24.623 23.638 22.701 21.811 20.969 20.514 20.977 21.502 22.090 22.740 23.453 24.228 25.066 25.966 26.929 27.955 29.043 28.873 27.204 25.548 23.905 22.274 20.655 19.050 17.456 15.875 14.307 12.785 11.414 10.505 9.856 9.221 8.600 7.992 7.399 6.820 6.255 5.704
56.810 58.511 60.076 61.505 66.991 73.607 79.822 85.636 91.048 96.058 100.667 104.874 108.680 112.084 115.086 117.687 109.410 99.444 89.908 80.804 72.130 63.887 56.297 49.296 42.636 36.317 30.339 24.703 23.490 22.429 21.416 20.450 19.532 18.663 17.840 17.066 16.339 15.660 15.029 14.650 15.388 16.190 17.053 17.979 18.968 20.019 21.133 22.309 23.548 24.849 26.213 26.576 24.981 23.544 22.121 20.713 19.318 17.938 16.572 15.221 13.883 12.560 11.251 10.325 9.737 9.163 8.603 8.058 7.526 7.008 6.505 6.015
48.500 49.732 50.828 51.787 55.485 60.718 65.551 69.982 74.011 77.639 80.866 83.692 86.116 88.139 89.761 90.981 85.011 76.533 68.485 60.867 53.680 46.924 40.830 35.331 30.173 25.356 20.880 16.746 15.397 14.547 13.745 12.990 12.284 11.624 11.013 10.449 9.933 9.465 9.044 8.724 9.739 10.816 11.955 13.169 14.865 16.544 18.206 19.849 21.475 23.084 24.675 25.571 24.182 22.807 21.447 20.100 18.768 17.450 16.147 14.857 13.582 12.321 11.074 10.130 9.604 9.091 8.593 8.109 7.639 7.183 6.741 6.313
40.328 41.091 41.718 42.209 44.366 48.217 51.668 54.717 57.365 59.612 61.458 62.903 63.947 64.590 64.831 64.672 60.252 53.260 46.699 40.568 34.867 29.597 24.996 20.999 17.342 14.027 11.052 8.418 7.262 6.622 6.031 5.487 4.991 4.542 4.141 4.483 4.866 5.246 5.623 5.998 7.579 9.252 10.907 12.544 14.163 15.765 17.350 18.917 20.466 21.998 23.512 24.696 23.370 22.057 20.759 19.474 18.204 16.948 15.707 14.479 13.266 12.067 10.882 9.921 9.456 9.006 8.569 8.146 7.737 7.343 6.962 6.596
32.294 32.589 32.747 32.769 33.634 36.104 38.173 39.841 41.109 41.976 42.441 42.506 42.171 41.434 40.296 38.758 35.132 29.626 24.550 19.905 15.689 11.904 8.796 6.300 4.144 2.329 1.869 1.588 1.710 2.101 2.489 2.874 3.256 3.635 4.011 4.384 4.755 5.122 5.486 5.847 7.204 8.799 10.377 11.938 13.481 15.006 16.514 18.004 19.476 20.931 22.368 23.788 22.544 21.293 20.057 18.835 17.627 16.433 15.253 14.088 12.937 11.800 10.677 9.698 9.295 8.906 8.530 8.169 7.822 7.489 7.169 6.864
24.398 24.224 23.913 23.467 23.288 24.378 25.066 25.355 25.242 24.729 23.816 22.502 20.787 18.672 16.156 13.239 9.652 5.631 4.204 3.954 3.696 3.432 3.158 2.874 2.585 2.291 1.991 1.686 1.705 2.083 2.458 2.830 3.200 3.566 3.929 4.289 4.646 5.000 5.352 5.700 6.848 8.366 9.868 11.351 12.817 14.266 15.697 17.110 18.506 19.884 21.244 22.587 21.704 20.515 19.341 18.181 17.035 15.903 14.786 13.682 12.593 11.518 10.458 9.462 9.120 8.792 8.478 8.178 7.892 7.620 7.363 7.119
16.639 15.997 15.218 14.304 13.329 13.038 12.347 11.256 9.765 7.873 5.581 4.821 4.881 4.939 4.995 5.050 5.044 4.784 4.517 4.243 3.963 3.676 3.379 3.072 2.759 2.442 2.119 1.791 1.704 2.069 2.431 2.790 3.146 3.499 3.850 4.197 4.541 4.882 5.221 5.556 6.510 7.952 9.377 10.784 12.173 13.545 14.899 16.236 17.555 18.856 20.140 21.406 20.850 19.724 18.612 17.514 16.430 15.360 14.305 13.263 12.236 11.223 10.224 9.239 8.931 8.664 8.412 8.173 7.949 7.738 7.542 7.359
9.017 7.907 6.661 5.279 4.763 4.817 4.881 4.943 5.003 5.062 5.120 5.175 5.229 5.281 5.332 5.381 5.409 5.125 4.835 4.539 4.236 3.926 3.605 3.275 2.939 2.599 2.253 1.901 1.706 2.058 2.407 2.753 3.096 3.436 3.774 4.108 4.439 4.767 5.093 5.415 6.192 7.558 8.905 10.236 11.548 12.843 14.121 15.381 16.623 17.848 19.055 20.245 19.983 18.919 17.869 16.833 15.811 14.803 13.809 12.830 11.865 10.914 9.977 9.054 8.728 8.523 8.331 8.154 7.991 7.842 7.707 7.585
5.628 5.496 5.376 5.270 5.176 5.207 5.265 5.322 5.377 5.430 5.481 5.531 5.579 5.625 5.670 5.713 5.755 5.472 5.159 4.840 4.514 4.181 3.837 3.484 3.125 2.761 2.392 2.018 1.711 2.050 2.386 2.719 3.049 3.377 3.701 4.022 4.341 4.656 4.968 5.278 5.893 7.182 8.453 9.706 10.942 12.161 13.362 14.545 15.711 16.859 17.989 19.103 19.103 18.100 17.112 16.138 15.178 14.232 13.300 12.383 11.479 10.590 9.715 8.854 8.511 8.367 8.237 8.121 8.019 7.931 7.857 7.797
5.852 5.764 5.688 5.626 5.576 5.599 5.651 5.702 5.751 5.798 5.844 5.888 5.930 5.971 6.009 6.047 6.082 5.825 5.489 5.147 4.798 4.442 4.075 3.699 3.317 2.930 2.537 2.140 1.737 2.045 2.368 2.689 3.006 3.320 3.632 3.940 4.245 4.548 4.847 5.144 5.613 6.825 8.020 9.197 10.356 11.498 12.622 13.729 14.818 15.889 16.943 17.980 18.208 17.268 16.341 15.429 14.531 13.647 12.777 11.922 11.080 10.253 9.440 8.641 8.280 8.197 8.183 8.300 8.371 8.397 8.377 8.312
6.063 6.019 5.988 5.970 5.964 5.992 6.038 6.083 6.126 6.168 6.208 6.246 6.282 6.317 6.350 6.381 6.411 6.183 5.825 5.459 5.087 4.709 4.319 3.919 3.514 3.104 2.688 2.267 1.842 2.044 2.354 2.661 2.966 3.267 3.565 3.861 4.153 4.443 4.729 5.013 5.352 6.488 7.605 8.706 9.789 10.854 11.901 12.932 13.944 14.939 15.917 16.877 17.301 16.422 15.557 14.707 13.871 13.061 12.378 11.770 11.236 10.777 10.392 10.082 9.977 9.985 9.948 9.865 9.736 9.562 9.342 9.076
6.261 6.262 6.275 6.301 6.340 6.386 6.426 6.465 6.503 6.538 6.572 6.605 6.635 6.664 6.692 6.717 6.741 6.547 6.166 5.777 5.383 4.981 4.568 4.145 3.717 3.284 2.845 2.401 1.952 2.046 2.343 2.637 2.929 3.217 3.503 3.785 4.065 4.341 4.615 4.886 5.153 6.169 7.210 8.234 9.240 10.229 11.200 12.154 13.089 13.948 14.783 15.593 16.120 15.391 14.736 14.156 13.650 13.219 12.863 12.581 12.374 12.241 12.183 12.200 12.185 11.993 11.756 11.473 11.145 10.770 10.351 9.885
6.448 6.492 6.550 6.620 6.703 6.781 6.816 6.849 6.880 6.910 6.938 6.965 6.990 7.013 7.034 7.054 7.072 6.917 6.513 6.101 5.684 5.259 4.823 4.377 3.926 3.469 3.008 2.541 2.068 2.051 2.335 2.616 2.895 3.170 3.443 3.713 3.979 4.243 4.504 4.761 4.993 5.814 6.739 7.639 8.514 9.365 10.190 10.991 11.767 12.518 13.244 13.945 14.568 14.165 13.837 13.583 13.405 13.300 13.270 13.315 13.434 13.628 13.897 14.240 14.437 14.046 13.609 13.126 12.597 12.024 11.404 10.739
6.622 6.710 6.812 6.926 7.053 7.177 7.206 7.233 7.259 7.283 7.305 7.326 7.345 7.362 7.378 7.392 7.404 7.293 6.865 6.431 5.990 5.543 5.084 4.615 4.140 3.661 3.176 2.686 2.190 2.059 2.330 2.605 2.872 3.128 3.375 3.611 3.837 4.052 4.258 4.453 4.638 5.280 6.096 6.888 7.654 8.396 9.113 9.805 10.472 11.115 11.732 12.325 12.893 12.863 12.861 12.934 13.082 13.304 13.601 13.972 14.417 14.938 15.532 16.201 16.733 16.142 15.505 14.823 14.095 13.321 12.502 11.637
6.783 6.916 7.062 7.220 7.392 7.574 7.597 7.619 7.639 7.657 7.674 7.689 7.702 7.713 7.723 7.731 7.738 7.674 7.223 6.766 6.303 5.832 5.341 4.842 4.347 3.857 3.370 2.888 2.410 2.189 2.431 2.664 2.886 3.098 3.299 3.490 3.672 3.843 4.003 4.154 4.294 4.773 5.481 6.163 6.822 7.455 8.063 8.647 9.205 9.739 10.248 10.732 11.192 11.484 11.809 12.209 12.682 13.231 13.854 14.551 15.323 16.169 17.090 18.085 19.073 18.282 17.446 16.564 15.636 14.663 13.644 12.580
