DATA/SHG/ECMWF/20170628/EN-45/20170708.en-45.asc
ncols        190
nrows        64
xllcorner    -5100000.000000000000
yllcorner    4130000.000000000000
cellsize     10000.000000000000
NODATA_value  -99999.000
[rows 0 to 32 of 64, columns 0 to 74 of 190]
0.715 0.730 0.741 0.748 0.751 0.749 0.744 0.734 0.720 0.692 0.664 0.638 0.616 0.596 0.580 0.567 0.556 0.549 0.544 0.561 0.582 0.630 0.686 0.738 0.786 0.829 0.868 0.903 0.933 0.959 0.980 0.997 1.010 1.026 1.045 1.065 1.086 1.106 1.128 1.149 1.171 1.194 1.216 1.240 1.263 1.270 1.261 1.249 1.235 1.218 1.199 1.177 1.152 1.126 1.096 1.065 1.030 1.029 1.072 1.118 1.166 1.216 1.270 1.325 1.384 1.445 1.508 1.575 1.644 1.687 1.680 1.662 1.634 1.595 1.546
0.640 0.641 0.637 0.629 0.617 0.601 0.580 0.556 0.527 0.502 0.484 0.470 0.497 0.524 0.550 0.574 0.596 0.617 0.636 0.653 0.668 0.699 0.740 0.776 0.809 0.837 0.860 0.879 0.894 0.905 0.911 0.912 0.910 0.916 0.937 0.959 0.981 1.003 1.025 1.048 1.072 1.096 1.120 1.145 1.170 1.179 1.161 1.140 1.117 1.091 1.063 1.033 1.000 0.964 0.926 0.886 0.843 0.828 0.880 0.935 0.992 1.052 1.114 1.179 1.247 1.317 1.390 1.466 1.544 1.595 1.551 1.496 1.432 1.357 1.271
0.570 0.556 0.537 0.515 0.495 0.502 0.512 0.523 0.537 0.558 0.584 0.609 0.632 0.653 0.673 0.691 0.707 0.722 0.735 0.746 0.756 0.772 0.798 0.819 0.836 0.848 0.857 0.860 0.860 0.855 0.846 0.832 0.814 0.807 0.829 0.852 0.875 0.899 0.923 0.947 0.972 0.998 1.023 1.049 1.076 1.090 1.063 1.033 1.002 0.967 0.931 0.891 0.850 0.805 0.759 0.710 0.658 0.625 0.686 0.750 0.816 0.885 0.957 1.031 1.108 1.187 1.269 1.354 1.443 1.514 1.472 1.447 1.436 1.442 1.463
0.579 0.585 0.594 0.605 0.617 0.632 0.649 0.668 0.689 0.712 0.732 0.751 0.768 0.784 0.797 0.809 0.820 0.829 0.836 0.841 0.845 0.850 0.860 0.866 0.868 0.865 0.858 0.846 0.830 0.810 0.785 0.756 0.723 0.697 0.721 0.745 0.770 0.795 0.820 0.846 0.873 0.899 0.926 0.954 0.982 1.003 0.967 0.929 0.889 0.846 0.801 0.753 0.702 0.649 0.594 0.536 0.476 0.420 0.490 0.563 0.641 0.744 0.843 0.938 1.030 1.117 1.201 1.281 1.358 1.430 1.445 1.474 1.519 1.580 1.656
0.670 0.684 0.699 0.718 0.738 0.760 0.784 0.811 0.839 0.867 0.882 0.895 0.906 0.915 0.923 0.930 0.934 0.937 0.938 0.938 0.936 0.933 0.927 0.918 0.904 0.886 0.863 0.836 0.805 0.770 0.730 0.685 0.637 0.587 0.612 0.638 0.664 0.690 0.717 0.745 0.772 0.801 0.829 0.858 0.887 0.917 0.875 0.828 0.779 0.727 0.673 0.617 0.558 0.502 0.467 0.435 0.408 0.384 0.474 0.572 0.665 0.755 0.841 0.923 1.001 1.075 1.146 1.213 1.276 1.335 1.403 1.487 1.587 1.702 1.833
0.758 0.779 0.803 0.828 0.855 0.885 0.917 0.951 0.986 1.024 1.033 1.040 1.045 1.049 1.051 1.051 1.050 1.047 1.043 1.036 1.029 1.019 0.999 0.974 0.945 0.911 0.874 0.831 0.785 0.734 0.679 0.619 0.555 0.487 0.503 0.530 0.558 0.586 0.614 0.643 0.672 0.702 0.732 0.762 0.793 0.824 0.786 0.737 0.693 0.652 0.615 0.582 0.552 0.527 0.505 0.487 0.473 0.463 0.529 0.613 0.693 0.770 0.842 0.911 0.976 1.037 1.095 1.148 1.198 1.244 1.347 1.485 1.640 1.810 1.996
0.844 0.872 0.903 0.936 0.971 1.008 1.047 1.088 1.131 1.177 1.186 1.187 1.186 1.184 1.180 1.175 1.168 1.159 1.148 1.136 1.123 1.107 1.075 1.035 0.990 0.941 0.888 0.831 0.769 0.703 0.632 0.557 0.478 0.394 0.394 0.422 0.451 0.481 0.511 0.544 0.578 0.612 0.644 0.674 0.703 0.731 0.713 0.678 0.647 0.620 0.596 0.576 0.560 0.548 0.540 0.536 0.535 0.538 0.587 0.658 0.725 0.788 0.847 0.903 0.955 1.003 1.047 1.087 1.124 1.157 1.275 1.469 1.678 1.903 2.143
0.927 0.963 1.001 1.041 1.084 1.128 1.174 1.223 1.274 1.326 1.340 1.335 1.329 1.321 1.311 1.300 1.287 1.272 1.256 1.238 1.218 1.197 1.155 1.100 1.040 0.976 0.908 0.835 0.758 0.676 0.590 0.500 0.410 0.322 0.311 0.348 0.383 0.417 0.449 0.480 0.510 0.539 0.566 0.592 0.617 0.640 0.637 0.615 0.597 0.583 0.573 0.567 0.564 0.566 0.571 0.580 0.593 0.609 0.649 0.707 0.760 0.810 0.856 0.898 0.937 0.972 1.003 1.030 1.053 1.073 1.189 1.437 1.701 1.981 2.276
1.008 1.051 1.097 1.144 1.194 1.246 1.299 1.355 1.413 1.473 1.496 1.485 1.473 1.459 1.443 1.426 1.407 1.387 1.365 1.341 1.316 1.289 1.240 1.170 1.095 1.000 0.905 0.813 0.722 0.634 0.547 0.463 0.380 0.299 0.272 0.304 0.334 0.364 0.392 0.418 0.444 0.468 0.490 0.512 0.532 0.551 0.557 0.548 0.544 0.544 0.547 0.554 0.565 0.579 0.598 0.620 0.646 0.676 0.714 0.759 0.799 0.836 0.869 0.898 0.923 0.944 0.962 0.976 0.986 0.993 1.088 1.391 1.710 2.044 2.394
1.087 1.137 1.190 1.245 1.302 1.361 1.422 1.485 1.551 1.618 1.653 1.637 1.618 1.599 1.577 1.554 1.530 1.499 1.439 1.380 1.322 1.264 1.194 1.101 1.009 0.920 0.832 0.747 0.663 0.582 0.502 0.424 0.348 0.274 0.234 0.261 0.287 0.312 0.336 0.358 0.378 0.398 0.416 0.433 0.448 0.463 0.473 0.478 0.487 0.500 0.517 0.537 0.561 0.589 0.621 0.657 0.696 0.740 0.783 0.814 0.842 0.865 0.885 0.900 0.913 0.921 0.925 0.926 0.923 0.916 0.973 1.330 1.704 2.092 2.497
1.163 1.221 1.281 1.343 1.407 1.474 1.542 1.613 1.685 1.760 1.798 1.735 1.672 1.611 1.550 1.491 1.432 1.374 1.317 1.262 1.207 1.153 1.092 1.006 0.921 0.838 0.758 0.679 0.602 0.527 0.455 0.384 0.315 0.248 0.198 0.221 0.242 0.262 0.281 0.298 0.315 0.329 0.343 0.355 0.366 0.376 0.385 0.404 0.426 0.453 0.483 0.516 0.554 0.596 0.641 0.690 0.743 0.799 0.856 0.874 0.888 0.898 0.904 0.907 0.906 0.901 0.892 0.880 0.864 0.844 0.843 1.255 1.683 2.126 2.590
1.236 1.302 1.369 1.421 1.458 1.493 1.528 1.562 1.595 1.627 1.649 1.589 1.530 1.472 1.415 1.358 1.303 1.249 1.195 1.142 1.091 1.040 0.988 0.908 0.831 0.755 0.681 0.609 0.539 0.471 0.405 0.341 0.279 0.219 0.163 0.181 0.198 0.213 0.228 0.241 0.252 0.262 0.271 0.279 0.285 0.291 0.294 0.326 0.362 0.401 0.445 0.492 0.543 0.598 0.657 0.719 0.785 0.855 0.929 0.937 0.937 0.934 0.928 0.917 0.903 0.885 0.863 0.849 0.847 0.850 0.858 1.298 1.780 2.268 2.760
1.173 1.209 1.244 1.278 1.312 1.344 1.376 1.407 1.438 1.467 1.496 1.443 1.387 1.332 1.278 1.225 1.173 1.122 1.072 1.022 0.974 0.927 0.880 0.810 0.739 0.670 0.603 0.538 0.475 0.413 0.354 0.297 0.241 0.188 0.137 0.143 0.155 0.166 0.176 0.184 0.191 0.197 0.201 0.204 0.206 0.207 0.206 0.245 0.294 0.347 0.403 0.464 0.528 0.596 0.668 0.744 0.824 0.907 0.994 1.003 0.983 0.963 0.949 0.939 0.934 0.935 0.940 0.951 0.967 0.987 1.013 1.409 1.909 2.414 2.924
1.039 1.072 1.104 1.136 1.167 1.196 1.226 1.254 1.281 1.308 1.334 1.296 1.243 1.192 1.141 1.091 1.043 0.995 0.948 0.902 0.857 0.812 0.769 0.709 0.645 0.582 0.522 0.464 0.408 0.353 0.301 0.251 0.202 0.155 0.111 0.106 0.114 0.120 0.125 0.129 0.131 0.133 0.132 0.131 0.128 0.124 0.119 0.159 0.222 0.288 0.358 0.432 0.510 0.587 0.662 0.736 0.809 0.880 0.950 0.964 0.957 0.955 0.958 0.966 0.979 0.997 1.020 1.048 1.081 1.119 1.163 1.515 2.033 2.556 3.084
0.906 0.936 0.966 0.995 1.023 1.050 1.076 1.101 1.126 1.150 1.173 1.148 1.099 1.050 1.003 0.957 0.911 0.867 0.823 0.780 0.738 0.697 0.658 0.606 0.549 0.493 0.440 0.389 0.339 0.292 0.246 0.202 0.161 0.121 0.083 0.071 0.074 0.076 0.076 0.075 0.073 0.070 0.065 0.059 0.052 0.043 0.045 0.092 0.171 0.249 0.325 0.399 0.473 0.545 0.615 0.684 0.752 0.818 0.883 0.916 0.926 0.942 0.962 0.988 1.018 1.054 1.095 1.140 1.191 1.247 1.308 1.616 2.151 2.692 3.238
0.775 0.802 0.829 0.855 0.880 0.904 0.927 0.950 0.972 0.993 1.013 0.999 0.953 0.908 0.864 0.821 0.779 0.738 0.697 0.658 0.619 0.582 0.545 0.501 0.451 0.402 0.356 0.311 0.269 0.228 0.189 0.152 0.117 0.084 0.053 0.037 0.035 0.033 0.029 0.031 0.034 0.036 0.038 0.040 0.042 0.044 0.047 0.080 0.155 0.227 0.298 0.368 0.437 0.504 0.569 0.634 0.696 0.758 0.818 0.863 0.891 0.924 0.962 1.005 1.053 1.106 1.165 1.228 1.296 1.369 1.447 1.712 2.265 2.824 3.387
0.644 0.669 0.693 0.716 0.738 0.759 0.780 0.800 0.819 0.837 0.854 0.850 0.807 0.766 0.725 0.685 0.646 0.608 0.571 0.535 0.499 0.465 0.432 0.395 0.351 0.310 0.270 0.232 0.196 0.162 0.130 0.102 0.080 0.058 0.037 0.024 0.026 0.028 0.030 0.032 0.034 0.036 0.038 0.041 0.043 0.045 0.048 0.070 0.139 0.207 0.273 0.338 0.402 0.464 0.525 0.584 0.642 0.699 0.754 0.805 0.850 0.901 0.957 1.017 1.083 1.154 1.229 1.310 1.396 1.487 1.582 1.802 2.374 2.950 3.531
0.515 0.536 0.558 0.578 0.597 0.616 0.634 0.651 0.667 0.682 0.697 0.700 0.660 0.622 0.584 0.548 0.512 0.477 0.444 0.411 0.379 0.348 0.318 0.287 0.255 0.230 0.206 0.182 0.159 0.137 0.116 0.095 0.075 0.056 0.038 0.023 0.025 0.028 0.030 0.032 0.034 0.037 0.039 0.042 0.044 0.047 0.049 0.061 0.126 0.189 0.250 0.310 0.369 0.426 0.482 0.536 0.589 0.641 0.691 0.742 0.805 0.873 0.946 1.025 1.108 1.196 1.289 1.388 1.491 1.599 1.712 1.888 2.477 3.071 3.670
0.386 0.405 0.424 0.441 0.458 0.473 0.488 0.503 0.516 0.529 0.540 0.549 0.513 0.478 0.443 0.410 0.378 0.354 0.337 0.319 0.302 0.285 0.269 0.252 0.229 0.207 0.185 0.164 0.144 0.124 0.106 0.087 0.070 0.054 0.038 0.023 0.025 0.028 0.030 0.032 0.035 0.037 0.040 0.042 0.045 0.048 0.050 0.054 0.113 0.171 0.228 0.283 0.337 0.389 0.440 0.490 0.538 0.585 0.630 0.674 0.755 0.841 0.932 1.027 1.128 1.234 1.344 1.460 1.581 1.707 1.838 1.973 2.575 3.187 3.804
0.259 0.275 0.291 0.305 0.319 0.332 0.344 0.356 0.366 0.376 0.397 0.420 0.405 0.386 0.368 0.351 0.333 0.316 0.300 0.284 0.268 0.252 0.238 0.223 0.203 0.183 0.164 0.146 0.128 0.111 0.095 0.079 0.064 0.050 0.037 0.024 0.025 0.028 0.030 0.033 0.035 0.038 0.040 0.043 0.046 0.049 0.052 0.054 0.102 0.155 0.207 0.258 0.306 0.354 0.400 0.445 0.488 0.530 0.571 0.610 0.700 0.804 0.912 1.025 1.143 1.266 1.395 1.528 1.666 1.809 1.958 2.111 2.669 3.298 3.922
0.133 0.146 0.159 0.186 0.212 0.238 0.262 0.285 0.308 0.329 0.349 0.368 0.360 0.342 0.326 0.309 0.293 0.278 0.263 0.248 0.234 0.220 0.206 0.193 0.176 0.159 0.142 0.126 0.111 0.097 0.083 0.070 0.058 0.046 0.035 0.025 0.025 0.027 0.030 0.033 0.035 0.038 0.041 0.044 0.047 0.050 0.053 0.056 0.093 0.141 0.188 0.233 0.277 0.320 0.361 0.401 0.440 0.477 0.512 0.547 0.641 0.761 0.887 1.018 1.154 1.294 1.440 1.584 1.715 1.841 1.962 2.078 2.546 3.152 3.762
0.090 0.116 0.141 0.165 0.187 0.209 0.230 0.249 0.268 0.286 0.302 0.318 0.314 0.298 0.283 0.268 0.253 0.239 0.225 0.212 0.199 0.186 0.174 0.162 0.148 0.134 0.119 0.106 0.094 0.082 0.071 0.060 0.050 0.041 0.033 0.026 0.025 0.027 0.030 0.033 0.036 0.039 0.042 0.045 0.048 0.051 0.054 0.057 0.085 0.128 0.170 0.211 0.250 0.288 0.324 0.359 0.393 0.425 0.456 0.485 0.585 0.733 0.877 1.015 1.149 1.277 1.401 1.520 1.634 1.743 1.846 1.945 2.350 2.972 3.599
0.081 0.103 0.124 0.145 0.164 0.182 0.199 0.215 0.230 0.244 0.256 0.268 0.268 0.253 0.239 0.226 0.213 0.200 0.187 0.175 0.164 0.152 0.142 0.131 0.120 0.108 0.096 0.085 0.075 0.066 0.057 0.050 0.042 0.036 0.030 0.025 0.024 0.027 0.030 0.033 0.036 0.039 0.042 0.045 0.048 0.052 0.055 0.058 0.078 0.116 0.154 0.189 0.224 0.263 0.307 0.353 0.400 0.450 0.501 0.555 0.646 0.777 0.904 1.025 1.141 1.253 1.359 1.461 1.557 1.649 1.736 1.818 2.151 2.789 3.431
0.073 0.091 0.109 0.126 0.141 0.155 0.169 0.181 0.192 0.203 0.212 0.220 0.221 0.208 0.196 0.183 0.172 0.160 0.149 0.138 0.128 0.118 0.109 0.100 0.091 0.081 0.072 0.064 0.056 0.050 0.044 0.038 0.034 0.030 0.027 0.024 0.024 0.027 0.030 0.033 0.036 0.039 0.043 0.046 0.049 0.052 0.057 0.061 0.077 0.118 0.161 0.206 0.253 0.301 0.352 0.404 0.458 0.515 0.573 0.632 0.712 0.826 0.935 1.039 1.138 1.232 1.322 1.406 1.486 1.560 1.630 1.695 1.947 2.601 3.259
0.066 0.081 0.095 0.108 0.119 0.130 0.140 0.149 0.156 0.163 0.168 0.173 0.174 0.163 0.151 0.141 0.130 0.120 0.111 0.101 0.092 0.084 0.076 0.068 0.061 0.054 0.047 0.042 0.037 0.032 0.029 0.026 0.024 0.023 0.022 0.022 0.023 0.027 0.030 0.034 0.039 0.043 0.047 0.052 0.056 0.060 0.065 0.069 0.081 0.128 0.178 0.229 0.283 0.338 0.395 0.454 0.515 0.577 0.642 0.708 0.782 0.879 0.971 1.058 1.140 1.217 1.289 1.357 1.419 1.476 1.529 1.577 1.740 2.409 3.083
0.061 0.071 0.082 0.091 0.099 0.106 0.112 0.117 0.121 0.124 0.126 0.127 0.127 0.117 0.107 0.098 0.089 0.080 0.072 0.064 0.056 0.049 0.043 0.036 0.030 0.026 0.022 0.019 0.016 0.015 0.014 0.013 0.017 0.020 0.023 0.026 0.029 0.034 0.038 0.043 0.047 0.051 0.056 0.060 0.064 0.068 0.073 0.077 0.083 0.137 0.193 0.251 0.311 0.373 0.436 0.502 0.569 0.638 0.709 0.782 0.857 0.937 1.012 1.081 1.146 1.206 1.261 1.312 1.357 1.397 1.433 1.463 1.528 2.213 2.903
0.067 0.063 0.070 0.075 0.080 0.083 0.086 0.087 0.088 0.087 0.085 0.083 0.079 0.071 0.062 0.054 0.046 0.039 0.032 0.026 0.020 0.014 0.009 0.004 0.000 0.003 0.006 0.009 0.012 0.015 0.018 0.022 0.025 0.028 0.032 0.035 0.038 0.043 0.047 0.051 0.055 0.060 0.064 0.068 0.072 0.077 0.081 0.085 0.089 0.144 0.207 0.271 0.337 0.406 0.476 0.548 0.621 0.697 0.775 0.854 0.935 0.999 1.057 1.110 1.157 1.200 1.238 1.271 1.300 1.323 1.341 1.354 1.363 2.013 2.719
0.076 0.056 0.059 0.061 0.062 0.062 0.061 0.058 0.055 0.051 0.045 0.039 0.032 0.024 0.017 0.010 0.004 0.001 0.002 0.004 0.005 0.006 0.007 0.008 0.008 0.010 0.013 0.017 0.020 0.023 0.026 0.030 0.033 0.037 0.040 0.044 0.047 0.051 0.056 0.060 0.064 0.068 0.072 0.077 0.081 0.085 0.089 0.093 0.097 0.149 0.218 0.289 0.362 0.437 0.513 0.592 0.672 0.754 0.838 0.924 1.012 1.066 1.107 1.143 1.173 1.199 1.220 1.236 1.247 1.253 1.254 1.251 1.242 1.809 2.530
0.088 0.050 0.049 0.048 0.045 0.041 0.036 0.031 0.024 0.016 0.014 0.016 0.011 0.008 0.010 0.012 0.013 0.014 0.015 0.016 0.016 0.017 0.017 0.016 0.016 0.018 0.021 0.024 0.028 0.031 0.034 0.038 0.041 0.045 0.049 0.052 0.056 0.060 0.064 0.068 0.072 0.077 0.081 0.085 0.089 0.093 0.097 0.101 0.105 0.152 0.228 0.305 0.385 0.466 0.549 0.634 0.721 0.809 0.900 0.992 1.086 1.138 1.162 1.180 1.194 1.202 1.206 1.205 1.199 1.188 1.172 1.152 1.126 1.601 2.338
0.104 0.045 0.041 0.057 0.081 0.099 0.110 0.115 0.113 0.106 0.091 0.071 0.044 0.026 0.027 0.027 0.028 0.028 0.028 0.028 0.028 0.027 0.027 0.026 0.024 0.025 0.028 0.032 0.035 0.039 0.042 0.046 0.050 0.053 0.057 0.061 0.065 0.069 0.073 0.077 0.081 0.085 0.089 0.093 0.097 0.101 0.105 0.109 0.113 0.153 0.236 0.320 0.405 0.493 0.583 0.674 0.767 0.862 0.959 1.058 1.159 1.215 1.221 1.222 1.219 1.211 1.197 1.179 1.162 1.147 1.123 1.088 1.044 1.399 2.109
0.310 0.274 0.289 0.297 0.298 0.294 0.283 0.265 0.242 0.212 0.176 0.133 0.084 0.043 0.043 0.043 0.043 0.043 0.042 0.041 0.040 0.038 0.037 0.035 0.033 0.032 0.036 0.039 0.043 0.047 0.050 0.054 0.058 0.062 0.066 0.069 0.073 0.077 0.081 0.086 0.090 0.094 0.098 0.101 0.105 0.109 0.113 0.117 0.121 0.153 0.241 0.332 0.424 0.518 0.614 0.712 0.812 0.914 1.017 1.122 1.230 1.312 1.331 1.340 1.340 1.330 1.310 1.281 1.242 1.193 1.135 1.067 0.989 1.208 1.884
0.609 0.565 0.557 0.543 0.522 0.495 0.462 0.423 0.377 0.325 0.266 0.202 0.130 0.061 0.060 0.059 0.058 0.057 0.056 0.054 0.052 0.050 0.047 0.044 0.041 0.039 0.043 0.047 0.050 0.054 0.058 0.062 0.066 0.070 0.074 0.078 0.082 0.086 0.090 0.094 0.098 0.102 0.106 0.110 0.114 0.117 0.121 0.125 0.129 0.150 0.246 0.342 0.441 0.542 0.671 0.819 0.965 1.109 1.252 1.393 1.532 1.637 1.622 1.598 1.564 1.520 1.467 1.403 1.331 1.248 1.156 1.055 0.943 1.025 1.669
0.906 0.863 0.832 0.795 0.752 0.704 0.648 0.587 0.519 0.444 0.364 0.277 0.184 0.084 0.077 0.076 0.074 0.072 0.069 0.067 0.064 0.061 0.058 0.054 0.050 0.046 0.050 0.054 0.058 0.062 0.066 0.070 0.074 0.078 0.082 0.086 0.091 0.095 0.099 0.103 0.107 0.110 0.114 0.118 0.122 0.126 0.129 0.170 0.228 0.293 0.443 0.591 0.738 0.883 1.026 1.168 1.309 1.447 1.585 1.720 1.854 1.970 1.922 1.864 1.796 1.719 1.632 1.535 1.429 1.313 1.187 1.051 0.906 0.852 1.463
