DATA/SHG/ECMWF/20170628/EN-45/20170706.en-45.asc
ncols        190
nrows        64
xllcorner    -5100000.000000000000
yllcorner    4130000.000000000000
cellsize     10000.000000000000
NODATA_value  -99999.000
[rows 32 to 63 of 64, columns 0 to 71 of 190]
9.463 9.430 9.202 8.966 8.742 8.531 8.332 8.145 7.970 7.808 7.657 7.519 7.394 7.280 7.334 7.384 7.421 7.444 7.454 7.451 7.434 7.404 7.361 7.305 7.235 7.152 7.399 7.659 7.927 8.202 8.484 8.774 9.071 9.375 9.687 10.007 10.333 10.661 10.659 10.654 10.645 10.631 10.614 10.593 10.568 10.539 10.506 10.728 10.930 10.960 10.705 10.394 10.025 9.600 9.118 8.579 7.984 7.332 6.623 5.857 5.035 4.236 4.189 4.133 4.068 3.994 3.911 3.818 3.717 3.607 3.488 3.360
10.235 10.229 10.074 9.880 9.699 9.530 9.374 9.229 9.097 8.977 8.869 8.774 8.690 8.619 8.618 8.622 8.612 8.588 8.552 8.502 8.439 8.362 8.272 8.169 8.053 7.923 8.134 8.420 8.713 9.014 9.322 9.637 9.960 10.290 10.628 10.973 11.326 11.685 11.716 11.697 12.426 13.193 13.799 14.244 14.528 14.651 14.614 14.415 14.055 13.535 13.067 12.557 11.991 11.368 10.688 9.951 9.158 8.308 7.402 6.439 5.419 4.342 4.219 4.131 4.035 3.930 3.815 3.692 3.560 3.418 3.268 3.109
10.998 11.018 10.931 10.780 10.642 10.515 10.401 10.299 10.209 10.132 10.066 10.013 9.972 9.944 9.915 9.872 9.815 9.745 9.662 9.565 9.456 9.332 9.196 9.046 8.883 8.707 8.860 9.172 9.491 9.817 10.151 10.492 10.841 12.056 13.455 14.968 16.594 18.335 19.306 19.833 20.199 20.404 20.449 20.332 20.055 19.617 19.018 18.258 17.337 16.255 15.482 14.774 14.010 13.189 12.311 11.377 10.387 9.339 8.235 7.074 5.857 4.583 4.257 4.139 4.011 3.874 3.729 3.574 3.411 3.238 3.057 2.866
11.751 11.798 11.774 11.666 11.570 11.486 11.414 11.354 11.307 11.272 11.249 11.238 11.240 11.253 11.225 11.135 11.032 10.915 10.785 10.642 10.485 10.315 10.132 9.936 9.726 9.525 10.154 11.153 12.265 13.492 14.831 16.285 17.852 19.533 21.327 23.236 25.257 27.393 28.356 28.321 28.125 27.769 27.252 26.574 25.736 24.737 23.577 22.256 20.775 19.133 17.950 17.044 16.082 15.064 13.989 12.857 11.669 10.424 9.123 7.765 6.350 4.879 4.304 4.155 3.996 3.828 3.651 3.465 3.271 3.067 2.854 2.633
12.495 12.568 12.602 12.537 12.483 12.441 12.412 12.395 12.390 12.397 12.417 12.448 12.492 12.548 12.547 12.410 12.260 12.097 11.976 12.143 12.349 12.593 12.876 13.197 13.557 13.956 14.736 16.131 17.639 19.261 20.996 22.845 24.807 26.883 29.073 31.376 33.793 36.323 37.558 36.961 36.205 35.287 34.209 32.971 31.571 30.011 28.291 26.410 24.368 22.166 20.471 19.368 18.209 16.993 15.720 14.391 13.006 11.563 10.065 8.509 6.898 5.229 4.360 4.179 3.989 3.790 3.582 3.365 3.139 2.905 2.661 2.408
13.229 13.329 13.416 13.393 13.382 13.383 13.396 13.421 13.458 13.508 13.570 13.723 14.049 14.353 14.604 14.751 14.936 15.160 15.423 15.724 16.063 16.442 16.858 17.314 17.807 18.340 19.193 20.983 22.887 24.904 27.034 29.278 31.636 34.106 36.691 39.389 42.200 45.125 46.911 45.754 44.436 42.958 41.320 39.521 37.561 35.441 33.161 30.719 28.118 25.356 23.045 21.745 20.388 18.975 17.505 15.979 14.396 12.757 11.061 9.309 7.500 5.634 4.424 4.212 3.991 3.761 3.522 3.274 3.017 2.751 2.476 2.192
13.954 14.080 14.215 14.235 14.436 14.844 15.228 15.589 15.927 16.242 16.533 16.801 17.046 17.268 17.469 17.750 18.070 18.428 18.824 19.259 19.733 20.245 20.795 21.384 22.012 22.678 23.526 25.711 28.010 30.421 32.947 35.585 38.338 41.203 44.182 47.274 50.480 53.799 56.416 54.699 52.821 50.782 48.584 46.224 43.705 41.025 38.185 35.184 32.023 28.702 25.672 24.175 22.621 21.011 19.344 17.620 15.840 14.004 12.111 10.162 8.156 6.094 4.497 4.254 4.002 3.740 3.470 3.191 2.903 2.606 2.608 2.812
15.824 16.515 17.307 17.758 18.107 18.433 18.735 19.015 19.271 19.504 19.714 19.900 20.064 20.204 20.321 20.705 21.158 21.650 22.180 22.749 23.356 24.002 24.686 25.409 26.170 26.970 27.808 30.314 33.007 35.814 38.734 41.767 44.913 48.173 51.547 55.033 58.633 62.346 66.073 63.795 61.357 58.759 56.001 53.082 50.003 46.764 43.364 39.804 36.084 32.204 28.353 26.658 24.907 23.100 21.236 19.316 17.339 15.306 13.216 11.070 8.867 6.608 4.579 4.643 4.866 5.083 5.295 5.502 5.703 5.899 6.089 6.275
18.756 19.800 20.946 21.530 21.797 22.042 22.263 22.461 22.636 22.787 22.916 23.021 23.103 23.161 23.197 23.614 24.201 24.827 25.491 26.193 26.934 27.714 28.532 29.388 30.283 31.216 32.188 34.792 37.880 41.081 44.395 47.822 51.363 55.017 58.784 62.665 66.659 70.766 74.986 73.044 70.046 66.889 63.571 60.093 56.455 52.656 48.698 44.579 40.301 35.862 31.263 29.195 27.247 25.242 23.182 21.064 19.307 17.614 15.848 14.008 12.095 10.108 8.051 8.260 8.464 8.662 8.855 9.042 9.224 9.401 9.572 9.738
21.571 22.970 24.469 25.323 25.509 25.672 25.811 25.928 26.021 26.091 26.138 26.162 26.163 26.140 26.094 26.479 27.199 27.959 28.756 29.592 30.467 31.380 32.331 33.321 34.349 35.416 36.521 39.146 42.628 46.223 49.931 53.752 57.687 61.735 65.896 70.170 74.557 79.058 83.671 82.444 78.888 75.171 71.294 67.257 63.060 58.703 54.186 49.509 44.672 39.964 35.547 33.477 31.895 30.240 28.512 26.709 24.833 22.884 20.861 18.764 16.594 14.350 12.032 11.878 12.063 12.242 12.415 12.583 12.746 12.903 13.055 13.202
24.271 26.023 27.876 29.136 29.241 29.322 29.381 29.416 29.428 29.416 29.382 29.324 29.243 29.140 29.012 29.298 30.153 31.045 31.977 32.946 33.954 35.001 36.085 37.209 38.370 39.570 40.809 43.375 47.251 51.240 55.342 59.557 63.885 68.327 72.881 77.549 82.329 87.223 92.230 91.996 87.881 83.605 78.060 72.685 67.581 62.748 58.186 53.896 49.876 46.128 42.652 40.354 38.516 36.604 34.618 32.559 30.426 28.219 25.939 23.586 21.159 18.658 16.084 15.497 15.662 15.822 15.976 16.125 16.268 16.406 16.539 16.666
26.856 28.961 31.167 32.970 32.993 32.993 32.970 32.924 32.855 32.762 32.646 32.507 32.345 32.160 31.952 32.073 33.061 34.087 35.152 36.255 37.396 38.576 39.794 41.051 42.346 43.679 45.051 47.480 51.750 56.132 60.628 65.236 69.958 74.793 79.701 83.038 86.350 89.638 92.901 92.299 87.051 82.075 77.369 72.934 68.771 64.878 61.256 57.905 54.826 52.017 49.480 47.297 45.201 43.032 40.789 38.473 36.084 33.621 31.084 28.474 25.790 23.033 20.203 19.117 19.263 19.403 19.538 19.668 19.792 19.911 20.024 20.132
29.325 31.783 34.342 36.825 36.767 36.685 36.581 36.453 36.303 36.129 35.932 35.712 35.469 35.202 34.913 34.803 35.924 37.084 38.282 39.518 40.793 42.106 43.457 44.847 46.275 47.742 49.247 51.318 54.741 58.140 61.515 64.866 68.193 71.495 74.773 78.027 81.257 84.462 87.644 88.516 84.209 80.172 76.407 72.912 69.688 66.735 64.052 61.641 59.500 57.630 56.031 54.303 51.951 49.525 47.026 44.453 41.807 39.088 36.295 33.428 30.488 27.475 24.388 22.737 22.864 22.985 23.101 23.211 23.316 23.415 23.510 23.598
31.679 34.489 37.401 40.413 40.560 40.398 40.212 40.003 39.771 39.516 39.238 38.937 38.613 38.265 37.895 37.501 38.743 40.036 41.367 42.737 43.921 44.357 44.783 45.200 45.608 46.006 46.396 46.997 50.338 53.654 56.947 60.215 63.459 66.679 69.875 73.047 76.194 79.317 82.416 84.464 81.096 77.999 75.173 72.617 70.333 68.318 66.575 65.102 63.899 62.968 62.307 61.375 58.766 56.084 53.328 50.499 47.596 44.620 41.571 38.448 35.252 31.982 28.639 26.358 26.466 26.568 26.664 26.755 26.841 26.921 26.996 27.066
33.917 37.080 40.344 43.709 44.375 44.131 43.864 43.574 43.261 42.925 42.566 42.183 41.778 41.042 39.709 38.399 38.573 39.014 39.445 39.868 40.281 40.685 41.080 41.466 41.843 42.210 42.569 42.918 45.963 49.198 52.408 55.594 58.756 61.893 65.007 68.096 71.161 74.202 77.219 80.142 77.714 75.556 73.669 72.052 70.705 69.629 68.824 68.289 68.024 68.030 68.306 68.511 65.646 62.707 59.695 56.609 53.451 50.219 46.913 43.534 40.082 36.556 32.957 29.980 30.068 30.151 30.228 30.300 30.367 30.428 30.483 30.534
36.041 39.556 43.172 46.889 48.209 47.885 47.051 45.633 44.240 42.870 41.524 40.203 38.905 37.631 36.382 35.156 35.071 35.481 35.882 36.273 36.655 37.028 37.392 37.747 38.092 38.429 38.756 39.074 41.619 44.771 47.899 51.003 54.082 57.138 60.169 63.176 66.159 69.118 72.052 74.963 74.062 72.843 71.894 71.215 70.806 70.668 70.800 71.202 71.874 72.817 74.030 75.514 72.590 69.395 66.127 62.785 59.371 55.882 52.321 48.686 44.978 41.197 37.342 33.603 33.672 33.735 33.793 33.846 33.893 33.935 33.972 34.003
36.798 39.619 42.348 44.985 45.772 44.390 43.032 41.698 40.388 39.102 37.841 36.603 35.389 34.199 33.033 31.891 31.584 31.963 32.332 32.692 33.043 33.385 33.718 34.041 34.356 34.661 34.957 35.244 37.304 40.374 43.419 46.441 49.438 52.412 55.361 58.286 61.186 64.063 66.916 69.744 70.142 69.860 69.848 70.107 70.635 71.434 72.503 73.842 75.451 77.330 79.479 81.899 79.599 76.148 72.624 69.027 65.356 61.612 57.795 53.904 49.940 45.903 41.793 37.609 37.276 37.250 36.489 35.744 35.015 34.302 33.605 32.923
33.138 35.641 38.052 40.371 41.564 40.266 38.992 37.742 36.516 35.314 34.136 32.982 31.852 30.745 29.663 28.605 28.110 28.458 28.796 29.125 29.445 29.756 30.058 30.350 30.634 30.908 31.173 31.429 33.019 36.006 38.970 41.909 44.824 47.715 50.582 53.425 56.244 59.038 61.809 64.555 65.952 66.608 67.533 68.728 70.194 71.929 73.934 76.209 78.754 81.569 84.653 88.008 86.673 82.966 79.186 75.333 71.407 67.407 63.134 57.738 52.474 47.343 42.344 37.478 35.827 35.105 34.399 33.709 33.035 32.377 31.734 31.107
29.583 31.768 33.861 35.863 37.336 36.122 34.931 33.765 32.623 31.504 30.410 29.340 28.293 27.271 26.272 25.298 24.651 24.967 25.274 25.572 25.861 26.141 26.411 26.673 26.925 27.168 27.402 27.627 28.763 31.668 34.550 37.407 40.240 43.049 45.834 48.594 51.331 54.044 56.732 59.396 61.494 63.086 64.948 67.079 69.481 72.152 75.092 78.303 81.783 85.533 89.553 93.427 91.394 85.661 80.061 74.593 69.257 64.053 58.982 54.044 49.238 44.564 40.023 35.614 33.615 32.948 32.297 31.662 31.043 30.439 29.851 29.279
26.132 28.000 29.776 31.460 33.052 31.956 30.850 29.767 28.709 27.674 26.663 25.676 24.714 23.775 22.860 21.969 21.205 21.490 21.766 22.033 22.291 22.540 22.779 23.010 23.231 23.443 23.646 23.840 24.536 27.360 30.159 32.934 35.685 38.412 41.115 43.794 46.448 49.079 51.685 54.268 56.768 59.296 62.093 65.160 68.284 70.910 73.467 75.955 78.373 80.723 83.003 85.215 84.374 79.099 73.956 68.945 64.067 59.322 54.708 50.227 45.878 41.662 37.577 33.626 31.391 30.779 30.183 29.602 29.038 28.489 27.956 27.439
22.786 24.336 25.795 27.162 28.437 27.770 26.748 25.749 24.774 23.822 22.895 21.992 21.113 20.258 19.426 18.619 17.835 18.027 18.272 18.508 18.735 18.953 19.161 19.360 19.551 19.732 19.904 20.066 20.339 23.081 25.798 28.491 31.160 33.805 36.426 39.022 41.595 44.172 46.722 49.166 51.565 54.230 56.826 59.352 61.810 64.198 66.518 68.768 70.949 73.062 75.105 77.079 77.232 72.415 67.730 63.177 58.756 54.467 50.311 46.287 42.395 38.636 35.008 31.513 29.154 28.597 28.056 27.530 27.020 26.526 26.048 25.585
19.545 20.778 21.919 22.969 23.927 23.564 22.624 21.709 20.818 19.950 19.106 18.287 17.491 16.719 15.971 15.247 14.547 14.578 14.792 14.997 15.193 15.379 15.557 15.725 15.884 16.034 16.175 16.307 16.430 18.831 21.627 24.555 27.377 30.092 32.700 35.202 37.597 39.886 42.068 44.144 46.117 48.544 50.903 53.192 55.412 57.563 59.645 61.659 63.603 65.478 67.284 69.021 69.970 65.610 61.382 57.286 53.322 49.491 45.791 42.224 38.789 35.486 32.316 29.277 26.905 26.403 25.916 25.445 24.990 24.551 24.127 23.719
16.408 17.324 18.148 18.881 19.523 19.336 18.480 17.648 16.841 16.057 15.296 14.560 13.848 13.160 12.495 11.855 11.238 11.143 11.326 11.500 11.664 11.820 11.966 12.348 12.948 13.530 14.092 14.636 15.161 17.364 20.030 22.590 25.044 27.391 29.631 31.765 33.792 35.713 37.527 39.235 40.836 42.935 45.056 47.108 49.091 51.005 52.850 54.626 56.333 57.971 59.540 61.041 62.472 58.684 54.913 51.274 47.767 44.392 41.149 38.039 35.060 32.214 29.499 26.917 24.644 24.196 23.764 23.348 22.948 22.563 22.194 21.841
13.376 13.975 14.482 14.898 15.223 15.088 14.315 13.567 12.843 12.142 11.465 10.813 10.184 9.579 8.998 8.441 8.213 8.533 9.181 9.810 10.421 11.013 11.586 12.140 12.675 13.191 13.689 14.168 14.628 16.247 18.545 20.737 22.823 24.802 26.674 28.440 30.100 31.653 33.100 34.440 35.674 37.401 39.285 41.100 42.845 44.523 46.131 47.670 49.140 50.541 51.874 53.137 54.332 51.637 48.322 45.140 42.090 39.171 36.385 33.730 31.208 28.818 26.559 24.433 22.438 21.977 21.600 21.238 20.892 20.562 20.248 19.949
10.447 10.730 10.921 11.020 11.029 10.819 10.130 9.465 8.824 8.580 8.524 8.484 8.458 8.447 8.451 8.470 8.503 8.735 9.318 9.883 10.428 10.955 11.463 11.952 12.422 12.873 13.306 13.720 14.115 15.241 17.171 18.996 20.713 22.325 23.830 25.228 26.521 27.706 28.786 29.759 30.625 31.943 33.589 35.167 36.676 38.117 39.488 40.790 42.024 43.188 44.284 45.311 46.269 44.469 41.611 38.885 36.291 33.828 31.498 29.300 27.233 25.299 23.496 21.825 20.286 19.746 19.423 19.116 18.825 18.549 18.289 18.045
7.623 7.589 7.801 8.097 8.391 8.659 8.596 8.547 8.514 8.495 8.491 8.502 8.528 8.568 8.623 8.693 8.778 8.957 9.475 9.974 10.455 10.917 11.359 11.783 12.189 12.575 12.943 13.292 13.622 14.346 15.909 17.366 18.716 19.960 21.097 22.129 23.054 23.872 24.585 25.190 25.690 26.560 27.970 29.311 30.583 31.787 32.921 33.987 34.984 35.912 36.771 37.562 38.283 37.180 34.778 32.508 30.370 28.363 26.489 24.746 23.135 21.656 20.309 19.094 18.010 17.502 17.234 16.981 16.745 16.684 16.666 16.634
6.887 7.179 7.470 7.758 8.043 8.326 8.341 8.344 8.362 8.395 8.442 8.504 8.581 8.673 8.779 8.900 9.037 9.199 9.652 10.086 10.501 10.898 11.276 11.635 11.975 12.297 12.599 12.883 13.148 13.562 14.758 15.847 16.830 17.707 18.477 19.141 19.699 20.151 20.496 20.735 20.868 21.253 22.426 23.531 24.566 25.533 26.431 27.260 28.021 28.712 29.335 29.889 30.374 29.770 27.824 26.010 24.328 22.777 21.358 20.070 18.915 17.891 17.333 16.895 16.474 16.289 16.279 16.255 16.217 16.165 16.098 16.017
6.575 6.860 7.142 7.421 7.698 7.973 8.071 8.125 8.194 8.278 8.377 8.490 8.618 8.761 8.919 9.092 9.279 9.481 9.848 10.217 10.568 10.899 11.212 11.506 11.782 12.038 12.276 12.495 12.695 12.889 13.717 14.440 15.056 15.565 15.969 16.266 16.457 16.542 16.521 16.393 16.160 16.021 16.958 17.826 18.625 19.355 20.017 20.610 21.134 21.589 21.976 22.293 22.542 22.240 20.750 20.082 19.584 19.103 18.639 18.192 17.761 17.348 16.951 16.571 16.207 15.981 15.922 15.849 15.761 15.660 15.544 15.414
6.267 6.543 6.817 7.088 7.357 7.623 7.785 7.891 8.011 8.146 8.296 8.461 8.640 8.834 9.043 9.267 9.505 9.759 10.064 10.368 10.654 10.920 11.168 11.398 11.608 11.800 11.973 12.127 12.262 12.379 12.788 13.143 13.393 13.536 13.572 13.503 13.328 13.046 12.658 12.164 11.564 10.865 11.565 12.197 12.759 13.253 13.679 14.035 15.080 16.203 17.298 18.364 19.403 20.208 19.735 19.278 18.838 18.415 18.009 17.620 17.247 16.891 16.552 16.230 15.925 15.686 15.578 15.456 15.319 15.169 15.004 14.825
5.962 6.230 6.495 6.758 7.018 7.276 7.483 7.640 7.812 7.998 8.199 8.415 8.645 8.891 9.151 9.426 9.716 10.020 10.299 10.539 10.759 10.961 11.144 11.309 11.454 11.581 11.689 11.779 11.849 11.901 11.970 11.958 11.841 11.617 11.288 10.852 10.310 9.662 8.908 8.048 7.082 6.670 7.672 8.867 10.033 11.172 12.283 13.365 14.420 15.446 16.445 17.415 18.357 19.271 18.857 18.459 18.077 17.712 17.364 17.032 16.717 16.419 16.138 15.874 15.626 15.406 15.249 15.077 14.892 14.692 14.478 14.250
5.660 5.919 6.176 6.431 6.683 6.933 7.166 7.374 7.596 7.834 8.086 8.353 8.635 8.932 9.243 9.569 9.910 10.265 10.554 10.729 10.885 11.022 11.140 11.240 11.320 11.382 11.426 11.450 11.456 11.443 11.262 10.884 10.400 9.810 9.407 9.019 8.641 8.273 7.916 7.568 7.231 6.904 7.619 8.718 9.788 10.830 11.844 12.830 13.788 14.718 15.620 16.494 17.340 18.158 17.965 17.624 17.300 16.993 16.702 16.429 16.172 15.932 15.708 15.502 15.312 15.139 14.933 14.713 14.478 14.229 13.966 13.689
5.360 5.612 5.860 6.106 6.350 6.592 6.832 7.092 7.366 7.654 7.958 8.276 8.609 8.956 9.319 9.696 10.088 10.494 10.829 10.939 11.030 11.102 11.155 11.190 11.206 11.203 11.182 11.163 11.134 11.097 10.900 10.506 10.123 9.749 9.386 9.033 8.690 8.357 8.035 7.722 7.420 7.128 7.595 8.597 9.570 10.516 11.434 12.323 13.185 14.019 14.824 15.602 16.351 17.073 17.056 16.774 16.508 16.258 16.026 15.810 15.611 15.429 15.263 15.114 14.982 14.867 14.632 14.362 14.079 13.781 13.469 13.143
