DATA/RAW-RASTER/ECMWF/20170628/EN-14/20170708.en-14.asc
ncols			31
nrows			16
xllcorner		69.5
yllcorner		19.5
cellsize		1.0
NODATA_value	-99999
0.93842 2.14005 1.30081 0.63705 0.46158 0.18692 0.17166 0.05722 0.21362 0.40817 0.14877 0.38147 0.36621 0.44632 0.77820 2.21252 3.83759 4.23431 3.19290 2.41089 3.77655 2.26212 2.48718 2.27737 2.23160 1.06430 0.12207 0.28229 0.62561 5.30243 13.10349
0.00000 0.01526 1.96457 3.76129 2.63977 0.65613 0.74005 1.42670 1.16348 1.38092 4.18472 1.81580 2.12479 0.95749 4.60815 7.57599 4.50897 3.09372 1.11771 3.22723 0.40054 2.30408 3.87192 3.05939 1.37711 1.59836 0.53406 1.77383 7.90405 15.18250 11.88660
0.00000 0.93460 0.00381 6.37817 27.17972 8.90732 3.15857 0.03052 1.24741 0.85831 5.19562 2.60925 2.61688 2.61307 9.06372 11.07025 6.85883 6.29807 3.33405 2.43378 2.14386 0.57602 1.22070 5.00870 2.18964 5.21088 5.65720 10.13565 10.11276 7.70569 7.16400
0.00000 0.00000 0.01526 0.14496 5.86700 29.36172 35.73990 18.52036 0.75531 0.85831 4.37546 7.74765 2.77710 2.71225 1.17493 1.95312 7.48444 15.00320 10.39505 4.81415 1.87302 6.23703 6.91605 8.78906 7.53784 14.82773 16.13998 17.05551 12.84409 17.02881 18.10074
0.23270 0.00000 0.00381 0.00000 0.01526 4.66919 13.13400 8.30841 1.96075 0.13733 0.04578 4.34875 2.22397 2.29263 1.60217 4.76074 14.45007 15.29694 4.47464 6.44684 3.03650 7.54547 10.56671 12.97379 12.08115 23.08655 21.72470 12.76398 21.01135 15.43427 27.56119
0.00000 0.00000 0.01907 0.00381 0.00000 0.00000 1.57547 6.65283 4.47464 6.43921 20.31326 8.08716 8.62885 1.45340 3.17764 6.68716 6.76346 3.97110 11.56235 8.23593 6.12259 13.72528 28.33176 15.83862 29.06799 41.31699 19.85931 2.20108 6.34766 20.59937 11.72638
0.00000 0.00381 0.00381 0.00000 0.00000 0.00000 0.00381 0.59128 3.03268 25.16937 22.06039 25.65384 30.44891 7.49969 3.76892 5.99670 9.23920 12.50076 11.01685 15.60211 12.47406 13.28278 12.16507 11.25336 12.99667 75.77515 53.82156 12.69913 2.63977 2.79617 3.12424
0.00000 0.00000 0.00381 0.01526 0.00000 0.00000 0.09918 0.22888 0.86212 4.22668 10.52856 15.06424 34.01566 62.94632 46.82922 87.41379 44.30008 18.98575 23.01407 21.96503 57.35397 54.45480 32.85980 32.27234 18.74924 21.05713 13.87787 17.81464 11.25717 3.03650 7.08008
0.01907 0.01526 0.00381 0.00000 0.01144 0.01907 0.02670 0.00000 0.31662 0.14496 0.64087 1.53732 2.43759 10.40649 17.68494 32.58896 41.35513 66.60461 70.28580 129.08173 246.52863 291.87012 64.72015 53.31039 7.57217 5.61142 3.94821 32.00912 14.28986 3.88718 12.70676
0.14877 0.41199 0.31662 0.90027 0.94223 0.08774 0.00000 0.08392 0.12970 0.08774 0.00381 0.03433 0.56076 1.07193 3.01361 12.10785 21.41571 27.91595 29.79660 37.82654 13.00430 20.70618 29.44946 4.75693 4.68826 2.10190 1.94550 41.00418 2.44141 1.52206 0.95749
1.39618 2.13242 0.85068 0.69809 0.01526 0.01144 0.10681 0.18311 0.01144 0.02670 0.01907 0.00000 0.60654 1.61362 1.13678 14.50729 7.72095 14.41193 20.32089 22.71271 37.86850 17.91763 111.46164 9.72366 2.06757 8.86917 13.88168 3.77655 2.47574 0.49591 0.61417
0.75531 0.38528 1.42670 2.74277 1.52588 1.60599 1.07956 1.60599 0.35095 0.00000 0.02670 0.06104 1.35803 1.67465 15.94162 15.82336 20.51544 15.18250 13.93127 32.15408 31.86417 9.72366 10.68878 11.49750 4.21906 12.01248 4.22668 5.80215 0.83160 0.88882 1.50299
1.48392 1.55258 0.64087 1.33896 1.93787 2.43378 1.17874 0.41580 0.49591 0.57602 0.70572 0.94986 0.07248 9.10568 18.06259 23.87238 19.36722 13.64899 21.85059 18.12744 11.85608 12.74490 6.15311 6.69861 21.16013 1.70135 0.30518 8.19016 0.72861 4.56238 1.99890
1.92642 1.78146 0.73624 0.72098 1.43433 0.26703 1.86157 0.45776 1.21689 0.11444 0.16022 0.33188 2.86102 3.69644 30.18570 31.26907 14.92310 18.50128 13.54599 16.53290 14.35471 9.02939 7.76672 6.86646 10.12039 0.38910 1.14441 1.02615 2.27737 3.96729 10.02502
2.80762 2.37274 0.93460 1.85013 5.57709 1.16348 0.90408 0.27466 0.45013 0.31662 1.38092 4.16565 12.69913 9.52530 6.60706 15.92636 22.73941 9.96017 8.78906 7.28989 9.18579 6.98090 8.14056 5.51224 0.49591 1.43814 0.63705 0.97656 0.94986 11.05881 10.34927
1.05667 1.67084 3.55911 3.96729 0.48828 1.37711 0.73242 0.25177 0.19455 0.11826 9.20105 8.16727 13.71384 18.45932 5.70297 6.67191 21.72852 3.47519 4.04358 3.70407 5.08881 6.31714 5.45502 5.47028 4.10843 2.89536 6.25992 1.23596 0.28992 6.21033 28.93066
