DATA/RAW-RASTER/ECMWF/20170628/EN-14/20170703.en-14.asc
ncols			31
nrows			16
xllcorner		69.5
yllcorner		19.5
cellsize		1.0
NODATA_value	-99999
0.12589 0.74387 2.23160 1.38092 1.25122 2.88391 1.35803 0.71716 0.42725 0.12207 1.15585 0.44632 1.12152 2.60544 2.02942 2.96021 4.01688 2.94876 7.49207 8.76236 4.36401 3.56674 1.75095 4.48990 6.34384 6.51169 7.53403 11.35254 9.49860 2.18582 4.23431
0.09537 0.00000 0.00000 1.06430 6.68335 3.35693 0.40054 0.20599 0.03052 0.00000 0.13351 0.46158 1.17874 1.31607 1.70135 4.46701 3.51334 2.34222 2.21252 1.29318 1.33133 5.49316 5.63812 9.34601 8.94547 5.66864 7.10297 14.54163 3.10516 2.29263 2.29645
0.00381 0.00381 0.00000 0.03052 1.62506 4.64630 1.58310 0.41962 0.01144 0.03433 0.77438 0.19455 0.16785 1.39618 2.00272 6.54221 6.56509 5.15747 5.67245 5.47409 7.90787 10.29205 3.99399 6.82068 11.24954 7.73621 12.30240 8.60977 9.42993 6.54602 9.53674
0.09918 0.00000 0.04196 0.16403 2.49100 3.96729 5.65338 6.85120 0.09918 0.00000 0.12589 0.26321 0.23270 2.31171 5.69916 11.93237 8.96454 9.17053 10.83374 13.83209 9.72366 11.75308 22.65167 12.17270 21.64459 18.68057 17.76886 9.79233 6.35910 9.63211 2.61688
2.21634 0.04196 0.20599 0.08011 0.31662 8.06046 5.94330 2.78091 2.98691 3.28445 0.01526 0.59128 2.63214 2.72751 0.98038 6.32477 7.19833 12.90131 11.04736 5.32913 3.99017 6.79779 8.20541 12.98141 7.73239 6.29044 6.53839 3.58963 6.43921 2.93732 0.88501
0.76294 0.00000 0.00000 0.01907 0.15259 0.52261 0.74768 2.87247 5.13458 5.43594 19.00101 8.96072 3.60870 1.79672 6.28662 3.35693 1.88828 1.20926 3.53622 1.67847 1.48392 4.91333 4.43268 13.04245 19.54269 13.93509 5.71060 0.42343 11.56998 19.18411 2.45667
0.00000 0.00000 0.00000 0.00763 0.00763 0.12589 0.62943 0.45395 0.72098 3.20435 7.72095 11.45554 9.15146 9.63974 0.12589 0.18692 2.07520 1.05667 1.11008 0.50354 1.85013 1.80817 3.39890 5.87463 11.74545 63.25531 26.44348 10.43320 2.18582 3.71552 16.05988
0.00000 0.00000 0.00000 0.00381 0.20218 0.04578 0.00000 0.02670 0.42343 0.30899 2.68555 18.18848 23.91434 8.49915 15.23209 13.29422 7.40051 16.52145 12.96997 6.81686 6.95419 18.50510 3.07846 45.23087 42.86957 104.60663 40.56931 12.54654 44.06738 7.27463 10.95581
0.06485 0.00000 0.02289 0.82397 0.10681 0.00381 0.00000 0.00763 0.00381 0.57602 3.52478 19.78302 30.20859 65.58990 29.70123 7.64847 3.31879 22.94159 25.77591 12.77161 2.89917 62.02316 44.56711 26.59988 40.49301 38.09738 31.61621 118.99185 63.09509 12.24899 5.59616
0.29755 1.73569 0.45395 0.75150 1.37711 0.43106 0.39673 0.00381 0.47684 1.69373 10.85281 29.55627 23.34595 105.75867 64.15558 9.22775 9.91821 12.31384 19.08875 12.20703 23.10181 8.53348 37.73117 4.57764 8.93784 12.68005 7.82776 14.73618 53.91312 15.54108 5.61142
0.90027 0.89645 1.18256 0.47684 0.00763 0.08011 0.00381 0.14114 0.02670 5.51224 5.87463 15.82718 12.55417 54.94308 11.21902 14.54926 23.90289 18.47839 18.44406 20.56122 16.82663 79.74243 112.85019 60.44006 12.05444 8.14438 5.34058 10.44846 9.47189 7.01141 19.10782
0.61035 0.65613 1.33514 3.66211 3.77655 2.71225 1.20926 0.13733 0.17166 13.67950 15.43045 4.50897 20.65659 3.92151 3.68881 9.42993 39.97803 3.83759 1.82724 10.10132 21.61407 26.78680 10.27679 60.05478 5.50079 1.64795 15.41901 4.49753 9.14001 10.62012 35.68268
1.33514 0.79346 0.44632 0.97275 0.69427 1.30081 1.28174 4.25339 0.32806 0.94223 14.70947 7.75146 2.73132 10.71548 14.13727 3.21579 1.58691 1.30463 1.60980 0.99182 25.70343 40.24124 26.98898 109.25674 12.17270 6.92749 3.97873 5.94711 7.38525 15.15579 20.78629
1.93787 2.31171 0.43869 2.56729 3.26538 0.27466 0.56839 1.56784 0.84305 0.89264 5.48172 8.05664 10.25772 8.56018 9.23538 3.68500 9.99069 4.52423 6.79398 13.41629 11.90186 24.42932 134.40323 77.25143 55.39322 10.79559 5.68008 12.40158 2.40707 2.51007 9.38416
6.54602 1.35422 2.44904 4.76837 8.87680 2.25067 1.54877 1.33896 0.35477 5.13458 2.31171 19.79828 21.47675 9.26208 1.70517 1.54877 1.19781 1.30463 25.10071 17.42554 18.02444 24.38736 45.90988 88.47809 36.83472 3.96729 15.35797 6.93893 1.48773 5.79453 19.92416
2.57111 3.97110 4.44412 8.85773 9.65881 8.84247 12.42447 8.30460 4.29535 0.90408 1.89972 2.65884 4.69971 9.47952 6.88553 5.93948 4.45175 1.74713 14.12201 12.20703 6.88171 18.27240 19.13452 33.74481 69.02313 7.49207 10.65826 7.93839 8.22830 4.84467 6.05392
