DATA/RAW-RASTER/ECMWF/20170628/EN-14/20170706.en-14.asc
ncols			31
nrows			16
xllcorner		69.5
yllcorner		19.5
cellsize		1.0
NODATA_value	-99999
5.03540 0.83160 1.45721 1.63651 5.56946 4.15421 3.42560 3.51715 0.30518 0.12970 0.51117 0.41962 0.45013 0.48447 1.34659 1.14059 0.67139 0.03052 0.00000 0.13351 0.38528 1.13297 1.97983 4.80270 1.15585 1.92642 10.44464 7.30515 1.59836 4.42505 1.96838
0.36240 0.50735 8.28934 8.58307 5.51987 0.15259 0.07629 0.93460 0.14496 0.00381 0.02670 0.00381 1.04523 0.74005 1.71280 1.42670 1.80435 1.28937 1.15585 0.69046 0.13351 0.07248 0.46921 0.45776 1.74713 1.39618 1.22452 3.12805 2.05231 0.90408 7.25555
0.35477 1.25122 0.05341 0.69809 3.28064 5.48553 2.63596 0.07629 0.05722 0.00763 0.04196 0.93842 0.01144 0.51880 0.32043 1.36948 1.07574 0.71716 1.13678 1.52969 1.67084 0.90027 1.41525 4.58527 4.19998 6.20270 3.89099 13.83591 5.19562 2.31171 3.05176
0.58365 0.03052 0.00763 0.03815 0.56458 1.33896 2.86865 24.73450 0.39291 0.35477 0.21744 0.28229 0.02289 0.63705 2.41089 3.54385 0.67139 2.07520 1.60980 0.96893 0.75531 1.20544 3.05557 1.55640 2.04849 0.15259 2.60162 1.68610 2.56729 6.04248 5.89752
0.52643 0.00000 0.00763 0.01526 0.00000 0.00000 0.29755 5.75256 9.89914 0.49973 0.04959 0.58746 3.45993 10.07843 2.63596 11.42883 8.49915 4.77982 0.94986 3.29590 3.81470 8.02231 8.67844 0.38910 0.76675 5.37491 6.85883 8.06808 5.87845 12.05444 3.10898
0.75912 0.00000 0.00381 0.00000 0.00000 0.00000 0.00763 0.93079 1.56403 4.78745 9.67789 7.91168 5.77164 5.05447 10.03265 10.40649 3.32260 4.90189 4.50134 6.03867 9.30023 9.73511 7.11060 8.47244 10.89096 9.66644 1.25504 3.33786 19.18411 11.13510 14.21738
0.00381 0.00000 0.00000 0.00000 0.00000 0.00763 0.00000 0.00381 0.04578 2.32697 6.91986 16.10184 6.19507 11.50894 1.40381 9.25064 7.30896 15.74326 15.43808 15.22064 9.38416 7.39288 6.48499 22.30072 12.36725 8.86917 15.76233 5.68390 13.37433 36.07559 20.66422
0.00000 0.00763 0.00000 0.00000 0.00381 0.00763 0.00381 0.00000 0.00000 0.17166 0.59128 12.02011 29.10995 49.30878 12.89368 23.42987 13.18741 8.57544 1.16730 2.96021 7.36618 30.26962 28.25546 39.49738 15.36560 17.10892 47.02759 20.85876 16.11328 7.21359 15.66696
0.00763 0.04959 0.01526 0.08774 0.22125 0.23651 0.02670 0.00763 0.00000 0.00000 0.23651 5.55038 0.56839 6.69098 10.12802 72.66617 34.62601 30.83420 10.42938 74.34464 67.02423 206.54678 111.27090 21.14868 13.51547 6.63376 26.06583 35.68649 31.76880 11.94000 5.64194
0.07629 1.02615 2.15912 0.62943 0.46158 0.77438 0.89264 0.30899 0.00381 0.00000 0.01144 0.00381 0.01144 0.61035 3.44467 19.06586 13.56125 25.98572 20.45822 21.72852 127.39182 17.94815 45.10117 7.07245 5.90134 22.58301 25.16556 21.85440 63.67493 9.40704 2.84958
0.61035 1.67084 0.83923 1.75095 0.22888 0.37003 1.36185 2.67410 0.47302 0.68665 0.00381 0.82016 0.70953 0.31662 3.37601 4.66156 5.66101 9.42230 46.06247 28.51486 25.29144 26.10397 50.69733 13.16452 16.51001 4.05121 18.54706 16.17813 23.26202 4.59290 3.01743
0.74768 0.93079 1.38474 1.50299 0.89645 0.49973 1.04523 2.36893 0.50354 0.53787 1.00708 0.72098 1.11771 0.69809 2.57492 6.74438 11.82938 7.91550 20.46585 29.46091 27.83203 8.86536 3.58582 6.58417 12.90512 10.09750 10.91003 6.88934 4.95148 8.25500 11.97815
0.85831 0.90408 0.27466 1.24741 2.26212 1.68228 1.88446 3.42560 0.97275 1.07574 0.77438 0.61798 1.06049 1.43433 7.84683 24.30725 6.12259 33.26035 8.02612 5.46265 12.46643 18.41354 10.41031 4.11606 3.95203 5.09644 5.20325 14.36615 15.00320 8.56781 3.44467
0.25558 1.99509 0.88501 3.71170 0.85831 1.12915 4.53186 5.05447 2.44141 1.25885 0.64087 0.22125 0.61035 0.80490 9.95636 11.81793 7.59888 10.65445 9.16672 10.63538 9.59015 18.33725 5.85175 5.82886 3.48663 0.37003 0.32806 0.61417 9.75037 4.74548 3.79562
2.45667 2.28500 4.67682 5.62286 0.61417 1.36566 1.77765 0.74005 2.54822 2.78473 0.24796 0.50354 0.30136 0.35095 0.63705 1.75858 1.02997 3.12042 3.69644 8.44193 11.73401 13.09204 18.35251 6.46973 0.48828 0.28992 1.23215 0.54550 0.92316 4.65775 10.90622
2.17819 3.84140 10.09369 11.79504 1.57547 0.91171 1.36948 1.12534 0.26703 0.61417 2.43759 1.19400 1.54114 1.04523 0.42725 11.83319 9.21249 2.52914 4.69971 5.18799 8.86154 13.72528 8.93402 9.73129 13.63754 1.56021 2.27356 0.87738 0.35095 0.29755 0.66757
