DATA/RAW-RASTER/ECMWF/20170628/EN-14/20170704.en-14.asc
ncols			31
nrows			16
xllcorner		69.5
yllcorner		19.5
cellsize		1.0
NODATA_value	-99999
1.03378 4.01688 4.90952 0.75912 2.04086 0.83160 0.34332 0.24414 0.08392 0.95749 0.98801 0.76294 0.58365 1.29700 2.14005 0.50354 0.49591 0.75531 1.79672 1.59454 3.34930 3.37982 3.12805 4.68063 3.78036 3.22723 4.36020 3.14713 5.56564 8.65173 12.32147
0.50354 8.22067 5.45502 5.17654 5.49316 0.66757 0.07629 1.22833 0.20599 0.18311 2.53677 1.86539 2.15149 0.70953 2.03323 0.95367 0.19073 0.59509 1.34659 1.73187 1.77383 5.25284 8.12531 5.61523 6.57654 13.72147 13.62228 15.47241 15.61737 11.18469 8.10623
0.43869 0.57220 1.38474 1.81198 3.02887 4.69208 1.52206 0.11444 0.10300 0.18311 1.15204 1.96838 0.14877 0.41962 0.16022 0.68283 0.12207 0.20599 1.64413 1.36948 3.23868 3.88336 6.67191 10.57816 9.43756 12.35580 16.41464 18.02444 16.06750 5.61142 9.77707
0.01526 0.00000 0.00000 0.01144 0.70953 5.89371 6.73294 6.24084 0.11826 0.23651 0.49210 0.77057 0.25940 1.55640 1.02615 1.25122 0.30136 0.57983 0.99945 1.06812 4.17709 9.10950 11.84464 14.42337 23.32306 12.68768 10.41412 9.98306 8.40378 16.86478 14.66751
0.46921 0.00763 0.00763 0.00000 0.00000 2.42615 3.21960 1.43051 1.45721 0.33951 0.11063 0.04959 1.52206 2.25449 2.10953 4.12750 4.03976 10.26154 9.57108 11.13892 13.43536 12.01248 15.44571 27.02713 15.03372 8.76999 4.11224 4.20380 4.48608 7.34329 8.67081
0.00763 0.00763 0.00000 0.00000 0.00000 0.24414 1.21307 5.12695 4.89426 11.92474 9.63593 7.59506 2.23923 0.89264 3.97873 8.91113 14.28604 21.84677 15.54489 23.36121 12.82883 13.32474 12.14600 8.68988 9.22394 14.88876 8.51822 0.43488 4.59290 4.17709 8.52203
0.00000 0.00763 0.00000 0.00000 0.00763 0.09537 0.80490 0.31281 7.19833 54.42810 21.50726 23.83041 7.82394 11.80267 1.32751 2.03705 3.15094 3.38745 0.90027 2.71225 2.14767 0.69809 2.99835 3.44467 17.13181 79.04816 29.94537 13.34000 0.65613 0.66376 2.18582
0.00763 0.00000 0.00763 0.00000 0.00000 0.02289 0.04959 0.35477 1.57547 3.92914 4.60052 27.93884 37.37259 64.92615 45.94421 19.24515 27.69470 4.07028 36.35788 13.15308 10.28442 44.11697 11.84464 28.80096 17.47894 27.71378 63.46893 16.01028 37.47559 6.27518 2.86865
0.01144 0.00763 0.03052 0.13733 0.28992 0.01526 0.00000 0.11063 0.33951 0.20599 0.71335 8.16345 53.19595 54.92783 22.71271 9.99451 6.48117 49.77798 206.34079 88.85193 59.28802 86.36856 50.83466 56.91528 25.38300 6.26373 17.57812 156.80695 68.42041 8.20160 3.52859
0.07629 0.41580 0.81253 0.90790 1.23596 0.13351 0.21362 0.47302 0.24033 0.00000 0.01144 2.05612 17.94052 46.76056 29.14429 22.90726 40.13062 13.29422 22.25494 25.76065 10.20050 43.80798 78.22418 8.14819 8.39996 6.63757 20.82062 15.62881 60.95505 18.24188 8.10623
0.32425 0.42725 0.62943 0.45395 0.08011 0.39291 0.00000 0.55313 0.42725 0.00763 0.03052 0.02670 2.50626 5.07736 10.13565 18.17322 32.58896 27.10724 25.94757 17.01736 11.93619 24.07837 60.98938 7.45010 3.58963 17.49039 0.65613 14.59122 13.44681 11.61957 8.47244
0.10300 0.28610 1.38855 1.36566 0.74768 0.53787 0.61417 1.62125 0.17929 0.21362 0.92316 0.35095 0.78964 3.62015 9.47189 12.43591 26.89743 8.09479 32.94754 13.21411 17.62772 11.47079 4.15039 0.23270 6.96564 1.39618 2.18964 20.38574 12.82883 11.75308 9.00269
0.50354 0.15259 0.10681 0.20599 0.94223 1.07956 0.32425 0.55313 1.41907 1.12915 1.88065 6.39725 3.89862 10.85663 24.00970 57.87659 33.81729 17.62390 20.62607 16.33072 22.24350 14.20212 13.42773 1.94550 7.53021 0.32043 0.62943 10.75745 8.05283 17.37976 24.73450
1.52588 1.05286 0.08392 0.62180 2.41089 0.81635 0.36621 1.60217 1.57928 1.39999 6.05392 1.23215 9.99451 6.35529 5.76782 14.80484 2.67410 9.06372 7.54547 9.65881 4.63867 26.92032 11.41739 7.82394 5.59998 0.07248 1.26266 21.16013 18.31055 16.67404 11.77216
2.92969 2.46811 2.55585 7.12204 3.87573 1.20926 1.20926 0.47684 0.43106 0.59128 7.01904 11.57379 35.65598 10.64301 2.63214 1.99890 3.99017 1.94168 5.56183 18.02826 24.79553 17.82227 37.79221 17.65823 1.06049 0.32043 1.31989 3.25775 3.36075 17.73453 5.14221
3.34930 5.75256 8.82721 7.96890 1.12534 1.37329 0.82397 1.25504 0.42725 0.47302 2.96021 12.64954 62.66785 11.57379 7.16400 18.75305 4.22287 3.19672 10.12039 9.65118 24.88327 22.93777 21.34323 21.41190 28.57208 4.10461 1.07574 5.70679 3.04794 1.77383 1.40762
