DATA/RAW-RASTER/ECMWF/20170628/EN-14/20170709.en-14.asc
ncols			31
nrows			16
xllcorner		69.5
yllcorner		19.5
cellsize		1.0
NODATA_value	-99999
4.08936 1.48010 10.02502 1.80817 0.33569 1.02234 0.00000 0.00000 0.27466 0.59509 0.10681 0.00000 0.29755 0.03815 0.11444 0.54932 3.02887 2.02179 1.42670 0.67139 1.02234 2.62451 1.20544 1.08337 1.17493 0.45013 0.28992 0.05341 0.77057 2.27356 2.78473
1.35803 2.93732 4.76837 17.88330 13.00812 7.81250 3.58582 0.56458 0.48828 2.04468 2.02942 0.03052 0.01526 0.08392 0.32806 0.82397 1.07574 0.89264 1.95312 2.39563 1.92261 2.06757 2.92969 1.31989 1.36566 0.72479 0.58746 0.23651 0.48065 1.27411 0.86975
0.17548 13.16833 6.16455 11.96289 24.30725 12.16888 11.55853 10.04028 9.29260 8.49915 8.82721 2.33459 0.16785 0.21362 0.22888 1.46484 3.03650 7.53784 11.77216 10.23865 7.94983 10.38361 8.07953 6.26373 3.15094 4.46320 3.72314 2.76184 4.33350 3.00598 1.91498
1.61743 0.32806 6.43921 10.48279 9.17816 13.73291 20.08820 9.02557 3.50189 5.38635 7.24792 6.32477 3.89862 1.90735 1.05286 0.86212 0.64850 0.77057 5.14221 9.35364 5.79071 12.26807 9.83429 7.75146 8.12531 11.71875 13.95416 14.13727 10.12421 10.87189 10.12421
5.48553 0.29755 2.59399 1.21307 7.04193 32.06635 59.60846 11.53564 6.67572 4.34113 1.54877 1.52588 20.63751 16.24298 5.26428 3.31879 2.91443 7.35474 6.20270 6.40869 4.12750 9.53674 7.87354 6.62994 12.12311 16.22009 11.76453 14.86206 10.62775 12.42065 23.25439
0.00000 0.00000 0.00000 0.07629 0.03052 0.12207 2.41089 32.87506 8.07190 12.36725 34.01947 10.58197 3.64685 4.22668 10.14709 8.44574 19.29474 8.62885 13.61847 6.85883 9.01031 6.59180 11.19232 20.01190 16.39557 26.87073 7.75146 10.40649 14.19067 17.63916 20.11108
0.00000 0.00000 0.00000 0.00000 0.03815 0.00763 0.03052 5.18799 6.60706 7.12585 20.60699 85.05249 76.88904 18.07404 3.45612 9.88007 16.60156 12.31384 2.58636 4.57001 12.60376 6.53839 11.48987 7.11060 4.02832 10.17761 5.60760 10.70404 7.06482 4.17328 9.25446
0.00000 0.00000 0.00000 0.00000 0.00000 0.04578 0.09918 0.11444 5.08881 8.72040 13.20648 19.11926 36.01074 111.87744 195.50323 54.13055 58.69293 23.90289 16.04462 15.13672 11.84082 17.89856 6.51550 18.02063 12.72583 5.26428 4.43268 16.09039 4.99725 16.29639 14.10675
0.00000 0.00000 0.00000 0.05341 0.04578 0.01526 0.10681 0.21362 0.91553 2.70844 17.68494 15.51819 26.88599 31.64673 23.55957 17.86041 40.59601 64.28528 31.50940 27.13776 29.41132 64.81171 20.89691 15.89966 10.42175 2.22015 5.50842 10.46753 18.27240 8.46863 15.97595
0.07629 0.16022 0.48828 0.93079 0.38147 0.02289 0.07629 0.00000 0.48065 8.03375 5.53131 6.93512 2.57874 1.92261 5.31769 10.39124 15.30457 28.85437 14.48822 13.81683 8.75854 11.82556 10.69641 2.70081 5.01251 25.96283 19.08112 12.97760 9.96399 9.49097 13.20648
0.41962 0.55695 0.64087 0.80109 0.41962 0.06866 0.03052 0.82397 0.02289 1.08337 6.05774 2.54822 8.42285 3.00598 9.95636 6.64520 5.85938 23.24677 12.97760 22.44568 10.71167 20.05005 19.69910 5.42450 3.08990 7.06482 10.35309 19.70673 5.46265 18.02063 9.12476
0.63324 0.36621 1.22070 7.40051 3.69263 5.32532 1.75476 1.18256 0.51117 0.93079 1.94550 0.81635 0.70190 2.37274 11.31439 24.63531 26.80206 18.72253 11.46698 11.87134 10.88715 4.36401 1.14441 6.92749 15.76233 9.90295 6.57654 22.38464 11.24573 45.47119 18.71490
1.62506 0.94604 1.39618 0.45013 0.92316 0.64850 1.60980 6.00433 1.33514 1.15967 0.38147 0.55695 1.25885 3.37219 22.27020 17.65442 29.05273 10.58197 16.05225 9.01031 7.63702 5.41687 7.38525 4.95911 10.68878 12.96234 7.62177 19.26422 28.16010 46.37909 22.82715
1.39618 1.30463 0.57220 0.96130 2.20490 1.25885 1.25885 3.43323 1.28174 1.66321 0.16785 0.00763 0.02289 2.51007 11.80267 29.36554 49.62921 12.03156 8.99506 8.50677 2.20490 5.85175 3.63159 18.08167 3.12805 1.18256 8.82721 19.59991 28.22876 41.00800 23.84186
1.60217 2.62451 2.47955 3.79944 4.15802 2.07520 3.34930 0.67902 0.51117 0.32806 0.02289 0.04578 0.62561 2.88391 2.19727 11.74927 10.97107 6.36292 2.96021 4.02832 1.58691 2.45667 4.69208 18.44025 10.94818 0.39673 4.19617 8.73566 34.66797 28.24402 5.38635
0.84686 1.19781 2.02942 4.39453 0.77820 0.90027 0.20599 0.33569 0.56458 1.13678 0.33569 0.40436 0.93079 4.71497 9.68170 24.55902 13.62610 3.24249 2.19727 1.86157 1.55640 1.98364 5.27954 5.21851 10.04791 8.09479 12.19177 4.00543 9.55200 15.19775 26.37482
