DATA/RAW-RASTER/ECMWF/20170628/EN-14/20170701.en-14.asc
ncols			31
nrows			16
xllcorner		69.5
yllcorner		19.5
cellsize		1.0
NODATA_value	-99999
0.00381 0.08583 2.08092 1.93977 1.97601 0.82207 0.90408 0.09346 0.26703 1.71089 2.48718 2.39944 4.41742 3.18909 2.23351 2.81143 2.50053 1.52779 4.38309 4.85802 5.26810 6.92177 4.38690 2.29263 7.46918 12.64381 16.06369 22.23969 28.08189 16.83235 3.10135
0.00000 0.00000 1.90353 0.79346 2.66075 0.32616 0.05531 1.53351 2.71988 2.00653 3.08609 1.41525 2.15149 3.85666 2.40707 0.56839 0.92888 1.51634 4.66728 3.57819 2.03896 5.82886 6.68335 14.43291 23.46420 22.30072 20.17593 18.65768 11.20186 10.78606 5.86891
0.00191 0.00000 0.00000 0.02098 0.25749 5.91087 3.00980 0.32806 0.05531 0.05150 0.03052 2.74658 1.70898 4.69780 2.37846 3.28636 1.80626 0.88310 0.71335 2.83813 4.64439 7.05338 10.83565 11.38496 10.87189 13.37433 12.46643 15.18631 15.28168 12.19177 9.53293
0.62943 0.11635 0.00191 0.00000 0.00000 0.46921 1.67465 2.93159 0.10872 0.05913 0.83542 1.42860 0.94986 2.75421 0.86594 8.83293 6.99234 8.33893 9.10568 4.26865 7.76863 13.08060 16.58058 21.24596 12.80975 2.62833 2.26784 1.96838 5.23567 8.72231 6.31905
0.03052 0.00381 0.75722 1.30844 1.26076 0.86975 1.91689 4.10843 5.05638 0.66566 0.98801 0.97275 0.85068 0.59891 0.96703 2.92015 1.68037 8.62694 18.96667 17.21764 20.12444 16.87431 6.32286 4.68636 1.22452 0.66376 0.65994 1.58119 3.71552 5.10979 7.11250
0.00572 0.05531 0.10872 0.96130 1.03760 1.14822 1.30463 1.79291 5.85747 8.84628 10.04028 5.52177 1.97601 0.48065 1.73187 1.51253 2.66838 1.50490 1.72615 3.02124 3.71933 6.15120 7.35092 6.49452 7.74956 9.79424 6.99234 0.25558 1.35994 6.98662 7.70569
0.00000 0.00191 0.16403 1.39618 1.40572 0.33379 2.93922 3.51334 3.39890 2.04849 26.50642 27.34375 18.92662 5.19562 16.54053 6.34384 0.65613 0.99754 3.31116 3.76511 3.23677 2.12288 0.58365 6.29425 6.28853 77.42500 26.91841 12.46262 1.16539 0.93269 6.01578
0.00572 0.06104 0.13351 0.37384 0.77629 4.17519 4.18472 0.98228 3.87764 2.09236 10.22720 17.90810 21.52252 10.43892 74.01276 66.48636 21.07811 18.45360 18.97621 17.66014 18.28957 21.42334 4.12369 33.92982 28.18108 16.81137 41.54015 15.43999 68.70842 5.34058 3.30162
0.00000 0.00191 0.61989 0.47302 0.69427 0.31853 0.68092 3.04222 2.62070 1.93596 5.70297 12.30621 17.70210 19.07921 28.40233 14.26315 14.05144 81.49719 98.17696 155.68352 50.38643 18.44978 38.59329 67.60406 9.97353 9.72557 22.55440 181.20384 147.12906 20.26176 8.02612
0.00191 1.08147 1.29509 1.41716 1.32179 0.89073 1.18446 2.28500 0.40627 2.08855 5.30052 13.02528 23.81897 20.80917 22.44568 2.30026 13.89313 9.72939 4.94766 6.33430 6.80542 22.68982 34.34372 2.91061 5.39017 26.23367 19.82689 11.00731 36.63635 26.47018 23.85330
0.20599 1.09482 1.54686 3.26920 1.95122 2.39754 1.89590 1.24168 2.17819 1.53923 4.86755 5.64384 12.03346 13.66615 76.37596 17.74597 22.80045 12.39014 7.08580 1.78909 5.49698 15.43617 25.13313 6.06537 13.65662 60.30273 2.40898 9.65309 41.38184 17.28058 22.34650
0.85258 5.00107 3.48091 12.61902 7.81059 0.91362 4.56047 4.42123 4.02451 3.20053 11.51657 22.07565 22.08328 16.98685 36.30638 30.84373 14.22310 26.50642 7.40623 6.83594 13.81683 4.80080 1.75095 6.32477 11.08551 3.14713 2.68936 13.89313 6.66618 36.16905 16.54434
1.78528 31.58379 3.82423 2.52151 8.39996 3.62778 2.51961 0.93651 13.21983 6.05011 17.33017 29.71840 21.27457 54.13437 42.05894 169.89899 13.67378 29.40559 19.40918 3.99780 4.96674 13.81493 7.75909 9.49669 4.17709 2.24113 1.10435 4.62723 11.50131 13.46397 7.87163
57.20329 125.14496 7.02095 4.86946 4.40979 4.61006 0.95749 2.37274 5.01060 9.49860 13.45062 13.54790 20.02716 50.19569 54.06570 232.82433 27.49825 17.41219 2.71034 11.96289 4.12750 24.45793 26.49498 13.83972 9.77898 0.69618 0.81062 9.08089 14.44626 5.71251 2.57111
12.41302 15.91682 4.14658 7.60078 4.54330 0.80109 1.62506 1.39618 2.45285 1.54877 9.19151 12.03156 14.34517 42.45186 105.34286 29.21486 1.91116 7.27654 20.92934 21.22879 20.56694 30.07317 41.06522 56.63109 13.04817 1.18637 0.70953 2.35748 1.28555 6.99806 11.69777
3.34930 2.40707 3.45993 9.23920 1.72234 1.55830 1.06049 0.92316 0.97656 1.03951 5.41496 13.67378 6.40678 21.48628 19.28520 6.59180 12.00676 49.29543 46.66710 10.83755 16.24680 16.21819 34.05571 44.61288 42.72079 5.91087 7.32803 6.15883 4.14276 6.51932 19.18602
