DATA/RAW-RASTER/ECMWF/20170628/EN-14/20170628.en-14.asc
ncols			31
nrows			16
xllcorner		69.5
yllcorner		19.5
cellsize		1.0
NODATA_value	-99999
3.85475 8.54111 21.96693 16.32500 12.31956 16.59012 11.95717 14.10675 2.67792 0.00000 0.89836 1.70708 7.20215 3.83186 6.59752 7.52640 5.82886 2.04277 2.18391 6.33430 1.56403 0.78964 2.25639 1.41716 1.25694 0.80681 0.56648 0.72098 2.00272 1.33324 6.01196
7.36237 5.88608 27.40669 13.91983 12.12692 28.36990 12.93945 1.98364 3.34358 0.91553 3.72124 1.66512 2.08855 3.21579 2.72179 4.28581 4.43649 1.64604 13.70049 7.31659 5.12505 2.66647 1.88828 2.64549 0.83351 0.54932 0.41199 0.67139 1.31226 0.85068 0.21362
16.97350 15.78140 113.86299 21.04187 4.42123 15.40565 18.59093 11.45935 3.72696 1.75095 0.28229 0.89645 0.35667 0.69618 1.68800 1.18637 3.21770 2.21634 5.02777 8.47054 7.40623 7.26318 5.43594 2.84958 0.38338 0.90981 1.46866 0.53787 0.81253 1.29890 1.82152
46.33713 27.35329 50.49515 29.02794 15.03754 25.87700 21.08383 16.76941 5.45692 0.77057 0.00000 0.17738 1.12724 1.27411 1.72424 1.02615 1.96075 3.41415 3.47900 6.62804 13.40866 5.63431 6.58798 0.89455 0.38147 0.00000 0.78583 0.37193 0.62180 1.43623 2.59209
21.36230 50.06790 38.33961 42.61589 43.78700 29.65546 2.80762 5.40733 5.50842 0.97656 0.00000 0.00000 0.00000 0.07629 0.54359 1.92642 1.89400 2.50053 2.14767 5.70679 6.27518 6.71387 8.35991 3.28445 0.14114 1.13297 1.03760 0.82970 3.63922 0.96893 6.44302
25.74539 41.24069 39.09302 34.30557 50.46272 21.97075 24.51515 4.57001 0.43106 11.23619 4.47464 0.10300 0.41962 0.00000 0.64850 0.60272 4.20380 4.71306 6.04057 6.79398 10.59151 10.60486 11.09695 5.55992 2.67410 13.41629 0.90981 1.20735 1.82343 8.69560 6.94656
24.68109 12.88033 20.69664 9.48906 41.99409 20.81299 8.72040 4.03214 1.13297 1.95503 3.21960 3.67546 3.82996 0.49591 0.52261 3.89671 4.50134 3.50380 6.61850 15.60783 7.91550 5.52559 6.69670 3.52859 8.48007 13.85880 7.64656 2.55203 2.78854 3.30162 2.38800
21.98219 10.25200 5.21469 1.19400 12.82310 15.86533 10.12421 12.93564 5.53131 2.67029 2.37846 0.86212 1.15204 4.92859 7.30896 6.56509 12.43591 1.13678 2.38609 5.55992 8.10432 14.26315 9.06563 16.33263 21.55304 29.39415 18.71300 13.46970 44.86847 12.99667 11.65962
6.95610 37.74834 4.23050 2.52342 4.33159 5.72968 8.30841 26.43013 6.92177 0.07820 4.75311 0.51498 0.59700 1.18637 0.94223 3.23296 0.93460 8.44765 16.49094 20.42770 41.09001 49.94965 117.03110 46.38863 39.30473 19.71436 13.81683 35.21919 29.17099 10.08415 5.40161
3.74794 20.39146 1.63651 3.44849 7.25365 10.94055 16.15906 8.99696 5.36346 5.56183 0.34904 0.77629 1.51443 0.12589 0.85831 0.87738 0.98610 1.82533 10.19669 17.08984 18.22853 24.63913 47.56546 44.20853 12.04109 12.32910 19.94705 24.24622 20.88165 3.41034 5.93948
6.74629 5.79453 18.94379 5.67245 4.75883 9.00841 4.47083 6.41632 11.86562 5.94902 0.70000 1.01852 0.88120 0.53024 1.21498 1.10245 1.48773 2.67410 9.12094 6.24657 18.88084 18.74352 31.86607 57.53326 19.37485 10.74219 7.75146 33.89168 44.97528 21.08192 5.44739
13.15117 2.60162 0.71144 25.32768 14.17542 13.61275 0.68474 4.02641 10.70976 17.91000 9.29260 3.70598 2.22397 1.58310 1.13106 1.18256 2.91634 4.35638 8.82721 9.32121 8.95500 3.29208 5.96237 45.39871 6.54030 23.40698 8.53348 31.82793 31.10313 21.41190 19.52171
15.93208 0.37003 0.41580 50.00496 3.39317 1.61743 2.02560 4.16565 1.74522 3.38554 32.34291 12.34055 5.11742 12.60948 4.12178 4.31633 3.65448 5.66292 7.67517 7.65610 12.30621 5.75638 3.32642 38.42926 11.60049 15.95879 5.75638 22.38846 21.51680 12.83646 15.21111
53.48206 4.79507 2.63214 4.36020 2.82669 1.03760 0.61417 0.93842 1.32942 3.21198 8.05092 29.51622 6.83784 8.00323 4.93813 7.69615 7.50542 6.74820 6.03676 7.33757 3.00789 7.31850 21.71135 35.49576 17.75551 0.82779 0.23270 14.31084 7.01141 8.45146 6.44684
36.82137 8.67844 3.60489 15.29121 2.57492 1.86729 0.12779 0.96130 1.60599 5.58281 6.22559 3.22342 6.81114 6.02722 7.50542 14.79530 9.00269 8.15773 6.17599 2.88391 3.21579 5.19943 6.55174 57.67822 9.96017 0.29945 0.28610 2.74849 9.81331 9.43756 2.31171
104.37012 55.05562 18.51845 18.28384 19.45114 19.20891 10.19096 4.05312 5.61714 18.63480 30.19524 50.68207 23.11897 7.68089 14.24408 27.44102 13.93127 16.25633 16.76559 11.48605 4.52423 6.82259 11.84273 17.46178 14.44244 3.12233 7.55119 4.27628 3.01743 1.13106 2.58446
