DATA/RAW-RASTER/ECMWF/20170628/EN-14/20170710.en-14.asc
ncols			31
nrows			16
xllcorner		69.5
yllcorner		19.5
cellsize		1.0
NODATA_value	-99999
4.80652 17.64679 25.15411 10.54382 4.11987 6.50024 0.99182 0.12207 0.30518 1.81580 0.35095 0.03815 0.35095 0.00000 0.00000 0.03815 0.36621 1.63269 3.44849 3.05176 1.17493 3.73840 4.05121 4.49371 3.36456 0.84686 0.49591 0.15259 0.16785 0.54932 2.14386
0.15259 2.38800 0.96130 8.39996 4.43268 4.59290 5.76019 1.00708 0.91553 3.21960 11.92474 2.15912 1.12915 0.62561 0.90027 0.48828 0.42725 0.40436 1.87683 3.50952 5.49316 6.96564 8.15582 7.33948 4.17328 3.45612 2.99835 1.03760 1.19781 4.44794 4.60052
1.75476 1.60217 1.27411 15.83862 162.48322 14.81628 3.09753 1.36566 1.04523 3.05939 3.93677 2.88391 0.88501 4.07410 0.54932 1.05286 1.38092 1.20544 0.41962 0.63324 1.43433 2.86865 1.41144 2.54822 2.58636 5.92041 6.88171 1.46484 1.78528 1.85394 1.16730
8.11005 2.83051 4.20380 17.70782 64.56757 24.36066 6.96564 1.38092 1.97601 1.17493 4.58527 8.60596 7.39288 11.94000 11.35254 0.56458 0.86212 0.92316 0.73242 0.35095 0.59509 1.31226 1.20544 2.92206 4.77600 3.84521 9.79614 6.43158 6.95038 5.74493 5.22614
16.82281 26.05438 8.32367 1.70135 12.65717 15.65552 73.16589 4.99725 31.21948 0.37384 0.96893 13.43536 4.61578 3.73840 10.29205 10.31494 8.02612 10.12421 2.30408 0.41962 1.57166 4.11224 14.73999 14.06097 6.95801 9.72748 12.35199 8.72803 12.39777 12.51221 7.77435
4.33350 0.00000 0.00000 0.05341 0.17548 0.91553 0.27466 21.77429 2.21252 13.76343 29.89960 4.08173 5.10406 1.35803 1.74713 12.45880 13.31329 19.82880 17.79175 10.28442 12.06970 7.41577 11.12366 19.47784 19.45496 20.97321 5.66864 3.00598 3.77655 11.03210 6.86646
0.00000 0.00000 0.00000 0.00763 0.13733 0.34332 1.86920 4.53949 2.05994 7.46918 62.56104 72.91412 45.63904 9.40704 1.06049 1.59454 6.66046 11.12366 8.00323 9.62067 8.21686 10.01740 6.93512 10.44464 13.58795 3.67737 4.91333 7.59125 0.70190 1.91498 4.31061
0.00000 0.00000 0.00000 0.00000 0.00000 0.86212 14.43481 6.37817 3.21960 8.43811 32.09686 161.83472 93.62793 10.44464 4.89807 2.02942 6.57654 3.54767 1.88446 1.97601 6.49261 12.79449 0.90027 17.59338 30.49469 10.39124 24.23096 10.71930 5.47791 8.65936 8.84247
0.00000 0.00000 0.00000 0.00000 0.02289 0.00000 0.71716 1.77002 2.40326 17.57050 19.99664 4.98199 20.24841 10.42175 16.61682 7.25555 5.02777 14.43481 22.61353 22.66693 12.42828 19.26422 6.78253 11.13129 28.21350 18.04352 4.69208 9.27734 21.63696 9.50623 4.57001
0.30518 0.27466 0.67139 0.19836 0.51880 0.16785 5.50079 6.20270 2.93732 3.33405 4.41742 9.28497 9.15527 16.66260 15.35797 13.22174 6.69098 6.53076 21.55304 10.42938 16.97540 23.65875 15.46478 14.18304 7.58362 16.44135 14.76288 26.39771 11.77216 4.41742 4.51660
0.69427 0.73242 0.16022 1.25885 0.18311 1.35803 2.35748 2.19727 5.31006 0.32806 0.83923 20.25604 34.36279 11.92474 16.28113 8.48389 3.21960 3.50189 8.01849 7.33185 14.92310 9.52911 16.45660 6.27136 11.74164 11.31439 31.46362 15.28168 18.39447 4.42505 0.55695
0.75531 0.24414 3.55530 3.80707 2.77710 0.93842 2.19727 2.32697 2.29645 5.48553 0.34332 1.71661 5.85175 16.05225 12.42828 5.17273 4.12750 3.56293 2.18201 3.34167 2.91443 4.50134 6.15692 26.00861 9.80377 8.97980 33.21838 24.10126 4.26483 4.28772 1.64032
1.00708 1.64032 10.15472 1.32751 0.89264 0.80109 0.74768 1.50299 3.97491 1.64032 6.21796 9.62830 0.80872 24.63531 22.37701 3.18909 5.59998 2.70081 2.46429 1.94550 5.72205 8.18634 9.21631 27.19116 10.48279 45.76111 40.28320 30.79987 8.95691 1.05286 4.31824
1.78528 2.14386 2.38800 3.63922 8.95691 124.21417 0.19836 1.72424 1.19019 3.24249 8.03375 6.84357 8.62885 9.45282 7.62939 4.80652 2.28882 7.16400 6.21033 9.71222 2.84576 8.70514 13.51166 29.43420 12.46643 11.59668 20.89691 20.72144 7.57599 2.23541 1.00708
1.72424 1.89209 0.56458 3.26538 4.97437 43.31207 52.42920 1.87683 0.26703 0.11444 1.25885 13.00812 1.74713 9.71222 5.82886 10.11658 1.91498 5.99670 1.66321 1.77765 3.58582 1.91498 3.67737 17.20428 22.99500 8.36182 16.31165 31.79169 31.07452 1.39618 1.30463
0.64087 1.90735 1.79291 6.90460 3.44849 12.13074 5.13458 3.47900 0.70953 0.84686 0.12970 1.48010 4.71497 9.28497 2.11334 13.57269 5.23376 4.78363 2.07520 2.18964 2.15912 5.22614 5.61523 9.36890 7.06482 3.29590 9.75037 7.41577 6.57654 3.37219 1.15204
