DATA/RAW-RASTER/ECMWF/20170628/EN-14/20170702.en-14.asc
ncols			31
nrows			16
xllcorner		69.5
yllcorner		19.5
cellsize		1.0
NODATA_value	-99999
0.00000 0.11826 1.33514 4.36020 10.42938 0.38528 5.82504 1.36185 0.17548 0.05341 2.26974 1.80435 1.81198 3.13950 1.54114 4.11224 2.81906 1.57928 2.56348 4.06265 6.62613 3.27682 5.40543 7.18689 1.93024 1.35803 0.84686 0.73242 0.79727 2.57492 8.89206
1.33896 0.01144 0.12207 1.82343 2.67410 0.48447 0.11444 0.23651 0.08774 0.08774 1.04904 1.33896 1.99127 1.43814 1.18637 1.77765 1.31607 0.67902 4.47464 4.63867 6.34003 6.63757 4.78745 2.87628 2.27356 1.25885 1.62125 2.43759 3.25394 4.69971 9.05991
4.45557 2.38800 0.80872 0.26703 1.91498 1.06049 8.00705 0.19836 0.06485 0.02289 0.00000 0.89645 2.09427 2.28119 2.80380 2.25449 4.82559 1.19400 3.16238 8.22067 8.97598 11.36017 10.36072 2.22015 1.63651 2.78091 0.99564 3.35312 3.73840 8.20923 6.03485
8.86154 8.56400 12.44736 12.24518 0.27084 0.32043 2.35367 8.46100 0.15640 0.24033 0.04578 0.01526 0.03433 2.22015 1.80817 1.00708 1.62125 2.14386 3.50952 8.83484 4.45938 13.97705 6.11496 2.43378 4.19998 3.08609 4.15802 4.36020 4.92477 5.44739 9.79996
1.74713 3.94440 5.72205 1.41525 1.41907 0.47684 0.26321 1.28555 20.42389 0.60272 0.01144 0.38910 2.17438 3.11661 3.58582 3.19672 3.17001 8.73566 12.52365 8.59833 12.07352 3.36838 3.53241 6.32858 4.03976 5.52750 4.56238 5.47791 5.95474 10.06699 7.78580
0.97656 0.05722 0.01526 0.42725 1.92261 1.79291 3.65829 1.00708 0.83542 11.81030 9.23538 9.42993 7.56073 3.71552 4.89807 4.40216 0.59128 3.31497 10.81848 3.79944 9.03320 10.97107 10.12039 4.77600 8.85773 17.08984 4.07410 0.42343 11.08170 10.55908 6.53458
0.00763 0.00000 0.00000 0.00763 0.65994 1.81961 3.02505 2.09045 1.94168 1.63269 6.95419 14.69421 13.51547 9.56345 14.26697 6.21414 2.15530 2.59781 1.11389 8.69751 5.54276 7.38525 11.19232 7.90405 11.71494 48.77853 32.33337 11.79886 1.28555 3.63159 8.55637
0.00000 0.00000 0.00000 0.02289 0.06485 0.24414 2.68555 1.64413 2.76184 1.94931 8.56018 2.09808 1.51825 1.76620 41.52679 4.48227 24.24622 2.86865 1.35422 8.58688 18.98956 16.34216 8.49533 28.72086 44.82269 106.72760 33.59604 15.35797 24.73831 3.29208 5.58853
0.00763 0.01144 0.03815 0.04578 0.13351 0.17548 0.82779 3.18909 4.67300 2.44141 8.67462 16.65115 1.28174 14.71710 99.89166 4.11224 0.69046 32.56989 76.33209 175.24719 147.49908 139.69421 33.97369 66.20407 19.58466 11.01303 48.54202 141.47568 153.48434 22.96066 3.52859
0.01907 0.08774 0.14877 0.82397 2.05994 1.55258 1.06812 4.13895 6.69479 7.93457 9.01413 41.25214 13.99612 5.80215 72.25418 60.03952 6.81305 3.05557 15.91492 4.37546 23.78464 16.83044 28.41568 1.14441 4.52042 19.83261 64.02206 8.85773 36.35025 14.42719 1.45721
0.20218 0.25558 0.82779 0.33188 0.26321 0.63705 2.89154 4.01306 6.96564 29.31213 12.14981 17.97104 14.80865 13.92365 36.65161 115.30685 75.93155 2.92587 2.18582 2.24686 5.53513 14.82773 20.39337 12.41302 37.36115 20.87784 1.24741 9.94873 11.08932 21.96121 6.86646
0.46539 0.31662 1.59454 2.17819 0.72479 2.89917 2.78091 6.06537 4.01688 8.49152 32.40585 13.71384 14.45389 14.06860 18.25714 87.69608 3.71170 3.05557 1.27029 1.56784 2.97165 4.13132 0.93842 3.17001 8.69370 1.66702 0.84686 10.69260 6.70242 36.90338 19.20700
0.63705 0.81253 0.16403 0.68665 6.32477 4.00162 4.27246 9.34982 14.61029 7.97272 20.54596 19.52744 20.71762 19.22226 17.92908 55.19485 3.74222 0.43488 0.90408 0.91553 4.42505 21.09528 9.78470 2.84576 6.74438 0.86212 0.22888 4.72641 34.93500 10.52475 12.84409
1.44958 1.13297 0.32425 2.29263 6.60706 3.39890 3.15094 5.39780 48.23303 42.10663 72.65472 106.33850 32.44019 15.54871 20.14923 8.48007 3.05557 1.02234 2.45667 8.73947 12.03156 29.39224 46.03958 20.60699 20.21790 1.62125 0.40817 2.43759 4.13513 23.21243 15.64407
3.93295 0.90027 2.04849 15.87677 14.06860 1.23596 2.68936 1.33133 6.08826 18.18085 28.97644 15.83862 41.60690 11.82175 20.67947 6.89316 0.85831 1.97220 10.92529 17.37976 18.19992 32.26471 59.44443 50.41504 8.35800 0.26321 1.99509 15.13290 3.91388 9.44519 24.12415
6.43921 4.98199 10.01358 20.93887 9.25064 3.07465 0.85831 1.12152 5.68771 3.76129 5.80978 9.94110 5.49316 6.44684 7.44247 3.80707 15.25497 14.32800 10.13565 17.18521 14.66751 20.84351 37.27722 79.31900 82.60727 5.52750 27.48871 16.63208 10.78415 3.88336 1.29700
