DATA/RAW-RASTER/ECMWF/20170628/EN-14/20170705.en-14.asc
ncols			31
nrows			16
xllcorner		69.5
yllcorner		19.5
cellsize		1.0
NODATA_value	-99999
4.69971 17.95197 20.54214 5.54276 5.43213 3.42941 0.90027 0.83923 0.07629 0.00000 0.11444 0.15640 0.15640 0.19836 0.94223 0.76294 1.28555 0.64850 1.20926 2.27356 2.02179 0.77820 0.72098 0.99945 1.57166 1.60980 4.34875 2.08282 4.63104 3.63922 7.36618
0.95367 14.53781 26.21078 18.00537 9.24683 2.07901 0.48447 0.62561 0.02670 0.00000 0.06485 0.29373 0.87357 2.15912 2.78854 1.23978 1.51062 1.62506 2.50244 0.90790 0.81635 0.62561 0.57220 0.44250 1.70135 0.72098 0.60654 1.65939 1.57166 2.93350 2.42233
5.45120 21.85440 1.99509 10.32257 15.87296 11.15799 3.77274 0.10681 0.38528 0.00000 0.00763 0.49210 0.53406 0.46158 0.77820 1.36566 2.34985 1.41907 1.00708 0.97656 1.02615 0.72479 0.26703 0.62180 0.43869 0.31281 1.14059 0.65994 0.95367 0.98038 2.12097
2.73895 0.00381 0.00000 0.00381 1.35803 8.24356 17.09747 27.29034 0.04959 0.03052 0.01526 0.00381 0.00763 2.26593 1.54114 1.56021 1.96838 2.27356 1.92642 2.99835 1.22452 0.49973 1.81580 1.57547 0.76675 0.12207 1.54495 2.02942 2.33459 4.36401 10.61249
2.59781 0.00000 0.00000 0.00000 0.00000 0.16785 1.95694 14.53400 15.84244 3.83377 0.18692 1.22452 2.04468 8.07953 7.62177 7.78580 3.77274 8.01468 11.52802 7.96509 13.86642 4.97818 7.62939 6.85120 6.20270 7.71713 11.48987 14.67133 14.32037 8.98361 15.66315
2.51007 0.00000 0.00000 0.00000 0.00000 0.00000 0.19073 2.55203 37.20474 34.03473 19.45114 19.04678 12.80975 5.88608 5.84030 6.35529 15.13290 16.68930 10.57816 12.19940 14.86206 14.85825 13.67569 7.02286 11.90567 22.15195 7.93076 0.94986 11.19232 9.68933 10.98251
0.00000 0.00000 0.00000 0.00000 0.00000 0.00000 0.06485 0.09537 2.40326 73.56262 13.33618 36.78131 21.24405 17.67349 2.23923 4.95911 6.66046 3.94440 2.15530 8.57925 3.71933 4.23431 9.66644 13.25989 13.96179 50.14801 18.92853 9.89151 1.33133 3.70789 8.63266
0.00000 0.00000 0.00000 0.00000 0.00000 0.00000 0.00000 0.08011 0.33188 6.73294 4.31824 18.98193 355.06058 105.46112 33.74100 36.07178 14.43481 7.19070 18.71490 9.30786 23.31543 15.79285 8.76617 20.63370 17.73834 38.41400 28.28598 9.88388 26.06201 3.12424 3.12805
0.02289 0.03052 0.08774 0.14114 0.06485 0.00381 0.00000 0.00000 0.08774 0.09155 0.34332 4.45938 16.94870 23.68164 32.02057 57.56760 6.51169 10.62012 56.01120 100.57068 105.86929 70.53757 37.64725 13.51929 14.33563 5.34439 26.66855 73.91357 31.99768 3.38364 0.33951
0.03815 0.51880 1.07574 0.53024 1.51825 0.24414 0.01907 0.05341 0.04959 0.02670 0.20218 0.17929 1.07193 9.96399 16.17050 109.06601 21.54160 11.52802 17.33398 67.05475 7.27081 9.07898 14.89639 2.91061 11.62338 12.23755 18.47839 8.32367 41.88919 4.03595 2.08282
0.38147 0.90408 0.44250 0.50354 0.88882 0.21362 0.27847 0.73242 0.10681 0.30899 0.45013 1.86157 0.53406 2.00272 4.55093 17.05933 48.38562 18.56995 13.56506 16.60538 12.60376 20.90454 38.34152 7.53403 5.65338 7.48825 5.04684 20.22934 39.47830 11.98959 12.44354
0.42343 0.24796 1.26648 2.49100 1.65939 0.80109 0.58365 0.60272 0.41580 0.20981 1.00708 1.06812 0.69046 1.68991 6.70624 13.21411 27.33994 51.05209 14.91928 17.09747 34.67941 11.53564 4.91333 4.13513 13.43155 4.08936 11.86752 21.49582 16.42990 22.00699 8.27789
0.13733 0.62180 4.03976 1.30844 2.63214 2.16293 1.45721 0.05341 0.25940 0.57602 0.78201 1.19781 1.45340 1.62506 7.05719 8.57544 8.52966 13.32855 13.04245 24.73831 24.21951 32.00150 3.42178 8.06046 12.38251 5.17654 7.94601 7.13730 5.05829 6.82449 4.80270
1.53732 2.93350 2.28882 3.40652 2.39944 2.47955 3.07465 1.09482 0.69809 0.35858 0.52643 0.08011 0.22888 0.54932 1.47247 1.11008 1.77765 3.25012 12.75253 35.35843 13.47351 35.65598 3.79562 6.88553 2.66647 1.48773 0.71335 0.84686 2.90680 7.03812 2.37274
2.94495 4.12750 4.27628 5.04684 1.81580 6.96182 2.56348 3.85666 0.86212 0.58746 0.09537 1.54495 4.02832 5.97382 7.11441 3.87192 6.53076 3.54385 11.31439 8.66699 18.72635 13.30566 26.43204 17.20047 2.51770 1.67084 0.89645 1.77765 0.77820 1.02997 0.53024
2.65121 9.78470 12.04300 18.45932 1.07956 9.65881 3.31879 1.95312 0.91171 0.16785 0.08774 2.70462 12.24899 75.66452 39.75677 23.41461 9.10950 6.16074 8.45718 7.98035 9.96399 5.83649 9.06372 15.56396 13.17978 0.91934 1.62506 0.64087 0.49973 4.10080 0.19836
