DATA/RAW-RASTER/ECMWF/20170628/EN-14/20170707.en-14.asc
ncols			31
nrows			16
xllcorner		69.5
yllcorner		19.5
cellsize		1.0
NODATA_value	-99999
1.94168 0.93460 1.52969 1.07956 0.97656 4.36401 0.73624 2.32315 0.45776 0.31281 2.10190 0.82397 2.83051 1.75858 2.64359 1.31989 0.86212 2.11716 3.63541 3.34549 5.47791 5.26047 4.02832 1.91879 1.62125 2.36511 0.56839 0.28610 0.37003 0.12589 0.30518
0.12589 0.25558 26.05057 3.16238 7.30133 7.24792 3.21960 5.48935 0.80109 1.22833 0.68665 1.01852 1.48773 1.46484 1.75095 3.13568 2.03323 1.44577 3.13950 8.15964 1.65558 20.89310 11.15036 5.53131 4.03976 5.48935 3.36456 2.01416 3.19290 2.86865 3.74985
0.04959 0.69427 0.29755 4.27628 6.97327 11.45172 4.29153 0.18311 0.08774 0.00000 0.14496 0.26703 0.18692 0.41199 0.77438 3.57056 13.41248 5.99670 7.49969 5.35965 6.25229 4.89426 8.54111 21.86203 12.64191 16.45660 22.90726 15.40756 14.04190 11.29913 11.65771
0.10681 0.01526 0.00000 0.17929 2.16675 2.12479 10.41794 20.19501 0.10300 0.24414 0.43869 0.50354 2.67792 7.85446 17.51709 14.11819 9.39941 5.44739 11.65771 13.83972 9.78088 8.02231 14.45007 13.08823 22.06802 15.24353 24.78027 21.78955 15.11383 16.56342 19.11163
0.16785 0.00000 0.00000 0.00000 0.00000 0.47684 1.04523 7.06863 1.75095 1.45340 0.08011 5.32532 6.50024 12.12311 4.78745 13.13782 11.80649 17.93289 16.04462 10.45990 14.24026 13.33618 12.48932 9.34601 7.80869 3.80325 7.09534 12.40921 7.82013 19.87839 13.44681
0.14877 0.00000 0.00000 0.00000 0.00000 0.01526 0.21744 0.14114 1.11008 32.32574 37.79984 7.15637 7.22504 1.70135 6.10733 6.95419 4.88281 7.73621 10.14709 10.08606 10.20813 13.51929 13.68332 12.96997 9.77325 12.51602 8.68607 1.52206 6.64520 2.02942 3.33786
0.00000 0.00000 0.00000 0.01526 0.00000 0.01526 0.01526 0.19836 0.09537 0.57983 54.55780 93.46390 77.70157 20.37811 2.16675 2.15912 3.05939 6.40106 9.20486 24.13177 5.26047 3.62778 2.73895 9.45282 28.09143 50.19760 58.23517 14.58740 16.13235 6.27518 3.95584
0.00000 0.00000 0.00000 0.00000 0.01526 0.09918 0.36621 0.01526 0.18692 0.07629 0.16022 4.19235 19.98901 28.56064 24.25766 30.18570 31.40259 6.08826 11.23428 9.87625 11.33347 17.45224 11.98578 20.67184 46.98944 40.99274 55.46570 17.47513 27.77863 9.69696 13.84735
0.00000 0.00000 0.00381 0.04578 0.08392 0.01526 0.00000 0.00000 0.00381 0.00000 0.00000 0.08011 1.51062 8.57162 38.11646 45.55130 25.85983 39.21509 28.32794 76.88522 89.81323 136.30676 130.38254 39.68048 18.01682 2.99454 14.54926 32.37534 40.16495 25.53177 3.07846
0.08774 0.22507 1.04523 0.58365 1.08719 0.36240 0.54169 0.17929 0.09537 0.00000 0.24796 0.02289 0.01144 1.18256 4.04739 17.38358 25.23804 46.66138 57.71255 44.27338 18.69202 90.39307 41.21780 53.48969 17.57431 12.80212 15.08713 18.07785 59.39865 30.81131 7.88879
0.30899 1.11389 0.93079 0.54932 0.62561 0.02289 0.09918 1.00327 0.23651 0.19073 0.63705 4.57001 5.02014 4.60815 4.51660 11.20377 13.10349 9.81903 13.54218 12.45880 28.18298 21.76666 49.23248 17.18903 23.28110 27.22549 9.10187 8.61359 15.85007 6.37054 1.23215
0.77057 0.62943 2.18964 2.98309 0.81635 1.13297 0.78964 1.59836 0.72098 1.02234 0.73624 1.07193 15.73944 6.48880 14.14108 8.81195 2.71225 8.68607 9.83429 35.56824 16.52527 16.83807 9.74655 12.25281 17.35306 6.98853 2.57492 8.41141 5.18799 2.18964 0.94223
1.51825 0.77820 0.33188 0.43488 0.45013 0.24796 0.54550 1.23215 1.24741 0.73624 1.47247 1.78909 6.84357 12.43973 3.68118 18.58902 19.08875 10.15854 31.68488 25.41733 28.65219 36.98349 2.52533 3.55530 7.75528 1.60217 0.07248 2.41089 2.30789 1.11771 0.38528
1.73187 1.48010 0.04959 1.23978 1.43433 0.69046 0.34332 0.86594 0.98801 5.01251 1.73569 1.05667 3.40652 16.99066 22.49908 20.77866 13.18741 0.60654 11.26480 20.13016 12.62665 23.88382 6.08444 6.84357 3.13568 0.77057 0.27847 0.71716 6.09970 1.52206 0.32425
2.50244 1.12915 0.70190 3.15857 1.66702 1.35040 1.71661 0.54169 1.49155 4.97818 3.08228 1.69373 2.73514 18.77975 15.96451 7.75146 10.76889 15.23209 7.88879 10.67734 14.67896 14.33945 26.08871 6.50787 0.54169 0.08774 0.85068 0.51880 1.97601 0.26321 14.58359
0.72861 2.97546 3.57819 9.85336 1.12152 1.46103 0.35477 0.52261 0.22888 2.07520 2.54059 3.03268 5.74493 5.51987 5.10025 4.37927 8.97598 1.59073 1.41907 4.15802 6.62231 12.51602 15.28168 12.25281 16.26205 1.96457 13.90457 1.10245 3.23486 5.45120 1.08719
