DATA/RAW-RASTER/ECMWF/20170628/EN-14/20170712.en-14.asc
ncols			31
nrows			16
xllcorner		69.5
yllcorner		19.5
cellsize		1.0
NODATA_value	-99999
1.33514 9.33838 15.15961 19.86694 12.55798 3.90625 6.60706 1.21307 7.11060 7.66754 0.73242 0.36621 1.08337 0.06866 0.06104 0.39673 0.28229 0.03052 0.01526 0.00000 0.00000 0.00000 0.00000 0.00000 0.00000 0.00000 0.00000 0.00000 0.10681 0.04578 5.34821
0.63324 2.47192 1.25122 8.48389 12.03156 2.92206 2.67029 6.36292 25.68817 5.82886 1.06049 0.38910 0.19073 0.07629 0.88501 0.49591 0.58746 0.00000 0.00000 0.00000 0.00000 0.00000 0.00000 0.00000 0.00000 0.00000 0.12207 0.04578 0.22125 0.74768 2.53296
2.83051 9.26971 1.81580 0.50354 5.90515 16.68549 2.86865 0.80109 9.82666 4.53186 7.39288 0.58746 0.00763 0.00763 0.06866 0.57983 0.70953 0.21362 0.35095 0.67139 1.70898 0.37384 0.00763 0.66376 0.29755 0.75531 0.24414 0.67139 2.72369 12.46643 8.30078
4.77600 0.70190 0.19073 1.64795 6.69861 81.61163 10.49805 5.41687 2.38800 7.41577 6.95038 0.38147 0.35095 0.77820 0.51880 0.78583 1.42670 0.10681 0.87738 0.67902 1.66321 0.88501 1.80054 0.60272 2.13623 0.39673 7.34711 5.52368 3.99780 5.89752 5.40161
7.04956 3.78418 4.12750 1.14441 4.84467 8.67462 1.38092 1.41144 5.15747 4.03595 5.43976 2.77710 0.67139 1.12152 1.54877 2.68555 2.25067 0.70190 0.87738 2.46429 2.97546 3.59344 12.48169 5.81360 8.74329 9.39178 6.51550 10.59723 8.46100 7.98035 8.88062
6.92749 10.80322 0.59509 0.57220 0.80872 0.74005 5.48553 0.77057 1.34277 22.04132 5.25665 5.15747 5.03540 4.75311 3.57819 0.92316 0.06104 0.08392 1.13678 1.91498 3.89862 12.25281 2.56348 5.40161 7.27081 12.83264 12.55798 14.42719 13.54218 10.44464 14.89258
0.09918 1.77002 7.01904 0.82397 4.04358 1.25885 1.24359 5.64575 0.52643 1.28174 21.70563 10.39124 12.33673 7.36237 4.52423 6.50787 14.61792 8.68988 1.41907 1.55640 6.88934 5.51605 3.02887 9.37653 11.56616 2.60925 3.75366 5.12695 9.78851 7.69043 16.31165
0.03815 2.14386 6.26373 4.66156 0.28229 1.12152 4.63867 2.59399 1.64795 0.90790 0.86975 6.22559 4.12750 4.63104 5.19562 6.22559 15.94543 3.99017 3.54004 13.08441 18.18085 6.75964 10.42938 11.87897 1.07574 0.93079 7.98035 9.91821 3.28064 11.68060 19.99664
0.21362 0.51117 3.50952 9.24683 7.92694 0.83160 5.13458 4.76837 10.47516 2.16675 0.54932 3.71552 6.53076 17.40265 13.81683 15.86151 5.03540 8.15582 10.36072 1.70135 10.76508 7.89642 4.21906 3.50189 4.40979 2.90680 2.34222 11.80267 4.77600 7.35474 1.85394
0.00000 0.97656 5.03540 3.43323 2.54059 5.14984 10.48279 0.96893 7.60651 3.95203 1.56403 1.51825 5.70679 6.93512 11.22284 13.39722 9.29260 15.70129 13.06152 5.73730 1.60980 3.57056 4.46320 3.11279 6.46973 18.02826 3.45612 3.84521 1.17493 0.51880 3.68500
0.04578 0.59509 0.74768 4.90570 1.61743 12.34436 22.29309 3.15857 0.62561 0.14496 0.02289 0.18311 2.75421 2.78473 7.96509 7.03430 19.23370 10.38361 6.49261 6.53839 1.57928 1.24359 1.59454 9.36127 3.71552 1.28174 1.76239 0.80109 2.75421 1.38855 0.40436
5.39398 0.67139 0.83160 9.49860 39.46686 1.13678 9.75800 3.86047 1.81580 0.45776 0.45013 0.12970 0.40436 0.68665 6.69861 2.10571 8.09479 7.74384 6.97327 5.44739 1.72424 12.03156 1.84631 22.46094 4.09698 1.50299 1.31989 2.48718 1.09100 0.32043 1.12152
2.31934 2.27356 56.09131 1.57166 2.57874 5.08881 10.37598 22.55249 2.94495 2.13623 3.02887 0.42725 0.12970 2.22015 0.76294 1.10626 1.73187 1.89209 1.11389 0.76294 7.86591 8.19397 9.36127 8.23975 5.34821 2.04468 2.05994 5.34821 0.74005 0.17548 1.21307
1.64032 3.06702 1.22070 3.26538 10.78033 2.46429 1.59454 1.08337 0.59509 3.73077 3.52478 1.17493 1.73950 3.40271 1.28174 2.16675 1.86157 2.91443 1.85394 4.85229 2.02179 7.18689 23.07892 13.34381 1.68610 4.25720 0.58746 4.29535 0.48828 0.83160 0.14496
3.64685 0.54932 0.66376 2.01416 3.09753 2.17438 1.99890 0.32806 0.07629 1.28174 9.71985 10.16998 6.12640 4.40216 0.60272 2.28119 2.65503 0.77820 1.31226 3.02124 5.72968 4.95148 5.65338 7.42340 9.55200 3.25012 1.21307 1.64032 1.79291 1.86920 0.46539
2.41089 3.02124 5.76019 14.61029 2.04468 2.91443 16.04462 8.44574 0.41962 0.13733 1.20544 9.75800 3.68500 4.26483 1.79291 4.01306 7.79724 3.66211 1.86920 1.54114 1.26648 3.30353 2.60162 3.58582 11.61194 1.48010 2.70844 4.21906 2.60925 4.63867 8.87299
