DATA/RAW-RASTER/ECMWF/20170628/EN-50/20170709.en-50.asc
ncols			31
nrows			16
xllcorner		69.5
yllcorner		19.5
cellsize		1.0
NODATA_value	-99999
3.91388 5.38635 1.90735 2.99835 3.70789 3.66211 0.16022 0.24414 0.24414 2.01416 1.19781 2.36511 2.67792 0.11444 0.09918 0.12207 0.06866 0.03815 0.01526 0.59509 4.59290 3.95966 1.22070 5.27954 9.50623 5.37109 2.86102 1.35803 2.93732 3.41034 3.03650
0.19073 3.20435 12.06970 14.52637 4.95911 1.73950 2.08282 2.04468 2.05231 1.57928 4.66919 4.05884 2.25067 0.48065 0.64850 0.25940 0.06104 0.10681 0.84686 1.51062 2.54822 4.31824 9.25446 9.81140 3.60107 1.97601 1.23596 1.39618 3.28827 6.62231 19.34814
0.25940 5.65338 0.45013 5.14221 4.28009 2.31171 2.12097 0.35858 2.87628 0.77820 7.46918 3.86810 0.38910 0.11444 0.28992 0.31281 1.28937 0.37384 0.80109 2.25830 1.70898 12.68005 4.50897 6.75964 3.31116 10.48279 21.65985 5.04303 11.71112 6.53076 10.60486
6.82068 9.07898 5.61523 4.98199 3.68500 3.57819 4.78363 9.33838 1.19781 2.31171 2.63214 3.52478 1.67847 3.02124 10.26917 1.84631 0.65613 6.74438 5.09644 12.30621 16.51764 11.29150 8.62885 6.21796 6.73676 1.40381 9.50623 8.90350 5.56183 9.70459 23.76556
4.49371 12.67242 7.30896 1.54877 1.89209 0.61798 0.76294 16.73889 11.58905 1.70135 0.09918 2.17438 13.67950 1.51062 3.08228 15.53345 9.97162 21.07239 13.88550 20.90454 7.80487 3.92151 7.03430 1.35803 1.15204 1.21307 0.22125 12.03918 10.76508 13.24463 9.18579
10.24628 8.16345 0.30518 0.06866 0.04578 0.00763 0.09155 0.35858 1.15204 19.53125 9.06372 10.38361 1.13678 4.73785 16.28876 6.71387 12.80975 11.15417 10.58960 8.62122 4.74548 7.51495 2.50244 7.30896 1.69373 2.35748 2.08282 4.59290 9.37653 2.49481 8.27026
0.12970 2.46429 0.16022 0.17548 0.43488 0.15259 1.14441 0.98419 0.27466 0.95367 2.60925 0.99182 5.97382 10.64301 19.37866 26.22986 13.58795 7.73621 4.50897 5.05829 5.66101 6.78253 5.15747 2.31934 1.51825 4.07410 6.69098 10.40649 8.33893 6.14166 15.22064
0.11444 0.19073 0.16785 0.63324 3.66211 1.32751 1.76239 1.28937 0.56458 0.75531 0.29755 0.78583 1.06049 2.51770 1.99127 5.55420 10.85663 12.00867 1.82343 1.68610 0.98419 8.17108 3.44849 9.02557 4.44794 8.61359 15.38849 17.10510 7.45392 7.56836 8.55255
0.05341 0.00763 0.23651 12.77924 36.33118 11.08551 5.42450 4.77600 1.14441 1.10626 0.38910 0.30518 0.86975 0.77057 0.65613 1.57928 2.15912 4.98199 5.74493 34.76715 14.32800 7.86591 8.07190 10.37598 2.83051 5.00488 5.49316 6.98853 7.62177 2.26593 1.81580
0.01526 0.07629 9.39178 10.91003 35.75134 61.01990 10.33020 2.89154 0.87738 0.48828 0.92316 0.41962 0.28992 0.40436 0.83923 0.59509 0.33569 0.23651 0.94604 3.53241 11.80267 6.69861 3.29590 2.22015 1.39618 5.95856 17.21954 12.93182 6.88171 4.13513 13.74817
0.02289 0.22888 13.22174 16.60919 56.84662 339.98871 47.93549 23.37646 3.50952 0.42725 0.87738 1.06049 0.23651 0.31281 0.75531 0.46539 0.71716 0.36621 0.64087 1.50299 15.10620 9.23920 2.81525 7.22504 4.76074 20.89691 43.97583 23.75793 12.67242 4.50134 3.78418
0.30518 0.62561 4.53949 15.19012 60.76050 51.82648 5.03540 2.41089 3.45612 1.83868 1.34277 0.09918 0.38147 0.06866 0.47302 0.64087 0.65613 0.59509 0.13733 3.04413 18.11981 16.05225 7.14111 1.84631 1.62506 10.84900 12.68768 36.90338 7.40814 17.02118 12.26044
1.62506 1.35803 6.66809 8.43048 9.15527 9.52148 3.57819 2.84576 1.18256 1.17493 1.03760 0.08392 0.80109 1.28174 0.54932 0.16022 0.29755 0.41199 1.17493 2.28882 34.53064 36.58295 22.21680 4.33350 7.97272 3.12805 3.73077 17.20428 28.51868 8.84247 16.76941
2.20490 1.90735 1.12152 16.38794 42.32025 12.76398 5.71442 7.88879 0.70953 0.90027 0.31281 0.08392 0.55695 0.48828 0.28992 0.09155 0.15259 0.21362 0.83160 11.26862 17.38739 24.17755 27.67181 2.74658 5.67627 0.53406 4.10461 35.51483 15.40375 17.36450 15.24353
2.87628 3.31879 2.24304 5.25665 4.04358 1.60980 0.51880 1.86920 0.73242 0.69427 0.50354 0.27466 0.23651 0.22888 0.13733 0.86975 0.44250 0.38147 0.00000 3.08228 5.39398 19.03534 15.49530 3.92151 0.37384 1.35803 14.48059 15.87677 28.48816 118.09540 39.58893
2.76947 3.00598 3.72314 9.59778 2.13623 1.13678 0.99182 1.08337 0.51117 0.18311 0.39673 1.02997 0.58746 0.16785 0.28992 1.71661 1.09100 0.00000 0.19073 1.10626 1.73187 8.98743 12.89368 11.04736 9.20105 0.14496 16.17432 18.40973 9.13239 23.36121 20.04242
