DATA/RAW-RASTER/ECMWF/20170628/EN-50/20170710.en-50.asc
ncols			31
nrows			16
xllcorner		69.5
yllcorner		19.5
cellsize		1.0
NODATA_value	-99999
3.72314 7.40814 4.63104 2.00653 1.27411 1.11389 0.84686 0.15259 0.06104 0.06866 0.34332 0.74768 1.83105 5.66101 3.92151 1.51062 0.72479 0.22125 0.01526 0.00000 0.00000 0.12970 0.17548 0.26703 0.32806 0.16022 0.32043 0.57220 1.67847 2.81525 2.67792
0.06866 1.58691 2.00653 3.43323 5.55420 2.15149 0.14496 0.49591 1.09100 1.44958 2.83051 3.41034 0.98419 5.60760 4.40216 0.75531 0.55695 0.43488 0.01526 0.20599 0.61035 0.86975 1.14441 0.41199 0.64087 1.00708 1.24359 0.77057 1.34277 1.97601 0.93079
1.67847 2.15912 3.31116 4.08936 2.98309 4.08936 3.02887 0.16022 1.69373 0.95367 3.08228 2.34222 7.15637 2.45667 3.30353 3.65448 2.97546 0.70953 0.70190 1.02997 2.67792 0.91553 1.63269 2.09808 1.44196 1.77002 1.13678 1.54877 0.88501 0.88501 3.69263
4.53949 2.33459 3.82233 3.24249 9.42993 2.33459 10.93292 6.02722 0.71716 0.80109 1.08337 2.54822 7.65228 4.97437 2.34222 2.54059 2.46429 1.21307 1.18256 2.92206 1.20544 3.65448 2.36511 0.50354 0.61798 2.60925 1.65558 1.06049 4.51660 7.97272 8.30841
4.15802 3.69263 2.57111 7.95746 2.06757 0.09918 2.51007 5.69153 11.19232 3.25012 1.85394 6.94275 23.50616 9.52911 6.75201 6.97327 3.35693 6.80542 6.18744 3.60107 5.82123 4.95148 9.60541 1.39618 5.79834 13.29803 8.68225 9.17053 13.38959 13.08441 12.10785
4.79889 6.03485 1.18256 0.67902 0.25177 1.08337 0.44250 0.57220 1.35040 11.95526 20.79773 15.60211 19.12689 9.07898 7.64465 2.82288 1.97601 5.47791 4.08936 8.88824 9.46808 7.69806 3.22723 6.31714 5.62286 4.55475 8.34656 16.93726 19.01245 8.13293 17.02118
0.01526 0.67902 1.56403 2.70081 0.58746 0.31281 0.52643 1.53351 2.34222 6.03485 3.15857 6.50024 15.67078 16.09039 4.50134 1.05286 4.31824 8.68225 6.81305 7.83539 7.17163 5.78308 7.49207 4.66156 15.05280 42.19055 11.74164 7.66754 14.96124 6.75201 7.31659
0.43488 2.04468 9.53674 4.98962 5.33295 9.38416 2.43378 1.12915 1.45721 1.58691 1.35803 3.90625 1.41907 2.38037 2.80762 3.06702 6.46973 0.60272 0.81635 4.74548 4.25720 9.02557 7.66754 9.86481 13.02338 23.67401 9.62067 15.45715 10.87189 13.74817 9.41467
0.19073 1.16730 2.26593 5.72205 26.85547 30.71594 14.83917 1.37329 1.07574 0.52643 0.80109 1.01471 2.17438 2.57111 3.82233 10.19287 17.49420 14.97650 11.29913 25.39825 6.53076 9.01794 11.07788 7.69806 10.27679 17.30347 31.62384 25.04730 30.99823 10.50568 4.09698
0.00000 0.00000 1.23596 4.24957 15.69366 28.10669 61.85150 2.24304 1.92261 0.99182 0.80109 0.10681 0.64850 0.79346 2.84576 1.70898 5.85175 13.56506 23.00262 20.15686 22.78900 3.32642 17.36450 31.64673 9.39941 5.53131 19.44733 10.56671 8.47626 10.67352 6.85883
0.00763 0.09155 1.97601 8.88824 20.86639 51.52893 68.80188 17.92145 0.75531 0.54169 0.91553 1.53351 0.35858 0.70190 0.50354 0.93079 4.11224 10.92529 13.63373 17.94434 10.27679 11.13892 5.99670 6.21796 2.44904 11.59668 75.62256 24.23859 13.06915 19.00482 12.11548
0.17548 0.53406 2.09045 3.70026 8.28552 9.80377 14.96887 3.66974 0.95367 0.83160 0.85449 0.62561 0.92316 1.68610 0.61035 1.96075 0.96130 2.61688 6.08826 10.18524 5.87463 6.11877 8.28552 7.17163 15.50293 19.50073 16.49475 27.27509 15.46478 21.07239 17.64679
0.63324 0.56458 0.40436 1.97601 2.58636 1.84631 0.87738 0.87738 0.41199 0.39673 0.78583 1.31989 0.66376 0.81635 2.25067 1.14441 0.77820 1.96838 5.19562 8.07190 17.33398 11.04736 20.94269 16.89148 28.48053 11.73401 8.52966 19.40918 9.74274 23.81134 15.47241
1.15204 0.79346 0.29755 2.20490 3.07465 1.61743 0.92316 1.36566 3.37219 0.40436 1.11389 1.15967 0.87738 0.39673 0.80872 0.16022 0.26703 0.54169 0.90027 5.42450 40.34424 14.50348 35.39276 12.23755 17.70782 5.94330 9.36127 21.82770 40.85541 51.21613 1.70898
1.37329 1.61743 2.42615 5.54657 3.19672 0.74768 2.09808 1.87683 1.64032 0.77820 0.50354 0.86212 0.33569 0.73242 0.18311 0.55695 0.04578 0.02289 0.00000 2.34222 14.70184 17.66205 28.32794 21.29364 5.40161 10.71930 21.57593 11.48224 19.81354 30.94482 12.03156
3.08228 3.76892 4.69971 10.42175 0.90790 1.09100 1.43433 1.31989 0.39673 0.13733 0.45776 3.13568 7.20978 0.90790 0.62561 1.00708 1.34277 0.00000 0.00000 0.10681 6.01196 12.70294 16.86859 17.02881 21.07239 19.78302 7.93457 5.35583 5.31006 8.78143 13.46588
