DATA/RAW-RASTER/ECMWF/20170628/EN-50/20170702.en-50.asc
ncols			31
nrows			16
xllcorner		69.5
yllcorner		19.5
cellsize		1.0
NODATA_value	-99999
0.94604 4.02069 3.75748 6.18362 5.50461 1.94550 3.11661 1.68610 0.23651 0.01907 0.43488 1.44958 1.75858 1.40381 3.26538 1.78146 4.18472 2.41470 3.82233 1.07574 1.59454 1.89590 1.07956 3.12805 4.46701 2.71225 3.51334 2.71225 2.25067 5.18417 11.42502
0.52643 0.89264 1.36948 1.42670 5.25665 3.48282 0.32806 0.06866 0.06485 0.01526 0.24033 0.44250 1.14059 4.22668 1.77383 3.08609 2.55203 2.46048 3.20053 1.90735 1.79291 5.31387 8.56018 11.24954 13.64517 14.49966 10.57816 10.10895 8.80051 4.12750 2.65503
2.30026 6.18744 1.79672 6.36673 5.46646 1.19781 1.89590 0.19455 0.03052 0.00000 0.05341 1.05667 1.06049 0.85449 1.26266 2.15530 1.77765 2.75040 4.83322 7.36237 2.83813 4.82559 6.33621 11.91711 15.28168 16.09802 18.98575 14.14490 8.91876 4.42886 0.86594
7.74002 17.20047 7.65228 18.74542 9.73511 3.44467 1.36566 2.81525 4.37927 3.73459 4.17328 3.62778 2.24686 14.55307 10.70786 9.33838 3.45230 4.48227 6.79016 12.04300 4.54330 2.44522 9.15909 10.60104 5.49316 4.55475 9.38416 17.11273 17.09366 11.47079 7.11441
3.73840 6.85501 13.30185 11.61575 7.84683 1.17874 0.46158 60.34088 12.16125 7.14493 1.83868 14.00757 5.49698 9.82285 9.44138 7.29370 5.54657 12.93945 9.14383 9.90295 9.15146 8.88824 7.28226 9.59778 5.67627 5.49698 2.02179 0.78583 13.40866 13.82446 8.27026
3.07465 0.96512 3.96347 14.08386 4.22668 0.63705 0.68283 7.81250 5.34058 48.46573 8.72040 14.73236 6.08444 4.95911 2.42233 1.75858 6.40106 3.31497 3.19290 2.67792 1.56403 2.22397 1.04141 4.30298 1.33133 9.10568 2.39944 0.47684 8.64029 7.97653 16.02936
0.00000 0.00000 0.01526 4.58908 0.84305 1.03760 1.48392 6.36292 21.30127 29.33884 46.04721 49.17908 9.56345 8.45718 0.59128 2.59781 1.81961 1.17493 2.36511 2.49481 0.60272 1.77383 4.57001 0.95367 1.97983 22.86148 7.90024 3.26920 1.38474 12.56943 15.46478
0.00000 0.00000 0.00000 0.16785 4.02451 6.56128 1.95694 5.78690 15.68985 37.09030 38.84888 31.37589 13.83972 22.60971 38.74588 18.15033 5.22614 0.16022 0.56076 5.47791 13.48114 12.36725 1.80054 15.70892 24.29199 19.14597 29.32358 9.90677 21.94214 6.16074 15.38086
0.00000 0.00000 0.00000 0.00000 0.64087 2.56348 4.25339 10.92911 12.95090 8.26263 21.59500 15.41519 10.02502 16.67023 13.21793 21.52634 4.68063 9.40323 36.60583 43.06793 19.78302 32.09686 12.56943 37.90283 8.44193 10.24246 13.86261 19.15359 8.18253 8.41522 2.21634
0.10300 0.06485 0.08392 0.04959 0.12589 0.89264 7.03430 11.14655 17.32254 30.00641 38.83743 40.11154 5.05447 3.59344 11.90948 4.76837 7.26700 11.89041 8.95309 3.00598 3.88336 10.31494 22.60971 4.53949 4.52423 11.81793 27.48108 67.68036 72.99805 6.05774 1.83487
0.28229 1.40381 1.25885 0.86975 0.01526 0.64468 3.79944 11.03592 15.01846 26.74866 32.46689 10.64682 7.63702 9.83047 3.58200 7.40433 6.07681 10.74219 7.44629 12.01630 10.85663 12.51602 26.79443 3.82996 4.30298 9.01794 15.67459 30.30014 76.23672 16.74271 6.93893
0.53406 0.56839 1.23978 3.86429 1.45340 1.32370 10.31876 14.67133 18.21518 20.90073 36.79657 108.84476 42.09137 2.68173 2.67792 9.40704 8.66318 13.37814 17.24243 11.15036 13.79013 8.48389 1.69373 2.71606 10.28061 10.72311 15.36179 27.46964 13.26370 14.33563 4.50897
0.64850 1.11008 0.80872 2.95639 3.43323 2.06757 2.48337 9.00269 19.01627 87.94022 69.97681 13.96942 5.31769 2.36893 2.16293 2.55966 3.64685 12.85172 12.01248 11.98578 16.19339 14.43100 3.05176 2.52914 12.48550 3.49045 4.13895 4.23431 16.11710 9.09042 1.46103
1.30844 1.70517 0.48447 1.97983 2.83051 1.34659 2.46048 6.25992 1.57166 3.41415 25.66147 10.53238 38.81073 13.18741 1.93787 2.44141 3.33023 10.49805 4.70352 12.58469 6.71005 18.61572 9.19724 4.13513 12.29858 0.63324 1.72806 1.23596 7.90024 7.98416 15.74326
4.10461 2.30026 4.10461 5.29099 4.62723 1.10626 2.74277 0.97275 1.69754 2.02560 1.91879 1.39999 6.49261 8.70132 8.17490 1.82724 1.08719 2.12479 7.77435 25.75302 23.05222 24.08218 35.69412 20.50781 1.49918 1.90735 3.47519 2.50626 3.36075 32.21512 2.70081
2.39944 4.40979 5.96619 8.57544 0.69046 1.43433 1.90353 1.82343 1.77765 3.07083 2.62070 0.96893 3.70789 2.35748 3.33023 8.20923 11.10077 5.80978 20.97321 16.46423 16.48331 25.86746 28.86581 34.09576 47.75620 7.22504 20.95032 3.37601 9.53293 3.68118 1.44196
