DATA/RAW-RASTER/ECMWF/20170628/EN-50/20170703.en-50.asc
ncols			31
nrows			16
xllcorner		69.5
yllcorner		19.5
cellsize		1.0
NODATA_value	-99999
0.23270 2.98691 3.23868 0.96512 6.79779 2.10190 1.68991 0.70190 0.17166 0.06866 1.78528 1.57547 2.55203 3.32642 2.54440 2.01035 1.20163 0.83542 1.51062 6.38962 9.40704 5.86319 0.70953 0.32425 0.06485 0.01907 0.03815 1.57166 2.52914 4.50134 3.32260
0.08774 0.78583 8.26263 1.39236 5.80215 0.03052 0.09537 0.11063 0.24033 0.14114 0.64087 0.90790 1.57166 3.71933 3.89099 13.20648 14.93835 10.63538 7.46536 12.63428 4.46320 4.01688 2.03705 0.74005 0.34714 0.39673 0.27847 1.68610 5.05829 5.64194 2.84958
0.09918 1.59454 0.40436 2.75803 0.91934 4.44412 1.47629 0.07629 0.04578 0.12207 0.98038 1.38855 9.24683 8.07190 16.26587 17.69638 19.06204 5.64194 6.83975 6.97708 3.26538 8.25882 4.85992 4.76456 3.73459 0.77438 0.38910 1.57928 7.67899 9.59778 12.87460
0.27084 0.69809 0.14114 1.20163 0.46539 1.78528 1.79672 7.45392 0.14114 0.19073 2.21634 5.36346 8.45718 5.26428 2.91824 5.00488 6.64520 5.70679 6.51169 1.69754 4.67682 4.62723 7.62177 7.04956 1.83487 0.31281 0.84305 2.94495 4.90952 13.48877 13.85498
2.68936 0.64468 2.36893 1.97983 3.07083 3.65067 1.32751 2.41852 13.33237 8.67844 4.73022 5.24521 4.09317 5.01633 5.76019 8.99887 8.99887 7.68280 4.16565 5.37872 4.02069 4.40598 7.44247 4.18472 1.65176 1.36185 4.39072 17.95578 15.19775 10.12802 14.94217
5.10406 0.03815 0.00763 0.95749 2.47192 2.92969 2.93732 2.23923 11.77979 26.51978 12.54654 16.15143 9.54437 5.90134 6.58035 2.31171 4.38309 1.20544 2.20108 6.27136 11.67679 9.94873 7.54547 6.85501 7.20596 5.94711 3.24631 1.39236 13.60703 13.50403 6.75583
0.03433 0.00763 0.80109 0.38528 1.45721 3.72696 2.44904 2.12860 4.01306 44.51370 36.55243 65.79208 18.86368 5.45120 1.51825 3.08609 1.29318 0.96893 1.05667 7.59506 2.42615 5.35583 12.95471 5.35583 15.01846 17.78030 5.97000 3.28827 1.28937 1.84631 13.83209
0.00000 0.00000 0.00000 0.06485 0.83923 2.90298 3.54385 8.11386 19.08875 30.13992 32.05109 16.60919 5.23376 9.19342 43.59055 22.88055 10.64301 3.55530 6.39725 2.08282 7.56454 13.06534 3.24631 24.48654 4.92859 36.19003 24.17374 8.94165 14.11438 5.06210 7.25937
0.00000 0.00000 0.00000 0.00381 0.19073 0.71335 7.38525 17.63153 6.79398 1.03378 7.23648 16.05606 9.88388 5.93948 15.44571 15.29312 20.54214 22.89200 24.38354 9.82666 12.87079 55.46951 14.21356 9.17435 10.00595 17.11273 14.08386 25.13123 48.83575 12.64954 13.11493
0.07629 1.21307 1.31226 1.26648 1.43814 0.37384 2.69699 12.97379 37.53281 13.32855 5.58853 20.75195 12.29477 10.09750 5.28717 7.02286 11.16943 9.75800 8.82721 10.35309 5.40924 10.76126 24.87946 1.68991 2.21634 8.11386 14.03809 36.68976 72.65854 11.38687 15.70129
0.52261 2.13242 1.18637 1.51825 0.08774 0.36621 2.20871 9.61304 24.36447 47.43576 14.09149 5.51224 20.74432 3.21198 2.82669 8.86536 11.56998 12.76779 7.01904 8.77762 5.86319 9.65881 24.51324 3.45230 4.46701 11.08551 2.51389 18.61572 44.25430 19.48929 10.83755
1.02234 1.10245 3.17383 5.31769 1.47247 1.34659 1.79672 3.82614 19.66095 40.02762 78.04489 60.40192 47.37091 1.36948 3.89481 5.29099 2.80762 6.66428 9.04846 6.43539 5.59235 3.88336 2.51007 5.33676 16.65497 2.17819 6.25610 16.47568 9.82285 13.65662 3.67737
0.96512 0.96130 0.48828 1.22452 3.11661 3.65829 2.30026 3.12805 16.76559 20.29037 17.15088 7.68280 1.75858 8.52585 7.61795 5.41306 1.79672 1.51443 2.33078 10.00977 13.68332 5.85938 2.66647 8.05664 16.37650 1.17111 0.20218 4.06265 6.35147 15.88821 5.41306
1.80054 1.65176 0.42725 1.89972 4.07410 1.09482 1.33896 3.48282 2.88391 2.01797 27.35519 13.69476 13.61084 2.22397 3.04031 4.95148 1.46484 2.44904 5.02396 19.08493 4.47464 16.18195 3.27301 4.87518 6.90079 0.91553 1.72806 1.04141 8.59833 1.98746 0.98419
2.67792 2.45285 2.45667 2.96021 5.18417 1.64032 0.82779 0.67520 1.60599 1.52206 8.75473 13.47733 10.39886 8.72040 11.47842 5.97763 0.15640 1.19400 19.10019 23.30399 18.60809 12.62665 11.36017 6.01578 1.34659 5.85938 2.74277 3.10135 1.41525 5.87463 1.77765
3.27682 3.55530 4.42123 8.71658 1.17493 2.49863 2.99835 1.46103 7.90787 1.99509 7.24030 2.50244 1.94168 1.41144 1.00327 0.98038 4.48608 11.68060 13.82828 12.26044 13.41248 19.41681 22.14813 17.97104 37.10556 8.07953 6.51550 4.14658 3.42178 1.01089 2.75803
