DATA/RAW-RASTER/ECMWF/20170628/EN-50/20170630.en-50.asc
ncols			31
nrows			16
xllcorner		69.5
yllcorner		19.5
cellsize		1.0
NODATA_value	-99999
0.45967 0.32997 0.84114 0.64468 3.17955 3.93867 1.90544 2.55203 1.43433 1.94931 3.23105 2.21634 3.75175 5.85938 9.56154 12.49695 14.18495 12.46071 8.62885 12.29477 11.62529 13.70239 15.69366 15.82336 15.69939 13.68332 7.67899 2.87437 0.00000 0.00763 0.00000
0.04959 0.22697 5.92422 2.34222 3.02315 2.07329 5.06401 5.85365 2.63596 1.29890 1.72234 3.55721 7.09343 4.63676 7.39861 4.12941 5.21851 3.83186 3.11470 8.30269 5.37491 3.63350 6.81877 5.58662 5.84984 6.02341 2.69890 1.24359 0.03052 0.00000 0.00000
0.02670 0.07057 0.16785 0.24796 11.86371 5.49316 4.80270 2.27356 6.74820 2.33841 0.80490 2.20108 1.50681 1.48201 2.02370 3.93677 7.23076 2.24876 2.56157 14.56261 7.04384 10.84900 4.07410 1.19972 1.20544 3.62968 3.73077 2.82478 1.11580 0.07629 0.02861
2.91443 0.04578 0.35477 1.67274 1.27220 9.85146 6.31142 13.83972 4.64058 0.77820 2.11143 0.40054 0.89264 1.16730 0.75722 0.86403 0.71335 1.31035 0.82397 2.51198 8.32939 15.42282 8.07953 6.51741 3.80898 0.99373 4.33350 3.94249 3.28445 6.63567 1.61934
1.31798 0.16212 0.47493 0.50926 3.00217 7.52068 14.32037 18.30292 25.50888 7.87163 0.30518 2.53296 2.30789 0.90981 1.51443 2.36130 1.31798 0.52452 1.18446 5.43976 6.66809 8.14438 2.52724 3.92914 6.29616 10.66971 2.13623 6.67381 5.72777 3.89481 3.37982
0.17357 0.19646 0.20790 1.68991 1.61934 4.06837 21.24214 35.17914 1.02615 12.47406 52.53983 7.74956 6.80351 2.78282 1.51062 2.25639 1.79863 1.12152 2.93350 2.17628 2.27737 4.08936 4.07791 9.96399 5.01633 13.10158 8.57735 4.12941 15.10429 15.91110 4.43268
0.00000 0.00000 0.43488 1.43814 1.53732 8.27026 13.40675 14.44626 1.72806 3.16811 2.97356 2.46620 3.09181 3.97491 0.43869 0.22125 0.52261 1.54495 0.12398 0.16975 1.50108 1.46103 2.57492 4.46510 12.94899 64.41689 36.90147 11.54137 4.75883 12.60567 13.98849
0.00000 0.05722 0.43488 3.87764 3.77464 10.68878 22.45522 35.69221 38.16032 10.25581 9.77516 56.24962 5.96809 2.61497 1.50490 0.67902 2.32506 0.40054 0.20981 0.19836 0.42725 8.98933 0.57983 27.04620 18.49937 50.68016 43.10799 30.86853 46.96274 16.62636 11.61957
0.01526 0.26321 0.76103 2.48146 9.06754 11.42883 25.07210 33.01620 25.28954 36.12137 25.07401 55.76324 35.77805 2.70844 9.13620 17.86232 22.32742 7.51305 11.93428 10.09369 6.46210 20.32852 7.24792 20.48492 16.47568 8.04710 23.00644 128.71742 83.61816 36.67259 12.04681
0.00191 2.16103 1.64223 10.35500 18.45741 6.71196 14.65225 11.31248 13.22174 20.22552 24.18137 50.49324 46.07201 13.02910 8.04520 35.05898 71.21277 13.16833 3.65829 2.36320 2.67982 18.40973 43.25485 6.99234 15.84435 16.21437 37.65106 24.56093 89.45847 40.13634 13.92937
10.42366 6.85501 32.06635 13.63182 19.79256 16.67786 2.56920 2.67601 5.82123 8.08525 21.78001 13.05008 25.39444 32.03583 19.30046 14.87541 10.33592 31.71921 10.40459 1.43051 3.18718 16.19530 47.96410 14.81819 24.96719 14.45198 6.32095 13.90839 42.73033 29.82903 16.26015
16.13617 31.11839 41.25977 55.30930 49.68071 62.63924 6.73485 3.32451 2.97737 4.84276 5.51414 17.49992 30.75218 28.18298 24.50562 20.64514 13.77296 31.81648 16.42609 8.19016 8.79478 41.40472 5.55801 13.27705 24.13368 3.81851 1.21689 23.81897 21.20590 61.56158 24.52087
14.84871 108.04939 66.00189 26.08109 29.19006 7.55692 3.40843 2.52914 2.75040 0.96130 5.98145 5.75256 2.95830 24.24622 15.67078 24.99008 26.70479 19.01817 30.92384 74.40376 30.40695 18.40019 4.29916 13.11874 10.03647 3.66974 1.11961 3.82233 16.87050 9.90295 39.79111
43.98537 40.23933 19.75060 7.53975 10.11658 4.69589 11.68442 7.71713 2.34032 1.62315 7.00569 4.78745 15.42282 26.10207 33.45299 40.30037 19.53888 17.28249 12.96425 25.98381 16.44325 29.00696 11.56044 14.34135 4.38118 0.16594 4.04549 4.59671 2.18582 5.66483 3.94058
7.05338 6.78062 2.95830 21.44051 8.24356 2.10571 7.13158 13.60893 4.76074 10.44273 11.33728 7.31659 6.94466 15.05470 47.72186 34.50966 34.23691 17.42744 40.84969 63.80653 21.85249 25.63858 33.78105 28.72658 3.56674 3.05939 5.87463 1.19591 1.37901 7.74384 11.67870
2.54631 5.58281 5.96809 34.35516 20.44678 11.65009 10.22530 9.91631 14.87541 16.72935 33.27560 17.14897 10.78033 33.02383 9.84001 18.52608 12.14218 11.34300 12.15172 20.10727 26.44539 12.59041 19.35768 31.22520 35.27451 2.33269 1.76430 1.43433 1.11961 2.91634 2.50435
