DATA/RAW-RASTER/ECMWF/20170628/EN-50/20170704.en-50.asc
ncols			31
nrows			16
xllcorner		69.5
yllcorner		19.5
cellsize		1.0
NODATA_value	-99999
1.36566 3.13568 0.18311 1.03378 4.24194 0.05341 2.78473 1.10626 0.13733 0.08392 0.50735 0.85449 2.30026 1.89209 1.39618 2.55203 11.47079 3.06320 2.64359 1.75858 4.38690 6.30951 9.49478 11.77216 10.41794 13.01575 22.03751 17.59720 8.31985 16.24298 15.64407
0.41580 1.62888 0.08774 0.09155 2.57492 0.02670 0.09537 0.02670 0.04578 0.04196 0.48447 0.59891 3.55530 2.54059 2.63977 3.25775 1.99509 2.36511 3.61633 5.45883 5.88226 5.58090 10.76508 11.91711 12.26425 10.25391 10.33401 11.20377 7.38907 5.33676 4.26865
2.66266 2.38419 0.16403 7.45010 3.41797 4.21524 2.23541 0.14496 0.03815 0.04578 0.74387 0.46539 1.39618 1.59073 1.88065 1.51825 0.44250 0.93842 1.72043 3.10516 4.23813 6.25992 6.34003 5.08118 4.72260 7.40814 8.02994 8.93021 2.86484 0.79727 2.26212
2.30408 1.00327 2.17056 5.78308 5.81360 2.53296 1.17874 9.69696 0.09155 0.04959 0.22507 1.02615 1.38474 2.13242 2.85339 1.84250 3.31497 2.15530 2.03323 4.00162 3.81088 3.24631 17.97485 9.75037 12.69150 4.30298 9.08279 3.66974 1.72806 1.72424 1.31226
3.07465 0.01144 0.01144 0.11063 10.93292 5.28717 0.63324 1.83105 8.58688 4.46701 1.60980 4.50897 2.41852 6.82449 3.53241 3.85666 2.22015 7.85446 8.00323 4.04739 4.02451 6.22559 9.32312 5.58090 5.05829 2.79617 2.38037 2.59781 2.79999 1.57166 1.28937
10.60104 0.00000 0.01907 0.01526 0.22507 3.69263 0.87738 2.11716 7.13730 25.09689 5.10406 4.70352 0.93460 0.53024 1.87683 1.39618 4.36401 4.70734 3.09372 3.15475 7.70950 8.30078 5.87463 9.53293 8.86536 9.81140 4.97055 1.09863 4.99344 0.93842 7.17545
0.17548 0.00000 0.06104 0.00000 0.05341 0.53787 1.96457 2.22015 1.51062 85.37292 8.68225 32.36771 12.13455 4.59290 1.93405 0.87357 0.65613 4.15802 3.55148 6.34766 5.43594 3.15094 17.15851 8.78525 16.49857 30.62820 14.59122 7.32422 8.99124 9.45663 7.40433
0.00763 0.00000 0.00000 0.00000 0.13733 0.71335 2.20490 2.60925 6.43921 14.21356 8.84628 8.03757 6.31332 7.77054 11.36017 5.13840 15.48004 2.40707 5.59998 1.95312 8.81958 15.12909 6.39343 33.77914 16.78085 9.04846 12.59232 24.02496 15.02609 10.28061 9.94492
0.00000 0.00000 0.00000 0.00763 0.01907 0.89264 1.23215 5.53131 5.45502 21.79337 12.45880 12.12311 4.55856 4.04358 8.83865 5.42831 18.27240 17.24243 51.01013 9.62830 2.72751 24.34921 43.65921 7.17545 16.36124 4.00543 11.60812 61.07712 33.43582 17.18903 7.61414
0.03052 0.01907 0.03052 0.13733 0.71716 0.28992 1.81198 10.07843 27.11105 33.01620 45.44449 6.74820 4.11987 1.71280 4.35638 9.09424 10.22339 19.16122 5.94330 13.19885 7.88498 9.54819 16.08658 2.77710 5.74875 22.70508 4.54330 18.79120 15.15198 15.70892 16.79230
0.20218 0.39673 0.64850 0.93460 0.07629 0.14114 0.40817 5.59616 50.45319 29.46472 103.67966 3.65829 5.90897 1.79291 1.07956 2.00272 3.49426 13.46207 8.74329 16.97540 10.04410 6.18744 22.15958 5.61142 2.06757 9.11331 1.80054 10.26535 24.10889 5.03159 17.39502
0.52643 0.56839 0.93079 3.47519 2.06375 0.94986 0.45776 3.19290 20.61081 43.79272 62.56104 49.69406 4.64249 1.06430 0.41962 2.91443 3.26538 6.22559 8.66699 6.92749 5.84793 2.69699 2.02179 13.96942 6.31714 1.38474 7.73239 10.66208 15.51819 15.11765 8.33893
0.53787 1.14822 0.82397 1.94931 3.96729 1.59454 1.68610 6.24847 15.23590 17.94815 14.08005 9.79233 13.19122 6.65283 2.05994 10.43701 6.57654 12.41684 13.94653 6.32858 8.47626 4.27628 19.07349 10.67352 4.70352 3.47519 1.11771 5.53894 12.65335 8.19778 5.12314
0.77820 1.00708 0.44632 2.05231 7.25937 1.44958 1.12152 2.39182 7.94601 17.20047 11.57761 24.35303 12.06970 8.75473 3.50571 7.22122 2.26593 13.29803 12.77542 9.79996 6.80542 12.03537 4.34875 14.13727 1.88065 2.04468 0.74387 5.09262 8.45337 2.26212 5.78690
2.09427 1.64413 0.99945 3.37982 7.79724 1.71280 1.22833 1.03378 0.27847 0.96512 21.16776 20.53833 15.30457 12.74109 6.01578 8.99506 13.10349 8.48770 22.20535 23.14377 16.13617 5.72586 8.15582 17.04788 22.66693 0.80109 6.88934 11.63864 1.59836 6.06155 5.97763
0.92697 2.65121 5.25665 6.40869 1.27411 2.12097 1.20544 2.66647 0.92316 0.72861 3.20053 11.09314 17.13562 9.73511 5.55038 11.90567 18.36014 10.37979 26.46637 29.70886 26.03912 26.02386 21.51871 21.53778 47.58072 17.94052 10.69260 1.96075 0.51880 0.95749 7.93839
