DATA/RAW-RASTER/ECMWF/20170628/EN-50/20170628.en-50.asc
ncols			31
nrows			16
xllcorner		69.5
yllcorner		19.5
cellsize		1.0
NODATA_value	-99999
2.66457 4.87137 26.96037 10.70404 4.95720 11.76834 5.44357 7.81059 4.70734 0.83160 3.46565 6.94084 5.84412 8.02422 4.02641 0.51880 1.70898 2.69890 0.81444 4.52995 0.92125 1.41907 0.93842 0.68283 0.58746 0.47302 0.67711 0.62370 1.87111 0.94414 2.82860
7.00188 38.75351 35.12001 24.85085 17.41600 14.56833 7.38525 4.98962 7.13348 2.19917 1.81580 3.42178 3.84521 4.57573 4.80461 6.67572 1.93024 5.04112 10.95772 1.90735 1.29318 3.36075 3.66974 1.88255 1.02806 0.53787 1.25122 0.85068 1.12343 0.77438 1.12915
31.48651 69.04602 36.88240 13.44681 16.00647 7.91740 15.16914 9.18007 4.27818 3.46375 2.68936 0.86594 2.70271 1.17493 6.29425 4.16756 2.42996 2.44331 13.46016 23.22960 7.52258 3.62015 3.84331 5.36728 1.23978 0.46539 1.06239 3.59535 0.68855 0.33188 0.37956
19.93942 29.63829 14.61029 5.01251 1.55258 3.49808 11.41930 8.69751 5.50842 1.46103 1.12152 1.13106 0.34523 6.47354 4.36783 7.15065 5.77927 8.04520 4.98772 15.91682 10.19478 8.19397 9.21249 7.73048 0.44060 0.12207 6.42967 1.66321 0.85068 1.16920 2.28119
8.41522 46.98753 30.23529 17.67921 12.77733 1.68800 5.60570 9.08852 3.37791 2.27547 0.08965 0.19455 1.65176 4.02451 1.04904 9.65118 4.41742 10.63538 10.43892 6.95229 7.59506 27.04048 10.77843 4.08554 1.65939 2.38037 5.89752 8.02422 5.97954 2.94113 6.53458
9.90105 33.88596 22.04704 12.67052 11.13319 4.30489 20.66040 12.03537 3.91197 3.13377 4.77219 0.70763 3.17764 1.18256 3.27873 8.29697 9.23157 7.19833 12.02965 9.63974 5.67055 8.98743 8.94737 4.48227 10.96153 7.36809 2.42805 2.93732 12.53319 3.46184 6.39153
18.42880 26.56364 23.44894 8.07190 14.90402 15.20348 18.80455 13.05199 10.07271 6.98090 5.08308 18.57758 18.81790 7.91168 2.11716 3.22914 2.53487 4.20761 2.00272 6.18744 4.71115 3.58391 3.77846 3.40271 14.82582 19.58084 9.35936 7.72476 1.75285 8.68416 3.86810
27.25410 12.30621 5.71251 0.97466 15.41710 14.01711 22.56393 10.38933 32.30476 18.28003 14.44244 14.56642 2.17247 13.46397 32.54890 38.00011 25.60997 1.74141 0.62180 3.06320 6.90651 15.08331 8.86154 25.72250 75.88959 19.44542 4.23813 13.81874 48.70987 13.78250 10.16998
2.34795 28.89633 3.05557 7.66945 1.13869 2.93732 18.49365 33.22983 14.72473 15.06424 32.00722 16.07704 9.41086 5.98717 2.91061 14.90974 2.91634 28.92494 88.01460 23.13995 50.67825 10.70976 27.28462 72.40677 64.26811 13.51929 38.95187 21.43860 18.70537 11.04164 9.55772
5.47409 6.33240 3.98827 6.14929 6.39915 3.34358 5.13268 17.47894 17.37213 26.23558 29.69170 10.97298 12.47406 5.58281 10.81085 9.42421 3.71170 10.98251 3.74985 18.24760 14.91165 129.89426 25.77209 3.03268 12.47787 15.56587 14.49966 15.06805 17.99965 6.40297 9.22775
0.51308 0.22697 1.12915 0.39101 1.32179 1.15585 3.17955 8.80814 22.79472 14.71329 27.66418 19.50073 10.42747 11.67107 5.84793 3.97873 4.15230 2.95830 5.14793 2.73705 6.69670 44.78836 17.32254 72.52693 6.87790 105.02625 21.43478 18.09692 20.42961 12.80785 6.50406
0.77629 0.81253 0.25749 5.61714 6.56128 3.67165 1.12915 3.74794 5.52368 17.78221 6.71959 15.24734 13.62991 21.50536 1.88637 4.63676 7.68280 6.80351 6.17790 15.15579 4.35066 1.79863 1.90544 55.42946 6.47354 16.04080 8.67081 15.87105 16.68358 20.44106 25.25520
1.89209 2.30408 0.49973 3.50571 6.51932 6.22559 1.23787 2.96211 5.21660 11.59668 15.94734 26.36528 5.05638 4.06647 14.49394 5.79262 6.16074 10.02884 5.46646 3.44467 2.83241 1.01662 11.29341 22.84241 13.95798 0.66185 0.38338 9.84573 27.25220 13.05008 24.54758
4.13322 6.26564 2.57492 4.90952 5.18608 8.27026 1.52397 9.37080 1.43051 5.14412 16.14952 14.66179 7.01904 5.20134 5.05257 23.75984 9.35555 5.03159 6.33430 2.26593 4.06075 4.08363 0.71907 16.65306 13.79585 0.53406 0.82397 13.31711 27.98653 6.88362 27.00043
25.00534 18.66913 17.23099 21.31081 14.20784 7.56645 1.17493 4.15993 3.97873 4.69589 12.27379 5.93376 9.86099 9.04846 9.52148 48.06519 3.11852 1.10435 10.45227 4.97627 3.90434 3.84903 7.02286 4.77219 15.69176 0.32425 1.41144 4.47273 1.35231 15.61356 12.70676
22.79091 35.14481 36.56578 22.63451 3.32451 5.47218 5.69153 10.88905 21.72470 3.69835 15.37514 4.01688 1.91689 9.15527 15.05089 14.98222 10.68497 27.13776 26.04675 9.30214 2.91252 4.23050 9.23538 15.18440 24.15848 3.54195 5.53513 2.70653 1.41335 13.09586 1.88637
