DATA/RAW-RASTER/ECMWF/20170628/EN-50/20170629.en-50.asc
ncols			31
nrows			16
xllcorner		69.5
yllcorner		19.5
cellsize		1.0
NODATA_value	-99999
1.16348 0.45967 3.67355 2.02370 7.72476 3.94058 9.66072 9.97543 4.02069 1.17874 3.36647 4.79126 5.38635 6.24657 5.08118 3.53050 5.08881 4.89616 2.08282 7.64656 1.62697 6.04248 0.58365 0.83160 0.61989 0.54169 0.00191 0.00572 0.00572 0.00763 1.28746
0.53215 0.00000 0.16022 9.02748 5.87463 7.79152 8.34656 5.27382 8.63457 3.42941 4.14276 5.63622 5.73158 3.61061 5.23567 6.61469 4.61769 3.64494 3.03459 0.21362 7.44820 5.74493 5.56374 5.76019 4.01115 0.56458 0.89645 0.90981 0.71716 0.38910 0.03433
0.45776 0.21362 1.04904 4.30107 11.33537 1.65558 4.91142 6.90269 4.33350 2.43187 1.15776 1.44768 2.61688 1.86348 5.22423 4.89616 6.16646 6.44493 4.06265 5.57137 5.78117 1.35994 1.68037 1.96457 5.35202 6.77490 4.48418 0.77057 0.91171 0.55695 0.46921
2.47192 0.12970 0.66185 0.67520 6.27327 3.74222 3.99208 4.99725 4.19617 0.37766 1.80244 4.04739 6.69289 7.07626 3.74031 6.95610 3.37219 2.21252 3.62015 2.14005 2.67792 3.41606 2.68936 5.63049 10.22530 5.38445 12.48741 8.72612 3.78418 7.31659 0.93269
1.93214 2.12097 3.87001 11.48415 4.42886 6.25801 19.85550 3.61443 6.72340 3.12805 0.86021 5.69534 3.19481 1.99890 0.84496 6.43158 4.00543 8.16536 6.81686 6.63948 12.90703 11.48605 10.78224 7.18498 3.89671 3.42560 7.24792 18.36014 23.03314 13.99040 7.95746
5.06783 0.45013 5.13458 2.99454 13.11684 23.58818 38.55515 16.32690 6.02150 11.48987 14.13536 8.16154 11.71112 0.89455 2.50053 2.26974 7.28798 6.00243 7.53021 9.02367 1.92070 5.22995 4.50516 10.16045 12.75635 15.23209 7.70760 3.40652 12.77161 18.11790 19.85931
0.02670 0.02098 0.22125 5.81932 11.61194 13.83591 16.06750 17.65060 10.78224 8.06046 18.03589 53.26462 16.14952 11.45744 0.60463 3.72314 1.91879 1.85204 2.72369 0.15259 1.96266 4.26292 10.71167 15.59258 14.64844 52.86407 27.23312 15.19966 4.22668 13.05199 19.54460
0.60844 2.07520 32.92847 9.28879 7.69615 16.61873 10.64491 14.12773 19.96613 19.12689 56.42891 77.96860 17.84706 11.73973 0.09155 5.52940 0.80681 0.48256 0.58365 0.57030 6.06346 13.00240 5.70107 34.86061 26.03722 97.37015 16.69121 19.15550 107.26738 29.83284 19.54460
7.71332 9.18007 5.81360 7.65800 2.09045 6.83594 3.33786 9.86099 5.30243 9.43756 28.18108 50.31204 47.75810 2.07138 77.44980 24.43314 5.62859 19.91081 20.60127 37.98485 49.03221 66.64467 33.55408 9.75227 18.65387 12.04872 69.33403 117.94853 39.89792 23.92387 17.11655
1.72234 10.07652 1.85776 5.99289 1.56784 2.62070 2.09045 2.98309 2.18964 1.16539 13.87787 20.08247 21.29745 23.73695 20.36667 3.27492 130.01060 24.33586 11.11603 9.11903 16.08849 10.18906 30.42030 4.02641 21.88873 21.39664 22.83287 25.53177 29.29306 16.17050 23.05984
20.44868 4.87709 3.61633 1.11771 2.67220 0.65613 0.33188 0.20981 0.47684 1.52016 4.33159 8.02994 15.31982 20.87212 32.90749 21.92688 36.53717 33.40530 12.83455 13.95416 10.28061 12.70103 24.46556 9.40895 21.43478 29.51431 37.42027 22.26257 48.34366 26.86310 11.02066
89.75410 11.01112 4.45938 5.81932 4.78935 0.98801 1.19019 0.38147 0.92506 0.50354 7.72667 18.71681 8.88062 30.79224 11.80077 44.35539 9.80568 12.65717 9.76562 3.89099 5.38826 3.15666 1.17302 6.44493 24.24049 12.33482 3.64876 4.73022 9.14383 23.16666 18.82744
32.00340 19.99855 4.98772 3.37982 2.03133 1.40953 1.69563 0.94986 0.42534 0.11635 3.30162 2.47383 2.75421 9.08279 4.43268 75.24490 20.36095 4.66537 6.03485 4.46320 2.45094 5.20706 3.62968 2.96402 6.53648 4.61578 0.52261 21.04187 14.37187 12.69531 19.66476
90.77454 40.23933 2.04468 3.77846 0.68855 0.11063 0.55313 0.56267 0.48065 0.58937 1.93024 1.11961 0.48447 0.65613 4.27437 9.25255 3.73077 5.01442 5.75447 5.21660 4.89044 13.11493 4.27246 8.76808 5.82314 0.87547 1.40381 6.24466 8.36563 13.07297 6.29044
46.66519 9.19342 4.65012 13.77869 1.81961 1.21880 0.30136 0.22888 0.40245 0.05150 0.38719 0.64850 1.13678 1.65176 3.15857 2.83432 13.36861 22.03369 55.51910 30.92575 14.61220 12.61902 31.71730 15.29694 13.87215 2.81334 5.88226 2.11143 2.65503 3.34358 10.11276
9.45663 5.89180 10.61821 22.39227 2.18773 2.30598 1.37329 1.91498 0.60272 0.08392 0.32043 0.95940 0.41008 1.32561 0.93651 1.27411 6.53458 15.08331 15.58304 10.63538 18.93997 14.05334 31.50749 35.68649 29.89197 3.61824 7.40623 5.22423 2.26974 3.34549 6.14738
