DATA/RAW-RASTER/ECMWF/20170628/EN-50/20170711.en-50.asc
ncols			31
nrows			16
xllcorner		69.5
yllcorner		19.5
cellsize		1.0
NODATA_value	-99999
0.01526 3.56293 0.70190 1.03760 4.38690 1.12152 1.75476 1.39618 0.09155 0.00000 0.68665 0.20599 0.28229 0.36621 1.86920 15.82336 4.65393 0.67902 1.83105 0.35095 0.41199 0.29755 0.03815 0.00763 0.00000 0.00000 0.00000 0.01526 0.00000 0.06866 0.00000
0.05341 0.13733 0.37384 0.74768 4.19617 1.51062 0.71716 0.01526 0.28229 0.03815 0.77820 0.46539 1.14441 0.95367 2.28119 6.05011 3.17383 0.56458 2.19727 2.15912 0.40436 0.04578 0.00763 0.05341 0.00763 0.00000 0.02289 0.00000 0.35095 0.56458 0.29755
0.09155 0.51117 0.28992 1.32751 1.86920 0.80109 7.31659 0.25940 0.00000 0.00763 1.15967 4.65393 4.15039 3.04413 0.95367 1.01471 5.88226 2.98309 3.13568 3.57819 2.07520 0.85449 1.80817 0.29755 0.18311 0.02289 0.00000 0.03052 0.14496 0.22125 0.46539
0.81635 0.25940 0.51880 0.50354 1.19781 2.49481 3.19672 6.88934 0.12970 0.15259 1.57928 12.67242 4.79889 1.74713 1.15967 0.59509 5.33295 3.88336 1.25885 4.09698 1.47247 0.99182 0.58746 0.25940 0.16785 0.16022 0.64087 0.10681 0.22888 2.95258 5.61523
3.36456 0.27466 0.51117 0.17548 2.77710 4.24957 5.77545 6.14929 12.51984 2.37274 0.26703 1.61743 5.30243 3.35693 0.41962 3.77655 1.60980 6.78253 4.33350 3.77655 4.87518 3.34167 1.88446 0.90790 1.22833 1.27411 0.66376 3.34167 4.66919 13.71002 8.52203
3.27301 0.40436 0.03052 2.06757 1.21307 5.45502 3.34167 2.69318 0.67139 18.95142 1.51062 5.59235 3.09753 1.02997 1.14441 7.65228 5.56946 5.79834 7.94220 9.03320 4.49371 9.29260 2.25067 4.78363 5.02777 2.55585 6.46973 2.67792 2.25830 1.68610 6.21796
0.48828 0.67902 0.09155 1.00708 2.07520 2.22778 5.56946 6.14929 3.86047 1.91498 6.11115 2.45667 8.72040 2.08282 2.61688 5.75256 6.26373 9.30786 10.02502 8.63647 17.85278 11.58142 16.76178 5.30243 9.85718 13.14545 6.83594 9.04846 16.42609 6.04248 4.23431
0.00000 0.01526 2.05994 2.44141 6.51550 7.62939 20.01190 2.66266 2.85339 1.08337 0.64087 2.02179 2.73895 5.75256 12.54272 5.96619 8.14819 1.15967 0.28229 1.19781 6.41632 10.38361 9.47571 27.11487 13.10730 4.44031 8.92639 21.88873 11.73401 16.89148 4.60815
0.06866 0.09155 0.33569 4.00543 14.49585 10.77271 2.42615 0.95367 1.10626 1.33514 1.05286 1.06049 1.05286 10.29968 24.81079 26.41296 10.20050 9.78851 12.17651 77.14081 55.74036 41.63361 104.70581 108.93250 15.92255 0.96893 8.87299 24.52850 33.46252 15.28931 15.64026
0.13733 0.09155 4.70734 6.18744 8.02612 4.16565 2.16675 1.83868 0.54932 1.19019 1.08337 1.04523 0.84686 1.97601 12.97760 11.07788 17.67731 15.24353 14.50348 9.07898 10.49805 41.39709 7.42340 14.47296 5.60760 16.26587 12.00104 12.80975 17.66205 12.90131 8.86536
0.02289 0.10681 2.96783 14.62555 11.95526 3.79944 1.09100 2.28119 1.44196 1.22833 1.15204 1.15967 0.32806 2.64740 6.50787 12.29095 25.51270 28.34320 25.83313 41.94641 112.08344 54.08478 123.75641 75.84381 8.23212 17.32635 2.64740 11.23810 21.11816 15.08331 12.16125
0.48065 0.59509 1.45721 2.02942 1.88446 2.34222 6.41632 1.99890 1.83105 1.33514 1.09863 0.51880 0.47302 0.54169 9.47571 7.07245 7.46918 9.12476 26.80206 9.12476 30.70068 97.61810 13.42010 51.89514 29.67072 5.79071 3.60870 9.70459 7.40051 17.56287 25.87891
1.05286 0.84686 0.56458 1.41907 2.33459 1.48773 0.96893 2.41089 1.24359 0.83923 0.15259 0.90027 4.74548 1.12152 4.98199 11.39069 11.51276 7.43103 14.78577 18.26477 44.94476 32.85980 51.15509 5.73730 17.64679 12.93182 15.98358 6.07300 10.24628 27.67944 20.54596
1.68610 1.06812 0.09918 2.83813 1.89209 0.90027 1.36566 1.31226 0.70953 0.01526 0.14496 0.25940 0.27466 4.58527 16.17432 9.90295 9.69696 8.45337 21.95740 20.74432 9.07898 14.53400 32.18842 139.26697 12.28333 6.37054 8.02612 21.13342 25.07019 34.62219 8.11768
1.23596 1.18256 1.85394 2.54822 1.47247 1.54877 0.80109 0.58746 0.23651 0.00763 0.11444 0.34332 0.65613 0.60272 0.12970 2.16675 0.93842 3.80707 7.72095 12.16888 10.78796 15.90729 30.65491 38.61237 9.04083 3.54767 1.96075 8.49152 10.77271 6.93512 37.44507
1.99127 4.88281 5.03540 8.42285 0.70190 3.54767 0.83923 1.66321 0.09918 0.03052 0.32043 0.20599 0.52643 2.06757 0.96130 6.87408 8.14819 3.73077 3.85284 1.46484 3.87573 11.11603 13.25226 23.18573 11.05499 6.53076 3.37982 5.07355 3.13568 8.25500 26.81732
