DATA/RAW-RASTER/ECMWF/20170628/EN-50/20170706.en-50.asc
ncols			31
nrows			16
xllcorner		69.5
yllcorner		19.5
cellsize		1.0
NODATA_value	-99999
3.81470 2.97546 3.65448 1.78909 15.07950 1.91498 5.66864 1.90735 0.16022 0.00000 0.00000 0.06866 0.43488 0.27084 0.65994 0.65994 1.27792 0.95367 0.51498 0.41962 0.83923 2.23923 0.88120 3.13187 3.51715 0.41962 0.42343 0.01907 0.03815 0.02289 0.30899
0.99564 2.03705 1.33133 8.15964 3.81470 0.76294 0.19836 0.00000 0.06866 0.00000 0.00000 0.00381 0.01526 0.05722 0.08774 0.28229 0.56458 0.10681 0.00763 0.08774 0.54932 2.74277 1.07574 6.18362 2.18964 1.22452 0.46158 0.32043 0.09155 0.03815 0.08774
2.56729 5.48553 8.89206 1.42670 4.69971 0.37003 1.64032 0.04578 0.00000 0.00000 0.00000 0.00000 0.00381 0.00381 0.14496 0.09155 0.25558 0.19073 0.07248 0.37384 2.07520 8.15964 10.22339 11.19614 0.60654 0.10300 0.08011 0.00000 0.03052 0.40436 0.05341
0.67520 0.00763 0.03815 0.09918 0.24414 1.89209 1.94168 9.52911 0.03052 0.01144 0.00000 0.24796 0.25940 0.72479 1.51825 0.22507 0.65994 0.60272 3.35693 5.40543 6.54602 11.09695 9.55582 6.27518 3.73459 0.06866 0.79727 0.83542 0.25940 2.34222 0.77057
0.27466 0.00000 0.00000 0.00000 0.00000 0.57602 3.41034 1.64795 0.96130 0.38528 0.03433 0.53787 0.16022 3.44086 3.39127 2.80380 6.62613 5.27954 4.58908 10.64301 7.97272 9.96017 10.05936 1.82724 1.27029 0.69809 5.08499 1.35040 5.51224 2.82669 1.39236
3.52478 0.00000 0.00000 0.00000 0.00000 0.00381 0.94986 2.26212 2.97928 9.59396 26.65329 4.69589 6.93893 0.76294 9.94873 22.89581 7.94983 4.48990 30.34973 5.13077 4.77600 3.89099 2.69318 5.75638 6.66809 2.43759 2.44141 6.37436 13.78632 8.03757 4.82178
0.00000 0.00000 0.00381 0.00381 0.00381 0.00381 0.19455 8.89206 3.39508 1.81198 11.26480 15.56396 18.30292 10.71548 7.53784 11.47461 18.70346 13.26752 3.57056 5.79834 8.97980 9.86862 11.70349 4.71115 2.19727 1.67465 12.87079 9.07516 15.29694 12.61139 6.39725
0.00381 0.00000 0.00000 0.00000 0.00381 0.00000 0.70190 11.37924 6.95419 11.17706 28.84293 21.56067 8.20541 10.29587 12.73727 86.44867 24.79935 5.91660 6.58798 2.72751 7.51877 11.13510 2.89917 8.28934 21.22498 0.79346 2.20490 15.94543 13.80539 11.82175 13.93127
0.00000 0.00000 0.00000 0.00000 0.00381 0.28610 2.15912 29.33502 4.60052 15.23972 4.36401 5.77164 6.00815 3.17764 9.55582 12.17270 16.13617 12.11548 15.06042 14.53400 7.70187 9.50623 15.95688 9.07516 15.03372 28.07236 1.98746 10.98633 19.54269 2.10190 2.51389
0.00381 0.01907 0.00381 0.00000 0.06485 0.45013 2.67792 23.01788 18.19992 39.19983 18.09692 7.55692 1.19019 5.19943 16.18576 3.62015 1.96075 17.60101 21.93451 7.20978 21.44241 64.30435 23.14758 3.18909 38.36060 9.48334 3.84140 6.78635 9.14383 1.70898 6.94275
0.20218 0.65231 1.04141 1.09100 0.00381 1.62506 4.79889 15.56015 33.33664 35.01511 11.41739 15.31982 1.94168 2.44141 6.99997 15.21683 2.65503 5.33295 24.24622 5.59616 4.92859 19.47784 73.50922 22.75085 15.48386 2.64359 2.46811 4.08554 18.18466 2.86484 4.43649
1.33896 1.22070 1.37711 1.84631 0.41962 0.10300 3.82233 15.02228 22.20154 60.95123 47.70279 2.37274 0.87738 0.36621 3.18527 0.75912 12.22229 5.85556 22.51434 11.96289 8.75473 2.72751 5.97382 20.56503 30.36499 18.00537 2.39944 13.93127 25.85983 11.21521 10.50186
1.38855 1.38855 1.06812 2.15149 4.87518 2.44904 8.89587 33.97369 106.52924 161.42273 28.28979 1.45340 24.17755 0.61035 11.22665 2.36511 0.98038 6.16837 17.92526 21.07239 20.13016 21.43478 15.81955 31.24619 33.24890 3.13568 0.83542 7.91550 4.91714 8.01086 4.14658
0.97656 0.53406 0.23270 1.22070 1.96457 0.89264 7.46536 25.53558 112.61749 273.10944 33.79440 1.15204 0.51498 0.52643 0.56839 0.49973 0.40817 4.22287 11.53183 14.41574 7.85828 24.02878 22.82333 13.08060 5.55420 1.49155 0.50354 1.67084 4.20380 3.40271 4.15421
1.98746 1.11771 1.14822 2.04468 2.30026 0.89264 3.29971 12.18414 28.40042 37.71210 14.21356 1.45340 1.01852 0.37766 0.01144 0.29373 0.35858 0.83160 4.60434 8.22067 12.01630 10.04791 32.00150 22.85767 15.02991 3.24249 1.46484 2.77710 12.42447 8.11768 1.46866
3.87955 2.98691 3.08609 6.04630 0.49210 0.53024 0.29755 0.41580 5.50842 7.93839 5.70297 5.82886 1.92642 0.93460 1.94168 0.23270 1.62125 2.46429 5.13458 3.59726 11.37543 13.74817 19.13452 21.01898 26.69907 7.86209 14.85825 3.48663 1.41525 0.80872 0.67902
