DATA/RAW-RASTER/ECMWF/20170628/EN-50/20170701.en-50.asc
ncols			31
nrows			16
xllcorner		69.5
yllcorner		19.5
cellsize		1.0
NODATA_value	-99999
1.20544 3.10898 1.12534 1.16158 4.70352 0.34904 3.36075 0.87166 0.68283 0.42343 1.27792 1.79482 2.58827 1.36566 0.90790 0.63133 0.60081 0.87547 0.99373 1.06812 3.74413 1.72043 1.80054 1.42288 1.59454 3.19672 5.39398 10.22148 14.91547 14.90211 7.20215
0.00000 0.03433 8.31032 9.34219 3.19672 0.54932 0.18120 1.30844 0.14687 0.05341 1.05476 4.63867 2.44141 3.25203 3.32832 1.72615 0.82970 1.45531 1.94740 7.67708 6.80351 9.09615 12.44736 4.22287 4.07600 4.38690 8.00514 10.16426 14.37569 14.31274 10.19287
0.46158 8.92830 5.51796 7.22313 10.07271 5.05638 4.32205 0.30136 0.38719 2.82860 1.05476 3.51143 4.24767 1.60599 0.62561 9.07898 8.80814 9.37843 9.95636 9.04274 20.13016 20.70808 10.31494 9.35555 11.56616 6.73103 3.19672 6.59943 9.17816 8.69751 5.64957
15.67078 8.74138 4.01497 10.58769 2.57492 0.51308 1.42860 3.13568 3.76320 1.43051 1.22070 1.87111 1.63269 4.18091 6.25992 11.21712 13.85498 16.81328 14.56642 11.46317 10.77652 9.13429 6.35147 6.16074 2.70653 1.92261 2.04849 3.81088 13.10730 9.73892 11.59286
5.51987 13.12637 17.15851 3.46565 0.18501 0.38719 2.38228 11.05881 8.71658 11.18088 1.41144 4.64249 3.69453 4.34303 6.04439 5.79071 11.32774 14.34708 12.36343 8.46863 5.36919 4.40788 0.90599 0.51689 0.24033 0.92697 0.24033 1.11389 6.80161 11.60622 8.09097
2.97356 0.21935 5.02396 3.13759 0.31471 0.50545 1.55067 11.50513 10.58960 27.76527 16.49666 12.10976 5.53703 2.37274 6.65283 10.24437 5.48935 2.99263 5.70107 1.52206 3.57819 3.17764 2.92397 7.24983 6.38390 5.21851 3.57246 0.82207 8.66318 8.41522 10.40077
0.00381 0.17166 0.04578 2.12288 0.30518 0.32616 4.17328 4.91142 7.10297 6.21986 15.62119 17.28249 7.98416 8.01659 0.93651 2.84386 2.34413 1.65749 0.39864 4.83131 3.81470 3.18527 4.75121 5.89752 7.25937 24.90044 12.27188 6.82449 1.59454 2.48909 6.73485
0.00381 0.04578 0.15450 1.15967 2.10381 1.68228 2.94495 15.98167 15.56778 3.00407 14.27078 17.81082 14.85634 15.55443 13.66806 16.96396 4.00352 0.25177 0.93842 3.98064 5.77545 11.36398 5.83839 11.86943 24.21570 10.92529 11.55472 17.75742 28.16963 4.76074 6.03676
0.00191 0.00572 0.04768 2.09618 5.62477 3.06320 2.63405 12.52365 26.50642 39.36005 22.69363 14.81056 11.11412 16.98112 19.54269 22.91489 4.13513 7.18117 26.86882 101.37749 38.16795 27.74811 85.10399 40.95650 13.29613 5.08881 36.12709 24.33777 36.54289 13.39531 2.23351
0.01144 0.01144 0.01144 2.89345 4.89807 3.96347 17.35115 14.33372 10.73837 10.63919 23.78273 25.12169 21.48247 13.47923 15.00320 11.87706 11.60240 4.14848 14.17160 19.67049 10.93674 60.60791 52.74773 4.00352 7.86400 23.92960 121.83189 147.53914 58.98857 19.19174 4.81987
0.10490 0.07629 0.32043 3.43323 5.14412 8.75473 37.50610 23.65685 7.59697 2.31171 2.37274 14.60648 15.12337 12.38251 12.43973 7.66945 4.90570 7.25746 13.57079 3.00407 6.35910 25.27618 31.55136 1.06621 21.41953 36.60774 6.00243 7.70569 14.88113 10.67352 3.97682
0.29373 0.38528 1.42860 8.19016 24.87183 41.31317 64.02779 45.36057 24.55139 7.46918 7.87544 17.29965 23.62633 9.19914 6.72531 5.47028 3.57437 3.98636 3.81279 5.08881 8.50105 6.58417 0.93460 11.14464 46.14639 38.35869 58.57658 4.48799 6.74248 17.49611 14.85825
0.20218 1.15967 1.56593 11.09695 12.09450 27.37617 24.90807 15.12337 19.42444 30.61867 8.70895 21.84677 26.62277 20.92361 24.28246 10.67162 9.48334 7.32613 2.84386 7.00188 12.94708 4.53949 2.54440 8.93402 8.50868 5.41115 1.88828 2.79617 4.43649 17.25769 1.51825
0.71335 2.22969 1.53542 6.55746 14.86969 7.16782 8.54683 8.11768 2.84386 3.19862 8.68607 8.93784 11.32965 31.55518 56.76460 42.72652 25.68245 20.36285 8.82912 6.74820 8.95309 17.22908 9.39178 16.78276 2.33650 1.60217 0.18120 1.19781 4.46129 3.90816 1.33133
3.11661 1.58119 2.56157 16.27731 17.23671 5.91278 4.19044 8.42285 5.09834 9.08279 4.46320 4.85802 3.15666 7.31850 7.17545 5.71251 6.70624 10.07462 19.45686 13.61084 19.52171 3.95966 20.28656 31.71730 7.82776 0.90981 2.26974 51.82076 12.63809 12.56752 21.12007
1.59836 6.67191 8.33702 39.35814 3.66211 1.27792 1.24550 0.99945 6.61659 4.11987 9.82475 10.79941 5.21469 7.35664 10.56099 6.95038 17.61627 25.99525 24.68681 6.91414 4.38690 3.91960 7.33948 15.22064 38.13553 0.86021 41.06903 93.94836 11.29150 0.56267 1.41335
