DATA/RAW-RASTER/ECMWF/20170628/EN-28/20170710.en-28.asc
ncols			31
nrows			16
xllcorner		69.5
yllcorner		19.5
cellsize		1.0
NODATA_value	-99999
0.12970 0.76294 1.49536 0.32806 0.00000 0.00000 0.00000 0.00000 0.01526 0.09155 0.08392 0.09918 0.02289 0.00000 0.00000 0.00000 0.00000 0.00000 0.00000 0.00000 0.03815 0.56458 1.64032 2.88391 5.27191 4.70734 2.61688 1.83868 1.76239 4.07410 10.87189
0.11444 0.04578 0.01526 1.36566 1.44196 0.06104 0.09918 0.00000 0.00000 0.00000 0.58746 0.05341 0.06104 0.01526 0.00000 0.01526 0.00000 0.00000 0.00000 0.03052 0.01526 2.05994 2.85339 3.41797 2.76184 2.65503 1.59454 5.05066 6.71387 2.39563 6.40106
0.00000 0.00000 0.00000 0.00763 1.42670 10.39886 1.89972 0.00000 0.56458 0.00000 0.32043 0.00763 0.00000 0.00000 0.00000 0.00000 0.00000 0.00000 0.00000 0.25940 2.02942 1.85394 2.20490 1.78528 1.10626 4.44031 2.16675 9.43756 6.33240 4.49371 11.48987
0.00000 0.00000 0.00000 0.00000 0.00000 0.34332 28.44238 15.49530 0.25940 0.09918 0.12970 0.01526 0.00000 0.07629 0.01526 0.00000 0.00763 0.23651 3.68500 1.44196 3.82233 7.39288 10.01740 6.88934 4.21906 2.07520 4.23431 4.82178 5.41687 15.49530 15.57159
0.00000 0.00000 0.00000 0.00000 0.00000 0.01526 2.60925 28.25165 9.79614 0.85449 0.64850 0.58746 0.84686 0.26703 0.13733 0.27466 3.78418 1.74713 2.06757 1.05286 6.85883 7.23267 12.15363 4.32587 3.99017 5.81360 7.31659 6.80542 8.62122 12.03918 7.25555
0.00000 0.00000 0.00000 0.00000 0.00000 0.00000 0.07629 7.27844 13.28278 26.38245 7.91168 6.57654 4.19617 1.68610 3.63159 2.06757 4.13513 3.44086 8.27789 9.75037 8.45337 3.81470 1.81580 4.19617 2.84576 6.81305 1.27411 4.82178 8.07190 4.98962 2.34985
0.00000 0.00000 0.00000 0.00000 0.00000 0.00000 1.75476 1.50299 28.42712 107.15485 9.87244 5.66864 22.01080 13.39722 4.79889 5.21088 7.53784 12.30621 10.16998 4.89807 6.67572 3.87573 0.52643 0.17548 0.46539 1.30463 10.76508 3.38745 3.70026 2.54059 4.55475
0.00000 0.00000 0.00000 0.06104 1.06812 2.56348 2.15149 10.01740 19.21082 27.05383 17.71545 15.59448 11.90948 8.38470 12.05444 9.56726 12.45880 1.13678 1.38855 1.42670 2.38800 2.29645 7.40051 2.30408 3.48663 3.86047 4.98199 12.06970 17.20428 6.43921 4.07410
0.00000 0.00000 0.08392 0.29755 0.00000 1.60217 1.65558 5.85938 7.47681 8.85773 10.84137 10.78796 8.07953 1.55640 0.62561 28.62549 1.68610 6.69861 7.33185 19.74487 2.03705 4.05121 6.59180 2.97546 3.29590 2.92206 15.42664 90.77454 23.15521 1.65558 5.97382
0.00000 0.01526 0.10681 0.47302 0.07629 0.00000 0.00000 0.00000 2.31171 1.67847 2.67029 10.28442 4.34875 6.25610 3.81470 1.72424 7.02667 2.34985 1.71661 4.92859 2.73895 11.51276 3.11279 8.94928 2.62451 16.38794 5.79834 12.10022 10.00214 4.28009 3.17383
0.04578 0.18311 0.54169 0.77057 0.00000 0.00000 0.00000 0.07629 0.39673 0.19073 1.09863 9.20105 17.92908 10.58960 12.92419 10.36835 1.86157 3.67737 4.68445 1.40381 9.25446 37.13989 26.11542 48.56873 9.49860 8.02612 10.48279 27.48871 7.75909 14.03046 15.64789
0.47302 0.92316 1.77765 4.48608 1.25122 0.14496 0.01526 0.83923 1.05286 3.11279 4.11987 12.14600 17.50946 32.66907 15.91492 13.64899 3.02124 6.54602 1.74713 1.80817 13.22174 6.43158 2.85339 11.44409 13.60321 3.15094 7.63702 22.45331 31.86798 4.78363 7.31659
0.85449 2.69318 4.20380 3.28064 5.14984 3.41797 0.59509 1.09100 2.96783 6.49261 3.06702 18.28003 40.25269 33.56171 6.27899 9.07135 10.52094 2.79236 2.54059 2.61688 11.87134 5.35583 3.34167 24.78790 6.57654 0.80109 0.53406 21.70563 27.17590 34.18732 25.40588
2.09045 2.30408 0.40436 2.88391 4.40216 2.90680 9.11713 3.83759 5.15747 3.79181 6.50024 14.38904 31.88324 14.30511 9.40704 13.21411 6.97327 4.25720 4.69971 5.01251 2.88391 10.84900 2.10571 15.96069 2.78473 1.45721 1.15204 3.96729 10.68115 12.55035 3.86047
4.31824 2.44141 3.11279 4.08936 4.06647 0.61035 0.09155 8.46863 0.93842 12.86316 37.07886 37.96387 29.50287 6.06537 3.05176 1.75476 2.35748 4.24957 2.41852 2.89154 5.11932 5.66101 10.14709 13.34381 13.06152 7.56836 5.88989 6.03485 4.60052 33.76007 25.59662
2.38800 3.47900 5.48553 12.26044 2.47955 1.17493 2.82288 1.20544 3.86810 9.30786 45.63904 60.02045 43.90717 14.48822 1.60980 1.66321 4.12750 1.86920 3.27301 5.63812 4.40979 3.84521 15.12909 22.68982 47.97363 6.84357 2.60162 4.14276 1.72424 11.01685 32.06635
