DATA/RAW-RASTER/ECMWF/20170628/EN-28/20170709.en-28.asc
ncols			31
nrows			16
xllcorner		69.5
yllcorner		19.5
cellsize		1.0
NODATA_value	-99999
0.31281 0.88501 0.00763 0.19836 0.00000 0.00000 0.00000 0.00000 0.04578 0.00000 0.00000 0.03052 0.00000 0.00763 0.01526 0.12207 0.38910 0.70953 0.54169 2.88391 1.57928 9.94110 11.90948 8.73566 13.48114 6.58417 3.86047 3.99780 7.76672 8.77380 16.01410
0.48065 0.25177 0.00763 1.53351 0.81635 0.07629 0.09918 0.03815 0.00000 0.00000 0.00763 0.00000 0.01526 0.01526 0.03052 0.00763 0.26703 0.04578 2.44141 7.30133 10.77271 27.08435 11.35254 6.18744 6.22559 0.84686 2.63214 2.47192 7.26318 14.22882 7.63702
0.00000 0.16785 0.00000 0.17548 0.99182 5.62286 2.96783 0.00000 0.23651 0.00000 0.00000 0.00000 0.00000 0.00000 0.00000 0.12970 1.45721 0.89264 5.38635 8.41522 23.30017 14.91547 15.41901 11.84845 2.05994 2.69318 7.11060 3.47900 4.48608 5.28717 0.86212
0.00000 0.00000 0.00000 0.00000 0.03815 1.69373 10.68878 7.53021 0.00000 0.38910 0.00763 0.00000 0.00000 0.39673 0.00000 0.11444 6.61469 16.34979 15.70129 8.65936 5.74493 8.90350 14.22119 3.03650 1.00708 0.45013 1.77002 2.92969 0.96893 0.77057 0.52643
0.06104 0.00000 0.00000 0.00000 0.01526 0.02289 3.39508 2.96783 4.50897 0.25940 0.05341 0.02289 0.67902 0.20599 0.46539 3.71552 28.09906 17.60101 13.71765 6.15692 3.56293 7.06482 6.30188 0.85449 1.19019 0.57983 0.43488 3.02124 0.33569 0.34332 0.28229
0.46539 0.00000 0.00000 0.00000 0.00000 0.00000 0.16785 4.21906 4.47845 5.14984 6.89697 3.34167 6.55365 1.53351 6.75201 26.27563 21.30127 4.68445 5.00488 3.47900 10.49042 5.05829 6.77490 4.69971 3.07465 4.84467 4.41742 1.02997 0.54932 1.65558 0.61798
0.00000 0.00000 0.00000 0.00000 0.00000 0.00763 0.01526 0.80872 13.95416 9.62067 6.58417 6.56128 19.92798 17.34161 15.48004 16.78467 6.11877 8.12531 3.98254 2.18964 5.72205 7.27844 4.89044 6.95801 11.42120 30.70068 6.38580 6.50787 3.36456 2.24304 1.18256
0.00000 0.00000 0.00000 0.00000 0.00000 0.00000 0.06866 0.06866 2.29645 8.78906 2.98309 16.09802 16.66260 18.73016 78.48358 9.14001 16.04462 2.71606 3.54767 2.78473 6.91223 12.49695 10.37598 12.32147 39.23798 2.01416 4.23431 7.88116 11.26862 10.16235 6.61469
0.00000 0.00000 0.00000 0.00000 0.00000 0.00000 0.02289 0.04578 0.61035 2.04468 1.35803 3.20435 10.07080 4.93622 2.54059 4.72260 15.29694 11.10840 34.30176 55.28259 13.65662 12.27570 14.62555 77.57568 21.82770 5.67627 4.74548 20.04242 10.42938 10.33020 3.15094
0.00000 0.03815 0.06104 0.03052 0.06104 0.00000 0.00000 0.06104 0.24414 0.61798 0.64850 1.06812 0.58746 0.57220 5.24902 3.69263 8.02612 8.04901 8.74329 14.64844 9.63593 12.74109 8.30078 3.67737 25.40588 25.32196 6.52313 17.95959 3.44086 5.62286 2.47955
0.12207 0.30518 0.37384 0.16785 0.22888 0.11444 0.09155 0.25177 1.06049 0.88501 0.05341 0.24414 0.08392 0.00000 0.45013 0.80872 2.51770 4.41742 10.58960 7.03430 9.37653 46.76819 32.99713 10.99396 6.53839 12.24518 11.52802 22.00317 11.62720 9.71222 14.53400
0.25940 0.76294 1.59454 1.57928 0.12970 4.31061 1.02997 1.23596 1.80817 1.36566 0.02289 0.04578 0.38147 1.28174 3.89862 2.69318 9.61304 7.39288 9.07135 6.31714 26.91650 5.96619 5.96619 10.48279 22.96448 1.46484 0.77057 57.06024 1.39618 16.88385 29.44946
0.50354 3.09753 2.10571 1.82343 2.07520 1.22833 1.31989 2.26593 2.86102 3.23486 0.09918 1.49536 1.12152 4.56238 16.38031 40.26031 23.78845 9.64355 7.18689 6.08826 5.02777 6.05011 12.29095 7.82013 13.84735 7.71332 5.02014 25.80261 28.76282 17.79938 48.23303
2.70844 2.02942 0.51880 1.44958 4.61578 0.67902 2.25067 2.94495 2.32697 0.54932 1.98364 7.92694 4.82941 21.04187 53.50494 8.62885 23.35358 16.82281 16.46423 7.72095 7.93457 9.57489 3.02887 14.41956 3.90625 1.09863 30.37262 6.06537 15.58685 16.56342 18.83698
4.00543 2.41089 2.88391 4.51660 3.43323 3.45612 2.96783 1.23596 1.05286 3.63922 6.43158 1.98364 1.92261 25.24567 19.64569 5.24902 14.21356 8.80432 8.84247 11.65009 6.17218 6.56891 17.37213 27.25220 19.55414 3.61633 19.27948 12.39777 36.04889 28.99170 24.88708
3.15094 4.13513 3.70026 12.74109 1.73950 1.78528 1.92261 1.81580 11.47461 22.99500 11.61957 8.15582 7.61414 20.11108 25.55084 20.89691 16.30402 6.88171 2.06757 1.50299 2.18964 4.19617 8.62122 19.47021 21.65985 3.56293 6.79779 16.01410 9.58252 8.80432 8.50677
