DATA/RAW-RASTER/ECMWF/20170628/EN-28/20170630.en-28.asc
ncols			31
nrows			16
xllcorner		69.5
yllcorner		19.5
cellsize		1.0
NODATA_value	-99999
0.63705 2.20108 2.15149 2.75803 2.55966 5.57709 6.84357 6.96182 9.14001 5.30624 6.72531 7.77054 6.09589 5.58090 6.18744 6.79016 7.66373 14.10675 4.61578 11.01303 4.63104 3.78036 1.88446 2.01797 6.17981 1.62506 0.00000 0.00000 0.04578 0.03433 0.00000
0.00000 0.06104 0.43488 5.10788 10.13565 7.99179 21.04187 13.51547 14.37378 7.45392 4.17328 10.35309 14.87732 8.56400 9.67789 3.28827 4.17328 3.04794 2.67029 5.83267 4.61197 1.85394 1.61743 0.65231 3.33023 9.43375 3.53622 1.06049 0.46539 0.26321 0.00000
0.16785 0.51880 0.78201 3.22723 35.90393 34.33609 25.82169 25.09689 10.55527 8.17871 3.98254 4.19617 3.62778 5.81741 0.46158 0.31662 0.07629 0.25177 0.20981 0.93460 2.72369 3.70407 0.98801 6.41632 9.44138 5.50461 8.36563 6.66428 10.36835 2.09808 0.80872
0.25940 0.45395 0.97275 3.38745 17.00211 30.22003 70.75500 29.29688 20.30182 6.11496 2.11334 1.17493 0.78201 0.51498 0.30899 0.08774 0.51498 0.10681 0.25558 1.13678 1.02615 4.71115 9.92203 8.97598 2.55203 1.91116 8.48389 8.43811 11.44791 20.95032 2.66266
1.62506 0.75912 1.01471 2.08282 23.62442 18.73016 29.68216 23.49854 61.36703 16.85715 2.59399 1.28937 1.73569 0.23651 0.47302 0.41962 0.17929 0.92697 1.70898 0.93079 2.54440 2.23923 6.17981 2.76947 4.82559 1.10245 3.17001 3.71933 9.05991 18.77594 18.55469
1.51443 0.36621 0.08774 8.38089 37.55188 65.63950 71.62857 9.71603 8.45718 65.94467 34.69086 14.44244 6.47736 1.68610 0.84686 1.13297 0.57220 1.17874 0.74005 2.41470 2.40326 4.21143 2.88391 1.44196 3.54385 4.69589 5.76782 10.81085 7.05338 8.20541 20.84351
0.08774 0.17929 2.67029 1.95312 59.03625 55.99594 40.10010 10.49805 23.56339 24.81842 31.15845 62.04605 13.60321 2.88010 0.14496 1.57547 0.59891 0.64087 0.21744 1.49536 0.74768 1.93787 3.12424 3.50571 5.55420 27.43530 37.07504 12.35199 12.11548 10.24246 14.43100
0.08011 0.85449 4.70734 19.33289 4.12750 9.87625 23.62061 25.93994 30.10559 19.73343 17.58194 6.83975 14.19449 8.39615 4.71497 4.29916 9.14764 10.08606 0.87738 3.39127 5.66864 5.73349 1.63269 26.52740 25.22659 225.90256 92.86880 48.62213 40.06958 15.21683 18.23425
0.28229 4.29916 10.14328 4.23813 2.76184 3.87573 14.75906 42.70172 7.59125 22.78900 22.61353 13.83972 15.49149 15.51437 10.50186 8.59833 3.13950 9.71985 31.75735 110.08072 88.54294 12.43210 40.26794 49.81613 33.44727 21.73996 38.55896 71.16318 119.89975 19.91272 12.85172
3.14713 5.33676 18.49365 41.81671 12.18414 49.83139 12.77542 11.00159 8.43811 7.53784 7.15637 12.79068 5.16891 5.79834 5.71060 12.35199 9.14764 37.27722 10.54382 13.11874 3.62015 2.49863 24.51324 2.46048 9.59778 12.27570 21.18683 45.79926 118.48068 55.43518 10.07080
15.85007 12.37488 61.12289 47.13440 45.21561 24.79935 10.31876 9.16672 12.80594 31.50940 0.68665 1.35040 1.08337 20.25986 3.69263 5.95093 14.87350 20.70999 6.66428 3.68500 3.39508 9.65881 26.53885 12.36343 4.97437 10.87570 3.70026 9.55582 29.10233 27.82059 19.19937
23.50235 37.50610 73.20023 169.59381 97.08405 27.23694 1.33133 1.69754 0.63324 0.79346 0.17929 1.36948 4.35257 1.13678 3.50952 9.59778 31.28052 24.17374 2.44904 4.50897 7.52258 11.84464 3.40652 4.92096 31.12793 5.93185 1.90735 6.67191 7.09152 14.20593 10.79559
134.35745 155.75790 67.03568 29.60587 66.37955 59.73816 8.21304 2.93732 0.91553 1.45340 4.21906 2.18582 2.53677 6.19507 26.66473 18.03970 13.83591 9.02176 8.55637 8.70132 13.03101 8.44574 2.09045 6.16074 30.78842 3.55148 0.12207 2.21634 2.91443 7.71332 5.16891
19.35577 18.44788 5.31387 24.09363 35.88486 10.98251 3.21198 6.96945 4.53949 1.83105 1.61362 2.30789 4.34875 5.45883 2.78473 13.32092 16.78848 15.62881 6.11496 4.91333 5.42831 17.54379 5.67245 21.51871 18.00537 1.03760 1.34659 1.29700 2.10953 1.37329 4.09698
10.61630 7.35855 5.43213 29.61731 11.55472 2.21634 0.80872 1.97220 3.80325 8.07953 4.35257 0.72861 2.44904 3.78799 10.73074 15.88821 18.17703 16.05988 13.47351 13.69095 17.12418 11.01303 42.53006 23.54431 8.34656 1.48773 1.23596 0.20218 0.87357 3.20053 9.08279
4.43268 6.93130 12.32529 27.25220 3.92914 3.68500 1.46484 1.17111 1.06812 0.30518 0.22888 0.48828 0.82397 1.96838 21.34705 15.44189 16.44516 24.32251 24.49799 12.83646 9.66644 10.34164 20.84732 37.09030 32.84454 7.77435 14.50729 1.52588 0.67902 1.02234 2.95258
