DATA/RAW-RASTER/ECMWF/20170628/EN-28/20170712.en-28.asc
ncols			31
nrows			16
xllcorner		69.5
yllcorner		19.5
cellsize		1.0
NODATA_value	-99999
0.00763 5.58472 4.80652 2.16675 0.00000 0.00000 0.00000 0.00000 0.15259 1.32751 0.99945 0.28229 0.30518 0.48065 0.06104 0.00000 0.00000 0.00000 0.00000 0.00000 0.00000 0.00000 0.00000 0.00000 0.00000 0.00000 0.00000 0.00000 0.00000 0.00763 0.57983
0.69427 0.39673 2.93732 11.27625 6.66046 0.90027 0.76294 0.13733 0.75531 2.12860 3.49426 0.52643 0.48065 0.09155 0.51880 0.07629 0.00000 0.00000 0.00000 0.00000 0.00000 0.00000 0.00000 0.00000 0.00000 0.00000 0.00000 0.00000 0.13733 0.00000 0.38910
0.07629 0.43488 0.06104 1.34277 10.51331 61.22589 15.28168 8.19397 11.23047 5.25665 8.02612 2.52533 9.70459 10.24628 3.44086 3.92151 2.05994 0.21362 0.00000 0.00000 0.00000 0.00000 0.00000 0.00000 0.00000 0.00763 0.00763 0.01526 0.00000 0.19073 0.25177
0.00000 0.00000 0.00000 0.64087 3.11279 16.80756 29.02985 45.14313 12.57324 11.70349 13.66425 17.36450 8.62122 10.26154 7.11060 0.81635 3.24249 0.25940 0.68665 0.04578 0.00000 0.00000 0.33569 0.19073 0.62561 0.64850 0.35095 0.14496 0.03052 0.00763 0.06104
0.14496 0.00000 0.00000 0.00763 1.17493 6.79016 11.41357 21.06476 42.35077 58.18176 21.26312 19.54651 28.94592 14.71710 13.57269 7.79724 1.65558 0.03052 0.12207 0.03052 0.00000 0.00000 0.07629 0.94604 3.37219 2.66266 8.36182 3.41034 2.40326 1.71661 0.52643
0.02289 0.00000 0.00000 0.00000 0.01526 3.45612 7.60651 15.89203 109.16138 98.95325 110.00061 34.17969 24.07837 11.52039 15.54871 9.65118 5.79071 0.78583 4.44794 5.56946 0.07629 0.84686 1.22833 7.72858 10.34546 7.56073 10.16998 4.55475 6.59943 7.95746 6.04248
0.00000 0.00000 0.00000 0.00000 0.01526 12.51984 37.67395 40.52734 42.54150 27.50397 33.60748 56.66351 20.23315 17.02881 1.99890 9.35364 16.57867 16.22009 8.80432 4.82941 4.54712 2.93732 10.55908 13.48114 10.55908 9.91821 17.41028 20.58411 7.41577 6.13403 12.23755
0.00000 0.00000 0.56458 0.53406 2.75421 18.70728 24.74976 20.69092 15.93781 7.42340 19.99664 25.13123 20.95032 15.39612 30.28107 41.98456 24.23096 8.80432 18.11981 12.02393 13.59558 17.11273 14.90021 24.81079 9.10950 1.15204 10.62775 17.89856 16.72363 11.83319 13.39722
0.00000 0.00000 0.00000 0.54169 4.91333 5.56946 10.59723 22.38464 17.07458 13.67950 12.18414 25.23804 12.87842 11.56616 16.70074 18.08167 12.87079 27.48871 47.06573 23.06366 19.53888 20.26367 21.33179 9.27734 5.07355 2.50244 3.16620 17.02881 35.53772 7.85065 7.06482
0.00000 0.00763 0.04578 0.07629 0.13733 0.06866 2.68555 11.81793 12.71057 14.87732 16.99066 12.03918 12.23755 22.75848 17.39502 8.49152 9.20868 20.63751 30.98297 41.00037 19.05060 18.44025 12.72583 21.90399 11.48224 14.97650 31.10504 33.91266 35.43854 7.68280 13.20648
0.09155 0.47302 0.47302 0.01526 0.12207 0.09155 0.27466 10.64301 15.91492 23.96393 17.67731 13.74054 4.78363 15.54108 7.64465 8.20923 8.60596 6.30951 32.01294 21.71326 19.48547 44.70062 48.59924 15.12909 5.50842 11.99341 22.07947 10.10132 14.54926 8.68225 8.09479
0.20599 0.41962 2.34985 0.60272 1.10626 1.03760 1.18256 14.50348 22.63641 19.92798 13.30566 23.56720 61.50818 29.88434 5.89752 5.66101 8.34656 10.25391 6.72150 5.37872 4.55475 8.33893 20.56122 22.09473 6.08826 18.34869 37.88757 23.69690 13.64136 23.65112 30.12848
0.24414 0.98419 0.70190 0.59509 0.64850 0.10681 6.66809 86.16638 5.98145 10.54382 7.85828 7.18689 3.87573 3.64685 5.92804 4.66919 4.70734 4.19617 3.89862 4.83704 7.46918 9.19342 15.65552 18.81409 10.33020 6.66046 26.24512 47.58453 35.32410 17.56287 41.58783
0.50354 1.29700 0.16022 3.66974 0.38910 1.84631 14.86206 58.14362 82.03888 11.47461 3.64685 5.51605 2.48718 8.63647 15.97595 12.25281 16.82281 23.79608 7.86591 6.91986 6.76727 26.32141 10.06317 28.34320 5.53131 3.99780 6.34766 19.34052 42.80090 13.86261 9.53674
1.06812 2.31934 1.44958 4.30298 0.76294 0.24414 2.39563 28.08380 81.56586 57.54852 3.02124 10.55145 5.42450 3.23486 5.86700 11.65009 14.53400 9.57489 5.01251 5.02014 6.86646 10.49805 15.99884 18.23425 10.32257 2.51007 20.92743 19.37866 13.87024 27.71759 41.32843
0.48065 1.52588 3.15094 7.96509 0.32806 0.43488 0.03052 4.53186 21.75140 12.21466 7.89642 10.36835 12.62665 8.18634 7.86591 10.63538 17.25769 4.25720 3.08228 3.61633 3.02887 7.46918 10.78033 24.68872 15.78522 10.24628 27.26746 8.46863 6.45447 18.96667 23.52905
