DATA/RAW-RASTER/ECMWF/20170628/EN-28/20170701.en-28.asc
ncols			31
nrows			16
xllcorner		69.5
yllcorner		19.5
cellsize		1.0
NODATA_value	-99999
1.25504 11.54327 1.73569 4.96292 7.79343 1.63269 0.93460 2.59018 5.35583 5.95856 12.56561 8.78906 4.98962 4.10461 9.23538 9.09424 9.23538 7.01141 2.17438 3.84521 3.37601 2.49481 2.55966 6.01959 8.14819 3.71933 3.21579 0.40436 1.19781 0.92316 0.76675
0.20599 0.13733 1.49918 0.69809 4.28009 0.72479 16.40320 21.90399 14.57214 5.88989 4.33350 4.44794 6.49261 8.20923 7.59888 9.67407 8.83102 6.77490 10.67734 7.50732 8.59451 7.73239 10.99014 7.55692 8.43048 9.67407 3.95584 4.23813 0.67902 0.22507 0.25940
0.91553 0.53024 0.33951 2.56729 22.07947 17.94434 19.05441 10.05936 4.54712 4.11606 2.68936 4.01306 4.26483 5.71442 2.71988 3.09753 4.80270 2.14005 1.58310 3.56674 3.66211 3.15475 3.60870 13.48495 2.19727 3.44849 9.34219 3.91388 1.85394 1.40381 0.30518
2.97928 0.36621 0.28610 0.61035 43.02216 49.03030 8.06427 3.40271 8.52966 3.01361 3.56674 1.17874 1.85776 3.52478 3.60107 3.17764 3.89481 0.98419 2.98691 0.39673 3.56674 8.84247 5.22614 4.00543 1.11008 0.13351 2.24304 2.22778 1.52588 3.72696 0.69809
1.80817 0.04578 0.78201 13.57269 157.03964 83.20618 19.06204 6.16455 4.10461 4.67300 0.28229 1.08719 0.47302 0.98801 0.95367 0.80872 2.55966 0.74005 2.62833 1.22070 0.83923 3.10135 4.79507 1.00327 0.38910 0.75531 0.16022 1.24741 5.02014 0.76675 0.99945
3.62015 0.02289 0.91553 14.34708 6.76727 29.53339 93.87589 6.85120 7.10678 12.57324 4.45557 5.69916 1.76239 1.47247 0.63705 1.35422 6.90079 0.94604 3.42941 6.14548 8.27408 5.74493 3.89099 1.71280 5.05447 1.23978 1.11008 0.52643 3.56674 1.59836 2.26593
0.21744 0.59891 1.24741 8.15964 10.97870 20.70999 68.92776 2.42615 2.77328 3.76511 5.10788 4.92096 3.21960 4.70352 0.14114 2.15149 2.38800 2.68173 12.18033 11.80267 10.15854 7.93457 12.35199 13.03864 4.42886 8.89587 5.89752 3.39508 1.25122 12.56180 8.50296
0.31662 0.69427 1.17874 5.87463 30.34592 11.11603 27.04620 8.32367 1.67084 9.45663 1.07956 1.41907 3.06320 5.47791 1.27792 9.66644 6.19125 2.90298 8.12149 5.50461 10.34927 20.09964 19.93561 12.79831 24.84512 153.69034 17.93671 5.52750 20.13016 2.42996 2.05612
0.00000 0.53787 5.47028 35.09903 14.51111 16.54434 35.46143 22.41135 2.58255 0.51880 0.06104 0.60654 0.46921 0.64468 2.84958 12.26807 7.02667 7.35855 35.28214 149.81842 110.56900 219.77234 120.45288 183.86078 88.20724 24.00208 19.40536 72.66998 51.43738 9.40704 1.46484
0.00000 0.01907 4.61197 18.68820 14.28604 12.83264 12.03537 2.74658 2.11334 1.01852 0.18311 0.00381 0.16022 0.38528 0.93842 1.46103 2.76184 11.37543 3.26538 12.94327 17.94434 56.54144 89.42795 7.21741 23.78082 14.84299 23.81897 12.13455 74.23401 12.74872 8.30460
0.16403 0.26321 3.74985 19.02771 4.64249 7.87354 5.11169 14.04953 11.39832 1.08337 0.42343 0.11826 0.09537 0.12970 0.55313 1.49918 11.03592 7.98416 8.02994 9.91440 28.48053 22.48001 58.72726 14.86206 17.31873 32.18842 7.36618 5.61142 27.66037 12.24518 7.17545
0.05341 0.24414 0.97656 4.76837 3.66211 4.06647 17.59720 33.13828 2.87628 0.20599 0.11063 0.12970 0.36621 0.67139 3.19290 2.75421 10.14328 23.85712 32.82166 18.70728 18.99719 10.04410 14.06479 7.77817 20.70999 5.79834 3.70026 9.66644 4.59671 25.74539 15.00320
0.16022 0.40436 0.37384 0.86594 4.94385 61.63788 59.97086 17.19666 1.19400 0.08392 0.22888 2.17819 0.13351 1.20544 3.54004 1.77765 4.30298 8.39615 18.09311 16.82663 40.08484 2.25067 17.10129 15.02991 14.09531 2.41470 0.99564 3.27682 7.78198 8.87680 11.08932
0.70953 1.01471 0.04578 1.85013 3.44467 9.62067 3.59726 3.60107 5.76401 1.31226 0.18692 0.06485 0.04196 0.69046 0.38910 0.75912 2.57111 1.61743 3.34549 6.35147 8.13675 22.73178 58.57849 51.13220 8.42285 4.11606 0.88882 3.90244 18.11600 26.41678 21.66367
1.65558 1.35040 1.80435 15.04898 5.87845 10.34546 20.21790 6.32095 1.61743 0.33188 0.56076 0.03815 0.01144 0.01907 0.04578 0.41962 0.97656 2.01416 5.51224 23.74268 17.75742 14.38904 34.48105 38.36441 23.55576 7.07626 0.81253 2.25067 2.42615 19.50836 4.50134
2.42615 3.97110 6.70242 29.43039 6.62994 8.23593 4.11606 1.94931 1.51443 0.82016 0.76294 0.68665 0.01907 0.10681 0.03433 0.67520 14.19067 0.38910 15.37323 16.25061 12.95471 13.15308 21.48438 31.78787 45.57037 2.06375 4.63104 2.58636 1.57547 0.46158 4.01688
