DATA/RAW-RASTER/ECMWF/20170628/EN-28/20170704.en-28.asc
ncols			31
nrows			16
xllcorner		69.5
yllcorner		19.5
cellsize		1.0
NODATA_value	-99999
0.00000 0.59509 7.65228 10.58197 8.78906 4.75311 6.06537 9.94110 2.63977 0.90790 1.02234 0.86212 1.22833 0.70190 0.97656 0.24414 0.76294 0.80109 1.01471 3.73840 8.82721 10.86426 7.74384 13.52692 6.88171 1.24359 5.62286 12.16125 9.81140 13.22174 19.39392
0.00000 1.29700 14.48822 39.15405 4.43268 4.31824 7.17926 2.76947 2.15149 0.28992 0.35858 1.70898 1.15967 1.43433 0.83923 1.67084 1.80054 2.88391 7.54547 17.25769 8.11768 12.10785 9.56726 3.45612 2.95258 4.27246 7.19452 7.18689 9.65118 15.01465 17.79175
2.73895 8.78906 10.21576 14.90784 96.04645 35.36224 15.21301 3.22723 0.65613 0.13733 0.32806 0.80872 2.04468 0.73242 0.73242 2.33459 4.08173 4.74548 13.58795 7.11060 6.40106 17.41791 15.54108 5.79834 6.89697 6.44684 13.16071 8.76617 4.80652 12.51984 13.96179
3.53241 0.02289 0.25940 0.53406 3.13568 24.20807 20.41626 18.10455 2.46429 1.06812 4.79889 2.38800 1.95312 2.79236 3.51715 4.21906 3.63159 2.76947 3.18909 9.33075 7.44629 16.95251 11.30676 5.42450 6.54602 0.52643 4.18854 8.42285 7.10297 10.95581 12.05444
1.73187 0.00000 0.00000 0.00000 0.04578 2.22778 13.29041 12.22229 7.75146 9.59015 8.43048 4.29535 1.70898 3.51715 4.38690 2.46429 6.32477 6.24847 3.89862 4.50897 11.47461 9.46808 9.94873 2.29645 1.95312 0.86975 1.80054 0.79346 5.52368 8.02612 10.49805
0.97656 0.00000 0.00000 0.00000 0.00000 0.61035 1.44196 2.07520 18.77594 71.80023 11.26099 5.75256 2.28119 0.41199 2.45667 4.01306 2.51007 3.31879 1.73950 10.49805 5.23376 5.74493 4.69208 7.22504 7.62939 16.42609 2.02179 0.25177 3.06702 3.37982 9.84192
0.00000 0.00000 0.00000 0.00000 0.00000 0.00000 17.52472 14.71710 22.30835 161.45325 40.55786 3.77655 1.54877 0.98419 0.32806 1.43433 2.09045 2.09808 2.67029 4.72260 1.91498 0.83160 3.50189 3.23486 10.44464 33.43964 26.86310 12.16125 1.19019 1.96075 4.91333
0.00000 0.00763 0.00000 0.00000 0.00763 0.00000 0.00000 7.04193 4.20380 17.65442 19.52362 3.03650 0.86212 7.43866 17.20428 3.13568 2.85339 0.48065 0.35095 0.80109 5.83649 11.27625 2.21252 12.41302 24.00208 34.59167 76.14136 35.13336 20.62988 1.87683 7.24792
0.01526 0.04578 0.12970 0.38147 0.25177 0.15259 0.09918 0.06104 0.74768 1.25122 2.21252 0.78583 0.82397 13.13782 62.85095 19.95850 28.64075 3.50952 4.50134 29.16718 33.06580 12.53510 6.82068 16.48712 2.63214 19.94324 48.25592 26.77917 29.99878 6.90460 6.82068
0.65613 1.26648 1.22070 0.69427 0.84686 0.22125 0.26703 0.16022 0.00763 0.16022 0.12970 0.83160 0.78583 1.80054 4.08173 7.60651 91.76636 90.97290 10.10132 22.65167 8.68225 7.13348 30.99060 2.44904 5.35583 6.50787 17.91382 18.98193 93.39142 11.65771 3.07465
0.99945 1.22070 1.34277 1.15967 0.06104 0.58746 0.38910 0.84686 0.52643 0.30518 0.25940 0.38910 0.53406 1.19019 2.24304 14.50348 10.13947 0.75531 15.44189 18.46313 23.13232 18.65387 45.94421 9.54437 5.18799 15.30457 13.16071 13.07678 48.85101 11.74927 1.64032
0.49591 0.90027 2.06757 3.53241 0.77057 0.51880 0.18311 0.23651 0.47302 1.02997 2.45667 2.39563 0.64850 0.38910 2.19727 2.43378 9.37653 10.71167 24.23096 40.52734 27.59552 24.94049 2.57111 1.78528 4.89044 1.05286 1.83868 10.91766 9.98688 3.38745 2.66266
0.66376 0.81635 0.34332 0.64087 1.80817 1.41907 0.40436 0.23651 0.07629 1.21307 0.11444 1.67084 0.60272 1.22833 0.91553 1.05286 17.21954 23.09418 32.26471 20.12634 35.82001 38.01727 9.56726 11.48224 19.13452 2.82288 0.11444 2.11334 6.27136 4.49371 1.65558
1.67847 1.54877 0.25940 2.42615 0.85449 1.39618 1.38855 1.75476 1.41144 0.31281 0.23651 1.02234 0.83160 0.24414 0.98419 3.00598 0.61798 4.22668 13.29803 22.72034 21.70563 31.41785 16.30402 21.30890 2.12097 0.87738 0.57983 0.41962 3.61633 4.28009 1.32751
4.20380 2.03705 2.44141 4.73785 1.20544 0.52643 0.52643 0.33569 0.23651 0.30518 0.25177 0.25940 0.21362 0.88501 0.28992 1.98364 2.25830 0.25940 2.89154 15.83862 11.86371 16.05988 42.80853 24.03259 1.77765 0.00763 1.86920 1.43433 0.61035 6.36292 3.69263
2.47955 2.25830 2.63977 10.50568 1.76239 2.38800 2.37274 1.70135 0.24414 0.06104 0.46539 0.41199 0.72479 2.90680 4.27246 12.80212 10.81085 0.90790 10.74219 17.60864 9.60541 14.56451 28.81622 35.69031 32.47833 1.25885 6.27136 2.33459 1.63269 0.15259 5.07355
