DATA/RAW-RASTER/ECMWF/20170628/EN-28/20170706.en-28.asc
ncols			31
nrows			16
xllcorner		69.5
yllcorner		19.5
cellsize		1.0
NODATA_value	-99999
0.09918 0.09918 0.16785 2.54822 5.02014 3.99017 2.65503 0.35858 0.06104 0.03052 0.00763 0.65613 2.56348 1.54114 2.46429 2.14386 3.23486 4.47845 7.09534 2.37274 2.32697 2.58636 5.38635 9.14764 15.51819 0.67139 0.34332 0.34332 1.04523 0.96130 0.93842
0.03052 0.00000 0.00000 1.60980 3.02887 0.47302 0.00000 0.01526 0.32806 0.15259 0.02289 0.03052 0.28229 0.73242 1.15967 0.78583 3.12805 2.72369 1.24359 1.70898 2.93732 6.37817 20.16449 14.73999 5.19562 1.99890 0.24414 0.90790 1.15204 0.98419 3.87573
0.56458 2.72369 0.38147 2.28882 1.48010 1.06812 0.41962 0.01526 0.06104 0.01526 0.01526 0.00000 0.05341 0.24414 0.61035 0.57220 0.40436 9.46045 4.92096 3.60870 8.74329 18.25714 15.94543 7.73621 1.38092 1.20544 0.67139 0.70190 3.64685 7.69043 3.89862
0.07629 0.43488 0.28229 0.84686 0.70953 1.51062 1.74713 5.56183 0.01526 0.00000 0.00763 0.00763 0.00000 1.15204 0.47302 3.72314 4.31061 6.86646 4.66919 9.46045 5.02014 15.69366 9.15527 4.80652 2.60925 0.28229 4.29535 2.67792 3.76129 12.61139 7.80487
0.10681 0.05341 0.01526 0.04578 0.03815 0.48065 2.02942 1.24359 0.89264 0.01526 0.01526 0.06866 1.31989 0.60272 0.36621 0.27466 2.63977 7.22504 9.17053 3.78418 7.45392 12.65717 11.86371 3.95966 0.60272 2.00653 1.03760 6.36292 7.98035 9.86481 7.41577
0.00000 0.01526 0.00000 0.00000 0.03052 0.14496 0.19836 1.06049 5.65338 4.73785 7.23267 0.54932 3.05176 1.16730 2.96783 3.05176 2.41089 2.40326 4.97437 3.96729 1.12915 7.72858 2.54822 5.76019 7.53784 9.82666 5.30243 0.51117 12.19940 10.27679 13.46588
0.01526 0.01526 0.00000 0.00000 0.00000 0.00000 0.60272 0.88501 0.54932 0.62561 0.68665 6.46210 11.30676 8.56781 0.55695 1.57928 1.06812 0.77057 0.74768 5.34821 0.88501 0.90790 5.04303 4.24194 9.42993 69.63348 16.12854 5.23376 1.48010 2.16675 6.76727
0.00000 0.00000 0.00000 0.00000 0.01526 0.00763 0.00000 0.00763 0.06866 1.36566 0.67139 1.78528 2.23541 12.51984 34.78241 20.68329 14.49585 3.81470 2.05231 1.06812 2.96783 11.36780 1.70898 39.01672 22.76611 28.24402 74.76807 13.45062 22.38464 9.73511 3.89862
0.00763 0.00000 0.00000 0.04578 0.01526 0.01526 0.00763 0.00000 0.02289 0.00000 0.92316 0.06866 0.41199 1.08337 3.23486 12.87842 18.99719 28.04565 24.42932 6.14929 12.61902 38.17749 43.39600 21.69800 12.60376 15.83099 26.42822 88.72223 45.28809 4.53186 7.05719
0.14496 0.23651 0.62561 1.19781 1.41907 0.20599 0.35858 0.97656 0.06104 0.00000 0.01526 0.00000 0.00000 0.79346 1.06049 0.16785 1.34277 2.56348 7.22504 8.60596 11.26099 7.66754 14.27460 11.91711 5.95093 27.05383 47.18018 21.20209 38.14697 7.17163 5.96619
0.64087 0.86212 0.86975 0.77820 0.24414 0.44250 1.30463 1.86920 0.47302 0.30518 0.25177 0.71716 0.24414 0.11444 0.15259 0.31281 2.23541 3.90625 3.34930 2.57874 9.01031 16.62445 42.12189 15.80048 8.17108 11.04736 1.38092 5.72205 6.75964 2.23541 1.96075
0.42725 1.16730 1.85394 1.95312 2.06757 0.62561 1.09863 1.73950 1.93787 2.41089 1.92261 1.78528 2.10571 1.40381 2.01416 1.45721 0.69427 4.66156 4.03595 6.21796 7.30896 6.08826 6.19507 2.52533 2.86865 2.60162 1.83105 3.44849 8.87299 9.05609 4.98962
1.06812 1.50299 1.61743 2.05231 2.86865 2.23541 1.57928 2.64740 2.58636 3.29590 2.02179 2.20490 1.04523 3.09753 5.51605 3.06702 1.64795 1.96075 1.19781 0.48828 11.16180 20.98083 4.60815 1.93024 24.63531 1.98364 0.46539 2.64740 3.68500 3.96729 5.83649
5.03540 1.57166 0.49591 2.63214 2.85339 1.62506 1.27411 8.49915 5.53131 2.03705 2.25067 2.68555 4.34113 5.15747 4.49371 12.78687 1.84631 2.38037 4.14276 4.67682 10.36072 20.74432 9.79614 8.56018 9.17053 0.90027 0.48065 0.67139 4.58527 3.59344 9.40704
4.86755 4.63867 4.98962 9.78088 2.24304 6.56891 2.99835 2.60162 1.28937 3.63159 6.01959 0.98419 1.96075 4.85992 2.69318 13.13782 4.65393 3.54767 2.34985 3.23486 9.14001 21.33942 24.49799 12.96997 0.57983 1.59454 0.88501 0.10681 2.70081 2.96783 24.38354
5.06592 6.24847 9.61304 13.30566 1.52588 4.52423 11.61957 7.56836 2.11334 1.14441 2.34222 7.25555 8.07953 10.12421 3.75366 6.62231 4.18091 0.08392 0.29755 3.02887 18.64624 27.83966 26.34430 28.15247 38.26904 5.32532 31.89850 2.73132 0.55695 0.09155 1.35040
