DATA/RAW-RASTER/ECMWF/20170628/EN-28/20170707.en-28.asc
ncols			31
nrows			16
xllcorner		69.5
yllcorner		19.5
cellsize		1.0
NODATA_value	-99999
0.28229 0.01526 0.77820 1.02997 3.50952 0.82397 0.59509 0.09918 0.09155 0.00000 0.00000 0.01526 0.05341 0.24414 0.59509 0.55695 0.67139 0.40436 0.20599 0.32043 1.23596 3.65448 0.54169 4.72260 5.74493 15.41901 13.42773 4.79126 1.44196 7.84302 18.09692
0.00763 0.04578 0.70190 0.00000 0.40436 0.00000 0.06866 0.04578 0.00000 0.00000 0.00000 0.00000 0.00000 0.03052 0.17548 0.09155 0.76294 0.73242 1.20544 0.47302 0.90027 7.90405 1.99890 1.70135 6.34766 8.77380 5.04303 7.75909 9.71222 9.42230 2.86102
0.27466 0.63324 0.09155 3.60107 0.51880 2.38037 0.88501 0.01526 0.00000 0.00000 0.00000 0.00000 0.00000 0.00000 0.00000 0.00000 0.77820 0.73242 2.34222 3.09753 3.88336 6.83594 7.00378 10.29968 7.11823 0.58746 4.22668 15.12909 9.43756 12.41302 9.48334
0.00000 0.00763 0.00763 0.01526 0.08392 0.67902 5.46265 1.51062 0.00000 0.00000 0.00000 0.00000 0.00000 0.00000 0.00763 0.41199 0.67139 1.31226 2.26593 7.33948 9.66644 11.22284 11.22284 3.49426 2.31171 1.04523 2.22015 14.52637 16.79993 27.44293 12.66479
0.32806 0.00000 0.00000 0.00000 0.00000 0.05341 0.28992 0.61035 0.80872 0.01526 0.00000 0.01526 0.01526 0.00000 0.70953 0.67902 0.65613 2.43378 8.95691 10.42175 8.04901 9.89532 12.24518 3.24249 0.47302 0.82397 2.41089 7.16400 19.91272 20.62225 9.15527
0.67139 0.00000 0.00000 0.00000 0.00000 0.03052 0.18311 0.33569 0.99182 1.83105 4.17328 0.07629 0.06104 0.00000 1.91498 1.31226 1.98364 1.35040 5.72205 5.62286 7.34711 8.09479 7.39288 4.86755 5.14984 4.51660 2.12097 1.68610 8.70514 13.17596 9.96399
0.00000 0.00000 0.00000 0.00000 0.00000 0.00000 0.09918 0.09918 0.12207 1.12152 3.20435 2.19727 7.47681 3.79181 1.03760 3.36456 0.96130 0.73242 2.66266 4.52423 3.48663 8.26263 8.88062 17.15851 23.92578 33.10394 22.38464 14.41193 6.85120 1.86157 4.11987
0.00000 0.00000 0.00000 0.00000 0.00000 0.00000 0.00000 0.21362 0.48065 0.83160 0.54932 2.44141 3.98254 3.98254 3.26538 6.95801 3.36456 9.02557 0.83160 1.91498 2.47192 14.09149 2.92206 54.06952 18.25714 55.85480 164.71863 14.70947 32.24182 11.58142 15.13672
0.00000 0.00000 0.00000 0.00763 0.00763 0.00000 0.00000 0.00000 0.01526 0.02289 0.04578 0.41962 0.47302 1.35040 3.98254 4.97437 3.37219 20.33997 25.69580 15.12909 11.16180 14.01520 15.77759 26.64948 1.69373 3.41034 15.32745 52.03247 24.88708 3.81470 9.01794
0.03815 0.72479 1.05286 1.35803 1.43433 0.12970 0.05341 0.08392 0.00000 0.00000 0.00763 0.07629 0.17548 0.22888 1.64795 0.91553 14.55688 8.72803 3.55530 14.15253 16.12854 14.25171 18.86749 6.72150 10.18524 28.31268 20.95032 11.55090 32.31812 6.49261 4.60815
0.42725 1.11389 1.54877 0.66376 0.32806 0.55695 0.04578 0.60272 0.52643 0.96130 0.34332 0.00000 0.56458 0.54932 0.56458 0.48065 1.19781 1.60217 1.74713 6.03485 32.12738 22.36938 20.24078 9.14001 16.86096 16.10565 2.24304 4.04358 37.92572 19.53125 1.96838
1.02234 1.08337 5.34821 5.86700 2.48718 0.55695 2.34222 1.17493 1.01471 1.31226 2.42615 0.54932 0.50354 0.20599 0.23651 0.32043 0.40436 1.21307 8.48389 7.62177 21.16394 21.01135 13.18359 9.10950 49.29352 14.63318 1.41144 3.90625 10.00977 15.26642 14.93835
1.23596 1.45721 2.76947 2.96021 3.89099 2.35748 0.84686 0.77820 1.80817 2.31171 1.87683 1.93787 0.74768 1.15967 0.19073 0.35095 3.42560 5.09644 19.24133 13.25989 19.50073 15.94543 6.93512 22.71271 7.34711 0.86212 1.12152 10.86426 52.13165 2.80762 3.93677
1.15204 1.15967 1.25122 4.42505 3.50952 1.58691 0.28229 2.01416 2.26593 0.80109 1.31989 0.64087 2.15149 0.93842 0.77057 8.40759 9.49097 21.87347 5.59235 8.88824 14.29749 17.31110 13.58795 12.22992 2.08282 0.68665 0.77820 6.16455 28.56445 10.42938 16.91437
3.05939 1.43433 3.37982 5.08118 4.55475 1.28937 1.18256 2.17438 0.28992 1.75476 5.56183 12.08496 19.99664 21.04950 9.71222 16.41083 13.42010 0.93079 0.38147 8.04901 9.24683 12.90131 12.89368 10.56671 4.87518 3.54004 0.86212 0.74768 3.48663 8.75854 18.40210
2.75421 5.19562 9.14764 10.69641 0.93079 4.58527 1.96075 4.04358 1.67084 0.45013 12.96234 24.85657 21.86584 26.98517 4.56238 9.33075 6.17218 0.01526 0.30518 7.89642 6.71387 18.71490 45.39490 19.63806 22.85004 5.45502 7.32422 1.54877 2.01416 1.17493 2.20490
