DATA/RAW-RASTER/ECMWF/20170628/EN-28/20170711.en-28.asc
ncols			31
nrows			16
xllcorner		69.5
yllcorner		19.5
cellsize		1.0
NODATA_value	-99999
0.00000 0.22888 8.93402 0.81635 0.00000 0.00000 0.00000 0.02289 0.19073 5.21851 3.31879 4.89807 3.31879 2.09045 0.14496 0.00000 0.00000 0.00000 0.00000 0.00000 0.00000 0.00000 0.00000 0.00000 0.00000 0.01526 0.00000 0.00000 0.00763 0.00000 0.18311
0.00000 0.15259 0.14496 1.62506 5.24139 0.62561 0.48828 0.09918 0.26703 0.51880 3.46375 3.98254 2.09808 1.44958 0.22888 0.00000 0.00000 0.00000 0.00000 0.00000 0.00000 0.03052 0.01526 0.00000 0.00000 0.00000 0.00000 0.00000 0.00000 0.00763 0.28229
0.00000 0.00000 0.00000 0.48828 4.18854 35.61401 5.62286 0.31281 1.42670 4.92096 6.19507 4.47845 0.28229 0.00000 0.00000 0.00000 0.00000 0.00000 0.00000 0.00000 0.00000 0.00000 0.00000 0.00000 0.04578 0.28992 0.63324 0.62561 0.79346 0.67139 1.16730
0.00000 0.00000 0.00000 0.00000 0.16785 4.32587 13.52692 37.85706 7.55310 7.41577 17.54761 3.99017 8.79669 0.17548 0.00000 0.00000 0.00000 0.00000 0.00000 0.00000 0.00000 0.01526 0.09155 0.43488 2.05994 5.92041 3.01361 3.27301 3.61633 4.48608 9.23157
0.00000 0.00000 0.00000 0.00000 0.23651 0.65613 3.64685 11.56616 43.48755 12.16888 5.88226 10.71930 6.75964 0.52643 0.00000 0.00000 0.00000 0.00000 0.03815 0.00000 0.78583 1.09863 5.29480 6.66809 8.66699 1.54877 0.28229 0.61035 0.64850 3.43323 7.23267
0.00000 0.00000 0.00000 0.00000 0.03052 0.00000 1.86920 1.88446 14.67133 31.85272 34.50012 18.87512 24.97101 2.56348 0.07629 0.00000 0.45776 0.02289 0.07629 0.80872 6.25610 1.77002 10.79559 7.68280 4.79126 1.96838 0.26703 8.42285 4.66919 8.75092 13.39722
0.00000 0.00000 0.00000 0.00000 0.00000 3.46375 1.84631 2.82288 14.90021 13.45825 20.11108 21.36993 52.77252 22.97211 5.45502 0.68665 3.23486 6.05774 0.73242 3.18909 11.39832 2.88391 5.91278 1.09863 6.86646 9.35364 36.76605 14.49585 11.48987 18.57758 15.04517
0.00000 0.00000 0.00000 5.14221 2.67792 6.38580 15.19775 11.11603 7.40814 2.03705 2.62451 12.01630 18.73779 15.79285 17.21954 10.86426 45.68481 5.76019 3.41034 2.41852 4.98199 2.81525 2.83051 20.13397 5.10406 5.18036 12.31384 7.48444 17.96722 20.84351 22.59827
0.01526 0.00000 0.00000 0.00000 0.00000 0.09155 0.45013 0.80109 0.32043 1.07574 0.36621 4.62341 9.59778 20.53833 10.84137 21.06476 14.43481 4.04358 7.98798 5.98145 2.99072 4.92859 5.98145 11.81793 18.73016 9.56726 9.42230 24.29962 29.04510 13.28278 16.57867
0.00000 0.00000 0.00000 0.17548 0.34332 0.06104 0.19836 0.28229 1.71661 3.04413 0.31281 10.31494 8.41522 11.94763 14.62555 9.62067 6.76727 13.96179 13.70239 9.75037 12.03156 22.41516 17.12799 6.95801 17.36450 4.24194 12.11548 13.00812 6.34003 7.84302 12.19940
0.08392 0.21362 0.52643 0.69427 0.14496 0.70190 0.05341 0.20599 0.30518 1.17493 1.83868 5.52368 15.73944 12.87842 12.03918 11.20758 5.32532 8.54492 8.83484 8.89587 2.97546 16.22772 39.60419 25.57373 5.96619 17.90619 8.11768 11.63483 9.14001 3.05176 2.04468
0.22125 1.11389 1.62506 2.52533 1.46484 0.90027 0.38147 0.45013 1.70898 9.81903 11.44409 23.32306 23.38409 16.41846 7.53784 2.80762 7.59888 11.91711 6.91986 11.64246 6.88171 6.00433 5.11932 14.53400 11.60431 10.78796 2.63977 13.34381 4.38690 9.68933 6.29425
0.53406 1.32751 3.78418 4.21143 2.50244 2.13623 0.25940 1.04523 3.91388 14.53400 10.68115 10.76508 13.92365 18.99719 44.55566 3.74603 2.28882 1.63269 4.73785 4.69971 2.02942 4.66156 5.24139 22.23206 17.08984 9.88770 1.93787 10.35309 16.90674 2.64740 8.93402
1.06049 1.45721 0.54932 1.34277 2.39563 0.61035 1.08337 0.51117 4.79126 24.05548 29.80804 24.71924 19.78302 15.97595 13.58032 11.34491 4.26483 4.17328 5.64575 10.20813 5.70679 7.61414 2.09045 12.64191 11.02448 2.40326 9.24683 66.04004 21.82770 14.86969 28.01514
1.25885 1.40381 2.03705 3.91388 4.58527 1.76239 2.63214 2.73895 25.60425 76.83563 31.71539 31.74591 7.69806 7.91168 9.13239 1.38092 2.30408 4.50897 3.26538 3.04413 7.40814 7.58362 10.97870 24.81842 15.06042 6.09589 4.92859 19.41681 26.03149 20.35522 45.02869
1.25122 1.63269 5.48553 9.32312 1.98364 1.64795 1.25122 3.00598 22.90344 109.23004 157.08160 21.32416 17.12036 5.76782 7.27081 4.87518 7.50732 3.40271 2.68555 5.53131 4.89807 6.77490 13.56506 32.22656 14.78577 12.32910 18.11981 9.94110 16.47949 13.06915 49.02649
