DATA/RAW-RASTER/ECMWF/20170628/EN-28/20170702.en-28.asc
ncols			31
nrows			16
xllcorner		69.5
yllcorner		19.5
cellsize		1.0
NODATA_value	-99999
0.00381 0.77438 0.03433 2.91061 2.35367 1.17874 2.02942 2.13623 2.39182 2.42233 4.11987 3.20816 1.46866 1.55640 3.93295 3.02505 4.23431 5.51605 5.76782 6.45447 9.93347 7.90024 2.11334 0.99945 1.06430 1.29318 2.28882 1.91498 0.75912 1.34659 2.44522
0.00000 0.00381 0.00000 0.04196 1.35040 0.83542 7.09534 3.79944 1.70517 0.39673 4.33731 7.04575 2.09808 0.78964 0.65231 0.97656 0.44250 1.52206 2.82669 7.88116 20.83588 4.87137 1.57928 0.91171 0.26703 0.87738 2.30408 4.82178 9.29642 13.58414 13.07297
0.00000 0.00763 0.00763 2.37656 4.32587 1.36566 1.74713 1.09100 0.49973 0.86212 0.59509 4.13895 6.52313 8.03757 1.15585 1.50681 1.50299 1.39236 2.51007 6.99234 23.13995 12.65335 4.97055 14.04953 7.43484 10.39124 5.26047 3.91769 8.50296 8.01468 7.30515
0.57602 0.00000 0.00381 0.12589 3.86047 15.22446 5.66101 14.06097 3.31879 0.85068 0.70190 0.91553 8.06808 8.06046 12.78687 5.05447 6.68716 4.81796 7.73621 13.68332 6.70242 7.20215 7.22504 3.79181 2.34985 1.69754 12.25281 7.66754 14.20212 20.17975 11.50894
0.10300 0.00000 0.00763 3.21198 12.48169 14.72855 38.86414 41.46576 33.00858 5.79834 2.04468 0.96130 0.86594 4.35638 7.82776 8.81577 11.89804 18.68057 9.85718 13.27133 6.75201 4.98962 2.14767 0.94986 0.36240 0.47684 0.31281 0.67139 11.56998 23.11707 7.91168
1.29700 0.00000 0.01144 1.43051 27.18735 11.79886 43.93387 19.54651 42.50717 30.33066 33.16498 17.17377 9.22012 1.09100 2.99454 13.90457 37.17422 29.06418 16.78085 8.46481 7.82776 8.43430 1.59836 2.17819 0.99945 4.00543 1.33896 0.98801 5.02396 10.81467 11.62720
0.19073 0.11444 0.00000 0.97275 9.43756 17.78030 28.05328 26.03531 9.38797 12.85553 39.89029 28.32794 40.74478 10.19287 5.27191 19.41299 24.73831 13.05771 5.19943 5.11169 7.62558 2.52533 2.74277 3.52859 5.47409 10.65826 2.57492 1.11771 1.56021 2.03323 7.21741
0.00000 0.15640 0.45013 2.59018 5.39780 12.84790 23.99445 9.89914 4.69971 4.63104 4.84085 8.17871 24.16611 23.09799 34.84344 56.90384 51.83792 19.84406 19.32144 12.75253 11.99722 9.28116 21.18301 5.91660 22.25876 35.96497 4.99344 5.74493 16.58249 1.47247 7.90405
0.00000 0.00763 0.68665 0.61417 1.61743 1.31226 1.10626 10.14328 48.85101 15.96832 2.57492 2.04849 1.26648 6.84357 16.76941 34.60693 65.23895 78.98331 99.03336 47.27936 38.14697 17.34543 42.03796 56.56815 28.07236 12.33673 14.77814 115.36407 64.98718 6.54984 3.74222
0.12589 0.96893 0.50354 0.99182 1.47247 0.69046 1.25885 4.02451 11.31058 2.75803 0.84305 2.97928 3.72314 0.86212 3.07083 10.76508 35.68268 11.84845 21.96121 37.12082 62.01553 34.85870 50.52948 20.97321 4.73404 19.44733 12.82120 12.85172 57.68204 23.85712 2.59781
1.16348 2.03705 0.96130 1.02997 0.06485 0.30518 0.44250 1.75476 2.20108 3.23486 3.47900 4.32205 1.52206 0.69809 1.81580 5.95474 8.97217 7.29752 35.04181 32.62711 50.25101 52.58560 69.14139 78.34625 27.02713 25.84839 15.38086 17.20047 42.14478 20.11108 5.04303
0.52261 0.45395 3.17764 3.04794 1.44196 1.70898 0.64087 1.49918 0.53787 0.60272 1.37711 4.89807 0.90027 0.96130 8.10623 4.63867 1.19400 5.25665 10.54001 6.77872 27.71759 45.55130 13.88931 10.58197 19.99283 12.59613 13.42010 31.92902 18.53943 19.05060 12.81738
0.71335 0.93842 0.54169 1.65176 2.26212 2.31171 1.03760 2.22397 1.01852 1.45340 3.15857 1.06049 0.71335 1.20163 4.77982 7.37000 5.25284 6.09589 7.82394 6.14929 15.43808 44.81125 28.98407 15.96451 24.13940 4.61197 0.61798 12.51984 22.64404 10.40268 20.07294
1.10626 1.04141 0.12589 1.28555 4.00925 0.64087 1.07193 2.40707 1.79291 1.38474 5.13458 0.36240 0.67139 1.06812 1.87683 2.05994 2.66647 2.00272 0.78964 14.03427 20.22171 23.09036 37.14371 35.96497 3.23486 0.62180 2.85721 2.56348 8.99506 28.10287 35.00366
1.62125 2.46429 1.09863 4.17709 1.60980 1.30081 0.99564 0.69427 2.30408 1.34277 3.78418 1.00327 1.15967 0.41199 0.40817 0.33569 0.47302 0.00381 2.66647 3.60107 10.80704 10.97107 50.52185 39.72244 9.13239 0.71335 6.16455 5.28717 10.64682 15.48767 15.43808
1.52588 1.23978 1.39236 6.63376 0.52643 2.52151 3.44467 1.93405 5.30243 7.28989 1.67465 2.21634 0.88882 1.22452 4.49371 1.51062 1.83868 4.83704 2.42233 1.59836 3.88336 11.78360 30.88379 50.69351 53.60413 7.75528 19.28711 6.13403 3.55911 4.58527 4.69589
