DATA/RAW-RASTER/ECMWF/20170628/EN-28/20170705.en-28.asc
ncols			31
nrows			16
xllcorner		69.5
yllcorner		19.5
cellsize		1.0
NODATA_value	-99999
0.83923 2.21252 1.41907 4.89807 6.65283 3.79181 4.87518 5.53131 2.99072 0.80872 3.86810 2.03705 4.51660 2.49481 6.84357 9.06372 17.92908 11.06262 14.92310 11.41357 10.24628 5.68390 1.36566 2.80762 7.26318 12.82501 7.22504 5.63812 2.64740 2.93732 1.33514
0.08392 1.69373 2.60925 14.28986 5.18036 2.90680 5.53131 0.85449 3.07465 1.97601 2.56348 1.52588 1.99890 4.24194 4.70734 7.43866 6.27899 4.20380 11.17706 7.22504 6.12640 0.89264 0.65613 2.98309 4.05121 5.97382 7.62939 9.03320 14.39667 14.93073 10.79559
5.88226 2.39563 2.99072 7.82776 19.46259 1.60980 9.14764 4.45557 2.45667 0.74768 1.21307 1.67084 1.08337 0.73242 1.39618 4.05121 11.07788 2.42615 5.73730 5.50079 4.33350 3.06702 1.86157 4.18854 3.33405 7.32422 8.06427 17.34161 12.84790 10.07080 8.29315
2.38800 0.47302 0.60272 3.24249 1.51825 1.88446 7.11060 16.12091 2.45667 0.18311 2.54059 0.61798 0.23651 0.61798 7.31659 4.37164 3.29590 9.71985 10.30731 5.34058 1.75476 2.41089 1.93024 2.19727 3.42560 1.38855 11.57379 4.14276 10.27679 7.77435 20.96558
4.13513 0.03052 0.00763 0.46539 1.61743 2.12860 1.48010 8.40759 6.46973 2.36511 0.06104 0.91553 1.38092 2.51007 1.90735 2.75421 8.84247 14.10675 10.96344 8.45337 6.65283 4.24194 3.78418 3.76129 1.80054 0.69427 3.42560 2.74658 3.18909 5.33295 6.03485
0.03815 0.00000 0.00763 0.00763 0.21362 0.83923 0.70953 1.03760 1.71661 5.32532 16.17432 4.72260 2.52533 0.92316 3.60870 3.05939 3.39508 0.49591 5.07355 5.14221 15.24353 11.36017 5.93567 7.46918 6.36292 16.07513 4.21906 0.67902 3.18146 3.30353 9.85718
0.00000 0.00000 0.00000 0.00763 0.38147 0.39673 0.17548 0.57983 0.57220 9.07898 7.07245 11.36017 4.61578 6.01196 0.54932 4.47845 2.44141 3.07465 2.15912 7.91168 5.38635 7.12585 6.01959 4.14276 18.29529 56.11420 16.06750 9.49860 1.20544 4.69971 3.82996
0.00000 0.00000 0.05341 0.06866 0.16022 0.20599 0.14496 0.31281 0.18311 3.80707 6.91223 2.59399 2.76184 5.57709 2.68555 2.12097 5.28717 0.55695 3.94440 7.33185 1.80054 13.28278 4.91333 33.14972 23.34595 13.20648 14.23645 27.24457 26.81732 7.46155 1.13678
0.00000 0.09918 0.18311 0.78583 0.45013 0.34332 0.35095 0.22888 0.19073 0.18311 4.32587 0.86975 0.96130 10.71167 3.94440 8.94928 26.93939 40.12299 33.04291 72.13593 38.27667 21.60645 29.07562 36.31592 16.85333 5.72968 20.59937 45.62378 20.08820 8.17871 1.64032
0.03815 0.80109 0.57983 1.09100 1.76239 0.33569 0.15259 1.04523 0.33569 0.01526 0.19073 0.62561 0.07629 0.67902 0.43488 1.22070 3.69263 25.84076 11.30676 75.84381 49.04175 21.31653 43.70117 9.14001 5.44739 13.39722 25.25330 14.15253 99.92218 11.32202 7.94983
0.54169 1.18256 1.14441 0.94604 0.21362 0.25940 0.57220 0.74005 0.45013 0.14496 0.31281 1.19781 0.38147 0.31281 0.09155 0.46539 0.32806 0.67139 2.82288 26.64948 78.22418 45.35675 46.76819 8.70514 11.85608 32.75299 3.18909 5.79071 16.77704 14.22882 3.32642
0.26703 0.68665 2.05231 3.40271 1.48773 0.21362 0.39673 1.16730 0.58746 0.41199 1.39618 0.32043 1.18256 0.65613 0.20599 0.71716 0.94604 0.90790 8.15582 32.02820 21.56067 9.93347 3.46375 4.59290 40.46631 1.74713 0.87738 5.14221 19.72961 11.03973 4.91333
0.64850 1.39618 1.94550 3.73077 1.90735 0.74005 0.99945 0.93079 1.31989 0.96130 1.04523 0.80872 0.07629 0.34332 0.42725 0.75531 2.67792 1.31989 1.67847 13.08441 31.70776 31.74591 2.83813 40.57312 12.65717 0.38910 0.19073 2.74658 3.82996 6.71387 2.93732
2.19727 1.83105 1.83868 5.30243 2.83051 3.00598 0.71716 2.43378 0.71716 0.02289 0.61798 0.35858 0.59509 0.91553 0.77057 2.16675 1.68610 1.13678 5.33295 9.50623 6.59180 14.17542 5.40924 16.02173 22.05658 0.99945 1.02997 0.32043 3.60870 1.87683 1.41144
3.21198 7.52258 5.70679 5.29480 2.74658 1.25122 0.63324 2.05994 3.31879 0.77820 1.19019 0.20599 0.32043 0.98419 0.38147 0.67139 0.60272 0.32806 2.62451 17.03644 6.32477 9.72748 16.63971 8.94928 1.80054 2.53296 1.61743 0.88501 0.25940 5.08881 2.21252
3.44086 6.85120 8.96454 6.40869 2.77710 1.80817 2.53296 1.68610 1.22070 0.16785 5.51605 3.02887 1.85394 4.53186 2.24304 3.62396 1.25122 1.25122 5.55420 12.04681 10.10132 20.05768 21.15631 24.08600 37.12463 1.15204 8.98743 1.02234 0.54169 0.24414 0.12970
