DATA/RAW-RASTER/ECMWF/20170628/EN-28/20170703.en-28.asc
ncols			31
nrows			16
xllcorner		69.5
yllcorner		19.5
cellsize		1.0
NODATA_value	-99999
0.00000 0.03052 0.25940 5.47791 5.34058 6.69098 5.49316 2.98309 2.02179 0.20599 2.42615 3.73840 2.47192 1.39618 1.79291 3.73077 4.74548 3.74603 4.49371 1.66321 1.30463 2.63977 9.50623 16.05225 8.46100 3.76892 7.75909 6.49261 3.57056 0.50354 7.82013
0.00000 0.00000 0.59509 1.19019 4.72260 0.93079 1.04523 0.74768 0.09155 0.74005 2.67029 1.35040 0.85449 9.35364 7.17163 7.78961 1.63269 0.86212 1.98364 1.00708 2.69318 10.49805 17.00592 21.67511 17.41028 14.78577 5.92041 4.84467 1.01471 1.60217 6.62994
1.02997 0.19836 0.00000 0.30518 1.48773 10.71930 3.71552 1.35040 4.43268 5.04303 5.42450 12.72583 18.42499 20.58411 8.36945 6.48499 3.09753 1.06812 1.38855 1.80054 5.45502 9.62067 8.76617 11.16943 14.09149 15.33508 9.52911 3.83759 0.74768 1.25122 5.71442
0.00763 0.00000 0.22125 0.00763 3.01361 2.57111 11.19232 8.53729 6.03485 1.14441 1.76239 3.79181 11.06262 13.20648 8.73566 5.00488 2.33459 5.37109 3.31879 6.07300 0.96130 4.66156 10.39124 9.83429 4.53186 0.83923 3.41034 3.21198 8.36945 3.60870 3.31116
1.19019 0.03815 0.00000 0.00000 0.93842 1.36566 88.53149 15.54871 10.91003 8.79669 0.99945 6.79779 2.28882 8.80432 10.79559 7.69806 6.01959 1.65558 1.56403 12.48932 4.98199 6.38580 8.19397 2.54822 0.49591 0.85449 0.55695 1.49536 7.96509 7.14874 7.02667
1.51062 0.00000 0.00000 0.00763 9.65118 6.11877 33.76007 21.36230 95.28351 63.50708 11.84082 9.10187 15.38086 1.69373 10.24628 4.21143 2.60925 2.28119 2.69318 2.70081 4.21906 8.10242 7.13348 9.04846 7.01904 14.23645 3.02887 0.64850 3.23486 12.18414 13.32092
0.00000 0.00000 0.00000 0.02289 0.54932 58.28094 63.59863 109.61151 51.71204 121.53625 44.98291 27.54211 52.71149 22.59064 1.10626 2.41089 6.43158 7.65228 4.00543 3.50952 1.86920 0.48828 1.59454 1.66321 8.52203 20.54596 8.64410 10.15472 0.74768 2.22015 4.84467
0.00000 0.00000 0.00000 0.00000 0.00763 2.78473 9.85718 47.70660 12.75635 6.98853 2.72369 15.62500 93.33801 51.71204 54.69513 96.81702 20.23315 5.53894 2.58636 3.49426 5.76782 17.50946 2.41852 20.04242 7.88879 29.57916 84.59473 22.74323 17.47131 3.37219 9.49097
0.00763 0.01526 0.03815 0.23651 0.74005 0.51117 0.94604 0.17548 0.09155 0.34332 0.32043 6.78253 33.56171 82.19147 45.16602 15.95306 11.38306 11.50513 24.20807 58.21228 73.34900 42.13715 26.24512 28.22113 12.61139 39.13116 43.60199 75.88959 18.59283 5.36346 2.91443
0.18311 0.61798 0.70953 1.73187 1.01471 0.06866 0.45776 0.45776 0.08392 0.29755 0.88501 4.55475 45.00580 58.63953 16.34979 47.27936 13.15308 9.91058 14.00757 17.19666 21.29364 15.33508 56.50330 28.52631 21.04187 16.62445 21.99554 23.14758 102.67639 16.28113 7.75146
0.79346 0.76294 0.62561 0.57983 0.41962 1.48010 0.32806 0.16785 0.01526 0.08392 2.22778 2.49481 2.57874 42.38892 78.33862 72.34192 9.63593 3.12805 6.14166 22.10236 32.46307 27.70233 56.67877 40.34424 17.24243 12.35199 16.80756 11.16943 64.22424 15.68604 5.37109
0.52643 0.71716 3.05939 5.22614 1.15204 1.09863 1.28937 3.50952 1.15967 1.20544 5.58472 10.24628 2.15912 15.99884 40.32135 44.01398 13.25989 3.84521 8.80432 19.00482 36.62109 14.83154 4.79126 7.22504 20.35522 7.24030 8.44574 18.16559 10.91003 32.02057 6.78253
0.51880 0.90027 0.67139 0.89264 1.01471 0.54169 0.14496 0.09918 0.22888 0.85449 0.38147 8.56781 42.57202 13.08441 18.27240 9.04846 17.95197 5.41687 13.29803 13.99231 24.29962 40.45105 12.00104 10.10895 10.23865 10.16998 2.96021 8.90350 6.92749 9.42993 0.70953
1.19781 1.88446 0.16022 0.60272 3.70026 0.93842 1.80054 0.63324 0.00000 0.60272 4.04358 13.98468 23.82660 16.19720 14.35852 2.95258 4.43268 2.25830 14.50348 25.03204 9.95636 22.43805 23.09418 19.62280 11.15417 0.03052 1.86157 12.76398 11.40594 14.33563 9.94110
0.90027 2.57874 1.49536 3.61633 1.07574 0.63324 0.21362 0.80872 0.02289 0.00000 1.81580 1.51062 1.58691 3.91388 12.61902 1.01471 4.37927 4.69208 0.53406 12.42065 17.53998 20.51544 52.58942 25.64240 1.34277 0.09155 9.35364 9.51385 11.52802 15.80811 7.37762
4.26483 1.44196 1.19781 6.05011 0.38910 1.14441 1.34277 0.77820 0.17548 0.04578 0.54169 3.44086 5.07355 0.75531 4.13513 15.84625 3.70026 11.06262 10.44464 5.17273 12.91656 16.78467 23.92578 31.82220 53.86353 9.36127 26.29852 14.13727 22.65930 12.73346 28.01514
