DATA/SHG/ECMWF/20170628/EN-28/20170702.en-28.asc
ncols        190
nrows        64
xllcorner    -5100000.000000000000
yllcorner    4130000.000000000000
cellsize     10000.000000000000
NODATA_value  -99999.000
[rows 32 to 63 of 64, columns 0 to 70 of 190]
18.619 18.932 18.231 17.373 16.458 15.485 14.456 13.369 12.225 11.023 9.764 8.448 7.075 5.645 5.576 5.569 5.544 5.501 5.441 5.364 5.269 5.157 5.028 4.880 4.716 4.534 5.646 6.787 7.936 9.094 10.260 11.434 12.616 13.807 15.006 16.213 17.429 18.643 19.362 20.035 20.663 21.245 21.781 22.271 22.715 23.113 23.466 24.177 25.040 25.794 25.134 24.423 23.660 22.844 21.977 21.058 20.088 19.065 17.990 16.864 15.685 14.533 14.128 13.741 13.373 13.024 12.694 12.382 12.090 11.816 11.560
21.859 22.353 21.717 20.658 19.542 18.368 17.138 15.850 14.504 13.102 11.642 10.125 8.551 6.920 6.539 6.470 6.384 6.281 6.160 6.021 5.866 5.692 5.502 5.294 5.068 4.825 5.757 6.927 8.106 9.293 10.488 11.691 12.902 14.122 15.350 16.586 17.831 19.084 19.727 20.241 21.123 22.079 23.007 23.910 24.786 25.635 26.458 27.254 28.024 28.767 28.055 27.163 26.218 25.222 24.173 23.073 21.921 20.717 19.462 18.154 16.795 15.383 14.996 14.674 14.371 14.087 13.822 13.575 13.347 13.138 12.947
25.037 25.712 25.262 24.002 22.685 21.310 19.879 18.390 16.844 15.240 13.580 11.862 10.087 8.255 7.519 7.389 7.242 7.078 6.896 6.696 6.480 6.245 5.994 5.725 5.438 5.135 5.860 7.059 8.266 9.482 10.706 11.939 13.179 14.853 16.584 18.335 20.106 21.897 23.067 23.982 24.872 25.734 26.570 27.380 28.163 28.920 29.650 30.354 31.031 31.681 31.024 29.950 28.825 27.647 26.418 25.136 23.803 22.418 20.982 19.493 17.953 16.361 15.845 15.588 15.350 15.130 14.930 14.748 14.585 14.440 14.314
28.153 29.010 28.866 27.405 25.887 24.311 22.679 20.989 19.242 17.438 15.577 13.659 11.683 9.650 8.517 8.326 8.118 7.892 7.649 7.389 7.111 6.816 6.504 6.174 5.826 5.479 6.390 8.049 9.729 11.429 13.149 14.890 16.650 18.431 20.232 22.053 23.894 25.756 27.023 27.846 28.642 29.412 30.155 30.872 31.563 32.227 32.864 33.475 34.060 34.618 34.041 32.786 31.479 30.121 28.710 27.248 25.734 24.169 22.551 20.882 19.161 17.388 16.674 16.482 16.309 16.155 16.019 15.902 15.803 15.723 15.662
31.207 32.245 32.528 30.866 29.147 27.371 25.538 23.648 21.700 19.696 17.634 15.515 13.339 11.106 9.531 9.280 9.011 8.724 8.452 8.354 8.298 8.284 8.313 8.385 8.499 8.655 9.450 11.180 12.930 14.700 16.490 18.301 20.132 21.983 23.854 25.745 27.656 29.588 31.000 31.730 32.434 33.111 33.762 34.386 34.984 35.556 36.100 36.619 37.111 37.576 37.106 35.670 34.182 32.643 31.051 29.408 27.714 25.967 24.169 22.319 20.417 18.464 17.485 17.358 17.250 17.160 17.088 17.036 17.002 16.987 16.991
34.201 35.420 36.249 34.386 32.466 30.490 28.456 26.365 24.217 22.012 19.750 17.393 14.975 12.633 10.774 10.653 10.575 10.540 10.547 10.596 10.688 10.822 10.999 11.218 11.479 11.783 12.484 14.285 16.105 17.945 19.806 21.687 23.587 25.509 27.450 29.411 31.393 33.394 35.000 35.637 36.248 36.833 37.391 37.923 38.428 38.907 39.359 39.785 40.184 40.557 40.218 38.601 36.933 35.213 33.441 31.617 29.742 27.815 25.836 23.805 21.723 19.589 18.277 18.215 18.171 18.146 18.139 18.151 18.182 18.231 18.300
37.132 38.532 39.984 37.965 35.583 32.901 30.294 27.763 25.306 22.924 20.618 18.386 16.229 14.148 12.230 12.257 12.327 12.439 12.594 12.791 13.030 13.311 13.636 14.002 14.411 14.862 15.494 17.364 19.254 21.165 23.096 25.047 27.018 29.009 31.020 33.051 35.103 37.175 39.021 39.565 40.084 40.576 41.042 41.481 41.894 42.280 42.640 42.973 43.280 43.561 43.378 41.581 39.732 37.831 35.878 33.874 31.818 29.711 27.551 25.340 23.078 20.764 19.050 19.052 19.073 19.112 19.170 19.247 19.343 19.457 20.147
37.557 38.356 39.164 37.162 34.667 32.246 29.901 27.630 25.435 23.314 21.268 19.298 17.402 15.581 13.835 13.814 14.031 14.291 14.593 14.937 15.324 15.753 16.224 16.738 17.294 17.893 18.534 20.418 22.378 24.359 26.360 28.381 30.422 32.483 34.564 36.666 38.788 40.929 43.063 43.515 43.941 44.341 44.714 45.061 45.381 45.675 45.943 46.184 46.398 46.587 46.586 44.608 42.578 40.497 38.364 36.179 33.943 31.655 29.316 26.924 24.482 21.987 19.804 20.417 21.344 22.324 23.355 24.439 25.575 26.764 28.004
35.523 36.355 37.196 35.905 33.671 31.511 29.427 27.417 25.483 23.623 21.838 20.128 18.493 16.933 15.447 15.323 15.688 16.095 16.544 17.036 17.570 18.147 18.765 19.426 20.130 20.875 21.663 23.446 25.477 27.528 29.599 31.690 33.801 35.932 38.083 40.255 42.446 44.658 46.890 47.487 47.821 48.128 48.409 48.663 48.891 49.093 49.268 49.417 49.539 49.635 49.705 47.683 45.473 43.211 40.898 38.533 36.335 34.304 32.390 30.591 28.909 27.343 25.898 26.953 28.060 29.220 30.432 31.697 33.013 34.382 35.803
33.483 34.346 35.219 34.568 32.595 30.696 28.873 27.124 25.450 23.851 22.326 20.877 19.502 18.202 16.977 16.785 17.297 17.852 18.448 19.087 19.769 20.492 21.258 22.066 22.917 23.810 24.745 26.450 28.550 30.671 32.812 34.973 37.154 39.355 41.576 43.818 46.079 48.361 50.662 51.481 51.722 51.937 52.125 52.287 52.423 52.532 52.615 52.672 52.702 52.473 52.280 50.407 48.198 46.104 44.127 42.266 40.521 38.893 37.380 35.983 34.703 33.538 32.490 33.430 34.718 36.058 37.450 38.895 40.392 41.941 43.542
31.434 32.330 33.235 33.152 31.439 29.801 28.238 26.750 25.336 23.998 22.734 21.545 20.430 19.391 18.426 18.200 18.859 19.561 20.305 21.091 21.919 22.790 23.703 24.658 25.656 26.696 27.778 29.428 31.598 33.789 36.000 38.231 40.482 42.753 45.044 47.355 49.686 52.038 54.409 55.496 55.645 55.767 55.218 54.706 54.284 53.953 53.712 53.562 53.503 53.534 53.655 52.466 50.659 48.967 47.392 45.933 44.590 43.362 42.251 41.256 40.377 39.614 38.967 39.849 41.317 42.837 44.409 46.034 47.711 49.440 51.221
29.378 30.306 31.243 31.656 30.204 28.826 27.524 26.296 25.142 24.064 23.060 22.131 21.277 20.497 19.793 19.568 20.374 21.223 22.114 23.047 24.023 25.040 26.100 27.202 28.347 29.533 30.762 32.380 34.621 36.881 39.162 41.463 43.784 46.125 48.466 49.998 51.519 53.029 54.529 55.123 54.654 54.275 53.987 53.789 53.682 53.665 53.739 53.903 54.158 54.503 54.939 54.408 53.002 51.713 50.539 49.481 48.540 47.714 47.004 46.410 45.932 45.570 45.324 46.209 47.857 49.557 51.310 53.115 54.971 56.880 58.842
27.314 28.275 29.244 30.080 28.888 27.771 26.729 25.761 24.868 24.049 23.306 22.637 22.042 21.523 21.078 20.888 21.842 22.838 23.876 24.956 26.078 27.243 28.450 29.699 30.990 32.323 33.699 35.219 36.789 38.349 39.898 41.436 42.963 44.480 45.987 47.482 48.967 50.441 51.904 52.859 52.704 52.640 52.666 52.783 52.990 53.287 53.675 54.153 54.722 55.381 56.131 56.233 55.229 54.341 53.569 52.912 52.372 51.947 51.638 51.445 51.368 51.406 51.561 52.510 54.339 56.219 58.151 60.136 62.173 64.262 66.403
25.243 26.235 27.237 28.247 27.493 26.636 25.854 25.146 24.513 23.954 23.471 23.061 22.727 22.467 22.282 22.171 23.262 24.405 25.590 26.817 27.960 28.686 29.407 30.124 30.836 31.543 32.246 33.007 34.541 36.065 37.577 39.079 40.570 42.051 43.521 44.980 46.428 47.866 49.293 50.506 50.666 50.915 51.256 51.686 52.208 52.819 53.521 54.313 55.195 56.168 57.232 57.942 57.339 56.852 56.481 56.225 56.086 56.062 56.154 56.361 56.685 57.124 57.679 58.754 60.762 62.822 64.935 67.099 69.316 71.584 73.905
23.164 24.188 25.222 26.265 26.019 25.421 24.899 24.451 24.078 23.779 23.555 23.405 23.330 23.203 22.862 22.537 23.104 23.833 24.557 25.277 25.992 26.703 27.409 28.110 28.807 29.499 30.186 30.869 32.307 33.794 35.270 36.736 38.191 39.635 41.068 42.491 43.903 45.305 46.696 48.064 48.537 49.101 49.756 50.500 51.335 52.260 53.276 54.382 55.578 56.864 58.241 59.535 59.333 59.246 59.276 59.421 59.682 60.059 60.551 61.159 61.883 62.722 63.677 64.939 67.127 69.367 71.659 74.003 76.399 78.848 81.348
21.077 22.134 23.199 24.274 24.464 24.127 23.788 23.387 23.004 22.637 22.287 21.954 21.637 21.338 21.055 20.789 21.206 21.919 22.628 23.333 24.032 24.727 25.418 26.103 26.785 27.461 28.133 28.801 30.086 31.537 32.977 34.406 35.825 37.232 38.630 40.016 41.392 42.757 44.112 45.456 46.320 47.198 48.166 49.225 50.373 51.612 52.941 54.360 55.870 57.470 59.160 60.940 61.209 61.524 61.954 62.500 63.161 63.938 64.830 65.839 66.962 68.202 69.557 71.066 73.434 75.853 78.325 80.849 83.425 86.052 88.732
18.976 19.995 20.972 21.906 22.229 21.854 21.496 21.154 20.829 20.521 20.230 19.955 19.697 19.456 19.232 19.025 19.315 20.013 20.706 21.395 22.079 22.759 23.434 24.104 24.770 25.431 26.088 26.739 27.879 29.293 30.697 32.090 33.472 34.844 36.205 37.555 38.894 40.223 41.542 42.849 44.014 45.206 46.487 47.859 49.321 50.873 52.516 54.248 56.071 57.984 59.987 62.080 62.970 63.685 64.515 65.461 66.522 67.699 68.992 70.400 71.924 73.563 75.318 77.188 79.682 82.110 82.747 83.358 83.944 84.505 85.041
16.882 17.754 18.584 19.371 19.805 19.488 19.188 18.905 18.639 18.390 18.157 17.941 17.742 17.560 17.394 17.245 17.431 18.113 18.791 19.464 20.133 20.797 21.457 22.112 22.762 23.408 24.049 24.685 25.685 27.063 28.430 29.787 31.133 32.468 33.793 35.107 36.410 37.703 38.985 40.257 41.619 43.124 44.719 46.404 48.180 50.045 52.000 54.046 56.182 58.408 60.724 63.130 64.614 65.729 66.959 68.305 69.766 71.343 72.838 73.177 73.422 73.571 73.626 73.585 74.026 74.602 75.153 75.679 76.180 76.655 77.106
14.836 15.561 16.245 16.885 17.365 17.107 16.865 16.641 16.434 16.243 16.069 15.911 15.771 15.647 15.540 15.450 15.554 16.221 16.883 17.541 18.194 18.843 19.487 20.126 20.761 21.391 22.017 22.638 23.504 24.846 26.177 27.497 28.807 30.106 31.395 32.673 33.940 35.196 36.442 37.678 39.136 40.954 42.862 44.860 46.948 49.127 51.395 53.754 56.202 58.741 61.370 63.958 65.293 65.874 66.360 66.751 67.047 67.249 67.355 67.367 67.285 67.107 66.834 66.467 66.636 67.127 67.593 68.033 68.448 68.839 69.204
12.839 13.418 13.955 14.449 14.901 14.710 14.527 14.362 14.213 14.080 13.965 13.866 13.784 13.719 13.671 13.639 13.683 14.335 14.982 15.624 16.262 16.895 17.524 18.148 18.768 19.382 19.993 20.598 21.337 22.642 23.937 25.222 26.495 27.758 29.010 30.252 31.483 32.703 33.913 35.112 36.563 38.694 40.915 43.226 45.558 47.735 49.898 52.046 54.180 56.299 58.404 60.494 61.873 62.126 62.285 62.349 62.318 62.192 61.972 61.656 61.247 60.742 60.142 59.448 59.279 59.684 60.065 60.420 60.750 61.055 61.335
10.891 11.323 11.714 12.061 12.367 12.298 12.174 12.067 11.976 11.903 11.846 11.805 11.782 11.775 11.785 11.812 11.856 12.456 13.088 13.715 14.337 14.955 15.568 16.177 16.781 17.380 17.975 18.566 19.183 20.452 21.711 22.959 24.196 25.423 26.639 27.845 29.040 30.223 31.385 32.521 33.798 35.983 38.155 40.312 42.454 44.582 46.696 48.795 50.880 52.951 55.007 57.049 58.550 58.476 58.308 58.044 57.686 57.234 56.687 56.044 55.308 54.476 53.550 52.529 51.955 52.275 52.570 52.840 53.085 53.305 53.499
8.992 9.278 9.522 9.723 9.882 9.870 9.805 9.756 9.725 9.709 9.711 9.729 9.764 9.816 9.884 9.970 10.072 10.585 11.201 11.812 12.419 13.022 13.620 14.213 14.801 15.385 15.965 16.540 17.110 18.275 19.520 20.772 22.000 23.201 24.377 25.527 26.652 27.752 28.825 29.873 30.906 33.043 35.166 37.274 39.367 41.447 43.512 45.562 47.599 49.621 51.628 53.621 55.325 54.924 54.428 53.838 53.153 52.374 51.500 50.531 49.468 48.310 47.057 45.710 44.663 44.898 45.107 45.292 45.452 45.587 45.696
7.142 7.281 7.379 7.434 7.447 7.428 7.421 7.431 7.457 7.501 7.561 7.637 7.731 7.841 7.968 8.112 8.272 8.720 9.321 9.917 10.508 11.095 11.678 12.309 12.975 13.622 14.250 14.858 15.447 16.501 17.692 18.856 19.996 21.109 22.197 23.260 24.297 25.309 26.295 27.255 28.190 30.120 32.194 34.253 36.298 38.329 40.345 42.347 44.335 46.308 48.267 50.211 52.141 51.469 50.647 49.730 48.719 47.613 46.412 45.117 43.727 42.243 40.664 38.990 37.403 37.553 37.678 37.777 37.852 37.902 37.926
5.340 5.333 5.284 5.193 5.060 4.970 5.021 5.090 5.175 5.276 5.395 5.530 5.682 5.850 6.036 6.238 6.553 7.101 7.817 8.514 9.191 9.849 10.487 11.106 11.705 12.285 12.846 13.387 13.909 14.789 15.892 16.969 18.020 19.046 20.046 21.021 21.971 22.894 23.793 24.665 25.513 27.215 29.240 31.250 33.247 35.229 37.196 39.150 41.088 43.013 44.923 46.819 48.700 48.112 46.963 45.720 44.382 42.949 41.422 39.801 38.085 36.274 34.369 32.369 30.275 30.241 30.280 30.295 30.285 30.249 30.189
3.587 3.434 3.239 3.002 2.723 2.497 2.607 2.733 2.877 3.241 3.685 4.107 4.508 4.888 5.247 5.584 5.900 6.322 6.971 7.600 8.211 8.801 9.373 9.925 10.457 10.971 11.464 11.939 12.394 13.106 14.120 15.109 16.073 17.011 17.924 18.811 19.673 20.509 21.319 22.105 22.864 24.327 26.303 28.265 30.213 32.146 34.065 35.970 37.860 39.736 41.597 43.444 45.277 44.852 43.376 41.807 40.142 38.384 36.531 34.583 32.541 30.404 28.173 25.848 23.428 22.961 22.916 22.845 22.750 22.629 22.484
1.882 1.583 1.484 1.453 1.425 1.432 1.887 2.321 2.733 3.125 3.495 3.844 4.172 4.478 4.764 5.028 5.271 5.564 6.146 6.708 7.252 7.776 8.280 8.765 9.231 9.677 10.104 10.512 10.900 11.450 12.377 13.278 14.154 15.005 15.830 16.629 17.403 18.152 18.875 19.572 20.245 21.456 23.384 25.297 27.196 29.081 30.951 32.807 34.649 36.476 38.289 40.087 41.871 41.689 39.887 37.991 36.001 33.916 31.737 29.464 27.096 24.633 22.077 19.425 16.680 15.714 15.583 15.428 15.247 15.862 16.789
1.760 1.734 1.712 1.694 1.679 1.669 2.014 2.375 2.714 3.032 3.328 3.604 3.858 4.092 4.304 4.494 4.664 4.827 5.342 5.838 6.314 6.771 7.209 7.627 8.026 8.406 8.766 9.107 9.428 9.822 10.662 11.475 12.264 13.027 13.764 14.476 15.162 15.823 16.459 17.069 17.654 18.603 20.482 22.347 24.197 26.033 27.855 29.662 31.455 33.234 34.998 36.748 38.484 38.623 36.495 34.273 31.957 29.547 27.042 24.443 21.749 18.961 16.668 14.574 12.536 12.102 13.004 13.951 14.941 15.976 17.055
1.956 1.944 1.935 1.930 1.929 1.932 2.164 2.451 2.717 2.961 3.185 3.387 3.568 3.728 3.867 3.984 4.081 4.156 4.560 4.989 5.398 5.789 6.160 6.511 6.843 7.156 7.449 7.724 7.978 8.223 8.975 9.701 10.402 11.077 11.727 12.351 12.950 13.523 14.071 14.594 15.091 15.767 17.597 19.413 21.215 23.003 24.776 26.535 28.279 30.009 31.725 33.426 35.113 35.654 33.201 30.830 28.538 26.302 24.121 21.997 19.927 17.914 15.956 14.053 12.207 11.562 12.617 13.716 14.859 16.047 17.279
2.149 2.149 2.154 2.162 2.174 2.190 2.337 2.550 2.743 2.914 3.064 3.193 3.301 3.388 3.453 3.498 3.521 3.523 3.799 4.161 4.504 4.827 5.132 5.416 5.682 5.928 6.155 6.362 6.550 6.719 7.316 7.954 8.567 9.155 9.718 10.255 10.766 11.252 11.713 12.148 12.557 12.948 14.730 16.498 18.251 19.990 21.714 23.425 25.244 27.028 28.758 30.433 32.052 33.092 30.880 28.725 26.625 24.580 22.591 20.658 18.780 16.958 15.191 13.480 11.825 10.979 12.187 13.439 14.735 16.076 17.461
2.337 2.351 2.368 2.390 2.415 2.444 2.532 2.672 2.792 2.890 2.967 3.022 3.057 3.071 3.063 3.034 2.984 2.913 3.059 3.355 3.631 3.888 4.125 4.343 4.542 4.721 4.881 5.022 5.143 5.245 5.685 6.236 6.762 7.262 7.737 8.186 8.610 9.009 9.382 9.730 10.052 10.610 12.391 14.316 16.187 18.002 19.762 21.468 23.119 24.714 26.255 27.741 29.173 30.549 28.533 26.568 24.660 22.807 21.009 19.267 17.581 15.950 14.375 12.855 11.391 10.354 11.715 13.120 14.569 16.062 17.600
2.520 2.547 2.578 2.613 2.652 2.694 2.750 2.817 2.863 2.888 2.892 2.875 2.836 2.776 2.696 2.594 2.470 2.326 2.341 2.570 2.779 2.969 3.140 3.291 3.424 3.536 3.630 3.704 3.758 3.794 4.082 4.546 4.984 5.397 6.002 6.603 7.195 7.778 8.353 8.918 9.474 10.022 11.455 13.191 14.873 16.500 18.071 19.588 21.050 22.457 23.810 25.107 26.350 27.537 26.133 24.361 22.643 20.982 19.375 17.825 16.330 14.890 13.506 12.177 10.904 9.687 11.201 12.758 14.360 16.006 17.696
2.699 2.740 2.784 2.832 2.884 2.939 2.991 2.985 2.958 2.910 2.840 2.750 2.638 2.505 2.351 2.176 1.980 1.763 1.644 1.806 1.949 2.072 2.176 2.261 2.327 2.373 2.405 2.576 2.745 2.910 3.267 3.873 4.470 5.058 5.638 6.208 6.770 7.322 7.866 8.401 8.927 9.444 10.575 12.123 13.615 15.053 16.437 17.765 19.038 20.257 21.421 22.530 23.584 24.583 23.683 22.101 20.575 19.105 17.690 16.330 15.026 13.778 12.585 11.447 10.365 9.338 10.645 12.355 14.109 15.908 17.751
