DATA/SHG/ECMWF/20170628/EN-28/20170710.en-28.asc
ncols        190
nrows        64
xllcorner    -5100000.000000000000
yllcorner    4130000.000000000000
cellsize     10000.000000000000
NODATA_value  -99999.000
[rows 0 to 33 of 64, columns 0 to 74 of 190]
0.013 0.012 0.010 0.008 0.007 0.006 0.005 0.004 0.003 0.002 0.002 0.001 0.001 0.001 0.001 0.000 0.000 0.000 0.000 0.000 0.000 0.001 0.001 0.001 0.001 0.001 0.001 0.001 0.001 0.001 0.001 0.000 0.000 0.000 0.000 0.000 0.001 0.001 0.001 0.001 0.002 0.002 0.002 0.003 0.003 0.008 0.016 0.025 0.035 0.046 0.057 0.068 0.080 0.093 0.107 0.121 0.135 0.225 0.411 0.606 0.810 1.022 1.244 1.475 1.715 1.964 2.222 2.490 2.766 2.908 2.817 2.719 2.614 2.503 2.386
0.008 0.007 0.006 0.005 0.004 0.003 0.002 0.001 0.001 0.000 0.000 0.000 0.001 0.002 0.002 0.003 0.003 0.003 0.003 0.003 0.002 0.002 0.002 0.002 0.002 0.002 0.002 0.002 0.002 0.001 0.001 0.001 0.000 0.000 0.000 0.001 0.001 0.001 0.001 0.002 0.002 0.003 0.003 0.003 0.004 0.008 0.019 0.030 0.042 0.055 0.068 0.081 0.096 0.111 0.126 0.142 0.159 0.239 0.456 0.683 0.918 1.163 1.417 1.679 1.951 2.232 2.522 2.821 3.129 3.339 3.224 3.103 2.976 2.841 2.701
0.003 0.002 0.001 0.000 0.000 0.001 0.002 0.003 0.005 0.006 0.007 0.007 0.008 0.008 0.008 0.008 0.007 0.007 0.006 0.006 0.005 0.004 0.004 0.004 0.004 0.003 0.003 0.003 0.002 0.002 0.001 0.001 0.000 0.000 0.000 0.001 0.001 0.001 0.002 0.002 0.003 0.003 0.004 0.004 0.005 0.008 0.021 0.034 0.048 0.063 0.078 0.094 0.111 0.128 0.145 0.164 0.182 0.243 0.492 0.751 1.018 1.295 1.580 1.875 2.178 2.491 2.812 3.143 3.412 3.615 3.408 3.205 3.005 2.808 2.614
0.001 0.002 0.003 0.004 0.005 0.007 0.009 0.011 0.013 0.015 0.015 0.015 0.015 0.014 0.014 0.013 0.012 0.011 0.010 0.009 0.007 0.006 0.005 0.005 0.005 0.004 0.004 0.004 0.003 0.002 0.002 0.001 0.001 0.000 0.000 0.001 0.001 0.002 0.002 0.003 0.003 0.004 0.004 0.005 0.005 0.007 0.022 0.038 0.054 0.071 0.088 0.106 0.125 0.144 0.164 0.184 0.205 0.239 0.520 0.810 1.109 1.401 1.686 1.962 2.231 2.491 2.743 2.986 3.222 3.449 3.261 3.069 2.880 2.694 2.512
0.003 0.005 0.007 0.008 0.011 0.013 0.015 0.018 0.021 0.023 0.023 0.022 0.022 0.021 0.020 0.018 0.017 0.015 0.014 0.012 0.010 0.008 0.007 0.007 0.006 0.006 0.005 0.004 0.004 0.003 0.002 0.002 0.001 0.000 0.000 0.001 0.001 0.002 0.002 0.003 0.004 0.004 0.005 0.005 0.006 0.007 0.023 0.041 0.059 0.078 0.098 0.118 0.138 0.167 0.219 0.264 0.303 0.337 0.602 0.883 1.155 1.419 1.675 1.923 2.163 2.394 2.617 2.832 3.039 3.238 3.111 2.930 2.752 2.578 2.407
0.005 0.008 0.010 0.013 0.015 0.018 0.022 0.025 0.029 0.032 0.031 0.030 0.029 0.027 0.026 0.024 0.022 0.020 0.017 0.015 0.012 0.010 0.009 0.008 0.008 0.007 0.006 0.005 0.005 0.004 0.003 0.002 0.001 0.000 0.000 0.001 0.002 0.002 0.003 0.003 0.004 0.005 0.005 0.006 0.007 0.007 0.046 0.118 0.184 0.244 0.298 0.346 0.389 0.425 0.455 0.480 0.498 0.511 0.714 0.966 1.210 1.445 1.672 1.892 2.103 2.305 2.500 2.687 2.865 3.035 2.958 2.789 2.622 2.459 2.299
0.007 0.010 0.013 0.017 0.020 0.024 0.028 0.032 0.036 0.040 0.040 0.038 0.036 0.034 0.032 0.029 0.027 0.024 0.021 0.018 0.015 0.012 0.011 0.010 0.009 0.008 0.007 0.006 0.006 0.005 0.004 0.003 0.001 0.000 0.000 0.001 0.002 0.002 0.003 0.021 0.060 0.107 0.164 0.230 0.305 0.389 0.455 0.506 0.551 0.590 0.624 0.651 0.672 0.688 0.697 0.701 0.699 0.691 0.833 1.057 1.272 1.479 1.677 1.868 2.050 2.225 2.391 2.549 2.699 2.840 2.803 2.644 2.489 2.337 2.188
0.009 0.012 0.016 0.020 0.024 0.029 0.033 0.038 0.043 0.048 0.048 0.046 0.044 0.041 0.038 0.035 0.032 0.029 0.025 0.022 0.018 0.014 0.012 0.011 0.011 0.010 0.009 0.008 0.006 0.005 0.004 0.003 0.005 0.008 0.020 0.045 0.079 0.122 0.174 0.235 0.306 0.385 0.474 0.572 0.679 0.795 0.869 0.899 0.924 0.942 0.954 0.961 0.962 0.956 0.945 0.928 0.905 0.876 0.960 1.155 1.342 1.520 1.690 1.852 2.006 2.152 2.289 2.419 2.540 2.653 2.644 2.497 2.353 2.212 2.075
0.010 0.015 0.019 0.024 0.029 0.034 0.039 0.045 0.050 0.056 0.057 0.054 0.051 0.048 0.045 0.041 0.038 0.034 0.030 0.026 0.021 0.017 0.014 0.013 0.012 0.013 0.015 0.017 0.020 0.023 0.026 0.030 0.034 0.038 0.064 0.121 0.187 0.262 0.346 0.440 0.542 0.654 0.775 0.905 1.044 1.192 1.289 1.298 1.301 1.299 1.291 1.276 1.256 1.230 1.198 1.160 1.116 1.067 1.095 1.261 1.419 1.569 1.711 1.844 1.970 2.087 2.196 2.297 2.390 2.474 2.483 2.347 2.215 2.085 1.959
0.011 0.016 0.022 0.027 0.033 0.038 0.044 0.051 0.057 0.064 0.066 0.063 0.059 0.055 0.052 0.047 0.043 0.039 0.036 0.033 0.030 0.027 0.025 0.027 0.029 0.032 0.035 0.039 0.043 0.047 0.052 0.057 0.062 0.068 0.099 0.188 0.286 0.393 0.509 0.635 0.769 0.913 1.066 1.228 1.399 1.579 1.713 1.702 1.684 1.661 1.632 1.597 1.556 1.509 1.457 1.398 1.333 1.263 1.238 1.375 1.505 1.626 1.739 1.844 1.941 2.030 2.110 2.183 2.247 2.303 2.319 2.195 2.073 1.955 1.840
0.012 0.018 0.024 0.030 0.036 0.043 0.050 0.056 0.064 0.071 0.076 0.074 0.071 0.069 0.066 0.063 0.060 0.057 0.053 0.050 0.046 0.042 0.039 0.042 0.046 0.050 0.055 0.060 0.065 0.071 0.077 0.083 0.090 0.098 0.124 0.245 0.375 0.514 0.663 0.820 0.987 1.162 1.347 1.541 1.744 1.956 2.143 2.111 2.073 2.029 1.979 1.923 1.862 1.794 1.720 1.641 1.556 1.465 1.388 1.497 1.598 1.690 1.775 1.852 1.920 1.980 2.033 2.077 2.112 2.140 2.153 2.039 1.929 1.822 1.775
0.013 0.019 0.026 0.037 0.051 0.063 0.074 0.083 0.090 0.095 0.098 0.095 0.092 0.089 0.086 0.082 0.078 0.074 0.070 0.066 0.062 0.057 0.053 0.057 0.063 0.068 0.074 0.080 0.087 0.094 0.102 0.109 0.118 0.126 0.140 0.293 0.455 0.626 0.807 0.996 1.194 1.402 1.619 1.845 2.080 2.324 2.577 2.526 2.467 2.402 2.331 2.255 2.172 2.084 1.990 1.890 1.784 1.672 1.554 1.626 1.699 1.763 1.819 1.867 1.907 1.939 1.963 2.031 2.146 2.272 2.411 2.447 2.481 2.521 2.568
0.067 0.080 0.091 0.101 0.109 0.115 0.120 0.122 0.123 0.123 0.120 0.117 0.113 0.109 0.105 0.101 0.097 0.092 0.088 0.083 0.078 0.072 0.067 0.072 0.079 0.085 0.093 0.100 0.109 0.117 0.126 0.135 0.145 0.155 0.165 0.331 0.525 0.729 0.941 1.162 1.393 1.632 1.881 2.139 2.405 2.681 2.966 2.945 2.866 2.780 2.689 2.592 2.489 2.380 2.265 2.144 2.017 1.885 1.746 1.763 1.822 1.896 1.981 2.078 2.187 2.308 2.440 2.584 2.740 2.908 3.087 3.166 3.223 3.285 3.354
0.151 0.158 0.163 0.167 0.169 0.169 0.167 0.164 0.159 0.152 0.144 0.139 0.135 0.130 0.125 0.121 0.116 0.110 0.105 0.099 0.094 0.088 0.082 0.086 0.094 0.102 0.111 0.120 0.130 0.140 0.150 0.160 0.172 0.183 0.195 0.360 0.586 0.821 1.066 1.319 1.581 1.853 2.133 2.423 2.722 3.029 3.346 3.370 3.270 3.164 3.052 2.934 2.810 2.662 2.513 2.367 2.225 2.087 1.952 1.974 2.077 2.191 2.318 2.456 2.606 2.768 2.941 3.126 3.323 3.531 3.751 3.878 3.957 4.042 4.133
0.236 0.237 0.236 0.234 0.230 0.224 0.217 0.207 0.196 0.184 0.169 0.161 0.156 0.151 0.146 0.140 0.134 0.129 0.123 0.116 0.110 0.104 0.097 0.100 0.109 0.119 0.129 0.139 0.150 0.162 0.173 0.185 0.198 0.211 0.224 0.380 0.638 0.905 1.181 1.466 1.760 2.064 2.376 2.698 3.028 3.368 3.666 3.700 3.542 3.388 3.237 3.090 2.946 2.806 2.669 2.536 2.406 2.279 2.156 2.176 2.320 2.476 2.643 2.822 3.013 3.215 3.430 3.655 3.893 4.142 4.403 4.583 4.684 4.791 4.905
0.323 0.318 0.312 0.303 0.293 0.281 0.268 0.252 0.235 0.217 0.197 0.183 0.178 0.172 0.166 0.160 0.153 0.147 0.140 0.134 0.127 0.119 0.112 0.113 0.124 0.135 0.146 0.158 0.171 0.183 0.196 0.210 0.224 0.238 0.252 0.390 0.680 0.979 1.287 1.598 1.906 2.209 2.509 2.806 3.098 3.387 3.672 3.767 3.622 3.480 3.341 3.206 3.074 2.946 2.821 2.700 2.582 2.468 2.357 2.366 2.551 2.748 2.956 3.176 3.408 3.651 3.906 4.173 4.452 4.742 5.044 5.280 5.404 5.533 5.670
0.412 0.401 0.388 0.374 0.358 0.340 0.321 0.299 0.276 0.252 0.226 0.205 0.199 0.193 0.186 0.180 0.173 0.166 0.158 0.151 0.143 0.135 0.128 0.126 0.138 0.151 0.163 0.177 0.190 0.204 0.219 0.243 0.288 0.328 0.364 0.484 0.793 1.099 1.401 1.699 1.993 2.284 2.571 2.854 3.134 3.410 3.682 3.832 3.698 3.568 3.442 3.319 3.199 3.083 2.970 2.861 2.755 2.653 2.555 2.545 2.771 3.009 3.258 3.519 3.791 4.075 4.371 4.679 4.998 5.329 5.672 5.971 6.116 6.269 6.427
0.503 0.486 0.467 0.447 0.425 0.401 0.375 0.348 0.319 0.289 0.256 0.228 0.221 0.214 0.207 0.200 0.192 0.184 0.176 0.168 0.160 0.152 0.143 0.138 0.175 0.235 0.290 0.341 0.388 0.430 0.468 0.502 0.531 0.555 0.576 0.640 0.937 1.229 1.518 1.803 2.085 2.362 2.636 2.907 3.173 3.436 3.695 3.892 3.771 3.653 3.539 3.428 3.320 3.216 3.116 3.019 2.925 2.835 2.748 2.712 2.979 3.257 3.547 3.849 4.162 4.488 4.824 5.173 5.533 5.904 6.288 6.654 6.822 6.997 7.178
0.595 0.572 0.548 0.521 0.493 0.463 0.432 0.399 0.364 0.327 0.289 0.251 0.243 0.236 0.228 0.220 0.212 0.226 0.258 0.295 0.338 0.386 0.439 0.497 0.546 0.590 0.630 0.666 0.697 0.724 0.746 0.764 0.778 0.787 0.792 0.800 1.083 1.363 1.639 1.911 2.180 2.444 2.705 2.963 3.216 3.466 3.712 3.949 3.840 3.734 3.632 3.533 3.438 3.346 3.257 3.172 3.091 3.013 2.938 2.868 3.176 3.495 3.825 4.168 4.522 4.888 5.265 5.654 6.055 6.468 6.892 7.328 7.521 7.718 7.921
0.689 0.660 0.630 0.597 0.563 0.527 0.490 0.451 0.410 0.367 0.340 0.312 0.326 0.350 0.379 0.413 0.453 0.499 0.549 0.605 0.666 0.733 0.805 0.882 0.921 0.949 0.974 0.994 1.010 1.021 1.028 1.031 1.029 1.023 1.012 0.997 1.234 1.500 1.763 2.023 2.278 2.530 2.778 3.022 3.263 3.500 3.733 3.962 3.906 3.812 3.722 3.635 3.552 3.472 3.395 3.323 3.253 3.187 3.125 3.066 3.360 3.720 4.092 4.475 4.870 5.276 5.695 6.124 6.566 7.019 7.484 7.960 8.212 8.432 8.629
0.785 0.750 0.714 0.708 0.697 0.681 0.660 0.635 0.604 0.568 0.528 0.482 0.499 0.541 0.589 0.642 0.701 0.765 0.834 0.909 0.989 1.074 1.165 1.261 1.299 1.313 1.322 1.327 1.327 1.323 1.314 1.301 1.284 1.263 1.237 1.206 1.388 1.641 1.891 2.138 2.380 2.619 2.854 3.085 3.313 3.537 3.757 3.973 3.968 3.886 3.808 3.733 3.662 3.594 3.530 3.469 3.412 3.358 3.307 3.260 3.533 3.934 4.346 4.770 5.206 5.653 6.112 6.581 7.039 7.480 7.902 8.306 8.491 8.581 8.653
1.078 1.065 1.047 1.023 0.995 0.962 0.923 0.880 0.832 0.779 0.721 0.657 0.665 0.726 0.793 0.865 0.943 1.025 1.113 1.207 1.306 1.410 1.519 1.634 1.682 1.680 1.674 1.663 1.648 1.629 1.605 1.576 1.544 1.507 1.465 1.419 1.545 1.786 2.023 2.256 2.486 2.711 2.933 3.152 3.367 3.577 3.785 3.988 4.026 3.957 3.891 3.828 3.769 3.713 3.661 3.612 3.567 3.525 3.487 3.452 3.746 4.267 4.771 5.256 5.723 6.173 6.604 7.018 7.413 7.791 8.150 8.492 8.652 8.681 8.694
1.451 1.420 1.385 1.344 1.298 1.247 1.191 1.130 1.065 0.994 0.918 0.838 0.826 0.906 0.991 1.082 1.178 1.280 1.386 1.499 1.616 1.739 1.867 2.000 2.069 2.052 2.030 2.004 1.973 1.938 1.899 1.855 1.807 1.755 1.698 1.637 1.706 1.934 2.158 2.378 2.595 2.808 3.017 3.222 3.424 3.622 3.816 4.007 4.082 4.024 3.970 3.919 3.872 3.876 3.921 3.979 4.052 4.138 4.239 4.354 4.637 5.096 5.537 5.959 6.364 6.751 7.120 7.470 7.803 8.118 8.415 8.694 8.829 8.798 8.750
1.830 1.781 1.728 1.669 1.606 1.537 1.464 1.386 1.303 1.214 1.121 1.023 0.980 1.079 1.183 1.293 1.408 1.528 1.653 1.784 1.920 2.062 2.209 2.361 2.460 2.428 2.390 2.349 2.303 2.252 2.198 2.139 2.075 2.007 1.935 1.858 1.871 2.085 2.296 2.504 2.707 2.907 3.103 3.296 3.485 3.670 3.884 4.109 4.267 4.290 4.328 4.379 4.444 4.524 4.617 4.725 4.846 4.982 5.131 5.295 5.545 5.941 6.319 6.679 7.021 7.345 7.651 7.940 8.210 8.462 8.697 8.913 9.023 8.932 8.823
2.213 2.147 2.076 2.000 1.919 1.833 1.742 1.646 1.546 1.440 1.329 1.214 1.129 1.246 1.369 1.497 1.631 1.770 1.914 2.064 2.218 2.379 2.544 2.715 2.856 2.807 2.755 2.698 2.636 2.571 2.501 2.426 2.347 2.264 2.176 2.084 2.039 2.240 2.438 2.657 2.880 3.103 3.327 3.551 3.777 4.003 4.229 4.456 4.655 4.728 4.814 4.914 5.028 5.157 5.299 5.455 5.626 5.810 6.009 6.221 6.469 6.802 7.117 7.415 7.694 7.956 8.199 8.425 8.633 8.823 8.995 9.149 9.233 9.081 8.911
2.600 2.517 2.429 2.335 2.237 2.134 2.025 1.912 1.794 1.671 1.543 1.410 1.272 1.408 1.549 1.696 1.848 2.006 2.169 2.337 2.510 2.689 2.874 3.063 3.255 3.191 3.123 3.051 2.974 2.893 2.807 2.718 2.625 2.538 2.456 2.380 2.315 2.538 2.761 2.985 3.210 3.436 3.662 3.889 4.116 4.344 4.573 4.803 5.029 5.150 5.285 5.434 5.598 5.775 5.966 6.171 6.391 6.624 6.871 7.133 7.408 7.679 7.932 8.167 8.384 8.583 8.764 8.927 9.072 9.200 9.309 9.401 9.459 9.246 9.016
2.988 2.893 2.787 2.676 2.560 2.439 2.313 2.183 2.047 1.906 1.761 1.610 1.455 1.563 1.723 1.889 2.060 2.236 2.417 2.604 2.796 2.994 3.197 3.405 3.613 3.542 3.437 3.337 3.243 3.153 3.068 2.989 2.915 2.845 2.781 2.722 2.667 2.860 3.085 3.312 3.539 3.767 3.996 4.225 4.455 4.685 4.916 5.148 5.381 5.558 5.742 5.940 6.152 6.378 6.618 6.873 7.141 7.423 7.719 8.029 8.354 8.572 8.762 8.935 9.089 9.226 9.345 9.445 9.528 9.593 9.641 9.670 9.681 9.428 9.138
3.383 3.273 3.150 3.021 2.888 2.750 2.607 2.458 2.305 2.147 1.984 1.816 1.643 1.712 1.891 2.076 2.265 2.486 2.747 2.981 3.187 3.367 3.520 3.646 3.745 3.702 3.615 3.533 3.456 3.384 3.317 3.255 3.198 3.146 3.100 3.058 3.022 3.181 3.409 3.638 3.867 4.097 4.328 4.560 4.792 5.025 5.258 5.492 5.727 5.951 6.184 6.431 6.692 6.967 7.256 7.559 7.876 8.207 8.552 8.911 9.284 9.481 9.609 9.719 9.811 9.885 9.942 9.980 10.001 10.003 9.988 9.955 9.904 9.626 9.275
3.785 3.658 3.518 3.372 3.221 3.065 2.905 2.739 2.569 2.393 2.293 2.271 2.233 2.373 2.647 2.894 3.115 3.308 3.474 3.614 3.726 3.811 3.869 3.901 3.905 3.856 3.787 3.722 3.663 3.609 3.559 3.515 3.476 3.442 3.413 3.389 3.370 3.500 3.731 3.962 4.194 4.426 4.659 4.893 5.128 5.363 5.599 5.835 6.072 6.330 6.612 6.908 7.218 7.541 7.879 8.231 8.596 8.976 9.370 9.778 10.199 10.406 10.472 10.519 10.549 10.561 10.555 10.531 10.489 10.430 10.352 10.257 10.144 9.839 9.429
4.194 4.049 3.891 3.858 3.890 3.907 3.908 3.893 3.863 3.817 3.755 3.678 3.585 3.601 3.781 3.934 4.059 4.158 4.230 4.274 4.292 4.283 4.247 4.183 4.093 4.005 3.953 3.907 3.865 3.828 3.796 3.770 3.748 3.732 3.720 3.714 3.713 3.819 4.052 4.285 4.519 4.754 4.990 5.226 5.463 5.700 5.938 6.177 6.417 6.695 7.025 7.370 7.728 8.101 8.487 8.888 9.302 9.731 10.173 10.630 11.100 11.348 11.351 11.336 11.303 11.253 11.185 11.098 10.910 10.588 10.272 9.961 9.657 9.232 8.704
5.569 5.720 5.728 5.721 5.698 5.660 5.606 5.536 5.451 5.350 5.233 5.101 4.953 4.857 4.942 5.000 5.031 5.036 5.013 4.963 4.886 4.782 4.652 4.494 4.309 4.149 4.114 4.085 4.061 4.042 4.028 4.019 4.015 4.016 4.022 4.034 4.050 4.136 4.371 4.607 4.844 5.081 5.319 5.557 5.796 6.036 6.277 6.518 6.759 7.045 7.424 7.817 8.225 8.646 9.081 9.530 9.993 10.471 10.962 11.467 11.986 12.159 11.815 11.477 11.146 10.820 10.501 10.187 9.880 9.579 9.284 8.995 8.713 8.351 7.870
7.374 7.708 7.661 7.599 7.521 7.427 7.318 7.194 7.053 6.897 6.726 6.539 6.336 6.140 6.131 6.094 6.031 5.941 5.823 5.679 5.508 5.310 5.085 4.833 4.554 4.287 4.270 4.258 4.252 4.250 4.254 4.263 4.276 4.295 4.319 4.348 4.382 4.453 4.690 4.928 5.167 5.406 5.647 5.887 6.129 6.371 6.614 6.857 7.101 7.380 7.808 8.250 8.706 9.176 9.590 9.924 10.217 10.469 10.680 10.850 10.978 10.975 10.652 10.336 10.026 9.721 9.423 9.131 8.846 8.566 8.292 8.025 7.763 7.459 7.025
9.123 9.652 9.608 9.491 9.358 9.210 9.046 8.866 8.671 8.460 8.234 7.992 7.734 7.461 7.347 7.216 7.058 6.873 6.662 6.423 6.158 5.865 5.546 5.199 4.826 4.426 4.420 4.426 4.437 4.453 4.474 4.501 4.532 4.568 4.610 4.656 4.708 4.768 5.007 5.248 5.489 5.731 5.973 6.216 6.460 6.705 6.950 7.211 7.480 7.760 8.156 8.512 8.827 9.100 9.332 9.524 9.674 9.783 9.851 9.877 9.863 9.786 9.485 9.190 8.901 8.618 8.342 8.071 7.807 7.548 7.296 7.050 6.810 6.555 6.169
10.818 11.513 11.570 11.398 11.210 11.007 10.788 10.553 10.303 10.037 9.756 9.459 9.147 8.819 8.590 8.365 8.113 7.834 7.528 7.195 6.835 6.448 6.035 5.594 5.126 4.632 4.565 4.588 4.617 4.651 4.689 4.733 4.782 4.836 4.895 4.959 5.028 5.102 5.324 5.566 5.826 6.090 6.356 6.623 6.892 7.162 7.434 7.707 7.981 8.257 8.511 8.724 8.896 9.026 9.115 9.164 9.171 9.137 9.062 8.946 8.789 8.591 8.314 8.040 7.773 7.511 7.256 7.007 6.763 6.526 6.295 6.070 5.852 5.639 5.300
