DATA/SHG/ECMWF/20170628/EN-28/20170706.en-28.asc
ncols        190
nrows        64
xllcorner    -5100000.000000000000
yllcorner    4130000.000000000000
cellsize     10000.000000000000
NODATA_value  -99999.000
[rows 0 to 32 of 64, columns 0 to 73 of 190]
0.204 0.221 0.237 0.252 0.267 0.281 0.294 0.307 0.319 0.339 0.362 0.385 0.408 0.431 0.454 0.476 0.498 0.520 0.542 0.570 0.598 0.610 0.624 0.647 0.678 0.717 0.766 0.823 0.888 0.962 1.045 1.137 1.237 1.309 1.361 1.416 1.472 1.530 1.590 1.652 1.717 1.783 1.851 1.921 1.993 2.338 2.909 3.462 3.999 4.518 5.020 5.506 5.974 6.425 6.859 7.276 7.676 7.750 7.457 7.170 6.888 6.613 6.344 6.082 5.825 5.575 5.331 5.092 4.860 4.832 5.137 5.458 5.795 6.148
0.165 0.180 0.193 0.206 0.219 0.230 0.241 0.251 0.261 0.278 0.301 0.323 0.363 0.400 0.434 0.466 0.495 0.521 0.544 0.565 0.582 0.610 0.654 0.707 0.769 0.839 0.918 1.005 1.101 1.206 1.319 1.441 1.571 1.671 1.731 1.792 1.855 1.920 1.987 2.056 2.127 2.200 2.275 2.352 2.431 2.685 3.196 3.689 4.166 4.626 5.068 5.493 5.902 6.293 6.668 7.025 7.365 7.498 7.226 6.960 6.701 6.447 6.200 5.959 5.724 5.495 5.272 5.056 4.845 4.778 5.139 5.517 5.910 6.319
0.127 0.139 0.151 0.161 0.174 0.200 0.228 0.259 0.293 0.329 0.365 0.398 0.428 0.455 0.480 0.502 0.521 0.537 0.551 0.562 0.570 0.601 0.675 0.759 0.851 0.951 1.060 1.178 1.304 1.439 1.583 1.735 1.896 2.031 2.097 2.165 2.235 2.307 2.381 2.457 2.535 2.615 2.697 2.781 2.867 3.049 3.499 3.933 4.350 4.750 5.132 5.498 5.847 6.178 6.493 6.790 7.071 7.240 6.990 6.746 6.508 6.276 6.050 5.830 5.617 5.409 5.208 5.013 4.891 4.849 5.277 5.678 6.052 6.400
0.118 0.143 0.170 0.200 0.233 0.267 0.305 0.345 0.387 0.426 0.452 0.475 0.496 0.514 0.528 0.541 0.550 0.557 0.561 0.562 0.561 0.582 0.687 0.801 0.923 1.054 1.194 1.342 1.499 1.664 1.838 2.020 2.211 2.388 2.461 2.536 2.613 2.692 2.773 2.855 2.940 3.027 3.116 3.207 3.299 3.429 3.820 4.194 4.550 4.890 5.213 5.519 5.808 6.080 6.335 6.573 6.794 6.977 6.748 6.526 6.313 6.159 6.016 5.883 5.762 5.651 5.551 5.462 5.384 5.316 5.644 5.951 6.232 6.487
0.138 0.172 0.208 0.247 0.288 0.332 0.378 0.427 0.478 0.526 0.542 0.556 0.567 0.575 0.580 0.583 0.582 0.579 0.574 0.565 0.554 0.555 0.690 0.834 0.987 1.148 1.318 1.496 1.683 1.879 2.083 2.296 2.518 2.742 2.822 2.904 2.988 3.074 3.161 3.251 3.343 3.437 3.532 3.630 3.730 3.831 4.156 4.470 4.768 5.048 5.311 5.557 5.786 5.999 6.209 6.424 6.645 6.871 6.756 6.618 6.491 6.375 6.270 6.175 6.091 6.019 5.957 5.905 5.865 5.836 6.035 6.249 6.437 6.598
0.156 0.198 0.243 0.291 0.341 0.394 0.449 0.506 0.566 0.629 0.635 0.639 0.640 0.639 0.634 0.627 0.617 0.605 0.590 0.572 0.551 0.527 0.684 0.858 1.041 1.233 1.433 1.642 1.859 2.085 2.319 2.562 2.814 3.074 3.181 3.270 3.360 3.453 3.548 3.644 3.743 3.844 3.946 4.051 4.157 4.266 4.478 4.669 4.866 5.068 5.276 5.488 5.707 5.930 6.159 6.393 6.632 6.876 6.847 6.747 6.658 6.580 6.513 6.456 6.410 6.375 6.351 6.338 6.335 6.344 6.451 6.572 6.667 6.735
0.170 0.222 0.276 0.332 0.391 0.452 0.516 0.583 0.652 0.723 0.731 0.725 0.717 0.705 0.691 0.675 0.655 0.633 0.608 0.581 0.550 0.517 0.668 0.873 1.086 1.308 1.539 1.778 2.025 2.281 2.546 2.820 3.101 3.392 3.537 3.633 3.730 3.830 3.931 3.980 3.991 4.007 4.028 4.054 4.084 4.118 4.273 4.483 4.698 4.919 5.145 5.377 5.614 5.856 6.103 6.356 6.614 6.877 6.928 6.866 6.815 6.774 6.745 6.726 6.718 6.721 6.735 6.759 6.795 6.841 6.892 6.920 6.921 6.896
0.182 0.242 0.305 0.370 0.438 0.508 0.581 0.657 0.734 0.815 0.830 0.814 0.796 0.775 0.751 0.725 0.696 0.664 0.630 0.592 0.552 0.510 0.644 0.879 1.122 1.374 1.635 1.904 2.182 2.469 2.764 3.067 3.311 3.525 3.607 3.612 3.621 3.635 3.654 3.677 3.705 3.737 3.775 3.816 3.863 3.914 4.062 4.291 4.526 4.765 5.010 5.260 5.516 5.776 6.042 6.314 6.590 6.872 6.998 6.974 6.961 6.958 6.966 6.986 7.015 7.056 7.108 7.170 7.243 7.327 7.357 7.292 7.200 7.082
0.191 0.260 0.332 0.406 0.482 0.562 0.643 0.727 0.814 0.903 0.931 0.906 0.878 0.848 0.814 0.778 0.740 0.698 0.654 0.607 0.558 0.505 0.610 0.875 1.149 1.404 1.648 1.884 2.111 2.329 2.539 2.740 2.932 3.115 3.219 3.240 3.265 3.296 3.331 3.370 3.414 3.463 3.517 3.575 3.637 3.705 3.847 4.095 4.348 4.606 4.870 5.138 5.412 5.692 5.976 6.266 6.562 6.862 7.058 7.071 7.096 7.131 7.177 7.234 7.302 7.380 7.470 7.570 7.680 7.802 7.846 7.688 7.504 7.293
0.197 0.275 0.355 0.438 0.524 0.612 0.702 0.795 0.891 0.989 1.035 1.000 0.963 0.923 0.880 0.834 0.786 0.734 0.674 0.615 0.557 0.501 0.554 0.794 1.025 1.248 1.462 1.667 1.863 2.051 2.230 2.401 2.562 2.715 2.826 2.863 2.905 2.952 3.003 3.059 3.119 3.185 3.254 3.329 3.408 3.491 3.627 3.893 4.165 4.442 4.724 5.011 5.304 5.602 5.905 6.214 6.528 6.847 7.107 7.158 7.220 7.294 7.377 7.472 7.577 7.694 7.821 7.958 8.107 8.266 8.360 8.109 7.832 7.528
0.200 0.287 0.376 0.468 0.562 0.659 0.759 0.861 0.965 1.072 1.135 1.071 1.008 0.946 0.885 0.826 0.768 0.710 0.654 0.600 0.546 0.493 0.499 0.708 0.909 1.101 1.285 1.459 1.625 1.783 1.931 2.071 2.202 2.325 2.428 2.482 2.541 2.603 2.671 2.743 2.820 2.902 2.988 3.078 3.174 3.274 3.402 3.687 3.977 4.272 4.573 4.879 5.191 5.507 5.829 6.156 6.489 6.826 7.145 7.234 7.334 7.445 7.567 7.699 7.842 7.996 8.161 8.336 8.523 8.720 8.899 8.555 8.185 7.788
0.200 0.296 0.394 0.496 0.597 0.692 0.782 0.868 0.949 1.024 1.082 1.022 0.963 0.905 0.849 0.793 0.739 0.686 0.634 0.583 0.533 0.485 0.453 0.632 0.802 0.964 1.117 1.261 1.396 1.523 1.641 1.751 1.852 1.944 2.027 2.097 2.172 2.251 2.335 2.424 2.517 2.614 2.717 2.824 2.935 3.052 3.173 3.475 3.784 4.098 4.417 4.742 5.072 5.407 5.748 6.093 6.445 6.801 7.162 7.300 7.438 7.586 7.745 7.916 8.096 8.288 8.490 8.634 8.729 8.825 8.923 8.483 8.007 7.542
0.265 0.363 0.455 0.543 0.626 0.705 0.778 0.846 0.910 0.969 1.023 0.972 0.917 0.863 0.811 0.759 0.709 0.660 0.612 0.565 0.520 0.475 0.432 0.565 0.705 0.836 0.958 1.072 1.177 1.273 1.361 1.440 1.511 1.572 1.626 1.708 1.799 1.894 1.995 2.099 2.209 2.323 2.442 2.565 2.693 2.825 2.963 3.258 3.586 3.919 4.257 4.600 4.948 5.302 5.661 6.026 6.395 6.770 7.150 7.355 7.467 7.557 7.647 7.740 7.834 7.930 8.027 8.126 8.227 8.329 8.433 8.103 7.667 7.242
0.369 0.449 0.525 0.596 0.662 0.723 0.779 0.830 0.877 0.919 0.956 0.921 0.870 0.820 0.772 0.724 0.678 0.633 0.589 0.546 0.505 0.464 0.425 0.507 0.616 0.717 0.809 0.892 0.967 1.033 1.090 1.139 1.179 1.210 1.233 1.314 1.422 1.534 1.650 1.771 1.897 2.027 2.162 2.302 2.446 2.595 2.748 3.037 3.383 3.734 4.091 4.452 4.819 5.162 5.489 5.803 6.106 6.397 6.676 6.825 6.918 7.013 7.110 7.208 7.308 7.409 7.513 7.617 7.724 7.832 7.941 7.714 7.317 6.932
0.477 0.541 0.599 0.653 0.702 0.746 0.785 0.820 0.849 0.874 0.894 0.868 0.821 0.776 0.731 0.688 0.646 0.605 0.565 0.526 0.489 0.452 0.417 0.458 0.537 0.607 0.669 0.722 0.766 0.802 0.829 0.847 0.857 0.858 0.850 0.917 1.040 1.168 1.301 1.439 1.581 1.727 1.878 2.034 2.195 2.360 2.554 2.845 3.201 3.546 3.879 4.199 4.508 4.805 5.090 5.363 5.625 5.874 6.111 6.269 6.368 6.469 6.571 6.675 6.781 6.888 6.997 7.108 7.220 7.334 7.449 7.314 6.957 6.611
0.591 0.637 0.679 0.716 0.747 0.775 0.797 0.814 0.827 0.834 0.837 0.815 0.772 0.730 0.690 0.651 0.612 0.575 0.540 0.505 0.471 0.439 0.408 0.418 0.467 0.507 0.538 0.561 0.574 0.580 0.576 0.564 0.544 0.515 0.477 0.515 0.655 0.799 0.959 1.181 1.395 1.602 1.801 1.991 2.175 2.350 2.517 2.749 3.064 3.367 3.658 3.938 4.205 4.460 4.704 4.936 5.155 5.363 5.559 5.712 5.817 5.923 6.032 6.142 6.253 6.366 6.481 6.597 6.715 6.835 6.956 6.905 6.587 6.281
0.710 0.739 0.764 0.783 0.798 0.808 0.813 0.814 0.809 0.800 0.786 0.760 0.721 0.684 0.647 0.612 0.578 0.545 0.513 0.482 0.453 0.424 0.397 0.388 0.406 0.415 0.416 0.409 0.392 0.367 0.334 0.316 0.351 0.386 0.422 0.517 0.735 0.945 1.148 1.343 1.530 1.709 1.880 2.044 2.200 2.348 2.488 2.666 2.939 3.201 3.450 3.688 3.914 4.128 4.330 4.520 4.698 4.865 5.019 5.154 5.265 5.377 5.491 5.607 5.724 5.843 5.964 6.086 6.210 6.335 6.462 6.485 6.207 5.940
0.834 0.846 0.854 0.857 0.854 0.847 0.835 0.819 0.797 0.771 0.740 0.704 0.669 0.636 0.604 0.572 0.542 0.513 0.485 0.459 0.433 0.409 0.385 0.366 0.376 0.410 0.443 0.478 0.512 0.548 0.583 0.619 0.656 0.693 0.730 0.795 0.986 1.169 1.345 1.512 1.672 1.824 1.968 2.105 2.233 2.354 2.467 2.594 2.826 3.046 3.254 3.450 3.635 3.807 3.968 4.117 4.253 4.378 4.492 4.596 4.712 4.831 4.950 5.072 5.195 5.320 5.446 5.574 5.704 5.835 5.968 6.055 5.817 5.590
0.963 0.959 0.949 0.935 0.916 0.892 0.863 0.829 0.790 0.747 0.699 0.647 0.617 0.587 0.559 0.531 0.505 0.499 0.509 0.523 0.543 0.568 0.598 0.634 0.668 0.703 0.739 0.774 0.811 0.848 0.885 0.922 0.960 0.999 1.038 1.081 1.245 1.400 1.549 1.689 1.822 1.946 2.063 2.173 2.274 2.368 2.454 2.534 2.724 2.903 3.070 3.225 3.367 3.499 3.618 3.725 3.821 3.904 3.976 4.036 4.159 4.283 4.408 4.536 4.665 4.795 4.927 5.061 5.196 5.333 5.472 5.612 5.417 5.229
1.098 1.076 1.050 1.018 0.982 0.941 0.895 0.844 0.789 0.729 0.677 0.625 0.616 0.618 0.624 0.636 0.654 0.676 0.704 0.737 0.775 0.819 0.867 0.921 0.960 0.996 1.033 1.070 1.108 1.146 1.185 1.224 1.264 1.304 1.345 1.386 1.511 1.639 1.760 1.873 1.979 2.076 2.166 2.248 2.323 2.389 2.448 2.499 2.635 2.772 2.897 3.011 3.112 3.202 3.280 3.346 3.400 3.443 3.473 3.492 3.604 3.734 3.866 3.999 4.133 4.270 4.408 4.547 4.688 4.831 4.975 5.121 5.006 4.858
1.237 1.199 1.155 1.117 1.075 1.030 0.983 0.932 0.878 0.822 0.762 0.700 0.695 0.715 0.740 0.770 0.806 0.847 0.893 0.945 1.001 1.063 1.130 1.203 1.250 1.288 1.326 1.365 1.405 1.445 1.485 1.526 1.567 1.608 1.650 1.693 1.784 1.886 1.979 2.065 2.144 2.214 2.277 2.332 2.379 2.419 2.450 2.474 2.557 2.653 2.737 2.809 2.869 2.918 2.954 2.979 2.992 2.993 2.982 2.959 3.049 3.185 3.322 3.461 3.601 3.743 3.887 4.039 4.197 4.349 4.494 4.632 4.589 4.492
1.418 1.375 1.329 1.279 1.227 1.172 1.114 1.052 0.988 0.921 0.851 0.777 0.768 0.806 0.850 0.899 0.953 1.012 1.077 1.146 1.221 1.302 1.387 1.478 1.539 1.579 1.619 1.659 1.700 1.742 1.783 1.826 1.868 1.912 1.955 1.999 2.065 2.140 2.206 2.265 2.316 2.360 2.395 2.423 2.443 2.456 2.460 2.457 2.492 2.546 2.589 2.619 2.638 2.645 2.641 2.624 2.596 2.555 2.503 2.439 2.517 2.699 2.874 3.043 3.205 3.360 3.508 3.650 3.785 3.914 4.036 4.151 4.161 4.114
1.616 1.562 1.505 1.445 1.382 1.317 1.248 1.176 1.101 1.023 0.942 0.859 0.835 0.892 0.954 1.021 1.094 1.171 1.254 1.342 1.436 1.534 1.638 1.748 1.828 1.869 1.911 1.953 1.995 2.038 2.081 2.125 2.169 2.214 2.259 2.305 2.354 2.401 2.441 2.472 2.496 2.513 2.521 2.522 2.515 2.500 2.478 2.448 2.438 2.451 2.452 2.442 2.419 2.393 2.369 2.344 2.319 2.293 2.266 2.238 2.297 2.456 2.608 2.754 2.892 3.024 3.150 3.268 3.380 3.486 3.584 3.676 3.720 3.723
1.816 1.752 1.685 1.614 1.541 1.464 1.385 1.303 1.217 1.129 1.037 0.943 0.897 0.972 1.052 1.138 1.229 1.325 1.426 1.532 1.644 1.761 1.884 2.011 2.116 2.158 2.201 2.245 2.289 2.333 2.378 2.424 2.469 2.516 2.562 2.609 2.650 2.670 2.682 2.687 2.684 2.673 2.655 2.628 2.594 2.553 2.485 2.411 2.353 2.331 2.307 2.283 2.257 2.232 2.205 2.178 2.150 2.121 2.091 2.061 2.085 2.220 2.349 2.471 2.587 2.696 2.798 2.893 2.982 3.064 3.140 3.209 3.266 3.319
2.020 1.945 1.867 1.786 1.702 1.615 1.525 1.432 1.336 1.237 1.135 1.030 0.952 1.046 1.145 1.249 1.358 1.472 1.592 1.717 1.847 1.982 2.123 2.269 2.402 2.447 2.491 2.536 2.582 2.628 2.674 2.721 2.768 2.816 2.864 2.913 2.954 2.947 2.932 2.863 2.788 2.713 2.638 2.564 2.490 2.416 2.343 2.270 2.206 2.180 2.154 2.127 2.099 2.071 2.042 2.012 1.981 1.950 1.918 1.885 1.879 1.991 2.097 2.196 2.288 2.374 2.453 2.525 2.591 2.650 2.702 2.748 2.798 2.902
2.224 2.142 2.053 1.961 1.867 1.769 1.669 1.565 1.459 1.349 1.236 1.121 1.002 1.114 1.231 1.354 1.481 1.614 1.752 1.895 2.044 2.197 2.356 2.520 2.688 2.734 2.780 2.827 2.874 2.921 2.969 3.016 2.996 2.978 2.962 2.949 2.937 2.862 2.787 2.712 2.638 2.564 2.491 2.418 2.345 2.273 2.201 2.129 2.059 2.031 2.002 1.973 1.942 1.911 1.879 1.847 1.814 1.780 1.745 1.710 1.680 1.769 1.851 1.927 1.996 2.059 2.115 2.164 2.206 2.242 2.272 2.294 2.318 2.472
2.389 2.341 2.242 2.140 2.035 1.926 1.815 1.701 1.584 1.464 1.341 1.215 1.086 1.177 1.312 1.453 1.599 1.750 1.906 2.068 2.235 2.407 2.584 2.766 2.942 2.932 2.906 2.882 2.860 2.841 2.824 2.810 2.798 2.788 2.781 2.776 2.774 2.709 2.635 2.562 2.489 2.416 2.344 2.272 2.200 2.129 2.058 1.987 1.917 1.882 1.851 1.819 1.786 1.752 1.718 1.683 1.647 1.611 1.573 1.535 1.497 1.553 1.612 1.665 1.711 1.751 1.783 1.809 1.829 1.842 1.848 1.847 1.840 2.029
2.550 2.543 2.434 2.321 2.205 2.087 1.965 1.840 1.713 1.582 1.448 1.312 1.172 1.234 1.387 1.546 1.711 1.891 2.079 2.242 2.380 2.493 2.581 2.643 2.681 2.672 2.654 2.639 2.626 2.615 2.606 2.601 2.597 2.596 2.597 2.601 2.607 2.555 2.483 2.411 2.339 2.268 2.196 2.126 2.055 1.985 1.915 1.846 1.777 1.735 1.701 1.666 1.631 1.595 1.558 1.520 1.482 1.443 1.403 1.362 1.321 1.344 1.380 1.410 1.433 1.449 1.459 1.462 1.458 1.448 1.431 1.407 1.377 1.573
2.707 2.749 2.629 2.505 2.379 2.250 2.118 1.982 1.844 1.703 1.607 1.565 1.520 1.620 1.820 1.996 2.147 2.272 2.372 2.448 2.498 2.522 2.522 2.497 2.446 2.410 2.401 2.394 2.389 2.387 2.387 2.389 2.394 2.402 2.411 2.423 2.438 2.402 2.331 2.260 2.189 2.119 2.049 1.979 1.910 1.841 1.773 1.704 1.636 1.588 1.552 1.515 1.477 1.438 1.398 1.358 1.317 1.275 1.233 1.190 1.146 1.142 1.155 1.161 1.161 1.154 1.141 1.121 1.094 1.061 1.021 0.974 0.921 1.104
2.860 2.957 2.827 2.756 2.721 2.683 2.644 2.602 2.558 2.512 2.464 2.413 2.360 2.379 2.492 2.580 2.642 2.680 2.692 2.679 2.641 2.578 2.490 2.377 2.238 2.146 2.145 2.146 2.150 2.156 2.165 2.176 2.189 2.205 2.223 2.244 2.267 2.249 2.179 2.109 2.039 1.970 1.902 1.833 1.765 1.697 1.630 1.563 1.496 1.443 1.404 1.364 1.323 1.282 1.240 1.197 1.154 1.109 1.064 1.019 0.972 0.946 0.936 0.920 0.896 0.866 0.830 0.787 0.768 0.793 0.813 0.829 0.841 1.038
3.483 3.748 3.709 3.668 3.625 3.580 3.533 3.483 3.431 3.377 3.321 3.263 3.202 3.165 3.190 3.190 3.164 3.114 3.038 2.937 2.812 2.661 2.485 2.284 2.057 1.880 1.887 1.897 1.909 1.924 1.941 1.960 1.982 2.006 2.033 2.062 2.093 2.095 2.026 1.958 1.889 1.821 1.754 1.687 1.620 1.553 1.487 1.421 1.355 1.298 1.256 1.214 1.171 1.127 1.082 1.037 0.991 0.944 0.897 0.848 0.799 0.792 0.833 0.869 0.900 0.928 0.950 0.969 0.983 0.992 0.997 0.998 0.994 1.114
4.333 4.677 4.631 4.582 4.531 4.478 4.423 4.365 4.306 4.244 4.180 4.114 4.045 3.977 3.914 3.826 3.712 3.574 3.410 3.222 3.008 2.770 2.506 2.217 1.903 1.612 1.627 1.646 1.666 1.689 1.715 1.742 1.773 1.805 1.840 1.878 1.918 1.942 1.874 1.806 1.739 1.672 1.606 1.540 1.474 1.409 1.344 1.279 1.214 1.154 1.110 1.065 1.019 0.973 1.019 1.109 1.173 1.211 1.222 1.206 1.164 1.119 1.145 1.165 1.181 1.193 1.200 1.203 1.201 1.195 1.185 1.170 1.150 1.203
5.175 5.567 5.553 5.497 5.438 5.377 5.314 5.249 5.181 5.112 5.040 4.966 4.890 4.811 4.663 4.487 4.286 4.060 3.809 3.533 3.231 2.905 2.553 2.177 1.775 1.348 1.365 1.392 1.421 1.452 1.486 1.522 1.561 1.602 1.646 1.691 1.740 1.788 1.721 1.655 1.589 1.523 1.458 1.393 1.329 1.264 1.200 1.303 1.467 1.617 1.748 1.852 1.929 1.980 2.005 2.003 1.974 1.919 1.837 1.729 1.595 1.451 1.460 1.465 1.466 1.462 1.454 1.441 1.424 1.403 1.377 1.346 1.311 1.305
