DATA/SHG/ECMWF/20170628/EN-28/20170709.en-28.asc
ncols        190
nrows        64
xllcorner    -5100000.000000000000
yllcorner    4130000.000000000000
cellsize     10000.000000000000
NODATA_value  -99999.000
[rows 0 to 31 of 64, columns 73 to 145 of 190]
12.264 11.883 11.477 11.043 10.584 10.098 9.585 9.046 8.587 8.319 8.039 7.760 7.482 7.205 6.929 6.653 6.378 6.104 5.831 5.559 5.404 5.642 5.884 6.128 6.372 6.617 6.863 7.109 7.356 7.604 7.852 8.102 8.352 8.595 8.825 9.043 9.248 9.440 9.620 9.788 9.943 10.085 10.214 10.331 10.216 9.424 8.644 7.875 7.119 6.375 5.642 4.921 4.212 3.515 2.830 2.157 1.644 1.575 1.512 1.453 1.400 1.351 1.307 1.268 1.234 1.205 1.180 1.161 1.137 1.089 1.042 0.994 0.946
13.092 12.619 12.028 11.408 10.787 10.164 9.540 8.914 8.349 8.071 7.794 7.518 7.243 6.969 6.695 6.423 6.151 5.880 5.610 5.340 5.125 5.366 5.612 5.859 6.106 6.354 6.603 6.853 7.103 7.354 7.606 7.859 8.105 8.292 8.466 8.627 8.776 8.913 9.037 9.148 9.246 9.333 9.406 9.467 9.415 8.676 7.949 7.234 6.530 5.839 5.159 4.491 3.835 3.191 2.559 1.939 1.407 1.361 1.319 1.282 1.250 1.223 1.201 1.184 1.172 1.165 1.162 1.165 1.163 1.115 1.067 1.018 0.970
13.097 12.475 11.851 11.226 10.600 9.972 9.343 8.712 8.097 7.823 7.549 7.276 7.003 6.732 6.461 6.192 5.923 5.655 5.388 5.121 4.856 5.089 5.339 5.589 5.840 6.091 6.343 6.596 6.850 7.104 7.359 7.615 7.872 8.003 8.121 8.226 8.319 8.399 8.467 8.522 8.565 8.595 8.612 8.617 8.604 7.917 7.243 6.581 5.930 5.292 4.665 4.050 3.447 2.855 2.276 1.708 1.166 1.141 1.121 1.106 1.096 1.091 1.091 1.096 1.105 1.120 1.139 1.163 1.199 1.176 1.157 1.143 1.134
12.932 12.304 11.676 11.046 10.415 9.782 9.148 8.512 7.876 7.574 7.303 7.033 6.763 6.495 6.227 5.961 5.695 5.429 5.165 4.902 4.639 4.812 5.065 5.318 5.573 5.827 6.083 6.339 6.596 6.854 7.112 7.371 7.631 7.728 7.790 7.840 7.876 7.901 7.912 7.911 7.898 7.872 7.833 7.782 7.718 7.147 6.526 5.916 5.319 4.733 4.159 3.597 3.046 2.508 1.981 1.467 0.964 0.917 0.919 0.957 1.024 1.087 1.145 1.200 1.250 1.297 1.339 1.377 1.411 1.412 1.415 1.423 1.436
12.768 12.136 11.502 10.867 10.231 9.593 8.955 8.314 7.673 7.325 7.057 6.790 6.523 6.258 5.993 5.729 5.466 5.204 4.942 4.682 4.422 4.535 4.791 5.048 5.305 5.563 5.822 6.081 6.342 6.603 6.864 7.126 7.390 7.468 7.474 7.467 7.448 7.416 7.372 7.315 7.245 7.163 7.069 6.961 6.842 6.365 5.797 5.240 4.695 4.162 3.691 3.267 2.851 2.441 2.038 1.643 1.254 1.223 1.280 1.333 1.381 1.426 1.466 1.503 1.535 1.563 1.588 1.608 1.624 1.643 1.668 1.698 1.732
12.605 11.968 11.330 10.690 10.049 9.407 8.763 8.118 7.471 7.076 6.810 6.546 6.283 6.020 5.758 5.497 5.237 4.978 4.719 4.461 4.205 4.257 4.516 4.776 5.037 5.298 5.560 5.823 6.087 6.351 6.616 6.881 7.148 7.222 7.172 7.109 7.034 6.946 6.846 6.733 6.607 6.513 6.451 6.394 6.342 6.041 5.614 5.193 4.780 4.373 3.974 3.581 3.196 2.817 2.445 2.080 1.722 1.639 1.677 1.712 1.742 1.768 1.791 1.809 1.823 1.834 1.840 1.842 1.840 1.869 1.916 1.967 2.024
12.445 11.803 11.160 10.515 9.869 9.222 8.573 7.923 7.272 6.826 6.564 6.302 6.042 5.782 5.523 5.265 5.007 4.751 4.495 4.241 3.987 3.979 4.241 4.505 4.769 5.033 5.299 5.565 5.831 6.099 6.367 6.636 6.907 6.994 6.913 6.838 6.768 6.703 6.643 6.588 6.538 6.494 6.454 6.420 6.390 6.163 5.766 5.377 4.994 4.618 4.250 3.888 3.533 3.185 2.844 2.510 2.183 2.057 2.078 2.094 2.106 2.115 2.119 2.119 2.116 2.108 2.096 2.080 2.060 2.090 2.158 2.232 2.310
12.286 11.639 10.991 10.341 9.691 9.038 8.385 7.730 7.074 6.576 6.316 6.058 5.800 5.543 5.287 5.032 4.778 4.524 4.272 4.020 3.769 3.700 3.966 4.296 4.637 4.959 5.263 5.548 5.815 6.064 6.294 6.506 6.700 6.786 6.729 6.676 6.629 6.586 6.549 6.517 6.490 6.468 6.451 6.440 6.433 6.277 5.911 5.552 5.200 4.856 4.518 4.187 3.863 3.546 3.235 2.932 2.636 2.479 2.482 2.480 2.474 2.465 2.451 2.433 2.412 2.386 2.356 2.322 2.284 2.305 2.395 2.491 2.591
12.129 11.477 10.824 10.170 9.514 8.857 8.198 7.539 6.878 6.325 6.069 5.813 5.558 5.304 5.051 4.814 4.650 4.512 4.398 4.309 4.245 4.276 4.571 4.848 5.106 5.346 5.568 5.772 5.957 6.123 6.271 6.401 6.513 6.573 6.538 6.509 6.484 6.464 6.450 6.441 6.437 6.437 6.443 6.455 6.471 6.383 6.048 5.720 5.399 5.085 4.778 4.478 4.185 3.898 3.619 3.347 3.081 2.905 2.889 2.870 2.846 2.818 2.787 2.751 2.711 2.667 2.619 2.568 2.512 2.515 2.628 2.744 2.866
11.973 11.316 10.659 9.999 9.339 8.677 8.014 7.349 6.680 6.073 5.847 5.645 5.469 5.317 5.190 5.089 5.012 4.961 4.934 4.933 4.956 5.011 5.225 5.419 5.596 5.754 5.894 6.015 6.118 6.203 6.269 6.317 6.346 6.355 6.343 6.336 6.334 6.337 6.346 6.359 6.378 6.401 6.430 6.464 6.503 6.482 6.178 5.881 5.591 5.307 5.031 4.762 4.499 4.244 3.995 3.753 3.519 3.334 3.301 3.263 3.221 3.176 3.126 3.072 3.014 2.952 2.887 2.817 2.743 2.721 2.854 2.993 3.137
11.819 11.126 10.405 9.700 9.010 8.336 7.677 7.034 6.407 5.802 5.662 5.548 5.459 5.394 5.355 5.341 5.351 5.387 5.447 5.533 5.643 5.767 5.898 6.011 6.105 6.181 6.239 6.278 6.299 6.302 6.286 6.252 6.200 6.131 6.142 6.158 6.179 6.205 6.236 6.272 6.313 6.360 6.411 6.468 6.529 6.573 6.300 6.034 5.774 5.522 5.276 5.038 4.806 4.581 4.363 4.153 3.948 3.767 3.716 3.660 3.600 3.537 3.469 3.397 3.321 3.241 3.158 3.070 2.978 2.920 3.076 3.236 3.402
11.139 10.457 9.790 9.139 8.504 7.885 7.281 6.693 6.121 5.564 5.455 5.428 5.426 5.449 5.497 5.569 5.667 5.790 5.937 6.110 6.307 6.519 6.591 6.622 6.634 6.628 6.604 6.562 6.501 6.422 6.324 6.209 6.074 5.922 5.936 5.974 6.018 6.067 6.120 6.179 6.243 6.312 6.387 6.466 6.550 6.640 6.415 6.179 5.951 5.729 5.514 5.306 5.105 4.911 4.724 4.544 4.371 4.204 4.134 4.060 3.983 3.901 3.815 3.726 3.632 3.534 3.432 3.326 3.250 3.232 3.528 3.859 4.227
10.401 9.773 9.162 8.565 7.985 7.420 6.871 6.338 5.820 5.318 5.226 5.286 5.371 5.481 5.615 5.775 5.960 6.169 6.404 6.663 6.948 7.247 7.304 7.253 7.183 7.096 6.990 6.865 6.723 6.562 6.383 6.185 5.969 5.735 5.724 5.786 5.852 5.923 6.000 6.081 6.168 6.260 6.357 6.459 6.566 6.678 6.522 6.318 6.120 5.929 5.744 5.567 5.397 5.234 5.077 4.928 4.785 4.649 4.556 4.463 4.375 4.300 4.238 4.188 4.150 4.125 4.113 4.113 4.125 4.150 4.578 5.069 5.595
9.649 9.076 8.519 7.978 7.452 6.942 6.448 5.969 5.506 5.058 4.974 5.121 5.293 5.489 5.711 5.958 6.230 6.526 6.847 7.194 7.565 7.951 8.036 7.903 7.752 7.583 7.395 7.189 6.965 6.722 6.461 6.182 5.884 5.568 5.508 5.592 5.681 5.775 5.874 5.978 6.088 6.202 6.322 6.446 6.576 6.711 6.622 6.448 6.281 6.121 5.955 5.784 5.622 5.469 5.324 5.187 5.059 4.940 4.871 4.826 4.794 4.774 4.767 4.773 4.791 4.821 4.864 4.919 4.987 5.067 5.590 6.241 6.927
8.884 8.366 7.864 7.377 6.906 6.450 6.010 5.586 5.178 4.785 4.699 4.933 5.192 5.476 5.784 6.118 6.476 6.860 7.268 7.701 8.159 8.633 8.788 8.574 8.341 8.090 7.820 7.532 7.226 6.902 6.559 6.199 5.819 5.422 5.286 5.392 5.504 5.621 5.743 5.870 6.002 6.139 6.272 6.397 6.513 6.620 6.559 6.392 6.234 6.084 5.943 5.810 5.686 5.570 5.463 5.364 5.273 5.191 5.165 5.176 5.200 5.235 5.284 5.344 5.418 5.503 5.601 5.712 5.835 5.971 6.565 7.375 8.221
8.105 7.642 7.194 6.762 6.345 5.944 5.559 5.190 4.835 4.497 4.402 4.723 5.068 5.439 5.835 6.255 6.700 7.170 7.665 8.185 8.730 9.291 9.560 9.264 8.949 8.617 8.265 7.896 7.508 7.102 6.678 6.236 5.789 5.360 5.182 5.336 5.482 5.620 5.749 5.870 5.982 6.086 6.182 6.269 6.348 6.418 6.387 6.258 6.138 6.026 5.922 5.827 5.740 5.662 5.592 5.531 5.478 5.434 5.447 5.513 5.592 5.683 5.786 5.903 6.031 6.172 6.325 6.491 6.670 6.860 7.504 8.472 9.477
7.313 6.904 6.511 6.134 5.772 5.425 5.094 4.779 4.480 4.196 4.082 4.490 4.922 5.380 5.862 6.369 6.901 7.458 8.040 8.646 9.278 9.925 10.352 9.904 9.411 8.932 8.467 8.017 7.580 7.158 6.751 6.357 5.978 5.613 5.399 5.516 5.625 5.725 5.817 5.900 5.975 6.042 6.100 6.150 6.192 6.225 6.207 6.115 6.033 5.958 5.892 5.835 5.786 5.745 5.713 5.689 5.674 5.668 5.715 5.837 5.971 6.117 6.276 6.447 6.631 6.827 7.036 7.257 7.490 7.736 8.405 9.533 10.696
6.508 6.153 5.815 5.491 5.184 4.892 4.616 4.355 4.110 3.880 3.740 4.234 4.754 5.298 5.867 6.456 6.991 7.518 8.036 8.545 9.044 9.545 9.951 9.507 9.077 8.661 8.260 7.873 7.500 7.142 6.797 6.467 6.152 5.850 5.625 5.705 5.776 5.839 5.894 5.940 5.978 6.007 6.028 6.041 6.045 6.041 6.018 5.964 5.919 5.882 5.854 5.834 5.822 5.819 5.825 5.839 5.861 5.892 5.970 6.147 6.336 6.538 6.752 6.979 7.218 7.469 7.733 8.009 8.298 8.599 9.269 10.556 11.878
5.689 5.389 5.105 4.836 4.583 4.345 4.123 3.917 3.733 3.586 3.438 3.972 4.513 5.044 5.567 6.080 6.585 7.081 7.567 8.045 8.514 8.983 9.454 9.093 8.727 8.375 8.037 7.713 7.404 7.109 6.828 6.562 6.309 6.071 5.860 5.903 5.937 5.962 5.980 5.988 5.989 5.981 5.965 5.940 5.907 5.866 5.820 5.804 5.796 5.797 5.806 5.824 5.850 5.885 5.928 5.979 6.039 6.108 6.213 6.444 6.689 6.946 7.215 7.497 7.791 8.097 8.416 8.747 9.091 9.447 10.096 11.541 13.023
4.856 4.637 4.493 4.348 4.202 4.056 3.909 3.761 3.612 3.463 3.313 3.730 4.239 4.740 5.231 5.714 6.187 6.652 7.107 7.554 7.992 8.430 8.869 8.665 8.362 8.073 7.799 7.538 7.292 7.061 6.843 6.640 6.451 6.276 6.116 6.109 6.106 6.094 6.074 6.046 6.009 5.964 5.911 5.849 5.779 5.700 5.613 5.635 5.665 5.703 5.750 5.805 5.869 5.941 6.022 6.111 6.208 6.314 6.441 6.729 7.028 7.340 7.664 8.001 8.350 8.712 9.086 9.472 9.871 10.283 10.886 12.490 14.130
4.681 4.535 4.388 4.241 4.093 3.944 3.794 3.644 3.493 3.342 3.189 3.496 3.974 4.444 4.904 5.355 5.798 6.231 6.656 7.072 7.478 7.885 8.293 8.221 7.981 7.756 7.545 7.348 7.165 6.997 6.843 6.703 6.577 6.466 6.369 6.325 6.284 6.235 6.178 6.113 6.039 5.956 5.866 5.767 5.659 5.543 5.419 5.457 5.525 5.601 5.685 5.778 5.879 5.989 6.107 6.233 6.368 6.512 6.663 6.999 7.354 7.721 8.101 8.492 8.897 9.313 9.743 10.184 10.638 11.198 11.972 13.785 15.482
4.582 4.433 4.284 4.134 3.984 3.833 3.681 3.528 3.375 3.221 3.066 3.270 3.717 4.156 4.585 5.006 5.417 5.820 6.213 6.598 6.973 7.349 7.726 7.761 7.585 7.423 7.275 7.142 7.022 6.917 6.826 6.750 6.687 6.639 6.605 6.549 6.471 6.385 6.291 6.188 6.077 5.958 5.830 5.693 5.549 5.396 5.235 5.271 5.376 5.489 5.611 5.741 5.880 6.027 6.183 6.347 6.519 6.700 6.889 7.257 7.695 8.209 8.769 9.374 10.025 10.722 11.465 12.253 13.087 13.967 14.893 16.169 17.357
4.483 4.333 4.181 4.029 3.876 3.722 3.568 3.413 3.257 3.101 2.944 3.053 3.469 3.877 4.275 4.664 5.045 5.416 5.779 6.133 6.477 6.822 7.167 7.286 7.173 7.075 6.990 6.920 6.864 6.822 6.794 6.781 6.782 6.797 6.826 6.782 6.667 6.544 6.413 6.273 6.124 5.968 5.803 5.629 5.448 5.258 5.059 5.076 5.218 5.369 5.528 5.723 5.963 6.202 6.440 6.679 6.917 7.155 7.393 7.921 8.592 9.308 10.071 10.879 11.733 12.632 13.577 14.568 15.604 16.687 17.815 18.664 19.342
4.386 4.233 4.079 3.924 3.769 3.613 3.456 3.298 3.140 2.981 2.822 2.844 3.229 3.606 3.973 4.332 4.681 5.022 5.353 5.676 5.990 6.303 6.617 6.796 6.747 6.711 6.690 6.683 6.690 6.711 6.747 6.796 6.860 6.939 7.031 7.024 6.872 6.712 6.543 6.366 6.181 5.987 5.811 5.677 5.542 5.408 5.275 5.340 5.579 5.818 6.057 6.295 6.533 6.771 7.009 7.246 7.484 7.720 7.957 8.567 9.440 10.360 11.324 12.335 13.391 14.493 15.640 16.834 18.072 19.357 20.687 21.269 21.438
4.289 4.134 3.977 3.820 3.662 3.504 3.345 3.185 3.024 2.863 2.701 2.644 2.998 3.343 3.680 4.007 4.326 4.636 4.936 5.228 5.511 5.793 6.076 6.291 6.304 6.332 6.374 6.430 6.500 6.585 6.683 6.796 6.923 7.080 7.273 7.365 7.229 7.093 6.957 6.822 6.688 6.554 6.421 6.289 6.157 6.025 5.894 5.916 6.154 6.392 6.629 6.867 7.104 7.340 7.577 7.813 8.049 8.285 8.521 9.165 10.241 11.363 12.530 13.743 15.001 16.305 17.655 19.050 20.491 21.978 23.510 23.985 23.646
4.193 4.035 3.876 3.717 3.557 3.396 3.234 3.072 2.909 2.746 2.581 2.452 2.775 3.089 3.395 3.692 3.979 4.258 4.528 4.788 5.040 5.291 5.543 5.770 5.873 6.029 6.192 6.364 6.544 6.732 6.928 7.132 7.345 7.566 7.795 7.957 7.823 7.690 7.557 7.424 7.292 7.161 7.030 6.899 6.770 6.640 6.512 6.491 6.728 6.965 7.201 7.438 7.673 7.909 8.145 8.380 8.615 8.849 9.084 9.716 10.994 12.318 13.687 15.102 16.563 18.069 19.621 21.218 22.861 24.550 26.284 26.812 25.964
4.098 3.938 3.777 3.615 3.452 3.289 3.125 2.960 2.795 2.629 2.462 2.295 2.560 2.844 3.118 3.384 3.648 3.957 4.267 4.578 4.891 5.205 5.520 5.836 6.022 6.214 6.414 6.622 6.838 7.062 7.295 7.536 7.784 8.041 8.307 8.549 8.417 8.285 8.155 8.024 7.895 7.765 7.637 7.509 7.381 7.254 7.128 7.066 7.302 7.538 7.773 8.008 8.243 8.477 8.712 8.946 9.180 9.413 9.646 10.219 11.699 13.225 14.796 16.413 18.076 19.784 21.538 23.337 25.182 27.072 29.008 29.749 28.393
4.004 3.841 3.678 3.513 3.348 3.183 3.016 2.849 2.681 2.518 2.376 2.237 2.461 2.768 3.078 3.389 3.701 4.015 4.330 4.647 4.966 5.285 5.605 5.926 6.162 6.390 6.626 6.870 7.123 7.383 7.652 7.929 8.214 8.507 8.809 9.119 9.009 8.880 8.751 8.623 8.496 8.369 8.243 8.117 7.992 7.867 7.743 7.640 7.875 8.110 8.344 8.578 8.811 9.045 9.278 9.511 9.744 9.976 10.209 10.674 12.356 14.084 15.858 17.676 19.541 21.451 23.406 25.407 27.454 29.546 31.683 32.796 30.932
3.911 3.745 3.583 3.432 3.284 3.138 2.995 2.854 2.716 2.581 2.448 2.318 2.491 2.804 3.119 3.435 3.753 4.072 4.393 4.715 5.039 5.364 5.689 6.015 6.292 6.556 6.828 7.109 7.398 7.695 8.000 8.313 8.634 8.964 9.302 9.647 9.600 9.473 9.347 9.221 9.096 8.971 8.847 8.724 8.601 8.478 8.356 8.235 8.448 8.681 8.914 9.147 9.380 9.612 9.844 10.076 10.308 10.539 10.770 11.082 12.966 14.895 16.871 18.891 20.957 23.069 25.226 27.429 29.677 31.970 34.309 35.953 33.582
3.871 3.724 3.579 3.437 3.298 3.161 3.027 2.896 2.767 2.641 2.517 2.396 2.519 2.838 3.158 3.479 3.802 4.127 4.453 4.781 5.110 5.440 5.771 6.103 6.413 6.713 7.022 7.339 7.663 7.997 8.338 8.687 9.045 9.411 9.785 10.167 10.189 10.064 9.941 9.817 9.694 9.572 9.450 9.329 9.208 9.088 8.968 8.849 9.020 9.252 9.484 9.716 9.947 10.179 10.410 10.640 10.871 11.101 11.331 11.561 13.528 15.659 17.836 20.058 22.326 24.639 26.997 29.401 31.851 34.346 36.886 39.012 35.702
3.847 3.709 3.573 3.440 3.310 3.182 3.057 2.935 2.815 2.698 2.584 2.472 2.546 2.870 3.195 3.522 3.851 4.181 4.512 4.845 5.180 5.516 5.852 6.189 6.524 6.861 7.205 7.559 7.920 8.289 8.666 9.052 9.446 9.848 10.258 10.676 10.777 10.655 10.533 10.412 10.292 10.171 10.052 9.933 9.815 9.697 9.579 9.463 9.592 9.823 10.054 10.284 10.515 10.745 10.975 11.204 11.434 11.663 11.892 12.120 14.042 16.375 18.895 21.596 24.131 26.498 28.697 30.730 32.595 34.293 35.824 37.187 34.350
3.820 3.691 3.564 3.441 3.319 3.201 3.085 2.972 2.861 2.753 2.648 2.545 2.571 2.901 3.232 3.564 3.898 4.233 4.570 4.908 5.248 5.589 5.931 6.274 6.626 6.999 7.380 7.769 8.166 8.572 8.986 9.407 9.837 10.275 10.722 11.176 11.364 11.244 11.125 11.006 10.887 10.770 10.652 10.536 10.420 10.304 10.189 10.074 10.163 10.393 10.622 10.852 11.081 11.408 12.048 12.810 13.697 14.706 15.839 17.095 19.210 21.507 23.637 25.599 27.395 29.023 30.484 31.778 32.905 33.864 34.657 35.282 32.958
