DATA/SHG/ECMWF/20170628/EN-28/20170629.en-28.asc
ncols        190
nrows        64
xllcorner    -5100000.000000000000
yllcorner    4130000.000000000000
cellsize     10000.000000000000
NODATA_value  -99999.000
[rows 0 to 32 of 64, columns 74 to 147 of 190]
1.309 1.364 1.423 1.488 1.558 1.634 1.714 1.811 1.919 2.030 2.153 2.288 2.434 2.593 2.763 2.945 3.139 3.344 3.562 3.796 4.046 4.298 4.556 4.820 5.091 5.368 5.651 5.940 6.235 6.537 6.845 7.176 7.550 7.906 8.242 8.561 8.860 9.141 9.403 9.646 9.871 10.076 10.264 10.449 10.691 10.950 11.225 11.516 11.824 12.148 12.489 12.847 13.221 13.612 14.019 14.340 14.368 14.399 14.433 14.471 14.512 14.557 14.604 14.655 14.710 14.767 14.828 14.879 14.880 14.862 14.825 14.769 14.693 14.597
1.261 1.330 1.395 1.459 1.519 1.576 1.631 1.698 1.838 1.991 2.155 2.331 2.519 2.719 2.931 3.154 3.389 3.637 3.896 4.167 4.446 4.725 5.011 5.303 5.602 5.907 6.218 6.535 6.858 7.188 7.524 7.861 8.151 8.423 8.676 8.911 9.127 9.324 9.502 9.662 9.803 9.925 10.028 10.142 10.458 10.790 11.139 11.505 11.886 12.285 12.699 13.131 13.579 14.043 14.524 14.956 14.999 15.045 15.094 15.146 15.202 15.261 15.323 15.389 15.458 15.530 15.606 15.661 15.576 15.472 15.348 15.205 15.043 14.861
1.203 1.262 1.318 1.372 1.422 1.470 1.516 1.564 1.746 1.940 2.146 2.364 2.593 2.834 3.087 3.352 3.629 3.918 4.218 4.530 4.837 5.145 5.459 5.779 6.105 6.438 6.777 7.122 7.473 7.830 8.194 8.564 8.772 8.961 9.130 9.281 9.413 9.527 9.621 9.697 9.755 9.794 9.814 9.818 10.208 10.614 11.037 11.476 11.931 12.403 12.892 13.397 13.918 14.456 15.011 15.569 15.626 15.686 15.750 15.817 15.887 15.961 16.038 16.118 16.202 16.289 16.379 16.439 16.260 16.113 15.998 15.916 15.866 15.849
1.148 1.197 1.244 1.288 1.329 1.367 1.403 1.436 1.644 1.879 2.126 2.385 2.656 2.939 3.233 3.540 3.858 4.188 4.529 4.883 5.221 5.556 5.898 6.246 6.600 6.961 7.328 7.701 8.080 8.465 8.857 9.255 9.413 9.518 9.604 9.671 9.719 9.749 9.761 9.753 9.727 9.682 9.619 9.537 9.940 10.420 10.916 11.429 11.958 12.504 13.066 13.645 14.240 14.852 15.480 16.124 16.248 16.324 16.406 16.487 16.558 16.621 16.675 16.719 16.755 16.782 16.799 16.808 16.777 16.774 16.803 16.865 16.960 17.086
1.095 1.135 1.172 1.206 1.238 1.267 1.293 1.316 1.530 1.807 2.096 2.396 2.708 3.032 3.368 3.716 4.075 4.446 4.829 5.224 5.597 5.960 6.330 6.706 7.088 7.476 7.871 8.272 8.679 9.092 9.512 9.937 10.073 10.094 10.097 10.080 10.046 9.992 9.920 9.829 9.720 9.591 9.445 9.279 9.655 10.209 10.779 11.365 11.968 12.629 13.327 14.026 14.726 15.427 16.128 16.830 17.026 17.085 17.134 17.174 17.206 17.229 17.242 17.247 17.242 17.229 17.207 17.176 17.261 17.402 17.575 17.781 18.019 18.290
1.045 1.075 1.103 1.128 1.149 1.169 1.185 1.199 1.406 1.724 2.054 2.396 2.750 3.115 3.492 3.881 4.282 4.694 5.118 5.554 5.965 6.356 6.754 7.158 7.568 7.984 8.406 8.835 9.270 9.711 10.158 10.612 10.753 10.690 10.609 10.510 10.392 10.255 10.099 9.925 9.767 9.643 9.537 9.450 9.881 10.579 11.278 11.978 12.678 13.379 14.080 14.783 15.486 16.190 16.894 17.600 17.842 17.861 17.870 17.870 17.862 17.844 17.818 17.783 17.738 17.685 17.623 17.552 17.712 17.997 18.314 18.664 19.046 19.460
0.998 1.018 1.036 1.051 1.064 1.073 1.080 1.084 1.271 1.631 2.002 2.385 2.780 3.187 3.605 4.035 4.477 4.931 5.396 5.874 6.326 6.745 7.170 7.602 8.040 8.484 8.934 9.391 9.853 10.322 10.797 11.213 11.298 11.108 10.936 10.784 10.650 10.534 10.437 10.359 10.299 10.258 10.236 10.232 10.612 11.314 12.016 12.719 13.422 14.127 14.832 15.537 16.244 16.951 17.659 18.368 18.666 18.645 18.614 18.575 18.526 18.469 18.402 18.327 18.242 18.149 18.047 17.936 18.130 18.558 19.020 19.513 20.039 20.597
0.953 0.964 0.972 0.978 0.981 0.981 0.978 0.973 1.126 1.526 1.939 2.363 2.799 3.247 3.707 4.178 4.661 5.156 5.663 6.182 6.679 7.126 7.524 7.901 8.280 8.659 9.039 9.420 9.803 10.186 10.570 10.955 11.146 11.039 10.951 10.881 10.830 10.797 10.783 10.788 10.811 10.853 10.913 10.992 11.342 12.046 12.752 13.458 14.165 14.872 15.581 16.290 17.000 17.710 18.422 19.134 19.499 19.437 19.366 19.287 19.198 19.101 18.995 18.879 18.755 18.622 18.480 18.329 18.515 19.087 19.692 20.329 20.999 21.701
0.911 0.912 0.911 0.907 0.900 0.891 0.879 0.864 0.969 1.411 1.865 2.331 2.808 3.297 3.793 4.269 4.733 5.185 5.625 6.053 6.465 6.845 7.226 7.607 7.990 8.374 8.759 9.144 9.531 9.918 10.307 10.696 10.974 10.950 10.945 10.958 10.990 11.040 11.109 11.196 11.302 11.427 11.570 11.732 12.069 12.777 13.486 14.195 14.905 15.616 16.328 17.041 17.754 18.468 19.182 19.898 20.339 20.237 20.127 20.007 19.879 19.742 19.595 19.440 19.276 19.103 18.921 18.730 18.867 19.583 20.332 21.112 21.925 22.770
0.872 0.863 0.853 0.839 0.823 0.804 0.782 0.773 0.869 1.376 1.870 2.352 2.823 3.281 3.727 4.161 4.583 4.993 5.391 5.777 6.157 6.541 6.927 7.313 7.700 8.088 8.477 8.867 9.258 9.650 10.043 10.437 10.782 10.841 10.919 11.015 11.129 11.262 11.414 11.584 11.773 11.980 12.206 12.451 12.794 13.506 14.218 14.930 15.644 16.358 17.073 17.789 18.506 19.223 19.941 20.660 21.187 21.046 20.895 20.736 20.568 20.390 20.204 20.009 19.805 19.592 19.370 19.139 19.186 20.046 20.938 21.862 22.818 23.807
0.843 0.849 0.862 0.880 0.905 0.935 0.971 1.013 1.066 1.530 1.983 2.423 2.852 3.268 3.672 4.064 4.444 4.812 5.168 5.512 5.850 6.237 6.627 7.017 7.409 7.802 8.195 8.589 8.985 9.381 9.778 10.177 10.570 10.712 10.872 11.051 11.248 11.464 11.699 11.951 12.223 12.513 12.821 13.148 13.517 14.232 14.948 15.664 16.381 17.098 17.817 18.536 19.256 19.976 20.697 21.419 22.044 21.862 21.672 21.473 21.265 21.047 20.821 20.586 20.343 20.090 19.828 19.558 19.473 20.476 21.511 22.579 23.678 24.810
0.933 0.960 0.993 1.032 1.077 1.127 1.184 1.247 1.315 1.696 2.106 2.505 2.891 3.265 3.628 3.978 4.316 4.642 4.957 5.259 5.554 5.932 6.326 6.721 7.117 7.514 7.912 8.311 8.711 9.111 9.513 9.916 10.319 10.563 10.806 11.067 11.347 11.646 11.963 12.298 12.652 13.025 13.416 13.826 14.254 14.957 15.676 16.395 17.115 17.836 18.558 19.281 20.004 20.728 21.452 22.177 22.904 22.687 22.457 22.218 21.970 21.713 21.447 21.172 20.888 20.596 20.294 20.004 19.821 21.023 22.249 23.500 24.775 26.075
1.017 1.065 1.118 1.178 1.243 1.314 1.391 1.474 1.563 1.872 2.240 2.597 2.941 3.274 3.594 3.903 4.199 4.483 4.756 5.016 5.269 5.627 6.025 6.424 6.825 7.226 7.628 8.032 8.436 8.841 9.247 9.654 10.062 10.393 10.719 11.063 11.425 11.807 12.206 12.624 13.061 13.516 13.990 14.482 14.992 15.680 16.402 17.125 17.848 18.572 19.297 20.023 20.750 21.477 22.205 22.934 23.663 23.520 23.178 22.778 22.413 22.081 21.784 21.521 21.292 21.098 20.937 20.811 20.718 21.936 23.272 24.633 26.018 27.428
1.096 1.164 1.238 1.318 1.404 1.496 1.593 1.697 1.806 2.059 2.385 2.700 3.003 3.293 3.572 3.838 4.093 4.335 4.566 4.784 4.995 5.320 5.723 6.127 6.532 6.937 7.344 7.752 8.160 8.570 8.980 9.392 9.804 10.204 10.612 11.038 11.484 11.947 12.429 12.930 13.449 13.987 14.543 15.117 15.710 16.400 17.126 17.852 18.579 19.255 19.858 20.439 20.997 21.532 22.044 22.533 22.999 22.866 22.584 22.336 22.123 21.943 21.797 21.686 21.609 21.566 21.557 21.582 21.641 22.824 24.269 25.740 27.234 28.754
1.169 1.257 1.352 1.453 1.559 1.671 1.789 1.913 2.043 2.256 2.541 2.814 3.075 3.323 3.560 3.785 3.998 4.198 4.387 4.564 4.733 5.013 5.420 5.828 6.238 6.648 7.059 7.471 7.884 8.298 8.712 9.128 9.545 9.994 10.485 10.994 11.521 12.067 12.632 13.215 13.797 14.373 14.962 15.565 16.180 16.797 17.391 17.961 18.509 19.034 19.536 20.015 20.472 20.905 21.316 21.703 22.068 22.087 21.957 21.860 21.798 21.770 21.776 21.816 21.890 21.999 22.141 22.317 22.528 23.685 25.240 26.820 28.425 30.054
1.236 1.345 1.460 1.581 1.708 1.841 1.979 2.124 2.274 2.464 2.707 2.938 3.157 3.364 3.559 3.742 3.913 4.072 4.219 4.354 4.481 4.705 5.117 5.529 5.943 6.357 6.773 7.189 7.607 8.025 8.444 8.855 9.257 9.713 10.256 10.812 11.382 11.964 12.560 13.168 13.790 14.424 15.072 15.733 16.406 17.007 17.499 17.968 18.414 18.838 19.238 19.616 19.971 20.303 20.612 20.899 21.162 21.274 21.295 21.350 21.439 21.563 21.720 21.912 22.137 22.397 22.690 23.018 23.380 24.520 26.185 27.875 29.589 31.328
1.298 1.428 1.563 1.705 1.852 2.005 2.164 2.329 2.500 2.683 2.884 3.074 3.251 3.416 3.569 3.711 3.840 3.957 4.062 4.156 4.241 4.396 4.808 5.215 5.622 6.027 6.431 6.834 7.235 7.636 8.035 8.433 8.831 9.284 9.886 10.500 11.128 11.769 12.422 13.089 13.769 14.461 15.167 15.886 16.618 17.240 17.631 17.999 18.343 18.665 18.965 19.241 19.495 19.725 19.933 20.118 20.281 20.427 20.599 20.806 21.046 21.321 21.630 21.972 22.349 22.760 23.205 23.684 24.196 25.330 27.104 28.903 30.727 32.575
1.354 1.504 1.660 1.822 1.990 2.163 2.343 2.528 2.719 2.913 3.072 3.220 3.355 3.479 3.587 3.654 3.717 3.776 3.832 3.884 3.938 4.029 4.432 4.835 5.236 5.636 6.036 6.433 6.830 7.226 7.620 8.014 8.406 8.842 9.501 10.174 10.860 11.559 12.271 12.996 13.733 14.484 15.248 16.025 16.815 17.498 17.787 18.053 18.297 18.517 18.715 18.890 19.043 19.172 19.279 19.363 19.424 19.546 19.870 20.227 20.619 21.045 21.505 21.999 22.527 23.088 23.684 24.314 24.978 26.113 27.997 29.906 31.839 33.796
1.405 1.575 1.752 1.934 2.122 2.316 2.516 2.713 2.869 3.022 3.096 3.164 3.229 3.290 3.347 3.402 3.452 3.500 3.543 3.583 3.625 3.668 4.059 4.456 4.853 5.248 5.642 6.035 6.427 6.818 7.207 7.596 7.983 8.385 9.103 9.834 10.578 11.335 12.105 12.888 13.684 14.493 15.315 16.150 16.999 17.779 17.967 18.132 18.274 18.393 18.490 18.564 18.615 18.643 18.649 18.632 18.592 18.631 19.106 19.615 20.158 20.735 21.346 21.990 22.669 23.382 24.129 24.910 25.724 26.871 28.864 30.882 32.924 34.991
1.444 1.608 1.770 1.930 2.087 2.241 2.393 2.543 2.691 2.836 2.908 2.964 3.016 3.066 3.111 3.153 3.192 3.227 3.258 3.286 3.316 3.347 3.686 4.079 4.471 4.861 5.250 5.638 6.025 6.411 6.796 7.180 7.562 7.943 8.691 9.480 10.282 11.097 11.926 12.767 13.621 14.488 15.368 16.261 17.167 18.084 18.170 18.234 18.275 18.294 18.289 18.262 18.212 18.139 18.044 17.925 17.784 17.682 18.308 18.968 19.662 20.390 21.152 21.948 22.777 23.641 24.539 25.470 26.436 27.603 29.705 31.832 33.984 36.160
1.335 1.491 1.645 1.796 1.944 2.091 2.235 2.376 2.515 2.652 2.724 2.767 2.808 2.845 2.878 2.908 2.935 2.957 2.977 2.993 3.010 3.029 3.316 3.704 4.090 4.476 4.860 5.243 5.625 6.006 6.386 6.765 7.143 7.519 8.265 9.112 9.973 10.846 11.732 12.631 13.543 14.468 15.407 16.358 17.322 18.299 18.398 18.361 18.301 18.218 18.112 17.984 17.833 17.659 17.462 17.243 17.001 16.736 17.477 18.288 19.133 20.011 20.924 21.870 22.851 23.865 24.914 25.996 27.130 28.339 30.513 32.663 34.789 36.891
1.229 1.376 1.521 1.664 1.805 1.943 2.078 2.211 2.342 2.470 2.543 2.574 2.603 2.628 2.649 2.667 2.681 2.692 2.699 2.703 2.708 2.714 2.947 3.330 3.712 4.092 4.472 4.850 5.227 5.603 5.978 6.352 6.725 7.097 7.826 8.731 9.649 10.580 11.524 12.482 13.452 14.435 15.431 16.440 17.462 18.497 18.649 18.511 18.350 18.166 17.959 17.730 17.478 17.203 16.906 16.586 16.243 15.877 16.612 17.664 18.856 20.042 21.221 22.394 23.560 24.721 25.875 27.022 28.164 29.299 31.304 33.348 35.369 37.365
1.125 1.264 1.401 1.535 1.667 1.797 1.924 2.049 2.171 2.291 2.365 2.385 2.401 2.414 2.423 2.429 2.431 2.429 2.425 2.416 2.409 2.403 2.580 2.958 3.335 3.710 4.085 4.458 4.831 5.202 5.572 5.941 6.309 6.676 7.372 8.335 9.311 10.301 11.303 12.318 13.346 14.387 15.441 16.508 17.588 18.681 18.924 18.685 18.423 18.138 17.815 17.502 17.250 17.058 16.927 16.856 16.845 16.894 17.783 18.953 20.117 21.275 22.426 23.571 24.710 25.842 26.969 28.088 29.202 30.309 32.118 34.057 35.971 37.862
1.023 1.154 1.282 1.408 1.532 1.653 1.772 1.889 2.003 2.115 2.191 2.199 2.203 2.203 2.200 2.194 2.184 2.171 2.154 2.133 2.114 2.096 2.214 2.587 2.959 3.330 3.700 4.069 4.436 4.802 5.168 5.532 5.895 6.257 6.905 7.926 8.960 10.007 11.067 12.140 13.226 14.283 15.246 16.167 17.047 17.886 18.088 17.802 17.576 17.411 17.305 17.260 17.275 17.351 17.486 17.682 17.938 18.255 19.103 20.246 21.382 22.512 23.636 24.753 25.864 26.969 28.067 29.159 30.245 31.325 32.954 34.787 36.597 38.382
0.924 1.046 1.166 1.284 1.400 1.513 1.623 1.731 1.837 1.940 2.021 2.016 2.008 1.996 1.981 1.963 1.941 1.915 1.886 1.854 1.822 1.792 1.850 2.219 2.586 2.952 3.317 3.680 4.043 4.404 4.765 5.124 5.518 5.966 6.621 7.691 8.719 9.706 10.651 11.555 12.418 13.239 14.018 14.756 15.452 16.108 16.447 16.428 16.470 16.571 16.733 16.955 17.237 17.580 17.982 18.445 18.968 19.551 20.429 21.544 22.652 23.754 24.850 25.940 27.023 28.100 29.170 30.235 31.293 32.345 33.813 35.540 37.244 38.924
0.827 0.941 1.053 1.162 1.269 1.374 1.476 1.576 1.674 1.769 1.854 1.837 1.817 1.793 1.766 1.735 1.701 1.663 1.622 1.578 1.534 1.492 1.488 1.890 2.350 2.807 3.262 3.715 4.165 4.613 5.058 5.500 5.941 6.379 6.908 7.794 8.639 9.442 10.204 10.924 11.603 12.240 12.836 13.391 13.904 14.375 14.744 14.993 15.301 15.670 16.098 16.587 17.136 17.746 18.415 19.145 19.935 20.785 21.759 22.846 23.926 25.001 26.069 27.131 28.186 29.235 30.278 31.315 32.345 33.370 34.693 36.315 37.914 39.488
0.732 0.838 0.942 1.043 1.141 1.238 1.332 1.423 1.512 1.599 1.683 1.661 1.629 1.593 1.554 1.520 1.549 1.592 1.649 1.720 1.797 1.878 1.970 2.413 2.862 3.308 3.752 4.194 4.633 5.070 5.505 5.936 6.366 6.793 7.240 7.943 8.604 9.223 9.801 10.338 10.834 11.287 11.700 12.071 12.401 12.689 12.980 13.495 14.071 14.706 15.402 16.157 16.973 17.849 18.785 19.781 20.838 21.954 23.093 24.152 25.205 26.252 27.292 28.326 29.354 30.376 31.391 32.400 33.403 34.399 35.596 37.113 38.606 40.075
0.640 0.737 0.833 0.926 1.016 1.104 1.190 1.273 1.360 1.464 1.562 1.587 1.609 1.645 1.695 1.758 1.835 1.926 2.030 2.148 2.272 2.401 2.541 2.937 3.376 3.811 4.245 4.676 5.104 5.530 5.953 6.374 6.793 7.209 7.623 8.136 8.613 9.050 9.444 9.798 10.110 10.380 10.609 10.797 10.944 11.049 11.154 11.936 12.778 13.680 14.643 15.665 16.747 17.890 19.092 20.355 21.677 23.060 24.432 25.463 26.489 27.508 28.520 29.527 30.527 31.521 32.508 33.490 34.465 35.433 36.521 37.933 39.321 40.685
0.550 0.653 0.784 0.907 1.023 1.131 1.232 1.326 1.412 1.491 1.563 1.623 1.693 1.776 1.873 1.984 2.108 2.246 2.398 2.563 2.735 2.911 3.099 3.464 3.891 4.316 4.739 5.159 5.576 5.992 6.404 6.814 7.222 7.627 8.030 8.374 8.668 8.921 9.132 9.302 9.431 9.518 9.564 9.569 9.532 9.454 9.335 10.316 11.424 12.593 13.821 15.110 16.459 17.867 19.336 20.865 22.454 24.102 25.775 26.779 27.777 28.768 29.753 30.732 31.704 32.670 33.630 34.584 35.531 36.472 37.468 38.775 40.058 41.317
0.780 0.892 0.997 1.095 1.185 1.267 1.343 1.411 1.471 1.524 1.570 1.647 1.764 1.895 2.039 2.197 2.369 2.554 2.753 2.965 3.184 3.409 3.644 3.993 4.409 4.823 5.235 5.644 6.051 6.455 6.857 7.256 7.653 8.048 8.440 8.656 8.767 8.837 8.865 8.852 8.798 8.702 8.565 8.387 8.167 7.906 7.604 8.634 10.008 11.443 12.938 14.493 16.108 17.782 19.517 21.312 23.167 25.082 27.056 28.099 29.069 30.033 30.990 31.941 32.886 33.825 34.757 35.683 36.603 37.516 38.282 39.101 39.928 40.763
1.051 1.138 1.217 1.289 1.353 1.410 1.460 1.502 1.537 1.565 1.585 1.659 1.823 2.001 2.192 2.398 2.616 2.849 3.095 3.354 3.621 3.894 4.177 4.524 4.929 5.332 5.733 6.132 6.528 6.921 7.312 7.701 8.087 8.470 8.851 8.983 8.911 8.798 8.643 8.447 8.210 7.931 7.611 7.250 6.847 6.404 5.918 6.890 8.531 10.232 11.993 13.813 15.694 17.635 19.636 21.696 23.817 25.997 28.238 29.424 30.366 31.247 31.977 32.647 33.258 33.810 34.302 34.734 35.107 35.421 35.674 36.490 37.353 38.226
1.329 1.390 1.443 1.490 1.528 1.560 1.584 1.600 1.610 1.611 1.606 1.657 1.869 2.094 2.333 2.585 2.851 3.131 3.424 3.731 4.046 4.366 4.697 5.056 5.451 5.843 6.233 6.621 7.006 7.389 7.769 8.147 8.522 8.895 9.265 9.355 9.100 8.804 8.466 8.087 7.667 7.206 6.703 6.159 5.574 4.947 4.279 5.085 6.992 8.959 10.985 13.072 15.253 17.533 19.809 22.078 24.343 26.602 28.856 29.968 30.554 31.081 31.548 31.956 32.304 32.593 32.822 32.992 33.102 33.153 33.144 33.873 34.774 35.683
1.614 1.649 1.677 1.697 1.710 1.716 1.714 1.705 1.689 1.665 1.634 1.644 1.903 2.175 2.461 2.761 3.074 3.401 3.741 4.095 4.457 4.825 5.203 5.591 5.975 6.357 6.736 7.112 7.487 7.858 8.228 8.595 8.959 9.321 9.681 9.771 9.333 8.854 8.334 7.772 7.169 6.525 5.840 5.171 4.651 4.134 3.620 4.424 6.708 8.987 11.260 13.529 15.792 18.049 20.302 22.549 24.791 27.027 29.258 30.387 30.711 30.975 31.179 31.325 31.410 31.437 31.403 31.311 31.159 30.947 30.676 31.252 32.190 33.136
