DATA/SHG/ECMWF/20170628/EN-28/20170701.en-28.asc
ncols        190
nrows        64
xllcorner    -5100000.000000000000
yllcorner    4130000.000000000000
cellsize     10000.000000000000
NODATA_value  -99999.000
[rows 0 to 31 of 64, columns 0 to 72 of 190]
5.394 5.483 5.572 5.660 5.747 5.834 5.920 6.005 6.090 5.914 5.650 5.379 5.103 4.820 4.531 4.235 3.934 3.626 3.312 3.053 2.821 2.778 2.818 2.857 2.893 2.927 2.960 2.990 3.018 3.043 3.067 3.089 3.108 3.190 3.312 3.430 3.546 3.660 3.771 3.879 3.985 4.088 4.189 4.286 4.382 4.296 4.052 3.807 3.562 3.316 3.069 2.822 2.574 2.325 2.076 1.826 1.575 1.469 1.539 1.617 1.701 1.791 1.889 1.993 2.104 2.222 2.346 2.477 2.615 2.658 2.532 2.394 2.243
5.110 5.197 5.283 5.369 5.454 5.538 5.622 5.704 5.787 5.648 5.361 5.069 4.800 4.540 4.287 4.043 3.807 3.579 3.359 3.147 2.943 2.870 2.903 2.934 2.963 2.990 3.015 3.037 3.058 3.076 3.093 3.107 3.119 3.178 3.290 3.400 3.506 3.611 3.713 3.812 3.909 4.003 4.094 4.183 4.269 4.224 3.977 3.730 3.482 3.234 2.985 2.735 2.485 2.234 1.982 1.730 1.477 1.334 1.428 1.529 1.637 1.751 1.872 2.000 2.135 2.276 2.424 2.578 2.740 2.825 2.657 2.476 2.284
4.827 4.912 4.996 5.079 5.162 5.246 5.332 5.417 5.504 5.431 5.175 4.927 4.687 4.455 4.231 4.015 3.808 3.608 3.416 3.233 3.057 2.965 2.990 3.014 3.035 3.055 3.072 3.087 3.101 3.112 3.120 3.127 3.132 3.168 3.271 3.371 3.469 3.565 3.657 3.747 3.835 3.920 4.002 4.082 4.159 4.152 3.904 3.654 3.404 3.154 2.902 2.650 2.397 2.144 1.890 1.636 1.380 1.193 1.310 1.435 1.566 1.704 1.849 2.000 2.159 2.323 2.495 2.673 2.835 2.951 2.736 2.523 2.314
4.543 4.628 4.713 4.798 4.884 4.971 5.058 5.146 5.234 5.224 4.996 4.777 4.565 4.362 4.166 3.979 3.800 3.628 3.465 3.310 3.162 3.061 3.079 3.096 3.110 3.122 3.132 3.139 3.145 3.149 3.150 3.150 3.147 3.160 3.254 3.346 3.435 3.521 3.604 3.685 3.764 3.840 3.913 3.984 4.052 4.082 3.831 3.579 3.327 3.074 2.820 2.566 2.311 2.055 1.799 1.542 1.284 1.045 1.186 1.335 1.490 1.651 1.813 1.973 2.134 2.294 2.454 2.614 2.774 2.933 2.734 2.532 2.334
4.257 4.343 4.430 4.518 4.606 4.695 4.784 4.874 4.964 5.009 4.810 4.619 4.435 4.260 4.093 3.934 3.783 3.640 3.505 3.378 3.259 3.160 3.170 3.179 3.186 3.191 3.193 3.194 3.192 3.188 3.182 3.174 3.164 3.156 3.241 3.323 3.403 3.480 3.554 3.626 3.696 3.763 3.827 3.889 3.948 4.004 3.759 3.505 3.250 2.995 2.739 2.482 2.225 1.969 1.719 1.473 1.229 0.989 1.115 1.276 1.437 1.597 1.757 1.917 2.077 2.236 2.395 2.554 2.712 2.871 2.730 2.539 2.351
3.970 4.059 4.148 4.238 4.328 4.419 4.510 4.602 4.695 4.786 4.615 4.452 4.297 4.150 4.012 3.881 3.758 3.643 3.536 3.438 3.347 3.264 3.264 3.265 3.264 3.262 3.257 3.250 3.241 3.230 3.216 3.201 3.184 3.164 3.229 3.303 3.373 3.441 3.507 3.570 3.630 3.688 3.743 3.796 3.846 3.893 3.686 3.427 3.170 2.917 2.666 2.418 2.173 1.931 1.692 1.455 1.222 0.991 1.064 1.224 1.384 1.543 1.703 1.861 2.020 2.178 2.336 2.494 2.652 2.809 2.722 2.542 2.365
3.683 3.774 3.865 3.957 4.049 4.142 4.236 4.330 4.424 4.520 4.412 4.277 4.151 4.032 3.921 3.819 3.724 3.638 3.559 3.489 3.427 3.372 3.359 3.353 3.345 3.335 3.323 3.308 3.292 3.273 3.253 3.230 3.205 3.178 3.221 3.285 3.347 3.406 3.462 3.503 3.535 3.570 3.607 3.647 3.690 3.736 3.576 3.327 3.080 2.837 2.596 2.358 2.123 1.891 1.661 1.435 1.211 0.991 1.013 1.172 1.331 1.490 1.648 1.806 1.964 2.121 2.278 2.435 2.591 2.747 2.712 2.542 2.376
3.396 3.489 3.582 3.676 3.771 3.866 3.961 4.057 4.154 4.251 4.200 4.094 3.996 3.905 3.823 3.749 3.682 3.624 3.574 3.532 3.497 3.471 3.456 3.443 3.428 3.410 3.390 3.369 3.345 3.319 3.291 3.261 3.198 3.126 3.113 3.142 3.173 3.206 3.242 3.281 3.323 3.367 3.414 3.464 3.516 3.572 3.463 3.224 2.988 2.754 2.523 2.295 2.070 1.848 1.628 1.412 1.198 0.987 0.963 1.121 1.279 1.437 1.594 1.751 1.907 2.064 2.220 2.376 2.531 2.686 2.699 2.540 2.384
3.109 3.204 3.299 3.395 3.492 3.589 3.687 3.785 3.883 3.983 3.980 3.902 3.832 3.770 3.716 3.670 3.632 3.602 3.580 3.566 3.560 3.562 3.556 3.535 3.512 3.440 3.365 3.291 3.218 3.146 3.074 3.003 2.932 2.863 2.842 2.880 2.920 2.963 3.009 3.057 3.109 3.162 3.219 3.278 3.340 3.405 3.348 3.119 2.892 2.669 2.448 2.230 2.015 1.802 1.593 1.386 1.182 0.981 0.913 1.070 1.227 1.384 1.540 1.696 1.852 2.007 2.162 2.317 2.471 2.625 2.682 2.535 2.390
2.822 2.919 3.016 3.114 3.213 3.312 3.412 3.512 3.613 3.714 3.752 3.702 3.660 3.627 3.601 3.583 3.573 3.567 3.532 3.497 3.462 3.426 3.376 3.302 3.228 3.156 3.084 3.012 2.941 2.871 2.802 2.734 2.666 2.599 2.568 2.615 2.665 2.718 2.773 2.831 2.892 2.955 3.021 3.090 3.161 3.236 3.231 3.011 2.794 2.581 2.370 2.162 1.956 1.754 1.555 1.358 1.164 0.973 0.864 1.020 1.176 1.331 1.486 1.641 1.796 1.950 2.104 2.258 2.412 2.565 2.664 2.526 2.392
2.534 2.633 2.732 2.833 2.933 3.034 3.136 3.239 3.342 3.445 3.514 3.480 3.446 3.412 3.377 3.343 3.308 3.272 3.237 3.201 3.165 3.128 3.084 3.012 2.941 2.871 2.801 2.732 2.664 2.597 2.530 2.464 2.399 2.335 2.292 2.348 2.408 2.470 2.535 2.602 2.673 2.745 2.821 2.899 2.980 3.064 3.110 2.901 2.694 2.490 2.289 2.091 1.896 1.703 1.514 1.327 1.143 0.962 0.814 0.970 1.124 1.279 1.433 1.587 1.741 1.894 2.047 2.200 2.353 2.505 2.642 2.515 2.392
2.246 2.347 2.449 2.554 2.661 2.765 2.866 2.964 3.059 3.151 3.227 3.192 3.157 3.122 3.087 3.051 3.015 2.979 2.942 2.905 2.868 2.831 2.791 2.722 2.653 2.586 2.519 2.453 2.387 2.322 2.258 2.195 2.132 2.070 2.013 2.079 2.148 2.220 2.294 2.371 2.451 2.533 2.618 2.706 2.797 2.890 2.985 2.788 2.591 2.397 2.206 2.018 1.832 1.650 1.470 1.293 1.119 0.948 0.779 0.920 1.073 1.227 1.380 1.533 1.686 1.838 1.990 2.151 2.319 2.489 2.660 2.601 2.531
2.017 2.122 2.224 2.324 2.420 2.514 2.604 2.691 2.776 2.857 2.936 2.905 2.869 2.833 2.797 2.760 2.723 2.686 2.649 2.611 2.573 2.534 2.495 2.431 2.365 2.300 2.236 2.172 2.109 2.047 1.986 1.925 1.865 1.806 1.747 1.808 1.886 1.967 2.051 2.138 2.227 2.319 2.413 2.510 2.610 2.713 2.818 2.672 2.485 2.301 2.120 1.942 1.766 1.593 1.424 1.257 1.092 0.931 0.772 0.870 1.029 1.192 1.356 1.522 1.690 1.859 2.029 2.201 2.375 2.550 2.727 2.732 2.700
1.821 1.916 2.008 2.097 2.183 2.266 2.346 2.423 2.496 2.567 2.635 2.619 2.582 2.545 2.508 2.470 2.432 2.394 2.356 2.317 2.278 2.238 2.199 2.140 2.077 2.014 1.953 1.892 1.831 1.772 1.713 1.655 1.597 1.540 1.484 1.534 1.622 1.712 1.806 1.902 2.000 2.102 2.206 2.312 2.422 2.534 2.649 2.554 2.377 2.203 2.031 1.863 1.697 1.571 1.441 1.301 1.150 0.989 0.816 0.873 1.040 1.208 1.378 1.549 1.722 1.897 2.073 2.250 2.429 2.610 2.792 2.853 2.858
1.629 1.713 1.795 1.873 1.949 2.021 2.091 2.157 2.221 2.281 2.339 2.334 2.296 2.258 2.219 2.181 2.142 2.103 2.063 2.024 1.984 1.943 1.903 1.849 1.788 1.728 1.669 1.611 1.553 1.496 1.440 1.384 1.329 1.275 1.221 1.258 1.355 1.455 1.558 1.663 1.771 1.882 1.996 2.112 2.231 2.352 2.563 2.601 2.499 2.385 2.261 2.126 1.980 1.824 1.657 1.479 1.291 1.092 0.882 0.877 1.049 1.223 1.398 1.575 1.753 1.933 2.115 2.298 2.482 2.668 2.856 2.964 3.007
1.440 1.514 1.585 1.653 1.718 1.780 1.840 1.896 1.949 1.999 2.046 2.049 2.010 1.971 1.932 1.892 1.852 1.812 1.772 1.731 1.690 1.649 1.607 1.557 1.499 1.442 1.385 1.329 1.274 1.220 1.166 1.113 1.061 1.009 0.958 0.979 1.086 1.195 1.316 1.493 1.679 1.876 2.082 2.298 2.524 2.760 3.005 3.091 2.950 2.799 2.637 2.465 2.281 2.087 1.883 1.667 1.441 1.205 0.957 0.879 1.057 1.236 1.417 1.599 1.783 1.968 2.155 2.343 2.533 2.725 2.918 3.065 3.145
1.255 1.319 1.380 1.437 1.492 1.543 1.592 1.638 1.680 1.720 1.757 1.765 1.725 1.685 1.645 1.604 1.564 1.522 1.481 1.439 1.397 1.355 1.313 1.265 1.210 1.155 1.101 1.048 0.995 0.943 0.892 0.854 0.848 0.844 0.842 0.898 1.079 1.271 1.472 1.683 1.905 2.135 2.376 2.626 2.887 3.157 3.437 3.590 3.412 3.223 3.024 2.813 2.593 2.361 2.119 1.866 1.602 1.328 1.043 0.880 1.063 1.248 1.434 1.621 1.811 2.001 2.194 2.388 2.583 2.780 2.978 3.155 3.272
1.074 1.127 1.177 1.224 1.268 1.310 1.348 1.383 1.415 1.445 1.471 1.481 1.441 1.400 1.359 1.317 1.275 1.233 1.191 1.148 1.105 1.062 1.019 0.973 0.938 0.924 0.912 0.902 0.895 0.890 0.887 0.886 0.888 0.892 0.898 0.940 1.157 1.383 1.618 1.864 2.119 2.385 2.660 2.945 3.239 3.544 3.858 4.099 3.883 3.657 3.420 3.172 2.914 2.645 2.365 2.075 1.774 1.462 1.139 0.879 1.068 1.258 1.449 1.642 1.837 2.033 2.231 2.430 2.631 2.833 3.037 3.236 3.390
0.896 0.939 0.978 1.015 1.049 1.080 1.107 1.132 1.154 1.173 1.189 1.199 1.157 1.115 1.073 1.031 0.988 0.972 0.968 0.963 0.955 0.946 0.934 0.921 0.912 0.906 0.902 0.901 0.901 0.904 0.909 0.916 0.925 0.937 0.951 0.973 1.224 1.484 1.754 2.034 2.324 2.624 2.933 3.252 3.581 3.920 4.269 4.618 4.365 4.101 3.827 3.541 3.246 2.939 2.622 2.294 1.955 1.606 1.246 0.877 1.071 1.266 1.463 1.662 1.862 2.063 2.267 2.471 2.677 2.885 3.094 3.305 3.497
0.722 0.754 0.783 0.809 0.833 0.853 0.870 0.885 0.896 0.905 0.948 0.998 1.004 1.004 1.001 0.997 0.991 0.982 0.972 0.959 0.944 0.927 0.909 0.888 0.885 0.887 0.890 0.896 0.905 0.915 0.928 0.943 0.960 0.979 1.001 1.025 1.280 1.575 1.880 2.194 2.518 2.852 3.196 3.550 3.913 4.286 4.669 5.062 4.857 4.555 4.243 3.921 3.587 3.243 2.889 2.523 2.147 1.760 1.363 0.955 1.072 1.273 1.476 1.679 1.885 2.092 2.301 2.511 2.722 2.935 3.150 3.366 3.594
0.551 0.573 0.591 0.650 0.707 0.762 0.815 0.865 0.914 0.960 1.005 1.047 1.053 1.046 1.036 1.024 1.011 0.995 0.977 0.957 0.935 0.911 0.885 0.857 0.855 0.865 0.876 0.890 0.906 0.924 0.945 0.968 0.993 1.020 1.049 1.081 1.327 1.656 1.995 2.344 2.702 3.071 3.449 3.837 4.234 4.642 5.059 5.486 5.358 5.020 4.670 4.310 3.939 3.558 3.165 2.763 2.349 1.925 1.490 1.045 1.072 1.278 1.486 1.696 1.907 2.119 2.333 2.582 2.898 3.233 3.585 3.955 4.307
0.599 0.655 0.709 0.760 0.810 0.857 0.903 0.946 0.987 1.027 1.064 1.099 1.104 1.090 1.073 1.054 1.033 1.010 0.985 0.958 0.928 0.897 0.864 0.829 0.823 0.840 0.860 0.881 0.905 0.931 0.960 0.990 1.023 1.058 1.095 1.135 1.363 1.727 2.100 2.483 2.876 3.279 3.691 4.113 4.545 4.987 5.438 5.900 5.870 5.494 5.107 4.709 4.301 3.882 3.453 3.012 2.562 2.100 1.628 1.145 1.085 1.338 1.608 1.897 2.204 2.529 2.872 3.233 3.612 4.010 4.425 4.858 5.225
0.733 0.781 0.828 0.872 0.915 0.955 0.993 1.029 1.063 1.095 1.125 1.153 1.158 1.136 1.112 1.086 1.057 1.027 0.995 0.960 0.924 0.885 0.845 0.802 0.789 0.814 0.841 0.870 0.902 0.936 0.972 1.010 1.051 1.094 1.139 1.186 1.390 1.788 2.195 2.612 3.040 3.476 3.923 4.379 4.846 5.322 5.807 6.303 6.392 5.978 5.554 5.119 4.673 4.177 3.668 3.175 2.698 2.237 1.793 1.364 1.276 1.592 1.926 2.278 2.648 3.036 3.442 3.866 4.308 4.768 5.247 5.743 6.149
0.869 0.910 0.949 0.986 1.022 1.054 1.085 1.114 1.141 1.165 1.188 1.209 1.213 1.184 1.153 1.119 1.084 1.046 1.007 0.965 0.922 0.876 0.828 0.778 0.752 0.785 0.820 0.857 0.896 0.938 0.982 1.028 1.076 1.127 1.180 1.235 1.406 1.838 2.280 2.731 3.193 3.664 4.145 4.635 5.136 5.646 6.078 6.471 6.560 6.026 5.509 5.008 4.523 4.053 3.600 3.164 2.743 2.338 1.949 1.576 1.450 1.829 2.226 2.641 3.073 3.524 3.993 4.481 4.986 5.509 6.050 6.609 7.080
1.007 1.041 1.073 1.103 1.131 1.156 1.180 1.201 1.221 1.238 1.253 1.267 1.271 1.235 1.196 1.155 1.113 1.068 1.021 0.972 0.921 0.868 0.813 0.756 0.713 0.754 0.796 0.841 0.889 0.938 0.990 1.043 1.100 1.158 1.218 1.281 1.412 1.878 2.354 2.811 3.251 3.678 4.091 4.491 4.876 5.248 5.607 5.952 6.140 5.663 5.202 4.756 4.327 3.914 3.517 3.136 2.771 2.422 2.090 1.773 1.606 2.048 2.507 2.985 3.481 3.995 4.527 5.077 5.645 6.231 6.835 7.457 8.016
1.150 1.174 1.199 1.221 1.242 1.260 1.276 1.291 1.303 1.313 1.321 1.327 1.331 1.287 1.241 1.194 1.144 1.092 1.038 0.982 0.923 0.863 0.801 0.737 0.672 0.720 0.771 0.823 0.878 0.936 0.995 1.057 1.122 1.191 1.263 1.339 1.426 1.860 2.280 2.686 3.079 3.458 3.824 4.176 4.514 4.839 5.150 5.447 5.706 5.284 4.879 4.490 4.117 3.759 3.418 3.093 2.784 2.491 2.214 1.954 1.744 2.249 2.771 3.312 3.871 4.448 5.042 5.655 6.286 6.935 7.602 8.287 8.959
1.327 1.309 1.326 1.342 1.355 1.366 1.375 1.382 1.387 1.390 1.391 1.389 1.386 1.342 1.289 1.234 1.177 1.118 1.056 0.993 0.928 0.860 0.791 0.719 0.645 0.682 0.739 0.799 0.863 0.930 1.001 1.075 1.152 1.232 1.316 1.403 1.494 1.844 2.217 2.576 2.921 3.253 3.571 3.875 4.166 4.443 4.707 4.957 5.193 4.890 4.541 4.208 3.890 3.589 3.304 3.035 2.782 2.545 2.324 2.119 1.930 2.432 3.017 3.621 4.243 4.882 5.540 6.215 6.909 7.621 8.350 9.098 9.864
1.514 1.446 1.456 1.464 1.470 1.474 1.476 1.476 1.473 1.469 1.463 1.454 1.443 1.399 1.339 1.276 1.212 1.153 1.104 1.046 0.978 0.901 0.814 0.717 0.611 0.627 0.695 0.768 0.843 0.922 1.004 1.090 1.178 1.270 1.366 1.465 1.567 1.842 2.167 2.479 2.777 3.061 3.332 3.589 3.832 4.062 4.278 4.480 4.669 4.481 4.187 3.910 3.649 3.403 3.174 2.961 2.763 2.582 2.417 2.268 2.135 2.597 3.245 3.912 4.596 5.299 6.019 6.758 7.514 8.288 9.081 9.891 10.719
1.710 1.585 1.588 1.589 1.588 1.584 1.579 1.571 1.562 1.550 1.552 1.575 1.603 1.597 1.553 1.499 1.436 1.363 1.281 1.189 1.088 0.977 0.856 0.726 0.586 0.568 0.649 0.732 0.820 0.910 1.004 1.101 1.201 1.305 1.412 1.522 1.636 1.854 2.132 2.396 2.646 2.883 3.106 3.316 3.512 3.694 3.863 4.018 4.160 4.056 3.819 3.597 3.392 3.202 3.029 2.871 2.730 2.604 2.495 2.401 2.324 2.745 3.456 4.185 4.932 5.697 6.481 7.282 8.101 8.938 9.793 10.666 11.557
1.915 1.727 1.722 1.722 1.730 1.741 1.758 1.778 1.804 1.834 1.868 1.907 1.951 1.951 1.873 1.786 1.689 1.583 1.467 1.342 1.207 1.063 0.909 0.745 0.572 0.506 0.598 0.694 0.793 0.895 1.000 1.109 1.221 1.336 1.455 1.576 1.702 1.880 2.110 2.327 2.530 2.719 2.895 3.057 3.206 3.341 3.462 3.570 3.664 3.616 3.435 3.269 3.119 2.985 2.868 2.766 2.680 2.610 2.557 2.519 2.497 2.874 3.648 4.440 5.250 6.078 6.924 7.788 8.618 9.366 10.103 10.829 11.544
2.116 1.889 1.903 1.922 1.945 1.972 2.005 2.041 2.082 2.128 2.179 2.233 2.293 2.314 2.203 2.083 1.952 1.813 1.664 1.505 1.337 1.159 0.971 0.774 0.568 0.441 0.545 0.652 0.762 0.876 0.993 1.113 1.237 1.363 1.494 1.627 1.764 1.919 2.102 2.272 2.427 2.569 2.698 2.813 2.914 3.002 3.076 3.136 3.183 3.161 3.035 2.925 2.831 2.753 2.691 2.645 2.615 2.601 2.603 2.621 2.655 2.973 3.759 4.535 5.300 6.054 6.797 7.529 8.250 8.960 9.659 10.348 11.025
2.305 2.052 2.081 2.116 2.155 2.198 2.246 2.299 2.356 2.417 2.484 2.554 2.629 2.688 2.543 2.389 2.225 2.052 1.870 1.678 1.476 1.265 1.044 0.814 0.574 0.372 0.488 0.606 0.728 0.854 0.982 1.114 1.249 1.387 1.529 1.674 1.823 1.973 2.108 2.230 2.338 2.433 2.514 2.582 2.636 2.676 2.703 2.717 2.716 2.691 2.620 2.566 2.528 2.506 2.536 2.587 2.630 2.663 2.687 2.702 2.708 2.880 3.629 4.367 5.094 5.810 6.515 7.209 7.892 8.565 9.226 9.877 10.516
