DATA/SHG/ECMWF/20170628/EN-28/20170705.en-28.asc
ncols        190
nrows        64
xllcorner    -5100000.000000000000
yllcorner    4130000.000000000000
cellsize     10000.000000000000
NODATA_value  -99999.000
[rows 0 to 32 of 64, columns 74 to 147 of 190]
7.807 7.474 7.129 6.771 6.401 6.018 5.624 5.251 4.986 4.746 4.509 4.278 4.051 3.829 3.612 3.400 3.192 2.988 2.790 2.660 2.732 2.790 2.841 2.886 2.925 2.957 2.983 3.002 3.016 3.023 3.023 3.015 2.999 2.982 2.965 2.949 2.932 2.916 2.899 2.883 2.867 2.851 2.834 2.830 2.864 2.896 2.928 2.960 2.990 3.021 3.050 3.079 3.108 3.135 3.163 3.171 3.120 3.063 2.999 2.928 2.851 2.768 2.677 2.581 2.477 2.367 2.250 2.126 1.998 1.872 1.747 1.625 1.505 1.386
8.139 7.760 7.385 7.016 6.654 6.298 5.949 5.625 5.396 5.171 4.951 4.736 4.526 4.320 4.119 3.923 3.731 3.544 3.361 3.208 3.252 3.281 3.304 3.320 3.331 3.334 3.332 3.323 3.308 3.286 3.258 3.226 3.210 3.193 3.177 3.160 3.144 3.128 3.112 3.095 3.079 3.063 3.047 3.037 3.068 3.097 3.127 3.155 3.184 3.211 3.238 3.264 3.290 3.315 3.340 3.350 3.269 3.183 3.089 2.989 2.883 2.770 2.650 2.523 2.391 2.251 2.105 1.957 1.838 1.720 1.604 1.491 1.379 1.269
8.388 8.028 7.676 7.329 6.989 6.656 6.329 6.013 5.800 5.592 5.388 5.189 4.995 4.806 4.621 4.441 4.265 4.094 3.928 3.767 3.778 3.779 3.773 3.761 3.743 3.718 3.687 3.650 3.606 3.556 3.500 3.437 3.420 3.404 3.388 3.372 3.356 3.339 3.323 3.307 3.291 3.276 3.260 3.244 3.272 3.299 3.326 3.352 3.377 3.402 3.426 3.450 3.473 3.495 3.517 3.535 3.425 3.309 3.186 3.057 2.921 2.778 2.629 2.473 2.311 2.142 1.966 1.824 1.806 1.809 1.835 1.883 1.954 2.047
8.627 8.290 7.960 7.636 7.318 7.007 6.703 6.404 6.200 6.008 5.820 5.638 5.460 5.286 5.118 4.954 4.794 4.640 4.490 4.345 4.311 4.283 4.249 4.209 4.162 4.109 4.049 3.984 3.911 3.833 3.748 3.657 3.631 3.615 3.599 3.583 3.567 3.551 3.535 3.519 3.503 3.487 3.472 3.456 3.477 3.501 3.525 3.548 3.571 3.593 3.615 3.636 3.656 3.676 3.695 3.713 3.588 3.442 3.310 3.196 3.084 2.973 2.865 2.758 2.653 2.550 2.448 2.348 2.417 2.520 2.646 2.794 2.964 3.156
8.860 8.546 8.238 7.936 7.641 7.352 7.070 6.794 6.595 6.419 6.248 6.081 5.919 5.762 5.610 5.462 5.319 5.180 5.047 4.917 4.850 4.794 4.731 4.662 4.587 4.506 4.418 4.324 4.223 4.116 4.003 3.884 3.841 3.825 3.809 3.793 3.777 3.762 3.746 3.730 3.715 3.699 3.684 3.668 3.682 3.704 3.725 3.745 3.765 3.793 3.829 3.869 3.912 3.958 4.007 4.060 3.982 3.873 3.765 3.659 3.554 3.452 3.351 3.252 3.154 3.059 2.965 2.873 3.006 3.209 3.434 3.681 3.950 4.242
9.088 8.795 8.510 8.230 7.958 7.691 7.431 7.177 6.985 6.825 6.670 6.520 6.374 6.233 6.097 5.965 5.838 5.716 5.598 5.485 5.396 5.311 5.220 5.123 5.019 4.909 4.793 4.671 4.542 4.406 4.265 4.117 4.051 4.035 4.019 4.003 3.988 3.972 3.957 3.941 3.938 3.935 3.922 3.899 3.910 3.945 3.982 4.024 4.068 4.115 4.166 4.220 4.277 4.337 4.401 4.468 4.419 4.317 4.217 4.119 4.022 3.927 3.834 3.743 3.654 3.566 3.480 3.395 3.572 3.874 4.198 4.544 4.913 5.304
9.308 9.038 8.775 8.518 8.268 8.023 7.786 7.554 7.370 7.227 7.088 6.954 6.824 6.699 6.579 6.464 6.353 6.247 6.145 6.048 5.947 5.834 5.715 5.590 5.458 5.319 5.175 5.024 4.867 4.703 4.533 4.399 4.363 4.396 4.420 4.433 4.435 4.428 4.410 4.382 4.344 4.295 4.236 4.167 4.157 4.206 4.258 4.314 4.372 4.434 4.499 4.567 4.639 4.713 4.791 4.872 4.854 4.760 4.667 4.577 4.488 4.401 4.315 4.232 4.150 4.070 3.992 3.915 4.114 4.515 4.939 5.385 5.853 6.343
9.523 9.275 9.034 8.800 8.571 8.349 8.134 7.925 7.750 7.623 7.501 7.383 7.269 7.161 7.057 6.957 6.863 6.773 6.687 6.606 6.506 6.364 6.252 6.150 6.045 5.937 5.826 5.712 5.595 5.475 5.352 5.226 5.145 5.133 5.110 5.077 5.034 4.981 4.917 4.843 4.759 4.665 4.561 4.446 4.400 4.464 4.530 4.600 4.673 4.749 4.828 4.910 4.996 5.085 5.177 5.272 5.286 5.200 5.115 5.032 4.951 4.872 4.794 4.718 4.644 4.572 4.501 4.433 4.633 5.134 5.656 6.201 6.769 7.358
9.731 9.506 9.287 9.075 8.869 8.669 8.476 8.289 8.126 8.015 7.909 7.807 7.710 7.617 7.525 7.440 7.385 7.362 7.369 7.408 7.427 7.317 7.205 7.089 6.970 6.849 6.724 6.597 6.466 6.332 6.195 6.056 5.937 5.879 5.811 5.732 5.643 5.544 5.435 5.315 5.186 5.046 4.896 4.735 4.640 4.718 4.798 4.882 4.969 5.060 5.153 5.250 5.350 5.453 5.559 5.669 5.716 5.637 5.560 5.485 5.412 5.340 5.270 5.202 5.136 5.071 5.008 4.947 5.130 5.729 6.351 6.995 7.661 8.350
9.933 9.730 9.534 9.343 9.160 8.982 8.812 8.615 8.366 8.203 8.071 7.970 7.899 7.860 7.852 7.874 7.928 8.012 8.128 8.274 8.409 8.286 8.159 8.030 7.898 7.763 7.624 7.483 7.339 7.191 7.041 6.887 6.739 6.635 6.521 6.397 6.263 6.118 5.963 5.798 5.623 5.437 5.241 5.035 4.876 4.968 5.063 5.161 5.262 5.367 5.474 5.585 5.699 5.817 5.937 6.061 6.143 6.072 6.003 5.936 5.870 5.806 5.744 5.684 5.625 5.568 5.513 5.460 5.603 6.302 7.022 7.765 8.531 9.318
10.084 9.801 9.526 9.257 8.995 8.740 8.491 8.249 8.016 7.960 7.936 7.943 7.981 8.050 8.149 8.280 8.442 8.634 8.858 9.112 9.383 9.256 9.116 8.974 8.828 8.679 8.527 8.372 8.214 8.052 7.888 7.721 7.552 7.402 7.242 7.072 6.892 6.702 6.501 6.291 6.070 5.839 5.597 5.346 5.108 5.214 5.323 5.436 5.551 5.670 5.792 5.917 6.045 6.177 6.312 6.450 6.568 6.505 6.444 6.384 6.326 6.270 6.215 6.163 6.112 6.063 6.015 5.970 6.053 6.851 7.671 8.512 9.377 10.263
9.548 9.289 9.037 8.792 8.553 8.321 8.096 7.877 7.665 7.690 7.774 7.888 8.034 8.211 8.419 8.657 8.927 9.227 9.558 9.921 10.301 10.229 10.076 9.919 9.759 9.597 9.431 9.262 9.091 8.916 8.738 8.557 8.374 8.179 7.973 7.758 7.532 7.296 7.050 6.794 6.527 6.250 5.964 5.666 5.359 5.457 5.580 5.707 5.836 5.969 6.106 6.245 6.388 6.533 6.682 6.834 6.990 6.935 6.882 6.830 6.780 6.731 6.684 6.639 6.596 6.555 6.515 6.513 6.614 7.646 8.735 9.881 11.086 12.348
9.007 8.772 8.543 8.321 8.106 7.897 7.695 7.500 7.312 7.391 7.583 7.805 8.059 8.344 8.659 9.006 9.383 9.791 10.230 10.700 11.189 11.204 11.037 10.866 10.693 10.517 10.338 10.155 9.970 9.781 9.590 9.396 9.198 8.966 8.715 8.454 8.182 7.901 7.609 7.307 6.995 6.673 6.340 5.998 5.645 5.695 5.833 5.974 6.118 6.265 6.415 6.569 6.726 6.886 7.049 7.215 7.385 7.363 7.290 7.209 7.159 7.141 7.154 7.198 7.274 7.381 7.519 7.688 7.889 9.106 10.451 11.854 13.314 14.832
8.461 8.249 8.043 7.845 7.653 7.468 7.289 7.118 6.953 7.064 7.364 7.694 8.056 8.448 8.872 9.326 9.811 10.327 10.873 11.451 12.048 12.181 12.000 11.816 11.629 11.439 11.246 11.050 10.851 10.649 10.444 10.236 10.025 9.763 9.466 9.160 8.843 8.516 8.178 7.831 7.473 7.106 6.728 6.340 5.941 5.930 6.082 6.237 6.396 6.533 6.641 6.742 6.835 6.922 7.002 7.075 7.141 7.154 7.181 7.240 7.329 7.450 7.602 7.785 7.999 8.245 8.522 8.830 9.170 10.506 12.107 13.766 15.482 17.256
7.909 7.720 7.538 7.363 7.195 7.033 6.878 6.729 6.588 6.709 7.117 7.555 8.024 8.525 9.056 9.617 10.210 10.834 11.488 12.173 12.878 13.160 12.965 12.768 12.567 12.364 12.157 11.948 11.735 11.519 11.301 11.079 10.854 10.570 10.228 9.876 9.513 9.141 8.758 8.365 7.928 7.462 7.005 6.557 6.117 6.006 6.111 6.208 6.299 6.383 6.460 6.529 6.592 6.648 6.697 6.739 6.773 6.875 7.041 7.238 7.467 7.726 8.017 8.339 8.692 9.077 9.493 9.940 10.418 11.847 13.704 15.618 17.591 19.620
7.351 7.186 7.028 6.876 6.731 6.592 6.461 6.336 6.217 6.326 6.842 7.388 7.965 8.573 9.211 9.881 10.581 11.312 12.074 12.866 13.679 14.141 13.933 13.722 13.508 13.290 13.070 12.847 12.621 12.391 12.159 11.844 11.467 11.046 10.558 10.078 9.607 9.145 8.691 8.247 7.811 7.384 6.966 6.557 6.157 5.988 6.061 6.128 6.188 6.240 6.286 6.325 6.357 6.381 6.399 6.410 6.414 6.564 6.869 7.205 7.572 7.971 8.400 8.861 9.353 9.876 10.431 11.016 11.633 13.128 15.241 17.411 19.639 21.924
6.788 6.647 6.512 6.383 6.261 6.146 6.038 5.936 5.841 5.916 6.539 7.192 7.877 8.592 9.338 10.115 10.923 11.761 12.631 13.531 14.452 15.124 14.781 14.351 13.933 13.526 13.131 12.748 12.376 12.015 11.666 11.328 11.002 10.645 10.196 9.755 9.323 8.900 8.486 8.081 7.685 7.297 6.918 6.548 6.187 5.976 6.019 6.055 6.083 6.105 6.120 6.128 6.129 6.122 6.109 6.089 6.062 6.222 6.665 7.140 7.646 8.183 8.751 9.350 9.981 10.643 11.336 12.060 12.816 14.350 16.718 19.144 21.627 24.168
6.220 6.102 5.990 5.885 5.787 5.695 5.610 5.531 5.459 5.477 6.208 6.969 7.761 8.584 9.432 10.215 10.965 11.683 12.368 13.020 13.657 14.182 13.792 13.414 13.047 12.692 12.348 12.015 11.694 11.385 11.087 10.801 10.525 10.235 9.825 9.424 9.031 8.647 8.272 7.906 7.549 7.200 6.861 6.530 6.208 5.973 5.984 5.989 5.987 5.978 5.961 5.938 5.908 5.871 5.827 5.776 5.718 5.847 6.429 7.043 7.687 8.363 9.070 9.808 10.577 11.377 12.209 13.071 13.965 15.512 18.136 20.817 23.555 26.351
5.647 5.551 5.463 5.381 5.306 5.238 5.176 5.135 5.178 5.235 6.050 6.850 7.617 8.352 9.054 9.723 10.360 10.964 11.536 12.075 12.599 13.111 12.793 12.466 12.150 11.846 11.553 11.271 11.002 10.743 10.496 10.261 10.037 9.816 9.445 9.083 8.730 8.385 8.049 7.722 7.404 7.095 6.794 6.502 6.219 5.976 5.957 5.931 5.898 5.857 5.810 5.756 5.695 5.627 5.552 5.471 5.382 5.441 6.162 6.914 7.697 8.511 9.356 10.232 11.140 12.079 13.048 14.049 15.082 16.616 19.495 22.431 25.424 28.475
5.083 5.074 5.080 5.100 5.135 5.184 5.248 5.327 5.421 5.529 6.155 6.841 7.495 8.116 8.705 9.261 9.785 10.276 10.735 11.160 11.570 11.968 11.782 11.505 11.241 10.988 10.746 10.516 10.297 10.090 9.894 9.710 9.537 9.375 9.057 8.733 8.419 8.114 7.817 7.529 7.250 6.980 6.718 6.466 6.222 5.987 5.937 5.880 5.816 5.745 5.667 5.582 5.490 5.391 5.285 5.173 5.053 5.003 5.863 6.753 7.674 8.627 9.610 10.625 11.671 12.748 13.856 14.995 16.165 17.660 20.794 23.985 27.233 30.539
4.903 4.945 5.002 5.073 5.159 5.260 5.375 5.505 5.650 5.809 6.289 6.862 7.403 7.911 8.387 8.830 9.240 9.618 9.963 10.276 10.572 10.856 10.759 10.534 10.320 10.118 9.928 9.748 9.581 9.424 9.280 9.146 9.024 8.914 8.659 8.375 8.099 7.833 7.575 7.327 7.087 6.855 6.633 6.419 6.215 6.019 5.925 5.837 5.742 5.640 5.531 5.415 5.292 5.163 5.026 4.882 4.732 4.574 5.532 6.560 7.620 8.711 9.833 10.985 12.169 13.385 14.631 15.908 17.197 18.521 21.635 24.650 27.568 30.388
4.710 4.803 4.911 5.033 5.170 5.322 5.489 5.670 5.865 6.075 6.452 6.913 7.340 7.735 8.098 8.428 8.725 8.990 9.222 9.422 9.605 9.774 9.725 9.551 9.388 9.237 9.098 8.969 8.853 8.747 8.654 8.571 8.500 8.441 8.252 8.007 7.771 7.543 7.325 7.115 6.914 6.722 6.539 6.364 6.198 6.041 5.919 5.801 5.675 5.542 5.402 5.256 5.102 4.941 4.774 4.600 4.418 4.230 5.169 6.465 7.925 9.337 10.699 12.013 13.278 14.494 15.662 16.780 17.850 18.871 21.438 24.021 26.507 28.895
4.503 4.648 4.806 4.980 5.168 5.371 5.588 5.820 6.067 6.328 6.646 6.993 7.307 7.589 7.839 8.055 8.240 8.392 8.511 8.598 8.667 8.723 8.679 8.556 8.445 8.345 8.256 8.179 8.113 8.059 8.016 7.984 7.964 7.956 7.836 7.630 7.433 7.245 7.065 6.894 6.733 6.579 6.435 6.299 6.173 6.055 5.922 5.772 5.615 5.452 5.338 5.352 5.427 5.564 5.762 6.021 6.342 6.724 7.817 9.110 10.354 11.549 12.696 13.793 14.842 15.842 16.794 17.697 18.551 19.356 21.337 23.489 25.543 27.500
4.283 4.478 4.688 4.913 5.152 5.405 5.674 5.957 6.254 6.566 6.868 7.102 7.304 7.473 7.609 7.713 7.785 7.824 7.831 7.805 7.760 7.702 7.622 7.550 7.490 7.440 7.403 7.376 7.362 7.358 7.366 7.386 7.417 7.459 7.411 7.244 7.086 6.937 6.796 6.665 6.542 6.442 6.359 6.260 6.147 6.020 5.951 5.992 6.094 6.257 6.482 6.767 7.114 7.522 7.992 8.522 9.114 9.767 10.724 11.801 12.829 13.808 14.739 15.620 16.453 17.238 17.973 18.660 19.299 19.888 21.333 23.053 24.676 26.202
4.049 4.295 4.556 4.832 5.122 5.426 5.746 6.080 6.428 6.791 7.120 7.241 7.330 7.386 7.410 7.401 7.360 7.286 7.180 7.041 6.883 6.711 6.554 6.533 6.523 6.525 6.538 6.562 6.599 6.646 6.705 6.775 6.903 7.120 7.268 7.222 7.162 7.086 6.996 6.892 6.772 6.638 6.489 6.325 6.146 5.953 5.944 6.256 6.630 7.064 7.560 8.117 8.735 9.415 10.155 10.957 11.820 12.744 13.677 14.538 15.350 16.113 16.828 17.494 18.111 18.680 19.200 19.671 20.094 20.468 21.425 22.715 23.907 25.001
3.802 4.099 4.411 4.737 5.078 5.434 5.804 6.189 6.588 7.002 7.401 7.410 7.385 7.329 7.240 7.118 6.964 6.778 6.559 6.308 6.037 5.750 5.474 5.535 5.662 5.809 5.976 6.163 6.370 6.596 6.842 7.108 7.394 7.699 7.938 7.827 7.701 7.560 7.404 7.234 7.049 6.849 6.634 6.405 6.161 5.902 5.872 6.455 7.100 7.806 8.573 9.401 10.290 11.241 12.252 13.325 14.459 15.654 16.676 17.321 17.917 18.465 18.964 19.415 19.816 20.169 20.474 20.730 20.937 21.095 21.614 22.472 23.234 23.897
3.541 3.890 4.252 4.629 5.021 5.428 5.849 6.284 6.735 7.199 7.679 7.607 7.471 7.301 7.099 6.867 6.624 6.373 6.114 5.848 5.578 5.306 5.028 5.213 5.428 5.663 5.918 6.193 6.487 6.801 7.135 7.489 7.863 8.256 8.623 8.446 8.255 8.048 7.827 7.592 7.341 7.076 6.796 6.501 6.191 5.867 5.735 6.589 7.505 8.482 9.520 10.619 11.779 13.001 14.283 15.627 17.031 18.497 19.721 20.150 20.531 20.863 21.147 21.382 21.568 21.706 21.795 21.835 21.827 21.771 21.899 22.327 22.657 22.891
3.267 3.666 4.080 4.508 4.951 5.408 5.880 6.366 6.861 7.335 7.803 7.702 7.463 7.216 6.961 6.699 6.429 6.152 5.866 5.573 5.277 4.978 4.673 4.869 5.172 5.495 5.838 6.200 6.583 6.985 7.406 7.848 8.309 8.790 9.291 9.081 8.824 8.553 8.266 7.965 7.649 7.318 6.972 6.612 6.237 5.848 5.533 6.659 7.845 9.093 10.402 11.772 13.203 14.695 16.248 17.862 19.537 21.273 22.811 23.025 23.191 23.307 23.376 23.395 23.366 23.289 23.163 22.988 22.765 22.493 22.279 22.277 22.178 21.981
2.980 3.443 3.939 4.428 4.912 5.389 5.861 6.326 6.785 7.239 7.686 7.649 7.383 7.109 6.828 6.539 6.242 5.938 5.626 5.306 4.983 4.657 4.324 4.504 4.895 5.305 5.736 6.186 6.656 7.146 7.655 8.184 8.733 9.302 9.890 9.732 9.409 9.072 8.720 8.353 7.972 7.576 7.165 6.739 6.299 5.844 5.374 6.663 8.121 9.639 11.218 12.859 14.560 16.323 18.146 20.031 21.976 23.983 25.948 25.946 25.896 25.798 25.651 25.456 25.211 24.919 24.578 24.188 23.750 23.263 22.756 22.324 21.795 21.169
3.039 3.519 3.994 4.463 4.925 5.382 5.832 6.277 6.715 7.148 7.574 7.603 7.311 7.010 6.702 6.386 6.063 5.732 5.393 5.046 4.696 4.343 3.983 4.117 4.595 5.094 5.612 6.150 6.707 7.284 7.881 8.498 9.135 9.791 10.467 10.397 10.009 9.607 9.189 8.757 8.311 7.849 7.373 6.882 6.377 5.856 5.321 6.603 8.331 10.120 11.970 13.880 15.852 17.885 19.979 22.133 24.349 26.626 28.963 28.913 28.648 28.335 27.973 27.562 27.103 26.596 26.040 25.435 24.782 24.081 23.276 22.344 21.409 20.473
3.141 3.601 4.055 4.503 4.944 5.380 5.810 6.233 6.651 7.062 7.468 7.565 7.245 6.918 6.583 6.241 5.891 5.533 5.167 4.794 4.416 4.036 3.650 3.708 4.274 4.860 5.466 6.091 6.736 7.401 8.086 8.790 9.514 10.258 11.021 11.078 10.625 10.157 9.674 9.177 8.665 8.138 7.597 7.040 6.470 5.884 5.284 6.478 8.476 10.535 12.656 14.836 17.078 19.381 21.745 24.170 26.655 29.202 31.810 31.926 31.446 30.827 29.999 29.152 28.286 27.400 26.494 25.569 24.624 23.660 22.676 21.731 20.788 19.842
3.250 3.688 4.121 4.548 4.969 5.384 5.792 6.195 6.592 6.982 7.367 7.533 7.187 6.833 6.472 6.102 5.725 5.341 4.948 4.548 4.144 3.737 3.324 3.277 3.931 4.604 5.298 6.011 6.743 7.496 8.268 9.060 9.871 10.702 11.553 11.774 11.256 10.722 10.174 9.612 9.035 8.443 7.836 7.214 6.578 5.928 5.262 6.289 8.557 10.886 13.276 15.727 18.244 20.764 23.242 25.678 28.071 30.422 32.730 32.794 31.919 31.025 30.111 29.177 28.224 27.251 26.259 25.247 24.216 23.165 22.095 21.121 20.169 19.215
3.363 3.781 4.193 4.599 4.999 5.393 5.781 6.163 6.538 6.908 7.272 7.509 7.136 6.756 6.367 5.971 5.568 5.156 4.737 4.310 3.879 3.445 3.005 2.825 3.566 4.327 5.108 5.908 6.729 7.568 8.428 9.307 10.206 11.125 12.063 12.486 11.902 11.303 10.690 10.062 9.420 8.762 8.091 7.462 7.011 6.592 6.205 7.224 9.769 12.272 14.733 17.151 19.527 21.861 24.152 26.400 28.606 30.770 32.891 33.185 32.224 31.243 30.242 29.222 28.182 27.123 26.044 24.946 23.828 22.691 21.534 20.515 19.553 18.590
