DATA/SHG/ECMWF/20170628/EN-28/20170707.en-28.asc
ncols        190
nrows        64
xllcorner    -5100000.000000000000
yllcorner    4130000.000000000000
cellsize     10000.000000000000
NODATA_value  -99999.000
[rows 0 to 32 of 64, columns 0 to 74 of 190]
0.003 0.003 0.004 0.004 0.004 0.005 0.005 0.005 0.005 0.006 0.007 0.007 0.007 0.007 0.007 0.006 0.004 0.003 0.001 0.000 0.000 0.001 0.004 0.007 0.012 0.018 0.024 0.032 0.041 0.051 0.062 0.074 0.087 0.129 0.189 0.248 0.305 0.361 0.415 0.468 0.520 0.570 0.619 0.666 0.713 0.744 0.764 0.786 0.809 0.835 0.862 0.891 0.922 0.954 0.989 1.025 1.063 1.134 1.242 1.348 1.453 1.555 1.656 1.756 1.853 1.949 2.043 2.135 2.226 2.414 2.771 3.139 3.519 3.909 4.312
0.002 0.002 0.002 0.002 0.002 0.002 0.002 0.002 0.001 0.001 0.001 0.000 0.000 0.000 0.000 0.000 0.000 0.001 0.001 0.001 0.001 0.004 0.010 0.018 0.026 0.035 0.046 0.057 0.070 0.083 0.098 0.114 0.131 0.166 0.221 0.275 0.327 0.378 0.428 0.476 0.523 0.569 0.613 0.655 0.697 0.731 0.758 0.786 0.816 0.847 0.881 0.916 0.954 0.992 1.033 1.076 1.120 1.184 1.286 1.386 1.485 1.581 1.676 1.770 1.861 1.951 2.039 2.125 2.210 2.369 2.766 3.174 3.593 4.024 4.466
0.001 0.001 0.000 0.000 0.000 0.000 0.000 0.000 0.000 0.000 0.000 0.000 0.000 0.000 0.001 0.001 0.001 0.001 0.001 0.002 0.002 0.006 0.016 0.027 0.039 0.052 0.066 0.081 0.098 0.115 0.133 0.153 0.173 0.204 0.255 0.304 0.351 0.397 0.442 0.486 0.528 0.568 0.608 0.646 0.683 0.717 0.750 0.784 0.821 0.859 0.898 0.940 0.984 1.029 1.076 1.125 1.176 1.236 1.332 1.426 1.518 1.609 1.698 1.785 1.871 1.955 2.037 2.117 2.288 2.517 3.029 3.531 4.024 4.508 4.982
0.000 0.000 0.000 0.000 0.000 0.000 0.000 0.000 0.000 0.000 0.000 0.000 0.001 0.001 0.001 0.001 0.001 0.002 0.002 0.002 0.003 0.006 0.020 0.035 0.050 0.067 0.085 0.104 0.124 0.145 0.167 0.191 0.215 0.244 0.289 0.334 0.376 0.418 0.458 0.496 0.534 0.570 0.604 0.638 0.670 0.701 0.740 0.781 0.823 0.868 0.914 0.962 1.012 1.064 1.117 1.172 1.229 1.289 1.379 1.467 1.556 1.683 1.824 1.980 2.151 2.336 2.536 2.750 2.979 3.222 3.697 4.166 4.626 5.076 5.517
0.000 0.000 0.000 0.000 0.000 0.000 0.000 0.000 0.000 0.000 0.000 0.000 0.001 0.001 0.001 0.002 0.002 0.002 0.003 0.003 0.003 0.005 0.023 0.041 0.061 0.081 0.103 0.126 0.150 0.174 0.200 0.227 0.255 0.285 0.326 0.365 0.403 0.439 0.475 0.509 0.541 0.572 0.602 0.631 0.658 0.684 0.729 0.776 0.825 0.875 0.928 0.982 1.038 1.098 1.164 1.234 1.306 1.382 1.512 1.660 1.824 2.002 2.194 2.401 2.623 2.859 3.110 3.375 3.655 3.949 4.373 4.809 5.235 5.653 6.060
0.000 0.000 0.000 0.000 0.000 0.000 0.000 0.000 0.000 0.000 0.000 0.001 0.001 0.001 0.002 0.002 0.002 0.003 0.003 0.004 0.004 0.005 0.025 0.047 0.070 0.095 0.120 0.146 0.174 0.203 0.232 0.263 0.295 0.327 0.363 0.397 0.431 0.463 0.493 0.522 0.550 0.576 0.602 0.625 0.648 0.669 0.716 0.772 0.831 0.894 0.959 1.027 1.098 1.172 1.249 1.329 1.412 1.498 1.663 1.862 2.077 2.306 2.549 2.807 3.080 3.367 3.669 3.985 4.316 4.661 5.056 5.459 5.853 6.237 6.612
0.000 0.000 0.000 0.000 0.000 0.000 0.000 0.000 0.000 0.000 0.000 0.001 0.001 0.001 0.002 0.002 0.003 0.003 0.004 0.004 0.005 0.005 0.026 0.052 0.079 0.107 0.136 0.166 0.197 0.229 0.263 0.297 0.333 0.369 0.402 0.431 0.460 0.487 0.513 0.537 0.560 0.582 0.604 0.625 0.645 0.664 0.714 0.781 0.851 0.923 0.999 1.077 1.159 1.243 1.331 1.421 1.514 1.611 1.799 2.050 2.315 2.595 2.890 3.199 3.522 3.860 4.213 4.580 4.962 5.358 5.748 6.118 6.478 6.830 7.171
0.000 0.000 0.000 0.000 0.000 0.000 0.000 0.000 0.000 0.000 0.000 0.001 0.001 0.002 0.002 0.003 0.003 0.004 0.004 0.005 0.006 0.006 0.025 0.055 0.086 0.117 0.150 0.184 0.219 0.255 0.292 0.330 0.369 0.406 0.436 0.460 0.483 0.506 0.528 0.549 0.570 0.589 0.608 0.626 0.644 0.661 0.709 0.786 0.867 0.950 1.036 1.125 1.216 1.311 1.409 1.510 1.614 1.721 1.921 2.223 2.539 2.870 3.216 3.576 3.950 4.339 4.743 5.161 5.593 6.040 6.447 6.784 7.112 7.430 7.739
0.000 0.000 0.000 0.000 0.000 0.000 0.000 0.000 0.000 0.000 0.000 0.001 0.001 0.002 0.002 0.003 0.004 0.004 0.005 0.006 0.006 0.007 0.024 0.057 0.092 0.134 0.175 0.216 0.255 0.293 0.330 0.366 0.401 0.434 0.462 0.483 0.504 0.524 0.544 0.562 0.580 0.597 0.614 0.629 0.644 0.658 0.702 0.789 0.880 0.973 1.069 1.169 1.271 1.376 1.485 1.596 1.710 1.827 2.029 2.381 2.749 3.131 3.527 3.938 4.363 4.803 5.257 5.726 6.210 6.708 7.154 7.458 7.753 8.038 8.314
0.000 0.000 0.000 0.000 0.000 0.000 0.000 0.000 0.000 0.000 0.000 0.001 0.001 0.002 0.003 0.003 0.004 0.006 0.014 0.024 0.036 0.050 0.075 0.116 0.156 0.194 0.232 0.268 0.304 0.338 0.371 0.402 0.433 0.463 0.489 0.507 0.526 0.543 0.560 0.576 0.591 0.606 0.620 0.633 0.645 0.657 0.691 0.789 0.890 0.993 1.100 1.210 1.323 1.439 1.557 1.679 1.803 1.931 2.122 2.526 2.944 3.377 3.824 4.285 4.762 5.252 5.758 6.277 6.811 7.360 7.869 8.140 8.402 8.654 8.897
0.000 0.000 0.000 0.000 0.000 0.000 0.000 0.000 0.000 0.000 0.000 0.002 0.006 0.012 0.019 0.029 0.040 0.053 0.068 0.085 0.103 0.123 0.149 0.186 0.221 0.256 0.290 0.322 0.353 0.383 0.412 0.440 0.467 0.493 0.516 0.532 0.548 0.563 0.577 0.590 0.603 0.615 0.626 0.637 0.646 0.656 0.677 0.785 0.897 1.011 1.128 1.248 1.371 1.498 1.627 1.759 1.894 2.031 2.201 2.655 3.124 3.608 4.106 4.619 5.146 5.687 6.243 6.813 7.398 7.998 8.592 8.830 9.059 9.278 9.424
0.000 0.000 0.000 0.000 0.000 0.000 0.000 0.000 0.000 0.000 0.001 0.009 0.020 0.032 0.046 0.062 0.079 0.099 0.120 0.143 0.168 0.195 0.223 0.256 0.288 0.319 0.348 0.377 0.404 0.430 0.455 0.479 0.502 0.524 0.544 0.558 0.571 0.583 0.595 0.606 0.616 0.625 0.634 0.642 0.649 0.655 0.661 0.779 0.901 1.025 1.153 1.284 1.417 1.554 1.693 1.835 1.981 2.129 2.280 2.771 3.291 3.825 4.374 4.937 5.515 6.107 6.714 7.264 7.759 8.249 8.734 8.829 8.887 8.941 8.991
0.001 0.001 0.001 0.001 0.001 0.001 0.001 0.001 0.001 0.000 0.000 0.014 0.031 0.050 0.070 0.092 0.116 0.142 0.170 0.199 0.231 0.264 0.299 0.328 0.356 0.383 0.408 0.433 0.456 0.478 0.499 0.519 0.538 0.556 0.572 0.584 0.594 0.604 0.613 0.621 0.629 0.636 0.642 0.647 0.652 0.656 0.659 0.770 0.902 1.037 1.175 1.316 1.460 1.607 1.756 1.909 2.065 2.223 2.385 2.872 3.405 3.921 4.430 4.934 5.433 5.926 6.413 6.895 7.371 7.842 8.307 8.443 8.486 8.526 8.562
0.002 0.002 0.002 0.002 0.002 0.002 0.001 0.001 0.001 0.000 0.000 0.017 0.040 0.065 0.092 0.121 0.151 0.184 0.218 0.254 0.291 0.331 0.372 0.401 0.425 0.448 0.469 0.490 0.509 0.527 0.544 0.560 0.575 0.589 0.601 0.611 0.619 0.626 0.632 0.638 0.643 0.647 0.651 0.654 0.656 0.657 0.657 0.757 0.900 1.045 1.194 1.345 1.499 1.648 1.790 1.925 2.054 2.177 2.294 2.676 3.178 3.674 4.164 4.649 5.128 5.602 6.070 6.532 6.989 7.440 7.886 8.061 8.090 8.116 8.138
0.004 0.004 0.003 0.003 0.003 0.003 0.002 0.002 0.001 0.001 0.000 0.018 0.048 0.079 0.113 0.148 0.184 0.223 0.264 0.306 0.350 0.396 0.444 0.475 0.495 0.514 0.531 0.548 0.563 0.577 0.591 0.603 0.613 0.623 0.632 0.638 0.644 0.648 0.652 0.655 0.658 0.659 0.660 0.661 0.660 0.659 0.677 0.779 0.936 1.087 1.232 1.371 1.503 1.629 1.749 1.863 1.970 2.071 2.166 2.473 2.956 3.432 3.903 4.369 4.829 5.283 5.732 6.175 6.612 7.044 7.471 7.683 7.698 7.710 7.718
0.005 0.005 0.005 0.004 0.004 0.003 0.003 0.002 0.002 0.001 0.000 0.017 0.053 0.091 0.131 0.172 0.215 0.261 0.307 0.356 0.407 0.459 0.513 0.550 0.566 0.581 0.594 0.607 0.618 0.629 0.638 0.646 0.653 0.659 0.663 0.667 0.670 0.672 0.674 0.686 0.700 0.716 0.733 0.753 0.774 0.797 0.821 0.897 1.032 1.162 1.285 1.401 1.512 1.616 1.714 1.806 1.892 1.971 2.044 2.276 2.739 3.196 3.648 4.094 4.535 4.970 5.399 5.823 6.242 6.654 7.061 7.309 7.311 7.308 7.302
0.007 0.007 0.006 0.006 0.005 0.004 0.004 0.003 0.002 0.001 0.001 0.015 0.057 0.101 0.147 0.195 0.245 0.296 0.349 0.404 0.461 0.520 0.581 0.626 0.638 0.649 0.659 0.667 0.675 0.681 0.686 0.692 0.701 0.709 0.715 0.722 0.735 0.750 0.766 0.785 0.805 0.827 0.851 0.876 0.904 0.933 0.964 1.021 1.135 1.242 1.343 1.438 1.527 1.610 1.686 1.756 1.820 1.877 1.928 2.085 2.528 2.966 3.399 3.826 4.247 4.663 5.073 5.477 5.876 6.270 6.658 6.940 6.928 6.911 6.891
0.009 0.008 0.007 0.007 0.006 0.005 0.004 0.004 0.003 0.002 0.001 0.010 0.058 0.109 0.161 0.216 0.272 0.330 0.389 0.451 0.514 0.579 0.646 0.703 0.715 0.729 0.742 0.753 0.763 0.771 0.778 0.783 0.787 0.790 0.790 0.793 0.813 0.834 0.856 0.881 0.908 0.936 0.966 0.998 1.031 1.067 1.104 1.152 1.243 1.329 1.408 1.481 1.548 1.609 1.664 1.712 1.754 1.789 1.819 1.899 2.323 2.742 3.155 3.562 3.964 4.361 4.752 5.137 5.517 5.891 6.260 6.576 6.549 6.518 6.484
0.010 0.010 0.009 0.008 0.007 0.006 0.005 0.004 0.003 0.002 0.001 0.003 0.058 0.115 0.174 0.234 0.297 0.364 0.435 0.509 0.586 0.666 0.750 0.833 0.844 0.853 0.860 0.866 0.871 0.874 0.876 0.876 0.875 0.872 0.867 0.863 0.888 0.915 0.945 0.975 1.008 1.043 1.079 1.117 1.157 1.199 1.242 1.288 1.358 1.422 1.479 1.531 1.576 1.615 1.647 1.674 1.694 1.708 1.716 1.718 2.123 2.523 2.917 3.305 3.688 4.065 4.436 4.803 5.163 5.518 5.867 6.211 6.175 6.130 6.081
0.012 0.011 0.010 0.009 0.008 0.007 0.006 0.005 0.004 0.003 0.001 0.000 0.057 0.124 0.193 0.266 0.342 0.420 0.502 0.588 0.676 0.767 0.861 0.959 0.974 0.978 0.980 0.981 0.981 0.978 0.975 0.970 0.963 0.955 0.946 0.935 0.962 0.995 1.031 1.068 1.107 1.148 1.190 1.235 1.281 1.329 1.378 1.430 1.478 1.520 1.556 1.586 1.609 1.626 1.637 1.642 1.640 1.633 1.619 1.598 1.929 2.309 2.684 3.053 3.416 3.774 4.127 4.474 4.815 5.151 5.481 5.806 5.804 5.746 5.687
0.014 0.013 0.012 0.011 0.010 0.009 0.008 0.007 0.005 0.004 0.002 0.000 0.056 0.133 0.214 0.297 0.384 0.474 0.567 0.663 0.762 0.864 0.970 1.078 1.106 1.105 1.102 1.097 1.091 1.084 1.075 1.065 1.053 1.040 1.026 1.009 1.033 1.073 1.115 1.158 1.204 1.251 1.299 1.350 1.403 1.457 1.513 1.570 1.605 1.625 1.639 1.647 1.649 1.644 1.633 1.616 1.593 1.564 1.528 1.486 1.740 2.101 2.457 2.807 3.151 3.490 3.823 4.152 4.478 4.797 5.111 5.418 5.471 5.433 5.401
0.018 0.017 0.016 0.015 0.013 0.012 0.010 0.009 0.007 0.005 0.003 0.001 0.052 0.140 0.231 0.326 0.423 0.524 0.628 0.735 0.845 0.958 1.074 1.194 1.239 1.232 1.224 1.215 1.204 1.191 1.177 1.162 1.145 1.127 1.107 1.085 1.103 1.149 1.197 1.247 1.298 1.352 1.407 1.464 1.522 1.583 1.645 1.709 1.737 1.736 1.728 1.714 1.694 1.668 1.635 1.597 1.552 1.501 1.443 1.380 1.561 1.909 2.251 2.586 2.915 3.238 3.555 3.865 4.169 4.467 4.759 5.044 5.145 5.125 5.110
0.023 0.022 0.020 0.019 0.017 0.015 0.013 0.011 0.009 0.006 0.004 0.001 0.044 0.143 0.245 0.351 0.459 0.571 0.686 0.803 0.924 1.048 1.175 1.306 1.373 1.362 1.348 1.334 1.317 1.300 1.281 1.260 1.238 1.214 1.189 1.163 1.171 1.223 1.277 1.333 1.391 1.451 1.512 1.575 1.640 1.707 1.775 1.846 1.876 1.853 1.823 1.788 1.746 1.688 1.623 1.559 1.496 1.434 1.374 1.314 1.433 1.759 2.079 2.393 2.701 3.002 3.297 3.585 3.867 4.143 4.413 4.677 4.814 4.812 4.814
0.028 0.027 0.025 0.023 0.020 0.018 0.016 0.013 0.011 0.008 0.005 0.002 0.032 0.143 0.256 0.372 0.492 0.614 0.740 0.868 1.000 1.135 1.273 1.414 1.509 1.492 1.474 1.454 1.433 1.410 1.385 1.360 1.332 1.303 1.273 1.242 1.237 1.295 1.356 1.418 1.482 1.548 1.615 1.685 1.756 1.829 1.883 1.922 1.924 1.858 1.792 1.728 1.665 1.602 1.541 1.481 1.422 1.363 1.306 1.250 1.312 1.616 1.914 2.206 2.492 2.771 3.044 3.311 3.572 3.826 4.074 4.315 4.479 4.494 4.515
0.034 0.032 0.029 0.027 0.024 0.022 0.019 0.016 0.013 0.010 0.006 0.003 0.018 0.139 0.263 0.390 0.521 0.654 0.790 0.930 1.073 1.219 1.368 1.520 1.646 1.624 1.601 1.576 1.549 1.521 1.491 1.460 1.428 1.394 1.359 1.322 1.301 1.366 1.432 1.506 1.574 1.634 1.686 1.730 1.766 1.794 1.814 1.826 1.820 1.757 1.695 1.634 1.575 1.516 1.458 1.402 1.346 1.292 1.238 1.186 1.197 1.479 1.756 2.026 2.290 2.547 2.798 3.043 3.282 3.515 3.741 3.961 4.140 4.172 4.210
0.039 0.037 0.034 0.031 0.028 0.025 0.022 0.018 0.015 0.011 0.008 0.004 0.000 0.132 0.267 0.405 0.546 0.690 0.838 0.988 1.142 1.299 1.458 1.621 1.785 1.758 1.729 1.699 1.667 1.634 1.599 1.563 1.529 1.503 1.485 1.474 1.472 1.535 1.591 1.639 1.679 1.711 1.736 1.752 1.761 1.761 1.754 1.739 1.714 1.655 1.597 1.540 1.484 1.429 1.375 1.322 1.270 1.219 1.169 1.120 1.087 1.348 1.603 1.851 2.093 2.329 2.559 2.782 2.999 3.210 3.414 3.612 3.796 3.846 3.902
0.044 0.042 0.039 0.035 0.032 0.029 0.025 0.021 0.017 0.013 0.009 0.005 0.001 0.122 0.267 0.416 0.568 0.724 0.882 1.043 1.208 1.375 1.546 1.720 1.891 1.860 1.807 1.762 1.725 1.695 1.673 1.658 1.651 1.651 1.659 1.674 1.697 1.731 1.760 1.780 1.792 1.797 1.794 1.782 1.763 1.736 1.701 1.659 1.608 1.552 1.498 1.444 1.392 1.341 1.290 1.241 1.193 1.145 1.099 1.054 1.010 1.224 1.456 1.683 1.903 2.117 2.325 2.527 2.722 2.911 3.094 3.270 3.441 3.516 3.589
0.050 0.047 0.044 0.040 0.036 0.032 0.028 0.024 0.020 0.015 0.011 0.006 0.001 0.108 0.265 0.424 0.587 0.761 0.943 1.113 1.271 1.417 1.551 1.673 1.784 1.789 1.763 1.745 1.733 1.730 1.734 1.745 1.764 1.791 1.825 1.866 1.915 1.935 1.936 1.928 1.913 1.890 1.859 1.820 1.774 1.719 1.657 1.587 1.508 1.449 1.398 1.348 1.299 1.252 1.205 1.159 1.114 1.071 1.028 0.987 0.946 1.105 1.316 1.521 1.720 1.912 2.098 2.278 2.451 2.619 2.780 2.935 3.083 3.181 3.272
0.055 0.053 0.049 0.045 0.040 0.036 0.032 0.027 0.022 0.017 0.045 0.103 0.151 0.278 0.466 0.642 0.806 0.959 1.099 1.227 1.343 1.448 1.540 1.620 1.689 1.711 1.711 1.719 1.734 1.757 1.787 1.825 1.870 1.923 1.983 2.051 2.126 2.146 2.119 2.085 2.042 1.991 1.933 1.867 1.792 1.710 1.620 1.523 1.417 1.345 1.297 1.251 1.206 1.162 1.119 1.076 1.035 0.995 0.956 0.918 0.882 0.993 1.182 1.365 1.542 1.713 1.877 2.035 2.187 2.333 2.472 2.605 2.732 2.843 2.951
0.060 0.058 0.054 0.113 0.203 0.284 0.355 0.418 0.471 0.514 0.549 0.574 0.589 0.656 0.802 0.936 1.059 1.169 1.267 1.354 1.428 1.491 1.541 1.580 1.606 1.625 1.652 1.686 1.727 1.776 1.832 1.896 1.968 2.047 2.133 2.227 2.328 2.365 2.311 2.249 2.178 2.100 2.014 1.921 1.819 1.709 1.592 1.467 1.333 1.239 1.196 1.153 1.111 1.071 1.031 0.993 0.955 0.919 0.884 0.849 0.816 0.886 1.054 1.216 1.371 1.520 1.662 1.799 1.953 2.126 2.274 2.395 2.490 2.591 2.711
0.581 0.712 0.788 0.854 0.912 0.960 0.999 1.028 1.049 1.060 1.061 1.054 1.037 1.046 1.151 1.243 1.323 1.392 1.448 1.493 1.526 1.546 1.555 1.552 1.537 1.532 1.584 1.645 1.712 1.787 1.870 1.960 2.058 2.163 2.275 2.395 2.523 2.592 2.510 2.420 2.323 2.217 2.104 1.982 1.853 1.716 1.571 1.418 1.258 1.133 1.093 1.054 1.016 0.979 0.943 0.908 0.875 0.842 0.810 0.779 0.750 0.851 1.115 1.353 1.566 1.752 1.913 2.048 2.157 2.240 2.297 2.328 2.333 2.369 2.483
1.343 1.527 1.570 1.604 1.629 1.645 1.651 1.648 1.636 1.614 1.584 1.544 1.494 1.449 1.511 1.562 1.600 1.627 1.642 1.645 1.636 1.615 1.582 1.537 1.480 1.430 1.509 1.596 1.689 1.791 1.900 2.016 2.140 2.271 2.410 2.556 2.710 2.827 2.717 2.600 2.475 2.342 2.201 2.052 1.895 1.731 1.559 1.378 1.190 1.026 0.990 0.954 0.920 0.887 0.906 0.975 1.059 1.158 1.271 1.400 1.544 1.709 1.883 2.031 2.154 2.250 2.321 2.365 2.384 2.377 2.344 2.285 2.201 2.150 2.257
2.090 2.331 2.362 2.364 2.356 2.339 2.313 2.277 2.233 2.179 2.115 2.043 1.961 1.870 1.884 1.893 1.890 1.875 1.848 1.809 1.758 1.695 1.621 1.534 1.435 1.325 1.426 1.539 1.659 1.786 1.921 2.064 2.214 2.371 2.536 2.709 2.888 3.069 2.932 2.788 2.635 2.474 2.306 2.130 1.946 1.754 1.554 1.379 1.215 1.060 1.106 1.167 1.243 1.334 1.440 1.561 1.697 1.848 2.014 2.195 2.391 2.592 2.675 2.734 2.766 2.772 2.753 2.707 2.636 2.539 2.416 2.267 2.093 1.933 2.033
