DATA/SHG/ECMWF/20170628/EN-28/20170708.en-28.asc
ncols        190
nrows        64
xllcorner    -5100000.000000000000
yllcorner    4130000.000000000000
cellsize     10000.000000000000
NODATA_value  -99999.000
[rows 0 to 32 of 64, columns 74 to 147 of 190]
5.472 5.320 5.152 4.969 4.770 4.555 4.324 4.158 4.246 4.373 4.499 4.624 4.747 4.869 4.989 5.108 5.225 5.342 5.456 5.578 5.724 5.865 6.007 6.151 6.295 6.441 6.588 6.736 6.886 7.036 7.188 7.282 7.182 7.075 6.961 6.840 6.713 6.579 6.438 6.290 6.135 5.974 5.805 5.641 5.500 5.349 5.187 5.014 4.831 4.637 4.432 4.217 3.991 3.754 3.507 3.346 3.467 3.591 3.717 3.846 3.977 4.112 4.248 4.388 4.530 4.674 4.821 4.833 4.459 4.090 3.724 3.363 3.005 2.651
5.504 5.320 5.154 5.001 4.862 4.736 4.623 4.562 4.686 4.808 4.929 5.049 5.167 5.284 5.399 5.513 5.626 5.737 5.847 5.960 6.111 6.257 6.405 6.553 6.703 6.854 7.006 7.160 7.314 7.470 7.627 7.752 7.621 7.484 7.339 7.188 7.030 6.865 6.694 6.515 6.330 6.138 5.939 5.736 5.548 5.349 5.139 4.919 4.688 4.446 4.194 3.931 3.657 3.373 3.077 2.833 2.966 3.102 3.240 3.380 3.524 3.669 3.818 3.969 4.122 4.279 4.437 4.519 4.163 3.811 3.462 3.118 2.777 2.440
5.649 5.517 5.397 5.291 5.198 5.118 5.052 5.007 5.126 5.244 5.360 5.474 5.588 5.699 5.810 5.919 6.026 6.133 6.238 6.341 6.496 6.647 6.800 6.954 7.109 7.265 7.422 7.581 7.741 7.901 8.063 8.227 8.068 7.900 7.725 7.543 7.354 7.159 6.957 6.748 6.532 6.309 6.080 5.843 5.607 5.360 5.103 4.835 4.556 4.267 3.967 3.656 3.335 3.003 2.660 2.319 2.464 2.611 2.760 2.913 3.068 3.225 3.385 3.548 3.713 3.881 4.051 4.231 3.951 3.677 3.407 3.143 2.884 2.630
5.786 5.700 5.627 5.567 5.521 5.488 5.469 5.463 5.567 5.680 5.791 5.901 6.009 6.116 6.221 6.325 6.428 6.529 6.629 6.728 6.879 7.035 7.193 7.352 7.513 7.674 7.837 8.000 8.165 8.331 8.498 8.667 8.521 8.322 8.117 7.905 7.685 7.459 7.227 6.987 6.741 6.487 6.227 5.961 5.678 5.383 5.078 4.762 4.436 4.099 3.751 3.393 3.024 2.644 2.254 1.853 1.959 2.118 2.342 2.618 2.883 3.135 3.376 3.606 3.823 4.029 4.223 4.406 4.179 3.927 3.681 3.440 3.203 2.972
5.910 5.871 5.844 5.831 5.832 5.846 5.873 5.913 6.009 6.117 6.223 6.327 6.431 6.533 6.633 6.732 6.830 6.926 7.021 7.115 7.260 7.422 7.585 7.749 7.914 8.081 8.249 8.418 8.588 8.759 8.931 9.105 8.981 8.752 8.516 8.273 8.023 7.767 7.504 7.234 6.957 6.673 6.382 6.085 5.760 5.418 5.065 4.701 4.327 3.981 3.674 3.379 3.099 2.831 2.577 2.336 2.494 2.741 2.977 3.201 3.413 3.613 3.802 3.979 4.145 4.298 4.440 4.571 4.402 4.173 3.949 3.731 3.518 3.310
6.021 6.028 6.049 6.082 6.129 6.190 6.263 6.350 6.451 6.554 6.655 6.755 6.853 6.950 7.046 7.140 7.233 7.324 7.414 7.503 7.639 7.806 7.974 8.144 8.314 8.486 8.659 8.833 9.009 9.185 9.363 9.541 9.449 9.189 8.922 8.649 8.369 8.082 7.788 7.487 7.165 6.837 6.518 6.207 5.889 5.574 5.273 4.984 4.710 4.448 4.200 3.965 3.744 3.535 3.341 3.159 3.244 3.439 3.622 3.794 3.954 4.102 4.239 4.364 4.477 4.579 4.669 4.747 4.619 4.413 4.212 4.017 3.827 3.642
6.120 6.174 6.241 6.321 6.414 6.521 6.641 6.775 6.894 6.992 7.088 7.183 7.276 7.368 7.459 7.548 7.636 7.723 7.808 7.892 8.016 8.188 8.362 8.537 8.712 8.889 9.068 9.247 9.427 9.609 9.792 9.917 9.779 9.422 9.074 8.733 8.401 8.078 7.763 7.456 7.157 6.867 6.585 6.311 6.045 5.789 5.547 5.318 5.103 4.901 4.712 4.536 4.374 4.225 4.089 3.967 4.005 4.147 4.279 4.398 4.506 4.602 4.687 4.760 4.821 4.871 4.908 4.935 4.830 4.647 4.470 4.297 4.130 3.968
6.206 6.306 6.420 6.546 6.686 6.840 7.006 7.186 7.338 7.430 7.522 7.612 7.700 7.787 7.873 7.957 8.040 8.122 8.202 8.281 8.392 8.569 8.693 8.793 8.891 8.988 9.084 9.178 9.270 9.361 9.450 9.538 9.465 9.146 8.834 8.531 8.236 7.950 7.672 7.402 7.141 6.887 6.643 6.406 6.187 5.990 5.808 5.638 5.482 5.339 5.209 5.093 4.990 4.900 4.823 4.760 4.776 4.867 4.946 5.014 5.070 5.114 5.146 5.167 5.176 5.174 5.160 5.134 5.036 4.876 4.722 4.572 4.428 4.289
6.280 6.426 6.586 6.759 6.946 7.145 7.358 7.585 7.782 7.870 7.956 8.041 8.125 8.207 8.284 8.330 8.348 8.337 8.299 8.232 8.186 8.282 8.377 8.470 8.562 8.652 8.741 8.828 8.913 8.997 9.079 9.160 9.143 8.860 8.586 8.320 8.062 7.813 7.572 7.339 7.115 6.899 6.692 6.492 6.314 6.177 6.053 5.943 5.846 5.762 5.692 5.634 5.591 5.560 5.543 5.539 5.559 5.598 5.625 5.640 5.644 5.636 5.617 5.586 5.543 5.488 5.422 5.344 5.237 5.100 4.968 4.842 4.720 4.604
6.340 6.534 6.740 6.959 7.192 7.438 7.698 7.993 8.311 8.427 8.515 8.575 8.607 8.611 8.587 8.535 8.455 8.346 8.210 8.046 7.886 7.976 8.063 8.150 8.235 8.318 8.400 8.480 8.558 8.635 8.711 8.785 8.811 8.566 8.329 8.100 7.880 7.667 7.464 7.268 7.081 6.902 6.731 6.569 6.427 6.349 6.285 6.234 6.196 6.171 6.160 6.162 6.177 6.205 6.247 6.302 6.352 6.339 6.314 6.278 6.230 6.170 6.098 6.015 5.921 5.814 5.696 5.566 5.432 5.318 5.209 5.106 5.007 4.914
6.434 6.770 7.110 7.454 7.801 8.153 8.509 8.868 9.227 9.245 9.235 9.197 9.131 9.037 8.915 8.765 8.587 8.381 8.147 7.884 7.598 7.671 7.752 7.832 7.910 7.986 8.061 8.134 8.206 8.276 8.345 8.412 8.472 8.263 8.063 7.871 7.688 7.513 7.346 7.188 7.038 6.896 6.762 6.637 6.526 6.507 6.502 6.510 6.531 6.565 6.613 6.674 6.748 6.836 6.937 7.051 7.157 7.092 7.015 6.927 6.826 6.715 6.591 6.456 6.310 6.151 5.981 5.800 5.622 5.531 5.445 5.364 5.288 5.218
7.209 7.558 7.912 8.269 8.631 8.996 9.365 9.738 10.116 10.088 9.980 9.844 9.680 9.488 9.268 9.020 8.744 8.440 8.108 7.749 7.363 7.369 7.443 7.516 7.587 7.656 7.724 7.791 7.856 7.919 7.981 8.041 8.100 7.952 7.789 7.634 7.488 7.350 7.220 7.099 6.986 6.881 6.784 6.696 6.616 6.651 6.705 6.772 6.852 6.945 7.052 7.172 7.305 7.452 7.612 7.785 7.971 7.855 7.727 7.586 7.434 7.271 7.095 6.908 6.710 6.500 6.278 6.066 5.899 5.893 5.893 5.898 5.909 5.926
7.978 8.341 8.709 9.080 9.455 9.834 10.217 10.604 10.995 10.955 10.749 10.515 10.253 9.964 9.646 9.300 8.927 8.525 8.096 7.638 7.155 7.069 7.136 7.202 7.266 7.329 7.390 7.449 7.507 7.564 7.619 7.672 7.724 7.632 7.506 7.388 7.279 7.178 7.085 7.001 6.925 6.857 6.798 6.746 6.704 6.781 6.893 7.019 7.158 7.311 7.476 7.655 7.848 8.053 8.272 8.504 8.749 8.630 8.395 8.114 7.856 7.622 7.412 7.225 7.062 6.922 6.805 6.712 6.643 6.657 6.681 6.711 6.746 6.787
8.743 9.120 9.501 9.885 10.274 10.667 11.064 11.464 11.869 11.846 11.543 11.211 10.852 10.464 10.049 9.605 9.134 8.635 8.108 7.553 6.971 6.770 6.831 6.890 6.947 7.003 7.057 7.110 7.161 7.211 7.259 7.306 7.351 7.303 7.214 7.134 7.061 6.997 6.942 6.894 6.855 6.824 6.802 6.788 6.782 6.896 7.067 7.252 7.450 7.683 7.913 8.103 8.253 8.363 8.433 8.464 8.455 8.278 8.078 7.901 7.748 7.618 7.512 7.430 7.371 7.335 7.323 7.335 7.370 7.414 7.463 7.517 7.576 7.641
9.502 9.893 10.288 10.686 11.089 11.495 11.905 12.320 12.738 12.762 12.361 11.932 11.474 10.989 10.476 9.936 9.367 8.770 8.145 7.493 6.813 6.475 6.528 6.580 6.631 6.680 6.727 6.773 6.818 6.861 6.902 6.942 6.980 6.966 6.914 6.870 6.835 6.808 6.789 6.779 6.866 7.047 7.232 7.422 7.616 7.841 8.052 8.224 8.356 8.449 8.501 8.514 8.487 8.420 8.314 8.167 7.981 7.832 7.737 7.664 7.616 7.591 7.589 7.611 7.656 7.725 7.817 7.933 8.072 8.165 8.238 8.316 8.400 8.490
10.257 10.662 11.070 11.482 11.898 12.318 12.742 13.170 13.602 13.703 13.204 12.677 12.122 11.540 10.929 10.291 9.624 8.930 8.208 7.458 6.681 6.181 6.228 6.273 6.317 6.359 6.399 6.439 6.476 6.512 6.547 6.666 6.887 7.103 7.272 7.446 7.624 7.806 7.993 8.185 8.381 8.581 8.786 8.996 9.210 9.355 9.389 9.384 9.339 9.254 9.130 8.966 8.762 8.519 8.235 7.912 7.550 7.363 7.372 7.404 7.460 7.539 7.642 7.768 7.917 8.090 8.286 8.506 8.750 8.909 9.006 9.109 9.217 9.331
11.007 11.425 11.847 12.273 12.703 13.137 13.574 14.016 14.461 14.667 14.071 13.447 12.794 12.114 11.406 10.671 9.907 9.115 8.296 7.449 6.573 5.889 5.924 5.982 6.076 6.206 6.373 6.575 6.813 7.087 7.397 7.743 8.125 8.472 8.661 8.854 9.052 9.254 9.461 9.673 9.888 10.109 10.334 10.563 10.797 10.908 10.766 10.584 10.362 10.101 9.800 9.459 9.079 8.658 8.199 7.699 7.160 6.871 6.984 7.120 7.280 7.464 7.670 7.901 8.154 8.431 8.732 9.056 9.403 9.647 9.769 9.896 10.028 10.166
11.752 12.184 12.620 13.059 13.503 13.950 14.401 14.857 15.316 15.657 14.963 14.241 13.491 12.714 11.893 10.875 9.879 8.904 7.949 7.017 6.112 5.336 5.519 5.737 5.992 6.282 6.608 6.971 7.369 7.803 8.273 8.779 9.321 9.834 10.042 10.256 10.473 10.696 10.922 11.153 11.389 11.629 11.874 12.123 12.377 12.502 12.183 11.825 11.426 10.988 10.511 9.993 9.436 8.839 8.203 7.527 6.811 6.355 6.572 6.813 7.077 7.364 7.675 8.010 8.367 8.748 9.153 9.581 10.032 10.378 10.524 10.676 10.832 10.995
12.493 12.938 13.387 13.841 14.298 14.759 15.224 15.642 15.797 15.914 14.890 13.862 12.854 11.868 10.903 9.959 9.036 8.134 7.254 6.394 5.563 4.758 5.073 5.452 5.867 6.317 6.804 7.326 7.884 8.478 9.109 9.775 10.477 11.189 11.417 11.650 11.888 12.130 12.376 12.627 12.883 13.143 13.407 13.676 13.950 14.136 13.641 13.105 12.531 11.916 11.262 10.568 9.835 9.062 8.249 7.396 6.504 5.816 6.137 6.482 6.850 7.241 7.656 8.095 8.556 9.041 9.550 10.082 10.637 11.103 11.273 11.449 11.630 11.816
13.188 13.474 13.722 13.934 14.108 14.245 14.344 14.407 14.432 14.420 13.588 12.633 11.699 10.787 9.895 9.025 8.175 7.347 6.540 5.754 4.997 4.266 4.588 5.127 5.702 6.312 6.959 7.641 8.359 9.113 9.903 10.729 11.591 12.488 12.785 13.038 13.296 13.557 13.824 14.095 14.370 14.650 14.934 15.223 15.516 15.810 15.138 14.426 13.675 12.884 12.054 11.184 10.274 9.325 8.336 7.307 6.239 5.254 5.679 6.127 6.599 7.095 7.614 8.156 8.721 9.310 9.923 10.558 11.217 11.822 12.016 12.216 12.421 12.632
12.896 13.052 13.171 13.252 13.297 13.304 13.274 13.207 13.103 12.961 12.268 11.387 10.527 9.688 8.870 8.073 7.297 6.542 5.809 5.097 4.413 3.756 4.064 4.762 5.497 6.267 7.073 7.915 8.793 9.707 10.657 11.642 12.664 13.721 14.147 14.419 14.697 14.978 15.264 15.555 15.850 16.149 16.453 16.762 17.075 17.392 16.676 15.788 14.860 13.893 12.886 11.840 10.754 9.629 8.464 7.259 6.015 4.731 5.197 5.749 6.325 6.924 7.547 8.193 8.862 9.555 10.271 11.011 11.766 12.449 12.600 12.749 12.898 13.045
12.639 12.665 12.655 12.607 12.522 12.400 12.240 12.044 11.810 11.539 10.931 10.123 9.337 8.571 7.826 7.103 6.401 5.720 5.060 4.421 3.811 3.228 3.499 4.357 5.251 6.182 7.147 8.149 9.187 10.260 11.369 12.515 13.696 14.912 15.501 15.794 16.091 16.392 16.698 17.008 17.323 17.642 17.966 18.294 18.627 18.964 18.253 17.189 16.086 14.942 13.760 12.537 11.275 9.974 8.633 7.252 5.832 4.373 4.691 5.502 6.501 7.436 8.307 9.114 9.857 10.535 11.150 11.700 12.186 12.608 12.770 12.914 13.057 13.199
12.417 12.314 12.174 11.997 11.782 11.531 11.242 10.916 10.553 10.153 9.577 8.842 8.129 7.437 6.766 6.116 5.487 4.879 4.293 3.727 3.191 2.682 2.894 3.912 4.966 6.056 7.181 8.343 9.540 10.773 12.042 13.346 14.686 16.063 16.849 17.161 17.478 17.799 18.125 18.455 18.789 19.128 19.472 19.820 20.172 20.529 19.871 18.631 17.351 16.032 14.655 13.309 12.062 10.915 9.869 8.922 8.076 7.329 7.763 8.542 9.257 9.908 10.494 11.017 11.476 11.870 12.201 12.467 12.669 12.808 12.941 13.080 13.217 13.354
12.230 11.998 11.729 11.422 11.078 10.697 10.280 9.824 9.332 8.803 8.205 7.544 6.904 6.285 5.688 5.111 4.556 4.021 3.508 3.016 2.553 2.119 2.250 3.428 4.641 5.890 7.175 8.496 9.853 11.245 12.673 14.137 15.636 17.172 18.190 18.522 18.859 19.200 19.545 19.895 20.249 20.481 20.503 20.511 20.505 20.484 19.737 18.433 17.230 16.126 15.122 14.219 13.415 12.712 12.108 11.605 11.201 10.898 11.149 11.644 12.074 12.441 12.744 12.982 13.157 13.268 13.315 13.297 13.216 13.071 13.113 13.246 13.379 13.510
12.079 11.717 11.319 10.883 10.410 9.900 9.353 8.769 8.147 7.489 6.816 6.228 5.662 5.116 4.592 4.089 3.606 3.145 2.705 2.286 1.898 1.537 1.566 2.903 4.276 5.685 7.129 8.609 10.125 11.676 13.264 14.887 16.464 17.908 18.899 18.957 19.001 19.031 19.047 19.048 19.036 19.010 18.970 18.916 18.848 18.766 18.326 17.466 16.705 16.045 15.484 15.024 14.663 14.402 14.242 14.181 14.220 14.359 14.595 14.806 14.953 15.036 15.055 15.010 14.901 14.728 14.491 14.190 13.826 13.397 13.286 13.414 13.541 13.667
11.962 11.472 10.944 10.379 9.777 9.138 8.462 7.748 6.998 6.211 5.409 4.895 4.402 3.930 3.479 3.049 2.640 2.252 1.885 1.539 1.224 0.937 0.843 2.357 3.896 5.414 6.912 8.388 9.844 11.279 12.693 14.086 15.458 16.809 17.878 17.874 17.856 17.824 17.778 17.718 17.644 17.556 17.454 17.338 17.208 17.064 16.812 16.394 16.077 15.859 15.741 15.723 15.805 15.987 16.269 16.650 17.131 17.712 18.103 18.030 17.893 17.693 17.428 17.100 16.707 16.251 15.731 15.147 14.498 13.786 13.460 13.582 13.704 13.825
11.881 11.261 10.604 9.910 9.179 8.411 7.606 6.764 5.885 4.969 4.015 3.544 3.125 2.726 2.348 2.010 1.815 1.626 1.444 1.269 1.100 0.934 0.775 2.204 3.651 5.077 6.482 7.866 9.230 10.572 11.894 13.195 14.475 15.735 16.874 16.808 16.728 16.634 16.526 16.404 16.268 16.119 15.955 15.777 15.585 15.379 15.194 15.219 15.344 15.569 15.893 16.318 16.842 17.466 18.189 19.013 19.936 20.959 21.672 21.315 20.895 20.411 19.863 19.251 18.576 17.836 17.033 16.165 15.234 14.239 13.634 13.752 13.868 13.983
11.835 11.086 10.300 9.477 8.617 7.720 6.786 5.815 4.833 3.942 3.071 2.743 2.543 2.350 2.165 1.986 1.815 1.650 1.493 1.343 1.199 1.058 0.923 2.073 3.428 4.762 6.075 7.368 8.639 9.890 11.120 12.328 13.517 14.684 15.830 15.759 15.617 15.461 15.291 15.107 14.910 14.698 14.473 14.233 13.979 13.712 13.472 13.940 14.507 15.174 15.941 16.807 17.773 18.839 20.004 21.269 22.634 24.099 25.301 24.662 23.958 23.191 22.360 21.465 20.506 19.484 18.397 17.247 16.033 14.755 13.810 13.922 14.033 14.143
11.823 10.921 9.962 9.022 8.101 7.200 6.318 5.456 4.614 3.791 2.987 2.613 2.438 2.270 2.109 1.955 1.809 1.669 1.536 1.411 1.291 1.175 1.066 1.966 3.229 4.471 5.692 6.893 8.072 9.231 10.369 11.486 12.582 13.657 14.712 14.726 14.522 14.304 14.073 13.827 13.568 13.295 13.007 12.706 12.391 12.061 11.718 12.557 13.566 14.675 15.883 17.191 18.599 20.106 21.713 23.420 25.226 27.132 28.992 28.069 27.083 26.032 24.918 23.740 22.499 21.194 19.824 18.391 16.895 15.334 13.987 14.094 14.199 14.304
11.122 10.211 9.319 8.447 7.594 6.760 5.946 5.152 4.377 3.622 2.886 2.478 2.327 2.184 2.048 1.918 1.796 1.681 1.573 1.472 1.377 1.286 1.201 1.883 3.053 4.203 5.333 6.441 7.529 8.595 9.641 10.666 11.671 12.654 13.617 13.709 13.444 13.165 12.871 12.564 12.243 11.908 11.559 11.196 10.819 10.428 10.023 11.070 12.521 14.071 15.721 17.471 19.319 21.268 23.316 25.464 27.711 30.058 32.504 31.537 30.268 28.935 27.538 26.078 24.554 22.966 21.314 19.599 17.819 15.976 14.133 14.158 14.186 14.219
10.327 9.483 8.659 7.854 7.069 6.303 5.557 4.830 4.123 3.435 2.767 2.336 2.210 2.091 1.980 1.875 1.777 1.687 1.603 1.527 1.457 1.391 1.330 1.822 2.901 3.959 4.996 6.013 7.009 7.983 8.938 9.871 10.783 11.675 12.546 12.710 12.382 12.041 11.686 11.318 10.935 10.538 10.127 9.702 9.264 8.811 8.345 9.480 11.372 13.364 15.455 17.645 19.935 22.325 24.814 27.402 30.090 32.878 35.765 35.067 33.515 31.711 29.543 27.416 25.332 23.290 21.290 19.331 17.415 15.540 13.708 13.631 13.677 13.727
9.515 8.738 7.982 7.245 6.527 5.829 5.151 4.491 3.852 3.232 2.631 2.188 2.087 1.992 1.905 1.825 1.752 1.686 1.627 1.576 1.530 1.489 1.453 1.785 2.772 3.738 4.683 5.608 6.512 7.395 8.257 9.099 9.920 10.720 11.499 11.726 11.338 10.935 10.518 10.088 9.643 9.185 8.712 8.226 7.726 7.212 6.684 7.787 10.120 12.552 15.084 17.715 20.392 22.931 25.402 27.807 30.144 32.414 34.616 33.766 31.699 29.674 27.691 25.750 23.850 21.993 20.178 18.404 16.673 14.983 13.335 13.100 13.163 13.231
8.685 7.977 7.288 6.618 5.968 5.338 4.727 4.135 3.563 3.010 2.477 2.034 1.957 1.887 1.825 1.769 1.721 1.679 1.645 1.618 1.596 1.580 1.570 1.770 2.666 3.540 4.394 5.227 6.039 6.830 7.601 8.351 9.080 9.788 10.476 10.760 10.309 9.845 9.367 8.874 8.368 7.848 7.314 6.826 6.512 6.214 5.934 7.027 9.606 12.117 14.561 16.938 19.248 21.490 23.665 25.773 27.814 29.787 31.694 31.319 29.437 27.597 25.799 24.043 22.328 20.656 19.025 17.437 15.890 14.385 12.922 12.566 12.647 12.732
