DATA/SHG/ECMWF/20170628/EN-28/20170628.en-28.asc
ncols        190
nrows        64
xllcorner    -5100000.000000000000
yllcorner    4130000.000000000000
cellsize     10000.000000000000
NODATA_value  -99999.000
[rows 0 to 32 of 64, columns 74 to 147 of 190]
3.410 3.675 3.941 4.207 4.473 4.740 5.008 5.207 5.315 5.459 5.606 5.754 5.905 6.058 6.214 6.371 6.531 6.692 6.856 7.085 7.500 7.884 8.244 8.580 8.891 9.178 9.442 9.681 9.895 10.086 10.253 10.400 10.545 10.677 10.795 10.900 10.991 11.069 11.133 11.184 11.222 11.246 11.256 11.142 10.692 10.258 9.840 9.438 9.052 8.683 8.330 7.993 7.672 7.367 7.079 6.771 6.372 5.989 5.620 5.267 4.930 4.607 4.300 4.008 3.731 3.469 3.223 3.106 3.323 3.549 3.786 4.032 4.289 4.555
3.138 3.491 3.864 4.232 4.597 4.957 5.313 5.629 5.779 5.931 6.085 6.241 6.400 6.560 6.723 6.888 7.055 7.224 7.396 7.586 7.893 8.169 8.421 8.648 8.852 9.031 9.186 9.317 9.424 9.507 9.566 9.608 9.693 9.765 9.823 9.867 9.899 9.916 9.921 9.911 9.889 9.853 9.803 9.700 9.322 8.960 8.615 8.285 7.972 7.675 7.394 7.130 6.881 6.649 6.433 6.213 5.882 5.566 5.266 4.981 4.711 4.457 4.217 3.993 3.784 3.590 3.412 3.311 3.572 3.843 4.124 4.415 4.716 5.026
3.645 4.007 4.365 4.719 5.069 5.414 5.755 6.083 6.241 6.400 6.562 6.726 6.891 7.060 7.230 7.402 7.577 7.754 7.933 8.114 8.313 8.481 8.624 8.744 8.839 8.911 8.958 8.981 8.980 8.955 8.906 8.833 8.857 8.868 8.866 8.851 8.822 8.780 8.724 8.655 8.573 8.476 8.367 8.242 7.937 7.648 7.374 7.117 6.877 6.652 6.443 6.251 6.075 5.915 5.771 5.640 5.377 5.129 4.897 4.680 4.478 4.291 4.119 3.963 3.822 3.696 3.585 3.501 3.801 4.117 4.448 4.795 5.158 5.536
4.179 4.527 4.870 5.209 5.543 5.874 6.200 6.522 6.700 6.867 7.036 7.207 7.380 7.556 7.734 7.914 8.096 8.280 8.467 8.655 8.759 8.819 8.855 8.866 8.854 8.818 8.757 8.672 8.564 8.431 8.274 8.093 8.037 7.988 7.926 7.851 7.762 7.660 7.544 7.415 7.273 7.117 6.947 6.764 6.537 6.320 6.119 5.934 5.765 5.613 5.477 5.357 5.253 5.165 5.093 5.038 4.857 4.677 4.555 4.474 4.387 4.295 4.198 4.095 3.987 3.874 3.755 3.631 3.967 4.352 4.753 5.170 5.602 6.050
4.717 5.049 5.378 5.702 6.022 6.337 6.648 6.955 7.156 7.330 7.507 7.686 7.867 8.050 8.235 8.423 8.612 8.804 8.998 9.194 9.232 9.184 9.112 9.016 8.896 8.751 8.583 8.391 8.174 7.934 7.669 7.381 7.232 7.124 7.002 6.867 6.718 6.556 6.380 6.191 5.989 5.773 5.544 5.301 5.121 4.976 4.848 4.735 4.639 4.644 4.724 4.807 4.892 4.981 5.072 5.166 5.114 5.019 4.920 4.814 4.704 4.588 4.467 4.341 4.209 4.073 3.930 3.783 4.117 4.572 5.042 5.528 6.030 6.547
5.258 5.575 5.889 6.198 6.503 6.803 7.100 7.392 7.609 7.791 7.975 8.162 8.350 8.541 8.734 8.929 9.126 9.325 9.526 9.730 9.731 9.576 9.396 9.192 8.964 8.712 8.437 8.137 7.813 7.464 7.092 6.696 6.444 6.276 6.094 5.899 5.690 5.468 5.233 4.984 4.818 4.718 4.624 4.536 4.557 4.635 4.716 4.800 4.887 4.977 5.069 5.165 5.263 5.363 5.467 5.574 5.531 5.412 5.289 5.160 5.026 4.887 4.742 4.592 4.437 4.276 4.111 3.939 4.251 4.775 5.315 5.871 6.442 7.028
5.802 6.104 6.403 6.697 6.987 7.273 7.554 7.832 8.060 8.250 8.441 8.635 8.831 9.029 9.229 9.432 9.636 9.843 10.052 10.263 10.257 9.994 9.707 9.395 9.060 8.700 8.317 7.909 7.478 7.022 6.543 6.084 5.807 5.686 5.572 5.463 5.360 5.263 5.171 5.086 5.006 4.933 4.865 4.803 4.824 4.914 5.008 5.105 5.204 5.306 5.411 5.519 5.629 5.743 5.859 5.978 5.952 5.810 5.663 5.511 5.353 5.190 5.022 4.848 4.669 4.485 4.296 4.101 4.369 4.963 5.572 6.197 6.837 7.493
6.349 6.636 6.920 7.200 7.475 7.746 8.012 8.275 8.508 8.705 8.904 9.106 9.309 9.515 9.722 9.932 10.144 10.359 10.575 10.793 10.810 10.439 9.975 9.490 9.017 8.557 8.109 7.673 7.249 6.837 6.438 6.051 5.781 5.686 5.598 5.515 5.438 5.367 5.302 5.242 5.189 5.141 5.099 5.063 5.087 5.191 5.297 5.406 5.518 5.632 5.750 5.870 5.993 6.118 6.247 6.378 6.378 6.213 6.042 5.866 5.685 5.498 5.306 5.109 4.907 4.699 4.486 4.268 4.471 5.134 5.813 6.507 7.217 7.942
6.899 7.172 7.441 7.705 7.965 8.222 8.473 8.721 8.954 9.158 9.365 9.574 9.785 9.998 10.181 10.239 10.291 10.337 10.377 10.411 10.335 9.881 9.438 9.008 8.590 8.184 7.790 7.408 7.039 6.682 6.337 6.005 5.749 5.680 5.618 5.561 5.510 5.465 5.426 5.392 5.365 5.343 5.327 5.317 5.348 5.463 5.582 5.703 5.828 5.955 6.085 6.217 6.353 6.491 6.632 6.775 6.809 6.620 6.426 6.226 6.021 5.811 5.596 5.375 5.149 4.918 4.682 4.440 4.557 5.290 6.038 6.802 7.581 8.375
7.452 7.710 7.964 8.214 8.459 8.701 8.938 9.129 9.225 9.298 9.365 9.426 9.482 9.531 9.574 9.611 9.643 9.668 9.688 9.701 9.676 9.276 8.888 8.512 8.149 7.797 7.458 7.131 6.816 6.514 6.223 5.945 5.710 5.667 5.631 5.600 5.575 5.556 5.543 5.535 5.534 5.538 5.548 5.564 5.604 5.733 5.864 5.998 6.134 6.274 6.416 6.561 6.709 6.860 7.013 7.169 7.245 7.033 6.815 6.592 6.363 6.130 5.891 5.646 5.397 5.142 4.882 4.617 4.628 5.430 6.247 7.080 7.928 8.792
7.946 8.052 8.156 8.259 8.360 8.459 8.557 8.654 8.748 8.801 8.847 8.887 8.922 8.951 8.973 8.990 9.001 9.006 9.005 8.998 8.996 8.659 8.325 8.004 7.695 7.398 7.113 6.841 6.580 6.332 6.096 5.873 5.665 5.648 5.638 5.633 5.634 5.641 5.654 5.672 5.697 5.727 5.763 5.805 5.858 5.999 6.142 6.289 6.438 6.590 6.744 6.902 7.062 7.225 7.391 7.559 7.686 7.450 7.209 6.962 6.710 6.453 6.190 5.922 5.649 5.371 5.088 4.799 4.683 5.554 6.441 7.343 8.260 9.193
7.510 7.611 7.710 7.807 7.903 7.997 8.090 8.181 8.271 8.309 8.335 8.355 8.369 8.377 8.379 8.375 8.365 8.350 8.328 8.301 8.278 8.029 7.750 7.483 7.228 6.986 6.755 6.537 6.331 6.138 5.956 5.787 5.629 5.623 5.638 5.660 5.687 5.720 5.758 5.803 5.853 5.909 5.971 6.039 6.112 6.261 6.417 6.576 6.738 6.902 7.069 7.239 7.411 7.587 7.765 7.946 8.130 7.872 7.607 7.337 7.062 6.781 6.495 6.204 5.907 5.605 5.298 4.989 4.741 5.662 6.574 7.475 8.368 9.250
7.076 7.171 7.265 7.357 7.448 7.537 7.624 7.710 7.795 7.823 7.828 7.828 7.821 7.809 7.790 7.766 7.736 7.700 7.658 7.610 7.567 7.386 7.161 6.949 6.749 6.560 6.384 6.221 6.069 5.930 5.802 5.687 5.585 5.591 5.633 5.680 5.733 5.792 5.856 5.927 6.003 6.085 6.173 6.266 6.366 6.521 6.689 6.860 7.034 7.211 7.390 7.572 7.757 7.945 8.136 8.329 8.525 8.299 7.982 7.638 7.304 6.979 6.663 6.357 6.060 5.773 5.495 5.227 4.968 5.769 6.638 7.496 8.345 9.184
6.644 6.734 6.822 6.909 6.995 7.078 7.161 7.242 7.321 7.344 7.328 7.307 7.280 7.247 7.208 7.163 7.113 7.056 6.993 6.925 6.861 6.730 6.560 6.402 6.256 6.122 6.001 5.891 5.794 5.709 5.636 5.575 5.526 5.553 5.621 5.694 5.773 5.857 5.948 6.044 6.146 6.254 6.368 6.487 6.613 6.777 6.957 7.141 7.327 7.499 7.649 7.789 7.922 8.046 8.161 8.269 8.368 8.145 7.833 7.531 7.239 6.956 6.682 6.418 6.163 5.918 5.682 5.456 5.239 5.886 6.711 7.526 8.332 9.127
6.214 6.299 6.382 6.464 6.544 6.622 6.699 6.775 6.849 6.870 6.834 6.793 6.745 6.692 6.632 6.567 6.496 6.418 6.335 6.246 6.162 6.062 5.946 5.842 5.750 5.671 5.604 5.548 5.505 5.474 5.456 5.449 5.455 5.509 5.602 5.701 5.806 5.916 6.033 6.155 6.280 6.406 6.538 6.674 6.816 6.965 7.111 7.248 7.376 7.497 7.609 7.712 7.808 7.895 7.973 8.044 8.106 7.945 7.675 7.415 7.164 6.923 6.692 6.469 6.257 6.053 5.859 5.675 5.500 6.012 6.794 7.566 8.328 9.080
5.786 5.865 5.943 6.020 6.095 6.168 6.240 6.310 6.379 6.403 6.347 6.284 6.216 6.142 6.062 5.976 5.885 5.787 5.684 5.574 5.469 5.381 5.319 5.270 5.232 5.207 5.194 5.193 5.204 5.227 5.263 5.313 5.369 5.448 5.562 5.681 5.804 5.933 6.067 6.206 6.350 6.499 6.653 6.813 6.977 7.119 7.228 7.328 7.419 7.503 7.578 7.644 7.702 7.752 7.794 7.827 7.852 7.735 7.507 7.289 7.081 6.881 6.692 6.511 6.340 6.179 6.027 5.884 5.751 6.148 6.886 7.615 8.334 9.043
5.360 5.434 5.507 5.578 5.648 5.716 5.783 5.848 5.911 5.942 5.865 5.782 5.693 5.599 5.499 5.392 5.280 5.162 5.038 4.908 4.783 4.687 4.710 4.761 4.813 4.866 4.920 4.976 5.033 5.091 5.150 5.211 5.272 5.355 5.492 5.633 5.779 5.931 6.087 6.249 6.415 6.587 6.763 6.945 7.132 7.282 7.353 7.416 7.471 7.517 7.555 7.585 7.606 7.619 7.624 7.620 7.608 7.516 7.330 7.154 6.987 6.830 6.682 6.544 6.415 6.295 6.185 6.084 5.993 6.293 6.988 7.673 8.349 9.015
4.936 5.005 5.072 5.138 5.203 5.266 5.327 5.387 5.445 5.486 5.389 5.286 5.177 5.062 4.948 4.916 4.873 4.818 4.751 4.672 4.584 4.503 4.558 4.614 4.671 4.730 4.790 4.851 4.913 4.976 5.041 5.107 5.174 5.257 5.416 5.580 5.749 5.923 6.102 6.286 6.475 6.669 6.868 7.072 7.281 7.453 7.488 7.514 7.531 7.540 7.541 7.534 7.518 7.495 7.462 7.422 7.373 7.288 7.144 7.010 6.885 6.769 6.663 6.566 6.479 6.401 6.333 6.274 6.224 6.447 7.099 7.741 8.374 8.997
4.514 4.577 4.640 4.701 4.760 4.818 4.874 4.948 5.113 5.277 5.267 5.241 5.203 5.154 5.093 5.021 4.937 4.841 4.734 4.615 4.486 4.348 4.404 4.466 4.528 4.592 4.658 4.724 4.792 4.861 4.931 5.002 5.075 5.154 5.335 5.521 5.713 5.909 6.110 6.317 6.529 6.745 6.967 7.193 7.425 7.633 7.630 7.619 7.600 7.572 7.537 7.492 7.440 7.379 7.310 7.232 7.146 7.050 6.948 6.856 6.773 6.699 6.634 6.580 6.534 6.498 6.471 6.454 6.446 6.610 7.219 7.819 8.408 8.988
4.123 4.289 4.454 4.619 4.785 4.949 5.114 5.278 5.443 5.607 5.584 5.518 5.440 5.350 5.249 5.136 5.012 4.876 4.728 4.569 4.399 4.220 4.249 4.316 4.384 4.454 4.525 4.596 4.670 4.744 4.820 4.896 4.974 5.054 5.248 5.457 5.671 5.890 6.114 6.343 6.577 6.816 7.060 7.309 7.563 7.822 7.782 7.734 7.678 7.613 7.540 7.459 7.370 7.272 7.166 7.051 6.929 6.803 6.743 6.692 6.651 6.619 6.596 6.583 6.579 6.585 6.600 6.625 6.659 6.783 7.349 7.905 8.452 8.988
4.459 4.624 4.789 4.953 5.117 5.282 5.445 5.609 5.772 5.936 5.912 5.805 5.686 5.556 5.415 5.261 5.097 4.920 4.732 4.533 4.322 4.103 4.093 4.165 4.239 4.314 4.390 4.468 4.546 4.626 4.707 4.789 4.873 4.957 5.156 5.388 5.624 5.865 6.112 6.363 6.620 6.881 7.148 7.419 7.696 7.978 7.942 7.857 7.764 7.663 7.553 7.435 7.308 7.174 7.031 6.880 6.720 6.552 6.529 6.520 6.520 6.530 6.549 6.577 6.615 6.663 6.720 6.786 6.875 6.985 7.546 8.118 8.700 9.292
4.795 4.959 5.123 5.287 5.450 5.613 5.777 5.939 6.102 6.264 6.250 6.102 5.943 5.773 5.591 5.397 5.192 4.975 4.747 4.507 4.256 3.996 3.936 4.014 4.093 4.173 4.255 4.337 4.421 4.507 4.593 4.681 4.770 4.860 5.059 5.313 5.572 5.835 6.104 6.378 6.657 6.941 7.230 7.524 7.823 8.127 8.111 7.989 7.859 7.721 7.574 7.419 7.256 7.084 6.905 6.717 6.520 6.316 6.305 6.422 6.645 6.839 7.004 7.139 7.245 7.321 7.367 7.384 7.372 7.330 7.894 8.513 9.142 9.781
5.130 5.294 5.457 5.620 5.783 5.945 6.107 6.269 6.431 6.593 6.598 6.410 6.211 6.000 5.777 5.543 5.298 5.041 4.772 4.492 4.200 3.899 3.777 3.861 3.945 4.031 4.118 4.206 4.296 4.386 4.478 4.571 4.665 4.761 4.956 5.232 5.514 5.800 6.091 6.387 6.689 6.995 7.307 7.623 7.944 8.271 8.288 8.129 7.963 7.787 7.631 7.541 7.492 7.483 7.514 7.585 7.696 7.847 8.002 8.124 8.217 8.280 8.314 8.318 8.293 8.239 8.155 8.041 7.898 7.726 8.232 8.897 9.573 10.259
5.466 5.628 5.791 5.953 6.115 6.276 6.438 6.599 6.760 6.921 6.956 6.728 6.488 6.237 5.974 5.700 5.414 5.117 4.808 4.487 4.155 3.813 3.618 3.706 3.796 3.888 3.980 4.074 4.169 4.265 4.362 4.460 4.560 4.661 4.848 5.147 5.450 5.759 6.073 6.391 6.715 7.041 7.357 7.661 7.953 8.234 8.307 8.235 8.203 8.211 8.259 8.347 8.476 8.644 8.853 9.101 9.390 9.719 9.863 9.854 9.816 9.749 9.652 9.526 9.370 9.185 8.970 8.726 8.453 8.150 8.558 9.270 9.993 10.726
5.801 5.962 6.124 6.285 6.447 6.607 6.768 6.929 7.089 7.249 7.324 7.056 6.776 6.484 6.181 5.867 5.540 5.203 4.854 4.493 4.120 3.738 3.457 3.551 3.646 3.743 3.841 3.940 4.040 4.142 4.244 4.348 4.475 4.637 4.860 5.205 5.539 5.862 6.172 6.471 6.758 7.034 7.298 7.551 7.791 8.020 8.181 8.287 8.433 8.619 8.844 9.110 9.416 9.762 10.148 10.574 11.041 11.547 11.752 11.612 11.444 11.246 11.018 10.762 10.475 10.160 9.815 9.440 9.036 8.603 8.873 9.632 10.401 11.181
6.135 6.296 6.457 6.618 6.778 6.938 7.098 7.258 7.417 7.577 7.702 7.394 7.074 6.742 6.399 6.044 5.677 5.299 4.910 4.509 4.096 3.673 3.295 3.421 3.588 3.754 3.919 4.082 4.245 4.406 4.567 4.726 4.884 5.041 5.226 5.520 5.802 6.073 6.332 6.579 6.815 7.039 7.252 7.453 7.642 7.820 8.014 8.297 8.620 8.984 9.387 9.831 10.314 10.837 11.401 12.004 12.648 13.331 13.668 13.398 13.099 12.771 12.413 12.026 11.609 11.163 10.688 10.183 9.649 9.085 9.177 9.983 10.799 11.626
6.470 6.630 6.790 6.950 7.109 7.269 7.428 7.587 7.745 7.904 8.062 7.742 7.382 7.010 6.626 6.225 5.795 5.391 5.013 4.662 4.331 4.016 3.722 3.875 4.037 4.198 4.358 4.516 4.674 4.831 4.986 5.140 5.294 5.446 5.604 5.847 6.077 6.296 6.504 6.700 6.884 7.057 7.218 7.367 7.505 7.631 7.804 8.265 8.766 9.306 9.887 10.508 11.169 11.869 12.610 13.391 14.211 15.072 15.612 15.212 14.782 14.323 13.835 13.318 12.771 12.194 11.589 10.954 10.289 9.596 9.471 10.323 11.186 12.059
6.804 6.963 7.123 7.282 7.440 7.599 7.757 7.915 8.046 8.069 8.085 7.708 7.264 6.846 6.454 6.089 5.750 5.436 5.149 4.888 4.648 4.425 4.223 4.329 4.486 4.642 4.797 4.951 5.104 5.255 5.406 5.555 5.704 5.851 5.997 6.185 6.365 6.532 6.688 6.833 6.966 7.087 7.197 7.295 7.381 7.456 7.552 8.190 8.868 9.586 10.344 11.142 11.980 12.858 13.776 14.734 15.732 16.769 17.584 17.053 16.493 15.904 15.286 14.638 13.961 13.254 12.518 11.753 10.959 10.135 9.753 10.652 11.561 12.481
7.138 7.266 7.316 7.358 7.393 7.420 7.440 7.453 7.458 7.456 7.446 7.185 6.832 6.505 6.204 5.929 5.681 5.458 5.262 5.091 4.942 4.811 4.700 4.784 4.937 5.088 5.238 5.387 5.534 5.681 5.827 5.971 6.114 6.257 6.398 6.536 6.664 6.780 6.885 6.978 7.060 7.129 7.188 7.234 7.269 7.293 7.304 8.074 8.929 9.824 10.759 11.734 12.749 13.804 14.899 16.034 17.209 18.423 19.583 18.922 18.232 17.513 16.764 15.986 15.179 14.342 13.477 12.581 11.657 10.703 10.024 10.970 11.926 12.893
6.834 6.866 6.890 6.907 6.916 6.918 6.912 6.899 6.878 6.850 6.815 6.640 6.378 6.141 5.931 5.747 5.588 5.456 5.350 5.270 5.212 5.172 5.153 5.240 5.387 5.534 5.679 5.823 5.965 6.107 6.248 6.387 6.526 6.663 6.799 6.900 6.976 7.041 7.094 7.136 7.166 7.184 7.191 7.186 7.170 7.142 7.102 7.915 8.947 10.019 11.131 12.283 13.475 14.707 15.979 17.291 18.642 20.034 21.465 20.819 19.999 19.150 18.271 17.363 16.426 15.459 14.463 13.438 12.383 11.300 10.300 11.316 12.317 13.304
6.468 6.474 6.472 6.463 6.446 6.422 6.391 6.352 6.306 6.252 6.191 6.072 5.900 5.754 5.634 5.540 5.473 5.431 5.415 5.426 5.459 5.510 5.583 5.697 5.839 5.980 6.120 6.259 6.397 6.534 6.670 6.804 6.938 7.070 7.201 7.275 7.300 7.313 7.315 7.305 7.284 7.251 7.207 7.151 7.083 7.004 6.913 7.713 8.923 10.172 11.461 12.790 14.158 15.567 17.016 18.504 20.032 21.601 23.209 22.744 21.793 20.706 19.430 18.204 17.029 15.904 14.830 13.807 12.834 11.911 11.039 11.876 12.814 13.738
6.109 6.089 6.061 6.027 5.984 5.935 5.877 5.813 5.741 5.662 5.575 5.480 5.399 5.343 5.314 5.311 5.333 5.382 5.457 5.558 5.682 5.825 5.988 6.154 6.291 6.427 6.563 6.697 6.830 6.961 7.092 7.222 7.350 7.478 7.604 7.662 7.636 7.598 7.549 7.488 7.415 7.331 7.235 7.127 7.009 6.878 6.736 7.470 8.856 10.282 11.748 13.254 14.748 16.108 17.425 18.698 19.928 21.115 22.259 21.741 20.587 19.484 18.431 17.428 16.476 15.575 14.724 13.923 13.173 12.474 11.825 12.449 13.325 14.186
5.757 5.711 5.658 5.598 5.530 5.454 5.372 5.281 5.184 5.079 4.966 4.866 4.875 4.910 4.971 5.058 5.171 5.310 5.475 5.666 5.881 6.115 6.370 6.611 6.744 6.875 7.005 7.135 7.263 7.390 7.515 7.640 7.764 7.886 8.008 8.062 7.984 7.895 7.794 7.682 7.558 7.422 7.275 7.138 7.041 6.921 6.779 7.360 8.746 10.088 11.387 12.642 13.855 15.024 16.150 17.233 18.272 19.269 20.222 20.024 19.093 18.212 17.382 16.603 15.874 15.195 14.567 13.990 13.462 12.986 12.560 13.036 13.849 14.648
