DATA/SHG/ECMWF/20170628/EN-28/20170703.en-28.asc
ncols        190
nrows        64
xllcorner    -5100000.000000000000
yllcorner    4130000.000000000000
cellsize     10000.000000000000
NODATA_value  -99999.000
[rows 32 to 63 of 64, columns 0 to 71 of 190]
25.221 26.776 25.990 24.933 23.834 22.692 21.509 20.284 19.017 17.707 16.356 14.963 13.528 12.051 11.747 11.435 11.047 10.582 10.040 9.421 8.726 7.954 7.105 6.179 5.177 4.098 3.863 3.660 3.477 3.312 3.166 3.038 2.929 2.840 2.768 2.716 2.682 2.672 2.921 3.185 3.463 3.755 4.061 4.382 4.717 5.067 5.431 6.063 6.636 7.002 7.239 7.435 7.590 7.705 7.779 7.813 7.805 7.757 7.669 7.540 7.370 7.151 6.828 6.506 6.187 5.869 5.553 5.239 4.926 4.615 4.306 3.999
28.934 30.658 30.199 28.994 27.747 26.458 25.126 23.753 22.338 20.881 19.383 17.842 16.259 14.634 13.891 13.311 12.654 11.921 11.110 10.223 9.260 8.219 7.102 5.909 4.638 3.291 2.935 2.798 2.680 2.581 2.500 2.438 2.395 2.371 2.365 2.378 2.410 2.460 2.731 3.045 4.298 5.594 6.684 7.568 8.247 8.719 8.986 9.048 8.903 8.553 8.600 8.654 8.668 8.641 8.574 8.466 8.317 8.127 7.897 7.627 7.316 6.964 6.644 6.329 6.016 5.704 5.394 5.086 4.779 4.475 4.172 3.871
32.589 34.481 34.449 33.096 31.701 30.264 28.785 27.264 25.702 24.097 22.451 20.762 19.032 17.260 16.115 15.267 14.341 13.340 12.261 11.106 9.874 8.566 7.181 5.719 4.181 2.566 1.990 1.918 1.866 1.832 1.817 1.820 1.842 3.066 4.492 6.023 7.658 9.397 10.734 11.723 12.507 13.085 13.457 13.624 13.585 13.340 12.890 12.234 11.373 10.306 10.000 9.913 9.785 9.616 9.407 9.158 8.868 8.537 8.165 7.753 7.301 6.807 6.460 6.150 5.843 5.538 5.234 4.932 4.631 4.333 4.036 3.741
36.185 38.245 38.740 37.239 35.696 34.112 32.485 30.817 29.107 27.355 25.561 23.725 21.847 19.927 18.419 17.302 16.108 14.838 13.492 12.069 10.569 8.993 7.340 5.611 3.805 1.961 2.046 3.106 4.270 5.538 6.910 8.386 9.966 11.651 13.439 15.331 17.328 19.428 20.576 20.847 20.913 20.774 20.429 19.878 19.122 18.161 16.994 15.622 14.044 12.261 11.438 11.210 10.940 10.630 10.280 9.889 9.457 8.985 8.472 7.919 7.325 6.691 6.274 5.970 5.669 5.370 5.072 4.776 4.482 4.189 3.899 3.610
39.722 41.951 43.071 41.423 39.732 38.000 36.227 34.411 32.553 30.654 28.712 26.729 24.704 22.637 20.801 19.416 17.955 16.417 14.875 13.692 12.572 11.513 10.517 9.584 8.713 7.904 7.980 9.402 10.928 12.558 14.292 16.129 18.071 20.117 22.267 24.520 26.878 29.340 30.614 30.168 29.517 28.661 27.599 26.332 24.860 23.182 21.299 19.211 16.917 14.418 12.915 12.545 12.134 11.683 11.191 10.659 10.086 9.473 8.819 8.124 7.389 6.614 6.086 5.789 5.494 5.201 4.909 4.619 4.331 4.045 3.760 3.477
43.201 45.598 47.443 45.647 43.810 41.930 40.009 38.046 36.041 33.994 31.906 29.808 27.751 25.665 23.721 22.505 21.352 20.260 19.231 18.265 17.361 16.519 15.739 15.021 14.366 13.773 13.797 15.581 17.469 19.460 21.555 23.755 26.058 28.465 30.976 33.590 36.309 39.132 40.848 39.686 38.318 36.745 34.967 32.984 30.796 28.403 25.804 23.001 19.992 16.778 14.430 13.919 13.367 12.774 12.141 11.468 10.754 9.999 9.204 8.369 7.493 6.576 5.897 5.606 5.317 5.030 4.744 4.461 4.179 3.898 3.620 3.343
46.622 49.187 51.800 49.913 47.955 46.000 44.016 42.002 39.959 37.887 35.785 33.654 31.494 29.305 27.141 26.141 25.204 24.329 23.516 22.766 22.078 21.452 20.888 20.387 19.947 19.570 19.499 21.644 23.893 26.245 28.702 31.262 33.926 36.694 39.566 42.542 45.621 48.805 51.278 49.400 47.316 45.028 42.534 39.835 36.932 33.823 30.510 26.991 23.267 19.339 15.984 15.331 14.638 13.904 13.130 12.316 11.460 10.565 9.629 8.652 7.635 6.578 5.707 5.422 5.139 4.858 4.579 4.301 4.025 3.751 3.645 3.685
49.833 52.718 55.738 54.583 52.553 50.495 48.407 46.290 44.143 41.968 39.763 37.529 35.265 32.973 30.651 29.707 28.985 28.327 27.730 27.196 26.723 26.313 25.965 25.680 25.456 25.295 25.196 27.590 30.200 32.913 35.731 38.652 41.677 44.806 48.038 51.375 54.815 58.358 61.904 59.310 56.511 53.507 50.299 46.885 43.267 39.443 35.415 31.182 26.744 22.101 17.576 16.782 15.948 15.073 14.158 13.202 12.206 11.170 10.093 8.975 7.817 6.619 5.515 5.334 5.233 5.172 5.150 5.169 5.227 5.325 5.463 5.641
52.763 56.115 59.600 59.311 57.178 55.016 52.825 50.604 48.354 46.075 43.767 41.430 39.063 36.667 34.242 33.201 32.696 32.253 31.872 31.554 31.297 31.103 30.971 30.901 30.893 30.947 31.063 33.419 36.390 39.465 42.643 45.925 49.310 52.800 56.393 60.089 63.889 67.793 71.801 69.417 65.903 62.185 58.261 54.133 49.800 45.263 40.520 35.573 30.421 25.065 19.503 18.271 17.296 16.280 15.224 14.128 12.907 11.686 10.503 9.358 8.250 7.180 6.149 6.147 6.184 6.260 6.377 6.533 6.729 6.965 7.241 7.556
55.540 59.359 63.310 64.066 61.829 59.564 57.269 54.945 52.592 50.210 47.799 45.358 42.888 40.389 37.861 36.625 36.336 36.108 35.943 35.840 35.800 35.821 35.904 36.050 36.257 36.527 36.859 39.133 42.464 45.899 49.438 53.080 56.826 60.676 64.629 68.686 72.846 77.110 81.477 79.720 75.492 71.059 66.421 61.579 56.532 51.281 45.825 40.164 34.299 27.747 21.253 18.913 17.635 16.394 15.191 14.026 12.898 11.807 10.755 9.740 8.762 7.822 6.920 6.921 7.095 7.310 7.564 7.858 8.192 8.565 8.978 9.431
58.167 62.451 66.868 68.847 66.507 64.139 61.741 59.314 56.858 54.372 51.858 49.314 46.741 44.139 41.508 39.978 39.904 39.893 39.943 40.056 40.231 40.467 40.766 41.127 41.550 42.035 42.582 44.730 48.422 52.217 56.116 60.119 64.225 68.434 72.747 77.164 81.684 86.308 91.035 90.219 85.277 80.130 72.961 65.821 58.864 52.090 45.498 39.089 32.862 26.818 20.957 18.216 17.068 15.958 14.885 13.850 12.852 11.892 10.970 10.085 9.237 8.427 7.655 7.655 7.968 8.320 8.712 9.143 9.615 10.126 10.676 11.267
60.642 65.391 70.274 73.655 71.212 68.740 66.239 63.709 61.150 58.561 55.943 53.297 50.621 47.916 45.181 43.261 43.403 43.606 43.872 44.200 44.590 45.042 45.557 46.133 46.771 47.471 48.233 50.211 54.263 58.419 62.678 67.040 71.506 76.075 80.701 83.331 85.779 88.047 90.134 88.037 80.983 74.111 67.422 60.916 54.592 48.451 42.492 36.716 31.122 25.711 20.482 17.484 16.466 15.486 14.543 13.638 12.770 11.940 11.148 10.393 9.676 8.996 8.354 8.351 8.801 9.290 9.820 10.389 10.998 11.646 12.334 13.062
62.965 68.180 73.527 78.489 75.943 73.368 70.764 68.131 65.469 62.777 60.056 57.307 54.528 51.720 48.882 46.473 46.830 47.249 47.731 48.274 48.879 49.546 50.275 51.067 51.920 52.835 53.812 55.456 58.724 61.811 64.718 67.443 69.988 72.353 74.537 76.540 78.362 80.003 81.464 80.422 74.002 67.763 61.708 55.834 50.143 44.635 39.309 34.165 29.203 24.425 19.828 16.715 15.827 14.977 14.165 13.390 12.652 11.952 11.290 10.665 10.077 9.527 9.015 9.007 9.594 10.222 10.889 11.595 12.341 13.127 13.953 14.818
65.137 70.817 76.629 82.575 80.701 78.023 75.316 72.580 69.815 67.020 64.197 61.344 58.462 55.551 52.611 49.642 50.187 50.822 51.518 52.276 53.009 53.404 53.698 53.890 53.981 53.971 53.860 53.870 56.511 58.971 61.251 63.350 65.269 67.007 68.565 69.941 71.138 72.154 72.989 72.634 66.846 61.241 55.818 50.577 45.518 40.642 35.948 31.436 27.107 22.960 18.995 15.910 15.153 14.433 13.750 13.105 12.497 11.927 11.395 10.900 10.442 10.022 9.639 9.624 10.349 11.114 11.918 12.762 13.645 14.568 15.531 16.534
67.159 73.303 79.580 85.990 85.486 82.705 79.895 77.056 74.187 71.290 68.364 65.408 62.424 59.323 56.195 53.295 53.313 53.761 54.107 54.352 54.497 54.539 54.481 54.321 54.061 53.699 53.235 52.671 54.488 56.322 57.975 59.448 60.741 61.853 62.785 63.536 64.107 64.497 64.707 64.671 59.516 54.543 49.752 45.144 40.717 36.473 32.411 28.531 24.833 21.317 17.984 15.070 14.442 13.852 13.299 12.784 12.306 11.866 11.463 11.098 10.770 10.480 10.227 10.202 11.064 11.966 12.908 13.889 14.910 15.970 17.070 18.210
69.030 75.638 82.379 89.253 90.297 87.413 83.972 80.039 76.335 72.859 69.611 66.591 63.800 61.236 58.901 56.794 56.315 56.410 56.405 56.298 56.090 55.780 55.370 54.859 54.246 53.532 52.717 51.801 52.654 53.862 54.890 55.737 56.404 56.891 57.197 57.324 57.269 57.035 56.620 56.024 52.012 47.671 43.512 39.535 35.740 32.127 28.696 25.448 22.381 19.496 16.794 14.273 13.695 13.235 12.812 12.427 12.079 11.768 11.495 11.260 11.062 10.901 10.778 10.741 11.741 12.780 13.859 14.977 16.135 17.332 18.569 19.846
69.111 74.802 80.363 85.797 87.049 83.454 80.087 76.948 74.037 71.354 68.899 66.672 64.673 62.902 61.360 60.045 59.421 59.164 58.807 58.348 57.788 57.127 56.365 55.501 54.537 53.472 52.305 51.038 51.010 51.593 51.995 52.217 52.259 52.121 51.802 51.303 50.624 49.765 48.725 47.506 44.333 40.624 37.096 33.751 30.587 27.605 24.805 22.187 19.751 17.497 15.425 13.535 12.913 12.582 12.289 12.033 11.815 11.634 11.491 11.385 11.317 11.286 11.292 11.336 12.378 13.539 14.549 15.538 16.505 17.450 18.373 19.274
63.415 68.661 73.777 78.765 81.335 78.533 75.959 73.613 71.495 69.605 67.942 66.508 65.301 64.322 63.571 63.048 62.631 62.023 61.313 60.502 59.591 58.578 57.465 56.250 54.934 53.518 52.000 50.381 49.555 49.513 49.290 48.887 48.304 47.541 46.598 45.475 44.171 42.688 41.024 39.181 36.481 33.402 30.506 27.791 25.258 22.907 20.738 18.750 16.945 15.321 13.879 12.619 12.094 11.893 11.730 11.604 11.515 11.464 11.451 11.455 11.450 11.437 11.415 11.384 12.132 13.089 14.025 14.938 15.830 16.700 17.549 18.375
57.867 62.667 67.339 71.882 75.380 73.371 71.590 70.036 68.710 67.612 66.741 66.098 65.683 65.496 65.537 65.805 65.945 64.985 63.924 62.762 61.499 60.135 58.670 57.104 55.437 53.670 51.801 49.831 48.290 47.622 46.775 45.748 44.540 43.153 41.586 39.838 37.911 35.804 33.516 31.049 28.454 26.007 23.741 21.656 19.754 18.033 16.494 15.136 13.961 12.967 12.154 11.570 11.418 11.443 11.460 11.468 11.468 11.459 11.442 11.416 11.382 11.339 11.288 11.228 11.778 12.660 13.521 14.360 15.177 15.972 16.746 17.498
52.465 56.821 61.048 65.146 69.117 67.967 66.978 66.216 65.682 65.375 65.296 65.444 65.821 66.424 67.256 68.315 69.363 68.052 66.639 65.126 63.512 61.797 59.981 58.064 56.046 53.928 51.708 49.388 47.213 45.921 44.449 42.798 40.967 38.955 36.764 34.393 31.843 29.112 26.201 23.111 20.254 18.436 16.801 15.346 14.389 14.267 14.071 13.800 13.454 13.034 12.540 11.971 11.593 11.589 11.576 11.555 11.525 11.487 11.440 11.385 11.321 11.249 11.169 11.080 11.445 12.252 13.038 13.802 14.545 15.265 15.964 16.642
47.211 51.122 54.905 58.559 62.085 62.322 62.124 62.153 62.410 62.895 63.607 64.546 65.713 67.107 68.728 70.578 72.654 71.222 69.459 67.594 65.629 63.563 61.397 59.129 56.761 54.291 51.721 49.050 46.324 44.409 42.313 40.038 37.583 34.949 32.134 29.140 25.966 23.037 20.937 18.988 17.449 17.366 17.209 16.978 16.672 16.292 15.837 15.307 14.704 14.025 13.272 12.445 11.776 11.742 11.700 11.650 11.591 11.523 11.447 11.363 11.270 11.168 11.058 10.940 11.133 11.866 12.577 13.266 13.934 14.580 15.204 15.807
42.103 45.570 48.909 52.119 55.201 56.435 57.028 57.849 58.896 60.171 61.673 63.403 65.360 67.544 69.956 72.594 75.460 74.497 72.382 70.167 67.851 65.435 62.917 60.299 57.580 54.761 51.840 48.819 45.697 43.085 40.378 37.741 35.256 32.923 30.741 28.710 26.831 25.104 23.528 22.103 20.838 20.497 20.081 19.591 19.027 18.388 17.675 16.888 16.026 15.089 14.078 12.993 11.967 11.904 11.833 11.753 11.665 11.568 11.462 11.349 11.226 11.095 10.956 10.808 10.842 11.500 12.136 12.751 13.344 13.915 14.465 14.993
37.142 40.165 43.060 45.826 48.465 50.308 51.691 53.302 55.140 57.205 59.497 62.016 64.763 67.736 70.937 74.365 78.020 77.875 75.410 72.844 70.178 67.411 64.543 61.311 57.790 54.256 50.708 47.147 43.573 40.883 38.619 36.507 34.546 32.737 31.079 29.573 28.218 27.014 25.961 25.060 24.311 23.698 23.025 22.277 21.454 20.557 19.586 18.540 17.420 16.226 14.957 13.614 12.196 12.075 11.974 11.864 11.747 11.620 11.486 11.343 11.191 11.031 10.862 10.685 10.572 11.155 11.717 12.257 12.776 13.272 13.747 14.201
32.327 34.906 37.358 39.681 41.876 43.940 46.113 48.513 51.141 53.995 57.077 60.385 63.921 67.684 71.673 75.890 79.901 80.104 76.616 73.114 69.599 66.072 62.530 58.976 55.408 51.827 48.233 44.626 41.005 38.446 36.707 35.119 33.682 32.396 31.262 30.279 29.448 28.768 28.239 27.861 27.634 26.972 26.040 25.034 23.953 22.799 21.569 20.266 18.888 17.436 15.909 14.308 12.633 12.253 12.123 11.984 11.837 11.681 11.517 11.345 11.164 10.975 10.777 10.571 10.356 10.832 11.319 11.784 12.228 12.650 13.051 13.430
27.658 29.794 31.802 33.683 35.435 37.331 40.294 43.483 46.900 50.816 54.821 58.738 62.567 66.308 69.961 73.526 77.003 78.065 74.530 70.982 67.421 63.847 60.259 56.658 53.044 49.417 45.776 42.123 38.456 35.856 34.640 33.576 32.663 31.901 31.290 30.831 30.522 30.365 30.359 30.504 30.801 30.317 29.127 27.863 26.525 25.112 23.625 22.064 20.428 18.718 16.934 15.075 13.143 12.439 12.280 12.112 11.935 11.751 11.557 11.356 11.145 10.927 10.700 10.464 10.220 10.529 10.942 11.333 11.702 12.050 12.376 12.680
23.135 24.829 27.034 29.440 31.880 34.457 38.509 42.474 46.351 50.140 53.841 57.454 60.979 64.416 67.765 71.027 74.200 76.044 72.463 68.868 65.261 61.640 58.006 54.359 50.698 47.024 43.337 39.637 35.924 33.112 32.420 31.879 31.489 31.250 31.163 31.226 31.441 31.807 32.323 32.991 33.810 33.733 32.286 30.764 29.168 27.497 25.753 23.934 22.041 20.073 18.032 15.916 13.726 12.634 12.445 12.248 12.042 11.828 11.606 11.375 11.135 10.887 10.631 10.366 10.093 10.247 10.585 10.902 11.197 11.445 11.680 11.913
22.569 25.026 27.517 30.043 32.602 35.196 38.839 42.500 46.073 49.558 52.955 56.265 59.486 62.620 65.666 68.624 71.494 74.040 70.413 66.772 63.118 59.450 55.770 52.076 48.369 44.649 40.916 37.169 33.409 30.215 30.046 30.028 30.161 30.445 30.881 31.467 32.204 33.092 34.131 35.322 36.663 37.221 35.516 33.737 31.883 29.955 27.953 25.877 23.726 21.501 19.202 16.829 14.382 12.837 12.619 12.392 12.157 11.914 11.662 11.402 11.133 10.856 10.509 10.138 9.758 9.713 9.950 10.184 10.415 10.644 10.870 11.093
22.774 25.351 27.961 30.606 33.286 35.999 39.263 42.620 45.889 49.071 52.165 55.171 58.089 60.919 63.662 66.316 68.883 71.362 68.380 64.692 60.992 57.278 53.551 49.811 46.058 42.291 38.512 34.719 30.913 27.165 27.518 28.023 28.679 29.486 30.444 31.552 32.812 34.222 35.783 37.496 39.359 40.781 38.818 36.781 34.670 32.485 30.225 27.892 25.484 23.002 20.446 17.816 15.111 13.047 12.800 12.479 12.137 11.786 11.428 11.061 10.685 10.302 9.911 9.511 9.103 8.952 9.180 9.405 9.627 9.846 10.063 10.277
22.940 25.636 28.366 31.131 33.930 36.763 39.781 42.835 45.801 48.679 51.469 54.172 56.787 59.314 61.754 64.105 66.369 68.545 66.364 62.631 58.884 55.124 51.350 47.564 43.764 39.951 36.125 32.286 28.434 24.568 24.838 25.865 27.043 28.372 29.852 31.482 33.264 35.196 37.279 39.513 41.898 44.412 42.191 39.897 37.529 35.086 32.570 29.979 27.240 24.419 21.526 18.561 15.525 12.804 12.450 12.088 11.717 11.338 10.951 10.556 10.152 9.741 9.321 8.893 8.456 8.194 8.413 8.628 8.841 9.051 9.259 9.464
23.067 25.883 28.733 31.617 34.535 37.488 40.393 43.143 45.806 48.381 50.869 53.268 55.580 57.804 59.941 61.990 63.951 65.824 64.366 60.586 56.793 52.987 49.167 45.334 41.488 37.629 33.757 29.871 25.972 22.060 22.003 23.553 25.253 27.104 29.106 31.258 33.561 36.015 38.620 41.375 44.281 47.268 45.459 42.819 40.108 37.325 34.470 31.544 28.545 25.476 22.334 19.122 15.837 12.481 12.095 11.704 11.305 10.898 10.483 10.059 9.627 9.188 8.739 8.283 7.819 7.440 7.649 7.856 8.059 8.260 8.459 8.654
23.156 26.091 29.060 32.064 35.101 38.173 41.099 43.546 45.906 48.178 50.363 52.459 54.469 56.390 58.224 59.970 61.628 63.199 62.385 58.559 54.719 50.867 47.001 43.122 39.229 35.324 31.405 27.473 23.528 19.570 19.016 21.087 23.309 25.682 28.980 32.206 35.339 38.380 41.328 44.184 46.947 49.618 48.325 45.437 42.477 39.445 36.342 33.168 29.921 26.603 23.214 19.753 16.220 12.616 11.749 11.329 10.902 10.467 10.023 9.571 9.111 8.643 8.167 7.682 7.190 6.689 6.889 7.086 7.281 7.473 7.662 7.848
23.206 26.260 29.349 32.472 35.629 38.820 41.899 44.043 46.100 48.070 49.951 51.745 53.452 55.071 56.602 58.045 59.401 60.670 60.422 56.549 52.663 48.764 44.852 40.927 36.988 33.036 29.106 26.211 23.511 21.007 21.103 24.380 27.563 30.655 33.654 36.560 39.374 42.096 44.725 47.261 49.706 52.057 51.261 48.124 44.916 41.636 38.285 34.862 31.368 27.802 24.164 20.455 16.674 12.822 11.411 10.963 10.508 10.044 9.572 9.092 8.604 8.108 7.603 7.090 6.569 6.040 6.132 6.320 6.506 6.688 6.868 7.046
