DATA/SHG/ECMWF/20170628/EN-28/20170712.en-28.asc
ncols        190
nrows        64
xllcorner    -5100000.000000000000
yllcorner    4130000.000000000000
cellsize     10000.000000000000
NODATA_value  -99999.000
[rows 0 to 31 of 64, columns 0 to 71 of 190]
7.124 7.299 7.476 7.656 7.838 8.022 8.209 8.398 8.590 8.398 8.066 7.715 7.346 6.957 6.550 6.123 5.678 5.213 4.730 4.222 3.719 3.611 3.670 3.711 3.734 3.739 3.726 3.696 3.648 3.582 3.498 3.396 3.277 3.152 3.041 2.941 2.852 2.775 2.708 2.653 2.609 2.577 2.556 2.546 2.547 2.459 2.282 2.103 1.921 1.735 1.547 1.356 1.161 0.964 0.764 0.561 0.355 0.249 0.265 0.284 0.304 0.326 0.350 0.375 0.402 0.430 0.461 0.493 0.526 0.536 0.503 0.468
8.210 8.393 8.579 8.767 8.957 9.150 9.345 9.543 9.743 9.589 9.190 8.772 8.229 7.692 7.165 6.648 6.140 5.641 5.152 4.673 4.203 3.994 3.989 3.967 3.928 3.870 3.795 3.701 3.591 3.462 3.316 3.151 2.969 2.828 2.756 2.696 2.646 2.609 2.582 2.567 2.562 2.569 2.588 2.617 2.658 2.616 2.429 2.239 2.046 1.850 1.651 1.449 1.245 1.037 0.826 0.612 0.396 0.254 0.276 0.301 0.327 0.355 0.384 0.415 0.448 0.483 0.519 0.557 0.596 0.618 0.579 0.538
9.292 9.483 9.677 9.874 10.041 10.081 10.125 10.171 10.220 10.001 9.469 8.947 8.434 7.931 7.437 6.953 6.479 6.014 5.559 5.113 4.677 4.394 4.327 4.242 4.140 4.020 3.881 3.726 3.552 3.361 3.152 2.925 2.681 2.492 2.460 2.439 2.430 2.431 2.444 2.468 2.504 2.550 2.608 2.677 2.758 2.776 2.578 2.378 2.174 1.968 1.758 1.546 1.331 1.112 0.891 0.667 0.440 0.257 0.286 0.316 0.348 0.382 0.417 0.454 0.493 0.533 0.575 0.619 0.647 0.663 0.604 0.545
9.814 9.853 9.895 9.940 9.987 10.038 10.091 10.147 10.207 10.094 9.596 9.107 8.628 8.159 7.699 7.248 6.808 6.376 5.955 5.543 5.140 4.813 4.683 4.536 4.370 4.188 3.987 3.768 3.532 3.278 3.007 2.718 2.411 2.145 2.153 2.171 2.202 2.243 2.295 2.359 2.434 2.520 2.618 2.726 2.846 2.939 2.730 2.519 2.305 2.088 1.869 1.646 1.420 1.191 0.959 0.724 0.486 0.259 0.293 0.330 0.367 0.397 0.426 0.454 0.482 0.508 0.534 0.558 0.582 0.605 0.552 0.498
9.716 9.766 9.818 9.873 9.930 9.991 10.055 10.121 10.190 10.177 9.713 9.258 8.812 8.376 7.950 7.533 7.126 6.728 6.340 5.962 5.593 5.250 5.057 4.847 4.619 4.374 4.111 3.830 3.531 3.215 2.881 2.529 2.159 1.787 1.834 1.893 1.962 2.043 2.135 2.239 2.353 2.479 2.616 2.764 2.923 3.093 2.885 2.664 2.439 2.212 1.981 1.748 1.512 1.268 1.012 0.760 0.511 0.265 0.271 0.299 0.327 0.354 0.380 0.405 0.430 0.453 0.476 0.497 0.518 0.538 0.499 0.450
9.616 9.675 9.737 9.802 9.870 9.941 10.015 10.092 10.171 10.250 9.819 9.397 8.986 8.583 8.190 7.807 7.434 7.069 6.715 6.370 6.034 5.708 5.450 5.177 4.887 4.579 4.253 3.909 3.548 3.169 2.773 2.359 1.927 1.477 1.505 1.603 1.712 1.832 1.964 2.107 2.261 2.426 2.602 2.790 2.988 3.198 3.027 2.759 2.494 2.232 1.975 1.720 1.470 1.222 0.979 0.739 0.502 0.269 0.238 0.264 0.288 0.312 0.335 0.357 0.378 0.399 0.418 0.437 0.455 0.471 0.444 0.401
9.512 9.581 9.654 9.729 9.807 9.888 9.972 10.059 10.149 10.241 9.915 9.527 9.149 8.780 8.421 8.071 7.731 7.400 7.079 6.767 6.465 6.173 5.860 5.525 5.172 4.802 4.413 4.008 3.584 3.143 2.684 2.207 1.713 1.201 1.165 1.302 1.451 1.610 1.781 1.999 2.228 2.435 2.620 2.782 2.922 3.039 2.891 2.635 2.383 2.134 1.888 1.647 1.408 1.174 0.942 0.715 0.491 0.270 0.206 0.229 0.250 0.271 0.291 0.310 0.328 0.346 0.362 0.378 0.392 0.406 0.388 0.350
9.405 9.485 9.567 9.653 9.741 9.832 9.926 10.023 10.123 10.226 10.000 9.646 9.301 8.966 8.640 8.324 8.017 7.720 7.432 7.154 6.886 6.627 6.289 5.891 5.476 5.043 4.592 4.124 3.638 3.135 2.613 2.075 1.627 1.215 1.221 1.483 1.723 1.941 2.136 2.309 2.460 2.588 2.694 2.778 2.839 2.878 2.752 2.509 2.269 2.032 1.799 1.570 1.344 1.121 0.902 0.687 0.475 0.267 0.175 0.195 0.213 0.231 0.248 0.264 0.279 0.293 0.307 0.319 0.331 0.341 0.331 0.298
9.295 9.385 9.478 9.573 9.672 9.773 9.877 9.984 10.094 10.207 10.076 9.755 9.443 9.142 8.849 8.567 8.293 8.030 7.775 7.531 7.295 7.070 6.735 6.275 5.798 5.375 4.957 4.541 4.127 3.713 3.301 2.891 2.481 2.073 1.946 2.130 2.292 2.431 2.547 2.642 2.714 2.764 2.791 2.797 2.780 2.740 2.610 2.379 2.151 1.927 1.706 1.489 1.276 1.066 0.859 0.656 0.457 0.261 0.145 0.162 0.177 0.192 0.206 0.219 0.231 0.242 0.252 0.262 0.270 0.278 0.273 0.245
9.182 9.282 9.385 9.491 9.599 9.711 9.825 9.942 10.062 10.185 10.141 9.853 9.575 9.307 9.048 8.799 8.559 8.335 8.166 8.002 7.842 7.689 7.442 7.025 6.609 6.195 5.782 5.371 4.961 4.552 4.144 3.738 3.333 2.930 2.693 2.799 2.882 2.942 2.981 2.997 2.990 2.962 2.911 2.838 2.742 2.624 2.464 2.246 2.030 1.818 1.610 1.406 1.204 1.007 0.813 0.622 0.435 0.252 0.116 0.129 0.142 0.153 0.164 0.174 0.183 0.191 0.199 0.205 0.210 0.215 0.214 0.190
9.066 9.177 9.290 9.405 9.524 9.646 9.770 9.897 10.028 10.161 10.217 10.030 9.847 9.670 9.497 9.330 9.169 9.012 8.861 8.715 8.574 8.438 8.247 7.834 7.423 7.013 6.605 6.198 5.792 5.388 4.985 4.583 4.183 3.784 3.462 3.489 3.493 3.476 3.436 3.373 3.289 3.182 3.053 2.901 2.727 2.531 2.316 2.109 1.906 1.707 1.511 1.319 1.130 0.944 0.763 0.585 0.410 0.239 0.088 0.098 0.107 0.116 0.124 0.131 0.137 0.142 0.146 0.149 0.152 0.153 0.153 0.135
8.947 9.068 9.191 9.433 9.750 10.025 10.259 10.452 10.604 10.715 10.760 10.591 10.426 10.267 10.113 9.965 9.821 9.683 9.550 9.422 9.299 9.181 9.049 8.641 8.234 7.829 7.425 7.022 6.621 6.221 5.823 5.425 5.030 4.635 4.253 4.201 4.127 4.031 3.913 3.772 3.609 3.424 3.217 2.987 2.735 2.461 2.164 1.969 1.779 1.592 1.408 1.228 1.052 0.879 0.709 0.544 0.381 0.222 0.067 0.067 0.074 0.079 0.084 0.088 0.091 0.093 0.094 0.129 0.197 0.275 0.362 0.431
10.201 10.496 10.749 10.962 11.133 11.263 11.351 11.399 11.405 11.370 11.294 11.146 10.999 10.858 10.723 10.592 10.467 10.347 10.232 10.122 10.017 9.918 9.824 9.445 9.043 8.642 8.243 7.844 7.448 7.052 6.658 6.265 5.874 5.484 5.095 4.935 4.783 4.609 4.412 4.193 3.952 3.689 3.403 3.095 2.765 2.413 2.038 1.826 1.648 1.473 1.302 1.135 0.971 0.810 0.653 0.499 0.349 0.203 0.060 0.038 0.059 0.094 0.139 0.194 0.257 0.330 0.412 0.503 0.604 0.714 0.833 0.921
12.209 12.358 12.466 12.533 12.559 12.543 12.487 12.389 12.250 12.070 11.849 11.694 11.566 11.443 11.326 11.213 11.106 11.004 10.907 10.816 10.729 10.648 10.572 10.247 9.849 9.453 9.058 8.664 8.272 7.881 7.491 7.103 6.716 6.330 5.946 5.691 5.461 5.208 4.933 4.636 4.317 3.975 3.611 3.225 2.817 2.387 1.934 1.680 1.514 1.352 1.193 1.038 0.886 0.778 0.670 0.553 0.428 0.293 0.150 0.138 0.197 0.265 0.343 0.429 0.525 0.630 0.745 0.868 1.001 1.144 1.295 1.408
14.259 14.263 14.226 14.147 14.028 13.867 13.665 13.422 13.138 12.813 12.447 12.236 12.126 12.022 11.922 11.828 11.739 11.655 11.576 11.503 11.435 11.372 11.314 11.046 10.653 10.261 9.870 9.481 9.093 8.707 8.322 7.938 7.555 7.174 6.795 6.469 6.160 5.829 5.476 5.101 4.704 4.284 3.842 3.378 2.892 2.384 1.936 1.701 1.615 1.520 1.416 1.304 1.182 1.052 0.913 0.766 0.609 0.444 0.270 0.235 0.326 0.427 0.536 0.655 0.784 0.921 1.068 1.224 1.389 1.564 1.748 1.891
16.352 16.210 16.028 15.804 15.540 15.234 14.887 14.499 14.070 13.600 13.089 12.772 12.680 12.594 12.512 12.436 12.365 12.300 12.239 12.184 12.134 12.089 12.049 11.843 11.454 11.067 10.681 10.296 9.913 9.531 9.150 8.770 8.392 8.016 7.640 7.268 6.881 6.472 6.037 5.568 5.106 4.649 4.199 3.754 3.315 2.882 2.455 2.168 2.051 1.925 1.791 1.647 1.495 1.334 1.165 0.986 0.799 0.603 0.399 0.322 0.446 0.579 0.721 0.872 1.033 1.203 1.382 1.570 1.768 1.975 2.191 2.371
18.487 18.200 17.873 17.504 17.094 16.644 16.152 15.619 15.045 14.430 13.775 13.301 13.228 13.159 13.096 13.038 12.985 12.938 12.895 12.858 12.826 12.799 12.778 12.637 12.253 11.870 11.489 11.108 10.729 10.352 9.975 9.577 9.126 8.674 8.222 7.765 7.299 6.840 6.386 5.938 5.496 5.060 4.630 4.205 3.787 3.375 2.968 2.643 2.495 2.338 2.173 1.999 1.816 1.625 1.424 1.215 0.997 0.771 0.536 0.401 0.557 0.722 0.897 1.080 1.273 1.475 1.687 1.907 2.137 2.376 2.625 2.847
20.664 20.232 19.760 19.246 18.692 18.096 17.460 16.782 16.064 15.304 14.504 13.824 13.769 13.718 13.673 13.634 13.599 13.569 13.545 13.526 13.512 13.503 13.500 13.430 13.017 12.566 12.115 11.664 11.213 10.762 10.310 9.857 9.405 8.952 8.499 8.046 7.601 7.162 6.728 6.301 5.880 5.464 5.054 4.650 4.253 3.861 3.474 3.126 2.947 2.760 2.564 2.359 2.146 1.923 1.692 1.453 1.204 0.947 0.681 0.470 0.659 0.856 1.063 1.279 1.504 1.738 1.982 2.235 2.497 2.768 3.049 3.319
22.883 22.307 21.690 21.032 20.332 19.592 18.811 17.989 17.126 16.222 15.276 14.341 14.304 14.271 14.244 14.223 14.206 14.135 14.041 13.961 13.894 13.841 13.801 13.757 13.306 12.854 12.402 11.950 11.497 11.044 10.591 10.137 9.683 9.229 8.775 8.321 7.896 7.477 7.065 6.658 6.257 5.862 5.472 5.089 4.712 4.340 3.974 3.617 3.408 3.190 2.963 2.727 2.483 2.230 1.969 1.698 1.419 1.131 0.835 0.531 0.751 0.981 1.220 1.468 1.726 1.992 2.268 2.553 2.848 3.151 3.464 3.786
25.145 24.424 23.662 22.859 22.016 21.131 20.205 19.238 18.231 17.182 15.976 14.743 14.509 14.395 14.295 14.209 14.135 14.075 14.029 13.996 13.976 13.969 13.976 13.996 13.595 13.142 12.689 12.235 11.781 11.327 10.872 10.417 9.962 9.507 9.051 8.595 8.185 7.787 7.395 7.008 6.628 6.253 5.884 5.521 5.164 4.813 4.468 4.128 3.876 3.627 3.370 3.104 2.829 2.545 2.253 1.952 1.642 1.324 0.997 0.661 0.835 1.097 1.368 1.648 1.938 2.237 2.545 2.862 3.189 3.524 3.869 4.224
27.449 26.584 25.677 24.426 23.178 21.934 20.694 19.459 18.228 17.002 15.779 14.562 14.201 14.135 14.081 14.042 14.015 14.002 14.002 14.016 14.043 14.083 14.137 14.203 13.884 13.430 12.975 12.520 12.065 11.610 11.154 10.698 10.241 9.785 9.327 8.870 8.468 8.090 7.718 7.352 6.992 6.638 6.289 5.947 5.610 5.280 4.955 4.636 4.353 4.073 3.785 3.488 3.183 2.869 2.546 2.214 1.874 1.525 1.167 0.801 0.909 1.203 1.507 1.819 2.141 2.472 2.812 3.193 3.607 3.992 4.349 4.677
27.847 26.601 25.359 24.122 22.888 21.659 20.435 19.214 17.998 16.787 15.579 14.376 13.879 13.860 13.853 13.861 13.881 13.915 13.962 14.022 14.096 14.183 14.283 14.397 14.173 13.718 13.262 12.806 12.349 11.892 11.435 10.978 10.520 10.062 9.604 9.145 8.744 8.387 8.035 7.690 7.350 7.016 6.688 6.366 6.050 5.740 5.435 5.137 4.837 4.527 4.209 3.881 3.545 3.200 2.847 2.485 2.114 1.734 1.346 0.949 1.082 1.596 2.081 2.538 2.966 3.366 3.737 4.080 4.394 4.679 4.936 5.165
27.495 26.263 25.036 23.814 22.595 21.381 20.171 18.966 17.764 16.568 15.375 14.187 13.544 13.571 13.612 13.665 13.733 13.813 13.907 14.014 14.134 14.268 14.415 14.575 14.462 14.006 13.548 13.091 12.633 12.175 11.717 11.258 10.799 10.340 9.880 9.421 9.014 8.677 8.346 8.021 7.702 7.388 7.081 6.779 6.483 6.193 5.909 5.631 5.330 4.989 4.640 4.282 3.915 3.639 3.431 3.235 3.050 2.878 2.718 2.569 2.693 3.107 3.492 3.849 4.178 4.478 4.749 4.992 5.207 5.393 5.550 5.679
27.138 25.922 24.709 23.501 22.298 21.099 19.904 18.713 17.527 16.344 15.167 13.993 13.195 13.269 13.356 13.456 13.570 13.697 13.838 13.992 14.159 14.339 14.533 14.740 14.752 14.294 13.835 13.377 12.918 12.458 11.999 11.539 11.079 10.618 10.157 9.696 9.278 8.962 8.651 8.346 8.047 7.754 7.467 7.186 6.910 6.641 6.440 6.285 6.122 5.895 5.681 5.478 5.287 5.109 4.942 4.787 4.644 4.513 4.394 4.287 4.328 4.643 4.929 5.186 5.415 5.616 5.788 5.931 6.046 6.132 6.190 6.220
26.777 25.576 24.378 23.185 21.997 20.812 19.632 18.456 17.285 16.117 14.954 13.796 12.831 12.952 13.086 13.233 13.394 13.568 13.755 13.955 14.169 14.396 14.637 14.890 15.041 14.582 14.122 13.662 13.202 12.741 12.280 11.819 11.358 10.896 10.434 9.971 9.536 9.240 8.949 8.667 8.413 8.187 7.989 7.820 7.679 7.567 7.484 7.428 7.371 7.186 7.012 6.851 6.702 6.565 6.439 6.326 6.224 6.135 6.057 5.991 5.989 6.204 6.391 6.548 6.678 6.779 6.851 6.895 6.911 6.898 6.857 6.787
26.400 25.226 24.044 22.866 21.692 20.522 19.357 18.195 17.039 15.886 14.738 13.594 12.454 12.622 12.802 12.996 13.204 13.424 13.658 13.905 14.165 14.439 14.726 15.026 15.331 14.870 14.409 13.948 13.486 13.024 12.562 12.097 11.534 11.004 10.508 10.046 9.622 9.382 9.170 8.986 8.831 8.704 8.606 8.536 8.495 8.482 8.498 8.542 8.606 8.462 8.330 8.211 8.103 8.007 7.923 7.851 7.790 7.742 7.706 7.681 7.676 7.791 7.878 7.936 7.966 7.968 7.941 7.886 7.802 7.690 7.549 7.380
25.903 24.873 23.705 22.542 21.383 20.228 19.077 17.931 16.789 15.651 14.518 13.389 12.264 12.277 12.505 12.745 12.999 13.266 13.547 13.841 14.148 14.468 14.801 15.148 15.470 14.898 14.249 13.634 13.053 12.506 11.993 11.514 11.069 10.658 10.281 9.938 9.630 9.472 9.359 9.275 9.219 9.192 9.193 9.223 9.281 9.367 9.482 9.625 9.797 9.725 9.635 9.556 9.490 9.435 9.393 9.362 9.343 9.336 9.341 9.358 9.387 9.403 9.391 9.350 9.280 9.183 9.056 8.902 8.719 8.507 8.267 7.999
25.462 24.515 23.363 22.214 21.070 19.929 18.794 17.662 16.535 15.412 14.293 13.179 12.069 11.919 12.193 12.481 12.781 13.091 13.365 13.590 13.766 13.893 13.972 14.001 13.982 13.566 13.036 12.541 12.079 11.651 11.257 10.897 10.570 10.278 10.020 9.796 9.606 9.534 9.520 9.535 9.579 9.651 9.751 9.880 10.037 10.222 10.436 10.679 10.950 10.975 10.926 10.889 10.864 10.850 10.849 10.859 10.882 10.916 10.962 11.020 11.090 11.041 10.929 10.789 10.620 10.423 10.197 9.944 9.661 9.351 9.012 8.644
25.077 24.154 23.016 21.882 20.753 19.627 18.506 17.390 16.277 15.169 14.116 13.140 12.189 11.952 12.250 12.499 12.700 12.852 12.955 13.009 13.015 12.971 12.879 12.738 12.548 12.202 11.791 11.414 11.070 10.761 10.486 10.245 10.037 9.864 9.725 9.619 9.548 9.566 9.652 9.766 9.909 10.080 10.279 10.507 10.763 11.048 11.361 11.703 12.072 12.211 12.203 12.208 12.224 12.251 12.291 12.343 12.407 12.482 12.570 12.669 12.780 12.704 12.492 12.253 11.985 11.689 11.364 11.011 10.630 10.220 9.782 9.315
24.748 23.789 22.666 21.571 20.511 19.475 18.463 17.475 16.511 15.571 14.655 13.763 12.895 12.448 12.576 12.655 12.684 12.666 12.598 12.481 12.316 12.102 11.839 11.528 11.167 10.803 10.511 10.253 10.028 9.838 9.681 9.559 9.470 9.416 9.395 9.408 9.455 9.569 9.754 9.968 10.209 10.480 10.778 11.105 11.460 11.844 12.256 12.696 13.165 13.434 13.467 13.513 13.570 13.639 13.720 13.813 13.918 14.035 14.164 14.304 14.457 14.392 14.081 13.743 13.376 12.980 12.557 12.105 11.592 11.049 10.550 10.093
24.582 23.523 22.499 21.499 20.523 19.570 18.642 17.738 16.857 16.001 15.168 14.359 13.574 12.997 12.954 12.862 12.721 12.531 12.293 12.006 11.670 11.286 10.852 10.370 9.839 9.371 9.198 9.058 8.952 8.881 8.843 8.839 8.869 8.933 9.030 9.162 9.328 9.544 9.828 10.140 10.481 10.850 11.248 11.674 12.128 12.610 13.121 13.661 14.228 14.643 14.718 14.805 14.903 15.013 15.136 15.270 15.416 15.574 15.744 15.925 16.119 15.942 15.249 14.598 13.990 13.425 12.903 12.424 11.987 11.593 11.242 10.934
24.541 23.258 22.318 21.401 20.508 19.640 18.795 17.974 17.177 16.404 15.654 14.929 14.228 13.597 13.383 13.120 12.809 12.449 12.040 11.583 11.077 10.522 9.918 9.266 8.564 7.906 7.851 7.830 7.843 7.890 7.970 8.085 8.233 8.415 8.632 8.882 9.166 9.489 9.872 10.284 10.723 11.191 11.688 12.213 12.766 13.347 13.957 14.595 15.262 15.839 15.955 16.083 16.223 16.374 16.433 16.389 16.307 16.187 16.028 15.830 15.594 15.255 14.710 14.208 13.749 13.333 12.959 12.629 12.341 12.095 11.893 11.733
