DATA/RAW-RASTER/ECMWF/20170628/EN-12/20170710.en-12.asc
ncols			31
nrows			16
xllcorner		69.5
yllcorner		19.5
cellsize		1.0
NODATA_value	-99999
0.01526 2.14386 3.15094 1.50299 0.55695 0.15259 0.36621 0.00000 0.13733 0.07629 0.45013 0.20599 3.25012 0.45776 0.14496 0.19836 1.09100 0.64850 0.56458 0.64087 3.86047 5.91278 3.73077 3.70026 2.09808 0.54169 0.32806 0.01526 0.03815 0.45776 3.63159
0.00000 0.01526 0.16022 0.64850 1.24359 3.50189 0.41199 0.33569 0.00000 0.00763 0.48065 0.65613 1.85394 0.57983 2.05994 1.35803 1.86157 0.55695 0.12970 0.54169 0.67139 2.42615 3.96729 4.50134 5.92804 11.45935 12.14600 11.44409 8.81958 6.69098 7.71332
1.22833 0.29755 0.00000 0.73242 1.25885 7.22504 0.91553 0.07629 0.34332 0.03052 0.40436 1.00708 0.44250 1.65558 0.74005 1.99890 0.91553 0.44250 0.21362 0.92316 1.13678 2.71606 8.52966 12.96997 12.09259 14.72473 8.73566 8.13293 12.03918 11.65771 11.19232
1.54114 0.00000 0.00000 0.01526 0.68665 2.59399 5.33295 6.88171 0.03052 0.44250 0.88501 1.36566 2.48718 4.79126 3.06702 3.30353 2.53296 0.74005 0.30518 0.66376 0.77820 7.64465 10.94055 8.01849 8.95691 7.57599 20.48492 18.56232 18.58521 25.80261 19.26422
2.31934 0.00763 0.00000 0.00763 0.06866 0.54932 1.83105 20.64514 2.92969 0.72479 0.32043 0.73242 5.39398 12.80212 6.21796 8.83484 8.14056 1.02997 0.50354 0.93842 1.81580 4.25720 9.11713 8.70514 9.10950 8.45337 7.84302 5.02777 7.29370 20.08057 16.67786
0.03815 0.00763 0.00763 0.00763 0.00000 0.64087 1.31226 4.79889 4.84467 31.26526 30.96008 7.15637 6.10352 4.73022 5.47028 3.00598 5.90515 3.11279 3.42560 2.99835 2.60925 10.28442 11.73401 9.69696 7.52258 10.00977 2.67029 0.75531 9.68933 14.28986 7.49207
0.00763 0.00000 0.00000 0.00000 0.04578 0.03815 5.74493 4.15039 7.32422 2.78473 18.53180 54.28314 21.17920 6.85883 8.80432 12.03156 12.13837 3.53241 10.29205 4.24957 6.22559 5.85175 4.73022 4.47083 11.70349 13.04626 14.06097 5.31769 5.33295 5.47791 3.56293
0.00763 0.00000 0.00000 0.00763 0.02289 0.00000 1.57166 1.77765 7.78198 12.92419 7.38525 14.01520 4.09698 23.84949 17.46368 10.86426 10.44464 7.24030 0.77820 4.57001 11.19232 9.44519 5.15747 13.28278 10.99396 133.27789 88.62305 14.03809 9.26971 4.88281 13.03864
0.00763 0.00000 0.00763 0.00763 0.53406 1.86920 0.74005 12.97760 18.63861 14.13727 4.17328 5.85938 4.35638 7.05719 20.03479 15.70129 42.28210 33.80585 12.20703 72.29614 23.00262 30.28107 27.96936 26.19171 13.64136 2.07520 13.65662 23.14758 13.08441 4.21906 6.19507
0.00763 0.00000 0.00763 0.00000 1.74713 15.58685 1.82343 6.18744 6.00433 6.11115 2.45667 2.40326 1.94550 2.44141 6.92749 1.46484 3.41797 8.64410 5.87463 6.27899 9.65881 0.64850 15.31982 5.47791 6.62994 8.19397 8.81958 15.76233 19.25659 1.54877 3.01361
0.73242 0.32043 1.58691 3.92914 6.06537 14.86969 2.55585 8.46100 4.40216 2.74658 2.73895 2.47955 0.95367 1.28937 1.61743 0.41962 0.55695 1.05286 1.03760 0.89264 1.41144 9.12476 22.86530 42.20581 19.79065 13.72528 8.14819 15.95306 89.44702 8.93402 1.81580
1.39618 1.25885 7.12585 7.55310 41.17584 122.64252 97.38922 4.09698 5.28717 2.17438 1.38092 1.72424 0.94604 1.31226 0.42725 0.93842 0.67139 0.80109 0.56458 1.99890 1.04523 4.80652 8.56018 4.35638 10.50568 7.47681 5.53131 14.11438 18.40973 15.34271 7.40051
1.64032 1.64795 2.42615 5.11169 5.02777 12.69531 12.44354 14.41193 24.65820 67.89398 1.80054 3.20435 1.54877 2.01416 1.95312 1.67847 0.23651 1.35040 3.63922 2.25067 7.16400 6.05011 7.46918 24.18518 14.74762 3.64685 0.76294 12.77161 11.80267 6.29425 12.86316
2.26593 3.00598 53.61176 10.32257 13.67188 2.90680 2.22015 1.90735 1.52588 1.11389 2.83813 1.65558 1.75476 0.86975 1.08337 1.04523 0.29755 1.63269 3.16620 1.32751 2.70844 4.87518 7.55310 13.07678 4.13513 0.71716 0.86212 7.99561 18.59283 9.14001 18.20374
2.14386 3.31879 7.90405 5.10406 3.00598 2.64740 18.15796 21.71326 6.52313 1.74713 8.04138 1.73950 1.79291 0.98419 0.50354 1.43433 3.08990 2.06757 1.17493 1.05286 1.86920 5.76782 6.21033 37.75787 14.47296 0.41962 1.62506 5.56946 3.65448 8.81195 15.60211
1.67084 2.38800 6.15692 24.43695 5.25665 2.12097 10.54382 61.24115 15.77759 5.93567 14.90784 3.23486 2.40326 0.74005 2.24304 5.05066 3.30353 3.34930 2.38800 2.42615 4.76074 2.04468 8.14056 8.39996 8.14056 5.04303 4.59290 2.06757 1.44196 2.98309 11.58142
