DATA/RAW-RASTER/ECMWF/20170628/EN-12/20170630.en-12.asc
ncols			31
nrows			16
xllcorner		69.5
yllcorner		19.5
cellsize		1.0
NODATA_value	-99999
0.26321 0.60844 1.66321 1.78909 9.34792 5.22995 13.08823 7.84683 3.80325 3.19862 6.87027 3.81279 5.23567 5.53513 11.37543 14.11629 24.22142 15.95116 12.16698 19.63234 19.24896 14.45580 10.04410 9.26208 4.44603 4.99535 3.09753 0.00000 0.01335 0.41580 1.05858
0.04959 0.30136 1.99318 0.35477 28.37753 2.24876 0.95177 3.47710 4.94766 2.22778 2.70081 4.83322 7.55882 6.32286 5.60760 7.39098 6.67381 9.41849 7.51114 6.13403 8.83675 6.69479 4.76456 5.55992 5.69725 3.72696 1.60408 0.77248 0.24796 0.12589 0.43678
0.28610 1.44768 0.58174 0.58937 0.27657 1.29509 13.43155 10.37216 5.83839 5.20897 2.06375 3.63731 2.67601 6.16264 5.50079 2.52342 6.16837 2.89536 3.95966 6.12831 1.35422 6.13403 1.61362 4.48418 1.47820 3.26157 5.44167 1.39618 0.94795 2.63214 0.57220
1.94740 0.05150 0.00191 0.00763 0.81253 1.52206 90.97290 37.88376 13.97324 1.81198 4.72260 2.27928 1.05286 1.92833 1.56212 1.37329 1.29700 1.32751 1.19781 1.80244 2.03705 2.48528 1.16920 3.49426 0.94414 2.44331 5.48172 8.09288 7.25174 3.95012 1.03569
2.46239 0.00000 0.00000 0.00000 2.04468 3.10326 10.99014 9.77898 12.55798 9.40323 2.09618 2.62070 3.68309 0.63133 1.81770 0.51880 0.10109 0.66948 1.07002 3.34167 1.46866 3.39508 9.18961 1.57356 3.98827 2.51198 2.15149 19.73152 14.92500 6.46210 2.08092
2.56729 0.05913 0.00000 0.03815 1.83296 3.61252 25.74348 11.89995 34.32083 17.50183 18.02254 7.14302 5.80788 1.25885 0.91743 1.37329 0.83160 2.60544 3.53050 7.63893 2.70844 5.01251 6.16837 7.31277 5.68962 7.30133 4.15421 2.46429 15.04898 6.15692 12.51984
0.07629 0.44060 0.19264 1.20735 5.02014 5.60188 6.31332 22.15767 25.84648 28.04565 16.18385 25.63095 12.84981 3.35884 1.73187 0.53596 1.17493 1.63460 1.00708 2.64168 4.18472 4.88663 5.12123 8.21114 6.69670 41.90063 53.80058 14.78386 5.01442 17.03453 13.56506
0.88501 1.54686 7.10869 13.87024 10.21004 12.26044 12.29477 13.70430 17.75169 24.85085 16.59012 15.53154 27.70805 23.76175 14.76669 3.77655 5.15747 12.44736 8.38280 15.77568 13.35335 17.71927 5.18417 26.30615 35.11810 43.51044 47.20879 21.73805 71.93565 13.04817 13.61084
3.96919 7.88689 12.24899 4.19044 2.83241 1.04141 4.88472 7.44438 7.41196 4.64630 12.09641 10.48279 17.54951 22.11189 17.41028 20.81108 15.40184 18.57376 44.47174 127.06375 44.24667 97.81647 60.42290 79.94270 34.29604 24.39308 65.93704 26.24321 26.82877 15.87105 11.82938
13.57460 13.86833 8.51822 1.43814 0.93460 2.32697 2.61116 0.59700 1.56403 0.92125 1.86348 5.90897 3.83949 14.24217 29.59442 18.34297 16.26396 24.73450 14.52827 4.97818 19.30618 49.57390 20.24460 6.27518 14.81247 10.45227 32.04346 94.50340 66.62178 19.26231 3.73840
17.54379 10.56671 18.96095 3.74603 1.45721 1.99890 1.79100 2.30789 0.56839 0.41771 2.31171 1.51634 5.63622 10.17189 10.60104 21.00945 23.94295 12.52747 8.76427 13.28659 27.22359 31.89659 32.51457 11.54709 8.74901 34.02328 9.00841 22.30644 48.58017 22.40562 11.17516
105.07965 7.16019 5.97382 9.36699 4.66728 2.07901 0.94414 0.47112 0.71144 0.60654 0.61035 0.77820 0.52071 17.88902 32.75490 23.12660 25.27237 59.98230 6.65474 10.66399 35.71701 15.66315 7.33185 1.31798 13.84735 13.37242 8.23402 18.73398 11.44791 28.13339 20.79582
48.63548 15.42664 6.74820 8.42857 3.20816 2.38609 2.01416 1.20544 3.35884 2.60735 4.32777 2.58255 3.89481 24.17564 14.99367 23.38791 10.49423 16.05034 8.23975 7.71523 5.05638 8.45909 6.11496 8.52776 9.46236 6.51741 0.35095 4.07982 14.04762 10.78033 14.53972
4.34303 2.92778 0.98610 5.26619 1.84631 2.37465 2.51770 1.11198 1.37520 3.50189 6.87790 4.74548 4.57573 14.49776 41.43715 26.99089 14.17542 10.37216 4.58145 8.73375 7.20787 7.52640 5.83649 5.35774 8.88062 9.65691 0.64278 10.62202 23.28110 10.08797 11.18279
8.18634 7.42149 5.61905 13.75580 3.67355 1.07193 0.53215 0.80681 0.31090 0.58746 8.23784 6.25420 7.07817 14.88304 22.77565 17.30537 16.76369 3.70598 6.49452 15.14816 6.98280 7.84302 31.61049 20.66612 3.54385 4.90952 1.08337 3.99971 1.91116 16.82472 11.49940
4.62151 20.97511 16.66260 19.11545 1.98555 1.67656 0.53406 0.86021 1.04523 0.92125 4.39072 10.72311 2.43187 9.45663 11.83891 15.40565 19.65523 25.68245 22.13478 7.53212 8.14629 10.42366 13.80539 32.24754 29.30069 12.19749 9.80186 1.23215 1.50490 1.39618 11.04546
