DATA/RAW-RASTER/ECMWF/20170628/EN-12/20170712.en-12.asc
ncols			31
nrows			16
xllcorner		69.5
yllcorner		19.5
cellsize		1.0
NODATA_value	-99999
10.40649 3.55530 13.42773 8.42285 8.78906 1.48010 2.86865 0.94604 0.21362 1.15967 3.06702 1.90735 3.47900 0.94604 0.00000 0.00000 0.00000 0.00000 0.00000 0.00000 0.00000 0.00000 0.00000 0.00000 0.00000 0.00000 0.00000 0.00000 0.00000 0.00000 0.00000
0.18311 1.49536 37.88757 31.57043 5.38635 4.02832 0.42725 0.90027 1.29700 2.63977 3.87573 1.89209 4.95911 0.86975 0.50354 0.00000 0.03052 0.01526 0.35095 0.00000 0.00000 0.00000 0.00000 0.00000 0.00000 0.00000 0.00000 0.00000 0.00000 0.01526 0.01526
0.00000 11.73401 15.74707 31.70776 21.54541 4.36401 9.18579 0.07629 0.88501 2.21252 8.31604 9.18579 0.73242 0.16785 0.00000 0.15259 0.45776 1.05286 1.22070 0.80872 0.27466 0.00000 0.00000 0.00000 0.00000 0.00000 0.00000 0.00000 0.00000 0.00000 0.00000
2.50244 0.00000 0.93079 1.35803 38.86414 8.16345 5.63049 6.77490 0.96130 4.24194 7.46155 14.87732 2.02942 1.17493 0.94604 0.48828 0.90027 0.85449 0.07629 0.03052 0.00000 0.00000 0.01526 0.00000 0.10681 0.35095 0.82397 0.18311 0.01526 0.00000 0.04578
0.00000 0.00000 0.00000 0.00000 0.83923 2.97546 6.01196 18.53943 19.97375 15.53345 2.92969 23.78845 11.61194 1.35803 1.51062 1.60217 1.41907 0.59509 1.20544 1.06812 0.35095 0.61035 0.50354 0.12207 0.16785 0.54932 0.13733 0.38147 0.65613 0.71716 0.65613
0.00000 0.00000 0.00000 0.04578 0.04578 0.54932 2.42615 3.14331 7.47681 28.16772 31.95190 16.60156 13.15308 5.02014 11.67297 9.26208 12.11548 6.98853 5.34058 11.27625 8.33130 8.63647 11.18469 5.67627 1.70898 0.80872 2.80762 2.76184 3.54004 2.30408 3.35693
0.00000 0.00000 0.04578 0.00000 0.30518 0.86975 0.10681 1.89209 5.99670 18.11218 54.96216 33.06580 23.45276 8.11768 3.82996 7.50732 12.90894 10.40649 9.14001 14.41956 22.21680 24.44458 22.46094 20.49255 12.25281 5.26428 22.91870 23.16284 13.73291 8.80432 4.02832
0.00000 0.00000 0.00000 2.13623 2.63977 0.10681 0.50354 7.23267 7.20215 25.46692 41.65649 19.98901 16.09802 30.21240 43.16711 12.17651 15.85388 6.27136 26.33667 32.25708 37.27722 45.28809 26.42822 19.89746 19.86694 57.55615 35.85815 18.79883 8.23975 4.88281 5.43213
0.00000 0.00000 0.03052 1.17493 3.75366 0.03052 0.71716 10.54382 13.18359 20.09583 22.00317 13.76343 12.00867 10.69641 15.06042 10.65063 10.31494 26.99280 31.28052 74.31030 115.73792 38.94043 50.14038 7.30896 22.26257 17.18140 24.01733 42.16003 38.62000 14.78577 9.46045
0.00000 0.15259 0.03052 0.06104 0.44250 0.54932 0.97656 19.91272 12.86316 12.08496 11.58142 12.58850 5.12695 5.58472 1.96838 1.38855 3.12805 9.23157 7.61414 9.71985 19.60754 8.07190 18.41736 10.52856 12.25281 18.28003 10.42175 77.86560 29.95300 6.16455 18.69202
0.00000 0.00000 0.22888 1.89209 6.83594 10.77271 6.72913 9.46045 3.58582 5.95093 2.10571 2.47192 0.56458 2.19727 4.39453 3.09753 3.69263 5.34058 5.29480 5.17273 3.43323 6.72913 23.16284 8.36182 6.13403 11.33728 13.73291 27.17590 42.80090 3.64685 9.07898
0.04578 0.28992 0.13733 3.00598 4.31824 0.91553 5.18799 1.67847 0.94604 2.42615 1.66321 1.22070 1.49536 2.76184 2.30408 1.83105 0.79346 0.97656 1.57166 1.29700 7.73621 14.95361 18.70728 8.80432 9.18579 10.10132 5.95093 18.31055 15.38086 14.09912 10.13184
0.80872 0.70190 4.08936 6.72913 9.10950 3.67737 1.80054 1.55640 0.33569 2.86865 2.71606 2.86865 3.35693 3.82996 1.67847 1.23596 1.29700 0.79346 3.08228 3.11279 3.06702 19.16504 22.17102 7.72095 16.81519 6.59180 0.83923 18.46313 15.85388 6.30188 8.22449
0.76294 3.02124 0.53406 1.64795 1.99890 1.05286 2.38037 3.06702 1.34277 1.48010 1.58691 1.67847 3.67737 1.75476 1.31226 0.32043 0.03052 1.15967 4.65393 1.84631 2.80762 12.22229 19.57703 12.28333 7.17163 5.43213 0.45776 16.12854 6.39343 15.18250 2.38037
3.23486 7.59888 2.16675 21.54541 1.95312 1.22070 4.04358 4.51660 4.56238 4.68445 3.03650 1.29700 1.63269 1.83105 1.49536 0.21362 1.90735 1.60217 1.15967 3.28064 5.76782 4.89807 13.25989 16.69312 2.34985 5.37109 1.69373 9.27734 10.28442 11.26099 8.71277
4.97437 23.78845 23.04077 50.99487 4.79126 10.97107 27.20642 15.71655 7.81250 5.32532 6.30188 1.80054 1.80054 1.55640 1.51062 0.24414 1.05286 1.02234 1.49536 3.47900 4.80652 5.23376 11.00159 16.40320 17.16614 21.71326 13.39722 1.72424 12.51221 4.82178 8.05664
