DATA/RAW-RASTER/ECMWF/20170628/EN-12/20170711.en-12.asc
ncols			31
nrows			16
xllcorner		69.5
yllcorner		19.5
cellsize		1.0
NODATA_value	-99999
1.73950 8.02612 5.05066 2.47192 1.44958 2.09045 0.04578 0.00000 0.19836 0.35095 0.00000 0.00000 0.48828 0.00000 0.00000 0.01526 0.03052 0.00000 0.04578 0.04578 0.09155 0.65613 0.36621 0.57983 0.68665 1.83105 2.44141 1.40381 1.75476 2.92969 2.92969
0.03052 0.06104 0.91553 6.66809 4.91333 0.94604 1.57166 0.67139 0.47302 0.15259 1.12915 0.15259 0.94604 0.44250 0.45776 0.09155 0.22888 0.13733 1.03760 0.67139 0.91553 4.19617 3.17383 2.57874 2.09045 0.16785 0.15259 0.32043 0.33569 0.22888 0.32043
0.39673 0.01526 0.77820 3.41797 3.73840 4.27246 2.62451 0.10681 0.91553 0.21362 3.76892 0.94604 0.03052 0.28992 0.01526 0.93079 0.61035 2.02942 1.15967 1.25122 1.08337 1.63269 0.06104 0.35095 0.07629 0.04578 0.00000 0.15259 0.01526 0.28992 1.49536
0.04578 0.22888 0.01526 0.10681 1.00708 2.83813 8.63647 13.54980 0.44250 6.48499 3.14331 1.31226 0.10681 1.29700 1.52588 1.95312 0.85449 2.47192 1.48010 0.83923 0.44250 0.56458 0.30518 0.04578 0.04578 0.10681 0.42725 0.28992 1.05286 3.52478 4.31824
0.01526 0.00000 0.00000 0.00000 0.00000 1.72424 2.34985 5.61523 8.10242 2.82288 3.44849 16.98303 3.00598 6.54602 1.64795 9.15527 14.29749 6.74438 1.52588 1.20544 0.65613 0.19836 1.14441 0.74768 1.43433 4.28772 4.44031 5.63049 3.78418 5.23376 4.21143
0.00000 0.00000 0.00000 0.00000 0.06104 0.04578 0.36621 1.60217 48.24829 13.41248 35.87341 12.69531 9.85718 10.48279 12.57324 8.63647 13.16833 8.36182 11.81030 5.06592 1.90735 2.24304 2.34985 9.41467 6.16455 11.59668 8.07190 10.52856 6.16455 12.00867 8.37708
0.00000 0.00000 0.00000 0.00000 0.00000 0.04578 0.25940 3.06702 6.68335 10.07080 56.07605 13.97705 17.01355 15.06042 9.71985 10.60486 17.36450 27.09961 13.06152 8.39233 9.99451 9.42993 8.95691 27.89307 21.14868 11.00159 21.07239 6.42395 9.90295 26.48926 14.48059
0.00000 0.00000 0.00000 0.00000 0.00000 0.51880 0.73242 2.10571 2.62451 7.33948 17.48657 12.64954 16.63208 27.52686 24.27673 6.33240 6.89697 1.98364 3.58582 16.47949 14.22119 34.25598 24.91760 35.76660 25.80261 77.34680 47.04285 7.09534 24.45984 10.74219 28.18298
0.00000 0.00000 0.00000 0.00000 0.00000 0.12207 2.36511 0.97656 3.09753 3.60107 2.21252 2.27356 6.36292 1.44958 2.63977 10.31494 14.95361 28.27454 48.32458 92.65137 80.18494 88.30261 77.11792 20.55359 5.93567 10.23865 25.23804 20.05005 21.54541 6.83594 33.30994
0.00000 0.00000 0.03052 0.07629 0.74768 2.16675 8.16345 5.27954 4.63867 2.13623 0.42725 3.76892 3.47900 3.87573 4.02832 7.85828 8.77380 8.86536 3.34167 5.00488 5.67627 9.26208 19.10400 13.29041 1.28174 4.59290 25.48218 40.75623 27.22168 2.65503 15.30457
0.00000 0.09155 0.44250 0.65613 8.11768 5.46265 5.53894 3.92151 3.08228 1.20544 0.96130 0.59509 1.73950 0.90027 1.09863 2.04468 0.70190 1.12915 0.28992 0.44250 5.78308 20.15686 21.10291 8.71277 2.13623 24.58191 10.17761 13.13782 20.69092 1.70898 6.48499
1.15967 2.15149 3.17383 12.05444 27.90833 13.48877 1.41907 1.19019 1.46484 0.90027 0.32043 0.35095 3.60107 0.79346 0.16785 0.33569 0.82397 0.12207 16.67786 5.17273 5.78308 6.65283 2.01416 3.31116 7.21741 7.12585 10.13184 20.27893 10.57434 5.90515 18.12744
2.79236 1.89209 2.45667 9.49097 32.91321 4.10461 1.06812 2.89917 1.15967 1.40381 0.65613 2.07520 1.54114 0.86975 0.82397 0.06104 0.45776 8.22449 6.01196 18.98193 14.55688 12.69531 6.65283 6.68335 8.62122 2.60925 2.19727 15.02991 17.13562 5.50842 8.72803
2.01416 3.14331 1.60217 1.43433 5.66101 7.55310 8.22449 9.17053 3.64685 2.79236 5.47791 4.33350 2.41089 1.99890 1.28174 5.14221 3.41797 5.49316 9.12476 12.49695 5.55420 9.55200 13.09204 20.06531 1.92261 0.64087 0.33569 6.94275 9.50623 7.47681 5.92041
6.17981 3.11279 1.17493 4.40979 4.44031 1.49536 1.64795 6.39343 5.55420 12.06970 7.73621 5.52368 5.63049 1.83105 5.40161 8.20923 4.77600 3.69263 4.85229 5.37109 5.69153 7.23267 19.13452 12.39014 3.25012 0.15259 0.36621 4.16565 16.28113 6.85120 9.12476
2.83813 5.64575 9.03320 13.16833 1.08337 0.82397 2.76184 36.89575 26.90125 11.58142 8.54492 6.51550 6.13403 2.21252 7.78198 3.90625 1.22070 0.67139 4.36401 8.11768 8.69751 7.06482 11.39832 14.86206 6.80542 6.51550 3.35693 5.79834 4.21143 2.12097 6.22559
