DATA/RAW-RASTER/ECMWF/20170628/EN-12/20170708.en-12.asc
ncols			31
nrows			16
xllcorner		69.5
yllcorner		19.5
cellsize		1.0
NODATA_value	-99999
0.09918 0.02289 0.03052 0.23651 0.37384 0.31281 0.09155 0.01526 0.13733 0.12207 0.33569 0.25177 0.83923 1.06812 2.22778 1.25122 2.34222 4.92096 3.85284 7.20215 4.58527 5.71442 1.33514 2.52533 7.56836 21.98792 15.79285 21.29364 2.54059 1.60980 15.68604
2.29645 0.05341 5.65338 2.05231 1.45721 0.00000 0.18311 1.35803 0.00000 0.00763 0.25177 0.24414 0.26703 2.29645 1.67847 5.19562 8.88824 18.05878 10.85663 2.67792 0.93842 4.14276 1.52588 5.08881 14.75525 13.28278 18.11981 14.63318 2.16675 0.78583 0.78583
2.18201 0.30518 0.16785 1.51062 6.53839 4.70734 0.95367 0.00000 0.33569 0.03815 0.05341 0.09155 2.65503 1.93024 5.30243 9.01031 10.93292 12.27570 11.57379 8.85010 2.50244 5.92041 2.80762 8.36945 18.08167 5.82123 4.86755 2.57111 0.67139 0.71716 0.39673
0.25940 0.00000 0.00000 0.03815 0.63324 6.77490 7.82013 5.71442 0.00000 0.41199 0.64087 0.25177 0.39673 6.36292 6.18744 10.79559 11.29913 13.39722 14.61792 7.37000 6.57654 8.45337 10.16235 11.64246 9.48334 1.40381 2.78473 1.30463 0.54932 0.06866 1.53351
0.37384 0.00000 0.00000 0.00000 0.06866 1.59454 5.00488 3.72314 6.17218 1.01471 0.16022 0.80872 2.48718 7.86591 4.00543 9.63593 10.39124 9.56726 5.95856 8.03375 20.15686 12.37488 15.60211 1.01471 0.64087 0.80872 0.29755 1.22070 0.32043 0.25940 6.75964
1.77002 0.00000 0.00000 0.00000 0.00000 0.06104 0.70953 3.83759 10.07080 9.30786 16.86859 16.25061 6.49261 1.77765 1.95312 2.67029 12.26807 10.62775 12.97760 10.90240 7.94983 7.58362 3.53241 5.27191 1.16730 1.01471 2.00653 3.87573 2.12097 2.24304 6.43158
0.00000 0.00000 0.00000 0.00000 0.00000 0.00000 1.06049 1.19781 5.17273 1.51062 23.17810 15.92255 58.46405 4.88281 0.16022 1.60980 1.52588 3.57056 6.16455 2.72369 11.90948 7.59125 10.26917 6.62231 2.97546 6.02722 2.19727 4.23431 7.68280 9.21631 6.53076
0.00000 0.00000 0.00000 0.00000 0.00000 0.01526 0.00000 1.83105 3.80707 2.80762 5.76019 16.87622 6.50787 10.74982 8.77380 7.08771 4.75311 1.80817 0.37384 1.20544 1.80054 8.31604 10.55908 8.46100 26.93176 31.57043 49.17145 15.95306 12.23755 4.83704 11.20758
0.00000 0.00000 0.00000 0.00000 0.00000 0.05341 0.12970 0.53406 10.36072 2.50244 3.53241 7.59888 2.84576 3.10516 3.63159 2.97546 2.94495 6.98090 12.82501 17.76886 62.44659 26.35193 16.99066 37.60529 12.73346 12.92419 25.67291 18.83698 34.37042 9.39178 11.91711
0.00000 0.01526 0.01526 0.00763 0.02289 0.00763 0.32806 1.15967 5.57709 14.20593 13.38196 10.62775 2.87628 3.96729 9.59778 5.34821 7.30896 9.27734 11.39069 9.99451 11.16180 6.78253 15.22064 10.55145 3.89099 17.37213 25.36774 27.04620 21.94977 22.69745 6.97327
0.09155 0.07629 0.09155 0.02289 0.00000 0.63324 1.12915 9.07898 37.13226 40.81726 41.83960 9.90295 2.39563 4.73022 8.10242 4.00543 1.85394 2.67792 4.47845 8.18634 13.35907 14.34326 19.43970 6.16455 6.19507 19.51599 12.30621 12.74872 10.61249 3.91388 6.36292
0.20599 0.37384 0.41199 0.72479 0.90027 1.41907 2.43378 12.33673 28.29742 29.42657 42.73224 32.17316 6.30951 4.59290 5.04303 1.34277 0.80872 1.37329 1.51825 5.21088 3.23486 3.96729 2.12860 1.63269 2.15149 5.37109 15.97595 20.63751 9.52148 10.56671 5.93567
1.06049 1.02997 1.20544 1.54877 2.09045 1.12152 0.74768 4.45557 11.19995 18.09692 36.81946 17.36450 6.21033 6.71387 5.79834 2.01416 2.57874 1.25122 1.98364 2.92969 3.86047 3.23486 1.99127 3.75366 6.66046 8.94928 2.30408 10.97107 9.06372 4.63104 3.51715
1.26648 0.54932 0.70190 1.96075 2.56348 1.69373 0.89264 10.87189 13.62610 11.36017 17.60864 10.28442 9.88770 14.95361 9.88770 3.28064 1.89209 3.50952 4.10461 3.24249 8.52203 18.47076 2.19727 10.85663 5.30243 0.24414 3.05176 9.67407 5.84412 4.46320 5.62286
3.68500 1.93787 0.88501 4.48608 3.52478 1.07574 0.43488 6.79016 11.53564 15.12146 24.29199 13.99994 14.05334 22.95685 18.23425 5.65338 2.38037 5.37872 2.06757 2.12860 7.82776 9.72748 9.74274 7.35474 3.31116 8.64410 1.44196 9.60541 34.77478 11.14655 10.94055
3.73840 3.25012 6.60706 6.56891 0.84686 0.77820 1.34277 3.25775 13.16071 23.17047 12.03156 16.96014 11.72638 13.16833 4.98962 3.02124 4.40979 1.60217 3.63159 2.38800 3.98254 7.38525 10.84137 11.29150 18.47076 5.87463 8.43811 11.64246 9.22394 3.54767 6.99615
