DATA/RAW-RASTER/ECMWF/20170628/EN-12/20170705.en-12.asc
ncols			31
nrows			16
xllcorner		69.5
yllcorner		19.5
cellsize		1.0
NODATA_value	-99999
0.06866 0.09155 3.89099 1.89209 4.76074 4.02069 2.50244 1.48773 0.28229 0.10681 0.57220 2.09045 2.76947 3.03650 4.18854 2.07520 1.05286 0.27466 0.53406 2.57111 3.38745 10.11658 9.52148 6.89697 8.13293 9.50623 7.93457 5.83649 10.75745 1.98364 4.91333
0.00763 1.15967 3.47900 1.09863 1.79291 1.89972 0.67139 0.37384 0.02289 0.00763 0.01526 0.10681 1.26648 1.22070 2.93732 1.07574 0.82397 1.19781 1.09100 2.78473 11.58142 8.28552 9.86481 6.78253 10.78033 2.13623 8.78143 5.80597 2.57874 0.25940 0.13733
2.96783 6.23322 2.84576 2.76947 2.93732 3.42560 1.86157 0.12970 0.00000 0.00000 0.00763 0.00000 0.00763 0.11444 0.52643 0.70953 2.35748 1.28174 0.77057 1.75476 6.86646 8.19397 10.71167 5.74493 9.40704 7.32422 8.56018 8.22449 4.84467 5.46265 0.77057
2.37274 0.06866 7.21741 18.19611 16.42609 13.48114 0.22125 6.56128 0.06104 0.02289 0.00000 0.01526 0.00000 0.01526 0.38910 0.58746 1.19781 5.34058 0.75531 7.10297 3.70026 8.46863 15.97595 15.10620 9.49097 2.53296 5.75256 4.53186 14.45007 9.71222 2.44904
4.65393 0.53406 0.31281 1.60980 4.31061 17.65442 8.78906 1.52588 2.48718 0.12207 0.02289 0.51880 0.05341 0.02289 0.99945 1.26648 1.99890 6.15692 8.18634 8.33130 7.60651 8.03375 9.42993 1.08337 0.24414 1.85394 1.72424 3.93677 8.98743 7.98798 1.38855
1.40381 0.00000 0.00763 0.00763 0.00763 0.13733 3.82233 3.22723 2.53296 3.57819 8.22449 0.86975 3.20435 0.07629 0.63324 2.54059 6.72150 9.21631 8.86536 3.33405 1.89972 2.50244 8.72040 7.40051 5.57709 6.31714 1.39618 0.69427 9.81903 10.21576 3.23486
0.00000 0.00000 0.00000 0.00000 0.00763 0.00763 0.06866 0.27466 1.73950 8.23975 9.47571 19.36340 6.86646 3.91388 6.97327 6.95038 4.05884 8.88824 2.71606 7.68280 5.28717 4.05121 3.18146 3.45612 5.82886 24.84131 13.17596 5.77545 2.33459 12.61139 19.02008
0.00000 0.00763 0.00763 0.00763 0.01526 0.01526 0.00000 0.00000 0.06866 2.37274 9.22394 19.08112 26.80206 60.67657 215.54565 116.63055 30.81512 17.31110 15.74707 17.25769 21.69037 11.78741 13.74054 6.86646 39.77203 16.17432 34.33228 5.18036 20.51544 5.39398 16.65497
0.00000 0.00000 0.00763 0.01526 0.00000 0.00763 0.00000 0.00763 0.03815 0.05341 0.96130 5.41687 17.67731 17.31873 14.51111 31.19659 37.36877 117.23328 83.58765 81.40564 128.72314 46.27228 33.92792 8.40759 3.44086 2.10571 23.47565 18.62335 36.62872 21.22498 12.92419
0.01526 0.12207 0.28229 1.43433 1.12915 0.00763 0.13733 0.23651 0.02289 0.02289 0.32043 1.80054 4.53186 28.27454 18.13507 19.38629 26.16119 24.99390 42.69409 14.81628 16.12854 80.61981 65.01770 1.06049 4.79126 8.96454 20.47729 17.11273 77.16370 20.69092 3.07465
0.19073 0.56458 0.88501 1.59454 0.05341 0.00763 0.00763 0.91553 0.23651 0.20599 0.88501 0.78583 3.23486 11.56616 10.26917 11.60431 15.50293 17.02118 22.68219 13.01575 28.32031 26.30615 23.35358 5.97382 2.05231 19.85931 44.14368 29.73938 33.86688 11.09314 1.28937
0.37384 0.64087 1.85394 4.69971 4.01306 1.06049 0.22888 0.30518 0.05341 0.99945 4.71497 6.82068 16.62445 12.52747 19.59229 4.37927 24.07837 19.79828 11.50513 16.47186 26.15356 15.04517 1.01471 0.77057 8.44574 10.29968 3.56293 14.56451 18.43262 8.05664 1.96838
0.29755 0.41199 0.19073 0.47302 1.28174 1.19781 0.22888 1.47247 2.24304 3.65448 11.20758 15.22827 24.84131 27.56500 24.61243 4.33350 27.73285 13.99994 8.61359 22.10236 13.32855 16.13617 13.25226 3.27301 6.31714 0.53406 2.05231 13.47351 47.03522 22.32361 6.53839
1.60980 3.33405 0.48065 2.33459 4.56238 0.72479 2.16675 1.09863 1.57928 4.14276 29.92249 36.66687 59.18884 41.16821 37.58240 11.61194 5.11932 5.15747 8.59833 9.43756 12.19177 35.17151 19.98901 8.95691 17.96722 0.28992 7.03430 23.55194 28.64838 7.67517 15.19012
3.23486 2.18201 1.69373 2.89917 3.10516 2.02942 1.02234 1.14441 0.55695 10.70404 23.73505 35.52246 55.84717 104.14886 21.01135 15.74707 0.56458 3.15857 10.33783 10.52094 18.92853 16.34216 22.09473 9.95636 4.91333 0.48065 2.46429 7.84302 13.74054 18.91327 8.81195
2.67029 2.68555 4.27246 8.23975 0.54169 1.92261 1.15967 1.15967 0.72479 2.41089 5.20325 12.29858 2.97546 2.68555 16.98303 33.59985 6.53076 2.94495 8.49152 9.65881 8.78143 8.38470 9.91058 12.71820 19.33289 3.87573 15.14435 1.91498 5.62286 4.98962 3.46375
