DATA/RAW-RASTER/ECMWF/20170628/EN-12/20170707.en-12.asc
ncols			31
nrows			16
xllcorner		69.5
yllcorner		19.5
cellsize		1.0
NODATA_value	-99999
0.04578 1.19019 0.01526 0.03052 1.12152 0.25940 0.74005 0.10681 0.48828 0.02289 0.41962 0.80109 1.89972 0.61035 1.19019 2.02942 2.90680 0.54932 1.93024 7.10297 6.85883 9.55963 1.59454 9.65881 1.77765 0.70190 0.03052 0.00000 0.00000 0.21362 1.32751
0.02289 0.04578 0.01526 0.65613 3.14331 0.00000 0.21362 0.42725 0.11444 0.02289 0.12970 0.05341 0.25177 0.73242 1.31226 0.40436 1.54877 0.38147 1.66321 4.41742 4.11224 1.99890 11.49750 10.69641 1.93787 2.54822 0.08392 0.24414 1.27411 0.94604 4.66919
0.39673 0.19836 0.06104 0.45013 1.33514 1.20544 0.88501 0.01526 0.00763 0.00000 0.01526 0.06104 0.00763 0.00000 0.00000 0.15259 0.51117 0.62561 1.06812 1.82343 2.05231 8.17871 2.81525 7.33948 1.51062 0.68665 4.50134 0.55695 0.98419 2.69318 2.79999
0.16785 0.16785 0.11444 0.45776 0.22125 2.73132 4.55475 3.91388 0.03052 0.01526 0.03052 0.09155 0.01526 0.14496 0.14496 0.18311 0.42725 0.14496 0.80109 3.47900 5.33295 8.94165 8.88062 8.56018 6.79779 0.06104 3.85284 2.88391 3.35693 4.08173 4.19617
3.63922 0.00000 0.06104 0.24414 1.38092 1.41907 0.54932 0.86212 4.07410 0.46539 0.00000 0.25940 1.38855 1.42670 3.18909 0.80872 0.74005 3.78418 1.31989 2.51007 1.98364 2.72369 10.00977 13.35144 2.44904 1.93024 1.45721 3.80707 16.85333 3.95966 3.47137
1.09100 0.00000 0.00000 0.01526 0.02289 2.40326 1.40381 2.18201 0.85449 21.98029 1.32751 6.62231 8.65936 6.37054 4.63867 5.52368 12.29095 5.05066 3.61633 3.72314 2.65503 6.72150 1.20544 6.34003 5.60760 3.60107 4.93622 1.89209 5.05066 13.54218 7.94983
0.00000 0.00000 0.00000 0.00000 0.00000 0.09155 2.38800 2.00653 2.83051 2.36511 6.59943 1.70898 30.47180 8.81958 0.63324 1.03760 0.90027 0.67902 0.13733 0.31281 1.54114 0.31281 5.11932 4.57001 6.59943 5.42450 29.51050 6.76727 9.07898 18.08167 7.15637
0.00000 0.00000 0.00000 0.00000 0.00000 0.00000 0.01526 0.28992 3.54767 4.98199 4.81415 6.36292 71.04492 51.91040 19.90509 4.47845 3.73077 0.12207 0.16022 0.13733 0.15259 2.75421 0.32043 14.52637 37.42981 62.42371 53.18451 17.21191 46.99707 15.97595 8.31604
0.02289 0.03052 0.00000 0.00000 0.00000 0.00000 0.11444 0.54169 5.51605 4.82941 11.87897 9.17816 74.67651 12.13837 6.04248 6.15692 1.63269 4.65393 44.83032 18.23425 44.41833 10.91003 6.77490 23.65112 5.93567 6.92749 26.61133 14.51874 14.25934 13.16071 3.75366
0.14496 0.17548 0.10681 0.01526 0.11444 0.00000 0.01526 0.34332 1.30463 12.41302 17.99011 6.46210 4.45557 17.68494 8.17108 11.74164 3.89862 3.56293 6.27899 6.83594 4.73022 2.00653 14.34326 3.09753 4.28009 7.42340 27.61078 57.57904 47.18781 9.36890 5.90515
0.29755 0.46539 0.53406 1.51062 0.03052 0.19073 0.27466 0.22125 1.90735 7.69806 39.83307 15.67078 10.42175 3.65448 26.36719 8.01086 7.43866 1.85394 5.79071 3.82996 10.30731 10.63538 13.61084 7.50732 4.35638 17.28058 21.92688 20.30182 25.79498 6.62231 5.81360
0.45776 0.29755 1.09100 2.14386 1.35803 0.22888 0.14496 0.10681 0.50354 6.22559 18.19611 40.94696 58.60901 12.30621 4.78363 13.69476 10.47516 6.64520 7.75146 3.16620 4.04358 4.36401 1.96075 3.95966 8.72803 25.26855 10.51331 24.18518 8.75854 9.59015 8.29315
2.38800 1.87683 0.38910 1.41144 2.54822 0.61035 2.49481 0.07629 0.52643 0.25940 10.18524 12.71820 4.93622 5.85938 8.02612 8.57544 16.76178 8.82721 11.70349 4.55475 2.74658 3.99780 5.09644 12.39777 21.42334 6.84357 11.41357 15.20538 8.72803 7.43866 6.14166
1.44958 3.96729 0.32043 1.86920 1.16730 0.10681 0.61035 1.28937 0.44250 1.09100 5.47791 7.60651 25.41351 9.16290 14.32800 25.61951 15.38086 1.85394 9.71985 3.83759 5.94330 8.39996 20.53833 10.54382 7.45392 0.19073 1.35040 18.04352 14.71710 7.15637 1.99127
2.78473 2.41852 1.09100 4.21143 1.57166 0.38147 0.44250 1.36566 1.25122 0.60272 0.81635 7.94983 16.26587 13.90839 24.91760 14.61792 3.47900 7.75146 6.05011 6.17981 4.73022 5.86700 19.39392 16.31165 3.48663 1.06812 10.42175 7.49207 6.63757 5.88989 12.93182
4.29535 2.71606 4.00543 11.26862 1.22070 0.81635 1.19019 1.32751 1.12152 0.70953 2.58636 7.39288 3.30353 21.58356 6.11877 6.20270 5.96619 2.47192 3.94440 1.53351 2.50244 4.13513 8.23975 18.24951 13.93127 6.28662 14.91547 6.07300 13.46588 11.38306 6.24847
