DATA/RAW-RASTER/ECMWF/20170628/EN-12/20170702.en-12.asc
ncols			31
nrows			16
xllcorner		69.5
yllcorner		19.5
cellsize		1.0
NODATA_value	-99999
0.01526 2.13623 0.43106 2.12479 3.88718 1.57547 2.64740 0.04959 0.07629 0.05341 1.14822 1.27029 1.72806 0.96893 2.29263 3.55911 1.77383 3.15857 1.88446 1.80054 5.42068 4.31061 3.15475 2.81906 1.52588 1.08719 1.80054 1.59454 0.60654 2.57874 4.59671
0.15259 0.16022 0.20981 1.35040 3.01361 2.53677 0.05341 0.06866 0.06866 0.00000 0.35858 1.42288 0.48447 0.90027 3.60107 2.63977 4.60434 4.88663 8.68988 7.31277 15.42664 9.96399 9.44138 5.51987 4.07410 1.73187 1.23215 2.07901 1.31607 5.56183 8.52585
0.55695 0.14496 1.55640 5.04684 0.58746 1.38474 3.83377 0.02289 0.06866 0.00763 0.00000 0.62943 0.82397 0.97275 0.35095 1.37329 3.23105 3.60489 5.30624 14.65607 13.59940 19.93561 10.88715 5.61142 4.37164 2.37274 0.69427 0.56458 1.53351 2.73895 5.72968
2.07520 2.11334 1.11008 2.45667 5.06592 1.07193 1.18637 3.13187 0.06866 0.00000 0.02670 0.03052 0.20218 2.17056 1.46866 0.44250 1.24359 3.02124 4.19235 5.86319 4.59290 14.75143 13.21793 9.87625 6.10733 4.97437 1.21307 1.16730 1.36566 5.84412 5.09262
1.64032 0.00763 0.01526 1.72424 4.50897 6.90079 1.15204 0.90790 2.82669 0.43488 0.01526 0.13351 1.20544 4.37164 3.97110 8.02994 12.74872 13.17215 14.81247 16.45660 13.00430 12.96997 12.73346 12.06589 10.76508 12.34436 7.49969 12.56943 5.00107 5.42068 5.64957
0.00000 0.00000 0.00763 0.05722 1.19019 1.40381 1.76620 0.62561 1.16348 5.45502 13.65280 9.15527 5.77545 2.61688 4.49371 8.15582 16.76178 11.31058 6.29425 5.01633 4.90189 2.38800 4.15802 16.68549 15.88821 14.49966 7.61032 1.95312 9.80759 16.62445 4.45557
0.00000 0.00000 0.00000 0.25558 0.08774 0.26321 4.17328 1.76239 1.29700 2.96402 8.64792 20.45059 10.06317 7.90405 2.39563 3.87955 4.40598 3.15475 0.77438 1.34277 1.63651 3.63922 6.21414 12.05444 16.29639 38.27286 40.41672 11.94000 2.46048 12.32529 5.27573
0.00763 0.00000 0.00000 0.00000 0.21744 1.72424 2.26212 3.43323 1.30081 1.82343 9.59015 14.31656 53.87878 8.09097 23.33450 16.08276 11.39069 5.05447 8.07953 4.64249 3.14331 14.53018 13.37814 24.71924 15.52582 47.52350 85.25467 37.84943 19.74487 5.83267 3.56674
0.00000 0.00000 0.00763 0.00000 0.43869 0.75531 2.77328 4.81415 3.28827 3.83759 5.17654 2.57492 34.38950 10.55145 22.91489 6.22177 108.58917 12.77542 34.41620 18.50510 42.90009 102.79846 44.62814 28.84674 15.59830 13.06152 13.75580 41.55731 53.58887 13.06152 2.89917
0.01144 0.10681 0.07629 0.04196 0.78201 0.93842 3.94821 4.55475 7.81631 7.66754 13.37051 15.89203 26.42059 27.47345 22.73560 42.42325 17.03262 28.16391 13.45062 16.46805 8.82339 9.15146 23.28110 1.94931 1.99509 12.80212 37.11319 83.68683 109.26056 10.47134 3.98254
0.17548 0.13733 0.24414 0.57220 1.15204 9.68170 5.60760 12.62283 13.08060 12.81357 31.33011 13.43918 28.09143 13.44681 1.24359 16.26968 11.41357 21.54541 14.94980 11.08170 9.75418 20.49637 44.70825 13.02719 4.28009 13.67188 5.82886 10.65063 49.86191 38.05161 21.11816
0.35095 0.32806 0.87357 18.26096 3.25012 1.88065 0.29755 1.37329 14.65988 9.91058 24.71542 31.66199 31.99387 8.38089 8.52585 5.46265 8.74329 22.85767 11.03210 8.28552 8.46481 4.69971 1.12152 2.05994 15.68985 1.17111 5.51987 15.73181 39.38293 42.15622 11.28006
0.42343 1.91116 0.89645 2.86484 13.18359 5.78690 1.40381 1.70898 6.74438 20.43915 41.09192 12.40540 7.31277 4.72641 52.09732 12.92801 5.77164 4.86755 3.79181 5.25665 4.35257 5.02396 4.62341 4.43268 3.72696 2.02179 1.48392 5.94711 16.08658 22.88437 10.37598
1.56403 1.70517 0.49210 1.80054 2.12479 1.33896 3.85284 8.65555 8.93021 38.89084 154.22440 60.06622 19.42444 5.81360 4.77600 27.84729 7.92694 4.01306 3.45993 4.91333 6.55365 4.84085 6.21414 12.07352 1.80817 0.63705 0.62943 0.63705 4.48608 5.26047 9.18579
1.15204 1.02234 1.70135 3.24249 2.96402 1.41907 0.88120 2.56729 3.41034 14.55307 25.30289 3.82614 1.67847 10.33783 1.99509 2.33078 10.65445 19.44733 6.72150 13.02338 3.04031 2.24304 16.66260 14.82010 1.79672 1.12915 1.35803 1.11771 0.91934 10.66589 5.07736
2.33459 4.69208 3.39508 10.32257 2.22778 4.85992 1.28555 6.99997 7.22122 8.53729 7.96509 18.29529 23.94104 1.92261 3.04794 2.53296 5.57709 5.89371 4.16183 3.44086 2.61307 2.51389 7.43484 22.15576 26.37482 5.09644 8.51822 1.07956 1.33133 1.35040 2.61688
