DATA/RAW-RASTER/ECMWF/20170628/EN-12/20170629.en-12.asc
ncols			31
nrows			16
xllcorner		69.5
yllcorner		19.5
cellsize		1.0
NODATA_value	-99999
3.81660 4.25148 3.87192 5.14030 9.61685 4.04549 6.78253 11.08932 10.29205 7.28416 15.08141 13.17406 13.98849 6.84357 10.46562 8.69942 5.60379 5.03540 6.67763 13.38196 3.28827 1.42860 0.79346 0.74577 1.57928 0.38528 0.61607 0.28419 0.35477 0.37956 1.62888
0.17738 1.97792 4.03214 12.10403 23.84949 8.31413 27.41432 44.88564 23.91243 12.18224 8.52394 8.91113 12.68196 8.70705 5.09071 7.67708 4.29535 2.72560 6.27518 9.75418 4.94385 11.39641 5.12886 2.62070 1.41716 1.74713 0.90218 1.45912 0.94986 0.57411 1.01662
2.70653 6.93893 1.35803 1.57738 5.50079 30.37071 91.51649 38.31863 12.10213 3.38364 2.22778 2.88391 1.76811 9.58252 2.52151 2.54250 1.24168 4.61578 7.24030 2.65503 4.37164 5.72205 2.99835 10.87570 8.85010 7.47871 2.92969 4.40788 0.99754 0.50926 0.92697
4.50134 3.52669 0.36240 5.57709 7.77435 167.44232 94.79332 57.68013 32.96661 2.96402 3.81470 0.50545 0.73051 3.07655 5.72968 1.73759 0.32234 1.49345 1.35422 2.43378 7.86781 9.51195 14.79149 9.86099 13.11493 3.29781 10.45036 5.00488 8.34084 6.36864 1.23787
1.40190 7.55310 5.44930 3.23486 2.38419 88.00316 63.71689 30.72548 33.19168 25.07401 4.00162 2.23732 1.58882 0.95940 1.06430 0.66566 0.94414 0.68665 2.73705 1.78146 7.97081 7.98035 6.11687 8.44002 4.75502 10.22339 6.55556 14.90974 10.66208 6.64139 9.35555
0.70000 2.41089 5.05066 13.49068 9.70459 31.96144 45.58945 38.23090 28.26118 24.35684 22.43805 2.79236 5.65147 0.23079 1.54686 1.49155 1.03760 0.92316 1.29318 6.02150 5.13458 6.40297 4.71497 7.19452 7.68852 10.51712 1.18256 3.68118 17.28821 7.65228 7.96318
1.23024 6.12640 38.04779 22.50862 16.66260 43.99681 16.86096 21.13914 31.99959 29.56963 16.18958 15.73753 5.08499 2.25639 0.03433 0.56839 0.73242 0.63515 1.10054 1.82533 2.74467 2.92206 5.79834 7.65610 7.40814 14.95934 10.02693 8.64029 1.37901 12.29668 5.50461
24.54376 6.78825 25.34866 11.22665 3.87001 17.98630 11.83891 15.90919 9.66835 24.79362 20.71762 7.88498 1.61171 2.63596 0.80109 1.33705 3.38554 0.30518 0.25177 2.31743 1.29890 4.18854 0.62180 40.35378 38.24234 134.57870 22.73560 11.76262 3.40080 6.54030 8.76617
12.84409 19.17267 9.67407 6.38199 5.59044 2.09618 1.23978 7.39479 10.72884 4.93240 13.40294 15.53535 10.24055 3.68690 2.04086 4.42886 2.81715 4.39262 3.16238 5.11742 11.26671 5.54848 9.28688 15.34653 19.36150 35.01511 8.45718 9.12476 55.00412 9.40514 17.48276
4.02641 4.07410 0.95749 1.72424 1.08147 0.74959 0.78011 0.93651 7.51686 16.82281 9.39751 12.11357 12.39777 10.61440 20.63560 6.80351 3.45802 2.93541 4.57573 11.47842 5.77736 0.84114 7.27844 10.87379 14.19449 8.63075 5.09262 16.93726 18.54897 5.36346 17.76314
4.49944 1.33896 0.56839 0.36812 0.45204 0.96893 0.49782 1.20163 0.76675 8.23975 14.30893 25.22087 13.51166 7.04765 6.95610 8.65173 1.22833 3.05557 2.94495 2.63405 5.80406 16.57295 19.03915 9.83047 11.78741 23.41652 26.58653 63.24577 39.70528 10.49042 9.48715
34.85489 1.78146 3.55721 10.06126 2.83432 0.76294 1.16920 0.56458 1.12343 5.39589 16.97731 22.91679 14.68086 14.92119 5.30243 3.30544 4.42314 3.04604 3.61443 4.17137 1.08337 4.31442 1.13106 12.18224 16.13235 31.95763 7.19452 8.97789 20.98274 20.53261 7.15065
7.65991 8.93021 4.93622 4.83704 2.45476 1.33896 0.97275 0.59509 2.20680 1.67465 15.85770 30.93529 28.94974 7.04193 14.66751 1.72234 4.00543 1.77383 3.99780 3.79753 12.26616 9.77707 1.89018 13.08250 11.35254 8.53157 2.58827 18.89992 26.52550 8.20732 1.74522
10.42747 8.65746 1.99318 4.77600 1.86348 0.23079 0.32997 0.80681 0.94414 1.63841 18.82744 7.98416 7.45773 22.99690 21.41953 1.70708 2.82288 3.13377 4.20380 5.57137 4.43077 10.32448 8.62885 13.58795 1.61362 0.85258 1.90163 11.04546 46.75865 53.66135 6.52313
45.76492 10.00977 10.41794 10.81276 4.05693 1.80435 0.82016 0.65613 1.10626 4.21524 8.77571 6.66046 8.53729 11.40213 25.45547 0.81825 0.71907 1.32370 2.49100 3.31879 5.91087 5.87463 7.57027 11.24954 11.02448 0.57983 2.04659 0.51880 0.65613 17.63916 26.91650
18.63670 18.36967 15.35225 30.24483 3.40080 1.99318 0.69237 5.88417 2.57492 0.67902 3.49045 6.89888 1.98364 2.99072 1.73187 4.99535 4.39262 6.01578 4.44031 5.81932 5.64194 6.27518 12.96616 17.60483 13.47923 3.18146 4.36974 21.67702 1.24550 7.70760 15.28740
