DATA/RAW-RASTER/ECMWF/20170628/EN-12/20170701.en-12.asc
ncols			31
nrows			16
xllcorner		69.5
yllcorner		19.5
cellsize		1.0
NODATA_value	-99999
1.04904 0.72098 1.73187 1.56021 7.09534 5.82123 4.39072 1.08719 0.12970 0.05722 1.06430 1.15967 2.87247 2.23541 1.85776 2.92969 7.51114 4.45175 1.29318 2.33841 9.05609 9.07135 8.49152 8.74710 10.18143 6.37436 11.34872 15.06042 12.13455 16.25061 15.18631
0.00000 0.00000 0.61417 0.34332 1.94550 0.25940 0.01144 0.13733 0.11063 0.12589 0.83160 2.74277 2.15149 9.02939 9.54056 2.46429 0.73242 0.91934 1.47247 1.72424 0.46921 2.22015 3.07083 7.13348 13.24081 13.59940 13.08823 14.64844 20.72906 22.56393 6.96945
0.01144 0.42725 0.12589 0.20218 1.81198 3.50189 0.37384 0.04578 0.14496 1.23978 2.69699 2.47955 1.63651 2.81906 3.33405 11.89423 10.36835 7.16019 5.84793 4.27628 5.44357 5.53513 1.42670 7.62939 6.74820 5.67245 12.80594 22.35031 14.43863 15.29312 9.01031
0.40817 0.09918 0.01907 0.06104 3.53241 0.30136 0.27466 2.82288 0.57983 0.48828 0.59128 1.85394 5.42831 2.29263 8.47244 9.19724 13.14926 8.09479 12.14600 8.79669 10.12421 7.65228 9.50241 11.84464 8.60596 3.85666 7.90787 11.16562 13.46588 13.17596 12.27570
0.46158 0.84305 1.39999 2.38419 0.09155 0.00381 0.16785 0.51117 2.65884 0.51117 0.49591 0.50735 5.83267 1.47247 2.26593 4.10461 7.38525 12.35580 10.44464 14.59885 25.80261 8.63647 14.41956 9.50623 3.61633 0.62180 0.84686 5.23758 4.11606 10.79178 15.31601
0.73242 1.04523 0.36621 0.96130 0.62561 0.24033 0.53024 0.27847 2.00272 9.73511 23.84949 8.24738 4.67682 1.62125 2.14767 3.62396 4.02832 3.63541 6.66046 5.48935 2.75421 8.67081 11.02829 7.23267 7.86972 12.51984 4.21143 0.78583 6.54221 1.48392 6.92368
0.01907 0.17548 0.13351 0.28229 0.24414 1.06430 1.80054 0.77057 2.26974 2.17438 4.86755 9.33075 23.83804 7.28607 5.37491 3.62015 2.41470 1.37329 2.06375 0.94986 5.06973 2.03323 6.23703 5.79071 10.13184 67.50107 48.06519 16.10565 4.68445 5.34821 3.65067
0.14114 0.16403 0.69809 0.24033 0.47684 0.99564 1.19019 0.62943 1.77383 5.60760 4.54330 4.11987 9.47952 29.88052 32.50504 10.58197 48.67935 6.30951 14.10294 14.44626 23.35358 26.77536 8.03375 26.37100 31.70776 42.46902 62.13760 19.97757 23.32306 6.88934 5.62286
0.00381 0.02670 0.06866 0.09918 0.53406 0.80490 1.86157 3.30353 4.07028 3.33786 5.07355 12.10022 19.34433 17.29965 27.26746 18.93997 192.00516 11.24191 90.83939 208.45413 138.39340 220.38269 28.58734 35.01129 13.75961 5.65338 11.28006 65.36102 81.39038 30.93719 5.72968
0.00000 0.25558 3.09753 1.36185 6.65665 0.85449 0.86975 0.70572 1.58310 6.06918 10.16235 5.17273 13.03101 26.37100 29.03748 11.34491 19.92035 8.51822 21.99936 9.72366 7.21359 8.43811 48.13385 2.33078 2.32315 7.15637 45.21942 9.04465 60.46677 13.52310 17.46368
0.14114 0.23651 20.00427 6.76346 3.35693 5.35965 0.60654 0.85831 0.33569 1.12534 3.62015 5.09262 16.23154 12.57706 13.62991 72.76917 14.85062 8.91495 10.97488 16.18958 6.45447 12.28333 29.97208 3.16238 15.94162 48.48099 3.00980 18.02444 50.65536 25.50125 8.51822
0.34332 0.36621 5.18417 259.03320 10.47134 2.70081 2.02560 0.75150 0.08774 0.69046 0.64087 1.39618 4.31061 3.37601 10.47897 14.06479 18.07404 17.81082 9.71222 10.25772 4.62723 2.31934 2.44141 2.42996 8.79669 2.93732 1.34659 13.43536 5.29099 11.12366 4.26102
0.46539 1.79291 3.43323 12.62665 38.11646 4.37927 3.24249 6.96564 1.24741 0.06485 0.02670 0.60654 1.22070 14.47296 15.70892 4.35638 11.00922 5.61905 10.08987 2.73132 2.07520 8.94547 2.33841 5.31387 1.26648 1.54114 6.21033 2.10571 6.95419 6.32477 5.33295
1.50681 1.15967 1.67084 8.06046 20.38574 9.02176 10.37979 8.12531 4.85611 1.00327 0.28992 2.97165 0.35477 0.74387 12.11166 25.94376 22.20154 8.03757 9.74274 7.28607 7.72476 11.41357 3.12042 9.14001 2.52914 2.46811 2.56729 10.82993 12.96234 7.38144 12.68387
3.50571 0.63324 2.47192 25.70343 25.88654 19.34433 4.86755 3.54767 4.75693 0.50735 2.38800 2.26974 6.08444 1.13297 1.27029 6.51550 10.23865 18.17703 19.87839 16.54816 8.35419 7.74765 27.39334 22.56393 1.78909 2.56348 2.35367 3.70789 0.62561 7.41196 6.24466
4.47845 17.20810 34.52682 47.68372 12.82501 19.74869 5.14603 2.10190 2.98691 0.90408 5.41687 2.27356 4.97055 7.56073 3.43323 11.32965 11.83319 43.81943 45.97473 18.77213 6.89697 9.97925 23.58246 34.23691 35.94208 6.21414 11.77597 4.11224 1.23978 0.67139 3.23868
