DATA/RAW-RASTER/ECMWF/20170628/EN-12/20170704.en-12.asc
ncols			31
nrows			16
xllcorner		69.5
yllcorner		19.5
cellsize		1.0
NODATA_value	-99999
0.43488 0.09918 3.52478 0.57220 6.31714 5.11169 2.26593 2.19727 0.42725 0.02289 0.45013 0.90027 1.62506 4.08936 6.43921 6.08063 4.99725 9.23920 5.02014 5.60760 4.13513 0.90027 0.09155 0.01526 0.02289 0.08392 0.42725 1.33514 0.52643 0.70953 6.35529
0.05341 0.35858 0.32806 1.66321 4.16565 0.25940 0.22125 0.50354 0.08392 0.19073 0.35095 0.17548 1.33514 1.43433 1.11389 6.82068 4.29535 5.12695 4.82178 2.49481 0.76294 1.34277 0.14496 0.02289 0.00000 0.20599 0.35858 1.28174 0.61035 2.49481 1.12915
0.38910 1.31226 0.10681 1.94550 2.04468 2.04468 0.91553 0.19836 0.05341 0.19836 0.46539 0.06104 0.33569 0.37384 0.85449 5.97382 3.89862 3.80707 5.98145 5.35583 1.63269 0.38910 0.02289 0.33569 0.97656 0.00000 0.43488 2.79236 3.02124 1.49536 0.67139
0.90027 1.16730 0.07629 0.95367 8.09479 9.63593 5.17273 9.30023 0.06104 0.01526 0.02289 0.13733 0.93079 0.91553 0.35858 4.81415 5.76782 9.90295 4.94385 4.41742 5.13458 0.54169 1.25122 2.04468 2.66266 0.28229 3.35693 7.32422 3.50952 0.78583 0.87738
0.60272 0.63324 2.88391 0.00000 5.21088 3.09753 1.99890 1.35040 0.74005 0.09918 0.03052 0.09918 0.28992 0.83923 5.17273 6.26373 3.38745 7.49969 7.38525 3.76892 4.44794 2.15912 1.28937 0.80872 8.11768 6.15692 4.53186 20.26367 25.68817 4.55475 2.51770
0.06104 0.00763 0.00000 0.00763 0.00000 0.00000 2.18964 1.15967 1.30463 2.13623 13.93127 7.75146 1.18256 0.99945 0.49591 2.15912 1.54114 2.31171 8.60596 8.43048 12.89368 6.72913 4.15802 8.78906 8.49152 7.47681 10.32257 9.35364 8.33130 4.22668 6.47736
0.00000 0.00000 0.00000 0.00000 0.00000 0.00000 0.00763 0.26703 2.02179 0.96893 0.77820 6.58417 5.39398 2.62451 0.83923 5.04303 3.73840 7.14874 7.39288 16.41846 10.42175 4.97437 19.32526 20.46204 23.10181 34.21021 42.73987 16.05988 6.81305 9.36890 7.40051
0.00000 0.00000 0.00000 0.00000 0.00000 0.13733 0.00763 0.00000 1.20544 1.83105 1.01471 1.93787 5.39398 11.11603 14.24408 20.56885 12.39014 3.16620 18.40973 17.43317 17.99011 17.08984 20.40863 69.08417 95.71075 66.74957 21.52252 21.36230 33.14209 8.19397 6.17981
0.03052 0.00763 0.00000 0.00000 0.05341 0.00000 0.00000 0.14496 2.29645 2.23541 1.81580 1.85394 3.03650 4.50897 15.12146 26.39008 20.40100 12.56561 49.52240 92.04865 31.60858 119.36951 173.43140 55.92346 44.67010 13.37433 8.49915 48.42377 52.92511 8.39996 8.62122
0.11444 0.32043 0.11444 0.40436 0.35095 0.03052 0.00000 0.03052 0.48065 1.48010 2.10571 2.51007 5.35583 9.64355 12.51984 10.90240 12.50458 16.33453 20.69092 45.34149 63.08746 33.54645 99.93744 12.34436 11.19995 23.35358 10.87952 27.45819 35.70557 29.81567 5.47028
0.28992 0.97656 0.77057 0.79346 0.00000 0.27466 0.76294 0.76294 2.24304 0.81635 5.22614 0.89264 8.48389 6.21033 4.50897 14.60266 17.21191 9.71985 12.93945 12.95471 77.21710 23.00262 96.87042 11.90948 19.05823 21.03424 14.38904 18.08167 20.81299 6.88171 1.98364
0.78583 0.90790 1.41144 2.37274 0.48828 0.98419 0.07629 1.09863 2.48718 8.94928 4.12750 4.44031 9.80377 10.49042 9.57489 7.53784 10.81848 16.52527 5.66864 3.12805 25.58136 15.51056 4.98962 3.32642 19.65332 4.11224 8.05664 7.13348 19.17267 1.89972 4.40979
0.74768 1.23596 0.27466 0.86212 2.02179 2.89154 3.37982 1.62506 14.92310 25.02441 14.43481 20.59937 4.00543 20.59174 13.90076 7.37000 1.99127 2.81525 6.72913 8.91113 20.30945 19.24896 11.40594 62.27875 19.18030 1.64795 0.93842 16.35742 17.43317 4.06647 9.41467
1.57928 1.55640 0.56458 0.37384 1.96075 0.22888 6.22559 8.02612 0.96893 13.45825 23.52905 11.27625 31.90613 23.48328 17.02881 11.81030 1.14441 0.45013 1.14441 1.00708 13.40485 14.19067 39.44397 43.39600 10.42175 4.82941 1.60217 19.29474 7.53021 12.51984 7.49207
1.59454 2.43378 0.99945 3.65448 2.86865 2.16675 0.80872 1.94550 2.88391 1.98364 46.46301 28.63312 37.65869 16.11328 7.69043 2.25830 0.42725 0.66376 3.43323 10.73456 8.19397 15.91492 32.75299 32.33337 26.91650 1.57166 1.31989 1.69373 2.08282 13.68713 18.80646
2.25067 4.11224 4.08936 5.97382 1.06049 2.16675 1.27411 2.09808 3.31879 3.02124 6.59180 27.33612 25.75684 9.97162 13.68713 1.04523 0.49591 9.22394 20.14160 2.89154 2.08282 2.74658 12.47406 22.36938 39.27612 4.62341 6.55365 7.88116 7.94983 10.06317 3.41034
