DATA/RAW-RASTER/ECMWF/20170628/EN-12/20170709.en-12.asc
ncols			31
nrows			16
xllcorner		69.5
yllcorner		19.5
cellsize		1.0
NODATA_value	-99999
1.56403 1.48010 3.82996 1.22070 2.51007 2.04468 0.51117 0.01526 0.04578 0.01526 1.35803 1.33514 1.66321 1.61743 1.38855 0.64087 0.58746 0.35858 4.51660 3.98254 17.10510 13.13019 8.46100 3.22723 1.27411 1.08337 5.46265 17.95197 10.74219 12.41302 16.52527
1.60217 0.61035 13.50403 16.17432 1.06812 0.93842 0.22888 0.57220 0.00000 0.06866 0.69427 0.42725 3.54767 1.12915 2.22778 1.00708 0.79346 7.24030 12.95471 26.60370 16.33453 8.88062 6.35529 6.72913 7.27081 13.30566 9.36127 15.45715 12.08496 8.39233 11.41357
1.77002 5.90515 0.34332 8.17108 4.02832 5.59998 1.45721 0.01526 0.00763 0.00000 0.24414 1.99890 1.41144 1.96075 1.41144 0.60272 1.26648 1.09863 11.58905 8.43811 14.02283 12.14600 17.90619 16.94489 14.59503 8.55255 3.21198 8.30078 5.06592 5.71442 4.47083
0.59509 0.00000 0.10681 0.35095 2.45667 7.90405 7.69806 10.45990 0.03052 0.00763 0.80872 1.44196 0.26703 3.12042 1.45721 2.59399 1.12152 1.89209 5.83649 6.73676 7.27081 15.58685 12.77924 7.11060 2.12860 0.12207 4.59290 4.82941 3.41034 6.01959 3.12805
0.77820 0.00000 0.00000 0.00000 0.16785 4.20380 7.84302 5.94330 11.62720 0.40436 0.75531 0.75531 2.25830 3.89099 2.43378 4.34875 6.11877 6.89697 8.23212 12.68005 11.84082 7.58362 2.76947 1.00708 0.06104 0.05341 0.28229 7.11060 4.27246 5.61523 4.12750
0.03052 0.00000 0.00000 0.00000 0.16022 0.65613 2.44141 5.77545 9.77325 10.07080 35.15625 5.66864 3.26538 2.83051 4.96674 9.65881 11.44409 15.92255 8.27026 13.13782 9.36890 5.34058 1.93787 0.48065 0.72479 8.04138 1.48773 1.70135 5.90515 2.96021 6.88171
0.00000 0.00000 0.00000 0.00000 0.00000 0.01526 1.06812 3.48663 4.24957 2.22778 3.87573 19.59991 6.51550 6.04248 2.39563 13.68713 9.59778 11.88660 24.17755 10.13184 6.30188 4.05884 0.99945 0.83160 6.56891 3.50952 4.48608 5.60760 2.49481 9.53674 6.93512
0.00000 0.00000 0.00000 0.00000 0.00000 0.06104 0.25177 2.27356 8.56781 3.84521 2.15912 3.52478 5.83649 10.69641 7.16400 7.30133 18.72253 4.23431 0.35095 1.22833 5.82886 12.51221 1.59454 16.27350 18.71490 73.68469 23.82660 11.16180 18.06641 2.32697 7.49207
0.00000 0.00000 0.00000 0.01526 0.00000 0.01526 0.18311 5.84412 17.49420 5.46265 4.92859 3.61633 3.36456 3.64685 4.20380 2.77710 25.42114 78.55988 9.39178 114.37988 30.77698 8.48389 14.25934 21.94214 9.03320 5.05066 15.92255 15.93018 39.11591 6.05774 11.84845
0.00000 0.01526 0.10681 0.14496 0.00763 0.00000 1.50299 2.44904 11.03973 10.91003 6.75964 4.10461 6.83594 9.84192 6.20270 3.82996 10.12421 29.15192 34.72137 8.94928 8.69751 7.14874 19.21844 2.04468 5.13458 9.27734 19.13452 14.54926 23.21625 2.54059 5.47791
0.07629 0.10681 0.34332 0.17548 0.00000 0.00763 5.37872 7.96509 12.71820 21.49200 8.48389 5.54657 5.63049 8.20923 3.89862 13.63373 15.22827 10.26917 22.98737 18.45551 6.59943 15.50293 20.58411 44.38019 5.21851 35.17914 16.52527 25.46692 30.50995 4.97437 8.46100
0.19836 0.99945 1.00708 1.83868 0.54169 0.88501 22.31598 24.33014 20.70618 37.18567 19.10400 10.55908 0.72479 3.41034 5.05066 10.70404 1.09100 4.08936 28.10669 7.43103 4.51660 4.63104 6.34003 2.15149 2.13623 9.41467 11.61194 31.32629 6.94275 16.31165 8.07953
0.94604 0.90790 0.93079 1.67847 2.15149 2.58636 6.29425 21.77429 24.35303 31.77643 21.82007 20.07294 7.76672 0.98419 4.35638 3.34167 1.33514 3.09753 1.83105 3.79944 2.19727 4.43268 3.76129 6.37054 30.96008 2.63977 0.05341 3.66211 8.46863 5.72968 5.96619
2.24304 1.84631 0.58746 3.39508 1.26648 0.42725 2.21252 13.13019 23.35358 14.54163 19.19556 27.64130 5.27954 4.57001 8.25500 10.78033 1.63269 2.02179 2.71606 1.81580 3.46375 13.67188 1.13678 2.67029 1.77765 0.32043 0.12970 3.43323 4.89044 8.14819 3.59344
4.00543 0.67139 2.39563 1.88446 1.85394 0.58746 0.45013 2.24304 17.45605 15.87677 10.75745 23.32306 13.61847 3.64685 3.25012 5.15747 3.47900 2.69318 1.66321 1.43433 3.10516 3.62396 8.87299 8.21686 2.77710 3.17383 1.16730 4.72260 7.22504 8.01849 7.43103
1.91498 4.34113 8.10242 8.87299 1.37329 1.29700 2.39563 10.35309 16.34979 28.72467 26.39771 9.04846 16.92200 10.87952 11.01685 2.39563 2.06757 1.17493 1.06812 0.85449 1.24359 2.48718 7.14874 13.09204 4.32587 4.96674 8.54492 3.54767 4.55475 5.21851 17.60864
