DATA/RAW-RASTER/ECMWF/20170628/EN-12/20170703.en-12.asc
ncols			31
nrows			16
xllcorner		69.5
yllcorner		19.5
cellsize		1.0
NODATA_value	-99999
0.09918 2.17819 0.88882 0.41199 8.41141 2.60162 3.20816 2.49100 0.07629 0.00000 0.18311 0.10681 2.00653 1.68610 3.88718 1.12915 0.56076 1.14822 1.76620 1.74713 0.82397 1.64795 3.01743 4.73785 9.33838 5.85556 8.18253 9.72748 6.04248 0.85831 1.53351
0.20981 0.00763 4.30679 4.83322 2.67792 0.70190 0.19455 0.10300 0.03815 0.00000 0.00000 0.37003 1.71280 2.69318 2.53296 1.87302 1.46484 0.06485 0.26321 0.63324 0.47684 0.93460 1.12152 2.07901 11.97815 5.68008 4.91333 5.91278 5.26810 0.57220 2.40326
0.62180 10.07843 6.71768 9.71985 3.61633 2.49100 7.14111 0.32806 0.01526 0.02670 0.00000 0.01907 0.14877 1.04141 1.21689 1.70898 0.72479 0.41962 0.22888 0.52261 0.95367 0.56839 0.37003 1.70898 3.58200 6.24466 7.16019 10.43320 5.25665 2.55585 8.18253
4.13895 9.61304 6.91986 9.06754 9.32693 5.58090 3.66592 8.28552 0.07629 0.04578 0.27847 0.03433 0.00000 0.32043 0.33569 2.12479 1.02615 0.75912 0.90027 0.48065 1.44577 2.18964 2.91824 5.68771 5.43213 5.40924 7.78580 15.64789 3.25775 2.70462 11.08170
2.75421 0.00381 0.02670 0.04578 6.63376 6.80542 10.00214 4.26483 6.52695 0.30518 0.04578 0.08774 1.69754 1.90353 1.18256 3.47137 7.16400 1.16348 1.65176 5.61142 6.03104 5.57327 4.51279 5.36728 5.61905 7.30133 6.13403 20.70236 13.91983 7.43103 7.04193
3.67355 0.00000 0.00000 0.00000 0.11063 1.73187 5.52750 5.94711 2.76947 5.40543 12.03918 6.36673 1.70898 1.82724 1.05286 5.16510 11.40213 17.83752 7.35092 7.61032 7.01141 9.30786 8.75473 15.57159 14.55307 11.89423 4.84085 3.58200 11.36780 15.65552 10.86426
0.00000 0.00000 0.00000 0.00381 0.02289 0.39673 2.14386 3.49045 4.94766 1.96457 3.97110 9.91440 14.93073 5.33295 1.84631 5.35583 2.51770 13.43155 6.24084 6.05774 7.99561 14.79721 9.23157 12.88986 9.69315 25.73395 37.02927 14.26697 8.70514 22.32361 19.53125
0.00381 0.00000 0.00000 0.00000 0.01144 0.23270 1.08719 1.26648 3.78799 3.44849 1.72424 2.08664 9.03702 7.88116 8.20160 9.90677 2.04468 1.03378 0.40054 7.01904 15.67459 12.61520 3.57819 35.82764 27.79388 136.66534 95.28732 57.99484 46.84448 19.14597 14.70947
0.00381 0.00000 0.00381 0.00381 0.00000 0.00381 0.45395 3.72314 4.48227 4.45938 4.23431 1.09100 4.11987 7.22885 31.00967 8.08334 2.18582 5.45120 14.71710 16.63589 7.96890 49.38126 51.49078 56.60629 8.49152 22.19391 29.50668 77.20184 51.16653 20.13779 17.11655
0.09155 0.08392 0.11826 0.52261 0.28610 0.25177 0.15640 0.26703 5.97000 6.72913 9.65118 9.17435 12.72964 8.30460 13.11493 7.46918 7.16400 3.88718 7.75909 2.97165 12.74490 8.41522 22.46475 56.46896 5.90134 22.04895 29.32358 68.08472 234.43222 33.30231 12.71057
0.33951 0.43106 0.73242 0.88501 0.00000 0.27466 2.45285 5.31769 4.56619 10.61249 14.70184 13.78632 14.35852 9.77325 7.34329 9.76562 8.68225 6.67572 12.76779 6.78253 7.49588 16.51764 43.32352 8.24738 5.51605 13.94653 10.03265 27.19498 54.85535 37.23145 17.34924
0.52261 0.64087 1.40381 4.16183 1.46484 0.17929 0.08774 3.58582 6.51932 9.59778 13.85117 24.72687 23.35739 16.18195 15.38086 5.16129 5.72586 3.00980 7.02667 11.85608 6.73676 11.92856 1.52969 6.85120 5.97763 8.81195 6.43539 12.95090 21.84677 26.11542 21.19827
1.23215 0.95749 0.28229 0.51880 1.75095 34.52301 8.97598 1.88446 16.84570 9.28879 28.02658 71.96045 14.86588 10.87570 2.08282 1.80817 1.19781 4.49753 9.28116 8.25119 5.28336 10.87952 7.92694 21.17920 13.86261 4.11224 6.46210 17.27676 26.75629 41.64124 28.56064
1.62888 0.59128 0.03433 0.71716 1.27029 1.28937 2.47574 4.58145 9.27734 13.09204 34.90829 99.97940 83.87756 2.71606 3.72314 2.42996 10.68878 0.83160 4.46320 4.23813 6.26373 12.80594 38.33008 32.87125 5.72586 1.83105 2.18582 3.62396 17.26151 30.36499 19.35196
2.27356 0.54550 1.36948 4.70734 2.89154 3.61252 6.59561 7.48825 2.79999 4.51660 15.72418 8.37326 11.15799 1.60217 2.53296 0.58746 2.79999 10.93674 3.09372 9.65881 15.49149 14.88113 42.40036 41.37802 10.42557 3.36456 8.83484 3.13187 6.30951 13.97324 12.98523
5.39398 4.85229 4.47845 15.12146 1.65558 7.78580 9.73511 8.60977 23.24677 4.49371 2.86865 4.10461 3.18146 3.63922 4.31061 0.76294 8.57925 4.11606 7.31277 7.20596 14.82773 9.44901 17.64297 32.11212 42.77802 3.44467 13.45062 2.47192 6.31332 2.76947 3.34167
