DATA/SHG/ECMWF/20170628/EN-19/20170702.en-19.asc
ncols        190
nrows        64
xllcorner    -5100000.000000000000
yllcorner    4130000.000000000000
cellsize     10000.000000000000
NODATA_value  -99999.000
[rows 0 to 31 of 64, columns 0 to 71 of 190]
0.384 0.402 0.418 0.432 0.445 0.457 0.468 0.477 0.485 0.482 0.477 0.472 0.469 0.467 0.466 0.467 0.468 0.470 0.474 0.491 0.511 0.649 0.844 1.043 1.245 1.451 1.661 1.874 2.091 2.311 2.535 2.763 2.994 3.212 3.435 3.677 3.938 4.217 4.516 4.833 5.169 5.524 5.897 6.290 6.701 7.038 7.264 7.448 7.589 7.688 7.743 7.757 7.727 7.655 7.540 7.382 7.182 7.249 7.702 8.194 8.726 9.298 9.909 10.560 11.250 11.980 12.750 13.559 14.408 14.856 14.601 14.344
0.286 0.298 0.309 0.319 0.328 0.335 0.341 0.346 0.349 0.349 0.347 0.347 0.370 0.393 0.416 0.437 0.458 0.478 0.497 0.515 0.532 0.650 0.858 1.070 1.285 1.504 1.726 1.952 2.181 2.415 2.651 2.891 3.135 3.395 3.685 3.993 4.320 4.666 5.031 5.414 5.816 6.238 6.678 7.136 7.614 7.955 8.031 8.064 8.055 8.004 7.909 7.773 7.593 7.371 7.106 6.799 6.449 6.368 6.960 7.592 8.263 8.974 9.725 10.515 11.344 12.214 13.122 14.071 15.059 15.762 15.499 15.234
0.188 0.196 0.203 0.208 0.216 0.241 0.267 0.294 0.323 0.350 0.372 0.394 0.415 0.435 0.455 0.473 0.491 0.508 0.524 0.540 0.554 0.648 0.869 1.093 1.321 1.552 1.787 2.026 2.268 2.514 2.763 3.016 3.273 3.559 3.915 4.289 4.683 5.095 5.526 5.975 6.444 6.931 7.437 7.962 8.506 8.912 8.839 8.722 8.563 8.362 8.117 7.831 7.501 7.130 6.715 6.258 5.759 5.450 6.181 6.952 7.763 8.613 9.503 10.432 11.400 12.409 13.457 14.544 15.493 16.243 15.785 15.348
0.142 0.166 0.191 0.218 0.246 0.275 0.307 0.339 0.373 0.404 0.424 0.443 0.461 0.478 0.495 0.511 0.525 0.540 0.553 0.565 0.577 0.642 0.875 1.112 1.352 1.597 1.844 2.096 2.351 2.609 2.871 3.137 3.406 3.703 4.125 4.566 5.025 5.504 6.001 6.517 7.051 7.605 8.177 8.768 9.378 9.912 9.688 9.422 9.113 8.761 8.367 7.931 7.452 6.931 6.367 5.760 5.111 4.494 5.365 6.275 7.231 8.267 9.275 10.255 11.206 12.129 13.024 13.890 14.728 15.537 15.173 14.810
0.149 0.178 0.209 0.240 0.274 0.309 0.345 0.383 0.422 0.459 0.476 0.492 0.507 0.522 0.535 0.548 0.560 0.572 0.582 0.592 0.601 0.631 0.877 1.127 1.380 1.637 1.898 2.162 2.429 2.700 2.975 3.253 3.535 3.827 4.316 4.822 5.348 5.893 6.456 7.038 7.638 8.258 8.896 9.553 10.229 10.923 10.578 10.162 9.704 9.203 8.659 8.073 7.445 6.789 6.176 5.581 5.004 4.446 5.328 6.322 7.287 8.224 9.133 10.013 10.866 11.689 12.485 13.252 13.991 14.701 14.542 14.253
0.155 0.189 0.225 0.262 0.300 0.340 0.382 0.425 0.469 0.515 0.529 0.542 0.555 0.566 0.577 0.587 0.596 0.605 0.612 0.619 0.625 0.630 0.876 1.139 1.404 1.674 1.947 2.224 2.504 2.788 3.075 3.366 3.661 3.959 4.486 5.059 5.651 6.262 6.891 7.539 8.206 8.891 9.595 10.318 11.060 11.820 11.449 10.773 10.115 9.475 8.853 8.249 7.663 7.096 6.546 6.014 5.501 5.005 5.609 6.504 7.370 8.208 9.018 9.799 10.552 11.277 11.973 12.642 13.281 13.893 13.893 13.677
0.159 0.198 0.239 0.281 0.325 0.370 0.417 0.465 0.514 0.566 0.583 0.593 0.603 0.611 0.619 0.626 0.633 0.638 0.643 0.647 0.650 0.653 0.871 1.146 1.425 1.707 1.993 2.282 2.575 2.871 3.171 3.475 3.782 4.093 4.637 5.277 5.934 6.611 7.306 8.006 8.675 9.315 9.925 10.505 11.056 11.577 11.295 10.683 10.088 9.511 8.952 8.412 7.889 7.384 6.898 6.429 5.979 5.546 5.918 6.713 7.480 8.219 8.930 9.612 10.266 10.892 11.490 12.059 12.600 13.112 13.224 13.082
0.161 0.206 0.252 0.299 0.348 0.398 0.450 0.503 0.558 0.614 0.637 0.645 0.651 0.657 0.662 0.667 0.670 0.673 0.675 0.676 0.676 0.676 0.862 1.150 1.441 1.736 2.034 2.336 2.642 2.951 3.263 3.580 3.978 4.417 5.041 5.754 6.438 7.092 7.716 8.311 8.877 9.412 9.919 10.395 10.842 11.259 11.124 10.575 10.043 9.529 9.034 8.556 8.097 7.655 7.232 6.826 6.439 6.070 6.253 6.950 7.618 8.258 8.869 9.453 10.008 10.535 11.033 11.504 11.946 12.360 12.537 12.469
0.162 0.211 0.263 0.315 0.369 0.425 0.482 0.540 0.600 0.662 0.692 0.697 0.701 0.704 0.706 0.708 0.708 0.708 0.707 0.706 0.703 0.700 0.849 1.150 1.453 1.813 2.192 2.589 3.002 3.433 3.881 4.347 4.829 5.329 5.896 6.505 7.085 7.635 8.156 8.647 9.108 9.540 9.942 10.315 10.658 10.972 10.935 10.449 9.980 9.530 9.097 8.683 8.286 7.908 7.548 7.205 6.881 6.574 6.615 7.213 7.782 8.323 8.836 9.321 9.777 10.205 10.605 10.976 11.320 11.635 11.831 11.836
0.161 0.216 0.272 0.330 0.389 0.450 0.512 0.576 0.641 0.707 0.748 0.750 0.751 0.752 0.751 0.750 0.748 0.747 0.763 0.785 0.813 0.846 1.006 1.394 1.800 2.222 2.662 3.119 3.593 4.085 4.593 5.119 5.662 6.222 6.780 7.285 7.761 8.208 8.624 9.011 9.369 9.697 9.996 10.265 10.504 10.714 10.729 10.305 9.900 9.513 9.143 8.792 8.458 8.143 7.845 7.566 7.304 7.061 7.004 7.503 7.973 8.416 8.830 9.215 9.573 9.902 10.204 10.476 10.721 10.938 11.105 11.184
0.158 0.218 0.280 0.343 0.407 0.473 0.540 0.609 0.679 0.751 0.803 0.801 0.804 0.812 0.826 0.845 0.870 0.901 0.936 0.978 1.024 1.077 1.216 1.664 2.130 2.613 3.114 3.631 4.166 4.717 5.286 5.872 6.475 7.095 7.693 8.095 8.467 8.809 9.122 9.405 9.659 9.884 10.079 10.244 10.380 10.486 10.505 10.144 9.802 9.478 9.171 8.883 8.612 8.360 8.125 7.909 7.710 7.529 7.420 7.820 8.192 8.535 8.850 9.138 9.396 9.627 9.830 10.004 10.150 10.268 10.362 10.514
0.154 0.219 0.286 0.355 0.425 0.494 0.562 0.628 0.694 0.758 0.817 0.833 0.855 0.883 0.916 0.955 0.999 1.049 1.104 1.164 1.230 1.302 1.407 1.916 2.442 2.986 3.546 4.124 4.719 5.331 5.960 6.606 7.269 7.950 8.635 8.933 9.201 9.440 9.649 9.829 9.979 10.100 10.191 10.253 10.285 10.288 10.261 9.966 9.686 9.425 9.181 8.956 8.748 8.559 8.387 8.233 8.097 7.980 7.880 8.164 8.437 8.682 8.898 9.087 9.247 9.379 9.483 9.741 10.138 10.547 10.967 11.388
0.179 0.248 0.316 0.383 0.449 0.514 0.578 0.641 0.703 0.763 0.822 0.860 0.901 0.948 1.000 1.058 1.122 1.190 1.265 1.344 1.430 1.520 1.616 2.149 2.736 3.340 3.960 4.598 5.253 5.926 6.615 7.321 8.045 8.785 9.543 9.800 9.965 10.100 10.205 10.282 10.328 10.346 10.333 10.292 10.221 10.120 9.990 9.769 9.553 9.354 9.174 9.011 8.866 8.740 8.631 8.540 8.467 8.412 8.375 8.534 8.833 9.189 9.556 9.936 10.327 10.729 11.144 11.570 12.007 12.457 12.918 13.180
0.219 0.285 0.349 0.413 0.475 0.536 0.596 0.655 0.712 0.769 0.824 0.880 0.941 1.007 1.079 1.156 1.238 1.326 1.420 1.519 1.623 1.733 1.848 2.364 3.011 3.675 4.356 5.054 5.769 6.502 7.251 8.017 8.801 9.602 10.420 10.696 10.757 10.789 10.791 10.764 10.707 10.621 10.505 10.360 10.186 9.982 9.748 9.556 9.402 9.266 9.149 9.049 8.967 9.017 9.107 9.216 9.346 9.495 9.664 9.978 10.363 10.760 11.168 11.588 12.020 12.463 12.918 13.385 13.863 14.353 14.855 15.025
0.262 0.323 0.384 0.443 0.501 0.558 0.614 0.669 0.723 0.776 0.828 0.895 0.975 1.060 1.151 1.247 1.349 1.456 1.569 1.687 1.810 1.940 2.074 2.560 3.267 3.991 4.733 5.491 6.266 7.059 7.868 8.695 9.539 10.399 11.277 11.621 11.579 11.507 11.406 11.275 11.115 10.925 10.707 10.458 10.180 9.873 9.654 9.581 9.622 9.682 9.762 9.862 9.982 10.121 10.280 10.459 10.657 10.875 11.113 11.455 11.881 12.318 12.767 13.227 13.699 14.183 14.679 15.186 15.705 16.235 16.777 16.925
0.305 0.362 0.419 0.475 0.529 0.582 0.634 0.685 0.735 0.784 0.832 0.903 1.002 1.107 1.217 1.332 1.453 1.580 1.712 1.849 1.992 2.140 2.294 2.738 3.505 4.290 5.091 5.909 6.745 7.597 8.467 9.353 10.257 11.178 12.116 12.575 12.429 12.254 12.037 11.750 11.482 11.233 11.004 10.795 10.606 10.436 10.286 10.251 10.361 10.490 10.639 10.808 10.996 11.204 11.432 11.680 11.947 12.234 12.540 12.918 13.384 13.862 14.352 14.853 15.365 15.890 16.426 16.973 17.533 18.104 18.686 18.879
0.349 0.403 0.456 0.507 0.558 0.607 0.655 0.703 0.749 0.794 0.838 0.906 1.024 1.148 1.277 1.412 1.552 1.698 1.849 2.005 2.167 2.334 2.507 2.898 3.725 4.569 5.430 6.309 7.204 8.117 9.046 9.960 10.795 11.616 12.421 12.874 12.596 12.338 12.099 11.880 11.681 11.501 11.341 11.201 11.080 10.979 10.898 10.901 11.080 11.278 11.495 11.733 11.990 12.267 12.563 12.880 13.215 13.571 13.946 14.368 14.875 15.393 15.923 16.464 17.018 17.582 18.159 18.747 19.347 19.958 20.581 20.886
0.395 0.445 0.493 0.541 0.588 0.633 0.678 0.721 0.763 0.804 0.844 0.903 1.040 1.183 1.331 1.485 1.645 1.809 1.979 2.155 2.336 2.523 2.715 3.039 3.929 4.816 5.688 6.546 7.388 8.216 9.029 9.827 10.611 11.379 12.133 12.709 12.500 12.310 12.141 11.990 11.860 11.749 11.658 11.586 11.534 11.502 11.489 11.530 11.777 12.044 12.331 12.637 12.963 13.308 13.674 14.059 14.463 14.887 15.331 15.804 16.351 16.910 17.481 18.063 18.656 19.262 19.879 20.507 21.147 21.799 22.463 22.948
0.441 0.487 0.532 0.576 0.619 0.660 0.701 0.740 0.779 0.816 0.852 0.893 1.050 1.212 1.380 1.553 1.731 1.929 2.140 2.358 2.584 2.815 3.054 3.324 4.174 5.009 5.830 6.635 7.426 8.202 8.963 9.710 10.441 11.158 11.860 12.524 12.384 12.263 12.162 12.081 12.019 11.977 11.954 11.951 11.968 12.004 12.060 12.139 12.455 12.790 13.146 13.520 13.915 14.329 14.763 15.216 15.690 16.182 16.695 17.227 17.815 18.414 19.025 19.647 20.281 20.927 21.585 22.254 22.934 23.626 24.330 25.046
0.489 0.531 0.572 0.612 0.651 0.689 0.726 0.761 0.796 0.829 0.880 0.924 1.104 1.306 1.514 1.729 1.951 2.179 2.415 2.657 2.906 3.161 3.424 3.693 4.434 5.218 5.986 6.740 7.479 8.203 8.913 9.607 10.287 10.952 11.602 12.238 12.248 12.196 12.164 12.151 12.158 12.184 12.230 12.296 12.381 12.486 12.610 12.754 13.111 13.516 13.940 14.383 14.846 15.329 15.831 16.353 16.895 17.456 18.037 18.638 19.264 19.904 20.556 21.218 21.893 22.579 23.277 23.986 24.707 25.440 26.184 26.940
0.538 0.576 0.613 0.711 0.797 0.872 0.934 0.984 1.022 1.048 1.063 1.065 1.228 1.454 1.686 1.925 2.170 2.422 2.682 2.947 3.220 3.499 3.786 4.078 4.709 5.441 6.158 6.860 7.547 8.220 8.878 9.520 10.149 10.762 11.360 11.944 12.093 12.109 12.145 12.201 12.277 12.372 12.486 12.620 12.774 12.947 13.140 13.353 13.748 14.220 14.713 15.225 15.757 16.308 16.879 17.469 18.080 18.709 19.359 20.028 20.701 21.381 22.073 22.776 23.491 24.218 24.956 25.490 25.657 25.787 25.879 25.932
0.998 1.078 1.145 1.201 1.245 1.277 1.297 1.305 1.302 1.286 1.258 1.218 1.345 1.594 1.850 2.113 2.382 2.658 2.941 3.230 3.527 3.830 4.140 4.456 5.000 5.679 6.345 6.995 7.631 8.251 8.857 9.449 10.025 10.587 11.134 11.666 11.917 12.002 12.107 12.232 12.376 12.539 12.722 12.925 13.147 13.389 13.650 13.931 14.363 14.905 15.466 16.046 16.646 17.266 17.906 18.565 19.243 19.941 20.659 21.397 21.933 22.234 22.498 22.723 22.911 23.060 23.172 23.245 23.281 23.278 23.238 23.160
1.627 1.664 1.690 1.704 1.706 1.696 1.674 1.640 1.594 1.536 1.466 1.384 1.455 1.727 2.007 2.293 2.586 2.886 3.193 3.506 3.826 4.153 4.486 4.826 5.305 5.933 6.546 7.145 7.729 8.298 8.852 9.392 9.917 10.427 10.922 11.403 11.722 11.876 12.049 12.242 12.454 12.686 12.938 13.209 13.499 13.810 14.139 14.489 14.958 15.568 16.198 16.847 17.515 18.039 18.457 18.863 19.258 19.641 20.012 20.372 20.652 20.822 20.953 21.046 21.102 21.119 21.099 21.040 20.944 20.809 20.637 20.427
2.268 2.264 2.247 2.219 2.179 2.127 2.062 1.986 1.898 1.798 1.686 1.562 1.556 1.853 2.156 2.466 2.783 3.106 3.437 3.774 4.117 4.468 4.825 5.189 5.625 6.201 6.763 7.310 7.842 8.360 8.863 9.351 9.824 10.282 10.726 11.155 11.507 11.729 11.971 12.232 12.513 12.814 13.133 13.473 13.832 14.210 14.486 14.724 15.027 15.463 15.887 16.300 16.701 17.090 17.467 17.833 18.188 18.530 18.861 19.181 19.411 19.448 19.447 19.408 19.332 19.217 19.065 18.874 18.646 18.380 18.075 17.733
2.922 2.875 2.817 2.746 2.664 2.570 2.464 2.346 2.216 2.074 1.920 1.754 1.651 1.971 2.298 2.632 2.972 3.319 3.673 4.034 4.401 4.775 5.156 5.543 5.959 6.484 6.995 7.490 7.971 8.437 8.888 9.324 9.746 10.153 10.545 10.923 11.273 11.563 11.873 12.118 12.354 12.590 12.827 13.065 13.303 13.543 13.783 14.023 14.293 14.688 15.072 15.444 15.805 16.153 16.491 16.816 17.130 17.432 17.723 18.002 18.208 18.113 17.980 17.809 17.601 17.354 17.070 16.747 16.387 15.989 15.553 15.079
3.584 3.499 3.399 3.286 3.162 3.026 2.877 2.717 2.545 2.361 2.165 1.958 1.738 2.082 2.432 2.790 3.154 3.524 3.902 4.286 4.677 5.075 5.479 5.890 6.309 6.782 7.241 7.685 8.114 8.529 8.928 9.312 9.608 9.893 10.168 10.432 10.685 10.921 11.158 11.396 11.634 11.873 12.113 12.354 12.595 12.837 13.079 13.323 13.571 13.926 14.269 14.601 14.921 15.230 15.527 15.812 16.085 16.347 16.597 16.836 17.043 16.816 16.551 16.249 15.908 15.530 15.114 14.660 14.168 13.638 13.070 12.465
4.203 4.135 3.993 3.838 3.672 3.494 3.304 3.102 2.888 2.662 2.424 2.174 1.913 2.185 2.559 2.940 3.328 3.722 4.123 4.531 4.946 5.367 5.795 6.230 6.658 6.992 7.315 7.627 7.928 8.219 8.499 8.769 9.028 9.276 9.514 9.742 9.958 10.194 10.433 10.674 10.915 11.157 11.399 11.642 11.886 12.131 12.376 12.622 12.869 13.176 13.479 13.771 14.050 14.319 14.575 14.820 15.053 15.275 15.485 15.683 15.870 15.557 15.161 14.726 14.254 13.744 13.196 12.611 11.987 11.326 10.627 9.889
4.814 4.784 4.599 4.403 4.195 3.974 3.742 3.498 3.243 2.975 2.695 2.403 2.100 2.280 2.678 3.083 3.494 4.014 4.687 5.254 5.713 6.066 6.311 6.449 6.481 6.682 6.967 7.243 7.507 7.761 8.005 8.237 8.460 8.671 8.872 9.063 9.243 9.466 9.709 9.952 10.196 10.440 10.685 10.931 11.178 11.425 11.673 11.922 12.172 12.439 12.702 12.953 13.192 13.420 13.636 13.841 14.034 14.215 14.385 14.543 14.689 14.337 13.809 13.243 12.639 11.998 11.318 10.601 9.846 9.053 8.222 7.354
5.416 5.444 5.218 4.980 4.730 4.468 4.194 3.908 3.610 3.300 3.200 3.409 3.703 4.307 5.034 5.654 6.166 6.572 6.871 7.062 7.147 7.125 6.996 6.759 6.416 6.383 6.632 6.870 7.098 7.315 7.522 7.718 7.903 8.078 8.242 8.396 8.539 8.739 8.984 9.230 9.476 9.724 9.972 10.220 10.470 10.720 10.971 11.222 11.474 11.714 11.937 12.147 12.346 12.534 12.710 12.874 13.027 13.168 13.297 13.415 13.521 13.155 12.496 11.798 11.063 10.289 9.479 8.630 7.743 6.819 5.857 4.857
6.008 6.117 5.849 5.650 5.565 5.564 5.648 5.815 6.066 6.402 6.821 7.324 7.912 8.476 8.827 9.072 9.210 9.241 9.165 8.982 8.692 8.296 7.792 7.181 6.464 6.096 6.308 6.509 6.700 6.880 7.050 7.209 7.358 7.496 7.623 7.740 7.847 8.012 8.260 8.508 8.757 9.007 9.258 9.509 9.762 10.014 10.268 10.522 10.777 11.002 11.184 11.354 11.513 11.661 11.796 11.920 12.033 12.133 12.223 12.300 12.366 12.012 11.220 10.391 9.525 8.620 7.678 6.698 5.776 5.009 4.263 3.537
6.654 6.953 6.994 7.119 7.328 7.621 7.999 8.460 9.005 9.634 10.347 11.144 12.025 12.753 12.730 12.600 12.364 12.020 11.570 11.013 10.349 9.578 8.700 7.716 6.624 5.820 5.995 6.160 6.314 6.457 6.590 6.713 6.824 6.926 7.016 7.097 7.166 7.285 7.536 7.787 8.039 8.291 8.545 8.799 9.054 9.309 9.565 9.822 10.080 10.302 10.444 10.574 10.693 10.800 10.895 10.979 11.051 11.112 11.161 11.198 11.224 10.926 10.086 9.267 8.469 7.691 6.934 6.198 5.482 4.787 4.112 3.458
7.317 7.740 8.075 8.494 8.997 9.584 10.255 11.009 11.848 12.770 13.777 14.867 16.041 17.140 16.742 16.238 15.627 14.910 14.085 13.154 12.116 10.971 9.720 8.362 6.897 5.555 5.693 5.821 5.939 6.045 6.142 6.227 6.302 6.367 6.421 6.465 6.497 6.558 6.811 7.065 7.320 7.575 7.831 8.088 8.346 8.604 8.863 9.123 9.383 9.614 9.716 9.806 9.884 9.951 10.079 10.224 10.330 10.396 10.423 10.410 10.358 10.112 9.344 8.597 7.870 7.164 6.478 5.813 5.169 4.545 3.942 3.359
