DATA/SHG/ECMWF/20170628/EN-19/20170705.en-19.asc
ncols        190
nrows        64
xllcorner    -5100000.000000000000
yllcorner    4130000.000000000000
cellsize     10000.000000000000
NODATA_value  -99999.000
[rows 0 to 32 of 64, columns 74 to 147 of 190]
1.098 1.128 1.151 1.166 1.173 1.172 1.163 1.146 1.153 1.178 1.204 1.229 1.255 1.281 1.307 1.333 1.359 1.386 1.412 1.443 1.486 1.528 1.567 1.604 1.638 1.670 1.698 1.725 1.748 1.769 1.788 1.819 1.898 1.975 2.049 2.121 2.190 2.256 2.320 2.381 2.440 2.496 2.549 2.593 2.617 2.644 2.674 2.706 2.742 2.780 2.821 2.866 2.912 2.962 3.015 3.095 3.240 3.374 3.495 3.603 3.700 3.784 3.855 3.915 3.962 3.996 4.019 3.985 3.830 3.686 3.551 3.427 3.312 3.208
0.862 0.902 0.945 0.980 1.008 1.029 1.043 1.054 1.079 1.105 1.131 1.157 1.184 1.210 1.237 1.263 1.290 1.317 1.344 1.372 1.404 1.434 1.462 1.487 1.509 1.529 1.546 1.561 1.573 1.582 1.589 1.601 1.669 1.734 1.796 1.856 1.914 1.968 2.020 2.070 2.117 2.161 2.203 2.242 2.279 2.318 2.361 2.406 2.455 2.506 2.560 2.617 2.676 2.739 2.804 2.876 2.967 3.045 3.111 3.165 3.206 3.236 3.252 3.257 3.249 3.229 3.197 3.142 3.032 2.932 2.843 2.763 2.694 2.634
0.956 0.981 0.998 1.009 1.012 1.007 0.996 0.980 1.006 1.032 1.059 1.085 1.112 1.139 1.166 1.194 1.221 1.249 1.277 1.305 1.325 1.343 1.359 1.373 1.384 1.392 1.397 1.400 1.401 1.398 1.394 1.386 1.442 1.495 1.546 1.595 1.640 1.684 1.724 1.762 1.798 1.830 1.860 1.888 1.938 1.990 2.046 2.104 2.165 2.229 2.295 2.365 2.437 2.512 2.591 2.670 2.706 2.730 2.741 2.740 2.727 2.701 2.663 2.613 2.550 2.475 2.388 2.356 2.419 2.482 2.545 2.607 2.669 2.730
1.067 1.066 1.059 1.044 1.021 0.992 0.955 0.911 0.932 0.959 0.986 1.013 1.041 1.068 1.096 1.124 1.152 1.180 1.209 1.237 1.249 1.256 1.260 1.262 1.261 1.257 1.251 1.243 1.232 1.218 1.201 1.182 1.218 1.260 1.300 1.336 1.371 1.402 1.431 1.458 1.481 1.503 1.521 1.537 1.594 1.660 1.728 1.799 1.872 1.949 2.028 2.111 2.196 2.284 2.374 2.468 2.459 2.427 2.419 2.444 2.471 2.500 2.532 2.566 2.603 2.642 2.684 2.729 2.789 2.850 2.911 2.972 3.032 3.091
1.185 1.159 1.126 1.085 1.038 0.983 0.921 0.852 0.858 0.886 0.914 0.941 0.969 0.998 1.026 1.054 1.083 1.112 1.141 1.170 1.176 1.171 1.164 1.154 1.141 1.126 1.109 1.088 1.066 1.040 1.012 0.981 0.998 1.028 1.056 1.081 1.104 1.124 1.141 1.156 1.168 1.178 1.185 1.190 1.249 1.326 1.407 1.491 1.577 1.690 1.825 1.965 2.110 2.259 2.413 2.572 2.628 2.658 2.691 2.727 2.764 2.805 2.848 2.893 2.941 2.991 3.044 3.100 3.159 3.218 3.278 3.336 3.395 3.452
1.309 1.258 1.199 1.134 1.061 0.981 0.894 0.800 0.785 0.813 0.841 0.869 0.898 0.927 0.956 0.985 1.014 1.043 1.073 1.102 1.106 1.089 1.070 1.049 1.025 0.998 0.969 0.937 0.903 0.866 0.826 0.784 0.781 0.799 0.816 0.829 0.840 0.849 0.855 0.858 0.880 0.914 0.946 0.976 1.071 1.204 1.341 1.484 1.630 1.782 1.938 2.099 2.265 2.435 2.610 2.789 2.874 2.916 2.960 3.006 3.055 3.107 3.161 3.217 3.276 3.337 3.401 3.468 3.529 3.586 3.644 3.701 3.757 3.813
1.439 1.363 1.280 1.189 1.091 0.986 0.874 0.754 0.711 0.739 0.768 0.797 0.826 0.856 0.885 0.915 0.945 0.975 1.005 1.035 1.039 1.011 0.980 0.947 0.912 0.873 0.832 0.789 0.743 0.694 0.643 0.610 0.621 0.662 0.701 0.739 0.774 0.807 0.838 0.867 0.895 0.920 0.943 0.964 1.054 1.208 1.366 1.529 1.697 1.869 2.046 2.228 2.414 2.605 2.801 3.001 3.118 3.170 3.226 3.283 3.343 3.406 3.471 3.538 3.608 3.681 3.755 3.833 3.898 3.954 4.010 4.065 4.120 4.174
1.577 1.475 1.366 1.251 1.127 0.997 0.860 0.715 0.637 0.666 0.695 0.725 0.755 0.785 0.815 0.845 0.875 0.906 0.937 0.967 0.975 0.935 0.901 0.871 0.843 0.817 0.793 0.771 0.751 0.734 0.718 0.704 0.709 0.741 0.772 0.800 0.826 0.850 0.873 0.893 0.911 0.928 0.942 0.954 1.032 1.207 1.386 1.570 1.758 1.951 2.149 2.352 2.559 2.770 2.987 3.208 3.359 3.422 3.488 3.557 3.628 3.702 3.778 3.856 3.937 4.021 4.107 4.195 4.268 4.322 4.376 4.429 4.482 4.534
1.720 1.594 1.460 1.319 1.171 1.015 0.853 0.683 0.563 0.593 0.623 0.653 0.683 0.714 0.749 0.798 0.843 0.882 0.917 0.946 0.960 0.935 0.912 0.891 0.872 0.855 0.840 0.827 0.816 0.807 0.800 0.795 0.799 0.822 0.844 0.863 0.881 0.896 0.909 0.921 0.930 0.937 0.943 0.946 1.005 1.201 1.401 1.605 1.814 2.028 2.247 2.470 2.698 2.930 3.168 3.409 3.597 3.671 3.748 3.828 3.910 3.995 4.082 4.171 4.263 4.358 4.455 4.554 4.637 4.689 4.741 4.793 4.844 4.895
1.871 1.719 1.560 1.394 1.220 1.040 0.852 0.667 0.539 0.601 0.658 0.710 0.757 0.799 0.836 0.868 0.895 0.917 0.934 0.946 0.951 0.935 0.921 0.909 0.899 0.891 0.885 0.881 0.878 0.878 0.880 0.884 0.891 0.906 0.918 0.929 0.937 0.943 0.948 0.950 0.951 0.950 0.946 0.941 0.974 1.190 1.410 1.636 1.866 2.100 2.340 2.584 2.832 3.085 3.343 3.606 3.831 3.917 4.005 4.096 4.189 4.285 4.383 4.483 4.586 4.692 4.800 4.910 5.006 5.057 5.107 5.157 5.206 5.255
2.016 1.823 1.640 1.466 1.301 1.145 0.999 0.861 0.735 0.780 0.819 0.854 0.883 0.908 0.928 0.942 0.952 0.956 0.956 0.951 0.940 0.933 0.928 0.925 0.924 0.924 0.927 0.932 0.939 0.947 0.958 0.971 0.985 0.991 0.994 0.996 0.996 0.993 0.989 0.982 0.974 0.964 0.951 0.937 0.937 1.174 1.415 1.661 1.912 2.167 2.427 2.692 2.961 3.235 3.514 3.797 4.064 4.160 4.259 4.361 4.465 4.572 4.681 4.792 4.906 5.023 5.142 5.263 5.375 5.424 5.473 5.521 5.568 5.615
1.978 1.817 1.666 1.524 1.391 1.267 1.152 1.047 0.950 0.963 0.985 1.002 1.014 1.022 1.024 1.021 1.013 1.000 0.982 0.960 0.932 0.929 0.932 0.938 0.946 0.955 0.967 0.981 0.996 1.014 1.034 1.055 1.079 1.078 1.073 1.065 1.056 1.045 1.032 1.016 0.999 0.980 0.959 0.936 0.910 1.153 1.415 1.682 1.953 2.229 2.510 2.795 3.085 3.380 3.679 3.983 4.292 4.400 4.511 4.623 4.738 4.856 4.976 5.098 5.223 5.351 5.481 5.602 5.709 5.747 5.796 5.858 5.931 6.017
1.931 1.803 1.683 1.573 1.472 1.380 1.297 1.223 1.159 1.151 1.156 1.155 1.150 1.140 1.124 1.104 1.079 1.048 1.013 0.973 0.928 0.922 0.935 0.949 0.966 0.984 1.005 1.027 1.052 1.078 1.107 1.137 1.170 1.167 1.153 1.137 1.119 1.099 1.077 1.053 1.026 0.998 0.968 0.936 0.902 1.127 1.410 1.697 1.990 2.286 2.588 2.894 3.204 3.520 3.840 4.164 4.493 4.638 4.748 4.847 4.949 5.053 5.160 5.269 5.381 5.494 5.611 5.729 5.850 5.943 6.045 6.160 6.286 6.424
1.876 1.780 1.692 1.614 1.544 1.484 1.433 1.391 1.358 1.343 1.330 1.312 1.290 1.262 1.229 1.191 1.149 1.101 1.048 0.991 0.928 0.913 0.935 0.958 0.984 1.011 1.040 1.072 1.105 1.140 1.178 1.217 1.258 1.259 1.236 1.211 1.184 1.155 1.124 1.091 1.056 1.019 0.980 0.939 0.896 1.096 1.400 1.708 2.021 2.345 2.673 2.995 3.311 3.622 3.928 4.227 4.521 4.670 4.777 4.888 5.000 5.115 5.232 5.352 5.474 5.598 5.725 5.854 5.985 6.127 6.282 6.449 6.628 6.819
1.813 1.748 1.693 1.646 1.608 1.580 1.561 1.551 1.549 1.539 1.509 1.474 1.434 1.389 1.338 1.283 1.223 1.158 1.088 1.013 0.933 0.902 0.933 0.965 0.999 1.035 1.074 1.114 1.156 1.200 1.246 1.294 1.345 1.352 1.320 1.286 1.251 1.213 1.173 1.131 1.098 1.080 1.067 1.058 1.055 1.251 1.577 1.896 2.210 2.519 2.821 3.118 3.410 3.696 3.976 4.250 4.519 4.687 4.805 4.926 5.049 5.174 5.302 5.432 5.564 5.699 5.836 5.976 6.118 6.299 6.507 6.727 6.958 7.201
1.741 1.708 1.684 1.670 1.664 1.667 1.680 1.701 1.732 1.740 1.692 1.640 1.582 1.520 1.452 1.379 1.302 1.219 1.132 1.040 0.942 0.889 0.928 0.969 1.012 1.058 1.105 1.154 1.205 1.258 1.313 1.367 1.421 1.440 1.408 1.382 1.361 1.345 1.333 1.328 1.327 1.331 1.340 1.355 1.374 1.531 1.832 2.126 2.415 2.698 2.976 3.248 3.514 3.774 4.029 4.279 4.522 4.701 4.830 4.961 5.095 5.231 5.369 5.509 5.652 5.798 5.945 6.095 6.248 6.460 6.720 6.992 7.276 7.572
1.661 1.660 1.668 1.685 1.711 1.746 1.790 1.843 1.906 1.945 1.880 1.810 1.735 1.655 1.570 1.480 1.385 1.285 1.180 1.071 0.955 0.874 0.919 0.965 1.012 1.061 1.113 1.166 1.221 1.278 1.337 1.398 1.461 1.503 1.495 1.491 1.492 1.499 1.511 1.527 1.549 1.576 1.608 1.645 1.688 1.817 2.092 2.362 2.625 2.883 3.136 3.383 3.624 3.859 4.089 4.313 4.532 4.713 4.853 4.994 5.138 5.285 5.433 5.584 5.738 5.894 6.052 6.212 6.375 6.608 6.920 7.245 7.581 7.930
1.573 1.603 1.643 1.691 1.749 1.816 1.892 1.977 2.071 2.154 2.072 1.984 1.892 1.795 1.690 1.553 1.419 1.289 1.162 1.038 0.918 0.817 0.870 0.924 0.980 1.038 1.098 1.160 1.224 1.290 1.357 1.427 1.499 1.562 1.575 1.595 1.619 1.648 1.682 1.722 1.766 1.816 1.870 1.930 1.995 2.108 2.358 2.603 2.841 3.074 3.301 3.523 3.739 3.949 4.154 4.353 4.547 4.723 4.873 5.025 5.179 5.336 5.495 5.657 5.821 5.987 6.156 6.327 6.500 6.744 7.109 7.486 7.875 8.276
1.476 1.538 1.609 1.689 1.779 1.877 1.985 2.094 2.171 2.244 2.107 1.969 1.834 1.701 1.573 1.447 1.324 1.205 1.089 0.976 0.867 0.761 0.818 0.881 0.946 1.013 1.081 1.152 1.224 1.299 1.375 1.454 1.534 1.614 1.651 1.692 1.739 1.791 1.848 1.910 1.977 2.049 2.126 2.209 2.296 2.405 2.630 2.849 3.063 3.271 3.473 3.669 3.860 4.046 4.225 4.399 4.568 4.730 4.890 5.053 5.218 5.385 5.555 5.727 5.901 6.078 6.257 6.438 6.622 6.868 7.286 7.715 8.156 8.610
1.370 1.457 1.541 1.622 1.699 1.774 1.846 1.915 1.981 2.044 1.943 1.815 1.691 1.570 1.453 1.338 1.227 1.118 1.013 0.912 0.814 0.719 0.765 0.836 0.910 0.985 1.062 1.142 1.223 1.306 1.391 1.478 1.567 1.658 1.720 1.784 1.854 1.928 2.008 2.092 2.182 2.277 2.377 2.482 2.592 2.707 2.907 3.101 3.290 3.473 3.650 3.821 3.987 4.147 4.302 4.451 4.594 4.735 4.905 5.078 5.254 5.432 5.612 5.794 5.979 6.166 6.356 6.548 6.742 6.980 7.450 7.932 8.426 8.931
1.266 1.342 1.416 1.486 1.554 1.618 1.680 1.739 1.794 1.847 1.776 1.660 1.546 1.437 1.330 1.226 1.126 1.029 0.935 0.844 0.758 0.674 0.709 0.789 0.871 0.955 1.041 1.129 1.219 1.311 1.405 1.501 1.598 1.698 1.784 1.871 1.963 2.060 2.162 2.269 2.382 2.499 2.622 2.749 2.882 3.020 3.190 3.359 3.522 3.680 3.832 3.979 4.120 4.255 4.384 4.508 4.627 4.739 4.918 5.101 5.287 5.476 5.666 5.859 6.055 6.252 6.452 6.655 6.857 7.070 7.615 8.197 8.815 9.469
1.165 1.231 1.294 1.354 1.411 1.466 1.517 1.565 1.611 1.653 1.606 1.501 1.399 1.300 1.205 1.112 1.023 0.937 0.854 0.774 0.699 0.626 0.651 0.740 0.831 0.923 1.018 1.115 1.213 1.314 1.416 1.521 1.627 1.735 1.842 1.951 2.066 2.186 2.310 2.440 2.575 2.715 2.860 3.011 3.166 3.326 3.478 3.622 3.761 3.894 4.021 4.142 4.258 4.368 4.473 4.571 4.665 4.752 4.928 5.125 5.327 5.529 5.729 5.929 6.129 6.327 6.525 6.722 6.918 7.113 7.787 8.530 9.309 10.125
1.066 1.122 1.175 1.225 1.272 1.316 1.357 1.395 1.430 1.462 1.434 1.340 1.249 1.161 1.076 0.995 0.917 0.842 0.770 0.702 0.637 0.576 0.591 0.688 0.788 0.889 0.993 1.098 1.205 1.314 1.426 1.539 1.654 1.771 1.894 2.026 2.164 2.306 2.453 2.606 2.763 2.926 3.093 3.266 3.444 3.627 3.772 3.891 4.005 4.112 4.209 4.297 4.386 4.475 4.566 4.658 4.750 4.844 5.016 5.216 5.415 5.613 5.811 6.007 6.203 6.398 6.593 6.787 6.980 7.172 7.923 8.827 9.767 10.744
0.971 1.016 1.059 1.098 1.135 1.169 1.199 1.227 1.252 1.274 1.259 1.176 1.096 1.019 0.946 0.875 0.808 0.744 0.684 0.626 0.573 0.523 0.529 0.635 0.743 0.853 0.965 1.079 1.195 1.313 1.433 1.554 1.678 1.804 1.941 2.096 2.256 2.420 2.590 2.765 2.945 3.136 3.328 3.505 3.668 3.816 3.927 4.015 4.104 4.195 4.286 4.378 4.471 4.565 4.660 4.756 4.853 4.951 5.111 5.307 5.503 5.698 5.892 6.086 6.279 6.471 6.662 6.853 7.042 7.232 8.022 9.087 10.188 11.326
0.878 0.913 0.945 0.975 1.001 1.025 1.045 1.062 1.077 1.089 1.081 1.009 0.940 0.875 0.812 0.753 0.697 0.644 0.594 0.548 0.506 0.467 0.464 0.579 0.696 0.815 0.935 1.058 1.183 1.309 1.437 1.568 1.730 1.950 2.184 2.412 2.626 2.826 3.011 3.182 3.339 3.481 3.608 3.721 3.820 3.904 3.985 4.078 4.171 4.266 4.361 4.458 4.555 4.653 4.753 4.853 4.954 5.057 5.206 5.399 5.592 5.783 5.974 6.165 6.354 6.543 6.731 6.919 7.106 7.292 8.085 9.311 10.573 11.871
0.788 0.813 0.835 0.854 0.870 0.883 0.894 0.901 0.905 0.906 0.900 0.840 0.782 0.727 0.676 0.628 0.583 0.541 0.502 0.467 0.436 0.408 0.398 0.529 0.683 0.851 1.034 1.231 1.442 1.669 1.909 2.165 2.434 2.719 2.991 3.156 3.306 3.442 3.563 3.670 3.762 3.840 3.904 3.953 3.987 4.008 4.042 4.139 4.237 4.335 4.435 4.536 4.638 4.741 4.844 4.949 5.055 5.161 5.301 5.491 5.681 5.869 6.057 6.244 6.431 6.617 6.802 6.986 7.169 7.352 8.111 9.498 10.921 12.380
0.701 0.716 0.728 0.736 0.742 0.745 0.745 0.742 0.736 0.727 0.715 0.668 0.621 0.577 0.537 0.502 0.486 0.472 0.460 0.452 0.445 0.441 0.438 0.637 0.855 1.088 1.335 1.596 1.873 2.163 2.468 2.788 3.122 3.471 3.814 3.914 4.000 4.072 4.129 4.172 4.200 4.214 4.214 4.199 4.170 4.126 4.098 4.199 4.301 4.404 4.508 4.613 4.720 4.827 4.935 5.044 5.154 5.265 5.398 5.584 5.771 5.956 6.141 6.325 6.508 6.691 6.872 7.053 7.234 7.413 8.102 9.649 11.232 12.852
0.617 0.622 0.623 0.622 0.617 0.610 0.600 0.586 0.575 0.576 0.570 0.552 0.534 0.518 0.506 0.496 0.488 0.484 0.482 0.483 0.486 0.491 0.498 0.728 1.011 1.308 1.620 1.946 2.286 2.641 3.011 3.394 3.793 4.206 4.633 4.687 4.709 4.717 4.710 4.689 4.654 4.604 4.539 4.461 4.368 4.260 4.152 4.258 4.364 4.472 4.580 4.690 4.800 4.912 5.024 5.137 5.252 5.367 5.494 5.678 5.861 6.043 6.225 6.406 6.586 6.765 6.944 7.122 7.299 7.475 8.056 9.763 11.507 13.287
0.536 0.541 0.566 0.585 0.596 0.601 0.599 0.590 0.575 0.552 0.523 0.505 0.496 0.490 0.487 0.486 0.489 0.494 0.502 0.512 0.525 0.539 0.556 0.804 1.150 1.512 1.888 2.278 2.683 3.102 3.536 3.984 4.447 4.924 5.416 5.475 5.433 5.377 5.306 5.221 5.122 5.008 4.880 4.737 4.580 4.409 4.223 4.315 4.426 4.538 4.651 4.765 4.880 4.995 5.112 5.230 5.348 5.468 5.592 5.772 5.952 6.131 6.309 6.487 6.664 6.840 7.016 7.190 7.364 7.538 7.974 9.842 11.746 13.686
0.705 0.713 0.715 0.709 0.697 0.678 0.653 0.620 0.581 0.534 0.481 0.455 0.456 0.459 0.466 0.475 0.487 0.501 0.518 0.538 0.561 0.585 0.611 0.862 1.273 1.699 2.139 2.594 3.063 3.547 4.045 4.557 5.084 5.626 6.182 6.278 6.172 6.052 5.917 5.768 5.605 5.427 5.235 5.029 4.808 4.573 4.323 4.372 4.487 4.603 4.721 4.839 4.958 5.078 5.199 5.321 5.444 5.568 5.693 5.867 6.044 6.219 6.395 6.569 6.743 6.916 7.088 7.260 7.430 7.601 7.825 9.721 11.571 13.378
0.907 0.892 0.869 0.840 0.804 0.762 0.712 0.656 0.593 0.523 0.446 0.403 0.413 0.426 0.442 0.461 0.482 0.506 0.533 0.562 0.594 0.628 0.663 0.904 1.380 1.870 2.374 2.893 3.426 3.974 4.537 5.113 5.704 6.310 6.930 7.095 6.925 6.741 6.543 6.330 6.103 5.862 5.606 5.336 5.051 4.752 4.439 4.428 4.547 4.668 4.789 4.912 5.035 5.159 5.285 5.411 5.539 5.667 5.796 5.962 6.136 6.288 6.398 6.503 6.604 6.702 6.795 6.883 6.968 7.049 7.126 8.719 10.374 11.985
1.115 1.076 1.030 0.977 0.918 0.851 0.778 0.698 0.612 0.518 0.418 0.348 0.368 0.391 0.416 0.444 0.475 0.508 0.544 0.583 0.625 0.668 0.713 0.930 1.470 2.024 2.593 3.176 3.773 4.385 5.012 5.653 6.308 6.978 7.662 7.926 7.693 7.445 7.183 6.907 6.616 6.311 5.991 5.657 5.309 4.946 4.569 4.482 4.606 4.731 4.857 4.983 5.216 5.613 5.882 6.022 6.034 5.916 5.670 5.646 5.745 5.841 5.932 6.019 6.103 6.182 6.257 6.327 6.394 6.457 6.515 7.762 9.222 10.637
1.329 1.266 1.197 1.120 1.037 0.947 0.850 0.747 0.636 0.519 0.395 0.291 0.320 0.353 0.387 0.425 0.465 0.508 0.554 0.602 0.653 0.706 0.761 0.940 1.543 2.162 2.795 3.442 4.104 4.780 5.470 6.175 6.895 7.629 8.377 8.773 8.476 8.164 7.838 7.498 7.144 6.775 6.391 6.189 6.512 6.803 7.062 7.452 7.924 8.267 8.481 8.566 8.523 8.351 8.050 7.620 7.062 6.375 5.559 5.239 5.321 5.398 5.471 5.541 5.606 5.667 5.723 5.776 5.825 5.869 5.910 6.850 8.114 9.335
