DATA/SHG/ECMWF/20170628/EN-19/20170706.en-19.asc
ncols        190
nrows        64
xllcorner    -5100000.000000000000
yllcorner    4130000.000000000000
cellsize     10000.000000000000
NODATA_value  -99999.000
[rows 0 to 32 of 64, columns 0 to 72 of 190]
9.531 10.451 11.394 12.358 13.345 14.355 15.386 16.440 17.516 17.417 16.917 16.392 15.842 15.267 14.667 14.041 13.391 12.715 12.015 11.251 10.496 10.082 9.817 9.551 9.285 9.018 8.751 8.483 8.214 7.945 7.675 7.404 7.133 6.901 6.707 6.526 6.360 6.208 6.070 5.947 5.838 5.743 5.662 5.596 5.544 5.525 5.535 5.555 5.586 5.628 5.682 5.746 5.820 5.906 6.003 6.110 6.229 6.212 6.019 5.818 5.609 5.392 5.167 4.933 4.692 4.443 4.185 3.919 3.646 3.410 3.239 3.059 2.871
9.506 10.506 11.527 12.571 13.637 14.725 15.835 16.968 18.122 18.235 17.646 17.032 16.158 15.305 14.480 13.683 12.915 12.176 11.464 10.782 10.127 9.690 9.423 9.155 8.887 8.618 8.349 8.078 7.808 7.536 7.264 6.992 6.719 6.500 6.356 6.225 6.109 6.008 5.920 5.847 5.788 5.744 5.713 5.697 5.695 5.717 5.765 5.824 5.893 5.974 6.065 6.167 6.280 6.404 6.539 6.685 6.841 6.885 6.663 6.434 6.196 5.950 5.697 5.435 5.165 4.887 4.601 4.307 4.005 3.724 3.522 3.311 3.091
9.457 10.535 11.635 12.758 13.870 14.822 15.723 16.572 17.369 17.386 16.548 15.738 14.957 14.204 13.480 12.783 12.116 11.476 10.866 10.283 9.729 9.300 9.031 8.761 8.491 8.219 7.948 7.676 7.403 7.129 6.855 6.580 6.305 6.085 5.991 5.911 5.845 5.793 5.756 5.733 5.725 5.730 5.750 5.784 5.832 5.898 5.984 6.081 6.189 6.307 6.437 6.577 6.728 6.891 7.064 7.247 7.442 7.564 7.314 7.056 6.790 6.516 6.233 5.943 5.645 5.339 5.024 4.702 4.351 4.026 3.802 3.583 3.369
9.327 10.304 11.230 12.103 12.925 13.694 14.412 15.078 15.693 15.855 15.117 14.408 13.727 13.075 12.450 11.855 11.287 10.748 10.238 9.756 9.302 8.911 8.640 8.368 8.095 7.822 7.548 7.274 6.999 6.723 6.447 6.171 5.893 5.655 5.611 5.582 5.566 5.565 5.578 5.605 5.647 5.702 5.772 5.856 5.955 6.067 6.192 6.327 6.473 6.630 6.797 6.976 7.165 7.366 7.577 7.799 8.032 8.250 7.972 7.685 7.382 6.976 6.585 6.210 5.850 5.504 5.174 4.859 4.560 4.275 4.067 3.864 3.667
9.172 9.966 10.708 11.399 12.038 12.625 13.160 13.643 14.075 14.296 13.658 13.049 12.469 11.917 11.393 10.897 10.430 9.991 9.581 9.199 8.845 8.524 8.250 7.976 7.701 7.426 7.150 6.874 6.597 6.319 6.041 5.762 5.482 5.212 5.218 5.239 5.273 5.322 5.385 5.463 5.554 5.660 5.780 5.914 6.063 6.226 6.388 6.562 6.746 6.941 7.147 7.363 7.591 7.802 7.925 8.042 8.152 8.256 7.902 7.519 7.151 6.799 6.461 6.139 5.831 5.539 5.262 5.000 4.754 4.522 4.327 4.141 3.960
9.073 9.685 10.244 10.752 11.208 11.613 11.965 12.266 12.516 12.708 12.171 11.662 11.182 10.730 10.306 9.911 9.544 9.205 8.895 8.613 8.359 8.134 7.862 7.585 7.309 7.031 6.753 6.475 6.196 5.916 5.635 5.355 5.073 4.791 4.811 4.882 4.966 5.065 5.179 5.306 5.448 5.604 5.774 5.958 6.156 6.369 6.552 6.698 6.837 6.970 7.096 7.216 7.329 7.436 7.537 7.631 7.719 7.800 7.551 7.221 6.906 6.607 6.322 6.053 5.799 5.559 5.335 5.127 4.933 4.754 4.582 4.413 4.248
9.032 9.461 9.838 10.163 10.437 10.659 10.829 10.948 11.015 11.030 10.656 10.247 9.867 9.515 9.191 8.896 8.629 8.390 8.180 7.998 7.844 7.719 7.474 7.196 6.917 6.638 6.358 6.077 5.796 5.514 5.232 4.948 4.665 4.381 4.390 4.510 4.645 4.794 4.958 5.146 5.340 5.528 5.709 5.883 6.051 6.213 6.350 6.473 6.590 6.700 6.804 6.901 6.992 7.077 7.155 7.227 7.292 7.351 7.186 6.909 6.647 6.401 6.169 5.953 5.751 5.565 5.394 5.238 5.097 4.972 4.832 4.680 4.532
9.048 9.294 9.489 9.632 9.723 9.763 9.751 9.687 9.572 9.405 9.112 8.803 8.523 8.271 8.048 7.852 7.685 7.546 7.436 7.354 7.300 7.274 7.089 6.808 6.527 6.246 5.964 5.681 5.397 5.113 4.829 4.544 4.315 4.107 4.153 4.357 4.554 4.745 4.930 5.107 5.279 5.443 5.601 5.753 5.898 6.037 6.155 6.255 6.350 6.437 6.519 6.594 6.662 6.725 6.780 6.830 6.873 6.909 6.807 6.583 6.374 6.181 6.002 5.838 5.690 5.557 5.438 5.335 5.247 5.174 5.078 4.942 4.810
9.120 9.184 9.197 9.158 9.067 8.925 8.731 8.485 8.188 7.839 7.540 7.331 7.151 6.999 6.875 6.780 6.713 6.674 6.663 6.681 6.727 6.801 6.704 6.422 6.138 5.911 5.690 5.474 5.261 5.052 4.847 4.645 4.447 4.253 4.236 4.417 4.591 4.759 4.921 5.075 5.224 5.365 5.501 5.629 5.752 5.867 5.966 6.044 6.116 6.182 6.241 6.293 6.339 6.379 6.413 6.440 6.460 6.474 6.414 6.243 6.087 5.946 5.820 5.710 5.614 5.534 5.468 5.418 5.383 5.363 5.318 5.199 5.084
9.250 9.132 8.962 8.741 8.468 8.144 7.768 7.341 6.862 6.332 5.940 5.831 5.751 5.699 5.675 5.679 5.711 5.786 5.971 6.159 6.351 6.545 6.591 6.373 6.158 5.947 5.740 5.537 5.337 5.141 4.949 4.760 4.576 4.395 4.325 4.483 4.635 4.780 4.918 5.050 5.175 5.294 5.407 5.512 5.612 5.704 5.784 5.840 5.889 5.932 5.969 5.999 6.023 6.040 6.052 6.056 6.054 6.046 6.006 5.888 5.785 5.697 5.625 5.567 5.524 5.496 5.484 5.486 5.504 5.536 5.554 5.451 5.353
9.436 9.136 8.784 8.381 7.927 7.421 6.863 6.254 5.594 4.882 4.376 4.550 4.727 4.907 5.091 5.278 5.468 5.661 5.857 6.057 6.259 6.465 6.585 6.379 6.178 5.980 5.786 5.596 5.409 5.226 5.047 4.872 4.700 4.533 4.421 4.556 4.685 4.807 4.922 5.031 5.134 5.230 5.319 5.402 5.479 5.549 5.609 5.642 5.669 5.690 5.704 5.712 5.713 5.709 5.697 5.680 5.656 5.625 5.585 5.520 5.470 5.435 5.414 5.409 5.419 5.445 5.485 5.540 5.610 5.695 5.785 5.699 5.617
9.678 9.197 8.664 8.059 7.438 6.836 6.252 5.685 5.137 4.607 4.168 4.353 4.542 4.733 4.928 5.126 5.328 5.532 5.740 5.951 6.165 6.382 6.574 6.382 6.193 6.009 5.828 5.651 5.477 5.308 5.142 4.979 4.821 4.666 4.524 4.636 4.741 4.841 4.933 5.019 5.099 5.172 5.239 5.299 5.352 5.399 5.440 5.451 5.456 5.454 5.446 5.431 5.411 5.383 5.350 5.310 5.263 5.211 5.152 5.137 5.140 5.157 5.190 5.238 5.301 5.378 5.471 5.655 5.912 6.185 6.476 6.537 6.573
9.281 8.670 8.077 7.502 6.945 6.406 5.886 5.384 4.899 4.433 3.985 4.153 4.353 4.556 4.762 4.972 5.184 5.400 5.619 5.841 6.067 6.295 6.527 6.380 6.205 6.034 5.866 5.702 5.541 5.385 5.232 5.083 4.938 4.796 4.658 4.722 4.805 4.881 4.951 5.014 5.071 5.121 5.165 5.202 5.233 5.257 5.275 5.267 5.249 5.225 5.194 5.158 5.115 5.065 5.009 4.947 4.878 4.803 4.722 4.741 4.885 5.083 5.297 5.528 5.777 6.042 6.324 6.622 6.938 7.270 7.619 7.711 7.726
8.513 7.965 7.436 6.925 6.432 5.958 5.501 5.063 4.642 4.240 3.856 3.950 4.161 4.376 4.593 4.814 5.038 5.265 5.495 5.729 5.965 6.205 6.448 6.375 6.213 6.055 5.900 5.749 5.602 5.458 5.318 5.182 5.050 4.922 4.797 4.814 4.874 4.928 4.975 5.015 5.049 5.077 5.097 5.112 5.120 5.121 5.116 5.089 5.049 5.002 4.950 4.891 4.825 4.861 4.909 4.949 4.982 5.008 5.025 5.184 5.424 5.680 5.954 6.244 6.551 6.874 7.215 7.572 7.946 8.337 8.745 8.889 8.884
7.726 7.242 6.777 6.330 5.901 5.490 5.097 4.722 4.366 4.027 3.707 3.744 3.966 4.192 4.421 4.653 4.888 5.126 5.368 5.613 5.861 6.112 6.366 6.366 6.217 6.072 5.930 5.792 5.658 5.528 5.401 5.278 5.159 5.043 4.932 4.914 4.951 4.981 5.005 5.023 5.034 5.039 5.037 5.028 5.013 4.992 5.089 5.178 5.244 5.303 5.355 5.399 5.435 5.464 5.486 5.500 5.506 5.505 5.497 5.647 5.945 6.261 6.593 6.942 7.307 7.690 8.089 8.505 8.937 9.387 9.853 10.071 10.045
6.920 6.501 6.099 5.716 5.350 5.003 4.674 4.363 4.070 3.795 3.539 3.534 3.768 4.005 4.245 4.488 4.735 4.985 5.237 5.493 5.753 6.015 6.281 6.353 6.217 6.085 5.956 5.832 5.710 5.593 5.480 5.370 5.264 5.161 5.062 5.019 5.033 5.041 5.048 5.090 5.148 5.222 5.312 5.418 5.540 5.678 5.832 5.946 5.986 6.019 6.044 6.062 6.072 6.074 6.070 6.057 6.037 6.010 5.975 6.093 6.450 6.824 7.215 7.622 8.047 8.488 8.945 9.420 9.911 10.419 10.944 11.257 11.210
6.096 5.740 5.402 5.083 4.781 4.498 4.232 3.985 3.756 3.544 3.351 3.322 3.567 3.815 4.066 4.321 4.579 4.840 5.104 5.371 5.641 5.915 6.192 6.336 6.213 6.094 5.979 5.867 5.759 5.655 5.554 5.455 5.354 5.260 5.172 5.127 5.177 5.243 5.326 5.424 5.538 5.668 5.814 5.976 6.154 6.348 6.558 6.721 6.735 6.741 6.740 6.731 6.715 6.691 6.660 6.621 6.575 6.521 6.460 6.522 6.938 7.370 7.820 8.286 8.769 9.268 9.784 10.318 10.867 11.434 12.017 12.446 12.379
5.253 4.961 4.687 4.431 4.193 3.973 3.771 3.587 3.422 3.274 3.145 3.106 3.362 3.622 3.884 4.150 4.419 4.691 4.967 5.245 5.527 5.812 6.100 6.316 6.197 6.075 5.959 5.849 5.746 5.648 5.557 5.472 5.393 5.321 5.254 5.220 5.326 5.449 5.587 5.741 5.911 6.097 6.299 6.517 6.751 7.001 7.267 7.503 7.490 7.470 7.442 7.407 7.364 7.314 7.257 7.191 7.119 7.039 6.951 6.934 7.409 7.900 8.408 8.932 9.473 10.032 10.606 11.198 11.806 12.431 13.073 13.639 13.552
4.392 4.163 3.953 3.760 3.586 3.430 3.291 3.171 3.069 2.985 2.919 2.887 3.154 3.425 3.699 3.976 4.256 4.539 4.819 5.096 5.370 5.642 5.912 6.163 6.057 5.956 5.862 5.774 5.692 5.616 5.547 5.483 5.426 5.375 5.330 5.297 5.459 5.637 5.831 6.041 6.267 6.509 6.767 7.041 7.331 7.637 7.958 8.290 8.251 8.205 8.151 8.089 8.020 7.944 7.860 7.768 7.670 7.563 7.449 7.329 7.862 8.412 8.978 9.561 10.161 10.778 11.411 12.061 12.728 13.411 14.111 14.828 14.729
3.511 3.346 3.200 3.071 2.960 2.867 2.792 2.736 2.697 2.676 2.697 2.720 2.981 3.265 3.546 3.825 4.101 4.374 4.645 4.913 5.178 5.441 5.701 5.958 5.910 5.831 5.758 5.692 5.632 5.578 5.530 5.488 5.453 5.423 5.400 5.383 5.575 5.809 6.059 6.325 6.607 6.905 7.219 7.548 7.894 8.255 8.633 9.027 9.019 8.946 8.866 8.778 8.683 8.580 8.470 8.352 8.227 8.094 7.954 7.806 8.299 8.907 9.532 10.173 10.832 11.507 12.198 12.907 13.632 14.374 15.132 15.907 15.909
2.613 2.511 2.428 2.475 2.517 2.554 2.585 2.610 2.630 2.645 2.654 2.657 2.865 3.140 3.412 3.682 3.948 4.212 4.474 4.732 4.988 5.242 5.492 5.740 5.756 5.699 5.648 5.604 5.565 5.533 5.506 5.486 5.473 5.465 5.463 5.468 5.675 5.965 6.271 6.592 6.930 7.284 7.653 8.039 8.440 8.857 9.291 9.740 9.793 9.694 9.588 9.473 9.352 9.223 9.086 8.942 8.791 8.632 8.465 8.291 8.719 9.385 10.069 10.768 11.485 12.218 12.969 13.660 14.221 14.757 15.269 15.757 15.614
2.472 2.511 2.545 2.573 2.595 2.613 2.624 2.630 2.631 2.626 2.616 2.600 2.753 3.019 3.281 3.542 3.799 4.054 4.306 4.555 4.802 5.046 5.287 5.526 5.597 5.561 5.532 5.509 5.492 5.481 5.477 5.479 5.486 5.500 5.520 5.547 5.758 6.104 6.465 6.843 7.236 7.646 8.071 8.512 8.969 9.442 9.931 10.436 10.574 10.449 10.316 10.175 10.027 9.872 9.709 9.539 9.361 9.176 8.983 8.783 9.097 9.743 10.365 10.962 11.536 12.085 12.609 13.110 13.586 14.038 14.465 14.869 14.833
2.633 2.653 2.668 2.676 2.680 2.678 2.670 2.657 2.638 2.614 2.584 2.549 2.644 2.900 3.154 3.404 3.653 3.898 4.141 4.381 4.618 4.853 5.085 5.315 5.431 5.417 5.410 5.408 5.413 5.424 5.441 5.464 5.494 5.529 5.571 5.619 5.824 6.226 6.643 7.077 7.526 7.991 8.472 8.969 9.482 10.011 10.555 11.116 11.361 11.209 11.050 10.883 10.709 10.472 10.207 9.950 9.703 9.464 9.234 9.013 9.161 9.723 10.260 10.773 11.262 11.727 12.167 12.583 12.975 13.342 13.686 14.005 14.041
2.801 2.801 2.796 2.786 2.770 2.748 2.722 2.689 2.651 2.608 2.559 2.504 2.538 2.785 3.029 3.270 3.509 3.745 3.979 4.210 4.438 4.664 4.886 5.107 5.259 5.267 5.281 5.301 5.327 5.360 5.399 5.443 5.494 5.552 5.615 5.684 5.875 6.332 6.805 7.294 7.799 8.320 8.856 9.409 9.977 10.562 11.073 11.555 11.794 11.515 11.246 10.985 10.733 10.489 10.255 10.029 9.812 9.604 9.405 9.215 9.249 9.726 10.179 10.607 11.012 11.392 11.748 12.080 12.387 12.671 12.930 13.165 13.236
2.974 2.955 2.931 2.901 2.866 2.825 2.779 2.727 2.670 2.607 2.539 2.465 2.434 2.672 2.907 3.139 3.369 3.596 3.820 4.042 4.261 4.477 4.690 4.901 5.081 5.110 5.146 5.188 5.236 5.290 5.350 5.416 5.489 5.568 5.653 5.744 5.908 6.421 6.950 7.447 7.936 8.423 8.908 9.391 9.872 10.351 10.828 11.303 11.649 11.401 11.162 10.932 10.710 10.498 10.294 10.099 9.913 9.736 9.567 9.408 9.359 9.752 10.121 10.465 10.785 11.081 11.353 11.600 11.824 12.023 12.198 12.349 12.419
3.152 3.115 3.072 3.023 2.968 2.908 2.842 2.771 2.695 2.613 2.525 2.432 2.334 2.562 2.788 3.011 3.231 3.449 3.664 3.876 4.086 4.293 4.497 4.699 4.896 4.947 5.005 5.068 5.138 5.213 5.295 5.382 5.447 5.520 5.600 5.689 5.794 6.283 6.769 7.253 7.736 8.216 8.694 9.170 9.644 10.116 10.586 11.054 11.495 11.278 11.070 10.870 10.680 10.498 10.325 10.161 10.005 9.859 9.721 9.592 9.493 9.801 10.086 10.346 10.582 10.794 10.981 11.145 11.284 11.399 11.490 11.556 11.590
3.314 3.281 3.218 3.150 3.076 2.997 2.912 2.822 2.726 2.624 2.518 2.405 2.288 2.456 2.672 2.886 3.097 3.305 3.511 3.714 3.915 4.112 4.308 4.500 4.684 4.737 4.782 4.835 4.896 4.965 5.042 5.126 5.219 5.319 5.427 5.543 5.666 6.105 6.585 7.062 7.537 8.010 8.482 8.951 9.418 9.883 10.345 10.806 11.265 11.146 10.969 10.800 10.640 10.489 10.347 10.213 10.089 9.973 9.866 9.767 9.678 9.874 10.074 10.250 10.402 10.530 10.633 10.712 10.768 10.799 10.805 10.788 10.747
3.476 3.453 3.370 3.283 3.190 3.091 2.987 2.878 2.762 2.642 2.516 2.385 2.248 2.352 2.559 2.763 2.965 3.174 3.390 3.584 3.757 3.910 4.041 4.151 4.239 4.308 4.381 4.461 4.550 4.646 4.750 4.862 4.982 5.110 5.245 5.389 5.540 5.930 6.403 6.873 7.341 7.807 8.272 8.734 9.194 9.652 10.107 10.561 11.013 11.006 10.859 10.721 10.592 10.472 10.360 10.257 10.163 10.078 10.002 9.934 9.875 9.970 10.086 10.178 10.245 10.289 10.309 10.304 10.275 10.222 10.145 10.044 9.918
3.638 3.630 3.529 3.422 3.309 3.192 3.068 2.939 2.805 2.665 2.555 2.479 2.397 2.491 2.717 2.922 3.106 3.269 3.410 3.531 3.630 3.709 3.766 3.802 3.818 3.871 3.972 4.080 4.196 4.320 4.451 4.591 4.738 4.893 5.056 5.227 5.406 5.758 6.223 6.686 7.147 7.607 8.064 8.519 8.972 9.423 9.872 10.318 10.763 10.857 10.741 10.634 10.535 10.446 10.365 10.293 10.229 10.175 10.129 10.092 10.064 10.089 10.121 10.129 10.112 10.072 10.007 9.919 9.806 9.669 9.508 9.323 9.114
3.801 3.813 3.693 3.615 3.561 3.501 3.435 3.362 3.282 3.197 3.105 3.007 2.902 2.903 3.055 3.186 3.297 3.386 3.453 3.500 3.526 3.531 3.514 3.477 3.418 3.427 3.555 3.690 3.834 3.985 4.144 4.311 4.486 4.669 4.859 5.057 5.263 5.587 6.045 6.502 6.956 7.408 7.858 8.306 8.752 9.196 9.638 10.078 10.516 10.700 10.615 10.538 10.470 10.411 10.361 10.319 10.287 10.263 10.248 10.241 10.244 10.231 10.179 10.103 10.003 9.878 9.730 9.557 9.393 9.281 9.183 9.099 9.028
4.358 4.460 4.397 4.327 4.251 4.168 4.079 3.984 3.883 3.775 3.661 3.540 3.414 3.337 3.416 3.473 3.509 3.525 3.519 3.492 3.444 3.375 3.285 3.174 3.042 2.975 3.130 3.293 3.464 3.643 3.830 4.024 4.226 4.436 4.654 4.880 5.113 5.419 5.870 6.319 6.767 7.212 7.655 8.096 8.535 8.972 9.407 9.840 10.270 10.535 10.480 10.434 10.397 10.368 10.348 10.337 10.335 10.342 10.357 10.382 10.415 10.371 10.211 10.064 9.931 9.812 9.707 9.616 9.538 9.474 9.424 9.388 9.366
5.118 5.222 5.136 5.044 4.946 4.841 4.730 4.613 4.489 4.359 4.223 4.080 3.931 3.793 3.798 3.782 3.744 3.686 3.606 3.506 3.384 3.242 3.078 2.894 2.688 2.515 2.698 2.888 3.087 3.293 3.507 3.729 3.959 4.196 4.441 4.695 4.956 5.253 5.697 6.139 6.579 7.018 7.454 7.888 8.320 8.750 9.178 9.603 10.027 10.361 10.336 10.321 10.314 10.316 10.322 10.321 10.314 10.300 10.281 10.255 10.224 10.167 10.055 9.956 9.871 9.800 9.743 9.700 9.670 9.654 9.652 9.664 9.689
5.886 5.973 5.882 5.767 5.647 5.520 5.387 5.247 5.101 4.949 4.791 4.626 4.455 4.278 4.202 4.112 4.001 3.869 3.716 3.542 3.347 3.131 2.894 2.636 2.357 2.056 2.258 2.476 2.702 2.935 3.177 3.426 3.683 3.948 4.221 4.501 4.790 5.089 5.526 5.961 6.394 6.826 7.255 7.682 8.107 8.530 8.951 9.401 9.849 10.257 10.265 10.267 10.263 10.253 10.237 10.214 10.186 10.151 10.110 10.063 10.010 9.950 9.886 9.835 9.798 9.775 9.766 9.771 9.789 9.821 9.867 9.926 10.000
