DATA/SHG/ECMWF/20170628/EN-19/20170710.en-19.asc
ncols        190
nrows        64
xllcorner    -5100000.000000000000
yllcorner    4130000.000000000000
cellsize     10000.000000000000
NODATA_value  -99999.000
[rows 0 to 31 of 64, columns 0 to 71 of 190]
3.608 3.271 2.916 2.543 2.152 1.743 1.317 0.872 0.409 0.300 0.306 0.312 0.319 0.325 0.332 0.339 0.346 0.353 0.360 0.433 0.508 0.549 0.569 0.576 0.570 0.552 0.520 0.476 0.419 0.348 0.265 0.169 0.061 0.020 0.028 0.037 0.044 0.051 0.058 0.064 0.070 0.075 0.080 0.084 0.088 0.093 0.100 0.108 0.115 0.121 0.128 0.135 0.141 0.147 0.153 0.159 0.165 0.173 0.184 0.197 0.211 0.226 0.242 0.260 0.278 0.298 0.319 0.341 0.364 0.387 0.405 0.422
4.250 3.849 3.430 2.994 2.539 2.067 1.576 1.068 0.542 0.335 0.341 0.348 0.509 0.654 0.780 0.885 0.970 1.035 1.079 1.104 1.108 1.095 1.069 1.031 0.979 0.915 0.838 0.748 0.646 0.530 0.401 0.260 0.106 0.021 0.028 0.035 0.041 0.046 0.051 0.055 0.059 0.063 0.066 0.068 0.070 0.074 0.081 0.088 0.094 0.100 0.106 0.112 0.118 0.124 0.129 0.135 0.140 0.148 0.164 0.181 0.199 0.218 0.238 0.260 0.283 0.306 0.332 0.358 0.385 0.411 0.427 0.443
4.910 4.446 3.963 3.463 2.964 2.551 2.162 1.800 1.462 1.357 1.492 1.606 1.700 1.774 1.828 1.862 1.876 1.869 1.842 1.795 1.728 1.653 1.582 1.498 1.401 1.292 1.169 1.034 0.886 0.725 0.551 0.364 0.164 0.023 0.028 0.033 0.037 0.041 0.044 0.047 0.049 0.051 0.053 0.053 0.054 0.055 0.062 0.068 0.074 0.079 0.085 0.090 0.096 0.101 0.106 0.110 0.115 0.122 0.142 0.163 0.185 0.208 0.233 0.259 0.286 0.314 0.343 0.373 0.398 0.419 0.425 0.432
5.616 5.191 4.791 4.416 4.066 3.741 3.442 3.167 2.918 2.783 2.846 2.889 2.912 2.914 2.897 2.859 2.801 2.723 2.625 2.507 2.369 2.224 2.108 1.978 1.836 1.681 1.513 1.332 1.139 0.932 0.713 0.481 0.236 0.026 0.029 0.032 0.035 0.037 0.038 0.040 0.040 0.040 0.040 0.039 0.038 0.037 0.043 0.048 0.053 0.059 0.064 0.068 0.073 0.078 0.082 0.086 0.090 0.095 0.119 0.144 0.171 0.197 0.222 0.247 0.271 0.295 0.318 0.340 0.361 0.382 0.388 0.394
6.335 5.998 5.687 5.400 5.139 4.903 4.691 4.505 4.344 4.229 4.220 4.192 4.143 4.074 3.986 3.877 3.747 3.598 3.429 3.239 3.030 2.808 2.646 2.471 2.284 2.083 1.870 1.644 1.405 1.153 0.889 0.611 0.321 0.029 0.030 0.032 0.033 0.033 0.033 0.032 0.031 0.030 0.028 0.025 0.022 0.019 0.024 0.029 0.033 0.038 0.042 0.047 0.051 0.056 0.065 0.071 0.077 0.080 0.104 0.129 0.154 0.177 0.201 0.223 0.245 0.266 0.286 0.306 0.325 0.344 0.351 0.357
7.025 6.777 6.554 6.356 6.183 6.035 5.912 5.814 5.742 5.694 5.614 5.514 5.394 5.254 5.094 4.914 4.714 4.493 4.252 3.992 3.711 3.410 3.197 2.977 2.744 2.498 2.240 1.968 1.684 1.387 1.077 0.755 0.419 0.071 0.032 0.032 0.031 0.030 0.028 0.026 0.023 0.020 0.016 0.012 0.007 0.002 0.009 0.024 0.036 0.048 0.057 0.065 0.070 0.075 0.077 0.078 0.077 0.075 0.092 0.115 0.137 0.159 0.180 0.200 0.219 0.238 0.256 0.273 0.290 0.306 0.315 0.320
7.687 7.527 7.392 7.283 7.198 7.138 7.104 7.094 7.110 7.150 7.028 6.856 6.665 6.454 6.223 5.971 5.700 5.408 5.096 4.765 4.413 4.041 3.761 3.496 3.217 2.926 2.622 2.306 1.976 1.634 1.279 0.911 0.530 0.137 0.034 0.032 0.030 0.027 0.023 0.038 0.062 0.078 0.086 0.088 0.083 0.070 0.071 0.080 0.087 0.092 0.095 0.097 0.097 0.095 0.092 0.087 0.080 0.071 0.081 0.102 0.122 0.141 0.159 0.177 0.194 0.210 0.226 0.241 0.256 0.269 0.278 0.283
8.320 8.249 8.202 8.181 8.184 8.213 8.266 8.345 8.449 8.577 8.461 8.218 7.956 7.674 7.371 7.049 6.706 6.343 5.960 5.558 5.135 4.692 4.338 4.027 3.703 3.367 3.018 2.656 2.281 1.894 1.494 1.081 0.689 0.304 0.175 0.209 0.236 0.255 0.268 0.273 0.271 0.261 0.245 0.221 0.190 0.152 0.135 0.137 0.138 0.137 0.135 0.131 0.125 0.117 0.108 0.097 0.084 0.070 0.071 0.089 0.107 0.124 0.140 0.155 0.170 0.184 0.197 0.210 0.222 0.233 0.241 0.246
8.925 8.941 8.983 9.050 9.141 9.258 9.400 9.566 9.758 9.975 9.913 9.600 9.267 8.913 8.540 8.146 7.732 7.299 6.845 6.371 5.877 5.363 4.927 4.571 4.202 3.830 3.456 3.078 2.698 2.314 1.928 1.539 1.146 0.751 0.544 0.552 0.553 0.547 0.534 0.514 0.487 0.452 0.410 0.361 0.305 0.242 0.200 0.197 0.192 0.185 0.176 0.166 0.154 0.141 0.125 0.108 0.090 0.070 0.062 0.077 0.093 0.107 0.121 0.134 0.146 0.158 0.169 0.179 0.189 0.198 0.205 0.209
9.501 9.606 9.735 9.890 10.070 10.274 10.504 10.759 11.039 11.343 11.386 11.001 10.597 10.172 9.728 9.263 8.779 8.273 7.740 7.187 6.615 6.024 5.501 5.125 4.746 4.364 3.978 3.590 3.199 2.806 2.409 2.009 1.606 1.201 0.919 0.902 0.878 0.847 0.808 0.763 0.710 0.650 0.583 0.508 0.427 0.338 0.267 0.257 0.246 0.234 0.219 0.203 0.185 0.166 0.145 0.122 0.097 0.071 0.053 0.066 0.079 0.091 0.102 0.113 0.123 0.132 0.141 0.149 0.156 0.163 0.169 0.173
10.048 10.241 10.459 10.702 10.969 11.262 11.580 11.922 12.290 12.682 12.874 12.408 11.922 11.417 10.893 10.349 9.786 9.204 8.603 7.982 7.342 6.683 6.069 5.682 5.292 4.899 4.504 4.105 3.704 3.299 2.892 2.482 2.069 1.653 1.301 1.258 1.209 1.152 1.089 1.018 0.940 0.855 0.762 0.662 0.556 0.442 0.335 0.320 0.303 0.284 0.264 0.242 0.218 0.193 0.166 0.137 0.106 0.074 0.045 0.056 0.066 0.076 0.085 0.093 0.101 0.108 0.114 0.119 0.124 0.129 0.132 0.136
10.568 10.848 11.154 11.486 11.841 12.217 12.614 13.031 13.470 13.929 14.303 13.768 13.214 12.641 12.048 11.436 10.805 10.155 9.485 8.796 8.088 7.360 6.638 6.241 5.841 5.437 5.031 4.622 4.210 3.796 3.378 2.957 2.534 2.107 1.689 1.622 1.547 1.465 1.376 1.280 1.177 1.066 0.949 0.824 0.692 0.552 0.406 0.384 0.361 0.336 0.310 0.282 0.253 0.221 0.188 0.153 0.117 0.079 0.039 0.046 0.054 0.061 0.068 0.074 0.079 0.084 0.088 0.109 0.142 0.170 0.195 0.220
11.102 11.468 11.854 12.262 12.690 13.140 13.610 14.100 14.612 15.144 15.697 15.147 14.525 13.883 13.222 12.542 11.843 11.125 10.387 9.630 8.853 8.058 7.243 6.802 6.391 5.978 5.561 5.142 4.720 4.294 3.866 3.435 3.001 2.564 2.124 1.992 1.892 1.785 1.671 1.549 1.421 1.285 1.142 0.992 0.835 0.670 0.499 0.450 0.421 0.390 0.358 0.324 0.289 0.251 0.212 0.172 0.129 0.085 0.040 0.037 0.074 0.121 0.164 0.203 0.237 0.268 0.294 0.316 0.334 0.348 0.358 0.373
11.634 12.073 12.533 13.014 13.515 14.038 14.581 15.145 15.730 16.335 16.961 16.545 15.855 15.145 14.416 13.668 12.900 12.114 11.308 10.483 9.638 8.775 7.892 7.366 6.945 6.521 6.094 5.664 5.231 4.795 4.357 3.915 3.471 3.024 2.573 2.369 2.244 2.112 1.972 1.826 1.672 1.511 1.342 1.167 0.985 0.795 0.598 0.517 0.482 0.446 0.408 0.368 0.326 0.338 0.352 0.358 0.357 0.347 0.330 0.350 0.386 0.419 0.447 0.471 0.491 0.507 0.519 0.526 0.530 0.529 0.524 0.528
12.142 12.654 13.188 13.742 14.316 14.912 15.528 16.165 16.823 17.502 18.201 17.962 17.204 16.426 15.629 14.813 13.977 13.122 12.248 11.355 10.443 9.511 8.561 7.932 7.501 7.066 6.629 6.188 5.745 5.299 4.850 4.398 3.943 3.485 3.025 2.753 2.603 2.445 2.280 2.109 1.930 1.743 1.550 1.349 1.142 0.927 0.792 0.753 0.787 0.813 0.831 0.841 0.844 0.838 0.824 0.802 0.773 0.735 0.690 0.680 0.703 0.720 0.734 0.744 0.749 0.750 0.748 0.741 0.729 0.714 0.695 0.684
12.626 13.212 13.818 14.445 15.093 15.762 16.451 17.161 17.892 18.644 19.416 19.398 18.572 17.726 16.861 15.976 15.073 14.150 13.208 12.247 11.267 10.267 9.249 8.501 8.059 7.614 7.166 6.715 6.262 5.805 5.346 4.883 4.418 3.950 3.479 3.144 2.968 2.786 2.613 2.529 2.431 2.318 2.190 2.048 1.891 1.720 1.534 1.428 1.434 1.432 1.422 1.404 1.378 1.345 1.303 1.254 1.196 1.131 1.057 1.015 1.022 1.025 1.025 1.020 1.010 0.997 0.980 0.958 0.932 0.903 0.869 0.843
13.087 13.746 14.425 15.125 15.846 16.588 17.350 18.133 18.937 19.761 20.607 20.853 19.958 19.045 18.112 17.159 16.188 15.197 14.187 13.159 12.110 11.043 9.957 9.072 8.619 8.164 7.706 7.244 6.780 6.313 5.844 5.387 4.992 4.636 4.318 4.098 4.006 3.900 3.780 3.645 3.495 3.331 3.152 2.958 2.750 2.528 2.290 2.109 2.087 2.058 2.020 1.974 1.920 1.859 1.789 1.712 1.627 1.533 1.432 1.352 1.345 1.334 1.319 1.299 1.275 1.248 1.216 1.180 1.139 1.095 1.046 1.004
13.524 14.255 15.008 15.781 16.575 17.390 18.225 19.081 19.957 20.855 21.773 22.327 21.364 20.382 19.382 18.361 17.322 16.264 15.186 14.089 12.973 11.838 10.684 9.645 9.137 8.606 8.113 7.660 7.246 6.870 6.533 6.236 5.977 5.757 5.576 5.432 5.289 5.132 4.960 4.774 4.573 4.357 4.127 3.882 3.622 3.349 3.060 2.798 2.748 2.690 2.625 2.551 2.470 2.380 2.283 2.177 2.064 1.943 1.814 1.694 1.672 1.646 1.616 1.582 1.544 1.502 1.455 1.405 1.350 1.291 1.228 1.166
13.937 14.742 15.567 16.413 17.280 18.167 19.075 20.004 20.954 21.924 22.915 23.820 22.789 21.739 20.671 19.583 18.475 17.144 15.732 14.368 13.052 11.785 10.567 9.424 8.990 8.595 8.239 7.922 7.644 7.405 7.204 7.043 6.920 6.836 6.791 6.780 6.586 6.377 6.154 5.916 5.663 5.396 5.115 4.819 4.508 4.183 3.843 3.493 3.416 3.330 3.237 3.135 3.026 2.908 2.783 2.650 2.509 2.360 2.203 2.039 2.002 1.962 1.918 1.869 1.816 1.759 1.698 1.633 1.564 1.490 1.413 1.331
14.327 15.204 16.102 17.021 17.961 18.921 19.902 20.904 21.926 22.969 23.628 24.168 22.839 21.355 19.919 18.532 17.193 15.902 14.659 13.465 12.319 11.221 10.172 9.171 8.803 8.544 8.325 8.144 8.002 7.899 7.834 7.809 7.822 7.874 7.965 8.095 7.895 7.635 7.360 7.071 6.768 6.449 6.117 5.769 5.408 5.031 4.640 4.235 4.090 3.977 3.855 3.726 3.589 3.444 3.291 3.130 2.961 2.784 2.600 2.407 2.336 2.282 2.223 2.159 2.092 2.021 1.945 1.866 1.782 1.694 1.602 1.505
14.692 15.643 16.614 17.303 17.957 18.579 19.168 19.724 20.247 20.738 21.195 21.620 20.701 19.386 18.120 16.902 15.732 14.611 13.538 12.513 11.536 10.607 9.727 8.895 8.575 8.453 8.369 8.324 8.318 8.351 8.423 8.533 8.683 8.871 9.098 9.363 9.217 8.906 8.580 8.240 7.885 7.516 7.132 6.733 6.320 5.893 5.451 4.994 4.772 4.631 4.481 4.324 4.159 3.986 3.806 3.617 3.420 3.216 3.003 2.783 2.674 2.604 2.531 2.453 2.372 2.286 2.196 2.137 2.141 2.158 2.188 2.230
13.896 14.534 15.140 15.712 16.252 16.759 17.233 17.674 18.083 18.458 18.801 19.111 18.514 17.368 16.272 15.223 14.223 13.270 12.366 11.511 10.703 9.944 9.233 8.570 8.307 8.321 8.373 8.464 8.594 8.763 8.971 9.217 9.502 9.826 10.189 10.590 10.553 10.191 9.814 9.422 9.016 8.595 8.160 7.711 7.247 6.768 6.275 5.767 5.460 5.291 5.114 4.929 4.737 4.536 4.327 4.111 3.886 3.654 3.414 3.166 3.031 2.992 2.965 2.950 2.948 2.959 2.982 3.018 3.066 3.126 3.199 3.285
12.688 13.212 13.702 14.160 14.585 14.977 15.336 15.663 15.956 16.217 16.445 16.641 16.278 15.302 14.375 13.495 12.664 11.881 11.146 10.459 9.821 9.230 8.688 8.194 7.999 8.148 8.337 8.564 8.830 9.134 9.477 9.859 10.280 10.740 11.238 11.775 11.902 11.488 11.060 10.617 10.160 9.688 9.202 8.701 8.186 7.657 7.112 6.553 6.156 5.959 5.754 5.542 5.321 5.130 4.946 4.744 4.524 4.285 4.029 3.754 3.595 3.599 3.616 3.645 3.686 3.740 3.806 3.885 3.977 4.081 4.197 4.326
11.518 11.927 12.302 12.645 12.956 13.233 13.478 13.689 13.868 14.015 14.128 14.209 13.994 13.187 12.429 11.718 11.056 10.442 9.876 9.358 8.889 8.467 8.094 7.768 7.650 7.936 8.260 8.623 9.024 9.464 9.943 10.461 11.017 11.612 12.246 12.919 13.264 12.799 12.320 11.826 11.317 10.795 10.257 9.706 9.139 8.559 7.997 7.477 7.097 6.939 6.764 6.571 6.359 6.130 5.882 5.617 5.333 5.031 4.711 4.373 4.146 4.194 4.254 4.326 4.411 4.508 4.618 4.740 4.875 5.022 5.182 5.354
10.386 10.680 10.941 11.169 11.364 11.527 11.657 11.754 11.819 11.851 11.850 11.816 11.662 11.024 10.434 9.893 9.400 8.954 8.557 8.208 7.907 7.654 7.449 7.293 7.261 7.683 8.142 8.641 9.178 9.754 10.368 11.021 11.713 12.444 13.213 14.021 14.638 14.123 13.592 12.924 12.273 11.660 11.083 10.544 10.042 9.578 9.150 8.760 8.429 8.209 7.970 7.714 7.439 7.146 6.835 6.506 6.159 5.794 5.411 5.010 4.684 4.775 4.879 4.994 5.122 5.263 5.416 5.582 5.760 5.950 6.153 6.368
9.298 9.470 9.617 9.730 9.811 9.860 9.875 9.858 9.808 9.725 9.610 9.462 9.281 8.812 8.391 8.019 7.694 7.417 7.189 7.008 6.876 6.792 6.755 6.767 6.832 7.389 7.984 8.618 9.291 10.002 10.752 11.538 12.214 12.893 13.575 14.260 14.916 14.284 13.689 13.131 12.610 12.126 11.679 11.270 10.898 10.563 10.265 10.005 9.779 9.495 9.193 8.873 8.535 8.179 7.804 7.412 7.002 6.574 6.127 5.663 5.210 5.344 5.491 5.650 5.821 6.005 6.202 6.410 6.632 6.865 7.111 7.370
8.319 8.299 8.330 8.330 8.296 8.230 8.131 7.999 7.835 7.638 7.408 7.146 6.851 6.552 6.300 6.095 5.939 5.831 5.771 5.759 5.796 5.880 6.012 6.192 6.419 7.027 7.696 8.367 9.042 9.719 10.400 11.084 11.771 12.461 13.154 13.851 14.550 14.193 13.728 13.299 12.908 12.554 12.237 11.958 11.715 11.510 11.341 11.210 11.116 10.797 10.432 10.048 9.647 9.228 8.790 8.335 7.861 7.370 6.860 6.333 5.787 5.900 6.090 6.292 6.507 6.734 6.974 7.226 7.490 7.767 8.057 8.358
7.372 7.164 7.082 6.967 6.819 6.638 6.425 6.179 5.900 5.589 5.245 4.869 4.459 4.243 4.159 4.124 4.136 4.284 4.622 4.927 5.201 5.444 5.655 5.834 5.982 6.504 7.183 7.866 8.551 9.240 9.932 10.627 11.325 12.026 12.731 13.438 14.149 14.065 13.729 13.430 13.169 12.944 12.757 12.607 12.494 12.418 12.379 12.377 12.413 12.115 11.687 11.240 10.776 10.293 9.792 9.274 8.737 8.183 7.610 7.019 6.411 6.443 6.677 6.922 7.180 7.451 7.733 8.029 8.336 8.656 8.989 9.334
6.456 6.068 5.871 5.641 5.379 5.084 4.757 4.397 4.004 3.578 3.309 3.260 3.231 3.431 3.784 4.105 4.395 4.653 4.880 5.075 5.239 5.371 5.471 5.540 5.577 5.977 6.668 7.361 8.058 8.758 9.461 10.167 10.877 11.589 12.304 13.023 13.745 13.899 13.693 13.523 13.391 13.296 13.239 13.218 13.234 13.288 13.378 13.506 13.671 13.450 12.958 12.448 11.921 11.375 10.811 10.230 9.630 9.012 8.376 7.723 7.051 6.974 7.250 7.539 7.840 8.154 8.480 8.818 9.169 9.532 9.908 10.296
5.572 5.009 4.697 4.490 4.374 4.277 4.199 4.140 4.101 4.081 4.080 4.099 4.137 4.274 4.516 4.727 4.907 5.055 5.171 5.256 5.309 5.331 5.321 5.280 5.207 5.448 6.149 6.854 7.562 8.273 8.987 9.705 10.425 11.149 11.875 12.605 13.338 13.695 13.618 13.579 13.576 13.611 13.682 13.791 13.936 14.119 14.339 14.596 14.890 14.801 14.246 13.673 13.082 12.473 11.847 11.202 10.539 9.858 9.160 8.443 7.708 7.492 7.811 8.143 8.487 8.844 9.213 9.595 9.958 10.265 10.558 10.836
5.624 4.923 4.836 4.768 4.719 4.689 4.679 4.687 4.716 4.763 4.830 4.915 5.021 5.150 5.282 5.383 5.452 5.489 5.495 5.470 5.413 5.324 5.204 5.053 4.870 4.915 5.628 6.344 7.063 7.786 8.511 9.239 9.971 10.706 11.443 12.184 12.928 13.454 13.507 13.596 13.723 13.887 14.088 14.326 14.600 14.912 15.261 15.647 16.070 16.168 15.550 14.914 14.260 13.588 12.899 12.191 11.465 10.721 9.959 9.180 8.382 8.004 8.363 8.707 9.036 9.351 9.651 9.937 10.208 10.464 10.706 10.934
6.232 5.045 5.025 5.024 5.042 5.080 5.137 5.213 5.308 5.423 5.557 5.710 5.883 6.059 6.080 6.071 6.029 5.957 5.853 5.717 5.550 5.351 5.121 4.860 4.567 4.381 5.105 5.832 6.562 7.295 8.032 8.771 9.514 10.260 11.008 11.760 12.515 13.176 13.357 13.576 13.832 14.125 14.455 14.822 15.226 15.667 16.145 16.660 17.212 17.551 16.870 16.171 15.454 14.720 13.885 13.012 12.169 11.355 10.570 9.815 9.089 8.623 8.931 9.224 9.503 9.767 10.016 10.251 10.472 10.677 10.869 11.045
