DATA/SHG/ECMWF/20170628/EN-19/20170630.en-19.asc
ncols        190
nrows        64
xllcorner    -5100000.000000000000
yllcorner    4130000.000000000000
cellsize     10000.000000000000
NODATA_value  -99999.000
[rows 32 to 63 of 64, columns 73 to 145 of 190]
2.604 2.650 2.700 2.752 2.807 2.864 2.925 2.988 3.054 3.123 3.194 3.269 3.403 3.830 4.270 4.722 5.187 5.664 6.153 6.655 7.170 7.690 8.213 8.747 9.500 10.994 12.525 14.093 15.697 17.337 19.014 20.727 22.476 24.262 26.085 27.943 29.084 28.818 28.542 28.255 27.959 27.652 27.334 27.007 26.949 27.541 27.914 28.067 28.441 29.232 29.995 30.730 31.437 32.115 32.766 33.388 33.982 34.548 35.086 35.596 36.649 37.949 39.072 40.017 40.785 41.376 41.789 42.024 42.083 41.963 41.667 41.192 43.550
2.628 2.684 2.743 2.805 2.869 2.937 3.007 3.080 3.155 3.234 3.315 3.399 3.500 3.971 4.454 4.949 5.457 5.977 6.510 7.055 7.612 8.175 8.743 9.320 10.012 11.669 13.361 15.090 16.856 18.657 20.495 22.370 24.281 26.228 28.211 30.657 34.114 35.487 36.642 37.577 38.294 38.791 39.069 39.128 38.968 38.589 37.991 37.173 36.767 37.433 38.071 38.680 39.262 39.815 40.341 40.838 41.307 41.748 42.160 42.545 43.044 43.560 43.898 44.060 44.044 43.850 43.480 42.932 42.207 41.304 40.224 38.967 40.094
2.648 2.715 2.783 2.855 2.929 3.006 3.086 3.169 3.254 3.342 3.434 3.527 3.624 4.100 4.626 5.164 5.715 6.278 6.854 7.442 8.042 8.649 9.260 9.881 10.511 12.301 14.268 16.868 19.789 23.028 26.588 30.467 34.665 39.183 44.021 49.178 54.120 54.522 54.705 54.669 54.415 53.941 53.248 52.336 51.206 49.856 48.287 46.500 45.113 45.653 46.166 46.650 47.107 47.535 47.935 48.307 48.651 48.967 49.255 49.514 49.612 49.344 48.899 48.277 47.478 46.501 45.347 44.016 42.508 40.822 38.960 36.920 36.811
2.665 2.743 2.821 2.902 2.986 3.073 3.163 3.255 3.350 3.448 3.549 3.653 3.759 4.217 4.786 5.368 5.962 6.568 7.640 9.225 10.561 11.561 12.263 12.769 13.078 16.001 19.696 23.711 28.045 32.699 37.672 42.964 48.576 54.507 60.757 67.327 74.216 73.771 72.983 71.977 70.751 69.307 67.644 65.762 63.662 61.342 58.804 56.047 53.477 53.893 54.280 54.640 54.971 55.274 55.549 55.796 56.015 56.206 56.369 56.504 56.353 55.302 54.074 52.669 51.086 49.327 47.391 45.277 42.986 40.519 37.874 35.052 33.698
2.677 2.768 2.856 2.947 3.041 3.137 3.236 3.339 3.443 3.551 3.662 4.558 6.578 8.762 10.727 12.443 13.911 15.131 16.101 16.823 17.297 17.429 17.260 16.894 16.331 19.652 24.761 30.189 35.936 42.002 48.388 55.092 62.116 69.459 77.121 85.102 93.403 93.233 91.476 89.499 87.304 84.890 82.258 79.406 76.336 73.048 69.541 65.815 61.870 62.152 62.414 62.648 62.855 63.033 63.183 63.305 63.399 63.466 63.504 63.513 63.267 61.433 59.423 57.235 54.870 52.329 49.610 46.715 43.642 40.392 36.966 33.362 30.758
2.685 2.791 2.888 2.989 3.469 4.503 5.816 7.407 9.277 11.426 13.853 16.560 19.545 21.750 22.852 23.706 24.311 24.668 24.776 24.636 24.247 23.512 22.471 21.234 19.800 22.940 29.461 36.302 43.461 50.939 58.736 66.852 75.287 84.041 93.114 102.506 112.217 112.910 110.182 107.237 104.072 100.689 97.088 93.268 89.229 84.972 80.497 75.802 70.890 70.430 70.567 70.677 70.758 70.812 70.837 70.834 70.804 70.745 70.658 70.543 70.354 67.738 64.945 61.976 58.829 55.506 52.006 48.328 44.474 40.443 36.236 31.851 27.988
3.528 4.118 5.282 6.724 8.445 10.445 12.723 15.279 18.114 21.228 24.620 28.291 32.240 34.949 35.189 35.180 34.923 34.417 33.663 32.661 31.411 29.810 27.899 25.791 23.487 25.866 33.798 42.050 50.620 59.510 68.717 78.244 88.089 98.253 108.736 119.538 130.658 132.799 129.103 125.189 121.056 116.705 112.135 107.347 102.340 97.115 91.672 86.010 80.130 78.727 78.740 78.724 78.681 78.610 78.510 78.383 78.228 78.044 77.833 77.593 77.326 74.216 70.642 66.891 62.963 58.858 54.577 50.118 45.483 40.672 35.683 30.518 25.389
5.165 5.932 8.061 10.469 13.155 16.119 19.362 22.883 26.683 30.760 35.117 39.751 44.664 48.358 47.735 46.865 45.746 44.379 42.764 40.901 38.790 36.323 33.542 30.564 27.390 28.429 37.773 47.435 57.415 67.714 78.332 89.268 100.523 112.096 123.988 136.198 148.727 152.903 148.239 143.356 138.255 132.936 127.399 121.643 115.669 109.477 103.067 96.438 89.591 87.044 86.932 86.792 86.624 86.428 86.204 85.952 85.671 85.363 85.027 84.663 84.271 80.867 76.512 71.980 67.271 62.103 56.287 50.610 45.074 39.679 34.423 29.308 24.333
6.780 7.482 10.576 13.948 17.599 21.528 25.734 30.220 34.983 40.024 45.344 50.941 56.817 61.977 60.493 58.761 56.781 54.553 52.078 49.354 46.382 43.050 39.399 35.552 31.509 30.631 41.384 52.456 63.846 75.554 87.580 99.925 112.588 125.570 138.870 152.488 166.425 173.220 167.588 161.738 155.670 149.384 142.879 136.157 129.216 122.057 114.680 107.085 99.272 95.380 95.143 94.879 94.586 94.265 93.917 93.540 92.766 90.672 88.514 86.292 84.006 79.278 73.518 67.898 62.418 57.078 51.879 46.819 41.900 37.122 32.483 27.985 23.626
8.374 8.989 12.827 17.163 21.777 26.670 31.840 37.288 43.015 49.019 55.301 61.862 68.700 75.805 73.461 70.868 68.028 64.940 61.604 58.020 54.189 49.992 45.472 40.756 35.844 32.471 44.633 57.114 69.912 83.028 96.463 110.215 124.286 138.675 153.382 168.408 183.751 193.750 187.151 180.335 173.300 166.047 158.576 150.887 142.981 134.856 126.513 117.642 107.246 100.468 98.539 96.546 94.489 92.369 90.185 87.938 85.626 83.252 80.813 78.311 75.745 71.650 66.507 61.504 56.641 51.918 47.336 42.893 38.591 34.429 30.406 26.524 22.783
9.947 10.632 14.813 20.113 25.690 31.546 37.679 44.090 50.779 57.746 64.990 72.512 80.312 88.390 86.639 83.186 79.486 75.538 71.343 66.899 62.209 57.148 51.760 46.175 40.395 34.418 47.521 61.409 75.614 90.138 104.980 120.139 135.617 151.412 167.526 183.957 200.707 214.494 206.483 194.687 183.196 172.010 161.128 150.551 140.278 130.310 120.647 111.289 102.236 95.365 93.155 90.882 88.545 86.144 83.680 81.153 78.561 75.907 73.188 70.406 67.560 63.890 59.364 54.977 50.731 46.625 42.658 38.832 35.146 31.600 28.194 24.928 21.802
11.499 12.255 16.536 22.798 29.339 36.156 43.252 50.625 58.276 66.204 74.410 82.893 91.654 100.693 100.027 95.715 91.155 86.348 81.294 75.992 70.442 64.518 58.262 51.810 45.162 38.318 50.047 65.341 80.954 96.788 110.786 124.426 137.709 150.633 163.200 175.409 187.260 198.496 187.738 177.285 167.137 157.293 147.753 138.518 129.588 120.962 112.641 104.624 96.911 90.335 87.845 85.292 82.675 79.994 77.250 74.442 71.571 68.636 65.638 62.576 59.450 55.997 52.087 48.317 44.687 41.197 37.847 34.636 31.566 28.636 25.845 23.195 20.684
13.029 13.856 17.995 25.220 32.722 40.502 48.559 56.893 65.505 74.395 83.561 93.006 102.727 112.726 113.625 108.454 103.036 97.370 91.457 85.297 78.889 70.670 62.510 54.544 46.773 39.196 47.178 60.675 73.816 86.598 99.023 111.091 122.801 134.153 145.147 155.784 166.064 175.986 168.688 159.577 150.771 142.268 134.070 126.177 118.587 111.302 104.322 97.646 91.274 85.379 82.609 79.776 76.879 73.918 70.894 67.807 64.655 61.441 58.163 54.821 51.416 47.972 44.678 41.524 38.509 35.635 32.900 30.306 27.851 25.536 23.361 21.325 19.430
14.538 15.435 19.191 27.377 35.841 44.582 53.600 62.895 72.468 82.318 92.445 102.849 113.531 124.489 124.089 114.965 106.086 97.453 89.065 80.923 73.027 65.446 58.142 51.034 44.119 37.400 42.111 54.037 65.604 76.815 87.667 98.163 108.301 118.082 127.505 136.571 145.280 153.631 149.334 141.564 134.098 126.937 120.079 113.526 107.277 101.332 95.692 90.355 85.323 80.595 77.446 74.333 71.156 67.916 64.612 61.245 57.814 54.320 50.762 47.141 43.456 39.814 37.136 34.597 32.198 29.939 27.820 25.840 24.000 22.301 20.740 19.320 18.039
16.026 16.994 20.124 29.272 38.696 48.397 58.376 66.810 74.940 82.796 90.379 97.686 104.720 111.479 112.712 104.436 96.406 88.621 81.081 73.787 66.739 60.009 53.563 47.310 41.253 35.389 37.447 47.801 57.797 67.436 76.718 85.642 94.210 102.420 110.273 117.769 124.907 131.689 129.674 123.245 117.119 111.298 105.780 100.567 95.657 91.052 86.750 82.753 79.059 75.670 72.357 68.964 65.508 61.988 58.405 54.758 51.048 47.274 43.437 39.536 35.572 31.545 29.461 27.537 25.754 24.109 22.605 21.240 20.015 18.930 17.984 17.178 16.512
17.227 17.849 19.459 28.015 36.298 44.306 52.041 59.501 66.687 73.599 80.237 86.602 92.692 98.508 101.128 93.699 86.516 79.579 72.887 66.440 60.239 54.361 48.770 43.374 38.172 33.165 33.185 41.968 50.393 58.462 66.173 73.528 80.526 87.166 93.450 99.377 104.946 110.159 109.710 104.620 99.834 95.352 91.173 87.299 83.728 80.461 77.498 74.838 72.483 70.431 67.341 63.669 59.933 56.133 52.271 48.345 44.355 40.302 36.186 32.006 27.763 23.456 21.653 20.345 19.175 18.146 17.256 16.506 15.895 15.424 15.093 14.901 14.849
16.943 17.095 17.132 24.744 32.082 39.146 45.936 52.453 58.695 64.664 70.359 75.779 80.926 85.800 89.335 82.754 76.418 70.328 64.482 58.882 53.528 48.501 43.766 39.226 34.879 30.727 29.325 36.537 43.393 49.892 56.035 61.820 67.249 72.321 77.036 81.395 85.396 89.041 89.442 85.691 82.243 79.099 76.259 73.722 71.489 69.560 67.934 66.612 65.594 64.879 62.398 58.447 54.431 50.353 46.211 42.005 37.737 33.405 29.009 24.550 20.028 15.443 13.713 13.019 12.464 12.049 11.773 11.637 11.640 11.934 12.640 13.364 14.107
16.788 16.469 16.016 21.731 28.125 34.245 40.092 45.665 50.964 55.990 60.742 65.220 69.425 73.355 77.013 71.600 66.111 60.867 55.868 51.114 46.606 42.430 38.550 34.864 31.373 28.075 25.865 31.509 36.796 41.727 46.301 50.518 54.379 57.883 61.031 63.822 66.257 68.335 68.869 66.456 64.346 62.540 61.037 59.838 58.942 58.349 58.060 58.075 58.393 59.014 57.529 53.298 49.003 44.646 40.225 35.740 31.192 26.581 21.907 17.169 12.568 8.674 7.693 8.350 9.026 9.720 10.433 11.165 11.915 12.683 13.471 14.277 15.101
16.760 15.972 15.049 18.975 24.426 29.603 34.507 39.137 43.494 47.577 51.387 54.923 58.186 61.175 63.890 60.239 55.596 51.198 47.045 43.136 39.473 36.147 33.122 30.291 27.654 25.210 22.961 26.882 30.602 33.965 36.971 39.622 41.915 43.853 45.434 46.659 47.527 48.040 47.993 46.917 46.144 45.674 45.508 45.645 46.085 46.829 47.876 49.226 50.880 52.836 52.732 48.337 44.783 41.155 37.453 33.677 29.827 25.903 21.905 17.833 13.687 9.466 7.849 8.588 9.346 10.122 10.917 11.730 12.562 13.413 14.282 15.170 16.077
16.861 15.604 14.211 16.477 20.985 25.220 29.181 32.869 36.284 39.425 42.293 44.888 47.209 49.257 51.032 48.669 44.872 41.319 38.011 34.948 32.130 29.654 27.483 25.505 23.722 22.132 20.736 22.657 24.809 26.606 28.046 29.130 29.858 30.229 30.245 29.904 29.208 28.155 26.812 27.072 27.636 28.502 29.719 32.992 36.340 39.764 43.263 46.837 50.487 54.213 56.280 52.473 48.592 44.638 40.609 36.506 32.329 28.078 23.753 19.354 14.881 10.334 7.987 8.807 9.647 10.505 11.382 12.277 13.191 14.123 15.074 16.044 17.032
17.089 15.363 13.501 14.236 17.802 21.094 24.114 26.861 29.334 31.534 33.461 35.115 36.495 37.602 38.437 36.891 33.939 31.231 28.768 26.550 24.576 22.949 21.632 20.508 19.577 18.841 18.298 18.832 19.419 19.649 19.524 19.043 18.205 17.012 17.037 17.138 17.227 17.306 17.373 20.414 23.793 27.248 30.778 34.383 38.063 41.819 45.650 49.557 53.539 57.596 60.817 56.683 52.476 48.194 43.838 39.409 34.905 30.328 25.676 20.951 16.151 11.277 8.105 9.007 9.929 10.868 11.827 12.804 13.799 14.814 15.846 16.898 17.968
17.445 15.250 12.920 12.251 14.876 17.227 19.306 21.111 22.644 23.903 24.889 25.603 26.043 26.210 26.105 24.906 22.798 20.935 19.316 17.942 16.812 16.034 15.569 15.298 15.221 15.740 16.347 16.676 16.805 16.924 17.032 17.128 17.213 17.287 17.350 17.402 17.442 17.471 17.490 20.394 24.106 27.892 31.754 35.691 39.703 43.791 47.954 52.192 56.506 60.895 65.359 60.967 56.433 51.824 47.142 42.386 37.556 32.652 27.674 22.622 17.496 12.296 8.203 9.188 10.191 11.213 12.253 13.311 14.389 15.485 16.599 17.732 18.884
17.929 15.266 12.467 10.524 12.208 13.618 14.756 15.621 16.213 16.532 16.578 16.352 15.853 15.080 14.035 12.713 11.449 11.438 11.997 12.572 13.163 13.766 14.378 15.002 15.639 16.288 16.950 17.344 17.425 17.495 17.553 17.600 17.636 17.661 17.675 17.677 17.669 17.649 17.618 20.292 24.335 28.454 32.648 36.916 41.261 45.680 50.175 54.745 59.390 64.110 68.906 65.324 60.463 55.528 50.520 45.437 40.281 35.050 29.746 24.368 18.916 13.390 8.283 9.349 10.434 11.537 12.659 13.800 14.959 16.136 17.332 18.547 19.780
18.541 15.409 12.142 9.053 9.796 10.266 10.464 10.389 10.041 9.421 9.380 9.648 9.869 10.045 10.175 10.354 10.937 11.535 12.148 12.778 13.423 14.080 14.747 15.426 16.118 16.822 17.539 18.025 18.056 18.077 18.086 18.084 18.071 18.047 18.011 17.965 17.907 17.838 17.758 20.108 24.483 28.933 33.459 38.059 42.735 47.486 52.312 57.213 62.190 67.242 72.369 69.754 64.567 59.306 53.971 48.563 43.080 37.523 31.893 26.189 20.411 14.559 8.633 9.491 10.658 11.843 13.046 14.268 15.509 16.768 18.046 19.342 20.657
19.279 15.680 11.944 8.383 8.579 8.964 9.303 9.595 9.842 10.043 10.198 10.308 10.371 10.388 10.359 10.328 10.964 11.617 12.285 12.968 13.668 14.380 15.102 15.836 16.582 17.342 18.113 18.717 18.699 18.670 18.631 18.580 18.517 18.444 18.360 18.264 18.157 18.039 17.910 19.842 24.549 29.330 34.187 39.119 44.126 49.208 54.366 59.598 64.906 70.289 75.747 74.258 68.745 63.158 57.497 51.762 45.953 40.071 34.115 28.085 21.981 15.803 9.552 9.614 10.862 12.129 13.414 14.718 16.040 17.381 18.740 20.118 21.514
20.297 16.995 13.814 10.753 10.389 10.616 10.796 10.930 11.019 11.061 11.058 11.009 10.914 10.773 10.586 10.353 10.978 11.684 12.407 13.145 13.898 14.665 15.442 16.231 17.032 17.846 18.673 19.420 19.354 19.276 19.187 19.087 18.976 18.853 18.720 18.575 18.419 18.253 18.075 19.495 24.532 29.645 34.833 40.096 45.435 50.848 56.337 61.900 67.539 73.253 79.042 78.835 72.996 67.083 61.096 55.036 48.901 42.693 36.411 30.055 23.626 17.122 10.545 9.718 11.048 12.396 13.763 15.148 16.552 17.974 19.415 20.874 22.352
21.312 18.424 15.656 13.008 12.240 12.308 12.330 12.306 12.236 12.120 11.959 11.751 11.498 11.199 10.854 10.463 10.977 11.738 12.514 13.306 14.114 14.935 15.767 16.611 17.467 18.336 19.217 20.111 20.020 19.893 19.755 19.606 19.446 19.274 19.092 18.898 18.694 18.478 18.251 19.065 24.434 29.878 35.397 40.991 46.661 52.405 58.224 64.119 70.089 76.134 82.253 83.486 77.321 71.082 64.769 58.383 51.923 45.389 38.782 32.101 25.346 18.517 11.614 9.803 11.214 12.610 13.901 15.165 16.402 17.612 18.796 19.953 21.083
22.214 19.739 17.384 15.149 14.132 14.041 13.905 13.723 13.495 13.221 12.901 12.535 12.124 11.666 11.163 10.614 10.962 11.777 12.607 13.454 14.316 15.191 16.078 16.976 17.888 18.811 19.747 20.696 20.698 20.522 20.335 20.137 19.928 19.707 19.476 19.233 18.979 18.715 18.439 18.554 24.254 30.029 35.879 41.804 47.804 53.879 60.029 66.255 72.555 78.930 85.381 88.209 81.719 75.154 68.516 61.805 54.901 47.324 39.915 32.675 25.602 18.698 11.961 9.290 10.518 11.718 12.892 14.040 15.160 16.254 17.321 18.361 19.374
23.003 20.941 18.998 17.176 16.064 15.815 15.521 15.180 14.794 14.362 13.884 13.360 12.791 12.175 11.514 10.807 10.932 11.801 12.686 13.587 14.503 15.433 16.374 17.328 18.293 19.272 20.263 21.266 21.387 21.162 20.926 20.679 20.421 20.152 19.871 19.580 19.277 18.963 18.638 18.302 23.991 30.097 36.278 42.534 48.864 55.270 61.751 68.285 73.767 79.079 84.222 87.084 79.402 71.888 64.542 57.364 50.354 43.512 36.838 30.331 23.993 17.822 11.820 8.660 9.771 10.855 11.912 12.942 13.946 14.923 15.873 16.797 17.694
23.678 22.029 20.499 19.089 18.037 17.630 17.177 16.679 16.134 15.544 14.908 14.227 13.499 12.726 11.907 11.042 10.888 11.811 12.750 13.705 14.675 15.660 16.656 17.664 18.685 19.718 20.763 21.821 22.088 21.814 21.529 21.234 20.926 20.608 20.279 19.938 19.587 19.224 18.850 18.416 23.353 29.280 35.038 40.626 46.046 51.296 56.376 61.288 66.030 70.603 75.007 78.699 71.751 64.972 58.360 51.916 45.640 39.532 33.592 27.820 22.215 16.778 11.509 8.057 9.051 10.018 10.959 11.873 12.760 13.620 14.454 15.261 16.041
24.241 23.003 21.886 20.888 20.051 19.485 18.875 18.218 17.516 16.768 15.974 15.134 14.249 13.317 12.340 11.318 10.829 11.807 12.800 13.809 14.833 15.872 16.923 17.986 19.061 20.149 21.249 22.362 22.801 22.478 22.051 21.602 21.155 20.711 20.269 19.830 19.393 18.959 18.527 18.097 21.718 26.905 31.924 36.773 41.452 45.963 50.304 54.477 58.480 62.314 65.979 69.475 63.935 57.890 52.012 46.302 40.760 35.385 30.178 25.140 20.268 15.565 11.030 7.482 8.359 9.210 10.034 10.831 11.602 12.345 13.063 13.753 14.417
24.690 23.864 23.159 22.573 22.104 21.381 20.613 19.798 18.938 18.032 17.080 16.083 15.039 13.951 12.816 11.635 10.757 11.788 12.836 13.899 14.977 16.055 17.110 18.144 19.157 20.149 21.120 22.070 22.519 22.076 21.635 21.197 20.761 20.327 19.896 19.467 19.041 18.617 18.195 17.776 20.266 24.714 28.993 33.103 37.044 40.815 44.418 47.851 51.116 54.211 57.137 59.895 55.953 50.641 45.497 40.521 35.712 31.071 26.597 22.292 18.154 14.183 10.381 6.934 7.695 8.429 9.136 9.817 10.471 11.098 11.699 12.273 12.820
