DATA/SHG/ECMWF/20170628/EN-19/20170704.en-19.asc
ncols        190
nrows        64
xllcorner    -5100000.000000000000
yllcorner    4130000.000000000000
cellsize     10000.000000000000
NODATA_value  -99999.000
[rows 0 to 31 of 64, columns 73 to 145 of 190]
4.972 5.281 5.597 5.920 6.250 6.587 6.932 7.283 7.404 6.921 6.420 5.939 5.477 5.035 4.613 4.210 3.827 3.463 3.120 2.795 2.648 3.013 3.356 3.681 3.990 4.281 4.555 4.811 5.050 5.272 5.477 5.664 5.718 5.388 5.065 4.749 4.439 4.136 3.839 3.549 3.266 2.989 2.718 2.454 2.235 2.135 2.035 1.933 1.832 1.729 1.627 1.523 1.419 1.315 1.209 1.104 1.041 1.101 1.157 1.207 1.251 1.290 1.324 1.352 1.375 1.392 1.404 1.410 1.383 1.279 1.185 1.100 1.023
5.088 5.422 5.727 6.010 6.278 6.532 6.772 6.997 7.089 6.637 6.205 5.793 5.400 5.026 4.672 4.338 4.024 3.729 3.453 3.197 3.017 3.305 3.571 3.819 4.050 4.264 4.461 4.640 4.802 4.946 5.074 5.184 5.233 4.933 4.639 4.352 4.072 3.798 3.530 3.270 3.015 2.768 2.527 2.292 2.080 1.977 1.874 1.770 1.666 1.561 1.456 1.350 1.243 1.136 1.028 0.919 0.831 0.868 0.899 0.925 0.945 0.960 0.969 0.973 0.971 0.964 0.952 0.934 0.904 0.841 0.788 0.743 0.708
5.060 5.321 5.568 5.800 6.018 6.222 6.411 6.586 6.720 6.337 5.973 5.629 5.305 5.000 4.714 4.449 4.202 3.976 3.769 3.581 3.414 3.617 3.805 3.976 4.130 4.267 4.386 4.488 4.573 4.640 4.691 4.724 4.739 4.471 4.206 3.949 3.698 3.453 3.215 2.983 2.759 2.540 2.328 2.123 1.925 1.820 1.714 1.608 1.501 1.393 1.285 1.177 1.067 0.958 0.847 0.736 0.628 0.640 0.647 0.648 0.644 0.635 0.620 0.600 0.574 0.543 0.506 0.464 0.460 0.523 0.594 0.672 0.758
5.015 5.225 5.422 5.604 5.772 5.925 6.064 6.188 6.299 6.019 5.724 5.448 5.192 4.955 4.738 4.541 4.363 4.205 4.066 3.947 3.848 3.948 4.059 4.153 4.229 4.288 4.331 4.356 4.363 4.354 4.327 4.283 4.221 4.002 3.767 3.539 3.317 3.102 2.893 2.691 2.495 2.306 2.123 1.947 1.778 1.664 1.555 1.446 1.337 1.227 1.116 1.005 0.893 0.781 0.668 0.554 0.440 0.418 0.401 0.424 0.484 0.539 0.588 0.631 0.668 0.699 0.725 0.744 0.758 0.848 0.951 1.061 1.179
4.983 5.143 5.290 5.421 5.539 5.642 5.731 5.805 5.865 5.683 5.456 5.249 5.062 4.893 4.745 4.616 4.506 4.416 4.346 4.295 4.264 4.297 4.331 4.348 4.347 4.330 4.295 4.242 4.173 4.086 3.983 3.862 3.723 3.527 3.322 3.123 2.930 2.744 2.564 2.391 2.225 2.065 1.912 1.765 1.625 1.508 1.397 1.286 1.174 1.061 0.990 0.957 0.927 0.900 0.876 0.856 0.839 0.877 0.923 0.963 0.998 1.026 1.049 1.066 1.077 1.082 1.081 1.075 1.063 1.165 1.300 1.442 1.592
4.965 5.075 5.171 5.252 5.320 5.373 5.411 5.435 5.445 5.330 5.172 5.033 4.914 4.814 4.734 4.673 4.632 4.610 4.608 4.625 4.662 4.666 4.623 4.562 4.485 4.390 4.278 4.149 4.002 3.839 3.658 3.460 3.245 3.046 2.870 2.700 2.536 2.380 2.229 2.086 1.948 1.871 1.824 1.771 1.710 1.662 1.627 1.595 1.566 1.541 1.519 1.500 1.485 1.473 1.464 1.459 1.457 1.474 1.494 1.508 1.516 1.519 1.515 1.506 1.491 1.470 1.444 1.411 1.373 1.475 1.642 1.816 1.998
4.960 5.020 5.066 5.097 5.114 5.117 5.106 5.080 5.039 4.960 4.870 4.799 4.748 4.717 4.705 4.712 4.739 4.785 4.851 4.937 5.042 5.053 4.933 4.796 4.641 4.470 4.281 4.075 3.851 3.611 3.353 3.078 2.878 2.797 2.775 2.747 2.712 2.669 2.619 2.562 2.498 2.427 2.349 2.263 2.170 2.112 2.092 2.074 2.060 2.050 2.043 2.039 2.038 2.041 2.047 2.057 2.070 2.076 2.070 2.058 2.040 2.016 1.987 1.952 1.911 1.864 1.811 1.753 1.688 1.776 1.975 2.182 2.395
4.968 4.978 4.974 4.955 4.922 4.875 4.814 4.738 4.647 4.572 4.550 4.548 4.565 4.602 4.658 4.733 4.829 4.943 5.077 5.231 5.404 5.460 5.263 5.068 4.886 4.712 4.545 4.386 4.234 4.091 3.955 3.826 3.706 3.617 3.564 3.503 3.436 3.361 3.279 3.190 3.094 2.990 2.880 2.762 2.637 2.558 2.552 2.550 2.551 2.555 2.563 2.574 2.588 2.606 2.627 2.651 2.679 2.683 2.651 2.613 2.569 2.519 2.464 2.403 2.336 2.263 2.184 2.099 2.009 2.070 2.302 2.540 2.786
4.991 4.950 4.896 4.827 4.744 4.647 4.535 4.409 4.269 4.167 4.213 4.279 4.364 4.469 4.593 4.749 4.959 5.167 5.374 5.579 5.782 5.897 5.734 5.578 5.430 5.290 5.158 5.033 4.916 4.806 4.705 4.611 4.524 4.444 4.359 4.266 4.167 4.060 3.946 3.825 3.696 3.561 3.418 3.268 3.111 2.999 3.008 3.021 3.037 3.056 3.078 3.104 3.133 3.166 3.202 3.241 3.283 3.295 3.237 3.173 3.103 3.027 2.946 2.859 2.766 2.667 2.562 2.452 2.335 2.357 2.620 2.890 3.168
5.026 4.936 4.831 4.713 4.580 4.432 4.271 4.095 3.940 3.908 4.122 4.335 4.545 4.754 4.962 5.168 5.372 5.574 5.775 5.974 6.171 6.329 6.200 6.079 5.965 5.859 5.761 5.670 5.588 5.512 5.445 5.385 5.333 5.278 5.161 5.036 4.904 4.765 4.619 4.466 4.305 4.138 3.963 3.781 3.592 3.436 3.460 3.488 3.518 3.552 3.589 3.630 3.674 3.721 3.772 3.826 3.883 3.912 3.828 3.738 3.642 3.541 3.433 3.320 3.201 3.076 2.946 2.809 2.667 2.636 2.931 3.233 3.543
5.075 4.934 4.800 4.684 4.586 4.505 4.442 4.397 4.369 4.362 4.571 4.777 4.982 5.185 5.387 5.587 5.785 5.981 6.176 6.370 6.561 6.746 6.657 6.570 6.491 6.419 6.355 6.299 6.250 6.209 6.176 6.150 6.132 6.119 5.969 5.813 5.649 5.478 5.299 5.114 4.922 4.722 4.515 4.301 4.080 3.869 3.908 3.950 3.996 4.044 4.097 4.152 4.211 4.273 4.338 4.407 4.479 4.535 4.425 4.309 4.187 4.059 3.926 3.787 3.642 3.491 3.335 3.172 3.004 2.907 3.234 3.568 3.910
5.003 4.913 4.841 4.787 4.751 4.732 4.731 4.747 4.782 4.834 5.020 5.220 5.419 5.617 5.812 6.006 6.199 6.390 6.579 6.766 6.952 7.131 7.105 7.052 7.007 6.969 6.939 6.917 6.903 6.896 6.897 6.905 6.921 6.945 6.785 6.596 6.400 6.197 5.987 5.769 5.545 5.313 5.074 4.828 4.575 4.315 4.352 4.409 4.469 4.533 4.600 4.670 4.743 4.820 4.900 4.984 5.071 5.161 5.026 4.884 4.737 4.583 4.424 4.259 4.088 3.911 3.729 3.541 3.370 3.250 3.763 4.363 5.050
4.904 4.876 4.866 4.874 4.899 4.942 5.003 5.081 5.177 5.291 5.469 5.664 5.857 6.049 6.239 6.427 6.614 6.799 6.982 7.164 7.344 7.517 7.544 7.525 7.514 7.510 7.515 7.527 7.546 7.573 7.608 7.651 7.701 7.759 7.607 7.386 7.158 6.923 6.681 6.431 6.175 5.911 5.640 5.362 5.077 4.785 4.791 4.863 4.938 5.016 5.098 5.183 5.272 5.363 5.458 5.557 5.658 5.763 5.633 5.477 5.332 5.187 5.042 4.896 4.750 4.604 4.457 4.310 4.163 4.016 4.849 5.838 6.914
4.788 4.822 4.874 4.943 5.030 5.135 5.258 5.398 5.555 5.731 5.920 6.109 6.297 6.482 6.666 6.849 7.030 7.209 7.386 7.562 7.737 7.903 7.973 7.988 8.011 8.042 8.080 8.126 8.180 8.242 8.311 8.387 8.472 8.564 8.435 8.183 7.923 7.656 7.381 7.100 6.812 6.516 6.213 5.903 5.586 5.262 5.227 5.313 5.403 5.496 5.603 5.724 5.848 5.975 6.104 6.236 6.370 6.507 6.428 6.282 6.136 5.989 5.842 5.695 5.548 5.400 5.252 5.104 4.956 4.807 5.846 7.224 8.688
4.656 4.752 4.866 4.997 5.145 5.312 5.496 5.697 5.917 6.154 6.372 6.555 6.736 6.916 7.095 7.271 7.446 7.620 7.792 7.962 8.130 8.291 8.393 8.442 8.500 8.564 8.637 8.717 8.805 8.900 9.003 9.114 9.233 9.359 9.271 8.986 8.694 8.395 8.089 7.776 7.455 7.100 6.736 6.402 6.096 5.819 5.786 5.908 6.033 6.161 6.291 6.424 6.559 6.697 6.838 6.982 7.128 7.277 7.233 7.086 6.938 6.790 6.642 6.494 6.345 6.196 6.047 5.897 5.747 5.597 6.755 8.521 10.374
4.508 4.665 4.841 5.033 5.244 5.472 5.717 5.981 6.262 6.560 6.824 7.001 7.177 7.351 7.524 7.695 7.864 8.032 8.198 8.362 8.525 8.680 8.804 8.887 8.978 9.077 9.184 9.298 9.420 9.550 9.687 9.832 9.893 9.863 9.648 9.211 8.803 8.423 8.073 7.751 7.458 7.194 6.959 6.753 6.575 6.426 6.423 6.557 6.693 6.833 6.975 7.119 7.266 7.416 7.569 7.724 7.882 8.043 8.038 7.889 7.740 7.591 7.441 7.292 7.142 6.991 6.841 6.690 6.538 6.387 7.575 9.729 11.970
4.343 4.562 4.799 5.053 5.325 5.615 5.922 6.247 6.589 6.949 7.277 7.449 7.619 7.787 7.954 8.119 8.283 8.444 8.605 8.763 8.920 9.069 9.205 9.291 9.341 9.373 9.387 9.384 9.363 9.325 9.270 9.196 9.105 8.997 8.814 8.505 8.225 7.974 7.752 7.558 7.394 7.258 7.151 7.072 7.023 7.002 7.056 7.201 7.350 7.501 7.655 7.811 7.970 8.132 8.296 8.463 8.632 8.805 8.842 8.692 8.541 8.391 8.240 8.089 7.937 7.785 7.633 7.481 7.329 7.176 8.307 10.849 13.477
4.162 4.443 4.741 5.057 5.390 5.741 6.110 6.497 6.900 7.322 7.731 7.897 8.061 8.224 8.385 8.538 8.621 8.710 8.805 8.907 9.015 9.130 9.238 9.227 9.198 9.152 9.088 9.007 8.908 8.792 8.658 8.507 8.338 8.151 7.950 7.769 7.617 7.494 7.400 7.335 7.298 7.290 7.311 7.361 7.440 7.547 7.685 7.842 8.003 8.165 8.331 8.499 8.670 8.843 9.019 9.198 9.379 9.563 9.645 9.494 9.342 9.190 9.038 8.885 8.732 8.579 8.426 8.272 8.118 7.964 8.951 11.880 14.896
3.965 4.307 4.667 5.044 5.439 5.851 6.282 6.729 7.181 7.572 7.961 8.041 8.120 8.206 8.298 8.396 8.501 8.612 8.730 8.854 8.985 9.123 9.266 9.182 9.075 8.951 8.809 8.650 8.473 8.279 8.067 7.838 7.591 7.326 7.055 7.003 6.979 6.984 7.018 7.080 7.172 7.292 7.441 7.618 7.825 8.060 8.311 8.480 8.652 8.826 9.003 9.183 9.366 9.551 9.738 9.929 10.122 10.317 10.448 10.295 10.142 9.988 9.834 9.681 9.526 9.372 9.217 9.062 8.907 8.751 9.506 12.822 16.225
3.751 4.151 4.547 4.942 5.335 5.727 6.117 6.506 6.894 7.279 7.664 7.803 7.905 8.013 8.127 8.248 8.376 8.509 8.650 8.796 8.950 9.110 9.276 9.157 8.973 8.770 8.551 8.313 8.059 7.786 7.496 7.189 6.864 6.522 6.162 6.206 6.310 6.443 6.605 6.795 7.015 7.263 7.539 7.845 8.179 8.542 8.933 9.114 9.297 9.483 9.672 9.864 10.058 10.255 10.454 10.656 10.861 11.068 11.249 11.095 10.940 10.786 10.631 10.475 10.320 10.164 10.008 9.851 9.695 9.538 9.973 13.676 17.466
3.508 3.900 4.292 4.681 5.070 5.456 5.842 6.225 6.608 6.989 7.368 7.560 7.684 7.814 7.951 8.095 8.245 8.401 8.564 8.733 8.908 9.091 9.280 9.152 8.890 8.609 8.312 7.996 7.664 7.313 6.946 6.560 6.158 5.737 5.300 5.379 5.611 5.872 6.161 6.480 6.827 7.202 7.607 8.040 8.502 8.992 9.512 9.744 9.939 10.137 10.337 10.540 10.746 10.955 11.166 11.380 11.596 11.815 12.037 11.894 11.739 11.582 11.426 11.269 11.112 10.955 10.798 10.640 10.482 10.423 10.710 14.779 18.709
3.264 3.651 4.038 4.422 4.806 5.187 5.568 5.946 6.324 6.700 7.074 7.311 7.457 7.610 7.770 7.936 8.108 8.287 8.472 8.663 8.861 9.066 9.278 9.167 8.827 8.468 8.093 7.700 7.289 6.861 6.415 5.952 5.472 4.974 4.458 4.521 4.881 5.270 5.687 6.133 6.608 7.111 7.643 8.204 8.793 9.411 10.058 10.370 10.577 10.786 10.999 11.214 11.431 11.651 11.874 12.100 12.328 12.558 12.792 12.693 12.543 12.435 12.374 12.361 12.395 12.476 12.605 12.781 13.003 13.274 13.591 16.840 20.162
3.021 3.404 3.785 4.165 4.543 4.920 5.295 5.669 6.041 6.412 6.782 7.056 7.225 7.400 7.582 7.771 7.965 8.167 8.374 8.588 8.808 9.036 9.270 9.202 8.783 8.347 7.894 7.423 6.934 6.428 5.905 5.364 4.806 4.230 3.637 3.634 4.121 4.637 5.182 5.756 6.358 6.989 7.649 8.337 9.054 9.799 10.574 10.993 11.211 11.432 11.656 11.834 11.956 12.109 12.290 12.502 12.743 13.013 13.313 13.407 13.461 13.562 13.711 13.907 14.150 14.440 14.778 15.162 15.594 16.073 16.600 19.034 21.749
2.781 3.158 3.535 3.909 4.283 4.654 5.025 5.393 5.761 6.126 6.491 6.796 6.987 7.185 7.389 7.600 7.817 8.041 8.271 8.507 8.750 9.000 9.257 9.256 8.760 8.246 7.715 7.166 6.600 6.016 5.415 4.796 4.160 3.507 2.836 2.716 3.331 3.975 4.647 5.348 6.078 6.836 7.617 8.364 9.063 9.713 10.314 10.639 10.775 10.940 11.135 11.359 11.613 11.896 12.209 12.552 12.923 13.325 13.756 14.066 14.330 14.640 14.998 15.403 15.855 16.354 16.900 17.494 18.135 18.822 19.557 21.361 23.468
2.542 2.914 3.286 3.655 4.023 4.390 4.755 5.119 5.482 5.842 6.202 6.530 6.744 6.964 7.191 7.424 7.663 7.909 8.162 8.421 8.686 8.958 9.238 9.330 8.756 8.164 7.555 6.929 6.285 5.624 4.945 4.249 3.535 2.891 2.406 2.384 3.255 4.078 4.852 5.578 6.256 6.885 7.465 7.998 8.482 8.917 9.304 9.610 9.877 10.173 10.499 10.854 11.239 11.653 12.097 12.571 13.073 13.606 14.168 14.677 15.149 15.669 16.235 16.849 17.510 18.218 18.973 19.775 20.624 21.521 22.464 23.821 25.321
2.304 2.672 3.038 3.403 3.766 4.128 4.488 4.847 5.204 5.560 5.914 6.259 6.495 6.738 6.987 7.242 7.504 7.772 8.047 8.328 8.616 8.911 9.213 9.424 8.768 8.126 7.518 6.945 6.405 5.901 5.430 4.994 4.593 4.226 3.893 3.787 4.443 5.051 5.611 6.122 6.585 6.999 7.366 7.683 7.953 8.174 8.346 8.551 8.949 9.376 9.833 10.319 10.835 11.380 11.955 12.559 13.193 13.856 14.549 15.238 15.919 16.647 17.423 18.245 19.114 20.031 20.995 22.005 23.063 24.168 25.320 26.414 27.307
2.069 2.431 2.792 3.152 3.510 3.867 4.222 4.576 4.928 5.279 5.628 5.976 6.240 6.505 6.777 7.055 7.333 7.579 7.831 8.088 8.350 8.623 8.908 9.196 8.692 8.202 7.747 7.326 6.939 6.587 6.269 5.985 5.736 5.521 5.340 5.240 5.682 6.075 6.421 6.717 6.966 7.166 7.318 7.421 7.476 7.483 7.441 7.462 7.991 8.549 9.136 9.754 10.400 11.076 11.782 12.517 13.281 14.075 14.899 15.750 16.640 17.577 18.561 19.591 20.669 21.794 22.966 24.186 25.452 26.765 28.125 29.138 29.425
1.834 2.192 2.548 2.903 3.256 3.608 3.958 4.307 4.654 4.993 5.301 5.599 5.848 6.091 6.340 6.594 6.854 7.118 7.388 7.663 7.943 8.235 8.538 8.845 8.577 8.240 7.937 7.668 7.434 7.233 7.068 6.936 6.839 6.777 6.748 6.754 6.972 7.151 7.281 7.364 7.398 7.384 7.322 7.211 7.052 6.845 6.589 6.343 7.002 7.691 8.410 9.158 9.935 10.742 11.578 12.444 13.339 14.264 15.218 16.213 17.311 18.457 19.649 20.888 22.174 23.508 24.888 26.316 27.790 29.311 30.880 31.995 31.677
1.602 1.954 2.306 2.650 2.984 3.308 3.621 3.924 4.217 4.500 4.772 5.034 5.291 5.553 5.820 6.092 6.370 6.653 6.941 7.234 7.533 7.843 8.165 8.490 8.424 8.239 8.088 7.972 7.889 7.842 7.828 7.849 7.904 7.993 8.117 8.275 8.312 8.277 8.194 8.062 7.882 7.654 7.377 7.053 6.680 6.258 5.789 5.271 5.984 6.804 7.653 8.532 9.440 10.377 11.344 12.340 13.366 14.421 15.506 16.627 17.934 19.287 20.688 22.135 23.630 25.171 26.760 28.395 30.078 31.807 33.584 34.984 34.061
1.423 1.752 2.071 2.380 2.678 2.966 3.244 3.512 3.769 4.016 4.253 4.479 4.730 5.010 5.296 5.586 5.882 6.183 6.490 6.801 7.118 7.447 7.787 8.131 8.233 8.200 8.201 8.237 8.307 8.411 8.549 8.722 8.929 9.171 9.446 9.756 9.704 9.454 9.157 8.811 8.417 7.975 7.485 6.946 6.359 5.724 5.041 4.309 4.936 5.887 6.866 7.875 8.914 9.982 11.079 12.206 13.362 14.548 15.763 17.007 18.507 20.069 21.677 23.333 25.035 26.785 28.581 30.425 32.315 34.253 36.237 38.080 36.532
1.270 1.563 1.847 2.120 2.383 2.635 2.877 3.109 3.331 3.542 3.744 3.934 4.165 4.463 4.767 5.076 5.390 5.710 6.034 6.364 6.699 7.046 7.405 7.767 8.003 8.122 8.276 8.463 8.685 8.941 9.232 9.557 9.915 10.309 10.736 11.198 11.146 10.683 10.171 9.612 9.004 8.348 7.644 6.892 6.091 5.242 4.345 3.400 3.858 4.939 6.049 7.189 8.358 9.557 10.784 12.042 13.328 14.644 15.989 17.364 19.031 20.801 22.590 24.375 26.209 28.093 30.027 32.009 34.042 36.123 38.255 40.435 38.849
1.126 1.384 1.632 1.870 2.097 2.314 2.520 2.717 2.903 3.079 3.244 3.400 3.596 3.912 4.234 4.562 4.894 5.232 5.575 5.923 6.276 6.642 7.018 7.399 7.735 8.006 8.312 8.651 9.025 9.433 9.875 10.352 10.863 11.408 11.987 12.601 12.639 11.962 11.237 10.464 9.642 8.773 7.855 6.889 5.875 4.813 3.702 2.543 2.750 3.962 5.202 6.472 7.772 9.178 10.727 12.196 13.583 14.891 16.117 17.264 18.901 20.806 22.760 24.764 26.818 28.921 31.073 33.275 35.526 37.827 40.177 42.577 41.230
