DATA/SHG/ECMWF/20170628/EN-19/20170701.en-19.asc
ncols        190
nrows        64
xllcorner    -5100000.000000000000
yllcorner    4130000.000000000000
cellsize     10000.000000000000
NODATA_value  -99999.000
[rows 0 to 31 of 64, columns 0 to 71 of 190]
1.328 1.368 1.404 1.437 1.466 1.492 1.515 1.534 1.549 1.519 1.476 1.436 1.400 1.366 1.335 1.307 1.281 1.259 1.239 1.238 1.242 1.273 1.324 1.384 1.453 1.531 1.619 1.716 1.821 1.936 2.060 2.194 2.336 2.457 2.552 2.638 2.714 2.780 2.836 2.883 2.920 2.947 2.965 2.973 2.971 3.020 3.120 3.220 3.319 3.417 3.516 3.613 3.710 3.807 3.903 3.999 4.094 4.284 4.583 4.876 5.165 5.448 5.725 5.998 6.265 6.527 6.784 7.035 7.281 7.427 7.424 7.432
1.326 1.353 1.377 1.398 1.415 1.429 1.439 1.446 1.450 1.429 1.397 1.367 1.374 1.382 1.388 1.394 1.398 1.402 1.404 1.405 1.406 1.447 1.530 1.622 1.723 1.834 1.954 2.083 2.221 2.368 2.524 2.689 2.864 2.993 3.054 3.105 3.147 3.179 3.201 3.213 3.216 3.209 3.192 3.166 3.130 3.142 3.240 3.338 3.435 3.532 3.629 3.725 3.820 3.915 4.010 4.104 4.197 4.351 4.632 4.907 5.177 5.441 5.701 5.955 6.203 6.447 6.685 6.918 7.146 7.320 7.355 7.400
1.327 1.342 1.354 1.363 1.372 1.400 1.433 1.473 1.519 1.550 1.557 1.563 1.568 1.571 1.574 1.576 1.577 1.577 1.575 1.573 1.570 1.610 1.725 1.850 1.984 2.126 2.278 2.439 2.610 2.789 2.977 3.175 3.382 3.538 3.565 3.582 3.589 3.586 3.574 3.553 3.521 3.480 3.429 3.368 3.298 3.264 3.360 3.457 3.552 3.647 3.742 3.836 3.930 4.023 4.116 4.208 4.300 4.424 4.686 4.942 5.194 5.440 5.681 5.916 6.147 6.372 6.591 6.806 7.011 7.180 7.237 7.302
1.335 1.360 1.392 1.429 1.472 1.521 1.576 1.637 1.703 1.755 1.758 1.760 1.761 1.762 1.761 1.759 1.756 1.753 1.748 1.742 1.735 1.764 1.911 2.068 2.234 2.409 2.593 2.786 2.989 3.200 3.421 3.650 3.889 4.092 4.085 4.067 4.040 4.004 3.957 3.901 3.836 3.760 3.675 3.580 3.476 3.386 3.481 3.575 3.669 3.763 3.856 3.948 4.040 4.132 4.223 4.314 4.404 4.501 4.744 4.983 5.221 5.507 5.770 6.011 6.228 6.422 6.593 6.741 6.865 6.967 7.054 7.148
1.344 1.390 1.443 1.501 1.565 1.635 1.711 1.793 1.881 1.960 1.960 1.958 1.956 1.953 1.948 1.943 1.937 1.929 1.921 1.911 1.901 1.907 2.087 2.276 2.474 2.681 2.898 3.123 3.357 3.601 3.854 4.116 4.386 4.655 4.614 4.562 4.501 4.430 4.350 4.259 4.160 4.050 3.931 3.802 3.663 3.515 3.602 3.694 3.787 3.879 3.970 4.061 4.151 4.263 4.447 4.631 4.815 4.999 5.264 5.516 5.744 5.949 6.132 6.291 6.427 6.540 6.631 6.698 6.742 6.763 6.863 6.987
1.346 1.414 1.487 1.566 1.651 1.743 1.840 1.943 2.052 2.166 2.162 2.157 2.151 2.144 2.137 2.128 2.118 2.107 2.095 2.082 2.068 2.053 2.253 2.474 2.704 2.944 3.192 3.450 3.716 3.992 4.277 4.570 4.873 5.186 5.152 5.066 4.971 4.866 4.751 4.627 4.493 4.349 4.196 4.033 3.860 3.678 3.760 3.944 4.128 4.312 4.496 4.680 4.864 5.048 5.231 5.415 5.598 5.782 5.971 6.141 6.289 6.413 6.515 6.593 6.649 6.681 6.690 6.677 6.640 6.580 6.664 6.818
1.342 1.430 1.525 1.625 1.731 1.844 1.962 2.086 2.216 2.352 2.366 2.357 2.348 2.337 2.326 2.313 2.299 2.285 2.269 2.253 2.235 2.217 2.409 2.662 2.925 3.196 3.477 3.766 4.065 4.372 4.689 5.015 5.350 5.694 5.699 5.580 5.450 5.311 5.162 5.055 4.976 4.889 4.794 4.690 4.578 4.458 4.546 4.730 4.914 5.098 5.281 5.465 5.648 5.831 6.014 6.197 6.380 6.563 6.699 6.788 6.855 6.899 6.919 6.917 6.892 6.843 6.772 6.678 6.560 6.420 6.458 6.642
1.331 1.440 1.556 1.677 1.804 1.938 2.077 2.222 2.373 2.531 2.570 2.558 2.545 2.531 2.515 2.499 2.482 2.464 2.445 2.425 2.404 2.381 2.555 2.841 3.135 3.438 3.751 4.073 4.403 4.743 5.092 5.450 5.875 6.338 6.491 6.425 6.350 6.267 6.176 6.076 5.968 5.851 5.726 5.593 5.451 5.300 5.332 5.515 5.698 5.882 6.065 6.248 6.431 6.614 6.796 6.979 7.162 7.344 7.448 7.457 7.443 7.406 7.346 7.263 7.157 7.028 6.876 6.701 6.503 6.282 6.244 6.457
1.313 1.444 1.580 1.723 1.871 2.025 2.186 2.352 2.524 2.702 2.775 2.759 2.742 2.725 2.706 2.686 2.666 2.644 2.621 2.597 2.573 2.547 2.692 3.009 3.335 3.710 4.106 4.521 4.955 5.409 5.882 6.374 6.886 7.417 7.669 7.573 7.469 7.356 7.235 7.105 6.967 6.820 6.665 6.502 6.330 6.150 6.116 6.299 6.482 6.665 6.847 7.030 7.212 7.395 7.577 7.759 7.942 8.124 8.218 8.147 8.052 7.934 7.793 7.630 7.443 7.234 7.001 6.746 6.467 6.166 6.023 6.265
1.289 1.440 1.598 1.761 1.931 2.106 2.287 2.475 2.668 2.867 2.981 2.961 2.941 2.920 2.897 2.874 2.850 2.830 2.839 2.840 2.834 2.820 2.949 3.355 3.780 4.225 4.689 5.171 5.674 6.195 6.736 7.296 7.875 8.473 8.854 8.728 8.594 8.451 8.300 8.141 7.973 7.797 7.612 7.419 7.217 7.007 6.899 7.082 7.264 7.446 7.629 7.811 7.993 8.175 8.357 8.539 8.720 8.902 9.010 8.858 8.682 8.484 8.263 8.019 7.751 7.461 7.148 6.812 6.453 6.072 5.793 6.065
1.258 1.431 1.609 1.794 1.984 2.180 2.383 2.591 2.805 3.025 3.207 3.243 3.271 3.291 3.304 3.309 3.306 3.296 3.278 3.253 3.219 3.178 3.240 3.714 4.207 4.719 5.250 5.801 6.371 6.960 7.568 8.196 8.842 9.508 10.046 9.891 9.727 9.554 9.373 9.184 8.986 8.780 8.565 8.342 8.111 7.871 7.681 7.863 8.045 8.227 8.409 8.591 8.772 8.954 9.136 9.317 9.498 9.679 9.823 9.590 9.334 9.055 8.754 8.429 8.081 7.711 7.317 6.901 6.462 6.000 5.556 5.858
1.221 1.414 1.614 1.844 2.106 2.379 2.662 2.957 3.262 3.578 3.871 3.880 3.880 3.874 3.859 3.837 3.808 3.770 3.725 3.672 3.612 3.544 3.510 4.051 4.612 5.192 5.791 6.409 7.047 7.703 8.379 9.074 9.788 10.522 11.245 11.060 10.866 10.664 10.453 10.234 10.006 9.770 9.526 9.273 9.012 8.743 8.465 8.644 8.825 9.007 9.188 9.370 9.551 9.732 9.913 10.094 10.275 10.456 10.637 10.344 10.007 9.648 9.266 8.861 8.433 7.982 7.508 6.997 6.482 5.984 5.503 5.762
1.362 1.630 1.908 2.198 2.498 2.809 3.130 3.463 3.806 4.160 4.524 4.523 4.497 4.463 4.422 4.373 4.316 4.252 4.180 4.100 4.013 3.918 3.815 4.368 4.996 5.644 6.311 6.996 7.701 8.425 9.169 9.931 10.713 11.514 12.334 12.236 12.012 11.780 11.540 11.291 11.034 10.768 10.494 10.212 9.921 9.622 9.314 9.423 9.604 9.786 9.967 10.147 10.328 10.509 10.690 10.870 11.051 11.231 11.411 11.119 10.584 10.010 9.453 8.913 8.390 7.884 7.394 6.921 6.465 6.026 5.603 5.740
1.590 1.895 2.212 2.539 2.877 3.226 3.585 3.956 4.337 4.729 5.132 5.175 5.121 5.061 4.992 4.916 4.832 4.741 4.642 4.535 4.421 4.299 4.169 4.664 5.360 6.075 6.809 7.562 8.335 9.126 9.937 10.767 11.616 12.485 13.372 13.419 13.166 12.904 12.634 12.355 12.068 11.773 11.469 11.157 10.837 10.508 10.170 10.202 10.382 10.563 10.744 10.924 11.105 11.117 11.097 11.075 11.051 11.025 10.996 10.614 10.082 9.567 9.069 8.588 8.123 7.675 7.244 6.830 6.432 6.052 5.688 5.727
1.804 2.148 2.503 2.868 3.244 3.631 4.028 4.437 4.856 5.286 5.726 5.833 5.753 5.665 5.569 5.466 5.356 5.237 5.111 4.978 4.836 4.687 4.531 4.940 5.703 6.485 7.287 8.108 8.947 9.806 10.685 11.582 12.498 13.434 14.389 14.609 14.326 14.035 13.735 13.427 13.110 12.785 12.451 12.110 11.760 11.401 10.838 10.596 10.581 10.564 10.545 10.524 10.501 10.476 10.449 10.420 10.389 10.356 10.321 10.038 9.565 9.109 8.669 8.246 7.840 7.451 7.079 6.723 6.384 6.062 5.756 5.725
2.007 2.389 2.781 3.184 3.598 4.023 4.459 4.905 5.362 5.830 6.308 6.499 6.392 6.277 6.154 6.024 5.886 5.741 5.588 5.428 5.259 5.084 4.900 5.194 6.025 6.875 7.744 8.632 9.539 10.465 11.411 12.375 13.359 14.362 15.384 15.806 15.494 15.172 14.798 14.169 13.558 12.966 12.392 11.837 11.300 10.782 10.282 9.999 9.977 9.953 9.927 9.900 9.870 9.838 9.804 9.768 9.730 9.690 9.648 9.447 9.032 8.635 8.254 7.890 7.542 7.211 6.897 6.600 6.320 6.056 5.809 5.733
2.197 2.617 3.047 3.489 3.940 4.403 4.877 5.361 5.856 6.361 6.878 7.172 7.038 6.896 6.746 6.589 6.425 6.253 6.073 5.885 5.690 5.487 5.277 5.428 6.326 7.243 8.179 9.135 10.109 11.103 12.116 13.075 13.846 14.575 15.262 15.511 14.891 14.290 13.707 13.142 12.597 12.069 11.560 11.070 10.598 10.144 9.709 9.405 9.376 9.346 9.313 9.278 9.241 9.202 9.162 9.119 9.074 9.027 8.978 8.841 8.485 8.145 7.823 7.517 7.228 6.956 6.701 6.462 6.240 6.035 5.846 5.751
2.375 2.833 3.301 3.780 4.270 4.771 5.282 5.804 6.337 6.880 7.434 7.852 7.691 7.522 7.346 7.162 6.971 6.771 6.565 6.350 6.128 5.898 5.661 5.641 6.597 7.515 8.392 9.227 10.019 10.769 11.477 12.144 12.767 13.349 13.889 14.208 13.653 13.116 12.598 12.099 11.618 11.155 10.711 10.285 9.878 9.489 9.118 8.814 8.779 8.741 8.701 8.659 8.616 8.570 8.522 8.472 8.421 8.367 8.311 8.219 7.921 7.641 7.377 7.130 6.899 6.685 6.488 6.308 6.144 5.997 5.867 5.778
2.541 3.037 3.543 4.060 4.587 5.126 5.675 6.235 6.805 7.387 7.979 8.540 8.352 8.156 7.953 7.742 7.524 7.237 6.940 6.671 6.432 6.222 6.041 5.929 6.742 7.513 8.243 8.930 9.575 10.177 10.738 11.257 11.734 12.168 12.560 12.888 12.398 11.926 11.473 11.038 10.621 10.223 9.844 9.483 9.140 8.816 8.510 8.226 8.184 8.139 8.092 8.044 7.993 7.940 7.886 7.829 7.770 7.710 7.647 7.582 7.343 7.121 6.915 6.726 6.554 6.399 6.260 6.138 6.033 5.944 5.872 5.817
2.695 3.228 3.772 4.327 4.892 5.469 6.055 6.653 7.261 7.881 8.362 8.781 8.488 8.147 7.835 7.552 7.298 7.074 6.879 6.713 6.577 6.469 6.391 6.342 6.932 7.555 8.137 8.677 9.174 9.630 10.043 10.415 10.744 11.032 11.277 11.480 11.126 10.719 10.330 9.960 9.608 9.275 8.960 8.663 8.385 8.125 7.884 7.661 7.591 7.540 7.486 7.431 7.373 7.314 7.252 7.188 7.123 7.055 6.986 6.914 6.749 6.585 6.438 6.308 6.194 6.097 6.016 5.953 5.906 5.875 5.862 5.865
2.836 3.407 3.989 4.554 5.087 5.587 6.054 6.490 6.893 7.264 7.602 7.908 7.780 7.542 7.332 7.152 7.001 6.880 6.787 6.724 6.690 6.685 6.710 6.763 7.165 7.641 8.076 8.468 8.818 9.127 9.393 9.617 9.800 9.940 10.038 10.095 9.837 9.494 9.170 8.865 8.577 8.309 8.058 7.826 7.613 7.418 7.241 7.082 7.002 6.943 6.883 6.821 6.756 6.690 6.621 6.551 6.478 6.404 6.327 6.249 6.140 6.034 5.946 5.873 5.818 5.779 5.757 5.745 5.721 5.685 5.637 5.577
3.173 3.689 4.173 4.624 5.043 5.430 5.784 6.106 6.395 6.653 6.877 7.070 7.042 6.906 6.799 6.722 6.674 6.654 6.665 6.704 6.772 6.870 6.997 7.153 7.441 7.771 8.058 8.303 8.506 8.668 8.787 8.864 8.900 8.893 8.845 8.754 8.531 8.253 7.994 7.752 7.530 7.325 7.140 6.972 6.823 6.692 6.580 6.486 6.415 6.350 6.283 6.213 6.142 6.069 5.993 5.916 5.837 5.755 5.672 5.587 5.558 5.576 5.581 5.574 5.556 5.526 5.484 5.430 5.365 5.287 5.198 5.097
3.619 4.022 4.392 4.730 5.035 5.308 5.549 5.757 5.934 6.077 6.189 6.268 6.273 6.240 6.236 6.261 6.315 6.399 6.511 6.653 6.824 7.024 7.253 7.511 7.762 7.944 8.084 8.182 8.239 8.253 8.225 8.156 8.044 7.891 7.696 7.458 7.208 6.995 6.800 6.623 6.465 6.325 6.204 6.101 6.016 5.950 5.902 5.872 5.832 5.759 5.685 5.609 5.531 5.489 5.478 5.474 5.477 5.488 5.507 5.533 5.544 5.519 5.484 5.436 5.376 5.305 5.222 5.127 5.020 4.902 4.771 4.629
4.100 4.389 4.646 4.870 5.062 5.222 5.349 5.445 5.508 5.538 5.536 5.503 5.475 5.544 5.642 5.769 5.926 6.112 6.327 6.571 6.844 7.146 7.478 7.839 8.125 8.161 8.154 8.105 8.015 7.882 7.708 7.492 7.233 6.933 6.591 6.207 5.868 5.719 5.589 5.477 5.383 5.308 5.250 5.212 5.191 5.190 5.247 5.317 5.355 5.332 5.316 5.308 5.308 5.315 5.330 5.352 5.382 5.420 5.465 5.518 5.540 5.475 5.398 5.309 5.208 5.096 4.972 4.835 4.688 4.528 4.357 4.173
4.616 4.791 4.935 5.046 5.125 5.171 5.185 5.167 5.117 5.034 4.920 4.773 4.646 4.817 5.018 5.247 5.506 5.794 6.112 6.458 6.833 7.238 7.672 8.134 8.533 8.421 8.267 8.072 7.835 7.556 7.235 6.872 6.467 6.020 5.532 5.001 4.511 4.427 4.361 4.430 4.512 4.591 4.667 4.739 4.808 4.874 4.936 4.994 5.040 5.043 5.054 5.073 5.099 5.133 5.175 5.224 5.280 5.345 5.416 5.496 5.548 5.442 5.323 5.193 5.052 4.898 4.733 4.556 4.367 4.166 3.953 3.729
5.168 5.229 5.259 5.257 5.222 5.155 5.057 4.925 4.762 4.566 4.339 4.079 3.786 4.060 4.363 4.695 5.056 5.446 5.866 6.314 6.792 7.298 7.834 8.399 8.983 8.725 8.425 8.083 7.699 7.273 6.805 6.297 5.802 5.322 4.854 4.400 3.972 4.053 4.131 4.205 4.275 4.343 4.407 4.467 4.524 4.578 4.628 4.675 4.718 4.748 4.786 4.831 4.884 4.944 5.012 5.088 5.171 5.262 5.360 5.466 5.567 5.420 5.261 5.090 4.907 4.712 4.506 4.287 4.057 3.815 3.562 3.297
5.756 5.701 5.618 5.502 5.355 5.175 4.963 4.719 4.443 4.134 3.793 3.420 3.015 3.273 3.678 4.112 4.575 5.068 5.589 6.140 6.719 7.328 7.966 8.633 9.303 8.908 8.380 7.865 7.364 6.877 6.402 5.942 5.495 5.061 4.641 4.234 3.841 3.855 3.921 3.983 4.042 4.098 4.150 4.198 4.244 4.286 4.324 4.360 4.391 4.446 4.510 4.582 4.661 4.748 4.843 4.945 5.054 5.172 5.297 5.429 5.569 5.410 5.209 4.997 4.773 4.537 4.290 4.031 3.760 3.477 3.182 2.876
6.354 6.208 6.012 5.783 5.523 5.230 4.905 4.548 4.159 3.737 3.284 2.798 2.280 2.455 2.962 3.498 4.064 4.688 5.359 5.988 6.575 7.119 7.622 8.082 8.500 8.257 7.776 7.309 6.855 6.414 5.987 5.574 5.173 4.787 4.414 4.054 3.708 3.661 3.715 3.766 3.813 3.856 3.897 3.934 3.967 3.998 4.024 4.048 4.068 4.136 4.227 4.325 4.431 4.544 4.666 4.794 4.931 5.074 5.226 5.385 5.551 5.411 5.169 4.916 4.651 4.374 4.086 3.786 3.474 3.150 2.814 2.467
6.961 6.749 6.440 6.099 5.726 5.320 4.882 4.412 3.910 3.376 2.907 2.548 2.201 2.446 3.138 3.788 4.396 4.962 5.486 5.967 6.407 6.804 7.159 7.472 7.743 7.593 7.159 6.739 6.332 5.938 5.558 5.192 4.839 4.499 4.173 3.861 3.562 3.471 3.513 3.551 3.587 3.619 3.647 3.673 3.695 3.713 3.728 3.740 3.748 3.819 3.936 4.061 4.194 4.334 4.481 4.637 4.799 4.970 5.148 5.333 5.526 5.424 5.141 4.847 4.541 4.223 3.894 3.552 3.199 2.834 2.458 2.070
7.579 7.326 6.904 6.483 6.084 5.697 5.321 4.957 4.604 4.262 3.931 3.612 3.304 3.353 3.898 4.401 4.862 5.280 5.657 5.991 6.283 6.534 6.742 6.908 7.032 6.916 6.529 6.156 5.796 5.450 5.117 4.797 4.491 4.199 3.920 3.654 3.402 3.284 3.314 3.341 3.365 3.385 3.402 3.415 3.426 3.432 3.436 3.436 3.433 3.495 3.639 3.790 3.949 4.116 4.290 4.472 4.661 4.858 5.062 5.274 5.494 5.448 5.124 4.789 4.442 4.083 3.713 3.330 2.969 2.648 2.317 1.976
8.299 7.971 7.589 7.219 6.860 6.512 6.175 5.850 5.536 5.234 4.943 4.663 4.394 4.305 4.702 5.058 5.371 5.643 5.872 6.059 6.205 6.308 6.369 6.388 6.365 6.225 5.886 5.560 5.247 4.947 4.661 4.389 4.130 3.884 3.652 3.434 3.228 3.101 3.119 3.135 3.146 3.155 3.160 3.162 3.160 3.155 3.147 3.135 3.120 3.164 3.334 3.512 3.698 3.891 4.091 4.299 4.515 4.738 4.969 5.208 5.454 5.520 5.233 4.936 4.629 4.313 3.987 3.651 3.306 2.950 2.586 2.211
9.118 8.615 8.272 7.941 7.622 7.313 7.016 6.730 6.456 6.192 5.941 5.700 5.471 5.300 5.550 5.759 5.925 6.050 6.132 6.172 6.170 6.127 6.041 5.913 5.743 5.522 5.229 4.950 4.684 4.432 4.193 3.968 3.756 3.557 3.372 3.200 3.042 2.921 2.928 2.932 2.932 2.929 2.922 2.912 2.899 2.882 2.862 2.839 2.812 2.826 3.023 3.227 3.439 3.658 3.956 4.301 4.641 4.974 5.301 5.622 5.937 6.104 5.783 5.452 5.111 4.761 4.401 4.031 3.652 3.262 2.863 2.455
