DATA/SHG/ECMWF/20170628/EN-19/20170708.en-19.asc
ncols        190
nrows        64
xllcorner    -5100000.000000000000
yllcorner    4130000.000000000000
cellsize     10000.000000000000
NODATA_value  -99999.000
[rows 0 to 31 of 64, columns 0 to 71 of 190]
0.302 0.290 0.280 0.273 0.268 0.266 0.267 0.271 0.277 0.265 0.247 0.229 0.209 0.189 0.168 0.146 0.123 0.099 0.075 0.060 0.049 0.056 0.069 0.079 0.087 0.093 0.096 0.097 0.095 0.090 0.084 0.075 0.063 0.077 0.112 0.148 0.187 0.228 0.271 0.317 0.365 0.415 0.467 0.521 0.578 0.847 1.321 1.821 2.346 2.897 3.472 4.073 4.700 5.351 6.028 6.731 7.458 7.833 7.751 7.650 7.529 7.390 7.231 7.053 6.856 6.640 6.405 6.150 5.877 5.744 5.863 5.978
0.259 0.256 0.255 0.257 0.262 0.270 0.280 0.293 0.308 0.303 0.282 0.260 0.245 0.230 0.217 0.204 0.193 0.182 0.173 0.164 0.156 0.156 0.161 0.162 0.162 0.159 0.153 0.145 0.134 0.121 0.106 0.088 0.068 0.075 0.117 0.161 0.208 0.257 0.308 0.361 0.417 0.475 0.534 0.597 0.661 0.916 1.479 2.068 2.682 3.322 3.987 4.677 5.392 6.133 6.899 7.690 8.507 9.032 8.882 8.714 8.526 8.319 8.092 7.847 7.583 7.299 6.996 6.674 6.333 6.092 6.198 6.300
0.212 0.218 0.227 0.239 0.255 0.280 0.305 0.330 0.355 0.362 0.348 0.335 0.323 0.312 0.302 0.293 0.285 0.278 0.272 0.267 0.263 0.259 0.255 0.248 0.239 0.227 0.213 0.196 0.177 0.155 0.131 0.104 0.075 0.070 0.120 0.172 0.226 0.283 0.342 0.403 0.467 0.532 0.600 0.670 0.742 0.958 1.611 2.289 2.992 3.721 4.475 5.254 6.058 6.888 7.743 8.623 9.529 10.248 10.031 9.795 9.539 9.265 8.971 8.658 8.327 7.976 7.605 7.216 6.786 6.408 6.501 6.601
0.212 0.237 0.261 0.287 0.312 0.337 0.363 0.389 0.415 0.430 0.419 0.410 0.401 0.393 0.387 0.381 0.376 0.373 0.370 0.368 0.368 0.365 0.352 0.336 0.318 0.298 0.275 0.249 0.221 0.191 0.158 0.123 0.085 0.062 0.120 0.180 0.243 0.307 0.374 0.443 0.514 0.587 0.663 0.741 0.821 0.976 1.717 2.484 3.277 4.094 4.937 5.805 6.698 7.617 8.561 9.530 10.524 11.481 11.196 10.893 10.564 10.158 9.744 9.322 8.893 8.457 8.014 7.563 7.105 6.639 6.749 6.877
0.266 0.291 0.317 0.342 0.368 0.394 0.421 0.447 0.474 0.496 0.489 0.483 0.477 0.473 0.470 0.468 0.467 0.466 0.467 0.469 0.471 0.473 0.451 0.427 0.400 0.371 0.339 0.305 0.268 0.229 0.188 0.144 0.098 0.053 0.118 0.186 0.256 0.329 0.403 0.480 0.559 0.640 0.724 0.809 0.897 0.987 1.798 2.654 3.535 4.442 5.373 6.330 7.312 8.312 9.294 10.274 11.253 12.229 11.941 11.523 11.097 10.665 10.225 9.777 9.322 8.860 8.391 7.914 7.430 6.939 6.990 7.145
0.319 0.345 0.371 0.398 0.424 0.451 0.478 0.506 0.533 0.561 0.557 0.554 0.553 0.552 0.552 0.553 0.556 0.559 0.563 0.568 0.574 0.581 0.553 0.520 0.484 0.446 0.406 0.363 0.318 0.270 0.220 0.168 0.113 0.055 0.114 0.190 0.268 0.348 0.430 0.515 0.602 0.691 0.782 0.875 0.971 1.069 1.879 2.868 3.855 4.841 5.824 6.806 7.785 8.763 9.738 10.712 11.684 12.654 12.532 12.088 11.637 11.178 10.712 10.239 9.758 9.270 8.775 8.272 7.762 7.244 7.223 7.405
0.372 0.399 0.426 0.453 0.480 0.508 0.536 0.564 0.592 0.620 0.624 0.625 0.627 0.629 0.633 0.638 0.643 0.650 0.657 0.666 0.676 0.686 0.657 0.615 0.571 0.524 0.475 0.424 0.370 0.314 0.255 0.194 0.130 0.064 0.108 0.192 0.277 0.365 0.455 0.582 0.741 0.906 1.078 1.257 1.442 1.635 2.378 3.360 4.341 5.320 6.296 7.271 8.244 9.215 10.184 11.151 12.116 13.079 13.130 12.660 12.183 11.698 11.206 10.707 10.200 9.686 9.165 8.636 8.100 7.557 7.448 7.657
0.425 0.452 0.480 0.508 0.536 0.564 0.593 0.621 0.650 0.679 0.690 0.694 0.700 0.706 0.713 0.721 0.730 0.740 0.751 0.763 0.776 0.790 0.763 0.713 0.660 0.605 0.547 0.487 0.425 0.360 0.292 0.223 0.184 0.157 0.232 0.381 0.536 0.698 0.866 1.042 1.224 1.413 1.609 1.812 2.021 2.238 2.878 3.853 4.827 5.799 6.769 7.738 8.704 9.668 10.630 11.591 12.549 13.505 13.734 13.238 12.735 12.224 11.706 11.181 10.649 10.109 9.562 9.007 8.445 7.876 7.665 7.901
0.477 0.505 0.534 0.562 0.591 0.620 0.649 0.679 0.708 0.738 0.755 0.763 0.771 0.781 0.791 0.803 0.815 0.829 0.843 0.859 0.875 0.892 0.872 0.813 0.752 0.718 0.686 0.656 0.628 0.600 0.573 0.548 0.523 0.500 0.565 0.737 0.916 1.102 1.295 1.494 1.700 1.913 2.133 2.359 2.593 2.833 3.378 4.348 5.315 6.280 7.244 8.205 9.164 10.122 11.078 12.031 12.983 13.933 14.344 13.823 13.293 12.757 12.213 11.662 11.104 10.538 9.965 9.385 8.797 8.202 7.875 8.138
0.529 0.558 0.587 0.617 0.646 0.676 0.706 0.736 0.766 0.796 0.819 0.830 0.842 0.855 0.869 0.884 0.900 0.918 0.953 0.994 1.040 1.092 1.117 1.086 1.057 1.028 1.001 0.975 0.950 0.926 0.903 0.882 0.861 0.842 0.890 1.086 1.289 1.499 1.715 1.939 2.169 2.405 2.649 2.899 3.156 3.420 3.880 4.843 5.803 6.762 7.719 8.673 9.626 10.577 11.526 12.473 13.418 14.361 14.961 14.414 13.859 13.296 12.727 12.150 11.565 10.974 10.375 9.769 9.155 8.535 8.077 8.367
0.581 0.611 0.641 0.671 0.701 0.731 0.762 0.792 0.823 0.855 0.881 0.896 0.917 0.944 0.976 1.014 1.058 1.107 1.161 1.222 1.288 1.360 1.414 1.387 1.362 1.337 1.314 1.292 1.271 1.251 1.232 1.214 1.198 1.182 1.208 1.428 1.655 1.888 2.128 2.375 2.629 2.890 3.157 3.431 3.712 4.000 4.383 5.339 6.293 7.245 8.195 9.143 10.089 11.033 11.975 12.916 13.854 14.790 15.585 15.011 14.430 13.842 13.246 12.644 12.034 11.416 10.792 10.160 9.520 8.874 8.271 8.589
0.633 0.663 0.694 0.730 0.770 0.805 0.837 0.864 0.887 0.907 0.924 0.959 1.000 1.047 1.099 1.156 1.220 1.289 1.363 1.444 1.530 1.621 1.710 1.687 1.665 1.645 1.625 1.607 1.590 1.574 1.559 1.545 1.533 1.521 1.518 1.762 2.013 2.270 2.534 2.805 3.082 3.367 3.658 3.956 4.261 4.572 4.890 5.836 6.783 7.728 8.672 9.613 10.553 11.490 12.426 13.359 14.291 15.221 16.149 15.615 15.008 14.394 13.773 13.144 12.508 11.865 11.215 10.519 9.802 9.096 8.400 8.581
0.771 0.808 0.841 0.871 0.896 0.917 0.935 0.948 0.957 0.962 0.964 1.016 1.077 1.143 1.215 1.293 1.376 1.465 1.559 1.659 1.765 1.876 1.993 1.985 1.967 1.951 1.935 1.921 1.907 1.895 1.884 1.874 1.866 1.858 1.852 2.089 2.363 2.644 2.932 3.227 3.528 3.836 4.151 4.473 4.801 5.136 5.478 6.334 7.274 8.213 9.150 10.085 11.017 11.948 12.877 13.804 14.729 15.652 16.574 16.225 15.501 14.746 14.002 13.269 12.546 11.835 11.133 10.443 9.763 9.094 8.435 8.459
0.958 0.981 1.000 1.015 1.026 1.034 1.037 1.036 1.031 1.022 1.010 1.067 1.148 1.234 1.325 1.423 1.526 1.634 1.748 1.868 1.994 2.125 2.261 2.281 2.267 2.255 2.243 2.233 2.223 2.215 2.208 2.202 2.197 2.194 2.191 2.408 2.706 3.011 3.322 3.641 3.966 4.298 4.636 4.982 5.334 5.693 6.059 6.833 7.767 8.699 9.629 10.557 11.483 12.361 13.196 13.995 14.758 15.485 16.176 15.882 15.154 14.437 13.730 13.034 12.349 11.674 11.010 10.357 9.714 9.082 8.460 8.351
1.149 1.158 1.163 1.164 1.161 1.154 1.143 1.128 1.109 1.086 1.060 1.112 1.212 1.318 1.429 1.546 1.669 1.797 1.931 2.071 2.216 2.367 2.523 2.576 2.566 2.557 2.550 2.543 2.538 2.533 2.530 2.528 2.527 2.527 2.529 2.720 3.041 3.370 3.705 4.047 4.396 4.752 5.114 5.483 5.859 6.242 6.690 7.432 8.358 9.248 10.102 10.919 11.701 12.446 13.155 13.827 14.464 15.064 15.629 15.489 14.798 14.118 13.448 12.789 12.141 11.504 10.877 10.260 9.655 9.060 8.476 8.255
1.344 1.339 1.330 1.317 1.300 1.279 1.254 1.225 1.192 1.155 1.114 1.150 1.270 1.396 1.527 1.664 1.806 1.954 2.108 2.267 2.432 2.603 2.779 2.869 2.863 2.858 2.854 2.852 2.850 2.850 2.851 2.852 2.855 2.859 2.865 3.024 3.369 3.722 4.088 4.505 4.930 5.365 5.810 6.263 6.725 7.197 7.677 8.312 9.111 9.875 10.602 11.293 11.947 12.566 13.149 13.695 14.205 14.679 15.117 15.086 14.432 13.789 13.157 12.535 11.924 11.323 10.734 10.154 9.586 9.028 8.481 8.174
1.543 1.524 1.501 1.474 1.443 1.408 1.369 1.326 1.278 1.227 1.172 1.183 1.322 1.468 1.619 1.775 1.938 2.105 2.279 2.458 2.642 2.832 3.028 3.161 3.159 3.158 3.158 3.159 3.161 3.165 3.169 3.185 3.229 3.281 3.341 3.518 3.939 4.369 4.809 5.258 5.715 6.182 6.658 7.144 7.638 8.141 8.654 9.226 9.899 10.536 11.136 11.701 12.229 12.722 13.178 13.598 13.982 14.330 14.641 14.673 14.057 13.451 12.855 12.271 11.697 11.133 10.581 10.039 9.507 8.986 8.476 8.105
1.747 1.713 1.676 1.635 1.590 1.541 1.488 1.430 1.369 1.304 1.235 1.209 1.368 1.534 1.704 1.880 2.062 2.250 2.443 2.642 2.846 3.056 3.271 3.451 3.456 3.471 3.494 3.526 3.566 3.614 3.670 3.734 3.807 3.887 3.976 4.132 4.586 5.048 5.520 6.000 6.490 6.989 7.497 8.014 8.540 9.075 9.620 10.175 10.721 11.232 11.706 12.144 12.546 12.912 13.242 13.536 13.794 14.016 14.201 14.251 13.672 13.103 12.544 11.997 11.460 10.934 10.418 9.913 9.419 8.935 8.462 8.050
1.954 1.907 1.856 1.800 1.741 1.678 1.611 1.540 1.464 1.385 1.302 1.229 1.408 1.593 1.783 1.979 2.181 2.425 2.681 2.924 3.154 3.371 3.575 3.760 3.795 3.839 3.891 3.952 4.020 4.096 4.181 4.274 4.375 4.484 4.602 4.737 5.222 5.717 6.220 6.732 7.254 7.785 8.325 8.874 9.432 9.999 10.575 11.158 11.578 11.962 12.311 12.623 12.899 13.138 13.342 13.510 13.642 13.737 13.797 13.819 13.277 12.745 12.224 11.713 11.213 10.724 10.246 9.777 9.320 8.873 8.437 8.011
2.166 2.104 2.039 1.970 1.897 1.819 1.738 1.653 1.564 1.471 1.463 1.479 1.740 2.014 2.276 2.526 2.762 2.985 3.195 3.393 3.577 3.749 3.908 4.053 4.126 4.198 4.279 4.368 4.465 4.570 4.683 4.805 4.934 5.072 5.218 5.372 5.848 6.375 6.910 7.454 8.008 8.570 9.142 9.723 10.313 10.912 11.520 12.137 12.470 12.728 12.950 13.136 13.286 13.400 13.477 13.519 13.525 13.495 13.428 13.326 12.873 12.378 11.894 11.420 10.957 10.505 10.063 9.632 9.212 8.802 8.403 8.014
2.381 2.306 2.227 2.230 2.235 2.244 2.255 2.269 2.286 2.305 2.327 2.352 2.539 2.769 2.985 3.189 3.380 3.558 3.723 3.875 4.014 4.140 4.253 4.354 4.447 4.548 4.658 4.775 4.901 5.034 5.176 5.326 5.484 5.651 5.825 6.008 6.464 7.022 7.589 8.166 8.751 9.345 9.949 10.562 11.183 11.814 12.454 13.103 13.396 13.528 13.624 13.684 13.708 13.696 13.648 13.563 13.443 13.287 13.095 12.867 12.459 12.001 11.554 11.117 10.691 10.276 9.871 9.512 9.215 8.921 8.632 8.346
2.994 3.001 3.011 3.024 3.039 3.057 3.077 3.100 3.126 3.155 3.186 3.220 3.351 3.535 3.707 3.865 4.010 4.143 4.263 4.369 4.463 4.544 4.612 4.668 4.760 4.889 5.027 5.173 5.327 5.490 5.660 5.839 6.025 6.220 6.423 6.634 7.070 7.660 8.259 8.867 9.484 10.110 10.745 11.390 12.043 12.706 13.377 14.058 14.357 14.363 14.333 14.267 14.165 14.027 13.853 13.643 13.397 13.115 12.798 12.444 12.092 11.781 11.473 11.170 10.870 10.575 10.283 9.995 9.712 9.432 9.156 8.884
3.756 3.773 3.792 3.814 3.838 3.865 3.895 3.928 3.963 4.001 4.041 4.085 4.176 4.315 4.441 4.554 4.654 4.741 4.816 4.877 4.926 4.962 4.984 4.994 5.063 5.221 5.388 5.562 5.745 5.936 6.135 6.342 6.557 6.780 7.012 7.251 7.665 8.287 8.918 9.557 10.206 10.864 11.531 12.208 12.893 13.587 14.291 15.003 15.352 15.232 15.076 14.885 14.657 14.343 14.011 13.703 13.420 13.161 12.927 12.717 12.476 12.178 11.884 11.594 11.308 11.026 10.748 10.474 10.204 9.938 9.676 9.417
4.515 4.540 4.569 4.600 4.633 4.670 4.709 4.751 4.795 4.843 4.892 4.945 5.014 5.107 5.188 5.256 5.311 5.353 5.382 5.398 5.401 5.392 5.369 5.334 5.358 5.544 5.739 5.942 6.153 6.373 6.600 6.836 7.079 7.331 7.591 7.859 8.250 8.904 9.566 10.238 10.918 11.608 12.307 13.015 13.732 14.458 15.039 15.536 15.732 15.364 15.019 14.700 14.404 14.133 13.886 13.664 13.466 13.292 13.143 13.018 12.855 12.571 12.291 12.015 11.742 11.474 11.209 10.949 10.692 10.440 10.191 9.946
5.269 5.304 5.341 5.382 5.425 5.470 5.519 5.570 5.624 5.680 5.739 5.801 5.864 5.912 5.948 5.970 5.980 5.977 5.961 5.932 5.890 5.835 5.768 5.687 5.643 5.858 6.081 6.313 6.553 6.800 7.056 7.320 7.593 7.873 8.161 8.458 8.825 9.510 10.204 10.876 11.507 12.100 12.655 13.171 13.650 14.090 14.491 14.855 15.073 14.790 14.531 14.296 14.086 13.900 13.738 13.601 13.488 13.399 13.335 13.295 13.231 12.960 12.693 12.431 12.172 11.917 11.666 11.419 11.176 10.937 10.702 10.471
6.026 6.063 6.110 6.160 6.212 6.267 6.325 6.385 6.448 6.514 6.582 6.653 6.727 6.730 6.720 6.698 6.662 6.614 6.552 6.478 6.391 6.291 6.179 6.053 5.919 6.163 6.415 6.675 6.943 7.219 7.503 7.797 8.152 8.506 8.861 9.217 9.579 10.191 10.765 11.301 11.799 12.259 12.680 13.063 13.408 13.714 13.983 14.213 14.391 14.193 14.019 13.869 13.744 13.643 13.566 13.514 13.486 13.482 13.503 13.548 13.601 13.344 13.091 12.842 12.597 12.356 12.118 11.885 11.656 11.430 11.209 10.991
6.853 6.818 6.874 6.933 6.995 7.059 7.126 7.196 7.268 7.343 7.421 7.502 7.585 7.561 7.506 7.438 7.357 7.263 7.157 7.038 6.906 6.761 6.603 6.432 6.263 6.554 6.908 7.262 7.616 7.970 8.325 8.680 9.035 9.391 9.747 10.103 10.460 10.922 11.363 11.765 12.129 12.456 12.743 12.993 13.205 13.378 13.513 13.610 13.668 13.572 13.483 13.418 13.378 13.362 13.370 13.403 13.460 13.541 13.647 13.777 13.931 13.725 13.485 13.250 13.018 12.790 12.567 12.347 12.131 11.919 11.711 11.507
7.664 7.570 7.635 7.703 7.774 7.848 7.924 8.003 8.085 8.169 8.256 8.346 8.438 8.404 8.304 8.191 8.065 7.940 7.840 7.739 7.636 7.531 7.425 7.316 7.206 7.430 7.784 8.139 8.494 8.850 9.205 9.561 9.918 10.274 10.631 10.988 11.346 11.691 11.998 12.267 12.498 12.691 12.845 12.962 13.040 13.080 13.082 13.046 12.971 12.928 12.924 12.944 12.989 13.058 13.151 13.269 13.410 13.577 13.767 13.982 14.221 14.101 13.875 13.653 13.435 13.221 13.010 12.804 12.602 12.403 12.209 12.019
8.457 8.317 8.392 8.469 8.549 8.632 8.718 8.806 8.897 8.990 9.126 9.270 9.362 9.334 9.235 9.134 9.032 8.928 8.822 8.714 8.605 8.494 8.381 8.267 8.151 8.304 8.659 9.015 9.371 9.727 10.084 10.441 10.798 11.156 11.514 11.872 12.231 12.498 12.671 12.807 12.905 12.964 12.986 12.969 12.914 12.821 12.690 12.520 12.313 12.261 12.342 12.447 12.576 12.730 12.908 13.111 13.337 13.588 13.863 14.163 14.487 14.472 14.260 14.052 13.847 13.647 13.450 13.257 13.068 12.884 12.703 12.526
9.232 9.060 9.144 9.404 9.726 9.996 10.216 10.385 10.503 10.570 10.585 10.550 10.464 10.347 10.241 10.135 10.026 9.916 9.804 9.690 9.575 9.457 9.339 9.218 9.096 9.176 9.533 9.889 10.246 10.604 10.961 11.319 11.678 12.036 12.395 12.754 13.113 13.342 13.383 13.385 13.350 13.276 13.164 13.014 12.826 12.600 12.336 12.034 11.693 11.570 11.736 11.926 12.140 12.379 12.642 12.929 13.240 13.576 13.936 14.320 14.729 14.840 14.641 14.446 14.255 14.068 13.885 13.706 13.500 13.246 12.991 12.735
11.655 11.730 11.974 12.168 12.311 12.403 12.443 12.434 12.373 12.261 12.098 11.884 11.620 11.360 11.249 11.135 11.021 10.904 10.786 10.666 10.545 10.421 10.297 10.170 10.042 10.047 10.404 10.762 11.120 11.478 11.837 12.196 12.555 12.915 13.274 13.635 13.995 14.224 14.132 14.001 13.832 13.626 13.381 13.098 12.777 12.418 12.021 11.586 11.113 10.856 11.107 11.382 11.681 12.004 12.352 12.723 13.120 13.540 13.984 14.453 14.946 15.173 14.923 14.672 14.419 14.166 13.911 13.655 13.399 13.141 12.882 12.622
14.904 14.903 14.969 14.984 14.948 14.861 14.723 14.535 14.295 14.005 13.664 13.272 12.829 12.374 12.256 12.137 12.016 11.893 11.769 11.643 11.515 11.386 11.255 11.122 10.988 10.916 11.275 11.633 11.992 12.352 12.711 13.071 13.431 13.792 14.152 14.513 14.875 15.144 14.918 14.655 14.353 14.014 13.636 13.220 12.766 12.275 11.745 11.177 10.571 10.119 10.455 10.814 11.198 11.606 12.119 12.667 13.181 13.661 14.105 14.516 14.891 15.099 14.845 14.590 14.334 14.077 13.818 13.559 13.299 13.037 12.775 12.511
