DATA/SHG/ECMWF/20170628/EN-19/20170712.en-19.asc
ncols        190
nrows        64
xllcorner    -5100000.000000000000
yllcorner    4130000.000000000000
cellsize     10000.000000000000
NODATA_value  -99999.000
[rows 0 to 32 of 64, columns 0 to 74 of 190]
2.524 2.247 1.981 1.723 1.475 1.237 1.008 0.789 0.579 0.502 0.465 0.426 0.387 0.347 0.306 0.265 0.222 0.178 0.134 0.098 0.065 0.062 0.072 0.080 0.088 0.094 0.100 0.104 0.107 0.109 0.110 0.110 0.109 0.123 0.148 0.173 0.197 0.221 0.244 0.268 0.291 0.313 0.336 0.358 0.380 0.388 0.385 0.380 0.375 0.370 0.364 0.357 0.350 0.341 0.333 0.324 0.314 0.310 0.313 0.317 0.322 0.327 0.333 0.339 0.346 0.353 0.361 0.369 0.378 0.386 0.392 0.400 0.407 0.415 0.424
2.247 2.004 1.771 1.547 1.333 1.128 0.933 0.747 0.571 0.481 0.440 0.399 0.366 0.333 0.300 0.267 0.234 0.201 0.168 0.136 0.103 0.091 0.097 0.102 0.106 0.108 0.110 0.110 0.110 0.108 0.105 0.101 0.096 0.104 0.128 0.152 0.175 0.198 0.220 0.243 0.265 0.286 0.308 0.329 0.350 0.360 0.355 0.348 0.341 0.333 0.325 0.316 0.306 0.296 0.285 0.274 0.262 0.255 0.260 0.266 0.273 0.280 0.287 0.295 0.304 0.313 0.323 0.333 0.343 0.354 0.362 0.371 0.381 0.391 0.402
1.959 1.750 1.551 1.361 1.190 1.057 0.915 0.765 0.606 0.501 0.468 0.435 0.402 0.369 0.336 0.304 0.271 0.238 0.206 0.173 0.141 0.122 0.124 0.125 0.125 0.123 0.121 0.118 0.113 0.108 0.101 0.093 0.085 0.086 0.108 0.131 0.153 0.175 0.197 0.218 0.239 0.260 0.280 0.301 0.321 0.333 0.325 0.317 0.307 0.297 0.287 0.276 0.264 0.252 0.239 0.225 0.211 0.200 0.207 0.215 0.223 0.232 0.242 0.252 0.262 0.273 0.284 0.296 0.316 0.333 0.349 0.366 0.382 0.399 0.416
1.959 1.830 1.692 1.546 1.391 1.227 1.055 0.873 0.684 0.537 0.504 0.471 0.439 0.406 0.373 0.341 0.308 0.275 0.243 0.210 0.178 0.153 0.151 0.149 0.145 0.140 0.134 0.126 0.118 0.109 0.098 0.087 0.074 0.067 0.089 0.110 0.132 0.152 0.173 0.194 0.214 0.233 0.253 0.272 0.291 0.307 0.297 0.286 0.274 0.262 0.250 0.236 0.222 0.208 0.193 0.177 0.160 0.145 0.154 0.163 0.175 0.207 0.235 0.260 0.282 0.301 0.317 0.329 0.338 0.344 0.361 0.378 0.396 0.413 0.431
2.293 2.133 1.965 1.787 1.602 1.407 1.204 0.992 0.771 0.573 0.540 0.508 0.475 0.442 0.410 0.377 0.345 0.312 0.280 0.248 0.215 0.186 0.180 0.174 0.166 0.157 0.147 0.136 0.124 0.111 0.097 0.081 0.065 0.049 0.070 0.090 0.110 0.130 0.150 0.170 0.189 0.208 0.226 0.244 0.262 0.280 0.269 0.256 0.242 0.228 0.213 0.197 0.181 0.171 0.181 0.192 0.202 0.212 0.240 0.267 0.290 0.311 0.328 0.342 0.353 0.360 0.365 0.366 0.364 0.359 0.373 0.391 0.409 0.427 0.446
2.636 2.446 2.246 2.038 1.821 1.596 1.362 1.119 0.867 0.609 0.576 0.544 0.511 0.479 0.446 0.414 0.382 0.349 0.317 0.285 0.253 0.221 0.210 0.200 0.188 0.175 0.162 0.147 0.131 0.114 0.096 0.077 0.057 0.036 0.051 0.070 0.090 0.109 0.127 0.146 0.164 0.182 0.199 0.217 0.234 0.251 0.251 0.262 0.273 0.283 0.294 0.304 0.315 0.325 0.335 0.345 0.355 0.364 0.381 0.396 0.409 0.418 0.424 0.426 0.426 0.422 0.416 0.406 0.392 0.376 0.384 0.403 0.422 0.441 0.461
2.989 2.767 2.537 2.298 2.050 1.794 1.529 1.256 0.973 0.682 0.612 0.580 0.547 0.515 0.483 0.451 0.418 0.386 0.354 0.322 0.290 0.258 0.241 0.227 0.211 0.195 0.177 0.159 0.139 0.118 0.097 0.074 0.050 0.025 0.032 0.051 0.069 0.087 0.105 0.140 0.187 0.231 0.274 0.314 0.353 0.390 0.408 0.418 0.428 0.438 0.449 0.459 0.468 0.478 0.488 0.497 0.507 0.516 0.524 0.528 0.530 0.527 0.522 0.514 0.502 0.487 0.469 0.448 0.424 0.396 0.395 0.415 0.435 0.455 0.475
3.350 3.098 2.837 2.567 2.289 2.002 1.706 1.402 1.089 0.767 0.648 0.616 0.583 0.551 0.519 0.487 0.455 0.423 0.391 0.359 0.327 0.295 0.273 0.255 0.236 0.215 0.194 0.172 0.148 0.124 0.098 0.072 0.069 0.076 0.111 0.160 0.208 0.253 0.297 0.338 0.378 0.415 0.451 0.484 0.516 0.545 0.564 0.574 0.584 0.593 0.603 0.613 0.622 0.632 0.641 0.650 0.659 0.668 0.670 0.663 0.653 0.640 0.624 0.604 0.581 0.555 0.526 0.494 0.458 0.420 0.406 0.427 0.447 0.468 0.490
3.720 3.437 3.146 2.845 2.536 2.218 1.892 1.557 1.213 0.861 0.684 0.652 0.620 0.587 0.555 0.523 0.491 0.460 0.428 0.396 0.364 0.332 0.306 0.284 0.261 0.256 0.255 0.256 0.260 0.266 0.275 0.286 0.299 0.316 0.345 0.388 0.428 0.467 0.503 0.538 0.570 0.601 0.629 0.656 0.681 0.703 0.720 0.729 0.739 0.748 0.757 0.767 0.776 0.785 0.794 0.803 0.811 0.820 0.820 0.801 0.780 0.756 0.728 0.697 0.663 0.626 0.586 0.542 0.496 0.446 0.417 0.438 0.460 0.482 0.504
4.100 3.786 3.464 3.133 2.793 2.445 2.087 1.722 1.347 0.964 0.719 0.687 0.655 0.623 0.592 0.560 0.528 0.497 0.475 0.455 0.438 0.424 0.416 0.416 0.419 0.424 0.431 0.441 0.453 0.468 0.486 0.505 0.527 0.552 0.582 0.617 0.651 0.682 0.712 0.739 0.765 0.788 0.810 0.830 0.847 0.863 0.875 0.885 0.894 0.903 0.912 0.921 0.929 0.938 0.946 0.955 0.963 0.972 0.972 0.942 0.910 0.874 0.835 0.794 0.748 0.700 0.649 0.594 0.536 0.475 0.427 0.449 0.472 0.494 0.517
4.489 4.144 3.791 3.429 3.059 2.680 2.292 1.896 1.491 1.077 0.754 0.722 0.693 0.666 0.642 0.621 0.603 0.588 0.575 0.566 0.559 0.555 0.555 0.564 0.575 0.589 0.605 0.623 0.644 0.668 0.693 0.722 0.753 0.786 0.820 0.849 0.875 0.900 0.922 0.943 0.961 0.978 0.992 1.005 1.015 1.024 1.031 1.040 1.049 1.057 1.066 1.074 1.083 1.091 1.099 1.107 1.115 1.123 1.126 1.086 1.042 0.996 0.946 0.893 0.836 0.777 0.714 0.648 0.579 0.507 0.437 0.460 0.484 0.507 0.565
4.887 4.511 4.128 3.702 3.252 2.810 2.377 1.953 1.537 1.131 0.772 0.750 0.730 0.713 0.700 0.689 0.680 0.675 0.673 0.673 0.676 0.682 0.691 0.709 0.728 0.751 0.775 0.802 0.832 0.864 0.898 0.935 0.975 1.017 1.060 1.082 1.101 1.119 1.134 1.148 1.159 1.169 1.176 1.182 1.185 1.187 1.187 1.195 1.203 1.212 1.220 1.228 1.236 1.244 1.252 1.259 1.267 1.274 1.282 1.233 1.178 1.120 1.059 0.995 0.927 0.857 0.783 0.733 0.706 0.682 0.661 0.756 0.869 0.993 1.127
4.867 4.421 3.983 3.555 3.135 2.725 2.323 1.929 1.545 1.169 0.802 0.774 0.765 0.758 0.754 0.753 0.755 0.759 0.767 0.777 0.790 0.806 0.825 0.850 0.879 0.910 0.943 0.979 1.017 1.057 1.101 1.146 1.194 1.245 1.298 1.316 1.329 1.339 1.348 1.354 1.359 1.361 1.362 1.360 1.357 1.352 1.344 1.350 1.358 1.366 1.374 1.381 1.389 1.397 1.404 1.411 1.419 1.426 1.433 1.382 1.333 1.293 1.257 1.224 1.194 1.169 1.146 1.128 1.113 1.101 1.093 1.202 1.350 1.509 1.678
4.617 4.202 3.796 3.399 3.010 2.630 2.259 1.896 1.543 1.198 0.862 0.795 0.796 0.799 0.805 0.814 0.826 0.840 0.858 0.878 0.901 0.927 0.956 0.990 1.027 1.066 1.108 1.152 1.199 1.248 1.300 1.354 1.411 1.470 1.531 1.553 1.558 1.562 1.563 1.563 1.560 1.556 1.549 1.541 1.531 1.518 1.504 1.505 1.513 1.520 1.527 1.535 1.542 1.547 1.558 1.577 1.603 1.636 1.677 1.669 1.637 1.610 1.586 1.565 1.548 1.535 1.525 1.518 1.516 1.516 1.521 1.638 1.821 2.015 2.218
4.359 3.975 3.599 3.233 2.875 2.526 2.186 1.854 1.531 1.217 0.912 0.814 0.824 0.837 0.853 0.872 0.894 0.918 0.946 0.976 1.009 1.045 1.083 1.126 1.171 1.219 1.270 1.323 1.378 1.436 1.496 1.559 1.624 1.692 1.762 1.791 1.789 1.786 1.780 1.773 1.763 1.752 1.738 1.723 1.706 1.686 1.638 1.608 1.601 1.601 1.608 1.623 1.646 1.675 1.713 1.757 1.809 1.869 1.936 1.957 1.938 1.923 1.911 1.903 1.898 1.897 1.899 1.905 1.915 1.928 1.944 2.064 2.282 2.511 2.749
4.091 3.738 3.394 3.058 2.731 2.413 2.103 1.802 1.510 1.227 0.953 0.829 0.849 0.872 0.898 0.927 0.959 0.993 1.031 1.071 1.114 1.159 1.208 1.259 1.314 1.370 1.429 1.491 1.555 1.621 1.690 1.761 1.835 1.911 1.990 2.030 2.022 2.011 1.998 1.973 1.941 1.902 1.857 1.805 1.747 1.682 1.611 1.573 1.592 1.618 1.651 1.692 1.741 1.796 1.860 1.930 2.008 2.094 2.187 2.241 2.235 2.232 2.232 2.237 2.244 2.255 2.270 2.288 2.310 2.335 2.364 2.479 2.733 2.996 3.270
3.815 3.492 3.178 2.873 2.577 2.290 2.011 1.741 1.480 1.228 0.984 0.841 0.871 0.905 0.940 0.979 1.021 1.065 1.112 1.162 1.215 1.271 1.329 1.390 1.453 1.518 1.586 1.656 1.728 1.803 1.881 1.974 2.083 2.172 2.241 2.268 2.240 2.204 2.162 2.114 2.059 1.997 1.929 1.854 1.772 1.684 1.590 1.530 1.575 1.627 1.687 1.754 1.828 1.910 1.999 2.096 2.200 2.311 2.430 2.522 2.528 2.537 2.550 2.566 2.586 2.610 2.637 2.667 2.701 2.739 2.780 2.885 3.173 3.472 3.780
3.529 3.237 2.954 2.680 2.415 2.158 1.910 1.671 1.440 1.219 1.006 0.850 0.890 0.933 0.979 1.028 1.079 1.134 1.191 1.251 1.313 1.379 1.447 1.518 1.648 1.829 1.990 2.131 2.250 2.350 2.428 2.486 2.523 2.540 2.536 2.509 2.457 2.399 2.334 2.262 2.184 2.099 2.007 1.909 1.804 1.693 1.575 1.481 1.551 1.629 1.715 1.808 1.908 2.016 2.131 2.254 2.384 2.521 2.666 2.799 2.817 2.839 2.864 2.892 2.925 2.960 3.000 3.042 3.089 3.139 3.192 3.281 3.604 3.937 4.280
3.234 2.973 2.721 2.477 2.242 2.017 1.799 1.591 1.391 1.200 1.018 0.856 0.906 0.959 1.015 1.074 1.135 1.255 1.424 1.612 1.820 2.048 2.296 2.558 2.688 2.797 2.885 2.953 3.001 3.027 3.033 3.019 2.984 2.928 2.852 2.756 2.681 2.600 2.511 2.417 2.315 2.207 2.092 1.971 1.843 1.709 1.568 1.423 1.520 1.624 1.736 1.855 1.981 2.115 2.256 2.404 2.560 2.723 2.894 3.072 3.102 3.136 3.174 3.215 3.259 3.307 3.359 3.414 3.472 3.534 3.600 3.669 4.024 4.392 4.770
2.929 2.699 2.478 2.265 2.061 1.866 1.680 1.502 1.333 1.173 1.060 0.946 1.042 1.181 1.340 1.519 1.717 1.935 2.173 2.431 2.708 3.006 3.323 3.660 3.747 3.784 3.800 3.796 3.771 3.725 3.659 3.573 3.465 3.337 3.189 3.020 2.912 2.807 2.696 2.578 2.453 2.322 2.184 2.039 1.888 1.731 1.567 1.396 1.482 1.612 1.749 1.894 2.046 2.206 2.373 2.547 2.729 2.918 3.115 3.319 3.384 3.430 3.480 3.533 3.590 3.650 3.714 3.781 3.852 3.926 4.004 4.085 4.435 4.837 5.234
2.616 2.416 2.226 2.164 2.090 2.005 1.908 1.800 1.680 1.548 1.405 1.250 1.353 1.561 1.790 2.038 2.305 2.593 2.900 3.228 3.575 3.941 4.328 4.734 4.827 4.792 4.736 4.659 4.562 4.444 4.306 4.147 3.967 3.767 3.546 3.305 3.149 3.021 2.886 2.745 2.597 2.443 2.282 2.114 1.940 1.759 1.572 1.378 1.436 1.592 1.755 1.926 2.104 2.289 2.482 2.683 2.890 3.105 3.328 3.558 3.662 3.720 3.782 3.847 3.916 3.989 4.065 4.150 4.240 4.318 4.386 4.444 4.696 5.007 5.297
3.082 3.002 2.911 2.808 2.694 2.567 2.430 2.280 2.119 1.946 1.762 1.566 1.642 1.920 2.217 2.535 2.872 3.229 3.606 4.002 4.418 4.855 5.310 5.786 5.927 5.820 5.691 5.542 5.373 5.183 4.972 4.741 4.490 4.217 3.925 3.611 3.392 3.241 3.083 2.919 2.748 2.571 2.387 2.196 1.999 1.795 1.584 1.367 1.382 1.564 1.753 1.950 2.154 2.365 2.584 2.810 3.044 3.285 3.533 3.789 3.968 4.094 4.210 4.315 4.409 4.493 4.566 4.629 4.681 4.723 4.754 4.775 4.930 5.166 5.380
3.862 3.741 3.609 3.465 3.309 3.142 2.963 2.772 2.570 2.356 2.131 1.894 1.909 2.256 2.623 3.010 3.416 3.843 4.289 4.755 5.240 5.745 6.271 6.815 7.047 6.867 6.667 6.446 6.204 5.942 5.659 5.356 5.032 4.688 4.323 3.938 3.642 3.468 3.287 3.100 2.906 2.705 2.498 2.284 2.064 1.837 1.603 1.363 1.322 1.530 1.745 1.967 2.197 2.514 2.872 3.220 3.557 3.884 4.201 4.507 4.714 4.803 4.881 4.950 5.007 5.054 5.091 5.117 5.132 5.138 5.132 5.116 5.184 5.345 5.484
4.653 4.492 4.318 4.133 3.937 3.728 3.508 3.277 3.034 2.779 2.512 2.234 2.154 2.571 3.007 3.463 3.939 4.434 4.950 5.485 6.040 6.614 7.209 7.823 8.188 7.935 7.663 7.370 7.056 6.722 6.367 5.992 5.596 5.180 4.743 4.286 3.899 3.701 3.497 3.287 3.070 2.846 2.616 2.379 2.135 1.885 1.743 1.657 1.730 2.104 2.467 2.820 3.163 3.495 3.817 4.129 4.430 4.721 5.001 5.271 5.468 5.521 5.562 5.594 5.615 5.625 5.625 5.614 5.593 5.561 5.519 5.467 5.458 5.543 5.607
5.457 5.254 5.040 4.814 4.576 4.327 4.066 3.793 3.509 3.213 2.906 2.586 2.377 2.863 3.369 3.894 4.439 5.004 5.589 6.193 6.817 7.461 8.124 8.807 9.348 9.023 8.679 8.313 7.928 7.522 7.095 6.648 6.180 5.692 5.183 4.654 4.161 3.941 3.714 3.525 3.362 3.221 3.102 3.005 2.929 2.875 2.843 2.833 2.902 3.239 3.566 3.883 4.189 4.485 4.771 5.046 5.311 5.566 5.810 6.044 6.232 6.247 6.252 6.247 6.231 6.205 6.168 6.121 6.063 5.995 5.916 5.827 5.751 5.762 5.751
6.282 6.028 5.773 5.506 5.227 4.937 4.635 4.321 3.996 3.660 3.311 2.951 2.580 3.135 3.709 4.304 4.918 5.552 6.206 6.879 7.572 8.285 9.018 9.770 10.528 10.132 9.715 9.278 8.820 8.342 7.843 7.322 6.701 6.103 5.529 4.979 4.461 4.309 4.179 4.070 3.983 3.918 3.875 3.854 3.854 3.876 3.920 3.986 4.081 4.382 4.673 4.954 5.224 5.484 5.733 5.973 6.202 6.420 6.628 6.826 7.004 6.983 6.952 6.910 6.857 6.794 6.721 6.637 6.542 6.437 6.322 6.196 6.065 6.000 5.914
7.194 6.814 6.518 6.210 5.890 5.559 5.216 4.862 4.496 4.118 3.729 3.328 2.915 3.384 4.028 4.692 5.375 6.078 6.801 7.543 8.305 9.087 9.889 10.710 11.509 10.981 10.301 9.644 9.011 8.402 7.816 7.254 6.715 6.200 5.709 5.241 4.797 4.679 4.625 4.592 4.582 4.593 4.625 4.680 4.756 4.854 4.974 5.116 5.279 5.535 5.789 6.034 6.268 6.491 6.705 6.908 7.101 7.283 7.455 7.617 7.769 7.729 7.660 7.582 7.492 7.393 7.283 7.162 7.031 6.889 6.737 6.575 6.402 6.259 6.098
8.037 7.612 7.275 6.926 6.565 6.193 5.810 5.414 5.007 4.589 4.159 3.717 3.263 3.612 4.325 5.058 5.810 6.579 7.317 8.006 8.647 9.239 9.782 10.276 10.721 10.394 9.796 9.222 8.672 8.145 7.641 7.161 6.705 6.273 5.863 5.478 5.116 5.027 5.049 5.092 5.157 5.244 5.353 5.483 5.635 5.809 6.005 6.222 6.462 6.695 6.914 7.122 7.320 7.508 7.685 7.852 8.009 8.155 8.291 8.417 8.532 8.483 8.378 8.263 8.137 8.001 7.854 7.697 7.529 7.351 7.162 6.963 6.753 6.537 6.301
8.812 8.422 8.044 7.654 7.252 6.839 6.415 5.979 5.531 5.071 4.650 4.300 3.977 4.279 5.041 5.755 6.420 7.036 7.603 8.122 8.592 9.014 9.386 9.710 9.985 9.784 9.268 8.776 8.308 7.864 7.442 7.045 6.671 6.321 5.994 5.691 5.411 5.352 5.450 5.569 5.710 5.873 6.057 6.263 6.491 6.741 7.012 7.306 7.621 7.865 8.047 8.219 8.381 8.533 8.674 8.805 8.926 9.036 9.136 9.226 9.305 9.246 9.105 8.953 8.791 8.618 8.434 8.241 8.036 7.822 7.596 7.361 7.115 6.835 6.524
9.517 9.243 8.824 8.374 7.933 7.517 7.128 6.765 6.428 6.118 5.834 5.576 5.345 5.468 6.060 6.603 7.098 7.544 7.941 8.289 8.589 8.840 9.043 9.196 9.301 9.149 8.716 8.307 7.921 7.558 7.220 6.905 6.613 6.345 6.100 5.879 5.682 5.654 5.828 6.023 6.240 6.478 6.739 7.021 7.324 7.650 7.997 8.366 8.756 9.043 9.189 9.325 9.451 9.567 9.672 9.767 9.851 9.926 9.990 10.043 10.087 10.019 9.841 9.652 9.453 9.244 9.024 8.794 8.482 8.060 7.645 7.239 6.841 6.437 6.032
9.844 9.664 9.262 8.885 8.536 8.212 7.915 7.644 7.399 7.181 6.989 6.823 6.683 6.708 7.130 7.502 7.827 8.102 8.329 8.508 8.637 8.718 8.751 8.734 8.670 8.491 8.140 7.813 7.509 7.229 6.973 6.740 6.530 6.345 6.182 6.043 5.928 5.934 6.183 6.454 6.747 7.061 7.397 7.755 8.134 8.535 8.958 9.403 9.869 10.230 10.340 10.440 10.530 10.609 10.678 10.737 10.786 10.824 10.852 10.870 10.877 10.680 10.230 9.788 9.353 8.927 8.509 8.099 7.696 7.302 6.916 6.538 6.167 5.803 5.448
9.973 9.962 9.651 9.367 9.109 8.877 8.672 8.493 8.340 8.213 8.113 8.039 7.992 7.998 8.250 8.452 8.606 8.712 8.769 8.777 8.737 8.648 8.510 8.324 8.089 7.809 7.541 7.296 7.074 6.876 6.702 6.551 6.424 6.320 6.240 6.183 6.150 6.191 6.516 6.863 7.231 7.621 8.033 8.466 8.921 9.398 9.896 10.416 10.958 11.425 11.499 11.563 11.617 11.661 11.596 11.431 11.231 10.996 10.725 10.420 10.078 9.693 9.271 8.856 8.450 8.052 7.661 7.279 6.904 6.538 6.180 5.829 5.487 5.157 4.851
10.064 10.196 10.012 9.819 9.653 9.513 9.400 9.312 9.251 9.217 9.208 9.226 9.270 9.340 9.420 9.453 9.437 9.373 9.260 9.098 8.888 8.629 8.322 7.966 7.561 7.108 6.917 6.755 6.615 6.500 6.407 6.339 6.293 6.272 6.274 6.299 6.348 6.426 6.827 7.249 7.693 8.158 8.646 9.155 9.685 10.237 10.811 11.346 11.862 12.352 12.241 12.094 11.913 11.696 11.443 11.156 10.833 10.475 10.081 9.652 9.188 8.700 8.305 7.919 7.540 7.170 6.807 6.453 6.106 5.767 5.437 5.114 4.800 4.498 4.242
