DATA/SHG/ECMWF/20170628/EN-19/20170703.en-19.asc
ncols        190
nrows        64
xllcorner    -5100000.000000000000
yllcorner    4130000.000000000000
cellsize     10000.000000000000
NODATA_value  -99999.000
[rows 0 to 32 of 64, columns 0 to 72 of 190]
0.264 0.274 0.282 0.287 0.290 0.291 0.290 0.286 0.279 0.348 0.444 0.542 0.641 0.743 0.847 0.953 1.062 1.172 1.284 1.402 1.518 1.540 1.518 1.497 1.476 1.454 1.433 1.412 1.391 1.371 1.350 1.329 1.309 1.267 1.214 1.165 1.120 1.078 1.040 1.006 0.976 0.949 0.927 0.908 0.892 0.949 1.071 1.202 1.341 1.487 1.642 1.804 1.974 2.152 2.338 2.532 2.734 2.870 2.916 2.955 2.987 3.012 3.030 3.040 3.043 3.039 3.028 3.010 2.985 3.069 3.344 3.628 3.920
0.162 0.164 0.163 0.160 0.155 0.148 0.137 0.125 0.110 0.166 0.269 0.374 0.501 0.627 0.750 0.870 0.987 1.102 1.215 1.324 1.432 1.469 1.448 1.427 1.406 1.385 1.364 1.344 1.323 1.303 1.283 1.263 1.242 1.212 1.173 1.137 1.105 1.076 1.052 1.031 1.014 1.001 0.991 0.985 0.983 1.041 1.191 1.350 1.516 1.690 1.873 2.063 2.261 2.466 2.680 2.902 3.131 3.300 3.321 3.335 3.342 3.341 3.333 3.319 3.297 3.268 3.232 3.188 3.138 3.170 3.475 3.788 4.110
0.063 0.056 0.048 0.036 0.027 0.034 0.043 0.053 0.063 0.127 0.251 0.372 0.491 0.607 0.721 0.832 0.940 1.046 1.149 1.250 1.348 1.398 1.377 1.357 1.336 1.316 1.296 1.275 1.255 1.235 1.215 1.196 1.176 1.153 1.127 1.105 1.086 1.071 1.059 1.052 1.048 1.048 1.051 1.059 1.070 1.125 1.303 1.489 1.684 1.886 2.095 2.313 2.539 2.772 3.014 3.263 3.520 3.736 3.732 3.721 3.702 3.677 3.644 3.604 3.557 3.503 3.442 3.373 3.339 3.359 3.768 4.202 4.662
0.017 0.024 0.033 0.042 0.052 0.063 0.074 0.087 0.101 0.147 0.262 0.374 0.484 0.591 0.695 0.797 0.896 0.993 1.087 1.178 1.267 1.327 1.307 1.287 1.267 1.247 1.227 1.207 1.187 1.168 1.148 1.129 1.110 1.091 1.078 1.069 1.063 1.061 1.063 1.069 1.078 1.091 1.108 1.129 1.153 1.201 1.407 1.621 1.843 2.072 2.310 2.555 2.809 3.070 3.339 3.616 3.901 4.178 4.149 4.113 4.069 4.027 3.988 3.952 3.919 3.889 3.861 3.837 3.816 3.797 4.287 4.810 5.359
0.027 0.038 0.049 0.062 0.075 0.090 0.105 0.121 0.138 0.170 0.276 0.379 0.479 0.577 0.672 0.765 0.855 0.942 1.027 1.109 1.189 1.257 1.237 1.217 1.197 1.177 1.158 1.138 1.119 1.100 1.081 1.062 1.043 1.025 1.025 1.029 1.036 1.048 1.063 1.082 1.104 1.131 1.161 1.195 1.232 1.274 1.502 1.744 1.994 2.251 2.516 2.790 3.071 3.364 3.672 3.971 4.263 4.546 4.533 4.496 4.461 4.429 4.400 4.374 4.352 4.332 4.314 4.300 4.289 4.281 4.781 5.393 6.030
0.037 0.051 0.065 0.081 0.098 0.115 0.134 0.154 0.174 0.196 0.293 0.386 0.478 0.566 0.652 0.736 0.816 0.895 0.970 1.043 1.114 1.181 1.166 1.147 1.127 1.108 1.089 1.070 1.051 1.032 1.014 0.995 0.977 0.958 0.968 0.985 1.006 1.031 1.059 1.091 1.127 1.166 1.210 1.257 1.307 1.362 1.621 1.957 2.285 2.605 2.916 3.220 3.515 3.802 4.081 4.352 4.614 4.868 4.901 4.874 4.849 4.828 4.809 4.793 4.781 4.771 4.764 4.760 4.759 4.761 5.250 5.951 6.677
0.045 0.062 0.080 0.099 0.119 0.140 0.162 0.185 0.209 0.234 0.312 0.397 0.479 0.558 0.635 0.709 0.781 0.850 0.916 0.980 1.041 1.100 1.096 1.077 1.058 1.039 1.020 1.002 0.983 0.965 0.946 0.928 0.910 0.892 0.908 0.938 0.972 1.010 1.051 1.143 1.273 1.409 1.549 1.695 1.845 2.000 2.267 2.574 2.873 3.164 3.447 3.722 3.988 4.247 4.497 4.739 4.973 5.199 5.266 5.248 5.234 5.223 5.214 5.209 5.206 5.207 5.210 5.216 5.226 5.238 5.694 6.484 7.299
0.052 0.072 0.094 0.116 0.140 0.164 0.189 0.216 0.243 0.271 0.334 0.410 0.483 0.553 0.620 0.686 0.748 0.808 0.865 0.920 0.972 1.021 1.025 1.007 0.988 0.970 0.951 0.933 0.915 0.897 0.879 0.861 0.901 0.960 1.056 1.179 1.307 1.440 1.578 1.721 1.869 2.022 2.180 2.343 2.511 2.683 2.920 3.199 3.469 3.731 3.985 4.231 4.469 4.699 4.921 5.134 5.339 5.536 5.627 5.620 5.616 5.614 5.616 5.621 5.629 5.639 5.653 5.669 5.689 5.711 6.113 6.992 7.896
0.058 0.082 0.107 0.132 0.159 0.187 0.215 0.245 0.275 0.307 0.359 0.425 0.489 0.550 0.609 0.665 0.718 0.769 0.817 0.862 0.905 0.945 0.955 0.937 0.918 0.968 1.023 1.079 1.137 1.196 1.256 1.317 1.380 1.444 1.541 1.682 1.827 1.978 2.133 2.294 2.459 2.629 2.805 2.985 3.170 3.360 3.580 3.830 4.072 4.305 4.531 4.748 4.957 5.159 5.351 5.536 5.713 5.881 5.984 5.987 5.994 6.003 6.015 6.030 6.047 6.068 6.092 6.119 6.148 6.181 6.508 7.475 8.468
0.063 0.090 0.118 0.147 0.177 0.208 0.240 0.273 0.307 0.342 0.387 0.444 0.499 0.551 0.600 0.647 0.691 0.740 0.841 0.944 1.049 1.156 1.245 1.300 1.357 1.416 1.475 1.536 1.597 1.660 1.725 1.790 1.857 1.925 2.021 2.179 2.342 2.510 2.682 2.860 3.043 3.231 3.423 3.621 3.824 4.031 4.247 4.469 4.682 4.887 5.084 5.272 5.453 5.625 5.790 5.946 6.094 6.234 6.338 6.352 6.368 6.387 6.410 6.435 6.463 6.494 6.528 6.565 6.604 6.647 6.878 7.933 9.015
0.067 0.097 0.129 0.161 0.195 0.229 0.264 0.300 0.338 0.376 0.431 0.526 0.623 0.721 0.821 0.923 1.027 1.133 1.241 1.350 1.462 1.575 1.678 1.738 1.799 1.861 1.925 1.990 2.056 2.123 2.191 2.261 2.332 2.404 2.494 2.670 2.850 3.035 3.226 3.421 3.621 3.826 4.036 4.251 4.471 4.696 4.922 5.114 5.299 5.475 5.644 5.804 5.956 6.099 6.235 6.363 6.482 6.593 6.689 6.713 6.740 6.769 6.801 6.837 6.875 6.916 6.960 7.007 7.057 7.110 7.223 8.367 9.537
0.069 0.103 0.138 0.187 0.252 0.323 0.401 0.485 0.576 0.673 0.776 0.878 0.981 1.085 1.192 1.301 1.411 1.524 1.638 1.754 1.872 1.991 2.109 2.173 2.239 2.305 2.373 2.442 2.512 2.584 2.656 2.730 2.805 2.881 2.962 3.155 3.353 3.555 3.763 3.976 4.193 4.416 4.643 4.876 5.113 5.355 5.603 5.767 5.923 6.071 6.211 6.342 6.466 6.581 6.688 6.787 6.878 6.961 7.035 7.071 7.107 7.147 7.190 7.235 7.283 7.335 7.389 7.420 7.434 7.450 7.468 8.424 9.425
0.143 0.212 0.286 0.368 0.455 0.550 0.650 0.757 0.871 0.991 1.118 1.227 1.336 1.447 1.561 1.676 1.793 1.912 2.032 2.155 2.279 2.406 2.534 2.607 2.676 2.747 2.819 2.892 2.967 3.042 3.119 3.197 3.276 3.357 3.438 3.634 3.849 4.069 4.294 4.524 4.759 4.999 5.244 5.494 5.749 6.008 6.273 6.427 6.555 6.674 6.785 6.888 6.983 7.069 7.148 7.219 7.281 7.335 7.381 7.425 7.442 7.448 7.457 7.468 7.480 7.495 7.512 7.531 7.552 7.575 7.600 8.311 9.173
0.248 0.340 0.437 0.541 0.652 0.769 0.892 1.022 1.159 1.302 1.451 1.573 1.689 1.807 1.927 2.048 2.172 2.297 2.424 2.553 2.684 2.817 2.952 3.039 3.112 3.187 3.263 3.341 3.419 3.499 3.580 3.662 3.746 3.830 3.916 4.108 4.340 4.578 4.820 5.067 5.320 5.577 5.839 6.106 6.378 6.655 6.937 7.094 7.193 7.284 7.366 7.441 7.507 7.518 7.518 7.514 7.508 7.498 7.486 7.488 7.500 7.514 7.530 7.547 7.567 7.589 7.613 7.639 7.667 7.698 7.730 8.236 8.958
0.346 0.460 0.581 0.708 0.841 0.981 1.127 1.280 1.439 1.604 1.777 1.917 2.039 2.164 2.290 2.418 2.548 2.680 2.814 2.949 3.087 3.226 3.367 3.468 3.546 3.625 3.706 3.787 3.870 3.954 4.039 4.125 4.213 4.302 4.392 4.575 4.825 5.080 5.340 5.604 5.874 6.149 6.428 6.713 7.002 7.296 7.524 7.626 7.632 7.636 7.636 7.634 7.629 7.621 7.611 7.597 7.580 7.561 7.539 7.537 7.556 7.577 7.600 7.625 7.652 7.681 7.713 7.746 7.781 7.818 7.858 8.198 8.782
0.437 0.574 0.717 0.866 1.023 1.185 1.354 1.530 1.711 1.900 2.095 2.258 2.387 2.518 2.651 2.785 2.922 3.060 3.200 3.342 3.486 3.632 3.780 3.896 3.978 4.062 4.146 4.232 4.319 4.407 4.496 4.586 4.678 4.771 4.865 5.037 5.305 5.577 5.845 6.063 6.283 6.506 6.731 6.959 7.190 7.423 7.658 7.792 7.788 7.781 7.772 7.760 7.745 7.727 7.706 7.682 7.656 7.627 7.594 7.584 7.610 7.638 7.669 7.701 7.735 7.771 7.810 7.850 7.893 7.937 7.984 8.197 8.642
0.520 0.680 0.846 1.018 1.197 1.382 1.574 1.772 1.977 2.188 2.405 2.597 2.732 2.870 3.009 3.150 3.293 3.438 3.585 3.733 3.884 4.036 4.190 4.322 4.408 4.496 4.584 4.674 4.765 4.858 4.951 5.032 5.077 5.117 5.152 5.241 5.460 5.682 5.906 6.133 6.362 6.594 6.828 7.065 7.304 7.546 7.790 7.960 7.946 7.930 7.910 7.888 7.863 7.835 7.804 7.771 7.734 7.695 7.653 7.629 7.662 7.698 7.735 7.774 7.816 7.859 7.905 7.952 8.002 8.054 8.107 8.234 8.541
0.596 0.778 0.967 1.162 1.364 1.572 1.786 2.007 2.234 2.468 2.708 2.933 3.075 3.219 3.365 3.512 3.662 3.813 3.966 4.121 4.278 4.437 4.597 4.746 4.826 4.891 4.950 5.003 5.051 5.094 5.131 5.163 5.190 5.211 5.227 5.274 5.502 5.733 5.966 6.201 6.439 6.680 6.922 7.168 7.416 7.666 7.919 8.131 8.107 8.081 8.051 8.019 7.984 7.946 7.905 7.862 7.815 7.766 7.714 7.672 7.712 7.755 7.799 7.846 7.894 7.945 7.998 8.052 8.109 8.168 8.229 8.307 8.476
0.665 0.870 1.081 1.299 1.523 1.754 1.991 2.235 2.485 2.741 3.004 3.267 3.415 3.566 3.718 3.872 4.028 4.165 4.295 4.433 4.577 4.728 4.885 5.045 5.096 5.141 5.181 5.216 5.245 5.269 5.287 5.300 5.308 5.310 5.306 5.305 5.541 5.781 6.022 6.266 6.513 6.762 7.014 7.268 7.524 7.784 8.045 8.305 8.271 8.234 8.195 8.153 8.108 8.060 8.009 7.955 7.899 7.839 7.777 7.713 7.760 7.810 7.861 7.915 7.971 8.029 8.088 8.150 8.214 8.280 8.348 8.418 8.449
0.726 0.954 1.188 1.429 1.675 1.929 2.189 2.455 2.728 3.007 3.259 3.499 3.625 3.745 3.873 4.007 4.147 4.295 4.449 4.611 4.778 4.953 5.135 5.323 5.371 5.398 5.419 5.434 5.444 5.449 5.449 5.442 5.431 5.414 5.392 5.364 5.578 5.826 6.076 6.329 6.584 6.842 7.103 7.365 7.631 7.898 8.169 8.441 8.437 8.391 8.341 8.289 8.234 8.176 8.115 8.052 7.985 7.916 7.844 7.769 7.806 7.863 7.921 7.982 8.045 8.110 8.177 8.246 8.317 8.390 8.466 8.543 8.460
0.780 1.031 1.288 1.550 1.808 2.061 2.309 2.551 2.789 3.021 3.248 3.470 3.629 3.773 3.924 4.082 4.247 4.418 4.596 4.781 4.973 5.171 5.376 5.588 5.652 5.659 5.661 5.658 5.649 5.635 5.615 5.590 5.560 5.524 5.483 5.436 5.612 5.868 6.127 6.389 6.653 6.920 7.189 7.460 7.734 8.010 8.289 8.571 8.606 8.549 8.490 8.428 8.363 8.295 8.224 8.150 8.074 7.995 7.913 7.828 7.850 7.914 7.979 8.047 8.118 8.190 8.264 8.309 8.296 8.271 8.232 8.181 7.986
0.920 1.175 1.425 1.670 1.910 2.145 2.375 2.600 2.819 3.034 3.243 3.448 3.626 3.794 3.969 4.150 4.338 4.534 4.735 4.944 5.159 5.381 5.610 5.846 5.938 5.926 5.909 5.887 5.859 5.826 5.787 5.743 5.694 5.639 5.579 5.513 5.643 5.908 6.176 6.446 6.719 6.994 7.272 7.552 7.835 8.120 8.407 8.698 8.777 8.711 8.641 8.569 8.494 8.416 8.336 8.252 8.166 8.076 7.984 7.889 7.878 7.911 7.931 7.938 7.932 7.913 7.881 7.837 7.779 7.708 7.625 7.528 7.347
1.098 1.336 1.568 1.795 2.017 2.235 2.447 2.654 2.855 3.052 3.244 3.431 3.615 3.807 4.005 4.211 4.423 4.642 4.867 5.099 5.338 5.584 5.837 6.096 6.229 6.198 6.162 6.121 6.074 6.022 5.965 5.902 5.833 5.760 5.681 5.596 5.671 5.945 6.222 6.501 6.782 7.066 7.353 7.642 7.933 8.227 8.523 8.822 8.951 8.875 8.796 8.713 8.628 8.532 8.425 8.313 8.196 8.073 7.944 7.810 7.734 7.722 7.696 7.658 7.607 7.544 7.467 7.377 7.274 7.159 7.030 6.889 6.706
1.282 1.502 1.716 1.926 2.130 2.329 2.524 2.713 2.897 3.076 3.250 3.419 3.597 3.813 4.035 4.264 4.500 4.742 4.992 5.248 5.510 5.780 6.056 6.339 6.525 6.476 6.421 6.361 6.295 6.224 6.147 6.066 5.978 5.886 5.788 5.684 5.697 5.980 6.265 6.553 6.843 7.136 7.431 7.728 8.028 8.331 8.637 8.938 9.109 9.010 8.906 8.797 8.682 8.562 8.436 8.305 8.168 8.026 7.878 7.725 7.602 7.545 7.475 7.392 7.296 7.187 7.065 6.931 6.783 6.622 6.449 6.263 6.062
1.471 1.673 1.870 2.061 2.248 2.430 2.606 2.777 2.944 3.105 3.261 3.412 3.572 3.811 4.057 4.310 4.569 4.836 5.109 5.388 5.675 5.968 6.267 6.574 6.827 6.758 6.685 6.605 6.521 6.431 6.335 6.235 6.129 6.017 5.900 5.778 5.721 6.012 6.306 6.638 6.967 7.288 7.601 7.905 8.202 8.490 8.770 9.041 9.239 9.121 8.998 8.870 8.736 8.596 8.452 8.301 8.146 7.984 7.818 7.646 7.484 7.381 7.266 7.138 6.997 6.843 6.677 6.497 6.304 6.099 5.881 5.649 5.416
1.667 1.850 2.029 2.203 2.371 2.535 2.694 2.848 2.996 3.140 3.278 3.412 3.540 3.803 4.072 4.349 4.632 4.922 5.218 5.521 5.831 6.148 6.472 6.802 7.134 7.046 6.954 6.855 6.752 6.643 6.529 6.409 6.277 6.172 6.094 6.043 6.028 6.353 6.670 6.979 7.280 7.572 7.856 8.132 8.399 8.659 8.910 9.153 9.375 9.238 9.096 8.948 8.795 8.637 8.473 8.303 8.129 7.948 7.763 7.572 7.378 7.231 7.070 6.897 6.711 6.513 6.301 6.076 5.839 5.589 5.325 5.049 4.767
1.879 2.032 2.193 2.349 2.500 2.646 2.787 2.923 3.054 3.180 3.300 3.416 3.527 3.787 4.080 4.380 4.687 5.000 5.320 5.647 5.981 6.321 6.668 7.022 7.360 7.195 6.995 6.821 6.675 6.557 6.465 6.401 6.364 6.354 6.372 6.417 6.489 6.760 7.048 7.328 7.600 7.863 8.119 8.366 8.605 8.836 9.058 9.272 9.479 9.360 9.199 9.032 8.860 8.682 8.499 8.311 8.117 7.918 7.713 7.503 7.287 7.092 6.887 6.669 6.438 6.195 5.938 5.669 5.386 5.091 4.783 4.462 4.128
2.091 2.219 2.362 2.501 2.634 2.762 2.886 3.004 3.117 3.225 3.328 3.426 3.519 3.763 4.080 4.404 4.734 5.049 5.310 5.559 5.797 6.022 6.236 6.438 6.628 6.587 6.482 6.404 6.354 6.330 6.334 6.365 6.423 6.509 6.622 6.762 6.929 7.174 7.433 7.685 7.928 8.163 8.390 8.608 8.818 9.020 9.214 9.400 9.577 9.487 9.307 9.121 8.930 8.733 8.531 8.324 8.111 7.893 7.669 7.440 7.205 6.967 6.717 6.454 6.178 5.890 5.588 5.274 4.947 4.607 4.254 3.888 3.509
2.303 2.411 2.537 2.658 2.773 2.884 2.989 3.090 3.185 3.276 3.350 3.405 3.451 3.621 3.888 4.143 4.387 4.618 4.838 5.046 5.242 5.427 5.599 5.760 5.909 5.952 5.942 5.959 6.004 6.076 6.175 6.301 6.455 6.635 6.843 7.078 7.341 7.596 7.827 8.049 8.264 8.470 8.668 8.858 9.040 9.213 9.378 9.536 9.684 9.619 9.420 9.215 9.005 8.790 8.569 8.342 8.110 7.873 7.630 7.382 7.128 6.854 6.559 6.251 5.931 5.597 5.251 4.892 4.520 4.135 3.737 3.327 2.903
2.514 2.609 2.717 2.812 2.896 2.971 3.038 3.096 3.147 3.189 3.224 3.250 3.268 3.368 3.593 3.807 4.010 4.200 4.379 4.546 4.701 4.844 4.976 5.096 5.204 5.289 5.374 5.487 5.627 5.793 5.988 6.209 6.458 6.733 7.036 7.366 7.724 8.025 8.228 8.422 8.608 8.785 8.955 9.116 9.269 9.414 9.551 9.679 9.799 9.757 9.539 9.315 9.086 8.851 8.611 8.366 8.115 7.859 7.597 7.330 7.057 6.754 6.414 6.061 5.696 5.318 4.927 4.523 4.114 3.723 3.347 2.984 2.636
2.684 2.761 2.832 2.895 2.950 2.996 3.035 3.065 3.087 3.101 3.106 3.104 3.093 3.127 3.312 3.485 3.646 3.795 3.933 4.059 4.173 4.275 4.366 4.445 4.512 4.598 4.779 4.986 5.221 5.483 5.772 6.089 6.432 6.803 7.201 7.626 8.078 8.463 8.636 8.802 8.959 9.108 9.249 9.382 9.506 9.622 9.731 9.830 9.922 9.900 9.663 9.420 9.172 8.918 8.659 8.395 8.125 7.850 7.569 7.283 6.991 6.630 6.189 5.763 5.351 4.953 4.569 4.199 3.843 3.502 3.174 2.860 2.560
2.834 2.910 2.953 2.987 3.013 3.031 3.041 3.042 3.035 3.021 2.998 2.967 2.927 2.899 3.043 3.175 3.295 3.403 3.500 3.585 3.658 3.719 3.769 3.807 3.833 3.880 4.155 4.458 4.788 5.145 5.529 5.941 6.379 6.845 7.338 7.858 8.405 8.908 9.053 9.190 9.318 9.439 9.551 9.655 9.751 9.839 9.918 9.990 10.053 10.048 9.792 9.530 9.263 8.991 8.758 8.516 8.221 7.874 7.475 7.024 6.520 6.005 5.613 5.236 4.873 4.524 4.188 3.867 3.560 3.267 2.988 2.723 2.472
2.983 3.063 3.082 3.088 3.085 3.074 3.055 3.028 2.993 2.950 2.898 2.838 2.771 2.694 2.787 2.878 2.957 3.024 3.080 3.124 3.156 3.176 3.185 3.182 3.167 3.140 3.505 3.902 4.327 4.779 5.258 5.765 6.298 6.859 7.446 8.061 8.703 9.361 9.477 9.585 9.685 9.777 9.861 9.937 10.004 10.063 10.114 10.273 10.502 10.735 10.571 10.356 10.088 9.768 9.396 8.971 8.495 7.966 7.385 6.752 6.066 5.367 5.025 4.696 4.382 4.081 3.795 3.522 3.264 3.019 2.789 2.573 2.370
