DATA/SHG/ECMWF/20170628/EN-19/20170628.en-19.asc
ncols        190
nrows        64
xllcorner    -5100000.000000000000
yllcorner    4130000.000000000000
cellsize     10000.000000000000
NODATA_value  -99999.000
[rows 0 to 32 of 64, columns 0 to 73 of 190]
5.033 4.923 4.813 4.703 4.593 4.482 4.371 4.259 4.148 4.067 3.996 3.927 3.858 3.790 3.723 3.657 3.591 3.527 3.463 3.447 3.443 3.697 4.079 4.470 4.869 5.278 5.696 6.123 6.558 7.003 7.457 7.920 8.392 8.590 8.604 8.615 8.623 8.628 8.631 8.631 8.627 8.621 8.612 8.601 8.586 8.423 8.120 7.801 7.468 7.119 6.756 6.377 5.984 5.575 5.152 4.713 4.259 4.222 4.707 5.210 5.733 6.274 6.834 7.414 8.012 8.629 9.265 9.920 10.593 11.046 11.109 11.158 11.195 11.220
4.545 4.434 4.323 4.212 4.101 3.989 3.877 3.764 3.651 3.566 3.498 3.432 3.437 3.442 3.445 3.445 3.443 3.439 3.432 3.423 3.411 3.623 4.036 4.459 4.891 5.331 5.781 6.240 6.708 7.185 7.671 8.166 8.670 8.946 8.950 8.951 8.949 8.944 8.936 8.926 8.913 8.897 8.878 8.856 8.831 8.679 8.323 7.951 7.565 7.164 6.747 6.316 5.869 5.408 4.931 4.440 3.933 3.753 4.305 4.875 5.464 6.072 6.699 7.345 8.009 8.693 9.395 10.117 10.857 11.432 11.450 11.455 11.448 11.428
4.058 3.947 3.835 3.723 3.620 3.568 3.526 3.495 3.475 3.471 3.475 3.477 3.476 3.472 3.466 3.458 3.448 3.435 3.419 3.401 3.381 3.538 3.984 4.439 4.902 5.375 5.857 6.348 6.847 7.356 7.874 8.401 8.937 9.304 9.298 9.289 9.277 9.262 9.245 9.224 9.201 9.175 9.145 9.114 9.079 8.950 8.541 8.116 7.677 7.223 6.753 6.269 5.770 5.256 4.726 4.182 3.623 3.267 3.885 4.522 5.177 5.852 6.545 7.258 7.989 8.739 9.508 10.295 11.067 11.735 11.690 11.652 11.621 11.598
3.676 3.619 3.572 3.536 3.511 3.497 3.494 3.501 3.520 3.538 3.533 3.526 3.517 3.505 3.490 3.474 3.454 3.433 3.409 3.382 3.353 3.445 3.922 4.409 4.904 5.409 5.923 6.445 6.977 7.518 8.068 8.627 9.194 9.665 9.649 9.630 9.608 9.583 9.555 9.524 9.491 9.455 9.416 9.374 9.329 9.236 8.773 8.296 7.804 7.297 6.775 6.238 5.686 5.118 4.536 3.939 3.327 2.763 3.447 4.151 4.878 5.679 6.471 7.254 8.028 8.794 9.552 10.301 11.041 11.773 11.766 11.755 11.750 11.753
3.401 3.382 3.374 3.376 3.390 3.414 3.449 3.495 3.553 3.607 3.594 3.578 3.560 3.540 3.517 3.491 3.464 3.434 3.401 3.366 3.329 3.341 3.851 4.369 4.897 5.433 5.979 6.534 7.097 7.670 8.252 8.842 9.442 10.029 10.002 9.973 9.941 9.906 9.868 9.827 9.784 9.738 9.688 9.636 9.582 9.524 9.021 8.491 7.946 7.386 6.811 6.221 5.616 5.011 4.452 3.907 3.374 2.853 3.533 4.320 5.099 5.870 6.632 7.385 8.130 8.866 9.594 10.313 11.023 11.725 11.836 11.850 11.872 11.901
3.114 3.133 3.164 3.205 3.257 3.320 3.393 3.478 3.573 3.679 3.657 3.633 3.606 3.577 3.546 3.512 3.476 3.437 3.396 3.352 3.307 3.258 3.770 4.320 4.880 5.448 6.026 6.612 7.208 7.812 8.426 9.048 9.680 10.320 10.358 10.318 10.276 10.231 10.183 10.133 10.079 10.023 9.964 9.902 9.837 9.769 9.268 8.667 8.078 7.501 6.937 6.385 5.845 5.318 4.803 4.301 3.811 3.334 3.821 4.579 5.328 6.069 6.801 7.524 8.239 8.945 9.643 10.332 11.013 11.685 11.898 11.938 11.986 12.042
2.816 2.873 2.942 3.022 3.112 3.213 3.326 3.449 3.582 3.727 3.723 3.690 3.655 3.617 3.577 3.535 3.490 3.443 3.393 3.341 3.287 3.230 3.679 4.262 4.853 5.453 6.063 6.681 7.308 7.945 8.590 9.244 9.908 10.580 10.716 10.666 10.614 10.559 10.501 10.375 10.214 10.070 9.944 9.836 9.745 9.673 9.260 8.702 8.156 7.623 7.102 6.593 6.097 5.613 5.142 4.683 4.236 3.802 4.118 4.846 5.565 6.275 6.978 7.671 8.356 9.033 9.700 10.360 11.010 11.653 11.953 12.019 12.093 12.175
2.506 2.602 2.709 2.827 2.956 3.095 3.246 3.407 3.580 3.763 3.791 3.750 3.706 3.660 3.611 3.561 3.507 3.452 3.394 3.333 3.270 3.205 3.579 4.194 4.817 5.449 6.090 6.740 7.399 8.067 8.745 9.431 10.011 10.537 10.618 10.430 10.260 10.108 9.974 9.857 9.758 9.676 9.613 9.567 9.539 9.528 9.239 8.724 8.222 7.732 7.254 6.789 6.336 5.896 5.468 5.052 4.649 4.258 4.422 5.120 5.809 6.490 7.162 7.826 8.481 9.128 9.766 10.395 11.016 11.629 12.000 12.093 12.193 12.301
2.184 2.319 2.464 2.620 2.788 2.966 3.155 3.354 3.565 3.786 3.862 3.812 3.760 3.705 3.648 3.589 3.527 3.463 3.396 3.327 3.256 3.182 3.470 4.116 4.771 5.391 5.989 6.566 7.123 7.659 8.175 8.670 9.144 9.598 9.770 9.645 9.538 9.448 9.376 9.321 9.284 9.265 9.264 9.280 9.315 9.366 9.206 8.735 8.276 7.829 7.395 6.973 6.563 6.166 5.781 5.409 5.049 4.701 4.733 5.402 6.061 6.712 7.355 7.988 8.614 9.231 9.839 10.439 11.030 11.613 12.041 12.160 12.286 12.420
1.851 2.024 2.208 2.402 2.608 2.824 3.052 3.290 3.538 3.798 3.935 3.876 3.816 3.753 3.687 3.619 3.549 3.474 3.384 3.303 3.231 3.168 3.350 3.938 4.504 5.051 5.576 6.081 6.566 7.030 7.474 7.897 8.299 8.681 8.906 8.843 8.798 8.770 8.761 8.768 8.794 8.837 8.898 8.977 9.073 9.187 9.161 8.733 8.317 7.914 7.523 7.144 6.778 6.424 6.082 5.753 5.436 5.131 5.053 5.691 6.321 6.942 7.555 8.159 8.754 9.342 9.920 10.490 11.052 11.604 12.074 12.219 12.372 12.531
1.506 1.718 1.940 2.173 2.417 2.671 2.937 3.213 3.500 3.798 3.991 3.870 3.759 3.656 3.562 3.477 3.401 3.333 3.275 3.226 3.185 3.153 3.248 3.763 4.258 4.732 5.185 5.619 6.031 6.423 6.795 7.146 7.476 7.786 8.025 8.024 8.041 8.076 8.128 8.198 8.286 8.392 8.515 8.655 8.814 8.990 9.104 8.719 8.347 7.986 7.638 7.303 6.980 6.669 6.370 6.084 5.810 5.549 5.380 5.988 6.588 7.180 7.763 8.337 8.903 9.460 10.009 10.549 11.081 11.604 12.101 12.272 12.450 12.636
1.150 1.400 1.660 1.935 2.209 2.473 2.728 2.974 3.210 3.437 3.622 3.533 3.453 3.381 3.319 3.265 3.220 3.184 3.157 3.138 3.129 3.128 3.167 3.610 4.033 4.435 4.816 5.178 5.518 5.838 6.138 6.417 6.676 6.914 7.127 7.188 7.268 7.365 7.479 7.611 7.761 7.929 8.114 8.317 8.537 8.775 9.031 8.693 8.364 8.047 7.742 7.450 7.169 6.902 6.646 6.403 6.173 5.954 5.748 6.293 6.864 7.425 7.978 8.523 9.059 9.587 10.106 10.580 11.021 11.460 11.894 12.014 12.092 12.156
0.966 1.235 1.494 1.744 1.985 2.217 2.439 2.652 2.855 3.049 3.234 3.187 3.138 3.097 3.066 3.044 3.030 3.025 3.029 3.042 3.064 3.094 3.134 3.479 3.829 4.160 4.469 4.759 5.027 5.276 5.504 5.711 5.898 6.064 6.210 6.336 6.477 6.636 6.813 7.007 7.219 7.449 7.696 7.961 8.243 8.543 8.861 8.655 8.368 8.095 7.833 7.584 7.347 7.122 6.910 6.710 6.522 6.347 6.184 6.606 7.088 7.542 7.992 8.439 8.882 9.322 9.759 10.193 10.623 11.049 11.473 11.595 11.625 11.641
0.884 1.120 1.347 1.564 1.772 1.971 2.160 2.340 2.510 2.672 2.824 2.831 2.814 2.805 2.804 2.813 2.831 2.857 2.892 2.936 2.989 3.051 3.122 3.369 3.648 3.906 4.144 4.362 4.558 4.735 4.891 5.027 5.142 5.236 5.310 5.466 5.670 5.891 6.129 6.386 6.660 6.951 7.261 7.587 7.932 8.294 8.674 8.604 8.361 8.130 7.912 7.706 7.512 7.269 7.022 6.781 6.548 6.321 6.102 6.340 6.786 7.228 7.666 8.102 8.534 8.962 9.387 9.809 10.228 10.643 11.055 11.191 11.172 11.139
0.813 1.016 1.210 1.394 1.569 1.735 1.892 2.039 2.177 2.305 2.424 2.467 2.481 2.503 2.534 2.574 2.622 2.680 2.746 2.822 2.906 2.999 3.100 3.281 3.488 3.674 3.841 3.986 4.111 4.216 4.301 4.364 4.408 4.431 4.433 4.580 4.845 5.128 5.429 5.747 6.083 6.437 6.808 7.197 7.603 8.027 8.420 8.431 8.166 7.909 7.659 7.415 7.178 6.948 6.725 6.509 6.299 6.096 5.900 6.053 6.487 6.917 7.344 7.768 8.188 8.605 9.019 9.429 9.836 10.240 10.640 10.801 10.733 10.652
0.752 0.922 1.083 1.235 1.377 1.510 1.634 1.748 1.853 1.949 2.035 2.094 2.138 2.192 2.254 2.325 2.405 2.494 2.591 2.697 2.813 2.937 3.070 3.214 3.350 3.464 3.559 3.633 3.686 3.719 3.732 3.724 3.696 3.647 3.578 3.676 4.004 4.349 4.718 5.132 5.539 5.940 6.336 6.726 7.109 7.487 7.860 7.961 7.721 7.487 7.261 7.041 6.828 6.622 6.422 6.230 6.044 5.865 5.693 5.769 6.191 6.610 7.026 7.438 7.847 8.252 8.654 9.053 9.449 9.841 10.229 10.424 10.308 10.178
0.701 0.839 0.967 1.086 1.195 1.296 1.387 1.468 1.541 1.604 1.657 1.712 1.787 1.872 1.965 2.067 2.178 2.298 2.427 2.564 2.710 2.865 3.029 3.169 3.233 3.276 3.299 3.301 3.283 3.244 3.186 3.128 3.104 3.069 3.022 3.114 3.524 3.928 4.327 4.720 5.107 5.488 5.863 6.233 6.596 6.954 7.306 7.485 7.269 7.060 6.857 6.661 6.471 6.289 6.113 5.945 5.783 5.627 5.479 5.489 5.900 6.307 6.711 7.112 7.509 7.903 8.293 8.681 9.064 9.445 9.822 10.061 9.896 9.717
0.661 0.766 0.861 0.947 1.024 1.092 1.150 1.199 1.238 1.269 1.290 1.320 1.427 1.543 1.667 1.800 1.942 2.093 2.253 2.421 2.599 2.785 2.980 3.146 3.156 3.173 3.178 3.172 3.154 3.125 3.084 3.031 2.967 2.891 2.804 2.790 3.180 3.564 3.942 4.315 4.681 5.042 5.397 5.746 6.090 6.427 6.759 7.004 6.811 6.626 6.446 6.274 6.109 5.950 5.798 5.653 5.515 5.383 5.259 5.212 5.611 6.007 6.400 6.789 7.174 7.557 7.936 8.312 8.684 9.053 9.419 9.711 9.498 9.271
0.631 0.703 0.766 0.819 0.863 0.898 0.924 0.940 0.947 0.944 0.933 0.920 1.058 1.204 1.360 1.524 1.697 1.907 2.138 2.375 2.617 2.865 3.119 3.368 3.356 3.332 3.297 3.250 3.192 3.122 3.040 2.947 2.842 2.726 2.598 2.472 2.842 3.206 3.564 3.916 4.262 4.603 4.938 5.266 5.589 5.907 6.218 6.516 6.347 6.185 6.030 5.882 5.740 5.605 5.477 5.356 5.241 5.133 5.032 4.939 5.327 5.711 6.092 6.469 6.844 7.215 7.582 7.946 8.307 8.665 9.019 9.370 9.114 8.838
0.611 0.650 0.680 0.701 0.713 0.715 0.708 0.691 0.665 0.630 0.625 0.626 0.822 1.045 1.273 1.507 1.747 1.993 2.244 2.501 2.763 3.032 3.306 3.586 3.568 3.504 3.428 3.340 3.241 3.130 3.008 2.874 2.729 2.572 2.404 2.224 2.511 2.854 3.192 3.524 3.850 4.170 4.484 4.793 5.096 5.393 5.684 5.969 5.877 5.739 5.608 5.483 5.365 5.254 5.149 5.052 4.961 4.877 4.800 4.729 5.046 5.418 5.788 6.154 6.516 6.876 7.232 7.584 7.934 8.280 8.622 8.962 8.743 8.419
0.601 0.608 0.606 0.611 0.615 0.618 0.621 0.623 0.624 0.625 0.624 0.623 0.801 1.044 1.293 1.547 1.807 2.072 2.344 2.621 2.903 3.192 3.486 3.786 3.792 3.687 3.570 3.442 3.303 3.151 2.989 2.814 2.628 2.431 2.222 2.001 2.185 2.509 2.826 3.138 3.444 3.744 4.038 4.326 4.608 4.885 5.156 5.421 5.402 5.287 5.179 5.078 4.984 4.896 4.816 4.742 4.675 4.614 4.561 4.514 4.768 5.129 5.487 5.842 6.193 6.541 6.885 7.219 7.527 7.817 8.089 8.344 8.170 7.848
0.621 0.625 0.628 0.630 0.632 0.632 0.632 0.632 0.630 0.628 0.624 0.621 0.774 1.037 1.305 1.580 1.860 2.145 2.437 2.734 3.037 3.345 3.660 3.980 4.028 3.882 3.725 3.556 3.376 3.184 2.981 2.766 2.540 2.302 2.052 1.791 1.867 2.170 2.467 2.758 3.044 3.323 3.597 3.865 4.128 4.384 4.635 4.879 4.919 4.829 4.745 4.667 4.597 4.533 4.476 4.426 4.382 4.345 4.315 4.292 4.510 4.880 5.232 5.567 5.885 6.184 6.466 6.730 6.976 7.205 7.416 7.609 7.517 7.247
0.650 0.651 0.651 0.651 0.649 0.647 0.645 0.641 0.637 0.632 0.626 0.619 0.741 1.024 1.312 1.607 1.907 2.213 2.524 2.841 3.164 3.493 3.827 4.167 4.275 4.089 3.892 3.682 3.462 3.229 2.985 2.730 2.463 2.185 1.895 1.593 1.554 1.837 2.114 2.385 2.650 2.910 3.163 3.411 3.653 3.889 4.120 4.344 4.431 4.364 4.304 4.250 4.203 4.199 4.219 4.238 4.257 4.276 4.294 4.313 4.470 4.778 5.069 5.343 5.598 5.836 6.056 6.259 6.444 6.611 6.760 6.892 6.851 6.632
0.679 0.677 0.675 0.672 0.668 0.663 0.658 0.651 0.644 0.636 0.628 0.618 0.701 1.004 1.313 1.627 1.947 2.273 2.605 2.942 3.285 3.634 3.988 4.348 4.535 4.308 4.070 3.820 3.559 3.286 3.002 2.706 2.399 2.080 1.750 1.408 1.248 1.510 1.767 2.018 2.263 2.502 2.736 2.963 3.185 3.401 3.667 3.949 4.146 4.165 4.184 4.203 4.222 4.241 4.260 4.279 4.297 4.315 4.334 4.352 4.447 4.694 4.923 5.135 5.329 5.505 5.664 5.805 5.929 6.034 6.122 6.193 6.172 6.005
0.710 0.705 0.700 0.694 0.687 0.680 0.671 0.662 0.652 0.642 0.630 0.618 0.655 0.978 1.307 1.642 1.982 2.328 2.679 3.037 3.400 3.768 4.143 4.523 4.806 4.539 4.260 3.970 3.668 3.355 3.030 2.694 2.346 1.987 1.616 1.234 0.948 1.190 1.427 1.714 2.006 2.295 2.581 2.864 3.144 3.421 3.695 3.965 4.190 4.209 4.228 4.246 4.265 4.283 4.301 4.320 4.338 4.355 4.373 4.391 4.441 4.627 4.795 4.945 5.077 5.192 5.289 5.369 5.431 5.475 5.502 5.511 5.481 5.365
0.740 0.734 0.726 0.717 0.707 0.697 0.686 0.674 0.662 0.648 0.634 0.619 0.603 0.946 1.295 1.650 2.010 2.376 2.748 3.125 3.508 3.897 4.291 4.691 5.089 4.781 4.462 4.132 3.790 3.436 3.071 2.696 2.389 2.059 1.708 1.334 0.955 1.245 1.533 1.817 2.099 2.377 2.653 2.925 3.195 3.461 3.725 3.985 4.234 4.253 4.271 4.289 4.307 4.325 4.343 4.361 4.378 4.396 4.413 4.430 4.453 4.577 4.683 4.772 4.843 4.896 4.932 4.950 4.951 4.933 4.899 4.846 4.776 4.711
0.764 0.763 0.752 0.741 0.728 0.715 0.702 0.687 0.672 0.655 0.638 0.621 0.602 0.908 1.277 1.652 2.032 2.418 2.810 3.207 3.610 4.019 4.433 4.854 5.300 5.174 4.922 4.648 4.352 4.033 3.693 3.330 2.945 2.538 2.109 1.657 1.184 1.372 1.649 1.923 2.194 2.462 2.727 2.989 3.248 3.504 3.758 4.008 4.255 4.296 4.314 4.332 4.350 4.367 4.384 4.402 4.419 4.436 4.453 4.469 4.486 4.544 4.588 4.616 4.625 4.617 4.592 4.549 4.488 4.409 4.313 4.199 4.068 4.045
0.786 0.793 0.780 0.765 0.750 0.734 0.718 0.701 0.682 0.664 0.644 0.623 0.602 0.864 1.253 1.648 2.048 2.482 2.990 3.512 4.050 4.602 5.169 5.752 6.349 6.297 5.967 5.615 5.241 4.845 4.426 3.986 3.523 3.039 2.532 2.003 1.452 1.502 1.768 2.032 2.292 2.550 2.805 3.056 3.305 3.551 3.793 4.033 4.270 4.340 4.358 4.375 4.392 4.409 4.426 4.443 4.459 4.476 4.492 4.508 4.525 4.528 4.511 4.477 4.425 4.356 4.269 4.164 4.042 3.902 3.745 3.570 3.377 3.366
0.807 0.824 0.808 0.791 0.773 0.754 0.735 0.715 0.694 0.672 0.681 0.725 0.770 1.058 1.559 2.074 2.604 3.149 3.708 4.283 4.873 5.477 6.097 6.731 7.381 7.441 7.033 6.604 6.152 5.678 5.182 4.664 4.124 3.562 2.977 2.371 1.742 1.634 1.890 2.143 2.393 2.641 2.885 3.126 3.365 3.600 3.832 4.061 4.288 4.384 4.401 4.418 4.435 4.451 4.468 4.484 4.500 4.516 4.532 4.548 4.563 4.529 4.451 4.355 4.242 4.112 3.963 3.798 3.614 3.413 3.194 2.958 2.704 2.674
0.826 0.856 0.837 0.854 0.894 0.936 0.978 1.021 1.066 1.111 1.158 1.205 1.254 1.499 2.052 2.619 3.201 3.798 4.410 5.037 5.679 6.336 7.007 7.694 8.395 8.607 8.122 7.614 7.085 6.534 5.960 5.364 4.747 4.107 3.445 2.761 2.055 1.769 2.015 2.258 2.497 2.734 2.968 3.199 3.427 3.652 3.874 4.093 4.309 4.428 4.445 4.461 4.477 4.494 4.510 4.525 4.541 4.557 4.572 4.587 4.602 4.547 4.408 4.251 4.077 3.885 3.675 3.448 3.211 2.987 2.769 2.557 2.352 2.350
1.144 1.220 1.261 1.304 1.348 1.393 1.439 1.486 1.534 1.583 1.633 1.684 1.736 1.923 2.528 3.147 3.782 4.431 5.095 5.774 6.468 7.177 7.901 8.639 9.393 9.794 9.232 8.647 8.040 7.411 6.760 6.087 5.392 4.674 3.935 3.174 2.390 1.907 2.142 2.375 2.604 2.831 3.054 3.275 3.492 3.707 3.918 4.127 4.332 4.473 4.489 4.504 4.520 4.536 4.551 4.567 4.582 4.597 4.612 4.627 4.642 4.550 4.302 4.061 3.826 3.598 3.377 3.162 2.953 2.751 2.556 2.367 2.185 2.146
1.622 1.661 1.706 1.752 1.800 1.848 1.898 1.948 2.000 2.052 2.106 2.161 2.216 2.331 2.987 3.659 4.346 5.047 5.763 6.494 7.240 8.001 8.777 9.568 10.373 11.004 10.363 9.701 9.017 8.310 7.582 6.831 6.059 5.264 4.447 3.608 2.747 2.047 2.273 2.495 2.714 2.930 3.143 3.353 3.560 3.764 3.966 4.164 4.359 4.517 4.532 4.548 4.563 4.578 4.583 4.568 4.538 4.492 4.431 4.354 4.261 4.126 3.901 3.683 3.471 3.266 3.067 2.875 2.689 2.510 2.337 2.171 2.012 1.943
2.114 2.106 2.149 2.199 2.250 2.302 2.355 2.409 2.464 2.520 2.577 2.636 2.695 2.755 3.430 4.154 4.892 5.646 6.414 7.197 7.996 8.808 9.636 10.479 11.336 12.209 11.517 10.777 10.015 9.232 8.426 7.598 6.748 5.876 4.982 4.066 3.127 2.191 2.406 2.617 2.826 3.032 3.235 3.434 3.631 3.825 4.016 4.242 4.453 4.621 4.630 4.624 4.602 4.564 4.510 4.441 4.357 4.257 4.141 4.009 3.863 3.697 3.494 3.299 3.110 2.927 2.751 2.582 2.419 2.262 2.113 1.969 1.833 1.740
