DATA/SHG/ECMWF/20170628/EN-19/20170709.en-19.asc
ncols        190
nrows        64
xllcorner    -5100000.000000000000
yllcorner    4130000.000000000000
cellsize     10000.000000000000
NODATA_value  -99999.000
[rows 32 to 63 of 64, columns 72 to 143 of 190]
7.427 7.245 7.758 8.272 8.786 9.301 9.817 10.333 10.850 11.367 11.886 12.405 12.924 13.341 13.231 13.108 12.975 12.829 12.671 12.501 12.320 12.127 11.921 11.705 11.480 11.431 12.028 12.643 13.277 13.928 14.597 15.284 15.990 16.713 17.454 18.214 18.991 19.233 18.436 17.627 16.808 15.977 15.135 14.283 13.419 12.575 11.798 10.993 10.161 9.980 10.546 11.099 11.639 12.166 12.680 13.181 13.669 14.143 14.605 15.053 15.488 15.403 14.968 14.537 14.108 13.683 13.261 12.843 12.428 12.016 11.608 11.202
7.736 7.519 8.032 8.548 9.065 9.582 10.100 10.619 11.138 11.658 12.179 12.700 13.222 13.720 13.568 13.405 13.230 13.043 12.844 12.633 12.411 12.176 11.929 11.671 11.404 11.224 11.901 12.596 13.309 14.041 14.790 15.557 16.343 17.146 17.968 18.807 19.720 20.376 19.694 18.986 18.250 17.488 16.698 15.881 15.038 14.167 13.269 12.344 11.392 10.942 11.451 11.946 12.428 12.897 13.353 13.796 14.226 14.642 15.046 15.436 15.814 15.804 15.383 14.966 14.552 14.141 13.734 13.330 12.929 12.532 12.138 11.747
8.026 7.877 8.305 8.823 9.342 9.862 10.382 10.903 11.425 11.947 12.470 12.994 13.518 14.043 13.917 13.712 13.496 13.268 13.027 12.775 12.512 12.236 11.947 11.648 11.340 11.022 11.753 12.709 14.285 15.742 17.079 18.296 19.393 20.371 21.229 21.968 22.586 22.956 22.154 21.326 20.470 19.587 18.677 17.740 16.776 15.785 14.767 13.722 12.650 11.917 12.368 12.805 13.229 13.641 14.039 14.424 14.795 15.154 15.500 15.832 16.152 16.200 15.794 15.391 14.992 14.596 14.203 13.813 13.427 13.043 12.664 12.287
8.297 8.215 8.577 9.097 9.619 10.141 10.664 11.187 11.711 12.236 12.761 13.287 13.814 14.341 14.276 14.030 13.772 13.503 13.221 13.890 15.737 17.205 18.090 18.454 18.518 18.281 19.307 20.472 21.518 22.444 23.251 23.938 24.506 24.954 25.282 25.491 25.580 25.549 24.641 23.692 22.716 21.713 20.683 19.626 18.542 17.431 16.292 15.127 13.935 12.905 13.298 13.677 14.043 14.397 14.737 15.064 15.378 15.679 15.967 16.241 16.503 16.593 16.202 15.813 15.428 15.046 14.667 14.292 13.920 13.551 13.186 12.824
8.550 8.535 8.847 9.370 9.894 10.419 10.944 11.469 11.996 12.523 13.051 13.579 15.540 19.565 22.879 25.305 27.352 29.020 30.309 31.219 31.750 31.902 31.465 30.499 29.233 27.668 27.723 28.359 28.875 29.271 29.548 29.706 29.744 29.662 29.461 29.140 28.700 28.140 27.154 26.085 24.989 23.866 22.715 21.538 20.334 19.103 17.845 16.560 15.248 13.909 14.240 14.561 14.870 15.166 15.448 15.717 15.973 16.217 16.447 16.663 16.867 16.983 16.605 16.231 15.860 15.493 15.128 14.767 14.410 14.055 13.704 13.357
8.784 8.836 9.117 9.642 10.168 11.357 13.541 16.245 19.469 23.213 27.478 32.263 37.568 43.394 47.107 48.216 48.947 49.299 49.273 48.867 48.084 46.921 45.162 42.867 40.273 37.380 36.263 36.369 36.355 36.223 35.970 35.598 35.107 34.496 33.766 32.916 31.947 30.858 29.693 28.504 27.288 26.045 24.775 23.478 22.154 20.803 19.425 18.020 16.588 15.129 15.195 15.459 15.709 15.947 16.172 16.383 16.582 16.767 16.939 17.098 17.244 17.368 17.005 16.645 16.289 15.936 15.586 15.239 14.896 14.556 14.219 13.885
9.846 10.364 11.433 13.859 16.805 20.271 24.257 28.763 33.789 39.335 45.400 51.986 59.091 66.716 71.650 71.444 70.859 69.897 68.555 66.836 64.738 62.261 59.181 55.559 51.637 47.417 44.926 44.503 43.960 43.298 42.516 41.615 40.595 39.455 38.196 36.818 35.320 33.703 32.259 30.950 29.614 28.251 26.861 25.444 24.000 22.529 21.031 19.507 17.955 16.376 16.162 16.368 16.561 16.741 16.908 17.062 17.202 17.330 17.445 17.546 17.635 17.710 17.401 17.056 16.713 16.375 16.039 15.707 15.378 15.052 14.730 14.411
12.323 13.045 14.445 18.674 23.422 28.689 34.476 40.783 47.609 54.955 62.820 71.204 80.109 89.532 96.507 94.987 93.088 90.811 88.156 85.123 81.712 77.922 73.522 68.573 63.325 57.778 53.712 52.760 51.688 50.497 49.187 47.757 46.209 44.540 42.753 40.846 38.820 36.675 34.851 33.422 31.966 30.484 28.974 27.437 25.873 24.283 22.665 21.021 19.349 17.651 17.142 17.290 17.426 17.548 17.657 17.753 17.836 17.906 17.963 18.007 18.038 18.055 17.793 17.462 17.134 16.810 16.494 16.194 15.900 15.612 15.330 15.053
14.741 15.667 16.965 22.995 29.543 36.611 44.198 52.304 60.930 70.074 79.738 89.921 100.622 111.844 121.680 118.845 115.633 112.043 108.075 103.730 99.006 93.905 88.185 81.910 75.336 68.464 62.621 61.140 59.540 57.820 55.982 54.024 51.947 49.751 47.435 45.001 42.447 39.773 37.470 35.921 34.346 32.743 31.113 29.457 27.774 26.063 24.326 22.562 20.771 18.953 18.135 18.225 18.303 18.367 18.419 18.457 18.482 18.489 18.475 18.463 18.455 18.449 18.244 17.947 17.655 17.369 17.089 16.814 16.546 16.283 16.025 15.774
17.100 18.230 19.419 26.823 35.171 44.038 53.424 63.328 73.751 84.694 96.155 108.134 120.633 133.650 147.166 143.019 138.495 133.593 128.313 122.655 116.620 110.207 103.169 95.569 87.671 79.473 71.652 69.643 67.515 65.268 62.901 60.415 57.810 55.086 52.243 49.281 46.199 42.999 40.115 38.446 36.751 35.029 33.280 31.504 29.701 27.871 26.014 24.130 22.193 20.150 18.964 18.941 18.922 18.905 18.892 18.881 18.874 18.870 18.869 18.871 18.876 18.884 18.733 18.461 18.194 17.933 17.678 17.428 17.185 16.947 16.714 16.487
19.400 20.734 22.127 30.159 40.305 50.970 62.153 73.855 86.075 98.814 112.071 125.846 140.140 154.953 170.284 167.509 161.672 155.459 148.868 141.899 134.553 126.830 118.475 109.551 100.328 90.807 80.987 78.270 75.614 72.839 69.944 66.931 63.799 60.547 57.177 53.687 50.078 46.350 42.786 40.935 38.566 36.268 34.041 31.884 29.799 27.784 25.841 23.968 22.166 20.435 19.246 19.237 19.231 19.228 19.228 19.231 19.238 19.247 19.259 19.275 19.293 19.315 19.216 18.968 18.727 18.491 18.261 18.036 17.817 17.604 17.397 17.195
21.641 23.180 24.777 33.003 44.947 57.408 70.388 83.885 97.901 112.435 127.487 143.057 159.145 175.752 192.876 192.313 185.166 177.642 169.740 161.462 152.806 143.774 134.101 123.854 113.308 102.464 91.321 87.020 83.836 80.533 77.031 72.020 67.122 62.339 57.669 53.113 48.671 44.342 40.151 38.023 35.967 33.981 32.066 30.222 28.449 26.746 25.115 23.554 22.064 20.645 19.525 19.529 19.537 19.547 19.561 19.577 19.597 19.620 19.646 19.675 19.707 19.742 19.692 19.470 19.253 19.042 18.837 18.637 18.443 18.255 18.072 17.896
23.824 25.566 27.367 35.356 49.095 63.352 78.127 93.420 109.230 125.558 142.404 159.768 177.649 196.048 214.965 217.432 208.975 200.141 190.930 181.343 171.378 161.037 146.736 132.456 118.468 104.773 91.370 84.156 79.305 74.568 69.945 65.435 61.039 56.757 52.588 48.534 44.593 40.766 37.052 35.039 33.294 31.621 30.018 28.486 27.024 25.634 24.315 23.066 21.888 20.781 19.800 19.818 19.839 19.863 19.890 19.920 19.953 19.990 20.029 20.072 20.117 20.166 20.162 19.965 19.773 19.587 19.406 19.232 19.063 18.900 18.742 18.590
25.949 27.894 29.899 37.218 52.752 68.804 85.373 102.459 120.062 138.184 156.822 175.978 195.651 215.842 236.550 236.444 220.542 205.009 189.845 175.052 160.628 146.573 133.077 120.086 107.388 94.982 82.869 75.449 71.099 66.864 62.741 58.733 54.838 51.057 47.390 43.836 40.396 37.070 33.857 31.981 30.549 29.187 27.896 26.676 25.527 24.448 23.440 22.503 21.637 20.842 20.117 20.103 20.137 20.175 20.215 20.259 20.306 20.356 20.409 20.465 20.524 20.586 20.626 20.453 20.286 20.125 19.970 19.820 19.676 19.538 19.405 19.278
28.015 30.164 32.372 38.590 55.918 73.762 92.124 111.003 126.939 142.281 157.085 171.351 185.077 198.265 210.914 213.535 198.909 184.652 170.765 157.247 144.099 131.320 119.107 107.404 95.995 84.878 74.053 66.626 62.778 59.043 55.422 51.914 48.521 45.240 42.074 39.021 36.082 33.256 30.544 28.851 27.730 26.680 25.701 24.793 23.955 23.188 22.492 21.867 21.312 20.828 20.415 20.384 20.432 20.483 20.537 20.594 20.655 20.718 20.784 20.854 20.927 21.002 21.081 20.936 20.794 20.657 20.527 20.402 20.283 20.169 20.062 19.959
30.003 31.703 33.363 37.003 53.182 68.823 83.926 98.490 112.516 126.003 138.952 151.363 163.236 174.570 185.366 190.320 176.970 163.989 151.377 139.134 127.261 115.757 104.825 94.411 84.289 74.460 64.923 57.688 54.340 51.106 47.986 44.979 42.086 39.306 36.640 34.088 31.649 29.323 27.111 25.648 24.839 24.101 23.433 22.836 22.310 21.855 21.470 21.156 20.912 20.740 20.638 20.662 20.723 20.788 20.856 20.926 21.000 21.077 21.157 21.240 21.326 21.415 21.507 21.412 21.295 21.183 21.078 20.978 20.883 20.795 20.712 20.635
27.749 29.315 30.843 32.367 46.690 60.476 73.723 86.433 98.604 110.238 121.334 131.891 141.911 151.393 160.337 166.799 154.724 143.018 131.681 120.713 110.114 99.883 90.232 81.106 72.271 63.729 55.478 48.634 45.787 43.054 40.434 37.927 35.534 33.255 31.089 29.036 27.097 25.272 23.560 22.373 21.875 21.448 21.092 20.806 20.591 20.447 20.374 20.371 20.438 20.577 20.786 20.936 21.011 21.089 21.170 21.254 21.342 21.432 21.525 21.622 21.721 21.824 21.929 21.881 21.789 21.703 21.622 21.547 21.477 21.414 21.325 21.181
25.534 26.967 28.361 29.716 40.705 52.636 64.030 74.886 85.205 94.985 104.229 112.934 121.102 128.733 135.825 142.381 132.173 121.741 111.678 101.983 92.657 83.700 75.329 67.489 59.941 52.684 45.720 39.465 37.118 34.885 32.765 30.759 28.866 27.086 25.420 23.867 22.428 21.102 19.890 19.025 18.838 18.723 18.678 18.703 18.799 18.966 19.204 19.512 19.890 20.339 20.859 21.207 21.295 21.387 21.481 21.579 21.680 21.784 21.890 22.000 22.113 22.208 22.184 22.028 21.837 21.663 21.508 21.370 21.250 21.149 21.065 20.999
23.358 24.658 25.919 27.141 35.226 45.305 54.846 63.849 72.316 80.245 87.637 94.492 100.809 106.589 111.832 116.538 109.316 100.157 91.367 82.945 74.892 67.207 60.115 53.560 47.298 41.327 35.648 30.261 28.334 26.600 24.980 23.474 22.080 20.801 19.634 18.581 17.641 16.815 16.101 15.604 15.729 15.924 16.190 16.527 16.934 17.411 17.960 18.579 19.268 20.028 20.858 21.474 21.597 21.857 22.056 22.192 22.268 22.281 22.233 22.123 21.952 21.719 21.425 21.199 21.086 20.992 20.915 20.856 20.815 20.792 20.787 20.800
21.221 22.387 23.515 24.604 30.253 38.480 46.169 53.322 59.938 66.016 71.558 76.563 81.031 84.962 88.356 91.213 86.153 78.267 70.749 63.599 56.817 50.404 44.591 39.321 34.343 29.657 25.263 21.160 19.434 18.200 17.079 16.072 15.178 14.398 13.731 13.177 12.736 12.408 12.194 12.111 12.547 13.053 13.630 14.285 15.324 16.408 17.537 18.710 19.928 21.191 22.498 23.558 23.609 23.598 23.525 23.391 23.196 22.939 22.620 22.240 21.798 21.294 20.729 20.352 20.318 20.302 20.304 20.324 20.362 20.418 20.491 20.583
19.122 20.156 21.151 22.107 25.786 32.162 38.001 43.303 48.069 52.298 55.991 59.147 61.767 63.850 65.396 66.406 62.685 56.070 49.824 43.945 38.434 33.292 28.756 24.771 21.077 17.675 14.564 11.744 10.418 9.684 9.063 8.555 8.160 7.878 7.710 8.236 8.801 9.367 9.933 10.499 11.517 12.619 13.766 14.957 16.193 17.474 18.799 20.169 21.584 23.043 24.547 25.902 25.682 25.401 25.058 24.653 24.187 23.659 23.070 22.419 21.707 20.933 20.097 19.488 19.533 19.596 19.677 19.775 19.892 20.026 20.178 20.348
17.062 17.963 18.825 19.648 21.823 26.349 30.339 33.793 36.710 39.091 40.936 42.244 43.016 43.252 42.952 42.115 38.911 33.568 28.592 23.983 19.743 15.870 12.612 9.910 7.499 5.380 4.629 4.080 4.205 4.770 5.335 5.901 6.466 7.032 7.598 8.165 8.731 9.298 9.865 10.432 11.550 12.849 14.192 15.580 17.013 18.490 20.012 21.578 23.190 24.846 26.546 28.292 27.818 27.266 26.652 25.977 25.240 24.442 23.582 22.661 21.679 20.635 19.529 18.607 18.731 18.872 19.032 19.209 19.404 19.617 19.848 20.096
15.040 15.808 16.538 17.228 18.365 21.043 23.184 24.790 25.860 26.394 26.391 25.853 24.779 23.169 21.024 18.342 14.832 10.759 9.040 8.417 7.813 7.227 6.665 6.122 5.595 5.083 4.585 4.103 4.125 4.691 5.258 5.824 6.391 6.958 7.525 8.093 8.661 9.229 9.797 10.365 11.534 13.029 14.569 16.154 17.783 19.457 21.175 22.939 24.746 26.599 28.496 30.438 30.016 29.193 28.309 27.364 26.357 25.288 24.158 22.967 21.714 20.400 19.024 17.709 17.911 18.131 18.369 18.625 18.899 19.190 19.500 19.827
13.057 13.693 14.289 14.847 15.411 16.241 16.536 16.295 15.518 14.206 12.358 11.418 11.059 10.706 10.358 10.016 9.628 9.032 8.455 7.898 7.359 6.839 6.342 5.865 5.403 4.957 4.525 4.109 4.045 4.612 5.180 5.748 6.316 6.884 7.452 8.021 8.590 9.159 9.729 10.298 11.470 13.162 14.898 16.679 18.505 20.375 22.290 24.249 26.254 28.302 30.396 32.534 32.275 31.183 30.028 28.813 27.536 26.197 24.797 23.336 21.813 20.229 18.583 16.876 17.074 17.373 17.690 18.024 18.376 18.746 19.134 19.540
11.113 11.616 12.080 12.505 13.028 12.707 12.335 11.968 11.606 11.250 10.899 10.554 10.215 9.880 9.552 9.228 8.897 8.367 7.855 7.362 6.888 6.433 6.002 5.591 5.195 4.814 4.449 4.098 3.965 4.533 5.102 5.671 6.240 6.809 7.379 7.949 8.519 9.089 9.660 10.231 11.357 13.245 15.178 17.155 19.177 21.244 23.355 25.511 27.711 29.956 32.246 34.580 34.597 33.234 31.810 30.324 28.777 27.168 25.499 23.767 21.975 20.120 18.205 16.228 16.220 16.598 16.992 17.405 17.836 18.284 18.751 19.235
9.767 10.333 10.880 11.409 11.919 11.726 11.372 11.024 10.682 10.344 10.013 9.687 9.366 9.051 8.741 8.437 8.138 7.685 7.238 6.810 6.402 6.012 5.646 5.301 4.971 4.656 4.355 4.070 3.884 4.454 5.024 5.594 6.164 6.735 7.305 7.877 8.448 9.019 9.591 10.163 11.196 13.280 15.409 17.583 19.801 22.064 24.371 26.723 29.120 31.561 34.047 36.577 36.981 35.348 33.654 31.898 30.081 28.203 26.263 24.262 22.199 20.076 17.891 15.644 15.349 15.805 16.278 16.769 17.279 17.805 18.350 18.913
8.934 9.435 9.918 10.382 10.828 10.741 10.406 10.077 9.753 9.435 9.122 8.815 8.513 8.217 7.926 7.641 7.361 6.986 6.605 6.242 5.898 5.574 5.273 4.994 4.729 4.480 4.246 4.026 3.822 4.374 4.945 5.516 6.088 6.660 7.232 7.804 8.376 8.949 9.522 10.095 10.986 13.267 15.592 17.962 20.376 22.835 25.339 27.887 30.479 33.117 35.798 38.524 39.426 37.524 35.560 33.534 31.447 29.299 27.090 24.819 22.487 20.094 17.639 15.123 14.461 14.995 15.553 16.140 16.737 17.343 17.958 18.583
8.120 8.557 8.975 9.375 9.756 9.751 9.436 9.125 8.821 8.521 8.228 7.939 7.656 7.379 7.107 6.841 6.580 6.272 5.956 5.658 5.379 5.119 4.884 4.670 4.472 4.288 4.119 3.966 3.827 4.294 4.866 5.439 6.011 6.584 7.157 7.731 8.304 8.878 9.452 10.026 10.728 13.205 15.726 18.292 20.902 23.557 26.257 29.001 31.789 34.623 37.500 40.422 41.934 39.761 37.528 35.233 32.876 30.409 27.641 24.933 22.283 19.694 17.163 14.692 13.785 14.395 15.014 15.642 16.280 16.927 17.584 18.249
7.324 7.697 8.051 8.386 8.702 8.758 8.462 8.170 7.884 7.604 7.329 7.060 6.796 6.537 6.284 6.037 5.795 5.541 5.290 5.057 4.843 4.648 4.478 4.330 4.197 4.079 3.976 3.888 3.815 4.214 4.787 5.361 5.935 6.509 7.083 7.657 8.232 8.807 9.382 9.958 10.534 13.094 15.812 18.574 21.380 24.231 27.126 30.066 33.040 35.548 37.989 40.365 41.823 39.018 36.272 33.585 30.958 28.390 25.882 23.433 21.044 18.714 16.443 14.232 13.155 13.806 14.466 15.136 15.814 16.502 17.200 17.906
6.547 6.855 7.145 7.415 7.667 7.761 7.483 7.211 6.944 6.683 6.427 6.176 5.931 5.691 5.457 5.229 5.006 4.795 4.608 4.440 4.291 4.161 4.057 3.974 3.907 3.854 3.817 3.794 3.787 4.133 4.708 5.282 5.857 6.433 7.008 7.584 8.160 8.736 9.312 9.889 10.441 12.796 15.476 18.091 20.639 23.123 25.540 27.892 30.179 32.399 34.554 36.644 38.446 35.901 33.415 30.988 28.621 26.313 24.064 21.875 19.745 17.675 15.664 13.712 12.517 13.208 13.910 14.620 15.340 16.069 16.807 17.554
5.788 6.032 6.257 6.464 6.651 6.760 6.501 6.248 6.000 5.757 5.520 5.289 5.062 4.842 4.626 4.417 4.212 4.031 3.910 3.807 3.723 3.658 3.618 3.602 3.600 3.613 3.641 3.684 3.742 4.052 4.628 5.214 5.796 6.368 6.933 7.488 8.036 8.574 9.105 9.626 10.140 12.012 14.406 16.733 18.996 21.192 23.323 25.389 27.389 29.323 31.192 32.995 34.733 32.726 30.500 28.333 26.225 24.177 22.188 20.258 18.388 16.577 14.826 13.133 11.869 12.602 13.344 14.095 14.856 15.626 16.405 17.194
5.048 5.227 5.388 5.530 5.654 5.755 5.515 5.281 5.052 4.828 4.610 4.397 4.190 3.988 3.792 3.601 3.415 3.252 3.195 3.157 3.138 3.138 3.225 3.346 3.463 3.574 3.682 3.784 3.882 4.142 4.703 5.256 5.800 6.336 6.863 7.382 7.892 8.393 8.886 9.371 9.847 11.299 13.406 15.448 17.423 19.334 21.178 22.958 24.671 26.319 27.902 29.419 30.870 29.493 27.527 25.619 23.771 21.982 20.253 18.582 16.972 15.420 13.928 12.495 11.213 11.987 12.770 13.562 14.364 15.174 15.994 16.824
