DATA/SHG/ECMWF/20170628/EN-19/20170629.en-19.asc
ncols        190
nrows        64
xllcorner    -5100000.000000000000
yllcorner    4130000.000000000000
cellsize     10000.000000000000
NODATA_value  -99999.000
[rows 32 to 63 of 64, columns 0 to 72 of 190]
6.408 6.226 5.913 5.587 5.262 4.937 4.612 4.287 3.962 3.638 3.313 2.988 2.664 2.339 2.278 2.219 2.147 2.063 1.965 1.855 1.732 1.596 1.447 1.285 1.111 0.924 0.902 0.886 0.872 0.860 0.851 0.844 0.840 0.838 0.838 0.840 0.845 0.853 0.868 0.879 0.885 0.886 0.882 0.874 0.860 0.842 0.819 1.205 1.801 2.424 2.921 3.314 3.602 3.786 3.865 3.840 3.710 3.476 3.138 2.695 2.148 1.572 1.702 1.851 2.018 2.204 2.408 2.631 2.871 3.131 3.408 3.705 4.019
6.920 6.684 6.378 6.053 5.728 5.403 5.078 4.753 4.428 4.103 3.779 3.454 3.130 2.805 2.666 2.562 2.445 2.316 2.173 2.018 1.850 1.670 1.476 1.270 1.051 0.819 0.771 0.763 0.757 0.754 0.753 0.754 0.758 0.764 0.772 0.783 0.796 0.812 0.813 0.806 1.172 1.658 2.175 2.723 3.303 3.914 4.557 5.231 5.936 6.672 6.853 6.881 6.806 6.625 6.341 5.952 5.458 4.861 4.159 3.352 2.442 1.426 1.566 1.779 2.011 2.260 2.528 2.815 3.120 3.443 3.785 4.145 4.523
7.448 7.158 6.842 6.517 6.192 5.867 5.542 5.218 4.893 4.569 4.244 3.920 3.595 3.271 3.067 2.918 2.757 2.582 2.395 2.195 1.983 1.757 1.519 1.268 1.004 0.727 0.637 0.637 0.640 0.645 0.652 0.662 0.674 1.018 1.420 1.850 2.310 2.800 3.305 3.837 4.400 4.995 5.621 6.278 6.966 7.686 8.437 9.220 10.034 10.879 10.883 10.548 10.108 9.564 8.916 8.163 7.307 6.345 5.280 4.110 2.836 1.458 1.413 1.690 1.985 2.299 2.631 2.981 3.350 3.737 4.143 4.567 5.010
7.993 7.648 7.306 6.981 6.656 6.331 6.007 5.682 5.358 5.033 4.709 4.384 4.060 3.736 3.481 3.288 3.082 2.862 2.630 2.386 2.128 1.858 1.575 1.279 0.970 0.659 0.775 1.073 1.400 1.757 2.143 2.558 3.003 3.477 3.980 4.513 5.075 5.666 6.280 6.920 7.592 8.296 9.030 9.796 10.593 11.422 12.281 13.173 14.095 15.049 15.012 14.313 13.510 12.602 11.591 10.475 9.255 7.930 6.502 4.969 3.332 1.591 1.241 1.582 1.942 2.319 2.715 3.130 3.563 4.014 4.484 4.971 5.478
8.554 8.155 7.769 7.444 7.120 6.795 6.470 6.146 5.821 5.497 5.173 4.849 4.524 4.200 3.909 3.671 3.420 3.156 2.908 2.801 2.703 2.615 2.537 2.469 2.410 2.362 2.487 2.887 3.317 3.775 4.263 4.780 5.327 5.902 6.507 7.142 7.805 8.498 9.218 9.968 10.748 11.560 12.403 13.278 14.184 15.121 16.089 17.089 18.120 19.182 19.239 18.176 17.010 15.739 14.364 12.885 11.302 9.615 7.824 5.928 3.929 1.825 1.053 1.458 1.881 2.322 2.782 3.261 3.757 4.273 4.806 5.358 5.928
9.132 8.679 8.232 7.907 7.583 7.258 6.934 6.609 6.285 5.961 5.636 5.339 5.119 4.921 4.754 4.642 4.539 4.446 4.363 4.289 4.226 4.171 4.127 4.092 4.067 4.051 4.167 4.669 5.200 5.760 6.350 6.969 7.617 8.294 9.001 9.737 10.502 11.296 12.121 12.979 13.868 14.789 15.741 16.724 17.738 18.783 19.860 20.968 22.108 23.278 23.564 22.138 20.609 18.975 17.237 15.396 13.450 11.400 9.246 6.988 4.626 2.160 0.846 1.315 1.802 2.308 2.832 3.374 3.934 4.513 5.110 5.726 6.360
9.726 9.219 8.697 8.369 8.051 7.755 7.480 7.227 6.996 6.787 6.599 6.432 6.288 6.164 6.063 5.984 5.915 5.856 5.806 5.766 5.736 5.715 5.704 5.703 5.711 5.729 5.814 6.417 7.050 7.712 8.404 9.124 9.874 10.653 11.461 12.299 13.165 14.061 14.988 15.955 16.952 17.981 19.042 20.133 21.256 22.410 23.595 24.812 26.059 27.338 27.987 26.198 24.306 22.310 20.209 18.005 15.697 13.285 10.768 8.148 5.424 2.596 0.622 1.155 1.706 2.275 2.863 3.469 4.093 4.736 5.918 7.554 9.314
10.369 9.780 9.160 8.835 8.593 8.372 8.173 7.995 7.839 7.705 7.592 7.501 7.431 7.383 7.357 7.315 7.279 7.254 7.237 7.231 7.234 7.246 7.269 7.301 7.343 7.394 7.455 8.133 8.867 9.631 10.424 11.246 12.098 12.978 13.888 14.827 15.795 16.793 17.820 18.895 20.001 21.138 22.307 23.507 24.738 26.000 27.294 28.618 29.975 31.362 32.508 30.357 28.102 25.743 23.280 20.714 18.043 15.269 12.391 9.408 6.322 3.132 0.381 1.311 2.511 3.834 5.281 6.851 8.545 10.362 12.303 14.368 16.556
11.075 10.375 9.644 9.277 9.110 8.965 8.841 8.738 8.657 8.598 8.561 8.544 8.550 8.577 8.626 8.634 8.632 8.639 8.656 8.683 8.720 8.766 8.822 8.887 8.962 9.047 9.142 9.816 10.652 11.517 12.412 13.335 14.288 15.270 16.282 17.322 18.392 19.491 20.619 21.799 23.013 24.259 25.536 26.844 28.184 29.554 30.956 32.389 33.853 35.349 36.875 34.613 31.996 29.275 26.450 23.522 20.329 17.169 14.122 11.188 8.367 5.658 3.070 4.575 6.203 7.954 9.829 11.828 13.950 16.195 18.564 21.056 23.672
11.816 11.005 10.163 9.696 9.604 9.533 9.484 9.457 9.451 9.467 9.505 9.564 9.644 9.746 9.870 9.940 9.972 10.013 10.063 10.123 10.193 10.273 10.362 10.461 10.570 10.688 10.816 11.466 12.403 13.370 14.366 15.391 16.446 17.529 18.642 19.784 20.955 22.155 23.384 24.667 25.990 27.344 28.729 30.146 31.593 33.072 34.582 36.123 37.696 38.611 39.372 36.784 33.452 30.231 27.124 24.129 21.248 18.478 15.822 13.278 10.847 8.529 6.323 7.715 9.771 11.950 14.253 16.680 19.229 21.902 24.699 27.619 30.662
12.590 11.669 10.716 10.090 10.073 10.078 10.104 10.152 10.221 10.312 10.424 10.558 10.714 10.891 11.089 11.235 11.300 11.374 11.458 11.552 11.655 11.768 11.891 12.023 12.165 12.317 12.478 13.083 14.122 15.191 16.288 17.414 18.570 19.755 20.969 22.212 23.485 24.786 26.117 27.500 28.931 30.394 31.315 32.168 32.995 33.796 34.571 35.320 36.044 36.741 37.413 35.640 32.698 29.869 27.152 24.547 22.056 19.677 17.410 15.257 13.216 11.287 9.472 10.732 13.216 15.823 18.554 21.408 24.385 27.485 30.709 34.056 37.527
13.399 12.367 11.303 10.460 10.518 10.598 10.699 10.822 10.966 11.132 11.319 11.528 11.759 12.011 12.284 12.518 12.616 12.723 12.841 12.968 13.105 13.251 13.407 13.573 13.748 13.933 14.128 14.668 15.808 16.978 18.177 19.405 20.662 21.948 23.257 24.295 25.245 26.107 26.880 27.654 28.495 29.311 30.100 30.863 31.601 32.312 32.998 33.658 34.291 34.899 35.481 34.387 31.835 29.396 27.069 24.855 22.753 20.764 18.888 17.124 15.473 13.934 12.508 13.626 16.538 19.572 22.730 26.011 29.416 32.943 36.594 40.368 44.265
14.242 13.099 11.925 10.806 10.939 11.094 11.270 11.468 11.687 11.928 12.190 12.474 12.779 13.106 13.454 13.788 13.920 14.061 14.212 14.372 14.542 14.722 14.911 15.110 15.319 15.537 15.765 16.241 17.589 18.850 20.022 21.106 22.102 23.011 23.831 24.563 25.207 25.763 26.230 26.736 27.487 28.213 28.913 29.586 30.234 30.856 31.452 32.022 32.567 33.085 33.577 33.025 30.863 28.814 26.877 25.052 23.341 21.741 20.254 18.880 17.618 16.469 15.432 16.397 19.736 23.198 26.783 30.491 34.322 38.277 42.354 46.555 50.879
15.119 13.866 12.581 11.265 11.336 11.566 11.817 12.089 12.384 12.699 13.036 13.395 13.775 14.177 14.600 15.045 15.212 15.386 15.571 15.764 15.944 16.102 16.355 16.701 17.140 17.674 18.301 19.046 20.088 21.042 21.909 22.687 23.377 23.979 24.494 24.920 25.258 25.508 25.671 25.845 26.507 27.143 27.753 28.337 28.895 29.428 29.934 30.415 30.870 31.299 31.702 31.553 29.781 28.122 26.575 25.140 23.817 22.608 21.510 20.525 19.652 18.892 18.244 19.046 22.812 26.700 30.712 34.847 39.105 43.486 47.990 52.617 57.367
16.029 14.666 13.271 11.845 11.709 12.013 12.339 12.687 13.056 13.446 13.858 14.292 14.747 15.137 15.343 15.514 15.557 15.667 15.870 16.167 16.558 17.042 17.621 18.292 19.057 19.916 20.869 21.915 22.675 23.323 23.884 24.356 24.741 25.037 25.246 25.367 25.399 25.344 25.201 24.981 25.553 26.100 26.620 27.115 27.584 28.027 28.444 28.835 29.201 29.540 29.854 29.973 28.591 27.320 26.163 25.117 24.184 23.363 22.655 22.059 21.575 21.204 20.945 21.572 25.764 30.080 34.518 39.079 43.764 48.571 53.501 58.555 63.731
16.974 15.501 13.995 12.459 12.058 12.437 12.814 13.142 13.436 13.694 13.918 14.107 14.261 14.380 14.465 14.514 14.769 15.205 15.734 16.356 17.073 17.883 18.786 19.783 20.874 22.058 23.336 24.707 25.350 25.692 25.947 26.114 26.193 26.184 26.087 25.903 25.630 25.270 24.822 24.285 24.627 25.084 25.515 25.921 26.300 26.654 26.981 27.283 27.559 27.809 28.034 28.232 27.291 26.410 25.641 24.985 24.441 24.009 23.689 23.482 23.387 23.404 23.534 23.975 28.594 33.336 38.201 43.188 48.299 53.532 58.888 64.367 69.907
17.712 16.100 14.555 13.075 12.424 12.701 12.943 13.150 13.322 13.460 13.562 13.630 13.663 13.661 13.625 13.553 13.882 14.643 15.498 16.446 17.487 18.623 19.851 21.174 22.590 24.099 25.702 27.398 28.113 28.150 28.099 27.961 27.734 27.420 27.018 26.528 25.951 25.285 24.532 23.691 23.728 24.096 24.438 24.753 25.044 25.308 25.546 25.759 25.945 26.106 26.241 26.351 25.882 25.390 25.010 24.742 24.587 24.544 24.613 24.794 25.088 25.494 26.012 26.642 31.302 36.382 40.521 44.515 48.365 52.069 55.629 59.044 62.314
17.566 16.184 14.869 13.621 12.833 12.988 13.109 13.195 13.247 13.263 13.245 13.192 13.104 12.981 12.823 12.631 12.896 13.982 15.162 16.436 17.802 19.263 20.817 22.464 24.205 26.039 27.967 29.988 30.963 30.695 30.339 29.896 29.364 28.745 28.038 27.243 26.361 25.391 24.333 23.187 22.856 23.135 23.387 23.614 23.814 23.989 24.139 24.262 24.359 24.431 24.477 24.497 24.364 24.261 24.270 24.391 24.624 24.969 25.366 25.446 25.511 25.560 25.593 25.611 28.642 32.426 36.066 39.562 42.912 46.118 49.179 52.095 54.867
17.346 16.196 15.111 14.093 13.279 13.314 13.314 13.279 13.209 13.104 12.965 12.791 12.582 12.338 12.060 11.747 11.811 13.223 14.728 16.326 18.018 19.803 21.682 23.654 25.719 27.878 30.131 32.476 33.902 33.329 32.668 31.919 31.083 30.159 29.147 28.048 26.861 25.586 24.223 22.773 22.012 22.201 22.364 22.501 22.613 22.699 22.758 22.793 22.801 22.783 22.740 22.673 22.709 22.829 22.934 23.023 23.097 23.154 23.197 23.223 23.235 23.230 23.210 23.174 25.328 28.613 31.754 34.751 37.603 40.310 42.873 45.291 47.564
17.054 16.134 15.280 14.492 13.771 13.677 13.555 13.400 13.209 12.984 12.723 12.428 12.099 11.734 11.335 10.901 10.627 12.364 14.194 16.117 18.134 20.244 22.447 24.744 27.134 29.617 32.194 34.864 36.928 36.050 35.085 34.031 32.890 31.661 30.345 28.941 27.449 25.870 24.203 22.449 21.194 21.294 21.368 21.416 21.447 21.469 21.461 21.423 21.353 21.253 21.122 20.961 20.880 20.946 20.997 21.033 21.053 21.057 21.046 21.019 20.976 20.918 20.844 20.755 22.155 24.943 27.585 30.083 32.437 34.646 36.710 38.630 40.406
16.690 16.000 15.376 14.819 14.328 14.077 13.835 13.558 13.247 12.900 12.520 12.104 11.653 11.168 10.648 10.094 9.504 11.407 13.561 15.809 18.150 20.585 23.112 25.734 28.448 31.255 34.156 37.151 40.043 38.860 37.589 36.231 34.786 33.253 31.632 29.924 28.128 26.191 24.160 22.175 20.537 20.576 20.585 20.563 20.510 20.426 20.312 20.167 19.992 19.785 19.548 19.281 19.068 19.081 19.078 19.060 19.026 18.977 18.912 18.832 18.735 18.624 18.496 18.353 19.125 21.414 23.558 25.558 27.414 29.125 30.692 32.114 33.392
16.253 15.793 15.400 15.072 14.811 14.515 14.152 13.754 13.322 12.855 12.354 11.817 11.246 10.640 10.000 9.324 8.615 10.351 12.830 15.402 18.067 20.826 23.678 26.623 29.662 32.793 36.018 39.336 42.748 41.757 39.914 37.721 35.573 33.471 31.415 29.405 27.441 25.522 23.650 21.823 20.057 19.990 19.892 19.764 19.605 19.416 19.195 18.944 18.662 18.350 18.007 17.633 17.274 17.233 17.177 17.105 17.018 16.915 16.796 16.662 16.512 16.347 16.166 15.970 16.236 18.027 19.674 21.176 22.534 23.748 24.817 25.741 26.522
15.744 15.514 15.351 15.253 15.222 14.990 14.506 13.988 13.435 12.848 12.225 11.568 10.877 10.150 9.389 8.594 7.763 9.196 11.999 14.896 17.885 20.968 24.144 27.237 30.137 32.975 35.751 38.465 41.118 40.171 38.091 36.056 34.066 32.123 30.226 28.374 26.568 24.808 23.094 21.425 19.803 19.436 19.232 18.998 18.732 18.437 18.110 17.753 17.365 16.947 16.497 16.018 15.507 15.403 15.293 15.168 15.027 14.871 14.698 14.511 14.307 14.088 13.854 13.604 13.489 14.783 15.932 16.936 17.797 18.513 19.085 19.513 19.796
15.163 15.163 15.229 15.361 15.560 15.503 14.898 14.260 13.586 12.878 12.135 11.358 10.545 9.698 8.817 7.901 7.042 8.152 11.209 14.205 17.139 20.010 22.821 25.569 28.255 30.880 33.443 35.944 38.383 38.144 36.222 34.346 32.515 30.730 28.991 27.297 25.650 24.048 22.492 20.982 19.517 18.913 18.603 18.263 17.892 17.490 17.057 16.594 16.100 15.576 15.020 14.435 13.818 13.591 13.427 13.248 13.054 12.844 12.618 12.377 12.120 11.848 11.560 11.256 10.937 11.680 12.331 12.839 13.202 13.421 13.496 13.427 13.214
14.510 14.739 15.035 15.397 15.825 16.053 15.328 14.569 13.774 12.925 12.075 11.242 10.426 9.628 8.848 8.085 7.339 7.829 10.673 13.456 16.176 18.835 21.432 23.967 26.440 28.852 31.202 33.490 35.716 36.073 34.309 32.591 30.918 29.292 27.711 26.176 24.686 23.243 21.845 20.493 19.186 18.423 18.007 17.560 17.083 16.575 16.036 15.467 14.867 14.237 13.576 12.884 12.162 11.796 11.579 11.346 11.098 10.834 10.555 10.261 9.950 9.624 9.283 8.926 8.553 8.718 8.873 8.884 8.750 8.473 8.051 7.485 6.775
13.784 14.243 14.753 15.251 15.734 16.116 15.257 14.414 13.590 12.782 11.992 11.219 10.464 9.726 9.005 8.302 7.617 7.572 10.203 12.772 15.279 17.725 20.109 22.431 24.691 26.890 29.027 31.102 33.115 33.957 32.351 30.791 29.277 27.809 26.386 25.009 23.677 22.392 21.152 19.958 18.809 17.963 17.441 16.889 16.306 15.692 15.047 14.372 13.667 12.930 12.163 11.366 10.537 10.018 9.747 9.461 9.160 8.843 8.510 8.162 7.798 7.419 7.024 6.614 6.188 5.898 5.556 5.070 4.440 4.139 3.981 3.827 3.675
13.383 13.858 14.318 14.763 15.192 15.605 14.915 14.133 13.368 12.621 11.891 11.178 10.483 9.805 9.145 8.501 7.876 7.380 9.798 12.154 14.448 16.681 18.852 20.961 23.008 24.994 26.918 28.780 30.581 31.796 30.349 28.947 27.591 26.280 25.016 23.797 22.623 21.496 20.414 19.378 18.387 17.536 16.908 16.249 15.560 14.841 14.090 13.309 12.498 11.656 10.783 9.880 8.946 8.258 7.934 7.594 7.239 6.869 6.483 6.081 5.664 5.231 5.040 4.874 4.660 4.458 4.299 4.142 3.989 3.839 3.692 3.548 3.407
13.073 13.495 13.901 14.292 14.668 15.027 14.555 13.833 13.129 12.441 11.771 11.119 10.483 9.866 9.265 8.682 8.116 7.568 9.458 11.601 13.683 15.702 17.660 19.557 21.391 23.165 24.876 26.526 28.114 29.591 28.302 27.058 25.860 24.708 23.601 22.540 21.524 20.554 19.630 18.752 17.919 17.140 16.406 15.642 14.847 14.021 13.165 12.278 11.361 10.413 9.435 8.426 7.386 6.515 6.137 6.113 6.119 6.077 5.986 5.847 5.659 5.423 5.138 4.804 4.422 4.112 3.963 3.818 3.675 3.536 3.399 3.266 3.136
12.781 13.149 13.502 13.839 14.161 14.467 14.177 13.515 12.871 12.243 11.633 11.041 10.465 9.908 9.367 8.844 8.338 7.849 9.184 11.114 12.983 14.790 16.535 18.219 19.841 21.401 22.900 24.337 25.713 27.027 26.210 25.124 24.084 23.090 22.141 21.237 20.380 19.568 18.802 18.081 17.406 16.776 15.936 15.066 14.165 13.234 12.272 11.280 10.653 10.063 9.456 8.829 8.184 7.608 7.543 7.430 7.269 7.059 6.801 6.494 6.138 5.734 5.282 4.781 4.232 3.764 3.626 3.491 3.359 3.230 3.104 2.982 2.862
12.507 12.821 13.120 13.403 13.671 13.924 13.781 13.179 12.594 12.027 11.477 10.944 10.429 9.931 9.450 8.987 8.541 8.113 8.975 10.692 12.348 13.943 15.475 16.947 18.356 19.704 20.991 22.215 23.379 24.480 24.074 23.146 22.264 21.427 20.636 19.890 19.190 18.536 17.927 17.364 16.847 16.757 16.299 15.756 15.196 14.616 14.018 13.401 12.765 12.111 11.438 10.746 10.036 9.307 9.075 8.794 8.465 8.088 7.662 7.187 6.664 6.093 5.473 4.805 4.088 3.412 3.285 3.161 3.040 2.922 2.807 2.695 2.586
12.249 12.510 12.755 12.985 13.199 13.398 13.366 12.824 12.300 11.792 11.302 10.829 10.374 9.936 9.515 9.112 8.726 8.357 8.831 10.336 11.779 13.161 14.481 15.740 16.937 18.073 19.147 20.160 21.111 22.000 21.893 21.123 20.398 19.719 19.598 19.503 19.422 19.357 19.306 19.270 19.248 19.241 18.818 18.211 17.585 16.940 16.277 15.595 14.894 14.175 13.437 12.681 11.905 11.111 10.652 10.204 9.707 9.162 8.569 7.927 7.237 6.498 5.711 4.875 3.991 3.059 2.942 2.829 2.718 2.611 2.507 2.406 2.308
12.009 12.216 12.408 12.584 12.745 12.890 12.934 12.451 11.987 11.539 11.109 10.696 10.301 9.922 9.561 9.218 8.892 8.583 8.752 10.045 11.276 12.445 13.553 14.600 15.585 16.508 17.388 18.711 20.028 21.340 22.037 21.933 21.844 21.770 21.711 21.666 21.637 21.621 21.621 21.635 21.664 21.708 21.353 20.681 19.990 19.281 18.552 17.805 17.040 16.256 15.453 14.631 13.791 12.932 12.275 11.659 10.995 10.283 9.522 8.713 7.856 6.950 5.995 4.992 3.941 2.842 2.597 2.494 2.394 2.298 2.204 2.114 2.026
