DATA/RAW-RASTER/ECMWF/20170628/EN-3/20170630.en-3.asc
ncols			31
nrows			16
xllcorner		69.5
yllcorner		19.5
cellsize		1.0
NODATA_value	-99999
0.20981 2.01607 5.68199 3.25394 2.64740 5.99670 7.56836 0.60081 2.86102 4.07410 3.36075 6.78825 7.84302 13.39912 14.97459 11.21902 12.88795 13.92937 11.78932 9.72939 3.59154 6.40106 8.52013 1.26457 2.99644 0.32616 0.11444 0.09918 0.12589 0.10109 0.10490
0.05531 0.29373 2.48718 1.79672 2.53487 0.88310 2.28119 4.78935 3.16429 4.41742 4.75693 7.01141 10.57243 8.12149 5.63622 3.37982 5.84793 2.93922 7.64084 9.77135 13.29994 3.60870 1.13678 6.25992 4.40025 3.07274 0.07248 0.13542 0.33951 0.12970 0.45586
1.15585 0.95940 0.02670 1.22643 2.21062 1.33514 4.94576 25.22278 13.83018 10.46944 6.22177 4.65012 6.01768 5.44739 4.12560 1.30463 0.39673 0.14114 1.01662 1.65367 4.58336 4.56619 3.45039 1.36566 2.28500 6.42395 3.37982 0.97466 0.89264 0.70763 0.44250
0.73242 0.72289 0.00763 0.06866 0.00954 0.02289 120.22972 20.52116 46.68427 20.44678 11.09123 2.09618 0.70000 0.81635 1.02043 0.49973 0.45586 0.03624 0.11444 0.69427 5.91850 2.88010 5.16701 4.51279 2.27356 0.53024 3.50952 2.74467 5.40543 8.56209 0.81825
1.55640 0.50545 0.00000 0.03052 0.41580 6.51169 12.66479 153.94592 108.60825 34.99985 4.59099 2.51579 2.57111 0.25558 0.41962 0.20981 0.01335 0.08583 0.09537 0.72670 2.91634 6.17981 8.12531 16.80565 5.60188 4.79507 3.25966 4.81415 10.55145 4.93622 4.21524
0.95749 0.25749 0.18883 0.36430 1.17302 5.14030 19.18983 36.80611 70.45364 60.55069 11.43074 8.49724 2.97165 0.00000 0.00000 0.49019 0.38719 0.65804 2.80571 3.85094 4.18282 11.74736 15.00130 20.32661 13.15498 21.74377 11.60622 2.21062 7.35474 8.11768 5.18799
0.05341 0.17357 0.42152 0.52261 1.55640 9.18770 18.31436 40.10201 46.38100 12.11739 14.28986 16.39748 5.74875 1.85013 0.44060 0.29373 0.53024 0.35477 1.94931 5.48172 3.30734 15.05661 10.48279 12.89558 23.39935 57.77168 62.46948 14.60266 7.44057 6.72722 9.67407
0.44441 0.66376 1.11580 1.55067 1.49345 10.00023 24.80888 26.89934 11.58333 19.69910 16.28113 16.58058 2.35748 5.95093 13.00049 10.12039 8.88062 1.73569 1.85394 8.25119 10.22530 21.76476 11.53755 49.33548 35.60257 77.66342 64.78310 17.78984 25.84839 15.19966 9.81522
0.56267 0.47493 1.75667 5.85556 7.22313 16.57486 14.61220 6.63567 2.14195 5.63622 14.83536 8.68034 3.19672 6.11115 4.84848 1.95312 1.41335 11.52229 59.87740 119.74525 130.64575 99.30801 101.06087 37.79030 30.95245 25.80833 23.15140 118.49403 146.15822 60.28748 18.50510
1.03569 9.84001 14.92310 7.22694 1.22261 3.68500 4.02069 2.75803 3.57056 1.57166 8.27026 46.07010 48.81287 26.44157 5.51796 1.86729 3.26157 3.62778 18.42880 18.40973 17.14516 17.33780 30.37071 12.18224 19.70863 14.95552 22.56393 28.79333 33.88214 12.63046 17.04407
13.55171 1.89400 4.57191 5.66673 1.93214 1.79672 3.11470 6.26373 8.01086 7.13921 11.51848 31.38542 22.81761 22.80998 14.87732 4.91333 5.89943 4.03595 9.82094 22.80045 13.88168 25.71297 52.86407 12.52174 14.35661 4.57573 3.18527 20.12062 24.32251 8.05664 7.56836
10.32639 2.33459 3.66783 9.14764 5.79834 2.25258 2.20108 5.88417 8.25691 12.65335 22.97592 197.75200 45.12024 18.76831 3.71742 3.37029 4.06837 7.41386 3.88908 11.67297 16.76559 8.66890 3.76892 2.48337 8.27026 1.62506 1.79482 30.66063 3.04222 10.27298 4.08554
66.98036 36.19194 10.55336 11.78551 8.19397 1.83868 4.09889 1.82724 4.33731 11.44981 19.96994 124.85886 47.75620 20.66994 5.52940 3.12805 1.45531 8.02040 6.97327 12.16316 14.73999 21.33751 2.59209 2.15530 14.17732 0.67711 0.19455 1.32179 3.49045 2.93350 1.23024
34.79004 15.47432 2.25067 5.76973 2.61307 0.43678 1.04332 0.66185 1.33324 5.70869 16.80565 28.15437 3.39699 0.94414 1.13297 10.18524 2.58064 1.72615 3.80516 6.86455 2.86865 30.12848 5.02396 7.77817 7.95174 0.42343 0.24033 0.36430 14.04190 4.67682 3.25584
27.21024 7.67326 9.53484 11.66153 4.20570 1.17493 0.13542 0.51308 3.15475 1.11580 10.25963 7.16019 5.21278 3.75366 1.07765 0.32806 1.00517 0.80490 2.98882 16.74271 26.12686 18.03970 27.95410 11.33537 2.04849 1.25885 1.53160 0.66185 3.87573 14.88876 6.36101
8.60214 5.76973 9.65118 23.18001 2.88582 3.21007 4.61197 4.40407 4.23431 8.62503 13.42773 14.40811 8.36563 4.22478 2.01225 1.12534 0.32425 1.99318 5.40161 9.98497 9.64355 17.37976 27.68898 26.66092 12.48550 4.78363 13.51547 2.77138 2.14577 10.74409 23.74077
