DATA/RAW-RASTER/ECMWF/20170628/EN-3/20170708.en-3.asc
ncols			31
nrows			16
xllcorner		69.5
yllcorner		19.5
cellsize		1.0
NODATA_value	-99999
1.73950 4.39453 5.99670 4.37164 1.64032 1.62506 0.41199 0.38147 0.36621 3.37982 3.86047 0.38910 1.04523 0.02289 0.00000 0.00000 0.00000 0.00000 0.00000 0.00000 0.00000 0.00000 0.01526 0.00763 0.00000 0.13733 0.42725 0.13733 0.07629 0.20599 0.03052
0.09155 0.64087 1.78528 14.07623 10.38361 3.60870 0.38147 1.37329 5.23376 1.64795 1.41907 0.19836 0.24414 0.05341 0.07629 0.00000 0.00000 0.00000 0.00000 0.00000 0.00000 0.35095 0.48828 0.93842 1.33514 1.85394 1.30463 0.63324 0.51117 0.16785 0.40436
1.05286 3.17383 11.88660 7.16400 8.35419 4.89807 3.76892 0.06104 3.80707 0.47302 3.37219 0.18311 0.00000 0.00000 0.01526 0.02289 0.10681 0.00000 0.00000 0.00000 0.00000 0.00000 0.07629 0.99182 2.12097 5.29480 5.31769 4.24957 4.24194 2.52533 2.02942
2.54059 0.13733 8.94928 12.92419 6.34003 7.37000 8.93402 6.59180 1.19781 6.25610 21.76666 1.64032 0.26703 0.83923 0.52643 0.56458 0.57220 0.99182 0.29755 0.95367 0.25177 0.35095 0.27466 0.99182 2.27356 3.84521 5.56183 2.56348 6.73676 6.38580 6.04248
1.22070 0.00000 0.07629 6.59943 0.97656 3.34930 2.76184 7.41577 17.02881 9.86481 4.31824 2.76947 4.23431 1.45721 4.51660 3.82233 5.53131 3.01361 1.83105 2.92969 2.18964 1.89209 5.02014 1.40381 6.52313 10.91003 11.97052 17.66205 21.20972 15.76233 5.51605
6.55365 0.01526 0.07629 0.22125 0.04578 0.16785 0.99945 0.97656 0.62561 13.29803 3.52478 2.86865 1.71661 0.82397 4.11987 4.53949 16.18195 7.76672 6.81305 7.33185 2.15912 2.95258 2.09045 8.01849 6.15692 14.73236 12.53510 13.34381 31.38733 27.38953 19.58466
0.19836 0.00000 0.00763 0.00000 0.74768 0.13733 0.51117 0.99182 4.28009 2.84576 2.75421 3.86047 8.39996 1.82343 0.77820 13.22937 10.88715 19.98901 16.09802 4.89044 12.02393 5.91278 10.11658 9.67407 16.54053 15.62500 31.10504 13.91602 16.75415 23.93341 20.13397
0.00000 0.00000 0.00000 0.00000 1.52588 1.45721 0.40436 5.20325 7.83539 3.75366 1.73950 2.58636 0.79346 2.46429 4.77600 10.07080 17.77649 11.91711 15.72418 14.26697 6.84357 13.32855 13.83972 22.16339 23.00262 29.30450 22.03369 18.41736 29.72412 14.39667 14.16779
0.00000 0.00000 0.22125 0.20599 0.94604 1.89209 2.05994 2.96783 10.61249 8.02612 1.69373 1.86920 1.91498 1.15967 1.93787 5.63049 5.10406 10.00214 13.06152 38.12408 13.74817 17.75360 24.45984 26.35956 25.68817 26.79443 15.18250 11.37543 45.30334 16.03699 7.05719
0.00000 0.00763 0.00000 0.00763 2.37274 11.50513 9.91821 30.65491 17.77649 10.39124 1.92261 1.45721 2.33459 1.77002 1.16730 1.60980 7.18689 33.69141 14.83917 13.66425 9.42230 5.85175 34.98840 3.63922 5.96619 33.25653 20.06531 14.38141 17.26532 5.76019 16.99829
0.00000 0.09918 0.94604 0.39673 3.21960 14.36615 8.35419 46.25702 184.54742 10.73456 6.91986 4.31061 1.10626 1.16730 0.64850 1.44196 4.16565 9.28497 16.02173 15.38849 10.51331 18.64624 18.08167 4.66156 22.14050 23.76556 23.80371 26.10016 12.39014 6.31714 19.43970
0.21362 0.18311 1.22070 1.24359 5.18036 20.63751 1.83105 1.71661 8.68988 25.54321 29.89960 20.78247 10.19287 1.59454 0.19836 0.69427 0.70953 5.73730 13.64136 13.68713 3.53241 4.13513 2.59399 11.49750 11.26099 9.72748 4.79889 7.27081 48.53821 14.26697 9.94110
0.60272 2.27356 7.40051 155.60913 7.57599 8.09479 0.41199 0.57983 2.13623 2.37274 1.82343 4.09698 0.45776 0.46539 0.37384 0.43488 0.07629 1.15967 11.33728 12.87842 9.26971 3.89862 5.88226 13.88550 11.00922 2.65503 2.22015 16.90674 8.38470 15.61737 9.18579
2.21252 3.92914 29.40369 55.81665 10.76508 0.46539 1.31226 1.22070 2.12097 1.41907 3.22723 1.14441 0.57983 0.57983 0.46539 0.30518 0.41199 6.76727 6.06537 10.60486 4.82178 7.66754 7.71332 44.15131 2.10571 0.56458 2.70844 11.19995 13.83972 12.82501 3.83759
2.78473 4.21143 1.19019 5.30243 2.77710 4.63867 2.15912 3.46375 0.51880 0.59509 0.70190 2.00653 0.89264 0.13733 0.24414 0.16022 0.19073 0.62561 0.12207 21.20209 9.23920 7.00378 8.54492 24.59717 9.39941 6.36292 38.47504 5.61523 1.25885 3.19672 27.98462
2.45667 6.69098 7.63702 21.91925 3.29590 7.40051 3.65448 1.14441 0.93842 1.14441 11.41357 2.15912 0.09918 0.35858 0.21362 0.00000 0.25177 0.46539 8.55255 5.56946 15.60974 15.05280 10.54382 14.48822 27.57263 4.26483 49.14093 13.32092 11.46698 3.91388 1.92261
