DATA/RAW-RASTER/ECMWF/20170628/EN-3/20170628.en-3.asc
ncols			31
nrows			16
xllcorner		69.5
yllcorner		19.5
cellsize		1.0
NODATA_value	-99999
7.25555 20.16449 28.32413 14.67705 12.32529 2.60353 7.86591 11.42693 3.31116 0.11444 1.07574 3.06320 6.78825 5.92422 3.14713 3.34167 8.84628 3.19672 2.38991 2.06947 0.53596 1.46675 2.11906 2.49481 1.30081 1.40953 0.87357 3.43704 1.47057 1.21117 3.87573
7.04765 4.52614 45.38155 11.21521 4.70543 9.59969 5.33295 1.45531 2.07329 0.38528 2.43950 5.68771 3.75557 13.48114 7.27844 8.08144 11.54137 22.04514 10.51521 1.16730 0.64468 1.33705 2.42996 4.50325 1.52397 1.25885 1.16539 3.83949 0.99182 1.04904 2.46429
8.24547 43.33496 23.67401 23.83232 8.02612 2.96593 14.32419 5.08499 3.36456 1.89781 0.40817 0.86021 1.60789 3.58391 2.94304 11.25336 6.69289 5.18990 12.62474 11.02448 4.34685 8.07571 3.37791 4.88853 3.61252 0.82397 2.08092 3.07846 1.69563 1.39427 2.23923
18.72444 45.75729 19.74487 46.76056 6.07491 22.14241 3.31116 21.18683 2.56729 0.28610 0.06104 2.28500 0.57602 4.33350 3.53622 6.72340 5.82123 7.69043 7.83157 9.20105 13.60512 7.35474 11.66153 6.21033 2.55966 0.00000 3.53813 6.66809 0.70381 4.98772 6.64520
12.18033 42.36412 40.28702 24.60480 7.86972 25.30861 47.60742 2.98691 10.33401 3.58772 0.31090 0.31471 1.27983 1.10817 2.47574 4.83322 2.90298 1.46103 9.90295 7.65800 4.08745 13.86070 17.09557 6.56700 8.91495 4.39835 5.49889 0.98610 4.44603 4.36401 10.83374
19.85741 44.04831 41.38565 12.57324 36.45515 25.15411 34.81674 14.80293 1.88446 15.79857 5.65147 0.36621 3.44467 1.03378 2.69890 2.17247 8.23784 6.25801 10.16998 12.66670 12.67815 15.18440 17.00211 15.08713 7.64465 16.20674 4.45747 1.28937 14.99176 5.63622 7.70378
22.32933 38.52844 26.22032 25.91133 11.48224 14.57787 19.15550 34.96742 22.20154 18.68439 11.43456 14.32610 28.39661 5.58472 2.96593 1.57356 1.23405 4.55475 3.94630 7.68852 9.85909 15.93590 15.48004 6.57845 19.93752 58.63380 15.03372 3.71361 0.49973 6.93512 3.91197
25.74539 126.01662 10.51712 24.89853 11.54327 5.52750 26.72958 26.06010 28.69225 6.46019 3.67928 2.21443 2.71988 13.13210 19.66095 25.86937 7.95174 1.17493 16.25061 7.78961 13.30185 13.99994 7.47681 74.26071 32.87888 54.55208 35.71510 18.07976 114.51912 33.73528 7.45964
31.63338 6.84166 20.21408 7.27272 3.60489 16.26778 24.06311 90.98625 22.76039 23.85712 10.67924 16.44325 10.27107 3.46375 2.44522 4.30489 9.53674 12.64000 36.43799 158.53500 47.22977 43.55621 58.74062 46.35239 35.49194 22.52388 35.40993 97.16606 93.85490 14.26888 6.27327
11.30295 4.54330 5.12695 3.70979 10.76317 18.33344 5.15556 28.12958 33.72002 20.47539 22.47429 10.20622 2.16484 1.94168 1.77193 0.57030 1.15395 1.65558 3.71170 11.35063 28.84483 26.05247 41.70609 14.50157 12.67242 27.14348 23.25630 26.05247 34.63364 11.85989 5.20325
5.22995 15.07759 5.24521 1.45340 11.02829 3.46565 6.15883 8.21114 14.26697 20.57266 45.18318 21.61598 9.83810 11.82938 1.52016 6.77872 1.28365 5.27382 5.93567 5.29861 7.14302 12.54082 27.29034 65.14549 11.54518 11.56044 15.22827 21.85440 32.70149 9.32884 3.12805
11.77979 5.09644 4.04549 5.04303 5.01251 1.63841 0.92506 3.23677 3.71742 17.57240 14.33372 34.46388 28.19061 33.02193 6.20270 3.54767 8.38280 8.98552 4.63295 3.66211 1.33896 1.62315 6.67763 19.06776 11.72829 22.68791 7.33566 14.17160 13.04245 24.87564 26.77727
6.05011 4.38118 2.37274 5.72205 5.66292 0.64087 2.61688 0.49400 0.79918 6.52122 25.91705 31.70013 23.66829 21.88301 9.04274 9.48143 19.83833 11.67297 6.21605 2.22206 1.24931 2.64931 1.92451 10.33974 14.34517 14.61220 15.23209 9.27162 11.87134 22.76993 14.15253
14.02664 13.22937 2.52342 4.93240 2.19727 1.00517 0.00000 0.17357 1.60599 3.78227 14.97459 22.71271 32.80830 19.28520 7.47871 46.93222 8.64029 8.42857 7.41005 3.45230 3.00598 3.71742 10.44464 10.06699 19.32716 2.09045 7.12204 10.73837 9.55582 7.51495 6.94084
20.41817 14.55879 2.88200 6.12068 0.45586 0.54169 0.00000 1.51062 1.67656 6.82068 17.77077 20.15686 28.40996 42.77039 42.81616 11.15417 14.37950 16.60347 10.98633 6.23894 5.75066 5.76782 12.74300 8.74710 10.02884 4.01306 0.74959 3.68690 1.80244 15.15198 11.52420
32.72629 29.02222 10.93102 10.68306 0.87547 2.65694 0.98801 2.88010 1.65176 5.36919 28.44238 65.71960 61.86295 93.48869 19.13452 26.72195 13.08250 9.55582 49.59869 20.08438 9.03893 7.12585 15.27023 22.38464 29.12521 1.99318 3.76892 2.46239 1.12343 3.50761 12.78305
