DATA/RAW-RASTER/ECMWF/20170628/EN-3/20170706.en-3.asc
ncols			31
nrows			16
xllcorner		69.5
yllcorner		19.5
cellsize		1.0
NODATA_value	-99999
0.00000 0.04578 0.43869 0.61417 0.12207 0.20218 0.00763 0.00000 1.51443 3.20816 1.64032 1.30844 1.27029 0.50735 0.27084 0.39673 1.47629 0.59509 1.42670 1.36948 5.43976 2.72369 0.71716 1.09482 1.39236 1.83868 4.77982 10.43701 8.99887 11.20758 19.88983
0.48447 0.00000 0.73624 2.11716 5.51224 0.68283 0.24033 2.85339 0.37384 0.38528 1.54495 1.03378 0.45013 1.08337 1.84631 1.74713 1.94550 2.38419 2.75421 2.94876 2.25067 6.72531 0.95749 1.00327 0.27084 1.97220 3.04794 7.76672 10.95200 8.68225 8.47244
0.04196 0.50354 0.12589 1.33514 2.91824 14.74380 5.14603 0.01526 0.03433 0.00000 0.11826 0.35095 0.08011 0.70190 0.83923 2.69318 3.35312 1.47629 0.44632 2.62451 2.50626 1.68610 0.30136 1.53351 0.66376 0.77820 3.08609 5.56183 5.85556 5.78690 12.56561
0.00763 0.01144 0.11826 1.06812 3.71170 6.98471 1.52969 2.81906 0.04578 0.00000 0.18692 0.49591 0.27466 1.35422 6.62231 0.97275 8.91113 13.58032 2.79999 4.77982 4.50897 3.79181 1.02997 1.29700 2.65884 2.87628 7.83157 4.67300 2.72751 7.44247 20.20645
0.60272 0.00000 0.01526 0.04578 0.27084 3.93295 2.26212 0.74768 3.56293 1.17493 0.04578 1.38474 2.22397 4.44794 2.97928 1.51062 4.97437 4.86755 8.49915 14.32800 24.19281 13.76724 9.35745 4.16183 4.76456 9.77325 6.02722 6.88171 10.29587 12.56561 11.02829
0.00000 0.00000 0.00000 0.00000 0.00000 0.65613 3.49426 3.76892 3.85284 7.82776 37.48703 10.94055 2.00653 1.55640 4.33350 8.39233 13.81683 13.59940 19.58466 9.05228 19.83261 4.80270 14.98413 16.97159 10.02121 9.83810 5.50079 3.67737 5.63049 12.41684 9.57108
0.00000 0.00000 0.00000 0.00000 0.00000 0.45776 2.32697 3.32260 3.97491 5.40924 20.71381 25.43640 47.06955 9.13239 5.51605 8.93402 8.17871 13.99994 17.39502 5.54657 7.70950 11.45554 19.36722 3.44467 11.68442 32.87506 7.68661 7.61414 2.34604 2.78473 6.10352
0.00000 0.00000 0.00000 0.00000 0.00763 0.54550 2.81525 1.01852 3.62396 4.58527 4.75693 21.85440 8.37326 12.06970 21.87729 28.99551 14.81628 14.26315 6.04248 9.03702 9.44138 5.97382 1.04141 16.50620 11.57379 3.97873 8.57925 8.49152 23.31543 2.15912 5.35202
0.00000 0.00000 0.00000 0.00763 0.07248 0.62943 3.15094 0.64468 5.62668 5.61523 4.94385 8.44574 16.96777 62.14523 8.53729 5.79071 14.82010 43.84232 18.71490 4.70352 3.54767 22.73941 15.53345 12.99286 21.08383 8.32748 4.52042 21.71707 27.85873 1.73569 2.34604
0.26321 0.17166 0.22507 0.26321 0.21744 0.07248 3.63922 5.86319 8.16727 13.39722 13.02338 11.83319 15.73944 18.71109 21.48819 9.22012 9.73892 23.87238 8.94165 3.44467 24.73831 10.63538 39.42871 10.08224 39.71863 3.70407 8.79288 17.00974 9.12094 5.82123 1.81198
0.56839 1.41525 0.86975 0.93079 0.13351 0.58365 11.32584 10.12421 32.13501 22.59064 27.95029 9.82285 27.18735 13.05008 5.01633 11.43265 22.63260 7.19070 10.70023 13.64136 22.83096 9.81140 22.46475 17.58194 9.83810 10.74600 10.72311 14.23264 6.61087 1.10245 1.44958
0.68665 0.98038 1.36566 2.07901 0.19073 0.14114 9.30405 31.28433 50.63629 50.06409 31.73828 21.32034 27.27890 5.88989 10.34164 16.73126 15.77759 13.01193 8.12531 8.66699 4.98962 5.08881 5.29480 7.32422 22.57538 10.41412 8.70895 14.71329 19.55795 1.33133 2.30026
1.23596 2.09427 0.69809 1.29700 1.92642 1.72806 9.52911 26.71051 63.52615 23.12469 19.54651 35.68268 12.45499 15.47241 15.27405 8.43811 2.19345 12.49695 4.16946 17.26151 12.53891 7.82394 2.13623 7.16019 24.27292 0.71716 1.72424 2.21252 9.92584 15.05661 7.69806
2.03323 2.11334 1.46103 2.59399 3.99780 1.32370 8.81958 27.35901 40.59219 63.27820 35.44998 11.65771 3.10516 4.45175 12.40540 15.10239 2.79999 15.97214 7.36618 9.64737 2.71606 13.72528 5.25284 9.26971 6.31714 1.18637 0.78201 0.62943 3.28445 20.56885 1.11008
3.18146 0.64468 1.68228 3.00598 2.58636 10.47134 4.98962 13.31329 25.94757 12.21848 6.67953 4.89807 4.23431 4.60815 2.86484 8.01468 2.59399 3.37601 3.96347 5.61142 9.13620 9.18579 14.48059 15.70129 1.01471 3.30353 3.38364 0.41580 6.85120 1.35422 6.65283
3.12042 3.20435 3.65829 9.19342 1.68610 17.02881 11.52420 17.66968 10.11276 6.01959 8.04520 7.01523 6.90460 3.39127 2.29263 5.45883 2.45667 6.03485 8.19397 8.27026 9.98688 13.48114 17.01736 21.48438 10.53619 0.56458 6.03867 1.07193 0.23651 1.32751 10.21576
