DATA/RAW-RASTER/ECMWF/20170628/EN-3/20170702.en-3.asc
ncols			31
nrows			16
xllcorner		69.5
yllcorner		19.5
cellsize		1.0
NODATA_value	-99999
0.01907 1.48010 3.06702 1.65558 2.55203 0.03052 0.96893 0.02289 0.08392 0.00763 0.01526 0.02289 0.32425 0.06104 0.16403 0.25558 0.34332 0.21362 0.11063 0.35095 0.12589 0.42725 1.09863 0.94604 0.22125 0.55695 0.24414 0.19455 0.33569 0.88882 2.80762
0.43106 2.36130 6.66428 1.74332 6.37436 0.76675 0.01526 0.01526 0.02289 0.00000 0.00000 0.01144 0.46158 1.14059 0.21362 0.12589 0.35095 0.08774 0.33951 0.53406 0.39673 1.35040 1.76620 0.70572 0.77057 1.67084 1.16730 1.13678 0.93079 0.73624 3.84903
10.41794 18.79883 1.65939 1.78528 0.73242 1.15967 0.57602 0.00763 0.03815 0.05341 0.00000 0.00000 0.82397 0.75912 1.59836 0.98038 1.10626 0.61417 1.00327 1.88446 1.17111 1.94931 3.90625 3.87955 3.79562 1.54877 1.05667 1.16348 1.65176 0.16785 1.19781
4.74167 6.24847 2.55203 1.01852 0.79346 0.80109 4.49371 1.55258 0.12207 0.01526 1.44196 0.49973 0.96130 1.81580 3.55530 4.03214 19.28711 10.86426 8.38089 12.02011 9.05228 20.57648 23.27728 8.05283 1.24741 0.64850 4.87900 8.66699 1.57928 4.90189 3.76892
4.98581 4.53568 1.44577 0.01907 0.22507 2.79999 1.42288 4.64249 3.95584 0.62180 0.25177 1.68991 6.74820 12.04681 21.16776 6.25610 7.41196 13.73672 2.02942 8.86154 20.96939 34.02328 11.00922 2.91824 4.00925 5.96619 3.42560 11.35254 7.96890 7.93076 9.27353
3.15475 0.28229 8.59451 0.02289 0.32806 1.76620 1.11389 2.23541 1.89590 18.58902 11.01685 5.25284 4.26865 6.16837 10.75363 11.82556 28.16010 9.41086 6.74820 5.10025 10.73837 10.26535 7.39288 3.44467 9.41086 3.73840 2.77328 5.17273 12.27570 7.78961 12.08878
0.01526 0.11826 7.09534 0.56458 0.21744 1.36185 1.18256 2.84576 13.45444 13.92365 7.58743 18.34106 11.94763 12.41684 0.72479 3.73840 1.91498 13.05389 8.20923 22.62115 9.96017 15.13672 11.16943 9.83047 14.83536 20.79391 3.23868 7.57217 5.36346 11.42502 14.82391
0.00000 0.27084 0.46158 1.81198 0.88120 2.59781 2.33841 9.53674 12.51221 21.12579 9.75037 9.68552 17.64679 7.21359 20.56503 32.27234 15.35034 4.82941 4.62723 7.59888 16.51382 19.61136 3.44086 43.63251 19.23370 34.11865 8.84247 21.25168 32.27997 8.75092 13.89694
0.00000 0.00000 0.19836 2.15530 1.89972 1.68610 3.14331 15.03372 9.98306 16.68167 19.19174 15.85007 12.02011 13.07678 6.72913 15.39612 10.17380 13.23318 41.17966 36.39984 129.33350 20.83206 15.92636 38.58566 48.59543 8.07953 23.29254 32.99332 38.00201 10.15472 9.53674
0.00000 0.00000 0.09918 3.65448 4.62341 5.23376 10.75363 19.97375 14.87350 10.15854 31.76498 19.00864 14.75525 17.20810 17.45224 13.82065 16.40701 26.16501 23.62061 51.01013 27.22931 17.92526 44.36874 8.95691 3.12805 5.58472 47.93549 11.69586 10.41031 8.95309 1.35422
0.15640 0.01526 0.40817 4.85992 4.62341 5.43594 11.00159 22.72034 8.63266 11.74927 15.26260 28.37372 36.10992 11.42120 9.47571 14.60266 12.72583 14.80865 15.12909 13.15689 19.72580 9.46426 26.79443 10.05173 5.87082 24.78409 30.09033 40.77911 4.81415 4.63104 0.89645
0.69809 0.50354 1.69373 28.52249 32.29904 19.20700 13.94653 4.59671 3.28064 4.29916 2.40326 2.62070 6.64902 6.35910 3.55148 4.14658 13.19885 8.80051 14.88876 22.26639 12.78305 2.68173 0.99182 1.90735 22.71271 6.30188 1.59454 5.61142 2.15530 4.67682 3.58963
0.46921 5.38635 13.33618 35.90393 313.88092 142.57431 29.68216 8.67462 3.75366 4.21524 4.96292 8.75092 5.05066 13.99994 22.28928 16.25443 2.47192 5.72586 12.55035 12.47406 9.82666 14.02664 6.56891 7.82394 29.38843 0.95749 0.29755 1.22070 2.68173 6.17981 7.37000
2.30026 5.61523 5.27191 23.28110 20.08438 15.04898 9.01794 6.37436 12.22610 5.87845 6.18362 7.67899 24.67728 21.10291 20.75577 23.65494 8.87299 9.33075 5.07355 40.74097 8.20923 35.87341 29.70123 19.82498 6.25610 0.85831 0.45395 0.41580 5.43976 19.52362 16.06750
3.90244 3.16620 2.12860 16.41464 7.87354 5.05066 2.47574 0.62180 6.96182 7.20978 16.33835 9.17816 14.51874 23.05603 20.32089 8.32748 3.81088 2.93732 23.22388 26.35574 21.24405 30.00641 48.59924 30.25436 2.17819 0.99945 4.76456 1.51062 3.29971 19.71817 13.78632
4.15039 14.14490 20.12634 24.26910 10.02121 3.36075 2.86484 3.36838 0.38147 6.11496 5.16891 5.16129 9.53674 9.47189 1.06430 3.49426 5.61523 0.39673 9.28497 9.12857 22.57538 16.55197 34.91974 49.09897 56.46515 6.82068 14.46915 4.65012 1.41144 1.94931 12.83264
