DATA/RAW-RASTER/ECMWF/20170628/EN-3/20170703.en-3.asc
ncols			31
nrows			16
xllcorner		69.5
yllcorner		19.5
cellsize		1.0
NODATA_value	-99999
0.47684 5.79834 1.25504 1.13297 1.98746 0.00763 0.14496 0.05341 0.12207 0.00763 0.00000 0.02289 0.05341 0.09537 0.98419 4.32968 5.89371 7.35092 15.42282 12.29858 5.03922 0.09537 0.05341 0.04959 0.02670 0.06485 0.32425 0.25177 0.11444 0.00000 0.27847
0.67902 1.96075 1.86157 2.81906 0.24796 0.03815 0.04578 0.00000 0.02289 0.00000 0.00000 0.00000 0.00763 0.61417 2.02942 2.96402 2.84576 5.87082 8.13293 5.90134 0.59891 0.00381 0.01526 0.03052 0.91934 0.32043 0.71335 1.18256 1.89590 0.18311 0.84305
2.68936 3.02505 7.03430 3.93677 7.09152 4.43268 3.45612 0.00000 0.00763 0.00763 0.00000 0.00000 0.00000 0.42343 1.46103 0.92316 3.44467 3.81470 10.16617 7.16019 2.34985 0.22507 0.62180 2.57492 6.21033 8.93784 5.15366 5.10788 6.98090 2.62451 0.56458
2.33841 1.31607 10.04028 5.70679 2.79999 1.78528 2.72751 0.95749 0.06866 0.00000 0.04578 1.83868 2.10190 6.25229 3.86429 0.32806 1.33896 2.68936 0.35095 1.31607 0.22507 0.88882 4.87518 6.94656 9.35745 4.12369 21.10291 13.69095 3.74603 4.06265 1.57547
0.41199 4.84467 5.92422 1.13297 1.17111 2.24686 3.25775 3.14331 12.64191 3.36456 1.10626 7.55692 2.71606 8.82339 0.93460 1.44958 3.13568 11.69205 16.62827 13.16833 0.73624 0.72098 2.69318 4.95911 4.85229 12.12311 5.54276 10.73837 14.67133 6.53839 1.74713
2.67410 0.74387 0.56839 1.12534 0.49210 0.74768 2.29645 7.80106 11.86752 55.99594 5.58853 12.24518 7.33566 1.27411 2.84195 2.97928 0.37003 1.27029 1.97983 6.41251 8.42667 8.85773 6.87790 9.20868 18.08167 19.03152 7.20978 4.95529 7.88116 8.38470 3.07465
0.01907 0.01907 0.99564 1.59836 0.91171 0.32425 2.26212 15.15579 22.07184 25.76065 16.94107 22.86530 20.42007 13.62991 14.57214 4.97818 7.14111 9.23157 3.83377 7.64847 8.26263 6.07300 10.70786 11.29913 9.33838 28.03040 19.30618 4.92859 6.00433 11.90567 16.74652
0.00000 0.00763 0.05341 0.53787 1.33514 3.21198 13.37814 19.27948 23.65875 21.88873 22.02606 12.04681 3.41034 20.53833 64.30435 25.98190 14.28223 7.58362 11.60431 6.46591 22.15576 18.27240 10.55527 27.51923 23.37646 27.47345 91.45737 47.98126 25.50125 4.61960 18.44788
0.00000 0.00000 0.18692 1.08337 4.18472 7.41577 22.60590 31.65436 19.50455 13.55362 11.69586 6.40488 10.54764 12.44736 15.62881 15.78140 20.00046 12.53128 34.81293 37.17804 127.80380 119.30084 40.90881 12.16507 4.84848 20.43152 28.35846 109.26056 95.65735 7.92694 10.82993
0.00000 0.01144 0.00381 0.36621 2.95639 11.34491 52.89841 20.62988 17.12799 10.04410 11.99341 5.08118 13.21793 13.44681 17.49802 6.38199 7.40433 20.52307 28.78189 23.04077 9.78851 11.47461 18.98193 17.58194 9.76181 11.94000 56.12564 35.41183 35.20584 15.72800 9.31549
0.65994 0.70572 0.93842 1.04141 3.28064 18.67294 31.64291 54.21448 9.44138 6.59943 7.77054 1.74332 1.07193 1.38474 2.65121 1.02997 3.56674 16.81900 35.47287 17.08221 15.37704 15.16724 50.27390 21.86203 7.90024 19.02008 21.53397 31.83365 21.08765 18.97430 14.57977
1.19400 1.20544 2.12097 3.59344 3.08609 10.58578 24.06311 12.57324 20.47729 14.35089 9.67026 7.02667 2.25830 2.34604 0.67902 0.19073 7.34711 10.03647 12.01248 20.46204 23.19717 9.61304 5.51605 35.78949 28.70178 12.97379 8.84247 28.19824 21.21353 18.81027 17.84515
2.02179 3.33023 2.14005 1.97220 10.68497 24.82224 172.35184 137.72202 27.56882 7.13730 6.45828 6.73294 9.71985 7.89261 13.54980 13.86642 14.11057 6.25992 20.96939 23.92578 26.24893 32.64618 14.04190 24.85275 8.59451 2.61688 2.46048 9.62448 7.84683 5.35583 3.53622
1.38474 1.58310 2.57492 4.54712 10.98633 8.59833 7.88498 10.00977 3.23868 13.55362 16.63971 8.26645 9.50241 12.05444 11.40976 18.02063 18.81027 8.57544 15.19394 30.82657 12.85553 42.79327 71.44928 69.33975 19.01627 0.86212 1.08719 15.04517 26.40533 12.67242 7.76291
4.18091 5.26810 6.25229 8.67844 2.75803 3.18527 14.67514 2.78854 3.19290 1.68228 2.18964 0.88882 1.92261 8.14056 10.80322 5.30624 20.39719 20.96558 34.88541 68.16864 58.14743 49.31259 62.02316 25.98572 1.09100 0.72479 11.00159 3.29971 27.67181 22.63641 26.03531
3.03268 10.28824 17.62772 38.70010 15.20920 4.46320 11.00540 1.57166 1.63651 5.48553 14.65225 7.35474 1.73187 2.11716 16.49475 10.12421 14.24408 16.23917 27.50397 42.64832 27.53830 17.24625 23.12469 38.23471 80.99747 10.15091 5.41306 15.78903 1.87302 22.63260 16.52145
