DATA/RAW-RASTER/ECMWF/20170628/EN-3/20170712.en-3.asc
ncols			31
nrows			16
xllcorner		69.5
yllcorner		19.5
cellsize		1.0
NODATA_value	-99999
4.33350 9.62067 4.08173 1.80054 2.91443 2.07520 1.20544 0.38910 0.07629 0.00000 0.03052 0.03815 0.03815 0.09155 0.79346 0.32806 0.03815 0.59509 0.78583 2.57874 2.51770 1.15967 1.06812 0.24414 0.64087 4.81415 10.91003 7.25555 4.91333 4.28009 12.82501
1.98364 2.02179 20.18738 12.13074 8.59070 1.46484 0.12207 0.01526 0.22888 0.00000 0.02289 0.00000 0.15259 0.10681 0.83923 0.57220 0.75531 0.57983 0.53406 0.54932 1.09100 0.97656 0.61035 0.24414 1.06049 7.77435 7.01904 6.45447 11.33728 17.55524 18.94379
4.65393 23.01788 20.41626 13.15308 13.00049 10.61249 3.99780 0.18311 0.01526 0.00000 0.16022 0.01526 0.22125 0.03052 0.03815 0.15259 0.74768 0.69427 0.38147 0.22125 0.27466 0.55695 0.57220 1.29700 3.37219 12.27570 10.66589 15.55634 7.50732 10.13184 8.30841
5.06592 34.83582 31.53992 12.87842 8.85010 4.39453 4.95911 12.38251 0.51880 0.03815 0.98419 2.11334 7.83539 3.32642 1.30463 0.09155 0.46539 0.55695 2.46429 2.73895 1.52588 1.63269 2.51007 4.68445 10.64301 2.60162 9.10950 5.40161 5.05829 6.46973 9.68933
0.61798 3.21198 10.73456 5.88226 3.95966 0.88501 0.86212 9.08661 2.49481 3.28064 1.04523 1.09100 4.84467 2.18201 2.06757 2.61688 1.83868 4.18854 5.20325 3.05176 4.61578 2.12097 7.84302 16.76178 10.10895 0.60272 1.05286 0.27466 2.73132 7.64465 9.24683
0.55695 0.49591 0.00000 0.80109 0.08392 0.02289 0.83923 2.57874 4.77600 19.32526 6.71387 5.27954 4.39453 5.34821 7.57599 6.36292 3.63159 11.45935 6.96564 4.03595 2.86865 8.14819 11.46698 12.12311 4.25720 7.11823 1.44958 0.67139 3.02887 3.51715 0.89264
0.00000 0.08392 1.19781 0.38147 0.02289 1.12915 1.38092 6.85120 19.88220 73.05908 47.11151 3.31879 5.34821 8.42285 3.86047 4.72260 7.76672 8.29315 4.90570 7.38525 10.56671 16.95251 15.35034 1.73950 1.64032 9.88007 4.11224 11.65009 4.04358 1.12915 2.57874
0.24414 0.03815 0.08392 0.88501 0.05341 0.00000 1.60217 2.19727 30.37262 19.24896 8.13293 7.46918 1.46484 14.37378 23.38409 16.89911 17.92145 8.38470 10.45990 8.82721 14.52637 7.72858 5.56946 10.32257 11.36780 28.06854 15.45715 14.12964 43.35785 0.99945 2.56348
0.03052 0.04578 0.77057 2.27356 0.45776 3.88336 3.66211 3.15094 3.98254 7.83539 2.70081 0.67139 7.93457 5.91278 21.87347 29.27399 30.84564 33.50830 34.99603 16.16669 5.88226 6.35529 12.22229 11.19995 51.30768 34.50775 17.11273 45.91370 27.16827 2.79236 10.04791
0.00000 0.25940 1.93024 2.65503 7.26318 39.67285 4.41742 14.09149 15.65552 11.34491 3.77655 3.50952 6.01196 3.30353 9.33075 13.91602 12.15363 13.93127 15.15961 12.11548 8.22449 7.98035 41.32843 13.42010 14.40430 16.70837 8.49152 22.05658 14.97650 5.47028 4.01306
0.00763 0.00000 2.32697 4.11987 7.83539 12.99286 12.27570 11.89423 20.73669 5.26428 21.25549 5.04303 3.77655 4.69208 1.51825 6.55365 5.28717 6.91986 6.69098 2.10571 3.08228 4.44031 8.12531 40.46631 2.73895 5.39398 11.52802 15.51819 27.46582 11.84082 15.39612
0.02289 0.09155 0.25177 2.13623 15.71655 22.64404 52.49786 10.10895 15.15961 18.95142 50.92621 20.84351 7.89642 2.11334 0.63324 1.92261 5.76019 5.18799 4.40979 8.62885 3.71552 3.86810 3.15857 35.51483 2.47192 11.56616 3.99780 10.91003 22.42279 17.12799 18.53943
0.11444 0.23651 1.22833 12.70294 22.63641 26.31378 23.21625 16.04462 11.43646 19.30237 17.21191 10.12421 3.90625 2.45667 5.33295 4.98962 6.15692 4.57764 8.88062 8.07190 2.34222 6.30188 1.31989 13.86261 3.15094 7.58362 38.29193 24.48273 25.58136 19.36340 47.00470
0.22125 0.42725 3.70026 29.67834 44.17419 133.67462 157.05872 9.07135 16.02936 25.16174 94.66553 14.99939 45.15076 33.06580 6.72150 19.88220 11.08551 10.29205 12.11548 13.38959 10.33783 13.00049 0.85449 2.83051 8.97217 0.74005 0.16022 8.37708 30.67780 38.37585 32.24945
0.66376 2.11334 1.40381 29.07562 41.13007 49.73602 22.16339 1.64795 2.54059 8.27026 24.25385 87.22687 10.04028 14.73999 78.52173 13.00812 41.12244 28.13721 12.68768 8.33893 16.53290 9.99451 19.27185 23.67401 6.91223 1.01471 0.86975 2.49481 10.91003 13.78632 10.07843
0.34332 0.37384 4.96674 22.08710 27.95410 12.81738 9.60541 7.19452 8.49152 5.88226 16.56342 28.72467 27.64130 2.70081 21.86584 21.04187 76.79749 39.47449 20.96558 21.43860 13.71002 8.85773 16.89148 36.95679 20.73669 4.85229 3.02124 2.44141 5.17273 3.44086 3.25012
