DATA/RAW-RASTER/ECMWF/20170628/EN-3/20170705.en-3.asc
ncols			31
nrows			16
xllcorner		69.5
yllcorner		19.5
cellsize		1.0
NODATA_value	-99999
0.19836 0.03815 0.14496 0.36240 0.69427 9.52148 0.68665 1.76239 2.37656 0.53024 0.47684 0.32043 2.41852 1.14441 1.98364 1.88446 2.21252 4.03976 3.87192 11.02829 16.70837 12.64954 11.16180 10.62012 10.16998 11.82556 19.34052 19.56940 12.73346 9.94873 11.72638
0.00000 0.00000 0.40817 0.35095 3.93295 0.78201 0.88501 0.64087 0.15640 0.10300 0.01144 0.03433 0.02670 0.74387 1.08719 1.65176 3.89481 1.76620 5.70679 11.84464 11.50894 9.79233 16.57486 21.45767 22.82715 25.93613 26.27945 16.23917 25.59280 15.58685 4.74167
0.00000 0.38147 0.22125 2.43378 5.69534 10.52094 3.33023 0.07629 0.00000 0.00000 0.00000 0.00000 0.15640 0.46921 1.32751 2.08664 1.72424 1.64413 2.64359 7.22122 5.11551 8.86536 12.39395 11.54327 11.45554 7.88879 3.14713 9.21249 18.28384 4.44794 9.77707
1.09863 0.00000 0.15640 0.99945 1.31607 10.67352 1.69373 6.88553 0.22125 0.03052 0.06866 0.87357 0.57983 1.27411 0.65994 0.49210 0.91171 1.17111 2.87247 3.37982 4.60815 9.79614 13.59177 15.88058 6.12259 0.44250 0.59509 1.00708 14.49203 10.38361 2.03323
0.43488 0.00000 0.00000 1.48392 4.48227 3.83759 2.62070 2.27356 2.71225 0.09537 0.14877 4.41742 7.41577 3.08228 4.78363 0.87357 2.08664 2.32697 1.35040 1.32751 5.22995 9.16290 7.58743 4.00162 1.73187 0.60272 0.83542 0.64087 7.81250 4.59290 11.14655
0.17166 0.00000 0.00000 0.00000 0.45776 0.56076 6.47736 2.34604 2.49100 11.56235 9.59396 7.85828 8.39615 2.99454 1.28174 0.88501 1.50681 4.82559 10.00595 18.13507 13.35526 11.14655 12.15363 6.66046 5.73349 6.98471 2.94876 1.05667 2.91824 2.31171 9.50241
0.04196 0.00000 0.00000 0.00000 0.00000 1.64032 2.37274 4.44031 3.15094 3.27682 4.24957 13.43536 22.49527 1.68228 0.59891 4.40216 2.15149 6.21796 6.85120 18.82553 14.91928 13.96179 7.62939 3.10898 8.53729 29.13284 15.93781 9.08661 6.95419 3.77655 6.59180
0.00000 0.00000 0.00000 0.00000 0.03052 3.60870 5.36346 2.92969 4.90570 11.05118 18.03207 7.63702 11.12366 17.63153 7.33185 4.74167 7.78580 9.06754 8.09097 8.63647 15.64026 8.12912 3.27301 17.32635 22.89581 6.12259 4.55093 6.35529 10.85663 9.15909 6.49643
0.00000 0.00000 0.00000 0.00381 0.00763 0.64087 3.38364 13.74435 9.86862 23.52142 17.05933 17.84897 6.78253 8.66699 2.65503 1.85394 24.15848 67.37900 135.37598 21.98029 153.51868 78.97186 70.58716 8.09097 10.48279 7.99561 24.09363 47.88971 18.75687 6.40106 1.92642
0.07248 0.07248 0.01907 0.01144 0.32425 1.09863 8.47244 12.28333 19.40536 17.07458 29.28925 9.82666 13.00430 9.24301 14.59122 2.45285 2.72751 11.11603 18.59283 21.49963 7.57217 8.87680 15.07187 12.62665 13.00049 14.51874 10.87189 15.29312 12.81357 4.43649 3.55148
0.65231 0.77057 0.46921 0.48065 0.01144 0.68283 11.13892 25.79117 41.55731 57.38831 29.78897 3.65829 4.89044 2.14767 3.01361 2.16293 5.55038 16.22009 31.22330 19.71054 3.02124 7.21359 17.10510 61.43570 18.64243 7.42722 7.25555 3.36075 3.06702 2.31171 1.37329
0.44632 0.54550 0.89264 1.17493 0.53024 0.69427 2.71225 7.57217 17.65823 21.53397 40.78293 4.85992 1.85394 6.24084 1.86539 4.09698 2.31552 6.73676 15.95306 39.35242 54.46625 6.14166 17.39883 11.68823 33.17642 1.96075 0.36240 2.91061 6.19888 2.83813 5.80978
0.77438 1.39999 1.79672 1.52588 1.88446 0.69427 0.99564 1.54114 7.72095 8.42285 12.11548 9.63974 9.55963 18.40973 10.22720 1.09100 0.71716 1.19781 9.05991 10.42557 18.87512 23.72742 45.57800 7.23648 26.10016 1.59836 1.04904 6.94656 4.48990 26.23367 1.45340
1.70135 1.88065 0.54550 3.07846 5.12695 4.19617 0.83923 4.26102 2.54440 4.81415 7.33948 2.39563 5.97000 15.48767 12.45880 7.67517 2.31934 8.34274 11.45935 10.09369 6.96945 18.79883 106.32324 14.86588 2.04849 2.00272 2.96402 1.47629 9.37653 7.33948 4.73404
3.35312 3.94440 1.12534 3.58963 1.50681 3.91006 4.38690 1.19781 5.26428 14.68277 8.92258 1.81961 7.31659 4.28772 5.30243 0.91934 4.48227 7.21359 10.75363 13.43918 28.05710 25.92468 25.37537 15.69748 24.68872 6.58798 2.10571 1.65176 6.03485 22.56012 21.76666
2.07520 2.09808 6.80161 18.51654 0.99182 4.92859 7.42340 10.53619 8.53729 6.19888 7.13348 3.78799 2.91443 8.44955 8.01849 0.14496 6.09970 9.81522 11.25717 21.77429 21.34705 17.12036 19.79065 16.20102 62.84714 1.78528 12.10022 0.74387 2.91824 9.91058 10.99777
