DATA/RAW-RASTER/ECMWF/20170628/EN-3/20170709.en-3.asc
ncols			31
nrows			16
xllcorner		69.5
yllcorner		19.5
cellsize		1.0
NODATA_value	-99999
4.96674 3.30353 8.77380 10.26917 8.19397 2.70844 7.84302 5.70679 2.70844 2.76184 11.39832 13.42010 12.50458 5.66101 9.52148 4.20380 0.01526 0.00000 0.02289 0.00000 0.00000 0.00000 0.01526 0.06866 0.28992 0.18311 0.20599 0.32043 0.15259 0.36621 0.38910
0.29755 2.16675 22.94159 28.33557 8.27026 5.62286 1.96075 6.86646 10.23865 9.91821 16.09802 2.21252 4.58527 4.47845 8.84247 0.11444 0.04578 0.06866 0.03815 0.00000 0.00000 0.00000 0.00000 0.00000 0.00000 0.00000 0.00000 0.00000 0.01526 0.02289 0.25940
2.76184 11.71112 1.56403 3.41797 4.23431 9.09424 10.13947 2.88391 8.49915 6.10352 2.52533 2.54059 4.31824 4.57001 0.99182 0.16785 0.29755 0.21362 0.64087 0.00763 0.00000 0.00000 0.00000 0.00000 0.00000 0.00000 0.00000 0.00000 0.00000 0.04578 0.00000
5.37109 12.57324 10.53619 10.63538 13.67950 7.33185 15.93781 16.41083 2.62451 2.06757 2.53296 0.86975 0.74005 2.11334 1.11389 1.02997 0.23651 0.22888 0.00000 0.00000 0.00000 0.00000 0.00000 0.00000 0.00000 0.00000 0.00000 0.08392 0.01526 0.00000 0.00000
1.71661 0.16785 1.54877 10.18524 5.10406 9.22394 13.19122 11.35254 26.25275 3.61633 1.00708 0.90790 0.53406 19.86694 2.81525 0.25177 0.45013 0.13733 0.00000 0.00000 0.00000 0.00000 0.00000 0.00000 0.00000 0.04578 0.01526 0.00000 0.00000 0.20599 0.28229
1.77765 0.09155 0.08392 0.19073 0.57983 2.34222 0.63324 4.62341 6.21033 14.07623 14.36615 5.59998 5.83649 8.26263 6.91223 1.21307 0.93079 0.74768 0.31281 0.20599 0.00000 0.09155 0.08392 0.00763 0.03052 0.15259 0.02289 0.30518 0.42725 0.99945 1.11389
0.00000 0.00000 0.11444 0.83923 1.67084 0.25177 0.45013 0.78583 0.71716 8.62122 3.90625 28.51868 13.24463 10.71930 9.04846 7.98035 7.40051 14.16016 6.27899 2.53296 1.20544 1.29700 0.86212 0.57983 2.28119 8.32367 5.74493 2.32697 1.70135 1.34277 1.31226
0.00000 0.01526 0.07629 0.06866 0.78583 0.38147 2.69318 2.00653 1.80054 2.02179 5.47028 5.10406 4.79889 21.59119 40.65704 10.12421 12.13074 11.29913 4.02832 7.87354 9.72748 6.69861 13.77869 3.46375 11.55090 36.54480 53.11584 16.06750 19.80591 10.53619 15.38849
0.00000 0.00000 0.28229 0.12207 0.85449 2.52533 5.96619 6.44684 1.05286 0.98419 1.38855 1.81580 1.33514 4.30298 9.30023 12.93182 17.74597 26.06964 18.66150 25.88654 10.84137 10.54382 9.90295 21.86584 22.14813 22.07947 29.65546 44.90662 95.85571 34.26361 35.82764
0.00000 0.00000 0.00000 0.00000 1.38855 5.49316 7.94983 24.70398 2.60162 2.44141 1.16730 1.61743 2.31171 1.89209 2.83051 1.06049 1.38092 4.74548 12.96234 13.99231 14.96124 11.05499 14.31274 5.40161 20.32471 15.18250 38.41400 33.85925 34.06525 42.03796 19.16504
0.00763 0.00000 0.00763 2.29645 2.42615 12.53510 17.22717 20.53070 6.59943 3.15857 1.26648 1.69373 2.09045 2.17438 0.85449 0.75531 3.05176 1.12915 2.57874 3.02124 3.76129 5.81360 6.05774 7.36237 10.80322 14.50348 10.82611 11.07788 25.58136 17.70782 16.24298
0.18311 0.10681 0.09155 4.92096 5.27954 8.78143 24.65820 24.52850 2.98309 1.24359 1.82343 3.93677 10.24628 2.06757 0.15259 2.36511 1.07574 4.81415 7.42340 7.57599 4.61578 9.14764 6.00433 33.08868 20.25604 5.55420 2.70081 11.72638 42.25922 17.30347 7.72095
0.96130 1.80054 2.19727 4.34113 7.71332 14.11438 119.42291 5.50079 4.47083 2.70081 1.54114 1.44958 0.22888 0.03815 0.67139 2.25067 4.57001 6.11877 4.26483 10.49805 11.26099 5.75256 2.82288 11.00922 12.32910 2.57874 11.24573 3.20435 17.39502 33.90503 14.49585
2.50244 3.02887 0.75531 0.77820 6.78253 7.54547 32.01294 19.93561 4.63867 1.17493 3.53241 4.45557 1.19019 3.70789 6.97327 9.48334 1.98364 2.52533 2.67792 20.46967 3.73077 9.40704 4.53949 1.89209 4.75311 1.77765 10.69641 1.24359 7.24792 14.55688 3.41034
1.99890 1.41907 0.98419 16.64734 31.02875 2.40326 2.87628 14.42719 2.94495 1.67847 5.11169 4.43268 7.47681 5.53894 3.95203 5.10406 0.35095 3.28064 11.03973 24.44458 12.63428 8.58307 11.58905 5.23376 3.75366 5.59998 0.54169 0.52643 0.76294 16.17432 20.79010
1.56403 2.14386 3.04413 13.03101 6.06537 6.86646 9.02557 7.89642 2.79236 6.46210 12.48169 12.54272 9.64355 9.70459 1.58691 5.79834 0.05341 5.88989 15.25116 34.88159 39.52789 22.97974 14.06860 10.28442 21.05713 10.70404 14.21356 11.41357 9.05609 18.66913 2.89154
