DATA/RAW-RASTER/ECMWF/20170628/EN-3/20170704.en-3.asc
ncols			31
nrows			16
xllcorner		69.5
yllcorner		19.5
cellsize		1.0
NODATA_value	-99999
0.43869 1.53351 0.66757 0.15259 2.31171 0.80109 0.50354 0.17166 0.41580 0.01526 0.02289 0.09537 0.15640 0.76675 0.46158 0.54932 1.29700 1.71280 0.76675 0.74768 0.35095 0.73242 0.34332 1.31607 1.30081 0.33951 0.50735 0.11444 0.88501 1.18637 1.03760
0.11826 0.01526 0.01144 0.10681 2.28500 0.04578 0.14496 0.14877 0.02670 0.00763 0.00381 0.00000 0.39673 0.30518 0.49210 4.10080 1.09863 1.04141 7.69806 3.81470 0.61035 0.69046 7.77054 4.18854 1.66321 0.47302 0.43106 0.92316 3.37601 1.34659 0.96893
0.11826 0.56458 0.03815 0.74768 1.10626 2.52533 4.74548 0.01526 0.01526 0.00000 0.00000 0.00000 0.02670 0.41962 0.90790 3.30734 10.79178 17.52853 7.37381 2.78091 3.10516 5.61142 2.89536 0.88120 0.36621 0.08774 2.71988 2.12097 2.18582 6.74438 1.12152
3.12042 0.15259 0.15640 0.16785 0.16785 2.76947 2.79236 16.71219 0.06104 0.00000 0.89264 5.11932 6.12640 4.07791 11.87515 16.02173 16.39557 11.29532 6.42395 1.43814 3.34930 3.53241 0.10681 0.10300 0.24414 0.01907 0.70190 2.02942 3.52859 11.25336 6.84357
5.52368 0.02670 0.61035 0.74005 3.01743 2.22015 4.22668 7.01141 7.77817 3.20816 1.77002 8.61740 6.01959 7.48825 6.82068 8.30460 6.69098 4.87137 6.03485 5.12695 6.20651 0.65994 1.87302 0.30136 0.76294 0.96893 0.52643 3.88718 11.79886 9.56726 9.73511
2.33078 0.23651 0.33569 1.06049 3.78799 1.11771 1.17493 1.47247 2.78854 15.22064 6.00815 6.73676 9.32693 6.18362 9.99832 5.51605 2.03323 7.39670 7.37762 6.99997 10.33020 5.08881 1.53351 1.90353 6.84738 22.83096 10.71548 10.66589 13.95798 23.54050 12.24136
0.17166 0.00000 0.03815 0.06866 1.72806 3.72696 2.93732 10.37979 5.58853 10.86807 3.59726 22.36176 19.16504 34.01566 7.52258 8.80432 3.16620 5.00107 4.26865 3.66592 2.26974 2.05612 5.64957 4.32587 13.71765 48.95782 53.83301 10.82611 13.32474 24.55139 15.95306
0.01526 0.00000 0.04959 0.38910 1.10626 4.48608 9.20105 7.51114 2.14767 12.40158 15.67078 10.67734 16.44135 36.41129 21.12961 24.41406 35.55298 3.45230 4.29153 4.60815 7.61032 10.85663 10.70786 20.01572 18.37540 15.94162 30.33447 34.40475 19.34052 10.19287 13.14926
0.00000 0.00000 0.00000 0.30899 2.15912 4.48227 7.13348 14.61029 7.42722 21.89255 7.24792 15.22064 16.30402 1.07574 5.35965 66.01715 65.39917 42.73224 28.85437 21.80099 61.97357 164.36768 184.02481 21.66748 19.56940 7.53021 18.36395 88.20343 53.59268 10.55145 4.81415
0.00763 0.06104 0.14114 0.66757 2.28500 12.59232 26.32904 21.57211 21.51871 6.78635 12.09641 8.40378 23.62442 5.94711 77.25525 3.20435 5.77927 12.63428 9.23157 18.73779 7.51877 13.92746 39.27994 12.16888 9.42993 14.20975 15.07568 32.21893 72.15118 12.69150 6.12640
0.29755 0.23270 0.82016 1.22833 0.27466 4.44794 18.22662 153.07236 71.95663 66.94412 1.75095 12.69150 7.50732 3.56674 15.29694 0.75150 0.64087 1.96457 4.85229 19.96231 9.36127 15.55252 38.07831 15.74326 7.37762 7.01523 5.99289 14.88495 59.31091 18.44406 8.52585
1.22833 0.82779 0.86212 1.96838 0.75912 1.63651 1.41525 23.42224 18.35251 13.59940 24.50562 5.48935 46.73386 2.29645 0.90027 1.08719 0.25940 5.83267 4.57764 5.68771 10.33783 8.51822 2.54059 4.73785 16.59012 4.07028 8.81577 14.65225 16.55579 19.49310 13.08823
1.10626 1.77383 2.36130 2.09808 2.99835 4.27628 1.63269 4.20761 12.59995 9.57870 18.25714 36.74698 33.27179 1.67084 6.50787 2.03323 0.62943 2.23160 4.82178 9.92966 16.78467 9.83810 6.21414 1.18256 1.67465 1.69373 2.57874 14.48822 6.45447 3.87573 10.19669
1.90735 2.31934 6.75964 3.88336 6.12640 1.61362 0.99182 6.86264 2.81906 6.51932 21.92688 36.31592 9.34982 6.45828 2.36511 1.11771 0.48447 0.37003 3.13950 17.34161 15.58685 23.34595 30.57861 3.38364 8.87680 0.32806 0.16022 6.59180 8.22830 4.47083 10.65445
1.72424 1.32370 1.47629 11.19614 12.46643 4.08173 2.43378 5.29480 0.75150 0.52643 12.95090 2.06375 2.52151 1.48773 4.62723 2.67410 0.59891 2.45667 18.61572 26.75247 31.63910 45.56656 65.97900 12.80212 0.16785 0.04196 0.62561 0.22888 3.57437 6.49261 5.39017
2.74277 3.92532 7.01904 22.68600 7.31659 17.19666 25.49744 6.91223 9.51004 3.77274 4.42123 1.37329 1.50299 0.52643 2.26212 1.57547 1.89590 13.79776 28.08762 15.50293 20.36667 26.21460 28.54538 20.66040 25.90179 1.41907 5.77927 1.79672 28.43857 1.54495 0.73624
