DATA/RAW-RASTER/ECMWF/20170628/EN-3/20170629.en-3.asc
ncols			31
nrows			16
xllcorner		69.5
yllcorner		19.5
cellsize		1.0
NODATA_value	-99999
1.44577 2.14958 4.88472 1.39427 11.60049 6.86455 10.41412 8.08334 6.03485 2.85339 6.97327 8.26836 8.56590 5.30815 1.76811 2.37656 2.19917 4.46129 7.77435 12.57706 5.64575 8.87108 2.98691 0.48637 0.00191 0.00000 0.01144 0.00000 0.00191 0.01526 1.57738
1.31607 0.61989 4.77409 15.78903 11.27625 13.57269 12.03156 11.34109 12.36725 6.85501 5.18990 4.01688 1.99890 0.68283 0.81444 0.40245 0.57411 1.16920 5.49126 3.25584 7.13158 16.22200 6.50787 2.11525 0.90408 0.40245 0.00572 0.00763 0.03815 0.09155 2.85149
0.46349 5.42641 5.58472 3.86047 17.51518 21.26884 46.76247 45.36819 12.16316 3.55530 1.73569 0.33379 0.09537 0.13542 0.14877 0.07248 0.81444 1.53542 1.15204 4.53377 4.26865 12.63428 15.69366 7.84492 10.71930 0.72098 0.09346 0.07439 0.05150 0.00000 0.07629
2.53487 0.45204 2.68555 23.21243 11.25717 50.37880 206.48766 37.37450 31.55136 3.09372 0.73433 0.39864 0.21172 0.30899 0.28801 0.03242 0.13542 0.87929 1.22070 1.15585 7.68661 7.68661 9.96208 3.47519 11.66534 6.30569 6.52885 1.21498 0.76103 1.74332 0.84114
3.81470 0.69427 6.32477 6.06155 22.25876 71.21086 67.83295 34.85870 15.22446 5.64384 0.59509 0.16785 0.05913 0.49019 0.33569 0.14496 0.22697 1.10817 2.73895 4.47083 7.41959 12.36916 11.14845 6.94275 5.47218 4.78745 7.93457 25.29335 15.18822 5.97763 5.93185
7.27272 1.23405 9.93919 12.13264 36.87668 64.14223 42.37175 37.64725 32.82166 26.23940 7.62558 1.13869 0.35477 0.00000 0.44060 0.86212 3.55530 3.77655 1.72997 5.06210 8.68988 15.52582 16.42036 17.62199 17.79747 24.20616 16.57104 10.03456 20.25223 27.60124 8.00133
1.69182 5.46074 8.44574 13.30757 20.32471 21.48438 26.76964 55.04990 53.05672 22.58873 7.59697 9.46426 3.63159 2.41470 0.04196 0.79536 0.56267 1.06812 2.75612 3.54958 9.49669 8.85201 14.09531 20.17212 47.73140 159.22928 58.43353 18.76259 13.89503 16.51192 15.90157
1.80244 19.50645 15.79094 24.24049 24.38927 4.96101 19.66286 19.48547 46.97800 18.88466 10.66780 8.79288 2.74277 5.41496 7.67899 18.29720 7.86400 1.44958 11.76071 5.06592 12.78877 34.74617 16.92009 65.94086 34.77478 71.22231 50.62866 29.38843 32.22084 12.05444 5.51414
9.01794 8.07953 9.81712 25.07591 10.59914 4.40025 3.73268 16.79611 19.85550 35.74944 8.97408 9.24683 4.10271 2.43759 1.20544 1.25313 0.98610 5.25284 64.92043 131.25420 58.57849 37.97913 34.55734 37.15706 34.93500 17.53616 33.93745 180.33981 199.54300 75.22774 22.35222
16.93153 16.64543 16.97159 9.94110 1.73950 2.83051 3.00026 2.75040 25.60616 18.49556 19.28139 9.56917 8.22639 2.88582 2.46811 1.52969 1.87492 1.33896 2.57492 4.93050 5.03540 7.37190 24.19090 9.46426 4.87328 13.83972 38.90038 12.94518 67.84439 29.31595 33.72192
9.28307 11.94763 1.59264 0.68474 1.31035 0.95177 1.15585 2.63405 8.79288 7.54356 15.03372 33.51593 11.44600 14.45198 12.97569 4.94766 2.52533 4.00352 3.18718 6.05392 3.31688 12.40921 31.51321 5.71060 4.52042 13.93127 2.02560 5.90324 35.36797 13.80730 10.21576
22.28165 1.71661 2.58255 2.76947 4.63486 0.67139 0.28801 0.54932 1.58310 4.85420 28.70369 27.71378 20.66803 19.45305 8.42857 4.14848 4.95529 7.07626 2.43759 1.91879 2.29263 3.63159 1.50871 3.95775 19.17076 2.29836 1.09673 10.83183 6.70052 7.21741 3.33595
21.54732 0.57983 1.66893 8.38280 3.20244 1.56021 0.27657 0.29564 0.33760 5.65338 6.79779 171.67664 17.59148 22.32742 11.53183 3.39317 5.98145 6.38008 2.15721 1.65176 2.53868 6.16455 7.16019 3.98827 3.43704 0.94223 2.65503 8.82339 12.21085 6.72150 4.59099
22.48383 11.03020 5.42641 21.20399 0.79346 1.75858 0.54359 0.73242 1.27983 3.19290 21.58356 82.09038 84.14078 11.97433 9.42421 12.86697 2.60353 0.53787 2.27356 3.66783 15.69366 14.70375 2.46429 10.31876 12.96234 0.63705 0.81635 2.33650 5.37491 5.61142 5.18799
48.47145 12.77161 16.96014 10.17570 2.56348 1.31226 0.36049 1.14632 5.76973 17.72118 39.34860 29.00314 23.38409 20.30563 4.35448 3.25775 0.28610 1.32561 5.34248 5.35774 9.76372 14.30130 24.40453 14.58931 4.60815 1.30081 1.21307 1.66702 15.03563 15.97595 14.62364
24.42551 19.07158 19.65141 24.12796 1.36948 2.59018 1.86157 2.71416 9.71985 22.72224 12.93564 21.36993 39.78729 52.89459 11.89995 2.72369 3.85857 3.61824 13.35907 14.18114 6.33049 11.57761 28.52440 33.02002 19.24133 6.13976 5.14984 5.29480 10.63538 10.62393 4.32014
