DATA/RAW-RASTER/ECMWF/20170628/EN-3/20170707.en-3.asc
ncols			31
nrows			16
xllcorner		69.5
yllcorner		19.5
cellsize		1.0
NODATA_value	-99999
2.81143 3.77655 2.48337 2.02942 0.00763 0.42725 0.07629 0.08774 0.78201 1.51443 1.17874 1.14822 2.15912 1.22833 1.12152 2.17819 1.85776 1.61743 3.23486 2.67410 0.87357 5.26047 4.91333 5.54276 7.57980 3.46756 2.17438 0.44250 0.99945 0.51880 1.73187
0.10300 2.22778 23.44894 22.33505 4.41742 1.85013 0.00000 0.35095 0.20981 0.55313 2.02179 1.04904 1.62888 1.01089 1.16348 0.99945 5.98145 0.85831 6.26373 6.29044 4.85992 10.13184 6.76346 7.35092 3.78036 1.89590 1.35803 0.90408 2.16675 1.27029 5.51224
1.14441 2.05994 4.61578 9.71603 13.34381 8.70514 5.03922 0.04578 0.22507 0.12970 4.17328 1.91116 1.86920 2.07138 3.07465 5.80215 6.32477 1.11389 4.06647 5.64194 9.88007 3.17383 6.14548 6.21796 10.06699 2.73895 0.82016 0.49973 3.36075 3.54385 4.93622
0.03815 0.01144 1.83105 2.02560 3.10516 7.23267 6.27899 3.12042 0.06104 0.19073 2.63977 3.54004 2.45285 5.65338 3.13568 5.06210 4.03214 10.48660 10.89096 3.60489 5.90515 9.99832 9.55200 5.98907 1.02997 0.27847 1.50299 1.85394 0.86975 1.35422 2.05612
0.37766 0.00000 0.00000 0.00000 0.87738 2.50244 2.12860 3.04794 4.56619 2.00272 1.36185 10.36453 19.24896 20.48874 13.93509 10.61249 9.73511 14.58359 10.71930 10.68497 14.04953 9.29260 9.91058 11.63483 11.94000 6.18362 2.61688 1.12534 1.28937 1.17111 0.61035
0.09918 0.00000 0.00000 0.00381 0.00763 0.81635 1.61743 2.47574 1.30081 9.15909 39.79874 24.54376 7.55310 8.90732 10.70023 15.60211 18.95905 10.32639 6.24847 10.33401 8.76617 21.55304 8.07571 12.67242 13.99612 15.74326 3.11279 2.08282 5.36346 12.72964 4.38690
0.10300 0.00000 0.01144 0.07629 0.14114 0.12970 0.93842 2.98691 0.63705 2.29263 12.48169 52.65045 27.33231 7.88116 1.93024 3.67737 6.81305 13.75198 10.90240 9.88007 9.86862 14.75906 28.15628 13.75198 12.95853 30.62057 16.97922 5.00870 5.67245 10.80322 13.62610
0.54932 0.00381 0.00381 0.00000 0.09918 0.03052 1.95312 1.82343 3.08609 9.46426 13.70621 21.16013 16.48712 6.75201 11.80649 15.59067 4.32587 1.85394 5.54657 6.19125 8.16345 16.65878 6.15692 20.65659 19.02771 24.79172 11.64627 22.27020 18.84079 12.63428 12.05444
0.00000 0.00000 0.00000 0.00381 0.00000 0.03052 2.86102 4.87900 3.92532 19.11545 14.33182 10.57053 31.04019 26.42059 4.98962 3.50189 2.69699 7.70569 17.47131 10.70786 24.38736 45.76111 26.56174 5.13840 5.47028 16.59393 9.47189 16.20865 32.14645 14.77814 6.47354
0.00381 0.02289 0.04959 0.60272 0.37766 0.05722 2.12860 8.06046 17.32254 14.65988 22.16721 3.95584 4.06265 7.46536 5.85556 5.88989 4.38309 5.03922 13.86642 7.87354 12.88223 8.21686 17.67731 10.08987 8.49533 10.03647 7.03430 16.85333 11.14655 6.59561 1.71280
0.17166 0.30518 1.22452 1.65558 0.01907 0.46158 3.29208 14.45007 28.64838 74.81766 22.99500 14.27841 15.32745 1.04904 4.84848 14.74380 4.31442 8.95691 5.29480 2.13242 7.94220 10.41794 13.42773 7.78961 9.57870 11.52802 20.23697 20.18738 12.03537 3.40652 2.31552
0.41962 1.25504 3.33786 4.32205 1.36185 1.35040 8.01849 28.57590 185.16541 81.91299 34.26743 54.53873 20.83588 1.06430 2.92969 3.78418 5.99289 5.90515 10.59723 9.52911 1.95312 2.59399 1.24359 1.93787 8.91876 14.89258 14.98032 6.39725 5.50842 6.56128 5.90134
1.03760 3.86810 2.52914 7.20215 4.69208 5.13077 21.54922 42.75131 54.43573 26.71051 20.29800 24.41788 14.76288 2.78854 1.69754 2.45667 3.74985 9.86481 1.85776 5.17273 2.16675 2.71225 2.77328 3.60107 4.38309 4.95911 2.05612 6.47354 12.10403 16.47568 10.32257
2.30026 2.60925 1.39999 2.24304 3.04413 7.05719 19.98138 31.37207 26.64185 81.95496 26.89743 2.46429 1.70135 2.54059 2.91061 11.44791 0.72861 25.03586 6.76346 9.71985 4.47083 10.50568 1.53351 2.81143 3.78418 0.45776 0.55313 11.31058 13.51547 5.69153 6.00433
3.39508 2.15912 3.45993 5.21851 3.00980 0.89264 2.34604 9.49478 8.54874 12.07352 12.45499 5.07736 3.64685 1.15585 3.01361 2.75421 15.43427 2.63977 4.21143 7.32803 14.98795 8.69751 6.73294 9.41849 0.96512 0.71335 0.27466 4.11606 8.25500 13.42392 12.55035
3.46375 3.56674 5.73730 9.99069 0.74387 1.26648 0.46158 1.19400 1.67465 1.49536 6.77490 5.13458 0.90408 0.52643 2.22015 10.60104 4.80652 5.07736 7.10297 13.03864 17.33780 15.71655 14.31274 13.96179 8.18253 3.07083 8.22449 2.47955 10.14709 6.29044 9.59396
