DATA/RAW-RASTER/CPC/2017/20170510.asc
ncols			60
nrows			40
xllcorner		70.0
yllcorner		20.0
cellsize		0.5
NODATA_value	-99999
0.00000 0.00000 0.00000 0.00000 0.00000 0.00000 0.00000 0.00000 0.00000 0.00000 0.00000 0.00000 0.00000 0.02393 0.07074 0.07675 0.04410 0.03084 0.05783 0.06557 0.04320 0.00000 0.00000 0.00000 0.00000 0.00000 0.00000 0.00000 0.00000 0.00000 0.00000 0.00000 0.00000 0.00000 0.00000 0.00000 0.00000 0.00000 0.00000 0.00000 0.00000 0.00000 0.00000 0.00000 0.00000 0.00000 0.00000 0.00000 0.00000 0.00000 0.00000 0.00000 0.00000 0.00000 0.00000 0.00000 0.00000 0.00000 0.02101 0.02078
0.00000 0.00000 0.00000 0.00000 0.00000 0.00000 0.00000 0.00000 0.00000 0.00000 0.00000 0.00000 0.00000 0.00000 0.00000 0.00000 0.00000 0.00000 0.00000 0.02002 0.00000 0.00000 0.00000 0.00000 0.00000 0.00000 0.00000 0.00000 0.00000 0.00000 0.00000 0.00000 0.00000 0.00000 0.00000 0.00000 0.00000 0.00000 0.00000 0.00000 0.00000 0.00000 0.00000 0.00000 0.00000 0.00000 0.00000 0.00000 0.00000 0.00000 0.00000 0.00000 0.00000 0.00000 0.00000 0.00000 0.00000 0.05338 0.15469 0.11781
0.00000 0.00000 0.00000 0.00000 0.00000 0.00000 0.00000 0.00000 0.00000 0.00000 0.00000 0.00000 0.00000 0.00000 0.00000 0.00000 0.00000 0.00000 0.00000 0.00000 0.00000 0.00000 0.00000 0.00000 0.00000 0.00000 0.00000 0.00000 0.00000 0.00000 0.00000 0.00000 0.00000 0.00000 0.00000 0.00000 0.00000 0.00000 0.00000 0.00000 0.00000 0.00000 0.00000 0.00000 0.00000 0.00000 0.00000 0.00000 0.00000 0.00000 0.00000 0.00000 0.00000 0.00000 0.00000 0.00000 0.10822 0.60261 0.88714 0.69408
0.00000 0.00000 0.00000 0.00000 0.00000 0.00000 0.00000 0.00000 0.00000 0.00000 0.00000 0.00000 0.00000 0.00000 0.00000 0.00000 0.00000 0.00000 0.00000 0.00000 0.00000 0.00000 0.00000 0.00000 0.00000 0.00000 0.00000 0.00000 0.00000 0.00000 0.00000 0.00000 0.00000 0.00000 0.00000 0.00000 0.00000 0.00000 0.00000 0.00000 0.00000 0.00000 0.00000 0.00000 0.00000 0.00000 0.00000 0.00000 0.00000 0.00000 0.00000 0.00000 0.00000 0.00000 0.00000 0.12897 0.81137 1.78012 2.77749 3.13565
0.00000 0.00000 0.00000 0.00000 0.00000 0.00000 0.00000 0.00000 0.00000 0.00000 0.00000 0.00000 0.00000 0.00000 0.00000 0.00000 0.00000 0.00000 0.00000 0.00000 0.00000 0.00000 0.00000 0.00000 0.00000 0.00000 0.00000 0.00000 0.00000 0.00000 0.00000 0.00000 0.00000 0.00000 0.00000 0.00000 0.00000 0.00000 0.00000 0.00000 0.00000 0.00000 0.00000 0.00000 0.00000 0.00000 0.00000 0.00000 0.00000 0.00000 0.00000 0.00000 0.00000 0.00000 0.00000 0.22812 0.97564 2.61714 4.69448 6.03102
0.00000 0.00000 0.00000 0.00000 0.00000 0.00000 0.00000 0.00000 0.00000 0.00000 0.00000 0.00000 0.00000 0.00000 0.00000 0.00000 0.00000 0.00000 0.00000 0.00000 0.00000 0.00000 0.00000 0.00000 0.00000 0.00000 0.00000 0.00000 0.00000 0.00000 0.00000 0.00000 0.00000 0.00000 0.00000 0.00000 0.00000 0.00000 0.00000 0.00000 0.00000 0.00000 0.00000 0.00000 0.00000 0.00000 0.00000 0.00000 0.00000 0.00000 0.00000 0.00000 0.00000 0.00000 0.00000 0.15219 0.76769 2.44347 5.00418 6.61013
0.00000 0.00000 0.00000 0.00000 0.00000 0.00000 0.00000 0.00000 0.00000 0.00000 0.00000 0.00000 0.00000 0.00000 0.00000 0.00000 0.00000 0.00000 0.00000 0.00000 0.00000 0.00000 0.00000 0.00000 0.00000 0.00000 0.00000 0.00000 0.00000 0.00000 0.00000 0.00000 0.00000 0.00000 0.00000 0.00000 0.00000 0.00000 0.00000 0.02369 0.02624 0.03756 0.05139 0.03536 0.00000 0.00000 0.00000 0.00000 0.00000 0.00000 0.00000 0.00000 0.00000 0.00000 0.00000 0.08356 0.35909 1.40146 3.86626 5.99520
0.00000 0.00000 0.00000 0.00000 0.00000 0.00000 0.00000 0.00000 0.02254 0.07471 0.11891 0.06668 0.02975 0.00000 0.00000 0.00000 0.00000 0.00000 0.00000 0.00000 0.00000 0.00000 0.00000 0.00000 0.00000 0.00000 0.00000 0.00000 0.00000 0.00000 0.00000 0.00000 0.00000 0.00000 0.00000 0.02588 0.04122 0.06257 0.08878 0.11938 0.15520 0.19579 0.21793 0.18155 0.10250 0.04467 0.00000 0.00000 0.02034 0.00000 0.02228 0.02586 0.00000 0.00000 0.00000 0.00000 0.11770 0.71110 2.07477 4.20136
0.00000 0.00000 0.00000 0.00000 0.00000 0.00000 0.00000 0.02484 0.14934 0.22024 0.23209 0.17334 0.11060 0.04617 0.00000 0.00000 0.00000 0.00000 0.00000 0.00000 0.00000 0.00000 0.00000 0.00000 0.00000 0.00000 0.00000 0.00000 0.00000 0.00000 0.00000 0.00000 0.00000 0.04198 0.06110 0.09401 0.14717 0.21050 0.28473 0.37096 0.45611 0.50362 0.48086 0.36501 0.20305 0.07990 0.03915 0.07825 0.13129 0.18860 0.28627 0.42531 0.44027 0.21940 0.11123 0.07027 0.12073 0.44981 1.32984 2.84667
0.96558 0.28085 0.00000 0.00000 0.00000 0.00000 0.02148 0.14246 0.31387 0.44539 0.28545 0.14774 0.09180 0.05799 0.00000 0.00000 0.00000 0.00000 0.00000 0.00000 0.00000 0.00000 0.00000 0.00000 0.00000 0.00000 0.00000 0.00000 0.00000 0.00000 0.00000 0.00000 0.00000 0.04880 0.18243 0.26073 0.37017 0.47153 0.57383 0.67131 0.74238 0.77542 0.74186 0.62043 0.41528 0.17386 0.07766 0.19288 0.50544 1.01986 1.55949 1.93234 1.84601 1.24253 0.51358 0.14821 0.09483 0.35098 1.16888 2.18478
4.39481 4.25673 1.33579 0.03413 0.00000 0.00000 0.10059 0.52405 0.94607 0.89754 0.38197 0.09435 0.04999 0.05840 0.04521 0.07166 0.09211 0.00000 0.00000 0.00000 0.00000 0.00000 0.00000 0.00000 0.00000 0.00000 0.00000 0.00000 0.00000 0.00000 0.04994 0.09424 0.14676 0.20032 0.29829 0.41533 0.51909 0.62585 0.74435 0.85004 0.92894 0.99622 1.01669 0.96630 0.86704 0.64748 0.45788 0.54412 1.11177 2.14182 3.02546 3.36685 3.20322 2.33736 1.09416 0.36218 0.22070 0.72749 2.05344 3.20475
9.20970 8.15263 4.92598 0.74186 0.07523 0.17517 0.47527 0.99857 1.44077 0.70993 0.19963 0.05050 0.03889 0.03624 0.04147 0.21031 0.25480 0.17654 0.09264 0.03996 0.00000 0.00000 0.00000 0.00000 0.00000 0.00000 0.04949 0.08638 0.14257 0.05081 0.14240 0.19550 0.23911 0.25539 0.28714 0.34557 0.41815 0.53317 0.69731 0.87783 1.02005 1.09656 1.14527 1.15930 1.15023 1.08527 0.99748 1.16491 1.89347 2.79691 3.43289 3.69800 3.72161 3.28219 2.25638 1.36160 1.27333 2.15572 3.62204 4.64324
13.90528 11.28963 6.93839 2.37206 0.68553 0.28497 1.02075 1.28249 1.29258 0.49524 0.06634 0.03911 0.00000 0.03309 0.23747 0.35402 0.34450 0.20731 0.09465 0.03777 0.00000 0.00000 0.00000 0.00000 0.02256 0.05110 0.10532 0.17419 0.28076 0.35489 0.33809 0.25743 0.27425 0.27248 0.27643 0.28616 0.30179 0.36237 0.49804 0.68871 0.91078 1.08263 1.19866 1.25620 1.23937 1.26821 1.39941 1.74046 2.39773 2.87550 3.15557 3.37103 3.53674 3.49185 3.09309 2.69130 2.86876 3.83044 4.86270 5.21608
10.62375 8.82616 5.41973 2.17997 0.62738 0.13837 0.33708 0.56451 0.59548 0.31014 0.04749 0.00000 0.00000 0.31751 0.81652 0.57560 0.41071 0.24355 0.08865 0.02751 0.00000 0.00000 0.00000 0.00000 0.05365 0.11255 0.21813 0.37240 0.55559 0.58938 0.44171 0.31112 0.31739 0.30487 0.29397 0.27788 0.25594 0.24044 0.25742 0.34736 0.53923 0.82953 1.16513 1.34231 1.51455 1.76695 2.20749 2.73843 2.84087 2.64422 2.54703 2.82870 3.14057 3.33002 3.27251 3.22715 3.73978 4.83705 5.73662 6.27475
4.66384 3.33516 1.97483 0.45145 0.09242 0.07138 0.14481 0.18956 0.25847 0.58233 0.55450 0.15130 0.32973 0.89501 0.93145 0.65545 0.62796 0.32924 0.09553 0.00000 0.00000 0.00000 0.00000 0.05445 0.12775 0.26736 0.49332 0.77569 0.95011 0.89810 0.59088 0.38502 0.36002 0.34677 0.33600 0.30423 0.26229 0.20961 0.16196 0.15001 0.21089 0.41010 0.73791 1.10358 1.72184 2.71940 3.78126 4.22354 3.95849 3.09620 2.51504 2.78251 3.09000 3.33878 3.35748 3.54360 3.94517 4.89958 6.36368 7.98233
1.02237 0.57489 0.31932 0.02394 0.00000 0.00000 0.00000 0.06533 0.04034 0.08429 0.23597 0.18899 0.84729 2.53104 2.48511 2.21443 1.12016 0.46540 0.14803 0.02944 0.00000 0.00000 0.05720 0.17481 0.39205 0.74138 1.15472 1.47527 1.53749 1.26128 0.79938 0.46412 0.41961 0.40679 0.39739 0.36134 0.30791 0.23019 0.13905 0.07954 0.08778 0.21778 0.41957 0.65696 1.28114 2.80935 4.77158 5.67695 5.54553 5.00040 4.62324 4.52530 3.98641 3.31085 3.07264 3.34628 3.97551 4.67136 6.20013 8.25778
0.08280 0.00000 0.00000 0.00000 0.00000 0.00000 0.00000 0.00000 0.00000 0.00000 0.00000 0.17175 1.98423 7.11419 5.85608 3.69553 1.44757 0.51304 0.20666 0.05062 0.02128 0.10882 0.30890 0.68881 1.24958 1.83556 2.31087 2.35505 2.17505 1.61843 0.95245 0.58242 0.52295 0.48277 0.43394 0.39311 0.35366 0.28368 0.16814 0.06167 0.05793 0.19226 0.35465 0.43075 0.75268 2.20316 4.71318 5.78562 6.06139 6.79182 7.90262 8.03982 5.59363 2.95434 2.04023 2.54410 3.54387 4.35611 5.58677 7.13605
0.00000 0.00000 0.00000 0.00000 0.00000 0.00000 0.00000 0.00000 0.00000 0.00000 0.00000 0.00000 0.50798 2.54868 2.56196 1.74935 0.82443 0.25269 0.02609 0.00000 0.27672 0.65628 1.27496 2.06923 2.82294 3.23793 3.43733 3.02071 2.48384 1.68695 1.05668 0.70569 0.71197 0.64184 0.54139 0.46983 0.41534 0.36474 0.27596 0.13160 0.14473 0.39962 0.60149 0.53053 0.67703 1.87400 4.05661 5.34083 5.87681 7.36440 8.84439 8.62460 5.49976 2.05859 0.95303 1.60405 2.83086 3.67387 4.31252 5.35555
0.00000 0.00000 0.00000 0.00000 0.00000 0.00000 0.00000 0.00000 0.00000 0.00000 0.00000 0.00000 0.00000 0.00000 0.05978 0.03207 0.00000 0.00000 0.00000 0.18051 0.77808 1.51294 2.55476 3.60485 4.45268 4.95670 4.48515 3.48608 2.33790 1.55410 0.92606 0.74785 0.94463 0.89956 0.78345 0.67074 0.55966 0.52944 0.57223 0.58561 0.81424 1.42159 1.80088 1.60503 1.47861 2.13938 3.42668 4.55551 5.21312 6.17670 6.62016 5.97172 4.23852 1.96338 0.95735 1.08852 1.59147 1.84971 2.06447 2.47551
0.00000 0.02942 0.00000 0.00000 0.00000 0.00000 0.00000 0.00000 0.02298 0.09848 0.15184 0.10974 0.00000 0.00000 0.00000 0.00000 0.00000 0.00000 0.00000 0.52933 1.39945 2.35823 3.47718 4.79591 5.08631 5.07372 4.68912 3.64711 1.98600 1.34136 0.97042 0.81565 1.11163 1.20147 1.24308 1.26333 1.28038 1.34813 1.49999 1.72383 2.41999 3.25550 3.61087 3.46677 2.90679 2.53009 2.76644 2.85788 3.28816 4.05233 4.98458 4.74432 3.30421 1.87696 1.01448 0.76971 0.62387 0.40602 0.39585 0.66721
0.13657 0.18069 0.17147 0.18632 0.14774 0.00000 0.00000 0.04584 0.21638 0.52417 0.65116 0.53869 0.35159 0.16117 0.02248 0.00000 0.00000 0.00000 0.00000 0.53245 1.78603 3.01501 4.17857 5.80706 5.74976 4.78891 3.72504 2.67328 1.64324 1.13149 0.82059 0.95944 1.12229 1.28191 1.49519 1.83843 2.29492 2.59181 2.63435 2.82335 3.42087 4.07596 4.28066 3.96901 3.15638 2.18484 1.77264 1.80403 2.24637 2.34393 2.85666 3.09172 2.28510 1.45844 0.69927 0.42707 0.19424 0.00000 0.00000 0.13343
0.47040 0.45356 0.45601 0.40525 0.35349 0.10748 0.00000 0.38743 0.86676 1.27671 1.17813 0.93812 0.69792 0.51618 0.28604 0.04823 0.00000 0.00000 0.00000 0.44050 2.06807 3.37447 4.03789 5.16854 6.61045 5.86190 3.15201 1.48428 0.72419 0.37000 0.60741 0.88918 1.12868 1.22706 1.39157 1.76902 2.44266 2.91826 2.89266 2.99257 3.34644 3.69888 3.69504 2.97063 1.84314 1.11170 1.00286 1.46811 1.80693 2.08157 1.90502 1.64412 1.40091 0.85524 0.43999 0.18288 0.12250 0.10063 0.05060 0.00000
1.06752 0.87346 1.22866 1.22488 0.87779 0.11720 0.14209 0.92272 2.03738 2.58853 1.74164 0.85665 0.65436 0.72185 0.62911 0.24006 0.04538 0.00000 0.00000 0.34844 1.37499 2.31555 2.45360 2.94868 4.70974 4.37326 2.27222 0.74440 0.09719 0.03596 0.44434 0.76636 1.04661 1.16441 1.25749 1.51773 2.11348 2.48584 2.42453 2.42537 2.66915 2.80708 2.42334 1.35709 0.49854 0.26395 0.41974 0.88123 1.59094 2.03279 1.28268 0.88338 0.55825 0.35782 0.22576 0.22841 0.23654 0.25030 0.19513 0.03044
3.71358 4.11848 4.70548 3.90913 2.07783 0.29003 0.15635 0.87247 2.50073 3.68093 2.08410 0.47903 0.30780 0.56124 0.60565 0.28813 0.04790 0.00000 0.00000 0.10878 0.54826 0.97097 1.14852 1.34300 1.95132 1.69731 0.72354 0.08971 0.00000 0.11400 0.46719 0.65480 0.84812 0.97436 1.07232 1.36666 1.89967 1.83927 1.33029 1.45746 1.72518 1.67805 1.18425 0.46485 0.06593 0.00000 0.13377 0.36839 1.01146 0.87651 0.38621 0.28239 0.23643 0.16547 0.16837 0.29451 0.31844 0.28996 0.21347 0.09490
11.50119 15.14108 14.03899 8.16773 2.84058 0.44204 0.14134 0.57134 1.54759 1.65298 0.76519 0.20963 0.06828 0.30745 0.30205 0.11461 0.00000 0.00000 0.00000 0.00000 0.02834 0.20293 0.25837 0.30949 0.56156 0.29796 0.00000 0.00000 0.00000 0.18082 0.59554 0.58602 0.54699 0.62000 0.58571 1.32060 3.47044 2.81180 1.17471 1.33343 1.26972 0.77397 0.22664 0.00000 0.00000 0.00000 0.00000 0.00000 0.06239 0.31057 0.11940 0.05325 0.04459 0.00000 0.31108 0.59422 0.57772 0.46248 0.19753 0.05733
20.35941 27.22855 23.53609 11.06640 2.25990 0.30545 0.00000 0.10584 0.45904 0.36079 0.08857 0.02338 0.19692 0.39381 0.18415 0.02423 0.00000 0.00000 0.00000 0.00000 0.00000 0.00000 0.00000 0.02825 0.06018 0.00000 0.00000 0.00000 0.00000 0.00000 0.10482 0.32699 0.32691 0.26366 0.00000 0.68989 5.71241 7.53275 4.40209 2.50647 2.04747 1.79727 0.91955 0.19509 0.03402 0.12997 0.03439 0.00000 0.00000 0.23075 0.23803 0.18451 0.14856 0.32631 1.51375 1.85925 1.38395 0.77441 0.22091 0.02373
20.87376 28.19275 23.87827 11.39501 2.92456 0.22927 0.00000 0.00000 0.00000 0.05020 0.12900 0.32800 0.97238 1.16870 0.61235 0.04707 0.00000 0.00000 0.00000 0.00000 0.00000 0.00000 0.00000 0.00000 0.00000 0.00000 0.00000 0.00000 0.00000 0.00000 0.02498 0.04041 0.11098 0.04663 0.00000 0.00000 1.21604 3.61961 3.31146 2.87600 3.18407 2.20919 1.75804 0.86600 0.91749 0.97178 1.11559 1.42716 0.86849 0.72235 0.54405 0.40844 0.91227 1.69430 2.99192 3.92082 3.22981 1.71854 0.63987 0.22413
11.61246 15.28183 11.58253 6.29518 1.85045 0.02092 0.00000 0.00000 0.00000 0.00000 0.23996 1.15985 2.40978 1.93176 0.73861 0.00000 0.00000 0.00000 0.00000 0.00000 0.00000 0.00000 0.00000 0.00000 0.00000 0.00000 0.00000 0.00000 0.02154 0.08504 0.10013 0.08046 0.00000 0.00000 0.00000 0.00000 0.00000 0.00000 0.44424 3.83133 4.90830 1.76162 2.44914 2.96739 4.34421 4.76118 2.70060 1.73290 1.35218 0.79698 0.33060 0.61292 1.14783 1.62588 3.34854 5.10824 4.83982 2.95897 1.32158 0.51724
3.33256 4.50146 2.00704 1.11376 0.03846 0.00000 0.00000 0.00000 0.00000 0.00000 0.09785 0.78722 1.65480 0.84796 0.31569 0.00000 0.00000 0.00000 0.00000 0.00000 0.00000 0.00000 0.00000 0.00000 0.00000 0.00000 0.00000 0.00000 0.06094 0.22873 0.48543 0.26958 0.07184 0.00000 0.00000 0.00000 0.00000 0.00000 0.41373 3.78150 5.04408 2.57190 2.57626 2.79655 3.74736 3.31137 1.82068 0.82804 0.41273 0.29210 0.06001 0.00000 0.65887 1.78339 3.12048 5.34562 6.46866 4.18358 1.84492 0.84854
0.45261 1.03947 0.31748 0.00000 0.00000 0.00000 0.00000 0.00000 0.00000 0.00000 0.00000 0.10284 0.32312 0.14305 0.04187 0.00000 0.00000 0.00000 0.00000 0.00000 0.00000 0.00000 0.00000 0.00000 0.00000 0.00000 0.00000 0.00000 0.08411 0.26477 0.42436 0.30249 0.10859 0.00000 0.00000 0.00000 0.00000 0.00000 0.00000 0.95219 2.02838 1.30962 1.27460 1.34046 1.80719 1.25952 0.21248 0.10802 0.00000 0.07114 0.12163 0.06363 0.78677 1.79651 2.41393 5.14802 8.11262 5.76058 2.16205 1.22775
0.00000 0.00000 0.00000 0.00000 0.00000 0.00000 0.00000 0.00000 0.00000 0.00000 0.00000 0.00000 0.00000 0.00000 0.00000 0.00000 0.03936 0.06815 0.00000 0.00000 0.00000 0.00000 0.00000 0.00000 0.00000 0.00000 0.00000 0.00000 0.00000 0.05190 0.10031 0.13542 0.05586 0.00000 0.00000 0.00000 0.00000 0.00000 0.00000 0.13561 0.14466 0.50955 2.29678 2.67320 0.98243 0.04570 0.00000 0.00000 0.00000 0.00000 0.00000 0.14842 0.78547 1.33675 2.03622 4.17348 5.93302 5.15345 2.37408 1.74041
0.00000 0.00000 0.00000 0.00000 0.00000 0.00000 0.00000 0.00000 0.00000 0.00000 0.00000 0.00000 0.00000 0.00000 0.00000 0.08823 0.33858 0.43687 0.21230 0.00000 0.00000 0.00000 0.00000 0.00000 0.00000 0.00000 0.00000 0.00000 0.00000 0.00000 0.00000 0.00000 0.00000 0.00000 0.00000 0.00000 0.00000 0.00000 0.26685 1.47988 1.07776 0.44320 2.05794 3.14075 0.81722 0.13722 0.00000 0.00000 0.00000 0.00000 0.00000 0.20457 0.52998 0.61405 0.57433 1.17052 2.32517 2.71065 1.56682 1.55456
0.00000 0.00000 0.00000 0.00000 0.00000 0.00000 0.00000 0.00000 0.00000 0.00000 0.00000 0.00000 0.00000 0.00000 0.00000 0.11375 0.44146 0.65666 0.24859 0.02613 0.00000 0.00000 0.00000 0.00000 0.00000 0.00000 0.00000 0.00000 0.00000 0.00000 0.00000 0.00000 0.00000 0.00000 0.00000 0.00000 0.00000 0.00000 1.32130 5.49655 3.55140 2.28336 1.46358 1.43492 0.68651 0.10423 0.00000 0.00000 0.00000 0.00000 0.00000 0.08302 0.28287 0.27660 0.19109 0.16761 0.61251 0.77014 0.48186 0.96668
0.00000 0.00000 0.00000 0.00000 0.00000 0.00000 0.00000 0.00000 0.00000 0.00000 0.00000 0.00000 0.00000 0.00000 0.08776 0.19591 0.31440 0.30102 0.11662 0.00000 0.00000 0.00000 0.00000 0.00000 0.00000 0.00000 0.00000 0.00000 0.00000 0.00000 0.00000 0.00000 0.00000 0.00000 0.00000 0.00000 0.00000 1.74522 3.52113 5.27559 4.69112 8.37181 4.43083 0.62599 0.02409 0.00000 0.00000 0.00000 0.00000 0.00000 0.00000 0.00000 0.12059 0.10792 0.07099 0.08537 0.21980 0.23994 0.17971 0.62063
0.00000 0.00000 0.00000 0.00000 0.00000 0.00000 0.00000 0.00000 0.00000 0.00000 0.00000 0.00000 0.00000 0.08093 0.35677 0.61313 0.30654 0.08171 0.00000 0.00000 0.00000 0.00000 0.00000 0.00000 0.00000 0.00000 0.00000 0.00000 0.00000 0.00000 0.00000 0.00000 0.00000 0.00000 0.00000 0.00000 0.00000 9.02756 16.61050 7.69359 7.61886 17.14367 7.73760 1.15659 0.05003 0.00000 0.00000 0.00000 0.00000 0.00000 0.00000 0.00000 0.04873 0.04318 0.03249 0.03718 0.10654 0.14395 0.18861 0.38494
0.00000 0.00000 0.00000 0.00000 0.00000 0.00000 0.00000 0.00000 0.00000 0.00000 0.00000 0.00000 0.00000 0.08384 0.26894 0.30002 0.11616 0.00000 0.00000 0.00000 0.00000 0.00000 0.00000 0.00000 0.00000 0.00000 0.00000 0.00000 0.00000 0.00000 0.00000 0.00000 0.00000 0.00000 0.00000 0.00000 0.00000 3.55624 11.70230 10.86471 13.10603 11.92983 3.66546 0.73975 0.00000 0.00000 0.00000 0.00000 0.00000 0.00000 0.00000 0.00000 0.00000 0.00000 0.00000 0.00000 0.09846 0.21593 0.33657 0.64073
0.00000 0.00000 0.00000 0.00000 0.00000 0.00000 0.00000 0.00000 0.00000 0.00000 0.00000 0.00000 0.00000 0.00000 0.05219 0.03835 0.00000 0.00000 0.00000 0.00000 0.00000 0.00000 0.00000 0.00000 0.00000 0.00000 0.00000 0.00000 0.00000 0.00000 0.00000 0.00000 0.00000 0.00000 0.00000 0.00000 0.00000 0.75779 6.01506 9.08694 11.77604 -99999.00000 -99999.00000 0.27409 0.00000 0.00000 0.00000 0.00000 0.00000 0.00000 0.00000 0.04396 0.06570 0.06227 0.05359 0.04021 0.23616 0.56879 0.81503 1.28254
0.00000 0.00000 0.00000 0.00000 0.00000 0.00000 0.00000 0.00000 0.00000 0.00000 0.00000 0.00000 0.00000 0.00000 0.00000 0.00000 0.00000 0.00000 0.00000 0.00000 0.00000 0.00000 0.00000 0.00000 0.00000 0.00000 0.00000 0.00000 0.00000 0.00000 0.00000 0.00000 0.00000 0.00000 0.00000 -99999.00000 -99999.00000 -99999.00000 -99999.00000 -99999.00000 -99999.00000 -99999.00000 -99999.00000 0.00000 0.00000 0.00000 0.00000 0.00000 0.00000 0.00000 0.02018 0.25183 0.37383 0.34021 0.42423 0.70288 1.21240 1.47296 1.38106 1.44012
0.00000 0.00000 0.00000 0.00000 -99999.00000 0.00000 0.00000 0.00000 0.00000 0.00000 0.00000 0.00000 0.00000 0.00000 0.00000 0.00000 0.00000 0.00000 0.00000 0.00000 0.00000 0.00000 0.00000 0.00000 0.00000 0.00000 0.00000 0.00000 0.00000 0.00000 0.00000 0.00000 0.00000 0.00000 -99999.00000 -99999.00000 -99999.00000 -99999.00000 -99999.00000 -99999.00000 -99999.00000 -99999.00000 -99999.00000 -99999.00000 0.00000 0.00000 0.00000 0.00000 0.00000 0.00000 0.13217 0.52025 0.57718 0.72692 1.29121 1.75994 2.13608 2.31920 2.09973 1.58804
-99999.00000 -99999.00000 -99999.00000 -99999.00000 -99999.00000 0.00000 0.00000 0.00000 0.00000 0.00000 0.00000 0.00000 0.00000 0.00000 0.00000 0.00000 0.00000 0.00000 0.00000 0.00000 0.00000 0.00000 0.00000 0.00000 0.00000 0.00000 0.00000 0.00000 0.00000 0.00000 0.00000 0.00000 0.00000 0.00000 -99999.00000 -99999.00000 -99999.00000 -99999.00000 -99999.00000 -99999.00000 -99999.00000 -99999.00000 -99999.00000 -99999.00000 -99999.00000 0.00000 0.00000 0.00000 0.00000 0.02099 0.48686 0.74944 0.89946 1.55598 1.86394 1.87226 2.34624 2.77583 2.61601 2.17314
