DATA/RAW-RASTER/CPC/2017/20170823.asc
ncols			60
nrows			40
xllcorner		70.0
yllcorner		20.0
cellsize		0.5
NODATA_value	-99999
0.00000 0.00000 0.00000 0.00000 0.00000 0.00000 0.00000 0.02895 0.45516 1.52934 2.67058 2.80634 2.93485 4.01260 7.23833 11.22213 13.87301 14.28812 13.49061 10.26111 5.69510 2.67421 1.49007 1.09774 0.94355 0.84608 0.72664 0.62262 0.46290 0.22599 0.08657 0.02288 0.00000 0.00000 0.00000 0.00000 0.00000 0.00000 0.00000 0.00000 0.00000 0.00000 0.00000 0.00000 0.00000 0.00000 0.00000 0.00000 0.00000 0.00000 0.00000 0.00000 0.00000 0.00000 0.00000 0.00000 0.00000 0.00000 0.00000 0.00000
0.00000 0.00000 0.00000 0.00000 0.00000 0.00000 0.00000 0.00000 0.38898 1.30214 2.07440 2.10754 2.16407 2.53277 3.92515 6.80758 10.05984 11.72872 11.60495 9.86026 6.79287 4.02473 2.31053 1.49572 1.12669 0.89842 0.59564 0.53605 0.40105 0.15240 0.05890 0.00000 0.00000 0.00000 0.00000 0.00000 0.00000 0.00000 0.00000 0.00000 0.00000 0.00000 0.00000 0.00000 0.00000 0.00000 0.00000 0.00000 0.00000 0.00000 0.00000 0.00000 0.00000 0.00000 0.00000 0.00000 0.00000 0.00000 0.00000 0.00000
0.00000 0.00000 0.00000 0.00000 0.00000 0.00000 0.00000 0.00000 0.10142 0.69388 1.61460 1.84234 1.46143 1.09687 1.13388 2.39501 4.55698 6.23786 6.74040 6.13201 4.80966 3.42593 2.31677 1.59371 1.15709 0.93748 0.65096 0.47296 0.34475 0.10668 0.03621 0.00000 0.00000 0.00000 0.00000 0.00000 0.00000 0.00000 0.00000 0.00000 0.00000 0.00000 0.00000 0.00000 0.00000 0.00000 0.00000 0.00000 0.00000 0.00000 0.00000 0.00000 0.00000 0.00000 0.00000 0.00000 0.00000 0.00000 0.00000 0.00000
0.00000 0.00000 0.00000 0.00000 0.00000 0.00000 0.00000 0.00000 0.00000 0.21734 0.74822 1.14639 0.92233 0.45402 0.38857 1.15530 2.16579 2.77609 2.84039 2.39507 1.83639 1.44017 1.17772 0.99511 0.87152 0.60652 0.44176 0.33236 0.22514 0.06415 0.02095 0.00000 0.00000 0.00000 0.00000 0.00000 0.00000 0.00000 0.00000 0.00000 0.00000 0.00000 0.00000 0.00000 0.00000 0.00000 0.00000 0.02173 0.03106 0.02649 0.00000 0.00000 0.03399 0.03994 0.09812 0.30662 0.28240 0.10031 0.00000 0.04125
0.00000 0.00000 0.00000 0.00000 0.00000 0.00000 0.00000 0.00000 0.00000 0.06599 0.37846 0.64247 0.73810 0.74402 1.02523 1.62986 2.05172 1.97469 1.43331 0.78551 0.47060 0.38943 0.38635 0.40403 0.42892 0.39653 0.19512 0.18279 0.10610 0.04332 0.00000 0.00000 0.00000 0.00000 0.00000 0.00000 0.00000 0.00000 0.00000 0.00000 0.03251 0.05326 0.10168 0.20942 0.35663 0.50582 0.46763 0.34634 0.21048 0.10538 0.05277 0.07330 0.14496 0.17192 0.18663 0.67071 1.59058 1.77802 1.02093 0.42286
0.00000 0.00000 0.00000 0.00000 0.00000 0.00000 0.00000 0.00000 0.00000 0.00000 0.21274 0.67372 0.96057 1.25611 1.63990 1.98180 2.03708 1.63551 0.81228 0.21109 0.07808 0.08840 0.11556 0.15081 0.18631 0.22464 0.10778 0.09580 0.06349 0.03426 0.00000 0.00000 0.00000 0.00000 0.00000 0.00000 0.02147 0.04106 0.08177 0.17408 0.25812 0.41059 0.76528 1.43938 2.11001 2.32925 1.92989 1.26695 0.75238 0.45837 0.32092 0.30970 0.41779 0.45892 0.50861 1.45995 3.34556 3.81588 2.21527 0.75625
0.00000 0.00000 0.00000 0.00000 0.00000 0.00000 0.00000 0.00000 0.00000 0.00000 0.15170 0.76840 1.25881 1.63143 1.96955 2.14071 1.98834 1.38028 0.59731 0.15919 0.04651 0.03587 0.03854 0.04896 0.08549 0.11189 0.05978 0.06067 0.04670 0.02574 0.00000 0.00000 0.00000 0.00000 0.00000 0.02626 0.13751 0.27932 0.48393 0.78313 1.28589 2.33499 4.14144 6.59733 7.62567 7.07808 5.18851 2.89894 1.40680 0.80386 0.63822 0.62863 0.79303 1.26480 2.29875 4.00401 5.60510 5.96258 4.22521 2.17692
0.00000 0.00000 0.00000 0.00000 0.00000 0.00000 0.00000 0.00000 0.00000 0.00000 0.00000 0.58325 1.30744 1.82809 1.97295 1.92216 1.66604 1.14653 0.58943 0.24181 0.10412 0.05228 0.03400 0.02660 0.02739 0.02973 0.03403 0.03474 0.03211 0.00000 0.00000 0.00000 0.00000 0.00000 0.00000 0.13515 0.46628 0.92304 1.60045 2.76366 5.04700 8.90985 15.02189 21.26044 20.75481 18.42680 14.25537 7.55765 3.03426 1.34134 1.01051 1.01904 1.28260 2.14893 3.70641 5.49094 7.53873 8.07201 5.54736 3.52684
0.00000 0.00000 0.00000 0.00000 0.00000 0.00000 0.00000 0.00000 0.00000 0.00000 0.00000 0.02962 0.42234 1.34828 1.93644 1.68405 1.36417 0.96773 0.57313 0.30552 0.16144 0.09062 0.05620 0.03874 0.03049 0.02851 0.02563 0.00000 0.00000 0.00000 0.00000 0.00000 0.00000 0.00000 0.23718 0.68371 1.32294 2.55416 4.34882 7.26580 11.52089 17.55112 24.38787 29.92163 32.36039 34.29768 32.55854 24.68877 11.16677 4.51487 2.59714 2.02868 2.11289 3.29547 5.00649 5.70409 6.43773 6.26376 5.22641 3.93670
0.00000 0.00000 0.00000 0.00000 0.00000 0.00000 0.00000 0.00000 0.00000 0.00000 0.00000 0.00000 0.00000 0.08408 0.82585 1.33361 1.15942 0.86966 0.57090 0.33958 0.19948 0.12188 0.07639 0.05110 0.03686 0.02938 0.02351 0.00000 0.00000 0.00000 0.00000 0.00000 0.00000 0.00000 0.03234 0.58994 3.29930 5.30927 7.02636 9.31418 11.84260 14.91693 18.36842 22.38619 27.82637 33.26511 35.33078 32.85490 24.86244 13.17316 6.10321 3.37560 2.63436 2.92390 3.23186 2.64914 2.23662 2.45788 2.93940 2.66606
0.00000 0.00000 0.00000 0.00000 0.00000 0.00000 0.00000 0.00000 0.00000 0.00000 0.00000 0.00000 0.00000 0.00000 0.14142 0.64298 1.03384 0.89878 0.56973 0.34745 0.20399 0.12314 0.07748 0.04882 0.03510 0.03102 0.02470 0.02220 0.00000 0.00000 0.04999 0.09270 0.12274 0.13005 0.11522 0.58021 2.92413 4.96451 6.15224 7.29159 8.15702 9.15545 9.92172 10.62769 13.62836 20.38988 26.32620 27.00560 21.56617 11.22167 4.08535 1.48334 0.73099 1.02070 1.21840 0.76966 0.47532 0.81988 1.34095 1.62643
0.00000 0.00000 0.00000 1.12677 3.81089 6.05068 3.15641 0.19329 0.00000 0.00000 0.00000 0.00000 0.00000 0.07154 0.39979 0.60978 0.85793 0.70313 0.34695 0.16504 0.08563 0.05157 0.03697 0.02772 0.02376 0.02060 0.00000 0.00000 0.00000 0.00000 0.15148 0.21895 0.22803 0.21552 0.32772 1.11252 1.87079 2.69664 3.78580 4.86125 5.29296 4.88417 4.09877 3.04556 2.26036 5.50925 12.40172 16.43571 13.14690 5.57754 1.50610 0.14341 0.00000 0.03298 0.34943 0.46671 0.41994 0.51343 0.65312 0.84445
0.00000 0.00000 1.40000 6.80838 16.79291 37.54822 34.99683 11.93399 2.20179 0.00000 0.00000 0.05028 0.02832 0.27329 0.67034 0.94712 1.07431 0.67879 0.28243 0.10266 0.03944 0.00000 0.00000 0.00000 0.00000 0.00000 0.00000 0.00000 0.00000 0.03660 0.21613 0.25989 0.27673 0.27084 0.29951 0.32839 0.34065 0.48220 0.79611 1.61785 2.98567 2.88068 2.12562 1.27346 0.94212 2.34563 5.65859 7.58543 6.00212 2.64836 0.64592 0.03260 0.00000 0.00000 0.00000 0.07034 0.27433 0.41798 0.49424 0.53570
0.00000 0.05555 2.66514 8.95580 21.39783 41.86278 42.90300 28.22496 12.57398 3.62776 1.08953 0.55249 0.69292 1.29571 2.09492 1.97496 1.62466 0.80317 0.22839 0.05901 0.00000 0.00000 0.00000 0.00000 0.00000 0.00000 0.02297 0.03090 0.05463 0.08814 0.27081 0.32725 0.34320 0.33912 0.33699 0.35744 0.36081 0.38763 0.47913 0.69063 1.15983 2.14115 2.22105 1.83054 1.76697 2.22979 2.96654 2.56761 2.47966 1.70251 1.24390 0.74473 0.14807 0.00000 0.00000 0.00000 0.05523 0.31467 0.40238 0.42840
0.00000 0.00000 1.31770 4.85943 9.03281 16.34054 23.01208 21.85898 12.35093 5.16165 3.28822 2.00797 1.82486 2.99216 4.90081 4.07972 2.68809 0.89221 0.20593 0.03452 0.00000 0.00000 0.00000 0.00000 0.00000 0.02838 0.05061 0.19467 0.93849 0.82489 0.27777 0.36177 0.37909 0.37803 0.39070 0.39486 0.37554 0.35120 0.38357 0.57940 1.13309 2.07387 3.03032 3.57860 3.53716 2.69317 1.71174 0.83874 0.81172 1.13132 1.21681 0.96477 0.23260 0.00000 0.00000 0.00000 0.00000 0.05788 0.10483 0.04175
0.00000 0.00000 0.21320 1.40789 1.92820 2.77453 7.00479 9.80370 5.22106 2.43283 3.30539 3.88068 2.96505 5.23946 9.93843 9.61524 2.92364 0.72446 0.24530 0.05329 0.00000 0.00000 0.00000 0.02569 0.04514 0.08169 0.10726 0.98337 2.01626 1.95620 0.89114 0.38312 0.40768 0.42797 0.46273 0.44951 0.40972 0.33088 0.27400 0.34475 0.79591 2.02856 3.88029 4.98836 4.81053 3.14695 1.21797 0.35134 0.26378 0.48728 0.59104 0.43671 0.09443 0.00000 0.00000 0.00000 0.00000 0.00000 0.00000 0.00000
0.00000 0.00000 0.00000 0.19018 0.35269 0.58227 1.99783 3.43928 2.90656 1.32984 2.57504 7.78742 12.25990 9.18815 4.53303 5.95845 2.18998 0.59220 0.32127 0.16270 0.08281 0.06126 0.06382 0.08250 0.13067 0.16537 0.25227 2.06146 3.47564 3.84029 2.77014 0.83668 0.43101 0.43679 0.44267 0.44247 0.42715 0.34796 0.22585 0.15326 0.42477 1.75675 4.16199 5.70313 5.76507 3.99212 1.55284 0.26937 0.15537 0.04865 0.00000 0.00000 0.00000 0.00000 0.00000 0.00000 0.00000 0.00000 0.00000 0.00000
0.00000 0.00000 0.00000 0.00000 0.00000 0.39611 0.98803 1.80054 2.07943 1.31393 2.09042 5.64570 11.47192 9.10864 3.00079 2.62730 2.00909 0.94402 0.55712 0.38320 0.27798 0.25569 0.25453 0.23710 0.24112 0.20843 0.95688 3.05580 4.81837 5.48559 4.28103 2.14476 0.56469 0.50109 0.50132 0.50894 0.49839 0.43426 0.31566 0.15915 0.35871 1.69678 4.15271 5.53420 5.73896 4.72350 2.39310 0.76886 0.17531 0.00000 0.00000 0.00000 0.00000 0.00000 0.00000 0.00000 0.00000 0.00000 0.00000 0.00000
0.00000 0.00000 0.00000 0.00000 0.00000 0.06687 0.35592 0.58274 0.83881 0.90361 0.88887 0.99566 3.04555 6.75545 6.15462 4.16681 4.32526 3.15530 1.73513 1.00344 0.53099 0.49168 0.47647 0.37228 0.30217 0.75832 2.18816 4.45660 7.73554 9.63579 8.08003 4.40556 1.21803 0.57760 0.58189 0.60828 0.56957 0.55051 0.56780 0.61439 1.09439 2.58662 4.59141 5.88290 5.80691 4.67814 2.62916 1.07774 0.35376 0.00000 0.00000 0.00000 0.00000 0.00000 0.00000 0.00000 0.00000 0.00000 0.00000 0.00000
0.00000 0.00000 0.00000 0.00000 0.00000 0.00000 0.03431 0.09376 0.18055 0.20164 0.00000 0.13939 0.33980 1.00076 3.16652 3.99394 4.53311 3.56264 3.53631 2.70918 1.24582 0.85756 0.76144 0.56309 0.56807 1.27300 3.11081 5.94204 11.05138 14.49981 13.32544 7.67178 2.37460 1.02551 0.72394 0.89976 1.00054 1.06658 1.26498 1.66931 2.76795 4.00667 4.71404 5.34313 5.10678 3.61219 1.82004 0.63874 0.15742 0.00000 0.00000 0.00000 0.00000 0.00000 0.00000 0.11519 0.06518 0.02386 0.00000 0.00000
0.00000 0.00000 0.00000 0.00000 0.00000 0.00000 0.00000 0.00000 0.00000 0.00000 0.00000 0.00000 0.00000 0.05578 0.28656 0.52861 1.81287 4.46720 5.41687 3.68352 3.28764 2.69042 2.28206 1.22005 0.61827 1.52840 4.47818 10.16098 16.34222 19.24162 16.90383 10.13396 4.18428 1.45786 0.97572 1.24165 1.68100 1.90778 1.98488 2.46340 3.56472 4.49421 4.70101 4.56855 3.85416 2.23626 0.86723 0.16650 0.00000 0.00000 0.00000 0.00000 0.00000 0.04813 0.29568 0.46382 0.47159 0.32998 0.23825 0.14290
0.00000 0.00000 0.00000 0.00000 0.00000 0.00000 0.00000 0.00000 0.00000 0.00000 0.00000 0.00000 0.29266 2.55534 4.57589 2.48106 4.47185 9.18810 17.96274 13.68242 9.45672 7.02650 5.49821 2.61136 1.79057 5.93296 11.09129 16.51919 17.69216 18.54491 15.92660 10.05103 4.42432 1.31413 0.71203 1.16360 1.80212 2.13204 2.02073 2.24645 3.15614 3.79045 3.85388 3.11827 1.97409 0.97591 0.38267 0.02586 0.00000 0.00000 0.00000 0.05783 0.22465 0.48346 0.76514 0.97511 1.23083 1.23285 1.02853 0.51986
0.00000 0.04779 0.15447 0.00000 0.00000 0.00000 0.00000 0.03723 0.14332 0.12612 0.02968 0.00000 0.81209 7.56796 19.20827 14.72839 12.38358 11.72407 15.18742 16.55026 15.54105 13.66981 11.31201 9.34850 11.21367 17.78824 28.89027 35.65747 28.98114 20.76407 16.84259 11.77254 5.41288 1.37748 0.61817 1.46663 2.19895 2.25862 2.06817 2.18747 2.70654 2.88949 2.53491 1.39191 0.48871 0.18209 0.05247 0.00000 0.02412 0.18072 0.34325 0.40189 0.33928 0.61739 1.16484 1.63168 1.92430 2.13475 2.01117 1.20276
1.52344 2.00055 2.48124 1.00281 0.00000 0.09361 0.05394 0.48511 1.20574 1.44661 1.83090 0.95188 1.22427 9.74067 21.37841 26.39398 24.83993 15.99533 8.58051 12.90119 18.19069 20.73602 24.49851 24.79700 25.32127 24.53826 33.08010 49.59510 51.60053 34.71178 21.34994 15.38787 8.36319 3.67191 2.55589 3.07003 2.91265 2.50467 2.26794 2.40985 2.36560 1.80885 1.05402 0.41756 0.05848 0.00000 0.00000 0.00000 0.12811 0.46510 0.78156 0.86931 0.74174 0.80107 1.54116 2.09865 2.37185 2.33089 2.15603 1.96168
7.06399 9.71944 9.40254 5.49859 1.90223 0.89945 0.76577 1.75942 4.22476 8.30994 11.41000 8.12974 4.16303 5.70409 13.43373 22.30951 25.28511 17.12396 11.94299 13.78380 14.83371 22.26007 36.95805 44.49560 39.86038 23.90108 15.46370 25.71983 35.76113 31.70427 33.05380 21.52286 11.01434 7.55074 6.10309 7.33185 4.69738 2.09066 2.36978 2.73903 1.96178 0.86219 0.00000 0.00000 0.00000 0.00000 0.00000 0.00000 0.00000 0.03886 0.27591 0.52579 0.76570 0.84503 1.68483 2.73233 2.90336 3.05878 2.27128 2.21734
13.67192 18.63303 16.92089 8.59844 2.25758 2.15570 3.85498 5.08316 7.27852 12.76801 20.07066 23.58056 16.18166 7.52192 7.64244 6.70909 7.85849 8.97757 7.82369 6.45970 6.78228 16.03551 32.46148 44.54020 39.38436 26.10399 17.22044 17.49413 20.05420 13.19750 15.97419 17.03344 10.95092 7.32715 5.87830 12.06739 6.94737 1.06482 2.30944 2.29460 1.36347 0.19847 0.00000 0.00000 0.00000 0.00000 0.00000 0.00000 0.00000 0.00000 0.00000 0.00000 0.21877 0.85043 1.87078 2.78721 2.81323 2.78005 2.34040 2.52651
14.70134 19.68647 17.78831 10.28990 5.59293 7.46607 10.11856 8.99168 7.79681 11.85141 22.82972 36.70599 25.91071 12.29777 2.40590 2.19187 1.32040 1.47891 1.56626 2.57052 4.31879 9.73234 18.55317 31.20290 34.86293 31.59025 31.21921 26.10963 16.62022 7.86218 6.29944 6.20322 5.58621 4.23256 2.87438 6.02586 2.03377 0.99146 1.99923 1.53047 0.35229 0.00000 0.00000 0.00000 0.00000 0.24681 1.11569 0.34835 0.00000 0.00000 0.00000 0.00000 0.00000 0.18513 1.64426 2.31853 2.35475 2.05322 1.95350 2.19675
9.13299 12.13307 9.89176 7.30954 7.87395 13.32980 15.48538 10.52782 7.01146 8.01063 15.08190 20.45815 12.75323 7.07545 4.48867 4.05394 0.58942 0.00000 0.00000 0.29104 1.05035 4.65702 12.72594 25.74219 38.44319 40.38058 37.67125 28.65996 16.72818 8.69526 3.08731 1.09227 1.23868 4.23627 12.25467 11.98292 8.92051 8.02425 3.35988 0.90366 0.00000 0.00000 0.00000 0.00000 0.18653 7.37958 16.22670 8.76122 1.61978 0.02951 0.00000 0.00000 0.00000 0.45618 1.45394 2.17489 2.06906 1.59223 1.31029 1.37646
3.08047 4.18109 2.11850 2.46263 5.15321 8.95984 10.98155 8.65235 5.98971 5.40653 8.08091 7.40046 2.86354 3.02592 10.66527 12.52692 4.61691 0.06540 0.00000 0.00000 0.47455 3.50220 11.92145 26.46136 41.99367 49.15616 43.62453 32.35498 20.33970 12.06637 6.70254 5.13733 0.61015 1.71033 5.76705 7.66966 11.81613 14.13104 4.40516 4.95018 7.54740 7.60565 3.21859 1.19920 6.92255 16.75740 23.85921 12.71499 2.74260 0.08876 0.00000 0.00000 0.17626 0.87566 1.41059 2.09132 2.30192 1.55728 0.94788 0.90415
0.46181 1.24414 0.78484 0.77725 1.24103 2.41635 4.28570 8.17004 9.78574 9.90456 8.83811 4.09009 1.98898 4.21642 15.32211 22.73243 9.57651 0.79115 0.04714 0.30737 1.60558 6.09300 17.67499 26.44608 35.33327 38.55785 28.95297 28.43307 23.11043 30.78224 27.95196 20.02633 3.04564 0.00000 0.15270 0.94211 4.87438 7.59967 6.50065 21.58642 50.09613 61.36438 37.34577 17.06360 28.26074 25.81046 15.34684 8.70642 1.90690 0.34492 0.00000 0.00000 0.49789 1.06315 1.30095 2.11186 2.67963 1.98552 1.08298 1.42366
0.00000 0.25179 0.25720 0.08196 0.33226 1.25713 5.28669 12.52915 20.47248 25.14385 14.79556 5.07701 1.86442 1.62647 5.46395 12.30700 12.79413 6.16447 3.13138 2.10691 2.49611 7.66550 30.58130 25.06610 21.35760 24.82476 21.35270 21.86837 28.74937 61.39886 65.75948 39.47036 13.20109 0.00000 0.00000 0.00000 0.26292 0.74354 6.16702 35.27282 81.35754 89.83079 65.39895 48.50547 47.62919 56.63809 28.92059 6.42762 1.45619 0.86247 0.27951 0.13484 0.72909 1.13868 1.45888 2.25096 2.54924 2.53094 2.02200 3.51778
0.03282 0.00000 0.02485 0.15719 0.75324 4.22877 9.05181 12.79002 19.28620 20.11992 12.52508 2.85871 0.78080 0.19045 0.85102 7.16261 21.83654 26.83726 15.13782 5.90863 4.21998 9.42634 27.73731 18.88754 12.39304 15.88882 19.14740 23.08963 33.21424 52.44091 53.35923 35.36543 11.66888 0.00000 0.21361 0.09204 0.17517 1.45385 13.88925 43.58230 57.60588 47.91599 38.61887 34.30469 40.12722 45.39573 22.39215 10.81782 4.26910 2.17979 0.88827 0.28176 0.84320 1.07407 1.12139 1.84721 2.56952 3.87128 4.17728 6.14979
0.02503 0.00000 0.00000 0.13932 1.52485 5.83166 9.75624 9.25290 10.89518 9.00227 4.94065 0.41683 0.00000 0.00000 1.10017 6.36903 26.26854 41.19853 19.36682 6.76101 4.69273 5.07518 10.29391 11.97633 9.87448 9.44404 11.89880 18.82958 25.84065 30.85400 27.08718 18.36904 6.13626 0.00000 0.10373 0.70570 1.35112 4.24806 20.46541 55.75459 36.75540 21.34813 23.35255 24.43908 30.87412 31.79539 17.64522 9.37820 4.66665 2.58693 1.33472 0.62286 0.83038 1.15369 1.35808 1.63894 2.76368 5.10851 6.23633 7.49675
0.00000 0.00000 0.00000 0.08403 0.94708 2.06970 5.57746 6.90572 5.85364 3.41390 1.44830 0.00000 0.00000 0.20830 0.57254 0.98769 9.70028 20.55328 14.80493 7.45850 5.69634 4.08739 5.02948 7.43774 7.26078 4.91075 3.81895 9.60822 16.97466 18.67945 16.68741 10.28993 2.56980 0.00000 0.00000 1.77184 9.19670 11.39086 15.27041 35.57925 20.12993 15.35602 11.47009 14.74616 23.33665 21.64466 9.92660 4.81557 2.87566 2.16035 1.25355 0.67844 0.62301 0.96756 1.13179 1.34612 3.17535 6.06921 7.85711 8.63472
0.00000 0.00000 0.00000 0.18926 1.44250 3.71035 5.85757 6.37717 3.77361 1.56768 0.57108 0.00000 0.00000 0.11658 0.11264 0.00000 2.60085 7.42019 8.96600 8.58844 9.80090 8.02327 6.23209 7.18713 6.41422 4.35135 3.21972 5.43879 8.60584 11.08316 10.48893 6.42061 2.62961 0.50490 0.08528 6.56145 26.98895 33.10122 37.95139 26.16101 7.76172 14.07206 40.19987 22.64620 16.01579 15.79278 9.00457 3.53594 2.52753 2.29148 1.54096 0.89623 0.49253 0.70279 0.86277 1.05278 3.29142 6.11952 8.56183 10.32942
0.00000 0.00000 0.00000 0.14915 1.47057 4.30435 6.89521 6.82115 3.73222 1.00792 0.24085 0.00000 0.00000 0.00000 0.09199 0.30359 1.47543 4.22926 6.75212 9.04109 9.05336 7.03179 4.95946 5.35841 5.67020 5.07731 4.20008 3.98482 4.04943 5.41845 6.25156 4.84892 2.39340 0.87882 1.28125 13.46581 41.76546 29.22953 32.29399 19.98321 7.30352 22.67748 58.06870 25.84220 10.52506 12.75083 9.71463 3.60080 1.79240 1.84222 1.63587 1.19645 0.54873 0.63622 0.84568 1.39766 3.74850 6.82358 7.98249 8.55026
0.00000 0.00000 0.39458 1.16799 1.08351 2.73442 4.63356 4.37716 2.07983 0.12255 0.00000 0.00000 0.00000 0.00000 0.26206 0.48391 1.05363 2.64521 4.63439 5.58104 4.07308 3.34148 2.37093 2.62681 4.06218 5.56013 5.78845 4.68492 3.62790 4.20635 4.69984 4.75328 3.27698 3.36288 3.58587 8.54945 29.82146 29.74716 24.42188 15.56986 10.40981 -99999.00000 -99999.00000 12.90168 5.57849 7.43450 7.97418 3.85987 1.38065 1.19896 1.46489 0.83662 0.43435 0.54132 0.74030 1.62719 4.34573 8.37185 8.74636 7.79029
0.00000 0.54424 1.98609 4.14823 3.26044 2.97790 3.21167 1.95015 0.41977 0.05680 0.00000 0.00000 0.00000 0.00000 0.24505 0.64972 0.54524 0.64912 1.68959 2.65894 1.72845 1.32460 0.72332 1.50992 4.36540 8.40265 9.18846 8.16799 6.17258 4.28807 3.56704 3.43764 3.04430 4.36440 4.86168 -99999.00000 -99999.00000 -99999.00000 -99999.00000 -99999.00000 -99999.00000 -99999.00000 -99999.00000 6.29259 3.35519 4.14732 4.66846 3.33351 1.27475 0.72996 0.63589 0.23480 0.07587 0.50125 1.26845 3.35815 8.71676 13.95815 13.26643 9.80163
0.04475 1.36466 2.67963 5.14485 -99999.00000 2.57018 1.38103 0.00000 0.04276 0.43216 0.89063 0.64232 0.09477 0.00000 0.06461 0.52138 0.12025 0.09810 1.46074 3.95983 3.73069 1.80228 1.06379 2.39910 6.88142 13.34818 16.89916 15.15811 8.45222 3.89679 2.53052 2.14972 1.33214 1.08421 -99999.00000 -99999.00000 -99999.00000 -99999.00000 -99999.00000 -99999.00000 -99999.00000 -99999.00000 -99999.00000 -99999.00000 3.56246 3.12188 2.94757 2.70522 1.84931 0.83007 0.23138 0.00000 0.00000 0.05529 1.43479 4.56104 10.47047 18.71882 22.28311 17.41891
-99999.00000 -99999.00000 -99999.00000 -99999.00000 -99999.00000 2.55249 1.52123 0.03068 0.29117 1.41996 3.53911 2.62626 0.90464 0.10634 0.00000 0.00000 0.00000 0.00000 1.02255 3.33028 4.41574 2.90763 2.25434 3.71897 8.22208 12.33804 18.21743 18.47385 8.97116 3.91532 3.12772 3.89895 1.86599 0.92855 -99999.00000 -99999.00000 -99999.00000 -99999.00000 -99999.00000 -99999.00000 -99999.00000 -99999.00000 -99999.00000 -99999.00000 -99999.00000 2.41702 2.39996 2.30524 1.91809 0.89722 0.10217 0.00000 0.00000 0.00000 0.15680 1.98930 6.63184 16.91636 28.25237 29.63770
