DATA/RAW-RASTER/CPC/2017/20170906.asc
ncols			60
nrows			40
xllcorner		70.0
yllcorner		20.0
cellsize		0.5
NODATA_value	-99999
0.00000 0.00000 0.00000 0.00000 0.00000 0.00000 0.00000 0.00000 0.00000 0.00000 0.00000 0.00000 0.00000 0.00000 0.00000 0.00000 0.00000 0.00000 0.00000 0.00000 0.00000 0.00000 0.00000 0.00000 0.00000 0.00000 0.00000 0.00000 0.00000 0.00000 0.00000 0.00000 0.00000 0.00000 0.00000 0.00000 0.00000 0.00000 0.00000 0.00000 0.00000 0.00000 0.00000 0.00000 0.00000 0.00000 0.00000 0.00000 0.00000 0.00000 0.00000 0.00000 0.00000 0.00000 0.00000 0.00000 0.00000 0.00000 0.00000 0.00000
0.00000 0.00000 0.00000 0.00000 0.00000 0.00000 0.00000 0.00000 0.00000 0.00000 0.00000 0.00000 0.00000 0.00000 0.00000 0.00000 0.00000 0.00000 0.00000 0.00000 0.00000 0.00000 0.00000 0.00000 0.00000 0.00000 0.00000 0.00000 0.00000 0.00000 0.00000 0.00000 0.00000 0.00000 0.00000 0.00000 0.00000 0.00000 0.00000 0.00000 0.00000 0.00000 0.00000 0.00000 0.00000 0.00000 0.00000 0.00000 0.00000 0.00000 0.00000 0.00000 0.00000 0.00000 0.00000 0.00000 0.00000 0.00000 0.00000 0.00000
0.00000 0.00000 0.00000 0.00000 0.00000 0.00000 0.00000 0.00000 0.00000 0.00000 0.00000 0.00000 0.00000 0.00000 0.00000 0.00000 0.00000 0.00000 0.00000 0.00000 0.00000 0.00000 0.00000 0.00000 0.00000 0.00000 0.00000 0.00000 0.00000 0.00000 0.00000 0.00000 0.00000 0.00000 0.00000 0.00000 0.00000 0.00000 0.00000 0.00000 0.00000 0.00000 0.00000 0.00000 0.00000 0.00000 0.00000 0.00000 0.00000 0.00000 0.00000 0.00000 0.00000 0.00000 0.00000 0.00000 0.00000 0.00000 0.00000 0.00000
0.00000 0.00000 0.00000 0.00000 0.00000 0.00000 0.00000 0.00000 0.00000 0.00000 0.00000 0.00000 0.00000 0.00000 0.00000 0.00000 0.00000 0.00000 0.00000 0.00000 0.00000 0.00000 0.00000 0.00000 0.00000 0.00000 0.00000 0.00000 0.00000 0.00000 0.00000 0.00000 0.00000 0.00000 0.00000 0.00000 0.00000 0.00000 0.00000 0.00000 0.00000 0.00000 0.00000 0.00000 0.00000 0.00000 0.00000 0.00000 0.00000 0.00000 0.00000 0.00000 0.00000 0.00000 0.00000 0.00000 0.00000 0.00000 0.00000 0.00000
0.00000 0.00000 0.00000 0.00000 0.00000 0.00000 0.00000 0.00000 0.00000 0.00000 0.00000 0.00000 0.00000 0.00000 0.00000 0.00000 0.00000 0.00000 0.00000 0.00000 0.00000 0.00000 0.00000 0.00000 0.00000 0.00000 0.00000 0.00000 0.00000 0.00000 0.00000 0.00000 0.00000 0.00000 0.00000 0.00000 0.00000 0.00000 0.00000 0.00000 0.00000 0.00000 0.00000 0.02415 0.00000 0.00000 0.00000 0.00000 0.00000 0.00000 0.00000 0.00000 0.00000 0.00000 0.00000 0.00000 0.00000 0.00000 0.00000 0.00000
0.00000 0.00000 0.00000 0.00000 0.00000 0.00000 0.00000 0.00000 0.00000 0.00000 0.00000 0.00000 0.00000 0.00000 0.00000 0.00000 0.00000 0.00000 0.00000 0.00000 0.00000 0.00000 0.00000 0.00000 0.00000 0.00000 0.00000 0.00000 0.00000 0.00000 0.00000 0.00000 0.00000 0.00000 0.00000 0.00000 0.00000 0.00000 0.00000 0.00000 0.02911 0.04706 0.09090 0.17235 0.25885 0.23213 0.17458 0.11965 0.04637 0.00000 0.00000 0.00000 0.00000 0.00000 0.00000 0.00000 0.00000 0.00000 0.00000 0.00000
0.00000 0.00000 0.00000 0.00000 0.00000 0.00000 0.00000 0.00000 0.00000 0.03562 0.08877 0.05997 0.03822 0.00000 0.00000 0.00000 0.00000 0.00000 0.00000 0.00000 0.00000 0.00000 0.00000 0.00000 0.00000 0.00000 0.00000 0.00000 0.00000 0.00000 0.00000 0.00000 0.00000 0.00000 0.00000 0.00000 0.02171 0.04962 0.08514 0.12662 0.18992 0.33824 0.58746 0.88709 1.01306 0.91922 0.64474 0.32027 0.10698 0.02150 0.00000 0.00000 0.00000 0.00000 0.00000 0.00000 0.00000 0.00000 0.00000 0.00000
0.00000 0.27119 0.21143 0.08524 0.31701 0.56530 0.63359 0.21024 0.22669 0.54349 0.75381 0.80651 0.57464 0.27726 0.10000 0.03420 0.00000 0.00000 0.00000 0.00000 0.00000 0.00000 0.00000 0.00000 0.00000 0.00000 0.00000 0.00000 0.00000 0.00000 0.00000 0.00000 0.00000 0.00000 0.02439 0.05597 0.11993 0.20618 0.32419 0.53192 0.92882 1.51384 2.34115 3.03360 2.80582 2.39521 1.80319 0.91908 0.30792 0.07238 0.02199 0.00000 0.00000 0.00000 0.00000 0.00000 0.00000 0.00000 0.00000 0.00000
0.21883 1.54771 1.62524 1.03763 1.95462 2.02889 1.26330 0.30420 1.06204 1.15150 1.34654 1.48900 1.32866 0.95767 0.49758 0.17826 0.05986 0.00000 0.00000 0.00000 0.00000 0.00000 0.00000 0.00000 0.00000 0.00000 0.00000 0.00000 0.00000 0.00000 0.00000 0.00000 0.00000 0.05783 0.11953 0.22831 0.40066 0.70754 1.16375 1.84795 2.67771 3.62144 4.41546 4.73205 4.55419 4.44752 4.08109 3.06045 1.34752 0.47937 0.20840 0.03704 0.00000 0.02687 0.04716 0.06674 0.15854 0.17769 0.21876 0.10753
0.37061 2.78953 5.36090 8.03116 6.25694 3.85589 2.20675 1.13236 1.30625 1.89145 1.78956 1.56525 1.47894 1.36102 1.07455 0.58679 0.17832 0.00000 0.00000 0.00000 0.00000 0.00000 0.00000 0.00000 0.00000 0.00000 0.00000 0.00000 0.00000 0.00000 0.00000 0.03478 0.08441 0.12546 0.27123 0.53001 1.38709 2.02086 2.55884 3.19301 3.75274 4.26497 4.57552 4.64471 4.64803 4.59681 4.54512 4.27227 3.25776 1.71211 0.73755 0.17060 0.00000 0.25880 0.53754 0.64134 0.70610 0.68564 0.66683 0.47483
0.09094 1.72175 5.27021 7.19993 4.12224 2.53670 1.77027 1.62907 2.13922 3.40107 3.03721 1.65940 1.36362 1.29626 1.23162 1.01373 0.25142 0.03463 0.00000 0.00000 0.00000 0.00000 0.00000 0.00000 0.00000 0.00000 0.00000 0.00000 0.00000 0.00000 0.08660 0.28153 0.39901 0.58521 0.80205 1.23721 2.07415 2.67819 3.20937 3.69015 4.03283 4.39281 4.53397 4.35866 4.38429 4.44145 4.42024 4.18605 3.30836 1.72311 0.59867 0.05954 0.00000 0.09764 0.61749 0.75451 0.78862 0.86413 0.92218 0.77580
0.02973 0.57059 2.17026 3.03033 2.04963 1.23117 1.00322 1.54900 2.21311 3.35264 3.32523 1.70874 1.21857 1.18188 1.22444 1.05096 0.64691 0.26937 0.03439 0.00000 0.00000 0.00000 0.00000 0.00000 0.00000 0.00000 0.00000 0.00000 0.00000 0.10735 0.30895 0.44874 0.61099 0.70623 0.88388 1.27293 1.73565 2.31750 3.06931 3.84269 4.38262 4.47540 4.38786 4.15752 4.04447 4.06809 4.15100 3.88121 2.71815 1.09139 0.27502 0.00000 0.00000 0.00000 0.38203 0.72562 0.80926 0.84060 0.87696 0.89856
0.02064 0.11720 0.55589 1.16329 1.47602 1.16611 1.84118 2.10341 2.33598 1.81834 1.43834 1.61959 1.53949 1.37456 1.32165 0.97913 0.54945 0.20242 0.02268 0.00000 0.00000 0.00000 0.00000 0.00000 0.00000 0.00000 0.00000 0.00000 0.00000 0.17832 0.40162 0.48772 0.58244 0.67755 0.81710 0.98734 1.17938 1.59806 2.31061 3.07603 4.02706 4.53249 4.63959 4.38460 4.05170 3.96611 3.85336 3.03117 1.84353 0.76434 0.17671 0.00000 0.00000 0.00000 0.09023 0.43824 0.65838 0.79816 0.88046 0.87107
0.00000 0.11700 0.37068 1.40828 2.34104 2.15284 1.34071 1.20249 2.11956 2.60175 2.24684 2.73852 3.85116 3.54452 2.42364 0.97164 0.34789 0.02472 0.00000 0.00000 0.00000 0.00000 0.00000 0.00000 0.00000 0.00000 0.00000 0.00000 0.02683 0.27492 0.47255 0.55979 0.61984 0.69163 0.79550 0.91198 1.03238 1.19432 1.43570 1.83824 2.53053 3.55972 4.10529 4.15701 4.03931 3.49901 2.68412 1.81551 1.02201 0.60143 0.43661 0.26549 0.05389 0.00000 0.00000 0.22990 0.52260 0.76106 0.81875 0.74874
0.00000 0.39364 1.38452 3.00757 4.53089 5.05217 3.77485 2.03192 2.47497 5.19885 6.56548 7.93601 11.20751 7.65967 2.84932 0.88431 0.26080 0.00000 0.00000 0.00000 0.00000 0.00000 0.00000 0.00000 0.00000 0.00000 0.00000 0.00000 0.00000 0.23657 0.46495 0.56310 0.62552 0.68916 0.79114 0.86504 0.94872 1.04689 1.15748 1.28454 1.49006 1.67809 1.83303 2.00109 2.06414 1.69678 1.07847 0.59683 0.37141 0.44589 0.43874 0.34397 0.08450 0.00000 0.00000 0.26345 0.62607 0.73998 0.62118 0.40178
0.06203 0.28059 1.13791 3.68848 6.64002 7.59510 7.27732 7.92257 6.97777 5.70441 6.92299 10.50143 15.44248 9.89087 2.19750 1.81321 0.74787 0.00000 0.00000 0.00000 0.00000 0.00000 0.00000 0.00000 0.00000 0.00000 0.00000 0.02073 0.11014 0.28146 0.43108 0.55064 0.61931 0.71328 0.84208 0.89825 0.93666 0.96421 1.03042 1.08866 1.10446 0.97130 0.64474 0.48063 0.42472 0.36600 0.18247 0.00000 0.00000 0.16952 0.20924 0.15740 0.03515 0.00000 0.00000 0.45795 1.00247 0.99540 0.62408 0.19334
0.00000 0.07411 0.67313 3.15274 6.61869 8.13802 8.73978 13.12532 15.89471 6.98445 3.78432 5.72131 6.64599 5.67572 3.79194 6.77104 2.64379 0.25932 0.00000 0.00000 0.00000 0.00000 0.00000 0.00000 0.00000 0.02796 0.08382 0.12888 0.17413 0.26304 0.39341 0.54781 0.60676 0.67532 0.73014 0.78186 0.83719 0.86957 0.95884 1.03979 1.05306 0.85794 0.12817 0.02272 0.03629 0.03395 0.00000 0.00000 0.00000 0.00000 0.00000 0.00000 0.00000 0.00000 0.00000 0.46091 1.15713 1.30011 0.57535 0.00000
0.00000 0.03854 0.58440 2.08191 4.42479 6.02704 7.68726 12.58232 15.76863 8.47371 3.76739 2.78799 3.12964 9.28907 15.13806 11.53054 4.47477 1.07477 0.19252 0.00000 0.00000 0.00000 0.00000 0.00000 0.06947 0.11441 0.15120 0.15904 0.15052 0.19775 0.27790 0.41470 0.57462 0.67853 0.72765 0.78760 0.82590 0.81781 0.93066 1.04060 1.03688 0.83784 0.24466 0.00000 0.00000 0.00000 0.00000 0.00000 0.00000 0.00000 0.00000 0.00000 0.00000 0.00000 0.00000 0.07706 0.90090 1.12372 0.59469 0.25846
0.00000 0.00000 0.10680 0.51355 1.57627 2.41432 3.39624 5.22195 7.03288 6.21718 4.14116 3.11971 3.29853 8.06236 16.54874 11.62893 4.68137 0.98283 0.00000 0.00000 0.02297 0.00000 0.00000 0.07626 0.12344 0.16276 0.18179 0.18052 0.15373 0.11993 0.04659 0.10046 0.33581 0.54336 0.65400 0.75220 0.76859 0.78250 0.85804 0.92717 0.89849 0.70440 0.30532 0.00000 0.00000 0.00000 0.02924 0.10906 0.18997 0.09064 0.00000 0.00000 0.02188 0.00000 0.00000 0.00000 0.24988 0.53710 0.84540 1.25794
0.00000 0.00000 0.00000 0.00000 0.02098 0.00000 0.41597 1.02565 2.04456 4.03874 5.07766 4.66393 3.31363 5.21798 14.09980 11.39912 3.23578 0.00000 0.20515 0.51496 0.15128 0.04782 0.00000 0.12913 0.18714 0.22986 0.22946 0.17992 0.14587 0.11149 0.03280 0.00000 0.00000 0.12753 0.41114 0.57705 0.62399 0.61875 0.64842 0.64287 0.54887 0.20008 0.17144 0.21023 0.32207 0.32009 0.52923 0.59014 0.69788 0.60069 0.37646 0.11095 0.00000 0.00000 0.03448 0.33126 0.46723 0.35809 0.71777 2.27218
0.00000 0.00000 0.00000 0.00000 0.00000 0.00000 0.00000 0.10703 1.03388 4.12055 7.90313 8.84875 8.71406 13.60377 21.70992 18.81712 6.68973 1.35126 2.57223 1.30154 0.62379 0.10608 0.02845 0.30669 0.32669 0.27386 0.23237 0.19559 0.15849 0.11304 0.04079 0.00000 0.00000 0.00000 0.00000 0.19944 0.24774 0.21343 0.22844 0.27144 0.22052 0.06846 0.07414 0.32326 0.80177 1.06671 0.91848 0.79086 0.91609 0.73997 0.61723 0.41882 0.18126 0.07892 0.54070 0.89797 0.99697 0.89314 1.49812 3.50431
0.00000 0.00000 0.00000 0.00000 0.00000 0.00000 0.00000 0.00000 1.13637 4.15949 9.17702 12.79278 10.51191 13.24840 28.38070 38.39809 18.30486 6.81654 10.23464 7.67201 2.92820 0.38154 0.02361 0.33866 0.56607 0.54912 0.29558 0.17972 0.11387 0.08129 0.03178 0.00000 0.00000 0.00000 0.00000 0.02841 0.04874 0.02603 0.04234 0.08810 0.15674 0.17634 0.30866 0.80003 1.53208 1.70123 1.35713 1.07197 0.86197 0.85984 0.59921 0.23582 0.05393 0.71971 1.25017 1.65055 2.19065 2.52252 3.40950 5.37399
0.00000 0.00000 0.00000 0.00000 0.00000 0.00000 0.00000 0.00000 0.31927 2.18232 4.62738 7.48441 6.73647 5.96310 18.44440 33.43338 17.15005 4.30903 7.09818 8.14400 4.35490 0.98256 0.00000 0.03226 0.31972 0.52019 0.35014 0.22686 0.14020 0.07519 0.00000 0.00000 0.00000 0.00000 0.00000 0.00000 0.00000 0.00000 0.03978 0.05231 0.29179 0.65222 1.08007 1.63587 1.99529 1.98897 1.62430 1.22369 0.93870 0.56605 0.08882 0.00000 0.22929 0.91488 1.87191 2.64711 3.08915 3.43969 4.18788 5.92547
0.00000 0.00000 0.00000 0.00000 0.00000 0.00000 0.00000 0.00000 0.00000 0.27944 1.30775 5.41330 10.26505 7.81141 8.17575 10.98880 6.38441 2.47363 1.24074 1.66692 1.19439 0.00000 0.00000 0.00000 0.00000 0.04773 0.17048 0.24918 0.22532 0.08225 0.00000 0.00000 0.00000 0.00000 0.00000 0.00000 0.11783 0.35894 0.51269 0.62851 0.97794 1.35611 1.78590 2.08446 1.98237 1.89554 2.76455 2.52572 0.19271 0.00000 0.00000 0.00000 0.17143 1.08989 2.53806 3.49481 3.87544 3.65909 3.74217 5.36084
0.00000 0.00000 0.00000 0.00000 0.00000 0.00000 0.00000 0.00000 0.00000 0.14381 1.71029 7.68404 13.10495 10.91262 6.84158 3.06386 0.35832 0.16232 0.18778 0.08811 0.06659 0.00000 0.00000 0.00000 0.00000 0.00000 0.00000 0.05297 0.11755 0.00000 0.00000 0.00000 0.00000 0.00000 0.00000 0.00000 0.02373 0.37272 0.87994 1.44022 2.22112 3.53109 3.61632 2.45830 2.43802 3.27308 3.35149 1.00195 0.00000 0.00000 0.00000 0.00000 0.07996 1.04168 2.84881 4.78624 5.49931 5.69083 4.00112 3.89641
0.00000 0.00000 0.00000 0.00000 0.00000 0.00000 0.00000 0.00000 0.03960 0.67934 2.56470 6.21588 9.41108 9.15709 5.41388 1.43485 0.09874 0.00000 0.00000 0.00000 0.00000 0.00000 0.00000 0.00000 0.00000 0.00000 0.00000 0.00000 0.00000 0.00000 0.00000 0.00000 0.00000 0.02154 0.00000 0.00000 0.08405 1.02331 2.70019 3.33170 4.73934 8.75486 12.06204 8.13051 6.47662 3.50189 0.79750 0.00000 0.00000 0.00000 0.00000 0.00000 0.00000 1.02450 4.07735 7.46778 8.15463 7.67212 5.68380 4.34610
0.00000 0.00000 0.00000 0.00000 0.00000 0.00000 0.00000 0.00000 0.10004 0.77239 2.86061 5.64967 5.98844 5.43804 3.19971 0.69831 0.00000 0.00000 0.00000 0.00000 0.00000 0.00000 0.00000 0.00000 0.00000 0.00000 0.00000 0.00000 0.00000 0.00000 0.00000 0.00000 0.00000 0.79482 1.25739 1.60913 2.93674 10.35121 7.96861 7.25335 8.34745 9.44310 13.54098 14.18009 6.96207 1.27946 0.50893 0.74138 0.09824 0.00000 0.00000 0.00000 0.00000 1.86655 6.16317 10.81666 12.66192 12.49027 11.58204 9.13212
0.00000 0.00000 0.00000 0.00000 0.00000 0.00000 0.00000 0.00000 0.00000 0.32210 1.63782 2.88091 2.32670 1.96423 0.34877 0.00000 0.00000 0.00000 0.09563 0.83011 1.93727 4.63478 5.31092 1.72458 0.00000 0.00000 0.00000 0.00000 0.00000 0.00000 0.00000 0.00000 0.27751 2.71538 8.62233 7.78405 7.10944 11.79093 8.60714 12.27625 11.25393 4.91635 5.85704 6.21965 3.03657 0.20886 0.11084 0.81270 0.69642 0.02330 0.00000 0.00000 0.27360 2.53493 6.45633 11.57054 14.49014 16.53174 18.73268 19.91978
0.00000 0.00000 0.00000 0.00000 0.00000 0.00000 0.00000 0.00000 0.00000 0.02276 0.61875 1.01262 0.93083 0.67616 0.06394 0.00000 0.04833 0.84104 3.62234 6.39896 14.49966 19.89945 18.01301 13.04407 5.07723 0.86086 0.00000 0.00000 0.00000 0.00000 0.00000 0.00000 0.05765 1.30338 4.65249 5.62437 4.89217 4.45220 7.31633 14.57984 13.48771 5.55215 2.18553 0.77383 0.26724 0.00000 0.00000 0.00000 0.00000 0.00000 0.00000 0.00000 0.67535 2.80105 5.34396 9.16162 13.09496 16.77959 20.07613 28.71519
0.00000 0.00000 0.00000 0.00000 0.00000 0.00000 0.00000 0.00000 0.00000 0.14421 0.93549 2.48238 2.43228 1.16911 0.18834 0.00000 0.65897 3.07458 9.82017 11.84725 23.96483 31.10081 27.49894 20.72379 11.05720 3.00421 0.38715 0.00000 0.00000 0.00000 0.00000 0.00000 0.00000 0.02856 1.52380 3.88596 4.89278 7.75341 15.35926 17.92086 13.05971 12.80711 13.65156 4.87580 1.90876 0.00000 0.00000 0.00000 0.00000 0.00000 0.00000 0.02580 1.01281 2.48917 3.73791 6.78496 9.76257 16.67192 24.00493 26.08944
0.00000 0.00000 0.00000 0.00000 0.00000 0.00000 0.00000 0.00000 0.00000 0.19745 1.38456 2.86840 2.53650 1.06213 0.16193 0.00000 0.11437 1.68551 8.19582 10.36900 22.57688 36.66953 30.35569 26.18199 20.08808 10.52819 3.47799 0.00000 0.00000 0.11802 0.78642 0.91182 0.00000 0.24773 1.34561 2.78815 4.11235 8.24700 18.51393 16.16473 9.48803 16.83979 43.41744 47.01434 22.77234 5.71780 1.02189 0.08553 0.00000 0.00000 0.00000 0.14033 0.88777 1.64599 2.63708 5.42632 9.30350 17.81969 22.20258 24.09327
0.00000 0.00000 0.00000 0.00000 0.00000 0.00000 0.00000 0.00000 0.00000 0.03252 0.68595 1.09166 0.93619 0.23651 0.00000 0.00000 0.02477 0.99153 4.09730 8.79758 20.35987 31.81192 29.07659 28.47164 23.08314 16.42031 9.37126 3.13651 2.11227 6.18903 9.87954 10.03857 3.10722 0.00000 0.16651 0.91189 1.18608 2.60783 5.17677 3.85412 2.85122 10.19132 35.34726 70.60550 42.14683 16.98289 4.07891 1.68907 0.41101 0.12868 0.02604 0.18624 0.53852 0.80669 0.86422 2.10385 8.77652 21.92404 23.43345 19.82478
0.00000 0.00000 0.00000 0.00000 0.00000 0.00000 0.00000 0.00000 0.00000 0.00000 0.00000 0.00000 0.00000 0.00000 0.00000 0.00000 0.46654 2.60123 4.44810 6.13380 13.54795 21.10506 21.88247 21.30639 19.76031 20.11341 18.24600 11.06513 9.30222 19.73633 28.91215 21.41987 5.97094 0.00000 0.00000 0.12821 1.65737 2.28997 0.76653 0.00000 0.06850 0.22305 7.93249 28.55591 27.70726 13.67600 5.15940 2.25488 1.04418 0.56514 0.28797 0.17791 0.35606 0.74317 0.94142 2.01346 10.32750 29.04764 36.84724 27.36765
0.00000 0.00000 0.00000 0.00000 0.00000 0.00000 0.00000 0.00000 0.00000 0.00000 0.00000 0.00000 0.00000 0.00000 0.00000 0.00000 1.72266 10.62841 15.39152 8.50034 13.13456 19.67925 15.36565 11.19557 13.34423 22.98475 28.46614 21.47737 19.73209 30.71013 41.93329 24.07061 4.64593 0.12948 0.35927 1.20948 6.49884 5.23555 0.80607 0.03000 0.00000 0.16276 1.77043 5.05355 11.25663 7.97291 2.93174 1.30901 0.74202 0.51654 0.33982 0.17913 0.51981 1.14928 1.89697 3.84156 14.63298 33.90680 43.92556 34.77250
0.00000 0.00000 0.00000 0.00000 0.00000 0.00000 0.00000 0.00000 0.00000 0.00000 0.00000 0.00000 0.00000 0.00000 0.00000 0.00000 2.19859 11.75767 19.40329 17.16308 28.00464 24.82493 11.87409 3.90346 6.02132 17.50682 23.47747 18.40281 15.78788 22.28588 24.83244 12.94561 1.90226 3.05603 6.05829 3.73869 5.58654 5.44490 2.96896 0.62925 0.12967 0.86091 4.80926 8.50194 3.06499 2.47107 1.80536 0.84727 0.63512 0.56979 0.42591 0.30131 0.77591 1.57521 2.55551 4.30972 15.29121 28.28841 34.15811 32.09083
0.00000 0.00000 0.00000 0.00000 0.00000 0.00000 0.00000 0.00000 0.00000 0.00000 0.00000 0.00000 0.00000 0.00000 0.00000 0.05033 1.23342 6.07803 8.62852 12.16718 20.24750 13.82647 5.61851 0.81979 3.35239 9.05486 9.81235 5.48718 3.36378 4.42284 7.08306 4.00590 0.78122 3.23345 7.40319 2.69107 0.00000 0.91058 3.15854 4.17548 4.19929 2.64498 4.38157 4.20316 1.20323 0.79639 0.57206 0.42464 0.44822 0.52529 0.45236 0.35930 1.26062 2.10103 3.26972 5.90157 14.26344 23.54549 24.69975 23.71155
0.00000 0.00000 0.00000 0.00000 0.00000 0.00000 0.00000 0.00000 0.00000 0.00000 0.00000 0.00000 0.00000 0.00000 0.00000 0.03420 0.76735 2.62870 3.51595 4.29227 4.45425 1.34782 0.14892 0.00000 0.28611 0.70803 3.63088 0.70517 0.00000 0.00000 0.00000 0.00000 0.02525 0.43848 0.94130 0.35343 0.00000 0.31215 3.81837 8.05688 10.51853 -99999.00000 -99999.00000 1.10355 0.53359 1.17403 1.24482 0.64989 0.29089 0.36484 0.48623 0.37234 1.48727 2.26913 3.18097 4.47548 10.15388 18.62698 19.41887 17.57566
0.00000 0.00000 0.00000 0.00000 0.00000 0.00000 0.00000 0.06204 0.00000 0.00000 0.00000 0.00000 0.00000 0.00000 0.00000 0.00000 0.03883 0.52640 0.93144 1.19616 0.28030 0.00000 0.00000 0.09162 1.63087 4.34733 4.41924 1.01901 0.03279 0.00000 0.00000 0.00000 0.04164 0.08873 0.04100 -99999.00000 -99999.00000 -99999.00000 -99999.00000 -99999.00000 -99999.00000 -99999.00000 -99999.00000 2.37132 2.83386 2.91619 2.52189 1.53329 0.59326 0.36285 0.40635 0.47548 0.64291 0.87931 1.48421 3.73810 10.24759 15.39734 14.45132 13.01546
0.00000 0.00000 0.00000 0.00000 -99999.00000 1.74268 1.82961 0.35975 0.00000 0.00000 0.00000 0.00000 0.00000 0.00000 0.00000 0.00000 0.00000 0.79818 2.87419 1.61227 0.65269 0.03146 0.00000 0.67294 3.50673 7.70754 9.73802 5.88079 0.94464 0.02259 0.00000 0.02183 0.56198 0.93369 -99999.00000 -99999.00000 -99999.00000 -99999.00000 -99999.00000 -99999.00000 -99999.00000 -99999.00000 -99999.00000 -99999.00000 4.14552 3.37186 2.65430 2.05505 1.29635 0.66954 0.55683 0.57823 0.64192 1.00635 2.16867 4.49435 7.88970 10.66751 11.08222 11.32397
-99999.00000 -99999.00000 -99999.00000 -99999.00000 -99999.00000 0.86573 1.11185 0.02396 0.00000 0.00000 0.00000 0.00000 0.00000 0.00000 0.00000 0.00000 0.37647 4.63299 11.82642 9.10350 5.60065 1.74571 0.00000 0.28942 3.73487 6.26975 10.48131 7.84951 1.56922 0.06141 0.00000 0.09706 1.28198 3.05629 -99999.00000 -99999.00000 -99999.00000 -99999.00000 -99999.00000 -99999.00000 -99999.00000 -99999.00000 -99999.00000 -99999.00000 -99999.00000 2.68466 2.50452 2.36447 1.94446 1.14707 0.69304 0.62122 0.83156 1.84264 2.95769 3.88833 6.18793 9.06915 9.23115 8.77719
