DATA/RAW-RASTER/CPC/2017/20170723.asc
ncols			60
nrows			40
xllcorner		70.0
yllcorner		20.0
cellsize		0.5
NODATA_value	-99999
0.26576 1.61397 2.90880 3.03473 2.18313 1.28720 0.76462 0.59335 0.64703 0.99386 1.28381 1.23992 1.08963 0.84604 0.52637 0.23387 0.07468 0.03430 0.07314 0.13857 0.21510 0.26851 0.29590 0.31923 0.36037 0.43027 0.50960 0.53189 0.43922 0.24046 0.09617 0.02512 0.00000 0.00000 0.00000 0.00000 0.00000 0.00000 0.00000 0.00000 0.00000 0.00000 0.00000 0.12903 0.23345 0.25180 0.20009 0.07042 0.00000 0.00000 0.00000 0.00000 0.00000 0.00000 0.00000 0.00000 0.03189 0.12264 0.47801 1.09938
0.29126 1.93012 4.51863 5.11927 3.13490 1.47664 0.68503 0.51987 0.55975 0.78991 0.99629 0.99242 0.89810 0.63546 0.33914 0.15272 0.06264 0.03629 0.03931 0.08762 0.16288 0.22492 0.26268 0.29764 0.33789 0.40108 0.46875 0.47965 0.38597 0.17688 0.06791 0.02162 0.00000 0.00000 0.00000 0.00000 0.00000 0.00000 0.00000 0.00000 0.00000 0.00000 0.00000 0.06277 0.25515 0.29870 0.30795 0.28284 0.16894 0.03486 0.00000 0.02248 0.00000 0.00000 0.00000 0.33631 0.92362 1.45598 1.94100 2.23929
0.02418 0.84969 2.25786 2.82350 1.90974 0.89753 0.38187 0.18862 0.20323 0.41121 0.75468 0.80866 0.58067 0.29584 0.11221 0.06547 0.04722 0.03221 0.03067 0.06459 0.14548 0.18484 0.21826 0.25457 0.30512 0.35099 0.39506 0.40182 0.29932 0.10538 0.04138 0.00000 0.00000 0.00000 0.00000 0.00000 0.00000 0.00000 0.00000 0.00000 0.00000 0.00000 0.00000 0.00000 0.20762 0.28066 0.29333 0.28106 0.23357 0.18381 0.14639 0.11128 0.08479 0.03563 0.00000 0.94044 3.45019 6.71488 9.21564 7.38010
0.00000 0.08912 0.50748 0.78254 0.42105 0.15809 0.09030 0.00000 0.03917 0.14472 0.36129 0.48171 0.32579 0.11080 0.02958 0.03476 0.05805 0.08750 0.11167 0.14293 0.16688 0.18529 0.20287 0.22047 0.23807 0.28147 0.31674 0.31862 0.19913 0.02199 0.00000 0.00000 0.00000 0.00000 0.00000 0.00000 0.00000 0.00000 0.00000 0.00000 0.00000 0.00000 0.00000 0.00000 0.10243 0.25030 0.27142 0.24789 0.18999 0.15599 0.13285 0.12057 0.10524 0.08737 0.44958 2.04215 6.70963 14.70322 23.43400 26.28156
0.00000 0.00000 0.00000 0.00000 0.00000 0.00000 0.00000 0.00000 0.00000 0.06411 0.15974 0.22842 0.17413 0.08684 0.05740 0.07224 0.09293 0.11028 0.14392 0.17600 0.18970 0.19743 0.20484 0.21141 0.21785 0.22957 0.25714 0.25146 0.13036 0.04342 0.00000 0.00000 0.00000 0.00000 0.00000 0.00000 0.00000 0.00000 0.00000 0.00000 0.00000 0.00000 0.02377 0.05131 0.07236 0.23878 0.24944 0.19886 0.12974 0.09682 0.09680 0.10196 0.09463 0.11926 0.41440 1.85239 6.93348 18.56883 34.22431 46.12895
0.00000 0.00000 0.00000 0.00000 0.00000 0.00000 0.00000 0.00000 0.00000 0.00000 0.04069 0.04614 0.11584 0.09709 0.09036 0.10045 0.11123 0.13149 0.16846 0.19221 0.19850 0.20208 0.20846 0.21287 0.21537 0.21871 0.22375 0.21647 0.14980 0.06722 0.00000 0.00000 0.00000 0.00000 0.00000 0.00000 0.00000 0.00000 0.00000 0.00000 0.02905 0.04938 0.09473 0.18227 0.27467 0.31476 0.26656 0.17111 0.09248 0.04521 0.05240 0.07001 0.09158 0.10919 0.18348 1.09673 5.17043 15.59546 32.31295 46.59264
0.00000 0.00000 0.00000 0.00000 0.00000 0.00000 0.00000 0.00000 0.00000 0.00000 0.00000 0.00000 0.06284 0.09712 0.11558 0.13128 0.14937 0.17521 0.19711 0.20891 0.21345 0.20948 0.21500 0.22284 0.23100 0.23570 0.24512 0.24818 0.20095 0.09792 0.00000 0.00000 0.00000 0.00000 0.00000 0.00000 0.00000 0.03035 0.05038 0.07956 0.12910 0.24027 0.42387 0.66257 0.76111 0.69087 0.48925 0.24904 0.09103 0.02465 0.00000 0.05572 0.14451 0.27517 0.57488 1.21282 2.91023 8.67848 22.58047 34.59557
0.00000 0.00000 0.00000 0.00000 0.00000 0.00000 0.00000 0.00000 0.00000 0.00000 0.00000 0.00000 0.06406 0.10233 0.12787 0.14547 0.16879 0.19689 0.21855 0.22688 0.23739 0.23543 0.24790 0.26943 0.28386 0.29447 0.30224 0.28666 0.24684 0.11094 0.00000 0.00000 0.00000 0.00000 0.00000 0.00000 0.05239 0.09714 0.16213 0.27053 0.48183 0.87030 1.48459 2.10992 2.03656 1.79506 1.36360 0.68147 0.22319 0.05280 0.02812 0.09545 0.30804 0.61153 1.00723 1.35293 2.33545 5.67624 11.51961 19.65084
0.00000 0.00000 0.00000 0.00000 0.00000 0.00000 0.00000 0.00000 0.00000 0.00000 0.00000 0.28408 0.35387 0.35569 0.26473 0.17479 0.17775 0.22187 0.23948 0.25241 0.26440 0.28277 0.30203 0.32157 0.34259 0.36495 0.38622 0.39734 0.37525 0.26354 0.05368 0.00000 0.00000 0.00000 0.02821 0.08023 0.14444 0.24941 0.41307 0.69019 1.11524 1.72200 2.42275 2.99081 3.22662 3.41927 3.23270 2.41683 1.02584 0.34613 0.22266 0.35443 0.86775 1.92116 3.00837 3.43404 4.31431 5.86535 8.43956 11.66239
0.00000 0.00000 0.00000 0.00000 0.00000 0.00000 0.00000 0.00000 0.00000 0.00000 0.17996 0.45131 0.71185 1.02602 1.15367 1.00360 0.60943 0.56310 0.53662 0.48647 0.48062 0.51257 0.53638 0.55552 0.58520 0.61650 0.65784 0.69411 0.67905 0.55829 0.33057 0.00000 0.00000 0.00000 0.00000 0.06753 0.32080 0.49680 0.66379 0.89339 1.15098 1.46183 1.81279 2.21983 2.76687 3.32062 3.53162 3.26948 2.39964 1.16300 0.66571 0.80852 1.73522 3.71290 5.58096 6.49647 7.05919 7.17948 7.69852 7.17401
0.00000 0.00000 0.00000 0.00000 0.00000 0.00000 0.00000 0.00000 0.00000 0.11260 0.62942 0.71649 0.95766 1.38225 1.89320 2.80879 3.81804 2.79164 2.29478 2.07527 1.94001 1.80957 1.67782 1.41155 1.28414 1.44425 1.64670 1.69705 1.58797 1.28577 0.81620 0.21928 0.04936 0.05113 0.04354 0.06816 0.28233 0.47390 0.58221 0.71699 0.80764 0.90973 0.97944 1.04783 1.34212 2.02124 2.62153 2.67409 2.05802 1.00550 0.45719 0.35954 1.16024 3.14765 5.69339 6.83223 6.99431 7.06977 6.25598 4.64293
0.00000 0.00000 0.00000 0.00000 0.00000 0.00000 0.00000 0.00000 0.00000 0.21926 1.45305 1.80965 1.64923 1.76763 2.20251 2.74274 4.35685 4.58516 3.85949 3.41936 3.12771 3.03772 2.95894 2.80632 2.49067 2.41564 2.52499 2.61124 2.64746 1.85202 0.95356 0.37856 0.10881 0.08599 0.10259 0.17181 0.21723 0.27871 0.35932 0.54618 0.62234 0.54396 0.43276 0.30930 0.21912 0.54020 1.23304 1.62716 1.25731 0.52201 0.15997 0.08084 0.48377 1.83319 4.21342 5.92603 5.98318 4.64683 2.62101 1.57015
0.00000 0.00000 0.00000 0.00000 0.00000 0.00000 0.00000 0.12325 1.02264 1.98376 4.73544 5.56752 3.37471 2.31137 2.78284 3.72118 5.03113 4.33200 3.67339 3.29390 3.01899 3.08456 3.08510 2.99354 2.93522 2.87249 3.11947 3.35563 3.33316 2.81092 1.47875 0.43942 0.19669 0.11003 0.13135 0.15819 0.17765 0.22813 0.31011 0.41215 0.59908 0.54269 0.38835 0.23523 0.16049 0.30294 0.66486 0.82984 0.66638 0.32671 0.10012 0.04903 0.30076 0.87184 1.77424 2.86639 3.15635 2.07776 0.73845 0.23615
0.00000 0.00000 0.00000 0.00000 0.00000 0.00000 0.33295 2.58440 8.48478 15.93503 15.80729 9.57034 6.73874 6.12471 7.95769 8.23562 7.70697 5.05870 3.50724 3.12868 3.08422 3.05819 3.12589 3.06531 3.05601 3.21380 3.75823 4.07286 4.45991 3.63374 1.76471 0.60536 0.38079 0.25354 0.14491 0.15916 0.17663 0.21277 0.29230 0.44470 0.69318 1.00247 1.05162 0.89504 0.77479 0.72927 0.75254 0.70088 0.52840 0.35094 0.27595 0.24651 0.31688 0.48441 0.64831 0.99490 1.21061 0.54120 0.15453 0.03208
0.00000 0.00000 0.00000 0.00000 0.00000 0.09825 0.91991 3.17412 12.33573 30.04944 28.99173 15.81434 10.97130 12.50081 18.20195 14.26569 10.14678 4.78149 3.24143 3.06291 3.28260 3.16626 3.13711 3.11276 3.20854 3.63094 4.48685 5.42685 5.75511 4.62434 2.28561 0.82447 0.52233 0.35581 0.25158 0.17182 0.16786 0.17623 0.22532 0.38037 0.76865 1.42910 2.09161 2.43809 2.42425 1.91015 1.32395 0.94600 0.67616 0.42264 0.31672 0.31786 0.38570 0.46112 0.51087 0.60220 0.38225 0.00000 0.00000 0.00000
0.00000 0.00000 0.00000 0.00000 0.00000 0.07476 0.71567 2.77846 6.26316 14.34649 19.16944 11.33726 5.33280 14.08432 28.64203 27.08726 8.81788 3.19038 2.96555 3.06419 3.10999 3.06772 3.17596 3.44748 4.12934 5.23575 6.65681 7.51759 7.62402 5.78499 3.44740 1.31407 0.77160 0.49864 0.35577 0.23498 0.17024 0.14703 0.14401 0.22089 0.54663 1.41718 2.70418 3.47946 3.58362 2.75616 1.72661 1.19396 0.92055 0.54440 0.24927 0.29712 0.50150 0.68094 0.73569 0.57304 0.25925 0.00000 0.00000 0.00000
0.00000 0.00000 0.00000 0.00000 0.00000 0.03410 0.28819 0.92438 1.46583 2.82801 7.74573 10.67534 5.38123 7.34779 8.73394 14.37796 5.46062 1.85353 1.98915 2.66348 2.96948 3.14310 3.42225 4.26027 5.84372 7.74709 9.95825 10.49857 9.94119 7.93071 5.13988 2.37867 1.29716 0.73093 0.42082 0.27062 0.18628 0.14093 0.09797 0.08687 0.28468 1.21148 2.94423 4.15177 4.34639 3.31005 1.99654 1.20793 0.94300 0.47456 0.19389 0.23322 0.63315 1.11022 1.27754 0.84441 0.26523 0.04216 0.00000 0.00000
0.00000 0.00000 0.00000 0.00000 0.00000 0.00000 0.03017 0.21704 1.10843 4.34555 14.65254 25.43711 17.72980 9.72124 6.23850 5.69495 3.16548 1.43253 1.23322 1.48872 2.18853 3.16742 4.29714 6.15623 8.35790 10.29550 12.53426 11.89439 10.48771 8.59693 6.60011 3.86836 2.68405 1.48940 0.73286 0.38581 0.23860 0.16987 0.08582 0.04373 0.19960 1.08124 2.87146 4.03897 4.32191 3.78645 2.44289 1.39238 0.84867 0.09931 0.13654 0.20172 0.76578 1.47406 1.76627 1.30178 0.57819 0.18586 0.00000 0.00000
0.00000 0.00000 0.00000 0.00000 0.00000 0.00000 0.00000 0.00000 0.78732 8.03590 20.28840 34.88762 24.48355 9.34663 6.38178 4.71244 3.59135 2.04198 1.26709 1.06952 1.27739 2.38068 5.14636 8.62007 12.56208 15.25946 15.52189 13.94845 11.02728 9.46540 7.75253 6.60386 5.68678 3.62375 1.82092 0.82020 0.36725 0.23614 0.17768 0.02180 0.35557 1.25064 2.63589 3.84764 4.14725 3.61944 2.39083 1.38807 0.77484 0.32352 0.24877 0.34733 0.88693 1.64914 1.84459 1.43183 0.81917 0.27960 0.00000 0.06320
0.00000 0.00000 0.00000 0.00000 0.00000 0.00000 0.00000 0.00000 0.12351 5.42332 12.39114 15.95752 8.49036 2.03245 3.12509 3.41484 2.68395 1.70634 1.53132 1.37941 0.98065 2.38304 6.10330 12.21472 16.42380 19.35987 18.78998 13.98059 9.79126 9.13028 9.84918 10.93450 11.15119 8.73908 5.53323 2.74392 1.13421 0.51578 0.36190 0.25853 0.67607 1.32747 1.77208 2.51401 3.00375 2.57422 1.64006 0.89973 0.62010 0.46133 0.41376 0.54226 0.89653 1.50222 1.70264 1.50248 0.96149 0.33674 0.14758 0.40262
0.00000 0.00000 0.00000 0.00000 0.00000 0.00000 0.00000 0.03571 0.49001 2.48518 4.33295 4.55704 3.89448 3.27124 2.83831 1.08621 0.47347 0.90672 1.33908 1.13108 0.57661 2.62925 11.37684 23.08041 24.24063 20.08966 16.43133 12.67818 8.59332 7.65940 9.05273 12.87578 14.99645 15.09005 11.98418 6.57965 2.55641 0.76766 0.36074 0.52707 0.93889 1.22723 1.34112 1.61618 1.94383 1.67054 1.04531 0.62990 0.52780 0.42317 0.48402 0.61433 0.99158 1.62926 1.77464 2.24237 2.05278 1.42452 1.32463 1.68434
0.00000 0.00000 0.00000 0.00000 0.00000 0.00000 0.00000 0.14133 0.65153 1.37965 1.48655 1.36749 4.01315 8.07755 7.34395 2.48322 2.30391 2.90713 2.12629 1.17735 0.19783 2.16853 13.71994 25.22562 39.90960 38.84208 18.79999 8.72206 4.32383 4.11217 6.21346 10.46042 15.01692 16.42016 15.27676 9.48623 3.67867 0.79295 0.31820 0.47754 0.81517 1.06076 1.18854 1.32458 1.54501 1.46475 1.12609 0.86787 0.64602 0.79167 0.80999 0.85456 1.40132 2.46071 3.38601 4.06511 5.04724 5.18594 4.98657 4.53065
0.00000 0.00000 0.00000 0.00000 0.00000 0.00000 0.04424 0.31366 0.86983 1.56715 2.40202 3.22141 6.48976 14.14523 18.35139 8.99318 4.78678 4.41549 2.84851 2.93204 2.79319 4.34161 7.33364 14.37145 34.19797 36.03252 18.82082 6.58808 2.95760 2.87260 4.61503 8.21858 12.83582 16.28120 17.12453 11.82555 5.86211 2.12246 0.90082 0.71952 0.99121 1.21920 1.29443 1.26662 1.31790 1.36763 1.42445 1.71293 2.49070 3.33531 2.89705 2.68275 1.89350 2.90000 4.95350 6.77499 7.91247 8.94066 9.00750 7.52103
0.00000 0.00000 0.00000 0.00000 0.00000 0.02683 0.07148 0.34187 1.01731 1.84824 3.44647 4.24113 5.28851 12.93118 17.37149 10.28361 4.33130 3.59581 4.05756 8.06888 9.37241 6.40900 3.80245 5.15444 12.87355 14.76701 9.10886 4.20398 3.23466 4.25512 4.67471 6.21493 9.06813 12.12748 12.30933 9.34741 6.00622 3.21944 1.33508 1.33042 1.96220 1.91670 1.48499 1.33550 1.19452 1.46607 4.35887 9.68835 10.96354 7.88957 5.94564 5.72146 4.65651 3.79806 6.34149 8.42910 9.49983 9.53309 9.17501 9.95281
0.22138 0.43990 0.57171 0.06379 0.19705 0.28259 0.36932 0.83866 1.64589 2.11820 3.79760 7.66572 9.19957 12.58304 10.68976 4.42140 1.18572 2.83097 6.49165 10.84332 9.58821 5.90329 2.52594 1.73505 5.04514 6.68800 5.12255 3.88671 3.69116 4.89950 7.30117 5.84071 5.11435 6.92804 6.79336 7.55274 9.25567 4.83033 2.13156 3.61345 4.94669 5.27511 2.78503 1.24215 1.52437 4.58839 13.53782 23.26480 20.38263 10.70160 5.82703 5.26244 6.00683 4.69779 7.04991 11.14128 12.02701 12.46994 9.66452 11.38503
1.24994 1.23135 1.87723 1.82573 0.87775 1.26139 2.23713 2.80905 3.63540 6.54610 15.62851 29.80981 31.78262 20.93367 9.44351 1.99104 0.23622 3.26347 7.74798 8.20677 6.38970 5.64170 3.67583 2.27373 3.89527 6.32789 7.10756 6.03208 4.14186 2.23940 3.36545 4.13711 3.07026 3.47383 4.72135 9.30216 21.34321 15.20465 10.79801 10.34899 12.51045 15.39613 9.69866 2.60875 2.70041 8.01632 21.45411 32.07836 23.15790 12.84676 6.76767 5.76936 5.81462 7.13242 9.12817 13.08406 13.27402 12.85593 10.90954 14.39232
3.27033 3.62382 5.88357 7.24772 5.40129 5.29077 6.24640 5.79169 5.10453 9.67622 27.00520 51.46116 45.23592 25.28710 6.92440 0.00000 0.30181 7.00681 13.57610 13.13633 9.58042 7.40112 6.15055 5.00257 5.11542 7.08138 9.48263 7.82748 4.27726 1.25895 0.94735 1.02858 0.95534 1.14564 1.74518 5.75266 11.72191 14.35562 16.43092 17.94417 23.64317 27.46960 13.89802 3.35954 2.32618 6.30686 17.15357 28.62897 26.44594 21.42424 14.76840 10.62486 9.02608 8.28268 10.34113 13.97217 14.44625 12.98025 12.09781 13.85618
7.63680 14.41513 21.69701 21.82151 15.18953 11.65687 10.77399 8.57922 7.01346 9.29473 22.80045 37.20916 30.82793 16.05293 4.44209 0.00000 0.43594 8.77934 22.62069 21.95931 13.38780 9.74714 8.12553 6.20359 5.23628 5.44844 6.93747 7.14760 4.89315 0.43359 0.00000 0.00000 0.08341 0.11747 0.43129 2.83961 6.17043 10.95276 16.18799 17.58061 27.12602 33.12690 12.11376 4.05041 5.29463 7.59993 11.17210 18.88741 23.87767 21.46060 18.36468 14.81618 9.35767 6.93755 10.44575 15.40650 15.81183 13.81846 11.45479 9.21211
10.45779 23.94003 34.16569 33.17194 26.02980 18.78572 15.58258 12.32738 12.43655 15.06864 21.01048 22.98884 13.64738 5.24784 1.98116 0.00000 0.12866 5.90102 19.77365 19.90252 12.54245 10.57469 10.35624 8.60700 5.41356 3.49878 5.00197 8.64341 12.24820 4.36910 1.31053 0.75836 2.66228 3.61969 3.78177 5.04174 7.63287 11.99432 15.74823 18.27919 23.51251 24.10431 15.21182 9.40611 8.58012 5.72716 4.82205 6.26368 6.53878 9.11938 11.67719 9.42700 6.06261 7.61855 10.09151 14.70610 17.38396 15.43744 12.38877 7.96667
11.23754 25.36739 32.36898 32.41776 38.55528 24.78013 20.17942 17.53649 14.92673 15.74524 17.87381 13.53784 6.20923 3.59659 2.46257 0.99099 0.07630 0.12445 6.12717 12.88752 14.61668 15.95995 15.09486 11.25206 8.44113 8.22354 10.76694 23.16213 39.04129 23.66200 11.97640 8.65116 7.83502 9.01886 5.70051 5.94375 8.28739 14.99129 25.86209 30.56474 28.59926 26.98163 21.64646 16.06387 15.27088 8.07479 5.22549 7.62702 6.12967 6.23097 7.45238 6.56508 6.74794 9.12900 9.76163 14.61653 18.37979 19.90504 18.44848 12.32725
16.85740 37.83361 63.90916 86.40722 81.48302 35.01217 29.18806 27.02678 18.03145 9.66853 11.36486 6.70498 3.42577 4.18541 5.97178 3.85936 1.17898 0.07944 3.67718 14.89037 26.92643 32.43054 19.28678 13.67712 13.86391 17.02091 23.45250 45.06940 60.86118 38.54799 26.27639 19.08284 17.45664 12.91938 8.09489 5.74607 7.83986 16.36943 34.28164 44.06406 34.69258 28.24332 28.63704 23.55708 19.67634 16.14472 12.77262 14.22640 13.45819 10.91318 9.77903 8.15833 8.81951 10.99415 13.09210 18.67266 19.48594 22.49251 19.08915 16.40349
25.80184 55.35277 98.68609 141.48608 168.20236 106.50647 66.15632 39.17470 29.44038 20.30140 14.76107 8.85767 4.51882 2.63182 4.52900 3.86426 1.61229 0.00000 1.01563 11.30730 24.07109 31.07577 20.53289 17.00369 17.27155 24.65962 34.90798 41.58131 44.80738 40.02838 33.22056 33.79219 35.91529 29.72389 18.72442 7.79506 7.81231 15.38917 30.79324 54.09362 48.41068 31.73578 25.99791 22.93536 20.60354 13.48399 8.64576 12.45283 13.04112 10.75408 8.63712 8.04907 10.56701 11.71553 12.12128 20.61161 22.27448 24.59466 18.29502 14.59605
24.85445 41.85556 73.10168 110.87978 125.42012 108.85819 88.14054 50.93590 38.19500 31.75573 21.96509 11.37882 6.50938 3.42683 3.00238 3.07684 1.64126 0.05757 1.26356 7.51678 17.66171 23.02972 19.79592 18.36562 22.89557 36.63285 45.66989 43.14084 39.25130 36.36973 35.77338 48.68419 53.52464 53.32916 31.89686 11.22954 15.50730 28.87592 42.31606 59.97369 47.42865 39.69257 35.52950 30.70993 28.20921 11.18166 7.14379 7.02831 6.35776 5.35238 3.91703 5.58886 10.39575 13.03449 15.35924 18.03720 20.73358 23.95391 22.75353 17.65051
26.82490 27.64585 36.80223 51.55715 70.97836 71.58344 65.79101 52.68324 40.31994 32.69285 22.66849 8.02197 6.91407 5.45702 3.48403 3.12363 2.54898 1.27480 2.44458 8.92007 16.39989 19.36453 15.28842 13.41095 22.56032 46.54970 62.28583 52.46143 43.44538 38.64613 44.83028 84.93832 94.02029 83.76441 63.43314 38.20158 36.12782 53.13929 56.17291 61.11608 49.91807 60.90945 51.75111 60.16713 91.72206 56.08447 16.51475 5.71452 3.36536 2.95725 1.94822 2.88815 6.60502 9.70984 10.45113 10.14190 16.74171 23.37605 25.64197 21.00332
18.61702 16.32334 14.63801 18.46438 34.96552 35.02442 33.22620 36.85701 28.37696 18.52098 11.23150 5.04077 4.76930 4.73203 3.83424 3.43363 4.34523 3.91486 3.60438 8.18988 14.40863 14.44140 10.20481 7.03007 14.26099 38.94594 54.09373 45.55940 39.37653 48.77238 75.17450 132.19806 158.95302 108.44891 78.95269 65.75420 73.89432 113.84226 128.67172 84.07125 62.00353 73.97053 82.96979 120.92516 197.48236 154.06564 58.87325 12.61254 5.80428 4.60579 3.43310 2.50319 3.22334 4.67843 5.13164 4.45955 11.84823 17.98086 19.59287 16.98373
9.81595 8.56566 7.42400 8.66395 12.29424 14.82698 22.29145 27.58857 18.94348 8.78982 5.62741 4.16761 4.19887 4.82027 4.35913 3.71943 5.88313 7.79366 6.26598 6.36003 9.66315 9.03790 6.77498 7.10036 12.83299 25.36365 29.08690 19.97706 24.67145 42.49350 67.77810 96.08593 96.57218 69.51885 56.94133 52.42209 64.51501 108.13018 129.74965 112.82290 120.28231 125.35419 148.30954 203.37164 254.97607 232.39012 129.86107 31.71445 8.80020 6.70194 4.96181 3.39710 2.44485 2.73669 3.23609 4.32944 9.31150 14.26276 13.71091 13.12490
4.53722 4.03294 2.65786 3.18952 4.45937 9.23405 16.33986 17.90523 10.38795 4.47195 2.92937 3.14915 4.41744 5.70216 4.96110 3.20409 3.86503 5.90157 5.50057 4.23274 4.35327 4.60364 4.91355 7.59348 11.13074 15.93096 19.70520 21.56862 28.64238 33.89305 39.42513 49.19207 45.65537 28.29302 20.64224 16.15563 40.38328 84.06200 112.11794 122.40374 152.12154 -99999.00000 -99999.00000 326.28452 277.10703 218.53230 156.12283 54.89957 11.77455 8.73304 6.86265 3.95161 2.24929 2.24703 2.32628 2.70366 7.27636 13.40561 13.63059 14.44112
0.57456 0.56628 0.63361 1.04192 3.29602 7.81377 14.78635 14.74354 6.09357 2.00870 1.17046 1.67256 3.60794 5.52024 5.18487 2.84163 2.93335 3.70807 4.16762 3.70784 2.75984 2.67658 3.66290 8.94343 9.76096 10.77739 13.39889 19.71377 23.62088 25.78506 27.37910 28.66329 25.65183 18.54796 14.39461 -99999.00000 -99999.00000 -99999.00000 -99999.00000 -99999.00000 -99999.00000 -99999.00000 -99999.00000 169.17865 118.65395 106.18058 94.91531 56.55530 19.13540 9.75750 7.24119 3.07453 2.29087 2.32300 2.91757 5.72255 12.77173 17.62638 15.28020 13.94431
0.00000 0.00000 0.00000 1.07173 -99999.00000 13.23135 23.72691 21.70095 4.18204 1.03208 1.36594 2.15948 3.77831 5.35924 5.15947 2.74022 2.22072 2.58524 3.79855 5.32956 4.88450 3.37950 3.98384 7.09627 7.32909 5.97142 6.67038 10.48120 12.62965 16.09726 19.28500 22.46769 22.74402 22.73973 -99999.00000 -99999.00000 -99999.00000 -99999.00000 -99999.00000 -99999.00000 -99999.00000 -99999.00000 -99999.00000 -99999.00000 41.51396 38.04930 41.99679 39.89699 26.60799 11.54204 4.66096 2.38822 2.33847 3.53477 7.71609 12.49241 17.41202 20.53371 18.47013 15.56967
-99999.00000 -99999.00000 -99999.00000 -99999.00000 -99999.00000 15.61478 38.00121 29.83846 8.08898 3.12567 3.57330 3.65128 4.30838 5.21975 4.71278 2.66498 1.69481 1.00953 1.93121 4.02752 5.22148 4.23472 4.07277 4.23352 3.53158 1.80479 2.56425 4.97371 6.05614 9.58389 13.47181 16.27034 17.61416 17.31784 -99999.00000 -99999.00000 -99999.00000 -99999.00000 -99999.00000 -99999.00000 -99999.00000 -99999.00000 -99999.00000 -99999.00000 -99999.00000 21.59334 24.06308 25.91253 23.77874 12.66524 4.02136 2.58754 3.15728 6.79564 10.45224 12.25278 17.56586 23.75696 21.44851 16.44841
