DATA/RAW-RASTER/CPC/2017/20170830.asc
ncols			60
nrows			40
xllcorner		70.0
yllcorner		20.0
cellsize		0.5
NODATA_value	-99999
0.00000 0.00000 0.00000 0.00000 0.00000 0.00000 0.00000 0.00000 0.00000 0.00000 0.00000 0.00000 0.00000 0.00000 0.00000 0.00000 0.00000 0.00000 0.00000 0.00000 0.00000 0.00000 0.04553 0.13543 0.33540 0.66804 1.00740 1.16116 1.03133 0.63440 0.26173 0.06937 0.00000 0.00000 0.00000 0.00000 0.00000 0.00000 0.00000 0.00000 0.00000 0.00000 0.00000 0.00000 0.00000 0.00000 0.00000 0.00000 0.00000 0.00000 0.00000 0.00000 0.00000 0.00000 0.00000 0.00000 0.00000 0.00000 0.00000 0.00000
0.00000 0.00000 0.00000 0.00000 0.00000 0.00000 0.00000 0.00000 0.00000 0.00000 0.00000 0.00000 0.00000 0.00000 0.00000 0.00000 0.00000 0.00000 0.00000 0.00000 0.00000 0.00000 0.00000 0.10792 0.22419 0.40379 0.62030 0.79285 0.76178 0.45372 0.17793 0.05728 0.00000 0.00000 0.00000 0.00000 0.00000 0.00000 0.00000 0.00000 0.00000 0.00000 0.00000 0.00000 0.00000 0.00000 0.00000 0.00000 0.00000 0.00000 0.00000 0.00000 0.00000 0.00000 0.00000 0.00000 0.00000 0.00000 0.00000 0.00000
0.00000 0.00000 0.00000 0.00000 0.00000 0.00000 0.00000 0.00000 0.00000 0.00000 0.00000 0.00000 0.00000 0.00000 0.00000 0.00000 0.00000 0.00000 0.00000 0.00000 0.00000 0.00000 0.00000 0.02811 0.12569 0.24395 0.40370 0.55637 0.52502 0.25725 0.10942 0.03352 0.00000 0.00000 0.00000 0.00000 0.00000 0.00000 0.00000 0.00000 0.00000 0.00000 0.00000 0.00000 0.00000 0.00000 0.00000 0.00000 0.00000 0.00000 0.00000 0.00000 0.00000 0.05385 0.13445 0.06439 0.00000 0.00000 0.00000 0.00000
0.00000 0.00000 0.00000 0.00000 0.00000 0.00000 0.00000 0.00000 0.00000 0.00000 0.00000 0.00000 0.00000 0.00000 0.00000 0.00000 0.00000 0.00000 0.00000 0.00000 0.00000 0.00000 0.00000 0.00000 0.00000 0.10947 0.22107 0.32025 0.23213 0.03304 0.05067 0.00000 0.00000 0.00000 0.00000 0.00000 0.00000 0.00000 0.00000 0.00000 0.00000 0.00000 0.00000 0.00000 0.00000 0.00000 0.00000 0.00000 0.00000 0.00000 0.00000 0.00000 0.00000 0.21558 0.40505 0.43230 0.29420 0.09688 0.00000 0.00000
0.00000 0.00000 0.00000 0.00000 0.00000 0.00000 0.00000 0.00000 0.00000 0.00000 0.00000 0.00000 0.00000 0.00000 0.00000 0.00000 0.00000 0.00000 0.00000 0.00000 0.00000 0.00000 0.00000 0.00000 0.00000 0.00000 0.08072 0.14030 0.00000 0.00000 0.00000 0.00000 0.00000 0.00000 0.00000 0.00000 0.00000 0.00000 0.00000 0.00000 0.00000 0.00000 0.00000 0.00000 0.00000 0.00000 0.00000 0.00000 0.00000 0.00000 0.00000 0.00000 0.02999 0.31969 0.47465 0.49850 0.40798 0.16633 0.00000 0.00000
0.00000 0.00000 0.00000 0.00000 0.00000 0.00000 0.00000 0.00000 0.00000 0.00000 0.00000 0.00000 0.00000 0.00000 0.00000 0.00000 0.00000 0.00000 0.00000 0.00000 0.00000 0.00000 0.00000 0.00000 0.00000 0.00000 0.00000 0.00000 0.00000 0.00000 0.00000 0.00000 0.00000 0.00000 0.00000 0.00000 0.00000 0.00000 0.00000 0.00000 0.00000 0.00000 0.00000 0.00000 0.00000 0.00000 0.00000 0.00000 0.00000 0.00000 0.00000 0.00000 0.08698 0.25285 0.34304 0.35014 0.27056 0.07735 0.00000 0.00000
0.00000 0.00000 0.00000 0.00000 0.00000 0.00000 0.00000 0.00000 0.00000 0.00000 0.00000 0.00000 0.00000 0.00000 0.00000 0.00000 0.00000 0.00000 0.00000 0.00000 0.00000 0.00000 0.00000 0.00000 0.00000 0.00000 0.00000 0.00000 0.00000 0.00000 0.00000 0.00000 0.00000 0.00000 0.00000 0.00000 0.00000 0.00000 0.00000 0.00000 0.00000 0.00000 0.00000 0.00000 0.00000 0.00000 0.00000 0.00000 0.00000 0.00000 0.00000 0.00000 0.05850 0.15202 0.15294 0.06577 0.00000 0.00000 0.00000 0.00000
0.00000 0.00000 0.00000 0.00000 0.00000 0.00000 0.00000 0.00000 0.02907 0.16858 0.26205 0.23684 0.12593 0.04059 0.00000 0.00000 0.00000 0.00000 0.00000 0.00000 0.00000 0.00000 0.00000 0.00000 0.00000 0.00000 0.00000 0.00000 0.00000 0.00000 0.00000 0.00000 0.00000 0.00000 0.00000 0.00000 0.00000 0.00000 0.00000 0.00000 0.00000 0.00000 0.00000 0.00000 0.00000 0.00000 0.00000 0.00000 0.00000 0.00000 0.00000 0.00000 0.00000 0.00000 0.00000 0.00000 0.00000 0.00000 0.00000 0.00000
0.00000 0.00000 0.00000 0.00000 0.00000 0.00000 0.00000 0.21510 0.50616 0.65609 0.77415 0.83005 0.69345 0.56043 0.20963 0.02487 0.00000 0.00000 0.00000 0.00000 0.00000 0.00000 0.00000 0.00000 0.00000 0.00000 0.00000 0.00000 0.00000 0.00000 0.00000 0.00000 0.02484 0.02225 0.00000 0.00000 0.00000 0.00000 0.02406 0.06016 0.08090 0.03806 0.00000 0.00000 0.00000 0.00000 0.00000 0.00000 0.00000 0.00000 0.00000 0.00000 0.00000 0.03957 0.11144 0.12800 0.10722 0.12708 0.18164 0.11997
0.00000 0.00000 0.00000 0.00000 0.00000 0.23542 1.03019 0.87599 0.88219 1.06704 0.95209 0.87033 0.89078 0.91095 0.84738 0.41583 0.07176 0.00000 0.00000 0.00000 0.00000 0.00000 0.00000 0.00000 0.00000 0.00000 0.00000 0.00000 0.00000 0.07200 0.17618 0.26008 0.25354 0.21797 0.18412 0.03892 0.07499 0.12426 0.16601 0.20158 0.22735 0.23858 0.17615 0.07204 0.00000 0.00000 0.00000 0.00000 0.00000 0.05643 0.20136 0.26989 0.35887 0.42621 0.44007 0.43763 0.46185 0.49184 0.60052 0.57029
0.00000 0.00000 0.00000 0.03058 0.55124 3.84567 5.46634 3.59046 2.21319 1.98614 1.59050 0.99261 0.89749 0.88757 0.89789 0.91124 0.40311 0.00000 0.00000 0.00000 0.00000 0.00000 0.00000 0.00000 0.00000 0.00000 0.00000 0.00000 0.08812 0.30208 0.71130 1.00571 1.06081 1.05510 0.91204 0.77650 0.60331 0.39567 0.30150 0.33661 0.34995 0.37198 0.35591 0.31437 0.24568 0.11719 0.03553 0.04687 0.11400 0.50259 0.52814 0.47434 0.53150 0.64606 0.65944 0.57893 0.55767 0.73944 1.11962 1.27094
0.00000 0.00000 0.00000 0.57904 3.49108 13.18101 19.49603 6.64695 2.69795 1.69146 2.15085 1.48027 0.99950 0.81535 0.73482 0.62939 0.42217 0.17847 0.08778 0.03493 0.00000 0.00000 0.00000 0.00000 0.00000 0.00000 0.00000 0.03697 0.17757 0.58307 1.25681 1.71523 1.76849 1.66161 1.56934 1.44120 1.14200 0.83420 0.57840 0.60480 0.66106 0.57254 0.48928 0.43481 0.39874 0.38745 0.44132 0.71165 1.17583 1.23343 0.86969 0.54890 0.71445 1.01333 1.14255 1.04025 0.99745 1.21024 1.59227 1.88187
0.00000 0.00000 0.00000 1.55704 4.80194 8.40711 7.30587 4.46932 3.73005 2.78720 3.18605 2.32064 1.22973 0.70398 0.59655 0.53294 0.42026 0.18621 0.07722 0.02820 0.00000 0.00000 0.00000 0.00000 0.00000 0.00000 0.00000 0.05501 0.25904 0.88533 1.69208 2.02255 2.12613 2.08567 2.13309 2.05113 1.77556 1.57328 1.43735 1.19928 1.17626 1.09055 0.92460 0.77677 0.66459 0.76428 1.16409 1.86029 2.80287 3.04700 2.34947 1.62102 1.53296 1.74162 1.81747 1.82141 1.87721 2.02189 2.14051 2.14319
0.00000 0.23363 0.89982 3.99582 7.13704 7.43575 5.31752 5.05665 4.56600 4.27697 3.12311 2.03150 1.34730 0.94369 0.91930 0.66604 0.48296 0.22151 0.06480 0.00000 0.00000 0.00000 0.00000 0.00000 0.00000 0.00000 0.00000 0.06851 0.37279 1.17419 2.11776 2.54786 2.64394 2.65980 2.62751 2.55099 2.23780 1.86772 1.57009 1.56055 1.91609 2.44149 2.75424 2.53579 2.47628 2.62478 3.20035 4.23382 4.98474 5.43109 5.41678 4.32533 3.01986 2.48246 2.37359 2.59248 3.18225 3.58448 3.50606 3.58384
0.00000 0.99819 3.64011 7.77810 11.73888 13.51410 11.20205 7.04345 3.89086 2.12541 2.68587 2.15638 1.25303 1.12926 1.54456 1.20704 0.80126 0.27721 0.06492 0.00000 0.00000 0.00000 0.00000 0.00000 0.00000 0.00000 0.00000 0.09009 0.59562 1.45561 2.26551 2.75024 2.88890 2.95649 3.09767 3.00639 2.68449 2.11231 1.57027 1.40864 1.99803 3.41449 5.08272 6.21373 6.89294 6.90478 6.83057 6.81942 6.90525 6.60118 6.31354 5.32801 3.76121 3.00209 3.05217 4.13959 5.32590 5.94174 6.06033 6.29691
0.29746 0.83600 3.23125 9.78370 16.59731 18.26083 15.26136 10.79844 6.24091 4.93678 5.32094 2.78203 0.22320 1.18641 3.09314 3.19637 1.01313 0.26205 0.08629 0.00000 0.00000 0.00000 0.00000 0.00000 0.00000 0.00000 0.00000 0.18385 0.77033 1.61622 2.44585 2.89625 3.07034 3.31499 3.67442 3.58620 3.18500 2.38465 1.49670 0.98958 1.38127 3.21498 6.19371 8.25929 9.00607 8.91096 8.90279 8.76473 8.19224 6.79919 5.39680 4.46099 3.85573 3.57115 4.24815 6.13610 8.14375 8.53027 8.41482 8.27233
0.73964 0.91453 3.21749 10.61052 18.28269 19.73157 15.23866 11.24758 8.60021 9.80914 8.79444 4.13747 0.06658 0.29463 1.30577 2.49844 0.96719 0.24823 0.11767 0.04666 0.00000 0.00000 0.00000 0.00000 0.00000 0.00000 0.00000 0.37297 0.89122 1.92602 2.81602 3.26691 3.21332 3.33499 3.45597 3.53441 3.44660 2.75359 1.57017 0.60304 0.71601 2.68538 6.37469 8.82259 9.43861 9.02063 9.13342 8.52949 7.69723 5.84033 4.02200 3.37794 3.32897 3.53909 4.49847 6.50970 9.02611 10.50725 10.25590 10.00417
2.62109 5.42950 9.68004 15.96802 20.32810 19.71072 16.33223 12.77668 10.03752 9.01367 6.78831 2.46575 0.00000 0.64493 1.53560 1.95194 1.21588 0.38639 0.15709 0.07625 0.00000 0.00000 0.00000 0.00000 0.00000 0.00000 0.14769 0.55753 1.04336 1.92295 2.73259 3.19445 3.45766 3.63938 3.70008 3.89834 3.97148 3.44960 2.18447 0.70025 0.59414 2.51871 6.21452 8.37988 9.05423 9.29252 8.86724 7.73491 6.14791 4.53700 3.05844 2.60612 2.85644 3.30338 4.02844 5.94894 9.41677 11.88814 11.98715 13.22583
6.59665 14.10837 20.88337 23.99473 24.88581 22.84896 19.82324 15.82761 11.97080 8.90052 4.74160 1.02017 0.47583 1.84045 3.34022 3.82224 2.77695 0.74351 0.27446 0.14766 0.04725 0.00000 0.00000 0.00000 0.00000 0.10317 0.38053 0.80839 1.37914 2.03597 2.82778 3.12797 3.24171 3.52390 3.68699 3.95719 3.91928 3.71115 2.84166 1.67713 1.73185 3.61099 6.50764 8.64975 9.09834 8.67113 7.29022 5.78863 4.22920 2.97677 2.15659 2.02611 2.70679 3.70836 4.44524 6.31390 10.54103 14.48777 15.21920 15.38143
7.97291 17.99779 25.71152 24.92159 23.12131 24.71001 23.34728 17.57174 12.78738 10.26681 5.22417 2.00494 0.81122 2.10102 3.46871 4.98142 3.71769 0.65527 0.58125 0.47118 0.13601 0.03396 0.00000 0.00000 0.02608 0.21027 0.57224 1.09785 1.88370 2.73148 3.10254 3.29424 3.12049 3.24466 3.39973 3.52520 3.39076 3.03851 2.70819 2.58406 3.64037 5.11166 6.07599 7.18522 7.44168 6.16105 4.19948 2.38611 1.51694 1.28226 1.51143 1.97664 2.75948 3.94012 5.26501 8.05577 12.54392 16.20676 16.96860 14.58447
5.28843 11.61819 14.43334 11.74298 12.82196 19.51420 20.43617 14.51132 11.33548 9.40181 5.47708 2.98789 1.76103 1.04330 0.98408 1.48380 1.19380 1.05042 1.16745 0.85616 0.35340 0.05395 0.00000 0.00000 0.04753 0.26303 0.83411 1.91931 3.01939 3.51577 3.36104 3.17174 3.14464 3.17725 3.12369 2.63542 1.89756 1.25263 1.29248 2.28235 4.08908 5.45910 5.79524 5.72975 5.08321 3.36461 1.73446 0.75302 0.33275 0.35660 1.02314 1.91676 2.88141 4.22161 4.71196 7.50673 10.49943 13.42643 14.62449 10.82290
2.24971 3.60149 3.69365 1.92817 4.87052 11.01732 12.85596 10.14635 8.36269 5.92630 4.40073 4.08414 2.69211 1.72791 1.64215 0.68959 0.94759 2.15532 3.76564 2.77906 1.35134 0.21132 0.02757 0.00000 0.08720 0.92223 2.06409 3.24310 3.37375 3.19408 2.64561 2.46316 2.82936 3.02746 3.07524 2.47930 1.45760 0.52071 0.60728 1.57280 3.33394 4.48453 4.67062 3.80713 2.45213 1.40850 0.90829 0.73036 0.60188 1.43730 2.46889 3.37468 4.27085 4.60796 4.00019 4.16351 5.24565 6.06174 6.55134 4.76001
0.16414 0.60365 1.23053 1.06793 2.15379 5.04694 5.67329 5.07312 3.99821 2.60153 2.62447 3.28523 2.82198 3.82950 5.53553 2.62308 2.14125 3.90380 6.51346 5.79768 3.23441 1.03367 0.29665 0.13938 0.49404 2.43122 5.44640 7.24439 5.62509 3.34349 2.07648 1.78749 2.31077 2.87723 3.26349 3.29084 3.22815 2.30947 1.71037 2.08606 3.17010 3.41143 3.00079 1.68109 0.61443 0.37902 0.74610 1.60394 4.01733 9.31475 12.08079 12.22942 6.48273 4.61559 2.96595 2.06445 1.50393 1.13534 1.48459 1.53039
1.71306 2.22500 2.87529 1.20200 1.59518 2.07361 1.59026 1.68861 1.25181 0.53656 1.54324 3.10570 4.25425 6.40782 7.01481 3.86551 2.29754 4.44590 7.54312 5.72997 2.63931 0.72845 0.44276 0.24866 0.76206 2.67715 6.15430 10.25467 9.99350 4.72467 1.39513 0.96563 1.44407 2.14257 2.73274 4.12451 6.39719 5.92160 3.63830 4.05018 4.55416 3.12418 1.26343 0.59969 0.26083 0.44290 2.74650 8.28745 13.95633 19.12058 26.02457 27.19656 16.71177 6.54944 3.09745 1.21439 0.47084 0.12876 0.26447 0.72180
7.59004 9.91222 9.51598 5.89600 2.32075 1.12411 0.83795 0.86273 0.72065 0.60221 1.61736 4.53043 7.18948 8.56298 6.85528 3.81769 2.29105 3.49016 3.77037 1.53231 0.76366 0.89584 0.65909 0.22889 0.12371 1.13572 2.30432 4.86589 5.97490 2.93002 0.64394 0.23711 0.36899 0.84975 1.51614 5.53801 15.71767 12.05114 6.99789 9.94503 8.96446 4.29449 0.02691 0.06294 0.94822 3.65830 10.32728 17.66929 17.33230 14.57708 16.22974 19.06466 18.23420 8.08165 3.33697 1.33309 0.37748 0.08709 0.07367 0.29764
14.71154 18.79136 16.77511 8.67171 2.11133 0.73850 0.96912 1.24614 1.56313 2.44383 5.29210 9.93609 11.66160 10.49567 8.23704 6.32457 5.50657 4.40808 2.44004 0.83527 1.11246 2.98602 2.85445 1.46151 0.76613 0.49835 0.34946 1.21717 1.80777 0.66581 0.05125 0.00000 0.00000 0.00000 0.07860 6.76482 35.47543 35.85493 32.47599 26.85872 17.97224 3.10929 0.00000 0.29797 3.03845 10.42383 18.57529 21.70343 15.87200 9.77458 7.19550 9.54837 11.05796 8.94700 4.13706 1.68407 0.48702 0.10126 0.13649 0.04408
16.78034 20.28304 18.15344 10.56152 3.89233 1.69312 1.57951 1.95840 2.45324 4.14874 8.81113 15.36946 13.30125 10.06681 7.93954 8.16404 8.22188 6.42773 2.28920 0.23814 1.63754 4.89635 5.39039 3.48680 1.36564 0.04391 0.03768 0.17190 0.10971 0.00000 0.00000 0.00000 0.00000 0.00000 0.08863 6.62020 29.45183 57.99194 65.02901 49.77298 23.01822 1.66617 0.00000 0.05733 2.10383 11.96079 15.35336 15.05682 16.28679 13.71382 10.37588 9.42651 9.57338 6.70937 3.60904 2.20359 1.40665 0.89234 0.70256 0.36804
12.54910 14.79279 12.80500 9.50304 5.57964 3.02203 2.49597 3.02095 3.64374 4.64325 7.58308 10.01073 8.24689 6.15129 5.47930 7.28922 9.83610 6.85398 2.35560 0.10663 0.38475 2.62092 4.30388 3.25356 1.47216 0.32200 0.03725 0.00000 0.00000 0.00000 0.00000 0.00000 0.00000 0.00000 0.15153 5.30073 18.47582 41.85321 59.32889 43.17590 10.85961 0.58472 0.39776 0.70386 1.35506 6.30918 9.11485 8.44866 9.99926 10.85624 10.48148 9.54047 6.58845 3.83645 3.14464 2.74911 2.31462 1.88383 1.37479 0.76737
6.39889 8.90478 7.80823 7.21273 6.51666 5.07894 4.74098 5.21727 7.33434 8.85732 6.49933 4.24014 3.22718 1.81003 2.05546 3.55606 6.28933 4.63789 1.61156 0.40606 0.65401 2.38597 3.40243 2.49465 1.36618 0.66494 0.14926 0.00000 0.00000 0.00000 0.00000 0.00000 0.00000 0.00000 0.00000 1.78881 5.45710 6.34352 12.28012 11.15134 2.52401 1.54673 6.66026 9.94133 7.97532 5.15782 5.15130 4.02948 2.81542 3.97813 5.62494 5.22511 3.56112 3.58770 3.23199 3.11425 2.78057 2.42123 2.06735 1.44958
4.12620 6.78048 6.37918 5.46246 8.19983 9.07452 7.92548 6.58843 8.37224 10.75636 5.75696 1.65192 0.86758 0.38124 0.37834 0.87113 1.94897 1.50326 1.89095 1.43732 2.70060 4.97799 4.39181 1.69447 0.79108 0.34014 0.00000 0.00000 0.00000 0.00000 0.00000 0.00000 0.00000 0.00000 0.26599 2.50148 4.15607 2.17146 2.16814 2.66002 2.18510 7.21274 17.88157 22.88912 18.76165 9.87189 4.67235 4.12549 2.51135 2.42949 3.16606 3.36419 4.09328 5.29386 4.65013 4.35056 3.10996 3.04444 3.44332 2.91447
8.97770 10.01509 9.98278 9.15704 12.25047 17.54378 11.12934 5.92379 4.36671 2.98148 3.44675 1.07725 0.27883 0.06707 0.04544 0.03815 0.29745 0.39724 0.94654 1.53069 5.98210 10.93981 5.01091 1.00613 0.02724 0.00000 0.00000 0.00000 0.00000 0.00000 0.00000 0.00000 0.00000 0.15106 0.84116 2.64732 3.30998 1.51826 0.27605 0.60611 1.76568 9.01932 25.82906 29.25596 20.16664 21.51011 12.55702 6.66701 5.21889 4.23226 4.21957 4.48541 6.38618 8.31463 9.02579 9.90013 6.44788 5.19276 4.67540 6.26880
22.17157 20.51448 16.65042 11.90296 11.91059 14.15461 9.24208 4.97227 3.70019 2.86516 3.47317 4.04317 3.37863 1.17537 1.45471 1.03199 0.75982 0.30597 0.05050 1.05784 5.86762 8.98135 3.99376 0.63968 0.04712 0.00000 0.11121 0.17714 0.16960 0.04971 0.00000 0.00000 0.00000 0.00000 0.14265 0.84389 0.55470 0.31606 1.27387 4.11370 6.07083 10.38356 18.37287 26.77391 15.75290 18.92993 10.67228 8.07870 6.15777 4.65838 4.20066 5.18033 8.71598 10.49103 11.02449 16.47946 13.38446 9.50946 6.70970 9.96582
31.62126 31.68651 21.78529 12.38014 7.67838 5.51807 3.95256 3.08465 2.45953 2.32329 5.08490 9.65008 8.93835 5.66941 5.49523 4.53453 2.28474 0.67098 0.04111 0.29135 2.44658 2.60309 1.59427 0.36236 0.04147 0.00000 0.03025 0.16452 0.20485 0.06440 0.00000 0.00000 0.00000 0.00000 0.00000 0.00000 0.02658 1.38106 5.42186 16.15524 18.76826 21.94940 11.99221 16.07059 21.61366 22.29860 12.20337 6.99848 4.44152 3.16176 2.61417 4.53452 9.37546 12.26255 14.40051 15.76447 14.40240 9.83837 6.54448 9.87494
42.30627 40.50169 23.96023 11.57955 5.51899 3.13028 2.62499 2.41209 1.66484 1.28443 5.25937 14.25729 14.26519 11.06360 10.01135 6.67585 3.22851 0.55740 0.12468 1.05729 1.92157 1.64194 0.91205 0.59918 0.29410 0.00000 0.00000 0.00000 0.07462 0.00000 0.00000 0.00000 0.00000 0.06695 0.18152 0.00000 0.00000 0.25163 2.16737 10.57599 23.58092 58.07387 33.36204 19.61606 34.90026 31.31694 12.75870 5.60240 3.27062 2.63294 2.03685 3.35767 6.89913 9.71363 10.18908 9.24132 10.60933 8.72439 7.12233 9.06940
48.42905 34.09682 16.39802 8.68207 5.63069 2.73848 2.16415 2.35326 1.90510 1.86057 3.71191 9.86784 11.66139 9.76263 8.59579 6.77108 3.11852 1.00954 1.91665 4.00107 4.86002 4.39160 2.48202 0.87681 0.36436 0.09534 0.00000 0.00000 0.00000 0.00000 0.00000 0.00000 0.34038 1.89634 3.31430 1.11765 0.32580 0.40101 0.26367 7.91694 22.10215 53.70734 64.07301 30.49763 50.11810 44.18753 20.51777 6.78475 4.19654 3.79313 3.31653 3.45473 4.53069 5.76033 5.67165 4.46388 7.15256 7.73142 8.49029 10.22544
30.00751 15.01165 9.10876 5.96967 3.45294 2.18582 2.52932 2.92440 2.83471 2.95954 4.76605 7.31102 5.75984 5.11752 4.74521 2.90387 1.26410 0.78909 4.92375 9.33213 8.24231 7.53331 4.00643 1.71025 0.84090 0.38909 0.00000 0.00000 0.07123 0.17085 0.00000 0.02891 0.91604 2.75386 4.48796 1.58289 0.00000 0.04092 2.44580 17.10692 37.47630 40.32862 41.16755 27.24239 36.78577 42.99463 28.31807 9.28973 4.20248 3.84355 3.51897 4.03847 3.88029 3.97076 3.85543 3.94698 6.17924 8.81583 9.66779 11.19081
26.01735 13.77343 7.68792 4.33780 1.75019 1.84349 2.52028 2.86353 2.62165 3.56146 6.26330 7.16880 2.55386 1.44035 1.77056 0.85257 0.39895 0.70853 4.19185 7.25913 6.65819 6.10312 2.96417 1.29303 0.55908 0.30805 0.95223 1.36975 1.29138 0.48810 0.00000 0.00000 0.40536 1.08838 1.29224 0.39037 0.03242 0.00000 5.53520 13.38835 18.82047 -99999.00000 -99999.00000 17.17248 20.14778 26.07273 24.19942 10.63113 3.61735 3.25397 3.40890 3.28919 2.63520 2.50039 2.37068 2.57550 6.23150 11.92331 13.94603 15.55172
23.52217 13.88391 7.46805 4.51879 3.04046 3.03739 4.32378 3.48551 1.77636 1.79651 2.48725 2.25129 1.02921 0.72776 1.37997 1.65690 1.10192 0.44595 1.15553 2.52897 2.80735 2.31460 0.75390 0.22803 0.10412 0.18010 1.26101 2.70426 2.38602 0.31036 0.00000 0.00000 0.43148 0.52575 0.17790 -99999.00000 -99999.00000 -99999.00000 -99999.00000 -99999.00000 -99999.00000 -99999.00000 -99999.00000 13.69726 11.40874 11.84002 12.78963 9.08707 3.89762 2.59868 2.36613 1.20044 0.84049 0.93634 1.19702 3.14872 10.35607 18.71930 22.79774 24.48919
19.04109 12.72014 7.44355 5.86145 -99999.00000 9.86411 9.58955 4.87143 0.94026 0.41174 0.22353 0.16538 0.02560 0.31596 0.87320 1.71020 0.86769 0.12493 0.00000 0.11430 0.36502 0.17380 0.09830 0.00000 0.00000 0.00000 0.02419 0.58029 0.69830 0.07569 0.43014 0.18689 0.56156 1.72618 -99999.00000 -99999.00000 -99999.00000 -99999.00000 -99999.00000 -99999.00000 -99999.00000 -99999.00000 -99999.00000 -99999.00000 5.63536 5.34224 6.08613 6.33359 4.73257 2.31374 0.57818 0.12790 0.04249 0.04930 0.91326 3.92438 10.24122 19.98884 29.03855 36.78629
-99999.00000 -99999.00000 -99999.00000 -99999.00000 -99999.00000 13.95152 13.83515 4.85727 1.22640 0.36255 0.00000 0.00000 0.00000 0.17204 0.57327 0.71952 0.36608 0.15194 0.00000 0.00000 0.00000 0.00000 0.00000 0.00000 0.00000 0.00000 0.00000 0.00000 0.40528 2.15829 4.65095 4.89496 2.88487 0.35789 -99999.00000 -99999.00000 -99999.00000 -99999.00000 -99999.00000 -99999.00000 -99999.00000 -99999.00000 -99999.00000 -99999.00000 -99999.00000 3.44822 3.83374 3.86916 3.43524 1.68573 0.35777 0.00000 0.00000 0.06474 0.68068 1.97112 5.44167 13.73124 23.77147 33.74535
