DATA/RAW-RASTER/CPC/2017/20170630.asc
ncols			60
nrows			40
xllcorner		70.0
yllcorner		20.0
cellsize		0.5
NODATA_value	-99999
0.49936 0.65158 0.90700 0.91875 0.65159 0.33181 0.06538 0.00000 0.00000 0.06516 0.11821 0.12203 0.10827 0.07818 0.02404 0.00000 0.00000 0.00000 0.00000 0.00000 0.00000 0.00000 0.00000 0.00000 0.00000 0.00000 0.00000 0.00000 0.00000 0.00000 0.00000 0.00000 0.00000 0.00000 0.00000 0.00000 0.00000 0.00000 0.00000 0.00000 0.00000 0.00000 0.00000 0.00000 0.00000 0.00000 0.00000 0.09159 0.16802 0.20711 0.19963 0.12153 0.00000 0.00000 0.00000 0.00000 0.00000 0.00000 0.00000 0.00000
0.42427 0.66578 1.30602 1.48574 0.90749 0.36223 0.03998 0.00000 0.00000 0.04232 0.09525 0.09983 0.09137 0.05618 0.00000 0.00000 0.00000 0.00000 0.00000 0.00000 0.00000 0.00000 0.00000 0.00000 0.00000 0.00000 0.00000 0.00000 0.00000 0.00000 0.00000 0.00000 0.00000 0.00000 0.00000 0.00000 0.00000 0.00000 0.00000 0.00000 0.00000 0.00000 0.00000 0.00000 0.00000 0.00000 0.00000 0.00000 0.03806 0.11606 0.12764 0.07537 0.00000 0.00000 0.00000 0.00000 0.00000 0.00000 0.00000 0.00000
0.07651 0.23998 0.59566 0.75218 0.50190 0.14581 0.00000 0.00000 0.00000 0.00000 0.06312 0.08284 0.04375 0.00000 0.00000 0.00000 0.00000 0.00000 0.00000 0.00000 0.00000 0.00000 0.00000 0.00000 0.00000 0.00000 0.00000 0.00000 0.00000 0.00000 0.00000 0.00000 0.00000 0.00000 0.00000 0.00000 0.00000 0.00000 0.00000 0.00000 0.00000 0.00000 0.00000 0.00000 0.00000 0.00000 0.00000 0.00000 0.00000 0.00000 0.00000 0.00000 0.00000 0.00000 0.00000 0.00000 0.00000 0.00000 0.00000 0.00000
0.00000 0.02250 0.12762 0.19753 0.10136 0.00000 0.00000 0.00000 0.00000 0.00000 0.00000 0.02100 0.00000 0.00000 0.00000 0.00000 0.00000 0.00000 0.00000 0.00000 0.00000 0.00000 0.00000 0.00000 0.00000 0.00000 0.00000 0.00000 0.00000 0.00000 0.00000 0.00000 0.00000 0.00000 0.00000 0.00000 0.00000 0.00000 0.00000 0.00000 0.00000 0.00000 0.00000 0.00000 0.00000 0.00000 0.00000 0.00000 0.00000 0.00000 0.00000 0.00000 0.00000 0.00000 0.00000 0.00000 0.00000 0.00000 0.00000 0.00000
0.00000 0.00000 0.00000 0.00000 0.00000 0.00000 0.00000 0.00000 0.00000 0.00000 0.00000 0.00000 0.00000 0.00000 0.00000 0.00000 0.00000 0.00000 0.00000 0.00000 0.00000 0.00000 0.00000 0.00000 0.00000 0.00000 0.00000 0.00000 0.00000 0.00000 0.00000 0.00000 0.00000 0.00000 0.00000 0.00000 0.00000 0.00000 0.00000 0.00000 0.00000 0.00000 0.02131 0.03799 0.02438 0.00000 0.00000 0.00000 0.00000 0.00000 0.00000 0.00000 0.00000 0.00000 0.00000 0.00000 0.00000 0.00000 0.00000 0.00000
0.00000 0.00000 0.00000 0.00000 0.00000 0.00000 0.00000 0.00000 0.00000 0.00000 0.00000 0.00000 0.00000 0.00000 0.00000 0.00000 0.00000 0.00000 0.00000 0.00000 0.00000 0.00000 0.00000 0.00000 0.00000 0.00000 0.00000 0.00000 0.00000 0.00000 0.00000 0.00000 0.00000 0.00000 0.00000 0.00000 0.00000 0.00000 0.00000 0.03648 0.05355 0.09126 0.16424 0.27512 0.37075 0.31921 0.23923 0.16670 0.06650 0.00000 0.00000 0.00000 0.00000 0.00000 0.00000 0.00000 0.00000 0.00000 0.00000 0.00000
0.00000 0.00000 0.00000 0.00000 0.00000 0.00000 0.00000 0.00000 0.00000 0.00000 0.00000 0.00000 0.00000 0.00000 0.00000 0.00000 0.00000 0.00000 0.00000 0.00000 0.00000 0.00000 0.00000 0.00000 0.00000 0.00000 0.00000 0.00000 0.00000 0.00000 0.00000 0.00000 0.00000 0.00000 0.00000 0.02451 0.04733 0.11330 0.19295 0.28313 0.38939 0.64910 1.02297 1.39003 1.50458 1.30466 0.89089 0.43864 0.14872 0.03031 0.00000 0.00000 0.00000 0.00000 0.00000 0.00000 0.00000 0.00000 0.00000 0.00000
0.00000 0.00000 0.00000 0.00000 0.00000 0.00000 0.00000 0.00000 0.12484 0.40407 0.65285 0.43988 0.19935 0.05987 0.00000 0.00000 0.00000 0.00000 0.00000 0.00000 0.00000 0.00000 0.00000 0.00000 0.00000 0.00000 0.00000 0.00000 0.00000 0.00000 0.00000 0.00000 0.00000 0.04077 0.06765 0.14375 0.29811 0.51044 0.76532 1.12702 1.68238 2.56712 3.82132 4.75810 4.18055 3.46435 2.57595 1.30467 0.44088 0.10722 0.03481 0.00000 0.00000 0.00000 0.00000 0.00000 0.00000 0.00000 0.00000 0.00000
0.00000 0.00000 0.00000 0.00000 0.00000 0.00000 0.00000 0.24907 0.77720 1.09997 1.16789 1.01357 0.75483 0.42642 0.04596 0.00000 0.00000 0.00000 0.00000 0.00000 0.00000 0.00000 0.00000 0.00000 0.00000 0.00000 0.00000 0.00000 0.00000 0.00000 0.00000 0.00000 0.03555 0.16105 0.30486 0.56468 0.99873 1.59242 2.36226 3.48752 4.92734 6.48179 7.67243 7.80177 7.01384 6.52169 5.88125 4.46550 2.00406 0.74305 0.35365 0.06816 0.00000 0.00000 0.00000 0.00000 0.00000 0.00000 0.00000 0.00000
0.00000 0.00000 0.00000 0.00000 0.00000 0.05098 0.41495 0.80336 1.37903 1.85500 1.38097 0.89862 0.67105 0.54192 0.32625 0.03486 0.07101 0.07297 0.04052 0.02262 0.00000 0.00000 0.00000 0.00000 0.00000 0.00000 0.00000 0.00000 0.00000 0.03730 0.08223 0.12198 0.12910 0.26304 0.71007 1.30435 2.95371 4.06176 5.13670 6.45583 7.57932 8.49583 8.85751 8.54481 7.83364 6.95833 6.58539 6.32676 4.96870 2.77288 1.37218 0.72375 0.45011 0.08759 0.00000 0.00000 0.00000 0.00000 0.00000 0.00000
0.00000 0.00000 0.00000 0.00000 0.05571 0.42859 1.11346 2.51777 3.62839 3.50694 1.79504 0.67333 0.43538 0.41300 0.47895 0.58816 0.58369 0.31272 0.16411 0.08420 0.04503 0.02623 0.00000 0.00000 0.00000 0.00000 0.00000 0.00000 0.03340 0.11288 0.26036 0.38331 0.54343 0.86120 1.33951 2.22777 3.92914 5.36297 6.59973 7.76119 8.65646 9.48015 9.75260 9.27690 9.00594 8.26232 7.44507 6.80953 5.37358 3.02350 1.47067 0.86253 0.61938 0.31238 0.00000 0.00000 0.00000 0.00000 0.00000 0.00000
0.00000 0.00000 0.00000 0.08236 0.33949 1.26262 2.18325 3.37297 5.68879 2.99941 1.18449 0.47975 0.30851 0.33583 0.47875 0.60878 0.66438 0.45795 0.21880 0.09683 0.04486 0.02356 0.00000 0.00000 0.00000 0.00000 0.00000 0.00000 0.06405 0.21162 0.45382 0.61934 0.85759 0.98069 1.23756 1.84219 2.72401 4.07565 5.96122 7.94889 9.57989 10.11675 10.06295 9.75890 9.71512 9.35816 8.65320 7.50926 5.08977 2.28742 1.06617 0.73646 0.64410 0.44982 0.05330 0.00000 0.00000 0.00000 0.00000 0.00000
0.00000 0.00000 0.00000 0.13569 0.36093 0.69482 0.95932 3.16051 5.59003 2.13129 0.64881 0.42202 0.33417 0.40523 0.64219 0.80136 0.76795 0.45311 0.18584 0.06777 0.02651 0.00000 0.00000 0.00000 0.00000 0.00000 0.00000 0.00000 0.09268 0.31465 0.60081 0.72119 0.84064 0.95118 1.10025 1.28163 1.52784 2.22530 3.67139 5.60849 8.11957 9.80216 10.55798 10.36817 9.77224 9.57091 9.09956 6.84350 4.06441 1.84108 0.93889 0.65825 0.51010 0.15866 0.00000 0.00000 0.11218 0.04853 0.00000 0.00000
0.00000 0.00000 0.00000 0.04340 0.12165 0.12067 0.37728 1.19676 1.47628 1.17310 0.51810 0.42125 0.55260 1.09501 1.66445 1.29897 0.99926 0.51616 0.15357 0.03996 0.00000 0.00000 0.00000 0.00000 0.00000 0.00000 0.00000 0.02433 0.13035 0.40906 0.73403 0.88220 0.95229 1.01984 1.10740 1.15276 1.16494 1.23574 1.54115 2.35031 3.98196 6.58467 8.51684 9.26346 9.50094 8.81650 7.39013 5.44137 3.07261 1.46909 0.82530 0.62621 0.41951 0.09378 0.05749 0.28443 0.53301 0.46106 0.24866 0.10298
0.00000 0.00000 0.00000 0.00000 0.00000 0.00000 0.00000 0.00000 0.00000 0.00000 0.00000 0.28598 1.44869 2.72799 4.17331 2.79326 1.84322 0.64525 0.15391 0.02475 0.00000 0.00000 0.00000 0.00000 0.00000 0.00000 0.00000 0.02295 0.14958 0.44614 0.75545 0.94154 1.03874 1.11228 1.20754 1.18455 1.08403 0.92951 0.79059 0.82274 1.25973 2.18798 3.31161 4.36779 5.38554 5.92288 5.69990 4.86571 3.45651 1.71878 0.86483 0.76620 0.66171 0.48162 0.55107 1.08680 1.50647 1.36883 0.81348 0.31391
0.00000 0.00000 0.00000 0.00000 0.00000 0.00000 0.00000 0.00000 0.00000 0.00000 0.07639 3.37768 3.56751 5.28208 8.31106 7.46040 2.27760 0.60519 0.20456 0.04442 0.00000 0.00000 0.00000 0.00000 0.00000 0.00000 0.00000 0.00000 0.13986 0.40769 0.72044 0.97460 1.10105 1.25196 1.43056 1.41534 1.26144 0.94424 0.56795 0.30528 0.26162 0.49026 0.78215 1.05828 1.76154 3.33966 5.23664 5.88289 4.99130 2.97949 1.66900 1.42209 1.65203 1.90668 2.28947 2.80326 3.05862 2.59304 1.48516 0.46925
0.00000 0.00000 0.00000 0.00000 0.00000 0.00000 0.00000 0.00000 0.00000 0.03208 2.14778 10.23002 15.94133 11.03228 4.22592 4.50428 1.75340 0.54722 0.32640 0.16050 0.06962 0.03981 0.00000 0.00000 0.00000 0.00000 0.00000 0.00000 0.08011 0.32040 0.64946 1.00810 1.13772 1.26687 1.34737 1.39390 1.37233 1.10831 0.62615 0.19581 0.04974 0.07312 0.14698 0.20446 0.52937 2.06339 4.83719 5.84829 5.27982 3.67047 2.36897 2.20570 2.83026 3.73102 4.38079 4.16788 3.80055 3.49020 1.99641 0.53320
0.00000 0.00000 0.00000 0.00000 0.00000 0.00000 0.00000 0.00000 0.06546 0.61961 2.94636 8.18509 14.05652 9.23007 2.75352 1.81440 1.60518 0.97089 0.68260 0.41863 0.22671 0.10956 0.00000 0.00000 0.00000 0.00000 0.00000 0.00000 0.00000 0.18024 0.45134 0.81535 1.14449 1.33846 1.42520 1.52789 1.56224 1.36433 0.87555 0.26043 0.06287 0.06531 0.06851 0.07888 0.32742 1.64512 4.14547 5.40120 4.94592 3.89185 2.62111 2.36542 3.38426 4.67322 5.31459 4.99776 4.37598 3.74103 2.26998 0.84023
0.00000 0.00000 0.00000 0.00000 0.00000 0.00000 0.00000 0.00000 0.08316 0.89989 2.11849 3.14701 3.60053 1.06034 0.41008 1.31714 3.26509 3.47089 1.96953 1.02600 0.38067 0.12459 0.00000 0.00000 0.00000 0.00000 0.00000 0.00000 0.00000 0.00000 0.22864 0.50927 0.85265 1.14779 1.36451 1.55397 1.55378 1.47555 1.13485 0.56843 0.27272 0.23898 0.33290 0.58077 1.14534 2.65163 4.95535 6.75571 7.02951 5.81109 3.76766 2.95421 3.87870 5.37293 5.63232 5.04173 4.59652 4.06393 3.05082 1.68142
0.00000 0.00000 0.00000 0.00000 0.00000 0.00000 0.00000 0.00000 0.08233 0.88518 1.68435 1.97486 1.43435 0.84407 1.26034 1.75757 3.17120 3.67488 3.29314 2.20670 0.61788 0.17315 0.00000 0.00000 0.00000 0.00000 0.00000 0.00000 0.00000 0.00000 0.04738 0.23866 0.46167 0.71059 1.04472 1.37962 1.48268 1.40169 1.21979 0.83534 0.57116 0.47147 0.62586 1.48820 3.18880 5.40202 7.90667 9.44465 11.43369 10.58343 8.83390 6.72075 5.55374 5.60179 5.25905 4.89116 4.62204 4.22540 3.80582 2.35350
0.00000 0.00000 0.00000 0.00000 0.00000 0.00000 0.03984 0.10751 0.41776 1.34402 2.34057 2.58330 2.74731 3.38944 4.47557 3.89585 2.30618 3.17662 3.38816 2.53435 1.11444 0.20263 0.00000 0.00000 0.00000 0.00000 0.00000 0.00000 0.00000 0.00000 0.00000 0.03085 0.11730 0.27667 0.55358 0.93167 1.17220 1.16325 1.05094 0.93909 0.75437 0.57883 0.78110 2.63506 6.57139 9.66634 10.59038 11.21710 14.12955 12.74272 12.84087 12.23747 9.59761 7.71154 5.06748 4.99610 4.75039 4.50444 4.42287 2.85567
0.00000 0.00000 0.00000 0.00000 0.08561 0.34064 0.49593 0.63315 1.27683 2.21898 3.00146 3.72922 4.72410 7.30990 9.27332 8.69966 6.86486 8.01874 8.91691 6.63461 4.77226 1.07258 0.00000 0.00000 0.00000 0.00000 0.00000 0.00000 0.00000 0.00000 0.00000 0.00000 0.00000 0.02049 0.17293 0.63899 1.01950 1.08097 0.99762 1.06667 1.13889 1.27757 2.28920 5.86242 11.51202 13.91233 13.61907 14.81141 15.09011 19.77138 20.16540 19.81241 18.78931 13.81267 7.88903 6.00919 6.41153 6.46008 5.92979 3.76766
0.00000 0.00000 0.08349 0.48263 1.00849 1.42575 1.47564 1.76528 2.73557 3.35872 2.82631 2.83370 5.08502 9.46525 13.11133 11.55203 10.91036 17.31579 26.53610 23.73159 15.85470 6.06622 0.08862 0.00000 0.00000 0.00000 0.00000 0.00000 0.00000 0.00000 0.00000 0.00000 0.00000 0.00000 0.00000 0.73753 1.61722 1.76718 1.50737 1.56022 2.10040 3.22991 6.24372 10.73259 13.99985 15.04342 15.51179 18.86812 32.61596 57.62745 61.78788 59.40020 30.68411 20.31895 11.99562 9.02074 8.60289 8.62867 8.32572 5.88418
0.00000 0.12711 0.85263 2.17121 3.45228 3.12964 2.19891 2.35595 3.44723 4.51672 2.74140 1.60914 3.71766 7.03502 9.70251 7.76208 8.41972 20.79509 38.64641 30.27318 16.21851 9.31573 2.50382 0.20969 0.02671 0.00000 0.00000 0.00000 0.00000 0.00000 0.00000 0.00000 0.00000 0.00000 0.00000 1.47390 3.42437 3.66405 2.56178 2.65526 3.38446 4.56789 7.59423 11.44746 13.01983 14.68157 32.22118 61.57141 82.73563 97.77446 119.51147 123.17140 79.90926 32.97615 18.88075 12.61061 11.49866 9.72231 8.39061 8.11822
0.08225 0.82091 2.42783 5.28651 7.42247 5.86446 3.35499 2.81665 2.88198 2.38446 1.31914 1.48380 2.01672 2.69410 3.79872 2.50719 3.53400 12.40285 19.09000 11.99502 9.90414 7.45863 2.74976 0.50504 0.23193 0.02550 0.00000 0.00000 0.00000 0.00000 0.00000 0.00000 0.00000 0.00000 0.05369 3.39921 10.42515 7.66083 4.77735 6.12476 5.27195 5.11822 5.98859 7.04694 11.63352 26.42605 59.44641 94.66652 96.00850 78.92588 83.08447 91.40289 88.80380 42.16026 23.76785 19.05534 16.58306 14.70983 8.85024 8.61290
0.49703 1.01463 3.45634 8.19006 11.66190 9.71780 5.63149 3.26862 1.90791 0.89353 0.43256 0.50873 0.49376 0.96792 2.65143 2.59950 5.24003 10.53347 11.72516 9.77182 9.77244 5.23177 1.90434 0.64179 0.52464 0.10172 0.00000 0.00000 0.00000 0.00000 0.00000 0.00000 1.74661 0.71792 0.07001 6.21286 27.62257 25.96133 21.03122 14.78253 10.65530 5.75959 0.55329 2.76672 10.34308 26.50587 63.37416 99.48991 79.89518 50.98061 41.06147 50.28770 56.20799 48.79162 29.45629 20.38556 14.89181 12.07705 8.48917 10.73505
3.39332 4.28662 8.77121 14.28892 13.71877 8.53855 4.02789 2.23906 1.24919 0.77945 0.24049 0.02450 0.37540 0.42745 6.79068 15.06908 22.36015 20.48400 10.87069 6.00747 3.44550 1.48872 0.69627 0.90636 1.32891 1.22324 0.42577 0.02254 0.00000 0.00000 0.00000 7.26827 26.21144 21.36075 3.14235 10.46444 41.24129 61.26376 37.89151 23.53345 17.60445 7.62632 0.20482 0.20550 2.75547 13.58849 39.52087 67.39094 67.35336 60.69806 51.03300 49.07614 50.39917 37.91571 21.69875 14.53550 10.04711 8.02745 7.56453 10.12968
9.46477 20.41146 32.43075 33.84568 20.98432 7.51476 1.98727 1.42249 1.01869 0.72495 0.34960 0.00000 0.00000 1.54161 10.33439 25.66859 41.20929 24.30218 7.08775 1.66087 1.10562 3.03915 3.29922 3.73062 5.20339 4.27979 2.51625 0.73550 0.00000 0.00000 0.77643 8.97143 52.24124 70.91064 19.52497 16.22059 39.30350 54.46867 30.92557 30.49154 25.78754 8.18793 4.74489 3.52648 4.84669 10.24397 22.84028 40.01426 55.48991 56.24518 53.76959 50.30380 34.67225 17.67986 11.20558 9.15038 7.14497 5.14428 4.66801 5.65832
11.45121 33.58994 52.24500 48.95570 29.99460 12.74530 5.23770 2.49090 0.96715 0.17207 0.04368 0.00000 0.00000 0.42961 4.64128 11.55393 14.79707 7.10815 0.72343 2.95355 9.48071 12.30372 9.39097 8.60526 8.59712 8.02121 4.27020 0.79669 0.00000 0.07462 2.28470 12.55027 41.11551 49.07832 22.51124 13.06735 20.57906 23.13025 23.62294 33.09392 32.73596 23.77515 35.77713 33.16701 20.70028 12.27897 12.97193 18.27425 22.71916 29.76247 37.37795 30.99182 16.51366 9.86066 6.78856 7.82916 7.44152 4.33458 2.22499 2.36649
10.11586 29.69550 39.94360 34.55570 28.38892 14.29495 7.30062 6.55567 3.33845 0.39573 0.03231 0.00000 0.00000 0.00000 0.00000 0.47459 0.74913 0.14154 0.09440 3.35803 13.51698 13.69254 9.10981 8.75439 8.92526 6.96069 2.24038 0.33822 0.00000 0.36762 2.09150 7.81502 14.81615 11.00161 5.72835 6.43183 7.05080 9.75281 20.16408 26.46222 28.89722 41.32180 78.23363 101.92403 47.74104 20.37835 17.68671 25.28919 22.44257 22.89994 25.88344 19.27630 10.92469 6.41995 5.51611 7.74419 8.76124 5.30826 1.31869 1.30324
10.43800 24.12761 31.68888 28.63868 24.65108 26.95135 16.34578 15.32662 9.11094 2.10748 0.60153 0.00000 0.00000 0.00000 0.02457 0.00000 0.44787 0.68837 0.28005 0.57546 4.33734 4.11611 3.92084 9.26282 10.29679 6.62535 2.59395 0.31554 0.00000 0.44228 1.03892 3.42202 4.43784 3.26430 2.48533 3.28708 6.04580 13.71358 20.92837 21.78946 19.17395 24.89357 40.02474 30.11897 18.80838 19.25337 28.49591 41.98941 41.16606 34.81134 30.33811 18.50526 8.30651 4.55539 4.42807 6.55092 6.93761 5.08136 1.65007 1.46113
8.37157 17.66948 20.44047 14.58726 13.18457 21.19129 17.64589 15.80827 12.96245 6.00636 1.37801 0.08155 0.00000 0.12368 0.61128 0.91167 1.18284 0.93775 0.46001 1.10599 3.03273 2.40464 3.63607 11.25831 12.12358 8.75704 4.98045 2.01441 0.82953 0.71313 0.49415 0.68457 1.70016 2.56240 3.00919 2.56411 5.28810 13.13053 11.40848 14.73552 12.07685 9.29321 8.96674 5.21474 5.84195 11.39454 16.44670 33.33138 38.03880 32.81765 24.53663 13.82234 6.66789 3.36051 2.67582 4.26309 4.64580 3.95793 1.86768 1.64588
3.43188 5.64480 6.73765 6.58231 6.74055 7.68527 8.02960 9.36337 9.81073 5.89718 2.05577 0.46476 0.08459 0.67827 1.98637 3.44338 3.83158 4.09941 5.98778 10.40651 11.24893 5.26950 4.56550 8.50212 10.82630 10.96154 9.04093 5.04752 2.31109 0.69497 0.00000 0.63466 1.88678 3.31408 4.20354 1.51720 0.54946 1.42224 7.16977 19.54223 10.17600 9.38729 14.10521 9.52799 7.23760 5.71024 7.79060 12.21375 13.83339 13.32576 9.81799 7.29328 5.08797 2.91679 2.81926 3.09543 3.25091 2.63844 1.60704 2.02206
4.01915 6.01510 7.65491 6.78366 5.86797 5.37313 5.65032 6.51481 6.18355 3.50123 1.27541 0.66340 0.26100 1.32158 3.11687 4.52259 6.52222 13.92490 22.65423 27.63218 23.06724 8.98508 4.70697 5.47245 8.14889 12.45531 14.19110 9.78483 4.82793 1.47549 0.12402 0.64514 1.87740 3.47974 4.76048 2.46043 0.91350 3.37667 8.30581 15.08303 7.05556 10.89293 20.62622 14.38322 16.18658 10.08310 4.38267 3.16848 2.99509 3.81536 3.57021 3.10912 2.80574 2.05838 1.91658 1.79949 2.54091 2.89566 3.22134 4.94857
8.11622 9.89168 9.52117 7.69705 5.96227 4.53319 4.37260 4.90295 3.67029 1.30014 0.09632 0.06700 0.13181 0.98637 1.62531 1.38874 4.08142 13.63139 22.85456 20.39623 12.66784 6.98904 5.50999 4.24781 5.53348 10.58638 12.80373 9.55764 5.12165 2.18076 0.37978 0.71236 1.78705 5.52688 9.02473 5.80071 8.68582 15.94824 24.89567 16.72657 7.78869 8.00380 14.00272 17.80851 27.54993 21.83619 9.02633 2.81350 2.04686 2.41618 2.47091 1.94623 1.33708 1.01394 1.08621 1.02468 2.56281 4.58389 7.75159 11.91516
14.07654 13.52179 9.30417 6.06506 4.57308 5.40598 5.77573 6.16661 3.87233 0.76105 0.00000 0.00000 0.00000 0.19995 0.38805 0.34201 2.11948 7.32072 8.38708 7.06912 6.28170 7.43429 7.79393 6.66696 6.36861 7.96365 7.78856 5.37752 3.20412 1.97075 0.38546 0.38444 1.72994 4.77919 9.73319 6.49687 9.80829 9.81873 20.80182 23.07780 21.75480 20.06192 24.95936 28.41791 36.08023 35.46966 21.79804 5.95483 2.02034 1.85159 1.92730 1.76404 1.00033 0.69557 0.87710 1.29788 3.48023 7.24684 10.08994 12.58300
18.21190 11.95064 5.59813 3.59480 4.05307 11.33161 14.75579 11.41642 4.79434 0.66056 0.00000 0.00000 0.00000 0.00000 0.00000 0.23135 4.00072 10.40743 11.17006 8.35777 9.53086 13.34461 14.65541 9.90802 7.02024 6.32009 6.13767 5.53073 3.82093 2.16133 0.69520 0.17812 0.81650 0.93747 1.44268 1.66122 4.20142 7.07029 16.81104 28.50371 39.65837 -99999.00000 -99999.00000 54.08975 49.32957 44.89630 35.88579 13.59686 2.79213 2.03158 1.87654 1.56407 0.91009 0.80374 0.93663 1.37915 4.70807 9.95313 11.90733 12.42810
23.86204 14.58605 6.17794 3.80752 9.51544 26.79600 29.40116 15.57031 4.30927 0.49909 0.00000 0.00000 0.00000 0.00000 0.00000 0.00000 5.61203 19.98785 26.89516 18.47706 16.00945 22.24711 27.12702 10.42945 7.14813 5.95242 5.09399 6.37014 5.41978 2.66201 2.67517 4.51031 2.55536 0.18849 0.00000 -99999.00000 -99999.00000 -99999.00000 -99999.00000 -99999.00000 -99999.00000 -99999.00000 -99999.00000 44.17810 46.16495 46.23398 40.22650 23.93976 7.74247 3.19005 2.52371 1.55465 1.00474 1.07955 1.53491 3.24885 7.36894 11.45276 12.48827 12.94212
25.60047 19.71229 10.19011 7.15741 -99999.00000 23.64119 25.07326 14.23135 2.23507 0.26323 0.00000 0.00000 0.00000 0.00000 0.00000 0.00000 2.99175 13.88523 26.19305 24.33290 23.90144 26.84377 27.69486 17.17674 11.16870 7.29092 3.85864 4.50577 4.27197 4.53541 9.51974 15.99627 9.84960 1.77196 -99999.00000 -99999.00000 -99999.00000 -99999.00000 -99999.00000 -99999.00000 -99999.00000 -99999.00000 -99999.00000 -99999.00000 49.20262 42.34610 36.40882 30.12288 18.31041 6.66204 2.64272 1.42394 1.11293 1.69960 3.65056 5.99539 8.15694 10.10492 11.82783 14.22299
-99999.00000 -99999.00000 -99999.00000 -99999.00000 -99999.00000 19.56064 24.51519 12.22164 2.96114 0.68178 0.00000 0.00000 0.00000 0.00000 0.00000 0.00000 0.69998 8.31226 19.16908 22.83192 26.14001 27.13352 25.46706 19.07808 15.69628 11.24411 7.25269 7.85163 7.77385 13.94874 26.97862 41.95103 22.02113 4.73032 -99999.00000 -99999.00000 -99999.00000 -99999.00000 -99999.00000 -99999.00000 -99999.00000 -99999.00000 -99999.00000 -99999.00000 -99999.00000 34.25935 33.04242 32.01796 26.23014 12.25692 3.40440 1.49052 1.54288 3.28483 5.00162 5.68457 7.21784 8.81900 9.53014 11.83208
