DATA/RAW-RASTER/CPC/2017/20170722.asc
ncols			60
nrows			40
xllcorner		70.0
yllcorner		20.0
cellsize		0.5
NODATA_value	-99999
0.00000 0.00000 0.00000 0.00000 0.00000 0.00000 0.00000 0.00000 0.00000 0.00000 0.00000 0.00000 0.00000 0.00000 0.00000 0.00000 0.00000 0.00000 0.00000 0.00000 0.04478 0.02490 0.00000 0.00000 0.00000 0.00000 0.00000 0.00000 0.00000 0.00000 0.00000 0.00000 0.00000 0.00000 0.00000 0.00000 0.00000 0.00000 0.00000 0.00000 0.00000 0.00000 0.00000 0.00000 0.00000 0.00000 0.00000 0.00000 0.00000 0.00000 0.00000 0.00000 0.00000 0.00000 0.00000 0.29539 0.41686 0.40812 0.44553 0.52399
0.00000 0.00000 0.00000 0.00000 0.00000 0.00000 0.00000 0.00000 0.00000 0.00000 0.00000 0.00000 0.00000 0.00000 0.00000 0.00000 0.00000 0.04627 0.05255 0.13858 0.20920 0.21008 0.17708 0.15033 0.13413 0.12219 0.09816 0.00000 0.00000 0.00000 0.00000 0.00000 0.00000 0.00000 0.00000 0.00000 0.00000 0.00000 0.00000 0.00000 0.00000 0.00000 0.00000 0.00000 0.00000 0.00000 0.00000 0.00000 0.00000 0.00000 0.00000 0.00000 0.00000 0.00000 0.17175 0.67126 0.93141 0.87130 0.72560 0.69494
0.00000 0.00000 0.00000 0.00000 0.00000 0.00000 0.00000 0.00000 0.00000 0.00000 0.00000 0.00000 0.00000 0.00000 0.00000 0.00000 0.02297 0.15175 0.30889 0.52068 0.69539 0.76843 0.73806 0.66619 0.57345 0.47289 0.37662 0.20368 0.00000 0.00000 0.00000 0.00000 0.00000 0.00000 0.00000 0.00000 0.00000 0.00000 0.00000 0.00000 0.00000 0.00000 0.00000 0.00000 0.00000 0.00000 0.00000 0.00000 0.00000 0.00000 0.00000 0.00000 0.00000 0.00000 0.18379 0.59865 1.02535 1.46396 1.63152 1.31585
0.00000 0.00000 0.00000 0.00000 0.00000 0.00000 0.00000 0.00000 0.00000 0.00000 0.00000 0.00000 0.00000 0.00000 0.00000 0.00000 0.11223 0.29263 0.65455 1.08791 1.37415 1.50141 1.52373 1.46453 1.33905 1.16391 0.95445 0.68482 0.27988 0.00000 0.00000 0.00000 0.00000 0.00000 0.00000 0.00000 0.00000 0.00000 0.00000 0.00000 0.00000 0.00000 0.00000 0.00000 0.00000 0.00000 0.00000 0.00000 0.00000 0.00000 0.00000 0.00000 0.00000 0.02712 0.11066 0.42699 1.10290 1.83536 2.45935 2.57726
0.00000 0.00000 0.00000 0.00000 0.00000 0.00000 0.00000 0.00000 0.00000 0.00000 0.00000 0.00000 0.00000 0.00000 0.03785 0.08149 0.13788 0.40488 1.01903 1.57978 1.80841 1.89172 1.92289 1.90934 1.84653 1.74497 1.58450 1.23394 0.69429 0.22373 0.03390 0.00000 0.00000 0.00000 0.00000 0.00000 0.00000 0.00000 0.00000 0.00000 0.00000 0.00000 0.00000 0.03493 0.02319 0.00000 0.00000 0.00000 0.00000 0.00000 0.00000 0.00000 0.04727 0.08215 0.13073 0.49854 1.31347 2.24856 3.02276 3.51237
0.00000 0.00000 0.00000 0.00000 0.00000 0.00000 0.00000 0.00000 0.00000 0.00000 0.00000 0.00000 0.00000 0.04234 0.12228 0.17491 0.28572 0.68542 1.40067 1.85790 1.96840 2.00863 2.05601 2.07226 2.05033 2.00974 1.95083 1.74249 1.15127 0.47779 0.13062 0.00000 0.00000 0.00000 0.00000 0.00000 0.00000 0.00000 0.00000 0.03311 0.04784 0.07750 0.14085 0.25697 0.35897 0.31261 0.23388 0.16115 0.06328 0.00000 0.00000 0.04522 0.13586 0.20451 0.25505 0.80327 2.02129 2.89098 3.23310 3.50127
0.00000 0.00000 0.00000 0.00000 0.00000 0.00000 0.00000 0.00000 0.00000 0.00000 0.00000 0.00000 0.04152 0.16760 0.25876 0.39923 0.68412 1.21099 1.75250 2.03322 2.12029 2.09010 2.14558 2.21014 2.26670 2.27275 2.31864 2.28173 1.78161 0.85586 0.26395 0.06513 0.00000 0.00000 0.00000 0.00000 0.03011 0.05919 0.09801 0.15328 0.24430 0.44189 0.76769 1.19405 1.35967 1.22352 0.85461 0.42176 0.14183 0.03009 0.02238 0.08679 0.27340 0.59464 1.19159 2.17952 3.13285 3.52345 3.53368 3.23493
0.00000 0.11810 0.08990 0.03546 0.12882 0.21607 0.24425 0.09893 0.21367 0.28844 0.42647 0.34713 0.23799 0.30312 0.45533 0.66121 1.02508 1.52486 1.95485 2.16330 2.31088 2.30324 2.40973 2.58613 2.65465 2.66294 2.66844 2.56339 2.12085 1.22379 0.45122 0.12659 0.03063 0.00000 0.00000 0.03196 0.10510 0.19328 0.32009 0.52988 0.93642 1.66810 2.84092 4.02026 3.85454 3.38359 2.56478 1.27807 0.41635 0.09886 0.05078 0.14288 0.49290 1.09744 2.01602 3.10022 4.42554 4.70361 3.63028 2.91582
0.18704 0.75699 0.71582 0.42654 0.80021 0.84984 0.53214 0.50711 0.75886 0.79183 0.77999 0.72229 0.61479 0.48291 0.66068 0.92179 1.23471 1.63728 1.94339 2.16231 2.30245 2.44437 2.54254 2.59699 2.62182 2.62057 2.60682 2.53334 2.24996 1.55906 0.70325 0.23262 0.05791 0.02063 0.06823 0.16528 0.29555 0.50569 0.83146 1.37814 2.20739 3.37398 4.70012 5.74694 6.15176 6.48691 6.12162 4.57724 1.94417 0.65774 0.35365 0.43175 0.95983 2.13274 3.40625 3.87309 4.43865 4.44435 3.84751 2.87038
0.80840 1.89714 2.77240 3.62612 2.82780 2.01599 1.61109 1.04059 1.15394 1.38410 0.95649 0.64427 0.58758 0.61136 0.61563 1.11725 1.41242 1.72608 2.01369 2.07611 2.16828 2.30343 2.35907 2.34831 2.34620 2.33928 2.36571 2.37054 2.22884 1.80452 1.19046 0.58018 0.31528 0.26439 0.20658 0.25790 0.72024 1.08191 1.41719 1.87393 2.36832 2.95860 3.61539 4.35379 5.33501 6.32159 6.69508 6.20429 4.55669 2.18800 1.01326 0.82715 1.35245 2.55557 3.50021 3.63764 3.64134 3.61116 3.45627 2.29646
0.97553 2.14668 3.98894 4.20083 2.14130 2.06231 3.25155 3.81937 3.14429 2.63195 1.41133 0.60640 0.53024 0.62821 0.79897 1.09778 2.16772 2.58434 2.63481 2.65498 2.60589 2.49569 2.33881 2.01102 1.88220 2.12474 2.44642 2.60234 2.57290 2.30694 1.82195 1.20397 1.09932 1.18324 1.10944 1.06157 1.32966 1.47272 1.51855 1.63384 1.76704 1.95211 2.09237 2.21315 2.75185 3.97773 5.05154 5.11825 3.92070 1.88386 0.67511 0.31405 0.68954 1.62362 2.69826 2.99388 2.93919 3.03701 2.63648 1.57077
1.56681 1.93958 2.66901 2.41967 1.78476 3.31762 5.88217 5.79464 4.67391 2.10647 1.26958 0.84390 0.65096 0.68968 0.89815 1.19906 2.01277 2.49088 2.40062 2.27633 2.13023 2.10626 2.10171 2.05286 1.89620 1.92665 2.02592 2.12798 2.23690 2.15301 1.96045 1.77724 1.74437 1.70648 1.68414 1.76458 1.73152 1.62936 1.55090 1.44717 1.37199 1.22605 1.04613 0.83499 0.68859 1.27114 2.51106 3.15700 2.34957 0.91669 0.22547 0.05136 0.22101 0.80708 1.80884 2.48584 2.48561 1.93760 1.08232 0.52484
2.65232 2.43887 2.30020 1.85190 1.80944 3.22068 7.75626 7.85000 6.28194 2.11603 1.83944 1.78443 1.14182 0.89504 1.15735 1.65616 2.38533 2.24516 1.99512 1.85694 1.73629 1.79183 1.81035 1.77807 1.75231 1.74287 1.88369 1.97495 2.01223 2.04597 2.06166 1.91252 1.95764 1.98862 2.08975 2.10141 1.96918 1.89158 1.76090 1.44099 1.25796 1.01065 0.75931 0.54277 0.45425 0.70111 1.27790 1.42241 0.77272 0.27175 0.05066 0.00000 0.08096 0.28195 0.65335 1.12700 1.27987 0.85249 0.30247 0.06789
2.32804 2.13300 1.77085 1.25707 1.07201 1.31994 2.39847 3.58731 2.77270 3.58436 3.34859 2.50959 2.47839 2.74291 3.47481 3.69503 3.80869 2.75973 1.97058 1.76851 1.74579 1.73171 1.77328 1.73287 1.72603 1.78225 1.99116 2.01795 2.18729 2.26811 2.32474 2.19430 2.28167 2.36613 2.43408 2.49804 2.43566 2.32548 2.11138 1.83844 1.54022 1.27929 0.96684 0.73246 0.65113 0.67967 0.75611 0.37493 0.00000 0.00000 0.00000 0.00000 0.00000 0.04190 0.09928 0.26851 0.41934 0.21733 0.06747 0.00000
1.20407 0.91215 0.61965 0.19603 0.15011 0.33525 0.28974 0.05941 0.32755 1.24636 2.92876 4.73930 7.04950 7.51383 8.10944 6.92282 5.67381 2.88582 1.92287 1.74948 1.85955 1.79490 1.78278 1.75293 1.75903 1.86690 2.08015 2.25861 2.23751 2.28119 2.20553 2.22178 2.37933 2.46929 2.65491 2.72935 2.73466 2.60425 2.42568 2.24313 2.06791 1.69005 1.29119 1.08455 0.98306 0.79160 0.58264 0.41409 0.10865 0.00000 0.00000 0.00000 0.00000 0.00000 0.00000 0.00000 0.00000 0.00000 0.06222 0.17809
0.27440 0.16629 0.10559 0.00000 0.00000 0.00000 0.00000 0.00000 0.37384 1.36937 3.86916 7.64353 11.13049 16.63940 17.93060 19.65526 7.09108 2.47505 1.93494 1.80069 1.77059 1.76334 1.82270 1.91034 2.11127 2.33250 2.52951 2.47244 2.31296 2.16664 2.06780 2.23004 2.40010 2.61313 2.95462 3.01524 2.92826 2.69399 2.47005 2.28961 2.16980 1.87936 1.50370 1.24941 1.13056 0.86511 0.57121 0.41860 0.31017 0.07697 0.00000 0.00000 0.00000 0.00000 0.00000 0.00000 0.00000 0.00000 0.03666 0.16066
0.02149 0.00000 0.00000 0.00000 0.00000 0.00000 0.00000 0.14989 0.61749 2.49886 4.35155 9.14696 18.32510 34.65240 28.90581 28.78369 8.60417 2.13262 1.59482 1.76150 1.84807 1.91912 2.00135 2.22000 2.52959 2.74979 2.97761 2.60468 2.39040 2.05064 2.05984 2.25993 2.33078 2.45795 2.61052 2.74990 2.83268 2.64779 2.39166 2.17726 2.13614 1.96965 1.57674 1.35143 1.27185 0.99120 0.65381 0.43612 0.35410 0.14356 0.00000 0.00000 0.00000 0.00000 0.00000 0.00000 0.00000 0.00000 0.00000 0.00000
0.00000 0.00000 0.00000 0.00000 0.00000 0.00000 0.02652 0.15134 0.52290 1.67417 2.64293 4.11246 10.05996 22.79943 27.26912 19.92071 7.70521 2.26048 1.36554 1.45594 1.81106 2.35557 2.66064 2.84613 2.90347 2.92581 3.07156 2.60342 2.11293 1.79326 1.72587 1.80322 2.26348 2.50543 2.66039 2.89019 3.00728 2.80097 2.55576 2.21850 2.10043 1.99455 1.64858 1.35080 1.28349 1.16065 0.84133 0.57930 0.43593 0.28516 0.06097 0.00000 0.00000 0.00000 0.00000 0.00000 0.00000 0.00000 0.00000 0.00000
0.00000 0.00000 0.00000 0.00000 0.00000 0.00000 0.00000 0.10977 0.38587 0.79198 0.87235 0.22613 0.31122 4.48022 12.91788 10.91329 5.85565 2.51332 1.83282 2.06641 2.09879 2.87030 3.45317 3.51832 3.65255 3.73382 3.49572 3.03038 2.21715 1.59448 1.22301 1.26484 1.72206 2.17637 2.51693 2.86248 2.89144 2.84628 2.67949 2.34136 2.15995 2.06424 1.81328 1.61750 1.45753 1.30252 1.08401 0.99861 0.93625 0.71060 0.35156 0.15072 0.00000 0.00000 0.00000 0.00000 0.00000 0.00000 0.00000 0.34435
0.00000 0.00000 0.00000 0.00000 0.00000 0.00000 0.00000 0.03794 0.17527 0.45308 0.73182 0.40536 0.00000 0.08191 1.05544 2.71611 1.21114 1.31239 3.04307 5.65509 4.76977 4.40420 4.40024 4.37680 4.14346 4.29379 4.01861 2.91983 2.09374 1.55362 1.01455 0.88437 1.05632 1.39727 1.88561 2.37919 2.51488 2.40714 2.34277 2.14427 1.99516 1.72632 1.53262 1.55843 1.49271 1.32802 1.33624 1.50041 1.80512 1.55242 1.10115 0.39940 0.00000 0.00000 0.00000 0.00000 0.00000 0.00000 0.23944 1.21321
0.00000 0.00000 0.00000 0.00000 0.00000 0.00000 0.00000 0.02672 0.20918 0.77983 1.41305 1.45493 1.04294 0.22816 0.12805 0.27235 0.35969 1.19681 3.35259 7.48425 10.13529 10.75181 9.21446 7.11520 5.33379 4.15767 3.43309 2.78844 2.06433 1.53694 1.00373 0.69632 0.56085 0.60664 0.89802 1.20259 1.21614 0.99983 1.04945 1.36901 1.48855 1.36592 1.29054 1.28764 1.22923 1.11765 1.30576 1.70413 2.27643 1.89964 1.58199 1.07892 0.36072 0.00000 0.00000 0.00000 0.04012 0.22438 0.75968 2.18662
0.00000 0.00000 0.00000 0.00000 0.00000 0.00000 0.00000 0.16070 0.48265 1.09610 1.88444 2.52185 2.41597 2.51528 2.57102 2.11934 2.83738 4.10331 3.86526 6.20424 16.89614 19.86224 12.35360 7.09266 8.12710 7.89261 4.07383 2.25899 1.34948 1.17988 1.01764 0.73033 0.45880 0.26510 0.36192 0.65586 0.72935 0.45152 0.62084 1.11179 1.34818 1.21471 1.10307 0.90203 0.68266 0.68659 1.08748 1.79493 2.06725 2.32121 1.69705 1.04180 0.50585 0.07270 0.00000 0.05757 0.19302 0.47409 1.43037 3.55166
0.00000 0.00000 0.05921 0.21001 0.40051 0.33743 0.13834 0.41208 0.87779 1.27775 1.39079 1.66941 2.66933 4.68247 6.29521 5.17010 5.39150 6.10547 4.20925 5.05670 11.82730 13.82038 7.34308 4.20634 7.64347 8.00752 4.82000 2.54522 1.58911 1.24316 1.15159 1.00706 0.66596 0.26012 0.28258 1.00565 1.88114 2.08065 2.14481 2.37930 2.22340 1.52720 0.99534 0.48551 0.19573 0.26651 0.74860 1.65238 3.21687 4.20579 2.24022 1.22298 0.64321 0.43774 0.13368 0.07401 0.10814 0.22866 1.12771 3.64558
0.00000 0.11284 0.80387 1.91847 2.83159 2.02270 0.61833 0.74664 1.22337 1.64830 1.13807 0.64617 1.82725 4.74281 7.03590 7.71045 7.65684 6.31998 4.47782 3.91198 5.09119 6.13850 4.89291 3.79522 4.98652 4.64153 3.32187 2.72591 2.94799 2.89723 1.71658 1.52676 1.49963 1.07486 0.97899 2.03746 3.97313 5.34617 5.24045 5.39711 4.45166 2.33578 0.79957 0.31999 0.14799 0.33066 2.00677 6.16088 9.62103 8.44347 3.33735 2.28962 2.35991 1.04043 0.40815 0.13530 0.08166 0.13630 0.71893 3.05303
0.05589 0.70453 2.36005 5.13219 7.22630 6.15854 3.69211 3.80738 3.73937 2.53810 1.90607 2.63237 3.97038 6.07251 7.05119 8.29472 8.42697 6.14422 3.85836 2.17500 1.90734 3.11975 4.93341 5.90500 5.54915 3.30959 2.00426 2.65903 4.99337 6.55796 4.23930 3.04884 3.57460 3.54398 2.19846 3.68292 8.47586 7.84425 8.10090 9.62759 7.17063 4.30912 0.31791 0.05978 0.72887 2.36186 6.90126 12.44500 15.23937 16.61168 11.76091 7.25756 6.26878 2.78365 1.02353 0.64703 0.64605 0.94240 1.35004 3.14718
0.15366 0.61570 2.83415 8.02486 13.12285 16.06585 17.48137 14.94964 9.89040 6.81028 7.07911 9.54625 10.13461 8.98617 8.04585 7.46299 7.13811 5.88920 3.51513 1.59185 0.85566 1.62663 3.59002 5.24713 4.39581 2.20127 1.33065 2.91833 7.88555 12.58626 10.39143 6.62016 6.30335 5.36674 2.80173 5.38116 18.98742 16.27394 15.20998 12.25795 9.44265 8.86900 4.48135 1.32022 2.74365 5.95562 12.19048 17.29241 15.45188 17.18940 15.14046 11.95259 9.39840 6.59251 3.84290 3.89425 3.67395 3.64256 3.37274 4.61661
0.63101 1.02915 3.76237 10.79801 20.97508 33.61275 41.16694 32.48816 17.40042 13.62553 15.59350 19.02957 17.29290 12.91410 9.02768 7.51827 6.46095 7.25844 5.29224 2.79270 2.18465 1.26457 1.59426 2.87621 2.44236 0.91396 0.23489 2.51937 7.38906 10.89762 9.64842 5.94770 4.62353 3.26289 1.38504 2.88242 10.11920 16.85194 14.52127 10.95317 10.91088 13.48073 9.20566 2.38888 3.82632 5.85080 9.80000 15.48218 22.04312 21.35452 18.43952 15.69627 13.34544 8.79716 7.68863 9.09970 9.45984 8.57295 7.23281 6.32034
1.74151 4.25724 8.26784 15.70824 30.82196 56.18679 65.54568 46.25941 25.83277 19.67500 27.54812 32.86912 26.06398 16.93555 11.36307 9.41697 9.60321 12.96199 8.27065 3.77819 2.56567 2.39671 1.98024 1.92416 1.58449 0.64538 0.15700 2.41007 7.23177 9.44051 5.51179 2.93137 2.71743 2.27045 1.41678 1.35838 3.03936 6.51901 6.78304 6.15720 9.50163 15.95039 18.74497 14.20280 7.88978 6.90795 6.32981 7.45288 12.70733 16.19989 16.78668 15.66064 10.36887 6.87400 8.93295 12.73683 14.07949 13.44875 11.48396 8.50486
2.28840 6.86419 10.62391 17.82520 38.20076 67.63197 79.48145 57.12110 38.37682 36.12411 48.37829 52.10571 32.23513 17.94416 14.55626 14.82041 26.75523 23.12698 13.08340 6.47375 2.94014 3.04600 2.94578 2.35249 1.79885 1.48650 0.81720 2.44021 7.99448 12.81775 12.25197 6.93398 4.74301 4.54093 3.22456 1.75579 1.73915 1.26214 1.10042 3.02046 7.54167 14.44706 23.58867 17.36568 8.42361 4.75589 3.00594 2.77651 3.05214 5.44478 8.25131 7.57869 5.07337 6.34294 8.19335 12.11723 15.52586 16.35926 15.40613 12.53709
2.61792 8.29571 12.97594 21.47766 55.51612 92.50223 103.43404 63.61885 46.92455 53.16724 62.01517 56.55923 34.93645 24.33287 21.65891 18.27347 18.93054 14.97388 18.08571 14.86144 9.39650 6.34210 4.45097 2.77374 2.03510 1.52884 0.88956 2.34860 6.51093 11.91100 13.30695 10.59113 8.36111 8.78702 4.47051 1.87130 1.60102 0.64334 2.03760 3.65168 6.09006 12.81985 19.36905 16.10759 8.98815 3.23013 1.82218 2.52431 1.96848 2.36226 3.55149 3.89540 4.75505 6.77292 7.38498 11.20782 14.61010 20.59285 23.81597 20.63883
4.79222 14.89758 30.64432 51.84196 83.14587 124.76247 98.02584 43.40568 45.68518 65.47234 59.34164 42.71370 30.50376 29.08192 38.13675 29.73523 23.08846 19.47974 20.13705 19.19688 15.62076 10.82714 4.61587 2.81525 3.34982 4.05436 4.41624 5.93606 7.90859 11.49689 13.91040 13.86055 16.83703 16.48441 11.32582 4.92833 3.54712 3.39717 4.00915 4.60392 4.79517 6.76439 12.42403 14.70272 10.86339 3.77296 3.26129 4.32216 4.12867 3.51930 3.66492 4.02580 5.67760 7.84163 9.62354 14.28379 16.66067 24.89318 27.82434 36.19525
8.13650 24.31696 48.74520 68.10290 89.17142 98.42771 66.03621 32.20786 34.76580 43.91911 36.01046 20.17998 14.24308 14.43279 26.55554 25.78160 20.16410 16.01212 14.72099 14.19540 13.39014 10.25738 4.88225 4.13770 6.11816 10.73028 14.12173 14.06896 14.89363 18.21094 21.93447 29.12976 41.35475 50.67178 41.08378 16.37618 8.32385 6.94395 4.66497 5.23103 4.60812 4.01183 5.28041 11.43980 15.21202 10.67876 5.07442 5.13966 4.58761 3.71196 3.27936 3.95707 6.85055 8.29905 8.74839 15.33648 19.75726 29.16029 31.44934 48.00051
6.89067 22.28815 47.69965 66.16845 73.76775 62.35071 43.63820 31.81341 24.05311 15.58495 9.18344 3.07549 1.91380 4.98324 13.31864 17.24276 16.00829 12.95902 11.96214 13.59588 13.69590 8.56214 5.62702 6.74000 12.83860 24.92342 31.14669 26.41561 24.16189 30.83788 39.14455 40.56852 49.13690 95.50621 82.58344 27.06180 18.43244 22.36840 20.76206 11.82446 5.16680 4.09282 3.42142 8.55742 15.69208 15.47270 7.59153 4.25167 2.80187 2.10762 1.71814 3.07134 6.88353 9.30895 11.12255 13.47815 18.35616 26.83694 30.93564 46.44495
5.67937 21.94836 49.71104 66.05743 85.16950 87.93901 71.04507 49.80239 25.04976 6.98882 3.04858 2.39283 2.44524 7.54254 15.71209 16.95482 16.13819 18.42522 22.03190 22.65105 18.74824 8.97239 5.41210 6.97691 16.57409 37.98233 52.00578 42.21908 36.63794 43.12115 53.45341 51.83564 49.76308 129.94859 142.82921 67.35242 33.14221 32.76778 48.94516 52.96119 13.47578 6.61398 7.26767 11.53880 24.91756 20.91224 7.40751 2.60937 1.40604 1.17468 1.01620 1.75790 4.48284 7.06816 7.83807 8.14104 15.70786 25.23694 30.98565 38.22915
12.49935 33.79759 53.39104 63.16357 83.24294 91.88938 82.25146 66.80353 31.66604 11.41658 8.87250 7.21613 6.06420 9.08586 17.33427 23.16442 17.43303 16.41389 20.09253 16.87747 10.44153 5.45599 4.24108 4.86652 11.87561 32.68499 45.81320 38.62013 34.71707 45.26269 55.88372 62.78849 72.64364 100.81554 102.95747 83.81974 59.33396 46.29437 111.43023 129.94112 36.50489 10.20883 11.87510 21.81403 44.09938 37.94209 16.53358 3.95403 1.99779 1.59588 1.37111 1.43122 2.25306 3.54312 4.07112 3.92262 11.95477 20.37806 25.57277 26.95076
25.17730 49.23338 53.02285 48.70473 48.31083 66.94460 79.45489 75.06474 39.16989 12.38579 8.19022 5.84721 3.96129 6.23723 11.97129 11.91817 9.57935 6.48997 6.08150 8.25716 7.35215 3.42984 3.01918 4.48815 9.59791 19.68899 22.06280 14.95042 18.98996 36.90638 55.03662 61.07542 59.56834 58.35823 57.27388 78.91380 56.09242 37.61800 90.89104 113.25972 77.64822 46.91845 32.62165 55.58933 67.26049 62.02141 38.28168 10.30277 3.12048 2.65737 2.00178 1.62306 1.81626 2.19555 2.76152 4.11782 10.61213 18.17545 19.01421 18.96856
27.96156 49.46273 52.75449 34.08834 19.14451 37.03773 58.60138 58.10221 29.52041 9.95062 4.35397 2.58574 1.36641 3.27522 6.42274 4.69023 4.19807 4.17354 5.30134 12.03546 19.00512 8.23620 3.28388 3.65713 6.09755 9.45671 10.36146 9.66271 17.24644 32.53636 49.89747 57.05206 47.43339 43.78369 59.30334 102.04218 73.49779 53.69607 76.83753 105.29789 127.35955 -99999.00000 -99999.00000 75.73591 80.65545 77.22226 61.43030 23.14615 5.13249 3.89031 3.59141 2.41257 1.88339 1.96445 2.16836 3.53578 11.05385 21.70080 22.25535 22.07313
21.39155 38.06960 41.30777 28.90157 20.75974 29.94491 44.48667 41.76992 19.99961 8.24190 4.51070 3.02214 1.82535 2.71161 5.80950 7.11193 6.51454 6.76052 8.93363 14.63959 22.78703 10.90790 2.63992 3.30307 3.62116 4.36440 4.89132 6.71902 12.69975 23.94319 34.81419 37.98371 32.01720 32.28788 50.87032 -99999.00000 -99999.00000 -99999.00000 -99999.00000 -99999.00000 -99999.00000 -99999.00000 -99999.00000 85.04397 86.26183 78.15703 65.04800 36.95291 11.98385 5.47147 4.51545 2.88047 2.12577 2.69419 4.29063 9.62472 23.23820 35.67974 32.03955 25.41153
14.39758 36.44225 34.98376 28.70402 -99999.00000 24.40289 39.30865 42.91216 12.98908 7.10261 5.38103 3.35983 1.26278 1.71262 4.19359 7.73287 6.53511 5.55512 6.72798 6.76579 10.12968 7.52255 3.01676 2.69288 2.23237 1.14865 1.84645 4.47689 8.10840 12.52811 17.11959 21.93460 19.17297 16.90715 -99999.00000 -99999.00000 -99999.00000 -99999.00000 -99999.00000 -99999.00000 -99999.00000 -99999.00000 -99999.00000 -99999.00000 79.34524 64.86763 53.46576 42.01493 24.80076 9.81026 4.59347 2.67466 2.19067 3.50057 10.10392 18.57482 30.87046 45.04774 47.88285 36.52493
-99999.00000 -99999.00000 -99999.00000 -99999.00000 -99999.00000 27.67087 60.78596 49.78171 16.10710 8.49572 7.25971 4.40530 1.78405 1.67869 3.29907 4.85597 4.60437 3.19066 2.47640 2.15586 4.18759 4.70152 2.90097 1.23856 0.36540 0.12069 0.31652 2.31751 4.45872 7.45055 11.41809 14.95588 12.75752 9.89109 -99999.00000 -99999.00000 -99999.00000 -99999.00000 -99999.00000 -99999.00000 -99999.00000 -99999.00000 -99999.00000 -99999.00000 -99999.00000 48.51602 45.20658 41.99908 33.86468 16.23925 5.29455 2.56349 2.82953 6.52527 11.86607 15.42365 26.13372 45.36641 58.95822 56.31483
