DATA/RAW-RASTER/CPC/2017/20170708.asc
ncols			60
nrows			40
xllcorner		70.0
yllcorner		20.0
cellsize		0.5
NODATA_value	-99999
0.00000 0.00000 0.00000 0.00000 0.00000 0.00000 0.00000 0.00000 0.00000 0.00000 0.00000 0.00000 0.00000 0.00000 0.00000 0.00000 0.00000 0.00000 0.00000 0.00000 0.00000 0.00000 0.00000 0.00000 0.00000 0.00000 0.00000 0.00000 0.00000 0.00000 0.00000 0.00000 0.00000 0.00000 0.00000 0.00000 0.00000 0.00000 0.00000 0.00000 0.00000 0.00000 0.00000 0.00000 0.00000 0.00000 0.00000 0.00000 0.00000 0.00000 0.00000 0.00000 0.00000 0.00000 0.00000 0.00000 0.00000 0.00000 0.00000 0.00000
0.00000 0.00000 0.00000 0.00000 0.00000 0.00000 0.00000 0.00000 0.00000 0.00000 0.00000 0.00000 0.00000 0.00000 0.00000 0.00000 0.00000 0.00000 0.00000 0.00000 0.00000 0.00000 0.00000 0.00000 0.00000 0.00000 0.00000 0.00000 0.00000 0.00000 0.00000 0.00000 0.00000 0.00000 0.00000 0.00000 0.00000 0.00000 0.00000 0.00000 0.00000 0.00000 0.00000 0.00000 0.00000 0.00000 0.00000 0.00000 0.00000 0.00000 0.00000 0.00000 0.00000 0.00000 0.00000 0.00000 0.00000 0.05466 0.13608 0.09003
0.00000 0.00000 0.00000 0.00000 0.00000 0.00000 0.00000 0.00000 0.00000 0.00000 0.00000 0.00000 0.00000 0.00000 0.00000 0.00000 0.00000 0.00000 0.00000 0.00000 0.00000 0.00000 0.00000 0.00000 0.00000 0.00000 0.00000 0.00000 0.00000 0.00000 0.00000 0.00000 0.00000 0.00000 0.00000 0.00000 0.00000 0.00000 0.00000 0.00000 0.00000 0.00000 0.00000 0.00000 0.00000 0.00000 0.00000 0.00000 0.00000 0.00000 0.00000 0.00000 0.00000 0.02869 0.13550 0.12093 0.20330 0.83213 1.06642 0.66789
0.00000 0.00000 0.00000 0.00000 0.00000 0.00000 0.00000 0.00000 0.00000 0.00000 0.00000 0.00000 0.00000 0.00000 0.00000 0.00000 0.00000 0.00000 0.00000 0.00000 0.00000 0.00000 0.00000 0.00000 0.00000 0.00000 0.00000 0.00000 0.00000 0.00000 0.00000 0.00000 0.00000 0.00000 0.00000 0.00000 0.00000 0.00000 0.00000 0.00000 0.00000 0.00000 0.00000 0.00000 0.00000 0.00000 0.00000 0.00000 0.00000 0.00000 0.00000 0.00000 0.00000 0.12113 0.37484 0.81094 1.45072 2.48990 3.32832 3.31964
0.00000 0.00000 0.00000 0.00000 0.00000 0.00000 0.00000 0.00000 0.00000 0.00000 0.00000 0.00000 0.00000 0.00000 0.00000 0.00000 0.00000 0.00000 0.00000 0.00000 0.00000 0.00000 0.00000 0.00000 0.00000 0.00000 0.00000 0.00000 0.00000 0.00000 0.00000 0.00000 0.00000 0.00000 0.00000 0.00000 0.00000 0.00000 0.00000 0.00000 0.00000 0.00000 0.00000 0.00000 0.00000 0.00000 0.00000 0.00000 0.00000 0.00000 0.00000 0.00000 0.10350 0.19989 0.31067 0.88846 2.17526 3.78547 5.28149 6.21449
0.00000 0.00000 0.00000 0.00000 0.00000 0.00000 0.00000 0.00000 0.00000 0.00000 0.00000 0.00000 0.00000 0.00000 0.00000 0.00000 0.00000 0.00000 0.00000 0.00000 0.00000 0.00000 0.00000 0.00000 0.00000 0.00000 0.00000 0.00000 0.00000 0.00000 0.00000 0.00000 0.00000 0.00000 0.00000 0.00000 0.00000 0.00000 0.00000 0.00000 0.00000 0.00000 0.00000 0.00000 0.00000 0.00000 0.00000 0.00000 0.00000 0.00000 0.00000 0.08097 0.24559 0.37145 0.46961 1.32831 3.29062 4.91936 5.89553 6.55817
0.00000 0.00000 0.00000 0.00000 0.00000 0.00000 0.00000 0.00000 0.00000 0.00000 0.00000 0.00000 0.00000 0.00000 0.00000 0.00000 0.00000 0.00000 0.00000 0.00000 0.00000 0.00000 0.00000 0.00000 0.00000 0.00000 0.00000 0.00000 0.00000 0.00000 0.00000 0.00000 0.00000 0.00000 0.00000 0.00000 0.00000 0.00000 0.00000 0.00000 0.00000 0.00000 0.00000 0.00000 0.00000 0.00000 0.00000 0.00000 0.00000 0.00000 0.00000 0.13129 0.43192 0.93925 1.85433 3.38391 4.90377 5.76245 6.27102 5.95707
0.00000 0.00000 0.00000 0.00000 0.00000 0.00000 0.00000 0.00000 0.00000 0.00000 0.00000 0.00000 0.00000 0.00000 0.00000 0.00000 0.00000 0.00000 0.00000 0.00000 0.00000 0.00000 0.00000 0.00000 0.00000 0.00000 0.00000 0.00000 0.00000 0.00000 0.00000 0.00000 0.00000 0.00000 0.00000 0.00000 0.00000 0.00000 0.00000 0.00000 0.00000 0.00000 0.00000 0.00000 0.00000 0.00000 0.00000 0.00000 0.00000 0.00000 0.00000 0.17803 0.71101 1.61446 2.97593 4.63503 6.61836 7.05771 5.61534 4.86190
0.00000 0.00000 0.00000 0.00000 0.00000 0.00000 0.00000 0.00000 0.00000 0.00000 0.00000 0.00000 0.00000 0.00000 0.00000 0.00000 0.00000 0.00000 0.00000 0.00000 0.00000 0.00000 0.00000 0.00000 0.00000 0.00000 0.00000 0.00000 0.00000 0.00000 0.00000 0.02887 0.07469 0.05437 0.02457 0.00000 0.00000 0.00000 0.00000 0.00000 0.00000 0.00000 0.00000 0.00000 0.00000 0.00000 0.00000 0.00000 0.00000 0.00000 0.00000 0.38255 1.19692 2.78444 4.35720 4.92070 5.58237 5.54481 4.92035 4.08793
0.00000 0.00000 0.00000 0.00000 0.00000 0.00000 0.00000 0.00000 0.00000 0.00000 0.00000 0.00000 0.00000 0.00000 0.00000 0.00000 0.00000 0.00000 0.00000 0.00000 0.00000 0.00000 0.00000 0.00000 0.00000 0.00000 0.00000 0.00000 0.04275 0.22499 0.41830 0.67154 0.86404 0.76692 0.54555 0.32239 0.13743 0.14944 0.12851 0.10181 0.04548 0.00000 0.00000 0.00000 0.00000 0.00000 0.00000 0.00000 0.00000 0.00000 0.15148 0.55600 1.36418 2.55955 3.06132 2.70020 2.44500 2.71088 3.16888 2.79745
0.00000 0.00000 0.00000 0.00000 0.00000 0.00000 0.00000 0.00000 0.00000 0.00000 0.00000 0.00000 0.00000 0.00000 0.00000 0.00000 0.06448 0.10210 0.11353 0.12369 0.12866 0.12926 0.12874 0.12358 0.12300 0.13831 0.16593 0.15448 0.33346 0.70241 1.45961 2.44245 2.75322 2.96493 2.86389 2.71998 2.32595 1.52874 0.85649 0.42986 0.19836 0.08242 0.00000 0.00000 0.00000 0.00000 0.00000 0.00000 0.00000 0.05758 0.13471 0.30623 0.64066 1.27781 1.64801 1.38533 1.16958 1.61888 2.31038 2.41458
0.00000 0.00000 0.00000 0.00000 0.00000 0.00000 0.00000 0.00000 0.00000 0.00000 0.00000 0.00000 0.00000 0.00000 0.00000 0.00000 0.13678 0.23320 0.27110 0.28649 0.28513 0.28616 0.28369 0.28333 0.28422 0.28994 0.29866 0.36361 0.60790 1.41652 2.86100 3.95283 4.22896 4.25766 4.36597 4.47893 4.13207 3.42077 2.46176 1.36927 0.67355 0.28312 0.09374 0.00000 0.00000 0.00000 0.00000 0.00000 0.03699 0.08588 0.10935 0.13720 0.34348 0.84565 1.33995 1.42459 1.40525 1.64213 2.05711 2.35975
0.00000 0.00000 0.00000 0.00000 0.00000 0.00000 0.00000 0.00000 0.00000 0.00000 0.00000 0.00000 0.00000 0.00000 0.00000 0.00000 0.13123 0.24259 0.28568 0.29812 0.29245 0.30161 0.30630 0.31142 0.32802 0.33822 0.36118 0.46578 0.80894 2.04837 3.69417 4.53367 4.95184 5.12034 5.61160 5.89593 5.68761 5.55635 5.10270 3.57822 2.02525 1.00573 0.42115 0.12866 0.04929 0.02146 0.00000 0.00000 0.09059 0.12699 0.15432 0.23075 0.50789 1.01528 1.38261 1.53037 1.65020 1.89738 2.20511 2.27465
0.00000 0.00000 0.00000 0.00000 0.00000 0.00000 0.00000 0.18910 0.53180 0.40639 0.09261 0.03420 0.00000 0.00000 0.00000 0.00000 0.10401 0.26825 0.29387 0.29920 0.30384 0.30485 0.31737 0.32491 0.34070 0.36414 0.40799 0.53326 1.09387 2.61311 4.43226 5.59606 5.96761 6.24368 6.58483 6.99767 7.00977 6.91757 6.50483 5.74577 4.58873 3.06868 1.71148 0.90930 0.51847 0.28304 0.11800 0.10625 0.18636 0.17215 0.20325 0.48226 1.00769 1.48748 1.64565 1.68791 1.82530 2.06737 2.22362 2.23136
0.00000 0.00000 0.00000 0.00000 0.00000 0.00000 0.24124 0.96408 2.98593 2.13745 0.72631 0.41744 0.07103 0.00000 0.00000 0.00000 0.03465 0.26505 0.29979 0.30196 0.32115 0.31722 0.32284 0.33117 0.34811 0.38043 0.43038 0.58004 1.19794 2.87523 4.79925 6.02355 6.36207 6.64362 7.26737 7.56198 7.77121 7.68350 7.48156 7.18531 6.66811 5.17805 3.44546 2.39849 1.78114 1.05860 0.50474 0.25494 0.33816 0.41485 0.43468 0.92789 1.69498 2.15609 2.26529 2.36402 2.01110 1.80410 1.87310 1.91962
0.00000 0.00000 0.00000 0.00000 0.00000 0.04391 0.42114 1.60684 3.46982 3.24801 1.59448 0.76000 0.12276 0.00000 0.00000 0.00000 0.00000 0.16125 0.28819 0.31464 0.31213 0.31250 0.32615 0.35151 0.40140 0.45769 0.51316 0.54236 1.17742 2.90896 5.24282 6.53283 6.76636 7.24356 8.13733 8.26644 8.13499 7.79640 7.57098 7.38235 7.17154 6.07026 4.38154 3.15250 2.54682 1.64902 0.65631 0.25905 0.58930 1.35373 1.98445 2.73950 3.78615 4.40279 4.55198 3.76862 2.32176 1.59610 1.75188 1.88446
0.00000 0.00000 0.00000 0.00000 0.00000 0.02826 0.22101 0.61908 0.76410 0.65067 0.47611 0.12153 0.00000 0.00000 0.00000 0.00000 0.00000 0.04883 0.18548 0.29125 0.31830 0.32378 0.33931 0.38382 0.45905 0.53105 0.60835 0.58277 1.02269 3.51320 5.76778 7.68915 7.40565 7.33549 7.37338 7.53417 7.71502 7.45176 7.24166 7.06291 7.15124 6.62452 4.83134 3.45200 2.96737 2.21592 1.07621 0.42207 1.10297 2.85305 4.52235 5.58933 6.57152 7.79861 8.31766 6.05356 2.84186 1.85403 2.42732 2.39189
0.00000 0.00000 0.00000 0.00000 0.00000 0.00000 0.02022 0.08020 0.04232 0.00000 0.03257 0.00000 0.00000 0.00000 0.00000 0.00000 0.00000 0.00000 0.00000 0.12479 0.24978 0.32004 0.37280 0.44211 0.52122 0.58449 0.65639 0.59204 1.16345 3.26508 5.84693 8.13452 9.03553 8.61547 8.04346 8.06683 8.06384 7.58992 7.62908 7.32322 7.29023 7.40265 5.96042 4.01659 3.43481 3.32445 2.71132 2.37748 3.21632 5.03750 5.92733 6.32349 7.81067 9.82304 10.83462 9.28663 6.78593 6.17848 6.11415 5.32461
0.00000 0.00000 0.00000 0.00000 0.00000 0.00000 0.00000 0.00000 0.00000 0.00000 0.00000 0.00000 0.00000 0.00000 0.00000 0.15979 0.09117 0.00000 0.00000 0.04169 0.18623 0.27922 0.40085 0.52335 0.68731 0.79108 0.76946 0.67174 0.96917 2.83634 6.18728 8.96829 10.65658 10.33161 9.42420 9.07202 8.34441 8.14448 8.59803 8.69790 9.33179 10.97668 10.75409 8.71009 6.90896 6.53846 7.06469 8.70305 10.28590 10.07751 7.55520 6.46942 8.45500 11.48653 12.16679 11.87333 13.94836 17.15139 16.84872 12.47587
0.00000 0.00000 0.00000 0.00000 0.00000 0.00000 0.00000 0.00000 0.00000 0.00000 0.00000 0.00000 0.00000 0.00000 0.02839 0.36639 0.25473 0.00000 0.05024 0.36532 0.32931 0.35689 0.49973 0.74338 0.91562 1.04943 1.00043 0.70895 0.72250 3.01135 6.81184 10.75402 13.30583 13.26174 12.64595 12.07370 11.32996 11.00645 11.68271 12.14650 14.39236 16.35389 16.62397 16.29082 14.16059 12.40901 13.98566 16.91039 21.35912 19.64266 15.85948 11.70495 10.19895 11.42941 12.65097 15.47195 21.08459 26.16910 26.98850 19.08259
0.00000 0.00000 0.00000 0.00000 0.00000 0.00000 0.00000 0.00000 0.00000 0.00000 0.00000 0.00000 0.00000 0.00000 0.00000 0.11237 0.13192 0.04543 0.17505 0.43897 0.65693 0.85492 1.13811 1.50685 1.45034 1.21151 1.00834 0.76361 0.97378 3.03450 7.07705 12.00126 14.76588 16.12211 16.00597 14.80026 14.57936 14.51039 13.84609 14.51285 16.30026 17.81969 18.29543 18.53272 18.07789 16.27390 16.92551 20.34146 27.14984 23.38654 20.54267 16.34865 12.50547 12.04189 11.04762 15.71326 20.29125 24.54568 27.27320 20.29249
0.00000 0.00000 0.00000 0.00000 0.00000 0.00000 0.00000 0.00000 0.00000 0.00000 0.00000 0.00000 0.00000 0.00000 0.00000 0.00000 0.00000 0.00000 0.04848 0.24479 1.18017 1.72782 1.71009 1.75092 2.55379 2.73321 1.48050 0.71386 0.69540 1.86307 4.93799 9.86547 14.23685 15.65087 16.00671 14.40930 14.14014 14.65309 13.25264 13.22479 14.71230 15.82787 16.55391 16.30692 16.40492 15.88792 16.96612 22.49834 24.90812 28.54164 22.51682 16.41053 14.47882 13.58643 11.94277 12.43168 15.54418 17.51121 19.48400 18.90770
0.00000 0.00000 0.00000 0.00000 0.00000 0.00000 0.00000 0.00000 0.00000 0.00000 0.00000 0.00000 0.00000 0.00000 0.00000 0.00000 0.00000 0.00000 0.00000 0.00000 1.34193 2.84858 2.16729 1.71021 3.79199 4.28754 2.59239 0.86666 0.51151 1.16151 3.30654 7.77582 12.61670 15.13351 16.13513 14.28022 13.86943 13.55405 12.16372 12.07354 13.73458 14.51853 14.95485 13.68813 12.77213 13.07106 14.93932 21.10603 35.13983 48.72688 35.38058 27.32292 14.58708 12.49808 11.96091 12.38697 12.67554 13.03966 14.94481 17.29451
0.00000 0.00000 0.00000 0.00000 0.00000 0.00000 0.00000 0.00000 0.00000 0.00000 0.00000 0.00000 0.00000 0.00000 0.00000 0.00000 0.00000 0.00000 0.00000 0.05472 1.50667 6.89316 7.80805 7.15107 7.77768 6.29583 3.89856 1.39820 0.62584 1.11750 2.04399 5.60684 10.63097 13.07566 12.72159 11.66482 12.26838 12.69654 11.28681 12.55868 13.89558 12.88799 11.87674 11.86298 11.06591 12.46825 31.55527 65.63731 79.35545 64.80658 49.38176 46.24492 32.58578 15.91946 13.86911 13.48045 13.34179 12.04086 11.71109 14.77102
0.00000 0.00000 0.00000 0.00000 0.00000 0.00000 0.00000 0.00000 0.00000 0.00000 0.00000 0.00000 0.00000 0.00000 0.00000 0.00000 0.00000 0.00000 0.52443 3.46311 8.64705 13.07266 15.03962 15.55913 14.58578 9.08795 5.92453 3.72872 1.84214 1.20098 1.57780 5.42750 11.74280 14.52091 9.48470 9.48732 18.26700 15.33935 14.08125 18.90938 16.87575 16.11092 12.49276 9.96847 14.89538 34.38643 76.13012 118.41962 111.64215 74.58194 51.11717 43.73457 42.22063 21.37699 15.54480 17.25591 16.77870 15.55986 9.90946 8.98932
0.00000 0.00000 0.00000 0.00000 0.00000 0.00000 0.00000 0.00000 0.00000 0.00000 0.00000 0.00000 0.00000 0.00000 0.00000 0.00000 0.04789 0.61580 2.63138 7.68577 14.55531 18.14988 18.56868 17.61601 14.39539 8.77354 6.26360 4.76608 2.79830 1.42341 2.56179 8.80100 17.40975 17.13972 7.75492 8.34705 30.81314 35.91917 40.38009 34.99550 28.01536 29.17686 28.03568 20.92876 37.92004 65.42178 104.75243 135.59471 107.32323 69.42534 47.29864 41.86105 38.43811 30.75036 18.92204 15.64397 12.97785 10.39997 5.81970 4.12642
0.00000 0.00000 0.00000 0.00000 0.00000 0.00000 0.00000 0.00000 0.00000 0.00000 0.00000 0.00000 0.00000 0.00000 0.10326 0.29260 0.30073 1.34240 3.71238 8.98769 16.04553 20.11392 19.83168 17.29901 11.44770 6.22069 4.22586 3.48282 2.50264 1.80738 3.49675 8.00431 11.24540 9.54953 5.91116 11.69440 36.69622 83.33727 79.54797 56.20911 36.17675 29.48169 26.90816 24.82856 37.00159 57.37191 70.76606 80.88972 92.70800 84.90128 66.56448 54.60684 46.42976 29.15626 14.43492 9.23443 6.39550 4.32314 2.52853 1.48956
0.00000 0.00000 0.00000 0.00000 0.00000 0.00000 0.00000 0.00000 0.00000 0.00000 0.00000 0.00000 0.04965 0.27563 0.85941 1.18971 1.28468 2.50952 3.61047 6.58172 12.28768 16.60425 16.79136 13.27561 8.16449 4.36087 3.04612 2.37085 1.23523 0.54474 0.58901 2.93536 2.95615 2.35943 3.16198 12.69707 42.32114 85.87217 78.23895 45.98558 19.62957 18.50026 16.30335 15.73675 22.76454 32.19362 31.68038 35.01666 54.97478 66.66695 65.79708 58.33503 35.48753 15.24533 7.60737 5.04425 3.29312 1.87398 1.02649 0.62428
0.00000 0.00000 0.00000 0.00000 0.00000 0.00000 0.00000 0.00000 0.00000 0.00000 0.00000 0.00000 0.04828 0.37837 1.64734 2.89775 4.86452 4.06640 2.67370 2.91987 5.92293 9.88273 11.03273 9.26215 5.26860 2.63956 1.64508 1.18914 0.24992 0.00000 0.00000 0.00000 0.11220 0.15454 1.48625 7.51691 18.96597 29.40743 32.98201 19.50299 9.72980 15.38033 21.13080 15.12052 15.05748 10.97122 6.19460 11.34467 18.20143 27.31396 37.02205 31.25658 15.83228 9.30306 4.94197 4.15315 3.24051 1.58964 0.61615 0.42952
0.00000 0.00000 0.00000 0.00000 0.00000 0.00000 0.00000 0.00000 0.00000 0.00000 0.00000 0.00000 0.06323 0.56416 1.91085 3.32002 3.28096 2.23061 1.32273 0.65695 2.40098 6.06775 9.29510 8.74683 5.13579 2.05272 0.66070 0.09550 0.00000 0.00000 0.00000 0.00000 0.00000 0.06288 0.73873 5.80998 10.47573 8.23243 11.56031 12.61009 12.94803 24.65587 43.52789 50.40460 25.02559 8.01099 4.85960 10.04088 10.81969 13.16878 17.52123 14.96913 10.38058 7.45626 5.71284 5.61276 4.43739 2.40620 0.65189 0.87207
0.00000 0.00000 0.00000 0.00000 0.00000 0.00000 0.00000 0.00000 0.00000 0.00000 0.00000 0.00000 0.00000 0.17870 0.67971 1.85185 3.27204 4.06548 2.21645 0.89027 2.36545 5.89515 12.26038 11.15191 7.34827 4.05277 1.81822 0.93968 0.49331 0.40818 0.84270 0.86323 0.11987 0.39169 1.71477 5.00076 6.94430 5.21870 5.43852 7.57386 10.37614 17.41133 29.43393 30.47810 15.72557 7.99491 10.02318 16.19680 16.74745 15.34029 15.49815 12.02881 8.78426 8.40032 8.82373 10.12414 7.16364 4.84572 2.53228 3.25554
1.01179 1.85436 0.79642 0.00000 0.00000 0.00000 0.00000 0.00000 0.00000 0.00000 0.00000 0.00000 0.00000 0.00000 0.08434 0.52401 1.72725 2.10725 1.60352 1.30536 2.74770 5.68607 11.49257 11.47858 8.70488 6.78498 4.83482 2.46083 1.94423 3.75962 5.46424 5.38841 2.45410 0.00000 0.47165 1.73424 1.56173 1.96520 2.22227 2.94975 4.61734 4.63421 4.96126 3.67567 3.14608 5.07351 6.40357 12.98440 15.08138 13.47773 11.25871 8.81522 9.21744 9.44107 9.55989 15.33063 13.41068 11.23080 8.05119 7.35932
2.82209 4.63351 2.82618 0.13013 0.00000 0.00000 0.00000 0.00000 0.00000 0.00000 0.00000 0.00000 0.00000 0.00000 0.00000 0.00000 0.17524 0.21607 0.49304 1.37651 2.32714 2.64702 5.05017 7.76551 8.66831 10.20047 9.93555 6.53501 5.88189 11.07168 15.47787 11.15165 3.60646 0.00000 0.00000 0.00000 0.00000 0.06180 0.72546 0.75839 1.88551 1.21427 0.66186 0.86942 1.61113 2.53161 3.17111 4.79797 5.44514 5.30119 4.41864 5.41422 8.87317 10.72782 12.60156 14.51652 15.07907 15.84403 15.55289 12.53723
7.11739 9.12935 5.00742 1.72734 0.09165 0.00000 0.00000 0.18976 0.00000 0.00000 0.00000 0.00000 0.00000 0.00000 0.00000 0.00000 0.00000 0.02438 0.68202 2.60156 2.80186 1.11661 1.34479 3.06451 6.42079 12.93362 16.59498 13.27950 13.02509 18.48479 23.36966 13.59509 2.97284 0.04376 0.00000 0.35081 0.64659 1.74663 2.23060 2.25613 1.53553 0.96226 0.60763 0.86090 1.86845 2.12011 1.37307 1.13244 1.11126 1.47615 1.68018 2.58788 5.55854 8.08237 8.69694 8.27871 12.52178 16.59232 18.28971 15.01664
13.72114 12.65584 6.26590 3.60012 2.66469 0.00000 0.64489 1.51720 0.43877 0.00000 0.00000 0.00000 0.00000 0.00000 0.00000 0.00000 0.00000 0.00000 0.28451 1.33814 1.24205 0.45398 0.00000 0.30215 3.30332 11.11764 15.70722 14.04287 14.97765 20.89320 21.71866 12.60889 4.27369 1.67526 0.97705 3.03647 8.97680 7.96715 5.22341 3.77385 2.56379 1.56181 1.04751 1.18890 1.99847 2.44472 1.66937 0.72764 0.69012 0.94548 1.27119 1.68058 2.63658 3.91541 4.40446 3.82991 8.79939 12.40135 12.70852 10.06514
9.84530 11.65742 10.23745 14.62229 20.55152 12.48304 5.72387 3.35871 0.57973 0.00000 0.00000 0.00000 0.00000 0.00000 0.00000 0.00000 0.00000 0.00000 0.00000 0.09372 0.10598 0.02655 0.00000 0.03685 2.69200 9.11158 12.34280 9.47411 12.72702 23.36802 29.82454 22.94406 11.89024 6.92218 2.52980 2.38984 6.05704 4.52633 3.81963 3.74005 3.32397 2.55964 1.70266 1.32605 1.94339 2.71341 2.54075 1.19491 0.57265 0.76703 1.10511 1.60585 1.97318 2.25880 2.77610 3.54409 6.62315 9.10717 7.59916 6.17102
5.78453 7.88563 9.51669 22.38377 38.05738 24.29091 10.62740 2.17360 0.00000 0.00000 0.00000 0.00000 0.00000 0.00000 0.00000 0.00000 0.00000 0.00000 0.00000 0.00000 0.00000 0.00000 0.00000 0.55949 2.95235 9.07864 16.86075 22.10880 24.79111 28.32025 37.00521 35.68386 17.50202 7.63621 2.11336 0.27168 0.66318 1.30280 1.83936 2.58765 3.26982 -99999.00000 -99999.00000 1.92857 2.41250 2.69828 2.65612 2.17242 0.64954 0.71683 1.17057 1.64378 1.87485 1.92160 2.05620 2.28987 5.10859 8.24906 7.53864 7.29479
3.42470 3.94569 5.29543 11.38429 20.07749 11.09459 5.05884 0.41579 0.00000 0.00000 0.00000 0.00000 0.00000 0.00000 0.00000 0.00000 0.00000 0.00000 0.00000 0.00000 0.00000 0.00000 0.02690 0.51656 2.38035 7.65951 15.30462 26.84855 26.70448 20.51201 23.24504 22.57127 12.01624 3.37656 0.44968 -99999.00000 -99999.00000 -99999.00000 -99999.00000 -99999.00000 -99999.00000 -99999.00000 -99999.00000 2.37951 2.57031 2.55568 2.63463 3.14247 1.52585 1.07999 1.46782 1.79889 1.87092 1.86900 2.17908 3.38221 6.22659 8.51179 8.73699 9.19473
2.02922 1.31806 1.72465 3.97215 -99999.00000 1.44891 0.21051 0.00000 0.00000 0.00000 0.00000 0.00000 0.00000 0.00000 0.00000 0.00000 0.00000 0.00000 0.00000 0.00000 0.00000 0.00000 0.00000 0.53493 1.65250 2.59519 6.10276 10.82425 9.71196 6.73690 7.58607 11.48573 7.07758 1.37157 -99999.00000 -99999.00000 -99999.00000 -99999.00000 -99999.00000 -99999.00000 -99999.00000 -99999.00000 -99999.00000 -99999.00000 2.06623 1.96274 2.08128 3.74357 4.82444 2.64686 1.80205 1.91251 1.99891 2.93731 5.65539 7.19877 7.14691 7.39998 8.62908 11.07005
-99999.00000 -99999.00000 -99999.00000 -99999.00000 -99999.00000 0.82387 0.15468 0.00000 0.00000 0.00000 0.00000 0.00000 0.00000 0.00000 0.00000 0.00000 0.00000 0.00000 0.00000 0.00000 0.00000 0.00000 0.06700 0.85706 0.71202 0.54534 1.10693 4.67819 6.20124 9.55864 11.96249 14.33472 7.38927 1.29361 -99999.00000 -99999.00000 -99999.00000 -99999.00000 -99999.00000 -99999.00000 -99999.00000 -99999.00000 -99999.00000 -99999.00000 -99999.00000 1.46767 2.93525 5.99386 8.58417 5.73915 2.97288 2.33335 2.89314 6.23076 8.86063 8.03065 6.71427 5.72426 6.27692 8.96665
