DATA/RAW-RASTER/CPC/2017/20170701.asc
ncols			60
nrows			40
xllcorner		70.0
yllcorner		20.0
cellsize		0.5
NODATA_value	-99999
2.61860 1.56217 0.78746 0.44737 0.26350 0.11657 0.02262 0.00000 0.00000 0.00000 0.00000 0.00000 0.00000 0.10180 0.31112 0.34910 0.20890 0.14604 0.26643 0.29543 0.19346 0.08438 0.03125 0.00000 0.00000 0.00000 0.00000 0.00000 0.00000 0.00000 0.00000 0.00000 0.00000 0.00000 0.00000 0.00000 0.00000 0.00000 0.00000 0.00000 0.00000 0.00000 0.00000 0.00000 0.04659 0.08311 0.13900 0.25012 0.39277 0.67304 1.68316 4.22841 7.75936 11.10560 14.92635 20.02291 19.90924 17.61063 15.79695 12.78221
2.32338 1.18577 0.75040 0.56261 0.32613 0.12637 0.00000 0.00000 0.00000 0.00000 0.00000 0.00000 0.00000 0.00000 0.04156 0.04527 0.03613 0.04132 0.07037 0.09171 0.08431 0.05376 0.02020 0.00000 0.00000 0.00000 0.00000 0.00000 0.00000 0.00000 0.00000 0.00000 0.00000 0.00000 0.00000 0.00000 0.00000 0.00000 0.00000 0.00000 0.00000 0.00000 0.00000 0.00000 0.02193 0.02890 0.04997 0.16288 0.49481 1.14413 2.56507 4.97689 9.01481 16.16762 26.50716 36.85091 42.88542 33.56012 19.89507 12.16324
0.31842 0.23605 0.29290 0.28437 0.17684 0.05098 0.00000 0.00000 0.00000 0.00000 0.00000 0.00000 0.00000 0.00000 0.00000 0.00000 0.00000 0.00000 0.00000 0.00000 0.00000 0.00000 0.00000 0.00000 0.00000 0.00000 0.00000 0.00000 0.00000 0.00000 0.00000 0.00000 0.00000 0.00000 0.00000 0.00000 0.00000 0.00000 0.00000 0.00000 0.00000 0.00000 0.00000 0.00000 0.02155 0.02385 0.03171 0.15694 0.65812 2.04203 3.96122 6.03216 10.10344 19.24973 29.63328 33.95350 36.47854 37.20339 27.40112 15.69964
0.00000 0.00000 0.05010 0.07137 0.03552 0.00000 0.00000 0.00000 0.00000 0.00000 0.00000 0.00000 0.00000 0.00000 0.00000 0.00000 0.00000 0.00000 0.00000 0.00000 0.00000 0.00000 0.00000 0.00000 0.00000 0.00000 0.00000 0.00000 0.00000 0.00000 0.00000 0.00000 0.00000 0.00000 0.00000 0.00000 0.00000 0.00000 0.00000 0.00000 0.00000 0.00000 0.00000 0.00000 0.04390 0.08957 0.18028 0.47523 1.28027 3.12538 4.84785 6.33586 9.72648 17.20817 25.70127 29.50571 26.09950 23.01978 17.92570 13.37999
0.00000 0.00000 0.00000 0.00000 0.00000 0.00000 0.00000 0.00000 0.00000 0.00000 0.00000 0.00000 0.00000 0.00000 0.00000 0.00000 0.00000 0.00000 0.00000 0.00000 0.00000 0.00000 0.00000 0.00000 0.00000 0.00000 0.00000 0.00000 0.00000 0.00000 0.00000 0.00000 0.00000 0.00000 0.00000 0.00000 0.00000 0.00000 0.00000 0.00000 0.00000 0.00000 0.00000 0.02747 0.11360 0.25106 0.48633 0.94657 1.72335 2.93058 4.18912 5.56181 9.46484 16.13243 21.41611 24.02219 21.90177 15.44938 8.81062 4.72723
0.00000 0.00000 0.00000 0.00000 0.00000 0.00000 0.00000 0.00000 0.00000 0.00000 0.00000 0.00000 0.00000 0.00000 0.00000 0.00000 0.00000 0.00000 0.00000 0.00000 0.00000 0.00000 0.00000 0.00000 0.00000 0.00000 0.00000 0.00000 0.00000 0.00000 0.00000 0.00000 0.00000 0.00000 0.00000 0.00000 0.00000 0.00000 0.00000 0.00000 0.02278 0.03928 0.07270 0.11814 0.27417 0.43940 0.62709 0.87369 1.23336 1.73984 2.58998 4.15790 7.87238 11.36552 14.40823 16.68551 17.91321 13.59112 6.53092 1.90315
0.00000 0.00000 0.00000 0.00000 0.00000 0.00000 0.00000 0.00000 0.00000 0.00000 0.00000 0.00000 0.00000 0.00000 0.00000 0.00000 0.00000 0.00000 0.00000 0.00000 0.00000 0.00000 0.00000 0.00000 0.00000 0.00000 0.00000 0.00000 0.00000 0.00000 0.00000 0.00000 0.00000 0.00000 0.00000 0.00000 0.02741 0.07364 0.12714 0.17860 0.22879 0.36544 0.55054 0.69225 0.77498 0.77830 0.66146 0.52632 0.44331 0.43936 0.81924 2.16064 5.01789 8.21383 11.06642 12.85037 13.66477 12.95781 8.77032 3.54807
0.00000 0.00000 0.00000 0.00000 0.00000 0.00000 0.03119 0.08511 0.12458 0.03986 0.00000 0.00000 0.00000 0.00000 0.00000 0.00000 0.00000 0.00000 0.00000 0.00000 0.00000 0.00000 0.00000 0.00000 0.00000 0.00000 0.00000 0.00000 0.00000 0.00000 0.00000 0.00000 0.00000 0.03882 0.06379 0.11924 0.22343 0.37243 0.54422 0.77620 1.11300 1.60554 2.22966 2.55003 2.06352 1.65180 1.24793 0.68882 0.28735 0.12149 0.37351 1.51975 3.98541 6.78538 9.32813 11.30445 14.59940 15.47634 10.64191 5.94234
0.00000 0.00000 0.00000 0.00000 0.21286 0.50506 0.55195 0.51242 0.39249 0.04487 0.00000 0.00000 0.00000 0.00000 0.00000 0.00000 0.00000 0.00000 0.00000 0.00000 0.00000 0.00000 0.00000 0.00000 0.00000 0.00000 0.00000 0.00000 0.00000 0.00000 0.00000 0.02450 0.08613 0.18804 0.27538 0.44913 0.78544 1.23589 1.80694 2.61436 3.58064 4.49124 4.96181 4.58019 3.65388 3.04945 2.63711 2.05742 0.99849 0.52748 0.90847 2.32734 5.40584 10.39517 14.03530 14.38425 15.69998 15.61148 12.84187 8.26969
0.00000 0.09007 0.21696 0.32844 1.23046 2.00603 1.57590 0.66610 0.25938 0.00000 0.00000 0.00000 0.00000 0.00000 0.00000 0.00000 0.00000 0.00000 0.00000 0.00000 0.00000 0.00000 0.00000 0.00000 0.00000 0.00000 0.00000 0.00000 0.00000 0.14304 0.31667 0.58200 0.83261 0.88513 1.08753 1.55451 2.64587 3.53429 4.35597 5.33784 6.07265 6.58509 6.58945 5.91599 4.76915 3.52533 3.02491 3.03676 2.66239 2.02704 2.57277 4.28410 7.66200 12.65506 15.19626 14.97407 14.78184 14.51114 13.28272 8.13721
0.00000 0.17258 0.83317 1.77817 3.82542 4.35261 2.58250 0.98326 0.09553 0.00000 0.00000 0.00000 0.00000 0.00000 0.00000 0.00000 0.00000 0.00000 0.00000 0.00000 0.00000 0.00000 0.00000 0.00000 0.00000 0.00000 0.00000 0.00000 0.12935 0.43748 1.09892 2.14646 2.62796 3.19183 3.72486 4.66001 5.90379 6.34493 6.70390 7.24046 7.69501 8.21828 8.30414 7.74999 7.18663 5.86047 4.58528 4.03699 3.55563 3.01095 3.11722 3.77652 5.80653 9.97270 13.48839 13.50032 12.77620 13.23885 11.40521 6.51612
0.00000 0.26335 0.90148 1.83836 3.00969 3.10796 1.27716 0.33450 0.00000 0.00000 0.00000 0.00000 0.00000 0.00000 0.00000 0.00000 0.00000 0.00000 0.00000 0.00000 0.00000 0.00000 0.00000 0.00000 0.00000 0.00000 0.00000 0.05205 0.24869 0.99881 2.32981 3.35615 3.90344 4.21118 4.80945 5.75207 6.50529 7.27516 8.09619 8.95041 9.67069 9.61978 9.33631 9.01075 9.01130 8.34265 7.05636 5.82649 4.50788 3.32551 3.03424 3.14568 4.99704 9.41473 13.95181 14.65404 12.70610 9.51825 5.41236 2.76834
0.00000 0.19564 0.63572 1.15727 1.30287 0.29353 0.04651 0.00000 0.00000 0.00000 0.00000 0.00000 0.00000 0.00000 0.00000 0.00000 0.00000 0.00000 0.00000 0.00000 0.00000 0.00000 0.00000 0.00000 0.00000 0.02207 0.03877 0.08410 0.36230 1.44724 2.93407 3.67302 4.20884 4.69974 5.56012 6.40314 6.93495 8.02067 9.44300 9.89107 10.61168 10.82060 10.69398 10.09021 9.38467 9.06912 8.43910 6.44637 4.70731 3.61072 3.39653 4.04972 7.06365 12.43964 15.66165 15.02301 11.31403 6.23691 2.32276 0.84622
0.00000 0.07481 0.16973 0.27855 0.14041 0.00000 0.00000 0.00000 0.00000 0.00000 0.00000 0.00000 0.00000 0.00000 0.00000 0.00000 0.00000 0.00000 0.00000 0.00000 0.00000 0.00000 0.00000 0.00000 0.02468 0.04504 0.07534 0.17950 0.61958 1.85181 3.40791 4.23400 4.74143 5.28647 6.02837 6.88929 7.50747 8.22950 8.90884 9.54204 10.29156 11.32049 11.47985 10.97258 10.52732 9.44697 7.98816 6.37763 4.54577 3.42917 3.45756 5.72279 11.20331 17.55803 19.07475 16.31252 11.93356 6.56211 2.68757 1.12280
0.00000 0.00000 0.00000 0.00000 0.00000 0.00000 0.00000 0.00000 0.00000 0.00000 0.00000 0.00000 0.00000 0.00000 0.00000 0.23803 0.07209 0.06077 0.02138 0.00000 0.00000 0.00000 0.00000 0.03033 0.05563 0.09521 0.14756 0.26674 0.61169 1.82937 3.35233 4.28063 4.82303 5.37132 6.24699 6.92566 7.63647 8.32760 9.05205 9.74457 10.43200 10.41337 10.10727 10.16216 10.38125 9.53324 8.12078 6.80540 5.54816 3.94803 3.34677 6.00744 12.25163 18.71142 19.97065 17.88245 12.57377 7.74088 3.95507 1.53417
0.00000 0.00000 0.00000 0.00000 0.00000 0.00000 0.00000 0.00000 0.00000 0.00000 0.00000 0.00000 0.00000 0.00000 0.33031 1.91589 1.07233 0.31542 0.00000 0.00000 0.00000 0.00000 0.04654 0.08774 0.15854 0.24247 0.30085 0.29391 0.55475 1.64699 3.10405 4.26295 4.82894 5.59132 6.64811 7.12630 7.49940 7.90858 8.66189 9.36639 9.92660 9.84426 9.46663 9.13280 9.30409 9.05240 8.63926 8.20401 7.50677 6.31447 5.93496 7.60683 11.50583 14.88644 15.94784 14.73479 12.42008 9.32130 5.27351 1.77976
0.00000 0.00000 0.00000 0.00000 0.00000 0.00000 0.00000 0.00000 0.00000 0.00000 0.00000 0.00000 0.02963 1.00047 3.27450 6.71663 2.72601 0.59684 0.31611 0.19630 0.12581 0.13823 0.20801 0.31411 0.43200 0.48015 0.46087 0.15070 0.32286 1.42319 2.79061 4.30459 4.80764 5.33216 5.74539 6.15544 6.63636 7.01671 7.93804 8.83602 9.50335 9.77489 9.44691 9.30424 9.37283 8.91751 8.80112 8.05781 7.82339 8.01653 8.87346 9.86009 10.11937 10.15219 10.69210 11.05443 11.43828 11.04567 6.64664 2.13752
0.00000 0.00000 0.00000 0.00000 0.00000 0.00000 0.00000 0.00000 0.00000 0.00000 0.00000 0.00000 0.58741 6.45919 13.68437 10.34025 4.37500 1.32511 0.72148 0.62756 0.60308 0.70867 0.84652 0.85478 0.77498 0.60563 0.41722 0.13430 0.16348 0.93184 2.13633 3.53630 4.82052 5.47845 5.76368 6.19493 6.47252 6.45615 7.62882 8.79377 9.26819 9.80858 9.78243 9.17304 9.20506 9.55319 9.02442 7.92591 7.21942 8.16579 9.15940 9.33060 8.77241 8.15747 8.38803 9.65138 11.40913 11.61632 8.02363 4.20874
0.00000 0.00000 0.00000 0.00000 0.00000 0.00000 0.00000 0.00000 0.00000 0.00000 0.00000 0.00000 0.03861 2.45669 9.84496 8.77912 5.25697 2.76428 2.13855 1.93141 1.47821 1.66274 1.72564 1.31527 0.93234 0.63646 0.38815 0.21630 0.07840 0.37918 1.46418 2.63406 3.84487 4.80639 5.44784 6.08729 6.10224 6.24701 7.25476 8.50927 9.56701 10.82774 11.27866 11.13454 10.61445 10.03515 8.37265 6.91222 6.02977 6.16065 6.23717 6.38010 7.48399 8.59840 8.73444 9.42466 11.99677 13.87169 12.50454 8.84854
0.00000 0.00000 0.00000 0.00000 0.00000 0.00000 0.00000 0.00000 0.00000 0.00000 0.00000 0.00000 0.00000 0.27937 1.72248 4.78180 3.52848 3.50692 5.67743 6.21067 3.91173 3.35795 2.80197 1.78613 0.89440 0.50142 0.31366 0.13105 0.10578 0.37931 0.98375 1.98479 2.76657 3.48221 4.41100 5.34117 5.64267 5.71405 6.52497 7.90519 10.06565 11.17841 11.38883 12.13186 11.68004 9.35736 6.52238 4.12479 3.40446 3.61795 4.69283 5.69554 6.61246 7.72320 8.36431 10.13879 13.31501 15.89147 16.56551 13.08076
0.00000 0.00000 0.00000 0.00000 0.00000 0.00000 0.00000 0.02402 0.09173 0.15234 0.05111 0.00000 0.23717 2.74564 4.75319 5.64780 4.74169 11.36429 12.28792 8.56504 10.43645 10.94834 7.87239 2.95397 0.69226 0.29264 0.26651 0.25830 0.31255 0.56942 1.14762 1.83618 2.20584 2.49743 3.00257 3.51745 3.71068 3.52764 3.94611 5.98388 8.81334 10.39865 10.81462 11.33145 11.29949 8.60280 5.14851 2.75955 2.10077 1.96760 3.07673 4.66128 5.72236 6.65427 6.13293 8.43084 10.66358 13.38669 15.86001 13.73873
0.00000 0.00000 0.00000 0.00000 0.00000 0.00000 0.00000 0.27046 0.58599 0.73520 0.51133 0.47628 3.90675 10.45551 12.48335 12.18244 19.96351 34.50763 38.41980 24.71498 26.83250 24.68146 12.91750 2.83740 0.42516 0.54455 0.63407 0.48293 0.33921 0.59043 1.16441 1.82529 2.11170 2.01593 2.22902 2.60958 2.77185 2.45129 2.66734 4.33171 7.13543 8.88297 9.66549 9.79998 9.86727 8.49692 6.04265 3.97009 2.61338 3.68964 4.75372 5.77565 6.80464 6.61708 5.10488 4.82905 5.79460 6.99166 9.36620 12.04733
0.00000 0.00000 0.00000 0.00000 0.00000 0.00000 0.14100 0.89476 1.85118 2.03506 1.33836 1.47579 6.53076 17.46106 21.99490 19.34403 30.44663 49.67704 54.11296 47.31715 40.56704 28.18793 11.02645 1.84256 1.01740 2.27034 2.76080 1.29534 0.48819 0.63686 1.27142 2.19475 2.54620 2.14331 2.28561 3.36765 4.35168 4.18683 3.97514 4.76091 6.57243 8.03184 8.89530 8.60983 8.16949 7.94567 7.36341 6.89509 9.15983 15.71053 18.12415 18.15735 9.58324 6.83667 4.31504 3.03908 2.38795 2.18382 4.08677 9.06657
0.00000 0.00000 0.00000 0.00000 0.00000 0.05333 0.24942 1.43432 3.88895 5.20734 4.23408 1.86822 4.26587 13.46744 19.50956 18.92767 24.98602 40.07946 53.62127 48.53099 36.48288 24.76949 10.57511 2.92704 3.30203 6.46314 7.77796 3.71737 1.46619 1.59926 1.55488 2.93745 4.52133 4.62584 4.88927 6.54985 7.96562 8.01239 6.84341 7.09358 7.45758 7.23686 7.44065 7.78772 7.42673 8.26490 17.40793 26.07628 27.26356 29.94877 37.42787 38.77444 24.78248 9.82378 5.02478 2.45856 1.58895 1.16359 2.05170 6.18290
0.00000 0.00000 0.00000 0.00000 0.12066 0.47383 0.84114 2.67160 7.20698 12.98620 14.18160 5.91626 1.81844 4.86530 9.03279 10.59310 13.65512 22.48333 31.11680 27.11096 21.56481 19.43020 10.61370 3.65127 6.56638 11.96965 15.66645 11.74861 5.82075 3.38159 2.60109 4.98083 9.96011 15.16605 16.07035 17.78783 19.21665 12.17948 10.05104 11.40006 9.11123 9.49301 8.52942 6.79824 10.94547 25.51146 44.06613 43.59135 31.10510 23.40587 25.35191 28.46942 27.44460 12.39717 5.89208 3.48390 2.36399 2.13827 2.04454 3.96801
0.00000 0.00000 0.11332 0.26150 0.40557 1.72908 3.49715 4.90419 7.12033 11.07783 11.82122 5.51115 1.67743 0.43957 2.95976 2.94978 4.63902 10.47940 16.37118 17.34384 19.31492 28.41219 23.34418 13.82354 13.63056 13.56813 13.70572 12.18779 8.08146 5.09806 5.25223 9.95853 17.79384 27.77220 38.47130 42.44411 40.12290 24.56280 20.24355 14.21478 11.73745 17.19410 19.80807 13.36994 28.86374 60.41563 73.71278 49.59649 24.22518 14.56897 11.83087 15.06026 17.05654 14.91370 8.70949 5.14333 3.30237 2.61904 2.15620 3.26321
0.05362 0.09258 0.34194 1.09680 2.66319 6.05075 8.52468 6.92022 4.04505 3.84907 3.86429 1.32406 0.31648 0.00000 0.36654 0.42476 0.91196 4.05920 9.39402 21.75797 40.49772 48.54099 42.70610 34.28564 27.13232 17.19656 6.71596 6.51550 7.77362 7.30432 8.55381 11.70601 17.05643 23.51878 29.45289 35.81535 22.05121 17.54677 14.81461 8.97290 10.93993 19.96172 26.79458 16.60475 24.91395 68.04576 65.15833 36.69195 22.43863 18.79015 15.38537 14.74183 15.89703 13.28165 9.72881 7.78183 5.33337 3.41780 2.44053 2.64174
0.15642 0.40958 0.87346 2.27178 5.79439 11.84778 13.65617 8.19824 2.77152 1.01218 0.94375 0.05336 0.00000 0.00000 0.03989 0.14327 0.20805 0.91409 2.19764 12.87682 33.94500 44.30191 42.85173 42.61572 46.99835 40.85831 24.81184 13.50056 11.37093 11.11427 10.03332 9.67554 14.85026 18.80359 12.68184 8.25327 7.23452 10.36600 8.80621 3.89562 7.66407 16.94070 23.33664 18.65703 11.86903 26.45976 28.18771 20.13201 19.28851 17.79440 16.73185 15.93051 12.15921 8.61339 9.75121 10.60533 8.23149 4.71119 2.49225 1.77523
0.29969 0.85425 1.27279 3.14844 8.19225 13.92788 14.48843 7.97147 2.71312 0.25382 0.07114 0.00000 0.00000 0.00000 0.00000 0.00000 0.02082 0.00000 0.00000 0.99590 5.53263 16.06885 22.07554 40.03114 60.58453 70.98287 43.54237 15.30931 14.44163 14.41523 11.84551 20.57081 37.66977 57.99440 42.50262 8.42148 2.51578 8.57972 15.73461 10.58111 13.71878 23.61379 35.23054 25.75318 12.72012 6.09885 3.19217 6.28703 6.16836 9.00216 12.26180 10.72275 7.09948 7.33232 9.39937 12.22141 11.56196 6.32293 2.33090 1.11517
0.58172 1.86435 3.30760 6.79816 16.38057 21.94806 18.03946 8.03510 2.16579 0.19466 0.00000 0.00000 0.00000 0.00000 0.00000 0.00000 0.00000 0.00000 0.00000 0.00000 0.08061 0.90886 0.12458 21.05188 46.83823 62.96418 32.68262 12.19122 17.94884 23.59945 25.30774 38.73473 76.16142 125.39783 70.11855 10.54482 3.11887 3.59366 9.18052 14.91975 29.05879 47.69865 68.00702 74.53763 34.51555 11.42764 6.73467 12.12623 10.51267 10.12941 10.99839 8.37566 5.88666 6.08729 7.63663 11.91421 14.26313 8.82891 2.13808 1.11106
1.06999 5.91866 13.51548 25.21577 36.79772 45.63485 27.56697 9.10914 2.90535 0.70081 0.24414 0.00000 0.00000 0.00000 0.00000 0.00000 0.00000 0.04911 0.31979 0.44902 0.56825 1.94799 0.23893 5.80871 19.82184 32.26716 22.90756 16.78518 23.21329 38.78101 45.47432 47.96519 77.48711 92.61251 58.83286 19.04189 7.30402 10.27019 8.30221 14.64035 33.89305 44.12959 45.94896 34.93989 22.72321 21.46915 21.24356 26.62203 25.13485 20.10435 16.36174 9.66387 4.97334 3.79232 4.70881 8.30822 10.40682 8.30274 2.86681 1.89356
3.52589 14.59879 29.30988 40.25208 50.48514 51.53673 33.94337 13.77653 6.44720 3.10958 1.22408 0.69692 0.35729 0.00000 0.00000 0.00000 0.04355 0.63728 2.27951 2.53974 1.97877 1.71473 0.15789 0.20646 5.32617 13.35807 13.17350 9.57479 14.47714 30.11697 37.28910 37.18162 43.77486 43.90435 36.98432 16.98971 8.77223 16.28710 13.50166 17.50558 19.10501 17.90841 13.18220 9.48172 11.75183 19.48018 17.76951 26.15608 26.21191 21.08064 14.89871 7.91529 3.73235 1.79828 1.30164 2.31408 4.68685 6.08892 3.66843 2.58375
4.03306 16.31453 34.46599 41.64267 38.93820 33.40139 29.34943 17.68559 10.97123 6.11110 3.12417 2.13617 1.71373 0.57968 0.16791 0.00000 0.09118 0.88269 3.39039 3.57067 2.50373 1.17502 0.04458 0.00000 0.00000 0.89886 3.43366 3.73380 6.91600 15.13354 17.52271 17.78841 15.27542 14.19547 18.60677 19.24566 14.92503 23.61313 31.43521 54.80096 27.90303 19.31675 17.94423 21.99368 32.32455 36.28733 22.50084 16.52293 12.93298 10.41567 6.52631 4.28577 2.51644 0.96529 0.61247 0.72277 2.46673 4.88484 4.98534 4.19528
2.94133 17.37192 44.66066 49.79258 37.00602 18.90016 18.54144 18.87832 14.19507 8.79852 6.13466 5.12513 5.20572 2.86447 0.71757 0.18249 0.99473 1.96923 2.08321 2.97277 6.47467 7.51315 4.47701 0.83725 0.00000 0.00000 0.03092 0.95702 5.29240 9.70783 12.26906 16.50288 12.35862 6.79261 9.76070 10.98261 11.74586 18.62604 24.17567 41.95977 31.37043 46.19174 55.85623 58.13137 85.63293 70.48558 25.40581 9.40817 5.04253 4.69168 2.82518 1.84237 1.29287 0.60072 0.55046 0.86634 2.92040 6.07065 7.99973 8.76371
4.54440 19.77394 51.54472 62.57843 44.80195 20.63515 17.54098 22.95556 15.52229 8.84460 8.98795 16.25441 12.26723 5.00400 0.82917 0.88335 4.35696 7.63226 6.52340 9.45988 22.06009 26.82179 17.70962 5.83917 2.08979 0.20506 0.00000 0.00000 2.50396 7.90100 14.17824 23.80727 26.47181 12.84490 7.75309 12.92748 12.56412 19.66024 17.97463 24.50818 27.61778 41.86032 59.24063 57.56580 123.38696 107.02749 45.73636 11.04041 5.62833 5.11725 3.57531 1.71859 0.62078 0.41096 0.60885 0.97779 3.81013 8.20176 13.54739 18.73194
6.27044 15.25944 34.60500 44.34609 34.96293 24.00531 30.74502 32.00183 17.61167 6.90772 6.27926 8.81412 6.80468 3.79232 1.94941 2.88367 10.07491 23.47328 17.50069 11.96988 32.44188 48.72862 33.56583 20.77555 13.74324 3.16660 0.00000 0.00000 0.61187 3.59949 8.55004 14.71143 14.84704 9.18169 9.59685 19.77422 25.57323 64.74822 42.38181 29.32727 30.59206 40.26480 41.58158 35.17664 83.50872 103.37300 69.12596 19.50557 6.09702 5.58686 4.51414 2.58029 0.46461 0.39989 0.73831 1.59625 5.09222 10.81086 14.65498 16.66244
12.49619 20.76027 22.47684 26.87034 28.29868 24.95560 28.22613 27.80974 14.08888 4.72713 2.42695 1.87265 2.39086 6.65334 10.73716 7.35337 11.71150 22.89144 19.11118 11.38853 23.58979 43.43047 37.34053 36.71874 30.19276 12.71128 0.50110 0.00000 0.23735 0.56675 0.71139 3.99774 5.59660 4.95819 13.74200 34.73833 42.11190 64.58675 52.13843 31.19658 24.08506 -99999.00000 -99999.00000 30.93035 50.52844 77.25281 76.36140 31.98122 7.16965 5.54767 5.49473 3.05946 0.47082 0.42561 0.73201 1.57139 5.56352 12.08961 13.92072 12.53526
26.56712 41.75550 32.82918 20.63231 20.47534 17.51634 25.52270 24.28988 9.68376 3.61696 2.89875 3.06336 5.20304 14.12473 22.33217 20.15774 18.32705 19.34334 19.76801 13.35822 12.36842 23.59487 30.63909 46.53968 39.38568 16.92276 0.37462 0.00000 0.00000 0.00000 0.00000 0.30644 2.04568 3.84477 11.74542 -99999.00000 -99999.00000 -99999.00000 -99999.00000 -99999.00000 -99999.00000 -99999.00000 -99999.00000 45.03935 68.53432 80.42466 75.99483 47.92701 15.97778 6.80369 5.50065 2.12409 0.27204 0.27571 0.67732 2.12838 6.08477 10.99765 12.34823 11.89193
43.26085 91.47969 68.17617 36.57312 -99999.00000 45.53562 52.98120 36.50237 6.85255 2.52617 4.37182 4.07973 4.84683 16.99049 25.91789 26.05844 19.64851 13.15297 17.53881 18.30194 18.70831 21.87020 28.93476 38.78822 31.05850 11.42039 0.11551 0.00000 0.00000 0.00000 0.00000 0.05686 1.51513 3.55331 -99999.00000 -99999.00000 -99999.00000 -99999.00000 -99999.00000 -99999.00000 -99999.00000 -99999.00000 -99999.00000 -99999.00000 96.22857 83.47741 70.97047 58.97201 36.25326 13.03834 3.92636 1.21161 0.12752 0.14801 0.71480 2.17170 4.72043 8.05787 11.02833 13.07218
-99999.00000 -99999.00000 -99999.00000 -99999.00000 -99999.00000 85.79150 94.11015 48.42292 13.18407 6.68213 9.36364 7.17096 5.58985 14.60344 22.01811 22.42893 19.31925 10.50888 10.74198 14.69765 19.31745 21.74419 24.91746 23.69489 16.27423 4.59306 0.19118 0.00000 0.00000 0.00000 0.27014 0.55353 1.74952 3.79371 -99999.00000 -99999.00000 -99999.00000 -99999.00000 -99999.00000 -99999.00000 -99999.00000 -99999.00000 -99999.00000 -99999.00000 -99999.00000 68.77547 65.70593 62.04438 49.81227 22.01023 4.73078 0.78809 0.16670 0.31862 0.68767 1.11599 2.42346 5.26330 8.85296 12.11415
