DATA/RAW-RASTER/CPC/2017/20170901.asc
ncols			60
nrows			40
xllcorner		70.0
yllcorner		20.0
cellsize		0.5
NODATA_value	-99999
0.00000 0.00000 0.00000 0.00000 0.00000 0.00000 0.00000 0.05429 0.15314 0.58454 0.77663 0.50322 0.54426 0.85716 1.19625 1.08078 0.56104 0.36977 0.72644 0.84443 0.55700 0.23620 0.08467 0.03126 0.00000 0.00000 0.00000 0.00000 0.00000 0.00000 0.00000 0.00000 0.00000 0.00000 0.00000 0.00000 0.00000 0.00000 0.00000 0.00000 0.00000 0.00000 0.00000 0.00000 0.00000 0.00000 0.00000 0.00000 0.00000 0.00000 0.00000 0.00000 0.00000 0.00000 0.00000 0.00000 0.00000 0.00000 0.00000 0.00000
0.00000 0.00000 0.00000 0.00000 0.00000 0.00000 0.02234 0.15114 0.55344 0.81262 0.44568 0.10907 0.09783 0.20448 0.29195 0.29005 0.19273 0.16649 0.28732 0.41090 0.38885 0.25889 0.07235 0.00000 0.00000 0.00000 0.00000 0.00000 0.00000 0.00000 0.00000 0.00000 0.00000 0.00000 0.00000 0.00000 0.00000 0.00000 0.00000 0.00000 0.00000 0.00000 0.00000 0.00000 0.00000 0.00000 0.00000 0.00000 0.00000 0.00000 0.00000 0.00000 0.00000 0.00000 0.00000 0.00000 0.00000 0.00000 0.00000 0.00000
0.00000 0.00000 0.00000 0.00000 0.00000 0.04016 0.12673 0.39064 1.16439 1.58546 1.18529 0.45510 0.14681 0.07771 0.06742 0.14084 0.24743 0.30318 0.32228 0.31666 0.26209 0.13536 0.05809 0.02725 0.00000 0.00000 0.00000 0.00000 0.00000 0.00000 0.00000 0.00000 0.00000 0.00000 0.00000 0.00000 0.00000 0.00000 0.00000 0.00000 0.00000 0.00000 0.00000 0.00000 0.00000 0.00000 0.00000 0.00000 0.00000 0.00000 0.00000 0.00000 0.00000 0.00000 0.00000 0.00000 0.00000 0.00000 0.00000 0.00000
0.00000 0.00000 0.00000 0.00000 0.00000 0.11845 0.51333 1.43208 2.53749 2.57028 1.94919 0.96935 0.34517 0.11614 0.11057 0.28857 0.50371 0.55390 0.44920 0.28578 0.16235 0.09908 0.06448 0.04355 0.02875 0.00000 0.00000 0.00000 0.00000 0.00000 0.00000 0.00000 0.00000 0.00000 0.00000 0.00000 0.00000 0.00000 0.00000 0.00000 0.00000 0.00000 0.00000 0.00000 0.00000 0.00000 0.00000 0.00000 0.00000 0.00000 0.00000 0.00000 0.00000 0.00000 0.00000 0.00000 0.00000 0.00000 0.02098 0.02572
0.00000 0.00000 0.00000 0.00000 0.00000 0.23405 0.80071 1.67711 2.51154 3.22117 2.37477 1.26416 0.56754 0.34182 0.40749 0.62743 0.79101 0.71005 0.44396 0.19333 0.08502 0.05056 0.03695 0.02942 0.02435 0.02051 0.00000 0.00000 0.00000 0.00000 0.00000 0.00000 0.00000 0.00000 0.00000 0.00000 0.00000 0.00000 0.00000 0.00000 0.00000 0.00000 0.00000 0.00000 0.00000 0.00000 0.00000 0.00000 0.00000 0.00000 0.00000 0.00000 0.00000 0.00000 0.00000 0.00000 0.00000 0.00000 0.06026 0.08958
0.00000 0.00000 0.00000 0.00000 0.02004 0.22738 0.71891 1.34157 1.85582 2.82264 2.64678 1.56752 0.82210 0.62549 0.67196 0.79924 0.82330 0.64624 0.30416 0.07126 0.00000 0.00000 0.00000 0.00000 0.00000 0.00000 0.00000 0.00000 0.00000 0.00000 0.00000 0.00000 0.00000 0.00000 0.00000 0.00000 0.00000 0.00000 0.00000 0.00000 0.00000 0.00000 0.00000 0.00000 0.00000 0.00000 0.00000 0.00000 0.00000 0.00000 0.00000 0.00000 0.00000 0.00000 0.00000 0.00000 0.00000 0.00000 0.05983 0.08973
0.00000 0.00000 0.00000 0.00000 0.00000 0.00000 0.38250 1.05868 1.59369 2.42736 2.61663 1.78252 1.08672 0.83282 0.80195 0.85112 0.78582 0.54006 0.23110 0.06110 0.00000 0.00000 0.00000 0.00000 0.00000 0.00000 0.00000 0.00000 0.00000 0.00000 0.00000 0.00000 0.00000 0.00000 0.00000 0.00000 0.00000 0.00000 0.00000 0.00000 0.00000 0.00000 0.00000 0.00000 0.00000 0.00000 0.00000 0.00000 0.00000 0.00000 0.00000 0.00000 0.00000 0.00000 0.00000 0.00000 0.00000 0.00000 0.03853 0.10296
0.00000 0.00000 0.00000 0.00000 0.00000 0.00000 0.08396 0.87525 1.66593 1.99004 2.25448 1.67129 0.97497 0.76308 0.78358 0.75828 0.65386 0.44592 0.22779 0.09417 0.04058 0.02010 0.00000 0.00000 0.00000 0.00000 0.00000 0.00000 0.00000 0.00000 0.00000 0.00000 0.00000 0.00000 0.00000 0.00000 0.00000 0.00000 0.00000 0.00000 0.00000 0.00000 0.00000 0.00000 0.00000 0.00000 0.00000 0.00000 0.00000 0.00000 0.00000 0.02323 0.00000 0.00000 0.00000 0.00000 0.00000 0.00000 0.00000 0.14547
0.00000 0.00000 0.00000 0.00000 0.23463 0.73682 1.23658 1.77534 2.05084 1.91618 1.61221 1.14987 0.65674 0.70873 0.78238 0.66014 0.53350 0.37821 0.22402 0.12043 0.06487 0.03787 0.02503 0.00000 0.00000 0.00000 0.00000 0.00000 0.00000 0.00000 0.00000 0.00000 0.00000 0.00000 0.00000 0.00000 0.00000 0.00000 0.00000 0.00000 0.00000 0.00000 0.00000 0.00000 0.00000 0.00000 0.00000 0.05437 0.12740 0.19783 0.31789 0.48184 0.49320 0.25211 0.13651 0.06589 0.00000 0.03848 0.08674 0.35622
0.00000 0.08583 0.20381 0.31605 1.34046 3.14226 4.64102 3.42638 2.64297 2.07854 1.16657 0.67744 0.57076 0.52865 0.74485 0.73581 0.57064 0.41761 0.26868 0.16508 0.10424 0.07090 0.05056 0.04095 0.03609 0.03348 0.03163 0.03156 0.02206 0.00000 0.00000 0.13504 0.35305 0.28995 0.12127 0.29067 0.18629 0.20478 0.17501 0.13720 0.06070 0.00000 0.00000 0.00000 0.00000 0.00000 0.02368 0.15968 0.61299 1.42197 2.30041 2.90988 2.70515 1.74793 0.73278 0.25168 0.12736 0.14882 0.31303 0.69897
0.00000 0.20422 1.03545 2.19821 4.91157 8.83518 14.01368 10.70715 4.57512 2.34825 1.01655 0.49593 0.51065 0.58671 0.79503 1.16645 1.23050 0.70238 0.42748 0.26527 0.17640 0.12953 0.10352 0.08658 0.08008 0.08726 0.12042 0.11661 0.07706 0.05789 0.17974 0.98043 1.28139 1.57272 1.70073 1.91325 1.95477 1.47957 0.96485 0.55854 0.26651 0.11122 0.02616 0.00000 0.00000 0.00000 0.08837 0.38414 1.38646 3.17694 4.68272 5.18393 4.83865 3.45360 1.61532 0.52917 0.21844 0.27000 0.50389 0.94574
0.00000 0.39494 1.45731 3.17424 5.70740 9.36086 11.60455 8.72611 3.40290 0.92778 0.71162 0.67020 0.68890 0.79602 1.03299 1.16123 1.27740 0.88859 0.48419 0.27272 0.18007 0.14224 0.12438 0.11977 0.12837 0.14511 0.24547 0.32459 0.43857 0.44928 0.88154 1.40773 1.74608 2.06817 2.52928 3.08596 3.31422 3.10824 2.45889 1.68595 0.92492 0.38511 0.12912 0.02216 0.00000 0.04306 0.21724 0.88452 2.55224 4.37786 5.40958 5.71262 5.77709 5.12312 3.61044 1.90102 0.95252 0.65897 0.60997 0.82090
0.04213 0.44826 1.66542 3.76389 6.28859 10.04416 10.57828 7.08074 4.38356 1.53564 1.49302 1.79034 1.36165 1.12143 1.38054 1.53578 1.47521 0.89003 0.43054 0.22280 0.14690 0.12498 0.11842 0.12737 0.18504 0.27673 0.44424 0.59923 0.81319 1.19104 1.39701 1.32702 1.66844 2.07845 2.78817 3.62557 4.33137 5.13041 5.46055 4.33934 2.86039 1.44346 0.60421 0.20034 0.10232 0.19408 0.56141 1.57426 3.54576 5.16237 5.65868 5.74204 6.06757 6.27849 5.71157 4.32702 2.62977 1.43987 0.83767 0.71853
0.03839 0.76674 2.57995 5.03608 8.19990 11.66969 10.89252 8.70829 7.90359 7.94916 5.90148 3.80474 2.88662 2.64312 3.19850 2.46454 2.01063 1.12350 0.40223 0.17429 0.12555 0.11641 0.12236 0.16793 0.27355 0.45639 0.79932 1.20892 1.74784 1.94441 1.62220 1.25142 1.56724 1.98677 2.64051 3.62493 4.75326 6.02239 6.95423 7.10773 6.28190 4.59412 2.67033 1.45648 0.97041 0.85825 1.25512 2.33268 3.92775 5.33724 6.01232 6.23996 6.63363 7.42119 7.31422 6.22997 4.78954 3.18044 2.04975 1.82750
0.09357 0.99587 2.82923 5.93935 8.98906 11.04815 10.21016 7.57321 8.14011 15.36625 14.30361 7.59335 4.36375 4.56596 6.63772 5.50427 4.10248 1.67456 0.53779 0.16967 0.11763 0.11848 0.15577 0.26293 0.46601 0.87307 1.57367 2.60648 3.76615 3.23823 1.66366 1.08623 1.26029 1.57546 2.17520 3.04829 4.38091 6.08648 7.82984 9.00354 9.24685 7.65468 5.46073 3.98209 3.20929 2.37816 1.99135 2.29522 3.52364 4.85988 5.46836 5.73865 6.39065 7.60658 7.96252 7.94716 6.84490 5.51249 4.31758 3.85881
0.15220 0.49420 1.92001 6.00703 10.61108 11.92653 10.15791 7.19282 4.29939 7.63897 11.39746 8.81314 4.33913 6.61601 14.78965 16.91608 6.23833 2.06975 0.93334 0.33250 0.16609 0.18379 0.28437 0.54222 1.14534 2.14032 3.54986 5.52086 6.65645 5.32970 2.52379 0.94799 0.98123 1.21177 1.66669 2.28849 3.39357 5.20018 7.60751 9.42178 10.05477 8.78838 6.65059 5.16050 4.32765 3.20064 2.13494 1.82456 2.41360 3.47840 3.91950 4.22410 5.28566 6.57123 7.63540 8.48422 8.82749 7.86126 6.18153 4.87963
0.00000 0.11666 1.04666 4.79082 9.96551 11.45547 8.66277 5.05925 1.95490 2.57389 8.55171 16.07646 15.34611 12.47095 11.63516 20.60092 9.08187 3.04538 2.04150 1.25382 0.75162 0.66798 0.89009 1.57394 2.91747 4.62837 6.70797 9.07634 10.12625 8.40142 4.86171 1.31565 0.80853 0.85410 0.96853 1.22645 1.87553 3.46952 6.59349 9.32960 10.30367 9.32934 6.73531 5.16318 4.61740 3.55023 2.25178 1.49250 1.63629 2.02663 2.06765 2.38466 3.78179 5.37835 6.78099 8.02940 9.35370 9.82621 7.55679 5.09816
0.00000 0.05862 0.85297 3.00378 6.24134 7.66084 6.88072 5.76367 4.35726 6.57557 16.71750 31.17243 33.40256 27.76789 23.88128 23.75170 16.29737 7.71857 5.00763 3.67614 2.77890 2.58290 2.99977 3.93269 5.44389 7.04933 9.54076 11.39314 11.97059 10.27301 6.70452 2.56818 0.91683 0.78584 0.72196 0.72651 0.84806 1.69220 5.21324 9.08386 10.07362 9.08941 6.63940 4.90120 4.49538 3.96953 2.71094 1.77496 1.48714 1.49957 1.32504 1.58763 3.23501 5.18850 6.49339 7.82898 10.16252 11.43894 9.56130 7.90493
0.00000 0.00000 0.14880 0.71185 2.43578 4.05920 6.14696 9.74822 12.67452 16.94220 29.21079 47.99894 53.46827 42.03291 43.63068 38.90601 37.99432 27.93954 15.98006 10.04999 5.34135 4.62827 5.18212 5.99447 7.82242 9.91099 12.02043 13.81320 14.65531 13.72541 9.31581 4.34307 1.46258 0.94761 0.82088 0.72676 0.63125 1.10078 3.76536 7.18584 8.45900 7.69150 5.92555 4.98875 4.49683 3.86866 2.78210 2.08896 1.79899 1.59940 1.36157 1.70630 3.42636 5.80369 6.94003 8.44444 12.15207 15.59901 15.11071 12.83645
0.00000 0.00000 0.00000 0.03763 0.79192 1.78394 4.61602 14.43928 20.51622 23.88048 29.95024 44.67950 62.15376 68.90759 66.49765 47.82143 39.62771 28.75384 29.48677 27.66069 11.60352 6.99159 7.47645 9.34170 11.35515 13.80298 15.20669 14.90107 16.97100 17.56327 13.37535 6.67471 2.37450 1.51543 1.38106 1.48379 1.62323 2.14133 3.57804 5.07826 5.31277 3.81097 2.67908 2.82687 3.08281 2.76463 2.24957 1.96535 2.17149 2.04513 1.98404 2.32452 3.63580 5.69825 7.38731 10.20908 14.87599 18.89202 19.42541 15.62960
0.00000 0.00000 0.00000 0.00000 0.37117 1.19507 3.72084 14.28236 20.30219 19.94665 18.22677 21.66348 34.58638 46.10431 48.22076 33.93486 18.10645 18.95942 28.70493 36.86154 23.72273 17.72292 18.43005 20.46993 18.37504 16.03132 16.62173 19.82557 23.10316 22.20769 15.92187 8.55070 3.91329 2.11248 2.00620 2.40500 2.99215 3.40014 3.50514 3.40410 2.55802 1.39375 0.95288 1.15964 1.43340 1.43161 1.53570 1.82213 2.39694 2.08195 2.19099 2.50259 3.44485 5.28256 5.93687 9.11713 12.49233 15.91186 17.28787 12.64940
0.00000 0.00000 0.00000 0.00000 0.13880 1.62028 4.34209 8.21535 11.11377 8.95151 5.59524 5.28875 15.48165 27.22412 38.83268 42.76050 20.42431 15.75754 38.48385 43.19119 40.29514 33.55198 27.56380 24.37425 31.82730 35.04036 26.72678 25.59232 22.45355 20.19270 14.68367 8.19249 3.93706 2.01595 1.84845 2.35812 3.10641 3.58444 3.14276 2.47530 1.64832 0.92596 0.66855 0.59851 0.53326 0.66032 1.11536 1.91582 2.25008 2.84495 2.80158 2.75093 3.45295 4.43986 4.47521 4.88139 6.20003 7.14790 7.71805 5.59826
0.00000 0.00000 0.00000 0.00000 0.05218 1.24285 2.50139 3.71344 3.29274 1.21272 0.74270 2.44086 10.36737 15.97508 20.93977 35.68168 21.17107 10.88741 28.36952 37.85625 37.91456 32.20730 23.07110 22.16664 37.18192 47.52307 50.17723 48.06934 34.72508 22.04789 14.73250 8.79103 4.24900 1.99195 1.86787 2.73929 3.30861 3.02353 2.32790 1.79769 1.34722 0.89083 0.62044 0.34393 0.15878 0.26104 0.85026 1.93843 3.97143 6.96031 7.01064 6.46019 3.58034 3.12843 2.70300 2.25640 1.74622 1.33082 1.73207 1.76496
0.00000 0.00000 0.00000 0.00000 0.27061 0.71046 0.93062 1.21821 0.18743 0.00000 0.00000 0.51186 3.83544 6.28576 8.83329 18.61535 19.54460 17.04091 22.65841 23.88035 21.47619 20.39084 19.38874 20.52090 30.35913 42.65689 57.22493 68.10781 62.32116 35.93669 16.83067 10.36145 5.73119 3.50241 3.78977 4.82677 3.96330 2.17494 1.12418 1.07858 1.14408 0.57826 0.62417 0.52925 0.30925 0.53419 2.80586 7.45417 10.32776 10.79920 12.66643 12.95369 7.96036 3.35881 2.04230 1.07828 0.49832 0.14944 0.29778 0.74780
0.00000 0.00000 0.00000 0.00000 0.02475 0.25634 0.48957 0.53498 0.12888 0.00000 0.00000 0.00000 0.45059 2.44375 6.34275 12.49763 15.44460 13.96769 13.19164 9.74300 8.12719 11.05936 16.05627 20.18289 28.57490 37.61649 46.39426 52.95316 50.08946 33.37608 23.38446 13.75883 6.96719 6.49458 9.24218 12.64691 7.57704 1.59641 0.56607 1.26787 1.77203 1.97764 1.70820 1.24701 1.92420 4.70720 10.59903 16.52571 14.35404 8.81801 7.55978 9.01542 8.70521 3.87962 1.81758 1.01686 0.44153 0.10834 0.07877 0.24867
0.02814 0.03726 0.13699 0.14275 0.00000 0.00000 0.17845 0.21367 0.00000 0.00000 0.00000 0.00000 0.00000 0.25780 2.99369 4.50890 5.82365 6.90163 5.90224 3.36574 1.66543 4.74863 11.20759 17.33132 21.32272 25.82001 31.27061 33.93547 31.38766 21.36168 17.50185 13.56922 7.18384 6.51351 11.36529 23.98429 15.16941 3.72754 3.99544 3.80017 4.31609 6.19378 5.81940 4.05019 8.63614 13.19255 18.49753 21.98910 16.26016 9.40758 5.20281 5.99538 6.63158 5.35911 2.97651 1.77505 0.98235 0.31278 0.00000 0.00000
0.29460 0.34811 0.64315 0.87413 0.51562 0.13959 0.00000 0.00000 0.00000 0.00000 0.00000 0.00000 0.00000 0.00000 0.99275 1.53791 1.43870 1.22128 0.49551 0.36050 0.24963 1.36780 4.43849 9.76726 11.61624 10.29358 7.77780 11.21943 13.68934 11.80658 11.68497 11.93073 8.09245 5.63144 6.03361 14.25857 14.88016 20.17708 12.29727 7.01430 7.61586 9.63658 7.30905 4.43525 9.63500 12.08202 14.02462 16.96304 21.22058 18.88991 13.84307 10.86426 9.93574 6.91167 4.25828 3.91756 2.91568 1.48673 0.48356 0.12963
0.92632 1.84931 2.79536 2.88814 1.74854 0.57556 0.00000 0.00000 0.00000 0.00000 0.00000 0.00000 0.00000 0.00000 0.02109 0.00000 0.00000 0.00000 0.00000 0.07712 0.29865 1.22262 2.54275 4.13408 4.91370 3.52436 2.54304 3.06768 2.18878 3.04844 4.12597 11.78275 9.75791 7.63429 15.48043 14.72572 12.78537 18.43582 9.81092 5.06302 7.11715 10.49089 6.59904 5.06201 7.65008 8.89773 9.23291 13.01664 21.45361 24.93041 23.40526 19.13256 10.86693 5.65988 5.10251 6.16572 5.17748 2.97199 1.21851 0.41529
1.29636 3.52870 5.01545 4.63845 3.22425 1.56028 0.37359 0.00000 0.00000 0.00000 0.00000 0.00000 0.00000 0.00000 0.00000 0.00000 0.00000 0.00000 0.00000 0.77043 2.63874 3.42240 2.47907 1.68247 1.15665 0.92685 1.06439 1.33340 0.97617 0.47833 2.09908 10.19564 16.48104 20.30489 16.38932 10.11767 5.45207 2.27645 3.56731 4.98549 7.11212 10.60726 15.79807 19.06407 17.60637 9.85216 6.21941 13.21539 23.90346 23.71660 23.22823 15.74497 6.73470 5.02491 5.15117 7.16666 7.43902 4.12598 1.30939 0.40849
1.36882 3.71597 4.46717 3.75557 4.65040 3.26802 0.89900 0.08920 0.00000 0.00000 0.00000 0.00000 0.00000 0.00000 0.00000 0.00000 0.00000 0.00000 0.00000 0.93480 3.80312 3.75205 2.00079 0.40699 0.53164 0.41074 1.10744 2.30269 2.73632 1.80862 3.13586 11.46101 29.02801 45.30766 15.93423 6.63371 3.88839 2.25215 9.40783 17.91353 16.69575 19.11226 33.10283 48.40702 40.67792 23.52369 14.80628 11.05518 12.93517 14.08105 14.41323 9.56960 5.31673 4.10497 4.11210 7.02110 9.17486 5.77065 1.11583 0.58545
2.20028 3.91461 4.81805 4.69931 7.66081 12.61428 5.07380 0.80807 0.00000 0.00000 0.00000 0.00000 0.00000 0.00000 0.00000 0.00000 0.00000 0.00000 0.00000 0.14741 1.09049 0.98830 0.47371 0.03847 0.02536 0.09123 3.90159 6.63441 6.76035 3.88496 4.36035 11.26325 26.96308 33.27918 18.17836 9.25539 6.53823 8.07525 22.26771 44.79509 31.99212 18.29738 30.57687 48.32302 34.57801 15.85150 11.48028 4.38655 4.42366 7.65317 9.43161 6.98749 3.81897 2.58384 2.87342 5.31709 7.06275 6.11374 2.53895 2.32497
4.33508 4.88398 4.46331 3.03669 4.40434 10.42028 6.51283 1.57035 0.00000 0.00000 0.00000 0.00000 0.00000 0.00000 0.00000 0.00000 0.00000 0.00000 0.00000 0.00000 0.02255 0.00000 0.00000 0.00000 0.44083 3.82156 9.55719 14.85895 15.46621 8.73475 5.57976 7.86592 14.10220 17.63213 16.43299 12.00058 10.80203 8.24833 25.33495 72.61437 58.32270 18.61769 10.18375 12.87556 15.91211 9.66533 4.27152 2.69274 2.29062 3.52820 4.30802 3.56070 2.17424 1.10694 0.84012 1.54282 4.12071 7.39516 6.53671 5.59175
6.35268 6.03665 3.86805 2.45064 3.00156 4.84924 4.16589 2.24080 0.14102 0.00000 0.00000 0.00000 0.00000 0.00000 0.00000 0.21064 0.10014 0.00000 0.00000 0.00000 0.00000 0.00000 0.00000 0.02046 1.85008 5.84332 10.66381 16.33674 16.88696 9.86712 4.66206 4.52879 4.95359 7.00816 10.33339 10.32408 9.47232 6.07493 13.82202 26.19923 19.72863 13.43668 11.38593 15.37232 15.89633 6.74937 3.01447 1.89167 1.34148 1.36011 1.34643 1.38646 1.05008 0.53122 0.51792 0.85135 3.99142 10.58646 13.15760 10.67504
8.27177 6.57390 3.43543 2.00026 3.39526 5.59458 4.66968 3.22721 1.11831 0.00000 0.00000 0.00000 0.00000 0.00000 0.00000 0.26646 0.21284 0.00000 0.00000 0.00000 0.02814 0.09373 0.13058 0.29353 2.20521 5.75085 8.33604 10.48994 11.44610 7.77249 4.44460 5.37682 4.61163 4.75291 9.84556 14.99581 14.24816 13.06320 8.54255 6.47178 8.80998 23.23393 31.54580 49.70947 41.99477 15.82885 4.17780 1.65742 1.02974 0.81955 0.57753 0.52870 0.42584 0.53137 0.83929 1.60579 6.06458 13.94551 18.51347 17.07149
6.44674 4.47183 1.64440 0.58521 1.66173 2.23425 3.19322 3.54521 1.84289 0.07913 0.00000 0.00000 0.00000 0.00000 0.00000 0.00000 0.00000 0.00000 0.00000 0.00000 0.46803 1.86192 1.78496 0.70469 1.33574 4.29360 6.15254 6.56365 7.74067 10.02455 12.15452 13.93511 14.08324 15.97307 23.02794 31.75821 62.46629 43.02559 14.63018 11.07635 16.91576 30.76709 98.42478 144.86639 55.34930 25.36702 10.25064 3.26727 2.00446 1.14463 0.61710 0.34295 0.31330 0.74208 1.20794 2.04455 7.53952 15.04686 21.43171 25.47221
3.71013 1.78505 0.49193 0.06504 0.51135 1.30915 3.49593 3.93688 2.22825 0.21636 0.05176 0.00000 0.00000 0.00000 0.00000 0.00000 0.00000 0.00000 0.00000 0.43831 3.40991 7.02630 4.23345 1.87269 1.56218 2.85696 3.15593 2.33803 4.98003 14.69691 26.89453 29.34958 24.24965 24.95917 30.18691 35.83714 66.10061 60.67267 31.99804 24.59038 33.43896 57.08502 126.37727 105.68369 54.54660 41.69517 26.84627 9.11492 4.12349 3.41888 1.90517 0.60883 0.93660 1.38660 1.95534 3.35402 8.58045 15.97009 19.85485 21.94678
2.89047 1.21577 0.07716 0.00000 0.08318 0.98022 2.25202 2.49011 1.57917 1.02887 0.78299 0.51804 0.29597 0.04479 0.00000 0.00000 0.00000 0.00000 0.00000 0.47532 3.37565 6.60739 3.49764 1.55436 0.85416 1.57702 2.86757 2.41757 6.48371 20.37241 37.81913 45.85675 35.52579 30.66657 25.25559 25.18237 40.62815 49.88570 39.91180 31.69979 35.73449 -99999.00000 -99999.00000 69.20918 58.40555 63.57867 55.33382 23.81744 7.68124 6.75782 6.38590 4.47181 3.00983 3.01760 3.34596 3.80192 7.74958 14.50778 16.00369 15.07499
2.46686 1.21328 0.29211 0.00000 0.11180 0.82834 1.46561 1.55917 0.98255 1.24573 2.31352 2.17433 0.90995 0.11940 0.00000 0.00000 0.00000 0.00000 0.00000 0.00000 0.76460 1.80191 0.80573 0.32331 0.35981 2.76322 5.15267 8.07647 14.36772 22.20231 31.53264 40.67315 36.08661 30.12146 27.17991 -99999.00000 -99999.00000 -99999.00000 -99999.00000 -99999.00000 -99999.00000 -99999.00000 -99999.00000 69.22849 87.56460 93.41937 80.04342 47.92382 18.54862 10.93208 9.75136 6.88294 4.52419 4.47990 5.46184 7.68339 11.09985 12.75556 10.53365 8.69408
1.99977 1.25801 0.57660 0.06136 -99999.00000 0.24093 1.21252 1.57946 0.53356 0.72984 2.06554 1.98811 0.58375 0.07854 0.00000 0.00000 0.00000 0.00000 0.00000 0.00000 0.07627 0.04867 0.14230 0.23237 0.27154 3.32250 7.23679 18.76299 28.60490 22.53650 24.53523 42.51252 39.95098 29.76369 -99999.00000 -99999.00000 -99999.00000 -99999.00000 -99999.00000 -99999.00000 -99999.00000 -99999.00000 -99999.00000 -99999.00000 120.50457 101.19637 82.33817 65.54429 41.04571 19.09151 10.81142 6.58872 5.08572 7.44127 13.39944 15.78796 13.79790 9.74684 6.05994 4.05537
-99999.00000 -99999.00000 -99999.00000 -99999.00000 -99999.00000 0.76381 2.74759 2.58034 0.93978 0.51663 0.73201 0.60212 0.11664 0.00000 0.00000 0.00000 0.00000 0.00000 0.00000 0.00000 0.00000 0.14658 1.53790 2.44426 2.42250 2.37771 4.43349 18.30691 28.75362 24.68427 30.48276 48.76009 48.19129 51.74038 -99999.00000 -99999.00000 -99999.00000 -99999.00000 -99999.00000 -99999.00000 -99999.00000 -99999.00000 -99999.00000 -99999.00000 -99999.00000 81.77877 77.23663 73.68295 60.40539 30.73385 11.17957 5.87154 6.70009 14.88070 20.88799 18.43951 14.40245 8.46146 3.55070 1.87291
