DATA/RAW-RASTER/CPC/2017/20170529.asc
ncols			60
nrows			40
xllcorner		70.0
yllcorner		20.0
cellsize		0.5
NODATA_value	-99999
0.66232 1.52950 2.37813 2.33630 1.66159 0.87358 0.17297 0.00000 0.00000 0.00000 0.00000 0.00000 0.00000 0.00000 0.00000 0.00000 0.00000 0.00000 0.00000 0.00000 0.00000 0.00000 0.00000 0.00000 0.00000 0.00000 0.04306 0.00000 0.00000 0.00000 0.00000 0.00000 0.00000 0.00000 0.00000 0.00000 0.00000 0.00000 0.00000 0.00000 0.00000 0.00000 0.00000 0.00000 0.00000 0.00000 0.00000 0.00000 0.00000 0.00000 0.00000 0.00000 0.00000 0.00000 0.00000 0.00000 0.00000 0.00000 0.00000 0.00000
0.63384 1.87381 3.94837 4.31838 2.47173 0.99424 0.10389 0.00000 0.00000 0.00000 0.00000 0.00000 0.00000 0.00000 0.00000 0.00000 0.00000 0.00000 0.00000 0.00000 0.00000 0.00000 0.00000 0.00000 0.00000 0.00000 0.00000 0.00000 0.00000 0.00000 0.00000 0.00000 0.00000 0.00000 0.00000 0.00000 0.00000 0.00000 0.00000 0.00000 0.00000 0.00000 0.00000 0.00000 0.00000 0.00000 0.00000 0.00000 0.00000 0.00000 0.00000 0.00000 0.00000 0.00000 0.00000 0.00000 0.00000 0.00000 0.00000 0.00000
0.02637 0.83433 2.04287 2.44256 1.57134 0.44466 0.00000 0.00000 0.00000 0.00000 0.00000 0.00000 0.00000 0.00000 0.00000 0.00000 0.00000 0.00000 0.00000 0.00000 0.00000 0.00000 0.00000 0.00000 0.00000 0.00000 0.00000 0.00000 0.00000 0.00000 0.00000 0.00000 0.00000 0.00000 0.00000 0.00000 0.00000 0.00000 0.00000 0.00000 0.00000 0.00000 0.00000 0.00000 0.00000 0.00000 0.00000 0.00000 0.00000 0.00000 0.00000 0.00000 0.00000 0.00000 0.00000 0.00000 0.00000 0.00000 0.00000 0.00000
0.00000 0.08513 0.46364 0.68316 0.34028 0.00000 0.00000 0.00000 0.00000 0.00000 0.00000 0.00000 0.00000 0.00000 0.00000 0.00000 0.00000 0.00000 0.00000 0.00000 0.00000 0.00000 0.00000 0.00000 0.00000 0.00000 0.00000 0.00000 0.00000 0.00000 0.00000 0.00000 0.00000 0.00000 0.00000 0.00000 0.00000 0.00000 0.00000 0.00000 0.00000 0.00000 0.00000 0.00000 0.00000 0.00000 0.00000 0.00000 0.00000 0.00000 0.00000 0.00000 0.00000 0.00000 0.00000 0.00000 0.00000 0.00000 0.00000 0.00000
0.00000 0.00000 0.00000 0.00000 0.00000 0.00000 0.00000 0.00000 0.00000 0.00000 0.00000 0.00000 0.00000 0.00000 0.00000 0.00000 0.00000 0.00000 0.00000 0.00000 0.00000 0.00000 0.00000 0.00000 0.00000 0.00000 0.00000 0.00000 0.00000 0.00000 0.00000 0.00000 0.00000 0.00000 0.00000 0.00000 0.00000 0.00000 0.00000 0.00000 0.00000 0.00000 0.00000 0.00000 0.00000 0.00000 0.00000 0.00000 0.00000 0.00000 0.00000 0.00000 0.00000 0.00000 0.00000 0.00000 0.00000 0.00000 0.00000 0.00000
0.00000 0.00000 0.00000 0.00000 0.00000 0.00000 0.00000 0.00000 0.00000 0.00000 0.00000 0.00000 0.00000 0.00000 0.00000 0.00000 0.00000 0.00000 0.00000 0.00000 0.00000 0.00000 0.00000 0.00000 0.00000 0.00000 0.00000 0.00000 0.00000 0.00000 0.00000 0.00000 0.00000 0.00000 0.00000 0.00000 0.00000 0.00000 0.00000 0.00000 0.00000 0.00000 0.00000 0.00000 0.00000 0.00000 0.00000 0.00000 0.00000 0.00000 0.00000 0.00000 0.00000 0.00000 0.00000 0.00000 0.00000 0.00000 0.00000 0.00000
0.00000 0.00000 0.00000 0.00000 0.00000 0.00000 0.00000 0.00000 0.00000 0.00000 0.00000 0.00000 0.00000 0.00000 0.00000 0.00000 0.00000 0.00000 0.00000 0.00000 0.00000 0.00000 0.00000 0.00000 0.00000 0.00000 0.00000 0.00000 0.00000 0.00000 0.00000 0.00000 0.00000 0.00000 0.00000 0.00000 0.00000 0.00000 0.00000 0.00000 0.00000 0.00000 0.00000 0.00000 0.00000 0.00000 0.00000 0.00000 0.00000 0.00000 0.00000 0.00000 0.00000 0.00000 0.00000 0.00000 0.00000 0.00000 0.00000 0.00000
0.00000 0.00000 0.00000 0.00000 0.00000 0.00000 0.00000 0.00000 0.00000 0.00000 0.00000 0.00000 0.00000 0.00000 0.00000 0.00000 0.00000 0.00000 0.00000 0.00000 0.00000 0.00000 0.00000 0.00000 0.00000 0.00000 0.00000 0.00000 0.00000 0.00000 0.00000 0.00000 0.00000 0.00000 0.00000 0.00000 0.00000 0.00000 0.00000 0.00000 0.00000 0.00000 0.00000 0.00000 0.00000 0.00000 0.00000 0.00000 0.00000 0.00000 0.00000 0.02013 0.00000 0.00000 0.00000 0.00000 0.00000 0.00000 0.00000 0.00000
0.00000 0.00000 0.00000 0.00000 0.00000 0.00000 0.00000 0.00000 0.00000 0.00000 0.00000 0.00000 0.00000 0.00000 0.00000 0.00000 0.00000 0.00000 0.00000 0.00000 0.00000 0.00000 0.00000 0.00000 0.00000 0.00000 0.00000 0.00000 0.00000 0.00000 0.00000 0.00000 0.00000 0.00000 0.00000 0.00000 0.00000 0.00000 0.00000 0.03078 0.04074 0.00000 0.00000 0.00000 0.00000 0.00000 0.00000 0.03512 0.08550 0.13545 0.22806 0.36334 0.41035 0.25705 0.22982 0.21251 0.07862 0.16288 0.13630 0.08068
0.00000 0.00000 0.00000 0.00000 0.00000 0.00000 0.00000 0.00000 0.00000 0.00000 0.00000 0.00000 0.00000 0.00000 0.00000 0.00000 0.00000 0.00000 0.00000 0.00000 0.00000 0.00000 0.00000 0.00000 0.00000 0.00000 0.00000 0.00000 0.00000 0.00000 0.00000 0.00000 0.00000 0.00000 0.00000 0.00000 0.04077 0.06575 0.08605 0.10229 0.11342 0.11721 0.08630 0.03558 0.03824 0.02567 0.02162 0.09776 0.34999 0.83973 1.41524 1.81841 1.76726 1.33792 0.86705 0.67695 0.64948 0.60613 0.51783 0.26396
0.00000 0.00000 0.00000 0.00000 0.00000 0.00000 0.00000 0.00000 0.00000 0.00000 0.00000 0.00000 0.00000 0.00000 0.00000 0.42505 0.39480 0.08174 0.00000 0.00000 0.00000 0.00000 0.00000 0.00000 0.00000 0.00000 0.00000 0.00000 0.00000 0.00000 0.03453 0.06791 0.09326 0.10140 0.10632 0.12785 0.13760 0.13102 0.13121 0.15384 0.16264 0.17193 0.16825 0.15380 0.13646 0.10444 0.09944 0.23169 0.76295 1.81098 2.78745 3.13821 2.89467 2.08713 1.21938 0.80243 0.69586 0.67539 0.45644 0.04553
0.00000 0.00000 0.00000 0.00000 0.00000 0.00000 0.00000 0.00000 0.00000 0.00000 0.00000 0.00000 0.00000 0.17174 0.53492 1.57160 1.40869 0.64003 0.08484 0.00000 0.00000 0.00000 0.00000 0.00000 0.00000 0.00000 0.00000 0.02638 0.04882 0.02103 0.10282 0.14407 0.15418 0.15537 0.16787 0.17962 0.17045 0.16523 0.16073 0.21759 0.25129 0.23349 0.21613 0.21010 0.19921 0.20281 0.26650 0.55885 1.34169 2.34269 3.10565 3.42861 3.21386 2.40905 1.51350 0.97769 0.74084 0.54386 0.19888 0.16532
0.00000 0.00000 0.00000 0.00000 0.00000 0.00000 0.00000 0.00000 0.00000 0.00000 0.00000 0.04261 1.33011 1.96304 2.29517 1.96285 1.26764 0.49633 0.05766 0.00000 0.00000 0.00000 0.00000 0.00000 0.00000 0.00000 0.02985 0.05258 0.09276 0.14230 0.17828 0.16655 0.17663 0.18547 0.20731 0.22624 0.23076 0.24936 0.28380 0.30292 0.35061 0.34423 0.33248 0.33744 0.31506 0.39567 0.64513 1.06133 1.63649 2.08181 2.46288 2.70820 2.50714 1.80313 1.20988 0.95875 0.79003 0.56990 0.30342 0.25307
0.00000 0.00000 0.00000 0.00000 0.00000 0.00000 0.00000 0.00000 0.00000 0.00000 0.00000 2.09079 6.21367 6.93735 5.59105 2.30508 0.99107 0.10002 0.00000 0.00000 0.00000 0.00000 0.00000 0.00000 0.00000 0.03188 0.06252 0.10986 0.17708 0.22412 0.21868 0.18386 0.19868 0.21142 0.22731 0.24409 0.24391 0.24896 0.27405 0.33399 0.43805 0.58802 0.78484 0.84825 0.97750 1.31895 1.90534 2.36623 1.99635 1.30567 1.02868 1.29083 1.34910 1.08159 0.89557 0.89257 1.04682 1.26243 1.45148 1.97402
0.00000 0.00000 0.00000 0.00000 0.00000 0.00000 0.00000 0.00000 0.00000 0.00000 0.68343 6.29064 11.79747 9.05382 3.86969 1.20331 0.64141 0.05131 0.00000 0.00000 0.00000 0.00000 0.00000 0.00000 0.03561 0.07481 0.14083 0.28147 0.64778 0.57065 0.25053 0.19414 0.20820 0.22681 0.24942 0.25951 0.25470 0.24180 0.24364 0.29752 0.45403 0.79134 1.24264 1.66326 2.31314 3.41558 4.59747 4.78563 3.55147 1.51740 0.46548 0.51891 0.72333 0.80133 0.83031 1.02314 1.41030 2.19953 3.61801 5.55689
0.00000 0.00000 0.00000 0.00000 0.00000 0.00000 0.00000 0.00000 0.00000 0.00000 1.69506 6.74718 11.29433 7.17096 1.84650 0.74600 0.32999 0.06277 0.03491 0.00000 0.00000 0.00000 0.00000 0.04646 0.10342 0.19994 0.32615 0.79374 1.24813 1.12214 0.52882 0.19827 0.21431 0.24442 0.27538 0.28074 0.27025 0.23908 0.20934 0.22018 0.35001 0.76169 1.39530 1.91800 2.73351 4.33966 6.54974 7.42813 6.00617 2.98513 1.01209 0.36582 0.27591 0.51516 0.69644 1.04192 1.55398 2.38842 4.49462 7.22349
0.00000 0.00000 0.00000 0.00000 0.00000 0.00000 0.00000 0.00000 0.00000 0.00000 0.50210 3.13446 4.24289 2.31840 0.35191 0.37085 0.29586 0.17585 0.13429 0.07223 0.04347 0.04711 0.08386 0.16614 0.30555 0.47133 0.66103 1.46785 1.99401 1.88212 1.20503 0.33903 0.21646 0.24694 0.26389 0.27410 0.27564 0.24665 0.19182 0.15356 0.22888 0.65280 1.48198 2.16994 2.69983 4.01872 6.74037 7.67987 6.38869 3.35510 0.98327 0.12750 0.00000 0.14105 0.36308 0.78244 1.31659 2.07837 4.33460 7.25527
0.00000 0.00000 0.00000 0.00000 0.00000 0.00000 0.00000 0.00000 0.00000 0.00000 0.00000 0.32248 0.10477 0.08906 0.27575 0.43751 0.47684 0.34596 0.27054 0.20168 0.17921 0.21690 0.31357 0.46484 0.65051 0.78896 1.21430 2.05297 2.59832 2.48545 1.73990 0.77697 0.23831 0.24617 0.26727 0.28590 0.29431 0.27150 0.21465 0.14253 0.18000 0.55896 1.41672 2.09881 2.55244 3.77740 5.83698 6.49028 5.02490 2.64948 0.72248 0.12285 0.02764 0.05674 0.10441 0.49559 1.20828 2.09218 3.62208 5.58151
0.00000 0.00000 0.00000 0.00000 0.00000 0.00000 0.00000 0.00000 0.00000 0.00000 0.00000 0.00000 0.00000 0.00000 0.26776 0.83031 0.93411 0.63665 0.45793 0.37046 0.34581 0.41836 0.57778 0.76529 0.97713 1.38395 1.96074 2.62250 3.20338 3.22278 2.36157 1.11403 0.22980 0.19316 0.23625 0.27217 0.28144 0.27396 0.23391 0.18106 0.21574 0.47029 1.05995 1.79720 2.47412 3.47012 4.59035 5.01147 4.08630 2.51206 1.06869 0.40719 0.19303 0.09085 0.12227 0.40136 0.96712 1.58050 2.26533 2.88722
0.00000 0.00000 0.00000 0.00000 0.00000 0.00000 0.00000 0.00000 0.00000 0.00000 0.00000 0.00000 0.00000 0.00000 0.41751 1.15339 1.22182 0.73211 0.67002 0.61533 0.48975 0.56256 0.76459 1.06883 1.33835 1.73336 2.43583 3.36543 4.16546 4.61277 3.30848 1.33207 0.06096 0.04335 0.13003 0.19092 0.19555 0.18011 0.12639 0.10852 0.06746 0.20114 0.36490 0.84988 1.62199 2.47322 3.30471 3.53602 3.83067 3.42866 2.48336 1.32535 0.56965 0.26738 0.24465 0.44863 0.76111 0.94075 1.18115 1.67432
0.00000 0.00000 0.00000 0.00000 0.00000 0.00000 0.00000 0.00000 0.00000 0.00000 0.00000 0.00000 0.00000 0.02543 0.38893 0.75682 0.99111 0.92153 0.70517 0.73814 0.80839 0.93113 1.35775 1.79553 1.80796 1.95144 2.80173 4.40038 6.76661 7.05275 4.37023 1.68781 0.19218 0.00000 0.00000 0.00000 0.00000 0.00000 0.00000 0.00000 0.00000 0.00000 0.05708 0.27130 0.77888 1.46054 2.21476 2.94799 4.07451 3.79890 3.33352 2.31885 1.13316 0.55690 0.23709 0.41248 0.55219 0.65954 0.83728 1.11210
0.00000 0.00000 0.00000 0.00000 0.00000 0.00000 0.00000 0.00000 0.00000 0.00000 0.00000 0.00000 0.00000 0.05884 0.28671 0.53477 0.91914 1.15954 0.79723 1.20470 2.20273 2.20224 2.45206 2.28773 2.69775 3.70774 4.60818 6.16360 7.45891 7.00081 4.23110 1.59996 0.26422 0.00000 0.00000 0.00000 0.00000 0.00000 0.00000 0.00000 0.00000 0.00000 0.04078 0.23605 0.51129 0.86946 1.54016 2.84096 3.65022 4.16678 3.39266 2.40839 1.62830 0.94890 0.47793 0.31960 0.35317 0.39530 0.46271 0.45842
0.00000 0.00000 0.00000 0.00000 0.00000 0.00000 0.00000 0.00000 0.00000 0.00000 0.00000 0.00000 0.00000 0.00000 0.05036 0.34393 0.92746 1.52920 1.36540 4.37614 8.27759 6.97318 3.95535 2.60077 3.47558 5.37398 8.31864 10.92819 11.31261 8.04046 4.12773 1.18120 0.07388 0.00000 0.00000 0.00000 0.00000 0.00000 0.00000 0.00000 0.00000 0.00000 0.13083 0.35731 0.44504 0.56319 1.05658 2.21165 4.12650 5.60935 4.22354 3.29558 1.78819 1.23224 0.61252 0.28304 0.20532 0.17273 0.19102 0.17924
0.00000 0.00000 0.00000 0.00000 0.00000 0.00000 0.00000 0.00000 0.00000 0.00000 0.00000 0.00000 0.00000 0.00000 0.00000 0.00000 0.75321 2.32271 5.14812 16.09914 20.09694 12.43801 5.24130 2.48770 2.72161 4.29689 7.17497 12.40205 16.29749 10.48594 3.17983 0.19725 0.00000 0.00000 0.00000 0.00000 0.00000 0.00000 0.00000 0.00000 0.00000 0.18777 0.43287 0.50735 0.48028 0.62578 1.93688 4.69773 6.18300 5.57292 4.99875 4.83868 3.27265 1.63269 0.82409 0.31765 0.18920 0.12435 0.11552 0.15799
0.00000 0.00000 0.00000 0.00000 0.00000 0.02395 0.36287 1.70431 4.11846 1.68879 0.00000 0.00000 0.00000 0.00000 0.00000 0.00000 0.60624 3.55599 11.25367 22.18953 18.06345 8.97775 3.06634 0.88833 1.18982 1.79752 2.40467 5.38407 8.85873 6.02868 1.53646 0.12121 0.00000 0.00000 0.00000 0.00000 0.15390 0.08031 0.00000 0.00000 0.33599 1.02825 1.29910 0.93847 1.10709 2.02218 4.11911 6.95541 6.94364 4.46769 3.59061 3.65568 3.52126 1.80032 1.06664 0.63185 0.36333 0.23962 0.11868 0.08823
0.00000 0.00000 0.00000 0.00000 0.00000 0.54194 4.85384 13.32485 20.63971 15.05997 5.84928 0.74380 0.00000 0.00000 0.00000 0.04311 0.55854 2.62008 6.59737 8.00551 4.74356 2.79994 1.11476 0.22954 0.14738 0.34290 0.32674 1.28167 2.38848 1.45724 0.78211 0.10670 0.68476 0.27177 0.00000 0.00000 0.11336 0.40547 0.24182 0.31861 1.15601 3.10398 4.99930 3.73428 3.66398 3.84786 5.45772 7.22160 5.90329 3.22843 2.31833 2.52464 2.67287 2.52115 2.15231 1.52723 0.85697 0.39606 0.05711 0.00000
0.00000 0.00000 0.00000 0.00000 0.00000 0.56135 6.30612 22.85880 40.31156 38.29398 17.94737 3.02495 0.00000 0.00000 0.10788 0.26935 0.56651 1.34727 2.22704 2.17514 1.20371 0.45811 0.19100 0.04296 0.00000 0.00000 0.03069 0.13209 0.23400 0.71494 1.46303 3.27800 8.41923 7.15701 0.91179 0.00000 0.00000 0.47128 0.76676 1.27658 2.45627 4.03827 6.19337 6.98158 4.91310 3.71264 4.27799 3.94610 3.10759 3.58860 3.51592 3.38827 3.43553 3.04096 3.09281 3.14135 2.19408 0.96060 0.23698 0.04315
0.00000 0.00000 0.00000 0.00000 0.00000 0.11140 4.85751 21.35151 40.56790 40.46303 21.17896 4.34928 0.00000 0.00000 0.17518 0.45279 0.70643 0.46719 0.24237 0.12947 0.00000 0.00000 0.00000 0.00000 0.00000 0.00000 0.00000 0.00000 0.13243 0.55968 1.46148 2.32326 12.84507 20.93991 5.47187 0.79842 0.66808 1.16103 1.10250 2.92208 4.03566 3.16950 4.56007 6.01411 6.88179 5.89621 3.78959 4.16086 5.73267 6.44887 6.55793 5.94395 3.97023 2.84840 3.74763 4.67250 3.81891 1.96779 0.67418 0.16592
0.00000 0.00000 0.00000 0.00000 0.00000 0.00000 1.54537 10.62799 18.48817 16.52498 10.33085 3.31594 0.74107 0.08768 0.06950 0.19771 0.24064 0.20853 0.29169 0.30415 0.09410 0.02419 0.00000 0.00000 0.00000 0.00000 0.00000 0.00000 0.00000 0.12926 0.71165 2.33397 8.13853 12.79461 7.41272 3.55033 2.09871 1.85091 1.44714 3.42201 4.41380 3.86198 6.86541 12.23562 11.33366 5.89296 3.07755 6.26246 9.86481 10.09520 10.10528 6.80206 3.62635 3.35759 3.94541 5.33390 5.45250 2.96071 0.78696 0.17654
0.00000 0.00000 0.00000 0.00000 0.00000 0.00000 0.06660 4.86899 7.98999 7.67214 6.04129 2.83694 1.61203 0.38207 0.00000 0.00000 0.00000 0.18499 0.71627 1.33813 0.93822 0.28299 0.00000 0.00000 0.00000 0.00000 0.00000 0.00000 0.00000 0.00000 0.30210 1.48005 3.13757 2.71986 3.62567 4.02284 1.72889 0.88002 0.93617 2.47864 3.42050 4.25344 5.59415 8.05751 11.85074 10.67902 10.48297 12.61260 12.26020 11.78558 11.59207 7.64458 4.41508 3.98138 3.73365 5.60568 6.83207 3.99346 0.57751 0.12950
0.00000 0.00000 0.00000 0.00000 0.00000 0.00000 0.10514 1.79767 9.08427 15.30345 9.54848 4.75028 2.16454 0.45422 0.00000 0.03519 0.27477 0.72525 1.65522 2.48598 1.72632 0.38875 0.00000 0.00000 0.00000 0.00000 0.00000 0.00000 0.00000 0.00000 0.16591 0.88988 1.86494 1.10429 2.08393 2.33315 1.03700 0.58242 1.48298 4.28650 4.30396 3.06375 2.63323 1.63153 3.32729 5.21477 13.40700 18.95375 18.54766 16.45449 14.79744 9.29069 5.29594 4.24099 4.42321 6.16735 5.97571 3.97940 0.92080 0.20252
0.00000 0.00000 0.00000 0.00000 0.00000 0.00000 0.00000 1.11986 6.57006 11.94587 9.48316 5.08247 1.63194 0.15859 0.14038 0.87188 2.48537 4.12909 5.15518 4.43694 2.30978 0.40611 0.00000 0.00000 0.00000 0.00000 0.00000 0.00000 0.47560 2.70294 5.30944 6.38879 3.39637 0.46500 0.60230 0.62974 0.96309 1.34836 3.19443 8.30024 7.93293 4.28922 2.32415 1.92675 2.38985 4.76721 8.37412 16.70261 18.90903 16.87842 13.43188 8.32017 5.38785 4.01158 3.77164 5.83807 5.20234 3.35160 1.00851 0.22236
0.00000 0.00000 0.00000 0.00000 0.00000 0.00000 0.00000 0.83917 4.96927 8.58870 8.01749 5.64799 1.48771 0.15328 0.33302 1.46011 4.32735 7.08939 7.75178 6.46396 3.40806 0.78015 0.00000 0.00000 0.00000 0.00000 0.03597 0.58065 3.30657 10.90877 18.49144 16.19211 6.80083 0.52126 0.00000 0.00000 0.84878 3.15232 5.22395 9.13487 9.78884 8.76437 8.70198 9.30589 11.25948 11.30067 8.91989 9.70042 9.83182 9.32162 7.36390 5.60012 4.75381 4.10491 4.42821 4.80408 4.13364 2.12757 0.58566 0.13390
0.00000 0.00000 0.00000 0.00000 0.00000 0.00000 0.00000 0.46826 3.20328 5.91522 6.72134 7.20093 2.84535 0.60487 0.29378 1.19086 3.93034 5.53548 5.32204 5.41609 3.79305 1.30502 0.36690 0.02023 0.00000 0.02012 0.23723 1.95620 7.77358 19.10828 29.17307 25.32803 13.04990 3.25350 0.00000 0.00000 0.36388 2.88429 5.98490 15.13838 26.29601 21.32766 24.46192 24.16642 29.43086 20.29832 8.92345 5.71553 5.14518 5.30163 4.43828 3.53727 3.28392 3.21298 3.09094 2.66937 2.55632 1.34912 0.41903 0.12210
0.00000 0.00000 0.00000 0.00000 0.00000 0.00000 0.00000 0.12988 1.60448 2.69995 2.60631 3.71871 2.92885 1.11551 0.68975 1.64473 6.03752 5.56464 3.12250 2.87843 1.99409 1.90059 1.49976 0.44608 0.11992 0.28613 0.86051 2.75097 7.38259 16.11887 24.51335 28.54490 25.67391 10.10946 0.42018 0.07598 1.91345 4.16275 5.64747 13.70842 23.80609 29.33456 40.08659 42.64803 35.28155 25.73328 13.16322 6.14284 4.88460 4.90167 3.90184 3.06223 2.26013 1.94241 1.72528 1.21770 1.39398 0.82235 0.13833 0.00000
0.00000 0.00000 0.00000 0.00000 0.00000 0.00000 0.00000 0.00000 0.22257 0.63229 0.47166 0.93378 0.98857 0.63894 0.68827 2.01456 6.64594 4.97704 1.32744 1.37194 2.79849 4.86523 3.22579 1.33683 0.43585 0.69753 1.38754 2.69551 3.76223 7.62667 13.74409 18.45472 15.56038 5.79761 0.07916 0.07863 0.96594 2.76046 6.72261 15.56590 21.04168 32.68227 39.86290 44.18523 38.00106 30.13265 19.04891 7.52252 4.34856 3.76058 3.06111 3.10537 2.16088 1.55943 1.30514 0.98545 0.83594 0.42857 0.00000 0.00000
0.00000 0.00000 0.00000 0.00000 0.00000 0.07631 0.07604 0.00000 0.00000 0.02200 0.03729 0.07432 0.10591 0.03975 0.04972 0.44065 1.73261 1.80184 0.86507 1.47642 3.62739 5.23479 2.88071 1.19307 0.51753 0.52588 1.00563 1.22293 1.17557 3.11609 6.15966 9.56971 7.14141 1.32735 0.00000 0.07469 0.47913 2.03853 7.54808 18.80601 31.39258 -99999.00000 -99999.00000 27.55896 29.65239 26.33318 19.40038 8.20164 3.47190 2.75679 2.73176 2.63499 2.24564 1.89391 1.54569 1.06963 0.75667 0.06776 0.00000 0.00000
0.00000 0.00000 0.00000 0.00000 0.05284 0.32150 0.25977 0.00000 0.00000 0.00000 0.00000 0.00000 0.00000 0.00000 0.00000 0.00000 0.51816 1.21057 1.60774 1.93837 2.39834 2.20704 0.76097 0.20800 0.08697 0.11146 0.27238 0.18660 0.21194 1.07376 3.01768 4.51811 4.20806 3.26773 1.67462 -99999.00000 -99999.00000 -99999.00000 -99999.00000 -99999.00000 -99999.00000 -99999.00000 -99999.00000 29.06934 21.51216 13.69312 10.99494 6.69767 3.18235 2.32353 2.68306 2.54804 2.86306 2.92975 3.17178 3.97090 4.02115 2.27889 0.99834 0.02162
0.00000 0.00000 0.00000 0.00000 -99999.00000 0.05753 0.02674 0.00000 0.00000 0.00000 0.00000 0.00000 0.00000 0.00000 0.00000 0.00000 0.11386 0.61254 1.57976 2.42424 2.35022 1.37832 0.38623 0.03368 0.00000 0.00000 0.00000 0.00000 0.00000 0.16976 0.47313 1.10504 2.68007 4.98868 -99999.00000 -99999.00000 -99999.00000 -99999.00000 -99999.00000 -99999.00000 -99999.00000 -99999.00000 -99999.00000 -99999.00000 4.09578 3.11591 3.96397 3.97090 2.78694 1.91681 2.09416 2.68521 3.14218 4.34346 7.33333 8.74164 7.86035 5.64303 3.13093 0.77100
-99999.00000 -99999.00000 -99999.00000 -99999.00000 -99999.00000 0.00000 0.00000 0.00000 0.00000 0.00000 0.00000 0.00000 0.00000 0.00000 0.00000 0.00000 0.00000 0.08836 0.72160 1.70180 2.06795 1.33818 0.53204 0.00000 0.00000 0.00000 0.00000 0.00000 0.00000 0.00000 0.00000 0.00000 0.38125 1.14199 -99999.00000 -99999.00000 -99999.00000 -99999.00000 -99999.00000 -99999.00000 -99999.00000 -99999.00000 -99999.00000 -99999.00000 -99999.00000 1.09350 1.59243 2.15827 2.15329 1.66811 2.38783 2.94329 3.91356 7.57371 9.85431 9.54095 9.57400 8.40926 5.03236 2.15171
