DATA/RAW-RASTER/CPC/2017/20170920.asc
ncols			60
nrows			40
xllcorner		70.0
yllcorner		20.0
cellsize		0.5
NODATA_value	-99999
0.00000 0.00000 0.00000 0.00000 0.00000 0.00000 0.00000 0.00000 0.00000 0.16561 0.32588 0.34426 0.30719 0.22175 0.06708 0.00000 0.00000 0.00000 0.00000 0.00000 0.00000 0.00000 0.00000 0.00000 0.00000 0.00000 0.00000 0.00000 0.00000 0.00000 0.00000 0.00000 0.00000 0.00000 0.00000 0.00000 0.00000 0.00000 0.00000 0.00000 0.00000 0.00000 0.00000 0.00000 0.00000 0.00000 0.00000 0.00000 0.00000 0.00000 0.00000 0.00000 0.00000 0.00000 0.00000 0.00000 0.00000 0.00000 0.00000 0.00000
0.00000 0.00000 0.00000 0.00000 0.00000 0.00000 0.00000 0.00000 0.00000 0.11701 0.27243 0.29231 0.26607 0.16060 0.02705 0.00000 0.00000 0.00000 0.00000 0.00000 0.00000 0.00000 0.00000 0.00000 0.00000 0.00000 0.00000 0.00000 0.00000 0.00000 0.00000 0.00000 0.00000 0.00000 0.00000 0.00000 0.00000 0.00000 0.00000 0.00000 0.00000 0.00000 0.00000 0.00000 0.00000 0.00000 0.00000 0.00000 0.00000 0.00000 0.00000 0.00000 0.00000 0.00000 0.00000 0.00000 0.00000 0.00000 0.00000 0.00000
0.00000 0.00000 0.00000 0.00000 0.00000 0.00000 0.00000 0.00000 0.00000 0.00000 0.17338 0.22849 0.12393 0.00000 0.00000 0.00000 0.00000 0.00000 0.00000 0.00000 0.00000 0.00000 0.00000 0.00000 0.00000 0.00000 0.00000 0.00000 0.00000 0.00000 0.00000 0.00000 0.00000 0.00000 0.00000 0.00000 0.00000 0.00000 0.00000 0.00000 0.00000 0.00000 0.00000 0.00000 0.00000 0.00000 0.00000 0.00000 0.00000 0.00000 0.00000 0.00000 0.00000 0.00000 0.00000 0.00000 0.00000 0.00000 0.00000 0.00000
0.00000 0.00000 0.00000 0.00000 0.00000 0.00000 0.00000 0.00000 0.00000 0.00000 0.00000 0.05461 0.00000 0.00000 0.00000 0.00000 0.00000 0.00000 0.00000 0.00000 0.00000 0.00000 0.00000 0.00000 0.00000 0.00000 0.00000 0.00000 0.00000 0.00000 0.00000 0.00000 0.00000 0.00000 0.00000 0.00000 0.00000 0.00000 0.00000 0.00000 0.00000 0.00000 0.00000 0.00000 0.00000 0.00000 0.00000 0.00000 0.00000 0.00000 0.00000 0.00000 0.00000 0.00000 0.00000 0.00000 0.00000 0.00000 0.00000 0.00000
0.00000 0.00000 0.00000 0.00000 0.00000 0.00000 0.00000 0.00000 0.00000 0.00000 0.00000 0.00000 0.00000 0.00000 0.00000 0.00000 0.00000 0.00000 0.00000 0.00000 0.00000 0.00000 0.00000 0.00000 0.00000 0.00000 0.00000 0.00000 0.00000 0.00000 0.00000 0.00000 0.00000 0.00000 0.00000 0.00000 0.00000 0.00000 0.00000 0.00000 0.00000 0.00000 0.00000 0.00000 0.00000 0.00000 0.00000 0.00000 0.00000 0.00000 0.00000 0.00000 0.00000 0.00000 0.00000 0.00000 0.00000 0.00000 0.00000 0.00000
0.00000 0.00000 0.00000 0.00000 0.00000 0.00000 0.00000 0.00000 0.00000 0.00000 0.00000 0.00000 0.00000 0.00000 0.00000 0.00000 0.00000 0.00000 0.00000 0.00000 0.00000 0.00000 0.00000 0.00000 0.00000 0.00000 0.00000 0.00000 0.00000 0.00000 0.00000 0.00000 0.00000 0.00000 0.00000 0.00000 0.00000 0.00000 0.00000 0.00000 0.00000 0.02282 0.04499 0.08631 0.13446 0.12266 0.09255 0.06330 0.02442 0.00000 0.00000 0.00000 0.00000 0.00000 0.00000 0.00000 0.00000 0.00000 0.00000 0.00000
0.00000 0.00000 0.00000 0.00000 0.00000 0.00000 0.00000 0.00000 0.00000 0.00000 0.00000 0.00000 0.00000 0.00000 0.00000 0.00000 0.00000 0.00000 0.00000 0.00000 0.00000 0.00000 0.00000 0.00000 0.00000 0.00000 0.00000 0.00000 0.00000 0.00000 0.00000 0.00000 0.00000 0.00000 0.00000 0.00000 0.00000 0.03049 0.05126 0.07318 0.10497 0.18191 0.31021 0.45510 0.53171 0.48718 0.34335 0.17070 0.05658 0.00000 0.00000 0.00000 0.00000 0.00000 0.00000 0.00000 0.00000 0.03341 0.03346 0.00000
0.00000 0.00000 0.00000 0.00000 0.00000 0.00000 0.00000 0.00000 0.00000 0.00000 0.00000 0.00000 0.00000 0.00000 0.00000 0.00000 0.00000 0.00000 0.00000 0.00000 0.00000 0.00000 0.00000 0.00000 0.00000 0.00000 0.00000 0.00000 0.00000 0.00000 0.00000 0.00000 0.00000 0.00000 0.02168 0.04350 0.08355 0.13415 0.20159 0.32025 0.53833 0.83369 1.21486 1.49670 1.38574 1.18049 0.89200 0.47209 0.16650 0.04380 0.02647 0.00000 0.02204 0.07415 0.08121 0.05390 0.05910 0.15097 0.21959 0.24372
0.00000 0.00000 0.00000 0.00000 0.00000 0.00000 0.00000 0.00000 0.00000 0.00000 0.00000 0.00000 0.00000 0.00000 0.00000 0.00000 0.00000 0.00000 0.00000 0.00000 0.00000 0.00000 0.00000 0.00000 0.00000 0.00000 0.00000 0.00000 0.00000 0.00000 0.00000 0.00000 0.02266 0.05808 0.09909 0.17184 0.28325 0.46558 0.74752 1.15285 1.60562 2.06436 2.38355 2.41710 2.21904 2.07850 1.88089 1.43465 0.69266 0.31296 0.24219 0.29990 0.37281 0.43682 0.49102 0.48919 0.56923 0.69219 0.76734 0.73060
0.00000 0.00000 0.00000 0.00000 0.00000 0.00000 0.00000 0.00000 0.00000 0.00000 0.00000 0.00000 0.00000 0.00000 0.00000 0.00000 0.00000 0.00000 0.00000 0.00000 0.00000 0.00000 0.00000 0.00000 0.00000 0.00000 0.00000 0.00000 0.00000 0.03020 0.07034 0.15321 0.25168 0.26944 0.33390 0.55817 1.02310 1.43060 1.76263 2.12690 2.41069 2.64163 2.73308 2.64149 2.45601 2.23065 2.12569 2.05176 1.74949 1.35984 1.31568 1.44102 1.47387 1.41826 1.39599 1.42614 1.53210 1.60277 1.86251 1.70018
0.00000 0.00000 0.00000 0.00000 0.00000 0.00000 0.00000 0.00000 0.00000 0.00000 0.00000 0.00000 0.00000 0.00000 0.00000 0.00000 0.00000 0.00000 0.00000 0.00000 0.00000 0.00000 0.00000 0.00000 0.00000 0.00000 0.00000 0.00000 0.03171 0.10726 0.29293 0.69510 0.87006 1.06653 1.27641 1.70623 2.23747 2.41094 2.54557 2.74107 2.85134 3.01028 3.03529 2.87651 2.78181 2.58509 2.37733 2.27265 2.17951 2.11069 2.25467 2.33087 2.26231 2.07262 1.89742 1.78613 1.81413 2.32020 3.31073 3.58103
0.00000 0.00000 0.00000 0.00000 0.00000 0.00000 0.00000 0.00000 0.00000 0.00000 0.00000 0.00000 0.00000 0.00000 0.00000 0.00000 0.00000 0.00000 0.00000 0.00000 0.00000 0.00000 0.00000 0.00000 0.00000 0.00000 0.00000 0.00000 0.06755 0.29059 0.70241 1.02726 1.24605 1.40820 1.71544 2.18071 2.51823 2.80463 3.03173 3.40782 3.56830 3.40151 3.23120 3.04936 2.97107 2.88463 2.76549 2.65012 2.46317 2.22096 2.31202 2.43418 2.44221 2.33904 2.28401 2.29651 2.50774 3.25886 4.43681 5.19970
0.00000 0.00000 0.00000 0.00000 0.00000 0.00000 0.00000 0.00000 0.00000 0.00000 0.00000 0.00000 0.00000 0.00000 0.00000 0.00000 0.00000 0.00000 0.00000 0.00000 0.00000 0.00000 0.00000 0.00000 0.00000 0.00000 0.00000 0.02634 0.10238 0.41423 0.84283 1.07402 1.26639 1.48295 1.86114 2.30203 2.67749 3.25969 3.93472 4.14353 4.37812 4.19198 3.89860 3.54265 3.22406 3.18223 3.22534 2.88785 2.38416 1.90554 1.86421 2.03355 2.18092 2.24476 2.28174 2.56122 3.21072 4.30168 5.35339 5.59369
0.00000 0.00000 0.00000 0.00000 0.00000 0.00000 0.00000 0.00000 0.00000 0.00000 0.00000 0.00000 0.00000 0.00000 0.00000 0.00000 0.00000 0.00000 0.00000 0.00000 0.00000 0.00000 0.00000 0.00000 0.00000 0.00000 0.00000 0.03806 0.15778 0.52024 0.92201 1.14040 1.31201 1.52528 1.84573 2.27930 2.70767 3.23597 3.81734 4.40492 5.01666 5.60443 5.61147 5.13359 4.78952 4.44232 4.19101 3.78753 2.56049 1.31573 0.84454 1.24994 1.86568 2.27475 2.38594 2.61447 3.49264 4.80430 5.63634 5.85906
0.00000 0.00000 0.00000 0.00000 0.00000 0.00000 0.00000 0.00000 0.00000 0.00000 0.00000 0.00000 0.00000 0.00000 0.00000 0.00000 0.00000 0.00000 0.00000 0.00000 0.00000 0.00000 0.00000 0.00000 0.00000 0.00000 0.00000 0.04170 0.18786 0.48001 0.86836 1.09083 1.24904 1.44794 1.76612 2.11134 2.54870 3.10192 3.75858 4.45957 5.32385 6.15685 6.89418 7.41925 7.67986 7.29639 6.68483 5.82288 4.22076 1.93920 0.73575 1.13006 1.90515 2.42144 2.65151 3.20168 3.80832 4.48676 5.06357 5.59591
0.00000 0.00000 0.00000 0.00000 0.00000 0.00000 0.00000 0.00000 0.00000 0.00000 0.00000 0.00000 0.00000 0.00000 0.00000 0.00000 0.00000 0.00000 0.00000 0.00000 0.00000 0.00000 0.00000 0.00000 0.00000 0.00000 0.00000 0.03038 0.21219 0.43582 0.75011 1.01859 1.17794 1.40676 1.71751 1.95651 2.28197 2.75540 3.47482 4.17363 4.91284 5.92771 7.38755 8.40426 8.84631 8.66783 8.49416 8.14471 6.92975 4.55702 3.06699 2.86967 2.92210 2.83627 3.07712 3.80023 4.54026 4.59228 4.46021 4.71402
0.00000 0.00000 0.00000 0.00000 0.00000 0.00000 0.00000 0.00000 0.00000 0.00000 0.00000 0.00000 0.00000 0.00000 0.00000 0.00000 0.00000 0.00000 0.00000 0.00000 0.00000 0.00000 0.00000 0.00000 0.00000 0.03088 0.08631 0.12319 0.19155 0.36619 0.61385 0.94538 1.11786 1.28669 1.41619 1.56029 1.79228 2.20276 3.05969 3.89300 4.50110 5.58657 7.40448 8.82253 9.24791 8.84751 8.90112 8.31994 7.63507 6.46550 5.91053 5.71405 4.37963 3.19802 3.08056 3.71269 4.67891 5.07536 4.11059 2.88595
0.00000 0.00000 0.00000 0.00000 0.00000 0.00000 0.00000 0.00000 0.00000 0.00000 0.00000 0.00000 0.00000 0.00000 0.00000 0.00000 0.00000 0.00000 0.00000 0.00000 0.00000 0.00000 0.00000 0.02579 0.08550 0.13102 0.15806 0.15296 0.14176 0.24532 0.43087 0.67994 1.00930 1.23177 1.33036 1.44244 1.54112 1.71837 2.66020 3.74741 4.22133 5.10249 6.94579 8.28822 8.88836 9.20248 8.97706 8.21009 7.24880 6.90108 6.60000 6.10711 4.53024 3.01745 2.75347 3.35652 4.55039 5.16429 4.37848 3.75400
0.00000 0.00000 0.00000 0.00000 0.00000 0.00000 0.00000 0.00000 0.00000 0.00000 0.00000 0.00000 0.00000 0.00000 0.00000 0.00000 0.00000 0.00000 0.00000 0.00000 0.00000 0.00000 0.00000 0.10316 0.15597 0.18977 0.19080 0.16891 0.14505 0.05752 0.22539 0.41088 0.64825 0.92336 1.13705 1.31145 1.35785 1.48616 2.14518 3.07229 3.60835 4.10554 5.32245 7.11425 8.15048 8.58138 8.39369 8.18389 7.72583 6.97386 5.68832 4.74360 4.06416 3.29104 2.90424 3.23593 4.33324 5.36903 5.83689 6.69762
0.00000 0.00000 0.00000 0.00000 0.00000 0.00000 0.00000 0.00000 0.00000 0.00000 0.00000 0.00000 0.00000 0.00000 0.00000 0.00000 0.00000 0.00000 0.00000 0.00000 0.00000 0.00000 0.00000 0.15652 0.21412 0.24841 0.23666 0.17035 0.06543 0.00000 0.06234 0.21030 0.29373 0.45338 0.70987 0.95562 1.06444 1.13927 1.44372 1.88559 2.05845 1.72886 1.80783 3.13250 4.90633 6.19834 7.10859 7.23376 8.30573 7.92091 7.15689 5.89326 4.44434 3.63512 3.10159 3.36839 4.30999 5.16762 6.21305 8.69414
0.00000 0.00000 0.00000 0.00000 0.00000 0.00000 0.00000 0.00000 0.00000 0.00000 0.00000 0.00000 0.00000 0.00000 0.00000 0.00000 0.00000 0.00000 0.00000 0.00000 0.00000 0.00000 0.02901 0.31687 0.34299 0.28829 0.23549 0.13486 0.00000 0.03424 0.31515 0.33483 0.23077 0.24253 0.43870 0.71648 0.66432 0.45386 0.49945 0.74423 0.71694 0.35972 0.28943 1.00207 2.40889 3.94021 5.31978 6.61067 8.78963 7.80303 8.00439 7.59351 5.75227 4.41846 2.76337 2.91834 3.53567 4.44764 5.98792 8.56002
0.00000 0.00000 0.00000 0.00000 0.00000 0.00000 0.00000 0.00000 0.00000 0.00000 0.00000 0.00000 0.00000 0.00000 0.00000 0.00000 0.00000 0.00000 0.00000 0.00000 0.00000 0.00000 0.02124 0.32788 0.56133 0.54447 0.24835 0.00000 0.02359 0.32760 0.59588 0.61961 0.39792 0.23603 0.42554 0.92240 0.93755 0.39181 0.35896 0.54670 0.51609 0.31028 0.36964 0.98932 1.97891 2.92847 4.32283 6.93554 8.18475 10.38694 10.44261 9.96210 9.08663 6.48944 3.19870 1.96635 2.12850 2.73385 4.44881 7.36723
0.00000 0.00000 0.00000 0.00000 0.00000 0.00000 0.00000 0.00000 0.00000 0.00000 0.00000 0.00000 0.00000 0.00000 0.00000 0.00000 0.00000 0.00000 0.00000 0.00000 0.00000 0.00000 0.00000 0.03046 0.31414 0.53904 0.09292 0.00000 0.27827 0.64031 0.96492 1.15787 0.90190 0.41642 0.62908 2.24227 3.44632 2.65038 1.73112 1.42603 1.18794 1.01279 1.16619 1.67777 2.05791 2.39538 3.58485 6.42289 12.95361 24.38728 25.87743 24.38680 13.25149 8.84885 3.96543 1.53842 0.88796 0.83275 2.20486 5.65532
0.00000 0.00000 0.00000 0.00000 0.00000 0.00000 0.00000 0.00000 0.00000 0.00000 0.00000 0.00000 0.00000 0.00000 0.00000 0.09151 0.16415 0.13065 0.00000 0.00000 0.00000 0.00000 0.00000 0.00000 0.00000 0.36683 0.29019 0.37430 1.09794 2.13656 1.73980 2.13829 2.66740 2.49355 3.54342 7.22443 10.26527 8.10908 4.09218 3.29679 2.89443 2.24846 1.93594 2.31129 2.28004 2.67613 7.37208 16.63988 25.73398 34.62074 47.29939 49.50605 30.30157 13.44228 6.02840 1.64142 0.56377 0.31714 1.07124 3.91043
0.00000 0.00000 0.00000 0.00000 0.00000 0.00000 0.00000 0.00000 0.00000 0.00000 0.00000 0.00000 0.00000 0.03969 1.00118 2.38029 2.43263 2.49590 0.22081 0.04052 0.00000 0.00000 0.00000 0.00000 0.51770 1.31087 1.03851 1.77815 4.43551 6.49199 4.21504 4.46880 6.81588 9.17380 13.52323 23.14623 31.96856 18.48532 7.66331 8.22872 6.46526 5.40177 3.65705 3.35983 5.11996 9.87759 17.78974 25.79130 23.78104 19.76049 24.89889 31.90746 31.15814 15.56397 7.55951 2.78077 0.99343 0.76596 1.00600 2.14715
0.00000 0.00000 0.00000 0.00000 0.00000 0.00000 0.00000 0.00000 0.00000 0.00000 0.00000 0.00000 0.00000 0.98412 4.38114 7.70777 8.82512 7.74056 4.19708 1.88750 1.05893 0.58318 0.25927 0.47999 1.96370 3.55919 4.15317 5.23074 9.65934 14.44761 12.65096 10.31054 11.46023 13.87321 20.47059 43.17184 74.53239 54.21545 33.47392 20.28621 13.55901 10.91850 8.57148 8.78473 20.37543 22.79465 23.27263 24.86619 16.52217 7.68485 6.38483 12.38263 16.61270 15.40662 8.79992 3.42778 1.28949 0.96829 0.94063 1.23289
0.00000 0.00000 0.00000 0.00000 0.00000 0.00000 0.00000 0.00000 0.00000 0.00000 0.00000 0.00000 0.00000 2.60066 8.23487 15.73322 19.77141 16.48153 8.63854 5.02273 4.86537 2.49138 1.21183 2.31866 4.41396 6.18605 7.59964 7.91084 9.99326 14.03156 16.12109 14.39161 12.25474 10.90340 10.98013 24.99379 37.87214 45.18494 37.40624 27.34227 20.24360 10.86369 6.35876 6.52893 21.79989 15.02773 13.92597 17.77716 11.89315 9.99882 8.78751 10.02658 12.01586 9.65335 5.14388 2.50930 1.09962 1.10252 1.17704 1.16986
0.00000 0.00000 0.00000 0.00000 0.00000 0.00000 0.00000 0.00000 0.00000 0.00000 0.00000 0.00000 0.00000 2.66156 10.35494 21.06448 29.63343 18.75653 7.50364 4.12556 6.39381 5.64526 4.28404 5.48633 7.87641 8.91240 8.59140 7.21776 6.19571 7.88975 13.40272 13.87455 11.06796 9.07101 7.54247 12.51041 14.10848 18.25352 19.69922 29.99265 24.67993 9.57525 5.47165 4.07359 5.68919 4.08891 6.72869 14.48049 17.14767 14.64037 13.64795 12.54647 7.95699 3.41944 1.71542 1.10751 1.02448 1.10879 1.49144 2.05155
0.00000 0.00000 0.00000 0.00000 0.00000 0.00000 0.00000 0.00000 0.00000 0.00000 0.00000 0.00000 0.16428 2.58095 10.92212 16.43017 15.34178 10.60001 9.37122 8.84078 6.12484 5.91044 8.10005 9.72129 10.95807 11.63680 9.25726 6.08721 3.47718 2.22237 5.67009 9.57170 9.43078 9.16482 9.75814 11.98729 16.20391 16.25309 10.93547 28.25340 29.46877 17.64354 20.15615 17.86095 10.78082 2.75997 2.08504 7.84141 12.61491 13.55019 14.41329 10.20234 4.08024 1.64405 0.64229 0.80905 0.97188 0.87629 1.11192 2.64292
0.00000 0.00000 0.00000 0.00000 0.00000 0.00000 0.00000 0.00000 0.00000 0.00000 0.00000 0.00000 1.65221 6.85149 15.87749 19.74637 15.56381 13.13109 20.11839 32.88334 26.85628 15.05278 14.43116 12.75691 10.85555 9.92894 6.24805 6.43979 5.48487 4.20995 4.29752 6.57768 8.21879 9.46584 11.01890 12.73923 12.08780 11.79776 19.55065 27.86053 28.72876 32.26471 48.80084 63.91912 33.59333 6.84432 4.49942 11.44595 12.73061 12.77264 12.82154 7.81750 3.29277 1.13525 0.38043 0.68677 0.95523 0.69382 0.50742 1.78023
0.00000 0.00000 0.00000 0.00000 0.00000 0.00000 0.00000 0.00000 0.00000 0.00000 0.00000 0.26276 3.76132 12.30436 24.17821 27.09960 31.52831 30.51481 41.75954 59.58800 50.52649 24.49536 19.92107 13.27544 9.68791 9.79611 8.93903 11.13377 11.15213 8.43306 7.33905 6.81475 7.22557 7.51326 9.66199 9.39361 8.54393 13.95150 26.84649 25.47651 21.44959 25.02756 36.20234 43.63997 23.76942 6.17846 9.35189 18.33294 19.96772 17.77885 15.44829 8.53550 3.04400 0.70435 0.00000 0.27380 0.62066 0.47964 0.59053 1.83184
0.00000 0.00000 0.00000 0.00000 0.00000 0.00000 0.00000 0.00000 0.00000 0.00000 0.58371 4.10581 6.66966 8.33107 19.87805 31.82731 57.08580 79.56427 84.32426 71.08938 47.47860 25.94748 20.33744 12.84214 10.12089 13.04279 15.86142 18.15568 17.88197 12.65689 8.65776 6.32583 5.14386 4.61410 5.52883 4.48554 4.41732 13.95659 21.61771 12.61742 15.59920 15.15657 9.01836 4.73971 4.11116 3.02569 6.03540 14.54602 17.89474 16.21657 12.51253 6.80326 2.43271 0.33251 0.00000 0.00000 0.02621 0.13574 0.80533 2.20734
0.00000 0.00000 0.00000 0.00000 0.00000 0.00000 0.00000 0.00000 0.00000 0.17033 2.47499 8.42388 15.19024 11.55119 14.95242 28.31534 67.43087 104.68908 94.55460 72.16885 43.93388 22.92896 17.49991 16.88854 16.96386 19.17806 21.41102 22.35882 19.81862 13.57930 8.22283 5.30602 3.21093 2.45016 2.28447 2.14961 5.64098 10.37322 14.83110 9.70577 21.25120 18.12317 8.37747 5.03778 1.53800 0.70899 2.76257 5.50123 7.08439 7.38872 5.87194 3.94249 1.72632 0.20853 0.00000 0.00000 0.00000 0.15889 0.43529 1.62950
0.00000 0.00000 0.00000 0.00000 0.00000 0.00000 0.00000 0.00000 0.14435 0.70702 1.88379 6.21479 20.45015 19.49506 16.50662 19.61285 42.13673 58.47034 51.77360 46.13560 35.36333 22.52957 19.54568 24.75719 26.36855 25.66376 25.26359 22.59688 18.13157 11.33200 7.12144 3.93043 1.89964 1.78965 2.51183 3.83728 7.49674 16.18344 16.70070 10.92696 11.98503 15.75196 16.57858 11.57994 7.56269 3.51487 1.77911 1.90841 2.33343 2.97698 2.99444 2.20206 1.01175 0.14753 0.00000 0.00000 0.00000 0.09248 0.18766 0.78264
0.00000 0.00000 0.00000 0.00000 0.00000 0.00000 0.00000 0.00000 0.94874 3.03818 5.10467 8.56635 13.38847 16.57025 20.77084 28.27258 42.28425 39.93150 27.38097 27.80801 25.40765 23.74957 25.44114 31.55536 30.47870 28.31660 24.51292 19.49220 14.03537 9.47831 5.13502 2.07470 0.52270 1.00495 2.69117 6.56636 5.46261 15.21153 21.35753 12.53557 12.40130 24.72169 24.71203 13.47233 10.08172 10.09013 5.61556 2.75384 2.43643 2.26266 2.22146 1.62321 0.64006 0.03586 0.00000 0.00000 0.02464 0.05462 0.11210 0.15364
0.00000 0.00000 0.00000 0.00000 0.05845 0.53189 0.67870 1.43917 4.47971 6.72099 7.96397 8.16498 7.13597 11.22011 20.33367 27.12041 45.20833 44.98730 28.84733 22.69768 22.17112 26.26109 25.19621 28.86777 30.48883 26.66742 18.72748 12.62204 10.47313 7.79850 3.38825 0.88302 0.00000 0.27291 2.09990 6.64091 4.55978 8.35573 15.35202 15.19268 18.18667 26.61759 39.44867 31.71222 30.61139 28.38984 17.37857 6.09930 3.25651 2.24973 1.60457 1.41888 0.46664 0.00000 0.00000 0.00000 0.00000 0.00000 0.00000 0.00000
0.00000 0.00000 0.00000 0.11515 1.17807 4.52878 6.38952 7.32805 9.28123 11.03833 11.39337 9.45700 5.17333 7.14968 14.32364 18.11867 24.23555 29.29048 24.41110 17.20546 14.86187 20.69259 20.13086 23.94069 25.22147 20.29426 16.18770 14.62191 13.30766 7.67747 1.97261 0.00000 0.00000 0.21161 2.14603 5.46308 4.48344 6.16783 10.96188 13.20675 15.92949 -99999.00000 -99999.00000 89.38847 73.67329 48.18431 30.12135 11.23031 4.19541 3.66359 2.37566 0.61162 0.12721 0.00000 0.00000 0.00000 0.00000 0.00000 0.00000 0.00000
0.00000 0.00000 0.00000 0.38742 4.18129 12.39346 15.82064 13.69473 13.04367 17.98933 23.04665 19.97278 12.79679 8.14090 7.16119 8.28574 15.63840 20.03517 17.73565 12.29073 7.64858 11.38357 14.58970 24.14286 23.15697 15.42390 11.33817 13.55024 11.80157 5.56684 0.80135 0.00000 0.09809 0.24056 1.56377 -99999.00000 -99999.00000 -99999.00000 -99999.00000 -99999.00000 -99999.00000 -99999.00000 -99999.00000 71.83080 49.94455 29.90596 21.19471 11.40370 5.31361 4.74286 3.44601 0.89202 0.00000 0.00000 0.00000 0.00000 0.00000 0.00000 0.00000 0.00000
0.00000 0.00000 0.00000 1.04273 -99999.00000 16.84224 18.52413 15.19894 13.51627 23.20198 33.46435 30.25099 19.95347 7.89328 2.61002 3.90447 13.30219 21.21297 16.46657 13.06105 11.18177 11.22287 14.03577 19.66157 16.61648 8.00651 4.51172 4.85149 3.58496 1.43467 0.00000 0.00000 0.24817 0.80296 -99999.00000 -99999.00000 -99999.00000 -99999.00000 -99999.00000 -99999.00000 -99999.00000 -99999.00000 -99999.00000 -99999.00000 9.41192 6.85899 7.74140 7.08420 5.70015 4.60784 2.96966 0.48520 0.00000 0.00000 0.00000 0.00000 0.00000 0.00000 0.00000 0.00000
-99999.00000 -99999.00000 -99999.00000 -99999.00000 -99999.00000 12.66352 16.65249 9.43457 13.86060 28.34780 43.50514 35.74493 23.42550 10.98408 3.85795 3.15431 7.19444 11.86592 8.72486 8.75058 10.48212 11.36247 12.72529 12.10900 8.08934 2.50762 0.52331 0.74020 0.14627 0.03102 0.05207 0.13634 0.52734 1.62721 -99999.00000 -99999.00000 -99999.00000 -99999.00000 -99999.00000 -99999.00000 -99999.00000 -99999.00000 -99999.00000 -99999.00000 -99999.00000 2.33254 3.13037 4.15156 4.65563 3.74571 1.34415 0.06862 0.00000 0.00000 0.00000 0.00000 0.00000 0.00000 0.00000 0.00000
