DATA/RAW-RASTER/CPC/2017/20170731.asc
ncols			60
nrows			40
xllcorner		70.0
yllcorner		20.0
cellsize		0.5
NODATA_value	-99999
0.00000 0.00000 0.00000 0.00000 0.00000 0.00000 0.00000 0.00000 0.00000 0.00000 0.00000 0.00000 0.00000 0.00000 0.00000 0.00000 0.00000 0.00000 0.00000 0.00000 0.00000 0.00000 0.00000 0.02838 0.07087 0.14372 0.22763 0.27861 0.25738 2.64114 4.50037 6.00418 7.50261 8.95253 10.58499 12.58073 14.42684 15.20393 14.44544 11.60847 7.33495 3.78431 1.90210 1.05357 0.73456 1.04282 1.66194 2.64651 3.75416 4.60111 4.87250 4.66540 4.28503 4.19146 4.13416 3.69181 2.66912 2.25899 2.35178 2.56007
0.00000 0.00000 0.00000 0.00000 0.00000 0.00000 0.00000 0.00000 0.00000 0.00000 0.00000 0.00000 0.00000 0.00000 0.00000 0.00000 0.00000 0.00000 0.00000 0.00000 0.00000 0.00000 0.00000 0.02307 0.05023 0.09789 0.16150 0.39377 1.92944 6.57432 9.09394 11.46635 13.86690 16.27604 18.59737 20.29444 20.94152 20.10716 17.28040 11.56730 5.75220 2.39482 1.10497 0.54601 0.25750 0.29919 0.44976 1.04205 2.34565 3.86801 5.13663 5.91722 6.80060 8.47338 9.64946 9.07349 7.83934 5.74392 3.97110 3.30262
0.00000 0.00000 0.00000 0.00000 0.00000 0.00000 0.00000 0.00000 0.00000 0.00000 0.00000 0.00000 0.00000 0.00000 0.00000 0.00000 0.00000 0.00000 0.00000 0.00000 0.00000 0.00000 0.00000 0.00000 0.03087 0.06242 0.27640 2.47724 6.68607 10.83321 13.58117 15.93476 18.02233 19.82966 21.10697 22.12547 23.67138 23.88072 19.62479 10.17399 3.22976 0.88970 0.34195 0.17143 0.08852 0.09510 0.12027 0.49939 1.69646 4.20122 6.75514 8.76150 12.79373 20.80968 26.14958 22.61516 16.67595 13.21441 9.41144 5.92423
0.00000 0.00000 0.00000 0.00000 0.00000 0.00000 0.00000 0.00000 0.00000 0.00000 0.00000 0.00000 0.00000 0.00000 0.00000 0.00000 0.00000 0.00000 0.00000 0.00000 0.00000 0.00000 0.00000 0.00000 0.00000 0.02709 0.75666 3.62745 9.24651 14.16510 16.62583 18.37848 19.86328 21.63708 23.31427 24.84312 25.47091 23.39296 16.03350 6.18444 1.34210 0.19719 0.05696 0.07280 0.18380 0.43007 0.70251 1.45069 3.08375 5.92372 8.09287 10.52191 17.47475 32.34474 46.22470 47.62382 34.20785 22.39903 13.62628 9.19997
0.00000 0.00000 0.00000 0.00000 0.00000 0.00000 0.00000 0.00000 0.00000 0.00000 0.00000 0.00000 0.00000 0.00000 0.00000 0.00000 0.00000 0.00000 0.00000 0.00000 0.00000 0.00000 0.00000 0.00000 0.00000 0.00000 0.53885 3.56299 9.67921 15.91966 19.08891 20.79600 23.25946 24.65981 25.17110 25.06161 23.88864 19.79760 11.94413 4.41511 1.21946 0.29412 0.08503 0.19978 0.71575 1.56119 2.76023 4.36408 5.91519 7.19410 8.04598 10.83386 20.41927 37.42163 50.77961 53.26566 43.33513 26.22970 13.81142 8.75765
0.00000 0.00000 0.00000 0.00000 0.00000 0.00000 0.00000 0.00000 0.00000 0.00000 0.00000 0.00000 0.00000 0.00000 0.00000 0.00000 0.00000 0.00000 0.00000 0.00000 0.00000 0.00000 0.00000 0.00000 0.00000 0.00000 0.58473 2.85719 8.98747 17.24277 22.08552 24.03959 24.57129 24.52852 24.20205 23.25146 20.99531 16.10261 9.33182 4.01010 1.46712 0.53115 0.25725 0.68357 1.78357 3.65858 6.18205 8.69921 10.39675 10.75493 10.81961 12.86042 20.00220 27.49507 34.94387 36.79337 32.88573 21.59305 11.68206 7.32868
0.00000 0.00000 0.00000 0.00000 0.00000 0.00000 0.00000 0.00000 0.00000 0.00000 0.00000 0.00000 0.00000 0.00000 0.00000 0.00000 0.00000 0.00000 0.00000 0.00000 0.00000 0.00000 0.00000 0.00000 0.00000 0.00000 0.43705 2.26530 8.06956 16.99134 22.63964 24.08710 24.29514 23.72725 22.69483 21.02901 17.93927 13.07011 7.70604 3.74014 1.63720 0.45494 0.09593 1.46770 2.91313 5.07059 8.11873 11.47505 13.95199 14.72583 14.05284 14.02444 15.43591 17.86542 20.28777 18.28561 14.76959 12.81212 10.11556 7.30298
0.00000 0.00000 0.00000 0.00000 0.00000 0.00000 0.00000 0.00000 0.00000 0.03694 0.11521 0.15400 0.04923 0.00000 0.00000 0.00000 0.00000 0.00000 0.00000 0.00000 0.00000 0.00000 0.00000 0.02093 0.03277 0.04802 0.20751 1.68491 6.04137 14.30474 21.09119 23.31373 23.45118 22.46716 20.67840 18.27956 14.71471 10.45364 6.18607 3.21098 1.69745 0.68219 1.27840 2.34272 2.94259 4.50178 7.83016 12.20444 15.97981 17.52659 17.32022 16.24422 14.44364 12.54723 11.29734 8.97476 9.27983 10.85368 9.09184 7.51623
0.00000 0.00000 0.00000 0.00000 0.00000 0.00000 0.00000 0.00000 0.08674 0.19196 0.35059 0.53323 0.62895 0.53719 0.30295 0.03538 0.00000 0.04414 0.05002 0.05194 0.05812 0.07120 0.09195 0.12032 0.15556 0.19562 0.38285 1.39060 4.36926 11.14466 18.61123 21.89663 21.98975 20.37729 17.82828 14.60752 11.30846 7.87390 4.66687 2.73435 1.61742 1.37783 1.63670 1.73290 1.74398 2.35475 4.97430 12.16985 18.36821 21.29593 22.46630 21.44733 18.55725 16.52011 14.32129 11.45386 11.45779 11.83296 11.10612 9.48560
0.00000 0.00000 0.00000 0.00000 0.00000 0.00000 0.04752 0.12694 0.19003 0.37417 0.53592 0.66205 0.85414 1.05218 1.07776 0.28443 0.15783 0.39283 0.44737 0.44891 0.46772 0.52307 0.57331 0.61297 0.67104 0.73267 0.96878 1.61890 3.50706 8.32018 16.49734 21.93392 21.30541 17.16103 13.32341 10.57693 9.19688 5.08798 2.70068 1.63251 1.38743 1.48396 1.47306 1.27409 0.94093 0.58017 1.20779 6.04141 17.47207 27.01778 29.74985 29.42255 25.89709 21.49337 17.09424 14.64680 14.16824 13.73211 13.43018 10.60745
0.00000 0.00000 0.00000 0.00000 0.00000 0.29845 0.67739 0.93844 0.64135 0.84645 1.28119 0.98233 0.95317 1.04406 1.14202 1.27958 2.06895 2.63072 2.90151 3.12826 3.18976 3.08605 2.89680 2.39013 2.13447 2.44925 2.80945 3.25102 4.61412 8.04936 13.72169 17.36387 16.24963 14.77966 11.15474 5.75820 2.85618 2.06430 1.81079 1.69510 1.65877 1.71549 1.74639 1.61143 1.44653 1.16409 1.44065 4.17087 11.65583 20.78881 25.87890 26.51499 24.78874 20.76825 16.59826 14.12033 13.38327 13.74092 12.78794 10.28510
0.00000 0.00000 0.00000 0.00000 0.19133 2.37852 4.54407 3.07395 1.03389 1.04153 2.79801 2.06885 1.26135 1.02165 0.99042 1.26476 2.77407 4.75040 5.57731 5.87300 5.78731 5.80519 5.72443 5.44167 4.78101 4.59202 4.57596 4.57369 4.64012 4.64419 5.33233 7.96977 7.04802 6.27125 5.26616 3.92259 3.70236 3.35795 2.95427 2.54482 2.30630 2.11293 2.00391 1.94160 1.91995 1.89555 2.41029 5.15031 11.43431 18.01348 22.65646 24.61538 23.41542 19.15356 15.43945 13.76181 12.40172 10.16971 7.31273 6.19240
0.00000 0.00000 0.00000 0.23207 0.96433 2.64807 7.55635 6.75872 4.93085 4.89256 5.95618 3.78003 1.77412 0.95852 0.93835 1.48280 3.00315 4.53302 5.65529 5.98082 5.80251 6.05747 6.10294 5.91785 5.66236 5.39184 5.56457 5.61947 5.30609 5.17648 4.69983 4.36010 4.18667 4.23106 4.53847 4.72574 4.69416 4.80728 4.74877 3.92439 3.19528 2.69818 2.45970 2.35225 2.20807 2.47310 3.38718 5.45959 9.36991 13.31249 16.62011 18.57730 17.07745 12.46096 9.32100 8.74800 8.16554 6.29159 4.39248 3.70105
0.00000 0.00000 0.00000 0.23691 0.72656 1.47852 3.43705 6.63999 9.77872 12.35689 7.09719 3.71628 2.47409 1.80968 2.09543 2.85536 4.39437 5.33813 5.74031 5.91631 6.06372 6.07439 6.22547 6.02222 5.81935 5.78080 6.18687 5.95884 5.96662 5.60460 5.07255 4.80959 4.82059 4.92543 5.05214 5.35130 5.53341 5.66694 5.51226 5.09028 4.46883 3.81421 3.56661 3.39777 3.64989 4.37882 5.68603 6.84655 6.66815 5.91656 5.93272 8.04274 8.14738 5.65259 4.34027 4.35470 4.49453 4.02421 3.34041 2.92589
0.00000 0.00000 0.00000 0.00000 0.21337 1.02308 2.65369 5.35709 11.78200 15.26704 11.46665 5.71133 3.40508 3.11533 4.18983 4.71618 5.64566 5.22354 5.56519 5.96412 6.54645 6.31751 6.20648 5.95790 5.74932 5.77727 6.00426 5.96190 5.54969 5.16374 4.83905 4.91010 5.00836 5.03258 5.34265 5.58178 5.92265 6.12816 6.21968 6.09425 5.70281 4.74084 4.04303 4.18744 5.71539 8.15469 10.42863 10.50691 8.03333 3.75705 1.37315 2.41581 3.58456 3.36058 2.97203 2.80631 2.21652 1.75987 1.53237 1.21220
0.00000 0.00000 0.00000 0.00000 0.00000 0.20392 1.46272 4.49353 8.23700 9.83813 8.17896 4.34146 2.10523 5.35734 8.95124 12.57872 6.25783 4.03513 5.24363 6.00470 6.20308 6.12582 6.11675 6.05162 6.16535 6.13958 5.94447 5.18932 4.73217 4.46023 4.86048 5.20787 5.14813 5.25805 5.78080 5.92527 6.00753 6.06274 6.26232 6.32218 6.07815 5.06086 3.77061 3.36798 4.89979 8.97733 13.86063 15.46247 12.63394 6.42452 2.36376 1.52252 1.87851 2.01493 1.80735 1.31069 0.72923 0.38674 0.35915 0.20694
0.00000 0.00000 0.00000 0.00000 0.00000 0.15329 1.16386 2.41548 2.06762 1.78605 1.51220 0.73364 3.22203 12.58474 16.37706 23.11557 8.89762 3.41494 3.95162 5.37113 5.98581 6.05926 5.67188 5.49452 5.47890 5.23985 5.09677 4.40927 4.00051 4.40470 5.39858 6.03576 5.37418 5.03367 5.03904 5.20995 5.44925 5.53371 5.89760 6.17413 6.21766 5.31923 3.46447 2.49752 3.21862 7.06152 13.67805 15.67742 13.24190 7.17553 2.23048 0.72486 0.64318 0.61311 0.49675 0.33514 0.11772 0.00000 0.00000 0.00000
0.00000 0.00000 0.00000 0.00000 0.00000 0.73189 2.40775 4.76733 4.15516 1.67877 0.00000 0.06356 2.79402 17.79576 32.51806 25.58248 12.18724 5.14464 3.79874 3.81117 4.31057 4.74742 4.40677 4.03263 3.84898 3.82044 3.99974 3.45983 3.21022 4.17004 5.62113 6.33289 6.40592 5.72334 5.33182 5.41669 5.50995 5.33730 5.83724 6.19766 6.13819 5.29673 3.43502 2.22170 2.59149 5.70962 10.96498 12.65129 9.90340 5.28366 1.39067 0.20228 0.13587 0.09605 0.05442 0.03981 0.00000 0.00000 0.00000 0.00000
0.00000 0.00000 0.00000 0.00000 0.22164 2.72881 7.08870 12.71480 14.90825 11.31299 1.50534 0.00000 0.10225 5.95900 22.74459 21.76685 19.12429 13.69766 7.24032 4.07856 2.28751 2.30035 2.62658 2.96509 3.57898 3.97221 3.89945 3.54579 3.05967 3.92460 5.93909 7.54747 7.97527 7.09051 6.10216 5.80358 5.41833 5.34874 5.74404 5.92154 5.64514 4.70035 3.25199 2.59019 2.98748 4.81875 7.17408 7.86971 5.97413 3.13229 1.11387 0.34833 0.04133 0.00000 0.00000 0.00000 0.00000 0.00000 0.00000 0.00000
0.00000 0.00000 0.00000 0.02123 0.51071 1.78296 6.33420 21.05743 27.91269 24.62079 14.04406 5.66560 1.72663 3.14262 8.87527 11.48232 13.44306 12.03129 9.08973 5.39103 2.03900 1.44565 2.07163 3.23359 4.03377 4.68773 4.53550 3.42280 2.57915 3.79225 6.53042 10.04917 11.46152 10.28278 8.55916 7.10269 6.04778 5.51296 5.54308 5.02053 3.94018 2.29116 1.34041 1.49343 2.18380 2.97107 3.27301 2.67847 1.89948 1.31496 1.04979 0.85546 0.49919 0.03240 0.00000 0.00000 0.00000 0.00000 0.00000 0.00000
0.00000 0.00000 0.00000 0.00000 0.36923 1.48562 5.21220 20.29772 28.59277 28.76836 23.46404 17.04538 13.30350 11.16016 10.02186 6.44276 4.29467 4.79083 4.06175 3.42441 2.14728 2.01433 3.46482 5.70028 5.75844 4.74941 3.87583 2.88982 2.10679 3.05365 5.93980 10.51046 13.54640 14.35503 12.40823 8.57000 5.78063 4.38554 3.80873 3.22937 1.85464 0.59505 0.19688 0.40783 0.95834 1.27860 1.17981 0.73753 0.39910 0.48467 1.31934 2.10381 2.01932 1.20877 0.33265 0.00000 0.00000 0.00000 0.00000 0.00000
0.00000 0.00000 0.00000 0.00000 0.18513 2.47688 6.97494 13.63968 22.03821 25.22334 25.31241 26.18132 25.51657 23.63659 16.26668 6.24224 3.19852 1.70219 2.36947 2.49396 3.41269 3.23599 4.30085 6.08106 9.31575 8.97095 4.28584 1.86994 0.96978 1.08744 3.70388 8.00027 12.82797 14.60490 13.90251 9.37933 5.22196 3.36279 2.64416 2.07873 1.12239 0.36513 0.16574 0.28929 0.49591 0.74074 0.77747 0.91056 0.95988 2.58015 4.44008 5.90623 6.28620 4.75801 1.96779 0.55092 0.24965 0.21103 0.12304 0.00000
0.00000 0.00000 0.00000 0.00000 0.00000 1.91978 5.19991 10.98988 20.90932 26.40591 23.70252 22.76023 29.08320 30.87850 29.12477 15.25340 7.44084 5.51631 6.03120 6.57978 6.71900 4.56030 2.65956 3.32712 7.86475 8.26520 4.24702 1.23621 0.13676 0.12882 2.13561 5.59393 10.51727 14.21950 15.07311 10.35341 5.58521 3.00051 1.97092 1.48122 1.03300 0.56291 0.44705 0.57413 0.59687 0.70795 1.07864 2.14681 6.56808 17.46078 24.63025 26.12985 13.21501 8.40027 3.54298 1.17296 0.58267 0.52302 0.52406 0.24233
0.00000 0.00000 0.00000 0.00000 0.00000 0.44725 1.76166 7.11710 19.88433 32.80271 25.58006 19.72851 26.76796 25.30470 25.37494 16.15741 7.09872 7.05178 10.63156 12.83230 10.34739 5.33111 1.86207 1.26379 3.04880 3.73320 2.48152 0.29001 0.00000 0.25232 1.19540 3.15196 6.87333 10.22266 10.23194 6.85918 3.00642 1.38993 0.97076 1.08340 1.27737 0.77977 0.99062 1.12708 0.93420 1.00262 3.16834 8.52523 18.93851 35.46278 55.18915 59.54949 37.74530 14.24005 5.75139 1.70795 0.78102 0.59548 0.64882 1.04517
0.00000 0.00000 0.00000 0.00000 0.00000 0.13247 0.84009 4.97123 14.50928 21.67835 19.04905 21.55255 21.39584 13.46280 11.83026 6.20850 2.22696 4.57922 8.26958 10.39756 7.30537 3.38747 0.50779 0.19494 0.53923 2.33311 2.60898 1.40478 0.14419 0.31605 0.86467 1.87898 3.87184 5.79496 4.64507 3.10052 1.64124 0.18563 0.64477 2.05376 2.53441 1.20265 2.05462 2.07016 3.31878 6.07941 9.68365 12.27800 15.14672 22.33449 33.60479 41.52064 40.64313 18.31754 7.37793 2.90128 1.19444 0.94059 1.00554 1.86878
0.00000 0.00000 0.00000 0.00000 0.07185 0.19580 1.26302 3.75253 7.06065 8.75062 8.80339 9.27986 7.14084 2.93045 3.61204 2.03966 1.34154 2.76307 4.19477 3.40987 1.23153 0.59687 0.07020 0.00000 0.16494 2.78032 2.67532 2.05773 0.55030 0.00000 0.40871 1.59994 3.07106 3.66151 2.95093 2.19359 0.78734 1.66210 5.14784 7.56664 6.51061 4.08286 3.75316 6.01192 15.07642 16.09288 16.64574 18.52140 14.81652 14.41452 13.15289 19.67763 23.82085 19.76058 8.97634 3.50871 1.42414 1.25658 1.65777 2.94470
0.00000 0.00000 0.00000 0.00000 0.08440 0.27713 0.68366 1.60817 2.24063 2.73110 2.79911 1.75175 1.72787 0.91835 1.16716 1.91080 2.58174 2.76067 2.15520 1.45825 0.73948 0.20030 0.53166 0.96121 4.85106 5.79228 2.85729 1.93061 0.57497 0.00000 0.00000 0.73523 1.64628 1.88238 1.84805 2.01181 1.61963 8.52301 20.13078 19.59156 10.44282 5.34728 0.82788 3.99782 16.78615 10.07117 10.96181 21.73536 34.55080 29.78413 22.31423 20.41350 20.77712 13.68906 5.47929 1.50803 0.78248 1.12211 1.73919 2.78745
0.00000 0.00000 0.00000 0.00000 0.06439 0.15397 0.22920 0.35933 0.50188 0.57156 0.60502 0.46738 0.52473 1.19170 1.80006 2.92531 4.28693 2.59882 1.10258 1.45160 1.87124 0.97384 2.50194 8.04536 16.60143 16.93136 10.31598 3.86862 0.36969 0.00000 0.00000 0.03955 0.41627 1.12659 2.07680 2.77911 5.18351 16.72944 27.76224 19.95270 6.66594 3.72134 0.24662 0.39079 2.57950 1.89191 4.41523 10.76179 22.75104 28.32918 26.92822 23.07698 13.35569 5.21646 1.75458 0.00000 0.27789 0.49546 0.84384 1.38918
0.00000 0.00000 0.00000 0.00000 0.00000 0.07553 0.09978 0.08276 0.03945 0.04083 0.00000 0.00000 0.40661 2.44018 1.89567 1.45699 1.55157 0.75456 0.29477 1.24408 2.11599 1.18068 3.51435 12.31962 25.37121 31.41714 16.62501 3.50147 0.32730 0.36224 0.10478 0.00000 1.55428 4.05334 8.25707 8.77928 6.38080 11.82653 12.62870 7.76128 3.08741 2.34406 0.57924 0.69083 2.17430 0.58962 1.22192 5.88928 12.34140 15.22335 17.75898 12.74784 5.02101 2.26888 0.32205 0.00000 0.00000 0.08394 0.18075 0.32929
0.00000 0.00000 0.00000 0.00000 0.00000 0.00000 0.00000 0.00000 0.00000 0.00000 0.00000 0.00000 0.40446 1.83619 1.12425 0.13468 0.08573 0.00000 0.00000 0.17410 0.27553 0.22471 0.30602 7.97793 19.59966 23.38463 6.70791 1.60376 2.73597 4.17976 3.87425 3.58608 4.44454 7.34032 14.00293 13.34176 4.57208 4.12663 7.41109 6.31521 3.20531 1.83544 6.86494 13.31508 22.04487 14.38460 4.93239 4.47564 5.55723 6.90843 8.28331 5.74674 2.93089 1.15993 0.14483 0.00000 0.00000 0.00000 0.00000 0.03477
0.00000 0.00000 0.16224 0.24173 0.23906 0.11642 0.00000 0.00000 0.00000 0.00000 0.00000 0.00000 0.21209 0.80895 0.75046 0.32806 0.00000 0.00000 0.00000 0.00000 0.11042 0.23612 0.14519 2.51858 7.18413 8.92166 3.72994 2.39946 5.39761 10.06960 11.01871 9.06966 8.99942 11.78620 16.49312 19.39919 17.14920 11.03668 9.34888 6.00563 1.68897 2.02922 12.44394 31.96001 38.43925 43.19849 20.17942 4.43000 2.53862 3.87987 5.06216 3.98082 1.96847 1.03979 0.81435 0.62239 0.10469 0.00000 0.00000 0.09914
0.00000 0.19185 0.91613 0.96602 1.06169 1.21599 0.19449 0.10147 0.00000 0.07308 0.20368 0.15509 0.00000 0.04295 0.32537 0.26721 0.00000 0.00000 0.00000 0.03628 0.90930 1.40721 1.11483 0.76669 1.38840 2.28992 1.22738 1.16212 4.41082 12.45506 16.86638 16.75949 16.08338 20.19234 26.81142 36.88521 47.99722 19.90443 8.27486 3.05550 0.26080 0.61807 3.50226 9.44851 21.44647 24.87469 12.07757 5.64810 2.72863 2.43901 2.51722 1.99859 1.49233 1.14205 1.11048 1.80410 1.25663 0.27955 0.00000 0.27798
0.03602 0.05359 1.75753 3.12905 5.29750 6.58619 3.91829 2.08103 1.01933 0.82304 0.77651 0.75863 0.49248 0.10332 0.02679 0.12371 0.20718 0.00000 0.00000 0.31676 2.24374 4.66986 3.72427 2.05590 0.85119 1.75393 1.73335 2.32590 7.08581 19.92536 29.43121 24.43076 15.70624 23.77833 26.32012 20.03841 27.96404 11.52655 3.82564 0.94505 0.93740 1.47196 1.12367 3.66699 6.96287 4.56597 3.75873 2.72519 1.60342 1.15136 0.92319 0.91929 1.22256 1.26597 1.51747 1.71811 1.37331 0.19750 0.00000 0.43813
0.16204 0.96973 2.50096 4.54747 9.90437 15.28128 10.12953 5.03010 2.28010 0.97677 0.82326 0.81272 0.89293 0.80184 1.13520 2.31981 1.94952 0.14743 0.00000 0.06984 1.91194 4.72584 3.80825 2.18389 1.73174 2.23715 2.89831 4.97681 13.24497 28.41421 40.22070 29.72953 15.45227 27.61368 34.34132 21.48230 8.99107 0.34616 0.12564 0.33794 2.25257 3.50950 2.07890 4.42651 4.45811 2.04825 1.00503 0.66825 0.49789 0.47710 0.36427 0.39851 0.67799 0.94185 0.98636 0.84396 0.78069 0.00000 0.20472 1.63926
0.96753 2.58871 3.14753 4.48802 8.93009 7.28015 4.78845 3.64392 1.87926 0.70905 0.45151 0.10280 0.14204 1.45121 4.66217 8.50028 4.12802 0.61105 0.06534 0.13287 0.51260 1.69074 1.86411 1.31799 1.31907 2.09262 3.19898 5.39844 11.94902 23.53639 29.95820 26.85875 23.72491 26.06312 27.24782 14.01868 4.91407 1.41612 0.38663 0.06848 0.42293 2.57667 15.31309 19.28819 6.09512 2.99180 1.52371 0.50783 0.41297 0.29135 0.13988 0.22705 0.32257 0.44841 0.43975 0.30253 0.25967 0.31585 1.02090 2.25783
2.14128 4.40399 5.15211 9.81503 14.74049 9.86979 3.51947 2.73780 1.45376 0.47245 0.49399 0.32412 0.00000 1.09467 3.63002 3.99319 1.84506 0.08242 0.88434 2.42568 0.15904 0.10736 0.33495 0.89572 1.20763 1.86521 2.34860 2.90068 5.28050 10.43221 14.16277 14.97067 13.82742 12.83621 14.26670 6.63220 5.88954 6.06650 2.77600 0.65276 0.34129 3.82665 23.54247 22.45780 10.86050 8.61969 5.75159 1.71144 0.59214 0.47356 0.21987 0.19903 0.27621 0.27869 0.26589 0.31372 0.88559 2.21373 3.46704 6.25460
1.84340 2.77590 4.37000 15.52713 25.00453 18.03315 10.31740 5.92582 1.57430 0.46336 0.58638 0.58254 0.00000 0.10246 0.69446 0.44933 0.12447 0.00000 0.65685 1.41439 0.03211 0.00000 0.05581 0.72451 1.23908 1.55893 2.32921 1.85995 3.66102 5.84473 4.70657 4.64647 5.27263 3.12175 3.00606 1.82193 4.21236 6.00968 3.94653 1.80195 1.92822 -99999.00000 -99999.00000 15.62628 17.63072 18.11931 14.53536 5.59032 1.33643 1.06731 0.99990 0.61295 0.37735 0.31433 0.26903 0.27281 1.89632 5.09714 8.04712 12.25628
1.87395 2.66813 6.79305 18.79771 22.62085 17.00346 15.25309 9.01370 2.00722 0.17371 0.05331 0.04873 0.00000 0.00000 0.00000 0.00000 0.00000 0.00000 0.00000 0.00000 0.00000 0.00000 0.07205 0.92366 1.80882 3.53615 4.82558 6.10439 10.43797 14.58311 11.22671 6.68214 6.64562 6.15816 4.60021 -99999.00000 -99999.00000 -99999.00000 -99999.00000 -99999.00000 -99999.00000 -99999.00000 -99999.00000 28.22334 30.62384 25.69615 20.35982 11.29968 3.75597 1.80715 1.55600 0.99676 0.50910 0.45070 0.48921 0.88993 3.41933 7.12030 10.35852 13.59901
1.95350 2.66001 7.04806 18.53989 -99999.00000 27.01996 23.62407 10.59386 1.31203 0.14080 0.00000 0.00000 0.00000 0.00000 0.00000 0.00000 0.00000 0.00000 0.00000 0.00000 0.00000 0.00000 0.00000 1.04967 2.70624 5.19810 8.27937 16.09135 23.43497 22.27984 18.58444 10.43137 9.53981 14.05013 -99999.00000 -99999.00000 -99999.00000 -99999.00000 -99999.00000 -99999.00000 -99999.00000 -99999.00000 -99999.00000 -99999.00000 28.67146 23.19300 18.66530 14.32562 8.39320 3.45182 1.73888 0.89580 0.54521 0.76553 1.36602 1.97186 3.03640 5.14934 8.15272 12.65443
-99999.00000 -99999.00000 -99999.00000 -99999.00000 -99999.00000 20.15909 20.72979 7.40055 1.40251 0.29810 0.00000 0.00000 0.00000 0.00000 0.00000 0.00000 0.00000 0.00000 0.00000 0.00000 0.00000 0.00000 0.00000 0.87929 2.94456 4.33258 7.15569 16.44870 22.16092 19.54089 17.76841 18.37671 12.51659 13.39267 -99999.00000 -99999.00000 -99999.00000 -99999.00000 -99999.00000 -99999.00000 -99999.00000 -99999.00000 -99999.00000 -99999.00000 -99999.00000 17.69601 16.33144 15.04667 12.03673 5.76776 1.89132 0.74978 0.73143 1.55983 2.15791 2.03703 1.89844 1.41374 3.20692 7.02969
