DATA/RAW-RASTER/CPC/2017/20170829.asc
ncols			60
nrows			40
xllcorner		70.0
yllcorner		20.0
cellsize		0.5
NODATA_value	-99999
0.00000 0.00000 0.00000 0.00000 0.00000 0.00000 0.00000 0.00000 0.03958 0.07918 0.03041 0.00000 0.00000 0.12078 0.35829 0.38562 0.21668 0.15049 0.30014 0.34936 0.23086 0.10403 0.05725 0.07189 0.14987 0.28986 0.43645 0.50276 0.44634 0.27431 0.11308 0.02996 0.00000 0.00000 0.00000 0.00000 0.00000 0.00000 0.00000 0.00000 0.00000 0.00000 0.00000 0.00000 0.00000 0.00000 0.00000 0.00000 0.00000 0.00000 0.00000 0.00000 0.00000 0.00000 0.00000 0.00000 0.00000 0.00000 0.00000 0.00000
0.00000 0.00000 0.00000 0.00000 0.00000 0.00000 0.00000 0.06933 0.23144 0.31563 0.15928 0.03783 0.00000 0.02213 0.04659 0.04881 0.03764 0.04307 0.07634 0.10347 0.09717 0.06224 0.03424 0.04680 0.09720 0.17496 0.26866 0.34320 0.32947 0.19608 0.07686 0.02474 0.00000 0.00000 0.00000 0.00000 0.00000 0.00000 0.00000 0.00000 0.00000 0.00000 0.00000 0.00000 0.00000 0.00000 0.00000 0.00000 0.00000 0.00000 0.00000 0.00000 0.02090 0.11639 0.26522 0.23585 0.16762 0.07132 0.00000 0.00000
0.00000 0.00000 0.00000 0.00000 0.00000 0.00000 0.05909 0.18288 0.54546 0.73884 0.54597 0.20400 0.05171 0.00000 0.00000 0.00000 0.00000 0.00000 0.00000 0.00000 0.00000 0.00000 0.00000 0.00000 0.05443 0.10560 0.17471 0.24069 0.22700 0.11116 0.04726 0.00000 0.00000 0.00000 0.00000 0.00000 0.00000 0.00000 0.00000 0.00000 0.00000 0.00000 0.00000 0.00000 0.00000 0.00000 0.00000 0.00000 0.00000 0.00000 0.00000 0.09318 0.37426 0.89362 1.29403 1.16238 0.79424 0.54094 0.31116 0.13410
0.00000 0.00000 0.00000 0.00000 0.00000 0.05501 0.23842 0.66728 1.18732 1.20569 0.90848 0.43738 0.13430 0.00000 0.00000 0.00000 0.00000 0.00000 0.00000 0.00000 0.00000 0.00000 0.00000 0.00000 0.00000 0.04736 0.09562 0.13850 0.10036 0.00000 0.02188 0.00000 0.00000 0.00000 0.00000 0.00000 0.00000 0.00000 0.00000 0.00000 0.00000 0.00000 0.00000 0.00000 0.00000 0.00000 0.00000 0.00000 0.00000 0.00000 0.02765 0.15382 0.61286 1.64705 2.66137 2.86753 2.10795 1.37195 0.85831 0.60873
0.00000 0.00000 0.00000 0.00000 0.00000 0.10864 0.37171 0.77927 1.17175 1.51045 1.10044 0.55326 0.18777 0.04164 0.00000 0.00000 0.00000 0.00000 0.00000 0.00000 0.00000 0.00000 0.00000 0.00000 0.00000 0.00000 0.03491 0.06067 0.00000 0.00000 0.00000 0.00000 0.00000 0.00000 0.00000 0.00000 0.00000 0.00000 0.00000 0.00000 0.00000 0.00000 0.00000 0.00000 0.00000 0.00000 0.00000 0.00000 0.00000 0.00000 0.02539 0.17578 0.82927 2.10257 3.10029 3.27756 2.75978 1.79902 1.13774 0.96082
0.00000 0.00000 0.00000 0.00000 0.00000 0.10532 0.33176 0.61846 0.86162 1.32498 1.21473 0.65749 0.23648 0.05669 0.00000 0.00000 0.00000 0.00000 0.00000 0.00000 0.00000 0.00000 0.00000 0.00000 0.00000 0.00000 0.00000 0.00000 0.00000 0.00000 0.00000 0.00000 0.00000 0.00000 0.00000 0.00000 0.00000 0.00000 0.00000 0.00000 0.00000 0.00000 0.00000 0.00000 0.00000 0.00000 0.00000 0.00000 0.00000 0.02135 0.06699 0.25827 0.86794 1.63745 2.22779 2.28544 1.99376 1.40473 1.01843 0.96020
0.00000 0.00000 0.00000 0.00000 0.00000 0.00000 0.15036 0.41117 0.64210 1.05169 1.15063 0.70918 0.28597 0.08603 0.00000 0.00000 0.00000 0.00000 0.00000 0.00000 0.00000 0.00000 0.00000 0.00000 0.00000 0.00000 0.00000 0.00000 0.00000 0.00000 0.00000 0.00000 0.00000 0.00000 0.00000 0.02331 0.00000 0.06507 0.12058 0.15643 0.17763 0.26273 0.35710 0.25549 0.09155 0.02603 0.00000 0.00000 0.00000 0.00000 0.04781 0.19783 0.56470 0.97011 1.14096 0.91050 0.62661 0.62221 0.77077 1.00060
0.00000 0.00000 0.00000 0.00000 0.00000 0.00000 0.00000 0.11133 0.39348 0.56835 0.80260 0.66270 0.30171 0.04277 0.00000 0.00000 0.00000 0.00000 0.00000 0.00000 0.00000 0.00000 0.00000 0.00000 0.00000 0.00000 0.00000 0.00000 0.00000 0.00000 0.00000 0.00000 0.00000 0.05376 0.08720 0.14390 0.24040 0.39953 0.59451 0.87379 1.29344 1.70580 1.98611 1.70960 0.91480 0.36914 0.12472 0.04387 0.00000 0.00000 0.02298 0.13062 0.33278 0.48031 0.43148 0.20745 0.10413 0.25613 0.47261 0.91935
0.00000 0.00000 0.00000 0.00000 0.00000 0.00000 0.00000 0.12984 0.24349 0.22994 0.54273 0.68876 0.72412 0.62066 0.21321 0.02542 0.00000 0.00000 0.00000 0.00000 0.00000 0.00000 0.00000 0.00000 0.00000 0.00000 0.00000 0.00000 0.00000 0.00000 0.00000 0.03358 0.11377 0.25889 0.34526 0.51962 0.92550 1.63799 2.53172 3.70173 4.84809 5.64702 5.48522 4.07354 2.15709 0.80743 0.25861 0.21595 0.14831 0.04267 0.00000 0.06613 0.14496 0.31268 0.38011 0.24559 0.21039 0.28514 0.45357 0.80759
0.00000 0.00000 0.00000 0.00000 0.00000 0.00000 0.24782 0.32666 0.23670 0.29821 0.54527 0.74006 1.04066 1.27890 1.31414 0.87195 0.21506 0.03976 0.02245 0.00000 0.00000 0.00000 0.00000 0.00000 0.00000 0.00000 0.00000 0.00000 0.03207 0.22997 0.56357 0.98827 1.22188 1.20850 1.47361 1.97386 3.90201 5.39800 6.60072 7.92501 8.82659 9.31612 8.88548 7.22985 4.60648 1.79462 0.61769 0.84448 0.90759 0.64197 0.35816 0.30437 0.50688 0.64302 0.58694 0.49092 0.46695 0.45189 0.52009 0.51182
0.00000 0.00000 0.00000 0.00000 0.00000 0.10747 1.33622 1.21824 0.33993 0.64399 1.04827 1.06441 1.26487 1.46333 1.60930 1.74907 1.12732 0.20786 0.10861 0.05511 0.02879 0.00000 0.00000 0.00000 0.00000 0.00000 0.00000 0.03975 0.28973 0.96957 2.42870 4.37387 5.20784 6.18504 6.70846 7.74841 9.25550 9.59085 10.31409 11.18725 11.85082 12.65482 12.77805 11.73723 10.37943 7.34841 4.42287 3.18611 2.34105 1.31024 0.67236 0.43375 0.61489 0.90028 0.89285 0.66658 0.54781 0.56051 0.55273 0.52479
0.00000 0.00000 0.00000 0.00000 0.00000 0.04527 0.69019 0.81724 0.35789 0.63570 2.07714 2.20766 1.80721 1.60899 1.50170 1.28028 0.96155 0.33800 0.16352 0.07212 0.03294 0.00000 0.00000 0.00000 0.00000 0.00000 0.05658 0.21179 0.71518 2.20259 4.96605 7.10397 8.17231 8.51567 9.13668 10.19870 10.96576 11.71169 12.78717 14.04214 15.17219 15.27952 15.08333 14.61557 14.54303 13.06400 10.08905 7.05923 4.10888 1.70296 0.71483 0.44082 0.85601 1.67755 2.02639 1.53349 1.03105 0.72938 0.48290 0.44986
0.00000 0.00000 0.00000 0.00000 0.00000 0.00000 0.00000 0.09736 1.83971 2.85544 5.39188 5.20691 2.93324 1.64335 1.32331 1.11111 0.88160 0.33407 0.13902 0.05086 0.00000 0.00000 0.00000 0.00000 0.02519 0.05565 0.12318 0.38262 1.14362 3.56027 6.62562 7.84690 8.77571 9.36999 10.40910 11.27630 11.66420 12.96982 14.90354 15.46241 16.60337 17.38573 17.44713 16.52840 15.31005 14.33281 12.37183 8.23276 4.51610 2.16310 1.23917 1.08851 1.94566 3.46658 4.06337 3.44312 2.29877 1.37500 0.78386 0.69450
0.00000 0.05949 0.21395 0.73906 0.96717 0.77387 0.48662 1.35229 3.85691 7.60464 9.06938 6.18672 3.90633 2.34880 1.96970 1.34235 0.94908 0.40108 0.11714 0.02998 0.00000 0.00000 0.00000 0.00000 0.05210 0.12576 0.26462 0.67234 1.91639 4.87506 8.00871 9.21972 9.98761 10.67184 11.48327 12.34152 12.76371 13.18079 13.48894 14.02234 15.16889 16.92577 17.41285 16.77467 15.92763 13.42326 9.95703 6.58323 3.79380 2.41041 2.04605 2.36809 3.76847 5.68623 6.06751 5.12065 4.00397 3.25397 3.12115 4.04681
0.00000 0.27615 0.95579 2.02445 3.05864 3.51048 2.77685 1.87689 2.96526 5.43423 7.12789 5.30198 3.32426 2.50409 2.93707 2.21317 1.44514 0.49231 0.11581 0.00000 0.00000 0.00000 0.00000 0.04587 0.12914 0.29827 0.59284 1.20780 2.62658 5.30225 8.00037 9.42109 10.26321 10.95808 12.15952 12.87333 13.40905 13.58968 13.66452 13.68502 13.80356 12.72416 11.34687 10.84024 10.60745 8.78700 6.27765 4.53803 3.53507 2.68070 2.30194 2.85909 4.32841 6.08640 6.46643 5.94718 4.89261 5.05632 6.95334 10.46476
0.16812 0.31370 1.10943 3.07086 4.72551 5.02849 4.53663 4.30597 3.83206 4.05971 4.76699 3.13008 1.23717 2.53126 5.68638 5.77313 1.81162 0.45894 0.15158 0.03525 0.00000 0.00000 0.04715 0.15879 0.40469 0.82197 1.44514 2.00006 3.38009 5.29532 7.55336 9.33104 10.26901 11.49704 13.28160 13.82938 13.88259 13.45595 13.30665 13.17451 12.84441 10.92432 7.98920 6.00632 5.39404 4.98844 4.48080 4.08118 3.85665 3.47045 3.27795 3.55612 4.18879 4.64762 4.82200 4.66105 4.54726 5.07907 7.67957 11.89458
0.61724 0.68850 1.77367 4.50003 6.14598 5.95604 4.88577 5.59942 6.36227 4.82241 3.91389 2.68970 1.60820 2.97122 3.49678 4.87524 1.69745 0.41511 0.24155 0.15204 0.10198 0.12660 0.25509 0.55974 1.12100 1.88170 2.81339 3.13870 3.74469 4.98409 6.97160 9.33970 10.02459 10.86516 11.64997 12.35557 12.93585 12.68203 12.65328 12.65709 12.63124 10.89061 6.98692 4.53607 3.96799 3.83687 3.94242 3.70758 3.73871 4.08871 4.66554 4.84407 3.85864 2.70585 2.43683 2.93814 3.67161 4.62800 6.33618 7.80769
2.29012 4.53637 7.42707 10.30606 9.90714 7.19273 5.43192 5.51015 6.25627 4.79700 3.73223 3.03140 2.45597 3.32631 3.52233 3.16685 1.62308 0.60750 0.46551 0.47627 0.52686 0.64565 0.91043 1.43910 2.15248 2.95261 3.81461 3.74958 3.30510 3.76573 5.17841 7.11783 9.62896 11.04292 11.79229 12.75487 13.29880 12.72252 12.90217 12.80449 12.45584 10.80027 6.97572 4.22584 3.65073 3.74045 3.72331 3.50826 3.41254 4.13241 4.81339 4.66148 3.18068 1.56384 1.16434 2.10038 3.80211 5.33319 6.32432 7.90944
5.83645 12.22483 17.59964 18.62548 14.79245 7.96358 4.26353 3.52136 3.72622 3.73182 3.32085 3.35526 2.99281 3.34475 4.10102 3.26243 2.39202 1.57200 1.60974 1.70822 1.21569 1.22857 1.60641 2.21835 3.18448 4.00526 4.37870 4.19078 3.26326 2.25209 2.83624 4.45510 6.88359 9.18871 10.85863 12.40710 12.60101 12.58099 12.68826 12.30753 11.61150 9.96093 7.08849 5.10031 4.12897 3.68137 3.11753 2.79037 2.66742 2.95598 3.13481 2.94261 2.41198 1.57733 1.37984 2.42143 4.87506 7.29217 8.01289 8.59180
7.28244 15.97569 22.33693 20.35906 13.51319 6.10408 2.34917 2.16036 2.38433 2.67943 2.32503 2.06861 1.70447 1.05971 1.85666 2.49423 2.19632 1.95804 4.75571 6.83254 3.03756 1.82270 2.29649 3.52503 4.65013 5.51271 5.28066 3.87134 2.79647 1.74325 1.09886 2.22285 3.64038 5.37752 7.66980 9.83257 10.49311 10.19080 10.19199 9.59606 8.54096 6.29968 4.65614 4.24798 3.74451 2.78422 1.84293 1.20549 1.03726 1.27886 1.87472 2.22791 2.09064 1.95357 2.27483 3.88353 6.62590 8.80925 9.05326 6.83217
5.79445 11.35368 13.01797 9.47895 6.37754 3.48651 1.44238 1.58574 1.89815 1.81613 1.20157 0.83659 0.56559 0.20028 0.14329 0.24491 0.23632 2.50818 7.10572 11.52609 6.11071 4.05094 5.31454 7.83898 7.74193 6.31451 5.06355 3.59225 2.21879 1.16693 0.16934 0.25081 0.84012 1.77406 2.85267 3.92470 4.17167 3.57861 3.69828 4.40360 4.36395 3.56161 3.11724 3.02414 2.59591 1.54105 0.81520 0.42002 0.23751 0.34175 0.99893 1.77042 2.18869 2.60528 2.67343 4.33869 6.11639 7.67131 7.97973 4.72729
5.20109 6.21387 4.86878 1.82751 1.91488 2.16365 1.60342 1.34030 1.39095 1.04146 0.61081 0.40560 0.18437 0.00000 0.00000 0.00000 0.09982 1.69351 5.16856 8.00975 7.66997 6.34917 6.82213 8.79830 13.16456 12.34091 5.76759 2.41500 0.90075 0.14632 0.00000 0.00000 0.00000 0.07977 0.37628 0.65667 0.62943 0.34795 0.62701 1.44109 2.27056 2.47483 2.37036 1.92097 1.20665 0.69503 0.52273 0.54365 0.53219 1.28037 2.13551 2.85827 3.51116 3.59320 3.03745 3.18702 4.02622 4.46107 4.38182 2.59877
4.68303 4.82518 3.97524 2.41098 2.01640 2.30658 2.12633 1.73034 1.31640 0.82028 0.44121 0.30887 0.22422 0.05932 0.12805 0.04231 0.00000 0.27987 0.64232 2.03505 4.27730 4.51909 3.36835 4.60263 10.85215 10.92797 5.18050 1.39055 0.13301 0.00000 0.00000 0.00000 0.00000 0.00000 0.00000 0.00000 0.00000 0.00000 0.08310 0.48090 1.12343 1.52294 1.44507 0.81849 0.29891 0.20268 0.49209 1.29762 3.69264 8.45309 10.36465 10.30347 5.57926 4.14584 3.09732 2.74305 2.64339 2.60829 2.71793 2.08100
3.83285 4.36304 3.96562 3.32220 3.27379 3.15044 2.77465 2.31860 1.51124 0.90744 0.56842 0.61013 0.90230 0.45832 0.18441 0.09033 0.00000 0.00000 0.03784 0.13696 0.70672 0.99804 0.84450 1.35602 3.67392 3.15712 1.60603 0.20519 0.00000 0.00000 0.00000 0.00000 0.00000 0.03114 0.05845 0.02144 0.00000 0.00000 0.00000 0.05865 0.42575 0.66300 0.52508 0.24359 0.03932 0.13367 1.43352 6.07179 13.28116 19.38719 23.06311 23.58595 15.30555 6.52196 4.02086 2.90506 2.66513 2.39418 2.52230 3.51012
2.23246 2.66051 2.90890 3.54114 4.34884 4.02957 3.24254 2.75263 1.89443 1.21759 1.01769 1.18533 1.04591 0.43954 0.12319 0.13926 0.22906 0.04188 0.00000 0.00000 0.20857 0.63035 0.57012 0.46079 0.61915 0.03283 0.00000 0.00000 0.00000 0.00000 0.00000 0.00000 0.04542 0.22280 0.29661 0.11519 0.00000 0.00000 0.00000 0.00000 0.00000 0.04064 0.00000 0.00000 0.00000 0.51366 3.75202 9.92769 15.21478 20.34291 21.22867 20.42812 19.05338 8.89598 4.84527 4.21820 3.87786 4.39779 4.44673 7.50100
1.01049 0.86118 1.63449 3.61944 5.70534 5.29832 3.92088 3.05726 2.32263 1.85018 1.63706 1.51575 1.24917 1.13941 2.62844 2.77473 4.57505 6.42682 1.41387 0.49841 0.92159 2.24406 2.17493 1.13120 0.55067 0.05932 0.00000 0.00000 0.00000 0.00000 0.00000 0.00000 0.07926 0.53300 1.08892 0.68915 0.04550 0.00000 0.00000 0.00000 0.00000 0.00000 0.00000 0.00000 0.00000 0.49366 5.59159 9.29072 9.13574 11.92768 13.61518 14.22336 14.16476 10.98601 6.08986 5.66412 5.70925 7.38629 9.59703 15.37265
1.35507 1.08148 2.19115 4.31526 5.39576 4.11403 2.74707 2.75738 2.91759 3.24729 2.97285 2.64325 2.90719 4.88504 8.82531 16.73407 24.36077 21.63374 9.03889 1.46892 1.56407 3.80753 4.40736 3.01439 1.09581 0.02466 0.00000 0.00000 0.00000 0.00000 0.00000 0.00000 0.05798 0.52513 1.11012 1.26102 0.11519 0.00000 0.00000 0.00000 0.00000 0.00000 0.00000 0.00000 0.00000 0.25530 4.97275 6.82996 5.83242 8.24491 10.79659 12.29238 12.47093 8.36135 4.80973 5.47503 6.51611 8.85975 12.60232 17.50052
3.60918 5.02946 7.13814 7.81758 5.73227 2.69667 1.84909 3.40578 4.41999 4.97451 5.66579 5.76013 6.00894 7.64123 12.96933 28.43797 45.86677 27.99530 9.90283 2.34551 1.25364 3.82563 5.18250 3.86423 1.59008 0.02015 0.00000 0.00000 0.17189 0.11533 0.00000 0.00000 0.00000 0.06830 0.15849 0.28132 0.04448 0.02377 0.00000 0.00000 0.00000 0.00000 0.00000 0.00000 0.18637 7.38207 17.01934 11.81858 7.25483 6.90931 8.42549 9.67810 7.24188 3.75914 2.86463 3.60270 4.65887 6.59999 9.88451 13.63083
5.99267 9.37509 11.91769 10.91831 7.72545 4.98725 5.18545 7.20842 9.25801 10.40041 9.81049 8.69200 7.53635 7.66783 9.08521 13.51048 17.83215 10.50794 5.15846 3.34160 7.34044 9.60197 7.08945 3.03707 0.42273 0.00000 0.00000 0.19736 0.79916 0.77419 0.46758 0.08272 0.05218 0.24236 0.03684 0.00000 0.38339 0.32114 0.00000 0.04544 1.14105 1.34608 0.66628 1.22505 6.57191 15.89702 23.95834 14.36784 6.30194 4.91289 5.64128 5.09213 3.21185 2.71544 2.11172 2.11506 2.64690 4.05710 6.22315 10.94789
6.76003 10.41771 10.73281 8.30028 8.40280 6.85861 9.25833 14.69786 15.94234 15.73190 12.84740 9.59899 7.06124 5.46189 3.33979 2.33388 2.62138 1.24869 1.70835 3.25543 10.62261 10.63877 5.83443 0.63057 0.00000 0.00000 0.00000 0.72267 1.24035 0.65923 0.44107 0.44561 0.75953 1.17948 0.11156 0.11728 0.55709 0.37467 0.67055 2.60770 7.51217 11.63300 12.84493 17.35179 22.44814 14.52419 12.13264 10.08861 5.10985 3.93692 4.05463 3.44322 3.29182 3.67470 2.92169 2.43461 1.49206 3.03957 5.67297 8.54241
9.54489 13.66232 15.37238 13.48506 11.61646 9.81576 16.04735 28.36348 26.00860 16.51975 13.10854 8.72391 5.87070 3.12292 1.13631 0.77551 0.37025 0.31838 0.98365 1.72457 4.40956 4.13253 1.94715 0.22569 0.00000 0.00000 0.04194 0.88512 1.23984 0.10287 0.00000 0.05245 0.87198 1.16144 0.13743 1.19842 3.45944 6.47840 4.87268 5.09698 11.24966 15.40716 20.85543 36.94192 26.25845 13.07137 8.40739 6.81524 5.81521 5.00486 4.72759 4.16516 4.84768 5.86480 6.18345 6.61131 4.16950 4.46507 5.81568 9.43952
18.00860 23.07503 24.11236 20.30452 18.83592 15.62307 19.20115 26.85875 28.96846 19.37722 11.68966 7.19902 4.59551 1.67164 1.52487 2.42208 2.33813 2.71827 4.06710 4.49515 4.28033 3.31991 2.82681 2.53699 1.20488 0.27387 0.13295 0.00000 0.09310 0.00000 0.00000 0.02150 0.84620 1.57350 1.62003 2.35269 5.12522 12.10433 11.14230 4.62737 5.19433 7.16124 6.59716 5.32154 7.67548 8.11716 4.84884 5.31544 5.19381 4.50586 4.08782 4.45225 6.52439 7.51877 7.87192 11.84456 9.72801 7.66219 6.49098 10.45551
26.40311 33.29727 31.02944 24.17904 16.91077 13.68765 14.87747 16.32257 18.19465 13.30831 7.80486 6.11637 7.21338 4.26951 3.30594 6.70500 7.14789 5.06023 6.44668 7.07771 6.57806 6.89593 9.47642 13.99673 13.93802 7.69836 2.10357 0.12563 0.00000 0.00000 0.00000 0.09853 0.97730 2.86419 2.59568 3.16015 4.36960 5.04599 6.14120 3.59567 5.49243 10.03266 4.50792 2.89096 4.38963 4.17406 3.05038 2.78188 2.53539 2.30769 2.21069 3.60311 6.92346 8.83667 10.40697 11.45869 10.58691 7.56546 5.37142 9.14581
38.85890 43.52129 39.68512 31.01851 18.58494 9.80846 11.75046 14.29621 14.13439 10.40443 6.95212 4.53945 11.29562 11.18308 5.50698 10.43157 11.70628 9.12610 7.20634 8.18639 8.36276 10.88862 20.02285 36.62167 35.74879 16.03142 2.54740 0.58769 0.04872 0.00000 0.00000 0.06756 0.59322 4.08228 6.86359 13.57785 8.78151 2.10596 1.79920 4.97269 15.88246 25.74790 7.56814 4.37155 8.65050 6.57878 2.76784 1.55954 1.23246 1.22077 1.36805 2.47000 5.04364 7.02230 7.40302 6.77222 8.00864 7.04502 6.36215 9.24275
48.78787 43.21855 37.89911 36.45112 28.82910 14.99844 13.06839 15.74635 13.98334 14.42591 15.40878 12.14609 24.86645 30.16567 20.23357 13.88257 16.87215 20.82608 16.66541 11.53276 7.09341 11.98773 29.80366 54.73785 49.81921 25.78562 6.53551 1.15878 0.04224 0.00000 0.00000 0.02660 0.71798 3.34422 5.74916 8.30735 10.12707 7.22223 2.86843 5.85792 11.58004 12.87885 8.43240 7.32810 17.36847 14.91942 6.73127 2.29638 1.55593 1.33375 1.48641 2.19342 3.27646 4.19821 4.18300 3.39529 5.86783 7.29952 9.50559 12.83204
45.75345 33.10289 29.57428 34.87306 36.04158 28.29862 21.93740 22.35236 19.22629 15.70091 20.02855 32.31851 65.81939 78.59385 48.02885 22.56521 27.27939 47.72398 37.39451 17.65743 10.14136 11.08189 23.01291 39.77378 42.47175 25.25480 2.64978 0.00000 0.00000 0.04616 0.39296 0.52416 1.39066 2.76209 4.48021 10.83386 20.71242 19.98032 10.95084 9.63206 14.12893 16.27839 17.30785 21.00451 27.04215 25.30332 15.45171 4.81871 2.07392 1.67638 1.56802 2.56747 3.57236 3.59295 3.47029 3.45037 5.33129 8.18986 9.79124 11.11487
59.37756 39.08845 24.12591 38.40145 45.78522 44.40802 38.63348 28.39799 16.82482 12.45031 15.77209 34.98706 90.62984 100.67778 55.98677 22.98059 22.21125 35.69949 31.65892 19.45970 16.71533 16.19910 20.43797 20.53144 20.61002 11.36195 0.00000 0.00000 0.00000 0.18231 0.65055 1.49896 3.08940 4.25438 6.86391 16.18360 25.32765 24.45767 16.55456 10.82717 10.44659 -99999.00000 -99999.00000 35.92617 34.42132 29.89052 22.99488 9.16144 2.76263 2.27389 2.26670 4.49093 5.58179 5.25496 4.78973 4.02308 6.07263 9.52664 9.61035 9.30049
79.96172 70.65207 52.93328 58.93002 56.56351 58.19166 52.88726 30.06537 12.27100 8.03464 8.81355 18.21276 40.02159 44.38426 31.70714 22.22909 18.38426 16.66403 16.68181 16.99809 20.23707 26.82631 31.49020 12.53091 10.04971 5.69590 0.46772 0.00000 0.00000 0.51459 0.96806 2.29154 5.38420 7.55869 8.82182 -99999.00000 -99999.00000 -99999.00000 -99999.00000 -99999.00000 -99999.00000 -99999.00000 -99999.00000 29.60695 27.71253 24.87642 21.45086 13.03555 5.00262 2.88412 3.87206 6.33398 7.64322 7.89628 8.99148 11.62404 14.34640 14.23396 11.77435 11.06278
93.29449 112.92487 90.90792 81.08813 -99999.00000 50.81454 36.34141 22.92714 7.39320 6.12480 5.29065 9.07077 14.91303 10.57330 9.76395 16.54292 11.20699 9.50765 15.99980 15.41853 19.68210 29.14451 30.68062 17.28088 8.38055 3.34326 1.20723 0.88951 1.05585 1.61811 1.64772 2.53572 6.15922 11.40185 -99999.00000 -99999.00000 -99999.00000 -99999.00000 -99999.00000 -99999.00000 -99999.00000 -99999.00000 -99999.00000 -99999.00000 21.50657 18.36804 16.38287 13.97118 9.01861 4.56855 5.35559 7.26726 8.65249 12.87199 23.36936 27.58965 23.64298 17.31047 13.52809 14.78759
-99999.00000 -99999.00000 -99999.00000 -99999.00000 -99999.00000 67.40704 52.18923 17.20806 6.44076 5.18306 4.06594 6.38300 10.12870 7.96925 6.64438 6.99210 5.83237 14.15826 31.84836 27.71248 24.90806 27.13364 24.65230 14.33136 6.11655 1.60942 0.85657 2.14993 4.18266 5.22029 5.21296 4.91796 5.75091 8.23651 -99999.00000 -99999.00000 -99999.00000 -99999.00000 -99999.00000 -99999.00000 -99999.00000 -99999.00000 -99999.00000 -99999.00000 -99999.00000 13.92203 13.70161 13.64690 11.69103 8.52321 7.15686 8.07761 11.55568 25.89934 36.53714 32.57668 26.04575 17.02794 10.24180 10.83333
