DATA/RAW-RASTER/CPC/2017/20170614.asc
ncols			60
nrows			40
xllcorner		70.0
yllcorner		20.0
cellsize		0.5
NODATA_value	-99999
2.04973 1.33087 0.61515 0.11498 0.00000 0.00000 0.00000 0.00000 0.00000 0.00000 0.00000 0.00000 0.00000 0.00000 0.00000 0.00000 0.00000 0.00000 0.00000 0.00000 0.00000 0.00000 0.00000 0.00000 0.00000 0.00000 0.00000 0.00000 0.00000 0.00000 0.00000 0.00000 0.00000 0.00000 0.00000 0.00000 0.00000 0.00000 0.00000 0.00000 0.00000 0.00000 0.00000 0.00000 0.00000 0.00000 0.00000 0.00000 0.00000 0.00000 0.00000 0.00000 0.08682 0.12473 0.14210 0.14366 0.11788 0.09883 0.08353 0.02966
1.95604 1.03870 0.57861 0.10772 0.00000 0.00000 0.00000 0.00000 0.00000 0.00000 0.00000 0.00000 0.00000 0.00000 0.00000 0.00000 0.00000 0.00000 0.00000 0.00000 0.00000 0.00000 0.00000 0.00000 0.00000 0.00000 0.00000 0.00000 0.00000 0.00000 0.00000 0.00000 0.00000 0.00000 0.00000 0.00000 0.00000 0.00000 0.00000 0.00000 0.00000 0.00000 0.00000 0.00000 0.00000 0.00000 0.00000 0.00000 0.00000 0.00000 0.00000 0.00000 0.06978 0.13515 0.19535 0.23611 0.25210 0.18971 0.08152 0.00000
0.30967 0.16653 0.12303 0.00000 0.00000 0.00000 0.00000 0.00000 0.00000 0.00000 0.00000 0.00000 0.00000 0.00000 0.00000 0.00000 0.00000 0.00000 0.00000 0.00000 0.00000 0.00000 0.00000 0.00000 0.00000 0.00000 0.00000 0.00000 0.00000 0.00000 0.00000 0.00000 0.00000 0.00000 0.00000 0.00000 0.00000 0.00000 0.00000 0.00000 0.00000 0.00000 0.00000 0.00000 0.00000 0.00000 0.00000 0.00000 0.00000 0.00000 0.00000 0.00000 0.00000 0.03615 0.08311 0.15202 0.20670 0.21749 0.02293 0.00000
0.00000 0.00000 0.00000 0.00000 0.00000 0.00000 0.00000 0.00000 0.00000 0.00000 0.00000 0.00000 0.00000 0.00000 0.00000 0.00000 0.00000 0.00000 0.00000 0.00000 0.00000 0.00000 0.00000 0.00000 0.00000 0.00000 0.00000 0.00000 0.00000 0.00000 0.00000 0.00000 0.00000 0.00000 0.00000 0.00000 0.00000 0.00000 0.00000 0.00000 0.00000 0.00000 0.00000 0.00000 0.00000 0.00000 0.00000 0.00000 0.00000 0.00000 0.00000 0.00000 0.00000 0.00000 0.00000 0.00000 0.00000 0.10859 0.16265 0.17848
0.00000 0.00000 0.00000 0.00000 0.00000 0.00000 0.00000 0.00000 0.00000 0.00000 0.00000 0.00000 0.00000 0.00000 0.00000 0.00000 0.00000 0.00000 0.00000 0.00000 0.00000 0.00000 0.00000 0.00000 0.00000 0.00000 0.00000 0.00000 0.00000 0.00000 0.00000 0.00000 0.00000 0.00000 0.00000 0.00000 0.00000 0.00000 0.00000 0.00000 0.00000 0.00000 0.00000 0.00000 0.00000 0.00000 0.00000 0.00000 0.00000 0.00000 0.00000 0.00000 0.00000 0.00000 0.00000 0.00000 0.00000 0.11293 0.41674 0.54999
0.00000 0.00000 0.00000 0.00000 0.00000 0.00000 0.00000 0.00000 0.00000 0.00000 0.00000 0.00000 0.00000 0.00000 0.00000 0.00000 0.00000 0.00000 0.00000 0.00000 0.00000 0.00000 0.00000 0.00000 0.00000 0.00000 0.00000 0.00000 0.00000 0.00000 0.00000 0.00000 0.00000 0.00000 0.00000 0.00000 0.00000 0.00000 0.00000 0.00000 0.00000 0.00000 0.00000 0.00000 0.00000 0.00000 0.00000 0.00000 0.00000 0.00000 0.00000 0.00000 0.00000 0.00000 0.00000 0.00000 0.00000 0.09114 0.40975 0.56968
0.00000 0.00000 0.00000 0.00000 0.00000 0.00000 0.00000 0.00000 0.00000 0.00000 0.04239 0.02863 0.02013 0.00000 0.00000 0.00000 0.00000 0.00000 0.00000 0.00000 0.00000 0.00000 0.00000 0.00000 0.00000 0.00000 0.00000 0.00000 0.00000 0.00000 0.00000 0.00000 0.00000 0.00000 0.00000 0.00000 0.00000 0.00000 0.03164 0.04176 0.04535 0.06373 0.08121 0.05253 0.00000 0.00000 0.00000 0.00000 0.00000 0.00000 0.00000 0.00000 0.00000 0.00000 0.00000 0.00000 0.00000 0.00000 0.26222 0.58289
0.00000 0.00000 0.00000 0.00000 0.00000 0.00000 0.00000 0.00000 0.05268 0.22744 0.37878 0.38409 0.28388 0.13972 0.05279 0.00000 0.00000 0.00000 0.00000 0.00000 0.00000 0.00000 0.00000 0.00000 0.00000 0.00000 0.00000 0.00000 0.00000 0.00000 0.00000 0.00000 0.00000 0.00000 0.02216 0.03757 0.06550 0.10824 0.15609 0.20854 0.26586 0.32889 0.37450 0.31649 0.16976 0.06985 0.02421 0.00000 0.00000 0.00000 0.00000 0.00000 0.00000 0.00000 0.00000 0.00000 0.00000 0.00000 0.10033 0.63320
0.00000 0.00000 0.00000 0.00000 0.00000 0.00000 0.00000 0.03622 0.26528 0.49253 0.68588 0.74909 0.66249 0.47305 0.24214 0.09745 0.03553 0.00000 0.00000 0.00000 0.00000 0.00000 0.00000 0.00000 0.00000 0.00000 0.00000 0.00000 0.00000 0.00000 0.00000 0.00000 0.00000 0.04975 0.08036 0.13438 0.24201 0.38518 0.53870 0.72925 0.93200 1.06326 1.02673 0.75199 0.39087 0.14545 0.05559 0.07790 0.10459 0.13647 0.20862 0.32333 0.34869 0.19195 0.10033 0.04371 0.02405 0.08011 0.36968 0.94450
0.00000 0.00000 0.00000 0.00000 0.00000 0.00000 0.00000 0.12764 0.43659 0.84549 0.89868 0.80601 0.74889 0.68756 0.54389 0.31534 0.11110 0.00000 0.00000 0.00000 0.00000 0.00000 0.00000 0.00000 0.00000 0.00000 0.00000 0.00000 0.00000 0.00000 0.00000 0.10778 0.34704 0.35394 0.33915 0.75565 0.97243 1.25074 1.46365 1.69968 1.81299 1.85010 1.74219 1.40035 0.87290 0.32859 0.12280 0.24101 0.51588 0.96723 1.48089 1.84467 1.77477 1.21374 0.52363 0.15545 0.07797 0.29061 0.92744 1.66486
0.00000 0.00000 0.00000 0.00000 0.00000 0.00000 0.00000 0.31824 0.87942 1.62824 1.49718 0.81224 0.60166 0.51922 0.45636 0.37762 0.05199 0.00000 0.00000 0.00000 0.00000 0.00000 0.00000 0.00000 0.00000 0.00000 0.00000 0.00000 0.00000 0.00000 0.08435 0.66862 0.94111 1.25874 1.63064 2.30258 2.98872 2.98706 2.79963 2.71997 2.64544 2.67366 2.60757 2.38032 2.09912 1.45946 0.90806 0.85521 1.31593 2.20060 2.97311 3.21298 3.09073 2.40633 1.26403 0.45934 0.26804 0.83982 2.33900 3.53425
0.00000 0.00000 0.00000 0.00000 0.00000 0.00000 0.00000 0.31722 0.94956 1.66976 1.68960 0.83585 0.47173 0.34548 0.22428 0.05314 0.00000 0.00000 0.00000 0.00000 0.00000 0.00000 0.00000 0.00000 0.00000 0.00000 0.00000 0.00000 0.00000 0.16767 0.52920 0.88131 1.18880 1.50777 2.05069 2.81164 3.45372 3.92603 4.05328 4.09602 3.92498 3.52362 3.25322 3.12234 3.12447 2.84737 2.42164 2.46532 3.08399 3.50203 3.60649 3.55233 3.82870 3.92238 3.25726 2.16546 1.79859 2.64260 4.25079 5.45837
0.00000 0.00000 0.00000 0.00000 0.00000 0.00000 0.07193 0.46881 0.92888 0.88971 0.77548 0.63998 0.35063 0.17062 0.00000 0.00000 0.00000 0.00000 0.00000 0.00000 0.00000 0.00000 0.00000 0.00000 0.00000 0.00000 0.00000 0.00000 0.00000 0.20424 0.54029 0.78820 1.06831 1.45648 2.12983 2.99796 3.84528 4.95543 5.97500 5.88565 5.53317 4.75046 4.24931 3.94222 3.66612 3.83354 4.41952 4.96646 5.56999 5.31116 4.62679 4.25839 4.79434 5.71318 5.80736 5.23134 4.79396 5.24359 5.98604 6.21376
0.00000 0.00000 0.00000 0.00000 0.12633 0.34872 0.75362 1.22793 0.92113 0.35652 0.40858 0.36385 0.15310 0.00000 0.00000 0.00000 0.00000 0.00000 0.00000 0.00000 0.00000 0.00000 0.00000 0.00000 0.00000 0.00000 0.00000 0.00000 0.00000 0.22935 0.47440 0.67923 0.91805 1.27690 1.87711 2.78494 3.85351 5.16982 6.41300 7.11308 7.18150 6.98833 6.70355 6.23330 6.45916 7.37194 9.11022 10.58970 9.41000 7.38925 6.42244 6.10003 6.54672 7.86462 8.13396 7.71274 8.08147 8.62351 8.59976 8.75099
0.00000 0.00000 0.00000 0.06083 0.17808 0.43403 1.00959 1.37575 0.77271 0.15597 0.11325 0.06883 0.00000 0.00000 0.00000 0.00000 0.00000 0.00000 0.00000 0.00000 0.00000 0.00000 0.00000 0.00000 0.00000 0.00000 0.00000 0.00000 0.00000 0.05753 0.31179 0.49849 0.67512 0.94873 1.44427 2.18759 3.33738 4.91896 6.68799 8.15840 8.92133 8.79769 8.63804 9.16271 11.33187 15.08865 18.99258 19.71827 16.22616 10.08091 6.95014 6.44420 6.95893 8.52661 9.29949 10.57800 11.79696 12.52449 12.65292 13.24518
0.00000 0.00000 0.00000 0.03367 0.06334 0.14316 0.47247 0.78170 0.79952 1.18074 1.57605 0.76013 0.00000 0.00000 0.00000 0.00000 0.00000 0.00000 0.00000 0.00000 0.00000 0.00000 0.00000 0.00000 0.00000 0.00000 0.00000 0.00000 0.00000 0.00000 0.13207 0.33403 0.44913 0.64586 0.99463 1.50568 2.43373 4.03525 6.29460 8.21448 9.22714 9.26992 9.13177 9.49065 11.93786 17.78849 26.04209 29.43320 24.83227 14.54378 7.46431 5.36073 5.75635 6.98606 8.88293 12.41711 16.19996 16.81233 15.91129 15.69556
0.00000 0.00000 0.00000 0.05043 0.10159 0.19233 0.38926 0.52247 0.84711 2.85906 2.94156 1.41748 0.02399 0.00000 0.00000 0.00000 0.00000 0.00000 0.00000 0.00000 0.00000 0.00000 0.00000 0.00000 0.00000 0.00000 0.00000 0.00000 0.00000 0.00000 0.00000 0.17121 0.27034 0.35810 0.47980 0.70129 1.23220 2.58143 5.33593 7.98055 9.17853 9.41546 9.22075 9.57920 10.94770 15.86236 26.29829 29.78125 25.25871 14.35676 5.46218 2.83904 3.17954 4.00111 5.92091 10.58483 16.51314 19.32769 17.46531 16.35309
0.00000 0.00000 0.00000 0.15333 0.53345 0.86830 1.06442 0.95503 1.01158 2.17312 2.16648 0.85280 0.00000 0.02759 0.10172 0.06806 0.00000 0.00000 0.00000 0.00000 0.00000 0.00000 0.00000 0.00000 0.00000 0.00000 0.00000 0.00000 0.00000 0.00000 0.00000 0.02512 0.13971 0.18331 0.21243 0.26161 0.38949 1.08331 4.02027 7.62366 8.78815 8.93910 8.93358 9.02372 10.08331 14.60795 22.15021 24.37428 18.78034 10.24502 3.31131 1.35951 1.81504 2.29670 3.09520 6.94982 13.26289 16.30177 14.92119 15.71394
0.00000 0.00000 0.00000 0.20969 1.06325 2.09790 2.55116 1.98983 1.49197 1.46070 1.00146 0.12709 0.00000 0.00000 0.04415 0.02696 0.00000 0.00000 0.00000 0.00000 0.00000 0.00000 0.00000 0.00000 0.00000 0.00000 0.00000 0.00000 0.00000 0.04670 0.00000 0.00000 0.02168 0.07297 0.08780 0.09816 0.11957 0.50109 2.57576 5.62990 7.11683 7.17245 7.15035 8.24146 9.89135 12.72631 15.35582 15.40796 11.22502 6.00934 2.43618 1.30258 1.57079 2.18415 2.76053 4.45310 7.19367 8.11888 8.01265 9.64736
0.00000 0.00000 0.00000 0.27693 1.25633 2.95213 3.85126 2.51552 1.46593 1.18225 0.50722 0.00000 0.00000 0.00000 0.00000 0.00000 0.00000 0.00000 0.00000 0.00000 0.00000 0.02026 0.00000 0.00000 0.00000 0.00000 0.00000 0.00000 0.04918 0.10038 0.03687 0.00000 0.00000 0.00000 0.04697 0.09494 0.20234 0.55579 1.60064 3.11744 3.78999 2.96295 2.53939 3.92432 6.14226 7.55156 7.39856 5.36454 3.67824 2.56384 1.83643 1.40919 1.41283 1.86986 2.28919 2.79025 2.74338 1.87381 1.75380 2.91133
0.00000 0.00000 0.00000 0.20540 1.06127 3.00365 4.19251 2.50005 1.50182 1.54640 1.00724 0.06777 0.00000 0.00000 0.00000 0.00000 0.00000 0.00000 0.00000 0.00000 0.03693 0.07089 0.04863 0.00000 0.00000 0.00000 0.00000 0.04041 0.15853 0.16446 0.07926 0.00000 0.00000 0.00000 0.00000 0.02077 0.07034 0.18682 0.47025 1.01284 1.13033 0.57136 0.37774 1.15866 2.65368 3.34340 2.72958 1.57075 0.99807 0.73115 0.87973 0.93178 1.01467 1.45382 1.39509 1.52299 1.13592 0.58963 0.43330 0.57505
0.00000 0.00000 0.00000 0.09440 0.73307 2.27309 3.08458 2.32975 2.00272 2.62550 2.77354 1.56312 1.04895 0.00000 0.00000 0.00000 0.00000 0.00000 0.00000 0.00000 0.09674 0.14825 0.06559 0.00000 0.00000 0.00000 0.03742 0.17514 0.19019 0.17654 0.08066 0.00000 0.00000 0.00000 0.00000 0.00000 0.00000 0.00000 0.03698 0.11622 0.38111 0.30380 0.40844 1.06583 1.96101 2.26466 1.86898 1.24116 0.68712 0.69122 0.71099 0.76518 1.00475 1.25010 1.32616 1.33494 1.39017 1.25443 1.02264 0.57851
0.00000 0.00000 0.00000 0.00000 0.49884 1.11526 1.33925 1.32941 1.76527 3.58044 8.34415 10.80854 8.06404 1.36282 0.03284 0.00000 0.00000 0.00000 0.00000 0.00000 0.05355 0.08238 0.00000 0.00000 0.00000 0.03920 0.47012 0.44860 0.34991 0.24058 0.03727 0.00000 0.00000 0.00000 0.00000 0.00000 0.12515 0.19891 0.18683 0.24362 0.39959 0.64769 1.10494 1.73274 2.09428 2.16660 2.08928 1.76326 1.67552 2.00395 1.87841 1.78860 1.17217 1.42301 1.88370 2.12581 2.17736 2.08672 1.86981 1.16966
0.00000 0.00000 0.00000 0.00000 0.13303 0.25985 0.23334 0.37410 0.70119 1.75851 10.64174 18.92135 15.18511 8.57350 2.13409 0.00000 0.00000 0.00000 0.00000 0.00000 0.00000 0.00000 0.00000 0.00000 0.00000 0.09358 1.08970 0.83103 0.88231 0.46354 0.00000 0.00000 0.03654 0.00000 0.00000 0.19359 0.45226 0.58994 0.47050 0.46287 0.75146 1.19157 1.68265 2.07604 2.09271 2.34046 4.39580 5.66386 4.54087 3.34243 3.40914 3.43472 2.48657 1.86488 2.81341 3.23787 3.39170 2.69799 2.16654 2.03020
0.00000 0.00000 0.00000 0.00000 0.00000 0.00000 0.00000 0.03768 0.22260 1.16085 5.13082 13.32894 17.57973 16.26296 7.91982 0.99522 0.00000 0.00000 0.00000 0.00000 0.00000 0.00000 0.00000 0.00000 2.57501 5.04869 3.11287 2.53697 2.45271 0.26336 0.00000 0.02600 0.50334 0.48971 0.04238 0.43733 1.33547 1.17794 0.82744 0.98305 1.47616 3.08050 3.61082 2.46276 2.81225 4.55503 6.98654 7.85800 6.02314 2.78218 1.99510 2.37488 2.64671 2.06546 3.25050 4.90946 5.31992 4.81103 2.65836 2.60638
0.00000 0.00000 0.00000 0.00000 0.00000 0.00000 0.00000 0.00000 0.12712 1.87297 5.74477 12.55117 17.12805 16.19290 8.55405 1.95477 0.13760 0.00000 0.00000 0.00000 0.00000 0.00000 0.00000 0.70352 7.25806 16.52193 19.63418 15.76377 8.25599 1.01843 0.00000 0.48298 1.34070 0.81234 0.02749 0.31951 2.23096 2.66063 2.12469 1.81105 2.87262 7.93565 12.92195 8.08734 5.90831 4.35596 5.50258 7.68970 6.43872 2.97068 1.23643 1.38680 1.73174 2.49155 3.71327 5.09177 4.83199 4.10436 2.86954 3.71049
0.00000 0.00000 0.00000 0.00000 0.00000 0.00000 0.00000 0.00000 0.32891 2.10126 7.54783 14.49347 14.46136 11.21528 5.99946 1.84670 0.46868 0.26513 0.03264 0.00000 0.00000 0.00000 0.00000 2.18692 10.79857 24.01947 37.01432 29.96390 15.61450 7.11116 4.64696 1.91962 1.28747 0.21163 0.00000 0.00000 0.60699 2.37989 2.18414 2.28355 3.82908 8.74311 17.17003 15.54641 5.96080 1.32717 1.84532 3.64007 5.91899 4.78908 2.93228 2.06844 1.94123 2.20376 2.90188 3.71568 3.49153 2.87478 2.67395 3.51050
0.00000 0.00000 0.00000 0.00000 0.00000 0.00000 0.00000 0.00000 0.04069 0.95593 4.74400 8.83659 8.43500 5.48427 1.63768 1.37015 0.81264 0.74562 0.27850 0.00000 0.00000 0.00000 0.00000 0.73967 8.00831 15.21093 21.89160 18.74218 10.76204 9.53054 15.14944 11.27563 1.36600 0.00000 0.00000 0.00000 0.27625 1.86937 1.68519 3.55789 4.23458 3.83458 8.76045 8.93552 3.28015 0.27705 0.23683 0.65435 2.20715 3.33455 3.06579 2.51735 1.74365 1.38379 1.93333 2.67268 2.42683 1.81929 1.62004 1.82019
0.00000 0.00000 0.00000 0.00000 0.00000 0.00000 0.00000 0.00000 0.00000 0.02851 0.38098 1.74578 2.09929 0.49097 1.10281 0.71007 1.24537 1.49366 1.17437 0.41483 0.00000 0.00000 0.17543 0.47328 1.93921 3.43645 4.97898 3.09051 5.31238 10.79779 26.38111 18.50799 4.75340 0.00000 0.00000 0.00000 0.09151 0.96297 2.57692 5.10201 5.94870 5.04114 7.20616 5.44607 2.93804 0.11696 0.00000 0.07647 0.38550 1.00258 1.52649 1.38593 0.89308 1.24749 1.63757 2.28015 2.36736 1.51279 0.74672 0.59885
0.00000 0.00000 0.00000 0.00000 0.00000 0.00000 0.00000 0.00000 0.00000 0.00000 0.00000 0.00000 0.90428 2.27568 3.22483 1.99945 2.11977 2.27173 2.90084 1.65669 0.30865 0.43469 1.10606 0.98075 0.41610 0.02651 0.16134 0.13335 4.11628 11.33242 18.70804 15.28378 5.86848 0.13495 0.00000 0.00000 0.00000 0.30523 2.10534 5.67364 10.32804 16.73267 23.05526 23.73198 12.73319 1.06920 0.00000 0.00000 0.00000 0.10405 0.45664 0.51541 0.51914 1.02437 1.35851 2.12359 2.59260 1.67940 0.51061 0.41681
0.00000 0.00000 0.00000 0.00000 0.00000 0.00000 0.00000 0.00000 0.00000 0.00000 0.00000 0.03287 1.46621 5.37616 9.77547 7.19744 4.34093 3.05939 3.25302 1.83618 0.70157 1.07722 2.21502 1.27194 0.35345 0.00000 0.00000 0.00000 0.73165 2.47110 4.87759 6.66155 2.88639 0.04489 0.00000 0.00000 0.00000 0.04838 1.80228 8.71674 18.49557 29.18330 39.63050 37.28187 21.63693 4.83999 0.41969 0.00000 0.00000 0.00000 0.04987 0.05878 0.46182 0.68652 0.94515 1.57873 1.91158 1.57586 0.72212 0.90299
0.00000 0.00000 0.00000 0.00000 0.00000 0.00000 0.00000 0.00000 0.00000 0.00000 0.00000 0.00000 0.98446 3.50359 7.93923 8.09546 5.28754 2.75346 1.77505 0.92921 0.68049 1.15264 2.08012 1.01819 0.24902 0.04753 0.00000 0.00000 0.07313 0.44534 0.89634 0.91411 0.00000 0.00000 0.37426 0.16545 0.00000 0.00000 0.41959 10.31922 24.10894 33.12132 37.52782 34.43165 27.83489 13.14024 2.87026 0.44189 0.00000 0.00000 0.00000 0.07123 0.32823 0.39312 0.38350 0.62329 0.95825 1.15484 0.92044 1.53550
0.00000 0.00000 0.00000 0.00000 0.00000 0.00000 0.00000 0.00000 0.00000 0.00000 0.06133 0.08292 0.13045 0.86092 4.10434 8.69131 6.77056 2.00072 0.27175 0.04301 0.12027 0.42050 0.85109 0.81570 0.36588 0.03233 0.00000 0.00000 0.00000 0.00000 0.00000 0.00000 0.00000 0.08082 0.20233 0.93350 0.12073 0.07776 1.87793 11.36325 25.51394 36.02576 42.37830 37.16689 31.86313 19.50348 5.98003 1.72705 0.06774 0.00000 0.00000 0.07438 0.23696 0.28615 0.29273 0.31562 0.50080 0.65544 0.63144 1.55179
0.00000 0.00000 0.00000 0.00000 0.00000 0.00000 0.00000 0.00000 0.00000 0.17385 1.01268 1.96515 2.05737 0.81433 2.10251 8.99563 7.17023 1.99960 0.02764 0.12538 0.12943 0.00000 0.16272 0.44638 0.34148 0.00000 0.00000 0.00000 0.00000 0.00000 0.00000 0.00000 0.00000 0.13412 0.15634 0.09329 0.43494 2.04813 3.22609 10.22345 24.81304 38.83411 45.02415 40.62594 38.93581 21.54802 5.82590 1.64329 0.37820 0.00000 0.00000 0.04546 0.14025 0.19591 0.21529 0.23659 0.47030 0.75260 1.06730 2.14514
0.00000 0.00000 0.00000 0.00000 0.00000 0.00000 0.00000 0.00000 0.03104 0.42508 2.37992 10.17602 7.82010 2.83161 1.43861 1.86051 2.14283 0.24277 0.00000 0.03314 0.00000 0.00000 0.13153 0.33229 0.29488 0.05853 0.00000 0.00000 0.00000 0.00000 0.00000 0.00000 0.00000 0.04266 0.04515 0.13158 3.73849 7.41145 6.34603 9.22828 20.23194 37.05562 45.77037 43.51256 38.13024 24.70215 8.88514 2.09699 0.62915 0.15921 0.00000 0.03977 0.08464 0.14645 0.17678 0.21977 0.66258 1.37376 2.51538 4.02619
0.00000 0.00000 0.00000 0.00000 0.00000 0.00000 0.00000 0.00000 0.00000 0.31370 1.71303 5.23097 4.46144 2.21390 0.06783 0.08261 0.04449 0.00000 0.00000 0.00000 0.00000 0.00000 0.03472 0.18817 0.22009 0.09272 0.00000 0.00000 0.00000 0.00000 0.00000 0.00000 0.00000 0.00000 0.00000 0.00000 1.11737 4.18724 5.16795 7.06190 14.88238 29.57043 41.57322 40.35258 39.86470 32.99071 17.11079 4.12225 0.87006 0.35271 0.09974 0.48858 0.65147 0.58879 0.56058 0.51961 0.99684 2.06225 2.87368 3.47015
0.00000 0.00000 0.00000 0.00000 0.00000 0.00000 0.00000 0.00000 0.00000 0.02922 0.15424 0.49146 0.73388 1.72140 1.16914 0.19269 0.00000 0.00000 0.00000 0.00000 0.00000 0.00000 0.00000 0.00000 0.00000 0.00000 0.00000 0.00000 0.00000 0.00000 0.10650 0.44060 1.43947 0.49613 0.00000 0.00000 0.06436 1.78457 3.10907 4.63240 11.10309 -99999.00000 -99999.00000 48.99459 49.05690 40.62152 26.82461 8.50312 1.67975 0.76677 1.08765 2.08370 2.58330 2.41859 2.19118 1.79093 2.34559 3.11856 2.80820 2.53162
0.00000 0.00000 0.00000 0.00000 0.00000 0.00000 0.23927 0.05726 0.20434 0.00000 0.00000 0.00000 0.81629 3.67729 3.82689 0.79215 0.00000 0.00000 0.00000 0.00000 0.00000 0.00000 0.00000 0.00000 0.00000 0.00000 0.00000 0.00000 0.00000 0.00000 2.38838 6.82029 8.08682 4.03951 1.64770 -99999.00000 -99999.00000 -99999.00000 -99999.00000 -99999.00000 -99999.00000 -99999.00000 -99999.00000 49.36221 50.28163 41.41030 29.84199 14.66805 4.36120 2.39995 3.28873 4.35589 4.83741 4.94785 5.47509 6.25596 5.79444 4.50012 2.96630 2.32636
0.00000 0.00000 0.00000 0.00000 -99999.00000 0.21710 3.68384 5.09424 1.67859 2.27974 4.53778 3.57646 2.14072 5.65611 6.09222 1.50893 0.04639 0.00000 0.00000 0.00000 0.00000 0.00000 0.00000 0.00000 0.00000 0.00000 0.00000 0.00000 0.00000 0.98950 7.06674 18.52390 17.42706 8.58292 -99999.00000 -99999.00000 -99999.00000 -99999.00000 -99999.00000 -99999.00000 -99999.00000 -99999.00000 -99999.00000 -99999.00000 39.35236 34.04802 27.03480 21.49175 14.61192 7.19154 5.41611 5.49026 5.81767 7.88262 12.58788 13.38664 9.51604 5.29410 3.22959 2.66452
-99999.00000 -99999.00000 -99999.00000 -99999.00000 -99999.00000 2.37426 13.49551 14.25963 6.88699 9.53691 20.16555 15.26534 6.43417 6.25777 5.56241 1.71317 0.00000 0.00000 0.00000 0.00000 0.00000 0.00000 0.00000 0.00000 0.00000 0.00000 0.00000 0.00000 0.00000 3.60886 12.54061 24.54887 21.74556 14.06878 -99999.00000 -99999.00000 -99999.00000 -99999.00000 -99999.00000 -99999.00000 -99999.00000 -99999.00000 -99999.00000 -99999.00000 -99999.00000 26.38096 28.24902 29.43695 24.73449 14.34061 7.65685 6.36862 7.63710 14.48471 18.49582 15.70847 11.26058 5.95040 3.00983 2.61165
