DATA/RAW-RASTER/CPC/2017/20170613.asc
ncols			60
nrows			40
xllcorner		70.0
yllcorner		20.0
cellsize		0.5
NODATA_value	-99999
0.11294 0.68514 1.21509 1.24797 0.90938 0.49524 0.20941 0.18687 0.29290 0.31094 0.15404 0.00000 0.00000 0.00000 0.00000 0.00000 0.00000 0.00000 0.00000 0.00000 0.00000 0.00000 0.00000 0.00000 0.00000 0.00000 0.00000 0.00000 0.00000 0.00000 0.00000 0.00000 0.00000 0.00000 0.00000 0.00000 0.00000 0.00000 0.00000 0.00000 0.00000 0.00000 0.00000 0.00000 0.00000 0.00000 0.00000 0.02297 0.03620 0.06653 0.17514 0.42784 0.73756 0.93354 0.84534 0.45722 0.10279 0.02016 0.00000 0.00000
0.14319 0.90519 2.05414 2.26508 1.37981 0.65306 0.24975 0.41425 0.77828 0.77908 0.35172 0.08415 0.00000 0.00000 0.00000 0.00000 0.00000 0.00000 0.00000 0.00000 0.00000 0.00000 0.00000 0.00000 0.00000 0.00000 0.00000 0.00000 0.00000 0.00000 0.00000 0.00000 0.00000 0.00000 0.00000 0.00000 0.00000 0.00000 0.00000 0.00000 0.00000 0.00000 0.00000 0.00000 0.00000 0.00000 0.00000 0.03963 0.12450 0.28117 0.51113 0.76318 1.00555 1.22235 1.15624 0.72592 0.32009 0.11433 0.04685 0.00000
0.04542 0.58754 1.27067 1.39335 0.93494 0.63392 0.66541 0.92340 1.39771 1.57575 1.05774 0.38825 0.09665 0.00000 0.00000 0.00000 0.00000 0.00000 0.00000 0.00000 0.00000 0.00000 0.00000 0.00000 0.00000 0.00000 0.00000 0.00000 0.00000 0.00000 0.00000 0.00000 0.00000 0.00000 0.00000 0.00000 0.00000 0.00000 0.00000 0.00000 0.00000 0.00000 0.00000 0.00000 0.00000 0.00000 0.00000 0.06651 0.26596 0.76776 1.33163 1.59527 1.78709 2.03105 1.84956 1.21870 0.71893 0.42406 0.22947 0.08303
0.00000 0.17095 0.45375 0.46578 0.28561 0.32148 0.89061 1.61356 2.17946 2.14761 1.67909 0.80074 0.24033 0.02600 0.00000 0.00000 0.00000 0.00000 0.00000 0.00000 0.00000 0.00000 0.00000 0.00000 0.00000 0.00000 0.00000 0.00000 0.00000 0.00000 0.00000 0.00000 0.00000 0.00000 0.00000 0.00000 0.00000 0.00000 0.00000 0.00000 0.00000 0.00000 0.00000 0.00000 0.02008 0.04073 0.08193 0.21558 0.57231 1.34208 1.99523 2.20351 2.25293 2.36900 2.39791 2.07871 1.37013 0.86348 0.52395 0.33063
0.00000 0.00000 0.00000 0.09005 0.11646 0.30386 0.89878 1.61800 2.13485 2.43492 1.83980 0.96617 0.32766 0.07457 0.00000 0.00000 0.00000 0.00000 0.00000 0.00000 0.00000 0.00000 0.00000 0.00000 0.00000 0.00000 0.00000 0.00000 0.00000 0.00000 0.00000 0.00000 0.00000 0.00000 0.00000 0.00000 0.00000 0.00000 0.00000 0.00000 0.00000 0.00000 0.00000 0.00000 0.03294 0.10000 0.20879 0.42227 0.76926 1.29291 1.79905 2.01025 2.08689 2.07836 2.13382 2.10223 1.63030 1.01051 0.67274 0.58248
0.00000 0.00000 0.00000 0.00000 0.03118 0.24989 0.71447 1.25926 1.74814 2.25295 2.00142 1.11538 0.40993 0.09795 0.00000 0.00000 0.00000 0.00000 0.00000 0.00000 0.00000 0.00000 0.00000 0.00000 0.00000 0.00000 0.00000 0.00000 0.00000 0.00000 0.00000 0.00000 0.00000 0.00000 0.00000 0.00000 0.00000 0.00000 0.00000 0.00000 0.00000 0.00000 0.00000 0.00000 0.00000 0.06035 0.23311 0.36701 0.52916 0.73536 0.99990 1.21938 1.36943 1.26390 1.34279 1.35883 1.15698 0.78727 0.59918 0.57649
0.00000 0.00000 0.00000 0.00000 0.00000 0.00000 0.30035 0.78420 1.20148 1.73647 1.80318 1.15059 0.48636 0.14534 0.00000 0.00000 0.00000 0.00000 0.00000 0.00000 0.00000 0.00000 0.00000 0.00000 0.00000 0.00000 0.00000 0.00000 0.00000 0.00000 0.00000 0.00000 0.00000 0.00000 0.00000 0.00000 0.00000 0.00000 0.00000 0.00000 0.00000 0.00000 0.00000 0.00000 0.04313 0.10353 0.13922 0.16143 0.16595 0.16764 0.25203 0.44588 0.63183 0.70383 0.72141 0.57402 0.38939 0.35271 0.43161 0.47924
0.00000 0.00000 0.00000 0.00000 0.00000 0.00000 0.00000 0.17261 0.47585 0.69706 0.91579 0.70566 0.28072 0.03834 0.00000 0.00000 0.00000 0.00000 0.00000 0.00000 0.00000 0.00000 0.00000 0.00000 0.00000 0.00000 0.00000 0.00000 0.00000 0.00000 0.00000 0.00000 0.00000 0.00000 0.00000 0.00000 0.00000 0.00000 0.00000 0.00000 0.00000 0.03504 0.08919 0.10810 0.08574 0.08832 0.08993 0.07211 0.04511 0.02155 0.06006 0.17950 0.31101 0.33890 0.27302 0.12845 0.06495 0.16266 0.25244 0.42309
0.00000 0.00000 0.00000 0.00000 0.00000 0.00000 0.00000 0.00000 0.00000 0.00000 0.19645 0.22328 0.16941 0.14637 0.06489 0.00000 0.00000 0.00000 0.00000 0.00000 0.00000 0.00000 0.00000 0.00000 0.00000 0.00000 0.00000 0.00000 0.00000 0.00000 0.00000 0.00000 0.00000 0.00000 0.00000 0.00000 0.00000 0.00000 0.03180 0.08115 0.15393 0.21157 0.22511 0.19804 0.14875 0.11770 0.10471 0.09122 0.02860 0.02361 0.05458 0.08429 0.12307 0.18213 0.20926 0.09171 0.08444 0.25814 0.55649 0.98822
0.00000 0.00000 0.00000 0.00000 0.00000 0.00000 0.00000 0.00000 0.00000 0.00000 0.10607 0.18699 0.27442 0.34849 0.35011 0.21384 0.04494 0.00000 0.00000 0.00000 0.00000 0.00000 0.00000 0.00000 0.00000 0.00000 0.00000 0.00000 0.00000 0.00000 0.00000 0.00000 0.00000 0.00000 0.00000 0.07473 0.11851 0.18436 0.23584 0.28023 0.30842 0.32539 0.31909 0.27846 0.21235 0.14141 0.11446 0.13637 0.17105 0.09865 0.18238 0.27975 0.48246 0.26783 0.36894 0.16608 0.13210 0.56172 1.70121 2.81636
0.00000 0.00000 0.00000 0.00000 0.00000 0.00000 0.00000 0.00000 0.00000 0.06510 0.24096 0.28900 0.33911 0.38516 0.40295 0.37927 0.16990 0.00000 0.00000 0.00000 0.00000 0.00000 0.00000 0.00000 0.00000 0.00000 0.00000 0.00000 0.00000 0.00000 0.00000 0.00000 0.05242 0.11582 0.18595 0.27744 0.37940 0.40217 0.40011 0.47048 0.47067 0.48086 0.45305 0.40549 0.36057 0.28461 0.24985 0.31190 0.47898 0.55606 0.43626 0.39475 0.77341 1.33718 1.20281 0.62498 0.49292 1.68263 4.68508 6.82761
0.00000 0.00000 0.00000 0.00000 0.00000 0.00000 0.00000 0.00000 0.00000 0.11987 0.59646 0.63236 0.48441 0.40929 0.33912 0.23343 0.05934 0.00000 0.00000 0.00000 0.00000 0.00000 0.00000 0.00000 0.00000 0.00000 0.00000 0.00000 0.00000 0.00000 0.00000 0.00000 0.12013 0.17153 0.26038 0.36951 0.43364 0.50357 0.52219 0.79903 0.89191 0.74076 0.61980 0.56995 0.51913 0.54065 0.71610 1.21054 1.86754 1.72293 0.97537 0.48794 1.48443 3.44591 4.25260 3.39017 3.15132 5.07263 8.56285 11.00834
0.00000 0.00000 0.00000 0.00000 0.00000 0.00000 0.00000 0.00000 0.22561 0.73740 1.46594 1.29683 0.69473 0.37284 0.23477 0.07734 0.00000 0.00000 0.00000 0.00000 0.00000 0.00000 0.00000 0.00000 0.00000 0.00000 0.00000 0.00000 0.00000 0.00000 0.00000 0.00000 0.06548 0.16290 0.28363 0.44924 0.62216 0.87619 1.18129 1.33023 1.53102 1.36559 1.19098 1.12686 1.02588 1.35048 2.35545 3.78676 5.16965 5.02346 3.70280 2.94755 4.61790 7.98898 9.38590 8.61205 7.89605 9.31123 11.60831 12.36288
0.00000 0.00000 0.00000 0.00000 0.00000 0.00000 0.00000 0.00000 0.32917 1.04025 1.48705 1.11942 0.70542 0.29090 0.04324 0.00000 0.00000 0.00000 0.00000 0.00000 0.00000 0.00000 0.00000 0.00000 0.00000 0.00000 0.00000 0.00000 0.00000 0.00000 0.00000 0.00000 0.00000 0.03759 0.20452 0.37305 0.55881 0.82218 1.18175 1.63040 2.18146 2.84953 3.54696 3.62760 4.13241 5.45448 7.85995 10.44762 10.62098 9.65675 9.09837 8.54482 10.03048 13.77372 14.50548 12.38798 11.23360 12.04539 13.38818 14.18312
0.00000 0.00000 0.00000 0.00000 0.00000 0.00000 0.00000 0.00000 0.09265 0.24585 0.51199 0.50911 0.24155 0.00000 0.00000 0.00000 0.00000 0.00000 0.00000 0.00000 0.00000 0.00000 0.00000 0.00000 0.00000 0.00000 0.00000 0.10617 0.69538 0.51923 0.00000 0.00000 0.00000 0.00000 0.04593 0.26058 0.43594 0.68397 1.04195 1.57398 2.47249 4.04646 6.02622 7.81981 10.48956 14.58582 18.87289 20.21867 17.90970 13.11581 10.72022 10.18001 11.46025 14.85331 15.39507 13.69730 11.23179 11.34943 13.58781 16.34292
0.00000 0.00000 0.00000 0.00000 0.00000 0.00000 0.00000 0.00000 0.00000 0.00000 0.00000 0.00000 0.00000 0.00000 0.00000 0.00000 0.00000 0.00000 0.00000 0.00000 0.00000 0.00000 0.00000 0.00000 0.00000 0.00000 0.00000 0.71730 1.54596 1.42517 0.49358 0.00000 0.00000 0.00000 0.00000 0.08059 0.29072 0.50052 0.83200 1.26618 2.06305 3.98623 6.93274 9.30422 12.40599 18.25113 26.32719 29.71571 25.68424 16.37374 9.66339 7.55176 8.34793 9.82018 10.33881 9.77290 9.27605 9.74088 12.74812 16.76732
0.00000 0.00000 0.00000 0.00000 0.00000 0.00000 0.00000 0.00000 0.00000 0.00000 0.06308 0.35978 0.44327 0.05867 0.00000 0.00000 0.00000 0.00000 0.00000 0.00000 0.00000 0.00000 0.00000 0.00000 0.00000 0.00000 0.06284 1.54725 2.68416 2.85938 1.89054 0.30950 0.00000 0.00000 0.00000 0.00000 0.10083 0.29651 0.62895 0.99534 1.55708 3.53722 7.23646 10.12130 12.09818 16.79561 26.73283 29.90175 25.49737 14.76606 5.65599 2.81212 3.08471 3.27484 3.66974 5.10269 6.88571 8.64581 11.71523 15.57771
0.00000 0.00000 0.00000 0.00000 0.00000 0.00000 0.00000 0.00000 0.00000 0.04250 0.28820 0.66032 0.97024 0.42448 0.10377 0.00000 0.00000 0.00000 0.00000 0.00000 0.00000 0.00000 0.00000 0.00000 0.00000 0.00000 0.60269 2.31164 3.69886 4.09219 3.05257 1.31826 0.07420 0.00000 0.00000 0.00000 0.00000 0.12407 0.47538 0.91076 1.37637 3.25299 7.06847 9.71025 11.37173 15.85915 22.95030 24.74167 18.96141 10.16555 2.80667 0.60631 0.75470 0.61813 0.69920 2.44716 5.27324 7.43133 9.32883 12.34196
0.00000 0.00000 0.00000 0.00000 0.00000 0.00000 0.00000 0.00000 0.00000 0.05935 0.44541 0.92314 1.98864 4.12349 4.59521 0.40912 0.00000 0.00000 0.00000 0.00000 0.00000 0.00000 0.00000 0.00000 0.00000 0.45297 1.59785 3.25680 5.11766 5.89225 4.65386 2.19998 0.23217 0.00000 0.00000 0.00000 0.00000 0.06849 0.38998 0.96976 1.81136 3.65980 6.54622 9.32578 11.40770 14.18713 16.51881 16.30750 11.92805 6.38512 2.31106 0.77860 0.43763 0.24404 0.36926 1.29015 2.80588 3.82373 4.63507 5.75907
0.00000 0.00000 0.00000 0.00000 0.00000 0.00000 0.00000 0.00000 0.00000 0.02045 0.37096 0.87841 2.10933 9.50844 8.61692 1.78868 0.00000 0.00000 0.00000 0.00000 0.00000 0.00000 0.00000 0.00000 0.11883 0.94409 2.54963 4.65637 7.34827 9.17863 6.89459 2.83962 0.12552 0.00000 0.00000 0.00000 0.00000 0.08386 0.42652 1.20027 2.60754 3.97082 4.98260 6.68102 8.41762 9.11733 8.72542 6.73808 5.36299 4.11034 2.83185 1.59096 0.72714 0.38301 0.40525 0.72072 0.93354 0.79293 0.87740 1.42796
0.00000 0.00000 0.00000 0.00000 0.00000 0.00000 0.00000 0.00000 0.00000 0.00000 0.03133 0.50158 1.37122 2.35841 1.78028 0.21853 0.00000 0.00000 0.00000 0.00000 0.00000 0.00000 0.00000 0.00000 0.24007 1.31735 4.02623 8.97965 14.51167 14.89015 9.40867 3.69243 0.41857 0.00000 0.00000 0.00000 0.00000 0.03077 0.29773 1.12142 2.64272 3.78637 4.13958 4.38258 4.56828 4.10714 3.55519 3.04994 3.29412 2.93606 2.99952 2.58463 1.55859 0.90212 0.30111 0.25784 0.03397 0.00000 0.00000 0.07579
0.00000 0.00000 0.00000 0.00000 0.00000 0.00000 0.00000 0.00000 0.00000 0.00000 0.00000 0.00000 0.10864 0.08263 0.00000 0.00000 0.00000 0.00000 0.00000 0.00000 0.00000 0.00000 0.00000 0.00000 0.42954 4.64645 10.35653 16.25073 17.18699 15.11516 8.99724 3.41107 0.57001 0.00000 0.00000 0.00000 0.00000 0.00000 0.14818 0.73301 2.03093 3.04023 3.32778 2.79766 1.90133 1.55168 1.91515 2.81256 3.13046 4.12612 4.29382 4.19740 3.60631 2.17291 0.75485 0.09984 0.00000 0.00000 0.00000 0.00000
0.00000 0.00000 0.00000 0.00000 0.00000 0.00000 0.00000 0.00000 0.00000 0.00000 0.00000 0.00000 0.00000 0.00000 0.00000 0.00000 0.00000 0.00000 0.00000 0.00000 0.00000 0.00000 0.00000 0.00000 1.06470 11.88451 27.14404 36.55337 30.01772 17.86341 8.79564 2.50169 0.15859 0.00000 0.00000 0.00000 0.06599 0.10090 0.15750 0.49021 1.38957 2.38826 2.45368 1.49949 0.57351 0.59103 1.84741 4.17982 7.93773 12.38961 12.51268 11.82769 6.22457 3.98971 1.49803 0.28677 0.00000 0.00000 0.00000 0.00000
0.00000 0.00000 0.00000 0.00000 0.00000 0.00000 0.00000 0.00000 0.00000 0.00000 0.00000 0.00000 0.00000 0.00000 0.00000 0.00000 0.00000 0.00000 0.00000 0.00000 0.00000 0.00000 0.00000 0.00000 0.00000 10.87093 27.91555 46.79300 49.44154 25.79465 6.85290 0.41852 0.00000 0.00000 0.00000 0.12974 0.27764 0.27208 0.16848 0.40474 1.11917 2.33384 2.72069 2.13748 1.20708 1.93283 9.19920 22.02345 26.47660 23.85789 24.00908 23.81324 15.73252 6.90123 2.95644 0.60594 0.04818 0.00000 0.00000 0.00000
0.00000 0.00000 0.00000 0.00000 0.00000 0.00000 0.00000 0.00000 0.00000 0.00000 0.00000 0.00000 0.00000 0.00000 0.00000 0.00000 0.00000 0.00000 0.00000 0.00000 0.00000 0.00000 0.00000 0.00000 1.94805 7.73188 10.86193 22.09504 28.94938 15.98669 3.53268 0.21878 0.00000 0.03941 0.06075 0.34558 0.98439 0.73031 0.42093 1.01640 2.53330 6.94713 9.07665 7.23539 11.02540 23.07160 40.18708 51.00023 42.36117 24.04200 18.69210 18.95851 18.08463 8.94084 4.30347 1.51891 0.16983 0.00000 0.00000 0.00000
0.00000 0.00000 0.00000 0.00000 0.00000 0.00000 0.00000 0.00000 0.00000 0.00000 0.00000 0.00000 0.00000 0.00000 0.00000 0.00000 0.00000 0.00000 0.00000 0.00000 0.00000 0.00000 0.00000 0.23371 2.94783 6.53575 7.54371 9.99837 11.79366 5.37801 1.08530 0.08315 0.17802 1.08912 1.33966 0.82126 2.12487 2.23462 2.66223 4.24091 8.38500 21.16017 34.62419 34.13768 59.71403 77.51238 77.33206 60.71282 38.73254 18.20649 11.37071 12.04359 12.54037 11.23708 6.92004 3.10139 1.10621 0.26165 0.00000 0.00000
0.00000 0.00000 0.00000 0.00000 0.00000 0.00000 0.00000 0.00000 0.00000 0.00000 0.00000 0.02169 0.18344 0.32606 0.20909 0.02405 0.00000 0.00000 0.00000 0.00000 0.00000 0.00000 0.00000 0.69466 3.50698 7.82830 12.03055 10.47417 6.40632 2.25538 0.56412 0.13479 1.17852 3.96891 7.25237 4.75452 1.40569 2.91044 7.01296 12.98116 18.22086 27.74917 41.57580 47.72561 72.30553 82.41088 65.14245 31.09110 17.58159 16.00228 13.21081 12.05891 12.19704 10.00792 7.52710 5.19531 2.89689 1.24274 0.34011 0.06808
0.00000 0.00000 0.00000 0.00000 0.00000 0.00000 0.00000 0.06889 0.06944 0.02231 0.00000 0.26070 0.80021 1.14777 0.74330 0.09461 0.00000 0.00000 0.00000 0.00000 0.00000 0.00000 0.00000 0.23336 2.53015 4.87197 6.95835 5.69394 2.35509 0.04785 0.00000 0.00000 0.55446 2.64059 5.96622 6.53248 4.28371 7.71195 14.65038 29.97171 30.32320 21.62787 50.82317 51.77003 36.94381 39.90026 35.10518 17.40748 11.42993 11.32357 11.44686 11.18244 9.33647 7.73593 8.17015 7.61945 5.32230 2.60904 0.94763 0.25384
0.00000 0.00000 0.00000 0.00000 0.00000 0.00000 0.11434 0.36197 0.48493 0.34792 0.22777 0.37514 1.35879 2.18736 1.13087 0.16327 0.00000 0.00000 0.00000 0.00000 0.00000 0.00000 0.00000 0.00000 0.47019 1.07903 1.42348 0.74127 0.09191 0.00000 0.00000 0.00000 0.36770 1.29864 2.51436 5.80635 10.57492 15.47945 25.28921 41.22419 41.46738 34.84544 62.71545 56.16643 33.72874 22.97754 18.21158 11.36850 5.79300 5.32528 6.57513 6.64374 6.48513 8.49547 9.18423 9.29341 7.66220 3.91265 1.11911 0.31677
0.00000 0.00000 0.00000 0.00000 0.00000 0.00000 0.35735 1.18698 2.34758 2.78335 1.77305 0.45952 0.95982 1.54896 0.88784 0.06095 0.00000 0.00000 0.00000 0.00000 0.00000 0.00000 0.00000 0.00000 0.00000 0.00000 0.00000 0.00000 0.00000 0.00000 0.00000 0.05578 0.87970 1.86693 2.87246 9.68288 19.45627 21.04241 26.23269 34.01665 37.54927 44.11169 55.24978 50.34113 37.43099 25.76970 16.98901 8.53125 3.09380 2.46328 3.39608 4.89671 7.68633 11.51870 11.48135 11.68635 9.75111 5.24862 1.00124 0.46273
0.00000 0.00000 0.00000 0.00000 0.00000 0.00000 0.26916 0.81798 4.34679 7.58594 4.42222 1.61670 0.68590 0.88015 0.82978 0.40302 0.02497 0.00000 0.00000 0.00000 0.05139 0.13640 0.00000 0.00000 0.00000 0.00000 0.00000 0.00000 0.00000 0.00000 0.00000 0.21954 1.03404 2.13803 4.29815 10.13036 15.51583 15.75331 18.11405 20.81558 22.96670 24.34542 28.32495 25.65887 17.60986 11.77115 10.48051 4.12801 1.79299 1.77102 3.07986 5.84549 11.00585 15.40308 17.03401 19.08984 13.10026 7.45572 2.20450 1.48131
0.00000 0.00000 0.00000 0.00000 0.00000 0.00000 0.04913 0.67325 3.21794 5.85544 4.83185 2.98592 1.35945 0.49411 0.49551 0.37510 0.02486 0.00000 0.02068 0.29147 0.64711 0.37996 0.02340 0.00000 0.02211 0.00000 0.00000 0.00000 0.00000 0.00000 0.00000 0.00000 0.36496 1.07873 2.23453 3.16455 3.29009 4.26692 6.21974 6.61439 6.57200 5.92468 4.89456 3.60808 3.65249 4.91543 3.60462 2.58320 1.48642 1.30431 2.78868 6.74267 14.12359 17.60041 18.35434 27.39643 21.26044 11.72512 4.02078 2.59154
0.00000 0.00000 0.00000 0.00000 0.00000 0.00000 0.00000 0.23125 1.90095 3.32022 4.28535 5.23229 2.73080 0.86332 0.16918 0.00000 0.00000 0.04092 0.73768 2.68303 3.09021 0.89983 0.12847 0.41648 0.51205 0.28704 0.04471 0.00000 0.00000 0.00000 0.00000 0.00000 0.00000 0.00000 0.00000 0.00000 0.00000 0.00000 0.15675 0.00000 0.47203 1.01176 0.42878 0.74829 1.54925 2.62323 2.10277 1.41880 0.85864 0.70652 1.89156 6.06780 14.81786 19.94857 23.12119 25.12459 21.31383 11.18877 4.20205 2.93851
0.00000 0.00000 0.00000 0.00000 0.00000 0.00000 0.00000 0.04805 0.80023 1.52701 3.68538 8.13168 4.88679 1.72173 0.29945 0.09629 0.44248 0.60377 1.92460 6.78964 6.85676 2.46935 1.29518 1.65831 1.52202 0.67983 0.09791 0.00000 0.00000 0.00000 0.00000 0.00000 0.00000 0.00000 0.00000 0.00000 0.00000 0.00000 0.00000 0.00000 0.00000 0.08481 0.15192 0.41975 1.18058 1.60442 0.99034 0.57947 0.37970 0.35872 1.44900 4.46349 10.80211 15.66327 16.25337 14.29507 14.47343 8.93186 4.69853 3.77208
0.00000 0.00000 0.00000 0.00000 0.00000 0.00000 0.00000 0.00000 0.26024 1.31459 1.89279 3.25873 3.58442 1.63988 0.29142 0.45769 2.11093 1.77745 1.30342 3.75041 3.61792 2.96137 2.86628 2.79361 2.21267 1.24601 0.42361 0.15935 0.05892 0.00000 0.00000 0.00000 0.00000 0.00000 0.00000 0.00000 0.00000 0.00000 0.00000 0.00000 0.00000 0.00000 0.08412 0.41150 0.89246 1.25827 0.88921 0.41696 0.32270 0.42727 1.66729 4.05269 7.05207 9.27952 8.99776 6.71183 8.79020 7.04957 5.66387 5.89679
0.00000 0.00000 0.00000 0.00000 0.00000 0.00000 0.00000 0.00000 0.46753 2.55581 4.53196 5.52752 2.87815 0.93253 0.70676 1.08762 3.19234 2.53280 0.77352 0.76988 2.83483 5.10956 3.89945 2.82253 2.32257 1.71873 1.14281 0.58926 0.36094 0.44240 0.02234 0.00000 0.00000 0.00000 0.00000 0.00000 0.00000 0.00000 0.00000 0.00000 0.00000 0.00000 0.00000 0.09650 0.73129 1.20866 1.08002 0.43336 0.26325 0.52939 1.66574 4.37396 6.32854 6.47821 6.06281 5.49403 6.38180 6.47229 5.96040 6.75837
0.00000 0.00000 0.00000 0.00000 0.00000 0.00000 0.00000 0.00000 0.70715 3.16800 7.68424 9.67932 3.94254 3.88917 5.19579 3.03223 3.57577 5.03083 4.13958 2.44231 2.89447 4.83361 2.89793 1.63542 1.51103 1.69406 2.38076 2.92966 2.33639 1.19562 0.13012 0.00000 0.00000 0.00000 0.00000 0.00000 0.00000 0.00000 0.00000 0.00000 0.00000 -99999.00000 -99999.00000 0.00000 0.42664 1.24991 1.34740 0.65699 0.22476 0.73320 2.02800 3.98568 5.03840 4.67827 4.17514 3.42548 4.87803 6.64746 6.52658 7.62261
0.00000 0.00000 0.00000 0.00000 0.00000 0.00000 0.00000 0.00000 0.13926 1.68775 3.64156 4.87332 6.54199 9.41290 11.67203 9.31285 7.65137 10.65257 11.89060 5.10114 1.68114 1.52693 0.66280 0.28985 0.50036 1.29229 2.43287 4.18198 3.60210 1.36779 0.17141 0.00000 0.08102 0.10915 0.03050 -99999.00000 -99999.00000 -99999.00000 -99999.00000 -99999.00000 -99999.00000 -99999.00000 -99999.00000 0.00000 0.05036 1.02292 1.27271 0.93189 0.73224 1.40613 2.33544 3.23455 3.79556 3.77685 4.12676 6.25481 8.97318 8.98010 6.73135 6.13977
0.00000 0.00000 0.00000 0.00000 -99999.00000 0.00000 0.00000 0.00000 0.00000 0.11362 1.44501 4.45676 9.05156 12.18084 13.46130 10.38045 5.07224 5.92110 8.92859 3.90936 1.50583 0.27123 0.07046 0.00000 0.00000 0.39090 0.97486 1.55699 1.19525 0.42381 0.00000 0.00000 0.10016 0.34033 -99999.00000 -99999.00000 -99999.00000 -99999.00000 -99999.00000 -99999.00000 -99999.00000 -99999.00000 -99999.00000 -99999.00000 0.00000 0.30041 1.03411 2.20212 3.81975 2.91729 2.49942 2.60141 2.84829 4.23021 8.15001 11.96292 13.50595 11.68665 7.84569 5.22550
-99999.00000 -99999.00000 -99999.00000 -99999.00000 -99999.00000 0.00000 0.00000 0.00000 0.00000 0.02423 1.27723 4.56620 9.12979 11.32911 11.05264 6.17128 1.82500 1.96025 2.53516 1.51177 0.94775 0.45876 0.03114 0.08913 0.02714 0.00000 0.12073 0.30713 0.05016 0.00000 0.00000 0.00000 0.00000 0.00000 -99999.00000 -99999.00000 -99999.00000 -99999.00000 -99999.00000 -99999.00000 -99999.00000 -99999.00000 -99999.00000 -99999.00000 -99999.00000 0.15160 2.70996 6.44420 8.35752 5.54505 3.07502 2.64774 3.30858 6.73010 9.91646 11.85785 15.81852 16.84433 10.59227 4.92639
