DATA/RAW-RASTER/CPC/2017/20170527.asc
ncols			60
nrows			40
xllcorner		70.0
yllcorner		20.0
cellsize		0.5
NODATA_value	-99999
0.03764 0.22170 0.38445 0.38568 0.27586 0.14564 0.02883 0.00000 0.00000 0.00000 0.00000 0.00000 0.00000 0.00000 0.00000 0.00000 0.00000 0.00000 0.00000 0.00000 0.00000 0.00000 0.00000 0.00000 0.00000 0.00000 0.02120 0.00000 0.00000 0.00000 0.00000 0.00000 0.00000 0.00000 0.00000 0.00000 0.00000 0.00000 0.00000 0.00000 0.00000 0.00000 0.00000 0.00000 0.00000 0.00000 0.00000 0.00000 0.00000 0.00000 0.00000 0.00000 0.00000 0.00000 0.00000 0.00000 0.00000 0.00000 0.00000 0.00000
0.04456 0.28692 0.65077 0.71903 0.41197 0.16612 0.00000 0.00000 0.00000 0.00000 0.00000 0.00000 0.00000 0.00000 0.00000 0.00000 0.00000 0.00000 0.00000 0.00000 0.00000 0.00000 0.00000 0.00000 0.00000 0.00000 0.00000 0.00000 0.00000 0.00000 0.00000 0.00000 0.00000 0.00000 0.00000 0.00000 0.00000 0.00000 0.00000 0.00000 0.00000 0.00000 0.00000 0.00000 0.00000 0.00000 0.00000 0.00000 0.00000 0.00000 0.00000 0.00000 0.00000 0.00000 0.00000 0.00000 0.00000 0.00000 0.00000 0.00000
0.00000 0.13691 0.34187 0.40969 0.26368 0.07464 0.00000 0.00000 0.00000 0.00000 0.00000 0.00000 0.00000 0.00000 0.00000 0.00000 0.00000 0.00000 0.00000 0.00000 0.00000 0.00000 0.00000 0.00000 0.00000 0.00000 0.00000 0.00000 0.00000 0.00000 0.00000 0.00000 0.00000 0.00000 0.00000 0.00000 0.00000 0.00000 0.00000 0.00000 0.00000 0.00000 0.00000 0.00000 0.00000 0.00000 0.00000 0.00000 0.00000 0.00000 0.00000 0.00000 0.00000 0.00000 0.00000 0.00000 0.00000 0.00000 0.00000 0.00000
0.00000 0.00000 0.07852 0.11527 0.05727 0.00000 0.00000 0.00000 0.00000 0.00000 0.00000 0.00000 0.00000 0.00000 0.00000 0.00000 0.00000 0.00000 0.00000 0.00000 0.00000 0.00000 0.00000 0.00000 0.00000 0.00000 0.00000 0.00000 0.00000 0.00000 0.00000 0.00000 0.00000 0.00000 0.00000 0.00000 0.00000 0.00000 0.00000 0.00000 0.00000 0.00000 0.00000 0.00000 0.00000 0.00000 0.00000 0.00000 0.00000 0.00000 0.00000 0.00000 0.00000 0.00000 0.00000 0.00000 0.00000 0.00000 0.00000 0.00000
0.00000 0.00000 0.00000 0.00000 0.00000 0.00000 0.00000 0.00000 0.00000 0.00000 0.00000 0.00000 0.00000 0.00000 0.00000 0.00000 0.00000 0.00000 0.00000 0.00000 0.00000 0.00000 0.00000 0.00000 0.00000 0.00000 0.00000 0.00000 0.00000 0.00000 0.00000 0.00000 0.00000 0.00000 0.00000 0.00000 0.00000 0.00000 0.00000 0.00000 0.00000 0.00000 0.00000 0.00000 0.00000 0.00000 0.00000 0.00000 0.00000 0.00000 0.00000 0.00000 0.00000 0.00000 0.00000 0.00000 0.00000 0.00000 0.00000 0.00000
0.00000 0.00000 0.00000 0.00000 0.00000 0.00000 0.00000 0.00000 0.00000 0.00000 0.00000 0.00000 0.00000 0.00000 0.00000 0.00000 0.00000 0.00000 0.00000 0.00000 0.00000 0.00000 0.00000 0.00000 0.00000 0.00000 0.00000 0.00000 0.00000 0.00000 0.00000 0.00000 0.00000 0.00000 0.00000 0.00000 0.00000 0.00000 0.00000 0.00000 0.00000 0.00000 0.00000 0.00000 0.00000 0.00000 0.00000 0.00000 0.00000 0.00000 0.00000 0.00000 0.00000 0.00000 0.00000 0.00000 0.00000 0.00000 0.00000 0.00000
0.00000 0.00000 0.00000 0.00000 0.00000 0.00000 0.00000 0.00000 0.00000 0.00000 0.00000 0.00000 0.00000 0.00000 0.00000 0.00000 0.00000 0.00000 0.00000 0.00000 0.00000 0.00000 0.00000 0.00000 0.00000 0.00000 0.00000 0.00000 0.00000 0.00000 0.00000 0.00000 0.00000 0.00000 0.00000 0.00000 0.00000 0.05719 0.10639 0.14243 0.16113 0.24269 0.34987 0.26072 0.27168 0.23331 0.04633 0.00000 0.00000 0.00000 0.00000 0.00000 0.00000 0.00000 0.00000 0.00000 0.00000 0.00000 0.00000 0.00000
0.00000 0.00000 0.00000 0.00000 0.00000 0.00000 0.00000 0.00000 0.00000 0.00000 0.00000 0.00000 0.00000 0.00000 0.00000 0.00000 0.00000 0.00000 0.00000 0.00000 0.00000 0.00000 0.00000 0.02302 0.03501 0.04965 0.05751 0.04422 0.04615 0.00000 0.00000 0.00000 0.00000 0.04456 0.07188 0.12232 0.21265 0.34656 0.50665 0.69010 0.90886 1.18371 1.42318 1.33681 0.90354 0.56642 0.34582 0.17371 0.06717 0.02757 0.02369 0.02720 0.00000 0.00000 0.00000 0.00000 0.00000 0.00000 0.00000 0.00000
0.00000 0.00000 0.00000 0.00000 0.00000 0.00000 0.00000 0.00000 0.00000 0.00000 0.00000 0.00000 0.00000 0.00000 0.00000 0.00000 0.00000 0.04860 0.05634 0.05955 0.06637 0.07933 0.09979 0.12864 0.16443 0.20485 0.24523 0.27758 0.28088 0.21712 0.06919 0.06600 0.18933 0.28252 0.32102 0.44595 0.76478 1.18499 1.64107 2.19829 2.79838 3.21592 3.21643 2.58949 1.65969 0.98463 0.68003 0.57364 0.38719 0.29421 0.33679 0.47834 0.52406 0.32320 0.29193 0.27319 0.10122 0.21015 0.17639 0.10481
0.00000 0.00000 0.00000 0.00000 0.00000 0.00000 0.00000 0.00000 0.00000 0.00000 0.00000 0.00000 0.00000 0.00000 0.00000 0.00000 0.12031 0.34589 0.38641 0.42623 0.47976 0.53999 0.59454 0.65835 0.71957 0.76136 0.80929 0.82640 0.83819 1.02087 1.15059 1.31400 1.68614 1.71415 1.81540 1.90513 2.41640 3.13888 3.75930 4.41089 4.83137 5.04527 4.86320 4.10822 2.87179 1.49667 0.91916 1.09975 1.35903 1.67421 2.08677 2.36649 2.24520 1.68512 1.09258 0.86250 0.83338 0.77840 0.66673 0.34165
0.00000 0.00000 0.00000 0.00000 0.00000 0.00000 0.00000 0.00000 0.00000 0.00000 0.00000 0.00000 0.00000 0.00000 0.00000 0.00000 0.78795 1.17458 1.39179 1.55456 1.66889 1.75328 1.80563 1.88055 1.92497 1.79992 1.70787 1.63511 1.73897 2.10842 3.00331 4.28268 4.68220 5.10496 5.60569 6.44084 6.92738 6.47607 6.14811 6.18460 6.35801 6.65200 6.67595 6.24795 5.63181 4.20552 2.85099 2.47271 2.77502 3.43809 4.00344 4.05735 3.67430 2.64891 1.53975 1.01208 0.88496 0.85327 0.57008 0.04385
0.00000 0.00000 0.00000 0.00000 0.00000 0.00000 0.00000 0.00000 0.00000 0.00000 0.00000 0.00000 0.00000 0.00000 0.00000 0.04601 1.03590 1.82168 2.27733 2.50652 2.58137 2.61229 2.60340 2.59842 2.49112 2.36874 2.26313 2.25821 2.48117 3.48619 5.18878 6.28057 6.67317 6.94543 7.56252 8.34623 8.50855 8.40173 8.15956 7.82758 7.88272 7.78700 7.67829 7.54903 7.58880 6.95537 5.70503 4.88308 4.85212 4.85179 4.73339 4.48606 4.19271 3.13244 1.87092 1.15947 0.85007 0.60615 0.11935 0.00000
0.00000 0.00000 0.00000 0.00000 0.00000 0.00000 0.00000 0.00000 0.00000 0.00000 0.00000 0.00000 0.00000 0.00000 0.00000 0.06674 0.96667 1.80397 2.43417 2.68901 2.72517 2.77391 2.77804 2.72577 2.63714 2.55283 2.51286 2.55871 2.84974 4.20054 5.95221 6.83661 7.34643 7.92590 8.79990 9.51570 9.63112 9.93724 10.19302 9.42175 8.84558 8.58435 8.45975 8.14687 7.81175 7.59350 7.17048 6.43481 6.66911 6.76369 6.02355 5.02466 4.04876 2.48481 1.30472 0.85737 0.61157 0.34138 0.08602 0.00000
0.00000 0.00000 0.00000 0.00000 0.00000 0.00000 0.00000 0.00000 0.00000 0.00000 0.00000 0.00000 0.00000 0.00000 0.00000 0.00000 0.72625 1.78046 2.46694 2.72379 2.80160 2.80527 2.81564 2.75557 2.68592 2.62000 2.57972 2.58475 3.03276 4.54366 6.34168 7.27293 7.92201 8.65705 9.57355 10.36723 10.61268 10.78847 10.72087 10.24635 9.58152 9.15007 8.67528 8.21834 7.99028 7.49104 6.89455 6.85924 7.57571 8.65445 8.92814 7.10974 3.96242 1.42200 0.50182 0.44173 0.45713 0.32890 0.15043 0.05469
0.00000 0.00000 0.00000 0.00000 0.00000 0.00000 0.00000 0.00000 0.00000 0.00000 0.00000 0.00000 0.00000 0.00000 0.00000 0.00000 0.50300 1.57662 2.36529 2.72858 2.86894 2.84410 2.82262 2.73823 2.64884 2.54505 2.41122 2.31315 2.69803 4.20010 6.16055 7.23799 8.01995 8.89283 10.00729 10.68696 11.11179 11.27107 11.32948 11.25360 10.74278 9.45382 7.99780 7.34209 7.31020 6.83900 5.96965 5.76686 7.04196 8.58535 9.13300 7.33971 3.80267 1.26293 0.43296 0.48900 0.61860 0.56546 0.35761 0.14533
0.00000 0.00000 0.00000 0.00000 0.00000 0.00000 0.00000 0.00000 0.00000 0.00000 0.00000 0.00000 0.00000 0.00000 0.00000 0.00000 0.21382 1.14906 2.10513 2.63545 2.78182 2.78614 2.78433 2.70217 2.56678 2.33716 2.00597 1.58974 2.04049 3.46192 5.43493 7.05644 8.02063 9.22505 10.55225 11.07921 11.28298 11.22604 11.29945 11.32651 11.03900 9.73166 7.84634 6.65718 6.72054 6.27445 5.24115 4.73620 5.23776 6.02565 5.68842 4.43582 2.77838 1.30554 0.71623 0.77486 1.00625 0.98193 0.64340 0.22545
0.00000 0.00000 0.00000 0.00000 0.00000 0.00000 0.00000 0.00000 0.00000 0.00000 0.00000 0.00000 0.00000 0.00000 0.00000 0.00000 0.00000 0.53685 1.41696 2.13600 2.53041 2.64083 2.57862 2.40248 2.08681 1.66232 1.25073 0.81007 1.05550 2.32356 4.40619 6.64042 7.92306 9.06904 9.75817 10.28536 10.73248 10.74674 10.85847 11.02497 11.09881 10.22042 8.31142 7.46401 7.39857 6.53399 5.19646 4.02414 3.74192 3.14218 1.97200 1.26337 1.01237 0.62334 0.49316 0.74890 1.14741 1.30943 0.99251 0.40383
0.00000 0.00000 0.00000 0.00000 0.00000 0.00000 0.00000 0.00000 0.00000 0.00000 0.00000 0.00000 0.00000 0.00000 0.00000 0.00000 0.00000 0.08072 0.61991 1.20849 1.69567 1.97032 1.90593 1.59694 1.17016 0.79612 0.48284 0.23893 0.17430 1.28966 3.03412 5.13661 7.33979 8.86554 9.63148 10.31714 10.71221 10.50251 10.79707 10.99667 10.85394 10.08696 8.44591 7.44442 7.37921 7.14929 5.64127 4.00204 2.81225 1.66736 0.55330 0.16420 0.24216 0.20159 0.20959 0.56372 1.16436 1.60042 1.73314 1.68514
0.00000 0.00000 0.00000 0.00000 0.00000 0.00000 0.00000 0.00000 0.00000 0.00000 0.00000 0.00000 0.00000 0.00000 0.00000 0.00000 0.00000 0.00000 0.02477 0.48961 0.98075 1.18898 1.15062 0.86181 0.54378 0.29447 0.12715 0.16087 0.15816 0.32219 1.63567 3.18720 5.01096 6.90172 8.42222 9.68235 10.03706 10.09481 10.17388 10.06906 9.60268 8.37168 6.91837 6.68044 6.90549 6.61676 4.89565 3.18826 1.87003 0.93283 0.31273 0.11220 0.12583 0.16475 0.25041 0.61041 1.34088 2.16025 3.17199 4.50935
0.00000 0.00000 0.00000 0.00000 0.00000 0.00000 0.00000 0.00000 0.00000 0.00000 0.00000 0.00000 0.00000 0.00000 0.00000 0.00000 0.00000 0.00000 0.10739 0.79521 1.04394 1.17501 1.00657 0.62840 0.28479 0.20811 0.26945 0.54694 0.49360 0.37751 0.71383 1.58625 2.31995 3.56001 5.30603 7.02851 7.67715 7.54488 7.42821 7.04043 5.89187 3.73280 2.56857 3.06555 3.98173 3.80406 2.55533 1.27499 0.63719 0.35677 0.14220 0.03466 0.09903 0.22105 0.43412 0.92240 1.59460 2.11166 3.25036 6.52918
0.00000 0.00000 0.00000 0.00000 0.00000 0.00000 0.00000 0.00000 0.00000 0.00000 0.00000 0.00000 0.04733 0.44665 0.57189 0.38604 0.13066 0.00000 0.46140 1.15989 1.73283 2.00328 1.55930 0.71862 0.27016 0.41379 0.77404 1.01000 1.14343 1.10664 0.94623 0.90300 0.93747 1.13121 1.76852 2.63218 2.87123 2.45512 2.47789 2.78196 2.06927 0.80673 0.34037 0.66955 1.17798 1.14707 0.73166 0.27459 0.08267 0.03025 0.00000 0.00000 0.06212 0.30589 0.54206 1.05268 1.50656 1.94532 3.19312 6.24783
0.00000 0.00000 0.00000 0.00000 0.00000 0.00000 0.00000 0.00000 0.00000 0.00000 0.00000 0.02639 0.68684 1.76674 1.99536 1.17549 0.87291 0.55075 0.51539 1.04958 2.49719 3.18352 2.31003 1.02529 0.60420 1.65347 2.07928 1.60203 1.16175 1.25277 1.46558 1.17974 0.65913 0.36890 0.42442 0.73336 0.72867 0.33981 0.43671 0.79172 0.45706 0.12263 0.05516 0.13446 0.19358 0.17041 0.05925 0.00000 0.00000 0.00000 0.00000 0.00000 0.00000 0.17700 0.67205 0.95277 1.26085 1.70022 2.86826 4.66592
0.00000 0.00000 0.00000 0.00000 0.00000 0.00000 0.00000 0.00000 0.00000 0.00000 0.00000 0.04830 0.97547 2.56225 4.97551 3.83382 2.82176 1.64597 0.55771 0.57307 1.63999 2.48034 2.41932 2.35256 3.49379 6.32628 6.64332 3.24711 1.44325 1.72911 2.30433 2.09777 1.12875 0.35676 0.22824 0.68811 0.88638 0.56712 0.33106 0.28002 0.11896 0.00000 0.00000 0.00000 0.00000 0.00000 0.00000 0.00000 0.00000 0.00000 0.00000 0.00000 0.00000 0.06155 0.68215 0.87792 0.87610 0.94719 1.79925 3.51901
0.00000 0.00000 0.00000 0.00000 0.00000 0.00000 0.00000 0.00000 0.00000 0.00000 0.00000 0.00000 0.58215 2.18948 4.88983 5.69497 5.22851 3.14842 0.91002 0.21447 0.37704 1.08992 1.63545 3.00707 7.37012 14.31858 14.80596 7.35058 3.70961 4.69605 4.15287 3.85105 2.99287 1.78557 1.50560 2.10180 2.26153 1.49073 0.56572 0.35586 0.23525 0.00000 0.00000 0.00000 0.00000 0.00000 0.00000 0.00000 0.00000 0.00000 0.00000 0.00000 0.00000 0.05361 0.68049 0.85187 0.83885 0.71397 1.13437 2.69075
0.00000 0.00000 0.00000 0.00000 0.00000 0.00000 0.00000 0.00000 0.00000 0.00000 0.00000 0.00000 0.11324 1.11935 3.12722 4.91463 5.36982 3.60896 1.36158 0.07731 0.00000 0.14208 0.43342 1.87384 9.31697 21.13681 26.61900 21.27953 13.29909 8.01675 6.73053 6.36171 7.06564 6.64259 5.57162 6.23590 5.77336 3.18130 1.03629 0.97695 0.63429 0.00000 0.00000 0.00000 0.00000 0.00000 0.00000 0.00000 0.00000 0.00000 0.00000 0.00000 0.00000 0.00000 0.64641 1.31603 1.44985 1.44493 1.13746 1.68355
0.00000 0.00000 0.00000 0.00000 0.00000 0.00000 0.00000 0.00000 0.00000 0.00000 0.00000 0.00000 0.00000 0.50758 1.94967 3.09189 3.26835 2.48056 0.96528 0.00000 0.00000 0.00000 0.04435 1.27720 7.69421 18.00518 25.46009 23.24133 14.81119 5.32426 3.64949 6.74627 10.37848 9.88597 7.43140 9.92993 9.16641 7.91087 4.62530 2.13863 0.27740 0.00000 0.00000 0.00000 0.00000 0.00000 0.00000 0.00000 0.00000 0.00000 0.00000 0.00000 0.00000 0.18771 2.03947 2.78437 2.45608 1.84136 1.11400 1.27015
0.00000 0.00000 0.00000 0.00000 0.00000 0.00000 0.00000 0.00000 0.00000 0.00000 0.00000 0.00000 0.00000 0.21466 1.09642 1.70185 1.63814 1.32421 0.37538 0.00000 0.00000 0.00000 0.00000 1.15969 5.13341 9.14922 10.01042 10.37040 7.33844 2.11029 1.12243 2.64721 4.87301 4.74512 2.84818 3.43876 2.86577 4.75212 3.55226 0.36061 0.00000 0.00000 0.00000 0.00000 0.00000 0.00000 0.00000 0.00000 0.11870 0.04685 0.00000 0.00000 0.00000 1.65196 4.31731 5.73739 4.79359 2.91597 1.58999 1.19885
0.00000 0.00000 0.00000 0.00000 0.00000 0.00000 0.00000 0.00000 0.00000 0.00000 0.00000 0.00000 0.00000 0.00000 0.25782 0.69379 0.66423 0.92438 0.36156 0.00000 0.00000 0.00000 0.00000 0.32477 2.47239 3.93963 4.44586 3.91864 2.02118 0.04387 0.00000 0.07874 0.47478 0.87555 0.79578 1.26333 1.49061 1.34030 0.14299 0.00000 0.00000 0.14823 0.30632 0.42924 0.24358 0.00000 0.06319 1.01224 2.17323 2.49461 2.33250 2.12450 2.07682 3.22130 6.05342 8.38449 7.43546 4.58754 2.41230 1.45092
0.00000 0.00000 0.00000 0.00000 0.00000 0.00000 0.00000 0.00000 0.00000 0.00000 0.00000 0.00000 0.00000 0.00000 0.04317 0.60946 1.65196 1.70087 0.56553 0.00000 0.00000 0.00000 0.00000 0.38077 1.07561 1.69850 2.16784 1.06645 0.07993 0.00000 0.00000 0.00000 0.00000 0.02595 0.14444 0.77281 2.74975 3.94957 0.81055 0.05420 1.35968 2.00181 3.11609 4.41720 3.12959 0.54378 0.40182 2.52755 5.11648 4.81220 4.33092 3.07094 2.70476 4.56412 6.55262 9.20958 9.83907 6.30572 2.83597 1.74994
0.00000 0.00000 0.00000 0.00000 0.00000 0.00000 0.00000 0.00000 0.00000 0.00000 0.00000 0.00000 0.00000 0.00000 0.02072 0.29389 1.07583 1.09363 0.35730 0.00000 0.00000 0.00000 0.00000 0.33247 1.11495 2.08600 2.41524 0.55369 0.02968 0.00000 0.00000 0.00000 0.00000 0.00000 0.00000 0.34602 1.53654 2.67793 1.56912 3.08596 8.94895 10.83341 6.45972 3.76079 3.66981 0.99171 1.10838 2.89720 3.96993 4.15152 4.19781 3.50823 3.84543 5.91197 6.40791 9.61098 11.75982 7.98147 3.02808 1.90255
0.00000 0.00000 0.00000 0.00000 0.00000 0.00000 0.00000 0.00000 0.00000 0.00000 0.00000 0.00000 0.00000 0.00000 0.00000 0.12359 0.32763 0.20172 0.05592 0.00000 0.00000 0.00000 0.00000 0.26396 1.05175 1.80660 1.72228 0.59767 0.00000 0.00000 0.00000 0.00000 0.00000 0.00000 0.00000 0.00000 0.15417 0.58682 1.15488 6.49833 14.98609 15.50128 5.52107 0.32916 1.52607 1.95185 2.15715 2.83563 3.25213 3.64580 4.15799 4.19933 5.35411 7.04198 8.28453 11.35509 10.82137 8.07904 3.36214 2.10215
0.00000 0.00000 0.00000 0.00000 0.00000 0.00000 0.00000 0.00000 0.00000 0.00000 0.00000 0.00000 0.00000 0.00000 0.00000 0.00000 0.00000 0.00000 0.02005 0.28696 0.21847 0.07392 0.06845 0.36818 0.94164 1.25909 0.96191 0.18137 0.00000 0.00000 0.00000 0.00000 0.00000 0.00000 0.00000 0.00000 1.25961 4.54046 4.26713 8.19509 10.09644 7.63512 2.32566 1.03868 3.31024 3.00340 1.96461 2.64892 2.98413 3.03502 3.30607 4.12042 6.34371 7.30344 7.54824 11.78956 10.33057 6.86513 2.50933 1.09727
0.00000 0.00000 0.00000 0.00000 0.00000 0.00000 0.00000 0.00000 0.00000 0.00000 0.00000 0.00000 0.00000 0.00000 0.00000 0.00000 0.00000 0.03788 0.73382 2.73571 3.07601 0.93335 0.46608 1.07562 1.45878 1.04520 0.47961 0.02801 0.00000 0.00000 0.00000 0.00000 0.00000 0.00000 0.00000 0.00000 5.56585 26.91631 17.45071 6.44641 3.23440 3.88096 4.88817 4.65983 5.72051 4.64204 2.69504 2.08279 1.83540 1.72702 1.87363 3.30708 6.35911 7.97686 9.09504 9.94122 8.41125 4.17164 1.00648 0.20807
0.00000 0.00000 0.00000 0.00000 0.00000 0.00000 0.00000 0.00000 0.00000 0.00000 0.00000 0.00000 0.00000 0.00000 0.00000 0.02893 0.00000 0.08302 1.90027 6.90755 6.67784 2.25381 1.51664 2.69554 2.71917 1.24620 0.20626 0.00000 0.00000 0.00000 0.00000 0.00000 0.00000 0.00000 0.00000 0.00000 1.34403 10.17173 7.18560 4.03175 4.51784 4.03314 8.11569 8.61050 12.75858 8.80994 3.38759 1.82092 1.35862 1.26358 1.33211 2.45882 4.75245 6.31433 6.36107 5.47506 5.12611 2.49967 0.45148 0.00000
0.00000 0.00000 0.00000 0.00000 0.00000 0.00000 0.00000 0.00000 0.00000 0.00000 0.00000 0.00000 0.00000 0.00000 0.16477 0.38458 0.14642 0.54009 1.42911 3.86849 3.21591 1.88046 2.51821 4.07363 3.64454 1.85467 0.39967 0.00000 0.00000 0.00000 0.00000 0.00000 0.00000 0.00000 0.00000 0.03676 1.04987 1.97099 1.11143 1.59430 1.57697 0.44442 1.56971 6.35571 17.83660 13.62131 5.92924 2.41859 1.63906 1.45526 1.61205 2.30758 3.37128 3.93471 3.53388 2.46410 2.74011 1.49919 0.14713 0.00000
0.00000 0.00000 0.00000 0.00000 0.00000 0.00000 0.00000 0.00000 0.00000 0.00000 0.00000 0.00000 0.00000 0.00000 0.38297 0.35738 0.73110 2.01712 1.82391 0.96369 0.47722 0.91588 2.33407 3.46454 3.28638 1.91153 0.12384 0.00000 0.00000 0.00000 0.00000 0.00000 0.00000 0.00000 0.00000 0.00000 0.21363 0.51172 0.53873 0.27474 0.00000 0.00000 0.00000 1.15364 9.27495 11.23586 7.27146 2.82829 1.55099 1.39352 1.57807 2.71783 3.45008 3.20406 2.65565 1.97515 1.57882 0.73643 0.00000 0.00000
0.00000 0.00000 0.00000 0.00000 0.00000 0.00000 0.00000 0.00000 0.00000 0.00000 0.00000 0.00000 0.00000 0.43928 3.02836 2.64054 2.34018 2.60315 1.62946 0.46644 0.39311 2.19808 3.88681 2.94494 2.11975 0.86833 0.00000 0.00000 0.00000 0.00000 0.00000 0.00000 0.02870 0.20846 0.17106 0.00000 0.00000 0.00000 0.00000 0.00000 0.00000 -99999.00000 -99999.00000 0.00000 1.39153 3.05146 4.71851 2.35657 1.14596 1.18182 1.50697 3.55224 4.25903 3.80198 3.07429 1.99230 1.21862 0.10458 0.00000 0.00000
0.00000 0.00000 0.00000 0.00000 0.00000 0.00000 0.00000 0.00000 0.00000 0.00000 0.00000 0.00000 0.00000 1.44765 6.61584 9.86628 6.29376 2.42595 1.15771 1.36493 2.05455 5.46534 8.07457 2.51810 1.47194 0.70032 0.09040 0.00000 0.00000 0.00000 0.10118 0.34134 0.37942 0.41722 0.35809 -99999.00000 -99999.00000 -99999.00000 -99999.00000 -99999.00000 -99999.00000 -99999.00000 -99999.00000 0.00000 0.00000 0.00000 0.84134 1.30319 0.82331 0.90717 1.91718 3.88551 5.18313 5.29137 5.51497 6.05791 5.13474 1.62268 0.00000 0.00000
0.00000 0.00000 0.00000 0.00000 -99999.00000 0.00000 0.00000 0.00000 0.00000 0.00000 0.00000 0.00000 0.00000 0.60357 4.90539 11.01243 5.93668 2.67607 2.38540 3.13537 4.07835 6.51341 7.86070 4.37753 2.20609 1.18562 0.41468 0.15918 0.00000 0.00000 0.24191 0.85476 0.74196 0.16077 -99999.00000 -99999.00000 -99999.00000 -99999.00000 -99999.00000 -99999.00000 -99999.00000 -99999.00000 -99999.00000 -99999.00000 0.00000 0.00000 0.00000 0.27281 0.59913 0.73781 2.26941 4.34260 5.54117 7.70851 12.63785 13.80804 10.42962 5.65893 1.42901 0.08112
-99999.00000 -99999.00000 -99999.00000 -99999.00000 -99999.00000 0.00000 0.00000 0.00000 0.00000 0.00000 0.00000 0.00000 0.00000 0.40579 3.21699 6.47963 6.50425 7.05283 4.41891 3.84579 4.63113 5.79601 6.43584 4.45524 3.01674 2.39871 1.61403 1.12818 0.32887 0.02551 0.20967 0.50991 0.51437 0.08699 -99999.00000 -99999.00000 -99999.00000 -99999.00000 -99999.00000 -99999.00000 -99999.00000 -99999.00000 -99999.00000 -99999.00000 -99999.00000 0.00000 0.00000 0.00000 0.13228 1.18545 3.14767 4.83675 6.78287 13.59052 17.65488 15.98398 13.14083 8.40948 3.33489 0.47287
