DATA/RAW-RASTER/CPC/2017/20170530.asc
ncols			60
nrows			40
xllcorner		70.0
yllcorner		20.0
cellsize		0.5
NODATA_value	-99999
5.51040 8.77762 6.94074 5.26659 5.44271 7.25388 8.91041 7.63865 5.39284 3.26477 1.25986 0.39047 0.21742 0.12596 0.00000 0.00000 0.00000 0.00000 0.00000 0.00000 0.00000 0.00000 0.00000 0.02731 0.06815 0.13781 0.21893 0.25262 0.22235 0.13517 0.05466 0.00000 0.00000 0.00000 0.00000 0.00000 0.00000 0.00000 0.00000 0.00000 0.00000 0.00000 0.00000 0.00000 0.00000 0.00000 0.00000 0.00000 0.00000 0.00000 0.00000 0.00000 0.00000 0.00000 0.00000 0.00000 0.00000 0.00000 0.00000 0.00000
23.57830 21.26854 11.80482 7.78794 6.87583 8.54779 9.24676 7.25133 5.02028 2.72997 0.81321 0.02971 0.00000 0.00000 0.00000 0.00000 0.00000 0.00000 0.00000 0.00000 0.00000 0.00000 0.00000 0.02200 0.04645 0.08585 0.13523 0.17319 0.16390 0.09614 0.03732 0.00000 0.00000 0.00000 0.00000 0.00000 0.00000 0.00000 0.00000 0.00000 0.00000 0.00000 0.00000 0.00000 0.00000 0.00000 0.00000 0.00000 0.00000 0.00000 0.03049 0.09501 0.05736 0.16942 0.33094 0.26334 0.17586 0.07195 0.00000 0.00000
25.41091 17.95080 10.08585 6.71324 5.21573 4.88807 3.77092 2.02209 1.60251 1.35380 0.50356 0.00000 0.00000 0.00000 0.00000 0.00000 0.00000 0.00000 0.00000 0.00000 0.00000 0.00000 0.00000 0.00000 0.02703 0.05313 0.08795 0.12049 0.11249 0.05449 0.02295 0.00000 0.00000 0.00000 0.00000 0.00000 0.00000 0.00000 0.00000 0.00000 0.00000 0.00000 0.00000 0.00000 0.00000 0.00000 0.00000 0.00000 0.00000 0.17445 0.42507 0.58114 0.82456 1.31790 1.58700 1.29552 0.89654 0.61489 0.33477 0.11540
7.84901 4.68482 3.70890 3.15766 2.27812 1.58095 0.93889 0.21008 0.20235 0.34176 0.09816 0.00000 0.00000 0.00000 0.00000 0.00000 0.00000 0.00000 0.00000 0.00000 0.00000 0.00000 0.00000 0.00000 0.00000 0.02365 0.04775 0.06911 0.04974 0.00000 0.00000 0.00000 0.00000 0.00000 0.00000 0.00000 0.00000 0.00000 0.00000 0.00000 0.00000 0.00000 0.00000 0.00000 0.00000 0.00000 0.00000 0.00000 0.09630 0.41165 0.62170 0.80907 1.30557 2.34885 3.28981 3.32457 2.41895 1.61491 0.92792 0.49606
2.01177 1.79642 0.98485 0.78872 0.83791 0.73997 0.47631 0.16280 0.06822 0.09629 0.00000 0.00000 0.00000 0.00000 0.00000 0.00000 0.00000 0.00000 0.00000 0.00000 0.00000 0.00000 0.00000 0.00000 0.00000 0.00000 0.00000 0.03026 0.00000 0.00000 0.00000 0.00000 0.00000 0.00000 0.00000 0.00000 0.00000 0.00000 0.00000 0.00000 0.00000 0.02808 0.05178 0.09577 0.06484 0.00000 0.00000 0.06741 0.28256 0.41362 0.56923 0.79153 1.53014 2.83747 3.86097 4.20142 3.60289 2.41792 1.37999 0.85747
0.06946 0.27829 0.14825 0.11135 0.26681 0.36139 0.31631 0.20649 0.11756 0.08390 0.04340 0.00000 0.00000 0.00000 0.00000 0.00000 0.00000 0.00000 0.00000 0.00000 0.00000 0.00000 0.00000 0.00000 0.00000 0.00000 0.00000 0.00000 0.00000 0.00000 0.00000 0.00000 0.00000 0.00000 0.00000 0.00000 0.00000 0.00000 0.03917 0.08167 0.12182 0.20934 0.37889 0.67287 0.96075 0.85655 0.67384 0.54135 0.36069 0.30888 0.39489 0.66504 1.41366 2.24130 2.92152 3.46429 3.79591 3.03830 1.78543 0.98388
0.00000 0.00000 0.00000 0.00000 0.04193 0.11145 0.23929 0.25145 0.25084 0.33461 0.29588 0.10487 0.07987 0.00000 0.00000 0.00000 0.00000 0.00000 0.00000 0.00000 0.00000 0.00000 0.00000 0.00000 0.00000 0.00000 0.00000 0.00000 0.00000 0.00000 0.00000 0.00000 0.00000 0.00000 0.00000 0.02024 0.07434 0.15546 0.26719 0.42452 0.64969 1.15044 1.95001 2.88045 3.37341 3.15088 2.26077 1.16312 0.43355 0.14725 0.16461 0.44225 1.06792 1.83853 2.66941 3.36114 3.75505 3.55356 2.68502 1.53563
0.00000 0.00000 0.00000 0.00000 0.00000 0.00000 0.06080 0.18952 0.47315 1.09113 1.52304 1.45392 1.09633 0.54660 0.20706 0.07542 0.02243 0.00000 0.00000 0.00000 0.00000 0.00000 0.00000 0.00000 0.02601 0.03687 0.04262 0.03273 0.03414 0.00000 0.00000 0.00000 0.00000 0.00000 0.02819 0.11170 0.31182 0.57276 0.93225 1.45090 2.26184 3.68821 5.86463 7.84600 7.75449 7.03569 5.53546 2.99425 1.06491 0.28083 0.21435 0.54483 1.21469 2.09022 3.01916 3.75289 4.85120 5.29041 4.05678 2.64536
0.00000 0.00000 0.00000 0.02572 0.29728 0.68181 0.79027 1.03426 1.43426 2.13588 2.91866 3.10480 2.77901 2.02180 1.04471 0.38857 0.13824 0.04468 0.04231 0.04475 0.04987 0.05956 0.07471 0.09612 0.12247 0.15208 0.18175 0.20563 0.20840 0.15586 0.03649 0.00000 0.00000 0.05868 0.21375 0.50083 0.91366 1.51742 2.26731 3.35553 4.90880 6.88107 9.04358 10.60347 11.16945 11.58906 10.98002 8.42874 4.02892 1.69894 1.24230 1.64945 2.71075 4.73324 6.63906 7.15374 7.91493 8.16348 7.11459 4.92664
0.00000 0.12979 0.30907 0.46115 1.59085 2.29170 1.80270 1.30957 1.85407 3.53238 3.84665 3.46206 3.32349 3.15461 2.61354 1.55013 0.84591 0.54439 0.44455 0.40562 0.41102 0.43596 0.45984 0.50173 0.54360 0.57271 0.60291 0.61487 0.58563 0.46759 0.24450 0.00000 0.00000 0.05767 0.25118 0.71898 2.00726 2.88519 3.69920 4.70235 5.71071 6.77903 7.80742 8.85048 10.20251 11.47939 11.94360 11.19550 8.97341 6.05198 4.94376 5.26078 6.31231 8.37188 10.31641 11.29513 11.81967 11.49170 10.40342 6.73295
0.00000 0.26836 1.27891 2.46377 4.15554 3.74498 2.23798 1.74083 3.02457 6.77078 7.02125 3.72694 2.99031 3.13911 3.50262 4.06551 3.36958 2.02907 1.60885 1.43220 1.37723 1.37549 1.38456 1.43357 1.46472 1.36476 1.28222 1.20639 1.08165 0.84384 0.49600 0.12760 0.04812 0.14566 0.32086 0.74771 1.96853 3.05504 3.76990 4.45314 4.96810 5.46861 5.75798 5.86842 6.64718 8.34689 9.81739 10.08473 9.24183 7.62862 6.96885 6.91695 7.20097 8.39014 10.41815 11.47040 11.68153 11.93621 10.49967 6.83537
0.00000 0.50368 1.68945 3.09135 3.68677 3.12298 1.15466 0.69666 2.03590 7.04531 9.00278 4.78285 3.08177 3.04437 3.60565 4.01704 4.12013 3.26665 2.50484 2.17175 2.02164 1.95908 1.91643 1.91436 1.86366 1.78547 1.69877 1.61364 1.46917 1.11834 0.56990 0.18468 0.08268 0.12138 0.24759 0.62952 1.12054 1.81209 2.69929 3.67059 4.32184 4.40816 4.22731 3.89622 3.66559 4.52194 6.41347 7.88136 7.99775 6.92003 6.66234 6.72386 6.72179 6.89685 8.39217 10.14082 10.31610 8.76616 6.18607 4.55611
0.04392 0.47890 1.60973 3.29162 4.14883 4.98033 4.49840 4.31346 5.01898 5.14910 5.83729 5.94270 4.14368 3.49766 4.30273 4.77769 4.37894 3.25090 2.51200 2.19807 2.05834 2.03405 2.01896 1.99181 1.95861 1.91934 1.90379 1.81396 1.58395 1.10632 0.46701 0.13326 0.04558 0.06955 0.12155 0.22241 0.37988 0.70208 1.27959 2.12682 3.25453 3.71820 3.77813 3.56379 3.35541 3.80756 4.97358 5.87605 6.27098 5.95586 5.79105 5.69756 5.20571 4.14800 4.05520 5.46335 6.35999 5.44381 3.94667 3.21991
0.02560 0.36987 1.48970 2.98641 4.80519 7.47741 10.55731 13.32619 10.61921 9.23111 7.56075 6.70650 7.31692 8.24317 9.93366 6.47683 4.64152 3.37863 2.42128 2.11595 2.05278 2.02770 2.03354 2.00812 1.98870 1.99357 1.97225 1.83402 1.55793 0.92792 0.33425 0.07732 0.03419 0.03151 0.04711 0.08849 0.16763 0.30699 0.56966 1.01939 1.74997 2.84669 3.54557 3.71740 3.87962 4.17069 4.66211 5.14413 4.98303 4.62295 4.41965 4.22440 3.22450 1.84788 1.47705 2.32169 3.61208 4.16107 3.85649 3.57490
0.00000 0.05027 0.77230 1.63118 2.75752 5.29064 10.66888 14.32177 10.52264 10.31662 9.80007 7.87697 8.46337 8.96648 8.90706 6.20971 5.31272 3.46818 2.36127 2.06335 2.05975 2.03778 2.03005 1.99478 2.01616 1.99515 1.86084 1.70357 1.41063 0.79944 0.17070 0.06079 0.05142 0.03775 0.02889 0.03442 0.05463 0.11877 0.24765 0.51238 1.06625 2.02149 3.05784 3.82346 4.50540 5.05115 5.36006 5.30699 5.00437 4.21577 3.65672 3.37444 2.42666 1.39120 1.17008 1.98874 3.03428 3.78429 4.19121 4.30247
0.00000 0.00000 0.08055 0.49402 0.68966 1.30302 4.10128 6.47310 5.06583 5.09483 6.73935 7.30314 6.89387 7.71806 11.07855 10.68602 5.84200 3.37193 2.42861 2.12219 2.04005 2.05040 2.04553 2.09424 2.09531 1.83426 1.60103 1.46743 1.21064 0.74551 0.17019 0.08438 0.08124 0.06297 0.04337 0.02756 0.02657 0.04012 0.08667 0.21507 0.59708 1.59039 2.99470 3.93169 4.76455 5.41865 5.99937 6.17019 5.80811 4.91948 4.07690 3.57718 2.83516 1.87720 1.73411 2.53771 3.62792 4.21769 4.85280 5.26120
0.00000 0.00000 0.00000 0.06718 0.10898 0.30976 1.25007 1.87839 1.54501 2.33011 4.85861 9.13171 10.60925 7.60134 8.25717 10.69771 6.08500 3.31303 2.64421 2.38842 2.31335 2.28691 2.28576 2.23913 1.85097 1.37508 1.09970 1.11733 1.13534 0.83568 0.51390 0.21429 0.13775 0.11065 0.07312 0.03928 0.00000 0.00000 0.03844 0.07268 0.29354 1.29456 3.21964 4.71765 5.34569 5.59901 6.25306 6.11334 5.81781 5.30521 4.88789 4.57240 3.28491 1.84125 1.56612 2.40951 3.66492 4.57509 5.65631 7.16771
0.00000 0.00000 0.00000 0.00000 0.00000 0.03252 0.31977 0.66074 0.88151 2.42074 6.20199 11.31554 12.71510 10.83364 11.40760 10.09987 6.47661 3.40768 2.95192 3.07028 3.18228 3.13785 2.81799 2.26694 1.18125 0.78569 0.68559 0.92203 1.14986 1.14508 0.82433 0.52430 0.25792 0.21963 0.16058 0.09503 0.03733 0.02385 0.06558 0.07158 0.22366 1.15881 3.15659 4.67120 5.31488 5.98387 6.43980 6.20740 5.60535 5.37609 4.99663 4.46136 2.96281 1.32635 0.91916 1.77666 3.31013 4.46314 5.32853 6.65479
0.00000 0.00000 0.00000 0.00000 0.00000 0.00000 0.00000 0.39251 1.14998 3.27537 7.35419 11.75752 9.50530 6.83416 10.31803 11.23807 7.84931 3.63794 3.98056 5.26608 5.04110 4.26787 3.14093 1.96997 1.06694 0.58585 0.72473 1.13636 1.49245 1.62638 1.25734 0.70628 0.39940 0.39580 0.38957 0.32399 0.21528 0.19332 0.32297 0.38838 0.56151 1.28687 2.66816 4.15763 5.17684 6.04531 6.53882 6.86611 6.66632 5.98978 4.64126 3.53999 2.55794 1.44469 1.06111 1.58181 2.74693 3.63584 4.05632 4.16273
0.00000 0.00000 0.00000 0.00000 0.00000 0.00000 0.00000 0.13211 0.55993 2.35588 4.81455 5.81251 3.26469 3.61772 7.33059 10.96290 8.13455 3.54838 8.13528 12.85478 8.45759 5.21807 3.07752 1.61312 0.79616 0.59878 0.97063 1.72267 2.25646 2.48728 1.86363 0.80593 0.40096 0.51441 0.77814 1.09472 1.27125 1.40254 1.57268 1.49026 1.33027 1.30727 1.63177 2.60231 3.92819 5.09239 6.37840 7.13931 8.53091 8.52977 7.53271 5.46103 3.41637 2.17439 1.61650 1.95217 2.63426 2.86029 2.94512 2.71601
0.00000 0.00000 0.00000 0.00000 0.00000 0.00000 0.00000 0.07227 0.49155 1.70987 2.34532 1.95967 1.58051 2.12525 3.35014 3.96391 2.88697 4.42937 13.24034 23.06150 13.51868 6.77582 3.89671 1.58171 0.57175 0.72412 1.54310 2.68171 4.18122 4.34798 2.74710 1.13269 0.45619 0.39408 0.95213 1.96165 2.99221 3.50753 3.50923 3.18386 2.17465 1.33091 1.14595 1.64162 2.71828 3.98514 5.53827 7.19495 9.87440 9.60963 9.87118 9.01883 6.14503 4.10853 2.51139 2.60023 2.75867 2.75610 2.79267 2.22096
0.00000 0.00000 0.00000 0.00000 0.00000 0.00000 0.02297 0.55179 1.51573 2.61568 2.37224 1.13008 0.99516 0.27779 0.27432 0.37997 0.33829 2.24362 10.08423 18.20889 13.72152 7.61901 4.46408 1.54727 0.82962 2.30147 3.57459 4.33967 4.79031 4.54203 2.93684 1.21704 0.31680 0.21731 0.62977 1.89182 3.70479 4.54550 4.77460 4.94856 3.53462 1.90257 1.43252 1.68136 2.41592 3.31552 4.94501 8.20614 10.22877 13.36947 14.08981 13.87836 12.36745 8.86519 5.30853 3.99345 4.07101 3.93267 3.37025 2.06469
0.00000 0.00000 0.00000 0.00000 0.00000 0.00000 0.17622 1.22889 2.99213 4.75999 5.94837 5.17627 2.44391 0.10769 0.00000 0.00000 0.00000 0.08871 0.94781 3.64703 6.97363 6.50805 4.27400 2.79890 4.30734 7.43705 9.32752 8.41017 7.36612 5.62485 3.33016 1.30897 0.19426 0.00000 0.32012 1.88058 5.06824 7.56126 8.76482 9.31380 7.28039 3.99992 2.49899 2.16071 2.20238 2.67725 4.71203 9.63925 20.25763 35.00050 37.68771 36.72557 21.10306 15.81915 9.94860 7.00233 6.30205 6.01435 5.08092 2.97290
0.00000 0.00000 0.00000 0.00000 0.00000 0.00000 0.18730 1.08893 3.21525 5.22518 7.28425 6.87533 2.17360 0.10193 0.00000 0.00000 0.00000 0.00000 0.00000 0.10108 1.62158 4.56987 6.49022 7.54767 10.56930 14.28805 14.81705 12.30028 12.39369 10.14326 3.96139 1.42062 0.29989 0.00000 0.02950 2.47856 7.50440 13.97281 17.18476 17.73623 13.53823 6.98423 3.50868 2.55350 2.31466 3.26033 11.67522 31.99151 50.93846 62.45507 72.55514 74.16441 50.30530 25.69558 16.96267 10.76640 9.43483 7.43525 5.69760 4.45583
0.00000 0.00000 0.00000 0.00000 0.00000 0.00000 0.09601 0.70405 1.93803 2.30219 2.37520 2.36498 0.64452 0.03650 0.00000 0.00000 0.00000 0.00000 0.00000 0.00000 0.48873 3.31626 8.16363 12.07206 15.31347 18.93211 20.37214 18.45282 17.28700 15.02907 6.76953 2.43931 0.57790 0.02015 0.14634 3.36807 10.56283 16.72309 24.40162 26.10818 18.61745 12.04067 5.99777 2.95636 4.63285 12.13436 31.05885 55.41315 63.03619 58.23322 59.21088 61.01455 58.54323 31.67298 21.73577 17.22885 14.49245 12.02581 5.95834 4.49624
0.00000 0.00000 0.00000 0.00000 0.00000 0.00000 0.00000 0.13959 0.65843 0.72841 1.03925 1.64356 1.06788 0.34977 0.03933 0.00000 0.00000 0.00000 0.00000 0.00000 0.03505 1.47193 5.01193 8.89747 12.28074 16.62981 20.32516 19.78919 18.96691 19.95216 15.42561 6.59339 1.71422 0.86259 0.66439 4.49430 17.03271 16.95311 24.54879 22.98449 18.43397 17.06353 10.12016 6.68639 11.71338 26.33087 51.59157 64.88316 51.77690 40.16942 37.09481 41.17187 43.35844 39.06653 28.32914 19.99547 13.45001 9.47471 5.01660 4.89353
0.00000 0.00000 0.00000 0.00000 0.00000 0.00000 0.00000 0.00000 0.11750 0.43724 1.28378 2.27929 1.72089 0.78767 0.08666 0.00000 0.00000 0.00000 0.00000 0.00000 0.00000 0.18497 1.58849 4.44699 7.62889 10.40562 11.89486 12.54258 12.33918 11.93840 9.82819 5.26089 4.31801 4.37757 3.87058 6.43465 13.29519 13.21334 13.10282 11.93111 10.63061 8.07586 10.02106 10.74907 11.75395 28.53622 53.84765 54.38931 42.39260 44.52827 43.87143 43.91642 43.60485 32.32901 21.22345 16.05378 11.27638 7.72085 4.98207 4.65577
0.00000 0.00000 0.00000 0.00000 0.00000 0.00000 0.00000 0.00000 0.00000 0.16794 0.76634 1.31466 1.08820 0.51844 0.03698 0.00000 0.00000 0.00000 0.00000 0.00000 0.00000 0.00000 0.19640 1.34888 3.48964 5.11710 6.63186 6.85821 5.54374 3.65967 1.71372 1.13250 4.40700 7.54022 4.23226 4.39992 4.76776 3.09707 2.28324 3.16896 3.69687 4.28681 11.07730 15.23882 19.83782 40.94355 69.34628 64.63516 65.10138 62.59442 59.81626 53.53218 33.35653 16.99885 11.70087 11.73399 10.84415 8.08695 5.36206 3.71112
0.00000 0.00000 0.00000 0.00000 0.00000 0.00000 0.00000 0.00000 0.00000 0.00000 0.05783 0.24249 0.26928 0.02384 0.00000 0.00000 0.00000 0.00000 0.02848 0.15685 0.10736 0.04073 0.02151 0.45010 0.99459 1.35826 2.91909 3.75920 2.59933 1.47177 0.73333 0.95257 2.69698 4.06786 2.25085 1.02449 1.19676 0.92005 1.13550 2.97280 4.99427 10.66183 27.94019 46.97511 56.26348 67.36849 81.54440 72.50873 76.15700 69.75538 66.73263 44.07365 19.74283 11.71630 7.98290 10.08779 11.87159 9.75769 6.06010 3.53785
0.00000 0.00000 0.00000 0.00000 0.00000 0.00000 0.00000 0.00000 0.00000 0.00000 0.00000 0.00000 0.05428 0.00000 0.07447 0.00000 0.00000 0.00000 0.20133 1.33550 1.17968 0.44019 0.44214 0.92022 0.89321 0.44462 1.47976 2.39983 1.43810 1.69014 1.67297 1.53810 1.40858 0.84555 0.21259 0.03666 0.17360 0.04622 0.23741 1.69877 5.47367 20.41133 47.31103 71.94062 96.58443 100.39793 84.99801 66.67704 54.31893 53.06722 53.36994 34.56963 16.44452 9.18772 6.24527 9.50376 12.38024 11.33481 8.15317 5.62873
0.00000 0.00000 0.00000 0.00000 0.00000 0.00000 0.00000 0.00000 0.00000 0.00000 0.00000 0.98322 2.83341 2.94799 0.98462 0.16209 0.00000 0.00000 0.49927 2.11656 2.44042 0.83787 0.61947 1.87413 2.04767 1.23862 1.25237 1.37728 1.24538 2.74175 3.11221 2.18115 1.54367 0.82203 0.05946 0.47451 0.35266 0.58981 0.58799 1.49151 5.19095 20.81699 51.07293 69.13906 72.09167 67.73561 65.01691 45.59813 40.80484 44.49907 46.05899 30.31946 13.86126 7.38921 6.29984 9.52999 11.00645 11.85844 9.22122 8.95394
0.00000 0.00000 0.00000 0.00000 0.00000 0.00000 0.00000 0.00000 0.00000 0.00000 0.03919 3.49059 8.21358 10.64454 5.64421 2.03220 0.03455 0.00000 0.12847 2.48247 5.07603 5.63563 4.86939 4.77110 4.09949 2.30596 1.68436 1.97274 2.40958 2.98811 3.09393 2.55236 2.28592 3.47487 5.07931 2.04878 0.61651 1.64206 2.46485 3.24683 6.00933 20.42889 41.15280 42.50136 46.02097 40.30780 28.34291 33.43550 34.76497 34.87133 31.61605 20.59203 10.82256 5.58521 4.64143 7.49544 9.24114 11.40875 9.45266 10.01089
0.00000 0.00000 0.00000 0.00000 0.00000 0.00000 0.00000 0.00000 0.00000 0.00000 0.10745 2.50743 7.09882 12.91842 9.98194 4.49675 0.88416 0.00000 0.00000 1.89263 11.58934 22.42481 19.60093 11.89735 6.63979 3.16361 1.48034 2.05787 2.60968 2.29620 1.68921 1.80707 2.05848 4.87487 13.03384 6.27365 1.83634 3.52282 6.66255 14.25421 12.49967 24.11662 50.03773 54.21232 47.06523 27.38766 18.00399 17.38593 17.12861 17.09903 14.49734 11.36235 7.84560 4.99132 5.28668 6.04603 7.79387 10.23561 10.39701 10.67283
0.00000 0.00000 0.00000 0.00000 0.00000 0.00000 0.00000 0.00000 0.00000 0.00000 0.00000 0.03048 1.62505 7.14116 9.71065 3.52877 0.31496 0.00000 0.13841 2.31347 13.46015 28.98942 24.64714 12.17734 5.21660 1.90660 0.45284 0.96488 1.60252 1.26365 0.89716 2.63341 2.97735 2.71788 10.40821 9.72002 2.77271 3.39233 7.14964 20.08639 28.50849 31.34436 68.16000 96.37492 84.58578 40.93989 15.28216 9.48227 8.47517 8.86822 7.67654 6.28099 4.66091 4.03426 4.07866 4.21004 7.07170 10.42566 12.21038 12.19685
0.00000 0.00000 0.00000 0.00000 0.00000 0.00000 0.00000 0.00000 0.00000 0.00000 0.00000 0.00000 0.33420 3.65297 4.56675 1.29773 0.07549 0.37522 3.04758 8.56308 18.22003 22.06754 15.74054 5.24758 1.69260 0.45192 0.05109 0.16648 0.19300 0.59269 2.10025 5.40105 7.31632 4.31410 3.95828 4.54100 5.24348 7.44497 9.38694 13.82722 12.10763 22.72465 82.81280 145.89230 94.11275 56.78565 25.60486 10.97676 8.26616 7.49255 6.00648 4.66437 3.07715 2.76154 2.82697 2.83871 6.44005 10.16048 13.35400 15.66595
0.00000 0.00000 0.00000 0.00000 0.00000 0.00000 0.00000 0.00000 0.00000 0.00000 0.00000 0.00000 0.00000 0.62975 1.15259 0.24304 0.00000 1.07851 8.67297 16.85119 17.16132 12.64350 8.22234 3.85364 1.46596 0.42643 0.00000 0.00000 0.00000 0.00000 1.43131 4.00126 5.43457 4.73914 4.29195 8.54323 9.18133 5.06232 6.69311 8.22881 7.35172 18.46721 60.17265 116.95290 94.73501 71.20397 42.52132 15.75652 8.44405 6.68072 5.23306 4.73494 2.91033 2.43146 2.62863 3.29279 6.27669 9.93426 11.37878 11.72558
0.00000 0.00000 0.00000 0.00000 0.00000 0.00000 0.00000 0.00000 0.00000 0.00000 0.00000 0.00000 0.00000 0.00000 0.00000 0.00000 0.00000 1.52557 9.01311 15.17328 11.98449 6.37588 3.99491 2.17171 0.96745 0.23393 0.00000 0.00000 0.00000 0.00000 0.18556 1.61132 3.16514 3.51241 5.70003 13.75008 13.24038 7.59964 5.53855 6.21037 9.77434 -99999.00000 -99999.00000 60.50224 69.64658 65.21319 49.04918 20.71378 8.44021 7.05637 6.58845 4.18133 2.31799 2.21225 2.41114 2.77233 5.08460 8.55157 8.53197 6.78425
0.00000 0.00000 0.00000 0.00000 0.00000 0.00000 0.00000 0.00000 0.00000 0.00000 0.00000 0.00000 0.00000 0.00000 0.00000 0.00000 0.03394 0.94200 3.55575 7.23478 7.77831 4.93828 2.15247 0.74208 0.50288 0.22178 0.02197 0.00000 0.00000 0.00000 0.49352 1.12645 1.01035 1.00373 3.31390 -99999.00000 -99999.00000 -99999.00000 -99999.00000 -99999.00000 -99999.00000 -99999.00000 -99999.00000 62.66762 55.93475 42.78602 35.43372 21.62056 10.10859 7.50261 7.07532 3.28656 1.59792 1.72695 2.32849 4.28080 6.90329 7.99123 6.16831 4.17180
0.00000 0.00000 0.00000 0.00000 -99999.00000 0.00000 0.00000 0.00000 0.00000 0.00000 0.00000 0.00000 0.00000 0.00000 0.00000 0.00000 0.00000 0.07029 0.98792 2.34408 3.56350 3.18833 1.69817 0.75412 0.44061 0.22177 0.12027 0.03194 0.00000 0.70569 3.81975 5.62777 2.45964 0.33682 -99999.00000 -99999.00000 -99999.00000 -99999.00000 -99999.00000 -99999.00000 -99999.00000 -99999.00000 -99999.00000 -99999.00000 26.93431 22.28438 20.97024 18.29718 12.11207 7.52735 4.60436 2.14742 1.34956 1.98206 4.09391 6.58381 8.53816 8.64691 6.86521 4.51408
-99999.00000 -99999.00000 -99999.00000 -99999.00000 -99999.00000 0.26993 0.05632 0.00000 0.00000 0.00000 0.00000 0.00000 0.00000 0.00000 0.00000 0.00000 0.00000 0.00000 0.05812 0.60928 1.54831 1.93691 1.50680 0.90184 0.32062 0.24879 0.14735 0.09163 0.00000 2.70880 10.90215 20.78444 8.92489 1.40861 -99999.00000 -99999.00000 -99999.00000 -99999.00000 -99999.00000 -99999.00000 -99999.00000 -99999.00000 -99999.00000 -99999.00000 -99999.00000 14.89670 15.03002 15.40970 12.89615 7.00128 3.62799 1.60423 1.58587 3.15883 4.68633 5.91417 8.80798 10.79410 8.80184 5.98927
