DATA/RAW-RASTER/CPC/2017/20170428.asc
ncols			60
nrows			40
xllcorner		70.0
yllcorner		20.0
cellsize		0.5
NODATA_value	-99999
[rows 0 to 31 of 40, columns 0 to 59 of 60]
1.25173 1.03060 0.96300 0.92115 1.04489 1.09217 0.88602 0.63929 0.38558 0.21676 0.19283 0.14576 0.16284 0.28445 0.42017 0.39383 0.21105 0.14152 0.26524 0.30230 0.19661 0.08195 0.02970 0.00000 0.00000 0.00000 0.02692 0.00000 0.00000 0.00000 0.00000 0.00000 0.00000 0.00000 0.00000 0.00000 0.00000 0.00000 0.00000 0.00000 0.00000 0.00000 0.00000 0.00000 0.00000 0.00000 0.00000 0.00000 0.00000 0.00000 0.00000 0.00000 0.00000 0.00000 0.00000 0.00000 0.00000 0.00000 0.00000 0.00000
0.93640 0.56241 0.49396 0.41885 0.36797 0.21555 0.03566 0.02009 0.00000 0.00000 0.00000 0.00000 0.00000 0.03536 0.05822 0.05515 0.03868 0.04100 0.06994 0.09059 0.08248 0.05181 0.00000 0.00000 0.00000 0.00000 0.00000 0.00000 0.00000 0.00000 0.00000 0.00000 0.00000 0.00000 0.00000 0.00000 0.00000 0.00000 0.00000 0.00000 0.00000 0.00000 0.00000 0.00000 0.00000 0.00000 0.00000 0.00000 0.00000 0.00000 0.00000 0.00000 0.00000 0.00000 0.00000 0.00000 0.00000 0.00000 0.00000 0.00000
2.67821 0.63630 0.02802 0.00000 0.00000 0.00000 0.00000 0.00000 0.00000 0.00000 0.00000 0.00000 0.00000 0.00000 0.00000 0.00000 0.00000 0.00000 0.00000 0.00000 0.00000 0.00000 0.00000 0.00000 0.00000 0.00000 0.00000 0.00000 0.00000 0.00000 0.00000 0.00000 0.00000 0.00000 0.00000 0.00000 0.00000 0.00000 0.00000 0.00000 0.00000 0.00000 0.00000 0.00000 0.00000 0.00000 0.00000 0.00000 0.00000 0.00000 0.00000 0.00000 0.00000 0.00000 0.00000 0.00000 0.00000 0.00000 0.00000 0.00000
3.98570 0.98771 0.00000 0.00000 0.00000 0.00000 0.00000 0.00000 0.00000 0.00000 0.00000 0.00000 0.00000 0.00000 0.00000 0.00000 0.00000 0.00000 0.00000 0.00000 0.00000 0.00000 0.00000 0.00000 0.00000 0.00000 0.00000 0.00000 0.00000 0.00000 0.00000 0.00000 0.00000 0.00000 0.00000 0.00000 0.00000 0.00000 0.00000 0.00000 0.00000 0.00000 0.00000 0.00000 0.00000 0.00000 0.00000 0.00000 0.00000 0.00000 0.00000 0.00000 0.00000 0.00000 0.00000 0.00000 0.00000 0.00000 0.00000 0.00000
5.41332 2.10589 0.08368 0.00000 0.00000 0.00000 0.00000 0.00000 0.00000 0.00000 0.00000 0.00000 0.00000 0.00000 0.00000 0.00000 0.00000 0.00000 0.00000 0.00000 0.00000 0.00000 0.00000 0.00000 0.00000 0.00000 0.00000 0.00000 0.00000 0.00000 0.00000 0.00000 0.00000 0.00000 0.00000 0.00000 0.00000 0.00000 0.00000 0.00000 0.00000 0.00000 0.00000 0.00000 0.00000 0.00000 0.00000 0.00000 0.00000 0.00000 0.00000 0.00000 0.00000 0.00000 0.00000 0.00000 0.00000 0.00000 0.00000 0.00000
5.75620 2.28121 0.21970 0.00000 0.00000 0.00000 0.00000 0.00000 0.00000 0.00000 0.00000 0.00000 0.00000 0.00000 0.00000 0.00000 0.00000 0.00000 0.00000 0.00000 0.00000 0.00000 0.00000 0.00000 0.00000 0.00000 0.00000 0.00000 0.00000 0.00000 0.00000 0.00000 0.00000 0.00000 0.00000 0.00000 0.00000 0.00000 0.00000 0.00000 0.00000 0.00000 0.00000 0.00000 0.00000 0.00000 0.00000 0.00000 0.00000 0.00000 0.00000 0.00000 0.00000 0.00000 0.00000 0.00000 0.00000 0.00000 0.00000 0.00000
3.80737 1.25820 0.04458 0.00000 0.00000 0.00000 0.00000 0.00000 0.00000 0.20850 0.33301 0.14904 0.06285 0.00000 0.00000 0.00000 0.00000 0.00000 0.00000 0.00000 0.00000 0.00000 0.00000 0.00000 0.00000 0.00000 0.00000 0.00000 0.00000 0.00000 0.00000 0.00000 0.00000 0.00000 0.00000 0.00000 0.00000 0.02472 0.04407 0.05661 0.06216 0.08682 0.11664 0.07802 0.02888 0.00000 0.00000 0.00000 0.00000 0.00000 0.00000 0.00000 0.00000 0.00000 0.00000 0.00000 0.00000 0.00000 0.00000 0.00000
1.31045 0.47114 0.27818 0.10603 0.18930 0.28118 0.39458 0.69685 1.43502 2.30198 3.16916 2.48751 1.41023 0.52603 0.15762 0.05512 0.00000 0.00000 0.00000 0.00000 0.00000 0.00000 0.00000 0.00000 0.00000 0.00000 0.00000 0.00000 0.00000 0.00000 0.00000 0.00000 0.00000 0.02328 0.03754 0.06083 0.09769 0.14955 0.21267 0.28165 0.35244 0.42412 0.44953 0.36720 0.21135 0.09420 0.03397 0.02804 0.02650 0.02102 0.02702 0.03154 0.00000 0.00000 0.00000 0.00000 0.00000 0.00000 0.00000 0.00000
0.46487 1.09478 0.80744 0.57914 0.79317 1.05466 1.26100 2.18677 3.50742 4.84985 5.86592 5.36104 4.00894 2.53913 0.98112 0.30047 0.09587 0.00000 0.00000 0.00000 0.00000 0.00000 0.00000 0.00000 0.00000 0.00000 0.00000 0.00000 0.00000 0.00000 0.00000 0.00000 0.04204 0.10804 0.14715 0.22039 0.34755 0.49725 0.65611 0.81890 0.96597 1.02883 0.95484 0.71551 0.39829 0.15493 0.06418 0.10173 0.16006 0.22409 0.33387 0.49731 0.51653 0.25385 0.12335 0.04569 0.00000 0.00000 0.00000 0.00000
2.23196 2.64150 1.96736 1.74367 1.78507 2.40468 3.09464 3.66897 5.81402 9.10801 7.50452 5.46311 4.62956 4.03701 3.09747 1.61441 0.42653 0.00000 0.00000 0.00000 0.00000 0.00000 0.00000 0.00000 0.00000 0.00000 0.00000 0.00000 0.00000 0.07159 0.15105 0.22578 0.26779 0.33474 0.54301 0.67060 0.85569 1.07307 1.27843 1.45809 1.57064 1.60207 1.50957 1.25244 0.82879 0.34029 0.13581 0.27297 0.59557 1.11382 1.67056 2.07497 2.04385 1.42214 0.59255 0.15571 0.00000 0.00000 0.00000 0.00000
4.21811 4.80850 3.71715 2.61687 2.27357 3.43024 5.96092 9.18563 14.19954 17.99141 12.77221 5.25149 3.47872 3.08525 2.84911 2.39122 0.75958 0.00000 0.00000 0.00000 0.00000 0.00000 0.00000 0.00000 0.00000 0.00000 0.00000 0.00000 0.05374 0.17798 0.41177 0.66141 0.77071 0.90139 1.11105 1.31422 1.43423 1.56242 1.72931 1.88544 1.99968 2.09423 2.10859 2.00601 1.79360 1.31005 0.86468 0.84610 1.35183 2.32649 3.17211 3.53931 3.52897 2.77579 1.37319 0.41150 0.10589 0.05665 0.00000 0.00000
8.36419 7.88981 5.85262 3.75996 3.47493 5.06469 6.02283 9.10551 16.90802 15.88251 13.76570 6.66913 3.20048 2.29847 1.85312 1.26512 0.24831 0.00000 0.00000 0.00000 0.00000 0.00000 0.00000 0.00000 0.00000 0.00000 0.00000 0.02055 0.09566 0.33833 0.72643 0.96603 1.10242 1.14301 1.21544 1.32589 1.42471 1.57756 1.81091 2.06650 2.27249 2.37913 2.44723 2.46339 2.46871 2.27341 1.89188 1.78017 2.29854 3.07674 3.63561 3.87108 4.20909 4.33540 3.32046 1.71171 0.74783 0.34857 0.10062 0.05191
12.29873 10.48012 7.75517 5.79178 5.98292 8.39789 9.23281 9.52092 14.03154 10.63648 10.03779 8.29373 3.77482 1.72657 1.12613 0.38058 0.00000 0.00000 0.00000 0.00000 0.00000 0.00000 0.00000 0.00000 0.00000 0.00000 0.00000 0.02868 0.13473 0.46225 0.87884 1.08426 1.16990 1.21296 1.25976 1.29425 1.30827 1.40713 1.63408 1.91126 2.22742 2.48285 2.62977 2.65478 2.59091 2.50940 2.39671 2.41643 2.87445 3.30365 3.58009 3.88773 4.66195 5.75027 5.68488 4.09081 2.23173 0.93791 0.29221 0.12716
9.45243 8.21348 6.28808 5.31340 6.33330 8.65780 9.57218 9.11313 7.84681 7.66239 7.88816 5.90880 3.81775 1.59236 0.23995 0.00000 0.00000 0.00000 0.00000 0.00000 0.00000 0.00000 0.00000 0.00000 0.00000 0.00000 0.00000 0.03465 0.17745 0.55864 0.97601 1.16350 1.22497 1.26998 1.31520 1.32493 1.28652 1.24783 1.25956 1.40301 1.72039 2.16101 2.52660 2.66707 2.72148 2.68205 2.70301 2.93336 3.12353 3.19007 3.27623 3.86484 5.07837 6.44383 6.63690 5.53624 3.73884 2.06185 1.14970 0.96116
4.22014 3.19976 2.48111 2.46429 2.97806 4.49271 6.19620 5.99919 3.54575 1.75393 2.10064 1.94049 1.00840 0.02935 0.00000 0.00000 0.00000 0.00000 0.00000 0.00000 0.00000 0.00000 0.00000 0.00000 0.00000 0.00000 0.00000 0.03182 0.20406 0.58637 1.00184 1.18149 1.25657 1.31934 1.38353 1.38194 1.32598 1.22719 1.12607 1.08710 1.18102 1.38818 1.66330 1.95911 2.33957 2.76142 3.16575 3.42248 3.63670 3.52635 3.33324 3.97527 5.09211 6.35522 6.49640 5.70691 4.21115 3.15600 2.72393 2.61132
0.92012 0.56617 0.44883 0.69235 0.74471 1.10678 2.36067 2.53451 0.72606 0.02616 0.00000 0.05135 0.00000 0.00000 0.00000 0.00000 0.00000 0.00000 0.00000 0.00000 0.00000 0.00000 0.00000 0.00000 0.00000 0.00000 0.00000 0.00000 0.19734 0.54543 0.93008 1.15986 1.26693 1.37909 1.48198 1.48836 1.41890 1.26529 1.08130 0.95149 0.93091 0.99534 1.10132 1.24099 1.60645 2.41312 3.37141 3.87607 4.36576 5.17755 5.77553 6.04502 5.61874 5.26575 4.88146 4.29129 3.86699 3.71035 3.99652 4.10518
0.07253 0.00000 0.00000 0.07324 0.11161 0.21660 0.53838 0.24304 0.00000 0.00000 0.00000 0.00000 0.00000 0.00000 0.00000 0.00000 0.00000 0.00000 0.00000 0.00000 0.00000 0.00000 0.00000 0.00000 0.00000 0.00000 0.00000 0.00000 0.11540 0.42365 0.77171 1.08853 1.24603 1.37510 1.44616 1.48070 1.47386 1.34286 1.09854 0.89197 0.83933 0.86661 0.91254 0.97823 1.17452 1.94972 3.24719 3.83763 4.76626 7.30836 10.23969 10.89670 7.53877 3.94666 2.45382 2.57503 3.22271 3.82865 4.88953 6.35024
0.00000 0.00000 0.00000 0.00000 0.00000 0.00000 0.00000 0.00000 0.00000 0.00000 0.00000 0.00000 0.00000 0.09898 0.37289 0.26727 0.05024 0.00000 0.00000 0.00000 0.00000 0.00000 0.00000 0.00000 0.00000 0.00000 0.00000 0.00000 0.00000 0.25650 0.54497 0.85547 1.13679 1.33264 1.43862 1.52148 1.55927 1.47025 1.20711 0.90602 0.80613 0.80084 0.82859 0.87611 1.02934 1.71987 2.95318 3.92965 5.25235 8.55846 11.88014 11.99510 7.50901 2.42907 0.66848 1.30603 2.51460 3.39045 4.31698 5.69811
0.00000 0.00000 0.00000 0.00000 0.00000 0.00000 0.00000 0.00000 0.00000 0.00000 0.00000 0.00000 0.00000 0.00000 0.15653 0.10021 0.00000 0.00000 0.00000 0.00000 0.00000 0.00000 0.00000 0.00000 0.00000 0.00000 0.00000 0.00000 0.00000 0.05899 0.28793 0.53252 0.78633 1.04915 1.26033 1.42480 1.48548 1.45888 1.23587 0.93376 0.74914 0.63694 0.62272 0.74688 0.97391 1.56307 2.51327 3.61645 4.99569 7.27775 8.83009 8.22599 5.65398 2.18667 0.65771 0.80543 1.42208 1.79909 2.12852 2.47144
0.00000 0.00000 0.00000 0.00000 0.00000 0.00000 0.00000 0.00000 0.00000 0.00000 0.00000 0.00000 0.00000 0.00000 0.00000 0.00000 0.00000 0.00000 0.00000 0.00000 0.00000 0.00000 0.00000 0.00000 0.00000 0.00000 0.00000 0.00000 0.03766 0.07021 0.08309 0.24573 0.36569 0.55231 0.79021 0.99276 1.05956 1.00451 0.87373 0.68165 0.46991 0.27763 0.21725 0.32919 0.56799 0.97694 1.56784 1.79900 2.32682 3.72635 5.76540 6.07508 4.21139 2.16192 0.94721 0.69458 0.62824 0.44661 0.42914 0.40925
0.00000 0.00000 0.00000 0.00000 0.00000 0.00000 0.00000 0.00000 0.00000 0.00000 0.00000 0.00000 0.00000 0.00000 0.00000 0.00000 0.00000 0.00000 0.00000 0.00000 0.00000 0.00000 0.00000 0.00000 0.00000 0.00000 0.00000 0.02493 0.10090 0.10243 0.04702 0.02863 0.08094 0.16325 0.26130 0.35841 0.36532 0.29877 0.27855 0.27117 0.17540 0.06319 0.02816 0.07166 0.18538 0.37080 0.65753 0.69103 0.63493 0.95414 2.27284 3.48806 2.92185 1.88478 0.95272 0.69233 0.47208 0.26727 0.17837 0.11798
0.00000 0.00000 0.00000 0.00000 0.00000 0.00000 0.00000 0.00000 0.00000 0.02045 0.00000 0.00000 0.00000 0.00000 0.00000 0.00000 0.00000 0.00000 0.00000 0.00000 0.00000 0.00000 0.00000 0.00000 0.00000 0.00000 0.00000 0.09713 0.12123 0.10754 0.04434 0.00000 0.00000 0.00000 0.03697 0.06661 0.06025 0.02865 0.03634 0.05919 0.03765 0.00000 0.00000 0.00000 0.06436 0.27837 0.64446 0.97240 0.91101 1.33285 1.98543 2.53364 2.67354 2.17266 1.42589 1.05049 1.06623 0.96814 0.68593 0.28901
0.00000 0.00000 0.04780 0.15559 0.25242 0.18396 0.00000 0.00000 0.15616 0.19072 0.04435 0.00000 0.00000 0.00000 0.04365 0.00000 0.00000 0.00000 0.00000 0.00000 0.00000 0.00000 0.00000 0.00000 0.00000 0.00000 0.10498 0.19077 0.18477 0.12234 0.00000 0.00000 0.00000 0.00000 0.00000 0.00000 0.00000 0.00000 0.00000 0.00000 0.00000 0.00000 0.00000 0.03119 0.00000 0.24475 1.21456 3.17970 5.90402 7.63480 6.26864 5.56720 3.78633 3.12653 2.43433 2.11147 2.07409 2.13978 1.59427 0.70109
0.00000 0.07326 0.50557 1.17055 1.57072 0.99637 0.23174 0.05247 0.20208 0.29074 0.11035 0.00000 0.00000 0.00000 0.03782 0.02089 0.00000 0.00000 0.00000 0.00000 0.00000 0.00000 0.00000 0.00000 0.00000 0.00000 0.09160 0.21506 0.25274 0.11817 0.00000 0.00000 0.00000 0.00000 0.00000 0.05866 0.11458 0.11389 0.13947 0.40744 0.15351 0.00000 0.14692 0.17336 0.16320 0.70837 5.33889 18.52499 27.76521 23.92180 14.45596 12.52993 9.90830 5.90882 4.53198 3.33933 3.09840 2.66104 1.88729 1.06756
0.02738 0.34654 1.07289 2.47880 3.52731 2.55766 0.99006 0.38097 0.08898 0.06258 0.00000 0.00000 0.00000 0.00000 0.00000 0.00000 0.00000 0.00000 0.00000 0.00000 0.00000 0.00000 0.00000 0.00000 0.00000 0.00000 0.00000 0.04643 0.12230 0.02445 0.00000 0.00000 0.00000 0.00000 0.12717 0.44262 0.76975 0.42310 0.76210 2.39598 3.59242 3.81590 1.68674 0.68654 1.16623 4.52791 17.75974 42.05246 50.86103 41.62501 27.88119 19.75062 17.23732 9.30024 6.52721 5.33921 4.39968 3.68260 1.64463 0.72789
0.02453 0.22761 0.98686 2.95659 4.95334 4.32395 2.50191 1.11253 0.11385 0.00000 0.00000 0.00000 0.00000 0.00000 0.00000 0.00000 0.00000 0.00000 0.00000 0.00000 0.00000 0.00000 0.00000 0.00000 0.00000 0.00000 0.00000 0.00000 0.00000 0.00000 0.00000 0.00000 0.00000 0.00000 0.08797 1.09333 3.84243 3.37674 6.47765 10.29885 13.27664 14.20881 7.80687 2.57259 3.55008 7.75879 22.61748 43.71519 44.22309 36.99253 31.50192 25.69530 21.55984 15.66460 9.71490 5.99450 3.51799 2.37223 1.00933 0.38383
0.00000 0.08601 0.64891 2.22370 3.66607 3.36088 2.35591 1.31264 0.38818 0.00000 0.00000 0.00000 0.00000 0.00000 0.00000 0.00000 0.00000 0.00000 0.00000 0.00000 0.00000 0.00000 0.00000 0.00000 0.00000 0.00000 0.00000 0.00000 0.00000 0.00000 0.00000 0.00000 0.00000 0.00000 0.00000 0.73885 3.12117 7.91889 23.02748 29.92741 27.94523 18.40296 8.21889 4.20936 3.41488 3.55786 9.85936 14.20739 18.73692 27.23028 30.15208 29.35240 25.37583 14.06321 6.45206 3.59035 1.85883 1.07820 0.42106 0.11955
0.00000 0.11478 0.38775 1.10247 1.93871 2.06112 1.73099 1.01119 0.28016 0.00000 0.00000 0.00000 0.00000 0.00000 0.00000 0.00000 0.00000 0.00000 0.00000 0.00000 0.00000 0.00000 0.00000 0.00000 0.00000 0.00000 0.00000 0.00000 0.00000 0.00000 0.00000 0.00000 0.00000 0.00000 0.00000 0.04460 0.27974 4.93202 29.48915 39.67564 31.06497 11.35150 5.62081 3.98488 3.87107 4.23600 6.80995 8.33791 14.31337 22.49357 28.44571 28.08995 15.07609 4.72210 2.01765 1.37533 1.01071 0.59821 0.23269 0.06084
0.00000 0.02607 0.06394 0.36355 0.87757 1.08396 0.94026 0.50764 0.10130 0.00000 0.00000 0.00000 0.00000 0.00000 0.00000 0.00000 0.00000 0.00000 0.00000 0.00000 0.00000 0.00000 0.00000 0.00000 0.00000 0.00000 0.00000 0.00000 0.00000 0.00000 0.00000 0.00000 0.00000 0.00000 0.00000 0.00000 0.00000 0.30327 7.77735 20.29024 23.14435 13.38217 12.34404 9.38870 7.07535 5.84883 7.14845 14.15173 25.04422 25.03928 25.99057 15.88088 4.69946 1.96479 0.89241 0.86540 1.01966 0.63801 0.21445 0.05317
0.00000 0.00000 0.00000 0.13829 0.30192 0.28277 0.18409 0.02641 0.00000 0.00000 0.00000 0.00000 0.00000 0.00000 0.00000 0.00000 0.00000 0.00000 0.00000 0.00000 0.00000 0.00000 0.00000 0.00000 0.00000 0.00000 0.00000 0.00000 0.00000 0.00000 0.00000 0.00000 0.00000 0.00000 0.00000 0.00000 0.00000 0.00000 0.80840 4.30428 9.09742 14.55737 25.09716 29.02777 17.16911 8.00645 6.46646 11.10301 15.80601 17.53373 18.50126 10.47319 2.76403 1.16588 0.49549 0.82063 1.22745 0.80113 0.18915 0.07542
0.00000 0.00000 0.00000 0.02031 0.00000 0.00000 0.00000 0.00000 0.00000 0.00000 0.00000 0.00000 0.00000 0.00000 0.00000 0.00000 0.00000 0.00000 0.00000 0.00000 0.00000 0.00000 0.00000 0.00000 0.00000 0.00000 0.00000 0.00000 0.00000 0.00000 0.00000 0.00000 0.00000 0.00000 0.00000 0.00000 0.00000 0.00000 0.00000 0.00000 0.44872 6.20346 24.81471 30.74941 18.71401 6.67660 4.04608 2.84025 5.04024 9.23569 12.25709 8.39872 2.20541 0.81617 0.43380 0.70194 0.88930 0.67238 0.21326 0.08826
0.00000 0.00000 0.00000 0.00000 0.00000 0.00000 0.00000 0.00000 0.00000 0.00000 0.00000 0.00000 0.00000 0.00000 0.00000 0.00000 0.00000 0.00000 0.00000 0.00000 0.00000 0.00000 0.00000 0.00000 0.00000 0.00000 0.00000 0.00000 0.00000 0.00000 0.00000 0.00000 0.00000 0.00000 0.00000 0.00000 0.00000 0.00000 0.00000 0.00000 0.00000 1.71039 13.82004 25.99460 17.28679 8.55664 2.97140 1.87063 2.51410 4.56637 6.01265 4.34484 1.65644 0.40047 0.18016 0.19603 0.32513 0.31881 0.12803 0.06085
