DATA/RAW-RASTER/CPC/2017/20170622.asc
ncols			60
nrows			40
xllcorner		70.0
yllcorner		20.0
cellsize		0.5
NODATA_value	-99999
0.00000 0.00000 0.00000 0.00000 0.00000 0.00000 0.00000 0.00000 0.00000 0.00000 0.00000 0.00000 0.00000 0.00000 0.00000 0.00000 0.00000 0.00000 0.00000 0.02411 0.02706 0.00000 0.00000 0.00000 0.00000 0.00000 0.00000 0.00000 0.00000 0.00000 0.00000 0.00000 0.00000 0.00000 0.00000 0.00000 0.00000 0.00000 0.00000 0.00000 0.00000 0.00000 0.00000 0.00000 0.00000 0.00000 0.00000 0.00000 0.00000 0.00000 0.00000 0.00000 0.00000 0.00000 0.00000 0.00000 0.00000 0.00000 0.00000 0.00000
0.00000 0.00000 0.00000 0.00000 0.00000 0.00000 0.00000 0.00000 0.00000 0.00000 0.00000 0.00000 0.00000 0.00000 0.00000 0.00000 0.00000 0.00000 0.00000 0.02133 0.06485 0.06728 0.05163 0.04124 0.03528 0.03039 0.02359 0.00000 0.00000 0.00000 0.00000 0.00000 0.00000 0.00000 0.00000 0.00000 0.00000 0.00000 0.00000 0.00000 0.00000 0.00000 0.00000 0.00000 0.00000 0.00000 0.00000 0.00000 0.00000 0.00000 0.00000 0.00000 0.00000 0.00000 0.00000 0.00000 0.00000 0.00000 0.00000 0.00000
0.00000 0.00000 0.00000 0.00000 0.00000 0.00000 0.00000 0.00000 0.00000 0.00000 0.00000 0.00000 0.00000 0.00000 0.00000 0.00000 0.00000 0.03248 0.07900 0.14282 0.19843 0.21959 0.20494 0.17577 0.14414 0.11567 0.09140 0.04962 0.00000 0.00000 0.00000 0.00000 0.00000 0.00000 0.00000 0.00000 0.00000 0.00000 0.00000 0.00000 0.00000 0.00000 0.00000 0.00000 0.00000 0.00000 0.00000 0.00000 0.00000 0.00000 0.00000 0.00000 0.00000 0.00000 0.00000 0.00000 0.00000 0.00000 0.00000 0.00000
0.00000 0.00000 0.00000 0.00000 0.00000 0.00000 0.00000 0.00000 0.00000 0.00000 0.00000 0.00000 0.00000 0.00000 0.00000 0.00000 0.00000 0.06186 0.16424 0.29732 0.39429 0.43490 0.42917 0.39336 0.34559 0.29216 0.23441 0.16686 0.06911 0.00000 0.00000 0.00000 0.00000 0.00000 0.00000 0.00000 0.00000 0.00000 0.00000 0.00000 0.00000 0.00000 0.00000 0.00000 0.00000 0.00000 0.00000 0.00000 0.00000 0.00000 0.00000 0.00000 0.00000 0.00000 0.00000 0.00000 0.00000 0.12771 0.33735 0.36255
0.00000 0.00000 0.00000 0.00000 0.00000 0.00000 0.00000 0.00000 0.00000 0.00000 0.00000 0.00000 0.00000 0.00000 0.00000 0.00000 0.00000 0.08561 0.26702 0.44820 0.52717 0.54855 0.54521 0.52532 0.49286 0.45207 0.39684 0.30305 0.17250 0.05704 0.00000 0.00000 0.00000 0.00000 0.00000 0.00000 0.00000 0.00000 0.00000 0.00000 0.00000 0.00000 0.00000 0.00000 0.00000 0.00000 0.00000 0.00000 0.00000 0.00000 0.00000 0.00000 0.00000 0.00000 0.00000 0.00000 0.00000 0.24417 0.92257 1.19756
0.00000 0.00000 0.00000 0.00000 0.00000 0.00000 0.00000 0.00000 0.00000 0.00000 0.00000 0.00000 0.00000 0.00000 0.00000 0.02196 0.04979 0.16459 0.38795 0.54801 0.58242 0.58277 0.58641 0.58279 0.56321 0.54197 0.51404 0.44729 0.29187 0.11996 0.03316 0.00000 0.00000 0.00000 0.00000 0.00000 0.00000 0.00000 0.00000 0.00000 0.00000 0.00000 0.00000 0.00000 0.00000 0.00000 0.00000 0.00000 0.00000 0.00000 0.00000 0.00000 0.00000 0.00000 0.00000 0.00000 0.00000 0.19799 0.89364 1.23403
0.00000 0.00000 0.00000 0.00000 0.00000 0.00000 0.00000 0.00000 0.00000 0.00000 0.00000 0.00000 0.00000 0.02221 0.04247 0.07658 0.15528 0.31650 0.51245 0.62917 0.65005 0.61174 0.61662 0.63132 0.63917 0.62664 0.62741 0.59568 0.44568 0.21391 0.06695 0.00000 0.00000 0.00000 0.00000 0.00000 0.00000 0.00000 0.00000 0.00000 0.00000 0.00000 0.00000 0.00000 0.00000 0.00000 0.00000 0.00000 0.00000 0.00000 0.00000 0.00000 0.00000 0.00000 0.00000 0.00000 0.00000 0.00000 0.49965 0.94343
0.00000 0.00000 0.00000 0.00000 0.00000 0.00000 0.00000 0.00000 0.00000 0.00000 0.00000 0.00000 0.00000 0.04246 0.08621 0.14585 0.25496 0.41840 0.58293 0.66585 0.72913 0.69650 0.71200 0.75332 0.76452 0.74827 0.72961 0.68499 0.55470 0.31454 0.11547 0.03261 0.00000 0.00000 0.00000 0.00000 0.00000 0.00000 0.00000 0.00000 0.00000 0.00000 0.00000 0.00000 0.00000 0.00000 0.00000 0.00000 0.00000 0.00000 0.00000 0.00000 0.00000 0.00000 0.00000 0.00000 0.00000 0.00000 0.09330 0.52095
0.00000 0.00000 0.00000 0.00000 0.00000 0.00000 0.00000 0.00000 0.00000 0.00000 0.00000 0.00000 0.00000 0.00000 0.09912 0.20457 0.31924 0.45842 0.58417 0.67033 0.72046 0.74672 0.75737 0.75454 0.74548 0.72709 0.70732 0.66763 0.57953 0.39134 0.17894 0.06339 0.02332 0.00000 0.00000 0.00000 0.00000 0.00000 0.06466 0.16190 0.21918 0.10308 0.00000 0.00000 0.00000 0.00000 0.00000 0.00000 0.00000 0.00000 0.00000 0.00000 0.00000 0.00000 0.00000 0.00000 0.00000 0.00000 0.03265 0.13640
0.00000 0.00000 0.00000 0.00000 0.00000 0.00000 0.00000 0.00000 0.00000 0.00000 0.00000 0.00000 0.00000 0.00000 0.00000 0.18327 0.33075 0.42147 0.50532 0.57338 0.61446 0.63204 0.63584 0.63247 0.61954 0.60328 0.58694 0.56409 0.51788 0.42422 0.28850 0.18630 0.13569 0.13970 0.16449 0.12684 0.22642 0.35985 0.47261 0.57187 0.63861 0.66239 0.48675 0.19822 0.19900 0.11843 0.04238 0.07876 0.14885 0.22182 0.23287 0.26049 0.26383 0.07797 0.00000 0.00000 0.00000 0.00000 0.00000 0.00000
0.00000 0.00000 0.00000 0.00000 0.00000 0.00000 0.00000 0.00000 0.00000 0.00000 0.00000 0.00000 0.00000 0.00000 0.00000 0.02344 0.13104 0.19777 0.22569 0.24393 0.25787 0.27170 0.28712 0.31539 0.33410 0.34227 0.36191 0.36025 0.36142 0.36212 0.37521 0.37872 0.40720 0.45782 0.50371 0.60278 0.71325 0.72496 0.75314 0.81228 0.87085 0.93155 0.93801 0.86262 0.76211 0.52966 0.33331 0.31546 0.43848 0.57119 0.57859 0.51366 0.47724 0.32061 0.00000 0.00000 0.00000 0.00000 0.00000 0.00000
0.00000 0.00000 0.00000 0.00000 0.00000 0.00000 0.00000 0.00000 0.00000 0.00000 0.00000 0.00000 0.02593 0.03524 0.02679 0.00000 0.00000 0.00000 0.03700 0.04259 0.04285 0.04516 0.05014 0.06346 0.08716 0.10973 0.15184 0.19630 0.26992 0.33109 0.46819 0.56361 0.62012 0.63785 0.69017 0.77059 0.81314 0.86072 0.93294 1.00272 1.10760 1.13723 1.12826 1.11285 1.12636 1.02548 0.86803 0.91554 1.18085 1.18583 0.88440 0.60431 0.65710 0.66797 0.26440 0.00000 0.00000 0.02199 0.02718 0.04830
0.00000 0.00000 0.00000 0.00000 0.00000 0.00000 0.00000 0.00000 0.00000 0.00000 0.04899 0.10920 0.06759 0.03152 0.00000 0.00000 0.00000 0.00000 0.00000 0.00000 0.00000 0.00000 0.00000 0.00000 0.02878 0.05421 0.09806 0.16574 0.28186 0.46028 0.63133 0.65483 0.71522 0.76326 0.85405 0.91183 0.89833 0.94088 1.03473 1.05530 1.13832 1.23205 1.28898 1.27822 1.22512 1.25892 1.42488 1.80337 2.56268 2.78746 2.17540 1.48426 1.24095 1.08037 0.85358 0.54691 0.12731 0.16020 0.16461 0.15129
0.00000 0.00000 0.00000 0.00000 0.00000 0.00000 0.00000 0.00000 0.00000 0.02977 0.16197 0.12810 0.05237 0.00000 0.00000 0.00000 0.00000 0.00000 0.00000 0.00000 0.00000 0.00000 0.00000 0.00000 0.02847 0.06709 0.14095 0.25514 0.44817 0.66674 0.78349 0.78408 0.85222 0.91690 0.99329 1.05291 1.02898 0.99080 0.94703 0.93127 0.98016 1.12160 1.30346 1.37295 1.52608 1.72953 2.19032 3.14985 4.19730 4.97771 5.09442 3.98841 2.42243 1.44845 1.10129 1.00032 0.80543 0.68691 0.97504 1.25732
0.00000 0.00000 0.00000 0.00000 0.00000 0.00000 0.00000 0.00000 0.00000 0.00000 0.00000 0.00000 0.00000 0.00000 0.00000 0.03943 0.00000 0.02110 0.00000 0.00000 0.00000 0.00000 0.00000 0.02193 0.05981 0.14347 0.29641 0.51528 0.74379 0.90411 0.88980 0.84087 0.90914 0.98983 1.10741 1.14507 1.13375 1.05775 0.96418 0.89877 0.87933 0.87840 0.95048 1.13646 1.62475 2.39362 3.30444 4.13467 5.24719 6.02412 6.16350 5.31699 3.49300 2.12412 1.62115 1.60514 1.48485 1.72135 2.53020 3.61815
0.00000 0.00000 0.00000 0.00000 0.00000 0.00000 0.00000 0.00000 0.00000 0.00000 0.00000 0.00000 0.00000 0.00000 0.06697 0.37416 0.27976 0.11795 0.00000 0.00000 0.00000 0.00000 0.00000 0.06696 0.18130 0.39962 0.70739 0.98065 1.16204 1.13984 1.02195 0.89583 0.95944 1.08675 1.25284 1.27763 1.22753 1.09756 0.95224 0.84525 0.80884 0.78592 0.75444 0.78998 1.18361 2.26991 3.80154 4.72794 5.49239 6.39691 6.53035 6.13874 5.27120 3.93416 3.17970 2.49259 1.78746 1.89778 3.38891 5.09048
0.00000 0.00000 0.00000 0.00000 0.00000 0.00000 0.00000 0.00000 0.00000 0.04209 0.80564 2.65099 0.92951 0.55114 0.74566 1.54755 0.95024 0.25963 0.13901 0.07806 0.03599 0.03741 0.09636 0.24410 0.53745 0.93273 1.36735 1.55575 1.59467 1.41951 1.15869 0.99236 1.02256 1.10355 1.15566 1.20173 1.22414 1.12000 0.94165 0.78374 0.77257 0.82948 0.76329 0.65214 0.80793 1.76422 3.61938 4.43594 5.10499 6.56208 7.87060 8.21228 6.97254 5.61346 4.94833 3.44486 1.75498 1.68434 3.69934 5.98327
0.00000 0.00000 0.00000 0.00000 0.00000 0.00000 0.00000 0.00000 0.19926 1.42568 4.92444 9.24247 6.62185 3.32345 2.55903 3.35189 2.68233 0.97912 0.41771 0.20806 0.16259 0.21652 0.37462 0.68022 1.12347 1.51385 1.87788 1.86922 1.70256 1.41403 1.16780 0.97457 1.12453 1.19948 1.21170 1.26965 1.30150 1.20749 1.06632 0.85285 0.85063 1.09878 1.13125 0.82069 0.81672 1.63181 3.18291 4.14888 4.76720 6.55153 7.93854 8.02157 6.96667 6.01695 5.76717 4.61261 2.81664 2.47646 3.85514 5.91831
0.00000 0.00000 0.00000 0.00000 0.00000 0.00000 0.00000 0.00000 0.27455 2.90765 7.67511 13.92831 9.60427 2.66952 3.73030 8.70239 7.77900 2.10379 0.69278 0.38307 0.30495 0.43054 0.73044 1.13286 1.73539 2.21968 2.31758 2.12621 1.77609 1.45419 1.11998 0.99459 1.12637 1.17620 1.19941 1.26978 1.25543 1.24005 1.21370 1.22172 1.58345 2.44441 2.81925 2.36494 1.89898 2.13230 2.83380 3.61454 4.23872 5.08473 5.41583 5.44811 5.99184 6.47233 5.97347 4.57818 3.10402 2.54919 3.47652 5.30828
0.00000 0.00000 0.00000 0.00000 0.00000 0.00000 0.00000 0.00000 0.04800 2.15862 5.05559 6.47798 2.84711 0.18667 3.27028 12.43652 10.97416 1.71196 0.71014 0.58199 0.56991 0.71473 1.18909 2.03460 2.75493 3.22225 3.09809 2.17767 1.62735 1.52505 1.32775 1.14337 1.15642 1.15338 1.13857 1.14714 1.10137 1.05811 1.21800 1.82126 3.31445 4.76118 5.23987 5.03824 3.98113 2.85658 2.52534 2.45835 2.90964 3.42683 4.22747 4.73420 4.96422 5.18211 4.51615 3.36824 2.00828 1.30995 2.21967 5.75369
0.00000 0.00000 0.00000 0.00000 0.00000 0.00000 0.05726 0.05637 0.05783 0.61718 1.41158 1.08444 0.09979 0.00000 1.06850 3.50762 3.15960 0.93551 0.06261 0.57580 1.27005 1.99661 3.24970 4.95844 5.00724 4.08161 3.22070 2.48957 1.92799 1.67157 1.44640 1.37483 1.22218 1.18110 1.11696 0.90570 0.64551 0.46979 0.69562 1.82767 3.93082 5.58602 6.00471 5.58616 4.32773 2.57262 1.78271 1.78114 2.33134 2.24347 2.55417 3.12939 3.31417 3.31174 2.22184 1.68078 1.04648 0.94968 2.25989 6.12607
0.00000 0.00000 0.00000 0.00000 0.10289 0.50714 0.75612 0.61603 0.19550 0.07955 0.00000 0.00000 0.04269 0.21835 0.51096 0.65432 0.41767 0.00000 0.00000 0.46820 2.22784 3.65174 4.53306 5.94646 8.67834 8.39639 4.12300 2.08382 1.22077 1.19906 1.35061 1.41561 1.31115 1.17231 1.12870 0.90163 0.51221 0.19008 0.35966 1.31196 3.22089 4.62437 4.93532 3.93250 2.34040 1.27985 1.05389 1.57399 1.88629 2.15541 1.80578 1.61209 1.76196 1.71808 1.13012 0.67487 0.61938 0.96801 2.57113 6.13661
0.00000 0.00000 0.00000 0.25183 0.92475 2.11927 2.71710 2.22302 1.20801 0.41097 0.04532 0.00000 0.08728 0.41626 1.02312 0.64248 0.22183 0.00000 0.00000 0.24002 1.44809 2.43089 2.22673 3.15670 7.48775 7.85509 4.32997 1.97698 1.22095 1.21958 1.56325 1.66791 1.43393 1.21021 1.20726 1.17722 0.99701 0.72715 0.75796 1.27037 2.41738 3.28868 3.06340 1.69186 0.58598 0.30321 0.26280 0.76513 1.76813 2.27440 1.27831 0.83614 0.30123 0.04465 0.25024 0.30737 0.25234 0.34881 1.52259 5.04107
0.00000 0.00000 0.00000 0.50292 1.90083 3.83218 4.87941 3.95831 1.87321 0.48565 0.07643 0.00000 0.04455 0.34587 0.83139 0.61751 0.19833 0.00000 0.00000 0.00000 0.23903 0.46316 0.47116 0.87037 2.55761 2.38396 1.71532 1.52419 1.70993 2.28060 2.40314 2.28056 1.83316 1.50634 1.52018 1.73104 1.73590 1.63634 1.50482 1.72123 2.00513 1.99801 1.47369 0.70727 0.21156 0.17580 0.73290 1.73982 2.15257 1.39686 0.50021 0.33222 0.22660 0.00000 0.00000 0.08818 0.15550 0.19224 0.90879 3.89953
0.00000 0.00000 0.03938 0.53940 1.55886 3.56157 5.26106 4.90410 2.61318 0.53331 0.00000 0.00000 0.00000 0.12443 0.23244 0.16626 0.03066 0.00000 0.00000 0.00000 0.00000 0.00000 0.00000 0.10448 0.33111 0.02389 0.00000 0.32780 1.33230 2.62575 4.31916 3.38561 2.47398 2.72743 3.17027 4.12645 3.60853 2.18947 2.17091 2.48387 1.98800 1.68892 1.21413 0.73448 0.90868 1.66461 2.62709 3.13171 2.62759 1.55961 0.70045 0.58639 0.51293 0.02236 0.07026 0.34312 0.64686 1.03092 1.50569 3.58962
0.00000 0.00000 0.03184 0.48364 0.86216 3.51888 6.58972 6.17560 3.07116 0.90128 0.10047 0.00000 0.00000 0.00000 0.00000 0.00000 0.00000 0.00000 0.00000 0.00000 0.00000 0.00000 0.00000 0.00000 0.00000 0.00000 0.00000 0.00000 0.32835 0.91856 2.17458 3.18650 3.07943 3.56138 4.69309 8.00967 6.13055 3.11147 3.34651 2.94538 2.68456 3.20241 2.45237 2.24211 4.90935 5.18841 5.14871 5.46578 4.37754 3.50403 2.16261 1.95230 1.80396 0.91691 0.80425 1.35057 1.68331 2.15313 2.60927 4.91755
0.00000 0.00000 0.25383 1.30216 3.70896 8.96987 12.59547 9.43327 3.58847 1.17594 0.27575 0.00000 0.00000 0.00000 0.00000 0.00000 0.00000 0.00000 0.00000 0.00000 0.00000 0.00000 0.00000 0.00000 0.00000 0.00000 0.00000 0.00000 0.03555 0.22844 0.89913 1.83451 2.61494 3.81277 4.64270 6.86628 3.32418 1.68057 2.60109 2.65529 3.72514 4.27353 2.35284 1.73573 5.96744 3.87419 4.43782 5.61276 9.03691 9.82451 8.27155 6.76768 5.52315 3.56592 1.99764 2.68981 2.66712 2.61678 3.05084 4.65153
0.00000 0.00000 0.24979 2.04047 7.17363 16.46608 19.46941 12.38686 5.25490 2.50805 2.08841 0.32172 0.00000 0.00000 0.00000 0.00000 0.00000 0.00000 0.00000 0.16530 0.56612 1.74497 1.92339 0.54500 0.00000 0.00000 0.00000 0.00000 0.00000 0.02536 0.04644 0.12674 0.99442 3.84333 11.15434 13.58515 16.39503 19.52037 10.20696 4.10622 4.76428 5.41751 2.97604 1.37812 1.65045 2.68624 6.27423 9.03216 16.74741 21.35368 20.77270 17.59966 10.05013 4.49218 2.94111 3.59310 3.14287 2.25634 1.96314 2.27051
0.00000 0.00000 0.07640 1.43967 6.47482 14.63277 17.92006 13.86552 10.42248 8.57578 7.10275 1.95377 0.05794 0.00000 0.00000 0.00000 0.00000 0.08604 0.67502 1.93766 5.44605 7.55879 5.82946 2.16575 0.00000 0.00000 0.00000 0.00000 0.00000 0.00000 0.00000 0.00000 0.25881 1.48107 5.24993 10.19971 21.82452 34.77836 19.53207 9.03712 6.63749 7.29042 10.60013 8.55132 6.85110 6.14728 9.29238 18.82092 32.47695 33.76315 33.42897 22.72928 10.17775 4.97641 3.26148 3.83810 3.76679 2.27094 1.01695 0.64337
0.00000 0.00000 0.02874 0.97576 4.25950 9.18641 12.42796 14.58638 21.99269 26.69129 19.15217 5.41319 1.17761 0.02455 0.00000 0.00000 0.00000 0.34757 1.61407 3.01436 8.97340 11.00195 7.36624 2.17551 0.00000 0.00000 0.00000 0.16128 0.46629 0.08758 0.00000 0.00000 0.00000 0.00000 0.14757 2.40976 9.43550 11.44625 14.42487 11.75903 7.91377 11.82781 26.04917 36.16394 26.02529 15.04979 17.62770 33.67817 37.04142 36.76169 36.22939 23.27109 10.54352 4.64406 2.61523 3.65330 4.30521 2.73815 0.76247 0.38520
0.00000 0.00000 0.00000 0.35186 1.89202 4.87485 6.60638 8.58303 31.89906 54.27509 34.29686 12.31677 4.68942 0.59214 0.00000 0.00000 0.00000 0.23275 1.36142 2.41106 7.82800 12.33523 5.75743 1.38225 0.02022 0.00000 0.49129 2.04672 2.02937 0.74565 0.25972 0.21454 0.54016 0.31774 0.00000 1.27007 2.07989 3.39967 10.53593 11.39100 5.52404 7.65305 21.98331 31.63936 26.92817 29.69403 37.49316 51.96348 52.85952 48.03322 42.76091 24.59543 9.51960 3.12753 1.67437 2.68626 3.15739 2.47579 0.85582 0.49186
0.00000 0.00000 0.00000 0.00000 0.26685 1.58144 3.62933 6.96706 23.26160 37.88243 28.35126 15.66662 9.76488 4.93065 1.31119 0.00000 0.00000 0.15247 0.75993 2.38028 7.19236 10.25450 5.33482 1.79999 0.74525 1.37802 3.41896 5.70430 6.27100 3.65482 2.28170 2.60128 3.73398 3.84411 2.73525 0.98210 0.11740 0.35868 4.41896 8.40261 5.93765 5.24535 8.60707 11.68632 15.22702 27.41023 27.23323 44.69981 49.20258 43.67686 33.67813 18.46213 7.18358 1.72839 0.68785 1.10686 1.54283 1.54447 0.66943 0.37495
0.00000 0.00000 0.00000 0.00000 0.00000 0.23624 1.73575 5.39775 12.19765 14.65073 11.19950 11.86170 15.05999 10.86874 3.29859 0.55839 0.53178 1.13451 1.48421 1.99605 4.70423 7.36184 7.52747 7.47666 6.91329 4.79086 3.93772 6.25393 7.57127 5.37981 3.88011 4.13759 5.90070 8.12844 6.37095 1.20488 0.04035 2.53178 9.07474 6.15292 3.12503 11.24762 18.99081 16.64461 21.79771 27.49855 20.82514 20.74582 20.27131 19.02783 14.13866 9.64449 4.77919 1.02063 0.54269 0.56106 0.71296 0.63376 0.28832 0.23531
0.00000 0.00000 0.00000 0.02523 0.40769 0.13129 0.03715 0.77161 4.00541 3.30581 3.13138 6.00725 16.32356 12.81916 3.20006 0.88089 2.02618 5.11795 6.98672 3.25249 3.04930 6.72903 10.90760 17.50149 16.92853 7.85101 1.98238 3.35906 5.10351 4.46986 3.88310 3.60505 5.31572 9.85284 9.73401 2.07752 1.72684 15.16927 25.50974 9.42216 4.08979 17.59013 30.34610 20.51136 31.22160 27.23039 12.34006 7.21483 5.86682 6.68298 5.83907 4.41800 2.42207 0.67706 0.34073 0.30937 0.39239 0.31428 0.18183 0.19559
0.00000 0.00000 0.07000 0.62703 1.57817 0.37502 0.00000 0.06817 0.96472 1.86465 3.47306 8.91372 15.42139 13.99252 6.82845 2.99925 2.57768 5.55191 8.56391 4.50467 1.92786 4.82872 13.44733 25.11813 22.69273 12.25397 4.03811 2.67474 3.14516 3.45903 2.76361 1.73618 2.40885 7.64962 9.90927 4.37405 16.59394 25.00578 10.90542 2.86738 4.74881 15.72900 11.16641 14.42693 38.40776 32.85588 14.83820 5.33026 4.01006 4.56783 4.26723 3.01782 1.24707 0.24808 0.17601 0.13698 0.20418 0.13261 0.04413 0.00000
0.00000 0.00000 1.37989 4.76959 7.26002 4.33326 1.14413 0.53255 0.85853 1.44800 3.22306 9.87770 21.73272 24.18099 12.49394 3.94216 1.87586 1.96401 3.24007 3.79122 2.59998 2.69051 8.59225 17.25520 19.54142 13.39793 6.77434 3.31629 3.06276 3.32588 1.75974 0.52060 2.03798 4.56397 8.07115 2.80814 3.55831 6.75713 2.55158 0.08093 1.58205 5.67242 4.65826 10.91217 26.46023 31.68916 21.25390 6.70081 2.90087 2.95389 3.18540 2.87776 0.88565 0.10225 0.10246 0.08989 0.03092 0.00000 0.00000 0.00000
0.00000 0.00000 1.41768 7.65202 14.13253 9.55284 4.48044 1.63363 0.36652 0.46537 1.23128 7.81355 28.75464 31.53493 14.85207 3.84629 1.74212 0.36067 2.04711 5.61430 7.82610 4.56860 5.77439 8.66102 11.02049 10.29440 9.85876 10.64017 9.52387 5.07858 1.27943 0.71378 2.61289 5.23605 5.46426 1.27862 0.00000 0.09045 0.00000 0.00000 0.47732 -99999.00000 -99999.00000 5.73320 12.92220 21.63579 22.18413 9.67584 2.51285 2.04756 2.32291 1.75534 0.31714 0.04105 0.03799 0.00000 0.00000 0.09236 0.33275 0.37880
0.16372 0.14080 0.48318 3.45144 8.08984 7.17418 4.67871 1.58805 0.09620 0.00000 0.32713 4.44417 12.89236 14.36002 7.56641 2.49380 2.97513 2.65060 2.07501 5.78313 10.01665 7.52973 6.43251 6.05638 7.07435 7.65088 8.92163 13.73038 11.98892 4.73808 0.62982 0.40502 2.80267 6.36603 6.28965 -99999.00000 -99999.00000 -99999.00000 -99999.00000 -99999.00000 -99999.00000 -99999.00000 -99999.00000 8.46505 16.32503 21.01686 20.82472 13.70437 4.87415 2.33466 2.00278 0.81069 0.14104 0.00000 0.00000 0.00000 0.32454 0.68182 0.90961 1.04503
0.29937 0.35644 0.33666 1.17591 -99999.00000 4.29420 2.94901 1.06888 0.00000 0.00000 0.00000 0.37788 2.04367 2.40081 1.77224 2.23029 6.15581 7.68950 4.59417 3.73271 5.80997 7.30512 7.49165 7.35374 6.91640 4.99235 4.16554 5.67471 4.36878 1.55681 0.00000 0.90273 0.91128 1.08892 -99999.00000 -99999.00000 -99999.00000 -99999.00000 -99999.00000 -99999.00000 -99999.00000 -99999.00000 -99999.00000 -99999.00000 25.43917 22.64718 19.67654 16.79729 10.62465 4.07151 1.31792 0.52907 0.14133 0.10634 0.03257 0.00000 0.17262 0.61008 0.97672 1.46083
-99999.00000 -99999.00000 -99999.00000 -99999.00000 -99999.00000 8.99623 6.65236 1.81278 0.26549 0.04973 0.46116 0.29072 0.00000 0.62079 2.45671 5.93413 11.28481 12.77654 7.41446 4.20596 5.07272 8.88481 12.10406 12.70099 10.19417 3.58364 1.08622 1.60431 1.04427 0.49911 0.00000 0.23244 0.26521 0.00000 -99999.00000 -99999.00000 -99999.00000 -99999.00000 -99999.00000 -99999.00000 -99999.00000 -99999.00000 -99999.00000 -99999.00000 -99999.00000 19.24741 18.60737 17.76526 14.39701 6.46756 1.69173 0.51285 0.27671 0.33105 0.22438 0.04204 0.00000 0.35163 0.66259 1.12874
