DATA/RAW-RASTER/CPC/2017/20170626.asc
ncols			60
nrows			40
xllcorner		70.0
yllcorner		20.0
cellsize		0.5
NODATA_value	-99999
0.29067 0.36553 0.25847 0.14621 0.06587 0.00000 0.00000 0.00000 0.00000 0.00000 0.06081 0.05037 0.05129 0.03924 0.00000 0.00000 0.00000 0.02012 0.00000 0.02449 0.03760 0.00000 0.00000 0.00000 0.00000 0.00000 0.00000 0.00000 0.00000 0.00000 0.00000 0.00000 0.00000 0.00000 0.00000 0.00000 0.00000 0.00000 0.00000 0.00000 0.00000 0.00000 0.00000 0.00000 0.00000 0.00000 0.00000 0.00000 0.00000 0.00000 0.00000 0.00000 0.00000 0.00000 0.00000 0.00000 0.00000 0.00000 0.00000 0.00000
1.02288 0.92940 0.48667 0.27349 0.14009 0.00000 0.00000 0.00000 0.00000 0.00000 0.00000 0.00000 0.00000 0.03951 0.10522 0.23691 0.39278 0.48606 0.41784 0.52784 0.27143 0.15525 0.08710 0.00000 0.00000 0.00000 0.00000 0.00000 0.00000 0.00000 0.00000 0.00000 0.00000 0.00000 0.00000 0.00000 0.00000 0.00000 0.00000 0.00000 0.00000 0.00000 0.00000 0.00000 0.00000 0.00000 0.00000 0.00000 0.00000 0.00000 0.00000 0.00000 0.00000 0.00000 0.00000 0.00000 0.00000 0.00000 0.00000 0.00000
0.90760 0.64301 0.34848 0.18504 0.05156 0.00000 0.00000 0.00000 0.00000 0.00000 0.00000 0.00000 0.05447 0.09410 0.19438 0.77328 1.59415 2.01073 1.93788 1.57622 1.11268 0.73019 0.45255 0.22302 0.02926 0.00000 0.00000 0.00000 0.00000 0.00000 0.00000 0.00000 0.00000 0.00000 0.00000 0.00000 0.00000 0.00000 0.00000 0.00000 0.00000 0.00000 0.00000 0.00000 0.00000 0.00000 0.00000 0.00000 0.00000 0.00000 0.00000 0.00000 0.00000 0.00000 0.00000 0.00000 0.00000 0.00000 0.00000 0.00000
0.20476 0.10257 0.05651 0.00000 0.00000 0.00000 0.00000 0.00000 0.00000 0.00000 0.00000 0.00000 0.39665 0.47812 0.76554 2.16558 3.81133 4.22329 3.43255 2.20576 1.29032 0.79362 0.52534 0.36419 0.24480 0.11951 0.02830 0.00000 0.00000 0.00000 0.00000 0.00000 0.00000 0.00000 0.00000 0.00000 0.00000 0.00000 0.00000 0.00000 0.00000 0.00000 0.00000 0.00000 0.00000 0.00000 0.00000 0.00000 0.00000 0.00000 0.00000 0.00000 0.00000 0.00000 0.00000 0.00000 0.00000 0.00000 0.00000 0.00000
0.00000 0.00000 0.00000 0.00000 0.00000 0.00000 0.00000 0.00000 0.00000 0.00000 0.00000 0.21219 1.26168 1.88888 2.96248 4.82083 6.13100 5.52407 3.48597 1.53364 0.67929 0.40696 0.30111 0.24364 0.20432 0.17379 0.10951 0.00000 0.00000 0.00000 0.00000 0.00000 0.00000 0.00000 0.00000 0.00000 0.00000 0.00000 0.00000 0.00000 0.00000 0.00000 0.00000 0.00000 0.00000 0.00000 0.00000 0.00000 0.00000 0.00000 0.00000 0.00000 0.00000 0.00000 0.00000 0.00000 0.00000 0.00000 0.00000 0.00000
0.00000 0.00000 0.00000 0.00000 0.00000 0.00000 0.00000 0.00000 0.00000 0.00000 0.14730 1.16580 2.46514 3.73496 5.13999 6.32068 6.49450 5.09600 2.41429 0.56916 0.15386 0.12531 0.12338 0.12344 0.12122 0.11856 0.11454 0.07910 0.00000 0.00000 0.00000 0.00000 0.00000 0.00000 0.00000 0.00000 0.00000 0.00000 0.00000 0.00000 0.00000 0.00000 0.00000 0.00000 0.00000 0.00000 0.00000 0.00000 0.00000 0.00000 0.00000 0.00000 0.00000 0.00000 0.00000 0.00000 0.00000 0.00000 0.00000 0.03246
0.00000 0.00000 0.00000 0.00000 0.00000 0.00000 0.00000 0.00000 0.00000 0.00000 0.37181 2.08968 3.77632 5.12969 6.27743 6.91636 6.45756 4.48286 1.92974 0.51578 0.14070 0.07692 0.07049 0.07477 0.08061 0.08458 0.09038 0.09098 0.02578 0.00000 0.00000 0.00000 0.00000 0.00000 0.00000 0.00000 0.00000 0.00000 0.00000 0.00000 0.00000 0.00000 0.00000 0.04904 0.10249 0.11163 0.02558 0.00000 0.00000 0.00000 0.00000 0.00000 0.00000 0.00000 0.00000 0.00000 0.00000 0.00000 0.03768 0.16092
0.00000 0.02366 0.00000 0.00000 0.02467 0.04415 0.05120 0.00000 0.00000 0.00000 0.00000 1.47579 3.61861 5.41540 6.19893 6.20039 5.39977 3.72286 1.92176 0.79461 0.34939 0.17118 0.11293 0.09425 0.08666 0.08326 0.08294 0.08104 0.05260 0.00000 0.00000 0.00000 0.00000 0.00000 0.00000 0.00000 0.00000 0.00000 0.00000 0.00000 0.00000 0.06711 0.22362 0.35318 0.34285 0.30524 0.22643 0.04372 0.00000 0.00000 0.00000 0.00000 0.00000 0.00000 0.00000 0.00000 0.00000 0.00000 0.04045 0.31545
0.03499 0.12855 0.12514 0.07721 0.14649 0.15870 0.10161 0.06542 0.12095 0.10155 0.00000 0.07296 1.09264 3.43805 5.13805 5.23202 4.43434 3.16001 1.88375 1.01721 0.54753 0.31626 0.20120 0.14133 0.10951 0.09168 0.08196 0.07469 0.06455 0.00000 0.00000 0.00000 0.00000 0.00000 0.00000 0.00000 0.00000 0.00000 0.00000 0.00000 0.05552 0.23938 0.41816 0.50702 0.53733 0.56157 0.53053 0.38960 0.07072 0.00000 0.00000 0.00000 0.00000 0.00000 0.00000 0.00000 0.00000 0.04309 0.18542 0.27177
0.08693 0.25675 0.41494 0.57474 0.43426 0.31224 0.26435 0.23399 0.24795 0.14669 0.00000 0.00000 0.00000 0.20865 2.05743 3.58319 3.46190 2.52008 1.64668 1.01936 0.62387 0.39044 0.25526 0.17701 0.12953 0.10066 0.08317 0.07155 0.04944 0.00000 0.00000 0.00000 0.00000 0.00000 0.00000 0.00000 0.00000 0.00000 0.00000 0.00000 0.00000 0.00000 0.11004 0.29610 0.47472 0.55076 0.57659 0.54043 0.38993 0.05360 0.00000 0.00000 0.00000 0.00000 0.00000 0.00000 0.03121 0.16491 0.53607 0.87349
0.06723 0.21429 0.44483 0.51678 0.32885 0.59069 0.76220 1.04651 0.66952 0.08331 0.00000 0.00000 0.00000 0.00000 0.03081 0.33413 0.91937 1.05655 0.76093 0.51512 0.33471 0.22551 0.15946 0.12216 0.09595 0.07959 0.09685 0.07910 0.00000 0.00000 0.00000 0.00000 0.00000 0.00000 0.00000 0.00000 0.00000 0.00000 0.00000 0.00000 0.00000 0.00000 0.00000 0.00000 0.05430 0.24204 0.42712 0.46118 0.34097 0.02456 0.00000 0.00000 0.00000 0.00000 0.00000 0.03396 0.10947 0.48454 1.41855 2.04881
0.06299 0.12319 0.29000 0.44724 0.87800 2.66908 4.75317 3.49654 0.97331 0.00000 0.00000 0.00000 0.00000 0.00000 0.00000 0.00000 0.00000 0.00000 0.00000 0.02836 0.03221 0.02970 0.02943 0.02873 0.03202 0.03834 0.11253 0.15953 0.23348 0.06718 0.00000 0.00000 0.00000 0.00000 0.00000 0.00000 0.00000 0.00000 0.00000 0.00000 0.00000 0.00000 0.00000 0.00000 0.00000 0.00000 0.00000 0.15155 0.10034 0.00000 0.00000 0.00000 0.00000 0.00000 0.08327 0.30244 0.63507 1.43508 2.64783 3.41076
0.36349 0.94370 1.46999 1.48733 1.79733 3.47468 7.99021 5.96465 1.43986 0.00000 0.00000 0.00000 0.00000 0.00000 0.00000 0.00000 0.00000 0.00000 0.00000 0.00000 0.00000 0.00000 0.00000 0.00000 0.03362 0.07894 0.17763 0.32432 0.49083 0.53753 0.32133 0.00000 0.00000 0.00000 0.00000 0.00000 0.00000 0.00000 0.00000 0.00000 0.00000 0.00000 0.00000 0.00000 0.00000 0.00000 0.00000 0.00000 0.00000 0.00000 0.00000 0.00000 0.00000 0.00000 0.07325 0.53697 1.32669 2.49234 3.55556 3.83582
3.04703 4.91759 6.52401 6.06125 4.76436 3.48125 3.01480 2.38626 0.39647 0.00000 0.00000 0.00000 0.00000 0.00000 0.00000 0.00000 0.00000 0.00000 0.00000 0.00000 0.00000 0.00000 0.00000 0.02101 0.07020 0.17289 0.38194 0.67475 1.02279 1.01815 0.50212 0.00000 0.00000 0.00000 0.00000 0.00000 0.00000 0.00000 0.00000 0.00000 0.00000 0.00000 0.00000 0.00000 0.00000 0.00000 0.00000 0.00000 0.00000 0.00000 0.00000 0.00000 0.00000 0.00000 0.06660 0.56665 1.58256 2.85707 3.56613 3.56251
11.87562 15.24918 15.79600 12.70099 9.14170 6.85337 3.92886 0.69125 0.00000 0.00000 0.00000 0.00000 0.00000 0.00000 0.00000 0.00000 0.00000 0.00000 0.00000 0.00000 0.00000 0.00000 0.00000 0.05734 0.16435 0.40862 0.86657 1.47777 1.93546 1.65277 0.70822 0.03563 0.00000 0.00000 0.00000 0.00000 0.00000 0.00000 0.00000 0.00000 0.00000 0.00000 0.00000 0.00000 0.00000 0.00000 0.00000 0.00000 0.00000 0.00000 0.00000 0.00000 0.00000 0.00000 0.31301 0.98878 1.95750 2.70331 2.93226 2.64051
17.83109 22.96642 23.33025 18.73749 13.05529 10.15621 6.76768 2.18707 0.00000 0.00000 0.00000 0.00000 0.00000 0.00000 0.00000 0.00000 0.00000 0.00000 0.00000 0.00000 0.00000 0.00000 0.04236 0.17949 0.51341 1.16992 2.11007 2.93355 3.27328 2.41512 1.06276 0.07278 0.00000 0.00000 0.00000 0.00000 0.00000 0.00000 0.00000 0.00000 0.00000 0.00000 0.00000 0.00000 0.00000 0.00000 0.00000 0.00000 0.00000 0.00000 0.00000 0.00000 0.00000 0.18703 0.94597 1.87443 2.87440 3.15724 3.00341 2.57061
15.31402 22.87478 23.62803 20.07235 14.39440 10.96110 6.99996 2.83820 0.06149 0.00000 0.00000 0.00000 0.00000 0.04392 0.11222 0.17155 0.08417 0.02217 0.00000 0.00000 0.00000 0.00000 0.22236 0.67087 1.56079 2.78681 4.16257 4.83416 4.76575 3.26582 1.49119 0.12557 0.00000 0.00000 0.00000 0.00000 0.00000 0.00000 0.00000 0.00000 0.00000 0.00000 0.00000 0.00000 0.00000 0.00000 0.00000 0.00000 0.00000 0.00000 0.00000 0.00000 0.04982 0.77564 1.29460 2.10372 3.11784 3.65912 3.48497 3.48487
9.83345 15.78407 16.10650 13.91167 11.32594 8.78980 5.74947 2.67744 0.36296 0.00000 0.00000 0.00000 0.00000 0.04550 0.17251 0.25097 0.20103 0.08053 0.03901 0.00000 0.00000 0.13303 0.94335 1.93573 3.35136 4.61854 5.84321 5.85174 5.12241 3.46982 1.73783 0.26354 0.00000 0.00000 0.00000 0.00000 0.00000 0.00000 0.00000 0.00000 0.00000 0.00000 0.00000 0.00000 0.00000 0.00000 0.00000 0.00000 0.00000 0.00000 0.00000 0.00000 0.14496 0.88965 1.17261 1.75154 2.72895 3.26393 3.13028 3.35491
5.37906 6.55184 5.28167 4.66877 5.42433 5.97512 5.07856 3.00108 1.16663 0.00000 0.00000 0.00000 0.00000 0.00000 0.11561 0.59062 0.57554 0.21044 0.09381 0.11007 0.24091 0.53279 1.83560 3.34540 5.45147 7.07456 7.38838 6.73222 5.54626 4.06246 1.94633 0.66339 0.33382 0.03159 0.00000 0.00000 0.00000 0.00000 0.00000 0.00000 0.00000 0.00000 0.00000 0.00000 0.00000 0.00000 0.00000 0.00000 0.00000 0.00000 0.00000 0.00000 0.38600 0.98973 1.23971 1.51701 1.94818 2.00261 1.88300 1.89925
0.95394 0.81015 0.63221 0.96767 2.62961 4.99543 5.66613 3.02562 1.07098 0.42339 0.00000 0.00000 0.00000 0.00000 0.07125 0.88925 0.77328 0.18991 0.15762 0.28469 0.33879 1.04790 2.86795 6.05336 8.65828 10.32430 9.99675 6.91093 5.14648 4.32907 2.94388 1.40591 0.82632 0.39722 0.05621 0.00000 0.00000 0.00000 0.00000 0.00000 0.00000 0.00000 0.08173 0.33031 0.69315 0.63502 0.42365 0.14766 0.05215 0.05159 0.09242 0.28377 0.61619 1.15121 1.48768 1.83718 1.75593 1.10541 0.90685 1.22485
0.00000 0.00000 0.00000 0.34894 1.61121 4.40562 5.78232 2.77536 1.26682 1.52023 0.25452 0.00000 0.00000 0.00000 0.03704 0.15270 0.05045 0.00000 0.13210 0.25460 0.37431 1.95297 7.43255 14.91440 15.73157 12.92169 10.27303 7.92142 6.04231 4.80676 3.44330 2.24179 1.18854 0.68900 0.49124 0.32724 0.16686 0.04543 0.04091 0.03744 0.00000 0.08921 0.14780 0.77005 1.98096 2.47766 1.67855 0.68774 0.20398 0.14475 0.40393 0.72495 1.24015 2.00801 2.28077 3.25258 3.23765 2.47436 2.48558 3.02383
0.00000 0.00000 0.00000 0.12477 1.01296 3.22725 4.42095 3.56246 3.88228 4.32584 2.44913 0.39073 0.00000 0.00000 0.00000 0.00000 0.00000 0.00000 0.03818 0.10831 0.13115 2.58088 10.82187 18.83482 27.91126 27.16127 13.25545 6.58688 3.72421 3.63282 3.73052 2.82525 1.50293 0.74407 0.60348 0.65647 0.61584 0.34658 0.54049 0.94729 0.89125 0.63175 0.83573 2.02610 3.88456 4.34850 3.32701 1.94155 0.90954 1.17792 1.49161 1.78543 2.78654 4.01661 4.95912 5.91857 7.23026 7.48205 7.51952 7.21625
0.00000 0.00000 0.00000 0.00000 0.52920 1.75461 2.65224 4.37457 8.28184 10.10422 5.86507 1.28888 0.00000 0.00000 0.00000 0.00000 0.00000 0.00000 0.00000 0.00000 0.19315 3.37952 8.13715 14.13594 26.87445 26.70659 14.07892 5.87752 3.58136 4.01377 5.13735 4.37407 2.15823 0.82643 0.63819 1.13913 2.02293 2.57622 2.97592 3.34743 2.99247 2.35632 2.80134 4.01483 4.90615 5.14117 4.86749 4.56298 5.93501 8.41924 7.41846 6.77213 4.64944 5.95221 8.49766 10.45987 11.35209 11.60664 11.74422 10.66191
0.00000 0.00000 0.00000 0.00000 0.00000 0.49096 0.92356 3.59262 10.16487 15.82593 8.96086 1.22188 0.00000 0.00000 0.00000 0.00000 0.00000 0.00000 0.00000 0.00000 0.11969 1.90766 4.34447 6.84506 11.35564 10.90507 6.05193 4.10952 5.05426 8.44056 9.21963 7.59359 4.01430 1.73421 1.27916 2.09716 4.11659 6.84292 7.94406 8.09052 6.61386 4.55980 4.23263 4.81467 4.92731 5.52034 11.25575 18.29913 23.53741 24.38888 17.91547 16.60166 13.93780 9.66201 13.25477 15.24937 16.06359 13.64801 11.85785 12.65187
0.00000 0.00000 0.07464 0.00000 0.21118 0.34942 0.65817 2.78949 7.11822 8.09353 4.19083 1.42623 0.44486 0.05162 0.00000 0.00000 0.00000 0.00000 0.00000 0.00000 0.00000 0.26665 0.87055 1.49194 3.31080 1.90868 0.00000 0.91931 4.59667 10.61525 17.88846 12.55126 6.55130 4.43607 3.01608 4.33095 7.03509 8.52886 12.10342 13.65107 9.86814 8.75225 6.94202 4.82488 7.03405 14.04507 22.58893 25.71542 30.84562 39.01250 33.43324 24.34582 22.94059 14.16057 16.30713 22.17289 23.36882 21.55261 12.51183 11.71972
0.24585 0.33097 1.23350 1.70350 0.87137 1.08766 1.97383 3.09761 4.00375 3.58757 3.65397 5.28592 4.23046 2.06649 0.33185 0.00000 0.00000 0.00000 0.00000 0.00000 0.00000 0.00000 0.02554 0.13115 0.36842 0.06345 0.00000 0.00000 1.74811 3.82712 8.67364 10.68436 7.80860 5.70979 3.44509 6.19393 8.61905 8.51767 14.12981 12.73720 10.38758 14.79688 17.27632 11.50319 18.64011 27.32065 27.69471 18.81351 15.86363 26.35800 30.55975 26.43139 23.11284 20.84124 19.58728 21.73457 19.71265 16.73918 11.21733 13.10362
2.44230 3.03020 5.64134 7.70374 5.39960 4.19243 4.31798 3.98934 3.27538 3.70826 6.13148 10.07430 9.50902 6.56571 2.81409 0.44908 0.53704 0.48921 0.04434 0.00000 0.00000 0.00000 0.00000 0.00000 0.00000 0.00000 0.00000 0.00000 0.39339 0.94828 2.78165 4.56215 4.43390 2.64199 0.73508 2.11515 3.81289 3.98898 4.69362 2.65991 5.11028 12.36986 23.03276 16.49792 18.62244 26.84157 20.69238 7.09447 3.67874 11.94236 20.60880 23.69121 23.07217 17.93587 14.28215 13.43653 11.47458 9.61380 9.06734 11.87973
6.73421 14.47576 22.92544 23.69566 15.01213 8.83887 6.92780 5.18972 3.68336 3.46998 5.85019 10.31697 13.88126 10.00155 4.27340 1.91665 1.52179 0.72892 0.00000 0.00000 0.00000 0.00000 0.00000 0.00000 0.00000 0.00000 0.00000 0.00000 0.00000 0.05650 0.05489 0.27983 1.12590 1.37965 0.00000 0.28210 1.10165 0.03036 0.00000 0.00000 0.20241 4.51681 13.27513 13.32015 10.34208 13.49973 9.65967 1.64407 0.96448 4.58401 10.51701 15.34121 13.20456 7.75862 6.75266 6.79686 5.64282 4.62824 5.04034 6.74845
7.93488 23.51930 37.32900 35.34885 22.10190 11.91469 8.96539 7.60754 5.65378 3.92375 4.36507 6.27902 10.03894 5.69491 2.91594 0.31479 0.23510 0.06239 0.05555 0.03308 0.00000 0.38146 1.22130 1.63937 0.80718 0.04826 0.00000 0.00000 0.00000 0.00000 0.00000 0.00000 0.45474 0.60188 0.13245 0.12655 0.00000 0.00000 0.00000 0.00000 0.02536 2.62769 7.29802 5.91400 7.90718 6.71778 3.14931 1.36691 0.00000 0.28109 1.71405 4.22220 4.51438 4.41292 4.05441 4.33554 4.18225 2.67310 1.95383 3.18012
6.87691 20.35205 28.15485 24.57080 18.42330 9.63896 9.97739 15.08357 12.05048 7.03276 4.59251 2.36089 4.03309 5.66464 6.62682 3.42733 2.19847 1.85824 1.38088 0.69873 1.29644 4.38593 6.17331 4.83290 2.13198 0.48269 0.03431 0.00000 0.00000 0.00000 0.00000 0.00000 0.00000 0.00000 0.06656 0.05995 0.00000 0.00000 0.00000 0.00000 0.08616 5.78211 16.52993 23.69486 20.23841 16.15762 9.46529 3.17413 0.55772 0.08322 0.00000 0.08787 2.30006 3.19493 3.43192 4.37011 4.57092 2.70710 0.93485 3.04917
5.03779 15.66882 20.60745 17.50475 10.70192 8.94095 17.25031 32.82615 27.32640 16.37598 9.11844 4.32576 5.43541 11.20607 19.47592 13.63542 7.89446 5.99886 3.59674 2.41283 5.78333 11.17311 10.64022 6.22888 3.14527 1.41507 0.10486 0.00000 0.00000 0.06013 0.46940 1.12098 1.24616 0.53131 0.19612 0.05684 0.00000 0.10118 0.02741 0.10364 0.03046 3.78324 15.97368 25.33809 20.54746 18.41149 12.93479 3.43662 0.79039 0.55984 0.49911 0.58755 1.94553 2.86587 3.43938 4.56517 4.28035 3.30659 2.07175 5.44591
2.61035 10.70012 12.49344 7.72088 4.84416 9.68639 20.15927 31.75374 32.02045 21.32815 12.18385 8.00441 7.33104 8.01428 15.66084 14.03029 8.51667 4.91146 3.51225 3.40959 6.55903 10.47073 10.05377 6.12606 3.69467 2.48111 1.05188 0.41900 0.79697 3.05070 5.65690 7.22788 6.95651 4.34160 2.30292 0.65870 0.05245 0.36067 0.78713 0.75017 0.52071 1.15748 5.31857 8.55372 11.05410 16.61419 9.74507 5.75573 2.49088 1.38206 1.03139 1.07086 2.15894 2.69890 2.77304 4.35336 4.53604 4.80058 4.36833 6.66853
0.80301 2.27074 2.81204 3.60491 5.45527 9.89254 14.75760 18.18353 20.55011 15.69091 10.18984 10.63894 14.66599 10.82045 11.62521 11.15296 8.94433 7.01323 7.25087 4.76685 4.07484 4.23999 5.12960 5.52273 4.66852 3.79394 2.84979 2.08554 3.53559 9.65384 15.47062 14.25784 10.93382 7.10764 3.73223 2.21213 0.70429 0.72790 2.70734 2.12677 1.21844 0.73204 0.85508 4.67400 12.60512 19.78438 11.08258 5.60756 2.63518 1.45262 0.90908 0.99554 2.09561 2.87812 3.34452 3.81515 4.56989 5.80045 6.20153 7.20658
1.90448 2.41153 2.07415 3.36861 7.70595 10.34500 10.29196 11.45971 11.67307 8.95741 6.31866 6.58018 18.14855 17.75988 15.48925 11.49408 13.48131 24.18200 30.25763 13.00126 3.52988 1.91494 2.88959 4.79794 5.34533 4.94368 4.56095 4.52332 7.55095 15.01488 21.78562 15.36117 9.99292 6.55776 3.77426 4.31107 4.95766 7.38959 9.71624 6.77318 2.95982 1.61552 0.32375 0.55745 8.55453 12.73157 6.00307 2.52991 1.26191 0.92224 0.66996 0.71901 1.41986 2.23334 2.48554 2.54091 4.41904 6.81616 8.49789 10.05335
5.15960 2.87561 0.92130 1.46766 5.32624 5.83312 4.03492 5.13102 4.93214 4.47365 3.39985 2.71783 8.26077 12.35863 13.82736 13.95862 17.35461 29.76058 40.15134 22.87262 6.38831 2.04952 3.43842 5.29157 5.39490 5.22867 4.98373 5.15924 7.23016 11.80790 13.48654 7.95660 3.35456 3.77965 3.22527 3.55981 6.60237 14.68078 22.31488 13.46534 7.29675 4.98654 2.36005 0.00000 0.55810 4.36616 3.98611 1.53978 1.00926 0.85443 0.69054 0.67392 0.83875 1.33455 1.57274 1.63984 4.28086 7.53433 11.17923 14.94991
11.64376 3.02022 0.18086 0.20441 1.21537 1.09128 0.86422 1.91055 2.50857 2.09663 1.66106 1.24591 2.49988 6.26241 9.81965 9.87308 15.05891 21.64932 29.19272 29.88722 11.58667 3.94822 4.02813 5.22978 5.55007 5.00776 4.02006 3.70452 3.94552 5.68096 5.91220 3.84192 2.36981 2.79943 4.37749 8.19672 7.81969 9.15753 15.84906 13.70341 12.24092 9.22971 3.15761 0.35517 0.19748 0.07019 1.06962 1.25872 0.83923 0.84388 0.72866 0.73733 0.75946 0.96913 1.27820 1.99499 5.76999 10.49763 11.67438 11.61836
25.36881 7.28243 0.04516 0.00000 0.00000 0.32396 0.76047 0.91117 0.87823 0.76878 0.45912 0.36049 1.23674 6.85424 10.64147 7.92857 12.48631 21.03358 27.64002 25.35795 10.04439 5.32647 5.74157 5.71285 5.47295 4.38682 3.09409 2.07575 2.38690 4.31484 3.27267 2.34450 2.25436 2.16851 5.03827 14.20741 14.08036 10.44383 10.70954 8.93600 6.74837 -99999.00000 -99999.00000 0.74104 3.33879 7.25501 9.16854 4.54720 1.16395 0.90822 1.07642 0.81250 0.62444 0.72209 1.01721 3.65239 10.48246 18.39598 16.58885 11.53699
27.26528 8.78350 1.07626 0.00000 0.21304 1.05226 1.42012 0.75702 0.00000 0.15993 0.24970 1.59602 6.48592 15.78972 17.83997 10.26887 19.65284 32.04933 32.66931 21.01265 8.79422 7.75634 9.11537 6.41459 5.81628 4.88532 3.26675 2.07705 3.51197 7.96649 7.74275 4.19817 3.19341 2.60532 4.31172 -99999.00000 -99999.00000 -99999.00000 -99999.00000 -99999.00000 -99999.00000 -99999.00000 -99999.00000 10.91275 18.64092 20.78290 18.12821 10.84981 3.50802 1.41981 1.12003 0.64340 0.22623 1.38606 3.57380 9.30498 20.98307 31.85429 29.02380 19.11706
18.09098 6.04078 0.87530 0.53276 -99999.00000 3.79697 3.43988 0.78679 0.00000 0.04381 0.89900 3.51200 9.63549 22.52760 24.38782 11.93616 24.54947 42.94208 38.29397 24.78194 17.05871 12.34317 10.45527 8.08100 6.68046 6.07535 5.52320 3.81527 3.40700 8.94730 10.44266 5.03840 3.84951 4.63581 -99999.00000 -99999.00000 -99999.00000 -99999.00000 -99999.00000 -99999.00000 -99999.00000 -99999.00000 -99999.00000 -99999.00000 30.42075 26.05034 21.22302 16.81627 9.93775 3.55833 1.29858 0.41488 0.06269 0.27638 4.90332 12.55341 24.65294 38.94168 45.24076 35.36082
-99999.00000 -99999.00000 -99999.00000 -99999.00000 -99999.00000 12.19465 8.95600 1.52965 0.08118 0.11236 1.47682 4.26933 10.25267 20.39437 21.77105 12.69754 16.02166 31.35898 38.10289 30.67296 25.37735 18.46807 12.55510 8.77734 6.68697 4.66078 5.42611 4.27955 2.17230 5.60091 7.38315 4.77705 4.65329 5.41970 -99999.00000 -99999.00000 -99999.00000 -99999.00000 -99999.00000 -99999.00000 -99999.00000 -99999.00000 -99999.00000 -99999.00000 -99999.00000 22.35627 21.12576 20.05077 16.03488 7.06855 1.58474 0.25349 0.05619 0.37576 3.38646 6.85797 16.64673 36.13701 56.49964 59.89378
