DATA/RAW-RASTER/CPC/2017/20170814.asc
ncols			60
nrows			40
xllcorner		70.0
yllcorner		20.0
cellsize		0.5
NODATA_value	-99999
0.00000 0.00000 0.00000 0.00000 0.00000 0.00000 0.00000 0.00000 0.00000 0.00000 0.00000 0.00000 0.02998 0.10739 0.28649 0.49741 0.63993 0.66264 0.61218 0.45279 0.23538 0.09234 0.03683 0.00000 0.00000 0.00000 0.00000 0.00000 0.00000 0.00000 0.00000 0.00000 0.00000 0.00000 0.00000 0.00000 0.00000 0.00000 0.00000 0.00000 0.00000 0.00000 0.00000 0.00000 0.00000 0.00000 0.00000 0.00000 0.00000 0.00000 0.00000 0.00000 0.00000 0.00000 0.00000 0.00000 0.00000 0.00000 0.00000 0.00000
0.00000 0.00000 0.00000 0.00000 0.00000 0.00000 0.00000 0.00000 0.00000 0.00000 0.00000 0.00000 0.00000 0.05528 0.14723 0.29696 0.45676 0.53653 0.52543 0.43715 0.28948 0.15844 0.07966 0.04193 0.02459 0.00000 0.00000 0.00000 0.00000 0.00000 0.00000 0.00000 0.00000 0.00000 0.00000 0.00000 0.00000 0.00000 0.00000 0.00000 0.00000 0.00000 0.00000 0.00000 0.00000 0.00000 0.00000 0.00000 0.00000 0.00000 0.00000 0.00000 0.00000 0.00000 0.00000 0.00000 0.00000 0.00000 0.00000 0.00000
0.00000 0.00000 0.00000 0.00000 0.00000 0.00000 0.00000 0.00000 0.00000 0.00000 0.00000 0.00000 0.00000 0.02108 0.03905 0.09424 0.18562 0.25994 0.28429 0.25849 0.19974 0.13789 0.08751 0.05503 0.03552 0.02389 0.00000 0.00000 0.00000 0.00000 0.00000 0.00000 0.00000 0.00000 0.00000 0.00000 0.00000 0.00000 0.00000 0.00000 0.00000 0.00000 0.00000 0.00000 0.00000 0.00000 0.00000 0.00000 0.00000 0.00000 0.00000 0.00000 0.00000 0.00000 0.00000 0.00000 0.00000 0.00000 0.00000 0.00000
0.00000 0.00000 0.00000 0.00000 0.00000 0.00000 0.00000 0.00000 0.00000 0.00000 0.00000 0.00000 0.00000 0.00000 0.00000 0.02071 0.04407 0.06740 0.08266 0.07947 0.06584 0.05331 0.04349 0.03567 0.02951 0.00000 0.00000 0.00000 0.00000 0.00000 0.00000 0.00000 0.00000 0.00000 0.00000 0.00000 0.00000 0.00000 0.00000 0.00000 0.00000 0.00000 0.00000 0.00000 0.00000 0.00000 0.00000 0.00000 0.00000 0.00000 0.00000 0.00000 0.00000 0.00000 0.00000 0.00000 0.00000 0.00000 0.00000 0.00000
0.00000 0.00000 0.00000 0.00000 0.00000 0.00000 0.00000 0.00000 0.00000 0.00000 0.00000 0.00000 0.00000 0.00000 0.00000 0.00000 0.00000 0.00000 0.00000 0.00000 0.00000 0.00000 0.00000 0.00000 0.00000 0.00000 0.00000 0.00000 0.00000 0.00000 0.00000 0.00000 0.00000 0.00000 0.00000 0.00000 0.00000 0.00000 0.00000 0.00000 0.00000 0.00000 0.00000 0.00000 0.00000 0.00000 0.00000 0.00000 0.00000 0.00000 0.00000 0.00000 0.00000 0.00000 0.00000 0.00000 0.00000 0.00000 0.00000 0.00000
0.00000 0.00000 0.00000 0.00000 0.00000 0.00000 0.00000 0.00000 0.00000 0.00000 0.00000 0.00000 0.00000 0.00000 0.00000 0.00000 0.00000 0.00000 0.00000 0.00000 0.00000 0.00000 0.00000 0.00000 0.00000 0.00000 0.00000 0.00000 0.00000 0.00000 0.00000 0.00000 0.00000 0.00000 0.00000 0.00000 0.00000 0.00000 0.00000 0.00000 0.00000 0.00000 0.00000 0.00000 0.00000 0.00000 0.00000 0.00000 0.00000 0.00000 0.00000 0.00000 0.00000 0.00000 0.00000 0.00000 0.00000 0.00000 0.00000 0.00000
0.00000 0.00000 0.00000 0.00000 0.00000 0.00000 0.00000 0.00000 0.00000 0.00000 0.03815 0.02588 0.00000 0.00000 0.00000 0.00000 0.00000 0.00000 0.00000 0.00000 0.00000 0.00000 0.00000 0.00000 0.00000 0.00000 0.00000 0.00000 0.00000 0.00000 0.00000 0.00000 0.00000 0.00000 0.00000 0.00000 0.00000 0.00000 0.00000 0.00000 0.00000 0.00000 0.00000 0.00000 0.00000 0.00000 0.00000 0.00000 0.00000 0.00000 0.00000 0.00000 0.00000 0.00000 0.00000 0.00000 0.00000 0.00000 0.00000 0.00000
0.00000 0.00000 0.00000 0.00000 0.00000 0.00000 0.03295 0.10243 0.20508 0.40703 0.38461 0.36974 0.25366 0.11743 0.04140 0.00000 0.00000 0.00000 0.00000 0.00000 0.00000 0.00000 0.00000 0.00000 0.00000 0.00000 0.00000 0.00000 0.00000 0.00000 0.00000 0.00000 0.00000 0.00000 0.00000 0.00000 0.00000 0.00000 0.00000 0.00000 0.00000 0.00000 0.00000 0.00000 0.00000 0.00000 0.00000 0.00000 0.00000 0.00000 0.02427 0.02868 0.00000 0.00000 0.00000 0.00000 0.00000 0.00000 0.00000 0.00000
0.00000 0.00000 0.00000 0.00000 0.21363 0.54792 0.64319 0.67213 0.70158 0.75407 0.79720 0.70582 0.65233 0.48059 0.24184 0.07796 0.02461 0.00000 0.00000 0.00000 0.00000 0.00000 0.00000 0.00000 0.00000 0.00000 0.00000 0.00000 0.00000 0.00000 0.00000 0.00000 0.00000 0.00000 0.00000 0.00000 0.00000 0.00000 0.00000 0.00000 0.00000 0.00000 0.00000 0.00000 0.00000 0.00000 0.00000 0.07048 0.16207 0.24188 0.38157 0.57597 0.59804 0.31497 0.18471 0.10183 0.02686 0.06080 0.11077 0.36458
0.31516 0.48556 0.51439 0.48195 1.73307 3.14584 2.64819 1.06911 0.80999 1.07236 0.97204 0.72491 0.68525 0.65430 0.55746 0.31675 0.08642 0.00000 0.00000 0.00000 0.00000 0.00000 0.00000 0.00000 0.00000 0.00000 0.00000 0.00000 0.00000 0.00000 0.00000 0.28115 0.71526 0.57844 0.23816 0.56078 0.35159 0.38583 0.33040 0.26020 0.11571 0.00000 0.00000 0.00000 0.00000 0.00000 0.02944 0.18818 0.71594 1.63163 2.60195 3.29693 3.08006 2.02401 0.89567 0.35936 0.21951 0.22330 0.36818 0.79205
1.67884 2.21292 2.83027 4.09087 8.15811 9.34080 4.89694 1.78110 1.42685 2.08002 1.67083 0.75638 0.54284 0.47552 0.43440 0.40510 0.05964 0.00000 0.00000 0.00000 0.00000 0.00000 0.00000 0.00000 0.00000 0.00000 0.00000 0.00000 0.00000 0.00000 0.25810 1.99120 2.67174 3.35411 3.56197 3.65679 3.61686 2.74806 1.80025 1.04842 0.50291 0.20986 0.04909 0.00000 0.00000 0.00000 0.08484 0.39265 1.46933 3.42482 5.16834 5.81571 5.40623 3.81948 1.81087 0.64963 0.30947 0.31439 0.44120 0.86251
4.36771 4.25287 4.75155 5.76132 7.36507 5.46383 0.73173 0.31540 1.27274 1.89207 1.86393 0.85028 0.44936 0.32275 0.21821 0.05561 0.00000 0.00000 0.00000 0.00000 0.00000 0.00000 0.00000 0.00000 0.00000 0.00000 0.00000 0.00000 0.00000 0.51461 1.66204 2.84866 3.62960 4.28610 5.06132 5.86540 6.16562 5.70743 4.49571 3.09642 1.70786 0.71466 0.23999 0.04240 0.00000 0.03953 0.18634 0.75920 2.25970 4.17226 5.65948 6.35430 6.31036 5.43395 3.78718 1.98303 0.95214 0.52449 0.31107 0.44265
8.51143 7.00733 5.90920 4.71671 3.48737 0.20638 0.00000 0.13746 1.22187 1.09549 1.04777 0.82321 0.40472 0.17137 0.00000 0.00000 0.00000 0.00000 0.00000 0.00000 0.00000 0.00000 0.00000 0.00000 0.00000 0.00000 0.00000 0.00000 0.00000 0.67155 1.78501 2.56538 3.34969 4.13116 5.40843 6.86344 8.13163 9.51612 9.93764 7.78817 5.13152 2.59527 1.09390 0.37171 0.17098 0.23255 0.49295 1.06511 2.17762 3.38499 4.45650 5.31836 5.95295 6.28422 5.75918 4.25749 2.35396 0.99259 0.31176 0.19190
7.12159 6.31861 4.86109 2.29713 0.45509 0.00000 0.00000 0.00000 0.32789 0.75671 0.77377 0.56793 0.22663 0.00000 0.00000 0.00000 0.00000 0.00000 0.00000 0.00000 0.00000 0.00000 0.00000 0.00000 0.00000 0.00000 0.00000 0.00000 0.06747 0.79523 1.66275 2.34901 3.00689 3.81056 4.99998 6.80529 8.96148 11.31923 12.83247 12.78810 11.05895 8.01013 4.66767 2.58465 1.64937 1.25758 1.35543 1.58033 1.61998 1.54840 1.77801 3.25740 5.44319 7.24932 7.33802 5.90747 3.89546 2.01951 1.02003 0.89107
3.56522 2.79071 1.93332 0.43639 0.00000 0.00000 0.00000 0.00000 0.00000 0.00000 0.02906 0.07516 0.00000 0.00000 0.00000 0.00000 0.00000 0.00000 0.00000 0.00000 0.00000 0.00000 0.00000 0.00000 0.00000 0.00000 0.00000 0.00000 0.06772 0.25109 1.07601 1.83083 2.28619 2.86106 3.95131 5.62497 8.22926 11.50926 14.68569 16.54549 16.56187 13.43042 9.47077 6.87649 5.50788 3.99451 2.98017 2.41953 1.89903 1.10467 0.71096 2.12894 4.88134 7.24809 7.60906 6.60773 4.44719 2.85022 2.09684 2.11594
0.80886 0.49649 0.31606 0.02529 0.00000 0.00000 0.00000 0.00000 0.00000 0.00000 0.00000 0.00000 0.00000 0.00000 0.00000 0.00000 0.00000 0.00000 0.00000 0.00000 0.00000 0.00000 0.00000 0.00000 0.00000 0.00000 0.00000 0.06923 0.15166 0.13954 0.50852 1.33762 1.60739 2.00745 2.83280 4.06023 6.26222 9.83450 14.41352 17.62092 18.41950 15.74007 11.58706 8.81699 7.48750 5.69446 4.00542 3.24964 2.89995 2.45736 2.39761 3.21479 4.72399 5.78635 5.99593 5.24858 4.17721 3.22776 2.49187 2.25846
0.06349 0.00000 0.00000 0.00000 0.00000 0.00000 0.00000 0.00000 0.00000 0.00000 0.00000 0.00000 0.00000 0.00000 0.00000 0.00000 0.00000 0.00000 0.00000 0.00000 0.00000 0.00000 0.00000 0.00000 0.00000 0.00000 0.00000 0.15402 0.26549 0.28884 0.20782 0.94952 1.11934 1.20295 1.43189 1.94045 3.23760 6.44091 12.53249 17.59067 19.22703 17.08569 12.02012 9.03689 8.11750 6.40741 4.52493 3.35349 3.33671 3.83747 4.63102 5.11102 4.68900 4.09623 3.97726 3.83616 3.71269 3.58774 2.47684 1.26937
0.00000 0.00000 0.00000 0.00000 0.00000 0.04006 0.11740 0.19774 0.17920 0.05044 0.00000 0.00000 0.00000 0.00000 0.00000 0.00000 0.00000 0.00000 0.00000 0.00000 0.00000 0.00000 0.00000 0.00000 0.00000 0.00000 0.06211 0.23118 0.36844 0.41992 0.31966 0.64682 0.96405 0.95126 0.89274 0.90047 1.13193 2.88796 9.90427 17.21109 19.02844 17.15734 12.36435 8.87169 8.05628 7.28570 5.47935 4.12847 3.87910 4.70301 5.30544 5.20389 4.26080 3.31697 3.20120 3.44695 3.89928 3.99778 2.93753 1.79646
0.00000 0.00000 0.00000 0.00000 0.00000 0.15535 0.40531 0.73233 0.84430 0.60034 0.06899 0.00000 0.00000 0.00000 0.00000 0.00000 0.00000 0.00000 0.00000 0.00000 0.00000 0.00000 0.00000 0.00000 0.00000 0.04492 0.16373 0.34529 0.59610 0.74273 0.61857 0.60721 0.94006 1.12162 1.08132 0.95113 0.77840 1.78668 7.36263 14.24261 16.93792 16.10946 12.83781 10.49102 9.01794 7.83912 6.30936 5.71009 5.70899 5.59027 4.71780 4.04310 3.81841 3.58143 3.38351 3.57882 4.49074 5.30990 5.06679 4.35007
0.00000 0.00000 0.00000 0.00000 0.02971 0.10368 0.36874 1.22608 1.58139 1.23960 0.39622 0.00000 0.00000 0.00000 0.00000 0.00000 0.00000 0.00000 0.06841 0.16204 0.04685 0.00000 0.00000 0.00000 0.00000 0.08510 0.23347 0.46801 0.85887 1.11532 1.03520 0.69234 1.14831 1.51287 2.16061 2.82711 3.47706 4.85315 8.27064 11.82059 13.16658 11.16523 9.16346 9.09925 8.61093 7.27291 6.56330 6.80553 8.08635 7.48322 6.44259 5.16585 4.11600 3.80520 3.71654 4.25961 5.45944 6.46249 6.97505 7.28014
0.00000 0.00000 0.00000 0.00000 0.02116 0.08080 0.28689 1.15034 1.53817 1.17402 0.44835 0.00000 0.00000 0.00000 0.00000 0.00000 0.00000 0.35935 0.83491 0.43388 0.19772 0.02735 0.00000 0.00000 0.00000 0.10484 0.32554 0.74819 1.21590 1.47615 1.40660 1.07931 1.08532 1.43372 2.64107 4.86464 7.48660 9.27043 9.68957 9.81098 8.91700 7.46403 6.74178 6.79560 6.54588 5.58487 5.69854 6.99974 9.33440 7.89375 7.25149 6.14460 4.78500 4.32790 3.51649 4.46912 5.46270 6.37237 7.58515 8.60061
0.00000 0.00000 0.00000 0.00000 0.00000 0.11796 0.32993 0.62424 0.82445 0.56179 0.11968 0.00000 0.00000 0.00000 0.00000 0.00000 0.23677 1.43230 3.63097 2.54876 0.94795 0.13186 0.00000 0.02582 0.08576 0.41707 0.80243 1.19963 1.31826 1.46906 1.37223 1.03562 0.76184 0.68498 1.45696 3.78827 7.44853 10.09682 9.06477 7.66305 6.76031 5.88829 5.41655 4.56084 3.43974 3.12326 4.29500 6.98026 8.19038 9.59590 8.00420 6.28577 5.68462 5.23590 4.16571 3.99507 4.95272 5.76549 7.42681 9.75275
0.00000 0.00000 0.00000 0.00000 0.00000 0.06042 0.17260 0.27104 0.24440 0.08154 0.00000 0.00000 0.00000 0.00000 0.00000 0.00000 0.15707 1.28088 2.77008 2.76261 1.55367 0.58813 0.38116 0.25205 0.67738 1.34497 2.14110 2.60467 2.18962 1.67281 1.45796 1.20019 0.77696 0.34152 0.55105 2.21099 5.17352 6.94782 6.23826 5.49540 5.36548 4.55727 3.71925 2.16616 1.05130 1.01894 2.22215 4.76386 9.71137 15.94945 13.98693 12.04075 6.30908 5.04302 4.32102 4.23065 4.49422 4.96909 6.78075 10.27071
0.00000 0.00000 0.00000 0.00000 0.00000 0.00000 0.00000 0.02715 0.00000 0.00000 0.00000 0.00000 0.00000 0.00000 0.00000 0.00000 0.02854 0.39127 0.39657 0.58931 0.58695 1.02832 1.89586 2.02353 2.34613 2.28315 2.64567 3.74679 4.18837 3.21021 1.87870 1.60552 1.39382 0.88036 0.69094 1.35453 2.47132 2.88718 2.59176 3.29453 3.92849 3.01135 1.66083 0.82645 0.37496 0.47433 2.56595 8.31913 13.88538 16.80122 20.63332 21.38163 13.80726 6.42292 4.96538 4.70238 5.00817 4.94621 6.41405 12.47364
0.00000 0.00000 0.00000 0.00000 0.00000 0.00000 0.00000 0.00000 0.00000 0.00000 0.00000 0.00000 0.00000 0.00000 0.00000 0.00000 0.00000 0.00000 0.00000 0.03977 0.30411 1.66636 3.68236 4.83820 4.79151 3.37332 1.87684 3.03482 5.17701 5.09588 3.64528 2.87855 2.82783 2.38463 1.03930 1.13779 2.46106 1.98868 1.54306 3.35245 3.85174 1.79078 0.31987 0.27316 0.37083 1.15303 4.35304 10.21302 11.39188 9.23040 11.02937 13.68940 13.84972 7.09563 5.30676 6.97654 7.51986 9.53687 11.42831 21.93342
0.00000 0.00000 0.00000 0.00000 0.00000 0.00000 0.00000 0.00000 0.00000 0.00000 0.00000 0.00000 0.00000 0.00000 0.00000 0.00000 0.00000 0.00000 0.00000 0.00000 0.02261 0.94425 3.10460 5.04247 5.73579 6.22942 6.40011 7.66085 10.65321 9.48891 7.64994 6.37564 4.83268 3.09617 0.89644 0.87800 3.60053 4.85449 7.38598 9.05565 7.36591 3.45224 0.00000 0.02843 0.65800 1.27382 5.38902 9.98486 8.54907 4.38444 3.20311 5.58643 7.42283 7.25849 5.96866 9.11360 11.22030 16.34090 23.53175 39.71795
0.00000 0.00000 0.00000 0.00000 0.00000 0.00000 0.00000 0.00000 0.00000 0.00000 0.00000 0.00000 0.00000 0.00000 0.00000 0.00000 0.00000 0.00000 0.00000 0.00000 0.00000 0.12678 1.22767 3.35254 5.60118 8.82078 13.10105 16.74146 23.02576 23.86090 20.41125 12.60491 5.34370 1.72391 0.37645 0.04220 1.17473 8.00317 20.67942 20.65342 10.91681 4.93852 0.12567 0.00000 0.49246 0.27010 2.96965 4.90735 5.87105 5.78768 4.86499 5.07115 5.94335 5.05761 4.31793 8.36331 11.57392 16.99520 26.41350 39.13877
0.00000 0.00000 0.00000 0.00000 0.00000 0.00000 0.00000 0.00000 0.02675 0.00000 0.00000 0.00000 0.00000 0.00000 0.00000 0.00000 0.00000 0.00000 0.00000 0.00000 0.00000 0.00000 0.18987 1.40100 3.79501 6.86172 12.11153 21.99618 40.98432 51.39826 38.67984 19.56370 5.25895 0.57005 0.08703 0.07256 1.64981 10.02438 25.60949 20.48697 6.57413 3.76629 1.50718 1.01469 0.73634 3.57616 7.85494 6.14695 6.40214 7.38119 7.26434 6.49219 4.17658 2.28719 2.43971 5.20853 6.89055 9.14304 14.10994 20.69446
0.00000 0.00000 0.00000 0.00000 0.00000 0.00000 0.00000 0.12347 0.18645 0.17538 0.12148 0.00000 0.02322 0.00000 0.00000 0.00000 0.00000 0.00000 0.00000 0.00000 0.00000 0.00000 0.00000 0.02897 0.74916 1.98367 5.31255 16.49027 44.92138 58.94523 35.54793 21.07396 6.73333 0.88725 0.26652 0.40019 0.96938 3.78943 10.10484 8.12218 3.78291 5.79163 11.76092 14.34496 11.80781 9.06825 10.85086 8.87632 9.05445 8.02081 7.56069 4.93271 2.17350 1.70318 1.75541 3.09194 4.06409 3.74427 4.47401 8.05955
0.00000 0.00000 0.00000 0.00000 0.00000 0.00000 0.04530 0.43886 0.97431 1.34589 1.31651 1.41446 1.06714 0.00000 0.00000 0.00000 0.00000 0.00000 0.00000 0.00000 0.00000 0.00000 0.00000 0.00000 0.00000 0.02065 0.50505 7.48850 27.05067 33.13365 23.80374 17.52278 7.41138 1.64884 0.40676 0.25135 0.39090 1.46125 4.31907 8.28370 8.56334 13.56142 30.72611 45.88974 31.24775 11.36587 5.84837 5.65554 5.13962 5.14409 5.06561 3.20531 1.84574 1.60951 1.48919 2.58319 3.57198 2.48772 1.35537 3.48763
0.00000 0.00000 0.02201 0.05478 0.02711 0.00000 0.07452 0.38204 1.93717 3.52927 2.72085 2.25541 1.33382 0.07785 0.00000 0.00000 0.00000 0.00000 0.00000 0.00000 0.00000 0.00000 0.00000 0.00000 0.00000 0.00000 0.00000 3.60754 13.99708 17.18522 16.77786 14.69919 9.65218 4.30755 2.17372 0.65385 2.60587 6.33885 10.12886 23.45071 18.29344 14.42918 29.51031 41.15190 27.11440 11.01053 4.72143 1.90582 1.84107 2.95855 3.54044 2.63197 1.77279 1.53333 1.67134 2.60708 2.82896 2.14794 0.97723 2.12071
0.00000 0.00000 0.07089 0.12524 0.21558 0.35869 0.60630 0.56258 1.48431 2.40724 1.91233 0.85213 0.07022 0.00000 0.00000 0.04744 0.00000 0.00000 0.00000 0.00000 0.00000 0.00000 0.00000 0.00000 0.00000 0.00000 0.00000 1.44900 5.18229 10.90508 13.51964 14.03579 14.71145 13.99145 9.89847 1.88516 2.97186 9.78442 18.44050 43.78746 38.03674 21.43291 17.05263 15.78347 16.00064 12.17090 4.97926 2.69590 1.64914 1.76496 1.93248 1.65109 1.50878 1.26991 1.22491 1.99604 2.10080 1.76028 0.89523 0.98568
0.00000 0.00000 0.04325 0.12849 0.23737 0.79066 1.24173 0.77245 0.75722 0.72871 0.34092 0.18570 0.00000 0.00000 0.00000 0.70578 0.35295 0.00000 0.00000 0.02983 0.05082 0.00000 0.00000 0.00000 0.00000 0.00000 0.00000 0.75072 3.41406 9.65708 14.10644 15.38082 16.67851 31.96246 22.43598 3.37871 1.60604 3.89057 9.97960 17.43458 23.66400 50.00110 45.89930 29.17347 21.48206 14.55089 6.63093 3.24625 1.73165 1.19444 0.88905 0.93037 1.16004 1.20703 1.38717 1.54141 1.58523 1.22596 0.65375 0.61875
0.00000 0.00000 0.00000 0.00000 0.00000 0.00000 0.22313 0.30591 0.00000 0.00000 0.00000 0.13416 0.00000 0.00000 0.00000 1.11602 1.00522 0.17708 0.14018 0.27266 0.20935 0.00000 0.04213 0.25553 0.24837 0.00000 0.09006 1.50548 5.72029 12.46149 18.30763 23.11910 23.63349 52.91840 49.68536 8.23625 2.33143 3.60320 3.58083 7.99789 33.72029 100.44231 76.57359 42.08412 32.50650 18.27187 5.91274 2.33740 1.30889 1.00542 0.63405 0.56327 0.65341 0.89347 0.96120 0.90802 1.31914 1.53256 1.66817 2.33726
0.00000 0.00000 0.00000 0.00000 0.00000 0.00000 0.00000 0.00000 0.00000 0.00000 0.00000 0.00000 0.00000 0.00000 0.29989 0.84199 0.75282 0.41627 0.23056 0.27340 0.04768 0.00000 0.23492 0.42232 0.40188 0.31806 0.58314 2.06085 5.97829 12.81968 21.17356 34.01956 45.61769 55.19597 55.19150 16.36609 12.75077 15.55974 8.82481 12.64688 12.65718 32.74914 58.44339 47.90467 31.20868 22.51619 9.66290 2.84976 1.65136 1.32998 0.95549 0.58460 0.37213 0.52725 0.56510 0.53433 1.47065 2.72849 4.59230 6.84401
0.00000 0.00000 0.00000 0.00000 0.00000 0.00000 0.00000 0.00000 0.00000 0.00000 0.00000 0.00000 0.00000 0.00000 0.20205 0.19982 0.30120 0.12124 0.20903 0.58956 0.20482 0.42886 0.37299 0.34272 0.43847 0.60047 1.03027 1.70859 4.22193 8.13874 13.73484 21.61749 25.94739 29.11399 39.19342 15.63420 5.46810 12.03416 12.86695 16.52726 19.10698 35.60670 80.97646 42.27546 23.55036 25.03886 15.96785 4.80251 1.86176 1.62542 1.25912 0.83332 0.36067 0.40889 0.47951 0.73332 2.01808 4.21383 6.15984 8.03559
0.06179 0.00000 0.00000 0.00000 0.00000 0.00000 0.10363 0.21351 0.00000 0.00000 0.00000 0.00000 0.08512 0.03971 0.00000 0.02412 0.00000 0.09573 0.24686 0.37167 0.13136 0.40266 0.16322 0.00000 0.04863 0.44396 1.28181 2.26335 4.09150 4.18144 3.51852 5.47938 5.22043 3.88751 8.79986 5.61948 4.19144 8.32402 14.22599 21.87709 33.34909 -99999.00000 -99999.00000 41.92245 28.21816 24.03759 18.95037 7.51095 2.10621 1.80890 1.72279 0.90285 0.35437 0.37399 0.44407 0.61453 2.02101 4.93639 6.77643 8.14774
0.00000 0.00000 0.00000 0.00000 0.25115 0.57602 1.39529 1.22880 0.23519 0.00000 0.08579 0.32122 0.78200 0.84819 1.09789 1.61392 2.39116 1.46658 0.69391 0.25942 0.00000 0.00000 0.00000 0.00000 0.00000 0.27347 0.80500 1.14325 1.76247 1.75841 1.01721 1.09354 0.83547 0.31000 1.49393 -99999.00000 -99999.00000 -99999.00000 -99999.00000 -99999.00000 -99999.00000 -99999.00000 -99999.00000 28.51257 19.37671 16.14688 14.20721 8.76477 3.23172 1.91069 1.52880 0.59284 0.23235 0.23655 0.34156 0.75640 2.74398 4.94999 5.87567 6.60167
0.00000 0.00000 0.00000 0.34566 -99999.00000 4.46415 5.14043 2.68422 0.42920 0.20198 0.59268 1.29503 2.06307 1.61732 3.11243 9.25646 13.90414 3.39290 1.18013 0.88648 0.57068 0.10027 0.00000 0.00000 0.02050 0.28902 0.47640 0.77913 1.15009 1.27395 1.35886 1.11058 0.46676 0.22058 -99999.00000 -99999.00000 -99999.00000 -99999.00000 -99999.00000 -99999.00000 -99999.00000 -99999.00000 -99999.00000 -99999.00000 10.84861 9.15661 8.78414 7.84649 5.28932 2.41588 0.97393 0.34457 0.17879 0.24597 0.47228 1.36471 2.83883 4.24388 4.29246 4.06364
-99999.00000 -99999.00000 -99999.00000 -99999.00000 -99999.00000 7.11507 9.11288 3.35881 1.02245 0.97532 1.62824 2.33878 3.64312 4.96214 8.71769 20.01139 27.56777 9.69680 0.60535 0.58401 0.69256 0.31367 0.00000 0.00000 0.02180 0.10806 0.24729 0.48384 0.66779 1.20257 2.16636 3.34282 1.41715 0.24434 -99999.00000 -99999.00000 -99999.00000 -99999.00000 -99999.00000 -99999.00000 -99999.00000 -99999.00000 -99999.00000 -99999.00000 -99999.00000 6.46690 6.53645 6.49481 5.57520 2.87379 0.77224 0.25826 0.24301 0.50910 0.83314 1.23506 2.28152 4.42357 5.02871 3.20735
