DATA/RAW-RASTER/CPC/2017/20170909.asc
ncols			60
nrows			40
xllcorner		70.0
yllcorner		20.0
cellsize		0.5
NODATA_value	-99999
0.00000 0.00000 0.00000 0.00000 0.00000 0.00000 0.00000 0.00000 0.00000 0.00000 0.00000 0.00000 0.00000 0.08405 0.25060 0.26980 0.15167 0.10573 0.20778 0.23977 0.15765 0.06763 0.02447 0.00000 0.00000 0.00000 0.00000 0.00000 0.00000 0.00000 0.00000 0.00000 0.00000 0.00000 0.00000 0.00000 0.00000 0.00000 0.00000 0.00000 0.00000 0.00000 0.00000 0.00000 0.00000 0.00000 0.00000 0.00000 0.00000 0.00000 0.00000 0.00000 0.00000 0.00000 0.00000 0.00000 0.00000 0.00000 0.00000 0.00000
0.00000 0.00000 0.00000 0.00000 0.00000 0.00000 0.00000 0.00000 0.00000 0.00000 0.00000 0.00000 0.00000 0.00000 0.03320 0.03483 0.02681 0.03066 0.05376 0.07221 0.06735 0.04274 0.00000 0.00000 0.00000 0.00000 0.00000 0.00000 0.00000 0.00000 0.00000 0.00000 0.00000 0.00000 0.00000 0.00000 0.00000 0.00000 0.00000 0.00000 0.00000 0.00000 0.00000 0.00000 0.00000 0.00000 0.00000 0.00000 0.00000 0.00000 0.00000 0.00000 0.00000 0.00000 0.00000 0.00000 0.00000 0.00000 0.03393 0.02608
0.00000 0.00000 0.00000 0.00000 0.00000 0.00000 0.00000 0.00000 0.00000 0.00000 0.00000 0.00000 0.00000 0.00000 0.00000 0.00000 0.00000 0.00000 0.00000 0.00000 0.00000 0.00000 0.00000 0.00000 0.00000 0.00000 0.00000 0.00000 0.00000 0.00000 0.00000 0.00000 0.00000 0.00000 0.00000 0.00000 0.00000 0.00000 0.00000 0.00000 0.00000 0.00000 0.00000 0.00000 0.00000 0.00000 0.00000 0.00000 0.00000 0.00000 0.00000 0.00000 0.00000 0.00000 0.00000 0.00000 0.03392 0.17454 0.24312 0.19336
0.00000 0.00000 0.00000 0.00000 0.00000 0.00000 0.00000 0.00000 0.00000 0.00000 0.00000 0.00000 0.00000 0.00000 0.00000 0.00000 0.00000 0.00000 0.00000 0.00000 0.00000 0.00000 0.00000 0.00000 0.00000 0.00000 0.00000 0.00000 0.00000 0.00000 0.00000 0.00000 0.00000 0.00000 0.00000 0.00000 0.00000 0.00000 0.00000 0.00000 0.00000 0.00000 0.00000 0.00000 0.00000 0.00000 0.00000 0.00000 0.00000 0.00000 0.00000 0.00000 0.00000 0.00000 0.02755 0.10454 0.29860 0.56249 0.84026 0.99267
0.00000 0.00000 0.00000 0.00000 0.00000 0.00000 0.00000 0.00000 0.00000 0.00000 0.00000 0.00000 0.00000 0.00000 0.00000 0.00000 0.00000 0.00000 0.00000 0.00000 0.00000 0.00000 0.00000 0.00000 0.00000 0.00000 0.00000 0.00000 0.00000 0.00000 0.00000 0.00000 0.00000 0.00000 0.00000 0.00000 0.00000 0.00000 0.00000 0.00000 0.00000 0.00000 0.00000 0.00000 0.00000 0.00000 0.00000 0.00000 0.00000 0.00000 0.00000 0.00000 0.00000 0.02607 0.04212 0.16747 0.48894 0.95779 1.43467 1.83139
0.00000 0.00000 0.00000 0.00000 0.02045 0.00000 0.00000 0.00000 0.00000 0.00000 0.00000 0.00000 0.00000 0.00000 0.00000 0.00000 0.00000 0.00000 0.00000 0.00000 0.00000 0.00000 0.00000 0.00000 0.00000 0.00000 0.00000 0.00000 0.00000 0.00000 0.00000 0.00000 0.00000 0.00000 0.00000 0.00000 0.00000 0.00000 0.00000 0.00000 0.00000 0.00000 0.00000 0.00000 0.00000 0.00000 0.00000 0.00000 0.00000 0.00000 0.00000 0.00000 0.05243 0.07930 0.09846 0.30216 0.78439 1.29489 1.69722 1.99880
0.00000 0.07489 0.06883 0.06015 0.13448 0.19978 0.18791 0.12030 0.03483 0.00000 0.00000 0.00000 0.00000 0.00000 0.00000 0.00000 0.00000 0.00000 0.00000 0.00000 0.00000 0.00000 0.00000 0.00000 0.00000 0.00000 0.00000 0.00000 0.00000 0.00000 0.00000 0.00000 0.00000 0.00000 0.00000 0.00000 0.00000 0.00000 0.00000 0.02008 0.02295 0.03462 0.04797 0.03489 0.00000 0.00000 0.00000 0.00000 0.00000 0.00000 0.00000 0.03663 0.11529 0.24309 0.45275 0.78454 1.14153 1.52050 1.86761 2.20662
0.18455 0.42951 0.45132 0.47774 0.60024 0.64472 0.60896 0.51985 0.38592 0.04159 0.00000 0.00000 0.00000 0.00000 0.00000 0.00000 0.00000 0.00000 0.00000 0.00000 0.00000 0.00000 0.00000 0.00000 0.00000 0.00000 0.00000 0.00000 0.00000 0.00000 0.00000 0.00000 0.00000 0.00000 0.00000 0.02082 0.03347 0.05248 0.07585 0.11310 0.17236 0.22975 0.26856 0.23132 0.12554 0.05143 0.00000 0.00000 0.00000 0.00000 0.00000 0.05200 0.19762 0.43489 0.75569 1.07551 1.42616 1.75575 1.73692 2.21322
0.48671 1.21429 1.39288 1.15689 1.70849 1.58161 0.98997 0.63138 0.12160 0.00000 0.00000 0.00000 0.00000 0.00000 0.00000 0.00000 0.00000 0.00000 0.00000 0.00000 0.00000 0.00000 0.00000 0.00000 0.00000 0.00000 0.00000 0.00000 0.00000 0.00000 0.00000 0.00000 0.00000 0.03665 0.05024 0.07553 0.12736 0.21515 0.33845 0.50326 0.66066 0.76723 0.74378 0.55271 0.29403 0.11041 0.03615 0.03263 0.02531 0.00000 0.00000 0.12679 0.34284 0.71505 1.10725 1.25970 1.43478 1.54280 1.64232 2.12411
0.27728 1.84044 3.48095 5.16286 4.04464 2.49011 1.10135 0.11708 0.00000 0.00000 0.00000 0.00000 0.00000 0.02013 0.00000 0.00000 0.05176 0.05544 0.03060 0.00000 0.00000 0.00000 0.00000 0.00000 0.00000 0.00000 0.00000 0.00000 0.00000 0.02566 0.06155 0.09111 0.09076 0.10742 0.18192 0.23400 0.50561 0.70595 0.87726 1.06295 1.19668 1.26946 1.20962 0.98463 0.62918 0.24587 0.08558 0.12119 0.14646 0.14505 0.15208 0.29208 0.52822 0.83700 0.98649 0.91318 0.86525 0.92778 1.19839 1.48468
0.05594 1.04590 3.15207 4.28574 2.42350 1.35496 0.12996 0.00000 0.00000 0.00000 0.00000 0.00000 0.02672 0.30975 0.48990 0.61779 0.54396 0.26561 0.12796 0.06557 0.03494 0.02004 0.00000 0.00000 0.00000 0.00000 0.00000 0.00000 0.02943 0.10078 0.23616 0.33711 0.38922 0.46235 0.53466 0.69173 0.91719 1.05937 1.25084 1.43908 1.57636 1.70870 1.73674 1.59973 1.41632 1.00435 0.60678 0.44679 0.36754 0.29970 0.29796 0.33236 0.40664 0.54387 0.63464 0.57649 0.51795 0.59322 0.70197 0.91758
0.00000 0.33194 1.23714 1.69753 1.07044 0.19346 0.00000 0.00000 0.00000 0.00000 0.00000 0.00000 0.16179 0.52671 0.84930 1.01371 0.96839 0.55341 0.19950 0.07789 0.03631 0.00000 0.00000 0.00000 0.00000 0.00000 0.00000 0.00000 0.05859 0.19283 0.41298 0.55930 0.63404 0.64422 0.68510 0.77830 0.87908 1.04755 1.32383 1.64319 1.92501 2.02415 2.03929 1.99081 1.98202 1.78206 1.37654 0.97580 0.61465 0.35504 0.29392 0.29514 0.31052 0.34187 0.34321 0.47151 0.45526 0.38311 0.26909 0.30878
0.00000 0.06624 0.31137 0.40910 0.09075 0.00000 0.00000 0.00000 0.00000 0.00000 0.00000 0.00000 0.66213 0.98299 1.28028 1.27693 0.99002 0.52565 0.17575 0.05576 0.02196 0.00000 0.00000 0.00000 0.00000 0.00000 0.00000 0.00000 0.08499 0.28754 0.54652 0.65182 0.70955 0.73903 0.78356 0.79729 0.77183 0.85279 1.10034 1.40288 1.82498 2.15924 2.29748 2.23055 2.07711 1.93952 1.66284 1.10016 0.59408 0.24454 0.18879 0.22266 0.20195 0.07978 0.00000 0.07967 0.31862 0.26217 0.13147 0.11040
0.00000 0.00000 0.00000 0.00000 0.00000 0.00000 0.00000 0.00000 0.00000 0.00000 0.00000 0.85196 2.53063 3.10284 2.93467 1.64196 1.05598 0.51692 0.14557 0.03341 0.00000 0.00000 0.00000 0.00000 0.00000 0.00000 0.00000 0.02234 0.11956 0.37469 0.66909 0.79425 0.84647 0.88339 0.91221 0.89678 0.80588 0.70046 0.64494 0.74451 1.08179 1.63224 2.01211 2.10645 2.05145 1.72921 1.23603 0.73786 0.32412 0.03931 0.00000 0.00000 0.02235 0.00000 0.00000 0.20250 0.46801 0.53084 0.47058 0.53360
0.00000 0.00000 0.00000 0.00000 0.00000 0.00000 0.00000 0.00000 0.11327 0.04287 0.49219 4.07480 7.81731 7.05999 4.97056 2.75351 1.69762 0.57903 0.12963 0.00000 0.00000 0.00000 0.00000 0.00000 0.00000 0.00000 0.00000 0.08740 0.57670 0.74041 0.69067 0.84201 0.91457 0.97214 1.04735 1.02210 0.90980 0.71147 0.50037 0.37012 0.40245 0.57519 0.78674 0.96637 1.02436 0.83355 0.50433 0.24227 0.03236 0.00000 0.00000 0.00000 0.06581 0.24495 0.38231 0.74549 1.00767 1.14966 1.29577 1.47690
0.00000 0.00000 0.00000 0.00000 0.00000 0.00000 0.00000 0.03377 0.18390 0.27850 1.52647 6.15360 10.98738 10.02337 8.31441 6.73788 1.98610 0.49213 0.14751 0.02440 0.00000 0.00000 0.00000 0.00000 0.00000 0.00000 0.00000 0.45506 1.10737 1.27763 0.97349 0.86012 0.96073 1.08698 1.23471 1.22040 1.08735 0.80492 0.47214 0.22386 0.13086 0.15098 0.18580 0.19321 0.20167 0.18257 0.09109 0.00000 0.00000 0.00000 0.06825 0.31908 0.88821 1.43391 1.83490 1.95112 1.75932 1.68819 2.06080 2.34468
0.00000 0.00000 0.00000 0.00000 0.00000 0.00000 0.00000 0.00000 0.00000 0.00000 0.53914 3.43147 5.74068 8.32599 4.56612 4.46663 1.50998 0.31123 0.06458 0.00000 0.00000 0.00000 0.00000 0.00000 0.00000 0.00000 0.04094 0.98954 1.77305 2.12225 1.84174 1.09557 0.98749 1.09705 1.16658 1.20635 1.18429 0.95006 0.53406 0.16820 0.05445 0.07128 0.08062 0.04439 0.03041 0.03429 0.00000 0.00000 0.00000 0.16216 0.27441 0.62703 1.80468 3.29162 4.05244 3.32473 2.18315 2.01206 2.73711 3.44028
0.00000 0.00000 0.00000 0.00000 0.00000 0.00000 0.00000 0.00000 0.00000 0.00000 0.00000 0.46452 1.09229 2.42611 2.11962 1.83926 0.88290 0.21538 0.00000 0.00000 0.00000 0.00000 0.00000 0.00000 0.00000 0.00000 0.39681 1.49009 2.36138 2.78737 2.39116 1.53475 1.00635 1.14179 1.22293 1.31564 1.35290 1.18569 0.75604 0.23419 0.09497 0.17914 0.20482 0.10737 0.07593 0.13892 0.22839 0.29083 0.38938 0.50952 0.46058 0.79265 2.46925 4.61992 5.66303 4.75208 3.44313 3.14059 3.55607 4.36350
0.00000 0.00000 0.00000 0.00000 0.00000 0.00000 0.00000 0.00000 0.00000 0.00000 0.00000 0.00000 0.00000 0.00000 0.35711 1.32227 0.53623 0.00000 0.00000 0.00000 0.00000 0.00000 0.00000 0.00000 0.00000 0.29343 1.04432 2.14953 3.36441 3.88714 3.26481 1.85709 0.81505 0.92074 1.11575 1.28659 1.31521 1.26031 0.96882 0.55894 0.48201 0.74216 0.87399 0.71554 0.55377 0.64698 0.98760 1.45225 1.80846 1.75729 1.32849 1.50754 3.06934 5.28779 5.87873 5.18283 4.57822 4.67458 4.91798 5.28786
0.00000 0.00000 0.00000 0.00000 0.00000 0.00000 0.00000 0.00000 0.00000 0.00000 0.00000 0.00000 0.00000 0.00000 0.11521 1.65940 1.15053 0.00000 0.00000 0.00000 0.00000 0.00000 0.00000 0.00000 0.07285 0.59378 1.61605 3.02112 4.79724 5.76770 4.40822 2.11097 0.51040 0.49773 0.73834 0.96688 1.03898 0.97494 0.89010 0.87521 1.26334 1.73751 1.88829 1.85087 1.66666 1.73565 2.42127 3.20912 4.27710 4.09408 3.64250 3.41406 3.91109 5.10894 5.22323 4.89957 4.82763 5.06384 5.46235 6.22505
0.00000 0.00000 0.00000 0.00000 0.00000 0.00000 0.00000 0.00000 0.00000 0.00000 0.00000 0.00000 0.00000 0.00000 0.00000 0.18817 0.09366 0.00000 0.00000 0.00000 0.00000 0.00000 0.00000 0.00000 0.13544 0.75979 2.41197 5.67475 8.68638 8.57543 5.62731 2.40000 0.62569 0.18485 0.26223 0.37694 0.40535 0.34581 0.41606 0.80816 1.56012 2.13577 2.30177 2.35667 2.42698 2.60597 3.22510 4.17455 5.64906 5.06924 5.55830 5.99181 5.65788 5.59521 4.04205 4.08805 4.24104 4.67091 5.47206 6.25924
0.00000 0.00000 0.00000 0.00000 0.00000 0.00000 0.00000 0.00000 0.00000 0.00000 0.00000 0.00000 0.00000 0.00000 0.00000 0.00000 0.00000 0.00000 0.00000 0.00000 0.00000 0.00000 0.00000 0.00000 0.24592 2.65390 6.12945 10.01943 10.12700 8.60223 5.17719 2.05173 0.37589 0.00000 0.04066 0.08171 0.10881 0.07678 0.17064 0.56211 1.30955 1.87881 2.12792 2.23197 2.41328 2.67567 3.45850 5.24518 6.05163 8.44961 9.44755 9.98451 10.13004 8.02352 4.64160 3.40424 3.67738 4.02160 4.80336 5.85385
0.00000 0.00000 0.00000 0.00000 0.00000 0.00000 0.00000 0.00000 0.00000 0.00000 0.00000 0.00000 0.00000 0.00000 0.00000 0.00000 0.00000 0.00000 0.00000 0.00000 0.00000 0.00000 0.00000 0.00000 0.59681 7.02003 16.65067 22.74619 17.30887 9.70574 4.75060 1.41975 0.09763 0.00000 0.00000 0.00000 0.14404 0.27748 0.38493 0.73523 1.65794 2.32195 2.52312 2.35796 2.13749 2.29381 3.34526 6.20515 13.82783 27.97833 31.08529 29.73340 16.02235 10.61661 5.88403 3.89876 3.48680 3.53764 4.18095 5.49716
0.00000 0.00000 0.00000 0.00000 0.00000 0.00000 0.00000 0.00000 0.00000 0.00000 0.00000 0.00000 0.00000 0.00000 0.00000 0.00000 0.00000 0.00000 0.00000 0.00000 0.00000 0.00000 0.00000 0.00000 0.00000 6.71187 19.23038 32.40136 31.05783 14.15302 3.63456 0.21831 0.00000 0.00000 0.00000 0.06014 0.38621 0.70020 0.95723 1.77311 3.56772 4.11511 3.62726 3.02976 2.25472 2.48874 7.70124 20.41159 36.62538 50.98822 63.00710 64.82552 40.73451 17.13234 8.87759 4.94143 4.07217 3.50494 3.51452 5.13926
0.00000 0.00000 0.00000 0.00000 0.00000 0.00000 0.00000 0.00000 0.00000 0.00000 0.00000 0.00000 0.00000 0.00000 0.00000 0.00000 0.00000 0.00000 0.00000 0.00000 0.00000 0.00000 0.00000 0.00000 0.00000 3.40912 7.28398 15.42836 18.49937 8.81062 1.76979 0.10956 0.00000 0.00000 0.00000 0.03137 0.71157 1.04683 2.19438 5.54076 9.66806 13.22276 10.43012 5.39261 4.98127 9.65612 20.46595 32.90979 38.49783 45.10381 48.43481 50.72280 47.81131 22.64838 11.58531 7.40730 5.39641 4.80644 3.23770 3.53401
0.00000 0.00000 0.00000 0.00000 0.00000 0.00000 0.00000 0.00000 0.00000 0.00000 0.00000 0.00000 0.00000 0.00000 0.00000 0.00000 0.00000 0.00000 0.00000 0.00000 0.00000 0.00000 0.00000 0.00000 0.02824 1.02121 1.13894 3.86122 5.54096 2.01245 0.15349 0.00000 0.00000 0.14031 0.11695 0.04003 0.68122 4.82823 13.25935 19.88320 26.41930 40.19564 43.27856 22.15703 16.66463 22.36599 31.47012 33.04025 26.39929 26.86565 27.85486 31.56904 33.42251 26.77921 14.38213 7.70831 4.38976 3.28864 2.07413 1.81927
0.00000 0.00000 0.00000 0.00000 0.00000 0.00000 0.00000 0.00000 0.00000 0.00000 0.00000 0.00000 0.00000 0.00000 0.00000 0.00000 0.00000 0.00000 0.00000 0.00000 0.00000 0.00000 0.00000 0.00000 0.10541 0.33029 0.45027 1.04333 0.63925 0.00000 0.00000 0.00000 0.10961 0.66334 1.27249 1.66033 6.72764 32.93235 49.35325 54.31039 50.82591 53.01957 58.35830 43.27804 16.64296 22.47997 24.77268 22.08790 24.79610 26.44738 27.32929 29.00946 29.84339 20.07702 9.25912 4.22155 1.63457 0.71437 0.45403 0.38418
0.00000 0.00000 0.00000 0.00000 0.00000 0.00000 0.00000 0.00000 0.00000 0.00000 0.00000 0.00000 0.00000 0.00000 0.00000 0.00000 0.00000 0.00000 0.00000 0.00000 0.00000 0.00000 0.00000 0.00000 0.02860 0.08982 0.16920 0.13320 0.02201 0.00000 0.00000 0.00000 0.05773 0.52484 1.49725 5.26581 16.56687 41.25553 60.90782 72.15253 54.93993 37.54422 35.64061 28.58135 11.11779 9.43774 11.29212 11.87108 17.59615 22.43506 25.42881 26.18288 17.64372 7.40134 2.91258 0.37543 0.03949 0.00000 0.00000 0.00000
0.00000 0.00000 0.00000 0.12815 0.41839 0.43684 0.15066 0.00000 0.00000 0.00000 0.00000 0.00000 0.00000 0.00000 0.00000 0.00000 0.00000 0.00000 0.00000 0.00000 0.00000 0.00000 0.00000 0.00000 0.00000 0.00000 0.00000 0.00000 0.00000 0.00000 0.00000 0.00000 0.00000 0.04947 0.61199 4.17713 13.97380 18.50938 19.55198 43.50125 46.32200 33.15008 28.93692 15.56601 8.23496 2.17722 1.70833 4.23617 8.43059 11.40470 14.94725 12.64526 5.79341 2.64609 0.50386 0.00000 0.00000 0.00000 0.00000 0.00000
0.00000 0.03267 0.23308 0.68056 1.97945 1.95327 0.59456 0.16038 0.00000 0.00000 0.00000 0.00000 0.00000 0.00000 0.00000 0.00000 0.00000 0.00000 0.00000 0.00000 0.00000 0.00000 0.00000 0.00000 0.00000 0.00000 0.00000 0.00000 0.00000 0.00000 0.00000 0.00000 0.00000 0.00000 0.07939 2.25133 9.17401 16.45869 13.86406 22.08677 33.15817 40.55574 47.65582 51.35914 29.23030 7.56000 1.62270 1.73403 2.42694 3.70789 5.34922 4.38160 2.39135 0.74058 0.11611 0.00000 0.00000 0.00000 0.00000 0.00000
0.00000 0.10713 0.75049 1.73784 4.72612 8.73405 3.55094 0.80601 0.10450 0.00000 0.00000 0.06425 0.14631 0.04000 0.00000 0.00000 0.00000 0.00000 0.00000 0.00000 0.00000 0.00000 0.00000 0.00000 0.00000 0.00000 0.00000 0.00000 0.00000 0.00000 0.00000 0.00000 0.00000 0.16854 1.34232 5.07458 16.34362 30.62368 17.06077 13.39781 22.96470 29.92046 40.20250 52.80902 30.21363 8.61329 2.74980 1.34529 1.32767 1.82355 2.56537 2.17198 1.17459 0.84483 0.83118 0.59649 0.10155 0.00000 0.00000 0.00000
0.00000 0.00000 0.50530 0.90484 2.45339 6.42701 3.79352 1.11784 0.39541 0.19481 1.19031 2.47745 2.27729 0.71153 0.67589 1.01953 0.95166 0.50867 0.12155 0.00000 0.00000 0.00000 0.00000 0.00000 0.03164 0.03809 0.03037 0.00000 0.00000 0.00000 0.00000 0.00000 0.25350 1.24629 2.93683 5.85851 16.50949 39.26353 20.29065 9.36052 13.13730 17.80881 14.10106 11.37430 10.24944 7.64454 2.54168 1.71532 1.34527 1.22500 1.20495 0.95449 0.99700 1.04474 1.07593 1.55961 1.22324 0.64672 0.36382 0.11153
0.00000 0.00000 0.00000 0.09478 0.29808 0.66253 0.67381 0.39142 0.25448 0.93404 3.22526 6.61783 6.40935 3.28744 2.39010 4.11005 5.65143 5.89754 6.20565 2.87286 0.51530 0.09662 0.00000 0.07880 0.59204 0.93345 0.84270 0.16844 0.00000 0.00000 0.00000 0.00000 0.20715 1.31803 3.07158 2.03065 2.90821 8.08219 8.84479 12.65699 27.09998 43.75983 28.57483 18.17022 17.01310 12.53067 4.67702 2.26788 1.30990 0.78947 0.45769 0.59916 0.98551 1.20432 1.40480 1.53760 1.50921 1.30340 1.03220 0.87935
0.00000 0.00000 0.00000 0.00000 0.15881 0.41533 1.07364 0.78296 0.24700 0.52226 3.16648 9.03258 9.25307 5.64326 3.06394 5.58150 11.32247 24.01689 30.94411 12.12008 3.26446 2.14042 1.19665 1.35365 1.52361 1.65128 1.70572 1.11384 0.20972 0.00000 0.00000 0.08276 0.14391 0.47642 2.01577 1.25760 0.06329 0.08489 2.81332 23.48099 66.62627 89.30520 47.20184 29.05837 32.02480 20.31635 6.66731 2.60290 1.43536 0.94178 0.47005 0.43822 0.72433 0.97911 1.04539 0.99939 1.41995 1.77079 2.01285 2.46800
0.00000 0.00000 0.00000 0.13456 1.09808 2.94942 2.60539 1.31458 0.47449 0.46607 1.24729 2.81738 4.50809 3.87565 3.11879 3.39152 11.66464 29.63534 39.51977 19.61146 9.88170 5.86351 2.82293 2.03954 1.82240 1.83203 1.71236 1.24142 0.64753 0.11788 0.04819 0.57557 0.65798 0.23262 0.29640 0.11618 0.00000 0.00000 1.72258 16.17491 22.93205 21.41056 18.85501 46.25952 35.25029 24.68665 11.43215 3.96139 2.49999 1.87309 1.07470 0.65496 0.50286 0.65140 0.67387 0.63904 1.55737 2.60659 3.86918 5.37189
0.00000 0.00000 0.00000 0.06554 1.00984 2.52053 1.37922 0.68578 0.30507 0.00000 0.02884 0.09855 0.47122 1.60108 4.68553 7.20224 13.65847 24.31305 20.67957 11.10010 7.63554 3.77030 2.07709 1.86447 1.95780 1.98766 1.44514 0.82610 0.57005 0.57570 0.67932 0.73797 0.29995 0.00000 0.00000 0.00000 0.02053 1.06313 11.78623 38.12426 42.72327 26.43234 22.30676 38.69484 35.39037 30.23372 19.81872 7.13279 3.58469 3.15820 2.22150 1.34391 0.69039 0.70232 0.71177 0.89774 2.17875 4.13688 5.81037 8.24995
0.00000 0.00000 0.00000 0.00000 0.14907 0.59826 0.56655 0.30404 0.07699 0.00000 0.00000 0.00000 0.00000 1.18417 4.69035 8.15684 11.89273 18.51790 16.29404 8.06233 3.09583 0.66894 0.35279 1.52686 2.17795 2.40542 1.76852 0.54433 0.33755 0.63504 0.87460 0.87595 0.17477 0.00000 0.00000 0.00000 0.00000 6.23833 31.18402 77.09797 103.73757 -99999.00000 -99999.00000 22.97108 26.89459 30.84750 27.29487 12.18670 4.58427 3.99768 3.79899 2.72126 1.46993 1.31011 1.22879 1.23774 2.89383 5.91383 8.08519 11.12709
0.00000 0.00000 0.00000 0.00000 0.00000 0.00000 0.00000 0.00000 0.00000 0.00000 0.00000 0.00000 0.00000 0.13160 1.70041 3.13167 7.58481 16.97898 21.26574 13.11859 5.65852 1.34832 0.15355 1.83299 3.00701 4.38682 3.80623 1.83535 0.07617 0.66596 0.88424 0.62662 0.11487 0.00000 0.00000 -99999.00000 -99999.00000 -99999.00000 -99999.00000 -99999.00000 -99999.00000 -99999.00000 -99999.00000 28.02439 32.36575 33.71475 29.47778 17.95933 7.53399 4.96883 4.70036 3.28740 2.22617 2.22136 2.60962 3.46787 5.79003 7.81327 8.51352 9.59266
0.00000 0.00000 0.00000 0.00000 -99999.00000 0.00000 0.00000 0.00000 0.00000 0.00000 0.00000 0.00000 0.00000 0.00000 0.04959 0.06436 1.91789 8.49120 17.32849 17.79429 13.56209 5.98212 1.58799 2.27677 4.15125 7.25228 8.77823 5.27134 0.93771 0.56716 0.71178 0.11589 0.00000 0.05809 -99999.00000 -99999.00000 -99999.00000 -99999.00000 -99999.00000 -99999.00000 -99999.00000 -99999.00000 -99999.00000 -99999.00000 39.53124 32.41305 26.35351 21.08839 13.71177 7.34414 4.60752 3.08008 2.50853 3.53444 6.34784 7.58099 7.57632 7.51484 7.08317 6.18443
-99999.00000 -99999.00000 -99999.00000 -99999.00000 -99999.00000 0.00000 0.00000 0.00000 0.00000 0.00000 0.02682 0.42594 0.87193 1.04754 0.34839 0.00000 0.00000 0.96089 6.24588 11.68971 13.68483 8.77249 3.96631 1.91037 3.84622 5.63529 9.31590 6.96272 1.46755 0.18002 0.18162 0.00000 0.14701 0.61371 -99999.00000 -99999.00000 -99999.00000 -99999.00000 -99999.00000 -99999.00000 -99999.00000 -99999.00000 -99999.00000 -99999.00000 -99999.00000 24.70145 23.33603 22.38766 18.82407 10.42122 4.61453 2.77740 3.21277 6.80072 9.51459 8.57306 7.29765 6.14506 5.75956 5.32002
