DATA/RAW-RASTER/CPC/2017/20170721.asc
ncols			60
nrows			40
xllcorner		70.0
yllcorner		20.0
cellsize		0.5
NODATA_value	-99999
0.00000 0.00000 0.00000 0.00000 0.00000 0.00000 0.00000 0.00000 0.00000 0.00000 0.00000 0.00000 0.00000 0.00000 0.00000 0.00000 0.00000 0.02516 0.00000 0.03099 0.04899 0.00000 0.00000 0.00000 0.00000 0.00000 0.00000 0.00000 0.00000 0.00000 0.00000 0.00000 0.00000 0.00000 0.00000 0.00000 0.00000 0.00000 0.00000 0.00000 0.00000 0.00000 0.00000 0.04312 0.08295 0.09920 0.10977 0.11523 0.12045 0.15900 0.29694 0.49495 0.67099 0.89065 1.51204 2.70525 3.13842 2.94182 2.81912 2.75183
0.00000 0.00000 0.00000 0.00000 0.00000 0.00000 0.00000 0.00000 0.00000 0.00000 0.00000 0.00000 0.00000 0.04141 0.12488 0.28859 0.48281 0.59760 0.51148 0.64445 0.32921 0.18819 0.10541 0.00000 0.00000 0.00000 0.00000 0.00000 0.00000 0.00000 0.00000 0.00000 0.00000 0.00000 0.00000 0.00000 0.00000 0.00000 0.00000 0.00000 0.00000 0.00000 0.00000 0.02146 0.09400 0.11164 0.12991 0.20285 0.40884 0.77811 1.24859 1.56782 1.72086 2.18119 3.38365 5.20788 6.56564 5.49225 3.69063 2.72670
0.00000 0.00000 0.00000 0.00000 0.00000 0.00000 0.00000 0.00000 0.00000 0.00000 0.00000 0.00000 0.06470 0.11302 0.23623 0.94959 1.97724 2.50268 2.39667 1.91724 1.32482 0.86145 0.54375 0.27927 0.03785 0.00000 0.00000 0.00000 0.00000 0.00000 0.00000 0.00000 0.00000 0.00000 0.00000 0.00000 0.00000 0.00000 0.00000 0.00000 0.00000 0.00000 0.00000 0.00000 0.09526 0.11862 0.13391 0.27228 0.78008 2.07077 3.43659 3.87115 3.85423 3.96122 4.28873 4.82302 5.74148 6.78468 6.19580 4.32827
0.00000 0.00000 0.00000 0.00000 0.00000 0.00000 0.00000 0.00000 0.00000 0.00000 0.00000 0.00000 0.47151 0.57873 0.93352 2.69699 4.83882 5.36138 4.27517 2.65844 1.50608 0.91923 0.62300 0.44995 0.31257 0.15579 0.03750 0.00000 0.00000 0.00000 0.00000 0.00000 0.00000 0.00000 0.00000 0.00000 0.00000 0.00000 0.00000 0.00000 0.00000 0.00000 0.00000 0.03014 0.10682 0.19485 0.31441 0.66133 1.57427 3.54544 5.16113 5.50869 4.90808 3.75609 2.90676 3.05987 3.87597 5.59375 7.04038 7.18397
0.00000 0.00000 0.00000 0.00000 0.00000 0.00000 0.00000 0.00000 0.00000 0.00000 0.00000 0.25582 1.52974 2.31248 3.69684 6.16533 7.99744 7.09350 4.29667 1.81624 0.78675 0.47250 0.35597 0.29541 0.25422 0.22184 0.14317 0.00000 0.00000 0.00000 0.00000 0.00000 0.00000 0.00000 0.00000 0.00000 0.00000 0.00000 0.00000 0.00000 0.00000 0.00000 0.03321 0.08643 0.24338 0.46889 0.76140 1.28093 2.11730 3.41526 4.66829 5.00031 4.17968 2.32589 1.09063 1.36291 2.84201 5.05273 7.32837 8.86245
0.00000 0.00000 0.00000 0.00000 0.00000 0.00000 0.00000 0.00000 0.00000 0.00000 0.17988 1.42479 3.06672 4.71693 6.58731 8.19593 8.44315 6.43850 2.90602 0.65703 0.17640 0.14569 0.14536 0.14713 0.14720 0.14611 0.14406 0.10124 0.00000 0.00000 0.00000 0.00000 0.00000 0.00000 0.00000 0.00000 0.00000 0.00000 0.02506 0.05083 0.07381 0.12062 0.22356 0.41757 0.74071 1.00281 1.18047 1.36196 1.63179 2.06191 2.64480 2.93345 2.47848 1.17645 0.57795 1.22448 3.09485 5.07077 6.93456 8.45726
0.00000 0.03406 0.04224 0.02165 0.03298 0.03748 0.02701 0.00000 0.00000 0.00000 0.48497 2.75043 4.91615 6.72617 8.24645 9.01833 8.27477 5.52972 2.23215 0.56859 0.15496 0.08867 0.08246 0.08780 0.09571 0.10229 0.11076 0.11469 0.03332 0.00000 0.00000 0.00000 0.00000 0.00000 0.00000 0.00000 0.04786 0.09616 0.15986 0.24663 0.38643 0.69546 1.20041 1.86998 2.21388 2.18395 1.76767 1.23944 0.86819 0.70925 0.84235 1.16725 1.27348 1.20182 1.66130 2.81899 4.09178 5.02729 6.25562 6.95769
0.08065 0.30553 0.32489 0.20892 0.22066 0.21384 0.17336 0.13331 0.05392 0.00000 0.05853 2.49993 5.49224 7.76388 8.43335 8.08225 6.77176 4.46239 2.17988 0.87779 0.37645 0.19119 0.12916 0.10969 0.10263 0.10165 0.10411 0.10287 0.06828 0.00000 0.00000 0.00000 0.00000 0.00000 0.00000 0.06525 0.18342 0.33026 0.53846 0.87644 1.52167 2.67098 4.48502 6.26792 5.96452 5.30435 4.15977 2.28325 1.00186 0.49355 0.49003 0.72568 1.04013 1.51477 2.46678 3.77116 5.40810 5.81314 4.96913 4.93014
0.34038 0.74278 1.06788 1.14588 0.80126 0.50172 0.24900 0.09323 0.00000 0.00000 0.00000 0.20826 2.76253 6.11069 8.09132 7.05673 5.48825 3.71778 2.10862 1.11139 0.59516 0.35265 0.23187 0.16982 0.13809 0.12229 0.11555 0.11168 0.10139 0.02729 0.00000 0.00000 0.05916 0.05177 0.13635 0.30319 0.53587 0.90325 1.46275 2.38142 3.73740 5.58589 7.59486 9.07010 9.52325 9.93742 9.40493 7.20902 3.30719 1.38618 0.91902 0.95005 1.29649 2.20933 3.24909 3.64435 4.16185 4.12686 3.79421 3.38281
0.26486 0.78585 1.06644 0.90129 0.65448 0.45374 0.08243 0.00000 0.00000 0.00000 0.00000 0.00000 0.13849 1.72255 4.22280 5.52904 4.40325 3.13777 2.08598 1.21534 0.73932 0.49097 0.34034 0.25025 0.20129 0.17388 0.16112 0.15479 0.13916 0.14295 0.22994 0.67680 1.34947 1.16333 0.70228 1.33828 1.82368 2.51264 3.05654 3.78419 4.44833 5.26824 6.22172 7.20773 8.47543 9.73079 10.20819 9.56142 7.24614 3.74441 1.79437 1.13355 1.21795 1.61164 1.78378 1.42660 1.18499 1.39076 1.75642 1.58731
0.02190 0.34727 0.50818 0.26066 0.11184 0.02360 0.00000 0.00000 0.00000 0.00000 0.00000 0.00000 0.00000 0.21084 0.49178 1.10254 2.33732 2.77766 2.03644 1.41331 0.94694 0.66039 0.48388 0.34627 0.27995 0.28448 0.30144 0.30163 0.29598 0.46710 1.15167 3.56347 4.52997 5.51299 5.87932 6.17911 6.73545 6.13321 5.20687 4.52730 4.16669 4.17691 4.24251 4.31825 5.02731 6.63993 8.03403 8.06259 6.23597 3.08465 1.07994 0.14776 0.12320 0.49024 0.55438 0.26620 0.10803 0.30843 0.61358 0.65179
0.00000 0.02482 0.14755 0.06144 0.00000 0.00000 0.03893 0.06142 0.00000 0.00000 0.00000 0.00000 0.14697 0.33823 0.58370 0.82622 1.27382 1.20450 0.77497 0.61925 0.53967 0.49940 0.47961 0.44349 0.39176 0.37474 0.38235 0.39912 0.53811 1.48437 3.48868 5.37157 6.41405 7.16765 8.10819 9.34656 9.92673 9.56923 8.39915 6.58235 4.90370 3.67900 2.94957 2.43571 2.21985 2.99075 4.64050 5.38777 3.94104 1.57222 0.39609 0.00000 0.00000 0.00000 0.10923 0.00000 0.04607 0.17739 0.28599 0.33213
0.00000 0.00000 0.00000 0.00000 0.00000 0.00000 0.28080 0.83455 0.37273 0.00000 0.08006 0.36084 0.52343 0.62719 0.91661 1.23933 1.52945 1.13268 0.68966 0.50554 0.42772 0.42300 0.41768 0.40399 0.39752 0.39550 0.43663 0.52070 0.73998 2.14541 4.17840 5.30013 6.37817 7.36858 9.00853 10.74792 12.05911 13.60910 14.04265 11.31999 8.05991 5.01901 3.18651 2.17848 1.86393 2.17325 2.88785 2.90050 1.97542 0.86593 0.20408 0.00000 0.00000 0.06270 0.11119 0.08809 0.08373 0.19922 0.27148 0.28493
0.00000 0.00000 0.00000 0.00000 0.00000 0.00000 0.10132 1.83914 4.98643 3.97139 1.72196 1.45026 2.18789 2.67219 3.06945 2.80436 2.37444 1.30922 0.63840 0.46023 0.42509 0.41546 0.42384 0.41895 0.42590 0.45617 0.55002 0.67137 1.13502 2.72580 4.49318 5.50062 6.42692 7.50819 9.04102 11.23876 13.64014 16.19552 17.57014 16.90184 14.03747 9.75446 5.43570 3.07980 2.17541 1.78054 1.67984 1.39512 0.92831 0.60481 0.44482 0.28138 0.15748 0.11656 0.09809 0.09402 0.11989 0.18227 0.23192 0.22843
0.00000 0.00000 0.00000 0.00000 0.00000 0.13168 2.14853 8.76179 27.08520 19.36635 7.74359 7.09531 9.54643 8.32280 6.91588 4.84093 3.49138 1.42570 0.64272 0.44730 0.44483 0.42970 0.43348 0.44264 0.46790 0.55080 0.71690 0.92573 1.30884 2.25039 3.85842 4.98913 5.75111 6.57950 8.14206 10.18317 13.21572 16.84417 20.21625 21.82480 20.70996 14.91554 7.99317 3.76893 2.05870 1.13032 0.70253 0.55624 0.48562 0.45258 0.44829 0.36771 0.22054 0.13181 0.10155 0.08799 0.04204 0.03637 0.06209 0.02256
0.00000 0.00000 0.00000 0.00000 0.00000 0.35581 3.57805 14.13891 30.47499 28.51889 15.63583 12.33725 14.21495 15.41923 12.47169 11.67986 4.01410 1.30530 0.77621 0.52545 0.45265 0.44734 0.47502 0.52366 0.65744 0.88811 1.15551 1.25443 1.58815 2.05309 3.10188 4.45247 5.01507 5.80752 7.26810 8.79091 11.21714 15.06354 20.09108 23.44863 23.50700 17.78837 8.90320 3.09378 1.13661 0.51996 0.26510 0.25492 0.28239 0.30403 0.23568 0.17513 0.10307 0.10072 0.07050 0.02638 0.00000 0.00000 0.00000 0.00000
0.00000 0.00000 0.00000 0.00000 0.00000 0.22492 1.94984 5.36454 7.16795 8.20671 7.96612 7.28676 9.62209 22.74632 15.68030 13.80252 4.81507 1.49381 1.08249 0.84949 0.68934 0.64719 0.64798 0.77436 1.09230 1.45190 1.80813 1.79355 1.85593 2.03794 2.53911 4.00348 4.36179 4.66951 5.16890 5.97317 7.60777 11.08548 17.81832 23.41147 24.86981 19.87591 8.97580 2.09437 0.41267 0.18988 0.19256 0.19379 0.19462 0.08961 0.00000 0.00000 0.00000 0.00000 0.00000 0.00000 0.00000 0.00000 0.00000 0.00000
0.00000 0.00000 0.00000 0.00000 0.00000 0.02162 0.57324 1.23306 1.03574 2.14144 2.64808 1.55947 1.85447 8.14116 7.70190 8.96460 7.01421 3.42961 2.20506 1.58658 1.29142 1.32921 1.40987 1.51738 1.77175 1.98914 2.28592 2.10231 1.78593 1.67729 2.03574 2.91481 4.04949 4.38314 4.55015 4.91644 5.38833 7.14002 14.88197 22.91199 24.50815 20.01503 9.43774 2.12674 0.38418 0.07334 0.13066 0.15888 0.13853 0.00000 0.00000 0.00000 0.00000 0.00000 0.00000 0.00000 0.00000 0.00000 0.00000 0.00000
0.00000 0.00000 0.00000 0.00000 0.00000 0.00000 0.00000 0.25456 0.44306 0.86025 0.83812 0.49874 2.18194 7.14811 11.78572 16.17952 18.91589 12.55054 6.61407 3.68888 1.99088 1.92892 2.21616 2.39258 2.71384 2.90034 2.81449 2.50387 1.87317 1.33169 1.42701 2.07559 3.21376 4.00655 4.39452 4.74643 4.65927 5.74396 11.69774 18.84517 20.79285 17.00238 9.07512 3.43011 0.95753 0.00000 0.05792 0.12167 0.10467 0.00000 0.00000 0.00000 0.00000 0.00000 0.00000 0.00000 0.00000 0.00000 0.00000 0.22935
0.00000 0.00000 0.00000 0.00000 0.00000 0.00000 0.00000 0.03718 0.09405 0.13637 0.27190 0.88768 2.84714 14.84815 19.19589 21.83729 22.36090 13.04462 11.67443 8.90531 3.81815 2.56281 2.88334 3.39410 3.39515 3.56508 3.41836 2.54837 1.72049 1.25921 1.10266 1.53055 2.55065 3.29827 4.39078 5.49361 6.17486 7.36058 10.64227 13.53969 12.76010 7.69494 3.72857 2.21177 0.47791 0.00000 0.06802 0.09089 0.10390 0.08703 0.05210 0.00000 0.00000 0.00000 0.03721 0.28692 0.16891 0.07104 0.17575 0.77876
0.00000 0.00000 0.00000 0.00000 0.00000 0.00000 0.00000 0.00000 0.00000 0.00000 0.03138 0.57242 1.82831 3.59322 4.51877 6.50298 6.70190 8.52534 10.97786 10.79235 6.42470 5.17071 6.85577 6.83055 4.73973 3.70260 3.17946 2.58711 1.75874 1.14178 0.90302 1.07897 1.67775 2.28570 3.49537 5.33548 7.13410 8.13842 8.43952 8.28590 5.42147 1.83976 0.51659 0.41487 0.00000 0.00000 0.05768 0.08178 0.10984 0.09155 0.07597 0.05083 0.07684 0.09476 0.68217 1.17321 1.24987 0.94139 0.99611 1.58563
0.00000 0.00000 0.00000 0.00000 0.00000 0.00000 0.00000 0.00000 0.00000 0.00000 0.00000 0.00000 0.14202 0.11973 0.04285 0.48792 1.91206 7.68198 18.86981 16.42344 11.80019 10.92821 15.66347 12.26856 9.53043 9.21502 4.64166 2.20951 1.06476 0.74869 0.76967 0.88142 1.10551 1.29295 2.05473 3.82877 6.24986 7.63762 6.96229 5.85124 3.40420 1.09176 0.26738 0.05592 0.00000 0.00000 0.02394 0.07586 0.09182 0.10203 0.07147 0.03271 0.03338 0.96851 1.91685 2.55406 3.29198 3.43716 3.37485 3.17532
0.00000 0.00000 0.00000 0.04895 0.13349 0.35052 0.46441 0.38574 0.13378 0.07829 0.00000 0.00000 0.00000 0.00000 0.00000 0.00000 0.70738 5.55021 11.78870 14.51216 15.22621 19.57365 28.92319 31.47219 24.84907 16.04782 7.00540 2.22407 0.90229 0.67901 0.81788 0.94086 0.95960 0.93865 1.42691 3.27457 5.91679 6.94463 6.17591 5.26120 3.74530 1.74303 0.50300 0.00000 0.00000 0.00000 0.00000 0.03342 0.07333 0.06187 0.00000 0.00000 0.26740 1.34528 2.99369 4.37664 5.18649 5.86916 5.96816 5.12504
0.00000 0.03305 0.19285 0.44092 0.73296 0.92991 0.92762 0.94264 0.83488 0.55740 0.53056 0.26095 0.00000 0.00000 0.00000 0.03448 0.40737 2.43018 3.05332 7.34202 12.07778 17.34665 26.15264 28.84418 23.28166 13.07921 5.01425 1.70372 1.20441 1.31509 1.18868 1.15544 1.12535 1.40100 2.24765 4.31915 6.52732 7.14108 6.05478 6.15916 5.51756 3.18697 0.63690 0.07899 0.00000 0.00000 0.00000 0.00000 0.00000 0.00000 0.00000 0.00000 0.24820 1.61458 3.85626 5.49864 6.29744 6.31036 6.18946 7.35153
0.03947 0.31288 0.82648 1.35251 1.51341 1.61285 1.68185 2.16646 2.70414 3.14994 3.41584 2.33230 0.91555 0.14074 0.72973 1.19895 1.91921 3.80813 5.03677 6.69357 8.01073 10.36729 9.99954 8.76109 11.69482 7.88708 2.80712 1.88687 2.08376 1.33016 2.23864 1.58814 1.25056 2.50263 4.72469 8.68192 12.70510 9.13785 7.39742 9.53810 8.86124 7.26462 3.46380 0.85358 0.00000 0.00000 0.00000 0.00000 0.00000 0.00000 0.00000 0.00000 0.12512 1.60229 4.26483 7.52076 8.28531 8.70914 7.16572 9.96468
0.37657 0.61744 1.89291 3.29113 2.80119 3.67997 5.10567 5.71075 5.88576 6.40701 7.20639 7.53634 6.16001 4.54641 6.41994 6.22654 8.73392 11.43202 9.00684 5.55164 6.19386 11.58486 11.09528 7.50030 8.25864 8.21762 7.06384 7.56427 6.97716 1.90408 0.68120 1.80026 1.29938 2.81500 6.71634 15.38454 24.36531 18.33542 15.64122 13.72115 14.88332 19.15010 13.29860 3.54741 0.67791 0.03684 0.00000 0.00000 0.00000 0.00000 0.00000 0.00000 0.00000 1.77898 5.99635 9.48801 9.81756 9.85995 9.25695 14.23424
2.89901 3.73084 7.30363 10.31241 9.08626 10.01464 11.74944 10.70283 9.30723 10.22446 11.30066 14.58570 16.66873 17.42457 18.70686 27.16769 35.53152 31.75326 15.79775 7.88314 8.98391 16.73645 17.59764 13.19069 10.08496 10.38822 12.91860 16.73368 23.52489 22.85898 14.67360 1.59709 1.89568 2.78453 4.32756 10.02264 15.13993 13.10167 13.29822 14.28471 22.97182 31.94170 21.56295 7.02691 1.26199 0.42483 0.30989 0.03736 0.29813 0.12077 0.00000 0.00000 0.00000 3.43548 7.80780 11.31611 11.43252 10.24738 10.44095 13.88812
8.38409 18.59034 29.41987 29.68904 21.14017 18.53506 17.80802 12.72628 9.71313 9.71715 12.47663 20.78544 31.61668 27.68584 26.12816 43.28193 62.91699 41.20066 15.09063 4.81372 5.87298 11.38823 14.31190 12.56704 10.11716 10.38907 14.19303 23.92067 45.82244 59.60279 39.63359 10.46324 2.90472 3.31319 3.31551 5.72935 6.58893 5.04521 6.24738 8.12556 23.54566 36.88771 19.83974 9.56961 4.08041 2.33740 1.35656 2.36712 5.43173 6.56688 6.28540 5.55736 4.16481 4.98155 9.00541 13.53786 12.92460 10.07483 8.27321 8.12917
10.36596 30.52134 46.13101 42.27188 29.03878 20.38542 16.41875 10.31687 6.83578 6.19889 8.87325 14.68458 23.55211 15.13408 19.38171 29.25792 37.49032 28.14280 13.23978 5.52735 6.79091 9.50651 9.95211 9.69252 8.38566 8.07502 10.95921 19.38583 50.61940 73.64553 47.08052 21.40983 9.53762 8.71040 7.77739 5.61583 3.59867 3.34140 2.42180 4.41495 15.67646 25.44165 21.17039 10.40026 5.97303 2.37573 1.16255 5.34637 11.95644 11.44687 10.41139 6.79463 4.08230 5.94576 9.06233 13.84561 15.50399 10.83296 6.85489 4.74207
9.33864 26.91486 34.39946 28.21766 26.54069 16.82147 11.40914 7.35060 4.41828 3.93325 5.83823 7.12052 8.60824 7.75940 13.32191 19.57522 22.32759 18.83047 12.40147 11.00942 11.94088 9.43599 7.72816 7.49905 8.28979 10.11459 9.43655 8.73647 21.75790 34.67595 29.76015 22.26495 15.92680 16.42550 11.70621 5.69288 2.76542 3.53595 3.27725 6.33709 13.75373 23.31265 29.97293 32.03370 20.43543 3.16027 0.53404 4.42916 7.43415 8.09074 7.91474 5.38307 4.17843 5.76494 7.19748 13.12130 18.29323 14.64337 8.49686 6.17888
10.21614 24.08687 30.85390 26.08727 22.12896 21.64608 12.39112 6.60548 5.84001 7.46093 9.49529 7.55673 5.85371 6.31380 9.08065 13.26418 15.70766 10.33891 12.53051 15.77255 13.73509 6.74404 6.20731 6.80504 8.45160 10.76279 9.27909 7.43143 7.39137 10.72854 13.49254 16.82250 19.30989 16.34148 10.86716 4.85737 4.11807 7.23189 6.76401 11.51685 14.56304 16.34250 24.12082 36.18336 21.25464 3.42407 0.49681 2.35081 3.65975 5.24808 5.91986 4.61943 3.66799 3.98895 5.34168 10.32278 14.20122 14.51806 9.59901 10.21714
12.32607 23.18059 25.15853 18.90641 16.60053 19.04639 13.43519 9.27010 13.80455 22.40187 24.66185 17.52252 7.99784 3.86823 8.13827 12.63154 16.58030 18.72065 24.88391 23.25738 14.54749 7.22687 6.57426 7.38253 8.20668 9.85779 11.66057 14.05457 14.73555 11.93797 12.41154 17.72933 23.90124 23.55843 16.02265 6.63858 11.07974 28.98900 21.75958 22.87514 15.88173 8.07026 5.78743 4.09122 4.66761 1.11319 0.54654 1.52879 2.22328 2.90756 3.07145 2.75938 2.36736 1.75279 1.51035 2.99697 7.02359 10.89416 9.27478 12.50794
12.90681 19.74192 22.92677 19.30536 14.13429 11.67023 13.21345 16.76466 31.32268 48.56899 46.69022 30.58700 11.16093 6.84915 13.76842 18.44253 20.79840 25.03731 33.23746 29.41288 17.19319 9.15936 7.44317 8.98411 9.78695 9.49331 10.79269 15.30937 17.41235 15.14264 14.98385 19.12122 28.78078 36.74236 23.80329 10.06011 36.62098 120.28072 75.46859 29.51653 9.48526 3.43361 1.72341 1.16267 1.39438 1.18026 0.66361 0.65140 0.77575 0.95697 0.94661 1.09450 1.18596 0.75653 0.59450 0.77489 3.37517 6.89639 7.62275 12.31883
16.53328 25.39311 36.40363 32.26696 21.39771 12.34924 22.86257 38.11661 51.56121 59.90135 52.23693 35.86427 15.97856 13.24324 21.77745 19.21037 17.41811 20.26118 23.00246 21.15268 15.79799 10.02599 9.36258 12.56560 12.95982 9.60355 7.74684 11.15815 14.89321 15.19792 15.58491 16.31128 24.98037 45.57885 40.34871 14.07790 24.03781 64.17036 45.36182 30.20171 11.57012 5.13953 1.45698 0.27920 1.18267 1.04519 0.45360 0.23077 0.20004 0.26428 0.30891 0.33728 0.40974 0.40437 0.50581 0.88952 3.36317 7.05135 9.73970 15.27402
21.88544 41.04664 51.25979 46.28529 37.13384 28.73300 54.79716 74.36330 56.81144 41.23823 28.60313 14.90528 11.57445 11.37389 12.61039 7.61590 12.17881 12.66510 10.88155 10.44217 7.90979 9.75565 12.81948 15.95635 14.60192 11.19512 8.86425 10.90122 13.78719 15.74563 14.98239 10.87314 13.31550 37.23355 47.51184 31.61447 29.87556 34.28063 48.43497 50.69552 29.83675 16.35203 6.31268 2.85465 2.27079 3.39853 2.56609 0.81213 0.50601 0.20554 0.13522 0.09938 0.15188 0.32398 0.52095 0.85423 4.02560 9.15413 15.80561 23.62032
43.62291 70.93299 77.85256 59.07857 40.45478 52.26658 108.20260 114.82147 65.64518 25.00665 13.19549 6.13675 3.80143 5.01206 5.94008 5.34293 9.60695 6.67994 2.91465 4.61520 9.22163 16.96666 14.09414 13.72921 13.50751 11.09146 9.22318 10.27893 12.69896 16.37488 19.73030 16.96735 15.57572 25.50629 42.10698 50.01503 73.03107 40.38475 51.16693 65.88647 75.46386 51.47048 20.97441 13.27344 15.65869 19.59087 15.75954 4.93109 1.58808 1.35974 0.66696 0.00000 0.15517 0.32935 0.60380 1.42294 5.31597 12.22639 17.89456 23.09488
74.07555 113.71592 125.58797 69.23530 31.51686 45.13916 82.31994 87.37785 44.51862 14.59379 5.32220 2.60005 0.72792 1.19251 3.28076 3.69769 4.26248 3.40803 2.20623 3.02145 8.30637 15.38557 10.40681 8.08885 8.06357 6.95285 6.54717 7.41565 10.78753 16.04933 23.93583 24.29443 14.37777 10.76089 17.60380 34.12778 66.46201 59.39890 60.25543 80.19421 107.82234 -99999.00000 -99999.00000 48.56282 54.56947 56.87200 48.02028 18.76872 4.13738 3.30107 2.99030 1.19705 0.35303 0.39490 0.62281 1.25258 5.73491 14.53658 19.36344 22.56303
106.34547 109.00117 93.24143 45.08615 26.13218 34.14545 54.90186 51.55281 22.41790 7.37915 2.10114 0.18583 0.00000 0.55177 2.19479 3.27795 3.81365 4.25767 3.89533 2.12454 2.55532 5.82229 4.98590 3.95749 4.26716 2.85578 2.16832 1.84199 4.16579 8.99201 14.52485 14.94868 8.77704 4.86996 8.74165 -99999.00000 -99999.00000 -99999.00000 -99999.00000 -99999.00000 -99999.00000 -99999.00000 -99999.00000 88.34656 101.81567 93.64648 75.15691 41.51198 13.23699 6.00919 4.61081 2.15008 0.71355 0.73346 1.32088 3.82300 10.48921 17.45576 18.02339 18.92193
106.63400 80.71233 48.16352 28.90298 -99999.00000 41.70691 53.36558 41.42886 10.47945 4.56206 2.06588 0.42309 0.00000 0.16490 1.03332 2.49084 2.81798 3.79092 3.35529 1.31337 1.07373 3.02564 3.38658 3.03911 2.28576 0.57401 0.00000 0.22764 0.56695 1.18227 1.97739 4.01950 3.57512 3.26930 -99999.00000 -99999.00000 -99999.00000 -99999.00000 -99999.00000 -99999.00000 -99999.00000 -99999.00000 -99999.00000 -99999.00000 114.74107 92.90570 73.31434 55.45991 32.14735 12.44638 5.19757 1.89716 0.66903 1.15572 3.31723 7.27710 12.90864 17.27896 16.66030 15.31497
-99999.00000 -99999.00000 -99999.00000 -99999.00000 -99999.00000 61.66490 73.47079 38.33439 11.12706 5.15683 2.75996 0.85215 0.00000 0.09541 0.48434 0.81495 0.69693 1.10993 0.91065 0.45111 0.14694 1.43421 2.29632 1.77630 0.56911 0.03854 0.00000 0.00000 0.00000 0.00000 0.28748 0.78345 1.32465 2.17554 -99999.00000 -99999.00000 -99999.00000 -99999.00000 -99999.00000 -99999.00000 -99999.00000 -99999.00000 -99999.00000 -99999.00000 -99999.00000 71.68448 65.61544 59.80836 47.35101 21.86574 5.81506 1.35655 0.74941 1.77132 3.49004 6.03242 12.24932 19.05668 17.08967 12.51849
