DATA/RAW-RASTER/CPC/2017/20170523.asc
ncols			60
nrows			40
xllcorner		70.0
yllcorner		20.0
cellsize		0.5
NODATA_value	-99999
[rows 0 to 31 of 40, columns 0 to 59 of 60]
2.19993 2.28950 1.79571 1.30990 0.88841 0.50020 0.23192 0.11221 0.06056 0.00000 0.00000 0.00000 0.00000 0.00000 0.00000 0.00000 0.00000 0.00000 0.00000 0.00000 0.00000 0.00000 0.00000 0.00000 0.00000 0.00000 0.00000 0.00000 0.00000 0.00000 0.00000 0.00000 0.00000 0.00000 0.00000 0.00000 0.00000 0.00000 0.00000 0.00000 0.00000 0.00000 0.00000 0.00000 0.00000 0.00000 0.00000 0.00000 0.00000 0.00000 0.00000 0.00000 0.04388 0.10136 0.26802 0.57470 0.73098 0.81627 1.23653 2.05807
5.29110 4.22297 3.00730 2.33032 1.31473 0.58346 0.17085 0.07537 0.03971 0.00000 0.00000 0.00000 0.00000 0.00000 0.00000 0.00000 0.00000 0.00000 0.00000 0.00000 0.00000 0.00000 0.00000 0.00000 0.00000 0.00000 0.00000 0.00000 0.00000 0.00000 0.00000 0.00000 0.00000 0.00000 0.00000 0.00000 0.00000 0.00000 0.00000 0.00000 0.00000 0.00000 0.00000 0.00000 0.00000 0.00000 0.00000 0.00000 0.00000 0.00000 0.00000 0.00000 0.07827 0.22843 0.58223 1.08063 1.57889 1.87834 2.38310 3.17065
4.32353 2.95313 2.01613 1.56367 0.90287 0.29243 0.05167 0.00000 0.00000 0.00000 0.00000 0.00000 0.00000 0.00000 0.00000 0.00000 0.00000 0.00000 0.00000 0.00000 0.00000 0.00000 0.00000 0.00000 0.00000 0.00000 0.00000 0.00000 0.00000 0.00000 0.00000 0.00000 0.00000 0.00000 0.00000 0.00000 0.00000 0.00000 0.00000 0.00000 0.00000 0.00000 0.00000 0.00000 0.00000 0.00000 0.00000 0.00000 0.00000 0.00000 0.00000 0.00000 0.02552 0.22276 0.65291 1.16151 1.89918 3.31772 4.84551 5.11468
0.99605 0.48650 0.49865 0.48293 0.21122 0.00000 0.00000 0.00000 0.00000 0.00000 0.00000 0.00000 0.00000 0.00000 0.00000 0.00000 0.00000 0.00000 0.00000 0.00000 0.00000 0.00000 0.00000 0.00000 0.00000 0.00000 0.00000 0.00000 0.00000 0.00000 0.00000 0.00000 0.00000 0.00000 0.00000 0.00000 0.00000 0.00000 0.00000 0.00000 0.00000 0.00000 0.00000 0.00000 0.00000 0.00000 0.00000 0.00000 0.00000 0.00000 0.00000 0.00000 0.00000 0.08147 0.35963 0.82795 1.66742 3.33708 5.26888 6.30364
0.00000 0.04143 0.00000 0.00000 0.00000 0.00000 0.00000 0.00000 0.00000 0.00000 0.00000 0.00000 0.00000 0.00000 0.00000 0.00000 0.00000 0.00000 0.00000 0.00000 0.00000 0.00000 0.00000 0.00000 0.00000 0.00000 0.00000 0.00000 0.00000 0.00000 0.00000 0.00000 0.00000 0.00000 0.00000 0.00000 0.00000 0.00000 0.00000 0.00000 0.00000 0.00000 0.00000 0.00000 0.00000 0.00000 0.00000 0.00000 0.00000 0.00000 0.00000 0.00000 0.00000 0.00000 0.07355 0.34792 1.12605 2.77962 4.73317 5.94159
0.00000 0.00000 0.00000 0.00000 0.00000 0.00000 0.00000 0.00000 0.00000 0.00000 0.00000 0.00000 0.00000 0.00000 0.00000 0.00000 0.00000 0.00000 0.00000 0.00000 0.00000 0.00000 0.00000 0.00000 0.00000 0.00000 0.00000 0.00000 0.00000 0.00000 0.00000 0.00000 0.00000 0.00000 0.00000 0.00000 0.00000 0.00000 0.00000 0.00000 0.00000 0.00000 0.00000 0.00000 0.00000 0.00000 0.00000 0.00000 0.00000 0.00000 0.00000 0.00000 0.00000 0.00000 0.00000 0.13268 0.67163 2.04041 4.04703 5.37808
0.00000 0.00000 0.00000 0.00000 0.00000 0.00000 0.00000 0.00000 0.00000 0.00000 0.00000 0.00000 0.00000 0.00000 0.00000 0.00000 0.00000 0.00000 0.00000 0.00000 0.00000 0.00000 0.00000 0.00000 0.00000 0.00000 0.00000 0.00000 0.00000 0.00000 0.00000 0.00000 0.00000 0.00000 0.00000 0.00000 0.00000 0.03794 0.06890 0.08987 0.09915 0.14208 0.19080 0.12911 0.04724 0.00000 0.00000 0.00000 0.00000 0.00000 0.00000 0.00000 0.00000 0.00000 0.00000 0.05996 0.27042 1.08204 3.03348 4.91638
0.00000 0.00000 0.00000 0.00000 0.00000 0.00000 0.00000 0.00000 0.00000 0.00000 0.00000 0.00000 0.00000 0.00000 0.00000 0.00000 0.00000 0.00000 0.00000 0.00000 0.00000 0.00000 0.02208 0.03506 0.05337 0.07576 0.08799 0.06785 0.07090 0.00000 0.00000 0.00000 0.00000 0.03349 0.05384 0.08836 0.14677 0.23320 0.33618 0.45259 0.58742 0.74314 0.84204 0.70691 0.39110 0.16685 0.05823 0.02244 0.00000 0.00000 0.00000 0.00000 0.00000 0.00000 0.00000 0.00000 0.09025 0.60385 1.83370 4.00901
0.00000 0.00000 0.00000 0.00000 0.00000 0.00000 0.00000 0.00000 0.00000 0.00000 0.00000 0.00000 0.00000 0.00000 0.00000 0.00000 0.00000 0.07331 0.08423 0.08894 0.09922 0.11894 0.15046 0.19462 0.24989 0.31271 0.37533 0.42530 0.42954 0.32293 0.07569 0.00000 0.02217 0.12284 0.19643 0.31952 0.53254 0.80658 1.10861 1.47174 1.84700 2.07584 2.00241 1.50636 0.82007 0.31180 0.10198 0.08797 0.06656 0.02544 0.00000 0.00000 0.00000 0.00000 0.00000 0.00000 0.09245 0.48206 1.52600 3.67166
0.78305 0.22806 0.00000 0.00000 0.00000 0.00000 0.00000 0.00000 0.00000 0.00000 0.00000 0.00000 0.00000 0.00000 0.00000 0.00000 0.18211 0.52097 0.57918 0.63630 0.71795 0.81246 0.89870 0.99785 1.09146 1.15708 1.23300 1.25954 1.19651 0.95704 0.50060 0.07478 0.17731 0.27488 0.56142 1.06316 1.55492 2.01876 2.44582 2.88397 3.18559 3.33042 3.17968 2.62670 1.71650 0.68804 0.24202 0.35465 0.45415 0.42543 0.29693 0.25419 0.31660 0.15797 0.10755 0.04811 0.08776 0.43474 1.62684 3.60587
3.76280 3.59485 1.14933 0.03007 0.00000 0.00000 0.00000 0.00000 0.00000 0.00000 0.00000 0.00000 0.00000 0.00000 0.00000 0.00000 1.23080 1.81500 2.14258 2.39251 2.56739 2.69260 2.76743 2.86448 2.91820 2.72760 2.58406 2.43260 2.17823 1.69629 1.03430 0.57756 0.52471 0.81345 1.26596 1.93763 2.66345 3.12158 3.50583 3.86199 4.13254 4.39993 4.46080 4.18819 3.73760 2.70145 1.70680 1.36780 1.29441 1.06783 0.71327 0.48799 0.60896 0.81582 0.66287 0.32807 0.25324 0.88206 2.64102 4.71108
8.31308 7.30155 4.44328 0.66239 0.00000 0.00000 0.00000 0.00000 0.00000 0.00000 0.00000 0.00000 0.00000 0.00000 0.00000 0.07271 1.63640 2.87434 3.57952 3.93265 4.04587 4.09494 4.07816 4.03791 3.81054 3.59157 3.40967 3.22986 2.92975 2.30868 1.38190 0.77110 0.67819 0.87112 1.21338 1.72946 2.29403 2.94729 3.64335 4.32394 4.82359 5.01499 5.10431 5.10528 5.12286 4.70551 3.88238 3.31755 3.04212 2.26421 1.25984 0.61525 1.08159 1.96180 2.20536 1.71510 1.56117 2.48725 4.16307 5.59195
13.06377 10.52303 6.46564 1.27150 0.00000 0.00000 0.00000 0.00000 0.00000 0.00000 0.00000 0.00000 0.00000 0.00000 0.00000 0.10672 1.53653 2.84423 3.83194 4.22938 4.28092 4.35980 4.35806 4.24309 4.03871 3.85768 3.76372 3.59746 3.14501 2.27682 1.16275 0.59940 0.51986 0.71778 1.01521 1.42154 1.88364 2.53408 3.34529 4.00648 4.69238 5.10802 5.40373 5.46720 5.34411 5.29551 5.27755 5.25985 5.72094 5.33591 3.92724 2.75467 3.12251 4.30993 4.69819 4.27347 3.89844 4.44805 5.36409 5.67916
10.56583 8.74542 5.31760 1.63711 0.00000 0.00000 0.00000 0.00000 0.00000 0.00000 0.00000 0.00000 0.00000 0.00000 0.00000 0.00000 1.17696 2.84527 3.88710 4.27955 4.40824 4.41865 4.42956 4.30417 4.13218 3.95521 3.84558 3.55172 2.98920 1.91160 0.85529 0.39917 0.39092 0.54041 0.78843 1.13905 1.58380 2.12967 2.70475 3.20843 3.70278 4.38415 4.98027 5.26496 5.63402 6.00513 6.66967 7.89259 8.80769 9.35560 9.28400 7.83626 6.66221 7.06145 7.02766 6.21187 5.80120 5.91509 6.02065 5.83837
5.39127 4.03174 2.41979 1.07773 0.18072 0.00000 0.00000 0.00000 0.00000 0.00000 0.00000 0.00000 0.00000 0.00000 0.00000 0.00000 1.05723 2.88631 3.90658 4.33321 4.53237 4.50383 4.47681 4.31716 4.08646 3.84007 3.57485 3.14622 2.44935 1.36871 0.46770 0.22485 0.28303 0.38856 0.56898 0.83826 1.26005 1.85092 2.49107 2.99581 3.26567 3.36357 3.51318 3.91019 5.07339 7.00670 9.08491 10.40655 11.31539 11.36963 11.09445 10.00192 8.30997 8.03795 7.76175 7.38766 6.85283 6.69801 6.45159 5.77720
1.77368 1.48506 1.14122 0.61644 0.12621 0.00000 0.00000 0.00000 0.00000 0.00000 0.00000 0.00000 0.00000 0.00000 0.00000 0.00000 0.61815 2.77136 3.92111 4.37383 4.48670 4.49766 4.50290 4.23997 3.92499 3.48473 2.90857 2.32395 1.71575 0.86624 0.18841 0.14183 0.18627 0.25948 0.38250 0.57039 0.91176 1.50047 2.30265 2.93616 3.16814 3.00290 2.64678 2.59529 3.68659 6.55515 10.50713 12.57444 12.85420 12.39452 11.36801 10.32486 8.80940 7.11561 6.49710 6.80678 7.62083 7.81718 7.65314 6.88100
0.74874 0.93597 0.86459 0.48770 0.13969 0.02120 0.00000 0.00000 0.00000 0.00000 0.00000 0.00000 0.00000 0.00000 0.00000 0.00000 0.45149 3.51637 4.45225 4.59014 4.67988 4.65740 4.24047 3.67970 3.09147 2.36658 1.72387 1.38238 1.09927 0.48161 0.26606 0.11175 0.11080 0.14511 0.19139 0.27523 0.47509 0.98768 2.00728 2.94061 3.25591 3.04551 2.49077 2.29310 2.82747 5.29740 10.15092 12.20517 12.30857 12.31434 12.35480 11.86809 8.59533 4.68150 3.47285 4.85574 7.14400 8.49192 9.23807 10.31003
0.38051 0.58768 0.56573 0.36267 0.15590 0.02056 0.00000 0.00000 0.00000 0.00000 0.00000 0.00000 0.00000 0.00000 0.02973 1.77316 5.75523 6.86283 6.69209 5.53214 4.71117 4.22205 3.43278 2.13821 1.47202 0.95771 0.65593 0.65561 0.64022 0.59471 0.42552 0.18976 0.06543 0.07256 0.08381 0.10193 0.15019 0.42131 1.51441 2.81806 3.18188 2.96440 2.45157 2.15922 2.49701 4.56568 8.47246 10.57437 10.49188 11.24680 11.87338 11.10266 7.07945 2.45786 1.06759 2.70921 5.57610 7.32509 8.28839 10.84214
0.18606 0.22097 0.18661 0.13171 0.04566 0.00000 0.00000 0.00000 0.00000 0.00000 0.00000 0.00000 0.00000 0.00000 0.87083 5.48277 12.22966 13.81001 9.66570 6.23105 3.83693 2.51375 1.63952 0.44743 0.33537 0.25590 0.30517 0.53485 0.76249 0.83485 0.64486 0.30583 0.03965 0.02865 0.03427 0.03772 0.04634 0.19422 0.96481 2.06154 2.52510 2.33950 1.99163 2.03290 2.52449 3.95395 5.96019 7.30221 7.43507 7.85584 8.01215 7.16668 5.05520 2.13187 0.95040 1.57595 2.87619 3.53162 4.10436 5.72903
0.03463 0.02705 0.02169 0.00000 0.00000 0.00000 0.00000 0.00000 0.00000 0.00000 0.00000 0.00000 0.00000 0.05629 1.74906 5.41626 11.48405 12.74414 9.09685 5.15328 2.22070 1.09129 0.53970 0.00000 0.02287 0.15600 0.39865 0.78790 1.07845 1.25159 0.94610 0.39821 0.00000 0.00000 0.00000 0.03505 0.07816 0.21056 0.58995 1.13037 1.32101 0.96401 0.72204 0.98578 1.56274 2.25541 2.82869 2.62121 2.60554 3.36762 4.73767 4.96595 3.59247 1.97747 1.06600 1.00441 0.96257 0.70373 0.78462 1.62060
0.00000 0.00000 0.00000 0.00000 0.00000 0.00000 0.00000 0.00000 0.00000 0.00000 0.00000 0.00000 0.00000 0.05288 1.05251 2.29775 3.16962 4.21351 3.08996 0.67078 0.59217 0.41649 0.19725 0.00000 0.03356 0.16458 0.50139 1.07802 1.81138 1.96589 1.27990 0.51789 0.06019 0.00000 0.00000 0.00000 0.04211 0.08081 0.18355 0.38424 0.40106 0.18563 0.09121 0.21515 0.48873 0.67995 0.73411 0.51561 0.41771 0.57584 1.42280 2.28351 2.02107 1.40036 0.67789 0.38114 0.04200 0.00000 0.00000 0.36862
0.00000 0.00000 0.00000 0.00000 0.00000 0.00000 0.00000 0.00000 0.00000 0.00000 0.00000 0.00000 0.00000 0.00000 0.00000 0.18189 0.25649 0.25939 0.12189 0.00000 0.19275 0.23431 0.10011 0.00000 0.03708 0.38101 0.93302 1.57397 2.08017 2.01252 1.26469 0.50907 0.08887 0.00000 0.00000 0.00000 0.07317 0.06483 0.05578 0.08637 0.09372 0.02540 0.00000 0.04871 0.06652 0.09730 0.04796 0.03653 0.09511 0.17721 0.42033 0.73159 0.90273 0.32680 0.10650 0.00000 0.00000 0.00000 0.00000 0.00000
0.00000 0.00000 0.00000 0.00000 0.00000 0.00000 0.00000 0.00000 0.00000 0.00000 0.00000 0.00000 0.00000 0.00000 0.00000 0.00000 0.00000 0.00000 0.00000 0.00000 0.07802 0.11502 0.00000 0.00000 0.07500 0.80848 1.85420 2.80445 3.12934 2.33303 1.27562 0.46577 0.02671 0.00000 0.00000 0.03948 0.59673 0.77161 0.47591 0.36903 0.19035 0.00000 0.07324 0.07100 0.00000 0.00000 0.03885 0.00000 0.44415 0.57187 0.36668 0.33105 0.28302 0.19977 0.04888 0.00000 0.00000 0.00000 0.00000 0.02930
0.00000 0.00000 0.00000 0.00000 0.00000 0.00000 0.00000 0.00000 0.00000 0.00000 0.00000 0.00000 0.00000 0.00000 0.00000 0.00000 0.03067 0.02475 0.00000 0.00000 0.00000 0.00000 0.00000 0.00000 0.00000 0.68080 1.69870 3.15870 4.37584 3.02400 1.09996 0.41859 0.05337 0.00000 0.00000 1.11565 2.53878 2.52458 1.10768 0.97068 1.00815 0.62497 0.53797 0.34897 0.18059 0.28323 1.15760 2.19748 2.60663 2.33500 0.94416 0.67934 0.76027 0.40648 0.19230 0.02458 0.00000 0.00000 0.00000 0.15868
0.00000 0.00000 0.00000 0.00000 0.00000 0.00000 0.00000 0.00000 0.00000 0.00000 0.00000 0.00000 0.00000 0.00000 0.18849 0.43092 0.39194 0.32304 0.02294 0.00000 0.00000 0.00000 0.00000 0.00000 0.00000 0.29986 0.57987 1.36890 2.38025 1.81211 0.76776 0.31885 0.02049 0.02270 0.02664 2.24208 7.86448 6.73796 2.55972 3.21382 3.81576 4.34486 2.78530 1.45873 1.77939 3.93352 6.65192 6.00452 4.57033 5.30035 4.04509 2.64765 2.28677 1.12803 0.45485 0.12286 0.00000 0.00000 0.00000 0.13120
0.00000 0.00000 0.00000 0.00000 0.00000 0.00000 0.00000 0.00000 0.00000 0.00000 0.00000 0.00000 0.00000 0.13759 0.61503 1.26234 1.22496 0.66205 0.18057 0.00000 0.00000 0.00000 0.00000 0.00000 0.00000 0.06123 0.07825 0.32824 0.64691 0.42353 0.23303 0.17117 0.11382 0.61706 0.70329 0.79909 10.65624 16.21799 12.02655 9.63843 10.92609 14.34484 12.22470 6.78348 8.39220 14.49703 18.58679 12.25488 5.70866 6.78177 6.17820 5.05524 4.10350 2.74748 1.02854 0.18365 0.00000 0.00000 0.00000 0.00000
0.00000 0.00000 0.00000 0.00000 0.00000 0.00000 0.00000 0.00000 0.00000 0.00000 0.00000 0.00000 0.00000 0.10021 0.55188 0.96789 0.85932 0.48479 0.08925 0.00000 0.00000 0.00000 0.00000 0.00000 0.00000 0.00000 0.00000 0.05122 0.03702 0.14947 0.22556 0.04738 0.87308 2.60113 4.28878 2.81267 2.03124 10.94488 17.68491 18.85772 21.20617 21.83612 15.25146 11.14133 9.03977 18.54014 23.05645 20.53398 14.96019 12.75079 10.45969 8.57594 6.80969 3.55626 0.94302 0.05630 0.00000 0.00000 0.00000 0.00000
0.00000 0.00000 0.00000 0.00000 0.00000 0.00000 0.00000 0.00000 0.00000 0.00000 0.00000 0.00000 0.00000 0.00000 0.11542 0.20956 0.12119 0.03549 0.00000 0.00000 0.00000 0.00000 0.00000 0.00000 0.00000 0.00000 0.00000 0.00000 0.07420 0.28370 0.48505 0.36801 0.86131 2.81765 6.97590 5.97836 5.98047 12.19029 19.06112 23.65341 26.10585 22.13392 9.31226 4.71453 5.52503 10.92159 16.27265 19.24985 20.79866 17.94143 15.51810 12.25889 6.14510 2.14486 0.42652 0.00000 0.00000 0.00000 0.00000 0.00000
0.00000 0.00000 0.00000 0.00000 0.00000 0.00000 0.00000 0.00000 0.00000 0.00000 0.00000 0.00000 0.00000 0.00000 0.00000 0.00000 0.00000 0.00000 0.00000 0.00000 0.00000 0.00000 0.00000 0.00000 0.00000 0.00000 0.00000 0.00000 0.10623 0.41749 0.62435 1.04058 1.97434 4.46245 5.80677 4.83968 6.44801 12.65289 10.60102 17.57585 25.44604 21.92709 12.64674 4.25349 4.29804 4.88481 7.12534 11.12433 15.17762 14.76889 14.40998 8.85445 3.19905 1.30390 0.17819 0.00000 0.00000 0.00000 0.00000 0.00000
0.00000 0.00000 0.00000 0.00000 0.00000 0.00000 0.00000 0.00000 0.00000 0.00000 0.00000 0.00000 0.00000 0.00000 0.00000 0.00000 0.12746 0.25794 0.13190 0.00000 0.00000 0.00000 0.00000 0.00000 0.00000 0.00000 0.00000 0.00000 0.03617 0.20493 0.47690 1.33517 3.27724 6.76752 6.56047 2.85304 3.07185 3.30049 4.12523 13.09373 30.89369 38.68288 26.39679 15.95397 10.75363 5.97374 4.27003 5.83120 7.20650 8.18931 8.87311 5.60012 2.28522 0.69543 0.04260 0.00000 0.00000 0.00000 0.00000 0.00000
0.00000 0.00000 0.00000 0.00000 0.00000 0.00000 0.00000 0.00000 0.00000 0.00000 0.00000 0.00000 0.00000 0.00000 0.00000 0.08181 0.33987 0.64343 0.34568 0.05757 0.00000 0.00000 0.00000 0.00000 0.00000 0.00000 0.00000 0.00000 0.00000 0.00000 0.10028 1.16344 3.07668 4.67503 6.18677 2.96009 1.28398 0.70164 0.09831 9.71164 36.40063 43.94821 27.53724 15.95904 10.08666 6.85293 3.69772 1.53544 2.23371 4.20769 5.51955 3.89726 1.41595 0.28346 0.00000 0.00000 0.00000 0.00000 0.00000 0.00000
0.00000 0.00000 0.00000 0.00000 0.00000 0.00000 0.00000 0.00000 0.00000 0.00000 0.00000 0.00000 0.00000 0.00000 0.00000 0.04285 0.23992 0.33266 0.22412 0.04868 0.00000 0.00000 0.00000 0.00000 0.00000 0.00000 0.00000 0.00000 0.00000 0.00000 0.00000 0.92815 1.91131 2.15522 1.65508 0.77710 0.23764 0.29038 0.00000 1.97049 13.23694 15.47335 6.57995 2.25148 2.22082 3.06032 1.58952 0.89686 1.04029 2.00024 2.63366 1.86429 0.74921 0.05096 0.00000 0.00000 0.00000 0.00000 0.00000 0.00000
