DATA/RAW-RASTER/CPC/2017/20170703.asc
ncols			60
nrows			40
xllcorner		70.0
yllcorner		20.0
cellsize		0.5
NODATA_value	-99999
0.00000 0.00000 0.00000 0.04015 0.20302 0.48823 0.73878 0.82752 0.85934 0.71504 0.31569 0.08000 0.00000 0.12335 0.36645 0.40592 0.24256 0.17759 0.33981 0.40886 0.30105 0.15028 0.06014 0.03081 0.04115 0.02408 0.00000 0.00000 0.00000 0.00000 0.00000 0.00000 0.00000 0.00000 0.00000 0.00000 0.00000 0.00000 0.00000 0.00000 0.00000 0.00000 0.00000 0.00000 0.00000 0.00000 0.00000 0.00000 0.00000 0.00000 0.00000 0.00000 0.00000 0.00000 0.00000 0.00000 0.00000 0.00000 0.00000 0.00000
0.00000 0.00000 0.00000 0.04432 0.29144 0.67922 0.94660 1.16170 1.46476 1.25387 0.53526 0.12785 0.04205 0.06890 0.11855 0.17562 0.20332 0.25132 0.40566 0.60235 0.68888 0.62555 0.46974 0.36300 0.31888 0.28551 0.22719 0.02624 0.00000 0.00000 0.00000 0.00000 0.00000 0.00000 0.00000 0.00000 0.00000 0.00000 0.00000 0.00000 0.00000 0.00000 0.00000 0.00000 0.00000 0.00000 0.00000 0.00000 0.00000 0.00000 0.00000 0.00000 0.00000 0.00000 0.00000 0.00000 0.00000 0.00000 0.00000 0.00000
0.00000 0.00000 0.00000 0.02766 0.22534 0.54283 0.88748 1.30718 1.92317 2.10166 1.41235 0.53860 0.17070 0.07244 0.07120 0.24059 0.53040 0.83220 1.20172 1.65754 1.99971 2.07873 1.91544 1.65798 1.36351 1.10573 0.87759 0.47632 0.00000 0.00000 0.00000 0.00000 0.00000 0.00000 0.00000 0.00000 0.00000 0.00000 0.00000 0.00000 0.00000 0.00000 0.00000 0.00000 0.00000 0.00000 0.00000 0.00000 0.00000 0.00000 0.00000 0.00000 0.00000 0.00000 0.00000 0.00000 0.00000 0.00000 0.00000 0.00000
0.00000 0.00000 0.00000 0.00000 0.06037 0.29864 0.97747 1.93537 2.79564 2.81008 2.22685 1.13745 0.43850 0.18164 0.20783 0.58426 1.12762 1.63821 2.34081 3.16308 3.72923 3.96868 3.93650 3.68184 3.28237 2.78942 2.24352 1.59877 0.66054 0.04555 0.00000 0.00000 0.00000 0.00000 0.00000 0.00000 0.00000 0.00000 0.00000 0.00000 0.00000 0.00000 0.00000 0.00000 0.00000 0.00000 0.00000 0.00000 0.00000 0.00000 0.00000 0.00000 0.00000 0.00000 0.00000 0.00000 0.00000 0.00000 0.00000 0.00000
0.00000 0.00000 0.00000 0.00000 0.04429 0.32768 1.03887 1.95149 2.66008 3.23329 2.56748 1.50353 0.77544 0.60077 0.79528 1.27013 1.69267 2.18682 3.24171 4.26807 4.71214 4.87453 4.90541 4.80706 4.57681 4.25427 3.78013 2.89369 1.64488 0.54224 0.08392 0.00000 0.00000 0.00000 0.00000 0.00000 0.00000 0.00000 0.00000 0.00000 0.00000 0.00000 0.00000 0.00000 0.00000 0.00000 0.00000 0.00000 0.00000 0.00000 0.00000 0.00000 0.00000 0.00000 0.00000 0.00000 0.00000 0.00000 0.00000 0.00000
0.00000 0.00000 0.00000 0.00000 0.02582 0.28776 0.87261 1.55706 2.10816 3.02261 2.94140 1.90868 1.20761 1.18710 1.45488 1.82401 2.12099 2.76878 3.98744 4.82684 5.03127 5.11006 5.22184 5.24772 5.14119 5.00156 4.79393 4.22434 2.77673 1.15779 0.32343 0.03118 0.00000 0.00000 0.00000 0.00000 0.00000 0.00000 0.00000 0.00000 0.00000 0.00000 0.00000 0.00000 0.00000 0.00000 0.00000 0.00000 0.00000 0.00000 0.00000 0.00000 0.00000 0.00000 0.00000 0.00000 0.00000 0.00000 0.00000 0.00000
0.00000 0.00000 0.00000 0.00000 0.00000 0.00000 0.38671 1.02401 1.56763 2.38334 2.75435 2.20225 1.68729 1.76268 2.03592 2.48176 3.05148 3.92090 4.84576 5.38503 5.52601 5.34229 5.47098 5.64473 5.77575 5.73980 5.81082 5.62664 4.30802 2.08385 0.65494 0.16427 0.02372 0.00000 0.00000 0.00000 0.00000 0.00000 0.00000 0.00000 0.00000 0.00000 0.00000 0.00000 0.00000 0.00000 0.00000 0.00000 0.00000 0.00000 0.00000 0.00000 0.00000 0.00000 0.00000 0.00000 0.00000 0.00000 0.00000 0.00000
0.00000 0.00000 0.00000 0.00000 0.00000 0.00000 0.00000 0.23565 0.65569 0.95715 1.28366 1.38480 1.40915 1.86232 2.43044 2.92434 3.63924 4.55682 5.38713 5.79531 6.19382 6.03918 6.27797 6.73814 6.89788 6.83943 6.75781 6.42580 5.25402 3.01500 1.12022 0.31841 0.07783 0.00000 0.00000 0.00000 0.00000 0.00000 0.00000 0.00000 0.00000 0.00000 0.00000 0.00000 0.00000 0.00000 0.00000 0.00000 0.00000 0.00000 0.00000 0.00000 0.00000 0.00000 0.00000 0.00000 0.00000 0.00000 0.00000 0.00000
0.00000 0.00000 0.00000 0.00000 0.00000 0.00000 0.00000 0.00000 0.00000 0.00000 0.03745 0.03515 0.29125 0.98491 2.33828 3.22401 3.93389 4.71912 5.35550 5.84317 6.17399 6.47316 6.66374 6.73003 6.72310 6.62820 6.50762 6.21078 5.44259 3.71632 1.71497 0.59625 0.18298 0.07124 0.03332 0.00000 0.00000 0.00000 0.03255 0.08213 0.11192 0.05304 0.00000 0.00000 0.00000 0.00000 0.00000 0.00000 0.00000 0.00000 0.00000 0.00000 0.00000 0.00000 0.00000 0.00000 0.00000 0.00000 0.00000 0.16497
0.00000 0.00000 0.00000 0.00000 0.00000 0.00000 0.00000 0.00000 0.00000 0.00000 0.00000 0.00000 0.00000 0.05624 0.66756 2.53149 3.72204 4.26098 4.75218 5.06452 5.34920 5.57392 5.66581 5.66495 5.59029 5.48508 5.40095 5.26037 4.86028 3.92060 2.58098 1.63335 1.35356 1.19230 0.81548 0.74160 0.43663 0.53194 0.53999 0.52827 0.43134 0.34890 0.24979 0.10193 0.00000 0.00000 0.00000 0.00000 0.00000 0.08209 0.29909 0.38236 0.41720 0.16217 0.07438 0.00000 0.00000 0.00000 0.10174 0.36922
0.00000 0.00000 0.00000 0.00000 0.00000 0.00000 0.02099 0.08615 0.00000 0.00000 0.00000 0.00000 0.00000 0.00000 0.00000 0.18579 1.50447 2.44901 2.68155 2.78136 2.82217 2.86734 2.91667 2.97792 3.06706 3.26736 3.54244 3.62961 3.63624 3.48375 3.31112 3.64579 4.00956 4.50231 4.63363 4.85731 4.63236 3.40728 2.21095 1.36941 0.88117 0.64260 0.51003 0.44293 0.35446 0.16813 0.04813 0.05993 0.14649 0.69485 0.78770 0.74465 0.76525 0.70314 0.41442 0.12352 0.04073 0.05792 0.15138 0.40306
0.00000 0.00000 0.00000 0.00000 0.00000 0.15753 0.39956 0.38470 0.08880 0.00000 0.00000 0.00000 0.00000 0.00000 0.00000 0.00000 0.00000 0.22321 0.50263 0.57789 0.56979 0.59348 0.64982 0.75950 0.94297 1.14745 1.33009 1.54911 1.91939 2.88334 4.29012 5.30188 5.90662 6.23159 6.81825 7.54622 7.53434 6.78400 5.34999 3.42131 1.99906 1.14614 0.74428 0.58718 0.57732 0.55581 0.59390 0.90564 1.46247 1.57414 1.20992 0.86619 1.09496 1.42421 1.29611 0.74006 0.33257 0.17514 0.12023 0.21685
0.00000 0.00000 0.00000 0.00000 0.08337 0.27723 1.00259 0.91094 0.38460 0.00000 0.00000 0.07822 0.00000 0.00000 0.00000 0.00000 0.00000 0.00000 0.00000 0.02732 0.05122 0.07150 0.09606 0.13523 0.20478 0.30601 0.43251 0.62425 1.09653 2.46588 4.62210 5.73554 6.54179 7.23063 8.43809 9.50583 9.87742 10.44133 10.32003 7.81760 4.88335 2.66169 1.44765 0.90762 0.76872 0.91065 1.38550 2.24710 3.42338 3.73781 2.95426 2.15240 2.20696 2.66283 2.63815 1.95779 1.05555 0.41999 0.10300 0.06458
0.00000 0.00000 0.00000 0.00000 0.05353 0.11732 0.33778 0.87837 1.85589 2.94982 2.04670 1.07142 0.21948 0.00000 0.00000 0.00000 0.00000 0.00000 0.00000 0.00000 0.00000 0.00000 0.00000 0.00000 0.05939 0.11351 0.19090 0.34432 0.97614 2.89950 5.27259 6.52016 7.37556 8.25503 9.41917 10.75976 11.68181 12.60483 12.89958 12.08871 9.93159 6.75840 3.98267 2.45259 2.08613 2.36408 3.39991 4.94065 6.05286 6.67746 6.69812 5.52437 4.23026 3.87311 3.62066 2.89021 1.88644 0.88225 0.07569 0.02115
0.00000 0.00000 0.00000 0.00000 0.00000 0.07636 0.23776 0.92599 4.00975 9.68530 8.41445 3.70766 0.70412 0.00000 0.00000 0.00000 0.00000 0.00000 0.00000 0.00000 0.00000 0.00000 0.00000 0.03422 0.06683 0.12308 0.20873 0.40870 1.03360 2.81737 5.05534 6.52697 7.40713 8.28696 9.71361 10.91050 12.23612 13.51339 14.67840 15.21819 14.46324 10.94319 6.82954 4.59932 4.47900 5.44923 6.93231 7.92502 8.51424 8.31626 7.95557 6.97504 5.30267 4.43784 3.95535 3.40008 2.32183 1.35015 0.17959 0.00000
0.00000 0.00000 0.00000 0.00000 0.00000 0.02788 0.27199 1.12082 2.68274 5.52510 6.43770 3.13329 0.09922 0.00000 0.00000 0.00000 0.00000 0.00000 0.00000 0.00000 0.00000 0.00000 0.04987 0.10265 0.19667 0.33153 0.44973 0.51683 1.07110 2.55470 4.52393 6.40596 7.31942 8.50302 10.17022 11.02913 11.85406 12.93188 14.61761 15.84371 15.82985 12.71330 7.80319 4.69707 4.46880 6.25014 9.00722 10.42031 10.32515 9.29605 8.00790 6.97113 5.77078 4.26278 3.40507 2.87010 2.42370 1.84868 0.86266 0.13116
0.00000 0.00000 0.00000 0.00000 0.00000 0.00000 0.15124 0.43429 0.63683 0.97397 1.62891 1.47903 0.15246 0.00000 0.00000 0.00000 0.00000 0.09527 0.08660 0.09776 0.10493 0.14091 0.22929 0.37303 0.55971 0.69186 0.75351 0.52098 0.86113 2.16440 3.94527 6.33610 7.17792 7.99716 8.65001 9.31592 10.18908 11.18492 13.40179 15.41646 16.12210 13.72192 7.84019 4.05939 3.56537 5.28302 8.90573 10.17788 9.94911 9.13986 8.39740 7.74170 5.48543 2.96992 1.96573 1.93743 2.22682 2.26936 1.43380 0.52856
0.00000 0.00000 0.00000 0.00000 0.00000 0.00000 0.00000 0.08355 0.16499 0.40161 1.17880 1.90216 1.23748 0.14238 0.02681 1.05840 1.62023 0.68680 0.34002 0.40615 0.52427 0.74964 0.95306 1.05098 1.06029 0.94588 0.84396 0.60942 0.58898 1.41733 2.85044 4.99109 7.05904 8.16598 8.64068 9.27965 9.68643 9.87647 12.56629 15.30898 15.78768 13.74275 8.19486 4.01214 3.32426 4.91046 7.76524 9.02063 8.47168 8.30358 7.87633 7.02509 4.51316 1.79805 0.94138 1.34827 2.11940 2.49639 2.07703 1.65779
0.00000 0.00000 0.00000 0.00000 0.00000 0.00000 0.00000 0.20189 0.35517 0.87131 1.63223 2.66770 1.79537 0.18179 1.31541 6.83368 6.52609 1.85309 1.06303 1.26587 1.36153 1.77433 1.98245 1.67951 1.39214 1.17836 0.97050 0.79728 0.61365 0.66476 1.71130 3.24334 5.31234 7.08591 8.30420 9.33112 9.26722 9.55950 11.69448 13.93810 14.40764 12.67254 8.66898 5.62483 4.53014 5.11865 6.34310 7.38312 7.27413 6.66379 5.55525 4.52166 3.36902 1.77420 1.09983 1.42468 2.41737 3.28963 3.73787 4.20713
0.00000 0.00000 0.00000 0.00000 0.00000 0.00000 0.00000 0.54823 0.84939 1.02311 1.18966 1.25782 0.52107 0.02153 2.53865 10.90767 9.86017 1.86385 2.13543 3.98371 3.63502 3.54572 3.21197 2.37639 1.54776 1.23621 1.07627 0.74381 0.70870 0.77050 0.93241 1.78829 3.15487 4.68737 6.86172 9.05607 9.96143 10.34759 11.52564 11.94357 11.15522 8.43430 6.32740 5.73221 5.17586 4.73107 4.97620 5.19449 5.83310 5.67843 5.39730 4.44917 3.06812 2.10464 1.76190 2.31286 3.29965 3.88959 4.67210 6.46364
0.00000 0.00000 0.00000 0.00000 0.00000 0.00000 0.00000 0.59266 0.88233 0.87961 0.53918 0.24392 0.00000 0.00000 0.84434 3.02150 2.99145 2.41590 2.65080 4.81205 9.34376 11.31758 8.95759 4.29474 1.72989 1.12972 1.03448 1.09268 1.26377 1.27712 1.10829 0.98976 1.45293 2.15540 3.83099 6.47589 9.01880 10.04015 9.77202 9.24893 7.34976 5.34280 4.62404 4.60094 4.33178 3.57714 3.62738 4.18414 5.44752 4.86950 4.81132 4.40051 3.40716 2.92663 2.45409 3.42208 4.06029 4.29432 5.11350 6.30093
0.00000 0.00000 0.00000 0.00000 0.00000 0.00000 0.00000 0.46806 0.74313 0.70678 0.36361 0.03996 0.00000 0.00000 0.00000 0.22614 1.41888 4.44059 8.01399 9.16388 19.59660 24.23495 15.11761 5.28728 2.60920 2.67244 1.82808 1.54611 1.33640 1.44401 1.32842 0.93002 0.70929 0.69449 1.42848 3.57069 6.85242 8.99444 8.19296 7.08968 5.58076 4.31591 3.87895 3.38184 2.70005 2.35260 2.75578 4.14775 4.85434 5.95991 5.32567 4.60889 4.58238 4.42486 4.12778 4.56219 5.66284 6.02758 6.07261 4.96391
0.00000 0.00000 0.00000 0.00000 0.00000 0.00000 0.07611 0.45106 0.85439 0.98109 0.55895 0.11662 0.00000 0.00000 0.00000 0.00000 1.74614 7.76561 13.98772 15.83031 20.68571 22.94062 15.04473 8.43887 7.07423 5.66684 3.99453 2.90799 2.25233 2.00216 1.84150 1.31690 0.70760 0.28827 0.50587 2.02991 4.71219 6.37829 5.89082 5.15713 4.73738 4.09745 3.42813 2.28720 1.50089 1.41969 2.03911 3.59747 7.03575 11.77491 11.19621 10.25755 5.71714 5.20946 5.82262 6.83900 7.43965 7.76515 7.67913 5.71751
0.00000 0.00000 0.00000 0.00000 0.00000 0.00000 0.06487 0.32674 0.92702 1.44710 0.82064 0.10696 0.00000 0.00000 0.02156 0.86579 3.22446 9.44426 16.74476 14.58051 16.52026 20.74403 17.32636 12.63182 10.67350 7.30699 5.02863 4.27787 5.14290 5.76776 3.22644 2.17516 1.54754 0.98714 1.11871 2.11103 2.93221 3.13558 2.87523 3.36046 4.43725 4.46524 3.53251 2.30200 1.37122 1.47943 4.63812 10.57593 14.18242 15.66336 18.73201 19.43680 13.30587 7.28351 8.12563 9.04333 9.54106 8.49700 7.48811 7.28115
0.00000 0.00000 0.00000 0.00000 0.00000 0.00000 0.02820 0.20735 0.59773 0.72787 0.35327 0.06627 0.00000 0.04880 1.32643 3.16251 4.29232 8.90901 13.92043 14.37028 24.61484 25.21403 18.09365 14.76495 13.41200 7.92397 4.89138 5.94689 10.94479 14.78241 9.08505 5.13478 3.72604 3.43665 3.70928 5.25729 4.22362 1.89391 1.82593 3.73701 7.05611 11.14369 9.36644 4.15451 3.52764 6.58288 14.12243 19.90578 16.87522 11.53723 11.48650 13.67231 14.43309 8.60749 9.22743 12.63644 13.61770 12.87310 8.01874 7.65885
0.00000 0.00000 0.00000 0.00000 0.00000 0.00000 0.00000 0.04112 0.19304 0.16612 0.03923 0.00000 0.07643 1.69808 4.99569 8.50540 10.13657 13.10053 19.03590 28.90545 38.51205 25.59028 16.44248 14.24966 12.40782 7.16324 4.25396 7.29567 18.39929 29.84913 25.43128 15.05363 8.68829 6.21321 5.46145 11.10033 10.41676 3.88675 4.00947 7.38865 17.29031 37.26184 41.66497 18.39310 12.50506 15.06820 25.63704 30.28269 19.71106 12.05747 7.39122 8.76610 10.28806 10.92663 11.60530 15.40009 15.15140 13.22655 9.28455 10.48426
0.00000 0.00000 0.00000 0.00000 0.00000 0.00000 0.00000 0.00000 0.00000 0.02084 0.00000 0.25211 2.41952 6.07783 9.36970 12.91736 14.92595 19.45103 24.24524 29.17108 31.50059 19.34941 13.87020 15.25945 13.59573 8.62116 3.88526 6.95803 16.66390 26.15054 30.22913 25.52219 19.45894 13.01796 6.57550 8.57453 7.55018 5.07499 6.41367 14.63763 34.51341 58.59171 64.27825 37.96907 13.25960 12.81260 21.98919 32.51873 32.13300 26.90501 19.24602 15.07842 13.84040 12.03585 13.02407 17.01543 17.27376 15.29146 13.59982 13.91471
0.00000 0.00000 0.00000 0.00000 0.00000 0.00000 0.00000 0.00000 0.00000 0.00000 0.19690 3.27370 9.00486 14.41342 14.62998 16.15942 19.72983 23.43070 26.41977 26.44240 28.06549 26.27309 20.68480 19.99556 22.02156 20.14178 16.69361 14.49885 14.10419 14.62048 20.25085 27.51597 27.44182 24.54659 21.14012 17.31089 10.39270 11.25168 9.76082 21.52215 44.18374 52.95465 40.95088 27.95079 8.86974 5.34072 11.55771 23.33332 35.98320 36.35958 31.65034 25.49120 15.87655 10.97506 13.01688 17.76368 18.50511 17.82260 17.71380 17.47713
0.00000 0.00000 0.00000 0.00000 0.00000 0.00000 0.00000 0.00000 0.00000 0.00000 0.85765 4.29124 14.14291 22.50295 17.32705 16.53582 26.74812 25.20619 23.33842 23.34654 26.65083 29.53638 23.78939 22.93806 27.78465 32.58067 30.15962 24.23107 16.49454 8.43815 8.32488 18.95902 23.00679 23.87347 24.64050 20.17656 12.32016 15.15094 11.72583 25.91069 46.59663 46.88475 32.36445 13.58471 6.39874 1.27471 3.34830 13.74237 27.17273 29.55084 30.35646 22.18520 12.53734 11.82367 12.56067 15.61923 17.81200 18.84063 18.64993 20.86828
0.00000 0.00000 0.00000 0.00000 0.00000 0.00000 0.00000 0.00000 0.00000 0.28246 1.99534 6.51812 12.53726 15.79828 11.96780 11.25791 14.00814 10.96914 11.08650 23.61237 34.97890 26.20723 16.50847 14.80485 21.38277 27.15812 24.14978 27.26082 22.50229 14.32329 10.23161 13.79246 16.78013 18.55471 25.44281 19.65333 8.45571 7.98962 14.39694 35.62293 66.53204 77.38431 54.01204 30.30486 12.30079 4.33120 4.86065 12.39960 16.98952 19.01848 21.09249 17.33833 13.49701 14.14474 13.14664 15.02783 15.45446 20.55711 22.86808 21.62346
0.00000 0.00000 0.00000 0.00000 0.00000 0.00000 0.00000 0.00000 0.02085 0.87052 3.91216 7.23808 8.18726 6.59484 3.75197 5.31765 7.74082 6.72726 9.98380 25.56859 28.68189 10.89799 4.20602 4.98051 11.01702 19.11385 22.06917 27.63457 28.03234 21.65607 17.89099 14.30338 15.48608 19.18153 23.72659 18.99914 11.12322 17.54312 31.23532 56.65631 89.38085 90.17387 57.09295 17.51211 8.18987 10.05591 11.06172 13.37715 14.94200 16.31193 18.69936 18.21282 17.59156 20.00639 21.69597 22.62735 18.85424 23.28886 23.04701 23.66396
0.00000 0.00000 0.00000 0.00000 0.00000 0.00000 0.00000 0.11211 1.87808 4.73327 5.99637 5.07947 3.16083 1.01788 0.44583 1.77483 4.63068 7.49388 14.70351 18.66153 13.94007 3.03119 0.09045 2.39908 8.18408 19.98635 28.35055 29.32616 28.24792 23.41463 16.83794 11.80094 14.08786 21.53470 35.15910 34.76429 21.72245 40.16011 68.48128 71.55108 83.44633 68.40805 37.29285 13.20247 10.21611 14.19448 10.61530 13.31519 13.52063 12.65480 12.53939 14.46295 22.42202 26.11781 29.51853 27.69261 25.02239 25.89453 20.23395 18.37078
0.00000 0.00000 0.59473 5.86529 7.06742 4.51731 3.12290 3.94769 7.87779 11.97297 10.35212 4.59838 0.80932 0.02090 0.34576 1.03642 3.76084 7.60673 15.51202 14.32749 7.38261 2.45135 1.23871 4.52332 14.80260 33.60309 43.43715 37.70027 29.56068 18.88382 9.06876 6.49729 7.78571 14.67839 34.20567 51.91291 32.29364 32.11794 46.69865 51.19360 76.04433 73.55633 51.68148 33.07813 33.00819 26.25699 15.20825 10.54527 7.74349 6.27649 4.78681 6.57262 17.89082 23.77545 25.81046 22.77900 23.61754 24.16270 21.85711 18.52729
0.00000 0.00000 0.91673 12.45146 31.72032 28.37585 16.33957 14.21463 15.45148 16.76198 12.83002 3.52671 0.79488 0.57088 1.08707 1.07680 4.07846 9.25144 12.42149 6.79710 2.95670 1.93533 1.84078 4.82423 18.30148 47.21417 64.23941 50.49405 31.95794 13.80302 4.04931 4.03225 4.58272 5.72030 14.88229 31.07978 22.27138 19.11357 29.94963 65.00924 85.40627 83.31353 65.15360 60.02452 96.01588 64.89117 20.74934 7.33104 3.83332 3.30930 2.17693 2.85344 7.80399 13.35360 14.52284 13.14392 18.97940 24.04582 25.93045 24.26917
0.00000 0.00000 0.63937 9.17533 35.25313 36.33074 23.00467 23.21885 17.61672 14.90613 12.79137 5.30043 2.78200 2.93020 3.73409 3.98419 6.42195 8.57136 9.67300 5.81133 4.72958 4.58247 3.29815 2.90157 12.17047 39.65544 55.56259 43.94125 26.34792 13.62340 5.93720 5.57909 5.82398 4.31797 5.97302 9.28954 9.92799 27.03221 83.80917 113.81561 66.51472 73.71330 57.37787 102.81033 181.50182 138.06706 52.44960 11.45323 5.24147 4.32416 3.39148 2.75222 3.66524 5.87749 6.77826 6.19405 14.69503 22.49698 28.72137 33.05029
0.00000 0.00000 2.41908 10.78758 21.98527 23.13701 29.90384 28.79757 16.70914 9.99242 8.99684 6.00326 5.03139 6.93932 10.40700 13.36528 13.29853 7.20779 3.78448 4.32205 7.21895 7.82775 5.27699 4.57367 10.42259 24.34058 29.03331 20.75708 15.52621 11.96896 7.58798 5.95030 3.82635 1.46113 0.18526 0.55410 4.60285 18.36222 93.12476 167.61656 180.44817 140.79431 76.53283 97.45054 161.92526 165.22916 96.66795 23.90874 6.38697 5.21452 4.32777 3.62988 2.91314 3.56571 4.50450 6.29769 13.46818 22.19833 26.08573 29.07043
0.09723 0.00000 2.10936 11.97785 22.87694 21.57238 22.65520 17.42373 6.98406 4.00344 3.46971 3.63521 5.67348 8.60525 13.13961 17.41694 13.96404 5.82491 2.63922 5.48312 11.28877 9.72456 6.01416 4.53712 7.01648 12.76317 16.36751 15.99113 15.10133 10.69174 7.47183 6.29570 3.08350 0.28642 0.00000 0.00000 0.15011 21.62772 111.66345 251.27701 380.44400 -99999.00000 -99999.00000 121.66180 128.69054 124.19464 99.18893 36.63239 7.41759 5.48796 5.20166 3.38137 2.09771 2.31224 2.80829 3.78388 9.94971 19.54558 22.36336 23.39382
0.02862 0.00000 1.02605 6.52763 12.78071 10.56393 11.84530 7.40694 1.30861 1.02832 1.20145 1.50378 2.99668 5.02592 6.64808 6.17833 4.98856 1.46763 1.42845 5.70867 11.30594 9.18671 6.15769 3.22914 3.66552 6.56974 9.20972 12.82127 12.25448 7.50884 4.97699 4.41599 3.00827 0.96272 0.15141 -99999.00000 -99999.00000 -99999.00000 -99999.00000 -99999.00000 -99999.00000 -99999.00000 -99999.00000 106.66311 70.88496 55.58936 53.45407 34.78882 11.86109 5.35813 4.31795 1.51483 0.71196 0.69335 0.89496 1.98081 6.42189 11.39046 12.72855 13.12612
0.00000 0.00000 0.36835 3.72903 -99999.00000 12.32507 12.55245 6.81024 1.00510 0.69789 1.39474 1.19441 1.04058 2.22569 2.46741 1.04929 0.18262 0.92100 3.23549 3.11301 5.67002 7.16679 5.93521 4.04704 3.41145 3.15792 3.57762 6.36904 6.60563 3.79442 2.64722 3.85616 3.23015 2.26621 -99999.00000 -99999.00000 -99999.00000 -99999.00000 -99999.00000 -99999.00000 -99999.00000 -99999.00000 -99999.00000 -99999.00000 13.90179 12.46548 18.94694 21.56217 15.60222 6.10282 1.31186 0.36147 0.16700 0.14130 0.36111 1.06052 2.80002 4.67027 5.59935 5.45891
-99999.00000 -99999.00000 -99999.00000 -99999.00000 -99999.00000 12.90280 15.61933 7.75516 2.25768 2.26832 4.66214 3.67318 1.66055 1.78242 2.00688 1.71245 2.96461 6.77509 11.13749 7.96925 6.33391 6.68797 6.07489 4.62249 3.77082 2.15064 1.39500 3.57555 4.45497 4.29792 4.64809 5.59544 3.59768 1.20362 -99999.00000 -99999.00000 -99999.00000 -99999.00000 -99999.00000 -99999.00000 -99999.00000 -99999.00000 -99999.00000 -99999.00000 -99999.00000 4.30675 7.25131 9.21792 9.42696 4.72128 1.02894 0.34752 0.30078 0.41536 0.48008 0.50038 1.04089 2.14212 3.29309 3.64857
