DATA/RAW-RASTER/CPC/2017/20170702.asc
ncols			60
nrows			40
xllcorner		70.0
yllcorner		20.0
cellsize		0.5
NODATA_value	-99999
0.00000 0.00000 0.00000 0.23320 1.14156 2.81939 4.25473 4.29509 3.56248 2.24736 0.77017 0.17414 0.00000 0.24315 0.74061 0.83268 0.49896 0.34904 0.63571 0.70466 0.46127 0.20016 0.07391 0.02782 0.00000 0.00000 0.00000 0.00000 0.00000 0.00000 0.00000 0.00000 0.00000 0.00000 0.00000 0.00000 0.00000 0.00000 0.00000 0.00000 0.00000 0.00000 0.00000 0.00000 0.00000 0.00000 0.00000 0.00000 0.00000 0.00000 0.00000 0.00000 0.00000 0.00000 0.00000 0.03760 0.03787 0.12499 0.52936 1.32061
0.00000 0.00000 0.00000 0.22082 1.45787 3.55138 5.05122 4.95880 4.09707 2.28023 0.67487 0.11651 0.00000 0.04522 0.10032 0.11058 0.09501 0.11877 0.18208 0.22761 0.20783 0.13210 0.04805 0.00000 0.00000 0.00000 0.00000 0.00000 0.00000 0.00000 0.00000 0.00000 0.00000 0.00000 0.00000 0.00000 0.00000 0.00000 0.00000 0.00000 0.00000 0.00000 0.00000 0.00000 0.00000 0.00000 0.00000 0.00000 0.00000 0.00000 0.00000 0.00000 0.02318 0.12850 0.35334 0.48226 0.70238 1.11166 1.73763 2.42578
0.00000 0.00000 0.00000 0.11479 0.84128 1.78652 2.42999 2.30602 1.84442 1.37887 0.71886 0.20773 0.00000 0.00000 0.00000 0.00000 0.00000 0.06316 0.05344 0.00000 0.00000 0.00000 0.00000 0.00000 0.00000 0.00000 0.00000 0.00000 0.00000 0.00000 0.00000 0.00000 0.00000 0.00000 0.00000 0.00000 0.00000 0.00000 0.00000 0.00000 0.00000 0.00000 0.00000 0.00000 0.00000 0.00000 0.00000 0.00000 0.00000 0.00000 0.00000 0.11102 0.43015 1.01741 1.72445 1.98505 2.37476 3.87224 5.49313 5.14933
0.00000 0.00000 0.00000 0.00000 0.07782 0.32727 0.54670 0.39743 0.31529 0.42181 0.40727 0.12383 0.00000 0.00000 0.00000 0.00000 0.13937 0.18645 0.14826 0.00000 0.00000 0.00000 0.00000 0.00000 0.00000 0.00000 0.00000 0.00000 0.00000 0.00000 0.00000 0.00000 0.00000 0.00000 0.00000 0.00000 0.00000 0.00000 0.00000 0.00000 0.00000 0.00000 0.00000 0.00000 0.00000 0.00000 0.00000 0.00000 0.00000 0.00000 0.03321 0.18844 0.72384 1.88592 3.31513 4.16099 4.55194 6.33832 8.51944 9.27431
0.00000 0.00000 0.00000 0.00000 0.00000 0.00000 0.08405 0.07688 0.05286 0.10080 0.05672 0.00000 0.00000 0.00000 0.04181 0.19565 0.26225 0.23485 0.09582 0.00000 0.00000 0.00000 0.00000 0.00000 0.00000 0.00000 0.00000 0.00000 0.00000 0.00000 0.00000 0.00000 0.00000 0.00000 0.00000 0.00000 0.00000 0.00000 0.00000 0.00000 0.00000 0.00000 0.00000 0.00000 0.00000 0.00000 0.00000 0.00000 0.00000 0.00000 0.03053 0.21329 0.97816 2.34098 3.46373 4.35105 5.35469 7.16068 9.70195 11.58706
0.00000 0.00000 0.00000 0.00000 0.00000 0.00000 0.00000 0.00000 0.02260 0.03414 0.00000 0.00000 0.00000 0.07498 0.21731 0.27031 0.27739 0.20859 0.00000 0.00000 0.00000 0.00000 0.00000 0.00000 0.00000 0.00000 0.00000 0.00000 0.00000 0.00000 0.00000 0.00000 0.00000 0.00000 0.00000 0.00000 0.00000 0.00000 0.00000 0.00000 0.00000 0.00000 0.00000 0.00000 0.00000 0.00000 0.00000 0.00000 0.00000 0.02119 0.08123 0.32010 1.06829 1.88290 2.52169 3.36625 5.00341 6.93628 9.32240 11.14009
0.00000 0.08801 0.11316 0.06684 0.13919 0.20347 0.18873 0.06915 0.00000 0.07048 0.00000 0.00000 0.10755 0.22079 0.26976 0.29581 0.27398 0.13165 0.00000 0.00000 0.00000 0.00000 0.00000 0.00000 0.00000 0.00000 0.00000 0.00000 0.00000 0.00000 0.00000 0.00000 0.00000 0.00000 0.00000 0.00000 0.00000 0.00000 0.00000 0.00000 0.00000 0.00000 0.00000 0.00000 0.00000 0.00000 0.00000 0.00000 0.00000 0.00000 0.06195 0.27915 0.86935 1.65079 2.52664 3.47970 4.47245 5.91010 8.44287 9.96147
0.20901 0.80237 0.86450 0.59121 0.86251 1.20254 1.40929 1.43962 1.22108 1.02716 0.31597 0.06617 0.14708 0.23686 0.26803 0.26445 0.22431 0.03931 0.00000 0.00000 0.00000 0.00000 0.00000 0.00000 0.00000 0.00000 0.00000 0.00000 0.00000 0.00000 0.00000 0.00000 0.00000 0.00000 0.00000 0.00000 0.00000 0.00000 0.00000 0.00000 0.00000 0.00000 0.00000 0.00000 0.00000 0.00000 0.00000 0.00000 0.00000 0.00000 0.04126 0.28216 0.87849 1.71415 2.68230 3.65191 5.04986 6.08310 6.29686 7.83255
0.92068 2.01191 2.83975 3.15805 3.18944 3.54779 2.91701 2.48288 1.88527 1.25549 0.67797 0.04471 0.00000 0.10950 0.22495 0.22383 0.13397 0.00000 0.00000 0.00000 0.00000 0.00000 0.00000 0.00000 0.00000 0.00000 0.00000 0.00000 0.00000 0.00000 0.00000 0.00000 0.03566 0.02801 0.00000 0.00000 0.00000 0.00000 0.00000 0.00000 0.00000 0.00000 0.00000 0.00000 0.00000 0.00000 0.00000 0.00000 0.00000 0.00000 0.02520 0.45975 1.30150 2.80774 4.09719 4.43332 5.02218 5.45336 5.81627 6.58299
0.81520 2.41589 3.37907 3.55192 6.39780 9.09858 7.04159 3.01432 1.55306 0.95707 0.25639 0.00000 0.00000 0.00000 0.04273 0.13656 0.04623 0.00000 0.00000 0.00000 0.00000 0.00000 0.00000 0.00000 0.00000 0.00000 0.00000 0.00000 0.00000 0.08678 0.19293 0.29585 0.32293 0.29411 0.23716 0.03608 0.00000 0.00000 0.00000 0.00000 0.00000 0.00000 0.00000 0.00000 0.00000 0.00000 0.00000 0.00000 0.00000 0.00000 0.07689 0.62665 1.56742 3.06719 3.94648 3.92005 3.91946 4.33652 5.38504 5.41138
0.09474 1.88521 4.21083 7.49968 15.47648 17.81095 11.16434 4.49466 1.41522 0.50366 0.00000 0.00000 0.00000 0.00000 0.00000 0.00000 0.00000 0.00000 0.00000 0.00000 0.00000 0.00000 0.00000 0.00000 0.00000 0.00000 0.00000 0.00000 0.07934 0.26831 0.62691 0.93560 1.01469 1.03341 0.94680 0.83322 0.61300 0.31420 0.11503 0.06112 0.03747 0.03118 0.00000 0.00000 0.00000 0.00000 0.00000 0.00000 0.00000 0.00000 0.00000 0.16500 0.72929 1.86711 3.02205 3.23752 3.23409 4.29966 6.24069 6.83445
0.03717 1.22898 3.80377 7.40311 11.93393 11.89011 4.51466 1.71695 0.42807 0.02370 0.00000 0.00000 0.00000 0.00000 0.00000 0.00000 0.02647 0.03750 0.00000 0.00000 0.00000 0.00000 0.00000 0.00000 0.00000 0.00000 0.00000 0.03196 0.15280 0.51834 1.12733 1.54586 1.60933 1.55620 1.53007 1.47557 1.22982 0.90339 0.55863 0.32015 0.22118 0.12721 0.06153 0.02524 0.00000 0.00000 0.00000 0.00000 0.00000 0.00000 0.00000 0.04235 0.26586 1.01922 2.31587 3.39047 4.18647 5.53324 7.48405 8.77058
0.07388 0.81677 2.55951 4.56472 5.48567 3.66182 0.59254 0.14786 0.02314 0.00000 0.00000 0.02984 0.00000 0.00000 0.00000 0.09173 0.11019 0.06520 0.02536 0.00000 0.00000 0.00000 0.00000 0.00000 0.00000 0.00000 0.00000 0.05037 0.22158 0.77035 1.48808 1.83411 1.97785 1.99940 2.10222 2.07821 1.83204 1.61269 1.36769 0.93134 0.62140 0.44159 0.28044 0.16112 0.10126 0.05139 0.00000 0.05361 0.33322 0.27602 0.24134 0.20501 0.26149 0.55841 1.24806 2.75733 4.98132 7.36452 9.15726 9.61735
0.22932 0.38945 0.66283 1.08603 0.69426 0.13610 0.13548 0.45054 0.59861 0.84955 0.74020 0.54971 0.32082 0.15866 0.31546 0.24789 0.17962 0.08362 0.02395 0.00000 0.00000 0.00000 0.00000 0.00000 0.00000 0.02364 0.03590 0.09603 0.35515 1.00345 1.82180 2.29345 2.46111 2.54428 2.61119 2.60637 2.35264 2.02848 1.67928 1.43649 1.34267 1.30106 1.19469 0.97069 0.80500 0.67335 0.39561 0.75376 0.94376 0.91058 0.84407 0.76247 0.59227 0.38750 0.65591 2.25916 5.55547 9.34972 11.52397 12.80616
0.39686 0.35611 0.06553 0.00000 0.00000 0.03600 0.37747 0.71434 1.19221 3.10612 4.38368 3.10418 1.50729 0.89352 0.99252 0.67722 0.46939 0.16131 0.03765 0.00000 0.00000 0.00000 0.00000 0.00000 0.03302 0.05640 0.07612 0.13856 0.37293 1.12579 1.95020 2.51644 2.70436 2.83418 3.04943 3.02294 2.80013 2.34162 1.85398 1.57014 1.66465 2.04324 2.47474 2.74034 2.70649 2.22151 1.72493 1.52128 1.61836 1.59101 1.45194 1.64306 1.56673 1.20233 1.60749 3.99248 7.42594 10.78268 14.14364 18.14426
0.52803 0.17102 0.07222 0.00000 0.00000 0.00000 0.14123 1.58375 3.76681 8.52466 12.34677 8.14765 2.73943 2.82218 2.92004 2.55088 0.87037 0.24855 0.09039 0.02400 0.00000 0.00000 0.02586 0.05752 0.10043 0.12839 0.15874 0.14192 0.34105 1.08808 2.01565 2.71810 2.93361 3.21124 3.59343 3.53648 3.21615 2.59176 1.87520 1.39142 1.44977 2.13678 3.24666 3.90094 3.99562 3.26257 2.28251 1.86575 2.33372 3.34012 4.04080 4.56922 4.72818 4.41837 5.27883 7.82820 10.70616 12.15716 14.45243 18.62210
0.74697 0.16307 0.03713 0.00000 0.00000 0.00000 0.20029 1.68497 4.91187 17.53213 19.96515 12.87006 7.01740 8.47561 4.72558 3.82459 1.39146 0.37453 0.23788 0.15083 0.11012 0.11173 0.14790 0.20742 0.24565 0.25459 0.25137 0.10797 0.23756 1.09342 2.03377 3.08143 3.20940 3.34269 3.40796 3.44638 3.38414 2.85375 1.94654 1.15260 1.12627 2.05417 3.63334 4.60884 4.75424 3.95357 2.76893 1.99255 2.97119 5.71245 8.50136 9.61409 8.53706 7.73054 8.43701 9.69121 11.50523 12.92561 12.85643 12.80044
1.02062 0.35919 0.11118 0.00000 0.00000 0.00000 0.47096 1.60528 4.31541 12.03524 13.40447 6.94949 3.39645 3.90301 3.14677 3.46446 2.47464 0.92539 0.56518 0.53171 0.51854 0.56744 0.59862 0.57071 0.42692 0.33451 0.25172 0.12356 0.22908 0.85621 1.78330 2.98681 3.70202 3.85963 3.78330 3.84532 3.81142 3.37229 2.53332 1.37116 1.23299 2.43177 4.16465 4.81890 4.99099 4.97692 4.24513 3.81930 4.91908 8.03060 10.24591 10.46887 9.36328 8.58539 8.91848 9.79337 11.44692 12.51893 11.52081 11.15670
0.91527 0.33107 0.04098 0.00000 0.00000 0.00000 0.07112 0.97743 2.80417 5.41461 4.83551 0.78622 0.00000 0.06065 1.97966 7.70219 7.02015 2.26192 1.71130 1.82591 1.33640 1.26323 1.17523 0.87618 0.60204 0.38096 0.25284 0.19248 0.17523 0.57233 1.57565 2.67115 3.76808 4.18109 4.27575 4.38021 4.09713 3.90658 3.59696 2.87690 3.13226 5.03886 6.75255 7.11923 6.78572 6.84907 7.21866 8.56843 10.25647 10.92808 9.39299 8.26452 8.78613 9.59882 9.42480 9.18819 10.12496 10.84489 11.09491 11.79920
0.36925 0.07712 0.00000 0.00000 0.00000 0.00000 0.00000 0.23462 0.75433 1.47824 1.87339 0.58527 0.02537 0.09606 3.61978 12.13931 10.39368 2.58970 4.79840 6.98753 3.52044 2.23723 1.76407 1.18598 0.62233 0.37278 0.30847 0.28256 0.22249 0.62670 1.49556 2.54164 3.72705 4.33403 5.01453 5.68743 5.87345 5.87849 6.06242 6.01274 7.42919 9.30305 10.14434 10.59086 9.94903 9.44099 11.24436 13.72820 17.57903 16.89614 14.53945 11.28037 9.20550 8.98057 8.61203 8.56657 8.71884 8.61893 9.90633 13.53427
0.00000 0.00000 0.00000 0.00000 0.00000 0.00000 0.00000 0.00000 0.23058 0.75723 1.19441 1.09493 0.95521 0.88303 2.39518 3.88299 3.27895 3.42158 7.25046 11.13761 7.49527 5.98258 4.81409 2.28442 0.62323 0.40830 0.52540 0.59890 0.62694 0.94653 1.76717 2.77093 3.50208 4.13002 5.00274 6.28107 7.95276 8.82442 8.43344 8.46099 9.44625 10.67923 11.10542 11.11732 10.66006 9.97443 11.67951 15.33913 21.43169 18.90436 16.73351 13.49947 9.79835 8.43461 6.46503 7.32984 7.62696 7.97331 10.30887 14.34640
0.00000 0.00000 0.00000 0.00000 0.00000 0.00000 0.00000 0.00000 0.14407 0.51655 1.17923 1.90030 2.40879 2.50561 1.76331 0.95195 0.97442 2.58235 7.91818 10.39905 11.56620 11.79119 9.59998 4.34553 1.62093 2.14239 1.74502 1.11942 0.68122 0.88375 1.55534 2.46759 3.20946 3.44102 3.95099 5.05031 7.34638 9.19538 8.32462 7.79309 8.47629 9.29153 9.66328 8.90862 7.93201 7.63628 9.75884 15.67960 18.90246 21.64515 16.69320 11.79701 9.86981 8.57866 6.94161 6.78529 8.16515 9.13365 11.37626 14.81536
0.00000 0.00000 0.00000 0.00000 0.00000 0.00000 0.00000 0.00000 0.04317 0.29104 0.82260 2.45646 4.70621 4.26062 3.05121 1.50993 0.98051 1.27561 3.24541 5.51667 9.01100 12.58276 14.52615 12.96945 10.22182 8.79396 6.50030 2.63977 0.96815 1.04862 1.52327 2.31405 3.01907 3.18611 3.44647 3.96774 5.48113 6.55359 5.99923 5.71197 6.71666 7.55264 7.58253 6.09389 4.87482 4.90776 6.71455 11.58969 21.32747 30.10894 20.49109 14.91110 8.28206 7.52751 7.90012 8.71076 9.30075 9.76714 11.49726 14.72722
0.05320 0.07052 0.09488 0.04791 0.00000 0.03866 0.00000 0.00000 0.00000 0.08819 0.91190 5.19922 9.84772 6.65389 5.15745 3.53455 1.96510 2.41148 1.64854 1.64663 5.34660 12.00961 16.47300 16.07977 16.04549 16.61371 15.08753 6.82660 3.17492 3.51701 2.00347 2.35416 3.36562 3.46293 3.27700 3.27964 3.03819 2.62850 2.27374 2.90858 4.27099 5.11073 5.14625 4.61616 3.88741 4.31533 11.06025 24.04550 32.62906 30.17481 22.98713 21.42301 15.97360 9.25299 10.09758 11.08977 11.64558 10.35393 10.17570 14.31836
0.24242 0.34385 0.37886 0.30133 0.28283 0.57616 0.63767 0.12078 0.00000 0.12638 1.53212 7.18986 9.49439 6.36679 10.33769 13.64071 11.62140 9.32789 2.36806 1.36153 5.39728 16.03928 17.34581 13.42589 19.18002 23.72647 27.67590 21.26830 13.17255 10.14852 4.96717 3.91086 5.59442 6.31084 4.78508 4.73927 3.06627 0.81572 0.62160 1.53753 2.65557 4.83163 5.59281 4.31409 5.75759 11.67854 21.64190 30.40123 32.43144 30.78603 25.53767 20.92610 20.44713 11.61549 11.69194 15.77568 16.70103 16.18964 11.19794 13.79270
0.46705 0.65982 0.71404 0.64317 0.60254 2.30166 4.11371 3.01468 0.47989 0.00000 0.66700 2.64990 3.60168 5.80734 19.40928 38.75529 37.81776 20.17317 7.97824 5.69731 13.40372 36.48777 38.72942 25.87254 22.49573 21.83498 24.73853 23.69912 20.37403 19.75043 14.85158 9.66129 9.79450 8.87431 5.50171 9.28100 9.87451 3.85906 3.30608 3.11557 5.11351 11.06513 15.09769 11.34373 16.84128 23.52434 28.61035 27.06919 20.03988 19.64483 20.13753 18.50850 17.31081 15.89379 14.37684 16.69422 16.04834 15.06692 12.35346 17.93128
0.49335 0.71120 0.88212 1.54338 3.61740 8.47098 11.69261 8.26019 2.56948 0.35883 0.19778 0.16412 1.76122 6.88614 18.23542 31.84091 28.36285 16.86085 8.41161 7.55687 19.66513 56.83226 63.82424 45.07678 25.59945 13.84426 9.03313 11.42774 15.99657 18.33514 16.35402 10.41961 9.68614 7.88682 2.94364 8.78236 22.69458 23.57953 10.04127 5.63644 9.88524 15.91906 16.11872 15.39567 18.37790 22.45839 21.75306 15.49422 8.39430 11.88601 15.79259 17.20179 17.29840 14.18017 12.09257 13.25191 12.27735 11.42881 12.37955 17.76434
0.29899 0.48836 0.73078 2.22496 7.09740 16.31348 19.21547 11.39630 4.09071 1.46013 1.17681 0.09638 0.05223 0.93048 5.85720 7.33220 4.35594 1.32166 1.53234 3.80072 8.30765 27.91670 44.10329 36.11715 19.97614 9.28109 5.56103 7.58289 12.35218 14.78639 10.50340 4.86544 8.99870 12.23392 7.49094 11.38723 19.60382 21.58827 7.50798 5.35821 12.34140 16.70444 11.06568 8.89514 12.85909 15.09872 11.34955 9.83750 9.66791 9.32268 11.55311 13.60600 11.21770 7.55562 8.42080 10.24253 8.96914 7.37997 7.99592 10.61549
0.13120 0.25589 0.30003 1.75212 6.95127 14.95467 17.30659 11.01968 6.82182 5.41713 3.37433 1.16852 0.15478 0.00000 0.00000 0.00000 0.00000 0.00000 0.30679 2.82015 7.01444 13.04625 19.58931 18.94615 10.67247 5.32101 3.36494 4.75131 11.80132 15.12253 8.77384 8.18600 9.45640 10.91203 11.13384 15.45912 15.69746 8.93184 4.36467 6.67190 13.96404 20.38367 26.89404 18.94887 12.97703 6.90645 2.20025 3.18969 4.17777 5.10754 6.81126 6.76537 5.15094 5.79293 7.05613 8.90818 8.71197 5.51105 3.72559 5.28021
0.07765 0.50682 0.99102 2.56571 7.69092 12.23936 11.96725 7.89309 6.87973 7.46603 4.42638 1.09542 0.08907 0.09762 0.21526 0.00000 0.00000 0.00000 0.04743 1.31142 3.97366 6.86972 9.36222 8.60690 5.69693 3.53440 2.02935 2.23764 10.23276 24.22575 24.73867 20.08784 12.96077 8.83510 11.06554 22.98808 26.77151 13.38573 8.17950 10.92432 20.75055 35.47177 60.71889 71.94901 28.19961 4.38917 1.43684 2.61310 2.75530 3.07507 3.83165 3.67490 3.69295 4.83114 5.91307 8.57257 9.89812 6.20228 1.97512 2.86244
0.02905 1.61405 4.36850 9.01288 14.13076 17.17726 10.56588 4.97595 4.41665 4.56881 3.60903 1.21834 0.00000 0.86290 1.96297 1.42849 0.48883 0.41611 0.09352 0.48028 3.01485 5.91961 9.22346 6.72911 4.29560 3.42131 2.26936 2.91410 13.30964 45.41232 52.99242 33.42834 19.43251 10.91631 13.16395 20.62610 21.31032 12.04005 9.58898 17.40512 25.69255 33.81193 41.92868 25.84374 11.08421 4.26643 2.98788 4.21169 4.25104 3.82180 3.66660 3.02932 2.98061 3.67946 4.60407 7.01735 7.65533 5.74844 2.04171 2.19121
0.02642 3.25270 8.74716 14.10921 19.34329 20.54162 13.66311 6.41327 4.81566 4.13878 2.79490 0.59420 0.04518 0.51545 1.94409 2.69649 3.17414 2.89160 1.48271 0.99280 3.15068 5.59553 9.10352 7.29958 5.88306 5.75325 4.26133 3.63002 12.14955 35.19795 41.91315 29.01416 18.17463 12.45967 16.38154 13.87599 6.53453 4.61024 8.70611 23.25755 33.74708 31.51197 23.24334 9.57092 6.75218 5.86754 3.51908 4.70407 4.52784 3.62006 2.86194 2.31046 2.61087 2.65683 2.58288 4.16376 4.75182 4.16478 1.85138 1.24252
0.02634 1.30303 7.33260 12.61531 17.24135 20.18870 16.83044 9.82931 6.64470 4.42763 2.40826 1.22021 0.27661 0.36430 1.76486 4.38582 5.63189 5.33635 2.77459 2.49979 3.94944 4.03534 7.69571 13.20784 14.61688 12.45407 8.76578 5.33465 7.70131 16.44271 17.43170 13.30299 8.83923 10.98458 18.86707 13.38004 7.00166 7.26123 14.79346 22.52913 39.49637 41.00061 36.52681 32.01664 33.50870 27.83534 12.24873 5.91184 3.47216 2.28789 1.21354 1.36088 2.12702 2.38743 2.61241 2.85802 3.06921 2.49333 1.37402 1.15775
0.00000 0.16657 3.85050 7.29966 13.04694 20.27699 16.94074 11.27977 7.19092 4.10675 3.16042 2.73993 1.82081 0.80057 1.68058 4.86337 5.93866 5.99997 5.78897 6.75068 9.94386 10.51989 15.59970 28.94147 31.18954 21.37544 14.11396 10.12027 8.76285 9.12850 8.33673 7.75138 5.18319 8.97739 15.99480 12.06623 15.17972 24.65015 33.95744 38.36374 43.23384 47.72655 62.59405 72.88302 87.60789 61.43387 19.20034 5.82005 2.47509 1.75485 0.67748 0.64535 1.23013 1.66146 1.73979 1.62211 2.27249 2.49614 2.59684 3.61255
0.00000 0.07177 1.56418 2.86598 4.69381 5.30117 6.14323 6.19102 4.60009 3.70814 4.00352 7.16003 5.29981 2.42413 1.60884 2.05428 5.10071 7.65558 9.21213 13.02096 22.89356 23.87765 27.52693 42.69572 39.86422 27.39608 16.39106 10.78316 7.81915 7.25182 6.95051 8.12229 8.85801 8.74584 11.49273 18.11373 26.91781 35.59196 52.20078 58.23480 40.04264 68.24996 97.09155 108.33833 113.78040 90.43983 38.84542 8.82395 4.01626 2.95871 1.74010 0.86697 0.58702 0.85032 0.95088 0.87416 2.13414 3.68728 6.08374 9.26083
0.00000 0.00000 0.27080 0.84744 0.95529 0.59212 0.51569 1.96629 2.27936 4.32527 3.89615 4.29591 3.20932 1.69179 1.12751 1.76127 5.92448 12.17574 13.47832 15.52733 20.58570 18.88867 19.86044 29.83302 33.20503 24.62210 13.81592 7.50916 6.53200 6.28368 4.83761 5.00544 5.06111 4.55267 6.59161 16.59312 25.38281 25.38210 51.06104 77.62998 87.38360 112.62530 125.99279 91.21133 98.30564 102.32805 66.00379 17.99313 5.19586 4.34114 2.93415 1.57943 0.42858 0.52345 0.67805 1.02619 2.56877 5.06824 7.23823 9.17823
0.15115 0.00000 0.00000 0.00000 0.05267 0.52666 0.90987 1.52286 3.54587 9.38134 9.32442 6.97605 4.71494 1.43320 0.69770 1.33212 4.30039 9.55419 11.19019 10.61547 9.55786 8.25407 8.05344 11.29753 15.26274 14.29165 11.81745 11.18014 10.92004 6.15362 1.95289 1.01343 1.43173 1.06877 1.47532 4.19550 16.10793 26.53687 57.64620 108.45400 162.99696 -99999.00000 -99999.00000 97.50121 97.96947 98.65529 82.20788 31.83866 6.73362 4.95139 4.54479 2.13969 0.41844 0.36872 0.48407 0.73101 2.27918 5.11034 6.51037 7.06450
0.04372 0.00000 0.00000 0.00000 1.02437 3.28697 5.73478 7.48589 8.28066 14.70190 27.38622 28.38298 15.41400 6.73330 1.73280 1.26497 4.58280 6.48641 6.00264 5.95206 4.38237 3.36675 1.88847 3.14971 6.04432 7.67246 7.92402 11.11478 9.92406 4.20017 0.57510 0.00000 0.33394 0.48460 0.53027 -99999.00000 -99999.00000 -99999.00000 -99999.00000 -99999.00000 -99999.00000 -99999.00000 -99999.00000 109.43856 98.39433 85.02175 74.25504 44.89279 14.48536 5.93597 4.64329 1.75164 0.24878 0.13741 0.21560 0.52341 1.62508 3.03703 3.54357 3.76722
0.00000 0.00000 0.00000 0.70935 -99999.00000 10.78919 14.08050 10.56534 3.66310 8.82415 25.64226 29.77908 16.83712 6.54060 1.60861 1.40412 6.26970 10.76608 8.81917 6.82004 5.45382 3.26642 1.71407 2.39857 3.87978 4.22794 3.41538 4.38672 3.07134 1.09885 0.00000 0.00000 0.26505 0.75870 -99999.00000 -99999.00000 -99999.00000 -99999.00000 -99999.00000 -99999.00000 -99999.00000 -99999.00000 -99999.00000 -99999.00000 76.15125 64.21288 57.40405 48.90065 30.17496 10.86805 3.40710 0.99236 0.11330 0.10054 0.16417 0.35886 0.78076 1.13469 1.28165 1.29457
-99999.00000 -99999.00000 -99999.00000 -99999.00000 -99999.00000 14.38054 20.81425 12.60427 4.12994 5.73196 13.65553 16.06583 13.50259 7.37464 3.16889 2.88056 6.50268 12.68694 15.11534 12.27541 10.17690 7.06218 4.32947 4.30025 5.72112 5.07086 3.36413 3.12070 1.46313 1.00421 0.76713 0.93601 0.46403 0.59962 -99999.00000 -99999.00000 -99999.00000 -99999.00000 -99999.00000 -99999.00000 -99999.00000 -99999.00000 -99999.00000 -99999.00000 -99999.00000 49.37922 48.43252 47.45261 39.26022 17.51864 3.86413 0.64288 0.18476 0.26798 0.27562 0.25558 0.38602 0.49362 0.48242 0.48355
