DATA/RAW-RASTER/CPC/2017/20170619.asc
ncols			60
nrows			40
xllcorner		70.0
yllcorner		20.0
cellsize		0.5
NODATA_value	-99999
0.00000 0.00000 0.00000 0.00000 0.00000 0.00000 0.00000 0.00000 0.00000 0.00000 0.00000 0.00000 0.00000 0.00000 0.00000 0.00000 0.00000 0.00000 0.00000 0.00000 0.00000 0.00000 0.00000 0.00000 0.00000 0.00000 0.00000 0.00000 0.00000 0.00000 0.00000 0.00000 0.00000 0.00000 0.00000 0.00000 0.00000 0.00000 0.00000 0.00000 0.00000 0.00000 0.00000 0.00000 0.00000 0.00000 0.00000 0.00000 0.00000 0.00000 0.00000 0.03278 0.07857 0.05694 0.06128 0.09697 0.06354 0.13451 0.52656 1.26712
0.00000 0.00000 0.00000 0.00000 0.00000 0.00000 0.00000 0.00000 0.00000 0.00000 0.00000 0.00000 0.00000 0.00000 0.00000 0.00000 0.00000 0.00000 0.00000 0.00000 0.00000 0.00000 0.00000 0.00000 0.00000 0.00000 0.00000 0.00000 0.00000 0.00000 0.00000 0.00000 0.00000 0.00000 0.00000 0.00000 0.00000 0.00000 0.00000 0.00000 0.00000 0.00000 0.00000 0.00000 0.00000 0.00000 0.00000 0.00000 0.00000 0.00000 0.00000 0.00000 0.00000 0.00000 0.00000 0.15807 0.40541 0.83721 1.52104 2.28401
0.00000 0.00000 0.00000 0.00000 0.00000 0.00000 0.00000 0.00000 0.00000 0.00000 0.00000 0.00000 0.00000 0.00000 0.00000 0.00000 0.00000 0.00000 0.00000 0.00000 0.00000 0.00000 0.00000 0.00000 0.00000 0.00000 0.00000 0.00000 0.00000 0.00000 0.00000 0.00000 0.00000 0.00000 0.00000 0.00000 0.00000 0.00000 0.00000 0.00000 0.00000 0.00000 0.00000 0.00000 0.00000 0.00000 0.00000 0.00000 0.00000 0.00000 0.00000 0.00000 0.00000 0.00000 0.00000 0.23546 0.95268 2.25224 3.89813 4.16842
0.00000 0.00000 0.00000 0.00000 0.00000 0.00000 0.00000 0.00000 0.00000 0.00000 0.00000 0.00000 0.00000 0.00000 0.00000 0.00000 0.00000 0.00000 0.00000 0.00000 0.00000 0.00000 0.00000 0.00000 0.00000 0.00000 0.00000 0.00000 0.00000 0.00000 0.00000 0.00000 0.00000 0.00000 0.00000 0.00000 0.00000 0.00000 0.00000 0.00000 0.00000 0.00000 0.00000 0.00000 0.00000 0.00000 0.00000 0.00000 0.00000 0.00000 0.00000 0.00000 0.00000 0.00000 0.07508 0.34732 1.09169 2.29073 3.70879 4.44097
0.00000 0.00000 0.00000 0.00000 0.00000 0.00000 0.00000 0.00000 0.00000 0.00000 0.00000 0.00000 0.00000 0.00000 0.00000 0.00000 0.00000 0.00000 0.00000 0.00000 0.00000 0.00000 0.00000 0.00000 0.00000 0.00000 0.00000 0.00000 0.00000 0.00000 0.00000 0.00000 0.00000 0.00000 0.00000 0.00000 0.00000 0.00000 0.00000 0.00000 0.00000 0.00000 0.00000 0.00000 0.00000 0.00000 0.00000 0.00000 0.00000 0.00000 0.00000 0.00000 0.03242 0.04473 0.07675 0.33594 0.93487 1.77434 2.51218 2.87762
0.00000 0.00000 0.00000 0.00000 0.00000 0.00000 0.00000 0.00000 0.00000 0.00000 0.00000 0.00000 0.00000 0.00000 0.00000 0.00000 0.00000 0.00000 0.00000 0.00000 0.00000 0.00000 0.00000 0.00000 0.00000 0.00000 0.00000 0.00000 0.00000 0.00000 0.00000 0.00000 0.00000 0.00000 0.00000 0.00000 0.00000 0.00000 0.00000 0.00000 0.00000 0.00000 0.00000 0.00000 0.00000 0.00000 0.00000 0.03500 0.03395 0.02361 0.00000 0.05341 0.09507 0.11593 0.13595 0.43889 1.14620 1.75591 2.07547 2.17905
0.00000 0.00000 0.00000 0.00000 0.00000 0.00000 0.00000 0.00000 0.00000 0.06633 0.15988 0.11887 0.09550 0.00000 0.00000 0.00000 0.00000 0.00000 0.00000 0.00000 0.00000 0.00000 0.00000 0.00000 0.00000 0.00000 0.00000 0.00000 0.00000 0.00000 0.00000 0.00000 0.00000 0.00000 0.00000 0.00000 0.00000 0.00000 0.00000 0.00000 0.00000 0.00000 0.00000 0.00000 0.00000 0.00000 0.03372 0.05967 0.07455 0.08042 0.08060 0.10119 0.18009 0.33042 0.63596 1.16132 1.67839 1.97734 2.18516 2.14172
0.00000 0.00000 0.00000 0.00000 0.00000 0.00000 0.00000 0.08557 0.19984 0.88126 1.51058 1.59026 1.24420 0.63681 0.25052 0.09102 0.02710 0.00000 0.00000 0.00000 0.00000 0.00000 0.00000 0.02162 0.03344 0.04796 0.05551 0.04294 0.04511 0.00000 0.00000 0.00000 0.00000 0.00000 0.00000 0.00000 0.00000 0.00000 0.00000 0.00000 0.00000 0.00000 0.00000 0.00000 0.00000 0.00000 0.00000 0.05160 0.08628 0.09986 0.10981 0.15355 0.30108 0.58585 1.04414 1.61139 2.27663 2.44248 2.05305 2.06900
0.00000 0.00000 0.00000 0.00000 0.04397 0.11213 0.19985 0.50437 1.06241 1.92674 2.84235 3.32303 3.15421 2.38700 1.24168 0.47422 0.16775 0.05394 0.05177 0.05532 0.06240 0.07570 0.09650 0.12438 0.15861 0.19632 0.23615 0.26861 0.27457 0.21082 0.06005 0.03663 0.08559 0.06829 0.03088 0.00000 0.00000 0.00000 0.00000 0.00000 0.00000 0.00000 0.00000 0.00000 0.00000 0.00000 0.00000 0.00000 0.07135 0.11499 0.16083 0.25511 0.51005 1.07136 1.63738 1.84810 2.06942 2.11059 2.02119 2.17564
0.00000 0.00000 0.04458 0.06429 0.23476 0.39802 0.50155 0.72322 1.57673 3.22708 3.79598 3.75387 3.81119 3.78587 3.23441 2.03475 0.80319 0.34856 0.37573 0.41614 0.45999 0.50711 0.56310 0.62846 0.68767 0.74077 0.78815 0.81922 0.82623 0.85918 0.80536 0.68558 0.69152 0.64535 0.55172 0.08084 0.00000 0.00000 0.00000 0.00000 0.00000 0.00000 0.00000 0.00000 0.00000 0.00000 0.00000 0.00000 0.00000 0.08383 0.09687 0.22194 0.59160 1.08206 1.35091 1.29512 1.24066 1.33498 1.58168 1.85405
0.00000 0.03784 0.17380 0.34566 0.65635 0.85938 0.84092 1.37142 2.91292 6.14155 6.55597 4.11378 3.44063 3.26823 3.11847 2.89701 1.70687 1.04078 1.17518 1.27806 1.37624 1.48290 1.58613 1.76738 1.89063 1.87278 1.85628 1.79869 1.79910 1.87417 2.12952 2.13630 2.06439 2.04391 1.86384 1.67264 1.23057 0.59729 0.19892 0.02552 0.00000 0.00000 0.00000 0.00000 0.00000 0.00000 0.00000 0.00000 0.00000 0.00000 0.00000 0.00000 0.08032 0.51610 0.86175 0.86876 0.81414 0.93406 1.08783 1.39057
0.00000 0.06392 0.22454 0.47159 0.78825 1.41836 1.96261 1.92626 2.57651 6.51779 8.28934 5.02058 3.30215 2.66813 2.23836 1.88252 1.52398 1.43197 1.67135 1.80427 1.86394 1.88412 1.89670 2.08839 2.43084 2.56452 2.57363 2.57867 2.67675 2.86825 3.25343 3.44932 3.26028 3.12171 3.05441 2.91209 2.37648 1.65615 0.95304 0.21275 0.00000 0.00000 0.00000 0.00000 0.00000 0.00000 0.00000 0.00000 0.00000 0.00000 0.00000 0.00000 0.00000 0.02775 0.48376 0.71753 0.71112 0.60906 0.45495 0.57062
0.00000 0.05670 0.20303 0.55653 0.88706 1.31832 2.77498 3.98614 4.03858 4.68539 6.31408 5.90882 3.41390 2.04721 1.56430 1.35749 1.26418 1.45990 1.78053 1.91799 1.95430 1.97030 2.03259 2.24150 2.60788 2.83149 2.96390 3.03783 3.10532 3.53050 3.90425 3.93224 4.02517 4.11466 4.26546 4.08425 3.38586 2.64942 1.83840 0.82670 0.07194 0.00000 0.00000 0.00000 0.00000 0.00000 0.00000 0.00000 0.00000 0.00000 0.00000 0.00000 0.00000 0.08505 0.24536 0.39447 0.29051 0.23955 0.18706 0.18529
0.00000 0.02400 0.08671 0.56042 1.36491 2.65671 5.38817 8.61901 7.28992 6.49632 6.65600 5.07792 3.37698 2.09732 1.64899 1.04091 1.07803 1.53364 1.90925 1.98839 1.99588 2.02233 2.14832 2.37143 2.65802 2.91135 3.14606 3.15810 3.39788 3.86423 4.35801 4.59613 4.93770 5.20089 5.41165 5.28177 4.51837 3.50952 2.35865 1.35986 0.64116 0.10410 0.00000 0.00000 0.00000 0.00000 0.00000 0.00000 0.00000 0.00000 0.00000 0.00000 0.06264 0.11844 0.14931 0.25836 0.32437 0.35005 0.54556 0.76258
0.00000 0.00000 0.00000 0.43832 1.26079 3.18894 7.43738 10.60716 9.28139 6.47069 6.44445 5.17886 2.92309 1.79746 1.79344 1.44059 1.78278 2.01933 2.21000 2.03907 2.01925 2.06588 2.17535 2.37855 2.61421 2.83184 3.01545 3.10341 3.41944 3.89118 4.25111 4.90411 5.40699 5.83066 6.35784 6.26128 5.59644 4.29787 2.79422 1.56682 0.79922 0.29712 0.00000 0.00000 0.00000 0.00000 0.00000 0.00000 0.00000 0.00000 0.00000 0.00000 0.18201 0.30287 0.34587 0.47061 0.54284 0.76209 1.28184 2.00240
0.00000 0.00000 0.03243 0.27998 0.49555 1.26392 4.74545 9.66948 11.50189 11.46952 11.71720 8.48374 3.56835 3.23335 4.17279 5.12750 2.96992 2.32850 2.56343 2.28160 2.07925 2.05614 2.12187 2.32169 2.61371 2.80680 2.86564 2.82733 3.23355 3.61895 4.05227 5.14891 5.81992 6.61220 7.50182 7.40797 6.64373 5.05739 3.06512 1.47238 0.76829 0.54750 0.11195 0.00000 0.00000 0.00000 0.00000 0.00000 0.00000 0.00000 0.09874 0.33848 0.79195 1.13514 1.27490 1.06351 0.66758 0.73073 1.58636 2.63236
0.06440 0.07287 0.18242 0.43667 0.54241 1.13836 3.98527 9.39704 13.54475 17.07274 16.96280 15.42214 12.68825 10.99202 6.22692 8.91041 5.77415 2.97914 2.71877 2.58127 2.26341 2.00208 1.96651 2.07689 2.28309 2.37760 2.43758 2.63849 2.98392 3.26629 4.07295 5.52947 6.23568 6.91927 7.23348 7.37329 7.21855 5.91858 3.50873 1.24392 0.64940 1.11331 1.14876 0.41000 0.09709 0.11352 0.03540 0.00000 0.02122 0.27021 0.46545 0.74642 1.52699 2.42256 2.74933 1.90834 0.73620 0.56782 1.64160 2.79626
0.29161 0.51182 0.81337 1.30056 1.78960 2.49626 4.46417 8.69617 12.66066 15.08810 16.64143 17.94056 18.65908 17.47153 10.23919 16.77916 15.11838 6.13818 3.23589 2.26827 1.86220 1.61124 1.48041 1.54102 1.69984 1.81760 2.08101 2.39022 2.46970 2.88870 3.47041 5.01599 6.59553 7.61513 7.90872 8.19075 8.16481 7.21858 5.10178 2.02749 1.49603 3.38246 4.02584 2.13951 1.14740 1.23960 1.03621 0.53853 0.46304 0.66414 0.67124 0.88764 1.96549 3.21759 3.67267 2.92128 1.64695 1.31666 1.99974 2.93085
0.92571 1.49852 1.81254 2.45827 3.24522 3.35029 3.54336 4.67122 7.54772 11.64305 15.36833 19.23721 19.91974 25.35776 34.94685 53.35597 45.60359 12.36443 4.17750 2.12620 1.01537 0.76133 0.90020 1.13056 1.54402 1.96754 2.30280 2.65618 2.77847 2.59477 2.72067 3.46227 5.39051 7.11796 8.27344 9.05141 8.73727 8.43380 7.85582 6.56462 8.15012 14.08789 16.79168 13.08439 8.52118 5.91894 3.89273 2.64650 1.88161 1.74279 1.27553 1.27604 2.27615 3.65833 3.87909 3.16928 2.43988 2.25597 2.74373 3.45115
1.78648 2.93947 2.86380 4.12048 5.22863 3.82031 2.41837 1.85518 3.42111 9.36898 15.73044 18.54442 16.05501 11.62753 32.19315 77.83127 65.01757 10.29558 5.02182 2.68475 0.63363 0.47477 0.87658 1.61958 2.27529 2.87960 3.29533 3.19771 3.36035 3.38091 2.50168 2.01683 3.29414 5.18822 7.89794 10.66234 12.02206 12.55727 13.71166 15.88912 23.89041 32.86840 35.96646 33.85686 25.14285 14.50861 7.77470 4.68790 4.19115 3.83573 3.23842 2.63147 2.68637 3.27505 3.25908 3.01265 2.64710 2.36575 3.02934 4.94918
2.53888 5.22807 7.50974 10.21726 9.55816 5.75564 2.76923 1.32931 2.64985 10.07092 19.70413 21.57616 16.72791 9.54514 14.95148 29.96525 22.62819 8.09310 3.77958 2.36458 0.90583 0.84323 2.38391 4.15267 4.23976 3.89245 4.12781 5.00290 5.85080 5.12599 2.92944 1.49202 1.68437 2.59531 5.30412 10.12971 15.58935 18.43856 18.84967 22.42874 31.30421 39.86623 42.22194 39.35180 30.38569 16.82804 8.10335 4.96044 5.31239 4.74557 4.46819 4.02800 3.39063 3.28283 2.62631 2.99458 3.01195 3.13064 4.91003 8.74858
2.19380 4.74302 9.68708 14.42747 13.78965 9.23491 4.42886 2.46345 4.05100 10.57623 21.81454 29.86588 22.41170 15.86250 21.28539 28.54675 16.69264 8.12276 4.38735 2.94318 3.42506 2.93596 5.28529 6.18513 7.96953 9.58706 7.80610 7.39389 6.08454 4.83749 2.79065 1.16494 0.62991 0.86479 2.31567 6.68885 14.10980 19.32630 18.54827 20.30195 27.62589 33.86864 35.32196 28.89690 18.69990 10.84265 6.78279 5.62544 5.17306 6.10914 5.61076 5.02619 4.87766 4.39755 3.66965 3.68673 4.40083 5.27780 8.23649 14.79725
0.48420 1.40651 5.56169 10.80256 12.02116 7.78192 3.55526 2.09285 1.53813 5.55013 10.63803 15.87821 15.88020 14.62059 21.99870 28.70239 18.49825 10.45015 7.99975 10.72571 15.79808 13.39219 9.37650 8.27050 12.01765 16.19713 17.65687 15.22495 10.09795 5.58013 2.74014 0.85605 0.08134 0.04749 0.82904 4.00932 10.46829 14.95066 14.80209 15.92122 21.32234 24.80482 22.93648 14.30568 7.43253 5.37355 5.10274 5.27708 7.45336 12.16107 12.18898 11.44870 6.45308 5.62523 5.48060 5.68909 5.84097 5.98384 8.42251 15.37641
0.05385 0.69399 2.76227 5.89522 6.41062 3.18964 0.93252 0.10188 0.00000 0.47414 0.60624 1.69133 4.88190 8.62249 14.13879 17.39865 14.92031 12.86772 15.95800 29.51303 34.62339 23.42507 11.91189 8.29846 12.17991 19.94662 25.01704 22.81016 18.06989 9.09549 2.33076 0.14533 0.11050 0.48977 1.40096 3.92143 8.17886 9.92784 8.98881 11.58370 14.99457 14.63565 10.84440 6.73011 4.18981 3.97062 7.12390 9.94862 11.77226 15.32516 20.66039 21.57984 14.50741 7.94313 8.10645 8.17994 8.37615 6.90084 7.34848 13.37507
0.00000 0.34631 1.12974 1.85989 1.49769 0.92543 0.02617 0.00000 0.00000 0.00000 0.00000 0.00000 0.75712 4.29795 6.68607 7.23601 7.85432 11.52857 21.10540 35.10749 30.22008 16.88380 6.85359 4.16229 11.34238 23.62079 31.72090 28.54793 18.89693 8.09464 1.63252 0.14945 1.04030 3.78238 5.46905 7.00893 16.31620 12.45252 9.36015 13.92762 13.49543 9.31901 4.39746 3.28202 3.40367 5.78853 8.07069 7.32056 6.68498 7.66849 11.52715 14.38223 14.83693 8.85060 9.40559 12.53059 13.58388 13.22440 9.02995 11.78957
0.00000 0.00000 0.00000 0.00000 0.00000 0.02523 0.00000 0.00000 0.00000 0.00000 0.00000 0.00000 0.07806 1.59261 2.45127 1.49238 2.29008 6.05251 11.80382 13.66729 9.12085 5.77917 2.87941 2.67733 8.91099 20.03324 28.93370 26.80689 16.40292 5.31683 1.31199 0.74053 2.62290 11.61753 23.38311 21.57221 44.99858 39.41514 37.62127 34.22531 27.31367 9.27401 0.22545 0.34984 2.79722 2.73550 2.04985 2.45277 1.74877 1.42200 2.53744 5.36861 7.61099 9.28063 10.75499 13.68110 13.74347 13.16123 10.87865 15.31662
0.00000 0.00000 0.00000 0.00000 0.00000 0.00000 0.00000 0.00000 0.00000 0.00000 0.00000 0.10102 0.69005 1.89190 2.50817 2.36208 2.75184 4.20076 4.81484 4.28877 2.63704 1.04768 0.63761 2.12235 6.75121 12.23410 15.18303 14.92078 10.29133 4.05406 1.50225 0.69672 5.46704 18.04934 35.22062 38.75705 39.77465 73.82554 86.07574 74.23502 44.68266 12.24437 0.00000 0.00000 1.00891 0.21224 0.00000 0.09110 0.08184 0.19270 1.25763 2.89276 4.84070 6.49867 8.47091 11.12785 10.96465 10.65381 11.52478 15.54171
0.00000 0.00000 0.00000 0.00000 0.00000 0.00000 0.00000 0.00000 0.00000 0.00000 0.00000 0.73458 2.12033 3.87244 5.01056 5.52802 5.53793 4.46581 1.95614 0.45250 0.31058 0.22179 0.03969 0.69797 4.29442 6.72164 8.36313 7.54409 4.92218 1.71319 0.11481 0.02418 1.75492 7.40237 15.96338 33.79756 55.38769 85.46407 94.32536 83.68454 40.53061 8.40965 0.06192 0.00000 0.03556 0.00000 0.00000 0.00000 0.06268 0.14046 0.37887 1.77578 3.20103 4.36681 6.66537 8.57205 7.87364 7.05042 8.17710 10.59218
0.00000 0.00000 0.00000 0.00000 0.00000 0.00000 0.00000 0.00000 0.00000 0.00000 0.04451 1.09645 3.25244 5.90915 8.29106 9.58387 9.32192 6.19915 2.02298 0.00000 0.17965 0.58142 0.91687 1.73334 2.79891 3.36404 4.70046 2.75953 1.94694 0.86187 0.41556 0.75263 1.37842 3.21255 7.88275 26.05590 68.53974 82.94794 42.50488 52.90031 44.75332 22.76835 9.64536 2.60100 1.15378 0.05919 0.00000 0.12731 0.34744 0.36962 0.52740 1.37986 3.04421 5.52914 6.86502 7.53298 6.89033 4.92503 4.11479 6.62889
0.05295 0.00000 0.00000 0.00000 0.00000 0.00000 0.00000 0.00000 0.00000 0.00000 0.06907 0.50454 2.32361 5.14597 8.90505 11.64603 7.86756 3.85756 1.26328 0.03536 0.59089 1.41756 2.27450 2.58723 3.31822 5.91570 6.59725 1.83652 1.48795 2.09644 2.07799 2.23024 3.10920 5.08067 6.22539 16.86895 42.10101 62.69850 55.46047 63.04608 73.59389 68.81097 35.88642 11.91862 4.69427 0.51102 0.00000 0.24944 0.28544 0.29725 0.59557 1.93922 4.60977 7.94613 8.34186 8.58269 7.35905 4.56561 2.14405 4.04645
0.19451 0.04198 0.00000 0.00000 0.00000 0.00000 0.00000 0.00000 0.00000 0.00000 0.00000 0.15853 1.09747 2.17355 3.02824 5.77001 5.38204 2.17645 1.05120 0.65164 1.39910 2.55489 3.81184 2.44038 2.62011 5.31577 4.94237 2.38533 1.89132 3.98682 4.68173 4.05014 7.96815 11.54487 16.32190 21.92089 25.10162 29.56061 49.17620 70.44185 91.58361 87.26101 52.46732 15.29274 7.28548 4.65988 1.75382 0.63661 0.33684 0.38098 1.24006 3.34544 7.19228 10.37161 11.53221 12.99884 9.15685 5.68823 2.55122 3.78796
0.26373 0.00000 0.00000 0.00000 0.00000 0.00000 0.00000 0.00000 0.00000 0.00000 0.00000 0.00000 0.00000 0.08662 1.56075 4.53647 4.58166 2.13500 2.57792 2.59470 2.17188 2.61278 3.51284 1.76891 1.46222 2.80875 2.60827 1.00002 1.32572 3.27904 4.98876 9.00282 19.36238 32.12035 45.24474 47.25132 42.83471 17.33318 22.83120 50.89036 58.45129 51.85980 41.65264 17.41806 12.62424 7.23184 3.04286 2.01108 1.12963 0.83826 2.21745 4.89148 9.28892 11.51667 11.96845 17.96572 14.06625 7.94503 3.13602 3.36065
0.02756 0.00000 0.00000 0.00000 0.00000 0.00000 0.00000 0.00000 0.00000 0.00000 0.00000 0.00000 0.00000 0.26057 3.51730 11.29529 9.13822 2.83677 3.66003 3.34379 1.83782 1.24742 1.74821 2.14247 2.03559 1.73418 0.69253 0.25702 0.49231 1.67180 3.62043 12.02950 29.24807 49.42614 64.73191 57.38340 41.54285 27.23755 18.46128 20.04888 20.87672 33.76072 44.63512 30.56540 19.18578 9.85340 7.01058 5.04700 3.11811 1.81236 2.19446 4.63458 9.72010 12.90648 14.98956 16.31657 13.75029 6.73855 1.93987 2.41686
0.00000 0.00000 0.00000 0.00000 0.00000 0.00000 0.00000 0.00000 0.00000 0.00000 0.00000 0.00000 0.00000 0.25476 2.92820 15.50143 12.36401 4.18854 1.82376 1.19864 0.92054 0.76683 1.66518 3.28752 3.31568 1.62571 0.30878 0.00000 0.28471 1.58397 3.56723 16.58134 35.10291 49.76841 60.69753 56.97999 35.96369 21.65981 13.67592 22.76812 46.52459 55.01867 44.58529 42.39382 37.16759 23.02167 14.07231 7.49507 3.57774 1.56816 0.98432 2.69046 6.77161 9.93166 10.39175 9.11695 9.16733 5.24237 2.47765 3.39216
0.00000 0.00000 0.00000 0.00000 0.00000 0.00000 0.00000 0.00000 0.00000 0.00000 0.00000 0.00000 0.00000 0.17075 1.75474 3.63040 3.92875 0.43596 0.06597 0.40249 1.21015 1.50785 2.57422 4.68047 4.22145 2.26445 0.66108 0.24145 0.39251 2.89334 9.10095 22.54746 35.40175 49.73057 60.34190 39.33167 31.83178 32.21006 22.70032 39.35511 89.33700 63.32771 62.86384 60.27537 45.86382 36.37595 24.25499 6.92084 1.80299 1.06651 1.21672 2.21472 4.03245 5.60442 5.59321 4.20189 5.69590 4.98304 5.28041 7.36443
0.00000 0.00000 0.00000 0.00000 0.00000 0.00000 0.00000 0.00000 0.00000 0.00000 0.00000 0.00000 0.00000 0.00000 0.74105 1.18362 0.39847 0.00000 0.00000 0.05643 0.63923 0.52173 1.59948 3.11300 3.55871 2.54448 1.39237 0.55116 0.62794 1.65686 6.56180 16.45609 26.56546 39.26107 53.86265 34.20001 32.27903 50.95783 45.31894 60.37170 73.19659 56.93232 50.53338 39.49530 37.01692 40.38117 31.85785 9.96688 2.08648 1.65133 1.47741 2.60287 3.51069 3.75859 3.70275 3.53361 4.38703 5.07032 5.48925 6.16395
0.00000 0.00000 0.00000 0.00000 0.00000 0.00000 0.00000 0.00000 0.00000 0.00000 0.00000 0.00000 0.00000 0.00000 0.56097 1.27621 0.96247 0.04767 0.00000 0.00000 0.00000 0.02138 0.47107 1.15874 1.73226 2.05499 2.48898 2.80970 2.14990 1.72882 1.11917 6.13877 13.74124 17.39506 23.79532 34.58237 40.76216 53.27687 57.28654 76.05869 97.57006 -99999.00000 -99999.00000 42.10957 45.92599 42.99780 35.45875 14.26220 3.09237 2.45550 2.57119 2.93373 3.02384 2.84207 2.66745 2.30614 3.09490 4.24920 3.93786 3.45417
0.00000 0.00000 0.00000 0.00000 0.00000 0.00000 0.00000 0.00000 0.00000 0.09150 0.00000 0.00000 0.00000 0.00000 0.05529 0.11029 0.20406 0.00000 0.00000 0.00000 0.00000 0.27329 0.60680 0.15750 0.50360 1.43498 2.44636 4.14725 3.50871 1.30031 0.21327 0.44694 2.45531 3.37304 10.04611 -99999.00000 -99999.00000 -99999.00000 -99999.00000 -99999.00000 -99999.00000 -99999.00000 -99999.00000 64.59863 52.85806 36.83893 30.30927 18.34228 6.39002 3.17013 3.04445 2.48683 2.20673 2.08112 2.13213 2.41705 2.59047 2.36468 1.81769 1.40497
0.00000 0.00000 0.00000 0.00000 -99999.00000 0.00000 0.00000 0.00000 0.05363 0.76545 1.58735 1.14775 0.17979 0.00000 0.00000 0.00000 0.00000 0.00000 0.00000 0.00000 0.00000 0.32802 0.56882 0.05081 0.00000 0.39736 0.96849 1.53647 1.14113 0.38572 0.00000 0.00000 0.00000 0.20130 -99999.00000 -99999.00000 -99999.00000 -99999.00000 -99999.00000 -99999.00000 -99999.00000 -99999.00000 -99999.00000 -99999.00000 26.23867 21.61456 20.91082 18.76363 12.17706 5.04190 2.53904 2.00381 1.86057 2.45387 3.91495 4.22318 3.05898 1.55057 0.38324 0.29644
-99999.00000 -99999.00000 -99999.00000 -99999.00000 -99999.00000 0.32002 0.09001 0.00000 0.50899 2.64458 6.57201 5.19834 2.10379 1.02068 0.30920 0.00000 0.00000 0.00000 0.00000 0.00000 0.00000 0.12187 0.36129 0.05208 0.00000 0.00000 0.09936 0.23314 0.04576 0.00000 0.03068 0.06944 0.00000 0.00000 -99999.00000 -99999.00000 -99999.00000 -99999.00000 -99999.00000 -99999.00000 -99999.00000 -99999.00000 -99999.00000 -99999.00000 -99999.00000 15.73503 16.23910 16.81717 14.58152 7.66568 3.34566 2.24535 2.54062 4.73279 5.96500 4.97873 3.51618 1.55168 0.00000 0.00000
