DATA/RAW-RASTER/CPC/2017/20170818.asc
ncols			60
nrows			40
xllcorner		70.0
yllcorner		20.0
cellsize		0.5
NODATA_value	-99999
0.00000 0.00000 0.00000 0.00000 0.00000 0.00000 0.00000 0.00000 0.00000 0.00000 0.00000 0.00000 0.00000 0.00000 0.00000 0.00000 0.00000 0.00000 0.00000 0.00000 0.00000 0.04972 0.23254 0.69317 1.71575 3.41869 5.18629 6.16016 5.79767 4.18325 2.71052 2.14804 2.08951 2.16667 2.03304 1.73212 1.41048 1.21750 1.11202 0.99085 0.81737 0.64888 0.39062 0.23337 0.17969 0.06238 0.00000 0.00000 0.00000 0.00000 0.00000 0.12121 0.39414 0.77451 1.94938 4.20121 5.13872 4.90716 4.58249 3.91677
0.00000 0.00000 0.00000 0.00000 0.00000 0.00000 0.00000 0.00000 0.00000 0.00000 0.00000 0.00000 0.00000 0.00000 0.00000 0.00000 0.00000 0.00000 0.00000 0.00000 0.00000 0.00000 0.09556 0.55325 1.15657 2.11016 3.30006 4.39395 4.45387 3.34975 2.14968 1.59834 1.24815 0.99600 0.67642 0.36824 0.22117 0.27407 0.38815 0.50340 0.59447 0.61912 0.52857 0.34674 0.14026 0.03815 0.00000 0.00000 0.00000 0.00000 0.02681 0.15849 0.72134 1.82633 4.29848 7.75625 10.18899 8.51440 5.49351 3.79049
0.00000 0.00000 0.00000 0.00000 0.00000 0.00000 0.00000 0.00000 0.00000 0.00000 0.00000 0.00000 0.00000 0.00000 0.00000 0.00000 0.00000 0.00000 0.00000 0.00000 0.00000 0.00000 0.00000 0.14482 0.65510 1.28152 2.12144 2.93490 3.25866 2.21660 1.46867 0.97443 0.63723 0.41105 0.21633 0.08036 0.03337 0.09616 0.26251 0.48277 0.61052 0.62598 0.55839 0.41579 0.19082 0.04858 0.00000 0.00000 0.00000 0.13716 0.33158 0.48777 0.83257 1.93499 4.00451 6.07728 7.77826 8.81027 7.20193 4.83765
0.00000 0.00000 0.00000 0.00000 0.00000 0.00000 0.00000 0.00000 0.00000 0.00000 0.00000 0.00000 0.00000 0.00000 0.00000 0.00000 0.00000 0.00000 0.00000 0.00000 0.00000 0.00000 0.00000 0.00000 0.04576 0.56758 1.14845 1.66361 1.60295 0.85062 0.86964 0.54222 0.34231 0.21527 0.11824 0.06169 0.05500 0.12622 0.31236 0.50461 0.57361 0.58729 0.55568 0.45136 0.26007 0.09934 0.04785 0.00000 0.08255 0.33597 0.47786 0.54581 0.63236 0.81695 1.48347 2.43564 3.24840 4.04532 4.31139 4.16003
0.00000 0.00000 0.00000 0.00000 0.00000 0.00000 0.00000 0.00000 0.00000 0.00000 0.00000 0.00000 0.00000 0.00000 0.00000 0.00000 0.00000 0.00000 0.00000 0.00000 0.00000 0.00000 0.00000 0.00000 0.00000 0.06711 0.41705 0.73812 0.42584 0.47493 0.43231 0.32958 0.23535 0.15536 0.09957 0.07702 0.10288 0.20822 0.40341 0.55791 0.63586 0.64814 0.61786 0.55093 0.43101 0.31829 0.23614 0.18812 0.23698 0.34399 0.45018 0.47604 0.38071 0.03132 0.17394 0.24598 0.81796 1.25450 1.32485 1.21274
0.00000 0.00000 0.00000 0.00000 0.00000 0.00000 0.00000 0.00000 0.00000 0.00000 0.00000 0.00000 0.00000 0.00000 0.00000 0.00000 0.00000 0.00000 0.00000 0.00000 0.00000 0.00000 0.00000 0.00000 0.00000 0.00000 0.00000 0.07782 0.22764 0.33297 0.31953 0.25226 0.18192 0.13017 0.10324 0.11145 0.17268 0.30804 0.49444 0.66288 0.75428 0.81783 0.88688 0.96096 0.97749 0.88696 0.67054 0.42867 0.26858 0.17813 0.22961 0.26880 0.12694 0.00000 0.00000 0.00000 0.17886 0.38490 0.31717 0.17037
0.00000 0.00000 0.00000 0.00000 0.00000 0.00000 0.00000 0.00000 0.00000 0.00000 0.00000 0.00000 0.00000 0.00000 0.00000 0.00000 0.00000 0.00000 0.00000 0.00000 0.00000 0.00000 0.00000 0.00000 0.00000 0.00000 0.00000 0.00000 0.11354 0.23362 0.24742 0.20073 0.15619 0.13008 0.13219 0.17344 0.28329 0.48533 0.73203 0.95354 1.16988 1.56510 2.12962 2.72986 2.80665 2.42087 1.66886 0.83956 0.31109 0.09202 0.03082 0.00000 0.00000 0.00000 0.06877 0.11005 0.14927 0.29412 0.22287 0.07060
0.00000 0.00000 0.00000 0.00000 0.00000 0.00000 0.00000 0.00000 0.00000 0.00000 0.00000 0.00000 0.00000 0.00000 0.00000 0.00000 0.00000 0.00000 0.00000 0.00000 0.00000 0.00000 0.00000 0.00000 0.00000 0.00000 0.00000 0.00000 0.02192 0.15432 0.19427 0.17287 0.15280 0.16941 0.20042 0.31300 0.55960 0.93796 1.38906 1.98419 2.98957 4.44984 6.50012 8.23983 7.42745 6.25279 4.67074 2.36319 0.80921 0.21092 0.12422 0.08123 0.11525 0.42724 0.50353 0.40528 0.49279 0.98365 1.09487 0.84690
0.00000 0.00000 0.00000 0.00000 0.00000 0.00000 0.00000 0.00000 0.00000 0.00000 0.00000 0.00000 0.00000 0.00000 0.00000 0.00000 0.00000 0.00000 0.00000 0.00000 0.00000 0.00000 0.00000 0.00000 0.00000 0.00000 0.00000 0.00000 0.00000 0.06256 0.12468 0.15431 0.17675 0.26873 0.42153 0.72349 1.27471 2.22240 3.35800 4.97103 6.98946 9.36462 11.43461 12.35095 11.96263 11.77307 10.85412 8.21890 3.72143 1.52807 1.07824 1.26990 1.65024 2.23138 2.82579 2.92984 3.36750 3.72279 3.42781 2.31406
0.34077 0.10922 0.00000 0.00000 0.00000 0.00000 0.00000 0.00000 0.00000 0.00000 0.00000 0.00000 0.00000 0.02785 0.00000 0.00000 0.03005 0.03300 0.00000 0.00000 0.00000 0.00000 0.00000 0.00000 0.00000 0.00000 0.00000 0.00000 0.00000 0.07494 0.19290 0.33455 0.36246 0.44315 0.78026 1.31100 3.53933 5.05075 6.28193 7.78692 9.15605 10.46073 11.33018 11.66323 11.89622 12.03454 12.03965 11.48520 9.36409 6.37130 5.29294 5.52974 5.89168 6.44167 7.12645 7.67917 8.16211 7.59234 6.60994 3.83331
1.89140 1.90300 0.74852 0.02230 0.00000 0.00000 0.00000 0.00000 0.00000 0.00000 0.00000 0.00000 0.03677 0.41866 0.60344 0.64984 0.59220 0.29621 0.11163 0.05606 0.02876 0.00000 0.00000 0.00000 0.00000 0.00000 0.00000 0.00000 0.09440 0.32062 0.75693 1.11165 1.40689 1.81806 2.15629 2.87298 4.66861 6.06531 7.36100 8.61870 9.50941 10.42342 10.80809 10.44261 10.62257 11.08213 11.39695 11.22503 10.12707 8.48276 8.18669 8.22632 8.13598 8.16200 8.67966 8.84772 8.76379 8.59712 6.90187 3.75489
5.18114 4.46672 3.07940 0.51983 0.00000 0.00000 0.00000 0.00000 0.00000 0.00000 0.00000 0.00000 0.22973 0.69984 1.08629 1.28910 1.49762 0.96889 0.25916 0.08035 0.03612 0.00000 0.00000 0.00000 0.00000 0.00000 0.00000 0.05086 0.21039 0.62803 1.34657 1.85471 2.23669 2.29750 2.47457 3.06765 3.82637 4.95698 6.61698 8.64610 10.12720 10.39743 10.18388 9.68159 9.34986 9.63367 10.50426 10.89589 9.82919 8.08468 7.97245 8.29108 8.18072 7.80029 8.22850 8.61282 7.92775 5.93937 3.16074 1.44735
10.12147 7.83425 5.14073 1.09297 0.00000 0.00000 0.00000 0.00000 0.00000 0.00000 0.00000 0.02920 1.07723 1.34722 1.64386 1.70507 1.55404 0.83426 0.22613 0.05663 0.02172 0.00000 0.00000 0.00000 0.00000 0.00000 0.00000 0.08453 0.32192 1.00478 1.87880 2.38715 2.57684 2.47182 2.54066 2.61451 2.72513 3.38097 4.80549 6.58963 9.08203 10.44085 10.83148 10.48655 9.76013 10.05528 11.01449 10.40691 8.68635 6.77535 6.33463 6.60334 6.43969 5.66290 5.32954 5.58738 4.98127 2.97173 0.97954 0.19805
8.41483 7.15139 4.76620 1.31637 0.00000 0.00000 0.00000 0.00000 0.00000 0.00000 0.00000 1.88090 5.02396 5.39422 4.67562 3.02048 1.92501 0.80431 0.18537 0.03347 0.00000 0.00000 0.00000 0.00000 0.00000 0.00000 0.00000 0.12793 0.51175 1.38509 2.46078 3.37669 3.29932 3.06533 2.83412 2.71441 2.54044 2.43693 2.64253 3.56388 5.57361 8.77159 11.49805 12.27835 12.99780 13.51112 14.00513 13.33259 9.26900 5.00345 3.16062 3.60519 4.07187 3.86009 3.61073 3.45540 3.00481 1.82221 0.68524 0.19475
4.21276 3.16568 1.98898 0.39471 0.00000 0.00000 0.00000 0.00000 0.00000 0.00000 1.62090 11.70759 20.51147 14.64697 7.33572 3.77279 2.32169 0.78197 0.18648 0.02749 0.00000 0.00000 0.00000 0.00000 0.03124 0.04202 0.00000 0.14591 0.66762 1.91654 3.20100 4.06022 3.81995 3.50204 3.34885 3.04070 2.68791 2.19277 1.78676 1.84347 2.87310 5.32535 8.72203 11.93899 16.01414 20.20591 22.86802 21.70824 15.75926 6.88698 2.33654 2.24988 2.90524 3.23257 3.17343 2.95073 2.19288 1.38475 0.71860 0.29677
0.97385 0.58405 0.34093 0.02493 0.00000 0.00000 0.00000 0.00000 0.00000 0.00000 5.73693 21.24201 32.58440 22.40706 8.67159 6.84588 2.39959 0.73693 0.30284 0.08652 0.02379 0.02077 0.02406 0.04913 0.08982 0.00000 0.00000 0.11534 0.76356 2.30043 4.31006 4.92142 4.45572 4.12758 4.12090 3.74723 3.18887 2.35320 1.46778 0.99923 1.45127 3.55646 6.80263 9.61611 13.52593 20.95775 29.61021 32.13371 26.37011 13.92282 5.67445 3.28163 2.83113 2.53487 2.31120 2.08287 1.80180 1.38012 0.80190 0.31029
0.07657 0.00000 0.00000 0.00000 0.00000 0.00000 0.00000 0.00000 0.00000 0.00000 4.43890 19.71170 29.72268 20.85496 6.89762 8.30953 3.45321 1.05023 0.64466 0.35999 0.19585 0.13514 0.12290 0.16255 0.11572 0.10821 0.32352 0.47543 0.87026 3.67531 5.62451 6.79169 5.48278 4.58210 4.09920 3.82081 3.51790 2.76550 1.60998 0.63324 0.80635 2.95604 6.32846 8.33381 10.42580 17.21207 29.18718 32.56891 27.83232 16.26461 6.98563 3.94825 2.58810 1.47184 1.06985 1.23798 1.55583 1.60405 0.96724 0.34212
0.00000 0.00000 0.00000 0.00000 0.00000 0.00000 0.00000 0.00000 0.00000 0.32635 3.38260 9.63807 17.18616 13.42574 8.07938 8.80538 6.51734 2.63985 1.44621 0.96340 0.67539 0.52265 0.40202 0.36868 0.29662 0.43333 0.57027 0.58301 1.49132 3.98604 6.68113 8.58551 8.02725 6.37313 5.15416 4.59486 4.20262 3.57387 2.53339 1.08371 1.24811 4.09851 7.63280 8.49739 9.58426 15.24189 24.30293 26.68940 21.23063 12.82983 5.76230 3.32478 2.01383 0.74064 0.34856 0.72072 1.32544 1.53085 1.08980 0.70041
0.00000 0.00000 0.00000 0.00000 0.00000 0.00000 0.00000 0.00000 0.00000 0.06843 0.84391 1.18847 1.41189 2.76901 8.56454 18.67327 18.92006 8.33220 4.19886 2.59542 1.21695 0.79362 0.58743 0.49796 0.54648 0.60740 0.67657 0.67528 1.28117 4.14105 8.32344 11.37457 12.21695 10.16427 7.81514 6.40644 5.24437 4.84159 4.86085 4.56147 6.34554 11.94530 16.19692 15.81100 14.26661 15.58252 17.86001 17.59620 13.14489 7.81482 4.01015 2.38551 1.54087 0.66881 0.35065 0.58123 1.09369 1.43583 1.46769 1.52969
0.00000 0.00000 0.00000 0.00000 0.00000 0.00000 0.00000 0.00000 0.00000 0.00000 0.00000 0.00000 0.00000 0.69172 7.97306 26.33003 25.95153 8.41980 8.66365 8.04161 2.71023 0.93433 0.62214 0.62745 0.71596 0.80425 0.78940 0.63995 0.93595 4.32917 9.86928 15.75855 19.22773 17.69202 15.18965 12.97813 11.64166 11.42580 12.54348 13.98438 20.04777 26.99963 29.33568 28.40073 22.93068 16.07131 10.92254 6.80954 4.28475 2.95193 2.36027 1.86423 1.17215 0.67794 0.52310 0.73956 1.12847 1.40397 1.73897 2.50968
0.00000 0.00000 0.00000 0.00000 0.00000 0.00000 0.00000 0.00000 0.00000 0.00000 0.00000 0.00000 0.00000 0.00000 2.25031 7.27647 7.59873 7.14942 10.39248 12.64901 4.84354 1.37589 1.00123 1.13297 1.05338 0.86178 0.72810 0.59298 1.02089 3.72010 9.40214 17.29701 23.01848 25.44703 24.67320 22.19735 22.04512 22.64902 21.78435 22.68145 27.97095 33.68624 34.77299 32.53442 26.18335 15.02556 6.37859 2.34285 0.84224 0.46536 0.74149 0.84009 0.70190 0.64805 0.51606 0.78892 1.09159 1.44462 2.25992 3.88418
0.00000 0.00000 0.00000 0.00000 0.00000 0.00000 0.00000 0.00000 0.00000 0.00000 0.00000 0.00000 0.00000 0.51272 2.09787 2.31541 3.79009 7.75842 13.66075 13.10512 7.15280 1.94960 1.16021 1.10596 1.72475 1.65814 0.85688 0.48640 0.75439 2.04343 5.83612 13.23426 21.62928 25.19427 26.07998 23.61235 23.59497 25.22043 22.18731 21.01353 25.43744 29.17756 29.72639 25.17296 18.15748 10.91439 5.35802 2.23703 0.65383 0.51702 0.54474 0.57133 0.67894 0.68725 0.52896 0.55832 0.82379 1.32117 2.87454 6.10898
0.00000 0.00000 0.00000 0.00000 0.00000 0.00000 0.00000 0.00000 0.00000 0.00000 0.00000 0.00000 0.16340 1.89748 7.95973 8.75892 10.63699 13.69446 17.17254 16.08024 11.33371 4.56276 0.20273 0.09931 0.97336 1.52041 0.94625 0.57282 0.63917 1.22091 3.39152 9.05225 17.51119 24.00025 26.76260 23.98225 22.66282 20.80149 17.13572 16.19266 19.99084 22.53012 21.50450 14.93338 9.56071 7.23514 5.10257 3.51573 3.26742 3.63240 2.38728 1.75753 0.99714 0.78914 0.52056 0.39122 0.38429 0.55287 2.00997 6.03683
0.00000 0.00000 0.00000 0.00000 0.00000 0.00000 0.00000 0.00000 0.00000 0.00000 0.00000 0.00000 0.19413 2.87709 9.71609 17.29326 21.03214 20.60370 22.48221 19.97237 12.70214 5.78475 1.18108 0.00000 0.00000 0.13355 0.44339 0.64696 0.90610 1.27758 1.69912 4.67289 11.06509 17.82585 20.65132 20.30935 18.55512 14.18536 9.04003 9.67372 12.57770 13.03422 10.85732 8.23286 6.20178 5.53464 8.78261 12.82594 14.19561 11.52016 6.00952 4.85011 4.01532 1.75878 0.84592 0.37506 0.23056 0.27227 1.12111 4.40420
0.00000 0.00000 0.00000 0.00000 0.00000 0.00000 0.00000 0.00000 0.00000 0.00000 0.00000 0.00000 0.06303 2.13841 7.93460 16.61326 21.02640 18.00972 15.54418 11.73651 7.00964 3.38181 0.49940 0.00000 0.00000 0.00000 0.07139 0.54707 1.38888 2.04125 1.27521 2.00359 4.59123 9.88904 14.96070 22.33747 26.36205 15.20918 6.42224 7.38965 6.50946 5.60909 4.49600 3.76050 4.45457 8.45694 15.58454 21.18059 21.88102 21.00262 14.86668 9.90036 8.60140 3.91694 1.84406 1.22526 0.82489 0.99763 1.38719 2.91077
0.00000 0.00000 0.00000 0.00000 0.00000 0.00000 0.00000 0.00000 0.00000 0.00000 0.30751 0.43816 0.24214 1.27782 4.65254 6.67802 8.39687 9.36920 7.63852 4.13459 1.28713 1.14948 0.31731 0.00000 0.00000 0.00000 0.05962 0.65278 2.32391 4.10569 3.27455 1.88874 1.55119 4.10197 10.49756 29.59600 44.50858 32.23474 20.37610 9.68005 3.31488 4.76014 5.23197 3.42915 5.22041 9.11296 16.26369 22.37669 19.55181 19.47178 17.14259 13.84075 11.24790 8.95863 6.40096 5.33809 4.01894 3.38368 2.74229 2.78507
0.00000 0.00000 0.00000 0.00000 0.00000 0.00000 0.00000 0.00000 0.00000 0.00000 0.34013 0.79622 0.72635 1.09783 2.13009 2.73718 3.05983 3.53114 1.51241 0.82346 0.78966 0.91536 0.78260 0.33676 0.02718 0.00000 0.02829 0.48880 1.84122 3.19792 3.25365 1.96950 1.62639 3.30681 5.89793 14.37699 16.83375 17.01313 12.43210 1.28456 1.25025 3.29966 6.20249 4.34554 4.13957 6.06016 9.85684 15.26468 20.93754 20.79728 18.96369 16.70567 15.62284 12.32235 12.06066 13.39801 11.78030 8.30286 5.18758 2.98768
0.00000 0.00000 0.00000 0.00000 0.00000 0.00000 0.00000 0.00000 0.00000 0.00000 0.11738 0.51943 0.28043 0.12408 0.66194 1.08741 1.09944 0.69146 0.00000 0.06898 0.43253 0.74276 0.74777 0.46891 0.02672 0.00000 0.00000 0.02974 0.45866 0.97403 1.16252 0.89578 0.89602 2.92085 8.23360 8.16691 3.22840 0.57970 0.08065 0.00000 0.06149 1.70147 4.68923 5.22338 6.44172 7.05644 5.33230 6.73927 11.52138 14.71031 15.89553 15.79348 12.07716 9.75473 14.98677 21.05979 20.01035 14.08761 7.87134 3.44118
0.00000 0.00000 0.00000 0.00000 0.00000 0.00000 0.00000 0.00000 0.00000 0.00000 0.00000 0.02607 0.09574 0.40895 0.61232 0.12589 0.11814 0.00000 0.00000 0.00000 0.00000 0.04587 0.20532 0.56723 0.32845 0.02253 0.00000 0.00000 0.00000 0.04225 0.06565 0.02476 0.20235 1.09486 2.35527 1.97302 0.05424 0.00000 0.00000 0.00000 0.19526 3.80548 9.09658 10.04766 9.21178 4.38471 1.06914 1.31892 2.42996 4.57556 7.13044 7.09072 5.88783 9.45439 14.51182 22.94185 26.58468 18.54932 10.10159 4.76796
0.00000 0.00000 0.00000 0.00000 0.00000 0.00000 0.00000 0.00000 0.00000 0.00000 0.00000 0.05702 1.08714 3.15927 4.44778 2.30827 0.18647 0.00000 0.00000 0.16875 0.20740 0.25860 0.94696 1.41196 1.07428 0.32564 0.02809 0.00000 0.00000 0.00000 0.00000 0.00000 0.00000 0.13770 0.04961 0.00000 0.00000 0.00000 0.00000 0.08969 2.35101 9.61320 23.45573 34.82664 22.84030 5.53823 0.07883 0.00000 0.08530 0.78468 2.00411 3.06648 4.94861 8.80620 11.43383 21.78172 30.81630 24.30919 13.48167 7.61430
0.00000 0.00000 0.00000 0.00000 0.00000 0.00000 0.00000 0.00000 0.00000 0.00000 0.00000 0.13652 2.44790 7.55378 14.16299 9.48345 2.78798 0.00000 0.00000 0.68804 1.37636 1.86585 1.35947 2.49818 2.52295 1.30770 0.09163 0.00000 0.00000 0.00000 0.11841 0.25278 0.07516 0.31561 0.25727 0.06278 0.00000 0.00000 0.00000 0.10970 2.56098 8.40876 21.55763 35.43373 22.84205 4.96013 0.46824 0.04056 0.00000 0.00000 0.50800 2.03955 4.10386 6.57093 9.50804 17.75350 23.56648 22.70763 13.01698 9.42484
0.00000 0.00000 0.00000 0.00000 0.00000 0.00000 0.00000 0.00000 0.00000 0.00000 0.00000 0.02132 1.36412 5.05930 11.83570 10.21263 4.15577 0.06328 1.11770 1.61949 1.60738 1.67557 1.78628 3.64738 3.61442 2.40393 0.56185 0.00000 0.19561 0.76450 1.45745 2.14628 2.68266 2.80362 2.85310 1.53584 0.40389 0.52429 0.68656 0.06020 0.67219 3.75768 7.30678 9.25856 12.49252 6.78553 1.89112 0.85483 0.22600 0.07352 0.00000 1.01233 2.93418 3.50742 3.39998 5.99506 11.06271 14.23175 8.28861 6.16260
0.00000 0.00000 0.00000 0.00000 0.00000 0.00000 0.00000 0.00000 0.00000 0.04223 0.19913 0.17801 0.85871 5.13420 11.69586 9.75193 5.03357 3.08561 4.17805 2.90986 1.29810 0.30558 2.16034 4.65975 5.12983 3.49784 1.66043 0.65989 0.95048 2.38268 3.83628 4.46534 4.17560 6.01947 5.01024 2.99458 1.58222 5.44644 11.06734 2.64595 0.48000 2.19875 5.12844 6.30899 7.95218 6.27348 2.81479 1.29328 0.62548 0.34608 0.19996 0.61437 1.84786 2.08780 1.90109 1.92119 4.05008 5.25042 3.05720 3.12559
0.00000 0.00000 0.00000 0.00000 0.00000 0.00000 0.00000 0.00000 0.30713 1.47108 2.95019 4.00937 8.06083 15.84215 20.75766 11.29685 9.31083 12.62789 12.94778 5.31797 1.05338 0.83302 4.08847 8.77590 9.22347 5.23536 2.30782 1.68125 2.46675 4.49144 6.42272 8.21579 7.48520 9.80487 8.07537 2.26975 2.39077 17.24959 28.67525 13.12425 1.93206 1.20196 3.41060 5.51398 8.09519 6.06049 2.28368 0.93868 0.51387 0.37291 0.22980 0.31966 0.91713 1.14732 1.06938 1.09852 2.08708 2.41388 1.70985 2.12170
0.00000 0.00000 0.00000 0.00000 0.00000 0.00000 0.00000 0.00000 1.84116 8.75292 16.71252 26.65719 37.25502 39.30647 29.12948 16.08599 19.54397 20.70086 17.49332 9.22138 2.27415 1.17790 6.96006 12.86511 12.10943 7.30999 3.16864 1.54741 2.61541 6.45233 10.23531 14.50371 16.67484 14.28726 9.30859 3.95726 3.32854 12.18780 17.97768 10.31747 4.31885 5.74289 2.48445 4.11333 8.34772 7.13198 3.22420 0.99394 0.58878 0.52022 0.41431 0.31834 0.45056 0.56760 0.55580 0.51555 1.24877 1.69553 1.99484 2.51648
0.00000 0.00000 0.00000 0.00000 0.00000 0.00000 0.00000 0.03678 4.99601 17.83306 34.10794 58.45370 85.56908 90.02157 52.41193 19.16371 22.69104 22.03400 14.66748 13.80566 8.92388 4.37309 6.61948 10.46396 11.19710 7.42552 0.96635 0.00000 1.85594 8.07293 14.37404 18.12612 19.86257 19.55939 11.03464 5.66456 3.26783 3.55409 7.04018 7.31194 7.37139 6.43804 0.91717 0.76840 4.59875 6.10061 4.09278 1.30391 0.54967 0.54613 0.50353 0.42540 0.29297 0.33513 0.35633 0.43528 1.06451 1.88470 2.12274 2.20253
0.00000 0.00000 0.00000 0.00000 0.00000 0.00000 0.00000 1.03712 7.38654 18.84424 35.97908 67.38868 112.08822 114.58594 62.25015 19.93701 22.23547 37.79770 38.94013 32.63629 24.70739 11.85708 8.24636 8.00100 8.10090 5.98063 2.02156 1.07488 3.94019 10.90618 16.15853 19.41051 19.95175 19.08358 10.36469 7.10122 4.87719 3.82711 5.25976 5.97211 5.97223 -99999.00000 -99999.00000 0.00000 0.77461 1.78733 2.97273 1.38244 0.45146 0.41721 0.48854 0.35531 0.21087 0.21883 0.24643 0.62211 1.82119 3.39007 3.23340 2.66121
0.00000 0.00000 0.00000 0.00000 0.00000 0.00000 0.26667 3.15675 6.06323 12.32869 21.79951 33.16098 51.94597 57.30262 44.27422 32.12565 41.71777 76.35860 92.53394 63.13820 42.01236 22.11164 12.10625 7.86227 7.87532 6.85064 4.57922 3.57085 7.64618 16.49654 18.52954 15.32025 12.10077 9.01584 7.35964 -99999.00000 -99999.00000 -99999.00000 -99999.00000 -99999.00000 -99999.00000 -99999.00000 -99999.00000 0.00000 0.00000 0.00000 0.59473 0.93154 0.40328 0.27624 0.26558 0.16410 0.39840 0.62021 1.17729 3.16538 7.21943 9.86934 7.82925 5.10595
0.00000 0.00000 0.00000 0.11122 -99999.00000 0.62063 1.58602 3.94200 4.18197 7.25134 11.75050 14.37668 15.48081 19.42616 23.56100 30.53097 37.57569 64.10967 88.03680 74.22390 57.31238 31.80712 16.42148 11.28434 10.49296 9.95717 8.46435 9.29143 12.63491 18.60668 17.78036 9.61080 6.29736 5.97348 -99999.00000 -99999.00000 -99999.00000 -99999.00000 -99999.00000 -99999.00000 -99999.00000 -99999.00000 -99999.00000 -99999.00000 0.00000 0.00000 0.00000 0.21193 0.40131 0.20232 0.06583 0.31569 0.45501 0.77157 2.70896 6.25314 11.64466 16.66362 16.20821 11.33583
-99999.00000 -99999.00000 -99999.00000 -99999.00000 -99999.00000 4.00575 3.89455 2.70535 3.28601 5.10819 6.15575 6.14928 7.03174 12.46943 17.43125 19.09021 22.24534 32.71115 42.61391 51.93789 56.59158 38.95047 22.57622 15.29077 15.14445 13.56202 12.86069 14.62490 12.78131 13.35422 11.61211 6.33518 4.87363 4.78471 -99999.00000 -99999.00000 -99999.00000 -99999.00000 -99999.00000 -99999.00000 -99999.00000 -99999.00000 -99999.00000 -99999.00000 -99999.00000 0.00000 0.00000 0.00000 0.07225 0.07754 0.36894 0.51637 0.62375 1.26964 2.63906 4.82144 10.87898 19.91407 22.90524 19.01659
