DATA/RAW-RASTER/CPC/2017/20170806.asc
ncols			60
nrows			40
xllcorner		70.0
yllcorner		20.0
cellsize		0.5
NODATA_value	-99999
0.00000 0.00000 0.00000 0.00000 0.00000 0.00000 0.00000 0.00000 0.00000 0.00000 0.00000 0.00000 0.00000 0.00000 0.00000 0.00000 0.00000 0.00000 0.00000 0.00000 0.00000 0.00000 0.00000 0.00000 0.00000 0.00000 0.00000 0.05575 0.17083 0.33630 0.49390 0.63787 0.73987 0.76977 0.72505 0.61937 0.50484 0.43230 0.37974 0.30310 0.19652 0.10504 0.00000 0.00000 0.00000 0.00000 0.00000 0.00000 0.00000 0.00000 0.03419 0.04794 0.03808 0.02034 0.00000 0.00000 0.00000 0.00000 0.02904 0.02878
0.00000 0.00000 0.00000 0.00000 0.00000 0.00000 0.00000 0.00000 0.00000 0.00000 0.00000 0.00000 0.00000 0.00000 0.00000 0.00000 0.00000 0.00000 0.00000 0.00000 0.00000 0.00000 0.00000 0.00000 0.00000 0.00000 0.00000 0.07723 0.18200 0.37527 0.45352 0.47517 0.44356 0.36040 0.24475 0.13333 0.07921 0.09222 0.11011 0.09691 0.05987 0.03022 0.00000 0.00000 0.00000 0.00000 0.00000 0.00000 0.05020 0.10758 0.17957 0.22822 0.23760 0.23032 0.19921 0.21876 0.25639 0.28161 0.26688 0.17855
0.00000 0.00000 0.00000 0.00000 0.00000 0.00000 0.00000 0.00000 0.00000 0.00000 0.00000 0.00000 0.00000 0.00000 0.00000 0.00000 0.00000 0.00000 0.00000 0.00000 0.00000 0.00000 0.00000 0.00000 0.00000 0.00000 0.00000 0.00000 0.20461 0.33055 0.33267 0.29249 0.22602 0.14905 0.07800 0.02824 0.00000 0.02095 0.03624 0.03129 0.00000 0.00000 0.00000 0.00000 0.00000 0.00000 0.00000 0.02906 0.11259 0.31232 0.52215 0.61745 0.69808 0.82812 0.95106 1.00973 1.12578 1.62804 1.92094 1.32027
0.00000 0.00000 0.00000 0.00000 0.00000 0.00000 0.00000 0.00000 0.00000 0.00000 0.00000 0.00000 0.00000 0.00000 0.00000 0.00000 0.00000 0.00000 0.00000 0.00000 0.00000 0.00000 0.00000 0.00000 0.00000 0.00000 0.00000 0.00000 0.15134 0.24955 0.22257 0.17496 0.12298 0.07711 0.04112 0.00000 0.00000 0.00000 0.00000 0.00000 0.00000 0.00000 0.00000 0.00000 0.00000 0.00000 0.03614 0.09391 0.24483 0.54608 0.79045 0.88839 0.99925 1.26309 1.67265 2.04162 2.54622 4.11154 6.06219 6.78095
0.00000 0.00000 0.00000 0.00000 0.00000 0.00000 0.00000 0.00000 0.00000 0.00000 0.00000 0.00000 0.00000 0.00000 0.00000 0.00000 0.00000 0.00000 0.00000 0.00000 0.00000 0.00000 0.00000 0.00000 0.00000 0.00000 0.00000 0.00000 0.12919 0.17591 0.15524 0.11797 0.08505 0.05420 0.03030 0.00000 0.00000 0.00000 0.00000 0.00000 0.00000 0.00000 0.00000 0.00000 0.03143 0.06307 0.10893 0.19425 0.33362 0.53677 0.72765 0.83601 0.98876 1.26094 1.56207 1.91081 2.87645 5.44333 9.35180 12.74332
0.00000 0.00000 0.00000 0.00000 0.00000 0.00000 0.00000 0.00000 0.00000 0.00000 0.00000 0.00000 0.00000 0.00000 0.00000 0.00000 0.00000 0.00000 0.00000 0.00000 0.00000 0.00000 0.00000 0.00000 0.00000 0.00000 0.00000 0.00000 0.08600 0.12715 0.11991 0.09174 0.06284 0.03970 0.02341 0.00000 0.00000 0.00000 0.00000 0.00000 0.00000 0.00000 0.03552 0.06062 0.10902 0.14739 0.17316 0.20048 0.24572 0.31924 0.42611 0.54110 0.70737 0.82081 0.99121 1.19406 1.98957 4.41013 8.81186 13.04070
0.00000 0.00000 0.00000 0.00000 0.00000 0.00000 0.00000 0.00000 0.00000 0.00000 0.00000 0.00000 0.00000 0.00000 0.00000 0.00000 0.00000 0.00000 0.00000 0.00000 0.00000 0.00000 0.00000 0.00000 0.00000 0.00000 0.00000 0.00000 0.04401 0.09082 0.09033 0.06897 0.04798 0.03242 0.02389 0.00000 0.00000 0.03383 0.05771 0.08121 0.10870 0.17720 0.27829 0.36838 0.39454 0.35814 0.26762 0.17030 0.10578 0.08129 0.11818 0.22521 0.36539 0.47279 0.54576 0.52395 0.74200 2.21487 6.08999 10.25268
0.00000 0.00000 0.00000 0.00000 0.00000 0.00000 0.00000 0.10060 0.25812 0.31463 0.31619 0.07565 0.00000 0.00000 0.00000 0.00000 0.00000 0.00000 0.00000 0.00000 0.00000 0.00000 0.00000 0.00000 0.00000 0.00000 0.00000 0.00000 0.00000 0.05757 0.06595 0.05334 0.04027 0.04096 0.04102 0.05453 0.09254 0.16033 0.24866 0.37234 0.57223 0.85171 1.19503 1.38934 1.13435 0.89052 0.64927 0.33561 0.12464 0.03838 0.05055 0.13758 0.25027 0.31249 0.29985 0.19124 0.29491 1.36333 3.58957 7.28166
0.00000 0.00000 0.00000 0.00000 0.00000 0.00000 0.10299 0.49726 0.64546 0.61068 0.48185 0.31933 0.04897 0.00000 0.00000 0.00000 0.00000 0.00000 0.00000 0.00000 0.00000 0.00000 0.00000 0.00000 0.00000 0.00000 0.00000 0.00000 0.00000 0.02587 0.04346 0.06590 0.12073 0.12445 0.13115 0.18218 0.32804 0.57011 0.86874 1.28646 1.77912 2.26244 2.52751 2.39604 1.98076 1.70013 1.47949 1.13740 0.54285 0.25490 0.22578 0.33042 0.49225 0.67240 0.77448 0.76388 0.98124 1.79508 3.60659 6.87142
0.00000 0.00000 0.00000 0.00000 0.00000 0.47244 1.67965 1.30671 0.99976 0.81817 0.41441 0.19740 0.11732 0.07232 0.00000 0.00000 0.00000 0.00000 0.00000 0.00000 0.00000 0.00000 0.00000 0.00000 0.00000 0.00000 0.00000 0.00000 0.03241 0.21338 0.50447 1.10912 1.66557 1.41436 1.00299 1.26795 1.54026 2.02334 2.35108 2.73213 2.94012 3.10468 3.14368 2.88768 2.43003 1.92224 1.70437 1.71934 1.57232 1.25277 1.17788 1.31685 1.49578 1.68106 1.79633 1.82644 2.01855 2.74111 5.15708 8.18583
0.00000 0.00000 0.00000 0.00000 0.19561 2.36640 7.33456 5.81551 2.12688 1.01086 0.34706 0.22500 0.49210 0.54289 0.00000 0.04744 0.75805 0.26480 0.03601 0.04031 0.04177 0.04037 0.03797 0.03073 0.02701 0.03215 0.03622 0.05921 0.29333 0.89273 2.36643 5.39201 6.50263 7.55875 7.57549 7.25856 7.10376 5.94215 4.93600 4.28675 3.92807 3.88847 3.81362 3.55241 3.32154 2.83658 2.38157 2.25427 2.23822 2.12048 2.03647 1.97767 2.10920 2.41550 2.53779 2.37929 2.49098 4.26040 8.73404 12.98152
0.00000 0.00000 0.00000 0.00000 0.46636 2.49121 6.13021 4.63148 1.39251 0.27052 0.12713 0.53609 0.92509 0.87023 0.78216 2.04274 2.98822 1.80752 0.31187 0.09588 0.09577 0.09663 0.09549 0.09117 0.08124 0.07904 0.08377 0.18589 0.58499 2.36691 5.72713 8.56541 9.80898 10.29184 10.75345 11.24271 11.10216 10.15616 8.68868 6.99547 5.69019 4.75584 4.25242 3.93758 3.88162 3.67996 3.36808 3.22129 3.22566 2.90633 2.45193 2.10645 2.49445 3.30539 3.97966 4.25134 5.12069 8.04079 12.67459 16.41914
0.00000 0.00000 0.00000 0.00000 0.03984 0.64733 1.19116 1.49242 0.54269 0.08965 0.33941 1.82485 2.84861 2.86983 3.34810 3.30109 2.83895 1.42689 0.29914 0.09823 0.09633 0.10090 0.10193 0.09958 0.09751 0.09748 0.10669 0.26142 0.84589 3.48004 7.18719 8.96709 10.21469 10.95895 12.29628 13.46128 14.08733 15.04570 15.07288 12.13967 9.11932 6.71285 5.29362 4.41619 4.02132 3.94026 3.91859 3.83954 4.46072 4.78449 4.14599 3.44135 3.75741 4.78635 5.58823 6.63095 8.88044 12.53487 15.90593 16.79673
0.00000 0.00000 0.00000 0.00000 0.00000 0.00000 0.00000 0.08515 0.71236 1.60788 3.37093 7.01430 12.79693 12.96569 10.06247 5.85498 2.29936 0.89704 0.24506 0.09782 0.10088 0.10127 0.10407 0.10286 0.10489 0.11138 0.12759 0.32745 1.29621 4.51798 8.29598 10.04829 11.02592 11.93194 13.05147 14.68848 16.28306 17.85706 18.28713 17.19679 14.68336 11.22576 7.69848 5.58315 4.67694 3.88513 3.46741 3.90439 5.32242 6.94818 7.54618 6.73387 6.02476 6.35072 6.78665 8.20536 11.86292 15.81301 17.34591 17.12578
0.00000 0.00000 0.00000 0.00000 0.00000 0.00000 0.00000 0.66811 1.47478 4.56768 14.22725 33.52750 58.25216 38.12966 14.04184 4.39397 0.95788 0.35436 0.14005 0.10013 0.10887 0.10526 0.10583 0.10704 0.11345 0.12742 0.14745 0.38677 1.60442 4.25872 7.68812 9.75852 10.70018 11.38844 12.83514 14.43952 16.65625 18.95352 20.88947 21.48960 20.25412 15.39017 9.78451 6.38012 4.85214 3.29959 2.30147 2.59800 4.63053 7.07017 8.12997 7.68387 6.92154 7.19691 8.25579 12.02110 16.49895 18.45537 17.36397 15.71291
0.00000 0.00000 0.00000 0.00000 0.00000 0.09799 0.93982 2.98195 3.70283 5.82843 19.67566 53.14672 87.18615 52.26885 8.08014 1.53604 0.15543 0.04970 0.08401 0.10029 0.10376 0.10702 0.11343 0.12832 0.15398 0.17609 0.20262 0.47004 1.81316 3.96412 6.78705 9.23898 10.07651 11.04637 12.87085 14.11405 15.68368 17.88672 20.92068 22.76975 22.34162 17.52598 10.53995 5.98867 4.21212 2.67439 1.25764 0.97662 2.38874 4.91096 6.02388 6.09229 6.29151 6.97568 9.98980 17.01266 24.34560 24.25364 18.64347 13.77641
0.00000 0.00000 0.00000 0.00000 0.08391 0.44997 1.83082 5.48595 7.98605 4.54337 10.00473 28.44013 37.88635 22.57878 1.29207 0.00000 0.00000 0.00000 0.06363 0.10657 0.12819 0.14164 0.15547 0.18575 0.21628 0.23730 0.28666 0.71755 1.71087 3.75346 6.21358 8.85876 9.20358 9.61269 10.36507 11.32997 12.75042 14.84471 19.13791 22.60550 23.39408 19.23131 10.64842 5.49168 4.08373 2.72854 1.09142 0.33716 1.10329 2.89166 3.97785 4.21080 4.03284 4.13591 7.20096 16.01145 26.63168 29.57862 19.35193 9.94192
0.00000 0.00000 0.00000 0.00000 0.00000 0.73737 2.18672 5.37879 7.60739 4.35903 4.13314 6.58645 7.08345 4.66650 0.93704 0.36939 0.05690 0.00000 0.00000 0.09774 0.22895 0.28518 0.29393 0.29873 0.27307 0.27103 0.48508 0.97862 1.47337 3.00386 4.94249 6.88987 8.59307 9.34671 9.94486 10.84378 11.53663 12.33641 17.40205 22.39627 23.15816 19.34441 10.97803 5.37242 4.01240 3.14658 1.61353 0.78929 1.10406 2.29345 3.07327 3.06337 2.39301 1.49530 2.47239 9.97553 21.28926 24.45522 15.74392 8.37551
0.00000 0.00000 0.00000 0.00000 0.00000 0.16184 1.02177 1.98618 2.94203 2.51887 1.40094 0.69590 0.51198 0.81665 0.65770 0.44653 0.09661 0.00000 0.00000 0.28283 0.44927 0.46121 0.44257 0.38533 0.35399 0.48306 0.85997 1.40933 2.14673 2.73998 4.11057 5.28260 6.46270 8.04620 9.19274 10.39006 10.52854 11.24658 15.12178 19.44405 20.19668 16.76386 10.35187 6.21005 4.39143 3.18556 1.70554 1.01436 1.07853 1.57492 1.86678 1.83545 1.57396 1.13642 1.86200 5.78800 11.24113 11.95173 8.18853 4.94512
0.00000 0.00000 0.00000 0.00000 0.00000 0.00000 0.12875 0.35113 0.61024 0.56434 0.02697 0.00000 0.00000 0.19653 0.72965 0.76434 0.32582 0.00000 0.63156 2.41718 1.24745 0.72690 0.56868 0.46431 0.44537 0.64194 1.11172 1.81272 3.01569 3.83363 3.98763 4.32316 4.19912 5.25077 6.99982 8.75041 9.42609 9.90424 12.01309 13.68996 12.47663 7.70344 4.21951 3.43795 3.07435 2.09743 1.00581 0.51675 0.45609 0.64975 1.01843 1.23665 1.21108 1.30018 2.02543 3.48918 3.89905 2.61861 1.61395 1.13268
0.00000 0.00000 0.00000 0.00000 0.00000 0.00000 0.00000 0.00000 0.02970 0.00000 0.00000 0.00000 0.00000 0.50240 1.72567 1.93288 1.16844 2.10173 5.34968 4.91286 3.07074 1.72879 1.20670 0.73063 0.51137 0.66122 1.32642 2.70144 4.14709 4.90045 4.40124 3.02604 2.28740 2.20364 3.03526 4.01441 4.20077 3.78145 4.38500 5.47204 4.25138 1.64125 0.57251 0.82202 1.10898 0.80032 0.54757 0.13826 0.12133 0.16136 0.43024 0.71285 0.80847 1.14338 1.20760 1.22647 0.16716 0.00000 0.00000 0.00000
0.00000 0.00000 0.00000 0.00000 0.00000 0.00000 0.00000 0.00000 0.00000 0.00000 0.00000 0.00000 0.00000 0.77200 3.06686 5.24934 5.44949 8.88317 17.57657 13.66186 8.13972 4.05807 2.11550 0.80783 0.88021 1.88136 2.88537 4.11804 4.36278 4.60607 4.03488 2.62395 1.37846 0.71348 0.85700 1.31740 1.23339 0.60331 0.84111 1.53764 0.90361 0.24383 0.10785 0.20645 0.34192 0.67776 0.78665 0.81864 0.02700 0.72264 0.88488 0.92031 0.89300 0.72884 0.18355 0.00000 0.00000 0.00000 0.00000 0.00000
0.00000 0.00000 0.00000 0.00000 0.00000 0.00000 0.00000 0.00000 0.00000 0.00000 0.00000 0.00000 0.00000 0.51329 2.90820 8.28477 11.16316 11.91541 14.45097 16.47043 14.98364 9.05974 3.57009 1.28239 2.60562 4.69778 7.28689 8.87298 7.19732 5.10144 4.19364 3.00217 1.46622 0.46112 0.53601 1.53820 1.97107 1.31866 0.85826 0.83558 0.38878 0.00000 0.15734 0.23774 0.20144 0.68023 2.13546 3.98028 5.28479 6.33331 4.13970 3.06455 1.41023 0.88191 0.07293 0.00000 0.00000 0.00000 0.00000 0.00000
0.00000 0.00000 0.00000 0.00000 0.00000 0.00000 0.00000 0.00000 0.00000 0.00000 0.00000 0.02969 0.44727 2.40281 6.39080 16.67353 23.00831 17.33166 10.41909 18.91294 22.70421 15.58521 9.80182 7.17000 7.37224 6.97680 8.53064 12.33468 12.80390 8.59126 5.20514 3.78891 2.19253 1.48907 2.11940 3.74906 4.37106 3.25930 1.73275 1.41017 1.25137 0.79256 0.86904 0.83451 0.65646 1.71555 10.85930 30.76872 34.73376 18.56459 8.34667 6.22842 3.88707 1.48443 0.28517 0.00000 0.00000 0.00000 0.00000 0.00000
0.00000 0.00000 0.00000 0.00000 0.00000 0.00000 0.00000 0.00000 0.00000 0.00000 0.00000 0.69781 3.69294 7.82061 13.42710 25.06792 30.31950 23.02686 18.77435 23.32933 20.09057 16.83675 16.39909 16.02156 14.32181 8.42720 4.63611 6.74616 9.13510 7.92060 8.22593 5.16360 2.41322 2.73991 4.98236 8.95930 10.31191 5.55950 2.77630 2.98442 2.59124 2.58381 2.47680 2.09974 3.27453 10.34565 37.43907 80.01147 73.25384 27.88101 6.93048 5.02563 4.71009 2.17822 0.68283 0.22245 0.09856 0.00000 0.00000 0.13498
0.00000 0.00000 0.00000 0.00000 0.00000 0.00000 0.00000 0.00000 0.00000 0.00000 0.04560 1.38061 5.66954 10.71371 16.90570 24.07743 26.01312 21.63185 16.11550 11.15507 9.07584 16.58619 20.71933 20.02672 16.26769 11.26930 8.20506 7.11382 6.30656 3.28445 3.76898 3.99254 1.90831 2.10703 4.99629 15.28028 23.87108 14.49252 9.01118 4.93838 3.13782 4.21121 7.26827 7.70651 10.93476 17.33864 45.17397 89.04559 75.55930 29.85247 8.74684 5.88003 4.98887 4.09724 2.86901 2.83742 2.39676 1.59124 0.97131 0.80155
0.00000 0.00000 0.00000 0.00000 0.00000 0.00000 0.00000 0.00000 0.00000 0.00000 0.04849 0.39853 3.04659 8.23313 14.60770 22.00668 23.48501 19.98212 12.07398 6.81579 8.23561 18.72153 22.71165 20.27879 15.10044 12.77595 14.54587 11.42437 6.08428 2.39801 1.75569 1.81761 1.72875 2.71165 3.43592 9.72164 13.20362 12.09518 7.38815 3.24353 1.53425 2.47664 5.35077 11.05146 10.84030 7.20644 17.63785 30.21165 33.62077 29.51523 18.79426 11.85060 8.78591 5.96587 5.73097 7.12978 7.29379 5.86648 3.81031 1.73465
0.00000 0.00000 0.00000 0.00000 0.00000 0.00000 0.00000 0.00000 0.00000 0.00000 0.00000 0.00000 0.64814 3.44748 8.69591 15.63830 20.66561 15.20763 7.98899 4.35298 3.77982 10.57133 16.18267 15.07848 11.28196 8.57299 8.93374 7.27980 4.05381 2.19009 0.80069 0.11402 0.99273 5.13112 15.80256 13.00008 5.53991 3.03483 2.11664 0.66184 0.35537 1.55432 2.22019 3.89870 4.83853 2.12445 4.50106 7.85508 13.07025 17.56891 17.50457 14.22227 8.03824 4.85491 6.76383 10.52837 11.75916 10.48697 7.36347 3.38261
0.00000 0.00000 0.00000 0.00000 0.00000 0.00000 0.00000 0.00000 0.00000 0.00000 0.00000 0.00000 0.00000 0.12869 3.08917 6.35698 10.30578 8.57027 8.45650 9.66503 9.31594 11.31448 12.28731 11.22102 6.89178 2.83049 2.25532 1.13327 1.86450 1.55017 0.51421 0.21461 0.79649 3.31000 7.20575 6.09905 3.06487 1.56346 2.25309 0.65674 0.58377 5.91060 15.31944 19.94238 14.30901 4.95899 1.63297 2.42025 3.09839 5.68326 8.50871 7.04581 3.91136 4.43577 6.16693 10.36313 13.77874 13.63641 11.24767 6.52784
0.00000 0.00000 0.00000 0.00000 0.00000 0.00000 0.00000 0.00000 0.00000 0.00000 0.00000 0.00000 0.00000 0.00000 0.14356 1.00461 3.02512 3.84684 9.17700 29.88987 32.14569 17.54560 12.86546 12.54345 8.90576 3.10908 1.11317 0.59291 1.86446 1.70062 1.08498 0.65920 0.11056 0.65446 0.74123 0.57978 1.01517 0.95449 1.81147 2.70668 4.97413 14.51474 38.37328 58.74267 39.12707 17.80601 7.57026 4.59957 2.85056 3.04418 4.02669 3.59068 3.40728 4.56895 5.18960 9.52954 13.77118 17.19368 18.33570 12.87356
0.00000 0.00000 0.00000 0.00000 0.00000 0.00000 0.00000 0.00000 0.00000 0.00000 0.00000 0.00000 0.00000 0.06107 0.18779 0.58099 1.63436 3.17138 12.88591 42.28422 42.46236 13.72058 11.87627 20.02768 19.02506 11.80039 6.56273 5.30684 4.54318 3.37791 2.73276 2.01091 0.35941 0.66120 0.05794 0.51050 0.60108 1.38921 4.08475 12.44602 10.63640 12.70005 28.73592 36.32216 29.21810 26.27773 15.80659 8.01703 6.15998 5.29875 4.82881 3.83554 3.78442 4.81271 6.25662 10.57894 13.91339 19.81568 20.08155 20.92262
0.00000 0.00000 0.00000 0.00000 0.00000 0.00000 0.00000 0.00000 0.00000 0.00000 0.00000 0.00000 0.00000 0.00000 0.10880 0.33074 0.86033 2.82579 10.08067 23.69118 25.38627 11.88469 13.43841 25.88437 25.92007 23.62242 19.53706 12.25684 8.29475 6.38911 4.73391 4.11370 3.97525 5.68530 5.66344 1.69010 0.75383 2.79480 8.59910 24.63995 22.41605 13.49770 12.92798 7.89711 9.65714 13.38772 9.23884 9.00275 8.22806 7.28633 5.79834 3.99398 4.13670 4.51559 4.67292 8.48769 14.10124 23.86359 23.46929 25.61442
0.00000 0.00000 0.00000 0.00000 0.00000 0.00000 0.00000 0.00000 0.00000 0.00000 0.00000 0.00000 0.00000 0.00000 0.00000 0.12004 0.65691 1.96452 7.54478 25.82491 32.43719 15.81008 12.36149 20.49788 29.00166 40.88191 42.96016 27.49749 15.19470 10.23858 7.62458 5.22309 3.84168 7.91118 14.19665 5.29977 2.34057 6.46960 9.86243 17.21262 19.76454 22.38078 18.47416 10.59083 6.82074 3.87579 5.34194 6.88698 6.86121 5.90704 3.98385 2.97243 3.98766 4.86374 5.72895 7.35912 14.11716 27.19778 31.99802 31.03598
0.00000 0.00000 0.00000 0.00000 0.00000 0.00000 0.00000 0.00000 0.00000 0.00000 0.00000 0.00000 0.00000 0.16851 0.83593 1.71872 1.99490 3.43928 14.75760 53.28662 55.28667 20.80644 10.46640 13.98331 27.80818 56.63411 72.88992 50.77267 26.88903 13.77777 9.31661 4.86894 1.58245 4.53587 12.30985 8.43143 2.29408 4.74326 8.12767 23.39581 49.07738 70.46757 54.76429 16.54825 12.94414 9.01132 6.52518 4.63261 3.44958 2.34924 1.29351 1.39809 2.76900 4.04018 4.74529 5.87266 15.24277 29.77277 37.34208 34.38619
0.00000 0.00000 0.00000 0.12611 0.11650 0.00000 0.00000 0.00000 0.00000 0.00000 0.03473 1.80513 1.64394 1.21671 3.78741 6.54938 4.06824 2.59910 7.76520 27.36547 25.39264 12.37849 9.46252 10.07611 20.63800 50.27569 65.35150 48.22186 27.27889 15.75207 7.69800 3.10416 0.67912 2.16185 4.25783 2.84833 2.09844 5.72020 11.72065 32.07038 63.88456 115.11456 115.19850 20.89681 20.56212 19.28393 12.83308 3.91191 1.27694 1.06975 0.97737 1.04587 1.72559 2.60888 3.26444 3.93406 13.83939 25.64702 32.74158 33.48971
0.00000 0.00000 0.23410 0.90474 1.52550 0.90627 0.21331 0.00000 0.00000 0.00000 0.00000 0.57094 0.47187 1.65677 4.24927 5.00570 3.88581 2.53107 1.70757 1.89332 2.82587 3.90093 10.42729 18.64511 28.10877 39.91535 37.75288 22.43435 19.51272 15.71568 6.46843 2.01504 0.03762 0.24553 0.54013 0.11237 1.08951 5.53856 19.52431 48.26624 83.88876 112.30791 79.40017 22.00879 23.12201 23.29022 16.80587 5.09972 1.16716 0.91948 0.93557 1.11010 1.65600 2.13911 2.88699 4.84498 12.96138 23.18426 25.90553 26.16813
0.00000 0.00000 0.23683 1.36972 2.64167 1.69171 0.64316 0.07524 0.00000 0.00000 0.00000 0.00000 0.05766 1.65046 3.26398 3.11581 2.48340 1.88484 1.28616 0.81972 2.06225 4.87812 18.17806 39.76310 45.35014 37.69136 30.45396 26.74012 29.71432 18.22138 5.08102 1.15522 0.25636 0.41022 0.36703 0.00000 1.01722 6.14432 26.91746 59.13392 95.69320 -99999.00000 -99999.00000 35.42429 22.86680 18.33990 14.29543 5.59644 1.26383 0.94633 0.81226 0.91338 1.49105 1.90076 2.39333 3.70315 10.73087 22.32353 24.87723 24.45305
0.00000 0.03239 0.11261 0.58363 1.26360 0.72034 0.29976 0.00000 0.00000 0.00000 0.00000 0.00000 0.40058 2.25423 2.81810 1.02298 0.73590 1.33657 1.56333 1.41687 2.56391 5.99863 20.57239 63.19378 58.59389 35.95012 25.76152 32.13615 34.43533 19.86185 5.04697 0.94352 0.61364 0.96438 0.83634 -99999.00000 -99999.00000 -99999.00000 -99999.00000 -99999.00000 -99999.00000 -99999.00000 -99999.00000 18.27011 6.61922 6.77561 6.76466 4.36813 1.62577 0.95508 0.77810 0.56412 0.68703 1.07852 1.90528 4.56880 13.09811 23.63984 25.44258 24.78409
0.00000 0.25697 0.21709 0.08797 -99999.00000 0.05925 0.00000 0.00000 0.00000 0.00000 0.00000 0.03744 0.62655 2.73205 3.08397 0.82510 0.03592 0.23770 1.16519 1.20457 2.88896 8.35799 23.26771 49.23397 44.99911 21.71902 15.75853 34.79890 47.99189 24.28930 4.71061 0.35770 0.12022 0.23132 -99999.00000 -99999.00000 -99999.00000 -99999.00000 -99999.00000 -99999.00000 -99999.00000 -99999.00000 -99999.00000 -99999.00000 1.37420 1.22680 2.08972 2.42275 1.82130 0.90386 0.47230 0.47046 0.54024 0.77734 2.67245 5.68656 11.71747 21.11799 27.22473 26.87749
-99999.00000 -99999.00000 -99999.00000 -99999.00000 -99999.00000 0.00000 0.00000 0.00000 0.00000 0.00000 0.00000 0.02295 0.47630 2.07121 2.44991 0.78916 0.00000 0.11891 0.82318 1.05618 3.37324 10.78838 23.06341 29.94342 23.52360 7.80137 4.39122 27.00468 43.62544 25.37570 3.98076 0.00000 0.00000 0.00000 -99999.00000 -99999.00000 -99999.00000 -99999.00000 -99999.00000 -99999.00000 -99999.00000 -99999.00000 -99999.00000 -99999.00000 -99999.00000 0.34183 0.69547 0.97915 1.08258 0.77794 0.52060 0.59096 0.76840 1.60312 2.96495 3.71963 6.93318 15.32046 26.08390 30.59749
