DATA/RAW-RASTER/CPC/2017/20170720.asc
ncols			60
nrows			40
xllcorner		70.0
yllcorner		20.0
cellsize		0.5
NODATA_value	-99999
0.00000 0.00000 0.00000 0.00000 0.00000 0.00000 0.00000 0.00000 0.00000 0.00000 0.00000 0.00000 0.00000 0.06452 0.23132 0.34786 0.36508 0.35403 0.37862 0.33684 0.19957 0.06376 0.00000 0.00000 0.00000 0.00000 0.00000 0.00000 0.00000 0.02766 0.00000 0.00000 0.00000 0.00000 0.00000 0.00000 0.00000 0.00000 0.00000 0.13041 0.33486 0.63717 1.50689 2.73069 3.94317 4.90550 6.05917 7.65872 9.56168 11.48139 13.02993 15.42227 19.04612 21.94744 20.63681 13.44617 5.85015 4.07014 5.90543 9.91022
0.00000 0.00000 0.00000 0.00000 0.00000 0.00000 0.00000 0.00000 0.00000 0.00000 0.00000 0.00000 0.00000 0.06730 0.19665 0.40461 0.57529 0.65384 0.69818 0.66312 0.50135 0.30815 0.10862 0.00000 0.00000 0.00000 0.00000 0.00000 0.00000 0.00000 0.00000 0.00000 0.00000 0.00000 0.00000 0.00000 0.00000 0.00000 0.05924 0.19887 0.40007 0.63463 1.22629 2.20324 3.17244 3.66932 4.05298 4.99583 6.97584 9.22387 11.01970 13.00330 16.55614 21.72988 23.39660 18.34377 13.13214 10.67193 11.46936 14.70050
0.00000 0.00000 0.00000 0.00000 0.00000 0.00000 0.00000 0.00000 0.00000 0.00000 0.00000 0.00000 0.04874 0.08979 0.18480 0.71295 1.47878 1.88217 1.81747 1.46642 1.02029 0.66316 0.41856 0.21458 0.02882 0.00000 0.00000 0.00000 0.00000 0.00000 0.00000 0.00000 0.00000 0.00000 0.00000 0.00000 0.00000 0.02332 0.13366 0.30886 0.43686 0.51263 0.72748 1.43443 2.52392 2.96884 3.05058 3.30667 4.04434 5.88188 7.52819 8.57637 10.95957 15.09444 16.69733 13.90733 13.04994 17.39679 23.35950 23.99438
0.00000 0.00000 0.00000 0.00000 0.00000 0.00000 0.00000 0.00000 0.00000 0.00000 0.00000 0.00000 0.33543 0.41111 0.66254 1.91618 3.43971 3.81843 3.05607 1.91058 1.08972 0.67070 0.45874 0.33421 0.23362 0.11243 0.02654 0.00000 0.00000 0.00000 0.00000 0.00000 0.00000 0.00000 0.00000 0.00000 0.00000 0.07964 0.21397 0.34821 0.38805 0.40667 0.49722 0.91387 1.85578 2.66554 2.92879 3.02309 3.22464 4.42635 5.33673 5.72682 5.98617 6.01175 5.87870 6.16461 7.28581 11.41132 17.19837 21.17216
0.00000 0.00000 0.00000 0.00000 0.00000 0.00000 0.00000 0.00000 0.00000 0.00000 0.00000 0.18112 1.08315 1.63708 2.61569 4.36007 5.65324 5.01625 3.04152 1.28847 0.56052 0.33884 0.25726 0.21518 0.18653 0.16248 0.10160 0.00000 0.00000 0.00000 0.00000 0.00000 0.00000 0.00000 0.00000 0.00000 0.05684 0.14928 0.28397 0.38638 0.44467 0.46453 0.53063 0.81121 1.50359 2.24493 2.57253 2.59176 2.61087 3.17425 3.94651 4.23326 3.69179 2.18276 1.09975 1.25219 2.28702 4.01433 5.55749 6.06403
0.00000 0.00000 0.00000 0.00000 0.00000 0.00000 0.00000 0.00000 0.00000 0.00000 0.12736 1.00868 2.17045 3.33721 4.65857 5.79351 5.96617 4.54953 2.05384 0.46467 0.12518 0.10396 0.10434 0.10630 0.10699 0.10682 0.10249 0.07171 0.00000 0.00000 0.00000 0.00000 0.00000 0.00000 0.00000 0.03686 0.11831 0.21530 0.33670 0.43155 0.49212 0.56153 0.66084 0.86476 1.21662 1.52734 1.59763 1.49837 1.47534 1.69355 2.11733 2.31156 1.84422 0.71303 0.16242 0.18506 0.50842 1.13779 1.12880 0.72902
0.00000 0.00000 0.00000 0.00000 0.00000 0.00000 0.00000 0.00000 0.00000 0.00000 0.35382 1.94267 3.47645 4.75574 5.82866 6.37218 5.84481 3.90554 1.57674 0.40171 0.10959 0.06296 0.05873 0.06268 0.06892 0.07395 0.07868 0.08132 0.02363 0.00000 0.00000 0.00000 0.00000 0.00000 0.00000 0.04485 0.16174 0.27228 0.37350 0.44729 0.50131 0.63844 0.79569 0.94015 1.02000 1.00673 0.85685 0.64796 0.47071 0.38385 0.50424 0.74222 0.71297 0.39947 0.21554 0.22205 0.34318 0.45292 0.14966 0.00000
0.00000 0.00000 0.00000 0.00000 0.00000 0.00000 0.00000 0.15901 0.38554 0.46306 0.62922 2.14789 3.86048 5.46996 5.95288 5.70734 4.78102 3.14983 1.53856 0.61973 0.26575 0.13498 0.09089 0.07670 0.07107 0.06955 0.07080 0.07056 0.04641 0.00000 0.00000 0.00000 0.00000 0.00000 0.00000 0.06525 0.21320 0.32049 0.40593 0.48480 0.60954 0.85288 1.10404 1.36124 1.28972 1.18081 0.95012 0.53717 0.22313 0.06993 0.11161 0.25228 0.30494 0.27781 0.25959 0.31488 0.42486 0.41684 0.26043 0.03339
0.00000 0.00000 0.00000 0.00000 0.00000 0.00000 0.16632 0.77249 0.95763 0.89501 0.70649 0.96176 2.17878 4.28014 5.67591 4.97378 3.87367 2.62183 1.48593 0.78244 0.41786 0.24603 0.15953 0.11405 0.08963 0.07621 0.06905 0.06415 0.05619 0.00000 0.00000 0.00000 0.00000 0.00000 0.07921 0.19576 0.27940 0.37486 0.48079 0.63440 0.84434 1.13605 1.47376 1.74616 1.85040 1.95273 1.86164 1.42385 0.62752 0.23684 0.16846 0.08107 0.05586 0.27905 0.28354 0.26929 0.29324 0.21606 0.16317 0.07316
0.00000 0.00000 0.00000 0.00000 0.00000 0.81716 2.62053 1.95021 1.48627 1.21071 0.61925 0.29928 0.29304 1.21176 2.94275 3.87679 3.08035 2.17425 1.43614 0.82952 0.49596 0.31864 0.21016 0.14421 0.10629 0.08351 0.07039 0.06215 0.04301 0.00000 0.00000 0.00000 0.00000 0.00000 0.00000 0.10533 0.36624 0.47131 0.53258 0.62630 0.73403 0.87957 1.05886 1.27864 1.58116 1.88846 2.00762 1.87656 1.43342 0.78436 0.44215 0.33472 0.30531 0.09748 0.05821 0.00000 0.00000 0.00000 0.00000 0.00000
0.00000 0.00000 0.00000 0.10158 0.66870 5.05972 11.57888 8.58639 3.26738 1.52977 0.52669 0.13934 0.04462 0.00000 0.12245 0.52529 1.28701 1.63198 1.20867 0.80766 0.49540 0.30716 0.19502 0.12101 0.08507 0.07505 0.07530 0.06567 0.00000 0.00000 0.00000 0.00000 0.00000 0.00000 0.00000 0.02454 0.17565 0.31058 0.37628 0.42376 0.46562 0.51560 0.55841 0.59989 0.77055 1.15836 1.50943 1.57722 1.32475 0.82721 0.49267 0.36358 0.32159 0.26878 0.16150 0.03496 0.00000 0.00000 0.00000 0.00000
0.00000 0.00000 0.08180 1.02859 3.39783 11.84905 18.50255 9.03362 2.66566 0.55831 0.13504 0.00000 0.02876 0.06057 0.11858 0.18125 0.23901 0.00000 0.03583 0.06404 0.06875 0.06126 0.06075 0.05131 0.04403 0.04100 0.05835 0.04211 0.05155 0.00000 0.00000 0.00000 0.00000 0.00000 0.00000 0.04638 0.08845 0.13531 0.19747 0.25011 0.27468 0.25951 0.22073 0.16530 0.12273 0.31668 0.74551 1.08268 1.07857 0.76167 0.49623 0.35292 0.38424 0.41660 0.23585 0.00000 0.00000 0.00000 0.00000 0.00000
0.00000 0.00000 0.75618 2.25197 5.48402 12.09509 12.35691 5.96390 2.37849 0.13810 0.03166 0.08325 0.08057 0.10008 0.18536 0.28468 0.31729 0.02807 0.06742 0.02708 0.00000 0.00000 0.00000 0.00000 0.00000 0.05701 0.11339 0.08755 0.10973 0.12240 0.07388 0.00000 0.00000 0.00000 0.00000 0.00000 0.00000 0.00000 0.00000 0.05805 0.12528 0.12500 0.09354 0.05531 0.04827 0.15476 0.43628 0.79077 1.10273 1.14883 0.92003 0.67601 0.62989 0.65074 0.58812 0.36038 0.06803 0.00000 0.00000 0.00000
0.00000 0.11089 0.88169 2.16372 4.70986 8.15703 7.18315 3.68147 1.18615 0.06119 0.21054 0.19144 0.08242 0.21795 0.65991 0.70118 0.59495 0.26676 0.07468 0.00000 0.00000 0.00000 0.00000 0.00000 0.06930 0.12961 0.23581 0.31838 0.41147 0.23818 0.11840 0.00000 0.00000 0.00000 0.00000 0.00000 0.00000 0.00000 0.00000 0.00000 0.00000 0.03633 0.03015 0.02503 0.07527 0.17458 0.38403 0.78242 1.30168 1.74803 1.87297 1.53812 1.07944 0.84877 0.74391 0.58362 0.30933 0.00000 0.00000 0.00000
0.00000 0.02631 0.39382 0.93217 1.58355 2.34772 2.03791 0.70024 0.16741 0.13911 0.32406 0.11461 0.48386 1.12246 1.75155 1.34170 0.88645 0.28600 0.06456 0.00000 0.00000 0.00000 0.02782 0.08379 0.15854 0.28968 0.49586 0.69173 0.50890 0.38828 0.16264 0.00000 0.00000 0.00000 0.00000 0.00000 0.00000 0.00000 0.00000 0.00000 0.00000 0.00000 0.00000 0.00000 0.02501 0.14002 0.27698 0.56077 1.18337 1.84576 2.10613 1.85786 1.30559 0.95228 0.78998 0.63904 0.38566 0.16820 0.10783 0.18724
0.00000 0.00000 0.03672 0.21882 0.28922 0.26393 0.24906 0.41523 1.33059 3.87980 5.40168 2.84116 1.22997 2.28483 3.19882 2.92147 0.91594 0.21718 0.03729 0.00000 0.00000 0.03768 0.12484 0.25632 0.48335 0.80464 1.11834 1.22612 0.79170 0.56687 0.24095 0.00000 0.00000 0.00000 0.00000 0.00000 0.00000 0.00000 0.00000 0.00000 0.00000 0.00000 0.00000 0.00000 0.00000 0.04010 0.09312 0.20733 0.65805 1.40588 1.72738 1.63245 1.32470 0.90036 0.64375 0.45049 0.29536 0.20793 0.16108 0.18108
0.00000 0.00000 0.00000 0.00000 0.00000 0.00000 0.06751 0.57818 2.25975 8.68276 9.50476 5.14685 2.20393 4.41690 2.95372 2.72803 0.84542 0.08171 0.00000 0.00000 0.08755 0.33048 0.56619 0.92512 1.36892 1.71746 1.97179 1.46240 1.13216 0.77493 0.34759 0.02454 0.00000 0.00000 0.00000 0.00000 0.00000 0.00000 0.00000 0.00000 0.00000 0.00000 0.00000 0.00000 0.00000 0.00000 0.02569 0.06125 0.36404 1.03028 1.51528 1.56024 1.12084 0.56254 0.29677 0.21851 0.19863 0.19187 0.09697 0.00000
0.00000 0.00000 0.00000 0.00000 0.00000 0.00000 0.10046 0.57500 1.95812 5.99983 6.57845 3.20069 1.09652 2.21441 2.82271 1.87076 0.33902 0.00000 0.00000 0.02084 0.86986 1.70425 2.24073 2.51998 2.56321 2.42122 2.32976 1.70175 1.31759 0.83626 0.40818 0.04081 0.00000 0.00000 0.00000 0.00000 0.00000 0.00000 0.00000 0.00000 0.00000 0.00000 0.00000 0.00000 0.00000 0.00000 0.00000 0.00000 0.27093 0.96979 1.38278 1.36141 0.86515 0.28149 0.06330 0.03695 0.15684 0.18345 0.06950 0.00000
0.00000 0.00000 0.00000 0.00000 0.00000 0.00000 0.00000 0.42671 1.49203 3.26516 3.45195 2.19224 1.60749 0.89378 1.13098 0.46812 0.00000 0.00000 0.00000 1.02693 2.54656 3.80963 4.46349 4.01724 3.54021 3.19547 2.71320 2.14027 1.51416 1.22191 0.67503 0.27720 0.14735 0.00000 0.00000 0.00000 0.00000 0.00000 0.00000 0.00000 0.00000 0.00000 0.00000 0.00000 0.00000 0.00000 0.02910 0.10141 0.29214 0.76815 0.91957 0.86122 0.41167 0.06195 0.00000 0.00000 0.14290 0.24124 0.18794 0.09841
0.00000 0.00000 0.00000 0.00000 0.00000 0.00000 0.00000 0.16628 0.91606 2.45728 4.37883 4.40527 3.36397 1.51953 0.38145 0.00000 0.00000 0.00000 0.00000 5.27328 7.03922 7.04455 6.46027 5.12934 3.76845 3.34258 2.88660 1.85659 1.49572 1.43729 1.26811 0.77715 0.44936 0.20060 0.00000 0.00000 0.05585 0.06638 0.14060 0.08026 0.00000 0.00000 0.06868 0.25841 0.52094 0.48801 0.57640 0.45254 0.44946 0.57429 0.87466 1.01484 0.70510 0.04537 0.04761 0.31724 0.44879 0.37791 0.31789 0.27069
0.00000 0.00000 0.00000 0.00000 0.00000 0.00000 0.15252 0.40318 1.69987 5.71405 9.38518 8.62101 5.93687 2.18913 0.27721 0.03065 0.00000 0.00000 0.24847 7.60606 16.49569 18.91303 14.51866 7.85321 4.17610 2.91686 2.33850 1.88982 1.61742 1.63737 1.59703 1.18451 0.61186 0.26955 0.00000 0.50742 0.72996 0.65474 0.64706 0.56919 0.00000 0.08996 0.12348 0.63048 1.61607 1.96718 1.38005 0.72883 0.44054 0.52897 1.26683 2.03703 2.05533 1.39342 1.04415 1.14302 1.09603 0.87649 0.76559 0.63235
0.00000 0.00000 0.00000 0.00000 0.17585 0.95093 1.66151 2.22870 5.12607 11.01705 15.62192 15.84839 12.19011 5.56761 1.64122 0.83682 1.31467 2.88835 4.54368 9.69474 30.59756 36.64127 20.45683 7.57478 5.69277 5.30373 2.74456 1.54632 1.09363 1.39954 1.73974 1.42279 0.72205 0.23428 0.03415 0.80318 1.39661 1.12554 1.19235 1.43509 1.05664 0.61326 0.69742 1.71450 3.49160 3.91200 2.84131 1.86231 1.36443 2.73453 4.14078 5.22635 5.71877 4.74209 2.93570 2.32757 2.59026 2.60550 2.29653 1.50418
0.00000 0.00000 0.07142 0.45718 1.52156 3.62101 5.28517 6.59357 10.84583 18.25985 25.97167 27.28115 19.29247 7.75268 2.68218 1.85308 3.17579 7.51791 13.03305 16.09943 24.78905 25.88157 12.89938 5.30361 6.05280 5.75466 3.48502 1.67798 1.19471 1.65788 2.36282 2.10777 1.00621 0.26945 0.04068 1.91309 3.93951 4.25930 3.99489 3.99414 3.30164 2.20512 2.35178 3.54324 4.71201 4.88257 3.96115 4.05592 8.34323 18.06228 22.10645 22.47294 11.67835 8.01218 4.97918 3.97041 4.03230 4.41631 4.24731 2.83993
0.24436 0.37679 0.66421 1.31310 3.17566 6.27099 8.50313 9.35611 12.48328 19.98351 32.50129 36.46184 21.43790 7.86353 2.82323 1.65531 3.01132 9.35235 17.86092 14.78645 10.80122 7.88441 5.42723 2.90010 3.34755 3.82893 3.36899 2.00748 2.08135 3.85234 4.17580 3.39896 1.67313 0.41615 0.04475 3.78505 8.63432 10.69542 9.25099 8.99766 7.22629 4.13991 3.13080 3.84420 4.28463 4.24895 7.21636 14.21871 27.75235 42.69677 51.05760 52.83052 35.45564 14.16204 7.79845 5.24705 4.85317 4.70513 4.40388 4.13997
1.36348 1.82422 2.01070 1.88085 2.62195 5.17065 8.16854 9.68901 10.88209 11.44545 15.01449 21.01878 12.47687 4.25698 1.27534 0.45636 1.32447 5.07094 7.68831 3.58633 1.73481 0.19490 0.00000 0.52033 1.85454 3.35492 4.32934 3.68977 3.43984 5.45593 8.37800 5.39724 2.12701 1.04931 1.36444 7.18223 20.97449 17.83490 14.63924 16.36446 10.98488 5.38840 2.43905 2.02916 2.89310 5.14051 8.66845 13.61181 26.42636 46.48692 52.00975 48.40931 45.23932 20.58101 10.32550 7.43989 6.22986 6.06853 4.26177 3.97964
3.08910 3.48386 3.30711 2.01731 1.00869 2.39543 5.69561 9.15155 10.76083 9.41153 7.40583 6.88737 4.32023 1.18314 0.40378 0.43731 1.00713 2.21716 2.48818 1.78457 0.86566 0.57410 0.32534 0.36756 1.47373 2.60897 3.44573 3.70723 3.67903 3.15742 4.69235 4.59198 1.95036 0.83431 0.39646 10.31017 48.78419 41.98327 31.97530 20.60690 11.62294 5.05581 0.17909 0.16165 0.77779 2.19194 3.46051 3.99458 8.54637 24.57945 33.40321 34.53447 33.81065 25.97279 13.39707 8.89304 7.01627 6.43547 4.76119 4.22662
5.05785 4.53558 4.13882 2.81906 1.35287 1.35462 3.50329 9.11427 14.99922 16.93431 10.35699 4.15350 3.53286 3.43990 2.82870 2.56862 2.71855 2.97064 2.48455 2.97855 3.40005 1.89033 1.08075 1.61512 2.40035 2.24697 1.36812 2.59560 4.69604 5.21673 5.26869 2.04203 0.73789 0.46762 0.67152 10.23086 36.22479 35.81772 23.24075 12.65008 7.84015 4.11435 0.14084 0.00000 0.00000 0.59208 0.67275 0.16087 1.68670 10.40802 21.01052 27.17401 28.65302 19.01418 9.88859 7.75521 7.12613 8.14240 8.83645 8.40945
9.33285 7.21321 6.03743 4.74968 2.77080 1.53197 2.96284 9.42772 16.79484 18.77781 14.10544 8.93968 7.66846 7.42577 5.66315 4.88236 5.27366 4.47186 2.87841 4.05869 6.36397 4.71843 3.88031 5.06628 6.19036 5.75446 4.89443 5.68639 9.33384 13.64981 12.15702 3.80766 0.24932 0.02943 1.05327 9.74562 16.11133 11.46063 4.79017 4.48709 5.80627 5.05004 2.05054 0.95346 0.31435 0.17421 0.13320 0.00000 0.00000 1.32853 10.88675 16.84866 13.78603 6.49876 4.60379 4.70644 5.84815 8.23460 12.53186 17.04968
14.83988 9.98241 7.07793 5.95386 4.56585 3.62925 5.29407 10.67377 17.22749 19.16681 14.56210 9.71529 9.45762 10.42834 7.32993 5.26379 6.22033 7.55234 6.34295 7.08973 6.70442 5.87009 8.63653 12.00428 11.51187 9.84625 8.33560 8.40425 13.12059 20.79455 21.41825 10.38164 2.55298 1.64726 6.38271 10.26425 9.49140 7.32939 2.30405 4.01758 6.86160 8.65581 13.10356 11.80718 6.12196 1.10860 0.06603 0.42517 0.42541 1.82721 5.00907 6.12921 3.78342 2.48039 1.79920 2.36603 3.63025 5.45256 9.77441 22.27012
15.58674 10.87103 6.79130 5.34461 7.08275 6.50816 6.88650 11.60804 17.78890 21.86649 15.76389 9.85480 9.24332 9.65049 7.45376 6.10691 8.93528 10.19647 10.83577 19.97361 16.67674 10.60669 16.45448 20.06317 16.14856 10.32576 6.72463 8.16325 11.40210 16.36144 17.46774 12.52859 5.72550 3.41567 10.16434 11.68638 5.53788 4.31036 1.42690 3.10407 8.95876 18.20810 33.58145 38.87778 15.63809 2.33463 1.82287 4.20177 3.83626 3.56651 4.05863 3.18581 2.00664 1.32931 0.97764 1.50138 1.99059 3.76364 6.66559 16.46957
13.53178 11.92893 9.69313 9.48919 12.48177 17.16367 11.69341 12.25816 16.17389 19.07756 18.28586 13.63188 12.19507 12.53025 11.15579 11.31826 12.48616 9.46397 14.61132 30.20277 29.04927 14.13693 28.62005 31.69337 23.99664 14.21286 7.95993 7.86135 9.32216 10.51776 11.73044 11.05730 9.95767 10.71305 14.89425 15.04643 13.80323 16.91140 8.25031 12.95961 18.39073 28.98532 40.66529 22.97732 8.60716 2.70559 4.78297 9.22237 9.29968 7.36995 5.96451 3.54780 1.82251 1.26022 1.27737 1.98257 2.61293 5.30914 9.32888 22.66370
10.06091 10.33357 9.77646 10.61860 13.38517 16.49594 12.23325 11.91651 16.98114 22.35412 24.22389 22.31035 22.40285 23.90501 24.42855 24.86262 26.06168 23.94405 20.23777 25.83923 30.21104 26.18051 37.45216 38.18293 27.86247 17.24423 9.92718 6.12765 5.95223 8.22150 9.74836 12.28649 18.59954 24.50923 34.94094 35.36629 27.42231 33.27929 23.18771 41.74566 56.78448 60.25394 47.35444 30.38671 14.71505 5.13120 3.85061 7.87529 8.91519 7.38020 5.39011 3.34222 2.01277 1.33284 1.24592 2.31004 3.75284 8.14437 14.65885 35.83131
5.23491 5.59475 7.58824 11.70856 14.25550 10.78149 8.20640 10.68267 19.20836 27.86931 31.08760 31.97797 27.90045 38.42387 49.60493 48.83122 41.67986 35.99178 23.62826 37.38612 54.79227 53.24622 44.65572 35.86354 25.55825 17.08833 10.90251 6.74812 5.23733 6.69546 8.55723 13.76823 21.52140 29.06232 37.48480 52.35039 40.73322 66.85260 64.17425 76.91053 100.19981 130.74548 118.66158 86.27996 49.85175 13.49632 5.39721 4.70546 4.30649 3.64189 2.33975 2.02556 1.78726 1.43059 1.63117 2.10969 3.43961 6.15290 9.58552 31.86593
4.08830 3.22329 5.13847 12.47265 29.88577 26.64024 14.52870 14.04628 22.33132 29.49269 32.55986 36.42258 30.88251 44.90401 69.25732 58.08294 41.53634 28.47053 27.83057 70.04184 87.62041 66.40881 42.16764 24.07335 16.15068 14.34177 13.27585 9.86323 7.38397 7.08770 8.70014 15.57376 22.54449 28.70600 24.90942 20.50992 32.34916 70.97697 71.50787 65.04940 101.35228 241.36949 274.92111 185.13373 125.30932 54.59091 13.16325 4.01831 2.16845 1.96104 1.08026 0.91200 1.04770 1.10164 1.27955 1.50823 3.54051 6.48320 10.53470 26.28339
4.35573 2.06373 1.69107 6.75102 28.21682 29.10250 11.17768 11.54301 18.39177 24.38799 26.10264 20.84612 24.38898 35.55203 50.00411 45.85865 40.93787 24.60545 17.87081 45.92564 62.68904 55.07015 33.97775 12.36637 7.33132 10.49993 11.54161 9.17047 7.29116 7.92299 10.69676 17.08779 22.51042 26.76318 26.13485 13.52969 22.74585 86.85418 107.01625 64.25677 108.69192 257.53500 333.19174 168.83446 152.80298 109.60697 39.50020 8.00770 3.45868 2.92470 2.06666 0.91518 0.48628 0.69030 0.91192 1.17650 4.79424 11.43955 22.72899 36.79611
14.95425 5.19914 2.37279 4.05853 9.34359 8.28869 3.27167 7.83460 14.69989 14.99739 15.03174 10.93132 11.04752 18.84401 26.35123 23.38715 30.00945 22.21259 12.21995 21.13212 42.30151 52.00300 30.91360 14.62369 8.23693 7.39846 6.15620 4.36910 5.26641 6.26398 7.77566 11.61610 14.76847 17.50012 21.51466 9.90266 10.67822 46.63017 94.06497 117.57029 201.51460 279.79428 285.41742 140.64771 132.43065 130.70616 74.06656 17.95373 4.84047 3.94127 3.04406 1.53055 0.42483 0.58391 0.94078 1.96588 6.84259 16.07739 24.08698 28.80426
43.42487 23.17739 6.25273 3.26210 4.57654 10.76579 12.42482 11.03971 7.96604 6.57537 5.11376 3.95375 4.77472 7.95224 10.10468 5.98570 8.39686 10.49267 7.94340 10.67021 25.38519 36.84497 20.85669 11.19216 7.11639 4.39513 3.29800 3.47090 5.41106 4.00024 2.74479 4.88096 8.42379 10.26122 9.62341 4.39025 10.23012 32.33557 81.04525 129.58888 198.40311 -99999.00000 -99999.00000 163.54108 118.57111 101.49697 76.43050 27.50831 5.85054 4.46176 3.69931 1.69942 0.49133 0.64861 0.96429 1.73053 6.55076 16.00463 19.46478 17.67013
100.32633 58.83664 18.44209 5.28463 9.43036 25.55571 29.96099 17.06800 5.15951 2.47295 1.65225 1.52365 2.63720 3.90384 5.02710 5.01028 6.20175 7.27645 6.86116 5.79823 8.19959 12.03942 6.49753 4.81127 4.30184 1.87908 1.25354 1.11135 1.62384 1.13177 1.37923 3.44411 5.94357 8.45243 7.89479 -99999.00000 -99999.00000 -99999.00000 -99999.00000 -99999.00000 -99999.00000 -99999.00000 -99999.00000 78.51507 39.44940 38.44247 38.05636 24.29749 8.20896 4.30940 3.33053 0.94766 0.52236 0.60137 1.07075 2.86577 7.56939 13.06647 13.00580 11.29546
129.45438 85.20875 34.72496 16.48909 -99999.00000 35.32925 37.35390 20.45411 3.02349 1.25899 2.03263 2.13817 2.21020 2.45741 3.27814 4.85035 5.62305 6.29655 5.34026 3.06866 3.80090 4.82994 3.23355 3.02815 2.44583 0.53641 0.00000 0.12368 0.17527 0.15152 1.39191 4.73516 4.74715 3.09599 -99999.00000 -99999.00000 -99999.00000 -99999.00000 -99999.00000 -99999.00000 -99999.00000 -99999.00000 -99999.00000 -99999.00000 6.53519 7.18434 12.00168 13.69510 9.08650 3.57660 1.22348 0.61860 0.62452 0.87822 1.97785 4.03387 7.02941 9.49450 9.81632 9.24738
-99999.00000 -99999.00000 -99999.00000 -99999.00000 -99999.00000 53.50167 49.86829 18.95915 4.41082 3.21678 6.12993 5.72474 4.62531 4.90285 4.69270 4.14013 3.86376 3.64205 2.36799 1.49930 2.14628 2.92779 2.38855 1.86203 0.71562 0.04119 0.00000 0.00000 0.00000 0.10299 1.10126 2.69169 2.82695 0.85886 -99999.00000 -99999.00000 -99999.00000 -99999.00000 -99999.00000 -99999.00000 -99999.00000 -99999.00000 -99999.00000 -99999.00000 -99999.00000 2.07451 4.08591 5.43249 4.96605 2.25284 0.93191 0.86068 0.98344 1.82878 2.62733 3.27565 5.56292 8.43851 8.66122 7.98486
