DATA/RAW-RASTER/CPC/2017/20170921.asc
ncols			60
nrows			40
xllcorner		70.0
yllcorner		20.0
cellsize		0.5
NODATA_value	-99999
0.00000 0.00000 0.00000 0.00000 0.00000 0.00000 0.00000 0.08569 0.32921 0.63823 0.77418 0.74432 0.84593 1.31081 2.01671 2.01438 1.11085 0.76722 1.46619 1.67391 1.09986 0.47242 0.17234 0.06442 0.02190 0.00000 0.00000 0.00000 0.00000 0.00000 0.00000 0.00000 0.00000 0.00000 0.00000 0.00000 0.00000 0.00000 0.00000 0.00000 0.00000 0.00000 0.00000 0.00000 0.00000 0.00000 0.00000 0.00000 0.00000 0.00000 0.00000 0.00000 0.00000 0.00000 0.00000 0.00000 0.00000 0.00000 0.00000 0.00000
0.00000 0.00000 0.00000 0.00000 0.00000 0.00000 0.04076 0.24281 0.77398 1.18878 0.94465 0.63772 0.58462 0.63174 0.67402 0.59008 0.34382 0.25266 0.39847 0.51570 0.47570 0.29990 0.11160 0.00000 0.00000 0.00000 0.00000 0.00000 0.00000 0.00000 0.00000 0.00000 0.00000 0.00000 0.00000 0.00000 0.00000 0.00000 0.00000 0.00000 0.00000 0.00000 0.00000 0.00000 0.00000 0.00000 0.00000 0.00000 0.00000 0.00000 0.00000 0.00000 0.00000 0.00000 0.00000 0.00000 0.00000 0.00000 0.00000 0.00000
0.00000 0.00000 0.00000 0.00000 0.00000 0.08679 0.24934 0.61511 1.74540 2.34599 1.92523 1.03713 0.56314 0.38009 0.28847 0.24589 0.18794 0.04040 0.00000 0.00000 0.00000 0.00000 0.00000 0.00000 0.00000 0.00000 0.00000 0.00000 0.00000 0.00000 0.00000 0.00000 0.00000 0.00000 0.00000 0.00000 0.00000 0.00000 0.00000 0.00000 0.00000 0.00000 0.00000 0.00000 0.00000 0.00000 0.00000 0.00000 0.00000 0.00000 0.00000 0.00000 0.00000 0.00000 0.00000 0.00000 0.00000 0.00000 0.00000 0.00000
0.00000 0.00000 0.00000 0.00000 0.00000 0.24167 1.00856 2.49587 3.89145 3.75931 2.88576 1.57992 0.67706 0.29420 0.19667 0.13145 0.03076 0.00000 0.00000 0.00000 0.00000 0.00000 0.00000 0.00000 0.00000 0.00000 0.00000 0.00000 0.00000 0.00000 0.00000 0.00000 0.00000 0.00000 0.00000 0.00000 0.00000 0.00000 0.00000 0.00000 0.00000 0.00000 0.00000 0.00000 0.00000 0.00000 0.00000 0.00000 0.00000 0.00000 0.00000 0.00000 0.00000 0.00000 0.00000 0.00000 0.00000 0.03488 0.09851 0.10862
0.00000 0.00000 0.00000 0.00000 0.02678 0.45578 1.52170 3.06740 4.16301 4.55652 3.35996 1.81765 0.76111 0.30786 0.15140 0.03169 0.00000 0.00000 0.00000 0.00000 0.00000 0.00000 0.00000 0.00000 0.00000 0.00000 0.00000 0.00000 0.00000 0.00000 0.00000 0.00000 0.00000 0.00000 0.00000 0.00000 0.00000 0.00000 0.00000 0.00000 0.00000 0.00000 0.00000 0.00000 0.00000 0.00000 0.00000 0.00000 0.00000 0.00000 0.00000 0.00000 0.00000 0.00000 0.00000 0.00000 0.00000 0.07667 0.30119 0.41372
0.00000 0.00000 0.00000 0.00000 0.03927 0.43915 1.35987 2.49764 3.42747 4.02527 3.46052 2.01200 0.85265 0.32857 0.09751 0.02019 0.00000 0.00000 0.00000 0.00000 0.00000 0.00000 0.00000 0.00000 0.00000 0.00000 0.00000 0.00000 0.00000 0.00000 0.00000 0.00000 0.00000 0.00000 0.00000 0.00000 0.00000 0.00000 0.00000 0.00000 0.00000 0.00000 0.03045 0.05841 0.09111 0.08319 0.06277 0.04291 0.00000 0.00000 0.00000 0.00000 0.00000 0.00000 0.00000 0.00000 0.00000 0.06829 0.31650 0.44495
0.00000 0.00000 0.00000 0.00000 0.00000 0.00000 0.61543 1.65226 2.54607 3.32993 3.26087 2.10809 0.93642 0.34416 0.07496 0.00000 0.00000 0.00000 0.00000 0.00000 0.00000 0.00000 0.00000 0.00000 0.00000 0.00000 0.00000 0.00000 0.00000 0.00000 0.00000 0.00000 0.00000 0.00000 0.00000 0.00000 0.00000 0.02067 0.03474 0.04958 0.07104 0.12275 0.20907 0.30653 0.35913 0.32968 0.23264 0.11570 0.03856 0.00000 0.00000 0.00000 0.00000 0.00000 0.00000 0.00000 0.00000 0.00000 0.18384 0.38908
0.00000 0.00000 0.00000 0.00000 0.00000 0.00000 0.00000 0.38219 1.16856 1.69353 2.04092 1.66162 0.75267 0.10629 0.00000 0.00000 0.00000 0.00000 0.00000 0.00000 0.00000 0.00000 0.00000 0.00000 0.00000 0.00000 0.00000 0.00000 0.00000 0.00000 0.00000 0.00000 0.00000 0.00000 0.00000 0.02951 0.05666 0.09091 0.13657 0.21629 0.36190 0.55861 0.81129 0.99833 0.92736 0.79193 0.59964 0.32463 0.12176 0.03760 0.03109 0.02261 0.00000 0.00000 0.00000 0.00000 0.00000 0.00000 0.00000 0.32507
0.00000 0.00000 0.00000 0.00000 0.00000 0.00000 0.00000 0.04418 0.35667 0.60804 0.72727 0.51449 0.23526 0.10752 0.00000 0.00000 0.00000 0.00000 0.00000 0.00000 0.00000 0.00000 0.00000 0.00000 0.00000 0.00000 0.00000 0.00000 0.00000 0.00000 0.00000 0.04729 0.12670 0.12173 0.10439 0.11657 0.19175 0.31404 0.50242 0.77191 1.07182 1.37514 1.58551 1.60761 1.47745 1.38563 1.26128 0.98838 0.52355 0.30021 0.30396 0.40990 0.41911 0.22419 0.15653 0.12331 0.08915 0.11821 0.25385 0.60196
0.00000 0.00000 0.00000 0.00000 0.00000 0.00000 0.00000 0.17908 0.46482 0.60374 0.43741 0.27388 0.18871 0.12394 0.03147 0.00000 0.00000 0.00000 0.00000 0.00000 0.00000 0.00000 0.00000 0.00000 0.00000 0.00000 0.00000 0.00000 0.03710 0.27370 0.63536 1.07705 1.36156 1.25577 1.01798 0.79006 0.86089 1.14911 1.34185 1.54665 1.66307 1.76482 1.81938 1.75864 1.63641 1.48823 1.42683 1.43117 1.41415 1.50811 1.87825 2.21871 2.06460 1.41560 0.75105 0.44228 0.38392 0.42522 0.65575 1.14461
0.00000 0.00000 0.00000 0.00000 0.00000 0.00000 0.02032 0.67424 1.17572 1.12904 0.53244 0.18330 0.09645 0.06009 0.02894 0.00000 0.00000 0.00000 0.00000 0.00000 0.00000 0.00000 0.00000 0.00000 0.00000 0.00000 0.02613 0.04693 0.29212 0.96184 2.35731 4.11096 4.57862 4.80392 4.76563 5.02870 4.77218 3.65824 2.80608 2.32328 2.10484 2.07077 2.02616 1.91352 1.85477 1.72930 1.61291 1.65119 1.99596 2.76137 3.59244 3.89417 3.58193 2.55209 1.32526 0.65176 0.47586 0.58979 0.94035 1.52116
0.00000 0.00000 0.00000 0.00000 0.00000 0.00000 0.00000 0.84754 1.84179 0.94559 0.26972 0.07533 0.02733 0.00000 0.00000 0.00000 0.00000 0.00000 0.00000 0.00000 0.00000 0.00000 0.00000 0.00000 0.00000 0.00000 0.08445 0.25604 0.76231 2.11638 4.60791 6.38217 6.90058 7.05760 7.48686 8.01127 7.63449 6.63597 5.31201 3.84163 2.98001 2.47128 2.19528 2.01818 1.97629 1.92744 1.88606 1.99970 2.47483 3.17125 3.88080 4.22815 4.09170 3.32491 2.22865 1.30354 0.85894 0.82102 0.98400 1.34231
0.00000 0.00000 0.00000 0.00000 0.00000 0.00000 0.00000 0.65673 1.63385 0.62779 0.07831 0.00000 0.00000 0.00000 0.00000 0.00000 0.00000 0.00000 0.00000 0.00000 0.00000 0.00000 0.00000 0.00000 0.03390 0.08219 0.17862 0.46662 1.23982 3.40522 6.01894 7.11115 7.80990 8.37083 9.29781 9.92949 9.74217 9.65702 9.15842 7.04393 4.90713 3.56133 2.79010 2.32580 2.09199 2.07531 2.13349 2.11358 2.31974 2.61825 3.07531 3.48450 3.60480 3.31703 2.79562 2.17381 1.49066 1.11227 1.03298 1.06475
0.00000 0.00000 0.00000 0.00000 0.00000 0.00000 0.00000 0.23860 0.39100 0.11733 0.00000 0.00000 0.00000 0.00000 0.00000 0.00000 0.00000 0.00000 0.00000 0.00000 0.00000 0.00000 0.00000 0.02465 0.07989 0.18369 0.38144 0.84949 2.05066 4.56583 7.02185 8.01040 8.82473 9.62724 10.58000 11.39975 11.50265 11.43731 10.99335 10.03704 8.45055 6.33358 4.50033 3.38053 2.87606 2.56355 2.45840 2.36002 1.89716 1.37015 1.26115 2.04030 2.92494 3.36383 3.27794 2.80798 2.13285 1.47946 1.11990 1.01239
0.00000 0.00000 0.00000 0.00000 0.00000 0.00000 0.00000 0.00000 0.00000 0.00000 0.00000 0.00000 0.00000 0.00000 0.00000 0.00000 0.00000 0.00000 0.00000 0.00000 0.00000 0.00000 0.00000 0.07403 0.19351 0.43974 0.87367 1.62427 3.15603 5.31166 7.19168 8.15370 9.01890 9.98905 11.33883 12.09331 12.47639 12.42310 12.24356 11.91585 11.17019 8.80053 6.05155 4.55298 4.00619 3.61213 3.39613 3.11529 2.48761 1.40502 0.78592 1.65448 2.97719 3.75231 3.84888 3.63154 2.54930 1.58018 1.03862 0.75751
0.00000 0.00000 0.00000 0.00000 0.00000 0.00000 0.00000 0.00000 0.00000 0.00000 0.00000 0.00000 0.00000 0.00000 0.00000 0.00000 0.00000 0.03039 0.06675 0.02570 0.00000 0.00000 0.07619 0.24266 0.59249 1.22543 2.07790 2.98184 4.48141 5.86160 7.06305 8.05174 9.08308 10.52994 12.25792 12.84441 12.94388 12.52729 12.29703 12.09275 11.68765 9.64065 6.57931 4.58517 4.02629 3.94996 4.09968 4.15387 3.95175 3.48051 3.36902 3.99349 4.92743 5.49147 5.59755 4.61956 2.79555 1.57407 0.96159 0.54240
0.00000 0.00000 0.00000 0.00000 0.00000 0.00000 0.00000 0.00000 0.00000 0.00000 0.00000 0.00000 0.00000 0.00000 0.00000 0.03542 0.46272 0.29669 0.27131 0.18776 0.13768 0.19172 0.41416 0.91496 1.81378 2.93442 4.08881 4.92078 5.62240 6.12805 6.88264 7.99339 9.09024 10.33471 11.12532 11.75348 12.25082 11.99916 11.79277 11.68265 11.63171 10.10054 6.50552 4.26150 3.79223 3.85928 4.34448 4.33297 4.68966 5.72564 7.09227 7.96374 8.06578 8.61199 8.81580 6.35563 3.06113 1.71777 1.14395 0.43739
0.00000 0.00000 0.00000 0.00000 0.00000 0.00000 0.00000 0.00000 0.00000 0.00000 0.00000 0.00000 0.00000 0.00000 0.06544 1.09552 1.70328 1.00865 0.76832 0.68073 0.74722 1.05328 1.71122 2.75968 3.98872 4.95108 5.97477 6.22376 5.84227 5.50354 5.69732 6.39747 8.53638 10.35475 11.14969 11.99428 12.48953 12.03281 11.99812 11.74677 11.34903 9.83924 6.44010 4.05970 3.69008 4.18416 4.90369 5.37493 6.03629 7.69956 8.66280 8.89981 9.40916 10.67602 11.54618 9.00046 5.18240 3.15457 2.11614 1.35248
0.00000 0.00000 0.00000 0.00000 0.00000 0.00000 0.00000 0.00000 0.00000 0.00000 0.00000 0.00000 0.00000 0.00000 0.79457 4.31744 5.33746 3.19926 2.19659 1.93353 1.71684 2.21601 3.33160 4.68206 6.18134 7.21405 7.46429 7.11665 6.17021 4.76802 4.09055 4.17848 5.68022 7.93789 9.79449 11.30465 11.65992 11.67252 11.46458 10.87780 9.98960 8.07693 5.45533 4.14150 4.02345 4.96622 6.89936 9.56101 11.63246 11.77954 9.60418 8.47910 9.80103 11.95938 11.84583 9.52541 6.71854 5.17829 4.40455 3.83170
0.00000 0.00000 0.00000 0.00000 0.00000 0.00000 0.00000 0.00000 0.00000 0.00000 0.00000 0.00000 0.00000 0.00000 1.50009 6.39337 7.11520 3.48131 4.56237 5.79395 3.36012 3.17497 4.64025 6.88699 8.23691 9.28675 9.22935 7.58820 6.21592 5.21176 3.35890 2.36958 2.52699 3.91028 6.00957 7.99091 8.65967 8.39709 8.11544 7.39948 5.99414 3.53013 2.02460 2.15686 3.22425 5.73318 10.70228 15.36736 20.85266 20.09553 16.95225 13.22392 11.08183 11.27141 10.02832 7.96481 6.21290 5.58540 5.73736 6.17398
0.00000 0.00000 0.00000 0.00000 0.00000 0.00000 0.00000 0.00000 0.00000 0.00000 0.00000 0.00000 0.00000 0.00000 0.53088 1.87566 2.09699 2.60244 5.26914 8.45533 5.99903 5.98739 10.01863 13.93213 12.62138 10.72399 9.64130 9.26264 8.81844 6.75931 3.77932 1.77089 1.12169 1.14836 1.84292 2.77312 3.02375 2.55477 2.53686 2.76025 2.05512 0.76775 0.28215 0.66183 1.89936 5.04556 10.93734 17.73501 25.98015 22.86251 21.06617 17.52273 12.62792 10.28166 6.43150 5.24685 4.66966 5.01706 6.28352 7.99442
0.00000 0.00000 0.00000 0.00000 0.00000 0.00000 0.00000 0.00000 0.00000 0.00000 0.00000 0.00000 0.00000 0.00000 0.00000 0.08579 0.17970 1.63360 5.45088 9.49848 11.81755 12.79666 19.59946 20.13838 22.23685 22.47574 14.17589 10.63245 7.80300 6.13627 3.92589 1.84064 0.73437 0.33658 0.37207 0.49547 0.58632 0.31978 0.41601 0.73842 0.43711 0.11725 0.05458 0.28400 0.87566 2.76183 7.87294 17.51333 22.67982 26.38751 22.28435 17.31936 14.18249 10.41475 5.46526 3.07927 2.98687 3.56714 5.76263 10.08389
0.00000 0.00000 0.00000 0.00000 0.00000 0.00000 0.00000 0.00000 0.00000 0.00000 0.00000 0.00000 0.00000 0.00000 0.00000 0.49935 1.79836 5.67763 17.40020 24.65959 29.04439 30.17211 32.90451 33.59209 36.07525 32.36929 22.75901 16.26101 10.83964 6.85710 4.40043 2.42626 0.96848 0.23489 0.12759 0.05271 0.42149 0.49014 0.30942 0.30667 0.13711 0.00000 0.03262 0.14302 0.23780 0.84666 3.83989 11.14372 23.99281 39.05088 32.15060 26.43348 14.46987 10.20924 5.19015 2.35716 1.63288 1.61627 3.71950 9.36410
0.00000 0.00000 0.00000 0.00000 0.00000 0.00000 0.00000 0.00000 0.00000 0.00000 0.00000 0.00000 0.00000 0.00000 0.55346 2.75277 6.60144 17.07479 37.86945 50.99661 51.86065 47.10520 48.17500 46.98712 44.46916 31.69163 20.78645 19.50465 18.33589 11.62325 5.71409 3.58890 2.19779 1.07553 0.75007 1.06399 1.69807 1.53577 0.61799 0.45637 0.41389 0.00000 0.23382 0.20406 0.13804 0.47942 4.46977 16.80154 30.23991 37.02695 43.42010 44.35156 27.76385 13.01398 6.23604 2.34045 1.42022 1.12087 2.31654 7.26969
0.00000 0.00000 0.00000 0.00000 0.00000 0.00000 0.00000 0.00000 0.00000 0.00000 0.00000 0.00000 0.00000 0.00000 1.19741 3.35861 6.94226 16.66919 33.83970 49.41938 51.11255 50.54655 58.20072 62.59299 57.13469 32.13484 12.78158 12.67374 17.26123 14.78578 9.11905 6.08559 5.09175 4.56425 3.33947 2.88453 6.08039 4.22645 1.41656 1.55313 1.58278 1.65960 1.27019 0.68748 0.79706 2.32151 8.65608 20.10754 23.02296 21.25346 23.68804 28.99187 28.68849 14.73487 7.47666 3.74683 2.36630 2.36522 2.49793 4.83477
0.00000 0.00000 0.00000 0.00000 0.00000 0.00000 0.00000 0.00000 0.00000 0.00000 0.00000 0.00000 0.00000 0.05390 1.34208 2.13063 4.80816 12.53344 22.10186 28.92020 30.27968 36.37099 52.15756 63.85552 55.06211 37.30799 26.28079 21.83422 21.91250 20.21102 15.24684 9.94615 8.38519 9.48054 10.29657 7.29152 12.47099 12.04408 7.86763 4.69484 3.82664 5.21937 5.97369 3.01072 3.08396 5.03319 13.15913 23.62308 21.13450 15.15328 10.88609 14.75834 17.66595 15.95987 9.05297 4.28759 2.65058 2.62094 2.61538 3.95684
0.00000 0.00000 0.00000 0.00000 0.00000 0.00000 0.00000 0.00000 0.00000 0.00000 0.00000 0.00000 0.08297 1.30331 3.79016 5.80019 8.33042 14.10257 16.20851 15.74609 14.73844 19.31527 30.44588 44.13404 44.26180 40.69505 45.15377 36.67191 23.43780 17.07540 13.33382 9.00531 7.62463 9.34963 13.09247 12.38160 6.66785 10.44401 10.25569 6.93042 5.28238 5.85117 9.23716 5.97294 3.14551 2.41505 7.82355 19.20976 32.39245 27.73978 19.80604 16.89397 16.50552 11.70812 5.66932 2.82004 1.76431 2.13910 2.60635 3.35253
0.00000 0.00000 0.00000 0.00000 0.00000 0.00000 0.00000 0.00000 0.00000 0.00000 0.00000 0.20515 0.76817 3.19861 8.94212 15.36441 20.70287 26.36386 17.42407 9.30488 5.80230 9.46166 17.30158 26.57400 32.87989 33.36884 33.38812 25.55441 13.96414 7.73080 4.91169 3.95390 3.19968 3.86132 6.77459 9.13576 8.73749 12.68530 9.51383 7.66972 5.19131 2.87610 5.52484 4.88819 1.65699 0.62122 2.94022 8.07990 19.10427 25.65579 24.40618 20.41031 11.66458 4.60744 1.79547 0.91689 0.95699 1.31902 2.06346 2.98147
0.00000 0.00000 0.00000 0.00000 0.00000 0.00000 0.00000 0.00000 0.00000 0.00000 0.08368 0.56962 1.51142 4.58594 15.26485 26.89806 51.20039 49.15346 30.71521 16.62672 9.23732 8.12706 9.69157 14.14843 21.97959 24.62438 17.21240 10.20596 6.62929 4.88750 7.29480 5.59890 3.46877 3.29429 4.76739 9.65466 13.98913 15.16102 8.08236 8.00521 7.50017 4.87904 6.05654 4.23722 2.32822 0.27045 0.50431 3.25193 8.58909 12.87812 15.87751 11.63217 4.50551 1.86746 0.40173 0.39634 0.50566 0.64773 1.12161 2.68237
0.00000 0.00000 0.00000 0.00000 0.00000 0.00000 0.00000 0.00000 0.00000 0.00000 0.47573 1.44058 5.69075 15.88396 28.86880 35.03884 43.61019 42.06568 51.35391 36.05167 16.51177 8.37577 6.14746 7.83200 13.60128 14.90712 5.52276 4.36867 6.97705 10.33743 11.36658 9.42075 6.68959 6.31319 5.73898 16.68027 24.86815 11.27286 9.54332 12.57809 13.06783 13.45772 17.32367 19.07845 9.96767 3.67720 1.30002 2.02733 3.04232 4.62611 6.38625 4.56544 2.15040 0.71469 0.30278 0.35671 0.35012 0.29296 0.43267 1.62406
0.00000 0.00000 0.00000 0.00000 0.00000 0.00000 0.00000 0.00000 0.00000 0.00000 1.58604 8.23562 19.82656 39.43683 57.02604 49.22049 46.62500 46.40946 52.57521 38.74091 18.40866 5.80081 2.34724 3.44702 6.17650 6.99416 3.85941 4.06303 8.06169 13.87618 14.84094 11.03965 7.85096 6.28699 9.60027 19.39276 22.63802 12.58609 12.85994 19.36037 17.65296 15.11797 19.75117 18.34198 10.45437 8.81629 4.71001 2.39076 2.30854 2.83722 3.55878 2.60623 1.02017 0.48118 0.48637 0.58876 0.46082 0.28637 0.55833 1.77232
0.00000 0.00000 0.00000 0.00000 0.00000 0.00000 0.00000 0.00000 0.00000 0.64337 7.27397 26.31828 48.71093 61.22903 59.88815 47.13380 38.48317 35.18636 29.70753 22.05799 14.55409 5.72326 2.65097 3.35374 4.66212 5.70669 4.44476 2.60063 4.22009 9.57363 10.58760 7.80016 5.19855 3.88625 6.67549 7.75474 5.97308 5.89309 10.58263 23.53076 19.50229 9.76101 10.51595 12.96222 6.17185 5.67530 3.07005 2.47589 2.14474 2.04224 1.82008 1.04655 0.63458 0.53673 0.53163 0.81508 0.74856 0.40694 0.94797 2.61591
0.00000 0.00000 0.00000 0.00000 0.00000 0.00000 0.00000 0.00000 0.10843 3.07401 12.14713 41.43003 84.34927 81.15005 51.15012 33.11438 26.04661 23.25238 14.10264 15.72163 17.20733 8.37261 5.92560 7.70600 8.92981 8.78551 7.15974 3.94362 2.53987 3.93203 3.48790 2.57934 1.72698 1.76614 2.20385 1.00473 0.35005 1.59164 5.30147 10.98333 8.07526 3.93845 3.40135 5.90489 5.12656 2.57000 1.72446 1.46223 1.18531 0.98921 0.70271 0.56163 0.57959 0.59515 0.70050 0.80364 0.86452 0.73970 0.81417 2.98402
0.00000 0.00000 0.00000 0.00000 0.00000 0.00000 0.00000 0.00000 0.19978 1.02744 4.73919 23.11291 82.55309 78.10670 44.16092 20.06906 14.71857 14.40457 14.12527 27.97954 27.75567 13.32563 10.90829 16.40096 17.31549 13.58679 10.80013 7.24961 3.71278 1.24319 0.10183 0.35187 0.31610 1.74348 2.35773 0.69673 0.04318 1.94812 2.56168 6.92165 10.11782 5.13645 2.10853 3.86071 6.94577 4.38009 1.64238 0.90690 0.66894 0.64470 0.44064 0.37800 0.42053 0.50393 0.58542 0.63099 1.18011 1.95551 3.03579 6.43022
0.00000 0.00000 0.00000 0.00000 0.00000 0.00000 0.00000 0.00000 1.08453 3.34720 5.18870 11.61240 41.89046 51.35382 33.76681 15.51925 16.38430 13.47630 10.21655 17.76820 16.45816 12.26837 14.90927 22.96849 21.74137 16.11931 10.73117 6.46095 2.66735 0.19985 0.00000 0.00000 0.18592 0.97490 1.32595 0.87119 0.53946 7.78827 11.12423 10.81121 14.67889 7.95588 3.62971 4.42288 10.13636 7.57358 3.13459 1.17663 0.80532 0.75870 0.61420 0.42309 0.30773 0.45966 0.53745 0.66535 2.08655 4.62228 8.69750 14.15873
0.00000 0.00000 0.00000 0.00000 0.00000 0.00000 0.00000 0.07985 3.11741 7.08311 11.74803 20.81587 40.34595 48.92839 29.88905 12.65231 15.73749 11.83350 6.74447 9.34755 8.78710 8.43314 10.66341 16.16007 17.74753 13.40484 6.66806 2.30866 0.47945 0.11039 0.25138 0.28323 0.49585 0.69736 0.58935 1.18280 0.77378 2.95796 12.97010 23.50941 37.18407 22.14730 5.95965 1.69374 5.73132 6.98300 4.43080 1.58375 0.83605 0.80026 0.73889 0.55468 0.37622 0.55857 0.72827 1.21425 3.21142 6.87001 10.15256 12.56133
0.00000 0.00000 0.00000 0.00000 0.00000 0.00000 0.00000 0.02778 3.01509 8.01361 13.65606 24.14364 49.11554 52.76323 26.79333 6.97643 5.04918 5.24400 5.28275 7.82113 9.40917 6.98596 5.13440 5.84342 7.35580 4.41601 2.61184 1.36927 0.52004 1.18821 1.04633 0.95168 2.48160 4.35294 3.79501 1.83200 1.14910 1.56690 11.76463 21.97936 24.19674 -99999.00000 -99999.00000 0.42737 1.66295 3.22745 3.25061 1.55373 0.71028 0.76290 0.81229 0.53617 0.39422 0.61923 0.86290 1.20954 2.88070 6.60010 8.39121 8.01851
0.00000 0.00000 0.00000 0.00000 0.00000 0.00000 0.00000 0.00000 1.79372 6.48114 12.11335 18.12383 28.73421 27.96966 14.46943 4.10553 2.68058 3.64814 5.12099 7.02249 8.99909 5.57555 1.96605 0.98276 1.24283 0.05917 2.01496 10.56555 15.06726 9.52845 1.81847 1.38229 4.39460 8.28122 7.60865 -99999.00000 -99999.00000 -99999.00000 -99999.00000 -99999.00000 -99999.00000 -99999.00000 -99999.00000 1.73244 0.53990 0.16683 0.62340 0.93563 0.57644 0.64276 0.65579 0.17337 0.07298 0.18335 0.46555 0.98920 2.25378 4.36433 5.05235 4.96294
0.00000 0.00000 0.00000 0.00000 -99999.00000 0.00000 0.00000 0.12520 0.60812 4.28225 11.90984 17.00702 19.09130 11.35768 5.10489 2.87216 2.66585 2.31224 4.51644 5.24108 6.02811 4.38461 1.68545 0.30031 0.00000 0.72557 9.29417 32.58651 52.34695 27.90548 3.02097 0.52671 4.07853 7.94881 -99999.00000 -99999.00000 -99999.00000 -99999.00000 -99999.00000 -99999.00000 -99999.00000 -99999.00000 -99999.00000 -99999.00000 0.00000 0.00000 0.00000 0.19984 0.44023 0.37070 0.04686 0.00000 0.00000 0.00000 0.00000 0.02742 0.14048 0.58412 1.04454 1.73230
-99999.00000 -99999.00000 -99999.00000 -99999.00000 -99999.00000 1.35174 1.42222 0.78977 1.39956 6.23673 16.07808 18.64508 17.74326 10.86374 5.50203 4.35774 4.50355 3.28926 5.22479 5.24694 5.11548 3.99765 1.96712 0.17959 0.00000 0.28885 3.98182 33.94429 60.72983 35.80708 4.32683 0.58093 3.50226 8.15075 -99999.00000 -99999.00000 -99999.00000 -99999.00000 -99999.00000 -99999.00000 -99999.00000 -99999.00000 -99999.00000 -99999.00000 -99999.00000 0.00000 0.00000 0.00000 0.07614 0.06461 0.00000 0.00000 0.00000 0.00000 0.00000 0.00000 0.00000 0.00000 0.00000 0.33989
