DATA/RAW-RASTER/CPC/2017/20170628.asc
ncols			60
nrows			40
xllcorner		70.0
yllcorner		20.0
cellsize		0.5
NODATA_value	-99999
0.95865 0.91704 1.01128 0.96395 0.72575 0.44827 0.25097 0.20397 0.34024 0.85413 1.29689 1.37495 2.15980 4.72637 8.85031 12.03738 13.85204 13.84042 12.45445 10.15199 7.68008 6.23500 5.69519 5.38205 4.96622 4.35038 3.51555 2.60746 1.67333 0.51930 0.16242 0.04250 0.00000 0.00000 0.00000 0.00000 0.00000 0.00000 0.00000 0.00000 0.00000 0.00000 0.00000 0.00000 0.00000 0.00000 0.00000 0.00000 0.00000 0.00000 0.00000 0.05957 0.21681 0.46704 1.20841 2.63774 3.15426 2.86372 2.39471 1.53321
0.86324 0.96922 1.47357 1.55184 0.96369 0.40251 0.05120 0.00000 0.29280 0.91071 1.44409 1.65564 3.03195 6.68667 10.47787 12.31143 12.94933 12.84045 11.90426 10.24524 8.16191 6.49288 5.73336 5.30274 4.97440 4.58685 3.84342 3.04393 1.87519 0.30158 0.11348 0.03641 0.00000 0.00000 0.00000 0.00000 0.00000 0.00000 0.00000 0.00000 0.00000 0.00000 0.00000 0.00000 0.00000 0.00000 0.00000 0.00000 0.00000 0.00000 0.00000 0.02910 0.37072 1.12715 2.76535 5.05250 6.60681 5.17312 2.66529 1.01491
0.38892 0.76607 1.04512 0.98437 0.59555 0.16658 0.00000 0.00000 0.11440 0.91145 2.65908 4.86727 7.59895 11.71442 14.08286 13.31905 11.44826 9.89731 8.67055 7.34021 5.98028 4.84192 4.37670 4.32145 4.27472 4.14523 3.69840 3.03369 1.92213 0.36073 0.06874 0.02114 0.00000 0.00000 0.00000 0.00000 0.00000 0.00000 0.00000 0.00000 0.00000 0.00000 0.00000 0.00000 0.00000 0.00000 0.00000 0.00000 0.00000 0.00000 0.00000 0.00000 0.12615 1.12074 2.50808 3.81529 4.83920 5.06023 3.14719 1.04558
0.43151 0.74220 0.69577 0.46977 0.19075 0.00000 0.00000 0.00000 0.00000 0.64477 3.22703 8.14363 12.91626 14.19058 14.66423 11.53920 7.49400 5.33786 4.20239 3.21887 2.49392 2.00376 1.97223 2.21263 2.50694 2.58740 2.60127 2.32840 1.54062 0.52350 0.07161 0.00000 0.00000 0.00000 0.00000 0.00000 0.00000 0.00000 0.00000 0.00000 0.00000 0.00000 0.00000 0.00000 0.00000 0.00000 0.00000 0.00000 0.00000 0.00000 0.00000 0.00000 0.04431 0.36578 0.89990 1.55643 2.11373 2.64878 2.55237 1.97065
0.23384 0.34770 0.24725 0.13516 0.04987 0.00000 0.00000 0.00000 0.00000 0.50022 3.21794 7.91721 12.43148 12.69523 10.26392 6.12943 2.87413 2.18168 1.67012 1.03672 0.72912 0.63281 0.69065 0.85456 1.08169 1.30190 1.35848 1.42489 1.00864 0.43110 0.06817 0.00000 0.00000 0.00000 0.00000 0.00000 0.00000 0.00000 0.00000 0.00000 0.00000 0.00000 0.00000 0.00000 0.00000 0.00000 0.00000 0.00000 0.00000 0.00000 0.00000 0.00000 0.00000 0.00000 0.11754 0.35232 0.85235 1.64031 2.43250 2.90399
0.02585 0.09032 0.04479 0.00000 0.00000 0.00000 0.00000 0.00000 0.00000 0.81130 3.71050 7.62947 10.31794 9.80614 6.91356 3.77289 1.93089 1.32553 0.79206 0.37118 0.27500 0.29287 0.33848 0.41937 0.52750 0.67991 0.71284 0.83304 0.71594 0.38711 0.05151 0.00000 0.00000 0.00000 0.00000 0.00000 0.00000 0.00000 0.00000 0.00000 0.00000 0.02859 0.05026 0.08661 0.11634 0.10009 0.07501 0.05229 0.02084 0.00000 0.00000 0.00000 0.00000 0.00000 0.00000 0.13240 0.48951 1.20201 2.17589 2.86730
0.00000 0.00000 0.00000 0.00000 0.00000 0.00000 0.00000 0.00000 0.00000 0.72047 3.82527 7.09070 8.80870 7.62462 5.44611 3.45230 2.11575 1.25514 0.63447 0.32890 0.25119 0.23822 0.25440 0.29400 0.36450 0.44313 0.47915 0.58586 0.57107 0.34558 0.00000 0.00000 0.00000 0.00000 0.00000 0.00000 0.00000 0.02027 0.03350 0.05397 0.08442 0.15045 0.25230 0.37568 0.42724 0.38674 0.27193 0.13596 0.04654 0.00000 0.00000 0.00000 0.00000 0.00000 0.05986 0.19982 0.35980 0.76677 1.66880 2.26551
0.03187 0.76943 0.58969 0.23364 0.84832 1.43969 1.58067 1.00857 0.91305 1.00413 2.27218 4.73328 6.34618 6.03618 4.44588 2.97826 1.91978 1.16058 0.66114 0.40129 0.31672 0.27146 0.26815 0.28683 0.31989 0.35003 0.39189 0.39459 0.39582 0.23148 0.00000 0.00000 0.00000 0.00000 0.00000 0.00000 0.03548 0.06678 0.10869 0.17553 0.29000 0.49798 0.83550 1.17277 1.13647 1.01015 0.77679 0.39779 0.13396 0.03243 0.00000 0.00000 0.00000 0.10451 0.19604 0.27178 0.40708 0.66576 0.99079 1.44091
1.11589 4.66677 4.52999 2.77884 5.16212 5.22616 3.45345 2.75451 2.50282 2.07630 2.10636 2.39992 3.22066 3.57693 3.24661 2.51406 1.70784 1.07488 0.67402 0.45964 0.35892 0.31615 0.29718 0.28677 0.28829 0.30968 0.30186 0.24904 0.21723 0.11794 0.02217 0.07118 0.15972 0.12713 0.07562 0.05221 0.09709 0.16428 0.26053 0.41819 0.65889 0.99722 1.38961 1.68681 1.78872 1.87071 1.76704 1.33787 0.58837 0.21034 0.10806 0.05950 0.14095 0.34507 0.52594 0.58673 0.69614 0.83744 0.98274 1.14062
4.02868 9.75884 15.14852 20.77626 15.60026 9.30255 5.27089 2.79053 2.79991 3.26663 2.67340 2.37779 2.51952 2.81408 2.84889 2.04908 1.22353 0.74973 0.54030 0.40842 0.33410 0.29261 0.26798 0.25178 0.23915 0.23934 0.22950 0.21235 0.24476 0.53333 0.93629 1.30555 1.32529 1.22161 1.03447 0.19448 0.20752 0.31685 0.41930 0.56004 0.71339 0.89458 1.09362 1.31665 1.59395 1.83364 1.92146 1.80011 1.36210 0.71465 0.33677 0.21843 0.32706 0.61709 0.89713 1.01400 1.08850 1.13999 1.24982 1.12743
3.95150 9.04178 16.30116 17.75998 9.47534 6.17647 4.75366 4.36169 4.63130 5.03967 4.05765 2.68424 2.61573 2.80909 2.88907 2.58189 1.22524 0.34346 0.24421 0.19619 0.16328 0.14504 0.13591 0.13507 0.13496 0.13693 0.14174 0.17095 0.47187 1.27326 2.75864 3.85240 4.10105 4.09186 3.68715 3.21557 2.44397 1.39668 0.73946 0.51994 0.52600 0.58362 0.61625 0.65054 0.82190 1.19274 1.50367 1.53466 1.22839 0.64023 0.23809 0.03475 0.05743 0.45637 0.91861 1.08002 1.11615 1.31989 1.60448 1.53838
4.49968 6.48894 9.39239 9.09318 7.39930 7.92449 4.10219 4.42186 6.43608 4.76736 5.29907 4.15173 3.16755 2.92618 2.78773 2.26942 1.40286 0.44431 0.11419 0.04640 0.03339 0.02862 0.02794 0.03141 0.03959 0.04762 0.05044 0.19197 0.71698 2.23976 4.72038 6.35882 6.53604 6.24744 6.03600 5.70215 4.62980 3.26290 1.98395 0.79768 0.47680 0.39784 0.30312 0.21473 0.14919 0.35576 0.78969 1.05529 0.86051 0.36391 0.09050 0.00000 0.00000 0.02580 0.57006 1.07091 1.24055 1.43428 1.71729 1.92172
5.69926 6.09268 7.29356 8.41594 12.07159 21.56843 20.58125 10.49301 9.69967 7.14362 8.39008 7.07476 4.51395 3.16823 2.63032 1.90094 1.14658 0.39709 0.14080 0.04282 0.00000 0.00000 0.00000 0.00000 0.00000 0.00000 0.00000 0.21836 0.97649 3.25530 6.19989 7.43113 7.93833 8.09651 8.42097 8.05043 6.65587 5.25240 3.76321 1.93352 0.70492 0.50755 0.36964 0.25051 0.18069 0.30354 0.62621 0.80964 0.63228 0.26183 0.06921 0.00000 0.00000 0.00000 0.13126 0.66544 1.11011 1.54434 1.88775 1.98716
5.47844 5.40219 5.91916 7.75363 12.65227 20.87362 18.76158 9.99374 8.83979 11.09050 10.39895 8.47732 7.83262 6.21003 4.12496 1.78951 0.97532 0.41791 0.11857 0.03155 0.00000 0.00000 0.00000 0.00000 0.00000 0.00000 0.00000 0.25266 1.34339 4.20844 7.54632 9.04170 9.77509 10.28619 10.64729 10.41805 8.92271 6.94020 4.75332 2.99809 1.90783 1.26146 1.21525 1.10415 1.05401 1.14642 1.36723 1.42920 0.93413 0.34524 0.05556 0.00000 0.00000 0.00000 0.00000 0.26925 0.79108 1.42920 1.82804 1.96994
4.01496 2.96700 2.68930 3.57467 4.98777 7.15157 6.59849 4.02845 7.24240 10.15519 15.62486 18.69063 21.61338 13.33872 5.10803 2.06774 1.80857 0.90880 0.30341 0.05258 0.00000 0.00000 0.02213 0.03330 0.00000 0.00000 0.00000 0.23642 1.53874 4.58636 7.77129 9.58940 10.62579 11.46065 12.52093 12.35370 11.04835 8.47070 5.54436 3.30511 2.25003 2.06856 2.37682 2.87790 3.20353 3.29392 3.24798 2.89188 1.99517 0.77406 0.14691 0.00000 0.00000 0.00000 0.00000 0.00000 0.40439 0.92541 1.38397 1.66894
2.54883 1.04320 0.75281 0.98128 1.11460 1.53128 4.35091 10.24137 16.44868 23.17340 31.20606 32.33610 31.38531 20.28405 7.20801 8.13834 3.97950 1.78758 0.85669 0.24118 0.07264 0.05908 0.06193 0.00000 0.00000 0.00000 0.00000 0.05376 1.43809 4.19191 7.40662 9.87054 11.21432 12.85597 14.77239 14.68554 13.15841 9.92650 5.94864 2.87324 1.69009 1.99423 3.10501 3.90832 4.37345 4.49046 4.59714 4.45176 3.54075 1.81250 0.67625 0.21905 0.10840 0.00000 0.00000 0.08553 0.27040 0.54417 1.12595 1.60634
2.77162 0.64407 0.23894 0.18529 0.36620 1.50814 5.69186 15.35992 25.53953 41.39520 42.03644 34.84476 29.65934 24.79823 15.89629 19.46346 9.37408 3.83302 2.54377 1.28648 0.57696 0.31621 0.05078 0.00000 0.00000 0.00000 0.00000 0.00000 0.82260 3.28799 6.65519 10.09584 11.50849 12.95648 13.87515 14.42871 14.26624 11.58015 6.62017 2.20579 0.92589 1.71024 3.41420 4.51563 4.86639 4.79938 4.97915 4.61702 3.87420 2.28437 0.96970 0.52013 0.27801 0.00000 0.00000 0.05689 0.13650 0.37421 1.17155 1.95563
3.85275 1.43409 0.50176 0.10551 0.05210 2.72178 7.32853 16.05353 24.88491 32.55232 29.53044 18.72014 18.31097 22.02492 21.62943 25.30279 21.48775 11.06916 6.96992 3.93693 1.91578 0.81723 0.00000 0.00000 0.00000 0.00000 0.00000 0.00000 0.12559 1.84948 4.62418 8.03525 11.35677 13.46761 14.50676 15.68594 16.15196 14.16634 9.13787 2.82882 1.01888 2.09287 3.92384 4.68153 4.94399 5.32758 5.26743 4.59707 3.53211 2.24906 1.01813 0.54585 0.26959 0.00000 0.00000 0.00000 0.23834 0.62977 1.44387 2.39724
4.50156 1.75516 0.44155 0.00000 0.17925 2.29859 5.43219 10.51905 17.24308 22.35057 18.60891 10.04570 12.98218 23.47232 38.12579 50.08310 57.57851 38.85214 19.28746 8.65524 2.67155 0.75357 0.00000 0.00000 0.00000 0.00000 0.00000 0.00000 0.00000 0.19021 2.33455 4.98373 8.09941 11.06311 13.36127 15.46691 15.70566 14.98890 11.44117 5.94907 3.73437 4.82905 6.32765 6.66145 6.31987 6.11001 5.59434 5.14106 4.35469 3.13303 1.62418 0.82255 0.44660 0.07036 0.00000 0.05826 0.33943 0.82367 1.91567 3.43978
4.83094 1.56676 0.24453 0.00000 0.31032 0.92462 2.68412 8.36198 14.43307 23.59048 28.62832 27.50799 23.94515 30.88710 45.00576 62.47195 65.36709 37.94799 26.66099 13.18724 2.88898 0.71571 0.00000 0.00000 0.00000 0.00000 0.00000 0.00000 0.00000 0.00000 0.48052 2.34051 3.99705 6.18080 9.11547 12.01581 12.80674 11.86039 10.13581 7.69861 7.52045 8.71283 9.37183 9.52675 8.40172 6.63345 5.79016 5.53019 6.18391 5.52989 4.17045 2.48946 1.29060 0.92911 0.27936 2.22356 2.68706 1.53667 1.86287 5.39927
4.42092 1.36637 0.23889 0.00000 0.15664 0.57903 2.17095 8.27013 15.02536 30.70426 51.67677 55.61814 46.90740 38.34451 30.99147 26.76218 22.41086 18.10925 12.55531 6.90820 2.12339 0.44170 0.00000 0.00000 0.00000 0.00000 0.00000 0.00000 0.00000 0.00000 0.00000 0.27180 0.89342 1.94512 3.31978 4.86480 5.50208 4.85293 4.62872 5.72184 7.85467 9.65449 10.13919 9.64768 7.99739 5.53754 4.76785 5.46240 7.37418 6.58945 5.98789 4.75250 3.92447 4.73098 5.11868 7.95480 8.16014 6.07107 5.99098 8.30785
2.02513 0.64161 0.16378 0.00000 0.06415 1.05354 3.33892 7.16412 14.78839 31.15281 60.84954 85.14045 68.83013 46.21575 28.82383 17.53313 13.47099 10.15597 8.37438 4.37247 1.91773 0.25335 0.00000 0.00000 0.00000 0.00000 0.00000 0.00000 0.00000 0.00000 0.00000 0.00000 0.00000 0.09223 0.51280 1.32369 1.77878 1.65869 1.87538 3.30786 6.02099 7.92793 8.32853 6.80709 4.39486 2.96004 3.41343 5.67185 7.00718 8.75984 7.74209 6.59144 7.98790 10.71055 13.41411 16.31385 20.13857 20.55109 19.04161 13.96658
0.43111 0.10601 0.07366 0.00000 0.00000 0.69874 2.19678 4.70928 9.49239 16.31856 30.48496 48.35569 52.10203 40.08567 37.30920 36.47503 32.31240 17.20086 7.76628 3.15395 1.75916 0.44494 0.00000 0.00000 0.00000 0.00000 0.00000 0.00000 0.00000 0.00000 0.00000 0.00000 0.00000 0.00000 0.00000 0.48257 1.06723 1.28403 1.39449 2.17094 4.10329 5.54340 5.25966 3.06102 1.26198 0.92291 1.93282 4.91503 11.83373 20.32194 18.02010 16.19340 11.14864 15.02912 22.90824 29.16123 32.07576 33.00744 31.68223 22.66589
0.20008 0.16168 0.24240 0.38300 0.30903 0.07063 0.31073 0.71728 2.95188 3.19579 6.20779 19.31305 36.74002 34.93417 46.47644 75.87424 83.97378 46.64521 13.33199 2.17397 0.39215 0.00000 0.00000 0.00000 0.00000 0.00000 0.00000 0.00000 0.00000 0.00000 0.00000 0.00000 0.00000 0.00000 0.00000 0.53467 1.27167 1.43453 1.17415 1.66541 2.75314 3.23989 2.47856 1.24518 0.44456 0.43617 2.83807 12.87383 29.65426 39.14504 34.59533 33.92544 28.53180 22.32569 34.57087 41.75550 44.39218 38.20915 32.01066 28.40007
0.49106 0.65593 1.00350 1.45141 1.43041 0.67998 0.58836 1.47641 2.76865 2.58379 5.55642 20.01816 26.68179 22.19107 43.35321 84.86095 100.89378 59.90391 23.05161 3.95258 0.02930 0.00000 0.00000 0.00000 0.00000 0.00000 0.00000 0.00000 0.00000 0.00000 0.00000 0.00000 0.00000 0.00000 0.00000 1.02888 3.33658 2.59455 1.62431 2.26598 2.74948 3.29043 2.23848 0.93701 0.52470 0.98098 3.64547 13.90985 32.69763 54.67283 51.53579 40.89583 41.36850 29.18057 40.47672 58.06244 61.76691 55.80880 29.82899 20.53141
1.11953 1.21307 2.09325 3.73272 3.98226 2.56410 2.69125 5.44387 8.50416 8.71276 9.73870 14.19802 12.83861 11.38456 25.89850 36.24693 42.83272 38.78367 22.16402 7.84705 2.00221 0.83090 0.26169 0.08765 0.00000 0.00000 0.00000 0.00000 0.00000 0.00000 0.00000 0.00000 0.00000 0.00000 0.00000 0.92709 6.42095 6.92338 6.12582 5.32570 5.43934 8.23617 8.75653 3.33043 1.20834 0.62114 3.60446 10.23976 17.56677 39.24173 45.62490 41.16332 38.61541 39.36084 44.05079 52.49754 47.88666 37.27558 19.00771 11.46309
2.64721 3.17501 5.59340 9.02538 7.62891 3.54826 3.52302 9.10879 16.34469 19.57845 16.66704 16.26175 15.13157 13.82858 15.15378 16.23393 18.02689 24.10502 21.32004 13.47352 7.91123 3.05272 1.19557 0.85564 0.00000 0.00000 0.00000 0.00000 0.09884 0.38860 0.53875 0.08810 0.00000 0.42013 0.71894 1.53946 3.40122 5.64804 10.56890 10.19934 7.77440 9.89198 14.99912 8.52895 1.20972 0.09045 2.41588 9.64287 21.14726 31.45532 39.58058 41.80731 39.75385 32.39047 27.93027 27.35970 23.35784 17.11269 11.59791 8.05338
5.54998 11.72075 18.71479 20.61693 12.95638 4.47162 3.02063 8.45538 16.43428 19.86525 18.22423 18.92406 20.85597 15.96245 10.21303 8.61685 9.62737 20.56981 31.16362 23.93030 10.15778 6.49716 3.88067 2.04107 0.00000 0.00000 0.00000 0.02486 0.52941 1.82844 3.21238 1.27157 0.33297 1.25715 4.02009 3.59666 2.02619 1.91933 10.24971 10.50838 5.46627 4.35244 8.77592 7.68258 1.25595 0.00000 0.93727 6.94783 19.05133 29.78837 36.39027 38.91639 27.24176 12.77984 9.10394 9.06358 8.08923 7.77200 9.49018 11.94078
6.41862 18.49050 28.88662 28.11776 18.39515 8.54021 4.69188 5.51016 8.05838 9.57309 11.87493 14.22852 16.70848 10.45578 6.36443 7.82484 19.18860 29.83936 33.43720 22.77127 8.40885 6.72765 5.06767 3.16500 0.83440 0.03651 0.00000 0.05736 0.87445 3.23983 7.50823 3.97908 0.66319 0.61373 1.85197 1.55458 0.08746 0.09981 1.79516 3.80744 3.14751 2.33822 2.73221 1.58595 0.38223 0.07365 1.71352 11.30014 25.25668 28.30847 31.53897 25.17433 12.63653 6.32101 2.46748 2.11472 2.80758 3.41447 5.74247 13.98310
6.28225 16.50981 22.27037 20.74042 20.28535 12.47967 4.96019 3.13041 1.81368 1.81295 5.36396 7.68685 7.62917 4.84238 2.52721 5.57728 20.80939 26.61274 19.96159 14.40132 9.84483 6.15533 3.97818 3.03097 1.75912 0.46358 0.04338 0.02701 1.17006 3.57804 5.66630 4.18304 0.53146 0.00000 0.32223 0.00000 0.00000 0.00000 0.00000 0.24559 0.46022 1.77740 4.03451 4.26469 3.58325 2.04503 5.45382 14.43319 19.78598 21.50273 22.98789 16.10428 7.98226 3.06846 1.07503 1.40065 1.63490 1.44368 2.00976 7.97029
8.46518 14.27815 17.97936 18.88637 24.56166 36.46775 14.91638 3.39789 0.63600 0.55841 2.49924 4.07165 3.89194 2.19938 0.98749 4.16739 11.23936 10.45937 10.48751 10.22309 8.04769 3.18518 1.83332 3.60125 3.52599 1.72261 0.12076 0.00000 0.22944 0.77110 1.48235 1.94743 0.48359 0.19439 0.52917 0.09155 0.00000 0.00000 0.00000 0.00000 0.00000 1.48663 7.03867 11.47589 9.66525 4.65565 9.53266 16.65117 19.05618 20.11316 20.08515 12.56905 4.91303 1.51847 0.67869 1.07017 1.29055 1.36632 1.62710 4.77611
6.44135 3.28860 9.60870 8.00588 10.97746 26.18947 15.25138 4.28147 1.14338 0.09452 0.94484 1.36389 1.19839 0.36236 0.00000 1.04266 3.80864 3.86332 4.37001 5.24642 5.27279 3.70837 3.53744 5.79671 5.49497 3.29741 0.63305 0.00000 0.02417 0.13448 0.26595 0.32909 0.83115 2.30506 3.23882 2.42945 0.95195 1.50078 1.40487 0.08058 0.00000 0.80714 4.58183 11.91037 14.68876 10.75940 8.18638 13.91037 16.13696 15.64799 13.19118 7.77954 3.21577 0.80853 0.35924 0.64153 1.32997 2.61233 3.01303 3.69913
1.64642 0.00000 0.43758 2.13087 3.58190 4.98561 3.60695 2.82383 0.72676 0.00000 0.00000 0.00000 0.00000 0.00000 0.00000 0.54644 0.78076 0.55416 0.33315 1.37163 5.26163 9.21348 9.46617 9.43281 8.13857 4.45410 1.21042 0.04040 0.00000 0.00000 0.00000 0.10635 0.97364 3.12777 5.56435 6.15175 4.84914 7.24309 4.74251 2.04199 1.90870 2.48001 1.79718 6.18649 11.19289 12.02514 7.54799 6.62872 6.37459 6.21770 4.89540 3.64558 1.96238 0.52625 0.43173 0.60666 1.67584 4.04839 5.23701 4.69285
0.08563 0.00000 0.14670 1.87798 4.70257 4.83962 3.76954 3.43711 1.36593 0.00000 0.00000 0.00000 0.00000 0.00000 0.00000 0.46376 0.50767 0.13897 0.06777 1.44197 4.56575 10.26526 12.36034 14.55376 12.87837 5.76503 0.83284 0.00000 0.00000 0.00000 0.21220 0.38176 0.68320 3.61544 7.44194 11.90306 6.71030 4.40776 3.12986 4.08112 9.00629 11.09571 2.83496 1.12214 7.07862 8.11987 3.85490 2.07838 1.59827 1.89396 1.80973 1.49894 0.90832 0.45149 0.45155 0.67349 2.12035 4.62497 6.11922 5.83947
0.10015 0.42012 0.13084 1.12242 4.69834 6.06528 6.11561 6.22581 3.12586 1.03602 1.10283 0.11454 0.82099 1.00439 0.26771 0.00000 0.41101 0.38535 0.55471 1.31317 2.02510 5.72682 11.43441 17.42046 15.27667 8.17403 2.23281 0.83805 0.68467 1.43033 3.21104 2.71245 2.75977 8.06658 13.60985 9.43309 4.77461 3.72440 3.19772 2.95396 9.90305 29.04976 6.07780 0.26133 3.30762 4.43555 2.79292 1.15575 0.91767 1.13733 1.13831 0.88728 0.44993 0.28456 0.39169 0.56449 1.99358 3.65289 4.31647 4.06025
4.42917 2.01582 0.42465 0.23221 2.46378 6.13617 10.51975 9.76740 4.32076 1.35634 1.10895 1.75019 4.56275 5.38190 2.60387 0.74475 0.80165 0.60660 1.37806 2.52023 2.07511 3.47336 6.74827 11.55638 12.59016 8.24789 3.63822 1.66801 2.74223 6.94156 10.80868 10.14475 8.50258 11.31906 14.74350 5.87028 1.85306 2.63467 2.96137 2.92492 6.28989 16.33885 4.27187 0.70278 1.68954 2.81295 2.62240 1.01216 0.52402 0.62325 0.76909 0.73689 0.36130 0.22997 0.36323 0.69651 2.52037 5.11945 5.30298 5.58247
13.86715 6.75561 1.05577 0.54550 2.65432 10.29814 14.81121 9.92925 2.70993 0.09701 0.17195 1.86516 7.05609 7.84211 3.81119 1.20701 0.66940 0.56958 2.08712 4.04214 4.38560 3.31972 3.18396 4.75094 6.32283 5.90450 4.89104 4.57219 6.16840 10.60314 16.02641 17.05998 11.12662 7.56207 5.53450 3.05361 1.43004 1.95177 2.64582 3.48985 5.38877 -99999.00000 -99999.00000 0.14963 0.49022 1.57040 2.34264 1.13893 0.30902 0.23547 0.32424 0.30852 0.20671 0.20202 0.29526 1.20775 5.74335 11.83346 13.38686 13.89795
32.33148 15.89674 3.55920 2.53682 8.77291 24.05084 26.68380 11.20378 1.26105 0.00000 0.08312 1.06614 3.12809 3.52380 1.72925 0.16296 0.19678 0.81092 3.11017 7.76729 8.86952 4.19439 1.38244 2.33534 4.08666 5.22731 5.43267 7.81647 10.13622 11.38203 12.44059 11.18521 8.42086 5.92470 4.18987 -99999.00000 -99999.00000 -99999.00000 -99999.00000 -99999.00000 -99999.00000 -99999.00000 -99999.00000 1.53353 1.90678 2.07864 2.05338 1.34397 0.42564 0.16914 0.15157 0.11065 0.09413 0.46253 1.16173 3.97717 11.64964 20.39981 24.08387 25.15358
41.49684 18.93103 4.73055 6.05757 -99999.00000 38.33813 37.00981 14.45318 1.58023 0.09038 0.00000 0.08739 0.47524 0.42635 0.05563 0.00000 0.00000 0.43401 5.76653 15.47464 16.18601 7.69308 2.80634 3.09870 5.32400 6.26985 5.17478 9.85618 13.23496 9.46799 6.10412 4.08663 4.93815 7.97917 -99999.00000 -99999.00000 -99999.00000 -99999.00000 -99999.00000 -99999.00000 -99999.00000 -99999.00000 -99999.00000 -99999.00000 2.55029 2.18837 1.85812 1.53875 0.93900 0.34249 0.14280 0.12106 0.14274 0.31663 2.11214 6.06940 12.39996 20.75429 28.40196 34.33148
-99999.00000 -99999.00000 -99999.00000 -99999.00000 -99999.00000 38.87541 37.31990 11.37466 2.21765 0.51215 0.02787 0.00000 0.00000 0.00000 0.00000 0.00000 0.00000 0.04071 3.91139 12.19635 16.28962 10.62421 5.70251 5.45315 9.45974 11.01021 8.63910 11.90805 11.84975 7.79470 3.81139 1.27047 1.29947 2.68931 -99999.00000 -99999.00000 -99999.00000 -99999.00000 -99999.00000 -99999.00000 -99999.00000 -99999.00000 -99999.00000 -99999.00000 -99999.00000 1.82170 1.74427 1.66150 1.34027 0.63075 0.25217 0.16770 0.20190 0.51171 1.74248 3.64619 8.16020 16.22580 25.16274 33.53968
