DATA/RAW-RASTER/CPC/2017/20170624.asc
ncols			60
nrows			40
xllcorner		70.0
yllcorner		20.0
cellsize		0.5
NODATA_value	-99999
4.48486 5.11102 4.68818 4.47225 5.66396 8.99577 11.93982 11.23510 8.93083 6.02814 2.68469 1.15134 0.84725 0.90835 1.03593 0.89135 0.47565 0.31387 0.58072 0.67177 0.48344 0.26714 0.16236 0.11737 0.09331 0.07179 0.04446 0.00000 0.00000 0.00000 0.00000 0.00000 0.00000 0.00000 0.00000 0.00000 0.00000 0.00000 0.00000 0.00000 0.00000 0.00000 0.00000 0.00000 0.00000 0.04844 0.10753 0.19444 0.28608 0.42533 0.72686 0.93374 0.66716 0.31542 0.09959 0.07340 0.00000 0.00000 0.00000 0.00000
9.04093 8.33453 6.76080 6.38782 6.84747 9.90535 12.19481 10.70968 8.25578 4.89747 1.86242 0.66686 0.45489 0.34971 0.18337 0.13384 0.09121 0.09469 0.15589 0.20861 0.24248 0.23821 0.12814 0.08210 0.07988 0.07299 0.06123 0.04250 0.00000 0.00000 0.00000 0.00000 0.00000 0.00000 0.00000 0.00000 0.00000 0.00000 0.00000 0.00000 0.00000 0.00000 0.00000 0.00000 0.03037 0.03908 0.08790 0.34968 1.07962 2.35697 3.86246 4.65590 4.32951 3.53338 2.44972 1.36089 0.64057 0.15765 0.00000 0.00000
6.25441 4.86604 3.97124 3.96006 3.93339 4.52226 4.41214 3.09876 2.70062 2.42204 1.56319 0.75289 0.25691 0.02385 0.00000 0.00000 0.00000 0.00000 0.00000 0.00000 0.00000 0.04904 0.03519 0.05235 0.06125 0.06160 0.05776 0.04760 0.00000 0.00000 0.00000 0.00000 0.00000 0.00000 0.00000 0.00000 0.00000 0.00000 0.00000 0.00000 0.00000 0.00000 0.00000 0.00000 0.07167 0.08452 0.12141 0.59779 2.36811 6.88493 11.81711 13.36040 13.08125 12.03497 8.85819 5.04201 2.74799 1.34122 0.55215 0.12807
1.37730 0.75608 0.92194 1.19380 0.80675 0.64957 0.65277 0.20212 0.33094 0.62715 0.26828 0.24532 0.00000 0.00000 0.00000 0.00000 0.00000 0.00000 0.00000 0.00000 0.00000 0.00000 0.00000 0.00000 0.00000 0.00000 0.02674 0.03005 0.00000 0.00000 0.00000 0.00000 0.00000 0.00000 0.00000 0.00000 0.00000 0.00000 0.00000 0.00000 0.00000 0.00000 0.00000 0.05132 0.18953 0.39109 0.76736 1.97708 5.19620 12.27046 18.26972 19.72779 18.27678 15.71624 12.82232 9.85373 6.09473 3.32676 1.33569 0.38295
0.00000 0.06872 0.03616 0.00000 0.00000 0.00000 0.03927 0.00000 0.02792 0.09253 0.00000 0.00000 0.00000 0.00000 0.00000 0.00000 0.00000 0.00000 0.00000 0.00000 0.00000 0.00000 0.00000 0.00000 0.00000 0.00000 0.00000 0.00000 0.00000 0.00000 0.00000 0.00000 0.00000 0.00000 0.00000 0.00000 0.00000 0.00000 0.00000 0.00000 0.00000 0.00000 0.00000 0.07388 0.43798 1.03037 2.08761 4.08772 7.21976 11.96067 16.52496 18.05666 16.57931 12.55657 10.08319 9.42675 7.52050 4.28629 1.68139 0.45283
0.00000 0.00000 0.00000 0.00000 0.00000 0.00000 0.00000 0.00000 0.00000 0.00000 0.00000 0.00000 0.00000 0.00000 0.00000 0.00000 0.00000 0.00000 0.00000 0.00000 0.00000 0.00000 0.00000 0.00000 0.00000 0.00000 0.00000 0.00000 0.00000 0.00000 0.00000 0.00000 0.00000 0.00000 0.00000 0.00000 0.00000 0.00000 0.00000 0.00000 0.00000 0.00000 0.05222 0.14504 0.72980 1.55160 2.69295 4.12920 5.70716 7.50755 9.67999 11.06950 10.53681 7.14118 6.05628 6.37252 6.38852 4.46966 1.95612 0.49760
0.00000 0.00000 0.00000 0.00000 0.00000 0.00000 0.00000 0.00000 0.00000 0.00000 0.00000 0.00000 0.00000 0.00000 0.00000 0.00000 0.00000 0.00000 0.00000 0.00000 0.00000 0.00000 0.00000 0.00000 0.00000 0.00000 0.00000 0.00000 0.00000 0.00000 0.00000 0.00000 0.00000 0.00000 0.00000 0.00000 0.00000 0.00000 0.02263 0.03667 0.05733 0.10215 0.17593 0.41100 0.83942 1.53976 2.13912 2.71201 3.04606 3.14232 3.66082 4.82970 5.30395 4.66700 4.55481 4.63045 4.61284 4.26086 2.86464 1.14803
0.00000 0.00000 0.00000 0.00000 0.00000 0.00000 0.00000 0.35355 0.80798 0.88870 0.67280 0.17832 0.00000 0.00000 0.00000 0.00000 0.00000 0.00000 0.00000 0.00000 0.00000 0.00000 0.00000 0.00000 0.00000 0.00000 0.00000 0.00000 0.00000 0.00000 0.00000 0.00000 0.00000 0.00000 0.00000 0.00000 0.02379 0.04503 0.07372 0.11863 0.19367 0.35992 0.65320 0.98434 1.04658 1.35345 1.74962 2.04296 2.24662 2.27099 2.54406 3.21187 3.65333 3.52046 3.59707 3.80566 4.70537 5.05839 3.55301 2.00702
0.00000 0.00000 0.00000 0.00000 0.00000 0.00000 0.33853 1.59160 1.81504 1.57309 1.14317 0.19975 0.00000 0.00000 0.00000 0.00000 0.00000 0.00000 0.00000 0.00000 0.00000 0.00000 0.00000 0.00000 0.00000 0.00000 0.00000 0.00000 0.00000 0.00000 0.00000 0.00000 0.02481 0.00000 0.02089 0.03452 0.06493 0.11062 0.17442 0.27721 0.44785 0.71769 1.00202 1.22151 1.31250 1.46284 1.72453 2.25324 2.45114 2.67071 3.14972 3.65843 4.09538 4.99242 5.47891 5.21589 5.60037 5.63778 4.69656 3.04877
0.00000 0.00000 0.00000 0.00000 0.00000 0.91366 3.14807 2.98360 2.38092 1.77433 0.47452 0.00000 0.00000 0.00000 0.00000 0.00000 0.00000 0.00000 0.00000 0.00000 0.00000 0.00000 0.00000 0.00000 0.00000 0.00000 0.00000 0.00000 0.00000 0.06204 0.13435 0.19659 0.20307 0.18857 0.16219 0.05259 0.13700 0.20878 0.27649 0.36919 0.48079 0.61715 0.75087 0.89705 1.07611 1.22672 1.35246 1.72089 2.53455 3.19447 3.53335 3.79524 4.40140 5.62975 6.29434 6.24678 6.24806 6.10644 5.52106 3.37618
0.00000 0.00000 0.00000 0.00000 0.29275 3.16625 9.31104 7.90034 3.35759 1.21700 0.00000 0.00000 0.00000 0.00000 0.00000 0.00000 0.00000 0.00000 0.00000 0.00000 0.00000 0.00000 0.00000 0.00000 0.00000 0.00000 0.00000 0.00000 0.05296 0.17811 0.40869 0.58009 0.61739 0.61378 0.55610 0.50484 0.46265 0.36708 0.30113 0.29700 0.32737 0.36864 0.40341 0.43168 0.54763 0.79623 1.04769 1.28076 1.60938 1.81000 1.77973 1.82752 2.57668 4.33153 5.88252 5.98695 5.75932 5.96189 5.17115 3.04119
0.00000 0.00000 0.00000 0.00000 0.59020 2.83727 6.94159 5.36554 1.49117 0.09359 0.00000 0.00000 0.00000 0.00000 0.00000 0.00000 0.00000 0.00000 0.00000 0.00000 0.00000 0.00000 0.00000 0.00000 0.00000 0.00000 0.00000 0.02104 0.10007 0.33070 0.70614 0.95158 0.98152 0.94056 0.91342 0.88774 0.75256 0.57350 0.41561 0.24357 0.20335 0.19230 0.16512 0.13207 0.09763 0.24838 0.59834 0.96912 1.21392 1.16268 1.08143 1.10818 1.97504 4.04010 6.15915 6.61587 5.84218 4.50734 2.76760 1.64946
0.00000 0.00000 0.00000 0.00000 0.03370 0.47396 0.33943 0.41236 0.04943 0.00000 0.00000 0.00000 0.00000 0.00000 0.00000 0.00000 0.00000 0.00000 0.00000 0.00000 0.00000 0.00000 0.00000 0.00000 0.00000 0.00000 0.00000 0.03059 0.14414 0.48625 0.93102 1.19174 1.28342 1.26518 1.28508 1.21512 0.99980 0.77908 0.54402 0.27739 0.11197 0.09252 0.08978 0.10288 0.10028 0.22625 0.54305 0.88213 1.08122 1.04425 1.08414 1.47477 2.96348 5.56618 7.15347 7.05920 5.56329 3.37270 1.61107 0.92205
0.00000 0.00000 0.00000 0.00000 0.00000 0.00000 0.00000 0.00000 0.00000 0.00000 0.00000 0.00000 0.00000 0.00000 0.00000 0.00000 0.00000 0.00000 0.00000 0.00000 0.00000 0.00000 0.00000 0.00000 0.00000 0.00000 0.00000 0.03768 0.20259 0.62820 1.14655 1.55457 1.65677 1.66869 1.66384 1.59033 1.34540 1.03521 0.68514 0.38710 0.18114 0.07601 0.20190 0.30029 0.47745 0.82631 1.34726 1.74197 1.47354 0.97749 0.94493 2.17725 5.03697 8.28335 9.12977 8.10989 6.56679 4.37285 2.49114 1.69344
0.00000 0.00000 0.00000 0.00000 0.00000 0.00000 0.00000 0.00000 0.00000 0.00000 0.00000 0.00000 0.00000 0.00000 0.00000 0.00000 0.00000 0.00000 0.00000 0.00000 0.00000 0.00000 0.00000 0.00000 0.00000 0.00000 0.00000 0.03534 0.23153 0.76135 1.33225 1.81032 1.88535 1.92411 2.01299 1.91701 1.68838 1.27813 0.81544 0.44318 0.21555 0.13523 0.23699 0.50110 1.09310 2.16316 3.28267 3.59079 2.88083 1.54499 0.98025 2.41203 5.78762 9.21774 10.13917 9.88439 8.23422 6.46881 4.77594 3.38425
0.00000 0.00000 0.00000 0.00000 0.00000 0.00000 0.00000 0.00000 0.00000 0.00000 0.00000 0.00000 0.00000 0.00000 0.00000 0.00000 0.00000 0.00000 0.00000 0.00000 0.00000 0.00000 0.00000 0.00000 0.03020 0.00000 0.00000 0.00000 0.21415 0.80037 1.54222 2.09151 2.16174 2.26898 2.44329 2.31848 2.02529 1.52114 0.90106 0.40642 0.18256 0.15015 0.20448 0.35080 0.91707 2.48295 4.68394 5.66505 5.05642 3.49673 2.70239 3.61426 6.19658 8.70831 10.04622 10.36089 9.98978 8.87640 7.51995 5.81376
0.00000 0.00000 0.00000 0.00000 0.00000 0.00000 0.00000 0.00000 0.00000 0.00000 0.00000 0.00000 0.00000 0.00000 0.00000 0.00000 0.00000 0.00000 0.00000 0.03010 0.04803 0.04786 0.05507 0.06601 0.03535 0.00000 0.00000 0.00000 0.15367 1.00352 1.72909 2.62481 2.60140 2.54819 2.44219 2.35336 2.22289 1.79494 1.05036 0.34363 0.12743 0.19826 0.23324 0.17369 0.43742 1.98766 4.87966 6.00718 5.82838 5.01027 4.41240 4.91316 6.55886 8.41765 9.79557 9.99782 10.08298 10.55019 10.16458 10.19022
0.00000 0.00000 0.00000 0.00000 0.00000 0.00000 0.00000 0.00000 0.00000 0.00000 0.00000 0.00000 0.00000 0.00000 0.00000 0.00000 0.00000 0.00000 0.09747 0.28113 0.26566 0.22231 0.18321 0.11781 0.00000 0.00000 0.00000 0.00000 0.22735 0.94758 1.78796 2.96283 3.43704 3.29540 2.95558 2.76748 2.57986 2.22204 1.58911 0.59832 0.32568 0.62303 0.68259 0.39634 0.54938 2.09777 5.05380 6.77971 6.91475 6.58994 5.35049 5.11220 6.77961 8.68330 9.71064 10.04647 10.47941 11.11502 11.21466 12.64128
0.00000 0.00000 0.00000 0.00000 0.00000 0.00000 0.00000 0.00000 0.00000 0.00000 0.00000 0.00000 0.00000 0.00000 0.00000 0.00000 0.00000 0.23164 0.94553 1.19093 0.71755 0.44832 0.28457 0.12257 0.02884 0.00000 0.00000 0.00000 0.15626 0.81752 1.90145 3.03390 4.17060 4.27401 3.97541 3.69317 3.17176 2.94375 2.83925 2.13223 1.91410 2.63270 2.89846 2.44094 2.42761 4.25514 8.11956 12.24537 14.10103 12.42646 8.10803 6.08211 7.41694 9.73892 9.99402 9.25889 9.35600 9.92557 11.30504 13.96206
0.00000 0.00000 0.00000 0.00000 0.00000 0.00000 0.00000 0.00000 0.00000 0.00000 0.00000 0.00000 0.00000 0.00000 0.00000 0.00000 0.02975 0.87999 3.35444 5.00354 1.82199 0.63756 0.29009 0.12989 0.04558 0.00000 0.00000 0.00000 0.08914 0.89322 2.08276 3.18247 4.68250 5.34056 5.93352 6.50796 6.63413 6.73150 6.91259 6.04721 5.72189 5.96831 6.05714 6.09199 6.13569 8.25797 14.24658 20.01315 26.40061 24.92146 19.55120 13.04566 9.56665 9.01407 8.30561 7.53388 7.09773 7.03601 9.16231 15.67460
0.00000 0.00000 0.00000 0.00000 0.00000 0.00000 0.00000 0.00000 0.00000 0.00000 0.00000 0.00000 0.00000 0.00000 0.00000 0.00000 0.00000 1.46098 5.53310 8.74106 3.44083 0.93125 0.35771 0.11075 0.00000 0.00000 0.00000 0.00000 0.00000 0.82645 2.18830 3.62230 4.59527 5.50846 6.84535 8.90310 11.60677 13.08756 12.16761 10.31526 8.07591 7.15638 6.99448 6.98500 7.30685 9.35334 15.03235 22.66080 33.47758 30.20339 26.00861 19.59276 12.15496 8.53675 5.22529 4.62063 4.39361 4.99899 7.58703 13.20112
0.00000 0.00000 0.00000 0.00000 0.00000 0.00000 0.00000 0.00000 0.00000 0.00000 0.00000 0.00000 0.00000 0.00000 0.00000 0.00000 0.00000 0.87764 3.84698 5.93430 3.22244 0.54038 0.17737 0.00000 0.00000 0.00000 0.00000 0.00000 0.00000 0.32155 1.49751 3.01769 4.27541 4.81187 5.73326 7.70976 11.70380 14.78168 13.27188 11.00971 8.41159 6.69632 6.21665 5.55742 5.07520 6.24414 11.39769 22.64116 29.45753 34.04850 26.43679 18.58501 13.58704 8.65417 4.07399 2.24145 2.17314 2.65962 4.38653 6.92297
0.00000 0.00000 0.00000 0.00000 0.00000 0.00000 0.00000 0.00000 0.00000 0.00000 0.00000 0.00000 0.00000 0.00000 0.00000 0.00000 0.00000 0.02948 0.30053 0.95480 1.02932 0.22690 0.00000 0.00000 0.00000 0.00000 0.00000 0.00000 0.00000 0.04913 0.91733 2.27305 3.67971 4.35362 4.93473 6.12803 9.56999 12.14900 11.42195 10.11285 8.52051 6.35160 4.98268 3.52568 2.67470 3.09648 6.34343 14.46142 29.41814 43.46920 31.91627 24.31094 12.24924 7.75774 3.43414 1.26418 0.72353 0.59827 1.44292 3.37121
0.00000 0.00000 0.00000 0.00000 0.00000 0.00000 0.00000 0.00000 0.00000 0.00000 0.00000 0.00000 0.00000 0.00000 0.00000 0.00000 0.00000 0.00000 0.00000 0.00000 0.00000 0.00000 0.00000 0.00000 0.00000 0.00000 0.00000 0.00000 0.00000 0.00000 0.06259 1.23131 2.59632 3.40868 3.77060 4.65842 6.92776 8.99511 8.93828 9.30770 8.13365 5.25742 3.20651 2.22067 1.87711 2.36373 7.78055 19.99005 30.14551 32.86406 34.39010 34.35256 22.49315 9.37089 3.70026 0.96218 0.31750 0.13841 0.55705 2.25620
0.00000 0.00000 0.00000 0.00000 0.00000 0.00000 0.00000 0.00000 0.00000 0.00000 0.00000 0.00000 0.00000 0.00000 0.00000 0.00000 0.00000 0.00000 0.00000 0.00000 0.00000 0.00000 0.00000 0.00000 0.00000 0.00000 0.00000 0.00000 0.00000 0.00000 0.00000 0.30663 0.80494 1.67139 1.83644 3.46788 8.57974 8.75182 9.27351 10.79090 7.46101 4.02867 2.01501 1.39027 2.23080 5.94185 13.21796 17.19081 16.49003 17.05352 19.60883 23.04408 23.10314 10.68394 4.25996 1.57842 0.58097 0.49320 0.75563 1.90603
0.00000 0.00000 0.00000 0.00000 0.00000 0.00000 0.00000 0.00000 0.00000 0.00000 0.00000 0.00000 0.00000 0.00000 0.00000 0.00000 0.00000 0.00000 0.00000 0.00000 0.00000 0.00000 0.00000 0.00000 0.00000 0.00000 0.00000 0.00000 0.00000 0.00000 0.00000 0.00000 0.00000 0.00000 0.00000 1.66566 11.42825 13.48267 13.92816 10.45391 6.74236 4.80763 1.81230 1.47706 3.70002 11.97959 26.12990 29.45009 18.44025 16.05183 11.62214 13.93359 15.34449 12.82694 5.71171 2.02721 0.87312 0.90104 1.18786 2.32553
0.00000 0.00000 0.00000 0.00000 0.00000 0.00000 0.00000 0.00000 0.00000 0.00000 0.00000 0.00000 0.00000 0.00000 0.00000 0.00000 0.00000 0.00000 0.00000 0.00000 0.00000 0.00000 0.00000 0.00000 0.02504 0.10866 0.00000 0.00000 0.00000 0.00000 0.00000 0.00000 0.00000 0.00000 0.00000 0.00000 1.97979 7.18816 6.86843 2.46075 2.72115 2.42738 2.83854 1.90587 3.77859 12.72121 26.40731 43.53935 49.14746 38.25576 25.52168 19.63767 17.41493 11.51802 4.65098 1.76592 0.84022 0.99951 1.39814 2.21168
0.00000 0.00000 0.00000 0.00000 0.00000 0.00000 0.00000 0.00000 0.00000 0.00000 0.00000 0.00000 0.00000 0.00000 0.00000 0.00000 0.00000 0.00000 0.00000 0.00000 0.00000 0.00000 0.00000 0.13384 0.70081 1.01321 0.92271 0.26932 0.00000 0.00000 0.00000 0.00000 0.00000 0.00000 0.00000 0.00000 0.10044 0.90463 0.13682 0.00000 0.30817 1.59084 3.43700 4.90778 9.77731 13.48468 15.32511 25.83404 39.00483 38.22489 31.64427 24.99852 15.20918 7.49369 3.25651 1.43499 0.75548 0.65109 0.94468 1.42568
0.00000 0.00000 0.00000 0.00000 0.00000 0.00000 0.00000 0.00000 0.00000 0.00000 0.00000 0.00000 0.00000 0.03488 0.13508 0.00000 0.00000 0.00000 0.00000 0.00000 0.00000 0.00000 0.00000 0.62407 1.54928 2.05503 2.93252 0.85068 0.02713 0.00000 0.00000 0.00000 0.00000 0.00000 0.00000 0.00000 0.00000 0.00000 0.00000 0.02161 0.45173 4.12463 9.71315 13.62453 14.58466 8.74893 3.96858 6.89994 9.96312 14.42500 18.17221 14.93321 8.40126 5.85062 3.08055 1.78812 0.71546 0.31130 0.39049 0.82724
0.00000 0.00000 0.00000 0.00000 0.00000 0.00000 0.00000 0.00000 0.00000 0.00000 0.00000 0.00000 0.31274 0.86282 1.26061 0.62038 0.04905 0.00000 0.00000 0.00000 0.00000 0.00000 0.00000 0.56856 2.63779 5.80094 6.43749 1.34227 0.05916 0.00000 0.00000 0.00000 0.00000 0.00000 0.08488 0.06841 0.00000 0.10693 0.85137 1.65791 3.21098 9.11268 19.70540 28.05905 26.48977 16.40102 7.47199 3.28694 1.72446 3.41112 6.35250 6.88124 6.65241 6.61070 5.35621 3.65835 1.19891 0.34357 0.22247 0.61476
0.00000 0.00000 0.00000 0.00000 0.00000 0.00000 0.00000 0.00000 0.00000 0.00000 0.00000 0.07151 0.96112 2.53913 4.05997 2.59109 0.74992 0.00000 0.00000 0.00000 0.00000 0.00000 0.00000 0.09499 2.07869 5.18000 4.75959 1.63238 0.00000 0.00000 0.03461 0.13915 0.04110 0.55630 2.65724 4.92590 5.06129 2.58022 2.24640 2.41413 3.39886 7.51591 18.21211 29.82162 30.42885 23.43154 14.07991 3.67684 1.22528 1.94274 3.98453 5.39910 7.22874 9.26407 9.88189 10.00996 5.38154 2.87089 1.51592 1.77172
0.00000 0.00000 0.11984 0.02050 0.00000 0.00000 0.00000 0.00000 0.00000 0.00000 0.00000 0.06802 1.04686 2.53118 3.53704 2.52846 0.93315 0.00000 0.00000 0.27592 0.21281 0.05758 0.00000 0.00000 0.83417 2.42525 2.39386 0.47807 0.11162 0.52866 1.05794 1.45754 1.33616 2.27773 6.07394 12.82553 18.13892 6.08232 1.32777 0.85150 1.16573 2.33358 6.60851 17.74712 31.30386 30.43299 16.59865 10.64034 5.22813 3.81525 4.60146 5.31185 8.95643 11.16849 11.66694 17.72470 14.02686 9.63894 5.84566 4.38820
0.00000 0.25995 0.60624 0.39065 0.00000 0.00000 0.00000 0.00000 0.00000 0.00000 0.00000 0.13500 0.39590 0.89987 1.31912 0.70028 0.15886 0.03395 0.66224 2.49416 2.91064 0.84457 0.00000 0.04164 0.12674 0.97314 1.02078 0.37110 0.69506 1.87971 3.14613 3.55963 2.31703 2.65649 3.77714 7.93003 12.06748 7.57198 4.35941 2.20888 0.65429 1.18510 2.34100 11.05385 26.59897 40.49406 32.25789 20.67932 11.25604 6.27616 4.48567 5.06062 9.58074 12.98635 15.29878 17.07016 16.22085 13.90641 11.81472 8.14778
0.00000 0.42771 1.37970 1.31578 0.43880 0.00000 0.00000 0.00000 0.00000 0.03516 0.20303 0.40082 0.48549 0.43409 0.45192 0.04423 0.00000 0.12069 1.82998 6.36674 6.40448 2.28048 0.85271 1.00765 0.92501 1.00775 0.65348 0.85491 2.01189 3.87404 5.67093 7.69626 6.05435 4.10071 4.19954 7.60275 5.13286 5.29934 7.69200 3.66081 1.45067 3.46333 2.44754 5.01566 17.63298 29.76698 28.16711 17.19341 8.45286 3.66768 1.92426 2.93679 6.64320 10.11583 10.83912 10.03395 12.85441 13.91176 13.56963 9.39804
0.00000 0.66510 2.08763 2.30994 1.08828 0.00000 0.00000 0.00000 0.00000 0.08862 0.47663 2.03633 1.61807 0.67782 0.13666 0.00000 0.25969 2.86068 3.61222 4.59948 3.67391 3.57511 4.97672 3.86412 3.95025 4.14350 2.41745 1.76622 3.83785 6.67898 9.14782 13.00428 13.89590 7.87968 5.96229 12.36429 9.40661 6.29065 6.13295 4.08376 3.44745 10.13407 6.25476 2.86890 4.42060 11.30894 14.94979 6.10653 1.93130 1.32969 1.42659 2.30598 3.84258 5.58462 5.92663 4.91996 8.65154 9.89515 8.67426 5.56183
0.19581 1.25156 3.24456 3.15341 1.19816 0.25754 0.16683 0.15364 0.00000 0.07794 0.34953 1.05462 0.91240 0.45901 0.00000 0.16855 2.89194 11.78271 9.69853 3.26661 4.25340 8.64618 14.65229 19.86488 19.76792 13.88535 6.51067 2.67291 5.62030 10.63097 12.83706 13.25189 11.66056 8.05121 5.63927 12.41888 10.72146 4.82127 5.93339 8.63383 10.97371 15.48315 12.97327 6.46967 5.25266 7.01964 8.89518 3.89438 1.01688 1.02137 1.25260 2.40583 3.20400 3.54790 3.84870 4.20638 5.96363 6.29374 4.10833 2.15897
1.40526 4.35174 7.50670 7.42154 2.96992 2.06976 1.97610 2.31145 0.69673 0.00000 0.04847 0.20251 0.39648 0.11487 0.00000 0.13922 2.95050 9.58278 8.45961 4.26512 7.60496 15.13535 31.46508 53.31409 51.33213 28.03856 11.84294 6.79431 11.87390 19.53714 16.97262 14.79508 13.08109 9.86354 8.01526 9.18456 9.32432 6.99362 8.32101 14.67787 22.56299 -99999.00000 -99999.00000 13.35170 9.97221 8.30249 8.22275 3.95360 0.96688 0.68657 0.98950 1.77848 2.23678 2.21913 2.24761 2.15574 3.02796 3.45894 1.98134 0.92717
1.52848 4.76823 11.66927 20.92397 13.74420 6.44017 7.25447 9.10172 3.63963 0.39340 0.23315 0.82770 1.90767 1.36508 0.13066 0.00000 0.15485 1.85438 2.42899 3.65996 8.37601 18.77000 40.96418 85.41637 74.09960 36.10948 14.09718 12.17973 22.73288 40.20181 37.65381 23.15814 18.53471 15.26211 14.19109 -99999.00000 -99999.00000 -99999.00000 -99999.00000 -99999.00000 -99999.00000 -99999.00000 -99999.00000 9.85358 8.83621 8.77713 7.94398 4.90901 1.52939 0.61094 0.47858 0.75593 0.86764 0.77136 0.66518 0.73388 0.86908 0.59565 0.37042 0.11267
0.36628 2.20898 10.41601 26.26959 -99999.00000 16.69417 22.98114 27.07850 6.22958 0.99520 1.14589 3.04988 5.32117 2.41867 0.30554 0.00000 0.00000 0.00000 0.11289 1.21047 6.82517 20.50544 42.61637 69.86273 59.23588 24.81622 10.30262 17.06077 31.22199 48.79287 50.32542 28.72407 24.45313 26.16552 -99999.00000 -99999.00000 -99999.00000 -99999.00000 -99999.00000 -99999.00000 -99999.00000 -99999.00000 -99999.00000 -99999.00000 9.66354 8.31146 7.15172 5.90435 3.58629 1.35245 0.61853 0.37376 0.30798 0.38147 0.63161 0.70172 0.46608 0.00000 0.00000 0.00000
-99999.00000 -99999.00000 -99999.00000 -99999.00000 -99999.00000 69.18971 80.83538 53.30820 16.12276 4.62999 2.17621 3.53859 6.05854 3.45911 0.74476 0.00000 0.00000 0.00000 0.00000 0.26409 5.32815 18.47167 35.03704 40.15766 29.85707 9.40532 3.60281 15.86928 29.04460 43.49415 46.01078 33.29228 34.74498 46.19227 -99999.00000 -99999.00000 -99999.00000 -99999.00000 -99999.00000 -99999.00000 -99999.00000 -99999.00000 -99999.00000 -99999.00000 -99999.00000 6.88407 6.66715 6.55375 5.41871 2.57977 0.79762 0.39460 0.39909 0.76325 0.98330 0.82474 0.58462 0.08771 0.00000 0.00000
