DATA/RAW-RASTER/CPC/2017/20170907.asc
ncols			60
nrows			40
xllcorner		70.0
yllcorner		20.0
cellsize		0.5
NODATA_value	-99999
0.00000 0.00000 0.00000 0.00000 0.00000 0.00000 0.00000 0.00000 0.00000 0.00000 0.00000 0.00000 0.00000 0.00000 0.00000 0.00000 0.00000 0.09577 0.65490 2.28121 4.80855 6.57626 7.10295 7.01273 6.50823 5.59733 4.31629 3.01143 1.91642 0.62734 0.27427 0.10982 0.00000 0.00000 0.00000 0.00000 0.00000 0.00000 0.00000 0.00000 0.00000 0.00000 0.00000 0.00000 0.00000 0.00000 0.00000 0.00000 0.00000 0.00000 0.00000 0.00000 0.00000 0.00000 0.00000 0.00000 0.00000 0.00000 0.00000 0.00000
0.00000 0.00000 0.00000 0.00000 0.00000 0.00000 0.00000 0.00000 0.00000 0.00000 0.00000 0.00000 0.00000 0.00000 0.00000 0.00000 0.00000 0.00000 0.30642 1.43666 3.18006 4.95180 5.95790 6.19639 5.93825 5.30383 4.43817 3.42807 2.09963 0.34049 0.16868 0.07891 0.00000 0.00000 0.00000 0.00000 0.00000 0.00000 0.00000 0.00000 0.00000 0.00000 0.00000 0.00000 0.00000 0.00000 0.00000 0.00000 0.00000 0.00000 0.00000 0.00000 0.00000 0.00000 0.00000 0.00000 0.00000 0.00000 0.00000 0.00000
0.00000 0.00000 0.00000 0.00000 0.00000 0.00000 0.00000 0.00000 0.00000 0.00000 0.00000 0.00000 0.00000 0.00000 0.00000 0.00000 0.00000 0.00000 0.00000 0.38659 1.44450 2.48530 3.43114 4.04950 4.28400 4.28940 4.11561 3.51461 2.18907 0.42229 0.09650 0.03966 0.00000 0.00000 0.00000 0.00000 0.00000 0.00000 0.00000 0.00000 0.00000 0.00000 0.00000 0.00000 0.00000 0.00000 0.00000 0.00000 0.00000 0.00000 0.00000 0.00000 0.00000 0.00000 0.00000 0.00000 0.00000 0.00000 0.00000 0.00000
0.00000 0.00000 0.00000 0.00000 0.00000 0.00000 0.00000 0.00000 0.00000 0.00000 0.00000 0.00000 0.00000 0.00000 0.00000 0.00000 0.00000 0.00000 0.00000 0.00000 0.25286 0.65275 1.07347 1.58408 2.12160 2.61069 2.88941 2.70291 1.78932 0.65390 0.09622 0.00000 0.00000 0.00000 0.00000 0.00000 0.00000 0.00000 0.00000 0.00000 0.00000 0.00000 0.00000 0.00000 0.00000 0.00000 0.00000 0.00000 0.00000 0.00000 0.00000 0.00000 0.00000 0.00000 0.00000 0.04356 0.04048 0.00000 0.00000 0.00000
0.00000 0.00000 0.00000 0.00000 0.00000 0.00000 0.00000 0.00000 0.00000 0.00000 0.00000 0.00000 0.00000 0.00000 0.00000 0.00000 0.00000 0.00000 0.00000 0.00000 0.00000 0.09240 0.23059 0.42525 0.70708 1.06801 1.44955 1.58755 1.15146 0.49577 0.08691 0.00000 0.00000 0.00000 0.00000 0.00000 0.00000 0.00000 0.00000 0.00000 0.00000 0.00000 0.00000 0.00000 0.00000 0.00000 0.00000 0.00000 0.00000 0.00000 0.00000 0.00000 0.00000 0.02076 0.02643 0.09962 0.23783 0.26948 0.15339 0.04377
0.00000 0.00000 0.00000 0.00000 0.00000 0.00000 0.00000 0.00000 0.00000 0.00000 0.00000 0.00000 0.00000 0.00000 0.00000 0.00000 0.00000 0.00000 0.00000 0.00000 0.00000 0.00000 0.04866 0.11714 0.22317 0.38448 0.59981 0.78480 0.70333 0.38130 0.04973 0.00000 0.00000 0.00000 0.00000 0.00000 0.00000 0.00000 0.00000 0.00000 0.00000 0.00000 0.03834 0.06751 0.10174 0.09136 0.06873 0.04711 0.00000 0.00000 0.00000 0.00000 0.04443 0.06674 0.08086 0.23322 0.53528 0.61489 0.35277 0.10594
0.00000 0.00000 0.00000 0.00000 0.00000 0.00000 0.00000 0.00000 0.00000 0.00000 0.00000 0.00000 0.00000 0.00000 0.00000 0.00000 0.00000 0.00000 0.00000 0.00000 0.00000 0.00000 0.00000 0.04324 0.08681 0.15754 0.26579 0.39022 0.42603 0.27810 0.00000 0.00000 0.00000 0.00000 0.00000 0.00000 0.00000 0.04153 0.07314 0.10058 0.13254 0.22010 0.35135 0.46028 0.48315 0.40570 0.26857 0.12938 0.04278 0.00000 0.00000 0.04259 0.11210 0.21312 0.38090 0.65087 0.91180 1.00670 0.71837 0.34683
0.00000 0.00000 0.00000 0.00000 0.00000 0.00000 0.00000 0.00000 0.03968 0.12823 0.20604 0.12884 0.05877 0.00000 0.00000 0.00000 0.00000 0.00000 0.00000 0.00000 0.00000 0.00000 0.00000 0.00000 0.04889 0.08890 0.13842 0.15069 0.20271 0.14883 0.00000 0.00000 0.00000 0.02551 0.04163 0.07407 0.13124 0.21385 0.32001 0.49586 0.80098 1.17541 1.59776 1.77381 1.41660 1.06887 0.75485 0.39161 0.14716 0.04784 0.05172 0.12448 0.25539 0.43048 0.66625 0.91404 1.19619 1.35220 1.01266 0.70267
0.00000 0.00000 0.00000 0.00000 0.00000 0.00000 0.00000 0.04062 0.24338 0.34764 0.35805 0.30515 0.21386 0.09504 0.00000 0.00000 0.00000 0.00000 0.00000 0.00000 0.00000 0.00000 0.00000 0.02390 0.03989 0.07981 0.08612 0.05037 0.05124 0.03871 0.00000 0.00000 0.00000 0.09343 0.16297 0.27855 0.47828 0.82387 1.31484 1.99974 2.72421 3.36541 3.61707 3.25478 2.52764 2.02198 1.70479 1.34698 0.72127 0.42823 0.45170 0.64794 0.83604 0.98911 1.12694 1.13660 1.24484 1.27346 1.19174 1.20186
0.00000 0.00000 0.00000 0.00000 0.00000 0.00000 0.00000 0.17418 0.44629 0.58328 0.41507 0.25361 0.17412 0.11588 0.02983 0.00000 0.02874 0.07524 0.07906 0.08386 0.09110 0.10041 0.11042 0.12150 0.13179 0.15232 0.16081 0.16016 0.15622 0.12845 0.07697 0.00000 0.00000 0.09238 0.39147 0.78860 1.83550 2.59368 3.23654 3.95482 4.50975 4.89310 4.86297 4.31791 3.41685 2.42595 2.01671 2.11637 2.17946 2.31408 2.82212 3.30169 3.15554 2.35897 1.47997 0.97617 0.82984 0.89604 1.17276 1.53736
0.00000 0.00000 0.00000 0.00000 0.00000 0.00000 0.02818 0.77923 1.20775 1.13412 0.52303 0.18120 0.14752 0.17634 0.10588 0.11004 0.29546 0.30121 0.31443 0.33555 0.35312 0.36520 0.37190 0.37431 0.38852 0.43498 0.47221 0.48787 0.45788 0.37062 0.23930 0.12440 0.19393 0.53219 0.96890 1.67858 2.79973 3.61821 4.42183 5.12267 5.59684 6.06573 6.18838 5.76955 5.31595 4.30243 3.33464 3.07112 3.38090 4.23482 5.26550 5.61723 5.11878 3.57924 1.81669 0.86179 0.60121 0.77344 1.20175 1.80648
0.00000 0.00000 0.00000 0.00000 0.00000 0.20981 0.33540 1.02498 1.88714 0.93702 0.26681 0.11688 0.14591 0.15706 0.12323 0.41837 0.56584 0.57244 0.54249 0.55506 0.56185 0.56608 0.56442 0.59863 0.69395 0.75547 0.76508 0.75196 0.70730 0.55781 0.35015 0.21963 0.37200 0.53855 0.82659 1.37247 2.11782 3.11034 4.36789 5.70465 6.66005 6.91652 6.90676 6.69233 6.62248 6.15032 5.28070 4.63683 4.54725 4.90612 5.65130 6.04536 5.70538 4.30793 2.57967 1.39019 0.91988 0.91272 1.10522 1.53286
0.00000 0.00000 0.00000 0.00000 0.00000 0.03080 0.00000 0.75351 1.76265 0.62702 0.09419 0.11980 0.31987 0.40219 0.50459 0.53543 0.54757 0.56515 0.57689 0.59324 0.59289 0.60266 0.62292 0.68611 0.79749 0.86283 0.90743 0.89745 0.79367 0.60788 0.33078 0.15837 0.14773 0.34099 0.52433 0.80356 1.20607 1.98000 3.27969 4.70375 6.34833 7.33833 7.69956 7.43836 6.91785 6.61851 6.13404 4.99016 4.35499 4.23802 4.59835 4.89763 4.58959 3.50318 2.46847 1.78590 1.31340 1.13038 1.12075 1.19869
0.00000 0.00000 0.00000 0.00000 0.00000 0.00000 0.00000 0.27745 0.44087 0.12665 0.00000 0.42970 1.21224 1.35459 1.13746 0.64569 0.56072 0.59887 0.61667 0.60844 0.60854 0.61561 0.66075 0.73022 0.81526 0.89003 0.97176 0.92241 0.82898 0.57263 0.27400 0.07212 0.00000 0.06652 0.23062 0.39713 0.73322 1.09636 1.63354 2.47890 3.84018 5.75538 6.98134 7.25587 7.18370 6.42056 5.31428 4.25794 3.17606 2.50977 2.36327 2.76632 2.82367 2.42353 2.08612 1.82670 1.61246 1.39899 1.21512 1.16843
0.00000 0.00000 0.00000 0.00000 0.00000 0.00000 0.00000 0.00000 0.00000 0.00000 0.29042 2.24208 4.02052 3.18893 1.75436 1.00216 0.90933 0.74022 0.70010 0.62057 0.62363 0.63495 0.67080 0.73027 0.79811 0.86238 0.91760 0.89313 0.79777 0.49289 0.16633 0.00000 0.00000 0.00000 0.00000 0.00000 0.12210 0.60317 1.01645 1.35074 1.83024 2.45348 3.13170 3.77743 4.40179 4.54503 4.24651 3.71312 2.93708 1.83435 1.22708 1.45084 1.77519 1.94981 1.96423 2.03267 1.90533 1.67608 1.31809 0.91972
0.00000 0.00000 0.00000 0.00000 0.00000 0.00000 0.00000 0.00000 0.00000 0.00000 1.02119 3.89641 6.25317 4.96474 2.97687 3.04314 1.34609 0.76133 0.79402 0.70063 0.63229 0.62760 0.65544 0.71915 0.80849 0.85588 0.84264 0.79979 0.72970 0.45624 0.13949 0.00000 0.00000 0.00000 0.00000 0.00000 0.00000 0.17230 0.76920 0.99272 1.11651 1.13687 1.04291 1.04840 1.50779 2.61813 3.85349 4.23753 3.64220 2.20044 1.18014 0.94141 1.09819 1.31687 1.55028 1.93728 2.31271 2.22169 1.77650 1.14715
0.00000 0.00000 0.00000 0.00000 0.00000 0.00000 0.00000 0.00000 0.00000 0.00000 0.84034 3.64552 5.95514 6.02033 3.78892 5.01419 2.21985 0.83392 0.75211 0.77709 0.69758 0.61920 0.60335 0.63342 0.68134 0.67103 0.64147 0.72351 0.73539 0.50902 0.30207 0.04503 0.00000 0.00000 0.00000 0.00000 0.00000 0.00000 0.55948 0.94683 1.03122 0.87435 0.44059 0.25447 0.44327 1.57261 3.46643 4.09787 3.58399 2.12859 0.80212 0.37563 0.42369 0.50816 0.74437 1.43336 2.33969 2.73593 2.38822 2.15628
0.00000 0.00000 0.00000 0.00000 0.00000 0.00000 0.00000 0.00000 0.00000 0.06682 0.67492 1.94064 4.12445 5.55739 5.62401 6.42531 4.25251 1.47425 0.74855 0.59428 0.53558 0.48302 0.44585 0.43765 0.43821 0.42182 0.48925 0.64243 0.72396 0.66296 0.45609 0.17880 0.00000 0.00000 0.00000 0.00000 0.00000 0.00000 0.29098 0.92006 1.01333 0.82959 0.23842 0.12481 0.23033 1.11956 2.72650 3.42390 2.87253 1.70199 0.52323 0.12649 0.13431 0.11554 0.19514 0.81940 1.87019 2.44241 2.36133 2.72314
0.00000 0.00000 0.00000 0.00000 0.00000 0.00000 0.00000 0.00000 0.00000 0.00000 0.24589 0.57983 2.10982 5.15856 9.71720 13.91118 11.09776 2.89682 0.90190 0.42474 0.17089 0.17928 0.24291 0.27715 0.32323 0.39731 0.53152 0.73079 1.02477 1.13446 0.86179 0.43880 0.10285 0.00000 0.00000 0.00000 0.00000 0.00000 0.04424 0.66660 0.81080 0.56673 0.12674 0.22342 0.40040 1.07730 2.16857 2.91247 2.74508 1.87215 0.85524 0.35153 0.18634 0.09712 0.13647 0.46615 1.01493 1.33623 1.53649 2.17727
0.00000 0.00000 0.00000 0.00000 0.00000 0.00000 0.00000 0.00000 0.00000 0.00000 0.13454 0.71755 1.64683 4.09289 9.26586 18.87440 15.40737 2.20848 0.79036 0.04714 0.00000 0.02548 0.22548 0.34785 0.41677 0.54554 0.72904 0.90229 1.33092 1.65703 1.44190 0.78304 0.25161 0.07679 0.00000 0.00000 0.00000 0.00000 0.00000 0.20345 0.17743 0.00000 0.00000 0.00000 0.37363 1.07754 2.03904 2.68497 3.28220 2.86104 2.05594 1.16811 0.53172 0.25317 0.19577 0.27890 0.35904 0.32036 0.46753 1.28038
0.00000 0.00000 0.00000 0.00000 0.00000 0.00000 0.00000 0.00000 0.00000 0.00000 0.02567 0.30213 0.61270 1.10865 2.42484 5.23904 4.39034 1.21770 0.04563 0.00000 0.00000 0.18537 0.70144 0.91753 0.69924 0.67128 0.92190 1.52633 2.18707 2.36876 1.94300 1.09664 0.41788 0.11384 0.00000 0.00000 0.00000 0.00000 0.00000 0.00000 0.00000 0.00000 0.00000 0.03092 0.31896 0.94093 1.86685 2.76770 3.82073 3.21700 2.82187 2.03284 1.08198 0.50526 0.06536 0.10717 0.00000 0.00000 0.00000 0.60311
0.00000 0.00000 0.00000 0.00000 0.00000 0.00000 0.00000 0.00000 0.00000 0.02144 0.00000 0.00000 0.11487 0.16791 0.34431 0.94307 0.39380 0.00000 0.09944 0.05541 0.04038 0.74526 2.10567 1.95454 1.56668 1.90747 1.89386 2.32167 2.34546 2.38042 2.02193 1.22451 0.48124 0.10321 0.00000 0.00000 0.00000 0.00000 0.00000 0.00000 0.00000 0.00000 0.00000 0.04705 0.20990 0.68557 1.65335 3.10001 3.57036 4.03520 3.21724 2.26155 1.59601 0.77858 0.02341 0.00000 0.00000 0.00000 0.02536 0.47876
0.00000 0.00000 0.00000 0.00000 0.00000 0.00000 0.00000 0.00000 0.12387 0.18551 0.12721 0.22393 0.50345 0.41742 0.13823 0.18762 0.04736 0.00000 0.03635 0.11146 0.19516 2.12583 4.50785 5.32504 4.39889 3.86244 4.21938 4.69644 3.73772 2.83427 2.45179 1.65152 0.63418 0.11623 0.00000 0.00000 0.00000 0.00000 0.00000 0.00000 0.00000 0.00000 0.09183 0.12298 0.11653 0.41012 1.56112 3.63280 6.36600 8.12479 5.26463 3.63280 1.75812 1.00296 0.23860 0.00000 0.00000 0.00000 0.00000 0.28808
0.00000 0.00000 0.00000 0.00000 0.00000 0.00000 0.00000 0.00000 0.14412 0.28682 0.30409 0.84337 1.87175 1.77080 0.65646 0.00000 0.00000 0.00000 0.00000 0.00000 0.12808 1.89461 4.02271 4.85037 4.22828 3.50226 4.34491 6.38219 6.71103 5.13581 3.71000 2.53279 1.03053 0.16513 0.00000 0.00000 0.00000 0.00000 0.00000 0.00000 0.03228 0.43416 0.56136 0.47123 0.32059 0.84005 5.81839 17.77942 21.94307 13.60855 7.34012 5.94789 3.74084 1.51061 0.54663 0.06112 0.00000 0.00000 0.00000 0.11010
0.00000 0.00000 0.00000 0.00000 0.00000 0.00000 0.00000 0.00000 0.04185 0.11493 0.36356 1.59162 3.71152 4.41928 2.37811 0.34347 0.00000 0.00000 0.00000 0.00000 0.00000 0.35639 0.98307 1.17446 1.81393 1.64781 1.64434 3.31173 5.03993 5.44911 6.30223 3.99180 1.29176 0.15873 0.04405 0.00000 0.31731 0.22707 0.56237 1.70820 2.56828 2.84205 1.96064 1.31349 1.89853 5.82076 19.97376 43.44584 40.07228 17.51548 6.43071 4.98363 4.51515 2.02756 0.82090 0.28681 0.11904 0.19912 0.24648 0.31892
0.00000 0.00000 0.00000 0.00000 0.00000 0.00000 0.00000 0.00000 0.00000 0.00000 0.21134 1.12622 3.29824 4.51720 2.67580 0.68748 0.05123 0.00000 0.00000 0.00000 0.00000 0.00000 0.03715 0.11994 0.23589 0.38228 0.28540 1.32094 3.20486 3.63075 4.66443 4.41562 1.68319 1.69539 1.20858 0.35888 0.73230 4.09544 7.24737 7.75216 7.86922 9.05603 7.19379 4.74353 7.31821 12.43937 25.04648 44.61281 37.78229 15.40383 5.99918 4.63630 4.09921 2.99873 1.51542 1.31746 1.42483 1.56941 1.52155 1.49636
0.00000 0.00000 0.00000 0.00000 0.00000 0.00000 0.00000 0.00000 0.00000 0.00000 0.04790 0.26086 1.44540 2.34947 1.74096 0.58026 0.27068 0.23442 0.02135 0.00000 0.00000 0.00000 0.00000 0.00000 0.00000 0.00000 0.02903 0.23157 2.08650 5.55803 8.48877 6.61868 3.44865 7.55235 13.77862 10.46449 10.14676 34.94645 26.69958 17.80985 15.01240 13.52986 7.22493 6.07995 7.18418 9.11688 11.47203 11.83965 11.27611 11.32419 8.51480 6.41996 5.32405 3.33260 1.93467 2.72731 3.15025 3.65876 4.27895 4.21682
0.00000 0.00000 0.00000 0.00000 0.00000 0.00000 0.00000 0.00000 0.00000 0.00000 0.00000 0.24068 1.23658 1.31219 0.93810 0.70097 0.70715 0.35058 0.00000 0.00000 0.00000 0.00000 0.00000 0.00000 0.00000 0.00000 0.00000 0.00000 1.66243 6.72408 15.08327 8.17185 2.46309 6.16682 14.00447 15.66497 19.32782 37.03138 26.07370 16.69020 14.46354 14.12505 4.35869 1.47016 2.20969 3.35259 4.32722 3.21045 4.13795 6.73446 7.78614 7.13303 4.29664 2.04987 1.95196 2.95596 3.48223 4.29178 6.46067 9.21011
0.00000 0.00000 0.00000 0.00000 0.00000 0.00000 0.00000 0.00000 0.00000 0.00000 0.00000 0.13561 0.72838 0.12430 0.17396 0.07700 0.09797 0.00000 0.00000 0.00000 0.14691 0.24753 0.15757 0.00000 0.00000 0.00000 0.00000 0.00000 0.25143 1.63839 6.30205 6.37173 3.04355 3.51796 4.80609 10.05921 12.88081 9.11925 8.07552 8.50698 10.73842 11.51877 6.66332 2.18558 2.10290 1.77378 1.97259 2.90275 4.73355 4.92486 5.45311 4.22943 1.98539 1.43465 1.64419 2.50315 3.02029 3.07518 4.75897 12.09945
0.00000 0.00000 0.00000 0.00000 0.00000 0.00000 0.00000 0.00000 0.00000 0.00000 0.00000 0.00000 0.00000 0.00000 0.00000 0.00000 0.00000 0.00000 0.00000 0.00000 0.26367 0.27773 0.08136 0.00000 0.00000 0.00000 0.00000 0.00000 0.00000 0.02723 1.00929 3.24532 4.62311 6.30143 4.00357 16.05380 24.60734 11.05641 4.80805 6.09190 12.19838 28.00977 37.48032 18.53940 10.89895 3.79229 1.42264 1.88459 2.50888 2.80409 2.98993 2.14179 1.27083 1.06461 1.18698 2.07373 2.73168 2.19444 2.17367 7.33539
0.00000 0.00000 0.00000 0.00000 0.00000 0.00000 0.00000 0.00000 0.00000 0.00000 0.00000 0.00000 0.00000 0.00000 0.00000 0.00000 0.00000 0.00000 0.00000 0.00000 0.00000 0.00000 0.00000 0.00000 0.00000 0.00000 0.00000 0.00000 0.00000 0.00000 0.02209 1.74421 4.02484 5.96304 8.15699 17.74348 21.02556 7.91638 2.16662 4.26133 14.74403 43.25702 108.29469 108.02697 33.05654 8.67426 2.61022 0.75817 0.84540 1.51770 1.90010 1.41457 0.83174 0.65640 0.80051 1.51781 2.11701 2.29653 2.31489 5.65751
0.00000 0.00000 0.00000 0.00000 0.00000 0.00000 0.00000 0.00000 0.00000 0.00000 0.00000 0.00000 0.00000 0.00000 0.00000 0.00000 0.00000 0.00000 0.00000 0.00000 0.05909 0.13703 0.05152 0.00000 0.00000 0.00000 0.00000 0.00000 0.00000 0.00000 0.14245 0.78439 1.98643 3.78754 6.30232 7.51904 3.59972 0.38395 0.14267 1.50316 6.08744 26.26585 84.76975 142.06786 38.07357 11.60519 2.46607 0.96751 0.62300 0.79337 0.91025 0.72047 0.47146 0.28833 0.23893 0.47320 1.53949 3.46724 4.34121 6.56859
0.00000 0.00000 0.00000 0.00000 0.00000 0.00000 0.00000 0.00000 0.00000 0.00000 0.00000 0.00000 0.00000 0.00000 0.00000 0.00000 0.00000 0.00000 0.00000 0.00000 0.49686 1.77325 1.37232 0.18095 0.00000 0.00000 0.00000 0.00000 0.00000 0.70669 1.66517 1.01852 0.38164 1.47126 2.79383 1.30818 0.04805 0.00000 0.00000 0.07515 0.18464 2.61443 19.40032 55.84447 35.94159 8.51667 2.00910 0.89268 0.49873 0.40062 0.35028 0.29915 0.23463 0.17144 0.19456 0.37088 1.79513 4.99019 6.66509 8.02771
0.00000 0.00000 0.00000 0.00000 0.00000 0.00000 0.00000 0.00000 0.00000 0.00000 0.00000 0.00000 0.00000 0.00000 0.00000 0.00000 0.00000 0.00000 0.00000 0.00000 0.14553 1.61677 1.22875 0.08477 0.00000 0.00000 0.00000 0.00000 0.26637 1.95993 2.63041 1.14167 0.02912 0.36247 1.71692 1.02477 0.00000 0.00000 0.00000 0.00000 0.21583 1.54548 13.04163 29.69117 23.52569 9.15271 2.10714 0.75140 0.44504 0.27441 0.19457 0.13883 0.13009 0.22174 0.38531 0.75737 2.85975 6.64834 9.27648 10.99969
0.00000 0.00000 0.00000 0.00000 0.00000 0.00000 0.00000 0.00000 0.00000 0.00000 0.00000 0.00000 0.00000 0.00000 0.00000 0.00000 0.09184 1.01549 1.76141 1.83474 0.54686 0.09552 0.13637 0.04310 0.14892 0.02367 0.00000 0.00000 0.13013 2.49325 3.49244 1.72689 0.08017 0.02658 0.23717 0.09714 0.00000 0.00000 0.00000 0.34184 2.71586 5.97431 21.25443 50.40979 18.57707 8.15123 3.68314 1.29362 0.82232 0.46470 0.16717 0.10803 0.13969 0.36327 0.59481 1.02091 3.80287 7.75781 11.66029 15.22111
0.00000 0.00000 0.00000 0.00000 0.00000 0.00000 0.00000 0.00000 0.00000 0.00000 0.00000 0.00000 0.00000 0.00000 0.29224 0.52543 1.34175 3.52286 5.39073 5.57317 2.01983 0.19395 0.44971 1.35954 1.44917 0.39441 0.00000 0.00000 0.46286 3.75838 7.16809 6.21565 1.78667 0.00000 0.00000 0.00000 0.00000 0.00000 2.54916 14.20361 18.69524 14.23271 22.26957 43.04053 29.07977 18.28083 10.53996 3.49213 1.60899 1.15196 0.50380 0.14024 0.34327 0.60363 0.91780 1.71984 4.67114 8.99251 11.75867 14.18099
0.00000 0.00000 0.00000 0.00000 0.00000 0.00000 0.00000 0.00000 0.00000 0.00000 0.00000 0.00000 0.03553 0.79609 1.77017 1.68438 2.66588 4.99567 6.49767 5.41779 1.75772 0.31469 1.75422 3.86627 3.86482 2.03294 0.11080 0.25104 1.02706 5.34236 10.68564 11.48276 4.77755 0.58065 0.00000 0.00000 0.00000 0.00000 10.92915 30.67620 42.49550 -99999.00000 -99999.00000 32.35894 29.53312 26.36258 20.37160 8.37521 2.82008 2.24080 1.89104 1.13825 0.81149 0.95626 1.22654 1.65247 4.26313 8.92439 11.11567 12.32608
0.00000 0.00000 0.00000 0.00000 0.00000 0.00000 0.00000 0.00000 0.00000 0.16203 0.00000 0.00000 0.32575 1.68095 3.10934 3.50850 4.80462 6.59413 7.54976 3.96674 0.64823 0.46937 1.97624 6.47525 5.84868 3.22196 0.74846 3.04907 4.68099 5.79537 7.05794 7.43917 4.45972 2.33253 1.07252 -99999.00000 -99999.00000 -99999.00000 -99999.00000 -99999.00000 -99999.00000 -99999.00000 -99999.00000 24.09393 27.46294 28.95586 24.62886 14.56608 5.85300 3.54169 2.94357 1.87936 1.22978 1.10531 1.45232 2.71567 5.83522 8.55019 8.98053 9.28910
0.00000 0.00000 0.00000 0.00000 -99999.00000 0.00000 0.00000 0.00000 0.12383 1.53314 3.14051 2.19729 0.98639 2.15167 4.08296 7.49709 9.37598 4.89573 5.47439 2.21002 0.48935 0.78818 2.25384 5.02462 4.64006 2.46903 2.94954 8.92529 13.75126 7.32240 1.84533 1.79417 2.39477 3.45733 -99999.00000 -99999.00000 -99999.00000 -99999.00000 -99999.00000 -99999.00000 -99999.00000 -99999.00000 -99999.00000 -99999.00000 33.37551 27.76076 22.66055 18.06855 11.44712 5.77610 3.41655 2.09949 1.47305 1.92259 3.27205 4.65454 6.02775 6.54132 5.95358 6.06569
-99999.00000 -99999.00000 -99999.00000 -99999.00000 -99999.00000 0.00000 0.00000 0.02423 1.70042 6.21194 12.89345 9.42587 4.23204 4.27292 6.41109 11.91867 15.51928 6.23460 2.76264 1.02550 0.16354 0.75390 2.09127 2.87369 2.37028 0.91326 1.18858 8.78318 14.45770 8.25813 0.79493 0.00000 0.50183 1.51650 -99999.00000 -99999.00000 -99999.00000 -99999.00000 -99999.00000 -99999.00000 -99999.00000 -99999.00000 -99999.00000 -99999.00000 -99999.00000 21.43761 20.32187 19.71691 16.57332 8.65183 3.73500 2.13458 2.13305 3.95555 5.01105 4.84755 5.65558 6.13455 4.16887 2.94792
