DATA/RAW-RASTER/CPC/2017/20170601.asc
ncols			60
nrows			40
xllcorner		70.0
yllcorner		20.0
cellsize		0.5
NODATA_value	-99999
0.00000 0.00000 0.00000 0.00000 0.00000 0.00000 0.00000 0.00000 0.00000 0.04909 0.18742 0.18631 0.25986 0.51171 0.76086 0.67585 0.34727 0.25736 0.64731 1.32589 2.16771 2.76717 2.98861 2.95193 2.70015 2.24139 1.64675 1.13688 0.85342 0.74852 1.02779 1.34841 1.59887 1.71318 1.70643 1.61777 1.51558 1.46858 1.48079 1.53929 1.60407 1.59683 1.31781 0.83835 0.37760 0.13975 0.06877 0.05944 0.07635 0.10967 0.19052 0.27365 0.22542 0.12250 0.04542 0.03901 0.00000 0.00000 0.00000 0.00000
0.00000 0.00000 0.00000 0.00000 0.00000 0.00000 0.00000 0.00000 0.00000 0.00000 0.00000 0.05710 0.13312 0.33810 0.49403 0.43171 0.25653 0.19340 0.35346 0.77206 1.43916 2.12303 2.51705 2.60860 2.49262 2.20459 1.80287 1.43225 1.07191 0.90460 1.15256 1.30321 1.36375 1.33593 1.24755 1.13788 1.08502 1.13189 1.26751 1.52638 1.89314 2.10224 1.94618 1.29401 0.51986 0.14638 0.05553 0.10848 0.30489 0.64218 1.07216 1.37806 1.43676 1.37115 1.15737 0.79950 0.49317 0.27376 0.15012 0.06038
0.00000 0.00000 0.00000 0.00000 0.00000 0.00000 0.00000 0.00000 0.00000 0.00000 0.06580 0.21495 0.35453 0.55878 0.65482 0.56034 0.37713 0.25978 0.26436 0.40967 0.69801 1.07732 1.46643 1.73477 1.82793 1.81093 1.69991 1.50486 1.43632 1.12084 1.15938 1.20549 1.19261 1.14490 1.08457 1.04485 1.07338 1.21078 1.53238 1.96987 2.24613 2.27318 2.03935 1.50771 0.69493 0.19441 0.08166 0.23599 0.80669 2.05441 3.34185 3.93402 4.42083 5.07198 4.88106 3.53404 2.28605 1.51079 0.88107 0.36096
0.00000 0.00000 0.00000 0.00000 0.00000 0.00000 0.00000 0.00000 0.00000 0.00000 0.13264 0.38313 0.61366 0.67821 0.69474 0.51875 0.28795 0.16024 0.12285 0.13418 0.18768 0.29449 0.46853 0.68665 0.91527 1.10103 1.22281 1.24283 1.36148 1.29672 1.14255 1.13435 1.11645 1.10822 1.11024 1.13647 1.20430 1.39328 1.76024 2.06519 2.12377 2.14431 2.00077 1.61848 1.00578 0.58954 0.55212 0.98521 2.02857 3.84285 5.14258 5.77513 6.66812 8.24442 9.28494 8.45687 5.76432 3.69578 2.23496 1.44276
0.00000 0.00000 0.00000 0.00000 0.00000 0.00000 0.00000 0.00000 0.00000 0.00000 0.14819 0.36487 0.57811 0.60046 0.47301 0.25037 0.07607 0.04137 0.02863 0.00000 0.02126 0.04477 0.10071 0.18419 0.30475 0.45548 0.62588 0.81014 1.12396 1.20517 1.14445 1.14231 1.16982 1.17793 1.17641 1.20717 1.33069 1.53171 1.87424 2.16429 2.34581 2.32652 2.10420 1.82535 1.56691 1.55222 2.05195 3.04666 4.06845 4.91175 5.38420 6.06498 7.43994 8.90253 10.01486 10.02011 7.80651 4.88384 3.07295 2.43443
0.00000 0.00000 0.00000 0.00000 0.00000 0.00000 0.00000 0.00000 0.00000 0.03760 0.16494 0.34104 0.46337 0.43945 0.28828 0.12309 0.03010 0.00000 0.00000 0.00000 0.00000 0.00000 0.02156 0.05127 0.09724 0.16726 0.28853 0.48335 0.85043 1.10802 1.16771 1.20236 1.19880 1.19270 1.20496 1.26597 1.43026 1.63787 1.91313 2.15227 2.31147 2.47614 2.33628 2.20463 2.27475 3.03555 4.45779 6.07389 7.18457 7.36630 7.06912 7.02143 7.27234 6.61911 6.98716 7.20401 6.40922 4.50945 3.07680 2.50762
0.00000 0.00000 0.00000 0.00000 0.00000 0.00000 0.00000 0.00000 0.00000 0.02364 0.16103 0.31224 0.37994 0.31735 0.20468 0.10055 0.03824 0.00000 0.00000 0.00000 0.00000 0.00000 0.00000 0.00000 0.03921 0.07095 0.14256 0.28484 0.61065 0.98611 1.15092 1.19998 1.21007 1.21594 1.24690 1.34984 1.53054 1.76218 2.01127 2.19073 2.16460 2.19071 1.98876 2.36237 2.81216 3.91557 5.76911 7.95609 9.63837 10.19657 9.53352 8.40944 6.65870 5.11957 4.74916 4.20597 3.54065 3.25253 3.00730 2.45626
0.00000 0.00000 0.00000 0.00000 0.00000 0.00000 0.00000 0.00000 0.00000 0.00000 0.02036 0.11977 0.24762 0.23230 0.15006 0.08217 0.03762 0.00000 0.00000 0.00000 0.00000 0.00000 0.00000 0.00000 0.02043 0.03829 0.06862 0.14383 0.37403 0.79813 1.08522 1.19139 1.22554 1.24787 1.28630 1.40260 1.61456 1.83369 1.94403 1.95369 1.87700 1.94269 2.20714 2.57390 2.64586 3.37427 5.19659 7.89806 10.49848 11.78829 11.56151 10.11776 7.35582 4.68847 3.49819 2.78062 2.97805 3.59766 3.20278 2.58499
0.00000 0.00000 0.00000 0.00000 0.00000 0.00000 0.00000 0.00000 0.00000 0.00000 0.00000 0.00000 0.00000 0.05891 0.07451 0.06103 0.03436 0.00000 0.00000 0.00000 0.00000 0.00000 0.00000 0.00000 0.00000 0.02054 0.02702 0.05207 0.18696 0.53714 0.96969 1.16522 1.22090 1.24612 1.28348 1.37406 1.57577 1.70866 1.68097 1.65573 1.71858 1.94459 2.08496 2.13541 2.12882 2.42775 3.58578 6.83602 10.20074 12.41641 13.24076 11.96485 9.09117 7.25962 6.28606 5.49069 5.69890 5.99584 5.40134 3.91621
0.00000 0.00000 0.00000 0.00000 0.00000 0.00000 0.00000 0.00000 0.00000 0.00000 0.00000 0.00000 0.00000 0.00000 0.00000 0.00000 0.00000 0.00000 0.00000 0.00000 0.00000 0.00000 0.00000 0.00000 0.00000 0.00000 0.00000 0.03315 0.11440 0.32101 0.63760 0.93096 1.00005 1.01630 1.05095 1.18945 1.57051 1.52705 1.45327 1.44540 1.49429 1.59660 1.62818 1.61432 1.59041 1.55387 1.85777 3.75953 8.19265 12.14440 12.68754 10.89705 8.99734 8.66838 8.91786 9.22306 9.53076 9.19896 8.15782 5.08054
0.00000 0.00000 0.00000 0.00000 0.00000 0.00000 0.00000 0.00000 0.00000 0.00000 0.00000 0.00000 0.00000 0.00000 0.00000 0.00000 0.00000 0.00000 0.00000 0.00000 0.00000 0.00000 0.00000 0.00000 0.00000 0.00000 0.00000 0.00000 0.04683 0.13577 0.26594 0.38642 0.45280 0.41088 0.36735 0.51279 0.76349 0.94094 1.11970 1.25590 1.33553 1.41852 1.46187 1.40757 1.41207 1.44809 1.66334 2.51861 4.39287 5.74760 5.09256 4.04081 4.38426 6.32123 8.60505 9.47255 9.63896 9.70433 8.12974 4.77309
0.00000 0.00000 0.00000 0.00000 0.00000 0.00000 0.00000 0.00000 0.00000 0.00000 0.00000 0.00000 0.00000 0.00000 0.00000 0.00000 0.00000 0.00000 0.00000 0.00000 0.00000 0.00000 0.00000 0.00000 0.00000 0.00000 0.00000 0.00000 0.00000 0.00000 0.02860 0.08414 0.09578 0.10197 0.13391 0.20287 0.32789 0.52956 0.78490 1.17337 1.42883 1.45331 1.41464 1.36560 1.32949 1.39694 1.73774 2.62548 3.81312 3.68308 2.56890 1.78402 2.66425 4.83762 7.46885 9.02908 8.73158 6.92819 4.21033 2.48566
0.00000 0.00000 0.00000 0.00000 0.00000 0.00000 0.00000 0.00000 0.00000 0.00000 0.00000 0.00000 0.00000 0.00000 0.00000 0.00000 0.00000 0.00000 0.00000 0.00000 0.00000 0.00000 0.00000 0.00000 0.00000 0.00000 0.00000 0.00000 0.00000 0.00000 0.00000 0.00000 0.00000 0.02357 0.06211 0.12509 0.21164 0.37188 0.64057 0.96294 1.38379 1.54922 1.60189 1.59648 1.53430 1.75331 2.45382 3.70432 5.37019 5.66157 4.41390 3.35114 3.88170 5.37152 6.48863 7.09367 6.30135 4.14359 2.09261 1.27006
0.00000 0.00000 0.00000 0.00000 0.00000 0.00000 0.00000 0.00000 0.00000 0.00000 0.00000 0.00000 0.00000 0.00000 0.00000 0.00000 0.00000 0.00000 0.00000 0.00000 0.00000 0.00000 0.00000 0.00000 0.00000 0.00000 0.00000 0.00000 0.00000 0.00000 0.00000 0.00000 0.00000 0.00000 0.00000 0.05410 0.10756 0.19779 0.36649 0.64974 1.08125 1.67848 2.25242 2.44476 2.81895 3.58859 5.05949 7.15983 8.56217 9.23621 9.24782 7.85368 6.80875 7.38902 7.38856 6.31936 4.96420 3.33603 2.17648 1.82426
0.00000 0.00000 0.00000 0.00000 0.00000 0.00000 0.00000 0.00000 0.00000 0.00000 0.00000 0.00000 0.00000 0.00000 0.00000 0.00000 0.00000 0.00000 0.00000 0.00000 0.00000 0.00000 0.00000 0.00000 0.00000 0.00000 0.00000 0.00000 0.00000 0.00000 0.00000 0.00000 0.00000 0.00000 0.00000 0.00000 0.04078 0.08990 0.18888 0.39855 0.84111 1.68871 2.74668 3.67625 5.09828 7.36235 9.89110 11.31347 11.70463 11.01790 10.50446 9.17700 7.64338 7.78238 7.39461 5.88626 3.67181 2.57861 2.62509 3.04398
0.00000 0.00000 0.00000 0.00000 0.00000 0.00000 0.00000 0.00000 0.00000 0.00000 0.00000 0.00000 0.00000 0.00000 0.00000 0.00000 0.00000 0.00000 0.00000 0.00000 0.00000 0.00000 0.00000 0.02214 0.03161 0.00000 0.00000 0.00000 0.00000 0.00000 0.00000 0.00000 0.00000 0.00000 0.00000 0.00000 0.00000 0.03160 0.07547 0.19056 0.53079 1.47610 2.89057 4.00996 5.62842 8.70068 12.91374 14.92359 13.94451 11.02410 8.30807 6.74569 5.99067 5.44983 4.72377 3.20734 1.74655 1.49914 2.76639 4.14148
0.00000 0.00000 0.00000 0.00000 0.00000 0.00000 0.00000 0.00000 0.00000 0.00000 0.00000 0.00000 0.00000 0.00000 0.00000 0.00000 0.00000 0.00000 0.00000 0.03065 0.05629 0.06191 0.06922 0.07638 0.03719 0.00000 0.00000 0.00000 0.00000 0.00000 0.00000 0.00000 0.00000 0.00000 0.00000 0.00000 0.00000 0.00000 0.02245 0.06108 0.26593 1.20462 3.03118 4.51073 5.54851 7.94853 12.93403 14.67484 13.03947 8.84752 4.99609 3.56838 3.10076 2.34032 1.76089 1.16416 0.53899 0.78477 2.98611 5.88431
0.00000 0.00000 0.00000 0.00000 0.00000 0.00000 0.00000 0.00000 0.00000 0.00000 0.00000 0.00000 0.00000 0.00000 0.00000 0.00000 0.00000 0.00000 0.09669 0.25960 0.28422 0.26126 0.21183 0.13222 0.00000 0.00000 0.00000 0.00000 0.00000 0.00000 0.00000 0.00000 0.00000 0.00000 0.00000 0.00000 0.00000 0.00000 0.00000 0.00000 0.16414 1.00052 2.87792 4.34361 5.22600 7.43584 11.06989 12.21247 9.80209 6.20737 3.13845 2.07112 1.67093 1.03464 0.73407 0.65413 0.54529 0.99971 2.67586 5.04370
0.00000 0.00000 0.00000 0.00000 0.00000 0.00000 0.00000 0.00000 0.00000 0.00000 0.00000 0.00000 0.00000 0.00000 0.00000 0.00000 0.00000 0.15161 0.52259 0.80043 0.70325 0.51114 0.31477 0.13230 0.02682 0.00000 0.00000 0.00000 0.00000 0.00000 0.00000 0.00000 0.00000 0.00000 0.00000 0.00000 0.00000 0.00000 0.00000 0.00000 0.19633 0.82947 2.12781 3.64817 4.89499 6.46256 7.89366 8.06634 6.25270 3.98251 2.27336 1.52697 1.22230 0.87134 0.64211 0.52645 0.45881 0.66452 1.35432 2.14589
0.00000 0.00000 0.00000 0.00000 0.00000 0.00000 0.00000 0.00000 0.00000 0.00000 0.00000 0.00000 0.00000 0.00000 0.00000 0.00000 0.05400 0.46309 1.60281 2.39955 1.28842 0.61718 0.28093 0.11848 0.03865 0.00000 0.00000 0.00000 0.00000 0.00000 0.00000 0.00000 0.00000 0.00000 0.00000 0.00000 0.00000 0.00000 0.00000 0.00000 0.02535 0.34490 0.70517 1.59446 2.82578 3.72432 3.97020 3.24120 2.71421 2.36458 2.10914 1.69873 1.19584 0.83837 0.54907 0.30742 0.00000 0.05770 0.25417 0.49608
0.00000 0.00000 0.00000 0.00000 0.00000 0.00000 0.00000 0.00000 0.00000 0.00000 0.00000 0.00000 0.00000 0.00000 0.00000 0.00000 0.20327 1.16515 2.96121 4.43456 2.07539 0.61706 0.23129 0.07373 0.00000 0.00000 0.00000 0.00000 0.00000 0.00000 0.00000 0.00000 0.00000 0.00000 0.00000 0.02909 0.02748 0.00000 0.00000 0.00000 0.00000 0.03022 0.08780 0.34828 0.87690 1.31394 1.49061 1.40333 1.52177 1.49385 1.91911 2.15827 1.66458 1.12695 0.49093 0.03504 0.00000 0.00000 0.00000 0.03677
0.00000 0.00000 0.00000 0.00000 0.00000 0.00000 0.00000 0.00000 0.00000 0.00000 0.00000 0.00000 0.00000 0.00000 0.00000 0.00000 0.09964 0.93914 2.30761 3.39469 1.82048 0.29874 0.10204 0.00000 0.00000 0.00000 0.00000 0.00000 0.00000 0.00000 0.00000 0.00000 0.00000 0.00000 0.00000 0.07002 0.12114 0.07427 0.12033 0.20872 0.17189 0.07454 0.05463 0.09836 0.17587 0.38875 0.74476 1.30259 1.60507 2.47694 3.22220 3.74393 3.52882 2.35368 0.95611 0.27422 0.13070 0.10636 0.05556 0.00000
0.00000 0.00000 0.00000 0.00000 0.00000 0.00000 0.00000 0.00000 0.00000 0.00000 0.00000 0.00000 0.00000 0.00000 0.00000 0.00000 0.00000 0.18936 0.28539 0.59782 0.57491 0.13126 0.00000 0.00000 0.00000 0.00000 0.00000 0.00000 0.00000 0.00000 0.00000 0.00000 0.00000 0.00000 0.00000 0.17964 0.45160 0.59761 0.68851 0.84075 0.79292 0.43528 0.24796 0.12975 0.02589 0.13104 0.64630 1.89943 4.72273 9.32961 11.35812 11.61423 6.52159 4.44000 1.90289 0.62457 0.32577 0.26995 0.23233 0.09462
0.00000 0.00000 0.00000 0.00000 0.00000 0.00000 0.00000 0.00000 0.00000 0.00000 0.00000 0.00000 0.00000 0.00000 0.00000 0.00000 0.00000 0.00000 0.00000 0.02643 0.00000 0.00000 0.00000 0.00000 0.00000 0.00000 0.00000 0.00000 0.00000 0.00000 0.00000 0.00000 0.00000 0.00000 0.00000 0.36943 1.04965 1.68417 1.92445 2.32862 2.22754 1.43953 0.75780 0.46396 0.22938 0.40356 2.53242 8.11380 13.69538 18.19345 23.32350 24.16563 15.95075 7.48729 3.58335 1.07671 0.52666 0.34767 0.28962 0.37057
0.00000 0.00000 0.00000 0.00000 0.00000 0.00000 0.00000 0.00000 0.00000 0.00000 0.00000 0.00000 0.00000 0.00000 0.00000 0.00000 0.00000 0.00000 0.00000 0.00000 0.13455 0.43962 0.41598 0.14114 0.03449 0.00000 0.00000 0.00000 0.00000 0.00000 0.00000 0.00000 0.00000 0.00000 0.00000 0.55398 2.02676 2.67385 3.58103 5.16792 5.35006 5.02495 3.29142 1.83440 2.06458 4.34492 9.41460 15.54929 16.89879 14.78870 16.50007 18.29860 17.58598 9.07941 5.08688 2.44667 1.17408 0.71902 0.35354 0.29073
0.00000 0.00000 0.00000 0.00000 0.00000 0.00000 0.00000 0.00000 0.00000 0.00000 0.00000 0.00000 0.00000 0.00000 0.00000 0.00000 0.00000 0.00000 0.00000 0.09344 0.53859 1.53221 1.52275 0.81817 0.40430 0.04494 0.00000 0.00000 0.00000 0.00000 0.00000 0.00000 0.00000 0.00000 0.00000 0.63403 4.42831 7.76865 12.08901 12.60485 12.36609 14.11089 13.63258 9.38915 9.62540 14.08162 17.45625 16.21257 12.33274 7.65101 7.27644 9.51104 10.92482 10.96060 8.77888 5.41003 2.73438 1.22873 0.17673 0.00000
0.00000 0.00000 0.00000 0.00000 0.00000 0.00000 0.00000 0.00000 0.00000 0.00000 0.00000 0.00000 0.00000 0.00000 0.00000 0.00000 0.00000 0.00000 0.00000 0.07615 0.78751 2.44166 2.64290 1.67230 0.71152 0.02052 0.00000 0.00000 0.00000 0.00000 0.00000 0.00000 0.00000 0.00000 0.20902 9.41687 34.07042 42.28033 36.97817 28.71284 19.57447 14.96239 15.45134 17.39770 10.61491 17.54788 16.27120 6.61081 2.92655 4.05883 5.27227 6.80371 8.97594 9.55343 10.80778 10.05214 6.69881 2.96386 0.76677 0.14969
0.00000 0.00000 0.00000 0.00000 0.00000 0.00000 0.00000 0.00000 0.00000 0.00000 0.00000 0.00000 0.00000 0.00000 0.00000 0.00000 0.00000 0.00000 0.00000 0.00000 0.15651 1.06037 1.67533 1.26717 0.45334 0.00000 0.00000 0.00000 0.00000 0.00000 0.00000 0.00000 0.00000 0.00000 0.36727 12.18362 34.03429 46.33387 41.84961 29.85996 13.71126 8.53919 7.29029 7.21799 5.61427 9.21142 10.67141 4.50096 1.42604 1.71911 3.03249 4.75390 6.26823 7.82916 12.33788 14.61813 11.64402 6.05560 2.18932 0.57907
0.00000 0.00000 0.00000 0.15766 0.45345 0.43198 0.15006 0.00000 0.00000 0.00000 0.00000 0.00000 0.00000 0.00000 0.00000 0.00000 0.00000 0.00000 0.00000 0.00000 0.00000 0.20943 0.42723 0.34353 0.03968 0.00000 0.00000 0.00000 0.00000 0.00000 0.00000 0.00000 0.00000 0.00000 0.00000 1.48434 5.70718 7.23171 8.82983 10.31940 7.89796 8.96102 12.12400 9.35417 9.21796 10.48266 9.63384 5.46099 1.42348 1.03082 1.72283 2.98387 5.13045 9.51439 13.12981 16.83002 16.49150 9.07969 2.65802 0.72857
0.00000 0.02619 0.25062 0.84675 1.94544 1.70385 0.54971 0.20321 0.02542 0.00000 0.00000 0.00000 0.00000 0.00000 0.00000 0.00000 0.00000 0.00000 0.00000 0.00000 0.00000 0.00000 0.00000 0.00000 0.00000 0.00000 0.00000 0.00000 0.00000 0.00000 0.00000 0.00000 0.00000 0.00000 0.00000 0.61739 3.40618 4.66161 4.37883 5.29265 8.55896 18.23500 34.87497 40.43805 29.74050 29.82438 20.66283 9.15242 3.21313 2.03142 2.22470 3.77694 7.26562 12.59140 13.78558 18.56324 20.55094 12.10608 2.35598 0.90947
0.00000 0.07647 0.54734 1.40991 3.45511 5.55433 2.47218 0.89329 0.23450 0.00000 0.00000 0.00000 0.00000 0.00000 0.00000 0.00000 0.00000 0.00000 0.00000 0.00000 0.00000 0.00000 0.00000 0.00000 0.00000 0.00000 0.00000 0.00000 0.00000 0.00000 0.00000 0.06054 0.02292 0.14423 0.27971 3.43219 12.95423 28.50718 20.60644 9.62193 9.67861 24.68922 47.09689 38.52805 31.55158 32.51173 24.11339 10.10133 5.60756 4.25709 4.33496 6.10610 11.09601 15.88349 18.59060 23.89894 20.76088 13.90890 4.36564 2.33142
0.00000 0.00000 0.36200 0.61710 1.50752 3.66362 2.30675 0.98726 0.53200 0.31052 0.12223 0.00000 0.00000 0.00000 0.00000 0.00000 0.00000 0.00000 0.00000 0.00000 0.00000 0.00000 0.00000 0.00000 0.09855 0.04740 0.02567 0.00000 0.04473 0.24306 0.47810 0.69296 0.93017 1.28375 2.41298 4.42230 13.43703 43.00837 42.25809 17.28219 10.27806 28.35766 52.18377 42.67622 33.51919 28.68308 15.34145 11.44950 7.77771 5.62732 5.31984 7.67727 14.21038 17.38000 18.13564 27.76783 24.14198 17.15522 8.07579 4.09370
0.26094 0.17950 0.09089 0.06304 0.19159 0.37700 0.33692 0.36984 0.55780 0.64996 0.54100 0.12982 0.03387 0.00000 0.00000 0.00000 0.00000 0.00000 0.00000 0.00000 0.00000 0.00000 0.29459 1.56308 2.25978 1.46334 0.53886 0.14305 0.33004 0.96589 1.60325 1.38973 1.30895 2.95682 3.23377 5.72977 11.24925 24.93686 46.64815 32.01914 18.30414 29.69876 54.75227 48.94813 42.22199 31.09902 16.93882 10.56279 6.77213 4.71202 3.97603 7.07450 14.87950 19.49267 22.35674 24.58117 22.87668 17.44038 12.53596 7.27213
1.59606 6.90883 5.63654 0.43978 0.00000 0.00000 0.00000 0.09004 0.46049 0.83895 1.18209 1.30270 1.20285 0.22046 0.00000 0.00000 0.00000 0.00000 0.00000 0.00000 0.00000 0.43296 2.63926 6.20087 6.49506 3.20841 0.89854 0.58897 0.79498 1.64990 2.38976 1.52691 0.92368 4.56251 7.91150 17.37275 18.94167 42.94220 83.94328 65.85784 56.25462 42.46833 38.19427 55.42193 68.55360 43.59125 16.89696 8.76967 5.83063 4.44019 3.36345 5.59138 11.39754 15.68626 16.10907 14.56375 16.79269 15.55415 13.47178 8.35248
11.50124 25.83879 15.07330 1.74438 0.00000 0.00000 0.02237 0.12184 0.27297 0.59590 1.62328 6.14992 4.61760 1.38995 0.00000 0.00000 0.00000 0.00000 0.00000 0.00000 0.00000 0.63033 4.82612 10.04160 9.33939 5.47451 2.27458 1.09497 0.80485 1.52165 1.76697 1.05433 0.75625 3.28713 6.21680 8.78937 13.27146 36.28976 69.34379 76.89117 89.22058 83.00031 76.75942 86.61065 88.23491 62.16963 27.70654 11.04617 7.36497 6.00905 4.99264 5.77796 8.23213 9.97826 9.42522 7.34052 10.78475 10.44376 7.72838 3.77409
25.18463 46.59901 24.35553 4.98671 0.00000 0.00000 0.06385 0.08956 0.06558 0.25708 1.07185 3.16972 2.68846 1.35538 0.19812 0.09017 0.02961 0.52931 0.29430 0.00000 0.00000 0.60485 3.70547 7.50061 8.79051 7.17637 5.01323 2.29642 0.99441 2.02130 1.69875 1.39820 1.77960 3.10499 4.04918 3.21277 3.23142 13.90450 36.32045 55.44249 63.57385 71.99677 78.05981 87.49736 81.31294 67.97736 40.79923 14.44084 7.36330 5.88216 5.19335 7.00588 7.51016 7.35905 6.69495 6.09804 6.98928 6.12662 3.13256 0.97071
15.45276 20.95283 9.07618 1.18782 0.00000 0.00000 0.02731 0.00000 0.00000 0.02109 0.09757 0.28965 0.48944 2.72125 6.07810 4.91757 2.67765 2.54717 0.83964 0.13812 0.20246 1.35281 3.35377 5.00291 6.49142 7.79753 10.33444 12.09292 9.14297 5.19802 1.98458 2.94066 7.56819 13.62821 12.26326 7.39749 5.27550 8.40265 20.38046 34.73349 43.00137 -99999.00000 -99999.00000 41.68176 42.73666 43.37305 35.05212 15.19278 6.20976 5.25795 5.40587 5.81691 5.07140 4.66696 4.09736 3.18135 3.33056 2.89018 1.04822 0.49204
1.08624 1.52716 0.22064 0.00000 0.00000 0.00000 0.00000 0.00000 0.00000 0.00000 0.00000 0.00000 0.57389 4.42790 13.06972 18.60259 14.23234 6.77708 2.69240 3.91990 3.31791 3.71530 4.89272 4.56312 5.26561 7.10799 11.05575 18.39088 16.29837 7.15148 3.34351 6.30505 11.30327 17.97583 16.27916 -99999.00000 -99999.00000 -99999.00000 -99999.00000 -99999.00000 -99999.00000 -99999.00000 -99999.00000 20.53174 14.83890 14.93847 15.69958 10.97818 5.52843 4.16070 3.88251 2.05345 1.80290 1.52598 1.17581 1.36100 0.53042 0.00000 0.00000 0.22114
0.00000 0.00000 0.00000 0.00000 -99999.00000 0.00000 0.00000 0.06112 0.00000 0.00000 0.00000 0.03632 0.68037 2.87580 10.23423 20.25345 16.04509 13.05996 8.04120 11.41751 10.04352 6.50989 5.49339 4.68518 4.06252 3.81887 4.92346 8.18556 8.09887 4.30839 4.00702 12.09180 11.15019 4.37829 -99999.00000 -99999.00000 -99999.00000 -99999.00000 -99999.00000 -99999.00000 -99999.00000 -99999.00000 -99999.00000 -99999.00000 2.38066 2.88654 4.81933 5.83685 4.68281 2.84714 0.84760 0.45643 0.44886 0.51168 0.98471 1.75084 2.26613 1.72396 0.65178 0.05103
-99999.00000 -99999.00000 -99999.00000 -99999.00000 -99999.00000 0.31678 0.52809 0.58983 0.17240 0.00000 0.00000 0.00000 0.48004 2.32941 6.03788 7.24518 5.12663 7.65444 6.19197 9.73135 11.39314 8.07088 5.65966 3.65295 2.15501 0.92522 0.93609 2.79227 3.52457 2.96801 3.67481 7.33537 7.17789 1.39105 -99999.00000 -99999.00000 -99999.00000 -99999.00000 -99999.00000 -99999.00000 -99999.00000 -99999.00000 -99999.00000 -99999.00000 -99999.00000 0.86857 1.72551 2.44685 2.70884 1.25115 0.62492 0.52513 0.54648 0.84029 1.06018 1.60848 3.02203 3.75993 2.12447 0.35312
