DATA/RAW-RASTER/CPC/2017/20170816.asc
ncols			60
nrows			40
xllcorner		70.0
yllcorner		20.0
cellsize		0.5
NODATA_value	-99999
0.00000 0.00000 0.00000 0.00000 0.00000 0.00000 0.00000 0.03787 0.30928 1.01209 1.70276 1.74014 1.66860 1.79052 2.51265 3.48925 4.16164 4.24293 3.99944 3.01384 1.59222 0.67239 0.41678 0.60595 1.26878 2.42704 3.64707 4.22380 3.72944 2.26414 0.92265 0.24758 0.00000 0.00000 0.00000 0.00000 0.00000 0.00000 0.00000 0.00000 0.00000 0.00000 0.00000 0.17013 0.29647 0.30842 0.27226 0.18702 0.09460 0.04599 0.03920 0.05158 0.09136 0.19347 0.50004 1.08378 1.32967 1.25261 1.08262 0.72151
0.00000 0.00000 0.00000 0.00000 0.00000 0.00000 0.00000 0.03086 0.28006 0.91052 1.39220 1.36143 1.29752 1.20356 1.37940 2.07434 2.95646 3.41759 3.36195 2.82475 1.89179 1.04421 0.59699 0.64979 0.96365 1.57586 2.32891 2.96126 2.79029 1.63038 0.63149 0.20230 0.00000 0.00000 0.00000 0.00000 0.00000 0.00000 0.00000 0.00000 0.00000 0.00000 0.00000 0.08242 0.32918 0.37732 0.38346 0.34329 0.25284 0.16090 0.11686 0.11833 0.19874 0.47541 1.10841 2.02272 2.64470 2.12892 1.17217 0.48956
0.00000 0.00000 0.00000 0.00000 0.00000 0.00000 0.00000 0.00000 0.13548 0.56705 1.19220 1.21080 0.86065 0.52890 0.39255 0.66765 1.21331 1.66271 1.80936 1.64941 1.28167 0.87690 0.55051 0.44594 0.68254 1.05389 1.55010 2.04991 1.90892 0.92303 0.38799 0.11820 0.00000 0.00000 0.00000 0.00000 0.00000 0.00000 0.00000 0.00000 0.00000 0.00000 0.00000 0.05272 0.29505 0.37056 0.38924 0.36941 0.29788 0.22387 0.16708 0.15463 0.22525 0.50138 1.04954 1.63300 2.08091 2.27334 1.59439 0.67130
0.00000 0.00000 0.00000 0.00000 0.00000 0.00000 0.00000 0.00000 0.07022 0.28143 0.63959 0.76085 0.48489 0.16449 0.05570 0.14218 0.28722 0.43077 0.52192 0.50066 0.41436 0.33562 0.27327 0.22324 0.21624 0.49375 0.84485 1.17415 0.84386 0.11861 0.17876 0.03969 0.00000 0.00000 0.00000 0.00000 0.00000 0.00000 0.00000 0.00000 0.00000 0.00000 0.00000 0.06699 0.22296 0.33801 0.36390 0.32914 0.24399 0.17737 0.13645 0.13014 0.15004 0.20654 0.42189 0.75638 1.14359 1.68586 2.06212 2.00347
0.00000 0.00000 0.00000 0.00000 0.00000 0.00000 0.00000 0.00000 0.03569 0.18984 0.33966 0.35257 0.22670 0.08823 0.03636 0.03322 0.03618 0.07020 0.10065 0.09072 0.07606 0.07563 0.08133 0.08738 0.09165 0.12170 0.29736 0.51346 0.05671 0.00000 0.00000 0.00000 0.00000 0.00000 0.00000 0.00000 0.00000 0.00000 0.00000 0.00000 0.02805 0.04850 0.10028 0.22588 0.42932 0.62530 0.58961 0.41353 0.21949 0.11606 0.09834 0.09807 0.08039 0.00000 0.06613 0.20376 0.61337 1.47268 2.57250 3.45186
0.00000 0.00000 0.00000 0.00000 0.00000 0.00000 0.00000 0.00000 0.00000 0.05092 0.21997 0.22092 0.13172 0.05642 0.00000 0.00000 0.00000 0.00000 0.00000 0.00000 0.00000 0.00000 0.02195 0.03077 0.03898 0.04665 0.00000 0.04258 0.00000 0.00000 0.00000 0.00000 0.00000 0.00000 0.00000 0.00000 0.00000 0.03341 0.06738 0.14489 0.21560 0.34615 0.64100 1.18709 1.71842 1.86582 1.47342 0.84590 0.37405 0.14885 0.07219 0.05501 0.02530 0.00000 0.00000 0.06472 0.33049 1.06591 2.31267 3.46849
0.00000 0.00000 0.00000 0.00000 0.00000 0.00000 0.00000 0.00000 0.00000 0.00000 0.02462 0.09104 0.06416 0.03740 0.00000 0.00000 0.00000 0.00000 0.00000 0.00000 0.00000 0.00000 0.00000 0.00000 0.00000 0.02213 0.00000 0.00000 0.00000 0.00000 0.00000 0.00000 0.00000 0.00000 0.00000 0.02113 0.11127 0.22717 0.39543 0.64063 1.04978 1.89870 3.34127 5.23576 5.97223 5.44223 3.83389 1.90819 0.64895 0.14711 0.02970 0.00000 0.00000 0.00000 0.00000 0.02717 0.11960 0.50264 1.52805 2.60937
0.00000 0.03754 0.02824 0.00000 0.04073 0.07420 0.08815 0.04549 0.07367 0.15436 0.21414 0.18543 0.09744 0.00000 0.00000 0.00000 0.00000 0.00000 0.00000 0.00000 0.00000 0.00000 0.00000 0.00000 0.00000 0.00000 0.00000 0.00000 0.00000 0.00000 0.00000 0.00000 0.00000 0.00000 0.00000 0.10836 0.37658 0.75238 1.30961 2.23676 4.02030 7.08039 11.90282 16.82379 16.32284 14.39725 10.97011 5.53852 1.85218 0.45639 0.20455 0.09038 0.03645 0.00000 0.00000 0.00000 0.04476 0.30968 1.01152 2.06784
0.05365 0.23155 0.22281 0.13213 0.24928 0.27388 0.17769 0.06683 0.26806 0.31828 0.30705 0.25436 0.17742 0.08133 0.00000 0.00000 0.00000 0.00000 0.00000 0.00000 0.00000 0.00000 0.00000 0.00000 0.00000 0.00000 0.00000 0.00000 0.00000 0.00000 0.00000 0.00000 0.00000 0.00000 0.19410 0.54628 1.06352 2.04581 3.43773 5.69121 9.02680 13.77127 19.18778 23.60145 25.53991 27.07906 25.64583 19.26522 8.43095 3.15339 1.74084 1.44048 1.06057 0.42697 0.21507 0.10834 0.11701 0.44923 1.36358 3.11157
0.20572 0.61528 0.95960 1.24617 0.97665 0.66718 0.36318 0.23171 0.43161 0.54443 0.35188 0.19658 0.13492 0.09362 0.02487 0.00000 0.00000 0.00000 0.00000 0.00000 0.00000 0.00000 0.00000 0.00000 0.00000 0.00000 0.00000 0.00000 0.00000 0.04552 0.11261 0.17678 0.18632 0.15169 0.13217 0.48135 2.56718 4.11424 5.44265 7.22705 9.20670 11.62141 14.35544 17.54999 21.89409 26.28910 27.97557 26.08992 20.13963 11.89442 7.63062 6.39495 5.01018 2.83049 1.12858 0.31596 0.17773 0.74059 2.58850 5.44611
0.18494 0.65363 1.49365 1.64329 0.79000 0.34536 0.08517 0.91038 1.20780 1.10100 0.48396 0.13257 0.06384 0.04095 0.02115 0.00000 0.00000 0.00000 0.00000 0.00000 0.00000 0.00000 0.00000 0.00000 0.00000 0.00000 0.00000 0.00000 0.05744 0.19718 0.47444 0.72709 0.78350 0.79702 0.68133 0.90760 2.58200 4.00441 4.81523 5.61587 6.27856 7.05617 7.67261 8.25204 10.62906 16.01992 20.85374 21.80091 18.88006 13.53395 10.60457 9.52008 8.18455 5.52654 2.52372 0.83512 0.52108 1.82461 5.50004 9.65238
0.08326 0.31274 0.79136 0.83035 0.23576 0.00000 0.02886 1.06185 1.90836 0.90171 0.25371 0.05996 0.00000 0.00000 0.00000 0.00000 0.00000 0.00000 0.00000 0.00000 0.00000 0.00000 0.00000 0.00000 0.00000 0.00000 0.00000 0.02420 0.11671 0.40043 0.88589 1.23627 1.28930 1.21654 1.20264 1.70294 2.12726 2.54853 3.19114 3.70745 3.91545 3.63173 3.06514 2.28657 1.68736 4.29539 9.98966 14.10537 13.85515 10.89378 9.81271 9.69656 9.37493 7.91048 5.48196 3.29468 2.90691 4.99033 8.79239 12.15132
0.02257 0.12416 0.31012 0.14032 0.00000 0.00000 0.00000 0.90677 2.03217 0.62463 0.07516 0.00000 0.00000 0.00000 0.00000 0.00000 0.00000 0.00000 0.00000 0.00000 0.00000 0.00000 0.00000 0.00000 0.00000 0.00000 0.00000 0.03631 0.17122 0.61152 1.18701 1.41683 1.50460 1.47011 1.45991 1.36649 1.17031 1.05744 1.01449 1.28592 1.98805 1.86270 1.37012 0.84237 0.66351 1.94183 5.07702 7.90803 9.07416 8.79781 8.64061 8.76455 8.99651 8.83013 7.90500 6.61404 6.31222 8.27886 11.00123 11.92855
0.00000 0.00000 0.00000 0.00000 0.00000 0.00000 0.00000 0.37328 0.56531 0.15387 0.00000 0.00000 0.00000 0.00000 0.00000 0.00000 0.00000 0.00000 0.00000 0.00000 0.00000 0.00000 0.00000 0.00000 0.00000 0.00000 0.00000 0.04548 0.25088 0.81556 1.47316 1.73944 1.81306 1.81728 1.78095 1.71269 1.53284 1.29956 1.01522 0.74946 0.59700 0.84462 0.91611 0.85338 1.20450 2.22279 3.82910 5.42412 6.25076 6.64726 6.87707 7.53805 8.50804 9.57094 9.35987 7.99081 7.33509 8.37429 9.75019 9.70389
0.00000 0.00000 0.00000 0.00000 0.00000 0.00000 0.00000 0.00000 0.00000 0.00000 0.00000 0.00000 0.00000 0.00000 0.00000 0.00000 0.00000 0.00000 0.00000 0.00000 0.00000 0.00000 0.00000 0.00000 0.00000 0.00000 0.00000 0.07545 0.50049 1.03377 1.49248 1.84185 1.94154 1.95678 2.02573 1.98121 1.83560 1.54063 1.20952 0.93438 0.73699 0.57079 0.59356 0.88665 1.70094 2.91574 4.10189 4.79015 5.32515 5.42256 5.42337 6.02307 7.38358 9.10660 9.14197 7.64278 5.23586 4.43516 4.53656 3.89910
0.00000 0.00000 0.00000 0.00000 0.00000 0.00000 0.00000 0.00000 0.00000 0.00000 0.00000 0.00000 0.00000 0.00000 0.00000 0.00000 0.00000 0.00000 0.00000 0.00000 0.00000 0.00000 0.00000 0.00000 0.00000 0.00000 0.00000 0.22755 0.74576 1.23046 1.56767 1.88214 2.00652 2.12828 2.34216 2.30866 2.11087 1.71740 1.27986 0.94420 0.76201 0.61912 0.52581 0.61430 1.20183 2.63907 4.36883 5.14819 5.13920 4.60441 3.97576 3.96416 4.92072 5.79826 5.65087 4.02499 2.12342 1.09854 1.18083 0.73024
0.00000 0.00000 0.00000 0.00000 0.00000 0.00000 0.00000 0.00000 0.00000 0.00000 0.00000 0.00000 0.00000 0.00000 0.00000 0.00000 0.00000 0.00000 0.00000 0.00000 0.00000 0.00000 0.00000 0.00000 0.00000 0.00000 0.02053 0.49337 0.99588 1.54642 1.91055 2.05072 1.99688 2.05300 2.14204 2.20990 2.19314 1.86331 1.33163 0.88053 0.72931 0.62243 0.43410 0.35647 0.64012 1.94364 4.13391 4.86928 4.46993 3.16981 1.74527 1.30798 1.71524 1.81990 1.59477 1.10500 0.38717 0.00000 0.04604 0.00000
0.00000 0.00000 0.00000 0.00000 0.00000 0.00000 0.00000 0.00000 0.00000 0.00000 0.00000 0.00000 0.00000 0.00000 0.00000 0.00000 0.00000 0.00000 0.00000 0.00000 0.00000 0.00000 0.00000 0.00000 0.00000 0.00000 0.20157 0.74152 1.18665 1.67547 1.92194 1.99941 2.03582 2.17145 2.26669 2.41300 2.46337 2.19032 1.63023 0.96022 0.73814 0.64413 0.43845 0.30118 0.46742 1.49249 3.25429 3.91180 3.23359 1.95016 0.62972 0.21544 0.38543 0.32250 0.18969 0.13290 0.00000 0.00000 0.00000 0.00000
0.00000 0.00000 0.00000 0.00000 0.00000 0.00000 0.00000 0.00000 0.00000 0.00000 0.00000 0.00000 0.00000 0.00000 0.00000 0.00000 0.00000 0.00000 0.00000 0.00000 0.00000 0.00000 0.00000 0.00000 0.00000 0.15113 0.52748 1.13623 1.73125 2.06769 2.15362 1.86602 1.71779 2.02365 2.26782 2.50670 2.47789 2.36842 1.97411 1.29912 0.92185 0.76509 0.64778 0.64474 0.87349 1.57214 2.42673 2.69477 2.11291 1.20700 0.47543 0.18970 0.07120 0.02999 0.00000 0.00000 0.00000 0.00000 0.00000 0.00000
0.00000 0.00000 0.00000 0.00000 0.00000 0.00000 0.00000 0.00000 0.00000 0.00000 0.00000 0.00000 0.00000 0.00000 0.00000 0.00000 0.00000 0.00000 0.00000 0.00000 0.00000 0.00000 0.00000 0.00000 0.04219 0.31692 0.82534 1.65301 2.59854 2.98733 2.63038 1.86133 1.27111 1.53025 2.00831 2.46430 2.58577 2.46674 2.24247 1.63426 1.12079 0.77820 0.72850 1.13934 1.84105 2.26965 2.10118 1.54337 1.18635 0.82855 0.56309 0.21234 0.00000 0.00000 0.00000 0.00000 0.00000 0.00000 0.04316 0.12157
0.00000 0.00000 0.00000 0.00000 0.00000 0.00000 0.00000 0.00000 0.00000 0.00000 0.00000 0.00000 0.00000 0.00000 0.00000 0.00000 0.00000 0.00000 0.00000 0.00000 0.00000 0.00000 0.00000 0.00000 0.10080 0.46438 1.29157 2.63398 3.81207 4.05800 3.27057 2.04998 1.25472 0.99389 1.32895 1.83549 2.22515 2.27633 2.07092 1.67208 1.11158 0.71647 0.75588 1.87149 3.99914 4.54455 2.78962 1.36163 0.90606 0.63805 0.60092 0.49455 0.22437 0.00000 0.00000 0.00000 0.02132 0.11090 0.31194 0.76142
0.00000 0.00000 0.00000 0.00000 0.00000 0.00000 0.00000 0.00000 0.00000 0.00000 0.00000 0.00000 0.00000 0.00000 0.00000 0.00000 0.00000 0.00000 0.00000 0.00000 0.00000 0.00000 0.25601 0.12793 0.24896 1.97940 3.33278 4.27725 4.11687 3.89462 2.97990 1.82388 1.06035 0.60985 0.66707 1.13649 1.73426 2.03760 1.82056 1.57517 1.30928 1.17599 1.77284 4.08315 7.67455 7.95406 4.96931 2.39474 1.08511 0.98359 0.85357 0.72289 0.65002 0.37310 0.00000 0.04544 0.11070 0.25835 0.77679 1.95540
0.00000 0.00000 0.00000 0.00000 0.00000 0.00000 0.00000 0.00000 0.00000 0.00000 0.00000 0.00000 0.00000 0.00000 0.00000 0.00000 0.00000 0.00000 0.00000 0.00000 0.00000 0.29202 1.73698 2.23282 2.59456 6.75970 10.03240 9.64794 6.79305 4.20911 2.69163 1.83409 1.26140 0.60896 0.46741 0.93811 1.64699 1.94525 1.78709 1.72626 2.01597 2.65077 4.71349 7.84739 10.24573 9.95298 6.76441 3.87093 2.65256 2.79135 2.40485 2.10236 1.05114 0.64843 0.05302 0.06653 0.06851 0.12873 0.64571 2.11423
0.00000 0.00000 0.00000 0.00000 0.00000 0.00000 0.00000 0.00000 0.00000 0.00000 0.00000 0.00000 0.00000 0.00000 0.00000 0.00000 0.00000 0.00000 0.00000 0.00000 0.05563 1.01946 1.79532 2.75409 5.89873 12.25614 17.44835 16.18131 12.98308 7.09617 2.43843 1.98395 2.39177 1.77759 1.06740 1.14239 1.71531 2.14346 2.05651 2.15342 2.77127 3.65964 5.75833 8.42877 9.36068 8.76332 10.98255 9.53545 5.52546 3.87012 4.25912 4.31996 2.70229 1.03955 0.20104 0.05776 0.04234 0.05598 0.35617 1.52561
0.00000 0.00000 0.00000 0.00000 0.00000 0.00000 0.00000 0.00000 0.00000 0.00000 0.00000 0.00000 0.00000 0.00000 0.00000 0.00000 0.00000 0.00000 0.00000 0.08265 0.54562 0.74447 0.62427 1.12657 7.00748 16.55047 23.32344 21.33617 15.13518 8.16420 3.00066 3.10134 5.43486 5.14542 2.01618 1.34757 2.68921 2.51370 2.56263 2.97309 2.70241 4.09044 4.88693 4.93830 6.56647 10.30412 12.08250 7.26236 3.31891 2.13157 2.46120 2.93842 2.83198 1.26213 0.37701 0.16217 0.41957 0.59230 0.67244 1.17911
0.00000 0.00000 0.00000 0.00000 0.00000 0.00000 0.00000 0.00000 0.00000 0.00000 0.00000 0.00000 0.00000 0.00000 0.00000 0.00000 0.00000 0.00000 0.25246 0.90066 1.30759 0.38172 0.06321 0.98167 5.93028 13.77183 20.02258 19.36263 14.16682 8.98956 6.14926 6.29941 8.88693 6.84239 1.82494 1.50500 7.18405 5.54711 4.43179 3.13301 2.43703 3.92420 6.82904 6.20443 6.74627 6.04252 5.02029 2.30369 0.88489 0.60962 0.80084 1.37116 1.72339 1.42096 1.82194 3.22217 3.46683 3.37632 2.52840 1.68860
0.00000 0.00000 0.00000 0.00000 0.00000 0.00000 0.00000 0.00000 0.00000 0.00000 0.00000 0.00000 0.00000 0.00000 0.00000 0.00000 0.00000 0.00000 0.08836 0.24278 0.15977 0.00000 0.00000 0.11779 3.31888 5.77500 5.54305 7.30661 7.53628 6.11000 5.26461 5.38340 5.64117 3.57671 0.54658 0.75311 4.52921 5.67926 3.41570 1.13383 1.45694 2.57059 4.12371 7.32708 4.45852 1.20069 1.22467 0.18463 0.25604 0.25384 1.12570 1.70476 1.94883 2.14255 4.76702 7.88935 10.05941 9.92634 7.51457 3.63233
0.00000 0.00000 0.00000 0.00000 0.00000 0.00000 0.00000 0.00000 0.00000 0.00000 0.00000 0.00000 0.00000 0.00000 0.00000 0.00000 0.00000 0.00000 0.00000 0.00000 0.00000 0.00000 0.00000 0.00000 1.01426 2.25752 2.70449 3.44137 2.70813 1.91288 1.42641 2.44951 3.18985 2.91810 2.04158 1.00268 0.48184 2.27357 2.30813 0.97146 0.95295 1.86539 2.11837 3.15252 2.93075 1.44696 2.22726 2.49236 3.61340 4.02678 3.97438 3.57605 2.13962 2.39017 4.90175 9.83851 14.64847 17.30568 14.79472 7.88539
0.00000 0.00000 0.00000 0.00000 0.00000 0.00000 0.00000 0.00000 0.00000 0.00000 0.00000 0.00000 0.00000 0.00000 0.00000 0.00000 0.00000 0.00000 0.08010 0.30679 0.74868 1.20305 0.74590 0.04410 0.35784 0.82860 2.58394 3.99498 3.65083 2.08576 2.38297 4.41363 6.12972 7.71717 7.63577 4.96140 0.87339 1.67981 4.67051 2.57452 1.28093 2.65138 6.33690 10.61073 7.72357 3.26901 2.92882 4.64744 7.79637 7.02678 6.22479 3.74198 1.62255 2.08716 3.37158 7.00426 13.37256 21.60368 23.19872 15.13621
0.00000 0.00000 0.00000 0.00000 0.00000 0.00000 0.00000 0.00000 0.00000 0.00000 0.00000 0.00000 0.00000 0.00000 0.00000 0.00000 0.00000 0.00000 0.89650 1.05050 1.73321 1.38130 0.39152 0.00000 0.05675 0.26358 2.27230 5.59454 9.66980 13.33721 12.40695 11.78784 12.80332 16.08233 11.72349 5.88058 1.27951 0.34901 2.14501 1.98239 1.45086 3.96859 9.51479 12.80862 10.33341 5.05785 3.09970 3.59211 4.65111 4.91991 4.74359 2.81349 1.55639 1.62300 1.85012 3.89251 7.38496 24.16235 39.34306 26.46054
0.00000 0.00000 0.00000 0.00000 0.00000 0.00000 0.00000 0.00000 0.00000 0.00000 0.00000 0.00000 0.00000 0.00000 0.00000 0.00000 0.00000 0.00000 0.53001 0.44386 0.44386 0.00000 0.00000 0.00000 0.00000 0.95954 2.67947 6.47494 15.59474 28.90481 29.14398 20.10365 17.81663 16.29834 10.82514 4.99187 1.23659 2.14135 4.69405 2.68752 0.80105 2.94674 8.93768 8.52674 5.31838 4.97955 3.21276 1.39876 1.71748 2.84601 3.35555 2.30852 1.26949 1.07709 1.47849 3.67034 8.57478 24.84173 34.42707 29.70524
0.00000 0.00000 0.00000 0.00000 0.00000 0.00000 0.00000 0.00000 0.00000 0.00000 0.00000 0.00000 0.00000 0.00000 0.00000 0.00000 0.00000 0.00000 0.00000 0.00000 0.02412 0.04570 0.00000 0.00000 0.23354 1.32844 2.98483 3.46821 8.70577 21.08950 23.50615 19.22358 17.89325 17.09514 16.06418 7.96218 3.69816 12.33782 17.47124 6.14193 0.44925 2.24279 5.82108 10.00261 5.41160 5.34392 2.72752 1.70267 1.28073 1.47585 1.66317 1.32220 0.77159 0.48447 0.51938 1.76795 8.30346 21.41678 21.58748 16.85153
0.00000 0.00000 0.00000 0.00000 0.00000 0.00000 0.00000 0.00000 0.00000 0.00000 0.00000 0.00000 0.00000 0.00000 0.00000 0.00000 0.00000 0.00000 0.00000 0.00000 0.17841 0.58776 0.47360 0.12636 1.41801 3.79268 4.82643 3.50223 4.91385 10.61903 12.18897 12.40468 12.65534 16.91245 21.99220 14.67196 11.67600 32.90176 28.15102 11.90710 9.70072 9.12470 3.82304 6.84531 13.04268 14.37711 7.00700 3.30674 1.75389 1.11737 0.56223 0.54878 0.39677 0.32641 0.45772 1.18877 6.48040 16.55086 18.65793 14.07564
0.00000 0.00000 0.00000 0.00000 0.00000 0.00000 0.00000 0.00000 0.00000 0.00000 0.00000 0.00000 0.00000 0.00000 0.00000 0.00000 0.00000 0.00000 0.00000 0.00000 0.05114 0.55233 0.44713 0.33076 2.27173 6.29280 8.56702 7.53522 8.02673 9.25517 9.54042 11.94972 12.23821 15.48454 19.55722 12.81779 6.59164 18.95799 20.36276 24.70622 45.80205 62.07880 60.87079 18.32692 34.40671 32.16422 11.75387 4.19225 2.08315 1.53363 0.43659 0.21384 0.26618 0.47657 0.80984 1.76547 6.93403 15.29497 18.79662 16.15443
0.00000 0.00000 0.00000 0.00000 0.00000 0.00000 0.00000 0.00000 0.00000 0.00000 0.00000 0.00000 0.00000 0.00000 0.00000 0.00000 0.00000 0.00000 0.00000 0.00000 0.00000 0.03048 0.04363 0.10981 1.90317 7.52637 11.12952 11.78317 13.28401 13.70951 12.59934 15.78967 17.96523 13.84973 10.76856 6.29430 10.64394 14.57412 8.85704 14.55619 23.01616 94.89587 143.71504 32.17544 59.11015 52.62141 23.13541 6.30126 3.34852 2.80109 1.72338 0.68749 0.28645 0.52409 0.85761 1.46938 5.97388 10.83290 11.84312 10.14264
0.02109 0.00000 0.00000 0.00000 0.00000 0.00000 0.00000 0.00000 0.00000 0.00000 0.00000 0.00000 0.00000 0.00000 0.00000 0.00000 0.00000 0.00000 0.04155 0.80248 1.82391 0.60234 0.03081 0.00000 3.18649 12.28704 18.95584 17.27685 22.53351 21.48997 13.27914 10.62529 9.50697 6.09821 3.59207 2.68469 13.38290 25.80935 13.98174 9.43605 10.63057 27.03696 22.74633 8.28028 36.02379 47.07693 30.97198 9.36497 3.65933 3.35264 2.43861 1.37474 0.45595 0.63485 0.96579 1.81621 5.27147 9.61710 10.03301 11.90563
0.20735 0.00000 0.00000 0.00000 0.00000 0.00000 0.00000 0.00000 0.00000 0.00000 0.00000 0.00000 0.00000 0.00000 0.00000 0.00000 0.00000 0.00000 0.91634 5.03764 9.33587 3.61669 0.71627 0.00000 2.55047 18.68293 37.54330 50.72504 53.63128 30.03890 8.69374 3.81208 3.68053 2.11087 1.20716 1.60214 10.27015 21.55049 17.12214 9.52841 7.30793 -99999.00000 -99999.00000 7.82249 14.94963 23.62316 23.48306 10.26782 3.16899 2.92666 2.90532 1.63610 0.70082 0.79922 0.96622 1.35858 6.15769 13.66313 17.65172 22.71028
0.05734 0.06522 0.05566 0.00000 0.00000 0.00000 0.00000 0.00000 0.00000 0.00000 0.00000 0.00000 0.00000 0.02674 0.02562 0.00000 0.00000 0.00000 1.08131 6.10432 11.42808 5.33952 0.82933 0.43015 6.12317 21.32613 39.63907 64.39177 59.51193 25.67963 4.06945 1.56342 2.58282 3.21702 2.45048 -99999.00000 -99999.00000 -99999.00000 -99999.00000 -99999.00000 -99999.00000 -99999.00000 -99999.00000 6.05868 5.74944 7.84120 10.07225 7.71917 3.29653 2.24952 2.21680 1.05681 0.96281 0.92376 1.15455 3.40601 11.92112 21.78787 28.16581 34.13328
0.00000 0.51532 0.41594 0.00000 -99999.00000 0.00000 0.00000 0.50359 0.08748 0.08939 0.00000 0.00000 0.00000 0.13437 0.14606 0.00000 0.00000 0.00000 0.15537 1.83198 4.47929 3.61432 1.52121 2.37538 8.66076 18.94957 29.39085 41.25096 33.83569 11.76449 1.36306 0.78446 2.59772 4.62074 -99999.00000 -99999.00000 -99999.00000 -99999.00000 -99999.00000 -99999.00000 -99999.00000 -99999.00000 -99999.00000 -99999.00000 1.62521 2.17050 3.48287 4.33828 3.63227 1.83686 0.65595 1.09773 1.27075 1.78863 3.41901 6.81031 12.49974 20.65074 29.98599 44.55502
-99999.00000 -99999.00000 -99999.00000 -99999.00000 -99999.00000 0.18910 1.67162 2.51674 1.13083 0.82684 0.47636 0.25179 0.54868 1.23964 0.96317 0.00000 0.00000 0.00000 0.00000 0.13700 1.48600 2.55239 3.69608 5.49551 9.46428 11.46038 17.73164 24.40169 18.33551 10.02158 11.62203 11.39009 8.44778 3.80520 -99999.00000 -99999.00000 -99999.00000 -99999.00000 -99999.00000 -99999.00000 -99999.00000 -99999.00000 -99999.00000 -99999.00000 -99999.00000 1.03765 1.50103 1.38279 1.28818 1.09122 1.26642 1.53159 1.89920 3.65672 4.93191 6.04629 9.47390 14.64950 18.02391 29.40644
