DATA/RAW-RASTER/CPC/2017/20170828.asc
ncols			60
nrows			40
xllcorner		70.0
yllcorner		20.0
cellsize		0.5
NODATA_value	-99999
0.00000 0.00000 0.00000 0.00000 0.00000 0.00000 0.00000 0.00000 0.00000 0.00000 0.00000 0.00000 0.00000 0.31589 0.94877 1.02847 0.58090 0.40422 0.80481 0.93424 0.61658 0.26568 0.09615 0.03549 0.00000 0.00000 0.00000 0.00000 0.00000 0.00000 0.00000 0.00000 0.00000 0.00000 0.00000 0.00000 0.00000 0.00000 0.00000 0.00000 0.00000 0.00000 0.00000 0.00000 0.00000 0.00000 0.00000 0.00000 0.00000 0.00000 0.00000 0.00000 0.00000 0.00000 0.03552 0.04350 0.02138 0.02051 0.03103 0.00000
0.00000 0.00000 0.00000 0.00000 0.00000 0.00000 0.00000 0.00000 0.00000 0.00000 0.00000 0.00000 0.00000 0.05565 0.12334 0.13010 0.10082 0.11584 0.20524 0.27880 0.26226 0.16755 0.06201 0.00000 0.00000 0.00000 0.00000 0.00000 0.00000 0.00000 0.00000 0.00000 0.00000 0.00000 0.00000 0.00000 0.00000 0.00000 0.00000 0.00000 0.00000 0.00000 0.00000 0.00000 0.00000 0.00000 0.00000 0.00000 0.00000 0.00000 0.00000 0.00000 0.08697 0.48561 1.10833 1.01702 0.76853 0.52634 0.33783 0.17011
0.00000 0.00000 0.00000 0.00000 0.00000 0.00000 0.00000 0.00000 0.00000 0.00000 0.00000 0.00000 0.00000 0.00000 0.00000 0.00000 0.00000 0.00000 0.00000 0.00000 0.00000 0.00000 0.00000 0.00000 0.00000 0.00000 0.00000 0.00000 0.00000 0.00000 0.00000 0.00000 0.00000 0.00000 0.00000 0.00000 0.00000 0.00000 0.00000 0.00000 0.00000 0.00000 0.00000 0.00000 0.00000 0.00000 0.00000 0.00000 0.00000 0.00000 0.06594 0.38718 1.56144 3.76384 5.56527 5.19299 3.82738 3.07725 2.21607 1.14414
0.00000 0.00000 0.00000 0.00000 0.00000 0.00000 0.00000 0.00000 0.00000 0.00000 0.00000 0.00000 0.00000 0.00000 0.00000 0.00000 0.00000 0.00000 0.00000 0.00000 0.00000 0.00000 0.00000 0.00000 0.00000 0.00000 0.00000 0.00000 0.00000 0.00000 0.00000 0.00000 0.00000 0.00000 0.00000 0.00000 0.00000 0.00000 0.00000 0.00000 0.00000 0.00000 0.00000 0.00000 0.00000 0.00000 0.00000 0.00000 0.00000 0.00000 0.11491 0.64593 2.58543 6.96077 11.41053 12.75877 10.26048 8.02676 6.42127 5.31989
0.00000 0.00000 0.00000 0.00000 0.00000 0.00000 0.00000 0.00000 0.00000 0.00000 0.00000 0.00000 0.00000 0.00000 0.00000 0.00000 0.00000 0.00000 0.00000 0.00000 0.00000 0.00000 0.00000 0.00000 0.00000 0.00000 0.00000 0.00000 0.00000 0.00000 0.00000 0.00000 0.00000 0.00000 0.00000 0.00000 0.00000 0.00000 0.00000 0.00000 0.00000 0.00000 0.00000 0.00000 0.00000 0.00000 0.00000 0.00000 0.00000 0.04060 0.11066 0.76129 3.55115 8.91783 13.16066 14.62194 14.06452 11.56517 9.63575 9.40836
0.00000 0.00000 0.00000 0.00000 0.00000 0.00000 0.00000 0.00000 0.00000 0.00000 0.00000 0.00000 0.00000 0.00000 0.00000 0.00000 0.00000 0.00000 0.00000 0.00000 0.00000 0.00000 0.00000 0.00000 0.00000 0.00000 0.00000 0.00000 0.00000 0.00000 0.00000 0.00000 0.00000 0.00000 0.00000 0.00000 0.00000 0.00000 0.00000 0.00000 0.00000 0.00000 0.00000 0.00000 0.00000 0.00000 0.00000 0.00000 0.00000 0.09043 0.31089 1.18434 3.92403 7.28525 9.86262 11.33264 12.77382 11.95083 10.22405 9.78426
0.00000 0.00000 0.00000 0.00000 0.00000 0.00000 0.00000 0.00000 0.00000 0.00000 0.00000 0.00000 0.00000 0.00000 0.00000 0.00000 0.00000 0.00000 0.00000 0.00000 0.00000 0.00000 0.00000 0.00000 0.00000 0.00000 0.00000 0.00000 0.00000 0.00000 0.00000 0.00000 0.00000 0.00000 0.00000 0.00000 0.00000 0.02336 0.04339 0.05634 0.06393 0.09435 0.12803 0.09141 0.03270 0.00000 0.00000 0.00000 0.00000 0.04706 0.24595 1.03604 3.01798 5.47058 7.51163 8.64400 9.53974 10.57820 10.25209 9.14518
0.00000 0.00000 0.00000 0.00000 0.00000 0.00000 0.00000 0.11621 0.30200 0.38455 0.37707 0.09627 0.00000 0.00000 0.00000 0.00000 0.00000 0.00000 0.00000 0.00000 0.00000 0.00000 0.00000 0.00000 0.00000 0.00000 0.00000 0.00000 0.00000 0.00000 0.00000 0.00000 0.00000 0.00000 0.03106 0.05134 0.08605 0.14367 0.21425 0.31430 0.46369 0.61070 0.71057 0.61154 0.32696 0.13182 0.04487 0.02615 0.02157 0.03787 0.20721 0.91850 2.56133 4.57561 6.36273 7.53117 9.50789 11.20915 9.34827 8.01925
0.00000 0.00000 0.00000 0.00000 0.00000 0.00000 0.11449 0.59505 0.82919 0.84393 0.71382 0.49585 0.17235 0.06866 0.02016 0.00000 0.00000 0.00000 0.00000 0.00000 0.00000 0.00000 0.00000 0.00000 0.00000 0.00000 0.00000 0.00000 0.00000 0.00000 0.00000 0.00000 0.04608 0.09552 0.12446 0.18531 0.33144 0.58822 0.90712 1.32368 1.73292 2.01854 1.96090 1.45630 0.77107 0.29059 0.10779 0.13911 0.17169 0.26163 0.65628 1.60700 3.42625 6.04091 8.20110 8.57173 9.47624 9.73738 9.00990 7.69462
0.00000 0.00000 0.00000 0.00000 0.00000 0.37917 1.43948 1.46697 1.40048 1.24412 0.69713 0.38703 0.27016 0.19789 0.19143 0.13169 0.11015 0.08489 0.04806 0.02618 0.00000 0.00000 0.00000 0.00000 0.00000 0.00000 0.00000 0.00000 0.00000 0.09483 0.23271 0.42543 0.54845 0.52304 0.57605 0.76336 1.43003 1.96783 2.39117 2.85701 3.16455 3.32928 3.17484 2.58353 1.64731 0.64476 0.24334 0.47092 0.96019 1.62264 2.72633 4.08538 5.68262 7.38242 7.71537 6.87811 6.50918 6.76909 7.58973 6.50066
0.00000 0.00000 0.00000 0.00000 0.28700 2.11203 5.89841 6.31345 3.38521 1.82124 0.69507 0.29177 0.33963 0.50242 0.73648 0.98997 0.97359 0.48381 0.23849 0.11995 0.06254 0.03463 0.02061 0.00000 0.00000 0.00000 0.00000 0.02490 0.12401 0.40158 1.02221 1.93367 2.30480 2.71482 2.89363 3.25531 3.75699 3.74410 3.88029 4.15758 4.33244 4.58643 4.59329 4.20308 3.71137 2.64745 1.70882 1.64365 2.44767 3.71413 4.67022 5.10340 5.57954 6.15909 6.08244 5.18416 4.69757 5.64400 7.00084 6.89858
0.00000 0.00000 0.00000 0.40926 2.24981 6.50215 11.26079 10.01475 4.02659 0.92519 0.39934 0.40085 0.50453 0.71985 1.07900 1.32451 1.47853 0.98895 0.40900 0.16907 0.07660 0.03948 0.02264 0.00000 0.00000 0.00000 0.05573 0.14176 0.38048 0.96864 2.16119 3.12106 3.58450 3.75170 4.05964 4.51780 4.75307 4.91220 5.09470 5.56375 5.87934 5.71029 5.50646 5.27082 5.21392 4.75284 4.00761 3.99899 5.15969 5.92205 5.72299 5.23900 5.57811 5.94725 6.11682 5.79742 5.46878 5.73000 6.37647 7.00963
0.00000 0.00000 0.56618 2.45248 5.79672 13.33073 23.18598 14.96389 5.84555 0.96852 0.72592 1.07448 1.10011 1.17099 1.53871 1.74110 1.65950 0.94925 0.35543 0.12183 0.04750 0.02342 0.00000 0.00000 0.02951 0.06173 0.13210 0.28025 0.65318 1.71664 2.97807 3.41636 3.83391 4.12076 4.67224 5.18147 5.46965 6.15111 7.00350 7.01366 7.25289 7.13573 6.79703 6.23400 5.72393 5.59256 5.72715 6.33710 8.58646 9.89122 8.76553 7.13115 6.51949 6.13305 5.83519 5.90478 6.07739 6.35443 6.72102 6.70884
0.00000 0.26718 2.21893 4.84629 8.76146 13.16530 12.36589 7.84489 2.68600 1.97408 1.77920 2.08657 3.11340 3.68073 3.97782 2.89511 2.16046 1.05962 0.30098 0.07327 0.02311 0.00000 0.00000 0.02182 0.06023 0.13510 0.28336 0.56418 1.22142 2.45869 3.61970 3.96993 4.32334 4.65092 5.06822 5.60095 5.98146 6.41597 6.82924 7.33607 8.07814 8.91895 8.86372 8.10414 7.67653 7.01870 6.89375 8.44610 11.36156 14.32015 15.22344 12.55985 8.65478 6.45774 5.77495 5.96831 6.90231 7.51801 7.30741 6.89988
0.00000 0.84877 2.95498 6.35330 9.80128 11.57081 8.38278 2.54803 1.50632 1.12839 2.20712 5.11827 9.01944 8.52129 7.61292 5.42932 3.60381 1.23505 0.29053 0.04667 0.00000 0.00000 0.00000 0.05754 0.14020 0.31547 0.63017 1.16624 2.06946 3.02066 3.65512 4.03243 4.39204 4.70983 5.27990 5.72092 6.15680 6.52918 6.94492 7.45631 8.33679 9.06320 9.64402 10.02150 10.17152 8.98291 7.90297 8.38151 11.38702 14.80954 16.19271 13.72411 9.18421 6.76896 6.39442 7.79270 9.04335 8.97314 7.59085 6.30998
0.12174 0.55432 2.15860 6.78681 11.99020 13.27765 10.28578 4.96844 2.00794 0.89870 1.95147 6.86776 11.90824 12.25843 14.53598 14.30162 4.43473 1.12037 0.37960 0.08400 0.00000 0.02147 0.06295 0.17297 0.42949 0.88202 1.52251 2.29172 3.17292 3.59754 3.72963 3.97680 4.34849 4.87359 5.66019 5.97615 6.17094 6.27507 6.62043 7.02571 7.66059 8.53152 9.88407 10.74590 10.71352 9.33453 7.84823 7.41047 8.68672 10.62736 10.54528 8.87830 7.11971 6.04335 6.80219 9.72025 12.80546 12.10693 8.41191 5.26372
0.00000 0.13263 1.18808 5.43770 11.25622 12.80391 9.02645 4.11450 0.08607 0.00000 0.58538 3.59536 5.69458 7.40374 8.74477 11.71202 3.92115 1.01260 0.56890 0.31444 0.17323 0.16674 0.28942 0.60099 1.20885 2.00139 2.95336 3.72865 4.26839 4.30239 4.13886 4.07960 4.20682 4.54952 4.88876 5.21581 5.54688 5.66995 6.10555 6.54598 7.08300 8.10995 9.73454 10.96403 11.06592 9.43808 7.67783 6.30137 6.18162 5.66349 3.97157 2.96251 3.16100 3.38584 4.76476 8.74509 13.85530 15.12057 8.90200 3.05428
0.00000 0.06622 0.92240 3.19327 6.48454 7.40276 5.31370 1.95454 0.13270 0.00000 0.00000 0.46125 0.94361 1.94901 3.15008 4.36341 3.12555 1.56566 1.09310 0.86381 0.73572 0.79881 1.04910 1.55891 2.31744 3.09056 4.13396 4.60822 4.56817 4.29529 3.89506 3.50433 4.05550 4.59682 4.90318 5.30662 5.55204 5.43022 5.98339 6.48120 6.74934 7.57771 9.21095 10.22065 10.56838 9.94537 7.93488 6.00460 4.57456 3.07502 1.25343 0.66471 1.27101 1.70944 2.45841 5.78280 11.06802 12.36587 7.17348 2.63032
0.00000 0.00000 0.14876 0.68437 1.85150 2.20765 1.59713 0.09181 0.00000 0.00000 0.00000 0.00000 0.00000 0.00000 0.76150 2.69894 5.28493 5.44217 3.62434 2.46932 1.48232 1.48331 1.87104 2.41168 3.33868 4.27800 5.02437 5.46277 5.21650 4.46052 3.48979 2.78899 2.99758 3.84236 4.51305 5.14326 5.21992 5.27348 5.67569 6.03024 6.19002 6.51093 7.59036 9.30692 9.82740 8.98151 6.70895 4.68018 3.06028 1.70670 0.73806 0.52919 0.93633 1.52286 2.09352 3.68560 5.90252 5.93666 3.86602 2.29056
0.00000 0.00000 0.00000 0.00000 0.02221 0.00000 0.00000 0.00000 0.00000 0.00000 0.02204 0.00000 0.00000 0.00000 0.23329 2.95816 7.18714 7.67431 7.98677 7.22821 3.29923 2.27527 2.75162 3.81179 4.85297 5.89442 6.18399 5.59490 5.63977 5.15805 3.65000 2.33021 1.76180 2.31210 3.23206 4.12024 4.39301 4.31240 4.48129 4.44932 4.01130 2.98321 2.75636 4.22203 5.71086 5.34596 3.59290 1.87714 1.03323 0.63065 0.33818 0.36461 0.77758 1.32334 1.81612 2.28790 2.23217 1.46388 1.12107 1.68826
0.00000 0.00000 0.00000 0.00000 0.00000 0.00000 0.00000 0.00000 0.00000 0.03585 0.26512 0.24181 0.07165 0.00000 0.31832 3.59588 10.39136 10.81052 7.80186 8.80597 6.59037 5.83697 6.66731 8.31709 7.87931 6.73315 6.39888 6.57196 6.71654 5.92989 3.73486 1.83180 1.06615 0.91100 1.32738 1.77901 1.83759 1.54795 1.60850 1.85637 1.46144 0.63626 0.37567 0.96461 1.84644 1.86367 1.11998 0.42498 0.13295 0.05584 0.00000 0.00000 0.24168 0.88521 0.95410 1.05182 0.78933 0.51483 0.82928 2.07813
0.00000 0.00000 0.00000 0.00000 0.00000 0.00000 0.00000 0.00000 0.00000 0.10054 0.33601 0.45653 0.18404 0.00000 0.13342 2.01675 5.34696 5.43831 4.54167 5.82251 9.89804 10.63855 9.00924 9.25697 13.36256 13.94287 9.20629 7.45322 5.94658 4.96703 3.18343 1.44061 0.61162 0.32805 0.40072 0.59123 0.57433 0.30329 0.43050 0.72942 0.65934 0.28443 0.13044 0.23017 0.36887 0.43978 0.25152 0.14675 0.00000 0.05253 0.03762 0.00000 0.00000 0.10266 0.13103 0.24789 0.36134 0.50805 1.32360 3.25099
0.00000 0.00000 0.00000 0.00000 0.00000 0.00000 0.00000 0.00000 0.00000 0.00000 0.08593 0.16666 0.03146 0.09730 0.54907 0.39885 0.88338 0.56949 0.52167 2.05777 6.31830 7.58338 4.87280 5.20665 12.43082 16.19973 15.12467 12.83039 8.76761 5.09221 2.77129 1.25064 0.48983 0.19422 0.24756 0.57830 0.93812 1.00825 1.05658 1.16218 0.97614 0.50042 0.23379 0.10874 0.00000 0.06637 0.21518 0.42851 0.54073 0.53545 0.19219 0.06402 0.00000 0.00000 0.00000 0.07540 0.10837 0.19461 0.93842 3.14843
0.00000 0.00000 0.00000 0.00000 0.00000 0.00000 0.00000 0.00000 0.00000 0.00000 0.00000 0.00000 0.00000 0.22584 0.71324 0.75711 0.55079 0.13454 0.06529 0.67953 2.83625 3.67475 2.17866 2.30640 6.88348 12.50629 16.68037 18.06097 15.48499 7.64179 2.34208 0.99989 0.48638 0.44279 0.62782 1.08407 1.77277 2.46231 2.59481 2.59302 2.04070 1.05010 0.49423 0.24041 0.10541 0.18395 1.15481 3.34818 3.71887 1.68252 0.31183 0.02624 0.00000 0.00000 0.00000 0.03268 0.06354 0.10389 0.55541 2.34464
0.00000 0.00000 0.00000 0.00000 0.00000 0.00000 0.00000 0.04456 0.12635 0.06600 0.00000 0.00000 0.00000 0.08165 0.64402 1.09442 1.04567 0.97764 1.20089 2.04795 4.20463 3.60345 1.43284 1.12499 5.01033 11.12033 15.38844 15.95752 12.63315 5.83688 1.94626 0.80409 0.43157 1.12811 1.76307 2.19729 3.27349 3.07222 3.70779 4.14063 2.94828 1.91015 1.14847 0.61097 0.57319 1.18970 4.06547 8.92793 8.01506 2.80529 0.38945 0.15644 0.08838 0.02269 0.35963 0.64631 0.67600 0.81300 1.03338 2.09015
0.00000 0.00000 0.00000 0.00000 0.00000 0.00000 0.13495 0.39667 0.73060 0.85496 0.76380 0.80505 0.29836 0.56121 1.23585 2.08382 2.10046 1.75505 2.33930 4.32191 6.12822 3.50010 1.40676 0.94054 3.53054 7.75485 11.06514 11.17529 7.68704 2.21878 0.32874 0.38841 0.47812 2.10178 4.35701 5.32078 8.64307 5.43729 5.12718 3.93267 2.38483 2.49590 3.14112 2.75453 2.27075 1.88366 4.89754 9.86090 8.25454 3.24326 1.08990 0.86612 0.92051 1.73913 3.70506 4.62033 4.01778 3.46575 3.01507 3.41540
0.00000 0.00000 0.00000 0.00000 0.00000 0.02102 0.22745 0.84467 1.64088 2.41607 2.65497 2.60743 2.28124 1.78020 1.45478 1.86288 1.67864 1.55962 1.88168 2.52730 2.42264 1.47328 1.03538 0.91062 1.67238 2.74531 2.24637 3.27034 2.67288 0.11686 0.00000 0.35106 1.53442 2.81853 4.19590 6.18138 6.13254 4.89106 2.91484 0.93810 0.31057 0.91833 2.84270 4.80484 2.65653 0.55603 1.53873 3.94170 3.77408 4.71834 4.17565 3.15897 4.21210 6.67850 10.03072 13.18096 11.90288 8.55629 6.24730 4.90119
0.00000 0.00000 0.00000 0.00000 0.00000 0.02122 0.39331 1.34930 2.41801 3.71200 6.24331 7.39981 5.29437 2.84718 1.35654 0.69654 0.45800 0.75753 0.84129 1.36484 1.56054 0.95810 0.84566 0.79837 0.72948 0.55773 0.19888 0.53345 0.34100 0.05991 0.00000 0.34476 2.00303 2.97484 1.92874 2.06657 0.66085 0.19210 0.02081 0.00000 0.00000 0.12055 1.92068 2.38426 1.54950 1.19307 3.60148 5.99272 9.47509 11.04638 10.67515 9.18840 7.50341 9.11103 15.60976 21.80613 19.77065 13.57641 8.73866 6.55040
0.00000 0.02595 0.03284 0.07086 0.22949 0.47066 1.50782 2.75364 3.65772 5.91735 12.79197 15.25760 7.66460 2.80774 1.08327 0.43598 1.10448 2.05295 1.35934 1.34219 1.81458 1.04465 0.70644 0.59553 0.62090 0.68285 0.41236 1.24766 2.79347 1.23134 0.03611 0.46072 1.58343 2.07984 1.78108 1.71090 1.54175 0.53523 0.06908 0.63690 1.53907 2.18007 4.04399 2.93237 2.55552 2.98333 4.47907 9.56296 17.53228 16.16857 14.59173 10.14073 7.16841 11.24847 16.95324 24.67289 26.46408 16.95088 8.93951 7.72360
0.00000 0.33015 0.51700 0.75810 1.37867 1.70731 3.56091 5.97564 7.41370 9.82435 15.53126 12.96586 5.58295 2.86088 1.57948 1.27516 3.21843 3.85315 2.07342 1.42190 0.87492 0.24840 0.09005 0.28657 0.71213 0.85749 1.14000 3.98129 7.07712 3.48270 0.69570 0.23810 0.86687 0.81928 1.45128 2.94331 3.23191 2.05563 6.42530 9.38977 8.79371 10.67116 12.38937 9.25881 8.66663 8.10348 6.08226 7.28829 9.91775 10.67237 10.52058 7.96648 7.83139 11.86778 14.46272 24.12056 31.18277 21.90043 9.05146 6.98613
0.54019 1.79908 3.36111 4.84424 4.74552 2.63456 5.53746 9.83219 14.01778 17.32465 14.24292 7.56704 3.99084 2.80078 3.11899 3.53990 4.95578 4.35546 3.36444 2.55826 1.31925 0.04477 0.09515 0.51918 1.14181 2.08255 3.27272 6.94869 9.47643 4.06182 2.19226 3.70144 4.72872 3.86500 2.81635 3.51747 4.37180 6.55135 12.62369 13.56454 11.64884 14.29544 24.39652 24.41330 15.93117 16.20529 9.42050 2.93359 3.28795 5.88354 7.39047 7.08735 7.99357 10.11411 12.79291 20.81249 24.48623 20.70761 9.35780 7.36309
2.26376 5.06053 8.30224 10.37767 11.17287 7.34154 7.30746 9.69071 13.46910 14.68982 12.07951 8.78786 4.79134 2.23105 4.14819 6.23877 9.40971 10.38720 7.73971 4.88074 3.22577 2.42149 2.24050 2.28308 2.80276 4.43393 5.17378 4.81472 5.03174 5.44168 6.94193 11.99258 17.02202 12.81660 8.38620 5.00810 3.45963 6.23361 8.42570 11.11624 8.88751 8.07625 16.49829 29.29001 18.26379 15.50029 6.87976 3.13872 2.04895 2.90054 3.81318 4.93285 6.93513 7.28798 7.18879 11.36253 14.51060 14.78245 7.59004 5.83295
3.63376 8.44960 12.58598 12.70245 10.10959 7.06965 6.87090 7.14656 8.07802 7.30293 8.98115 12.72512 8.25843 5.69510 7.84335 10.84062 16.37084 16.78979 10.13580 5.89397 5.47090 7.53993 7.82112 8.37164 8.81620 9.29355 8.42977 5.97321 5.40537 8.82092 13.41371 21.33750 30.39792 21.99773 9.68080 8.94281 6.55402 7.73977 10.23731 15.07184 8.53887 2.35414 3.79899 12.00793 14.30042 11.73306 5.43118 2.56126 1.38621 1.22739 1.51654 2.91053 5.46288 6.31538 6.92794 7.44929 8.98781 8.47938 4.88634 5.30458
5.65360 13.75140 19.47353 17.49021 11.64294 4.68561 6.65578 8.24540 6.99331 4.48960 8.94332 19.87567 15.65951 15.75305 22.69142 32.98034 32.59417 21.34442 12.25200 7.18952 7.42282 11.63763 13.38542 17.46247 18.03604 15.20966 12.92979 10.32741 9.77775 12.57558 16.46178 21.52222 32.06765 21.38132 7.88482 12.55045 9.64104 9.12730 10.18429 16.05923 17.71332 10.01481 1.35047 0.89045 4.90019 5.63132 2.57774 1.20291 0.71334 0.60264 0.84442 1.67885 3.33977 4.57924 4.86990 4.77083 7.37976 9.13528 9.93892 13.49505
13.91815 27.73876 28.00278 25.16105 26.53213 15.23373 12.10106 13.73907 10.37661 8.92033 11.69648 15.19506 17.58909 25.12361 53.27980 90.78991 59.06002 29.67054 23.47279 23.80671 18.11664 17.49903 19.70490 24.15376 22.56853 18.52933 14.73462 13.11508 12.25494 13.71333 15.48503 14.66265 13.14562 12.91267 8.14881 10.30194 12.27067 13.12978 11.20451 14.72529 28.17083 54.47801 5.00262 0.15199 1.86799 1.99048 1.18077 0.56792 0.41891 0.35416 0.62889 1.27527 2.01131 2.93279 3.16863 3.18868 8.06716 14.67122 24.24663 35.39401
23.19832 43.22599 36.03463 41.14978 52.28753 42.24449 27.92697 25.95275 18.76989 11.73673 14.61313 15.28111 11.44549 20.85409 43.89526 46.97860 38.98174 31.33800 42.68617 56.43700 36.63473 26.91066 22.12881 22.56839 21.97318 17.84638 12.89839 11.93213 10.55189 12.25204 16.67874 16.42615 13.17744 11.08752 7.07037 7.49047 11.49760 22.34800 16.75798 15.58497 25.15188 36.16239 6.42495 0.00000 0.83437 1.51182 1.13322 0.40913 0.20913 0.16168 0.39743 1.08233 1.80648 2.38789 2.86471 4.22151 9.99929 19.52204 26.91226 31.17849
20.18885 26.71470 23.93509 49.73174 77.21777 75.78261 64.01545 43.20293 20.59951 11.66776 15.17067 16.60731 8.38809 18.69711 28.35286 14.10277 13.64022 22.70527 39.07534 51.78292 41.30564 31.22928 23.53094 17.39384 14.75767 11.82984 8.59533 6.57159 5.75088 10.75032 17.79096 22.16445 19.71439 18.64205 13.01208 9.84524 11.68266 19.48565 18.01955 12.57487 10.12189 -99999.00000 -99999.00000 0.00000 0.00000 0.18148 1.06161 0.64989 0.22144 0.20565 0.30737 0.81394 1.49817 1.94280 2.50568 3.46849 8.44020 17.82379 20.60525 17.46255
21.22742 19.13773 21.11462 44.75139 71.54496 99.32259 98.12981 51.72122 15.51991 6.64553 6.94689 7.98042 13.23716 30.51374 36.15281 17.91631 15.69249 19.04777 27.10033 39.33236 40.44291 35.86578 30.33258 13.65132 11.19379 8.34615 4.40542 2.70637 4.04163 7.78971 13.15746 18.81141 20.32944 21.12792 18.21724 -99999.00000 -99999.00000 -99999.00000 -99999.00000 -99999.00000 -99999.00000 -99999.00000 -99999.00000 0.09202 0.89662 1.64622 1.66232 1.05639 0.41429 0.24974 0.19092 0.29173 0.51603 0.66580 1.21368 3.16433 7.68408 12.70697 12.34811 9.66564
23.26397 16.24222 18.75406 43.21099 -99999.00000 94.80568 81.38442 39.59498 6.42067 2.26785 2.41613 4.11582 11.86285 38.21998 44.22443 21.55996 16.89842 21.65966 30.69509 50.41500 53.90195 44.22512 34.81969 23.27961 17.36951 10.38319 4.26048 5.65393 8.42392 8.33939 10.55082 18.49837 18.22180 16.65308 -99999.00000 -99999.00000 -99999.00000 -99999.00000 -99999.00000 -99999.00000 -99999.00000 -99999.00000 -99999.00000 -99999.00000 2.46291 2.07727 1.70627 1.38327 0.88031 0.39241 0.12346 0.10082 0.10722 0.17007 0.45258 1.96282 4.58578 6.32098 6.52294 6.53623
-99999.00000 -99999.00000 -99999.00000 -99999.00000 -99999.00000 80.85320 66.30147 20.51597 4.64596 1.76643 1.68293 3.35716 10.62900 32.09051 37.07687 19.03936 11.59827 16.27408 26.02571 42.79574 54.96572 53.39531 47.92880 39.92029 31.66012 17.31889 10.05865 15.41901 22.46187 25.36735 26.37284 27.26708 19.13882 9.71207 -99999.00000 -99999.00000 -99999.00000 -99999.00000 -99999.00000 -99999.00000 -99999.00000 -99999.00000 -99999.00000 -99999.00000 -99999.00000 1.71479 1.61815 1.51741 1.22363 0.58151 0.19085 0.10246 0.10435 0.24012 0.45689 0.91734 2.21618 3.48670 3.03569 3.20770
