DATA/RAW-RASTER/CPC/2017/20170128.asc
ncols			60
nrows			40
xllcorner		70.0
yllcorner		20.0
cellsize		0.5
NODATA_value	-99999
[rows 0 to 31 of 40, columns 0 to 59 of 60]
7.03109 8.37857 7.54987 6.39439 6.61080 7.76945 7.93078 5.64898 3.54997 2.09268 1.04224 0.35841 0.00000 0.00000 0.00000 0.00000 0.00000 0.00000 0.00000 0.00000 0.00000 0.00000 0.00000 0.00000 0.00000 0.00000 0.00000 0.00000 0.00000 0.00000 0.00000 0.00000 0.00000 0.00000 0.00000 0.00000 0.00000 0.00000 0.00000 0.00000 0.00000 0.00000 0.00000 0.00000 0.00000 0.00000 0.00000 0.00000 0.00000 0.00000 0.00000 0.00000 0.00000 0.00000 0.00000 0.00000 0.00000 0.00000 0.00000 0.02564
15.11039 16.33524 14.49953 12.02047 10.05159 10.94501 9.03859 5.65774 3.24342 1.85931 0.88024 0.05208 0.00000 0.00000 0.00000 0.00000 0.00000 0.00000 0.00000 0.00000 0.00000 0.00000 0.00000 0.00000 0.00000 0.00000 0.00000 0.00000 0.00000 0.00000 0.00000 0.00000 0.00000 0.00000 0.00000 0.00000 0.00000 0.00000 0.00000 0.00000 0.00000 0.00000 0.00000 0.00000 0.00000 0.00000 0.00000 0.00000 0.00000 0.00000 0.00000 0.00000 0.00000 0.00000 0.00000 0.00000 0.00000 0.00000 0.00000 0.05880
24.61210 25.38386 21.03687 16.53853 13.09006 10.65005 6.03884 2.36193 1.55043 1.18357 0.49202 0.00000 0.00000 0.00000 0.00000 0.00000 0.00000 0.00000 0.00000 0.00000 0.00000 0.00000 0.00000 0.00000 0.00000 0.00000 0.00000 0.00000 0.00000 0.00000 0.00000 0.00000 0.00000 0.00000 0.00000 0.00000 0.00000 0.00000 0.00000 0.00000 0.00000 0.00000 0.00000 0.00000 0.00000 0.00000 0.00000 0.00000 0.00000 0.00000 0.00000 0.00000 0.00000 0.00000 0.00000 0.00000 0.00000 0.00000 0.11598 0.09021
20.27857 23.74996 22.81870 18.45760 11.80200 6.50430 3.35485 0.93619 0.51671 0.55017 0.41585 0.05307 0.00000 0.00000 0.00000 0.00000 0.00000 0.00000 0.00000 0.00000 0.00000 0.00000 0.00000 0.00000 0.00000 0.00000 0.00000 0.00000 0.00000 0.00000 0.00000 0.00000 0.00000 0.00000 0.00000 0.00000 0.00000 0.00000 0.00000 0.00000 0.00000 0.00000 0.00000 0.00000 0.00000 0.00000 0.00000 0.00000 0.00000 0.00000 0.00000 0.00000 0.00000 0.03755 0.07624 0.16436 0.12150 0.07387 0.12453 0.10685
14.98320 18.72546 18.89617 15.82806 9.64630 5.30142 2.84093 1.27307 0.65480 0.44016 0.28968 0.08882 0.00000 0.00000 0.00000 0.00000 0.00000 0.00000 0.00000 0.00000 0.00000 0.00000 0.00000 0.00000 0.00000 0.00000 0.00000 0.00000 0.00000 0.00000 0.00000 0.00000 0.00000 0.00000 0.00000 0.00000 0.00000 0.00000 0.00000 0.00000 0.00000 0.00000 0.00000 0.00000 0.00000 0.00000 0.00000 0.00000 0.00000 0.00000 0.00000 0.02769 0.13968 0.17931 0.21155 0.45267 0.69118 0.67353 0.46043 0.18968
12.50969 14.33811 12.95117 10.37732 6.90443 4.36660 2.68278 1.66430 1.09788 0.60481 0.27670 0.09728 0.00000 0.00000 0.00000 0.00000 0.00000 0.00000 0.00000 0.00000 0.00000 0.00000 0.00000 0.00000 0.00000 0.00000 0.00000 0.00000 0.00000 0.00000 0.00000 0.00000 0.00000 0.00000 0.00000 0.00000 0.00000 0.00000 0.00000 0.00000 0.00000 0.00000 0.00000 0.00000 0.00000 0.00000 0.00000 0.02843 0.02794 0.02477 0.04354 0.21154 0.36032 0.47073 0.56082 1.04768 1.47065 1.35135 0.91885 0.44508
8.77171 8.18015 5.31545 2.98197 2.96107 2.44551 1.88973 1.44480 1.29640 1.85356 1.71203 0.89479 0.41592 0.03146 0.00000 0.00000 0.00000 0.00000 0.00000 0.00000 0.00000 0.00000 0.00000 0.00000 0.00000 0.00000 0.00000 0.00000 0.00000 0.00000 0.00000 0.00000 0.00000 0.00000 0.00000 0.00000 0.00000 0.00000 0.00000 0.00000 0.00000 0.00000 0.00000 0.00000 0.00000 0.00000 0.02672 0.04722 0.06239 0.09405 0.20948 0.39306 0.65674 1.03647 1.61677 2.41598 2.83498 2.30992 1.55812 0.93020
5.54431 4.40861 2.42017 1.13635 1.27129 1.25593 1.12320 0.82319 1.74514 3.28524 4.36444 4.20759 3.76907 2.62716 1.58934 0.95269 0.41937 0.04987 0.00000 0.00000 0.00000 0.00000 0.00000 0.00000 0.00000 0.00000 0.00000 0.00000 0.00000 0.00000 0.00000 0.00000 0.00000 0.00000 0.00000 0.00000 0.00000 0.00000 0.00000 0.00000 0.00000 0.00000 0.00000 0.00000 0.00000 0.00000 0.00000 0.05296 0.10047 0.14692 0.30923 0.55168 0.92815 1.46994 2.26631 3.33606 3.94881 3.03603 2.08201 1.42664
5.39973 3.76764 1.88886 0.59815 0.81726 0.97488 1.10938 2.26127 3.76203 5.51724 7.44932 8.00889 6.39486 4.92791 3.51974 2.18178 1.33585 0.12996 0.00000 0.00000 0.00000 0.00000 0.00000 0.00000 0.00000 0.00000 0.00000 0.00000 0.00000 0.00000 0.00000 0.02063 0.06444 0.04332 0.00000 0.00000 0.00000 0.00000 0.00000 0.00000 0.00000 0.00000 0.00000 0.00000 0.00000 0.00000 0.02710 0.06779 0.14843 0.25116 0.46859 0.71210 1.05853 1.55982 2.14982 2.64513 2.85082 2.52141 2.06293 1.68498
5.41542 4.34316 2.63387 1.65303 1.35774 1.39780 2.04864 3.01964 5.82429 10.77038 10.92234 9.51018 8.51947 7.16035 5.35900 3.37956 1.67214 0.00000 0.00000 0.00000 0.00000 0.00000 0.00000 0.00000 0.00000 0.00000 0.00000 0.00000 0.00000 0.10041 0.14992 0.21730 0.27744 0.24716 0.18787 0.09238 0.02584 0.03776 0.04255 0.04653 0.02856 0.00000 0.00000 0.00000 0.00000 0.00000 0.03775 0.11618 0.22619 0.35032 0.61462 0.81215 1.01879 1.27955 1.44773 1.41432 1.34783 1.58212 1.77633 1.81203
5.53732 4.92786 3.96707 2.70743 1.81920 1.49777 2.43181 5.98323 13.18371 23.32214 21.77403 10.30770 6.71075 5.60091 4.79195 4.09033 0.66083 0.00000 0.00000 0.00000 0.00000 0.00000 0.00000 0.00000 0.00000 0.00000 0.02867 0.03329 0.10279 0.17237 0.26946 0.42999 0.46223 0.45469 0.43899 0.41250 0.35904 0.27340 0.19064 0.13466 0.09382 0.06201 0.02457 0.00000 0.00000 0.02321 0.07781 0.17661 0.32035 0.47895 0.65282 0.87501 0.94843 0.99260 0.95189 0.78953 0.69964 1.22403 1.81271 2.09302
7.18868 5.70014 4.33215 2.81622 1.38451 0.53823 0.31927 4.58628 12.87647 23.29757 24.39036 11.36324 5.28625 3.70297 3.05135 1.98223 0.10698 0.00000 0.00000 0.00000 0.00000 0.00000 0.00000 0.00000 0.00000 0.00000 0.06594 0.14297 0.22907 0.30573 0.44819 0.56132 0.61005 0.60435 0.60469 0.59105 0.52868 0.44990 0.35684 0.25370 0.18209 0.12735 0.08233 0.06096 0.03950 0.08780 0.20054 0.33938 0.49747 0.64228 0.76686 0.86894 0.85890 0.84234 0.80890 0.80136 0.97071 1.47394 2.13292 2.55200
8.74171 6.48678 4.33236 2.80413 1.26669 0.02288 0.00000 2.79019 8.52438 11.05233 10.52014 7.43792 3.79193 2.25152 1.38166 0.13851 0.00000 0.00000 0.00000 0.00000 0.00000 0.00000 0.00000 0.00000 0.04433 0.06127 0.09169 0.19723 0.30285 0.46635 0.60639 0.66556 0.74574 0.73506 0.72322 0.69945 0.66085 0.60712 0.53199 0.41780 0.29496 0.22066 0.18231 0.18963 0.18427 0.26351 0.39621 0.54639 0.68019 0.74892 0.77968 0.77595 0.67130 0.60335 0.61660 0.75216 1.07836 1.63240 2.32287 2.69997
6.49456 4.99794 3.38255 1.54844 0.27429 0.00000 0.00000 1.10121 3.46964 4.00555 2.80268 2.64486 2.41227 1.21247 0.02431 0.00000 0.00000 0.00000 0.00000 0.00000 0.00000 0.00000 0.00000 0.03696 0.07067 0.10086 0.13796 0.25394 0.38666 0.54814 0.65147 0.68926 0.75948 0.77945 0.79052 0.78284 0.74356 0.70795 0.65666 0.57582 0.47477 0.37992 0.40583 0.41847 0.45429 0.56441 0.72419 0.86093 0.89663 0.82965 0.73404 0.64443 0.49204 0.35026 0.35070 0.55088 0.88123 1.33143 1.78401 1.94482
3.92954 2.78886 1.78350 0.39233 0.00000 0.00000 0.00000 0.00000 0.28863 0.50672 0.60997 0.51659 0.26001 0.00000 0.00000 0.00000 0.00000 0.00000 0.00000 0.00000 0.00000 0.00000 0.00000 0.06760 0.10661 0.15376 0.20613 0.33022 0.57685 0.64148 0.67563 0.70220 0.73828 0.77415 0.81063 0.84386 0.83510 0.79232 0.74480 0.69509 0.61280 0.56444 0.57662 0.61499 0.71869 0.91951 1.15805 1.27744 1.20244 0.96848 0.73193 0.57725 0.41531 0.27469 0.26357 0.40193 0.58874 0.80161 0.97384 0.98117
1.63849 1.04048 0.55222 0.03748 0.00000 0.00000 0.00000 0.00000 0.00000 0.00000 0.00000 0.00000 0.00000 0.00000 0.00000 0.00000 0.00000 0.00000 0.00000 0.00000 0.00000 0.00000 0.04605 0.11281 0.17118 0.23761 0.29788 0.48159 0.71740 0.76563 0.74030 0.66618 0.70320 0.74942 0.79405 0.83324 0.85704 0.84977 0.82895 0.78819 0.71782 0.65836 0.64228 0.68388 0.84068 1.14611 1.54928 1.76674 1.55413 1.16377 0.81977 0.59008 0.43063 0.30787 0.28077 0.31090 0.36242 0.42221 0.45585 0.35234
0.20779 0.02802 0.00000 0.00000 0.00000 0.00000 0.00000 0.00000 0.00000 0.00000 0.00000 0.00000 0.00000 0.00000 0.00000 0.00000 0.00000 0.00000 0.00000 0.00000 0.00000 0.00000 0.10265 0.19579 0.28033 0.35952 0.43115 0.68809 0.83483 0.87408 0.82257 0.63978 0.64676 0.70458 0.76165 0.81284 0.85292 0.85348 0.83107 0.80546 0.76103 0.70229 0.64892 0.65585 0.79005 1.12285 1.61969 1.92957 1.64702 1.18968 0.82151 0.59907 0.44619 0.31599 0.24236 0.23607 0.23079 0.22730 0.22257 0.16638
0.00000 0.00000 0.00000 0.00000 0.00000 0.00000 0.00000 0.00000 0.00000 0.00000 0.00000 0.00000 0.00000 0.00000 0.00000 0.00000 0.00000 0.00000 0.00000 0.00000 0.00000 0.03153 0.19789 0.31253 0.42634 0.50604 0.69260 0.93087 0.98096 0.91829 0.82068 0.68655 0.57040 0.62739 0.70055 0.77300 0.83543 0.84675 0.80466 0.77343 0.72094 0.64416 0.60170 0.60497 0.71169 0.99448 1.34799 1.53404 1.36406 1.05185 0.76607 0.57782 0.43480 0.29917 0.21721 0.18695 0.16748 0.14704 0.12225 0.08625
0.00000 0.00000 0.00000 0.00000 0.00000 0.00000 0.00000 0.00000 0.00000 0.00000 0.00000 0.00000 0.00000 0.00000 0.00000 0.00000 0.00000 0.00000 0.00000 0.00000 0.00000 0.10383 0.27955 0.43858 0.59955 0.84624 1.04524 1.11234 1.35911 1.25738 1.07207 0.89246 0.65967 0.52460 0.58178 0.66464 0.73945 0.75521 0.69921 0.64416 0.57621 0.49691 0.46929 0.50756 0.61794 0.80124 0.98938 1.07619 1.01748 0.84838 0.68272 0.54238 0.41473 0.29526 0.21189 0.16217 0.11470 0.06157 0.00000 0.02140
0.00000 0.00000 0.00000 0.00000 0.00000 0.00000 0.00000 0.00000 0.00000 0.00000 0.00000 0.00000 0.00000 0.00000 0.00000 0.00000 0.00000 0.00000 0.00000 0.00000 0.00000 0.19477 0.37399 0.62678 0.85268 1.02349 1.15880 1.27836 1.53426 1.48879 1.42922 1.15479 0.78676 0.56326 0.41232 0.46505 0.50259 0.50406 0.47444 0.43377 0.36762 0.28679 0.25898 0.33864 0.46186 0.59349 0.68826 0.72041 0.70484 0.65108 0.57870 0.48887 0.36607 0.26222 0.19476 0.10519 0.00000 0.00000 0.00000 0.00000
0.00000 0.00000 0.00000 0.00000 0.00000 0.00000 0.00000 0.00000 0.00000 0.00000 0.00000 0.00000 0.00000 0.00000 0.00000 0.00000 0.00000 0.00000 0.00000 0.00000 0.00000 0.16747 0.48710 0.89558 1.09729 1.11600 1.20374 1.53652 1.76442 1.85851 1.88824 1.54947 0.98450 0.60622 0.36084 0.26714 0.24865 0.23244 0.22883 0.22580 0.18952 0.11990 0.08873 0.18308 0.32713 0.44022 0.50378 0.53463 0.54122 0.51321 0.46629 0.39229 0.29009 0.22308 0.14717 0.00000 0.00000 0.00000 0.00000 0.00000
0.00000 0.00000 0.00000 0.00000 0.00000 0.00000 0.00000 0.00000 0.00000 0.00000 0.00000 0.00000 0.00000 0.00000 0.00000 0.00000 0.00000 0.00000 0.00000 0.00000 0.00000 0.09334 0.48891 0.93003 1.35384 1.43961 1.40633 1.59833 1.84429 2.18934 2.28408 1.93871 1.23726 0.62222 0.27163 0.11196 0.07266 0.04517 0.05476 0.07164 0.05362 0.02901 0.05978 0.17429 0.26591 0.35227 0.40903 0.43695 0.44687 0.43221 0.37729 0.31986 0.24472 0.21138 0.03873 0.00000 0.00000 0.00000 0.00000 0.00000
0.00000 0.00000 0.00000 0.00000 0.00000 0.00000 0.00000 0.00000 0.00000 0.00000 0.00000 0.00000 0.00000 0.00000 0.00000 0.00000 0.00000 0.00000 0.00000 0.00000 0.00000 0.07096 0.29447 0.57840 1.06771 1.34752 1.54890 1.86940 2.28614 2.76062 3.03761 2.68130 1.76338 0.78499 0.23249 0.00000 0.00000 0.00000 0.00000 0.00000 0.00000 0.00000 0.06413 0.24867 0.30523 0.35278 0.41614 0.47417 0.52997 0.51427 0.40106 0.32587 0.23810 0.21893 0.02315 0.00000 0.00000 0.00000 0.00000 0.00000
0.00000 0.00000 0.00000 0.00000 0.00000 0.00000 0.00000 0.00000 0.00000 0.00000 0.00000 0.00000 0.00000 0.00000 0.00000 0.00000 0.00000 0.00000 0.00000 0.00000 0.00000 0.03907 0.12556 0.28711 0.60343 0.85115 1.17338 1.89367 2.98270 4.06962 4.66274 4.32118 3.10052 1.70067 0.76293 0.05865 0.00000 0.00000 0.00000 0.00000 0.00000 0.05779 0.27690 0.40642 0.44584 0.50484 0.72547 0.97640 0.98086 0.70909 0.37522 0.28287 0.23951 0.20966 0.05666 0.00000 0.00000 0.00000 0.00000 0.00000
0.00000 0.00000 0.00000 0.00000 0.00000 0.00000 0.00000 0.00000 0.00000 0.00000 0.00000 0.00000 0.00000 0.00000 0.00000 0.00000 0.00000 0.00000 0.00000 0.00000 0.00000 0.00000 0.00000 0.04857 0.12301 0.31638 0.56961 1.52627 3.33731 5.36483 6.40290 6.14891 5.18067 3.32207 1.41112 0.09213 0.00000 0.00000 0.00000 0.00000 0.00000 0.09409 0.43365 0.64446 0.87822 1.14100 1.40930 1.53308 1.27564 0.79018 0.40928 0.28144 0.25787 0.19108 0.20964 0.12969 0.04433 0.00000 0.00000 0.00000
0.00000 0.00000 0.00000 0.00000 0.00000 0.00000 0.00000 0.00000 0.00000 0.00000 0.00000 0.00000 0.00000 0.00000 0.00000 0.00000 0.00000 0.00000 0.00000 0.00000 0.00000 0.00000 0.00000 0.00000 0.00000 0.09301 0.29645 1.34464 3.41578 6.08257 7.03505 6.30616 5.88272 4.03848 1.27372 0.02976 0.00000 0.00000 0.00000 0.00000 0.00000 0.02852 0.47383 0.97873 1.94347 2.12220 1.81924 1.52239 1.07979 0.65678 0.43574 0.33020 0.28593 0.52946 0.90912 0.83601 0.62178 0.22077 0.00000 0.00000
0.00000 0.00000 0.00000 0.00000 0.00000 0.00000 0.00000 0.00000 0.00000 0.00000 0.00000 0.00000 0.00000 0.00000 0.00000 0.00000 0.00000 0.00000 0.00000 0.00000 0.00000 0.00000 0.00000 0.00000 0.00000 0.00000 0.08625 0.89869 2.35744 3.73571 4.24845 3.89328 3.37172 1.74194 0.16007 0.00000 0.00000 0.00000 0.03614 0.00000 0.00000 0.00000 0.10431 0.64768 2.22358 1.81408 1.09048 0.66708 0.48381 0.46339 0.40264 0.35123 0.53237 0.73062 1.10272 1.16662 1.06429 0.65461 0.21624 0.05537
0.00000 0.00000 0.00000 0.00000 0.00000 0.00000 0.00000 0.00000 0.00000 0.00000 0.00000 0.00000 0.00000 0.00000 0.00000 0.00000 0.00000 0.00000 0.00000 0.00000 0.00000 0.00000 0.00000 0.00000 0.00000 0.00000 0.00000 0.04924 0.55885 1.21543 1.11118 0.69708 0.41626 0.05318 0.00000 0.09944 1.90697 2.74348 1.33673 0.11701 0.00000 0.00000 0.00000 0.08483 0.48445 0.52815 0.36609 0.17495 0.13278 0.21358 0.26580 0.36358 0.45136 0.49898 0.83654 1.18243 1.19916 0.90131 0.49219 0.20096
0.00000 0.00000 0.00000 0.00000 0.00000 0.00000 0.00000 0.00000 0.00000 0.00000 0.00000 0.00000 0.00000 0.00000 0.00000 0.00000 0.00000 0.00000 0.00000 0.00000 0.00000 0.00000 0.00000 0.00000 0.00000 0.00000 0.00000 0.00000 0.00000 0.03859 0.03001 0.00000 0.00000 0.00000 0.00000 1.09618 4.35129 7.03602 2.56281 0.37083 0.00000 0.00000 0.00000 0.12770 0.11381 0.06251 0.02959 0.00000 0.00000 0.02606 0.03313 0.10857 0.28215 0.47468 0.79304 1.23087 1.45635 1.19056 0.63958 0.29412
0.00000 0.00000 0.00000 0.00000 0.00000 0.00000 0.00000 0.00000 0.00000 0.00000 0.00000 0.00000 0.00000 0.00000 0.00000 0.00000 0.00000 0.00000 0.00000 0.00000 0.00000 0.00000 0.00000 0.00000 0.00000 0.00000 0.00000 0.00000 0.00000 0.00000 0.00000 0.00000 0.00000 0.00000 0.00000 0.63669 2.33148 2.81143 1.39646 0.20430 0.00000 0.00000 0.00000 0.02790 0.06212 0.00000 0.00000 0.00000 0.00000 0.00000 0.00000 0.00000 0.26026 0.46163 0.67765 1.10491 1.56800 1.31372 0.71489 0.36667
0.00000 0.00000 0.00000 0.00000 0.00000 0.00000 0.00000 0.00000 0.00000 0.00000 0.00000 0.00000 0.00000 0.00000 0.00000 0.00000 0.00000 0.00000 0.00000 0.00000 0.00000 0.00000 0.00000 0.00000 0.00000 0.00000 0.00000 0.00000 0.00000 0.00000 0.00000 0.00000 0.00000 0.00000 0.00000 0.00000 0.05044 0.07453 0.02495 0.00000 0.00000 0.00000 0.00000 0.00000 0.00000 0.00000 0.00000 0.00000 0.00000 0.00000 0.00000 0.05226 0.24185 0.36987 0.53421 0.81065 1.07577 1.01970 0.61406 0.31392
0.00000 0.00000 0.00000 0.00000 0.00000 0.00000 0.00000 0.00000 0.00000 0.00000 0.00000 0.00000 0.00000 0.00000 0.00000 0.00000 0.00000 0.00000 0.00000 0.00000 0.00000 0.00000 0.00000 0.00000 0.00000 0.00000 0.00000 0.00000 0.00000 0.00000 0.00000 0.00000 0.00000 0.00000 0.00000 0.00000 0.00000 0.00000 0.00000 0.00000 0.00000 0.00000 0.00000 0.00000 0.00000 0.00000 0.00000 0.00000 0.00000 0.00000 0.00000 0.08219 0.18029 0.22831 0.23721 0.28969 0.44943 0.50653 0.31762 0.12058
