DATA/RAW-RASTER/CPC/2017/20170311.asc
ncols			60
nrows			40
xllcorner		70.0
yllcorner		20.0
cellsize		0.5
NODATA_value	-99999
0.00000 0.00000 0.00000 0.00000 0.00000 0.00000 0.00000 0.05551 0.49727 0.88381 1.28762 1.53053 1.46860 1.24410 1.05070 0.80376 0.48676 0.33605 0.43856 0.43221 0.32976 0.19374 0.09526 0.04340 0.00000 0.00000 0.00000 0.00000 0.00000 0.00000 0.00000 0.00000 0.00000 0.00000 0.00000 0.00000 0.00000 0.00000 0.00000 0.00000 0.00000 0.00000 0.00000 0.00000 0.00000 0.00000 0.00000 0.00000 0.00000 0.00000 0.00000 0.00000 0.00000 0.00000 0.00000 0.00000 0.00000 0.00000 0.00000 0.00000
0.00000 0.00000 0.00000 0.00000 0.00000 0.00000 0.00000 0.02650 0.42470 0.82480 1.14742 1.37041 1.30893 1.02082 0.76607 0.54313 0.34912 0.24719 0.25131 0.25748 0.23162 0.17491 0.05992 0.00000 0.00000 0.00000 0.00000 0.00000 0.00000 0.00000 0.00000 0.00000 0.00000 0.00000 0.00000 0.00000 0.00000 0.00000 0.00000 0.00000 0.00000 0.00000 0.00000 0.00000 0.00000 0.00000 0.00000 0.00000 0.00000 0.00000 0.00000 0.00000 0.00000 0.00000 0.00000 0.00000 0.00000 0.00000 0.00000 0.00000
0.00000 0.00000 0.00000 0.00000 0.00000 0.00000 0.00000 0.00000 0.13046 0.59094 0.98170 1.07949 0.93229 0.71761 0.51694 0.41696 0.34733 0.28070 0.23538 0.20289 0.16343 0.08620 0.04403 0.02464 0.00000 0.00000 0.00000 0.00000 0.00000 0.00000 0.00000 0.00000 0.00000 0.00000 0.00000 0.00000 0.00000 0.00000 0.00000 0.00000 0.00000 0.00000 0.00000 0.00000 0.00000 0.00000 0.00000 0.00000 0.00000 0.00000 0.00000 0.00000 0.00000 0.00000 0.00000 0.00000 0.00000 0.00000 0.00000 0.00000
0.00000 0.00000 0.00000 0.00000 0.00000 0.00000 0.00000 0.00000 0.00000 0.26783 0.61648 0.77354 0.71130 0.51283 0.38791 0.37311 0.36623 0.32004 0.23541 0.15779 0.10180 0.06790 0.04826 0.03706 0.02741 0.00000 0.00000 0.00000 0.00000 0.00000 0.00000 0.00000 0.00000 0.00000 0.00000 0.00000 0.00000 0.00000 0.00000 0.00000 0.00000 0.00000 0.00000 0.00000 0.00000 0.00000 0.00000 0.00000 0.00000 0.00000 0.00000 0.00000 0.00000 0.00000 0.00000 0.03936 0.03075 0.04425 0.07910 0.09024
0.00000 0.00000 0.00000 0.00000 0.00000 0.00000 0.00000 0.00000 0.00000 0.08957 0.37079 0.50379 0.53978 0.47744 0.43148 0.43117 0.43012 0.34789 0.22940 0.13192 0.07689 0.05100 0.03777 0.03130 0.02672 0.02344 0.00000 0.00000 0.00000 0.00000 0.00000 0.00000 0.00000 0.00000 0.00000 0.00000 0.00000 0.00000 0.00000 0.00000 0.06435 0.10337 0.15288 0.17337 0.06714 0.00000 0.00000 0.02317 0.02784 0.00000 0.00000 0.00000 0.00000 0.02581 0.03864 0.08868 0.15199 0.20283 0.23871 0.27021
0.00000 0.00000 0.00000 0.00000 0.00000 0.00000 0.00000 0.00000 0.00000 0.00000 0.17179 0.42486 0.46695 0.46766 0.47175 0.45449 0.41649 0.31791 0.18283 0.07091 0.03123 0.02731 0.02414 0.02243 0.02127 0.02010 0.00000 0.00000 0.00000 0.00000 0.00000 0.00000 0.00000 0.00000 0.00000 0.02757 0.04475 0.05775 0.08881 0.17817 0.23739 0.31125 0.42582 0.50935 0.55908 0.42650 0.36141 0.34136 0.19143 0.00000 0.00000 0.02517 0.05947 0.09694 0.10636 0.18613 0.29385 0.36778 0.39524 0.39998
0.08335 0.00000 0.00000 0.00000 0.00000 0.00000 0.00000 0.00000 0.00000 0.07803 0.30809 0.47829 0.45137 0.41686 0.46907 0.44189 0.37096 0.27149 0.15430 0.06543 0.02849 0.02084 0.00000 0.00000 0.00000 0.00000 0.00000 0.00000 0.00000 0.00000 0.00000 0.00000 0.00000 0.04896 0.16483 0.22117 0.23907 0.40812 0.57328 0.68780 0.77937 1.00868 1.28413 1.30883 1.32584 1.20157 0.97332 0.68821 0.37046 0.13893 0.09702 0.16333 0.26179 0.31203 0.35697 0.43793 0.53037 0.59851 0.67359 0.80004
1.50731 0.13880 0.00000 0.00000 0.00000 0.00000 0.00000 0.00000 0.25699 0.61294 1.03643 1.09397 1.01483 0.80266 0.59730 0.48048 0.36465 0.24185 0.15013 0.08396 0.04692 0.03006 0.02325 0.02051 0.00000 0.00000 0.00000 0.00000 0.00000 0.00000 0.00000 0.00000 0.04970 0.35253 0.43769 0.58029 0.77224 0.93308 1.12750 1.37026 1.67434 2.03673 2.35268 2.51925 2.39359 2.13555 1.81793 1.32628 0.80687 0.39346 0.33733 0.50530 0.61682 0.71829 0.80666 0.84480 0.94552 1.09654 1.20977 1.31491
3.16163 1.41794 0.00000 0.00000 0.00000 0.00000 0.03636 0.45738 0.86386 1.29094 1.80527 1.97368 1.68450 1.39140 0.96795 0.61033 0.42501 0.21333 0.13669 0.09039 0.05832 0.03954 0.02902 0.02326 0.00000 0.00000 0.00000 0.00000 0.00000 0.00000 0.02220 0.07680 0.36824 0.78291 0.93017 1.12814 1.33361 1.55580 1.86975 2.24905 2.67706 3.05584 3.30936 3.41485 3.33396 3.19128 2.86158 2.29820 1.63361 1.16466 1.01369 1.09743 1.22875 1.42706 1.62972 1.71984 1.81804 1.91402 1.91386 1.97591
2.80764 0.77931 0.00000 0.00000 0.00000 0.13673 0.67955 0.88813 1.50765 2.81505 2.70978 2.25747 2.04286 1.86227 1.61925 1.16766 0.82629 0.53757 0.39128 0.28394 0.21003 0.15856 0.09377 0.07071 0.05833 0.04661 0.00000 0.00000 0.07907 0.37468 0.56090 0.90517 1.37618 1.53128 1.81872 2.08586 2.11505 2.51809 2.90462 3.30104 3.57786 3.76357 3.92391 3.97508 3.95101 3.74114 3.43415 3.07052 2.64355 2.26174 2.06763 1.99260 2.06929 2.21130 2.40388 2.63575 2.81892 2.73045 2.62360 2.56669
1.29546 0.04325 0.00000 0.00000 0.09994 0.73893 1.66822 2.48058 3.95023 6.55945 5.86498 2.55690 1.97524 2.28504 2.67081 3.24732 2.35196 1.06562 0.75579 0.53884 0.38490 0.27991 0.20916 0.16192 0.13122 0.11789 0.22324 0.19152 0.40734 0.65197 1.07801 2.08767 2.62050 3.08875 3.53356 3.73137 3.97301 4.04782 4.03735 4.28692 4.42271 4.63773 4.63249 4.59519 4.45517 4.22471 3.87821 3.52946 3.22267 2.97668 2.88074 2.75142 2.66036 2.61077 2.70554 2.93494 3.09291 3.03812 2.98343 2.94558
0.48659 0.03137 0.00000 0.00000 0.40286 1.03614 1.94893 2.51283 3.95400 6.14326 7.31532 3.97780 2.38106 2.29254 2.82359 2.94638 2.56970 1.58610 0.97326 0.61701 0.40630 0.27751 0.20042 0.15246 0.12379 0.14338 0.45725 0.79414 1.15420 1.39526 2.07911 2.71040 3.63603 3.87232 4.16874 4.45971 4.52737 4.57838 4.56675 4.96759 5.15754 5.10813 5.05592 4.94407 4.84530 4.56970 4.16670 3.82352 3.59603 3.34698 3.20937 3.09456 2.86570 2.67436 2.61507 2.62119 2.61566 2.60492 2.58141 2.72778
0.07150 0.00000 0.00000 0.16722 0.47754 0.76275 1.57833 2.49066 3.58219 4.20203 5.78867 5.86488 3.72901 2.76242 3.53123 3.59391 2.75171 1.63088 1.00774 0.59287 0.34223 0.21485 0.14822 0.14867 0.37313 0.45913 0.66252 1.13710 1.59133 2.40945 3.08159 3.33308 4.02979 4.15168 4.38500 4.59813 4.84441 5.14532 5.38730 5.41730 5.55736 5.51710 5.42137 5.22868 5.04550 4.75026 4.43531 4.10028 3.84605 3.58541 3.30578 2.97298 2.59976 2.15974 1.87376 1.82937 1.89565 1.98954 2.02153 2.09642
0.00000 0.00000 0.00000 0.20049 0.47898 0.83684 1.57958 2.62430 2.98199 4.28357 5.91911 5.82258 6.97125 8.98985 11.10296 4.89536 2.47716 1.65064 0.91054 0.44300 0.22901 0.15954 0.13956 0.35226 0.53805 0.78715 1.02008 1.55664 2.18009 2.97355 3.42250 3.72997 3.96873 3.99046 4.08943 4.38184 4.70175 5.06872 5.46339 5.74481 5.91489 6.08988 5.95058 5.76577 5.46038 5.08185 4.69872 4.38582 4.02567 3.67379 3.40942 2.81545 2.05608 1.27270 0.91459 1.01459 1.19128 1.34480 1.45099 1.50820
0.00000 0.00000 0.00000 0.12399 0.31480 0.69392 1.42933 2.03067 2.01209 2.53119 3.67882 4.86326 7.66704 11.06759 10.35358 3.72413 2.89862 1.79289 0.96192 0.36783 0.13468 0.12637 0.25316 0.58091 0.94945 1.29701 1.52478 2.14222 3.19031 3.56646 3.86675 3.91044 3.87313 3.82818 3.86821 4.08405 4.42256 4.83328 5.30301 5.80241 6.17040 6.40916 6.53966 6.54654 6.28057 5.85614 5.18378 4.50109 3.98828 3.53060 3.11796 2.44962 1.59515 0.84659 0.49688 0.55663 0.63762 0.68375 0.76566 0.78180
0.00000 0.00000 0.00000 0.06951 0.13659 0.26866 0.64204 0.96857 0.90894 1.04134 1.78532 2.94484 4.49815 7.16837 10.19155 7.30322 3.61408 1.86633 1.14800 0.60788 0.30050 0.36634 0.63193 1.16881 1.65980 1.89248 2.26863 3.13273 4.02657 4.37694 4.65063 3.91453 3.74781 3.65605 3.69266 3.83584 4.13330 4.50984 5.03498 5.61599 6.12368 6.51054 6.92467 7.24442 7.15938 6.50273 5.51436 4.49427 3.74662 3.04255 2.32818 1.70348 1.12396 0.63277 0.34780 0.14544 0.04789 0.12104 0.26577 0.19820
0.00000 0.00000 0.00000 0.00000 0.03215 0.08741 0.18159 0.12466 0.24780 0.26903 0.45520 1.16263 1.84946 2.90794 5.00914 7.02399 4.03236 1.98738 1.74253 1.35926 1.07597 1.19828 1.66511 2.24183 2.60429 2.89541 3.37373 4.47954 4.99706 5.62850 5.31572 4.06878 3.61979 3.43619 3.43509 3.54792 3.74507 4.09534 4.66809 5.33294 5.91090 6.48028 7.23354 8.09366 8.16557 6.90926 5.58680 4.24613 3.31568 2.41589 1.46957 0.85334 0.58403 0.14793 0.00000 0.00000 0.00000 0.00000 0.00000 0.00000
0.00000 0.00000 0.00000 0.00000 0.00000 0.00000 0.00000 0.00000 0.00000 0.00000 0.00000 0.11842 0.37531 2.18147 4.48894 5.17153 4.38056 2.85571 2.70989 2.33664 2.41986 2.78037 3.31666 3.73259 3.75197 4.16043 5.26086 6.12693 6.49623 6.16279 5.60020 4.47741 3.54152 3.30009 3.26403 3.31206 3.41820 3.60801 4.19011 4.93372 5.43957 5.95566 6.84276 7.80817 7.90387 6.80744 5.44132 4.09767 2.90230 1.89299 0.85163 0.27843 0.18085 0.00000 0.00000 0.00000 0.00000 0.00000 0.00000 0.00000
0.00000 0.00000 0.00000 0.00000 0.00000 0.00000 0.00000 0.00000 0.00000 0.00000 0.00000 0.00000 0.00000 0.82312 2.71273 3.33871 4.78250 5.57168 4.64201 4.52711 4.43968 4.24869 4.66422 5.37048 6.18006 7.40603 8.27524 8.04179 8.90343 8.63532 7.25226 5.80823 4.32408 3.29227 3.08986 3.04026 3.04997 3.13656 3.48643 4.00512 4.41717 4.79699 5.38702 6.04681 6.23583 5.73877 4.73851 3.58437 2.43961 1.49273 0.65438 0.29284 0.06473 0.00000 0.00000 0.00000 0.00000 0.00000 0.00000 0.00000
0.00000 0.00000 0.00000 0.00000 0.00000 0.00000 0.00000 0.00000 0.00000 0.00000 0.00000 0.00000 0.00000 0.10934 0.44110 1.30436 3.36828 5.65915 7.63479 9.55563 7.58607 6.16235 6.22546 7.58803 8.11896 8.30242 8.90519 9.79353 10.03376 9.44062 8.77585 6.97016 5.33277 4.12640 2.99899 2.75569 2.55474 2.46568 2.64467 2.99568 3.18618 3.16035 3.39734 3.95182 4.41483 4.34153 3.68883 2.59611 1.69991 1.01703 0.58866 0.44740 0.24898 0.02108 0.03179 0.19652 0.09883 0.04559 0.00000 0.00000
0.00000 0.00000 0.00000 0.00000 0.00000 0.00000 0.00000 0.00000 0.00000 0.02125 0.17009 0.38270 0.29873 0.51481 0.73323 0.87831 1.49662 3.95854 7.01856 9.10225 6.62550 5.26985 6.18958 8.90141 9.41891 8.36286 7.95962 9.66113 9.53753 9.83518 9.87314 8.41243 6.06751 4.74500 3.62572 2.82175 2.16693 1.62168 1.74390 2.27573 2.45339 2.11838 1.96040 2.56273 3.14989 3.26356 2.70905 1.77053 0.91879 0.48956 0.65582 0.68371 0.66057 0.52854 0.65215 0.72924 0.64709 0.47271 0.30808 0.16775
0.00000 0.00000 0.00000 0.00000 0.00000 0.00000 0.00000 0.00000 0.00000 0.06334 0.25103 0.67500 1.60087 2.50310 2.28346 1.33156 1.72683 3.02931 4.34128 4.99344 3.58372 2.83777 4.47329 7.12541 10.16154 10.18608 8.60955 8.67608 9.17287 10.39192 10.86769 9.77074 7.26305 5.34790 4.22705 3.38621 2.57408 1.46710 1.81428 2.63375 2.70688 2.33207 2.16691 2.32726 2.76308 2.84257 2.38704 1.68396 0.98775 1.00036 1.27252 1.40161 1.52851 1.81516 1.90256 1.83573 1.77467 1.58330 1.15074 0.57161
0.00000 0.00000 0.00000 0.00000 0.00000 0.00000 0.00000 0.00000 0.00000 0.00000 0.08797 0.49393 2.17164 4.27053 4.91773 2.70484 2.22898 2.48581 1.64152 1.44343 1.87020 2.24053 2.63364 4.00922 7.84254 9.58783 10.10064 10.54475 11.04730 12.36712 13.49827 12.15383 8.91175 6.10625 4.84230 4.76685 4.75042 4.54879 4.70122 4.87005 4.42586 3.60384 3.09866 2.87603 2.86622 2.79666 2.44490 2.28345 2.60447 3.43375 3.99624 4.34458 3.59390 4.38594 4.41227 4.09918 3.92805 3.66326 2.61010 1.35636
0.00000 0.00000 0.00000 0.00000 0.00000 0.00000 0.00000 0.00000 0.00000 0.00000 0.00000 0.00000 1.41877 3.47506 4.28176 2.67186 1.59280 1.30078 0.81687 0.67863 1.36150 2.42573 3.32578 4.35579 6.56811 7.76706 8.67627 10.56670 13.68533 17.32651 19.70994 17.55947 12.37357 8.37539 6.97967 7.04637 7.81414 9.43057 10.27302 9.61363 7.95267 5.74922 4.36258 3.60935 3.02095 2.95855 3.75370 5.16809 5.98507 6.67313 8.28093 8.86113 7.29294 7.51860 8.63194 7.45549 7.63835 5.93730 3.99670 2.72358
0.00000 0.00000 0.00000 0.00000 0.00000 0.00000 0.00000 0.00000 0.00000 0.00000 0.00000 0.00000 0.24522 1.32213 1.74783 1.13745 0.47718 0.41693 0.67632 0.82785 1.81930 3.13312 4.87343 6.15284 6.33972 6.15614 6.79693 9.16371 13.41987 19.55222 25.40618 22.51464 16.51923 12.77676 10.97571 11.23958 11.29489 12.90536 16.27372 17.00816 14.11501 10.01420 6.13938 3.62699 3.05682 3.58184 5.19991 6.80548 6.81614 5.97918 6.12024 6.86226 7.69711 7.84094 12.09872 14.74214 16.25004 14.74858 7.10166 4.00684
0.00000 0.00000 0.00000 0.00000 0.00000 0.00000 0.00000 0.00000 0.00000 0.00000 0.00000 0.00000 0.00000 0.05146 0.18717 0.12996 0.00000 0.10845 0.68790 1.32343 2.37789 3.25386 4.55769 5.24795 4.57370 3.90550 4.28017 6.49427 10.69713 16.31572 20.44326 19.39889 16.68340 15.37810 14.79654 14.86552 12.54193 11.26422 15.74259 17.49125 16.51087 14.55486 9.26815 4.85995 3.64025 3.45542 4.49092 5.66288 4.89255 3.59836 3.35648 4.12444 5.56930 11.65823 21.69672 26.42597 24.54214 20.59685 13.58713 8.87645
0.00000 0.00000 0.00000 0.00000 0.00000 0.00000 0.00000 0.00000 0.00000 0.00000 0.00000 0.00000 0.00000 0.00000 0.00000 0.00000 0.00000 0.04757 0.39892 0.86122 1.37699 2.34654 3.09345 3.28238 2.72893 1.94764 1.40088 3.00419 6.13296 9.39612 11.89449 12.77756 13.25138 12.32352 10.86024 11.64148 11.38443 9.93891 11.50923 14.33799 16.48785 15.83962 10.56276 5.79670 2.97750 1.82770 2.50830 2.52698 2.54362 3.24269 3.59996 4.09231 6.77448 11.32712 20.96138 27.71129 28.73684 24.63708 16.58303 10.24076
0.00000 0.00000 0.00000 0.00000 0.00000 0.00000 0.00000 0.00000 0.00000 0.00000 0.00000 0.00000 0.00000 0.00000 0.00000 0.00000 0.00000 0.00000 0.00000 0.12673 0.26981 1.01338 1.65897 1.68704 1.10730 0.16514 0.13647 0.76750 2.53640 3.47054 3.89918 5.70873 8.35603 9.47643 8.34606 8.80934 8.80280 7.25705 7.53045 11.47124 16.34828 16.54976 9.29381 4.17570 1.92921 2.02768 3.50540 3.35470 3.22676 3.81239 4.42636 5.60129 5.85238 5.73562 10.80805 17.94112 20.38864 18.86740 14.53642 11.09013
0.00000 0.00000 0.00000 0.00000 0.00000 0.00000 0.00000 0.00000 0.00000 0.00000 0.00000 0.00000 0.00000 0.00000 0.00000 0.00000 0.00000 0.00000 0.00000 0.00000 0.00000 0.21728 0.40654 0.37909 0.08388 0.00000 0.00000 0.07734 0.69778 0.69531 1.13719 2.59473 4.78447 5.91642 5.82248 5.51566 5.40534 4.49161 3.81119 9.49461 15.39919 15.97602 11.18577 3.60792 2.73493 4.43601 6.43546 6.34067 5.83364 5.24246 5.26274 5.30874 3.77803 5.00304 7.76489 12.98026 17.08630 17.60093 13.66978 13.21502
0.00000 0.00000 0.00000 0.00000 0.00000 0.00000 0.00000 0.00000 0.00000 0.00000 0.00000 0.00000 0.00000 0.00000 0.00000 0.00000 0.00000 0.00000 0.00000 0.00000 0.00000 0.00000 0.00000 0.00000 0.00000 0.00000 0.00000 0.00000 0.14837 0.29918 0.74545 1.52799 2.31044 2.27226 2.80689 2.95183 2.57431 2.46566 3.39314 9.82119 19.02372 23.67354 17.48569 7.14706 5.64890 8.93668 10.89792 9.36260 7.17132 6.31740 6.26269 5.23833 4.12617 5.95275 7.03495 10.95518 15.01900 14.94086 12.77767 11.94861
0.00000 0.00000 0.00000 0.00000 0.00000 0.00000 0.00000 0.00000 0.00000 0.00000 0.00000 0.00000 0.00000 0.00000 0.00000 0.00000 0.00000 0.00000 0.00000 0.00000 0.00000 0.00000 0.00000 0.00000 0.00000 0.00000 0.00000 0.00000 0.00000 0.08252 0.32156 0.71624 1.05572 1.12268 1.52941 2.07016 3.76409 6.15757 6.01389 14.99521 28.56259 29.19551 20.40454 8.77832 7.50761 9.98762 13.24808 10.54315 8.62787 8.21836 8.58738 6.28135 5.33416 6.72407 7.96128 10.99673 12.53855 12.83411 10.95735 10.34769
0.00000 0.00000 0.00000 0.00000 0.00000 0.00000 0.00000 0.00000 0.00000 0.00000 0.00000 0.00000 0.00000 0.00000 0.00000 0.00000 0.00000 0.00000 0.00000 0.00000 0.00000 0.00000 0.00000 0.00000 0.00000 0.00000 0.00000 0.00000 0.00000 0.00000 0.03856 0.03682 0.11612 0.24790 0.48952 1.11778 4.15081 9.46191 10.04615 23.19193 29.62579 23.47899 16.70299 9.90623 13.12211 16.44648 13.37617 13.40769 11.96220 10.04037 9.00571 6.19028 5.87353 6.57906 6.94482 9.51853 9.55658 8.58789 6.80401 6.88643
0.00000 0.00000 0.00000 0.00000 0.00000 0.00000 0.00000 0.00000 0.00000 0.00000 0.00000 0.00000 0.00000 0.00000 0.00000 0.00000 0.00000 0.00000 0.00000 0.00000 0.00000 0.00000 0.00000 0.00000 0.00000 0.00000 0.00000 0.00000 0.00000 0.00000 0.00000 0.00000 0.00000 0.00000 0.00000 0.00000 1.51817 4.69604 8.32702 14.39086 14.43584 16.78445 18.00045 16.88362 21.77476 26.03078 18.62612 13.74861 10.30290 8.37790 6.70742 5.74742 5.86769 6.81097 7.44367 7.94858 7.01050 5.00743 3.78437 4.17126
0.00000 0.00000 0.00000 0.00000 0.00000 0.00000 0.00000 0.00000 0.00000 0.00000 0.00000 0.00000 0.00000 0.00000 0.00000 0.00000 0.00000 0.00000 0.00000 0.00000 0.00000 0.00000 0.00000 0.00000 0.00000 0.00000 0.00000 0.00000 0.00000 0.00000 0.00000 0.00000 0.00000 0.08907 0.46734 0.83808 1.63843 4.00650 13.78132 26.16752 19.74862 33.20104 35.11689 24.10664 28.24679 26.15341 16.92409 12.64927 9.81553 7.19699 5.73318 5.34515 5.24346 5.97406 5.89637 5.29570 4.75090 3.56004 2.61137 2.43004
0.00000 0.00000 0.00000 0.00000 0.00000 0.00000 0.00000 0.00000 0.00000 0.00000 0.00000 0.00000 0.00000 0.00000 0.00000 0.00000 0.00000 0.00000 0.00000 0.00000 0.00000 0.00000 0.00000 0.00000 0.00000 0.00000 0.00000 0.00000 0.00000 0.00000 0.00000 0.00000 0.13460 1.56339 5.62960 13.85332 13.92991 12.55664 39.71499 63.74021 42.68725 58.72128 63.95780 34.92427 34.45369 35.72364 27.93970 20.08152 17.85555 10.07610 6.83266 5.84090 4.63846 4.63492 4.34555 3.66698 3.29556 2.66226 1.88605 1.14818
0.00000 0.00000 0.00000 0.00000 0.00000 0.00000 0.00000 0.00000 0.00000 0.00000 0.00000 0.00000 0.00000 0.00000 0.00000 0.00000 0.00000 0.00000 0.00000 0.00000 0.00000 0.00000 0.00000 0.00000 0.00000 0.00000 0.00000 0.00000 0.00000 0.00000 0.00000 0.09230 0.49377 1.88402 6.60866 16.13287 18.02783 21.61991 48.98504 76.82341 85.15646 75.55903 69.48434 70.32486 72.62765 67.82558 54.48800 35.67311 28.61359 24.25883 13.80168 6.15869 3.78607 3.39547 3.15027 2.83081 2.37586 1.87113 1.13988 0.40846
0.00000 0.00000 0.00000 0.00000 0.00000 0.00000 0.00000 0.00000 0.00000 0.00000 0.00000 0.00000 0.00000 0.00000 0.00000 0.00000 0.00000 0.00000 0.00000 0.00000 0.00000 0.00000 0.00000 0.00000 0.00000 0.00000 0.00000 0.00000 0.00000 0.00000 0.06007 0.74127 1.47708 2.12626 5.02709 9.07412 12.50498 24.86915 53.31350 85.46091 108.57531 -99999.00000 -99999.00000 129.15399 116.11749 100.64526 80.99094 52.34982 40.58043 40.59903 33.72825 15.44752 4.45328 2.24785 2.05969 1.66861 1.42821 1.26832 0.67607 0.37682
0.00000 0.00000 0.00000 0.00000 0.00000 0.00000 0.00000 0.00000 0.00000 0.00000 0.00000 0.00000 0.00000 0.00000 0.00000 0.00000 0.00000 0.00000 0.00000 0.00000 0.00000 0.00000 0.00000 0.00000 0.00000 0.00000 0.00000 0.00000 0.00000 0.04236 0.87839 2.48997 3.14640 3.06620 4.12126 -99999.00000 -99999.00000 -99999.00000 -99999.00000 -99999.00000 -99999.00000 -99999.00000 -99999.00000 118.60532 118.41506 106.79968 85.57220 61.68045 51.78885 51.71738 38.92524 21.03888 4.28103 1.16807 0.66844 0.42813 0.65362 0.60225 0.57858 0.63265
0.00000 0.00000 0.00000 0.00000 -99999.00000 0.00000 0.00000 0.00000 0.00000 0.00000 0.00000 0.00000 0.00000 0.00000 0.00000 0.00000 0.00000 0.00000 0.00000 0.00000 0.00000 0.00000 0.00000 0.00000 0.00000 0.00000 0.00000 0.00000 0.00000 0.87185 2.42562 5.38557 4.92518 2.40510 -99999.00000 -99999.00000 -99999.00000 -99999.00000 -99999.00000 -99999.00000 -99999.00000 -99999.00000 -99999.00000 -99999.00000 111.62897 90.88290 73.77581 62.36127 58.14641 55.14787 38.44166 18.65866 0.78238 0.00000 0.00000 0.00000 0.09911 0.35901 0.57174 0.94750
-99999.00000 -99999.00000 -99999.00000 -99999.00000 -99999.00000 0.00000 0.00000 0.00000 0.00000 0.00000 0.00000 0.00000 0.00000 0.00000 0.00000 0.00000 0.00000 0.00000 0.00000 0.00000 0.00000 0.00000 0.00000 0.00000 0.00000 0.00000 0.00000 0.40712 1.84573 3.55902 4.71377 5.78624 5.15652 2.42303 -99999.00000 -99999.00000 -99999.00000 -99999.00000 -99999.00000 -99999.00000 -99999.00000 -99999.00000 -99999.00000 -99999.00000 -99999.00000 70.32165 66.18214 64.70465 63.02084 49.38136 29.30022 10.55661 0.00000 0.00000 0.00000 0.00000 0.00000 0.10976 0.39017 0.78348
