DATA/RAW-RASTER/CPC/2017/20170318.asc
ncols			60
nrows			40
xllcorner		70.0
yllcorner		20.0
cellsize		0.5
NODATA_value	-99999
1.38462 1.35337 1.24677 1.12254 1.03739 1.00423 0.90285 0.66454 0.48202 0.40023 0.29904 0.19676 0.15458 0.08048 0.00000 0.00000 0.00000 0.00000 0.00000 0.00000 0.00000 0.00000 0.00000 0.00000 0.00000 0.00000 0.03212 0.00000 0.00000 0.00000 0.00000 0.00000 0.00000 0.00000 0.00000 0.00000 0.00000 0.00000 0.00000 0.00000 0.00000 0.00000 0.00000 0.00000 0.00000 0.00000 0.00000 0.00000 0.00000 0.00000 0.00000 0.00000 0.00000 0.00000 0.00000 0.00000 0.00000 0.00000 0.00000 0.00000
3.27804 2.86943 2.05639 1.58103 1.18614 1.13753 0.86418 0.53704 0.36675 0.25959 0.13541 0.00000 0.00000 0.00000 0.00000 0.00000 0.00000 0.00000 0.00000 0.00000 0.00000 0.00000 0.00000 0.00000 0.00000 0.00000 0.00000 0.00000 0.00000 0.00000 0.00000 0.00000 0.00000 0.00000 0.00000 0.00000 0.00000 0.00000 0.00000 0.00000 0.00000 0.00000 0.00000 0.00000 0.00000 0.00000 0.00000 0.00000 0.00000 0.00000 0.00000 0.00000 0.00000 0.00000 0.00000 0.00000 0.00000 0.02972 0.08278 0.07077
7.23493 5.80141 3.50763 2.10110 1.30352 0.86587 0.46385 0.18283 0.13256 0.11776 0.05310 0.00000 0.00000 0.00000 0.00000 0.00000 0.00000 0.00000 0.00000 0.00000 0.00000 0.00000 0.00000 0.00000 0.00000 0.00000 0.00000 0.00000 0.00000 0.00000 0.00000 0.00000 0.00000 0.00000 0.00000 0.00000 0.00000 0.00000 0.00000 0.00000 0.00000 0.00000 0.00000 0.00000 0.00000 0.00000 0.00000 0.00000 0.00000 0.00000 0.00000 0.00000 0.00000 0.00000 0.00000 0.00000 0.04761 0.22493 0.28064 0.24028
6.55271 5.46289 3.91862 2.33009 1.02475 0.31276 0.14619 0.03826 0.03008 0.03941 0.00000 0.00000 0.00000 0.00000 0.00000 0.00000 0.00000 0.00000 0.00000 0.00000 0.00000 0.00000 0.00000 0.00000 0.00000 0.00000 0.00000 0.00000 0.00000 0.00000 0.00000 0.00000 0.00000 0.00000 0.00000 0.00000 0.00000 0.00000 0.00000 0.00000 0.00000 0.00000 0.00000 0.00000 0.00000 0.00000 0.00000 0.00000 0.00000 0.00000 0.00000 0.00000 0.00000 0.02712 0.07637 0.18585 0.37543 0.51685 0.61885 0.65315
5.62436 4.73177 3.27265 2.16256 0.99005 0.34374 0.13637 0.05352 0.02787 0.00000 0.00000 0.00000 0.00000 0.00000 0.00000 0.00000 0.00000 0.00000 0.00000 0.00000 0.00000 0.00000 0.00000 0.00000 0.00000 0.00000 0.00000 0.00000 0.00000 0.00000 0.00000 0.00000 0.00000 0.00000 0.00000 0.00000 0.00000 0.00000 0.00000 0.00000 0.00000 0.00000 0.00000 0.00000 0.00000 0.00000 0.00000 0.00000 0.00000 0.00000 0.00000 0.00000 0.07718 0.11212 0.17017 0.39241 0.66908 0.86711 1.00210 1.08517
4.36840 3.43128 2.40967 1.57596 0.86238 0.41536 0.13566 0.02639 0.02137 0.00000 0.00000 0.00000 0.00000 0.00000 0.00000 0.00000 0.00000 0.00000 0.00000 0.00000 0.00000 0.00000 0.00000 0.00000 0.00000 0.00000 0.00000 0.00000 0.00000 0.00000 0.00000 0.00000 0.00000 0.00000 0.00000 0.00000 0.00000 0.00000 0.00000 0.00000 0.00000 0.00000 0.00000 0.00000 0.00000 0.00000 0.00000 0.00000 0.00000 0.00000 0.00000 0.10348 0.20087 0.28054 0.34791 0.70919 1.13506 1.31560 1.36494 1.39831
2.57322 1.96262 1.20028 0.55385 0.41311 0.26183 0.07879 0.00000 0.00000 0.00000 0.00000 0.00000 0.00000 0.00000 0.00000 0.00000 0.00000 0.00000 0.00000 0.00000 0.00000 0.00000 0.00000 0.00000 0.00000 0.00000 0.00000 0.00000 0.00000 0.00000 0.00000 0.00000 0.00000 0.00000 0.00000 0.00000 0.00000 0.00000 0.00000 0.00000 0.00000 0.00000 0.00000 0.00000 0.00000 0.00000 0.00000 0.00000 0.00000 0.00000 0.04164 0.19167 0.38288 0.62671 0.99280 1.51582 1.89977 1.83299 1.70233 1.61089
0.85137 0.47216 0.25724 0.10137 0.03004 0.02221 0.00000 0.00000 0.00000 0.00000 0.00000 0.00000 0.00000 0.00000 0.00000 0.00000 0.00000 0.00000 0.00000 0.00000 0.00000 0.00000 0.00000 0.00000 0.00000 0.00000 0.00000 0.00000 0.00000 0.00000 0.00000 0.00000 0.00000 0.00000 0.00000 0.00000 0.00000 0.00000 0.00000 0.00000 0.00000 0.00000 0.00000 0.00000 0.00000 0.00000 0.00000 0.00000 0.00000 0.00000 0.00000 0.24430 0.55972 0.92319 1.43567 2.11272 2.63989 2.33475 1.87572 1.67336
0.00000 0.00000 0.00000 0.00000 0.00000 0.00000 0.00000 0.00000 0.00000 0.00000 0.00000 0.00000 0.00000 0.00000 0.00000 0.00000 0.00000 0.00000 0.00000 0.00000 0.00000 0.00000 0.00000 0.00000 0.00000 0.00000 0.00000 0.00000 0.00000 0.00000 0.00000 0.00000 0.00000 0.00000 0.00000 0.00000 0.00000 0.00000 0.00000 0.03202 0.03960 0.00000 0.00000 0.00000 0.00000 0.00000 0.00000 0.00000 0.00000 0.00000 0.02153 0.34152 0.69434 1.17845 1.70385 2.09916 2.33158 2.19200 1.89933 1.67084
0.00000 0.00000 0.00000 0.00000 0.00000 0.00000 0.00000 0.00000 0.02779 0.00000 0.00000 0.00000 0.00000 0.00000 0.00000 0.00000 0.00000 0.00000 0.00000 0.00000 0.00000 0.00000 0.00000 0.00000 0.00000 0.00000 0.00000 0.00000 0.00000 0.00000 0.00000 0.00000 0.00000 0.00000 0.00000 0.02046 0.04649 0.07119 0.08802 0.09854 0.10368 0.10294 0.07747 0.03404 0.00000 0.00000 0.00000 0.00000 0.00000 0.00000 0.18131 0.40219 0.67787 1.08982 1.46855 1.72804 1.83953 1.78808 1.68494 1.47789
0.00000 0.00000 0.00000 0.00000 0.00000 0.00000 0.00000 0.00000 0.23221 0.04238 0.00000 0.00000 0.00000 0.00000 0.00000 0.00000 0.00000 0.00000 0.00000 0.00000 0.00000 0.00000 0.00000 0.00000 0.00000 0.00000 0.09515 0.05914 0.00000 0.00000 0.00000 0.00000 0.00000 0.00000 0.00000 0.05706 0.11652 0.12312 0.12792 0.27114 0.29123 0.34207 0.28475 0.21705 0.11639 0.05399 0.00000 0.00000 0.00000 0.06269 0.15241 0.30467 0.49964 0.77339 1.07449 1.32129 1.40569 1.37130 1.28087 1.14957
0.00000 0.00000 0.00000 0.00000 0.00000 0.00000 0.00000 0.04453 0.41327 0.05176 0.00000 0.00000 0.02486 0.02890 0.02309 0.00000 0.00000 0.00000 0.00000 0.00000 0.00000 0.00000 0.00000 0.00000 0.00000 0.02280 0.21206 0.26652 0.29754 0.07104 0.00000 0.00000 0.00000 0.02355 0.13544 0.16274 0.16677 0.17099 0.13895 0.52712 0.72441 0.64662 0.53765 0.40748 0.26966 0.18598 0.12742 0.06092 0.06008 0.08025 0.10193 0.14464 0.28879 0.49271 0.72199 0.89373 0.94541 0.86858 0.70517 0.59943
0.00000 0.00000 0.00000 0.00000 0.00000 0.00000 0.00000 0.03138 0.30758 0.05965 0.07472 0.14618 0.06777 0.02498 0.00000 0.00000 0.00000 0.00000 0.00000 0.00000 0.00000 0.00000 0.00000 0.00000 0.14284 0.20425 0.30901 0.40084 0.45311 0.45306 0.35652 0.05138 0.07320 0.10821 0.26317 0.41667 0.52748 0.64597 0.75247 0.83007 1.03716 1.03200 0.93675 0.78277 0.62565 0.51074 0.42515 0.27000 0.08886 0.05647 0.06144 0.09112 0.14578 0.23749 0.35809 0.46672 0.50990 0.44753 0.28070 0.16289
0.00000 0.00000 0.00000 0.00000 0.00000 0.00000 0.00000 0.00000 0.02001 0.04383 0.21584 0.14755 0.06308 0.00000 0.00000 0.00000 0.00000 0.00000 0.00000 0.00000 0.00000 0.00000 0.00000 0.11796 0.23105 0.33916 0.47519 0.58082 0.64734 0.64090 0.44018 0.03472 0.06143 0.06664 0.13806 0.30806 0.43755 0.60092 0.82516 1.07590 1.32028 1.53949 1.53638 1.45880 1.28723 1.07305 0.80754 0.56319 0.28583 0.00000 0.00000 0.00000 0.00000 0.05461 0.09585 0.17052 0.21168 0.11947 0.05818 0.02303
0.00000 0.00000 0.00000 0.00000 0.00000 0.00000 0.00000 0.00000 0.00000 0.00000 0.00000 0.00000 0.00000 0.00000 0.00000 0.00000 0.00000 0.00000 0.00000 0.00000 0.00000 0.00000 0.05851 0.22346 0.36064 0.52886 0.71600 0.82889 0.81841 0.74086 0.52281 0.09263 0.05984 0.05757 0.09230 0.23318 0.33028 0.46710 0.69379 1.04846 1.49519 1.95507 2.31444 2.46351 2.27745 1.90104 1.31193 0.75942 0.21871 0.00000 0.00000 0.00000 0.00000 0.00000 0.00000 0.00000 0.00000 0.00000 0.00000 0.00000
0.00000 0.00000 0.00000 0.00000 0.00000 0.00000 0.00000 0.00000 0.00000 0.00000 0.00000 0.00000 0.00000 0.00000 0.00000 0.00000 0.00000 0.00000 0.00000 0.00000 0.00000 0.00000 0.15691 0.39508 0.61765 0.86122 1.06979 1.11287 1.03462 0.86483 0.63801 0.12321 0.06104 0.05551 0.05265 0.09614 0.20137 0.30885 0.50419 0.84930 1.43244 2.16838 2.95782 3.51179 3.49505 2.79848 1.75021 0.80127 0.39534 0.09226 0.00000 0.00000 0.00000 0.00000 0.00000 0.00000 0.00000 0.00000 0.00000 0.00000
0.00000 0.00000 0.00000 0.00000 0.00000 0.00000 0.00000 0.00000 0.00000 0.00000 0.00000 0.00000 0.00000 0.00000 0.00000 0.00000 0.00000 0.00000 0.00000 0.00000 0.00000 0.00000 0.38042 0.74355 1.07386 1.35419 1.56389 1.50536 1.34640 0.99178 0.63753 0.12357 0.06689 0.05864 0.05207 0.04738 0.07423 0.15071 0.29085 0.51770 1.10993 2.21313 3.49362 4.62939 4.80657 3.59148 2.13507 0.87654 0.45896 0.17953 0.00000 0.00000 0.00000 0.00000 0.00000 0.00000 0.00000 0.00000 0.00000 0.00000
0.00000 0.00000 0.00000 0.00000 0.00000 0.00000 0.00000 0.00000 0.00000 0.00000 0.00000 0.00000 0.00000 0.00000 0.00000 0.00000 0.00000 0.00000 0.00000 0.00000 0.00000 0.12876 0.82041 1.28334 1.68887 1.94863 2.14865 1.94333 1.63198 1.05978 0.64253 0.13254 0.07635 0.07190 0.06527 0.05321 0.04015 0.06490 0.20639 0.36619 0.87665 2.02864 3.42780 4.68282 4.91072 3.86675 2.54251 1.39844 0.72836 0.38447 0.06695 0.00000 0.00000 0.00000 0.00000 0.00000 0.00000 0.00000 0.00000 0.00000
0.00000 0.00000 0.00000 0.00000 0.00000 0.00000 0.00000 0.00000 0.00000 0.00000 0.00000 0.00000 0.00000 0.00000 0.00000 0.00000 0.00000 0.00000 0.00000 0.00000 0.00000 0.46144 1.24122 1.94798 2.58692 3.02701 2.87134 2.39818 2.12711 1.61409 0.82685 0.35180 0.30060 0.11782 0.09849 0.09363 0.08398 0.10937 0.27373 0.53316 1.00984 1.79365 2.69386 3.44646 3.64708 3.20789 2.45187 1.61469 0.96467 0.59183 0.28381 0.20308 0.03638 0.00000 0.00000 0.00000 0.00000 0.00000 0.00000 0.00000
0.06064 0.08763 0.04388 0.00000 0.00000 0.00000 0.00000 0.00000 0.00000 0.00000 0.00000 0.00000 0.00000 0.00000 0.00000 0.00000 0.00000 0.00000 0.00000 0.00000 0.05279 0.94409 1.79722 2.90989 3.22286 3.14614 2.92162 2.62746 2.18136 1.62969 1.19378 0.64531 0.56594 0.34878 0.15078 0.17120 0.21395 0.26861 0.39654 0.66300 1.01191 1.42159 1.84646 2.23336 2.44001 2.38079 2.04451 1.43369 1.00443 0.78799 0.71410 0.72639 0.50575 0.03471 0.02501 0.06438 0.02960 0.00000 0.00000 0.00000
0.46225 0.46400 0.29623 0.11460 0.00000 0.00000 0.00000 0.00000 0.00000 0.00000 0.00000 0.00000 0.00000 0.00000 0.00000 0.00000 0.00000 0.00000 0.00000 0.00000 0.05485 0.69248 1.90902 3.41551 3.72115 3.01344 2.30409 2.11770 1.68221 1.48728 1.25178 0.95020 0.62307 0.44210 0.26976 0.24351 0.33466 0.42998 0.50953 0.68132 0.90617 1.09092 1.25628 1.43273 1.52830 1.57939 1.43506 1.09882 0.84308 0.88744 1.46439 1.71847 1.35307 0.79677 0.69505 0.47183 0.20473 0.14319 0.09203 0.05001
1.00025 1.01504 0.85162 0.56557 0.27364 0.00000 0.00000 0.00000 0.00000 0.00000 0.00000 0.00000 0.00000 0.00000 0.00000 0.00000 0.00000 0.00000 0.00000 0.00000 0.00000 0.23639 1.32867 2.59573 3.66685 2.96662 1.83563 1.33613 1.20421 1.39885 1.48350 1.26377 0.82112 0.44611 0.26680 0.26879 0.37805 0.50904 0.58842 0.67127 0.77856 0.88872 0.95181 0.95309 0.93220 0.99476 1.05722 1.14068 1.27986 2.14922 3.16449 3.62058 3.12225 2.90385 2.14530 1.35108 0.71544 0.50346 0.35704 0.16615
1.52451 1.75658 1.76540 1.61848 1.30489 0.78882 0.48849 0.24907 0.00000 0.00000 0.00000 0.00000 0.00000 0.00000 0.00000 0.00000 0.00000 0.00000 0.00000 0.00000 0.00000 0.08831 0.50898 1.09881 1.96326 1.85670 1.28163 0.89778 0.99238 1.54414 1.97182 1.83458 1.19169 0.54161 0.22022 0.25924 0.35991 0.47671 0.59275 0.69691 0.79016 0.81491 0.76786 0.62066 0.41699 0.47174 0.90775 1.71883 3.54569 6.87662 9.50030 10.75053 7.55796 7.41321 5.17779 3.02516 1.77395 1.19090 0.81685 0.38263
2.10583 2.61451 2.92960 2.99925 2.78264 2.05806 1.07577 0.91931 0.14363 0.00000 0.00000 0.00000 0.00000 0.00000 0.00000 0.00000 0.00000 0.00000 0.00000 0.00000 0.00000 0.00000 0.07390 0.34840 0.75290 0.60704 0.45461 0.27696 0.85067 2.12703 3.23225 3.05609 1.98919 1.09056 0.59404 0.30926 0.34432 0.41432 0.57158 0.87098 1.02130 1.00685 0.90390 0.70889 0.48849 0.67466 2.03957 4.72224 8.33010 13.29676 20.11229 22.45775 16.46052 13.17934 10.66038 5.63426 3.56353 1.85214 1.19500 0.72257
2.74519 3.65213 4.36099 4.80629 5.04759 4.51630 3.42855 3.19845 1.86219 0.53121 0.00000 0.00000 0.00000 0.00000 0.00000 0.00000 0.00000 0.00000 0.00000 0.00000 0.00000 0.00000 0.00000 0.05313 0.12132 0.00000 0.00000 0.00000 0.72583 2.24157 4.40148 4.15066 2.93661 2.20961 1.51221 0.58811 0.34502 0.42912 0.94701 1.57884 2.00566 1.93788 1.62272 1.29026 1.41665 2.52528 5.42017 8.44953 9.99218 12.35758 15.73913 18.59892 18.79974 14.60899 13.93305 10.29833 7.31481 4.55378 2.02308 0.95509
3.26402 4.62989 5.57345 6.57240 7.87099 8.45219 8.25007 7.28220 5.70692 3.57127 1.47931 0.65664 0.30987 0.23509 0.00000 0.00000 0.00000 0.00000 0.00000 0.00000 0.00000 0.00000 0.00000 0.00000 0.00000 0.00000 0.00000 0.00000 0.24174 0.93940 2.24769 3.01734 2.93937 3.35633 3.85769 1.91848 0.93462 1.51080 2.53417 2.74895 3.36557 4.18309 4.42386 3.06842 3.54294 5.62035 10.46563 13.11201 10.27305 11.01349 11.64026 14.01101 15.73446 18.47118 18.30503 15.03903 9.88562 6.54627 3.94833 2.13839
3.08339 4.55721 5.60516 7.23378 9.95274 12.82725 13.61361 11.63394 9.30892 7.27566 4.35360 2.27952 2.04244 1.91174 1.14018 0.27003 0.11862 0.05703 0.00000 0.00000 0.00000 0.00000 0.00000 0.00000 0.00000 0.00000 0.00000 0.00000 0.02099 0.17150 0.59146 1.37692 1.90424 2.61428 3.69873 3.19672 3.22746 5.30667 4.54972 3.53265 4.15826 5.96603 7.12713 5.47200 3.94138 5.70218 12.31348 19.40531 19.84809 18.43491 16.85906 16.43608 16.03950 14.43026 13.35573 13.09785 10.20028 8.33057 5.32855 2.89790
2.05787 2.90928 3.79067 6.04028 10.14702 15.81688 17.34315 13.88385 11.35043 9.31598 6.86119 5.33050 4.79126 3.66572 2.17626 1.01697 0.31271 0.14472 0.04244 0.00000 0.00000 0.00000 0.00000 0.00000 0.00000 0.00000 0.00000 0.00000 0.00000 0.00000 0.00000 0.13642 0.42548 0.62918 0.90150 1.93476 3.29677 5.07089 3.77755 3.04887 3.91967 5.65809 8.59325 7.85161 3.86410 5.54562 12.50051 19.67033 23.50285 21.68997 20.63611 17.89285 9.87356 5.24965 4.92457 6.33007 6.96983 6.61418 5.10858 3.80822
0.88101 1.25608 1.39486 3.69854 7.79465 12.05052 13.56947 12.19976 10.84781 9.61789 8.20720 7.21772 6.46311 4.79839 2.71378 1.10541 0.49518 0.43123 0.34475 0.18476 0.29060 0.35637 0.29630 0.17569 0.15266 0.04241 0.00000 0.00000 0.00000 0.00000 0.00000 0.00000 0.00000 0.00000 0.00000 0.26293 0.64725 0.56848 0.84440 1.61113 3.11261 5.68400 10.25997 9.33869 6.11026 7.18865 11.98860 15.29972 18.17003 18.03901 18.09709 10.66668 4.06634 2.99307 2.57868 4.09480 5.81287 6.30086 5.00467 4.93753
0.13372 0.43961 0.95287 2.32731 4.89307 7.15537 8.19760 7.88644 7.95042 8.42930 8.04554 8.08026 6.82372 5.29959 3.67957 1.93567 1.76234 1.69272 0.96267 0.59171 0.84976 1.00927 0.77604 0.51043 0.31069 0.12119 0.00000 0.00000 0.00000 0.00000 0.00000 0.00000 0.00000 0.00000 0.00000 0.00000 0.00000 0.00000 0.00000 0.41157 1.89794 6.73786 13.89339 15.62023 9.07766 7.90273 9.64754 11.35083 11.19250 12.10561 12.25630 6.65032 2.95321 2.24544 1.78886 3.08579 4.87406 5.24808 4.66170 4.29798
0.00000 0.00000 0.14238 0.64498 1.99125 3.09153 3.34720 2.96115 3.64436 4.66624 5.69092 6.15844 5.61791 5.27190 5.84285 4.22482 3.29375 3.29498 1.97275 1.24417 1.53073 1.81384 0.97465 0.65060 0.50221 0.26359 0.08922 0.00000 0.00000 0.00000 0.00000 0.00000 0.00000 0.00000 0.00000 0.00000 0.00000 0.00000 0.00000 0.02283 0.96821 5.29404 13.65350 13.11724 6.21410 3.52433 4.78979 5.13019 6.11608 8.10065 8.49278 5.35721 2.32426 1.62565 1.34406 2.24192 3.23748 3.84004 3.44798 3.09307
0.00000 0.00000 0.00000 0.00000 0.27145 0.71954 0.97565 0.84679 1.52263 2.49757 2.99104 2.62453 2.74926 2.79249 3.86215 3.50574 2.75456 2.26149 1.67382 1.46392 1.72330 1.98307 1.30968 0.94818 0.68731 0.38790 0.10323 0.00000 0.00000 0.00000 0.00000 0.00000 0.00000 0.00000 0.00000 0.00000 0.00000 0.00000 0.00000 0.30228 2.09834 5.10488 10.13669 14.34690 5.69997 2.36739 1.67792 2.72345 4.04681 5.28479 4.91564 2.86003 1.58989 0.86916 0.56169 0.81109 1.38918 1.78189 1.49628 1.28433
0.00000 0.00000 0.00000 0.00000 0.00000 0.03845 0.15894 0.34866 0.59579 0.86847 0.52653 0.00000 0.14990 0.34242 0.88217 1.37724 1.32034 0.83431 0.87205 1.04519 1.44510 2.05284 1.82012 1.20515 0.74186 0.40270 0.13806 0.00000 0.00000 0.00000 0.00000 0.00000 0.00000 0.00000 0.00000 0.00000 0.00000 0.00000 0.00000 0.71904 3.84040 5.80237 7.38564 8.69533 6.11954 2.43105 1.69617 2.00807 2.25841 2.44579 1.78239 1.38344 1.05083 0.36140 0.23256 0.20728 0.46616 0.46862 0.31381 0.22264
0.00000 0.00000 0.00000 0.00000 0.00000 0.00000 0.00000 0.03773 0.10655 0.05961 0.00000 0.00000 0.00000 0.00000 0.00000 0.09484 0.19941 0.25272 0.33136 0.47395 0.90262 1.60297 1.55602 1.00659 0.57714 0.24894 0.02137 0.00000 0.00000 0.00000 0.00000 0.00000 0.00000 0.00000 0.00000 0.00000 0.00000 0.00000 0.00000 0.24513 2.54017 9.86967 15.09354 8.95873 7.00054 4.35690 2.08514 1.49134 1.35048 1.57379 0.98155 0.82095 0.51413 0.19665 0.10284 0.10417 0.11628 0.00000 0.00000 0.00000
0.00000 0.00000 0.00000 0.00000 0.00000 0.00000 0.00000 0.00000 0.00000 0.00000 0.00000 0.00000 0.00000 0.00000 0.00000 0.00000 0.00000 0.00000 0.02344 0.08532 0.24897 0.65044 0.76043 0.48547 0.27367 0.06116 0.00000 0.00000 0.00000 0.00000 0.00000 0.00000 0.00000 0.00000 0.00000 0.00000 0.00000 0.00000 0.00000 0.40151 2.72015 14.47304 25.88608 10.97586 7.72418 5.26891 2.77358 1.66062 1.33794 1.44460 1.10526 0.64882 0.25019 0.08680 0.05002 0.03807 0.00000 0.00000 0.00000 0.00000
0.00000 0.00000 0.00000 0.00000 0.00000 0.00000 0.00000 0.00000 0.00000 0.00000 0.00000 0.00000 0.00000 0.00000 0.00000 0.00000 0.00000 0.00000 0.00000 0.00000 0.00000 0.04660 0.12924 0.19619 0.12344 0.04597 0.00000 0.00000 0.00000 0.00000 0.00000 0.00000 0.00000 0.00000 0.00000 0.00000 0.00000 0.00000 0.00000 0.20405 1.05573 4.98639 11.65654 6.64119 4.10530 4.14816 2.89153 1.74011 1.34869 1.37715 1.29221 0.79238 0.11690 0.00000 0.00000 0.00000 0.00000 0.00000 0.00000 0.00000
0.00000 0.00000 0.00000 0.00000 0.00000 0.00000 0.00000 0.00000 0.00000 0.00000 0.00000 0.00000 0.00000 0.00000 0.00000 0.00000 0.00000 0.00000 0.00000 0.00000 0.00000 0.00000 0.00000 0.00000 0.00000 0.00000 0.00000 0.00000 0.00000 0.00000 0.00000 0.00000 0.00000 0.00000 0.00000 0.00000 0.00000 0.00000 0.00000 0.07341 0.81876 -99999.00000 -99999.00000 1.51184 0.68438 1.27052 2.00950 1.44507 1.19332 1.37665 1.27879 0.70680 0.05485 0.00000 0.00000 0.00000 0.00000 0.00000 0.00000 0.00000
0.00000 0.00000 0.00000 0.00000 0.00000 0.00000 0.00000 0.00000 0.00000 0.00000 0.00000 0.00000 0.00000 0.00000 0.00000 0.00000 0.00000 0.00000 0.00000 0.00000 0.00000 0.00000 0.00000 0.00000 0.00000 0.00000 0.00000 0.00000 0.00000 0.00000 0.00000 0.00000 0.05669 0.17122 0.06537 -99999.00000 -99999.00000 -99999.00000 -99999.00000 -99999.00000 -99999.00000 -99999.00000 -99999.00000 0.00000 0.00000 0.00000 0.45583 0.94352 1.03988 1.27868 1.12364 0.29585 0.00000 0.00000 0.00000 0.00000 0.00000 0.00000 0.00000 0.00000
0.00000 0.00000 0.00000 0.00000 -99999.00000 0.00000 0.00000 0.00000 0.00000 0.00000 0.00000 0.00000 0.00000 0.00000 0.00000 0.00000 0.00000 0.00000 0.00000 0.00000 0.00000 0.00000 0.00000 0.00000 0.00000 0.00000 0.00000 0.00000 0.00000 0.00000 0.00000 0.03199 0.67999 1.17805 -99999.00000 -99999.00000 -99999.00000 -99999.00000 -99999.00000 -99999.00000 -99999.00000 -99999.00000 -99999.00000 -99999.00000 0.00000 0.00000 0.00000 0.25683 0.70575 0.71428 0.08331 0.00000 0.00000 0.00000 0.00000 0.00000 0.00000 0.00000 0.00000 0.00000
-99999.00000 -99999.00000 -99999.00000 -99999.00000 -99999.00000 0.00000 0.00000 0.00000 0.00000 0.00000 0.00000 0.00000 0.00000 0.00000 0.00000 0.00000 0.00000 0.00000 0.00000 0.00000 0.00000 0.00000 0.00000 0.00000 0.00000 0.00000 0.00000 0.00000 0.02319 0.02558 0.00000 0.15858 1.52476 3.20233 -99999.00000 -99999.00000 -99999.00000 -99999.00000 -99999.00000 -99999.00000 -99999.00000 -99999.00000 -99999.00000 -99999.00000 -99999.00000 0.00000 0.00000 0.00000 0.12358 0.11300 0.00000 0.00000 0.00000 0.00000 0.00000 0.00000 0.00000 0.00000 0.00000 0.00000
