DATA/RAW-RASTER/CPC/2017/20170623.asc
ncols			60
nrows			40
xllcorner		70.0
yllcorner		20.0
cellsize		0.5
NODATA_value	-99999
0.27438 0.73471 1.25960 1.32679 0.95631 0.49768 0.09853 0.00000 0.00000 0.00000 0.00000 0.00000 0.00000 0.05655 0.17069 0.18945 0.11314 0.08337 0.17117 0.24887 0.28865 0.30553 0.32180 0.35999 0.45050 0.62559 0.86380 0.98268 0.97423 0.78862 0.52642 0.30301 0.14839 0.06800 0.02541 0.00000 0.00000 0.00000 0.00000 0.00000 0.00000 0.00000 0.00000 0.00000 0.00000 0.00000 0.00000 0.00000 0.00000 0.00000 0.00000 0.00000 0.00000 0.00000 0.00000 0.00000 0.00000 0.00000 0.00000 0.00000
0.22936 0.83723 1.91132 2.21376 1.34627 0.54382 0.05989 0.00000 0.00000 0.00000 0.00000 0.00000 0.00000 0.00000 0.02284 0.02472 0.02041 0.02726 0.05264 0.08860 0.15473 0.23635 0.26020 0.30887 0.37344 0.47474 0.63620 0.77879 0.79340 0.55694 0.32111 0.16509 0.06869 0.02771 0.00000 0.00000 0.00000 0.00000 0.00000 0.00000 0.00000 0.00000 0.00000 0.00000 0.00000 0.00000 0.00000 0.00000 0.00000 0.00000 0.00000 0.03203 0.00000 0.00000 0.00000 0.00000 0.00000 0.00000 0.00000 0.00000
0.00000 0.32266 0.87885 1.12943 0.75645 0.21973 0.00000 0.00000 0.00000 0.00000 0.00000 0.00000 0.00000 0.00000 0.00000 0.00000 0.00000 0.00000 0.00000 0.00000 0.00000 0.06776 0.10546 0.17354 0.26362 0.34461 0.45822 0.55618 0.46546 0.31516 0.17707 0.08138 0.02995 0.00000 0.00000 0.00000 0.00000 0.00000 0.00000 0.00000 0.00000 0.00000 0.00000 0.00000 0.00000 0.00000 0.00000 0.00000 0.00000 0.08165 0.18952 0.21241 0.19196 0.08341 0.00000 0.00000 0.00000 0.00000 0.00000 0.00000
0.00000 0.03227 0.19028 0.29897 0.15415 0.00000 0.00000 0.00000 0.00000 0.00000 0.00000 0.00000 0.00000 0.00000 0.00000 0.00000 0.00000 0.00000 0.00000 0.00000 0.00000 0.00000 0.00000 0.00000 0.02701 0.16592 0.26465 0.31986 0.20579 0.11695 0.09092 0.03716 0.00000 0.00000 0.00000 0.00000 0.00000 0.00000 0.00000 0.00000 0.00000 0.00000 0.00000 0.00000 0.00000 0.00000 0.00000 0.00000 0.04401 0.19783 0.29718 0.31554 0.27155 0.05003 0.00000 0.00000 0.00000 0.00000 0.00000 0.00000
0.00000 0.00000 0.00000 0.00000 0.00000 0.00000 0.00000 0.00000 0.00000 0.00000 0.00000 0.00000 0.00000 0.00000 0.00000 0.00000 0.00000 0.00000 0.00000 0.00000 0.00000 0.00000 0.00000 0.00000 0.00000 0.00000 0.10474 0.15232 0.00000 0.00000 0.03519 0.00000 0.00000 0.00000 0.00000 0.00000 0.00000 0.00000 0.00000 0.00000 0.00000 0.00000 0.03215 0.05701 0.03725 0.00000 0.00000 0.03459 0.13307 0.19429 0.26734 0.28580 0.20878 0.00000 0.00000 0.00000 0.00000 0.00000 0.00000 0.00000
0.00000 0.00000 0.00000 0.00000 0.00000 0.00000 0.00000 0.00000 0.00000 0.00000 0.00000 0.00000 0.00000 0.00000 0.00000 0.00000 0.00000 0.00000 0.00000 0.00000 0.00000 0.00000 0.00000 0.00000 0.00000 0.00000 0.00000 0.00000 0.00000 0.00000 0.00000 0.00000 0.00000 0.00000 0.00000 0.00000 0.00000 0.00000 0.02637 0.05394 0.07980 0.13637 0.23883 0.40784 0.55229 0.48001 0.37387 0.29535 0.17914 0.10435 0.13002 0.15314 0.07251 0.00000 0.00000 0.00000 0.00000 0.00000 0.00000 0.00000
0.00000 0.00000 0.00000 0.00000 0.00000 0.00000 0.00000 0.00000 0.00000 0.00000 0.00000 0.00000 0.00000 0.00000 0.00000 0.00000 0.00000 0.00000 0.00000 0.00000 0.00000 0.00000 0.00000 0.00000 0.00000 0.00000 0.00000 0.00000 0.00000 0.00000 0.00000 0.00000 0.00000 0.00000 0.00000 0.00000 0.04869 0.09743 0.16355 0.26300 0.40665 0.72092 1.19613 1.75275 1.99396 1.81588 1.28702 0.65788 0.24210 0.06520 0.00000 0.00000 0.00000 0.00000 0.00000 0.00000 0.00000 0.04782 0.04272 0.00000
0.00000 0.00000 0.00000 0.00000 0.00000 0.00000 0.00000 0.00000 0.00000 0.00000 0.00000 0.00000 0.00000 0.00000 0.00000 0.00000 0.00000 0.00000 0.00000 0.00000 0.00000 0.00000 0.00000 0.00000 0.00000 0.00000 0.00000 0.00000 0.00000 0.00000 0.00000 0.00000 0.00000 0.00000 0.00000 0.05207 0.17869 0.33569 0.54500 0.86696 1.39581 2.34075 3.85866 5.34042 5.16804 4.59803 3.55036 1.86040 0.66088 0.18383 0.11733 0.07511 0.07565 0.19094 0.16938 0.10004 0.10726 0.24034 0.29865 0.25706
0.00000 0.00000 0.00000 0.00000 0.00000 0.00000 0.00000 0.00000 0.00000 0.00000 0.00000 0.00000 0.00000 0.00000 0.00000 0.00000 0.00000 0.00000 0.00000 0.00000 0.00000 0.00000 0.00000 0.00000 0.00000 0.00000 0.00000 0.00000 0.00000 0.00000 0.00000 0.00000 0.02663 0.02469 0.10586 0.26903 0.50364 0.85194 1.32732 2.07861 3.20157 4.73525 6.47044 7.71588 8.07606 8.37508 7.92199 6.12076 2.90774 1.34135 1.10173 1.33171 1.44924 1.35118 1.10550 0.86968 0.90464 1.03177 1.05435 0.87612
0.00000 0.00000 0.00000 0.00000 0.00000 0.00000 0.00000 0.00000 0.00000 0.00000 0.00000 0.00000 0.00000 0.00000 0.00000 0.00000 0.00000 0.00000 0.00000 0.00000 0.00000 0.00000 0.00000 0.00000 0.00000 0.00000 0.00000 0.00000 0.00000 0.05772 0.12469 0.21693 0.29860 0.28350 0.25190 0.43025 1.18909 1.75003 2.26433 2.95573 3.67036 4.48943 5.35127 6.26175 7.36177 8.26636 8.62159 8.32448 7.19309 5.86943 5.85373 6.45654 6.10633 4.63162 3.03378 2.28683 2.17880 2.22284 2.38902 2.00578
0.00000 0.00000 0.00000 0.00000 0.00000 0.00000 0.00000 0.00000 0.00000 0.00000 0.00000 0.00000 0.00000 0.00000 0.00000 0.00000 0.00000 0.00000 0.00000 0.00000 0.00000 0.00000 0.00000 0.00000 0.00000 0.00000 0.00000 0.00000 0.04906 0.16445 0.40455 0.75220 0.87423 0.97220 1.02705 1.25464 1.94356 2.34654 2.48658 2.77893 2.98414 3.24863 3.39614 3.50839 4.22819 5.74894 7.07238 7.62069 7.96329 8.67425 9.86998 10.35565 9.80422 7.75908 4.95245 3.11813 2.58966 3.10655 4.02529 3.96589
0.00000 0.00000 0.00000 0.00000 0.00000 0.00000 0.00000 0.00000 0.00000 0.00000 0.00000 0.00000 0.00000 0.00000 0.00000 0.00000 0.00000 0.00000 0.00000 0.00000 0.00000 0.00000 0.00000 0.00000 0.00000 0.00000 0.00000 0.02080 0.09472 0.36032 0.82455 1.16841 1.29044 1.35820 1.55774 1.93679 2.14689 2.31091 2.41667 2.76140 2.85495 2.48666 2.06230 1.65015 1.40128 2.28319 4.21737 6.12234 7.80361 9.05025 10.32202 10.91949 11.26503 10.70740 8.66052 5.91495 4.38308 4.35232 5.09289 5.66395
0.00000 0.00000 0.00000 0.00000 0.00000 0.00000 0.00000 0.00000 0.00000 0.00000 0.00000 0.00000 0.00000 0.00000 0.00000 0.00000 0.00000 0.00000 0.00000 0.00000 0.00000 0.00000 0.00000 0.00000 0.00000 0.00000 0.00000 0.03117 0.13861 0.52100 1.03526 1.29057 1.45674 1.61404 1.93608 2.25071 2.41332 2.73151 3.08861 3.10156 3.31601 2.85820 2.20493 1.59084 1.28231 1.75343 3.09295 4.65852 6.54320 8.00157 9.10307 10.00734 11.35739 12.67153 12.20542 9.93146 7.31080 6.11757 6.13365 6.14652
0.00000 0.00000 0.00000 0.00000 0.00000 0.00000 0.00000 0.00000 0.00000 0.00000 0.00000 0.00000 0.00000 0.00000 0.00000 0.00000 0.00000 0.00000 0.00000 0.00000 0.00000 0.00000 0.00000 0.00000 0.00000 0.00000 0.00000 0.04064 0.20151 0.66303 1.19464 1.47483 1.66550 1.86053 2.13159 2.47138 2.69429 2.98390 3.33030 3.73894 4.26100 4.85895 4.61580 3.84926 3.32457 3.14162 3.46106 4.18007 4.82117 5.29812 5.95215 8.16142 11.61413 15.01670 15.21612 12.51699 9.58078 7.75884 7.25683 7.32455
0.00000 0.00000 0.00000 0.00000 0.00000 0.00000 0.00000 0.00000 0.00000 0.00000 0.00000 0.00000 0.00000 0.00000 0.00000 0.00000 0.00000 0.00000 0.00000 0.00000 0.00000 0.00000 0.00000 0.00000 0.00000 0.00000 0.00000 0.07351 0.43125 0.81362 1.17434 1.49931 1.70569 1.91922 2.24604 2.51084 2.75701 3.00849 3.36949 3.97329 5.08794 6.59628 7.95878 8.68512 8.50687 6.84024 4.96727 3.98892 4.03004 3.99433 4.01983 6.32790 10.83741 15.24723 15.70393 13.29234 8.94738 7.09846 7.79364 9.08538
0.00000 0.00000 0.00000 0.00000 0.00000 0.00000 0.00000 0.00000 0.00000 0.00000 0.00000 0.00000 0.00000 0.00000 0.00000 0.00000 0.00000 0.00000 0.00000 0.00000 0.00000 0.00000 0.00000 0.00000 0.00000 0.00000 0.00000 0.23689 0.67770 1.00989 1.20966 1.49206 1.72200 2.01965 2.40254 2.57096 2.69722 2.81946 3.09923 3.54742 4.54202 6.68516 9.89014 11.85316 12.15380 9.62725 5.87805 3.91974 3.89027 4.45230 4.99029 6.50933 9.59585 12.00891 12.13120 9.41542 5.96784 5.13940 7.76458 10.62595
0.00000 0.00000 0.00000 0.00000 0.00000 0.00000 0.00000 0.00000 0.00000 0.00000 0.00000 0.00000 0.00000 0.00000 0.00000 0.00000 0.00000 0.00000 0.00000 0.00000 0.00000 0.00000 0.00000 0.00000 0.00000 0.00000 0.05942 0.50731 0.94704 1.31852 1.47783 1.57476 1.72878 1.96288 2.12087 2.26136 2.41589 2.50767 2.75157 3.06311 3.76119 6.13533 10.58942 13.93086 14.55229 11.60760 6.90489 3.77347 3.79782 5.02261 6.33911 7.38962 8.25061 8.74285 8.64806 6.53109 3.71883 3.78727 8.09696 12.83340
0.00000 0.00000 0.00000 0.00000 0.00000 0.00000 0.00000 0.00000 0.00000 0.00000 0.00000 0.00000 0.00000 0.00000 0.00000 0.00000 0.00000 0.00000 0.00000 0.00000 0.00000 0.00000 0.00000 0.00000 0.04119 0.06022 0.25176 0.74687 1.14935 1.48446 1.54973 1.56246 1.72066 2.01212 2.14972 2.30253 2.38738 2.34537 2.65147 2.94947 3.38064 5.51573 10.09200 13.34526 14.37700 13.38062 8.99374 5.31936 4.41106 5.51797 6.50353 6.88345 7.36658 7.82868 8.03981 6.99914 5.20243 5.54582 8.65360 13.01916
0.00000 0.00000 0.00000 0.00000 0.00000 0.00000 0.00000 0.00000 0.00000 0.00000 0.00000 0.00000 0.00000 0.00000 0.00000 0.00000 0.00000 0.00000 0.00000 0.02841 0.05664 0.00000 0.02816 0.06829 0.08644 0.23154 0.58423 1.07190 1.58893 1.82702 1.74065 1.38499 1.30591 1.69550 2.02394 2.29794 2.29787 2.31788 2.58553 2.88691 3.35060 4.79731 7.84737 11.40516 13.14189 12.58733 9.22861 6.48269 5.49640 5.42858 5.08551 5.18967 6.64863 8.34402 8.28008 7.16884 6.67097 7.39975 8.86685 10.45085
0.00000 0.00000 0.00000 0.00000 0.00000 0.00000 0.00000 0.00000 0.00000 0.00000 0.00000 0.00000 0.00000 0.00000 0.00000 0.00000 0.00000 0.00000 0.09737 0.43332 0.13668 0.00000 0.09745 0.12829 0.20275 0.43188 0.94602 1.55267 2.27482 2.80433 2.20741 1.22844 0.74288 1.03795 1.57173 2.11535 2.32714 2.35781 2.50557 2.57130 2.59550 2.51268 3.05535 5.24215 7.62620 7.90994 6.71410 5.44896 5.78524 5.72447 5.63876 5.55769 6.01038 6.90050 6.76111 6.45713 6.57623 7.11690 7.94570 8.44291
0.00000 0.00000 0.00000 0.00000 0.00000 0.00000 0.00000 0.00000 0.00000 0.00000 0.00000 0.00000 0.00000 0.00000 0.00000 0.00000 0.00000 0.00000 0.45551 0.79495 0.23879 0.12870 0.32389 0.36681 0.31985 0.58301 1.42163 3.09184 4.60585 4.50814 2.89522 1.26035 0.55921 0.45011 0.83684 1.47042 1.99987 2.14489 2.06788 1.98007 1.53792 1.00394 0.90768 1.58852 2.71829 3.31801 3.68748 4.32961 5.91331 5.36424 5.08100 4.89881 4.68200 4.90231 3.91956 4.26516 4.53847 5.36340 6.42588 6.10087
0.00000 0.00000 0.00000 0.00000 0.00000 0.00000 0.00000 0.00000 0.00000 0.00000 0.00000 0.00000 0.00000 0.00000 0.00000 0.00000 0.00000 0.00000 0.16640 0.42539 0.11251 0.38722 1.00521 0.87885 0.77939 2.05840 3.69957 5.59148 5.44701 4.56631 2.72029 1.09264 0.36060 0.17952 0.35601 0.91702 1.65706 1.99485 1.87238 1.70692 1.25783 0.77330 0.61964 0.67525 0.80086 1.11396 1.99693 3.83099 4.93004 5.59092 4.29403 3.16624 3.02984 3.14261 2.42535 2.00038 2.15046 2.39526 2.81294 2.55110
0.00000 0.00000 0.00000 0.00000 0.00000 0.00000 0.00000 0.00000 0.00000 0.00000 0.00000 0.00000 0.00000 0.00000 0.00000 0.00000 0.00000 0.00000 0.00000 0.00000 0.02219 0.62025 2.22523 2.69469 2.87500 5.28256 10.06101 13.05563 9.86092 5.35270 2.60959 0.80090 0.19941 0.07978 0.18888 0.83968 1.89087 2.36550 2.23221 2.05757 1.64781 0.99381 0.58349 0.30915 0.15252 0.21038 0.80631 2.22377 4.45529 5.84257 3.22892 1.91396 1.19724 1.35214 1.26820 0.93864 0.64804 0.45495 0.64950 0.92555
0.00000 0.00000 0.00000 0.00000 0.00000 0.00000 0.00000 0.00000 0.00000 0.00000 0.00000 0.00000 0.00000 0.00000 0.00000 0.00000 0.00000 0.00000 0.00000 0.00000 0.00000 0.46762 1.75340 2.37008 3.12854 5.55883 10.92051 17.69382 17.17870 8.01086 2.01451 0.13122 0.21535 0.29662 0.53768 1.49728 2.98804 3.65494 3.18804 3.10434 2.52577 1.45939 0.70774 0.33444 0.12603 0.03237 0.76729 3.25782 4.21337 2.77297 1.05167 0.68934 0.51053 0.41837 0.50771 0.36717 0.19782 0.07070 0.21472 0.94892
0.00000 0.00000 0.00000 0.00000 0.02953 0.10561 0.11934 0.02214 0.00000 0.00000 0.00000 0.00000 0.00000 0.00000 0.00000 0.00000 0.00000 0.00000 0.00000 0.00000 0.00000 0.00000 0.00000 0.11085 0.68494 2.53800 4.26101 8.43539 10.01682 4.95769 1.05150 0.12817 0.65502 1.00726 1.48296 3.54279 7.32773 5.92387 4.65355 5.08140 3.66752 2.77396 1.85523 0.96489 0.90022 0.76246 2.15766 4.33398 3.63841 1.67121 0.52074 0.40469 0.43101 0.00000 0.13808 0.19228 0.21643 0.11564 0.14164 1.12124
0.00000 0.00000 0.00000 0.05502 0.09738 0.41807 0.73933 0.52805 0.08085 0.00000 0.00000 0.00000 0.00000 0.00000 0.08497 0.15417 0.33177 0.41404 0.21820 0.24796 0.21091 0.13578 0.07148 0.02377 0.00000 0.58504 0.75497 2.10681 2.90509 1.15675 0.12583 0.22009 1.18189 1.35357 1.67883 5.76962 14.23859 12.75945 9.92006 6.31755 3.79913 4.60994 6.25554 5.35343 4.54905 3.38753 5.79107 7.27694 4.56852 2.75059 1.46081 1.26624 1.15372 0.56440 0.00000 0.43276 0.70628 0.48503 0.53228 1.47794
0.00000 0.00000 0.04302 0.22134 0.62692 1.49481 2.03379 1.38464 0.39828 0.00000 0.00000 0.00000 0.00000 0.00000 0.46776 1.23372 1.86065 1.70104 0.91250 0.71554 0.90889 0.49067 0.18608 0.13475 0.00000 0.00000 0.05987 0.18728 0.07411 0.00000 0.00000 0.09453 0.44904 0.52300 0.77569 6.16545 14.12671 10.31193 6.31196 1.66523 0.74731 2.94518 6.19593 9.74235 5.94586 2.27151 6.27202 9.45044 8.24161 7.36611 5.53946 4.16357 3.47657 2.33346 1.41099 1.91638 1.73418 1.28737 1.03574 1.25958
0.00000 0.00000 0.04437 0.35365 1.18545 2.71558 3.15343 1.78788 0.54257 0.07005 0.00000 0.00000 0.00000 0.04924 0.80502 2.15094 3.53368 2.10277 0.74252 0.46685 0.98374 0.99957 0.81976 0.71805 0.04475 0.00000 0.00000 0.00000 0.00000 0.00000 0.00000 0.00000 0.00000 0.02142 0.19875 14.33461 34.54224 27.07605 1.92918 0.09213 0.21158 1.53774 4.66424 5.51682 3.35175 3.36508 8.24971 11.10514 14.48821 14.12650 12.02416 9.37545 5.43135 3.13792 2.53607 2.98774 2.62863 1.88055 1.28017 0.87167
0.00000 0.00000 0.00000 0.27705 0.99981 1.91953 2.20417 1.54803 0.70977 0.22426 0.10371 0.00000 0.00000 0.02059 0.32976 0.99422 1.27373 0.60791 0.05494 0.03391 0.19251 0.82186 1.62803 1.77935 0.46219 0.00000 0.00000 0.00000 0.00000 0.00000 0.00000 0.00000 0.00000 0.00000 0.00000 11.37845 49.86535 58.64962 7.36267 1.20141 1.29154 2.45920 6.61776 6.03950 6.29684 7.70513 10.02924 12.04307 17.06449 16.13075 14.78542 9.81186 4.67867 3.39075 2.91074 3.29163 3.24765 2.46704 1.56954 0.96885
0.00000 0.00000 0.08096 0.32321 0.92409 1.06824 1.10407 1.72973 1.38949 0.87852 0.60898 0.10600 0.00000 0.00000 0.00000 0.04173 0.06314 0.00000 0.00000 0.00000 0.00000 1.16188 3.63662 3.52181 1.40683 0.16730 0.00000 0.00000 0.00000 0.00000 0.00000 0.00000 0.00000 0.00000 0.00000 2.83044 19.97606 23.46276 12.03356 6.46608 3.49996 6.90813 14.99860 18.09093 22.73262 17.44544 11.84288 9.66973 9.79610 10.37509 10.60704 7.29327 4.22881 3.31786 2.96433 3.54867 3.60484 3.19147 2.37312 2.37738
0.00000 0.02123 0.26629 0.68114 1.58722 3.06237 2.79527 3.47238 3.15912 2.59358 1.57929 0.73734 0.32737 0.08825 0.00000 0.02315 0.00000 0.00000 0.00000 0.00000 0.18363 1.90454 7.75047 4.78477 1.37462 0.27097 0.00000 0.00000 0.00000 0.00000 0.00000 0.00000 0.00000 0.00000 0.00000 0.00000 0.32564 3.69617 8.37794 8.45230 4.13448 8.26207 28.98724 48.80009 43.00251 26.56553 13.54025 4.15966 3.41445 5.74333 7.14539 5.41521 3.57630 3.09969 3.24994 4.47347 4.84604 5.89420 5.63871 8.22222
0.00000 0.00000 0.78960 1.27994 1.99247 5.31467 5.91636 4.81218 4.09572 2.92435 2.04530 1.81249 1.92561 1.55382 1.17276 1.34378 0.91347 0.14374 0.00000 0.00000 0.33471 2.36776 7.28036 3.77656 0.94766 0.24306 0.00000 0.00000 0.00000 0.00000 0.12376 0.16802 0.00000 0.00000 0.00000 0.00000 0.22570 0.30064 3.05873 6.36687 4.58489 5.21498 17.35782 40.31488 42.90747 26.49234 9.97124 4.98705 2.81303 3.12632 3.59250 3.11435 2.99137 2.84417 2.83310 4.75863 7.70077 13.99402 15.50707 18.05801
0.07904 0.07668 0.57838 4.70069 7.72890 11.18893 12.64560 10.53609 6.62893 2.22412 1.59452 2.80956 3.93190 3.25882 2.57742 4.88522 3.83450 1.19923 0.57488 0.22431 0.04070 1.03558 2.82031 2.99236 1.48841 0.15480 0.00000 0.00000 0.00000 0.68125 1.60008 0.85905 0.00000 0.00000 0.00000 0.62890 9.85854 8.12888 2.66854 1.96353 0.98426 0.72838 3.45987 18.07702 26.01675 17.45091 9.10450 4.98985 2.63361 1.78057 1.30243 1.61310 2.52393 3.19635 3.81497 4.94994 10.39025 22.75096 29.15881 26.72366
0.51921 2.78365 4.02930 7.92403 18.32420 26.23853 32.33875 29.87160 16.80779 3.94326 1.39860 3.44086 6.13941 5.44854 2.88822 6.45551 5.47430 3.15511 2.66798 1.14607 0.19720 0.11799 0.89022 2.38752 1.95384 0.07882 0.00000 0.00000 0.21455 1.63902 2.40685 1.23805 0.35868 0.61305 1.76382 1.45197 15.81571 21.63573 6.21500 0.41801 0.59186 1.33303 0.02023 7.66628 28.12981 21.70942 7.83245 3.17037 1.66298 1.27102 0.69950 0.85222 1.78049 2.91212 3.53408 4.65473 12.42303 25.40985 32.44246 26.40504
4.25373 10.46794 7.26900 7.82400 28.19577 52.71117 65.40844 61.29058 29.77936 7.38425 2.16777 6.65424 12.90074 14.36574 10.09365 5.82076 4.52417 3.13137 4.33874 3.70308 1.51450 1.60866 2.43830 2.79848 2.27965 0.48084 0.00000 0.07293 0.54471 1.38935 1.74185 1.69195 4.00703 16.30612 31.92232 16.22541 15.31943 23.78120 14.98187 2.50693 2.52756 3.77796 1.99886 12.87153 43.02902 35.04239 14.13264 3.73394 1.96660 1.57068 1.12378 0.84208 1.25974 2.06957 2.76682 3.57524 10.75127 18.01980 18.80412 12.40886
10.40740 20.21930 12.93735 13.04143 28.66495 62.06657 91.74595 85.63951 41.69017 9.24185 3.10954 10.97222 28.96809 37.29942 30.47936 25.69514 18.81387 6.34520 6.31059 9.23612 5.43493 5.28629 3.72179 2.75523 2.17191 0.94415 0.25824 0.28404 0.39532 0.79702 1.35470 2.89969 6.99488 19.91315 44.19033 25.49058 14.73502 19.66118 15.82857 8.20984 5.39665 6.37494 5.39768 8.25387 28.36103 34.08448 21.00079 5.81731 1.91013 1.63713 1.39292 1.19816 1.27416 1.70879 2.42577 3.84474 7.97733 10.64556 7.38729 3.34465
7.64586 10.74587 7.53989 11.51330 21.03458 37.43114 62.07974 61.99609 29.05699 7.74030 2.56339 11.58484 42.96567 52.79529 42.42972 38.88257 28.82528 12.52598 8.57690 8.61129 5.21435 5.15489 2.85896 1.57435 0.86600 0.36879 0.32665 0.22361 0.29783 0.59772 0.98919 2.86681 7.29826 14.53072 21.57925 18.79220 16.91055 16.91501 14.47261 11.46268 11.50471 -99999.00000 -99999.00000 5.51221 10.81353 17.02270 16.68729 6.98096 1.74742 1.46029 1.59387 1.13879 1.00959 1.27105 1.66856 2.16155 4.01063 5.41631 3.50858 1.94138
2.87509 3.15211 2.56129 4.32079 9.45701 11.52878 23.04002 25.15371 11.11986 3.93778 3.29096 8.79172 21.04702 26.71870 22.68876 16.52519 14.86002 11.04377 9.38309 6.12521 2.76100 2.06685 0.73625 0.26093 0.12643 0.05068 0.13124 0.16702 0.26525 0.55581 0.90095 2.37464 6.62486 14.98894 17.77942 -99999.00000 -99999.00000 -99999.00000 -99999.00000 -99999.00000 -99999.00000 -99999.00000 -99999.00000 1.97717 2.15955 4.72097 6.87067 5.46834 2.17035 1.22838 1.12768 0.34162 0.19628 0.16323 0.18317 0.33755 0.76866 1.02285 0.72494 0.43068
0.33480 0.50648 0.65028 1.13422 -99999.00000 3.92216 7.43951 8.44129 2.28184 0.87581 2.15848 3.68979 5.04756 7.31864 6.84716 4.03931 3.95078 6.29129 10.11849 7.71784 5.23224 2.67687 0.77124 0.06103 0.00000 0.00000 0.00000 0.00000 0.00000 0.34779 0.72842 1.46021 3.68537 5.74216 -99999.00000 -99999.00000 -99999.00000 -99999.00000 -99999.00000 -99999.00000 -99999.00000 -99999.00000 -99999.00000 -99999.00000 0.23469 0.90867 2.07578 2.95553 2.53363 1.10439 0.07766 0.00000 0.00000 0.00000 0.00000 0.00000 0.00000 0.00000 0.00000 0.24075
-99999.00000 -99999.00000 -99999.00000 -99999.00000 -99999.00000 7.18553 8.35982 5.49090 1.70346 0.71527 0.91554 1.38786 2.30445 5.00576 4.99806 2.42881 1.76115 7.31799 16.92751 14.22891 10.02090 5.42167 1.95632 0.06618 0.00000 0.00000 0.00000 0.00000 0.00000 0.18566 0.88974 1.29363 4.48521 9.63400 -99999.00000 -99999.00000 -99999.00000 -99999.00000 -99999.00000 -99999.00000 -99999.00000 -99999.00000 -99999.00000 -99999.00000 -99999.00000 0.26471 0.66768 0.62717 0.65082 0.34494 0.00000 0.00000 0.00000 0.00000 0.00000 0.00000 0.00000 0.00000 0.00000 0.00000
