DATA/RAW-RASTER/CPC/2017/20170521.asc
ncols			60
nrows			40
xllcorner		70.0
yllcorner		20.0
cellsize		0.5
NODATA_value	-99999
0.00000 0.00000 0.00000 0.00000 0.00000 0.00000 0.00000 0.00000 0.00000 0.00000 0.00000 0.00000 0.00000 0.00000 0.00000 0.00000 0.00000 0.00000 0.00000 0.00000 0.00000 0.00000 0.00000 0.00000 0.00000 0.00000 0.00000 0.00000 0.00000 0.00000 0.00000 0.00000 0.00000 0.00000 0.00000 0.00000 0.00000 0.00000 0.00000 0.00000 0.00000 0.00000 0.00000 0.00000 0.00000 0.00000 0.00000 0.00000 0.00000 0.00000 0.00000 0.00000 0.07393 0.09635 0.09079 0.04852 0.03164 0.09092 0.37492 0.89704
0.00000 0.00000 0.00000 0.00000 0.00000 0.00000 0.00000 0.00000 0.00000 0.00000 0.00000 0.00000 0.00000 0.00000 0.00000 0.00000 0.00000 0.00000 0.00000 0.00000 0.00000 0.00000 0.00000 0.00000 0.00000 0.00000 0.00000 0.00000 0.00000 0.00000 0.00000 0.00000 0.00000 0.00000 0.00000 0.00000 0.00000 0.00000 0.00000 0.00000 0.00000 0.00000 0.00000 0.00000 0.00000 0.00000 0.00000 0.00000 0.00000 0.00000 0.00000 0.00000 0.05016 0.07949 0.06562 0.15243 0.34951 0.63302 1.10593 1.61137
0.00000 0.00000 0.00000 0.00000 0.00000 0.00000 0.00000 0.00000 0.00000 0.00000 0.00000 0.00000 0.00000 0.00000 0.00000 0.00000 0.00000 0.00000 0.00000 0.00000 0.00000 0.00000 0.00000 0.00000 0.00000 0.00000 0.00000 0.00000 0.00000 0.00000 0.00000 0.00000 0.00000 0.00000 0.00000 0.00000 0.00000 0.00000 0.00000 0.00000 0.00000 0.00000 0.00000 0.00000 0.00000 0.00000 0.00000 0.00000 0.00000 0.00000 0.00000 0.00000 0.00000 0.00000 0.00000 0.28941 1.06231 2.15965 3.32059 3.30992
0.00000 0.00000 0.00000 0.00000 0.00000 0.00000 0.00000 0.00000 0.00000 0.00000 0.00000 0.00000 0.00000 0.00000 0.00000 0.00000 0.00000 0.00000 0.00000 0.00000 0.00000 0.00000 0.00000 0.00000 0.00000 0.00000 0.00000 0.00000 0.00000 0.00000 0.00000 0.00000 0.00000 0.00000 0.00000 0.00000 0.00000 0.00000 0.00000 0.00000 0.00000 0.00000 0.00000 0.00000 0.00000 0.00000 0.00000 0.00000 0.00000 0.00000 0.00000 0.00000 0.00000 0.00000 0.00000 0.31580 1.79365 3.87698 6.17214 7.13968
0.00000 0.00000 0.00000 0.00000 0.00000 0.00000 0.00000 0.00000 0.00000 0.00000 0.00000 0.00000 0.00000 0.00000 0.00000 0.00000 0.00000 0.00000 0.00000 0.00000 0.00000 0.00000 0.00000 0.00000 0.00000 0.00000 0.00000 0.00000 0.00000 0.00000 0.00000 0.00000 0.00000 0.00000 0.00000 0.00000 0.00000 0.00000 0.00000 0.00000 0.00000 0.00000 0.00000 0.00000 0.00000 0.00000 0.00000 0.00000 0.00000 0.00000 0.00000 0.00000 0.00000 0.00000 0.00000 0.42807 1.79191 4.70168 8.36831 10.80001
0.00000 0.00000 0.00000 0.00000 0.00000 0.00000 0.00000 0.00000 0.00000 0.00000 0.00000 0.00000 0.00000 0.00000 0.00000 0.00000 0.00000 0.00000 0.00000 0.00000 0.00000 0.00000 0.00000 0.00000 0.00000 0.00000 0.00000 0.00000 0.00000 0.00000 0.00000 0.00000 0.00000 0.00000 0.00000 0.00000 0.00000 0.00000 0.00000 0.00000 0.00000 0.00000 0.03405 0.05598 0.08152 0.07265 0.05457 0.03748 0.00000 0.00000 0.00000 0.00000 0.00000 0.00000 0.00000 0.25502 1.29060 4.01051 8.18973 11.08426
0.00000 0.00000 0.00000 0.00000 0.00000 0.00000 0.00000 0.00000 0.00000 0.00000 0.00000 0.00000 0.00000 0.00000 0.00000 0.00000 0.00000 0.00000 0.00000 0.00000 0.00000 0.00000 0.00000 0.00000 0.00000 0.00000 0.00000 0.00000 0.00000 0.00000 0.00000 0.00000 0.00000 0.00000 0.00000 0.00000 0.00000 0.04151 0.07357 0.10141 0.12667 0.19951 0.30523 0.37060 0.38771 0.32303 0.21093 0.10094 0.03378 0.00000 0.00000 0.00000 0.00000 0.00000 0.03094 0.15576 0.57831 2.20259 6.08750 9.53179
0.00000 0.00000 0.00000 0.00000 0.00000 0.00000 0.00000 0.07487 0.18913 0.25333 0.31641 0.17268 0.06683 0.00000 0.00000 0.00000 0.00000 0.00000 0.00000 0.00000 0.00000 0.00000 0.00000 0.00000 0.00000 0.00000 0.00000 0.00000 0.00000 0.00000 0.00000 0.00000 0.00000 0.02750 0.04438 0.07797 0.13825 0.22281 0.32824 0.45805 0.62826 0.86626 1.11872 1.17517 0.93685 0.71251 0.51149 0.29254 0.12942 0.05316 0.06088 0.04938 0.05596 0.14811 0.14381 0.10384 0.26786 1.34791 3.66583 7.11711
0.00000 0.00000 0.00000 0.00000 0.00000 0.00000 0.06335 0.33055 0.45815 0.52989 0.58412 0.57187 0.47821 0.34587 0.11142 0.00000 0.00000 0.00000 0.00000 0.00000 0.00000 0.00000 0.00000 0.00000 0.00000 0.00000 0.00000 0.00000 0.00000 0.00000 0.00000 0.00000 0.05454 0.12860 0.18411 0.29081 0.48187 0.72938 1.01434 1.37111 1.77050 2.08916 2.19779 1.95638 1.50303 1.16509 0.98127 0.83736 0.56809 0.45895 0.57596 0.83388 0.97570 0.90671 0.71231 0.59899 0.78449 1.67578 3.73812 7.19010
0.26659 0.07789 0.00000 0.00000 0.00000 0.16997 0.54287 0.62105 0.71796 0.85097 0.67367 0.59679 0.64880 0.70275 0.65738 0.38334 0.31152 0.24546 0.13187 0.07158 0.04273 0.02759 0.00000 0.00000 0.00000 0.00000 0.00000 0.00000 0.00000 0.09079 0.19002 0.31686 0.44780 0.50936 0.69718 0.96172 1.34213 1.74968 2.12535 2.51543 2.80372 2.98333 2.95168 2.63056 2.07779 1.43751 1.16885 1.31886 1.67307 2.33867 3.24881 3.92898 3.76117 2.78957 1.76794 1.30430 1.40095 2.51644 5.82135 9.92161
1.26998 1.22964 0.41228 0.07006 0.13589 0.61115 1.39109 1.62527 1.50098 1.35642 1.04858 0.68355 0.75292 1.07260 1.57807 2.36949 2.29587 1.04097 0.53107 0.26922 0.14285 0.08203 0.05089 0.03465 0.02509 0.00000 0.00000 0.00000 0.06798 0.22439 0.54610 1.04592 1.25060 1.47174 1.79758 2.25810 2.67353 2.85408 3.03026 3.25761 3.45755 3.67461 3.73415 3.54722 3.27733 2.66817 2.09230 2.08077 2.86901 4.52992 6.16290 6.74819 6.21756 4.58987 2.77677 1.88191 1.99967 4.66684 11.40190 17.36938
2.78988 2.49085 1.63254 0.77126 0.62672 1.20872 1.73954 1.56424 1.64331 1.03848 1.60106 1.41904 1.15268 1.35956 1.97201 2.47986 2.59198 1.58652 0.74372 0.32767 0.15129 0.07898 0.04649 0.03032 0.02054 0.00000 0.00000 0.02688 0.12245 0.48073 1.08344 1.49258 1.73651 1.88319 2.14751 2.52439 2.78829 3.05754 3.36013 3.67725 3.96209 4.05735 4.09335 4.05829 4.04267 3.80691 3.38200 3.30243 4.11582 5.46337 6.75156 7.35559 6.92865 5.47199 3.96847 3.71788 5.39156 10.54472 18.39143 23.97353
4.36377 3.56198 2.38987 1.36480 1.12887 1.52686 1.57412 1.34148 1.87898 2.11408 3.38272 3.29139 2.09866 1.87404 2.74627 3.35858 2.99782 1.57754 0.64039 0.23445 0.09208 0.04489 0.02612 0.00000 0.00000 0.00000 0.00000 0.03821 0.17432 0.65165 1.28117 1.62528 1.82841 2.01725 2.28895 2.57482 2.76975 3.08395 3.48603 3.70199 3.99078 4.18613 4.32052 4.29952 4.16444 4.11795 4.06086 3.88639 4.19291 4.70371 5.39068 5.86521 5.44073 4.12069 3.36767 4.61575 8.86643 16.13942 23.02006 25.09635
3.55506 2.96227 1.94133 1.15978 1.00607 1.19482 1.10584 0.99400 1.86644 3.46980 4.70622 4.10522 3.53145 5.04791 7.62384 5.22786 3.48308 1.82650 0.54416 0.13675 0.04336 0.00000 0.00000 0.00000 0.00000 0.00000 0.00000 0.04772 0.23782 0.78499 1.38785 1.71115 1.89415 2.08656 2.34614 2.60968 2.80382 3.02197 3.22693 3.38877 3.57666 3.92145 4.20848 4.29769 4.38813 4.43781 4.48387 4.35738 3.61465 2.84711 2.62102 3.06938 2.96436 2.24979 2.09292 3.51737 8.02908 15.15304 20.34887 20.89978
1.94553 1.32139 0.79458 0.49029 0.37428 0.43603 0.59053 1.07357 2.66768 4.00588 7.29165 6.72518 4.16091 5.62956 7.37121 4.97356 4.17711 2.14129 0.62510 0.10092 0.00000 0.00000 0.00000 0.00000 0.00000 0.00000 0.00000 0.08090 0.48447 0.93066 1.37644 1.70286 1.88455 2.08899 2.35977 2.56930 2.77327 2.98567 3.20086 3.36988 3.45298 3.42249 3.41543 3.61700 4.19753 5.02765 5.71910 5.57483 4.36956 2.46843 1.42784 1.59395 1.73024 1.63462 1.77982 2.92697 5.16187 8.21919 10.53501 9.97194
0.90675 0.36817 0.19051 0.12590 0.07110 0.17114 0.93300 3.33086 8.07451 15.07771 19.13206 12.34792 4.03708 4.68289 7.86827 7.60276 4.83741 2.58266 0.98119 0.23663 0.04008 0.00000 0.00000 0.00000 0.00000 0.00000 0.00000 0.25379 0.74321 1.14303 1.38407 1.64913 1.86431 2.12631 2.41592 2.56682 2.69926 2.86021 3.11080 3.31043 3.37621 3.22712 2.96623 2.89932 3.55865 4.97213 6.79786 7.47494 6.28290 3.75271 2.05035 1.58651 1.46230 1.36240 1.67239 2.53183 3.59457 4.30510 4.73051 4.10024
0.81832 0.19093 0.05418 0.02095 0.00000 0.09690 0.92461 3.00935 9.27134 31.75126 32.50539 18.28202 8.65396 6.48607 6.60026 9.57312 6.57952 3.60883 1.81138 0.70510 0.24946 0.07021 0.02824 0.02732 0.00000 0.00000 0.04336 0.53623 1.00353 1.40566 1.54540 1.63398 1.83977 2.08234 2.22066 2.33175 2.46597 2.61733 2.94009 3.24254 3.37043 3.26732 2.98223 2.97464 3.32817 4.48566 6.84094 7.59400 6.57897 4.22583 2.40792 1.81749 1.35461 0.91278 1.00233 1.83688 2.86874 3.40481 3.41307 3.17456
0.96582 0.35648 0.10902 0.00000 0.00000 0.00000 0.54663 2.62298 8.17295 23.58229 23.87428 11.56191 6.88530 10.80501 16.47662 14.23378 9.44966 4.60966 2.42266 1.20536 0.57868 0.26253 0.10453 0.06434 0.03102 0.03733 0.26471 0.83698 1.26009 1.56789 1.58144 1.59555 1.75395 2.05628 2.19499 2.30999 2.37785 2.41205 2.79554 3.20512 3.29223 3.18556 2.96083 2.89666 3.16863 4.28950 6.10940 6.68031 5.50999 3.73717 2.27807 1.69727 1.13671 0.52903 0.42303 1.08139 2.16022 2.67601 2.49490 2.39743
0.67031 0.28857 0.04045 0.00000 0.00000 0.00000 0.08012 2.08729 6.04061 11.26879 9.70495 3.37112 2.28364 5.32733 14.07650 17.20998 12.19876 4.33329 2.04803 1.20262 0.60283 0.32921 0.15322 0.08580 0.07458 0.26149 0.68872 1.19129 1.64271 1.79052 1.67456 1.36459 1.31340 1.69953 2.02268 2.25487 2.28713 2.33314 2.60564 2.88804 2.89681 2.62786 2.38821 2.60367 3.10811 4.04602 5.10862 5.63367 4.96189 3.68016 2.31229 1.52082 1.01924 0.53900 0.38963 0.65499 1.09648 1.20851 1.08724 0.98461
0.20500 0.05638 0.00000 0.00000 0.00000 0.00000 0.02595 0.54860 1.49565 1.73665 1.97586 1.59738 0.69294 2.07068 8.98700 17.20667 12.89341 2.92241 1.82831 1.20077 0.56544 0.25072 0.11903 0.08894 0.15980 0.38135 0.91394 1.76351 2.30591 2.61413 2.01413 1.11251 0.70736 1.01194 1.52161 2.00533 2.22731 2.29860 2.41127 2.34524 1.92857 1.21508 0.88977 1.25163 2.01853 2.93014 3.96575 4.43444 5.00925 4.78100 3.88641 2.50284 1.35753 0.72342 0.43936 0.39632 0.36299 0.23343 0.17608 0.16264
0.00000 0.00000 0.00000 0.00000 0.00000 0.00000 0.16357 0.15496 0.00000 0.00000 0.06840 0.32778 0.76782 2.45536 5.07696 6.76897 4.62636 2.77114 1.94608 1.10773 0.45186 0.15013 0.08207 0.09591 0.15722 0.40504 1.11375 2.33875 3.82405 4.09034 2.68335 1.20863 0.54642 0.44189 0.78392 1.39330 1.91231 2.09143 2.04949 1.79388 1.03306 0.33544 0.12794 0.31736 0.81096 1.62490 2.80520 3.93003 5.40267 5.18927 4.90687 3.83961 2.14284 1.12320 0.46085 0.17159 0.00000 0.00000 0.00000 0.00000
0.00000 0.00000 0.00000 0.00000 0.42593 1.70135 2.18527 1.62988 0.38413 0.00000 0.00000 0.06403 0.84565 2.58601 3.21154 2.48005 3.74500 5.38384 3.24474 0.78530 0.29495 0.05403 0.04163 0.07538 0.21349 0.86341 1.99145 3.34733 4.39506 4.22799 2.68760 1.18057 0.42667 0.20396 0.34103 0.88232 1.59796 1.93589 1.86027 1.57663 0.83678 0.25500 0.07823 0.12410 0.29034 0.82043 2.01389 4.03580 5.20924 6.21676 5.67664 4.68413 3.52204 2.02763 0.74427 0.08565 0.00000 0.00000 0.00000 0.00000
0.00000 0.00000 0.31517 1.87284 4.14053 6.85780 7.53541 5.76341 2.56570 0.02896 0.00000 0.00000 0.74423 3.07881 6.24344 4.50261 6.05595 8.93463 4.01314 0.63078 0.10385 0.02034 0.00000 0.00000 0.27498 1.70993 3.88738 5.93060 6.59555 4.85904 2.67052 1.20110 0.50375 0.15094 0.17989 0.75235 1.59517 1.86883 1.64274 1.33947 0.89278 0.44876 0.21081 0.12434 0.10248 0.35184 1.58170 4.34018 8.66036 12.31210 10.68490 9.34229 5.30503 3.37649 1.28400 0.22922 0.00000 0.00000 0.00000 0.00000
0.00000 0.33722 2.42879 6.09267 10.58692 13.13254 13.12696 10.43098 5.06692 0.64442 0.00000 0.00000 0.34342 2.40534 5.20376 4.29950 3.69383 4.28511 1.67220 0.13014 0.00000 0.00000 0.00000 0.00000 0.00000 1.42022 3.56914 6.65922 9.14993 6.12931 2.12375 1.23724 1.08886 0.69299 0.63271 1.36147 2.47023 2.27662 1.22971 1.09648 1.11089 0.90985 0.55669 0.41361 0.25456 0.67078 4.86376 16.23951 23.33698 21.05472 18.02639 17.36887 11.86181 5.51729 2.30719 0.47164 0.03415 0.00000 0.00000 0.00000
0.26261 1.60606 4.96616 11.16671 16.86565 17.59812 16.11448 14.17095 8.79147 2.09227 0.21912 0.27533 0.25216 0.92332 1.60329 1.19822 0.67211 0.80037 0.28588 0.00000 0.00000 0.00000 0.00000 0.00000 0.00000 0.62818 1.22645 2.87346 4.89108 3.45338 1.07661 1.46361 2.89023 2.77881 1.78413 2.74300 6.19957 4.84426 1.74951 2.04414 2.28058 2.91112 2.44554 1.70259 2.19789 5.15820 15.64982 34.22141 37.45360 24.94753 18.01845 15.99972 14.68533 7.16080 3.31620 1.06339 0.06382 0.00000 0.00000 0.00000
0.44025 1.16559 4.59206 12.98807 20.93633 21.79378 20.73263 19.51904 15.42818 9.18281 4.87065 3.38433 1.92457 0.79047 0.22153 0.11705 0.00000 0.00000 0.02233 0.08252 0.06604 0.03872 0.00000 0.00000 0.00000 0.12802 0.16278 0.65638 1.25778 0.70674 0.50090 2.16997 4.86112 4.48881 1.90258 3.01242 9.72458 11.30793 7.60894 5.38730 5.74154 8.73396 10.40876 7.89017 10.50110 11.75785 20.32200 35.62009 33.25862 19.32384 14.04558 13.02587 12.19331 9.39775 4.76959 1.39252 0.02728 0.00000 0.00000 0.00000
0.25072 0.58633 3.24840 10.83411 18.72100 22.02369 23.37815 23.90474 23.22612 19.99905 11.54825 6.44659 3.76458 1.55737 0.18081 0.00000 0.00000 0.00000 0.05826 0.18659 0.30338 0.16265 0.05491 0.03148 0.00000 0.00000 0.00000 0.06230 0.02691 0.00000 0.00000 0.90329 2.24117 1.71878 0.45484 0.68523 1.96431 5.99344 9.91177 9.41326 9.67021 11.25187 12.36924 12.42118 11.80441 6.62200 8.35584 10.40545 9.75981 11.89045 12.21817 12.13850 11.32174 6.99876 3.15492 0.58653 0.00000 0.00000 0.00000 0.00000
0.11901 0.68677 2.21037 6.88494 14.81373 22.24841 24.56101 23.43134 23.24124 20.65579 12.50635 6.29232 3.04535 1.03347 0.06843 0.00000 0.00000 0.00000 0.03245 0.15239 0.33400 0.29691 0.13866 0.05656 0.00000 0.00000 0.00000 0.00000 0.00000 0.00000 0.00000 0.03456 0.12784 0.00000 0.00000 0.20185 5.03877 13.54083 18.47006 13.95310 10.75082 9.50404 7.78045 6.56264 3.97329 1.58313 2.16146 2.17665 2.66272 4.98348 7.40059 8.46823 5.62689 2.29308 0.92828 0.00000 0.00000 0.00000 0.00000 0.00000
0.00000 0.24193 0.60244 3.38169 10.29639 17.65849 20.27818 18.05908 14.79534 11.39633 6.44757 2.39829 0.88636 0.05392 0.00000 0.00000 0.00000 0.06095 0.32130 0.21160 0.06990 0.10071 0.07249 0.00000 0.00000 0.00000 0.00000 0.00000 0.00000 0.00000 0.00000 0.00000 0.00000 0.00000 0.00000 1.90980 9.55176 24.35299 33.80896 20.27678 12.81195 9.95146 8.03352 4.12896 2.69961 0.96819 0.64498 0.74797 0.71088 1.57133 3.07820 3.00075 1.51229 0.61772 0.14244 0.00000 0.00000 0.00000 0.00000 0.00000
0.00000 0.35968 1.11910 3.25158 7.69348 11.63779 13.43839 11.59944 7.76400 5.41147 2.61497 0.38207 0.02952 0.00000 0.00000 0.00000 0.00000 0.27986 1.00288 0.62766 0.07958 0.00000 0.00000 0.00000 0.00000 0.00000 0.00000 0.00000 0.00000 0.00000 0.00000 0.00000 0.00000 0.00000 0.00000 1.61292 6.03977 13.52179 17.23275 14.32169 14.03478 15.37086 15.67033 15.96057 12.18862 4.37630 1.69105 1.52885 1.05579 1.08676 1.49244 1.21756 0.59519 0.04337 0.00000 0.00000 0.00000 0.00000 0.00000 0.00000
0.00000 0.86607 2.19383 4.24108 6.76569 9.30826 9.40992 9.00045 5.07448 1.66183 1.16450 0.21778 0.00000 0.00000 0.00000 0.00000 0.00000 0.15132 0.69385 0.48333 0.07060 0.00000 0.00000 0.00000 0.00000 0.00000 0.00000 0.00000 0.00000 0.00000 0.00000 0.00000 0.00000 0.00000 0.00000 0.65346 1.55405 1.52296 1.38694 4.61258 11.50786 15.02991 17.43911 23.43767 15.20683 4.79867 2.70161 2.65323 2.33123 1.87891 1.63462 0.91835 0.27565 0.00000 0.00000 0.00000 0.00000 0.00000 0.00000 0.00000
0.00000 1.06886 2.59251 3.95729 5.06347 5.64622 5.44245 6.31628 4.77075 2.09945 0.47860 0.00000 0.00000 0.00000 0.00000 0.00000 0.00000 0.05972 0.18220 0.15520 0.02576 0.00000 0.00000 0.00000 0.00000 0.00000 0.00000 0.00000 0.00000 0.00000 0.00000 0.41539 0.13664 0.00000 0.00000 0.00000 0.00000 0.00000 0.00000 0.60359 3.85539 5.04039 3.77607 3.81836 4.29262 3.57889 1.96115 2.48422 2.57670 2.16717 1.58214 0.76541 0.24354 0.02905 0.00000 0.00000 0.00000 0.00000 0.00000 0.00000
0.00000 0.32263 1.52217 2.45537 2.66106 1.72842 1.65009 3.05058 2.88182 1.10947 0.07558 0.00000 0.00000 0.00000 0.00000 0.00000 0.00000 0.00000 0.00000 0.00000 0.00000 0.00000 0.00000 0.00000 0.00000 0.00000 0.00000 0.00000 0.00000 0.05117 0.54239 3.56056 2.83814 0.31224 0.00000 0.00000 0.00000 0.00000 0.00000 0.00000 0.13241 0.00000 0.00000 0.61415 2.57229 2.98537 1.83937 1.53595 1.42476 1.28724 0.92675 0.53150 0.20076 0.02660 0.00000 0.00000 0.00000 0.00000 0.00000 0.00000
0.00000 0.00000 0.19231 0.84970 1.05039 1.13342 2.07561 2.34448 1.35493 0.05434 0.00000 0.00000 0.00000 0.00000 0.00000 0.00000 0.00000 0.00000 0.00000 0.00000 0.00000 0.00000 0.00000 0.00000 0.00000 0.00000 0.00000 0.00000 0.00000 0.80895 3.20496 13.82219 16.05680 5.38099 0.00000 0.00000 0.00000 0.00000 0.00000 0.00000 0.00000 0.00000 0.00000 0.87705 3.60345 3.15518 1.43812 0.91290 0.78856 0.79325 0.59718 0.35380 0.13491 0.02011 0.00000 0.00000 0.00000 0.00000 0.00000 0.00000
0.00000 0.00000 0.00000 0.28750 1.54648 3.77391 3.93574 2.63389 1.34417 0.05561 0.00000 0.00000 0.00000 0.00000 0.00000 0.00000 0.00000 0.00000 0.00000 0.00000 0.00000 0.00000 0.00000 0.00000 0.00000 0.00000 0.00000 0.00000 0.00000 1.66286 10.73940 30.68905 41.83475 17.82592 0.75813 0.00000 0.00000 0.00000 0.00000 0.00000 0.00000 0.03144 1.14101 1.86745 4.50885 3.64049 1.75196 0.86232 0.69992 0.72200 0.59430 0.33029 0.09753 0.00000 0.00000 0.00000 0.00000 0.00000 0.00000 0.00000
0.00000 0.00000 0.00000 0.09131 1.35320 3.20562 2.68459 1.94264 1.16272 0.09676 0.00000 0.00000 0.00000 0.00000 0.00000 0.00000 0.00000 0.00000 0.00000 0.00000 0.00000 0.00000 0.00000 0.00000 0.00000 0.00000 0.00000 0.00000 0.00000 0.00000 7.43188 20.62415 24.01521 10.19837 0.14138 0.00000 0.00000 0.00000 0.00000 0.00000 0.00000 0.12955 1.50099 1.12041 2.29467 2.79780 1.89729 0.82545 0.53575 0.53361 0.52296 0.38041 0.07774 0.00000 0.00000 0.00000 0.00000 0.00000 0.00000 0.00000
0.00000 0.00000 0.00000 0.00000 0.21500 0.89769 1.12842 0.94435 0.57015 0.03752 0.00000 0.00000 0.00000 0.00000 0.00000 0.00000 0.00000 0.00000 0.00000 0.00000 0.00000 0.00000 0.00000 0.00000 0.00000 0.00000 0.00000 0.00000 0.00000 0.00000 0.84956 4.51614 4.88837 0.57693 0.00000 0.00000 0.00000 0.00000 0.00000 0.00000 0.00000 -99999.00000 -99999.00000 0.19030 0.33151 0.73262 1.15030 0.60791 0.33843 0.35067 0.39031 0.24050 0.02505 0.00000 0.00000 0.00000 0.00000 0.08533 0.31266 0.31537
0.00000 0.00000 0.00000 0.00000 0.00000 0.05379 0.23219 0.22688 0.10082 0.00000 0.00000 0.00000 0.00000 0.00000 0.00000 0.00000 0.00000 0.00000 0.00000 0.00000 0.00000 0.00000 0.00000 0.00000 0.00000 0.00000 0.00000 0.00000 0.00000 0.00000 0.00000 0.00000 0.00000 0.00000 0.00000 -99999.00000 -99999.00000 -99999.00000 -99999.00000 -99999.00000 -99999.00000 -99999.00000 -99999.00000 0.00000 0.00000 0.00000 0.18962 0.28076 0.19616 0.23661 0.24073 0.06017 0.00000 0.00000 0.00000 0.00000 0.36609 0.79844 1.12821 1.37377
0.00000 0.00000 0.00000 0.00000 -99999.00000 0.00000 0.00000 0.00000 0.00000 0.00000 0.00000 0.00000 0.00000 0.00000 0.00000 0.00000 0.00000 0.00000 0.00000 0.00000 0.00000 0.00000 0.00000 0.00000 0.00000 0.00000 0.00000 0.00000 0.00000 0.00000 0.00000 0.00000 0.00000 0.00000 -99999.00000 -99999.00000 -99999.00000 -99999.00000 -99999.00000 -99999.00000 -99999.00000 -99999.00000 -99999.00000 -99999.00000 0.00000 0.00000 0.00000 0.04782 0.11366 0.11769 0.00000 0.00000 0.00000 0.00000 0.00000 0.00000 0.20841 0.80344 1.45087 2.41868
-99999.00000 -99999.00000 -99999.00000 -99999.00000 -99999.00000 0.00000 0.00000 0.00000 0.00000 0.00000 0.00000 0.00000 0.00000 0.00000 0.00000 0.00000 0.00000 0.00000 0.00000 0.00000 0.00000 0.00000 0.00000 0.00000 0.00000 0.00000 0.00000 0.00000 0.00000 0.00000 0.00000 0.00000 0.00000 0.00000 -99999.00000 -99999.00000 -99999.00000 -99999.00000 -99999.00000 -99999.00000 -99999.00000 -99999.00000 -99999.00000 -99999.00000 -99999.00000 0.00000 0.00000 0.00000 0.00000 0.00000 0.00000 0.00000 0.00000 0.00000 0.00000 0.00000 0.00000 0.19856 0.72683 1.65322
