DATA/RAW-RASTER/CPC/2017/20170724.asc
ncols			60
nrows			40
xllcorner		70.0
yllcorner		20.0
cellsize		0.5
NODATA_value	-99999
0.00000 0.00000 0.00000 0.00000 0.00000 0.00000 0.00000 0.05102 0.12795 0.34759 0.34907 0.17280 0.16262 0.23824 0.29692 0.24533 0.12485 0.09849 0.26688 0.59369 1.02282 1.32206 1.42746 1.44760 1.43305 1.38736 1.33908 1.17221 0.90031 0.47982 0.25363 0.13026 0.06267 0.02919 0.00000 0.00000 0.00000 0.00000 0.00000 0.00000 0.00000 0.00000 0.00000 0.00000 0.00000 0.00000 0.00000 0.00000 0.00000 0.00000 0.00000 0.00000 0.00000 0.00000 0.00000 0.00000 0.00000 0.00000 0.05443 0.05600
0.00000 0.00000 0.00000 0.00000 0.00000 0.00000 0.03028 0.19014 0.60850 0.80859 0.43219 0.11569 0.07823 0.12691 0.15923 0.14957 0.12045 0.13921 0.27328 0.55831 0.94152 1.27026 1.43644 1.49869 1.53171 1.56009 1.51966 1.24980 0.88694 0.33039 0.16277 0.07432 0.02763 0.00000 0.00000 0.00000 0.00000 0.00000 0.00000 0.00000 0.00000 0.00000 0.00000 0.00000 0.00000 0.00000 0.00000 0.00000 0.00000 0.00000 0.02677 0.06558 0.02616 0.00000 0.00000 0.00000 0.00000 0.19346 0.49200 0.33644
0.00000 0.00000 0.00000 0.00000 0.00000 0.06562 0.19204 0.50211 1.42967 1.86314 1.36027 0.56823 0.24011 0.18645 0.18591 0.20139 0.24764 0.35977 0.58994 0.94657 1.31386 1.59388 1.74248 1.82477 1.85554 1.81210 1.71455 1.38639 0.75396 0.23782 0.09276 0.03705 0.00000 0.00000 0.00000 0.00000 0.00000 0.00000 0.00000 0.00000 0.00000 0.00000 0.00000 0.00000 0.00000 0.00000 0.00000 0.00000 0.00000 0.16819 0.38318 0.42578 0.38273 0.16608 0.00000 0.00000 0.43512 2.49106 3.54790 2.40788
0.00000 0.00000 0.00000 0.00000 0.00000 0.18530 0.77771 1.98290 3.19581 3.12690 2.40658 1.24425 0.52322 0.25989 0.22790 0.26823 0.37408 0.60156 1.07258 1.64753 2.04531 2.25723 2.36389 2.39724 2.36126 2.28171 2.11022 1.73455 0.90917 0.21172 0.05618 0.00000 0.00000 0.00000 0.00000 0.00000 0.00000 0.00000 0.00000 0.00000 0.00000 0.00000 0.00000 0.00000 0.00000 0.00000 0.00000 0.00000 0.09184 0.40141 0.59104 0.62690 0.54667 0.23365 0.28819 0.96777 3.17757 7.05957 11.13205 12.25885
0.00000 0.00000 0.00000 0.00000 0.02081 0.35172 1.17600 2.39082 3.35304 3.91231 2.96141 1.63698 0.72798 0.38253 0.31724 0.35489 0.43848 0.77664 1.55301 2.26645 2.55985 2.67489 2.73611 2.75348 2.72830 2.67776 2.57732 2.15113 1.24474 0.42891 0.07638 0.00000 0.00000 0.00000 0.00000 0.00000 0.00000 0.00000 0.00000 0.00000 0.00000 0.00000 0.00000 0.00000 0.00000 0.00000 0.00000 0.03387 0.22707 0.38966 0.53619 0.57371 0.47497 0.28034 0.28125 0.95610 3.50274 9.37110 17.32342 23.42293
0.00000 0.00000 0.00000 0.00000 0.03046 0.33840 1.04691 1.93070 2.69688 3.65380 3.34946 1.99028 0.93539 0.55717 0.45294 0.50737 0.64528 1.14204 2.04217 2.61950 2.75893 2.80810 2.87618 2.90896 2.90006 2.87914 2.84904 2.61131 1.76873 0.75773 0.19495 0.00000 0.00000 0.00000 0.00000 0.00000 0.00000 0.00000 0.00000 0.00000 0.00000 0.00000 0.00000 0.00000 0.00000 0.00000 0.00000 0.00000 0.07624 0.16037 0.26502 0.32931 0.28854 0.16146 0.12406 0.58214 2.67961 8.03794 16.62510 24.01310
0.00000 0.00000 0.00000 0.00000 0.00000 0.00000 0.47990 1.30075 2.04999 3.14572 3.37784 2.28089 1.19530 0.78468 0.67474 0.83855 1.19971 1.85262 2.51657 2.86250 2.97014 2.91737 2.98825 3.08129 3.16563 3.18821 3.27788 3.26157 2.58030 1.25707 0.36723 0.08934 0.00000 0.00000 0.00000 0.02525 0.00000 0.06690 0.12054 0.15301 0.16995 0.24714 0.32744 0.23014 0.08218 0.02515 0.00000 0.00000 0.00000 0.00000 0.03952 0.14223 0.22888 0.27525 0.40470 0.70151 1.58319 4.64723 11.82668 17.95200
0.00000 0.00000 0.00000 0.00000 0.00000 0.00000 0.00000 0.50091 1.14934 1.60240 2.02270 1.69742 0.95634 0.72453 0.91734 1.17124 1.63420 2.26504 2.80253 3.05396 3.24277 3.21255 3.34634 3.57988 3.67482 3.68767 3.70363 3.56676 2.96693 1.72329 0.62110 0.17380 0.04993 0.05884 0.09489 0.15540 0.25337 0.40385 0.58554 0.82168 1.16509 1.55163 1.83557 1.58868 0.83577 0.34198 0.12503 0.06004 0.03214 0.00000 0.03651 0.19713 0.44933 0.73071 0.97578 1.06338 1.65972 3.86987 6.98529 10.89456
0.00000 0.00000 0.00000 0.00000 0.00000 0.00000 0.09021 0.27159 0.39792 0.50575 0.54921 0.17394 0.03154 0.27189 1.05418 1.48484 1.88653 2.38731 2.76891 3.04277 3.21541 3.38895 3.50370 3.56025 3.57827 3.56665 3.52960 3.40217 3.00427 2.06881 0.94553 0.30779 0.07901 0.21794 0.34595 0.56037 0.94862 1.51783 2.25806 3.26961 4.35230 5.13909 5.05284 3.77813 1.99712 0.75074 0.25670 0.26204 0.25195 0.22685 0.37282 0.77902 1.59070 2.97820 4.28423 4.66159 5.58940 6.81370 7.93482 8.55034
0.00000 0.00000 0.00000 0.00000 0.08450 0.55241 1.00165 0.62678 0.42058 0.32467 0.08554 0.00000 0.00000 0.00000 0.25220 1.35118 1.95717 2.36836 2.73619 2.79511 2.89031 3.03980 3.08291 3.03727 3.00631 2.97352 2.98153 2.96237 2.75580 2.15786 1.31767 0.52324 0.15480 0.32503 0.93479 1.71401 3.34158 4.50376 5.61134 6.89727 7.86492 8.42722 8.10067 6.62298 4.23007 1.65917 0.58952 0.89056 1.23668 1.49009 2.08465 2.93191 4.42564 7.01543 9.38733 10.65121 11.45990 11.33745 11.29503 8.65336
0.00000 0.00000 0.00000 0.18378 0.74640 1.99075 3.79652 2.52230 0.77703 0.26013 0.00000 0.00000 0.00000 0.03191 0.38229 0.99548 2.21288 2.81931 2.78580 2.75840 2.65489 2.51090 2.32453 1.97949 1.85463 2.10677 2.47230 2.66565 2.61021 2.21398 1.42941 0.60767 0.77731 1.52107 2.42922 3.51947 5.21982 6.58699 8.00630 9.34590 10.33520 11.27880 11.52260 10.65767 9.42592 6.71567 4.11198 3.13164 2.86573 2.94822 3.56824 4.05785 5.03721 7.45418 10.54019 11.84321 12.07423 12.84392 12.85195 10.17318
0.00000 0.00000 0.09779 0.46988 1.00372 2.41400 3.74910 1.98035 0.39290 0.02050 0.00000 0.04125 0.27662 0.66733 1.14569 1.49617 2.12681 1.98368 1.39114 1.18504 1.06158 1.04513 1.07600 1.09484 1.06328 1.15936 1.29715 1.43237 1.52829 1.37342 0.96114 0.61683 1.15279 1.51616 2.04831 2.90926 4.12230 5.80274 8.00586 10.52081 12.48606 13.17169 13.30477 13.11714 13.07378 11.82602 9.36955 6.92514 4.83221 3.60992 3.64987 3.90701 4.52222 6.33997 9.49155 11.63400 11.89514 11.17853 10.26480 9.72254
0.00000 0.00000 0.03560 0.44104 0.82500 1.33028 1.06190 0.41896 0.03223 0.00000 0.12755 0.75899 1.16907 1.33238 1.77886 2.13451 2.35325 1.54315 0.77001 0.54463 0.48459 0.50039 0.51876 0.53369 0.56496 0.60585 0.72144 0.84863 0.92355 0.78025 0.69251 0.62256 0.84812 1.11326 1.48257 2.01175 2.75045 4.16171 6.44146 8.83092 11.75521 13.70351 14.64912 14.51720 13.72879 13.16693 11.90407 8.46583 5.25855 3.35401 2.99867 3.30185 3.97289 5.13150 6.52874 8.11127 9.16624 9.24962 9.14816 8.77598
0.00000 0.00000 0.00000 0.27730 0.60684 0.99678 1.21136 1.30736 0.64354 0.35181 1.25072 2.61665 4.92822 5.76255 5.75054 4.56134 3.36882 1.62781 0.68439 0.45901 0.42498 0.41579 0.42715 0.43133 0.44692 0.49794 0.62154 0.69236 0.79509 0.83879 0.75270 0.67784 0.74723 0.87194 1.10451 1.44299 1.94712 2.63405 3.59186 5.04307 7.36948 10.75733 13.32400 14.24459 14.62396 13.75285 11.98779 9.36381 5.48961 2.48925 1.39962 2.06564 3.48850 4.71254 5.15091 5.43328 6.31674 7.35149 7.76671 7.30319
0.00000 0.00000 0.00000 0.00000 0.05249 0.25714 1.03989 1.35648 0.38179 0.70684 4.32496 12.07026 22.54540 17.47623 11.13111 6.34602 3.97254 1.45237 0.61932 0.43966 0.44440 0.42797 0.42887 0.43598 0.46152 0.54876 0.72234 0.94740 1.21155 1.11166 0.77124 0.67987 0.71312 0.76085 0.89076 1.07485 1.41412 1.92904 2.51569 3.15234 4.12559 5.59470 7.44416 9.30696 11.73464 13.72442 14.37575 12.90975 8.91683 3.54411 0.93019 1.33804 2.94839 4.39488 4.69257 4.44664 3.81130 3.78949 3.95504 3.51106
0.00000 0.00000 0.00000 0.00000 0.00000 0.00000 0.13806 0.33185 0.00000 0.35562 5.56816 18.84476 32.36770 23.27721 12.51249 9.83204 3.16421 1.00408 0.64191 0.48413 0.43972 0.43338 0.45855 0.50978 0.65132 0.88853 1.19262 1.55038 1.82261 1.53330 0.98748 0.70755 0.69004 0.72233 0.83846 0.95800 1.17241 1.52516 2.02332 2.45696 2.82030 3.36522 4.05948 4.88732 7.11735 11.75571 17.03926 18.52666 14.98035 7.52784 2.75873 1.70254 2.26977 2.93974 3.03896 2.48875 1.76970 1.43203 1.41446 1.19073
0.00000 0.00000 0.00000 0.00000 0.00000 0.00000 0.00000 0.00000 0.00000 0.00000 1.45969 9.12263 11.97233 7.56649 2.68561 5.35310 2.53024 0.93016 0.75603 0.66208 0.57799 0.56330 0.58594 0.73830 1.07336 1.47318 1.93847 2.40432 2.59225 2.25423 1.54841 0.90959 0.71721 0.65956 0.65316 0.69664 0.83035 1.14219 1.76084 2.28167 2.53955 2.76268 3.06034 3.44706 4.62294 8.95867 16.50316 18.71300 15.85233 8.81912 3.16129 1.44720 1.24167 1.15064 1.07799 1.00191 0.81480 0.76340 0.52750 0.00000
0.00000 0.00000 0.00000 0.00000 0.00000 0.00000 0.00000 0.00000 0.00000 0.00000 0.36922 2.34590 1.47898 1.42363 2.54843 3.76474 3.62438 2.07535 1.43331 1.06403 0.91486 0.97378 1.09616 1.32573 1.70972 2.06237 2.64997 2.94164 2.98419 2.66692 2.00260 1.28407 0.92819 0.78541 0.68340 0.64877 0.64643 0.78609 1.50931 2.22981 2.45299 2.58538 2.78755 2.97628 3.78580 7.36049 13.34692 15.25178 12.03292 6.77153 2.33571 0.94483 0.68993 0.43787 0.36757 0.64254 1.01931 1.27802 1.13756 0.29980
0.00000 0.00000 0.00000 0.00000 0.00000 0.00000 0.00000 0.00000 0.00000 0.25691 1.97906 3.37544 5.11895 3.29461 3.49501 6.34267 9.92135 8.21143 4.50217 2.41591 1.23894 1.21401 1.56680 2.01106 2.64089 3.20536 3.55730 3.70481 3.96048 4.09159 3.29632 2.28435 1.56344 1.13976 0.93858 0.82457 0.69649 0.76338 1.36647 2.01533 2.24439 2.27489 2.45970 3.06110 4.06367 6.29332 8.99287 9.77280 7.54849 4.21437 1.80168 0.86885 0.60997 0.44054 0.50502 1.06354 2.28386 3.42256 3.36611 2.19776
0.00000 0.00000 0.00000 0.00000 0.00000 0.00000 0.00000 0.00000 0.09157 0.91838 3.32927 6.03488 9.65711 6.37445 4.87101 8.62460 11.53569 8.97394 8.07348 5.56368 2.16506 1.44304 1.90510 2.82737 3.44308 4.08675 4.40402 4.09294 4.58841 5.43385 5.45982 4.07530 2.80640 2.05950 1.69394 1.64268 1.61335 1.71715 2.04177 2.06938 1.72812 1.13879 0.97609 1.70221 2.95283 4.10341 4.49958 3.70841 2.80703 2.04099 1.64073 1.30019 0.98216 0.92479 1.23294 2.40342 4.31536 5.78486 6.04860 4.26654
0.00000 0.00000 0.00000 0.00000 0.00000 0.00000 0.00000 0.02150 0.36039 1.66265 3.64903 4.96662 5.93365 4.30039 5.36308 9.42319 7.15472 8.26553 8.72232 6.47758 3.52009 2.55220 3.90378 5.35722 4.90984 4.25173 4.25631 5.03345 5.95789 6.73795 6.77027 5.42607 3.75484 2.89378 2.62474 2.69079 3.07587 3.33762 3.05969 2.37730 1.23053 0.37907 0.19380 0.69877 1.82907 2.46903 2.16026 1.47069 1.06594 0.99096 1.74067 2.36510 2.37426 2.34058 2.17109 3.58291 5.06910 6.30229 7.65639 7.89315
0.00000 0.00000 0.00000 0.00000 0.00000 0.00000 0.00000 0.00000 0.50121 1.62395 3.21149 4.59121 5.28800 7.16015 14.15530 21.84618 15.85536 15.61131 19.63400 13.43741 8.10731 5.24490 7.07494 7.20714 8.65772 9.42006 6.54584 5.97654 5.51008 6.19570 6.51467 5.45251 3.86201 2.72758 2.53203 2.68004 3.27644 3.75806 3.24186 2.41875 1.26894 0.47996 0.41084 1.00212 2.02559 2.49540 2.21096 1.93434 1.72060 3.29469 4.71047 5.75366 6.34942 5.65285 4.03661 3.76281 4.76877 5.97114 8.85585 14.33929
0.00000 0.00000 0.11026 0.37846 0.70293 0.57072 0.04563 0.02904 0.65245 1.14489 1.70862 2.62311 4.36474 7.76487 13.10357 21.27285 18.85795 19.60320 23.93378 21.16143 14.66908 10.89685 11.09912 11.69266 14.04463 13.90054 11.72714 10.63371 8.40485 7.08926 7.49591 6.55575 4.21553 2.63934 2.40596 2.62596 3.22925 3.35624 2.83973 2.33030 1.71462 1.08799 1.22670 1.91389 2.57639 2.77075 2.66080 3.85350 9.66127 20.85987 24.55077 24.59410 12.87085 9.09669 5.67620 4.28658 4.13756 4.70509 7.81247 15.51672
0.00000 0.21744 1.49703 3.46697 4.90724 3.27482 0.77902 0.20835 0.68105 0.88966 0.46273 0.36841 2.02289 5.35995 8.07365 11.97605 14.42365 17.93430 22.56338 17.34333 11.57804 12.60766 15.86260 16.60205 16.54257 12.98425 11.26146 13.66524 14.98780 13.89775 11.09749 9.00380 5.57297 3.25426 2.49440 2.66611 3.23329 3.11954 2.38883 2.43099 2.31191 1.66910 1.53845 2.06355 2.32017 2.35184 5.08650 14.66161 34.09972 52.32180 57.70932 58.87774 40.37363 16.19917 8.43624 4.95346 4.15024 4.05399 5.65424 12.46321
0.13909 1.42544 4.39076 9.33534 12.52076 9.10912 3.87015 2.67968 1.95304 0.82134 0.10888 0.00000 0.65908 3.62548 5.61273 7.35234 8.92201 10.79772 11.42933 6.19635 6.21593 11.74440 18.25208 21.33737 20.47922 12.31379 5.97839 8.18976 13.47581 17.44834 20.98301 13.77377 7.14768 5.06977 3.17488 3.67612 6.09603 4.15290 2.89883 3.83216 3.33223 2.54502 1.37256 1.11338 1.52178 2.82702 5.94556 14.34395 35.06084 65.16912 68.86871 59.98288 55.24197 24.94339 11.76887 7.65173 5.72358 5.90695 5.61814 8.82095
1.09295 1.43267 5.25295 14.04782 22.27191 19.82636 13.71267 9.35737 6.21407 3.86995 2.18202 1.60161 1.52762 2.30899 2.80914 2.29422 3.01578 4.99850 6.04671 5.89598 7.75995 12.13276 17.72702 22.25593 21.95576 15.11398 8.63257 8.39903 12.37075 13.67852 15.76654 13.99392 8.13106 5.71605 4.24118 6.06072 14.85604 11.31275 8.87161 7.15899 5.45340 4.43643 1.33371 0.09371 0.38678 0.72720 0.35017 3.07354 11.89232 38.75618 50.99214 49.28736 45.88606 35.17522 18.97507 11.79847 8.20125 7.40141 6.31902 7.78142
4.05655 3.63631 8.19156 17.03088 23.81716 23.65284 20.77113 15.74260 10.66977 9.00329 5.63566 3.37055 2.13690 1.44102 0.54515 0.39749 0.46329 0.91159 3.20767 7.10740 12.40581 13.76207 15.81551 23.93991 28.78039 24.08759 16.66671 14.29237 13.51916 11.58741 12.08739 9.88610 5.72976 3.38018 2.61164 4.62596 7.48489 10.32622 12.99839 10.67237 7.45369 5.99814 2.05506 0.00000 0.00000 0.00000 0.00000 0.23315 4.50323 19.21187 34.68026 41.98238 43.62562 30.46463 19.82482 16.13250 12.50753 9.89701 8.16221 7.81473
11.26485 16.64157 24.55373 28.09389 26.29039 25.95781 24.57841 17.49842 11.81370 9.64789 6.91870 3.94447 1.53932 0.85144 0.37752 0.00000 0.00000 0.00000 0.77717 4.10951 10.07722 12.50334 16.26964 30.52271 50.37154 51.91100 39.30631 25.52957 16.97370 11.61650 9.19707 6.23659 2.52420 0.99737 1.14712 3.00180 7.45580 13.97769 15.44335 10.07774 6.76809 8.33789 4.14015 1.07775 0.33368 0.02668 0.00000 0.06315 1.10241 8.56775 18.76971 27.49635 23.52575 14.86688 16.75337 19.68982 17.68947 12.91746 9.46588 8.07380
17.61458 28.02897 36.66710 36.70619 32.66996 28.71157 25.01003 15.72962 10.12029 7.79657 5.95923 3.59428 1.42280 1.35906 0.66813 0.00000 0.00000 0.00000 0.04906 0.39644 1.66138 4.49169 11.79634 36.15043 68.65470 85.13876 61.78259 31.91001 20.10160 11.77005 7.90800 6.52976 3.53867 2.74486 3.97850 6.87172 12.48559 19.06718 17.20218 17.46379 19.07070 21.36140 28.51213 19.19877 8.99911 1.86210 0.00000 0.59809 2.08261 3.57396 7.26019 9.55116 7.89959 10.45156 14.00623 20.66475 23.02718 15.33173 9.41694 8.76756
18.67259 29.91751 35.04575 35.20556 43.27081 29.11611 21.79267 14.44236 9.37727 7.43851 5.59309 2.62697 1.30002 1.44208 1.05574 0.08149 0.00000 0.00000 0.60463 1.22972 0.60940 0.35601 7.28123 25.99564 57.24246 76.00396 46.85169 28.60586 22.11372 16.34269 12.60120 11.68725 8.69307 6.54045 6.13544 7.66690 10.00696 14.88352 34.08418 58.14535 66.06602 68.69001 83.64452 94.84087 37.29422 6.83998 0.00000 0.26656 0.83058 1.39145 2.40125 3.44322 5.12370 8.40274 10.65793 19.94051 28.04701 20.84640 10.31463 8.75139
21.02459 41.67370 68.58440 93.50509 88.74967 38.42908 28.86907 19.70331 13.50462 9.49584 6.64912 2.73103 1.08066 1.35069 2.06787 1.28215 0.35612 0.40743 1.04466 2.14866 1.77886 0.72023 3.33595 12.51854 29.74434 45.03723 36.38818 30.79961 27.75907 24.83273 24.95310 27.21749 30.30927 24.72745 19.34662 13.62063 13.29116 26.81763 67.18629 132.61339 120.76676 86.45097 73.78668 44.39238 21.12664 7.01240 1.64348 0.11715 0.00000 0.05645 0.36449 1.60977 3.68889 5.88476 8.52505 16.09778 21.30728 19.54965 10.26458 9.08536
20.00967 52.11700 102.23910 151.80254 183.08391 121.73373 77.68051 37.61152 24.58889 16.14546 9.71650 4.91490 1.12097 0.54802 1.66585 1.78100 1.97614 2.27958 2.41029 2.16302 1.43302 0.83244 2.06266 7.81945 15.50119 26.51015 30.86094 29.66966 31.46925 36.88054 43.79323 55.94822 72.76134 76.18041 66.79574 38.41328 20.43393 38.58720 96.61078 227.86678 193.33894 84.48585 37.90519 14.61148 13.13326 10.11198 4.38244 2.70769 0.95701 0.25523 0.04836 0.97660 2.61381 2.98958 2.85730 5.27900 9.79101 12.11862 6.88389 5.08147
7.29135 28.89748 71.06258 116.53703 133.16553 123.23067 106.83878 55.47070 33.69285 22.21025 13.41137 6.63335 1.71259 0.55142 1.26958 1.62914 2.45808 3.26154 2.78749 2.10197 1.30515 0.92662 2.00082 5.90013 12.57508 21.26950 26.92607 30.52626 37.66027 54.54075 72.31828 85.13653 102.22511 125.13831 108.88533 67.07577 42.67892 85.01350 147.77922 273.01016 165.72829 80.18713 68.12260 51.95126 47.88721 25.63910 11.75325 6.41117 3.50125 1.87647 0.43882 0.63169 1.54171 1.69137 1.51639 1.58261 3.64008 5.05015 3.53827 2.59575
2.74740 12.47375 34.06798 53.20954 64.59845 59.32130 62.52317 49.86985 32.14999 20.79585 13.95263 6.47620 2.38732 1.88556 2.96298 2.81708 2.69917 2.16045 1.35807 1.24007 1.19340 1.02733 1.58593 3.68869 9.61992 20.85136 28.44971 33.43994 47.55508 69.71449 92.01659 98.80373 107.11871 143.68674 129.58879 61.82325 43.27851 79.97234 128.49231 203.00175 117.43727 111.08361 129.26723 145.03020 176.08885 96.16427 26.18383 7.81414 3.77696 2.73353 0.65276 0.32310 0.66965 0.87611 0.84012 0.92500 2.16105 3.21438 3.12015 2.82016
2.18608 6.55236 15.91584 23.06373 28.95153 22.72756 21.94301 25.68585 19.53555 11.42176 7.49884 4.65471 3.21856 2.96512 4.99459 7.29026 4.38738 2.05893 0.99767 0.80783 1.53981 1.49190 1.61347 2.40984 6.55527 18.44328 28.94966 35.90469 46.95943 65.91678 81.77389 91.43093 98.93398 106.35955 85.12185 43.04665 46.73384 93.55242 186.99870 198.38280 114.30711 219.90483 327.51703 386.94553 323.01025 212.70882 77.62197 16.09209 7.09473 5.54316 3.41190 1.02671 0.27078 0.38898 0.43413 0.45828 1.53966 2.67457 3.51761 4.13626
2.31784 4.86348 8.19644 10.56389 9.80519 7.23863 7.47880 11.66726 9.11245 4.98845 3.42114 2.24041 1.61054 2.22567 4.45581 4.33190 3.52080 3.52915 2.24960 0.96416 1.61026 1.43997 1.53946 2.73449 6.66392 15.51212 24.45772 30.11603 34.74852 42.66226 52.36409 59.99508 61.76591 54.48884 35.86927 21.02843 24.47738 52.43353 154.93381 200.32568 195.05875 331.13373 459.50192 321.84586 273.79916 255.46788 147.01039 36.94279 10.52970 8.94064 6.32746 2.59662 0.17262 0.21654 0.29147 0.48295 1.65696 3.28050 3.60741 3.31052
1.46201 2.45866 2.59730 2.86030 2.32981 4.42120 6.20375 6.35133 4.83288 3.11590 2.17993 1.39022 1.25678 3.06892 4.86792 3.08720 2.78930 3.35554 2.59909 2.12328 2.57065 1.66340 1.65959 3.25068 6.14617 11.55783 18.43289 22.85345 25.84864 25.25046 23.64667 28.73737 31.98245 27.71796 18.18752 13.44473 14.17839 43.55354 134.74750 237.19475 357.28665 -99999.00000 -99999.00000 217.79207 200.13742 204.44063 163.34729 60.95684 13.81867 11.10432 10.13399 4.04826 0.30506 0.16237 0.22331 0.84406 3.06466 6.15185 5.74819 3.99386
0.12049 0.36551 0.50458 0.41454 1.90088 5.53783 7.57540 6.00514 3.02097 2.57307 4.10489 4.42470 3.59940 5.55553 7.64330 6.34696 5.14907 3.47949 3.06358 4.42386 4.53479 2.36850 1.53990 4.13732 5.72081 7.68578 9.22789 10.67998 12.34121 12.80501 12.17271 13.55403 15.04126 14.72784 13.15641 -99999.00000 -99999.00000 -99999.00000 -99999.00000 -99999.00000 -99999.00000 -99999.00000 -99999.00000 203.44711 155.93034 128.12300 112.99337 68.03251 23.42642 12.00381 9.90234 3.08012 0.21967 0.39766 1.01259 2.80879 7.70933 13.12019 12.38507 8.56134
0.00000 0.00000 0.00000 0.17947 -99999.00000 5.35384 8.10225 6.84408 1.47773 1.25807 3.36062 4.25296 3.55899 6.14220 8.13999 7.76159 6.34747 4.75527 4.89987 8.37893 7.93604 3.99446 2.47412 4.16083 5.99395 6.14330 4.46305 5.50221 5.72513 5.59934 5.08137 4.91187 6.87592 10.05190 -99999.00000 -99999.00000 -99999.00000 -99999.00000 -99999.00000 -99999.00000 -99999.00000 -99999.00000 -99999.00000 -99999.00000 84.86597 69.52053 65.45077 57.18170 36.53923 15.17024 4.99040 1.36363 0.11271 0.14302 1.68684 4.40315 9.80892 17.83328 21.96558 17.90240
-99999.00000 -99999.00000 -99999.00000 -99999.00000 -99999.00000 4.61488 10.78094 8.21782 2.24709 1.03408 1.52983 2.08396 3.11705 6.08709 7.73443 6.46922 5.13445 3.69221 3.46754 6.76402 8.49414 5.56208 3.92607 4.73062 8.00469 9.04676 6.89523 6.31392 3.71951 2.90849 2.02683 0.94717 1.68419 2.91846 -99999.00000 -99999.00000 -99999.00000 -99999.00000 -99999.00000 -99999.00000 -99999.00000 -99999.00000 -99999.00000 -99999.00000 -99999.00000 46.49511 46.14529 44.52118 37.35581 17.62352 4.36734 0.70595 0.18026 0.33662 1.31680 2.40891 6.25574 15.74501 27.03526 29.84588
