DATA/RAW-RASTER/CPC/2017/20170625.asc
ncols			60
nrows			40
xllcorner		70.0
yllcorner		20.0
cellsize		0.5
NODATA_value	-99999
3.21071 5.19768 4.28427 2.66259 2.32479 3.06453 3.82313 3.49856 2.70840 1.71519 0.65578 0.22936 0.24101 0.54347 1.01111 1.09364 0.64407 0.45076 0.83366 0.93975 0.62216 0.27609 0.13248 0.12735 0.23981 0.46503 0.76353 0.88381 0.77856 0.48902 0.20545 0.06155 0.00000 0.00000 0.00000 0.00000 0.00000 0.00000 0.00000 0.00000 0.00000 0.00000 0.00000 0.00000 0.00000 0.00000 0.00000 0.00000 0.00000 0.00000 0.00000 0.00000 0.00000 0.00000 0.02581 0.03150 0.00000 0.00000 0.00000 0.00000
11.28883 13.29634 9.76449 5.70822 3.62379 3.76556 4.15038 3.54734 2.67706 1.50308 0.44543 0.00000 0.02956 0.14436 0.25880 0.30734 0.23924 0.22138 0.36660 0.50994 0.48435 0.33687 0.13675 0.10096 0.18016 0.31940 0.50105 0.63390 0.60829 0.36231 0.14305 0.04611 0.00000 0.00000 0.00000 0.00000 0.00000 0.00000 0.00000 0.00000 0.00000 0.00000 0.00000 0.00000 0.00000 0.00000 0.00000 0.00000 0.00000 0.00000 0.00000 0.09938 0.08361 0.37216 0.84162 0.72710 0.49852 0.19816 0.00000 0.00000
11.75740 12.65263 8.93926 4.70122 2.34088 1.77628 1.53138 1.03850 0.88751 0.75661 0.28457 0.00000 0.02971 0.05060 0.07233 0.19075 0.35139 0.44856 0.49819 0.51878 0.47265 0.32786 0.22220 0.18061 0.19921 0.26936 0.37829 0.46950 0.41350 0.20281 0.08671 0.02668 0.00000 0.00000 0.00000 0.00000 0.00000 0.00000 0.00000 0.00000 0.00000 0.00000 0.00000 0.00000 0.00000 0.00000 0.00000 0.00000 0.00000 0.05799 0.21951 0.53542 1.30653 2.95491 4.14688 3.50851 2.34890 1.46736 0.64802 0.15610
4.73707 5.79901 4.08044 1.85521 0.52905 0.25759 0.22763 0.06685 0.10775 0.19540 0.05836 0.00000 0.10308 0.09065 0.14395 0.40881 0.72696 0.83573 0.76128 0.61853 0.50507 0.43978 0.38727 0.33485 0.28812 0.30621 0.33602 0.36149 0.20556 0.02587 0.03989 0.00000 0.00000 0.00000 0.00000 0.00000 0.00000 0.00000 0.00000 0.00000 0.00000 0.00000 0.00000 0.00000 0.00000 0.00000 0.00000 0.00000 0.00000 0.09712 0.21390 0.63831 2.13906 5.39737 8.57688 8.89815 6.09098 3.52378 1.48827 0.46562
0.20404 0.87075 0.68000 0.25442 0.00000 0.00000 0.00000 0.00000 0.00000 0.02661 0.00000 0.04832 0.24779 0.35237 0.55267 0.89887 1.14769 1.08509 0.82935 0.58658 0.47964 0.44398 0.42363 0.40123 0.37322 0.35070 0.35365 0.31665 0.05759 0.00000 0.00000 0.00000 0.00000 0.00000 0.00000 0.00000 0.00000 0.00000 0.00000 0.00000 0.00000 0.00000 0.00000 0.00000 0.00000 0.00000 0.00000 0.00000 0.05129 0.09446 0.17024 0.66973 2.78079 6.61762 9.58515 10.30933 8.09511 4.39853 1.69900 0.51815
0.00000 0.00000 0.00000 0.00000 0.00000 0.00000 0.00000 0.00000 0.00000 0.00000 0.02846 0.21899 0.45801 0.69887 0.96364 1.18894 1.24051 1.05957 0.71066 0.47227 0.41789 0.41443 0.41818 0.41694 0.40464 0.39081 0.37295 0.32995 0.14404 0.00000 0.00000 0.00000 0.00000 0.00000 0.00000 0.00000 0.00000 0.00000 0.00000 0.00000 0.00000 0.00000 0.00000 0.00000 0.00000 0.00000 0.00000 0.00000 0.02463 0.09382 0.24325 0.83978 2.73655 4.89282 6.57706 7.03056 6.18999 3.75542 1.51005 0.42507
0.00000 0.00000 0.00000 0.00000 0.00000 0.00000 0.00000 0.00000 0.00000 0.04543 0.16846 0.45604 0.70644 0.96816 1.19403 1.33671 1.30611 1.04845 0.70271 0.51452 0.45924 0.42473 0.42867 0.44032 0.44807 0.44189 0.44476 0.42534 0.30328 0.00000 0.00000 0.00000 0.00000 0.00000 0.00000 0.00000 0.00000 0.00000 0.00000 0.00000 0.00000 0.00000 0.00000 0.02466 0.05252 0.05985 0.00000 0.00000 0.00000 0.03314 0.14089 0.57913 1.70841 2.99985 3.75370 3.43820 2.72031 2.24178 1.45040 0.58521
0.00000 0.04324 0.03312 0.03670 0.27050 0.63655 1.09410 1.47386 2.21203 2.58991 2.77252 2.09561 1.41201 1.19186 1.22300 1.25640 1.17917 0.97549 0.74767 0.59200 0.55101 0.49845 0.50041 0.52701 0.53474 0.52492 0.51385 0.48458 0.39103 0.10430 0.00000 0.00000 0.00000 0.00000 0.00000 0.00000 0.00000 0.00000 0.00000 0.00000 0.00000 0.03361 0.11203 0.17687 0.17192 0.15442 0.11572 0.02239 0.00000 0.00000 0.06591 0.39303 1.06895 1.65644 1.79582 1.46036 1.45336 1.61745 1.19222 0.72743
0.15298 0.45053 0.33127 0.23927 1.09467 2.29351 3.04704 4.06989 4.84203 4.97122 4.56778 3.80288 2.91840 2.32905 1.56674 1.19213 1.05057 0.89749 0.74110 0.63601 0.58214 0.55890 0.54715 0.53627 0.52592 0.51166 0.49765 0.47052 0.40942 0.21385 0.00000 0.00000 0.00000 0.00000 0.00000 0.00000 0.00000 0.00000 0.00000 0.00000 0.02782 0.11988 0.20933 0.25370 0.26882 0.28103 0.26615 0.19689 0.03619 0.00000 0.02437 0.41852 0.96646 1.57917 1.66891 1.33729 1.27982 1.30172 1.21116 0.96156
1.03195 1.53537 1.59086 1.97562 3.91296 6.59719 8.04109 6.69274 6.63598 6.77630 4.76907 3.34626 2.91184 2.65179 2.46951 1.40003 0.89274 0.75264 0.64506 0.57198 0.52626 0.49685 0.47613 0.46056 0.44412 0.42872 0.41571 0.39937 0.36257 0.27431 0.15359 0.07186 0.00000 0.00000 0.00000 0.00000 0.00000 0.00000 0.00000 0.00000 0.00000 0.00000 0.05514 0.14834 0.23775 0.27559 0.28883 0.27479 0.21117 0.06197 0.12794 0.45429 0.90497 1.30401 1.26411 0.99790 0.89654 1.05265 1.41660 1.40155
2.00074 2.78323 3.75362 5.35283 8.96229 12.97916 17.57649 16.23237 12.32253 9.93845 5.66077 2.94734 2.37155 2.09848 1.93266 1.56943 0.61086 0.32687 0.29745 0.26446 0.24061 0.22974 0.22762 0.23799 0.24502 0.24974 0.25753 0.25581 0.23998 0.21112 0.16518 0.12270 0.12724 0.14844 0.15736 0.12415 0.02069 0.00000 0.00000 0.09159 0.08800 0.10908 0.07929 0.06249 0.03398 0.12152 0.21923 0.25279 0.24244 0.19771 0.17618 0.23779 0.50361 0.94003 1.08080 0.87260 0.79281 1.31471 2.43529 2.92200
3.83024 4.15172 4.93870 6.47369 9.77478 14.35297 15.08253 14.93916 14.44758 7.55363 5.58380 3.69136 2.31082 1.71591 1.32111 0.76995 0.03913 0.00000 0.03148 0.03758 0.03757 0.03843 0.04175 0.05057 0.06752 0.08362 0.09280 0.10036 0.11310 0.14061 0.16804 0.18337 0.20690 0.22503 0.27918 0.33822 0.30401 0.16523 0.00000 0.32243 0.41917 0.26902 0.15210 0.08377 0.03801 0.02939 0.00000 0.12611 0.37194 0.32338 0.21992 0.19051 0.55784 1.36274 1.89111 1.75261 1.74366 2.47591 3.76833 4.61253
5.50461 5.27660 5.79708 7.48636 11.68030 19.58177 20.21936 15.06211 15.81518 9.84695 8.28621 4.91659 2.37939 1.25398 0.61587 0.05657 0.00000 0.00000 0.00000 0.00000 0.00000 0.00000 0.00000 0.00000 0.00000 0.02288 0.03399 0.03710 0.05141 0.05286 0.16142 0.24117 0.26855 0.27340 0.35954 0.47184 0.56807 0.71836 0.86606 0.86774 0.99611 0.79304 0.54337 0.35861 0.24768 0.31536 0.49791 0.39028 0.83295 0.72921 0.57191 0.64696 1.39302 2.74633 3.43023 3.32136 3.29439 3.99330 4.93762 5.22314
5.10826 4.85758 5.19061 6.79215 10.96522 16.98631 15.64648 10.15074 9.06012 9.33407 5.15423 3.01008 1.91908 0.68248 0.00000 0.00000 0.00000 0.00000 0.00000 0.00000 0.00000 0.00000 0.00000 0.02100 0.02789 0.00000 0.02347 0.02927 0.04201 0.05743 0.19568 0.35015 0.35422 0.34691 0.36767 0.47103 0.58000 0.74287 0.97830 1.30594 1.73918 2.18888 2.29367 2.00973 1.83274 1.85513 2.12892 2.37144 1.94343 1.33062 1.12830 1.59325 2.90941 4.54039 4.92197 4.38725 4.26322 4.99631 5.85561 6.42832
2.96626 2.50882 2.52132 3.24342 4.25563 5.49595 4.41400 1.27209 0.99827 1.37539 1.89526 1.08631 0.31251 0.00000 0.00000 0.26889 0.09906 0.17739 0.16762 0.04921 0.00000 0.00000 0.03428 0.05638 0.03770 0.02638 0.03413 0.04465 0.00000 0.13837 0.31450 0.43846 0.40537 0.38453 0.40433 0.44653 0.53582 0.67262 0.89586 1.29108 2.06815 3.31548 4.60777 5.42909 5.84236 5.71904 5.42158 4.90004 3.89982 2.38484 1.62801 2.25724 3.72639 5.18421 5.38822 4.84927 3.96739 4.42964 6.20986 8.31011
0.69393 0.51153 0.50235 0.78388 0.82240 0.70162 0.32897 0.00000 0.00000 0.00000 0.00000 0.00000 0.00000 0.03210 0.36182 1.96955 1.73246 1.30234 0.77741 0.24999 0.08942 0.08834 0.10084 0.04539 0.04537 0.05630 0.06861 0.06307 0.00000 0.21065 0.51955 0.58064 0.50099 0.45235 0.44906 0.43589 0.46947 0.56037 0.73321 1.01762 1.69445 3.33121 5.79886 7.42574 8.17700 7.99839 7.62656 7.22407 6.37513 4.84387 3.93374 4.14358 4.83866 5.07161 4.84293 3.84675 2.73394 3.03062 5.64118 8.86935
0.05307 0.00000 0.00000 0.00000 0.00000 0.00000 0.00000 0.00000 0.00000 0.00000 0.00000 0.00000 0.00000 0.55819 1.78585 6.00392 5.63966 3.55393 2.83857 1.56993 0.75400 0.46322 0.23979 0.08942 0.10646 0.10719 0.10408 0.03446 0.02894 0.49484 0.75652 0.90191 0.71670 0.55998 0.44560 0.38877 0.38227 0.43873 0.59065 0.76939 1.22034 2.96453 6.22302 8.57167 9.26233 8.75083 8.37411 7.47425 7.11295 6.81314 6.93738 7.10547 6.06721 4.90683 4.33665 3.15251 1.74631 2.03647 5.08553 8.19210
0.00000 0.00000 0.00000 0.00000 0.00000 0.00000 0.00000 0.00000 0.00000 0.00000 0.00000 0.00000 0.00000 0.80575 3.69384 11.42373 18.13117 12.78575 9.12399 5.44528 2.72879 1.50472 0.92619 0.25517 0.17299 0.13474 0.09329 0.03044 0.22235 0.64879 1.03772 1.34854 1.23481 0.91358 0.62233 0.46223 0.37436 0.37001 0.56601 0.74780 1.09385 2.78611 6.12969 8.30562 9.14236 9.67793 9.24843 8.24679 7.53534 7.85623 7.82323 7.36819 6.02413 4.71208 4.32952 3.69951 2.82655 3.39241 5.91727 9.67279
0.00000 0.00000 0.00000 0.00000 0.00000 0.00000 0.00000 0.00000 0.00000 0.00000 0.00000 0.00000 0.00000 0.02973 3.83838 28.67668 60.04636 52.04844 27.95281 12.90448 4.12453 1.93175 1.16349 0.38242 0.21950 0.13823 0.08507 0.04978 0.52226 1.40216 2.02589 2.31853 2.26463 1.68058 1.15941 0.80865 0.55892 0.52461 0.80149 1.15138 1.78348 3.47267 5.98625 8.21854 9.35378 10.05165 10.09356 10.41926 10.47600 9.58113 7.34015 5.88821 5.52917 5.20783 4.63239 4.00027 4.08735 5.20606 7.37768 10.94049
0.00000 0.00000 0.00000 0.00000 0.00000 0.00000 0.00000 0.00000 0.00000 0.00000 0.00000 0.00000 0.00000 0.00000 2.41310 38.07456 73.94941 58.74255 41.91981 20.24714 4.74044 1.78548 1.07556 0.46092 0.21585 0.11513 0.07297 0.05315 0.67078 2.08131 3.45904 3.67090 3.60424 3.09577 2.49266 2.06648 1.76896 1.74250 2.00414 2.34522 3.24105 4.25355 5.05295 6.50658 7.89128 8.85289 10.59848 12.12301 14.88314 14.25407 12.06693 8.86982 6.36253 5.13300 4.22893 3.93413 4.40817 5.16366 6.81776 10.44585
0.00000 0.00000 0.00000 0.00000 0.00000 0.00000 0.00000 0.00000 0.00000 0.00000 0.00000 0.00000 0.00000 0.00000 0.88878 15.44924 35.26096 35.17379 19.16126 10.19228 4.62421 3.21646 2.12847 0.71597 0.17048 0.07752 0.12051 0.43121 1.34906 3.08223 4.88778 5.32361 4.52782 4.22007 3.97531 3.69013 3.68089 3.72103 3.48993 3.48328 3.82008 4.25444 4.44895 4.83444 5.50856 6.46121 8.91986 12.33115 17.58076 15.99971 14.77064 12.39646 8.31931 5.66574 3.21224 3.01678 3.32574 4.21651 6.26431 9.56460
0.00000 0.00000 0.00000 0.00000 0.00000 0.00000 0.00000 0.00000 0.00000 0.00000 0.00000 0.00000 0.00000 0.00000 0.00000 2.14846 7.30206 9.60768 5.73088 3.41239 4.89069 5.23302 2.80271 0.63454 0.11296 0.19880 0.34142 0.62135 1.36038 3.17553 5.22241 5.86934 5.10114 4.31265 4.22032 4.08843 4.18101 4.28677 3.76024 3.42912 3.48682 3.64138 3.71968 3.44038 3.15474 3.77517 6.59981 12.63939 16.21551 19.92927 17.33032 14.30267 11.84582 7.72142 3.38189 1.80537 1.85382 2.50318 4.58057 8.44471
0.00000 0.00000 0.00000 0.00000 0.00000 0.00000 0.00000 0.00000 0.00000 0.00000 0.00000 0.00000 0.00000 0.00000 0.00000 0.00000 0.06168 1.09021 0.70660 0.95855 2.73661 3.39716 1.64904 0.38346 0.32369 0.80326 1.08314 0.97360 1.82555 4.18355 7.01311 7.57811 5.90784 4.46337 4.34002 4.62398 4.85084 4.27422 3.37710 2.93017 2.96083 2.93307 2.67803 1.99013 1.49252 1.77688 4.05807 10.09630 23.16887 39.00515 34.78714 30.34974 15.75333 9.97645 4.16218 1.38467 0.70260 0.66496 2.13120 6.31906
0.00000 0.00000 0.00000 0.00000 0.00000 0.00000 0.00000 0.00000 0.00000 0.00000 0.00000 0.00000 0.00000 0.00000 0.00000 0.00000 0.00000 0.00000 0.00000 0.06897 0.43987 0.73725 0.66996 0.50756 1.08123 2.13233 2.63281 1.68460 3.78065 10.38647 12.20711 11.47042 8.60830 6.13431 5.54036 6.36253 6.44334 4.58654 2.49875 2.25471 2.31159 1.98089 1.46332 1.15470 0.98552 1.42408 6.68197 23.50063 47.03227 61.22300 60.43983 59.54869 41.08326 16.87850 6.92468 1.68508 0.40049 0.20641 0.97986 4.10096
0.00000 0.00000 0.00000 0.00000 0.00000 0.00000 0.00000 0.00000 0.00000 0.00000 0.00000 0.00000 0.00000 0.00000 0.00000 0.00000 0.00000 0.00000 0.00000 0.00000 0.00000 0.14870 0.59517 0.85584 1.73547 3.43521 5.04638 5.18796 8.20489 16.90725 24.43341 18.78251 13.97069 12.92521 11.13814 14.68037 15.88679 7.37123 2.83747 3.05853 2.23156 0.94202 0.36017 0.48373 0.97855 3.62817 13.74884 28.01317 46.81396 70.52588 70.06659 60.60238 55.75359 25.41081 10.56236 3.64535 0.92048 0.72452 1.07315 2.45464
0.25368 0.06748 0.04813 0.03491 0.00000 0.00000 0.00000 0.00000 0.00000 0.00000 0.00000 0.00000 0.00000 0.00000 0.00000 0.00000 0.00000 0.00000 0.00000 0.00000 0.00000 0.00000 0.29019 0.69738 1.39837 2.65087 4.23661 5.60161 9.49633 14.82197 19.85696 21.25620 19.48159 16.86932 13.23392 26.86399 40.15114 23.66561 12.45260 6.08602 1.85878 0.03200 0.00000 0.00000 0.00000 1.56424 23.38987 33.05271 26.77647 47.66254 55.13571 52.68251 48.38088 36.63046 17.04028 5.90496 1.59387 1.19386 1.28430 2.14017
1.14919 0.41014 0.23282 0.21045 0.10003 0.02180 0.00000 0.00000 0.00000 0.05089 0.26118 0.18037 0.00000 0.00000 0.00000 0.00000 0.00000 0.00000 0.00000 0.00000 0.00000 0.00000 0.00000 0.20327 0.64060 0.91075 0.81541 2.20536 5.59193 9.34003 13.45637 14.80441 13.04079 9.81761 6.36576 13.14686 19.27671 17.42937 10.52532 4.76692 1.02953 0.00000 0.00000 0.00000 0.00000 1.12612 24.80666 52.02401 41.41296 44.82523 50.82050 52.52467 50.45216 33.44246 15.13746 6.10517 2.08322 1.50107 1.41177 1.85157
3.32307 1.65581 0.86875 0.60968 0.31814 0.09962 0.00000 0.09478 0.32025 1.08772 3.28508 3.70829 1.16332 0.05058 0.00000 0.00000 0.00000 0.00000 0.00000 0.00000 0.00000 0.00000 0.00000 0.10819 0.59830 0.29991 0.10321 0.44152 1.42102 2.96063 4.84485 5.27123 3.78148 3.67453 6.42667 6.47838 2.62725 1.21938 1.62434 1.24598 0.37113 0.00000 0.00000 0.00000 0.00000 0.24591 15.07771 42.27713 55.49674 48.83503 48.00681 47.94343 34.24157 17.45632 9.03808 5.02424 3.06154 1.77439 1.16036 1.16387
5.96419 3.00269 1.27635 0.90281 0.58744 0.29182 0.02504 0.36129 0.96855 3.00259 9.39905 11.15856 3.48109 0.26080 0.00000 0.00000 0.00000 0.04049 0.00000 0.00000 0.00000 0.02554 0.69018 2.19528 1.69866 0.60565 0.18003 0.55524 1.38860 0.61179 0.33736 0.39530 0.80458 1.31373 2.91410 3.35211 0.67757 0.00000 0.04297 1.23105 1.88763 2.27371 3.22775 2.33096 7.36797 9.35257 8.79867 17.03811 23.59932 27.17377 31.70387 26.75743 15.21154 9.97426 5.98489 5.05554 4.19220 2.21832 0.87387 0.65125
6.57061 3.71402 1.61311 0.99168 0.78243 0.42614 0.21221 0.97002 2.17957 4.58753 11.43787 10.67145 3.52450 0.43209 0.10987 0.02189 0.98149 1.73488 0.97055 0.06229 0.00000 1.08366 4.08427 5.43945 3.47504 1.17723 0.64445 2.30595 3.87738 1.70716 0.40127 0.02249 0.05732 0.48814 1.74854 2.91355 1.81395 0.63216 2.66195 4.20508 5.65935 10.06018 16.36309 24.38252 37.11528 48.32411 37.39868 17.53423 10.80934 12.02932 15.37697 13.11476 9.33578 7.06504 5.74246 6.00941 5.28371 2.99662 0.77278 0.85904
6.54792 4.44821 2.57089 2.04285 1.42303 0.50748 0.38468 0.79245 4.20852 8.50090 9.13062 5.31395 1.96308 0.82778 0.80929 1.22430 3.47089 5.92894 3.74834 1.11132 0.35375 1.84857 7.94700 9.18728 6.69310 3.70646 2.43328 4.36031 5.63395 2.04847 0.61670 0.33187 0.48525 1.28277 2.31303 2.85757 2.80929 4.03675 6.00354 5.51289 6.65057 10.90241 22.51719 41.76189 40.81240 40.49300 36.93020 14.02303 7.58255 8.41825 10.01469 8.55541 6.76354 6.93969 7.36936 8.53608 6.38068 4.16816 1.92703 2.89127
6.13769 5.07426 3.36070 2.97180 2.80678 1.39732 0.74499 1.40403 4.93173 9.76086 9.95910 7.17882 4.02458 1.11114 0.82993 1.44075 3.11887 4.75170 5.06524 3.32525 1.90545 2.76635 8.78033 11.21632 9.69622 7.43374 4.89133 3.61205 3.33839 2.81053 2.37057 2.47159 2.76917 3.36909 4.95261 4.36158 2.51993 5.76274 6.75856 3.01075 2.60756 4.29927 7.11346 12.31260 20.76729 25.65757 16.99149 12.58598 7.90395 6.59229 6.26294 5.48455 6.65063 7.21983 7.32305 11.21203 9.38832 6.56437 4.16186 6.06695
2.94011 3.55875 4.38257 4.06174 2.84225 1.37080 1.07203 2.56780 7.75411 14.26171 13.15722 9.78774 9.23213 4.55609 1.35848 0.83791 2.46417 4.02158 6.10564 4.73191 2.64064 2.51782 6.92117 13.58948 15.29618 12.35962 8.27188 4.96372 3.88832 4.76180 5.58857 4.79842 3.36934 3.74743 6.53336 7.33179 3.54405 4.36945 5.52110 3.41853 3.87630 4.56103 2.52936 6.47866 15.51675 21.51327 13.14855 8.03858 4.76708 3.42642 2.74593 3.46605 6.29266 7.90890 9.24463 10.32020 9.76743 7.40649 5.22097 8.15833
1.21789 4.37323 7.87335 6.78556 4.06318 1.51593 1.23169 3.17950 9.42122 15.46647 12.73492 6.26367 10.82650 7.44836 1.98463 0.35606 2.42656 8.00624 11.00564 5.91896 3.72160 4.86361 11.34657 23.79678 26.42834 18.14289 11.66675 8.49140 6.85357 7.04109 8.01829 6.15562 3.67499 2.70449 4.43210 6.82285 3.24916 3.42513 6.56482 10.28201 15.31109 13.43977 4.49006 3.63066 10.49862 13.21319 6.38770 3.01145 1.74092 1.49607 1.39184 2.00986 4.09955 6.08698 6.68453 6.36018 8.89094 10.64475 12.68481 18.65380
3.77042 9.89511 11.70624 9.45376 5.56091 1.98191 0.86646 2.50841 5.74852 7.14127 3.88800 1.49740 3.94612 4.04317 1.96337 1.12224 3.04145 8.86082 12.46614 7.69255 7.22337 10.28051 19.36327 34.25861 32.43610 22.14886 13.27988 9.53015 8.38737 8.15464 7.09692 5.91621 4.67103 3.09865 2.67731 3.13128 4.07678 7.51508 13.12199 13.93364 11.86195 22.28591 11.78703 3.37580 2.91871 5.38320 4.17677 1.67918 1.19172 1.10578 1.13001 1.55907 2.29109 3.63048 4.13864 4.07677 10.03431 18.50579 32.10394 48.60622
8.17325 15.42051 11.26238 6.86674 3.59276 1.90662 1.07718 1.82055 1.72247 1.28815 0.27601 0.00000 0.11049 0.27245 1.42654 1.36310 3.20900 8.45241 7.56991 4.68052 7.62721 11.28718 15.84660 24.74719 27.03354 19.67974 10.87754 7.02180 9.34961 8.47034 5.36453 4.14390 3.51177 2.87418 2.62478 4.12137 7.33357 12.91089 14.26232 13.64227 12.97422 24.70053 20.89022 5.56005 2.77374 4.15774 4.42452 1.77968 0.80102 0.80954 0.92008 1.54493 2.03847 2.68372 3.48026 5.34173 13.05452 25.47789 35.37304 41.02058
6.25666 7.41928 3.88169 2.68161 1.98040 4.73465 5.23791 2.73823 0.27759 0.00000 0.00000 0.00000 0.00000 0.42876 3.05186 2.90591 3.64640 5.85872 4.44845 2.77882 5.79035 9.92283 11.33461 11.64460 13.34006 11.42727 7.82264 7.36808 11.69012 7.12341 2.78186 2.23891 2.91734 3.28135 3.65778 6.74556 9.21789 12.60925 13.86569 14.72992 17.88227 -99999.00000 -99999.00000 7.07578 6.58352 7.43555 7.23185 3.21595 0.82782 0.62517 0.82667 1.13587 1.61731 2.05878 2.81436 4.52385 11.82633 23.86207 26.38083 21.34186
2.62051 1.96261 1.23886 2.48716 5.34996 12.89961 12.77253 4.67102 0.38317 0.00000 0.00000 0.00000 0.24870 1.39841 5.50843 8.19313 5.84645 2.59303 0.96209 1.61726 4.38964 9.71430 12.44042 5.33864 6.42241 7.69341 5.65679 3.44438 3.79611 2.25686 0.76822 1.32503 2.70776 3.99707 4.37301 -99999.00000 -99999.00000 -99999.00000 -99999.00000 -99999.00000 -99999.00000 -99999.00000 -99999.00000 13.13212 13.46690 11.92737 10.08788 5.99965 1.90632 0.75782 0.60346 0.53385 0.58891 0.91669 1.82567 4.58630 10.07817 15.40567 14.03116 9.65056
0.46069 0.49382 1.23145 3.93947 -99999.00000 17.58366 15.55768 5.49060 0.40559 0.00000 0.31201 0.75926 1.32370 0.96336 3.64753 8.38263 4.22944 0.57346 0.08779 0.99537 3.58180 8.91216 11.37479 7.53950 6.65849 8.22700 8.34532 5.54791 2.17620 0.46073 0.27150 1.00535 2.55484 4.27587 -99999.00000 -99999.00000 -99999.00000 -99999.00000 -99999.00000 -99999.00000 -99999.00000 -99999.00000 -99999.00000 -99999.00000 14.51489 12.20448 10.24400 8.27375 4.92491 1.77911 0.66707 0.26693 0.15353 0.29086 1.43418 3.98551 7.54866 9.92840 9.89947 7.15946
-99999.00000 -99999.00000 -99999.00000 -99999.00000 -99999.00000 19.87641 15.55933 3.07002 0.24955 0.12159 1.22767 1.55020 1.68856 1.06993 1.90567 2.79105 0.67426 0.00000 0.02663 0.78497 3.26636 7.50782 9.71316 8.49723 7.77367 6.64492 8.39453 6.67789 2.29985 2.08776 3.91156 4.77828 4.68327 4.25142 -99999.00000 -99999.00000 -99999.00000 -99999.00000 -99999.00000 -99999.00000 -99999.00000 -99999.00000 -99999.00000 -99999.00000 -99999.00000 10.16055 9.73654 9.42897 7.66246 3.39673 0.83567 0.21203 0.14443 0.37315 1.15788 2.26881 5.06458 8.60568 10.34768 9.59567
