DATA/RAW-RASTER/CPC/2017/20170727.asc
ncols			60
nrows			40
xllcorner		70.0
yllcorner		20.0
cellsize		0.5
NODATA_value	-99999
0.00000 0.00000 0.00000 0.00000 0.00000 0.00000 0.00000 0.07323 1.11400 3.51102 5.84391 6.06126 5.32285 3.89769 2.13485 0.74505 0.15945 0.00000 0.00000 0.00000 0.00000 0.00000 0.00000 0.00000 0.00000 0.00000 0.00000 0.00000 0.00000 0.00000 0.00000 0.00000 0.00000 0.00000 0.00000 0.00000 0.00000 0.00000 0.00000 0.00000 0.00000 0.00000 0.00000 0.00000 0.00000 0.00000 0.00000 0.00000 0.00000 0.00000 0.00000 0.00000 0.00000 0.00000 0.00000 0.00000 0.00000 0.00000 0.00000 0.00000
0.00000 0.00000 0.00000 0.00000 0.00000 0.00000 0.00000 0.03465 0.91913 2.96631 4.80844 5.08901 4.63122 3.20531 1.61925 0.65716 0.15449 0.00000 0.00000 0.00000 0.00000 0.00000 0.00000 0.00000 0.00000 0.00000 0.00000 0.00000 0.00000 0.00000 0.00000 0.00000 0.00000 0.00000 0.00000 0.00000 0.00000 0.00000 0.00000 0.00000 0.00000 0.00000 0.00000 0.00000 0.00000 0.00000 0.00000 0.00000 0.00000 0.00000 0.00000 0.00000 0.00000 0.00000 0.00000 0.00000 0.00000 0.00000 0.00000 0.00000
0.00000 0.00000 0.00000 0.00000 0.00000 0.00000 0.00000 0.00000 0.24482 1.60729 3.64333 4.11385 2.98114 1.51119 0.55292 0.26671 0.13176 0.00000 0.00000 0.00000 0.00000 0.00000 0.00000 0.00000 0.00000 0.00000 0.00000 0.00000 0.00000 0.00000 0.00000 0.00000 0.00000 0.00000 0.00000 0.00000 0.00000 0.00000 0.00000 0.00000 0.00000 0.00000 0.00000 0.00000 0.00000 0.00000 0.00000 0.00000 0.00000 0.00000 0.00000 0.00000 0.00000 0.00000 0.00000 0.00000 0.00000 0.00000 0.00000 0.00000
0.00000 0.00000 0.00000 0.00000 0.00000 0.00000 0.00000 0.00000 0.00000 0.52125 1.72510 2.40402 1.63460 0.53946 0.09904 0.04029 0.00000 0.00000 0.00000 0.00000 0.00000 0.00000 0.00000 0.00000 0.00000 0.00000 0.00000 0.00000 0.00000 0.00000 0.00000 0.00000 0.00000 0.00000 0.00000 0.00000 0.00000 0.00000 0.00000 0.00000 0.00000 0.00000 0.00000 0.00000 0.00000 0.00000 0.00000 0.00000 0.00000 0.00000 0.00000 0.00000 0.00000 0.00000 0.00000 0.00000 0.00000 0.05062 0.15214 0.23862
0.00000 0.00000 0.00000 0.00000 0.00000 0.00000 0.00000 0.00000 0.00000 0.14339 0.76070 1.09253 0.80382 0.31582 0.08413 0.00000 0.00000 0.00000 0.00000 0.00000 0.00000 0.00000 0.00000 0.00000 0.00000 0.00000 0.00000 0.00000 0.00000 0.00000 0.00000 0.00000 0.00000 0.00000 0.00000 0.00000 0.00000 0.00000 0.00000 0.00000 0.00000 0.00000 0.00000 0.00000 0.00000 0.00000 0.00000 0.00000 0.00000 0.00000 0.00000 0.00000 0.00000 0.00000 0.00000 0.00000 0.00000 0.10657 0.41530 0.64262
0.00000 0.00000 0.00000 0.00000 0.00000 0.00000 0.00000 0.00000 0.00000 0.00000 0.19061 0.21071 0.43860 0.21664 0.07118 0.00000 0.00000 0.00000 0.00000 0.00000 0.00000 0.00000 0.00000 0.00000 0.00000 0.00000 0.00000 0.00000 0.00000 0.00000 0.00000 0.00000 0.00000 0.00000 0.00000 0.00000 0.00000 0.00000 0.00000 0.00000 0.00000 0.00000 0.00000 0.00000 0.00000 0.00000 0.00000 0.00000 0.00000 0.00000 0.00000 0.00000 0.00000 0.00000 0.00000 0.00000 0.00000 0.09468 0.44354 0.67092
0.00000 0.00000 0.00000 0.00000 0.00000 0.00000 0.00000 0.00000 0.00000 0.00000 0.00000 0.00000 0.10612 0.05123 0.04707 0.00000 0.00000 0.00000 0.00000 0.00000 0.00000 0.00000 0.00000 0.00000 0.00000 0.00000 0.00000 0.00000 0.00000 0.00000 0.00000 0.00000 0.00000 0.00000 0.00000 0.00000 0.00000 0.00000 0.00000 0.00000 0.00000 0.00000 0.00000 0.00000 0.00000 0.00000 0.00000 0.00000 0.00000 0.00000 0.00000 0.00000 0.00000 0.00000 0.00000 0.00000 0.00000 0.00000 0.35256 1.01025
0.00000 0.00000 0.00000 0.00000 0.00000 0.00000 0.00000 0.00000 0.06396 0.21047 0.34832 0.22543 0.10442 0.03145 0.00000 0.00000 0.00000 0.00000 0.00000 0.00000 0.00000 0.00000 0.00000 0.00000 0.02820 0.04145 0.04914 0.03884 0.04130 0.00000 0.00000 0.00000 0.00000 0.00000 0.00000 0.00000 0.00000 0.00000 0.00000 0.00000 0.00000 0.00000 0.00000 0.00000 0.00000 0.00000 0.00000 0.00000 0.00000 0.00000 0.00000 0.00000 0.00000 0.00000 0.00000 0.00000 0.00000 0.00000 0.17721 1.33682
0.00000 0.00000 0.00000 0.00000 0.00000 0.00000 0.00000 0.06507 0.40316 0.59926 0.62235 0.52499 0.38154 0.17612 0.00000 0.00000 0.00000 0.03701 0.04173 0.04331 0.04869 0.06019 0.07834 0.10305 0.13374 0.16869 0.20634 0.24026 0.25024 0.19570 0.05514 0.03064 0.08849 0.05646 0.02539 0.00000 0.00000 0.00000 0.00000 0.00000 0.00000 0.00000 0.00000 0.00000 0.00000 0.00000 0.00000 0.00000 0.00000 0.00000 0.00000 0.00000 0.00000 0.00000 0.00000 0.00000 0.00000 0.09029 0.51643 1.59652
0.00000 0.00000 0.00000 0.00000 0.00000 0.00000 0.00000 0.30862 0.80099 1.11217 0.75649 0.42072 0.28657 0.20020 0.05334 0.00000 0.09736 0.29386 0.35207 0.36290 0.38584 0.43805 0.48580 0.52393 0.57601 0.63049 0.70194 0.76488 0.79165 0.83421 0.86130 1.03190 1.50338 1.25473 0.74459 0.72020 0.36236 0.39487 0.33960 0.26956 0.12086 0.00000 0.00000 0.00000 0.00000 0.00000 0.00000 0.00000 0.00000 0.04561 0.17600 0.22879 0.22699 0.06334 0.00000 0.00000 0.04917 0.26519 0.97703 1.91212
0.00000 0.00000 0.00000 0.00000 0.00000 0.00000 0.07221 1.96653 2.71408 2.44503 1.06647 0.28360 0.13324 0.08684 0.04507 0.00000 1.05267 1.91765 2.26997 2.52709 2.61674 2.55393 2.41333 2.01595 1.81520 2.06613 2.32303 2.43305 2.50247 2.62406 3.23045 4.87200 5.43520 6.12717 5.95760 5.43936 4.73495 3.30407 2.01042 1.06896 0.49295 0.19106 0.03688 0.00000 0.00000 0.00000 0.00000 0.02166 0.06600 0.34263 0.44992 0.45711 0.40679 0.25622 0.00000 0.05487 0.15623 0.67787 2.04494 3.32185
0.00000 0.00000 0.00000 0.00000 0.02354 0.02882 0.06772 2.74910 4.58611 2.02397 0.56235 0.13225 0.04027 0.00000 0.00000 0.05200 1.52565 3.45451 4.38827 4.77146 4.76186 4.79896 4.74330 4.51496 3.97454 3.81535 3.79386 3.82675 3.99748 4.70384 6.31859 7.79169 8.23024 8.48745 8.73911 8.93050 8.45490 7.18751 5.33916 3.19391 1.57872 0.62771 0.19399 0.03318 0.00000 0.03887 0.13980 0.36047 0.62220 0.67580 0.59636 0.51735 0.49365 0.42937 0.32183 0.49806 0.91259 1.96222 3.53119 4.68478
0.00000 0.00000 0.00000 0.35963 1.03866 1.75974 2.17674 5.73031 7.25610 1.80016 0.19059 0.02062 0.00000 0.00000 0.00000 0.26867 1.58191 3.27971 4.49464 4.89996 4.80101 5.02581 5.06835 4.91306 4.69664 4.47209 4.60051 4.68092 4.67867 5.93229 7.51263 8.07248 8.77109 9.32071 10.37201 11.21336 11.46941 11.84446 11.24564 8.11457 4.75296 2.23404 0.87824 0.31225 0.18523 0.31036 0.66843 1.12000 1.42782 1.32264 1.00625 0.75521 0.60849 0.46865 0.48586 0.94812 1.98475 3.44072 4.68103 5.03099
0.00000 0.05377 0.40844 1.38598 3.14030 6.56766 11.96130 17.53702 10.96400 2.44509 0.22687 0.00000 0.00000 0.00000 0.05017 0.59480 2.02530 3.64470 4.56891 4.88115 5.03538 5.04965 5.17497 4.99622 4.82716 4.78421 5.08292 4.93015 5.33457 6.67528 8.27331 8.93091 9.63218 10.38031 11.28650 12.56077 13.66055 14.68505 14.70056 13.35960 10.61851 6.89513 3.73636 2.04039 1.56387 1.75129 2.49437 3.14341 2.87838 2.25912 1.84101 1.50565 0.96158 0.42905 0.41610 1.21199 2.81019 4.47855 5.20435 5.28179
0.00000 0.22419 0.70986 1.70665 3.37948 7.13887 15.01364 19.82592 11.39063 4.79894 8.16329 2.52881 1.36262 0.16200 0.08860 0.60953 1.97440 3.29790 4.34732 4.92058 5.44451 5.25839 5.16832 4.95341 4.76911 4.75282 4.86197 4.78411 4.80099 5.74191 7.36740 8.66123 9.48285 10.08683 11.33166 12.59917 14.25999 15.87412 17.17471 17.42351 16.13437 11.89759 7.25819 4.72273 4.40655 5.07964 6.05341 6.25244 5.40714 3.69702 2.65035 2.50058 1.92616 1.12592 1.17425 2.65813 4.52754 5.45000 5.34599 5.13605
0.02953 0.11171 0.43661 1.43573 2.71771 3.89906 7.72374 13.37231 17.05817 28.99022 39.19289 19.47897 5.14962 1.60196 0.67549 1.23060 1.57962 2.27830 3.93125 4.86908 5.13925 5.09763 5.10187 5.04445 5.08070 4.94942 4.59766 3.78794 3.79021 4.49052 6.17605 8.31652 9.08280 9.97404 11.58308 12.55381 13.66590 15.17776 17.33250 18.62409 18.21274 14.29536 8.59486 5.09390 4.72296 6.21110 8.35960 9.22615 8.56129 6.90091 5.80942 5.57040 4.92944 3.67706 3.80622 5.60049 7.58211 7.41081 5.61576 4.33681
0.00000 0.02322 0.21554 1.01809 2.21615 2.94584 3.99574 7.18986 17.62250 62.70230 67.79151 35.09299 10.97137 11.89063 6.00729 6.04513 3.00163 1.64898 2.54323 4.02664 4.81479 5.00437 4.74877 4.57011 4.39301 3.94966 3.49788 2.68069 2.57230 3.17321 5.28227 8.04156 8.47101 8.87252 9.51376 10.30750 11.41866 12.87197 15.93698 18.41596 19.06167 15.90349 8.91541 4.53544 3.90333 5.41724 8.43775 9.34986 9.28631 9.44186 10.36818 10.63536 8.21540 5.82654 5.63057 6.85117 8.76852 9.10930 5.55236 2.24248
0.00000 0.00000 0.15553 0.56399 1.32144 1.96049 2.67949 5.10985 14.45627 42.87317 45.36080 22.64374 27.46800 61.62278 29.69364 16.86699 6.12356 2.24403 1.59567 2.14026 3.12004 3.84359 3.67849 3.29000 2.81779 2.43208 2.20391 1.68322 1.23592 2.02278 3.79152 6.06265 8.06447 8.80439 9.29564 10.08059 10.63776 11.10512 14.81017 18.36131 19.01876 16.58317 9.95785 4.82064 3.80997 5.18251 7.51637 8.41322 8.35859 9.81120 11.25899 11.03752 8.38235 5.83716 5.46646 6.30028 7.87160 7.82227 4.65888 2.15898
0.00000 0.00000 0.02342 0.10980 0.38675 0.72386 1.29470 3.16125 9.40181 18.44404 15.78959 6.49825 39.26115 152.43910 150.74173 53.49006 14.57291 3.08275 1.38659 1.46330 1.56441 2.07837 2.37502 2.29811 2.20067 2.06004 1.80191 1.56150 1.08189 0.79448 2.04545 3.94559 6.09398 7.78413 8.86290 9.93379 9.97026 10.50832 13.60225 17.07802 18.46774 17.65505 13.30427 8.79465 6.24813 5.80338 5.99782 6.30016 6.35305 7.00524 7.37790 7.19268 6.88412 6.16749 5.55249 5.25457 5.22901 4.35826 3.02870 2.64638
0.00000 0.00000 0.00000 0.00000 0.00000 0.00000 0.05854 0.71822 2.00452 2.56256 1.65079 2.79393 6.79714 25.48814 66.84395 33.71452 4.50333 0.86087 1.11133 2.12143 1.99950 2.03541 2.25992 2.34596 2.14154 2.18709 2.04546 1.49125 0.95655 0.56027 0.62037 2.10632 3.74974 5.30131 7.28754 9.15713 9.97539 10.55070 12.76737 15.27794 17.37517 16.68871 14.77982 13.16507 9.88838 6.20708 3.90211 2.68675 2.38654 2.91685 4.24335 5.24027 5.33588 5.31650 4.77778 3.90468 2.57916 1.31904 1.16141 2.51221
0.00000 0.00000 0.00000 0.00000 0.00000 0.00000 0.00000 0.00000 0.00000 0.00000 0.00000 0.00000 0.00000 1.12612 2.04751 2.53502 0.33582 0.49384 1.19004 2.20734 4.02217 4.71730 4.82691 4.03079 2.77160 2.13004 1.76432 1.34699 0.81618 0.40903 0.11393 0.26207 1.26278 2.27393 3.72626 5.52035 6.90407 7.36712 8.21123 10.94427 13.77572 14.63934 14.42979 13.46259 10.38612 5.20622 2.04399 0.79735 0.39367 0.48431 1.25874 2.41015 3.16495 3.65200 2.78423 2.36614 1.46616 0.83921 1.19388 2.91924
0.00000 0.00000 0.00000 0.00000 0.00000 0.00000 0.00000 0.00000 0.00000 0.00000 0.00000 0.00000 0.00000 0.00000 0.59706 1.44094 0.74162 1.55730 3.38920 3.89299 7.71372 9.50272 8.62868 5.76307 4.88862 4.62650 2.24372 0.98831 0.40534 0.19342 0.07154 0.00000 0.14342 0.52762 1.12983 2.41405 4.02324 4.91501 5.04155 6.76591 10.07387 11.82194 11.91530 9.67829 5.99649 2.79519 1.02610 0.07107 0.00000 0.04454 0.25106 0.73898 1.48030 2.19358 2.01237 1.70962 1.80784 1.91939 2.62513 4.23178
0.00000 0.04681 0.15669 0.00000 0.05614 0.21280 0.14028 0.10384 0.00000 0.00000 0.00000 0.00000 0.00000 0.00000 0.19472 0.99002 0.98777 1.40686 2.58323 3.83451 6.70886 9.67698 11.33154 11.38322 9.66618 6.59681 2.85477 0.79726 0.24663 0.12535 0.02055 0.00000 0.00000 0.00000 0.27431 1.13696 2.49114 3.27006 3.28405 4.16585 6.71533 8.36512 7.82549 4.47656 1.63560 0.68998 0.22211 0.00000 0.00000 0.00000 0.00000 0.00000 0.37256 0.98237 1.60241 2.04930 2.31511 2.67189 3.39525 4.84850
1.61612 2.16161 2.76190 1.45487 1.28688 0.67687 0.27086 0.21161 0.02486 0.00000 0.00000 0.00000 0.00000 0.00000 0.00000 0.03229 0.05663 0.49076 0.46541 1.05407 2.67566 5.50446 8.71121 9.62173 7.88835 4.44819 1.54098 0.43378 0.25602 0.19072 0.00000 0.00000 0.00000 0.00000 0.02608 0.75790 1.26623 1.38470 1.31731 2.05872 3.47669 4.12490 3.14169 1.56098 0.53635 0.40624 0.77198 1.61285 1.16969 0.10980 0.00000 0.00000 0.16421 0.80897 1.68096 2.34005 2.66406 2.72878 3.06557 4.84727
7.91897 11.16844 11.21110 6.63843 2.62882 0.96838 0.44058 0.32233 0.08768 0.00000 0.00000 0.00000 0.00000 0.00000 0.00000 0.00000 0.00000 0.03875 0.07046 0.07998 0.11663 0.86702 2.01385 2.20721 3.00728 1.20337 0.00000 0.09411 0.54111 0.53752 0.02179 0.00000 0.00000 0.00000 0.60153 1.26102 1.44381 0.85534 0.51343 0.73508 0.89011 0.63603 0.02609 0.12722 1.52017 4.09294 6.60073 5.27902 3.12818 2.40071 1.21395 0.16697 0.11051 0.99345 1.81688 3.04364 3.40869 3.77401 3.36518 4.82950
15.50379 21.63608 20.24420 10.27982 2.91209 1.20752 0.92843 0.62506 0.09064 0.00000 0.00000 0.00000 0.00000 0.00000 0.00000 0.00000 0.03707 0.00000 0.00000 0.00000 0.00000 0.30014 0.18877 0.23135 0.36626 0.09409 0.00000 0.00000 0.80741 2.05200 1.37152 0.16393 0.00000 0.04159 0.80447 2.11633 2.21567 1.18721 1.00650 0.44657 0.14303 0.00000 0.00000 0.83020 5.93595 14.20114 15.09460 6.79088 2.29677 2.34167 2.34023 1.97009 1.18482 1.22342 2.05897 3.41469 3.84963 4.21969 4.12816 5.79277
16.59898 22.96037 20.92160 11.38405 4.40568 2.14192 1.76334 1.55456 0.17078 0.00000 0.00000 0.00000 0.20437 0.50522 0.27432 0.39847 0.49525 0.69962 0.54971 0.79319 1.34933 0.90429 0.48790 0.27705 0.00000 0.00000 0.00000 0.00000 0.52008 1.36241 1.09227 0.19350 0.00000 0.15836 0.49738 0.89598 0.18112 0.02487 0.10447 0.00000 0.00000 0.00000 0.00000 0.27023 5.63009 18.90490 15.66735 4.91460 2.11881 3.45164 4.02353 3.84397 3.34873 2.12748 1.79013 2.98405 3.74948 4.23387 4.71575 5.67923
10.60732 14.43320 12.15328 8.30213 5.82581 4.54609 4.53150 4.29264 1.45080 0.12991 0.00000 0.15317 0.65948 2.33302 2.67159 1.83307 1.64968 2.52492 1.60153 1.21524 1.98174 2.01063 1.56923 1.37052 0.97742 0.30888 0.03661 0.00000 0.00000 0.08316 0.02613 0.00000 0.00000 0.00000 0.12047 1.18509 17.42943 13.94297 0.79417 0.00000 0.00000 0.00000 0.12083 0.67811 3.92848 9.49644 8.30585 5.29154 7.23048 9.04055 9.18839 7.75095 3.92878 1.29411 1.07238 2.12791 3.11993 3.90961 4.35753 4.35165
4.72885 5.85937 3.89422 4.58206 8.72955 15.04708 18.44464 12.28616 4.95254 1.47000 0.47570 0.58412 3.06818 7.93111 7.01966 3.78126 6.07982 6.99434 5.46747 4.75163 3.32140 3.53865 4.53656 4.74729 2.90341 0.87305 0.17564 0.00000 0.00000 0.11844 0.74968 0.14588 0.27635 0.93479 3.11810 12.57952 35.23811 38.12484 3.88740 0.04570 1.09905 1.39336 2.42487 3.92811 4.26972 2.69813 2.04332 6.92304 14.55136 13.75891 12.59029 7.57772 2.58960 1.20106 0.61478 1.08157 2.21536 3.69062 4.43098 4.32011
2.74386 3.34298 2.83090 4.22519 13.65175 31.61495 40.91206 21.62012 10.38549 7.28142 4.60187 2.10644 7.55461 18.34362 21.93452 12.81621 12.58723 11.57233 11.09976 18.70138 17.07055 10.12089 9.11757 9.33241 6.56316 2.05615 0.03242 0.00000 0.00000 0.26186 0.69874 0.71644 0.97234 1.94760 3.50942 8.65455 18.39441 14.45784 3.30634 2.96918 7.15935 9.16761 6.83576 4.20795 5.24449 2.98286 1.94955 4.87087 8.26126 9.13881 9.00187 5.31544 2.23571 0.88833 0.33371 0.59591 1.11238 4.14736 6.70321 6.39055
3.17986 4.53056 5.27359 6.87679 12.54020 26.68102 33.31969 16.84337 15.86850 20.31544 13.45205 9.36077 15.64711 35.92488 63.47141 48.25437 32.38165 21.86367 19.77546 31.14225 30.33501 16.29019 11.68320 16.24253 14.30809 6.74342 0.43146 0.00000 0.00000 0.00000 0.00000 0.38642 1.37477 2.90641 3.98180 5.50914 5.67911 2.20721 1.78856 5.34393 11.63635 15.19304 13.59676 5.92110 4.17668 6.00067 3.41654 1.48347 2.63255 4.92080 6.05393 4.13198 1.75872 0.57620 0.33485 1.06227 2.66095 6.92590 9.51379 13.01003
7.40322 9.95230 9.28993 7.62155 8.08686 12.26304 14.92123 11.28218 15.08789 21.01132 20.01057 19.17587 18.75949 25.48430 58.05551 66.42233 51.84138 30.56874 24.99086 24.71637 20.97790 14.45844 12.85252 20.56012 17.63349 9.35423 1.36499 0.00000 0.00000 0.00000 0.03097 0.08897 0.90718 3.32306 6.05030 5.68782 1.74467 0.29276 1.68586 5.11920 8.26992 12.37421 16.00149 7.62359 3.31311 3.98662 2.11141 1.22979 1.28162 2.19316 2.74604 2.20764 1.06059 0.30219 0.20735 0.92807 5.39400 14.48650 17.65461 22.04735
12.60604 16.28791 14.38969 11.20988 9.01619 7.22992 7.75531 9.48310 14.77502 21.05774 23.12162 27.47547 29.00578 26.65267 53.64630 104.94063 86.09574 36.15665 23.97432 18.73609 13.94989 9.67867 9.80666 13.56917 12.28166 6.64991 1.88618 0.06900 0.00000 0.20985 0.37184 0.22900 0.03108 1.85277 4.97529 8.08969 2.54364 1.70780 2.45456 3.01874 3.97951 8.51226 17.34214 11.25867 6.46397 3.40636 1.78311 1.10742 0.78762 0.80826 0.78258 0.82463 0.54896 0.42984 0.65220 1.64263 8.14849 22.21802 29.50644 29.68608
20.60312 22.36595 18.94795 16.71944 19.58183 15.25452 12.63971 13.37200 16.31850 19.24359 20.56763 26.39832 37.21178 39.96543 56.56386 127.45532 98.84533 41.69815 21.43217 13.14237 12.62803 10.65080 7.53088 6.92504 6.00230 3.26059 0.91153 0.97008 1.11169 0.87567 0.60259 0.21121 0.00000 0.74962 1.62337 2.71264 1.52183 2.38966 4.23310 10.29648 20.05935 14.65819 3.73533 6.75789 13.52685 8.56503 2.60286 0.87356 0.48534 0.45882 0.28652 0.26310 0.38957 0.81191 1.33093 2.66150 10.73570 24.88908 32.82986 29.33203
24.95557 22.37859 17.12743 16.66760 24.77943 26.26318 19.73141 18.10726 14.71934 12.27768 10.07788 12.43702 22.58915 31.70882 43.89077 53.65693 44.64457 22.65021 14.67187 14.33339 22.42374 19.14764 9.32356 4.49745 3.34533 2.91697 2.63777 3.84233 3.71823 2.13479 0.82554 0.04419 0.00000 0.25392 1.08869 3.79918 8.10344 7.35116 8.63893 26.18574 58.64160 72.51337 6.13707 7.11652 23.80694 18.52929 6.87355 1.49404 0.70348 0.59946 0.39743 0.19948 0.38066 0.80176 1.35580 2.15066 9.21380 17.63400 19.39822 13.45039
14.97243 14.04779 11.27914 11.30587 14.37226 19.73330 21.73831 22.21793 15.60765 8.45117 7.98394 10.20954 13.09415 19.66214 23.48177 18.30913 12.11474 8.66460 7.78553 10.92889 19.74204 17.45437 8.17191 4.30128 3.60775 4.39147 6.35543 7.94252 5.82229 3.13737 0.65806 0.00000 0.00000 0.00000 0.38037 2.98491 7.99074 14.56522 29.15350 65.35397 95.04374 82.30907 7.39924 1.95226 14.71368 18.50271 11.35398 2.98884 0.91819 0.86841 0.69117 0.32309 0.50151 0.79187 1.31456 2.53514 6.75153 10.29792 7.32813 3.26897
8.92245 7.19164 4.20299 5.37120 8.51467 18.95055 28.10386 26.87386 14.74287 7.37810 9.00611 11.25129 10.63624 11.90605 10.32197 5.38075 4.27228 5.22205 5.52220 6.54970 9.06316 7.82128 4.04498 2.69372 3.15708 5.23567 8.90598 10.45469 6.92891 3.58858 0.72788 0.00000 0.00000 0.00000 0.00000 0.64362 4.03505 16.24347 52.50934 119.16746 195.04933 -99999.00000 -99999.00000 1.07266 5.01504 10.39677 10.53395 4.37699 1.09786 0.98212 0.99936 0.57249 0.61804 0.82529 1.07497 1.44099 3.42386 4.72122 2.43660 1.72454
5.48706 3.43725 2.19679 4.48546 15.26668 37.23009 55.75012 38.14682 12.29111 4.37941 4.46900 5.18312 5.83928 6.09373 4.71036 2.46490 2.76368 4.13224 5.42786 5.67542 5.44241 3.70399 1.67856 1.42592 2.60772 5.19365 7.96913 11.12309 8.63481 3.18768 0.38694 0.00000 0.39433 0.48990 0.14010 -99999.00000 -99999.00000 -99999.00000 -99999.00000 -99999.00000 -99999.00000 -99999.00000 -99999.00000 11.15283 5.86822 7.55171 7.67257 4.97916 1.83153 1.05045 1.00367 0.57976 0.47154 0.49096 0.58924 1.08521 1.94640 1.59280 0.61325 0.19768
3.30743 2.52743 2.68918 8.61094 -99999.00000 95.63071 105.94081 48.24062 6.39921 1.48724 1.64718 1.95613 2.15482 2.70919 2.65288 2.08655 2.36412 2.54430 4.75864 6.61873 6.26522 3.61938 1.80996 1.69836 2.83430 4.81244 6.30357 6.19924 3.13321 0.93070 0.00000 0.00000 0.57620 1.86828 -99999.00000 -99999.00000 -99999.00000 -99999.00000 -99999.00000 -99999.00000 -99999.00000 -99999.00000 -99999.00000 -99999.00000 8.91363 6.96528 5.89863 4.92196 3.17309 1.38259 0.62705 0.54428 0.54667 0.81836 1.58979 2.09374 2.16551 1.79700 0.88555 0.17396
-99999.00000 -99999.00000 -99999.00000 -99999.00000 -99999.00000 65.76019 84.97189 33.65786 6.61105 1.76672 1.30716 1.12408 1.27804 2.09014 2.69309 2.99943 3.15313 1.82366 2.36897 4.79479 6.17882 4.43723 2.86863 2.44566 2.93327 3.10349 4.43002 3.87618 0.89678 0.06342 0.00000 0.00000 0.16143 0.62567 -99999.00000 -99999.00000 -99999.00000 -99999.00000 -99999.00000 -99999.00000 -99999.00000 -99999.00000 -99999.00000 -99999.00000 -99999.00000 5.34951 4.96585 4.40025 3.47320 1.84333 0.77705 0.58337 0.72757 1.59468 2.33066 2.34602 2.53594 2.45302 1.36230 0.39755
