DATA/RAW-RASTER/CPC/2017/20170617.asc
ncols			60
nrows			40
xllcorner		70.0
yllcorner		20.0
cellsize		0.5
NODATA_value	-99999
0.27637 0.15033 0.04993 0.00000 0.00000 0.00000 0.00000 0.00000 0.00000 0.00000 0.00000 0.00000 0.00000 0.00000 0.00000 0.00000 0.00000 0.00000 0.00000 0.00000 0.00000 0.00000 0.00000 0.00000 0.00000 0.00000 0.02079 0.00000 0.00000 0.00000 0.00000 0.00000 0.00000 0.00000 0.00000 0.00000 0.00000 0.00000 0.00000 0.00000 0.00000 0.00000 0.00000 0.00000 0.00000 0.00000 0.00000 0.02084 0.03032 0.04463 0.07790 0.11194 0.09253 0.05199 0.02063 0.00000 0.00000 0.00000 0.00000 0.00000
0.26694 0.11166 0.03173 0.00000 0.00000 0.00000 0.00000 0.00000 0.00000 0.00000 0.00000 0.00000 0.00000 0.00000 0.00000 0.00000 0.00000 0.00000 0.00000 0.00000 0.00000 0.00000 0.00000 0.00000 0.00000 0.00000 0.00000 0.00000 0.00000 0.00000 0.00000 0.00000 0.00000 0.00000 0.00000 0.00000 0.00000 0.00000 0.00000 0.00000 0.00000 0.00000 0.00000 0.00000 0.00000 0.00000 0.00000 0.03803 0.11584 0.25398 0.43638 0.56633 0.60545 0.61337 0.55211 0.43920 0.34433 0.26703 0.19951 0.11074
0.04782 0.00000 0.00000 0.00000 0.00000 0.00000 0.00000 0.00000 0.00000 0.00000 0.00000 0.00000 0.00000 0.00000 0.00000 0.00000 0.00000 0.00000 0.00000 0.00000 0.00000 0.00000 0.00000 0.00000 0.00000 0.00000 0.00000 0.00000 0.00000 0.00000 0.00000 0.00000 0.00000 0.00000 0.00000 0.00000 0.00000 0.00000 0.00000 0.00000 0.00000 0.00000 0.00000 0.00000 0.00000 0.00000 0.00000 0.06542 0.25979 0.75868 1.32471 1.59807 1.85055 2.30448 2.47444 2.03691 1.63598 1.60317 1.42716 0.79747
0.00000 0.00000 0.00000 0.00000 0.00000 0.00000 0.00000 0.00000 0.00000 0.00000 0.00000 0.00000 0.00000 0.00000 0.00000 0.00000 0.00000 0.00000 0.00000 0.00000 0.00000 0.00000 0.00000 0.00000 0.00000 0.00000 0.00000 0.00000 0.00000 0.00000 0.00000 0.00000 0.00000 0.00000 0.00000 0.00000 0.00000 0.00000 0.00000 0.00000 0.00000 0.00000 0.00000 0.00000 0.00000 0.04016 0.08068 0.21245 0.56747 1.34298 2.01875 2.31739 2.69597 3.57530 4.52608 4.69276 4.01289 4.00702 4.10565 3.71122
0.00000 0.00000 0.00000 0.00000 0.00000 0.00000 0.00000 0.00000 0.00000 0.00000 0.00000 0.00000 0.00000 0.00000 0.00000 0.00000 0.00000 0.00000 0.00000 0.00000 0.00000 0.00000 0.00000 0.00000 0.00000 0.00000 0.00000 0.00000 0.00000 0.00000 0.00000 0.00000 0.00000 0.00000 0.00000 0.00000 0.00000 0.00000 0.00000 0.00000 0.00000 0.00000 0.00000 0.00000 0.03188 0.09731 0.20500 0.41677 0.76442 1.29386 1.81985 2.16115 2.76324 3.69858 4.53859 5.17580 5.34782 5.50093 6.15608 6.76641
0.00000 0.00000 0.00000 0.00000 0.00000 0.00000 0.00000 0.00000 0.00000 0.00000 0.00000 0.00000 0.00000 0.00000 0.00000 0.00000 0.00000 0.00000 0.00000 0.00000 0.00000 0.00000 0.00000 0.00000 0.00000 0.00000 0.00000 0.00000 0.00000 0.00000 0.00000 0.00000 0.00000 0.00000 0.00000 0.00000 0.00000 0.00000 0.00000 0.00000 0.00000 0.00000 0.00000 0.00000 0.00000 0.05059 0.22470 0.36024 0.52885 0.74544 1.05772 1.45780 2.16225 2.65215 3.20216 4.01693 5.23023 5.87527 6.47449 7.06831
0.00000 0.00000 0.00000 0.00000 0.00000 0.00000 0.00000 0.00000 0.00000 0.00000 0.00000 0.00000 0.00000 0.00000 0.00000 0.00000 0.00000 0.00000 0.00000 0.00000 0.00000 0.00000 0.00000 0.00000 0.00000 0.00000 0.00000 0.00000 0.00000 0.00000 0.00000 0.00000 0.00000 0.00000 0.00000 0.00000 0.00000 0.00000 0.00000 0.00000 0.00000 0.00000 0.00000 0.00000 0.00000 0.00000 0.12187 0.15182 0.16468 0.17534 0.30021 0.67043 1.34155 2.10218 3.01738 4.01020 4.85871 5.49907 6.28574 6.20496
0.00000 0.00000 0.00000 0.00000 0.00000 0.00000 0.00000 0.00000 0.00000 0.00000 0.00000 0.00000 0.00000 0.00000 0.00000 0.00000 0.00000 0.00000 0.00000 0.00000 0.00000 0.00000 0.00000 0.00000 0.00000 0.02140 0.02473 0.00000 0.02004 0.00000 0.00000 0.00000 0.00000 0.00000 0.00000 0.00000 0.00000 0.00000 0.00000 0.00000 0.00000 0.00000 0.00000 0.00000 0.00000 0.00000 0.04757 0.04958 0.03745 0.02444 0.10558 0.41704 1.08166 1.92951 2.95590 4.04524 5.47688 5.89286 4.95995 4.66195
0.00000 0.00000 0.00000 0.00000 0.00000 0.00000 0.00000 0.00000 0.00000 0.00000 0.00000 0.03810 0.04055 0.02269 0.00000 0.00000 0.00000 0.00000 0.02344 0.02504 0.02820 0.03411 0.04336 0.05575 0.07095 0.08767 0.10529 0.11960 0.12206 0.09351 0.02654 0.00000 0.04472 0.03289 0.00000 0.00000 0.00000 0.00000 0.02177 0.05432 0.07325 0.03430 0.00000 0.00000 0.00000 0.00000 0.00000 0.00000 0.00000 0.02970 0.16095 0.50747 1.27851 2.61305 3.71572 3.99475 4.37545 4.33779 3.95280 3.49558
0.00000 0.00000 0.00000 0.00000 0.00000 0.00000 0.00000 0.00000 0.00000 0.00000 0.02545 0.06577 0.09774 0.12544 0.12224 0.02922 0.04798 0.13954 0.16003 0.18224 0.20448 0.22631 0.25190 0.28096 0.30716 0.33056 0.35123 0.36418 0.36633 0.37916 0.35306 0.37853 0.55807 0.51343 0.36630 0.34166 0.22019 0.27893 0.29415 0.29775 0.26011 0.22484 0.16177 0.06590 0.00000 0.00000 0.00000 0.00000 0.00000 0.02804 0.25603 0.47174 1.26096 2.09068 2.25472 1.80636 1.52398 1.73259 2.06744 1.83605
0.00000 0.00000 0.00000 0.00000 0.00000 0.00000 0.00000 0.00000 0.00000 0.00000 0.08142 0.14874 0.34035 0.55693 0.70756 0.59050 0.52578 0.45194 0.49623 0.55881 0.61041 0.66088 0.70738 0.78727 0.84165 0.82698 0.81226 0.78566 0.78521 0.81636 0.98663 1.42194 1.56968 1.74329 1.84477 2.08035 2.10966 1.59556 1.06436 0.73965 0.52593 0.42255 0.34561 0.29530 0.23167 0.11210 0.03657 0.05607 0.10914 0.44894 0.44737 0.34437 0.62248 1.12268 1.15887 0.70912 0.44175 0.65403 0.93055 0.89339
0.00000 0.00000 0.00000 0.00000 0.00000 0.00000 0.00000 0.00000 0.00000 0.03890 0.19930 0.40851 0.61682 0.91906 1.20390 1.25544 1.21761 0.89699 0.75266 0.79338 0.83019 0.84318 0.85026 0.93219 1.07227 1.12265 1.11484 1.10674 1.13713 1.36243 1.80317 2.14808 2.25507 2.40884 2.74347 3.15529 3.23286 3.00228 2.42147 1.77434 1.23390 0.78211 0.53074 0.41032 0.38906 0.38411 0.46875 0.92463 1.76968 1.87623 1.06236 0.34236 0.73054 1.45072 1.66365 1.22776 0.81908 0.66687 0.54636 0.49869
0.00000 0.00000 0.00000 0.00000 0.00000 0.00000 0.00000 0.00000 0.06780 0.26155 0.59583 1.13593 1.44938 1.58800 1.65631 1.36404 1.02142 0.85066 0.80579 0.84914 0.87385 0.88365 0.91034 0.99607 1.14256 1.22975 1.27276 1.28337 1.29264 1.61742 2.05077 2.26297 2.48793 2.81339 3.38851 3.94193 4.21597 4.59684 4.73967 3.85204 2.79689 1.79412 1.11876 0.71481 0.58691 0.70174 1.20867 2.50362 4.75878 5.74614 4.41435 2.79800 2.58955 3.03631 3.09611 2.70257 2.05016 1.38016 0.80984 0.60257
0.00000 0.00000 0.00000 0.00000 0.00000 0.00000 0.00000 0.00000 0.19732 0.67749 1.50368 2.66248 4.34255 4.49702 3.23680 1.32799 0.83532 0.84818 0.87232 0.88404 0.89469 0.90713 0.95871 1.04796 1.16137 1.25767 1.32783 1.29837 1.37290 1.72033 2.17029 2.44014 2.75148 3.15051 3.70460 4.35406 4.82464 5.35348 5.72527 5.68852 5.17676 4.30255 3.18023 2.27428 1.92766 1.92300 2.66137 4.85117 8.16539 11.09650 11.95880 9.34270 6.12169 4.85862 4.47914 4.30567 4.34105 3.87191 3.00517 2.82695
0.00000 0.00000 0.00000 0.00000 0.00000 0.00000 0.00000 0.29596 0.96019 1.35580 4.31753 8.10428 12.37926 8.59869 3.23189 1.03263 0.95230 0.95196 0.99778 0.91405 0.90633 0.92477 0.96759 1.04567 1.13855 1.20480 1.21823 1.18159 1.22978 1.50853 1.97934 2.37510 2.73436 3.14986 3.77650 4.32729 4.93440 5.58021 6.27044 6.85415 7.11644 6.61304 5.79047 5.26170 5.03734 4.44995 4.14578 5.17915 8.59211 12.36687 13.91963 11.73662 7.85025 5.97391 5.67662 6.80383 7.93496 8.23868 7.78842 7.57936
0.00000 0.00000 0.00000 0.00000 0.00000 0.26091 2.10850 5.93905 8.03678 8.58097 10.99241 13.49824 16.74822 10.36800 2.33419 2.20269 1.48726 1.07516 1.12272 1.01131 0.92556 0.92399 0.94377 1.02058 1.11444 1.10221 1.01666 0.87706 0.96194 1.22673 1.70028 2.29678 2.68332 3.20399 3.88298 4.27378 4.68474 5.23891 6.11039 6.90107 7.43918 7.43048 7.22731 6.97581 6.87847 5.84019 4.32385 3.92364 5.82253 9.05035 9.91150 8.89620 7.55340 6.47416 7.01336 9.46734 12.28965 12.78656 12.22505 11.51470
0.00000 0.00000 0.00000 0.00000 0.30175 1.43178 5.35309 13.45012 19.58126 19.08830 15.39095 11.33403 7.99847 5.95808 4.61455 7.77653 3.48251 1.30735 1.13766 1.13098 1.00379 0.90728 0.89377 0.90198 0.86799 0.74137 0.60756 0.53600 0.63672 0.92525 1.50687 2.21844 2.62144 3.03293 3.32743 3.61701 3.99785 4.48369 5.53891 6.58268 7.28958 7.82556 7.99597 8.08314 8.02319 6.71912 4.54945 3.02701 3.75561 5.47051 6.02487 5.90654 5.64852 5.32460 6.30041 9.17977 13.06708 15.30045 15.05925 15.64641
0.00000 0.00000 0.00000 0.00000 0.06201 3.45018 8.84253 17.12212 22.29831 19.28772 12.54165 5.40865 1.73417 9.15828 18.71287 13.35541 5.29765 1.64661 1.10876 1.05111 0.94318 0.79765 0.71681 0.60773 0.41980 0.30441 0.24526 0.28316 0.33979 0.69824 1.17879 1.76603 2.47298 2.98508 3.24460 3.52005 3.71388 3.87144 5.14540 6.56992 7.26274 8.32094 8.97937 8.49742 8.32247 7.96111 5.76342 3.71400 3.31215 4.10150 4.38699 4.32787 4.33797 4.22118 4.67615 7.16309 11.37154 13.89796 13.97908 15.46560
0.00000 0.00000 0.00000 0.00000 0.29809 3.78374 9.24307 16.62966 21.03933 18.85580 10.94310 2.77611 0.84868 3.33748 12.37973 9.58983 4.13807 1.60205 1.41578 1.47906 0.90323 0.63881 0.48086 0.31535 0.19094 0.11418 0.15021 0.26698 0.40186 0.50423 0.83605 1.17056 1.68338 2.34467 2.86194 3.31859 3.41477 3.62598 4.75855 6.53599 8.46267 11.14357 12.52661 11.98718 10.71222 9.24341 6.35620 4.07134 3.00455 3.03374 2.98200 3.04106 3.66144 4.33921 4.57903 5.46725 7.41211 8.57196 9.55178 11.45392
0.17863 0.22848 0.06994 0.05104 0.61590 1.91128 6.34278 20.05421 26.98879 24.64505 15.12027 6.41819 0.11896 0.07918 0.84752 0.84141 0.40749 0.81635 2.82835 4.17499 1.63678 0.72537 0.42374 0.22899 0.12184 0.11196 0.22109 0.36490 0.57928 0.72947 0.64937 0.67026 0.78738 1.23315 1.89156 2.55615 2.91179 3.17844 4.27631 6.86298 11.51693 15.26857 16.49966 16.66463 14.28234 9.73547 5.55122 2.85306 2.05458 2.13949 2.65998 3.10094 3.42701 3.80748 3.80082 3.98096 3.95772 3.56436 4.79816 9.55108
1.76437 1.61683 0.66503 0.20424 0.45963 1.54358 5.98854 22.44620 29.37098 26.26600 19.51929 13.44463 6.80214 0.96711 0.00000 0.00000 0.03401 1.32837 4.52844 7.18123 3.30143 1.40438 0.77027 0.27930 0.08106 0.12344 0.33110 0.73424 1.16785 1.18621 0.77573 0.40570 0.27772 0.37783 0.65694 1.04481 1.35381 1.49327 2.35623 5.71946 11.68885 16.17952 17.33722 16.60274 13.56948 8.04015 3.97409 2.01572 1.60873 1.60143 2.49592 3.57658 3.66662 3.47464 2.43755 2.34950 2.06580 2.07541 3.54258 7.76154
4.89926 4.41544 2.25673 0.69326 0.55210 2.85287 8.25787 15.60628 19.59712 17.98682 18.49405 20.22773 13.13872 2.93375 0.03982 0.00000 0.05665 1.01561 3.36427 5.15195 3.63392 1.78462 0.83682 0.08012 0.04014 0.38832 0.85824 1.35498 1.38887 1.21577 0.75628 0.32898 0.08376 0.00000 0.09738 0.23232 0.45450 0.52951 1.05992 3.59430 9.05556 13.22233 14.31292 11.96478 8.03203 4.97099 3.36349 2.74171 2.33566 3.73244 5.00859 6.03798 6.21410 4.67767 2.42277 1.49605 1.39653 1.64222 2.75206 4.74685
6.67761 6.89891 4.78243 2.52693 1.59544 1.80470 4.49767 7.48663 9.17277 8.36488 9.61457 11.78015 9.77907 3.99142 0.35477 0.00000 0.00000 0.17212 0.38233 0.99540 1.54388 1.13728 0.08679 0.00000 0.09043 1.00114 2.31549 3.12288 2.47519 1.43742 0.75762 0.31696 0.02239 0.00000 0.00000 0.00000 0.18402 0.33551 0.64609 2.13917 5.97379 9.29527 9.46944 6.23423 3.40857 2.70548 3.31979 4.92472 9.61416 17.74154 19.85383 19.57641 10.61113 7.27547 3.50476 1.63941 1.14708 1.07414 1.66263 3.13603
5.91628 6.72337 5.48076 3.48333 1.90136 0.37176 0.79717 2.30459 3.75402 3.42887 3.41047 3.67575 3.99291 1.92329 0.28927 0.00000 0.00000 0.00000 0.00000 0.04687 0.00000 0.04332 0.00000 0.00000 0.00000 0.90371 2.43817 4.09910 4.17832 2.12288 0.64410 0.34460 0.13422 0.00000 0.00000 0.00000 0.02673 0.02381 0.00000 0.39722 3.31968 5.52643 5.58738 4.07557 2.61893 2.96543 8.98265 21.01510 32.85792 40.09961 42.57824 42.53995 29.00571 12.81452 6.30992 2.36039 1.42713 1.04365 1.20986 2.65471
4.19640 4.95873 4.22266 2.53515 1.01163 0.19635 0.17284 1.05791 2.57884 3.88714 4.26058 2.84948 1.53914 0.36441 0.03827 0.00000 0.00000 0.00000 0.00000 0.00000 0.00000 0.00000 0.00000 0.00000 0.00000 0.42108 0.88678 1.89632 2.41016 1.33112 0.45881 0.42629 0.66399 0.60408 0.26364 0.14072 0.03585 0.00000 0.03470 0.73276 2.52962 6.26835 7.68477 5.81396 7.59180 14.93380 26.03090 35.85006 41.94313 45.62862 44.26284 40.29066 37.39892 18.25584 9.40606 4.63358 2.48511 1.91047 1.26700 1.74307
3.24400 3.91979 3.41811 1.81275 0.45514 0.10148 0.00000 0.49549 1.77443 2.84649 3.02309 1.61473 0.55894 0.00000 0.00000 0.00000 0.00000 0.00000 0.00000 0.00000 0.00000 0.00000 0.00000 0.00000 0.00000 0.08520 0.11591 0.44565 0.68584 0.31306 0.11154 0.54003 1.18246 1.00459 0.14643 0.20708 0.03413 0.00000 1.03210 3.75421 6.09988 13.75307 23.52420 21.87911 33.19809 42.09919 41.55579 32.57138 25.84045 27.83747 30.34307 30.31690 29.14885 24.74343 15.35521 7.63889 3.44715 1.84426 0.68696 0.85155
2.62318 3.40157 2.96032 1.60064 0.47194 0.04223 0.00000 0.11926 0.58792 0.83226 0.88278 0.29993 0.07210 0.00000 0.00000 0.00000 0.00000 0.00000 0.00000 0.00000 0.00000 0.00000 0.00000 0.00000 0.00000 0.00000 0.00000 0.03969 0.00000 0.00000 0.00000 0.09699 0.43801 0.44200 0.19190 0.07585 0.00000 1.12070 8.67843 12.03763 11.19534 13.55690 22.92440 31.56516 38.39002 43.84628 33.47831 12.82559 6.46823 13.64563 21.12518 25.07779 26.89530 21.68199 15.55926 10.30286 5.75013 2.61541 0.72221 0.15007
1.34203 1.80217 1.44717 0.88797 0.28938 0.00000 0.00000 0.00000 0.03351 0.02814 0.03088 0.00000 0.00000 0.00000 0.00000 0.00000 0.00000 0.13685 0.06191 0.00000 0.00000 0.00000 0.00000 0.00000 0.00000 0.00000 0.00000 0.00000 0.00000 0.00000 0.00000 0.00000 0.00000 0.00000 0.05592 0.02297 0.47010 5.73018 16.60406 19.71491 13.06608 5.72093 9.07165 13.35715 16.55572 21.00264 18.15586 6.96876 2.78601 5.60444 11.27192 16.47039 15.71931 11.92112 12.58776 12.34552 9.26423 4.76100 1.74494 0.45749
0.35198 0.50283 0.24590 0.14112 0.00000 0.00000 0.00000 0.00000 0.00000 0.00000 0.00000 0.00000 0.00000 0.00000 0.00000 0.00000 0.16737 1.80357 4.11105 2.81053 0.72803 0.49311 0.35627 0.06607 0.00000 0.00000 0.00000 0.00000 0.00000 0.00000 0.00000 0.00000 0.00000 0.00000 0.00000 0.00000 0.14671 5.46179 13.91398 17.89944 14.91069 9.05495 12.33833 16.72954 19.37267 15.42455 11.13636 6.24688 1.65006 0.45797 1.92848 4.86983 6.27825 8.37210 10.74912 13.62059 13.20269 7.06835 1.91470 0.45632
0.04549 0.09977 0.02346 0.00000 0.00000 0.00000 0.00000 0.00000 0.00000 0.00000 0.00000 0.00000 0.00000 0.00000 0.00000 0.00000 0.42730 3.57456 13.50376 10.76165 3.20594 1.04205 0.51236 0.17985 0.06209 0.00000 0.00000 0.00000 0.00000 0.00000 0.00000 0.00000 0.00000 0.00000 0.00000 0.00000 0.00000 2.58402 8.76136 14.42409 18.52740 24.00210 30.92200 36.91719 45.27637 39.33764 21.85791 9.16094 2.49468 1.04467 0.13312 0.12569 3.48882 6.11240 8.29563 13.11504 15.88025 9.36915 1.40267 0.39176
0.00000 0.00000 0.00000 0.00000 0.00000 0.00000 0.00000 0.00000 0.00000 0.00000 0.00000 0.00000 0.00000 0.00000 0.00000 0.00000 0.15479 2.46810 12.64501 11.10775 3.75380 0.79894 0.20468 0.42350 0.50666 0.10565 0.00000 0.00000 0.00000 0.00000 0.00000 0.44595 1.62585 1.84995 0.91494 0.59941 0.62392 2.02599 6.74636 15.98528 25.90537 37.24464 50.63727 55.20468 57.59523 63.15873 37.51752 10.58254 3.72259 2.58275 1.66196 1.04398 2.39851 3.56720 5.09304 8.98663 11.23069 8.42801 2.12037 0.92404
0.00000 0.00000 0.00000 0.00000 0.00000 0.00000 0.00000 0.00000 0.00000 0.04795 0.09961 0.00000 0.00000 0.00000 0.00000 0.00000 0.00000 1.24710 4.36173 4.76254 2.08657 0.31703 0.00000 0.72216 0.97548 0.89994 0.50643 0.16978 0.00000 0.00000 0.62112 5.08039 9.76293 10.08210 9.44207 6.92392 2.73436 3.96078 8.06312 18.02894 31.71064 40.65434 45.81755 44.55571 44.76230 41.67333 21.98517 12.73732 6.20362 3.71985 2.28652 1.37489 1.49372 1.48841 1.33109 2.26674 4.52920 5.44492 2.67949 1.40789
0.00000 0.00000 0.00000 0.00000 0.00000 0.00000 0.00000 0.00000 0.20398 0.55203 0.47376 0.03438 0.00000 0.00000 0.00000 0.00000 0.00000 0.00000 0.00000 0.19676 0.00000 0.00000 0.18291 1.26088 1.93773 2.22968 1.91628 0.98263 0.37317 0.23212 2.52629 10.01428 18.11128 16.04755 13.30289 15.52841 12.38336 12.23132 11.95235 19.89376 32.75214 43.29909 49.73484 41.86700 32.33501 20.52320 12.66059 8.12730 4.49620 2.74336 1.51574 0.75649 0.79785 0.65586 0.44833 0.42285 1.75141 3.34241 3.14252 2.03441
0.00000 0.00000 0.00000 0.00000 0.00000 0.00000 0.00000 0.02013 0.39076 0.71186 0.51819 0.00000 0.00000 0.00000 0.00000 0.00000 0.00000 0.00000 0.00000 0.00000 0.00000 0.17040 1.08261 2.69370 3.53358 3.60165 3.38614 2.22183 1.29868 1.10833 2.87528 13.55766 23.85055 16.26494 10.56622 18.75740 14.65202 12.81507 10.77756 16.79086 31.62160 46.04445 51.01869 41.26863 32.40208 16.91385 6.62101 3.37396 2.03348 1.57184 0.88997 0.42104 0.36541 0.31601 0.27905 0.43003 1.45542 2.88128 3.35508 2.40775
0.00000 0.00000 0.00000 0.00000 0.00000 0.00000 0.00000 0.00000 0.12794 0.16444 0.03517 0.00000 0.00000 0.00000 0.00000 0.00000 0.00000 0.09879 0.62771 0.92027 0.29311 0.23628 1.79692 3.87743 4.07022 3.75439 3.13725 2.03465 1.32982 1.36726 6.36537 15.39546 20.14138 12.99963 7.09166 6.15643 2.23407 3.77447 3.29197 7.34687 23.40144 43.26762 50.10142 41.77061 31.15314 19.17879 8.15469 2.79687 1.77667 1.41963 0.90843 0.40889 0.21130 0.19359 0.25430 0.38415 1.25003 2.13453 2.37148 1.94543
0.00000 0.00000 0.00000 0.00000 0.00000 0.00000 0.00000 0.00000 0.00000 0.00000 0.00000 0.00000 0.00000 0.00000 0.00000 0.00000 0.00000 0.27289 2.16140 3.36625 1.22805 0.26526 1.08165 2.53064 3.16051 2.68737 1.60209 0.63488 0.22839 0.00000 3.78595 8.66795 9.32551 4.70388 1.24351 0.25779 0.00000 0.06105 0.00000 0.00000 10.01023 33.70373 43.63865 38.44419 32.98556 26.19974 14.90301 4.01769 1.59938 1.23060 0.85417 0.73079 0.50975 0.45514 0.49124 0.54167 0.98374 1.49526 1.38382 1.09310
0.00000 0.00000 0.00000 0.00000 0.00000 0.00000 0.00000 0.00000 0.00000 0.00000 0.00000 0.00000 0.00000 0.00000 0.00000 0.00000 0.00000 0.32935 2.07067 2.86002 1.00669 0.03281 0.14694 0.80631 1.27334 0.80109 0.41651 0.08287 0.00000 0.00000 0.35439 1.64752 1.67273 0.18878 0.00000 0.00000 0.00000 0.00000 0.00000 0.00000 0.84598 -99999.00000 -99999.00000 45.95604 42.10867 33.15032 23.54627 7.62780 1.81158 1.30151 1.17979 1.64589 1.77076 1.65282 1.53822 1.26242 1.45147 1.51026 0.88670 0.49842
0.00000 0.00000 0.00000 0.00000 0.00000 0.00000 0.00000 0.00000 0.00000 0.00000 0.00000 0.00000 0.00000 0.00000 0.00000 0.00000 0.00000 0.08762 0.52696 0.78460 0.14673 0.00000 0.00000 0.07289 0.18226 0.00000 0.00000 0.00000 0.00000 0.00000 0.00000 0.00000 0.00000 0.00000 0.00000 -99999.00000 -99999.00000 -99999.00000 -99999.00000 -99999.00000 -99999.00000 -99999.00000 -99999.00000 46.09154 43.73063 34.41671 25.89767 13.06250 3.92918 2.04163 2.24280 2.87710 3.19294 3.27075 3.62061 4.08359 3.51137 2.15480 0.76075 0.06933
0.00000 0.00000 0.00000 0.00000 -99999.00000 1.29581 1.30950 0.19243 0.00000 0.00000 0.00000 0.00000 0.00000 0.00000 0.00000 0.00000 0.00000 0.00000 0.00000 0.02492 0.00000 0.00000 0.00000 0.00000 0.00000 0.00000 0.00000 0.00000 0.00000 0.00000 0.00000 0.00000 0.00000 0.00000 -99999.00000 -99999.00000 -99999.00000 -99999.00000 -99999.00000 -99999.00000 -99999.00000 -99999.00000 -99999.00000 -99999.00000 34.10603 28.77314 23.28052 17.13503 9.60855 4.73526 3.51480 3.60511 3.84563 5.28469 8.55433 9.02481 6.08414 2.80284 0.97958 0.11969
-99999.00000 -99999.00000 -99999.00000 -99999.00000 -99999.00000 0.66265 0.79674 0.00000 0.00000 0.00000 0.00000 0.04893 0.25380 0.49999 0.23579 0.00000 0.00000 0.00000 0.00000 0.00000 0.00000 0.00000 0.00000 0.00000 0.00000 0.00000 0.00000 0.00000 0.00000 0.00000 0.00000 0.00000 0.00000 0.00000 -99999.00000 -99999.00000 -99999.00000 -99999.00000 -99999.00000 -99999.00000 -99999.00000 -99999.00000 -99999.00000 -99999.00000 -99999.00000 22.00133 21.57217 20.21299 16.27856 9.76032 5.17911 4.23125 5.09101 9.81489 12.70426 10.78268 7.55474 3.55398 1.12325 0.34110
