DATA/RAW-RASTER/CPC/2017/20170711.asc
ncols			60
nrows			40
xllcorner		70.0
yllcorner		20.0
cellsize		0.5
NODATA_value	-99999
0.44032 0.61661 0.95714 1.20099 1.67133 2.73672 3.65992 3.57534 2.92309 1.86305 0.64196 0.12183 0.00000 0.02346 0.06923 0.07849 0.04702 0.03266 0.05896 0.06488 0.04237 0.00000 0.00000 0.00000 0.00000 0.00000 0.05234 0.02341 0.00000 0.00000 0.00000 0.00000 0.00000 0.00000 0.00000 0.00000 0.00000 0.00000 0.00000 0.00000 0.00000 0.00000 0.00000 0.00000 0.00000 0.00000 0.00000 0.00000 0.00000 0.00000 0.00000 0.00000 0.00000 0.00000 0.00000 0.00000 0.00000 0.00000 0.00000 0.00000
0.41591 0.65049 1.34787 1.76494 2.10722 3.18318 4.02435 3.68250 2.90521 1.65438 0.49507 0.00000 0.00000 0.00000 0.00000 0.00000 0.00000 0.00000 0.00000 0.02025 0.00000 0.00000 0.00000 0.00000 0.00000 0.00000 0.00000 0.00000 0.00000 0.00000 0.00000 0.00000 0.00000 0.00000 0.00000 0.00000 0.00000 0.00000 0.00000 0.00000 0.00000 0.00000 0.00000 0.00000 0.00000 0.00000 0.00000 0.00000 0.00000 0.00000 0.00000 0.00000 0.00000 0.00000 0.00000 0.00000 0.00000 0.00000 0.00000 0.00000
0.14500 0.25987 0.67564 1.03005 1.22007 1.52734 1.55875 1.16252 0.99976 0.83879 0.31205 0.00000 0.00000 0.00000 0.00000 0.00000 0.00000 0.00000 0.00000 0.00000 0.00000 0.00000 0.00000 0.00000 0.00000 0.00000 0.00000 0.00000 0.00000 0.00000 0.00000 0.00000 0.00000 0.00000 0.00000 0.00000 0.00000 0.00000 0.00000 0.00000 0.00000 0.00000 0.00000 0.00000 0.00000 0.00000 0.00000 0.00000 0.00000 0.00000 0.00000 0.00000 0.00000 0.00000 0.00000 0.00000 0.00000 0.00000 0.00000 0.00000
0.00000 0.02483 0.14653 0.30124 0.24327 0.22750 0.24154 0.07757 0.12464 0.22070 0.06293 0.00000 0.00000 0.00000 0.00000 0.00000 0.00000 0.00000 0.00000 0.00000 0.00000 0.00000 0.00000 0.00000 0.00000 0.00000 0.00000 0.00000 0.00000 0.00000 0.00000 0.00000 0.00000 0.00000 0.00000 0.00000 0.00000 0.00000 0.00000 0.00000 0.00000 0.00000 0.00000 0.00000 0.00000 0.00000 0.00000 0.00000 0.00000 0.00000 0.00000 0.00000 0.00000 0.00000 0.00000 0.00000 0.00000 0.00000 0.00000 0.00000
0.00000 0.00000 0.00000 0.00000 0.00000 0.00000 0.00000 0.00000 0.00000 0.03095 0.00000 0.00000 0.00000 0.00000 0.00000 0.00000 0.00000 0.00000 0.00000 0.00000 0.00000 0.00000 0.00000 0.00000 0.00000 0.00000 0.00000 0.00000 0.00000 0.00000 0.00000 0.00000 0.00000 0.00000 0.00000 0.00000 0.00000 0.00000 0.00000 0.00000 0.00000 0.00000 0.00000 0.00000 0.00000 0.00000 0.00000 0.00000 0.00000 0.00000 0.00000 0.00000 0.00000 0.00000 0.00000 0.00000 0.00000 0.00000 0.00000 0.00000
0.00000 0.00000 0.00000 0.00000 0.00000 0.00000 0.00000 0.00000 0.00000 0.00000 0.00000 0.00000 0.00000 0.00000 0.00000 0.00000 0.00000 0.00000 0.00000 0.00000 0.00000 0.00000 0.00000 0.00000 0.00000 0.00000 0.00000 0.00000 0.00000 0.00000 0.00000 0.00000 0.00000 0.00000 0.00000 0.00000 0.00000 0.00000 0.00000 0.00000 0.00000 0.00000 0.00000 0.00000 0.00000 0.00000 0.00000 0.00000 0.00000 0.00000 0.00000 0.00000 0.00000 0.00000 0.00000 0.00000 0.00000 0.00000 0.00000 0.00000
0.00000 0.00000 0.00000 0.00000 0.00000 0.00000 0.00000 0.00000 0.00000 0.26934 0.46334 0.27371 0.18640 0.00000 0.00000 0.00000 0.00000 0.00000 0.00000 0.00000 0.00000 0.00000 0.00000 0.00000 0.00000 0.00000 0.00000 0.00000 0.00000 0.00000 0.00000 0.00000 0.00000 0.00000 0.00000 0.00000 0.00000 0.00000 0.00000 0.00000 0.00000 0.00000 0.00000 0.00000 0.00000 0.00000 0.00000 0.00000 0.00000 0.00000 0.00000 0.00000 0.00000 0.00000 0.00000 0.00000 0.00000 0.00000 0.00000 0.00000
0.00000 0.04070 0.03118 0.02793 0.19326 0.42706 0.66834 0.91573 1.87898 3.11615 4.49956 4.18461 2.94553 1.40352 0.49984 0.16944 0.04811 0.00000 0.00000 0.00000 0.00000 0.00000 0.00000 0.00000 0.00000 0.00000 0.00000 0.00000 0.00000 0.00000 0.00000 0.00000 0.00000 0.00000 0.00000 0.00000 0.00000 0.00000 0.00000 0.00000 0.00000 0.00000 0.00000 0.00000 0.00000 0.00000 0.00000 0.00000 0.00000 0.00000 0.00000 0.00000 0.00000 0.00000 0.00000 0.00000 0.00000 0.00000 0.00000 0.00000
0.09839 0.34147 0.28189 0.20752 0.85656 1.65106 2.04848 3.05081 4.68026 6.67374 8.37347 8.77644 7.76437 5.75906 2.88719 0.93946 0.29015 0.00000 0.00000 0.00000 0.00000 0.00000 0.00000 0.00000 0.00000 0.00000 0.00000 0.00000 0.00000 0.00000 0.00000 0.00000 0.00000 0.00000 0.00000 0.00000 0.00000 0.00000 0.00000 0.00000 0.00000 0.00000 0.00000 0.00000 0.00000 0.00000 0.00000 0.00000 0.00000 0.00000 0.00000 0.00000 0.00000 0.00000 0.00000 0.00000 0.00000 0.00000 0.00000 0.00000
0.57997 1.10056 1.38191 1.84688 3.51804 6.08844 7.40728 5.81243 7.33929 11.32700 10.88496 9.09059 8.64826 8.11919 6.95214 3.78627 0.99488 0.00000 0.00000 0.00000 0.00000 0.00000 0.00000 0.00000 0.00000 0.00000 0.00000 0.00000 0.00000 0.00000 0.00000 0.00000 0.00000 0.00000 0.00000 0.00000 0.00000 0.00000 0.00000 0.00000 0.00000 0.00000 0.00000 0.00000 0.00000 0.00000 0.00000 0.00000 0.00000 0.00000 0.02787 0.04406 0.04477 0.00000 0.00000 0.00000 0.00000 0.00000 0.00000 0.06661
0.95126 1.81078 3.47249 5.62125 10.21209 15.68841 19.62330 19.22582 17.87862 22.88100 18.68805 9.47489 7.13271 6.39346 5.87580 5.40318 1.60313 0.00000 0.00000 0.00000 0.00000 0.00000 0.00000 0.00000 0.00000 0.00000 0.00000 0.00000 0.00000 0.00000 0.00000 0.00000 0.00000 0.00000 0.00000 0.00000 0.00000 0.00000 0.00000 0.00000 0.00000 0.00000 0.00000 0.00000 0.00000 0.00000 0.00000 0.00000 0.00000 0.04930 0.07826 0.08751 0.07906 0.05025 0.00000 0.00000 0.00000 0.00000 0.16147 0.70795
1.75694 2.39235 4.31873 7.43725 13.51218 23.57678 25.75000 24.37135 21.66833 21.52187 21.73144 11.37664 6.42651 4.72260 3.75972 2.77862 1.00454 0.00000 0.00000 0.00000 0.00000 0.00000 0.00000 0.00000 0.00000 0.00000 0.00000 0.02209 0.03428 0.00000 0.00000 0.00000 0.00000 0.00000 0.00000 0.00000 0.00000 0.00000 0.00000 0.00000 0.00000 0.00000 0.00000 0.00000 0.00000 0.00000 0.00000 0.00000 0.02463 0.06336 0.08608 0.09525 0.08967 0.07696 0.00000 0.00000 0.00000 0.26799 0.90923 1.21664
2.80784 3.15924 5.16063 9.99408 19.84129 39.92020 55.07141 46.31952 36.01094 19.45385 17.42446 12.46271 6.10754 3.15256 2.16659 1.54679 0.75585 0.00000 0.03338 0.00000 0.00000 0.00000 0.00000 0.00000 0.00000 0.02481 0.04950 0.05280 0.07272 0.08074 0.05680 0.06783 0.04864 0.00000 0.00000 0.00000 0.00000 0.00000 0.00000 0.00000 0.00000 0.00000 0.00000 0.00000 0.00000 0.00000 0.00000 0.00000 0.00000 0.03130 0.05663 0.07478 0.06567 0.02511 0.00000 0.00000 0.21535 0.84116 1.23222 1.33768
2.87020 3.21986 5.43525 10.92549 23.37224 45.89273 63.28695 71.88475 48.80596 29.26212 16.21606 9.83780 5.86564 3.13854 1.98114 1.14884 0.67686 0.21766 0.05706 0.00000 0.00000 0.00000 0.00000 0.00000 0.03425 0.07425 0.11077 0.15356 0.21355 0.15957 0.12053 0.21655 0.14469 0.07279 0.00000 0.00000 0.00000 0.00000 0.00000 0.00000 0.00000 0.00000 0.00000 0.00000 0.00000 0.00000 0.00000 0.00000 0.00000 0.00000 0.00000 0.00000 0.00000 0.00000 0.00000 0.00000 0.16008 0.86249 1.14957 1.18406
2.46883 2.22182 3.18106 6.11524 11.95905 25.88217 50.94335 64.10374 45.52278 21.37583 21.64637 18.03049 8.42324 2.56702 1.59441 1.12658 1.07050 0.53507 0.18095 0.02926 0.00000 0.00000 0.02238 0.04853 0.11593 0.19088 0.24469 0.35807 0.41545 0.45701 0.39313 0.35207 0.22087 0.12791 0.06178 0.00000 0.00000 0.00000 0.00000 0.00000 0.00000 0.00000 0.00000 0.00000 0.00000 0.00000 0.00000 0.00000 0.00000 0.00000 0.00000 0.00000 0.00000 0.00000 0.00000 0.00000 0.27173 0.55682 0.70177 0.71079
1.97731 0.86693 0.92481 1.94989 3.03399 6.03905 19.81440 36.83282 40.71754 51.01792 63.81416 44.40023 14.96472 5.63420 2.87582 4.21945 2.22412 0.95290 0.47293 0.17028 0.05933 0.08772 0.11146 0.20702 0.35413 0.40218 0.56693 0.73381 0.73150 0.85778 0.94512 0.59838 0.36465 0.20783 0.11386 0.03738 0.00000 0.00000 0.00000 0.00000 0.00000 0.00000 0.00000 0.00000 0.00000 0.00000 0.00000 0.00000 0.00000 0.00000 0.12265 0.16704 0.15886 0.00000 0.00000 0.15655 0.35312 0.41652 0.44949 0.42527
2.32693 0.53140 0.24354 0.49497 0.66617 1.86090 7.05533 15.56002 29.32586 91.88526 105.81797 77.02518 45.52811 23.21152 9.03825 11.83912 5.45528 1.90809 1.43343 0.97192 0.65169 0.58206 0.59911 0.72797 0.78777 0.84591 1.05554 1.14960 1.22169 1.77268 1.74878 1.20910 0.68080 0.35974 0.16578 0.06697 0.00000 0.00000 0.00000 0.00000 0.00000 0.00000 0.00000 0.00000 0.00000 0.00000 0.00000 0.00000 0.00000 0.25944 0.69218 0.76397 0.46933 0.00000 0.00000 0.19205 0.41719 0.51072 0.53549 0.33458
3.07308 1.09991 0.36119 0.07422 0.03598 1.53874 4.20468 9.56494 23.11086 64.95569 80.98188 63.72939 47.05845 30.23903 21.48907 17.96628 11.96634 5.72366 4.13938 3.30624 2.71819 2.51979 2.26456 1.87965 1.30362 1.27391 1.43816 1.47341 1.78126 2.24162 2.56148 2.19154 1.50863 0.82756 0.36227 0.13492 0.03369 0.00000 0.00000 0.00000 0.00000 0.00000 0.00000 0.00000 0.00000 0.00000 0.00000 0.00000 0.00000 0.48687 0.82039 0.82527 0.42670 0.00000 0.02894 0.36729 0.97035 1.45188 1.51017 1.11547
2.68874 0.99703 0.12644 0.00000 0.00000 0.29463 2.05481 5.52270 16.08762 34.10944 42.73844 41.65203 28.25826 15.40712 21.50571 27.65252 29.89413 21.27701 14.24613 10.43753 5.91779 4.65492 3.81406 2.78085 2.24178 1.91481 1.91491 1.92255 2.01495 2.84898 3.69432 3.77023 3.14833 2.06449 1.04088 0.43170 0.14299 0.07051 0.09821 0.14906 0.07069 0.18962 0.37087 0.07796 0.00000 0.00000 0.00000 0.06274 0.17441 0.45250 0.53362 0.49420 0.23597 0.14245 0.39598 1.15082 2.84140 4.50691 4.73268 3.60863
1.06571 0.22838 0.00000 0.00000 0.00000 0.00000 0.32004 1.39390 4.86558 13.30555 19.05510 18.19397 9.11161 10.91754 18.15224 28.55518 32.35549 23.28989 31.53694 34.23445 14.01143 6.56173 4.52096 3.39486 2.60427 2.40155 2.47077 2.24376 2.24548 3.51747 5.06880 5.90114 5.76167 4.70480 3.14934 1.69267 0.81059 0.49317 0.48760 0.60764 0.95273 1.35091 1.48617 1.34013 0.73646 0.35583 0.29409 0.23669 0.26492 0.31136 0.37988 0.38256 0.12699 0.61803 1.37949 3.05587 5.58536 7.47411 7.91726 6.22223
0.03194 0.00000 0.00000 0.00000 0.00000 0.00000 0.00000 0.07197 0.60116 2.56889 3.86571 3.94797 3.54840 3.43906 5.01942 8.24467 9.85491 18.61667 38.19377 52.07074 24.49255 12.03099 9.18644 5.91626 3.25909 2.54441 2.66953 3.22541 3.68722 4.39840 5.69738 7.20410 7.71931 7.71365 6.43570 3.94319 1.99194 1.10647 0.92805 1.14080 1.49334 1.73786 1.78655 1.66674 1.28971 0.70432 0.34037 0.22161 0.23541 0.20848 0.22542 0.24275 0.29969 0.87140 2.39859 4.67450 6.55922 7.73106 8.47399 6.73509
0.00000 0.00000 0.00000 0.00000 0.00000 0.00000 0.00000 0.00000 0.00000 0.00000 0.00000 0.09537 1.80288 3.92948 4.27886 2.07147 3.19184 12.57841 40.11123 48.06392 33.29045 19.68333 16.61354 9.47716 6.32529 6.96511 5.09364 4.43281 3.66445 3.66336 4.36653 6.03998 7.86015 8.37682 7.95385 5.41322 2.77384 1.36321 1.18811 1.48858 1.69047 1.65437 1.59182 1.29303 0.88977 0.52801 0.31111 0.23728 0.20113 0.21578 0.16575 0.09157 0.08093 2.13761 3.91590 5.25722 6.92420 7.59181 7.74125 6.38707
0.00000 0.00000 0.00000 0.00000 0.00000 0.00000 0.00000 0.00000 0.00000 0.00000 0.00000 0.14098 2.97080 7.69310 11.98145 6.55853 4.04408 7.91911 25.53364 35.59522 34.82158 27.93362 25.21645 22.81565 18.39249 14.90171 11.76778 8.82445 5.73424 3.75970 3.53731 4.80640 6.92523 8.34964 8.75093 6.56953 4.31844 3.01285 2.71627 2.82448 2.57842 1.89095 1.36128 0.77442 0.40550 0.30282 0.26143 0.23625 0.21038 0.13672 0.02320 0.00000 0.45776 2.33776 4.85277 6.73404 7.55855 8.10179 8.29868 7.00435
0.00000 0.00000 0.00000 0.00000 0.00000 0.00000 0.00000 0.00000 0.00000 0.00000 0.00000 0.09245 2.98104 8.45508 12.00305 7.77976 4.92728 11.52607 25.21251 30.24866 28.03151 24.04992 22.63120 21.56653 19.31411 17.06905 16.21867 13.60332 10.92755 6.94167 3.25115 3.49109 5.33478 6.74413 6.71769 5.47112 4.76863 5.35266 5.52727 5.57753 4.44713 2.37001 1.10687 0.49089 0.26592 0.26520 0.56922 0.74217 0.23243 0.00000 0.00000 0.00000 0.36997 2.49232 5.88117 7.93147 8.61422 8.11010 7.40083 7.32078
0.00000 0.00000 0.00000 0.00000 0.00000 0.00000 0.00000 0.00000 0.00000 0.00000 0.00000 1.24782 6.68055 11.92879 9.21892 4.06474 2.39305 8.24957 16.73055 19.64181 17.55662 14.02641 9.25256 7.31868 12.36187 16.55038 19.31160 17.62692 14.27571 10.71564 5.40714 3.60348 4.29166 5.68790 4.85574 4.41564 5.78859 5.85672 7.81461 9.04020 6.21572 3.58146 1.35847 0.39689 0.43166 1.01493 1.94192 1.68998 0.59864 0.00000 0.00000 0.00000 0.19057 2.37878 6.20863 10.16102 10.82937 10.20116 6.32263 4.95992
0.00000 0.00000 0.00000 0.00000 0.00000 0.00000 0.00000 0.00000 0.00000 0.00000 0.08062 2.40435 8.95535 12.85281 7.98303 2.38458 1.13994 4.74011 9.24371 10.36915 9.41332 9.39971 7.22406 5.69770 9.64000 14.23681 17.28198 17.22641 16.65361 16.43155 12.29336 7.04944 5.31150 5.89566 6.21525 6.12017 9.45872 7.51558 10.53039 9.28893 6.49953 5.13921 2.58002 1.03185 1.25037 2.56377 4.46790 3.78852 1.37764 0.71389 0.02334 0.00000 0.00000 2.48997 7.72245 10.39835 9.61486 7.51789 4.02231 2.56880
0.00000 0.00000 0.00000 0.02896 0.00000 0.00000 0.00000 0.00000 0.00000 0.00000 0.19813 0.95696 4.15464 6.32808 4.33246 1.14677 0.33855 2.59766 5.44396 6.80939 7.33233 9.08393 9.39147 10.20572 12.49286 12.80713 10.60440 11.17583 12.65885 13.22083 12.52610 8.42970 5.46794 5.28136 6.26920 9.80300 13.71116 13.98400 14.41605 7.23086 5.62200 4.16051 3.66537 2.00068 1.53063 2.97471 5.22897 6.65585 4.65922 3.63501 2.17450 0.58785 0.27981 4.04186 8.76746 10.34758 8.54626 5.21225 2.65769 1.29843
0.00000 0.16808 0.44183 0.55662 0.14682 0.06688 0.00000 0.00000 0.00000 0.00000 0.22908 1.26457 2.93016 3.02486 1.78134 0.68836 0.34273 1.84847 4.83793 5.95086 6.06327 9.37298 14.94100 19.45698 22.47833 21.87823 18.23817 13.66608 9.30550 5.57115 5.89915 9.06101 7.53356 8.13254 12.91783 21.06867 48.66155 86.94378 46.79639 11.09391 5.73820 3.76336 3.49543 2.95126 3.40417 4.01933 4.71048 6.73374 8.37223 7.05908 5.58600 4.71262 4.32765 5.67507 9.97539 12.76896 10.11976 5.66089 2.53096 0.97130
0.00000 0.50330 0.83087 0.79052 0.52894 0.22689 0.00000 0.00000 0.00000 0.00000 0.10429 0.77805 1.72345 0.97396 0.32951 0.02917 0.05984 1.45519 5.14880 7.61685 9.93195 19.47612 31.98472 39.47633 37.47992 35.10027 29.81023 18.88170 11.95057 3.37516 3.89767 14.97576 29.77158 42.63641 34.93012 30.63162 49.50849 117.29824 70.20573 24.67918 16.18525 12.59377 16.68054 14.36878 9.67377 4.72706 3.17597 4.63445 7.10598 7.25124 6.93806 5.30813 4.39252 7.11321 10.59220 14.39042 13.93128 7.32419 2.51752 0.88138
0.00000 0.36335 0.64526 0.59139 0.67983 0.15342 0.02045 0.16194 0.12737 0.14235 0.03852 0.13492 0.37793 0.17994 0.05606 0.00000 0.03358 1.11478 4.16373 14.36957 28.62453 49.55376 66.69121 57.79278 43.53019 40.96214 32.97182 25.47487 24.21611 10.11698 6.15169 21.89370 60.02151 96.32471 47.33976 27.04753 29.38372 37.13356 52.09518 43.64153 36.66820 38.52347 48.18950 50.32031 27.09259 9.79669 3.90971 5.55414 6.04639 6.21925 6.13811 4.70352 4.52240 6.64316 8.68759 14.30923 18.04772 11.00640 2.32941 1.05824
0.00000 0.24296 0.61311 0.65409 1.00808 1.57981 0.66464 0.71737 1.08454 1.46372 0.60949 0.00000 0.00000 0.00000 0.00000 0.00000 0.68438 1.98548 7.03008 26.24351 62.03493 101.31657 113.59689 66.08956 38.24680 35.45454 29.18147 30.04785 30.51209 11.07404 7.48833 24.05224 58.25438 70.43360 43.56485 28.06491 35.69596 53.71502 56.30474 54.67471 47.44227 51.26278 62.05207 47.54294 31.40155 18.67352 10.34439 7.96621 7.81339 7.84936 7.11905 4.88730 3.73932 4.19847 5.70208 10.45078 13.37945 10.58092 3.45693 2.30803
0.09273 0.25242 0.38001 0.59462 0.90448 2.59469 2.39956 1.37116 1.39701 1.37595 0.77244 0.00000 0.00000 0.00000 0.00000 0.00000 0.41185 2.13189 9.01245 25.54117 59.21087 95.83344 105.74990 56.70559 28.95661 24.92658 20.57413 15.73670 14.32869 12.95271 15.78467 27.22541 41.43555 40.35409 29.56359 20.06785 32.90252 64.23592 42.59910 50.84227 58.70459 52.70663 49.34041 45.21612 35.06454 18.43756 8.32056 9.00225 9.43036 9.32354 7.46332 3.93314 2.38845 1.79079 1.52671 2.83651 6.07054 8.06464 5.06644 3.79418
0.11986 0.36634 0.20451 1.48346 2.82099 4.94823 4.92482 2.92869 2.25926 1.46979 0.58872 0.06110 0.00000 0.00000 0.00000 0.00000 0.25731 1.58995 6.06526 15.61472 32.98394 45.06119 51.07508 43.11752 26.31813 15.69764 9.41537 7.54226 10.00425 19.19838 28.22376 33.23007 35.00541 26.89999 14.81024 9.76847 21.01738 53.59613 48.64832 38.22432 59.74164 48.28573 37.05904 30.60610 21.44089 8.17136 6.04222 7.00953 7.29471 6.76919 4.36303 2.06656 1.36449 0.84911 0.60912 0.72320 3.10866 6.62772 7.27497 5.64680
0.22666 0.52295 0.76243 2.02428 5.35918 7.67690 6.34825 4.67697 3.58423 2.55046 1.37159 0.37016 0.08527 0.00000 0.00000 0.00000 0.42870 2.90329 6.18500 11.12566 17.91706 20.98946 21.97535 20.90568 15.35508 7.83546 3.05642 4.97347 12.59562 25.21022 36.81964 35.82462 33.40811 22.57336 15.59090 19.46263 18.07522 48.82425 59.39582 40.40786 44.66708 21.70917 10.38989 10.68122 11.90878 6.68269 4.48951 3.60167 2.96262 2.08237 0.99662 0.62087 0.59737 0.47410 0.47667 0.80430 3.01739 6.45741 7.98633 6.12818
0.78259 1.22953 0.93101 1.27547 4.17377 4.55173 4.31097 4.98352 4.65514 4.33052 3.59919 2.33137 1.64343 0.19755 0.31843 0.28845 0.79075 2.48904 5.21282 8.35044 10.83902 13.10086 12.92962 10.70228 8.27249 4.97696 2.43641 2.66540 8.03858 20.11540 27.64955 27.81716 24.64107 17.85942 17.24911 37.53549 44.54899 69.53097 74.64365 29.58966 24.15085 25.90182 20.18749 5.96472 6.63816 8.59778 9.28045 3.26540 1.08756 0.56690 0.43064 0.29634 0.25237 0.26667 0.40242 0.61823 2.46749 4.55809 4.87959 3.13787
1.42840 2.19852 1.69719 2.11276 3.41957 3.45105 4.78380 5.52553 5.78274 6.70482 9.67571 10.11986 4.51563 1.61169 2.35344 3.13004 2.86462 2.03940 3.80677 7.59754 10.71862 12.80856 9.85296 8.22032 6.94463 4.54996 0.62926 0.00000 0.89349 5.19406 12.72753 14.42650 12.34883 8.10153 12.20840 36.01575 44.96666 70.96167 70.08478 44.32323 41.33581 39.18618 26.69041 8.25521 14.17814 26.57119 27.85083 10.18452 2.06329 1.62568 0.87393 0.24469 0.16517 0.18618 0.33880 0.67539 1.82721 2.92067 2.27019 1.21051
1.02726 1.49271 1.47356 2.70125 4.43218 4.11071 4.05971 3.50111 3.61484 6.84612 13.74125 16.06693 5.60731 2.10957 3.21094 4.75735 4.90255 4.65599 5.82723 8.58567 12.00491 11.60832 7.07871 5.44989 5.44416 4.54281 2.02961 0.75835 0.25812 1.08398 2.56111 5.31517 8.02198 7.57273 13.06232 26.01096 36.38610 58.20582 64.06084 55.48334 51.56989 -99999.00000 -99999.00000 51.13665 74.18438 76.07345 65.84509 26.76681 4.99639 3.59260 3.32886 1.17336 0.22630 0.15173 0.23177 0.37350 1.22263 2.21586 1.95040 1.51107
0.60222 0.79486 0.95969 1.71395 2.81468 2.78042 2.63577 0.85604 0.87550 3.91006 8.35990 8.97986 4.95065 1.22320 1.63919 2.63645 5.21943 8.51610 10.17755 10.07050 10.90674 7.64214 3.71286 3.63080 5.53155 7.38081 6.17637 3.69571 1.92825 0.40394 1.60815 5.89471 13.27898 18.87319 19.45013 -99999.00000 -99999.00000 -99999.00000 -99999.00000 -99999.00000 -99999.00000 -99999.00000 -99999.00000 147.49504 153.36949 119.44952 93.16711 51.58068 15.77188 6.31677 4.87156 2.15210 0.21370 0.04067 0.04822 0.25504 1.10380 2.04403 2.39636 2.77013
0.41281 0.47678 0.57598 1.02277 -99999.00000 0.45959 0.21972 0.36182 0.22955 1.40169 3.66547 3.91060 1.67434 0.32590 0.15300 1.15783 4.42394 9.14713 10.76684 10.85219 10.47843 6.90702 3.96705 4.46478 7.79992 12.31539 13.30939 9.46231 3.74197 1.03165 2.31183 7.75381 15.74074 25.76999 -99999.00000 -99999.00000 -99999.00000 -99999.00000 -99999.00000 -99999.00000 -99999.00000 -99999.00000 -99999.00000 -99999.00000 131.21918 105.77096 86.40901 67.20818 39.09346 14.03196 5.18557 1.60388 0.11278 0.08835 0.12566 0.33352 0.71859 1.36574 2.29765 3.84923
-99999.00000 -99999.00000 -99999.00000 -99999.00000 -99999.00000 0.00000 1.18537 1.87323 0.30515 0.31161 1.09674 1.04523 0.23856 0.02670 0.02473 0.35262 1.87112 5.24749 6.99734 8.54098 9.77351 7.54337 5.70962 6.09213 9.58446 12.09357 15.57275 13.06068 5.00515 3.15072 3.27655 4.87670 8.23737 10.53965 -99999.00000 -99999.00000 -99999.00000 -99999.00000 -99999.00000 -99999.00000 -99999.00000 -99999.00000 -99999.00000 -99999.00000 -99999.00000 81.24865 76.23095 71.76657 57.63367 25.88656 6.21892 0.95331 0.16476 0.24326 0.23657 0.25356 0.41469 0.46196 1.13760 2.47338
