DATA/RAW-RASTER/CPC/2017/20170922.asc
ncols			60
nrows			40
xllcorner		70.0
yllcorner		20.0
cellsize		0.5
NODATA_value	-99999
0.00000 0.00000 0.00000 0.00000 0.00000 0.00000 0.00000 0.00000 0.02427 0.07395 0.11860 0.13190 0.26140 0.67848 1.27572 1.35288 0.76087 0.53106 1.01603 1.16030 0.76307 0.32913 0.12281 0.05256 0.02975 0.00000 0.00000 0.07569 0.07975 0.00000 0.00000 0.00000 0.00000 0.00000 0.00000 0.00000 0.00000 0.00000 0.00000 0.00000 0.00000 0.00000 0.00000 0.00000 0.00000 0.00000 0.00000 0.00000 0.00000 0.00000 0.00000 0.00000 0.00000 0.00000 0.00000 0.00000 0.00000 0.00000 0.00000 0.00000
0.00000 0.00000 0.00000 0.00000 0.00000 0.00000 0.00000 0.03196 0.10105 0.13901 0.07654 0.02547 0.05131 0.09556 0.17503 0.18097 0.13768 0.15593 0.26887 0.35525 0.32866 0.20835 0.07804 0.00000 0.00000 0.00000 0.00000 0.00000 0.04702 0.00000 0.00000 0.00000 0.00000 0.00000 0.00000 0.00000 0.00000 0.00000 0.00000 0.00000 0.00000 0.00000 0.00000 0.00000 0.00000 0.00000 0.00000 0.00000 0.00000 0.00000 0.00000 0.00000 0.00000 0.00000 0.00000 0.00000 0.00000 0.00000 0.00000 0.00000
0.00000 0.00000 0.00000 0.00000 0.00000 0.00000 0.03531 0.08464 0.23638 0.30350 0.21767 0.08532 0.02721 0.00000 0.00000 0.00000 0.00000 0.00000 0.00000 0.00000 0.00000 0.00000 0.00000 0.00000 0.00000 0.00000 0.00000 0.00000 0.00000 0.00000 0.00000 0.00000 0.00000 0.00000 0.00000 0.00000 0.00000 0.00000 0.00000 0.00000 0.00000 0.00000 0.00000 0.00000 0.00000 0.00000 0.00000 0.00000 0.00000 0.00000 0.00000 0.00000 0.00000 0.00000 0.00000 0.00000 0.00000 0.00000 0.00000 0.00000
0.00000 0.00000 0.00000 0.00000 0.00000 0.03442 0.14311 0.35051 0.53864 0.51086 0.37253 0.17690 0.05407 0.00000 0.00000 0.00000 0.00000 0.00000 0.00000 0.00000 0.00000 0.00000 0.00000 0.00000 0.00000 0.00000 0.00000 0.00000 0.00000 0.00000 0.00000 0.00000 0.00000 0.00000 0.00000 0.00000 0.00000 0.00000 0.00000 0.00000 0.00000 0.00000 0.00000 0.00000 0.00000 0.00000 0.00000 0.00000 0.00000 0.00000 0.00000 0.00000 0.00000 0.00000 0.00000 0.00000 0.00000 0.00000 0.00000 0.00000
0.00000 0.00000 0.00000 0.00000 0.00000 0.06461 0.21515 0.43210 0.58100 0.62325 0.44898 0.22627 0.07708 0.00000 0.00000 0.00000 0.00000 0.00000 0.00000 0.00000 0.00000 0.00000 0.00000 0.00000 0.00000 0.00000 0.00000 0.00000 0.00000 0.00000 0.00000 0.00000 0.00000 0.00000 0.00000 0.00000 0.00000 0.00000 0.00000 0.00000 0.00000 0.00000 0.00000 0.00000 0.00000 0.00000 0.00000 0.00000 0.00000 0.00000 0.00000 0.00000 0.00000 0.00000 0.00000 0.00000 0.00000 0.00000 0.00000 0.00000
0.00000 0.00000 0.00000 0.00000 0.00000 0.06209 0.19185 0.35197 0.48232 0.55263 0.46459 0.25907 0.09766 0.02401 0.00000 0.00000 0.00000 0.00000 0.00000 0.00000 0.00000 0.00000 0.00000 0.00000 0.00000 0.00000 0.00000 0.00000 0.00000 0.00000 0.00000 0.00000 0.00000 0.00000 0.00000 0.00000 0.00000 0.00000 0.00000 0.00000 0.00000 0.00000 0.00000 0.00000 0.00000 0.00000 0.00000 0.00000 0.00000 0.00000 0.00000 0.00000 0.00000 0.00000 0.00000 0.00000 0.00000 0.00000 0.00000 0.00000
0.00000 0.00000 0.00000 0.00000 0.00000 0.00000 0.08673 0.23270 0.35843 0.45763 0.43746 0.27736 0.11580 0.03600 0.00000 0.00000 0.00000 0.00000 0.00000 0.00000 0.00000 0.00000 0.00000 0.00000 0.00000 0.00000 0.00000 0.00000 0.00000 0.00000 0.00000 0.00000 0.00000 0.00000 0.00000 0.00000 0.00000 0.00000 0.02380 0.03113 0.03693 0.05936 0.09294 0.07837 0.09190 0.08653 0.00000 0.00000 0.00000 0.00000 0.00000 0.00000 0.00000 0.00000 0.00000 0.00000 0.00000 0.05330 0.05106 0.00000
0.00000 0.00000 0.00000 0.00000 0.00000 0.00000 0.00000 0.05321 0.14268 0.19721 0.24520 0.18408 0.07372 0.00000 0.00000 0.00000 0.00000 0.00000 0.00000 0.00000 0.00000 0.00000 0.00000 0.00000 0.00000 0.00000 0.00000 0.00000 0.00000 0.00000 0.00000 0.00000 0.00000 0.00000 0.00000 0.02976 0.04902 0.07533 0.10842 0.16191 0.24886 0.34200 0.42595 0.42876 0.32014 0.22188 0.14508 0.07274 0.02611 0.00000 0.00000 0.00000 0.02520 0.10669 0.13076 0.09262 0.10026 0.23730 0.31024 0.29112
0.00000 0.00000 0.00000 0.00000 0.00000 0.00000 0.00000 0.00000 0.00000 0.00000 0.00000 0.03182 0.02932 0.00000 0.00000 0.00000 0.00000 0.00000 0.00000 0.00000 0.00000 0.00000 0.00000 0.00000 0.00000 0.00000 0.00000 0.00000 0.00000 0.00000 0.00000 0.00000 0.00000 0.04152 0.06762 0.11015 0.17836 0.28620 0.44432 0.65422 0.85750 1.00841 1.02216 0.85055 0.58868 0.39972 0.30536 0.24774 0.14985 0.10217 0.13106 0.22945 0.38908 0.60014 0.78650 0.82956 0.95946 1.09428 1.05560 0.89634
0.00000 0.00000 0.00000 0.00000 0.00000 0.00000 0.00000 0.00000 0.00000 0.00000 0.00000 0.04565 0.07293 0.09706 0.09602 0.07222 0.25525 0.25354 0.13971 0.07646 0.04478 0.02846 0.00000 0.00000 0.00000 0.00000 0.00000 0.00000 0.00000 0.00000 0.00000 0.00000 0.00000 0.04309 0.17904 0.33539 0.64890 0.89510 1.10287 1.31901 1.47243 1.55946 1.50968 1.28906 0.93594 0.54888 0.38790 0.43689 0.50360 0.60000 0.82015 1.08026 1.37799 1.79285 2.17345 2.42485 2.61495 2.45804 2.20079 1.56401
0.00000 0.00000 0.00000 0.00000 0.00000 0.00000 0.00000 0.00000 0.00000 0.00000 0.05024 0.12900 0.48647 1.04991 1.75732 2.56699 2.40604 1.20727 0.60890 0.31175 0.16558 0.09432 0.05805 0.03835 0.02740 0.02093 0.00000 0.00000 0.00000 0.00000 0.02859 0.08837 0.16993 0.27778 0.43516 0.70744 1.07310 1.31316 1.54357 1.82919 1.95713 2.08237 2.07513 1.91450 1.71968 1.31034 0.93269 0.84149 0.97391 1.24794 1.54595 1.69638 1.91941 2.34039 2.77004 2.90518 2.91400 2.91358 2.52324 1.80340
0.00000 0.00000 0.00000 0.00000 0.00000 0.00000 0.00000 0.00000 0.00000 0.00000 0.10960 0.39124 0.96612 1.81425 2.99716 3.74682 3.72744 2.25530 0.91883 0.38045 0.17770 0.09360 0.05581 0.03745 0.02881 0.02371 0.02114 0.03088 0.05262 0.02103 0.10991 0.17193 0.26271 0.33319 0.49097 0.71781 0.93079 1.24048 1.58295 2.30597 2.69202 2.61101 2.48970 2.36916 2.31113 2.13118 1.83534 1.71671 1.82824 1.83322 1.79537 1.76614 2.06896 2.64070 3.17576 3.23558 2.91906 2.31909 1.51366 1.15468
0.00000 0.00000 0.00000 0.00000 0.00000 0.00000 0.00000 0.00000 0.02531 0.09787 0.41711 1.30546 2.27786 3.22939 4.53927 4.86138 4.00912 2.20411 0.80790 0.27429 0.10825 0.05292 0.03119 0.02401 0.02614 0.04180 0.07218 0.07146 0.10555 0.15844 0.19288 0.17787 0.22570 0.29494 0.45813 0.69037 0.95688 1.41036 2.08447 2.67514 3.39257 3.48981 3.31251 3.02970 2.73714 2.71344 2.85658 2.86621 2.89173 2.63830 2.28401 2.14615 2.56353 3.29326 3.63141 3.52397 2.88672 1.94178 1.10786 0.85426
0.00000 0.00000 0.00000 0.00000 0.00000 0.00000 0.00000 0.00000 0.04935 0.39292 1.39566 3.32906 6.74812 9.09206 9.90927 6.40692 4.47887 2.33175 0.68640 0.16153 0.05201 0.02830 0.02347 0.03328 0.05754 0.13014 0.15776 0.21345 0.29348 0.26181 0.23272 0.18116 0.21101 0.25468 0.34496 0.52634 0.74417 1.07150 1.60386 2.44741 3.68758 5.10878 5.77365 5.47131 5.19700 5.02961 5.15228 5.31352 4.51272 3.52944 3.11508 3.06505 3.50864 4.36052 4.51575 4.04308 3.49513 2.86375 2.42782 2.75172
0.00000 0.00000 0.00000 0.00000 0.00000 0.00000 0.00000 0.00000 0.00000 0.35222 2.94417 9.02905 16.80057 18.03385 15.67525 9.56635 6.84714 2.93541 0.81942 0.13216 0.02273 0.02305 0.04445 0.08402 0.22243 0.33994 0.33250 0.46504 0.45000 0.39903 0.25611 0.17527 0.19572 0.23013 0.29566 0.40650 0.55364 0.79500 1.19108 1.90214 3.35750 5.78453 8.36540 10.00199 10.75282 10.49289 9.89797 8.98727 7.23584 4.68705 3.39041 3.26104 3.66391 4.49843 4.74380 4.70062 4.27199 4.20611 4.82262 6.46774
0.00000 0.00000 0.00000 0.00000 0.00000 0.00000 0.00000 0.00000 0.00000 0.04721 3.71402 13.71001 22.26007 22.81957 25.06260 23.11249 9.13919 3.48240 1.41766 0.41309 0.12787 0.18651 0.21616 0.40311 0.64555 0.55800 0.73122 0.86879 0.73350 0.59024 0.32687 0.16646 0.17986 0.21659 0.26793 0.32493 0.42393 0.57465 0.84770 1.30849 2.42667 5.24379 9.56244 12.51556 13.66564 13.40739 13.03964 12.44499 10.50505 6.64463 3.87716 2.98227 3.01782 3.35362 3.72911 4.24084 4.75373 4.90221 5.54571 7.25049
0.00000 0.00000 0.00000 0.00000 0.00000 0.00000 0.00000 0.00000 0.00000 0.05236 3.58436 13.34491 20.30432 23.51710 16.18804 24.29001 12.15351 5.05885 3.72871 2.35606 1.46797 1.20000 1.22440 1.41794 1.27254 1.11091 1.31940 1.22313 1.10269 0.80959 0.46426 0.17835 0.16673 0.19283 0.21394 0.23933 0.28962 0.39516 0.61941 0.90183 1.59286 4.39372 9.80464 13.73574 14.80873 13.99200 13.69825 12.55605 10.78031 6.91756 3.54098 2.38981 2.00139 1.72271 1.93910 3.00210 4.44829 5.17501 4.91336 4.61101
0.00000 0.00000 0.00000 0.00000 0.00000 0.00000 0.00000 0.00000 0.15086 1.34595 5.36889 11.72260 19.96013 31.33452 32.20948 29.33358 19.95515 11.05332 9.50331 8.15808 6.51366 5.34953 4.43814 3.49303 1.90168 1.70588 1.71862 1.52442 1.33772 0.90636 0.54475 0.20975 0.15272 0.18027 0.19506 0.21198 0.22889 0.27175 0.49177 0.76352 1.25203 3.69089 9.04722 12.94045 14.28431 14.55336 13.65261 11.81863 9.11744 5.83294 2.89341 1.84206 1.37210 0.82976 0.79056 1.82167 3.55497 4.47660 4.21613 4.57170
0.00000 0.00000 0.00000 0.00000 0.00000 0.00000 0.00000 0.00000 0.25735 2.81518 7.13029 12.79363 21.91997 38.15406 49.09220 39.94855 38.55629 35.49705 29.18814 23.66692 14.25126 10.25177 7.32597 4.70700 3.23976 2.23596 2.01102 1.81695 1.39669 0.98487 0.54475 0.20998 0.09659 0.13283 0.16399 0.18892 0.19631 0.22388 0.39738 0.71861 1.29408 2.99070 6.58892 10.59814 12.63247 13.02611 11.89491 10.29726 8.06044 5.35799 2.89581 1.74761 1.23169 0.77539 0.66911 1.15173 2.01292 2.56677 3.22271 5.20753
0.00000 0.00000 0.00000 0.00000 0.00000 0.00000 0.00000 0.00000 0.22098 3.14133 8.35710 15.61751 23.71032 27.65513 45.67037 48.70327 56.65356 56.46030 72.07620 71.40968 27.88850 12.96319 7.83277 4.90679 3.29421 2.59733 2.39600 2.01813 1.52404 1.12414 0.62722 0.20390 0.00000 0.02838 0.08743 0.12985 0.13923 0.15221 0.19109 0.35449 0.35180 1.19803 2.09845 4.28384 6.83729 8.19383 8.22836 7.05592 6.99265 5.97200 4.58293 3.06944 1.76380 1.07125 0.74765 0.72906 0.79002 0.72799 1.48239 4.52903
0.00000 0.00000 0.00000 0.00000 0.00000 0.00000 0.00000 0.02368 0.52904 2.63198 6.64564 10.98438 18.62959 30.82613 46.90522 58.83765 92.15948 100.13946 97.29577 103.30650 44.61238 18.47672 11.89160 7.01857 3.68025 2.77512 2.68043 2.72028 2.47141 1.65720 0.76299 0.24485 0.02883 0.00000 0.00000 0.00000 0.00000 0.00000 0.00000 0.00000 0.00000 0.09873 0.26528 0.96715 2.23392 3.49625 4.45361 5.24816 6.78576 5.89508 5.71213 4.83321 3.06177 1.85177 0.78352 0.42537 0.27049 0.24565 0.87980 3.12220
0.00000 0.00000 0.00000 0.00000 0.00000 0.00000 0.00000 0.00000 0.39488 1.62303 3.41538 5.45925 11.17258 25.57582 49.24087 67.49638 78.47738 82.43243 100.83096 95.09597 55.16568 24.56783 17.71470 9.58505 6.28276 6.69663 4.83782 3.60024 2.30419 1.50320 0.78628 0.25876 0.03828 0.00000 0.00000 0.00000 0.00000 0.00000 0.00000 0.00000 0.00000 0.00000 0.04468 0.24918 0.56347 1.16183 2.48973 4.86210 6.07997 7.59830 7.27057 6.50859 5.53659 3.53654 1.27871 0.19915 0.12723 0.22070 0.58888 1.18181
0.00000 0.00000 0.00000 0.00000 0.00000 0.00000 0.00000 0.00000 0.09532 0.61537 1.21878 2.42464 5.34597 19.84618 54.61745 67.39462 58.59197 49.53434 55.10431 57.96052 49.92261 33.46063 24.34866 19.55540 16.43452 14.64356 11.53160 6.57397 3.15998 1.65609 0.78666 0.21367 0.00000 0.00000 0.00000 0.00000 0.00000 0.00000 0.00000 0.00000 0.00000 0.00000 0.00000 0.00000 0.07069 0.26289 1.23521 3.79489 9.16633 17.09983 16.80631 15.27255 8.41050 5.62615 2.20665 0.45245 0.10202 0.06469 0.19624 0.36342
0.00000 0.00000 0.00000 0.00000 0.00000 0.00000 0.00000 0.00000 0.00000 0.04804 0.06896 0.53763 4.58595 18.82257 42.50446 52.42893 46.68567 38.70285 33.54702 37.55138 39.66644 33.69278 27.05805 22.98877 21.99329 21.73133 20.31545 11.81172 6.11047 3.02477 0.78558 0.04276 0.00000 0.00000 0.00000 0.00000 0.00000 0.00000 0.00000 0.00000 0.02767 0.00000 0.00000 0.00000 0.00000 0.16408 1.95874 8.64334 19.15257 27.32470 31.12765 31.60450 20.47307 9.48614 4.15781 0.88867 0.18209 0.06217 0.17374 0.57698
0.00000 0.00000 0.00000 0.00000 0.00000 0.00000 0.00000 0.00000 0.00000 0.00000 0.00000 0.00000 1.08760 8.02751 19.80385 26.78921 27.15124 26.31872 25.61028 29.06156 32.25496 34.68111 26.86925 20.16196 24.79322 28.45053 32.26886 24.38628 11.47025 3.69220 0.57915 0.00000 0.00000 0.00000 0.00000 0.00000 0.31172 0.22113 0.49392 1.44618 1.73940 0.12059 0.00000 0.00000 0.00000 0.56052 3.92566 10.80565 18.05651 26.50955 27.70721 27.03020 25.33440 12.91785 6.22140 2.19864 0.63746 0.53124 0.71166 1.63081
0.00000 0.00000 0.00000 0.00000 0.00000 0.00000 0.00000 0.00000 0.00000 0.00000 0.00000 0.00000 0.03990 2.63037 9.41512 13.00426 14.54400 16.56763 18.62385 22.02634 31.20492 51.17274 48.52780 32.97816 26.72898 24.14266 26.40609 22.73340 11.49296 2.38249 0.08760 0.00000 0.00000 0.00000 0.00000 0.00000 0.51393 2.95781 6.43377 7.94916 6.36694 0.67934 0.00000 0.00000 0.00000 1.10670 4.84798 8.28424 9.49474 15.13633 18.17894 19.07217 19.16945 16.00568 8.74725 3.46596 1.29802 1.40213 1.85006 3.57324
0.00000 0.00000 0.00000 0.00000 0.00000 0.00000 0.00000 0.00000 0.00000 0.00000 0.00000 0.00000 0.08890 2.96954 8.85481 14.04529 16.23503 17.88370 15.97197 19.08382 35.13998 70.12887 73.49039 51.53621 28.23067 13.36203 5.89660 6.40160 4.21941 0.07143 0.00000 0.00000 0.00000 0.04879 0.13647 0.26574 3.74313 19.04802 28.32259 25.26729 12.20349 0.89789 0.00000 0.00000 0.00000 1.35142 3.23861 5.28853 7.41109 10.56736 14.02763 16.22302 16.64793 11.66708 5.86218 1.95559 0.97944 1.58937 2.34355 3.79888
0.00000 0.00000 0.00000 0.00000 0.00000 0.00000 0.00000 0.00000 0.00000 0.00000 0.00000 0.00000 0.13878 3.61479 11.77596 20.67352 26.07520 25.66018 12.66636 7.77872 15.95999 38.00747 51.20858 40.24293 23.51619 11.02390 4.18787 2.22108 0.51864 0.00000 0.00000 0.00000 0.00000 0.00000 0.04839 1.25741 9.97176 27.44446 39.56618 28.90221 7.08606 0.34107 0.00000 0.00000 0.00000 0.35665 1.52315 3.08181 5.26896 7.42527 10.11728 12.04630 8.73979 3.87488 1.63693 0.04909 0.38735 0.76703 1.27552 1.95881
0.00000 0.00000 0.00000 0.00000 0.00000 0.00000 0.00000 0.00000 0.00000 0.00000 0.00000 0.00000 0.33462 3.21600 15.78636 29.38098 47.24072 39.34479 14.57307 2.71465 3.29126 11.91989 19.75500 20.21171 15.22546 11.79714 5.34230 1.14415 0.00000 0.00000 0.00000 0.00000 0.00000 0.00000 0.00000 1.42795 7.99265 14.53766 12.33123 8.95853 2.89087 1.47970 1.70948 0.95418 0.33753 0.00000 0.12869 1.55993 3.36527 4.14937 5.55574 5.11267 2.51237 1.08832 0.25360 0.00000 0.00000 0.14050 0.27972 0.41575
0.00000 0.00000 0.00000 0.00000 0.00000 0.00000 0.00000 0.00000 0.00000 0.00000 0.00000 0.00000 0.45712 4.56176 16.60961 30.53300 33.85649 23.90783 12.00622 3.44652 0.87403 2.11028 4.68470 6.46985 8.38820 8.06656 2.33977 0.44221 0.16784 0.39419 0.29037 0.08596 0.00000 0.00000 0.00000 0.35034 2.61581 3.58655 3.01403 3.92986 5.70361 7.07522 7.71850 6.29895 2.07671 0.09027 0.00000 0.42103 1.26629 1.87585 2.50652 1.88906 0.60266 0.00000 0.00000 0.00000 0.00000 0.00000 0.00000 0.00000
0.00000 0.00000 0.00000 0.00000 0.00000 0.00000 0.00000 0.00000 0.00000 0.00000 0.00000 0.34318 0.40402 2.93340 6.16301 13.98659 17.91005 12.06601 7.40261 2.67267 0.47597 0.02468 0.44115 1.76479 3.33507 3.57175 1.44814 0.59731 0.64770 1.44904 1.47306 0.87697 0.05319 0.00000 0.00000 0.00000 0.21210 1.55292 2.64609 3.60271 7.26480 9.37429 11.31973 8.50489 2.07801 0.05136 0.00000 0.00000 0.00000 0.06873 0.85107 0.77556 0.03513 0.00000 0.00000 0.00000 0.00000 0.00000 0.00000 0.03142
0.00000 0.00000 0.00000 0.00000 0.00000 0.00000 0.00000 0.00000 0.00000 0.00000 0.79577 4.96296 5.94573 2.39827 1.89609 4.25393 6.21095 4.72221 3.20389 1.30210 0.17879 0.00000 0.00000 1.22874 1.77496 1.76465 0.80427 0.25551 0.21176 0.79364 1.03100 0.52287 0.02984 0.00000 0.00000 0.00000 0.50629 5.86641 10.18250 3.82700 3.08038 4.20338 6.89982 9.73350 2.63067 0.73421 0.13300 0.00000 0.05224 0.06091 0.02226 0.00000 0.00000 0.00000 0.00000 0.00000 0.00000 0.09385 0.18745 0.30075
0.00000 0.00000 0.00000 0.00000 0.00000 0.00000 0.00000 0.00000 0.00000 0.14651 3.23240 11.16347 19.87834 10.69453 1.92445 0.03605 0.68361 0.69991 0.26673 0.00000 0.00000 0.00000 0.02776 0.64860 1.01931 1.02441 0.73139 0.33590 0.24503 0.25022 0.00000 0.00000 0.00000 0.00000 0.00000 0.00000 0.09495 3.04996 5.51774 1.37873 0.15200 1.13597 2.55233 4.79258 3.93467 1.72432 0.79272 0.32754 0.06647 0.25007 0.15625 0.07904 0.00000 0.00000 0.00000 0.00000 0.06558 0.58969 0.67247 1.21358
0.00000 0.00000 0.00000 0.00000 0.00000 0.00000 0.00000 0.00000 0.00000 0.30366 1.59054 7.41700 26.09576 18.07396 3.22876 0.00000 0.02279 0.07380 0.00000 0.00000 0.00000 0.00000 0.03480 0.31242 0.54070 0.78607 0.86433 0.57164 0.13432 0.04611 0.00000 0.00000 0.00000 0.00000 0.00000 0.00000 0.03908 0.11325 0.17459 0.00000 0.00000 0.63377 2.08975 3.76500 6.68149 4.23366 1.45032 0.66114 0.36321 0.31543 0.11318 0.06004 0.00000 0.04013 0.12272 0.27078 1.05152 2.34396 3.62600 5.88815
0.00000 0.00000 0.00000 0.00000 0.00000 0.00000 0.00000 0.00000 0.11313 0.62093 1.68440 6.38831 12.86497 10.96284 2.07679 0.00000 0.00000 0.00000 0.00000 0.00000 0.00000 0.00000 0.14164 0.22557 0.32624 0.60029 0.70085 0.39340 0.06324 0.00000 0.00000 0.00000 0.00000 0.00000 0.00000 0.00000 0.52197 0.39726 0.00000 0.00000 0.00000 0.00000 0.07213 3.54110 10.03443 7.51010 3.06684 1.08072 0.66566 0.56520 0.38004 0.12509 0.00000 0.22267 0.36756 0.63031 2.40985 5.66421 10.49562 16.34699
0.00000 0.00000 0.00000 0.00000 0.00000 0.00000 0.00000 0.00000 0.13973 0.60184 1.30946 3.32222 4.97851 5.16978 0.73532 0.03889 0.00000 0.00000 0.00000 0.00000 0.09190 0.33925 0.28647 0.20774 0.25599 0.32190 0.10798 0.00000 0.00000 0.00000 0.00000 0.00000 0.00000 0.00000 0.00000 0.12526 0.06869 0.03009 0.00000 0.00000 0.00000 0.00000 0.00000 1.09864 5.62502 6.82915 4.32482 1.53661 0.78893 0.74073 0.60764 0.37134 0.34842 0.61661 0.83285 1.42280 3.89753 8.43130 12.27259 14.74679
0.00000 0.00000 0.00000 0.00000 0.00000 0.00000 0.00000 0.00000 0.02201 0.13035 0.32488 0.72258 2.05679 3.44410 3.33632 1.36218 0.40386 0.00000 0.00000 0.04604 0.26937 0.39702 0.15109 0.00000 0.02572 0.05255 0.08809 0.06904 0.03023 0.00000 0.00000 0.00000 0.00000 0.00000 0.00000 0.34021 0.17097 0.00000 0.00000 0.00000 0.00000 -99999.00000 -99999.00000 0.06427 0.97141 1.97552 3.06629 1.48111 0.69063 0.74757 0.83216 1.05651 1.29656 1.52061 1.68318 1.88861 3.89791 8.08591 9.43674 8.11405
0.00000 0.00000 0.00000 0.00000 0.00000 0.00000 0.00000 0.00000 0.00000 0.00000 0.00000 0.00000 1.62699 4.78614 6.18994 4.05971 1.96102 0.29689 0.00000 0.05229 0.16419 0.09617 0.00000 0.00000 0.00000 0.00000 0.07877 0.12944 0.09973 0.00000 0.00000 0.00000 0.00000 0.00000 0.00000 -99999.00000 -99999.00000 -99999.00000 -99999.00000 -99999.00000 -99999.00000 -99999.00000 -99999.00000 0.00000 0.00000 0.00000 0.56113 0.85245 0.54317 0.62414 1.12967 1.75503 2.22219 2.35816 2.79312 3.73494 5.04636 6.09121 5.01672 3.25549
0.00000 0.00000 0.00000 0.00000 -99999.00000 0.00000 0.00000 0.00000 0.00000 0.00000 0.00000 0.10691 1.45748 5.35011 6.89142 4.64476 1.68332 0.18290 0.00000 0.00000 0.00000 0.00000 0.00000 0.00000 0.00000 0.00000 0.00000 0.00000 0.00000 0.00000 0.00000 0.00000 0.00000 0.00000 -99999.00000 -99999.00000 -99999.00000 -99999.00000 -99999.00000 -99999.00000 -99999.00000 -99999.00000 -99999.00000 -99999.00000 0.00000 0.00000 0.00000 0.17609 0.40021 0.47452 1.19237 2.31094 2.81469 3.62305 5.58248 6.44310 5.76983 4.03001 2.10772 0.36881
-99999.00000 -99999.00000 -99999.00000 -99999.00000 -99999.00000 0.00000 0.00000 0.00000 0.00000 0.00000 0.00000 0.05979 1.03876 4.11783 5.14639 2.67673 0.46036 0.00000 0.00000 0.02630 0.03434 0.00000 0.02740 0.09101 0.02457 0.00000 0.00000 0.00000 0.00000 0.00000 0.00000 0.00000 0.00000 0.00000 -99999.00000 -99999.00000 -99999.00000 -99999.00000 -99999.00000 -99999.00000 -99999.00000 -99999.00000 -99999.00000 -99999.00000 -99999.00000 0.00000 0.00000 0.00000 0.08378 0.61482 1.69421 2.59273 3.43225 6.27265 8.12661 7.15189 5.79570 3.62337 1.38113 0.18930
