DATA/RAW-RASTER/CPC/2017/20170712.asc
ncols			60
nrows			40
xllcorner		70.0
yllcorner		20.0
cellsize		0.5
NODATA_value	-99999
1.24798 2.38810 2.70100 2.36067 1.57942 0.77330 0.14650 0.00000 0.00000 0.08782 0.30413 0.25358 0.23746 0.15810 0.00000 0.00000 0.00000 0.00000 0.00000 0.00000 0.00000 0.00000 0.00000 0.03442 0.08666 0.17999 0.29802 0.36962 0.34459 0.23349 0.11505 0.03762 0.00000 0.00000 0.00000 0.00000 0.00000 0.00000 0.00000 0.00000 0.00000 0.00000 0.00000 0.00000 0.00000 0.00000 0.00000 0.00000 0.00000 0.00000 0.00000 0.00000 0.00000 0.00000 0.00000 0.00000 0.00000 0.00000 0.00000 0.00000
4.06645 4.57240 4.30394 3.84969 2.25312 0.86044 0.09155 0.00000 0.00000 0.00000 0.00000 0.00000 0.00000 0.00000 0.00000 0.00000 0.00000 0.00000 0.00000 0.00000 0.00000 0.00000 0.00000 0.02826 0.06284 0.12620 0.21597 0.28703 0.28053 0.17561 0.07744 0.02997 0.00000 0.00000 0.00000 0.00000 0.00000 0.00000 0.00000 0.00000 0.00000 0.00000 0.00000 0.00000 0.00000 0.00000 0.00000 0.00000 0.00000 0.00000 0.00000 0.00000 0.00000 0.00000 0.00000 0.00000 0.00000 0.00000 0.00000 0.00000
3.83713 3.09501 2.58083 2.27601 1.36410 0.37651 0.00000 0.00000 0.00000 0.00000 0.00000 0.00000 0.00000 0.00000 0.00000 0.00000 0.00000 0.00000 0.00000 0.00000 0.00000 0.00000 0.00000 0.00000 0.04042 0.08252 0.13955 0.19338 0.17973 0.09628 0.04542 0.00000 0.00000 0.00000 0.00000 0.00000 0.00000 0.00000 0.00000 0.00000 0.00000 0.00000 0.00000 0.00000 0.00000 0.00000 0.00000 0.00000 0.00000 0.00000 0.00000 0.00000 0.00000 0.00000 0.00000 0.00000 0.00000 0.00000 0.00000 0.00000
0.90165 0.50290 0.62210 0.65762 0.30025 0.00000 0.00000 0.00000 0.00000 0.00000 0.00000 0.00000 0.00000 0.00000 0.00000 0.00000 0.04468 0.05877 0.04510 0.00000 0.00000 0.00000 0.00000 0.00000 0.00000 0.03704 0.07398 0.10733 0.07755 0.00000 0.02048 0.00000 0.00000 0.00000 0.00000 0.00000 0.00000 0.00000 0.00000 0.00000 0.00000 0.00000 0.00000 0.00000 0.00000 0.00000 0.00000 0.00000 0.00000 0.00000 0.00000 0.00000 0.00000 0.00000 0.00000 0.00000 0.00000 0.00000 0.00000 0.00000
0.00000 0.04594 0.02486 0.00000 0.00000 0.00000 0.00000 0.00000 0.00000 0.00000 0.00000 0.00000 0.00000 0.00000 0.00000 0.06440 0.08709 0.07737 0.03105 0.00000 0.00000 0.00000 0.00000 0.00000 0.00000 0.00000 0.02764 0.04670 0.00000 0.00000 0.00000 0.00000 0.00000 0.00000 0.00000 0.00000 0.00000 0.00000 0.00000 0.00000 0.00000 0.00000 0.00000 0.00000 0.00000 0.00000 0.00000 0.00000 0.00000 0.00000 0.00000 0.00000 0.00000 0.00000 0.00000 0.00000 0.00000 0.00000 0.00000 0.00000
0.00000 0.00000 0.00000 0.00000 0.00000 0.00000 0.00000 0.00000 0.00000 0.00000 0.00000 0.00000 0.00000 0.02466 0.07162 0.08956 0.09198 0.06821 0.00000 0.00000 0.00000 0.00000 0.00000 0.00000 0.00000 0.00000 0.00000 0.00000 0.00000 0.00000 0.00000 0.00000 0.00000 0.00000 0.00000 0.00000 0.00000 0.00000 0.00000 0.00000 0.00000 0.00000 0.00000 0.00000 0.00000 0.00000 0.00000 0.00000 0.00000 0.00000 0.00000 0.00000 0.00000 0.00000 0.00000 0.00000 0.00000 0.00000 0.00000 0.00000
0.00000 0.00000 0.00000 0.00000 0.00000 0.00000 0.00000 0.00000 0.00000 0.00000 0.00000 0.00000 0.04274 0.07396 0.08992 0.09821 0.09013 0.04272 0.00000 0.00000 0.00000 0.00000 0.00000 0.00000 0.00000 0.00000 0.00000 0.00000 0.00000 0.00000 0.00000 0.00000 0.00000 0.00000 0.00000 0.00000 0.00000 0.00000 0.00000 0.00000 0.00000 0.00000 0.00000 0.03121 0.06331 0.06772 0.00000 0.00000 0.00000 0.00000 0.00000 0.00000 0.00000 0.00000 0.00000 0.00000 0.00000 0.00000 0.00000 0.00000
0.00000 0.00000 0.00000 0.00000 0.00000 0.00000 0.02746 0.14770 0.31683 0.37556 0.43578 0.31991 0.22329 0.13530 0.10808 0.09353 0.07456 0.00000 0.00000 0.00000 0.00000 0.00000 0.00000 0.00000 0.00000 0.00000 0.00000 0.00000 0.00000 0.00000 0.00000 0.00000 0.00000 0.00000 0.00000 0.00000 0.00000 0.00000 0.00000 0.00000 0.00000 0.04895 0.15553 0.23973 0.22615 0.19668 0.14350 0.02759 0.00000 0.00000 0.00000 0.00000 0.00000 0.00000 0.00000 0.00000 0.00000 0.00000 0.00000 0.00000
0.00000 0.00000 0.00000 0.00000 0.12966 0.36063 0.49284 0.64014 0.72851 0.78441 0.85205 0.92654 0.95186 0.81760 0.37776 0.13218 0.05197 0.04346 0.03451 0.02410 0.02001 0.02072 0.02469 0.03115 0.03964 0.04946 0.06013 0.06960 0.07231 0.05822 0.02243 0.03146 0.07657 0.05992 0.02724 0.00000 0.00000 0.00000 0.02030 0.05874 0.13378 0.22630 0.30287 0.35477 0.36574 0.37634 0.35234 0.25684 0.04636 0.00000 0.00000 0.00000 0.00000 0.00000 0.00000 0.00000 0.00000 0.00000 0.00000 0.00000
0.00000 0.06356 0.13739 0.20149 0.76451 1.65856 2.03781 1.27438 1.03236 1.11299 1.00730 1.01072 1.24282 1.50980 1.55994 1.07249 0.27596 0.10665 0.10782 0.10477 0.10962 0.12259 0.13674 0.15091 0.16645 0.18179 0.19957 0.21433 0.23829 0.36192 0.53187 0.69052 0.76684 0.67967 0.52804 0.17170 0.09464 0.13578 0.16224 0.18790 0.20326 0.22680 0.26144 0.29514 0.33580 0.37319 0.38670 0.36167 0.25755 0.03419 0.00000 0.00000 0.00000 0.00000 0.00000 0.00000 0.00000 0.00000 0.00000 0.00000
0.00000 0.20241 0.89654 1.62586 3.24038 5.77164 6.45519 4.62456 2.19153 1.72882 1.66665 1.29454 1.36964 1.55042 1.62822 1.63929 1.14155 0.40607 0.47335 0.52131 0.54517 0.54778 0.53986 0.50242 0.48973 0.53537 0.59379 0.61327 0.73799 1.07871 1.79279 2.42226 2.57908 2.66364 2.41950 2.08311 1.61239 0.98224 0.54305 0.30933 0.22952 0.20601 0.19606 0.19432 0.21899 0.27303 0.31811 0.31628 0.22729 0.00000 0.00000 0.00000 0.00000 0.00000 0.00000 0.00000 0.00000 0.00000 0.00000 0.00000
0.08092 0.49673 1.70030 3.74994 8.14309 16.13974 13.61282 7.05748 2.46861 1.34489 2.72397 2.57072 1.96533 1.69478 1.45815 1.09734 0.94953 0.70478 0.87547 0.94414 0.94555 0.95214 0.94309 0.92436 0.88674 0.89135 0.93750 1.03293 1.32392 1.94592 3.15564 4.04272 4.12521 3.96549 3.79942 3.58662 3.02905 2.28022 1.52291 0.71213 0.35304 0.22639 0.16158 0.12700 0.11889 0.14641 0.20460 0.22998 0.07987 0.00000 0.00000 0.00000 0.00000 0.00000 0.00000 0.00000 0.00000 0.00000 0.00000 0.00000
0.44374 1.46934 3.87239 8.05773 18.08334 40.13980 42.98053 18.60437 8.44272 4.05781 6.26987 6.13539 3.35035 1.74178 1.15878 0.49875 0.78180 0.69198 0.91020 0.98296 0.96704 1.00367 1.01647 1.01632 1.04689 1.07039 1.16634 1.34632 1.74299 2.91602 4.24406 4.64169 4.87686 4.88429 5.05303 4.90245 4.27375 3.68017 2.95196 1.77583 0.79071 0.40776 0.22170 0.12975 0.10565 0.11705 0.14442 0.14406 0.07969 0.03481 0.00000 0.00000 0.00000 0.00000 0.00000 0.00000 0.00000 0.00000 0.00000 0.00000
3.04697 5.21419 8.58412 12.64125 22.06580 37.92612 35.53270 19.82751 15.53300 18.87120 16.23586 9.46726 5.47517 2.07412 0.25694 0.00000 0.64944 0.85776 0.95662 0.98800 1.01117 1.01638 1.05359 1.06640 1.10806 1.18892 1.38623 1.62559 2.36478 3.76964 5.16780 5.69304 5.95788 6.11494 6.19488 6.14282 5.56969 4.78478 3.79921 2.83141 1.92103 1.02444 0.48604 0.23883 0.14194 0.09803 0.07798 0.06288 0.08047 0.08147 0.07864 0.05256 0.00000 0.00000 0.00000 0.00000 0.00000 0.00000 0.00000 0.00000
10.99234 13.78552 14.81877 12.87905 11.35034 13.13819 11.98599 7.95313 15.37720 32.56367 31.14418 16.24435 5.69675 0.06212 0.00000 0.00000 0.82731 1.22095 1.10640 1.02307 1.08221 1.06365 1.08009 1.10955 1.16673 1.32539 1.62069 2.07818 3.00983 4.38451 5.44694 6.05872 6.42870 6.66478 7.11328 7.05986 6.62406 5.63682 4.48585 3.49952 2.72713 1.73498 0.80708 0.35498 0.16398 0.02162 0.00000 0.00000 0.03932 0.07801 0.08740 0.06935 0.00000 0.00000 0.00000 0.00000 0.00000 0.00000 0.00000 0.00000
16.27302 19.49479 19.71494 14.53931 6.10129 2.42108 3.27392 4.88547 7.57627 15.91082 20.71462 12.86715 3.39918 0.07835 0.37980 1.79851 2.18006 1.55675 1.40685 1.18386 1.08751 1.07398 1.12972 1.21887 1.46988 1.84994 2.31442 2.76233 3.70622 4.73650 5.79828 6.39352 6.77027 7.35407 8.25329 8.20138 7.54825 6.22738 4.71474 3.52390 2.83186 1.98146 0.95551 0.31289 0.10802 0.00000 0.00000 0.00000 0.00000 0.03344 0.04315 0.03198 0.00000 0.00000 0.00000 0.00000 0.00000 0.00000 0.00000 0.03262
14.82662 19.23811 19.93068 16.44641 7.59817 2.80735 2.57433 2.68544 1.99366 2.71462 5.34456 7.61624 7.76302 5.45442 6.14262 12.17552 6.49201 2.57994 2.05428 1.69802 1.41938 1.30654 1.29419 1.51802 2.04893 2.66065 3.35969 3.81014 4.34927 5.43028 6.43607 7.10061 7.03536 7.29104 7.57607 7.82395 7.80931 6.70443 4.84728 3.25648 2.70111 2.09553 0.95036 0.21731 0.04004 0.00000 0.00000 0.00000 0.00000 0.00000 0.00000 0.00000 0.00000 0.00000 0.00000 0.00000 0.00000 0.00000 0.05879 0.20143
11.92742 15.90374 16.85830 15.80336 12.13837 8.95510 7.79134 6.36013 3.79194 2.23676 2.21998 4.67435 11.72856 21.06994 20.56821 22.30121 16.46105 7.28272 4.25996 2.77189 2.05866 1.90944 1.94245 2.24042 2.90572 3.47980 4.27210 4.40841 4.42907 5.17526 6.19577 6.83772 7.67286 7.93570 7.99953 8.46306 8.67289 7.74203 5.80757 3.47330 2.66052 2.13349 1.01485 0.22710 0.03829 0.00000 0.00000 0.00000 0.00000 0.00000 0.00000 0.00000 0.00000 0.00000 0.00000 0.00000 0.00000 0.00000 0.15914 0.59218
10.00185 12.25047 12.75217 12.96246 14.03049 15.19781 15.95503 14.69532 11.97580 8.08051 4.03344 2.87458 11.19393 37.35812 53.58036 51.77271 46.80835 24.78931 11.69835 5.51290 2.34609 1.98079 2.42407 3.12424 4.32995 5.26395 5.54335 5.34238 4.82390 4.93796 5.87152 6.68507 7.49180 7.95049 8.11227 8.62377 8.47105 8.08802 6.60480 4.26541 2.91019 2.03253 1.02961 0.36960 0.09592 0.00000 0.00000 0.00000 0.00000 0.00000 0.00000 0.00000 0.00000 0.00000 0.00000 0.00000 0.00000 0.00000 0.04345 0.72790
6.80262 9.84150 10.88204 10.66285 12.19107 16.92790 19.89379 20.81227 18.77579 14.32668 6.25644 3.05959 3.92936 17.78842 40.74397 61.63337 58.42062 25.83872 18.05229 9.40165 3.02595 2.01080 2.83695 4.55428 5.90790 7.03041 7.19837 5.81726 4.94364 5.54422 6.22214 7.29093 7.76891 7.89290 7.91731 7.95181 7.44130 6.59375 5.58669 3.84880 2.31171 1.08081 0.45795 0.22997 0.04684 0.00000 0.00000 0.00000 0.00000 0.00000 0.00000 0.00000 0.00000 0.00000 0.00000 0.00000 0.00000 0.00000 0.00000 0.24506
3.51873 5.94746 6.24510 5.32656 7.43788 14.27083 18.48789 19.39556 18.58764 14.60828 6.57776 2.04255 1.90374 4.46255 10.38398 20.40674 27.21468 20.63358 10.58364 5.66049 3.24189 3.43021 5.76356 9.11229 9.14081 7.72313 6.96410 6.86876 6.53326 6.31124 6.20483 7.11161 7.93668 8.28568 7.67010 5.83832 3.98377 2.58379 2.07369 1.79047 1.00855 0.29423 0.06521 0.03902 0.00000 0.00000 0.00000 0.00000 0.00000 0.00000 0.00000 0.00000 0.00000 0.00000 0.00000 0.00000 0.00000 0.00000 0.00000 0.00000
1.29391 1.82779 1.85015 1.40814 3.90280 10.08439 14.23559 14.23919 14.51055 10.87790 4.81570 1.09519 0.79733 1.27647 1.26246 4.57914 8.39244 7.78768 5.26373 3.03332 4.07528 5.30409 7.63307 10.39772 15.46106 16.00927 9.71249 7.42024 5.57961 4.83479 4.55374 5.54737 7.29857 7.90201 7.55236 5.08910 2.31229 0.67319 0.48389 0.64366 0.26819 0.05983 0.00000 0.00000 0.00000 0.00000 0.00000 0.00000 0.00000 0.00000 0.00000 0.00000 0.00000 0.00000 0.00000 0.00000 0.00000 0.00000 0.00000 0.00000
0.07290 0.22532 0.53800 1.02914 2.64821 5.35044 7.19070 9.15362 12.03233 11.53002 6.77248 3.02071 2.78028 0.98005 0.03287 0.19520 1.56859 1.46901 1.33632 1.40885 2.97893 4.28632 4.86878 7.11161 14.74510 17.30219 14.46348 12.27170 8.26596 4.59315 3.30199 4.05300 6.09928 7.62748 8.00013 5.52895 2.72831 1.06856 0.64036 0.58480 0.19363 0.00000 0.00000 0.00000 0.00000 0.00000 0.00000 0.00000 0.00000 0.00000 0.00000 0.00000 0.00000 0.00000 0.00000 0.00000 0.00000 0.00000 0.00000 0.00000
0.00000 0.00000 0.06454 0.23467 0.89301 1.57089 1.79850 4.79245 11.30110 16.38438 11.54389 6.66732 7.12144 3.26031 0.21574 0.33184 0.63730 0.36421 0.00000 0.00000 0.35072 1.30033 2.09390 3.20846 6.59501 9.11074 11.40571 15.29737 13.95362 6.33650 2.03201 2.25791 4.07520 5.64361 5.64154 3.91782 2.06336 1.35819 1.12210 1.00257 0.68887 0.13783 0.00000 0.00000 0.00000 0.00000 0.00000 0.00000 0.00000 0.00000 0.00000 0.00000 0.00000 0.00000 0.00000 0.00000 0.00000 0.00000 0.00000 0.00000
0.00000 0.00000 0.00000 0.00000 0.00000 0.16789 0.65430 3.43293 9.92856 15.93360 15.34308 11.32974 8.09783 2.91376 0.48231 0.49898 0.41006 0.27742 0.00000 0.00000 0.00000 0.00000 0.00000 0.39040 1.06985 2.60382 3.92611 7.16828 8.26581 3.95964 0.96897 0.81004 1.90487 3.03928 2.60666 1.81422 0.63759 0.80521 1.38222 1.56810 1.01289 0.29036 0.00000 0.00000 0.00000 0.00000 0.00000 0.00000 0.00000 0.00000 0.00000 0.00000 0.00000 0.00000 0.00000 0.00000 0.00000 0.00000 0.00000 0.05380
0.00000 0.00000 0.00000 0.00000 0.00000 0.02131 0.89335 2.91764 6.17246 9.60913 10.47119 7.11748 4.20759 1.53677 0.36785 0.00000 0.14682 0.21435 0.41001 0.17646 0.00000 0.00000 0.00000 0.00000 0.00000 0.51497 0.55840 2.12630 3.09987 1.44777 0.66672 0.40479 1.27588 1.52003 1.04337 0.59368 0.10558 0.00000 0.90296 1.04689 0.43661 0.00000 0.00000 0.00000 0.00000 0.00000 0.00000 0.00000 0.00000 0.00000 0.00000 0.00000 0.00000 0.00000 0.00000 0.00000 0.00000 0.00000 0.09278 0.20285
0.00000 0.00000 0.00000 0.00000 0.00000 0.00000 0.19779 1.03938 1.95403 2.96515 3.84444 2.96892 3.75001 3.90070 2.41039 1.05903 0.95421 2.07514 3.18331 2.33028 0.76196 0.16767 0.18120 0.08112 0.02869 0.12686 0.08731 1.80100 4.35268 5.08258 4.65348 1.78518 1.92014 1.91286 2.79789 2.24592 0.34144 0.00000 0.03236 0.00000 0.06169 0.00000 0.00000 0.00000 0.00000 0.00000 0.00000 0.00000 0.00000 0.00000 0.00000 0.00000 0.00000 0.03684 0.97882 1.03660 0.55428 0.31023 0.25312 0.28718
0.00000 0.00000 0.00000 0.00000 0.00000 0.02062 0.00000 0.02502 0.10287 0.11853 1.75356 5.77115 8.56646 7.99130 6.19028 4.14240 2.06145 3.77671 6.66239 5.61023 2.52578 2.31876 3.86918 3.35473 2.07363 1.14238 1.58089 3.88053 9.17382 13.34904 12.48780 7.34485 2.62307 1.75916 3.65177 7.45933 8.80638 6.31473 2.02439 0.58096 0.34280 0.00000 0.00000 0.00000 0.00000 0.00000 0.00000 0.00000 0.00000 0.00000 0.00000 0.00000 0.00000 2.13573 3.90057 3.05661 1.54973 0.64401 0.34105 0.32884
0.00000 0.00000 0.00000 0.04173 0.16915 0.16401 0.05187 0.00000 0.00000 0.15341 3.94993 11.18109 16.61096 11.31185 11.20707 9.87362 6.38075 6.06330 9.89874 8.98395 7.02121 9.59877 13.59618 13.69413 6.92575 2.32522 2.45379 4.98811 11.34540 16.39365 14.61177 9.49251 3.92221 2.77904 6.53290 15.59835 21.09847 15.15236 3.77914 1.53069 0.73078 0.08963 0.83878 0.87227 2.03545 0.53179 0.11430 0.00000 0.00000 0.00000 0.00000 0.00000 1.91493 6.47811 6.58666 4.73235 2.38291 0.82630 0.40194 0.56212
0.00000 0.00000 0.07150 0.21451 0.66145 0.66530 0.20293 0.02189 0.00000 2.36457 17.46113 49.33162 43.98486 22.06000 17.02074 17.41251 14.89628 15.48523 16.16120 16.67817 18.27518 22.40598 31.18774 25.67401 11.54219 3.83580 2.79425 4.73900 8.51883 9.78099 9.07081 7.43100 4.54960 3.86151 8.27090 24.55286 30.43029 11.04909 3.24393 1.56362 1.32148 6.48711 14.51840 14.77852 22.41454 14.78079 3.93661 0.42520 0.00000 0.00000 0.00000 1.10664 7.65739 12.75250 11.49762 8.93184 4.12870 1.59739 0.72420 1.98700
0.06877 0.05815 0.28483 0.58179 1.62402 3.07715 1.21580 0.18172 0.03945 4.19550 28.00523 56.59801 47.06629 23.99443 16.71611 20.58435 34.69304 45.59929 40.30648 36.47120 37.16287 38.12854 58.04356 35.14052 14.22959 6.73164 3.98314 5.17017 6.46892 3.80765 3.74272 5.72265 6.93640 7.54077 12.01779 22.92153 26.36234 15.66880 6.15780 3.29918 3.08579 13.24605 43.66312 63.51014 56.35853 47.50740 21.09332 3.80225 0.52697 0.20839 0.57332 5.85132 14.32899 20.74966 22.57883 24.05157 13.48147 7.29412 4.57906 9.02108
0.59073 0.47218 0.41644 0.37403 0.87100 2.30378 1.33474 0.40398 1.41914 7.61966 18.91376 27.47161 22.10802 10.77876 12.62382 22.65343 45.70918 66.75465 78.98651 67.63824 51.42414 48.56660 61.16316 33.25105 13.65454 7.42749 4.31356 3.34162 3.55892 3.92822 5.30419 8.59491 11.70628 12.82545 15.67275 15.84236 13.38661 15.94409 10.91487 6.61143 7.96477 13.71853 32.99974 67.57932 61.23417 38.98124 15.09986 6.69523 2.37157 1.15736 2.61912 8.59010 20.29148 25.83283 27.25334 43.66311 33.12977 19.87700 12.75621 19.67188
1.06129 0.86777 0.51559 0.11012 0.25191 0.39267 0.36123 0.73499 2.55578 6.17553 9.14859 12.48176 13.75770 8.57119 10.47210 21.42331 45.90457 71.28880 89.92444 80.02349 58.26185 53.20113 47.09156 31.97772 15.89539 7.06987 2.86772 2.37176 3.35372 6.29237 9.76487 13.65566 16.96001 15.37223 14.85004 15.72715 12.17794 8.68074 7.75266 5.43121 11.47775 11.10010 12.32724 30.58710 31.66962 14.43325 7.08594 4.02605 1.91136 1.05182 1.84132 7.58853 21.56920 30.35291 36.41792 41.35208 35.68449 22.79016 15.91334 21.69534
1.17173 0.86251 0.62109 0.40671 0.55299 0.97922 2.04546 3.74280 5.92745 6.16602 6.64624 7.98936 18.51577 18.87243 13.77591 15.95684 28.96784 41.98777 47.00978 48.38356 46.06031 44.30249 32.69390 18.78719 9.59508 4.22638 1.54398 2.02769 4.58450 8.87296 12.96608 16.67234 19.30750 14.37041 15.32882 31.42673 23.04224 10.24812 6.38707 5.68827 8.92941 11.95817 13.96879 13.01515 15.43219 9.18072 3.01341 1.20891 0.62028 0.49642 1.17226 4.37787 13.84278 22.36130 23.91190 21.09817 24.46846 20.30619 17.04153 19.10339
1.08790 1.07994 0.69848 0.44825 0.97426 2.29038 7.42921 11.04714 9.54459 10.13186 12.77555 22.90175 38.99135 40.45964 28.26636 19.53633 22.58508 21.28289 17.94991 21.30507 20.69204 19.78491 14.86852 5.71391 2.47398 1.78274 1.13754 1.25637 3.75221 9.77768 14.61123 18.13262 18.64159 16.32735 14.10152 16.76846 15.37287 11.37356 8.59484 9.27429 11.52766 20.59422 26.24693 8.68769 7.60819 6.43666 3.11958 0.82262 0.48946 0.40203 1.14538 3.05780 6.33609 10.23894 10.93558 8.14461 14.70688 15.89171 15.62011 15.80908
1.94307 1.62002 0.70326 0.35183 0.98592 5.60367 16.17480 18.39510 14.46558 15.11899 24.12759 50.22677 85.16203 92.39953 53.88195 22.69484 19.59609 15.91892 8.86830 6.88413 6.08567 4.78274 3.90993 2.30434 1.18473 0.73942 0.17218 0.00000 1.63116 8.93356 17.40303 21.63214 23.85962 24.47576 18.02469 14.49975 13.16538 10.49946 11.57773 17.51826 29.48337 34.07781 23.59200 6.02575 6.06249 7.12134 5.33066 1.60394 0.49949 0.47525 1.07759 2.94883 4.51172 5.38821 6.13953 6.85883 10.80235 13.45268 12.20046 11.47770
2.62027 1.44479 0.14081 0.00000 0.36910 4.18984 11.50489 15.16735 12.61048 16.55046 29.34941 64.22031 121.08752 124.87848 63.88525 19.81992 11.24831 8.80438 4.60624 2.00973 1.24555 0.34791 0.07300 0.05696 0.08379 0.04867 0.00000 0.22805 1.57928 8.75827 17.27878 24.35695 32.13665 43.37779 33.17945 26.77467 23.99743 17.35951 16.14362 21.16696 30.56342 -99999.00000 -99999.00000 5.55985 6.34529 10.10548 10.00914 4.16840 0.90518 0.69615 1.03051 3.18920 4.07981 4.10634 4.10234 4.29987 8.69546 13.88604 12.97056 12.70129
2.90542 2.18524 1.08525 0.29747 1.31588 3.30683 9.57177 11.51331 7.35037 9.85790 16.88184 32.77061 60.30952 62.31467 36.81504 17.24683 9.88667 4.51368 1.22404 0.07585 0.00000 0.00000 0.00000 0.00000 0.25690 0.67847 0.79115 2.53912 4.28800 7.54480 11.83901 17.29668 25.33925 38.71139 38.74318 -99999.00000 -99999.00000 -99999.00000 -99999.00000 -99999.00000 -99999.00000 -99999.00000 -99999.00000 12.66901 16.37332 17.57784 15.03250 8.67954 2.73986 1.11386 1.53404 3.28595 3.88892 3.88482 4.56702 7.04663 12.31278 16.50270 15.96761 15.28340
2.90597 4.30766 3.25969 3.44775 -99999.00000 19.22530 23.76692 15.48008 3.09418 3.30869 8.76580 17.57145 25.77363 18.12752 11.01518 11.43670 6.81255 3.46925 1.65340 0.53854 0.15444 0.00000 0.00000 0.34486 1.43456 2.50461 3.41009 7.76254 10.96851 8.04509 7.15829 11.06301 14.52972 17.54445 -99999.00000 -99999.00000 -99999.00000 -99999.00000 -99999.00000 -99999.00000 -99999.00000 -99999.00000 -99999.00000 -99999.00000 23.93891 19.73643 15.66479 12.05117 6.97486 2.75019 2.55706 3.41443 3.88769 5.69515 11.49252 15.08664 16.05225 17.40856 18.43077 18.21457
-99999.00000 -99999.00000 -99999.00000 -99999.00000 -99999.00000 39.60273 40.10496 17.89162 4.20236 2.66554 6.17873 11.75340 17.73428 13.36028 8.12520 5.89580 3.90766 4.58127 4.04003 2.47396 1.59855 0.52576 0.12927 1.29387 2.79673 3.43070 4.01097 10.37676 14.67585 15.42092 15.91866 16.14458 15.25019 16.05902 -99999.00000 -99999.00000 -99999.00000 -99999.00000 -99999.00000 -99999.00000 -99999.00000 -99999.00000 -99999.00000 -99999.00000 -99999.00000 15.82495 14.60138 13.42559 10.68054 6.68409 4.53601 4.37179 5.61630 12.12409 17.56648 16.33197 15.15613 15.52366 17.97172 20.14996
