DATA/RAW-RASTER/CPC/2017/20170423.asc
ncols			60
nrows			40
xllcorner		70.0
yllcorner		20.0
cellsize		0.5
NODATA_value	-99999
0.26000 0.12480 0.00000 0.00000 0.00000 0.00000 0.00000 0.00000 0.00000 0.00000 0.00000 0.05775 0.22773 0.79380 1.85146 2.95406 3.72707 3.88271 3.43201 2.65937 1.81510 1.31172 1.12119 1.04879 0.99545 0.92500 0.81683 0.72158 0.61596 0.47050 0.47761 0.53934 0.59392 0.61249 0.57759 0.49528 0.40475 0.34654 0.30465 0.24396 0.15867 0.08457 0.00000 0.00000 0.00000 0.00000 0.00000 0.00000 0.00000 0.00000 0.00000 0.00000 0.00000 0.00000 0.00000 0.00000 0.00000 0.00000 0.00000 0.00000
0.20466 0.00000 0.00000 0.00000 0.00000 0.00000 0.00000 0.00000 0.00000 0.00000 0.00000 0.11580 0.33175 0.94526 1.75783 2.53255 3.18423 3.43866 3.24185 2.72460 2.03616 1.49267 1.22989 1.10569 1.03767 0.98568 0.86133 0.78231 0.63167 0.43912 0.42602 0.41053 0.36699 0.29396 0.19901 0.10916 0.06522 0.07596 0.09028 0.07848 0.04694 0.02311 0.00000 0.00000 0.00000 0.00000 0.00000 0.00000 0.00000 0.00000 0.00000 0.00000 0.00000 0.00000 0.00000 0.00000 0.00000 0.00000 0.00000 0.00000
0.00000 0.00000 0.00000 0.00000 0.00000 0.00000 0.00000 0.00000 0.00000 0.00000 0.14410 0.50816 0.90655 1.46957 1.82278 1.92973 2.03760 2.13054 2.08601 1.85694 1.53083 1.25221 1.09118 1.02857 0.99906 0.96107 0.85639 0.72060 0.62852 0.38382 0.30783 0.25402 0.18946 0.12352 0.06452 0.02336 0.00000 0.00000 0.02746 0.02345 0.00000 0.00000 0.00000 0.00000 0.00000 0.00000 0.00000 0.00000 0.00000 0.00000 0.00000 0.00000 0.00000 0.00000 0.00000 0.00000 0.00000 0.00000 0.00000 0.00000
0.00000 0.00000 0.00000 0.00000 0.00000 0.00000 0.00000 0.00000 0.00000 0.00000 0.29288 0.87882 1.47178 1.70605 1.76786 1.42359 0.99653 0.83781 0.82575 0.78306 0.71413 0.65990 0.65912 0.68533 0.71548 0.69662 0.67375 0.59246 0.49631 0.31515 0.20859 0.15037 0.10303 0.06365 0.03333 0.00000 0.00000 0.00000 0.00000 0.00000 0.00000 0.00000 0.00000 0.00000 0.00000 0.00000 0.00000 0.00000 0.00000 0.00000 0.00000 0.00000 0.00000 0.00000 0.00000 0.00000 0.00000 0.00000 0.00000 0.00000
0.00000 0.00000 0.00000 0.00000 0.00000 0.00000 0.00000 0.00000 0.00000 0.02583 0.34145 0.85867 1.39422 1.49084 1.20139 0.65813 0.23294 0.21933 0.30892 0.35273 0.36259 0.37298 0.39731 0.42956 0.46552 0.48900 0.46214 0.44735 0.38297 0.25231 0.14558 0.09720 0.06775 0.04269 0.02360 0.00000 0.00000 0.00000 0.00000 0.00000 0.00000 0.00000 0.00000 0.00000 0.00000 0.00000 0.00000 0.00000 0.00000 0.00000 0.00000 0.00000 0.00000 0.00000 0.00000 0.00000 0.00000 0.00000 0.00000 0.00000
0.00000 0.00000 0.00000 0.00000 0.00000 0.00000 0.00000 0.00000 0.00000 0.08916 0.38460 0.81454 1.11473 1.07079 0.71316 0.31571 0.10408 0.12660 0.23281 0.29092 0.30469 0.31536 0.33193 0.35124 0.36983 0.39563 0.37206 0.36534 0.33060 0.21962 0.11697 0.07292 0.04922 0.03125 0.00000 0.00000 0.00000 0.00000 0.00000 0.00000 0.00000 0.00000 0.00000 0.00000 0.00000 0.00000 0.00000 0.00000 0.00000 0.00000 0.00000 0.00000 0.00000 0.00000 0.00000 0.00000 0.00000 0.00000 0.00000 0.00000
0.00000 0.04653 0.05058 0.02779 0.06887 0.11911 0.13522 0.05924 0.00000 0.29956 0.74490 0.85411 0.93319 0.77465 0.51126 0.27480 0.16632 0.18577 0.25734 0.30178 0.31392 0.31278 0.32113 0.33361 0.35294 0.36690 0.36101 0.35667 0.31462 0.21562 0.10269 0.06132 0.03870 0.02459 0.00000 0.00000 0.00000 0.00000 0.00000 0.00000 0.00000 0.00000 0.00000 0.00000 0.00000 0.00000 0.00000 0.00000 0.00000 0.00000 0.00000 0.00000 0.00000 0.00000 0.00000 0.00000 0.00000 0.00000 0.00000 0.00000
0.13614 0.42558 0.35492 0.22650 0.52229 0.82010 1.09890 1.52122 1.84313 2.08947 2.40695 1.68925 1.18359 0.78797 0.45479 0.28009 0.21520 0.23042 0.27731 0.30620 0.32599 0.33012 0.34157 0.35817 0.36655 0.36335 0.36476 0.34493 0.29857 0.21657 0.10419 0.05632 0.03361 0.02083 0.00000 0.00000 0.00000 0.00000 0.00000 0.00000 0.00000 0.00000 0.00000 0.00000 0.00000 0.00000 0.00000 0.00000 0.00000 0.00000 0.00000 0.00000 0.00000 0.00000 0.00000 0.00000 0.00000 0.00000 0.00000 0.00000
0.69451 1.29797 1.47726 1.29922 2.14571 2.81430 2.67218 3.43231 3.98842 4.00792 3.81492 2.90936 1.82384 1.16312 0.62710 0.35042 0.25994 0.24840 0.27456 0.30362 0.31780 0.32979 0.33743 0.33965 0.33869 0.34361 0.33997 0.31364 0.26821 0.19002 0.08580 0.07489 0.07089 0.05061 0.02213 0.00000 0.00000 0.00000 0.00000 0.00000 0.02248 0.00000 0.00000 0.00000 0.00000 0.00000 0.00000 0.00000 0.00000 0.00000 0.00000 0.00000 0.00000 0.00000 0.00000 0.00000 0.00000 0.00000 0.00000 0.00000
0.91562 2.25910 3.50829 4.60549 5.32000 6.81836 7.06811 5.84478 5.93967 6.45082 4.20988 2.65823 2.12269 1.68774 1.35387 0.82821 0.67799 0.52894 0.40054 0.34605 0.32981 0.32260 0.30596 0.29893 0.29229 0.28307 0.27106 0.25606 0.24570 0.28878 0.33312 0.37413 0.34857 0.33471 0.30377 0.05076 0.02294 0.03740 0.04834 0.05496 0.05900 0.05906 0.04280 0.00000 0.00000 0.00000 0.00000 0.00000 0.00000 0.00000 0.07082 0.00000 0.00000 0.03259 0.06893 0.00000 0.00000 0.00000 0.00000 0.00000
0.57680 2.06297 4.46201 6.11656 7.15520 10.76820 15.21649 15.23476 12.34278 9.93259 5.87005 2.35102 1.75317 1.97166 2.65643 3.77679 3.29772 1.37244 0.77430 0.45622 0.30590 0.23599 0.20172 0.18913 0.18343 0.16592 0.07921 0.09732 0.21581 0.39932 0.71960 0.93305 0.95726 0.91669 0.83003 0.65479 0.41361 0.21872 0.11486 0.08080 0.07894 0.08213 0.08090 0.07600 0.06086 0.03086 0.00000 0.02788 0.05642 0.23173 0.22101 0.14686 0.27023 0.52788 0.47348 0.17733 0.06465 0.04137 0.00000 0.00000
0.31233 1.43505 4.10443 6.63974 9.46034 16.25115 21.08407 17.10643 11.33585 6.58247 5.82342 3.15642 1.95866 2.12479 3.09751 3.92411 3.73873 1.97691 0.93194 0.43079 0.21434 0.12467 0.08609 0.07164 0.06715 0.05724 0.00000 0.07234 0.21232 0.56651 1.10130 1.39762 1.42295 1.33007 1.20925 1.03913 0.78758 0.52341 0.30815 0.14217 0.10528 0.10321 0.10039 0.09871 0.09740 0.11058 0.18197 0.42933 0.85704 0.93501 0.54385 0.21231 0.63366 1.52970 1.80991 1.13936 0.52988 0.24296 0.03738 0.00000
0.16529 1.26517 4.27309 8.62610 12.70529 19.13898 24.12435 16.61056 10.00372 4.97486 5.24169 4.86957 3.07493 2.81109 4.35965 5.29402 4.12407 2.01770 0.81144 0.30123 0.12262 0.06148 0.03819 0.02862 0.02317 0.00000 0.00000 0.06227 0.24049 0.72617 1.33587 1.62714 1.67276 1.60340 1.50418 1.33369 1.07894 0.80881 0.55232 0.30924 0.14985 0.13759 0.13406 0.13009 0.14043 0.20753 0.45158 1.12229 2.16790 2.60490 2.13542 1.61835 2.20040 3.69230 4.25504 3.18447 1.66682 0.60078 0.10580 0.00000
0.07467 1.41045 4.34099 8.15800 11.95155 14.62163 12.48643 7.36711 4.60282 4.17275 4.70088 4.29295 5.23312 8.71106 13.39195 7.38906 3.94103 2.04672 0.67068 0.18136 0.05702 0.02555 0.00000 0.00000 0.00000 0.00000 0.00000 0.05884 0.29046 0.87503 1.51418 1.79530 1.84732 1.82491 1.75927 1.60723 1.33630 1.01220 0.68890 0.44643 0.30736 0.23471 0.25604 0.25848 0.34329 0.51805 0.97244 2.01673 3.49622 4.69939 5.08937 4.59780 4.55604 5.45072 5.62132 4.51116 2.67071 1.01717 0.07379 0.00000
0.10814 1.13673 2.91567 5.83079 8.22128 8.75604 5.65485 1.73750 1.17170 0.96115 1.74842 2.44583 4.19105 9.64480 12.29545 6.49082 4.90119 2.24462 0.61025 0.10445 0.00000 0.00000 0.00000 0.00000 0.00000 0.00000 0.00000 0.24797 1.58688 1.87599 1.58898 1.88665 1.95589 1.97721 1.97584 1.85648 1.60010 1.20252 0.77341 0.45631 0.31730 0.32157 0.40338 0.50097 0.67382 0.90677 1.28879 2.01819 3.50091 5.14184 5.89113 5.52876 5.09616 5.57117 5.47986 4.34161 2.37263 0.92624 0.07276 0.00000
0.15243 0.44509 1.55387 4.77854 8.43176 9.12439 6.18687 3.22574 1.90079 1.64156 2.04974 2.03280 1.88944 6.95663 16.30328 13.57572 6.04844 2.28753 0.70631 0.13272 0.00000 0.00000 0.00000 0.00000 0.00000 0.00000 0.00000 1.32853 3.09257 3.45008 2.37633 1.90537 2.02983 2.12823 2.20330 2.12468 1.88624 1.42732 0.84183 0.39392 0.22655 0.28603 0.47442 0.62222 0.74290 0.91223 1.13307 1.42395 2.37745 4.03706 4.82354 4.60416 4.10617 4.04347 3.68715 2.50577 1.17070 0.45003 0.12708 0.00000
0.00000 0.09288 0.80151 3.64768 7.58461 8.57221 5.90772 3.72634 2.93828 3.25978 3.38557 3.72004 4.07206 5.82328 8.32729 10.32906 4.98890 1.85873 0.81038 0.18270 0.00000 0.00000 0.00000 0.00000 0.00000 0.00000 0.12417 2.91426 4.99331 5.64889 4.39313 2.33128 2.05519 2.18830 2.24523 2.24323 2.14126 1.74240 0.98207 0.31231 0.11455 0.22047 0.47955 0.65864 0.72787 0.82378 0.99559 1.09643 1.68859 3.01183 3.95617 4.04748 3.25434 2.27319 1.63481 1.03345 0.40717 0.15433 0.06523 0.00000
0.00000 0.04448 0.60745 2.06450 4.23939 4.99405 4.11115 3.43923 3.24353 3.48064 3.95920 4.62004 4.51552 4.81305 6.04817 5.46032 3.04608 1.17502 0.40589 0.00000 0.00000 0.00000 0.00000 0.00000 0.00000 0.00000 1.32563 4.66896 7.00059 7.58019 5.92622 3.57984 2.06075 2.20736 2.32652 2.40156 2.40321 2.15707 1.36286 0.41027 0.12187 0.22684 0.46453 0.63353 0.70252 0.80949 0.97700 1.17291 1.65137 2.73136 3.59386 3.60532 2.62190 1.32085 0.76570 0.59566 0.31267 0.14009 0.03884 0.00000
0.00000 0.00000 0.09701 0.43800 1.32217 1.92958 2.20109 2.68353 3.14138 3.45849 3.98549 4.64703 3.41692 1.82665 2.77943 2.32225 1.15800 0.37184 0.00000 0.00000 0.00000 0.00000 0.00000 0.00000 0.00000 1.23664 3.84278 6.89265 9.58785 10.36442 8.29578 4.62415 1.93735 1.91723 2.21808 2.41684 2.44257 2.33088 1.76475 0.89907 0.43624 0.36313 0.45301 0.57088 0.66419 0.77541 0.90821 1.13595 1.52914 2.20900 2.64862 2.52333 1.97663 1.16535 0.69137 0.47827 0.19081 0.04721 0.00000 0.00000
0.00000 0.00000 0.00000 0.00000 0.35314 0.59222 1.02267 2.55208 3.31156 3.26111 2.93596 2.59647 1.48759 0.48068 0.57718 0.17245 0.07839 0.00000 0.00000 0.00000 0.00000 0.00000 0.00000 0.00000 0.24654 1.85889 5.02350 10.55299 13.42961 14.37140 11.11436 5.39295 1.56666 1.35256 1.75450 2.18387 2.35178 2.29247 1.99039 1.35749 0.75675 0.44761 0.38107 0.42582 0.50924 0.59185 0.64376 0.57567 0.67956 1.11302 1.78210 1.97403 1.54121 1.03640 0.61822 0.29666 0.00000 0.00000 0.00000 0.00000
0.00000 0.00000 0.00000 0.00000 0.27198 0.55469 0.97062 2.74521 3.31124 2.52498 1.49145 0.91125 0.58001 0.30000 0.12874 0.00000 0.00000 0.00000 0.00000 0.00000 0.00000 0.00000 0.00000 0.00000 0.38412 1.96736 6.02724 13.49510 19.77077 20.31553 14.10751 6.52923 2.27822 0.87418 1.05229 1.64523 2.15413 2.31276 2.16271 1.65246 0.87232 0.42158 0.31956 0.33552 0.37688 0.41691 0.39433 0.26594 0.16627 0.29058 0.85755 1.43165 1.28827 0.90611 0.44237 0.03284 0.00000 0.00000 0.00000 0.00000
0.00000 0.00000 0.00000 0.00000 0.63847 2.06655 2.69682 3.02608 2.68981 1.55898 0.50923 0.13286 0.09886 0.02594 0.00000 0.00000 0.00000 0.00000 0.00000 0.00000 0.00000 0.00000 0.02481 0.13474 0.71495 4.13162 10.84151 19.29355 23.33410 21.57165 14.30704 6.64209 2.19504 0.62031 0.50910 1.13017 1.93812 2.30298 2.22533 1.81207 1.01617 0.48156 0.33513 0.32088 0.34947 0.43439 0.50846 0.53176 0.44188 0.75834 1.33899 1.82688 1.84284 1.32687 0.58622 0.07903 0.00000 0.00000 0.00000 0.00000
0.00000 0.00000 0.38579 2.16545 4.26916 6.23309 6.50487 5.19576 2.83462 0.90343 0.15686 0.00000 0.00000 0.00000 0.00000 0.00000 0.00000 0.00000 0.00000 0.00000 0.00000 0.24446 0.82292 0.82223 2.99837 9.27013 22.31216 34.64250 34.60616 24.99930 15.00707 7.17243 2.55101 0.53571 0.26612 0.90180 1.84597 2.26494 2.11801 1.74853 1.17632 0.64252 0.41762 0.33651 0.33099 0.44048 0.87876 1.75138 3.13265 4.75998 5.24530 5.38562 3.46977 2.42357 1.00197 0.21305 0.00000 0.00000 0.00000 0.08589
0.00000 0.42341 3.00154 7.35793 11.57650 11.96987 10.26305 7.84441 3.71496 0.70007 0.00000 0.00000 0.00000 0.00000 0.00000 0.00000 0.00000 0.00000 0.00000 0.00000 0.06707 1.99282 4.42794 5.24013 7.20203 11.74619 22.07187 38.79303 46.24557 30.98495 14.99619 8.61032 4.43150 1.78501 1.02408 1.44472 2.49674 2.63591 1.84396 1.67023 1.40722 0.90795 0.54777 0.44716 0.40918 0.69828 3.10693 9.20055 13.09855 12.32880 11.37357 11.35282 7.87348 4.20567 1.98087 0.51341 0.32376 0.26086 0.48797 1.44004
0.14483 1.90544 5.92299 13.80561 20.41836 18.10559 12.82745 9.32456 4.67891 0.89218 0.00000 0.00000 0.00000 0.00000 0.00000 0.00000 0.00000 0.00000 0.00000 0.00000 0.44354 3.29710 8.21602 11.34460 10.58065 8.35014 8.63054 17.62697 25.83847 19.35151 12.76857 9.85732 8.04067 5.94727 3.12254 2.48686 5.75204 5.28977 2.54324 2.64892 2.27668 2.13256 1.38015 0.84929 1.09290 3.06686 9.93014 20.76345 22.80630 16.20371 11.55875 10.58705 9.89460 5.33493 3.61794 3.37607 3.09043 3.50941 3.36823 4.85650
0.12982 1.21116 5.20599 15.52980 25.82520 22.68355 14.14408 8.27071 3.69331 0.32327 0.00000 0.00000 0.00000 0.00000 0.00000 0.00000 0.00000 0.00000 0.07170 0.27642 0.60502 2.16280 5.92646 9.26193 8.32997 4.70089 2.40301 4.79560 8.25430 5.39336 5.63760 9.18023 11.36246 10.24234 5.71268 3.22138 8.95921 12.25294 7.71281 4.42395 4.10122 5.84174 5.59506 2.96887 2.71286 5.44460 14.65286 24.26001 21.52230 14.84218 10.47174 9.54247 9.25641 9.98487 12.34514 15.02016 12.85697 11.75786 10.79081 12.02106
0.00000 0.42264 3.22287 10.98101 17.36806 13.37940 7.17657 3.94025 0.93788 0.03919 0.00000 0.00000 0.00000 0.00000 0.00000 0.00000 0.00000 0.00000 0.25178 0.79523 1.36665 1.05203 2.23411 4.62683 4.99152 3.41945 2.39324 2.74764 3.01472 1.69835 2.86224 7.19922 11.23440 10.74960 5.47684 3.88954 3.00826 6.43262 6.02085 3.53966 4.94785 7.79054 8.32967 6.06520 2.77766 3.25794 9.42617 15.46144 16.08107 15.43811 12.86822 11.31710 12.30287 13.01118 19.71251 27.11610 25.04064 19.33172 13.62037 11.01988
0.02246 0.53071 1.75326 4.66068 6.67702 3.47102 1.18756 0.80068 0.02028 0.00000 0.00000 0.00000 0.00000 0.00000 0.00000 0.00000 0.00000 0.00000 0.10989 0.59413 1.45115 1.42605 1.45224 2.47308 3.35321 3.61901 4.10517 4.00470 2.45474 1.29291 1.61733 5.33746 11.08114 14.00057 7.82088 7.75826 8.27541 10.98022 8.33906 4.06689 5.25746 7.80309 7.97281 6.66766 3.94027 3.26976 4.90004 8.75120 11.08603 11.46068 11.78205 11.66243 10.00873 9.15841 15.98081 24.08127 23.88157 17.72896 10.55890 6.35632
0.00000 0.11626 0.19282 0.95072 2.07045 0.98153 0.13799 0.00000 0.00000 0.00000 0.00000 0.00000 0.00000 0.00000 0.00000 0.00000 0.00000 0.00000 0.00000 0.04893 0.22282 0.53734 0.62495 1.18075 2.14793 3.31621 6.47666 7.72463 3.67159 1.85964 3.44546 4.97549 8.42049 11.73588 13.44159 13.47604 13.54476 18.46641 18.82244 11.78780 10.97183 11.82772 11.28936 6.00319 4.11187 2.08206 1.12472 2.82938 4.15430 5.31550 6.79121 6.60572 5.27517 8.77409 13.33669 20.17808 24.04346 19.08498 10.24018 4.70297
0.00000 0.00000 0.00000 0.03737 0.10920 0.00000 0.00000 0.00000 0.00000 0.00000 0.00000 0.00000 0.00000 0.00000 0.00000 0.00000 0.00000 0.00000 0.00000 0.00000 0.00000 0.00000 0.00000 0.55533 1.22121 1.80482 5.28038 7.63604 2.98077 2.06105 3.09923 4.16740 5.61124 6.97183 14.26660 14.82333 7.90551 10.04983 13.44259 17.17821 24.67369 31.59768 26.45858 15.45535 11.31800 3.99141 0.89502 1.36841 1.59220 2.22196 3.51262 4.66232 5.39038 9.64983 11.82560 18.88062 25.45286 20.59859 11.67782 7.11612
0.00000 0.00000 0.00000 0.00000 0.00000 0.00000 0.00000 0.00000 0.00000 0.00000 0.00000 0.00000 0.00000 0.00000 0.00000 0.00000 0.00000 0.00000 0.00000 0.00000 0.00000 0.00000 0.00000 0.15955 0.55763 1.39234 2.81139 2.72514 0.69187 0.40938 0.98881 2.57904 4.67055 6.04444 11.27261 10.72425 8.40824 12.83146 15.10687 27.47553 39.20897 43.47840 49.15516 41.21495 22.40260 8.51357 3.91862 1.71831 1.29011 1.65897 3.27719 5.29921 6.55327 9.67861 12.36590 19.49843 22.25003 20.25121 13.01967 10.63582
0.00000 0.00000 0.00000 0.00000 0.00000 0.00000 0.00000 0.00000 0.00000 0.00000 0.00000 0.00000 0.00000 0.00000 0.00000 0.00000 0.00000 0.00000 0.00000 0.00000 0.00000 0.00000 0.00000 0.00000 0.15851 0.50785 0.60716 0.61027 0.15548 0.00000 0.32707 2.19084 4.74182 6.68551 10.48074 12.50963 14.48822 23.13253 30.20111 47.47498 52.33670 39.82492 37.74749 43.59790 26.32221 17.49467 7.50006 4.78637 2.96539 2.20210 3.43226 4.97128 7.34198 8.94159 9.22968 17.93316 18.74766 17.00720 11.95968 11.01620
0.00000 0.00000 0.00000 0.00000 0.00000 0.00000 0.00000 0.00000 0.00000 0.00000 0.00000 0.00000 0.00000 0.00000 0.00000 0.00000 0.00000 0.00000 0.00000 0.00000 0.00000 0.00000 0.00000 0.00000 0.00000 0.00000 0.00000 0.00000 0.00000 0.00000 0.55381 2.35608 5.40031 7.14194 7.43173 10.60858 11.89542 27.81076 44.89358 43.34235 42.09930 35.78352 29.39391 31.72811 31.50679 25.22926 13.42077 7.35901 3.87578 2.35189 2.37165 3.99422 7.73233 10.42624 12.62353 15.69935 15.51998 13.21706 11.40517 11.41622
0.00000 0.00000 0.00000 0.00000 0.00000 0.00000 0.00000 0.00000 0.00000 0.00000 0.00000 0.00000 0.00000 0.00000 0.00000 0.00000 0.00000 0.00000 0.00000 0.00000 0.00000 0.00000 0.00000 0.00000 0.00000 0.00000 0.00000 0.00000 0.00000 0.00000 0.25085 1.78592 5.04987 7.42401 5.75040 3.56357 7.48694 31.47224 57.72340 48.92765 39.82193 34.08675 28.94564 28.37601 39.77214 28.40909 11.29857 5.55165 2.97590 2.20907 1.98878 3.68479 6.98076 9.45601 10.22990 10.01253 11.94334 12.52054 13.08691 14.08933
0.00000 0.00000 0.00000 0.00000 0.00000 0.00000 0.00000 0.00000 0.00000 0.00000 0.00000 0.00000 0.00000 0.00000 0.00000 0.00000 0.00000 0.00000 0.00000 0.00000 0.00000 0.00000 0.00000 0.00000 0.00000 0.00000 0.00000 0.00000 0.00000 0.00000 0.19445 0.66766 1.59134 3.97278 3.48006 1.16573 4.21443 17.30723 34.79173 40.92598 38.13235 21.01353 12.67823 18.26965 41.14286 32.58514 15.42884 6.81368 4.73453 3.53514 3.38580 4.24621 6.05008 7.33578 7.41476 6.77445 9.78294 12.72963 15.73140 19.00742
0.00000 0.00000 0.00000 0.00000 0.00000 0.00000 0.00000 0.00000 0.00000 0.00000 0.00000 0.00000 0.00000 0.00000 0.00000 0.00000 0.00000 0.00000 0.00000 0.00000 0.00000 0.00000 0.00000 0.00000 0.00000 0.00000 0.00000 0.00000 0.00000 0.00000 0.00000 0.25928 1.15768 1.72829 1.61405 0.20688 0.00000 3.12296 16.26996 28.93156 38.40374 27.51048 17.22217 18.02977 34.11644 36.16214 24.10605 10.39889 6.49188 5.58058 4.63356 4.91396 5.62449 6.13452 6.24935 6.70189 9.23732 12.99808 15.27334 17.00975
0.00000 0.00000 0.00000 0.00000 0.00000 0.00000 0.00000 0.00000 0.00000 0.00000 0.00000 0.00000 0.00000 0.00000 0.00000 0.00000 0.00000 0.00000 0.00000 0.00000 0.00000 0.00000 0.00000 0.00000 0.00000 0.00000 0.00000 0.00000 0.00000 0.00000 0.00000 0.58648 2.64907 5.72567 4.84272 0.84197 0.00000 0.97450 11.28814 20.28091 25.37424 -99999.00000 -99999.00000 44.69546 42.49591 36.28832 27.83428 13.39297 7.42487 7.33408 6.62229 4.64345 4.09458 4.28342 4.51656 4.70173 7.03453 11.64321 13.43094 13.80927
0.00000 0.00000 0.00000 0.00000 0.00000 0.00000 0.00000 0.00000 0.00000 0.00000 0.00000 0.00000 0.00000 0.00000 0.00000 0.00000 0.00000 0.00000 0.00000 0.00000 0.00000 0.00000 0.00000 0.00000 0.00000 0.00000 0.00000 0.00000 0.00000 0.00000 0.00000 0.24491 2.87532 7.55614 7.19386 -99999.00000 -99999.00000 -99999.00000 -99999.00000 -99999.00000 -99999.00000 -99999.00000 -99999.00000 38.64664 32.62556 25.49851 20.32648 12.69830 7.80457 7.36855 5.84291 2.57354 1.27863 1.15488 1.26786 2.23082 5.25746 8.37899 9.48313 9.99581
0.00000 0.00000 0.00000 0.00000 -99999.00000 0.00000 0.00000 0.00000 0.00000 0.00000 0.00000 0.00000 0.00000 0.00000 0.00000 0.00000 0.00000 0.00000 0.00000 0.00000 0.00000 0.00000 0.00000 0.00000 0.00000 0.00000 0.00000 0.00000 0.00000 0.00000 0.00000 0.00000 0.20726 1.19686 -99999.00000 -99999.00000 -99999.00000 -99999.00000 -99999.00000 -99999.00000 -99999.00000 -99999.00000 -99999.00000 -99999.00000 17.54941 13.72223 11.98566 10.46019 8.74344 6.76226 3.61303 0.89687 0.06486 0.00000 0.02775 0.64222 2.06267 3.45827 4.43146 5.64598
-99999.00000 -99999.00000 -99999.00000 -99999.00000 -99999.00000 0.00000 0.00000 0.00000 0.00000 0.00000 0.00000 0.00000 0.00000 0.00000 0.00000 0.00000 0.00000 0.00000 0.00000 0.00000 0.00000 0.00000 0.00000 0.00000 0.00000 0.00000 0.00000 0.00000 0.00000 0.00000 0.00000 0.00000 0.00000 0.00000 -99999.00000 -99999.00000 -99999.00000 -99999.00000 -99999.00000 -99999.00000 -99999.00000 -99999.00000 -99999.00000 -99999.00000 -99999.00000 8.40057 8.66971 9.40447 9.15934 6.35770 2.32920 0.34123 0.00000 0.00000 0.02562 0.10587 0.38473 0.77707 1.15543 2.04545
