DATA/RAW-RASTER/CPC/2017/20170726.asc
ncols			60
nrows			40
xllcorner		70.0
yllcorner		20.0
cellsize		0.5
NODATA_value	-99999
0.00000 0.00000 0.00000 0.00000 0.00000 0.00000 0.00000 0.00000 0.00000 0.00000 0.00000 0.00000 0.00000 0.00000 0.00000 0.00000 0.00000 0.00000 0.00000 0.00000 0.00000 0.00000 0.04865 0.14094 0.35109 0.71921 1.16030 1.43860 1.33778 0.89371 0.44762 0.19882 0.08650 0.06268 0.04192 0.02457 0.00000 0.00000 0.00000 0.00000 0.00000 0.00000 0.00000 0.00000 0.00000 0.04376 0.09767 0.17690 0.26026 0.38504 0.65377 0.86824 0.65460 0.33653 0.12424 0.18756 0.06901 0.08387 0.26940 0.63215
0.00000 0.00000 0.00000 0.00000 0.00000 0.00000 0.00000 0.00000 0.00000 0.00000 0.00000 0.00000 0.00000 0.00000 0.00000 0.00000 0.00000 0.00000 0.00000 0.00000 0.00000 0.00000 0.00000 0.11442 0.25205 0.49977 0.84513 1.11432 1.07567 0.67657 0.31150 0.14087 0.00000 0.00000 0.00000 0.00000 0.00000 0.00000 0.00000 0.00000 0.00000 0.00000 0.00000 0.00000 0.02579 0.03493 0.07949 0.31610 0.96858 2.09622 3.46026 4.25291 4.18764 3.84946 3.19620 2.26638 1.53729 1.12958 1.10526 1.22494
0.00000 0.00000 0.00000 0.00000 0.00000 0.00000 0.00000 0.00000 0.00000 0.00000 0.00000 0.00000 0.00000 0.00000 0.00000 0.00000 0.00000 0.00000 0.00000 0.00000 0.00000 0.00000 0.00000 0.03204 0.15837 0.32238 0.54350 0.74838 0.70265 0.38022 0.18933 0.07735 0.00000 0.00000 0.00000 0.00000 0.00000 0.00000 0.00000 0.00000 0.00000 0.00000 0.00000 0.00000 0.06056 0.07437 0.10724 0.53040 2.07618 5.92442 10.01737 11.64238 12.51622 13.87299 13.15797 9.69626 6.58922 5.34046 4.62860 3.30082
0.00000 0.00000 0.00000 0.00000 0.00000 0.00000 0.00000 0.00000 0.00000 0.00000 0.00000 0.00000 0.00000 0.00000 0.00000 0.00000 0.00000 0.00000 0.00000 0.00000 0.00000 0.00000 0.00000 0.00000 0.00000 0.13973 0.28663 0.41784 0.30534 0.04689 0.08766 0.02336 0.00000 0.00000 0.00000 0.00000 0.00000 0.00000 0.00000 0.00000 0.00000 0.00000 0.00000 0.04079 0.15466 0.32742 0.66125 1.71329 4.48271 10.27803 15.08267 16.81236 17.93879 20.59934 22.83680 21.49197 15.52589 11.81525 10.03012 9.15024
0.00000 0.00000 0.00000 0.00000 0.00000 0.00000 0.00000 0.00000 0.00000 0.00000 0.00000 0.00000 0.00000 0.00000 0.00000 0.00000 0.00000 0.00000 0.00000 0.00000 0.00000 0.00000 0.00000 0.00000 0.00000 0.00000 0.10276 0.18198 0.02014 0.00000 0.00000 0.00000 0.00000 0.00000 0.00000 0.00000 0.00000 0.00000 0.00000 0.00000 0.00000 0.00000 0.00000 0.02841 0.26008 0.81592 1.71230 3.39783 6.06291 9.96921 13.69148 15.58799 17.41439 20.10255 22.67313 23.03286 19.45355 14.59747 12.96209 13.82227
0.00000 0.00000 0.00000 0.00000 0.00000 0.00000 0.00000 0.00000 0.00000 0.00000 0.00000 0.00000 0.00000 0.00000 0.00000 0.00000 0.00000 0.00000 0.00000 0.00000 0.00000 0.00000 0.00000 0.00000 0.00000 0.00000 0.00000 0.00000 0.00000 0.00000 0.00000 0.00000 0.00000 0.00000 0.00000 0.00000 0.00000 0.00000 0.00000 0.00000 0.00000 0.00000 0.00000 0.00000 0.00000 0.47716 1.96889 3.07845 4.35296 5.91078 7.93178 9.86987 12.14717 12.92785 14.82862 15.50531 14.52674 12.03099 11.83806 13.50990
0.00000 0.00000 0.00000 0.00000 0.00000 0.00000 0.00000 0.00000 0.00000 0.00000 0.00000 0.00000 0.00000 0.00000 0.00000 0.00000 0.00000 0.00000 0.00000 0.00000 0.00000 0.00000 0.00000 0.00000 0.00000 0.00000 0.00000 0.00000 0.00000 0.00000 0.00000 0.00000 0.00000 0.00000 0.00000 0.00000 0.00000 0.04855 0.08784 0.11178 0.12438 0.18086 0.24047 0.18893 0.08273 0.24581 1.22965 1.53282 1.66144 1.71080 2.38547 4.07044 6.10687 7.53323 8.44015 7.46231 6.15297 6.74648 9.24848 11.74032
0.00000 0.00000 0.00000 0.00000 0.00000 0.00000 0.00000 0.00000 0.00000 0.00000 0.00000 0.00000 0.00000 0.00000 0.00000 0.00000 0.00000 0.00000 0.00000 0.00000 0.00000 0.00000 0.00000 0.00000 0.00000 0.00000 0.00000 0.00000 0.00000 0.00000 0.00000 0.00000 0.00000 0.04427 0.06942 0.11235 0.18316 0.29385 0.42784 0.60209 0.85405 1.14526 1.37169 1.22238 0.69783 0.58605 0.69744 0.78603 0.76688 0.66361 1.01046 2.13061 3.62459 4.50030 4.51371 3.47006 3.59311 5.50171 7.12845 10.01871
0.00000 0.00000 0.00000 0.00000 0.00000 0.00000 0.00000 0.02182 0.04544 0.04627 0.00000 0.00000 0.00000 0.00000 0.00000 0.00000 0.00000 0.00000 0.00000 0.00000 0.00000 0.00000 0.00000 0.00000 0.00000 0.00000 0.00000 0.00000 0.00000 0.00000 0.00000 0.00000 0.02744 0.15567 0.24802 0.40323 0.68674 1.10878 1.65040 2.38846 3.18032 3.76662 3.71105 2.79098 1.50068 0.63457 0.41033 0.67982 0.80121 0.87268 1.30601 2.29040 3.90476 5.96789 6.99648 6.49090 7.11536 8.29605 9.50511 11.60422
0.00000 0.00000 0.00000 0.00000 0.00000 0.03564 0.14620 0.10380 0.08632 0.06984 0.00000 0.00000 0.00000 0.00000 0.00000 0.00000 0.00000 0.00000 0.00000 0.00000 0.00000 0.00000 0.00000 0.00000 0.00000 0.00000 0.00000 0.00000 0.00000 0.00000 0.00000 0.09370 0.25768 0.36247 0.71889 1.38370 2.51155 3.37122 4.16347 5.08027 5.75124 6.14028 5.90343 4.83154 3.09291 1.22042 0.45988 0.82905 1.42456 1.80299 2.40083 3.49675 5.48429 8.59824 10.94826 11.85759 12.47548 12.51789 13.54644 13.68229
0.00000 0.00000 0.00000 0.02145 0.09856 0.64305 0.88599 0.57596 0.27259 0.06190 0.00000 0.00000 0.00000 0.06849 0.00000 0.00000 0.09820 0.03097 0.00000 0.00000 0.00000 0.00000 0.00000 0.00000 0.00000 0.00000 0.00000 0.00000 0.00000 0.00000 0.08150 0.65248 1.08659 1.80181 2.54838 3.37570 4.61017 5.42178 6.24100 7.01916 7.60857 8.22540 8.37510 7.74337 6.85179 4.89655 3.06149 2.51095 2.60260 2.69826 2.83703 3.08113 4.53414 7.94263 11.56413 12.74936 12.88015 13.98707 15.19629 15.51925
0.00000 0.00000 0.00000 0.19076 0.70785 2.47549 3.49994 1.30463 0.31827 0.00000 0.00000 0.00000 0.06881 0.11444 0.10247 0.26796 0.39091 0.23127 0.02979 0.00000 0.00000 0.00000 0.00000 0.00000 0.00000 0.00000 0.00000 0.00000 0.00000 0.16272 0.52548 0.90734 1.50560 1.94038 2.51673 3.34422 4.33692 5.48695 6.84158 8.27656 9.34890 9.65072 9.66446 9.47935 9.46171 8.57996 6.89295 5.52921 4.76177 3.95495 3.22303 2.75794 4.05214 7.36434 11.43124 13.32394 13.16004 12.48178 12.00298 12.83413
0.00000 0.00000 0.02245 0.41236 1.09592 2.44070 2.88588 1.53629 0.38467 0.00000 0.00000 0.00000 0.33538 0.37705 0.43927 0.43966 0.38866 0.18425 0.02841 0.00000 0.00000 0.00000 0.00000 0.00000 0.00000 0.00000 0.00000 0.00000 0.00000 0.21922 0.56965 0.80376 1.15750 1.55350 2.11425 2.83112 3.66609 4.99613 6.71648 7.95392 9.41879 10.28671 10.64209 10.32758 9.77026 9.34471 8.53263 7.03458 6.86876 6.83336 5.79365 4.88155 6.00919 8.75580 10.82568 11.66189 11.45467 10.79481 10.49488 10.30742
0.15947 0.04628 0.00000 0.35680 0.86708 1.46498 1.50148 1.20135 0.47058 0.00000 0.00000 0.64807 1.68657 1.74156 1.34443 0.82543 0.52439 0.22181 0.03659 0.00000 0.00000 0.00000 0.00000 0.00000 0.00000 0.00000 0.00000 0.00000 0.02468 0.26907 0.53275 0.72392 0.92939 1.23054 1.69926 2.36714 3.24269 4.28389 5.28815 6.22048 7.32281 8.82402 9.45669 9.47375 9.36740 8.26223 6.84934 6.56342 7.96289 10.06280 10.92928 10.00423 9.76331 11.16581 11.48092 10.41155 9.46711 9.04811 8.90155 8.34654
0.66175 0.31585 0.04188 0.00000 0.17677 0.47479 0.65995 0.62171 0.15477 0.00000 0.59034 4.47574 8.28509 5.52848 2.03620 0.81596 0.61702 0.25944 0.07399 0.00000 0.00000 0.00000 0.00000 0.00000 0.00000 0.00000 0.02503 0.05854 0.28909 0.28163 0.34828 0.53753 0.68914 0.88705 1.24733 1.78511 2.65862 3.82161 4.97595 5.76188 6.16529 5.81933 5.21796 4.95010 5.04531 4.34953 3.48238 3.90987 6.70504 10.11339 11.65645 11.12147 10.60440 11.50380 11.25470 9.49937 6.38428 4.78259 4.27203 3.45937
1.12589 0.32640 0.08782 0.00000 0.00000 0.00000 0.06790 0.14692 0.00000 0.00000 1.85505 7.45217 12.84164 8.59668 1.88985 1.99309 1.04709 0.35988 0.06746 0.00000 0.00000 0.00000 0.00000 0.00000 0.00000 0.03538 0.06162 0.32940 0.64072 0.56918 0.34425 0.36228 0.45409 0.59976 0.87952 1.28544 1.99386 3.13973 4.61156 5.64093 5.84600 4.81956 3.04622 1.82726 1.51225 1.35964 1.11270 1.32295 3.21076 6.32969 7.54868 7.41416 7.75603 7.93859 7.28881 5.10003 2.62549 1.21507 1.13114 0.64982
1.53280 0.34017 0.07839 0.03295 0.00000 0.00000 0.00000 0.00000 0.00000 0.00000 0.57763 3.74902 6.21810 9.35712 6.16109 7.78219 2.78503 0.46633 0.20452 0.12388 0.03313 0.00000 0.00000 0.00000 0.03595 0.09046 0.14451 0.71024 1.11827 1.16354 0.77568 0.31261 0.26327 0.31669 0.41417 0.59814 1.02797 2.05839 3.99879 5.59755 6.03103 4.93355 2.54053 1.03942 0.66770 0.55994 0.37443 0.29105 1.06202 2.36245 2.51112 2.33438 2.79675 2.67510 2.22590 1.49998 0.50877 0.00000 0.04531 0.00000
1.94868 0.70022 0.21749 0.03030 0.00000 0.00000 0.00000 0.00000 0.00000 0.00000 0.07286 0.77966 2.04521 9.20609 15.61191 11.48170 4.66616 1.24745 0.48050 0.22398 0.03157 0.00000 0.00000 0.04168 0.12220 0.14214 0.41211 1.05082 1.52148 1.64960 1.24470 0.54472 0.16454 0.16353 0.18482 0.22849 0.33947 0.90987 3.12381 5.43904 5.94424 4.92695 2.55984 0.94139 0.55972 0.46464 0.33939 0.33413 0.57054 0.83376 0.53982 0.37952 0.68770 0.56825 0.38047 0.41266 0.02602 0.00000 0.00000 0.00000
1.50466 0.57307 0.07529 0.00000 0.00000 0.00000 0.00000 0.00000 0.00000 0.00000 0.13651 0.26529 0.61543 2.90557 11.12424 11.18571 6.72670 2.01537 0.68092 0.26308 0.02104 0.09077 0.14073 0.17955 0.20957 0.41697 0.90372 1.57578 2.30040 2.65524 2.16243 1.06324 0.16546 0.07629 0.08167 0.08936 0.10749 0.44165 2.12638 4.25207 4.94783 4.16468 2.42379 1.23635 0.76248 0.58292 0.44156 0.48578 0.56493 0.51760 0.31099 0.21917 0.28175 0.25100 0.20904 0.36441 0.52293 0.74068 0.85710 0.43447
0.56070 0.12102 0.00000 0.00000 0.00000 0.00000 0.00000 0.00000 0.00000 0.00000 0.08332 0.06200 0.00000 0.07924 3.08327 7.58253 5.55386 1.02529 0.51451 0.03651 0.04157 0.15205 0.22865 0.28943 0.35294 0.63130 1.27968 2.18984 3.27847 3.97708 3.44676 1.79799 0.33151 0.06982 0.05365 0.10040 0.20419 0.54279 1.49406 2.62472 2.82827 1.83451 0.99443 0.80640 0.78170 0.69916 0.61617 0.63483 0.74849 0.67160 0.53274 0.37105 0.28139 0.27331 0.35778 0.66640 1.21245 1.67582 1.69260 0.99086
0.02388 0.00000 0.00000 0.00000 0.00000 0.00000 0.00000 0.00000 0.00000 0.00000 0.06360 0.05258 0.00000 0.00000 0.52142 1.64823 1.46142 0.48477 0.02387 0.00000 0.14736 0.36143 0.65970 0.65340 0.45259 0.68179 1.57732 3.45180 5.04367 5.36946 4.25299 2.23599 0.77423 0.13714 0.00000 0.02895 0.08534 0.20700 0.49852 0.96024 0.92595 0.38704 0.16797 0.39576 0.81598 0.98604 0.92630 0.85640 0.93767 0.78395 0.77594 0.69696 0.56448 0.51916 0.50227 0.84659 1.25087 1.58655 1.66024 0.96203
0.11978 0.00000 0.00000 0.00000 0.00000 0.00000 0.00000 0.00000 0.00000 0.00000 0.05875 0.08045 0.04971 0.00000 0.00000 0.06655 0.09810 0.03558 0.66159 0.43841 0.59392 0.98600 1.89154 1.46555 1.07332 2.23183 3.64683 5.46751 5.52238 5.12788 3.75143 1.97147 0.73474 0.15106 0.00000 0.08357 0.10110 0.06217 0.07993 0.16540 0.39143 0.23790 0.23542 0.59795 1.32499 1.65899 1.54014 1.42440 1.18569 1.43620 1.35910 1.22090 1.14876 0.99518 0.71984 0.66297 0.81921 0.92053 0.93168 0.64142
1.02417 0.05131 0.06702 0.00000 0.00000 0.00000 0.00000 0.00000 0.00000 0.00000 0.00000 0.02986 0.02216 0.00000 0.00000 0.00000 0.00000 0.00000 0.67693 1.07067 1.15938 2.24561 4.05442 4.65729 4.10940 5.62228 9.56544 12.31792 9.50312 5.64843 3.55694 1.93236 0.75249 0.15468 0.02519 0.42028 0.73667 0.67682 0.57623 0.60179 0.57402 0.50765 0.60795 1.19418 1.71202 1.97499 2.22396 2.88721 4.35490 5.67370 4.64766 3.96282 1.96474 1.36925 0.81635 0.53970 0.45050 0.42503 0.47317 0.44708
2.84909 1.30364 1.11511 0.39567 0.00000 0.03043 0.00000 0.00000 0.00000 0.00000 0.00000 0.00000 0.00000 0.00000 0.00000 0.07357 0.14286 0.35568 0.67255 0.42894 0.19377 1.87581 3.59768 4.35165 4.39287 5.84960 10.66441 17.26036 16.93927 8.86475 3.55667 2.04283 0.95167 0.40563 0.44452 1.02767 1.75884 1.84586 1.40561 1.34862 1.17355 0.85959 0.98801 1.47186 1.71782 2.20219 6.89202 16.32403 19.09789 13.32502 9.30957 8.48148 5.60902 2.21478 1.07716 0.51940 0.35502 0.29773 0.30573 0.38369
6.63656 5.03324 4.12952 2.23142 0.68463 0.27697 0.15666 0.02812 0.00000 0.00000 0.00000 0.00000 0.00000 0.08233 0.83013 1.97207 1.79424 1.48784 0.38010 0.00000 0.00000 0.34532 0.89344 1.05041 2.09253 2.88794 4.04366 8.33111 10.49219 6.72886 4.44237 2.44919 1.03214 0.83998 1.04618 2.23135 4.48935 3.22611 2.33491 2.68792 2.06120 0.95655 0.38985 0.81464 2.19886 6.86900 19.94810 37.42186 34.97551 17.75759 9.28365 7.80022 7.19569 3.20781 1.44474 0.80346 0.47323 0.38731 0.26629 0.15802
8.46899 8.04928 6.99240 3.48609 0.86747 0.68350 1.09387 0.87194 0.15193 0.00000 0.00000 0.00000 0.02133 0.75138 2.94875 6.17285 6.02292 3.13707 0.85512 0.00000 0.00000 0.30488 0.23548 0.18140 0.32985 0.86543 0.73923 2.57824 4.45970 2.54702 2.05306 1.95185 1.05306 1.16690 1.84754 4.39692 12.69701 9.14701 6.38996 4.13305 3.11370 3.23118 2.40430 1.04968 4.07845 12.57614 26.02209 40.07363 32.71358 15.57696 8.16938 7.11852 6.59942 4.86931 2.51252 1.42814 0.81125 0.48815 0.10701 0.00000
7.95615 8.30277 7.36061 4.41235 2.46691 2.68495 3.41169 2.91617 1.10748 0.22913 0.03455 0.00000 0.00000 0.53679 2.81244 5.06660 4.49316 2.62089 0.46589 0.00000 0.05127 0.60144 0.74893 0.59294 0.68710 1.27862 0.96397 2.55955 4.50816 3.39065 1.86720 0.51781 0.89555 1.77413 2.30551 4.65328 9.89264 10.92359 7.25901 3.98219 3.89726 7.24412 8.58346 2.34353 2.82830 11.47736 16.31851 15.33999 13.36870 14.30945 12.17712 10.21335 9.02168 5.60819 2.98009 2.45264 1.72868 0.90062 0.28685 0.06092
7.08492 6.66075 5.34245 4.68650 5.28640 6.67062 7.43228 6.41018 3.68702 1.94205 1.54024 0.00000 0.00000 0.09251 1.06847 1.16929 0.68852 0.21044 0.00000 0.00000 0.00000 0.16341 1.72633 2.95016 4.06651 4.41919 5.26906 7.05471 9.16420 8.25149 2.59152 0.08646 0.97234 2.42390 2.50593 5.89936 10.03331 16.42310 10.15721 5.27856 4.48272 8.20364 23.94997 20.50942 5.70948 6.59326 10.46059 10.24322 13.24210 15.94136 16.30647 14.19324 8.16683 3.87962 3.17103 3.64304 2.98243 1.69481 0.69841 0.20296
7.22806 5.16658 3.22098 5.08218 11.05091 16.84987 18.44907 13.99221 9.97581 8.13536 4.92025 1.15828 0.19608 0.66900 0.36861 0.00000 0.04492 0.44232 1.34819 1.60342 0.97604 3.05491 7.20820 10.28783 8.62261 6.64825 9.88650 12.72468 13.98011 11.57828 2.68952 0.41611 0.79194 2.28194 5.51475 8.76294 10.10460 19.69789 15.47200 9.10065 8.32747 13.23528 30.41789 23.16475 9.96937 6.47257 7.69680 10.81820 17.15394 16.62221 16.23771 10.70681 4.54235 3.31304 3.15753 4.24481 4.37954 2.33225 0.76975 0.22506
7.09456 5.76115 4.90422 8.83097 26.32499 39.24479 36.73213 23.13280 13.32095 10.64568 6.08185 2.08334 0.89146 0.55246 0.05241 0.00000 0.54497 1.48772 3.42787 8.16935 9.60264 11.97398 17.16397 19.55135 15.69762 10.27444 12.21183 18.27743 18.09768 11.00355 4.39167 2.03089 0.51565 1.09410 7.09669 9.90603 4.62925 5.93987 11.75433 11.17204 9.80745 17.89803 29.20229 30.39128 26.84669 10.35092 5.10043 7.21110 9.40066 10.22604 10.41859 6.78175 3.88502 3.22098 2.83810 4.53499 5.84250 3.52110 0.67898 0.22285
7.28062 9.12609 12.52151 22.19619 49.70650 91.55751 57.47462 27.88086 13.61578 5.18843 4.76476 2.47713 0.84137 0.06394 0.00000 0.00000 0.28891 1.50215 5.91262 14.96748 21.79218 24.97967 27.62478 32.49910 30.60607 26.16578 27.91761 39.80726 38.16701 18.72720 10.27923 6.12028 3.51800 3.38149 5.78937 5.42544 2.79386 7.60175 16.36145 13.27668 9.64124 15.83397 33.86452 56.73230 41.12995 16.66051 6.47342 2.58886 3.32267 5.69325 7.02330 5.37499 3.63043 3.11883 3.31665 4.96336 5.07798 3.54625 0.91901 0.37415
9.80361 13.87246 18.04421 21.79685 36.14256 72.09226 53.68070 27.89433 18.14504 10.61120 7.23917 4.05846 1.07685 0.21588 0.42597 0.83921 1.89268 4.39926 10.48345 16.26256 21.90745 26.98015 31.24109 40.74888 40.61061 46.60144 61.67032 76.93410 74.99987 43.05215 21.27658 12.49003 7.92483 7.69434 9.79862 8.06878 5.65390 19.93743 31.40419 16.52136 16.25424 17.29288 15.57910 21.45884 27.73168 19.03276 6.18285 2.87351 2.12428 2.85500 3.41905 3.28928 3.16491 2.71138 2.63824 4.39064 4.14752 2.81128 0.81111 0.32943
12.44198 16.37733 20.80633 25.58733 31.44176 34.01336 32.37765 24.43136 19.44385 15.17224 11.33558 6.51637 2.62947 1.41877 1.68000 2.50658 3.81583 5.78274 12.04804 15.88968 19.11697 22.89014 25.58299 33.96525 46.21107 69.03268 88.09476 94.17209 84.47497 51.46851 26.70241 15.04230 7.78469 9.32922 11.90941 15.52545 19.99372 41.69093 45.67292 27.97294 30.01005 20.72222 8.38754 11.43901 19.39398 18.09950 7.44946 3.07281 1.60570 1.27461 1.11372 1.63490 2.47795 2.66940 3.10025 3.46662 3.08772 1.41259 0.15266 0.19819
16.11696 18.48958 21.65061 32.14804 63.37676 55.94887 38.04984 31.44611 25.00351 20.17932 17.40439 11.88276 9.58402 7.70035 4.94339 4.88523 5.56692 5.97685 7.95035 11.83391 15.49423 17.97806 17.42019 21.41222 41.17075 83.22876 110.97971 98.06062 73.89378 41.67221 24.53236 13.54878 5.77757 9.32991 11.83051 15.53810 24.30544 49.55107 54.80999 33.81691 18.07211 34.88671 44.02557 13.63904 21.70098 20.01698 6.94206 2.18386 1.02277 0.77861 0.51351 0.73671 1.32202 1.88335 1.96192 1.69543 1.86870 1.17616 0.61816 0.90139
17.62114 22.77485 19.32172 24.16802 65.37848 69.59966 40.96853 35.78247 27.68312 27.43419 32.32780 33.62711 32.72651 25.63449 16.35715 11.40214 8.67885 5.34370 4.19144 6.38223 8.35973 9.89375 10.40551 10.96094 25.16211 67.84512 94.33779 78.89455 51.65562 32.09585 17.59395 9.22032 5.29840 6.53490 7.47628 8.74249 17.48352 38.29043 54.10325 42.26992 33.63513 69.40781 107.31359 21.45754 28.28279 26.09643 12.16896 3.02728 1.54864 1.05117 0.75386 0.59437 0.59111 0.86727 0.87384 0.61818 1.11681 1.22648 1.57720 2.41663
17.55010 27.26404 20.66987 18.64190 27.56206 32.94070 36.76268 36.80547 28.96461 27.26036 36.79275 45.71341 55.11935 55.76305 33.44390 14.13543 9.43965 4.95276 1.91462 2.49796 4.32255 5.36199 5.77622 8.54090 18.98999 40.40316 46.58960 32.72152 23.30644 17.00624 9.21092 5.63766 3.34297 3.11979 5.73034 9.42402 14.59975 16.83724 36.93262 50.64080 74.64861 56.74503 21.22330 9.47120 23.67342 31.66475 23.57451 7.33780 2.57657 2.48037 1.97580 1.10934 0.61792 0.62975 0.62811 0.60499 0.91142 1.41122 1.82496 2.17775
12.27995 18.67260 16.03344 13.21469 13.18839 25.66455 33.86296 26.22512 15.56413 20.17572 32.08999 45.33863 68.66963 72.08129 39.58580 13.99013 8.69857 6.72466 4.20425 3.25287 3.67716 3.23706 2.79382 4.55835 10.05549 18.07595 19.85697 15.11149 13.14830 9.02240 4.70939 3.34300 1.91858 1.86134 11.73303 28.72076 22.21943 18.24721 29.68891 41.37342 51.06489 -99999.00000 -99999.00000 24.59335 30.99850 43.00039 42.24525 17.98810 4.53660 3.83144 3.71602 2.59233 1.36147 1.17430 1.04563 0.85069 1.33872 1.93678 1.73434 1.68249
6.18994 10.12682 11.90968 14.03553 18.80131 36.53634 41.83039 23.07964 9.12809 16.61473 27.66630 34.18216 39.71866 39.15492 26.46921 15.11128 12.88905 12.17348 10.45547 6.46153 4.31402 2.55663 1.57604 2.20336 4.46551 8.34333 8.52390 7.55739 6.64235 4.67811 2.72619 2.30989 1.89747 1.83600 10.77238 -99999.00000 -99999.00000 -99999.00000 -99999.00000 -99999.00000 -99999.00000 -99999.00000 -99999.00000 41.12239 62.53154 69.96642 60.08843 34.69703 11.54299 5.69491 5.00788 3.68138 2.49699 2.31135 2.64202 3.49136 4.12553 2.63226 0.76625 1.40501
2.62869 6.61267 9.05508 14.80893 -99999.00000 38.37041 41.00829 29.36333 16.35258 19.06966 21.20766 21.59407 16.76315 14.13158 12.85708 13.97452 14.68352 15.22680 13.58404 7.95174 5.27470 3.19659 2.08247 2.60725 4.31800 6.02414 6.31926 6.07560 4.18541 2.51129 1.56628 1.99202 2.05047 2.69735 -99999.00000 -99999.00000 -99999.00000 -99999.00000 -99999.00000 -99999.00000 -99999.00000 -99999.00000 -99999.00000 -99999.00000 93.93288 77.33072 60.50702 45.84059 26.96145 11.04267 5.73686 3.84477 3.08001 4.37425 7.93186 9.27472 7.68734 4.79068 1.64017 1.21496
-99999.00000 -99999.00000 -99999.00000 -99999.00000 -99999.00000 18.36745 24.63104 15.65077 13.15096 14.95856 12.59813 10.17714 9.19068 9.47521 9.92417 10.53652 11.65480 13.11722 15.56802 11.53636 8.15791 5.20145 3.76563 3.98056 5.75685 6.40278 7.07949 7.42783 5.07590 4.70277 3.32123 1.68724 1.27429 0.96858 -99999.00000 -99999.00000 -99999.00000 -99999.00000 -99999.00000 -99999.00000 -99999.00000 -99999.00000 -99999.00000 -99999.00000 -99999.00000 60.82829 55.26759 49.59213 38.98638 19.27001 7.01846 3.88252 4.27782 9.04005 12.51363 11.11945 9.06045 5.80317 2.46657 1.04637
