DATA/RAW-RASTER/CPC/2017/20170612.asc
ncols			60
nrows			40
xllcorner		70.0
yllcorner		20.0
cellsize		0.5
NODATA_value	-99999
0.00000 0.00000 0.00000 0.00000 0.00000 0.00000 0.00000 0.00000 0.00000 0.00000 0.00000 0.00000 0.00000 0.00000 0.00000 0.00000 0.00000 0.00000 0.00000 0.00000 0.00000 0.00000 0.00000 0.00000 0.00000 0.00000 0.00000 0.00000 0.00000 0.00000 0.00000 0.00000 0.00000 0.00000 0.00000 0.00000 0.00000 0.00000 0.00000 0.00000 0.00000 0.00000 0.00000 0.00000 0.00000 0.00000 0.00000 0.02493 0.03597 0.05252 0.08989 0.11528 0.08140 0.03645 0.00000 0.00000 0.00000 0.00000 0.00000 0.00000
0.00000 0.00000 0.00000 0.00000 0.00000 0.00000 0.00000 0.00000 0.00000 0.00000 0.00000 0.00000 0.00000 0.00000 0.00000 0.00000 0.00000 0.00000 0.00000 0.00000 0.00000 0.00000 0.00000 0.00000 0.00000 0.00000 0.00000 0.00000 0.00000 0.00000 0.00000 0.00000 0.00000 0.00000 0.00000 0.00000 0.00000 0.00000 0.00000 0.00000 0.00000 0.00000 0.00000 0.00000 0.00000 0.00000 0.00000 0.04600 0.13880 0.29699 0.47952 0.57560 0.52345 0.39105 0.21081 0.03685 0.00000 0.00000 0.00000 0.00000
0.00000 0.00000 0.00000 0.00000 0.00000 0.00000 0.00000 0.00000 0.00000 0.00000 0.00000 0.00000 0.00000 0.00000 0.00000 0.00000 0.00000 0.00000 0.00000 0.00000 0.00000 0.00000 0.00000 0.00000 0.00000 0.00000 0.00000 0.00000 0.00000 0.00000 0.00000 0.00000 0.00000 0.00000 0.00000 0.00000 0.00000 0.00000 0.00000 0.00000 0.00000 0.00000 0.00000 0.00000 0.00000 0.00000 0.00000 0.08095 0.31664 0.89141 1.50082 1.67361 1.57229 1.29415 0.81154 0.27574 0.00000 0.00000 0.00000 0.00000
0.00000 0.00000 0.00000 0.00000 0.00000 0.00000 0.00000 0.00000 0.00000 0.00000 0.00000 0.00000 0.00000 0.00000 0.00000 0.00000 0.00000 0.00000 0.00000 0.00000 0.00000 0.00000 0.00000 0.00000 0.00000 0.00000 0.00000 0.00000 0.00000 0.00000 0.00000 0.00000 0.00000 0.00000 0.00000 0.00000 0.00000 0.00000 0.00000 0.00000 0.00000 0.00000 0.00000 0.00000 0.02531 0.05198 0.10275 0.26597 0.69565 1.60610 2.35598 2.50230 2.21034 1.58661 0.97411 0.75912 0.33128 0.10284 0.00000 0.00000
0.00000 0.00000 0.00000 0.00000 0.00000 0.00000 0.00000 0.00000 0.00000 0.00000 0.00000 0.00000 0.00000 0.00000 0.00000 0.00000 0.00000 0.00000 0.00000 0.00000 0.00000 0.00000 0.00000 0.00000 0.00000 0.00000 0.00000 0.00000 0.00000 0.00000 0.00000 0.00000 0.00000 0.00000 0.00000 0.00000 0.00000 0.00000 0.00000 0.00000 0.00000 0.00000 0.03354 0.06991 0.15096 0.25944 0.37896 0.60342 0.98059 1.57631 2.16001 2.32397 1.99737 1.11882 0.51297 0.88346 1.73042 1.75017 0.92613 0.24836
0.00000 0.00000 0.00000 0.00000 0.00000 0.00000 0.00000 0.00000 0.00000 0.00000 0.00000 0.00000 0.00000 0.00000 0.00000 0.00000 0.00000 0.00000 0.00000 0.00000 0.00000 0.00000 0.00000 0.00000 0.00000 0.00000 0.00000 0.00000 0.00000 0.00000 0.00000 0.00000 0.00000 0.00000 0.00000 0.00000 0.00000 0.00000 0.02625 0.05452 0.08134 0.14067 0.24980 0.42987 0.65202 0.78565 0.79809 0.78261 0.83487 0.99596 1.26750 1.45346 1.38422 0.86047 0.63418 1.67880 3.70334 3.91136 2.08669 0.58786
0.00000 0.00000 0.00000 0.00000 0.00000 0.00000 0.00000 0.00000 0.00000 0.00000 0.00000 0.00000 0.00000 0.00000 0.00000 0.00000 0.00000 0.00000 0.00000 0.00000 0.00000 0.00000 0.00000 0.00000 0.00000 0.00000 0.00000 0.00000 0.00000 0.00000 0.00000 0.00000 0.00000 0.00000 0.00000 0.00000 0.05063 0.10743 0.18541 0.29415 0.44221 0.77440 1.26848 1.82739 2.12397 2.02787 1.55235 0.96721 0.57012 0.40729 0.47267 0.72805 1.07611 1.54876 2.72293 4.86548 6.70678 6.52885 4.32457 1.73568
0.02953 0.11115 0.11686 0.07531 0.08135 0.08632 0.08268 0.08012 0.05633 0.00000 0.00000 0.00000 0.00000 0.00000 0.00000 0.00000 0.00000 0.00000 0.00000 0.00000 0.00000 0.00000 0.00000 0.00000 0.00000 0.00000 0.00000 0.00000 0.00000 0.00000 0.00000 0.00000 0.00000 0.00000 0.02192 0.07965 0.21993 0.40727 0.65711 1.01333 1.55703 2.49764 3.95100 5.28433 5.10630 4.58315 3.62562 2.03536 0.87014 0.39544 0.39750 0.71664 1.39882 2.53515 4.41273 6.82139 9.50774 9.27797 5.92997 3.14223
0.11472 0.24469 0.35324 0.38236 0.27121 0.18599 0.13414 0.12993 0.11899 0.09970 0.02239 0.10929 0.09760 0.05196 0.03333 0.00000 0.00000 0.00000 0.00000 0.00000 0.00000 0.00000 0.00000 0.02440 0.03085 0.03809 0.04561 0.05166 0.05255 0.03944 0.00000 0.00000 0.00000 0.04584 0.15106 0.34925 0.65750 1.10901 1.66662 2.48422 3.64657 5.12014 6.67100 7.63546 7.77372 7.91031 7.46193 5.83201 2.89943 1.43423 1.25362 1.70889 2.72141 4.71065 6.68774 7.38712 8.12365 7.76314 6.26307 4.17880
0.08067 0.22850 0.31960 0.28666 0.20256 0.18994 0.20263 0.16553 0.12563 0.07814 0.07431 0.16325 0.22922 0.29079 0.29220 0.23355 0.13458 0.09847 0.07472 0.08189 0.09158 0.10058 0.11107 0.12329 0.13425 0.14389 0.15193 0.15665 0.15109 0.12110 0.06391 0.00000 0.00000 0.04521 0.19703 0.55108 1.59637 2.29854 2.94837 3.77468 4.57744 5.40003 6.11758 6.73138 7.41226 7.90968 8.09609 7.79950 6.65229 5.09170 4.70907 5.15477 5.68442 6.07342 5.57622 4.51807 4.00585 4.40235 5.02842 4.21466
0.00000 0.10089 0.15753 0.11500 0.09413 0.25580 0.39844 0.32577 0.16390 0.07445 0.19152 0.22405 0.28492 0.35317 0.41592 0.43415 0.47575 0.25131 0.23352 0.25533 0.27435 0.29379 0.31167 0.34373 0.36536 0.35262 0.34104 0.32503 0.29397 0.23068 0.13864 0.04662 0.04925 0.14266 0.29814 0.67164 1.69725 2.59574 3.19990 3.77129 4.20666 4.62595 4.83782 4.84201 5.33607 6.30916 7.13560 7.43006 7.35788 6.99983 6.92497 6.96436 6.92619 6.38201 4.86045 3.16543 2.50196 3.51841 5.32675 5.66279
0.00000 0.00000 0.17203 0.29352 0.46050 0.77950 0.67231 0.30905 0.05856 0.06868 0.37523 0.49296 0.43739 0.40806 0.37935 0.35112 0.38473 0.29134 0.33525 0.36431 0.37450 0.37713 0.37854 0.40899 0.45658 0.46978 0.46159 0.44408 0.40807 0.31563 0.17212 0.07282 0.08723 0.13217 0.24316 0.56272 1.00126 1.62943 2.44708 3.29736 3.89967 3.98760 3.82183 3.55132 3.39606 4.00881 5.39782 6.85242 7.87983 7.69873 7.35740 7.08894 7.70685 8.22637 7.41577 5.46305 4.35681 4.92617 6.43124 7.46664
0.00000 0.00000 0.26990 0.63327 1.09189 1.78401 1.50982 0.56340 0.15731 0.31896 1.04234 1.23464 0.72462 0.42816 0.32349 0.27099 0.27816 0.29860 0.36044 0.38584 0.39205 0.39450 0.40296 0.43197 0.48151 0.50953 0.52178 0.50711 0.44395 0.31869 0.14605 0.04967 0.03203 0.07667 0.13600 0.23271 0.37597 0.67418 1.21708 1.98664 3.00677 3.46923 3.58485 3.44190 3.25958 3.74349 5.09929 6.79046 8.89313 9.59727 8.94009 8.34951 9.35507 10.99272 11.00356 9.41798 7.51742 7.14758 7.83364 8.06132
0.00000 0.04421 0.31053 0.64966 1.13804 1.67765 1.39917 0.59018 0.20071 0.81183 1.60513 1.28557 0.83864 0.47138 0.28131 0.15589 0.19977 0.30059 0.37883 0.39590 0.39868 0.40259 0.41937 0.44937 0.48753 0.51763 0.53976 0.50516 0.43386 0.27402 0.10841 0.02212 0.00000 0.00000 0.06291 0.11903 0.20198 0.33189 0.55573 0.92441 1.53473 2.51840 3.31215 3.59892 4.04175 4.78196 6.17340 8.35435 10.27763 11.63666 12.20571 11.87197 12.49860 14.86881 14.86371 12.15328 9.72095 8.80126 9.08777 9.66564
0.00000 0.00000 0.15501 0.31660 0.45677 0.56685 0.42635 0.09296 0.06157 0.22571 0.55044 0.56888 0.31714 0.09606 0.00000 0.00000 0.16599 0.31201 0.40249 0.40181 0.40201 0.40732 0.42034 0.44578 0.47261 0.49039 0.49328 0.45261 0.35584 0.19874 0.05357 0.00000 0.00000 0.00000 0.00000 0.05366 0.09840 0.17762 0.29720 0.49108 0.85512 1.52083 2.37425 3.20843 4.53200 6.46754 8.59937 10.07838 11.42768 11.97572 12.13543 11.91230 12.62246 15.23870 15.21311 12.57206 8.68682 7.52884 9.04600 11.72477
0.00000 0.00000 0.03383 0.11231 0.10091 0.07374 0.03356 0.00000 0.00000 0.00000 0.00000 0.00000 0.00000 0.00000 0.00000 0.00000 0.07642 0.25471 0.39877 0.41837 0.40486 0.40201 0.40594 0.42396 0.44641 0.44169 0.40352 0.33256 0.24434 0.11462 0.00000 0.00000 0.00000 0.00000 0.00000 0.00000 0.05929 0.10271 0.17606 0.28425 0.49911 1.05374 1.88500 2.60300 3.80943 6.41042 10.03821 11.90313 11.77960 10.39577 8.65594 7.88870 8.75645 9.82491 9.58577 7.52693 5.35173 4.97695 7.30892 11.13560
0.03027 0.03350 0.07106 0.11468 0.06005 0.00000 0.00000 0.00000 0.00000 0.00000 0.00000 0.00000 0.00000 0.00000 0.00000 0.00000 0.00000 0.11646 0.28337 0.38783 0.39266 0.36989 0.35729 0.34733 0.33316 0.28867 0.23202 0.18967 0.14437 0.00000 0.00000 0.00000 0.00000 0.00000 0.00000 0.00000 0.00000 0.04883 0.12572 0.20312 0.33014 0.81719 1.75200 2.50900 3.20296 5.34407 9.70979 11.32453 10.25554 7.07027 3.70684 2.56567 3.09653 3.14332 2.95950 2.89177 2.78639 3.31151 5.24113 7.40590
0.11582 0.21515 0.31080 0.34078 0.23670 0.07291 0.00000 0.00000 0.00000 0.00000 0.00000 0.00000 0.00000 0.00000 0.00000 0.00000 0.00000 0.00000 0.12590 0.21749 0.25256 0.24025 0.21724 0.18478 0.14859 0.10868 0.07303 0.05709 0.00000 0.00000 0.00000 0.00000 0.00000 0.00000 0.00000 0.00000 0.00000 0.00000 0.05567 0.17714 0.27285 0.69272 1.61782 2.31826 2.87848 4.73463 8.03273 9.29288 7.47331 4.35793 1.37247 0.44338 0.74020 0.62553 0.51898 1.12342 1.96816 2.73809 3.71442 5.11518
0.27807 0.53497 0.70114 0.66699 0.44358 0.17627 0.00000 0.00000 0.00000 0.00000 0.00000 0.00000 0.00000 0.00000 0.00000 0.00000 0.00000 0.00000 0.00000 0.03421 0.06072 0.06430 0.05461 0.03121 0.02878 0.00000 0.00000 0.00000 0.00000 0.07064 0.02632 0.00000 0.00000 0.00000 0.00000 0.00000 0.00000 0.00000 0.00000 0.15060 0.27911 0.59286 1.25057 2.05676 2.84660 4.16621 5.73660 6.34996 5.07410 2.97213 1.18615 0.47178 0.36563 0.26722 0.24762 0.55333 1.05624 1.46637 1.98236 2.86779
0.32900 0.65907 0.84421 0.74215 0.43061 0.15705 0.03030 0.00000 0.00000 0.00000 0.00000 0.00000 0.00000 0.00000 0.00000 0.00000 0.00000 0.00000 0.00000 0.00000 0.00000 0.00000 0.00000 0.00000 0.00000 0.00000 0.00000 0.00000 0.07438 0.15159 0.06504 0.00000 0.00000 0.00000 0.00000 0.00000 0.00000 0.00000 0.00000 0.07811 0.21592 0.31192 0.49027 1.02791 1.86007 2.72016 3.39825 3.29416 3.24162 2.73243 1.91238 1.01431 0.44738 0.23930 0.21620 0.30288 0.36254 0.33927 0.54374 1.28202
0.22401 0.44842 0.50301 0.35949 0.22065 0.11044 0.02568 0.05513 0.21009 0.34207 0.19429 0.02344 0.00000 0.00000 0.00000 0.00000 0.00000 0.00000 0.00000 0.00000 0.00000 0.00000 0.00000 0.00000 0.00000 0.00000 0.00000 0.06824 0.32428 0.40765 0.31763 0.00000 0.00000 0.00000 0.00000 0.00000 0.00000 0.00000 0.00000 0.00000 0.13140 0.13426 0.15821 0.37154 0.86394 1.40007 1.83532 2.17872 2.87797 2.58035 2.20413 1.48405 0.68206 0.33148 0.14885 0.10419 0.03275 0.09385 0.28635 0.89078
0.09851 0.15457 0.14377 0.05485 0.07884 0.04041 0.02561 0.55262 1.22170 1.63153 1.01132 0.25675 0.22004 0.30095 0.19894 0.00000 0.00000 0.00000 0.00000 0.00000 0.00000 0.00000 0.00000 0.00000 0.00000 0.00000 0.04699 0.30151 0.46059 0.60086 0.48919 0.04105 0.00000 0.00000 0.00000 0.00000 0.11580 0.10642 0.08275 0.09739 0.18268 0.15271 0.17699 0.32442 0.54885 0.80793 1.24025 2.06262 2.48504 2.75894 2.06488 1.30985 0.79692 0.39266 0.04165 0.00000 0.05392 0.12464 0.36665 0.93247
0.00000 0.02128 0.03327 0.02581 0.00000 0.00000 0.22644 1.50246 3.29378 4.05625 2.60965 1.02314 0.74519 0.84056 0.60265 0.16031 0.00000 0.00000 0.00000 0.00000 0.00000 0.00000 0.00000 0.00000 0.00000 0.00000 0.38056 0.68351 0.88502 1.04021 0.80390 0.14038 0.03651 0.00000 0.00000 0.05759 0.93503 1.23971 0.78368 0.58721 0.48549 0.45452 0.45992 0.49853 0.49618 0.59612 1.06415 1.91667 3.08979 3.59771 2.03306 1.21270 0.60341 0.38723 0.03240 0.00000 0.02932 0.05255 0.25145 0.85459
0.00000 0.00000 0.00000 0.00000 0.00000 0.03794 0.32537 1.77874 4.88088 6.80033 4.59128 1.84843 1.17398 0.88738 0.62523 0.22261 0.00000 0.00000 0.00000 0.00000 0.00000 0.00000 0.00000 0.00000 0.00000 0.00000 0.41718 1.09148 2.45349 3.76188 1.68915 0.56852 0.16298 0.00000 0.00000 1.65628 3.87351 3.95821 1.80625 1.35611 1.21454 1.10461 0.93836 0.91968 0.74157 1.01744 3.37043 6.64239 6.68768 4.14705 1.76597 1.28489 1.04010 0.52310 0.11415 0.00000 0.00000 0.00000 0.06780 0.74323
0.00000 0.00000 0.00000 0.00000 0.00000 0.11246 0.52361 2.26578 5.50236 6.87809 5.72628 3.05553 1.13841 0.39190 0.20918 0.06549 0.00000 0.00000 0.00000 0.00000 0.00000 0.00000 0.00000 0.00000 0.00000 0.00000 0.17412 2.01499 7.09002 12.18642 6.29816 2.19313 0.78425 0.24957 0.04755 4.10325 13.33261 10.20271 3.83322 3.76195 3.01066 3.36516 2.98307 2.46648 3.73261 7.51275 12.37947 13.86445 10.31914 5.57638 2.93627 1.94996 1.77893 0.87577 0.33107 0.11058 0.02938 0.00000 0.02307 0.60635
0.00000 0.00000 0.00000 0.00000 0.00000 0.35513 1.40433 3.68129 6.01201 6.14792 4.67869 2.13496 0.66496 0.07381 0.02460 0.00000 0.00000 0.00000 0.00000 0.00000 0.00000 0.00000 0.00000 0.00000 0.00000 0.00000 0.28917 3.30859 13.01666 26.47847 22.39346 8.65674 1.91452 0.17999 0.00000 3.28063 23.54556 26.71808 16.46218 8.56516 5.86476 7.84606 11.06935 10.90936 18.57861 23.28661 24.00759 18.42762 10.18400 5.66492 3.69121 2.91235 2.37837 2.02297 1.40038 0.95439 0.57713 0.23405 0.20931 0.51990
0.00000 0.00000 0.00000 0.00000 0.00000 0.17618 1.35029 4.31864 7.15812 7.23942 4.11164 1.01798 0.17121 0.00000 0.00000 0.00000 0.00000 0.00000 0.00000 0.00000 0.00000 0.00000 0.00000 0.00000 0.00000 0.00000 0.13193 2.41420 9.76032 18.15172 18.01827 7.85791 1.43926 0.16911 0.00000 0.67200 4.74365 12.94587 12.69591 7.30919 5.63835 8.30581 13.92826 15.55540 22.38850 23.06467 21.02117 16.04656 9.45792 7.50803 5.80373 4.58283 3.78291 2.89978 2.45585 2.28821 1.59807 0.84006 0.41297 0.33064
0.00000 0.00000 0.00000 0.00000 0.00000 0.06146 0.80775 3.47640 6.57736 6.93055 4.15322 1.07579 0.00000 0.00000 0.00000 0.00000 0.00000 0.00000 0.00000 0.00000 0.00000 0.00000 0.00000 0.00000 0.00000 0.00000 0.00000 0.14710 2.32852 4.88734 4.40655 1.04401 0.03602 0.00000 0.00000 0.10531 1.05871 2.53577 3.21204 4.17507 5.06861 10.34208 23.64911 23.17184 14.85571 10.56359 11.05880 11.27999 10.98966 8.60366 7.42319 6.41110 4.21056 2.61344 3.04570 3.55124 2.78892 1.44587 0.56496 0.22759
0.00000 0.00000 0.00000 0.00000 0.00000 0.00000 0.24637 1.64024 3.21675 3.20239 1.68072 0.12933 0.00000 0.00000 0.00000 0.00000 0.00000 0.00000 0.00000 0.00000 0.00000 0.00000 0.02192 0.28117 0.25585 0.02148 0.00000 0.00000 0.02357 0.13961 0.11950 0.00000 0.00000 0.00000 0.00000 0.04796 0.94875 1.65713 3.74241 9.10550 19.34050 39.07424 80.98388 84.04638 48.21983 15.04381 5.72625 5.65623 4.36999 5.84283 7.39547 5.86122 3.45020 2.76955 3.17209 4.09877 3.97515 2.13692 0.58713 0.18159
0.00000 0.00000 0.00000 0.00000 0.00000 0.00000 0.00000 0.18706 0.75575 0.70089 0.21933 0.00000 0.00000 0.00000 0.00000 0.00000 0.00000 0.00000 0.00000 0.00000 0.00000 0.00000 0.39157 1.11042 0.98412 0.32312 0.03257 0.00000 0.00000 0.00000 0.00000 0.00000 0.00000 0.00000 0.00000 0.00000 0.55421 2.66331 7.20107 20.18407 49.26964 103.07146 180.22652 206.21646 108.84357 34.17972 12.38834 13.29621 10.04012 9.04455 9.29302 6.50133 3.74588 2.83313 2.83603 4.15470 4.82840 2.84156 0.47079 0.32162
0.00000 0.00000 0.00000 0.00000 0.00000 0.00000 0.00000 0.00000 0.00000 0.02521 0.00000 0.00000 0.00000 0.00000 0.00000 0.00000 0.00000 0.00000 0.00000 0.00000 0.00000 0.02229 0.51942 2.24856 2.42429 1.23468 0.09469 0.00000 0.00000 0.00000 0.00000 0.00000 0.00000 0.02497 0.00000 0.18462 1.26286 3.78960 9.32375 28.62025 66.12098 118.08087 196.66302 172.22826 89.37553 40.04111 26.26485 26.53687 23.67155 18.77034 15.14445 8.59542 3.96329 2.43932 2.49229 3.73782 4.08366 3.21979 1.35499 1.54047
0.00000 0.00000 0.00000 0.00000 0.00000 0.00000 0.00000 0.10639 0.83383 1.85200 1.81522 0.59718 0.00000 0.00000 0.00000 0.00000 0.00000 0.00000 0.00000 0.09785 0.10395 0.32208 1.06949 3.35647 3.59045 2.22821 0.49474 0.00000 0.00000 0.00000 0.00000 0.00000 0.17963 1.32185 2.07273 1.42000 1.29693 3.14582 8.31287 27.34398 58.48120 86.00430 131.83786 158.73083 90.71744 59.30259 29.13100 31.16954 27.85438 21.17333 14.75364 7.82684 3.68957 1.96636 1.62208 2.57034 3.37382 4.31648 3.61919 3.63749
0.00000 0.00000 0.00000 0.00000 0.00000 0.00000 0.06803 0.92636 3.67253 6.38243 5.29860 2.00266 0.12731 0.00000 0.00000 0.00000 0.00000 0.00000 0.18220 0.74721 1.28370 1.45041 1.77865 2.81872 3.13773 2.37730 1.36019 0.24655 0.00000 0.00000 0.00000 0.00000 0.28347 1.86511 4.73755 2.93850 1.62195 2.34081 6.88973 21.86384 54.72277 61.74216 75.46861 111.41471 139.54541 126.12859 62.77160 34.83672 22.02511 14.96930 7.55973 4.88328 3.03985 1.84511 1.79962 2.08603 3.27470 5.60726 6.52532 5.49931
0.00000 0.00000 0.00000 0.00000 0.00000 0.14114 1.36756 3.43735 6.66062 9.28801 7.15109 1.64183 0.04369 0.00000 0.00000 0.00000 0.00000 0.02854 0.47828 1.73448 2.43805 2.20389 1.80076 1.64938 1.81319 2.03937 1.95268 1.88152 0.80334 0.30242 0.00000 0.08884 0.21508 0.99239 3.52896 2.62755 2.14372 12.02720 12.73503 13.83977 26.61578 44.11975 60.19998 120.62176 250.27591 216.84032 84.13228 35.42313 19.27598 13.91544 5.23674 2.73230 2.00433 1.48683 1.43934 1.61486 3.33997 5.89985 7.11443 5.38385
0.00000 0.00000 0.00000 0.00000 0.03298 0.65288 3.78660 6.93204 7.68343 8.12513 6.50553 1.73866 0.12935 0.00000 0.00000 0.00000 0.58004 0.41283 0.29588 1.41518 2.49615 2.23028 1.38859 0.74890 0.94942 1.95776 2.89501 4.13202 5.69865 4.67837 1.02734 1.27986 1.51304 2.78940 3.80261 2.05732 3.24617 36.90932 55.77459 15.71700 26.19720 86.23306 93.92742 159.79912 342.76447 297.81320 139.21713 46.07662 26.98425 21.27149 12.56880 5.35560 1.33216 0.93304 1.01358 1.10668 2.74567 4.14967 4.06232 2.40953
0.00000 0.00000 0.00000 0.00000 0.30281 2.72248 8.66366 10.19983 8.12064 5.69387 4.16080 1.61566 0.30926 0.00000 0.00000 0.00000 0.77335 0.39638 0.03418 0.66486 1.37263 1.02964 0.58506 0.46248 1.06932 2.97685 4.92698 6.46856 11.40853 9.33205 4.04570 2.30541 3.50644 5.79296 5.10407 1.57397 2.82555 20.32964 40.26009 25.03039 22.71726 54.46450 80.56007 151.06470 273.34677 293.82376 189.20381 61.68258 26.46971 21.35497 14.31988 9.69916 1.30257 0.86425 0.95859 1.18231 2.50479 3.84306 3.01850 2.01703
0.00000 0.00000 0.00000 0.00000 0.21085 2.39333 6.21838 7.58593 5.18765 2.99941 1.44158 0.31873 0.02876 0.00000 0.00000 0.00000 0.00000 0.00000 0.00000 0.12385 0.31756 0.11154 0.00000 0.00000 0.28531 3.38639 7.20091 10.15730 16.54914 9.54758 2.67246 1.44166 3.46407 4.83926 2.47555 0.32000 1.85025 10.08299 21.18510 23.61005 31.29159 -99999.00000 -99999.00000 198.82658 194.48833 191.23224 162.19847 68.22430 21.82943 19.03277 17.86908 10.19330 1.69582 1.25423 1.23100 1.69292 4.32125 7.05082 6.64816 5.82727
0.00000 0.00000 0.00000 0.00000 0.40722 1.53890 4.13295 5.13422 2.94258 1.55198 1.38067 1.00884 0.15987 0.00000 0.00000 0.00000 0.00000 0.07055 0.85750 1.46752 0.88861 0.19361 0.00000 0.15801 2.93583 8.34397 9.54064 7.35575 7.34389 4.91277 0.56238 0.13626 0.78866 0.85470 0.35297 -99999.00000 -99999.00000 -99999.00000 -99999.00000 -99999.00000 -99999.00000 -99999.00000 -99999.00000 79.03039 59.55308 71.67641 79.71964 57.23455 24.13462 16.09444 14.18446 4.59789 1.76900 2.02445 2.66104 4.64859 8.56985 12.21719 13.17149 12.81085
0.00000 0.00000 0.00000 0.23925 -99999.00000 3.54801 7.54597 8.25401 2.44673 0.56478 1.07887 0.93905 0.00000 0.06293 0.00000 0.00000 0.00000 2.59037 8.57411 6.32447 4.19248 2.19674 0.80855 1.26045 6.27344 14.19808 17.83096 14.88644 7.95709 2.04750 0.00000 0.00000 0.00000 0.02159 -99999.00000 -99999.00000 -99999.00000 -99999.00000 -99999.00000 -99999.00000 -99999.00000 -99999.00000 -99999.00000 -99999.00000 16.92738 21.20371 30.97746 36.43095 28.98533 14.71624 4.54384 1.99530 1.89569 2.60216 5.12559 7.60785 9.92828 13.19171 16.88497 19.89949
-99999.00000 -99999.00000 -99999.00000 -99999.00000 -99999.00000 7.11580 18.37034 16.64802 6.42339 2.16863 0.24668 0.27705 3.21915 6.47942 3.21083 0.00000 3.42073 15.93523 32.32312 24.80584 16.08274 8.76216 3.98413 1.68120 7.09969 11.70860 18.13540 17.93059 8.26864 0.73462 0.26910 0.35288 0.08019 0.00000 -99999.00000 -99999.00000 -99999.00000 -99999.00000 -99999.00000 -99999.00000 -99999.00000 -99999.00000 -99999.00000 -99999.00000 -99999.00000 11.21750 15.44917 17.63044 17.63155 10.40105 2.86800 2.02313 2.45408 4.70363 6.58168 6.62379 7.54610 10.61760 15.30300 20.21751
