DATA/RAW-RASTER/CPC/2017/20170728.asc
ncols			60
nrows			40
xllcorner		70.0
yllcorner		20.0
cellsize		0.5
NODATA_value	-99999
0.00000 0.00000 0.00000 0.00000 0.00000 0.00000 0.00000 0.00000 0.00000 0.00000 0.00000 0.00000 0.00000 0.00000 0.00000 0.00000 0.00000 0.00000 0.00000 0.00000 0.00000 0.00000 0.00000 0.00000 0.00000 0.00000 0.00000 0.00000 0.00000 0.00000 0.00000 0.00000 0.00000 0.00000 0.00000 0.00000 0.00000 0.00000 0.00000 0.00000 0.00000 0.00000 0.00000 0.00000 0.00000 0.00000 0.00000 0.00000 0.00000 0.00000 0.00000 0.00000 0.00000 0.00000 0.00000 0.00000 0.00000 0.00000 0.00000 0.00000
0.00000 0.00000 0.00000 0.00000 0.00000 0.00000 0.00000 0.00000 0.00000 0.00000 0.00000 0.00000 0.00000 0.00000 0.00000 0.00000 0.00000 0.00000 0.00000 0.00000 0.00000 0.00000 0.00000 0.00000 0.00000 0.00000 0.00000 0.00000 0.00000 0.00000 0.00000 0.00000 0.00000 0.00000 0.00000 0.00000 0.00000 0.00000 0.00000 0.00000 0.00000 0.00000 0.00000 0.00000 0.00000 0.00000 0.00000 0.00000 0.00000 0.00000 0.00000 0.00000 0.00000 0.09378 0.21332 0.18767 0.13037 0.05294 0.00000 0.00000
0.00000 0.00000 0.00000 0.00000 0.00000 0.00000 0.00000 0.00000 0.00000 0.00000 0.00000 0.00000 0.00000 0.00000 0.00000 0.00000 0.00000 0.00000 0.00000 0.00000 0.00000 0.00000 0.00000 0.00000 0.00000 0.00000 0.00000 0.00000 0.00000 0.00000 0.00000 0.00000 0.00000 0.00000 0.00000 0.00000 0.00000 0.00000 0.00000 0.00000 0.00000 0.00000 0.00000 0.00000 0.00000 0.00000 0.00000 0.00000 0.00000 0.00000 0.00000 0.08130 0.31874 0.74551 1.06336 0.92616 0.61765 0.39284 0.18717 0.05426
0.00000 0.00000 0.00000 0.00000 0.00000 0.00000 0.00000 0.00000 0.00000 0.00000 0.00000 0.00000 0.00000 0.00000 0.00000 0.00000 0.00000 0.00000 0.00000 0.00000 0.00000 0.00000 0.00000 0.00000 0.00000 0.00000 0.00000 0.00000 0.00000 0.00000 0.00000 0.00000 0.00000 0.00000 0.00000 0.00000 0.00000 0.00000 0.00000 0.00000 0.00000 0.00000 0.00000 0.00000 0.00000 0.00000 0.00000 0.00000 0.00000 0.00000 0.02412 0.13490 0.52869 1.39648 2.23142 2.34233 1.62508 0.96347 0.46077 0.19812
0.00000 0.00000 0.00000 0.00000 0.00000 0.00000 0.00000 0.00000 0.00000 0.00000 0.00000 0.00000 0.00000 0.00000 0.00000 0.00000 0.00000 0.00000 0.00000 0.00000 0.00000 0.00000 0.00000 0.00000 0.00000 0.00000 0.00000 0.00000 0.00000 0.00000 0.00000 0.00000 0.00000 0.00000 0.00000 0.00000 0.00000 0.00000 0.00000 0.00000 0.00000 0.00000 0.00000 0.00000 0.00000 0.00000 0.00000 0.00000 0.00000 0.00000 0.02072 0.14656 0.69965 1.76298 2.59807 2.73960 2.15617 1.20914 0.54879 0.28283
0.00000 0.00000 0.00000 0.00000 0.00000 0.00000 0.00000 0.00000 0.00000 0.00000 0.00000 0.00000 0.00000 0.00000 0.00000 0.00000 0.00000 0.00000 0.00000 0.00000 0.00000 0.00000 0.00000 0.00000 0.00000 0.00000 0.00000 0.00000 0.00000 0.00000 0.00000 0.00000 0.00000 0.00000 0.00000 0.00000 0.00000 0.00000 0.00000 0.00000 0.00000 0.00000 0.00000 0.00000 0.00000 0.00000 0.00000 0.00000 0.00000 0.00000 0.05042 0.20020 0.69012 1.29848 1.79234 1.86597 1.56626 0.92617 0.43921 0.24657
0.00000 0.00000 0.00000 0.00000 0.00000 0.00000 0.00000 0.00000 0.00000 0.00000 0.00000 0.00000 0.00000 0.00000 0.00000 0.00000 0.00000 0.00000 0.00000 0.00000 0.00000 0.00000 0.00000 0.00000 0.00000 0.00000 0.00000 0.00000 0.00000 0.00000 0.00000 0.00000 0.00000 0.00000 0.00000 0.00000 0.00000 0.00000 0.00000 0.00000 0.00000 0.00000 0.00000 0.00000 0.00000 0.00000 0.00000 0.00000 0.00000 0.00000 0.03349 0.14132 0.41327 0.73358 0.91238 0.75882 0.50414 0.38299 0.28786 0.20246
0.00000 0.00000 0.00000 0.00000 0.00000 0.00000 0.00000 0.00000 0.02558 0.00000 0.00000 0.00000 0.00000 0.00000 0.00000 0.00000 0.00000 0.00000 0.00000 0.00000 0.00000 0.00000 0.00000 0.02597 0.04074 0.05984 0.07091 0.05601 0.05955 0.00000 0.00000 0.00000 0.00000 0.00000 0.00000 0.00000 0.00000 0.00000 0.00000 0.00000 0.00000 0.00000 0.00000 0.00000 0.00000 0.00000 0.00000 0.00000 0.00000 0.00000 0.00000 0.08807 0.23062 0.34300 0.32702 0.16372 0.07270 0.11889 0.11401 0.11801
0.00000 0.00000 0.00000 0.00000 0.00000 0.00000 0.00000 0.07273 0.11544 0.11892 0.00000 0.00000 0.00000 0.00000 0.00000 0.00000 0.00000 0.05382 0.06075 0.06305 0.07080 0.08733 0.11344 0.14905 0.19326 0.24360 0.29783 0.34662 0.36082 0.27794 0.06639 0.00000 0.00000 0.00000 0.00000 0.00000 0.00000 0.00000 0.00000 0.00000 0.00000 0.00000 0.00000 0.00000 0.00000 0.00000 0.00000 0.00000 0.00000 0.00000 0.00000 0.03908 0.07244 0.16190 0.18280 0.07721 0.03531 0.03774 0.02158 0.02736
0.00000 0.00000 0.00000 0.00000 0.00000 0.06198 0.29198 0.21990 0.19081 0.13225 0.00000 0.00000 0.00000 0.00000 0.00000 0.00000 0.15566 0.45309 0.52820 0.53662 0.56554 0.63865 0.70533 0.75861 0.83299 0.91113 1.01418 1.10540 1.10526 0.92586 0.56763 0.05978 0.06943 0.05516 0.02099 0.00000 0.00000 0.00000 0.00000 0.00000 0.00000 0.00000 0.00000 0.00000 0.00000 0.00000 0.00000 0.00000 0.00000 0.00000 0.00000 0.00000 0.00000 0.00000 0.05057 0.02211 0.00000 0.00000 0.00000 0.03307
0.00000 0.00000 0.00000 0.02117 0.11482 0.90762 1.54948 1.06081 0.52042 0.08752 0.00000 0.00000 0.00000 0.00000 0.00000 0.22711 1.94999 3.04533 3.42189 3.74352 3.84777 3.74063 3.52519 2.93244 2.63256 3.00179 3.37145 3.50780 3.31561 2.70095 1.71352 0.61589 0.24572 0.29561 0.30589 0.28802 0.23890 0.14864 0.06863 0.03991 0.00000 0.00000 0.00000 0.00000 0.00000 0.00000 0.00000 0.00000 0.00000 0.00000 0.00000 0.00000 0.00000 0.00000 0.00000 0.00000 0.00000 0.00000 0.15308 0.67378
0.00000 0.00000 0.00000 0.19854 0.74093 2.75968 4.27948 1.82582 0.75312 0.05306 0.00000 0.00000 0.00000 0.05350 0.20049 1.06413 3.23646 5.78032 6.66838 7.06803 6.99905 7.03251 6.94113 6.60109 5.80245 5.56457 5.50348 5.40355 5.10756 3.96289 2.22907 0.98545 0.39498 0.39108 0.43117 0.47436 0.48029 0.43270 0.33624 0.21840 0.11400 0.04601 0.00000 0.00000 0.00000 0.00000 0.00000 0.00000 0.00000 0.00000 0.00000 0.00000 0.00000 0.00000 0.00000 0.00000 0.00000 0.26307 0.86462 1.15711
0.00000 0.00000 0.04284 0.66167 1.42358 2.37854 3.26181 4.79380 3.21789 0.19687 0.00000 0.00000 0.44292 0.63362 0.88853 1.60497 3.44612 5.46842 6.79548 7.22981 7.03898 7.35401 7.41044 7.17872 6.84556 6.48953 6.63712 6.53059 5.71517 4.25355 2.04556 0.87819 0.48718 0.44046 0.49295 0.56921 0.63597 0.70940 0.71386 0.54224 0.33920 0.16362 0.06547 0.00000 0.00000 0.00000 0.00000 0.00000 0.00000 0.00000 0.00000 0.00000 0.00000 0.00000 0.00000 0.00000 0.35198 0.88669 1.21250 1.30349
0.00000 0.05445 0.45461 1.29943 3.17219 6.52010 12.33155 19.29780 14.01143 5.03019 1.25323 1.27734 2.69937 2.93737 2.87176 3.17234 4.78895 6.17375 6.88578 7.17460 7.36702 7.37957 7.55973 7.28560 7.00528 6.90092 7.25717 6.69409 5.94712 3.91869 1.70583 0.90588 0.65234 0.57103 0.53093 0.60658 0.72396 0.85993 0.92971 0.88983 0.73465 0.50129 0.29283 0.08939 0.00000 0.00000 0.09067 0.14508 0.02799 0.07798 0.02934 0.11599 0.14087 0.04072 0.03813 0.25931 0.73259 1.21693 1.46569 1.58613
0.00000 0.22575 0.72383 1.74574 3.58372 8.07491 18.10505 27.36184 29.63631 16.15973 7.44546 8.27247 12.42096 9.26684 5.46702 4.48315 5.52819 5.74247 6.57097 7.22079 7.95550 7.67832 7.53056 7.18245 6.86569 6.74652 6.73180 6.19474 4.82789 2.96162 1.31444 0.96765 0.77416 0.62639 0.57543 0.57999 0.71553 0.89962 1.07770 1.16522 1.11914 0.85842 0.56614 0.41046 0.35237 0.44291 0.66152 0.73938 0.73092 0.60209 0.41680 0.62253 0.66182 0.34817 0.34019 0.70309 1.17982 1.49736 1.67936 1.93764
0.02822 0.11049 0.44437 1.47408 2.84755 4.42473 10.65967 21.89237 27.65320 20.81820 12.27189 13.63635 19.32398 17.75356 10.26148 11.40397 5.56409 4.09469 5.98652 7.17853 7.51110 7.42553 7.38327 7.22232 7.12450 6.66005 5.84370 4.45443 3.08529 1.86526 1.33029 1.35828 1.02036 0.75613 0.64207 0.56857 0.62031 0.81566 1.08588 1.27648 1.33803 1.16839 0.80527 0.51341 0.47186 0.64081 0.89412 1.07237 1.43844 2.08907 2.60860 2.91206 2.56047 1.59830 1.23526 1.49653 1.91141 1.91227 1.69652 1.74640
0.00000 0.02328 0.22092 1.08047 2.39334 3.54652 6.35728 12.47519 14.39253 7.50982 5.01966 7.21094 12.32298 28.28635 21.68793 20.60487 6.85167 2.77769 3.88752 5.99502 7.00882 7.16763 6.66135 6.17805 5.54415 4.49493 3.46678 2.36274 1.57925 1.46960 1.95617 2.32114 1.56825 1.00147 0.66567 0.49254 0.45620 0.62094 1.01094 1.30016 1.48056 1.56767 1.16270 0.59154 0.44103 0.66662 0.99845 1.15269 1.93511 4.02233 6.30270 6.91930 4.86790 2.58823 1.79003 1.82255 2.17060 2.25746 1.52614 0.81656
0.00000 0.00000 0.17217 0.65765 1.60669 2.74898 4.50671 7.95907 9.42326 4.77721 1.99277 1.02690 3.40819 16.70614 23.05830 17.19056 6.92043 2.50293 2.30284 3.18502 4.28149 4.91703 4.30962 3.40663 2.38118 1.63318 1.06494 0.57218 0.65782 1.68906 2.82981 3.59838 2.99613 1.90832 1.12721 0.67652 0.41660 0.46716 1.06991 1.53142 1.88550 2.66987 2.53335 1.35260 0.87797 1.12961 1.49846 1.81912 2.82856 5.39135 7.51834 7.51173 5.01970 2.38882 1.58995 1.70894 2.08215 2.12078 1.42141 0.90179
0.00000 0.00000 0.02842 0.14268 0.51544 1.02867 1.72636 2.65678 3.53733 2.81733 0.88845 0.00000 0.26613 4.61226 13.27922 13.14320 7.86583 2.38306 1.60029 1.70945 1.39757 1.31131 1.13168 0.62635 0.53464 0.26396 0.00000 0.00000 0.39560 2.02394 4.12038 5.55995 5.75511 4.28444 2.74576 1.72729 1.04136 1.01661 2.02271 3.20509 4.92369 8.15332 9.24120 6.96021 4.38610 3.28366 3.04467 3.56458 4.52220 5.65242 5.70395 5.09339 4.08235 2.56268 1.74633 1.60384 1.80965 1.85218 1.54901 1.32653
0.00000 0.00000 0.00000 0.00000 0.00000 0.00000 0.18478 0.44513 0.71473 0.63065 0.00000 0.00000 0.00000 0.13004 3.61001 8.35180 5.83411 1.04586 1.10669 1.38468 0.47897 0.00000 0.00000 0.00000 0.00000 0.00000 0.00000 0.00000 0.22395 2.20124 5.36815 8.47913 10.36850 9.22253 7.52613 6.08641 5.42102 5.67659 7.10348 9.17706 14.05597 18.91477 20.12995 18.32025 12.91757 7.52646 5.32867 5.24953 6.33402 6.27944 6.05499 5.22373 3.86693 2.71415 1.90599 1.61354 1.65223 1.69209 1.66329 1.33995
0.00000 0.00000 0.00000 0.00000 0.00000 0.00000 0.00000 0.00000 0.03479 0.00000 0.00000 0.00000 0.00000 0.00000 0.75103 1.88066 1.57851 0.60324 1.25161 1.76258 0.50073 0.00000 0.00000 0.00000 0.00000 0.00000 0.00000 0.00000 0.00000 1.73035 5.26240 9.73833 12.90405 14.22122 13.67361 12.35456 12.88515 13.90772 13.72878 15.29718 19.71799 23.61215 24.41303 22.51799 17.10958 9.50144 5.88795 5.75145 7.16749 6.16287 5.97659 5.44975 4.12725 3.00043 1.68485 1.44061 1.43539 1.58972 1.88449 1.97266
0.00000 0.00000 0.00000 0.00000 0.00000 0.00000 0.00000 0.00000 0.00000 0.00000 0.00000 0.00000 0.57805 1.45083 1.46542 0.52849 0.26040 0.07886 1.58190 1.80332 0.81633 0.00000 0.00000 0.00000 0.00000 0.00000 0.00000 0.00000 0.00000 0.63288 3.22916 7.39515 12.09987 14.10898 14.54253 13.20832 14.01515 15.83127 14.31066 14.41481 17.89326 20.51329 20.85822 17.10093 11.21325 6.55621 5.13234 6.21861 6.64399 7.97079 7.02426 5.90010 5.21752 3.96637 2.01100 1.14103 1.18898 1.43482 2.16727 3.57488
0.00000 0.03159 0.17207 0.22217 0.27579 0.15417 0.00000 0.00000 0.00000 0.00000 0.00000 0.06233 1.30846 3.46146 4.15381 1.80025 0.43805 0.09777 1.26097 1.54109 0.78602 0.00000 0.00000 0.00000 0.00000 0.00000 0.00000 0.00000 0.00000 0.09044 1.75545 4.97039 9.66245 13.29275 14.61269 12.26563 11.76511 12.09408 10.97356 11.17648 14.14796 15.96244 14.70545 8.79748 3.83520 2.62654 3.71304 6.12827 11.02007 17.19938 15.58687 13.84843 6.89371 4.49759 2.21757 1.14821 0.94597 1.04301 1.89238 3.96610
1.04242 1.44354 2.00908 2.13447 1.77784 0.94508 0.24606 0.20505 0.00000 0.00000 0.00000 0.00000 0.88659 2.89091 3.90318 2.18959 0.55243 0.37023 1.35557 1.20451 0.77382 0.08050 0.00000 0.00000 0.00000 0.00000 0.00000 0.00000 0.00000 0.00000 0.11230 2.32548 5.79897 9.06536 9.51515 7.46547 6.09976 6.03795 5.88664 7.32801 9.32174 9.79684 8.10357 5.05854 2.40721 2.50440 9.25007 22.43249 28.42957 25.68229 26.47367 26.70673 17.05408 6.59464 2.92327 1.30563 0.98608 0.93282 1.50469 3.74841
5.34949 7.44485 7.99675 5.94580 3.94786 2.79621 2.10644 3.16195 2.88056 1.44143 0.38839 0.47465 0.60372 1.21594 1.82459 1.26516 0.31279 0.20829 1.04414 0.93978 1.39174 0.73934 0.00000 0.00000 0.00000 0.00000 0.00000 0.00000 0.00000 0.00000 0.00000 0.47681 1.50748 3.31948 3.01157 1.45962 2.77859 2.92573 4.04208 5.91989 6.06210 6.98008 7.17761 6.02563 8.14649 15.50392 30.14090 47.01732 41.25272 22.28246 16.94445 18.66022 18.18513 8.12416 3.71198 2.37898 1.85208 2.09000 2.48068 4.91738
11.06367 14.31088 14.35565 9.95520 6.35964 7.43814 10.53117 13.81041 15.92376 14.07490 9.17911 6.28521 3.72280 1.76748 1.42530 1.79292 1.68296 1.41521 1.35257 1.57640 1.96108 0.53878 0.00000 0.00000 0.00000 0.00000 0.00000 0.00000 0.00000 0.00000 0.00000 0.00000 0.00000 0.00000 0.00000 0.00000 0.97385 4.44676 7.93840 7.88897 7.51673 10.40099 15.17519 18.00484 36.15147 38.90930 45.78821 54.53019 36.73242 15.81274 8.40201 10.06300 11.46068 9.95861 6.27473 5.34244 4.55807 4.72109 5.12923 8.06375
14.74243 17.23213 17.65928 14.82497 13.29164 18.19064 24.93678 29.68878 34.24306 36.92440 23.78495 13.26645 7.96965 4.51556 3.09303 3.04114 3.08811 2.74843 1.37186 0.46711 0.25347 0.00000 0.00000 0.00000 0.00000 0.00000 0.00000 0.00000 0.00000 0.00000 0.00000 0.00000 0.00000 0.00000 0.00000 0.10696 6.45485 26.78218 16.58776 11.49158 11.62669 9.43311 9.51662 17.96266 39.98213 26.38996 33.41400 39.74876 22.06910 18.41530 14.47948 12.42696 12.55930 9.81740 8.17824 9.56737 9.15160 8.12878 7.72568 8.72252
19.15792 21.85030 23.53616 22.57479 22.44542 31.44616 38.25006 39.40127 43.42204 43.44532 32.95828 19.13250 9.56643 5.33439 4.00789 4.15417 4.60997 3.65195 1.42531 0.02862 0.00000 0.00000 0.00000 0.00000 0.00000 0.00000 0.00000 0.00000 0.00000 0.00000 0.00000 0.00000 0.00000 0.00000 0.00000 1.04885 11.53106 25.71944 12.26195 15.67580 17.17191 7.25179 2.36015 3.65693 9.42839 16.28404 33.78960 39.04699 35.58404 26.11331 21.43554 17.44181 10.75105 6.74525 8.73846 12.83857 13.02872 10.70853 8.34116 6.65903
23.94205 25.11367 25.88196 25.00488 26.09850 34.02821 42.65338 45.35627 49.97210 49.34846 36.23417 19.22518 9.52258 4.66207 5.14304 5.36837 5.69741 5.27814 2.91009 0.98175 0.43030 0.61604 0.64395 0.45403 0.35948 0.03804 0.00000 0.00000 0.00000 0.00000 0.00000 0.00000 0.00000 0.00000 0.13125 2.64275 7.16469 5.86403 6.37650 17.54037 20.17049 9.67929 3.09153 1.49812 7.41672 20.97897 33.58358 26.33226 20.80480 18.60663 18.19522 12.15659 5.84079 5.95606 8.09024 13.14687 15.93529 12.62500 8.98213 6.28652
23.16937 23.02972 20.16230 17.38105 25.49532 34.24913 43.85934 50.56315 65.41457 75.82351 51.71306 25.09301 14.54854 9.55385 9.88359 9.11250 7.44692 6.03099 4.40168 3.22925 2.22407 1.61110 1.37401 1.40855 1.04151 0.31989 0.00000 0.42531 0.61956 0.12268 0.00000 0.00000 0.00000 0.10233 1.07158 8.48367 13.26826 7.67529 12.76539 18.31774 19.88622 17.01889 5.58116 0.94443 4.12077 10.95492 15.72389 15.24046 10.44087 10.00948 10.44700 7.17083 4.81505 5.30967 6.20963 12.14239 17.89850 16.48652 12.25835 8.63181
18.60374 20.53898 18.32328 15.03117 18.32947 34.67734 42.22981 48.07626 78.16983 102.87185 71.94586 36.40045 22.16252 17.32693 17.43844 13.76282 8.32747 3.66838 3.51571 3.82049 3.32052 2.39876 1.46978 2.48067 2.39634 1.23296 0.14444 0.87800 1.17528 0.09132 0.00000 0.00000 0.00000 0.63288 2.94674 8.56541 11.70066 10.02321 16.45921 17.28421 17.54345 16.75765 12.92270 6.87321 1.23082 0.66654 5.03281 7.04046 7.15694 7.76297 8.00702 5.95591 3.92999 3.75807 4.99330 9.88157 14.04822 15.95258 12.04921 11.19499
8.09482 6.83618 7.18794 4.72941 5.10654 17.06915 28.32501 37.55696 62.64062 75.61564 57.21585 33.84019 23.36829 21.95586 22.33188 17.46442 9.28271 2.66854 1.66404 2.10946 2.33230 1.99274 1.58361 3.23613 2.97429 1.67598 0.28197 0.00000 0.09054 0.00000 0.00000 0.00000 0.00000 0.00000 2.04219 3.25780 3.08817 3.68786 4.81833 6.42582 7.23793 7.02464 7.72779 9.35158 2.25695 0.60616 1.64166 3.87762 4.94701 5.17896 4.76724 3.70739 2.60438 1.72534 1.45212 2.90506 6.81033 10.58292 8.28245 9.29928
0.22320 0.00000 0.00000 0.35258 1.89344 6.20363 12.95562 21.07115 33.54214 35.17822 26.60507 20.79113 17.37117 26.39079 32.73089 25.89811 11.76915 2.68812 1.35133 1.50784 1.67602 0.93753 1.02934 1.90656 1.92163 1.11389 0.34297 0.00000 0.00000 0.00000 0.00000 0.00000 0.00000 0.00000 0.14098 0.35217 0.17799 0.24416 0.48190 1.27989 1.02092 0.93019 2.76699 4.06235 2.20110 0.49187 0.61646 1.31554 1.73378 1.93238 1.68374 1.65272 1.43282 0.72958 0.48889 0.54646 2.45927 4.46288 4.06144 6.38356
0.14230 0.61392 0.63427 0.14241 1.16811 1.95819 5.81491 12.19264 16.58274 16.45406 14.19511 14.00183 15.89731 27.77977 42.54269 26.98747 11.60827 5.84629 4.65506 3.47227 2.10606 0.13046 0.21394 0.68695 0.74617 0.39919 0.04322 0.00000 0.00000 0.00000 0.00000 0.00000 0.00000 0.00000 0.00000 0.04672 0.95547 2.43761 1.12735 1.21196 2.51809 2.38260 1.59728 0.93173 1.12899 0.25645 0.09501 0.31438 0.39310 0.58927 0.64643 0.61042 0.54190 0.31016 0.24596 0.40847 1.44635 2.56494 2.85683 4.37017
1.05842 2.44962 2.02267 0.79081 1.34757 1.69373 4.65056 8.21310 8.15170 8.00730 7.60543 10.25211 13.47708 19.30814 22.81005 10.36107 6.45965 5.47144 4.95158 3.04292 0.67602 0.00000 0.20366 0.30433 0.32822 0.10932 0.00000 0.00000 0.00000 0.00000 0.00000 0.19810 1.44882 1.79420 0.46666 0.38851 10.81216 17.10383 7.95857 4.97483 12.91665 11.49626 0.88702 0.72211 2.11133 1.55589 0.55194 0.17577 0.23705 0.33938 0.38632 0.30700 0.19494 0.12840 0.15064 0.22977 0.98847 1.86086 2.51479 3.05064
3.68005 6.63047 6.81042 4.49321 3.39271 4.98821 9.78748 10.22859 6.50118 4.20712 4.20565 5.33174 5.58020 7.94517 7.92405 3.42341 3.14514 3.27525 2.02877 0.68470 0.00000 0.02334 0.08899 0.56964 0.63248 0.32029 0.00000 0.00000 0.00000 0.00000 0.21882 3.26689 8.17836 11.42118 3.92150 0.04449 2.36282 6.51737 7.20814 6.47364 7.26287 7.37713 0.70498 0.07690 1.06906 2.28491 2.01616 0.68898 0.30202 0.34772 0.35909 0.22300 0.09518 0.03471 0.05359 0.13483 0.88896 1.95407 2.14547 1.94405
8.42045 13.43425 14.39470 7.88787 5.18247 10.61183 14.87531 10.38255 3.52642 2.31957 2.93523 2.92739 1.40688 0.61244 0.26544 0.45331 0.97518 1.69852 1.33151 0.89595 1.28289 0.34565 0.63122 1.40029 1.45428 0.74506 0.29707 0.19309 0.08944 0.00000 0.11953 3.49826 10.05202 12.68865 4.37547 0.10369 0.00000 0.80138 4.25225 6.79095 8.99247 -99999.00000 -99999.00000 0.24241 1.63209 3.91586 5.13069 2.27926 0.56976 0.49295 0.49569 0.28496 0.06004 0.02525 0.03931 0.29775 1.58789 3.45302 3.57381 2.88494
17.50396 16.01926 11.67332 5.89560 10.16426 24.81559 31.50043 15.34145 2.39482 1.58816 2.84860 2.93133 1.45083 0.19696 0.02955 0.34697 1.34887 1.93693 1.73152 1.63657 1.92334 0.98294 0.80521 2.29620 2.07694 0.81297 0.36684 0.40536 0.29751 0.04124 0.45414 2.59114 6.37438 6.27361 3.76322 -99999.00000 -99999.00000 -99999.00000 -99999.00000 -99999.00000 -99999.00000 -99999.00000 -99999.00000 5.29462 9.65967 11.07340 9.36725 5.34659 1.79829 0.89124 0.71720 0.34368 0.06117 0.13441 0.33258 1.12134 3.60700 6.74480 7.55750 7.04348
21.41426 14.16841 7.27636 7.13181 -99999.00000 53.43653 58.43449 27.82216 4.04266 1.58702 2.27712 2.16290 0.74463 0.15270 0.27825 1.07788 2.80191 2.98258 2.03623 1.11762 1.07096 0.87586 0.93039 1.76845 1.49210 0.09955 0.00000 0.03527 0.00000 0.32492 1.67349 3.30876 5.21082 8.31593 -99999.00000 -99999.00000 -99999.00000 -99999.00000 -99999.00000 -99999.00000 -99999.00000 -99999.00000 -99999.00000 -99999.00000 16.04305 13.16741 10.17058 7.61611 4.43977 1.79367 0.77040 0.27739 0.04632 0.06346 0.54499 1.69107 4.01747 7.80556 11.14944 13.01592
-99999.00000 -99999.00000 -99999.00000 -99999.00000 -99999.00000 51.60461 62.96973 28.88494 6.74934 2.35183 1.70057 1.07351 0.24110 0.06632 0.85683 2.25873 3.52882 2.62952 1.64323 0.90565 0.79907 0.80521 0.35520 0.90179 0.31251 0.00000 0.00000 0.00000 0.00000 1.13730 4.42064 8.68480 4.71300 2.62326 -99999.00000 -99999.00000 -99999.00000 -99999.00000 -99999.00000 -99999.00000 -99999.00000 -99999.00000 -99999.00000 -99999.00000 -99999.00000 10.47732 9.47239 8.46278 6.61177 3.06504 0.84780 0.19107 0.06977 0.13943 0.44728 0.87674 2.23435 5.69914 10.32358 14.20803
