DATA/RAW-RASTER/CPC/2017/20170819.asc
ncols			60
nrows			40
xllcorner		70.0
yllcorner		20.0
cellsize		0.5
NODATA_value	-99999
0.00000 0.00000 0.00000 0.00000 0.00000 0.00000 0.00000 0.00000 0.00000 0.00000 0.00000 0.03930 0.13239 0.37812 0.61662 0.52865 0.24717 0.13688 0.24181 0.27257 0.17560 0.08213 0.07414 0.14761 0.34535 0.68154 1.03030 1.19252 1.05549 0.64230 0.26233 0.06919 0.00000 0.00000 0.00000 0.00000 0.00000 0.00000 0.00000 0.00000 0.00000 0.00000 0.00000 0.00000 0.00000 0.00000 0.00000 0.00000 0.00000 0.00000 0.00000 0.04598 0.19217 0.43966 1.15810 2.51348 3.10238 3.08383 3.40353 4.06504
0.00000 0.00000 0.00000 0.00000 0.00000 0.00000 0.00000 0.00000 0.00000 0.00000 0.00000 0.10275 0.26400 0.66502 0.95102 0.80816 0.46514 0.25550 0.20761 0.14632 0.09881 0.04657 0.04085 0.11031 0.23029 0.41906 0.65068 0.82866 0.78453 0.46066 0.17900 0.05740 0.00000 0.00000 0.00000 0.00000 0.00000 0.00000 0.00000 0.00000 0.00000 0.00000 0.00000 0.00000 0.00000 0.00000 0.00000 0.00000 0.00000 0.00000 0.00000 0.09218 0.41781 1.08288 2.63143 4.88188 6.67029 6.23699 5.32435 5.39301
0.00000 0.00000 0.00000 0.00000 0.00000 0.00000 0.00000 0.00000 0.00000 0.00000 0.16201 0.52283 0.85174 1.35787 1.60268 1.36061 0.88906 0.50937 0.30487 0.12589 0.00000 0.00000 0.00000 0.02883 0.13007 0.25408 0.42020 0.57562 0.53781 0.26091 0.11002 0.03357 0.00000 0.00000 0.00000 0.00000 0.00000 0.00000 0.00000 0.00000 0.00000 0.00000 0.00000 0.00000 0.00000 0.00000 0.00000 0.00000 0.00000 0.08222 0.19848 0.29162 0.50030 1.19749 2.79839 4.62359 6.55683 9.24393 10.61213 9.44219
0.00000 0.00000 0.00000 0.00000 0.00000 0.00000 0.00000 0.00000 0.00000 0.00000 0.32127 0.95022 1.52998 1.68009 1.72525 1.28185 0.70075 0.37485 0.21369 0.11688 0.02999 0.00000 0.00000 0.00000 0.00000 0.11269 0.22791 0.33010 0.23776 0.03353 0.05076 0.00000 0.00000 0.00000 0.00000 0.00000 0.00000 0.00000 0.00000 0.00000 0.00000 0.00000 0.00000 0.00000 0.00000 0.00000 0.00000 0.00000 0.04937 0.20158 0.28640 0.33338 0.41353 0.63699 1.43620 3.01718 5.31392 9.06546 13.05891 15.04785
0.00000 0.00000 0.00000 0.00000 0.00000 0.00000 0.00000 0.00000 0.00000 0.02991 0.37870 0.91641 1.44869 1.45198 1.14484 0.60438 0.18253 0.09902 0.06808 0.03473 0.00000 0.00000 0.00000 0.00000 0.00000 0.00000 0.08282 0.14444 0.00000 0.00000 0.00000 0.00000 0.00000 0.00000 0.00000 0.00000 0.00000 0.00000 0.00000 0.00000 0.00000 0.00000 0.00000 0.00000 0.00000 0.00000 0.00000 0.00000 0.12519 0.20480 0.27554 0.31691 0.36166 0.36690 0.47320 1.60793 4.57955 9.00211 13.47360 16.89344
0.00000 0.00000 0.00000 0.00000 0.00000 0.00000 0.00000 0.00000 0.00000 0.09654 0.43069 0.86880 1.15697 1.06326 0.68988 0.29191 0.07106 0.02503 0.00000 0.00000 0.00000 0.00000 0.00000 0.00000 0.00000 0.00000 0.00000 0.00000 0.00000 0.00000 0.00000 0.00000 0.00000 0.00000 0.00000 0.00000 0.00000 0.00000 0.00000 0.00000 0.00000 0.00000 0.00000 0.00000 0.00000 0.00000 0.00000 0.00000 0.04328 0.08826 0.16749 0.28086 0.45590 0.54802 0.64245 2.03171 5.46661 9.29747 12.81518 15.91904
0.00000 0.00000 0.00000 0.00000 0.00000 0.00000 0.00000 0.00000 0.00000 0.06175 0.50592 0.84200 0.95550 0.77578 0.49052 0.23929 0.09027 0.02831 0.00000 0.00000 0.00000 0.00000 0.00000 0.00000 0.00000 0.00000 0.00000 0.00000 0.00000 0.00000 0.00000 0.00000 0.00000 0.00000 0.00000 0.00000 0.00000 0.00000 0.03089 0.04131 0.04827 0.07476 0.11047 0.08853 0.09372 0.09086 0.00000 0.00000 0.00000 0.00000 0.05051 0.27129 0.72100 1.45565 2.80343 4.98592 7.31368 9.44260 11.96106 14.52036
0.00000 0.00000 0.00000 0.00000 0.00000 0.00000 0.05874 0.18863 0.35356 0.56438 0.74638 0.89984 0.85763 0.63989 0.37774 0.19750 0.08900 0.03293 0.00000 0.00000 0.00000 0.00000 0.00000 0.00000 0.00000 0.00000 0.00000 0.00000 0.00000 0.00000 0.00000 0.00000 0.00000 0.00000 0.00000 0.03165 0.05603 0.09711 0.14825 0.21741 0.32081 0.43795 0.54553 0.53648 0.36078 0.22987 0.14573 0.07947 0.03665 0.02322 0.06862 0.41101 1.20993 2.58315 4.59509 6.81301 9.55292 11.26510 10.79610 12.91251
0.00000 0.00000 0.00000 0.02358 0.29028 0.79937 1.05981 1.23210 1.35119 1.32067 1.09217 0.71295 0.55132 0.38681 0.21892 0.15356 0.08090 0.03490 0.00000 0.00000 0.00000 0.00000 0.00000 0.00000 0.00000 0.00000 0.00000 0.00000 0.00000 0.00000 0.00000 0.03189 0.07955 0.09949 0.09458 0.11547 0.21174 0.38012 0.57850 0.83925 1.11292 1.33112 1.35465 1.10325 0.71773 0.45070 0.33548 0.31184 0.24129 0.25047 0.50176 1.12348 2.41039 4.65706 7.05193 7.99412 9.18408 9.85359 10.61978 13.04398
0.00000 0.17147 0.40405 0.56982 2.26267 4.50788 4.50938 2.24191 1.80948 1.83876 1.12797 0.55775 0.35285 0.23795 0.06636 0.00000 0.00000 0.00000 0.00000 0.00000 0.00000 0.00000 0.00000 0.00000 0.00000 0.00000 0.00000 0.00000 0.03173 0.22652 0.56005 0.83594 0.82027 0.71035 0.66915 0.41344 0.80316 1.12342 1.39226 1.69643 1.92446 2.06720 2.01064 1.69896 1.19492 0.65156 0.43816 0.58551 0.93014 1.48382 2.46958 3.58693 4.85193 6.32885 6.83631 6.26180 6.03701 6.77552 9.45932 12.25918
0.00000 0.45596 2.33790 4.92077 10.75563 15.69582 12.06112 6.60650 4.23031 3.17725 1.29434 0.35617 0.18159 0.13728 0.11164 0.08383 0.07247 0.00000 0.00000 0.00000 0.00000 0.00000 0.00000 0.00000 0.00000 0.00000 0.00000 0.03778 0.29165 0.98076 2.32137 3.32858 3.57617 3.69546 3.29772 2.87660 2.60044 2.20202 2.14398 2.29021 2.47972 2.69149 2.74409 2.53992 2.28301 1.71993 1.21850 1.21645 1.83523 3.02520 4.23152 4.91818 5.34420 5.79344 5.68864 4.84658 4.47024 6.05974 9.67686 13.58951
0.02473 0.81797 3.20944 7.22409 12.80489 22.65878 23.17778 8.97363 5.66124 2.27001 0.64097 0.17741 0.09292 0.09215 0.12225 0.14712 0.21543 0.20235 0.11274 0.04887 0.00000 0.00000 0.00000 0.00000 0.00000 0.00000 0.04921 0.19933 0.70339 1.95012 4.15687 5.72051 5.98409 5.61384 5.14703 4.66317 3.96633 3.30148 2.95440 2.78068 3.01448 3.14096 3.14737 3.08123 3.05379 2.81944 2.45101 2.43580 3.09499 3.94470 4.63603 4.96642 5.35350 5.89167 6.28205 6.02128 6.01969 7.44312 10.04579 12.93751
0.06343 0.79295 2.75693 5.87208 9.00057 12.25431 10.70108 9.98278 8.49617 2.12119 0.29588 0.18357 0.14619 0.11986 0.17809 0.25833 0.35345 0.23874 0.10986 0.04347 0.00000 0.00000 0.00000 0.00000 0.02143 0.05090 0.11236 0.35773 1.11220 3.22963 5.80480 6.65633 7.00180 6.79605 6.66510 6.11459 5.10773 4.31439 3.73915 3.08904 2.98355 3.35703 3.55833 3.51844 3.31126 3.29183 3.39061 3.43137 3.93574 4.31625 4.51543 4.77785 5.41527 6.31557 6.80025 7.07451 7.71762 9.28959 11.04987 11.63378
0.03108 0.33707 0.86593 3.50868 6.10425 9.33134 14.96756 22.26566 14.57335 5.91745 1.61562 0.62707 0.27248 0.23036 0.52724 0.66200 0.80118 0.50933 0.13723 0.02993 0.00000 0.00000 0.00000 0.00000 0.05113 0.11506 0.24892 0.63066 1.84087 4.49975 7.34633 8.27610 8.54998 8.50785 8.23113 7.70457 6.56568 5.16070 3.72517 2.79649 2.56165 2.88923 3.60019 3.87675 4.14465 4.30231 4.58226 4.96850 4.70163 4.22281 4.05911 4.72121 5.97294 7.32032 7.62280 7.57684 8.52232 10.03701 10.84706 10.67519
0.00000 0.00000 0.00000 1.27791 3.04932 7.16196 17.19358 23.74782 14.26877 6.71973 4.08623 1.69272 0.76755 0.85060 1.27444 1.88329 1.90579 0.83601 0.24008 0.03443 0.00000 0.00000 0.00000 0.04859 0.12050 0.27831 0.57845 1.17426 2.81279 5.45860 7.66634 8.84618 9.27711 9.33348 9.58253 9.14954 8.06296 6.14409 4.07754 2.54996 1.86860 1.82210 2.29991 3.11349 4.40956 5.92566 7.14882 7.40735 6.75932 5.11519 4.09895 4.86739 6.32388 7.69957 8.15408 8.81644 9.08240 9.05264 8.38982 7.40512
0.00000 0.00000 0.00000 0.42680 0.76158 1.72916 6.10003 9.80270 5.14146 2.53260 3.67020 2.87785 1.46790 2.87620 5.40075 9.29825 3.97934 1.23487 0.45840 0.10506 0.00000 0.00000 0.05079 0.15435 0.38160 0.82806 1.40888 2.12874 3.82823 5.90541 7.81576 9.11831 9.68177 10.30988 11.32543 11.01446 9.71690 7.21101 4.34072 2.22131 1.34803 1.28738 1.55255 1.95510 3.11184 5.74517 8.85340 10.09570 9.67913 8.26931 7.36261 7.48593 7.59358 7.05858 7.36291 8.87274 10.51217 9.77350 7.17954 4.92223
0.00000 0.00000 0.00000 0.05434 0.11646 0.40389 1.26890 0.97711 1.15624 1.13920 4.55582 9.92817 6.11784 12.26724 17.22929 24.38104 8.12235 1.79547 0.80260 0.34323 0.13319 0.11415 0.24745 0.53912 1.13221 1.89398 2.74642 3.59300 4.66836 6.32021 8.21333 9.65949 9.69097 10.04456 10.50854 10.81359 10.56800 8.44571 4.87242 1.85067 0.99161 1.26016 1.50382 1.41959 1.91722 4.40024 8.57769 10.04513 10.20179 10.75734 12.05711 12.25101 8.78054 4.95895 4.28424 6.87027 10.50259 11.38936 6.86620 2.53893
0.00000 0.00000 0.00000 0.00000 0.00000 0.02371 0.03235 0.00000 0.86495 4.75116 15.96056 29.75601 26.53746 33.49972 38.75711 29.37529 11.40035 2.86358 1.13355 0.65409 0.51081 0.62851 0.97956 1.52426 2.24768 2.90744 3.92634 4.54891 4.78503 5.67981 7.07154 8.36471 9.76062 10.58147 11.11755 11.91499 12.20484 10.62379 6.82772 2.42794 1.35830 2.27398 2.71358 1.95131 1.91410 3.89875 7.27773 8.82797 9.08845 11.02898 12.83511 12.26969 7.66427 2.66785 1.34590 3.97437 8.19931 9.24015 5.43219 2.14390
0.00000 0.00000 0.00000 0.00000 0.00000 0.00000 0.00000 0.00000 0.88935 9.24935 24.07334 43.70486 37.81991 39.55749 50.61924 30.43816 12.57438 3.80622 1.70991 1.23761 0.93357 1.28551 1.87428 2.50144 3.29328 4.12065 4.91016 5.53217 5.66303 5.45561 6.07983 6.80293 8.00277 9.57452 10.77739 12.05428 12.09946 11.53011 8.99531 5.47254 5.04484 7.77773 9.10168 7.26519 5.17618 5.03660 5.87804 6.55933 6.77958 7.73400 8.24660 7.56720 5.51328 2.38846 1.16876 2.30632 4.23100 4.39829 2.92953 1.91292
0.00000 0.00000 0.00000 0.00000 0.00000 0.00000 0.00000 0.00000 0.14580 6.50266 15.30021 20.98054 14.05748 16.75742 30.88903 21.21679 6.47204 1.73862 2.49348 3.43688 2.24778 2.06993 2.88855 3.94860 4.60530 5.44639 5.90041 5.77426 6.34576 6.54138 6.00949 5.94559 5.88352 6.98344 8.67380 10.34676 10.73001 10.04950 9.41386 9.41024 13.37735 18.14116 19.39532 17.64536 12.52681 7.24151 4.33079 2.85610 2.50872 3.12459 4.51755 5.16043 4.03811 2.40243 1.46118 1.50789 1.47294 0.99153 0.76637 1.18277
0.00000 0.00000 0.00000 0.00000 0.00000 0.00000 0.00000 0.00000 0.15399 2.10892 5.31449 5.90039 6.60333 11.28612 19.68570 19.34785 8.85293 3.45887 3.11822 5.02297 4.84992 5.35993 7.78709 8.85900 7.03039 5.95039 6.00559 6.67970 7.36485 7.37581 6.14539 4.68039 4.16092 4.18305 4.90590 5.43318 5.43388 4.82483 5.50636 9.46706 16.82790 22.64773 23.71675 21.44477 15.66829 7.52541 2.67259 0.92618 0.42755 0.50117 1.29451 2.33017 2.41124 1.92211 1.02127 0.62291 0.13402 0.23832 0.38063 1.02066
0.00000 0.00000 0.00000 0.00000 0.00000 0.00000 0.00000 0.00000 0.00000 0.36107 0.85074 0.85730 2.86570 10.33001 26.70045 37.08651 18.47773 5.55690 2.98235 4.23311 8.38893 11.80115 16.73242 14.50548 13.53049 13.92632 9.26340 7.71272 6.67543 6.30211 5.21958 3.77127 3.02663 2.60763 2.63569 2.54199 2.26369 1.88850 2.57988 6.21617 13.76020 18.95749 19.74347 15.69761 9.36070 4.16282 1.50449 0.16454 0.00000 0.05997 0.39204 0.85253 1.06026 0.85283 0.51018 0.22916 0.25497 0.31215 0.61601 1.32046
0.00000 0.00000 0.00000 0.00000 0.00000 0.00000 0.00000 0.00000 0.00000 0.00000 0.03829 0.19163 1.37962 8.00682 23.24613 34.40086 17.73643 3.76930 1.26121 2.81038 8.57885 17.35255 27.58904 31.26748 27.53212 21.40761 15.81318 13.32724 9.85040 6.52686 4.84032 3.60326 2.64921 2.19758 2.21062 1.99453 1.84764 1.76608 2.21306 4.37289 9.57205 13.27366 12.72351 7.17337 2.52476 0.97344 0.31732 0.00000 0.00000 0.00000 0.02400 0.08050 0.02584 0.09304 0.13193 0.16961 0.19811 0.25413 0.53795 1.28974
0.00000 0.00000 0.00000 0.00000 0.00000 0.00000 0.00000 0.00000 0.00000 0.00000 0.00000 0.00000 1.54690 7.26622 12.80157 13.61418 8.12097 3.37589 1.10128 0.89706 3.19328 12.46772 22.93072 27.01053 23.03895 15.97156 13.68847 16.95198 16.79031 10.08717 5.20763 3.76834 2.67795 2.07566 1.88268 1.71795 1.64764 1.84579 2.16838 3.47795 5.83134 6.78812 5.25448 2.49583 0.62090 0.27600 0.38305 0.00000 0.00000 0.00000 0.00000 0.00000 0.00000 0.03582 0.16894 0.19699 0.21163 0.22211 0.37110 0.97002
0.00000 0.00000 0.00000 0.00000 0.00000 0.00000 0.00000 0.00000 0.00000 0.00000 0.00000 0.00000 0.66818 4.67848 6.68623 4.95752 2.66299 2.15848 0.51075 0.00000 0.00000 2.13722 5.38444 6.31597 9.36656 7.40230 5.17872 8.27809 10.89390 8.19686 7.11890 4.67508 2.72874 2.18403 1.72420 1.95127 1.87694 1.62843 2.43853 3.34175 3.43452 2.82539 0.65233 1.00787 0.96226 2.33541 3.38215 0.41015 0.00000 0.00000 0.00000 0.00000 0.00000 0.00000 0.17372 0.25409 0.28272 0.34468 0.36563 0.57756
0.00000 0.00000 0.00000 0.00000 0.00000 0.00000 0.00000 0.00000 0.00000 0.00000 0.00000 0.00000 0.18094 2.94397 4.79527 5.47931 4.56844 2.53726 0.72630 0.00000 0.00000 0.00000 0.19907 0.94949 3.26674 3.99754 3.28503 4.02302 5.01105 2.87674 3.27321 3.95076 2.84019 2.22226 1.59418 3.07217 3.76447 2.25265 4.20988 4.99208 3.79120 1.15228 0.02848 0.97686 3.48919 8.32896 8.62803 2.28771 0.00000 0.00000 0.00000 0.00000 0.00000 0.00000 0.13076 0.30090 0.36774 0.39204 0.24746 0.31744
0.00000 0.00000 0.00000 0.00000 0.00000 0.00000 0.00000 0.00000 0.00000 0.00000 0.00000 0.00000 0.12165 1.73184 3.23726 4.26396 3.49609 2.07922 0.38147 0.00000 0.00000 0.00000 0.00000 0.48273 2.08125 3.72949 5.25641 4.66691 3.00855 1.36101 1.47325 2.18028 2.43966 3.22914 4.47175 4.89353 3.16358 3.89581 8.62284 8.58252 4.36014 0.43446 0.00000 1.25063 4.00721 11.91821 9.48141 2.36390 0.00000 0.00000 0.00000 0.00000 0.00000 0.00000 0.12638 0.34720 0.42967 0.25479 0.03440 0.00000
0.00000 0.00000 0.00000 0.00000 0.16269 0.34024 0.46439 0.60075 0.35985 0.09794 0.00000 0.00000 0.48489 1.38037 1.51290 1.08237 0.57697 0.16686 0.00000 0.00000 0.00000 0.00000 0.00000 0.13507 1.36296 2.33045 3.24404 2.95287 1.84077 0.92054 0.72938 0.26115 1.08324 2.97405 7.93672 6.48439 1.28887 2.51406 9.22351 7.83881 2.12706 0.12501 0.81574 1.93219 5.24332 8.85170 5.52536 0.69170 0.00000 0.00000 0.00000 0.00000 0.00000 0.03873 0.16524 0.31018 0.39630 0.33200 0.61234 0.92255
0.00000 0.00000 0.03371 0.23406 1.07241 2.09671 2.71780 2.29450 1.55706 1.05251 0.28720 0.10288 0.81935 1.62809 0.91113 0.00000 0.00000 0.08496 0.02233 0.00000 0.00000 0.00000 0.00000 0.00000 0.26838 0.56737 0.80398 0.79073 1.01727 0.85248 0.45655 0.70817 0.40373 1.13246 2.30764 1.86852 0.04800 0.08725 1.54070 2.73771 1.61049 0.66449 1.48624 1.36563 4.19982 4.17662 1.59373 0.63265 0.00000 0.00000 0.00000 0.00000 0.00000 0.06984 0.13408 0.23727 0.30827 0.19767 0.15845 1.50988
0.00000 0.14353 0.31323 0.77022 2.71322 5.28049 6.36988 4.86473 3.03430 2.04559 1.14170 0.23877 0.69897 1.49594 1.28379 0.10668 0.26246 0.26231 0.02372 0.44518 0.67615 0.89611 0.09945 0.00000 0.00000 0.00000 0.04365 0.31990 2.05959 2.97192 2.48121 2.06426 0.46083 0.18105 0.04861 0.00000 0.00000 0.33722 2.57764 4.07059 4.25991 5.11880 4.76064 3.14617 7.54785 9.37355 5.34359 1.81583 0.38468 0.06606 0.00000 0.00000 0.00000 0.04113 0.09185 0.20885 0.28982 0.18016 0.34930 1.65465
0.00000 0.48860 1.37331 2.75611 5.10593 8.99207 8.95022 7.57392 6.14474 4.84379 5.21061 1.51966 0.54068 1.89143 2.86184 2.00594 0.51589 0.00000 0.03029 1.14380 2.19150 2.52225 0.43296 0.03545 0.00000 0.00000 0.06479 0.96624 3.55696 6.25152 6.46110 4.77886 2.83721 0.18894 0.00000 0.00000 0.07376 1.28924 4.47098 4.71864 5.50058 9.09202 12.75970 10.37364 10.31843 15.03123 9.15340 2.18559 0.60625 0.38171 0.21822 0.06958 0.00000 0.00000 0.00000 0.11817 0.40233 0.50234 1.60135 4.88269
0.00000 0.69710 2.33868 4.01098 5.98379 9.41702 10.14093 9.53780 13.54858 18.74315 19.00510 9.86166 4.82418 1.81099 3.66417 4.29813 3.53439 1.71505 0.23631 0.71210 1.87193 2.25800 1.13805 0.41859 0.16017 0.09974 0.77880 1.29396 3.03071 6.78720 8.49460 7.88875 6.17711 3.68505 2.36933 0.69770 0.63910 1.42595 2.14182 1.44562 3.10811 8.91194 14.98015 11.43653 7.70717 8.21424 4.51839 2.38854 1.04350 0.54780 0.31388 0.11221 0.00000 0.00000 0.00000 0.00000 0.04039 1.29849 4.25642 10.20385
0.00000 0.27527 1.78093 3.54908 5.16102 7.76148 9.93764 11.76207 25.27109 42.18117 39.48697 23.75545 7.83973 3.76699 6.85702 8.34177 6.73505 4.25079 1.71261 0.86696 1.20699 1.34819 1.46201 1.79459 1.77908 1.22150 1.00283 1.53434 3.72301 9.10056 12.99719 11.66254 7.71608 7.80125 7.05194 3.93684 6.08307 6.38619 4.62444 0.90560 0.23644 6.52715 15.39743 12.37488 8.00041 3.08983 2.06474 1.56732 0.94933 0.55005 0.21131 0.03906 0.00000 0.00000 0.00000 0.00000 0.04924 2.20968 4.25293 10.07524
0.00000 0.00000 0.37872 2.20224 4.86367 5.83197 7.47324 14.70507 34.10714 52.12821 46.78423 28.34852 13.01823 10.18244 12.33630 11.13396 8.44524 5.86243 3.81053 1.71377 1.00343 1.27158 2.40349 4.34909 4.34040 2.28250 1.01473 1.98753 5.80359 12.38920 17.60558 15.18893 9.99830 11.03133 12.87556 13.47154 12.39361 12.79037 8.95154 4.85048 1.30973 1.54127 6.58634 11.91633 15.35094 8.67346 2.78189 1.19762 0.73491 0.58575 0.15433 0.00000 0.00000 0.00000 0.00000 0.00000 0.47263 2.28226 3.57690 6.75340
0.00000 0.00000 0.05530 0.76706 3.16301 3.48423 3.92764 11.54561 26.54247 37.84310 34.78230 20.43461 20.84135 21.19161 16.29269 10.46820 9.60804 6.83566 3.95826 1.77934 0.29100 0.64095 3.63246 6.53002 6.08668 3.55317 1.56837 1.38717 4.16056 10.83797 15.86824 17.62077 17.82885 16.60534 14.28235 13.39931 17.45476 12.76660 10.46766 6.62005 2.19455 0.96413 3.04404 10.84613 25.68630 19.57970 7.43872 1.97761 1.08738 0.92262 0.57908 0.15482 0.00000 0.00000 0.00000 0.06353 0.79778 1.52819 2.22388 2.74201
0.11045 0.00000 0.00000 0.09966 0.66880 0.83003 1.82451 7.44836 18.27419 21.65393 20.61154 20.10682 36.13039 43.32783 26.49528 9.32486 7.25899 4.54971 1.23393 0.44138 0.30505 1.08809 3.42889 5.89881 6.31363 4.02144 0.49810 0.00000 1.41844 6.88947 12.24117 16.64187 21.23844 23.58791 15.35575 12.54468 15.90299 8.53075 7.04573 4.97858 2.29313 1.26544 0.68825 3.31416 15.66312 19.46795 11.78816 3.35549 1.24526 1.12786 0.92522 0.46141 0.02483 0.00000 0.00000 0.08313 0.13406 0.33099 0.93082 0.84880
0.72841 0.00000 0.00000 0.00000 0.00000 0.09573 0.97689 5.11449 10.29643 11.24990 9.01007 15.80802 49.15503 58.48988 33.72990 9.52476 4.46203 2.31922 0.43198 0.85809 2.49750 2.96695 4.85366 6.09340 5.86449 3.55613 0.92289 0.43585 2.01004 6.37086 8.72686 12.95251 19.99028 22.86720 13.89430 12.75698 11.42909 7.67376 5.49210 3.65300 2.17244 -99999.00000 -99999.00000 0.05242 2.69887 5.89821 9.14116 3.97291 1.19508 1.13527 1.16731 0.63574 0.08207 0.05765 0.06188 0.04384 0.21854 0.62552 0.40372 1.15480
0.17825 0.00000 0.00000 0.00000 0.00000 0.03037 1.67150 8.87105 9.62621 10.30957 12.02323 17.75291 32.46094 36.98278 29.18609 19.27037 12.14187 4.19725 2.43175 4.17756 5.34736 6.37297 8.11326 7.38706 6.19268 3.40112 1.53913 1.49421 4.45853 10.20936 11.31899 10.70192 11.07357 9.15505 8.55830 -99999.00000 -99999.00000 -99999.00000 -99999.00000 -99999.00000 -99999.00000 -99999.00000 -99999.00000 0.00000 0.00000 0.00000 1.86162 2.93843 1.33734 0.95254 0.93367 0.34257 0.18343 0.19591 0.27419 0.56007 1.05840 1.39828 1.31143 1.63351
0.00000 0.00000 0.00000 0.45693 -99999.00000 2.96707 11.74290 20.19117 10.49873 12.79647 19.20842 25.94248 32.36843 24.83668 21.10283 25.55545 19.56844 7.49629 10.12378 10.26711 9.87146 9.38263 9.14977 8.03083 5.83863 2.76462 1.56276 2.90967 7.21453 12.81599 13.34839 10.12686 7.16078 4.60331 -99999.00000 -99999.00000 -99999.00000 -99999.00000 -99999.00000 -99999.00000 -99999.00000 -99999.00000 -99999.00000 -99999.00000 0.00000 0.00000 0.00000 0.73141 1.38181 0.69608 0.11951 0.20984 0.25158 0.37771 0.81981 1.50232 2.23455 2.91139 2.81883 2.54998
-99999.00000 -99999.00000 -99999.00000 -99999.00000 -99999.00000 19.02928 37.30351 31.98864 17.55047 21.70376 32.86334 35.23071 40.50824 38.19703 32.16021 30.53652 31.46250 24.47039 29.64301 24.46327 19.44933 14.65749 10.98507 8.24399 5.65290 2.14456 1.05496 2.94132 6.45481 9.96214 10.09359 7.78679 6.13769 4.43729 -99999.00000 -99999.00000 -99999.00000 -99999.00000 -99999.00000 -99999.00000 -99999.00000 -99999.00000 -99999.00000 -99999.00000 -99999.00000 0.00000 0.00000 0.00000 0.24840 0.19336 0.20036 0.27879 0.36940 0.76048 1.17143 1.52780 2.48579 3.75942 3.80748 2.84769
