DATA/RAW-RASTER/CPC/2017/20170715.asc
ncols			60
nrows			40
xllcorner		70.0
yllcorner		20.0
cellsize		0.5
NODATA_value	-99999
0.33093 0.55436 0.51234 0.47074 0.62256 1.03366 1.40606 1.40322 1.21996 0.99483 0.71299 0.55246 0.54329 0.70193 0.94773 0.90130 0.51955 0.41959 0.99127 1.95486 3.08239 3.82190 4.20066 4.40736 4.63804 5.03848 5.46950 5.35369 4.25050 2.19085 0.86737 0.23106 0.00000 0.00000 0.00000 0.00000 0.00000 0.00000 0.00000 0.00000 0.00000 0.00000 0.00000 0.00000 0.00000 0.00000 0.00000 0.00000 0.00000 0.00000 0.00000 0.00000 0.00000 0.00000 0.00000 0.00000 0.00000 0.00000 0.00000 0.00000
1.23464 1.25118 0.85819 0.71249 0.83064 1.26064 1.60470 1.48951 1.24446 0.91043 0.61653 0.49685 0.54550 0.74573 1.03580 1.29079 1.35216 1.39852 1.73065 2.29769 2.94499 3.50537 3.72296 3.95551 4.33666 4.86572 5.31196 5.17001 3.94324 1.59089 0.61376 0.19592 0.00000 0.00000 0.00000 0.00000 0.00000 0.00000 0.00000 0.00000 0.00000 0.00000 0.00000 0.00000 0.00000 0.00000 0.00000 0.00000 0.00000 0.00000 0.00000 0.00000 0.00000 0.00000 0.00000 0.00000 0.00000 0.00000 0.00000 0.00000
1.30879 1.11552 0.77118 0.59357 0.54715 0.63606 0.63948 0.47981 0.44397 0.50108 0.66925 0.78736 0.88179 1.07035 1.37637 2.58444 4.26969 5.09411 4.89091 4.17759 3.44264 3.08816 3.08361 3.23342 3.48803 3.95680 4.35777 4.36007 3.23853 1.05989 0.37269 0.11382 0.00000 0.00000 0.00000 0.00000 0.00000 0.00000 0.00000 0.00000 0.00000 0.00000 0.00000 0.00000 0.00000 0.00000 0.00000 0.00000 0.00000 0.00000 0.00000 0.00000 0.00000 0.00000 0.00000 0.00000 0.00000 0.00000 0.00000 0.00000
0.53313 0.49673 0.39937 0.28695 0.15694 0.09897 0.10139 0.03303 0.06673 0.19360 0.65482 1.33899 1.93326 2.05753 2.72893 5.81071 9.50209 10.29321 8.19720 5.17848 3.08815 2.13807 1.85553 1.91370 2.10470 2.50122 2.85836 2.97792 2.02264 0.55047 0.20493 0.03787 0.00000 0.00000 0.00000 0.00000 0.00000 0.00000 0.00000 0.00000 0.00000 0.00000 0.00000 0.00000 0.00000 0.00000 0.00000 0.00000 0.00000 0.00000 0.00000 0.00000 0.00000 0.00000 0.00000 0.00000 0.00000 0.00000 0.04573 0.04613
0.18911 0.21299 0.12732 0.07057 0.02817 0.00000 0.00000 0.00000 0.00000 0.10872 0.82825 2.10067 3.77074 5.22290 7.62873 11.92770 15.07341 13.33698 8.09485 3.43537 1.51017 0.95472 0.81955 0.83749 0.95803 1.19886 1.55080 1.60253 0.88752 0.35882 0.06265 0.00000 0.00000 0.00000 0.00000 0.00000 0.00000 0.00000 0.00000 0.00000 0.00000 0.00000 0.00000 0.00000 0.00000 0.00000 0.00000 0.00000 0.00000 0.00000 0.00000 0.00000 0.00000 0.00000 0.00000 0.00000 0.00000 0.03358 0.12719 0.16907
0.00000 0.04601 0.02210 0.00000 0.00000 0.00000 0.00000 0.00000 0.00000 0.16352 1.45733 3.57513 6.50444 9.53961 12.80539 15.54790 15.84552 12.07670 5.46568 1.23951 0.33393 0.27849 0.30685 0.35504 0.42728 0.53823 0.69602 0.80050 0.54025 0.30291 0.04090 0.00000 0.00000 0.00000 0.00000 0.00000 0.00000 0.00000 0.00000 0.00000 0.00000 0.00000 0.00000 0.00000 0.00000 0.00000 0.00000 0.00000 0.00000 0.00000 0.00000 0.00000 0.00000 0.00000 0.00000 0.00000 0.00000 0.04816 0.14222 0.18187
0.00000 0.00000 0.00000 0.00000 0.00000 0.00000 0.00000 0.00000 0.00000 0.04741 2.05220 5.67354 9.81757 13.09585 15.75003 17.02098 15.52639 10.37336 4.20396 1.07482 0.29365 0.16849 0.16241 0.19586 0.24133 0.30483 0.40550 0.52609 0.42347 0.23993 0.00000 0.00000 0.00000 0.00000 0.00000 0.00000 0.00000 0.00000 0.00000 0.00000 0.00000 0.00000 0.00000 0.00000 0.00000 0.00000 0.00000 0.00000 0.00000 0.00000 0.00000 0.00000 0.00000 0.00000 0.00000 0.00000 0.02869 0.09002 0.17085 0.19261
0.00000 0.00000 0.00000 0.00000 0.00000 0.00000 0.00000 0.00000 0.00000 0.00000 0.37823 4.54909 10.15156 14.64036 15.89667 15.19762 12.70574 8.37302 4.10200 1.65923 0.71470 0.36446 0.24720 0.21554 0.22693 0.25314 0.29671 0.31098 0.29201 0.12653 0.00000 0.00000 0.00000 0.00000 0.00000 0.00000 0.00000 0.00000 0.00000 0.00000 0.00000 0.00000 0.00000 0.00000 0.00000 0.00000 0.00000 0.00000 0.00000 0.00000 0.00000 0.00000 0.00000 0.10637 0.13818 0.10811 0.13437 0.29778 0.35941 0.31885
0.00000 0.00000 0.00000 0.00000 0.00000 0.00000 0.00000 0.00000 0.00000 0.00000 0.00000 0.21964 3.16645 10.02113 14.54787 13.10571 10.29596 6.98456 3.97275 2.10278 1.13006 0.67130 0.44064 0.32035 0.26447 0.25640 0.24075 0.19875 0.17816 0.04582 0.00000 0.00000 0.03379 0.02922 0.00000 0.00000 0.00000 0.00000 0.00000 0.04293 0.05871 0.02794 0.00000 0.00000 0.00000 0.00000 0.00000 0.00000 0.03320 0.02120 0.00000 0.08783 0.33086 0.65179 0.88073 0.92008 1.06110 1.18095 1.08070 0.76281
0.00000 0.00000 0.00000 0.00000 0.00000 0.00000 0.00000 0.00000 0.00000 0.00000 0.00000 0.00000 0.00000 0.61422 6.01681 9.86628 8.13220 5.76480 3.79771 2.23338 1.36624 0.89960 0.61581 0.44591 0.34908 0.30114 0.26962 0.24550 0.20544 0.15814 0.23532 0.30426 0.30814 0.27576 0.23750 0.04487 0.05424 0.08803 0.11838 0.14599 0.16674 0.17616 0.13059 0.05350 0.05571 0.03520 0.00000 0.05664 0.17172 0.36280 0.53809 0.88447 1.20465 1.68648 2.11657 2.37181 2.53073 2.38542 2.05464 1.19169
0.00000 0.00000 0.00000 0.00000 0.00000 0.00000 0.00000 0.00000 0.14084 0.02279 0.00000 0.00000 0.00000 0.06446 0.80954 2.34243 4.07137 4.47281 3.17584 2.18110 1.43314 0.97841 0.70233 0.50704 0.40954 0.39729 0.40533 0.39053 0.32009 0.46917 0.81182 1.03780 1.08387 1.09471 0.96326 0.78496 0.57642 0.35560 0.24010 0.25662 0.26624 0.28392 0.26835 0.23531 0.20172 0.14582 0.10290 0.14503 0.35818 0.75347 1.15319 1.35137 1.50865 1.87356 2.42254 2.66904 2.68674 2.66114 2.12835 1.14149
0.00000 0.00000 0.00000 0.00000 0.00000 0.20149 0.27061 0.04844 0.26569 0.02771 0.00000 0.08402 0.57651 1.38216 2.23136 2.65019 3.22029 2.29874 0.94936 0.67468 0.59953 0.55280 0.53289 0.49532 0.45416 0.43978 0.44876 0.44154 0.56868 0.84317 1.38308 1.76708 1.78334 1.66902 1.55476 1.40042 1.09828 0.78690 0.52046 0.49413 0.53100 0.45421 0.37604 0.31965 0.29394 0.26428 0.23190 0.29005 0.54746 0.90795 1.21707 1.35967 1.40514 1.54369 2.02205 2.42891 2.35775 1.79813 0.96527 0.43969
0.00000 0.00000 0.00000 0.00000 0.00000 0.02440 0.00000 0.04228 0.41967 0.05210 0.21387 1.50031 2.44174 2.77827 3.38139 3.51696 3.35803 1.99571 0.82084 0.50465 0.42850 0.42265 0.41839 0.41022 0.41796 0.43386 0.49265 0.57098 0.77880 1.33243 1.92463 2.05685 2.14691 2.10581 2.12431 2.01190 1.71363 1.47741 1.29257 1.02137 0.95738 0.88333 0.71876 0.54141 0.42691 0.40255 0.40946 0.39488 0.50869 0.57515 0.78111 1.03253 0.99692 0.84267 0.89683 1.19736 1.26749 0.82198 0.28179 0.05813
0.61007 0.15876 0.00000 0.00000 0.00000 0.00000 0.03276 0.40678 1.67440 1.65967 2.73993 5.64224 10.46670 11.53666 9.85868 6.36476 4.13614 1.89714 0.72660 0.45678 0.42393 0.41470 0.42448 0.42880 0.45675 0.51449 0.63379 0.77983 1.17059 1.78045 2.38434 2.52856 2.64966 2.67279 2.64075 2.53609 2.20081 1.80549 1.45699 1.36014 1.58121 1.93663 1.98403 1.70252 1.38508 1.04278 0.74145 0.51262 0.33631 0.06454 0.00000 0.08099 0.11981 0.15209 0.19077 0.33963 0.46436 0.22359 0.06278 0.00000
2.70196 1.18645 0.13868 0.00000 0.00000 0.04375 0.69929 2.84409 8.80307 7.39204 11.28190 27.73823 50.30492 36.11271 17.71732 7.64751 4.40032 1.53874 0.62570 0.43687 0.44023 0.42742 0.43892 0.46535 0.52659 0.64918 0.84683 1.12834 1.50662 2.09704 2.46354 2.72356 2.90208 2.97031 3.10505 3.00712 2.67222 2.08113 1.50388 1.27030 1.69155 2.72696 3.80811 4.35273 4.10302 2.79240 1.38022 0.59118 0.14972 0.00000 0.00000 0.00000 0.00000 0.00000 0.00000 0.00000 0.16525 0.18977 0.03508 0.00000
4.70100 1.33216 0.30825 0.00000 0.00000 0.11953 1.17890 4.59552 10.05152 11.24522 17.66280 44.31645 74.29893 48.65475 16.96557 10.91410 3.25216 0.96138 0.60953 0.47495 0.43553 0.44887 0.49806 0.60370 0.80900 1.07639 1.41094 1.63843 1.92962 2.25211 2.49023 2.84760 3.07433 3.33305 3.69606 3.60226 3.18281 2.37636 1.46789 0.91547 1.17747 2.60914 4.87910 6.22622 6.23438 4.28095 1.78507 0.54654 0.27151 0.07314 0.00000 0.00000 0.00000 0.00000 0.00000 0.14155 0.33843 0.33038 0.14140 0.00000
6.49961 1.43618 0.32315 0.13102 0.00000 0.07556 0.60148 1.72534 2.22742 2.69734 6.74886 20.75922 27.00997 16.26221 4.05574 5.49209 2.22767 0.74941 0.65686 0.66418 0.64039 0.68446 0.79902 1.05325 1.42492 1.81256 2.24409 2.24407 2.32802 2.36909 2.57538 3.03617 3.15301 3.32643 3.46914 3.54953 3.45966 2.75909 1.55882 0.57158 0.58987 2.15664 5.26144 7.46214 7.73718 5.52051 2.38861 0.62039 0.41240 0.21661 0.00000 0.00000 0.00000 0.00000 0.00000 0.15437 0.39104 0.45648 0.30862 0.15388
8.65408 3.09449 0.96597 0.13431 0.00000 0.00000 0.05490 0.22126 0.11869 0.15626 0.00000 1.88640 0.62563 0.56363 1.53022 2.32297 2.10620 1.33278 1.17842 1.19817 1.31824 1.62775 1.88910 2.11887 2.28984 2.49898 2.83038 2.62664 2.31605 2.12660 2.17658 2.61824 3.25889 3.59451 3.73501 3.96063 4.00897 3.46160 2.18792 0.66868 0.43278 1.86057 4.98950 7.17020 7.73452 6.67099 3.89254 1.91422 1.33200 1.00875 0.27230 0.04648 0.00000 0.00000 0.00000 0.02786 0.35853 0.55638 0.52589 0.89456
7.51662 2.76736 0.35180 0.00000 0.00000 0.00000 0.00000 0.00000 0.00000 0.00000 0.00000 0.03988 0.31769 1.13640 2.13871 2.35807 4.56323 5.18981 4.02045 3.39639 2.52812 2.77048 3.11960 3.18239 3.45168 3.64384 3.55217 3.21439 2.69982 2.24989 1.94014 2.09518 2.80914 3.39245 3.84666 4.24673 4.14576 3.90201 3.04261 1.59840 1.04711 1.84656 3.94936 6.26216 7.21654 6.83172 5.49694 4.85333 4.70662 3.71848 1.88438 0.85023 0.43325 0.07493 0.00000 0.00000 0.13921 0.50875 1.40373 2.84396
3.02498 0.63602 0.00000 0.00000 0.00000 0.00000 0.00000 0.00000 0.00000 0.00000 0.00000 0.11941 0.42877 2.21315 2.48207 1.58018 4.05366 6.04345 8.96722 11.03989 6.00397 4.25614 4.10790 4.29454 4.26818 4.52881 4.39635 3.37782 2.83866 2.65418 2.28166 1.93274 2.20329 2.68226 3.56018 4.53083 4.83816 4.66921 4.17470 2.80003 1.61888 1.11646 1.42457 2.86287 4.58913 5.67272 6.83618 8.15142 10.10129 8.78887 6.24282 3.42859 1.50094 0.46628 0.03034 0.17127 0.28410 0.36917 1.29012 4.57907
0.09979 0.00000 0.00000 0.00000 0.00000 0.00000 0.00000 0.00000 0.00000 0.00000 0.00000 0.09449 0.31887 0.57462 0.53071 0.28639 1.28989 4.51439 10.16863 15.92209 11.37456 9.55160 8.95806 7.74290 5.90191 4.72300 4.18044 3.95687 3.61574 3.27809 2.70593 1.96310 1.54751 1.58865 2.40543 3.80657 5.19871 5.71588 5.05037 3.61783 1.62866 0.43680 0.22282 0.77785 2.07908 3.94511 6.42443 9.24865 12.87842 10.85613 8.92203 5.98816 2.97588 1.39279 0.55786 0.45823 0.49536 0.48660 1.27125 4.03090
0.00000 0.00000 0.00000 0.00000 0.00000 0.00000 0.00000 0.00000 0.00000 0.00000 0.00000 0.00000 0.13068 0.44242 0.51719 0.23820 0.49854 3.03886 8.49464 12.30749 16.23058 16.97168 13.91116 9.63682 10.00471 10.22760 5.99980 4.05876 2.90477 2.89526 2.85336 2.11719 1.21077 0.69002 1.01432 2.33685 4.32877 5.64898 4.90338 3.50401 1.64068 0.44424 0.13966 0.30376 0.84629 2.07232 4.63744 8.87305 10.98007 12.28158 8.84273 5.32733 3.36515 1.95967 1.07450 0.86144 1.11141 1.26663 1.60258 1.97398
0.00000 0.00000 0.14840 0.51851 0.96759 0.77731 0.06075 0.00000 0.00000 0.00000 0.00000 0.00000 0.15253 0.70716 1.72052 1.15637 0.62274 1.36364 2.54509 5.27371 10.89011 14.38993 13.96961 13.36772 14.83162 14.11817 10.04594 6.21617 3.93441 3.31314 3.58612 2.98942 1.51716 0.46499 0.40261 1.38378 2.99302 3.89036 3.42574 2.63342 1.60229 0.59333 0.13418 0.00000 0.14675 0.53914 1.97946 4.97212 10.01156 13.70849 7.59531 4.21092 1.99094 1.44056 1.26206 1.38646 1.63362 1.83277 1.85032 1.30673
0.00000 0.26755 1.89683 4.59364 6.68523 4.42340 1.01487 0.23949 0.00000 0.00000 0.00000 0.00000 0.07833 0.60413 1.46699 1.27821 0.76347 0.61905 0.43379 0.85507 2.39831 6.69798 9.40431 10.47892 11.63066 12.55264 12.23675 8.95050 7.13730 6.87622 5.72651 4.69863 2.79455 1.36202 0.98444 1.40981 1.69340 1.57586 1.27218 1.26827 1.01698 0.29870 0.00000 0.00000 0.00000 0.03035 0.71887 2.34340 5.23261 4.99937 2.26161 1.60962 1.40696 1.11773 1.35064 1.72977 1.94081 1.89964 1.71819 1.50196
0.13244 1.55131 5.11071 11.66191 16.55725 11.91235 4.66100 3.14409 2.33516 1.96732 1.78027 0.82146 0.42848 0.37652 0.56033 0.56113 0.35241 0.25772 0.06909 0.00000 0.00000 1.25054 2.31044 2.89937 6.87890 11.68173 15.52261 13.23211 9.23558 8.76531 10.82199 7.54226 4.68724 3.85622 2.82915 3.17489 2.17455 0.69576 0.14048 0.13520 0.07760 0.00000 0.00000 0.00000 0.00000 0.00000 0.00000 0.00000 0.00000 0.00000 0.00000 0.00000 0.17852 0.67027 1.35833 2.23481 2.53899 2.53126 1.65954 1.34385
0.16440 1.14524 5.07780 15.68043 28.01520 23.61016 13.72683 9.70769 9.13506 8.16054 6.92849 6.25115 3.96663 1.57980 0.33266 0.07645 0.05109 0.02114 0.00000 0.00000 0.00000 0.03162 0.35191 0.97098 3.67892 7.74759 11.51205 10.98671 7.59550 4.93224 6.31499 7.23368 6.08842 4.92778 3.46942 5.92063 3.68360 0.81758 0.28456 0.00000 0.00000 0.00000 0.00000 0.00000 0.00000 0.00000 0.00000 0.00000 0.00000 0.00000 0.00000 0.00000 0.00000 0.50781 1.65564 2.79853 3.09637 2.86096 2.00682 1.61786
0.24939 0.54588 3.31903 11.90753 21.68354 18.70702 12.65085 12.93314 16.23947 18.27423 13.58214 11.09119 7.35775 4.41683 1.26558 0.65013 0.38940 0.48962 0.43050 0.52974 0.32596 0.10348 0.09133 0.41076 1.49899 2.38179 1.89090 2.78000 2.98780 2.13267 2.40570 3.69176 3.52736 1.96121 0.63707 1.35459 0.73886 0.00000 0.29116 0.06707 0.00000 0.00000 0.00000 0.00000 0.48506 0.40384 0.26649 0.02228 0.15167 0.06036 0.00000 0.00000 0.00000 0.20355 2.00526 3.48700 3.91726 3.96451 4.03619 3.78431
1.09889 1.05605 2.37689 6.04714 9.74482 8.16681 6.84193 10.71578 15.87942 17.57581 13.15106 8.89709 5.34126 6.90429 5.75946 2.57290 1.33116 2.11361 1.49633 1.70684 2.05133 1.06189 0.71697 0.16120 0.08556 0.68066 0.27701 0.32039 0.10214 0.00000 0.00000 0.27845 0.35390 0.04522 0.00000 0.00000 1.48658 5.31460 3.80117 0.82896 0.08598 0.03941 0.81548 2.29218 4.37658 3.45027 1.59996 1.61246 2.89295 3.28369 3.10644 2.61175 1.54099 0.97709 2.38963 3.76280 4.08598 4.45665 6.00381 8.11948
0.76518 0.85640 1.07169 2.35181 4.56090 5.56615 5.94768 6.91916 7.73039 7.49338 6.28075 4.89300 7.57933 15.67498 9.21010 3.63744 5.02047 5.96689 4.45917 3.79247 3.43991 2.14132 2.26598 2.03333 1.59543 0.35300 0.00000 0.00000 0.06708 0.09524 0.15620 0.03905 0.00000 0.00000 0.00000 0.06109 1.66937 6.93243 6.97509 2.50574 0.95417 2.32484 11.96913 22.44530 20.43242 11.35491 4.82788 5.14335 6.49062 5.74695 5.11949 3.28596 1.67013 1.78354 2.37093 3.35749 3.78436 3.51180 4.72636 10.43165
1.70624 1.63505 1.19282 1.62988 3.79787 5.00661 4.77345 3.40442 2.48187 2.29774 3.75363 6.36405 10.53452 13.82561 8.46843 3.37317 5.31394 6.55262 8.57194 8.59834 5.03036 2.65021 3.78375 5.97404 4.71267 1.45786 0.14378 0.02537 0.49320 1.36612 1.47557 1.03494 0.15351 0.00000 0.00000 0.00000 0.21385 1.24201 2.64572 1.89102 2.30602 7.62074 19.37126 31.69480 36.35474 37.56675 26.59146 9.84359 4.92846 4.18774 3.85019 2.55159 1.75178 1.93735 2.08362 3.10202 3.76733 3.22604 2.91444 6.84962
12.05301 8.56107 5.42055 4.33532 5.60417 7.52055 4.44836 1.68963 2.10415 3.50309 4.78416 7.21966 8.69768 9.59784 10.21607 6.79094 4.91598 4.03647 8.25180 10.79601 7.43066 2.56039 4.84158 11.78324 11.17290 5.42218 0.39423 0.23504 0.90667 3.11991 3.78235 2.91807 2.41494 0.78979 0.03731 0.00000 0.00000 0.00000 0.08657 0.22357 1.44158 4.74996 11.96869 16.87991 19.34927 22.27041 21.97840 6.31345 2.07338 2.53578 2.80850 2.13893 1.76923 1.85067 2.12897 3.22704 3.61548 3.80558 3.35872 6.06338
42.69581 29.58117 16.42462 8.88055 6.99519 6.95873 3.91923 1.67989 2.15995 3.48595 4.24008 4.50573 4.05499 4.34180 7.37752 6.47670 3.88047 3.13419 6.66518 8.01300 5.39388 2.78110 6.31636 15.76704 14.66430 8.35741 1.35903 0.40152 0.87246 2.54454 3.65647 4.73843 5.79654 4.64831 2.78434 0.61957 0.02391 0.00000 0.00000 0.00000 0.20197 1.36729 3.55053 6.37327 9.57632 11.57724 7.81899 4.83559 2.12015 1.61804 1.57303 1.41795 1.61162 1.61014 1.61403 2.81186 3.93967 5.83898 5.80060 6.94837
57.25636 42.42179 31.53740 18.79079 9.70213 4.80460 2.74382 2.13424 2.43050 3.17630 3.65461 3.52892 1.76546 2.90157 6.67019 5.60738 2.52334 1.89146 6.05907 7.17442 4.85319 2.65971 5.45272 11.78224 12.56572 7.99456 3.25336 1.15187 1.16203 2.15637 2.64190 6.48862 9.58513 7.62058 5.50189 2.15065 0.42921 0.00000 0.00000 0.00000 0.00000 1.82499 3.46767 6.57061 10.95490 11.32724 6.29633 3.51477 1.80538 1.07792 0.67396 0.78713 1.34394 1.69197 2.01048 2.51519 4.25407 7.69243 9.22068 8.71704
46.21665 45.22129 49.69405 37.20686 18.89433 6.03846 3.73280 3.45583 3.12653 2.93849 3.42885 4.51453 2.74860 5.32336 10.55450 5.05044 1.74508 2.70428 4.86904 6.35047 5.54018 3.78361 6.05714 11.25218 12.34334 8.16772 4.73983 6.46290 7.33106 4.76051 3.38579 10.30051 14.41698 8.48063 5.32780 4.92829 1.68753 0.02750 0.00000 0.00000 0.16992 3.44313 8.27903 13.05206 21.45169 16.40166 5.52802 1.86359 0.89385 0.70237 0.37229 0.39687 0.81651 1.34222 1.55775 1.81190 4.40356 8.35801 10.45192 9.16651
48.12094 60.34742 61.76740 50.23144 28.25063 7.98807 4.63947 5.52426 3.55765 2.23292 2.00585 2.61121 3.01670 4.49436 5.91634 2.59871 1.21903 3.58024 5.95884 7.17759 6.21647 7.01133 9.66947 13.68096 13.64323 12.48298 14.26961 22.46914 22.57864 13.64120 9.78016 15.08152 17.87923 9.46642 4.20734 3.14091 1.14249 1.02947 0.48205 0.04574 0.11535 0.59417 6.61842 15.63465 33.71510 26.88668 10.44828 2.23637 1.01833 0.89465 0.64012 0.37545 0.41967 0.72490 0.93051 1.05389 3.68074 6.60325 7.55592 6.06894
55.86082 73.21432 53.85081 35.32763 18.10662 7.94707 8.32789 8.77224 5.06177 1.90310 0.90738 0.61432 0.69843 1.08277 2.49958 1.46659 2.09774 6.83190 10.41148 11.73034 10.29609 12.23424 10.06776 11.01358 13.06495 16.79595 26.58358 40.51612 33.10663 17.35553 10.03725 9.75633 8.88329 4.52108 2.32599 2.46131 2.69987 6.17736 3.75656 2.44199 2.77244 2.79099 5.09542 6.23134 19.92405 24.76138 15.28151 3.92780 1.10274 1.06443 0.92594 0.54634 0.34595 0.46264 0.67047 1.18549 3.89214 7.88278 8.35802 8.89421
48.21171 46.01696 22.20248 14.32012 5.72246 6.91101 10.19240 11.17442 6.82346 2.87826 1.62199 1.05908 0.91954 0.36445 1.05817 1.23585 2.43697 5.75777 8.83022 9.66321 8.96455 10.58649 6.49533 5.23964 7.57505 12.32824 20.48706 23.66461 15.55191 10.56306 4.53603 3.13383 2.95666 1.09799 1.66937 3.37153 4.34014 6.50036 5.58448 4.71387 5.67767 -99999.00000 -99999.00000 1.32501 3.56066 7.28223 11.43070 4.76310 1.09519 0.92267 0.98358 0.56745 0.32463 0.37963 0.47698 1.08648 6.60024 15.19679 18.21512 20.19349
60.23085 46.41254 22.30709 15.30962 11.02630 12.68335 18.96182 16.77376 8.30412 4.53976 4.25507 4.34541 3.69897 2.32418 1.05712 1.77087 2.53474 2.68033 4.00549 5.67746 4.93231 4.56834 2.13395 1.13857 2.72690 4.04599 6.73658 4.39309 4.24923 6.83819 5.11900 2.79004 2.65816 2.45176 2.94014 -99999.00000 -99999.00000 -99999.00000 -99999.00000 -99999.00000 -99999.00000 -99999.00000 -99999.00000 0.00000 0.00000 0.00000 2.24428 3.34447 1.27242 0.70769 0.66580 0.32161 0.24899 0.40011 0.75251 3.08987 12.61842 25.39501 32.12088 35.74536
72.33088 70.24741 41.90661 27.34292 -99999.00000 35.49517 39.37567 24.25175 6.57671 4.43883 4.99928 6.27837 6.56349 3.09093 1.64357 3.68058 4.73548 2.74661 4.80834 8.19665 7.81292 4.72109 2.51010 2.18498 3.36536 3.71122 2.17264 1.59925 2.13659 5.65100 6.70312 3.63412 4.56933 6.87709 -99999.00000 -99999.00000 -99999.00000 -99999.00000 -99999.00000 -99999.00000 -99999.00000 -99999.00000 -99999.00000 -99999.00000 0.00000 0.00000 0.00000 0.76820 1.37039 0.60206 0.11708 0.25509 0.27878 0.39381 1.50775 5.09987 12.26095 24.05124 36.86842 50.49450
-99999.00000 -99999.00000 -99999.00000 -99999.00000 -99999.00000 35.68457 45.86277 22.27239 6.98061 4.28652 4.08047 4.98507 6.67471 4.84598 4.21898 7.19370 9.68965 7.07241 7.60760 9.26016 9.85935 8.05999 7.29742 7.76585 8.24390 5.44617 2.99703 2.32215 1.43393 3.56089 5.42179 5.87746 7.98446 13.77285 -99999.00000 -99999.00000 -99999.00000 -99999.00000 -99999.00000 -99999.00000 -99999.00000 -99999.00000 -99999.00000 -99999.00000 -99999.00000 0.00000 0.00000 0.00000 0.24672 0.19692 0.31185 0.38967 0.45615 0.89625 1.72124 3.01894 6.57542 15.49025 27.49687 42.77326
