DATA/RAW-RASTER/CPC/2017/20170710.asc
ncols			60
nrows			40
xllcorner		70.0
yllcorner		20.0
cellsize		0.5
NODATA_value	-99999
0.00000 0.03198 0.15536 0.35542 1.05131 2.36196 3.46639 3.57562 3.22815 2.63435 1.47157 0.68404 0.52858 0.34377 0.00000 0.00000 0.00000 0.00000 0.00000 0.00000 0.00000 0.00000 0.00000 0.00000 0.00000 0.00000 0.03274 0.00000 0.00000 0.00000 0.00000 0.00000 0.00000 0.00000 0.00000 0.00000 0.00000 0.00000 0.00000 0.00000 0.00000 0.00000 0.00000 0.00000 0.00000 0.00000 0.00000 0.00000 0.00000 0.00000 0.00000 0.00000 0.00000 0.00000 0.00000 0.00000 0.00000 0.00000 0.00000 0.00000
0.00000 0.02942 0.24202 0.52250 1.36630 2.89624 3.98270 3.75591 3.24710 2.18513 0.85016 0.19182 0.07361 0.00000 0.00000 0.00000 0.00000 0.00000 0.00000 0.00000 0.00000 0.00000 0.00000 0.00000 0.00000 0.00000 0.00000 0.00000 0.00000 0.00000 0.00000 0.00000 0.00000 0.00000 0.00000 0.00000 0.00000 0.00000 0.00000 0.00000 0.00000 0.00000 0.00000 0.00000 0.00000 0.00000 0.00000 0.00000 0.00000 0.00000 0.00000 0.00000 0.00000 0.00000 0.00000 0.00000 0.00000 0.00000 0.00000 0.00000
0.00000 0.00000 0.17118 0.39830 0.81758 1.40756 1.60116 1.40146 1.72376 1.80104 1.18123 0.43432 0.11224 0.00000 0.00000 0.00000 0.00000 0.00000 0.00000 0.00000 0.00000 0.00000 0.00000 0.00000 0.00000 0.00000 0.00000 0.00000 0.00000 0.00000 0.00000 0.00000 0.00000 0.00000 0.00000 0.00000 0.00000 0.00000 0.00000 0.00000 0.00000 0.00000 0.00000 0.00000 0.00000 0.00000 0.00000 0.00000 0.00000 0.00000 0.00000 0.00000 0.00000 0.00000 0.00000 0.00000 0.00000 0.00000 0.00000 0.00000
0.00000 0.00000 0.00000 0.00000 0.06841 0.31327 0.60310 1.05822 1.74289 1.82599 1.47498 0.73596 0.22910 0.02207 0.00000 0.00000 0.00000 0.00000 0.00000 0.00000 0.00000 0.00000 0.00000 0.00000 0.00000 0.00000 0.00000 0.00000 0.00000 0.00000 0.00000 0.00000 0.00000 0.00000 0.00000 0.00000 0.00000 0.00000 0.00000 0.00000 0.00000 0.00000 0.00000 0.00000 0.00000 0.00000 0.00000 0.00000 0.00000 0.00000 0.00000 0.00000 0.00000 0.00000 0.00000 0.00000 0.00000 0.00000 0.00000 0.00000
0.00000 0.00000 0.00000 0.00000 0.00000 0.18892 0.60538 1.18892 1.67934 2.04569 1.60848 0.87138 0.28888 0.06214 0.00000 0.00000 0.00000 0.00000 0.00000 0.00000 0.00000 0.00000 0.00000 0.00000 0.00000 0.00000 0.00000 0.00000 0.00000 0.00000 0.00000 0.00000 0.00000 0.00000 0.00000 0.00000 0.00000 0.00000 0.00000 0.00000 0.00000 0.00000 0.00000 0.00000 0.00000 0.00000 0.00000 0.00000 0.00000 0.00000 0.00000 0.00000 0.00000 0.00000 0.00000 0.00000 0.00000 0.00000 0.00000 0.00000
0.00000 0.00000 0.00000 0.00000 0.00000 0.16858 0.52581 0.96599 1.32973 1.89433 1.77097 0.98527 0.35897 0.08734 0.00000 0.00000 0.00000 0.00000 0.00000 0.00000 0.00000 0.00000 0.00000 0.00000 0.00000 0.00000 0.00000 0.00000 0.00000 0.00000 0.00000 0.00000 0.00000 0.00000 0.00000 0.00000 0.00000 0.00000 0.00000 0.00000 0.00000 0.00000 0.00000 0.00000 0.00000 0.00000 0.00000 0.00000 0.00000 0.00000 0.00000 0.00000 0.00000 0.00000 0.00000 0.00000 0.00000 0.00000 0.00000 0.00000
0.00000 0.00000 0.00000 0.00000 0.00000 0.00000 0.25463 0.68039 1.03593 1.60528 1.73731 1.11557 0.47044 0.13991 0.00000 0.00000 0.00000 0.00000 0.00000 0.00000 0.00000 0.00000 0.00000 0.00000 0.00000 0.00000 0.00000 0.00000 0.00000 0.00000 0.00000 0.00000 0.00000 0.00000 0.00000 0.00000 0.00000 0.00000 0.00000 0.00000 0.00000 0.00000 0.00000 0.00000 0.00000 0.00000 0.00000 0.00000 0.00000 0.00000 0.00000 0.00000 0.00000 0.00000 0.00000 0.00000 0.00000 0.00000 0.00000 0.00000
0.00000 0.00000 0.00000 0.00000 0.00000 0.00000 0.02710 0.30602 0.79139 1.09671 1.33937 1.10116 0.58646 0.17088 0.05515 0.00000 0.00000 0.00000 0.00000 0.00000 0.00000 0.00000 0.00000 0.00000 0.00000 0.00000 0.00000 0.00000 0.00000 0.00000 0.00000 0.00000 0.00000 0.00000 0.00000 0.00000 0.00000 0.00000 0.00000 0.00000 0.00000 0.00000 0.00000 0.00000 0.00000 0.00000 0.00000 0.00000 0.00000 0.00000 0.00000 0.00000 0.00000 0.00000 0.00000 0.00000 0.00000 0.00000 0.00000 0.00000
0.00000 0.00000 0.00000 0.00000 0.12057 0.30806 0.38679 0.53947 0.74097 0.95413 1.10058 0.91569 0.63626 0.45428 0.23948 0.08873 0.02996 0.00000 0.00000 0.00000 0.00000 0.00000 0.02626 0.03476 0.04525 0.05709 0.06979 0.08096 0.08423 0.06502 0.00000 0.00000 0.00000 0.00000 0.00000 0.00000 0.00000 0.00000 0.00000 0.00000 0.00000 0.00000 0.00000 0.00000 0.00000 0.00000 0.00000 0.00000 0.00000 0.00000 0.00000 0.00000 0.00000 0.00000 0.00000 0.00000 0.00000 0.00000 0.00000 0.30615
0.00000 0.05333 0.13091 0.19562 0.74664 1.45949 1.48759 0.94726 1.04307 1.38184 1.15966 0.83839 0.68921 0.59478 0.47315 0.26226 0.11254 0.08617 0.10048 0.10813 0.12029 0.13873 0.15759 0.17609 0.19524 0.21367 0.23438 0.25129 0.24949 0.20612 0.11769 0.00000 0.00000 0.00000 0.00000 0.00000 0.00000 0.00000 0.00000 0.00000 0.00000 0.00000 0.00000 0.00000 0.00000 0.00000 0.00000 0.00000 0.00000 0.00000 0.00000 0.00000 0.00000 0.00000 0.00000 0.00000 0.00000 0.00000 0.18541 0.68030
0.00000 0.13382 0.68508 1.39397 2.97893 4.95117 4.25041 3.40025 2.73633 2.69997 1.82040 0.78665 0.52442 0.44420 0.39119 0.33365 0.30894 0.43072 0.50674 0.56743 0.60045 0.61045 0.60903 0.57984 0.57345 0.62332 0.69295 0.69185 0.63435 0.50106 0.30523 0.07756 0.00000 0.00000 0.00000 0.00000 0.00000 0.00000 0.00000 0.00000 0.00000 0.00000 0.00000 0.00000 0.00000 0.00000 0.00000 0.00000 0.00000 0.00000 0.00000 0.00000 0.00000 0.00000 0.00000 0.00000 0.00000 0.02461 0.22747 0.73493
0.00000 0.29878 1.10582 2.48500 5.47342 12.30623 13.97101 7.57445 3.85932 2.33617 1.76162 0.74077 0.38939 0.29736 0.19331 0.08134 0.43184 0.78590 0.94472 1.02471 1.03387 1.04376 1.03590 1.02499 1.00494 1.02232 1.10495 1.12883 1.14292 0.77374 0.37271 0.12552 0.00000 0.00000 0.00000 0.00000 0.00000 0.00000 0.00000 0.00000 0.00000 0.00000 0.00000 0.00000 0.00000 0.00000 0.00000 0.00000 0.00000 0.00000 0.00000 0.00000 0.00000 0.00000 0.00000 0.00000 0.00000 0.00000 0.10526 0.36577
0.03016 0.38045 1.46062 3.70094 8.42319 18.37004 23.91188 13.53332 5.92593 1.44274 0.63691 0.46696 0.28841 0.09737 0.00000 0.14565 0.43819 0.75492 0.98503 1.07192 1.06177 1.10182 1.11858 1.12952 1.19676 1.30184 1.49299 1.50622 1.48487 1.25084 0.65281 0.30598 0.16714 0.02159 0.00000 0.00000 0.00000 0.00000 0.00000 0.00000 0.00000 0.00000 0.00000 0.00000 0.00000 0.00000 0.00000 0.00000 0.00000 0.00000 0.00000 0.00000 0.00000 0.00000 0.00000 0.00000 0.00000 0.00000 0.00000 0.10737
0.00000 0.36636 1.48919 3.61502 7.81396 13.83343 13.65210 8.57784 3.93180 0.99847 0.20014 0.43041 0.48909 0.40006 0.29916 0.29061 0.51643 0.84920 1.02875 1.08305 1.11069 1.11794 1.16282 1.20847 1.34648 1.53761 1.91341 2.11681 2.33294 1.65132 0.85854 0.70420 0.45823 0.23846 0.03585 0.00000 0.00000 0.00000 0.00000 0.00000 0.00000 0.00000 0.00000 0.00000 0.00000 0.00000 0.00000 0.00000 0.00000 0.00000 0.00000 0.00000 0.00000 0.00000 0.00000 0.00000 0.00000 0.00000 0.00000 0.05651
0.00000 0.04593 0.68663 1.64952 2.82891 4.26162 4.00551 1.75148 0.64733 0.87109 1.71918 2.76999 2.85342 1.53914 0.51446 0.42335 0.90585 1.08565 1.14653 1.11691 1.18530 1.17057 1.23228 1.35370 1.54203 1.91925 2.54751 3.10590 2.76365 2.40647 1.63842 1.11358 0.69969 0.41159 0.20629 0.02934 0.00000 0.00000 0.00000 0.00000 0.00000 0.00000 0.00000 0.00000 0.00000 0.00000 0.00000 0.00000 0.00000 0.00000 0.00000 0.00000 0.00000 0.00000 0.00000 0.00000 0.00000 0.00000 0.25616 0.88842
0.00000 0.00000 0.06536 0.39180 0.53435 0.50283 0.43687 0.40066 0.00000 0.30346 3.95582 9.91976 9.21037 5.66724 1.27262 1.88166 1.53321 1.23039 1.35741 1.26033 1.18802 1.23869 1.42416 1.72334 2.33758 3.22947 4.17614 4.49023 3.62813 3.31801 3.11147 1.88495 1.15322 0.67111 0.37549 0.13351 0.00000 0.00000 0.00000 0.00000 0.00000 0.00000 0.00000 0.00000 0.00000 0.00000 0.00000 0.00000 0.00000 0.00000 0.00000 0.00000 0.00000 0.00000 0.00000 0.00000 0.00000 0.00000 0.18712 0.85296
0.00000 0.00000 0.00000 0.00000 0.00000 0.00000 0.00000 0.00000 0.00000 0.00000 4.69177 21.79265 33.30302 20.04935 5.18232 6.10270 3.79393 1.90026 1.81283 1.85553 1.78902 1.91208 2.26059 3.02459 4.25524 5.41444 6.44232 5.62729 4.91293 5.53406 4.99122 3.61494 2.14387 1.16189 0.55201 0.23046 0.05306 0.00000 0.00000 0.00000 0.02618 0.07849 0.08970 0.03293 0.00000 0.00000 0.00000 0.00000 0.00000 0.00000 0.00000 0.00000 0.00000 0.00000 0.00000 0.00000 0.00000 0.00000 0.12692 0.00000
0.00000 0.00000 0.00000 0.00000 0.00000 0.00000 0.00000 0.00000 0.00000 0.47447 4.75780 14.47639 27.14880 18.61141 8.72531 10.10763 10.16484 5.62789 3.94474 3.54070 3.67171 4.62553 5.57258 6.27679 6.99187 7.28802 7.66198 6.33865 6.03470 6.40504 6.94017 6.12002 4.67274 2.65325 1.20967 0.47820 0.12974 0.03407 0.08582 0.08052 0.11487 0.28557 0.33144 0.19343 0.12244 0.14159 0.00000 0.00000 0.00000 0.00000 0.00000 0.00000 0.00000 0.00000 0.00000 0.00000 0.00000 0.04765 0.74841 0.70845
0.00000 0.00000 0.00000 0.00000 0.00000 0.00000 0.00000 0.00000 0.00000 0.11577 1.30575 1.84247 2.19610 3.50657 9.58350 23.70568 32.14138 21.61900 12.34210 8.70146 6.74965 8.24018 9.71210 9.59228 9.96309 10.06601 9.13680 7.58274 6.08524 7.50414 9.46217 10.38355 9.65406 6.51197 3.43343 1.55459 0.59615 0.34976 0.48027 0.56885 0.76593 1.32686 1.71834 1.63765 1.49545 1.54485 0.82341 0.35238 0.28411 0.08492 0.00000 0.00000 0.00000 0.00000 0.00000 0.00000 0.20003 0.70839 2.08913 3.88294
0.00000 0.00000 0.00000 0.00000 0.00000 0.00000 0.00000 0.00000 0.00000 0.00000 0.00000 0.00000 0.14523 1.39746 10.44560 31.47032 38.93178 22.03617 20.17976 21.59113 15.28808 14.01558 13.99026 13.41619 12.18946 12.21631 11.13339 7.45675 5.37770 7.97251 12.71889 16.37363 17.49497 14.56524 10.09687 5.95413 3.42006 2.54661 2.48656 2.31882 2.69978 3.26633 3.74969 4.73500 5.83414 5.75941 4.16588 2.14037 1.15429 0.64355 0.45412 0.33781 0.23289 0.00000 0.00000 0.10902 0.56441 0.90493 2.33442 6.99615
0.00000 0.00000 0.00000 0.00000 0.00000 0.00000 0.00000 0.00000 0.00000 0.00000 0.00000 0.13043 0.69746 2.26739 5.44836 9.75731 11.01012 11.41304 13.21083 22.55757 32.80035 38.12420 34.33871 24.83775 16.73944 12.81879 10.55108 8.11547 6.33442 8.16358 13.36933 19.88773 22.65940 23.23105 19.79218 13.09045 8.22769 6.16311 5.16802 4.62100 4.28898 4.18135 4.61145 7.64915 13.15914 14.20714 8.88210 3.65143 1.51657 0.90527 1.08783 1.21529 1.00947 0.57914 0.22119 0.48093 0.66099 0.89635 2.24552 6.38852
0.00000 0.00000 0.00000 0.00000 0.00000 0.00000 0.00000 0.00000 0.00000 0.00000 0.00000 0.09413 0.51386 1.33300 1.84574 1.76986 3.10381 8.09138 14.38070 23.00165 58.88887 75.88555 55.53886 31.07285 28.40366 28.57100 15.04276 7.30410 3.95611 5.16570 9.78672 16.82409 23.01979 24.81983 23.78423 16.83437 10.19810 7.16591 5.88347 5.47735 5.21376 5.30436 7.19043 13.52914 23.72906 25.12399 17.14353 8.54950 3.37576 3.13931 3.05176 2.90881 2.87204 2.10956 1.04537 0.70020 0.82357 1.09985 1.91863 3.15673
0.00000 0.00000 0.00000 0.00000 0.00000 0.00000 0.00000 0.00000 0.00000 0.00000 0.00000 0.00000 0.03687 0.23266 0.32033 0.26030 3.03978 12.67228 21.21121 28.02445 49.71214 65.95540 55.83524 45.30032 49.77201 44.53157 25.12588 8.39399 3.32750 4.41861 8.01501 13.76281 20.22927 24.53427 25.74280 19.15295 12.36427 8.42562 6.79253 6.54641 7.50357 9.31673 14.87389 23.02006 29.57420 30.16273 23.58957 17.02533 15.79137 17.80467 13.62221 11.21390 5.83743 3.84221 1.89023 1.04188 0.89440 0.97237 1.25487 1.53680
0.00000 0.00000 0.00000 0.00000 0.00000 0.00000 0.00000 0.00000 0.00000 0.00000 0.00000 0.00000 0.00000 0.00000 0.27658 1.64478 6.50420 16.08314 25.47602 22.09267 25.05801 42.52230 57.98140 59.98651 62.51539 52.50425 34.70047 13.30619 6.66285 9.74469 9.06182 10.86607 14.86203 18.76429 18.91312 14.72132 10.49452 9.05476 8.30756 8.93967 10.91914 12.71583 17.69085 24.55473 27.12229 27.74669 45.60175 60.16049 57.92364 46.54613 30.99232 27.59843 20.31764 8.06448 3.59929 1.51583 1.01259 0.89820 0.89406 1.10108
0.00000 0.00000 0.00000 0.00000 0.00000 0.00000 0.00000 0.00000 0.00000 0.00000 0.00000 0.00000 0.00000 0.00000 0.24044 1.67558 4.60582 9.63016 11.91518 6.08728 9.87597 29.51611 55.87170 71.50317 81.07912 69.86615 55.56160 39.07128 24.93394 19.08515 16.28084 10.96284 8.23767 10.68771 10.75631 10.66908 10.24926 8.10790 10.35640 14.39013 14.57545 19.29561 17.61750 15.51988 22.18262 41.41828 68.00219 81.01604 78.42479 70.89618 53.93715 39.24882 34.44670 14.98721 6.03860 2.76479 1.37501 1.14542 0.72807 0.41416
0.00000 0.00000 0.00000 0.00000 0.00000 0.00000 0.00000 0.00000 0.00000 0.00000 0.00000 0.00000 0.00000 0.00000 0.25790 0.90151 1.87593 4.20571 5.66807 5.23409 9.21815 24.63921 47.21492 66.53689 78.56207 85.04887 88.27577 72.34689 46.88563 25.67497 18.02649 11.92772 5.74880 5.96408 7.04288 11.21687 11.85048 10.03210 18.70732 23.14694 26.81205 36.54961 31.50372 17.30478 25.93477 35.52670 50.39159 64.14530 54.88458 52.89523 51.51785 44.43418 37.65504 25.11890 10.27640 3.90767 1.34020 0.81368 0.21176 0.00000
0.00000 0.00000 0.00000 0.00000 0.00000 0.00000 0.00000 0.00000 0.00000 0.00000 0.00000 0.00000 0.00000 0.00000 0.83751 1.02837 0.69030 2.23870 4.36813 7.53249 13.71100 23.16966 34.19598 52.54797 69.11182 84.01974 98.79350 82.00690 50.71431 28.27573 19.77855 11.84852 11.35807 16.05055 20.23088 17.25703 8.81708 15.37152 32.35779 38.40370 47.69545 55.65673 29.74073 13.29410 16.87088 15.20598 23.21435 29.93132 27.85804 40.50434 49.09226 49.82189 45.17981 26.08004 9.31731 3.57029 1.14177 0.39917 0.00000 0.00000
0.00000 0.00000 0.00000 0.00000 0.00000 0.00000 0.00000 0.00000 0.00000 0.00000 0.00000 0.00000 0.04804 0.88351 2.67260 2.50232 0.53548 1.81665 4.27719 7.24053 11.72894 17.29606 25.11307 40.89408 60.83351 69.96252 71.02345 55.34786 34.78094 25.25796 20.09237 8.89722 14.43742 23.37361 22.10708 19.84564 12.99195 20.46841 37.17414 37.63863 51.71949 64.65527 23.40493 7.10536 8.38251 10.16215 16.04305 26.39528 41.43718 50.35560 56.21035 55.31775 34.92262 14.56010 5.72120 2.73363 1.47497 0.54137 0.00000 0.00000
0.00000 0.00000 0.00000 0.00000 0.00000 0.00000 0.00000 0.00000 0.00000 0.00000 0.00000 0.00000 0.22513 1.68574 6.64396 7.80944 2.99088 2.80420 8.39619 10.36866 11.07625 13.24670 18.73616 32.93438 52.42817 58.83419 41.86789 22.86042 20.57529 22.81411 28.23561 16.92855 14.54015 16.26264 13.71069 13.68653 12.28303 13.32352 19.92524 23.64572 37.80021 46.01249 29.48075 13.55749 10.17483 8.53387 11.26708 28.40666 54.58391 56.09978 57.32101 41.23973 18.35725 9.20429 3.90649 2.63465 2.11924 0.82764 0.00000 0.00000
0.00000 0.00000 0.00000 0.00000 0.00000 0.04107 0.21377 0.19930 0.00000 0.00000 0.00000 0.00000 0.73715 3.35188 9.76101 13.24362 5.97297 5.50418 18.71986 23.53563 18.24942 12.44781 16.05260 27.69986 42.35166 45.57733 22.04124 11.13775 16.17190 18.44510 20.75775 17.03927 12.11791 9.45839 11.08338 13.83452 11.00019 6.65685 10.02529 18.38537 31.29473 43.60309 45.39471 40.58424 22.08879 11.16488 14.28551 28.18625 37.57777 40.26112 41.48255 27.81352 13.96322 6.94335 3.41703 3.32779 2.93512 1.54246 0.07153 0.00000
0.00000 0.00000 0.00000 0.05189 0.07027 0.30453 0.56184 0.52534 0.20137 0.00000 0.00000 0.05665 1.03629 2.99999 5.67861 8.33756 7.59347 6.54631 19.36539 27.60951 21.15808 8.71261 13.89337 27.99704 35.02155 32.71658 20.75509 17.28354 17.12389 9.33163 7.98497 9.72486 8.98532 7.19557 8.76167 9.85335 7.96842 5.36769 6.50380 14.87490 26.32231 35.38798 40.89273 30.53005 14.94560 8.67179 16.43833 25.36876 29.92095 33.61337 34.77880 22.96592 11.19166 6.05947 4.61297 5.32995 3.76402 2.09070 0.10711 0.00000
0.51510 0.71231 0.39169 0.22588 0.20889 0.78626 1.04943 0.76259 0.56617 0.03144 0.00000 0.00000 0.40563 1.26580 3.42928 6.50072 9.76360 11.44698 13.00927 15.05891 14.58341 11.90212 18.57737 32.96082 33.91616 29.98795 24.35335 20.04004 17.58664 11.26178 7.03673 6.01835 5.08317 5.20119 8.08433 7.53470 3.27937 3.16795 5.94672 13.83253 24.21547 29.21834 28.00881 15.00988 8.01250 8.98028 9.96644 18.97199 23.22755 23.80160 21.48548 14.88208 9.11685 5.45461 4.81368 7.66325 5.86673 2.94848 0.20405 0.00000
1.24072 1.56688 1.09030 0.73666 1.00527 1.79735 2.06017 1.39671 1.24991 0.97825 0.49374 0.06301 0.00000 0.50157 2.86757 8.24428 12.88276 14.25632 8.01319 7.39557 14.54723 24.34929 26.76154 30.96782 32.57905 31.43547 27.94896 23.22325 18.85156 12.84659 8.23141 4.88653 1.63867 2.12834 5.67946 10.54261 6.73593 5.25576 10.27699 18.54164 26.85425 31.77395 33.37892 21.47190 12.88410 10.21738 7.18488 7.87565 8.52470 8.82060 7.46844 7.18344 6.82196 5.46916 6.19001 6.92474 5.63028 2.45889 0.39557 0.00000
2.43707 2.52734 1.37340 0.98907 1.96356 2.83551 2.87458 2.35277 2.27583 2.29065 1.63503 0.52621 0.14175 0.77838 3.88037 11.35499 12.58670 9.42465 5.65261 5.60499 14.07903 26.57010 26.37918 26.38548 28.89584 32.67813 33.76345 26.72990 18.56174 11.30755 8.17728 4.15060 0.88200 0.93003 5.07865 17.24358 23.24950 24.70244 23.37351 27.78052 32.41705 37.13406 36.87950 26.27989 19.55659 11.37275 4.39846 2.32281 1.90718 2.48199 2.55558 2.84728 3.49348 3.93612 3.99531 3.42231 3.43012 1.68084 0.29198 0.00000
3.88982 2.58499 0.89622 0.59465 2.11226 3.49126 2.87729 2.23721 2.32409 3.11493 3.46524 1.99071 1.43423 2.44992 8.78231 15.94659 11.12587 6.96186 5.81486 8.16175 16.40053 20.16134 20.55787 22.03458 23.29573 28.87582 29.33613 21.14316 12.32875 7.96801 4.92918 2.18223 0.70387 3.74717 9.68962 20.10695 54.11968 62.71687 43.65492 36.00145 36.25293 41.96128 41.04617 31.09348 22.91023 14.92174 6.47551 1.86040 1.28614 1.56280 1.66765 1.62335 1.45419 1.73598 1.78195 1.23428 1.73591 1.06032 0.10592 0.00000
2.47463 1.17785 0.37902 0.43439 1.78911 2.70546 1.57543 1.38689 1.71167 2.08395 2.41288 1.53029 0.88820 2.11117 6.79906 7.92610 7.13712 10.16390 9.78704 9.69491 13.08396 10.22972 12.55834 18.13460 21.40406 21.79585 15.73600 6.75757 2.51886 1.53744 1.39264 0.82178 1.07115 3.59126 8.08261 9.78380 21.76229 25.91844 28.82155 31.98952 37.62336 44.49272 42.50182 31.11774 25.91793 20.89640 12.29559 3.32712 1.19632 1.31557 1.40578 1.60722 1.37803 1.27121 1.32752 1.13021 1.14854 0.80985 0.00000 0.00000
0.47207 0.27783 0.00000 0.58745 1.58060 1.61057 1.23396 0.86460 0.42384 0.55468 0.53661 0.16605 0.04772 0.22919 2.25401 2.20905 3.56223 7.80948 9.48176 11.49001 14.08506 8.62783 11.56533 17.70835 20.58176 17.86194 10.83078 3.88877 0.91691 0.10743 0.13254 0.52421 2.61433 1.71365 1.29040 1.84522 4.78912 8.95271 14.58274 21.87411 34.08607 -99999.00000 -99999.00000 39.56804 34.18257 26.25087 18.43597 7.23203 1.49823 1.38552 2.08898 2.83342 2.82340 2.67264 2.52417 2.20736 3.32891 3.52220 1.65682 1.29765
0.45794 0.17815 0.00000 0.04204 1.09157 1.57767 2.54828 1.25990 0.06681 0.00000 0.00000 0.00000 0.00000 0.00000 0.70365 1.64730 2.23668 3.42461 7.19805 15.28735 20.18107 15.12661 15.06698 22.19783 24.39932 22.21076 14.80643 8.52076 4.48868 2.31832 3.31391 7.76127 9.92047 7.25308 4.07123 -99999.00000 -99999.00000 -99999.00000 -99999.00000 -99999.00000 -99999.00000 -99999.00000 -99999.00000 42.86447 36.78127 27.00223 19.78239 11.93963 4.13248 2.95852 4.07066 5.42815 5.74251 5.65505 6.80326 9.75488 12.24025 10.78320 6.52339 4.92421
0.48857 0.08229 0.00000 0.38703 -99999.00000 8.45534 8.38075 2.68516 0.26574 0.90383 2.20707 1.90416 0.38715 0.07009 0.17327 1.28645 1.19020 3.10179 11.03839 23.59279 26.37565 19.81128 17.90837 22.82292 28.00679 30.87735 27.30121 18.50888 6.98895 4.37544 9.10569 20.14814 19.15249 15.07125 -99999.00000 -99999.00000 -99999.00000 -99999.00000 -99999.00000 -99999.00000 -99999.00000 -99999.00000 -99999.00000 -99999.00000 29.13355 21.87035 16.74519 16.23412 16.03775 9.87840 7.05876 7.40358 7.67279 11.17786 21.07021 25.59773 22.14834 15.89298 10.66452 8.43139
-99999.00000 -99999.00000 -99999.00000 -99999.00000 -99999.00000 6.67357 7.11839 1.68714 1.08426 3.87255 9.60954 8.22629 4.96228 4.93754 2.90008 1.94720 2.66424 6.56598 14.97118 23.82260 28.63016 22.86308 19.57490 20.40929 28.68866 33.31628 36.51062 29.69921 11.93679 11.27230 17.76796 29.21183 21.07301 12.30568 -99999.00000 -99999.00000 -99999.00000 -99999.00000 -99999.00000 -99999.00000 -99999.00000 -99999.00000 -99999.00000 -99999.00000 -99999.00000 16.61829 18.80433 28.60070 36.48759 24.36806 12.47909 9.54730 11.47839 24.04219 33.44949 30.16914 25.50469 18.86041 12.17609 9.40554
