DATA/RAW-RASTER/CPC/2017/20170531.asc
ncols			60
nrows			40
xllcorner		70.0
yllcorner		20.0
cellsize		0.5
NODATA_value	-99999
0.00000 0.06960 0.16662 0.11064 0.06879 0.00000 0.00000 0.00000 0.03231 0.06632 0.03645 0.16101 0.41181 1.14887 2.14022 2.21541 1.23833 0.84427 1.58125 1.80807 1.21477 0.53694 0.20770 0.07692 0.03009 0.00000 0.00000 0.00000 0.00000 0.00000 0.00000 0.00000 0.00000 0.00000 0.00000 0.00000 0.00000 0.00000 0.00000 0.00000 0.00000 0.00000 0.00000 0.00000 0.00000 0.00000 0.00000 0.00000 0.00000 0.00000 0.00000 0.00000 0.00000 0.00000 0.00000 0.00000 0.00000 0.00000 0.00000 0.00000
0.14894 0.63533 0.67144 0.43545 0.25054 0.00000 0.02121 0.05667 0.16507 0.22996 0.16108 0.11679 0.27990 0.73502 1.13187 1.07109 0.66784 0.46777 0.66868 0.91463 0.87991 0.60398 0.21447 0.04826 0.04024 0.03380 0.02575 0.00000 0.00000 0.00000 0.00000 0.00000 0.00000 0.00000 0.00000 0.00000 0.00000 0.00000 0.00000 0.00000 0.00000 0.00000 0.00000 0.00000 0.00000 0.00000 0.00000 0.00000 0.00000 0.00000 0.00000 0.00000 0.00000 0.06196 0.13789 0.13414 0.11674 0.09782 0.07579 0.04344
1.36478 2.58026 2.13358 1.11299 0.30075 0.06819 0.08949 0.12770 0.35623 0.51730 0.52717 0.52799 0.71429 1.09437 1.28969 1.19794 0.95914 0.75626 0.70018 0.72856 0.69534 0.45148 0.29152 0.22475 0.16257 0.12669 0.09994 0.05407 0.00000 0.00000 0.00000 0.00000 0.00000 0.00000 0.00000 0.00000 0.00000 0.00000 0.00000 0.00000 0.00000 0.00000 0.00000 0.00000 0.00000 0.00000 0.00000 0.00000 0.00000 0.00000 0.00000 0.05675 0.22076 0.50696 0.74457 0.71342 0.61098 0.61013 0.53006 0.30358
2.23758 3.58435 2.63568 1.21162 0.28863 0.10366 0.23736 0.51329 0.77295 0.79070 0.85539 1.01928 1.28487 1.34670 1.40205 1.25091 1.04524 0.90618 0.80935 0.72751 0.66703 0.60962 0.54976 0.48211 0.41064 0.33560 0.26105 0.18306 0.07505 0.00000 0.00000 0.00000 0.00000 0.00000 0.00000 0.00000 0.00000 0.00000 0.00000 0.00000 0.00000 0.00000 0.00000 0.00000 0.00000 0.00000 0.00000 0.00000 0.00000 0.00000 0.00000 0.09778 0.38392 0.99029 1.60718 1.81687 1.62376 1.60383 1.58285 1.41858
1.19500 1.66734 0.97742 0.41808 0.15146 0.13188 0.32785 0.61857 0.84601 0.96213 0.94740 1.09497 1.35156 1.39530 1.27176 1.08844 0.94303 0.88543 0.81313 0.74703 0.71217 0.68589 0.65620 0.61896 0.57231 0.51990 0.45003 0.33382 0.18718 0.06034 0.00000 0.00000 0.00000 0.00000 0.00000 0.00000 0.00000 0.00000 0.00000 0.00000 0.00000 0.00000 0.00000 0.00000 0.00000 0.00000 0.00000 0.00000 0.00000 0.00000 0.00000 0.11716 0.54003 1.29950 1.90166 2.28523 2.43495 2.44297 2.50828 2.60960
0.12715 0.42346 0.18483 0.03449 0.03893 0.11025 0.27724 0.49041 0.71992 0.93879 1.07186 1.18621 1.31414 1.34499 1.21193 1.06264 0.94853 0.86965 0.77809 0.71695 0.69903 0.69055 0.68489 0.67443 0.64425 0.61303 0.57887 0.49581 0.31056 0.12274 0.03253 0.00000 0.00000 0.00000 0.00000 0.00000 0.00000 0.00000 0.00000 0.00000 0.00000 0.00000 0.00000 0.00000 0.00000 0.00000 0.00000 0.00000 0.00000 0.00000 0.04946 0.18868 0.62338 1.12892 1.52817 2.08546 2.86593 3.04355 2.89011 2.83577
0.00000 0.00000 0.00000 0.00000 0.00000 0.00000 0.11622 0.30550 0.48330 0.82256 1.14700 1.28942 1.35634 1.31925 1.23508 1.15502 1.07625 0.96530 0.85129 0.80317 0.77343 0.71560 0.71222 0.72273 0.72148 0.69898 0.68931 0.64045 0.46026 0.21401 0.06503 0.00000 0.00000 0.00000 0.00000 0.00000 0.00000 0.00000 0.02486 0.03274 0.03586 0.05092 0.06678 0.04411 0.00000 0.00000 0.00000 0.00000 0.00000 0.00000 0.04242 0.18400 0.55522 1.09770 1.82530 2.70660 3.37530 3.42882 3.28207 3.00540
0.00000 0.00000 0.00000 0.00000 0.00000 0.00000 0.00000 0.07247 0.35081 0.62276 0.99275 1.26959 1.30550 1.23869 1.16154 1.11238 1.05878 0.99254 0.93370 0.87216 0.87550 0.82070 0.82678 0.86439 0.87233 0.85797 0.84119 0.77008 0.62860 0.33269 0.11377 0.03122 0.00000 0.00000 0.00000 0.02998 0.05148 0.08429 0.12237 0.16395 0.20995 0.26197 0.29659 0.24925 0.13628 0.05737 0.00000 0.00000 0.00000 0.00000 0.03196 0.20000 0.60360 1.23833 2.11996 3.12018 4.23519 4.23661 3.35968 3.14538
0.00000 0.00000 0.00000 0.00000 0.00000 0.00000 0.00000 0.06668 0.44246 0.73919 0.94974 1.01148 1.14510 1.20478 1.10739 1.04345 1.01291 1.02251 0.98948 0.96484 0.95236 0.95234 0.95984 0.97345 0.99019 1.01547 1.03178 1.01988 0.92442 0.63765 0.23279 0.05821 0.00000 0.04491 0.06713 0.10780 0.18867 0.29588 0.40871 0.54451 0.68682 0.77533 0.74767 0.55555 0.29644 0.11168 0.03933 0.04436 0.04529 0.02408 0.02869 0.37233 0.89570 1.83753 2.74212 3.07606 3.38340 3.39361 3.33345 3.68171
0.00000 0.00000 0.00000 0.00000 0.00000 0.00000 0.00000 0.26714 0.78861 1.26104 1.11599 0.96502 1.00172 1.15692 1.24752 1.12964 1.07087 1.22015 1.23231 1.26359 1.31913 1.37011 1.40557 1.45568 1.49814 1.51527 1.54467 1.52869 1.42111 1.11920 0.61495 0.11852 0.00000 0.05027 0.19601 0.32586 0.56683 0.74966 0.91843 1.10013 1.22811 1.29047 1.22563 0.99954 0.63920 0.24907 0.09025 0.15440 0.27068 0.41608 0.65101 0.98132 1.39529 1.87921 1.95017 1.63021 1.46500 1.85746 2.88476 4.01467
0.00000 0.00000 0.00000 0.00000 0.00000 0.00000 0.02117 0.88450 2.02099 2.46791 1.81628 1.04995 0.92661 0.95089 0.95265 0.90614 1.49464 1.67596 1.91078 2.07491 2.19315 2.28992 2.35684 2.47514 2.55517 2.40312 2.29649 2.17434 1.96383 1.56548 0.97943 0.34161 0.17743 0.25489 0.38575 0.60393 0.89103 1.09436 1.28437 1.50852 1.64570 1.76735 1.77776 1.64693 1.45913 1.03537 0.65048 0.56967 0.72189 0.97642 1.16220 1.26731 1.44618 1.64911 1.48904 1.05174 0.89982 1.70842 3.61870 5.38909
0.00000 0.00000 0.00000 0.00000 0.00000 0.00000 0.00000 1.07083 3.06335 2.30362 2.40488 1.76397 1.11670 0.88762 0.74027 0.82093 1.41209 1.99293 2.50451 2.75516 2.83681 2.87056 2.87043 2.91652 2.89044 2.80645 2.71637 2.59608 2.39520 1.89253 1.08346 0.49970 0.29825 0.32236 0.41508 0.55568 0.70896 0.95233 1.25552 1.74564 2.09032 2.14247 2.12076 2.08678 2.08567 1.90192 1.58023 1.47969 1.67109 1.68515 1.48982 1.32299 1.64554 2.18909 2.37876 2.12052 2.18132 3.25236 5.02988 6.53777
0.00000 0.00000 0.00000 0.00000 0.00000 0.00000 0.11946 1.25043 3.28580 3.23351 3.98093 3.16854 1.54266 0.77170 0.54845 0.72038 1.24204 1.97048 2.62074 2.88579 2.92943 2.97762 2.99380 2.98594 2.97741 2.97252 2.98531 2.83466 2.50142 1.81813 0.91701 0.42645 0.28276 0.32218 0.40971 0.52489 0.65096 0.88633 1.26902 1.66464 2.18337 2.42075 2.49611 2.44355 2.31906 2.33483 2.47216 2.63840 3.06295 3.06037 2.55669 2.18237 2.60870 3.51171 3.95633 4.14751 4.54455 5.51770 6.47273 6.77501
0.00000 0.00000 0.00000 0.00000 0.15828 0.42610 1.00516 1.95174 2.36043 3.23423 3.40049 2.45615 1.55915 0.79492 0.53011 0.57756 1.03318 1.96633 2.67483 2.92716 2.99953 3.00674 3.03476 3.02597 3.04705 3.06391 3.09707 2.90938 2.51916 1.55548 0.73389 0.34445 0.29071 0.32291 0.37684 0.45889 0.54095 0.67116 0.90127 1.27608 1.84736 2.60533 3.14609 3.23761 3.34658 3.55148 3.99737 4.65116 4.81594 4.74808 4.66042 4.29326 4.40385 5.32741 5.70646 6.03688 7.32894 8.44519 8.45888 8.29872
0.00000 0.00000 0.00000 0.07374 0.20805 0.49812 1.20117 1.72355 1.16816 0.83800 1.09352 0.90916 0.55412 0.29870 0.20199 0.36270 0.90535 1.82781 2.61435 2.93798 3.06089 3.04232 3.05250 3.03972 3.04314 3.03736 2.98701 2.74264 1.94700 1.14153 0.48652 0.27396 0.29601 0.32942 0.37706 0.42339 0.46827 0.53882 0.67293 0.95319 1.53366 2.54192 3.65251 4.47690 5.31878 6.19974 6.92237 7.09843 6.75849 5.81644 5.27255 5.04480 5.14974 6.13186 6.98106 9.04811 11.41713 12.39213 11.60039 10.69888
0.00000 0.00000 0.00000 0.03569 0.06246 0.13743 0.45214 0.66072 0.22191 0.03656 0.15358 0.05061 0.03071 0.19687 0.46984 0.75998 0.82451 1.43808 2.39060 2.87550 2.98709 3.01281 3.05713 3.08126 3.09506 2.98259 2.72460 2.20244 1.26435 0.65981 0.25880 0.26161 0.29745 0.34402 0.39648 0.42144 0.44195 0.45832 0.51499 0.66755 1.11369 2.27275 3.95341 5.12106 6.28916 7.50616 8.84923 9.33101 8.53071 6.70731 5.22341 4.77236 5.02649 5.75242 7.77100 12.15500 16.88886 17.49870 14.80763 12.01863
0.00000 0.00000 0.00000 0.00000 0.00000 0.03291 0.10669 0.06106 0.00000 0.00000 0.00000 0.00000 0.04666 0.28354 0.98937 0.96178 0.62128 0.89584 1.70395 2.50779 2.90793 3.05422 3.11367 3.11212 2.93635 2.53811 2.06947 1.19147 0.64167 0.18398 0.18279 0.24871 0.29529 0.33876 0.36530 0.38594 0.40529 0.41013 0.42738 0.47921 0.75622 1.96059 4.29287 6.15755 7.02075 7.65286 9.16716 9.26439 8.34469 6.43307 4.87184 4.42339 4.07276 3.94415 5.72318 11.05683 17.84691 20.48553 16.53074 12.31503
0.00000 0.00000 0.00000 0.00000 0.00000 0.00000 0.00000 0.00000 0.00000 0.00000 0.00000 0.06472 0.03819 0.09907 0.28393 0.38625 0.27050 0.36693 0.98414 1.95037 2.71380 3.24329 3.37072 3.06823 2.42119 1.77375 1.15691 0.51628 0.20954 0.08809 0.12324 0.19273 0.27532 0.33321 0.36235 0.38907 0.40423 0.39424 0.40944 0.42751 0.61188 1.70397 4.14484 6.04096 6.88210 7.87873 8.73489 8.37269 6.86416 5.41450 4.26097 3.74665 3.08239 2.32435 2.79425 7.11128 13.99321 16.62006 13.13656 10.00617
0.00000 0.00000 0.00000 0.04874 0.06088 0.00000 0.00000 0.00000 0.00000 0.07901 0.33783 0.32809 0.29432 0.45780 0.48406 0.27190 0.09503 0.13178 1.07881 2.28010 3.22300 3.93510 3.84558 2.89361 1.90570 1.20437 0.70303 0.39553 0.08680 0.00000 0.00000 0.04653 0.15904 0.25935 0.31754 0.36635 0.37911 0.38062 0.39752 0.44967 0.66633 1.44064 3.09780 5.01436 6.28659 7.11010 7.02872 6.36551 5.14435 4.06176 3.18196 2.70674 2.47593 2.22032 2.50649 4.42765 7.19293 7.51576 5.94579 4.49377
0.02336 0.06918 0.06800 0.15525 0.23963 0.13707 0.02415 0.00000 0.08297 0.59103 1.44886 1.41083 0.86777 1.19912 0.98384 0.48939 0.17793 0.43690 2.02835 4.75525 5.35838 5.81792 4.81476 2.95080 1.44324 0.78687 0.48306 0.15314 0.03237 0.00000 0.00000 0.00000 0.00000 0.05797 0.17479 0.25811 0.26722 0.27208 0.29821 0.36231 0.49935 0.68854 1.10189 2.21148 3.59247 4.22200 4.03963 3.26221 3.04775 3.02419 3.12430 2.89707 2.47640 2.41414 2.51601 3.03437 2.88933 1.72475 1.11406 1.10994
0.06681 0.19516 0.36919 0.57454 0.57659 0.35914 0.17653 0.19273 0.60229 1.97741 3.74161 4.13139 3.30977 2.47773 1.44262 0.37144 0.02243 0.65168 2.86045 7.27069 10.83530 12.22727 8.78710 3.59317 1.02314 0.43344 0.24943 0.08250 0.00000 0.00000 0.00000 0.00000 0.00000 0.00000 0.00000 0.00000 0.00000 0.02312 0.09009 0.15346 0.21324 0.19643 0.22774 0.55911 1.16058 1.58785 1.82073 1.90326 2.30326 2.36095 3.09642 3.68616 3.33246 3.20203 2.62355 2.80406 2.26162 1.32926 0.88199 0.63641
0.07730 0.22185 0.54906 0.87945 0.95985 1.00299 1.01070 1.11526 1.71880 3.06901 5.10050 6.72070 5.80476 4.76377 2.97238 0.88805 0.44930 0.48194 2.10400 6.60383 16.78870 20.64669 11.52215 2.99716 0.61030 0.32410 0.12617 0.00000 0.00000 0.00000 0.00000 0.00000 0.00000 0.00000 0.00000 0.00000 0.00000 0.00000 0.00000 0.02089 0.08634 0.09768 0.10970 0.17579 0.28042 0.51971 1.02049 1.92937 2.54518 4.01849 5.32126 6.31470 6.62360 5.91019 5.00441 4.75072 4.98416 4.55783 3.47671 1.60157
0.02301 0.08908 0.38734 0.84289 1.42637 2.25812 2.85935 3.11033 3.36354 3.29224 3.47603 4.23233 5.35628 6.48818 7.38497 5.72445 4.41209 1.32161 0.66836 2.84436 10.01390 12.98370 6.41083 1.31892 0.44281 0.21560 0.03071 0.00000 0.00000 0.00000 0.00000 0.00000 0.00000 0.00000 0.00000 0.00000 0.05675 0.07342 0.04793 0.04517 0.08874 0.10896 0.07151 0.00000 0.03652 0.14196 0.72900 2.42777 6.80975 14.63568 18.62914 19.44573 11.66655 10.27617 9.49631 9.25074 9.21451 8.98422 7.33118 3.66875
0.00000 0.07332 0.29987 0.81863 1.84257 3.32279 4.37622 4.87052 5.75284 5.31980 4.55779 3.55862 4.86188 6.43197 9.74700 13.76759 14.96579 8.23431 0.46085 0.11858 1.61992 2.48806 1.69139 0.31419 0.00000 0.00000 0.00000 0.00000 0.00000 0.00000 0.00000 0.00000 0.00000 0.00000 0.00000 0.10326 0.22996 0.23079 0.09849 0.10458 0.21692 0.08798 0.00000 0.00000 0.00000 0.14812 1.81097 7.85619 16.86800 27.02854 38.15028 40.24639 27.34679 15.87734 15.55149 14.38593 14.28287 11.49556 8.53479 5.79537
0.00000 0.02507 0.19267 0.52164 1.21116 2.62394 4.22093 5.90955 9.40339 12.73150 13.75218 10.60470 6.09143 4.09542 8.64830 15.05738 18.00918 12.10407 4.27303 0.18166 0.00000 0.00000 0.00000 0.00000 0.00000 0.00000 0.00000 0.00000 0.03298 0.18648 0.00000 0.00000 0.00000 0.00000 0.00000 0.21398 0.71474 0.60274 0.21765 0.38689 0.75563 1.09848 0.47508 0.00000 0.08366 0.87896 4.48808 11.20411 15.85733 18.35304 24.65528 29.10399 29.22931 17.90268 18.53054 21.43129 21.16031 17.82009 8.12830 4.59971
0.00000 0.00000 0.00000 0.10062 0.27103 1.05247 2.64633 5.14075 8.76894 13.18412 17.89816 19.65864 12.72603 6.28118 7.55729 8.33126 9.81439 10.00928 4.51554 0.03304 0.00000 0.00000 0.00000 0.00000 0.00000 0.00000 0.00000 0.00000 0.26627 0.86161 0.67234 0.08451 0.00000 0.03843 0.28885 0.09640 0.98522 1.41271 0.94125 1.10456 2.58097 4.95599 3.41304 0.78466 1.18316 2.89752 5.49887 9.05282 9.01494 7.12149 8.70741 13.51490 17.13797 19.35741 21.04116 21.07556 16.79941 11.49281 4.78248 2.49849
0.00000 0.00000 0.00000 0.00000 0.00000 0.28194 0.99605 2.53282 4.05241 7.46798 17.22974 26.90358 21.04039 12.82504 10.22900 11.17929 13.20629 12.23030 4.74290 0.00000 0.00000 0.00000 0.00000 0.00000 0.00000 0.00000 0.00000 0.00000 0.16110 0.46150 0.42562 0.08386 0.00000 0.14960 0.46696 0.24858 0.02130 0.22897 0.45060 1.49812 6.39474 10.80879 5.90226 0.54131 0.91945 2.89143 3.27847 2.37175 2.13733 4.42678 6.78030 9.62211 12.51218 13.11854 13.95750 13.41217 10.06536 5.83434 2.60730 1.19673
0.00000 0.00000 0.00000 0.00000 0.00000 0.00000 0.19072 0.86063 1.45544 3.24064 10.07549 16.65014 15.96708 12.68430 11.72480 15.43192 20.70653 15.74549 5.94902 0.16894 0.00000 0.00000 0.00000 0.00000 0.00000 0.00000 0.00000 0.00000 0.00000 0.00000 0.00000 0.00000 0.00000 0.00000 0.04201 0.02573 0.00000 0.00000 0.00000 1.25710 9.20723 15.24205 6.27539 1.23616 0.47511 0.67480 0.88664 2.29862 4.60395 6.38989 7.88565 9.02057 7.56109 5.67490 7.20363 8.54858 7.27913 4.34429 2.10055 1.01423
0.00000 0.00000 0.00000 0.00000 0.00000 0.00000 0.03700 0.28625 0.86567 1.75244 3.42655 5.31317 8.31149 9.64261 8.61196 11.05126 18.37437 16.05016 7.97064 1.88695 0.03083 0.05072 0.10486 0.00000 0.00000 0.00000 0.00000 0.00000 0.00000 0.00000 0.00000 0.00000 0.00000 0.00000 0.00000 0.00000 0.00000 0.00000 0.65644 4.95171 14.53069 20.98959 19.64550 10.78741 8.03844 3.73433 1.88578 5.83234 10.66907 10.55280 10.47692 7.51924 4.41648 4.29354 5.16347 7.39320 8.10726 5.04423 1.99802 1.07892
0.00000 0.00000 0.00000 0.00000 0.00000 0.00000 0.00000 0.04913 0.31418 0.53517 0.66751 1.18017 4.18676 6.17243 5.06779 5.25848 10.24241 11.77654 12.24746 5.85974 0.99268 0.67050 0.59074 0.16896 0.00000 0.00000 0.00000 0.00000 0.00000 0.00000 0.00000 0.00000 0.00000 0.00000 0.00000 0.00000 0.00000 0.22108 3.29315 15.21411 37.10147 57.99986 63.90651 57.64231 44.57264 22.91881 9.90623 10.54434 10.75230 10.64434 10.49565 6.93848 3.99701 3.76126 4.06410 7.05545 9.45300 6.29560 1.95834 1.23908
0.00000 0.00000 0.00000 0.00000 0.00000 0.00000 0.00000 0.00000 0.00000 0.06663 0.30437 0.95034 2.46667 4.05251 4.97795 5.13228 7.09387 9.40279 11.30665 5.87517 1.89786 1.85444 0.77982 0.14974 0.00000 0.00000 0.00000 0.00000 0.00000 0.00000 0.00000 0.03418 0.00000 0.00000 0.00000 0.00000 0.00000 0.81259 5.70588 22.54379 55.69616 83.19080 106.78058 103.31488 77.72247 51.72057 27.02312 15.39207 13.06541 12.31362 11.51151 7.29336 3.78885 2.77899 3.15318 5.56565 7.08715 5.95555 2.54046 2.01789
0.00000 0.00000 0.00000 0.00000 0.00000 0.00000 0.00000 0.00000 0.00000 0.00000 0.13636 0.46614 1.09964 1.91034 3.45663 3.83097 3.96851 4.63470 6.05175 4.56825 2.63368 1.83688 0.71834 0.17361 0.12896 0.27818 0.29026 0.12091 0.05104 0.17922 0.30521 0.34344 0.14682 0.00000 0.00000 0.00000 0.11073 0.79244 6.52555 22.27800 40.50166 61.58448 88.80839 97.92365 77.65816 43.58327 18.37181 15.51203 13.77176 11.91884 9.49747 5.73163 2.97734 1.56884 1.24366 2.09901 3.59576 4.60430 3.11872 2.63167
0.00000 0.00000 0.00000 0.00000 0.00000 0.00000 0.00000 0.00000 0.00000 0.02938 0.02108 0.00000 0.04287 0.19845 0.81167 0.86535 0.63369 0.99513 2.85682 3.12656 2.00600 0.86451 0.53458 0.57060 0.81933 1.25048 1.33451 0.82636 0.49852 0.74832 1.07326 0.81555 0.23977 0.00000 0.00000 0.00000 0.68454 3.83352 12.82838 30.37221 34.25183 52.73813 80.06405 76.60787 54.60168 20.04049 10.45861 8.87358 7.61804 6.66381 4.88390 3.31697 2.03834 1.03931 0.89727 1.00968 2.11902 3.68973 3.91560 3.35761
0.00000 0.00000 0.00000 0.00000 0.00000 0.00000 0.00000 0.00000 0.15522 0.24413 0.22866 0.08743 0.08566 0.00000 0.00000 0.00000 0.00000 0.31500 1.11701 1.75455 1.39349 0.55158 0.56718 1.17105 1.64538 2.16170 2.49794 1.91173 1.26705 1.30607 1.61778 0.98609 0.20762 0.00000 0.00000 0.39048 2.92503 7.51176 15.44244 28.24955 41.69200 52.62747 59.55268 60.99123 53.87558 25.40647 8.59559 5.03539 4.11159 3.97032 2.73947 1.83137 1.17888 0.75051 0.69023 0.83356 1.96868 3.52148 4.22624 3.79207
0.00000 0.00000 0.00000 0.00000 0.00000 0.00000 0.00000 0.00000 0.36522 0.84431 1.15257 0.87372 2.04339 1.51341 0.35884 0.00000 0.00000 0.00000 0.18911 0.64287 0.53190 0.40916 0.82071 1.60831 1.83763 2.15291 2.25079 1.65476 1.12250 1.17015 1.09686 0.64859 0.09439 0.00000 0.00000 0.73024 6.08521 8.23200 5.77502 9.76179 12.50542 15.97356 30.05811 40.20715 47.42578 33.33986 14.33615 5.81828 4.17337 3.76711 2.80029 1.60833 0.77526 0.49420 0.52967 0.63106 1.81869 2.91982 3.24901 3.04444
0.00000 0.00000 0.00000 0.00000 0.00000 0.00000 0.00000 0.05011 0.40035 0.85097 1.30427 2.94876 7.64090 8.35258 3.40017 0.09162 0.00000 0.00000 0.00000 0.04216 0.04698 0.09591 0.54624 1.21073 1.55523 1.54273 1.11131 0.51236 0.30059 0.43643 0.88124 0.82102 0.79004 1.12663 0.31569 0.17248 1.18277 1.90901 1.75288 2.86467 3.57388 7.54243 16.94376 19.77479 30.31495 31.28001 19.68126 7.22789 3.79609 3.19589 2.73166 2.17371 1.07544 0.76225 0.74788 0.87267 2.01067 3.44826 4.12524 5.90529
0.00000 0.00000 0.00000 0.00000 0.00000 0.00000 0.00000 0.00000 0.13825 0.37623 0.60808 3.39480 12.51387 13.22662 5.68205 0.27590 0.05088 0.06167 0.00000 0.00000 0.00000 0.00000 0.13056 0.79788 1.02655 0.69891 0.29760 0.06186 0.27723 1.04346 2.18527 1.72973 2.89548 4.38748 3.11668 0.72697 0.30239 0.10184 0.55258 1.24833 2.49563 -99999.00000 -99999.00000 18.14761 18.99859 19.90202 16.87294 7.52265 3.16162 2.99585 3.02221 3.07844 2.43858 2.17306 1.90026 1.57686 3.29251 5.78362 7.44087 10.60636
0.00000 0.00000 0.00000 0.00000 0.00000 0.00000 0.00000 0.00000 0.00000 0.11324 0.49408 2.66141 7.10643 7.09850 3.09060 0.39013 1.05370 1.09873 0.37357 0.04543 0.00000 0.00000 0.06992 0.79435 0.78356 0.30542 0.00000 0.00000 1.95328 8.71106 10.67571 5.84102 4.58501 6.06396 5.11343 -99999.00000 -99999.00000 -99999.00000 -99999.00000 -99999.00000 -99999.00000 -99999.00000 -99999.00000 10.87695 8.95545 8.74693 8.70701 5.97379 3.08378 2.77709 3.41905 3.54478 4.01631 4.22423 4.62124 5.50652 7.19230 8.25185 8.81427 10.39972
0.00000 0.00000 0.00000 0.00000 -99999.00000 0.00000 0.00000 0.00000 0.00000 0.02962 0.67161 2.61742 4.64108 2.51411 0.55235 0.35232 2.10434 4.08954 3.63389 1.45694 0.46001 0.00000 0.00000 0.54103 0.49897 0.03566 0.00000 0.08047 3.07569 12.64393 16.85110 6.30812 2.66332 3.27481 -99999.00000 -99999.00000 -99999.00000 -99999.00000 -99999.00000 -99999.00000 -99999.00000 -99999.00000 -99999.00000 -99999.00000 3.60002 3.40039 3.84233 3.92257 3.22188 2.40601 2.71545 3.91472 4.75250 6.55922 10.65464 11.79453 10.02181 8.18190 7.73994 8.83056
-99999.00000 -99999.00000 -99999.00000 -99999.00000 -99999.00000 0.00000 0.00000 0.00000 0.00000 0.04726 0.84405 2.55762 4.05867 2.21337 0.47525 0.22461 1.69444 6.12878 10.98942 7.42099 3.76295 0.96612 0.00000 0.26199 0.08312 0.00000 0.00000 0.00000 1.26241 6.93104 7.73954 1.74816 0.22207 0.64193 -99999.00000 -99999.00000 -99999.00000 -99999.00000 -99999.00000 -99999.00000 -99999.00000 -99999.00000 -99999.00000 -99999.00000 -99999.00000 2.02967 2.26744 2.31904 2.24588 2.50116 3.25956 4.30872 5.87301 11.56720 14.92975 13.29977 10.62483 7.38036 5.45933 6.11033
