DATA/RAW-RASTER/CPC/2017/20170810.asc
ncols			60
nrows			40
xllcorner		70.0
yllcorner		20.0
cellsize		0.5
NODATA_value	-99999
0.02667 0.16005 0.29545 0.31581 0.22418 0.11376 0.02224 0.00000 0.00000 0.00000 0.00000 0.00000 0.00000 0.11251 0.35373 0.43617 0.34973 0.30424 0.39943 0.39048 0.24030 0.10040 0.03696 0.00000 0.00000 0.00000 0.00000 0.00000 0.00000 0.00000 0.00000 0.00000 0.00000 0.00000 0.00000 0.00000 0.00000 0.00000 0.00000 0.00000 0.00000 0.00000 0.00000 0.00000 0.00000 0.00000 0.00000 0.00000 0.00000 0.00000 0.00000 0.00000 0.00000 0.00000 0.00000 0.00000 0.00000 0.00000 0.00000 0.00000
0.02840 0.18635 0.44459 0.51628 0.31477 0.12399 0.00000 0.00000 0.00000 0.00000 0.00000 0.00000 0.00000 0.02175 0.05554 0.10523 0.16930 0.18524 0.21645 0.22815 0.16361 0.07325 0.02663 0.00000 0.00000 0.00000 0.00000 0.00000 0.00000 0.00000 0.00000 0.00000 0.00000 0.00000 0.00000 0.00000 0.00000 0.00000 0.00000 0.00000 0.00000 0.00000 0.00000 0.00000 0.00000 0.00000 0.00000 0.00000 0.00000 0.00000 0.00000 0.00000 0.00000 0.00000 0.00000 0.00000 0.00000 0.00000 0.03777 0.02642
0.00000 0.07806 0.21317 0.27283 0.18219 0.05249 0.00000 0.00000 0.00000 0.00000 0.00000 0.00000 0.00000 0.00000 0.00000 0.00000 0.02121 0.06403 0.08021 0.09423 0.04874 0.00000 0.00000 0.00000 0.00000 0.00000 0.00000 0.00000 0.00000 0.00000 0.00000 0.00000 0.00000 0.00000 0.00000 0.00000 0.00000 0.00000 0.00000 0.00000 0.00000 0.00000 0.00000 0.00000 0.00000 0.00000 0.00000 0.00000 0.00000 0.00000 0.00000 0.00000 0.00000 0.00000 0.00000 0.00000 0.03288 0.19037 0.27619 0.19589
0.00000 0.00000 0.04781 0.07432 0.03821 0.00000 0.00000 0.00000 0.00000 0.00000 0.00000 0.00000 0.00000 0.00000 0.00000 0.00000 0.00000 0.00000 0.00000 0.00000 0.00000 0.00000 0.00000 0.00000 0.00000 0.00000 0.00000 0.00000 0.00000 0.00000 0.00000 0.00000 0.00000 0.00000 0.00000 0.00000 0.00000 0.00000 0.00000 0.00000 0.00000 0.00000 0.00000 0.00000 0.00000 0.00000 0.00000 0.00000 0.00000 0.00000 0.00000 0.00000 0.00000 0.00000 0.00000 0.03749 0.24091 0.54496 0.88089 1.04404
0.00000 0.00000 0.00000 0.00000 0.00000 0.00000 0.00000 0.00000 0.00000 0.00000 0.00000 0.00000 0.00000 0.00000 0.00000 0.00000 0.00000 0.00000 0.00000 0.00000 0.00000 0.00000 0.00000 0.00000 0.00000 0.00000 0.00000 0.00000 0.00000 0.00000 0.00000 0.00000 0.00000 0.00000 0.00000 0.00000 0.00000 0.00000 0.00000 0.00000 0.00000 0.00000 0.00000 0.00000 0.00000 0.00000 0.00000 0.00000 0.00000 0.00000 0.00000 0.00000 0.00000 0.00000 0.00000 0.05583 0.25937 0.72710 1.37549 1.95132
0.00000 0.00000 0.00000 0.00000 0.00000 0.00000 0.00000 0.00000 0.00000 0.00000 0.00000 0.00000 0.00000 0.00000 0.00000 0.00000 0.00000 0.00000 0.00000 0.00000 0.00000 0.00000 0.00000 0.00000 0.00000 0.00000 0.00000 0.00000 0.00000 0.00000 0.00000 0.00000 0.00000 0.00000 0.00000 0.00000 0.00000 0.00000 0.00000 0.00000 0.00000 0.00000 0.02972 0.04953 0.06970 0.06099 0.04560 0.03113 0.00000 0.00000 0.00000 0.00000 0.00000 0.00000 0.00000 0.03371 0.17897 0.59497 1.30113 1.96469
0.00000 0.00000 0.00000 0.00000 0.00000 0.00000 0.00000 0.00000 0.00000 0.00000 0.00000 0.00000 0.00000 0.00000 0.00000 0.00000 0.00000 0.00000 0.00000 0.00000 0.00000 0.00000 0.00000 0.00000 0.00000 0.00000 0.00000 0.00000 0.00000 0.00000 0.00000 0.00000 0.00000 0.00000 0.00000 0.00000 0.00000 0.02971 0.05416 0.07587 0.09970 0.16038 0.24841 0.31995 0.32619 0.26897 0.17620 0.08401 0.02789 0.00000 0.00000 0.00000 0.00000 0.00000 0.00000 0.02578 0.07918 0.31613 0.88919 1.46258
0.00000 0.38405 0.30479 0.12998 0.43168 0.75041 0.84187 0.67279 0.52390 0.25346 0.04583 0.00000 0.00000 0.00000 0.00000 0.00000 0.00000 0.00000 0.00000 0.00000 0.00000 0.00000 0.00000 0.00000 0.00000 0.00000 0.00000 0.00000 0.00000 0.00000 0.00000 0.00000 0.00000 0.00000 0.02516 0.04659 0.08792 0.15433 0.23952 0.35708 0.54308 0.79233 1.08527 1.22673 0.97509 0.73669 0.51975 0.26787 0.10278 0.03585 0.03529 0.02863 0.03338 0.09436 0.09268 0.05999 0.08299 0.27143 0.54589 0.91722
0.55365 2.35118 2.28299 1.41860 2.55294 2.76986 1.88805 1.48232 1.20338 0.74814 0.27936 0.13517 0.00000 0.00000 0.00000 0.00000 0.00000 0.00000 0.00000 0.00000 0.00000 0.00000 0.00000 0.00000 0.00000 0.00000 0.00000 0.00000 0.00000 0.00000 0.00000 0.00000 0.03442 0.07765 0.10881 0.17466 0.31840 0.56246 0.85595 1.25841 1.72083 2.15686 2.36182 2.17523 1.73080 1.42776 1.22687 0.98471 0.54506 0.35476 0.38996 0.54434 0.64641 0.64103 0.57227 0.48178 0.52043 0.61138 0.69917 0.75578
2.42467 6.28046 9.44782 12.09236 9.81215 7.18696 4.70142 1.86109 1.11837 0.84591 0.31191 0.10907 0.05901 0.00000 0.00000 0.00000 0.00000 0.00000 0.00000 0.00000 0.00000 0.00000 0.00000 0.00000 0.00000 0.00000 0.00000 0.00000 0.00000 0.08047 0.19875 0.29695 0.28996 0.29132 0.41077 0.48562 1.10184 1.54634 1.93578 2.39045 2.75960 3.03048 3.05009 2.75036 2.23373 1.66561 1.43880 1.58508 1.85250 2.15384 2.58432 2.99728 2.91526 2.31215 1.59967 1.26154 1.20896 1.12878 1.03441 0.71140
2.51162 7.12714 15.23810 16.80893 9.66776 7.83409 6.86276 4.06579 1.70296 0.73021 0.23412 0.07471 0.08068 0.07924 0.07123 0.17096 0.14777 0.02870 0.00000 0.00000 0.00000 0.00000 0.00000 0.00000 0.00000 0.00000 0.00000 0.00000 0.10058 0.34538 0.81541 1.16406 1.31802 1.51711 1.56895 1.63474 1.99251 2.25606 2.62706 3.04365 3.36243 3.67841 3.77648 3.53766 3.27869 2.73179 2.28234 2.40712 3.20432 4.27472 4.99084 5.09949 4.88034 4.00163 2.64515 1.69083 1.36610 1.31833 1.07382 0.61133
2.91612 4.92262 9.44112 10.07105 7.08730 7.82889 8.07525 4.77921 1.65468 0.34513 0.10703 0.10209 0.13261 0.19018 0.27103 0.30863 0.38177 0.23772 0.03903 0.00000 0.00000 0.00000 0.00000 0.00000 0.00000 0.00000 0.00000 0.04843 0.20752 0.67177 1.45378 2.00210 2.20778 2.13296 2.04835 2.04605 2.08598 2.27688 2.72239 3.34161 3.91926 4.11100 4.11978 4.01687 3.96656 3.78439 3.63091 4.15961 5.55389 6.28263 6.08494 5.62985 5.91782 5.86031 4.83053 3.17202 1.99108 1.25426 0.60940 0.28117
4.56217 4.92288 6.28463 6.29781 5.97232 8.33065 11.22013 6.82222 2.54963 0.36986 0.18737 0.34529 0.36619 0.33853 0.39722 0.42370 0.41052 0.22147 0.08035 0.02107 0.00000 0.00000 0.00000 0.00000 0.00000 0.00000 0.00000 0.07348 0.31564 1.06848 2.00441 2.35812 2.52758 2.45523 2.40115 2.25865 2.05173 2.07945 2.42094 2.85872 3.63825 4.25802 4.52310 4.44416 4.22571 4.32800 4.89534 6.11966 8.66476 10.01315 9.04213 7.70108 7.67601 7.96016 7.36519 5.73221 3.44769 1.54616 0.49373 0.19446
3.83090 3.97520 4.09463 3.76981 3.98853 5.32318 5.49589 4.17734 2.43386 2.04727 1.32962 1.08340 1.33373 1.29394 1.15382 0.84207 0.57621 0.24326 0.05788 0.00000 0.00000 0.00000 0.00000 0.00000 0.00000 0.00000 0.00000 0.10328 0.49674 1.50851 2.53780 2.96754 3.06621 2.99812 2.85893 2.65061 2.30436 1.92615 1.64761 1.73289 2.34140 3.43657 4.37716 4.67051 5.05323 5.32043 6.13229 8.38974 11.46168 14.21565 15.05205 13.35397 11.08228 10.18322 9.48181 7.97285 5.61888 3.06977 1.54762 1.27989
1.87585 1.54393 1.19535 1.15543 1.08762 1.51936 1.58564 1.03336 1.76527 3.97922 4.16557 3.82117 4.90247 3.40420 1.90399 1.09720 0.70344 0.23746 0.04060 0.00000 0.00000 0.00000 0.00000 0.00000 0.00000 0.00000 0.03076 0.15261 0.67993 1.79552 2.65924 3.27598 3.37516 3.30472 3.30624 3.10273 2.70373 2.06447 1.42245 1.05850 1.19598 1.85893 2.80913 3.70352 4.99698 6.23296 7.47370 9.08593 12.32782 15.39388 16.49676 15.58479 13.44352 12.25543 11.51002 10.54000 7.33117 4.60363 3.33591 3.27303
0.41332 0.27029 0.20844 0.23046 0.17780 0.16401 0.17596 0.35250 0.51310 1.77471 3.36072 4.82141 6.64017 4.66503 2.17091 1.96486 0.73739 0.18101 0.00000 0.00000 0.00000 0.00000 0.00000 0.00000 0.02670 0.04322 0.06722 0.22377 0.90746 1.95963 2.87421 3.47278 3.59259 3.69838 3.95239 3.77201 3.27486 2.38377 1.38363 0.69570 0.56967 1.05340 1.89121 2.60344 3.63766 5.49956 7.66701 8.97346 11.11106 14.13101 15.20823 15.61667 16.87228 17.16045 16.70072 13.35887 8.40351 5.32126 4.10351 3.82689
0.03186 0.00000 0.00000 0.00000 0.00000 0.00000 0.00000 0.00000 0.11514 0.29890 0.79344 2.15088 2.81852 3.08834 1.88703 2.96475 1.13218 0.19275 0.09646 0.07146 0.03669 0.02120 0.03381 0.06181 0.09074 0.12376 0.21369 0.34194 1.15055 2.38046 3.27248 3.80803 3.70948 3.68770 3.74051 3.75782 3.60585 2.83558 1.56861 0.50258 0.26322 0.72783 1.62441 2.24517 2.80411 4.55208 7.41985 8.30457 9.92723 12.89163 14.78710 16.43942 19.92626 24.06813 25.47733 18.14566 9.15385 5.95644 4.60384 3.08254
0.00000 0.00000 0.00000 0.00000 0.00000 0.00000 0.00000 0.00000 0.00000 0.00000 0.00000 0.19335 0.58651 2.80026 4.81563 4.00475 1.87321 0.54268 0.26399 0.20298 0.18065 0.19205 0.21185 0.24187 0.28403 0.51635 0.93937 0.75568 1.25929 2.09264 2.86521 3.48380 3.99486 4.13512 4.16959 4.29169 4.24533 3.63782 2.31554 0.71523 0.31130 0.79840 1.64343 2.13506 2.75408 4.85786 8.30437 10.39857 12.07946 14.84050 15.22016 15.90005 21.38460 29.33555 33.51331 25.76928 15.07419 9.95445 7.38759 6.21944
0.00000 0.00000 0.00000 0.00000 0.00000 0.00000 0.00000 0.00000 0.00000 0.00000 0.00000 0.00000 0.31393 1.35442 4.16612 5.12456 3.55129 1.14467 0.77299 0.65941 0.47390 0.53892 0.64117 0.73374 1.32387 2.00683 2.55398 1.98822 1.82248 1.83573 2.33995 2.97758 3.76762 4.38567 4.72021 4.97686 4.68807 4.38393 3.61238 2.07207 1.35888 1.70281 2.36481 3.25994 4.56001 8.03073 13.94573 20.34312 24.51920 23.75159 18.35441 16.66577 23.04351 33.03403 34.72737 27.72936 20.10769 16.24094 14.32875 13.85597
0.00000 0.00000 0.00000 0.00000 0.00000 0.00000 0.00000 0.00000 0.00000 0.00000 0.00000 0.28371 0.97052 0.34186 1.74272 5.05329 4.17513 1.52943 2.69810 2.87300 1.60455 1.41564 1.81740 2.68431 3.46841 4.59192 4.85138 3.19995 2.10036 1.48885 1.81093 2.41463 3.20059 4.18511 5.50646 6.82626 7.32433 7.31568 6.98491 5.12803 3.64845 3.06008 3.11482 4.65049 7.96092 14.59141 24.97081 34.58307 45.09591 41.57606 34.64275 28.24151 26.78872 30.79488 30.00548 24.78814 20.06620 18.35035 18.66730 20.23267
0.00000 0.00000 0.00000 0.00000 0.00000 0.00000 0.00000 0.00000 0.00000 0.00000 0.00000 0.08845 0.26353 0.05081 0.39367 1.27265 1.77042 4.97170 7.45602 5.92032 5.59684 5.59482 6.83172 8.04588 7.55132 6.37049 5.46808 4.05572 2.63761 1.32928 1.15076 1.45838 1.93127 2.89209 5.02422 8.15503 11.20899 12.58144 11.41221 8.56819 5.22754 3.53325 3.32937 5.21654 10.74772 19.77199 29.99738 41.27636 56.22089 47.89503 44.33712 38.84095 32.20426 30.18236 21.56238 19.45338 17.49034 17.31340 18.86544 19.59450
0.00000 0.00000 0.00000 0.00000 0.00000 0.00000 0.00000 0.00000 0.00000 0.00000 0.00000 0.00000 0.00000 0.00000 0.00000 0.16109 2.66258 11.86070 27.81416 23.18129 19.93031 17.06602 15.69409 13.07804 14.88099 14.42474 8.32478 5.10211 3.12515 1.65128 0.79889 0.72130 0.85777 1.20739 2.64317 6.22539 11.05322 13.97540 12.15521 9.18367 6.00773 4.05545 4.18302 6.79760 12.25172 18.86395 28.27458 44.40203 51.40532 61.79641 54.08604 45.36512 41.98632 36.57530 23.17499 16.11163 16.56164 16.98538 17.43303 15.29926
0.00000 0.00000 0.00000 0.00000 0.00000 0.00000 0.00000 0.00000 0.00000 0.00000 0.00000 0.00000 0.00000 0.00000 0.00000 0.00000 2.58746 13.95351 28.21636 32.60752 31.43376 27.08469 23.18236 22.10124 24.47384 21.58200 14.32826 8.79847 5.25836 2.84893 1.54918 0.76670 0.63534 0.54356 1.31874 4.79509 9.95095 11.97615 10.46292 8.87737 7.93910 7.10601 8.12679 10.17933 12.12983 14.35512 20.46138 35.46935 70.87121 121.82037 116.18250 105.14240 54.48054 39.57949 25.18712 17.98242 16.99754 17.89632 18.44038 15.36550
0.00000 0.00000 0.00000 0.00000 0.00000 0.00000 0.00000 0.00000 0.00000 0.00000 0.00000 0.00000 0.00000 0.00000 0.00000 0.00000 2.55665 11.08230 19.62604 26.87693 29.65810 27.80425 26.47950 25.47983 24.79481 19.58349 14.16856 11.23357 10.50479 9.13099 5.17653 2.70036 1.78051 1.53647 2.50277 5.99052 9.77326 10.48071 8.74849 9.68380 11.38153 11.58141 12.08884 13.02746 11.93001 12.70493 32.13178 74.69219 121.29945 158.17268 196.53934 204.24545 132.08134 55.74554 31.32512 20.45259 18.50585 17.57050 17.00011 17.58538
0.00000 0.00000 0.00000 0.00000 0.00000 0.00000 0.00000 0.00000 0.00000 0.00000 0.00000 0.00000 0.00000 0.00000 0.00000 0.00000 1.35239 7.48501 16.20363 22.58758 24.85409 24.82606 23.61350 22.90147 23.79786 16.81385 10.75950 9.68828 13.23408 17.65127 17.31460 10.63553 6.91553 6.37681 6.89205 11.66101 17.17846 12.29626 10.17233 15.15731 19.85252 24.97780 21.48374 15.42515 19.84472 37.14417 63.01767 89.28849 99.67874 109.33427 130.99937 146.04643 142.52031 67.71504 37.00656 27.44581 21.93702 21.40292 15.64455 13.86129
0.00000 0.00000 0.00000 0.00000 0.00000 0.00000 0.00000 0.00000 0.00000 0.00000 0.00000 0.00000 0.00000 0.00000 0.00000 0.00000 0.93946 5.44787 11.92956 16.16902 19.38779 23.51551 25.13698 23.61506 19.91657 12.50585 8.07639 9.21134 16.90610 25.82781 28.87016 23.24435 16.18919 12.13654 11.22613 20.80626 34.41773 26.25620 25.05947 25.58232 36.44191 57.69502 61.42891 41.75078 64.40993 83.13195 85.50140 74.95666 55.65118 48.27987 53.80795 72.21236 83.73171 72.33049 42.85942 27.58512 19.03877 16.23171 11.15590 8.01004
0.00000 0.00000 0.00000 0.00000 0.00000 0.00000 0.00000 0.00000 0.00000 0.00000 0.04613 0.03730 0.00000 0.00000 0.06055 0.15022 1.11343 5.06837 9.63665 10.55837 11.79525 21.46223 24.94932 22.07055 14.65679 8.07542 5.91767 9.69216 21.28702 33.14536 38.06011 31.47088 22.14038 15.31450 12.40507 25.04081 44.70784 53.68893 34.85458 33.60801 59.66867 81.89348 72.10235 54.65704 66.19151 77.29140 61.18835 35.38525 27.10115 33.04611 41.22013 52.27117 61.12601 45.93724 27.13245 17.37218 11.07784 8.44026 5.89112 4.00759
0.00000 0.00000 0.00000 0.00000 0.00000 0.00000 0.00000 0.00000 0.00000 0.17036 0.56710 0.72186 0.40427 0.41698 0.88619 0.64061 1.15999 4.80285 10.77973 8.41200 3.11422 8.94548 15.38649 13.69107 8.66749 5.45919 6.80844 13.81386 27.76427 37.71738 38.37706 32.34034 25.52614 21.50580 18.84939 34.12342 55.65699 72.96230 43.53757 43.01010 73.49593 85.81634 58.65669 44.78561 36.93185 34.09575 27.67899 16.54069 15.37164 19.56894 27.26868 34.65326 28.04173 14.59207 10.90252 8.46402 6.92470 5.15724 3.50299 2.35068
0.00000 0.00000 0.00000 0.00000 0.00000 0.00000 0.00000 0.00000 0.03392 0.41970 1.46892 1.97896 1.54516 2.53407 1.54837 0.54267 0.66645 3.69973 9.35983 6.74693 1.80324 3.13716 5.46583 4.93565 3.06573 2.10361 5.03651 14.49099 29.40968 36.09548 31.83668 30.36072 28.03630 28.68387 29.85556 39.80798 54.65481 66.04902 67.30794 62.95744 72.97853 84.37234 108.85175 121.08878 77.91876 23.93194 7.31239 5.18533 3.87571 6.00895 10.92138 12.05978 7.82432 6.46557 5.23761 6.31078 6.90540 4.95702 3.11007 2.05733
0.00000 0.09051 0.14740 0.20999 0.27002 0.08983 0.00000 0.00000 0.00000 0.33173 1.58039 1.91866 1.80052 2.47395 1.73285 0.32128 0.00000 0.86023 3.85722 3.04538 1.32864 1.21732 0.81449 0.61790 1.01971 0.37111 2.03132 10.14781 19.84725 22.99944 21.60036 24.76837 30.98882 38.59251 35.58233 44.77275 49.17795 34.85435 49.78574 56.88083 65.58596 103.89192 175.03928 217.74394 125.81061 33.09782 5.67009 2.13411 0.66709 1.20293 2.92161 3.78744 4.48403 5.51929 5.11023 7.14179 8.12753 6.34998 4.09316 3.16029
0.00000 0.47876 0.97031 1.43764 1.40921 0.61901 0.45112 0.07929 0.00000 0.13175 0.73817 0.88979 1.17122 1.95423 2.80479 1.57360 0.14669 0.30207 1.29024 1.36081 0.75530 0.71332 0.07362 0.39591 0.97366 0.41874 0.99306 6.41005 9.84628 10.06334 11.85045 17.24711 26.76016 33.00774 30.88478 35.67067 37.08491 33.89811 48.30231 47.15886 46.85065 76.19183 128.23773 109.38955 55.96689 19.22649 6.00881 1.51655 0.46953 0.56652 1.46001 2.95424 5.35163 7.68171 9.01404 11.65110 9.75323 7.84399 4.73215 4.42874
0.60977 1.47136 2.44506 3.12441 3.57881 3.02397 2.38164 0.96534 0.29288 0.00000 0.09797 0.26821 0.05993 0.15907 1.47125 1.40794 0.62510 0.63453 0.53711 0.29593 0.46914 0.48458 0.06814 0.98409 2.41967 4.92813 6.13819 4.49562 3.88439 5.36177 6.71323 9.76469 14.68956 19.13180 21.65914 20.00877 22.07825 36.33340 50.49316 35.97251 34.93869 54.81307 79.52622 65.28808 30.40105 15.94389 5.43603 2.71747 1.19872 0.76791 1.24552 3.15610 7.32861 9.36917 9.97410 16.17349 14.03789 10.47149 5.65066 3.87178
0.94539 2.02419 3.45030 3.78598 3.30697 3.57356 3.81108 1.88926 0.91049 0.02485 0.00000 0.00000 0.00000 0.00000 0.00000 0.00000 0.43806 0.59624 0.05533 0.04062 0.09628 0.00000 0.05213 2.13830 6.47377 13.64970 15.97419 9.42843 4.41572 3.21998 2.83777 4.62286 7.33004 6.54409 4.37548 5.52481 13.53338 30.46304 38.68808 28.90302 30.41044 60.19265 94.38375 71.51145 41.86404 17.39946 6.47351 3.02561 1.47101 0.84466 0.96204 2.96334 7.89987 10.96426 13.08659 14.81271 13.95214 10.66224 7.46141 4.80465
0.97684 2.65746 5.05500 5.22046 3.21009 1.19906 2.00602 2.24251 1.43725 0.00000 0.03300 0.00000 0.00000 0.00000 0.00000 0.04914 0.06102 0.12431 0.00000 0.22041 0.23436 0.00000 0.31677 3.19342 9.35248 21.77177 28.97194 19.18975 8.70597 3.03113 1.16195 2.42261 5.45183 4.50066 3.23954 5.91526 17.17321 24.14004 22.78778 20.53033 27.96643 58.27930 90.14379 84.52959 64.18865 24.96114 6.18947 2.12333 1.12145 0.77347 0.85308 2.10437 5.49828 8.39175 8.90029 8.07695 10.13680 9.76396 8.50921 6.37669
2.30269 4.54465 6.52494 7.29247 5.95126 1.97324 1.93380 2.94264 2.23050 1.46298 2.08010 0.15108 0.00000 0.00000 0.23988 0.60499 0.14400 0.00000 0.00000 0.07282 0.03825 0.00000 1.11402 2.95489 7.16261 18.64402 24.82432 17.34368 7.43818 2.38929 0.87252 1.05525 2.72665 8.99209 15.61427 14.35061 35.06356 29.09555 14.47014 22.02860 36.67805 61.38232 136.86784 170.29855 61.11218 25.91923 9.89110 2.68117 1.47633 1.06990 1.16196 1.90003 3.20236 4.44851 4.45853 3.42436 6.39827 7.23457 6.73163 5.81511
3.75605 6.10157 6.27855 8.52931 10.11311 6.79080 4.90571 4.49515 2.88283 1.88672 1.54681 0.22768 0.00000 0.00000 0.16414 0.15078 0.00000 0.00000 0.00000 0.00000 0.15047 0.63564 1.10839 2.21928 5.35056 10.42655 10.75291 5.42846 1.71901 0.88617 0.07273 0.15411 1.78608 8.28861 18.14341 8.49345 12.85282 9.47009 13.99752 38.21787 89.72254 124.34574 172.20598 111.12490 46.47168 31.29144 18.56199 5.48756 2.05695 1.75013 1.51850 2.06898 2.65211 2.80636 2.80246 2.96394 4.75452 6.22534 5.38476 4.61383
2.78052 3.37843 3.11180 8.41833 14.03491 9.96707 6.25393 4.18009 1.78488 0.15534 0.00000 0.00000 0.00000 0.00000 0.00000 0.00000 0.00000 0.00000 0.00000 0.00000 0.11717 0.51624 0.32145 0.11610 0.48132 1.56837 3.60320 1.57019 0.83246 0.40174 0.09687 0.20665 0.06451 1.15499 2.27604 0.83579 0.19893 1.36931 13.25844 27.15211 46.68174 -99999.00000 -99999.00000 61.62155 39.31550 36.98613 29.89575 11.93103 3.21662 2.65802 2.61422 2.37277 1.96597 1.82620 1.70485 1.79308 4.23445 7.53993 7.38684 6.57789
2.28595 2.87502 2.68970 4.98787 7.96239 5.42933 3.86891 2.09907 0.40257 0.00000 0.00000 0.00000 0.00000 0.00000 0.00000 0.00000 0.00000 0.00000 0.00000 0.00000 0.00000 0.00000 0.00000 0.00000 0.00000 0.63375 1.20772 0.97150 0.66486 0.15051 2.19838 5.77296 3.52055 0.25164 0.00000 -99999.00000 -99999.00000 -99999.00000 -99999.00000 -99999.00000 -99999.00000 -99999.00000 -99999.00000 44.64781 40.73069 41.67218 35.72380 21.05389 7.43868 3.91260 3.08302 1.89787 1.09442 0.88449 0.99649 2.25803 6.63383 11.89304 13.79586 13.92607
2.78173 4.91491 4.26296 4.21578 -99999.00000 3.42572 1.87384 0.46265 0.00000 0.00000 0.00000 0.00000 0.00000 0.00000 0.00000 0.00000 0.00000 0.24029 0.85358 0.45677 0.18589 0.00000 0.00000 0.00000 0.04132 0.50513 0.70071 0.32100 0.02675 0.73797 6.00054 17.24911 12.60020 2.13306 -99999.00000 -99999.00000 -99999.00000 -99999.00000 -99999.00000 -99999.00000 -99999.00000 -99999.00000 -99999.00000 -99999.00000 48.57168 40.60390 33.42331 26.53936 16.16803 6.84244 3.11936 1.54996 0.73372 0.73983 1.51853 3.31387 6.93189 12.96446 19.05523 24.20685
-99999.00000 -99999.00000 -99999.00000 -99999.00000 -99999.00000 7.02468 4.79369 1.47756 0.17687 0.00000 0.00000 0.00000 0.00000 0.00000 0.00000 0.00000 0.11907 1.42369 3.65172 2.74390 1.51968 0.40490 0.03894 0.08369 0.07437 0.24872 0.54078 0.35570 0.00000 2.04803 8.48360 18.04601 13.44662 2.78362 -99999.00000 -99999.00000 -99999.00000 -99999.00000 -99999.00000 -99999.00000 -99999.00000 -99999.00000 -99999.00000 -99999.00000 -99999.00000 32.38287 30.27691 28.25417 22.77418 10.74968 3.64671 1.60813 1.27312 1.94760 2.22330 2.33846 4.18408 9.07066 15.76389 23.23865
