DATA/RAW-RASTER/CPC/2017/20170706.asc
ncols			60
nrows			40
xllcorner		70.0
yllcorner		20.0
cellsize		0.5
NODATA_value	-99999
0.11206 0.67941 1.26550 1.42295 1.13994 0.67456 0.13988 0.00000 0.00000 0.03737 0.12814 0.10704 0.10303 0.06991 0.00000 0.00000 0.00000 0.00000 0.00000 0.00000 0.00000 0.00000 0.00000 0.00000 0.00000 0.00000 0.00000 0.00000 0.00000 0.00000 0.00000 0.00000 0.00000 0.00000 0.00000 0.00000 0.00000 0.00000 0.00000 0.00000 0.00000 0.00000 0.00000 0.00000 0.00000 0.00000 0.00000 0.00000 0.00000 0.00000 0.00000 0.00000 0.00000 0.00000 0.00000 0.00000 0.00000 0.00000 0.00000 0.00000
0.11970 0.80027 2.00560 2.54916 2.12640 1.29418 0.37363 0.09342 0.00000 0.00000 0.00000 0.00000 0.00000 0.00000 0.00000 0.00000 0.00000 0.00000 0.00000 0.00000 0.00000 0.00000 0.00000 0.00000 0.00000 0.00000 0.00000 0.00000 0.00000 0.00000 0.00000 0.00000 0.00000 0.00000 0.00000 0.00000 0.00000 0.00000 0.00000 0.00000 0.00000 0.00000 0.00000 0.00000 0.00000 0.00000 0.00000 0.00000 0.00000 0.00000 0.00000 0.00000 0.00000 0.00000 0.00000 0.00000 0.00000 0.00000 0.00000 0.00000
0.00000 0.39244 1.32289 2.38777 3.09708 2.64666 1.16563 0.21444 0.00000 0.00000 0.00000 0.00000 0.00000 0.00000 0.00000 0.00000 0.00000 0.00000 0.00000 0.00000 0.00000 0.00000 0.00000 0.00000 0.00000 0.00000 0.00000 0.00000 0.00000 0.00000 0.00000 0.00000 0.00000 0.00000 0.00000 0.00000 0.00000 0.00000 0.00000 0.00000 0.00000 0.00000 0.00000 0.00000 0.00000 0.00000 0.00000 0.00000 0.00000 0.00000 0.00000 0.00000 0.00000 0.00000 0.00000 0.00000 0.00000 0.00000 0.00000 0.00000
0.00000 0.09093 0.86178 2.33894 4.23837 4.48943 2.17867 0.44895 0.04293 0.00000 0.00000 0.00000 0.00000 0.00000 0.00000 0.00000 0.04511 0.05937 0.04578 0.00000 0.00000 0.00000 0.00000 0.00000 0.00000 0.00000 0.00000 0.00000 0.00000 0.00000 0.00000 0.00000 0.00000 0.00000 0.00000 0.00000 0.00000 0.00000 0.00000 0.00000 0.00000 0.00000 0.00000 0.00000 0.00000 0.00000 0.00000 0.00000 0.00000 0.00000 0.00000 0.00000 0.00000 0.00000 0.00000 0.00000 0.00000 0.00000 0.00000 0.00000
0.00000 0.00000 0.37922 1.31107 3.11933 3.90690 2.58586 1.02386 0.37862 0.20720 0.00000 0.00000 0.00000 0.00000 0.00000 0.06489 0.08728 0.07787 0.03153 0.00000 0.00000 0.00000 0.00000 0.00000 0.00000 0.00000 0.00000 0.00000 0.00000 0.00000 0.00000 0.00000 0.00000 0.00000 0.00000 0.00000 0.00000 0.00000 0.00000 0.00000 0.00000 0.00000 0.00000 0.00000 0.00000 0.00000 0.00000 0.00000 0.00000 0.00000 0.00000 0.00000 0.00000 0.00000 0.00000 0.00000 0.00000 0.00000 0.00000 0.00000
0.00000 0.00000 0.04312 0.40607 1.30965 2.15584 2.09235 1.37421 0.77797 0.57179 0.22498 0.00000 0.00000 0.02488 0.07215 0.08990 0.09225 0.06892 0.00000 0.00000 0.00000 0.00000 0.00000 0.00000 0.00000 0.00000 0.00000 0.00000 0.00000 0.00000 0.00000 0.00000 0.00000 0.00000 0.00000 0.00000 0.00000 0.00000 0.00000 0.00000 0.00000 0.00000 0.00000 0.00000 0.00000 0.00000 0.00000 0.00000 0.00000 0.00000 0.00000 0.00000 0.00000 0.00000 0.00000 0.00000 0.00000 0.00000 0.00000 0.00000
0.00000 0.00000 0.00000 0.02770 0.21781 0.59958 1.13039 1.09767 0.93696 0.81434 0.33549 0.00000 0.03638 0.07366 0.08998 0.09844 0.09075 0.04333 0.00000 0.00000 0.00000 0.00000 0.00000 0.00000 0.00000 0.00000 0.00000 0.00000 0.00000 0.00000 0.00000 0.00000 0.00000 0.00000 0.00000 0.00000 0.00000 0.02491 0.04481 0.05873 0.06557 0.09818 0.13766 0.10431 0.10246 0.08384 0.00000 0.00000 0.00000 0.00000 0.00000 0.00000 0.00000 0.00000 0.00000 0.00000 0.00000 0.00000 0.00000 0.00000
0.00000 0.00000 0.00000 0.00000 0.00000 0.00000 0.07523 0.09200 0.12175 0.09875 0.00000 0.00000 0.05085 0.08001 0.08993 0.08790 0.07389 0.00000 0.00000 0.00000 0.00000 0.00000 0.00000 0.00000 0.00000 0.00000 0.00000 0.00000 0.00000 0.00000 0.00000 0.00000 0.00000 0.00000 0.03212 0.05429 0.09173 0.14807 0.21070 0.29122 0.40239 0.54115 0.67298 0.64691 0.41636 0.24767 0.14571 0.06542 0.00000 0.00000 0.00000 0.00000 0.00000 0.00000 0.00000 0.00000 0.00000 0.00000 0.00000 0.00000
0.00000 0.00000 0.00000 0.00000 0.06078 0.14937 0.16467 0.13246 0.08628 0.00000 0.00000 0.00000 0.00000 0.04048 0.07903 0.07499 0.04406 0.00000 0.00000 0.00000 0.00000 0.00000 0.00000 0.00000 0.00000 0.00000 0.00000 0.00000 0.00000 0.00000 0.00000 0.04446 0.12625 0.15580 0.15680 0.19756 0.33748 0.52501 0.76324 1.09235 1.45653 1.73830 1.76130 1.39967 0.86520 0.50166 0.33612 0.26397 0.12709 0.03089 0.00000 0.00000 0.00000 0.00000 0.00000 0.00000 0.00000 0.00000 0.00000 0.00000
0.00000 0.02701 0.06492 0.09823 0.37130 0.61036 0.46053 0.15478 0.00000 0.00000 0.00000 0.00000 0.00000 0.02528 0.02899 0.05648 0.06600 0.05941 0.03562 0.02030 0.00000 0.00000 0.00000 0.00000 0.00000 0.00000 0.00000 0.00000 0.03544 0.26014 0.58782 1.03377 1.36859 1.28891 1.15129 1.10544 1.36208 1.76384 2.10151 2.49419 2.72619 2.84791 2.74167 2.28029 1.54362 0.77142 0.45919 0.51706 0.50879 0.39627 0.27380 0.24785 0.23747 0.06447 0.00000 0.00000 0.00000 0.00000 0.00000 0.00000
0.00000 0.05294 0.26263 0.56791 1.25414 1.41568 0.71814 0.14297 0.00000 0.00000 0.00000 0.00000 0.03288 0.37270 0.54272 0.59911 0.53621 0.28202 0.12546 0.06365 0.03451 0.02002 0.00000 0.00000 0.00000 0.00000 0.00000 0.02783 0.25015 0.84005 2.07205 3.74484 4.35524 4.87940 5.03916 5.32028 5.40728 4.67502 4.08758 3.88442 3.83616 3.94743 3.89544 3.57162 3.18077 2.31202 1.49553 1.17181 0.97198 0.72206 0.57154 0.47946 0.41456 0.23595 0.00000 0.00000 0.00000 0.00000 0.00000 0.00000
0.00000 0.08085 0.28748 0.60204 1.00239 0.81261 0.14826 0.06401 0.00000 0.00000 0.00000 0.03371 0.27687 0.62896 0.96786 1.13319 1.22688 0.80425 0.26756 0.09871 0.04418 0.02231 0.00000 0.00000 0.00000 0.00000 0.03536 0.13580 0.53603 1.85183 4.21108 6.00637 6.62464 6.81363 7.23836 7.81045 7.75873 7.31473 6.61667 5.90327 5.52292 5.04859 4.69896 4.46443 4.45256 4.01545 3.17833 2.42211 1.69733 1.01813 0.67583 0.52603 0.49669 0.37503 0.09061 0.00000 0.00000 0.00000 0.00000 0.00000
0.00000 0.15969 0.62872 1.61356 1.73179 0.06102 0.22492 0.31042 0.07541 0.00000 0.08366 0.56630 0.95732 1.17284 1.44226 1.47661 1.33307 0.75449 0.24556 0.07629 0.03018 0.00000 0.00000 0.00000 0.00000 0.07832 0.15268 0.24673 0.81796 2.82863 5.47913 6.66443 7.44143 7.98362 8.98964 9.74613 9.79145 10.21399 10.46879 9.03478 7.72974 6.69578 5.94921 5.30502 4.83742 4.65166 4.32774 3.32464 2.39897 1.63306 1.09894 0.78478 0.63158 0.43188 0.24240 0.00000 0.46357 0.22293 0.04728 0.03089
0.03743 0.78194 2.84508 5.49753 5.98779 4.02042 1.74623 0.61472 0.19531 0.10351 0.75403 1.98155 3.75443 4.34087 3.82666 2.38442 1.66893 0.81563 0.22417 0.04912 0.00000 0.00000 0.00000 0.03440 0.10467 0.20671 0.31964 0.59010 1.52857 3.74027 6.51300 7.80180 8.61518 9.35874 10.26061 11.18622 11.51595 11.78430 11.71648 11.32145 10.63869 9.72237 8.45565 7.28213 6.61190 5.85336 5.18126 4.53075 3.43244 2.50765 2.03205 1.69723 1.11686 0.44029 0.37319 1.08977 2.25065 2.14011 1.30001 0.67836
0.16109 1.56840 4.68399 10.92590 17.34669 19.44788 13.12454 4.32547 1.25003 0.26601 1.55351 9.27924 17.19396 13.09761 7.32653 3.90481 2.90801 1.18055 0.34594 0.06201 0.00000 0.00000 0.06126 0.14221 0.29833 0.49203 0.66700 1.05689 1.69642 3.91178 6.44342 7.99085 8.90896 9.71726 11.00598 11.80778 12.40165 12.63947 12.78807 12.90329 12.98278 11.92792 10.53851 9.85452 9.59747 8.51733 7.29990 6.35126 5.45470 4.04272 3.10879 3.17819 2.66646 1.69468 1.85046 4.10501 6.43875 6.44049 4.29575 2.04277
0.31861 0.92209 3.84109 13.79101 27.12807 30.88783 22.90011 11.91422 4.28785 2.91647 6.79306 15.67358 25.49722 18.77875 11.19924 11.37045 4.26971 1.54674 0.74554 0.26888 0.10510 0.18383 0.28084 0.50699 0.87982 1.09934 1.46465 1.56616 1.90297 3.71235 5.98116 7.99302 9.00850 10.29069 12.04616 12.61745 12.73792 12.53616 12.62403 12.78975 13.06104 12.51434 11.58776 10.84609 10.70670 9.82736 8.80812 8.24729 8.08304 7.91074 7.87067 8.17037 7.70812 6.35581 6.88358 9.88700 13.01737 12.25288 8.08535 3.85348
0.13878 0.30129 2.36775 11.85689 26.61700 31.10990 21.50880 10.58257 3.53273 4.17472 6.22360 9.21321 10.25302 8.69419 9.79150 13.65426 6.25053 2.64256 2.31282 1.73679 1.27013 1.23582 1.39406 1.78879 2.09156 2.24561 2.51719 1.73840 1.85582 3.27361 5.38621 8.03097 8.93576 9.86613 10.59903 11.24823 11.82929 11.72071 11.85971 12.06101 12.59662 12.80495 12.07019 11.57497 11.44948 10.34473 9.36087 8.26827 9.00727 11.89436 15.54626 16.85167 13.64948 10.74349 10.93471 12.72566 15.65996 16.36918 11.02933 6.43893
0.30278 0.83805 2.52193 7.82113 16.30701 19.36441 14.49612 7.77581 3.18519 3.08813 4.01985 3.65880 2.15419 1.22138 2.65916 8.48141 11.51517 8.43678 7.45494 6.55616 5.61637 5.53285 5.39653 4.69268 3.54670 3.15154 2.89033 2.02425 1.61526 2.24730 3.91531 6.33060 8.81233 10.16128 10.78585 11.63232 12.08263 11.60751 12.06854 12.20862 12.43557 13.24558 13.00167 11.74641 11.51344 11.54324 10.31250 9.01718 9.50548 13.68552 17.55927 17.85316 14.38872 11.31784 11.10963 12.33253 14.64657 14.96655 11.16723 9.53080
0.67735 1.39619 2.26598 3.97788 7.55870 10.03844 8.93826 5.64808 3.23313 2.45650 2.84656 3.57328 4.03328 1.82416 2.53461 12.01930 33.32718 37.95572 28.04141 21.42817 12.87674 10.94712 9.62984 7.00894 5.33438 4.07281 3.29596 2.54450 1.52266 1.09180 2.19701 4.04661 6.56556 8.74146 10.28327 11.65400 11.67510 11.71440 12.42092 12.96517 14.03601 16.26852 16.94294 15.90700 14.24799 12.84504 10.51492 9.18749 9.37639 11.16668 11.98450 11.87850 12.22183 12.19614 11.42797 10.64392 10.55376 9.62399 8.86408 10.73245
0.77366 1.48837 1.85080 2.33074 4.31059 7.41145 7.93608 4.31726 1.69488 1.70761 2.42074 4.10058 6.31092 3.62026 3.13561 9.91477 33.03253 44.91079 62.82572 69.35223 30.72687 17.32194 12.79927 8.87346 5.79395 4.46826 3.71519 2.33318 1.44310 0.97052 0.92602 2.10473 3.74277 5.55908 8.03780 10.49259 11.45326 11.59317 12.57249 13.98490 17.29347 19.60274 20.00275 20.22376 17.75337 13.09559 9.21554 6.81712 6.86278 7.59471 9.35698 10.45639 10.47976 10.62404 9.65291 8.20613 6.13158 4.23736 4.96654 9.77572
0.51226 0.94131 1.04505 1.10632 2.54013 5.99152 7.22780 3.18594 0.92594 0.83789 1.18908 1.94850 2.92061 2.04003 1.49711 3.60999 11.15171 38.57349 77.61536 101.74319 59.88464 40.60258 29.67786 15.02525 6.48567 4.20903 3.45893 2.77033 1.92036 1.14124 0.64779 0.73172 1.49626 2.31858 4.04278 6.47839 8.52829 9.14642 9.58181 12.33890 16.73014 19.55789 20.23440 19.94850 17.55049 11.75520 7.22452 5.17646 5.41625 5.04406 6.47868 8.42677 8.77608 8.59811 6.03774 5.34155 4.00533 3.31742 5.11777 10.47495
0.20378 0.28675 0.27607 0.24902 1.30526 3.79186 4.64948 2.72303 1.18491 0.13924 0.06679 0.34450 1.59352 2.81935 2.86828 2.88058 11.66231 43.19195 101.86339 106.45225 92.82560 73.96304 48.53861 19.95301 10.68316 10.25246 5.57172 2.88851 1.39199 0.92110 0.71209 0.50920 0.54782 0.66827 1.40522 3.29675 5.82597 7.21117 7.15725 9.04679 13.40528 16.37980 17.26801 15.52250 12.66031 9.33114 6.69804 5.82360 5.37976 7.38879 8.35784 9.26497 10.07197 8.70048 5.48634 4.12531 4.33682 4.96617 7.57091 13.21789
0.00000 0.03425 0.07858 0.16042 0.60474 1.70026 1.87784 1.30386 0.23798 0.00000 0.00000 0.08546 1.84006 5.02646 8.62123 8.23865 18.18701 43.86362 75.56246 84.57078 84.48988 73.11706 52.88464 38.05241 29.59155 20.70164 10.84587 4.02274 1.56916 1.04066 0.91015 0.72335 0.46752 0.24097 0.54009 2.20114 4.81390 6.05768 5.83856 6.78590 10.04583 12.56203 12.81816 10.02699 7.67087 6.78009 6.13402 6.69272 11.65997 22.76355 26.56232 26.56786 13.90681 9.50693 6.09369 5.01204 4.94513 5.37491 7.53160 13.08453
0.00000 0.00000 0.00000 0.00000 0.00000 0.29540 0.24297 0.05073 0.00000 0.00000 0.00000 0.00000 1.16209 4.21805 8.32664 11.28176 20.01472 39.23838 55.68817 50.02713 43.61626 44.56799 43.38561 38.83239 33.46544 23.46945 14.07262 6.04152 3.23018 2.82001 1.50727 1.15178 1.02497 0.92281 1.28465 3.02565 5.41024 5.72745 4.45466 5.23122 6.95222 7.67374 7.24178 6.40154 5.55056 5.53944 10.54360 18.61243 26.37782 36.66024 52.17088 55.15951 34.99245 14.08867 8.33914 6.20900 5.93739 5.42114 6.02873 10.81178
0.00000 0.00000 0.00000 0.00000 0.00000 0.00000 0.00000 0.00000 0.00000 0.00000 0.00000 0.00000 0.21397 1.63086 3.61163 6.08127 11.63781 21.96077 27.38875 18.97355 19.25696 22.45792 22.76836 23.63499 28.30132 24.57586 19.46667 14.03330 9.34904 6.49605 3.53036 2.23739 2.32718 3.45522 4.12559 6.69023 13.31448 9.00374 5.25110 5.98285 4.60309 3.68636 3.23717 3.15275 4.17970 8.13295 15.53765 23.06269 23.41790 20.53003 28.67822 36.27928 35.87010 16.88367 9.87826 8.76560 8.15681 7.83202 5.82662 7.92871
0.00000 0.00000 0.00000 0.00000 0.00000 0.00000 0.00000 0.00000 0.00000 0.00000 0.00000 0.00000 0.00000 0.10147 0.66148 1.05173 2.52080 8.04717 11.99935 12.86607 14.58349 13.23983 14.46896 17.76283 22.84093 26.37336 27.92105 23.68647 16.99253 11.33434 7.72333 4.92113 4.37910 7.15834 11.00418 15.03864 33.73964 25.81956 16.46885 9.09630 4.27696 0.64948 0.19174 0.38342 3.26821 6.01367 10.75397 17.00905 14.22054 5.93732 5.81186 12.97514 17.96088 16.68364 10.82397 8.44833 7.03952 6.32841 5.00360 6.96159
0.00000 0.00000 0.00000 0.00000 0.00000 0.00000 0.00000 0.00000 0.00000 0.00000 0.00000 0.00000 0.00000 0.00000 0.00000 0.00000 0.00000 0.84498 3.84052 5.88662 6.75223 7.02178 8.97649 13.97314 19.94730 25.37603 29.86243 26.07146 18.44003 12.99873 10.38024 6.16614 5.71486 8.76768 12.76125 16.90158 20.16571 20.65484 14.00946 6.58886 1.60967 0.00000 0.00000 0.00000 0.87787 1.93934 3.60025 4.38116 3.31619 4.13028 5.09060 8.10107 11.37784 10.10264 6.39254 4.71728 3.61609 3.46681 3.82452 5.55419
0.00000 0.00000 0.00000 0.00000 0.00000 0.00000 0.00000 0.00000 0.00000 0.00000 0.00000 0.00000 0.00000 0.00000 0.00000 0.00000 0.00000 0.00000 0.38719 1.45792 2.05167 3.23035 5.55780 11.03777 18.34340 22.84359 25.04364 20.98489 14.81465 13.02379 12.92361 5.53302 5.11061 7.80311 8.06085 10.72710 8.25933 6.01597 4.05912 2.12131 0.62499 0.04425 1.11075 0.85617 0.38808 0.42394 1.06410 2.80617 4.45361 5.94656 7.33025 8.43536 6.69487 3.42892 2.08178 1.46067 1.22452 1.26371 1.78594 2.88277
0.00000 0.00000 0.00000 0.00000 0.00000 0.00000 0.00000 0.00000 0.00000 0.00000 0.00000 0.00000 0.00000 0.00000 0.00000 0.00000 0.00000 0.00000 0.00000 0.22460 0.74749 1.38503 3.72212 9.88374 17.36304 21.08966 23.30509 16.17556 12.60811 14.39754 22.28974 13.78427 10.40405 13.34093 13.61519 10.75151 7.32978 5.35483 3.63279 2.19337 2.21937 4.59296 12.94837 12.32816 7.76659 3.01540 1.88274 5.23979 8.61504 9.84754 11.01262 8.35874 4.17583 1.91291 0.75224 0.49163 0.38287 0.33094 0.45868 0.90864
0.00000 0.00000 0.00000 0.00000 0.00000 0.00000 0.00000 0.00000 0.00000 0.00000 0.00000 0.00000 0.00000 0.00000 0.00000 0.00000 0.00000 0.00000 0.00000 0.00000 0.16472 0.48288 3.05998 9.27062 17.99919 27.17321 27.00973 15.73893 12.96026 15.04306 18.67670 16.91096 16.74520 21.98363 19.17570 11.22557 5.96643 5.38825 4.94646 4.35504 6.55491 16.64934 35.89008 46.75356 26.39425 12.33997 10.41917 15.20056 14.68664 13.81669 13.49335 8.75694 4.28987 2.17781 1.12057 0.81301 0.35651 0.18183 0.04117 0.25264
0.00000 0.00000 0.00000 0.00000 0.00000 0.00000 0.00000 0.00000 0.00000 0.00000 0.00000 0.00000 0.00000 0.00000 0.00000 0.00000 0.00000 0.00000 0.00000 0.00000 0.00000 0.06536 2.13517 9.21870 16.53509 24.79123 23.65456 19.35078 15.38302 11.01543 10.97549 12.79334 15.85126 16.79707 13.77939 7.65597 4.04757 4.79376 6.07873 6.81986 7.37507 13.64004 25.16475 28.21147 18.93835 16.96270 21.12872 27.68001 26.96599 22.67661 19.08143 10.95247 5.01226 2.63239 2.03831 2.20441 1.42161 1.12001 0.68292 0.81399
0.33835 0.47529 0.15798 0.00000 0.00000 0.00000 0.00000 0.00000 0.00000 0.11100 0.23546 0.02287 0.00000 0.00000 0.00000 0.00000 0.00000 0.00000 0.00000 0.00000 0.00000 0.28726 2.61563 9.93544 13.59062 17.63842 21.07710 23.74757 23.25429 15.14782 9.99686 8.46278 6.84117 5.80486 6.24443 3.56422 2.88132 7.58408 11.21744 10.34920 6.90118 4.14880 4.27972 3.84425 6.66581 13.14509 13.80018 23.35670 25.46453 21.69467 16.16802 9.35153 4.90948 2.76568 2.39455 3.86030 3.73838 4.08418 3.57209 3.08806
0.85828 1.11523 0.79166 0.49958 0.43641 0.26748 0.17348 0.12832 0.50711 1.18549 1.00015 0.07453 0.00000 0.00000 0.00000 0.00000 0.00000 0.00000 0.00000 0.00000 0.00000 0.14606 2.04803 5.98284 8.92391 10.28758 13.20541 20.47710 22.84485 14.64259 7.32878 3.31915 0.07379 0.23436 0.39491 2.31842 10.59560 21.32267 23.36213 19.07948 9.23519 2.31968 0.77515 2.38741 7.49553 11.57532 9.20835 9.86877 9.84821 9.08233 6.63805 5.18749 4.08643 2.99910 3.27357 3.87954 4.82955 6.91729 7.81266 5.84728
1.71993 1.74325 0.98975 0.90334 1.87697 1.66873 0.81871 0.36748 1.00042 1.45749 1.03227 0.00000 0.00000 0.00000 0.00000 0.00000 0.00000 0.00000 0.00000 0.00000 0.00000 0.00000 0.38190 1.75161 2.97160 3.21258 3.29068 9.07506 13.21432 8.76243 4.57296 1.77454 0.10051 0.08649 0.26122 3.19822 17.79772 32.75272 30.89590 28.71057 16.75991 5.95282 2.63261 3.88661 9.96806 10.61105 5.02542 2.84427 2.26849 2.71419 2.45535 2.23249 2.37384 2.32734 2.40789 2.49170 4.66394 7.66374 9.08576 6.59323
2.28286 1.55359 0.52514 0.48702 1.88759 1.94123 0.69973 0.43209 0.31642 0.32948 0.06940 0.00000 0.00000 0.00000 0.00000 0.00000 0.00000 0.00000 0.00000 0.00000 0.00000 0.00000 0.00000 0.03019 0.23417 0.15318 0.41177 3.06852 5.92354 4.85479 2.76476 1.06516 0.25543 0.10140 0.22362 5.01969 27.28772 43.92173 44.11854 39.25466 28.56777 15.32020 7.29436 5.90606 10.29403 11.50031 6.39776 2.12961 1.59187 1.84532 1.78359 1.39644 1.13475 1.15771 1.34545 1.33102 3.53160 5.47075 5.43623 3.18726
0.91841 0.36831 0.05917 0.07291 0.44941 0.34416 0.06652 0.08379 0.00000 0.00000 0.00000 0.00000 0.00000 0.00000 0.00000 0.00000 0.00000 0.00000 0.00000 0.00000 0.00000 0.00000 0.00000 0.00000 0.00000 0.14114 1.40319 2.79801 2.24033 1.05876 0.38617 0.23186 0.09782 0.00000 0.70921 5.22129 24.12935 42.38263 45.62506 46.97042 42.49820 30.30923 14.87563 7.65573 10.60139 13.75643 10.71920 3.77924 1.44357 1.53640 1.46889 1.20975 0.79052 0.66793 0.88945 1.27684 2.52990 3.29568 2.17563 0.80163
0.04971 0.00000 0.00000 0.00000 0.00000 0.00000 0.00000 0.00000 0.00000 0.00000 0.00000 0.00000 0.00000 0.00000 0.00000 0.00000 0.00000 0.00000 0.00000 0.00000 0.00000 0.00000 0.03156 0.36766 0.50275 0.58104 0.56262 1.25272 0.39659 0.07128 0.16319 0.00000 0.00000 0.05558 0.80116 4.60015 17.36794 33.09482 40.94741 47.51559 53.63041 -99999.00000 -99999.00000 17.28481 13.68922 15.15844 14.00317 7.15897 1.77779 1.42006 1.20009 0.87238 0.44313 0.42403 0.50974 0.60758 1.25932 1.69503 0.96398 0.34032
0.00000 0.00000 0.00000 0.00000 0.00000 0.00000 0.00000 0.00000 0.00000 0.00000 0.00000 0.00000 0.00000 0.00000 0.00000 0.00000 0.00000 0.00000 0.00000 0.00000 0.00000 0.00000 0.05585 0.67439 0.89746 0.82674 0.35893 1.09550 1.55724 1.26179 0.62311 0.38069 0.12488 0.12455 0.62913 -99999.00000 -99999.00000 -99999.00000 -99999.00000 -99999.00000 -99999.00000 -99999.00000 -99999.00000 28.77081 19.08308 14.32576 13.84141 10.63062 3.78623 1.34376 0.73870 0.24979 0.03354 0.03522 0.03594 0.04849 0.24702 0.31301 0.19746 0.12353
0.00000 0.00000 0.00000 0.00000 -99999.00000 0.00000 0.00000 0.15948 0.00000 0.00000 0.00000 0.00000 0.00000 0.00000 0.00000 0.00000 0.00000 0.00000 0.00000 0.00000 0.00000 0.00000 0.02529 0.99308 1.72288 1.71123 1.33067 2.87867 4.10549 2.44455 1.32369 1.33220 0.88167 0.16520 -99999.00000 -99999.00000 -99999.00000 -99999.00000 -99999.00000 -99999.00000 -99999.00000 -99999.00000 -99999.00000 -99999.00000 21.11504 12.55882 10.90340 10.40611 6.01007 1.35765 0.16571 0.00000 0.00000 0.00000 0.00000 0.00000 0.00000 0.00000 0.00000 0.08072
-99999.00000 -99999.00000 -99999.00000 -99999.00000 -99999.00000 0.61300 1.14190 1.00533 0.16275 0.00000 0.00000 0.00000 0.00000 0.00000 0.00000 0.00000 0.00000 0.00000 0.00000 0.00000 0.00000 0.11112 1.31259 2.59258 3.68686 3.15375 2.21248 3.69675 4.14133 2.63435 1.66528 1.75552 1.34067 0.94794 -99999.00000 -99999.00000 -99999.00000 -99999.00000 -99999.00000 -99999.00000 -99999.00000 -99999.00000 -99999.00000 -99999.00000 -99999.00000 12.85532 8.34399 6.37709 3.75614 0.60376 0.00000 0.00000 0.00000 0.00000 0.00000 0.00000 0.00000 0.00000 0.00000 0.00000
