DATA/RAW-RASTER/CPC/2017/20170501.asc
ncols			60
nrows			40
xllcorner		70.0
yllcorner		20.0
cellsize		0.5
NODATA_value	-99999
0.00000 0.00000 0.00000 0.00000 0.00000 0.00000 0.00000 0.00000 0.00000 0.00000 0.00000 0.00000 0.00000 0.00000 0.00000 0.00000 0.00000 0.00000 0.08854 0.29806 0.62158 0.86296 0.98157 1.08339 1.26051 1.61206 2.11535 2.76754 3.51054 4.00561 4.09333 4.03195 3.86329 3.61278 3.23284 2.70819 2.19479 1.87984 1.66349 1.36943 0.97326 0.62191 0.24444 0.04361 0.06292 0.03006 0.00000 0.00000 0.02387 0.03767 0.07805 0.14201 0.20234 0.20919 0.16932 0.02597 0.00000 0.00000 0.02541 0.02463
0.00000 0.00000 0.00000 0.00000 0.00000 0.00000 0.00000 0.00000 0.00000 0.00000 0.00000 0.00000 0.00000 0.00000 0.00000 0.00000 0.00000 0.00000 0.04221 0.19326 0.41875 0.64766 0.81548 0.96556 1.11183 1.34000 1.79109 2.49938 3.09516 3.42089 3.14607 2.74586 2.25066 1.69603 1.10739 0.59462 0.35234 0.41674 0.52340 0.53532 0.45542 0.37531 0.25517 0.13473 0.06485 0.02274 0.00000 0.02970 0.08542 0.17777 0.28468 0.35689 0.34744 0.28204 0.19176 0.03723 0.00000 0.05722 0.16940 0.13273
0.00000 0.00000 0.00000 0.00000 0.00000 0.00000 0.00000 0.00000 0.00000 0.00000 0.00000 0.00000 0.00000 0.00000 0.00000 0.00000 0.00000 0.00000 0.00000 0.05447 0.20214 0.34531 0.48623 0.63733 0.84502 1.03791 1.32543 1.60501 2.11431 2.46628 2.09990 1.61522 1.13584 0.70932 0.36091 0.12983 0.04533 0.10836 0.22794 0.31679 0.32858 0.31383 0.27448 0.20777 0.10178 0.03183 0.00000 0.05342 0.19777 0.47840 0.74189 0.80542 0.70365 0.50538 0.36352 0.19563 0.12686 0.64458 0.92069 0.72192
0.00000 0.00000 0.00000 0.00000 0.00000 0.00000 0.00000 0.00000 0.00000 0.00000 0.00000 0.00000 0.00000 0.00000 0.00000 0.00000 0.00000 0.00000 0.00000 0.00000 0.03779 0.09829 0.16531 0.25046 0.35231 0.57420 0.77651 0.88622 1.27133 1.56804 1.32265 0.93507 0.61454 0.36942 0.19246 0.08743 0.05349 0.09092 0.18869 0.27132 0.29363 0.29595 0.28152 0.23563 0.14750 0.07856 0.07886 0.17427 0.42789 0.83101 1.11156 1.13283 0.93391 0.59681 0.42705 0.51805 0.98535 1.94292 2.85719 3.15745
0.00000 0.00000 0.00000 0.00000 0.00000 0.00000 0.00000 0.00000 0.00000 0.00000 0.00000 0.00000 0.00000 0.00000 0.00000 0.00000 0.00000 0.00000 0.00000 0.00000 0.00000 0.00000 0.03584 0.06717 0.11270 0.18915 0.34584 0.46952 0.76808 0.88494 0.83886 0.60366 0.40980 0.25620 0.14649 0.08705 0.07656 0.11948 0.20472 0.27312 0.30108 0.30436 0.28883 0.25059 0.19656 0.16059 0.20173 0.34666 0.58621 0.87263 1.09177 1.09463 0.84894 0.43080 0.21907 0.45618 1.33527 3.02577 4.94137 6.06111
0.00000 0.00000 0.00000 0.00000 0.00000 0.00000 0.00000 0.00000 0.00000 0.00000 0.00000 0.00000 0.00000 0.00000 0.00000 0.00000 0.00000 0.00000 0.00000 0.00000 0.00000 0.00000 0.00000 0.00000 0.03596 0.06265 0.09983 0.17427 0.49073 0.60185 0.54596 0.43616 0.30575 0.19830 0.12933 0.09710 0.10572 0.15298 0.21792 0.26701 0.29510 0.31515 0.30232 0.26041 0.22580 0.21876 0.26117 0.34467 0.44580 0.56454 0.69278 0.72924 0.59015 0.31571 0.20053 0.56585 1.62580 3.39256 5.59960 6.73189
0.00000 0.00000 0.00000 0.00000 0.00000 0.00000 0.00000 0.00000 0.00000 0.00000 0.00000 0.00000 0.00000 0.00000 0.00000 0.00000 0.00000 0.00000 0.00000 0.00000 0.00000 0.00000 0.00000 0.00000 0.00000 0.02634 0.04521 0.06766 0.25545 0.42688 0.39063 0.30516 0.23470 0.16894 0.12410 0.11371 0.13341 0.17510 0.22770 0.26935 0.28472 0.29755 0.28854 0.25491 0.22541 0.22648 0.22453 0.22180 0.21367 0.21043 0.26764 0.37753 0.45420 0.52352 0.79343 1.36561 2.05756 3.05019 4.97209 6.16398
0.00000 0.00000 0.00000 0.00000 0.00000 0.00000 0.00000 0.00000 0.00000 0.00000 0.00000 0.00000 0.00000 0.00000 0.00000 0.00000 0.00000 0.00000 0.00000 0.00000 0.00000 0.00000 0.00000 0.00000 0.00000 0.00000 0.02228 0.02486 0.06934 0.27361 0.29354 0.24623 0.19081 0.14952 0.12818 0.12159 0.14382 0.18927 0.22819 0.25085 0.25830 0.26728 0.27595 0.27511 0.24778 0.24004 0.22419 0.19723 0.16445 0.13799 0.18347 0.32735 0.55309 0.84973 1.29838 1.84414 2.39919 2.79639 3.32821 4.26036
0.00000 0.00000 0.00000 0.00000 0.00000 0.00000 0.00000 0.00000 0.03494 0.03245 0.00000 0.00000 0.00000 0.00000 0.00000 0.00000 0.00000 0.00000 0.00000 0.00000 0.00000 0.00000 0.00000 0.00000 0.00000 0.00000 0.00000 0.00000 0.00000 0.09394 0.16118 0.17864 0.14118 0.09200 0.09070 0.12178 0.15990 0.18819 0.20366 0.21114 0.21991 0.23187 0.24896 0.26571 0.27612 0.28865 0.29656 0.30594 0.29427 0.32786 0.46464 0.71116 1.00391 1.33955 1.62164 1.75332 1.90412 2.02615 2.33367 2.79422
0.00000 0.00000 0.00000 0.00000 0.00000 0.02017 0.07715 0.07115 0.06639 0.04138 0.00000 0.00000 0.00000 0.00000 0.00000 0.00000 0.00000 0.00000 0.00000 0.00000 0.00000 0.00000 0.00000 0.00000 0.00000 0.00000 0.00000 0.00000 0.00000 0.00000 0.00000 0.00000 0.00000 0.00000 0.00000 0.08006 0.15406 0.16362 0.16669 0.16939 0.17359 0.18222 0.19485 0.21313 0.24361 0.27935 0.30683 0.38678 0.65236 1.12814 1.68724 2.13202 2.24420 1.97844 1.45208 1.05706 0.91647 1.03688 1.35130 1.65305
0.00000 0.00000 0.00000 0.00000 0.03884 0.21440 0.28666 0.24524 0.16722 0.02338 0.00000 0.00000 0.00000 0.00000 0.00000 0.00000 0.00000 0.00000 0.00000 0.00000 0.00000 0.00000 0.00000 0.00000 0.00000 0.00000 0.00000 0.00000 0.00000 0.00000 0.00000 0.00000 0.00000 0.00000 0.00000 0.02746 0.07852 0.10453 0.12291 0.14975 0.15468 0.15990 0.15775 0.15586 0.16987 0.21559 0.29415 0.49251 1.10257 2.13769 2.99683 3.36812 3.31768 2.64077 1.54748 0.81747 0.57514 0.65302 0.81974 1.02889
0.00000 0.00000 0.00000 0.07130 0.21524 0.60841 0.91773 0.48343 0.08863 0.00000 0.00000 0.00000 0.00000 0.00000 0.00000 0.00000 0.00000 0.00000 0.00000 0.00000 0.00000 0.00000 0.00000 0.00000 0.00000 0.00000 0.00000 0.00000 0.00000 0.00000 0.00000 0.00000 0.00000 0.00000 0.00000 0.02235 0.00000 0.04798 0.07857 0.17102 0.20407 0.17715 0.15106 0.12868 0.11474 0.14940 0.28505 0.69129 1.64236 2.71431 3.37842 3.61955 3.68022 3.26765 2.21391 1.23838 0.75742 0.57835 0.48880 0.55891
0.00000 0.00000 0.00000 0.10988 0.22041 0.35966 0.52744 0.37074 0.04392 0.00000 0.00000 0.00000 0.00000 0.00000 0.00000 0.00000 0.00000 0.00000 0.00000 0.00000 0.00000 0.00000 0.00000 0.00000 0.00000 0.00000 0.00000 0.00000 0.00000 0.00000 0.00000 0.00000 0.00000 0.00000 0.02259 0.05078 0.08105 0.12387 0.18462 0.24743 0.32202 0.29924 0.24296 0.18747 0.16009 0.20927 0.40682 0.95262 1.95633 2.79228 3.18070 3.33276 3.35435 3.04615 2.40944 1.65031 0.98628 0.55870 0.36519 0.34141
0.00000 0.00000 0.00000 0.03037 0.07137 0.06149 0.07523 0.04263 0.00000 0.00000 0.00000 0.00000 0.00000 0.00000 0.00000 0.00000 0.00000 0.00000 0.00000 0.00000 0.00000 0.00000 0.00000 0.00000 0.00000 0.00000 0.00000 0.00000 0.00000 0.00000 0.00000 0.00000 0.00000 0.00000 0.00000 0.02631 0.05103 0.09088 0.16342 0.28894 0.47186 0.65013 0.67799 0.59044 0.52032 0.52169 0.69657 1.19066 1.93353 2.53756 2.80407 2.84818 2.64136 2.32847 2.06131 1.65843 1.07781 0.56481 0.33465 0.27632
0.00000 0.00000 0.00000 0.00000 0.00000 0.00000 0.00000 0.00000 0.00000 0.00000 0.00000 0.00000 0.00000 0.00000 0.00000 0.00000 0.00000 0.00000 0.00000 0.00000 0.00000 0.00000 0.00000 0.00000 0.00000 0.00000 0.00000 0.04339 0.24538 0.18031 0.00000 0.00000 0.00000 0.00000 0.00000 0.00000 0.02549 0.05042 0.10247 0.21689 0.47715 0.92292 1.35878 1.55660 1.49110 1.18432 0.94768 1.03039 1.56251 2.16013 2.39787 2.30710 2.03183 1.94347 1.80061 1.43395 0.81427 0.29377 0.11081 0.02979
0.00000 0.00000 0.00000 0.00000 0.00000 0.00000 0.00000 0.00000 0.00000 0.00000 0.00000 0.00000 0.00000 0.00000 0.00000 0.00000 0.00000 0.00000 0.00000 0.00000 0.00000 0.00000 0.00000 0.00000 0.00000 0.00000 0.02630 0.26520 0.54376 0.50042 0.17081 0.00000 0.00000 0.00000 0.00000 0.00000 0.00000 0.02100 0.04758 0.11570 0.32725 0.89141 1.74384 2.26324 2.26069 1.66577 0.94834 0.67956 0.92375 1.41192 1.56371 1.41592 1.23874 1.21324 1.10157 0.74550 0.34262 0.06347 0.00000 0.00000
0.00000 0.00000 0.00000 0.00000 0.00000 0.00000 0.00000 0.00000 0.00000 0.00000 0.00000 0.00000 0.00000 0.00000 0.00000 0.00000 0.00000 0.00000 0.00000 0.00000 0.00000 0.00000 0.00000 0.00000 0.02410 0.04920 0.07425 0.61101 0.96531 0.97199 0.61501 0.09517 0.00000 0.00000 0.00000 0.00000 0.00000 0.00000 0.00000 0.03861 0.16609 0.73985 1.86996 2.67420 2.76346 2.05826 1.05798 0.53042 0.55793 0.66849 0.55598 0.44667 0.46920 0.42077 0.33284 0.21714 0.06886 0.00000 0.00000 0.00000
0.00000 0.00000 0.00000 0.00000 0.00000 0.00000 0.00000 0.00000 0.00000 0.00000 0.00000 0.00000 0.00000 0.00000 0.00000 0.00000 0.00000 0.00000 0.00000 0.00000 0.00000 0.00000 0.00000 0.02189 0.09683 0.08495 0.33868 0.98558 1.43101 1.42803 0.99515 0.42645 0.02193 0.00000 0.00000 0.00000 0.00000 0.00000 0.00000 0.00000 0.10148 0.60386 1.72543 2.58009 2.78544 2.38495 1.43411 0.76940 0.54235 0.39592 0.16832 0.07359 0.12003 0.08549 0.04102 0.02752 0.00000 0.00000 0.00000 0.00000
0.00000 0.00000 0.00000 0.00000 0.00000 0.00000 0.00000 0.00000 0.00000 0.00000 0.00000 0.00000 0.00000 0.00000 0.00000 0.00000 0.00000 0.00000 0.00000 0.00000 0.00000 0.00000 0.07669 0.16569 0.17170 0.37479 0.87003 1.45645 2.13976 2.38920 1.86491 0.97347 0.20170 0.00000 0.00000 0.00000 0.00000 0.00000 0.00000 0.00000 0.11663 0.47001 1.17259 1.96523 2.37699 2.26511 1.64479 1.11310 0.81980 0.57266 0.27415 0.12556 0.08015 0.02384 0.00000 0.00000 0.00000 0.00000 0.00000 0.00000
0.00000 0.00000 0.00000 0.00000 0.00000 0.00000 0.00000 0.00000 0.00000 0.00000 0.00000 0.00000 0.00000 0.00000 0.00000 0.00000 0.00000 0.00000 0.00000 0.00000 0.00000 0.04133 0.33932 0.35363 0.29906 0.50687 1.16625 2.31949 3.02773 3.51147 3.05160 1.59102 0.45067 0.13096 0.00000 0.00000 0.00000 0.00000 0.00000 0.00000 0.00000 0.18703 0.37070 0.77823 1.27182 1.50423 1.42892 1.20532 1.25055 1.16526 0.86213 0.47109 0.20438 0.06368 0.00000 0.00000 0.00000 0.00000 0.00000 0.00000
0.00000 0.00000 0.00000 0.00000 0.00000 0.00000 0.00000 0.00000 0.00000 0.00000 0.00000 0.00000 0.00000 0.00000 0.00000 0.00000 0.00000 0.00000 0.00000 0.00000 0.00000 0.20562 0.71381 0.65333 0.30826 0.56472 1.47087 3.20856 4.89091 5.48919 4.47558 2.42430 0.87867 0.27121 0.14194 0.12021 0.07231 0.00000 0.00000 0.00000 0.00000 0.00000 0.04873 0.17703 0.41534 0.68187 0.90230 1.10374 1.48602 1.45960 1.37938 1.02515 0.52216 0.22666 0.03726 0.00000 0.00000 0.00000 0.00000 0.00000
0.00000 0.00000 0.00000 0.00000 0.00000 0.00000 0.00000 0.00000 0.00000 0.00000 0.00000 0.00000 0.00000 0.00000 0.00000 0.00000 0.00000 0.00000 0.00000 0.00000 0.02722 0.61323 1.85485 1.59885 0.74084 1.48862 2.81908 4.59498 5.74842 6.15487 5.16572 3.08805 1.20729 0.34533 0.20021 0.32793 0.33200 0.16693 0.25686 0.43516 0.33286 0.11628 0.05177 0.05541 0.11923 0.25066 0.52903 1.03589 1.40217 1.72266 1.66776 1.42057 1.06801 0.58619 0.21074 0.02282 0.00000 0.00000 0.00000 0.00000
0.00000 0.00000 0.00000 0.00000 0.00000 0.00000 0.00000 0.00000 0.00000 0.00000 0.00000 0.00000 0.00000 0.00000 0.00000 0.00000 0.00000 0.00000 0.00000 0.00000 0.10107 1.63454 3.87261 4.52634 3.38384 3.79938 6.17134 8.39818 8.62028 7.85198 6.77145 4.45105 1.92264 0.51248 0.29668 0.84469 1.31475 1.40577 1.55508 1.67914 1.26439 0.59530 0.16146 0.00000 0.00000 0.05430 0.24213 0.75296 1.74895 2.96872 3.08834 2.98772 1.80476 1.10569 0.41074 0.07403 0.00000 0.00000 0.00000 0.00000
0.00000 0.00000 0.00000 0.00000 0.00000 0.00000 0.00000 0.00000 0.00000 0.00000 0.00000 0.00000 0.00000 0.00000 0.00000 0.00000 0.00000 0.00000 0.00000 0.00000 0.08796 1.38284 3.15691 3.99819 4.01897 4.91345 7.08598 10.02427 12.93067 13.60871 10.37140 7.37960 4.21992 2.16324 1.88858 2.59684 3.44445 4.32416 4.58470 4.41612 3.21039 1.55547 0.16861 0.00000 0.00000 0.00000 0.11913 0.97652 2.39168 3.87254 5.16047 5.51705 3.67853 1.74366 0.71394 0.14445 0.00000 0.00000 0.00000 0.00000
0.00000 0.00000 0.00000 0.00000 0.00000 0.00000 0.00000 0.00000 0.00000 0.00000 0.00000 0.00000 0.00000 0.00000 0.00000 0.00000 0.00000 0.00000 0.00000 0.00000 0.00000 0.23976 0.70809 1.05837 2.45652 4.23194 5.68990 8.22889 13.75860 19.74725 17.40924 11.84577 8.07446 7.50874 7.91157 7.52245 7.16536 6.55716 7.52707 7.91279 5.74677 4.12219 1.13443 0.00000 0.00000 0.00000 0.00000 0.28635 1.43694 2.74058 3.70298 4.14646 3.95097 1.94623 0.94303 0.34028 0.03058 0.00000 0.00000 0.00000
0.00000 0.00000 0.00000 0.00000 0.00000 0.00000 0.00000 0.00000 0.00000 0.00000 0.00000 0.00000 0.00000 0.00000 0.00000 0.00000 0.00000 0.00000 0.00000 0.00000 0.00000 0.00000 0.02784 0.27323 1.44563 3.01186 4.31994 6.66315 13.97750 25.53984 25.72082 16.33989 11.17892 14.12902 19.89659 17.86117 11.31257 9.02280 9.77167 8.39899 8.04286 9.32467 3.86886 0.09134 0.00000 0.00000 0.00000 0.00000 0.29382 1.13206 1.79327 2.32963 2.62252 2.22370 1.44067 0.83917 0.32555 0.06048 0.05671 0.00000
0.00000 0.00000 0.00000 0.00000 0.00000 0.00000 0.00000 0.00000 0.00000 0.00000 0.00000 0.00000 0.00000 0.00000 0.00000 0.00000 0.00000 0.00000 0.00000 0.00000 0.00000 0.00000 0.00000 0.22413 1.02783 1.91741 2.54662 4.18752 8.79158 14.85055 15.98416 11.27389 9.93267 15.15206 23.76927 23.22713 13.33589 8.87209 6.58876 5.42780 8.74243 11.97623 5.77977 0.28204 0.00000 0.00000 0.00000 0.00000 0.00000 0.31342 1.15445 1.70446 1.99094 1.53133 1.28007 1.18903 0.95458 0.53386 0.28090 0.08864
0.00000 0.00000 0.00000 0.00000 0.00000 0.00000 0.00000 0.00000 0.00000 0.00000 0.00000 0.00000 0.00000 0.00000 0.00000 0.00000 0.00000 0.00000 0.00000 0.00000 0.00000 0.00000 0.00000 0.05574 0.56446 0.96930 1.45029 2.06397 2.74365 3.49068 2.76114 1.78466 2.81422 5.84443 11.15472 13.74192 9.75965 5.31368 2.22155 1.78799 7.58027 13.59189 5.04177 0.17670 0.00000 0.00000 0.00000 0.00000 0.00000 0.00000 0.30584 1.10785 1.02607 0.53517 0.72111 1.02078 1.13235 0.94166 0.54716 0.20014
0.00000 0.00000 0.00000 0.00000 0.00000 0.00000 0.00000 0.00000 0.00000 0.00000 0.00000 0.00000 0.00000 0.00000 0.00000 0.00000 0.00000 0.00000 0.00000 0.00000 0.00000 0.00000 0.00000 0.00000 0.08838 0.20663 0.27207 0.23300 0.05873 0.07458 0.04852 0.06690 0.67132 1.74135 3.24112 4.10616 3.69625 3.21671 2.19992 3.47518 6.84038 8.58868 4.50609 0.45086 0.07662 0.04581 0.12069 0.40381 0.43914 0.88029 1.35773 0.69675 0.37100 0.34876 0.48551 0.84084 1.19051 1.22165 0.90198 0.41349
0.00000 0.00000 0.00000 0.00000 0.00000 0.00000 0.00000 0.00000 0.00000 0.00000 0.00000 0.00000 0.00000 0.00000 0.00000 0.00000 0.00000 0.00000 0.00000 0.00000 0.00000 0.00000 0.00000 0.00000 0.00000 0.00000 0.00000 0.00000 0.00000 0.00000 0.00000 0.11476 0.68712 1.35437 1.97517 1.38899 1.65496 3.01846 9.30728 13.16697 12.50351 11.72523 8.92895 3.31225 3.77805 2.24883 2.16596 4.08640 3.40359 2.98080 2.85075 1.44906 0.44913 0.32688 0.33494 0.69877 1.15400 1.42384 1.38327 0.86367
0.00000 0.00000 0.00000 0.00000 0.00000 0.00000 0.00000 0.00000 0.00000 0.00000 0.00000 0.00000 0.00000 0.00000 0.00000 0.00000 0.00000 0.00000 0.00000 0.00000 0.00000 0.00000 0.00000 0.00000 0.00000 0.00000 0.00000 0.00000 0.00000 0.00000 0.00000 0.91680 3.13198 4.78796 7.91655 7.77057 5.82341 8.21916 17.39256 26.06864 21.96926 20.59334 27.19096 20.07260 15.39764 8.95021 7.82266 9.25759 8.36422 6.58706 5.18195 2.17615 0.53567 0.24392 0.25078 0.55148 0.91893 1.34616 1.37288 1.28401
0.00000 0.00000 0.00000 0.00000 0.00000 0.00000 0.00000 0.00000 0.00000 0.00000 0.00000 0.00000 0.00000 0.00000 0.00000 0.00000 0.00000 0.00000 0.00000 0.00000 0.00000 0.00000 0.00000 0.00000 0.00000 0.00000 0.07549 0.11411 0.11979 0.10440 0.38206 3.68599 9.20618 14.05529 23.75397 25.51351 19.05854 15.37175 19.78522 41.63992 48.22302 38.96621 38.57023 33.11839 27.64050 17.68113 8.88273 9.95757 9.99834 8.11781 5.51336 1.92523 0.49752 0.13674 0.06624 0.16805 0.45297 0.80237 0.83941 1.22499
0.00000 0.00000 0.00000 0.00000 0.00000 0.00000 0.00000 0.00000 0.00000 0.00000 0.00000 0.00000 0.00000 0.00000 0.00000 0.00000 0.00000 0.00000 0.00000 0.00000 0.00000 0.00000 0.04908 0.26150 0.36660 0.21686 0.06873 0.10723 0.16840 0.17820 1.35235 6.01545 13.59483 18.08196 32.23119 37.66879 26.89134 33.87752 34.70383 40.81045 50.54548 43.04779 39.84015 30.66555 25.23765 19.89707 10.34255 6.91778 5.33178 4.43309 2.94960 1.24209 0.39851 0.07976 0.02307 0.03304 0.14225 0.25271 0.27334 0.79819
0.00000 0.00000 0.00000 0.00000 0.00000 0.00000 0.00000 0.00000 0.00000 0.00000 0.00000 0.00000 0.00000 0.00000 0.00000 0.00000 0.00000 0.00000 0.00000 0.00000 0.00000 0.05658 0.40166 0.96398 0.98265 0.43640 0.06892 0.00000 0.06294 0.04074 0.68494 4.80256 12.62208 11.36337 20.27526 35.21115 27.73226 25.77485 30.98688 30.27749 26.91992 24.71348 17.35164 14.21988 15.17474 11.58832 5.22567 3.02989 2.17830 2.13040 1.73292 0.92058 0.28575 0.05020 0.00000 0.00000 0.02417 0.07869 0.09449 0.38337
0.00000 0.00000 0.00000 0.00000 0.00000 0.00000 0.00000 0.00000 0.00000 0.00000 0.00000 0.00000 0.00000 0.00000 0.00000 0.00000 0.00000 0.00000 0.00000 0.00000 0.00000 0.07748 0.67930 1.51884 1.39227 0.67335 0.13508 0.00000 0.00000 0.00000 0.61897 1.91704 3.08101 5.27853 8.26734 12.30060 15.15957 13.84342 15.73702 15.99191 10.11306 8.33990 6.14072 3.44868 2.91446 3.45560 2.59597 1.69224 1.57015 1.74707 1.51591 0.87628 0.23218 0.00000 0.00000 0.00000 0.02602 0.03984 0.06047 0.08266
0.00000 0.00000 0.00000 0.00000 0.00000 0.00000 0.00000 0.00000 0.00000 0.00000 0.00000 0.00000 0.00000 0.00000 0.00000 0.00000 0.00000 0.00000 0.00000 0.00000 0.00000 0.04257 0.42366 0.96827 1.06306 0.60949 0.03886 0.00000 0.00000 0.00000 0.17923 1.58261 2.43962 3.17238 3.85840 4.75609 2.06081 4.19870 5.95683 6.25144 3.89635 3.22211 1.95495 0.77729 0.89338 1.51947 1.64879 1.05773 0.96142 1.15260 1.22747 1.01164 0.67167 0.41141 0.31099 0.13398 0.00000 0.00000 0.00000 0.00000
0.00000 0.00000 0.00000 0.00000 0.00000 0.00000 0.00000 0.00000 0.00000 0.00000 0.00000 0.00000 0.00000 0.00000 0.00000 0.00000 0.00000 0.00000 0.00000 0.00000 0.00000 0.00000 0.05787 0.29726 0.43197 0.21798 0.00000 0.00000 0.00000 0.00000 0.16624 2.57694 5.18231 8.64087 9.45599 10.95421 7.81607 5.01014 4.03552 3.00050 2.26675 -99999.00000 -99999.00000 1.43307 1.43866 1.22408 1.16311 0.68902 0.48933 0.46963 0.73381 1.96517 2.45493 2.19910 1.81613 1.19172 0.41285 0.00000 0.00000 0.00000
0.00000 0.00000 0.00000 0.00000 0.00000 0.00000 0.00000 0.00000 0.00000 0.00000 0.00000 0.00000 0.00000 0.00000 0.00000 0.00000 0.00000 0.00000 0.00000 0.00000 0.00000 0.00000 0.00000 0.03561 0.16156 0.10951 0.04090 0.00000 0.00000 0.00000 0.00000 0.86406 4.52137 9.71040 10.62129 -99999.00000 -99999.00000 -99999.00000 -99999.00000 -99999.00000 -99999.00000 -99999.00000 -99999.00000 1.94687 1.39641 0.73146 0.53880 0.32447 0.17823 0.15486 1.32603 3.71099 4.84885 4.96671 5.46418 6.27101 5.38731 1.71390 0.00000 0.00000
0.00000 0.00000 0.00000 0.00000 -99999.00000 0.00000 0.00000 0.00000 0.00000 0.00000 0.00000 0.00000 0.00000 0.00000 0.00000 0.00000 0.00000 0.00000 0.00000 0.00000 0.00000 0.00000 0.00000 0.10107 0.38574 0.50949 0.28258 0.13356 0.00000 0.00000 0.00000 0.00000 0.28792 1.58300 -99999.00000 -99999.00000 -99999.00000 -99999.00000 -99999.00000 -99999.00000 -99999.00000 -99999.00000 -99999.00000 -99999.00000 0.25272 0.14593 0.13962 0.11282 0.10775 0.38456 2.61996 4.86879 6.05775 8.61178 14.76019 16.32235 11.92053 5.68206 0.19855 0.00000
-99999.00000 -99999.00000 -99999.00000 -99999.00000 -99999.00000 0.00000 0.00000 0.00000 0.00000 0.00000 0.00000 0.00000 0.00000 0.00000 0.00000 0.00000 0.00000 0.00000 0.00000 0.00000 0.00000 0.00000 0.03431 0.43021 1.02336 1.37703 1.07111 0.74677 0.36405 0.28345 0.04769 0.00000 0.00000 0.00000 -99999.00000 -99999.00000 -99999.00000 -99999.00000 -99999.00000 -99999.00000 -99999.00000 -99999.00000 -99999.00000 -99999.00000 -99999.00000 0.03497 0.04392 0.05587 0.09436 1.16332 3.58811 5.49078 7.85267 16.50752 22.13530 19.81997 14.80445 7.07466 0.00000 0.00000
