DATA/RAW-RASTER/CPC/2017/20170820.asc
ncols			60
nrows			40
xllcorner		70.0
yllcorner		20.0
cellsize		0.5
NODATA_value	-99999
0.00000 0.03465 0.11648 0.10798 0.06212 0.00000 0.00000 0.00000 0.00000 0.26566 0.56167 0.62127 0.76782 1.39630 2.77183 4.02047 4.43429 4.48008 4.98225 5.31660 5.41818 5.38694 5.38830 5.47596 5.75811 6.22405 6.45977 6.08372 4.83018 2.51912 0.98465 0.25984 0.00000 0.00000 0.00000 0.00000 0.00000 0.00000 0.00000 0.00000 0.08206 0.11782 0.11460 0.02710 0.00000 0.00000 0.00000 0.00000 0.00000 0.00000 0.00000 0.00000 0.00000 0.00000 0.08294 0.31821 0.29346 0.32931 0.67370 1.38763
0.00000 0.06602 0.20234 0.22617 0.12855 0.00000 0.00000 0.00000 0.00000 0.19180 0.43484 0.46628 0.56752 0.92962 1.73261 2.98293 4.13509 4.78247 5.25804 5.60682 5.66444 5.57694 5.20467 5.08994 5.15887 5.25951 5.32198 5.12179 4.02545 1.73650 0.67131 0.21538 0.00000 0.00000 0.00000 0.00000 0.00000 0.00000 0.00000 0.04378 0.14251 0.17783 0.17303 0.08882 0.00000 0.00000 0.00000 0.00000 0.00000 0.00000 0.00000 0.00000 0.16351 0.94239 2.29862 2.26853 1.98266 1.74716 1.88645 2.42637
0.00000 0.00000 0.05886 0.10473 0.03989 0.00000 0.00000 0.00000 0.00000 0.02374 0.41479 0.66602 0.70285 0.79036 1.14677 2.97817 5.63598 7.22563 7.46503 6.94469 6.14043 5.48428 4.93658 4.45129 4.18104 4.34275 4.59228 4.48932 3.28351 1.13531 0.41262 0.12595 0.00000 0.00000 0.00000 0.00000 0.00000 0.00000 0.00000 0.11351 0.18924 0.20284 0.18554 0.13390 0.00000 0.00000 0.00000 0.00000 0.03604 0.07250 0.15331 0.73513 2.95804 7.16181 10.58397 9.76273 7.22496 6.19653 5.59043 4.67054
0.00000 0.00000 0.00000 0.00000 0.00000 0.00000 0.00000 0.00000 0.00000 0.00000 0.45253 1.16085 1.66168 1.69196 2.43658 6.20892 10.67647 12.00252 10.38692 7.69651 5.67554 4.59851 4.03049 3.71660 3.56688 3.64311 3.71494 3.57112 2.26034 0.54010 0.22177 0.04234 0.00000 0.00000 0.00000 0.00000 0.00000 0.00000 0.03854 0.16006 0.18859 0.19529 0.18524 0.15492 0.07992 0.04815 0.05328 0.11155 0.17548 0.20839 0.31096 1.24160 4.88361 13.12696 21.38367 23.33750 17.51930 12.05958 8.35360 6.67025
0.00000 0.00000 0.00000 0.00000 0.00000 0.00000 0.00000 0.00000 0.00000 0.02654 0.73661 2.02666 3.75142 5.32849 8.15712 13.01746 16.44657 15.14144 10.45582 5.96768 4.00331 3.38643 3.15599 3.03411 2.98641 3.01674 3.06598 2.74184 1.47851 0.53729 0.08944 0.00000 0.00000 0.00000 0.00000 0.00000 0.00000 0.00000 0.10955 0.18228 0.20934 0.21327 0.20228 0.21331 0.25091 0.33682 0.46712 0.61270 0.67394 0.55650 0.43862 1.59144 6.73475 16.63336 24.45772 26.28917 22.59321 14.70827 8.40582 5.82465
0.00000 0.00000 0.00000 0.00000 0.00000 0.00000 0.00000 0.00000 0.00000 0.00000 0.89984 3.73778 6.82502 10.12942 13.73099 16.75220 17.34670 14.13374 7.93512 3.70182 2.74492 2.65658 2.66599 2.68023 2.67090 2.68878 2.66824 2.44987 1.55459 0.68931 0.15045 0.00000 0.00000 0.00000 0.00000 0.00000 0.02248 0.05708 0.15818 0.21192 0.23905 0.25342 0.29195 0.40918 0.58656 0.90082 1.31378 1.69889 1.92971 1.86917 1.87208 3.06415 7.46181 12.94434 17.42205 18.55836 17.40521 12.43977 7.27332 4.81412
0.00000 0.00000 0.00000 0.00000 0.00000 0.00000 0.00000 0.00000 0.00000 0.00000 1.10470 6.06410 10.32962 13.84050 16.83915 18.50414 17.52720 12.88066 6.94829 3.73088 2.87618 2.59545 2.57303 2.63593 2.67533 2.68137 2.72354 2.64900 1.95908 0.94084 0.24326 0.06315 0.00000 0.00000 0.02052 0.04485 0.08148 0.14167 0.21095 0.26829 0.31693 0.39707 0.51218 0.91622 1.20667 1.54974 2.04450 2.60936 3.07782 3.24462 3.17431 3.72535 5.72571 8.40908 10.30026 9.76729 8.59971 8.08700 6.49481 4.64119
0.00000 0.00000 0.00000 0.00000 0.00000 0.00000 0.00000 0.00000 0.00000 0.00000 0.00000 5.10686 11.34795 15.94586 17.27005 17.01544 15.24886 11.42291 7.29194 4.64828 3.66245 3.07413 2.92995 2.96915 2.98386 2.92809 2.88701 2.72153 2.22380 1.20929 0.40397 0.12090 0.04339 0.02981 0.04586 0.08084 0.14495 0.23604 0.33792 0.46364 0.67176 1.02667 1.57974 2.15390 2.13492 2.22273 2.61430 3.10729 3.68319 4.00320 4.00076 4.09486 4.68713 5.42895 5.82170 5.37726 6.00688 6.82375 5.32984 4.12518
0.00000 0.00000 0.00000 0.00000 0.00000 0.00000 0.00000 0.00000 0.00000 0.00000 0.00000 0.25946 3.67286 11.74217 17.28803 15.33327 12.94706 10.08774 7.18610 5.20615 4.12777 3.56388 3.26087 3.07051 2.94398 2.84472 2.73996 2.54628 2.19963 1.40891 0.62329 0.21249 0.04622 0.05711 0.09841 0.16865 0.28847 0.48976 0.72380 1.05081 1.47987 2.05508 2.52692 2.76983 2.75242 2.88011 3.23716 4.15053 4.53632 4.81923 5.08089 4.98454 4.89942 5.33690 5.43593 4.70796 4.73176 4.66548 4.22840 3.59431
0.00000 0.00000 0.00000 0.00000 0.00000 0.00000 0.00000 0.00000 0.00000 0.00000 0.00000 0.00000 0.00000 0.73024 7.23222 12.36402 10.71432 8.59865 6.69576 5.03495 3.98663 3.39273 3.00039 2.71434 2.52948 2.40251 2.33567 2.26222 2.03409 1.50322 0.92768 0.35019 0.00000 0.04282 0.14787 0.27915 0.74682 1.05278 1.29306 1.58753 1.87538 2.16686 2.35040 2.42637 2.48508 2.52374 2.66877 3.39247 4.83216 5.51250 5.18060 4.66723 4.24254 3.99196 3.12889 2.00740 1.47610 1.70553 2.30773 2.39169
0.00000 0.00000 0.00000 0.00000 0.00000 0.00000 0.00000 0.00000 0.00000 0.00000 0.00000 0.00000 0.00000 0.00000 0.10818 1.21810 3.88801 5.58314 4.69375 3.75843 2.93813 2.38792 2.00760 1.64651 1.51862 1.69602 1.97051 2.13903 1.95660 1.65173 1.05300 0.24613 0.15546 0.23813 0.32793 0.50768 0.89971 1.20350 1.47636 1.72346 1.89944 2.08243 2.16988 2.09944 2.14273 2.25674 2.39802 2.63804 2.88459 2.54099 1.71128 1.18223 1.23934 1.47407 1.16480 0.50246 0.22183 0.65742 1.56014 2.21011
0.00000 0.00000 0.00000 0.00000 0.00000 0.00000 0.00000 0.00000 0.00000 0.00000 0.00000 0.00000 0.00000 0.00000 0.00000 0.00000 0.00000 0.16263 0.43224 0.55456 0.55713 0.55636 0.59039 0.61209 0.67237 0.79015 0.88164 0.90876 0.95200 0.86748 0.52009 0.17954 0.24927 0.27621 0.32885 0.47157 0.66130 0.92501 1.29006 1.69554 1.98760 2.05035 2.01170 1.90487 1.84635 1.89922 2.06981 2.14201 1.76995 0.96241 0.38708 0.16384 0.39803 0.86546 1.05165 0.85242 0.76803 1.16022 1.83873 2.37275
0.00000 0.00000 0.00000 0.05555 0.21886 0.48788 0.34733 0.00000 0.00000 0.00000 0.00000 0.04213 0.00000 0.00000 0.00000 0.00000 0.00000 0.00000 0.00000 0.02090 0.03598 0.04982 0.06633 0.09026 0.12855 0.18222 0.25439 0.31430 0.36420 0.18639 0.21652 0.22948 0.25971 0.26436 0.28401 0.31467 0.36692 0.52094 0.82462 1.21251 1.72001 2.00487 2.07715 1.97326 1.83098 1.81421 1.80164 1.46494 0.98237 0.52633 0.28729 0.29400 0.72325 1.50804 1.96941 2.01583 2.00431 2.16899 2.38243 2.38801
0.00000 0.00000 0.00000 0.09886 0.26784 0.50357 0.35414 0.08656 0.81983 1.58068 1.09681 0.57458 0.12054 0.03692 0.06638 0.04517 0.04113 0.04679 0.00000 0.00000 0.00000 0.00000 0.00000 0.00000 0.03274 0.06075 0.10178 0.11384 0.11509 0.08875 0.24637 0.32011 0.31761 0.30066 0.28789 0.28280 0.28233 0.29895 0.36981 0.55506 0.92346 1.48718 1.82066 1.88242 1.85599 1.63358 1.29074 0.93528 0.60035 0.41237 0.39021 0.69560 1.52805 2.51699 2.91495 3.19648 3.74466 3.77121 3.14922 2.57425
0.00000 0.00000 0.00000 0.00000 0.02209 0.04809 0.00000 0.26652 1.53629 4.72573 4.33306 2.15149 0.75546 0.26117 0.09383 0.14828 0.21730 0.11748 0.03805 0.00000 0.00000 0.00000 0.00000 0.00000 0.03057 0.05549 0.09429 0.13087 0.02900 0.17746 0.31174 0.38566 0.36721 0.33968 0.32687 0.29713 0.26461 0.22522 0.19738 0.22036 0.35850 0.61769 0.89637 1.09829 1.18051 1.00882 0.72918 0.55732 0.52864 0.50267 0.50135 0.95279 1.92631 2.97537 3.72500 5.31909 6.78685 6.51754 4.57897 2.62713
0.00000 0.00000 0.00000 0.00000 0.00000 0.00000 0.00000 0.12117 0.53407 2.25778 3.80211 3.55113 2.00823 1.39558 0.64323 1.18661 0.62719 0.21651 0.03985 0.00000 0.00000 0.00000 0.02424 0.04671 0.08890 0.14889 0.20567 0.21743 0.11389 0.27389 0.41271 0.46365 0.42721 0.40102 0.40285 0.36697 0.31180 0.22867 0.14286 0.10003 0.14883 0.32360 0.52100 0.60579 0.61655 0.54981 0.44755 0.41334 0.59157 0.95824 1.28648 1.71343 2.32796 3.08465 4.66385 7.97571 11.27292 10.63713 6.66280 2.78549
0.00000 0.00000 0.00000 0.00000 0.00000 0.00000 0.00000 0.00000 0.14253 0.51869 2.50653 6.61051 9.13840 7.76725 3.97830 4.83613 1.72763 0.31566 0.00000 0.00000 0.02234 0.06746 0.09943 0.15733 0.23967 0.30238 0.34414 0.23848 0.21315 0.41886 0.54155 0.63339 0.52251 0.44596 0.40232 0.37510 0.34576 0.27342 0.16631 0.07056 0.10582 0.34365 0.57125 0.57191 0.53905 0.49202 0.41240 0.37031 0.67727 1.55174 2.51711 2.91013 2.52970 2.34845 3.70082 7.73635 12.76167 13.97486 8.13673 2.77617
0.00000 0.00000 0.00000 0.00000 0.00000 0.00000 0.00000 0.00000 0.11478 0.75008 2.98097 7.10364 11.22111 12.42690 10.09851 7.17637 3.00982 0.84500 0.33627 0.12593 0.21284 0.31037 0.36099 0.39471 0.41320 0.39492 0.37553 0.26993 0.31983 0.48179 0.64168 0.80914 0.75197 0.61691 0.50853 0.45478 0.41403 0.36227 0.29546 0.17352 0.26894 0.78355 1.11396 0.85692 0.69086 0.67413 0.57965 0.53719 0.87518 1.90122 2.83679 2.93498 2.14619 1.34403 1.70257 5.04470 10.27223 11.63795 7.05829 3.21167
0.00000 0.00000 0.00000 0.00000 0.00000 0.00000 0.00000 0.00000 0.11499 1.19385 3.06307 5.41128 6.60313 11.10202 13.95079 8.72195 4.49298 1.65592 0.77932 0.62645 0.52819 0.63930 0.67629 0.57401 0.48900 0.43738 0.39010 0.34577 0.55935 0.99293 1.23538 1.34182 1.26286 0.97255 0.77084 0.64907 0.54046 0.53077 0.67148 0.90764 1.61380 3.15366 3.92910 3.18202 2.10979 1.46818 0.97262 0.74874 0.87416 1.43043 1.82106 1.83861 1.61939 1.25983 1.45713 3.09716 5.45783 5.74086 4.16083 3.22526
0.00000 0.00000 0.00000 0.00000 0.00000 0.00000 0.00000 0.00000 0.00000 0.74773 1.71129 2.29637 1.47747 1.76505 6.10294 5.71830 3.07398 1.04681 0.83716 1.35433 1.36416 1.17140 1.04548 0.76578 0.52402 0.44616 0.39512 0.32371 0.69705 1.38701 2.12527 2.31178 2.17542 1.76326 1.46249 1.34231 1.31676 1.42048 1.89149 2.93762 5.40343 7.87166 8.57622 7.90634 5.66442 3.09018 1.42001 0.62324 0.43138 0.60196 0.98952 1.24646 1.23235 1.22645 1.42251 1.90756 1.99884 1.38645 1.36246 2.97489
0.00000 0.00000 0.00000 0.00000 0.00000 0.00000 0.00000 0.00000 0.00000 0.18567 0.42245 0.38420 0.16271 0.24839 0.74256 0.78740 0.18702 0.07683 0.07515 1.71653 3.48013 3.64966 2.66125 1.27568 0.56830 0.39996 0.40156 0.53143 0.91593 1.75559 3.16791 3.96625 3.38743 2.80401 2.40700 2.25063 2.49729 2.78605 3.08450 4.50438 7.53047 10.05729 10.57929 9.87668 7.81760 4.27228 1.59406 0.46877 0.13101 0.10661 0.28298 0.54356 0.67941 0.87634 0.77656 0.84294 0.60258 0.32413 0.63241 2.19663
0.00000 0.00000 0.00000 0.00000 0.00000 0.00000 0.00000 0.00000 0.00000 0.00000 0.00000 0.00000 0.00000 0.00000 0.00000 0.00000 0.00000 0.00000 0.04890 1.57640 6.46974 7.50544 3.85270 1.20253 0.73805 0.83213 0.67721 0.63160 0.84125 1.89613 3.47666 4.36135 3.92683 2.85449 2.41442 2.28715 2.58086 2.99099 2.90060 3.78479 6.55244 8.63654 9.13162 7.98743 6.17641 3.92537 1.92234 0.71790 0.15632 0.02472 0.06176 0.14510 0.13792 0.11974 0.09200 0.05231 0.15702 0.19479 0.43627 0.85357
0.00000 0.00000 0.00000 0.00000 0.00000 0.00000 0.00000 0.00000 0.00000 0.00000 0.00000 0.00000 0.00000 0.00000 0.00000 0.00000 0.10977 0.00000 0.00000 0.85659 4.25236 4.94867 2.26800 0.76447 1.05279 1.61786 1.64426 1.08496 1.09090 2.16606 4.11928 5.66779 5.10321 3.27854 2.49120 2.29887 2.23853 2.20453 2.08945 2.67605 4.78431 6.50468 6.81125 5.24744 3.88299 3.11655 2.06816 1.09493 0.17396 0.00000 0.00000 0.00000 0.00000 0.00000 0.00000 0.00000 0.03062 0.04489 0.14430 0.26463
0.00000 0.00000 0.00000 0.00000 0.00000 0.00000 0.00000 0.00000 0.00000 0.00000 0.00000 0.00000 0.00000 0.00000 0.00000 0.91163 1.68487 0.44104 0.00000 0.28517 1.42052 1.64368 0.85876 0.52177 1.33592 2.80963 3.43710 2.06086 2.06560 4.52997 6.17822 8.21257 9.06492 6.62294 3.81658 2.30961 1.41462 0.97101 0.86122 1.38678 2.68087 3.62066 3.67276 3.25528 2.76125 2.43890 3.07333 2.46715 0.23056 0.02482 0.00000 0.00000 0.00000 0.00000 0.00000 0.00000 0.02752 0.04313 0.13192 0.42984
0.00000 0.00000 0.00000 0.00000 0.00000 0.00000 0.00000 0.00000 0.00000 0.00000 0.00000 0.00000 0.00000 0.00000 0.41553 1.43901 1.89565 1.02164 0.28981 0.32338 0.27877 0.08858 0.00000 0.17404 1.75750 4.31679 6.06895 5.00395 3.91902 6.05384 10.85161 13.62562 18.38997 16.44739 6.39601 2.16657 0.95373 0.40460 0.27795 0.53840 0.89296 1.26042 1.55431 1.45126 1.75233 2.83438 3.47174 2.00914 0.28848 0.36223 0.11221 0.00000 0.00000 0.00000 0.00000 0.05783 0.19347 0.35558 0.61144 1.46841
0.00000 0.00000 0.00000 0.00000 0.00000 0.00000 0.02500 0.00000 0.00000 0.00000 0.00000 0.00000 0.00000 0.00000 0.00000 0.00000 0.09374 0.11589 0.16810 0.00000 0.00000 0.00000 0.00000 0.15513 1.54305 3.67259 5.44313 5.11473 3.59158 2.71833 7.65413 18.61284 27.88981 21.04441 5.62698 1.37412 0.50703 0.51989 0.76215 0.52870 0.15523 0.00000 0.09610 0.32674 1.14366 1.63432 1.29101 1.99413 0.96680 0.80140 0.47073 0.36259 0.20907 0.06276 0.00000 0.29030 0.71937 1.18056 1.88113 3.34142
0.00000 0.00000 0.00000 0.00000 0.02165 0.23259 0.49895 0.29512 0.00000 0.00000 0.00000 0.00000 0.00000 0.09221 0.09719 0.02175 0.00000 0.00000 0.00000 0.00000 0.00000 0.00000 0.00000 0.03002 0.71548 1.32411 1.10397 1.52099 1.35727 1.48976 5.46090 13.57479 16.15440 8.63043 0.60514 0.04171 0.03638 1.83732 1.61940 0.22729 0.00000 0.00000 0.00000 1.09503 2.59853 1.90334 2.34940 2.87027 2.84816 2.26608 1.49952 1.00470 0.70253 0.36957 0.19492 0.75877 1.22004 1.72552 2.46862 3.48006
0.00000 0.00000 0.00000 0.00000 0.50082 1.02554 1.19316 0.92959 0.29494 0.03688 0.00000 0.00000 0.39031 0.84630 0.44196 0.00000 0.00000 0.00000 0.00000 0.00000 0.00000 0.00000 0.00000 0.00000 0.00000 0.07387 0.04752 0.14859 0.03720 0.17895 0.34158 3.86344 4.77839 2.25154 0.15701 0.39311 0.19748 1.68269 0.67886 0.00000 0.00000 0.04192 1.50807 5.11393 11.59658 9.94649 4.22150 2.80041 3.18540 2.97045 2.43309 1.74411 0.78997 0.23206 0.26995 0.68596 1.10820 1.49987 1.78367 1.91405
0.00000 0.03394 0.06626 0.39169 1.67066 3.04237 3.49641 2.26252 0.92395 0.29238 0.10480 0.00000 0.77135 1.48036 0.53688 0.00000 0.00000 0.00000 0.00000 0.00000 0.00000 0.00000 0.00000 0.00000 0.00000 0.00000 0.00000 0.00000 0.00000 0.00000 0.00000 0.40603 1.38978 1.29330 2.39247 2.81040 0.73006 0.00000 0.00000 0.00000 0.00000 0.82847 13.24226 32.07009 27.16546 9.69031 2.16864 1.53287 1.96829 2.01062 2.00477 1.22910 0.29715 0.13285 0.14748 0.36111 0.76172 1.31497 1.51998 1.14570
0.00000 0.39291 0.69873 1.40258 4.12451 6.87770 7.19333 3.83233 1.86561 1.35250 0.82600 0.11588 0.20680 0.86487 0.10225 0.00000 0.00000 0.00000 0.00000 0.00000 0.00000 0.00000 0.00000 0.00000 0.00000 0.00000 0.00000 0.11089 0.46590 0.28459 0.14974 0.12899 0.76136 1.22008 4.00055 4.13696 0.86991 0.00000 0.00000 0.00000 0.00000 2.60518 13.45580 23.50345 24.57259 5.62343 0.31562 0.67714 0.75377 0.89991 1.01480 0.62555 0.06980 0.08754 0.06262 0.14283 0.31753 1.34726 2.35962 1.84471
0.74834 1.78565 3.63994 6.27661 9.20809 11.45051 7.83908 3.11220 2.78160 3.65676 2.18321 0.71591 0.00000 0.00000 0.00000 0.00000 0.00000 0.00000 0.00000 0.00000 0.00000 0.00000 0.00000 0.00000 0.00000 0.00000 0.07857 0.77751 1.05241 0.95607 0.89860 1.32909 3.82052 5.28423 5.19474 2.88456 0.48041 0.13434 0.00000 0.00000 0.03500 2.56847 8.21274 6.99865 4.58292 1.05459 1.51725 1.08990 0.82191 0.97509 1.02670 0.41544 0.03158 0.03336 0.04704 0.15011 0.43458 1.50266 2.43646 3.23488
2.74648 4.12593 7.74950 10.99734 13.31457 10.73436 5.10022 2.52549 2.88336 3.59253 2.70749 0.82473 0.00000 0.00000 0.00000 0.00000 0.00000 0.00000 0.00000 0.16523 0.13031 0.03528 0.00000 0.00000 0.00000 0.07152 0.80020 1.38056 1.57125 1.26531 1.50868 4.07254 10.36557 17.09221 16.13391 6.70616 1.10677 0.54940 0.13941 0.00000 0.14725 2.68779 6.87543 9.09886 8.83703 12.80733 6.75577 4.26572 2.38636 1.64989 1.20686 0.28756 0.02948 0.00000 0.00000 0.08299 0.45742 1.41206 2.18436 4.26315
3.66636 5.03136 8.40095 12.45838 14.17703 10.11895 5.28868 4.40161 4.69485 4.38005 3.28713 1.38052 0.17192 0.00000 0.12919 0.02067 0.00000 0.00000 0.38160 1.47017 1.73973 0.50616 0.00000 0.05886 0.11867 0.47292 0.80299 1.31673 1.50245 1.05910 1.42931 4.74515 12.95499 30.84085 32.80083 13.58063 4.55841 2.37499 1.18861 0.41183 0.60311 1.84689 4.47117 8.97130 19.62556 26.65483 13.64007 6.61524 3.43060 2.07222 1.06286 0.59682 0.04974 0.00000 0.00000 0.03423 0.22402 0.65742 1.03695 3.43962
3.70796 4.61123 7.71508 12.84778 23.86456 23.94615 15.39889 11.53005 9.10013 7.11646 5.33870 2.11174 1.47476 1.07308 0.75413 0.10057 0.02156 0.04114 1.05410 3.76268 3.73421 1.28083 0.49283 1.05812 1.11624 0.67768 0.40746 0.67991 0.81765 0.47281 1.34039 5.75155 12.47150 37.96914 45.70110 22.74967 8.45264 2.65944 1.26768 2.20575 2.80969 0.57455 0.55506 9.12379 31.42578 29.93705 12.27276 5.20958 2.95757 2.22837 1.14308 0.57461 0.04913 0.00000 0.00000 0.00000 0.05469 0.25366 0.48860 1.98231
3.65525 5.43725 6.76797 10.07225 23.23118 22.95863 17.38926 18.40459 14.04841 12.84008 12.75201 8.72756 8.42440 7.17802 3.66344 1.08106 0.24747 0.77666 1.62095 3.08867 2.30799 1.04717 1.02869 1.72139 1.51540 0.95914 0.47010 0.29703 0.11728 0.67165 3.63777 8.85581 15.96329 27.98727 29.65272 13.64393 5.49238 3.75629 3.77100 3.29045 1.42488 0.09017 0.49729 14.38364 48.47186 42.31047 19.04888 5.94915 3.55208 3.14355 2.21056 1.02732 0.05897 0.00000 0.00000 0.00000 0.06255 0.15042 0.38879 0.79567
7.11169 8.69801 8.50124 10.66516 15.26849 17.83424 23.14407 26.20942 22.74346 18.16027 19.00235 18.58704 19.53708 18.52756 9.68454 2.81648 1.43144 2.66628 3.49013 4.22123 3.48781 2.31799 1.65377 1.53476 1.50642 1.14839 0.18257 0.00000 0.00000 0.28814 3.25483 6.64206 10.20571 12.43131 12.25762 4.84777 2.00506 4.14043 4.02119 2.37591 0.14647 0.00000 3.60388 18.37202 38.25448 42.38671 26.99763 8.40166 3.49889 3.34486 2.78976 1.72864 0.43900 0.29357 0.23580 0.11195 0.00000 0.18095 0.53061 0.49209
13.71071 14.14858 11.35060 14.43757 17.67086 28.75482 36.26983 32.49979 25.06823 24.62092 29.30263 29.89351 30.76934 27.21800 12.59242 3.27336 2.14690 3.00688 3.89776 5.95189 7.73945 4.04982 1.55701 0.98348 1.17679 1.47916 1.30617 1.44409 0.99755 0.91112 1.55711 3.24823 6.27721 6.79843 5.89012 3.30532 2.44964 3.60251 3.31010 1.57559 0.03612 -99999.00000 -99999.00000 5.87485 14.15569 21.79483 21.42214 9.45454 3.01022 2.61365 2.94260 2.53924 1.72234 1.53011 1.31781 1.11002 1.46675 2.46452 2.07345 1.83211
26.85357 28.22441 22.87271 25.18602 31.77906 53.44944 62.43343 40.79908 20.26625 26.60160 49.90608 51.79345 35.12642 21.30927 8.81834 2.87689 2.91661 3.18176 3.25091 5.69020 8.25148 4.15554 0.84903 0.53225 1.10269 2.07790 2.79021 3.66611 3.78663 3.62895 3.01810 3.77990 7.55868 10.39187 8.56153 -99999.00000 -99999.00000 -99999.00000 -99999.00000 -99999.00000 -99999.00000 -99999.00000 -99999.00000 0.70719 2.36353 5.79306 8.53449 6.77353 2.85134 1.74692 2.38391 2.88689 3.66158 3.83337 4.63479 7.02265 10.18212 10.58614 7.53449 5.81995
36.78446 45.47959 36.96921 37.33811 -99999.00000 75.59530 74.29999 40.51259 9.68621 17.79455 48.41879 53.57304 32.49935 14.05826 4.25665 2.34407 3.43964 4.96851 3.46901 3.33871 4.33682 3.00524 0.98643 0.76130 1.58350 2.79786 3.78944 4.41384 4.34175 4.56067 4.29397 3.92994 7.19677 13.02992 -99999.00000 -99999.00000 -99999.00000 -99999.00000 -99999.00000 -99999.00000 -99999.00000 -99999.00000 -99999.00000 -99999.00000 0.14786 1.06319 2.40707 3.33688 2.70989 1.48899 1.87873 3.68804 4.61871 6.83802 13.04743 17.46644 18.99651 18.39612 15.02190 12.27880
-99999.00000 -99999.00000 -99999.00000 -99999.00000 -99999.00000 72.04272 77.33450 33.83091 16.48761 28.02324 50.57842 47.25070 36.01815 23.58351 11.28923 4.02462 1.96389 3.08037 2.43523 2.06795 2.64688 2.30495 0.58437 1.34559 2.36591 2.41609 3.29713 4.25429 3.62034 3.58769 3.39577 3.02853 2.91721 3.37687 -99999.00000 -99999.00000 -99999.00000 -99999.00000 -99999.00000 -99999.00000 -99999.00000 -99999.00000 -99999.00000 -99999.00000 -99999.00000 0.28534 0.75692 0.84012 0.92789 1.85553 3.42897 4.57506 6.37131 13.73561 19.52323 19.18804 20.83828 22.76396 19.28249 14.93793
