DATA/RAW-RASTER/CPC/2017/20170707.asc
ncols			60
nrows			40
xllcorner		70.0
yllcorner		20.0
cellsize		0.5
NODATA_value	-99999
0.00000 0.00000 0.00000 0.00000 0.00000 0.00000 0.00000 0.00000 0.00000 0.00000 0.00000 0.00000 0.00000 0.00000 0.00000 0.00000 0.00000 0.00000 0.00000 0.00000 0.00000 0.00000 0.00000 0.00000 0.00000 0.00000 0.00000 0.00000 0.00000 0.00000 0.00000 0.00000 0.00000 0.00000 0.00000 0.00000 0.00000 0.00000 0.00000 0.00000 0.00000 0.00000 0.00000 0.00000 0.00000 0.00000 0.00000 0.00000 0.00000 0.00000 0.00000 0.00000 0.00000 0.00000 0.00000 0.00000 0.00000 0.00000 0.00000 0.00000
0.00000 0.00000 0.00000 0.00000 0.00000 0.00000 0.00000 0.00000 0.00000 0.00000 0.00000 0.00000 0.00000 0.00000 0.00000 0.00000 0.00000 0.00000 0.00000 0.00000 0.00000 0.00000 0.00000 0.00000 0.00000 0.00000 0.00000 0.00000 0.00000 0.00000 0.00000 0.00000 0.00000 0.00000 0.00000 0.00000 0.00000 0.00000 0.00000 0.00000 0.00000 0.00000 0.00000 0.00000 0.00000 0.00000 0.00000 0.00000 0.00000 0.00000 0.00000 0.00000 0.00000 0.06628 0.15259 0.17333 0.17860 0.17068 0.14161 0.08550
0.00000 0.00000 0.00000 0.00000 0.00000 0.00000 0.00000 0.00000 0.00000 0.00000 0.00000 0.00000 0.00000 0.00000 0.00000 0.00000 0.00000 0.00000 0.00000 0.00000 0.00000 0.00000 0.00000 0.00000 0.00000 0.00000 0.00000 0.00000 0.00000 0.00000 0.00000 0.00000 0.00000 0.00000 0.00000 0.00000 0.00000 0.00000 0.00000 0.00000 0.00000 0.00000 0.00000 0.00000 0.00000 0.00000 0.00000 0.00000 0.00000 0.00000 0.00000 0.05972 0.23192 0.55143 0.88437 0.95211 0.93555 1.10448 1.07427 0.62451
0.00000 0.00000 0.00000 0.00000 0.00000 0.00000 0.00000 0.00000 0.00000 0.00000 0.00000 0.00000 0.00000 0.00000 0.00000 0.00000 0.00000 0.00000 0.00000 0.00000 0.00000 0.00000 0.00000 0.00000 0.00000 0.00000 0.00000 0.00000 0.00000 0.00000 0.00000 0.00000 0.00000 0.00000 0.00000 0.00000 0.00000 0.00000 0.00000 0.00000 0.00000 0.00000 0.00000 0.00000 0.00000 0.00000 0.00000 0.00000 0.00000 0.00000 0.00000 0.10446 0.40453 1.04560 1.80688 2.28351 2.39400 2.88202 3.25065 3.03848
0.00000 0.00000 0.00000 0.00000 0.00000 0.00000 0.00000 0.00000 0.00000 0.00000 0.00000 0.00000 0.00000 0.00000 0.00000 0.00000 0.00000 0.00000 0.00000 0.00000 0.00000 0.00000 0.00000 0.00000 0.00000 0.00000 0.00000 0.00000 0.00000 0.00000 0.00000 0.00000 0.00000 0.00000 0.00000 0.00000 0.00000 0.00000 0.00000 0.00000 0.00000 0.00000 0.00000 0.00000 0.00000 0.00000 0.00000 0.00000 0.00000 0.00000 0.00000 0.12863 0.57083 1.32537 1.93940 2.61710 3.46600 4.26931 5.06084 5.61317
0.00000 0.00000 0.00000 0.00000 0.00000 0.00000 0.00000 0.00000 0.00000 0.00000 0.00000 0.00000 0.00000 0.00000 0.00000 0.00000 0.00000 0.00000 0.00000 0.00000 0.00000 0.00000 0.00000 0.00000 0.00000 0.00000 0.00000 0.00000 0.00000 0.00000 0.00000 0.00000 0.00000 0.00000 0.00000 0.00000 0.00000 0.00000 0.00000 0.00000 0.00000 0.00000 0.00000 0.00000 0.00000 0.00000 0.00000 0.00000 0.00000 0.00000 0.05699 0.21887 0.70836 1.20864 1.59636 2.52484 4.29920 5.35233 5.67169 5.92620
0.00000 0.02507 0.02489 0.00000 0.03163 0.05256 0.04825 0.00000 0.00000 0.00000 0.00000 0.00000 0.00000 0.00000 0.00000 0.00000 0.00000 0.00000 0.00000 0.00000 0.00000 0.00000 0.00000 0.00000 0.00000 0.00000 0.00000 0.00000 0.00000 0.00000 0.00000 0.00000 0.00000 0.00000 0.00000 0.00000 0.00000 0.00000 0.00000 0.02426 0.02634 0.03746 0.04845 0.03304 0.00000 0.00000 0.00000 0.00000 0.00000 0.00000 0.06666 0.27763 0.80007 1.50590 2.52018 3.98242 5.36367 6.07008 6.21588 5.53793
0.09602 0.29472 0.22789 0.11478 0.23530 0.35241 0.36790 0.32382 0.13693 0.00000 0.00000 0.00000 0.00000 0.00000 0.00000 0.00000 0.00000 0.00000 0.00000 0.00000 0.00000 0.00000 0.00000 0.00000 0.00000 0.00000 0.00000 0.00000 0.00000 0.00000 0.00000 0.00000 0.00000 0.00000 0.00000 0.02477 0.04060 0.06484 0.09150 0.12491 0.16959 0.22071 0.25947 0.22341 0.11753 0.04711 0.00000 0.06367 0.07759 0.08084 0.19502 0.59309 1.34504 2.26471 3.49448 4.97598 6.92783 7.40529 5.77228 4.72186
0.77108 1.22643 1.22702 0.87896 1.24181 1.17835 0.71454 0.30946 0.00000 0.00000 0.00000 0.00000 0.00000 0.00000 0.00000 0.00000 0.00000 0.00000 0.00000 0.00000 0.00000 0.00000 0.00000 0.00000 0.00000 0.00000 0.00000 0.00000 0.00000 0.00000 0.00000 0.04556 0.11895 0.11965 0.09340 0.08916 0.15146 0.23489 0.34052 0.48482 0.63981 0.74933 0.73306 0.54193 0.28273 0.11597 0.11959 0.37732 0.65540 0.97461 1.69204 2.92055 4.15158 5.32286 5.95449 5.82653 6.32403 6.20757 5.37950 4.14295
1.51865 2.71791 3.53191 4.41789 3.42420 2.24551 1.00763 0.09365 0.00000 0.00000 0.00000 0.00000 0.00000 0.00000 0.00000 0.00000 0.00000 0.00000 0.00000 0.00000 0.00000 0.00000 0.00000 0.00000 0.00000 0.00000 0.00000 0.00000 0.03638 0.26690 0.60550 1.00197 1.21446 1.11724 0.94350 0.62985 0.65629 0.84033 0.98718 1.15601 1.24197 1.27784 1.21385 0.98244 0.62406 0.25449 0.19220 0.85289 2.97284 6.65744 10.82579 14.05348 14.11564 11.15268 6.99612 4.55235 3.78586 3.82691 3.90372 2.82755
2.15638 3.32280 4.47903 4.29839 2.50748 1.59262 0.14066 0.00000 0.00000 0.00000 0.00000 0.00000 0.00000 0.00000 0.00000 0.03824 0.05483 0.00000 0.00000 0.00000 0.00000 0.00000 0.00000 0.00000 0.00000 0.00000 0.00000 0.03536 0.26249 0.87138 2.09859 3.47150 3.91451 4.21138 4.11383 4.00988 3.66358 2.80849 2.18302 1.91515 1.82266 1.84381 1.79759 1.63793 1.45671 1.08974 0.97674 2.12073 6.46935 14.28972 21.18474 23.70078 22.24603 16.22493 8.50005 4.00197 2.65936 2.84215 2.80649 1.98132
3.98092 4.03603 3.73003 2.59402 1.49246 0.27383 0.00000 0.00000 0.00000 0.00000 0.00000 0.00000 0.00000 0.00000 0.00000 0.08649 0.10626 0.00000 0.00000 0.00000 0.00000 0.00000 0.00000 0.00000 0.00000 0.00000 0.05712 0.18394 0.62357 1.83770 4.03912 5.67147 6.08879 6.07121 6.17504 6.29951 5.83881 5.04652 4.11706 3.21385 2.78782 2.45345 2.23223 2.10411 2.09117 2.02600 2.32093 4.69162 11.15477 18.73150 23.86345 25.61246 25.03684 20.40792 13.07071 6.97865 4.03510 2.74126 1.75174 1.27163
6.22699 5.37498 4.06319 1.64965 0.16384 0.00000 0.00000 0.00000 0.00000 0.00000 0.00000 0.00000 0.00000 0.00000 0.09006 0.13765 0.13964 0.00000 0.00000 0.00000 0.00000 0.00000 0.00000 0.00000 0.02463 0.08634 0.17922 0.34368 0.99014 2.96502 5.43936 6.43023 7.04122 7.34452 7.96678 8.23207 7.78546 7.54329 7.13471 5.59654 4.28516 3.50615 3.00061 2.64040 2.42270 2.71700 3.91589 7.11192 13.58272 19.29649 22.08972 22.88468 22.11894 18.78029 14.51261 10.37884 6.50102 3.51363 1.68928 1.11836
5.65946 4.84724 3.50991 1.14896 0.00000 0.00000 0.00000 0.00000 0.00000 0.00000 0.00000 0.00000 0.00000 0.08236 0.30112 0.28130 0.23968 0.02337 0.00000 0.00000 0.00000 0.00000 0.00000 0.02395 0.09565 0.19615 0.37518 0.74097 1.80599 4.04129 6.61303 7.68875 8.36571 8.88975 9.43746 9.84620 9.55466 9.08137 8.33277 7.50314 6.65513 5.75524 4.99056 4.30514 4.18249 4.57106 6.15067 9.44462 13.28943 16.23207 17.67534 18.66879 17.64127 15.47095 13.88427 12.31250 10.18111 6.97227 4.12182 3.13006
3.36071 2.36020 1.50025 0.32942 0.00000 0.00000 0.00000 0.00000 0.00000 0.00000 0.00000 0.00000 0.00000 0.22467 0.82947 0.62662 0.45769 0.03525 0.00000 0.00000 0.00000 0.00000 0.03231 0.10566 0.22606 0.44881 0.81139 1.38088 2.30460 4.52866 6.73244 8.03808 8.84126 9.47908 10.48197 10.84812 10.76965 10.09905 9.28279 8.65326 8.33895 7.61903 6.93635 6.81977 7.40283 7.97804 9.14356 10.56957 13.03247 14.43227 14.46550 15.34210 15.51732 15.30499 15.06699 16.16725 15.48769 12.86688 9.21286 6.96114
1.25723 0.58139 0.34691 0.04118 0.00000 0.00000 0.00000 0.00000 0.00000 0.00000 0.00000 0.00000 0.00000 0.34960 1.64490 1.76532 0.61818 0.08796 0.04725 0.02651 0.00000 0.04769 0.14581 0.33327 0.69182 1.24028 1.87329 2.25010 2.91913 4.58463 6.50503 8.19372 9.11552 10.27734 11.84102 12.09294 11.64574 10.50322 9.33293 8.49311 8.25954 7.95935 7.74253 7.69464 8.29111 9.15977 10.44563 11.39133 12.75779 14.44513 14.81572 15.32810 16.40388 16.50908 17.54596 20.21132 22.47977 20.04736 13.74222 8.68923
0.87005 0.20860 0.06886 0.02675 0.00000 0.00000 0.00000 0.00000 0.00000 0.00000 0.00000 0.00000 0.00000 0.04219 0.97252 1.73416 0.74525 0.25831 0.21448 0.25197 0.28180 0.40957 0.70315 1.22447 1.98775 2.74761 3.44021 3.04444 3.27251 4.41511 6.13428 8.42484 9.19887 10.04344 10.68745 11.19726 11.45231 10.52397 9.07844 7.86875 7.74375 7.89137 7.86104 8.06030 8.40934 8.87455 10.46510 10.64605 11.71306 14.37031 16.80594 17.96503 17.09058 16.28664 17.73998 20.48048 24.51934 25.16526 16.10408 7.87940
1.04398 0.37245 0.11496 0.00000 0.00000 0.00000 0.00000 0.00000 0.00000 0.00000 0.00000 0.00000 0.00000 0.29053 1.22063 1.36952 1.13632 0.72660 0.75521 1.12175 1.49561 2.16505 2.86934 3.45469 3.90979 4.12566 4.36382 3.63211 3.05385 3.39659 4.70669 6.84514 9.27078 10.54113 11.09674 11.89875 12.25281 11.29427 9.95081 8.07195 7.49007 7.69058 7.76687 7.70757 8.08624 9.16454 10.38255 10.74952 11.30028 14.43332 16.69596 16.93071 16.02817 15.38844 16.26964 18.51624 22.15889 22.22986 15.07417 9.92164
0.91696 0.33623 0.04209 0.00000 0.00000 0.00000 0.00000 0.00000 0.00000 0.00000 0.00000 0.00000 0.00000 0.00000 0.50486 1.24614 2.64305 3.26799 3.53285 4.01921 3.84206 4.86866 5.74102 5.64658 5.80653 5.83741 5.30924 4.39341 2.99884 2.15250 2.81799 4.54139 7.20803 9.34877 10.81692 12.13921 12.05944 11.76072 10.90846 9.00002 7.84466 7.45100 7.27517 7.79177 8.33320 9.15807 9.86820 10.92163 11.96130 12.84052 12.34525 12.13909 14.11518 16.37430 16.33598 15.49065 15.22119 13.39779 11.84135 13.71960
0.36877 0.07803 0.00000 0.00000 0.00000 0.00000 0.00000 0.00000 0.02586 0.19229 0.47049 0.35390 0.00000 0.00000 0.00000 0.78216 3.45659 5.24137 9.13500 13.76669 10.01293 8.95177 8.69232 8.10362 7.22941 7.13814 6.45720 4.19873 2.66637 1.86531 1.47387 2.60046 4.51849 6.41091 8.90364 11.34087 12.09648 11.77507 11.26365 9.26896 7.16964 5.15919 4.35659 5.29285 6.62468 7.59375 8.86072 9.78468 11.79788 11.94827 12.20904 12.15397 12.46380 13.88180 13.43833 11.46173 7.98773 4.77801 6.40911 16.90443
0.00000 0.00000 0.00000 0.00000 0.00000 0.00000 0.00000 0.00000 0.13936 0.62288 1.29745 1.34019 0.78475 0.11035 0.12752 1.54368 5.24955 9.55808 12.57681 18.50694 23.14040 25.37725 22.07365 15.21049 9.96748 7.43286 5.92264 4.42663 2.85180 1.66401 0.83285 1.10356 2.20618 3.23500 5.04195 7.51649 9.68392 10.22412 9.38777 7.90680 5.22840 3.18517 2.67281 3.31092 4.60710 5.71438 7.16537 8.94227 11.89368 10.50888 10.28237 10.23608 9.83036 10.31211 7.90372 7.14376 4.99884 3.44215 5.95552 15.79212
0.00000 0.00000 0.00000 0.00000 0.00000 0.00000 0.00000 0.00000 0.21105 0.76372 1.66737 2.32611 1.50645 0.29004 0.03726 1.17284 5.81122 13.89015 24.24392 26.36576 44.24652 51.11412 35.21874 18.37992 16.28995 15.47034 7.58006 3.56687 1.55530 0.86360 0.46338 0.57854 1.08235 1.41803 2.18444 4.00213 6.81364 8.65305 7.71610 6.24936 4.20428 2.73757 2.47124 2.88166 3.73342 4.56275 5.97349 8.97145 10.32189 11.80468 9.43267 7.38560 7.48350 7.81546 6.50140 5.79622 6.38204 6.81234 8.74307 12.12180
0.00000 0.00000 0.00000 0.00000 0.00000 0.00000 0.00000 0.00000 0.06360 0.41774 0.83095 1.22316 0.90376 0.18087 0.00000 0.39776 5.25222 17.75004 31.70297 35.91228 43.04219 44.40353 31.49241 22.74836 23.12638 18.60716 9.14917 3.23085 1.22637 0.55944 0.09419 0.20037 0.68806 0.85483 1.15506 2.13999 4.28024 5.74378 5.22438 4.36820 3.50781 2.81939 2.86788 3.04385 3.18230 3.53653 4.73442 7.60352 13.01104 17.40603 11.62741 8.59762 5.20273 5.45732 6.47093 7.55218 8.28459 8.98524 10.16607 11.32230
0.00000 0.00000 0.00000 0.00000 0.00000 0.00000 0.00000 0.00000 0.00000 0.03685 0.04802 0.12119 0.08169 0.00000 0.00000 0.00000 4.00782 17.90160 33.40550 30.44856 24.87336 24.15380 21.12689 17.78813 16.15078 11.11448 5.45784 2.42023 1.39089 0.50102 0.00000 0.00000 0.32883 0.66230 0.81075 0.97795 1.07079 1.75428 1.84278 2.06347 2.17693 2.49424 2.98240 3.43268 3.22690 3.73555 10.37529 22.67610 26.46536 18.81766 12.71651 11.53856 8.61383 5.77779 7.68426 9.43933 10.43330 9.76357 9.75001 13.16157
0.00000 0.00000 0.00000 0.00000 0.00000 0.00000 0.00000 0.00000 0.00000 0.00000 0.00000 0.00000 0.00000 0.00000 0.00000 0.00000 1.95248 9.63697 16.34986 12.54005 10.88534 10.28925 7.67579 6.33137 7.61634 5.23437 2.72895 1.68953 0.99921 0.12499 0.00000 0.00000 0.20324 0.83158 1.02973 0.52246 0.41406 0.13577 0.34496 0.23714 0.18167 1.44907 4.06169 4.38431 7.03449 13.70300 25.81323 41.26287 37.74644 19.03423 10.40907 9.29735 9.75697 6.54361 8.57447 13.60801 15.55059 16.18641 12.81634 18.17976
0.00000 0.00000 0.00000 0.00000 0.00000 0.00000 0.00000 0.00000 0.00000 0.00000 0.00000 0.00000 0.09207 0.11978 0.00000 0.00000 0.60588 3.74954 6.82606 6.94428 6.45775 4.38020 2.98558 2.79769 3.03452 1.85426 1.16642 0.91265 0.31466 0.00000 0.00000 0.00000 0.33672 2.04668 3.91520 2.44594 0.57204 1.36573 1.34615 0.37820 0.00000 0.40987 6.82288 11.91269 28.25891 29.65987 29.55149 40.31473 33.79918 16.29432 9.21712 8.80802 9.21000 8.84485 10.05122 16.75802 19.13774 20.53338 19.84270 31.50890
0.00000 0.00000 0.00000 0.00000 0.00000 0.00000 0.00000 0.00000 0.00000 0.00000 0.10773 0.40672 1.18116 1.34342 0.62620 0.02856 0.02777 0.11423 1.78171 2.99533 2.92730 1.38011 0.95533 1.30677 0.73587 0.21449 0.31411 0.15878 0.00000 0.00000 0.00000 0.00000 0.97916 3.67558 7.17670 6.69910 4.31741 10.98191 5.47627 1.48820 0.18600 0.00000 1.21399 7.99725 31.54553 17.61731 11.65959 12.17149 14.19388 19.55793 19.06607 17.11297 15.43237 11.23791 9.22818 16.58607 19.70160 22.52348 27.67731 38.90760
0.00000 0.00000 0.00000 0.00000 0.00000 0.00000 0.00000 0.00000 0.00000 0.00000 0.33459 1.73590 3.68050 2.88797 1.05508 0.08742 0.10793 0.28067 0.14874 0.36022 0.91411 0.86418 0.19365 0.44310 0.33228 0.95772 1.40245 1.56911 0.75161 0.04449 0.00000 0.00000 0.35903 1.66283 3.61123 5.00317 7.18622 12.81575 4.79108 1.02938 0.42004 0.00000 0.00000 0.81731 5.03384 3.13932 3.21835 14.03555 30.99485 41.70413 42.58383 36.80574 20.87113 9.54117 7.82334 13.10284 15.10874 17.80243 25.37345 36.05361
0.00000 0.00000 0.00000 0.02692 0.08777 0.09384 0.03285 0.00000 0.00000 0.00000 0.16027 1.31377 2.96934 1.60053 0.58944 0.22909 0.58736 1.10415 0.57075 0.02804 0.00000 0.05346 0.02913 0.03146 0.43769 0.95374 3.01423 3.66260 1.94107 0.16210 0.00000 0.00000 0.00000 0.11653 0.43867 1.22432 3.31672 5.19133 3.75132 2.00103 1.72120 2.80257 6.73414 5.18094 2.64449 0.46879 4.62231 29.12336 64.44141 64.83091 62.04406 41.04502 17.22345 9.17872 6.85560 9.17262 10.87261 11.26088 15.47555 31.80522
0.00000 0.00000 0.04450 0.14309 0.43306 0.43693 0.14035 0.00000 0.00000 0.00000 0.00000 0.20858 0.66076 0.31863 0.10977 0.30494 1.33025 1.71145 0.71567 0.44424 0.16954 0.04462 0.00000 0.00000 0.29846 1.38726 3.53675 4.53694 2.78879 0.33528 0.00000 0.00000 0.00000 0.00000 0.00000 0.16511 1.59179 3.83882 3.96354 3.46775 4.70740 11.19577 23.85565 30.27590 14.15689 4.80131 12.86291 36.70203 51.11398 53.74759 53.22626 34.09483 16.00465 8.20891 5.34118 7.41354 8.98580 8.75015 9.08190 20.45296
0.00000 0.03462 0.21996 0.41208 1.12160 2.18863 1.04657 0.20434 0.00000 0.00000 0.00000 0.00000 0.00000 0.00000 0.00000 0.21332 0.63820 0.43051 0.29450 0.58890 0.55925 0.23226 0.00000 0.00000 0.05127 1.49204 2.58232 3.18726 2.63610 0.19582 0.00000 0.20013 0.66108 0.28743 0.00000 0.14031 0.65773 1.86317 2.76822 3.43117 5.13088 9.60451 17.51407 19.05393 11.12076 9.97805 22.64938 40.66875 47.46373 50.20372 49.44839 30.93962 13.62388 5.98493 4.26140 6.58365 7.84081 9.25211 9.44384 18.35624
0.27546 0.41643 0.56610 0.53480 1.03562 3.09542 2.52855 0.88187 0.07821 0.00000 0.00000 0.00000 0.00000 0.00000 0.00000 0.00000 0.03531 0.00000 0.00000 0.08891 0.23082 0.14600 0.00000 0.00000 0.00000 0.16326 1.12733 1.06795 0.62311 0.00000 0.23820 1.89972 3.54684 3.02111 1.48598 0.30328 0.20933 0.04074 0.41572 2.28714 2.96744 3.01597 3.20644 2.39225 2.74667 6.82303 12.98686 30.07956 37.91553 37.55705 32.18029 20.51002 9.95925 3.83993 2.68546 4.66779 7.21427 11.66316 12.77836 18.69851
0.63558 0.81271 0.96047 1.37835 2.77730 5.35163 4.98354 2.22930 0.49624 0.00000 0.00000 0.00000 0.00000 0.00000 0.00000 0.00000 0.00000 0.00000 0.00000 0.00000 0.00000 0.00000 0.00000 0.00000 0.00000 0.00000 0.17350 0.11951 0.00000 0.04437 0.86271 3.04873 6.26170 6.14188 3.15584 3.16257 3.15414 0.89748 1.92835 1.99562 2.60552 1.17186 0.65225 0.54660 0.69047 1.66601 5.18414 10.37904 13.06915 13.81071 11.25123 9.46463 6.47154 3.07056 3.08679 3.82965 6.86055 12.78476 15.64465 18.35678
1.06569 1.18346 0.96603 1.59344 4.20521 7.20774 5.71837 3.00393 0.43277 0.00000 0.00000 0.00000 0.00000 0.00000 0.00000 0.02876 0.00000 0.00000 0.00000 0.00000 0.00000 0.00000 0.00000 0.00000 0.00000 0.17442 0.61505 2.15353 2.97465 1.45497 0.89871 2.62847 6.28574 7.56829 8.74180 18.73411 11.06007 5.82956 7.03544 7.13504 4.37646 1.85271 0.74602 0.35843 0.44458 1.01081 1.69030 2.17155 2.50307 3.62035 3.65332 3.49515 3.04080 2.33699 2.39877 2.83286 6.83533 12.89734 16.19232 15.67619
1.75113 1.12146 0.42859 0.60117 2.09214 2.60671 2.18724 1.64247 0.37934 0.00000 0.00000 0.00000 0.00000 0.00000 0.14691 0.36136 0.08125 0.00000 0.00000 0.00000 0.00000 0.00000 0.00000 0.00000 0.24674 2.18538 4.88162 9.40769 10.70585 6.68603 3.26536 2.55814 4.00385 8.60701 13.32594 34.28114 38.69155 24.18333 16.70259 12.42161 8.35631 4.25633 1.57060 0.39871 0.64539 1.50857 1.84137 1.18713 1.37688 2.00193 2.17279 1.86998 1.30193 1.19930 1.48475 1.72200 5.60292 9.70269 10.87519 8.54868
1.23478 0.40857 0.05319 0.11071 0.44279 0.35389 0.23883 0.44240 0.16834 0.00000 0.00000 0.00000 0.00000 0.00000 0.10086 0.09226 0.00000 0.00000 0.00000 0.00000 0.00000 0.00000 0.00000 0.00000 0.49515 5.23330 11.76309 18.39055 18.22518 12.32506 6.52625 5.64134 10.83545 15.82910 10.70838 24.11963 25.15951 15.11213 13.51198 13.27275 11.63382 7.90234 3.44924 0.49974 0.27501 1.10113 2.24282 1.76073 1.04847 1.42723 1.55280 1.33589 0.88566 0.73249 1.07438 1.86492 5.56880 9.38330 8.64573 8.08377
1.70045 0.45668 0.31108 0.82277 0.39816 0.08379 0.06049 0.05349 0.00000 0.00000 0.00000 0.00000 0.00000 0.00000 0.00000 0.00000 0.00000 0.00000 0.00000 0.00000 0.00000 0.00000 0.00000 0.00000 0.80504 5.76621 12.16309 16.60011 18.10413 16.32069 7.80951 6.11683 12.71110 15.51730 6.33764 2.21668 3.41632 5.44392 7.76114 10.28432 12.44205 -99999.00000 -99999.00000 1.62068 0.39322 0.26203 0.80882 3.06241 1.10530 1.16497 1.15592 0.88365 0.48613 0.50031 0.69544 2.33461 8.29982 15.88513 16.15751 16.33109
2.55592 1.18009 1.48598 3.38087 2.23971 0.60266 0.21978 0.03695 0.08494 0.00000 0.00000 0.00000 0.00000 0.00000 0.00000 0.00000 0.00000 0.00000 0.00000 0.00000 0.00000 0.00000 0.00000 0.00000 0.30229 3.69275 6.97708 10.36004 17.10488 26.86747 22.45087 12.11846 8.69937 4.16436 2.06048 -99999.00000 -99999.00000 -99999.00000 -99999.00000 -99999.00000 -99999.00000 -99999.00000 -99999.00000 3.40770 1.16261 0.26928 0.86343 4.35391 2.08453 0.97624 0.60609 0.18337 0.03697 0.76262 2.03621 5.81802 16.38776 27.75930 27.99908 22.90736
2.55965 1.26423 1.71649 4.39194 -99999.00000 2.31220 2.89306 3.02773 0.59394 0.04037 0.00000 0.00000 0.00000 0.00000 0.00000 0.00000 0.00000 0.00000 0.00000 0.00000 0.00000 0.00000 0.00000 0.00000 0.00000 1.13394 3.04034 7.58258 14.96997 28.79244 32.33103 18.78637 8.83462 2.74547 -99999.00000 -99999.00000 -99999.00000 -99999.00000 -99999.00000 -99999.00000 -99999.00000 -99999.00000 -99999.00000 -99999.00000 1.86395 0.45831 0.65302 3.00646 2.94028 0.84994 0.03557 0.00000 0.00000 0.10591 2.88933 8.49307 18.58104 32.87089 40.59065 33.95202
-99999.00000 -99999.00000 -99999.00000 -99999.00000 -99999.00000 8.68644 10.27738 6.52841 1.70992 0.43044 0.17083 0.05420 0.00000 0.00000 0.00000 0.00000 0.00000 0.00000 0.00000 0.00000 0.00000 0.00000 0.00000 0.00000 0.00000 0.13848 0.68012 4.55684 8.76593 17.36837 22.75576 22.04285 11.08578 4.05044 -99999.00000 -99999.00000 -99999.00000 -99999.00000 -99999.00000 -99999.00000 -99999.00000 -99999.00000 -99999.00000 -99999.00000 -99999.00000 0.89641 0.10115 0.00000 1.16960 0.10450 0.00000 0.00000 0.00000 0.00000 0.30333 3.66190 11.53589 28.10193 47.80394 52.94001
