DATA/RAW-RASTER/CPC/2017/20170826.asc
ncols			60
nrows			40
xllcorner		70.0
yllcorner		20.0
cellsize		0.5
NODATA_value	-99999
0.00000 0.00000 0.00000 0.00000 0.00000 0.00000 0.02191 0.07189 0.14179 0.15173 0.07504 0.00000 0.00000 0.05649 0.16929 0.18379 0.10396 0.07233 0.14406 0.16727 0.11048 0.04766 0.00000 0.00000 0.00000 0.00000 0.00000 0.00000 0.00000 0.00000 0.00000 0.00000 0.00000 0.00000 0.00000 0.00000 0.00000 0.00000 0.00000 0.00000 0.00000 0.00000 0.00000 0.00000 0.00000 0.04334 0.08790 0.14852 0.20933 0.27874 0.42352 0.58806 0.58777 0.54827 0.76507 1.27642 1.45355 1.38444 1.30991 1.17896
0.00000 0.00000 0.00000 0.00000 0.00000 0.08162 0.10511 0.25760 0.41785 0.33782 0.12154 0.02355 0.00000 0.00000 0.02198 0.02320 0.00000 0.02070 0.03670 0.04989 0.04698 0.03006 0.00000 0.00000 0.00000 0.00000 0.00000 0.00000 0.00000 0.00000 0.00000 0.00000 0.00000 0.00000 0.00000 0.00000 0.00000 0.00000 0.00000 0.00000 0.00000 0.00000 0.00000 0.00000 0.00000 0.02586 0.05255 0.18662 0.53178 1.09453 1.80338 2.33380 2.57029 2.80129 3.09942 3.41164 3.53204 2.75188 1.83179 1.31714
0.00000 0.00000 0.00000 0.00000 0.04830 0.17398 0.38157 0.65363 0.56871 0.42651 0.23166 0.07067 0.00000 0.00000 0.00000 0.00000 0.00000 0.00000 0.00000 0.00000 0.00000 0.00000 0.00000 0.00000 0.00000 0.00000 0.00000 0.00000 0.00000 0.00000 0.00000 0.00000 0.00000 0.00000 0.00000 0.00000 0.00000 0.00000 0.00000 0.00000 0.00000 0.00000 0.00000 0.00000 0.03626 0.04499 0.06481 0.31495 1.19780 3.12086 5.06135 6.02068 6.96782 8.63504 9.22650 7.84051 6.10415 5.09014 3.69780 2.25626
0.00000 0.00000 0.00000 0.00000 0.00000 0.10001 0.30332 0.36630 0.24723 0.24053 0.18735 0.08957 0.00000 0.00000 0.00000 0.00000 0.00000 0.00000 0.00000 0.00000 0.00000 0.00000 0.00000 0.00000 0.00000 0.00000 0.00000 0.00000 0.00000 0.00000 0.00000 0.00000 0.00000 0.00000 0.00000 0.00000 0.00000 0.00000 0.00000 0.00000 0.00000 0.00000 0.00000 0.02531 0.09491 0.20043 0.40063 1.02825 2.62963 5.49702 7.70764 8.57352 9.76267 12.36140 14.72314 14.78949 11.31374 8.12125 5.60700 4.14147
0.00000 0.00000 0.00000 0.00000 0.00000 0.04411 0.12488 0.11105 0.07602 0.11742 0.10984 0.05560 0.00000 0.00000 0.00000 0.00000 0.00000 0.00000 0.00000 0.00000 0.00000 0.00000 0.00000 0.00000 0.00000 0.00000 0.00000 0.00000 0.00000 0.00000 0.00000 0.00000 0.00000 0.00000 0.00000 0.00000 0.00000 0.00000 0.00000 0.00000 0.00000 0.02535 0.04881 0.12608 0.37069 0.74059 1.26159 2.20433 3.69394 5.66934 7.37675 8.36426 9.88419 12.45698 14.67259 15.44293 14.20865 10.30920 6.56894 4.90813
0.00000 0.00000 0.00000 0.00000 0.00000 0.00000 0.04710 0.06757 0.05723 0.07711 0.08013 0.04810 0.00000 0.00000 0.00000 0.00000 0.00000 0.00000 0.00000 0.00000 0.00000 0.00000 0.00000 0.00000 0.00000 0.00000 0.00000 0.00000 0.00000 0.00000 0.00000 0.00000 0.00000 0.00000 0.00000 0.00000 0.00000 0.00000 0.03887 0.08251 0.12239 0.19497 0.36801 0.70581 1.30635 1.80595 2.15824 2.51209 3.01621 3.74436 4.77694 5.94492 7.70315 8.87164 10.37449 11.56118 12.55286 10.55450 6.93233 4.81694
0.00000 0.00000 0.00000 0.00000 0.00000 0.00000 0.00000 0.02493 0.04148 0.07320 0.08809 0.04376 0.00000 0.00000 0.00000 0.00000 0.00000 0.00000 0.00000 0.00000 0.00000 0.00000 0.00000 0.00000 0.00000 0.00000 0.00000 0.00000 0.00000 0.00000 0.00000 0.00000 0.00000 0.00000 0.00000 0.00000 0.06685 0.13775 0.23798 0.38185 0.62266 1.13226 2.01242 3.22610 3.89201 3.94810 3.27514 2.36614 1.72275 1.46410 1.83946 3.01620 4.72568 6.33275 7.83151 8.65912 9.28897 9.73892 8.12135 5.94858
0.00000 0.00000 0.00000 0.00000 0.00000 0.00000 0.00000 0.00000 0.03227 0.11386 0.15727 0.08283 0.03528 0.00000 0.00000 0.00000 0.00000 0.00000 0.00000 0.00000 0.00000 0.00000 0.00000 0.00000 0.00000 0.00000 0.00000 0.00000 0.00000 0.00000 0.00000 0.00000 0.00000 0.00000 0.00000 0.07063 0.23965 0.46631 0.79855 1.37507 2.51146 4.41106 7.39615 10.40804 10.15245 9.15561 7.28730 4.14191 1.95317 1.07857 1.18784 2.08872 3.61644 5.23919 6.69918 7.60801 9.51510 11.25271 9.27837 7.71990
0.00000 0.00000 0.00000 0.00000 0.00000 0.00000 0.00000 0.02188 0.13622 0.20116 0.20953 0.17964 0.12864 0.05832 0.00000 0.00000 0.00000 0.00000 0.00000 0.00000 0.00000 0.00000 0.00000 0.00000 0.00000 0.00000 0.00000 0.00000 0.00000 0.00000 0.00000 0.00000 0.00000 0.00000 0.13581 0.36621 0.69834 1.33345 2.26541 3.76815 5.91252 8.89228 12.18881 14.76697 15.82344 16.69493 15.91308 12.31530 5.91658 2.83982 2.40982 3.15072 4.82731 7.54129 9.95905 10.34886 11.51667 12.12685 11.62658 11.35703
0.00000 0.00000 0.00000 0.00000 0.00000 0.00000 0.00000 0.09914 0.26222 0.35634 0.24854 0.14598 0.10050 0.06862 0.00000 0.00000 0.00000 0.00000 0.00000 0.00000 0.00000 0.00000 0.00000 0.00000 0.00000 0.00000 0.00000 0.00000 0.00000 0.00000 0.00000 0.09707 0.23316 0.20716 0.17700 0.52763 1.93509 3.02262 3.92928 5.11586 6.37577 7.87964 9.51715 11.34660 13.79890 16.23006 17.17328 16.18306 12.90733 8.15635 6.07506 6.32790 7.85070 10.47598 12.21970 12.30232 12.45261 12.37949 13.23479 13.41617
0.00000 0.00000 0.00000 0.00000 0.00000 0.00000 0.00000 0.52544 0.79488 0.74514 0.33398 0.09815 0.04901 0.03163 0.00000 0.00000 0.00000 0.00000 0.00000 0.00000 0.00000 0.00000 0.00000 0.00000 0.00000 0.00000 0.00000 0.00000 0.00000 0.00000 0.18337 0.74549 0.93829 1.12340 1.18820 1.52682 2.77220 3.61157 4.04999 4.52127 4.87768 5.35853 5.70306 5.96246 7.32455 10.40108 13.12357 13.63094 11.86269 8.41361 6.50201 6.14770 6.75117 8.69564 10.95541 11.34866 11.10699 11.74522 11.96688 12.75415
0.00000 0.00000 0.00000 0.00000 0.00000 0.00000 0.00000 0.67069 1.26341 0.61331 0.17349 0.04354 0.00000 0.00000 0.00000 0.00000 0.00000 0.00000 0.00000 0.00000 0.00000 0.00000 0.00000 0.00000 0.00000 0.00000 0.00000 0.03537 0.09108 0.29195 0.76034 1.16637 1.38297 1.51809 1.77329 2.40448 2.88954 3.25570 3.61450 3.97043 3.98935 3.58490 3.08241 2.48991 2.09529 3.58824 6.82522 9.01337 8.42941 6.14123 5.32485 5.30456 5.47401 6.23567 8.38742 10.07725 9.85947 8.20083 5.91823 6.19405
0.10689 0.14203 0.02288 0.00000 0.00000 0.00000 0.00000 0.59419 1.33817 0.46696 0.05604 0.00000 0.00000 0.00000 0.00000 0.00000 0.00000 0.00000 0.00000 0.00000 0.00000 0.00000 0.00000 0.00000 0.00000 0.00000 0.03708 0.07100 0.16302 0.51753 0.98226 1.19477 1.40535 1.59577 1.94450 2.32069 2.60845 3.06031 3.46804 3.49814 3.72931 3.20264 2.50137 1.84465 1.54440 2.18593 3.78795 4.85279 4.74140 4.04619 3.93033 4.04408 3.78890 3.22399 3.57933 5.00466 5.54141 4.22819 2.48010 2.12021
1.56895 2.67377 3.41787 3.18129 2.79775 1.69965 0.40175 0.71787 1.40623 0.89042 0.18033 0.00000 0.00000 0.00000 0.00000 0.00000 0.00000 0.00000 0.00000 0.00000 0.00000 0.00000 0.00000 0.00000 0.00000 0.05715 0.08205 0.15026 0.32326 0.71974 1.12284 1.29462 1.47470 1.67946 1.97361 2.40745 2.85650 3.36624 3.77430 3.98958 4.05499 4.11524 3.47497 2.73777 2.37287 2.27628 2.39882 2.41956 2.12884 1.86197 1.78319 1.99137 1.71034 0.93061 0.76685 1.39649 2.11275 2.12601 1.65634 1.59008
5.68430 7.94399 9.13570 8.76699 8.35433 7.87706 5.32433 2.86329 4.30779 2.93668 1.06658 0.29377 0.00000 0.00000 0.00000 0.00000 0.00000 0.00000 0.00000 0.00000 0.00000 0.00000 0.00000 0.00000 0.08276 0.14869 0.17516 0.30645 0.48392 0.74891 1.04916 1.22609 1.38186 1.55179 1.86556 2.24606 2.76971 3.39838 4.05856 4.60185 5.05468 5.03236 4.77366 4.51922 4.03016 2.78956 1.60531 1.00053 0.84845 0.78059 0.72808 0.81991 0.61584 0.17646 0.03777 0.04845 0.07170 0.31450 0.43074 0.16366
8.30853 11.26297 12.37696 11.93718 11.53534 10.98653 8.93405 7.00413 6.37182 4.50317 1.88265 0.26724 0.00000 0.00000 0.00000 0.00000 0.00000 0.00000 0.00000 0.00000 0.00000 0.04021 0.04814 0.14101 0.26536 0.27157 0.41610 0.56843 0.71495 0.81797 0.95476 1.13239 1.26367 1.45786 1.78037 2.05419 2.45275 3.04756 3.88531 4.57468 5.06187 5.28388 5.57111 5.65263 5.09982 3.28964 1.26333 0.35151 0.27311 0.32910 0.32887 0.28752 0.07641 0.00000 0.00000 0.00000 0.00000 0.00000 0.00000 0.00000
6.90993 10.60986 11.62351 11.75650 11.78855 11.14300 8.31236 6.06339 4.31236 1.84792 0.65975 0.00000 0.00000 0.00000 0.00000 0.00000 0.00000 0.00000 0.00000 0.15013 0.26035 0.28189 0.34307 0.48119 0.50989 0.55397 0.79174 0.87430 0.93016 0.91546 0.91393 1.06036 1.13944 1.24506 1.37326 1.53970 1.82615 2.35695 3.42897 4.37951 4.89266 5.26386 5.69241 6.06054 5.84326 4.03265 1.57276 0.27116 0.12500 0.03110 0.00000 0.00000 0.00000 0.00000 0.00000 0.00000 0.00000 0.00000 0.00000 0.00000
4.18156 7.09717 7.81938 7.84719 8.00890 7.26418 5.41503 4.07719 3.11480 1.35337 0.44148 0.03731 0.00000 0.00000 0.00000 0.00000 0.12917 0.35992 0.87668 1.27233 1.34502 1.24954 1.10732 1.04743 0.71145 0.83790 1.05517 1.05261 1.00864 0.91538 0.80651 0.84131 1.03957 1.18319 1.26784 1.38602 1.49767 1.74101 2.95982 4.26474 4.69579 4.97907 5.45731 5.71975 5.71815 4.69591 2.39066 0.80387 0.20410 0.00000 0.00000 0.00000 0.00000 0.00000 0.00000 0.00000 0.00000 0.00000 0.11082 0.19521
1.97252 2.73068 2.49920 2.45071 2.71747 2.44334 1.90691 1.50991 1.34512 0.84432 0.26337 0.00000 0.00000 0.00000 0.00000 0.25362 0.76860 2.38028 4.69696 5.50740 3.33645 2.32047 1.72564 1.32326 1.18621 1.12197 1.22103 1.21413 1.68238 2.03245 1.73027 1.39126 1.11393 0.99576 1.12639 1.28217 1.30879 1.47962 2.39343 3.55967 4.07856 4.21661 4.53763 5.25250 5.31201 4.41195 2.59035 1.23987 0.62194 0.13528 0.00000 0.00000 0.00000 0.00000 0.00000 0.00000 0.00000 0.11714 0.57753 1.19804
0.30462 0.32456 0.28056 0.28119 0.07347 0.00000 0.18083 0.26619 0.26852 0.19823 0.00000 0.00000 0.00000 0.00000 0.02826 0.43910 1.25268 4.96107 16.93115 24.48780 9.08815 3.22725 1.98375 1.57102 1.48545 1.50476 1.43870 1.16351 1.94885 2.91916 3.45219 2.72123 1.64080 0.98696 0.84310 1.06572 1.16289 1.29309 1.78304 2.35375 2.45431 1.88315 1.66123 2.42065 3.14579 2.79022 1.78499 1.04516 0.85375 0.65028 0.37537 0.11085 0.00000 0.00000 0.00000 0.00000 0.09681 0.16839 0.61549 2.25541
0.00000 0.00000 0.00000 0.00000 0.00000 0.00000 0.00000 0.00000 0.00000 0.00000 0.00000 0.00000 0.00000 0.00000 0.05806 0.09350 0.13606 7.92287 27.88840 44.51034 17.53577 5.59040 3.45460 2.66816 2.08397 1.64237 1.44598 1.59052 2.36754 3.83318 5.75932 5.73218 3.34670 1.69916 0.99640 0.87482 0.72831 0.54588 0.63538 0.89603 0.80622 0.37767 0.23106 0.59448 1.12874 1.18435 0.91161 0.78500 0.91914 0.73065 0.60989 0.41838 0.15258 0.00000 0.00000 0.10860 0.30003 0.33439 0.82396 2.46766
0.00000 0.00000 0.00000 0.00000 0.00000 0.00000 0.00000 0.00000 0.00000 0.00000 0.00000 0.00000 0.28682 1.25412 1.64183 0.79064 0.70437 6.01117 20.67647 30.98947 18.93057 6.92712 4.13697 2.68652 3.33898 3.26746 1.90726 1.56393 2.05227 4.33714 7.13375 7.52842 4.82997 1.86543 0.96103 1.14856 0.87830 0.28547 0.22107 0.31419 0.17452 0.05373 0.07169 0.24782 0.42387 0.50334 0.55284 0.70817 0.77078 0.84373 0.59744 0.23666 0.04018 0.17311 0.31764 0.50377 0.69300 0.86039 1.34546 2.27944
0.00000 0.00000 0.00000 0.00000 0.00000 0.00000 0.00000 0.00000 0.00000 0.00000 0.00000 0.02829 0.95557 2.80599 5.75166 3.57273 2.12590 2.75515 4.91415 10.14087 14.56134 10.38892 4.40848 1.83285 3.32540 3.50005 2.38083 1.93022 2.62053 5.24543 9.45174 11.54633 8.28985 3.13636 1.57106 3.12103 3.01213 1.43622 0.70381 0.60952 0.36996 0.00000 0.18412 0.32624 0.28437 0.27915 0.34724 0.52855 0.74300 0.55298 0.09097 0.00000 0.12685 0.33691 0.56673 0.79245 0.94831 1.09789 1.44351 2.14093
0.00000 0.00000 0.00000 0.00000 0.00000 0.00000 0.00000 0.00000 0.00000 0.00000 0.00000 0.00000 0.72415 2.52492 4.83484 3.62093 1.97739 3.70148 7.45720 11.79571 20.25232 19.47272 9.62382 4.20120 3.46676 2.48964 1.61954 1.90922 4.45504 11.14782 15.36597 18.63442 18.40950 12.70119 8.95115 9.00403 6.63316 3.07451 1.40594 1.77326 2.34008 1.28374 0.84871 0.72933 0.44328 0.38421 0.78172 1.25343 0.84596 0.09342 0.00000 0.00000 0.12768 0.46668 0.75970 1.01111 1.15326 1.14742 1.31562 2.18083
0.00000 0.00000 0.00000 0.00000 0.00000 0.00000 0.00000 0.00000 0.00000 0.00000 0.00000 0.00000 0.15096 0.96906 1.57858 1.27753 1.39755 6.83141 15.36010 26.32608 44.70713 35.20470 15.12943 7.12014 5.09835 2.23235 0.60308 0.63280 5.10078 14.44798 27.54108 31.21762 38.84626 36.73154 23.54891 22.38692 13.78262 3.66589 2.43084 5.94172 8.19424 7.22496 2.97970 1.68056 1.71994 2.17969 2.11332 1.58198 1.67026 2.10993 1.18041 0.15912 0.08549 0.63683 0.98877 1.59615 1.76598 2.01969 1.88189 2.73846
0.00000 0.00000 0.00000 0.00000 0.10338 0.14188 0.10991 0.00000 0.00000 0.00000 0.00000 0.00000 0.00000 0.02046 1.24005 2.01102 4.50296 12.19933 23.92643 44.10004 61.08329 35.21139 16.10170 8.69655 5.23977 1.95011 0.32680 0.00000 1.69339 5.61574 17.52168 38.05604 56.11893 45.89513 23.52384 36.98384 30.22639 10.15731 15.10302 21.59656 21.40584 18.10079 10.81382 6.75636 8.10772 5.46973 2.58909 1.15723 0.90010 1.79335 2.07607 1.69231 0.97875 1.27604 2.38719 3.56473 3.61778 3.75288 3.70555 4.65308
0.00000 0.00000 0.00000 0.00000 0.33192 0.58282 0.61126 0.27260 0.00000 0.00000 0.00000 0.00000 0.05212 1.06776 5.45183 13.74612 21.56174 23.48217 21.38854 23.98740 22.69262 13.53257 9.70707 8.01763 4.57304 1.72791 0.33930 0.00000 0.14954 1.84215 9.96067 23.44297 29.40310 20.44697 7.04799 19.20940 32.47190 26.14790 49.12983 56.53170 40.62803 20.84444 8.62894 9.24608 9.73835 3.20810 0.79823 0.26982 1.00137 2.15968 3.00086 3.12338 3.00607 3.21982 4.84720 6.89345 7.25788 6.54806 5.92224 5.56377
0.00000 0.00000 0.00000 0.00000 0.33650 0.76756 0.85207 0.37631 0.00000 0.00000 0.11608 0.51095 1.26187 2.87787 9.11723 23.97386 39.76883 25.42805 10.05756 5.25780 3.69505 4.49468 5.81021 5.61194 4.35032 2.57361 1.15913 0.30521 0.00000 0.21626 2.74056 7.47733 8.73454 7.83680 11.72292 23.04682 30.26317 46.80354 78.34936 81.56664 48.65527 15.63434 6.07532 5.32682 6.13135 1.98805 0.95782 2.27353 4.29268 5.98575 7.29095 7.45405 5.21217 4.02081 6.58448 9.67388 10.14396 9.05886 7.44883 5.64523
0.00000 0.00000 0.00000 0.05629 0.34955 0.62849 0.74847 0.51556 0.15214 0.02807 0.83508 1.86061 2.25497 1.42886 3.85351 11.84891 17.84296 15.17043 6.74216 1.49768 2.98292 4.43271 4.36912 4.24816 4.15993 3.89826 1.87031 0.32201 0.00000 0.23275 1.66558 4.73373 8.67482 16.00178 29.05838 38.36203 36.48672 42.80306 66.93530 71.65231 55.97526 33.85529 36.40389 38.65113 24.70125 7.61009 3.63204 7.48779 10.40100 12.21687 13.86106 10.19162 5.59382 5.36672 6.84167 9.74285 11.52251 10.63375 8.85190 6.88964
0.00000 0.00000 0.05890 0.19191 0.61352 0.69687 0.72346 1.35751 0.86214 0.57579 2.67629 6.71706 5.75834 1.87889 0.36515 4.04324 12.81151 15.01976 6.06850 1.64702 3.96575 4.12782 2.76320 2.25897 2.86443 2.91899 0.78425 0.11716 0.00000 0.29827 1.42788 5.90613 15.99195 29.60837 43.12668 51.87232 38.30134 19.32130 33.38085 51.02000 63.57434 69.88871 80.85970 93.43284 49.61175 17.10365 14.69050 23.23024 22.04939 20.25411 19.51001 12.70009 7.78798 7.00357 6.52975 9.49725 11.58351 12.69621 12.92406 9.52762
0.00000 0.03161 0.23529 0.51302 1.36988 2.73711 2.31950 3.55014 2.68185 1.92608 5.27290 9.10859 7.47010 3.00590 1.34827 3.80516 10.24478 11.61363 5.75811 1.26816 1.55743 1.59976 0.77321 0.55737 1.04126 1.30817 0.57769 0.14307 0.03455 0.15392 0.14830 5.00788 16.85613 28.80966 35.24933 36.97119 28.90270 17.70361 21.61939 44.41737 65.95730 66.16912 56.50744 38.64437 20.70913 10.73273 24.93353 42.55706 43.74274 36.31584 29.99948 18.06213 10.41629 8.04485 8.29863 11.53236 12.01523 14.13169 13.01796 12.24395
0.00000 0.00000 0.44443 0.47530 0.85049 2.29627 2.61563 3.54286 4.48824 6.17457 10.45360 12.67689 8.13167 2.46921 2.45200 4.26724 6.99292 7.20552 4.17513 1.05044 0.50691 0.54195 0.05152 0.00000 0.22178 0.92013 1.24262 1.36185 1.17480 0.39084 0.06028 1.59832 7.89655 16.12032 20.70211 16.13673 10.71715 13.58771 20.79627 46.44387 57.37259 36.58657 15.36652 5.66021 6.58969 11.09666 16.66805 34.75454 40.48512 35.25285 26.90208 17.42418 11.24806 8.12557 7.63990 12.05888 13.54498 16.31000 13.32848 12.04469
0.00000 0.27471 0.82470 0.94626 1.05553 1.40083 2.41141 3.73941 5.76952 8.76558 17.09216 24.71864 12.91296 5.68956 6.60726 6.14469 5.54841 4.91992 2.08671 0.48823 0.09030 0.00000 0.00000 0.00000 0.05722 1.36769 1.96049 1.96532 1.61406 0.52620 0.00000 0.00000 0.09602 2.45161 3.08243 3.33950 3.42055 6.98587 10.87648 19.15815 35.71202 25.76233 6.15123 3.43898 7.11272 11.43977 10.73567 14.19906 16.40751 16.39754 13.28183 11.39082 10.09305 8.60343 9.45568 10.71430 13.12865 16.94729 16.96319 13.91986
0.00000 0.39473 1.55886 2.59755 3.12425 3.44566 7.80263 11.33619 10.90103 9.68326 19.69774 41.01420 23.73922 13.01981 13.15522 9.03226 6.60549 6.28041 4.68040 1.78715 0.38186 0.00000 0.00000 0.00000 0.10091 1.82283 2.57589 2.09324 1.38448 0.35732 0.00000 0.00000 0.02782 0.33456 1.78806 1.26503 0.54982 1.71690 2.35953 4.91768 16.39394 24.78792 8.28951 3.59567 5.84608 6.86863 4.68993 4.37456 5.01709 6.49583 6.91609 6.49341 6.77179 6.81734 6.93718 6.95256 11.34626 16.22426 17.59530 13.33631
0.00000 0.65972 2.72846 6.35676 12.38437 12.07912 20.96687 26.63881 17.52964 11.97180 14.24871 20.98723 20.68178 14.72558 13.54265 13.02001 8.87812 11.37000 11.88991 5.77723 1.24836 0.00000 0.02489 0.00000 0.00000 1.22932 2.05357 1.23065 0.25375 0.00000 0.00000 0.00000 0.70483 6.74426 12.81285 4.82703 0.35681 1.62367 2.92242 7.67627 15.73597 25.02822 4.44942 1.61537 1.34853 4.19786 3.35086 2.50296 2.90570 4.19738 5.09919 4.90432 4.31053 3.99776 4.10644 3.76336 8.13386 10.82013 9.72997 5.83517
0.03755 0.75269 5.56788 17.76653 31.80471 34.49729 43.13517 43.16007 25.97698 11.36529 10.02862 10.90616 9.44298 9.32674 8.84652 6.70443 8.94651 22.52060 20.69659 9.60855 3.57898 0.99404 1.01857 0.86646 0.52271 0.33158 0.31253 0.00000 0.00000 0.00000 0.00000 0.27566 2.20153 7.52739 16.91497 9.12182 5.70089 6.92021 11.18191 23.72033 36.79482 30.41255 9.74275 7.63778 9.95626 9.41673 6.32187 2.44960 1.77741 2.10518 3.27447 4.51660 4.21048 3.36317 3.40830 3.64799 5.73420 6.97061 5.03438 3.81638
0.02238 0.82803 5.42536 24.37429 47.47196 49.37504 49.93950 39.52439 19.31157 9.23955 8.60620 9.17352 5.65991 5.61373 5.19083 2.52716 5.84673 15.11884 14.90343 8.67771 5.37024 3.41815 3.51091 2.11537 1.28376 0.98950 0.50910 0.15947 0.04636 0.00000 0.00000 0.61145 2.17984 4.10919 6.81210 5.31912 7.04879 9.76300 20.16911 39.04928 54.86862 -99999.00000 -99999.00000 35.77508 25.08881 15.82072 10.84218 4.18101 1.24807 0.97217 1.10082 4.07737 5.26981 4.80234 4.39548 3.70730 5.26281 6.78602 5.53280 6.40347
0.00000 0.53447 3.13816 12.19877 32.49795 50.86495 52.60452 30.39054 10.05521 4.57904 4.41674 5.04853 5.83245 5.91298 5.48907 4.38072 5.38320 4.72922 4.30016 4.78239 5.34567 6.62112 7.69452 2.72198 2.72332 2.76601 1.51074 0.78212 0.50445 0.05492 0.00000 0.42081 3.55826 5.81558 6.84894 -99999.00000 -99999.00000 -99999.00000 -99999.00000 -99999.00000 -99999.00000 -99999.00000 -99999.00000 16.98666 11.20436 11.42131 9.85755 5.85705 2.12567 1.24836 2.18110 5.15802 7.02834 7.38382 8.50910 11.45438 14.68723 13.34075 8.73552 7.59045
0.00000 0.35034 1.54302 6.42498 -99999.00000 33.81231 30.96958 15.98417 2.82945 1.55989 3.07826 5.62675 8.12180 6.34238 6.10524 9.06700 10.52336 2.79847 0.70341 1.83889 3.53629 7.32599 9.47063 8.20417 9.62142 8.40640 3.80833 2.99494 1.58212 0.00000 0.00000 0.76095 6.49009 10.78653 -99999.00000 -99999.00000 -99999.00000 -99999.00000 -99999.00000 -99999.00000 -99999.00000 -99999.00000 -99999.00000 -99999.00000 9.04695 7.87275 7.13868 6.10737 4.02660 2.31790 4.11564 6.35535 7.99340 12.13232 22.88038 28.10622 26.00844 20.16249 13.08542 9.16474
-99999.00000 -99999.00000 -99999.00000 -99999.00000 -99999.00000 13.21498 14.03617 4.48667 1.09251 1.53252 3.77193 6.19867 8.80358 8.11349 9.03478 14.69971 19.00260 8.25216 3.75617 2.23208 3.43308 9.95722 17.11434 20.60772 23.07771 18.44525 12.58420 10.93101 4.85614 0.05482 0.45529 2.15724 11.91522 26.33740 -99999.00000 -99999.00000 -99999.00000 -99999.00000 -99999.00000 -99999.00000 -99999.00000 -99999.00000 -99999.00000 -99999.00000 -99999.00000 5.97820 5.92870 6.01290 5.32094 5.42844 5.81051 7.24837 10.58363 24.01934 34.65210 32.49628 29.93121 24.69451 15.32960 9.29892
