DATA/RAW-RASTER/CPC/2017/20170705.asc
ncols			60
nrows			40
xllcorner		70.0
yllcorner		20.0
cellsize		0.5
NODATA_value	-99999
1.78157 1.65150 1.05738 0.75457 0.95909 1.60287 2.24673 2.48025 3.02629 4.71382 6.00780 5.73623 5.03821 3.76678 2.14451 0.78603 0.17804 0.00000 0.00000 0.00000 0.00000 0.00000 0.00000 0.00000 0.00000 0.00000 0.00000 0.00000 0.00000 0.00000 0.00000 0.00000 0.00000 0.00000 0.00000 0.00000 0.00000 0.00000 0.00000 0.00000 0.00000 0.00000 0.00000 0.00000 0.00000 0.00000 0.00000 0.00000 0.00000 0.00000 0.00000 0.00000 0.00000 0.00000 0.00000 0.00000 0.00000 0.00000 0.00000 0.00000
4.11325 2.99922 1.58168 1.05317 1.25936 1.98117 2.54808 2.62622 3.00337 3.98153 4.70055 4.55294 4.11615 2.89795 1.49943 0.62328 0.14556 0.00000 0.00000 0.00000 0.00000 0.00000 0.00000 0.00000 0.00000 0.00000 0.00000 0.00000 0.00000 0.00000 0.00000 0.00000 0.00000 0.00000 0.00000 0.00000 0.00000 0.00000 0.00000 0.00000 0.00000 0.00000 0.00000 0.00000 0.00000 0.00000 0.00000 0.00000 0.00000 0.00000 0.00000 0.00000 0.00000 0.00000 0.00000 0.00000 0.00000 0.00000 0.00000 0.00000
4.80887 2.77298 1.57836 1.02524 0.88848 1.11580 1.36537 1.43519 1.54130 2.37722 3.76247 3.84543 2.71029 1.36499 0.50047 0.24024 0.11951 0.00000 0.00000 0.00000 0.02204 0.02458 0.00000 0.00000 0.00000 0.00000 0.00000 0.00000 0.00000 0.00000 0.00000 0.00000 0.00000 0.00000 0.00000 0.00000 0.00000 0.00000 0.00000 0.00000 0.00000 0.00000 0.00000 0.00000 0.00000 0.00000 0.00000 0.00000 0.00000 0.00000 0.00000 0.00000 0.00000 0.00000 0.00000 0.00000 0.00000 0.00000 0.00000 0.00000
4.82111 2.04313 1.09588 0.61902 0.31304 0.28539 0.51254 0.50300 0.50896 0.99028 1.94716 2.37755 1.54552 0.49488 0.09013 0.03649 0.00000 0.00000 0.00000 0.04772 0.06712 0.07423 0.07513 0.07044 0.05847 0.04071 0.02251 0.00000 0.00000 0.00000 0.00000 0.00000 0.00000 0.00000 0.00000 0.00000 0.00000 0.00000 0.00000 0.00000 0.00000 0.00000 0.00000 0.00000 0.00000 0.00000 0.00000 0.00000 0.00000 0.00000 0.00000 0.00000 0.00000 0.00000 0.00000 0.00000 0.00000 0.00000 0.00000 0.00000
3.50259 1.71460 0.58869 0.18998 0.08742 0.07924 0.19081 0.19428 0.22777 0.53714 0.95875 1.14747 0.78035 0.29545 0.07622 0.00000 0.00000 0.00000 0.02579 0.07660 0.08936 0.09396 0.09533 0.09397 0.08985 0.08382 0.07494 0.05788 0.00000 0.00000 0.00000 0.00000 0.00000 0.00000 0.00000 0.00000 0.00000 0.00000 0.00000 0.00000 0.00000 0.00000 0.00000 0.00000 0.00000 0.00000 0.00000 0.00000 0.00000 0.00000 0.00000 0.00000 0.00000 0.00000 0.00000 0.00000 0.00000 0.00000 0.00000 0.00000
0.92688 0.62673 0.20021 0.00000 0.00000 0.00000 0.07666 0.12747 0.17087 0.39031 0.66948 0.71108 0.47198 0.20314 0.06551 0.00000 0.00000 0.00000 0.06204 0.09204 0.09806 0.09999 0.10243 0.10311 0.10124 0.09865 0.09475 0.08380 0.03967 0.00000 0.00000 0.00000 0.00000 0.00000 0.00000 0.00000 0.00000 0.00000 0.00000 0.00000 0.00000 0.00000 0.00000 0.00000 0.00000 0.00000 0.00000 0.00000 0.00000 0.00000 0.00000 0.00000 0.00000 0.00000 0.00000 0.00000 0.00000 0.00000 0.00000 0.00000
0.00000 0.00000 0.00000 0.00000 0.00000 0.00000 0.00000 0.07315 0.10440 0.24383 0.40446 0.32576 0.19831 0.04816 0.04691 0.02379 0.00000 0.02547 0.08588 0.10285 0.10750 0.10475 0.10756 0.11107 0.11378 0.11328 0.11486 0.11156 0.08343 0.00000 0.00000 0.00000 0.00000 0.00000 0.00000 0.00000 0.00000 0.00000 0.00000 0.00000 0.00000 0.00000 0.00000 0.00000 0.00000 0.00000 0.00000 0.00000 0.00000 0.00000 0.00000 0.00000 0.00000 0.00000 0.00000 0.00000 0.00000 0.00000 0.00000 0.00000
0.00000 0.00000 0.00000 0.00000 0.00000 0.00000 0.00000 0.00000 0.21406 0.54274 0.76801 0.69252 0.38486 0.12192 0.04389 0.03659 0.02772 0.06196 0.09643 0.10961 0.11919 0.11768 0.12299 0.13239 0.13571 0.13485 0.13354 0.12724 0.10429 0.02870 0.00000 0.00000 0.00000 0.00000 0.00000 0.00000 0.00000 0.00000 0.00000 0.00000 0.00000 0.00000 0.00000 0.00000 0.00000 0.00000 0.00000 0.00000 0.00000 0.00000 0.02393 0.02925 0.00000 0.00000 0.00000 0.00000 0.00000 0.00000 0.00000 0.00000
0.00000 0.00000 0.00000 0.00000 0.00000 0.00000 0.00000 0.10415 0.65697 1.03990 1.24154 1.25775 1.12508 0.80340 0.29892 0.10252 0.07203 0.07858 0.09590 0.10934 0.11796 0.12530 0.12995 0.13185 0.13211 0.13056 0.12842 0.12283 0.10780 0.06140 0.00000 0.04224 0.10009 0.07596 0.03434 0.00000 0.00000 0.00000 0.00000 0.00000 0.00000 0.00000 0.00000 0.00000 0.00000 0.00000 0.00000 0.06494 0.15186 0.23436 0.38574 0.60271 0.62729 0.31267 0.14862 0.05748 0.00000 0.02302 0.06593 0.03473
0.30093 0.08786 0.00000 0.00000 0.00000 0.00000 0.00000 0.44392 1.19983 1.79362 1.55535 1.26130 1.21844 1.24358 1.05982 0.56290 0.18276 0.08341 0.09221 0.09792 0.10387 0.10901 0.11103 0.11121 0.10999 0.10811 0.10654 0.10403 0.12788 0.30862 0.56911 0.86997 1.00406 0.90255 0.68989 0.27217 0.09730 0.10589 0.09104 0.07205 0.03215 0.00000 0.00000 0.00000 0.00000 0.00000 0.02752 0.18292 0.70522 1.63450 2.63522 3.33318 3.08880 1.93935 0.71336 0.17367 0.05023 0.10647 0.30162 0.44351
1.48266 1.42355 0.48150 0.00000 0.00000 0.00000 0.06791 2.06381 3.32112 3.57160 2.40021 1.28102 1.07231 1.05894 1.04977 0.96224 0.46736 0.03544 0.03335 0.03175 0.03106 0.03096 0.03059 0.03002 0.02967 0.03310 0.07853 0.08836 0.29314 0.81035 1.82737 2.87354 3.17749 3.31961 3.11649 2.85970 2.30902 1.40069 0.71215 0.34295 0.16367 0.07994 0.02512 0.00000 0.00000 0.02143 0.09816 0.42778 1.54345 3.53410 5.26728 5.84462 5.33295 3.55048 1.43048 0.36378 0.13079 0.33832 0.89666 1.24502
3.32622 2.91969 1.82166 0.28402 0.00000 0.00000 0.06173 2.64047 5.21296 3.26396 2.62371 1.73500 1.14613 0.92098 0.78196 0.60948 0.34332 0.00000 0.00000 0.00000 0.00000 0.00000 0.00000 0.00000 0.00000 0.00000 0.06655 0.16921 0.53859 1.57032 3.38838 4.70205 4.96522 4.88667 4.88882 4.84771 4.25712 3.33322 2.25427 1.18254 0.61230 0.28761 0.11539 0.04353 0.00000 0.06411 0.28404 1.04092 2.79412 4.72894 5.98411 6.38471 6.11641 4.67413 2.60816 1.17256 0.75203 1.05198 1.70313 2.14120
5.29534 4.36393 2.85983 0.60897 0.00000 0.00000 0.00000 2.57865 6.25992 3.73787 3.59498 2.74599 1.41995 0.77679 0.57401 0.43602 0.28748 0.00000 0.00000 0.00000 0.00000 0.00000 0.00000 0.00000 0.02024 0.07465 0.15104 0.26630 0.79905 2.44094 4.52298 5.36691 5.82464 6.03474 6.49301 6.59197 6.03424 5.54815 4.83211 3.24239 1.81930 1.01267 0.53385 0.29959 0.21378 0.36915 0.89968 1.98471 3.72627 5.07277 5.62615 5.69074 5.25335 4.01692 2.76608 1.99416 1.72605 1.94899 2.33063 2.41963
4.76927 3.98715 2.72333 0.81015 0.00000 0.00000 0.00000 1.16796 3.71553 4.79894 4.05184 2.57361 1.61730 0.88046 0.70206 0.44478 0.28521 0.00000 0.00000 0.00000 0.00000 0.00000 0.00000 0.00000 0.07914 0.16192 0.29950 0.57748 1.44047 3.28216 5.50524 6.45978 6.99736 7.41863 7.82930 8.07125 7.63725 6.99349 6.10473 5.15706 4.17772 3.10156 2.33976 1.77616 1.63243 1.89257 2.69076 3.79623 4.42927 4.65177 4.72578 4.68254 3.89768 2.79854 2.29922 2.32077 2.61007 2.83563 2.72684 2.44664
2.63869 1.89891 1.22334 0.25974 0.00000 0.00000 0.00000 0.00000 0.82311 1.36620 2.19476 2.33611 1.09080 0.36431 0.97891 0.65358 0.53261 0.04455 0.00000 0.00000 0.00000 0.00000 0.02680 0.08740 0.18914 0.36551 0.63709 1.13445 2.28313 4.08765 5.65960 6.76486 7.43853 7.99023 8.82141 9.04365 8.80083 7.96396 6.97504 6.20329 5.77192 5.15061 4.63221 4.56006 4.93206 5.38181 5.97294 6.14927 5.81305 4.77749 4.08760 3.95810 3.45203 2.86494 2.75545 3.43204 3.92634 3.94497 3.40919 2.41853
0.62781 0.36742 0.21868 0.00000 0.00000 0.00000 0.00000 0.00000 0.00000 0.02341 0.10247 2.68786 1.92892 0.51428 1.45031 1.65946 0.78140 0.12939 0.00000 0.00000 0.00000 0.04357 0.12661 0.28724 0.57489 0.98784 1.43666 2.20474 3.31067 4.79491 5.92137 6.92316 7.70601 8.72206 10.05624 10.21849 9.69816 8.46137 7.10049 6.09827 5.77525 5.62168 5.66105 5.78128 6.28965 7.00264 8.03257 8.40268 7.62969 5.80756 4.37882 4.00182 4.20573 4.31657 4.73214 5.45473 5.94257 5.71267 5.12639 3.84583
0.05036 0.00000 0.00000 0.00000 0.00000 0.00000 0.00000 0.00000 0.00000 0.03130 1.73770 7.43275 10.21663 4.17469 0.14035 0.00000 0.02517 0.30118 0.36915 0.34808 0.31730 0.39079 0.62777 1.05289 1.62432 2.14077 2.61110 3.30429 4.37360 5.83249 6.83361 7.41519 7.80645 8.56443 9.13490 9.57353 9.73180 8.71555 7.01884 5.58141 5.33245 5.59157 5.87513 6.19901 6.52287 6.96394 8.34773 8.39563 7.67013 5.98224 4.54409 4.37113 5.03257 5.98322 6.87209 6.92127 6.84905 7.27294 7.54495 7.64094
0.00000 0.00000 0.00000 0.00000 0.00000 0.00000 0.00000 0.00000 0.09065 0.76199 3.12742 7.48574 11.08529 6.47566 0.94833 4.58529 6.55637 2.68522 1.34115 1.30171 1.52004 2.06213 2.58343 2.97318 3.13974 3.12021 3.62693 4.32330 5.03719 5.99741 6.66726 7.00445 7.92815 8.94071 9.44324 10.18130 10.53142 9.60627 7.93569 5.78037 5.16323 5.52576 5.94003 6.02268 6.34067 7.24586 8.18555 8.01971 6.87139 5.66878 4.35834 4.12577 5.32017 6.85316 7.79369 8.13831 8.84995 10.11689 10.83253 11.76018
0.00000 0.00000 0.00000 0.00000 0.00000 0.00000 0.00000 0.00000 0.12390 1.30789 3.31604 5.76825 7.96230 9.51514 17.14232 30.68017 26.19155 7.12815 3.84454 4.07606 3.82155 4.67064 5.24433 4.80771 4.53078 4.66480 5.15936 5.86020 6.37770 6.77051 6.87852 6.27224 6.40596 7.79393 8.94364 10.10048 10.15722 9.86979 8.67446 6.66062 5.74965 5.89382 6.22539 6.72484 7.09587 7.73253 8.12925 8.32362 7.71656 6.29834 4.44250 3.93447 5.53770 7.85408 8.58767 9.23309 12.27382 16.07303 17.91919 18.23415
0.00000 0.00000 0.00000 0.00000 0.00000 0.00000 0.00000 0.00000 0.02188 1.01892 2.61638 4.71513 7.56403 17.05803 27.55843 48.92697 39.38734 6.84783 8.22894 13.67265 10.00363 8.73142 8.13171 6.89387 5.66573 5.87166 6.82612 7.22447 8.22126 9.51143 8.24396 6.02220 4.56048 5.38844 6.86682 8.34893 8.64014 8.09838 7.44730 6.29357 5.73198 5.26621 5.17177 6.20051 7.37648 7.96431 8.48874 8.63632 9.72731 8.79335 7.39395 6.07764 6.15667 7.45933 8.60608 11.01132 15.53543 19.73681 22.56631 24.22130
0.00000 0.00000 0.00000 0.00000 0.00000 0.00000 0.00000 0.00000 0.02494 0.33044 1.21604 2.21722 4.02884 5.90735 9.38318 15.66276 12.27410 6.06385 8.61468 18.37924 22.82947 25.40592 21.61403 13.05999 7.41116 6.30780 7.82141 11.84026 14.91874 14.19193 10.22067 6.02092 3.93200 3.41375 3.90632 4.32547 4.21327 3.54109 3.35872 3.87724 4.30763 4.29962 4.40585 5.61268 7.81591 8.74027 8.53051 8.79563 11.02971 9.54877 8.80034 7.73453 6.72845 7.04096 6.63109 9.58166 12.79793 16.43440 20.07408 20.42108
0.00000 0.00000 0.00000 0.00000 0.00000 0.00000 0.00000 0.00000 0.00000 0.00000 0.08078 0.34572 0.73962 2.08440 4.24490 6.43528 3.55983 2.23333 5.34719 14.88943 39.66778 51.91597 37.06198 17.51665 13.02586 16.68202 16.17536 18.61810 16.37958 13.85915 9.38633 5.28310 3.30461 2.51164 2.46913 2.36327 1.98980 1.42846 1.46628 2.24756 3.29456 3.89261 4.59434 6.36836 9.22357 9.98604 9.23489 9.92236 10.16980 11.86191 10.08100 8.26271 7.79251 7.04184 5.45391 5.23629 6.43334 7.67348 9.36726 8.94039
0.00000 0.00000 0.00000 0.00000 0.00000 0.00000 0.00000 0.00000 0.00000 0.00000 0.00000 0.00000 0.00000 0.56121 1.77359 3.82606 2.54993 1.67908 4.47923 12.78680 34.26097 49.30279 41.76031 31.72387 32.62309 35.57991 39.57738 40.68446 28.70369 15.89242 9.11721 5.07231 3.20914 2.34805 2.31500 2.38807 2.38668 1.99330 1.76888 2.16536 3.26002 4.38882 6.14054 8.17740 9.69264 9.93787 9.07448 9.38529 13.84446 21.44368 19.39132 17.14441 8.79421 6.25225 3.93579 2.65400 1.91817 1.48104 2.19950 2.71549
0.00000 0.00000 0.00000 0.00000 0.00000 0.00000 0.00000 0.00000 0.00000 0.00000 0.00000 0.00000 0.00000 0.03632 0.34431 1.51625 2.28839 4.79810 9.37967 15.58268 28.82072 43.93294 51.66374 49.34045 49.57592 45.32433 48.28524 57.83945 52.60909 27.01785 8.86676 5.04092 4.10215 3.31909 2.97266 3.24035 3.73884 3.57670 2.84132 3.17819 4.19456 4.96421 6.24180 8.02287 8.56676 8.85421 14.88560 19.87512 21.06910 23.88519 30.34950 31.48363 19.80587 7.68518 3.65684 1.46816 0.60949 0.18708 0.43120 1.15095
0.00000 0.00000 0.00000 0.00000 0.00000 0.00000 0.00000 0.00000 0.00000 0.00000 0.00000 0.00000 0.00000 0.00000 0.00000 0.16968 1.67088 6.42088 12.98157 20.65024 33.58154 44.25100 55.27106 62.59318 65.24062 48.66131 37.17186 42.29388 44.37690 28.93292 12.31475 7.12740 7.29734 8.44077 6.70171 6.33657 8.69224 5.97671 4.60227 6.25701 6.49355 8.31737 6.81046 5.08961 6.73057 12.06192 18.10260 16.99751 13.03722 11.64556 16.18386 20.38217 19.99319 8.68123 3.69630 1.68141 0.70131 0.38377 0.43061 0.89275
0.00000 0.00000 0.00000 0.00000 0.00000 0.00000 0.00000 0.00000 0.00000 0.00000 0.00000 0.00000 0.00000 0.00000 0.00000 0.00000 0.79136 5.22838 13.43089 24.91018 37.08684 40.14260 49.36493 57.96994 58.39849 50.64716 46.03649 43.28620 41.51969 33.69438 23.30405 15.18650 14.16941 16.63865 16.57615 14.87671 17.76760 15.26877 15.71889 13.95576 13.36737 19.78024 18.84180 6.82252 5.44361 7.45998 11.68448 11.71763 6.59912 3.71060 3.90152 7.85035 10.39471 9.21994 4.99014 2.54443 1.33590 0.95406 0.86505 1.40835
0.00000 0.00000 0.00000 0.00000 0.00000 0.00000 0.00000 0.00000 0.00000 0.00000 0.00000 0.00000 0.00000 0.00000 0.00000 0.00000 0.00000 0.92446 7.48368 13.41386 18.25165 28.01408 36.43690 43.14547 43.82123 45.61950 53.52546 46.96978 36.11266 28.77033 23.59919 17.05160 21.00283 25.85359 25.18923 23.31903 15.60909 29.14519 31.58936 24.34216 19.82450 30.48456 35.54015 14.22902 4.55406 3.17211 7.36485 11.61970 8.32940 6.74926 5.70311 6.44649 8.34599 7.48589 5.43785 4.37189 2.94571 1.91425 1.48813 1.73215
0.00000 0.00000 0.00000 0.00000 0.00000 0.00000 0.00000 0.00000 0.00000 0.00000 0.00000 0.00000 0.00000 0.00000 0.00000 0.00000 0.00000 0.00000 1.58111 4.24716 5.37616 11.91838 20.64603 25.10435 26.41128 27.92365 32.42071 29.26834 22.03412 17.35356 11.54855 7.45570 23.42546 35.41309 24.80120 24.87579 22.39734 33.12494 33.26904 22.13926 14.33326 27.38136 58.20742 49.04143 18.87618 9.95464 6.36755 9.66615 12.13021 10.26259 8.87443 8.14883 6.56720 5.21991 5.99039 6.38904 4.83450 2.78443 1.67688 1.49435
0.00000 0.00000 0.00000 0.00000 0.00000 0.00000 0.00000 0.00000 0.00000 0.00000 0.00000 0.00000 0.00000 0.00000 0.00000 0.00000 0.00000 0.00000 0.32279 2.29454 4.61256 5.87376 8.26470 9.98430 10.65812 9.41362 10.63582 10.45304 12.41899 10.78429 4.64740 6.48764 17.54862 23.72068 20.79269 24.81363 23.92218 17.91365 15.80381 11.81207 13.08811 29.92106 62.40580 46.92406 20.16144 8.24679 2.38467 4.60041 7.22906 7.98124 8.51395 6.64993 4.49299 5.14080 6.34173 7.69662 6.90643 3.54430 1.35531 1.24227
0.00000 0.00000 0.00000 0.00000 0.00000 0.00000 0.00000 0.00000 0.00000 0.00000 0.00000 0.00000 0.00000 0.00000 0.00000 0.00000 0.00000 0.00000 0.48259 1.25050 1.95310 2.46082 3.53376 5.28533 6.56822 6.67256 6.30975 5.98178 8.89607 6.64780 3.58785 5.42158 8.90584 8.67795 14.96182 31.23000 31.13029 9.80577 6.50065 9.17420 15.42989 32.11605 45.07847 34.09297 22.54921 13.31460 6.21849 6.44390 6.05855 6.17744 6.57783 5.17317 4.40155 5.41714 6.22081 8.37542 9.04880 5.26401 1.05549 1.30626
0.00000 0.00000 0.03286 0.08274 0.03614 0.00000 0.00000 0.00000 0.00000 0.00000 0.00000 0.00000 0.00000 0.00000 0.00000 0.00000 0.00000 0.00000 0.24024 0.72265 1.15261 1.17026 1.89941 6.15442 8.19406 8.96934 9.33452 11.94522 12.82961 7.93649 6.19308 6.78257 8.09656 9.50451 16.06044 25.77722 25.49942 12.73825 6.86138 7.24904 12.11455 19.34132 24.89198 21.59923 19.41477 24.85692 16.41492 10.39701 8.84499 7.87707 7.32290 5.46785 4.68388 5.21172 6.15061 8.81400 9.17885 7.77496 4.00573 4.47579
0.00000 0.00000 0.09979 0.16424 0.19047 0.03389 0.00000 0.00000 0.00000 0.00000 0.00000 0.00000 0.00000 0.00000 0.00000 0.00000 0.00000 0.00000 0.00000 0.13815 0.86042 1.34997 2.74860 8.10484 9.63127 10.89090 14.64473 20.21635 22.41926 18.56644 17.01443 15.97640 14.31684 14.93000 21.16033 18.64688 8.36901 6.44121 5.26369 5.73220 8.07075 9.95363 9.68570 5.89009 6.93021 12.61949 9.18333 9.41144 8.59912 7.22408 5.78843 4.47384 4.62422 4.70028 4.68501 7.89467 10.96622 15.90504 14.21223 11.38290
0.00000 0.00000 0.05221 0.11469 0.11566 0.03445 0.00000 0.00000 0.00000 0.00000 0.00000 0.00000 0.00000 0.00000 0.00000 0.00000 0.00000 0.00000 0.00000 0.00000 0.59902 2.20505 3.59597 6.57174 9.01023 11.11892 14.79304 22.11155 28.08356 32.07350 36.06927 28.57719 15.74702 16.79323 22.93807 19.22390 6.60698 3.03582 2.31762 3.63787 6.52824 8.64568 9.10937 5.87348 3.49649 2.59352 3.22397 3.72928 3.42201 3.04120 2.37925 2.61218 4.15375 5.09285 5.94002 7.45803 13.39754 25.86293 31.23785 22.90755
0.00000 0.00000 0.00000 0.00000 0.00000 0.00000 0.00000 0.00000 0.00000 0.00000 0.00000 0.00000 0.00000 0.00000 0.00000 0.00000 0.00000 0.00000 0.00000 0.00000 0.27737 2.47447 3.66246 5.26502 7.26990 9.45487 11.23932 16.62644 26.87032 38.36903 49.15702 37.48625 18.84273 17.26719 19.46624 9.79916 2.54442 1.18817 0.96087 2.44312 5.87310 9.05025 9.47070 6.48280 3.76418 1.58756 0.98816 0.83447 0.73366 0.88993 0.88315 1.19959 2.74610 4.21012 4.92201 5.98489 15.07169 29.63214 37.15081 28.08641
0.00000 0.00000 0.00000 0.00000 0.00000 0.00000 0.00000 0.00000 0.00000 0.00000 0.00000 0.00000 0.00000 0.00000 0.00000 0.00000 0.00000 0.00000 0.00000 0.00000 0.69850 3.23564 4.70550 5.06769 5.48944 7.50240 8.92078 10.82101 17.22628 29.14314 36.73346 35.15424 29.57676 17.58561 9.98475 3.22284 0.13908 0.02800 0.33870 1.56495 4.40451 8.47794 9.69129 7.19691 4.34284 2.31785 1.16562 0.49011 0.44191 0.56669 0.65848 0.80573 1.51480 2.47670 3.29595 3.97165 12.70096 22.06276 23.99341 17.16146
0.00000 0.00000 0.00000 0.00000 0.00000 0.00000 0.00000 0.00000 0.00000 0.00000 0.13411 0.23133 0.00000 0.00000 0.00000 0.00000 0.00000 0.00000 0.00000 0.48891 3.82670 8.33396 6.24211 4.84192 4.80943 5.21147 4.63733 3.30927 4.86022 11.41619 16.20206 18.57884 15.17307 6.91114 2.10497 0.49116 0.07438 0.16781 0.28267 0.90918 3.03380 6.84321 8.77679 6.92558 4.93982 3.43282 2.10037 0.70573 0.34403 0.43808 0.55530 0.74772 1.23896 1.68461 2.54033 4.26570 9.92416 14.66346 11.62544 7.03252
0.00000 0.00000 0.00000 0.00000 0.00000 0.26752 0.30266 0.00000 0.00000 0.08633 0.50564 0.57598 0.00000 0.00000 0.00000 0.00000 0.00000 0.00000 0.00000 0.57028 3.97831 7.88873 4.63016 2.80060 2.81190 3.08321 3.28326 3.06571 2.67569 3.40035 1.44983 3.23185 2.54240 0.28323 0.02558 0.00000 0.00000 0.12347 0.20429 0.43983 2.12981 -99999.00000 -99999.00000 8.46436 6.66756 4.49953 3.01545 1.27581 0.36719 0.36294 0.41389 0.51619 0.94474 1.20008 1.64310 2.56816 6.22265 9.93868 7.61689 4.71806
0.00000 0.00000 0.00000 0.00000 0.19363 1.33761 1.24875 0.08739 0.00000 0.00000 0.04742 0.05470 0.00000 0.00000 0.00000 0.00000 0.00000 0.00000 0.00000 0.10464 1.06816 2.24954 1.07908 0.63816 1.22364 1.95249 2.70054 4.26544 3.49784 1.27916 0.15791 0.00000 0.00000 0.00000 0.00000 -99999.00000 -99999.00000 -99999.00000 -99999.00000 -99999.00000 -99999.00000 -99999.00000 -99999.00000 8.58852 7.11246 4.85715 3.38971 2.07814 0.66966 0.29981 0.25357 0.21566 0.23257 0.35908 0.62020 1.71167 4.94039 7.65434 6.59837 4.77769
0.00000 0.15382 0.12382 0.00000 -99999.00000 0.26789 0.13734 0.00000 0.00000 0.00000 0.00000 0.00000 0.00000 0.00000 0.00000 0.00000 0.00000 0.00000 0.09820 0.65981 0.84744 0.27478 0.13606 0.46827 1.16049 1.52701 1.34859 1.74637 1.14668 0.35630 0.00000 0.00000 0.00000 0.00000 -99999.00000 -99999.00000 -99999.00000 -99999.00000 -99999.00000 -99999.00000 -99999.00000 -99999.00000 -99999.00000 -99999.00000 5.50210 4.02570 2.99451 2.09981 0.88327 0.24281 0.05860 0.04479 0.03387 0.05917 0.66300 1.75335 3.68401 6.34801 7.82288 6.98965
-99999.00000 -99999.00000 -99999.00000 -99999.00000 -99999.00000 0.21707 0.12314 0.00000 0.00000 0.00000 0.00000 0.00000 0.00000 0.20223 0.32570 0.82229 1.08472 0.95558 0.29761 0.52470 0.80372 0.50600 0.11206 1.08582 2.15743 2.29954 1.60749 1.30840 0.31994 0.00000 0.00000 0.02447 0.04491 0.09259 -99999.00000 -99999.00000 -99999.00000 -99999.00000 -99999.00000 -99999.00000 -99999.00000 -99999.00000 -99999.00000 -99999.00000 -99999.00000 2.96458 2.35598 1.40065 0.65134 0.13583 0.04570 0.03328 0.03902 0.11007 0.51187 0.94141 2.26907 5.23720 8.74620 9.97034
