DATA/RAW-RASTER/CPC/2017/20170608.asc
ncols			60
nrows			40
xllcorner		70.0
yllcorner		20.0
cellsize		0.5
NODATA_value	-99999
0.00000 0.00000 0.00000 0.00000 0.00000 0.00000 0.00000 0.00000 0.00000 0.00000 0.00000 0.00000 0.00000 0.00000 0.00000 0.00000 0.00000 0.00000 0.00000 0.00000 0.00000 0.00000 0.00000 0.00000 0.00000 0.00000 0.00000 0.00000 0.00000 0.00000 0.00000 0.00000 0.00000 0.00000 0.00000 0.00000 0.00000 0.00000 0.00000 0.12443 0.28073 0.42744 0.56523 0.66066 0.70726 0.69546 0.67016 0.60550 0.54387 0.53543 0.54870 0.49893 0.30038 0.15969 0.06716 0.06456 0.02760 0.03046 0.07342 0.13561
0.00000 0.00000 0.00000 0.00000 0.00000 0.00000 0.00000 0.00000 0.00000 0.00000 0.00000 0.00000 0.00000 0.00000 0.00000 0.00000 0.00000 0.00000 0.00000 0.00000 0.00000 0.00000 0.00000 0.00000 0.00000 0.00000 0.00000 0.00000 0.00000 0.00000 0.00000 0.00000 0.00000 0.00000 0.00000 0.00000 0.00000 0.00000 0.06796 0.22695 0.44019 0.60293 0.71926 0.77779 0.77682 0.75577 0.75598 0.76387 0.80070 0.91730 1.15343 1.36234 1.53908 1.77196 1.80506 1.46815 1.08435 0.77668 0.57817 0.42817
0.00000 0.00000 0.00000 0.00000 0.00000 0.00000 0.00000 0.00000 0.00000 0.00000 0.00000 0.00000 0.00000 0.00000 0.00000 0.00000 0.00000 0.00000 0.00000 0.00000 0.00000 0.00000 0.00000 0.00000 0.00000 0.00000 0.00000 0.00000 0.00000 0.00000 0.00000 0.00000 0.00000 0.00000 0.00000 0.00000 0.00000 0.02737 0.16480 0.40439 0.58447 0.64038 0.63909 0.68044 0.73999 0.72186 0.72118 0.78556 1.00833 1.68736 2.48740 3.12494 4.39999 6.89886 8.48892 7.17648 5.37051 4.47623 3.33819 1.79659
0.00000 0.00000 0.00000 0.00000 0.00000 0.00000 0.00000 0.00000 0.00000 0.00000 0.00000 0.00000 0.00000 0.00000 0.00000 0.00000 0.00000 0.00000 0.00000 0.00000 0.00000 0.00000 0.00000 0.00000 0.00000 0.00000 0.00000 0.00000 0.00000 0.00000 0.00000 0.00000 0.00000 0.00000 0.00000 0.00000 0.00000 0.09742 0.28075 0.48630 0.56164 0.58459 0.57181 0.58587 0.68478 0.79795 0.87196 1.05320 1.48832 2.47807 3.31526 4.19727 6.68744 11.97633 17.09627 17.86796 13.95940 11.09786 8.65138 6.66674
0.00000 0.00000 0.00000 0.00000 0.00000 0.00000 0.00000 0.00000 0.00000 0.00000 0.00000 0.00000 0.00000 0.00000 0.00000 0.00000 0.00000 0.00000 0.00000 0.00000 0.00000 0.00000 0.00000 0.00000 0.00000 0.00000 0.00000 0.00000 0.00000 0.00000 0.00000 0.00000 0.00000 0.00000 0.00000 0.00000 0.06814 0.18266 0.37017 0.54147 0.63771 0.64806 0.60682 0.62642 0.78878 1.04543 1.36416 1.78056 2.21979 2.73088 3.20223 4.30561 7.99608 14.15600 19.05208 21.43229 19.97862 15.94403 12.68372 11.29212
0.00000 0.00000 0.00000 0.00000 0.00000 0.00000 0.00000 0.00000 0.00000 0.00000 0.00000 0.00000 0.00000 0.00000 0.00000 0.00000 0.00000 0.00000 0.00000 0.00000 0.00000 0.00000 0.00000 0.00000 0.00000 0.00000 0.00000 0.00000 0.00000 0.00000 0.00000 0.00000 0.00000 0.00000 0.00000 0.04221 0.14098 0.25999 0.41825 0.55082 0.63282 0.70558 0.70831 0.77538 0.98637 1.44722 2.08857 2.75426 3.25762 3.45321 3.70236 4.77795 8.03520 11.19683 14.14724 17.45589 20.87141 18.98495 14.56459 12.03671
0.00000 0.00000 0.00000 0.00000 0.00000 0.00000 0.00000 0.00000 0.00000 0.05022 0.10897 0.05296 0.00000 0.00000 0.00000 0.00000 0.00000 0.00000 0.00000 0.00000 0.00000 0.00000 0.00000 0.00000 0.00000 0.00000 0.00000 0.00000 0.00000 0.00000 0.00000 0.00000 0.00000 0.00000 0.00000 0.05112 0.19031 0.32826 0.46243 0.56175 0.58249 0.62398 0.60035 0.84795 1.13250 1.64603 2.41430 3.29990 4.00239 4.26334 4.24253 4.83052 6.68837 9.51665 13.57844 17.96178 20.98980 20.67728 17.58017 13.05558
0.00000 0.00000 0.00000 0.00000 0.00000 0.00000 0.00000 0.00000 0.26792 0.66821 0.95440 0.81631 0.46635 0.16922 0.04823 0.00000 0.00000 0.00000 0.00000 0.00000 0.00000 0.00000 0.00000 0.00000 0.00000 0.00000 0.00000 0.00000 0.00000 0.00000 0.00000 0.00000 0.00000 0.00000 0.00000 0.06978 0.24309 0.37125 0.45281 0.49034 0.48622 0.55467 0.69043 0.89979 1.00488 1.35424 2.13021 3.24380 4.31776 4.88275 5.04584 5.49893 6.92546 9.52063 13.81252 18.72577 24.95651 25.20033 18.34577 13.64896
0.00000 0.00000 0.00000 0.00000 0.00000 0.00000 0.02700 0.44572 1.04989 1.50657 1.69280 1.50018 1.13625 0.69685 0.24127 0.08903 0.03257 0.00000 0.00000 0.00000 0.00000 0.00000 0.00000 0.00000 0.00000 0.00000 0.00000 0.00000 0.00000 0.00000 0.00000 0.00000 0.00000 0.00000 0.07656 0.18919 0.27480 0.34862 0.37271 0.37974 0.41409 0.52793 0.61564 0.69485 0.75460 0.92676 1.45627 2.89939 4.35645 5.44515 6.42994 7.32443 9.19459 14.07265 18.81802 20.10244 21.82360 21.29085 18.29980 14.60538
0.00000 0.00000 0.00000 0.00000 0.00000 0.00000 0.30259 1.00155 1.90140 2.68255 2.07207 1.42281 1.12444 0.92436 0.62714 0.27952 0.09822 0.00000 0.00000 0.00000 0.00000 0.00000 0.00000 0.00000 0.00000 0.00000 0.00000 0.00000 0.00000 0.00000 0.00000 0.00000 0.00000 0.00000 0.00000 0.08856 0.26149 0.29055 0.27338 0.26172 0.27431 0.31662 0.35000 0.39582 0.46149 0.52243 0.69558 1.59653 3.81575 6.16511 7.76879 8.72768 10.39737 13.62189 14.82740 13.56012 12.74078 13.43604 14.41474 12.34330
0.00000 0.00000 0.00000 0.00000 0.00000 0.30079 0.88121 2.92778 4.67464 4.96733 2.90953 1.17812 0.76044 0.62859 0.49598 0.33968 0.04625 0.00000 0.00000 0.00000 0.00000 0.00000 0.00000 0.00000 0.00000 0.00000 0.00000 0.00000 0.00000 0.00000 0.00000 0.00000 0.00000 0.00000 0.00000 0.00000 0.03878 0.08259 0.10822 0.10102 0.09853 0.07358 0.13090 0.17073 0.21551 0.32896 0.54091 1.10262 2.51469 4.28618 5.19657 5.57127 6.45092 8.37960 9.75367 9.12943 8.53377 10.04198 11.59074 10.93167
0.00000 0.00000 0.15732 1.07770 1.86614 3.72076 3.97915 5.98351 6.77355 4.27801 2.39075 1.00217 0.57215 0.46223 0.29904 0.04775 0.00000 0.00000 0.00000 0.00000 0.00000 0.00000 0.00000 0.00000 0.00000 0.00000 0.00000 0.00000 0.00000 0.00000 0.00000 0.00000 0.00000 0.00000 0.00000 0.00000 0.00000 0.00000 0.00000 0.00000 0.00000 0.00000 0.00000 0.05898 0.04279 0.13810 0.46284 1.25817 2.73594 3.89230 4.25506 4.26037 4.77665 5.86423 7.40970 8.35534 8.42855 8.48936 8.57622 8.97452
0.00000 0.15021 1.53300 3.69568 6.26997 10.42237 13.95331 11.46315 8.70610 3.38675 1.07436 1.01256 0.71299 0.35758 0.02875 0.00000 0.00000 0.00000 0.00000 0.00000 0.00000 0.00000 0.00000 0.00000 0.00000 0.00000 0.00000 0.00000 0.00000 0.00000 0.00000 0.00000 0.00000 0.00000 0.00000 0.00000 0.00000 0.00000 0.00000 0.00000 0.00000 0.00000 0.00000 0.09262 0.11341 0.27864 0.78871 1.88559 3.58408 4.58043 4.54257 4.28805 4.34897 4.53330 4.97504 5.99058 6.88490 7.40269 7.73035 7.73474
0.00000 0.48977 1.88757 3.95614 6.89247 10.54163 11.97288 10.96053 8.24591 6.31157 3.58111 2.33347 0.96099 0.02634 0.00000 0.00000 0.00000 0.00000 0.00000 0.00000 0.00000 0.00000 0.00000 0.00000 0.00000 0.00000 0.02017 0.02326 0.02460 0.00000 0.00000 0.00000 0.00000 0.00000 0.00000 0.00000 0.00000 0.00000 0.00000 0.00000 0.00000 0.03902 0.14888 0.37619 0.63139 1.15848 2.17129 3.65476 4.81721 5.41487 5.55181 5.16778 4.54260 4.32335 4.18843 4.24906 5.09068 6.42787 7.36598 7.65206
0.00000 0.06854 0.97389 2.04207 3.27754 5.40559 8.29026 9.13464 7.84236 9.38665 9.13844 4.80746 1.11017 0.00000 0.00000 0.00000 0.00000 0.00000 0.00000 0.00000 0.00000 0.00000 0.00000 0.00000 0.00000 0.02542 0.03969 0.04839 0.00000 0.00000 0.00000 0.00000 0.00000 0.00000 0.00000 0.00000 0.00000 0.00000 0.00000 0.00000 0.00000 0.08201 0.41628 0.73150 1.46654 2.87732 4.63339 5.74760 6.27605 6.02222 5.68281 5.28715 4.55312 4.28385 3.98069 3.60254 3.26780 4.02320 5.58776 6.83230
0.00000 0.00000 0.10219 0.67602 0.89854 1.79263 6.76956 14.25008 15.44119 13.03021 11.39496 5.64467 0.26466 0.00000 0.00000 0.00000 0.00000 0.00000 0.00000 0.00000 0.00000 0.00000 0.00000 0.02232 0.03959 0.06175 0.07918 0.07631 0.00000 0.00000 0.00000 0.02529 0.02460 0.00000 0.00000 0.00000 0.00000 0.00000 0.00000 0.00000 0.04034 0.12487 0.43544 0.66450 1.35643 3.27872 6.11011 7.61453 7.57423 6.74539 5.80060 5.18821 4.50248 3.47983 2.73081 1.94665 1.42530 1.94294 4.14099 6.42210
0.00000 0.00000 0.00000 0.21546 0.73915 2.37363 9.64932 24.81471 35.05309 22.38264 12.91196 6.29415 0.31414 0.00000 0.00000 0.00000 0.00000 0.00000 0.00000 0.00000 0.00000 0.03008 0.04923 0.07538 0.10521 0.12208 0.12210 0.05493 0.00000 0.00000 0.00000 0.04060 0.04199 0.03390 0.02251 0.00000 0.00000 0.00000 0.00000 0.02539 0.09254 0.33535 0.54806 0.56850 0.88628 2.59059 5.98829 7.46905 7.30358 6.67809 6.18940 5.77344 4.08315 2.02230 1.01961 0.60058 0.32621 0.85971 3.58626 6.87469
0.00000 0.00000 0.00000 0.00000 0.07996 4.02571 11.91645 25.86403 35.31154 23.74216 12.13463 3.99153 0.03593 0.00000 0.00000 0.00000 0.00000 0.00000 0.00000 0.00000 0.08737 0.14084 0.17583 0.19087 0.18851 0.15851 0.11747 0.05470 0.03896 0.02134 0.00000 0.06020 0.07368 0.06805 0.04982 0.02966 0.00000 0.02162 0.07845 0.11502 0.26935 0.82686 1.19559 0.90579 0.93393 2.29139 4.93387 6.26543 5.93402 5.86757 5.76771 5.23148 3.22725 0.99518 0.20845 0.18370 0.30592 0.98687 2.89019 5.27322
0.00000 0.00000 0.00000 0.00000 0.00000 0.96311 6.20157 11.58142 16.30649 14.86400 7.84048 0.80853 0.00000 0.00000 0.00000 0.00000 0.00000 0.00000 0.00000 0.09752 0.25480 0.33037 0.34539 0.27729 0.20732 0.15589 0.10840 0.08255 0.11620 0.17599 0.14425 0.13712 0.15233 0.12738 0.12142 0.10178 0.07682 0.10757 0.31556 0.72564 1.58754 3.24961 4.14835 3.50520 2.74150 2.98182 3.79022 4.27590 3.95497 3.83846 3.65008 3.16719 2.21465 0.84536 0.20460 0.12980 0.26411 0.62379 1.37042 1.99669
0.00000 0.00000 0.00000 0.00000 0.00000 0.00000 0.84587 2.30140 4.17357 5.96589 4.17027 0.72884 0.00000 0.00000 0.00000 0.00000 0.00000 0.00000 0.00000 0.37435 0.55306 0.63188 0.56250 0.37176 0.20926 0.14232 0.11745 0.11268 0.20068 0.31163 0.37495 0.25956 0.22707 0.20727 0.24531 0.33377 0.44033 0.59303 1.04620 2.25366 4.94893 7.67475 8.68208 8.30075 6.39028 4.09576 2.67017 1.70644 1.33931 1.56616 2.10965 2.16919 1.52424 0.74874 0.25343 0.04157 0.00000 0.05450 0.24353 0.32747
0.00000 0.00000 0.00000 0.00000 0.00000 0.00000 0.14837 0.39611 1.18601 2.52976 2.06441 1.51456 0.89416 0.31423 0.50994 0.77675 0.34005 0.00000 0.00000 0.55429 1.48371 1.92861 1.45285 0.61155 0.20585 0.15323 0.19512 0.26285 0.41117 0.59420 0.63939 0.45492 0.24176 0.18492 0.26977 0.52889 0.91993 1.21903 1.61189 3.21932 6.56560 9.44220 10.22558 9.41973 7.04155 3.66102 1.52585 0.57871 0.25476 0.27781 0.65286 1.01537 0.87512 0.46959 0.08884 0.00000 0.00000 0.00000 0.00000 0.00000
0.00000 0.00000 0.00000 0.00000 0.22011 1.06057 1.64987 1.65309 2.06109 2.44262 2.59042 2.61583 1.89056 1.49292 2.32333 3.07133 1.67161 0.23227 0.00000 0.56376 2.79243 3.85851 2.17488 0.58820 0.23678 0.45510 0.51489 0.42298 0.40460 0.65285 0.86252 0.66779 0.30018 0.12185 0.14981 0.41240 0.91246 1.30112 1.49085 2.68144 5.57319 7.89511 8.38916 6.58329 3.73474 1.75059 0.78572 0.13649 0.23229 0.30209 0.38302 0.46279 0.52816 0.11326 0.00000 0.00000 0.00000 0.00000 0.00000 0.00000
0.00000 0.00000 0.03787 0.63742 2.07349 4.37964 5.58414 5.24209 4.53216 3.93793 3.27129 2.46237 1.78624 1.57825 3.26540 5.00784 3.83406 0.92221 0.00000 0.28276 1.75730 2.47620 1.24883 0.37912 0.74188 1.62185 1.81694 0.89945 0.52809 0.93752 1.41125 1.17039 0.49504 0.12109 0.07102 0.26051 0.64615 0.96984 1.15283 1.86768 3.76910 5.33627 4.97233 2.70281 0.89616 0.37927 0.21364 0.00000 1.52797 2.26561 1.25603 0.77451 0.58394 0.52096 0.18044 0.00000 0.00000 0.00000 0.00000 0.00000
0.00000 0.00000 0.38555 1.79372 4.85733 8.16716 9.45104 8.47561 6.54239 5.09255 3.70853 1.75001 0.94898 1.67485 3.99159 7.63520 8.57778 4.74147 0.26611 0.00000 0.28828 0.47048 0.33984 0.38975 1.65471 3.80526 4.27997 2.09346 1.21975 2.37689 2.75488 2.20032 1.08450 0.43847 0.27699 0.26119 0.38276 0.43789 0.49019 0.97098 1.93773 2.57209 1.90478 0.81282 0.11361 0.00000 0.45456 3.57055 8.37529 9.47188 4.05007 2.86726 3.12250 1.69814 0.86085 0.11003 0.00000 0.00000 0.00000 0.00000
0.00000 0.00000 0.65912 2.56864 6.25752 9.23336 10.35076 9.77992 7.52685 5.12809 3.39126 1.75253 1.20328 2.45970 4.89234 8.20489 9.56892 6.33596 2.22091 0.10569 0.00000 0.00000 0.00000 0.21249 2.32238 5.87024 7.98168 6.23154 3.65776 3.54320 5.13702 3.64317 1.87536 1.64286 1.41151 0.74789 0.52069 0.28271 0.21911 0.36540 0.56402 0.46573 0.00000 0.00000 0.06707 0.13686 1.70172 5.58873 12.69013 20.73440 16.92394 10.44578 8.71536 4.36044 2.07389 0.56952 0.00000 0.00000 0.00000 0.00000
0.00000 0.00000 0.50811 2.50700 6.72086 9.88488 10.80776 9.88151 7.04994 4.73416 3.60211 2.97794 2.70913 2.90655 3.75001 4.12374 4.37220 3.77840 1.62196 0.00000 0.00000 0.00000 0.00000 0.16256 1.77872 4.50101 6.86338 6.27880 3.76126 1.73317 2.46067 3.27110 2.68716 4.00212 5.69707 3.45596 0.68546 0.38570 0.58008 0.64620 0.30629 0.00000 0.00000 0.04486 1.21061 1.00283 5.00486 5.48812 6.44822 16.25436 19.22354 15.66486 12.35529 8.89252 4.37693 0.86370 0.00000 0.00000 0.00000 0.00000
0.00000 0.02228 0.47561 2.48888 7.18363 11.15539 12.09733 10.00439 6.36913 4.71788 4.00790 3.79282 3.31224 2.82876 2.62360 2.41841 1.97124 1.59059 0.39735 0.00000 0.00000 0.00000 0.00000 0.02875 0.74869 1.50286 1.28257 1.74090 1.41426 0.50925 0.72136 2.13075 4.27741 7.21155 9.49769 7.51820 0.91396 0.00000 1.17983 1.58326 0.29976 0.00000 0.00000 0.00000 1.33596 1.37724 10.33219 9.31486 5.71522 10.80856 15.63480 16.52995 14.91370 9.33889 3.93980 0.28906 0.00000 0.00000 0.00000 0.00000
0.00000 0.07255 0.44509 2.14895 6.87517 12.43222 13.61908 10.10074 6.28127 4.65217 4.06286 3.59711 2.97046 2.47896 2.27521 1.55489 0.50936 0.10411 0.00000 0.00000 0.00000 0.00000 0.00000 0.00000 0.00000 0.08050 0.05559 0.17612 0.04847 0.00000 0.04116 0.73821 4.12871 7.69540 6.85423 5.57390 1.06654 0.19041 1.98215 1.40646 0.00000 0.00000 0.10492 0.30169 0.81560 10.54373 24.83606 19.02272 14.69138 13.58230 14.78957 15.27544 10.46657 4.91767 1.71392 0.02344 0.00000 0.00000 0.00000 0.00000
0.00000 0.00000 0.10092 1.20817 5.01857 10.14455 11.80399 8.93247 5.83179 4.13676 3.33138 2.70147 2.32877 2.36202 3.02216 2.66661 0.87971 0.00000 0.00000 0.00000 0.00000 0.00000 0.00000 0.00000 0.00000 0.00000 0.00000 0.12189 0.25919 0.08007 0.03902 0.72534 2.70906 4.05730 3.01017 2.01874 0.12474 0.46092 2.20839 1.47549 0.07284 0.12923 1.49352 3.63957 10.23902 23.72838 35.71711 24.31803 17.82471 14.77816 14.14884 10.30344 5.09554 2.61177 0.61312 0.00000 0.00000 0.00000 0.00000 0.00000
0.00000 0.00000 0.02182 0.80697 3.07404 6.28522 8.32913 7.30792 4.47004 2.61690 2.34787 2.16938 2.13453 2.61590 3.88971 4.19620 1.62810 0.06822 0.00000 0.00000 0.00000 0.00000 0.00000 0.00000 0.00000 0.00000 0.10151 0.50660 0.86297 0.39434 0.17259 0.22998 1.19727 1.08934 0.82291 0.51360 0.03353 2.89300 10.40635 10.04481 4.13168 1.43417 4.35565 3.93844 13.48536 20.08503 20.06967 16.31413 10.48456 9.61625 9.79885 6.73565 3.33716 1.38452 0.16499 0.00000 0.00000 0.00000 0.06105 0.26040
0.00000 0.00000 0.00000 0.19131 1.17234 3.52628 6.26228 7.82606 5.32397 2.55532 2.62432 2.26386 1.96407 2.21450 3.01429 3.00729 1.56357 0.00000 0.00000 0.00000 0.00000 0.00000 0.00000 0.00000 0.00000 0.05870 0.30595 0.90641 1.37107 0.74781 0.94441 0.80533 1.22063 0.45220 0.35737 0.07591 0.15820 4.23008 14.22939 11.53351 3.39595 2.78801 12.77063 12.51017 10.61899 16.25208 11.35092 4.65305 3.44371 5.22393 6.25252 4.45590 2.03061 0.96140 0.58328 0.41891 0.07377 0.00000 0.47247 1.47731
0.00000 0.00000 0.00000 0.00000 0.07107 1.01038 3.54658 6.23120 7.30525 7.25808 5.96286 3.26693 1.47474 1.02839 1.71859 1.76574 0.90494 0.00000 0.00000 0.00000 0.00000 0.00000 0.00000 0.00000 0.00000 0.00000 0.36025 0.65119 1.39679 3.46302 5.80040 6.15301 2.97434 0.24766 0.05180 0.00000 0.00000 0.43301 3.30960 3.59847 1.52396 2.96118 13.12960 20.86980 8.99973 9.44635 5.30671 2.90237 1.88259 2.55021 3.06299 2.33636 1.42642 0.83214 0.73796 1.11383 0.88050 0.30949 1.18803 3.21867
0.00000 0.00000 0.00000 0.00000 0.00000 0.00000 0.88669 4.20928 10.46563 16.77305 13.54714 5.13456 0.45404 0.14726 0.61007 0.47414 0.11582 0.00000 0.00000 0.00000 0.00000 0.00000 0.00000 0.00000 0.00000 0.00000 0.29262 1.10172 3.80449 11.41069 18.40208 13.91173 3.95879 0.00000 0.00000 0.00000 0.00000 0.00000 1.32626 4.36824 3.29471 11.25853 20.84238 18.36384 11.22490 5.61951 3.15453 2.03183 1.26540 1.12007 1.10588 1.06038 0.99132 0.82527 0.95782 1.05291 0.93544 0.59403 0.81094 2.83488
0.00000 0.00000 0.00000 0.00000 0.00000 0.00000 0.00000 2.38576 15.59202 25.54542 21.21083 5.35893 0.15529 0.11413 0.43123 0.05077 0.00000 0.00000 0.00000 0.00000 0.00000 0.00000 0.00000 0.00000 0.00000 0.00000 0.00000 0.85332 7.13642 18.50442 27.65698 16.50011 3.22452 0.00000 0.00000 0.00000 0.00000 0.00000 1.60054 4.90969 5.02382 13.69207 27.71942 17.30756 12.85526 6.27894 2.11334 1.06293 0.72750 0.59686 0.51312 0.52507 0.53837 0.65539 0.67620 0.59771 0.60564 0.40129 0.40575 1.45492
0.00000 0.02098 0.47296 0.09710 0.00000 0.00000 0.00000 1.30114 16.11373 31.41128 35.33031 10.48164 0.90159 0.12134 0.11241 0.00000 0.00000 0.00000 0.00000 0.00000 0.00000 0.00000 0.00000 0.00000 0.00000 0.00000 0.00000 0.00000 4.35044 13.59910 17.33160 9.68531 1.18826 0.00000 0.00000 0.39764 0.29027 1.21087 3.58413 5.17117 2.36577 2.20941 11.55706 15.92369 11.67663 8.22851 3.60079 1.38134 0.94224 0.48321 0.34901 0.37347 0.31921 0.39767 0.37325 0.27282 0.33583 0.25726 0.26847 0.31050
0.66744 2.49199 4.83694 2.82975 0.30748 0.09582 0.10520 2.23934 11.83291 22.39544 25.54497 11.07148 2.12028 0.03596 0.11245 0.30799 0.12046 0.00000 0.00000 0.00000 0.00000 0.06203 0.31209 0.35286 0.16656 0.00000 0.00000 0.00000 1.10736 5.48779 8.10641 5.83714 1.37064 0.00000 0.00000 0.42301 2.06730 7.35996 5.76869 3.61430 0.74479 2.91823 15.45582 12.59531 10.73832 11.63001 7.65524 2.57959 1.15816 0.76900 0.38334 0.41968 0.51566 0.46839 0.39390 0.26352 0.06110 0.00000 0.00000 0.00000
3.68378 9.53676 14.07603 6.00316 0.93712 0.58734 0.58505 1.41182 3.70933 7.17862 6.14208 1.48028 0.17998 0.00000 0.28561 0.65437 0.52172 0.02922 0.00000 0.00000 0.08677 0.84721 1.54098 0.95499 0.42667 0.05016 0.00000 0.00000 0.59707 2.77933 5.00824 5.38077 2.12546 0.10623 0.00000 0.02410 2.15881 5.94406 5.24053 2.49323 0.06076 -99999.00000 -99999.00000 22.16186 22.09066 17.37609 12.22153 4.67421 1.47303 1.22531 1.18269 1.15192 1.29658 1.17012 0.98916 0.72449 0.53525 0.54705 1.63919 1.53491
3.02940 7.12027 9.46611 3.77730 1.23720 1.46664 1.27836 0.61089 0.63081 2.02855 1.41421 0.02750 0.00000 0.00000 0.06672 0.32513 0.44176 0.10341 0.00000 0.00000 0.49275 2.32989 3.67163 1.18159 0.60905 0.21244 0.00000 0.00000 0.37543 1.99325 3.68412 3.34551 1.58476 0.26941 0.02141 -99999.00000 -99999.00000 -99999.00000 -99999.00000 -99999.00000 -99999.00000 -99999.00000 -99999.00000 28.07903 22.28452 13.84401 10.45939 6.08185 2.33641 1.44235 1.81754 2.00920 2.13123 2.22447 2.40656 3.08147 4.05926 4.72434 5.15309 5.75260
0.44754 1.36305 2.29923 1.63775 -99999.00000 1.98412 1.56751 1.12616 1.01249 1.99763 2.20539 1.04938 0.13628 0.02011 0.28398 0.88561 1.38027 0.77434 0.10016 0.00000 0.71145 2.96387 4.47295 3.48304 2.74236 0.66455 0.00000 0.00000 0.07070 0.98052 1.44484 0.75373 0.29683 0.30780 -99999.00000 -99999.00000 -99999.00000 -99999.00000 -99999.00000 -99999.00000 -99999.00000 -99999.00000 -99999.00000 -99999.00000 7.30462 5.78212 5.93692 5.39069 3.62053 2.02121 1.98807 2.18384 2.47902 3.42921 5.52514 6.59665 5.94829 5.33222 6.15075 8.91132
-99999.00000 -99999.00000 -99999.00000 -99999.00000 -99999.00000 10.48584 6.37350 1.41030 1.61087 3.70230 6.15312 4.24023 1.36288 0.17872 1.10910 3.09210 4.98979 4.08469 0.87629 0.06404 0.87920 4.79236 8.66046 10.06628 8.24699 2.43395 0.17153 0.00000 0.00000 0.00000 0.08546 0.00000 0.00000 0.00000 -99999.00000 -99999.00000 -99999.00000 -99999.00000 -99999.00000 -99999.00000 -99999.00000 -99999.00000 -99999.00000 -99999.00000 -99999.00000 3.58787 3.89754 4.29940 3.99677 3.00922 2.31663 2.34961 3.08954 6.03481 7.87015 7.23882 6.12793 4.84413 4.32457 6.36538
