DATA/RAW-RASTER/CPC/2017/20170729.asc
ncols			60
nrows			40
xllcorner		70.0
yllcorner		20.0
cellsize		0.5
NODATA_value	-99999
0.00000 0.00000 0.00000 0.00000 0.00000 0.00000 0.00000 0.00000 0.00000 0.00000 0.00000 0.00000 0.00000 0.00000 0.00000 0.00000 0.00000 0.00000 0.00000 0.00000 0.00000 0.00000 0.00000 0.00000 0.00000 0.00000 0.00000 0.00000 0.00000 0.00000 0.00000 0.00000 0.00000 0.00000 0.00000 0.00000 0.00000 0.00000 0.00000 0.00000 0.00000 0.00000 0.00000 0.00000 0.00000 0.00000 0.00000 0.00000 0.00000 0.00000 0.00000 0.00000 0.00000 0.00000 0.00000 0.00000 0.00000 0.00000 0.00000 0.00000
0.00000 0.00000 0.00000 0.00000 0.00000 0.00000 0.00000 0.00000 0.00000 0.00000 0.00000 0.00000 0.00000 0.00000 0.00000 0.00000 0.00000 0.00000 0.00000 0.00000 0.00000 0.00000 0.00000 0.00000 0.00000 0.00000 0.00000 0.00000 0.00000 0.00000 0.00000 0.00000 0.00000 0.00000 0.00000 0.00000 0.00000 0.00000 0.00000 0.00000 0.00000 0.00000 0.00000 0.00000 0.00000 0.00000 0.00000 0.00000 0.00000 0.00000 0.00000 0.00000 0.00000 0.00000 0.00000 0.00000 0.00000 0.00000 0.03079 0.02115
0.00000 0.00000 0.00000 0.00000 0.00000 0.00000 0.00000 0.00000 0.00000 0.00000 0.00000 0.00000 0.00000 0.00000 0.00000 0.00000 0.00000 0.00000 0.00000 0.00000 0.00000 0.00000 0.00000 0.00000 0.00000 0.00000 0.00000 0.00000 0.00000 0.00000 0.00000 0.00000 0.00000 0.00000 0.00000 0.00000 0.00000 0.00000 0.00000 0.00000 0.00000 0.00000 0.00000 0.00000 0.00000 0.00000 0.00000 0.00000 0.00000 0.00000 0.00000 0.00000 0.00000 0.00000 0.00000 0.00000 0.03144 0.17022 0.23238 0.15490
0.00000 0.00000 0.00000 0.00000 0.00000 0.00000 0.00000 0.00000 0.00000 0.00000 0.00000 0.00000 0.00000 0.00000 0.00000 0.00000 0.00000 0.00000 0.00000 0.00000 0.00000 0.00000 0.00000 0.00000 0.00000 0.00000 0.00000 0.00000 0.00000 0.00000 0.00000 0.00000 0.00000 0.00000 0.00000 0.00000 0.00000 0.00000 0.00000 0.00000 0.00000 0.00000 0.00000 0.00000 0.00000 0.00000 0.00000 0.00000 0.00000 0.00000 0.00000 0.00000 0.00000 0.00000 0.00000 0.04456 0.25245 0.50384 0.74425 0.80103
0.00000 0.00000 0.00000 0.00000 0.00000 0.00000 0.00000 0.00000 0.00000 0.00000 0.00000 0.00000 0.00000 0.00000 0.00000 0.00000 0.00000 0.00000 0.00000 0.00000 0.00000 0.00000 0.00000 0.00000 0.00000 0.00000 0.00000 0.00000 0.00000 0.00000 0.00000 0.00000 0.00000 0.00000 0.00000 0.00000 0.00000 0.00000 0.00000 0.00000 0.00000 0.00000 0.00000 0.00000 0.00000 0.00000 0.00000 0.00000 0.00000 0.00000 0.00000 0.00000 0.00000 0.00000 0.00000 0.10123 0.34991 0.73715 1.18482 1.52923
0.00000 0.00000 0.00000 0.00000 0.00000 0.00000 0.00000 0.00000 0.00000 0.00000 0.00000 0.00000 0.00000 0.00000 0.00000 0.00000 0.00000 0.00000 0.00000 0.00000 0.00000 0.00000 0.00000 0.00000 0.00000 0.00000 0.00000 0.00000 0.00000 0.00000 0.00000 0.00000 0.00000 0.00000 0.00000 0.00000 0.00000 0.00000 0.00000 0.00000 0.00000 0.00000 0.00000 0.00000 0.00000 0.00000 0.00000 0.00000 0.00000 0.00000 0.00000 0.00000 0.00000 0.00000 0.00000 0.16915 0.47082 0.85922 1.27024 1.60937
0.00000 0.00000 0.00000 0.00000 0.00000 0.00000 0.00000 0.00000 0.00000 0.03357 0.04405 0.00000 0.00000 0.00000 0.00000 0.00000 0.00000 0.00000 0.00000 0.00000 0.00000 0.00000 0.00000 0.00000 0.00000 0.00000 0.00000 0.00000 0.00000 0.00000 0.00000 0.00000 0.00000 0.00000 0.00000 0.00000 0.00000 0.00000 0.00000 0.00000 0.00000 0.00000 0.00000 0.04515 0.09250 0.09995 0.02289 0.00000 0.00000 0.00000 0.00000 0.00000 0.00000 0.00000 0.16108 0.44272 0.64489 0.92803 1.27943 1.44843
0.00000 0.00000 0.00000 0.00000 0.00000 0.00000 0.00000 0.49185 1.25409 1.55912 1.68679 0.76805 0.14912 0.04488 0.00000 0.00000 0.00000 0.00000 0.00000 0.00000 0.00000 0.00000 0.00000 0.00000 0.00000 0.00000 0.00000 0.00000 0.00000 0.00000 0.00000 0.00000 0.00000 0.00000 0.00000 0.00000 0.00000 0.00000 0.00000 0.00000 0.00000 0.06602 0.21541 0.34210 0.32965 0.29008 0.21232 0.04070 0.00000 0.00000 0.00000 0.00000 0.05019 0.43460 0.71630 0.84067 1.15613 1.68627 1.72595 1.58737
0.00000 0.00000 0.00000 0.00000 0.00000 0.08027 0.66109 2.27616 2.99612 2.99682 2.50377 1.85710 0.82879 0.25192 0.00000 0.00000 0.00000 0.00000 0.00000 0.00000 0.00000 0.00000 0.00000 0.00000 0.00000 0.00000 0.00000 0.00000 0.00000 0.00000 0.00000 0.00000 0.03239 0.02560 0.00000 0.00000 0.00000 0.00000 0.00000 0.00000 0.05277 0.22358 0.39030 0.48238 0.52184 0.55381 0.52372 0.37940 0.06766 0.00000 0.00000 0.15395 0.68561 1.80203 2.82188 3.14301 3.67023 4.00964 3.68455 2.71924
0.57394 0.19143 0.00000 0.00000 0.30433 3.08102 7.48349 5.56913 4.54138 4.23780 2.40278 1.23530 0.77466 0.29757 0.07633 0.00000 0.05982 0.06518 0.03866 0.00000 0.00000 0.00000 0.00000 0.00000 0.00000 0.00000 0.00000 0.00000 0.00000 0.09060 0.22026 0.33268 0.33028 0.27681 0.21378 0.03017 0.00000 0.00000 0.00000 0.00000 0.00000 0.00000 0.09841 0.26747 0.44089 0.53719 0.57211 0.52849 0.36804 0.04696 0.07356 0.63135 1.71382 3.81039 5.82554 6.87715 7.39473 6.99467 6.15292 3.71069
2.99678 3.16082 1.35190 0.74419 2.21238 10.91362 30.20360 23.95337 10.33326 6.37250 2.55358 0.71179 0.46650 0.42583 0.57858 0.73564 0.90305 0.56211 0.26023 0.13089 0.06677 0.03547 0.02008 0.00000 0.00000 0.00000 0.03028 0.03475 0.11861 0.36584 0.86160 1.22346 1.29530 1.28646 1.07065 0.78629 0.52221 0.26480 0.10504 0.11685 0.10477 0.15037 0.11851 0.09587 0.05017 0.22347 0.40002 0.42987 0.30499 0.02108 0.00000 0.24770 1.18962 3.32173 6.07749 7.39767 7.62683 7.53600 6.07227 3.35697
7.92559 7.08370 5.32573 3.14491 3.33135 10.25932 23.40786 19.25026 9.71351 3.54403 1.05904 0.38019 0.36392 0.52957 0.87496 1.16829 1.65073 1.28004 0.47363 0.18414 0.08267 0.04272 0.02498 0.00000 0.00000 0.00000 0.09469 0.20660 0.46827 0.78141 1.53620 2.11294 2.16762 1.99401 1.79119 1.53639 1.14085 0.75456 0.42139 0.42429 0.44565 0.30972 0.18609 0.09748 0.03262 0.00000 0.00000 0.13178 0.08386 0.00000 0.00000 0.06382 0.47900 1.86997 4.40201 6.31904 6.45160 4.97997 2.68834 1.24283
15.36018 12.26911 8.54017 3.25418 0.65854 2.61553 3.53730 10.12852 10.53250 2.47596 0.31417 0.33070 0.77782 0.97040 1.37239 1.72646 1.92509 1.14951 0.39656 0.12659 0.04809 0.02386 0.00000 0.00000 0.04984 0.10099 0.21719 0.42862 0.85496 1.69124 2.46033 2.58267 2.67396 2.49455 2.43567 2.25026 1.90318 1.63238 1.41219 1.09574 1.02506 0.85779 0.58550 0.33324 0.19523 0.08618 0.00000 0.00000 0.00000 0.00000 0.00000 0.02220 0.21616 0.71524 1.64506 2.90126 3.33742 2.22546 0.78147 0.17114
13.26772 11.31673 8.03169 2.88403 2.38835 5.56573 12.05909 19.68468 12.76536 2.88627 0.20964 1.26911 3.50030 4.28392 4.61154 3.92865 2.95146 1.26686 0.31381 0.07230 0.02285 0.00000 0.00000 0.03672 0.10418 0.22578 0.47584 0.88708 1.68018 2.63838 3.25743 3.37719 3.39407 3.23890 3.01506 2.82638 2.44526 2.02242 1.67375 1.63097 1.95642 2.40734 2.39465 1.96392 1.51887 1.03638 0.37348 0.04886 0.00000 0.00000 0.00000 0.00000 0.00000 0.12526 0.27402 0.80282 1.20630 0.61296 0.41938 0.21094
6.80589 5.10472 3.46364 2.24561 2.30684 5.63611 14.74883 20.73228 11.53825 3.08403 3.31672 8.29454 15.65221 12.81082 9.20641 5.88244 3.67397 1.13376 0.24861 0.04153 0.00000 0.00000 0.02470 0.10210 0.24273 0.53936 1.07911 1.96374 3.41218 4.14661 3.83758 3.84901 3.80030 3.63535 3.59214 3.36537 2.96647 2.31265 1.71595 1.56024 2.23258 3.68207 5.14913 5.83499 5.41073 3.52016 1.57159 0.45212 0.02201 0.00000 0.00000 0.00000 0.05806 0.18920 0.28626 0.58718 0.58273 0.55146 0.64829 0.48658
1.56345 0.95202 0.61409 0.66909 0.61226 1.41487 5.16384 8.31202 2.79276 0.35998 3.92607 12.97692 22.47473 18.23926 12.12320 10.37858 3.21598 0.77906 0.25752 0.05552 0.00000 0.00000 0.10117 0.32212 0.78362 1.59614 2.67129 4.19241 5.71128 5.89052 5.08442 4.34449 4.18105 4.13105 4.31897 4.07325 3.53847 2.62813 1.64400 1.11580 1.62782 3.70037 6.83073 8.63483 8.52249 5.61346 2.10328 0.46080 0.15053 0.03855 0.14081 0.42137 0.85021 1.11920 1.25163 1.10797 0.78618 0.70767 1.00494 1.10193
0.12242 0.00000 0.00000 0.05653 0.09304 0.33377 1.05034 0.70462 0.05275 0.00000 0.98379 6.24467 9.51494 11.16841 6.77462 8.01679 2.62879 0.58242 0.26268 0.07922 0.03382 0.18074 0.50715 1.17644 2.32253 3.72264 5.35035 7.20559 8.36618 8.71098 7.42103 5.61662 4.63266 4.26115 4.12983 4.06608 3.87062 3.05570 1.73542 0.67830 0.88176 3.26696 7.60800 10.48507 10.73281 7.35649 2.82543 0.47825 0.22310 0.35445 0.70845 1.02497 1.68958 2.53120 2.87730 2.02936 0.93617 0.76166 1.53261 2.35472
0.00000 0.00000 0.00000 0.00000 0.00000 0.00000 0.02678 0.00000 0.00000 0.00000 0.00000 0.61786 1.20411 4.18563 5.63257 4.65584 2.06972 0.59231 0.15176 0.00000 0.43476 1.05907 1.92990 3.22618 4.68175 5.92367 7.95117 9.21295 9.87115 9.98577 8.90174 7.08853 5.85408 5.17123 4.73562 4.67195 4.55620 3.89740 2.52123 0.86732 0.83429 3.35327 7.91383 10.50304 10.90858 8.90693 4.48480 1.47330 0.40008 0.60895 0.86252 1.14858 2.12817 3.46952 4.10218 3.16576 1.86596 1.51893 2.00429 2.83006
0.00000 0.00000 0.00000 0.00000 0.00000 0.00000 0.00000 0.00000 0.00000 0.00000 0.00000 0.00000 0.14901 0.98316 3.28422 3.60058 2.28519 0.51106 0.00000 0.33572 1.04974 2.03424 3.59641 5.42621 7.49299 9.46496 10.91166 11.79802 12.67832 13.64216 12.38733 10.06230 8.12347 6.79342 5.92995 5.58011 5.03750 4.68080 3.96564 2.72617 2.98533 5.84111 9.62749 11.83270 11.48456 9.16045 5.15435 2.25076 1.03639 0.79540 0.79236 1.14333 2.30206 3.90988 4.32574 3.58229 2.81510 2.54415 2.46823 2.35996
0.00000 0.00000 0.00000 0.00000 0.00000 0.00000 0.00000 0.00000 0.00000 0.00000 0.00000 0.15190 0.52027 0.33832 0.73854 2.73162 1.76178 0.00000 0.00000 1.61440 2.45486 3.08611 4.85215 7.73721 9.84728 12.01150 13.25053 13.03763 14.72526 17.52161 18.08825 15.40308 12.44019 10.37841 9.02201 8.42263 7.88158 7.53396 7.45610 6.81949 7.88151 9.84021 11.08480 12.16413 11.28554 7.81709 4.01275 1.69917 0.91703 0.70501 0.79832 1.25099 2.13860 3.40830 3.86681 3.67333 3.29062 3.03113 2.77560 1.89421
0.00000 0.00000 0.00000 0.00000 0.00000 0.00000 0.00000 0.00000 0.00000 0.00000 0.00000 0.04997 0.21570 0.16217 0.11570 0.41583 0.12168 0.00000 0.05572 2.20552 5.00079 6.56880 9.54350 13.95402 13.85412 12.19707 12.48096 15.29495 18.14670 20.55096 20.75303 18.51231 15.63841 14.00550 12.93859 11.78615 11.91647 12.13484 11.25168 10.54644 10.60182 11.18452 11.36491 11.23131 9.81896 5.95596 2.55276 1.04571 0.68738 0.51098 0.58273 0.88740 1.68221 2.87554 3.10007 3.87307 3.90067 3.52054 3.18311 1.85431
0.00000 0.00000 0.00000 0.00000 0.00000 0.00000 0.00000 0.00000 0.00000 0.00000 0.00000 0.00000 0.00000 0.00000 0.00000 0.00000 0.00000 0.12477 1.24484 3.28888 9.15985 11.38428 11.96291 14.72015 22.44720 24.68844 18.26698 17.92555 16.83151 17.97301 18.16232 16.64298 15.10805 13.41429 12.90960 11.73711 12.09540 13.01807 11.54754 10.43143 10.15654 9.96012 9.80497 8.48627 6.45547 4.04342 2.05426 1.01000 0.57456 0.55466 0.44932 0.35590 1.26569 2.91339 4.18708 4.88971 5.93991 5.93875 4.98761 2.50455
0.13415 0.03158 0.10490 0.00000 0.00000 0.00000 0.00000 0.00000 0.06263 0.04350 0.00000 0.00000 0.00000 0.00000 0.00000 0.00000 0.15335 1.59700 5.53610 7.29275 9.32029 9.48208 6.70349 8.47375 21.38350 29.37868 31.93114 33.14192 25.95006 19.32864 18.35275 17.01345 14.40222 12.83927 12.87899 11.49981 11.52429 11.58312 10.41187 9.80355 9.70317 8.69528 7.55132 5.08662 3.25449 2.47790 1.67120 1.04767 0.68075 0.37844 0.05978 0.00000 0.62164 2.48056 5.15548 7.13961 8.22011 9.11155 8.41667 4.72409
1.26721 1.47344 1.89099 1.02417 0.30629 0.09845 0.05000 0.29567 0.57735 0.56670 0.62345 0.31564 0.00000 0.00000 0.00000 0.00000 0.56612 3.91257 9.35961 8.59405 6.18003 6.21855 6.02687 7.01246 13.63357 20.64365 30.51307 43.88388 45.28674 33.30048 23.30139 19.77812 15.15931 12.14690 10.49730 9.14933 8.91602 9.64074 9.36396 9.93696 9.31687 6.59323 4.40426 2.93877 2.11225 1.85204 2.52149 1.50780 0.04422 0.00000 0.00000 0.00000 0.36321 2.46029 6.01715 8.46810 9.51068 9.50842 8.57743 6.94317
5.48905 7.64160 7.83314 4.89109 2.08644 1.09582 0.86071 1.49782 2.56493 3.57113 4.11670 2.85389 1.07868 0.06027 0.00000 0.00000 0.51390 2.59056 4.58103 3.12033 2.43217 4.54098 8.45891 11.02245 12.81169 12.66590 14.13810 23.75470 31.73347 32.27792 38.65705 27.15161 17.01447 13.82137 8.65482 8.33297 9.59293 8.39310 9.85311 11.80431 8.67687 5.20554 2.58421 1.53352 1.86176 3.32257 4.12172 1.30595 0.00000 0.00000 0.00000 0.00000 0.18086 2.34079 6.19931 10.30092 10.97532 11.03207 7.43559 5.51277
11.06210 14.85391 14.54173 8.49455 3.05360 3.01787 4.56864 5.48422 6.26644 7.41876 8.59438 8.92402 5.73983 1.91775 0.21208 0.00000 0.16970 0.50924 1.36686 1.25890 0.98834 2.63905 6.64242 10.15105 10.01302 7.40414 5.68163 9.08593 14.03602 12.52409 20.59378 26.22178 20.12829 14.08566 7.04452 9.95179 13.65165 10.42266 12.47804 11.02238 8.02761 6.13586 1.59058 0.96277 3.79849 5.77073 4.98904 1.34053 0.00000 0.03515 0.00000 0.00000 0.00000 1.76895 5.81828 8.69504 8.65789 7.56003 4.48714 2.57995
13.65454 17.74196 18.36017 13.78616 8.78823 9.57971 11.89993 11.21491 10.31599 11.61185 12.03348 14.28064 9.51651 3.94764 0.37386 0.04348 0.05574 0.17987 0.51241 1.26060 1.95868 1.40958 2.76718 6.60547 7.80104 5.84342 3.55893 4.02598 5.27117 5.91765 13.64855 24.71053 20.65184 11.35452 6.65056 6.70826 5.49432 7.01324 8.35667 7.61262 8.09926 6.58254 2.17649 0.21493 3.08646 5.49194 4.18909 1.46512 0.99440 1.72501 0.61557 0.00000 0.00000 0.32328 3.07852 4.19850 4.09563 2.34032 1.01515 0.62935
14.17384 21.50796 25.82928 23.62128 17.93583 18.38118 18.91496 13.63938 10.50172 10.12257 9.56326 8.76156 4.73874 1.84089 0.22510 0.17798 0.14181 0.12971 0.14904 0.79594 1.98400 1.95453 2.47876 6.22283 10.34578 10.54994 8.09585 4.76395 2.99695 4.46638 9.64199 28.65668 22.94024 8.64522 7.15974 4.91395 0.82152 6.32029 12.66587 10.50874 9.58348 7.62682 2.27324 0.00000 0.57634 1.99163 2.52326 3.23173 5.95939 7.40348 7.04682 5.39941 2.43667 0.64045 1.01179 1.52319 1.34623 0.60699 0.00000 0.03120
13.33033 23.45128 29.98379 28.73275 24.44618 21.90822 19.08191 10.93904 6.10097 4.52516 4.20228 2.65900 0.27046 0.00000 0.00000 0.00000 0.02020 0.00000 0.00000 0.06482 0.30698 0.71211 1.78553 7.25522 14.06923 17.67860 15.79053 6.54587 3.91533 7.06392 16.74200 24.96172 24.06827 19.36099 12.65226 4.19035 0.17208 5.21346 30.93770 22.20193 12.35110 7.61829 5.28178 3.23209 1.73761 0.50641 1.17663 5.77461 12.69005 11.94272 10.73425 6.30696 2.14379 1.03912 0.56070 0.69698 0.79794 0.32647 0.00000 0.00000
11.71775 20.06660 22.79980 20.67333 25.98901 21.51438 13.82398 5.62005 1.47493 0.14105 0.88907 0.57954 0.00000 0.00000 0.00000 0.00000 0.00000 0.00000 0.00000 0.00000 0.00000 0.00000 0.00000 5.56878 15.17667 25.87425 22.20113 8.05579 5.60641 11.17340 17.51866 22.69343 29.98201 38.88733 20.00818 2.95400 0.50965 2.81118 14.71835 15.02391 9.75802 7.09250 9.72168 12.02175 6.41674 3.00745 1.93681 4.40681 7.30656 8.05435 7.85819 4.60255 1.97943 0.91667 0.42331 0.68759 0.97143 0.46216 0.00000 0.00000
11.14841 18.28223 22.15007 21.93621 22.94275 22.15195 9.41352 2.02650 0.42093 0.00000 0.00000 0.00000 0.00000 0.00000 0.00000 0.00000 0.00000 0.00000 0.00000 0.00000 0.00000 0.00000 0.00000 2.17966 9.92431 22.01064 22.02156 17.68181 13.41634 13.38445 15.27052 19.48541 28.80221 30.60435 17.06767 4.87965 1.74543 3.87614 6.34617 5.67972 3.22217 3.24203 4.56472 3.82976 5.81555 9.39657 5.97569 2.17640 2.66823 4.68123 5.60932 3.68975 1.66334 0.63415 0.32963 0.58847 0.74416 0.43286 0.00000 0.10721
9.88665 14.38130 16.47467 16.72102 19.07713 18.26882 7.82059 2.00648 0.61855 0.00000 0.00000 0.00000 0.00000 0.00000 0.00000 0.00000 0.00000 0.00000 0.00000 0.00000 0.00000 0.00000 0.00000 0.09848 4.22945 14.99549 26.41204 37.56390 38.87429 24.08570 15.48300 15.83852 20.42685 22.14320 16.02098 5.69763 2.04470 5.16040 5.96716 2.81071 3.42229 4.32884 1.86007 1.12203 8.65638 16.37157 8.69992 4.94651 2.95428 3.05492 3.15088 2.12019 1.04695 0.27945 0.13179 0.23395 0.36278 0.24817 0.00000 0.60804
6.65037 6.71608 8.10934 9.56019 10.00411 8.24986 5.87568 2.86551 0.85586 0.17359 0.10047 0.19874 0.00000 0.00000 0.00000 0.00000 0.00000 0.00000 0.00000 0.00000 0.00000 0.00000 0.00000 0.04721 0.55560 9.08088 19.75563 36.74976 41.07870 23.57380 10.39412 10.53046 15.90804 22.74813 16.21655 7.08046 2.23792 2.05678 2.85258 1.96046 6.13923 9.68094 11.62382 9.63613 17.90475 27.08306 13.12947 5.89415 2.91349 1.97535 1.46164 1.06690 0.49540 0.09961 0.09432 0.09959 0.15098 0.04483 0.00000 0.54985
5.44555 3.93785 3.41312 3.51133 3.58048 2.68527 5.77923 5.11754 2.72216 1.35415 1.06373 0.91886 0.15755 0.00000 0.00000 0.00000 0.00000 0.00000 0.00000 0.00000 0.00000 0.00000 0.04991 0.42946 1.67688 3.22149 5.35175 16.36123 22.67204 12.70223 4.95052 9.58392 15.71087 27.73598 23.33626 4.70170 0.54197 0.05924 0.10794 0.17135 1.43758 8.77095 20.20462 10.76035 16.00830 19.71991 8.31476 3.09930 1.59758 1.26498 0.95225 0.61656 0.12019 0.05526 0.05293 0.04870 0.06362 0.00000 0.08958 0.78774
3.26222 3.47291 2.34104 2.28420 6.62282 12.07001 11.44147 7.35170 4.09908 3.61026 4.15478 1.90725 0.69836 0.05141 0.00000 0.00000 0.00000 0.00000 0.00000 0.00000 0.00000 0.00000 0.20561 0.54232 0.58929 0.90506 1.85908 4.56006 3.09386 6.05008 6.87749 12.42350 17.88673 19.33555 13.32665 1.04484 0.00000 0.00000 0.00000 0.00000 0.05541 7.78038 17.14257 5.06243 2.28761 7.38591 6.03299 2.11534 1.32464 1.27192 0.94892 0.54042 0.05919 0.02365 0.02271 0.00000 0.00000 0.00000 0.16610 0.57477
3.72631 4.94495 4.46095 6.55796 11.80260 15.71663 10.05713 6.51315 4.80370 4.83002 4.54950 2.21393 0.80482 0.02449 0.08794 0.16815 0.08504 0.39810 0.30956 0.00000 0.00000 0.00000 0.06283 0.33997 0.42606 0.43475 0.25094 0.00000 0.00000 0.21884 3.67850 7.80604 9.13841 6.62776 2.66464 0.90520 0.12214 0.00000 0.00000 0.00000 0.12233 6.45310 13.96786 4.42691 0.14447 0.12435 1.30909 1.10900 0.85823 1.04254 0.95891 0.59209 0.07722 0.00000 0.00000 0.00000 0.00000 0.14493 0.52793 0.69090
3.79581 4.43292 4.95024 9.38492 15.05095 13.05337 9.04970 5.11579 3.73114 6.71535 9.00087 6.81668 4.23211 1.02351 0.32391 0.35580 0.32987 0.42296 0.23384 0.00000 0.00000 0.00000 0.00000 0.00000 0.03671 0.05266 0.07660 0.06446 0.03293 0.00000 0.37262 2.34798 4.00388 4.50851 5.23322 5.64118 2.78168 0.65069 0.00000 0.00000 0.70025 -99999.00000 -99999.00000 3.21852 1.30005 1.10256 0.51528 0.00000 0.05481 0.34452 0.65116 0.26647 0.02264 0.00000 0.00000 0.00000 0.02126 0.47993 1.84802 2.16887
3.57776 3.28756 4.03018 7.25069 10.31249 8.58478 8.53470 5.33943 2.75818 9.56381 23.99991 26.39210 12.79320 5.13354 1.30491 0.04338 0.12267 0.02099 0.00000 0.00000 0.00000 0.00000 0.00000 0.00000 0.00000 0.00000 0.07626 0.14555 0.16097 0.03245 0.31211 1.11877 2.94789 5.39288 6.71009 -99999.00000 -99999.00000 -99999.00000 -99999.00000 -99999.00000 -99999.00000 -99999.00000 -99999.00000 2.59230 1.00968 0.12382 0.00000 0.00000 0.00000 0.00000 0.00000 0.02274 0.04175 0.00000 0.00000 0.00000 1.00676 2.75160 4.18452 5.34237
2.79567 2.04756 2.64345 5.87786 -99999.00000 12.61359 14.19149 10.28120 3.92054 7.71830 20.37448 22.95724 8.82313 3.42444 1.39878 0.00000 0.10545 0.27150 0.06539 0.00000 0.00000 0.00000 0.00000 0.00000 0.00000 0.00000 0.00000 0.04813 0.12194 0.38884 1.28792 2.59814 2.27413 1.71452 -99999.00000 -99999.00000 -99999.00000 -99999.00000 -99999.00000 -99999.00000 -99999.00000 -99999.00000 -99999.00000 -99999.00000 0.00000 0.00000 0.00000 0.00000 0.00000 0.00000 0.02135 0.10468 0.08696 0.07110 0.02122 0.00000 0.55282 2.40686 4.61420 7.87767
-99999.00000 -99999.00000 -99999.00000 -99999.00000 -99999.00000 15.12871 20.80216 12.62838 4.69598 4.78619 7.66086 7.20902 3.47031 2.08994 1.22988 0.04047 0.00000 0.42684 1.04927 0.35854 0.00000 0.00000 0.00000 0.02702 0.00000 0.00000 0.00000 0.00000 0.11036 1.50830 3.27133 5.67843 3.69160 2.16747 -99999.00000 -99999.00000 -99999.00000 -99999.00000 -99999.00000 -99999.00000 -99999.00000 -99999.00000 -99999.00000 -99999.00000 -99999.00000 0.00000 0.00000 0.00000 0.00000 0.00000 0.18089 0.19778 0.18775 0.23672 0.15527 0.03853 0.00000 0.55479 2.13207 5.07384
