DATA/RAW-RASTER/CPC/2017/20170714.asc
ncols			60
nrows			40
xllcorner		70.0
yllcorner		20.0
cellsize		0.5
NODATA_value	-99999
2.12834 1.66953 1.00542 1.02097 2.19589 4.42482 6.15163 6.13488 5.20128 3.58328 1.47720 0.49041 0.46509 1.00647 1.73488 2.08273 2.14905 2.09882 2.12476 2.46417 3.15245 3.74222 4.01838 4.09902 4.09296 4.08826 4.03354 3.63223 2.71792 1.25767 0.48031 0.12550 0.00000 0.00000 0.00000 0.00000 0.00000 0.00000 0.00000 0.00000 0.04051 0.05719 0.05606 0.00000 0.00000 0.00000 0.00000 0.00000 0.00000 0.00000 0.00000 0.00000 0.00000 0.00000 0.00000 0.00000 0.00000 0.00000 0.00000 0.00000
3.45594 2.40065 1.14004 0.98902 2.31417 4.74456 6.40047 5.97213 4.84522 2.92201 1.08704 0.37200 0.57608 1.43937 2.24770 2.42225 2.25457 2.09962 2.03771 2.17380 2.57780 3.08290 3.50911 3.76237 3.94633 4.16034 4.18232 3.77706 2.67636 0.88478 0.33982 0.10845 0.00000 0.00000 0.00000 0.00000 0.00000 0.00000 0.00000 0.02265 0.07308 0.09018 0.08807 0.04563 0.00000 0.00000 0.00000 0.00000 0.00000 0.00000 0.00000 0.00000 0.00000 0.00000 0.00000 0.00000 0.00000 0.00000 0.00000 0.00000
2.19808 1.42890 0.81185 0.72060 1.28093 2.24325 2.47455 1.88577 1.66633 1.53561 1.26950 1.24267 1.76746 2.77659 3.36112 3.06199 2.39388 1.86871 1.58202 1.47183 1.54516 1.79398 2.21124 2.71395 3.20463 3.50885 3.60898 3.37178 2.35737 0.65657 0.20627 0.06303 0.00000 0.00000 0.00000 0.00000 0.00000 0.00000 0.00000 0.06166 0.09805 0.10272 0.09313 0.06712 0.00000 0.00000 0.00000 0.00000 0.00000 0.00000 0.00000 0.00000 0.00000 0.00000 0.00000 0.00000 0.00000 0.00000 0.00000 0.00000
0.50786 0.22656 0.11830 0.00000 0.05238 0.33058 0.37742 0.12529 0.22736 0.52139 1.07981 2.05239 3.09877 3.43525 3.56463 2.73110 1.61351 0.99816 0.72616 0.57106 0.51613 0.55644 0.77216 1.12376 1.52747 2.00605 2.37143 2.39362 1.60853 0.48073 0.12733 0.02097 0.00000 0.00000 0.00000 0.00000 0.00000 0.00000 0.02172 0.08541 0.09444 0.09689 0.09069 0.07256 0.02392 0.00000 0.00000 0.00000 0.00000 0.00000 0.00000 0.00000 0.00000 0.00000 0.00000 0.00000 0.00000 0.00000 0.00000 0.00000
0.00000 0.00000 0.00000 0.00000 0.00000 0.00000 0.02294 0.00000 0.04840 0.21848 0.88787 1.97259 2.99114 3.03989 2.41692 1.30539 0.41339 0.24569 0.18748 0.11391 0.08693 0.10135 0.17577 0.30658 0.50043 0.76456 1.11407 1.32119 0.82583 0.34308 0.05777 0.00000 0.00000 0.00000 0.00000 0.00000 0.00000 0.00000 0.05899 0.09471 0.10735 0.10583 0.09615 0.07755 0.04119 0.00000 0.00000 0.00000 0.00000 0.00000 0.00000 0.00000 0.00000 0.00000 0.00000 0.00000 0.00000 0.00000 0.00000 0.00000
0.00000 0.00000 0.00000 0.00000 0.00000 0.00000 0.00000 0.00000 0.02490 0.27015 0.91363 1.81695 2.44831 2.28881 1.50450 0.64507 0.15839 0.05991 0.03867 0.00000 0.00000 0.00000 0.04028 0.08645 0.15988 0.27226 0.40535 0.56536 0.51320 0.28969 0.03915 0.00000 0.00000 0.00000 0.00000 0.00000 0.00000 0.00000 0.08053 0.09997 0.10970 0.11370 0.10301 0.07938 0.04521 0.00000 0.00000 0.00000 0.00000 0.00000 0.00000 0.00000 0.00000 0.00000 0.00000 0.00000 0.00000 0.00000 0.00000 0.00000
0.00000 0.00000 0.00000 0.00000 0.00000 0.00000 0.00000 0.00000 0.00000 0.12427 0.86223 1.70016 2.07755 1.71673 1.08938 0.53027 0.19800 0.06249 0.00000 0.00000 0.00000 0.00000 0.00000 0.03122 0.06467 0.11732 0.18793 0.29394 0.34417 0.22953 0.00000 0.00000 0.00000 0.00000 0.00000 0.00000 0.00000 0.04913 0.08677 0.09995 0.10163 0.10161 0.08497 0.04605 0.00000 0.00000 0.00000 0.00000 0.00000 0.00000 0.00000 0.00000 0.00000 0.00000 0.00000 0.00000 0.00000 0.00000 0.00000 0.00000
0.00000 0.00000 0.00000 0.00000 0.00000 0.00000 0.00000 0.00000 0.00000 0.00000 0.10947 0.65916 1.37277 1.30995 0.83594 0.43304 0.18940 0.06873 0.02194 0.00000 0.00000 0.00000 0.00000 0.00000 0.04780 0.08411 0.12705 0.13597 0.18178 0.12606 0.00000 0.00000 0.00000 0.00000 0.00000 0.00000 0.00000 0.06612 0.07890 0.08263 0.08171 0.05559 0.00000 0.00000 0.00000 0.00000 0.00000 0.00000 0.00000 0.00000 0.00000 0.00000 0.00000 0.00000 0.00000 0.00000 0.00000 0.00000 0.00000 0.00000
0.00000 0.00000 0.00000 0.00000 0.00000 0.00000 0.00000 0.00000 0.00000 0.00000 0.00000 0.00000 0.08065 0.35209 0.44838 0.32963 0.17088 0.09256 0.05033 0.03482 0.03263 0.03828 0.04964 0.06577 0.09255 0.13878 0.16306 0.15410 0.16062 0.12490 0.03138 0.00000 0.00000 0.00000 0.00000 0.00000 0.03242 0.05733 0.04875 0.03492 0.00000 0.00000 0.00000 0.00000 0.00000 0.00000 0.00000 0.00000 0.00000 0.00000 0.00000 0.00000 0.00000 0.00000 0.00000 0.00000 0.00000 0.00000 0.00000 0.00000
0.33714 0.10305 0.00000 0.00000 0.00000 0.00000 0.00000 0.00000 0.00000 0.00000 0.00000 0.00000 0.00000 0.00000 0.00000 0.00000 0.13430 0.23390 0.23055 0.22461 0.23801 0.27007 0.30267 0.33461 0.37028 0.41348 0.45255 0.48060 0.47843 0.39662 0.23025 0.00000 0.00000 0.00000 0.00000 0.00000 0.00000 0.00000 0.00000 0.00000 0.00000 0.00000 0.00000 0.00000 0.00000 0.00000 0.00000 0.00000 0.00000 0.00000 0.00000 0.00000 0.00000 0.00000 0.00000 0.00000 0.00000 0.00000 0.00000 0.00000
1.66608 1.65821 0.61067 0.00000 0.00000 0.02796 0.08274 0.32144 0.02024 0.00000 0.00000 0.00000 0.00000 0.00000 0.08218 0.30736 0.93699 1.18095 1.22587 1.28765 1.31576 1.30267 1.26802 1.15454 1.10921 1.21746 1.32065 1.33941 1.25194 1.00769 0.61620 0.15678 0.00000 0.00000 0.00000 0.00000 0.00000 0.00000 0.00000 0.00000 0.00000 0.00000 0.00000 0.00000 0.00000 0.00000 0.00000 0.00000 0.00000 0.00000 0.00000 0.00000 0.00000 0.00000 0.00000 0.00000 0.00000 0.00000 0.00000 0.00000
3.98161 3.53202 2.36179 0.40243 0.10050 0.62900 1.58881 1.44442 0.28209 0.00000 0.00000 0.00000 0.06449 0.15318 0.27019 0.49379 1.27560 2.06379 2.27322 2.34269 2.30393 2.30399 2.27403 2.20871 2.07635 2.05594 2.04896 2.00958 1.89240 1.44447 0.75509 0.25491 0.00000 0.00000 0.00000 0.00000 0.00000 0.00000 0.00000 0.00000 0.00000 0.00000 0.00000 0.00000 0.00000 0.00000 0.00000 0.00000 0.00000 0.00000 0.00000 0.00000 0.00000 0.00000 0.00000 0.00000 0.00000 0.00000 0.00000 0.00000
6.96022 5.68854 3.82715 1.60683 0.82629 1.10565 3.96878 3.12909 0.90239 0.00000 0.07242 0.26234 0.28081 0.29123 0.44646 0.76314 1.41380 1.97883 2.31128 2.40320 2.33374 2.41721 2.44166 2.41573 2.40994 2.37481 2.45522 2.41359 2.11734 1.54754 0.68114 0.19357 0.02966 0.00000 0.00000 0.00000 0.00000 0.00000 0.00000 0.00000 0.00000 0.00000 0.00000 0.00000 0.00000 0.00000 0.00000 0.00000 0.00000 0.00000 0.00000 0.00000 0.00000 0.00000 0.00000 0.00000 0.00000 0.00000 0.00000 0.00000
6.19490 5.24492 3.63441 1.76174 0.73805 0.39605 1.03677 1.75178 2.10019 3.07026 2.15869 1.16697 0.91920 0.99878 1.38156 1.52507 1.93669 2.21624 2.33410 2.38743 2.43016 2.43295 2.50943 2.47812 2.47436 2.51737 2.68030 2.49760 2.22401 1.42250 0.54464 0.14854 0.05805 0.03390 0.00000 0.00000 0.00000 0.00000 0.00000 0.00000 0.00000 0.00000 0.00000 0.00000 0.00000 0.00000 0.00000 0.00000 0.00000 0.00000 0.00000 0.00000 0.00000 0.00000 0.00000 0.00000 0.00000 0.00000 0.00000 0.00000
3.31889 2.42312 1.56755 0.38920 0.10602 0.10515 0.12243 0.56627 2.90792 9.25848 8.42081 3.80245 2.16362 2.36068 3.44604 2.68917 2.47892 2.13012 2.28070 2.39646 2.59452 2.53307 2.52657 2.48016 2.46083 2.49032 2.53839 2.37489 1.86929 1.10254 0.35308 0.13185 0.08874 0.05566 0.03137 0.00000 0.00000 0.00000 0.00000 0.00000 0.00000 0.00000 0.00000 0.00000 0.00000 0.00000 0.00000 0.00000 0.00000 0.00000 0.00000 0.00000 0.00000 0.00000 0.00000 0.00000 0.00000 0.00000 0.00000 0.00000
0.77527 0.45793 0.27355 0.02119 0.00000 0.00000 0.00000 0.22117 0.98911 4.05321 5.79713 3.05165 1.02712 2.57798 5.54071 5.26085 2.08376 1.45602 2.12062 2.43495 2.48659 2.48098 2.51645 2.54611 2.61359 2.54145 2.32590 1.86557 1.33632 0.74298 0.28529 0.20470 0.14400 0.09192 0.05641 0.02482 0.00000 0.00000 0.00000 0.00000 0.00000 0.00000 0.00000 0.00000 0.00000 0.00000 0.00000 0.00000 0.00000 0.00000 0.00000 0.00000 0.00000 0.00000 0.00000 0.00000 0.00000 0.00000 0.00000 0.00000
0.06138 0.00000 0.00000 0.00000 0.00000 0.00000 0.00000 0.00000 0.23113 0.58791 0.82490 0.23737 0.00000 0.41528 1.00695 2.08223 1.01141 0.72676 1.36851 2.15555 2.45588 2.50608 2.42906 2.36649 2.24559 1.95495 1.64498 1.24922 0.93214 0.54461 0.45681 0.39590 0.25697 0.15694 0.08645 0.04147 0.00000 0.00000 0.00000 0.00000 0.00000 0.00000 0.00000 0.00000 0.00000 0.00000 0.00000 0.00000 0.00000 0.00000 0.00000 0.00000 0.00000 0.00000 0.00000 0.00000 0.00000 0.00000 0.00000 0.00000
0.00000 0.00000 0.00000 0.00000 0.00000 0.00000 0.00000 0.00000 0.00000 0.00000 0.00000 0.04249 0.07315 0.08033 0.18056 0.37812 0.11778 0.09920 0.76701 1.32169 1.80536 2.13362 2.05168 1.77731 1.38226 1.08677 0.90756 0.71932 0.62376 0.62325 0.67030 0.67807 0.53081 0.34391 0.19247 0.09631 0.03336 0.00000 0.03442 0.00000 0.00000 0.00000 0.00000 0.00000 0.00000 0.00000 0.00000 0.00000 0.00000 0.00000 0.00000 0.00000 0.00000 0.00000 0.00000 0.00000 0.00000 0.00000 0.00000 0.00000
0.00000 0.00000 0.00000 0.00000 0.00000 0.00000 0.00000 0.00000 0.00000 0.00000 0.25586 0.62895 1.33869 0.78238 0.36275 0.37639 0.08025 0.17047 0.99894 1.45979 1.31976 1.47520 1.50138 1.26139 1.01191 0.80150 0.68119 0.66535 0.66989 0.84176 1.00817 1.05866 1.02875 0.78538 0.52494 0.33264 0.18368 0.14469 0.20908 0.17754 0.04143 0.00000 0.00000 0.00000 0.00000 0.00000 0.04962 0.22975 0.44846 0.22038 0.00000 0.00000 0.00000 0.00000 0.00000 0.00000 0.00000 0.00000 0.00000 0.00000
0.00000 0.00000 0.00000 0.00000 0.00000 0.00000 0.00000 0.00000 0.00000 0.07958 0.69264 1.66899 3.17561 2.42626 1.91111 1.11244 0.32834 0.63062 2.46366 4.19666 2.36143 1.65620 1.52075 1.29243 0.92624 0.82962 0.84399 0.75372 0.74702 1.07262 1.44126 1.59767 1.75047 1.59781 1.39610 1.23368 1.12663 1.12692 1.14643 0.83335 0.41342 0.09392 0.00000 0.00000 0.00000 0.09551 0.75503 1.21223 1.62002 1.43715 0.90385 0.26192 0.00000 0.00000 0.00000 0.00000 0.00000 0.00000 0.00000 0.00000
0.00000 0.00000 0.00000 0.00000 0.00000 0.00000 0.00000 0.00000 0.00000 0.02765 0.48282 1.04946 1.94994 2.78541 2.83037 1.29558 0.10956 1.01905 3.76898 6.67512 4.43671 3.66638 3.64239 2.45908 1.15087 0.85401 0.90014 1.07078 1.18440 1.31813 1.61324 1.93932 2.14928 2.29051 2.35391 2.42515 2.74948 2.98259 2.62661 1.82656 0.75532 0.15520 0.00000 0.00000 0.00000 0.12617 0.93555 1.48453 2.11478 1.79373 1.47451 0.98935 0.33547 0.00000 0.00000 0.00000 0.00000 0.00000 0.00000 0.02160
0.00000 0.00000 0.00000 0.00000 0.00000 0.00000 0.00000 0.00000 0.00000 0.00000 0.03479 0.22429 0.78867 1.45897 1.33510 0.51844 0.03267 0.59344 2.55974 4.68047 6.20354 7.23938 8.06924 4.93719 2.67018 2.74954 1.80932 1.44097 1.15715 1.11580 1.26222 1.60971 2.04159 2.21895 2.38076 2.49877 3.03159 3.51992 2.99709 2.12444 0.98345 0.26930 0.10098 0.04553 0.00000 0.00000 0.45069 1.48365 1.81466 2.02860 1.41777 0.55588 0.08627 0.28511 0.44076 0.49954 0.58726 0.61856 0.41123 0.44900
0.00000 0.00000 0.00000 0.03090 0.06141 0.05238 0.00000 0.00000 0.00000 0.00000 0.00000 0.00000 0.04358 0.20260 0.17237 0.00000 0.00000 0.00000 0.23016 1.47729 4.91291 9.35394 14.09069 14.71323 10.69524 6.75396 3.91752 2.64258 1.75033 1.14758 1.09316 1.32575 1.73418 2.06900 2.30507 2.35393 2.80453 2.93568 2.42510 1.85371 1.15571 0.66790 0.40196 0.32020 0.14339 0.04897 0.06539 0.80248 1.57396 1.22177 0.20927 0.00000 0.20829 0.43620 0.73305 1.09841 1.28426 1.42180 1.35983 0.92195
0.00000 0.02074 0.13321 0.31310 0.45934 0.35349 0.11445 0.07405 0.00000 0.00000 0.00000 0.00000 0.00000 0.00000 0.00000 0.00000 0.00000 0.00000 0.00000 0.06639 1.60870 6.62733 12.69485 14.52164 11.63474 6.66665 3.63647 3.21395 2.93628 1.83592 1.12736 1.09164 1.26585 1.57085 1.73212 2.01668 2.56914 2.34194 1.51595 1.38083 1.10755 0.73610 0.89430 1.14478 0.70584 0.74116 1.49028 0.92280 0.81237 0.15601 0.02021 0.02023 0.08870 0.37657 0.72840 1.39959 1.56631 1.52517 1.37158 1.24395
0.02475 0.18715 0.51583 0.96086 1.23648 1.24849 1.01762 1.17972 0.74799 0.22829 0.00000 0.00000 0.00000 0.00000 0.02620 0.10158 0.04019 0.00000 0.00000 0.00000 0.00000 1.91652 5.06262 6.12662 6.81840 3.85938 1.19145 0.69811 1.79566 1.58218 1.60905 1.05336 0.46282 0.75978 0.89580 2.12936 5.25147 3.50749 1.58635 1.78295 1.27344 1.45311 3.00227 3.19648 5.00787 8.12380 8.50555 5.10087 2.15925 0.92109 0.20730 0.24165 0.42297 0.02953 0.91287 1.94077 2.16098 2.11303 1.37132 1.14028
0.37487 0.32062 1.01044 2.08862 2.43334 3.89726 5.47277 5.22656 3.64320 2.04798 0.72941 0.02814 0.00000 0.00000 0.35410 1.22879 1.14565 0.55900 0.04271 0.00000 0.00000 0.10122 1.82638 3.27272 3.41458 1.95038 0.62725 0.08841 0.27650 0.43062 0.31940 0.48972 0.00000 0.03584 0.35970 2.64855 12.76226 10.72995 6.29794 2.84246 0.67244 0.37338 5.95655 11.17604 26.95144 24.74079 13.88258 7.00217 3.80015 2.96428 1.37111 1.02075 0.96622 1.03883 2.29473 3.38956 3.31478 2.75940 1.74842 1.39573
1.58450 1.60374 3.26753 5.63886 7.32768 11.26792 14.38465 11.91252 7.04891 5.00781 2.61932 0.53920 0.00000 0.00000 0.42888 0.85236 0.60165 0.23400 0.00000 0.00000 0.00000 0.00000 0.03009 1.17229 1.71231 1.10406 0.70039 0.53521 0.18499 0.00000 0.00000 0.33153 0.15743 0.03952 0.24788 1.41450 5.47110 7.66342 4.58983 0.43313 0.00000 0.00000 1.15718 7.80906 31.53022 16.12147 5.88888 5.49059 9.34371 7.62920 4.65099 2.95473 2.62867 2.97298 4.45028 5.91437 5.82906 4.70694 3.61855 2.77152
4.41255 7.83805 12.17685 14.47708 15.90849 21.66580 24.03034 17.57103 10.53583 6.90558 4.79548 1.33514 0.00000 0.00000 0.00000 0.00000 0.00000 0.00000 0.00000 0.00000 0.00000 0.00000 0.00000 0.55619 1.25703 1.16495 0.94156 0.57821 0.07111 0.00000 0.00000 0.47529 0.28136 0.00000 0.00000 0.00000 0.22535 0.62594 0.09968 0.00000 0.00000 0.00000 0.00000 0.79178 4.94452 2.57640 0.36779 1.10426 3.92561 5.90086 5.37413 4.34092 3.13130 3.27038 5.69598 8.20429 8.18936 7.00595 6.07750 5.39920
6.67811 13.74464 19.24902 21.30218 24.72550 29.28390 30.25444 23.57570 16.77515 12.06705 7.89440 3.11573 1.22469 0.73827 0.73445 0.02183 0.03365 0.28281 0.80746 0.45987 0.00000 0.47758 1.07565 2.08300 1.92821 1.61879 1.59619 0.69141 0.05241 0.00000 0.00000 0.32936 0.31757 0.41379 0.20944 0.00000 0.00000 0.00000 0.00000 0.00000 0.00000 0.00000 0.17505 0.56145 0.41766 0.03700 0.00000 0.12406 0.65349 1.68879 2.55921 2.35487 1.99199 3.48843 5.54829 8.31320 9.57243 8.28341 7.23889 7.76548
9.60995 16.13602 19.87839 23.84378 42.72987 46.72787 40.43359 33.89096 29.65017 27.55499 17.52467 6.83430 4.45448 5.30887 6.33205 3.20486 1.23405 1.21976 2.55164 2.44992 3.18090 6.38949 6.25272 3.88329 2.94454 3.29249 3.05664 1.56178 1.36355 0.22857 0.00000 0.10427 1.06685 1.73692 0.55855 0.00000 0.00000 0.00000 0.00000 0.38840 1.27356 1.51463 1.48229 1.20936 0.78496 0.00000 0.00000 0.00000 0.00000 0.15967 0.67328 0.91215 1.65956 3.04104 4.30189 7.45909 10.05711 10.56227 9.55912 10.13446
20.05024 27.15320 39.24090 57.72896 85.47573 113.94763 68.41439 44.50187 47.08179 52.92806 33.65620 14.97163 8.81367 11.65947 19.46111 13.22018 4.92200 1.79587 3.21016 5.08335 11.08380 18.47979 8.70420 3.64602 3.46282 4.08792 4.11475 4.38692 3.81615 1.20392 0.22828 0.32384 1.89406 2.12262 0.88575 0.10063 0.05279 0.19475 0.59333 3.10520 3.33838 2.83445 3.17408 2.34798 1.60672 1.07865 1.50943 0.20017 0.00000 0.00000 0.06982 0.28126 1.19359 1.94456 2.97764 5.93462 8.92677 12.43479 12.79792 19.31668
33.11668 47.61291 63.18139 77.99815 99.70966 110.74762 71.08749 45.41114 48.90784 49.99128 37.01873 20.77046 9.42724 7.59470 15.36376 14.47739 8.69292 4.41906 5.12484 7.31540 12.28490 16.45368 7.83815 3.73476 3.39287 4.06821 5.88920 8.44749 8.61887 4.59993 2.28734 2.68907 3.81469 3.49314 2.81258 1.83129 0.41075 0.26817 1.42970 5.51208 5.07955 3.18238 3.49619 3.36447 8.46772 14.47616 7.70511 4.47066 1.21826 0.39997 0.08561 0.23512 0.68045 0.86905 0.86557 2.02784 6.66817 14.53701 17.96239 30.30924
28.20994 51.42487 77.17911 80.73110 74.19023 58.57136 42.15008 35.92191 39.65944 40.05101 34.48457 25.96981 9.50949 4.96254 10.07811 14.49837 11.42409 6.98435 7.49360 7.60029 7.64269 6.11991 4.27095 3.15883 2.80617 3.15899 4.85825 8.32643 9.28198 5.48641 3.04494 4.65304 6.37397 4.71199 2.95203 3.53303 1.25787 0.42079 0.54925 1.71479 1.17840 2.00955 4.41772 7.30125 19.09691 29.99845 14.61707 6.42613 2.90474 1.60478 0.81227 0.38870 0.36807 0.54188 0.58016 1.16026 5.67520 14.40214 19.35352 30.99876
25.40167 70.06758 112.21868 98.38245 69.19555 48.38525 39.29713 33.84610 33.61757 33.28455 32.92255 33.30849 16.60160 10.46150 12.88735 16.26582 13.26583 11.84144 12.80132 8.48543 6.22015 3.53829 1.96775 1.45042 1.34303 1.62819 2.02458 4.28345 5.77956 3.83638 2.81548 6.79520 9.27766 5.41275 2.01685 2.34826 0.67046 0.04891 0.00000 0.00000 0.05347 4.90838 10.70265 8.37819 19.69225 23.60837 9.67798 3.30689 1.48230 1.08793 0.69271 0.36870 0.25970 0.53709 0.84333 1.67596 6.59869 14.82003 20.43801 26.51050
64.73713 152.52501 157.28592 117.35107 72.98814 33.84969 25.45667 24.82624 23.49903 23.66545 23.50714 19.74374 20.64890 18.59240 16.87765 13.98661 9.07182 10.54928 13.20243 8.81016 7.22573 5.07985 2.79161 0.98371 0.72081 1.47197 1.70588 2.45085 3.48950 3.85388 5.07745 9.24071 11.18945 6.86764 3.08692 1.64630 0.54579 0.23566 0.31768 0.12054 1.27928 11.39455 21.02642 8.14514 12.01166 15.05199 8.88254 2.51414 1.33178 1.23044 0.87968 0.44183 0.23336 0.50516 0.88216 1.46931 6.36060 13.31770 19.11292 22.04832
126.99648 240.08377 161.21979 88.61554 44.94125 23.14423 15.56985 16.44719 16.07306 14.85795 17.66166 20.10438 26.82512 30.96299 22.95618 14.03738 8.96371 9.51036 7.79799 5.22507 6.48405 4.85320 4.99399 4.84854 4.15924 3.44427 2.68221 1.95038 3.00520 3.85415 4.59108 6.97593 8.39780 6.97219 4.30975 2.35802 3.22829 1.19468 1.05258 1.96464 3.32604 4.71696 6.62665 10.05873 11.65330 12.50242 9.60847 3.08830 1.08572 1.13382 0.98092 0.54957 0.28166 0.47252 0.89793 1.95472 6.54608 14.02978 16.28341 15.50080
92.48416 117.87378 55.72205 26.27733 5.75198 8.20754 8.99215 8.59294 6.19748 7.66839 12.70625 19.95847 33.18269 36.54905 23.01112 13.03955 9.64618 8.33756 7.17462 7.97340 11.06659 9.64190 11.51070 11.89534 9.82873 6.32368 4.66740 4.73889 5.78967 4.95255 2.76198 4.20480 8.35039 11.26383 8.01164 2.59642 2.99988 2.30856 2.25360 3.74319 6.13070 -99999.00000 -99999.00000 12.45150 10.39589 8.82196 8.09798 3.50776 0.89277 0.64270 0.75804 0.29843 0.26326 0.44235 0.72572 1.43835 8.04569 18.89654 21.70700 19.59395
44.80810 44.77244 18.83259 7.25421 1.68325 2.12617 11.56582 5.23592 2.88265 2.93870 4.70570 8.07141 14.81956 16.35985 11.27758 7.11273 6.50670 5.67175 9.72213 19.48112 23.40511 20.79893 21.18777 17.23663 13.52318 7.76551 5.09185 6.36790 7.67710 7.70268 6.17591 6.38280 8.85525 12.35744 11.35381 -99999.00000 -99999.00000 -99999.00000 -99999.00000 -99999.00000 -99999.00000 -99999.00000 -99999.00000 4.24547 2.77273 3.33595 3.76875 2.54542 0.76307 0.29428 0.19708 0.03585 0.03613 0.08610 0.23867 2.12256 11.71646 25.36370 33.83437 39.15150
27.65552 49.99262 34.31335 14.65808 -99999.00000 8.12394 42.58297 52.03217 10.52237 0.94999 0.41100 0.84558 2.29450 2.64514 2.86672 5.04644 6.08602 7.00152 20.51516 42.39963 44.14285 31.59860 24.71071 19.45100 12.80727 5.86989 3.51421 5.81574 8.22615 9.05452 10.66144 11.88703 9.77826 7.47465 -99999.00000 -99999.00000 -99999.00000 -99999.00000 -99999.00000 -99999.00000 -99999.00000 -99999.00000 -99999.00000 -99999.00000 1.05496 1.13010 1.35961 1.37478 0.90988 0.35510 0.09704 0.00000 0.00000 0.00000 0.00000 0.13846 5.05945 19.63199 35.02499 57.20490
-99999.00000 -99999.00000 -99999.00000 -99999.00000 -99999.00000 35.43360 123.94097 110.26509 29.89260 7.11842 0.40547 0.00000 0.00000 0.64211 2.93953 7.31609 11.72761 15.80938 29.55461 46.00551 53.54865 40.19284 26.68637 16.93534 9.60570 2.97295 1.36321 4.11446 6.30577 8.07775 12.84808 19.98791 14.19749 11.82545 -99999.00000 -99999.00000 -99999.00000 -99999.00000 -99999.00000 -99999.00000 -99999.00000 -99999.00000 -99999.00000 -99999.00000 -99999.00000 0.64418 0.75898 0.86358 0.81290 0.36921 0.03657 0.00000 0.00000 0.00000 0.00000 0.00000 0.00000 7.98821 18.42443 38.68991
