DATA/RAW-RASTER/CPC/2017/20170526.asc
ncols			60
nrows			40
xllcorner		70.0
yllcorner		20.0
cellsize		0.5
NODATA_value	-99999
0.20387 0.29414 0.22043 0.15203 0.14669 0.31203 0.40891 0.39049 0.36547 0.15164 0.23594 0.18091 0.17007 0.11674 0.00000 0.00000 0.00000 0.00000 0.00000 0.00000 0.00000 0.00000 0.00000 0.00000 0.00000 0.00000 0.00000 0.00000 0.00000 0.00000 0.00000 0.00000 0.00000 0.00000 0.00000 0.00000 0.00000 0.00000 0.00000 0.00000 0.00000 0.00000 0.00000 0.00000 0.00000 0.00000 0.00000 0.00000 0.00000 0.00000 0.00000 0.00000 0.00000 0.00000 0.00000 0.00000 0.00000 0.00000 0.00000 0.00000
0.92218 0.86562 0.50965 0.36827 0.40346 0.49349 0.45693 0.33592 0.22053 0.05460 0.00000 0.00000 0.00000 0.00000 0.00000 0.00000 0.00000 0.00000 0.00000 0.00000 0.00000 0.00000 0.00000 0.00000 0.00000 0.00000 0.00000 0.00000 0.00000 0.00000 0.00000 0.00000 0.00000 0.00000 0.00000 0.00000 0.00000 0.00000 0.00000 0.00000 0.00000 0.00000 0.00000 0.00000 0.00000 0.00000 0.00000 0.00000 0.00000 0.00000 0.00000 0.00000 0.00000 0.00000 0.00000 0.00000 0.00000 0.00000 0.00000 0.00000
1.16773 1.01288 0.70057 0.58767 0.64500 0.60949 0.32734 0.11130 0.03880 0.00000 0.00000 0.00000 0.00000 0.00000 0.00000 0.00000 0.00000 0.00000 0.00000 0.00000 0.00000 0.00000 0.00000 0.00000 0.00000 0.00000 0.00000 0.00000 0.00000 0.00000 0.00000 0.00000 0.00000 0.00000 0.00000 0.00000 0.00000 0.00000 0.00000 0.00000 0.00000 0.00000 0.00000 0.00000 0.00000 0.00000 0.00000 0.00000 0.00000 0.00000 0.00000 0.00000 0.00000 0.00000 0.00000 0.00000 0.00000 0.00000 0.00000 0.00000
0.55786 0.63032 0.56854 0.61860 0.78486 0.70269 0.32977 0.05985 0.00000 0.00000 0.00000 0.00000 0.00000 0.00000 0.00000 0.00000 0.00000 0.00000 0.00000 0.00000 0.00000 0.00000 0.00000 0.00000 0.00000 0.00000 0.00000 0.00000 0.00000 0.00000 0.00000 0.00000 0.00000 0.00000 0.00000 0.00000 0.00000 0.00000 0.00000 0.00000 0.00000 0.00000 0.00000 0.00000 0.00000 0.00000 0.00000 0.00000 0.00000 0.00000 0.00000 0.00000 0.00000 0.00000 0.00000 0.00000 0.00000 0.00000 0.00000 0.00000
0.10907 0.17347 0.19854 0.27870 0.49222 0.53867 0.33216 0.11961 0.04294 0.02258 0.00000 0.00000 0.00000 0.00000 0.00000 0.00000 0.00000 0.00000 0.00000 0.00000 0.00000 0.00000 0.00000 0.00000 0.00000 0.00000 0.00000 0.00000 0.00000 0.00000 0.00000 0.00000 0.00000 0.00000 0.00000 0.00000 0.00000 0.00000 0.00000 0.00000 0.00000 0.00000 0.00000 0.00000 0.00000 0.00000 0.00000 0.00000 0.00000 0.00000 0.00000 0.00000 0.00000 0.00000 0.00000 0.00000 0.00000 0.00000 0.00000 0.00000
0.00000 0.00000 0.00000 0.06845 0.19166 0.27835 0.24665 0.15531 0.09115 0.05599 0.00000 0.00000 0.00000 0.00000 0.00000 0.00000 0.00000 0.00000 0.00000 0.00000 0.00000 0.00000 0.00000 0.00000 0.00000 0.00000 0.00000 0.00000 0.00000 0.00000 0.00000 0.00000 0.00000 0.00000 0.00000 0.00000 0.00000 0.00000 0.00000 0.00000 0.00000 0.00000 0.00000 0.00000 0.00000 0.00000 0.00000 0.00000 0.00000 0.00000 0.00000 0.00000 0.00000 0.00000 0.00000 0.00000 0.00000 0.00000 0.00000 0.00000
0.00000 0.00000 0.00000 0.00000 0.02899 0.06972 0.12229 0.11574 0.10293 0.11912 0.08314 0.02018 0.00000 0.00000 0.00000 0.00000 0.00000 0.00000 0.00000 0.00000 0.00000 0.00000 0.00000 0.00000 0.00000 0.00000 0.00000 0.00000 0.00000 0.00000 0.00000 0.00000 0.00000 0.00000 0.00000 0.00000 0.00000 0.00000 0.00000 0.00000 0.00000 0.00000 0.00000 0.00000 0.00000 0.00000 0.00000 0.00000 0.00000 0.00000 0.00000 0.00000 0.00000 0.00000 0.00000 0.00000 0.00000 0.00000 0.00000 0.00000
0.00000 0.00000 0.00000 0.00000 0.00000 0.00000 0.00000 0.00000 0.03192 0.18284 0.27601 0.27046 0.20668 0.10371 0.03893 0.00000 0.00000 0.00000 0.00000 0.00000 0.00000 0.00000 0.00000 0.00000 0.02228 0.03160 0.03663 0.02819 0.02942 0.00000 0.00000 0.00000 0.00000 0.00000 0.00000 0.00000 0.00000 0.00000 0.00000 0.00000 0.00000 0.00000 0.00000 0.00000 0.00000 0.00000 0.00000 0.00000 0.00000 0.00000 0.00000 0.00000 0.00000 0.00000 0.00000 0.00000 0.00000 0.00000 0.00000 0.00000
0.00000 0.00000 0.00000 0.00000 0.00000 0.00000 0.00000 0.00000 0.13967 0.32749 0.50460 0.56293 0.49531 0.35414 0.18601 0.07103 0.02649 0.03242 0.03570 0.03773 0.04205 0.05029 0.06334 0.08172 0.10457 0.13042 0.15622 0.17687 0.17889 0.13839 0.04418 0.04228 0.09922 0.07628 0.03427 0.00000 0.00000 0.00000 0.00000 0.00000 0.00000 0.00000 0.00000 0.00000 0.00000 0.00000 0.00000 0.00000 0.00000 0.00000 0.00000 0.00000 0.00000 0.00000 0.00000 0.00000 0.00000 0.00000 0.00000 0.00000
0.00000 0.00000 0.00000 0.00000 0.00000 0.00000 0.00000 0.00000 0.25430 0.61873 0.69897 0.62437 0.57890 0.53167 0.42604 0.24714 0.15774 0.21964 0.24505 0.26999 0.30405 0.34265 0.37766 0.41842 0.45750 0.48424 0.51493 0.52587 0.53330 0.65088 0.73490 0.76104 0.81645 0.76503 0.63842 0.17508 0.03899 0.04245 0.03627 0.02815 0.00000 0.00000 0.00000 0.00000 0.00000 0.00000 0.00000 0.00000 0.00000 0.00000 0.00000 0.00000 0.00000 0.00000 0.00000 0.00000 0.00000 0.00000 0.00000 0.00000
0.00000 0.00000 0.00000 0.00000 0.00000 0.00000 0.00000 0.00000 0.49513 1.30018 1.33719 0.66674 0.51083 0.50138 0.49978 0.43187 0.63335 0.77224 0.89491 0.99352 1.06629 1.11940 1.15187 1.19716 1.22348 1.14396 1.08952 1.04205 1.10665 1.34146 1.85222 2.24079 2.26056 2.21719 2.08386 1.89565 1.42059 0.78310 0.34862 0.16367 0.08468 0.05188 0.02081 0.00000 0.00000 0.00000 0.00000 0.00000 0.00000 0.00000 0.00000 0.00000 0.00000 0.00000 0.00000 0.00000 0.00000 0.00000 0.00000 0.00000
0.00000 0.00000 0.00000 0.00000 0.00000 0.00000 0.00000 0.00000 0.32795 1.37314 1.66137 0.81305 0.48657 0.46157 0.50992 0.65609 1.04725 1.37778 1.54211 1.64181 1.67126 1.68396 1.67425 1.66553 1.58789 1.50688 1.45103 1.45578 1.60936 2.10603 2.92776 3.38381 3.35049 3.25935 3.23621 3.11682 2.58836 1.89220 1.17205 0.58874 0.34062 0.18536 0.08579 0.03064 0.00000 0.00000 0.00000 0.00000 0.00000 0.00000 0.00000 0.00000 0.00000 0.00000 0.00000 0.00000 0.00000 0.00000 0.00000 0.00000
0.00000 0.00000 0.00000 0.00000 0.00000 0.00000 0.00000 0.00000 0.19531 0.61020 0.77842 0.83241 0.64018 0.53528 0.58235 0.75371 1.04185 1.38579 1.65039 1.75983 1.76450 1.78967 1.78847 1.74944 1.68842 1.64043 1.63042 1.67104 1.87804 2.60197 3.45686 3.81966 3.94314 4.02775 4.16566 4.08585 3.60344 3.07091 2.46000 1.59484 0.92638 0.60099 0.36054 0.18940 0.10970 0.04910 0.00000 0.00000 0.00000 0.00000 0.00000 0.00000 0.00000 0.00000 0.00000 0.00000 0.00000 0.00000 0.00000 0.00000
0.00000 0.00000 0.00000 0.00000 0.00000 0.00000 0.00000 0.00000 0.02316 0.16966 0.48150 0.88019 1.39729 1.45770 1.27190 0.88271 1.03154 1.44775 1.68244 1.77391 1.80926 1.80830 1.81316 1.77521 1.73818 1.71334 1.71207 1.75725 2.07285 2.86492 3.77772 4.19413 4.46461 4.69224 4.89601 4.88119 4.41786 3.80213 3.10852 2.48604 2.02902 1.67602 1.39030 1.08318 0.84195 0.64037 0.29533 0.16721 0.00000 0.00000 0.00000 0.00000 0.00000 0.00000 0.00000 0.00000 0.00000 0.00000 0.00000 0.00000
0.00000 0.00000 0.00000 0.00000 0.00000 0.00000 0.00000 0.00000 0.00000 0.00000 0.17063 1.28929 2.31921 1.82233 0.91390 0.78384 1.24686 1.54790 1.70320 1.78657 1.85132 1.83567 1.82912 1.78881 1.76111 1.73609 1.69636 1.74287 2.14940 2.97098 3.79711 4.32668 4.70315 5.07330 5.47732 5.48277 5.10097 4.32889 3.46642 2.85285 2.63987 2.71946 2.86937 2.97596 2.84101 2.21327 1.33003 0.70256 0.18232 0.00000 0.00000 0.00000 0.00000 0.00000 0.00000 0.00000 0.00000 0.00000 0.00000 0.00000
0.00000 0.00000 0.00000 0.00000 0.00000 0.00000 0.00000 0.00000 0.00000 0.00000 0.33028 1.29343 2.19358 1.77726 1.43819 2.10934 1.76485 1.65185 1.75453 1.81706 1.82875 1.83864 1.85660 1.84869 1.83605 1.74471 1.64816 1.65546 2.11110 2.86660 3.61919 4.34992 4.87598 5.49963 6.11381 6.13377 5.72317 4.77462 3.58820 2.70117 2.49630 2.93515 3.76129 4.26711 4.50604 3.55006 1.85216 0.85688 0.52219 0.12764 0.00000 0.00000 0.00000 0.00000 0.00000 0.00000 0.00000 0.00000 0.00000 0.00000
0.00000 0.00000 0.00000 0.00000 0.00000 0.00000 0.00000 0.00000 0.00000 0.00000 0.09424 0.59728 0.98572 1.53210 3.24671 4.04255 2.75785 2.05647 1.97322 1.94250 1.97338 1.99288 1.96801 1.93650 1.81134 1.63002 1.51705 1.59319 1.94748 2.56632 3.40410 4.30576 4.97788 5.62206 5.94734 6.11278 6.05949 5.26895 3.74966 2.39311 2.12293 2.84221 4.32579 5.57031 5.88026 4.61056 2.39128 0.93032 0.64146 0.26409 0.00000 0.00000 0.00000 0.00000 0.00000 0.00000 0.00000 0.00000 0.00000 0.00000
0.00000 0.00000 0.00000 0.00000 0.00000 0.00000 0.00000 0.00000 0.00000 0.00000 0.00000 0.06554 0.25603 1.96178 4.21871 4.69562 4.03882 2.90095 2.56654 2.38580 2.35628 2.40042 2.29410 2.00683 1.62202 1.43584 1.43891 1.60507 1.75481 2.24926 2.82816 3.73066 4.79710 5.69865 6.10928 6.44962 6.56873 6.00805 4.51126 2.56683 2.03267 2.75784 4.38490 5.64672 6.05081 5.53517 3.52673 1.80589 1.12884 0.70281 0.15980 0.02497 0.00000 0.00000 0.00000 0.00000 0.00000 0.00000 0.00000 0.00000
0.00000 0.00000 0.00000 0.00000 0.00000 0.00000 0.00000 0.00000 0.00000 0.00000 0.00000 0.00000 0.00000 0.76928 3.68085 6.11815 6.31466 4.39410 3.45594 3.25461 3.01096 2.79883 2.47117 1.98507 1.68174 1.60991 1.69694 1.84379 2.17621 2.32546 2.53607 2.84883 3.62542 4.69710 5.63066 6.35480 6.46868 6.25864 5.21814 3.48200 2.61990 2.83089 3.78156 4.99783 5.68935 5.57777 4.35764 3.36871 2.81271 2.09980 1.05710 0.47561 0.23157 0.03849 0.00000 0.00000 0.00000 0.00000 0.00000 0.00000
0.00000 0.00000 0.00000 0.00000 0.00000 0.00000 0.00000 0.00000 0.00000 0.00000 0.00000 0.00000 0.00000 0.33062 2.86098 6.55315 6.64015 4.04227 4.57783 5.47762 4.18247 3.27947 2.55776 2.03416 1.69254 1.67866 1.90526 2.19566 2.71655 3.24176 2.91099 2.20693 2.09930 2.82299 4.04425 5.34138 5.84042 5.68267 5.13968 3.96442 2.90190 2.25203 2.23865 2.99245 3.91648 4.24202 4.39257 4.54015 5.33366 4.99972 3.67992 1.97260 0.82996 0.23989 0.00000 0.00000 0.00000 0.00000 0.02173 0.06056
0.00000 0.00000 0.00000 0.00000 0.00000 0.00000 0.00000 0.00000 0.00000 0.00000 0.00000 0.00000 0.00000 0.07655 1.35924 2.49964 2.16563 2.62342 5.04326 7.73020 5.85870 4.33701 3.37068 2.49485 1.88514 1.71739 1.98715 2.70397 4.24270 5.09984 4.18865 2.45569 1.37405 1.21838 1.89221 3.16817 4.24487 4.49283 4.23876 3.62937 2.43282 1.60043 1.41051 1.62214 2.00562 2.46952 3.38806 4.69172 6.71769 6.31963 5.46346 3.73855 1.74318 0.64762 0.00000 0.00000 0.00000 0.05549 0.15225 0.36025
0.00000 0.00000 0.00000 0.00000 0.00000 0.00000 0.00000 0.00000 0.00000 0.00000 0.00000 0.00000 0.00000 0.00000 0.00000 0.24651 0.50874 1.65908 4.54497 6.77385 6.61021 5.56924 4.08563 2.61114 2.53258 2.94963 2.88655 3.44789 4.52506 5.46471 4.95289 3.08492 1.30881 0.56214 0.69776 1.67514 3.08226 3.82546 3.66541 3.20530 2.14947 1.38371 1.13001 0.97807 0.83691 1.08213 2.17136 4.47011 6.00722 6.83688 5.46092 3.71776 2.33208 1.04459 0.03495 0.03229 0.06499 0.13937 0.38108 0.86711
0.00000 0.00000 0.00000 0.00000 0.00000 0.00000 0.00000 0.00000 0.00000 0.00000 0.00000 0.00000 0.00000 0.00000 0.00000 0.00000 0.12451 0.84153 1.51942 2.62226 4.29202 4.96157 3.94683 2.98160 3.96505 4.38500 4.66290 5.48233 6.54478 7.04275 6.80329 4.69478 1.97433 0.49063 0.30920 1.13856 2.42118 3.06278 2.86329 2.49921 1.89860 1.23087 0.78305 0.40641 0.18419 0.25678 0.97720 2.80911 5.74851 7.88197 5.62765 4.15308 2.21483 1.37486 0.11208 0.06196 0.04966 0.07902 0.33725 0.93801
0.00000 0.00000 0.00000 0.00000 0.00000 0.00000 0.00000 0.00000 0.00000 0.00000 0.00000 0.00000 0.00000 0.00000 0.00000 0.00000 0.00000 0.20213 0.20377 0.61612 1.92213 4.22691 6.49077 6.87621 6.71699 4.85966 4.11725 6.05738 10.10131 13.33720 11.04437 8.16716 4.49730 1.87679 1.28005 1.86909 2.52518 2.25220 1.50109 1.62713 1.60682 1.10801 0.47503 0.14369 0.02910 0.02710 0.44579 1.44328 4.60414 5.10198 5.03691 4.98773 3.32680 1.61405 0.33824 0.06529 0.04205 0.04051 0.20184 0.68145
0.00000 0.00000 0.00000 0.00000 0.00000 0.00000 0.00000 0.00000 0.00000 0.00000 0.00000 0.00000 0.00000 0.00000 0.00000 0.00000 0.00000 0.00000 0.00000 0.05026 0.61509 3.54423 8.67301 11.73117 9.47296 4.43145 1.94866 3.90348 11.18035 21.06927 21.39828 15.09017 9.68588 6.58931 4.69516 4.52340 5.09274 3.35098 1.56310 2.40693 2.50534 0.91178 0.10000 0.00000 0.00000 0.04607 0.08152 0.78157 1.67571 1.77357 2.32861 2.96096 3.01386 1.50085 0.34389 0.02640 0.11896 0.14281 0.18496 0.34022
0.00000 0.00000 0.00000 0.00000 0.00000 0.00000 0.00000 0.00000 0.00000 0.00000 0.00000 0.00000 0.00000 0.00000 0.08350 0.15259 0.32122 0.38165 0.08226 0.00000 0.03945 1.64903 5.43049 8.51744 7.26512 3.98099 2.34551 4.37749 13.72348 28.47381 33.29751 27.01607 17.72906 13.01870 9.81489 9.20078 8.79417 9.61547 8.66937 7.35222 6.64346 5.03925 0.79440 0.00000 0.05666 0.53924 1.31994 1.41042 0.64997 0.55093 0.60897 1.19934 1.58663 1.44205 0.61418 0.00000 0.00000 0.06594 0.09430 0.14775
0.00000 0.00000 0.00000 0.00000 0.00000 0.00000 0.00000 0.00000 0.00000 0.00000 0.00000 0.00000 0.00000 0.00000 0.47729 1.15624 1.65244 1.43354 0.49552 0.00000 0.00000 0.21062 1.68665 3.68901 4.42191 4.09083 4.32809 6.72925 13.50516 22.47455 31.55472 34.16058 27.25073 20.12888 20.36239 16.41352 14.64233 21.90797 20.96037 16.65659 12.12682 6.03527 1.21548 0.00000 0.05834 0.41445 1.68631 2.95084 2.14983 1.49649 1.07227 1.06044 1.21206 0.85872 0.39616 0.35393 0.19987 0.09865 0.00000 0.00000
0.00000 0.00000 0.00000 0.00000 0.00000 0.00000 0.00000 0.00000 0.00000 0.00000 0.00000 0.00000 0.00000 0.08592 0.84313 2.10246 3.06866 1.89610 0.55166 0.00000 0.00000 0.00000 0.19404 1.04016 2.36870 4.16966 7.61152 10.91309 13.34909 15.54377 20.64781 28.98875 23.31991 14.36390 16.83797 19.44798 18.28560 24.96397 26.37650 22.66494 13.85155 4.08529 1.25334 0.37728 0.04394 0.11987 1.02790 2.40627 2.69691 1.93398 1.47327 1.17917 0.67973 0.36889 0.29465 0.31454 0.33051 0.21788 0.29011 0.40654
0.00000 0.00000 0.00000 0.00000 0.00000 0.00000 0.00000 0.00000 0.00000 0.00000 0.00000 0.00000 0.00000 0.02031 0.51279 1.30603 1.55297 0.81186 0.13140 0.00000 0.00000 0.00000 0.00000 0.00000 0.59423 2.26410 10.10878 15.97210 13.55760 11.31370 10.94367 16.03406 13.33089 9.40409 13.66759 18.63926 14.87923 13.40058 25.57180 25.67605 18.13409 7.77026 3.77073 2.52898 1.43275 0.05640 0.07424 0.47536 0.67843 0.81924 0.93211 0.66265 0.20948 0.19522 0.17325 0.27958 0.32947 0.17999 0.07719 0.67211
0.00000 0.00000 0.00000 0.00000 0.00000 0.00000 0.00000 0.00000 0.00000 0.00000 0.00000 0.00000 0.00000 0.00000 0.05304 0.32921 0.25603 0.03376 0.00000 0.00000 0.00000 0.00000 0.00000 0.00000 0.03782 0.55171 7.71881 15.20365 10.79591 7.02666 6.07754 7.97908 7.16217 5.84358 16.60019 25.66585 13.69162 15.85552 30.32105 32.41053 24.28441 16.56635 8.45095 4.33837 2.36358 0.11455 0.00000 0.08974 0.07976 0.21244 0.36938 0.27396 0.00000 0.06943 0.17933 0.36456 0.43942 0.25504 0.00000 0.27683
0.00000 0.00000 0.00000 0.00000 0.00000 0.00000 0.00000 0.00000 0.00000 0.00000 0.00000 0.00000 0.00000 0.00000 0.00000 0.00000 0.00000 0.00000 0.00000 0.00000 0.00000 0.00000 0.00000 0.00000 0.00000 1.06871 4.47855 7.40048 5.80130 3.39641 3.32032 4.64080 5.36530 6.77927 20.22330 25.05043 15.20828 14.27551 30.22810 30.43490 22.11608 16.90299 11.23803 5.21088 1.24140 0.00000 0.04804 0.23300 0.23518 0.21532 0.25009 0.17181 0.00000 0.04201 0.24156 0.63911 1.23323 1.92201 1.46438 1.33319
0.00000 0.00000 0.00000 0.00000 0.00000 0.00000 0.00000 0.00000 0.00000 0.00000 0.00000 0.00000 0.00000 0.00000 0.00000 0.00000 0.00000 0.00000 0.00000 0.00000 0.00000 0.00000 0.00000 0.00000 0.00000 0.10914 1.54744 2.16365 1.87124 2.55441 3.55770 5.06122 7.49364 13.72307 31.88613 41.11011 29.78734 13.21133 12.29814 14.67476 11.79838 8.48551 6.32729 5.83223 1.39346 0.22764 0.03111 0.18516 0.23009 0.21263 0.17778 0.07925 0.00000 0.08790 0.15479 0.55152 3.05776 7.73663 8.33951 5.76109
0.00000 0.00000 0.00000 0.00000 0.00000 0.00000 0.00000 0.00000 0.00000 0.00000 0.00000 0.00000 0.00000 0.00000 0.00000 0.00000 0.00000 0.00000 0.00000 0.00000 0.00000 0.00000 0.00000 0.00000 0.00000 0.00000 0.08430 0.75210 1.53870 3.70347 6.17331 9.98977 9.43392 14.16796 33.00105 55.25803 47.02910 41.58413 26.58645 11.36677 4.37175 3.58479 3.38233 3.21209 1.47939 0.21194 0.00000 0.03995 0.09758 0.10324 0.08081 0.02485 0.07175 0.36155 0.51983 1.20535 5.64985 15.14376 19.79364 13.09329
0.00000 0.00000 0.00000 0.00000 0.00000 0.00000 0.00000 0.00000 0.00000 0.00000 0.00000 0.00000 0.00000 0.00000 0.00000 0.00000 0.00000 0.00000 0.00000 0.00000 0.00000 0.00000 0.00000 0.00000 0.00000 0.00000 0.13280 1.74706 4.80869 7.97532 11.61044 26.21927 28.00642 20.22483 25.68920 36.18312 35.62091 44.36257 39.66494 19.17632 6.08525 2.78787 3.27460 1.56877 0.31538 0.02908 0.00000 0.00000 0.00000 0.04491 0.04466 0.00000 0.33134 0.75893 1.19220 2.33593 8.15876 17.82059 22.84431 15.56852
0.00000 0.00000 0.00000 0.00000 0.00000 0.00000 0.00000 0.00000 0.00000 0.00000 0.00000 0.00000 0.00000 0.00000 0.00000 0.00000 0.00000 0.00000 0.00000 0.00000 0.00000 0.00000 0.00000 0.00000 0.00000 0.65363 1.82859 5.02828 10.72265 15.57933 24.87501 53.08564 70.70634 48.25758 42.24961 23.25126 6.22063 15.39285 20.48308 17.27914 4.16707 0.22932 0.09116 0.00000 0.00000 0.00000 0.00000 0.00000 0.00000 0.00000 0.02589 0.06373 0.59953 1.02006 1.56043 2.45218 7.61904 12.78946 12.71449 6.87455
0.00000 0.00000 0.00000 0.00000 0.00000 0.00000 0.00000 0.00000 0.00000 0.00000 0.00000 0.00000 0.00000 0.00000 0.00000 0.00000 0.00000 0.00000 0.00000 0.00000 0.00000 0.00000 0.00000 0.00000 0.00000 1.57307 4.88008 8.66020 17.72473 19.37267 22.28288 38.46329 48.29672 43.47663 44.31161 18.88914 8.18889 24.04784 18.15974 10.60203 0.60904 0.00000 0.00000 0.00000 0.00000 0.00000 0.00000 0.00000 0.00000 0.00000 0.00000 0.05291 0.89941 1.30882 1.87136 2.93660 5.93150 8.04188 5.43943 1.99425
0.00000 0.00000 0.00000 0.00000 0.00000 0.00000 0.00000 0.00000 0.00000 0.00000 0.00000 0.00000 0.00000 0.00000 0.00000 0.00000 0.00000 0.00000 0.00000 0.00000 0.00000 0.00000 0.00000 0.00000 0.00000 1.63775 5.89846 12.30819 22.63219 15.41938 8.64410 13.27547 21.05897 17.79781 14.74753 8.46828 9.33860 18.90393 15.81487 7.32833 0.18073 -99999.00000 -99999.00000 0.00000 0.00000 0.00000 0.00000 0.00000 0.00000 0.00000 0.00000 0.00000 0.82396 1.21702 1.58102 1.87844 4.16325 6.22414 4.94297 3.12995
0.00000 0.00000 0.00000 0.00000 0.00000 0.00000 0.00000 0.00000 0.00000 0.00000 0.00000 0.00000 0.00000 0.00000 0.00000 0.00000 0.00000 0.00000 0.00000 0.00000 0.00000 0.00000 0.00000 0.00000 0.00000 0.32357 2.34597 2.88223 6.10163 6.68454 3.14460 2.69877 3.74020 2.75355 3.43235 -99999.00000 -99999.00000 -99999.00000 -99999.00000 -99999.00000 -99999.00000 -99999.00000 -99999.00000 0.00000 0.00000 0.00000 0.00000 0.00000 0.00000 0.00000 0.00000 0.00000 0.50389 0.68870 0.98733 3.06710 7.27836 9.38275 8.81788 8.90736
0.00000 0.00000 0.00000 0.00000 -99999.00000 0.00000 0.00000 0.00000 0.00000 0.00000 0.00000 0.00000 0.00000 0.00000 0.00000 0.00000 0.00000 0.00000 0.00000 0.00000 0.00000 0.00000 0.02182 0.18221 0.00000 0.00000 0.00000 0.30532 0.72386 1.46205 0.73375 0.28440 0.00000 0.09012 -99999.00000 -99999.00000 -99999.00000 -99999.00000 -99999.00000 -99999.00000 -99999.00000 -99999.00000 -99999.00000 -99999.00000 0.00000 0.00000 0.00000 0.00000 0.00000 0.00000 0.00000 0.15154 0.44534 0.90761 2.43075 5.71367 9.29319 11.55933 12.48738 15.59484
-99999.00000 -99999.00000 -99999.00000 -99999.00000 -99999.00000 0.00000 0.00000 0.00000 0.00000 0.00000 0.00000 0.00000 0.00000 0.00000 0.00000 0.00000 0.00000 0.00000 0.00000 0.00000 0.00000 0.29209 2.86776 4.33626 3.08657 1.12008 0.00000 0.00000 0.00000 0.06437 0.11098 0.00000 0.00000 0.00000 -99999.00000 -99999.00000 -99999.00000 -99999.00000 -99999.00000 -99999.00000 -99999.00000 -99999.00000 -99999.00000 -99999.00000 -99999.00000 0.00000 0.00000 0.00000 0.00000 0.00000 0.00000 0.20198 0.35538 0.96473 2.10582 4.51257 9.34724 13.55928 11.89769 12.21213
