DATA/RAW-RASTER/CPC/2017/20170817.asc
ncols			60
nrows			40
xllcorner		70.0
yllcorner		20.0
cellsize		0.5
NODATA_value	-99999
0.00000 0.08558 0.25282 0.34623 0.33766 0.21420 0.08841 0.02359 0.00000 0.00000 0.00000 0.02375 0.30879 1.15402 3.18160 5.68390 7.47640 7.83093 7.41700 6.22284 4.86279 4.09723 3.77622 3.63406 3.53598 3.42987 3.18287 2.72722 2.01990 0.98465 0.43247 0.21421 0.16147 0.17674 0.19841 0.19574 0.22404 0.25610 0.26613 0.22164 0.15909 0.12750 0.15789 0.23535 0.31930 0.31573 0.27257 0.18853 0.09737 0.04994 0.03930 0.02017 0.00000 0.00000 0.00000 0.00000 0.00000 0.00000 0.00000 0.00000
0.00000 0.00000 0.00000 0.04906 0.07006 0.02433 0.00000 0.00000 0.00000 0.00000 0.00000 0.00000 0.14880 0.66612 1.75139 3.52175 5.43313 6.42108 6.42580 5.79652 4.83167 4.12190 3.72473 3.49867 3.30577 3.11088 2.81241 2.51488 1.83931 0.74296 0.40147 0.28164 0.26116 0.29539 0.33597 0.36600 0.37735 0.36396 0.31745 0.21888 0.12139 0.08182 0.11696 0.22174 0.32899 0.37685 0.38349 0.34628 0.26398 0.18568 0.14377 0.11044 0.00000 0.00000 0.00000 0.00000 0.00000 0.00000 0.00000 0.00000
0.00000 0.00000 0.00000 0.00000 0.00000 0.00000 0.00000 0.00000 0.00000 0.00000 0.00000 0.00000 0.11577 0.31550 0.53866 1.18128 2.24509 3.14030 3.49470 3.36776 3.01533 2.77344 2.61349 2.53708 2.53253 2.54397 2.46504 2.28939 1.70568 0.64970 0.38984 0.33020 0.32677 0.35539 0.37876 0.39481 0.41098 0.41030 0.34502 0.18642 0.06597 0.03038 0.04958 0.14437 0.29543 0.37139 0.39068 0.37674 0.32633 0.29923 0.28141 0.25236 0.21776 0.09467 0.00000 0.00000 0.00000 0.00000 0.00000 0.00000
0.00000 0.00000 0.00000 0.00000 0.00000 0.00000 0.00000 0.00000 0.00000 0.00000 0.00000 0.04689 0.13744 0.13263 0.14381 0.30980 0.55600 0.81792 1.01832 1.03263 0.95250 0.93150 0.99909 1.13298 1.31573 1.48783 1.64638 1.66135 1.23534 0.56548 0.38780 0.34603 0.35614 0.38178 0.40312 0.42073 0.42685 0.40020 0.28278 0.11351 0.02664 0.00000 0.00000 0.08342 0.22523 0.34270 0.37337 0.35362 0.30699 0.31259 0.32707 0.31915 0.28171 0.05365 0.00000 0.00000 0.00000 0.00000 0.02112 0.02239
0.00000 0.00000 0.00000 0.00000 0.00000 0.00000 0.00000 0.00000 0.00000 0.00000 0.00000 0.03279 0.08166 0.08742 0.07090 0.06160 0.07521 0.13625 0.19312 0.17578 0.15827 0.18620 0.25640 0.35396 0.48846 0.63461 0.76325 0.94371 0.70610 0.50049 0.37427 0.36573 0.39520 0.41215 0.41848 0.41707 0.40549 0.34416 0.21476 0.08293 0.02486 0.00000 0.02101 0.06770 0.17472 0.28283 0.31546 0.28361 0.23848 0.24388 0.27834 0.28736 0.21287 0.00000 0.00000 0.00000 0.00000 0.00000 0.05942 0.08250
0.00000 0.00000 0.00000 0.00000 0.00000 0.00000 0.00000 0.00000 0.00000 0.00000 0.00000 0.02293 0.05721 0.03542 0.00000 0.00000 0.00000 0.02684 0.03509 0.00000 0.00000 0.02900 0.06298 0.10982 0.17287 0.26055 0.29515 0.42252 0.47896 0.46846 0.39360 0.39888 0.40736 0.40794 0.40269 0.38863 0.35914 0.28405 0.17137 0.07903 0.03447 0.02513 0.04146 0.07164 0.13309 0.18226 0.18705 0.15843 0.13418 0.13664 0.15561 0.16195 0.07520 0.00000 0.00000 0.00000 0.00000 0.00000 0.05573 0.08450
0.00000 0.00000 0.00000 0.00000 0.00000 0.00000 0.00000 0.00000 0.00000 0.00000 0.00000 0.00000 0.00000 0.00000 0.00000 0.00000 0.00000 0.00000 0.00000 0.00000 0.00000 0.00000 0.00000 0.03224 0.06984 0.11359 0.13773 0.22690 0.34379 0.41507 0.38083 0.39791 0.40223 0.39801 0.39107 0.37260 0.32451 0.28796 0.24536 0.20669 0.18941 0.24970 0.34051 0.34141 0.29331 0.20352 0.12297 0.07247 0.04364 0.00000 0.00000 0.00000 0.00000 0.00000 0.00000 0.00000 0.00000 0.00000 0.03115 0.07789
0.00000 0.00000 0.00000 0.00000 0.00000 0.00000 0.00000 0.00000 0.00000 0.00000 0.00000 0.00000 0.00000 0.00000 0.00000 0.00000 0.00000 0.00000 0.00000 0.00000 0.00000 0.00000 0.00000 0.00000 0.02010 0.03823 0.06425 0.08955 0.17726 0.29853 0.35164 0.38662 0.39460 0.41554 0.41300 0.42287 0.45244 0.52825 0.62775 0.79951 1.09506 1.41609 1.65953 1.47197 0.84038 0.40254 0.19561 0.08910 0.02115 0.00000 0.00000 0.00000 0.00000 0.00000 0.00000 0.00000 0.00000 0.00000 0.00000 0.09031
0.00000 0.00000 0.00000 0.00000 0.00000 0.00000 0.00000 0.00000 0.00000 0.00000 0.00000 0.00000 0.00000 0.00000 0.00000 0.00000 0.00000 0.00000 0.00000 0.00000 0.00000 0.00000 0.00000 0.00000 0.00000 0.02043 0.02013 0.00000 0.00000 0.07432 0.31380 0.36622 0.39422 0.49373 0.54627 0.65851 0.95307 1.49434 2.12001 2.96962 3.85203 4.49834 4.41993 3.35412 1.86525 0.81879 0.38017 0.30574 0.17189 0.04683 0.00000 0.00000 0.00000 0.00000 0.00000 0.00000 0.00000 0.00000 0.00000 0.20403
0.00000 0.00000 0.00000 0.00000 0.00000 0.00000 0.00000 0.00000 0.00000 0.00000 0.00000 0.00000 0.00000 0.00000 0.00000 0.00000 0.00000 0.00000 0.00000 0.00000 0.00000 0.00000 0.00000 0.00000 0.00000 0.00000 0.00000 0.00000 0.00000 0.12349 0.29234 0.51547 0.68987 0.70058 0.96539 1.63891 3.17377 4.23692 5.11800 6.13875 6.86367 7.28093 6.98755 5.73895 3.73674 1.58260 0.67660 0.85978 0.91423 0.68053 0.40242 0.31949 0.40429 0.19411 0.11748 0.00000 0.00000 0.02357 0.12878 0.40083
0.00000 0.00000 0.00000 0.00000 0.00000 0.00000 0.00000 0.00000 0.00000 0.00000 0.00000 0.00000 0.00000 0.00000 0.00000 0.00000 0.00000 0.00000 0.00000 0.00000 0.00000 0.00000 0.00000 0.00000 0.00000 0.00000 0.00000 0.00000 0.03514 0.11914 0.36782 1.24486 1.78423 2.64075 3.39652 4.30912 5.85853 6.73469 7.65774 8.53263 9.11791 9.77631 9.90356 9.12341 8.09122 5.80799 3.61719 2.73140 2.17702 1.42159 0.85295 0.59909 0.77758 0.99234 0.73660 0.25980 0.10205 0.14835 0.31351 0.60856
0.00000 0.00000 0.00000 0.00000 0.00000 0.00000 0.00000 0.00000 0.00000 0.00000 0.00000 0.00000 0.00000 0.00000 0.00000 0.00000 0.00000 0.00000 0.00000 0.00000 0.00000 0.00000 0.00000 0.00000 0.00000 0.00000 0.00000 0.00000 0.00000 0.26203 0.82720 1.43570 2.20669 2.75336 3.49226 4.55446 5.78704 7.14270 8.66894 10.36032 11.50302 11.65936 11.55049 11.24364 11.18051 10.11571 8.03798 6.02950 4.15923 2.34337 1.21338 0.69151 1.30704 2.41062 2.63790 1.68511 0.89387 0.58564 0.47442 0.61311
0.00000 0.00000 0.00000 0.00000 0.00000 0.00000 0.00000 0.00000 0.00000 0.00000 0.00000 0.00000 0.00000 0.00000 0.00000 0.00000 0.00000 0.00000 0.00000 0.00000 0.00000 0.00000 0.00000 0.00000 0.00000 0.00000 0.00000 0.00000 0.00000 0.33640 0.87960 1.27103 1.77441 2.28180 3.03158 4.00810 5.13280 6.91444 9.16102 10.57977 12.23756 13.01522 13.18958 12.64913 11.82210 11.27623 10.25274 7.83085 5.95409 4.45902 3.13679 2.43342 3.38912 5.33303 5.94362 4.79281 2.95589 1.62269 0.90264 0.78786
0.00000 0.00000 0.00000 0.00000 0.00000 0.00000 0.00000 0.00000 0.00000 0.00000 0.00000 0.00000 0.00000 0.00000 0.00000 0.00000 0.00000 0.00000 0.00000 0.00000 0.00000 0.00000 0.00000 0.00000 0.00000 0.00000 0.00000 0.00000 0.03539 0.41363 0.84744 1.22721 1.54471 1.92405 2.53873 3.44398 4.64248 6.08655 7.50341 8.84190 10.39706 12.37889 13.27848 13.09810 12.92029 11.70892 10.08008 8.77679 7.54234 6.98513 6.73014 6.27519 6.88960 8.72961 8.96533 7.41898 5.48201 3.94662 3.32174 3.93775
0.00000 0.00000 0.00000 0.00000 0.00000 0.00000 0.00000 0.00000 0.00000 0.00000 0.00000 0.00000 0.00000 0.00000 0.00000 0.00000 0.00000 0.00000 0.00000 0.00000 0.00000 0.00000 0.00000 0.00000 0.00000 0.00000 0.00000 0.07263 0.48255 0.50792 0.59116 1.07947 1.27647 1.50161 1.97149 2.69925 3.89029 5.49108 7.13115 8.35528 9.20568 9.25718 9.20086 9.55955 10.61199 10.89409 10.51613 9.95226 9.45010 8.44796 7.84280 7.71759 8.17921 9.55159 9.66839 8.68588 6.77914 6.14083 7.24601 9.90335
0.00000 0.00000 0.00000 0.00000 0.00000 0.00000 0.00000 0.00000 0.00000 0.00000 0.00000 0.00000 0.00000 0.00000 0.00000 0.00000 0.00000 0.00000 0.00000 0.00000 0.00000 0.00000 0.00000 0.00000 0.00000 0.00000 0.00000 0.47869 1.05841 1.01643 0.64391 0.93374 1.04838 1.19062 1.53703 2.04307 2.98925 4.55212 6.60417 8.12080 8.70185 8.06579 6.83562 6.15712 6.85181 8.80404 11.08559 11.87083 11.33917 9.70158 8.27733 7.79341 7.88280 7.70492 7.50293 7.00872 6.60806 6.65174 8.40306 11.52129
0.00000 0.00000 0.00000 0.00000 0.00000 0.00000 0.00000 0.00000 0.00000 0.00000 0.00000 0.00000 0.00000 0.00000 0.00000 0.00000 0.00000 0.00000 0.00000 0.00000 0.00000 0.00000 0.00000 0.00000 0.00000 0.02199 0.06960 1.07377 1.83931 2.02161 1.44305 1.10414 0.95015 0.91576 0.95034 1.11808 1.65501 3.05433 5.76631 8.01592 8.83832 8.24771 6.29855 4.98752 5.13865 7.02250 10.50110 11.41048 10.91150 9.66636 8.72867 8.24669 6.57549 4.55336 3.95511 4.55379 5.57041 6.52589 7.42864 8.43984
0.00000 0.00000 0.00000 0.00000 0.00000 0.00000 0.00000 0.00000 0.00000 0.00000 0.00000 0.00000 0.00000 0.00000 0.00000 0.00000 0.00000 0.00000 0.04303 0.09405 0.00000 0.00000 0.00000 0.00000 0.03491 0.03310 0.45677 1.60964 2.51303 2.85479 2.24158 1.68515 1.16443 1.04478 0.89900 0.78512 0.77798 1.53079 4.75327 8.01997 9.01319 8.89418 7.11335 5.10813 4.85837 6.52350 9.14535 9.88931 8.98683 8.55492 8.06940 7.32436 5.11893 2.62364 1.93594 2.96486 4.72752 5.85978 5.99211 6.64966
0.00000 0.00000 0.00000 0.00000 0.00000 0.00000 0.00000 0.00000 0.00000 0.00000 0.00000 0.00000 0.00000 0.00000 0.03593 1.67499 0.96999 0.20788 0.38963 0.33321 0.16393 0.04705 0.04359 0.07399 0.07773 0.34276 1.13959 2.37603 3.69436 4.31303 3.55643 2.16737 1.49456 1.56130 1.50199 1.30918 1.00712 1.45296 4.38305 7.94432 10.17999 12.02027 11.59229 9.37321 7.45883 7.13518 7.30329 7.23650 6.42928 5.87031 5.30792 4.69216 3.80875 2.43735 1.80208 2.18095 3.09830 3.60341 3.62407 3.87967
0.00000 0.00000 0.00000 0.00000 0.00000 0.00000 0.00000 0.00000 0.00000 0.00000 0.00000 0.00000 0.00000 0.00000 0.23802 3.55630 2.63958 0.71977 1.16971 1.42401 0.52330 0.20308 0.16259 0.14799 0.22525 0.62660 1.62974 3.18995 5.28352 6.32369 5.23586 2.73955 1.77116 2.20622 3.12335 4.00524 4.70807 5.75874 8.16876 10.94148 14.65538 17.02524 16.98133 15.75797 12.05198 7.73264 4.93254 3.31839 2.75206 2.76519 3.27413 3.47835 2.92578 2.26120 1.76905 1.69926 1.69542 1.52751 1.50054 1.65338
0.00000 0.00000 0.00000 0.00000 0.00000 0.00000 0.00000 0.00000 0.00000 0.00000 0.00000 0.00000 0.00000 0.00000 0.00000 0.40309 0.22511 0.77022 1.96455 2.62652 1.00008 0.35638 0.46937 0.39246 0.26357 0.73260 2.20431 4.93434 7.49970 8.16403 6.53867 3.87756 2.37405 2.21408 3.88164 6.95613 10.66247 13.05319 13.31967 14.10727 16.51722 18.72230 18.87922 17.31785 13.13605 6.76745 2.83686 1.44398 1.15306 1.02668 1.49712 2.02215 2.03104 1.86100 1.19005 1.06135 0.92199 0.87577 0.98407 1.12381
0.00000 0.00000 0.00000 0.00000 0.00000 0.00000 0.00000 0.00000 0.00000 0.00000 0.00000 0.00000 0.00000 0.00000 0.00000 0.00000 0.00000 0.64087 2.69409 2.90981 1.41906 0.76783 1.55410 1.14915 0.79652 2.67317 5.23212 7.85264 8.16619 7.77996 5.74035 3.36262 1.91004 1.20375 2.12102 5.45937 10.78170 14.73041 13.39214 12.44475 14.35880 15.86169 15.77278 12.55825 7.58880 3.58792 1.66384 1.11811 0.88290 1.19570 1.41459 1.62352 1.80266 1.60220 0.87468 0.51189 0.48748 0.54968 0.82545 1.36809
0.00000 0.00000 0.00000 0.00000 0.00000 0.00000 0.00000 0.00000 0.00000 0.00000 0.00000 0.00000 0.00000 0.00000 0.00000 0.00000 0.00000 0.07777 1.07722 1.51544 1.15918 2.12238 3.69926 4.29986 4.11743 7.19744 13.44791 17.26020 13.63938 8.21581 4.92494 3.20919 2.15570 0.88558 0.86524 3.12649 7.28005 10.02524 9.37580 9.10239 11.13028 12.23982 10.93228 6.09963 2.14298 0.92653 0.76879 1.06523 1.85091 3.57184 4.14258 4.11863 2.14759 1.42182 0.68933 0.32807 0.22154 0.22487 0.52475 1.34714
0.00000 0.00000 0.00000 0.00000 0.00000 0.00000 0.00000 0.00000 0.00000 0.00000 0.00000 0.00000 0.00000 0.00000 0.00000 0.00000 0.00000 0.00000 0.00000 0.02909 0.14902 1.79709 3.33934 4.15537 4.72961 7.63583 14.79702 24.16240 24.07321 11.74238 3.70131 3.33607 4.28477 3.10662 1.72380 0.90959 2.33976 3.61204 3.78543 4.93022 7.24119 7.95215 6.17070 3.25020 1.04169 0.69081 1.61999 3.10368 4.75188 5.97443 8.12200 8.55059 5.35249 2.08658 0.88720 0.31050 0.16130 0.13573 0.32095 1.12000
0.00000 0.00000 0.00000 0.00000 0.00000 0.00000 0.00000 0.00000 0.00000 0.00000 0.00000 0.00000 0.00000 0.00000 0.00000 0.00000 0.00000 0.00000 0.00000 0.00000 0.00000 0.31517 0.78480 1.01310 2.37166 3.77787 5.49218 11.68775 15.02467 7.90418 2.52852 4.91924 10.18473 9.75596 3.56560 0.20125 0.60145 1.06673 1.40562 2.61335 5.29537 8.12378 7.59044 4.25609 3.74895 6.40334 9.16531 7.86416 5.04484 3.89990 4.75659 5.79540 5.64280 2.55971 1.41189 1.02000 0.76673 0.72061 0.61555 0.62813
0.00000 0.00000 0.00000 0.00000 0.00000 0.00000 0.00000 0.00000 0.00000 0.00000 0.00000 0.00000 0.00000 0.00000 0.00000 0.00000 0.02262 0.21794 0.66231 0.28242 0.00000 0.00000 0.02864 0.13082 0.38859 1.15339 1.14509 4.55463 8.48024 5.07759 4.35116 10.38937 17.08084 13.18666 3.37322 0.07018 0.20828 0.67651 1.79296 2.62364 6.86350 18.21366 26.65042 15.57698 15.19460 20.54182 22.21152 11.46530 4.02863 2.20559 1.67890 2.56640 3.27360 4.19002 5.24660 5.93213 4.92248 3.83938 1.93467 0.29100
0.00000 0.00000 0.00000 0.00000 0.00000 0.00000 0.00000 0.00000 0.00000 0.00000 0.00000 0.00000 0.00000 0.00000 0.00000 0.00000 0.12937 2.80889 5.06250 3.34181 0.21777 0.00000 0.00000 0.14626 1.02149 1.92293 1.73246 6.50658 14.22415 15.39944 14.54837 14.18930 11.36798 6.42081 1.49742 0.18747 0.00000 0.47180 3.44192 3.89367 6.84674 19.71118 38.23137 29.93274 16.91727 26.44275 27.68561 11.32268 4.19173 3.25794 2.39415 2.36082 4.27107 6.87327 11.85097 15.69750 15.26471 11.40784 6.89241 2.72790
0.00000 0.00000 0.00000 0.00000 0.00000 0.00000 0.00000 0.00000 0.00000 0.00000 0.00000 0.00000 0.00000 0.00000 0.00000 0.00000 0.25452 4.22959 10.67321 7.96624 1.25706 0.00000 0.00000 2.04682 5.14907 6.72340 8.34568 15.07289 29.91255 37.72687 29.27399 17.20738 6.39049 2.44599 2.03384 0.87605 0.12537 0.79774 3.90271 3.34325 2.24902 7.45482 21.73350 22.90030 16.39912 29.59516 39.41850 20.00092 7.09297 3.74350 2.74109 3.07206 4.64201 7.55477 15.69127 24.35200 25.38164 20.45013 12.99435 5.49137
0.00000 0.00000 0.00000 0.00000 0.00000 0.00000 0.00000 0.00000 0.00000 0.00000 0.00000 0.00000 0.00000 0.00000 0.00000 0.00000 0.22875 3.00147 9.81544 8.01695 1.61670 0.13758 0.08552 4.34705 8.86062 11.71842 13.84424 17.12596 37.43690 46.12635 28.31469 20.72012 10.69314 6.31018 3.55136 1.49224 0.98192 0.75447 0.61155 0.73071 0.51810 3.37892 8.18428 8.13739 17.55804 32.67992 44.67963 24.00842 5.89072 2.34055 2.01777 2.25800 3.72511 8.70697 15.17431 25.26869 31.51422 26.83765 18.96657 10.02838
0.00000 0.00000 0.00000 0.00000 0.00000 0.00000 0.00000 0.00000 0.00000 0.00000 0.00000 0.00000 0.00000 0.00000 0.00000 0.00000 0.03652 0.38914 2.88684 7.01739 5.35204 1.50761 0.08227 3.93296 10.77310 19.26838 18.21056 15.74255 33.54492 41.58815 32.69793 27.09593 18.93211 15.41621 4.51291 0.72498 0.10028 0.09507 0.00000 0.33631 1.03789 5.95976 13.56511 12.45859 25.06038 24.68798 21.36787 15.39023 5.08100 2.55839 1.99659 2.28835 4.24290 8.67507 11.65958 22.80297 33.36480 33.64909 28.92923 17.53076
0.00000 0.00000 0.00000 0.00000 0.00000 0.00000 0.00000 0.00000 0.00000 0.00000 0.00000 0.00000 0.00000 0.00000 0.00000 0.00000 0.76674 1.67385 3.02777 8.52085 8.12898 1.85098 0.00000 1.62520 7.52956 17.65551 18.20543 21.30823 35.70112 51.49030 49.73103 34.12276 22.55378 12.55966 4.69486 0.58178 0.00000 0.11297 0.61062 3.15832 3.12090 9.78357 35.54602 58.99440 59.86713 32.11937 16.52897 9.11042 6.06452 4.48618 3.18843 2.96206 4.19355 6.37548 9.35451 18.30915 26.22786 31.80446 25.89340 19.64986
0.00000 0.00000 0.00000 0.00000 0.00000 0.00000 0.00000 0.00000 0.00000 0.00000 0.00000 0.00000 0.00000 0.00000 0.00000 0.00000 0.68758 1.52377 3.40568 5.75937 4.98275 1.26053 0.07488 0.09339 4.21971 11.96135 17.00657 18.72949 26.06405 38.98989 38.28593 28.13618 18.30286 8.97242 4.76969 0.71545 0.12895 0.39833 1.64195 6.14081 5.56059 7.38564 25.78322 76.10717 101.89970 59.10631 18.54771 10.46199 6.86425 4.95461 3.08230 2.54223 2.98701 2.96282 2.75694 5.32518 12.78436 20.41263 14.22623 9.40835
0.00000 0.00000 0.00000 0.00000 0.00000 0.00000 0.00000 0.00000 0.00000 0.00000 0.00000 0.00000 0.00000 0.00000 0.00000 0.16885 1.17891 2.31807 4.74626 7.43056 7.38177 3.45352 2.35728 3.56093 7.66453 12.91529 16.29998 16.68532 18.22831 21.01831 18.53829 16.04461 11.37005 7.49947 6.23416 1.69514 0.54000 1.76296 2.34056 2.72479 1.36391 0.93005 7.30731 36.37315 64.39449 52.80651 20.46335 8.93382 4.79060 3.12103 1.66269 1.47764 1.68671 1.29980 0.94132 1.07405 4.77564 8.46737 5.91378 4.59215
0.00000 0.00000 0.00000 0.00000 0.00000 0.00000 0.00000 0.00000 0.00000 0.00000 0.00000 0.00000 0.00000 0.07268 0.45259 1.19227 2.95106 7.09237 11.79107 14.59931 13.03114 7.00870 6.12257 9.21460 12.28336 16.27117 18.28205 16.17345 15.20404 13.51649 11.98533 15.54218 14.12627 8.94920 7.11310 3.24365 0.45870 1.75709 3.67906 4.52183 1.58080 0.47667 1.61488 11.15934 27.90241 25.53887 10.21860 4.32725 2.46625 1.56264 0.95114 0.71559 0.74414 0.59802 0.65693 1.13139 3.94632 7.30068 8.51275 10.88169
0.00000 0.00000 0.00000 0.00000 0.00000 0.00000 0.00000 0.00000 0.00000 0.00000 0.00000 0.00000 0.00000 0.40018 1.94330 3.79435 3.45455 7.32842 12.62601 13.51197 11.82206 11.31470 12.03183 13.58205 14.18858 16.53365 16.28804 12.60828 10.41138 12.18584 15.36220 22.43480 24.60987 13.59303 7.94708 2.57731 0.44170 2.68355 7.99316 10.97440 4.15892 3.00204 2.93750 12.23668 6.53413 6.53678 4.39987 1.96880 1.38446 0.87714 0.75263 0.45022 0.36380 0.51989 0.76040 1.28065 5.25930 11.52263 19.96499 29.41180
0.02754 0.00000 0.00000 0.00000 0.00000 0.00000 0.00000 0.00000 0.00000 0.08749 0.07669 0.00000 0.00000 0.43662 1.52717 1.76146 1.56557 3.79712 7.66163 11.91705 14.75953 19.14025 17.10049 17.37026 17.88100 17.19818 11.75381 5.36334 5.13019 11.40935 17.75200 20.09300 15.25257 7.99938 6.20043 2.84729 2.63530 8.28613 9.60542 9.31541 4.94689 3.49130 2.02895 5.01415 3.67322 2.80753 1.67804 0.56692 0.33242 0.36673 0.44724 0.36381 0.34832 0.65032 1.10005 2.29527 7.16222 15.60150 22.25805 26.13173
0.24840 0.00000 0.00000 0.00000 0.00000 0.00000 0.00000 0.00000 0.25579 0.60949 0.64270 0.43751 0.27319 0.10062 0.28673 0.21611 0.58492 2.47906 5.48654 9.61409 15.28363 20.95809 20.96566 22.78839 23.58565 21.05479 15.00715 9.03288 9.08953 15.69880 19.27088 19.22927 10.64061 2.82444 2.25646 1.96902 3.92173 8.20496 9.52131 8.95662 7.99576 -99999.00000 -99999.00000 0.65929 1.74664 1.93519 0.97436 0.22297 0.06799 0.06006 0.10006 0.13926 0.42385 0.78237 1.28249 2.23505 6.55336 14.77528 17.40679 15.03591
0.06705 0.00000 0.00000 0.00000 0.00000 0.00000 0.09213 0.29110 0.47244 0.87743 1.76012 1.70167 0.74538 0.10191 0.00000 0.00000 0.12579 1.88211 3.91442 6.70751 11.62427 18.94501 25.07961 28.52554 31.73169 31.55093 25.74871 21.71324 21.60176 26.03824 25.35360 20.78496 13.19157 5.25230 5.48339 -99999.00000 -99999.00000 -99999.00000 -99999.00000 -99999.00000 -99999.00000 -99999.00000 -99999.00000 2.46389 1.30568 0.18439 0.00000 0.00000 0.00000 0.00000 0.00000 0.07559 0.16650 0.35326 0.89441 2.47082 6.34273 10.94739 10.65123 8.21109
0.00000 0.00000 0.00000 0.00000 -99999.00000 0.04579 0.85656 1.41360 0.42408 0.51085 1.43585 1.46877 0.45921 0.06622 0.00000 0.00000 0.00000 0.84528 3.25249 5.01326 9.73315 18.13494 25.78529 31.90880 40.38540 46.83032 46.69036 44.34889 34.93135 31.61722 30.00577 25.18802 25.61587 24.09587 -99999.00000 -99999.00000 -99999.00000 -99999.00000 -99999.00000 -99999.00000 -99999.00000 -99999.00000 -99999.00000 -99999.00000 0.00000 0.00000 0.00000 0.00000 0.00000 0.00000 0.04016 0.12610 0.13196 0.17836 0.55284 1.75314 4.08026 6.25912 6.81162 5.62673
-99999.00000 -99999.00000 -99999.00000 -99999.00000 -99999.00000 0.39425 2.66372 2.65130 0.84915 0.39696 0.51481 0.43826 0.09438 0.00000 0.00000 0.00000 0.10359 1.33682 3.69737 4.82386 8.45555 15.85606 25.67627 32.66305 47.00726 54.15685 61.55540 64.13252 40.44779 29.71701 28.77410 32.72525 48.59691 77.65529 -99999.00000 -99999.00000 -99999.00000 -99999.00000 -99999.00000 -99999.00000 -99999.00000 -99999.00000 -99999.00000 -99999.00000 -99999.00000 0.00000 0.00000 0.00000 0.00000 0.00000 0.16350 0.18949 0.21517 0.38216 0.61257 0.83633 1.86637 3.69051 5.14740 5.37319
