DATA/RAW-RASTER/CPC/2017/20170627.asc
ncols			60
nrows			40
xllcorner		70.0
yllcorner		20.0
cellsize		0.5
NODATA_value	-99999
0.78835 1.00976 0.58853 0.22890 0.08976 0.00000 0.00000 0.04176 0.57112 1.67366 2.62493 2.63799 2.44764 2.11616 1.59365 0.87121 0.35979 0.19395 0.24259 0.33842 0.45399 0.53194 0.56505 0.55632 0.51095 0.43077 0.32365 0.21169 0.11703 0.00000 0.00000 0.00000 0.00000 0.00000 0.00000 0.00000 0.00000 0.00000 0.00000 0.00000 0.00000 0.00000 0.00000 0.00000 0.00000 0.00000 0.00000 0.00000 0.00000 0.00000 0.00000 0.00000 0.00000 0.00000 0.00000 0.07710 0.10526 0.09605 0.08150 0.02910
3.07216 2.88407 1.30964 0.48993 0.24685 0.00000 0.00000 0.00000 0.42297 1.32269 2.07257 2.16330 2.21618 2.23236 2.02275 1.46537 0.83758 0.48540 0.37429 0.36252 0.40868 0.44012 0.48693 0.49937 0.48688 0.44873 0.37811 0.27932 0.15314 0.00000 0.00000 0.00000 0.00000 0.00000 0.00000 0.00000 0.00000 0.00000 0.00000 0.00000 0.00000 0.00000 0.00000 0.00000 0.00000 0.00000 0.00000 0.00000 0.00000 0.00000 0.00000 0.00000 0.00000 0.00000 0.04510 0.17370 0.23116 0.18692 0.08212 0.00000
3.18285 2.86615 1.75461 0.84920 0.22379 0.00000 0.00000 0.00000 0.11318 0.77698 1.86032 2.41595 2.44712 2.59972 2.60660 2.17425 1.48264 0.91787 0.59041 0.41679 0.34100 0.28757 0.31166 0.36014 0.38205 0.38331 0.35784 0.29384 0.17551 0.02201 0.00000 0.00000 0.00000 0.00000 0.00000 0.00000 0.00000 0.00000 0.00000 0.00000 0.00000 0.00000 0.00000 0.00000 0.00000 0.00000 0.00000 0.00000 0.00000 0.00000 0.00000 0.00000 0.00000 0.00000 0.04287 0.12308 0.19749 0.22809 0.02445 0.00000
1.51135 1.71432 1.31004 0.67230 0.15755 0.00000 0.00000 0.00000 0.00000 0.31121 1.24235 2.37720 2.92787 2.74074 2.65959 2.03224 1.23374 0.76292 0.48494 0.29510 0.18969 0.12093 0.12063 0.15967 0.20336 0.23610 0.25091 0.22820 0.15118 0.05523 0.00000 0.00000 0.00000 0.00000 0.00000 0.00000 0.00000 0.00000 0.00000 0.00000 0.00000 0.00000 0.00000 0.00000 0.00000 0.00000 0.00000 0.00000 0.00000 0.00000 0.00000 0.00000 0.00000 0.00000 0.00000 0.00000 0.00000 0.13243 0.20828 0.24159
0.61950 0.78532 0.48247 0.22220 0.07167 0.00000 0.00000 0.00000 0.00000 0.15449 0.87805 1.83956 2.53961 2.40574 1.88519 1.12401 0.54009 0.38788 0.25374 0.12048 0.06086 0.03627 0.03442 0.04928 0.07284 0.10290 0.12994 0.13577 0.10330 0.04530 0.00000 0.00000 0.00000 0.00000 0.00000 0.00000 0.00000 0.00000 0.00000 0.00000 0.00000 0.00000 0.00000 0.00000 0.00000 0.00000 0.00000 0.00000 0.00000 0.00000 0.00000 0.00000 0.00000 0.00000 0.00000 0.00000 0.00000 0.14563 0.54221 0.73607
0.05160 0.19340 0.10323 0.00000 0.00000 0.00000 0.00000 0.00000 0.00000 0.20518 0.86665 1.62329 2.04273 1.86420 1.29827 0.72223 0.38667 0.25622 0.12593 0.03224 0.00000 0.00000 0.00000 0.00000 0.02567 0.04034 0.05894 0.07534 0.06749 0.03787 0.00000 0.00000 0.00000 0.00000 0.00000 0.00000 0.00000 0.00000 0.00000 0.00000 0.00000 0.00000 0.00000 0.00000 0.00000 0.00000 0.00000 0.00000 0.00000 0.00000 0.00000 0.00000 0.00000 0.00000 0.00000 0.00000 0.00000 0.11656 0.52501 0.73359
0.00000 0.08205 0.11795 0.05834 0.08698 0.09279 0.06472 0.00000 0.00000 0.09854 0.68258 1.33715 1.65942 1.42586 1.03302 0.66810 0.41449 0.23514 0.09452 0.02453 0.00000 0.00000 0.00000 0.00000 0.00000 0.00000 0.02948 0.04332 0.04582 0.02978 0.00000 0.00000 0.00000 0.00000 0.00000 0.00000 0.00000 0.00000 0.00000 0.00000 0.00000 0.00000 0.00000 0.00000 0.00000 0.00000 0.00000 0.00000 0.00000 0.00000 0.00000 0.00000 0.00000 0.00000 0.00000 0.00000 0.00000 0.00000 0.30898 0.63470
0.14410 0.56974 0.64165 0.48535 0.50580 0.47902 0.40235 0.31503 0.12418 0.00000 0.07098 0.45298 1.01874 1.07758 0.82408 0.56569 0.36601 0.20891 0.09718 0.03785 0.00000 0.00000 0.00000 0.00000 0.00000 0.00000 0.00000 0.00000 0.02222 0.00000 0.00000 0.00000 0.00000 0.00000 0.00000 0.00000 0.00000 0.00000 0.00000 0.00000 0.00000 0.00000 0.00000 0.00000 0.00000 0.00000 0.00000 0.00000 0.00000 0.00000 0.00000 0.00000 0.00000 0.00000 0.00000 0.00000 0.00000 0.00000 0.07229 0.47454
0.58330 1.27328 1.85476 2.05398 1.49729 0.99119 0.55988 0.29932 0.02621 0.00000 0.00000 0.00000 0.07837 0.33067 0.49400 0.44825 0.31232 0.18783 0.10002 0.05014 0.02550 0.00000 0.00000 0.00000 0.00000 0.00000 0.00000 0.00000 0.00000 0.00000 0.00000 0.00000 0.00000 0.00000 0.00000 0.00000 0.00000 0.00000 0.00000 0.00000 0.00000 0.00000 0.00000 0.00000 0.00000 0.00000 0.00000 0.00000 0.00000 0.00000 0.00000 0.00000 0.00000 0.00000 0.00000 0.00000 0.00000 0.02093 0.12425 0.20565
0.41077 1.16750 1.63125 1.48187 1.20032 1.02782 0.34112 0.00000 0.00000 0.00000 0.00000 0.00000 0.00000 0.00000 0.04126 0.14238 0.33842 0.33235 0.19174 0.11048 0.06584 0.04139 0.02336 0.00000 0.00000 0.00000 0.00000 0.00000 0.00000 0.00000 0.00000 0.00000 0.05917 0.05183 0.02326 0.06116 0.03275 0.03575 0.03073 0.02425 0.00000 0.00000 0.00000 0.00000 0.00000 0.00000 0.00000 0.00000 0.00000 0.00000 0.07821 0.15853 0.24923 0.13332 0.08979 0.00000 0.00000 0.02510 0.03007 0.05024
0.03122 0.48266 0.70797 0.58842 0.77392 0.77391 0.03818 0.00000 0.00000 0.00000 0.00000 0.00000 0.00000 0.00000 0.80705 1.89718 1.78317 0.94600 0.46949 0.24088 0.13213 0.07903 0.05140 0.03713 0.02796 0.02081 0.00000 0.00000 0.00000 0.00000 0.00000 0.11762 0.16036 0.20367 0.23907 0.29415 0.32189 0.25679 0.16858 0.09347 0.04319 0.00000 0.00000 0.00000 0.00000 0.00000 0.00000 0.00000 0.00000 0.14003 0.20979 0.28345 0.47656 0.69465 0.56217 0.21498 0.10978 0.14315 0.17025 0.77447
0.00000 0.03936 0.29229 0.39809 0.48310 0.15018 0.00000 0.00000 0.00000 0.00000 0.00000 0.00000 0.02466 0.81237 2.62579 3.21436 3.19418 1.94021 0.75345 0.30705 0.14076 0.07224 0.04090 0.02831 0.02275 0.00000 0.00000 0.00000 0.00000 0.02984 0.09516 0.16054 0.20642 0.25381 0.32669 0.42343 0.48443 0.48512 0.40772 0.26985 0.13762 0.05268 0.00000 0.00000 0.00000 0.00000 0.00000 0.00000 0.13087 0.26690 0.28341 0.30537 0.79277 1.73687 2.06881 1.39528 0.82531 0.76988 0.99789 1.23917
0.00000 0.00000 0.00000 0.13981 0.03540 0.00000 0.00000 0.02491 0.00000 0.00000 0.00000 0.04558 1.61603 3.01878 4.03079 4.13419 3.41113 1.91718 0.68867 0.23343 0.09369 0.04562 0.02694 0.00000 0.00000 0.00000 0.00000 0.00000 0.00000 0.03733 0.10151 0.17182 0.22162 0.26643 0.36336 0.48787 0.59955 0.72806 0.79162 0.63834 0.40505 0.18683 0.06400 0.00000 0.00000 0.00000 0.00000 0.02823 0.33838 0.51403 0.59971 0.85685 1.99541 3.95799 4.74736 3.83062 2.37872 1.55716 1.39206 1.35431
0.00000 0.03006 0.14221 0.25784 0.31389 0.26310 0.22972 0.71962 1.31343 0.97495 0.95810 2.89032 7.78803 9.88375 9.65708 5.67638 3.90197 2.04525 0.61366 0.15047 0.04666 0.02055 0.00000 0.00000 0.00000 0.00000 0.00000 0.00000 0.00000 0.04376 0.10093 0.20544 0.23822 0.27494 0.35099 0.48778 0.65330 0.84891 0.99653 1.00797 0.84503 0.55313 0.25409 0.05056 0.00000 0.00000 0.00000 0.13643 0.47729 0.71199 0.97499 1.82982 3.98498 6.64900 7.18525 5.69252 3.75075 2.20037 1.49753 1.21267
0.00000 0.11351 0.30099 0.62454 1.04682 1.60570 2.43472 3.63865 7.05681 5.12715 6.80023 16.27284 29.95953 25.89249 18.32034 10.44212 7.16023 2.59706 0.61710 0.09420 0.00000 0.00000 0.00000 0.00000 0.00000 0.00000 0.00000 0.11026 0.72981 0.59443 0.13560 0.23206 0.22923 0.24294 0.30402 0.40729 0.59766 0.85553 1.12578 1.30216 1.28135 0.93319 0.48429 0.20036 0.07254 0.00000 0.00000 0.00000 0.31991 0.73870 0.96615 1.95456 4.35646 7.02904 7.44608 6.07967 3.60288 1.95613 1.13003 0.65125
0.08885 0.11045 0.37885 1.08485 1.72929 2.38105 5.37011 12.19378 16.57458 13.29888 14.01708 27.89605 44.17095 38.71438 34.63633 33.51463 10.52960 2.71337 0.81280 0.14176 0.02001 0.00000 0.00000 0.00000 0.00000 0.00000 0.00000 0.74929 1.62713 1.57583 0.73908 0.29057 0.25196 0.23209 0.25580 0.30940 0.45166 0.72505 1.09987 1.38547 1.44903 1.12177 0.56723 0.19403 0.06762 0.00000 0.00000 0.00000 0.00000 0.62915 1.12361 1.80291 3.22492 4.53147 4.70901 3.67358 2.31876 1.41304 0.78717 0.25656
0.29353 0.30985 0.74742 1.94084 2.78764 3.77280 8.06991 19.15743 25.79231 13.68841 10.15402 21.06676 30.11517 27.91373 29.28241 32.28259 9.96250 2.28115 0.95069 0.21601 0.00000 0.00000 0.00000 0.00000 0.00000 0.00000 0.06818 1.64575 2.86337 3.29292 2.38775 0.79469 0.35574 0.26152 0.19718 0.18148 0.24362 0.47481 0.95361 1.38326 1.52014 1.24437 0.57434 0.13508 0.02554 0.00000 0.00000 0.00000 0.00000 0.48044 1.19866 1.49046 1.64966 1.57168 1.47061 1.41332 1.32151 1.20398 0.54066 0.00000
1.31105 2.17125 3.38427 4.74713 5.17000 5.74030 9.47556 18.55096 24.35574 14.23252 7.67495 8.76661 13.11389 12.25264 9.33019 10.52242 5.34059 1.26116 0.11482 0.00000 0.00000 0.00000 0.00000 0.00000 0.00000 0.00000 0.66422 2.47631 3.99699 4.67911 3.82054 2.12682 0.73002 0.45920 0.27958 0.16823 0.11382 0.21818 0.76505 1.36332 1.50010 1.24944 0.59802 0.13671 0.02557 0.00000 0.00000 0.00000 0.00000 0.67827 1.11010 1.15130 0.86565 0.40495 0.20937 0.29307 0.86393 0.96819 0.49871 0.10457
4.05765 6.36571 8.11804 8.30921 6.81683 4.87109 5.04063 7.53857 10.59771 10.03806 6.30808 2.99269 3.54522 5.72259 5.42306 4.10118 1.69185 0.00000 0.00000 0.00000 0.03269 0.00000 0.00000 0.00000 0.00000 0.54796 1.86836 3.68878 5.69786 6.86138 5.93323 3.45540 1.37608 0.92926 0.64744 0.42250 0.24571 0.26989 0.72830 1.22361 1.33648 1.08391 0.57797 0.21749 0.06820 0.00000 0.00000 0.04880 0.19063 0.55203 0.67806 0.65516 0.34002 0.06291 0.00000 0.00000 0.21648 0.43249 0.64613 0.60661
5.66952 8.96045 10.27800 9.00260 5.70709 2.58947 1.21495 1.57888 3.45986 7.73542 9.97249 8.31761 4.87773 3.36053 3.60268 2.82492 0.99124 0.00000 0.30350 0.76083 0.22580 0.05953 0.00000 0.00000 0.14426 1.14719 3.10750 5.50670 8.24453 10.60833 8.84331 4.73426 1.99611 1.65859 1.55020 1.43244 1.34385 1.41407 1.64231 1.56646 1.16555 0.59099 0.26093 0.16116 0.03893 0.00000 0.11246 0.14225 0.20475 0.29532 0.42396 0.45072 0.11315 0.00000 0.02395 0.22962 0.32189 0.24515 0.49295 1.45212
5.43784 7.27961 6.52191 4.33970 2.75571 1.38273 0.43371 0.53345 2.62957 10.19461 19.63161 20.40957 13.42347 5.14612 2.39221 3.26512 1.50347 1.26120 3.49188 1.91430 0.98056 0.17355 0.00000 0.00000 0.28210 1.52426 4.72192 11.14843 16.77686 16.77970 11.69434 6.13480 3.16475 2.27137 2.38187 2.65337 3.09913 3.36788 3.06465 2.33329 1.11946 0.28451 0.05886 0.05496 0.00000 0.12237 0.15446 0.12317 0.13209 0.13499 0.19753 0.26522 0.16971 0.05931 0.34726 0.54372 0.56755 0.49054 0.85558 2.11805
6.49095 5.20504 3.27956 1.16975 1.22684 1.53622 1.50304 1.91864 4.71417 12.35462 25.60446 35.44847 25.64566 12.02061 7.02514 8.19621 4.58926 4.69169 13.77643 11.13168 4.62057 0.69368 0.14788 0.06387 0.53427 5.69926 12.71854 20.37547 19.91295 16.85277 10.67568 5.43650 3.06794 2.29823 2.37317 2.72335 3.46576 3.98270 3.46651 2.61641 1.33798 0.40186 0.13491 0.06801 0.21357 0.28287 0.22900 0.17399 0.13308 0.16481 0.18116 0.20623 0.35398 0.54419 0.77963 0.98628 1.25067 1.40081 1.81034 2.69084
5.95057 4.92210 4.02972 2.76201 2.61839 3.21399 3.77032 4.25805 5.56646 8.12065 15.25004 25.40075 27.95331 14.25386 5.30051 7.05937 3.88010 2.40323 9.19002 11.41177 6.78090 2.24033 1.16500 1.18526 3.29751 15.67441 35.88858 48.45761 36.35758 19.50020 9.92490 4.70022 2.85303 2.20236 2.30181 2.75523 3.68333 3.90684 3.27755 2.61757 1.74094 0.77771 0.32149 0.26245 0.30969 0.32291 0.29159 0.25362 0.29873 0.44889 0.45889 0.46737 0.39861 0.71237 1.27606 1.70370 1.89013 1.98073 2.28946 3.02607
6.56851 6.92935 6.91629 5.97582 5.10008 5.40029 5.98885 6.26796 6.31511 5.56224 10.12068 24.79664 39.86676 22.66315 8.06699 4.09505 1.92123 1.22898 1.25027 2.15548 1.67353 0.69266 1.01842 1.33180 4.82574 17.19018 40.06364 66.98220 64.29041 29.27191 7.52160 3.56552 3.06452 2.60550 2.46582 3.22504 4.66251 4.51420 3.02177 2.75172 2.19143 1.10331 0.36982 0.27213 0.28864 0.31391 0.55654 0.74148 0.72187 0.72396 0.85050 0.90513 0.82309 0.94750 1.88023 2.42124 2.60881 2.25913 2.14482 3.11370
11.34694 14.59897 14.21021 9.61416 5.44206 5.49985 7.23147 8.99287 11.51120 15.98072 22.98736 35.64009 43.91872 29.20591 15.09415 6.68504 3.19181 2.55916 0.25069 0.17348 0.08770 0.00000 0.00000 0.00000 0.00000 6.80456 14.93065 31.43980 37.34975 18.14366 4.05383 2.77285 4.98663 5.54990 3.55757 5.02168 11.25130 8.06179 4.11140 4.50031 3.06121 1.34379 0.11786 0.13203 0.21313 0.40114 0.73666 0.85942 0.74684 0.54408 0.56541 0.63721 0.88035 1.01087 2.10131 3.38370 3.73618 3.51044 2.17574 2.34026
18.24844 23.70942 22.41842 13.33747 4.59669 6.71865 12.08511 13.95435 14.07895 16.85979 20.28674 21.87148 25.55440 22.36575 16.35122 11.93520 10.19302 7.31741 2.57250 0.00000 0.00000 0.00000 0.00000 0.00000 0.00000 1.39891 1.91663 7.25232 10.60341 4.24169 1.62750 4.05113 8.55599 8.49437 3.86194 5.79992 20.68101 21.06831 14.07608 7.80657 3.80679 0.53967 0.00000 0.00000 0.00000 0.00000 0.23143 0.56956 0.48292 0.25020 0.22173 0.30052 0.50500 1.11091 2.13215 3.12300 3.09327 2.61000 1.71118 1.84497
20.41108 26.84872 27.16900 21.20808 14.70877 19.04900 24.53558 20.34923 13.21662 11.87746 11.39206 9.54019 11.19347 12.80098 13.35694 15.92273 17.08519 13.49852 4.70910 0.00000 0.00000 0.00000 0.00000 0.00000 0.00000 0.00000 0.15097 0.61324 0.26130 0.00000 0.36980 2.86170 5.10328 5.44235 4.22351 4.11715 5.39820 12.26087 11.77977 6.37175 1.32576 0.00000 0.00000 0.00000 0.00000 0.00000 0.00000 0.03273 0.02911 0.03518 0.13977 0.20928 0.30579 0.78892 1.59733 2.00656 1.83074 1.48323 1.30714 1.50267
17.18979 28.91565 35.63835 34.64728 29.11610 34.42587 35.86393 22.36998 11.81822 8.68062 8.42642 7.06682 4.32073 5.04993 9.17314 16.14301 22.14351 15.51186 5.56226 0.09906 0.00000 0.00000 0.00000 0.00000 0.00000 0.00000 0.00000 0.00000 0.00000 0.00000 0.00000 0.22915 0.98099 1.75779 2.73552 2.82632 2.23902 2.79476 3.35663 1.80346 0.00000 0.02792 0.54698 1.01878 0.39648 0.02838 0.00000 0.00000 0.00000 0.00000 0.00000 0.13572 0.71778 1.34103 1.84140 1.67501 1.12098 0.85041 0.97750 1.33297
11.59432 29.33097 41.89906 40.80952 31.91412 27.89262 25.34039 15.34193 8.04900 5.88326 8.67104 9.63644 4.69233 2.46944 6.43614 11.53143 15.50859 17.91963 12.05300 3.80685 0.61583 0.51944 1.01693 1.39743 0.20617 0.00000 0.00000 0.00000 0.00000 0.00000 0.00000 0.00000 0.00000 0.05403 0.23379 0.54276 1.10683 0.75179 0.02083 0.02083 0.02715 1.78860 8.32737 13.45692 9.92942 1.86948 0.00000 0.00000 0.00000 0.00000 0.00000 0.00000 0.94948 2.75170 2.72447 1.86328 0.96984 0.54621 0.60476 1.23610
8.20792 23.04967 30.66239 26.95871 22.02695 12.41560 8.65473 6.62261 4.71474 5.36020 12.78444 20.67734 13.95996 7.68479 8.78067 12.90409 25.41000 33.34844 25.14244 12.97512 5.14274 3.43839 5.29418 4.49976 1.24703 0.00000 0.00000 0.00000 0.00000 0.00000 0.00000 0.00000 0.00000 0.00000 0.00000 0.00000 0.09382 0.09190 0.00000 0.00000 0.08902 6.62819 19.37576 31.78603 26.81526 6.11897 0.00000 0.00000 0.00000 0.00000 0.00000 0.45849 3.16313 5.20643 4.74592 3.38278 1.35977 0.55882 0.44753 1.40947
5.55295 16.96642 21.77793 18.01708 10.08347 4.75091 2.61127 2.04424 5.27791 10.50712 15.05746 19.17454 14.94650 10.79461 13.31396 18.54279 35.36044 47.92933 37.15682 19.97353 10.04074 5.80641 10.66468 6.08283 1.94472 0.19559 0.00000 0.00000 0.00000 0.05753 0.43846 0.62950 0.77598 0.20494 0.00000 0.00000 0.00000 0.13672 0.03914 0.11299 0.09221 5.39426 19.96625 39.07383 27.25387 5.68546 0.03234 0.00000 0.00000 0.00000 0.16785 2.32502 5.57842 7.97384 8.51820 8.61238 4.48781 2.06832 1.00850 2.23024
0.00000 3.44169 9.00319 3.73117 1.44420 0.99489 0.84836 1.31304 4.80566 9.75587 11.45128 10.39744 7.11649 5.46820 10.44939 17.79935 28.93091 35.22733 30.62256 18.73594 10.51695 7.64692 11.28672 5.74031 2.80733 3.52687 3.25731 1.53553 0.97884 3.04037 5.33820 6.71747 6.15159 2.79664 0.36444 0.15029 0.12765 0.75734 0.98514 0.70028 0.58121 3.05286 7.11567 8.70391 12.15894 6.09840 0.70030 0.02489 0.00000 0.00000 0.55342 3.30421 7.55191 9.53992 9.95858 15.13916 10.97205 5.23979 1.80353 2.09132
0.27767 0.02767 0.00000 0.00000 0.00000 0.00000 0.04445 0.91040 4.99097 9.07209 8.27814 4.83427 0.90569 1.18045 6.08217 16.65843 21.96653 20.60738 17.48242 11.95790 8.25803 9.12269 9.61882 8.18892 7.97997 12.16524 13.09778 7.94013 5.58692 9.87884 14.65566 13.59933 10.02790 5.25864 1.50096 1.27342 4.07206 3.74300 2.17793 1.43349 1.18941 3.10740 5.06988 5.11629 6.23374 4.60555 2.13092 0.66181 0.00000 0.00000 0.53737 2.94621 7.94496 10.98979 12.93500 14.23882 11.60921 5.23741 1.36905 1.36266
0.39402 0.88949 0.67759 0.10825 0.49400 0.23254 0.00000 0.81193 5.12717 8.24878 6.60238 2.02346 0.13102 0.53152 3.60527 14.98277 16.11474 12.49451 9.07192 5.18162 5.03203 10.02108 11.04083 9.66507 11.63034 19.81646 24.47937 17.85451 13.32199 16.03744 20.91158 15.83938 10.72085 5.39559 1.91400 2.91486 6.23033 8.10674 4.64453 4.21850 5.29295 8.89355 3.56604 2.75508 5.85977 4.56786 1.65432 0.62232 0.26313 0.12023 0.45244 1.85823 5.36226 8.30321 8.75740 7.60479 7.49441 3.83177 1.22154 1.45626
1.45960 2.69365 1.54844 0.32849 0.70110 0.42603 0.00000 0.36861 3.00423 3.77528 2.02784 0.36056 0.02243 0.62263 2.68368 5.17765 7.25458 7.88272 8.02179 7.89108 6.93828 18.55947 20.53693 11.42101 10.64141 19.05085 22.76724 17.35606 13.14759 14.48056 14.59568 10.62226 7.05789 5.82736 5.46939 3.49940 4.88073 8.30999 8.37907 7.70442 10.86168 31.47098 9.63087 2.34352 6.95515 6.01799 2.57924 0.66630 0.34406 0.27867 0.59193 1.45771 2.87903 4.26297 4.36645 3.15877 4.08214 2.61104 1.27099 1.27279
2.57160 4.68034 2.51651 1.06511 1.42153 2.23356 1.76611 1.74057 1.17026 0.79386 0.15544 0.00000 0.00000 0.38105 1.37659 2.04673 6.35808 13.36409 17.00058 21.43152 33.56878 59.10345 39.78529 21.45614 15.82267 17.37892 15.91956 9.75261 8.50257 10.09426 7.61741 5.25166 3.94793 4.12545 6.36117 4.60324 5.72905 10.89262 9.50569 6.94924 7.71452 20.98317 10.03756 1.60895 4.50348 5.90937 3.88939 1.10134 0.35173 0.31281 0.53536 1.49025 2.21886 2.45731 2.52158 2.39704 2.87430 2.64613 1.96084 2.38537
1.69655 2.25533 1.22824 1.66390 3.76673 11.20830 12.66003 6.96010 2.15302 0.44839 0.00000 0.10740 0.44529 0.24779 0.94035 2.31191 11.62944 29.47913 35.64357 31.35014 40.73058 60.60517 35.86075 21.58202 17.52464 15.83401 18.87346 21.77742 19.68754 11.08650 3.38327 1.42561 1.44183 1.17195 2.35088 4.04830 6.33125 9.64724 8.82513 6.18798 5.79441 -99999.00000 -99999.00000 0.61917 2.56737 4.24015 4.00934 1.65259 0.38349 0.30862 0.44237 1.19664 1.49218 1.40996 1.32039 1.48101 2.89218 4.52753 4.64607 5.43919
0.13282 0.48362 1.14341 3.63721 11.41273 30.53522 29.59450 11.59949 2.01751 0.49221 0.13565 1.91156 4.55156 3.90482 1.37436 2.31255 18.03194 54.32177 68.75067 35.84495 21.31297 22.78815 12.91157 13.83455 14.22977 13.19234 17.10033 27.41600 23.91228 9.72659 2.34337 0.63098 1.00872 1.18747 1.54090 -99999.00000 -99999.00000 -99999.00000 -99999.00000 -99999.00000 -99999.00000 -99999.00000 -99999.00000 4.10920 3.82944 3.36899 3.15839 2.04160 0.70239 0.32520 0.30225 0.50499 0.59691 0.70468 0.93915 1.84647 4.38811 6.96112 7.62538 7.25884
0.00000 0.25305 1.59902 6.36208 -99999.00000 28.62530 28.04214 14.83946 2.27757 0.82174 2.28436 7.07401 12.27170 6.64295 2.15007 1.71650 9.63174 36.12543 54.49093 23.04375 11.96395 11.16497 8.34608 10.53789 10.71112 7.47451 6.97959 10.34924 8.04693 3.58455 1.10752 0.48696 1.11631 2.12813 -99999.00000 -99999.00000 -99999.00000 -99999.00000 -99999.00000 -99999.00000 -99999.00000 -99999.00000 -99999.00000 -99999.00000 2.94848 2.52458 2.33950 2.08476 1.35642 0.51975 0.20024 0.18119 0.17437 0.22841 1.11631 2.57041 4.89695 7.84725 9.58222 8.89955
-99999.00000 -99999.00000 -99999.00000 -99999.00000 -99999.00000 37.26809 35.48420 16.54870 4.27391 2.17977 4.36535 9.24443 14.69308 9.80864 4.87783 4.10634 9.45854 23.54077 31.99741 18.47425 11.04348 10.89317 10.89257 10.99844 9.23928 3.44146 1.04920 2.04341 1.34125 1.09708 0.96701 1.12122 0.98301 1.31297 -99999.00000 -99999.00000 -99999.00000 -99999.00000 -99999.00000 -99999.00000 -99999.00000 -99999.00000 -99999.00000 -99999.00000 -99999.00000 1.96274 1.95227 1.89275 1.56428 0.78408 0.33213 0.22405 0.23704 0.46755 1.07412 1.63124 3.32068 6.93992 10.81143 11.85809
