DATA/RAW-RASTER/CPC/2017/20170803.asc
ncols			60
nrows			40
xllcorner		70.0
yllcorner		20.0
cellsize		0.5
NODATA_value	-99999
0.23650 0.52435 0.85529 0.87801 0.61035 0.30388 0.06559 0.03884 0.52322 1.58762 2.57447 2.60959 2.29561 1.71795 0.98670 0.37071 0.08828 0.00000 0.00000 0.00000 0.00000 0.00000 0.00000 0.00000 0.00000 0.00000 0.00000 0.00000 0.00000 0.00000 0.00000 0.00000 0.00000 0.00000 0.00000 0.00000 0.00000 0.00000 0.00000 0.00000 0.00000 0.00000 0.00000 0.00000 0.00000 0.00000 0.00000 0.00000 0.00000 0.00000 0.00000 0.00000 0.00000 0.00000 0.00000 0.00000 0.00000 0.00000 0.00000 0.00000
0.22728 0.59263 1.29671 1.46325 0.87125 0.33566 0.03827 0.00000 0.40033 1.27677 2.02600 2.09263 1.91035 1.35589 0.72147 0.31581 0.07943 0.00000 0.00000 0.00000 0.00000 0.00000 0.00000 0.00000 0.00000 0.00000 0.00000 0.00000 0.00000 0.00000 0.00000 0.00000 0.00000 0.00000 0.00000 0.00000 0.00000 0.00000 0.00000 0.00000 0.00000 0.00000 0.00000 0.00000 0.00000 0.00000 0.00000 0.00000 0.00000 0.00000 0.00000 0.00000 0.00000 0.00000 0.00000 0.00000 0.00000 0.00000 0.00000 0.00000
0.00000 0.24444 0.63709 0.79974 0.52676 0.14948 0.00000 0.00000 0.10178 0.67741 1.53972 1.72079 1.25660 0.68192 0.30441 0.17601 0.10425 0.00000 0.00000 0.00000 0.00000 0.00000 0.00000 0.00000 0.00000 0.00000 0.00000 0.00000 0.00000 0.00000 0.00000 0.00000 0.00000 0.00000 0.00000 0.00000 0.00000 0.00000 0.00000 0.00000 0.00000 0.00000 0.00000 0.00000 0.00000 0.00000 0.00000 0.00000 0.00000 0.00000 0.00000 0.00000 0.00000 0.00000 0.00000 0.00000 0.00000 0.00000 0.00000 0.00000
0.00000 0.02525 0.14345 0.22153 0.11335 0.00000 0.00000 0.00000 0.00000 0.21832 0.72670 1.03135 0.73992 0.30140 0.12649 0.07795 0.00000 0.00000 0.00000 0.00000 0.00000 0.00000 0.00000 0.00000 0.00000 0.00000 0.00000 0.00000 0.00000 0.00000 0.00000 0.00000 0.00000 0.00000 0.00000 0.00000 0.00000 0.00000 0.00000 0.00000 0.00000 0.00000 0.00000 0.00000 0.00000 0.00000 0.00000 0.00000 0.00000 0.00000 0.00000 0.00000 0.00000 0.00000 0.00000 0.00000 0.00000 0.03148 0.08588 0.11587
0.00000 0.00000 0.00000 0.00000 0.00000 0.00000 0.00000 0.00000 0.00000 0.06132 0.32695 0.48613 0.39551 0.20002 0.09235 0.00000 0.00000 0.00000 0.00000 0.00000 0.00000 0.00000 0.00000 0.00000 0.00000 0.00000 0.00000 0.00000 0.00000 0.00000 0.00000 0.00000 0.00000 0.00000 0.00000 0.00000 0.00000 0.00000 0.00000 0.00000 0.00000 0.00000 0.00000 0.00000 0.00000 0.00000 0.00000 0.00000 0.00000 0.00000 0.00000 0.00000 0.00000 0.00000 0.00000 0.00000 0.00000 0.06182 0.24059 0.38304
0.00000 0.00000 0.00000 0.00000 0.00000 0.00000 0.00000 0.00000 0.00000 0.00000 0.08431 0.19532 0.24938 0.13986 0.06460 0.00000 0.00000 0.00000 0.00000 0.00000 0.00000 0.00000 0.00000 0.00000 0.00000 0.00000 0.00000 0.00000 0.00000 0.00000 0.00000 0.00000 0.00000 0.00000 0.00000 0.00000 0.00000 0.00000 0.00000 0.00000 0.00000 0.00000 0.00000 0.00000 0.00000 0.00000 0.00000 0.00000 0.00000 0.00000 0.00000 0.00000 0.00000 0.00000 0.00000 0.00000 0.00000 0.04826 0.22638 0.35212
0.00000 0.00000 0.00000 0.00000 0.00000 0.00000 0.00000 0.00000 0.00000 0.00000 0.00000 0.04279 0.09780 0.03192 0.03920 0.00000 0.00000 0.00000 0.00000 0.00000 0.00000 0.00000 0.00000 0.00000 0.00000 0.00000 0.00000 0.00000 0.00000 0.00000 0.00000 0.00000 0.00000 0.00000 0.00000 0.00000 0.00000 0.00000 0.00000 0.00000 0.00000 0.00000 0.00000 0.00000 0.00000 0.00000 0.00000 0.00000 0.00000 0.00000 0.00000 0.00000 0.00000 0.00000 0.00000 0.00000 0.00000 0.00000 0.11722 0.27849
0.00000 0.30386 0.23029 0.08955 0.32356 0.54745 0.58497 0.19129 0.00000 0.00000 0.00000 0.00000 0.00000 0.00000 0.00000 0.00000 0.00000 0.00000 0.00000 0.00000 0.00000 0.02106 0.03598 0.05764 0.09007 0.13160 0.15520 0.12207 0.12945 0.03607 0.00000 0.00000 0.00000 0.00000 0.00000 0.00000 0.00000 0.00000 0.00000 0.00000 0.00000 0.00000 0.00000 0.00000 0.00000 0.00000 0.00000 0.00000 0.00000 0.00000 0.00000 0.00000 0.00000 0.00000 0.00000 0.00000 0.00000 0.00000 0.00000 0.18284
0.49610 1.98588 1.85116 1.08171 2.02217 2.09222 1.09858 0.06551 0.00000 0.00000 0.00000 0.00000 0.00000 0.00000 0.00000 0.00000 0.00000 0.12490 0.14127 0.14638 0.16313 0.19847 0.25476 0.33194 0.42776 0.53651 0.65345 0.75707 0.78473 0.60047 0.14269 0.00000 0.00000 0.00000 0.00000 0.00000 0.00000 0.00000 0.00000 0.00000 0.00000 0.00000 0.00000 0.00000 0.00000 0.00000 0.00000 0.00000 0.00000 0.00000 0.00000 0.00000 0.00000 0.00000 0.00000 0.00000 0.00000 0.00000 0.00000 0.19563
2.40245 5.50466 7.81236 9.93114 7.73014 5.06569 2.26050 0.15487 0.09576 0.00000 0.00000 0.00000 0.00000 0.00000 0.00000 0.00000 0.42395 1.09476 1.25010 1.25952 1.30883 1.45455 1.58690 1.69019 1.84558 2.01139 2.23727 2.43912 2.43480 2.03282 1.24689 0.07218 0.00000 0.00000 0.00000 0.00000 0.00000 0.00000 0.00000 0.00000 0.00000 0.00000 0.00000 0.00000 0.00000 0.00000 0.00000 0.00000 0.00000 0.05379 0.19709 0.30412 0.30258 0.08298 0.00000 0.00000 0.00000 0.00000 0.00000 0.05365
3.21656 6.88629 12.66889 13.00141 6.16473 2.61222 0.33401 0.00000 0.11708 0.00000 0.00000 0.00000 0.00000 0.00000 0.22321 0.90108 4.80872 7.24314 8.02429 8.67862 8.84596 8.55494 8.02155 6.59247 5.89167 6.79709 7.67949 8.04058 7.60388 6.17289 3.81958 0.97432 0.00000 0.00000 0.00000 0.00000 0.00000 0.00000 0.00000 0.00000 0.00000 0.00000 0.00000 0.00000 0.00000 0.00000 0.00000 0.00000 0.03250 0.36414 0.55479 0.60835 0.53946 0.29479 0.00000 0.00000 0.00000 0.00000 0.00000 0.00000
5.73351 6.76290 8.97972 7.46439 2.07650 0.12952 0.00000 0.02025 0.13333 0.00000 0.00000 0.00000 0.11453 0.29699 0.62749 1.86233 6.76141 12.86246 15.27746 16.19351 16.00730 16.08093 15.86399 15.09932 13.32796 12.83685 12.69317 12.46365 11.77794 8.98393 4.71744 1.60104 0.09671 0.00000 0.00000 0.00000 0.00000 0.00000 0.00000 0.00000 0.00000 0.00000 0.00000 0.00000 0.00000 0.00000 0.00000 0.00000 0.20015 0.47777 0.61646 0.66859 0.60970 0.41058 0.04798 0.00000 0.00000 0.00000 0.00000 0.00000
10.40910 9.10438 7.95771 4.43492 2.48442 1.95819 1.05701 0.09368 0.27430 0.02831 0.12376 0.34365 0.38712 0.53320 1.07260 2.88173 7.27696 12.18619 15.48707 16.48931 16.04336 16.76568 16.90791 16.43113 15.73739 14.96854 15.33756 15.09346 13.18387 9.62693 4.20949 1.05883 0.02357 0.00000 0.00000 0.00000 0.00000 0.00000 0.00000 0.00000 0.00000 0.00000 0.00000 0.00000 0.00000 0.00000 0.00000 0.02118 0.29004 0.45173 0.53328 0.55283 0.44885 0.13765 0.00000 0.00000 0.00000 0.00000 0.00000 0.00000
8.84487 7.96020 6.13519 3.45422 1.92686 1.60282 1.02852 0.08753 0.03410 0.11515 0.52541 0.60566 0.97155 2.09763 3.80341 6.07816 10.32754 13.78958 15.66236 16.33062 16.76818 16.80785 17.24003 16.69080 16.09642 15.90478 16.78929 15.49480 13.73285 8.82302 3.28706 0.50214 0.00000 0.00000 0.00000 0.00000 0.00000 0.00000 0.00000 0.00000 0.00000 0.00000 0.00000 0.00000 0.00000 0.00000 0.00000 0.07658 0.24532 0.33970 0.37943 0.37329 0.12986 0.00000 0.00000 0.00000 0.00000 0.00000 0.00000 0.00000
4.43725 3.34433 2.14394 0.50239 0.11089 0.14735 0.00000 0.00000 0.00000 0.00000 0.02771 0.50324 2.96681 5.78583 9.27253 9.72207 11.82547 12.67343 14.84602 16.41117 18.09247 17.45984 17.12958 16.38284 15.71964 15.52766 15.58271 14.48926 11.85381 6.78926 1.63348 0.04899 0.00000 0.00000 0.00000 0.00000 0.00000 0.00000 0.00000 0.00000 0.00000 0.00000 0.00000 0.00000 0.00000 0.00000 0.00000 0.00000 0.11973 0.25148 0.27738 0.25728 0.07625 0.00000 0.00000 0.00000 0.29843 0.37280 0.07678 0.00000
1.00836 0.60572 0.36348 0.02782 0.00000 0.00000 0.00000 0.00000 0.00000 0.00000 0.12430 5.77745 6.93226 12.49148 16.91919 18.95862 9.89852 8.54966 13.35555 16.26846 17.06065 16.84710 16.71067 16.39185 16.27369 15.33162 13.58566 11.11392 8.70830 4.65575 0.78544 0.00000 0.00000 0.00000 0.00000 0.00000 0.00000 0.00000 0.00000 0.00000 0.00000 0.00000 0.00000 0.00000 0.00000 0.00000 0.00000 0.00000 0.00000 0.10435 0.13471 0.11106 0.02811 0.00000 0.00000 0.40061 0.91161 0.88479 0.37859 0.03726
0.07874 0.00000 0.00000 0.00000 0.00000 0.00000 0.00000 0.00000 0.00000 0.00000 3.23106 16.36756 28.30547 31.16462 17.86509 22.14300 9.70331 5.32909 8.48461 13.52031 15.89808 16.19149 14.94749 13.91480 12.64877 10.40285 8.24530 7.20417 6.26755 3.32674 1.99105 0.32406 0.00000 0.00000 0.00000 0.00000 0.00000 0.00000 0.00000 0.00000 0.00000 0.00000 0.00000 0.00000 0.00000 0.00000 0.00000 0.00000 0.00000 0.03310 0.00000 0.00000 0.00000 0.00000 0.00000 0.45184 1.09700 1.22581 0.72116 0.27083
0.00000 0.00000 0.00000 0.00000 0.00000 0.00000 0.00000 0.00000 0.00000 0.36787 3.58328 11.59344 26.49399 36.43564 33.28308 25.92721 12.39808 5.09133 5.08569 7.31148 9.92048 11.27069 9.72757 7.77286 5.53628 3.93533 3.35219 3.90373 4.22313 4.29198 3.23767 1.38024 0.07135 0.00000 0.00000 0.00000 0.00000 0.00000 0.00000 0.00000 0.00000 0.00000 0.00000 0.00000 0.00000 0.05858 0.13936 0.17767 0.21949 0.22696 0.06738 0.00000 0.00000 0.00000 0.00000 0.07847 0.92280 1.22175 0.85300 1.10796
0.00000 0.00000 0.00000 0.00000 0.00000 0.00000 0.00000 0.00000 0.00000 0.22006 1.50430 2.60390 11.20756 32.01609 46.57333 38.52330 23.60783 7.05802 5.21733 5.16619 4.00121 4.02295 3.50144 2.59794 1.76085 1.43394 2.11001 3.88737 6.24283 7.60181 6.29631 3.27364 0.60484 0.03361 0.00000 0.00000 0.00000 0.00000 0.00000 0.00000 0.00000 0.00000 0.00000 0.02486 0.12634 0.55180 0.80570 1.01070 1.08702 0.89847 0.47954 0.22336 0.12035 0.02319 0.00000 0.00000 0.27787 0.79885 1.79735 3.38123
0.00000 0.00000 0.00000 0.00000 0.00000 0.00000 0.00000 0.00000 0.00000 0.04261 0.55320 1.44791 3.65826 12.98291 29.08797 40.08691 29.86606 8.41824 9.25458 8.79956 3.38537 1.58938 1.23304 0.94839 0.75118 1.33369 2.92153 5.35653 8.99222 11.45897 10.68994 6.14139 1.63608 0.42466 0.03071 0.00000 0.03134 0.02549 0.04915 0.03148 0.00000 0.00000 0.15222 0.63567 1.41552 2.01557 2.22008 2.29015 2.61697 2.19441 1.55907 0.87730 0.40424 0.13529 0.00000 0.02321 0.27042 0.45980 1.58450 5.58028
0.00000 0.00000 0.00000 0.00000 0.00000 0.00000 0.00000 0.00000 0.00000 0.00000 0.03566 0.44670 1.08386 2.52262 6.23112 13.78976 20.83079 17.75385 13.92393 12.76634 5.10646 1.82540 1.53418 1.18604 0.82122 1.45533 3.70998 8.38139 13.13287 15.55936 14.62286 9.37610 3.99973 1.34191 0.78116 0.78427 0.59939 0.31439 0.27010 0.29782 0.00000 0.10853 0.27553 1.51510 3.97422 5.04887 3.86472 3.07799 3.39793 2.71857 2.23085 1.50701 0.77239 0.33614 0.00000 0.05975 0.24529 0.41838 1.64667 5.57138
0.00000 0.00000 0.00000 0.00000 0.00000 0.00000 0.00000 0.00000 0.00000 0.00000 0.00000 0.00000 0.00000 0.05559 0.28355 3.67516 8.61816 11.18531 19.00303 16.48482 7.97460 3.08845 3.47172 2.39131 1.89750 4.85798 8.59027 13.05862 14.28319 15.61643 14.32924 9.94710 4.99415 1.69038 1.13651 1.77552 1.67323 0.81058 0.74272 1.00636 0.92350 0.84468 1.45748 4.03249 8.27737 9.02999 6.27539 4.26164 3.24143 3.24381 2.29062 1.34276 0.84189 0.35739 0.15583 0.17922 0.32586 0.69104 1.92678 4.22177
0.00000 0.00000 0.00000 0.00000 0.00000 0.00000 0.00000 0.00000 0.00000 0.00000 0.00000 0.00000 0.00000 0.00000 0.00000 0.18302 1.26228 2.61793 9.64114 12.10476 8.53896 5.96178 6.90017 7.45288 7.65194 12.89172 22.64412 28.73506 24.04051 18.13504 15.57590 12.14005 7.10338 2.49484 1.77487 4.61338 6.05980 4.60312 3.37720 3.10487 2.95186 3.00763 4.85708 8.31122 11.21555 11.17914 7.86604 5.16176 4.42095 4.35905 2.17336 1.08543 0.48783 0.27598 0.13567 0.14938 0.20902 0.34653 1.18095 3.12455
0.00000 0.00000 0.00000 0.00000 0.00000 0.00000 0.00000 0.00000 0.00000 0.00000 0.00000 0.00000 0.00000 0.00000 0.00000 0.00000 0.00000 0.98524 2.25199 3.23132 3.03152 4.71470 6.77862 8.09352 9.94026 15.72566 27.73053 41.68971 46.08812 36.27735 20.69216 16.28734 13.47961 9.65161 8.54292 11.71508 13.65508 11.61351 7.61892 6.82847 6.22181 5.19470 6.26271 9.08638 10.25945 9.84860 13.03111 12.00162 5.92134 2.28220 0.76909 0.42251 0.32661 0.14566 0.05388 0.11403 0.14069 0.18639 0.64379 2.38029
0.00000 0.00000 0.00000 0.00000 0.00000 0.00000 0.00000 0.00000 0.00000 0.00000 0.00000 0.00000 0.00000 0.00000 0.00000 0.00000 0.00000 0.12947 0.34753 0.28538 0.48923 1.47150 3.29996 4.44183 8.41945 12.89062 17.28333 30.78069 51.28444 59.42436 42.65654 28.06667 25.55821 26.71663 22.38046 26.02182 30.02942 18.97703 11.69775 12.78801 9.24697 6.93224 5.12025 5.01295 7.42680 13.47564 18.21297 11.75833 3.44964 0.00000 0.00000 0.00000 0.02149 0.00000 0.05999 0.18367 0.32510 0.52916 0.79453 1.77662
0.00000 0.00000 0.00000 0.00000 0.00000 0.00000 0.00000 0.00000 0.00000 0.00000 0.00000 0.00000 0.00000 0.00000 0.00000 0.00000 0.00000 0.00000 0.00000 0.00000 0.00000 0.07392 1.49404 3.41219 6.84668 11.23495 14.96812 27.65074 61.84781 93.22826 81.83995 53.33889 40.10680 35.68454 33.19408 45.36904 52.70130 37.58555 28.27985 17.56118 10.18161 7.12192 5.62371 4.43109 7.58437 14.07024 19.99389 13.08738 2.52414 0.93520 0.03737 0.00000 0.00000 0.00000 0.12841 0.72631 1.08770 1.38007 1.53657 1.81874
0.00000 0.00000 0.00000 0.00000 0.00000 0.00000 0.00000 0.00000 0.00000 0.00000 0.00000 0.00000 0.00000 0.00000 0.00000 0.00000 0.00000 0.00000 0.00000 0.00000 0.00000 0.00000 0.03256 1.99456 5.84852 10.04215 14.74748 24.52370 50.28131 78.56662 86.10546 59.60966 33.96525 22.65252 21.82505 29.12375 20.04941 22.46700 20.27485 11.24593 7.08119 5.40593 3.52980 3.59397 4.47964 11.23059 19.12928 23.31971 10.90464 6.94304 4.18792 1.08572 0.28476 0.00000 0.59445 1.70478 2.20935 2.71061 3.24911 3.16976
0.00000 0.00000 0.00000 0.00000 0.00000 0.00000 0.00000 0.00000 0.00000 0.00000 0.00000 0.00000 0.00000 0.00000 0.00000 0.00000 0.00000 0.00000 0.00000 0.00000 0.00000 0.00000 0.00000 0.40472 3.67648 6.42126 11.22653 18.05746 28.75028 45.65237 66.68443 50.93373 19.71859 6.92453 6.62054 10.59637 7.32614 8.36709 5.44150 2.84950 4.31695 6.12301 2.65304 2.27424 5.32565 9.13283 12.52462 21.66498 22.43011 14.24878 10.10295 6.84725 1.84011 0.72755 1.19575 2.11270 2.54969 3.07806 4.43220 6.05531
0.00000 0.00000 0.00000 0.00000 0.00000 0.00000 0.00000 0.00000 0.00000 0.00000 0.00000 0.00000 0.00000 0.00000 0.00000 0.00000 0.00000 0.30031 1.58745 0.84209 0.00000 0.00000 0.00000 0.02445 0.84251 1.70404 5.09977 12.06281 20.63445 38.08069 75.11420 56.76186 21.50359 9.13019 6.60126 6.84756 6.99213 5.87387 2.12075 4.02308 8.72755 10.14210 6.95001 4.04468 5.82380 4.22489 2.95885 6.38710 7.68396 8.28544 8.60454 5.49574 2.11102 1.25188 1.20105 1.90147 2.32374 2.24538 3.24805 7.64096
0.00000 0.00000 0.00000 0.00000 0.00000 0.00000 0.00000 0.00000 0.00000 0.00000 0.00000 0.00000 0.00000 0.03130 0.06990 0.00000 0.00000 1.44466 5.55566 3.65197 0.48320 0.00000 0.00000 0.00000 0.00000 0.07207 1.61772 9.30773 22.22881 41.21370 56.41221 48.18021 26.82799 17.72673 10.44160 9.26981 10.14687 5.72844 4.86178 14.22427 29.25155 34.52443 22.47967 12.99411 14.74870 8.87924 5.02786 5.68515 4.80255 5.04673 5.61590 3.72814 2.05420 1.37968 1.13117 1.81414 2.31593 1.81004 1.62702 4.72998
0.00000 0.00000 0.00000 0.00000 0.00000 0.00000 0.00000 0.00000 0.00000 0.00000 0.00000 0.00000 0.00000 0.27510 0.63032 0.36567 0.07215 1.00479 4.64309 3.33930 0.53074 0.00000 0.00000 0.00000 0.00000 0.00000 0.64890 6.37424 14.12249 19.43795 25.74278 28.23482 24.33515 17.95298 15.02572 15.35046 18.27915 21.32501 15.97356 32.85878 59.26414 69.66191 54.27996 31.26591 21.20023 17.98683 13.08208 9.88130 8.71929 7.48439 6.62797 4.13828 2.22668 1.59764 1.65274 2.32997 2.21795 1.86151 1.54095 3.64169
0.00000 0.00000 0.00000 0.00000 0.00000 0.00000 0.00000 0.00000 0.00000 0.05963 0.12638 0.00000 0.00000 0.03608 0.36637 0.34024 0.02904 0.45788 1.35365 1.12496 0.22869 0.03371 0.00000 0.00000 0.00000 0.00000 0.05914 1.80883 4.53198 9.29731 12.30991 14.63770 16.34234 19.78591 28.94674 26.82237 22.08270 28.40018 24.88528 58.72371 123.96332 105.83501 41.75343 18.84883 16.32538 21.78875 12.88016 11.57268 9.74117 7.84681 5.95488 3.63388 2.31156 1.68584 1.59439 2.63687 2.42166 2.03161 1.80158 3.60879
0.00000 0.00000 0.00000 0.00000 0.00000 0.00000 0.00000 0.00000 0.30295 0.63415 0.55004 0.11783 0.02784 0.00000 0.12106 0.12742 0.15716 0.00000 0.00000 0.00000 0.19974 0.39417 0.27972 0.06804 0.02262 0.10194 0.16730 0.27599 1.18130 3.16160 4.03893 6.06098 8.53505 15.10942 31.53490 37.89405 22.76740 24.81832 32.96333 68.61362 192.28874 129.79517 24.94233 10.92661 19.82733 27.54369 14.50160 8.30019 5.61134 4.38718 3.13446 2.44752 2.07597 1.79805 2.00593 2.27277 2.09177 1.40898 0.98557 2.82001
0.00000 0.00000 0.00000 0.00000 0.00000 0.00000 0.00000 0.27890 0.85203 1.00180 0.93568 0.66323 0.63483 0.42979 0.77719 1.27255 1.26181 0.12274 0.00000 0.00000 0.24864 1.17971 0.69711 0.32751 0.16768 0.16564 0.20048 0.29379 0.28164 0.83684 1.35561 4.71094 6.81322 6.78037 13.64042 17.37636 18.57892 32.74944 40.04061 45.12898 73.18439 39.20035 5.99561 4.25360 15.49261 19.51434 8.75617 3.79304 2.38807 2.22170 1.86056 1.45914 1.26297 1.32155 1.33277 1.19832 1.49025 1.35158 1.40963 2.99713
0.00000 0.00000 0.00000 0.00000 0.00000 0.00000 0.51534 1.47639 1.34993 1.23869 1.47015 2.94195 2.45771 1.71638 2.61945 4.50348 3.15983 0.93537 0.00000 0.39253 2.67270 2.91314 1.41881 0.42499 0.18903 0.27373 0.34130 0.48803 0.42456 0.75767 3.07857 7.01902 9.19331 6.85996 7.79529 10.88714 20.46521 29.56565 28.42597 26.32793 38.21411 22.39537 4.83834 1.26783 5.97802 9.70215 6.96482 2.70240 1.94133 1.98317 1.75094 1.23620 0.69004 0.66129 0.66856 0.54512 1.28644 2.17627 3.77919 5.91277
0.00000 0.00000 0.00000 0.00000 0.00000 0.40935 2.13520 2.61909 2.09878 1.62148 2.23380 3.04278 2.00550 1.72257 2.60475 2.49310 2.19438 0.60663 0.00000 0.59817 3.11462 3.52428 1.79475 0.69250 0.44402 0.52379 0.78665 0.75359 1.18437 1.62954 2.80595 4.76412 5.24390 4.39022 6.48729 10.05384 23.74041 36.30267 28.40479 28.84404 47.61325 39.57206 13.52405 0.63073 2.57791 8.08342 9.21044 3.76196 1.80186 2.02571 1.85895 1.29233 0.63960 0.48681 0.52107 0.64820 1.53653 3.19913 4.47989 5.15694
0.00000 0.00000 0.00000 0.00000 0.09402 1.22487 2.28646 2.40103 1.73993 1.62120 2.42082 2.82345 1.41475 2.17952 2.82991 1.18508 0.49896 0.05382 0.03679 0.18996 1.33964 2.05920 0.78020 0.04616 0.06704 0.55204 1.59835 2.31062 2.48398 1.67210 1.09376 1.97894 3.32085 4.61280 7.27867 10.95685 19.62387 31.54326 29.15011 21.68686 18.51575 -99999.00000 -99999.00000 1.67941 8.91455 17.44137 19.30641 8.86336 2.51995 2.18248 2.45394 1.65209 0.81510 0.68029 0.66254 0.69780 1.87294 3.96381 4.49413 3.98709
0.00000 0.00000 0.00000 0.00000 0.31024 2.16157 2.64991 1.49611 0.58618 0.83506 1.04173 1.33208 2.29843 4.22024 4.73713 2.41948 1.19070 0.54711 0.37575 0.06511 0.00000 0.03403 0.00000 0.00000 0.00000 0.20460 1.33736 2.59138 2.37906 0.80936 0.32689 1.28191 2.98865 5.78985 8.04577 -99999.00000 -99999.00000 -99999.00000 -99999.00000 -99999.00000 -99999.00000 -99999.00000 -99999.00000 21.99518 35.59405 38.76831 32.85755 18.99637 6.45827 3.25461 2.84136 1.96221 1.09890 1.01290 1.20096 1.85005 3.30392 4.90838 5.25562 5.27971
0.00000 0.00000 0.00000 0.02691 -99999.00000 1.63567 1.67114 0.42461 0.07121 0.42603 0.96804 1.64802 3.05822 5.36834 5.67877 2.89163 0.92138 0.21957 0.20752 0.00000 0.00000 0.00000 0.00000 0.13320 0.00000 0.00000 0.02146 0.38310 0.33770 0.13775 0.28227 1.42608 2.38766 2.86953 -99999.00000 -99999.00000 -99999.00000 -99999.00000 -99999.00000 -99999.00000 -99999.00000 -99999.00000 -99999.00000 -99999.00000 55.26355 45.54669 35.50159 26.80654 15.76877 6.57185 3.34317 1.86422 1.20917 1.69376 3.06808 3.91951 4.14926 4.56270 5.54650 7.39289
-99999.00000 -99999.00000 -99999.00000 -99999.00000 -99999.00000 2.85364 2.93937 1.34311 0.49809 0.96555 2.37495 2.77365 3.42106 4.89780 4.75783 1.79787 0.02009 0.00000 0.00000 0.06245 0.09526 0.22679 1.81028 2.62923 2.15442 1.01831 0.27780 0.03937 0.00000 0.40932 3.04641 4.45686 4.66889 4.77972 -99999.00000 -99999.00000 -99999.00000 -99999.00000 -99999.00000 -99999.00000 -99999.00000 -99999.00000 -99999.00000 -99999.00000 -99999.00000 36.60303 33.29966 30.01825 23.59299 11.36638 3.76839 1.64723 1.62912 3.44943 4.78332 4.29963 3.70499 3.25945 3.61601 5.65014
