DATA/RAW-RASTER/CPC/2017/20170902.asc
ncols			60
nrows			40
xllcorner		70.0
yllcorner		20.0
cellsize		0.5
NODATA_value	-99999
0.00000 0.00000 0.00000 0.00000 0.00000 0.00000 0.00000 0.00000 0.02233 0.04474 0.02152 0.00000 0.21408 0.78052 2.10656 3.67274 4.71884 4.90854 4.53568 3.33372 1.71392 0.66685 0.26376 0.13292 0.08068 0.04425 0.00000 0.00000 0.00000 0.00000 0.00000 0.00000 0.00000 0.00000 0.00000 0.00000 0.00000 0.00000 0.00000 0.00000 0.00000 0.00000 0.00000 0.00000 0.00000 0.00000 0.00000 0.00000 0.00000 0.00000 0.00000 0.00000 0.00000 0.00000 0.00000 0.00000 0.00000 0.00000 0.00000 0.00000
0.00000 0.00000 0.00000 0.00000 0.00000 0.00000 0.00000 0.03912 0.13065 0.17861 0.09713 0.03796 0.11056 0.42552 1.12121 2.25149 3.43872 4.02437 3.93732 3.26439 2.14263 1.15576 0.57732 0.30362 0.17597 0.10165 0.00000 0.00000 0.00000 0.00000 0.00000 0.00000 0.00000 0.00000 0.00000 0.00000 0.00000 0.00000 0.00000 0.00000 0.00000 0.00000 0.00000 0.00000 0.00000 0.00000 0.00000 0.00000 0.00000 0.00000 0.00000 0.00000 0.00000 0.00000 0.00000 0.00000 0.00000 0.00000 0.04675 0.03371
0.00000 0.00000 0.00000 0.00000 0.00000 0.00000 0.03382 0.10405 0.30970 0.41814 0.31479 0.15446 0.11706 0.17186 0.30105 0.71985 1.40493 1.95176 2.12414 1.92244 1.47482 1.01108 0.63879 0.39638 0.25023 0.16601 0.05740 0.00000 0.00000 0.00000 0.00000 0.00000 0.00000 0.00000 0.00000 0.00000 0.00000 0.00000 0.00000 0.00000 0.00000 0.00000 0.00000 0.00000 0.00000 0.00000 0.00000 0.00000 0.00000 0.00000 0.00000 0.00000 0.00000 0.00000 0.04732 0.03513 0.05152 0.22130 0.31788 0.23588
0.00000 0.00000 0.00000 0.00000 0.00000 0.03165 0.13717 0.38215 0.67590 0.68353 0.51443 0.26933 0.11700 0.04544 0.03940 0.15772 0.33107 0.50156 0.61008 0.58260 0.48128 0.39111 0.31989 0.25972 0.21159 0.10691 0.03926 0.00000 0.00000 0.00000 0.00000 0.00000 0.00000 0.00000 0.00000 0.00000 0.00000 0.00000 0.00000 0.00000 0.00000 0.00000 0.00000 0.00000 0.00000 0.00000 0.00000 0.00000 0.00000 0.00000 0.00000 0.00000 0.00000 0.05630 0.13589 0.21477 0.34471 0.64919 1.02208 1.18495
0.00000 0.00000 0.00000 0.00000 0.00000 0.06256 0.21400 0.44806 0.66980 0.85568 0.62300 0.31355 0.11248 0.03379 0.00000 0.02542 0.04140 0.08191 0.11765 0.10565 0.08872 0.08871 0.09584 0.10282 0.10700 0.08633 0.00000 0.00000 0.00000 0.00000 0.00000 0.00000 0.00000 0.00000 0.00000 0.00000 0.00000 0.00000 0.00000 0.00000 0.00000 0.00000 0.00000 0.00000 0.00000 0.00000 0.00000 0.00000 0.00000 0.00000 0.00000 0.00000 0.00000 0.08173 0.13261 0.19324 0.39061 0.89990 1.64044 2.25707
0.00000 0.00000 0.00000 0.00000 0.00000 0.06083 0.19172 0.35702 0.49539 0.74906 0.68475 0.37088 0.13375 0.03238 0.00000 0.00000 0.00000 0.00000 0.02130 0.00000 0.00000 0.00000 0.02603 0.03648 0.04580 0.05429 0.00000 0.00000 0.00000 0.00000 0.00000 0.00000 0.00000 0.00000 0.00000 0.00000 0.00000 0.00000 0.00000 0.00000 0.00000 0.00000 0.00000 0.00000 0.00000 0.00000 0.00000 0.00000 0.00000 0.00000 0.00000 0.00000 0.02305 0.06745 0.09216 0.12628 0.28324 0.76652 1.61636 2.34755
0.00000 0.00000 0.00000 0.00000 0.00000 0.00000 0.08535 0.23110 0.35892 0.57963 0.63577 0.39736 0.16071 0.04843 0.00000 0.00000 0.00000 0.00000 0.00000 0.00000 0.00000 0.00000 0.00000 0.00000 0.00000 0.02547 0.00000 0.00000 0.00000 0.00000 0.00000 0.00000 0.00000 0.00000 0.00000 0.00000 0.00000 0.02467 0.04618 0.06124 0.07235 0.11526 0.17475 0.14356 0.15085 0.13180 0.02701 0.00000 0.00000 0.00000 0.00000 0.00000 0.02755 0.06497 0.07024 0.06709 0.11838 0.42638 1.17342 1.84774
0.00000 0.00000 0.00000 0.00000 0.00000 0.00000 0.00000 0.05321 0.15889 0.26827 0.38855 0.33234 0.17080 0.02910 0.00000 0.00000 0.00000 0.00000 0.00000 0.00000 0.00000 0.00000 0.00000 0.00000 0.00000 0.00000 0.00000 0.00000 0.00000 0.00000 0.00000 0.00000 0.00000 0.00000 0.03064 0.05196 0.08873 0.14614 0.21797 0.32807 0.50531 0.70038 0.88017 0.86921 0.59343 0.37588 0.23187 0.11491 0.04512 0.02009 0.02047 0.02609 0.04210 0.14095 0.13604 0.08911 0.11477 0.40135 0.86649 1.44224
0.00000 0.00000 0.00000 0.00000 0.00000 0.00000 0.00000 0.00000 0.00000 0.06754 0.19969 0.25707 0.27553 0.25492 0.10358 0.00000 0.00000 0.00000 0.00000 0.00000 0.00000 0.00000 0.00000 0.00000 0.00000 0.00000 0.00000 0.00000 0.00000 0.00000 0.00000 0.00000 0.04776 0.09118 0.12460 0.19068 0.33431 0.58548 0.91834 1.36640 1.81982 2.17440 2.20984 1.79975 1.17641 0.74078 0.54032 0.46029 0.30640 0.25125 0.32271 0.49806 0.66729 0.76636 0.79561 0.74418 0.85815 1.13258 1.52236 2.05370
0.00000 0.00000 0.00000 0.00000 0.00000 0.00000 0.00000 0.00000 0.00000 0.08885 0.19756 0.28501 0.39381 0.49247 0.47110 0.24109 0.05635 0.00000 0.00000 0.00000 0.00000 0.00000 0.00000 0.00000 0.00000 0.00000 0.00000 0.00000 0.00000 0.07948 0.19339 0.46561 0.75927 0.70308 0.63806 0.99370 1.57777 2.13820 2.54723 2.99486 3.26010 3.41182 3.30235 2.78727 1.96153 1.07002 0.71108 0.89586 1.26060 1.74085 2.33688 2.88939 3.10844 2.92092 2.46692 2.18795 2.22687 2.38198 3.04170 3.47631
0.00000 0.00000 0.00000 0.00000 0.00000 0.00000 0.00000 0.00000 0.00000 0.23542 0.42503 0.44810 0.58077 0.76777 0.95218 1.06322 0.65190 0.21414 0.00000 0.00000 0.00000 0.00000 0.00000 0.00000 0.00000 0.00000 0.00000 0.00000 0.09652 0.32768 0.93615 2.37662 2.95774 3.57088 3.90932 4.56251 5.19037 4.86811 4.61758 4.54314 4.48277 4.61135 4.56629 4.18968 3.75854 2.82593 2.00623 1.96409 2.70288 3.84895 4.63555 4.86365 5.13912 5.12778 4.22154 3.11628 2.74535 3.49471 5.15537 6.19133
0.00000 0.00000 0.00000 0.00000 0.00000 0.00000 0.04021 0.11132 0.15114 0.33033 0.91399 0.93822 0.84793 0.92537 1.10927 1.14373 0.94330 0.41557 0.13455 0.03726 0.00000 0.00000 0.00000 0.00000 0.00000 0.00000 0.00000 0.05074 0.21115 0.96612 2.41546 3.64758 4.35279 4.81660 5.55509 6.56497 7.10823 7.20582 6.94659 6.71292 6.36334 5.79739 5.42415 5.12076 5.05441 4.66234 4.06294 4.18234 5.42377 6.14698 5.83433 5.33429 6.48225 8.22250 8.34531 6.40499 5.03137 5.33095 6.66212 7.97463
0.00000 0.00000 0.00000 0.00000 0.00000 0.00000 0.26806 0.81838 1.45193 1.66732 2.19988 1.98127 1.48154 1.26184 1.37573 1.26342 0.89798 0.35875 0.11017 0.03525 0.00000 0.00000 0.00000 0.00000 0.00000 0.02718 0.05122 0.09353 0.32440 1.42038 2.96449 3.77901 4.46795 5.11610 6.23951 7.46219 8.38858 9.74496 10.87103 10.02962 9.02610 7.79609 6.87655 6.09116 5.55209 5.47572 5.75026 6.59638 9.12840 10.54143 9.48981 8.37945 10.03245 13.32032 14.18404 12.08575 9.17237 7.95457 8.14899 8.27052
0.00000 0.00000 0.00000 0.00000 0.00000 0.00000 0.05259 1.07680 4.39816 4.66929 3.27796 2.82206 3.28627 3.35455 3.03632 1.66401 0.91197 0.32209 0.07559 0.00000 0.00000 0.00000 0.00000 0.00000 0.02835 0.06375 0.10460 0.21070 0.61268 1.83681 3.32298 4.12810 4.73289 5.41845 6.40901 7.76313 9.11946 10.65163 11.86681 12.43199 12.27351 11.46361 9.85482 8.32699 7.68621 7.10610 7.29152 9.24050 12.39131 15.42087 16.62656 15.66964 16.11203 19.24479 19.45671 16.23690 12.73764 10.63951 10.15861 10.63268
0.00000 0.00000 0.00000 0.00000 0.00000 0.06287 0.95758 3.85534 12.39552 9.34336 5.13646 5.99757 8.37190 7.24437 4.94801 2.37803 1.21560 0.32445 0.03341 0.00000 0.00000 0.00000 0.00000 0.03146 0.08032 0.14601 0.21324 0.63363 2.44268 2.99575 3.04895 3.96594 4.49703 5.08717 6.13696 7.31070 8.89142 10.77116 12.70927 14.14374 14.86192 13.59239 11.69607 10.59698 10.39192 9.54801 9.05797 9.92535 13.13300 16.47211 17.92517 17.40833 17.45927 20.01248 20.12963 17.64801 12.83584 10.67281 11.41994 13.95897
0.00000 0.00000 0.00000 0.00000 0.00000 0.17480 1.66159 6.37220 13.87926 12.95663 7.46204 7.94625 10.78617 9.38418 6.44927 4.35405 1.15991 0.11903 0.00000 0.00000 0.00000 0.02707 0.05256 0.12479 0.24012 0.33294 0.46473 2.35810 4.71620 5.14947 3.87652 3.72248 4.21200 4.89215 5.96175 6.80239 7.98955 9.75378 12.26460 14.23544 15.12878 14.05713 12.20595 10.97332 10.50329 9.84695 9.42243 9.57277 11.27343 13.86826 14.52719 14.05303 14.17007 14.30378 13.93453 12.19295 10.16571 9.13911 10.32861 13.34638
0.00000 0.00000 0.00000 0.00000 0.00000 0.11205 0.89087 2.53557 3.17514 2.72581 3.21865 4.81595 5.56421 5.22527 2.06373 2.17140 0.81403 0.17997 0.19741 0.19372 0.17695 0.19962 0.28017 0.43132 0.57047 0.66959 0.95472 4.59418 7.61123 8.80197 7.29769 4.42148 3.96453 4.35198 4.73996 5.23475 6.09805 7.68524 10.95124 13.85187 15.06618 14.36785 11.98496 10.61147 10.24545 9.48845 9.16809 8.48258 9.11336 10.57566 11.18465 10.87809 8.99773 6.33198 5.30994 6.07645 7.40902 8.29284 8.11832 7.88125
0.00000 0.00000 0.00000 0.00000 0.00000 0.00000 0.08319 0.34161 0.25049 0.40612 1.49617 2.70177 2.48647 1.13631 0.23527 1.19284 1.11566 0.57321 0.61761 0.82697 0.90906 0.96396 1.01154 1.05427 0.93443 0.90824 2.47675 6.66783 10.10201 11.66563 9.78325 6.15751 3.96900 4.32177 4.53922 4.85340 5.14288 5.84184 9.59792 13.63086 14.70951 13.98714 11.77477 10.01228 9.77249 9.79712 9.13031 8.19994 7.79742 8.80608 9.20202 8.49435 5.74538 2.25600 1.11229 2.78003 5.48068 6.78440 6.03513 5.97071
0.00000 0.00000 0.00000 0.00000 0.00000 0.00000 0.00000 0.00000 0.05421 0.57491 1.55741 2.76320 2.01472 0.24024 0.65588 3.37034 3.44734 1.96661 2.69576 3.25326 2.31243 2.04055 1.84384 1.46970 1.25443 2.15559 5.04901 9.49193 14.46172 16.75741 14.02010 7.94597 3.48743 3.75208 4.32766 4.78848 4.75201 5.24398 8.13838 11.70095 13.10848 12.62149 11.09940 10.43105 9.91857 9.25557 7.83885 6.85271 6.29294 6.31571 6.01736 5.29474 3.86752 1.64511 0.71549 1.46179 2.83105 3.39127 3.26094 3.91656
0.00000 0.00000 0.00000 0.00000 0.00000 0.00000 0.00000 0.00000 0.00000 0.41338 0.98283 1.29710 0.67648 0.16442 1.67247 5.61016 5.35481 3.38608 9.08227 13.49655 6.26152 3.49643 2.70396 1.98418 1.93854 3.43195 7.23389 12.56417 20.36883 24.60373 19.61105 9.89529 2.82564 2.64940 3.75039 4.89319 5.47568 6.04983 7.69345 9.26208 9.67664 7.97756 6.66640 7.17282 7.47244 6.45309 4.90561 3.57669 3.34514 3.52934 4.17128 4.24890 3.13300 1.80323 0.96510 0.91243 0.96281 0.73171 0.69108 1.20869
0.00000 0.00000 0.00000 0.00000 0.00000 0.00000 0.00000 0.00000 0.00000 0.11565 0.27710 0.27580 0.10787 0.17414 1.07030 1.85120 2.28378 6.98195 16.00616 22.94003 14.42709 9.64874 6.73364 3.53734 2.28529 3.97832 10.10875 22.13589 33.55344 34.45330 24.27766 11.38888 4.08381 1.63446 2.32795 3.89483 5.44200 6.18730 6.39552 6.56206 5.95406 4.76196 4.23732 4.40057 4.29468 3.27950 2.45028 1.99072 2.02753 1.92070 2.89087 3.82467 3.36935 2.39802 1.02543 0.43077 0.04150 0.00000 0.00000 0.08118
0.00000 0.00000 0.00000 0.00000 0.00000 0.00000 0.00000 0.00000 0.00000 0.00000 0.00000 0.00000 0.49514 1.01535 0.71225 0.22744 2.36643 10.32590 25.30781 26.75248 24.31794 18.62938 9.92513 3.59072 3.78501 12.28177 24.25760 37.44813 37.92071 33.59051 21.72293 9.64329 3.19849 0.94284 0.99995 2.30309 4.28838 5.60634 5.21278 4.70423 4.25915 3.66221 3.35241 2.76870 1.92986 1.54345 1.77427 2.36545 2.42106 3.87052 5.04461 5.90891 5.94773 4.02437 1.42566 0.31088 0.08776 0.05105 0.03248 0.00000
0.00000 0.00000 0.00000 0.00000 0.00000 0.00000 0.00000 0.00000 0.00000 0.00000 0.00000 0.00000 0.79413 1.21526 0.71501 0.21141 1.95113 9.84466 18.70134 21.44897 21.06636 16.15456 7.53110 3.77011 9.71762 29.95438 63.23669 83.39904 64.05429 37.15239 19.79262 8.33284 2.66735 0.52902 0.44162 1.37332 3.12136 4.27668 4.06287 3.76724 3.70962 3.32883 2.75794 1.56760 0.61356 0.68355 1.99037 4.40400 9.25188 17.56358 20.00382 19.28099 9.87552 5.72199 2.08497 0.53653 0.15851 0.09962 0.14537 0.13989
0.00000 0.00000 0.00000 0.00000 0.00000 0.00000 0.00000 0.00000 0.00000 0.00000 0.00000 0.00000 0.20352 0.50494 0.51058 0.22272 1.69577 6.77987 11.28911 11.57797 10.57663 9.78572 7.84759 7.34390 14.37888 33.39267 71.61693 118.13938 114.75397 54.86504 16.43807 6.64390 2.75446 1.07995 0.85927 1.18008 2.01323 2.87884 3.05066 3.42814 3.73130 3.44949 2.87580 1.99670 1.03471 1.55822 8.47520 24.03350 34.03924 35.38815 41.19149 41.95011 25.66782 9.72351 3.61743 0.88352 0.29715 0.17703 0.31698 0.98834
0.00000 0.00000 0.00000 0.00000 0.00000 0.04752 0.05299 0.00000 0.00000 0.00000 0.00000 0.00000 0.00000 0.00000 0.06045 0.06701 0.78905 3.19978 4.97578 3.77950 3.61331 6.15241 9.91779 12.24689 15.53817 19.37144 27.32101 56.38654 69.34188 36.10966 12.32484 5.34529 3.09881 3.30759 2.87145 1.62336 2.23361 2.37973 3.06446 4.41058 5.41227 7.01605 6.56502 4.70688 6.08288 13.14573 30.97838 55.31366 51.42064 31.40008 26.29023 29.58555 28.10713 12.51257 4.93229 1.94125 0.83133 0.82702 1.21156 2.92186
0.00000 0.00000 0.07507 0.11402 0.08361 0.20759 0.35548 0.25713 0.04422 0.00000 0.06836 0.33272 0.10128 0.00000 0.23069 0.69233 0.90445 1.40569 1.57285 1.04500 1.01225 3.51154 8.15103 11.56210 11.12602 8.14785 5.72544 15.16874 23.82942 10.97492 4.53122 4.60246 4.37975 6.56469 9.31700 6.29834 5.11649 3.18986 4.66108 6.73541 10.40041 17.31507 20.90467 17.77938 27.58477 33.91861 45.04445 60.27900 47.39794 23.00146 13.14281 15.78573 17.75846 14.22784 6.77895 3.37022 1.98826 2.29834 3.39251 6.35395
0.14731 0.17641 0.34285 0.53962 0.57415 0.83312 1.02539 0.68706 0.22414 0.00000 0.28125 0.71693 0.50213 0.06576 0.29524 0.49430 0.38754 0.30264 0.04759 0.04835 0.24843 1.67186 3.92915 6.62472 6.21028 4.41200 3.90333 5.48449 6.31263 2.68283 1.47228 4.01711 6.53705 8.52484 10.37261 11.36398 5.37784 3.56057 6.04048 12.69777 20.90330 21.77320 19.53851 23.61705 30.82444 27.69987 26.66426 26.43628 27.79703 25.24028 19.41260 16.99981 16.76714 11.50383 5.72864 4.06721 3.08939 3.18382 4.26696 6.59663
0.46562 0.93391 1.43248 1.64078 1.50835 1.67467 1.64644 0.89365 0.26312 0.00000 0.08056 0.25257 0.05366 0.00000 0.00000 0.00000 0.00000 0.00000 0.00000 0.00000 0.00000 0.25797 1.80525 3.19957 3.51853 2.83298 2.37875 1.59921 0.24326 0.00000 0.00000 2.70169 8.18802 9.93810 5.31291 6.05877 6.32397 13.70344 16.87620 28.75396 33.28845 20.63564 12.47693 11.34262 14.56466 13.30986 11.41322 11.64115 16.99012 20.90395 21.22544 19.10077 12.10824 6.04617 4.26691 4.21167 3.58482 2.72212 2.58082 3.30676
0.67365 1.82783 2.57499 2.60028 2.40286 1.96908 1.41524 0.64907 0.12950 0.00000 0.00000 0.00000 0.00000 0.00000 0.00000 0.00000 0.00000 0.00000 0.00000 0.00000 0.00000 0.00000 0.17228 1.00145 1.73926 1.81402 1.09622 0.27521 0.00000 0.00000 0.00000 2.02288 6.66480 7.64431 4.88548 5.01403 6.62148 18.29009 35.48367 44.25974 42.95598 30.67447 34.62510 31.52882 20.77090 7.64977 2.69605 6.45581 12.06942 13.39929 15.01620 11.64017 5.74582 4.28193 3.71500 4.47746 4.35907 2.52574 1.16363 0.92750
0.70078 2.06918 2.66682 2.66424 3.95776 2.97927 1.06065 0.37112 0.03735 0.00000 0.00000 0.00000 0.00000 0.00000 0.00000 0.00000 0.00000 0.00000 0.00000 0.00000 0.00000 0.00000 0.00000 0.15973 0.96427 1.40555 0.54904 0.10805 0.40588 0.06780 0.00000 1.05938 4.20765 4.39862 3.81069 6.57335 10.31026 19.10558 39.05191 47.34834 47.33916 53.74346 75.53295 90.48514 45.63803 11.47815 2.86626 4.25380 6.16173 7.18253 8.05939 6.14616 4.39318 4.12812 3.83269 4.99365 5.35439 3.30854 0.89237 0.95534
0.60198 2.38220 4.36614 5.98449 8.69242 11.37931 4.77104 1.51975 0.38757 0.02932 0.00000 0.00000 0.00000 0.00000 0.00000 0.00000 0.00000 0.00000 0.00000 0.00000 0.00000 0.00000 0.00000 0.00000 0.07385 0.74865 0.58301 0.47907 0.61216 0.04828 0.00000 2.06590 6.67186 7.47750 7.37004 8.69388 10.07210 16.02933 36.24118 40.87576 39.33209 47.00117 60.22681 51.77160 26.40230 7.60463 3.09259 2.58401 3.33764 4.66395 5.72653 4.95954 4.35102 4.61323 5.08792 6.61083 6.06908 5.05079 3.05031 4.12947
0.00000 2.20990 6.01112 8.22266 10.57320 12.91527 7.52322 3.18695 1.82330 1.14290 0.87111 0.28196 0.00000 0.00000 0.00000 0.00000 0.00000 0.00000 0.00000 0.00000 0.00000 0.00000 0.00000 0.00000 0.04676 0.22201 0.43286 0.05749 0.05206 0.03228 1.06310 7.74065 15.34867 17.55977 16.96705 12.58601 8.00995 5.15631 14.13177 21.65614 23.59937 29.22168 35.70409 17.29556 9.76182 5.52752 2.23957 2.27735 2.45985 2.84387 3.25685 3.54595 4.50730 4.85303 4.96734 7.55896 8.33093 10.17851 9.32160 9.87472
0.05979 1.81330 5.40801 9.32022 12.51379 13.31683 9.69141 6.35539 4.19034 2.87312 2.06254 0.84033 0.06014 0.00000 0.00000 0.00000 0.00000 0.00000 0.00000 0.00000 0.00000 0.00000 0.00000 0.07127 0.74867 1.38331 1.53127 0.66984 0.52609 1.20148 4.19697 13.20914 25.12864 25.57426 20.41585 14.24935 6.75628 3.26660 6.53635 14.15672 10.72792 18.69317 35.06289 24.22346 15.41959 6.44257 3.07925 2.18483 1.68880 1.47817 1.38361 2.35288 4.31014 5.40136 6.29267 7.17730 9.75466 15.34424 17.77789 15.23376
0.00000 1.17603 4.69497 9.55281 18.57382 24.46600 18.94999 11.52663 6.29841 3.50073 2.31101 0.60908 0.05654 0.00000 0.00000 0.00000 0.00000 0.00000 0.00000 0.00000 0.00000 0.00000 0.14851 1.10720 1.71860 2.37530 2.67185 2.26082 2.07664 2.40879 4.11884 14.00180 27.27281 25.20973 16.79710 8.37894 6.60423 5.74029 4.07886 10.29959 11.30062 12.88693 15.86826 30.21018 36.91331 18.67643 6.10587 2.73421 1.74351 1.28752 0.88339 1.51006 3.13593 4.47876 4.89237 5.20092 9.79343 16.51434 19.55834 14.76234
0.04457 1.17603 3.57009 7.11781 16.32111 22.39458 16.72939 10.34269 5.41061 2.22222 0.91794 0.17538 0.57529 0.70399 0.18411 0.00000 0.00000 0.00000 0.00000 0.00000 0.00000 0.00000 0.73785 1.74221 2.10500 2.89696 3.48027 3.76355 3.56779 3.70649 5.95148 11.59310 15.72429 14.79270 9.10279 7.02778 14.81670 21.13064 12.01648 16.25106 22.43909 42.59583 46.38971 75.84179 63.31151 42.40878 17.71847 5.52566 3.22934 2.40231 1.62665 1.51997 2.20254 2.93488 3.20615 3.25073 7.68045 11.16159 10.51132 6.09798
0.51603 1.28104 2.84752 5.05061 8.48005 12.04454 6.50498 4.77108 3.20424 0.91152 0.37622 1.00103 3.06151 3.69526 1.66295 0.04217 0.00000 0.00000 0.00000 0.00000 0.00000 0.16817 1.19738 2.11148 2.57676 3.46941 4.35270 4.91751 3.95342 3.55713 4.29339 6.12663 6.50277 4.05827 1.25149 5.94392 19.87613 38.91534 36.56745 50.18891 65.91677 81.64773 81.18448 95.14082 89.82263 69.52123 38.58825 11.42905 4.65528 3.35232 2.25129 2.22066 2.66629 2.81406 2.95909 3.35722 5.54275 6.75094 4.24878 1.51444
0.97320 2.06610 3.11961 4.22114 4.18010 5.29876 4.42228 2.70986 1.02116 0.08249 0.11546 1.15522 4.38414 4.81783 2.11895 0.07320 0.00000 0.03821 0.04690 0.00000 0.18292 1.85274 3.45386 2.85291 2.55680 3.47473 4.95728 5.12839 4.05960 4.04282 2.15401 1.75932 1.30442 0.13189 0.02363 2.88967 18.41249 38.93771 56.20303 86.84238 114.46787 -99999.00000 -99999.00000 88.36314 79.06965 65.27281 46.89037 17.95397 5.50915 4.11014 3.41812 4.10563 4.58510 4.41196 4.11269 3.77206 4.99974 5.82827 3.25556 1.40002
1.01752 2.81953 4.53123 6.49451 5.25208 4.35367 3.81774 2.11724 0.46046 0.00000 0.05809 0.62317 1.74967 1.91767 0.87208 0.02582 0.00000 0.42056 0.56903 0.10331 0.99950 4.82590 7.62188 3.16157 2.44561 3.23212 4.90817 7.63970 9.30864 7.86792 4.16468 1.79109 0.35477 0.00000 0.00000 -99999.00000 -99999.00000 -99999.00000 -99999.00000 -99999.00000 -99999.00000 -99999.00000 -99999.00000 52.08094 35.47868 31.50939 28.88428 18.19967 7.30586 4.12035 4.55698 5.53382 6.44419 6.85795 8.00419 10.47216 12.75023 11.50675 6.92235 3.74525
1.10986 3.98012 5.40389 7.44458 -99999.00000 3.52085 2.08555 1.32700 0.14023 0.00000 0.00000 0.05018 0.26198 0.21937 0.02706 0.00000 0.03542 0.10376 0.33960 0.00000 1.42964 5.37091 7.31897 4.47679 2.50666 2.03050 3.88670 11.33317 16.92609 11.79168 6.33245 2.71065 0.64514 0.04812 -99999.00000 -99999.00000 -99999.00000 -99999.00000 -99999.00000 -99999.00000 -99999.00000 -99999.00000 -99999.00000 -99999.00000 12.64003 11.46440 13.16153 13.09818 8.86880 4.59061 4.76199 6.23597 7.50025 11.06844 20.64838 24.57869 22.04373 18.30030 14.40966 9.37996
-99999.00000 -99999.00000 -99999.00000 -99999.00000 -99999.00000 3.96799 3.14795 1.27782 0.21272 0.00000 0.00000 0.00000 0.00000 0.00000 0.00000 0.07293 0.11056 0.00000 0.00000 0.00000 0.96942 3.72444 4.94626 3.15492 0.77633 0.26518 1.28461 9.81821 16.25410 11.40258 6.49732 4.46748 1.56900 0.22898 -99999.00000 -99999.00000 -99999.00000 -99999.00000 -99999.00000 -99999.00000 -99999.00000 -99999.00000 -99999.00000 -99999.00000 -99999.00000 6.62450 7.72845 9.13423 8.84177 6.42435 5.83450 6.93214 9.96106 22.05909 31.38622 28.24778 23.86370 19.69953 18.45066 16.80613
