DATA/RAW-RASTER/CPC/2017/20170310.asc
ncols			60
nrows			40
xllcorner		70.0
yllcorner		20.0
cellsize		0.5
NODATA_value	-99999
0.12614 0.07167 0.00000 0.00000 0.00000 0.00000 0.00000 0.00000 0.00000 0.00000 0.00000 0.00000 0.00000 0.00000 0.00000 0.00000 0.00000 0.00000 0.00000 0.00000 0.06634 0.09036 0.02679 0.04152 0.09219 0.05622 0.00000 0.00000 0.00000 0.00000 0.00000 0.00000 0.00000 0.00000 0.00000 0.00000 0.00000 0.00000 0.00000 0.00000 0.00000 0.00000 0.00000 0.00000 0.00000 0.00000 0.00000 0.00000 0.00000 0.00000 0.00000 0.00000 0.00000 0.00000 0.00000 0.00000 0.00000 0.00000 0.02202 0.00000
0.59435 0.26833 0.04345 0.00000 0.00000 0.00000 0.00000 0.00000 0.00000 0.00000 0.00000 0.00000 0.00000 0.00000 0.00000 0.00000 0.00000 0.00000 0.03553 0.11617 0.34819 0.42440 0.44384 0.43711 0.40454 0.36921 0.29253 0.02898 0.00000 0.00000 0.00000 0.00000 0.00000 0.00000 0.00000 0.00000 0.00000 0.00000 0.00000 0.00000 0.00000 0.00000 0.00000 0.00000 0.00000 0.00000 0.00000 0.00000 0.00000 0.00000 0.00000 0.00000 0.00000 0.00000 0.00000 0.00000 0.00000 0.03219 0.09039 0.07781
1.69285 0.55196 0.03210 0.00000 0.00000 0.00000 0.00000 0.00000 0.00000 0.00000 0.00000 0.00000 0.00000 0.00000 0.00000 0.00000 0.04024 0.24177 0.44574 0.63271 0.77232 0.86541 0.88471 0.85784 0.79130 0.70539 0.60987 0.33824 0.00000 0.00000 0.00000 0.00000 0.00000 0.00000 0.00000 0.00000 0.00000 0.00000 0.00000 0.00000 0.00000 0.00000 0.00000 0.00000 0.00000 0.00000 0.00000 0.00000 0.00000 0.00000 0.00000 0.00000 0.00000 0.00000 0.00000 0.00000 0.03080 0.16464 0.24049 0.22607
1.64062 0.46575 0.05038 0.00000 0.00000 0.00000 0.00000 0.00000 0.00000 0.00000 0.00000 0.00000 0.00000 0.00000 0.00000 0.00000 0.17356 0.43418 0.78612 1.11191 1.32859 1.43552 1.44118 1.38185 1.29620 1.17004 0.98565 0.76054 0.38883 0.03826 0.00000 0.00000 0.00000 0.00000 0.00000 0.00000 0.00000 0.00000 0.00000 0.00000 0.00000 0.00000 0.00000 0.00000 0.00000 0.00000 0.00000 0.00000 0.00000 0.00000 0.00000 0.00000 0.00000 0.00000 0.00000 0.04199 0.20620 0.33802 0.47095 0.54957
0.97819 0.30452 0.00000 0.00000 0.00000 0.00000 0.00000 0.00000 0.00000 0.00000 0.00000 0.00000 0.00000 0.00000 0.04046 0.08000 0.17535 0.59766 1.19990 1.72467 1.98747 2.03033 1.95526 1.86750 1.76020 1.63833 1.41580 1.07913 0.78332 0.45638 0.14440 0.00000 0.00000 0.00000 0.00000 0.00000 0.00000 0.00000 0.00000 0.00000 0.05719 0.09185 0.13583 0.15402 0.05963 0.00000 0.00000 0.02058 0.02473 0.00000 0.00000 0.00000 0.00000 0.00000 0.00000 0.10664 0.26333 0.45992 0.70204 0.92603
0.22533 0.00000 0.00000 0.00000 0.00000 0.00000 0.00000 0.00000 0.00000 0.00000 0.00000 0.00000 0.00000 0.04275 0.16371 0.24589 0.44124 0.93898 1.63036 2.24173 2.45472 2.43555 2.31540 2.20542 2.11471 2.01899 1.77450 1.45177 1.04728 0.68525 0.40205 0.06722 0.00000 0.00000 0.00000 0.02455 0.03984 0.05139 0.07899 0.15838 0.21095 0.27433 0.36726 0.45229 0.49649 0.37878 0.32099 0.30322 0.17006 0.00000 0.00000 0.00000 0.00000 0.00000 0.00000 0.11121 0.26898 0.50096 0.80161 1.10900
0.00000 0.00000 0.00000 0.00000 0.00000 0.00000 0.00000 0.00000 0.00000 0.12412 0.26744 0.15730 0.12374 0.21721 0.37367 0.56581 0.88797 1.36845 1.91854 2.37920 2.56363 2.55120 2.51450 2.41607 2.35210 2.28230 2.07134 1.77981 1.34749 0.91349 0.56972 0.30562 0.07695 0.00000 0.06835 0.11778 0.17881 0.26869 0.35850 0.44523 0.54291 0.71328 0.91918 1.00178 1.04374 0.98127 0.82443 0.59703 0.32481 0.11229 0.02477 0.00000 0.00000 0.00000 0.05769 0.13254 0.23750 0.46389 0.75628 0.99665
0.95550 0.00000 0.00000 0.00000 0.00000 0.00000 0.00000 0.00000 0.28456 1.16494 1.99218 1.86407 1.45031 1.12477 0.98785 1.03662 1.26342 1.61330 2.00487 2.29220 2.45248 2.49386 2.49948 2.49427 2.40540 2.31593 2.21504 1.97776 1.59991 1.14003 0.72819 0.41197 0.21623 0.14091 0.17677 0.27664 0.42995 0.53578 0.66109 0.82485 1.04134 1.31677 1.59583 1.80990 1.82969 1.72453 1.51779 1.07909 0.60460 0.25032 0.10738 0.00000 0.02240 0.19683 0.28747 0.27290 0.34381 0.60567 0.80342 0.91718
2.95998 0.44675 0.00000 0.00000 0.00000 0.00000 0.00000 0.25021 1.51609 2.68605 4.08861 4.60446 3.85443 2.98128 2.12065 1.58674 1.55075 1.59674 1.83366 2.05692 2.17923 2.24906 2.27377 2.27252 2.22216 2.13396 2.06232 1.87396 1.60828 1.24240 0.85996 0.51991 0.17823 0.24814 0.41266 0.60413 0.72151 0.85172 1.03949 1.27534 1.55730 1.83946 2.09138 2.30582 2.44773 2.54426 2.35040 1.78627 1.12575 0.63896 0.42653 0.19891 0.33315 0.56251 0.76120 0.89474 1.03203 1.12489 1.10556 1.07166
2.76218 0.76888 0.00000 0.00000 0.00000 0.00000 0.27317 1.26895 2.89025 6.06409 6.37186 5.76912 5.59574 5.21658 4.36709 3.68060 2.33375 1.61861 1.68677 1.76342 1.83288 1.86844 1.86192 1.85432 1.84511 1.79839 1.71318 1.60759 1.43088 1.12069 0.82033 0.46064 0.03339 0.14442 0.41531 0.68278 0.99232 1.18208 1.37805 1.58874 1.82519 2.05880 2.23460 2.39526 2.60985 2.80389 2.72548 2.20443 1.58494 1.03092 0.71499 0.58114 0.65092 0.87331 1.24813 1.63394 1.88644 1.74051 1.46972 1.24771
1.28512 0.04261 0.00000 0.00000 0.00000 0.15407 1.29246 3.81850 8.13414 14.76079 14.46979 6.97658 5.08200 5.25830 5.48713 5.78167 3.97066 1.67346 1.49377 1.39852 1.34321 1.31249 1.29649 1.29502 1.31429 1.34856 1.62916 1.44652 1.14037 0.87410 0.60419 0.14421 0.13087 0.29530 0.48739 0.67356 1.00431 1.26240 1.44298 1.64209 1.83020 2.03087 2.19495 2.29123 2.37877 2.48350 2.41725 2.06486 1.56456 1.05745 0.73106 0.55322 0.61790 0.89537 1.34625 1.82495 2.07806 1.85328 1.51718 1.21908
0.48592 0.03122 0.00000 0.00000 0.06751 0.54827 1.43061 4.26302 9.70471 14.60174 20.11673 12.05146 6.09167 4.92197 5.04466 4.55960 3.29846 1.48105 1.16525 0.99733 0.85324 0.77954 0.75269 0.76202 0.79850 0.92855 1.58558 1.78112 1.84862 0.89930 0.38241 0.00000 0.25364 0.33776 0.43426 0.64483 0.83620 1.02223 1.24132 1.45125 1.62352 1.78421 1.93147 2.02211 2.03313 2.02750 1.93655 1.67360 1.28739 0.84754 0.53137 0.35741 0.44889 0.73785 1.12481 1.42659 1.49697 1.30169 0.97501 0.78784
0.07165 0.00000 0.00000 0.13923 0.39389 0.67442 2.11055 5.32161 10.69007 14.61481 22.67019 19.50045 9.61722 5.36790 5.42779 4.70735 3.19488 1.34620 0.79668 0.51708 0.40349 0.38152 0.38316 0.47593 0.96345 1.20930 1.61838 1.97506 2.14648 1.83798 1.32174 0.07819 0.12002 0.24118 0.28438 0.34027 0.42798 0.56327 0.74349 0.97632 1.25412 1.44739 1.59798 1.70932 1.73615 1.64267 1.50143 1.28253 0.99297 0.65420 0.40586 0.27694 0.34351 0.51102 0.70603 0.85456 0.87592 0.72936 0.43806 0.26563
0.00000 0.00000 0.00000 0.18752 0.46839 0.91325 2.14473 5.11854 9.61926 18.74075 25.81096 18.95298 15.67947 14.06847 13.87858 5.47164 2.48797 1.39347 0.74152 0.33610 0.19038 0.18665 0.22297 0.70106 1.08409 1.44797 2.00845 2.34038 2.50721 2.39616 1.60893 0.00000 0.00000 0.04225 0.11990 0.15889 0.25078 0.33025 0.43804 0.57240 0.74344 0.99064 1.12415 1.22314 1.25882 1.20085 1.05554 0.87792 0.66483 0.45913 0.29328 0.21505 0.25310 0.29795 0.36663 0.44289 0.44550 0.21614 0.10002 0.04126
0.00000 0.00000 0.00000 0.12137 0.34039 0.84516 1.93119 3.76201 7.37876 12.78131 16.09500 14.39051 14.42364 14.16582 10.75500 3.47925 2.85195 1.92755 1.13226 0.43304 0.18415 0.21847 0.48600 1.11945 1.48749 2.05599 2.84375 3.42909 4.20447 3.52888 1.94945 0.14188 0.00000 0.00000 0.00000 0.00000 0.03581 0.13022 0.22273 0.30409 0.40409 0.51063 0.60723 0.69044 0.72151 0.71508 0.61920 0.43517 0.27016 0.25259 0.17916 0.16537 0.17089 0.18495 0.20501 0.23199 0.12104 0.00000 0.00000 0.00000
0.00000 0.00000 0.00000 0.06839 0.15923 0.40259 1.21503 2.66043 4.38848 6.55760 9.16057 9.95397 8.82369 8.20459 8.62002 6.61577 3.88821 2.40885 1.69127 0.89840 0.49941 0.46686 1.04395 1.61721 2.38795 3.41886 4.26581 5.42149 5.72998 4.83463 3.04677 0.24641 0.00000 0.00000 0.00000 0.00000 0.00000 0.00000 0.00000 0.06053 0.11610 0.16625 0.24008 0.28452 0.29716 0.28969 0.17475 0.00000 0.00000 0.07610 0.08173 0.07570 0.06437 0.09823 0.09616 0.04943 0.00000 0.00000 0.00000 0.00000
0.00000 0.00000 0.00000 0.00000 0.04648 0.19093 0.55467 1.09088 1.57904 3.09720 6.44099 10.45284 10.35166 6.78832 4.64310 8.03587 5.78798 3.36562 2.75001 1.96587 1.41979 1.57448 2.07895 2.89170 4.25232 5.44246 6.36230 8.02350 7.88067 6.23848 4.42976 0.67017 0.00000 0.00000 0.00000 0.00000 0.00000 0.00000 0.00000 0.00000 0.00000 0.00000 0.00000 0.00000 0.04700 0.04051 0.00000 0.00000 0.00000 0.00000 0.00000 0.00000 0.00000 0.00000 0.00000 0.00000 0.00000 0.00000 0.00000 0.00000
0.00000 0.00000 0.00000 0.00000 0.00000 0.00000 0.16914 0.70933 1.45192 3.81018 8.32451 12.65177 13.55463 11.18282 8.47924 9.78866 9.46159 6.03390 4.69584 3.39925 3.15977 3.66466 4.64967 5.29297 6.88410 7.90090 9.75207 10.91570 9.93072 6.94994 4.95213 1.85256 0.11286 0.00000 0.00000 0.00000 0.00000 0.00000 0.00000 0.00000 0.00000 0.00000 0.00000 0.00000 0.00000 0.00000 0.00000 0.00000 0.00000 0.00000 0.00000 0.00000 0.00000 0.00000 0.00000 0.00000 0.00000 0.00000 0.00000 0.00000
0.00000 0.00000 0.00000 0.00000 0.00000 0.00000 0.03101 0.70965 2.32918 5.38115 9.92248 15.75443 17.83132 16.32682 14.20908 11.99814 14.29853 13.15396 7.93223 5.65361 4.91213 5.11725 6.70501 8.35910 10.76038 13.69124 14.85293 14.11420 11.19033 8.15170 4.99824 2.28237 0.44071 0.00000 0.00000 0.00000 0.00000 0.00000 0.00000 0.00000 0.00000 0.00000 0.00000 0.00000 0.00000 0.00000 0.00000 0.00000 0.00000 0.00000 0.00000 0.00000 0.00000 0.00000 0.00000 0.00000 0.00000 0.00000 0.00000 0.00000
0.00000 0.00000 0.00000 0.00000 0.00000 0.00000 0.00000 0.43642 2.00262 4.97529 8.75264 13.89428 19.54687 18.08195 13.78488 9.89357 11.99342 12.39785 9.66826 7.64868 5.82931 6.62180 9.45783 13.12282 14.57672 15.24387 16.05565 16.91388 12.08207 8.24752 5.48263 2.45861 0.56361 0.14538 0.00000 0.00000 0.00000 0.00000 0.00000 0.00000 0.00000 0.00000 0.00000 0.00000 0.00000 0.00000 0.00000 0.00000 0.00000 0.04342 0.07173 0.13336 0.12240 0.00000 0.00000 0.00000 0.00000 0.00000 0.00000 0.00000
0.00000 0.00000 0.00000 0.00000 0.00000 0.00000 0.00000 0.10935 1.25202 3.43369 6.15097 8.97441 11.68645 11.18520 8.36363 5.35904 4.04907 4.64282 4.10942 3.18793 3.18772 5.82092 11.37781 17.67571 18.05379 15.67999 13.82723 13.89383 10.67609 8.04009 5.51150 3.20092 1.51703 0.38469 0.00000 0.11274 0.11126 0.05780 0.05599 0.03725 0.00000 0.00000 0.00000 0.00000 0.00000 0.00000 0.00000 0.07581 0.08640 0.15940 0.33008 0.41818 0.35893 0.21175 0.09500 0.00000 0.00000 0.00000 0.00000 0.00000
0.00000 0.00000 0.00000 0.00000 0.00000 0.00000 0.00000 0.00000 0.79719 2.08002 3.36021 4.61055 5.99187 5.81807 4.14729 2.47319 1.61797 1.66880 1.28162 0.82876 1.57630 4.86362 12.59052 18.19634 21.42118 19.90708 14.44686 12.06719 9.76848 7.88163 5.63050 3.42995 1.79216 0.64911 0.17817 0.30374 0.47051 0.38412 0.60803 0.83936 0.68623 0.34799 0.12306 0.02421 0.00000 0.07502 0.21941 0.35973 0.41633 0.61414 0.85091 0.95536 0.84028 0.81410 0.62454 0.33770 0.19563 0.14940 0.07133 0.00000
0.00000 0.00000 0.00000 0.00000 0.00000 0.00000 0.00000 0.02027 0.41304 0.88033 1.58897 2.76667 3.96356 3.75242 2.83178 3.19673 3.16218 1.67534 0.94484 0.91177 2.80049 7.18556 14.06502 18.92272 21.18582 19.71728 17.01710 14.72772 11.59958 8.44672 5.81282 3.72148 2.08810 0.75652 0.42110 0.86042 1.39862 1.79943 2.11842 2.40780 2.06090 1.29173 0.66550 0.32477 0.08717 0.20727 0.50211 0.91330 1.57711 2.38518 2.75702 2.92375 2.11725 2.13293 1.55758 0.95070 0.60481 0.45209 0.30968 0.04754
0.00000 0.00000 0.00000 0.00000 0.00000 0.00000 0.00000 0.05032 0.20720 0.35516 1.04661 2.71544 4.54253 4.94543 5.38675 7.18980 7.17790 4.36701 1.94502 1.69655 3.65220 7.36976 12.61008 15.75138 16.72763 15.17514 13.87355 14.57174 13.82877 9.83794 6.42265 4.52820 3.05345 1.64661 1.18282 1.69937 2.88995 4.34642 5.35577 5.69739 4.31811 2.66132 1.18901 0.64529 0.26237 0.45036 1.36579 3.16310 4.80456 5.62758 6.10243 6.28515 4.82429 4.02182 3.37383 1.86621 1.17917 0.67838 0.41969 0.18113
0.00000 0.00000 0.00000 0.00000 0.00000 0.00000 0.00000 0.00000 0.07889 0.26824 1.17292 3.58751 6.26456 7.54232 7.70600 9.47662 9.57254 6.14305 3.76375 3.02032 4.31721 6.17162 8.52900 10.45965 11.49322 10.44666 9.62941 10.46899 10.82065 9.09212 6.33946 5.37760 5.10367 3.85049 2.14586 2.52076 5.57691 7.67628 10.19374 11.38269 8.86401 5.04630 2.06775 0.84888 0.79861 1.43585 3.38031 6.31125 7.63868 7.38103 6.60959 6.31462 6.16795 4.94356 4.55255 3.19141 1.86557 1.06247 0.45345 0.12951
0.00000 0.00000 0.00000 0.00000 0.00000 0.00000 0.00000 0.00000 0.03298 0.53034 1.65374 3.70322 6.14273 7.59992 7.40836 6.95675 6.74654 5.66149 4.33886 3.79318 4.28068 4.34997 5.42426 6.61203 6.95881 6.74462 6.73482 7.20961 7.95934 8.27996 7.18763 6.12277 6.73139 5.54325 2.07548 2.90827 13.14315 16.66178 17.32222 15.71641 11.58019 7.42724 3.79218 1.47039 1.68700 2.47515 5.10583 8.15119 7.66139 6.80475 6.04312 5.72511 5.58050 6.12507 5.34839 3.45296 1.43857 0.69313 0.17606 0.00000
0.00000 0.00000 0.00000 0.00000 0.00000 0.00000 0.00000 0.00000 0.12456 0.61814 1.85669 3.51205 4.87457 5.94480 6.08884 6.10032 6.02700 5.27612 3.67962 2.63915 2.08826 1.84934 2.78404 3.87865 4.31852 4.48417 4.72741 4.95121 5.31148 5.66202 5.36800 4.69992 4.46015 2.52802 0.32243 3.64696 14.46713 23.04474 21.50676 16.60844 10.36792 6.45907 3.61657 2.10170 2.34015 2.59555 4.99268 7.46909 7.62588 7.27920 6.67349 6.18905 5.07701 4.06954 3.25564 1.09703 0.27449 0.09064 0.00000 0.00000
0.00000 0.00000 0.00000 0.00000 0.00000 0.00000 0.00000 0.00000 0.07949 0.50066 1.54347 2.85706 4.08713 4.84113 4.93517 5.40653 5.99271 4.37718 2.62162 1.53942 0.95146 1.02752 1.54872 2.24607 2.69492 2.90290 3.21873 3.29292 3.18811 3.21894 2.85393 2.66036 1.33074 1.00147 1.51475 8.15674 11.44954 15.99411 17.91780 12.69438 6.48417 4.75033 2.70687 2.40206 3.96304 5.26447 6.31543 6.89254 6.61021 6.09428 6.23258 5.62464 2.88842 1.15908 0.73650 0.02163 0.00000 0.00000 0.00000 0.00000
0.00000 0.00000 0.00000 0.00000 0.00000 0.00000 0.00000 0.00000 0.00000 0.26513 1.09631 2.01326 3.31983 4.17416 3.49899 3.34256 3.62945 2.91863 2.13088 1.43396 1.30094 1.15401 0.95044 0.95397 1.30425 1.47094 1.88042 2.27203 2.40437 3.38349 5.45555 3.99298 3.57289 5.42415 10.72074 12.88162 11.63150 10.27701 11.21427 9.47149 8.43731 9.39498 8.35379 4.94250 6.39887 7.64604 8.12358 6.21181 3.61197 3.79920 4.58348 2.95208 1.14307 0.44097 0.11871 0.00000 0.00000 0.00000 0.00000 0.00000
0.00000 0.00000 0.00000 0.00000 0.00000 0.00000 0.00000 0.00000 0.00000 0.00000 0.42373 0.96488 2.01398 2.61211 2.06190 1.66517 1.88939 2.09646 2.56791 1.77741 1.28869 1.05717 0.72439 0.54915 0.68513 0.77441 1.28135 2.02596 2.64280 4.09144 5.53079 5.07173 5.20772 7.64325 15.66231 15.30469 7.72279 5.10804 6.15652 11.28981 19.30048 25.67294 24.12587 17.52390 15.72385 14.49006 12.05883 8.54661 4.59560 3.80776 3.74318 2.01086 0.84532 0.08019 0.00000 0.00000 0.00000 0.00000 0.00000 0.00000
0.00000 0.00000 0.00000 0.00000 0.00000 0.00000 0.00000 0.00000 0.00000 0.00000 0.18016 0.66805 1.32878 1.61864 1.34759 1.29570 1.70650 2.33417 2.47555 1.51635 0.82602 0.65242 0.36196 0.24809 0.40675 0.74555 1.26975 1.96703 2.48386 2.65073 3.16153 4.02342 6.80236 10.05573 14.28007 12.04104 7.41229 7.94721 8.10729 18.96258 36.51015 43.32780 43.04877 35.11168 27.10723 20.37475 16.59973 11.02199 7.59819 6.09604 4.74697 2.13551 0.72990 0.06894 0.00000 0.00000 0.00000 0.00000 0.00000 0.00000
0.00000 0.00000 0.00000 0.00000 0.00000 0.00000 0.00000 0.00000 0.00000 0.00000 0.04882 0.57383 1.13050 1.45588 1.15118 1.03242 1.24689 1.55600 1.56444 1.10708 0.65149 0.38363 0.14345 0.06320 0.24592 0.66394 1.26521 2.03931 2.43358 2.17165 2.32617 3.96257 7.37884 12.23481 16.25223 13.27382 10.11185 15.42429 21.15063 35.72291 48.26786 44.74026 40.21059 40.11600 34.04652 23.19643 13.96102 12.38989 10.23308 7.78447 4.99022 1.89412 0.71042 0.16089 0.00000 0.00000 0.00000 0.00000 0.00000 0.00000
0.00000 0.00000 0.00000 0.00000 0.00000 0.00000 0.00000 0.00000 0.00000 0.00000 0.00000 0.23428 0.58450 0.92862 0.69839 0.57510 0.67353 0.81221 0.85569 0.64160 0.34422 0.15210 0.05909 0.00000 0.00000 0.42242 0.92026 1.67395 2.10351 1.79277 1.81346 2.86144 5.05523 11.79565 23.08874 13.46197 7.06495 10.56309 23.47648 42.92759 52.24438 45.57578 39.37176 36.97154 31.30095 21.44701 13.68288 10.20933 7.60088 5.89056 3.51642 1.71780 0.72960 0.19478 0.00000 0.00000 0.00000 0.00000 0.00000 0.00000
0.00000 0.00000 0.00000 0.00000 0.00000 0.00000 0.00000 0.00000 0.00000 0.00000 0.00000 0.00000 0.08504 0.21358 0.11883 0.06933 0.15076 0.29918 0.30717 0.19950 0.08287 0.02406 0.00000 0.00000 0.00000 0.25387 0.46621 1.17888 2.00289 2.17471 2.02979 3.63765 4.43778 7.42032 19.75032 14.85399 5.57227 10.44484 24.74786 47.06844 55.79813 51.71539 45.68881 36.11758 28.95204 18.66609 10.05187 6.99429 5.41405 4.70095 2.97400 1.77034 0.70857 0.17611 0.00000 0.00000 0.00000 0.00000 0.00000 0.00000
0.00000 0.00000 0.00000 0.00000 0.00000 0.00000 0.00000 0.00000 0.00000 0.00000 0.00000 0.00000 0.00000 0.00000 0.00000 0.00000 0.00000 0.00000 0.00000 0.00000 0.00000 0.00000 0.00000 0.00000 0.00000 0.51354 0.82981 1.46696 2.59293 3.85378 5.10058 7.28453 8.62997 9.51036 15.83176 20.02326 18.74071 20.16335 39.20284 54.72987 48.38106 49.73880 43.51355 27.36192 19.87865 15.85681 11.60219 8.26546 7.84664 5.54256 3.59402 2.17010 0.72576 0.04922 0.00000 0.00000 0.00000 0.00000 0.00000 0.00000
0.00000 0.00000 0.00000 0.00000 0.00000 0.00000 0.00000 0.00000 0.00000 0.00000 0.00000 0.00000 0.00000 0.00000 0.00000 0.00000 0.00000 0.00000 0.00000 0.00000 0.00000 0.00000 0.00000 0.00000 0.00000 0.87548 1.71289 2.09646 3.63808 5.86616 8.14699 9.94189 9.48405 10.26167 20.74790 30.60390 29.93939 24.19195 38.19442 51.96948 56.53629 53.80703 39.84816 22.82788 20.55659 22.39347 20.38070 14.35989 12.24082 11.81713 7.26652 2.52618 0.56760 0.00000 0.00000 0.00000 0.00000 0.00000 0.00000 0.00000
0.00000 0.00000 0.00000 0.00000 0.00000 0.00000 0.00000 0.00000 0.00000 0.00000 0.00000 0.00000 0.00000 0.00000 0.00000 0.00000 0.00000 0.00000 0.00000 0.00000 0.00000 0.00000 0.00000 0.00000 0.28260 1.85229 3.13245 4.60886 6.52950 8.32516 11.13161 14.17714 13.23713 14.05828 27.97906 44.61970 37.54246 32.90675 40.10391 52.79600 60.53439 -99999.00000 -99999.00000 26.60239 29.31793 34.21230 31.32416 21.51980 17.34798 17.93700 16.35393 7.26569 1.17179 0.00000 0.00000 0.00000 0.00000 0.02530 0.11224 0.12577
0.00000 0.00000 0.00000 0.00000 0.00000 0.00000 0.00000 0.00000 0.00000 0.00000 0.00000 0.00000 0.00000 0.00000 0.00000 0.00000 0.00000 0.00000 0.00000 0.00000 0.00000 0.00000 0.00000 0.02098 0.89525 2.61197 3.88119 6.18573 8.64493 11.48259 14.66181 16.48190 18.23686 22.63801 31.81148 -99999.00000 -99999.00000 -99999.00000 -99999.00000 -99999.00000 -99999.00000 -99999.00000 -99999.00000 42.62426 47.86230 45.59456 37.27397 27.23216 23.04384 22.71900 18.12923 10.08110 1.45948 0.00000 0.00000 0.00000 0.11068 0.21030 0.30184 0.40064
0.00000 0.00000 0.00000 0.00000 -99999.00000 0.00000 0.00000 0.00000 0.00000 0.00000 0.00000 0.00000 0.00000 0.00000 0.00000 0.00000 0.00000 0.00000 0.00000 0.00000 0.00000 0.00000 0.02309 1.05986 2.74124 3.49386 3.68661 6.06317 9.84685 13.59486 16.83159 17.25086 18.78178 23.29954 -99999.00000 -99999.00000 -99999.00000 -99999.00000 -99999.00000 -99999.00000 -99999.00000 -99999.00000 -99999.00000 -99999.00000 55.36984 44.70741 35.30851 29.42354 26.99241 24.88881 16.69337 9.28441 0.34443 0.00000 0.00000 0.00000 0.06359 0.22791 0.38080 0.63866
-99999.00000 -99999.00000 -99999.00000 -99999.00000 -99999.00000 0.00000 0.00000 0.00000 0.00000 0.00000 0.00000 0.00000 0.00000 0.00000 0.00000 0.00000 0.00000 0.00000 0.00000 0.00000 0.00000 0.08747 1.21404 2.76137 4.61163 5.61142 4.94572 7.25796 11.03255 14.14699 15.96264 17.34780 16.95001 19.24572 -99999.00000 -99999.00000 -99999.00000 -99999.00000 -99999.00000 -99999.00000 -99999.00000 -99999.00000 -99999.00000 -99999.00000 -99999.00000 35.54607 32.98347 31.59814 30.17763 22.67163 14.16209 5.43354 0.00000 0.00000 0.00000 0.00000 0.00000 0.07310 0.25981 0.52339
