DATA/RAW-RASTER/CPC/2017/20170518.asc
ncols			60
nrows			40
xllcorner		70.0
yllcorner		20.0
cellsize		0.5
NODATA_value	-99999
6.57812 6.53147 5.19712 4.24200 4.25151 5.21825 6.02752 4.95832 3.43138 2.18332 1.02937 0.43817 0.31311 0.19718 0.00000 0.00000 0.00000 0.00000 0.00000 0.00000 0.00000 0.00000 0.00000 0.00000 0.00000 0.00000 0.00000 0.00000 0.00000 0.00000 0.00000 0.00000 0.00000 0.00000 0.00000 0.00000 0.00000 0.00000 0.00000 0.00000 0.00000 0.00000 0.00000 0.00000 0.00000 0.00000 0.00000 0.00000 0.00000 0.00000 0.00000 0.00000 0.00000 0.00000 0.00000 0.00000 0.00000 0.00000 0.00000 0.00000
11.27472 9.96256 7.32598 5.95040 5.10577 5.90508 5.99724 4.44769 2.94000 1.60953 0.51655 0.02401 0.00000 0.00000 0.00000 0.00000 0.00000 0.00000 0.00000 0.00000 0.00000 0.00000 0.00000 0.00000 0.00000 0.00000 0.00000 0.00000 0.00000 0.00000 0.00000 0.00000 0.00000 0.00000 0.00000 0.00000 0.00000 0.00000 0.00000 0.00000 0.00000 0.00000 0.00000 0.00000 0.00000 0.00000 0.00000 0.00000 0.00000 0.00000 0.00000 0.00000 0.00000 0.00000 0.00000 0.00000 0.00000 0.00000 0.00000 0.00000
11.83216 9.88390 7.13505 5.23435 3.79430 3.22011 2.38134 1.19985 0.91814 0.76913 0.28901 0.00000 0.00000 0.00000 0.00000 0.00000 0.00000 0.00000 0.00000 0.00000 0.00000 0.00000 0.00000 0.00000 0.00000 0.00000 0.00000 0.00000 0.00000 0.00000 0.00000 0.00000 0.00000 0.00000 0.00000 0.00000 0.00000 0.00000 0.00000 0.00000 0.00000 0.00000 0.00000 0.00000 0.00000 0.00000 0.00000 0.00000 0.00000 0.00000 0.00000 0.00000 0.00000 0.00000 0.00000 0.00000 0.00000 0.00000 0.00000 0.00000
5.78547 6.10064 4.76917 2.97712 1.27990 0.49407 0.38185 0.09009 0.11499 0.19469 0.05547 0.00000 0.00000 0.00000 0.00000 0.00000 0.00000 0.00000 0.00000 0.00000 0.00000 0.00000 0.00000 0.00000 0.00000 0.00000 0.00000 0.00000 0.00000 0.00000 0.00000 0.00000 0.00000 0.00000 0.00000 0.00000 0.00000 0.00000 0.00000 0.00000 0.00000 0.00000 0.00000 0.00000 0.00000 0.00000 0.00000 0.00000 0.00000 0.00000 0.00000 0.00000 0.00000 0.00000 0.00000 0.00000 0.00000 0.00000 0.00000 0.00000
2.13099 2.67976 1.59931 0.78460 0.26273 0.00000 0.02084 0.00000 0.00000 0.02712 0.00000 0.00000 0.00000 0.00000 0.00000 0.00000 0.00000 0.00000 0.00000 0.00000 0.00000 0.00000 0.00000 0.00000 0.00000 0.00000 0.00000 0.00000 0.00000 0.00000 0.00000 0.00000 0.00000 0.00000 0.00000 0.00000 0.00000 0.00000 0.00000 0.00000 0.00000 0.00000 0.00000 0.02662 0.00000 0.00000 0.00000 0.00000 0.00000 0.00000 0.00000 0.00000 0.00000 0.00000 0.00000 0.00000 0.00000 0.00000 0.00000 0.00000
0.18380 0.62967 0.28523 0.05372 0.02906 0.00000 0.00000 0.00000 0.00000 0.00000 0.00000 0.00000 0.00000 0.00000 0.00000 0.00000 0.00000 0.00000 0.00000 0.00000 0.00000 0.00000 0.00000 0.00000 0.00000 0.00000 0.00000 0.00000 0.00000 0.00000 0.00000 0.00000 0.00000 0.00000 0.00000 0.00000 0.00000 0.00000 0.00000 0.02140 0.03166 0.05330 0.09937 0.18757 0.27585 0.24667 0.18532 0.12711 0.04950 0.00000 0.00000 0.00000 0.00000 0.00000 0.00000 0.00000 0.00000 0.00000 0.00000 0.00000
0.00000 0.00000 0.00000 0.00000 0.00000 0.00000 0.00000 0.00000 0.00000 0.00000 0.00000 0.00000 0.00000 0.00000 0.00000 0.00000 0.00000 0.00000 0.00000 0.00000 0.00000 0.00000 0.00000 0.00000 0.00000 0.00000 0.00000 0.00000 0.00000 0.00000 0.00000 0.00000 0.00000 0.00000 0.00000 0.00000 0.00000 0.03647 0.06052 0.09724 0.15596 0.28247 0.50337 0.78804 0.95370 0.90666 0.65279 0.32878 0.11081 0.02239 0.00000 0.00000 0.00000 0.00000 0.00000 0.00000 0.00000 0.00000 0.00000 0.00000
0.00000 0.00000 0.00000 0.00000 0.00000 0.00000 0.00000 0.00000 0.00000 0.00000 0.00000 0.00000 0.00000 0.00000 0.00000 0.00000 0.00000 0.00000 0.00000 0.00000 0.00000 0.00000 0.00000 0.00000 0.00000 0.00000 0.00000 0.00000 0.00000 0.00000 0.00000 0.00000 0.00000 0.00000 0.00000 0.00000 0.06513 0.11810 0.19511 0.31501 0.51733 0.88772 1.46039 2.00639 2.06588 1.92740 1.54029 0.84249 0.29423 0.07015 0.02140 0.00000 0.00000 0.00000 0.00000 0.00000 0.00000 0.00000 0.00000 0.00000
0.00000 0.00000 0.00000 0.00000 0.00000 0.00000 0.00000 0.00000 0.00000 0.00000 0.00000 0.00000 0.00000 0.00000 0.00000 0.00000 0.00000 0.00000 0.00000 0.00000 0.00000 0.02375 0.03027 0.03934 0.05080 0.06393 0.07701 0.08734 0.08802 0.06736 0.00000 0.00000 0.02271 0.00000 0.04335 0.10037 0.17360 0.27935 0.42614 0.64909 0.98240 1.43217 1.97490 2.46800 2.77830 3.00089 2.88390 2.19493 1.03203 0.37962 0.16150 0.02638 0.00000 0.00000 0.00000 0.00000 0.00000 0.00000 0.00000 0.00000
0.00000 0.00000 0.00000 0.00000 0.00000 0.00000 0.00000 0.00000 0.02735 0.00000 0.00000 0.00000 0.00000 0.00000 0.00000 0.00000 0.07737 0.14619 0.13753 0.13813 0.15002 0.16738 0.18344 0.20331 0.22249 0.23599 0.25119 0.25681 0.25201 0.25243 0.22095 0.17454 0.18736 0.17618 0.15061 0.10407 0.30283 0.44975 0.58343 0.74892 0.93433 1.15907 1.43240 1.78906 2.31694 2.89600 3.11370 2.82674 2.07941 1.06549 0.43888 0.09930 0.00000 0.00000 0.00000 0.00000 0.00000 0.00000 0.00000 0.00000
0.00000 0.00000 0.00000 0.00000 0.00000 0.00000 0.00000 0.00000 0.19784 0.03645 0.00000 0.00000 0.00000 0.00000 0.09142 0.32046 0.61557 0.54616 0.52306 0.52844 0.54268 0.55839 0.56927 0.58617 0.59530 0.55659 0.52491 0.49747 0.48419 0.48304 0.51833 0.52766 0.50624 0.49695 0.46974 0.44254 0.50788 0.54236 0.54154 0.60018 0.64736 0.70938 0.75706 0.82527 1.07640 1.68122 2.23334 2.29626 1.83617 0.95546 0.32696 0.03280 0.00000 0.00000 0.00000 0.00000 0.00000 0.00000 0.00000 0.00000
0.00000 0.00000 0.00000 0.00000 0.00000 0.00000 0.00000 0.03474 0.34792 0.04504 0.00000 0.00000 0.04553 0.12399 0.25731 0.45795 0.77086 0.85809 0.85402 0.85525 0.84955 0.84802 0.83955 0.82736 0.77778 0.73074 0.69267 0.66951 0.66663 0.70560 0.76976 0.78529 0.74190 0.72053 0.72850 0.75354 0.67726 0.58276 0.49981 0.51355 0.50983 0.42927 0.33848 0.24147 0.16975 0.42344 0.99434 1.37476 1.18678 0.56864 0.16988 0.00000 0.00000 0.00000 0.00000 0.00000 0.00000 0.00000 0.00000 0.00000
0.00000 0.00000 0.00000 0.00000 0.00000 0.00000 0.00000 0.02470 0.26023 0.05079 0.03489 0.11760 0.15075 0.22623 0.42376 0.69028 0.86877 0.85850 0.89137 0.90381 0.89049 0.89807 0.89428 0.86770 0.82331 0.78883 0.77334 0.75051 0.73922 0.79093 0.84675 0.86154 0.85937 0.87400 0.91119 0.91187 0.83346 0.75804 0.68507 0.59242 0.58055 0.47477 0.33010 0.19908 0.13766 0.24986 0.55377 0.80485 0.77746 0.50193 0.28427 0.00000 0.00000 0.00000 0.00000 0.00000 0.00000 0.00000 0.00000 0.00000
0.00000 0.00000 0.00000 0.00000 0.00000 0.00000 0.00000 0.00000 0.00000 0.02160 0.10894 0.15762 0.32658 0.79060 1.32408 1.12408 1.11523 1.10788 0.92825 0.89982 0.90859 0.90603 0.90670 0.88017 0.84998 0.84656 0.80467 0.77013 0.76460 0.78979 0.87532 0.91454 0.95382 0.99683 1.03580 1.04606 0.97234 0.88241 0.80930 0.79569 0.85789 0.95869 0.92663 0.77944 0.67163 0.66162 0.74419 0.82908 0.77838 0.69928 0.63993 0.43029 0.08742 0.00000 0.00000 0.00000 0.00000 0.00000 0.00000 0.00000
0.00000 0.00000 0.00000 0.00000 0.00000 0.00000 0.00000 0.00000 0.00000 0.00000 0.00000 0.04304 0.41590 1.15900 1.40667 1.18995 1.47973 1.30336 1.02686 0.91544 0.92662 0.92345 0.92322 0.89636 0.92976 0.91162 0.77436 0.85848 1.58868 1.40919 0.83992 0.92204 0.99642 1.06969 1.14675 1.15311 1.08330 0.95229 0.83358 0.82600 1.03047 1.45440 1.88495 2.11244 2.10732 1.80722 1.37386 1.07416 0.91440 0.78910 0.72978 0.56315 0.13727 0.00000 0.00000 0.00000 0.00000 0.00000 0.00000 0.00000
0.00000 0.00000 0.00000 0.00000 0.00000 0.00000 0.00000 0.00000 0.00000 0.00000 0.00000 0.10222 0.63013 1.95241 2.13003 2.89125 2.45066 1.72035 1.20790 1.01304 0.93879 0.99386 1.00424 1.09408 1.11326 0.83926 0.68686 1.53233 2.55640 2.49470 1.40109 0.91442 1.02323 1.14880 1.26403 1.26872 1.19028 1.01271 0.80681 0.70543 0.87922 1.51183 2.46409 3.04811 3.28093 2.72015 1.77861 1.24190 1.01641 0.76414 0.53779 0.30285 0.05509 0.00000 0.00000 0.00000 0.00000 0.00000 0.00000 0.00000
0.00000 0.00000 0.00000 0.00000 0.00000 0.00000 0.00000 0.00000 0.00000 0.00000 0.00000 0.12644 1.90168 6.87250 6.76507 7.97814 4.82923 2.48995 1.82755 1.50988 1.40381 1.45786 1.54325 1.56479 1.12532 0.66838 0.59394 2.47283 3.87111 4.11298 3.01123 1.24852 1.02834 1.16596 1.23628 1.26880 1.25589 1.09926 0.80553 0.56899 0.65009 1.37194 2.80848 3.94579 4.22469 3.39049 2.09056 1.24461 0.97332 0.60288 0.25682 0.04906 0.00000 0.00000 0.00000 0.00000 0.00000 0.00000 0.00000 0.00000
0.00000 0.00000 0.00000 0.00000 0.00000 0.00000 0.00000 0.00000 0.00000 0.00000 0.00000 0.04600 1.92486 11.07030 19.22420 13.18693 6.26999 2.90122 2.65757 2.89750 3.14590 3.20511 2.92781 2.22097 0.78236 0.43824 1.24373 3.59020 5.27781 5.62149 4.28864 2.31432 1.04922 1.15292 1.24818 1.32628 1.35883 1.24977 0.93688 0.56699 0.55680 1.21637 2.73344 3.94542 4.30504 3.91137 2.60685 1.48529 0.89815 0.45705 0.12690 0.02275 0.00000 0.00000 0.00000 0.00000 0.00000 0.00000 0.00000 0.00000
0.00000 0.00000 0.00000 0.00000 0.00000 0.00000 0.00000 0.00000 0.00000 0.00000 0.00000 0.00000 0.07047 3.65870 11.27913 8.28987 3.72663 2.60469 3.97723 6.06585 6.64894 5.67149 4.00990 2.32632 1.11817 1.22336 2.98525 5.14350 6.99943 7.52101 5.97355 3.13723 0.94396 0.90700 1.10145 1.25826 1.30561 1.26726 1.02839 0.70427 0.64010 1.02595 1.99624 3.14845 3.76846 3.61863 2.54244 1.49690 0.84804 0.46517 0.20513 0.10439 0.02151 0.00000 0.00000 0.00000 0.06136 0.15593 0.26690 0.26647
0.00000 0.00000 0.00000 0.00000 0.00000 0.00000 0.00000 0.00000 0.00000 0.00000 0.00000 0.00000 0.00000 0.27333 1.18361 0.65733 0.65335 2.51271 8.20717 14.64796 11.78593 7.19287 3.79255 1.79770 1.08079 1.62555 3.92390 7.78454 9.93140 11.12377 8.38603 3.67267 0.62817 0.46887 0.69304 0.89969 0.96924 0.91050 0.77853 0.60310 0.48806 0.47182 0.67460 1.30734 2.04229 2.13423 1.58296 0.94063 0.69656 0.63398 0.64663 0.58853 0.36796 0.02464 0.00000 0.04744 0.24443 0.31020 0.46278 0.75523
0.00000 0.00000 0.00000 0.00000 0.00000 0.00000 0.00000 0.00000 0.00000 0.00000 0.00000 0.00000 0.00000 0.00000 0.00000 0.00000 0.00000 3.31217 12.94479 22.43373 13.77436 6.31223 3.07596 1.17758 0.64056 1.61036 4.76756 10.28181 16.47890 17.41534 11.16534 4.45867 1.01531 0.19070 0.23591 0.35570 0.37000 0.29268 0.26197 0.26386 0.19273 0.06386 0.08658 0.28779 0.60957 0.77072 0.77167 0.66624 0.65545 0.79303 1.49503 2.09696 1.70287 0.84717 0.24947 0.32564 0.38726 0.54225 1.06328 2.13827
0.00000 0.00000 0.00000 0.00000 0.00000 0.00000 0.00000 0.00000 0.00000 0.00000 0.00000 0.00000 0.02945 0.09060 0.08504 0.00000 0.00000 2.11801 9.00889 15.72567 10.39592 4.32759 2.15452 0.62716 0.62408 3.46929 8.59769 14.69879 19.03551 17.90822 10.91750 4.20135 0.70706 0.00000 0.04438 0.09446 0.12453 0.06606 0.06734 0.10228 0.02614 0.00000 0.02067 0.09051 0.15649 0.32105 0.64635 1.11529 1.42570 2.78013 4.48945 5.79324 5.56938 3.55125 1.45571 0.58621 0.50987 0.90677 2.19792 4.60528
0.00000 0.00000 0.00000 0.00000 0.00000 0.00000 0.00000 0.00000 0.03237 0.02646 0.00000 0.00000 0.04277 0.16853 0.25830 0.20395 0.14007 0.13146 0.84078 2.86389 4.49234 2.95319 1.13451 0.46890 2.02342 7.63412 17.40436 26.34321 28.58037 20.62669 10.65376 3.07991 0.19549 0.00000 0.00000 0.00000 0.22568 0.28872 0.18111 0.13675 0.07575 0.00000 0.08891 0.10663 0.05276 0.15721 0.80275 2.71221 7.72755 16.15302 20.25840 21.18653 12.60120 8.05580 3.20584 0.87997 0.35727 0.48915 1.94483 5.11676
0.00000 0.00000 0.00000 0.00000 0.00000 0.00000 0.00000 0.10359 0.26680 0.26584 0.26924 0.11963 0.02960 0.17205 0.35892 0.52859 0.53787 0.28581 0.03545 0.34637 1.15372 1.14343 0.48987 0.55674 2.96882 8.86651 17.40279 30.11500 39.70694 26.16764 8.23655 0.51261 0.03144 0.00000 0.00000 0.42924 0.96574 0.94703 0.40262 0.32970 0.43705 0.46249 0.64435 0.45272 0.19315 0.30648 2.62558 11.60453 26.45613 39.78645 46.19843 47.67411 32.57678 14.78273 6.28835 1.44846 0.31626 0.23990 1.17972 3.85064
0.00000 0.00000 0.00000 0.00000 0.00000 0.00000 0.00000 0.21875 0.68575 1.16039 1.27885 0.73482 0.24210 0.15500 0.41266 0.72230 0.79738 0.53037 0.30361 0.28011 0.52717 0.47431 0.19268 0.26825 2.35245 5.84651 8.87840 15.40999 22.58171 15.17461 3.73235 0.24400 0.03479 0.05488 0.00000 0.87437 3.07252 2.59148 0.93268 1.10823 1.70575 3.08598 3.28446 1.99134 1.73234 2.53578 6.69167 16.80233 30.89816 46.34256 49.42576 45.82003 41.79391 20.05991 9.18690 3.10093 0.76048 0.67034 1.00289 1.92057
0.00000 0.00000 0.00000 0.00000 0.00000 0.00000 0.00000 0.17886 0.69830 1.23820 1.66187 1.65357 1.03856 0.53155 0.62492 0.72012 0.70578 0.52201 0.41755 0.52354 0.63198 0.32554 0.12239 0.19522 1.22941 2.67854 3.61754 5.54655 7.57259 3.80853 0.31337 0.00000 0.06340 0.05527 0.00000 0.24267 4.25767 6.62360 4.53455 3.08257 4.63066 10.54373 14.66656 10.41790 8.95410 5.96739 8.03018 12.07828 15.79995 28.30523 35.73952 35.90883 34.33801 26.06581 13.03830 3.91842 0.17629 0.28706 0.58552 0.84650
0.00000 0.00000 0.00000 0.00000 0.00000 0.00000 0.00000 0.04760 0.27601 0.61531 1.46148 2.28015 1.79371 1.36945 1.12387 0.75203 0.44488 0.30140 0.20784 0.24301 0.20455 0.08600 0.03396 0.04625 0.40129 0.78301 0.67375 1.38789 1.48475 0.04608 0.00000 0.00000 0.02111 0.00000 0.00000 0.05179 1.60823 7.48103 5.80776 3.87322 8.09000 15.67221 17.85474 19.02533 12.64565 5.55493 8.05068 5.83914 4.80952 13.69151 23.64583 29.21365 29.54850 18.41397 8.45205 1.63917 0.00000 0.18663 0.35190 0.37795
0.00000 0.00000 0.00000 0.00000 0.00000 0.00000 0.00000 0.00000 0.02775 0.17421 0.74637 1.21442 1.20727 2.24203 2.00055 0.65427 0.10224 0.00000 0.00000 0.00000 0.00000 0.00000 0.00000 0.00000 0.00000 0.03896 0.03143 0.12383 0.00000 0.00000 0.00000 0.00000 0.00000 0.00000 0.00000 0.87281 5.82667 9.44094 3.95488 2.09918 8.85413 15.82771 9.47052 8.73148 12.78443 16.18144 17.83457 9.78945 5.39633 7.46338 13.51445 18.42214 13.31041 5.50054 2.44036 0.04442 0.00000 0.00000 0.17313 0.27967
0.00000 0.00000 0.00000 0.00000 0.00000 0.00000 0.00000 0.00000 0.00000 0.00000 0.05411 0.52864 1.88212 4.36995 2.60795 0.40789 0.00000 0.00000 0.00000 0.00000 0.09868 0.15174 0.08880 0.00000 0.00000 0.00000 0.00000 0.00000 0.00000 0.00000 0.00000 0.00000 0.00000 0.00000 0.00000 1.63348 7.77846 10.66405 3.45955 2.31362 6.82484 12.81121 13.88199 10.43482 17.29079 22.68813 23.46787 13.05467 5.63997 5.20929 7.51391 6.93933 3.39724 1.71387 0.42534 0.00000 0.00000 0.00000 0.03170 0.25604
0.00000 0.00000 0.00000 0.00000 0.00000 0.00000 0.00000 0.00000 0.00000 0.00000 0.00000 0.21480 1.72228 2.94525 1.60159 0.31267 0.00000 0.00000 0.00000 0.00000 0.15353 0.15777 0.04373 0.00000 0.00000 0.00000 0.00000 0.00000 0.00000 0.00000 0.00000 0.00000 0.00000 0.00000 0.00000 0.75544 3.59602 4.51528 2.67363 3.48475 7.63595 19.70899 38.98616 51.46431 48.76438 34.81843 21.56831 13.61074 6.70872 5.28586 5.54171 3.69569 1.64213 0.52581 0.00000 0.00000 0.00000 0.00000 0.00000 0.07785
0.00000 0.00000 0.00000 0.00000 0.00000 0.00000 0.00000 0.00000 0.00000 0.00000 0.00000 0.07848 0.82051 1.22390 0.99133 0.52719 0.13221 0.00000 0.00000 0.00000 0.00000 0.00000 0.00000 0.00000 0.00000 0.00000 0.00000 0.00000 0.00000 0.00000 0.00000 0.00000 0.00000 0.03661 0.00000 0.44967 3.18365 6.11613 4.21103 7.89631 10.22549 19.40523 51.60157 80.72317 68.04527 40.49010 23.17511 13.06956 9.52949 7.76206 6.54153 3.55637 1.09584 0.21842 0.00000 0.00000 0.00000 0.00000 0.00000 0.00000
0.00000 0.00000 0.00000 0.00000 0.00000 0.00000 0.00000 0.00000 0.00000 0.00000 0.00000 0.00000 0.19544 0.38296 0.53390 0.41530 0.15229 0.00000 0.00000 0.00000 0.00000 0.00000 0.00000 0.00000 0.00000 0.00000 0.00000 0.00000 0.00000 0.00000 0.00000 0.00000 0.07642 0.36675 0.76601 1.04134 3.54955 9.06272 7.78306 17.97303 16.95314 13.70949 26.28313 52.22438 54.51732 29.75728 12.44008 11.04682 10.07440 8.36919 6.16197 3.05085 1.00115 0.12903 0.00000 0.00000 0.00000 0.17704 0.33391 0.05753
0.00000 0.00000 0.00000 0.00000 0.00000 0.00000 0.00000 0.00000 0.00000 0.00000 0.00000 0.00000 0.00000 0.02529 0.10417 0.09768 0.02485 0.00000 0.00000 0.00000 0.00000 0.00000 0.00000 0.00000 0.00000 0.00000 0.02459 0.13526 0.00000 0.00000 0.00000 0.00000 0.06878 0.50901 1.50907 1.02667 2.45977 9.23700 12.24448 25.76407 19.64125 18.55730 20.17110 27.76401 25.39170 8.43828 4.93638 5.17340 5.01829 4.61277 3.42367 1.94565 0.77753 0.09991 0.00000 0.00000 0.00000 0.64476 0.99374 0.60967
0.00000 0.00000 0.00000 0.00000 0.00000 0.00000 0.00000 0.00000 0.00000 0.00000 0.00000 0.00000 0.00000 0.00000 0.00000 0.00000 0.00000 0.00000 0.00000 0.00000 0.00000 0.00000 0.00000 0.00000 0.00000 0.12260 0.44381 1.99101 3.02570 1.51249 0.29014 0.02028 0.00000 0.18651 1.10363 0.82131 0.73401 6.23433 8.37818 19.70739 28.36368 38.21830 31.68693 16.64688 14.66826 5.83417 1.99263 1.81832 2.03396 2.28732 1.90860 1.16213 0.50680 0.08312 0.00000 0.00000 0.08822 0.88563 1.15718 0.87800
0.00000 0.00000 0.00000 0.00000 0.00000 0.00000 0.00000 0.00000 0.00000 0.00000 0.00000 0.00000 0.00000 0.00000 0.00000 0.00000 0.00000 0.00000 0.00000 0.00000 0.00000 0.00000 0.00000 0.00000 0.17098 1.60008 3.85318 8.05159 9.81024 7.51743 4.74200 2.08562 0.12457 0.00000 0.23511 0.10275 0.27363 10.55055 17.04423 9.76693 11.21408 27.81746 35.74289 20.01274 9.62529 5.40904 2.47182 1.40265 1.43001 1.52733 1.33170 0.87163 0.35527 0.02217 0.00000 0.00000 0.25038 0.48227 0.57470 0.43744
0.00000 0.00000 0.00000 0.00000 0.00000 0.00000 0.00000 0.00000 0.00000 0.00000 0.00000 0.00000 0.00000 0.00000 0.00000 0.00000 0.00000 0.00000 0.00000 0.00000 0.00000 0.00000 0.00000 0.00000 0.41133 4.55193 10.74047 16.41891 14.94482 12.56535 12.22047 10.03302 4.24319 1.67165 4.11533 8.67173 2.85342 3.81666 11.16436 9.07134 9.92176 21.54730 28.58692 14.19011 8.65738 6.95675 4.29908 1.79605 1.18928 1.01570 0.98538 0.91925 0.73560 0.41946 0.33412 0.15208 0.04235 0.17219 0.54615 0.44291
0.00000 0.00000 0.00000 0.00000 0.00000 0.00000 0.00000 0.00000 0.00000 0.00000 0.00000 0.00000 0.00000 0.00000 0.00000 0.00000 0.00000 0.00000 0.00000 0.00000 0.00000 0.00000 0.00000 0.00000 0.89975 6.55268 14.40024 19.36093 15.99162 14.14007 17.88233 21.38781 10.91304 3.96918 7.76934 18.97037 13.26911 5.66640 6.48438 6.73296 9.68728 -99999.00000 -99999.00000 15.61406 9.90883 7.52070 5.49556 2.45161 1.22918 1.16942 1.04161 2.06105 2.37473 2.08989 1.71246 1.17620 1.02931 1.50328 1.40253 1.63163
0.00000 0.00000 0.00000 0.00000 0.00000 0.00000 0.00000 0.00000 0.00000 0.00000 0.00000 0.00000 0.00000 0.00000 0.00000 0.00000 0.00000 0.00000 0.00000 0.00000 0.00000 0.00000 0.00000 0.00000 0.38083 5.13217 11.25717 17.44007 16.75715 13.30439 15.32716 16.44784 11.70594 8.63343 8.61330 -99999.00000 -99999.00000 -99999.00000 -99999.00000 -99999.00000 -99999.00000 -99999.00000 -99999.00000 6.67722 5.11733 5.39181 4.27201 2.37903 1.44110 1.57481 2.24432 3.71908 4.74567 5.03180 5.79822 7.94692 8.99231 7.17849 4.33406 3.82912
0.00000 0.00000 0.00000 0.00000 -99999.00000 0.00000 0.00000 0.00000 0.00000 0.00000 0.00000 0.00000 0.00000 0.00000 0.00000 0.00000 0.00000 0.00000 0.00000 0.00000 0.00000 0.00000 0.00000 0.00000 0.00000 1.52376 4.16784 6.68977 7.00032 6.58620 6.16012 5.39820 6.49304 9.99581 -99999.00000 -99999.00000 -99999.00000 -99999.00000 -99999.00000 -99999.00000 -99999.00000 -99999.00000 -99999.00000 -99999.00000 4.83996 3.58321 2.55053 1.76592 1.49851 1.84058 3.33778 4.77660 5.92870 8.72373 15.76038 19.87437 18.84705 14.25983 8.68164 5.99258
-99999.00000 -99999.00000 -99999.00000 -99999.00000 -99999.00000 0.00000 0.00000 0.00000 0.00000 0.00000 0.00000 0.00000 0.00000 0.00000 0.00000 0.00000 0.00000 0.00000 0.00000 0.00000 0.00000 0.00000 0.00000 0.00000 0.00000 0.04519 0.47273 1.21099 0.91666 2.11924 2.16907 0.78060 1.00349 2.27706 -99999.00000 -99999.00000 -99999.00000 -99999.00000 -99999.00000 -99999.00000 -99999.00000 -99999.00000 -99999.00000 -99999.00000 -99999.00000 1.97469 1.66249 1.40285 1.39300 2.26955 3.75672 5.13341 7.30702 15.43851 21.29790 21.98205 23.45315 21.07793 12.15021 5.90320
