DATA/RAW-RASTER/CPC/2017/20170606.asc
ncols			60
nrows			40
xllcorner		70.0
yllcorner		20.0
cellsize		0.5
NODATA_value	-99999
0.90134 1.86737 2.09617 1.83449 1.66288 1.37167 1.08748 0.98941 1.83906 3.70879 5.01359 4.82255 4.28514 3.65923 3.51816 3.96309 4.60776 4.73250 4.36456 3.63558 2.79172 2.25341 2.02362 1.88826 1.70797 1.39215 0.97973 0.61778 0.33661 0.04268 0.00000 0.00000 0.00000 0.00000 0.00000 0.00000 0.00000 0.00000 0.00000 0.00000 0.00000 0.00000 0.00000 0.00000 0.00000 0.00000 0.00000 0.00000 0.00000 0.00000 0.00000 0.00000 0.00000 0.00000 0.00000 0.00000 0.00000 0.00000 0.00000 0.00000
2.22362 5.11460 5.17632 3.78059 2.81344 1.80793 0.89902 0.58583 1.33913 2.93781 3.96409 3.90380 3.54554 2.77698 2.34615 2.86440 3.81600 4.34459 4.36337 4.02989 3.43565 2.89442 2.44722 2.12437 1.88126 1.59684 1.20834 0.78575 0.41816 0.00000 0.00000 0.00000 0.00000 0.00000 0.00000 0.00000 0.00000 0.00000 0.00000 0.00000 0.00000 0.00000 0.00000 0.00000 0.00000 0.00000 0.00000 0.00000 0.00000 0.00000 0.00000 0.00000 0.00000 0.00000 0.00000 0.00000 0.00000 0.03285 0.08339 0.05999
8.84527 15.39937 13.15254 7.48006 3.53264 1.34100 0.39697 0.16011 0.40570 1.44558 3.06825 3.33231 2.38547 1.33185 0.84996 1.57482 2.93197 3.92841 4.30928 4.28558 4.03490 3.72343 3.26723 2.74910 2.26125 1.95375 1.61979 1.12321 0.49250 0.06049 0.00000 0.00000 0.00000 0.00000 0.00000 0.00000 0.00000 0.00000 0.00000 0.00000 0.00000 0.00000 0.00000 0.00000 0.00000 0.00000 0.00000 0.00000 0.00000 0.00000 0.00000 0.00000 0.00000 0.00000 0.00000 0.00000 0.07182 0.41388 0.58556 0.39866
12.81604 20.30628 15.44091 7.47730 2.16145 0.11056 0.04760 0.00000 0.09662 0.48858 1.48887 2.13735 1.64908 0.84821 0.79533 2.14956 3.88753 4.72775 4.82873 4.62804 4.38991 4.15527 3.84915 3.48324 3.13163 2.67945 2.22094 1.67370 0.84584 0.18111 0.00000 0.00000 0.00000 0.00000 0.00000 0.00000 0.00000 0.00000 0.00000 0.00000 0.00000 0.00000 0.00000 0.00000 0.00000 0.00000 0.00000 0.00000 0.00000 0.00000 0.00000 0.00000 0.00000 0.00000 0.00000 0.08291 0.52133 1.15566 1.76795 1.90240
6.83370 9.85453 5.91796 2.57869 0.79176 0.00000 0.00000 0.00000 0.03878 0.23665 0.75463 1.37990 1.70144 1.95075 2.77998 4.45645 5.72249 5.70915 5.11556 4.51813 4.22192 4.08603 3.95428 3.77813 3.57568 3.33580 2.92379 2.26695 1.34856 0.46871 0.07180 0.00000 0.00000 0.00000 0.00000 0.00000 0.00000 0.00000 0.00000 0.00000 0.00000 0.00000 0.00000 0.00000 0.00000 0.00000 0.00000 0.00000 0.00000 0.00000 0.00000 0.00000 0.00000 0.00000 0.00000 0.13249 0.57108 1.52038 2.74442 3.57510
0.96072 3.32257 1.39448 0.32145 0.17180 0.00000 0.00000 0.00000 0.00000 0.00000 0.46389 1.60537 2.50302 3.54977 4.77837 5.90329 6.27623 5.81322 4.85766 4.19771 4.02023 3.96107 3.95199 3.91928 3.78300 3.65665 3.46687 3.03046 1.95441 0.80549 0.20186 0.00000 0.00000 0.00000 0.00000 0.00000 0.00000 0.00000 0.00000 0.00000 0.00000 0.00000 0.00000 0.00000 0.00000 0.00000 0.00000 0.00000 0.00000 0.00000 0.00000 0.00000 0.00000 0.00000 0.00000 0.07767 0.40579 1.28447 2.67302 3.70409
0.00000 0.18252 0.44663 0.11516 0.05475 0.02447 0.00000 0.00000 0.00000 0.18987 1.06477 2.52225 3.60888 4.77933 5.96937 6.78472 6.94250 6.26108 5.24091 4.71514 4.46300 4.09049 4.06416 4.13905 4.15730 4.04840 4.01692 3.78519 2.76722 1.31006 0.38177 0.09289 0.00000 0.00000 0.00000 0.00000 0.00000 0.00000 0.00000 0.02204 0.02403 0.03389 0.04373 0.02847 0.00000 0.00000 0.00000 0.00000 0.00000 0.00000 0.00000 0.00000 0.00000 0.00000 0.00000 0.03996 0.17401 0.67444 1.89514 2.80792
0.00000 0.36779 0.35055 0.13980 0.24600 0.36829 0.38955 0.25612 0.63878 2.43615 4.32991 5.65797 6.19044 6.38677 6.52239 6.76601 6.72274 6.27325 5.70860 5.15730 5.10109 4.68940 4.66299 4.82644 4.82294 4.66306 4.51604 4.19966 3.38339 1.87704 0.65892 0.18205 0.04490 0.00000 0.00000 0.00000 0.03424 0.05672 0.08236 0.11005 0.14004 0.17334 0.19620 0.16510 0.08957 0.03733 0.00000 0.00000 0.00000 0.00000 0.00000 0.00000 0.00000 0.00000 0.00000 0.00000 0.05670 0.32435 0.87183 1.55970
0.25779 0.97261 0.93032 0.54388 1.02279 1.09476 0.84481 0.96359 3.14945 5.38034 7.59227 8.88578 9.49539 9.22359 8.03265 7.00942 6.55485 6.04547 5.67893 5.39050 5.21474 5.08159 4.96185 4.82844 4.67116 4.54361 4.37244 4.07950 3.50615 2.30862 1.02113 0.32518 0.05114 0.02624 0.04222 0.07040 0.12614 0.20067 0.27841 0.37274 0.47238 0.53526 0.51605 0.38029 0.20012 0.07474 0.02636 0.03028 0.03113 0.00000 0.00000 0.00000 0.00000 0.00000 0.00000 0.00000 0.05560 0.19386 0.50500 0.89251
0.63694 1.87401 2.99284 4.02261 2.88077 1.66638 1.45458 2.31191 5.05881 9.57224 10.11655 9.41320 9.45740 10.05175 10.15748 8.67563 6.81351 5.43630 5.02234 4.78390 4.63407 4.46114 4.27204 4.12444 3.95871 3.79284 3.63118 3.42856 3.05934 2.27734 1.23754 0.40998 0.00000 0.02583 0.10541 0.19940 0.38829 0.51766 0.63800 0.77116 0.86558 0.91172 0.86307 0.69808 0.44003 0.16797 0.06010 0.09984 0.17043 0.26876 0.32340 0.39782 0.39937 0.11035 0.00000 0.00000 0.03790 0.15307 0.45197 0.71127
0.48543 1.56926 3.13948 3.32009 1.45452 0.90006 1.41765 4.50267 10.59912 18.65705 17.75482 10.21572 8.35331 8.12800 8.03103 8.08568 5.24549 3.21744 2.68768 2.32519 2.12984 2.04029 2.00925 2.08297 2.14980 2.06777 2.01513 1.94708 1.77079 1.41864 0.80803 0.12488 0.02229 0.06807 0.14931 0.29612 0.52269 0.70799 0.87723 1.03333 1.14508 1.23966 1.25777 1.16597 1.03449 0.72385 0.43734 0.35819 0.42552 0.59758 0.75955 0.79284 0.70246 0.39918 0.00000 0.03347 0.07352 0.30498 0.88876 1.27292
0.20475 0.74200 1.67840 1.79893 1.34616 1.71907 2.22076 5.33631 12.30729 19.17016 23.10958 13.75001 8.50973 7.00375 6.38455 5.37921 3.39962 1.69108 1.08577 0.69480 0.49404 0.42217 0.41457 0.46708 0.55045 0.61885 0.66634 0.71423 0.73441 0.63495 0.30114 0.00000 0.03289 0.05589 0.09857 0.18046 0.31217 0.52132 0.79933 1.10982 1.36248 1.46080 1.48307 1.47660 1.49918 1.34527 1.04178 0.83501 0.79743 0.83071 0.87921 0.87770 0.80947 0.58401 0.26585 0.24750 0.38460 0.85593 1.58687 2.04216
0.11986 0.54699 1.44210 2.44899 2.80937 3.56756 4.73984 7.27689 13.70687 17.76465 21.86894 17.95785 9.79765 5.99326 5.37328 4.76276 3.47364 1.73295 0.76939 0.31421 0.14887 0.09683 0.08435 0.09398 0.11207 0.14333 0.18194 0.22632 0.24743 0.09902 0.02205 0.00000 0.00000 0.02510 0.04663 0.08494 0.14843 0.27790 0.51649 0.82073 1.19417 1.45561 1.59923 1.60678 1.54277 1.48402 1.35349 1.10437 1.03107 1.01721 0.95635 0.85681 0.70662 0.44052 0.26841 0.33823 0.71601 1.40276 2.07894 2.26802
0.55768 1.36740 2.84956 4.16858 4.91819 5.30616 5.44338 6.97268 11.31640 19.20181 19.49688 14.83990 10.68355 7.92149 8.25105 5.30737 3.73364 2.11483 0.73682 0.20411 0.06623 0.03778 0.03542 0.04097 0.04260 0.03674 0.04165 0.03534 0.00000 0.00000 0.00000 0.00000 0.00000 0.00000 0.00000 0.02657 0.05588 0.10349 0.19573 0.36090 0.63537 1.03162 1.32140 1.43537 1.47388 1.38175 1.19700 1.05882 1.03248 1.10924 1.13455 0.94032 0.55142 0.20661 0.09474 0.21286 0.62661 1.30596 1.81375 1.85223
1.40327 2.37665 3.89096 5.81335 7.12935 7.41519 6.61289 5.55031 6.78465 15.10214 17.65895 11.62005 7.13642 6.74144 7.72522 6.70991 6.25211 3.37963 1.09019 0.20224 0.03653 0.03639 0.05138 0.06869 0.04635 0.02423 0.00000 0.00000 0.00000 0.00000 0.00000 0.00000 0.00000 0.00000 0.00000 0.00000 0.00000 0.02704 0.06282 0.12702 0.26114 0.48519 0.71773 0.88892 1.00642 0.99174 0.86027 0.78513 0.89651 1.03668 1.07637 0.87682 0.42498 0.08388 0.00000 0.10691 0.30828 0.57699 0.81083 0.74950
1.59165 2.35931 3.73290 6.56132 8.76348 8.96789 7.63182 5.58234 4.58640 8.92644 13.62724 10.66177 6.29334 12.91779 20.58349 23.01964 11.24197 5.29862 2.17122 0.57334 0.17184 0.14202 0.14158 0.06475 0.05506 0.00000 0.00000 0.00000 0.00000 0.00000 0.00000 0.00000 0.00000 0.00000 0.00000 0.00000 0.00000 0.00000 0.00000 0.02037 0.06840 0.18297 0.45682 0.59214 0.68796 0.70695 0.65555 0.61689 0.66824 0.70800 0.53590 0.38162 0.08403 0.00000 0.00000 0.00000 0.00000 0.07457 0.19588 0.14135
1.20145 1.91419 2.98967 5.74277 8.30384 8.71564 7.10057 4.64418 4.43693 10.98524 15.42418 18.02492 19.91402 38.04095 38.74798 35.93647 17.05442 8.38622 5.23936 2.50987 1.15506 0.68526 0.35598 0.12594 0.06344 0.00000 0.00000 0.00000 0.00000 0.00000 0.00000 0.00000 0.00000 0.00000 0.00000 0.00000 0.00000 0.00000 0.00000 0.00000 0.00000 0.00000 0.39335 0.62593 0.69319 0.66142 0.60494 0.51420 0.47953 0.20972 0.00000 0.00000 0.00000 0.00000 0.00000 0.00000 0.00000 0.00000 0.00000 0.00000
0.74313 1.39555 2.12940 3.62850 5.41519 6.01995 5.28319 4.42144 5.32090 11.61189 19.95441 28.87611 31.99011 38.96185 31.86739 30.04592 23.56234 15.08399 11.17454 6.85358 3.59745 1.98970 1.17877 0.24806 0.00000 0.00000 0.00000 0.00000 0.00000 0.00000 0.00000 0.00000 0.00000 0.00000 0.00000 0.00000 0.00000 0.00000 0.00000 0.00000 0.00000 0.00000 0.36901 0.59874 0.67113 0.69269 0.61105 0.48135 0.34710 0.04165 0.00000 0.00000 0.00000 0.00000 0.00000 0.00000 0.00000 0.00000 0.00000 0.00000
0.35339 0.56877 0.73742 1.19381 2.03956 2.68165 3.40264 4.97173 7.74360 13.79094 24.78837 38.86940 42.74087 51.82758 51.10748 37.72691 39.59666 34.47390 20.92090 11.66165 4.96773 2.45764 1.30282 0.27879 0.04552 0.00000 0.00000 0.00000 0.00000 0.00000 0.00000 0.00000 0.00000 0.00000 0.00000 0.00000 0.00000 0.00000 0.00000 0.00000 0.00000 0.00000 0.18872 0.46606 0.60174 0.62040 0.47542 0.28769 0.12081 0.00000 0.00000 0.00000 0.00000 0.00000 0.00000 0.00000 0.00000 0.00000 0.00000 0.00000
0.05076 0.06834 0.08099 0.19103 0.54167 0.87247 1.90258 5.49997 8.51483 13.21355 20.80538 28.98786 33.04613 51.49577 53.37998 34.50799 34.55543 32.20919 26.13828 16.21896 5.04817 1.93736 0.87246 0.23528 0.06867 0.00000 0.00000 0.00000 0.00000 0.00000 0.00000 0.00000 0.00000 0.00000 0.00000 0.00000 0.00000 0.00000 0.00000 0.00000 0.00000 0.00000 0.00000 0.00000 0.16397 0.26285 0.03302 0.00000 0.00000 0.00000 0.00000 0.00000 0.00000 0.00000 0.00000 0.00000 0.00000 0.00000 0.00000 0.00000
0.00000 0.00000 0.00000 0.00000 0.18431 0.49158 1.61560 5.85613 8.11729 9.49816 11.42495 13.82960 19.46485 26.45145 23.85818 15.53936 11.89348 16.98647 17.88378 14.08669 5.53165 1.64798 0.65850 0.16833 0.02231 0.00000 0.00000 0.00000 0.00000 0.00000 0.00000 0.00000 0.00000 0.00000 0.00000 0.00000 0.00000 0.00000 0.00000 0.00000 0.00000 0.00000 0.00000 0.00000 0.00000 0.00000 0.00000 0.00000 0.00000 0.00000 0.00000 0.00000 0.00000 0.00000 0.00000 0.00000 0.00000 0.00000 0.00000 0.00000
0.00000 0.00000 0.00000 0.00000 0.05963 0.72588 2.11507 4.01201 5.10626 4.70717 4.29014 4.56812 6.91392 8.44830 2.74536 3.73369 12.48496 24.34856 20.61184 10.62747 5.29973 1.20025 0.60255 0.16769 0.08079 0.00000 0.00000 0.00000 0.00000 0.00000 0.00000 0.00000 0.00000 0.00000 0.00000 0.00000 0.00000 0.00000 0.00000 0.00000 0.00000 0.00000 0.00000 0.00000 0.00000 0.00000 0.00000 0.00000 0.00000 0.00000 0.00000 0.00000 0.00000 0.00000 0.00000 0.00000 0.00000 0.00000 0.00000 0.00000
2.21985 0.06112 0.00000 0.00000 0.00000 0.47664 1.12419 1.75293 1.91986 1.38878 1.24342 1.50808 1.81017 1.20955 0.19141 2.71980 18.84455 35.98943 20.52781 7.97678 5.92987 3.88214 1.94293 0.81937 1.40419 0.18568 0.00000 0.00000 0.00000 0.00000 0.00000 0.00000 0.00000 0.00000 0.00000 0.00000 0.00000 0.00000 0.03553 0.04126 0.02107 0.00000 0.00000 0.00000 0.00000 0.00000 0.00000 0.00000 0.00000 0.00000 0.00000 0.00000 0.00000 0.00000 0.00000 0.00000 0.00000 0.00000 0.00000 0.00000
8.19019 2.09350 0.13410 0.00000 0.00000 0.04505 0.12654 0.39143 0.36889 0.16573 0.13537 0.15251 0.08026 0.00000 0.00000 0.13121 9.10584 17.15410 11.09084 7.01026 6.98007 6.87418 6.88815 6.27343 5.73408 2.14335 0.43619 0.11962 0.00000 0.00000 0.00000 0.00000 0.00000 0.00000 0.00000 0.00000 0.14306 0.33306 0.46157 0.47740 0.33925 0.07365 0.00000 0.00000 0.00000 0.00000 0.00000 0.00000 0.00000 0.00000 0.00000 0.00000 0.00000 0.00000 0.00000 0.00000 0.00000 0.00000 0.00000 0.00000
14.52769 4.75211 0.38206 0.00000 0.00000 0.00000 0.00000 0.00000 0.00000 0.00000 0.00000 0.00000 0.00000 0.00000 0.00000 0.00000 1.67131 5.40070 6.35034 6.08188 5.96876 6.53910 9.98409 12.65376 10.48052 4.67485 1.09225 0.42239 0.13668 0.00000 0.00000 0.00000 0.00000 0.00000 0.00000 0.02447 0.20231 0.41550 0.68899 0.74122 0.51223 0.16039 0.00000 0.00000 0.00000 0.00000 0.00000 0.00000 0.00000 0.00000 0.00000 0.00000 0.00000 0.00000 0.00000 0.00000 0.00000 0.00000 0.00000 0.28557
11.25198 2.60772 0.26213 0.00000 0.00000 0.00000 0.00000 0.00000 0.00000 0.00000 0.00000 0.00000 0.00000 0.00000 0.00000 0.00000 0.37148 1.70467 2.85881 3.40270 3.44685 3.47641 6.14100 9.42808 8.98387 5.61682 3.33114 2.50619 1.84157 0.41654 0.00000 0.00000 0.00000 0.00000 0.00000 0.00000 0.03612 0.19517 0.57036 0.47218 0.22653 0.00000 0.00000 0.00000 0.00000 0.00000 0.00000 0.00000 0.00000 0.00000 0.00000 0.00000 0.00000 0.00000 0.00000 0.00000 0.00000 0.05136 0.44930 1.15246
5.19722 0.72693 0.00000 0.00000 0.00000 0.00000 0.00000 0.00000 0.00000 0.00000 0.00000 0.00000 0.00000 0.00000 0.03174 0.31073 0.70643 1.26269 1.87807 1.81137 1.84457 1.13866 2.15298 5.11978 6.93372 6.65696 6.35323 5.79821 5.39057 4.23924 1.21112 0.00000 0.00000 0.00000 0.00000 0.00000 0.00000 0.00000 0.03324 0.00000 0.00000 0.00000 0.00000 0.00000 0.00000 0.00000 0.00000 0.00000 0.00000 0.00000 0.00000 0.00000 0.00000 0.00000 0.00000 0.00000 0.00000 0.31059 0.78252 1.28839
0.21140 0.16034 0.00000 0.00000 0.00000 0.00000 0.00000 0.00000 0.00000 0.00000 0.00000 0.00000 0.00000 0.00000 0.53981 1.81235 2.83978 4.15765 2.00423 0.79551 1.10748 1.37834 2.53996 4.87614 7.56852 8.67607 7.84268 7.42594 9.45394 10.88003 5.88845 1.35591 0.13233 0.00000 0.00000 0.00000 0.00000 0.00000 0.00000 0.00000 0.00000 0.00000 0.00000 0.00000 0.00000 0.00000 0.00000 0.00000 0.00000 0.00000 0.00000 0.00000 0.00000 0.00000 0.00000 0.00000 0.00000 0.00000 0.06193 0.23510
0.00000 0.00000 0.00000 0.00000 0.00000 0.00000 0.00000 0.00000 0.00000 0.00000 0.00000 0.00000 0.00000 0.00000 0.66410 3.34879 9.67367 7.99530 2.07064 0.11969 0.36348 2.40870 5.43981 7.68444 9.48339 10.99911 7.63660 6.32393 11.97488 18.85742 21.30222 9.55400 0.90625 0.00000 0.00000 0.00000 0.00000 0.00000 0.00000 0.00000 0.00000 0.00000 0.11739 0.38776 0.22740 0.00000 0.00000 0.00000 0.00000 0.00000 0.00000 0.00000 0.00000 0.00000 0.00000 0.00000 0.00000 0.00000 0.00000 0.00000
0.00000 0.00000 0.00000 0.00000 0.00000 0.00000 0.00000 0.00000 0.00000 0.00000 0.00000 0.00000 0.00000 0.00000 0.17212 1.73340 4.67443 3.31154 1.78508 0.34631 1.87280 7.90332 11.68806 10.19754 8.33544 8.13867 4.22190 5.54028 11.85094 16.13988 18.66112 12.45268 1.53326 0.00000 0.00000 0.00000 0.11361 0.14244 0.06533 0.12116 1.78937 4.32158 3.74589 1.12859 0.18652 0.00000 0.00000 0.00000 0.00000 0.00000 0.00000 0.00000 0.00000 0.00000 0.00000 0.00000 0.00000 0.00000 0.00000 0.00000
0.00000 0.00000 0.00000 0.00000 0.00000 0.00000 0.00000 0.00000 0.00000 0.00000 0.00000 0.00000 0.00000 0.00000 0.13733 2.42385 5.88483 6.72407 5.84931 4.99842 10.24510 19.15494 18.94002 9.37419 4.65469 4.40972 4.06605 6.95927 10.05496 5.95267 6.58501 8.74931 3.48445 0.21473 0.00000 0.11742 0.96983 1.91423 0.89123 0.19934 3.20014 8.01915 17.83881 15.48591 2.92461 0.03851 0.00000 0.00000 0.00000 0.00000 0.00000 0.00000 0.00000 0.00000 0.00000 0.00000 0.00000 0.00000 0.00000 0.03357
0.00000 0.00000 0.00000 0.00000 0.00000 0.00000 0.00000 0.00000 0.00000 0.00000 0.00000 0.00000 0.00000 0.26081 2.23517 6.96724 14.49608 19.78655 20.32784 17.04875 17.02309 19.46795 17.54623 7.06909 2.33469 2.79333 3.05516 3.24084 4.34657 6.58743 9.82910 11.95695 8.45142 2.51342 0.46146 0.46882 1.19268 2.43468 0.86628 0.11354 1.33212 4.46517 15.66834 25.83814 7.02080 2.00224 0.00000 0.00000 0.00000 0.00000 0.00000 0.00000 0.00000 0.00000 0.00000 0.00000 0.00000 0.00000 0.00000 0.05355
0.00000 0.00000 0.00000 0.00000 0.00000 0.00000 0.00000 0.00000 0.00000 0.00000 0.00000 0.00000 0.09638 1.25629 5.68440 15.77247 25.42539 32.21436 30.75643 25.93122 18.49482 10.07555 8.48937 6.29376 2.37146 0.52501 1.02167 1.87354 5.31451 15.76721 25.40199 21.20192 10.87444 4.53770 1.87895 2.03180 2.69678 2.35445 1.93704 2.47281 3.06533 4.57563 4.30547 10.11066 7.70189 3.71449 0.36594 0.00000 0.00000 0.00000 0.00000 0.00000 0.00000 0.00000 0.00000 0.00000 0.00000 0.05526 0.07064 0.27246
0.00000 0.00000 0.00000 0.00000 0.00000 0.00000 0.00000 0.00000 0.00000 0.00000 0.00000 0.00000 0.33149 2.64145 6.46458 17.97535 23.53522 26.19637 26.20720 26.37327 19.71524 6.90024 3.16884 1.96902 0.00000 0.09460 0.49231 3.06181 10.74528 25.06204 37.20174 25.41161 10.93056 4.00314 2.69177 8.11197 5.36167 3.08406 5.79536 12.37623 12.62022 13.04687 4.54857 1.07813 2.15657 2.15970 0.70752 0.12442 0.00000 0.00000 0.00000 0.00000 0.00000 0.00000 0.03394 0.07265 0.26352 0.55583 0.85882 1.44744
0.00000 0.00000 0.00000 0.00000 0.00000 0.00000 0.00000 0.00000 0.00000 0.05387 0.07751 0.49370 2.34348 5.29770 5.98497 7.69729 15.92938 17.63438 15.49552 14.61786 9.95786 5.48484 2.81565 0.81298 0.19658 0.62473 1.69280 4.65262 10.51781 19.67509 24.60166 17.03364 7.84230 3.61616 2.02228 3.37201 3.68426 5.05164 16.82781 25.60163 12.77860 13.47817 6.48873 0.29981 0.08100 0.14691 0.09389 0.02895 0.00000 0.00000 0.00000 0.00000 0.00000 0.06119 0.10499 0.18263 0.66445 1.52062 2.87932 4.50097
0.00000 0.00000 0.00000 0.00000 0.00000 0.00000 0.00000 0.00000 0.37253 0.99079 1.62596 4.40093 10.31057 12.15551 7.86582 5.29562 12.17819 13.32290 6.93685 4.25120 4.16965 4.81989 3.21119 1.44614 0.86162 1.42969 3.01292 5.38263 6.80688 8.99624 10.41119 8.30035 4.29624 1.41064 0.03035 0.08733 0.50138 2.85718 12.67480 20.14463 16.88497 12.30304 3.41428 0.00000 0.02977 0.04844 0.03378 0.00000 0.00000 0.00000 0.00000 0.00000 0.03971 0.12275 0.20432 0.40357 1.11626 2.32992 3.37787 3.99079
0.00000 0.00000 0.00000 0.00000 0.00000 0.00000 0.08432 0.25181 0.96714 2.27657 3.63022 7.43801 17.97239 20.82381 12.30601 3.63340 4.34873 6.36731 3.71896 1.45107 2.54468 4.25547 2.95562 1.45238 0.99288 1.39498 2.52946 3.48127 3.80499 3.67978 3.06379 2.98661 1.23483 0.07664 0.00000 0.17203 0.09442 1.11395 7.92387 14.21397 16.28223 -99999.00000 -99999.00000 0.00000 0.00000 0.00000 0.00000 0.00000 0.00000 0.00000 0.00000 0.00000 0.07775 0.16191 0.26577 0.42442 1.02881 2.15936 2.59371 2.28244
0.00000 0.00000 0.00000 0.00000 0.10763 0.27702 0.97150 1.56954 1.60693 3.39143 6.89665 10.51349 16.28719 19.77153 14.88092 5.46367 3.50347 2.89444 1.57742 0.35096 0.85922 2.28816 2.32190 0.71019 0.58497 0.63585 0.93841 0.92529 1.10725 1.21528 1.13924 1.20235 0.42588 0.00000 0.00000 -99999.00000 -99999.00000 -99999.00000 -99999.00000 -99999.00000 -99999.00000 -99999.00000 -99999.00000 0.00000 0.00000 0.00000 0.00000 0.00000 0.00000 0.00000 0.00000 0.06135 0.13926 0.07650 0.14007 0.31301 0.65443 1.08216 1.22361 1.06105
0.00000 0.00000 0.00000 0.09011 -99999.00000 2.10111 3.94410 4.18557 1.69170 2.47316 7.36119 12.40101 16.41998 19.46352 16.76283 6.40864 3.27242 3.32768 1.60910 0.18706 0.54100 1.58421 1.82662 0.94746 0.46378 0.13153 0.00000 0.30887 0.58378 0.33529 0.20177 0.61366 0.30895 0.00000 -99999.00000 -99999.00000 -99999.00000 -99999.00000 -99999.00000 -99999.00000 -99999.00000 -99999.00000 -99999.00000 -99999.00000 0.00000 0.00000 0.00000 0.00000 0.00000 0.00000 0.05094 0.27150 0.24121 0.18848 0.04950 0.00000 0.03407 0.11011 0.19229 0.09613
-99999.00000 -99999.00000 -99999.00000 -99999.00000 -99999.00000 3.16560 9.88561 9.65160 4.10431 2.31832 4.73433 11.61384 20.78732 25.63671 21.05977 9.69696 4.81538 4.98095 1.93979 0.42961 0.46952 1.12263 1.26508 0.76039 0.16824 0.00000 0.00000 0.12823 0.41647 0.23148 0.00000 0.11808 0.12861 0.00000 -99999.00000 -99999.00000 -99999.00000 -99999.00000 -99999.00000 -99999.00000 -99999.00000 -99999.00000 -99999.00000 -99999.00000 -99999.00000 0.00000 0.00000 0.00000 0.00000 0.02467 0.40230 0.50085 0.47085 0.54500 0.33001 0.05093 0.00000 0.00000 0.00000 0.00000
