DATA/RAW-RASTER/CPC/2017/20170528.asc
ncols			60
nrows			40
xllcorner		70.0
yllcorner		20.0
cellsize		0.5
NODATA_value	-99999
0.00000 0.08125 0.26956 0.24001 0.13625 0.00000 0.00000 0.00000 0.00000 0.00000 0.00000 0.00000 0.00000 0.00000 0.00000 0.00000 0.00000 0.00000 0.00000 0.00000 0.00000 0.00000 0.00000 0.00000 0.00000 0.00000 0.00000 0.00000 0.00000 0.00000 0.00000 0.00000 0.00000 0.00000 0.00000 0.00000 0.00000 0.00000 0.00000 0.00000 0.00000 0.00000 0.00000 0.00000 0.00000 0.00000 0.00000 0.00000 0.00000 0.00000 0.00000 0.00000 0.00000 0.00000 0.00000 0.00000 0.00000 0.00000 0.00000 0.00000
0.00000 0.07625 0.52050 0.57505 0.30134 0.00000 0.00000 0.00000 0.00000 0.00000 0.00000 0.00000 0.00000 0.00000 0.00000 0.00000 0.00000 0.00000 0.00000 0.00000 0.00000 0.00000 0.00000 0.00000 0.00000 0.00000 0.00000 0.00000 0.00000 0.00000 0.00000 0.00000 0.00000 0.00000 0.00000 0.00000 0.00000 0.00000 0.00000 0.00000 0.00000 0.00000 0.00000 0.00000 0.00000 0.00000 0.00000 0.00000 0.00000 0.00000 0.00000 0.00000 0.00000 0.00000 0.00000 0.00000 0.00000 0.00000 0.00000 0.00000
0.00000 0.00000 0.16231 0.28960 0.10626 0.00000 0.00000 0.00000 0.00000 0.00000 0.00000 0.00000 0.00000 0.00000 0.00000 0.00000 0.00000 0.00000 0.00000 0.00000 0.00000 0.00000 0.00000 0.00000 0.00000 0.00000 0.00000 0.00000 0.00000 0.00000 0.00000 0.00000 0.00000 0.00000 0.00000 0.00000 0.00000 0.00000 0.00000 0.00000 0.00000 0.00000 0.00000 0.00000 0.00000 0.00000 0.00000 0.00000 0.00000 0.00000 0.00000 0.00000 0.00000 0.00000 0.03012 0.00000 0.00000 0.00000 0.00000 0.00000
0.00000 0.00000 0.00000 0.00000 0.00000 0.00000 0.00000 0.00000 0.00000 0.00000 0.00000 0.00000 0.00000 0.00000 0.00000 0.00000 0.00000 0.00000 0.00000 0.00000 0.00000 0.00000 0.00000 0.00000 0.00000 0.00000 0.00000 0.00000 0.00000 0.00000 0.00000 0.00000 0.00000 0.00000 0.00000 0.00000 0.00000 0.00000 0.00000 0.00000 0.00000 0.00000 0.00000 0.00000 0.00000 0.00000 0.00000 0.00000 0.00000 0.00000 0.00000 0.00000 0.00000 0.05315 0.09565 0.09558 0.06102 0.00000 0.00000 0.00000
0.00000 0.00000 0.00000 0.00000 0.00000 0.00000 0.00000 0.00000 0.00000 0.00000 0.00000 0.00000 0.00000 0.00000 0.00000 0.00000 0.00000 0.00000 0.00000 0.00000 0.00000 0.00000 0.00000 0.00000 0.00000 0.00000 0.00000 0.00000 0.00000 0.00000 0.00000 0.00000 0.00000 0.00000 0.00000 0.00000 0.00000 0.00000 0.00000 0.00000 0.00000 0.00000 0.00000 0.00000 0.00000 0.00000 0.00000 0.00000 0.00000 0.00000 0.00000 0.00000 0.00000 0.08060 0.11837 0.12240 0.09019 0.03399 0.00000 0.00000
0.00000 0.00000 0.00000 0.00000 0.00000 0.00000 0.00000 0.00000 0.00000 0.00000 0.00000 0.00000 0.00000 0.00000 0.00000 0.00000 0.00000 0.00000 0.00000 0.00000 0.00000 0.00000 0.00000 0.00000 0.00000 0.00000 0.00000 0.00000 0.00000 0.00000 0.00000 0.00000 0.00000 0.00000 0.00000 0.00000 0.00000 0.00000 0.00000 0.00000 0.00000 0.00000 0.00000 0.00000 0.00000 0.00000 0.00000 0.00000 0.00000 0.00000 0.00000 0.00000 0.02293 0.06683 0.08864 0.09116 0.07765 0.03339 0.00000 0.00000
0.00000 0.00000 0.00000 0.00000 0.00000 0.00000 0.00000 0.00000 0.00000 0.00000 0.00000 0.00000 0.00000 0.00000 0.00000 0.00000 0.00000 0.00000 0.00000 0.00000 0.00000 0.00000 0.00000 0.00000 0.00000 0.00000 0.00000 0.00000 0.00000 0.00000 0.00000 0.00000 0.00000 0.00000 0.00000 0.00000 0.00000 0.00000 0.00000 0.02171 0.02385 0.03399 0.04498 0.02998 0.00000 0.00000 0.00000 0.00000 0.00000 0.00000 0.00000 0.00000 0.03241 0.07349 0.07445 0.05583 0.04519 0.07218 0.05434 0.00000
0.00000 0.00000 0.00000 0.00000 0.00000 0.00000 0.00000 0.00000 0.00000 0.02108 0.05020 0.05114 0.00000 0.00000 0.00000 0.00000 0.00000 0.00000 0.00000 0.00000 0.00000 0.00000 0.00000 0.00000 0.00000 0.00000 0.00000 0.00000 0.00000 0.00000 0.00000 0.00000 0.00000 0.00000 0.00000 0.02035 0.03455 0.05601 0.08118 0.10896 0.14021 0.17586 0.19923 0.16737 0.09190 0.03889 0.00000 0.02099 0.02374 0.02033 0.02962 0.03936 0.06242 0.20138 0.19376 0.13038 0.14738 0.33203 0.45266 0.44587
0.00000 0.00000 0.00000 0.00000 0.00000 0.00000 0.00000 0.00000 0.00000 0.12739 0.18108 0.17002 0.12840 0.05668 0.00000 0.00000 0.00000 0.00000 0.00000 0.00000 0.00000 0.02302 0.02892 0.03725 0.04757 0.05919 0.07082 0.08015 0.08114 0.06261 0.00000 0.00000 0.05175 0.06113 0.05957 0.07333 0.12619 0.19566 0.26977 0.35887 0.45183 0.50923 0.49119 0.36670 0.19720 0.07679 0.04299 0.09858 0.16804 0.24772 0.41658 0.68322 0.90796 1.04817 1.05856 0.98306 1.10017 1.36539 1.63312 1.65993
0.00000 0.00000 0.00000 0.00000 0.00000 0.00000 0.00000 0.06111 0.16206 0.27909 0.24346 0.18736 0.16173 0.15768 0.12836 0.02048 0.14399 0.21332 0.17320 0.15720 0.15914 0.16924 0.17842 0.19474 0.21134 0.22246 0.23430 0.23895 0.24198 0.29140 0.32470 0.38213 0.51863 0.50349 0.45505 0.44949 0.46054 0.58624 0.68134 0.77859 0.82436 0.83874 0.79573 0.65213 0.42189 0.16951 0.08143 0.23647 0.69870 1.55058 2.56625 3.33126 3.43890 3.04443 2.53859 2.33426 2.42913 2.84345 3.92604 4.29913
0.00000 0.00000 0.00000 0.00000 0.00000 0.00000 0.04876 0.28487 0.49079 0.57016 0.40226 0.18286 0.18873 0.30940 0.50844 0.81943 1.11372 0.79740 0.63647 0.56697 0.54374 0.54143 0.54318 0.55896 0.56858 0.53118 0.53287 0.50229 0.51423 0.60177 0.85960 1.28957 1.41665 1.53341 1.64840 1.84269 1.87512 1.59029 1.33524 1.26133 1.20689 1.21152 1.16903 1.07065 0.94690 0.68855 0.48893 0.65934 1.58244 3.37717 5.01944 5.63522 5.44049 4.59083 3.55794 2.93695 2.93001 4.40400 7.67535 9.39578
0.00000 0.00000 0.00000 0.00000 0.02125 0.17666 0.45589 0.77934 0.77930 0.53263 0.43011 0.25409 0.28223 0.43213 0.71698 1.00461 1.33292 1.19579 0.96938 0.85723 0.80315 0.78084 0.76456 0.75857 0.72820 0.70238 0.75923 0.82676 0.97374 1.08861 1.53281 1.87889 1.99711 2.09589 2.32364 2.57865 2.56941 2.41939 2.12282 1.98740 1.86322 1.62474 1.46399 1.37439 1.34535 1.25424 1.17658 1.55865 2.89693 4.54030 5.68156 6.12626 6.11263 5.60730 4.89659 4.48170 5.04134 7.53077 11.48144 14.07344
0.00000 0.00000 0.00000 0.03495 0.11880 0.28446 1.01459 1.30166 1.08676 0.59137 0.38427 0.61479 0.62018 0.70396 1.11305 1.43679 1.47093 1.18351 0.96932 0.86863 0.81821 0.81177 0.80533 0.79401 0.81068 0.84488 0.94507 1.09793 1.35415 1.78262 2.07441 2.03741 2.19109 2.39351 2.74167 3.07189 3.21305 3.41072 3.52686 3.15544 2.82045 2.38754 2.05087 1.80938 1.64566 1.72751 2.07825 2.70229 3.85690 4.75926 5.24295 5.54474 5.75052 5.67835 5.42816 5.76541 7.36460 10.76490 14.26458 15.28034
0.00000 0.00000 0.00000 0.02750 0.06983 0.12923 0.33089 0.84180 1.65556 2.80856 2.02528 1.53708 1.55559 2.06200 3.04276 2.15293 1.59259 1.21347 0.92888 0.83776 0.82026 0.81447 0.81822 0.83829 0.89140 1.00874 1.20170 1.51164 1.96897 2.33594 2.33608 2.13153 2.34351 2.59163 2.92407 3.28823 3.51071 3.76162 3.97364 4.05016 4.02811 4.00814 3.85113 3.48543 3.36036 3.58099 4.23748 4.95323 4.76612 4.21968 4.08542 4.54658 5.20574 5.99118 6.02641 5.83501 7.33173 10.87703 14.01519 15.08461
0.00000 0.00000 0.00000 0.00000 0.02308 0.11262 0.31980 1.03628 3.51470 5.44056 4.33846 2.37874 1.67385 2.34841 2.98877 2.12018 1.87326 1.32710 0.96103 0.83756 0.83135 0.82742 0.85158 0.91577 1.07386 1.33791 1.70702 2.29371 2.78697 2.85714 2.46178 2.13210 2.34225 2.62249 3.00154 3.30316 3.57623 3.83986 4.15156 4.51987 4.94665 5.46200 6.00079 6.48874 7.19511 7.96312 8.57109 8.31415 6.84321 4.48976 3.29433 3.50361 4.36779 5.62705 5.78005 5.23655 4.97138 6.66234 9.87569 12.89972
0.00000 0.00000 0.00000 0.00000 0.00000 0.04536 0.40029 1.41079 2.96157 3.56996 3.04864 2.19773 1.34529 2.51593 3.72995 3.23146 1.95097 1.39710 1.13152 0.94775 0.87592 0.91555 0.99358 1.22315 1.63874 2.12869 2.92231 3.63389 3.95961 3.45345 2.57965 2.09409 2.31624 2.68165 3.10008 3.31366 3.49245 3.68040 4.01243 4.38674 4.88722 5.79415 7.11703 8.07908 9.40399 10.51003 11.56000 11.66780 9.67568 5.79747 3.13859 2.45239 2.83733 3.38139 3.41735 2.74749 2.15918 2.72432 5.37083 9.38098
0.00000 0.00000 0.00000 0.00000 0.00000 0.10641 0.38625 0.72945 0.75296 0.71984 1.25484 2.70872 4.18522 4.71423 2.74850 2.66246 2.14768 1.94280 2.01419 1.69716 1.49432 1.53698 1.74637 2.27036 2.97956 3.86616 4.90927 5.28371 5.15376 3.89589 2.65045 2.00327 2.26895 2.60408 2.81428 2.99079 3.18205 3.34766 3.71070 4.10850 4.56511 5.72696 7.88581 9.85677 10.85568 11.15718 12.25922 11.82049 9.75128 5.43107 1.93969 0.90590 0.99581 1.01876 0.92714 0.80764 0.59235 0.82776 2.12006 3.28707
0.00000 0.00000 0.00000 0.15274 0.51024 0.81169 1.02567 0.90208 0.47185 0.31487 0.67167 1.74964 3.33414 2.89844 1.56243 2.09076 3.31241 3.87028 4.26223 3.98084 3.72849 3.77247 4.05102 4.54659 5.07829 5.95226 6.63991 6.33001 5.43960 3.82518 2.48848 1.64023 2.09691 2.52861 2.74925 2.95047 3.07756 3.09659 3.52179 4.00078 4.30614 5.37546 7.78331 9.77009 10.74753 11.69922 11.88792 10.50279 7.51587 3.82220 1.00305 0.19774 0.23126 0.17543 0.10708 0.12210 0.28539 0.46033 0.63938 1.03004
0.00000 0.00000 0.00000 0.24387 1.17310 2.15178 2.56905 2.19279 1.55234 1.07880 0.52982 0.33509 0.30130 0.16089 0.46463 2.19566 6.31028 8.67021 8.16534 7.88987 6.90508 6.17809 6.11834 6.52044 7.51457 8.28571 7.99667 6.92660 5.22384 3.39723 1.73381 1.04056 1.41987 1.95872 2.39352 2.75356 2.85531 2.91466 3.18924 3.56649 3.85930 4.43215 5.96531 8.20896 9.79343 10.49837 9.42330 7.45320 4.81277 2.38999 0.79427 0.24181 0.05971 0.00000 0.00000 0.00000 0.05667 0.10407 0.02209 0.75889
0.00000 0.00000 0.00000 0.33586 1.52780 3.40536 4.07245 3.32749 2.70448 2.33179 1.71439 0.84336 0.06306 0.00000 0.19687 1.62031 6.26960 10.13260 13.37186 15.62183 10.28029 7.32185 6.81219 8.11438 9.05181 9.38940 8.83700 6.93139 4.66767 3.16320 1.49861 0.58627 0.63178 0.99060 1.51741 2.01555 2.20276 2.20046 2.29968 2.43991 2.36589 1.94104 2.07244 3.56370 5.47699 5.95323 4.78822 2.91696 1.81604 1.18789 0.69815 0.22241 0.00000 0.00000 0.00000 0.00000 0.00000 0.00000 0.00000 0.28023
0.00000 0.00000 0.00000 0.24217 1.25734 3.39233 4.45749 3.63642 3.28054 3.72559 3.92923 3.44859 2.54730 1.15003 0.90146 1.47179 4.41090 8.79054 15.82961 23.23515 14.14417 8.52237 8.98527 11.92791 12.06685 10.14830 8.03178 5.85358 4.52544 3.15730 1.22037 0.39818 0.29260 0.35157 0.60186 0.89123 0.91956 0.74683 0.76192 0.93907 0.80181 0.38375 0.27102 0.77240 1.60862 1.88190 1.46639 0.87390 0.65029 0.49023 0.45475 0.28485 0.06736 0.00000 0.00000 0.00000 0.00000 0.00000 0.00000 0.08152
0.00000 0.00000 0.00000 0.10537 0.78572 2.32026 3.37530 3.41289 3.86126 4.91546 6.01574 6.70449 7.63961 5.72769 2.53382 1.11215 2.28272 4.35639 10.81211 17.54731 13.62712 8.87085 9.58420 12.33557 16.64528 15.15226 7.91896 4.09758 2.75806 2.02220 1.07763 0.47139 0.24655 0.15038 0.26049 0.51996 0.36469 0.10637 0.11469 0.19359 0.14748 0.05107 0.04781 0.16371 0.27974 0.29375 0.30104 0.39925 0.37822 0.40209 0.29755 0.12044 0.00000 0.00000 0.06443 0.06722 0.07118 0.07289 0.05458 0.10445
0.00000 0.00000 0.00000 0.00000 0.37143 1.15324 1.75836 2.64913 4.20160 5.73997 8.57132 13.28954 16.91489 10.88100 5.56994 3.62807 2.74872 1.09782 1.34851 3.80235 7.13154 6.92441 5.39300 6.39110 12.53424 12.00216 6.48501 3.35233 2.52196 1.77517 0.99727 0.62957 0.44980 0.22979 0.35696 1.08790 0.50797 0.00000 0.00000 0.00000 0.00000 0.00000 0.00000 0.00000 0.00000 0.00000 0.00000 0.13267 0.29603 0.22319 0.03999 0.00000 0.00000 0.00000 0.12965 0.16768 0.18075 0.18452 0.18484 0.18168
0.00000 0.00000 0.00000 0.00000 0.00000 0.24839 0.49513 1.71437 4.20401 6.02921 11.14824 24.37732 34.66359 20.98334 11.03924 9.10024 8.03054 4.65264 0.54347 0.93298 3.28391 4.42118 3.02943 2.50043 4.56325 4.44616 2.76141 2.48938 3.06482 2.35899 0.94389 0.96009 1.28953 1.48743 2.45773 3.83073 2.61208 0.20444 0.00000 0.00000 0.00000 0.00000 0.00000 0.00000 0.00000 0.00000 0.00000 0.00000 0.05817 0.02102 0.00000 0.00000 0.00000 0.00000 0.14986 0.27239 0.31691 0.27210 0.28129 0.44208
0.00000 0.00000 0.00000 0.00000 0.00000 0.00000 0.22752 1.55486 4.47646 7.07269 11.95347 26.89088 37.76488 27.58591 16.30180 12.88632 11.68881 8.63520 5.27643 3.52776 5.23927 5.06931 2.52273 1.04566 1.51938 1.15208 0.74125 1.16237 2.40591 2.93050 1.88440 2.68628 3.11700 4.76326 9.90366 13.60953 5.99029 0.00000 0.00000 0.00000 0.00000 0.00000 0.00000 0.00000 0.00000 0.00000 0.00000 0.00000 0.06089 0.46012 0.27206 0.03625 0.00000 0.00000 0.24713 0.66446 0.89329 0.98469 0.77234 1.17105
0.00000 0.00000 0.00000 0.00000 0.00000 0.00000 0.00000 0.96658 3.42677 5.68982 9.47505 15.69892 20.88347 19.38060 14.88652 13.49296 12.45345 10.75571 10.05564 9.52785 9.09324 6.48193 3.67491 1.76498 1.11300 0.44757 0.13446 0.71055 2.69718 5.37334 9.19147 13.07194 8.79640 6.54151 12.81323 24.48132 7.77840 0.00000 0.00000 0.00000 0.00000 0.00000 0.00000 0.00000 0.00000 0.35404 0.12312 0.00000 0.00000 0.30856 0.44222 0.34292 0.18838 0.18962 1.21662 2.51816 2.65889 2.42699 1.86555 2.65454
0.00000 0.00000 0.00000 0.00000 0.00000 0.00000 0.00000 0.23850 1.27323 2.65979 6.31746 9.63858 10.21094 9.47231 8.83828 8.77591 8.52784 10.53556 14.57525 14.83690 11.99866 8.08434 5.75412 3.74332 1.51531 0.04257 0.02958 0.68649 3.37909 8.77168 20.44777 32.39409 25.50690 10.17713 3.56389 6.76091 1.13688 0.00000 0.00000 0.00000 0.00000 0.00000 0.00000 0.36750 1.68186 3.10945 4.50020 0.43089 0.00000 0.05470 0.27788 0.37479 0.53443 1.07875 2.91469 5.00185 5.46668 4.69749 3.65854 3.67064
0.00000 0.00000 0.00000 0.00000 0.00000 0.00000 0.00000 0.00000 0.12137 0.69304 2.85341 4.19504 3.13091 2.23700 1.69915 2.55503 2.51428 8.63812 19.67843 21.74326 16.38481 11.37798 7.81026 4.73105 1.50276 0.00000 0.00000 0.16115 2.51837 7.48636 19.08520 36.71986 29.69023 9.15051 3.15770 3.40074 3.72127 3.32103 0.30672 0.00000 0.00000 0.00000 0.00000 2.09503 8.78311 17.37758 21.37553 9.84480 1.70749 0.03252 0.02628 0.37266 0.76247 1.52888 3.44720 5.86572 6.92770 6.59630 5.49940 4.44529
0.00000 0.00000 0.00000 0.00000 0.00000 0.00000 0.00000 0.00000 0.00000 0.00000 0.19483 0.31617 0.09786 0.07923 0.40801 0.80663 1.48422 5.59521 15.47224 17.69637 13.59280 9.86734 7.25048 4.45824 0.99589 0.00000 0.00000 0.03716 1.02690 3.83302 12.77368 22.00465 18.80981 10.13876 6.54546 7.05561 12.07575 12.69391 2.44866 0.00000 0.00000 0.00000 0.17887 3.38465 12.43154 23.16663 28.74674 14.26096 3.23808 0.98396 0.59922 0.28448 0.69679 1.97889 3.16423 5.03849 6.90309 7.84238 6.74922 5.57606
0.00000 0.00000 0.00000 0.00000 0.00000 0.00000 0.00000 0.00000 0.00000 0.00000 0.00000 0.00000 0.07055 1.33856 2.04482 1.17502 0.84662 1.59048 4.42758 7.83818 7.61037 6.08844 5.81760 4.70261 1.96911 0.22078 0.00000 0.00000 0.49126 2.97049 7.26436 11.51974 11.26249 9.70507 8.47857 11.19000 17.37688 13.57499 4.81912 0.47084 0.28156 0.04846 0.00000 0.84689 7.83491 12.38390 13.69382 10.01249 3.41141 1.79227 1.43188 1.23198 1.50985 2.44326 2.75665 4.28156 5.75835 8.20238 9.08594 6.86059
0.00000 0.00000 0.00000 0.00000 0.00000 0.00000 0.00000 0.00000 0.00000 0.00000 0.00000 0.02545 1.01972 3.42805 5.45580 3.82374 1.52259 0.34964 1.74570 5.54405 5.90096 3.75428 6.19197 6.24901 3.32582 0.67404 0.00000 0.00000 0.04840 0.59462 2.36916 5.75102 7.40430 6.93361 10.26929 12.44785 12.32553 6.81338 1.84422 2.14831 1.71498 0.52493 0.11866 0.21624 1.50821 1.75077 4.27734 5.48732 4.34151 3.26642 2.61276 2.02199 2.21173 2.84457 3.40232 4.88537 5.59600 8.06293 8.23902 6.91916
0.00000 0.00000 0.00000 0.00000 0.00000 0.00000 0.00000 0.00000 0.00000 0.00000 0.00000 0.00000 0.70809 2.20589 4.41682 3.88772 1.84183 1.00308 2.30027 3.94908 3.91938 3.22599 6.07001 7.09041 5.13541 2.41110 1.02375 0.25683 0.00000 0.02180 0.21993 2.25632 3.10859 5.07549 8.97365 8.99391 3.32581 0.89076 1.02855 4.11147 4.32541 1.36234 0.00000 0.00000 0.00000 0.99918 2.04439 3.90249 4.22262 3.53098 2.79953 2.27026 2.67726 2.92167 3.01354 4.84210 5.23987 5.84468 4.11019 2.79015
0.00000 0.00000 0.00000 0.00000 0.00000 0.00000 0.00000 0.00000 0.00000 0.00000 0.00000 0.00000 0.03680 0.27060 1.10621 1.08364 1.20524 2.00382 3.69374 4.05454 3.59098 2.98385 4.52007 6.79926 6.73178 5.03772 3.35769 1.77932 0.70256 0.19749 0.40281 2.62601 2.56986 2.23913 4.96987 9.59493 3.04485 0.00000 0.23587 1.87379 2.55504 1.18210 0.53844 0.97833 2.62209 4.85713 3.66713 2.93217 2.58305 2.23422 1.71832 1.84276 2.68937 3.16197 3.57620 3.96509 3.80018 2.63368 1.08100 0.40195
0.00000 0.00000 0.00000 0.00000 0.00000 0.00000 0.00000 0.00000 0.00000 0.00000 0.00000 0.00000 0.00000 0.00000 0.00000 0.00000 1.12617 6.41200 9.07785 6.11090 3.84626 3.15908 4.85409 7.87094 8.40726 6.63877 5.46096 4.37368 2.97949 1.97802 2.29727 8.53175 9.63822 3.45880 1.03043 2.74493 1.92113 2.83460 5.20907 6.15213 0.53484 4.16864 9.35600 7.98549 14.47339 12.54212 5.22925 2.69905 1.91706 1.72936 1.22721 1.33843 2.01560 2.49844 2.50806 2.21596 2.23993 1.26430 0.26323 0.00000
0.00000 0.00000 0.00000 0.00000 0.00000 0.00000 0.00000 0.00000 0.00000 0.00000 0.00000 0.00000 0.00000 0.00000 0.00000 0.00000 1.64464 7.18951 10.50210 6.01978 2.82110 4.22330 7.08756 9.64447 9.09999 7.34148 6.07630 5.43118 4.86416 4.77477 7.70726 18.72191 24.64652 10.35561 0.43472 1.30615 9.85689 16.32893 23.81166 17.57144 2.15655 9.14028 16.30632 8.17838 19.22261 17.02215 9.22441 4.19502 3.14410 2.21682 1.71765 1.42644 1.43691 1.54396 1.38471 0.98522 1.16170 0.67251 0.06848 0.00000
0.00000 0.00000 0.00000 0.00000 0.00000 0.00000 0.00000 0.00000 0.00000 0.00000 0.00000 0.00000 0.00000 0.00000 0.00000 0.14910 2.25826 7.11103 6.57876 3.58706 4.96943 9.13306 8.35934 8.08544 7.81555 6.48198 5.12853 4.85997 5.34126 5.24327 7.01347 12.84988 13.94915 5.81814 0.08003 0.49596 5.43940 8.17403 15.43497 12.29510 3.52416 1.54354 0.89294 1.70016 12.90627 19.26443 16.12412 7.56356 4.72461 4.30591 3.39421 2.33880 1.24914 1.09836 0.92717 0.72775 0.62121 0.29385 0.00000 0.00000
0.00000 0.00000 0.00000 0.00000 0.00000 0.00000 0.00000 0.00000 0.00000 0.00000 0.00000 0.00000 0.00000 0.00000 0.00000 0.43256 5.27239 13.27745 12.93595 6.55308 5.68309 8.94945 5.86189 3.97519 3.98938 3.51595 3.21833 3.54682 4.55635 3.40767 2.64463 4.26636 3.38915 0.32699 0.00000 0.00000 0.50913 2.51730 5.95970 5.69412 2.80705 -99999.00000 -99999.00000 11.23988 21.57999 28.93176 27.45850 13.48381 6.35405 6.19321 6.21787 3.84578 1.05367 0.67131 0.53931 0.34871 0.18602 0.03415 0.00000 0.00000
0.00000 0.00000 0.00000 0.00000 0.00000 0.00000 0.00000 0.00000 0.00000 0.00000 0.00000 0.00000 0.00000 0.00000 0.00000 0.12502 6.99677 24.26817 29.87929 13.30255 4.18120 3.30140 1.34024 0.61207 0.74869 0.57805 0.97366 0.71733 1.14222 0.94547 0.51454 0.83635 0.37684 0.00000 0.00000 -99999.00000 -99999.00000 -99999.00000 -99999.00000 -99999.00000 -99999.00000 -99999.00000 -99999.00000 37.26577 47.55797 44.03451 35.76299 21.12429 10.26573 8.68624 7.90451 3.75776 0.69758 0.32509 0.30386 0.46346 0.14030 0.00000 0.00000 0.00000
0.00000 0.00000 0.00000 0.00000 -99999.00000 0.00000 0.00000 0.00000 0.00000 0.00000 0.00000 0.00000 0.00000 0.00000 0.00000 0.00000 3.04079 14.19513 23.30299 12.06066 5.51199 2.43272 0.62277 0.04959 0.00000 0.00000 0.00000 0.06736 0.12946 0.02486 0.00000 0.00000 0.00000 0.00000 -99999.00000 -99999.00000 -99999.00000 -99999.00000 -99999.00000 -99999.00000 -99999.00000 -99999.00000 -99999.00000 -99999.00000 52.61270 42.04803 32.72622 25.09397 17.51620 11.99356 7.18768 2.45829 0.27991 0.30596 0.62544 1.13853 1.47436 1.10557 0.40211 0.03027
-99999.00000 -99999.00000 -99999.00000 -99999.00000 -99999.00000 0.00000 0.00000 0.00000 0.00000 0.00000 0.00000 0.00000 0.00000 0.00000 0.00000 0.00000 0.40914 5.35180 10.55450 8.64711 6.18866 3.42080 1.16748 0.03716 0.00000 0.00000 0.00000 0.00000 0.00000 0.00000 0.07634 0.17809 0.03999 0.00000 -99999.00000 -99999.00000 -99999.00000 -99999.00000 -99999.00000 -99999.00000 -99999.00000 -99999.00000 -99999.00000 -99999.00000 -99999.00000 31.27275 28.61184 26.26462 22.54039 14.40103 6.01659 1.33393 0.31173 0.49835 0.66919 1.08703 2.05260 2.47124 1.34294 0.21574
