DATA/RAW-RASTER/CPC/2017/20170517.asc
ncols			60
nrows			40
xllcorner		70.0
yllcorner		20.0
cellsize		0.5
NODATA_value	-99999
0.03664 0.08242 0.25029 0.23443 0.16333 0.00000 0.00000 0.04523 0.08244 0.13271 0.04639 0.00000 0.00000 0.00000 0.00000 0.00000 0.00000 0.00000 0.00000 0.00000 0.00000 0.00000 0.00000 0.00000 0.00000 0.00000 0.00000 0.00000 0.00000 0.00000 0.00000 0.00000 0.00000 0.00000 0.00000 0.00000 0.00000 0.00000 0.00000 0.00000 0.00000 0.00000 0.00000 0.00000 0.00000 0.00000 0.00000 0.00000 0.00000 0.00000 0.00000 0.00000 0.00000 0.00000 0.00000 0.00000 0.00000 0.00000 0.00000 0.00000
0.00000 0.17641 0.53421 0.64871 0.59746 0.38893 0.15023 0.18628 0.42434 0.50821 0.25719 0.06460 0.00000 0.00000 0.00000 0.00000 0.00000 0.00000 0.00000 0.00000 0.00000 0.00000 0.00000 0.00000 0.00000 0.00000 0.00000 0.00000 0.00000 0.00000 0.00000 0.00000 0.00000 0.00000 0.00000 0.00000 0.00000 0.00000 0.00000 0.00000 0.00000 0.00000 0.00000 0.00000 0.00000 0.00000 0.00000 0.00000 0.00000 0.00000 0.00000 0.00000 0.00000 0.00000 0.00000 0.00000 0.00000 0.00000 0.00000 0.00000
0.00000 0.00000 0.41232 0.90002 1.28515 1.24310 0.62585 0.41948 0.96686 1.24124 0.87743 0.33975 0.08834 0.00000 0.00000 0.00000 0.00000 0.00000 0.00000 0.00000 0.00000 0.00000 0.00000 0.00000 0.00000 0.00000 0.00000 0.00000 0.00000 0.00000 0.00000 0.00000 0.00000 0.00000 0.00000 0.00000 0.00000 0.00000 0.00000 0.00000 0.00000 0.00000 0.00000 0.00000 0.00000 0.00000 0.00000 0.00000 0.00000 0.00000 0.00000 0.00000 0.00000 0.00000 0.00000 0.00000 0.00000 0.00000 0.00000 0.00000
0.00000 0.00000 0.40023 1.09221 1.85914 1.89093 1.48791 1.69112 2.21594 2.02906 1.55187 0.74393 0.22627 0.02519 0.00000 0.00000 0.00000 0.00000 0.00000 0.00000 0.00000 0.00000 0.00000 0.00000 0.00000 0.00000 0.00000 0.00000 0.00000 0.00000 0.00000 0.00000 0.00000 0.00000 0.00000 0.00000 0.00000 0.00000 0.00000 0.00000 0.00000 0.00000 0.00000 0.00000 0.00000 0.00000 0.00000 0.00000 0.00000 0.00000 0.00000 0.00000 0.00000 0.00000 0.00000 0.00000 0.00000 0.00000 0.00000 0.00000
0.00000 0.00000 0.17789 0.58128 1.27953 1.67219 1.83291 2.19026 2.59906 2.54699 1.82599 0.94885 0.32391 0.07633 0.00000 0.00000 0.00000 0.00000 0.00000 0.00000 0.00000 0.00000 0.00000 0.00000 0.00000 0.00000 0.00000 0.00000 0.00000 0.00000 0.00000 0.00000 0.00000 0.00000 0.00000 0.00000 0.00000 0.00000 0.00000 0.00000 0.00000 0.00000 0.00000 0.00000 0.00000 0.00000 0.00000 0.00000 0.00000 0.00000 0.00000 0.00000 0.00000 0.00000 0.00000 0.00000 0.00000 0.00000 0.00000 0.00000
0.00000 0.00000 0.00000 0.17954 0.58321 1.04730 1.47461 1.91194 2.40987 2.57867 2.06700 1.13761 0.41771 0.10488 0.00000 0.00000 0.00000 0.00000 0.00000 0.00000 0.00000 0.00000 0.00000 0.00000 0.00000 0.00000 0.00000 0.00000 0.00000 0.00000 0.00000 0.00000 0.00000 0.00000 0.00000 0.00000 0.00000 0.00000 0.00000 0.00000 0.00000 0.00000 0.00000 0.00000 0.00000 0.00000 0.00000 0.00000 0.00000 0.00000 0.00000 0.00000 0.00000 0.00000 0.00000 0.00000 0.00000 0.00000 0.00000 0.00000
0.00000 0.00000 0.00000 0.00000 0.10209 0.30673 0.79582 1.28652 1.78447 2.37749 2.19402 1.26229 0.51843 0.16186 0.00000 0.00000 0.00000 0.00000 0.00000 0.00000 0.00000 0.00000 0.00000 0.00000 0.00000 0.00000 0.00000 0.00000 0.00000 0.00000 0.00000 0.00000 0.00000 0.00000 0.00000 0.00000 0.00000 0.00000 0.00000 0.00000 0.00000 0.00000 0.00000 0.00000 0.00000 0.00000 0.00000 0.00000 0.00000 0.00000 0.00000 0.00000 0.00000 0.00000 0.00000 0.00000 0.00000 0.00000 0.00000 0.00000
0.00000 0.00000 0.00000 0.00000 0.00000 0.00000 0.04524 0.29839 0.91549 1.42176 1.70402 1.25594 0.54250 0.07504 0.00000 0.00000 0.00000 0.00000 0.00000 0.00000 0.00000 0.00000 0.00000 0.00000 0.00000 0.00000 0.00000 0.00000 0.00000 0.00000 0.00000 0.00000 0.00000 0.00000 0.00000 0.00000 0.00000 0.00000 0.00000 0.00000 0.00000 0.00000 0.00000 0.00000 0.00000 0.00000 0.00000 0.00000 0.00000 0.00000 0.00000 0.00000 0.00000 0.00000 0.00000 0.00000 0.00000 0.00000 0.00000 0.00000
0.00000 0.00000 0.00000 0.00000 0.00000 0.00000 0.00000 0.08084 0.56129 0.90903 1.05674 0.76396 0.42631 0.18432 0.00000 0.00000 0.00000 0.00000 0.00000 0.00000 0.00000 0.00000 0.00000 0.00000 0.00000 0.00000 0.00000 0.00000 0.00000 0.00000 0.00000 0.00000 0.00000 0.00000 0.00000 0.00000 0.00000 0.00000 0.00000 0.00000 0.00000 0.00000 0.00000 0.00000 0.00000 0.00000 0.00000 0.00000 0.00000 0.00000 0.00000 0.00000 0.00000 0.00000 0.00000 0.00000 0.00000 0.00000 0.00000 0.00000
0.00000 0.00000 0.00000 0.00000 0.00000 0.00000 0.00000 0.33400 0.97664 1.44327 0.97914 0.55095 0.36512 0.24622 0.06771 0.00000 0.00000 0.00000 0.00000 0.00000 0.00000 0.00000 0.00000 0.00000 0.00000 0.00000 0.00000 0.00000 0.00000 0.00000 0.00000 0.00000 0.06260 0.05536 0.02548 0.06390 0.02531 0.02726 0.02323 0.00000 0.00000 0.00000 0.00000 0.00000 0.00000 0.00000 0.00000 0.00000 0.00000 0.00000 0.00000 0.00000 0.00000 0.00000 0.00000 0.00000 0.00000 0.00000 0.00000 0.00000
0.00000 0.00000 0.00000 0.00000 0.00000 0.00000 0.03075 1.24015 2.75904 2.90391 1.34034 0.37498 0.18487 0.13078 0.06947 0.00000 0.00000 0.00000 0.00000 0.00000 0.00000 0.00000 0.00000 0.00000 0.00000 0.00000 0.00000 0.00000 0.00000 0.00000 0.00000 0.11382 0.15070 0.18320 0.21744 0.25232 0.24201 0.18544 0.11977 0.10835 0.06968 0.04818 0.02125 0.00000 0.00000 0.00000 0.00000 0.00000 0.00000 0.00000 0.00000 0.00000 0.00000 0.00000 0.00000 0.00000 0.00000 0.00000 0.00000 0.00000
0.00000 0.00000 0.00000 0.00000 0.00000 0.00000 0.07948 1.59006 4.18783 2.40522 0.80685 0.24416 0.08833 0.03944 0.00000 0.00000 0.09337 0.10534 0.06458 0.03049 0.00000 0.00000 0.00000 0.00000 0.00000 0.00000 0.04464 0.07496 0.11180 0.06027 0.08787 0.14239 0.18125 0.22406 0.30465 0.38423 0.39166 0.36482 0.27365 0.33410 0.29769 0.17152 0.08444 0.03202 0.00000 0.00000 0.00000 0.00000 0.00000 0.00000 0.00000 0.00000 0.00000 0.00000 0.00000 0.00000 0.00000 0.00000 0.00000 0.00000
0.00000 0.00000 0.00000 0.00000 0.00000 0.00000 0.28277 1.43453 3.17214 1.58637 0.41469 0.13405 0.02353 0.00000 0.03093 0.13720 0.18879 0.13926 0.07045 0.02983 0.00000 0.00000 0.00000 0.00000 0.02013 0.04417 0.09107 0.15301 0.23002 0.27328 0.22525 0.14131 0.17833 0.22586 0.32876 0.46738 0.59886 0.74199 0.84757 0.81582 0.77335 0.56269 0.35290 0.19163 0.11131 0.04780 0.00000 0.00000 0.00000 0.00000 0.00000 0.00000 0.00000 0.00000 0.00000 0.00000 0.00000 0.00000 0.00000 0.00000
0.00000 0.00000 0.00000 0.00000 0.00000 0.00000 0.00000 0.33444 0.62305 0.48808 0.02174 0.00000 0.00000 0.05953 0.23708 0.27355 0.29220 0.20301 0.07854 0.02520 0.00000 0.00000 0.00000 0.00000 0.04969 0.12166 0.19774 0.32387 0.46498 0.46672 0.27822 0.11885 0.15668 0.19592 0.27054 0.40572 0.56605 0.77117 1.00272 1.23260 1.44187 1.57305 1.42061 1.12940 0.86438 0.62569 0.26159 0.13088 0.00000 0.00000 0.00000 0.03135 0.03918 0.00000 0.00000 0.00000 0.00000 0.00000 0.05716 0.05954
0.00000 0.00000 0.00000 0.00000 0.00000 0.00000 0.00000 0.00000 0.00000 0.00000 0.00000 0.00000 0.04230 0.20580 0.30067 0.46498 0.62750 0.40317 0.13777 0.02815 0.00000 0.00000 0.00000 0.05495 0.17306 0.31541 0.45354 0.72436 1.03644 0.84521 0.33878 0.12397 0.12998 0.15646 0.21293 0.31663 0.46860 0.68937 0.97099 1.31326 1.81082 2.48815 3.06730 3.28000 3.04816 2.20799 1.14882 0.49188 0.24299 0.16276 0.11052 0.16644 0.17263 0.08121 0.00000 0.00000 0.18362 0.27462 0.28664 0.19412
0.00000 0.00000 0.00000 0.00000 0.00000 0.00000 0.00000 0.00000 0.00000 0.00000 0.00000 0.00000 0.19659 0.86607 1.35542 1.78275 1.18973 0.68246 0.31523 0.11966 0.05047 0.08510 0.11479 0.29643 0.53605 0.70140 1.06136 1.55006 1.83684 1.42079 0.58343 0.12980 0.11511 0.12754 0.15534 0.21103 0.33085 0.54368 0.85201 1.18185 1.66627 2.65199 4.03390 4.83400 4.99172 3.64204 1.55817 0.46200 0.34518 0.52994 0.68483 0.75168 0.61055 0.35152 0.23228 0.31816 0.51203 0.58112 0.57730 0.45963
0.00000 0.00000 0.00000 0.00000 0.00000 0.00000 0.00000 0.00000 0.00000 0.00000 0.00000 0.00000 0.44307 1.95270 3.25006 3.06859 1.84287 1.17759 1.00679 0.70544 0.56760 0.60505 0.77450 1.10559 1.33882 1.65849 2.13495 2.68387 2.80864 2.08665 1.04602 0.22368 0.12382 0.11813 0.11017 0.11712 0.17268 0.34736 0.69990 1.04047 1.40083 2.49706 4.60465 6.28140 6.59660 4.86259 2.08212 0.48659 0.47426 1.03023 1.62060 1.76089 1.16819 0.49596 0.25402 0.35048 0.57219 0.72830 0.90780 1.10741
0.00000 0.00000 0.00000 0.00000 0.00000 0.00000 0.02999 0.04281 0.03520 0.00000 0.00000 0.00000 0.02994 0.54203 1.25883 2.38871 2.63935 2.22799 2.36012 2.44286 2.56105 2.72068 2.85976 2.95783 2.62033 2.91461 3.35500 3.59478 3.42838 2.50122 1.41658 0.50141 0.18543 0.15917 0.12655 0.09218 0.07332 0.15614 0.54164 0.96678 1.25611 2.25167 4.48764 6.29079 6.76941 5.82308 3.19331 1.25324 0.87003 1.36779 1.92279 1.94115 1.18533 0.35632 0.09051 0.18983 0.51481 0.80347 1.20808 1.76531
0.00000 0.00000 0.00000 0.00000 0.00000 0.04920 0.11145 0.18174 0.18969 0.12378 0.00000 0.00000 0.00000 0.00000 0.81435 3.87473 4.73068 3.90639 4.47713 5.81135 6.17738 5.50852 4.88729 4.55625 4.50345 4.64123 4.65931 4.33344 3.69098 2.84496 1.65625 0.66871 0.27293 0.25258 0.24864 0.20765 0.14490 0.17940 0.50509 0.89839 1.20541 1.86046 3.31526 5.06917 5.98188 5.55541 3.52961 1.74540 1.06051 1.16755 1.34477 1.27480 0.88293 0.33845 0.10743 0.16159 0.36284 0.68230 1.42896 2.74189
0.00000 0.00000 0.00000 0.00000 0.00000 0.03923 0.11338 0.32791 0.39763 0.28031 0.08749 0.00000 0.00000 0.05908 1.76940 5.15994 5.49962 4.45193 8.65727 13.59462 10.55375 6.88869 5.31393 5.29640 5.03542 4.98134 5.15489 5.14316 4.04648 3.43347 2.20050 0.79840 0.27781 0.31918 0.48047 0.63843 0.73841 0.85446 1.02877 1.08453 0.99472 0.89368 1.18017 2.27522 3.59314 3.72074 2.51380 1.13006 0.59096 0.58123 0.83282 0.93059 0.67912 0.35312 0.14616 0.04958 0.14853 0.26415 0.94749 3.29919
0.00000 0.00000 0.00000 0.00000 0.00000 0.03523 0.11664 0.38632 0.45342 0.30328 0.10838 0.00000 0.00000 0.05886 1.07763 2.04040 2.01216 4.43487 12.25485 19.68063 11.64515 5.75223 5.55015 6.34951 5.59479 5.00147 4.86729 4.95243 5.26251 4.65258 2.65306 1.02890 0.38416 0.27013 0.53484 1.05471 1.63431 1.96324 1.90067 1.52317 0.82538 0.29771 0.24377 0.91477 2.09731 2.56399 1.71130 0.65823 0.20684 0.14374 0.38316 0.64908 0.57228 0.36215 0.12764 0.03154 0.09273 0.16717 0.74231 2.60371
0.00000 0.00000 0.00000 0.00000 0.00000 0.05184 0.14339 0.25770 0.27875 0.16759 0.04607 0.00000 0.00000 0.00000 0.00000 0.20819 0.56867 2.99515 8.54133 13.47018 8.56470 4.63702 7.33921 7.75162 7.58240 7.88557 6.05484 5.23956 5.02239 4.30692 2.56091 1.01955 0.32788 0.15692 0.32655 0.92522 1.79706 2.32001 2.21647 1.79829 0.97362 0.44243 0.51970 1.34930 2.61950 3.00731 2.20209 1.07876 0.37371 0.38724 0.62955 0.85527 0.86848 0.57111 0.22927 0.05321 0.09208 0.22445 0.58165 1.02878
0.00000 0.00000 0.00000 0.00000 0.00000 0.03331 0.07338 0.10830 0.08566 0.02525 0.00000 0.00000 0.00000 0.00000 0.06139 0.28903 0.69913 1.10772 1.27785 3.02023 5.96649 8.90071 12.55773 13.11432 13.70625 11.92374 8.95454 7.47280 6.75362 4.73448 2.50229 0.92851 0.21522 0.10320 0.20613 0.81290 1.63485 2.03611 1.94425 1.67802 1.22631 0.98765 1.45573 2.43877 3.23808 3.44665 3.08127 2.17296 1.67270 2.16629 2.64444 2.78523 1.64030 1.00841 0.37294 0.10994 0.06138 0.07822 0.19480 0.26466
0.00000 0.00000 0.00000 0.00000 0.00000 0.00000 0.00000 0.00000 0.00000 0.00000 0.00000 0.00000 0.00000 0.03256 0.37975 1.20745 1.69384 1.27627 0.76187 1.48709 5.72823 13.68624 22.44782 24.60341 22.66975 14.80680 8.88007 8.07994 9.14435 6.15281 2.10160 0.84303 0.43362 0.45891 0.84169 1.55123 1.83334 1.62815 1.33070 1.27423 1.24253 1.34020 2.01999 2.97107 3.39804 3.78315 5.75380 5.67134 4.00505 4.12645 5.62157 5.97196 3.85595 1.69022 0.69091 0.15209 0.02719 0.00000 0.02596 0.02244
0.02970 0.06711 0.07305 0.05440 0.00000 0.00000 0.00000 0.00000 0.00000 0.00000 0.00000 0.00000 0.00000 0.08332 0.63550 1.56348 2.05512 1.84071 2.14071 3.27224 7.90068 15.43875 29.11770 37.32440 30.45382 15.38615 7.27239 6.20118 6.78386 4.33450 1.45926 1.01279 0.87423 1.45977 3.20883 4.63593 3.34450 1.67870 1.13017 1.21811 1.00405 1.41775 2.00943 2.46174 3.67327 6.08422 7.12307 4.66996 2.71412 2.48579 3.44389 4.23678 4.05226 1.94071 0.89519 0.34172 0.03580 0.00000 0.00000 0.12432
0.11878 0.16593 0.16675 0.13144 0.03059 0.00000 0.00000 0.00000 0.00000 0.00000 0.00000 0.00000 0.00000 0.03915 0.32924 0.48363 0.79343 1.64154 3.36247 6.21581 8.86643 10.20489 19.71698 28.50862 23.62530 12.61100 7.16995 5.78097 5.20529 2.66431 2.21715 3.84981 3.20377 3.03600 4.75904 8.16663 4.24206 2.20032 1.75898 1.21387 0.81780 0.27115 0.25185 0.69144 3.19561 4.78471 4.27302 2.12091 0.97109 0.84283 1.12697 1.94782 2.44464 2.04940 1.18696 0.69677 0.30681 0.09683 0.21242 0.45937
0.12209 0.16875 0.16502 0.13273 0.02495 0.00000 0.02971 0.00000 0.00000 0.00000 0.03247 0.02089 0.00000 0.00000 0.03514 0.06741 0.17665 0.47864 2.26259 3.74331 3.68782 2.52383 6.51167 12.85693 12.70570 8.58391 6.77173 6.02267 5.61215 5.10629 6.55315 9.48354 12.36271 9.68484 2.78230 1.77494 0.45247 0.34308 0.70815 0.31604 0.18979 0.00000 0.00000 0.00000 0.97303 2.35215 2.01047 0.83260 0.71579 1.10536 1.37165 1.73298 2.01878 1.45410 0.93554 0.87598 0.77359 0.58665 0.50415 0.56760
0.04094 0.06858 0.03495 0.11363 0.19688 0.17238 0.17542 0.20448 0.03447 0.13075 0.35833 0.37786 0.11562 0.00000 0.00000 0.00000 0.00000 0.00000 0.72253 2.30045 2.78575 1.71044 2.52673 4.57780 5.11071 4.48028 4.44124 5.19573 6.78449 7.45837 7.37777 9.30362 17.12583 21.95554 6.71765 1.20291 0.30688 0.06755 0.00000 0.00000 0.00000 0.00000 0.16870 0.24837 0.11176 0.51086 0.99711 1.44436 2.13763 2.59487 2.72193 2.48390 1.43832 0.67768 0.56873 0.77622 0.93411 0.88813 0.68958 0.50923
0.00000 0.00000 0.00000 0.13952 0.48198 0.85285 0.94864 0.58559 0.08234 0.29652 0.82763 0.95458 0.28983 0.00000 0.00000 0.00000 0.00000 0.00000 0.17821 1.51542 2.46067 1.38943 1.02581 1.15730 1.32912 1.23631 1.52699 3.60200 7.47563 7.88427 4.70035 7.41572 12.61673 18.70372 14.29021 8.41304 4.81318 0.99659 0.00000 0.15813 0.00000 0.00000 0.47368 1.27349 0.90834 0.55798 1.12204 2.76323 4.46426 4.17705 3.91152 2.28264 0.81406 0.48559 0.39979 0.63095 0.93935 1.08589 0.93620 0.60207
0.00000 0.00000 0.00000 0.22303 0.71554 1.62506 1.97946 0.88525 0.18026 0.17790 0.73680 0.74520 0.24446 0.02194 0.00000 0.00000 0.00000 0.00000 0.00000 0.18750 0.28211 0.21928 0.62818 1.15919 1.16474 0.68504 0.81542 3.77634 8.49163 9.20980 7.62852 8.28914 10.03471 13.52485 15.46226 14.40439 12.41136 3.68499 2.32281 2.68385 1.66400 0.16637 0.00000 0.31272 1.49532 1.34497 1.50076 2.97330 3.54264 3.59011 3.48731 1.96630 0.77725 0.46046 0.31803 0.55199 0.83173 1.29443 1.51407 1.32794
0.00000 0.00000 0.03312 0.17241 0.35230 0.82988 1.25420 0.45694 0.07941 0.05629 0.27512 0.20563 0.06731 0.00000 0.00000 0.00000 0.00000 0.00000 0.00000 0.00000 0.00000 0.02051 0.49934 2.01279 2.22464 1.45982 1.99731 5.15967 9.37984 12.49614 12.96870 10.90503 9.87743 9.71490 15.92177 17.42777 16.33192 11.80030 8.26363 7.44512 4.41618 1.47472 0.00000 0.00000 0.79944 2.98209 2.70616 2.87149 3.07094 3.27363 3.27342 1.95505 0.80879 0.44162 0.39993 0.70890 1.05616 1.81999 2.19776 3.00393
0.00000 0.00000 0.00000 0.02073 0.03308 0.10306 0.26820 0.11815 0.00000 0.00000 0.02936 0.03885 0.00000 0.00000 0.00000 0.00000 0.00000 0.00000 0.00000 0.00000 0.00000 0.08011 0.68850 2.51264 2.66198 1.85123 1.78801 2.45634 4.66815 9.39143 11.01732 9.37289 7.98571 7.25528 11.67414 14.64118 16.65954 16.66871 14.74181 14.84590 12.24203 6.56600 1.81406 0.28893 0.03191 1.20663 1.51120 2.27558 2.72994 2.76197 2.42692 1.43623 0.70306 0.37488 0.32630 0.66056 1.41816 2.87015 3.45185 4.73517
0.07163 0.04837 0.02072 0.00000 0.00000 0.00000 0.00000 0.00000 0.00000 0.00000 0.00000 0.00000 0.00000 0.00000 0.00000 0.00000 0.00000 0.00000 0.00000 0.00000 0.00000 0.03773 0.52745 1.38604 1.55815 1.08126 0.71230 0.61386 1.56132 3.98460 4.18668 3.93789 3.98990 3.48031 4.50123 8.58778 10.90183 14.85951 17.82781 21.03843 17.76979 13.49047 8.71977 4.22497 0.28913 0.12467 0.65401 1.00742 1.23018 1.33389 1.16072 0.83376 0.55243 0.40691 0.46998 0.69458 1.71623 3.64678 4.76035 5.61822
0.40848 1.64032 1.38285 0.12287 0.00000 0.00000 0.00000 0.00000 0.00000 0.00000 0.00000 0.00000 0.00000 0.00000 0.00000 0.00000 0.00000 0.00000 0.00000 0.00000 0.00000 0.00000 0.09477 0.39903 0.47806 0.28681 0.05213 0.04696 0.14272 0.57724 0.45769 0.74289 1.21803 2.46730 3.30918 6.07871 4.76332 9.64754 17.03013 19.47671 18.73065 20.50096 16.56335 7.69542 3.80805 1.24387 0.55172 0.52112 0.58080 0.63210 0.61246 0.48487 0.40232 0.42531 0.50896 0.73860 2.01096 3.91080 5.14836 5.68430
2.56559 5.18373 3.21235 0.45123 0.00000 0.00000 0.00000 0.00000 0.00000 0.00000 0.00000 0.00000 0.00000 0.00000 0.00000 0.00000 0.00000 0.00000 0.00000 0.00000 0.00000 0.00000 0.00000 0.00000 0.04394 0.00000 0.00000 0.00000 0.00000 0.00000 0.00000 0.04131 0.44131 2.06450 4.11900 6.41408 4.35539 9.45474 16.84872 15.25323 13.84684 15.81281 14.99662 6.91742 4.60190 3.51252 1.85568 0.90832 0.73387 0.57611 0.40364 0.35185 0.34804 0.38074 0.47465 0.63513 1.89609 3.21827 3.68769 3.56411
4.89704 8.24406 4.67192 1.15851 0.00000 0.00000 0.00000 0.00000 0.00000 0.00000 0.00000 0.00000 0.00000 0.00000 0.00000 0.00000 0.00000 0.00000 0.00000 0.00000 0.00000 0.00000 0.00000 0.00000 0.00000 0.00000 0.00000 0.00000 0.00000 0.00000 0.00000 0.00000 0.22510 1.13607 3.21549 9.32682 18.31872 14.67705 13.89625 10.60279 7.41877 11.41346 15.92190 17.95650 12.90739 8.42676 4.85194 1.88911 1.06644 0.67913 0.34671 0.31781 0.42884 0.44364 0.53296 0.81746 2.24297 3.83179 4.15924 5.43578
2.72977 3.68140 1.72247 0.25187 0.00000 0.00000 0.00000 0.00000 0.00000 0.00000 0.00000 0.00000 0.00000 0.00000 0.00000 0.00000 0.00000 0.00000 0.00000 0.00000 0.00000 0.00000 0.00000 0.00000 0.00000 0.00000 0.00000 0.00000 0.00000 0.00000 0.00000 0.00000 0.00000 0.13869 0.49444 3.32653 13.84647 15.19180 11.39422 7.74119 6.08882 -99999.00000 -99999.00000 14.45074 13.02889 10.13708 6.74211 2.78963 1.31930 1.01205 0.73153 0.46329 0.55670 0.58112 0.62417 1.43369 4.06377 7.77633 9.38398 11.97433
0.17827 0.26782 0.04176 0.00000 0.00000 0.00000 0.00000 0.00000 0.00000 0.00000 0.00000 0.00000 0.00000 0.00000 0.00000 0.00000 0.00000 0.00000 0.00000 0.00000 0.00000 0.00000 0.00000 0.00000 0.00000 0.00000 0.00000 0.00000 0.00000 0.00000 0.00000 0.00000 0.00000 0.00000 0.00000 -99999.00000 -99999.00000 -99999.00000 -99999.00000 -99999.00000 -99999.00000 -99999.00000 -99999.00000 10.89351 8.63296 6.17298 4.44916 2.35541 1.37674 1.19616 1.09426 0.79800 0.84200 1.48396 2.66956 6.08620 13.41291 19.03088 18.94345 17.61115
0.00000 0.00000 0.00000 0.00000 -99999.00000 0.00000 0.00000 0.00000 0.00000 0.00000 0.00000 0.00000 0.00000 0.00000 0.00000 0.00000 0.00000 0.00000 0.00000 0.00000 0.00000 0.00000 0.00000 0.00000 0.00000 0.00000 0.00000 0.00000 0.00000 0.00000 0.00000 0.00000 0.00000 0.00000 -99999.00000 -99999.00000 -99999.00000 -99999.00000 -99999.00000 -99999.00000 -99999.00000 -99999.00000 -99999.00000 -99999.00000 3.46291 2.43762 1.90231 1.35873 1.11250 1.18335 1.12566 0.97344 1.04912 1.68903 5.49860 11.43662 19.87774 28.65765 31.18608 26.35583
-99999.00000 -99999.00000 -99999.00000 -99999.00000 -99999.00000 0.00000 0.00000 0.00000 0.00000 0.00000 0.00000 0.00000 0.00000 0.00000 0.00000 0.00000 0.00000 0.00000 0.00000 0.00000 0.00000 0.00000 0.00000 0.00000 0.00000 0.00000 0.00000 0.00000 0.00000 0.00000 0.00000 0.00000 0.00000 0.00000 -99999.00000 -99999.00000 -99999.00000 -99999.00000 -99999.00000 -99999.00000 -99999.00000 -99999.00000 -99999.00000 -99999.00000 -99999.00000 1.10178 0.98151 0.90663 0.95743 1.04940 1.09522 1.03598 1.31849 2.79277 5.46296 8.68217 16.97190 30.47968 39.15752 37.20629
