DATA/RAW-RASTER/CPC/2017/20170804.asc
ncols			60
nrows			40
xllcorner		70.0
yllcorner		20.0
cellsize		0.5
NODATA_value	-99999
0.41116 0.56452 0.55731 0.61137 0.91599 1.56398 2.14238 2.12871 1.77547 1.22745 0.55193 0.27161 0.34227 0.76842 1.50369 1.97133 1.95533 1.85455 1.91172 1.58670 0.90082 0.37736 0.18109 0.17012 0.29638 0.54659 0.85979 0.99745 0.87192 0.52906 0.21545 0.05641 0.00000 0.00000 0.00000 0.00000 0.00000 0.00000 0.00000 0.00000 0.00000 0.00000 0.00000 0.00000 0.00000 0.00000 0.00000 0.00000 0.00000 0.00000 0.00000 0.00000 0.00000 0.00000 0.00000 0.00000 0.00000 0.00000 0.00000 0.00000
1.01008 0.98358 0.65015 0.61848 0.99838 1.79283 2.38989 2.25843 1.86188 1.15896 0.48496 0.23440 0.32798 0.70140 1.12581 1.38292 1.49318 1.52220 1.49857 1.33025 0.95794 0.55421 0.28086 0.21414 0.26782 0.40855 0.58729 0.73003 0.67765 0.39062 0.15002 0.04778 0.00000 0.00000 0.00000 0.00000 0.00000 0.00000 0.00000 0.00000 0.00000 0.00000 0.00000 0.00000 0.00000 0.00000 0.00000 0.00000 0.00000 0.00000 0.00000 0.00000 0.00000 0.00000 0.00000 0.00000 0.00000 0.00000 0.00000 0.00000
0.93399 0.68498 0.45209 0.40687 0.57360 0.88518 0.94335 0.72281 0.64542 0.62202 0.56054 0.54146 0.69877 1.03842 1.24036 1.21220 1.11324 1.04061 0.99025 0.90385 0.74715 0.51860 0.35287 0.28422 0.30562 0.36794 0.45529 0.53509 0.46095 0.22047 0.09189 0.02789 0.00000 0.00000 0.00000 0.00000 0.00000 0.00000 0.00000 0.00000 0.00000 0.00000 0.00000 0.00000 0.00000 0.00000 0.00000 0.00000 0.00000 0.00000 0.00000 0.00000 0.00000 0.00000 0.00000 0.00000 0.00000 0.00000 0.00000 0.00000
0.21979 0.11308 0.07114 0.00000 0.02277 0.13457 0.14800 0.04857 0.08962 0.21018 0.42900 0.78072 1.11738 1.19613 1.22769 0.96859 0.63174 0.48730 0.47840 0.48555 0.47069 0.43268 0.39735 0.36207 0.32875 0.34679 0.38304 0.40804 0.23010 0.02830 0.04210 0.00000 0.00000 0.00000 0.00000 0.00000 0.00000 0.00000 0.00000 0.00000 0.00000 0.00000 0.00000 0.00000 0.00000 0.00000 0.00000 0.00000 0.00000 0.00000 0.00000 0.00000 0.00000 0.00000 0.00000 0.00000 0.00000 0.00000 0.00000 0.00000
0.00000 0.00000 0.00000 0.00000 0.00000 0.00000 0.00000 0.00000 0.00000 0.08597 0.32973 0.69880 1.03620 1.04027 0.83064 0.45587 0.15926 0.16342 0.27776 0.36781 0.39862 0.40288 0.40022 0.39365 0.37973 0.36247 0.36061 0.34770 0.06241 0.00000 0.00000 0.00000 0.00000 0.00000 0.00000 0.00000 0.00000 0.00000 0.00000 0.00000 0.00000 0.00000 0.00000 0.00000 0.00000 0.00000 0.00000 0.00000 0.00000 0.00000 0.00000 0.00000 0.00000 0.00000 0.00000 0.00000 0.00000 0.00000 0.00000 0.00000
0.00000 0.00000 0.00000 0.00000 0.00000 0.00000 0.00000 0.00000 0.00000 0.09864 0.32343 0.62787 0.83562 0.78122 0.52026 0.23606 0.09166 0.14214 0.28620 0.37619 0.39589 0.39907 0.40207 0.40339 0.39897 0.39179 0.36281 0.32657 0.14771 0.00000 0.00000 0.00000 0.00000 0.00000 0.00000 0.00000 0.00000 0.00000 0.00000 0.00000 0.00000 0.00000 0.00000 0.00000 0.00000 0.00000 0.00000 0.00000 0.00000 0.00000 0.00000 0.00000 0.00000 0.00000 0.00000 0.00000 0.00000 0.00000 0.00000 0.00000
0.00000 0.00000 0.00000 0.00000 0.00000 0.00000 0.00000 0.00000 0.00000 0.04349 0.31328 0.59776 0.70790 0.59892 0.40214 0.23836 0.18244 0.24627 0.34980 0.40828 0.42284 0.40780 0.41123 0.41976 0.42885 0.42852 0.42528 0.41074 0.30538 0.00000 0.00000 0.00000 0.00000 0.00000 0.00000 0.00000 0.00000 0.00000 0.00000 0.00000 0.00000 0.00000 0.00000 0.00000 0.00000 0.00000 0.00000 0.00000 0.00000 0.00000 0.00000 0.00000 0.00000 0.00000 0.00000 0.00000 0.00000 0.00000 0.00000 0.00000
0.00000 0.00000 0.00000 0.00000 0.00000 0.00000 0.00000 0.00000 0.00000 0.00000 0.07271 0.37861 0.53196 0.50084 0.35733 0.25892 0.25116 0.31690 0.39746 0.43708 0.46443 0.44842 0.45706 0.48001 0.48831 0.48439 0.48078 0.45858 0.37615 0.10320 0.00000 0.00000 0.00000 0.00000 0.00000 0.00000 0.00000 0.00000 0.00000 0.00000 0.00000 0.00000 0.00000 0.00000 0.00000 0.00000 0.00000 0.00000 0.00000 0.00000 0.00000 0.00000 0.00000 0.00000 0.00000 0.00000 0.00000 0.00000 0.00000 0.00000
0.00000 0.00000 0.00000 0.00000 0.00000 0.00000 0.00000 0.00000 0.00000 0.00000 0.00000 0.00000 0.04597 0.14531 0.24065 0.26967 0.28925 0.34124 0.39609 0.43631 0.45860 0.47229 0.47836 0.47903 0.47589 0.46910 0.46087 0.44190 0.38725 0.20656 0.00000 0.00000 0.00000 0.00000 0.00000 0.00000 0.00000 0.00000 0.00000 0.00000 0.00000 0.00000 0.00000 0.00000 0.00000 0.00000 0.00000 0.02294 0.05244 0.07774 0.11924 0.17761 0.17982 0.08695 0.04195 0.00000 0.00000 0.00000 0.00000 0.00000
0.08783 0.02908 0.00000 0.00000 0.00000 0.00000 0.00000 0.00000 0.00000 0.00000 0.00000 0.00000 0.00000 0.00000 0.00000 0.16847 0.26634 0.32340 0.38215 0.39662 0.40553 0.41741 0.41571 0.40280 0.39473 0.38721 0.38706 0.38398 0.35561 0.26743 0.00000 0.00000 0.00000 0.00000 0.00000 0.00000 0.00000 0.00000 0.00000 0.00000 0.00000 0.00000 0.00000 0.00000 0.00000 0.00000 0.00000 0.06777 0.25281 0.54033 0.80990 0.98792 0.88810 0.54000 0.19455 0.04434 0.00000 0.00000 0.00000 0.00000
0.46966 0.48648 0.19682 0.00000 0.00000 0.00000 0.00000 0.00000 0.00000 0.00000 0.00000 0.00000 0.02025 0.00000 0.02306 0.08298 0.24405 0.32818 0.35198 0.35712 0.34551 0.32562 0.29830 0.24779 0.22978 0.26735 0.33912 0.26033 0.17350 0.12357 0.02801 0.00000 0.00000 0.00000 0.00000 0.00000 0.00000 0.00000 0.00000 0.00000 0.00000 0.00000 0.00000 0.00000 0.00000 0.00000 0.03753 0.16113 0.54729 1.15246 1.62178 1.75159 1.54982 0.97904 0.36564 0.07334 0.00000 0.00000 0.00000 0.00000
1.28215 1.12203 0.79114 0.13392 0.00000 0.00000 0.00000 0.00000 0.00000 0.00000 0.03307 0.07455 0.07158 0.08004 0.09535 0.08761 0.10309 0.05240 0.10917 0.10925 0.09504 0.09388 0.09957 0.10498 0.10666 0.13020 0.20827 0.26830 0.32951 0.07704 0.00000 0.00000 0.00000 0.00000 0.00000 0.00000 0.00000 0.00000 0.00000 0.00000 0.00000 0.00000 0.00000 0.00000 0.00000 0.00000 0.08706 0.35379 0.94865 1.53175 1.85462 1.93578 1.77104 1.21670 0.57009 0.18239 0.03520 0.00000 0.00000 0.00000
2.53884 1.98835 1.32123 0.28302 0.00000 0.00000 0.00000 0.00000 0.00000 0.13872 0.22214 0.30763 0.20879 0.11986 0.12298 0.12870 0.13546 0.00000 0.02884 0.00000 0.00000 0.00000 0.00000 0.02407 0.05752 0.12010 0.22697 0.31018 0.43073 0.43380 0.25136 0.00000 0.00000 0.00000 0.00000 0.00000 0.00000 0.00000 0.00000 0.00000 0.00000 0.00000 0.00000 0.00000 0.00000 0.03140 0.18285 0.56883 1.24885 1.77114 1.89395 1.79759 1.48838 0.89104 0.41527 0.18171 0.03519 0.00000 0.00000 0.00000
2.15244 1.82971 1.22773 0.34322 0.00000 0.00000 0.00000 0.07220 1.17071 2.40976 1.70365 1.01475 0.41497 0.14939 0.31167 0.31062 0.34501 0.20359 0.05620 0.00000 0.00000 0.00000 0.00000 0.04542 0.11469 0.21560 0.43857 0.64807 0.93030 0.81600 0.40560 0.00000 0.00000 0.00000 0.00000 0.00000 0.00000 0.00000 0.00000 0.00000 0.00000 0.00000 0.00000 0.00000 0.00000 0.04400 0.28608 0.70599 1.31933 1.85547 2.03913 1.77433 1.07857 0.38879 0.12007 0.03284 0.00000 0.00000 0.00000 0.00000
1.08749 0.80899 0.50720 0.10175 0.00000 0.00000 0.00000 0.42318 2.27396 6.21329 6.35230 4.07081 1.79067 0.87841 0.65038 0.86383 1.21147 0.69855 0.26463 0.04994 0.00000 0.00000 0.05732 0.14241 0.26100 0.52326 1.02874 1.47411 1.57355 1.32060 0.55927 0.02729 0.00000 0.00000 0.00000 0.00000 0.00000 0.00000 0.00000 0.00000 0.00000 0.00000 0.00000 0.00000 0.00000 0.09844 0.23354 0.49578 1.06058 1.65684 1.87813 1.59529 0.87202 0.26682 0.05773 0.00000 0.00000 0.00000 0.00000 0.00000
0.24994 0.14864 0.08649 0.00000 0.00000 0.00000 0.00000 0.25463 1.06804 3.58518 7.69482 10.74857 7.63666 5.65187 2.61272 4.16854 2.50546 1.24788 0.71274 0.27091 0.10324 0.12864 0.22178 0.38657 0.79082 1.56967 2.48081 2.80709 2.62950 1.91099 0.82000 0.05545 0.00000 0.00000 0.00000 0.00000 0.00000 0.00000 0.00000 0.00000 0.00000 0.00000 0.00000 0.00000 0.00000 0.03482 0.07920 0.16827 0.48867 0.99114 1.14447 0.96465 0.62865 0.23526 0.00000 0.00000 0.00000 0.00000 0.00000 0.00000
0.00000 0.00000 0.00000 0.00000 0.00000 0.00000 0.00000 0.00000 0.27136 0.99305 6.76319 23.24547 35.80906 25.37394 9.56940 12.24625 6.40516 2.63649 2.02280 1.37863 0.91373 0.82931 0.89030 1.30879 2.35399 3.56928 4.72237 4.66052 4.12916 2.59151 1.15545 0.08161 0.00000 0.00000 0.00000 0.00000 0.00000 0.00000 0.00000 0.00000 0.00000 0.00000 0.00000 0.00000 0.00000 0.00000 0.00000 0.02533 0.15053 0.34846 0.35173 0.27030 0.21883 0.05478 0.00000 0.00000 0.00000 0.00000 0.00000 0.00000
0.00000 0.00000 0.00000 0.00000 0.00000 0.00000 0.00000 0.00000 0.02192 0.54459 5.10495 15.56444 29.93131 23.82063 15.79193 17.42481 15.95334 8.70322 5.73475 4.14174 3.32628 3.41843 3.67061 4.00090 4.77414 5.42635 6.30766 5.79095 4.74202 2.70932 1.32348 0.08147 0.00000 0.00000 0.00000 0.00000 0.00000 0.00000 0.00000 0.00000 0.00000 0.00000 0.00000 0.00000 0.00000 0.00000 0.00000 0.00000 0.04755 0.10467 0.05090 0.02651 0.03672 0.00000 0.00000 0.00000 0.00000 0.00000 0.17960 0.31297
0.00000 0.00000 0.00000 0.00000 0.00000 0.00000 0.00000 0.00000 0.00000 0.12779 1.41594 2.00355 2.94503 5.71206 15.37951 33.76368 48.83301 36.30466 19.39679 10.88048 5.97874 5.97741 6.68708 6.86527 7.32836 7.63121 7.53258 7.04848 4.98382 2.79537 1.04845 0.06998 0.00000 0.00000 0.00000 0.00000 0.00000 0.00000 0.00000 0.00000 0.00000 0.00000 0.04015 0.00000 0.00000 0.00000 0.00000 0.00000 0.00000 0.00000 0.00000 0.00000 0.00000 0.00000 0.00000 0.00000 0.02890 0.20421 0.96466 1.96742
0.00000 0.00000 0.00000 0.00000 0.00000 0.00000 0.00000 0.00000 0.00000 0.00000 0.00000 0.00000 0.00000 0.16456 10.79622 40.92929 57.64218 38.05072 33.52731 26.73117 12.15732 8.40515 9.17680 9.79075 8.97160 9.13346 8.89513 7.42647 4.94565 2.50050 1.08967 0.15035 0.07052 0.03815 0.00000 0.00000 0.00000 0.00000 0.00000 0.00000 0.09580 0.14175 0.16679 0.18952 0.15988 0.04898 0.00000 0.00000 0.00000 0.00000 0.00000 0.00000 0.00000 0.00000 0.02971 0.25231 0.34733 0.34349 1.06232 3.79790
0.00000 0.00000 0.00000 0.00000 0.00000 0.00000 0.00000 0.00000 0.00000 0.00000 0.00000 0.00000 0.00000 0.00000 3.20670 12.52382 19.57298 22.38276 24.82898 30.97796 20.51693 17.98540 22.36663 19.73200 12.06674 9.55285 8.95164 7.65803 5.12258 2.51694 1.01741 0.59442 0.41721 0.25808 0.29836 0.32993 0.18725 0.04770 0.03370 0.06981 0.27192 0.22500 0.21656 0.31636 0.49598 0.41651 0.00000 0.00000 0.00000 0.00000 0.00000 0.00000 0.00000 0.07342 0.53874 0.92993 1.01078 0.85382 1.49624 3.98022
0.00000 0.00000 0.00000 0.00000 0.00000 0.00000 0.00000 0.00000 0.00000 0.00000 0.00000 0.00000 0.00000 0.00000 0.19684 2.95157 7.11147 12.44262 16.14381 20.72975 29.97201 37.86723 51.92570 37.96705 25.96862 26.54260 15.20249 7.68266 3.38701 1.68428 0.91434 0.81006 0.64410 0.40201 0.48163 0.80294 0.79242 0.37911 0.44748 0.68874 0.64959 0.40279 0.35528 0.53761 0.89519 0.89814 0.34904 0.00000 0.00000 0.00000 0.00000 0.00000 0.00000 0.74727 1.53246 2.05751 2.66592 2.87072 3.14191 3.38346
0.00000 0.00000 0.00000 0.00000 0.00000 0.00000 0.00000 0.00000 0.00000 0.00000 0.00000 0.00000 0.00000 0.00000 0.00000 0.86818 5.50484 9.70613 5.90827 9.49600 29.28966 59.40676 96.21143 106.53196 82.76072 58.26323 32.75448 11.54933 3.17300 1.47630 0.30171 1.07686 1.13799 0.62377 0.66432 1.89319 3.01925 2.79883 2.42169 2.35721 1.89135 1.10580 0.81475 0.93968 1.14826 1.12810 0.76580 0.18807 0.00000 0.00000 0.00000 0.00000 0.18840 1.02977 2.40255 3.53612 4.22156 4.81551 4.93195 4.03919
0.00000 0.00000 0.00000 0.00000 0.00000 0.00000 0.00000 0.00000 0.00000 0.00000 0.00000 0.00000 0.00000 0.00000 0.00000 0.03740 2.49876 4.13084 1.90975 1.47408 10.99591 44.03730 82.59572 98.20669 86.20901 69.35033 53.06409 22.57257 7.11676 3.99236 1.25706 1.65335 2.65138 2.44300 2.27797 4.03932 6.69714 7.42519 5.89829 5.53180 4.26146 2.11831 1.01974 0.96977 1.03275 0.99615 1.41637 1.62796 0.58206 0.00000 0.00000 0.00000 0.17805 1.22323 3.07330 4.44369 5.13531 5.20142 5.19843 5.94489
0.00000 0.00000 0.00000 0.00000 0.00000 0.00000 0.00000 0.00000 0.00000 0.00000 0.00000 0.00000 0.00000 0.00000 0.00000 0.00000 0.43482 0.74136 0.29572 0.00000 0.00000 7.58004 19.55247 25.15615 49.46885 70.85459 84.67252 61.68924 26.51662 7.94374 1.61437 2.83776 6.43019 7.16646 4.59680 6.86819 14.15122 12.09990 9.09994 9.88222 6.48774 2.63582 0.36337 0.39084 0.60771 1.09630 2.07283 2.57511 1.77764 0.02201 0.00000 0.00000 0.09028 1.20193 3.30142 5.95489 6.80409 7.65214 6.72685 9.11668
0.00000 0.00000 0.00000 0.00000 0.00000 0.00000 0.00000 0.00000 0.00000 0.00000 0.00000 0.00000 0.00000 0.00000 0.00000 0.00000 0.00000 0.00000 0.00000 0.00000 0.00000 0.00000 0.78956 5.53396 25.93134 51.06178 71.27564 62.13801 31.00974 6.47014 1.90396 5.47405 10.74716 9.47389 4.18422 7.73545 22.26920 22.61521 18.27104 11.54063 5.50756 0.76108 0.00000 0.00000 0.00000 0.00000 0.97520 2.48151 1.92488 0.29857 0.00000 0.00000 0.00000 1.11098 4.06855 7.88345 9.24749 10.54243 10.96615 14.76965
0.00000 0.00000 0.00000 0.00000 0.00000 0.00000 0.00000 0.00000 0.00000 0.00000 0.00000 0.00000 0.00000 0.00000 0.00000 0.00000 0.00000 0.00000 0.00000 0.00000 0.00000 0.00000 0.00000 0.45739 9.96372 16.67836 13.18489 16.95065 11.18780 1.51012 1.82083 4.97509 6.34372 3.74903 0.98994 1.85602 4.59483 8.68426 7.52394 2.73777 0.84378 0.00000 0.00000 0.00000 0.00000 0.05890 0.38658 0.67340 1.48383 2.22935 0.75176 0.00000 0.00000 1.95122 4.74880 9.25190 11.67854 13.33111 15.48358 17.60308
0.00000 0.00000 0.00000 0.00000 0.00000 0.00000 0.00000 0.00000 0.00000 0.00000 0.00000 0.00000 0.00000 0.00000 0.00000 0.00000 0.00000 0.00000 0.00000 0.00000 0.00000 0.00000 0.00000 0.00000 0.12194 0.87141 0.55507 1.68792 1.33109 2.02568 2.60247 3.13370 2.18337 0.66081 2.07607 2.51803 4.10015 4.74908 1.87888 0.07367 0.00000 0.00000 0.11827 0.13742 0.07305 1.80265 4.83905 5.35452 7.64105 8.92442 8.43385 6.59356 3.59397 2.74583 4.68342 8.94397 11.35561 13.15058 15.85723 18.47016
0.00000 0.00000 0.00000 0.00000 0.00000 0.00000 0.00000 0.00000 0.00000 0.00000 0.00000 0.00000 0.00000 0.00000 0.00000 0.00000 0.00000 0.00000 0.00000 0.00000 0.08379 0.34123 0.79863 0.95039 0.58539 0.04196 0.00000 0.00000 1.34532 1.51192 2.26830 3.26323 2.09831 1.53308 2.24167 3.82875 7.69824 9.13938 2.24116 1.55638 2.28826 2.52379 2.94228 1.58673 2.57820 4.33758 6.76834 9.90696 15.90922 14.54432 13.04961 7.84260 3.31125 3.13336 4.07123 7.01217 9.90422 11.26587 13.17447 19.57793
0.00000 0.00000 0.00000 0.00000 0.00000 0.00000 0.00000 0.00000 0.00000 0.00000 0.00000 0.00000 0.00000 0.00000 0.00000 0.00000 0.00000 0.00000 0.00000 0.24696 0.50564 0.94110 2.28307 3.05370 2.11448 0.78384 0.54995 1.14200 6.90941 10.10771 9.22184 7.74063 4.72739 2.99350 1.94981 2.71678 4.92482 5.52943 3.26498 6.11493 14.60207 22.01011 20.06300 12.70512 12.11541 6.81084 5.77686 8.02024 10.15168 10.64201 10.30096 6.29682 3.63634 3.46225 3.28333 5.84819 8.52184 11.28039 13.59302 16.28751
0.00000 0.00000 0.00000 0.00000 0.00000 0.00000 0.00000 0.00000 0.00000 0.00000 0.00000 0.00000 0.00000 0.00000 0.00000 0.00000 0.00000 0.00000 0.00000 0.46859 0.69723 1.08191 4.27445 5.66593 4.81586 3.63610 4.01157 8.18577 15.73228 23.56779 23.49557 16.96904 11.97128 6.40798 3.35566 2.19208 1.96605 1.78159 1.64743 6.82178 21.83964 33.28558 45.83152 49.56916 28.79812 9.11555 4.90951 4.23187 5.44423 7.75131 8.66002 6.05954 3.98085 3.53623 3.91620 6.37856 8.07920 11.65841 12.81404 16.42158
0.00000 0.00000 0.00000 0.00000 0.00000 0.00000 0.00000 0.00000 0.00000 0.00000 0.00000 0.00000 0.00000 0.00000 0.00000 0.00000 0.23291 0.34442 0.03642 0.09042 0.32925 1.37661 4.95681 7.38091 7.05608 7.32091 9.35840 12.71634 17.83111 24.96352 27.18009 26.43089 24.25282 16.86540 10.07410 4.07424 0.94573 0.28425 0.20893 2.66160 9.54523 16.73056 29.89661 51.01291 35.20796 14.22176 4.34321 4.00775 4.73501 6.22119 6.71842 4.87533 3.72595 3.09649 3.04098 5.35090 7.36758 10.86406 10.87267 15.30813
0.00000 0.00000 0.00000 0.00000 0.00000 0.00000 0.00000 0.00000 0.00000 0.00000 0.00000 0.00000 0.00000 0.00000 0.00000 0.00000 0.50108 0.90035 0.07929 0.00000 0.18987 1.19575 4.47170 9.20692 11.09744 11.28350 12.04484 14.31693 18.26057 25.12512 30.53911 35.46196 34.94181 29.08533 15.83829 9.50512 5.64894 1.73882 1.90312 4.83088 10.77575 7.60409 9.88459 21.93559 20.13989 8.46637 4.53287 3.76208 3.71810 3.95370 3.50424 2.86729 3.03485 3.07415 3.58325 4.25607 5.77294 7.85049 8.18460 13.17248
0.00000 0.00000 0.00000 0.00000 0.00000 0.00000 0.00000 0.00000 0.00000 0.00000 0.00000 0.00000 0.00000 0.00000 0.00000 0.39215 1.45572 1.62227 0.19800 0.77753 2.59793 4.28392 8.30017 16.23813 18.60705 15.50306 13.44227 15.22003 21.56549 29.66452 37.91225 50.89614 52.31767 42.21421 28.58971 24.12820 13.69392 6.14966 7.00048 24.71316 44.61380 11.82022 3.85410 5.80080 8.45129 6.49602 3.95286 2.33989 1.71888 1.30836 0.97851 1.15960 1.72475 2.30693 2.52435 2.59670 4.76598 7.21233 8.85898 13.24821
0.00000 0.00000 0.00000 0.00000 0.00000 0.00000 0.00000 0.00000 0.05638 0.31491 0.51318 0.03770 0.00000 0.00000 0.40909 1.75477 5.89155 4.76004 2.58704 4.63339 9.00954 10.26595 13.80133 22.61174 22.43272 18.71839 15.89781 17.33849 22.84447 34.17480 48.56469 70.10613 78.89491 54.01010 34.05331 22.18377 11.94726 12.38460 19.46863 29.41183 32.96424 24.72795 11.17750 2.24363 2.57926 3.18962 3.02051 1.12657 0.43501 0.39319 0.47766 0.66856 0.88831 1.27211 1.40464 1.37405 4.10018 7.43485 11.25885 15.71842
0.00000 0.00000 0.00000 0.00000 0.00000 0.00000 0.00000 0.00000 0.12844 0.38592 0.37599 0.05679 0.00000 0.00000 0.60643 1.98983 6.51443 5.24977 4.71028 8.17290 9.44331 8.89760 9.85199 15.62918 19.09694 18.23134 16.44749 15.90277 18.56212 31.05495 49.18049 62.01902 62.01867 48.20036 32.32203 23.35342 10.54071 10.13131 20.36735 32.74004 51.15779 49.08727 23.88541 1.22622 1.06402 2.55322 2.95805 1.21889 0.36749 0.38211 0.43793 0.67128 1.04065 1.14561 1.28380 1.70694 4.11621 7.96758 10.27569 11.87740
0.00000 0.00000 0.00000 0.00000 0.00000 0.15285 0.20588 0.04128 0.02024 0.02674 0.00000 0.00000 0.00000 0.00000 0.04131 0.34781 1.30556 1.93681 3.50406 5.29048 4.32252 4.08663 3.79844 5.51670 9.09076 12.51951 16.45161 18.78393 19.98355 28.60410 40.22988 49.57561 47.85221 45.92299 34.82782 32.34538 22.32064 14.81282 20.58375 29.91772 41.20707 -99999.00000 -99999.00000 0.92244 1.61184 3.58007 4.61561 2.17845 0.55321 0.46342 0.59635 1.54126 2.08027 2.06798 1.99422 1.96058 4.34084 8.26585 8.91059 8.42593
0.00000 0.00000 0.00000 0.00000 0.12702 0.81334 1.02666 0.44600 0.00000 0.00000 0.00000 0.00000 0.00000 0.00000 0.00000 0.00000 0.16435 0.30690 1.05032 1.92318 1.18777 1.17173 0.65725 0.94196 3.55931 7.54170 11.68504 18.06787 20.19837 22.67512 28.01656 31.05285 28.54804 31.78632 33.06070 -99999.00000 -99999.00000 -99999.00000 -99999.00000 -99999.00000 -99999.00000 -99999.00000 -99999.00000 7.72443 7.68467 8.22033 7.01705 4.09616 1.40928 0.72526 1.35614 2.79488 3.39646 3.47898 4.04103 5.50827 7.86875 9.12886 8.01103 7.32490
0.00000 0.00000 0.00000 0.00000 -99999.00000 1.39600 1.43447 0.29207 0.00000 0.00000 0.00000 0.00000 0.00000 0.00000 0.00000 0.00000 0.43594 1.05685 1.18125 2.18766 1.86254 0.37182 0.11229 0.59396 2.05796 3.92238 5.46189 8.65563 9.53376 12.14424 14.33764 15.48975 16.48235 15.84240 -99999.00000 -99999.00000 -99999.00000 -99999.00000 -99999.00000 -99999.00000 -99999.00000 -99999.00000 -99999.00000 -99999.00000 11.64465 9.45531 7.42472 5.65368 3.35246 1.63186 2.38967 3.60124 4.22471 6.07515 10.89314 12.84082 11.35319 8.86597 7.44183 8.04944
-99999.00000 -99999.00000 -99999.00000 -99999.00000 -99999.00000 0.89897 0.71549 0.00000 0.00000 0.00000 0.00000 0.00000 0.00000 0.00000 0.00000 0.00000 0.04610 0.78146 1.36272 2.08459 2.33583 1.32997 1.02700 1.56818 2.36467 2.33810 2.47602 4.11283 4.29377 7.12535 9.21917 9.87717 19.29417 32.54506 -99999.00000 -99999.00000 -99999.00000 -99999.00000 -99999.00000 -99999.00000 -99999.00000 -99999.00000 -99999.00000 -99999.00000 -99999.00000 7.59925 6.93098 6.26175 4.99024 3.85515 3.66321 4.19955 5.73546 12.28052 17.06315 15.00735 11.88646 7.82180 5.30861 6.17388
