DATA/RAW-RASTER/CPC/2017/20170821.asc
ncols			60
nrows			40
xllcorner		70.0
yllcorner		20.0
cellsize		0.5
NODATA_value	-99999
0.00000 0.00000 0.00000 0.00000 0.00000 0.00000 0.00000 0.17693 2.76217 9.21812 15.45761 15.62073 13.61413 9.73556 5.21652 1.76831 0.36670 0.00000 0.00000 0.00000 0.07243 0.15970 0.25552 0.63279 1.54940 3.00186 4.50198 5.36218 5.16005 3.91629 2.74950 2.34088 2.33336 2.39613 2.23746 1.90439 1.55736 1.37240 1.34254 1.42226 1.53766 1.56276 1.26056 0.80991 0.37965 0.14695 0.07486 0.05805 0.08041 0.09569 0.11037 0.18139 0.27363 0.37729 0.65188 1.11292 1.22765 1.28664 1.84008 2.97816
0.00000 0.00000 0.00000 0.00000 0.00000 0.00000 0.00000 0.08470 2.34052 7.80515 12.30093 12.29027 11.13397 7.71700 3.85005 1.54571 0.38324 0.00000 0.07373 0.25950 0.74626 0.83776 0.83658 1.08696 1.50188 2.22358 3.13404 3.84934 3.97239 3.17528 2.18827 1.71156 1.37673 1.09800 0.74418 0.40566 0.24998 0.34737 0.62513 1.11570 1.67730 1.95550 1.82242 1.21058 0.49251 0.13630 0.03826 0.00000 0.00000 0.07224 0.20369 0.36472 1.09066 2.00291 3.01855 3.68506 4.05459 3.86103 3.95137 4.74600
0.00000 0.00000 0.00000 0.00000 0.00000 0.00000 0.00000 0.00000 0.60807 4.15374 9.49319 10.24431 7.15495 3.58808 1.30136 0.66183 0.50986 0.59351 1.12942 1.95388 2.76740 3.13430 2.91270 2.54929 2.49145 2.62252 3.01971 3.17789 2.94234 2.14509 1.50199 1.04135 0.70345 0.45638 0.24247 0.09515 0.05609 0.20134 0.68115 1.47707 2.02822 2.14414 1.94860 1.45432 0.66288 0.16441 0.03109 0.02225 0.03874 0.07829 0.15131 0.71603 2.96188 7.10117 10.98465 11.02163 9.54563 10.05865 10.53420 9.20693
0.00000 0.00000 0.00000 0.00000 0.00000 0.00000 0.00000 0.00000 0.00000 1.29100 4.26948 5.95946 3.97872 1.26816 0.23886 0.15701 0.32660 0.93691 2.33289 4.17208 5.49641 6.00450 5.83724 5.26911 4.63528 4.36743 4.09728 3.63570 2.37477 0.96767 0.90562 0.59272 0.38717 0.24899 0.14772 0.09987 0.13795 0.37761 1.00397 1.70455 1.98894 2.05178 1.94394 1.58547 0.91304 0.35151 0.14448 0.11840 0.14646 0.17560 0.28716 1.18077 4.66301 12.56835 20.84535 23.71759 19.80289 17.12549 16.14037 15.63801
0.00000 0.00000 0.00000 0.00000 0.00000 0.00000 0.00000 0.00000 0.00000 0.35792 1.83564 2.58683 1.89075 0.74452 0.22708 0.10298 0.19620 1.22490 3.76084 6.23418 7.26933 7.50308 7.37947 7.03992 6.57478 6.07960 5.64047 4.65923 2.70262 1.24777 0.58773 0.37940 0.28016 0.20111 0.15759 0.17293 0.30663 0.68362 1.36486 1.91806 2.18073 2.21104 2.06981 1.77440 1.26623 0.79633 0.58336 0.55432 0.53765 0.43432 0.37230 1.49180 6.42068 15.86104 23.39368 26.12486 25.15937 21.02728 18.10490 17.92373
0.00000 0.00000 0.00000 0.00000 0.00000 0.00000 0.00000 0.00000 0.00000 0.00000 0.45636 0.49597 0.99389 0.59669 0.33978 0.34086 0.70437 2.31175 5.38037 7.52589 7.97882 7.92393 7.86726 7.74653 7.46815 7.15980 6.75342 5.83868 3.91142 1.82781 0.75235 0.34320 0.24233 0.20564 0.21357 0.29895 0.53495 1.00217 1.62463 2.13562 2.37891 2.45513 2.39480 2.17484 1.77470 1.51865 1.45647 1.49368 1.53310 1.45710 1.54320 2.80915 7.26379 12.72868 17.12766 19.62343 21.87534 20.25819 17.40870 16.81883
0.00000 0.00000 0.00000 0.00000 0.00000 0.00000 0.00000 0.00000 0.00000 0.00000 0.00000 0.00000 0.24171 0.50184 0.70459 1.11588 2.16835 4.33479 6.85718 8.29006 8.60817 8.19158 8.16081 8.26064 8.22011 8.02261 7.92384 7.36583 5.54548 2.78374 1.07542 0.46072 0.27302 0.25241 0.31498 0.47346 0.79275 1.30670 1.88374 2.31092 2.56502 2.84633 3.03579 3.24372 3.00374 2.72150 2.52506 2.41558 2.46332 2.48833 2.51225 3.34457 5.94081 9.47503 12.77059 14.57694 15.87872 17.21093 16.71809 15.18875
0.00000 0.00000 0.00000 0.00000 0.00000 0.00000 0.00000 0.00000 0.00000 0.00000 0.00000 0.00000 0.00000 0.61360 1.27231 2.06740 3.55801 5.75402 7.87922 8.90502 9.51242 9.05542 9.07673 9.36595 9.39430 9.13720 8.87619 8.28519 6.70363 3.91803 1.61134 0.64212 0.37315 0.34822 0.46096 0.69808 1.12057 1.72331 2.30584 2.86733 3.68845 4.66504 5.91883 6.92024 6.05709 5.27252 4.59778 3.65111 3.21148 3.12952 3.18406 3.76945 5.49847 7.99727 10.66055 12.56530 16.05404 18.62635 15.51347 13.39825
0.00000 0.00000 0.00000 0.00000 0.00000 0.00000 0.00000 0.00000 0.00000 0.00000 0.00000 0.00000 0.00000 0.10926 1.72829 3.00293 4.43085 6.27382 7.87521 8.90537 9.41079 9.54032 9.50120 9.35132 9.15631 8.87768 8.59625 8.08987 6.98742 4.74474 2.28745 0.93848 0.42965 0.47857 0.69829 1.06984 1.70763 2.68782 3.67234 4.92730 6.33623 7.93838 9.17588 9.53545 9.01993 8.83545 8.51905 7.71846 5.48539 4.50562 4.69007 5.39831 7.21541 10.80654 14.16756 14.72330 16.33301 16.91089 15.96871 13.85905
0.00000 0.00000 0.00000 0.00000 0.00000 0.00000 0.00000 0.00000 0.00000 0.00000 0.00000 0.00000 0.00000 0.00000 0.21590 2.82041 4.61580 6.00886 7.28425 7.90524 8.16551 8.25498 8.12473 7.85138 7.61066 7.37766 7.27701 7.12368 6.52428 5.06090 3.13447 1.32604 0.40371 0.51787 0.86901 1.51477 3.66007 4.89227 5.72886 6.75569 7.66239 8.53072 9.02881 9.06838 8.96873 8.79641 8.79459 9.06267 8.99890 7.83715 7.38969 8.00523 9.83927 12.87782 14.14655 13.20669 12.87193 13.59055 15.84957 14.28574
0.00000 0.00000 0.00000 0.00000 0.00000 0.00000 0.00000 0.00000 0.00000 0.00000 0.00000 0.00000 0.00000 0.00000 0.00000 0.19722 2.70617 4.57719 5.16445 5.45880 5.44047 5.27004 5.00173 4.47224 4.36950 5.04286 5.99383 6.62802 6.52867 5.53346 3.41248 0.71943 0.54249 0.83575 1.18437 2.10190 3.81669 5.06457 6.22940 7.23069 7.91190 8.61345 8.89822 8.53374 8.53875 8.59860 8.63436 8.68513 8.33606 7.08685 6.13787 6.00920 7.23555 9.97936 11.80034 11.08702 10.58768 13.39798 18.44871 19.72166
0.00000 0.00000 0.00000 0.11147 0.22496 0.33913 0.18029 0.00000 0.00000 0.00000 0.00000 0.00000 0.00000 0.11271 0.33446 0.78440 1.04345 1.08366 1.25088 1.33981 1.29935 1.34978 1.46613 1.61119 1.85503 2.28505 2.66109 2.99590 3.21833 2.82004 1.48348 0.22676 0.51523 0.67937 0.97452 1.62974 2.50964 3.72693 5.34673 7.22032 8.52271 8.78118 8.63195 8.22761 7.99387 8.07776 8.51298 8.84824 8.29863 6.53159 5.33394 4.86638 6.20934 9.27120 12.30929 13.15011 13.48272 16.05454 20.63577 23.95659
0.00000 0.00000 0.14916 0.45578 1.02356 2.18041 2.15241 1.19748 0.45475 0.00000 0.04000 0.37124 1.03996 1.28637 1.42733 1.23115 0.92438 0.43415 0.06734 0.06487 0.11789 0.16487 0.22029 0.30206 0.43611 0.61301 0.85777 1.09064 1.24677 0.67949 0.39756 0.30486 0.39992 0.47937 0.62089 0.85411 1.22811 2.05528 3.54885 5.37097 7.66614 8.88878 9.23605 8.88824 8.28496 8.41322 9.04156 8.95735 8.88718 8.08235 6.87841 6.33330 7.95749 11.25231 13.40336 14.37547 15.78124 19.09653 23.12047 23.94721
0.00000 0.02630 0.24113 0.62039 1.45189 2.95725 3.79343 4.15851 4.26921 4.53755 3.75742 3.84872 5.40211 5.01856 3.66787 1.82931 0.89542 0.30817 0.05229 0.00000 0.00000 0.00000 0.00000 0.04379 0.10342 0.19657 0.34094 0.39937 0.43611 0.40485 0.42022 0.45039 0.43236 0.41379 0.43743 0.51640 0.67100 0.94161 1.49312 2.55946 4.43783 7.20482 9.21516 9.70558 10.11104 10.11927 10.24452 10.69821 10.41865 10.18619 10.09496 10.02533 11.59958 14.84018 15.54403 14.29752 14.70895 17.56004 20.07263 19.50957
0.00000 0.00000 0.14333 0.36499 0.72561 1.55884 2.98914 4.11366 5.72402 12.77476 14.22961 14.75221 19.80607 12.79611 4.74041 1.42732 0.65365 0.19983 0.04794 0.00000 0.00000 0.00000 0.00000 0.04529 0.08792 0.17524 0.32798 0.58768 1.06366 1.02522 0.59608 0.57338 0.51353 0.45645 0.42902 0.39738 0.39890 0.46306 0.61920 1.01155 1.98686 3.84584 6.16051 8.16648 10.50783 12.48218 13.67778 13.76951 13.06062 11.33660 10.44176 10.42340 11.88880 14.91480 15.28336 13.19980 9.73686 8.92780 9.27838 7.82770
0.00000 0.00000 0.00000 0.11261 0.17411 0.32003 1.03586 1.88773 2.10133 6.28789 12.46896 19.81776 28.13208 18.03481 3.48993 1.20121 0.56065 0.28800 0.14411 0.03443 0.00000 0.02417 0.06066 0.12150 0.25909 0.48628 0.76391 1.46086 2.00295 1.93492 1.24349 0.73587 0.62416 0.55374 0.53346 0.47508 0.40999 0.32385 0.26654 0.34750 0.79802 2.17685 4.26704 6.01370 8.11291 11.78692 16.03509 17.50089 15.90301 11.75873 8.42738 7.34778 8.32113 9.57868 9.41187 6.86808 3.82811 2.13940 2.37193 1.47554
0.00000 0.00000 0.00000 0.00000 0.02695 0.06580 0.21479 0.20162 0.51720 1.27674 4.56534 11.23917 14.92511 17.82096 6.06789 6.14135 2.87704 0.86798 0.47236 0.22504 0.15307 0.17259 0.24114 0.40925 0.71758 1.05327 1.44779 2.46567 3.21215 3.50874 2.69669 1.32780 0.81930 0.64806 0.54765 0.48845 0.43837 0.34854 0.21897 0.13158 0.32859 1.46005 3.58501 5.11132 6.30259 9.54640 15.40876 17.01642 14.96974 9.50389 4.30841 2.57753 2.99288 3.04631 2.64718 1.86946 0.67402 0.00000 0.09147 0.00000
0.00000 0.00000 0.00000 0.00000 0.00000 0.00000 0.00000 0.00000 0.15024 0.94492 3.69525 9.64498 27.25366 59.43230 28.48722 20.59758 9.67999 2.80286 1.19250 0.70021 0.64415 0.74149 0.86918 1.04118 1.30695 1.51966 2.20722 3.26510 4.18086 4.56809 3.88718 2.46288 1.34998 0.97658 0.73474 0.61057 0.52887 0.43753 0.30903 0.12774 0.22691 1.19155 3.19710 4.54574 5.49098 8.26908 12.71240 13.89014 11.01796 6.27090 1.84670 0.46554 0.68579 0.54936 0.31563 0.22162 0.00000 0.00000 0.00000 0.00000
0.00000 0.00000 0.00000 0.00000 0.00000 0.00000 0.00000 0.00000 0.15131 1.60681 4.47766 11.78327 45.52924 159.39270 160.89848 61.72763 20.81776 7.86858 3.31382 1.91427 1.27159 1.38633 1.55098 1.56209 1.74370 2.22864 3.12714 4.33692 5.47086 6.28151 5.63121 3.84281 2.29043 1.70201 1.24306 0.95130 0.72357 0.63555 0.60506 0.44333 0.47775 1.13075 2.61725 4.24381 5.42386 7.06145 8.74058 8.87765 6.63657 3.52170 1.23380 0.39964 0.12847 0.05028 0.00000 0.00000 0.00000 0.00000 0.00000 0.00000
0.00000 0.00000 0.00000 0.00000 0.00000 0.00000 0.00000 0.00000 0.02829 1.24904 3.17278 7.21281 14.54070 58.04428 99.92143 46.92159 10.56351 5.67937 4.81955 4.59911 2.91363 2.33163 2.30932 2.25044 2.34765 2.95306 3.89725 5.04929 7.06240 8.45379 7.82682 5.63004 3.72173 3.12979 2.64703 2.21913 1.93287 1.83025 1.77391 1.30088 0.84526 0.67469 0.96989 2.06598 3.46894 4.30036 4.15357 3.03219 2.02897 1.27054 0.57505 0.12444 0.00000 0.00000 0.00000 0.00000 0.00000 0.00000 0.00000 0.00000
0.00000 0.00000 0.00000 0.00000 0.00000 0.00000 0.00000 0.00000 0.13738 0.72851 1.34302 2.84993 6.17570 10.63884 13.28160 5.47738 2.95250 1.92264 2.44755 4.54905 6.71261 6.82739 5.68196 4.24807 3.25442 3.17033 4.42986 7.02545 9.57654 10.42989 9.25422 7.38535 5.77458 4.94466 4.57050 4.12868 4.05907 4.08032 3.55115 2.42851 1.06391 0.29597 0.16785 0.60595 1.50601 1.91068 1.36288 0.62242 0.23541 0.12370 0.00000 0.00000 0.00000 0.00000 0.00000 0.00000 0.00000 0.00000 0.00000 0.00000
0.00000 0.00000 0.00000 0.00000 0.00000 0.00000 0.00000 0.14135 0.28330 0.50045 0.60200 1.47942 6.51697 8.52632 2.66369 0.00000 0.00000 0.10679 2.23926 4.59744 12.24233 13.69062 7.96355 4.34574 5.21555 7.33737 8.31231 10.15484 9.92416 9.52634 7.84647 6.38547 5.83017 5.13917 4.93278 4.58154 4.60098 4.77312 3.94425 2.68603 1.29296 0.40690 0.23732 0.48994 0.94388 1.06410 0.46304 0.00000 0.00000 0.00000 0.00000 0.02610 0.04562 0.02978 0.00000 0.00000 0.00000 0.00000 0.00000 0.12748
0.00000 0.00000 0.27361 0.92503 1.68219 1.34846 0.39876 0.59974 0.66257 0.92046 0.87277 2.13591 8.69159 10.76939 2.58866 0.12356 0.00000 0.00000 0.84530 2.83125 8.25223 9.12678 4.38130 2.51738 6.27348 12.45626 18.93804 21.23999 16.06358 9.84415 6.57404 5.77506 5.93168 5.32701 5.19300 5.10011 5.15588 4.49014 3.32681 2.39906 1.56827 0.86626 0.54258 0.82591 1.05629 1.00630 0.67947 0.15620 0.03898 0.14151 0.19173 0.18928 0.09563 0.05762 0.00000 0.00000 0.00000 0.00000 0.00000 0.12296
0.00000 0.47550 3.32899 7.83539 11.26833 7.46763 1.79285 0.89933 1.09307 1.39908 0.94118 0.89037 3.30244 3.14350 0.66759 0.00000 0.00000 0.00000 0.00000 0.04961 1.41591 1.87895 1.22520 1.45721 5.54761 13.59437 23.36208 30.81014 28.55190 14.18489 5.05522 5.51449 7.93802 7.41318 5.81429 5.44558 5.81614 4.55483 2.28472 1.84956 1.75016 0.95713 0.88781 0.98466 0.97979 0.89263 1.10237 0.35392 0.22996 0.33547 0.40944 0.42057 0.26073 0.09815 0.00000 0.00000 0.00000 0.00000 0.00000 0.04309
0.21541 2.69309 8.61080 19.46963 27.84193 20.06928 7.27140 3.52380 2.03097 0.78725 0.40573 0.09643 0.16392 0.02915 0.00000 0.00000 0.00000 0.00000 0.00000 0.00000 0.00000 0.00000 0.00000 0.66362 5.08644 12.34917 18.11254 22.09822 20.43338 9.80997 3.61571 7.39803 15.11696 15.14732 7.34909 6.15912 10.66521 7.46570 2.72368 2.97294 2.54883 2.12232 1.49572 0.86729 0.69525 0.95326 0.57170 0.00000 0.00000 0.02449 0.14325 0.26799 0.27969 0.12655 0.02440 0.00000 0.00000 0.00000 0.00000 0.00000
0.46882 1.90952 8.52480 26.60297 48.03602 40.22657 20.88478 7.61690 2.36853 0.39006 0.10843 0.00000 0.00000 0.00000 0.00000 0.00000 0.00000 0.00000 0.00000 0.00000 0.00000 0.00000 0.00000 0.35165 3.59920 8.23272 11.67900 12.82808 10.26527 3.44018 3.44676 12.65795 23.97408 19.14775 6.02787 5.80842 17.59298 17.90714 11.66359 5.94033 2.00260 4.63518 5.45215 2.39314 0.58728 0.00000 0.00000 0.00000 0.00000 0.00000 0.00000 0.00000 0.07891 0.11183 0.04511 0.00000 0.00000 0.00000 0.00000 0.00000
0.72547 0.85933 5.60083 20.67327 37.40872 30.35459 15.77404 6.30661 0.07590 0.18333 0.80592 0.60110 0.67969 0.09026 0.07217 0.14614 0.00000 0.00000 0.00000 0.00000 0.00000 0.00000 0.00000 0.05979 1.48086 2.76515 2.33396 3.55066 2.80666 0.06306 1.15880 9.80332 15.12363 9.72094 2.05107 2.34730 7.44997 13.91429 10.65882 4.20493 2.37891 4.43858 8.62305 5.34264 0.52192 0.04345 0.19735 0.17092 0.47356 0.36819 0.06500 0.00000 0.00000 0.00000 0.00000 0.00000 0.00000 0.00000 0.00000 0.00000
1.66571 1.67533 3.68408 9.67024 14.88502 9.07300 3.13377 0.99738 0.08681 1.40471 4.78395 6.63506 4.62709 2.28867 2.73725 2.41870 0.37308 0.00000 0.00000 0.00000 0.00000 0.00000 0.00000 0.00000 0.02063 0.14947 0.09625 0.28147 0.05933 0.00000 0.00000 1.52482 4.97092 3.97126 1.16912 2.31371 7.76562 15.60538 8.81349 1.75805 0.44957 1.93104 5.22714 4.96256 1.18781 1.40214 2.82347 1.54559 0.37694 0.30243 0.20736 0.00000 0.00000 0.68314 1.75383 1.40535 0.22299 0.00000 0.00000 0.00000
2.78390 1.69512 1.17142 2.74544 4.29788 2.87878 1.06769 0.34748 0.59518 3.49453 12.29103 16.46539 7.59871 2.91523 7.12803 8.03672 2.91210 0.04098 0.00000 0.00000 0.00000 0.00000 0.00000 0.00000 0.00000 0.00000 0.00000 0.00000 0.00000 0.00000 0.00000 0.00000 0.14931 0.48754 0.33380 0.93020 4.49366 14.37009 11.26555 4.72159 3.38055 3.94856 5.62329 5.26200 5.03315 4.11392 4.27024 2.31338 0.55477 0.02451 0.00000 0.00000 1.27955 4.16476 4.02269 2.71677 0.99170 0.08247 0.00000 0.00000
3.22072 1.88537 0.87860 0.94380 0.73882 0.79339 0.87576 1.37481 0.97964 2.79763 12.64157 13.59388 5.80384 4.64808 10.51672 14.41960 5.67658 0.22746 0.00000 0.00000 0.00000 0.00000 0.00000 0.00000 0.00000 0.00000 0.00000 0.00000 0.00000 0.00000 0.00000 0.00000 0.00000 0.00000 0.00000 0.20785 1.19398 3.34094 7.85163 9.02814 11.06395 13.66384 15.11483 16.97473 17.05226 11.25632 4.65215 2.48592 0.74838 0.30404 0.02733 0.86069 5.62266 9.09988 7.63325 5.91508 2.06913 0.38698 0.02654 0.00000
4.08596 3.72394 2.71930 1.68216 1.75176 3.51683 4.01079 4.27332 2.86575 2.18233 5.68426 4.33808 2.48638 3.06255 5.29150 7.39269 4.28922 0.15629 0.48432 0.56290 0.06152 0.00000 0.00000 0.00000 0.00000 0.00000 0.00000 0.00000 0.00000 0.00000 0.00000 0.00000 0.00000 0.00000 0.00000 0.21167 0.71951 2.89573 8.34165 11.51255 16.85517 21.86765 21.18852 17.65200 20.30676 28.20928 14.49793 3.55780 1.33989 0.98640 1.72369 4.98112 11.74400 16.86254 18.32146 19.33255 10.00085 4.12872 0.21837 0.10026
6.79132 8.70989 8.83104 5.13144 3.62601 10.56039 12.31636 7.68946 5.70290 3.84775 3.24718 1.93100 0.16917 0.17372 1.51224 2.34378 1.10624 1.38287 3.46130 3.43732 1.31473 0.02920 0.00000 0.00000 0.00000 0.00000 0.00000 0.00000 0.00000 0.00000 0.00000 0.00000 0.00000 0.00000 0.00000 0.00000 0.57825 4.39082 10.06887 13.07554 26.33203 27.76574 17.24407 7.28266 11.51795 19.03324 10.49148 5.54637 2.64663 1.68690 2.90998 7.80904 17.84042 22.72849 24.22664 37.29644 27.19719 12.55301 0.90301 0.64313
8.38272 13.24941 19.58272 17.17829 11.60696 15.44258 17.76116 10.32871 7.00053 4.88643 2.92859 1.24370 0.10545 0.00000 0.00000 0.00000 0.12159 1.15221 4.97526 4.78223 1.87019 0.09686 0.00000 0.00000 0.00000 0.12845 0.14938 0.02983 0.00000 0.00000 0.00000 0.00000 0.00000 0.03900 0.00000 0.00000 0.59561 4.03743 9.22275 20.35533 46.68322 41.36725 28.06425 16.01225 12.67908 12.22740 7.16728 4.12017 2.23947 1.45925 2.36769 7.68169 19.88230 27.34819 32.64031 36.04433 29.84782 13.30408 2.07213 0.15578
8.26251 16.92343 36.17114 39.39631 22.69765 11.11563 11.61324 9.77750 6.86142 4.84810 2.89599 0.58497 0.00000 0.00000 0.00000 0.00000 0.00000 0.57694 1.80115 1.50381 0.53503 0.07288 0.00000 0.00000 0.00000 0.23251 0.32094 0.19977 0.03652 0.00000 0.00000 0.00000 0.00000 0.30015 0.56980 1.36111 6.61903 5.27860 5.72358 20.23771 37.10244 30.97174 28.52953 17.23123 13.12334 8.81430 3.75650 1.88846 1.18743 0.98184 1.91447 5.68492 14.43364 21.37616 22.42199 19.63617 19.65727 9.74496 1.71907 0.10283
9.54764 18.33606 42.13301 54.05273 32.57725 9.41261 5.76196 6.67576 5.38065 3.47558 1.84097 1.10943 1.43760 1.42273 0.30395 0.00000 0.00000 0.00000 0.07226 0.05555 0.00000 0.00000 0.00000 0.00000 0.00000 0.17715 0.27969 0.15408 0.02580 0.00000 0.00000 0.00000 0.12839 1.29075 2.98728 5.19759 9.11122 5.78826 6.66084 20.52056 27.25597 12.91325 6.65443 7.85110 6.18733 5.20874 2.96731 1.24081 0.94628 0.89208 2.01061 5.02944 8.97363 11.89618 11.49414 8.17369 10.48025 6.15175 1.75573 0.72384
12.85961 14.64614 25.26383 30.58611 19.49414 10.10727 6.61077 7.72855 6.76440 4.87628 6.77969 8.88607 8.07944 7.15894 3.43132 0.10833 0.00000 0.47557 0.36837 0.00000 0.00000 0.00000 0.00000 0.00000 0.00000 0.05715 0.04826 0.00000 0.00000 0.07960 0.51249 0.34668 0.27275 1.21186 2.93181 3.27542 1.87328 0.61584 9.64254 28.16981 51.13856 31.88366 5.70859 2.55258 2.76905 3.43989 2.93449 1.16960 0.61639 0.65584 1.65167 5.27349 8.04479 8.10347 7.44253 6.40375 6.22371 4.09400 1.51310 0.62004
24.26072 20.78558 14.33855 12.24457 8.23062 14.79347 17.72438 14.14850 8.20897 6.35859 10.65532 13.97182 11.68639 11.62600 7.13501 0.74264 0.35084 1.22051 1.12366 0.33415 0.00000 0.00000 0.03986 0.44515 0.54517 0.34901 0.00000 0.00000 0.00000 0.42393 1.08648 1.08659 0.30032 0.19579 0.38838 0.36007 0.04867 0.00000 10.71516 23.42863 30.18064 -99999.00000 -99999.00000 1.22998 1.63072 2.63236 2.98121 1.47267 0.51836 0.44911 1.07027 5.57511 7.68228 7.04279 6.02452 4.41343 4.54196 3.98180 1.60667 1.15664
53.90455 39.32620 18.88944 12.37796 15.54530 31.99156 37.63012 21.74453 7.10889 3.68362 4.55811 6.20844 9.57332 12.14198 9.36033 2.54333 1.32697 2.14250 2.44779 1.14172 0.10904 0.00000 0.07179 0.91218 1.43681 1.22250 0.26955 0.00000 0.03356 1.62111 2.20529 2.12387 1.04887 0.05693 0.00000 -99999.00000 -99999.00000 -99999.00000 -99999.00000 -99999.00000 -99999.00000 -99999.00000 -99999.00000 3.42355 2.95452 3.24990 3.05934 1.96213 0.71367 0.37631 1.56050 5.23872 7.06576 7.03624 7.42762 8.73190 9.39580 7.09972 4.29085 3.49929
72.41407 52.03907 27.32254 19.88095 -99999.00000 46.38620 45.87137 22.70076 3.66727 1.34155 2.02555 4.89521 9.74078 12.50075 10.63877 3.40216 1.35862 1.74642 2.13982 1.11115 0.49789 0.08306 0.00000 1.44964 3.20919 3.60489 1.93317 1.68977 1.53791 2.49092 2.97505 3.73122 2.45347 0.37309 -99999.00000 -99999.00000 -99999.00000 -99999.00000 -99999.00000 -99999.00000 -99999.00000 -99999.00000 -99999.00000 -99999.00000 4.27453 3.54519 2.93583 2.37894 1.47823 1.00405 3.06889 5.44873 6.81455 10.04140 18.22796 21.07959 17.18901 11.17963 7.16438 6.76031
-99999.00000 -99999.00000 -99999.00000 -99999.00000 -99999.00000 40.34316 41.78582 16.14912 3.80461 1.67809 2.59636 5.20969 9.56335 12.04872 10.16005 4.28616 1.85935 1.60179 1.02521 0.66592 0.60863 0.34717 0.22895 2.93712 6.49207 8.04109 6.51009 6.09392 3.68966 2.12151 1.83683 2.07530 1.84392 0.27479 -99999.00000 -99999.00000 -99999.00000 -99999.00000 -99999.00000 -99999.00000 -99999.00000 -99999.00000 -99999.00000 -99999.00000 -99999.00000 2.91997 2.75561 2.59147 2.18773 3.42075 4.89906 6.29615 9.10292 20.30542 28.56262 25.24958 19.87905 12.28030 6.40569 5.82651
