DATA/RAW-RASTER/CPC/2017/20170831.asc
ncols			60
nrows			40
xllcorner		70.0
yllcorner		20.0
cellsize		0.5
NODATA_value	-99999
0.00000 0.00000 0.00000 0.00000 0.00000 0.00000 0.00000 0.00000 0.00000 0.00000 0.00000 0.00000 0.00000 0.19982 0.59908 0.64805 0.36535 0.25430 0.50549 0.58630 0.38652 0.16629 0.06013 0.02220 0.00000 0.00000 0.00000 0.00000 0.00000 0.00000 0.00000 0.00000 0.00000 0.00000 0.00000 0.00000 0.00000 0.00000 0.00000 0.00000 0.00000 0.00000 0.00000 0.00000 0.00000 0.00000 0.00000 0.00000 0.00000 0.00000 0.00000 0.00000 0.00000 0.00000 0.00000 0.00000 0.00000 0.00000 0.00000 0.00000
0.00000 0.00000 0.00000 0.00000 0.00000 0.00000 0.00000 0.00000 0.00000 0.00000 0.00000 0.00000 0.00000 0.03527 0.07813 0.08229 0.06365 0.07307 0.12924 0.17522 0.16452 0.10490 0.03879 0.00000 0.00000 0.00000 0.00000 0.00000 0.00000 0.00000 0.00000 0.00000 0.00000 0.00000 0.00000 0.00000 0.00000 0.00000 0.00000 0.00000 0.00000 0.00000 0.00000 0.00000 0.00000 0.00000 0.00000 0.00000 0.00000 0.00000 0.00000 0.00000 0.00000 0.00000 0.00000 0.00000 0.00000 0.00000 0.02997 0.02335
0.00000 0.00000 0.00000 0.00000 0.00000 0.00000 0.00000 0.00000 0.00000 0.00000 0.00000 0.00000 0.00000 0.00000 0.00000 0.00000 0.00000 0.00000 0.00000 0.00000 0.00000 0.00000 0.00000 0.00000 0.00000 0.00000 0.00000 0.00000 0.00000 0.00000 0.00000 0.00000 0.00000 0.00000 0.00000 0.00000 0.00000 0.00000 0.00000 0.00000 0.00000 0.00000 0.00000 0.00000 0.00000 0.00000 0.00000 0.00000 0.00000 0.00000 0.00000 0.00000 0.00000 0.00000 0.00000 0.00000 0.02394 0.13928 0.21084 0.17874
0.00000 0.00000 0.00000 0.00000 0.00000 0.00000 0.00000 0.00000 0.00000 0.00000 0.00000 0.00000 0.00000 0.00000 0.00000 0.00000 0.00000 0.00000 0.00000 0.00000 0.00000 0.00000 0.00000 0.00000 0.00000 0.00000 0.00000 0.00000 0.00000 0.00000 0.00000 0.00000 0.00000 0.00000 0.00000 0.00000 0.00000 0.00000 0.00000 0.00000 0.00000 0.00000 0.00000 0.00000 0.00000 0.00000 0.00000 0.00000 0.00000 0.00000 0.00000 0.00000 0.00000 0.00000 0.00000 0.02711 0.17684 0.40921 0.71195 0.90495
0.00000 0.00000 0.00000 0.00000 0.00000 0.00000 0.00000 0.00000 0.00000 0.00000 0.00000 0.00000 0.00000 0.00000 0.00000 0.00000 0.00000 0.00000 0.00000 0.00000 0.00000 0.00000 0.00000 0.00000 0.00000 0.00000 0.00000 0.00000 0.00000 0.00000 0.00000 0.00000 0.00000 0.00000 0.00000 0.00000 0.00000 0.00000 0.00000 0.00000 0.00000 0.00000 0.00000 0.00000 0.00000 0.00000 0.00000 0.00000 0.00000 0.00000 0.00000 0.00000 0.00000 0.00000 0.00000 0.04064 0.19484 0.58099 1.12964 1.61574
0.00000 0.00000 0.00000 0.00000 0.00000 0.00000 0.00000 0.00000 0.00000 0.00000 0.00000 0.00000 0.00000 0.00000 0.00000 0.00000 0.00000 0.00000 0.00000 0.00000 0.00000 0.00000 0.00000 0.00000 0.00000 0.00000 0.00000 0.00000 0.00000 0.00000 0.00000 0.00000 0.00000 0.00000 0.00000 0.00000 0.00000 0.00000 0.00000 0.00000 0.00000 0.03154 0.05928 0.11270 0.16579 0.14749 0.11071 0.07581 0.02937 0.00000 0.00000 0.00000 0.00000 0.00000 0.00000 0.02978 0.15082 0.54566 1.18593 1.73297
0.00000 0.00000 0.00000 0.00000 0.00000 0.00000 0.00000 0.00000 0.00000 0.00000 0.04262 0.02920 0.00000 0.00000 0.00000 0.00000 0.00000 0.00000 0.00000 0.00000 0.00000 0.00000 0.00000 0.00000 0.00000 0.00000 0.00000 0.00000 0.00000 0.00000 0.00000 0.00000 0.00000 0.00000 0.00000 0.00000 0.00000 0.02224 0.03788 0.06071 0.09976 0.18359 0.33008 0.52689 0.61323 0.56625 0.40204 0.20083 0.06812 0.00000 0.00000 0.00000 0.00000 0.00000 0.02606 0.03937 0.08717 0.39535 1.12965 2.04312
0.00000 0.00000 0.00000 0.00000 0.00000 0.00000 0.00000 0.05980 0.15171 0.38771 0.57138 0.50968 0.38037 0.16229 0.04769 0.00000 0.00000 0.00000 0.00000 0.00000 0.00000 0.00000 0.00000 0.00000 0.00000 0.00000 0.00000 0.00000 0.00000 0.00000 0.00000 0.00000 0.00000 0.00000 0.00000 0.00000 0.03854 0.07359 0.12515 0.21825 0.40689 0.72082 1.21504 1.71337 1.67828 1.48915 1.14069 0.59750 0.21828 0.06761 0.05759 0.04750 0.06257 0.21345 0.23879 0.16391 0.19961 0.64361 1.36762 2.63657
0.00000 0.00000 0.00000 0.00000 0.05872 0.17591 0.28235 0.42209 0.63219 0.89221 1.13821 1.25768 1.15837 0.93003 0.43630 0.10942 0.02869 0.00000 0.00000 0.00000 0.00000 0.00000 0.00000 0.00000 0.00000 0.00000 0.00000 0.00000 0.00000 0.00000 0.00000 0.00000 0.00000 0.00000 0.02513 0.05911 0.11070 0.20891 0.36029 0.60875 0.96189 1.45285 2.00247 2.43922 2.62746 2.77774 2.64766 2.06288 1.03096 0.56812 0.60450 0.86628 1.11591 1.32596 1.49635 1.48363 1.71099 2.17182 2.83669 4.29346
0.02835 0.00000 0.03456 0.09283 0.37485 0.87334 1.12808 0.86049 1.04327 1.51057 1.47443 1.37263 1.43290 1.51366 1.35210 0.67264 0.23683 0.11455 0.06435 0.03527 0.02032 0.00000 0.00000 0.00000 0.00000 0.00000 0.00000 0.00000 0.00000 0.03165 0.07730 0.14395 0.18991 0.16009 0.10813 0.13554 0.33405 0.51172 0.65319 0.83878 1.03161 1.27030 1.54485 1.86005 2.28774 2.71314 2.89653 2.85753 2.77367 2.90630 3.63927 4.44552 4.59963 4.35998 4.15910 4.21513 4.47158 4.44406 5.07767 5.99860
0.14240 0.12890 0.36086 0.74381 1.66399 3.57469 3.85274 3.21308 2.88031 3.11143 2.57072 1.68486 1.79541 2.21783 2.54870 2.66494 1.72551 0.67071 0.30080 0.15292 0.08022 0.04488 0.02702 0.00000 0.00000 0.00000 0.00000 0.00000 0.04009 0.13205 0.33837 0.65187 0.74598 0.80919 0.77519 0.79957 0.91938 0.88187 0.81161 0.84313 0.84295 0.88985 0.91320 0.94592 1.17705 1.72359 2.26411 2.66235 3.47695 5.00519 6.64855 7.30400 7.05383 6.19051 5.47144 5.07120 4.96233 5.37326 6.05563 7.10289
0.78997 0.52361 0.77310 1.49162 3.41054 9.13970 12.64961 6.84440 4.43155 3.01557 3.46455 2.62587 2.30912 2.64450 3.24399 3.34979 3.00564 1.66350 0.53984 0.19634 0.09000 0.04693 0.02755 0.00000 0.00000 0.00000 0.00000 0.03722 0.11028 0.31893 0.72492 1.04796 1.15467 1.18592 1.27626 1.42164 1.39542 1.27657 1.08330 1.09551 1.00041 0.74717 0.54840 0.40182 0.29812 0.60106 1.37727 2.46639 4.07253 5.72179 7.08118 7.71152 7.48679 6.48866 5.80581 5.53408 5.22874 4.90985 4.67649 5.40461
2.28027 1.57093 1.46457 2.52682 4.82859 8.67853 13.06557 14.28187 10.96708 5.24740 4.83513 4.65691 4.05770 3.71839 4.08436 3.82105 3.01770 1.51876 0.47125 0.13898 0.05408 0.02680 0.00000 0.00000 0.00000 0.00000 0.02766 0.07048 0.18321 0.53354 0.97174 1.19193 1.34083 1.40369 1.59318 1.78393 1.87233 2.04276 2.16143 1.90701 1.73135 1.28329 0.87908 0.63318 0.49128 0.77800 1.62447 2.78859 4.14250 5.07366 5.77836 6.24138 5.95031 4.87206 4.22292 4.48302 4.76094 4.54614 4.12366 4.02373
2.08143 1.85239 2.14406 3.77161 7.26354 14.00558 24.70105 34.87091 24.09418 13.01586 7.73239 7.64696 10.48330 10.58045 9.11129 5.24280 3.38330 1.57343 0.41122 0.08240 0.02764 0.00000 0.00000 0.02743 0.03215 0.03467 0.06092 0.13180 0.32362 0.74316 1.17179 1.44097 1.57749 1.65308 1.77494 1.98012 2.14110 2.34662 2.55549 2.78409 3.04320 3.26024 3.25124 2.83814 2.76840 3.16784 4.10766 5.00969 4.56801 3.53748 3.09883 3.65348 3.75887 3.17104 2.98941 3.77371 5.15553 5.71102 5.19658 4.88003
1.16815 1.19304 1.88944 3.53673 6.56331 13.96459 29.08580 37.77161 24.91089 13.13431 13.49692 19.83682 30.57670 23.83263 14.44786 8.15273 5.58781 2.19510 0.61156 0.09528 0.00000 0.02152 0.03627 0.05884 0.06086 0.08332 0.13692 0.27139 0.58060 0.93536 1.22573 1.57391 1.65927 1.71878 1.88875 2.04346 2.22099 2.41126 2.67915 3.09069 3.86737 4.99841 6.31549 7.34284 8.32099 8.98202 9.51354 9.13792 7.29421 4.10858 2.29882 2.63066 3.02082 2.99131 3.41123 5.57693 7.97722 8.56807 7.43559 6.31727
0.36551 0.39704 1.00838 2.68421 4.41385 6.53011 14.22416 22.09762 15.82631 9.85027 14.24754 27.18803 42.19759 33.12344 21.50117 20.23326 7.77958 2.83698 1.30262 0.37012 0.11118 0.09491 0.10478 0.07736 0.12696 0.19519 0.33243 0.56326 0.89628 1.15574 1.35222 1.69070 1.75847 1.85589 2.06041 2.11791 2.18688 2.27969 2.51027 2.84203 3.55642 5.14805 7.64902 9.50100 10.59095 11.62444 13.05881 13.34831 11.58510 7.79249 5.25451 4.63015 4.21403 3.70364 4.79934 8.62786 12.91011 13.03423 10.14358 7.32940
0.29421 0.30531 0.88476 2.58063 4.13673 5.26626 8.67615 14.67256 15.25129 7.28426 9.55012 19.48042 22.13116 23.72652 15.11401 25.41498 12.92859 5.00644 3.42809 1.86459 0.88284 0.50955 0.28600 0.20177 0.29838 0.43487 0.65678 0.97272 1.23460 1.53802 1.65272 2.03510 1.94739 1.90690 1.87817 1.88201 1.94129 2.01526 2.27347 2.53039 3.06391 4.83088 7.82508 9.81827 10.57277 11.28882 13.44042 13.54177 12.40837 10.15687 8.85543 8.23641 5.64608 3.26397 3.80187 8.30800 14.47737 16.62083 12.00235 7.89720
0.98927 1.84027 3.15058 4.87333 5.93023 6.83558 9.67026 15.19545 17.11944 11.96100 14.23649 22.28189 18.94099 20.04966 23.27589 31.03975 28.09286 14.71478 9.18494 5.61588 2.99304 1.67645 1.02587 0.51265 0.51945 0.68497 0.97880 1.24335 1.51479 1.75141 1.78341 2.27313 2.39196 2.34379 2.16563 2.06973 1.97408 1.92063 2.32417 2.60462 3.01472 4.84641 7.87687 9.41166 10.09330 11.31472 12.60284 12.29823 10.75462 9.93219 9.33903 8.37326 5.12464 1.78521 1.29322 5.11816 11.58922 14.15595 10.68487 8.43161
2.65385 5.05086 7.29853 8.14048 7.78940 7.24198 10.21187 16.90088 21.05257 20.78181 23.26014 31.24325 25.94243 17.82500 33.11186 60.33078 80.82935 58.05363 29.36126 13.74106 4.46434 2.11194 1.29648 0.74280 0.82379 1.00353 1.26882 1.51488 2.65999 3.67965 3.57511 3.35237 3.29216 2.97640 2.86436 2.73597 2.38639 2.35944 3.01397 3.57718 4.45093 6.70322 9.29088 10.77522 10.89824 10.93650 10.51792 9.83969 8.61400 7.61872 6.53563 5.44406 3.82187 1.66472 1.13685 3.07180 6.31285 7.49084 6.62304 6.68149
3.38210 6.87099 9.40158 9.08629 7.24350 5.06236 7.46889 22.05175 29.98353 28.67680 22.56421 20.68571 16.02145 12.19508 30.62277 77.74240 104.41566 66.23318 49.70775 26.86419 6.32938 1.87075 1.18757 1.02152 1.19186 1.44114 1.62313 1.66223 3.34468 5.39783 6.44027 5.43375 4.71302 4.13939 4.33739 5.04217 5.38561 5.72835 6.45730 6.75314 8.01994 9.43066 10.11117 10.90116 10.49435 8.80220 7.09006 5.52897 5.22725 4.95465 4.99357 4.51330 3.15110 1.91275 1.50577 2.12478 2.71936 2.46236 2.60861 4.33609
3.02823 5.56524 6.83043 6.28473 5.28080 3.95357 5.92459 21.43232 29.62144 25.34688 15.37291 10.84041 12.46998 11.50334 15.82157 34.68358 58.83574 54.59436 33.30721 22.39962 7.59333 2.45349 2.05591 2.16045 1.92360 1.76006 1.98989 2.86722 4.81065 7.22038 8.74007 7.59836 5.48501 4.71216 5.48023 7.57954 10.14541 11.52177 10.99643 9.98021 9.73605 10.15715 10.21317 9.83308 8.44419 5.81297 3.91424 3.31068 3.76422 3.19773 3.38512 3.33779 2.52586 1.88818 1.14809 1.18074 1.13995 1.05931 1.41502 2.68302
3.13597 3.45465 3.96350 3.96188 4.04977 4.54896 7.10993 12.41794 16.43613 12.10035 6.45849 6.32816 22.39406 32.85320 26.14875 21.04782 28.45701 31.34439 27.86212 19.40026 10.72175 3.99039 3.69657 3.11120 3.80487 4.64089 3.77969 3.97410 4.66268 7.23345 9.51669 8.73979 5.89092 3.84724 4.28377 6.82683 10.50478 12.94272 11.41399 9.48249 8.83557 8.69714 8.48844 6.91104 4.56657 2.84446 2.30001 2.81257 3.02421 3.55622 3.14387 2.66077 2.35724 1.63986 0.75907 0.31892 0.42425 0.49556 0.72937 1.03180
2.68564 2.23603 2.58577 2.86380 2.98536 3.19560 4.04449 5.78958 6.46327 4.10203 2.99831 7.97300 32.13883 49.35881 43.66980 30.51445 25.53725 25.57694 27.31555 25.13074 19.76367 12.76854 8.41711 6.42558 9.46762 9.78743 7.83947 6.87317 6.68777 8.95766 12.62862 12.16650 7.43396 3.86450 3.85962 6.99825 10.05544 10.45313 8.70332 7.45982 7.34453 7.12556 6.13392 3.56601 1.55568 0.99673 1.22604 1.98438 3.71756 6.16752 5.39844 4.58222 2.36146 1.40778 0.55574 0.18332 0.11025 0.09321 0.18013 0.27707
2.79871 2.09796 1.94791 1.77759 1.57582 1.14476 0.75798 2.22202 3.94520 3.65895 4.22034 4.88050 14.90785 28.88029 36.85590 35.20402 27.99685 27.55891 33.06369 34.30642 29.83423 27.04743 26.80868 24.91616 23.79251 15.32508 9.10257 8.66381 12.03781 19.29088 21.65787 18.73163 11.93885 7.92671 8.75182 11.90303 10.64140 6.91106 4.45041 4.39446 5.16202 5.23253 4.00656 2.29563 1.02862 0.82666 1.97919 3.86992 6.04991 7.67547 8.43454 8.49125 5.43990 2.13365 0.81035 0.20318 0.03350 0.00000 0.00000 0.02502
2.92269 1.61673 1.12167 0.77656 0.45734 0.32304 0.46537 2.21650 7.03074 15.92626 20.87938 10.22206 7.04326 13.00175 19.07031 20.49229 19.11540 21.03847 26.17307 28.68438 31.03761 37.49001 48.58982 53.55470 44.70103 21.18946 6.86147 6.62326 13.25380 24.86808 40.05102 28.50414 16.09943 15.39491 21.40006 30.55097 18.88375 4.84006 2.05599 2.86836 4.36879 6.52060 5.94573 3.35548 3.13982 4.74449 5.68573 2.65511 3.70354 6.55984 7.18952 7.00810 6.50280 2.85835 1.16030 0.44914 0.06170 0.00000 0.00000 0.07036
2.04923 0.64337 0.39478 0.35004 0.18106 0.37341 1.04365 2.95577 7.45379 15.70350 19.61746 11.96084 7.60122 7.28554 9.98258 10.77584 10.90435 12.31043 15.64405 19.04826 22.29295 27.46567 42.76352 54.61866 45.09256 26.53715 15.97873 12.71576 13.11544 11.71059 19.87008 22.43731 14.97849 13.51854 21.87350 53.46906 31.71166 4.72801 3.22067 2.99486 6.46763 16.80470 22.42112 12.18580 13.57555 13.82027 10.49296 2.89847 0.07518 2.90978 4.38177 4.73790 4.77045 3.74172 2.06003 1.10135 0.52645 0.21021 0.15735 0.21912
1.28310 0.42994 0.50768 0.74699 0.71250 0.97425 1.50266 2.18264 3.07969 5.60257 8.17982 7.28177 5.59246 4.99789 5.82628 7.06050 6.20464 6.04744 7.21970 10.42943 12.65317 13.44844 22.15531 36.38581 36.68174 30.32254 29.49609 23.88929 15.38803 8.88483 8.46047 8.19455 7.04147 4.11759 2.97310 15.31999 12.75694 2.36212 2.61053 2.73405 7.69367 21.14489 35.28517 22.61483 16.20008 13.76121 10.75045 3.84512 0.78496 2.03204 3.37640 4.15232 4.58444 3.56314 2.62455 2.22371 1.53775 0.89680 0.49020 0.29664
1.26158 1.41742 1.96348 2.22998 2.01847 2.03446 2.08818 1.71435 1.01060 1.23007 3.16720 3.63948 2.29677 2.32532 3.79599 3.79045 1.56641 1.16902 0.90373 3.66810 7.01359 10.23693 16.09505 25.43484 33.85255 33.52721 30.84556 24.31734 17.82866 14.00739 6.93517 2.16148 0.60845 0.00000 0.00000 0.92679 1.09354 0.57210 1.15981 1.41323 4.29791 12.11465 25.49058 24.40533 15.48600 16.26792 15.82982 8.40234 3.99557 3.30028 3.76501 4.25005 3.57269 2.67806 3.18678 3.50669 2.74580 1.56968 0.72322 0.36702
1.38665 2.61309 3.46317 3.58463 3.85935 4.11350 3.70346 2.33106 1.48992 1.42113 1.85393 1.41703 0.14133 1.05147 5.29586 6.35785 2.38114 0.09286 0.00000 0.35331 2.46558 5.67697 11.00155 20.63000 31.76803 36.84858 29.09879 21.53884 20.22538 21.74599 20.42970 9.28670 0.85774 0.00000 0.00000 0.02315 0.08725 0.19103 0.13300 0.77850 3.27679 8.01165 16.35935 16.86324 17.07109 17.74207 18.36568 11.35708 5.87031 4.44231 4.38175 3.53598 2.50889 2.99001 3.52014 4.19958 3.92401 2.10087 0.71830 0.38451
3.08882 3.59851 3.52750 3.48313 6.77160 9.20554 7.33735 3.72558 2.15801 1.98941 1.69946 0.69684 0.00000 1.73880 7.40131 10.92429 4.31273 0.17096 0.00000 0.00000 0.00000 0.18102 1.97275 10.53629 21.52010 25.55336 14.51146 18.10367 21.02514 22.26939 21.10484 14.22932 1.84516 0.00000 0.00000 0.52498 1.38662 0.80119 4.46146 5.61977 3.88485 11.75094 21.97016 14.91127 16.71889 18.53057 16.47481 10.64350 5.75825 4.53439 4.27908 3.31363 3.12403 3.96138 3.90897 4.90186 5.03451 2.98109 0.62838 0.45582
7.97779 5.65288 4.40270 5.38883 10.70596 20.07436 12.08288 4.49555 2.59970 2.02431 1.45961 0.53512 0.00000 0.72435 2.53635 4.74167 2.95242 0.02758 0.00000 0.00000 0.00000 0.00000 0.12099 2.61354 8.34610 13.20670 12.20488 17.13275 20.28706 16.61151 15.38930 12.74911 5.17711 0.11458 0.00000 1.64118 1.94907 3.13671 8.16071 7.46435 4.07099 16.58634 50.99277 50.62884 21.81005 9.78743 10.92083 8.41620 6.86026 5.93553 5.33117 4.19893 4.34627 5.09239 5.64560 7.04051 5.92703 4.34547 1.91602 1.65111
9.56002 5.92503 3.79384 4.00429 6.60514 14.63993 10.65698 4.85263 3.12467 1.85048 0.74121 0.11501 0.00000 0.04048 0.21245 0.62963 0.43938 0.00000 0.00000 0.00000 0.00000 0.00000 0.00000 0.02769 2.56911 8.29098 12.28756 14.66414 16.20934 15.45609 13.47487 11.02963 5.56311 5.83181 7.65553 4.39240 1.48395 2.24863 5.62807 7.62925 8.07208 16.56616 43.73440 77.55056 38.82785 18.04417 7.23708 7.21991 6.53187 5.48523 4.56251 4.20862 5.23644 5.68528 5.83687 8.82814 8.58374 8.29290 5.90980 4.25675
5.13230 3.34903 2.84577 4.04904 6.16308 8.15305 7.17870 5.05778 3.07827 0.89771 0.03437 0.00000 0.00000 0.00000 0.00000 0.00000 0.00000 0.00000 0.00000 0.00000 0.00000 0.00000 0.00000 0.07464 2.55193 7.28424 10.83061 12.98304 14.09302 14.78414 14.14480 10.04493 5.37649 8.03219 16.60184 7.83908 4.07532 6.32568 12.39498 20.19857 16.87067 13.84538 22.81211 49.99435 50.76838 31.48447 11.32121 5.39278 3.68021 2.89235 2.42697 3.16531 5.23422 6.40926 7.47675 8.42897 9.95439 12.50020 12.49636 9.37014
2.75534 1.94708 2.09919 4.29945 10.89035 13.28031 10.09550 7.65086 3.80846 0.08127 0.00000 0.00000 0.00000 0.00000 0.00000 0.00000 0.00000 0.00000 0.00000 0.00000 0.00000 0.00000 0.07112 0.73427 2.85754 7.41613 10.31384 10.84352 12.40156 13.96031 15.23137 8.79191 2.40825 3.52726 12.55800 8.73316 6.57384 12.41173 15.69801 16.74731 13.68343 27.89458 65.27270 67.71368 54.81302 29.25649 9.37352 3.82115 2.08612 1.46204 1.47260 2.10546 3.81090 5.24593 5.76549 5.94170 10.33935 16.07148 19.21418 18.05450
1.75836 1.61441 1.19543 2.20859 8.58270 9.88251 9.96935 10.89949 5.59303 0.23945 0.00000 0.00000 0.00000 0.00000 0.00000 0.00000 0.31122 0.24054 0.00000 0.00000 0.00000 0.00000 0.78439 1.09019 2.67279 6.71799 8.57826 7.69358 7.77797 9.56818 9.47646 5.31170 2.42431 5.92040 10.45491 5.92669 4.55778 6.42640 6.02451 6.20846 8.42124 49.29272 102.79461 78.08999 30.19164 18.53752 9.55232 3.52087 2.28264 1.45156 1.44770 1.89054 2.60731 3.54958 3.94479 4.12610 10.53762 18.24300 25.92848 32.24921
3.52119 2.69762 2.31710 2.15259 3.08893 5.25489 12.37541 13.48888 7.13143 0.44347 0.00000 0.00000 0.00000 0.00000 0.00000 0.00000 0.41179 0.50024 0.15663 0.00000 0.11411 0.96657 3.18798 5.53802 6.96550 7.34040 5.35171 2.98950 3.35721 4.38534 4.01178 3.45453 4.42848 8.44970 11.40676 5.86100 5.89167 3.76401 5.72952 11.79533 16.94920 39.69711 66.73335 43.76082 26.96160 25.41714 18.33858 6.73955 3.23001 2.82205 2.32368 2.25568 2.49710 2.98726 3.57481 5.14383 11.46510 20.36792 25.04489 26.84294
6.87646 5.16623 4.70724 3.24984 1.40991 3.17937 7.13380 7.87282 3.85717 0.18148 0.00000 0.00000 0.00000 0.00000 0.00000 0.00000 0.00000 0.19252 0.09667 0.00000 0.12123 1.78456 6.91658 15.12562 15.95600 10.11279 4.80226 2.38932 2.99436 2.98135 1.60005 2.13245 5.37552 8.50082 6.68000 2.85625 4.88284 5.83068 11.83991 24.76595 38.94307 -99999.00000 -99999.00000 60.00757 49.09230 43.52262 35.78103 15.25439 4.94253 4.39565 4.06590 2.75473 2.12602 2.41133 2.99021 4.17757 9.76444 19.00521 20.41663 16.58590
6.90938 5.92463 5.90465 5.93813 3.45637 1.90133 2.94812 2.85740 0.71470 0.00000 0.00000 0.00000 0.00000 0.00000 0.00000 0.00000 0.00000 0.00000 0.00000 0.00000 0.00000 1.58004 7.58383 25.05448 23.06402 12.42943 5.30796 2.86442 3.09081 4.22002 3.58008 3.38641 5.43968 7.88765 6.83947 -99999.00000 -99999.00000 -99999.00000 -99999.00000 -99999.00000 -99999.00000 -99999.00000 -99999.00000 56.69242 58.44327 55.31668 46.48792 27.63510 10.47565 6.17568 4.83300 2.36458 0.82381 0.95971 1.73931 4.58777 11.59280 18.67449 18.33718 14.91049
5.22255 6.04347 6.02415 6.87273 -99999.00000 2.72062 1.89163 0.89595 0.00000 0.00000 0.00000 0.00000 0.00000 0.00000 0.00000 0.00000 0.00000 0.00000 0.00000 0.00000 0.11092 2.52690 8.59037 19.41743 18.24568 9.82162 6.19051 4.97213 4.80594 6.14527 7.19358 6.09785 4.74614 6.05955 -99999.00000 -99999.00000 -99999.00000 -99999.00000 -99999.00000 -99999.00000 -99999.00000 -99999.00000 -99999.00000 -99999.00000 63.29129 52.95263 43.97274 35.42326 22.40002 10.32020 4.83313 1.47234 0.22395 0.34096 1.49050 4.49156 9.86052 16.11033 19.90876 20.94243
-99999.00000 -99999.00000 -99999.00000 -99999.00000 -99999.00000 2.18439 1.54162 0.60450 0.10017 0.00000 0.00000 0.00000 0.00000 0.00000 0.00000 0.00000 0.00000 0.00000 0.00000 0.00000 0.00000 2.54318 7.61522 10.41937 8.68051 4.56985 4.64235 5.12287 4.79400 6.74489 11.58419 16.82008 7.79982 2.52104 -99999.00000 -99999.00000 -99999.00000 -99999.00000 -99999.00000 -99999.00000 -99999.00000 -99999.00000 -99999.00000 -99999.00000 -99999.00000 42.05385 40.08830 38.66578 31.96456 15.63959 4.21275 0.77858 0.21293 0.55598 1.40356 2.54962 5.79338 11.83819 17.60815 21.72174
