DATA/RAW-RASTER/CPC/2017/20170825.asc
ncols			60
nrows			40
xllcorner		70.0
yllcorner		20.0
cellsize		0.5
NODATA_value	-99999
0.32276 0.36486 0.48065 0.48571 0.34364 0.17367 0.03401 0.00000 0.00000 0.00000 0.00000 0.00000 0.00000 0.02914 0.08769 0.09527 0.05393 0.03752 0.07473 0.08677 0.05733 0.02475 0.00000 0.00000 0.00000 0.00000 0.00000 0.00000 0.00000 0.00000 0.00000 0.00000 0.00000 0.00000 0.00000 0.00000 0.00000 0.00000 0.00000 0.00000 0.00000 0.00000 0.00000 0.00000 0.00000 0.03564 0.07787 0.13843 0.19724 0.28293 0.48774 0.64273 0.46871 0.21669 0.06202 0.04158 0.00000 0.00000 0.00000 0.00000
0.26692 0.35360 0.65824 0.75075 0.46875 0.18701 0.02091 0.00000 0.00000 0.00000 0.00000 0.00000 0.00000 0.00000 0.00000 0.00000 0.00000 0.00000 0.00000 0.02588 0.02438 0.00000 0.00000 0.00000 0.00000 0.00000 0.00000 0.00000 0.00000 0.00000 0.00000 0.00000 0.00000 0.00000 0.00000 0.00000 0.00000 0.00000 0.00000 0.00000 0.00000 0.00000 0.00000 0.00000 0.02194 0.02936 0.06576 0.25524 0.75531 1.57543 2.51931 3.07147 2.90308 2.27552 1.41458 0.70231 0.28779 0.08344 0.05706 0.03079
0.04847 0.12867 0.30741 0.38620 0.25913 0.07577 0.00000 0.00000 0.00000 0.00000 0.00000 0.00000 0.00000 0.00000 0.00000 0.00000 0.00000 0.00000 0.00000 0.00000 0.00000 0.00000 0.00000 0.00000 0.00000 0.00000 0.00000 0.00000 0.00000 0.00000 0.00000 0.00000 0.00000 0.00000 0.00000 0.00000 0.00000 0.00000 0.00000 0.00000 0.00000 0.00000 0.00000 0.00000 0.05347 0.06939 0.10517 0.49489 1.85287 4.73806 7.50462 8.39545 8.23359 7.18177 4.63639 2.32985 1.13038 0.53734 0.37018 0.21545
0.00000 0.00000 0.06773 0.10341 0.05291 0.00000 0.00000 0.00000 0.00000 0.00000 0.00000 0.00000 0.00000 0.00000 0.00000 0.00000 0.00000 0.00000 0.00000 0.00000 0.00000 0.00000 0.00000 0.00000 0.00000 0.00000 0.00000 0.00000 0.00000 0.00000 0.00000 0.00000 0.00000 0.00000 0.00000 0.00000 0.00000 0.00000 0.00000 0.00000 0.00000 0.00000 0.00000 0.04372 0.17106 0.37443 0.70689 1.71521 4.19844 8.54421 11.72712 12.31482 11.34286 8.84996 5.72423 3.61818 2.14879 1.36529 1.08078 1.05768
0.00000 0.00000 0.00000 0.00000 0.00000 0.00000 0.00000 0.00000 0.00000 0.00000 0.00000 0.00000 0.00000 0.00000 0.00000 0.00000 0.00000 0.00000 0.00000 0.00000 0.00000 0.00000 0.00000 0.00000 0.00000 0.00000 0.00000 0.00000 0.00000 0.00000 0.00000 0.00000 0.00000 0.00000 0.00000 0.00000 0.00000 0.00000 0.00000 0.00000 0.00000 0.00000 0.00000 0.12174 0.52521 1.18417 2.22557 3.96014 6.34375 9.21032 11.47358 12.05920 10.42903 6.45861 3.54432 2.62833 2.17591 1.70297 1.59023 1.85154
0.00000 0.00000 0.00000 0.00000 0.00000 0.00000 0.00000 0.00000 0.00000 0.00000 0.00000 0.00000 0.00000 0.00000 0.00000 0.00000 0.00000 0.00000 0.00000 0.00000 0.00000 0.00000 0.00000 0.00000 0.00000 0.00000 0.00000 0.00000 0.00000 0.00000 0.00000 0.00000 0.00000 0.00000 0.00000 0.00000 0.00000 0.00000 0.00000 0.02692 0.03994 0.06380 0.16334 0.44141 1.23337 2.34654 3.75747 5.27952 6.58305 7.60794 8.52861 8.74858 7.12358 3.50486 1.81880 1.54208 1.51239 1.43716 1.59199 1.89009
0.00000 0.00000 0.00000 0.00000 0.00000 0.00000 0.00000 0.00000 0.00000 0.07592 0.19002 0.12578 0.07651 0.00000 0.00000 0.00000 0.00000 0.00000 0.00000 0.00000 0.00000 0.00000 0.00000 0.00000 0.00000 0.00000 0.00000 0.00000 0.00000 0.00000 0.00000 0.00000 0.00000 0.00000 0.00000 0.00000 0.02413 0.05325 0.09335 0.14509 0.22626 0.40261 0.71409 1.52742 2.32152 3.29932 4.25355 5.20550 5.80748 5.93164 5.89791 5.82672 4.52070 2.49981 1.41538 0.91335 0.73975 0.99241 1.48023 1.89256
0.00000 0.00000 0.00000 0.00000 0.00000 0.00000 0.00000 0.00000 0.31090 0.94145 1.79513 1.98517 1.36066 0.59372 0.20265 0.06877 0.02008 0.00000 0.00000 0.00000 0.00000 0.00000 0.00000 0.00000 0.00000 0.00000 0.00000 0.00000 0.00000 0.00000 0.00000 0.00000 0.00000 0.00000 0.00000 0.04257 0.10878 0.20398 0.33867 0.56183 0.98202 1.74072 2.95584 4.22871 4.27163 4.50703 5.02829 5.42416 5.92635 6.12758 6.04208 5.54933 4.10873 2.36083 1.35744 0.78889 0.77929 1.46965 1.91723 2.30876
0.00000 0.00000 0.00000 0.00000 0.00000 0.00000 0.02459 0.41368 1.19473 2.29752 3.46895 4.28232 4.24560 3.25985 1.47362 0.41687 0.12213 0.00000 0.00000 0.00000 0.00000 0.00000 0.00000 0.00000 0.00000 0.00000 0.00000 0.00000 0.00000 0.00000 0.00000 0.00000 0.00000 0.04084 0.08937 0.18412 0.34534 0.64554 1.05965 1.69113 2.56929 3.78324 4.91666 5.65736 5.83873 6.19936 6.71252 7.72323 7.56337 7.59818 7.79157 7.11952 5.51603 4.29787 3.77680 3.39314 3.76505 4.29025 4.37247 4.20134
0.00000 0.00000 0.00000 0.00000 0.00000 0.00000 0.40329 0.96284 2.09451 4.23810 4.76262 4.60987 4.98316 5.20540 4.76215 2.95956 0.72754 0.00000 0.00000 0.00000 0.00000 0.00000 0.00000 0.00000 0.00000 0.00000 0.00000 0.00000 0.00000 0.04409 0.10858 0.17037 0.18194 0.17862 0.23225 0.35779 1.07833 1.61455 2.06573 2.62590 3.19459 3.80470 4.29493 4.68314 5.14860 5.58314 5.95961 7.01535 9.16194 10.40758 10.22030 9.31598 8.10911 7.68804 7.96534 8.44033 8.96125 8.45512 7.88131 6.07567
0.00000 0.00000 0.00000 0.00000 0.00000 0.08095 1.45439 3.08698 5.37363 9.43099 9.02305 5.34823 4.71907 4.66833 4.56470 4.44510 1.95736 0.00000 0.00000 0.00000 0.00000 0.00000 0.00000 0.00000 0.00000 0.00000 0.00000 0.00000 0.06192 0.18876 0.45449 0.70576 0.80775 0.92565 0.96254 1.12709 1.68135 2.07217 2.40349 2.74866 3.01308 3.30939 3.47045 3.42915 3.70169 4.34187 5.02775 5.74954 6.82877 7.47169 7.32290 6.80072 6.76720 7.56985 8.98245 9.55166 9.60192 9.55927 8.17404 5.99051
0.00000 0.00000 0.00000 0.00000 0.00000 0.03069 0.60115 2.54100 6.30577 9.34874 11.69843 7.58670 5.13724 4.16282 3.52194 2.63997 1.35700 0.10397 0.00000 0.00000 0.00000 0.00000 0.00000 0.00000 0.00000 0.00000 0.05261 0.11553 0.25530 0.42518 0.84921 1.18418 1.31638 1.31126 1.34285 1.52898 1.69424 1.91042 2.27145 2.67739 2.98477 2.99311 2.86697 2.64406 2.51405 2.85052 3.73973 4.82881 5.77976 5.85959 5.70978 5.53593 5.62808 5.94872 7.36968 8.73002 8.44930 6.52739 3.73143 2.45393
0.69126 0.78433 0.11696 0.00000 0.00000 0.00000 0.00000 1.13627 8.74993 9.49271 13.63786 12.63419 6.88183 3.60172 2.51259 1.70482 0.97002 0.10393 0.03208 0.00000 0.00000 0.00000 0.00000 0.00000 0.02219 0.04982 0.11118 0.23743 0.46914 0.92285 1.33493 1.36075 1.46919 1.49632 1.56440 1.57711 1.51400 1.60007 1.85301 2.12776 2.63188 2.87420 2.85010 2.62134 2.41965 2.58892 3.15780 3.90711 5.12101 5.80008 5.60206 5.11618 4.46996 3.45622 3.34386 4.35063 4.55632 2.96860 1.06418 0.39952
9.47778 15.01329 16.77578 11.74503 6.95905 2.70575 1.12088 3.70807 10.78708 19.12912 20.87107 14.15844 8.88238 4.55187 2.67904 1.34149 0.72358 0.18014 0.04298 0.00000 0.00000 0.00000 0.00000 0.00000 0.05057 0.10946 0.24899 0.47156 0.89588 1.43548 1.72199 1.64876 1.74010 1.78532 1.81343 1.80951 1.70280 1.57386 1.46997 1.51394 1.80828 2.37166 2.63819 2.59999 2.59505 2.49532 2.57647 3.28479 4.59818 5.91111 6.33466 5.39788 3.31151 1.34923 0.77330 1.20352 1.57032 0.76403 0.22913 0.07459
35.23977 47.25928 48.00640 33.19581 18.59118 11.39687 6.03858 3.67743 7.04705 15.98957 20.60549 15.27803 9.27091 4.06697 1.86232 1.00452 0.82383 0.39572 0.13406 0.02083 0.00000 0.00000 0.00000 0.05116 0.11094 0.26589 0.58499 1.01642 1.58437 1.94025 1.86038 1.75771 1.85554 1.91451 2.02942 2.01858 1.90609 1.66822 1.41523 1.26254 1.31114 1.45052 1.61350 1.76465 1.88176 1.67805 1.52962 1.95734 3.49280 5.25226 5.94632 4.95453 2.65878 0.83847 0.26761 0.12141 0.03925 0.00000 0.12664 0.35242
52.71161 70.21695 70.70211 48.35165 23.26735 13.49721 9.83226 6.99566 6.05537 11.29914 17.75287 15.47053 8.77010 5.16449 2.33265 3.27313 1.72258 0.72007 0.34637 0.10212 0.02839 0.02305 0.05302 0.12420 0.33807 0.80567 1.44618 1.98825 2.51185 2.42138 2.03045 1.80654 1.91460 2.08583 2.33754 2.32922 2.15539 1.78502 1.38256 1.09715 1.01823 1.05715 1.15327 1.19615 1.16226 0.92749 0.64382 0.69665 1.61424 3.12378 3.57306 2.95022 1.87069 0.72188 0.05802 0.00000 0.00000 0.00000 0.09145 0.31611
44.23011 67.50735 69.51519 52.01078 26.72102 14.91956 9.69055 6.64220 6.78092 13.10186 17.96048 21.71014 22.90674 16.53180 7.53618 10.17231 4.36786 1.44261 0.91063 0.47944 0.21562 0.15090 0.19551 0.42297 1.03709 1.88752 2.85196 3.40253 3.53009 2.92962 2.30145 1.90784 1.91074 2.02519 2.13686 2.21738 2.21534 1.90692 1.40693 0.98476 0.88143 0.93476 1.03722 1.11336 1.08647 0.81171 0.41726 0.21843 0.55223 1.12277 1.10413 0.83431 0.66099 0.16421 0.00000 0.00000 0.00000 0.00000 0.06009 0.18639
26.58728 44.38128 45.82522 36.31995 22.79210 12.85704 7.25280 5.00252 6.10217 10.63437 15.33982 19.68298 23.95473 20.55619 17.38289 14.41277 8.86985 3.96851 2.26343 1.30762 0.74052 0.59589 0.78739 1.24225 2.13587 2.98495 3.98417 4.17205 3.75857 2.88490 2.16680 1.63390 1.90041 2.12116 2.24112 2.40044 2.46352 2.20591 1.68287 1.04901 0.85833 0.90131 0.99257 1.03794 1.03875 0.87610 0.50847 0.27870 0.30176 0.36813 0.16572 0.08342 0.11249 0.00000 0.00000 0.00000 0.00000 0.00000 0.16947 0.32624
12.31781 16.62510 14.16450 11.32772 8.81456 5.29533 2.91457 2.30991 3.94260 7.18559 10.70336 13.31680 10.97255 7.33954 13.32546 17.46594 20.07783 14.16726 6.61556 2.82407 1.00327 0.88110 1.37705 2.11011 3.19841 4.14366 4.69018 4.76182 4.02564 2.84438 1.72201 1.20064 1.47202 1.86557 2.16198 2.43364 2.43452 2.33880 1.95914 1.32592 0.98578 0.89621 0.91662 1.01557 1.01262 0.85183 0.49188 0.22839 0.10962 0.05249 0.00000 0.00000 0.00000 0.00000 0.00000 0.00000 0.07184 0.18897 0.51266 0.96900
1.88886 1.94170 1.57788 1.24772 0.27799 0.00000 0.27237 0.52353 1.36051 3.85809 6.27011 6.58417 2.83446 0.30046 4.85517 14.55306 19.84502 13.39412 9.24356 4.28818 1.16046 0.99679 2.04504 3.61149 4.76413 5.70916 5.70198 4.63766 3.80351 2.80935 1.64599 0.91021 0.91180 1.23262 1.71087 2.16957 2.29829 2.17798 1.95106 1.41977 0.94798 0.60612 0.49808 0.63248 0.77299 0.65567 0.20395 0.04504 0.00000 0.00000 0.00000 0.00000 0.00000 0.00000 0.02924 0.24993 0.34080 0.29491 0.56843 1.76161
0.00000 0.00000 0.00000 0.00000 0.00000 0.00000 0.00000 0.05091 0.56266 2.23629 4.01430 3.98980 2.26794 0.11726 1.11979 3.99473 5.52210 6.32531 4.32725 1.85872 0.88296 1.90252 5.72896 8.93518 7.95576 6.55905 5.69177 4.71830 3.66945 2.59650 1.37722 0.64850 0.42141 0.52079 0.86002 1.29082 1.57019 1.55440 1.40072 1.10864 0.65673 0.33557 0.26358 0.41575 0.66744 0.65720 0.35036 0.04700 0.00000 0.00000 0.00000 0.00000 0.00000 0.07262 0.51364 0.85204 0.91687 0.74849 0.95553 1.96943
0.00000 0.00000 0.00000 0.00000 0.00000 0.00000 0.00000 0.00000 0.49213 1.67069 3.54582 4.80464 3.34862 2.46041 2.11418 1.41280 3.72783 6.44883 4.36071 1.21714 1.60805 4.75734 13.43989 14.72021 15.39493 14.77356 7.68114 4.18212 2.50990 1.79863 1.10643 0.50218 0.14292 0.03106 0.18459 0.47506 0.99987 1.16955 1.02538 0.80610 0.52964 0.32150 0.32096 0.54281 0.88554 0.90223 0.47984 0.22651 0.00000 0.00000 0.00000 0.00000 0.00000 0.67056 1.27639 1.68883 2.17628 2.28338 2.27481 2.05106
0.00000 0.00000 0.00000 0.00000 0.00000 0.00000 0.00000 0.06199 0.41644 1.00615 1.96706 3.74402 4.93422 7.38209 9.30864 4.66077 5.90687 9.12646 5.64801 3.20457 5.41430 12.93576 24.92261 29.76818 27.46102 19.89808 10.12564 4.99345 2.85564 1.62046 0.92153 0.44941 0.03670 0.00000 0.00000 0.03296 0.75054 0.95897 0.77112 0.62626 0.52284 0.44612 0.59011 0.86222 1.06542 1.05880 0.85316 0.65403 0.06613 0.00000 0.00000 0.00000 0.17229 0.85970 1.90329 2.75556 3.26636 3.63870 3.63628 2.82320
0.00000 0.00000 0.00000 0.00000 0.00000 0.00000 0.05646 0.73771 1.87332 2.10215 3.41529 6.91184 13.06942 15.67762 14.15755 7.47458 4.52119 5.92790 4.97168 4.38944 8.05247 15.70578 23.89146 26.05346 21.86348 13.17905 6.80006 5.06485 4.32770 2.22969 0.84493 0.47704 0.13162 0.00000 0.00000 0.44377 0.90393 0.92810 0.50374 0.53000 0.53420 0.41251 0.64254 0.91993 1.00934 1.04240 1.94491 3.02266 1.29471 0.00000 0.00000 0.00000 0.15438 1.03911 2.49287 3.52256 3.99512 3.93177 3.75471 3.92051
0.00000 0.00000 0.00000 0.00000 0.00000 0.00000 0.21775 2.20923 6.14600 11.41000 16.68832 20.70582 26.23314 25.38134 18.13993 9.75353 5.53117 6.37900 6.21167 5.54755 10.40685 18.67504 14.53381 8.12374 10.43342 6.40766 2.44885 2.25788 2.59145 1.56967 0.91084 0.58282 0.40628 0.28458 0.04031 0.81268 2.40499 1.69835 0.84501 1.19159 0.80750 0.08143 0.47107 0.63210 1.03646 2.20231 4.26896 6.14201 4.38501 0.05312 0.00000 0.00000 0.07651 1.01449 2.76366 4.69136 5.30236 5.74371 4.38381 4.44456
0.00000 0.00000 0.00000 0.00000 0.00000 0.21699 1.90097 5.92902 12.62466 21.28329 31.09162 39.82760 40.20589 32.37478 23.90037 17.89856 15.35167 12.54510 11.16292 12.77148 22.60900 40.54140 34.78691 17.74406 10.90969 4.64461 0.65486 0.53451 0.80753 0.38961 0.18547 0.53788 0.58203 0.34454 0.02616 1.20289 6.83870 7.02569 5.86366 3.14569 0.35099 0.00000 0.04490 0.50056 2.16553 3.66229 5.46147 6.37369 4.58555 0.51025 0.00000 0.00000 0.00000 1.06958 3.98532 7.12769 7.90024 8.10121 6.94621 6.37062
0.00000 0.00000 0.00000 0.00000 0.02779 0.55663 2.77155 8.90199 18.33250 29.21789 39.82761 55.30841 44.26334 30.61224 23.00417 23.28354 23.46262 19.66848 15.12468 20.71775 40.12461 66.62830 64.31837 41.35513 18.58362 5.36628 0.59451 0.07723 0.02198 0.00000 0.00000 0.66682 0.57805 0.11314 0.00000 0.71683 8.31509 23.85369 12.44911 3.32595 0.16406 0.00000 0.00000 0.15085 2.27556 3.65295 5.75267 3.59768 1.48597 0.41353 0.00000 0.00000 0.00000 3.30556 6.41855 10.77904 12.59633 12.83221 12.66208 10.75724
0.00000 0.00000 0.00000 0.00000 0.59592 1.37676 3.06281 8.70062 17.15472 24.59224 31.10954 34.68207 22.92580 15.79977 14.97054 20.07733 27.02858 18.14886 8.88983 11.25679 27.44259 47.53697 54.36401 39.07000 19.39729 6.45711 1.46648 0.36467 0.00000 0.00000 0.00000 0.91759 0.51670 0.00000 0.00000 0.64121 8.03126 18.58035 6.02115 0.29200 0.00000 0.00000 0.27164 1.13054 3.70183 7.02717 11.77139 13.38455 18.98503 21.06774 19.81548 16.25133 9.17707 6.77209 8.69766 13.16250 15.07120 16.21538 17.93202 19.03087
0.00000 0.00000 0.00000 0.31905 1.73766 3.90313 5.95931 7.25292 9.18638 11.62831 14.74007 12.79150 6.88275 4.98049 6.10915 8.47228 12.15445 7.90986 3.00347 2.60962 7.01636 20.89124 29.48432 25.44358 13.35894 6.16099 2.35698 0.39921 0.00000 0.00000 0.00000 0.47031 0.27809 0.00000 0.00000 0.00000 1.01977 1.07501 0.00000 0.00000 0.00000 0.22710 3.62269 8.84259 10.23974 10.60734 14.80387 23.97035 40.19172 36.36995 32.31221 20.40932 9.55063 8.77698 9.31559 12.12237 14.62389 16.01657 18.09765 25.72346
0.00000 0.02061 0.17683 0.69463 3.04984 7.55703 9.99176 6.20060 2.92477 2.09724 4.79494 4.67101 3.41274 2.50433 1.80278 1.77482 2.91380 1.95012 2.11633 5.77175 10.72091 17.74765 18.65861 13.21748 8.27454 4.65970 1.37910 0.16742 0.00000 0.00000 0.00000 0.03433 0.03399 0.00000 0.00000 0.00000 0.00000 0.00000 0.00000 0.00000 0.00000 0.78744 4.19941 7.70450 13.21246 11.74741 12.69411 17.90320 23.93635 25.35432 24.82074 16.52513 11.35710 11.65674 10.13398 12.34993 13.19943 16.60175 20.88877 23.38406
0.00000 0.05750 0.43117 1.07028 2.77160 6.81027 8.33602 4.11537 1.96715 1.51819 3.11799 3.45035 2.55501 1.56871 1.07320 0.88762 0.67103 0.65277 2.62134 10.83847 24.24047 34.87659 16.83917 8.67052 7.28992 4.40906 1.31039 0.07007 0.00000 0.00000 0.00000 0.00000 0.00000 0.00000 0.00000 0.00000 0.00000 0.00000 0.00000 0.04986 0.76749 1.92438 5.57328 10.84321 15.86800 9.62630 9.51452 7.23748 9.93991 15.52409 18.86143 15.56696 14.29283 15.32085 16.22562 20.06030 17.37729 19.99012 20.63566 24.16348
0.00000 0.00000 0.19864 0.40583 0.81277 2.46728 3.40850 2.94817 4.22719 7.05604 8.58366 6.73882 3.21951 0.93750 1.18664 1.54138 1.30422 1.01162 0.73245 8.31678 20.55089 28.76183 14.85351 9.73233 8.32132 5.46455 1.20305 0.00000 0.00000 0.00000 0.00000 0.00000 0.00000 0.00000 0.00000 0.00000 0.00000 0.00000 0.00000 0.91577 6.07963 6.47268 4.20861 13.28103 28.13072 23.70272 11.22470 8.13097 7.20077 8.95483 10.90989 12.28746 16.17751 17.36988 17.94873 27.93654 26.90019 27.49170 22.39628 23.38507
0.04556 0.00000 0.00000 0.02777 0.07414 0.22445 0.49687 2.04050 8.96432 16.75206 17.66454 12.82852 4.29806 1.62086 2.43676 3.09565 2.79204 1.95029 0.21512 1.62718 7.86957 9.18763 9.66031 11.92073 11.24518 6.80396 2.36857 0.21662 0.00000 0.00000 0.00000 0.00000 0.00000 0.00000 0.00000 0.00000 0.00000 0.33360 0.38175 2.76807 14.35965 12.82159 3.26746 8.28442 25.86570 33.30689 16.78270 8.46513 5.15235 4.48012 4.99408 8.47883 15.70312 19.73681 23.35863 26.28372 28.32950 30.13399 27.90026 25.97363
0.00000 0.00000 0.00000 0.00000 0.00000 0.00000 0.00000 1.89315 12.91954 21.57117 23.40399 21.62594 12.66679 7.13363 5.48100 5.03876 3.90820 2.56290 1.13691 1.15988 2.23258 3.93990 9.69346 19.21747 19.34368 9.78344 2.96696 1.27741 0.17594 0.00000 0.00000 0.00000 0.00000 0.00000 0.00000 0.00000 0.35235 1.01820 1.50678 2.71833 8.51894 33.29657 31.66757 7.94540 19.13531 22.57903 10.54066 4.93701 3.05196 2.67129 3.21153 5.56994 10.93105 15.76049 16.92913 16.33492 23.79220 29.94569 31.67870 29.18377
0.00000 0.00000 0.04198 0.36213 0.31808 0.00000 0.00000 1.02479 11.07651 17.97198 21.92456 33.83180 29.20684 17.68156 10.80245 7.75248 4.54615 3.07098 3.59394 3.20975 2.26921 5.11580 14.03780 26.80027 24.88803 13.84730 4.65289 1.73085 0.28278 0.00000 0.00000 0.00000 0.00000 0.00000 0.00000 0.00000 0.41095 3.92490 8.06111 6.42970 3.16291 51.70283 83.23260 13.24272 10.77913 14.47722 9.61573 3.97255 2.83997 2.50461 2.97948 4.71957 7.05420 9.49158 9.82252 8.64425 17.84110 24.26970 26.90803 27.37892
0.06967 0.00000 0.92721 2.72600 4.03670 2.55098 0.84535 2.46102 9.33912 13.15242 17.01557 24.76526 28.09087 26.08244 16.39672 8.17568 8.39900 8.91805 8.59117 9.61227 6.80726 5.55581 10.15800 18.34877 20.39191 13.14251 4.69218 1.20625 0.14839 0.00000 0.00000 0.17436 0.50065 0.59136 1.02793 0.65781 0.27508 1.84591 8.69411 11.89646 12.59171 33.62374 40.10773 10.51895 11.86646 16.72165 13.29026 4.97167 2.47319 2.36547 2.65159 4.82027 6.50805 6.97692 7.27241 8.39552 14.59044 20.71160 21.30419 22.58086
0.73305 0.86075 1.96147 5.41143 7.33757 5.78891 3.98669 4.06240 6.71559 10.02052 12.80062 16.79702 26.43552 28.49475 16.80121 8.87813 17.61959 36.93515 40.51299 28.16062 16.09018 7.71967 6.17387 7.12476 8.68133 6.87624 3.61912 2.01002 0.92223 0.33682 0.20107 0.74470 2.60981 4.72968 5.13444 4.25926 2.09056 1.90671 9.97202 19.91317 30.38347 -99999.00000 -99999.00000 36.39768 35.20550 26.52420 19.29407 7.67644 2.39169 2.03760 2.46140 3.99589 5.53796 5.59764 5.57799 5.67045 10.49595 18.05893 19.50533 21.25413
1.41436 1.57268 3.61958 8.44261 8.43318 6.87506 7.04295 6.99361 5.24975 7.97926 14.84547 19.20790 22.83645 20.14483 12.21644 9.17737 26.35247 80.44952 104.27234 51.38598 21.69649 10.16581 5.75305 2.31510 2.93907 2.28497 1.96095 2.92967 3.02881 2.42432 1.66867 1.73153 4.12006 7.91817 8.34298 -99999.00000 -99999.00000 -99999.00000 -99999.00000 -99999.00000 -99999.00000 -99999.00000 -99999.00000 54.11404 39.29736 21.00553 15.27914 8.64507 3.00631 1.68255 1.92922 2.99185 3.65588 3.76563 4.27911 6.23408 11.81045 16.35858 16.50633 16.83108
1.58998 1.07783 3.25597 8.94253 -99999.00000 6.63053 10.40291 13.55911 4.08664 4.76033 13.83467 23.50407 28.25814 15.94941 7.15747 5.23934 10.60357 45.45394 77.15350 32.62839 13.20748 8.58937 5.40877 2.73254 1.61623 0.45987 0.02638 1.19817 2.42528 2.88282 2.63485 1.77470 2.92703 5.29281 -99999.00000 -99999.00000 -99999.00000 -99999.00000 -99999.00000 -99999.00000 -99999.00000 -99999.00000 -99999.00000 -99999.00000 8.05383 5.56053 6.54907 6.21726 4.26342 2.17163 2.14493 2.61686 3.05743 4.48123 8.57138 11.01538 12.24957 13.25131 12.99509 11.89024
-99999.00000 -99999.00000 -99999.00000 -99999.00000 -99999.00000 14.48577 30.53950 25.47503 9.27629 5.75713 8.85975 17.83705 28.27231 21.32566 11.93152 5.36119 1.73856 4.44517 14.75368 8.29646 4.12386 4.91347 4.39323 2.73973 0.72993 0.03046 0.06807 0.50914 0.97319 2.56868 3.50642 3.51957 2.98066 3.07169 -99999.00000 -99999.00000 -99999.00000 -99999.00000 -99999.00000 -99999.00000 -99999.00000 -99999.00000 -99999.00000 -99999.00000 -99999.00000 2.19592 2.94707 3.81357 3.85904 3.16555 2.72857 2.89447 4.11738 9.11032 13.01677 12.01208 11.17889 10.62650 10.56672 10.53670
