DATA/RAW-RASTER/CPC/2017/20170918.asc
ncols			60
nrows			40
xllcorner		70.0
yllcorner		20.0
cellsize		0.5
NODATA_value	-99999
1.63782 1.09541 0.70262 0.49653 0.32022 0.17260 0.13819 0.35795 1.17302 3.11850 4.73369 4.75809 4.21584 3.14443 1.86849 0.84208 0.28827 0.14110 0.24813 0.27707 0.18205 0.07819 0.02845 0.00000 0.00000 0.00000 0.00000 0.00000 0.00000 0.00000 0.00000 0.00000 0.00000 0.00000 0.00000 0.00000 0.00000 0.00000 0.00000 0.00000 0.00000 0.00000 0.00000 0.00000 0.00000 0.00000 0.00000 0.00000 0.00000 0.00000 0.00000 0.00000 0.00000 0.00000 0.00000 0.00000 0.00000 0.00000 0.03295 0.03309
1.53095 0.91640 0.83389 0.75044 0.47854 0.27080 0.18408 0.57671 1.71616 3.45007 4.29460 4.07514 3.62321 2.49831 1.28274 0.55076 0.20622 0.09016 0.07994 0.08438 0.07821 0.04955 0.00000 0.00000 0.00000 0.00000 0.00000 0.00000 0.00000 0.00000 0.00000 0.00000 0.00000 0.00000 0.00000 0.00000 0.00000 0.00000 0.00000 0.00000 0.00000 0.00000 0.00000 0.00000 0.00000 0.00000 0.00000 0.00000 0.00000 0.00000 0.00000 0.00000 0.00000 0.00000 0.00000 0.00000 0.00000 0.08737 0.25136 0.19339
0.23976 0.22171 0.36138 0.41918 0.35402 0.40872 0.75298 1.49703 2.38029 3.42940 4.23817 3.64296 2.41566 1.17717 0.42355 0.20693 0.10737 0.00000 0.00000 0.00000 0.00000 0.00000 0.00000 0.00000 0.00000 0.00000 0.00000 0.00000 0.00000 0.00000 0.00000 0.00000 0.00000 0.00000 0.00000 0.00000 0.00000 0.00000 0.00000 0.00000 0.00000 0.00000 0.00000 0.00000 0.00000 0.00000 0.00000 0.00000 0.00000 0.00000 0.00000 0.00000 0.00000 0.00000 0.00000 0.00000 0.17329 0.99446 1.51999 1.24115
0.00000 0.00000 0.07002 0.11664 0.11600 0.29512 1.13756 2.28334 3.01199 3.26899 3.32187 2.69864 1.45199 0.44665 0.07962 0.02990 0.00000 0.00000 0.00000 0.00000 0.00000 0.00000 0.00000 0.00000 0.00000 0.00000 0.00000 0.00000 0.00000 0.00000 0.00000 0.00000 0.00000 0.00000 0.00000 0.00000 0.00000 0.00000 0.00000 0.00000 0.00000 0.00000 0.00000 0.00000 0.00000 0.00000 0.00000 0.00000 0.00000 0.00000 0.00000 0.00000 0.00000 0.00000 0.00000 0.20183 1.31228 3.04033 5.12684 6.20338
0.00000 0.00000 0.00000 0.00000 0.04513 0.33393 1.10516 2.05945 2.73013 3.31387 2.82009 1.89038 0.93733 0.31269 0.07673 0.00000 0.00000 0.00000 0.00000 0.00000 0.00000 0.00000 0.00000 0.00000 0.00000 0.00000 0.00000 0.00000 0.00000 0.00000 0.00000 0.00000 0.00000 0.00000 0.00000 0.00000 0.00000 0.00000 0.00000 0.00000 0.00000 0.00000 0.00000 0.03766 0.02617 0.00000 0.00000 0.00000 0.00000 0.00000 0.00000 0.00000 0.00000 0.00000 0.00000 0.33467 1.56978 4.58164 8.82235 12.20763
0.00000 0.00000 0.00000 0.00000 0.02621 0.29006 0.89259 1.60602 2.17650 2.79343 2.63615 1.70289 0.78572 0.28013 0.06176 0.00000 0.00000 0.00000 0.00000 0.00000 0.00000 0.00000 0.00000 0.00000 0.00000 0.00000 0.00000 0.00000 0.00000 0.00000 0.00000 0.00000 0.00000 0.00000 0.00000 0.00000 0.00000 0.00000 0.00000 0.02886 0.04222 0.06815 0.13222 0.26023 0.40417 0.36799 0.27759 0.18998 0.07337 0.00000 0.00000 0.00000 0.00000 0.00000 0.00000 0.23789 1.23464 4.22420 9.23505 13.10029
0.00000 0.00000 0.00000 0.00000 0.00000 0.00000 0.38914 1.03042 1.56829 2.12466 2.19652 1.49697 0.67097 0.21316 0.04497 0.00000 0.00000 0.00000 0.00000 0.00000 0.00000 0.00000 0.00000 0.00000 0.00000 0.00000 0.00000 0.00000 0.00000 0.00000 0.00000 0.00000 0.00000 0.00000 0.00000 0.00000 0.03055 0.06354 0.10480 0.15780 0.24545 0.44472 0.79403 1.24584 1.49953 1.41011 1.01240 0.50823 0.16979 0.03503 0.00000 0.00000 0.00000 0.00000 0.02421 0.17081 0.59173 2.42775 6.93513 11.10261
0.00000 0.00000 0.00000 0.00000 0.00000 0.00000 0.00000 0.23271 0.61719 0.86387 1.09638 0.81162 0.32930 0.04249 0.00000 0.00000 0.00000 0.00000 0.00000 0.00000 0.00000 0.00000 0.00000 0.00000 0.00000 0.00000 0.00000 0.00000 0.00000 0.00000 0.00000 0.00000 0.00000 0.00000 0.02165 0.06080 0.14111 0.23705 0.37094 0.62024 1.11433 1.86320 2.95034 3.94507 3.87938 3.45333 2.66256 1.40888 0.49293 0.12875 0.07384 0.04385 0.03750 0.12628 0.14254 0.14308 0.28962 1.31701 3.71849 7.68433
0.00000 0.00000 0.00000 0.00000 0.00000 0.00000 0.00000 0.00000 0.00000 0.00000 0.03326 0.00000 0.00000 0.00000 0.00000 0.00000 0.00000 0.00000 0.00000 0.00000 0.00000 0.00000 0.00000 0.00000 0.00000 0.00000 0.00000 0.00000 0.00000 0.00000 0.00000 0.00000 0.00000 0.05666 0.13026 0.26215 0.44173 0.74644 1.24198 2.00770 2.96379 4.11025 5.20461 5.87721 6.00692 6.11147 5.71847 4.34809 2.05240 0.90195 0.66317 0.74758 0.73868 0.65443 0.51961 0.44120 0.58301 1.26782 2.94448 6.01421
0.00000 0.00000 0.00000 0.00000 0.00000 0.00000 0.00000 0.00000 0.00000 0.00000 0.00000 0.00000 0.00000 0.00000 0.00000 0.00000 0.00000 0.00000 0.00000 0.00000 0.00000 0.00000 0.00000 0.00000 0.00000 0.00000 0.00000 0.00000 0.00000 0.03104 0.07274 0.11672 0.13578 0.16690 0.28789 0.51048 1.34969 1.98924 2.53983 3.18597 3.79008 4.39261 4.88244 5.26363 5.73539 6.17275 6.32770 6.00866 5.02176 3.82348 3.58677 3.80707 3.47433 2.47071 1.50080 1.01399 1.01913 1.59340 3.46588 5.57437
0.00000 0.00000 0.00000 0.00000 0.00000 0.00000 0.00000 0.00000 0.00000 0.00000 0.00000 0.00000 0.00000 0.00000 0.00000 0.00000 0.00000 0.00000 0.00000 0.00000 0.00000 0.00000 0.00000 0.00000 0.00000 0.00000 0.00000 0.00000 0.03910 0.11252 0.27021 0.43813 0.52448 0.64040 0.78141 1.14533 1.92511 2.49510 2.94589 3.39614 3.70727 4.03499 4.18251 4.11978 4.38888 5.00764 5.54493 5.70610 5.67905 5.71161 6.15652 6.33649 5.86650 4.47236 2.68002 1.56543 1.38512 2.70841 6.05823 8.75976
0.00000 0.00000 0.00000 0.00000 0.00000 0.00000 0.00000 0.00000 0.00000 0.00000 0.00000 0.00000 0.00000 0.00000 0.00000 0.00000 0.00000 0.00000 0.00000 0.00000 0.00000 0.00000 0.00000 0.00000 0.00000 0.00000 0.04775 0.09688 0.19189 0.26558 0.50368 0.69121 0.81081 0.86409 1.00913 1.34866 1.68033 2.10734 2.67176 3.36081 3.80167 3.79377 3.63829 3.37454 3.21827 3.52953 4.28662 4.99193 5.48736 5.74598 6.34634 6.73212 6.76139 6.17155 4.93984 3.70838 3.74091 5.94088 9.66343 12.35351
0.00000 0.00000 0.00000 0.00000 0.00000 0.00000 0.00000 0.00000 0.00000 0.00000 0.00000 0.00000 0.00000 0.00000 0.00000 0.00000 0.00000 0.00000 0.00000 0.00000 0.00000 0.00000 0.00000 0.00000 0.00000 0.04407 0.09760 0.19670 0.36079 0.62017 0.81122 0.78947 0.87337 0.95328 1.09458 1.23653 1.34021 1.63211 2.17072 2.76411 3.58008 3.87674 3.81094 3.50312 3.20337 3.32404 3.76973 4.01611 4.35913 4.67398 5.24890 5.87906 6.55886 7.11066 6.94585 6.53759 7.06083 9.56486 12.49017 13.35219
0.00000 0.00000 0.00000 0.00000 0.00000 0.00000 0.00000 0.00000 0.00000 0.00000 0.00000 0.00000 0.00000 0.00000 0.00000 0.00000 0.00000 0.00000 0.00000 0.00000 0.00000 0.00000 0.00000 0.00000 0.04041 0.09874 0.21478 0.39205 0.67973 0.96259 1.01654 0.90707 0.98918 1.06999 1.17354 1.27498 1.31418 1.38403 1.56373 1.97086 2.72617 3.79244 4.28867 4.17329 3.98610 3.69085 3.43441 3.24373 2.87114 2.59586 2.76298 4.09556 6.22100 8.25724 8.57501 7.92363 8.51801 10.89215 13.04242 13.78621
0.00000 0.00000 0.00000 0.00000 0.00000 0.00000 0.00000 0.00000 0.00000 0.00000 0.00000 0.00000 0.00000 0.00000 0.00000 0.00000 0.00000 0.00000 0.00000 0.00000 0.00000 0.00000 0.00000 0.03415 0.09993 0.24249 0.50579 0.90356 1.62866 1.64841 1.13143 0.95398 1.03318 1.13134 1.26697 1.32734 1.32992 1.29780 1.31066 1.49115 2.05481 3.00024 3.98436 4.63225 4.79789 4.24479 3.49834 2.90774 2.38323 1.67083 1.38108 2.61254 5.24143 7.91399 8.62085 8.38013 7.76968 8.75804 10.83322 12.83900
0.00000 0.00000 0.00000 0.00000 0.00000 0.00000 0.00000 0.00000 0.00000 0.00000 0.00000 0.00000 0.00000 0.00000 0.00000 0.00000 0.00000 0.00000 0.00000 0.00000 0.00000 0.00000 0.02998 0.11903 0.31376 0.69769 1.21910 2.06522 2.87562 2.59120 1.56986 0.97075 1.05943 1.22231 1.41212 1.45242 1.41177 1.27103 1.14820 1.14783 1.47963 2.42307 3.86742 4.81543 5.01759 4.43339 3.67715 3.20290 2.71440 1.84706 1.36966 1.85913 3.37673 5.01831 5.89440 6.10506 6.14005 6.50516 8.29041 10.83371
0.00000 0.00000 0.00000 0.00000 0.00000 0.00000 0.00000 0.00000 0.00000 0.00000 0.00000 0.00000 0.00000 0.00000 0.00000 0.00000 0.00000 0.00000 0.00000 0.02633 0.03936 0.06706 0.18301 0.45216 0.98648 1.68813 2.44951 3.73048 4.38134 3.81439 2.58586 1.18736 1.07523 1.21799 1.30570 1.36741 1.39372 1.27454 1.07997 0.93933 1.10577 2.03673 3.81876 5.09498 5.34601 4.63612 3.81861 3.11821 2.63212 1.69779 0.89796 0.83640 1.35059 1.79055 2.26141 3.33438 4.62579 5.56257 6.39442 7.01214
0.00000 0.00000 0.00000 0.00000 0.00000 0.00000 0.00000 0.00000 0.00000 0.00000 0.00000 0.00000 0.00000 0.00000 0.00000 0.00000 0.00000 0.00000 0.09622 0.26075 0.31490 0.45731 0.81768 1.44287 2.22264 2.85987 3.86522 4.92209 5.29546 4.57345 3.20247 1.62458 1.06816 1.23899 1.33224 1.43272 1.48406 1.37568 1.17691 0.92376 0.97190 1.77377 3.52842 4.77244 5.15432 4.92866 4.00248 3.03414 2.17880 1.28373 0.51266 0.31484 0.44855 0.43548 0.55413 1.70391 3.56213 4.74625 4.98287 5.49783
0.00000 0.00000 0.00000 0.00000 0.00000 0.00000 0.00000 0.00000 0.00000 0.00000 0.00000 0.00000 0.00000 0.00000 0.00000 0.78278 0.45328 0.38134 1.10242 1.15131 0.87612 1.03179 1.65683 2.54298 3.52376 4.44522 5.26862 5.95240 6.37155 5.81028 4.00573 1.99303 0.91286 0.97023 1.18387 1.36763 1.40609 1.37864 1.22531 1.00239 1.00579 1.48921 2.66009 4.00703 4.61207 4.46336 3.56197 2.59136 1.71675 0.96308 0.42630 0.25163 0.25090 0.23822 0.35723 1.01301 2.08241 2.82738 3.37654 4.47366
0.00000 0.00000 0.00000 0.00000 0.00000 0.00000 0.00000 0.00000 0.00000 0.00000 0.00000 0.00000 0.00000 0.00000 0.10878 1.61971 1.33803 2.09120 4.85964 5.09362 2.02855 1.49195 2.43947 4.01290 5.03339 6.07977 6.94316 7.06141 7.48568 7.67359 5.34296 2.31298 0.68531 0.56699 0.74629 0.98492 1.05608 0.99719 0.90625 0.77776 0.70283 0.67080 0.90274 1.73265 2.67961 2.92003 2.35277 1.44676 1.01796 0.71349 0.48151 0.31071 0.21799 0.24194 0.38565 0.70888 1.00843 1.09330 1.66990 3.81124
0.00000 0.00000 0.00000 0.00000 0.00000 0.00000 0.00000 0.00000 0.00000 0.00000 0.00000 0.00000 0.00000 0.00000 0.00000 0.19226 0.33859 8.49461 14.24344 10.24307 4.84827 2.75424 6.06705 9.11371 8.04978 7.21909 7.91456 10.42066 12.58574 11.17655 7.06717 3.15896 1.06822 0.36716 0.32037 0.40185 0.40459 0.31568 0.28657 0.30919 0.26799 0.14708 0.16317 0.61572 1.39797 1.78399 1.37951 0.83815 0.69451 0.51422 0.45520 0.33218 0.20110 0.23272 0.26793 0.41639 0.50497 0.57250 1.09639 2.74439
0.00000 0.00000 0.00000 0.00000 0.00000 0.00000 0.00000 0.00000 0.00000 0.00000 0.00000 0.00000 0.00000 0.00000 0.00000 0.00000 4.38933 22.74886 49.97237 37.44540 16.61174 7.43189 14.90773 15.54008 15.35029 16.79457 13.75350 14.67721 13.22038 11.08599 7.24826 3.46764 1.20149 0.31429 0.15201 0.20662 0.13569 0.03973 0.03949 0.06778 0.08510 0.13638 0.26641 0.75719 1.46288 1.68747 1.37666 0.93661 0.60543 0.56214 0.39572 0.15821 0.02349 0.03596 0.04565 0.07395 0.23343 0.33782 0.63280 1.03305
0.00000 0.00000 0.00000 0.00000 0.00000 0.00000 0.00000 0.00000 0.00000 0.00000 0.00000 0.00000 0.00000 0.00000 0.00000 0.00000 5.64280 29.10612 55.18554 52.53892 31.63151 21.78546 28.49252 32.27042 29.48421 27.11465 27.17761 28.21662 20.75568 12.64273 7.81024 4.28024 1.71923 0.41128 0.18395 0.40964 0.18107 0.00000 0.00000 0.00000 0.08569 0.32143 0.73325 1.31394 1.72064 1.77348 1.54971 1.14138 0.75204 0.39046 0.05884 0.00000 0.00000 0.00000 0.00000 0.00000 0.07048 0.07664 0.16339 0.23714
0.00000 0.00000 0.00000 0.00000 0.00000 0.00000 0.00000 0.00000 0.00000 0.00000 0.00000 0.00000 0.00000 0.00000 0.00000 0.00000 5.45220 22.77106 38.64898 32.40823 20.56249 18.96024 25.31258 28.26685 25.85694 22.51589 26.54726 37.29205 35.57327 19.17993 8.91512 5.88080 3.64329 1.76953 1.27042 1.45024 0.95454 0.17635 0.00000 0.00000 0.05332 0.43282 0.90141 1.41143 1.62250 1.69083 2.57539 2.36850 0.17751 0.00000 0.00000 0.00000 0.00000 0.00000 0.00000 0.00000 0.00000 0.00000 0.00000 0.00000
0.00000 0.00000 0.00000 0.00000 0.00000 0.00000 0.00000 0.00000 0.00000 0.00000 0.00000 0.00000 0.00000 0.00000 0.00000 0.00000 2.13974 10.23337 15.11826 7.28282 3.84565 3.78299 6.63916 7.19135 11.41362 10.78980 10.43646 18.15521 21.96676 14.15511 10.37617 8.50611 7.85679 6.64619 5.02608 5.16399 2.81742 0.53526 0.00000 0.00000 0.00000 0.23278 0.69105 0.87839 1.27535 2.20390 2.67050 0.89653 0.00000 0.00000 0.00000 0.00000 0.00000 0.00000 0.13682 0.13383 0.05082 0.00000 0.00000 0.00000
0.00000 0.00000 0.00000 0.00000 0.00000 0.00000 0.00000 0.00000 0.00000 0.00000 0.00000 0.00000 0.00000 0.00000 0.00000 0.00000 0.50715 1.59896 2.86260 1.42779 0.05377 0.00000 0.25042 0.79027 1.54472 2.67932 2.04674 4.82205 7.68324 4.47693 5.11682 8.77401 11.54669 10.05178 6.35407 9.54111 4.98223 0.50472 0.13882 0.00000 0.00000 0.00000 0.07714 0.19530 0.43280 0.64585 0.15006 0.00000 0.00000 0.00000 0.00000 0.00000 0.00000 0.14434 1.39715 1.68157 1.21458 0.57703 0.17517 0.03401
0.00000 0.00000 0.00000 0.00000 0.00000 0.00000 0.00000 0.00000 0.00000 0.00000 0.00000 0.00000 0.00000 0.00000 0.00000 0.00000 0.00000 0.00000 0.33587 1.20319 1.15483 0.43687 0.23615 0.08313 0.00000 0.00000 0.18632 0.47380 0.47257 0.76831 1.82497 5.29652 6.98363 5.43740 2.92070 4.04891 1.43314 0.00000 0.03272 0.00000 0.00000 0.00000 0.00000 0.00000 0.00000 0.00000 0.00000 0.00000 0.00000 0.00000 0.00000 0.00000 0.00000 1.33307 3.56604 4.47987 3.67526 2.10630 0.97159 0.34579
0.00000 0.00000 0.00000 0.00000 0.00000 0.00000 0.00000 0.00000 0.00000 0.00000 0.00000 0.00000 0.00000 0.00000 0.00000 0.00000 0.00000 0.00000 0.54625 2.98150 4.65953 2.86571 2.03510 0.97447 0.62472 0.22994 0.08873 0.00000 0.08430 0.00000 0.00000 0.54221 2.17871 2.28133 2.41947 2.16211 1.25200 0.74974 0.07394 0.00000 0.00000 0.00000 0.15535 0.05040 0.00000 0.00000 0.00000 0.00000 0.00000 0.00000 0.00000 0.00000 0.43425 2.26042 4.70620 6.68907 5.96911 3.88715 1.95492 0.71582
0.00000 0.00000 0.00000 0.00000 0.00000 0.00000 0.00000 0.00000 0.00000 0.00000 0.00000 0.00000 0.00000 0.00000 0.00000 0.00000 0.00000 0.09047 0.86220 3.32304 6.27082 4.85315 3.87890 2.87984 1.35098 0.60813 0.94901 1.39925 1.31339 0.44365 0.35121 0.70374 4.83588 7.20212 5.35181 2.30965 1.84846 2.27255 0.94738 1.08925 3.19433 4.69873 8.03568 5.28571 2.56942 1.17086 1.37401 2.62439 1.72342 4.17603 5.15387 2.26473 1.85771 3.24894 4.80066 7.19268 7.93301 5.46392 2.67558 1.19250
0.00000 0.00000 0.00000 0.00000 0.00000 0.00000 0.00000 0.00000 0.00000 0.00000 0.00000 0.00000 0.00000 0.00000 0.00000 0.00000 0.00000 0.40596 1.64638 2.07319 2.62759 3.59819 5.13606 4.31844 1.92695 1.02770 1.50509 2.96540 3.54333 2.45695 2.07576 4.28138 10.58211 17.74472 9.65227 1.72871 0.93544 1.91397 6.84516 17.34046 22.58645 22.73520 25.81228 27.47779 12.22083 5.44975 9.58799 18.12548 16.02679 14.06476 13.35029 8.41271 4.66433 3.94663 4.08077 6.87742 9.00870 6.85283 3.46245 1.97819
0.00000 0.00000 0.00000 0.00000 0.00000 0.00000 0.00000 0.00000 0.00000 0.00000 0.00000 0.00000 0.00000 0.00000 0.22275 0.29359 1.21664 1.99712 3.03224 2.46093 1.77441 2.61170 8.19857 5.11814 2.13330 2.36187 2.89309 4.15117 4.90864 4.06039 4.39642 7.10395 13.77710 16.44578 12.23614 3.22738 0.33250 3.74477 16.56909 41.83252 42.60019 30.45312 26.79229 21.07797 15.78979 9.13380 21.54321 37.94115 38.71772 30.92076 24.27037 13.00653 5.90419 3.57249 3.66499 5.91745 7.09939 6.59370 3.71940 2.88655
0.00000 0.00000 0.00000 0.00000 0.00000 0.00000 0.00000 0.00000 0.00000 0.00000 0.00000 0.00000 0.00000 1.11361 5.54115 9.07775 11.41201 10.98210 9.00445 5.92135 3.43045 3.21927 7.35889 3.98199 2.39425 4.54096 5.60079 4.59238 4.19951 4.86608 6.35412 10.77120 17.21345 18.36616 17.26362 8.89444 2.70874 6.13357 25.62902 66.59669 60.50216 26.66363 13.01979 17.89145 24.82899 19.61537 17.68563 33.01553 37.56376 31.97607 23.22356 12.58337 5.75213 2.80460 2.22858 3.48528 4.55891 5.36070 3.65410 2.97301
0.00000 0.00000 0.00000 0.00000 0.00000 0.00000 0.00000 0.00000 0.00000 0.03511 0.00000 0.00000 0.69581 7.12978 18.83499 24.31862 22.21031 18.42525 12.27640 7.72361 4.53042 2.60824 3.26413 3.92348 5.30662 9.52527 11.84443 9.53117 7.23490 7.38826 8.62068 14.90701 21.58195 22.02190 20.14242 13.76177 9.46810 15.40681 22.53905 30.58240 33.21152 20.01508 8.86557 14.80993 23.28409 21.67167 14.67078 15.44381 16.40279 15.79540 12.03013 8.20680 4.73450 2.48560 2.30744 2.53765 3.37866 4.41797 4.24547 3.46788
0.00000 0.03563 0.00000 0.00000 0.00000 0.00000 0.00000 0.00000 0.27622 0.47315 0.35101 0.27612 2.35453 17.02518 34.84629 34.30441 25.00668 16.10941 10.14135 6.44038 4.26709 2.31362 2.52537 4.19521 7.67173 15.34273 19.92643 19.63159 17.91628 13.67019 11.68356 18.88346 25.54475 23.09994 18.46278 9.65107 10.69349 16.26789 18.44138 28.64161 31.85283 27.60107 22.45654 23.44364 27.83226 18.56787 8.66072 6.25513 6.09100 7.08487 6.72982 5.02500 3.18301 1.91137 1.67949 1.69674 2.85632 4.18082 4.63371 3.72616
0.13532 0.03898 0.13879 0.18304 0.11271 0.00000 0.00000 0.06816 1.22370 2.13607 2.34465 3.10319 11.48995 24.22875 34.23606 32.63351 20.24913 9.43960 5.23679 3.31178 2.19012 3.24650 5.35723 5.86235 9.56786 20.46394 28.89319 35.16472 35.85891 27.23512 20.43645 24.02819 26.97536 21.87941 13.34347 6.34153 5.59274 8.33849 27.74505 58.02639 56.67209 48.70606 55.11826 46.96251 28.46490 20.71486 10.94891 5.58330 5.08415 5.62019 5.64347 4.17371 2.21596 1.14461 1.07673 1.01593 2.22818 3.22333 3.47163 3.09219
0.69052 0.69139 1.37556 1.73990 1.59823 1.09204 0.51132 1.00974 2.99131 4.79713 7.94899 14.47735 27.44579 37.93424 35.84156 26.29729 16.48263 5.57803 1.33185 0.94644 3.17165 8.17698 12.92315 16.96251 22.20223 32.49924 43.33372 51.28453 53.05880 39.54498 24.31259 21.59883 23.05623 21.63792 11.98454 6.98048 4.91672 4.68250 34.44250 82.09240 111.05518 89.20620 69.78526 45.78773 37.92251 34.35203 22.64437 8.75913 5.30132 4.96346 4.70798 3.99535 1.84274 0.87937 0.89027 1.02352 1.80510 2.58773 2.42421 2.04914
2.42682 3.27196 4.08871 5.24816 4.04626 3.95209 3.27850 2.82845 3.51169 5.86920 10.78124 19.55997 37.81652 44.64062 32.84601 20.48506 12.93668 4.67602 0.74813 0.48724 4.20470 13.73585 26.00321 38.57440 41.53898 42.74075 54.39454 64.58589 65.51926 43.80717 18.98833 16.38744 23.36814 26.07688 16.34495 9.76717 7.04901 9.26537 41.08696 83.87120 99.92777 -99999.00000 -99999.00000 72.54922 61.45734 49.65788 37.14938 15.63509 6.30970 5.84196 5.27045 3.08544 1.11018 0.72915 0.72549 0.78190 1.44254 2.37957 2.19601 1.61362
3.89430 6.70438 8.94435 12.51400 9.89245 7.82488 6.27283 3.82150 2.55413 3.56682 5.43045 9.45706 18.74756 23.01739 17.12589 7.86061 4.42190 1.20985 0.00000 0.03974 4.61045 18.93977 37.76916 58.11973 54.74796 43.58212 45.30835 60.01281 61.84087 41.62292 20.23475 18.03395 22.28614 23.51689 18.86561 -99999.00000 -99999.00000 -99999.00000 -99999.00000 -99999.00000 -99999.00000 -99999.00000 -99999.00000 66.14089 56.24121 45.87416 36.22421 20.72261 9.63620 8.00803 6.64174 2.86178 0.65695 0.48054 0.58103 1.02968 2.13114 3.13431 3.08328 2.64851
5.15496 11.10490 13.17209 17.12075 -99999.00000 10.50464 6.07308 3.82833 1.44754 1.49277 0.82271 1.77227 4.95804 8.96792 8.02547 2.24451 0.13329 0.20004 0.63538 0.74304 5.97995 21.17013 38.59784 51.71644 45.48569 29.02999 27.94350 49.47703 61.94407 40.14494 22.60069 25.53166 22.89207 17.92206 -99999.00000 -99999.00000 -99999.00000 -99999.00000 -99999.00000 -99999.00000 -99999.00000 -99999.00000 -99999.00000 -99999.00000 40.99218 31.94607 25.99753 20.56530 14.68631 10.22220 6.22982 2.06273 0.46779 0.51119 0.96209 1.54748 2.38913 3.57299 4.50961 4.86913
-99999.00000 -99999.00000 -99999.00000 -99999.00000 -99999.00000 33.92149 19.69744 4.02655 1.25066 1.10580 0.29018 0.15978 1.48152 5.09952 5.36010 1.68979 0.12603 1.05294 2.64051 2.41177 5.86020 17.59953 30.68855 32.27962 25.63072 14.43064 13.51488 39.52789 57.98717 42.25357 29.49020 29.97531 20.69890 11.53991 -99999.00000 -99999.00000 -99999.00000 -99999.00000 -99999.00000 -99999.00000 -99999.00000 -99999.00000 -99999.00000 -99999.00000 -99999.00000 21.30352 20.22253 19.78123 17.77708 11.59124 4.73196 1.23796 0.61095 1.00735 1.30024 1.31386 1.78739 2.98635 4.44337 5.50732
