DATA/RAW-RASTER/CPC/2017/20170808.asc
ncols			60
nrows			40
xllcorner		70.0
yllcorner		20.0
cellsize		0.5
NODATA_value	-99999
0.00000 0.00000 0.00000 0.00000 0.00000 0.00000 0.00000 0.02178 0.05485 0.10517 0.03906 0.00000 0.00000 0.00000 0.00000 0.00000 0.00000 0.00000 0.00000 0.00000 0.00000 0.00000 0.00000 0.00000 0.00000 0.00000 0.00000 0.00000 0.00000 0.00000 0.00000 0.00000 0.00000 0.00000 0.00000 0.00000 0.00000 0.00000 0.00000 0.00000 0.00000 0.00000 0.00000 0.00000 0.00000 0.00000 0.00000 0.00000 0.00000 0.00000 0.00000 0.02713 0.12251 0.29363 0.77261 1.68035 2.05388 1.92759 1.67021 1.13389
0.00000 0.00000 0.00000 0.00000 0.00000 0.00000 0.00000 0.09792 0.31420 0.41466 0.21017 0.04941 0.00000 0.00000 0.00000 0.00000 0.00000 0.00000 0.00000 0.00000 0.00000 0.00000 0.00000 0.00000 0.00000 0.00000 0.00000 0.00000 0.00000 0.00000 0.00000 0.00000 0.00000 0.00000 0.00000 0.00000 0.00000 0.00000 0.00000 0.00000 0.00000 0.00000 0.00000 0.00000 0.00000 0.00000 0.00000 0.00000 0.00000 0.00000 0.00000 0.00000 0.22595 0.70364 1.71853 3.13034 4.07614 3.24327 1.75263 0.74797
0.00000 0.00000 0.00000 0.00000 0.00000 0.03027 0.09140 0.25609 0.74440 0.98698 0.71892 0.27106 0.06871 0.00000 0.00000 0.00000 0.00000 0.00000 0.00000 0.00000 0.00000 0.00000 0.00000 0.00000 0.00000 0.00000 0.00000 0.00000 0.00000 0.00000 0.00000 0.00000 0.00000 0.00000 0.00000 0.00000 0.00000 0.00000 0.00000 0.00000 0.00000 0.00000 0.00000 0.00000 0.00000 0.00000 0.00000 0.00000 0.00000 0.00000 0.00000 0.00000 0.07623 0.68830 1.54970 2.37792 2.96363 3.03779 1.84552 0.64075
0.00000 0.00000 0.00000 0.00000 0.00000 0.08637 0.36772 0.97403 1.64168 1.63418 1.23091 0.58919 0.18088 0.00000 0.00000 0.00000 0.00000 0.00000 0.00000 0.00000 0.00000 0.00000 0.00000 0.00000 0.00000 0.00000 0.00000 0.00000 0.00000 0.00000 0.00000 0.00000 0.00000 0.00000 0.00000 0.00000 0.00000 0.00000 0.00000 0.00000 0.00000 0.00000 0.00000 0.00000 0.00000 0.00000 0.00000 0.00000 0.00000 0.00000 0.00000 0.00000 0.02647 0.22161 0.52605 0.89971 1.13608 1.17642 0.94689 0.57026
0.00000 0.00000 0.00000 0.00000 0.00000 0.16578 0.56103 1.15641 1.67376 2.04028 1.49505 0.75950 0.25811 0.05809 0.00000 0.00000 0.00000 0.00000 0.00000 0.00000 0.00000 0.00000 0.00000 0.00000 0.00000 0.00000 0.00000 0.00000 0.00000 0.00000 0.00000 0.00000 0.00000 0.00000 0.00000 0.00000 0.00000 0.00000 0.00000 0.00000 0.00000 0.00000 0.00000 0.00000 0.00000 0.00000 0.00000 0.00000 0.00000 0.00000 0.00000 0.00000 0.00000 0.00000 0.05416 0.08556 0.18753 0.15625 0.36316 0.32503
0.00000 0.00000 0.00000 0.00000 0.00000 0.15919 0.49709 0.92260 1.29322 1.83415 1.65610 0.91166 0.33483 0.08119 0.00000 0.00000 0.00000 0.00000 0.00000 0.00000 0.00000 0.00000 0.00000 0.00000 0.00000 0.00000 0.00000 0.00000 0.00000 0.00000 0.00000 0.00000 0.00000 0.00000 0.00000 0.00000 0.00000 0.00000 0.00000 0.00000 0.00000 0.00000 0.00000 0.00000 0.00000 0.00000 0.00000 0.00000 0.00000 0.00000 0.00000 0.00000 0.00000 0.00000 0.00000 0.00000 0.00000 0.05043 0.17562 0.21965
0.00000 0.00000 0.00000 0.00000 0.00000 0.00000 0.22756 0.62368 0.99060 1.58706 1.69652 1.03698 0.42365 0.12919 0.00000 0.00000 0.00000 0.00000 0.00000 0.00000 0.00000 0.00000 0.00000 0.00000 0.00000 0.00000 0.00000 0.00000 0.00000 0.00000 0.00000 0.00000 0.00000 0.00000 0.00000 0.00000 0.00000 0.00000 0.00000 0.00000 0.00000 0.00000 0.00000 0.00000 0.00000 0.00000 0.00000 0.00000 0.00000 0.00000 0.00000 0.00000 0.00000 0.00000 0.00000 0.00000 0.00000 0.00000 0.09247 0.25073
0.00000 0.00000 0.00000 0.00000 0.00000 0.00000 0.00000 0.30018 0.67913 0.93899 1.20605 0.88230 0.33439 0.03581 0.00000 0.00000 0.00000 0.00000 0.00000 0.00000 0.00000 0.00000 0.00000 0.02280 0.03549 0.05157 0.06048 0.04734 0.05005 0.00000 0.00000 0.00000 0.00000 0.00000 0.00000 0.00000 0.00000 0.00000 0.00000 0.00000 0.00000 0.00000 0.00000 0.00000 0.00000 0.00000 0.00000 0.00000 0.00000 0.00000 0.00000 0.00000 0.00000 0.00000 0.00000 0.00000 0.00000 0.00000 0.03419 0.26640
0.00000 0.00000 0.00000 0.00000 0.00000 0.00000 0.06235 0.33683 0.47751 0.51203 0.49127 0.29110 0.02846 0.00000 0.00000 0.00000 0.00000 0.04982 0.05723 0.05965 0.06631 0.07994 0.10171 0.13161 0.16866 0.21051 0.25536 0.29432 0.30367 0.24219 0.08973 0.11758 0.27312 0.21877 0.09944 0.00000 0.00000 0.00000 0.04248 0.10712 0.14486 0.06837 0.00000 0.00000 0.00000 0.00000 0.00000 0.00000 0.00000 0.00000 0.00000 0.00000 0.00000 0.00000 0.00000 0.00000 0.00000 0.00000 0.00000 0.11041
0.00000 0.00000 0.00000 0.00000 0.00000 0.29525 1.02374 0.79621 0.61848 0.51092 0.25918 0.12273 0.06971 0.06524 0.00000 0.00000 0.13050 0.39563 0.47516 0.49575 0.52102 0.57694 0.62833 0.66808 0.72721 0.79016 0.87756 0.95505 1.06517 1.60778 2.49736 3.06468 3.00613 2.46787 1.86828 0.35972 0.16646 0.25482 0.32308 0.38062 0.41457 0.42664 0.31562 0.12945 0.00000 0.00000 0.00000 0.00000 0.00000 0.00000 0.00000 0.00000 0.00000 0.00000 0.00000 0.00000 0.00000 0.00000 0.00000 0.00000
0.00000 0.00000 0.00000 0.00000 0.15700 1.64413 4.56800 3.59664 1.36893 0.65592 0.22217 0.18676 0.46252 0.52740 0.00000 0.06107 2.09941 2.70658 2.94589 3.28227 3.39042 3.30256 3.11002 2.56755 2.32090 2.69948 3.07328 3.34664 4.05220 5.94028 9.75055 12.20900 12.52288 12.49081 10.39473 7.69829 5.14463 2.65244 1.25871 0.66175 0.57156 0.59089 0.58984 0.54265 0.43609 0.20427 0.03063 0.00000 0.00000 0.00000 0.00000 0.00000 0.00000 0.00000 0.00000 0.00000 0.00000 0.00000 0.00000 0.00000
0.00000 0.00000 0.00000 0.00000 0.59323 2.57016 5.25894 3.37587 1.04039 0.19054 0.09334 0.51193 0.90437 0.85435 0.76725 2.31707 4.84423 6.08036 5.84972 6.13760 6.13386 6.19045 6.11740 5.85340 5.26006 5.13259 5.19149 5.57036 6.91356 10.42341 16.67366 21.03685 21.00674 19.30456 16.99459 14.31003 10.83994 7.17813 4.20719 1.54104 0.77160 0.72146 0.69086 0.66460 0.66237 0.59799 0.45353 0.21020 0.00000 0.00000 0.00000 0.00000 0.00000 0.00000 0.00000 0.00000 0.00000 0.00000 0.00000 0.00000
0.00000 0.00000 0.00000 0.14164 0.54949 1.17441 1.99684 1.88262 0.62439 0.17863 0.35438 1.83348 2.81853 2.81653 3.32240 3.68877 4.71264 5.49983 5.96911 6.29002 6.17199 6.46262 6.53334 6.40048 6.24194 6.05602 6.38743 7.01076 8.77527 14.86655 22.22750 24.18986 24.82423 23.63717 22.63793 20.12218 16.06882 12.25114 8.41913 4.13388 1.26132 0.88198 0.80397 0.73517 0.68409 0.64490 0.55857 0.37846 0.18250 0.08903 0.03389 0.00000 0.00000 0.00000 0.00000 0.00000 0.00000 0.00000 0.00000 0.00000
0.19074 0.05163 0.00000 0.05120 0.17065 0.22004 0.50143 1.31170 2.40311 3.74288 4.39269 7.36229 12.59538 12.55512 9.73841 6.33049 5.49337 5.64533 6.05294 6.26709 6.46026 6.48830 6.67669 6.54477 6.43706 6.51214 7.19295 7.78313 11.35146 19.48815 27.46604 29.90939 30.41847 29.83240 28.29205 26.04874 21.83947 16.63906 11.00697 6.55222 3.56485 1.45015 0.88339 0.74407 0.67297 0.54878 0.34539 0.20209 0.22890 0.23570 0.23552 0.16168 0.03284 0.00000 0.00000 0.00000 0.00000 0.00000 0.13088 0.23242
0.80420 0.36669 0.04345 0.00000 0.00000 0.02974 0.49135 2.09379 7.16866 11.77277 19.72511 35.62236 56.49568 36.35898 13.41463 5.07526 4.55737 4.84460 5.75143 6.32948 6.96647 6.73728 6.64910 6.47419 6.40010 6.63287 7.28488 8.65047 13.07272 21.85974 28.10367 31.92298 33.08015 32.69842 33.01283 31.22041 27.38099 20.65753 13.37930 7.75600 4.45434 2.20105 0.81372 0.50614 0.37835 0.08860 0.00000 0.00000 0.11816 0.23598 0.26374 0.21502 0.05506 0.00000 0.00000 0.00000 0.13464 0.25254 0.45994 0.69386
1.38353 0.39630 0.09293 0.00000 0.00000 0.08385 0.90001 3.78614 9.15911 16.95998 32.35914 60.10759 86.12475 50.79461 8.09341 3.54068 2.74102 3.22517 5.26593 6.34407 6.59735 6.52608 6.54132 6.63090 7.05217 7.40049 7.77833 9.15220 14.56324 22.73424 28.78301 33.15472 34.59816 36.03201 39.00571 37.67852 33.09420 24.53363 14.72491 7.39149 3.92041 2.14413 0.92373 0.28710 0.13355 0.00000 0.00000 0.00000 0.00000 0.10055 0.13131 0.10534 0.02558 0.00000 0.02795 0.17094 0.33730 0.39798 0.53206 0.76875
1.88094 0.41444 0.09184 0.03522 0.00000 0.06609 0.62364 2.12299 5.44537 16.93965 27.48841 43.35609 50.27476 28.56593 4.34176 6.00735 3.74452 2.44934 3.69713 5.56502 6.37738 6.51479 6.18870 6.30022 6.77577 7.02829 7.47034 9.70158 15.97877 24.03958 30.78794 35.49190 34.73028 34.98969 36.17518 37.03885 36.07395 28.75768 16.53445 6.30934 2.95739 1.99693 0.92531 0.21426 0.04682 0.02463 0.00000 0.00000 0.00000 0.00000 0.00000 0.00000 0.00000 0.18299 0.26525 0.33500 0.39266 0.45261 0.49301 0.44900
2.33358 0.82958 0.25534 0.03512 0.00000 0.00000 0.38536 1.27557 3.63287 10.83388 15.22200 16.37370 19.42180 16.19166 11.44329 10.87057 7.74320 3.98515 3.24955 3.71662 4.62064 5.39691 5.26531 5.18267 5.18409 5.32561 5.88151 7.87620 14.74258 21.20426 26.92241 31.69644 35.82576 37.30025 38.54985 41.01794 41.81874 36.20733 22.89346 7.77987 3.16209 2.52016 1.38261 0.41882 0.14595 0.12817 0.00000 0.00000 0.00000 0.00000 0.00000 0.00000 0.03776 0.23301 0.31278 0.43614 0.64275 0.82013 0.81686 0.66210
1.65371 0.63627 0.08503 0.00000 0.00000 0.00000 0.05189 0.74421 2.35171 4.81513 4.97500 2.73025 3.99930 8.28857 15.26420 20.69641 21.49484 11.99625 6.04455 3.61141 2.30490 2.51829 2.89909 3.19194 3.50461 3.77719 4.07129 6.35633 13.89070 19.19555 23.41494 27.40289 32.25428 36.04019 38.80748 42.42053 41.95808 39.53273 29.63136 14.63377 7.11378 4.91789 3.40910 1.98493 1.16688 0.85114 0.36250 0.15143 0.17577 0.10597 0.00000 0.00000 0.15296 0.34893 0.55087 0.95384 1.62178 2.12824 2.14507 1.82947
0.53374 0.12512 0.00000 0.00000 0.00000 0.00000 0.00000 0.17087 0.50922 0.67963 0.48852 0.42775 0.38921 1.45948 9.46117 23.79791 25.53882 11.15141 7.43527 4.23401 1.62219 1.12200 1.29953 1.14782 1.58092 1.79757 1.72480 3.97542 10.68964 17.41347 21.86651 25.49834 28.54391 31.23093 35.52626 40.15613 40.31454 36.84016 30.88479 19.50666 11.18802 7.09057 5.57778 4.88086 3.98637 2.74225 1.60720 0.92763 0.71283 0.75625 0.96127 1.16463 1.32927 1.62555 1.91426 2.80719 3.68812 3.69429 3.66946 3.79250
0.00000 0.00000 0.00000 0.00000 0.00000 0.00000 0.00000 0.00000 0.00000 0.00000 0.00000 0.00000 0.00000 0.18742 2.22061 6.21081 6.78778 4.18749 2.68609 1.73296 1.14114 1.21064 1.55565 1.55820 1.41508 0.49982 0.68331 3.21909 8.02846 14.85945 19.40097 21.83347 23.18744 24.65454 26.77585 27.67600 27.44641 24.82267 21.48619 16.66038 10.34858 6.84608 6.03643 6.52564 7.25780 5.88474 3.25459 1.54638 0.95695 1.17061 2.82787 4.61789 5.33176 5.88622 5.36277 7.17833 7.76322 6.88934 7.04736 7.80330
0.00000 0.00000 0.00000 0.00000 0.00000 0.00000 0.00000 0.00000 0.00000 0.00000 0.00000 0.00000 0.05297 0.45421 1.12640 0.92126 0.61561 0.07343 0.66561 1.08006 2.68790 3.64488 3.54375 2.44604 2.21032 1.56707 0.86390 2.25651 4.85430 9.33831 13.43770 16.42431 18.63398 18.57564 18.86700 17.73780 17.33611 17.15158 14.77198 12.03386 8.72123 6.45509 6.26085 7.63644 9.97608 9.37497 6.07546 3.77075 2.85048 6.15752 9.92068 12.96970 15.20455 15.58661 13.73939 14.01593 16.86562 17.54571 17.34874 16.21753
0.00000 0.00000 0.00000 0.00000 0.00000 0.00000 0.00000 0.00000 0.00000 0.00000 0.00000 0.00000 0.20318 1.40288 3.08572 1.74498 0.46204 0.00000 0.53493 3.70908 8.33257 8.53018 5.72300 3.47392 2.65569 1.83382 0.69621 1.82404 4.02936 7.35947 10.89495 14.00139 15.75584 16.74260 17.40925 14.94212 13.32555 12.21230 10.19167 8.77577 8.11754 7.02047 7.89315 9.66191 11.20174 10.84289 8.22344 7.63819 15.53783 37.94816 52.23792 55.04185 29.43720 23.96242 21.79265 23.12017 25.63924 28.71152 29.20949 24.91872
0.00000 0.00000 0.00000 0.00000 0.00000 0.00000 0.00000 0.00000 0.00000 0.00000 0.00000 0.03840 0.96406 2.90168 3.88894 2.63767 1.20817 1.12336 3.91816 13.24141 17.25275 11.36876 5.52359 2.70517 1.77408 1.17066 0.50148 0.42025 3.11202 6.52493 8.43736 11.44169 13.60190 14.58987 13.54429 10.19321 6.87937 5.25098 4.58864 5.88570 7.73684 7.34236 7.19794 9.15254 9.82673 9.23738 14.11274 23.26680 41.31012 73.42938 114.73722 123.65791 79.97936 36.89598 30.18031 29.24341 30.73157 30.45132 29.54463 31.22882
0.00000 0.00000 0.00000 0.00000 0.00000 0.04336 0.10313 0.39027 0.64529 0.30521 0.00000 0.85653 4.11758 6.64573 4.65215 2.29095 1.52642 3.39606 9.14286 17.55230 14.57930 7.50370 2.81526 1.22820 1.08077 0.71911 0.36222 0.24532 1.05642 2.94349 5.92153 7.82343 9.43939 11.04084 8.12627 5.64530 3.59947 2.01987 3.17646 8.25653 10.74243 9.70497 5.66003 4.84733 6.61404 11.11019 17.19630 22.33534 28.25023 40.05900 65.28905 82.53368 83.15716 43.57129 34.62046 38.49714 37.31216 38.57912 29.22457 28.88039
0.00000 0.00000 0.03085 0.14907 0.49715 0.83238 1.39206 2.59375 3.85619 3.77502 2.38136 2.99337 8.09997 10.88436 7.19412 2.48849 1.69814 4.11846 7.41379 7.32188 3.80023 2.58254 1.49556 0.94709 0.72569 0.44478 0.27564 0.25307 0.29164 0.36120 1.47945 3.69554 4.82265 5.11024 3.88470 3.43162 2.92731 4.99583 16.57191 25.23948 22.63798 17.13622 9.54246 3.52461 4.84547 6.65003 8.73695 11.32425 9.89831 7.70263 13.60517 29.95639 42.08412 44.62775 39.67408 40.81942 37.02406 34.86696 27.27404 25.99903
0.00000 0.00000 0.08298 0.30971 0.84522 1.46937 2.55143 5.27968 8.74051 10.93895 8.43187 7.32596 14.88318 17.52574 10.72524 5.18420 3.62365 6.56635 8.56108 5.81692 2.19411 0.90838 0.91392 0.91436 0.60222 0.26555 0.22142 0.33487 0.33494 0.00000 0.12869 1.22142 2.28519 2.18447 1.11410 1.84518 4.85000 21.61538 59.24815 62.77514 35.96794 18.99381 7.28660 2.41877 2.59966 2.17245 2.43249 2.19745 2.03535 3.56501 7.45690 15.68443 26.19661 29.03880 31.01694 35.25298 33.24749 28.57544 24.72155 22.68215
0.00000 0.08943 0.21149 0.40619 0.90908 1.75594 3.04422 6.37566 10.81233 14.06214 17.66451 26.49917 39.55714 29.84329 13.74557 7.35619 5.66241 10.37433 14.47864 9.31871 2.77809 1.61034 1.67318 1.20638 0.18425 0.09619 0.26987 0.66518 0.14987 0.00000 0.00000 0.45796 2.44631 3.20505 1.14622 2.31249 8.53982 32.18127 75.40237 66.03426 27.33655 15.29553 9.29740 6.06022 6.77162 5.28993 1.71888 0.11099 0.41566 1.51548 4.04912 8.95962 12.42056 12.79385 21.94150 32.07822 32.47259 26.91705 22.38077 20.29902
0.00000 0.15548 0.26346 0.36398 0.80119 1.92491 4.03274 7.45137 11.52115 16.10593 25.53824 36.24215 39.83285 18.12797 10.42832 9.34269 12.60180 23.23524 21.30583 11.53284 5.78069 4.70590 3.37633 2.06939 0.15639 0.00000 0.11816 1.63450 3.90052 2.16211 1.51357 2.18299 2.95033 2.47636 1.18197 0.73536 4.46611 13.71772 23.47265 27.27051 23.58293 27.54415 40.70630 33.97479 19.67110 7.05335 1.04019 0.51485 0.57634 0.81345 1.80184 3.56099 5.58128 10.98975 17.81280 29.69939 36.19943 27.93461 20.18018 20.17416
0.00000 0.11481 0.19667 0.21335 0.52328 1.50432 3.92771 7.79754 14.63560 22.95152 34.62493 46.26621 34.77934 14.53928 8.68202 12.50783 26.96095 33.21350 20.02248 9.47844 6.08710 5.13145 3.84353 2.57379 0.92215 0.15386 1.89857 7.40421 14.70344 16.10908 13.06416 9.55697 4.97423 1.84192 0.38217 0.35279 1.12395 2.76585 8.76950 19.37148 38.91359 64.00962 98.28528 117.56734 50.00982 14.62815 3.62622 2.07238 1.31603 1.13816 1.22013 2.35845 5.45643 11.26883 14.36500 28.01871 40.64275 34.20462 22.67956 18.96048
0.16393 0.11565 0.19790 0.20385 0.42445 1.39617 3.66600 4.69155 17.06254 31.82788 37.71503 41.61546 32.57280 14.54063 5.79009 9.50870 17.93184 13.92213 12.30470 6.86529 3.58946 2.74571 3.93051 2.93026 2.51760 1.17176 8.29724 18.40120 27.76259 35.16328 32.80341 19.11906 8.64548 2.21690 0.97642 1.30738 1.41639 1.63234 5.57069 15.59459 42.42196 59.09134 61.37708 38.38220 20.49298 17.43005 9.05764 3.83674 2.67015 2.13618 1.92421 3.17478 6.41122 10.15514 14.11981 25.41002 32.78231 33.04849 21.42549 18.04214
0.72008 0.35471 0.28826 0.36880 1.41734 6.74280 9.62387 6.34069 12.96895 21.86934 23.38775 22.11988 17.07632 8.66796 4.33844 6.53073 12.42483 14.06419 12.47491 8.54137 5.01731 3.65057 4.47437 3.35463 3.75585 8.60302 17.87000 27.65802 34.10653 35.32383 29.35399 18.32790 7.24866 1.28707 1.96812 3.06204 3.92725 1.50566 1.70881 3.65497 14.46947 18.90600 13.97908 4.79266 5.07531 9.13234 5.69577 4.28093 3.14205 2.35012 1.93165 3.11782 6.04347 7.13825 7.18340 12.66007 19.69855 25.21852 16.50816 10.94392
0.75720 0.27042 0.22516 0.77352 2.76334 10.37551 14.78565 8.60834 7.54873 6.72049 3.96504 6.03427 4.54081 3.64099 2.81255 4.23667 10.74806 16.04124 13.01472 8.95195 6.90632 7.13855 6.04299 4.80323 6.21805 12.41052 20.17456 28.18642 30.95990 25.34952 16.86925 10.20690 3.21704 0.13815 1.47221 2.02286 2.70626 1.86976 0.84399 1.22496 3.21906 5.38024 6.49195 6.10620 7.70121 6.28216 4.10511 2.95050 2.07347 1.52026 1.10133 2.06162 4.87794 6.02763 6.51126 7.43415 11.93937 17.16168 15.51677 10.02795
0.29633 0.05492 0.00000 0.03041 0.75439 2.47534 5.54762 5.09865 2.79137 0.00000 0.24261 2.22125 1.61413 2.17069 3.27442 3.93882 7.72467 9.68920 7.71028 5.77107 10.01394 13.06405 8.57678 4.93451 6.40108 13.51269 18.97010 22.79935 24.83013 18.93085 12.06153 6.55040 1.22975 0.00000 0.77473 1.69281 1.54721 2.08892 3.50325 9.49225 11.93249 6.02689 8.08628 15.53205 24.32207 16.01696 5.32167 2.12148 1.30344 1.12616 0.71450 1.12699 2.96166 4.20529 4.42501 4.66446 9.29757 14.56793 15.58675 10.78338
0.55218 0.02548 0.00000 0.00000 0.00000 0.00000 0.00000 0.00000 0.00000 0.00000 0.00000 0.17560 0.35861 2.21804 5.55938 9.51379 10.63423 7.85163 6.04712 12.13025 25.98224 26.51390 14.26011 4.45357 4.32053 11.88881 18.19368 21.90043 24.31576 23.83834 18.75183 10.36932 1.54908 0.00000 0.68666 2.23989 3.06621 6.56479 14.90163 18.61922 13.14205 9.15433 15.92317 26.98270 46.34562 35.26360 13.92391 3.60491 2.00087 1.60231 1.28525 1.08047 1.64629 2.25600 2.44065 2.36192 6.55244 9.85969 9.54074 6.19165
1.55461 0.13785 0.00000 0.00000 0.00000 0.00000 0.00000 0.00000 0.00000 0.00000 0.00000 0.00000 0.00000 1.36606 4.70998 5.84730 9.06582 7.17467 7.37188 19.38041 35.86577 38.14550 19.72237 8.38323 6.20656 10.88302 16.24373 19.61474 26.31911 34.74491 41.83009 31.67607 8.82152 0.02363 1.58330 5.19988 4.78608 6.59236 13.19573 15.03328 13.88899 20.00102 26.67354 18.50591 34.59818 41.96078 27.74876 8.23630 3.02446 2.78110 2.16523 1.55558 1.61850 1.74848 1.90659 2.34297 4.58323 6.43818 5.20912 4.03097
3.12156 0.55770 0.00000 0.00000 0.00000 0.00000 0.00000 0.00000 0.00000 0.00000 0.00000 0.00000 0.00000 0.68800 3.68659 2.92143 5.02095 8.88547 13.05503 21.29858 31.24807 30.24415 14.23460 6.30493 5.11291 8.56840 14.58369 20.37277 30.04099 41.23623 60.58932 59.65332 23.25006 2.16911 2.61035 8.22319 8.06797 7.35801 9.52221 9.25672 9.14801 -99999.00000 -99999.00000 22.28939 31.31842 43.75288 41.33097 17.38278 4.72145 4.19898 4.27201 3.53164 2.63951 2.44960 2.30054 2.05782 3.65051 5.40506 4.64620 4.86180
2.45885 0.40932 0.00000 0.00000 0.00000 0.00000 0.00000 0.00000 0.00000 0.00000 0.00000 0.00000 0.00000 1.54554 4.80239 6.37526 8.13948 15.71543 23.13089 24.10652 23.94158 15.49503 4.19997 1.34826 2.40066 6.16421 8.75164 11.86565 17.66543 27.52471 41.17029 42.10626 20.71324 5.50993 2.73566 -99999.00000 -99999.00000 -99999.00000 -99999.00000 -99999.00000 -99999.00000 -99999.00000 -99999.00000 39.45119 55.21900 58.66806 51.25984 30.68660 11.04852 6.05210 5.79510 4.66459 3.69886 3.58366 3.98312 5.02206 6.76774 6.57928 4.78321 4.53200
0.84941 0.07807 0.00000 0.00000 -99999.00000 0.00000 0.00000 0.00000 0.00000 0.00000 0.00000 0.00000 0.00000 1.38022 3.67094 6.21971 5.36008 11.08962 22.64565 28.01825 25.71251 13.65171 4.04954 2.27484 4.84040 6.90770 5.50965 6.55848 7.02286 8.83631 12.95036 19.34108 13.02127 4.67630 -99999.00000 -99999.00000 -99999.00000 -99999.00000 -99999.00000 -99999.00000 -99999.00000 -99999.00000 -99999.00000 -99999.00000 73.24959 61.42771 49.88789 39.35764 24.07855 10.43614 5.94575 4.67939 4.27384 6.12396 10.88836 12.66313 10.74277 7.50924 4.83621 4.18472
-99999.00000 -99999.00000 -99999.00000 -99999.00000 -99999.00000 0.12128 0.03349 0.00000 0.00000 0.00000 0.00000 0.00000 0.00000 1.52574 3.79529 3.45831 2.11016 6.32473 15.43544 23.28762 25.88882 16.12524 7.60046 5.70030 9.92365 12.52544 10.45558 9.04352 4.99185 6.02872 9.70904 12.20304 10.35808 4.63598 -99999.00000 -99999.00000 -99999.00000 -99999.00000 -99999.00000 -99999.00000 -99999.00000 -99999.00000 -99999.00000 -99999.00000 -99999.00000 49.21830 45.62640 41.75978 33.26918 17.05210 7.00016 4.70409 5.73865 12.35013 17.17311 15.19194 12.16075 8.15127 4.67320 3.32934
