DATA/RAW-RASTER/CPC/2017/20170716.asc
ncols			60
nrows			40
xllcorner		70.0
yllcorner		20.0
cellsize		0.5
NODATA_value	-99999
0.10698 0.05141 0.00000 0.00000 0.00000 0.00000 0.00000 0.00000 0.00000 0.00000 0.00000 0.00000 0.00000 0.05850 0.18912 0.23631 0.17401 0.27874 1.11917 3.30621 6.61752 9.08592 10.08965 10.24411 9.87082 9.18206 8.21400 6.70854 4.68200 1.89031 0.77530 0.30645 0.11075 0.05215 0.00000 0.00000 0.00000 0.00000 0.00000 0.00000 0.00000 0.00000 0.00000 0.00000 0.00000 0.00000 0.00000 0.00000 0.00000 0.00000 0.00000 0.00000 0.00000 0.00000 0.00000 0.00000 0.00000 0.00000 0.00000 0.00000
0.12735 0.11503 0.07035 0.02776 0.00000 0.00000 0.00000 0.00000 0.00000 0.00000 0.00000 0.00000 0.00000 0.05689 0.16125 0.32126 0.46747 0.65569 1.22018 2.58636 4.82650 7.15218 8.60740 9.25796 9.57676 9.71223 9.23561 7.71506 5.01908 1.24137 0.52482 0.20083 0.05482 0.00000 0.00000 0.00000 0.00000 0.00000 0.00000 0.00000 0.00000 0.00000 0.00000 0.00000 0.00000 0.00000 0.00000 0.00000 0.00000 0.00000 0.00000 0.00000 0.00000 0.00000 0.00000 0.00000 0.00000 0.00000 0.00000 0.00000
0.16961 0.30476 0.25176 0.12516 0.02676 0.00000 0.00000 0.00000 0.00000 0.00000 0.00000 0.00000 0.04945 0.08860 0.18300 0.72397 1.51543 2.03705 2.23748 2.49230 3.10446 4.22098 5.51632 6.76311 7.73749 8.26504 8.23976 7.30518 4.75370 1.10790 0.30931 0.10876 0.02178 0.00000 0.00000 0.00000 0.00000 0.00000 0.00000 0.00000 0.00000 0.00000 0.00000 0.00000 0.00000 0.00000 0.00000 0.00000 0.00000 0.00000 0.00000 0.00000 0.00000 0.00000 0.00000 0.00000 0.00000 0.00000 0.00000 0.00000
0.25954 0.42361 0.31489 0.14457 0.03181 0.00000 0.00000 0.00000 0.00000 0.00000 0.00000 0.00000 0.35764 0.43852 0.70732 2.03758 3.64571 4.04785 3.32728 2.28957 1.67810 1.66758 2.14025 2.96347 3.92692 4.91383 5.56407 5.37955 3.56826 1.19674 0.23034 0.04150 0.00000 0.00000 0.00000 0.00000 0.00000 0.00000 0.00000 0.00000 0.00000 0.00000 0.00000 0.00000 0.00000 0.00000 0.00000 0.00000 0.00000 0.00000 0.00000 0.00000 0.00000 0.00000 0.00000 0.00000 0.00000 0.00000 0.00000 0.00000
0.14361 0.19951 0.12229 0.05350 0.00000 0.00000 0.00000 0.00000 0.00000 0.00000 0.00000 0.19445 1.16182 1.75333 2.79261 4.64043 6.00249 5.32465 3.22801 1.37583 0.63801 0.50093 0.62631 0.90713 1.36888 2.01717 2.78760 3.07182 2.10013 0.89070 0.16155 0.00000 0.00000 0.00000 0.00000 0.00000 0.00000 0.00000 0.00000 0.00000 0.00000 0.00000 0.00000 0.00000 0.00000 0.00000 0.00000 0.00000 0.00000 0.00000 0.00000 0.00000 0.00000 0.00000 0.00000 0.00000 0.00000 0.00000 0.00000 0.00000
0.00000 0.05210 0.02386 0.00000 0.00000 0.00000 0.00000 0.00000 0.00000 0.00000 0.13681 1.08245 2.32449 3.56643 4.96665 6.16356 6.33793 4.83521 2.18550 0.49483 0.13303 0.11372 0.18550 0.29691 0.47539 0.75418 1.14590 1.51021 1.32878 0.74833 0.10457 0.00000 0.00000 0.00000 0.00000 0.00000 0.00000 0.00000 0.00000 0.00000 0.00000 0.00000 0.00000 0.00000 0.00000 0.00000 0.00000 0.00000 0.00000 0.00000 0.00000 0.00000 0.00000 0.00000 0.00000 0.00000 0.00000 0.00000 0.00000 0.00000
0.00000 0.00000 0.00000 0.00000 0.00000 0.00000 0.00000 0.00000 0.00000 0.09428 0.67170 2.19221 3.73985 5.06483 6.19705 6.76877 6.20513 4.15052 1.68047 0.42938 0.11724 0.06724 0.07472 0.13561 0.22110 0.35766 0.56794 0.84647 0.91492 0.59248 0.03336 0.00000 0.00000 0.00000 0.00000 0.00000 0.00000 0.00000 0.00000 0.00000 0.00000 0.00000 0.00000 0.00000 0.00000 0.00000 0.00000 0.00000 0.00000 0.00000 0.00000 0.00000 0.00000 0.00000 0.00000 0.00000 0.00000 0.00000 0.00000 0.00000
0.00000 0.00000 0.00000 0.00000 0.00000 0.00000 0.04957 0.30739 0.74226 1.05271 1.59940 2.88020 4.48586 6.01438 6.38746 6.08212 5.08258 3.35158 1.64942 0.67559 0.30382 0.17190 0.14563 0.17320 0.27466 0.40235 0.53495 0.53045 0.62949 0.35707 0.00000 0.00000 0.00000 0.00000 0.00000 0.00000 0.00000 0.00000 0.00000 0.00000 0.00000 0.00000 0.00000 0.00000 0.00000 0.00000 0.00000 0.00000 0.00000 0.00000 0.00000 0.00000 0.00000 0.00000 0.00000 0.00000 0.00000 0.00000 0.00000 0.00000
0.00000 0.00000 0.00000 0.00000 0.16666 0.55086 0.90771 1.38394 1.78036 2.00983 2.07356 2.38613 3.43461 5.27501 6.34988 5.40455 4.16842 2.94091 1.75347 1.01403 0.64990 0.51802 0.50585 0.56537 0.69072 0.88991 1.04615 1.10892 1.14494 0.85378 0.20195 0.00000 0.00000 0.00000 0.00000 0.00000 0.00000 0.00000 0.00000 0.00000 0.00000 0.00000 0.00000 0.00000 0.00000 0.00000 0.00000 0.00000 0.00000 0.00000 0.00000 0.00000 0.00000 0.00000 0.00000 0.00000 0.00000 0.00000 0.00000 0.00000
0.21019 0.30115 0.29106 0.21953 0.89629 2.66050 4.37150 2.96273 2.59373 2.99293 2.39661 1.80241 1.71994 2.42163 4.07671 4.64887 3.84179 3.46684 2.87464 2.30812 2.09096 2.14051 2.25719 2.40016 2.60022 2.83549 3.10206 3.31792 3.29080 2.72538 1.63846 0.09273 0.00000 0.00000 0.00000 0.00000 0.00000 0.00000 0.00000 0.00000 0.00000 0.00000 0.00000 0.00000 0.00000 0.00000 0.00000 0.00000 0.00000 0.00000 0.05581 0.08776 0.08898 0.02468 0.00000 0.00000 0.00000 0.00000 0.00000 0.00000
1.04300 1.29283 1.35179 1.63938 3.48474 9.83524 16.28969 11.27796 5.55227 5.12816 3.74632 1.76365 1.39220 1.40231 1.52543 1.97137 5.78562 8.46737 9.09074 9.54458 9.62305 9.39410 9.02023 8.03176 7.59794 8.37897 9.15393 9.32011 8.70881 7.10277 4.55693 1.38823 0.37919 0.39337 0.34075 0.16239 0.00000 0.00000 0.00000 0.00000 0.00000 0.00000 0.00000 0.00000 0.00000 0.00000 0.00000 0.00000 0.00000 0.09955 0.15659 0.17466 0.15738 0.08753 0.00000 0.00000 0.00000 0.00000 0.00000 0.00000
2.48014 2.43904 2.48355 3.10926 6.43539 18.44062 27.10725 11.93391 4.92966 4.06734 3.97260 2.08222 1.41206 1.39002 1.58009 2.55216 6.98693 12.74438 15.23305 16.37541 16.36130 16.46393 16.28826 15.74063 14.55974 14.30939 14.25382 13.98648 13.23319 10.26963 5.74485 2.45238 0.80367 0.64820 0.58742 0.49362 0.03905 0.00000 0.00000 0.00000 0.00000 0.00000 0.00000 0.00000 0.00000 0.00000 0.00000 0.00000 0.04954 0.12648 0.17157 0.19018 0.17660 0.12251 0.00000 0.00000 0.00000 0.00000 0.00000 0.00000
4.40298 3.82676 3.50761 4.10248 6.76335 11.68911 11.02069 9.50343 7.86801 3.50368 2.78849 2.79194 2.13808 1.72773 2.01861 3.26500 7.14594 12.15833 15.61956 16.86345 16.55014 17.25889 17.44502 17.16568 16.93192 16.52305 17.03084 16.81754 14.85383 11.14782 5.43017 2.10413 0.95915 0.82172 0.80564 0.73177 0.28528 0.00000 0.00000 0.00000 0.00000 0.00000 0.00000 0.00000 0.00000 0.00000 0.00000 0.00000 0.02059 0.06049 0.11053 0.14497 0.12444 0.04046 0.00000 0.00000 0.00000 0.00000 0.00000 0.00000
4.30394 3.79840 3.37875 3.74523 5.83372 9.67794 14.89977 21.31437 16.63380 12.54589 7.57553 5.43109 5.83816 5.45151 5.04742 5.23713 8.81266 13.36657 15.97127 16.86938 17.33475 17.39474 17.91596 17.57154 17.36586 17.51009 18.56402 17.31369 15.55199 10.43552 4.67158 1.96802 1.31343 1.18069 1.03372 0.95831 0.70282 0.00000 0.00000 0.00000 0.00000 0.00000 0.00000 0.00000 0.00000 0.00000 0.00000 0.00000 0.00000 0.00000 0.00000 0.00000 0.00000 0.00000 0.00000 0.00000 0.00000 0.00000 0.00000 0.00000
3.68316 2.43818 1.86621 1.95616 3.03322 7.00579 16.24042 22.72566 18.24512 23.84967 23.01587 18.16135 21.30326 14.87883 8.87985 6.38151 9.31670 12.46920 15.59376 17.03096 18.61642 18.13267 18.00135 17.52219 17.18637 17.22126 17.41322 16.28434 13.01519 8.14360 3.45125 1.80472 1.55604 1.39732 1.31943 1.16319 1.01055 0.35526 0.00000 0.00000 0.00000 0.00000 0.00000 0.00000 0.00000 0.00000 0.00000 0.00000 0.00000 0.00000 0.00000 0.00000 0.00000 0.00000 0.00000 0.00000 0.18292 0.23115 0.04761 0.00000
3.25409 1.11510 0.57434 0.65440 0.79898 1.70643 5.86991 9.76245 6.81058 10.46747 17.82590 22.08385 27.95975 20.02837 10.61347 10.26973 6.83871 8.43300 14.35807 17.19865 17.77416 17.68430 17.83203 17.82445 18.04226 17.28584 15.62006 12.38959 9.07868 5.37144 2.94173 2.27874 1.89415 1.68240 1.64375 1.46519 1.22800 0.89995 0.33510 0.00000 0.00000 0.00000 0.00000 0.00000 0.00000 0.00000 0.00000 0.00000 0.00000 0.00000 0.00000 0.00000 0.00000 0.00000 0.00000 0.24516 0.57210 0.55962 0.23129 0.00000
3.90344 0.87707 0.23590 0.21633 0.13992 0.39486 1.23503 0.99619 1.48603 1.81764 3.89679 9.39412 10.93435 9.93994 5.09022 5.72564 4.44214 4.47348 9.03507 14.76146 17.09990 17.46451 16.67646 15.94235 14.80512 12.61680 10.47359 7.78653 5.67674 3.61336 3.76503 3.44567 2.51938 1.95080 1.64276 1.49658 1.36544 1.06748 0.53335 0.00000 0.00000 0.00000 0.00000 0.00000 0.00000 0.00000 0.00000 0.00000 0.00000 0.04898 0.00000 0.00000 0.00000 0.00000 0.00000 0.27555 0.68996 0.76762 0.32253 0.00000
5.06194 1.82098 0.57292 0.08538 0.00000 0.02257 0.03084 0.00000 0.03700 0.00000 0.00000 0.73062 0.43864 0.40209 0.54728 1.00008 1.63454 2.75810 4.92971 8.11262 11.15043 12.96530 11.96666 10.06766 7.78308 6.18034 5.08298 3.66887 2.93616 3.67191 4.83127 4.89587 4.12242 2.91458 2.08839 1.76365 1.61193 1.34734 0.83475 0.10461 0.00000 0.00000 0.00000 0.00000 0.00000 0.09508 0.26394 0.37491 0.45548 0.45865 0.13946 0.02524 0.00000 0.00000 0.00000 0.04654 0.54687 0.67545 0.36321 0.08525
4.26420 1.60072 0.20562 0.00000 0.00000 0.00000 0.00000 0.00000 0.00000 0.00000 0.00000 0.00000 0.00000 0.00000 0.00000 0.00000 1.50757 3.11431 4.79332 5.74867 4.98059 5.35523 5.34798 4.75502 4.33770 3.75801 3.05888 2.65163 2.72798 4.45672 6.65990 7.78439 7.25816 5.22842 3.35541 2.34443 1.79194 1.55410 1.15517 0.53133 0.07337 0.00000 0.00000 0.00000 0.06348 0.49931 1.11601 1.83927 2.27476 1.95684 1.05732 0.50484 0.26692 0.04622 0.00000 0.00000 0.19564 0.38158 0.57238 0.56135
1.64135 0.35772 0.00000 0.00000 0.00000 0.00000 0.00000 0.00000 0.00000 0.00000 0.00000 0.00000 0.00000 0.00000 0.00000 0.00000 0.98001 3.45095 7.23240 10.25923 4.86321 2.85207 2.91081 3.44036 3.61270 3.96093 3.76929 2.70504 2.40049 4.97417 9.00534 12.20978 12.74808 10.45613 7.31650 4.57189 2.82674 2.03063 1.60975 0.97378 0.43853 0.00000 0.00000 0.00000 0.32328 1.26379 2.67970 4.06637 5.41390 4.85779 3.64876 2.21048 1.14007 0.53146 0.08954 0.63586 0.77548 0.45296 0.29978 1.12052
0.04843 0.00000 0.00000 0.00000 0.00000 0.00000 0.00000 0.00000 0.00000 0.00000 0.12805 0.12398 0.05069 0.00000 0.09806 0.05162 0.14496 3.81521 9.89938 14.79490 6.92123 3.78546 4.53183 5.77049 5.22360 4.22240 3.45836 2.81144 2.72538 5.04611 9.58029 14.53895 16.53221 16.69957 13.84897 8.56267 4.48149 2.51913 1.84389 1.39641 0.66089 0.04707 0.00000 0.07495 0.63005 1.71170 3.37841 5.09631 7.09247 6.14103 5.62540 4.58619 3.15809 2.44033 1.80252 2.33111 2.31701 1.65566 1.49371 1.97369
0.00000 0.00000 0.00000 0.00000 0.00000 0.00000 0.00000 0.00000 0.00000 0.04870 0.16743 0.25618 0.25801 0.11020 0.29120 0.48751 0.59182 4.07103 8.40561 10.86109 8.41412 5.72085 7.08953 7.32296 9.03756 8.83780 4.34175 2.13860 1.76786 3.42997 7.19381 12.35964 16.73992 17.84108 16.85682 11.37411 5.68807 2.67040 2.05631 1.91480 1.12549 0.30977 0.07979 0.18044 0.63562 1.43906 2.97892 5.46209 6.70213 8.52025 7.81111 6.82077 6.48779 5.72084 4.81137 4.95251 6.01373 6.05359 5.20844 3.03376
0.00000 0.06691 0.33798 0.39328 0.41126 0.16151 0.00000 0.00000 0.00000 0.00000 0.04635 0.16071 0.23615 0.09822 0.08477 0.66509 2.15397 5.96600 9.68022 9.85888 9.12995 8.12497 8.84455 9.75155 12.04450 10.37414 4.96853 1.65317 1.44713 3.04825 6.26889 10.60399 14.96541 17.79489 18.69834 14.13877 8.73501 5.19200 4.09639 3.77042 2.68941 1.23997 0.51809 0.41586 0.50680 0.82291 1.87682 4.44550 10.65062 20.06088 20.52781 19.34206 10.26668 8.14454 7.60632 8.48504 9.50425 10.48785 9.85914 6.05353
2.21553 2.97204 3.87545 3.67021 2.42240 0.90333 0.08350 0.02466 0.00000 0.00000 0.03149 0.50474 1.96082 2.26264 0.76317 0.05236 1.64273 7.39565 14.32895 11.02561 6.48929 7.12980 9.51066 10.29169 10.20581 6.83991 2.73467 0.54759 1.84464 5.65266 7.51100 9.44994 12.16177 14.93887 15.55621 13.36378 9.65440 8.08223 7.54115 7.18527 5.25928 2.36729 0.90907 0.48385 0.39867 0.56418 2.68859 10.04335 21.18777 30.99039 38.40291 40.03399 26.99701 12.49906 10.66412 10.92713 11.59264 11.26458 10.17570 9.35934
10.60590 14.98231 15.21832 9.58736 4.35335 1.65762 0.47686 0.36257 0.33060 0.33294 0.87164 3.41178 6.92599 7.52771 3.89040 0.64917 0.97763 4.14468 6.22935 2.83791 1.96989 4.91530 8.28161 9.68438 9.36507 4.61493 1.02867 0.04631 2.19845 7.21658 12.87259 10.61355 9.35171 12.77697 15.12514 18.39775 12.55896 7.11947 9.70823 10.93457 6.95892 3.14308 0.50656 0.23343 0.29561 0.83163 3.96591 10.58993 17.96881 25.78276 30.49261 31.46566 30.97137 15.91429 12.52201 14.58435 14.63670 14.29056 9.85044 9.84810
20.63090 28.82422 27.05991 14.33578 5.08790 2.35185 1.31777 1.20855 1.65025 2.16927 3.76725 7.28256 10.41040 10.03210 5.60363 1.67006 1.21520 2.05139 1.70197 1.00460 1.54871 5.06567 8.14393 9.03628 7.16828 3.00267 0.48324 0.00000 0.80545 2.60362 6.36686 8.94135 8.02026 9.02419 13.73822 29.54762 18.97338 4.57558 9.43831 9.02657 5.15320 0.78503 0.00000 0.00000 0.00000 0.00000 1.75205 6.19947 7.73903 11.90757 15.46315 18.19549 19.99290 18.50052 14.45815 14.84698 13.68483 12.35169 9.21711 10.74802
21.94296 30.33050 27.37631 14.91563 5.83979 2.29424 1.19514 1.74287 2.97873 4.28388 6.15532 9.53346 8.80802 7.09084 4.83922 3.57164 3.72848 3.22099 1.07774 0.24938 1.90181 5.79324 7.63371 7.25352 4.53020 1.29080 0.05582 0.00000 0.08843 0.65968 2.55155 4.63408 4.48633 2.92001 1.97982 7.78994 7.49835 1.60189 1.91943 1.68510 0.65586 0.00000 0.00000 0.00000 0.00000 0.00000 0.18817 1.26511 1.54980 5.29184 9.82020 13.28806 15.63834 13.28636 10.65696 11.18113 10.42008 9.76022 9.96324 11.78406
13.59512 18.10237 14.44298 8.87330 4.46519 1.43948 0.53121 1.51909 2.86275 3.67622 4.43237 5.23599 3.73887 3.26669 3.39854 4.52495 6.44378 3.98175 1.20539 0.27179 0.52836 2.84667 4.88376 4.32228 1.95559 0.00000 0.00000 0.00000 0.00000 0.07906 0.13458 0.56186 0.91823 0.24139 1.85829 2.42500 5.12083 14.49213 7.55814 0.53011 0.00000 0.00000 0.27874 0.49510 0.36915 0.09586 0.17049 0.52203 0.56016 0.69267 5.05694 8.12454 7.88518 5.47066 6.58005 8.14569 7.70763 7.34667 9.28758 12.84079
5.44621 6.10171 2.68279 2.07026 2.15794 1.05498 0.70617 0.80033 1.38967 1.51171 1.10585 0.45529 0.44811 2.05216 1.56901 2.08614 2.61888 2.47659 3.03101 2.36434 1.88021 2.27269 2.18909 1.47629 0.13582 0.00000 0.00000 0.00000 0.00000 0.00000 0.00000 0.00000 0.00000 0.00000 0.56556 2.47084 6.43965 19.53597 11.30680 1.63259 0.00000 0.19767 2.62447 5.54129 3.99007 0.98905 0.03065 0.00000 0.00000 0.00000 0.79493 2.20476 2.85257 3.87645 5.04430 6.77930 7.06468 5.09807 5.62488 12.66574
2.56508 2.33441 0.90590 0.62448 1.31516 1.46834 1.22680 0.42227 0.25154 0.04094 0.00000 0.00000 0.26941 1.21293 0.15940 0.24938 4.36464 8.07899 9.80937 8.36400 6.52105 3.37643 1.87949 0.64921 0.00000 0.00000 0.00000 0.00000 0.00000 0.00000 0.00000 0.00000 0.00000 0.08758 0.52481 2.77488 4.86669 6.99835 5.39628 1.20448 1.10604 2.53758 4.36365 4.56981 4.18865 1.05306 0.00000 0.00000 0.00000 0.00000 0.00000 0.30999 2.16250 3.73469 4.50947 6.77869 8.09089 5.13280 2.36766 7.13311
2.40634 1.61855 0.77874 0.71811 1.58233 3.24319 1.78103 0.39145 0.03231 0.00000 0.00000 0.00000 0.00000 0.02417 0.05013 3.80120 14.22877 23.18865 18.04886 12.34646 8.00734 2.53972 1.49718 0.30089 0.00000 0.00000 0.00000 0.00000 0.00000 0.00000 0.10607 0.39090 0.07478 0.70438 2.45839 5.28984 6.16677 3.24561 0.35703 0.09103 1.55786 4.08349 8.39292 7.49791 3.66562 0.81150 0.00000 0.00000 0.00000 0.00000 0.04305 0.98918 2.44547 3.78435 4.80841 7.18773 7.61411 6.26609 3.41861 5.59393
3.79814 0.77138 0.88020 0.77990 1.12128 2.50013 1.50205 0.49762 0.00000 0.00000 0.00000 0.00000 0.00000 0.00000 0.00000 4.60100 16.89901 23.52017 16.14756 8.02152 4.39101 1.84983 1.37733 0.12351 0.54943 2.03138 2.31212 0.98300 0.49854 1.88236 3.02061 3.25497 1.68020 0.33740 3.86065 8.99192 12.32894 3.49057 0.08130 0.00000 0.66611 3.83643 8.20235 11.55804 5.83846 1.77511 0.08527 0.00000 0.00000 0.00000 0.13588 1.13340 2.78806 3.56044 3.70284 6.35420 8.19633 10.70267 9.04756 7.51854
2.83072 1.24443 1.81198 2.25436 3.18135 3.66567 2.36494 1.46207 0.12988 0.00000 0.08704 0.14344 0.04816 0.02055 0.82683 5.32558 14.68087 20.31230 8.56421 2.07053 1.58475 1.84385 1.60158 1.67224 4.05621 8.21136 9.62682 6.21347 4.32218 6.66107 8.98595 6.72373 2.60663 1.27630 1.11340 3.48668 6.80560 2.82731 0.63877 1.69983 3.79820 5.16495 7.37386 7.83030 5.42911 1.41324 0.41581 0.07628 0.00000 0.00000 0.12375 0.89576 2.70560 3.89250 4.62174 5.70665 9.12620 15.83691 18.46492 13.72069
1.01756 1.63136 2.84979 3.75938 6.62437 8.94766 6.45562 4.21651 1.69863 0.58385 0.56818 0.97365 0.86604 0.39147 0.74637 1.90330 5.66826 7.69518 3.70323 1.67844 1.90681 2.35730 2.21721 2.83032 6.25030 14.08076 18.98211 15.25535 11.94417 12.06095 13.59812 8.53019 2.73391 0.98363 0.58869 0.00000 0.90382 1.77887 2.16706 7.70498 15.91315 8.04365 6.29442 6.42966 8.51305 4.64751 1.15511 0.32320 0.13414 0.06759 0.10243 0.49014 1.80564 3.07104 3.53740 4.02754 9.47384 17.78432 22.07259 17.53651
4.53307 3.99036 3.61359 3.38356 5.12370 5.21460 6.25878 6.81903 4.03073 2.27931 1.97423 3.99447 3.33049 1.43475 0.25691 0.00000 0.00000 1.13904 2.61730 3.92329 4.02457 4.11326 3.40831 2.74775 5.36791 14.18822 20.75717 20.74533 18.21036 15.29507 11.46499 7.11481 3.85570 1.73876 0.49702 0.07457 0.00000 0.95674 2.13360 4.72723 7.14536 4.45077 3.49732 8.96544 14.16891 10.10051 3.52629 0.67022 0.27008 0.22383 0.24936 0.38860 0.93492 1.64135 2.08346 2.29218 7.58218 13.25413 14.59411 11.10991
9.62412 6.58853 3.77295 2.37315 2.29059 3.59050 8.95129 10.44763 8.78566 6.79181 7.05517 7.63983 4.14095 1.54224 0.00000 0.00000 0.02980 2.35655 6.69447 9.74533 7.77205 7.32974 4.96594 3.96027 6.37096 13.62695 19.80979 21.27374 20.94147 16.69053 9.92500 6.01103 3.76362 2.09168 2.79704 4.86299 1.18617 0.06854 1.08064 2.71239 3.07313 2.69539 2.57954 4.38160 9.25891 10.29808 5.93463 1.42651 0.36856 0.32997 0.34773 0.46355 0.82292 1.10906 1.55031 2.45698 5.86996 8.96797 7.26658 4.79754
10.70108 4.92680 1.65138 0.86876 0.45318 2.92638 8.08188 12.88121 14.76973 14.37301 16.51214 15.91630 8.86886 5.89352 2.24349 0.18812 0.31596 2.49389 5.94526 8.30508 7.46087 7.34279 5.25891 4.48831 6.99577 13.31653 20.67359 24.31975 25.16084 19.08876 10.02208 11.27845 13.41207 7.79611 7.54882 11.05815 7.56933 2.39333 1.96964 3.42457 5.38878 -99999.00000 -99999.00000 2.11728 2.63369 3.27630 4.77952 1.88101 0.41033 0.34584 0.39207 0.74770 1.08281 1.21592 1.37670 1.81125 4.35556 7.01941 5.44337 3.80527
7.91788 4.30545 2.23686 2.00999 3.56378 6.37171 15.60080 19.48223 15.59520 18.09330 28.31827 32.07580 25.64905 15.59978 5.57981 1.08020 0.62793 1.08785 1.98537 3.25997 4.08196 5.12812 5.18022 4.21035 7.31380 14.22580 19.16046 23.24301 24.20356 23.53794 24.96024 35.82461 41.04241 30.67602 21.21953 -99999.00000 -99999.00000 -99999.00000 -99999.00000 -99999.00000 -99999.00000 -99999.00000 -99999.00000 0.00000 0.00000 0.00000 0.97044 1.41891 0.54373 0.30777 0.57475 1.13418 1.41530 1.50434 1.92744 3.22208 5.99748 7.78849 6.27021 4.54537
4.62409 6.39158 5.54061 7.69523 -99999.00000 43.46667 47.92960 27.18434 8.90815 11.71634 25.73830 38.99490 40.73077 19.74736 4.86613 1.61238 0.54584 0.66842 0.46418 0.17948 1.79980 4.03499 5.15211 5.72573 9.50371 16.29182 21.14435 23.12009 20.59014 25.36348 41.08487 77.91158 73.15295 51.17862 -99999.00000 -99999.00000 -99999.00000 -99999.00000 -99999.00000 -99999.00000 -99999.00000 -99999.00000 -99999.00000 -99999.00000 0.00000 0.00000 0.00000 0.34270 0.60202 0.37991 0.79904 1.48887 1.79112 2.59762 5.27844 6.93121 7.56461 8.49096 8.72220 7.25502
-99999.00000 -99999.00000 -99999.00000 -99999.00000 -99999.00000 71.90682 65.43828 21.50944 6.85407 7.74456 14.89730 27.14457 40.60003 28.06871 11.82086 3.21204 0.08690 0.44019 0.03777 0.05112 1.18661 3.85508 6.12312 7.54951 10.20993 11.57275 17.83140 24.80916 25.24718 38.66763 54.27922 70.68783 63.86690 31.58629 -99999.00000 -99999.00000 -99999.00000 -99999.00000 -99999.00000 -99999.00000 -99999.00000 -99999.00000 -99999.00000 -99999.00000 -99999.00000 0.00000 0.00000 0.00000 0.14619 0.95772 1.63728 2.01296 2.64399 5.59458 8.03983 7.40703 7.03029 7.86669 9.97578 10.70444
