DATA/RAW-RASTER/CPC/2017/20170429.asc
ncols			60
nrows			40
xllcorner		70.0
yllcorner		20.0
cellsize		0.5
NODATA_value	-99999
0.00000 0.00000 0.00000 0.00000 0.00000 0.00000 0.00000 0.00000 0.00000 0.00000 0.00000 0.00000 0.00000 1.14903 3.39640 3.70775 2.18405 1.56509 2.84558 3.18353 2.06756 0.87718 0.31996 0.12025 0.04111 0.00000 0.00000 0.00000 0.00000 0.00000 0.00000 0.00000 0.00000 0.00000 0.00000 0.00000 0.00000 0.00000 0.00000 0.00000 0.00000 0.00000 0.00000 0.00000 0.00000 0.00000 0.00000 0.00000 0.00000 0.00000 0.00000 0.00000 0.00000 0.00000 0.00000 0.00000 0.00000 0.00000 0.00000 0.00000
0.07580 0.00000 0.00000 0.00000 0.00000 0.00000 0.00000 0.00000 0.00000 0.00000 0.00000 0.00000 0.00000 0.21238 0.48024 0.66341 0.60662 0.50890 0.94249 1.37042 1.14818 0.56182 0.20872 0.00000 0.00000 0.00000 0.00000 0.00000 0.00000 0.00000 0.00000 0.00000 0.00000 0.00000 0.00000 0.00000 0.00000 0.00000 0.00000 0.00000 0.00000 0.00000 0.00000 0.00000 0.00000 0.00000 0.00000 0.00000 0.00000 0.00000 0.00000 0.00000 0.00000 0.00000 0.00000 0.00000 0.00000 0.00000 0.00000 0.00000
0.50357 0.08045 0.00000 0.00000 0.00000 0.00000 0.00000 0.00000 0.00000 0.00000 0.00000 0.00000 0.00000 0.00000 0.00000 0.00000 0.06227 0.16625 0.27784 0.44292 0.28195 0.00000 0.00000 0.00000 0.00000 0.00000 0.00000 0.00000 0.00000 0.00000 0.00000 0.00000 0.00000 0.00000 0.00000 0.00000 0.00000 0.00000 0.00000 0.00000 0.00000 0.00000 0.00000 0.00000 0.00000 0.00000 0.00000 0.00000 0.00000 0.00000 0.00000 0.00000 0.00000 0.00000 0.00000 0.00000 0.00000 0.00000 0.00000 0.00000
0.52781 0.04090 0.00000 0.00000 0.00000 0.00000 0.00000 0.00000 0.00000 0.00000 0.00000 0.00000 0.00000 0.00000 0.00000 0.00000 0.00000 0.00000 0.00000 0.00000 0.00000 0.00000 0.00000 0.00000 0.00000 0.00000 0.00000 0.00000 0.00000 0.00000 0.00000 0.00000 0.00000 0.00000 0.00000 0.00000 0.00000 0.00000 0.00000 0.00000 0.00000 0.00000 0.00000 0.00000 0.00000 0.00000 0.00000 0.00000 0.00000 0.00000 0.00000 0.00000 0.00000 0.00000 0.00000 0.00000 0.00000 0.02545 0.06916 0.09183
0.08841 0.00000 0.00000 0.00000 0.00000 0.00000 0.00000 0.00000 0.00000 0.00000 0.00000 0.00000 0.00000 0.00000 0.00000 0.00000 0.00000 0.00000 0.00000 0.00000 0.00000 0.00000 0.00000 0.00000 0.00000 0.00000 0.00000 0.00000 0.00000 0.00000 0.00000 0.00000 0.00000 0.00000 0.00000 0.00000 0.00000 0.00000 0.00000 0.00000 0.00000 0.00000 0.00000 0.02642 0.00000 0.00000 0.00000 0.00000 0.00000 0.00000 0.00000 0.00000 0.00000 0.00000 0.00000 0.00000 0.00000 0.05589 0.20792 0.28202
0.00000 0.00000 0.00000 0.00000 0.00000 0.00000 0.00000 0.00000 0.00000 0.00000 0.00000 0.00000 0.00000 0.00000 0.00000 0.00000 0.00000 0.00000 0.00000 0.00000 0.00000 0.00000 0.00000 0.00000 0.00000 0.00000 0.00000 0.00000 0.00000 0.00000 0.00000 0.00000 0.00000 0.00000 0.00000 0.00000 0.00000 0.00000 0.00000 0.02129 0.03134 0.05245 0.09749 0.18353 0.27160 0.24482 0.18406 0.12554 0.04845 0.00000 0.00000 0.00000 0.00000 0.00000 0.00000 0.00000 0.00000 0.05230 0.23136 0.30270
0.00000 0.00000 0.00000 0.00000 0.00000 0.00000 0.00000 0.00000 0.00000 0.04868 0.11451 0.07242 0.04615 0.00000 0.00000 0.00000 0.00000 0.00000 0.00000 0.00000 0.00000 0.00000 0.00000 0.00000 0.00000 0.00000 0.00000 0.00000 0.00000 0.00000 0.00000 0.00000 0.00000 0.00000 0.00000 0.00000 0.00000 0.03675 0.06033 0.09610 0.15328 0.27094 0.47757 0.74102 0.90929 0.87941 0.64087 0.32550 0.11084 0.02404 0.00000 0.00000 0.00000 0.00000 0.00000 0.00000 0.00000 0.00000 0.15501 0.36193
0.00000 0.13855 0.10372 0.04043 0.13609 0.19023 0.17868 0.05918 0.17148 0.68990 1.39022 1.37224 0.94977 0.34938 0.11569 0.04049 0.00000 0.00000 0.00000 0.00000 0.00000 0.00000 0.00000 0.00000 0.00000 0.00000 0.00000 0.00000 0.00000 0.00000 0.00000 0.00000 0.00000 0.00000 0.00000 0.02027 0.06619 0.11801 0.19345 0.30739 0.48619 0.79357 1.23571 1.65680 1.76437 1.68841 1.37837 0.80761 0.32029 0.10319 0.08449 0.05706 0.03001 0.00000 0.00000 0.00000 0.00000 0.00000 0.12065 0.67968
0.17834 0.77073 0.75769 0.46743 0.84821 0.74811 0.35908 0.16328 0.86238 1.73215 3.03970 3.84867 3.82994 2.96322 1.27322 0.28985 0.07037 0.00000 0.00000 0.00000 0.00000 0.00000 0.00000 0.00000 0.00000 0.00000 0.00000 0.00000 0.00000 0.00000 0.00000 0.00000 0.00000 0.00000 0.03679 0.10352 0.17445 0.27199 0.40147 0.57941 0.83041 1.15283 1.53493 1.90312 2.17308 2.35974 2.29580 1.84183 1.06825 0.65545 0.66042 0.85040 0.81322 0.36160 0.17139 0.08338 0.05603 0.17896 0.75978 1.72233
0.51559 1.50585 2.45337 3.39710 2.40468 1.20918 0.50403 0.48787 1.38948 3.47279 4.46081 4.78419 5.33329 5.70717 5.12523 2.80719 0.65441 0.07970 0.04243 0.02336 0.00000 0.00000 0.00000 0.00000 0.00000 0.00000 0.00000 0.00000 0.00000 0.00000 0.00000 0.00000 0.00000 0.00000 0.00000 0.08228 0.27284 0.38980 0.49867 0.62338 0.76040 0.92178 1.12241 1.39960 1.81547 2.27907 2.46957 2.36056 2.23450 2.35443 2.83915 3.30323 3.06873 1.97508 0.79287 0.22922 0.16596 0.71200 2.25525 4.04126
0.34735 1.15215 2.29300 2.44818 1.02957 0.34215 0.06775 0.94289 2.96397 7.41273 9.73240 6.20798 5.52515 6.01447 6.39119 6.09792 2.79143 0.35445 0.16119 0.08251 0.04457 0.02625 0.00000 0.00000 0.00000 0.00000 0.00000 0.00000 0.00000 0.00000 0.00000 0.00000 0.00000 0.00000 0.00000 0.03037 0.19072 0.32762 0.39764 0.45884 0.50305 0.54803 0.58964 0.65306 0.85758 1.34717 1.83429 2.13779 2.72702 3.86452 5.00847 5.51481 5.18941 3.67047 1.64674 0.59006 0.52509 2.00935 5.70459 8.77993
0.12373 0.44630 0.93838 0.83552 0.19855 0.00000 0.00000 0.91503 3.09994 8.39161 17.08375 12.33207 7.23173 6.11687 5.91717 5.01522 3.01518 0.80988 0.25549 0.09527 0.04481 0.02361 0.00000 0.00000 0.00000 0.00000 0.00000 0.02400 0.03580 0.00000 0.00000 0.00000 0.00000 0.00000 0.00000 0.06174 0.10974 0.16152 0.22353 0.28514 0.30349 0.28040 0.23932 0.18176 0.13407 0.35945 0.91366 1.64517 2.79562 4.19054 5.37250 5.94509 5.81895 4.73534 2.93286 2.02318 2.77853 5.85256 10.54452 13.62201
0.02439 0.13941 0.32182 0.15922 0.00000 0.06115 0.39247 2.70537 7.25662 15.33992 26.58754 23.04911 11.72552 6.53530 5.68374 4.39939 2.46204 0.75782 0.23056 0.06962 0.02776 0.00000 0.00000 0.00000 0.00000 0.00000 0.02712 0.04859 0.07355 0.07681 0.04433 0.00000 0.00000 0.00000 0.00000 0.00000 0.00000 0.03025 0.05380 0.10530 0.18267 0.17203 0.12809 0.08136 0.06245 0.19294 0.55200 1.19603 2.16315 3.11329 4.00462 4.64302 4.54972 3.62357 2.70731 2.96575 5.26965 9.51700 13.56123 14.84418
0.00000 0.00000 0.00000 0.05727 0.68718 1.76783 3.64723 6.29242 8.44276 17.03020 24.00035 20.36222 17.69672 13.98427 11.08145 4.20269 1.68086 0.68137 0.19641 0.04223 0.00000 0.00000 0.00000 0.00000 0.00000 0.03564 0.05768 0.09914 0.14344 0.13755 0.06550 0.00000 0.00000 0.00000 0.00000 0.00000 0.00000 0.00000 0.03574 0.06297 0.10792 0.17711 0.19501 0.17478 0.17512 0.27107 0.50742 0.85426 1.16968 1.31308 1.46172 2.05150 2.21959 1.66873 1.44391 2.21446 4.76022 8.78024 11.65918 11.93139
0.00000 0.00000 0.00000 0.30931 0.92603 2.20160 4.57708 5.79176 4.24222 4.64023 9.39514 12.96381 16.66155 13.36928 7.07373 2.28206 1.59979 0.78772 0.24522 0.04210 0.00000 0.00000 0.00000 0.02860 0.05479 0.09115 0.12986 0.24358 0.48294 0.37941 0.09247 0.00000 0.00000 0.00000 0.00000 0.00000 0.00000 0.00000 0.02347 0.04994 0.11015 0.21833 0.33628 0.40981 0.43958 0.45211 0.54488 0.63113 0.71895 0.64036 0.50850 0.90682 1.22404 1.14941 1.14732 1.68590 2.82058 4.45568 5.64782 5.30730
0.00000 0.00000 0.00000 0.15260 0.32842 0.75647 2.07615 2.62735 1.51901 1.57180 4.18329 8.11531 11.62553 8.93758 5.46438 3.96585 2.09423 1.06003 0.45445 0.13204 0.04315 0.04929 0.05885 0.08820 0.15438 0.19848 0.30850 0.63787 0.92489 0.76605 0.28575 0.00000 0.00000 0.00000 0.00000 0.00000 0.00000 0.00000 0.00000 0.02722 0.07702 0.21329 0.42294 0.56191 0.60135 0.56956 0.54619 0.57933 0.76335 1.10237 1.37796 1.57449 1.48881 1.29784 1.26487 1.39313 1.60742 1.84782 2.05509 1.82150
0.00000 0.00000 0.00000 0.02521 0.05870 0.21146 0.67961 0.85898 0.82073 1.97160 2.80794 3.90388 5.06496 6.60317 4.49769 5.05057 3.14557 1.76050 1.23223 0.66193 0.37297 0.30531 0.27895 0.31907 0.38413 0.47948 0.65245 1.18606 1.46992 1.27221 0.71470 0.09572 0.00000 0.00000 0.00000 0.00000 0.00000 0.00000 0.00000 0.00000 0.03928 0.17593 0.44415 0.63570 0.68058 0.64555 0.61469 0.60347 0.96928 1.96627 3.05402 3.36599 2.47968 1.58608 1.25393 1.18470 1.15527 1.18341 1.09444 0.71859
0.00000 0.00000 0.00000 0.00000 0.00000 0.02114 0.24428 0.39674 0.57086 1.37570 1.61857 1.13066 1.33506 4.06299 6.21271 5.98109 4.96936 3.41970 2.87234 2.05771 1.46172 1.19145 1.05293 0.84996 0.74624 0.86818 1.19453 1.69079 1.92950 1.68805 1.06923 0.38463 0.00000 0.00000 0.00000 0.00000 0.00000 0.00000 0.00000 0.00000 0.02399 0.14262 0.40623 0.60829 0.69302 0.76944 0.86613 1.04980 1.60223 2.80995 3.85529 3.91234 2.77428 1.56129 1.16195 1.14166 1.16906 1.21255 1.13564 0.96212
0.00000 0.00000 0.00000 0.00000 0.00000 0.00000 0.00000 0.17705 0.44206 0.85795 1.09130 1.19020 2.40316 2.44859 4.25920 5.54836 7.40867 7.26897 5.27546 4.15548 2.95095 2.07988 1.59366 1.29645 1.33503 1.58054 1.94827 2.21992 2.45168 2.37237 1.66499 0.77544 0.13687 0.00000 0.00000 0.00000 0.00000 0.00000 0.00000 0.00000 0.02744 0.11021 0.27545 0.49687 0.69548 1.02112 1.61986 2.49201 3.39375 4.02542 3.82720 3.23071 2.50707 1.69787 1.25665 1.15641 1.26027 1.46880 1.79875 2.29667
0.00000 0.00000 0.00000 0.00000 0.00000 0.00000 0.00000 0.03939 0.15138 0.39285 1.40018 2.84173 5.18357 4.00891 3.19578 3.98918 6.22425 6.90354 7.29235 7.53757 4.24854 2.28254 1.52911 1.48915 1.58098 1.76723 2.23789 2.95309 3.08084 3.17972 2.49887 1.19015 0.28460 0.07470 0.00000 0.00000 0.00000 0.00000 0.00000 0.00000 0.00000 0.04328 0.08969 0.25019 0.58357 1.37613 2.99691 4.49555 6.14022 6.66302 6.07580 4.38828 2.75120 1.80252 1.28578 1.16270 1.28319 1.45003 1.93859 3.24558
0.00000 0.00000 0.00000 0.00000 0.00000 0.00000 0.00000 0.00000 0.00000 0.16543 1.06342 1.89096 3.17690 3.16818 2.25126 1.73812 1.79927 3.27669 5.77620 7.30797 3.64884 1.42608 1.13999 1.62277 1.74831 1.73473 2.16247 3.31818 4.32947 4.47236 3.30169 1.69010 0.59729 0.16890 0.08938 0.02473 0.00000 0.00000 0.00000 0.00000 0.00000 0.00000 0.00000 0.09847 0.40187 1.34764 3.19853 5.20569 7.61472 7.75243 7.68082 6.17206 3.51900 1.97782 1.13579 1.00316 1.08543 1.25674 1.72224 2.72748
0.00000 0.00000 0.00000 0.00000 0.00000 0.00000 0.00000 0.00000 0.03177 0.49463 0.74505 0.70683 1.65557 2.11491 1.29389 0.48271 0.32794 1.22464 2.90329 3.92380 2.03739 0.46790 0.70819 1.33116 1.99366 2.41965 2.92920 4.09680 4.74948 4.65959 3.54651 1.98048 0.75182 0.22149 0.15116 0.18565 0.12942 0.05812 0.04079 0.04033 0.00000 0.00000 0.00000 0.07398 0.23855 0.80550 2.31930 5.16885 7.20963 8.81976 8.42297 6.88149 4.76697 2.54759 1.19778 0.68301 0.70685 0.82462 1.06794 1.17320
0.00000 0.00000 0.00000 0.00000 0.00000 0.00000 0.00000 0.00000 0.22718 0.70259 1.66480 2.21764 2.36475 2.59792 1.62747 0.46048 0.11520 0.17360 0.31179 0.62605 0.58602 0.24765 0.32616 0.59850 1.58886 2.84144 4.94379 6.99939 6.92070 5.49723 4.19345 2.63533 1.12597 0.29864 0.21520 0.68863 1.00370 0.72836 0.41642 0.26769 0.11109 0.00000 0.07259 0.10698 0.09422 0.27987 1.23395 3.65198 7.95447 12.33613 11.02127 9.38858 5.10795 2.69292 1.00119 0.39299 0.27402 0.22705 0.32225 0.32826
0.00000 0.00000 0.00000 0.00000 0.00000 0.00000 0.00000 0.04824 0.19141 0.37004 2.02616 3.44194 2.61162 2.29945 1.76895 0.72862 0.18841 0.05265 0.00000 0.02901 0.00000 0.18616 0.32085 0.47620 1.14589 2.34900 4.44956 7.71421 9.42862 7.58780 5.46064 4.08995 2.34245 1.18208 1.15052 2.19768 3.31434 2.58790 1.02087 0.69497 0.61011 0.46449 0.56089 0.42930 0.23079 0.35787 1.66254 4.94689 8.17734 9.31139 9.27657 9.30727 5.97017 2.64656 0.87475 0.20057 0.08121 0.02794 0.06179 0.03860
0.00000 0.00000 0.00000 0.00000 0.00000 0.00000 0.02156 0.11752 0.41596 0.38534 0.81804 1.59696 1.21548 0.98518 1.32855 1.20012 0.84005 0.63524 0.04395 0.00000 0.03386 0.20346 0.47888 0.70066 0.92523 1.19260 1.63112 3.54078 5.55716 5.76089 6.66119 5.60186 4.32821 3.58050 3.55284 5.99071 10.11982 7.13395 2.31294 2.31648 2.45619 3.41088 2.92701 1.91866 2.11198 3.25865 4.53555 5.43040 5.71715 5.56013 5.16756 5.20172 4.98906 2.19569 0.83430 0.35205 0.12878 0.03003 0.00000 0.00000
0.00000 0.00000 0.00000 0.00000 0.00000 0.03307 0.30147 0.81999 1.30497 1.09333 0.66268 0.45605 0.23416 0.48271 1.51126 2.66503 2.52333 1.39703 0.49261 0.17255 0.08844 0.15726 0.34954 0.53906 0.54763 0.37480 0.23836 0.85478 1.79177 1.68968 2.96480 4.50938 5.25740 4.76927 3.73252 8.37283 16.90054 17.10797 9.95938 5.71190 6.42194 11.20453 12.57694 8.81355 11.16049 11.40731 8.69676 5.03978 3.36075 3.23789 3.31159 3.37014 3.23708 2.62947 1.84391 1.08695 0.53806 0.15695 0.00000 0.00000
0.00000 0.00000 0.00000 0.00000 0.00000 0.04121 0.40761 1.42829 2.57418 2.74112 1.49315 0.28820 0.00000 0.26239 1.27175 2.13655 1.94661 1.17031 0.53177 0.27797 0.30510 0.18065 0.16798 0.27911 0.25256 0.10158 0.02375 0.07743 0.09883 0.20446 0.66665 1.61216 2.45015 1.78662 0.67981 1.89788 3.47050 5.82787 5.22059 5.77862 10.34513 16.32437 15.72712 13.73728 13.23685 11.72304 7.52834 2.51127 1.36542 1.93040 2.45167 2.75008 2.98400 2.40271 2.18604 2.01138 1.39129 0.63997 0.14496 0.02160
0.00000 0.00000 0.00000 0.00000 0.00000 0.04509 0.45396 1.82705 3.34606 3.60581 2.22488 0.42397 0.00000 0.00000 0.32584 0.66445 0.42986 0.32848 0.09992 0.14334 0.34350 0.33110 0.20662 0.17875 0.12404 0.03377 0.00000 0.00000 0.00000 0.00000 0.00000 0.04775 0.14246 0.00000 0.00000 0.00000 0.00000 0.00000 0.55453 4.80314 12.54692 17.79663 13.25298 8.38213 5.32248 4.16659 3.06811 0.79213 0.06929 0.69137 1.38835 1.87838 1.57933 1.05023 1.51267 1.99625 1.77290 0.99636 0.34522 0.07824
0.00000 0.00000 0.00000 0.00000 0.00000 0.03798 0.89077 2.47572 4.44706 4.81142 2.41576 0.16487 0.00000 0.00000 0.00000 0.04483 0.05284 0.00000 0.00000 0.00000 0.07021 0.16272 0.13514 0.08739 0.08180 0.06553 0.00000 0.00000 0.00000 0.00000 0.00000 0.00000 0.00000 0.00000 0.00000 0.00000 0.00000 0.00000 0.45223 4.94488 13.77200 23.74166 36.54666 24.41702 9.86065 3.06697 0.35583 0.03226 0.00000 0.07028 0.56794 0.75095 0.51467 0.75030 1.17908 1.89622 2.21505 1.33406 0.40702 0.09166
0.00000 0.00000 0.00000 0.00000 0.00000 0.03021 0.86249 2.07840 3.99110 4.85970 2.19262 0.21355 0.00000 0.00000 0.00000 0.00000 0.00000 0.00000 0.00000 0.00000 0.00000 0.00000 0.00000 0.00000 0.03848 0.03396 0.00000 0.00000 0.00000 0.00000 0.00000 0.00000 0.00000 0.00000 0.00000 0.00000 0.02012 0.04387 0.06019 3.99241 16.35704 40.34019 79.42179 94.06564 33.06104 7.42018 0.87600 0.60903 0.28723 0.06840 0.00000 0.13515 0.35605 0.64878 0.88340 1.77960 2.73294 1.74351 0.33025 0.09438
0.00000 0.00000 0.00000 0.00000 0.00000 0.00000 0.39380 0.61572 1.28871 1.71324 1.63373 0.71082 0.00000 0.00000 0.00000 0.00000 0.00000 0.00000 0.00000 0.00000 0.00000 0.00000 0.00000 0.00000 0.00000 0.00000 0.00000 0.00000 0.00000 0.00000 0.00000 0.00000 0.00000 0.11339 0.19240 0.58594 0.79445 0.92827 0.59634 3.82109 16.29998 30.43259 43.50492 27.03869 11.58300 6.14658 2.79697 1.88988 1.52278 1.14538 0.76902 0.31236 0.32189 0.43013 0.64056 1.33249 1.91027 1.46916 0.39931 0.11895
0.00000 0.00000 0.00000 0.00000 0.00000 0.00000 0.03006 0.13665 0.66952 1.45720 2.61057 2.23936 0.77635 0.00000 0.00000 0.00000 0.00000 0.00000 0.00000 0.00000 0.00000 0.00000 0.00000 0.00000 0.00000 0.00000 0.00000 0.00000 0.00000 0.00000 0.00000 0.00000 0.00000 0.98310 4.29472 5.52330 1.96129 1.64278 1.15181 1.92130 8.52091 11.60039 9.72183 4.18017 1.85790 2.39040 1.64175 1.75955 1.74215 1.40299 0.94540 0.40701 0.23049 0.18896 0.16233 0.35017 0.67119 0.67516 0.24448 0.06111
0.00000 0.00000 0.00000 0.00000 0.00000 0.00000 0.00000 0.02866 0.59982 1.33814 4.05676 6.38017 2.46160 0.19780 0.00000 0.00000 0.00000 0.00000 0.00000 0.00000 0.00000 0.00000 0.00000 0.00000 0.00000 0.00000 0.00000 0.00000 0.00000 0.00000 0.00000 0.00000 0.00000 1.02654 4.36448 9.59795 3.39726 0.33591 0.57826 2.02503 6.69541 6.06418 3.15723 1.80677 1.02729 0.65240 0.67074 0.78127 0.75238 0.67586 0.45975 0.17634 0.14483 0.08991 0.05652 0.04730 0.15898 0.11614 0.00000 0.00000
0.00000 0.00000 0.00000 0.00000 0.00000 0.00000 0.00000 0.00000 0.26526 0.93168 4.81464 11.47911 4.66598 0.74841 0.00000 0.00000 0.00000 0.00000 0.00000 0.00000 0.00000 0.00000 0.00000 0.00000 0.00000 0.00000 0.00000 0.00000 0.00000 0.00000 0.00000 0.00000 0.00000 0.06582 0.59373 2.27067 0.83034 0.00000 0.03425 0.55559 1.60315 1.89230 1.72067 0.85775 0.36299 0.24496 0.17746 0.19427 0.20363 0.24966 0.21734 0.05382 0.08343 0.04015 0.02153 0.02297 0.03469 0.00000 0.00000 0.00000
0.00000 0.00000 0.00000 0.00000 0.00000 0.00000 0.00000 0.00000 0.19122 1.55981 3.42295 4.00608 3.14551 0.68130 0.00000 0.00000 0.00000 0.00000 0.00000 0.00000 0.00000 0.00000 0.00000 0.00000 0.00000 0.00000 0.00000 0.00000 0.00000 0.00000 0.00000 0.00000 0.00000 0.00000 0.00000 0.00000 0.00000 0.00000 0.00000 0.00000 0.00000 0.03228 0.04051 0.00000 0.00000 0.00000 0.02049 0.05558 0.10135 0.15090 0.13592 0.00000 0.04483 0.00000 0.00000 0.00000 0.00000 0.00000 0.02408 0.04643
0.00000 0.00000 0.00000 0.00000 0.00000 0.00000 0.00000 0.00000 0.00000 0.49082 0.76560 0.54055 0.61377 0.07568 0.00000 0.00000 0.00000 0.00000 0.00000 0.00000 0.00000 0.00000 0.00000 0.00000 0.00000 0.00000 0.00000 0.00000 0.00000 0.00000 0.00000 0.00000 0.09718 0.20820 0.00000 0.00000 0.00000 0.00000 0.00000 0.00000 0.00000 0.00000 0.00000 0.00000 0.00000 0.00000 0.00000 0.00000 0.00000 0.04508 0.07313 0.00000 0.00000 0.00000 0.00000 0.00000 0.05174 0.15733 0.25938 0.38781
0.00000 0.00000 0.00000 0.00000 0.00000 0.00000 0.00000 0.00000 0.00000 0.00000 0.00000 0.00000 0.00000 0.00000 0.00000 0.00000 0.00000 0.00000 0.00000 0.00000 0.00000 0.00000 0.00000 0.00000 0.00000 0.00000 0.00000 0.00000 0.00000 0.00000 0.00000 0.00000 0.14539 0.21947 0.03865 0.00000 0.00000 0.00000 0.00000 0.00000 0.00000 -99999.00000 -99999.00000 0.00000 0.00000 0.00000 0.00000 0.00000 0.00000 0.00000 0.00000 0.00000 0.00000 0.00000 0.00000 0.00000 0.22155 0.60240 0.93346 1.29642
0.00000 0.00000 0.00000 0.00000 0.00000 0.00000 0.00000 0.00000 0.00000 0.00000 0.00000 0.00000 0.00000 0.00000 0.00000 0.00000 0.00000 0.00000 0.00000 0.00000 0.00000 0.00000 0.00000 0.00000 0.00000 0.00000 0.00000 0.00000 0.00000 0.00000 0.00000 0.00000 0.00000 0.00000 0.00000 -99999.00000 -99999.00000 -99999.00000 -99999.00000 -99999.00000 -99999.00000 -99999.00000 -99999.00000 0.00000 0.00000 0.00000 0.00000 0.00000 0.00000 0.00000 0.00000 0.00000 0.00000 0.02578 0.06788 0.23499 0.73378 1.56088 2.14456 2.80276
0.00000 0.00000 0.00000 0.00000 -99999.00000 0.00000 0.00000 0.00000 0.00000 0.00000 0.00000 0.00000 0.00000 0.00000 0.00000 0.00000 0.00000 0.00000 0.00000 0.00000 0.00000 0.00000 0.00000 0.00000 0.00000 0.00000 0.00000 0.00000 0.00000 0.00000 0.00000 0.00000 0.00000 0.00000 -99999.00000 -99999.00000 -99999.00000 -99999.00000 -99999.00000 -99999.00000 -99999.00000 -99999.00000 -99999.00000 -99999.00000 0.00000 0.00000 0.00000 0.00000 0.00000 0.00000 0.00000 0.00000 0.00000 0.00000 0.09197 0.35523 0.86716 1.82238 2.82355 3.77209
-99999.00000 -99999.00000 -99999.00000 -99999.00000 -99999.00000 0.00000 0.00000 0.00000 0.00000 0.00000 0.00000 0.00000 0.00000 0.00000 0.00000 0.00000 0.00000 0.00000 0.00000 0.00000 0.00000 0.00000 0.00000 0.03039 0.00000 0.00000 0.00000 0.00000 0.00000 0.00000 0.00000 0.00000 0.00000 0.00000 -99999.00000 -99999.00000 -99999.00000 -99999.00000 -99999.00000 -99999.00000 -99999.00000 -99999.00000 -99999.00000 -99999.00000 -99999.00000 0.00000 0.00000 0.00000 0.00000 0.00000 0.00000 0.00000 0.00000 0.00000 0.00000 0.14835 0.48037 1.20438 2.19776 3.11128
