DATA/RAW-RASTER/CPC/2017/20170717.asc
ncols			60
nrows			40
xllcorner		70.0
yllcorner		20.0
cellsize		0.5
NODATA_value	-99999
0.00000 0.05347 0.21323 0.24070 0.21888 0.16663 0.18459 0.40330 1.14291 2.97494 4.54057 4.53824 4.41147 5.09544 7.71398 11.68443 15.30420 15.77616 13.26965 9.16036 4.63291 1.82527 0.74464 0.38793 0.24366 0.14102 0.00000 0.00000 0.00000 0.00000 0.00000 0.00000 0.00000 0.00000 0.00000 0.00000 0.00000 0.04140 0.13677 0.36233 0.67295 0.89014 0.90767 0.68994 0.43074 0.26602 0.18443 0.06451 0.00000 0.00000 0.00000 0.00000 0.00000 0.00000 0.00000 0.00000 0.00000 0.00000 0.00000 0.00000
0.00000 0.04645 0.32171 0.36720 0.21139 0.00000 0.00000 0.04851 0.69072 2.07505 3.24588 3.40741 3.35199 3.38136 4.44035 7.37887 11.04959 12.79625 12.02883 9.53995 6.08949 3.29075 1.71229 0.95311 0.59944 0.39005 0.02034 0.00000 0.00000 0.00000 0.00000 0.00000 0.00000 0.00000 0.00000 0.00000 0.00000 0.05251 0.21863 0.60854 1.10394 1.36901 1.36831 0.99865 0.53492 0.29858 0.22875 0.19534 0.11187 0.02180 0.00000 0.00000 0.00000 0.00000 0.00000 0.00000 0.00000 0.00000 0.00000 0.00000
0.00000 0.00000 0.09595 0.17444 0.06522 0.00000 0.00000 0.00000 0.16199 1.05341 2.38091 2.80109 2.21563 1.48574 1.27620 2.41686 4.59403 6.37647 6.85545 6.05193 4.53244 3.13821 2.10262 1.44660 1.01965 0.72234 0.25601 0.00000 0.00000 0.00000 0.00000 0.00000 0.00000 0.00000 0.00000 0.00000 0.02440 0.11992 0.47496 1.07907 1.46983 1.54485 1.41897 1.11704 0.62972 0.30334 0.21325 0.19005 0.14965 0.04439 0.00000 0.00000 0.00000 0.00000 0.00000 0.00000 0.00000 0.00000 0.00000 0.00000
0.00000 0.00000 0.00000 0.00000 0.00000 0.00000 0.00000 0.00000 0.00000 0.33875 1.13118 1.64830 1.21331 0.46657 0.20079 0.58474 1.20475 1.80225 2.16252 2.06423 1.72790 1.45859 1.28078 1.13404 0.98419 0.58333 0.25367 0.03132 0.00000 0.00000 0.00000 0.00000 0.00000 0.00000 0.02259 0.04187 0.10106 0.29975 0.78902 1.27839 1.41782 1.45570 1.37250 1.13505 0.72692 0.38082 0.23825 0.17820 0.07999 0.00000 0.00000 0.00000 0.00000 0.00000 0.00000 0.00000 0.00000 0.00000 0.00000 0.00000
0.00000 0.00000 0.00000 0.00000 0.00000 0.00000 0.00000 0.00000 0.00000 0.09357 0.50818 0.74740 0.58895 0.29220 0.19749 0.26088 0.32283 0.47593 0.61818 0.60466 0.56183 0.57235 0.60834 0.64275 0.66070 0.58049 0.25721 0.18640 0.04068 0.00000 0.00000 0.00000 0.02779 0.04088 0.06452 0.11698 0.24722 0.55392 1.04827 1.41894 1.60700 1.58762 1.45430 1.20273 0.82586 0.46411 0.25463 0.12972 0.00000 0.00000 0.00000 0.00000 0.00000 0.00000 0.00000 0.00000 0.00000 0.00000 0.00000 0.00000
0.00000 0.00000 0.00000 0.00000 0.00000 0.00000 0.00000 0.00000 0.00000 0.00000 0.13199 0.14973 0.35594 0.25711 0.20986 0.21683 0.22870 0.28475 0.33622 0.32877 0.33166 0.36059 0.39862 0.43882 0.47139 0.49959 0.32487 0.26637 0.12534 0.00000 0.02649 0.04320 0.05703 0.08315 0.13257 0.23295 0.43859 0.79122 1.21136 1.50596 1.65013 1.70625 1.56119 1.23079 0.74874 0.37612 0.10288 0.00000 0.00000 0.00000 0.00000 0.00000 0.00000 0.00000 0.00000 0.00000 0.00000 0.00000 0.00000 0.00000
0.00000 0.00000 0.00000 0.00000 0.00000 0.00000 0.00000 0.00000 0.00000 0.00000 0.00000 0.00000 0.15554 0.21129 0.23618 0.25263 0.27499 0.31072 0.32458 0.32268 0.32722 0.33172 0.34672 0.36518 0.41336 0.43992 0.36890 0.35016 0.26429 0.02302 0.08259 0.08051 0.10059 0.14536 0.22682 0.37453 0.62311 0.96325 1.29496 1.49468 1.52955 1.53623 1.31250 0.91418 0.48017 0.18476 0.00000 0.00000 0.00000 0.00000 0.00000 0.00000 0.00000 0.00000 0.00000 0.00000 0.00000 0.00000 0.00000 0.00000
0.00000 0.00000 0.00000 0.00000 0.00000 0.00000 0.00000 0.03763 0.08910 0.10154 0.08623 0.04480 0.10744 0.19300 0.23709 0.26234 0.28989 0.32234 0.34073 0.34412 0.35670 0.35548 0.37159 0.39739 0.40782 0.40831 0.40840 0.39263 0.32384 0.14316 0.14136 0.12776 0.15957 0.22391 0.33321 0.50509 0.73918 0.99918 1.17915 1.23936 1.25096 1.13284 0.84159 0.50129 0.20058 0.05808 0.00000 0.00000 0.00000 0.00000 0.00000 0.00000 0.00000 0.00000 0.00000 0.00000 0.00000 0.00000 0.00000 0.00000
0.00000 0.00000 0.00000 0.00000 0.00000 0.00000 0.03800 0.17800 0.21394 0.19510 0.14927 0.02959 0.00000 0.09852 0.24784 0.27589 0.29387 0.31738 0.33118 0.34517 0.35715 0.37538 0.38867 0.39530 0.39730 0.39483 0.39038 0.37668 0.33244 0.21906 0.19838 0.18565 0.22248 0.30200 0.41820 0.56531 0.74101 0.87209 0.91548 0.89697 0.77410 0.57041 0.33962 0.15509 0.05609 0.00000 0.00000 0.00000 0.00000 0.00000 0.00000 0.00000 0.00000 0.00000 0.00000 0.00000 0.00000 0.00000 0.00000 0.00000
0.00000 0.00000 0.00000 0.00000 0.00000 0.16688 0.56544 0.42915 0.31502 0.25087 0.06824 0.00000 0.00000 0.00000 0.05233 0.23766 0.27899 0.29050 0.31234 0.30993 0.31756 0.33227 0.33731 0.33404 0.33033 0.32571 0.32483 0.32096 0.29721 0.22722 0.06984 0.21107 0.27220 0.33179 0.37643 0.49849 0.73278 0.69883 0.56848 0.42457 0.27394 0.15227 0.07344 0.02989 0.00000 0.00000 0.00000 0.00000 0.00000 0.00000 0.00000 0.00000 0.00000 0.00000 0.00000 0.00000 0.00000 0.00000 0.00000 0.00000
0.00000 0.00000 0.00000 0.00000 0.08807 0.85133 2.36383 1.87768 0.64587 0.21276 0.00000 0.00000 0.00000 0.00000 0.02348 0.03686 0.11142 0.24438 0.26487 0.24990 0.24148 0.23080 0.21754 0.19416 0.18734 0.20997 0.25831 0.27074 0.14354 0.08931 0.00000 0.04792 0.14488 0.09347 0.00000 0.13973 0.20695 0.16395 0.16167 0.10211 0.05775 0.02211 0.00000 0.00000 0.00000 0.00000 0.00000 0.00000 0.00000 0.00000 0.00000 0.00000 0.00000 0.00000 0.00000 0.00000 0.00000 0.00000 0.00000 0.00000
0.00000 0.00000 0.00000 0.00000 0.49716 1.60275 3.10701 2.55119 0.71614 0.00000 0.00000 0.03231 0.04865 0.06804 0.07339 0.03825 0.21035 0.31949 0.24293 0.14929 0.09440 0.07571 0.07046 0.07229 0.07464 0.09145 0.15747 0.20676 0.25926 0.06244 0.00000 0.00000 0.00000 0.00000 0.00000 0.00000 0.00000 0.00000 0.00000 0.00000 0.00000 0.00000 0.00000 0.00000 0.00000 0.00000 0.00000 0.00000 0.00000 0.00000 0.00000 0.00000 0.00000 0.00000 0.00000 0.00000 0.00000 0.00000 0.00000 0.00000
0.00000 0.00000 0.00000 0.72512 1.93659 3.42336 6.55248 9.60262 4.14562 0.82782 0.33217 0.26948 0.13892 0.06583 0.05678 0.24681 0.45918 0.38525 0.19958 0.08684 0.04081 0.02455 0.00000 0.00000 0.04447 0.09420 0.18321 0.25828 0.36360 0.37219 0.21948 0.02656 0.00000 0.00000 0.00000 0.00000 0.00000 0.00000 0.00000 0.00000 0.00000 0.00000 0.00000 0.00000 0.00000 0.00000 0.00000 0.00000 0.00000 0.00000 0.00000 0.00000 0.00000 0.00000 0.00000 0.00000 0.00000 0.00000 0.00000 0.00000
0.00000 0.05256 0.56723 2.19887 5.53702 12.65365 24.73054 37.10918 24.00350 9.41162 2.02583 0.60720 0.19717 0.14326 0.42634 0.74247 1.02401 0.65464 0.22167 0.06667 0.02260 0.00000 0.00000 0.02759 0.08368 0.16912 0.34288 0.54104 0.78585 0.70041 0.35909 0.05644 0.03647 0.00000 0.00000 0.00000 0.00000 0.00000 0.00000 0.00000 0.00000 0.00000 0.00000 0.00000 0.00000 0.00000 0.00000 0.00000 0.00000 0.00000 0.00000 0.00000 0.00000 0.00000 0.00000 0.00000 0.00000 0.00000 0.00000 0.00000
0.00000 0.27209 0.93569 2.47762 5.62868 14.01154 32.90383 48.21468 43.53938 19.73333 5.52126 1.68154 0.40709 0.94111 1.43051 2.58082 2.64008 1.08941 0.30133 0.05874 0.00000 0.00000 0.02931 0.09064 0.18672 0.38964 0.75703 1.25983 1.82764 1.52909 0.55422 0.11272 0.05564 0.03136 0.00000 0.00000 0.00000 0.00000 0.00000 0.00000 0.00000 0.00000 0.00000 0.00000 0.00000 0.00000 0.00000 0.00000 0.00000 0.00000 0.00000 0.00000 0.00000 0.00000 0.00000 0.00000 0.00000 0.00000 0.26718 0.90716
0.02646 0.12757 0.50437 1.72194 3.44934 5.90977 15.52756 29.46962 33.35965 23.51034 10.12030 1.66834 2.15310 6.39473 10.21154 14.49055 5.14248 1.41424 0.52355 0.13327 0.03568 0.04017 0.11526 0.26234 0.58316 1.14322 1.83107 2.77758 3.32706 2.70552 1.23372 0.19904 0.09172 0.05061 0.02698 0.00000 0.00000 0.00000 0.00000 0.00000 0.00000 0.00000 0.00000 0.00000 0.00000 0.00000 0.00000 0.00000 0.00000 0.00000 0.00000 0.00000 0.00000 0.00000 0.00000 0.00000 0.00000 0.00000 0.19280 0.88463
0.00000 0.02243 0.21896 1.06827 2.37750 3.54410 6.12185 9.26712 7.59859 5.01459 3.70081 4.13060 5.28740 16.69388 25.91331 25.34326 7.02762 1.66394 0.89901 0.50051 0.29705 0.31203 0.51244 0.95602 1.74439 2.63841 3.59063 4.67868 5.20929 4.50260 2.70481 0.60009 0.17068 0.08689 0.03888 0.00000 0.00000 0.00000 0.00000 0.00000 0.00000 0.00000 0.00000 0.00000 0.00000 0.00000 0.00000 0.00000 0.00000 0.02371 0.00000 0.00000 0.00000 0.00000 0.00000 0.00000 0.00000 0.00000 0.00000 0.00000
0.00000 0.00000 0.15729 0.60842 1.48097 2.37388 3.10093 3.25709 1.85233 1.72132 4.08553 6.89750 5.98983 6.70668 8.26431 9.93231 6.11214 2.76231 1.76320 1.28675 1.14402 1.50127 2.08324 2.75936 3.56879 4.14867 5.27573 6.04318 6.29155 5.56288 3.87543 1.57010 0.43123 0.20101 0.08490 0.02999 0.00000 0.00000 0.00000 0.00000 0.00000 0.00000 0.00000 0.00000 0.00000 0.04603 0.12790 0.18174 0.22075 0.22228 0.06760 0.00000 0.00000 0.00000 0.00000 0.00000 0.00000 0.00000 0.11708 0.20285
0.00000 0.00000 0.02551 0.12719 0.51097 1.05966 1.70392 2.44275 2.92500 3.67885 5.80790 8.76037 6.08575 0.70047 0.26796 4.89903 9.81646 8.82177 4.94967 3.08271 2.24326 2.94850 3.98233 4.70345 5.67485 6.68099 7.41516 7.87850 7.79260 7.38501 5.42960 2.82035 1.03123 0.52196 0.24888 0.09502 0.02608 0.00000 0.00000 0.00000 0.00000 0.00000 0.00000 0.00000 0.02946 0.23671 0.53630 0.88895 1.09901 0.93588 0.49282 0.22477 0.11455 0.00000 0.00000 0.00000 0.00000 0.10978 0.55871 1.14030
0.00000 0.00000 0.00000 0.00000 0.18260 0.40592 1.00622 3.13048 4.33811 4.67512 4.47428 4.29184 1.74534 0.10337 0.64565 4.08089 8.86517 8.91663 8.13352 7.28383 4.93370 4.76425 5.59116 6.75283 7.40000 8.56943 9.45100 9.14003 9.20325 9.66193 7.90714 4.51181 1.98968 1.29343 0.79856 0.44971 0.21739 0.06127 0.00000 0.00000 0.00000 0.00000 0.00000 0.00000 0.14174 0.58841 1.27788 1.95288 2.60384 2.30158 1.64900 0.90879 0.39861 0.11786 0.00000 0.00000 0.04511 0.12536 0.56291 2.05227
0.00000 0.00000 0.00000 0.00000 0.22330 0.58057 1.11556 3.36972 4.71761 4.68920 3.25712 1.75447 0.66004 0.99759 1.76180 2.76867 3.63839 6.41794 6.34607 7.07422 9.66654 11.53014 12.64112 12.60947 10.39117 8.94642 9.40975 11.95873 13.40176 12.52247 9.39657 5.83318 3.46310 2.39104 2.03175 1.39074 0.70963 0.24932 0.11026 0.09495 0.00000 0.00000 0.00000 0.02298 0.24047 0.74439 1.54121 2.40060 3.39824 2.86984 2.36199 1.59013 0.78398 0.30655 0.00000 0.00000 0.04293 0.09954 0.50100 1.82010
0.00000 0.00000 0.00000 0.00000 0.55640 2.15541 3.30755 4.18814 5.58086 5.31702 2.97243 1.35228 1.72881 3.18281 4.40635 4.78164 7.52559 11.85038 9.93772 7.31763 16.77444 22.08744 20.36971 15.96406 17.79067 19.86307 15.32624 15.45505 13.27335 11.40035 8.18080 5.12958 3.51845 2.72655 2.58283 2.25610 1.69534 0.89216 1.40610 2.31587 1.79783 0.61770 0.14598 0.03134 0.15978 0.49056 1.20345 2.35235 2.91341 3.26038 2.35643 1.42755 0.88214 0.39361 0.00000 0.00000 0.04285 0.12202 0.36665 0.74271
0.00000 0.07547 0.51665 1.54534 3.41946 6.51310 8.51813 9.08923 9.82924 8.94613 5.07210 1.86245 2.50246 5.16326 9.87475 8.74917 10.79491 15.41776 9.13108 6.50219 13.28446 20.04090 21.70961 22.25781 25.99440 28.37764 29.74121 30.57041 21.87766 12.29024 7.45409 4.77417 3.48777 2.77271 2.85727 3.46311 5.06340 6.39106 7.54948 8.39394 6.57286 3.06118 0.83710 0.00000 0.03751 0.14700 0.53753 1.33436 2.68207 3.69695 2.09445 1.19251 0.53443 0.29343 0.02261 0.00000 0.02218 0.03813 0.12480 0.23056
2.30211 3.21630 4.66621 5.98544 8.33220 11.63900 13.66427 13.68763 13.92486 14.52428 8.72712 2.52852 2.65395 4.52413 8.04626 7.17237 6.37904 7.31555 3.39062 2.68441 5.87799 10.71233 15.66050 17.68371 19.41096 21.75976 29.51769 41.41282 38.82819 19.39318 6.84943 4.69179 4.30019 3.48940 3.10639 4.19711 8.48493 16.01645 19.76943 20.31676 15.05261 6.57420 1.06075 0.05893 0.00000 0.00000 0.19480 0.63159 1.46567 1.50891 0.78187 0.60838 0.42956 0.19598 0.03181 0.00000 0.02301 0.03533 0.10520 0.34226
10.95441 15.75636 16.91222 13.03589 10.68926 11.75279 14.27322 16.07261 17.09371 16.05298 11.74001 6.84616 3.17586 2.25546 3.23833 2.19128 1.37310 2.15675 1.38843 1.38838 1.72275 3.66804 4.84959 5.63082 9.49943 11.33648 13.68792 22.33569 26.13936 16.75095 8.32295 6.18257 7.47601 7.42929 3.81951 4.13762 9.24587 16.82252 28.62858 32.65740 21.17748 10.67365 3.28993 0.37946 0.00000 0.00000 0.00000 0.00000 0.00000 0.04889 0.10139 0.15651 0.22032 0.08737 0.00000 0.04662 0.15365 0.26227 0.42409 1.05949
21.18733 29.80831 28.78735 17.64484 10.61930 9.85354 12.71947 18.11005 22.35044 21.76731 16.54758 10.73438 5.97461 2.86405 1.53897 0.26057 0.07195 0.13552 0.36113 0.04645 0.04575 0.88462 1.59625 2.17767 3.69228 4.21272 4.35828 8.22717 13.37770 13.00922 10.38922 9.60865 12.14375 10.47654 3.45924 2.35045 3.07948 7.97983 27.40692 26.87451 17.13605 11.73460 4.25952 1.39029 0.27691 0.00000 0.00000 0.00000 0.00000 0.00000 0.00000 0.00000 0.03274 0.03624 0.00000 0.13226 0.46169 0.74090 1.10054 2.28053
22.39461 31.17767 28.64070 17.16610 9.56186 6.53133 8.34605 19.18073 33.02654 38.75095 25.59005 15.13977 11.45498 7.94286 3.66453 0.38507 0.00000 0.00000 0.00000 0.00000 0.03123 0.35315 0.71791 1.13062 1.14379 0.85646 0.40714 2.13686 5.61034 7.70774 8.25368 7.04881 6.86136 4.12747 0.34537 0.27468 0.49916 0.34195 3.12064 4.95138 5.92514 5.61609 6.78776 3.70490 0.35298 0.00000 0.00000 0.00000 0.00000 0.00000 0.00000 0.00000 0.00000 0.00000 0.00000 0.13428 0.52224 0.91968 1.42449 2.44044
13.58366 18.51768 15.06052 9.79241 5.80801 2.61128 4.11397 15.71636 31.16152 36.53938 26.29230 18.35547 17.35604 12.49876 6.71013 3.17085 0.34957 0.00000 0.00000 0.00000 0.07531 0.59320 1.00153 0.93304 0.06299 0.00000 0.00000 0.02521 0.72798 1.50960 1.92586 1.03092 0.66357 0.13030 0.35398 0.56789 0.52532 0.34521 0.06118 0.00000 0.18279 1.96566 5.98684 5.32479 1.00000 0.00000 0.00000 0.00000 0.00000 0.00000 0.00000 0.00000 0.00000 0.39283 0.98355 0.90325 0.63614 0.59643 0.83245 1.24254
5.09999 6.26731 2.78827 1.68228 1.37647 0.92563 2.46132 7.77954 13.77739 14.66333 12.31465 9.59597 11.90779 8.18476 8.27410 7.16775 2.76467 1.36417 6.07818 5.68285 2.39446 2.84691 2.86689 1.88975 0.15200 0.00000 0.00000 0.00000 0.00000 0.00000 0.00000 0.20503 1.91667 3.58917 4.07027 2.85094 1.03536 0.75595 0.19930 0.00000 0.06731 1.33891 3.66373 2.84542 0.88890 0.00000 0.00000 0.00000 0.00000 0.00000 0.00000 0.00000 0.78404 2.41189 2.29765 1.52258 0.66377 0.33224 0.35243 0.41224
6.00151 3.64846 0.39286 0.00000 0.30007 0.59736 1.67205 1.49446 0.65265 0.40884 1.97381 2.14406 4.11780 6.17697 10.74725 13.14960 10.09612 12.66936 21.03861 26.43454 19.42454 9.15466 6.01302 3.28381 0.78851 0.00000 0.00000 0.00000 0.00000 0.04941 0.11631 1.02660 4.42071 8.16229 6.73489 3.88892 1.76790 0.33286 0.02393 0.26115 0.34758 0.14423 0.95470 0.55852 0.45285 0.10824 0.03325 0.93467 0.57560 0.14064 0.00000 0.57134 3.30190 5.07875 4.34364 3.23125 1.14411 0.44339 0.41596 0.42980
18.78554 8.78887 0.00000 0.00000 0.00000 0.10370 0.36663 0.00000 0.00000 0.00000 0.23728 0.82052 2.73627 6.41424 11.28478 14.05836 21.56276 31.62445 35.75600 42.45940 33.37775 12.58840 8.20725 3.68976 0.94871 0.06602 0.00000 0.00000 0.00000 0.23720 0.57212 1.64055 4.35947 6.23352 4.92412 2.82433 1.68113 1.48433 1.33721 2.91029 2.28700 0.93576 1.17414 3.44946 4.16982 1.65993 1.42709 3.11950 3.10309 2.39461 2.16395 3.33866 6.36421 8.77909 9.48845 10.09434 5.38813 2.68347 1.26442 1.15101
35.18812 24.70029 8.77801 0.66361 0.00000 0.00000 0.00000 0.00000 0.00000 0.06339 0.17822 0.34738 1.01633 2.96692 6.93596 10.44810 17.40701 26.52514 39.27337 39.42522 26.74367 12.74713 8.90796 4.12252 2.03869 0.66218 0.07057 0.00000 0.00000 0.14614 0.44275 0.92699 1.78568 2.36573 1.71954 0.74349 1.01575 2.42530 3.07839 6.12591 6.02830 3.50364 2.21966 5.37209 8.09418 3.58431 1.69774 2.73203 2.99072 2.52072 2.71402 4.60826 9.15649 11.30288 11.93692 19.31927 14.43161 8.01938 3.62397 2.31377
34.23280 32.16269 22.70938 11.36985 3.41274 0.76499 0.23587 0.17934 0.38393 0.63947 0.52987 0.04224 0.03852 0.27991 1.46949 4.28730 9.20133 15.68374 34.53282 36.99603 25.09210 13.70216 10.54671 10.65132 8.68689 4.55844 1.16694 0.05380 0.00000 0.08679 0.22656 0.21790 0.00000 0.09071 0.27203 0.00000 1.15539 3.40279 3.20985 3.88222 5.90833 6.74288 4.55856 5.77732 6.47348 2.83906 1.49459 1.37667 1.28980 1.16371 1.41504 3.84162 9.76306 13.43606 16.15442 18.43349 15.82321 9.95773 6.34936 4.13860
37.49583 38.59455 38.54417 28.23971 12.84464 2.27592 1.23793 1.52765 1.32189 0.97433 0.57213 0.00000 0.00000 0.00000 0.00000 0.51636 3.92884 10.84760 19.28614 26.85710 28.09949 20.64691 17.81995 23.32593 21.08390 9.31712 1.53365 0.40188 0.09159 0.20156 0.23616 0.19558 0.05332 0.00000 0.06420 0.02682 0.76086 2.85338 1.99308 1.93552 5.20980 12.02087 11.35280 10.71580 12.72702 7.40738 2.11645 0.74190 0.45107 0.47485 0.73856 2.15844 6.26234 9.90564 10.54906 9.28225 10.85604 9.12298 7.29792 5.09186
34.76158 42.48816 45.69784 41.12812 25.59329 6.73441 3.18481 3.83869 2.07048 0.92282 0.45362 0.21673 0.18733 0.10261 1.19356 2.62216 3.66176 6.57537 12.10551 23.70751 36.40802 32.43172 27.79407 33.65585 29.02013 15.63045 4.35010 0.77802 0.06468 0.37743 0.57888 0.66596 0.58034 0.26655 0.02726 0.27783 0.65996 3.29446 4.34810 1.34705 3.22453 7.27036 7.74338 9.57447 20.50948 15.61877 5.63533 1.16013 0.53829 0.52857 0.85351 1.54467 2.87711 4.48266 4.72100 3.44199 6.29151 6.44780 5.09265 3.26186
29.94711 41.95880 44.97523 41.69096 31.73817 17.15004 9.73832 7.11571 2.98844 1.21430 0.81753 0.57810 0.09495 0.65043 3.05514 4.62534 7.70426 10.71181 15.62267 27.59739 36.13602 27.96555 24.04558 29.10615 28.95258 18.12342 1.97950 0.00000 0.00000 0.32978 1.88375 2.37222 2.66958 2.36324 3.10393 4.49817 6.57445 3.16968 3.23348 0.74075 0.77555 2.51571 2.33208 3.61035 13.18557 15.76711 9.39480 2.34128 0.65732 0.62774 0.90325 1.57848 2.09953 2.39538 2.64813 2.87650 4.64929 5.45488 3.56776 1.91146
26.07309 39.75576 45.37338 39.55116 36.38069 25.34757 14.87138 7.22746 2.04878 1.67374 2.26006 1.98787 1.07307 1.38215 3.56151 6.85161 15.75894 31.98972 40.31503 44.06195 46.12597 27.04020 20.36098 24.29784 25.46841 17.60106 5.70519 1.43581 1.00657 2.32020 3.97578 6.56521 10.74977 12.69248 11.84352 10.10036 9.66688 5.84076 2.76766 0.11015 0.39309 -99999.00000 -99999.00000 3.29284 5.96978 8.94479 8.42577 3.33692 0.73966 0.62011 0.77388 1.77418 2.08737 2.05365 1.97081 2.43798 5.69066 8.93250 6.68895 4.53133
15.26711 22.68793 28.85417 26.80583 26.35731 19.78872 13.74255 5.54091 0.85570 2.08562 5.25613 5.82705 2.82498 1.15895 2.54938 6.37359 23.42631 65.04676 87.69402 64.98569 55.70630 31.64019 19.24429 26.27461 27.88613 23.19331 14.83347 9.28653 9.27353 11.62650 12.15688 16.70829 23.49578 27.49513 23.42721 -99999.00000 -99999.00000 -99999.00000 -99999.00000 -99999.00000 -99999.00000 -99999.00000 -99999.00000 2.35535 3.37756 4.54792 4.90239 3.28024 1.17437 0.61948 0.98352 2.06254 2.66992 2.84087 3.83013 7.34858 15.60691 21.33107 17.32358 11.50862
2.82179 4.93016 10.70112 19.18252 -99999.00000 20.69400 13.06667 4.78604 0.26900 1.37796 4.38288 4.94378 1.68700 0.62897 0.94463 3.20630 13.56606 44.08310 73.18438 58.58371 49.72177 33.98829 25.35818 30.77853 35.42097 33.25261 28.47540 25.85393 21.20630 17.67174 19.91890 30.82337 31.66944 30.03200 -99999.00000 -99999.00000 -99999.00000 -99999.00000 -99999.00000 -99999.00000 -99999.00000 -99999.00000 -99999.00000 -99999.00000 3.37403 3.07606 2.92327 2.67855 1.81183 0.90350 1.40085 2.74161 3.20649 4.56388 10.27547 16.82421 24.13549 31.70987 32.07217 24.24351
-99999.00000 -99999.00000 -99999.00000 -99999.00000 -99999.00000 66.83773 42.17279 8.06640 0.97056 0.89107 1.93935 1.85866 0.83671 0.69667 1.25167 2.34389 5.80041 16.75631 28.40542 34.90642 41.89866 42.16212 44.78137 49.55621 52.25970 37.65250 34.55521 36.18192 25.00055 21.47458 25.05739 32.26758 26.42814 13.18649 -99999.00000 -99999.00000 -99999.00000 -99999.00000 -99999.00000 -99999.00000 -99999.00000 -99999.00000 -99999.00000 -99999.00000 -99999.00000 2.23092 2.19150 1.99051 1.66324 2.07967 3.40085 3.97547 4.89793 9.85557 14.70125 16.12051 22.33060 34.85337 43.38958 40.21328
