DATA/RAW-RASTER/CPC/2017/20170309.asc
ncols			60
nrows			40
xllcorner		70.0
yllcorner		20.0
cellsize		0.5
NODATA_value	-99999
0.00000 0.00000 0.00000 0.00000 0.00000 0.00000 0.00000 0.00000 0.00000 0.00000 0.00000 0.00000 0.00000 0.00000 0.00000 0.00000 0.00000 0.00000 0.00000 0.00000 0.00000 0.00000 0.00000 0.00000 0.00000 0.00000 0.00000 0.00000 0.00000 0.00000 0.00000 0.00000 0.00000 0.00000 0.00000 0.00000 0.00000 0.00000 0.00000 0.00000 0.00000 0.00000 0.00000 0.00000 0.00000 0.00000 0.00000 0.00000 0.00000 0.00000 0.00000 0.00000 0.00000 0.00000 0.00000 0.00000 0.00000 0.00000 0.00000 0.00000
0.00000 0.00000 0.00000 0.00000 0.00000 0.00000 0.00000 0.00000 0.00000 0.00000 0.00000 0.00000 0.00000 0.00000 0.00000 0.00000 0.00000 0.00000 0.00000 0.00000 0.00000 0.00000 0.00000 0.00000 0.00000 0.00000 0.00000 0.00000 0.00000 0.00000 0.00000 0.00000 0.00000 0.00000 0.00000 0.00000 0.00000 0.00000 0.00000 0.00000 0.00000 0.00000 0.00000 0.00000 0.00000 0.00000 0.00000 0.00000 0.00000 0.00000 0.00000 0.00000 0.00000 0.00000 0.00000 0.00000 0.00000 0.00000 0.00000 0.00000
0.13507 0.00000 0.00000 0.00000 0.00000 0.00000 0.00000 0.00000 0.00000 0.00000 0.00000 0.00000 0.00000 0.00000 0.00000 0.00000 0.00000 0.00000 0.00000 0.00000 0.00000 0.00000 0.00000 0.00000 0.00000 0.00000 0.00000 0.00000 0.00000 0.00000 0.00000 0.00000 0.00000 0.00000 0.00000 0.00000 0.00000 0.00000 0.00000 0.00000 0.00000 0.00000 0.00000 0.00000 0.00000 0.00000 0.00000 0.00000 0.00000 0.00000 0.00000 0.00000 0.00000 0.00000 0.00000 0.00000 0.00000 0.00000 0.00000 0.00000
1.10422 0.26612 0.00000 0.00000 0.00000 0.00000 0.00000 0.00000 0.00000 0.00000 0.00000 0.00000 0.00000 0.00000 0.00000 0.00000 0.00000 0.00000 0.00000 0.00000 0.00000 0.00000 0.00000 0.00000 0.00000 0.00000 0.00000 0.00000 0.00000 0.00000 0.00000 0.00000 0.00000 0.00000 0.00000 0.00000 0.00000 0.00000 0.00000 0.00000 0.00000 0.00000 0.00000 0.00000 0.00000 0.00000 0.00000 0.00000 0.00000 0.00000 0.00000 0.00000 0.00000 0.00000 0.00000 0.00000 0.00000 0.00000 0.00000 0.00000
1.01824 0.29608 0.00000 0.00000 0.00000 0.00000 0.00000 0.00000 0.00000 0.00000 0.00000 0.00000 0.00000 0.00000 0.00000 0.00000 0.00000 0.00000 0.00000 0.00000 0.00000 0.00000 0.00000 0.00000 0.00000 0.00000 0.00000 0.00000 0.00000 0.00000 0.00000 0.00000 0.00000 0.00000 0.00000 0.00000 0.00000 0.00000 0.00000 0.00000 0.00000 0.00000 0.00000 0.00000 0.00000 0.00000 0.00000 0.00000 0.00000 0.00000 0.00000 0.00000 0.00000 0.00000 0.00000 0.00000 0.00000 0.00000 0.00000 0.00000
0.28155 0.00000 0.00000 0.00000 0.00000 0.00000 0.00000 0.00000 0.00000 0.00000 0.00000 0.00000 0.00000 0.00000 0.00000 0.00000 0.00000 0.00000 0.00000 0.00000 0.00000 0.00000 0.00000 0.00000 0.00000 0.00000 0.00000 0.00000 0.00000 0.00000 0.00000 0.00000 0.00000 0.00000 0.00000 0.00000 0.00000 0.00000 0.00000 0.00000 0.00000 0.00000 0.00000 0.00000 0.00000 0.00000 0.00000 0.00000 0.00000 0.00000 0.00000 0.00000 0.00000 0.00000 0.00000 0.00000 0.00000 0.00000 0.00000 0.00000
0.00000 0.00000 0.00000 0.00000 0.00000 0.00000 0.00000 0.00000 0.00000 0.36564 0.59747 0.31082 0.19699 0.00000 0.00000 0.00000 0.00000 0.00000 0.00000 0.00000 0.00000 0.00000 0.00000 0.00000 0.00000 0.00000 0.00000 0.00000 0.00000 0.00000 0.00000 0.00000 0.00000 0.00000 0.00000 0.00000 0.00000 0.00000 0.00000 0.00000 0.00000 0.00000 0.00000 0.03866 0.08977 0.10948 0.02611 0.00000 0.00000 0.00000 0.00000 0.00000 0.00000 0.00000 0.02184 0.03114 0.03382 0.05628 0.04506 0.00000
0.54821 0.41867 0.27048 0.07789 0.18904 0.25523 0.34353 0.81865 1.74745 2.83807 4.07187 3.51934 2.57285 1.42368 0.72895 0.41878 0.18190 0.02135 0.00000 0.00000 0.00000 0.00000 0.00000 0.00000 0.00000 0.00000 0.00000 0.00000 0.00000 0.00000 0.00000 0.00000 0.00000 0.00000 0.00000 0.00000 0.00000 0.00000 0.00000 0.00000 0.00000 0.04324 0.12886 0.18914 0.20553 0.20499 0.17609 0.03650 0.00000 0.00000 0.00000 0.00000 0.00000 0.08608 0.12571 0.11492 0.12217 0.17843 0.19889 0.18919
1.78282 1.21607 0.76089 0.40401 0.71578 1.18043 1.53426 2.67088 4.13961 5.79362 7.64135 7.66823 5.70393 4.06218 2.09635 1.03513 0.56948 0.05530 0.00000 0.00000 0.00000 0.00000 0.00000 0.00000 0.00000 0.00000 0.00000 0.00000 0.00000 0.00000 0.00000 0.00000 0.00000 0.00000 0.00000 0.00000 0.00000 0.00000 0.00000 0.00000 0.03260 0.11723 0.18129 0.22177 0.26262 0.29941 0.28886 0.20680 0.03705 0.00000 0.00000 0.03126 0.12670 0.24678 0.34255 0.40258 0.45083 0.45899 0.40771 0.34662
1.71022 1.55006 1.49892 1.61256 1.74404 2.90393 3.92083 4.48365 7.43353 12.82893 11.35937 8.89481 7.66681 6.52522 4.97134 3.08344 1.47899 0.46570 0.33632 0.24484 0.18312 0.14021 0.07520 0.05570 0.04593 0.03563 0.00000 0.00000 0.00000 0.00000 0.00000 0.00000 0.05811 0.04310 0.00000 0.04588 0.00000 0.04101 0.05647 0.08454 0.07284 0.00000 0.04914 0.13842 0.24051 0.30994 0.32633 0.25783 0.16926 0.03344 0.09917 0.14542 0.23608 0.38770 0.57206 0.75360 0.86261 0.77876 0.63268 0.49341
0.93639 1.25166 1.56910 1.70416 1.66097 4.00232 8.01294 13.07838 21.01481 30.04864 23.64782 9.49575 6.06826 5.91410 6.06309 6.32523 3.65644 1.15158 0.81990 0.57199 0.40604 0.29393 0.21887 0.16911 0.13657 0.11774 0.16635 0.09263 0.02976 0.00000 0.00000 0.07669 0.09464 0.10532 0.11299 0.12515 0.15477 0.16432 0.15566 0.14903 0.13761 0.11856 0.07361 0.07128 0.03880 0.12915 0.22285 0.21112 0.15548 0.07716 0.10241 0.09090 0.22416 0.40180 0.63107 0.85945 0.97901 0.88294 0.72774 0.56078
0.44048 0.77642 1.18690 1.73019 2.70695 5.84602 9.85820 13.90396 24.93506 27.36578 27.21971 13.34809 6.26862 5.00471 5.27259 4.94320 3.56973 1.79946 1.19113 0.77192 0.49734 0.33240 0.23077 0.17147 0.13475 0.13429 0.33983 0.41621 0.46430 0.14020 0.06491 0.09382 0.11353 0.12571 0.14307 0.17079 0.18330 0.18389 0.17591 0.17083 0.14868 0.11891 0.09224 0.07195 0.05100 0.07866 0.15072 0.18319 0.16630 0.11552 0.07013 0.05267 0.16505 0.34994 0.56294 0.71542 0.75483 0.67909 0.55236 0.45930
0.14512 0.45483 1.06217 1.73217 2.55682 3.98424 6.41355 10.69229 18.81795 17.91386 20.79102 17.10941 8.47451 5.01556 5.55246 5.27217 3.74774 1.90993 1.26636 0.77121 0.44316 0.27477 0.18929 0.16465 0.32084 0.38348 0.54464 0.63521 0.70646 0.71985 0.58715 0.12750 0.12116 0.13402 0.15070 0.16678 0.18304 0.19695 0.19991 0.19056 0.17953 0.14026 0.11050 0.09897 0.09024 0.12127 0.17496 0.20760 0.19888 0.13859 0.09652 0.09094 0.16654 0.29882 0.42284 0.49571 0.50736 0.45321 0.34853 0.27348
0.00000 0.12947 0.67568 1.00919 1.40221 1.71793 2.49923 5.06528 8.99770 15.10109 19.24642 14.31541 12.34880 12.70203 14.76144 6.44074 3.21522 2.02781 1.16239 0.59468 0.29405 0.17308 0.12892 0.26982 0.42709 0.60374 0.83581 0.98583 1.07713 1.01018 0.71304 0.08540 0.10520 0.12199 0.14237 0.16737 0.19220 0.22087 0.24134 0.24041 0.21844 0.20127 0.20694 0.20029 0.20451 0.24012 0.29487 0.32723 0.29382 0.21090 0.13595 0.13792 0.19426 0.26852 0.32061 0.33451 0.32807 0.29586 0.23940 0.19438
0.00000 0.02229 0.21594 0.35704 0.45285 0.54536 0.56404 0.94473 3.04903 7.26611 9.75743 8.59030 9.25348 12.77705 12.69370 4.74809 3.64187 2.19522 1.13577 0.42865 0.13391 0.09067 0.18140 0.43258 0.65784 0.93697 1.25658 1.43454 1.37720 1.21141 0.83499 0.12666 0.08208 0.09682 0.11881 0.15215 0.19115 0.23207 0.27247 0.29949 0.29065 0.27437 0.27791 0.28460 0.32582 0.41400 0.50723 0.54064 0.47178 0.32704 0.20523 0.18904 0.21303 0.24723 0.25450 0.23406 0.10827 0.05780 0.07255 0.02191
0.00000 0.00000 0.02203 0.11455 0.14132 0.09491 0.04052 0.14961 0.58479 2.01986 4.07165 4.30707 3.92810 8.61989 14.26826 10.66812 4.98482 2.34134 1.27930 0.51828 0.15697 0.09640 0.37018 0.74804 1.11758 1.53523 1.86124 1.96869 1.75479 1.46654 1.05117 0.14985 0.05865 0.06929 0.08634 0.11419 0.15813 0.21964 0.29518 0.35335 0.35930 0.32646 0.29865 0.30019 0.36292 0.51049 0.71056 0.81532 0.70712 0.52048 0.36828 0.28782 0.24191 0.20772 0.17359 0.09507 0.00000 0.00000 0.00000 0.00000
0.00000 0.00000 0.00000 0.00000 0.00000 0.00000 0.00000 0.00000 0.22843 0.94463 3.18982 5.47226 5.66006 8.18705 11.21176 12.09075 5.79492 2.26282 1.37200 0.80863 0.42879 0.41478 0.87408 1.41296 1.96346 2.40341 2.69634 2.59300 2.30948 1.73580 1.15077 0.15764 0.03769 0.04331 0.05325 0.07037 0.10390 0.16839 0.27319 0.38124 0.41146 0.36282 0.29768 0.26744 0.31756 0.48768 0.75037 0.91526 0.80210 0.62681 0.49681 0.39931 0.27474 0.16841 0.10122 0.04391 0.00000 0.00000 0.00000 0.00000
0.00000 0.00000 0.00000 0.00000 0.00000 0.00000 0.00000 0.00000 0.52757 2.34201 5.68484 8.97114 7.96538 7.81023 9.47830 8.70045 5.43542 2.24717 1.36452 0.95279 0.92017 1.19594 1.79080 2.46982 3.09159 3.41416 3.70981 3.39301 2.81135 1.82591 1.18680 0.21687 0.02930 0.02404 0.02817 0.03422 0.04637 0.09288 0.21425 0.35588 0.39500 0.33394 0.27524 0.24005 0.27602 0.42697 0.62003 0.73464 0.68629 0.59756 0.51454 0.41711 0.26616 0.12235 0.03569 0.00000 0.00000 0.00000 0.00000 0.00000
0.00000 0.00000 0.00000 0.00000 0.00000 0.00000 0.00000 0.00000 0.41552 3.34411 6.53491 10.50054 7.76551 4.18174 5.49803 5.52433 4.06964 2.23490 1.26651 1.15817 1.40091 1.92673 2.74484 3.73940 4.62292 5.31373 5.07634 4.27199 2.94009 1.93744 0.89993 0.16789 0.02826 0.00000 0.00000 0.00000 0.00000 0.04915 0.14104 0.23598 0.26984 0.24218 0.21277 0.20948 0.24847 0.34327 0.45522 0.53452 0.54221 0.49796 0.43123 0.34376 0.23555 0.06977 0.00000 0.00000 0.00000 0.00000 0.00000 0.00000
0.00000 0.00000 0.00000 0.00000 0.00000 0.00000 0.00000 0.00000 0.28075 2.49975 4.15963 5.04244 3.36099 1.59797 2.54347 3.20631 2.35084 1.17538 1.12883 1.56047 2.21672 3.10301 4.17566 5.64306 5.80010 5.56118 5.22016 4.65873 2.87906 1.72950 0.89288 0.16740 0.00000 0.00000 0.00000 0.00000 0.00000 0.04258 0.08659 0.13254 0.14748 0.12650 0.11029 0.13552 0.10541 0.21131 0.31784 0.35859 0.38809 0.41580 0.42599 0.36752 0.25931 0.12646 0.00000 0.00000 0.00000 0.00000 0.00000 0.00000
0.00000 0.00000 0.00000 0.00000 0.00000 0.00000 0.00000 0.07517 0.60119 1.44735 2.21087 2.52461 2.37472 2.17051 2.39058 2.10564 1.23268 0.86613 0.70159 1.03570 2.21640 3.65256 5.12153 7.11050 6.98953 5.53112 4.16862 3.41368 2.16320 1.39587 0.61263 0.19497 0.03187 0.00000 0.00000 0.00000 0.00000 0.00000 0.03615 0.05953 0.06506 0.04481 0.02927 0.03878 0.00000 0.03849 0.22551 0.26936 0.29360 0.33835 0.44380 0.45412 0.35509 0.27870 0.15099 0.00000 0.00000 0.00000 0.00000 0.00000
0.00000 0.00000 0.00000 0.00000 0.00000 0.00000 0.00000 0.00000 0.36546 0.76115 1.04719 1.44656 2.18847 3.07801 3.32105 2.61548 1.97139 1.69965 1.28270 1.28424 2.47457 3.63033 4.75881 6.19263 7.72731 6.39671 3.76156 2.41697 1.52730 1.03405 0.54114 0.18267 0.05001 0.00000 0.00000 0.00000 0.00000 0.00000 0.00000 0.00000 0.00000 0.00000 0.00000 0.00000 0.00000 0.05114 0.18673 0.30525 0.37666 0.51898 0.65456 0.70477 0.64112 0.64841 0.53247 0.31343 0.23317 0.20059 0.09586 0.00000
0.00000 0.00000 0.00000 0.00000 0.00000 0.00000 0.00000 0.04265 0.19826 0.35758 0.46197 1.00240 2.41235 4.36365 5.02135 3.69717 2.99433 3.36337 4.13990 3.67332 3.32379 3.49499 3.52574 3.89346 5.54596 5.04230 3.45651 2.15742 1.30914 0.80526 0.37161 0.12797 0.00000 0.00000 0.00000 0.00000 0.00000 0.00000 0.00000 0.00000 0.00000 0.00000 0.00000 0.02389 0.03403 0.10015 0.25006 0.49454 0.93440 1.48406 1.72590 1.85635 1.41947 1.52083 1.23445 0.88043 0.69817 0.60421 0.41464 0.06373
0.00000 0.00000 0.00000 0.00000 0.00000 0.00000 0.05480 0.44884 0.91270 1.04853 1.13011 0.98064 1.94536 4.08613 4.96821 3.71682 3.12857 4.57377 6.52771 4.85861 3.17245 3.23088 3.45298 3.41853 3.78508 3.10614 2.07977 1.48117 1.11386 0.62595 0.26607 0.02104 0.00000 0.00000 0.00000 0.00000 0.00000 0.00000 0.00000 0.00000 0.00000 0.00000 0.03093 0.05496 0.06282 0.15082 0.52254 1.38998 2.46949 3.29516 3.68155 3.85365 3.10275 2.81545 2.60393 1.69985 1.31176 0.94918 0.62029 0.28709
0.00000 0.00000 0.00000 0.00000 0.00000 0.00000 0.05430 0.80467 1.85620 3.24485 3.89483 2.55612 2.49818 3.99763 4.89653 4.61119 3.96069 4.62631 4.50324 2.83974 2.53607 2.99261 3.60808 3.86929 3.16445 1.96282 0.99345 0.65030 0.55841 0.34067 0.12011 0.00000 0.00000 0.00000 0.00000 0.00000 0.00000 0.00000 0.00000 0.00000 0.00000 0.00000 0.07113 0.11481 0.18497 0.38993 1.01339 2.23701 3.39987 4.31596 4.35615 4.02176 3.91459 3.36761 3.81224 3.36514 2.98389 2.53963 1.13259 0.45091
0.00000 0.00000 0.00000 0.00000 0.00000 0.00000 0.00000 0.58031 1.85921 3.20931 4.02649 3.55743 3.57593 4.34063 5.71018 8.23231 7.69053 4.89609 3.50198 2.77622 2.67543 2.42829 2.75802 2.93008 2.11688 1.13760 0.40301 0.16724 0.17150 0.08970 0.00000 0.00000 0.00000 0.00000 0.00000 0.00000 0.00000 0.09254 0.16892 0.06373 0.00000 0.02407 0.12449 0.20013 0.41302 0.56592 1.02743 1.98828 2.52073 3.20845 3.59747 3.44395 3.43616 4.59012 6.24904 6.15280 4.91679 3.87390 2.38222 1.28408
0.00000 0.00000 0.00000 0.00000 0.00000 0.00000 0.00000 0.29035 1.01278 1.76735 2.70973 3.23646 3.25915 3.51991 4.48729 5.99791 5.27008 3.30988 1.78199 1.43987 1.19309 1.12522 1.42935 1.56928 1.18226 0.49746 0.05984 0.00000 0.00000 0.00000 0.00000 0.00000 0.00000 0.00000 0.00000 0.00000 0.30165 1.07049 0.64681 0.19944 0.00000 0.00000 0.07877 0.15503 0.43761 0.31631 0.36717 0.67076 1.13651 1.96097 2.57259 2.86586 3.22964 3.69379 5.62091 6.37438 5.93598 5.14321 3.43389 1.95474
0.00000 0.00000 0.00000 0.00000 0.00000 0.00000 0.00000 0.11797 0.42205 0.74506 1.53289 1.96027 1.87344 2.00872 2.17124 1.63270 1.03064 0.28669 0.00000 0.13662 0.16922 0.35718 0.65489 0.75394 0.46966 0.00000 0.00000 0.00000 0.00000 0.00000 0.00000 0.00000 0.00000 0.00000 0.00000 0.04661 0.47682 0.95840 0.34797 0.02279 0.00000 0.00000 0.00000 0.03266 0.10028 0.06705 0.00000 0.05931 0.36490 0.93350 1.56532 2.06831 1.80753 1.47902 2.61959 3.86166 4.33502 4.23024 3.48067 2.83881
0.00000 0.00000 0.00000 0.00000 0.00000 0.00000 0.00000 0.04623 0.24583 0.48867 0.95155 1.09893 0.83186 0.43474 0.49046 0.00000 0.00000 0.00000 0.00000 0.00000 0.00000 0.06038 0.12786 0.13870 0.02549 0.00000 0.00000 0.00000 0.00000 0.00000 0.00000 0.00000 0.00000 0.00000 0.00000 0.00000 0.06969 0.10767 0.00000 0.00000 0.00000 0.00000 0.00000 0.00000 0.00000 0.02034 0.00000 0.00000 0.02603 0.12665 0.63936 1.04360 0.81227 1.05359 1.64822 2.67204 3.59660 3.97630 3.44932 3.86354
0.00000 0.00000 0.00000 0.00000 0.00000 0.00000 0.00000 0.16655 0.42325 0.68171 0.89400 0.86384 0.54039 0.20155 0.04294 0.00000 0.00000 0.00000 0.00000 0.00000 0.00000 0.00000 0.00000 0.00000 0.00000 0.00000 0.00000 0.00000 0.00000 0.00000 0.00000 0.00000 0.00000 0.00000 0.00000 0.00000 0.00000 0.00000 0.00000 0.00000 0.00000 0.02145 0.08596 0.13587 0.17770 0.34857 0.32500 0.00000 0.00000 0.00000 0.00000 0.58613 0.72034 1.05741 1.36179 2.18817 3.02865 3.23978 3.15625 3.55127
0.00000 0.00000 0.00000 0.00000 0.00000 0.00000 0.00000 0.15331 0.70638 1.21068 0.95704 0.70918 0.41823 0.12442 0.00000 0.00000 0.00000 0.00000 0.00000 0.00000 0.00000 0.00000 0.00000 0.00000 0.00000 0.00000 0.00000 0.00000 0.00000 0.00000 0.02208 0.05610 0.03811 0.28916 0.15585 0.04571 0.00000 0.00000 0.00000 0.00000 0.00000 0.27860 1.12518 1.19600 0.49287 0.19419 0.11335 0.00000 0.00000 0.00000 0.05565 0.63946 0.77515 1.12847 1.52509 2.14229 2.51867 2.79204 2.77293 3.22788
0.00000 0.00000 0.00000 0.00000 0.00000 0.00000 0.00000 0.11815 0.45697 0.73082 0.61630 0.35168 0.18839 0.03659 0.00000 0.00000 0.00000 0.00000 0.00000 0.00000 0.00000 0.00000 0.00000 0.00000 0.00000 0.00000 0.00000 0.00000 0.04587 0.13846 0.26252 0.50158 0.82569 1.34986 1.35598 0.77880 0.16133 0.00000 0.00000 0.00000 0.00000 0.64912 1.93320 2.44882 1.01451 0.32875 0.00000 0.00000 0.00000 0.00000 0.17371 0.62565 0.86380 1.16046 1.31110 1.82618 1.91017 1.87916 1.79208 2.40514
0.00000 0.00000 0.00000 0.00000 0.00000 0.00000 0.00000 0.04252 0.17927 0.21504 0.11318 0.00000 0.00000 0.00000 0.00000 0.00000 0.00000 0.00000 0.00000 0.00000 0.00000 0.00000 0.00000 0.00000 0.00000 0.00000 0.00000 0.03866 0.14430 0.32880 0.54366 0.63467 1.09909 2.52735 3.00713 1.46513 0.95352 0.56074 0.27841 0.23641 1.04093 3.91298 5.42779 4.78176 4.52912 2.60318 0.77633 0.32034 0.03320 0.00000 0.20377 0.54045 0.90518 1.24937 1.40325 1.51234 1.37021 1.03961 0.90543 1.48412
0.00000 0.00000 0.00000 0.00000 0.00000 0.00000 0.00000 0.00000 0.00000 0.00000 0.00000 0.00000 0.00000 0.00000 0.00000 0.00000 0.00000 0.00000 0.00000 0.00000 0.00000 0.00000 0.00000 0.00000 0.00000 0.00000 0.00000 0.03307 0.19733 0.42848 0.66022 0.55688 0.93187 3.74971 5.12488 3.03801 2.56661 1.96402 0.84539 1.09835 2.91355 7.76322 10.64504 9.22680 12.18420 9.08597 4.75663 3.11343 2.06241 1.22751 0.33422 0.49588 0.84711 1.10346 1.11787 1.00772 0.90858 0.68886 0.54324 0.75652
0.00000 0.00000 0.00000 0.00000 0.00000 0.00000 0.00000 0.00000 0.00000 0.00000 0.00000 0.00000 0.00000 0.00000 0.00000 0.00000 0.00000 0.00000 0.00000 0.00000 0.00000 0.00000 0.00000 0.00000 0.00000 0.00000 0.00000 0.00000 0.10983 0.29672 0.41637 0.54017 1.37202 4.38028 6.83124 6.88680 10.71254 5.83208 2.03209 2.61566 3.82383 7.02724 9.52718 10.58667 19.95977 16.75313 10.66685 6.42075 5.45158 3.44086 2.36673 1.11023 0.74899 0.87900 0.82842 0.69645 0.61880 0.50030 0.32639 0.18432
0.00000 0.00000 0.00000 0.00000 0.00000 0.00000 0.00000 0.00000 0.00000 0.00000 0.00000 0.00000 0.00000 0.00000 0.00000 0.00000 0.00000 0.00000 0.00000 0.00000 0.00000 0.00000 0.00000 0.00000 0.00000 0.00000 0.00000 0.00000 0.00000 0.07294 0.27613 1.05003 2.46261 4.75532 7.90386 7.64814 12.84934 9.32991 6.04626 7.04714 9.60969 7.32464 5.43058 7.06804 18.47133 22.20029 17.32901 10.78746 8.27472 7.39559 4.50656 2.05670 0.60040 0.64993 0.59944 0.53399 0.43903 0.26065 0.00000 0.00000
0.00000 0.00000 0.00000 0.00000 0.00000 0.00000 0.00000 0.00000 0.00000 0.00000 0.00000 0.00000 0.00000 0.00000 0.00000 0.00000 0.00000 0.00000 0.00000 0.00000 0.00000 0.00000 0.00000 0.00000 0.00000 0.00000 0.00000 0.00000 0.00000 0.00000 0.10419 1.65524 4.58656 8.98034 9.55864 6.57288 7.79550 8.13663 8.40678 10.37246 12.30109 -99999.00000 -99999.00000 20.69760 28.98314 28.45620 22.81315 14.48744 11.10556 12.05289 10.60626 3.99103 0.83973 0.42811 0.39005 0.30326 0.15710 0.03099 0.00000 0.00000
0.00000 0.00000 0.00000 0.00000 0.00000 0.00000 0.00000 0.00000 0.00000 0.00000 0.00000 0.00000 0.00000 0.00000 0.00000 0.00000 0.00000 0.00000 0.00000 0.00000 0.00000 0.00000 0.00000 0.00000 0.00000 0.00000 0.00000 0.00000 0.00000 0.04831 0.48308 2.19479 5.25618 10.36688 10.61339 -99999.00000 -99999.00000 -99999.00000 -99999.00000 -99999.00000 -99999.00000 -99999.00000 -99999.00000 40.35242 39.11964 28.49476 21.82174 15.68396 13.49620 13.90057 11.61063 5.62468 0.76368 0.22387 0.12807 0.05013 0.00000 0.00000 0.00000 0.00000
0.00000 0.00000 0.00000 0.00000 -99999.00000 0.00000 0.00000 0.00000 0.00000 0.00000 0.00000 0.00000 0.00000 0.00000 0.00000 0.00000 0.00000 0.00000 0.00000 0.00000 0.00000 0.00000 0.00000 0.00000 0.00000 0.00000 0.00000 0.00000 0.00000 2.37942 2.40086 2.75171 2.95914 2.95103 -99999.00000 -99999.00000 -99999.00000 -99999.00000 -99999.00000 -99999.00000 -99999.00000 -99999.00000 -99999.00000 -99999.00000 24.69819 19.53603 16.57913 14.46215 13.81178 12.94944 8.12498 4.13141 0.13104 0.00000 0.00000 0.00000 0.00000 0.00000 0.00000 0.00000
-99999.00000 -99999.00000 -99999.00000 -99999.00000 -99999.00000 0.00000 0.00000 0.00000 0.00000 0.00000 0.00000 0.00000 0.00000 0.00000 0.00000 0.00000 0.00000 0.00000 0.00000 0.04171 0.04771 0.00000 0.00000 0.00000 0.00000 0.00000 0.04399 1.97845 7.72432 11.76836 8.63487 3.47870 1.55541 0.81682 -99999.00000 -99999.00000 -99999.00000 -99999.00000 -99999.00000 -99999.00000 -99999.00000 -99999.00000 -99999.00000 -99999.00000 -99999.00000 14.12551 13.60291 13.23238 12.94096 10.12629 6.65084 1.92974 0.00000 0.00000 0.00000 0.00000 0.00000 0.00000 0.00000 0.00000
