DATA/RAW-RASTER/CPC/2017/20170903.asc
ncols			60
nrows			40
xllcorner		70.0
yllcorner		20.0
cellsize		0.5
NODATA_value	-99999
0.00000 0.00000 0.00000 0.00000 0.00000 0.00000 0.00000 0.00000 0.00000 0.00000 0.00000 0.00000 0.00000 0.00000 0.00000 0.00000 0.00000 0.00000 0.00000 0.00000 0.00000 0.00000 0.00000 0.00000 0.00000 0.00000 0.00000 0.00000 0.00000 0.00000 0.00000 0.00000 0.00000 0.00000 0.00000 0.00000 0.00000 0.00000 0.00000 0.00000 0.00000 0.00000 0.00000 0.00000 0.00000 0.03435 0.07532 0.13404 0.19070 0.27161 0.47159 0.69523 0.59317 0.33934 0.13517 0.12414 0.04595 0.04141 0.06688 0.08998
0.00000 0.00000 0.00000 0.00000 0.00000 0.00000 0.00000 0.00000 0.00000 0.00000 0.00000 0.00000 0.00000 0.00000 0.00000 0.00000 0.00000 0.00000 0.00000 0.00000 0.00000 0.00000 0.00000 0.00000 0.00000 0.00000 0.00000 0.00000 0.00000 0.00000 0.00000 0.00000 0.00000 0.00000 0.00000 0.00000 0.00000 0.00000 0.00000 0.00000 0.00000 0.00000 0.00000 0.00000 0.02060 0.02822 0.06353 0.24618 0.72315 1.51986 2.55815 3.35186 3.68237 3.79082 3.42761 2.52658 1.61912 0.95925 0.61196 0.36562
0.00000 0.00000 0.00000 0.00000 0.00000 0.00000 0.00000 0.00000 0.00000 0.00000 0.00000 0.00000 0.00000 0.00000 0.00000 0.00000 0.00000 0.00000 0.00000 0.00000 0.00000 0.00000 0.00000 0.00000 0.00000 0.00000 0.00000 0.00000 0.00000 0.00000 0.00000 0.00000 0.00000 0.00000 0.00000 0.00000 0.00000 0.00000 0.00000 0.00000 0.00000 0.00000 0.00000 0.00000 0.05043 0.06462 0.09452 0.46092 1.75282 4.49974 7.26415 8.77046 10.49844 13.51378 14.46390 11.44175 7.50558 5.13355 3.26057 1.60624
0.00000 0.00000 0.00000 0.00000 0.00000 0.00000 0.00000 0.00000 0.00000 0.00000 0.00000 0.00000 0.00000 0.00000 0.00000 0.00000 0.00000 0.00000 0.00000 0.00000 0.00000 0.00000 0.00000 0.00000 0.00000 0.00000 0.00000 0.00000 0.00000 0.00000 0.00000 0.00000 0.00000 0.00000 0.00000 0.00000 0.00000 0.00000 0.00000 0.00000 0.00000 0.00000 0.00000 0.03553 0.13555 0.28813 0.58356 1.50915 3.86328 7.88483 10.95343 12.42134 15.18864 21.22288 26.60120 26.47541 19.32473 12.93806 8.40963 5.98493
0.00000 0.00000 0.00000 0.00000 0.00000 0.00000 0.00000 0.00000 0.00000 0.00000 0.00000 0.00000 0.00000 0.00000 0.00000 0.00000 0.00000 0.00000 0.00000 0.00000 0.00000 0.00000 0.00000 0.00000 0.00000 0.00000 0.00000 0.00000 0.00000 0.00000 0.00000 0.00000 0.00000 0.00000 0.00000 0.00000 0.00000 0.00000 0.00000 0.00000 0.00000 0.00000 0.00000 0.07115 0.34853 0.81021 1.59635 3.05567 5.34262 8.20335 10.58567 12.29027 16.11197 23.09389 28.75003 29.62693 25.61230 17.64331 11.67675 9.79139
0.00000 0.00000 0.00000 0.00000 0.00000 0.00000 0.00000 0.00000 0.00000 0.00000 0.00000 0.00000 0.00000 0.00000 0.00000 0.00000 0.00000 0.00000 0.00000 0.00000 0.00000 0.00000 0.00000 0.00000 0.00000 0.00000 0.00000 0.00000 0.00000 0.00000 0.00000 0.00000 0.00000 0.00000 0.00000 0.00000 0.00000 0.00000 0.00000 0.02701 0.03996 0.06444 0.12781 0.25614 0.77210 1.38966 2.12567 3.01358 4.06680 5.32065 6.97950 9.15938 13.24321 17.01902 20.65452 21.54517 20.40729 15.69139 11.35560 9.82407
0.00000 0.00000 0.00000 0.00000 0.00000 0.00000 0.00000 0.00000 0.00000 0.03414 0.08688 0.05943 0.03740 0.00000 0.00000 0.00000 0.00000 0.00000 0.00000 0.00000 0.00000 0.00000 0.00000 0.00000 0.00000 0.00000 0.00000 0.00000 0.00000 0.00000 0.00000 0.00000 0.00000 0.00000 0.00000 0.00000 0.02894 0.06675 0.11558 0.17272 0.25906 0.45931 0.79527 1.23810 1.63798 1.99098 2.01444 1.91958 1.79809 1.77023 2.51990 4.65173 7.99409 10.94940 12.43080 11.26833 9.88108 10.28556 9.98771 8.72178
0.00000 0.00000 0.00000 0.00000 0.00000 0.00000 0.00000 0.00000 0.09399 0.41745 0.74254 0.81481 0.56747 0.26707 0.09791 0.03343 0.00000 0.00000 0.00000 0.00000 0.00000 0.00000 0.00000 0.00000 0.00000 0.00000 0.00000 0.00000 0.00000 0.00000 0.00000 0.00000 0.00000 0.00000 0.03159 0.07327 0.15922 0.27843 0.44175 0.72274 1.25352 2.04864 3.18507 4.15637 3.86418 3.53527 2.99898 2.00887 1.24933 0.88474 1.28465 2.82038 5.24528 7.01744 7.31850 6.22010 6.61372 8.75488 8.26338 7.37778
0.00000 0.00000 0.00000 0.00000 0.00000 0.00000 0.00000 0.02822 0.45533 0.94023 1.34274 1.52412 1.35438 0.95772 0.49629 0.17567 0.05877 0.00000 0.00000 0.00000 0.00000 0.00000 0.00000 0.00000 0.00000 0.00000 0.00000 0.00000 0.00000 0.00000 0.00000 0.00000 0.02360 0.07845 0.15710 0.29892 0.53290 0.95443 1.56357 2.47284 3.58807 4.87652 5.96292 6.40747 6.17908 6.08709 5.76153 4.77746 2.76092 1.90428 2.40988 3.94474 6.18795 8.56782 9.68082 8.95715 9.62275 10.43414 10.15663 8.54927
0.00000 0.00000 0.00000 0.00000 0.00000 0.00000 0.00000 0.12141 0.85307 1.69387 1.80900 1.58494 1.47388 1.30020 1.02071 0.54805 0.17875 0.00000 0.00000 0.00000 0.00000 0.00000 0.00000 0.00000 0.00000 0.00000 0.00000 0.00000 0.00000 0.03189 0.07745 0.16120 0.23848 0.26834 0.41019 0.76552 1.88810 2.73938 3.44781 4.28736 5.02345 5.70705 6.13200 6.23595 6.25565 6.20550 6.20382 6.24331 6.11867 6.06221 7.43076 9.63168 11.52855 13.18997 13.65345 13.29770 13.56044 13.45049 13.82832 10.64702
0.00000 0.00000 0.00000 0.00000 0.00000 0.00000 0.00000 0.63030 2.07564 3.68044 3.18192 1.62134 1.18841 1.00275 0.87510 0.76465 0.13136 0.00000 0.00000 0.00000 0.00000 0.00000 0.00000 0.00000 0.00000 0.00000 0.00000 0.00000 0.03817 0.13066 0.35004 0.77498 1.00598 1.32511 1.61807 2.20952 3.29422 3.94437 4.50671 5.09569 5.47824 5.92069 6.07260 5.82201 5.86103 5.98312 6.10776 6.40740 7.33215 9.09299 11.23966 12.31606 12.86251 13.55524 14.18069 13.74713 13.46787 15.09623 16.89682 15.06248
0.00000 0.00000 0.00000 0.06190 0.21618 0.33430 0.26076 0.93914 2.36946 3.65820 3.41777 1.53895 0.85633 0.61788 0.49143 0.25368 0.00000 0.00000 0.00000 0.00000 0.00000 0.00000 0.00000 0.00000 0.00000 0.00000 0.00000 0.00000 0.07749 0.33714 0.81465 1.20326 1.51320 1.70215 2.05606 2.69573 3.29075 3.94981 4.71887 5.73176 6.32754 6.21785 5.95752 5.59114 5.39704 5.51047 6.00127 6.89658 8.43436 9.99903 11.60590 12.42724 12.65562 12.72489 13.75129 14.55643 14.59383 15.00801 16.02428 16.92661
0.00000 0.00000 0.33999 1.18501 2.12856 3.02349 2.33670 1.91433 2.50443 1.91245 1.30501 0.90981 0.50682 0.29031 0.09198 0.00000 0.00000 0.00000 0.00000 0.00000 0.00000 0.00000 0.00000 0.00000 0.00000 0.00000 0.00000 0.02487 0.11455 0.49078 1.01381 1.27404 1.50587 1.73263 2.13677 2.60859 3.04808 3.85863 4.98896 5.77131 6.80030 7.00992 6.79569 6.29051 5.74231 5.88738 6.58554 7.14651 8.26137 9.13382 9.92197 10.53771 10.64144 10.17892 10.21231 11.51230 13.14339 14.74462 16.29149 16.41651
0.00000 0.30815 2.37790 4.81879 7.29287 8.40095 6.04625 3.80764 2.78920 1.37067 0.32301 0.16485 0.12639 0.02425 0.00000 0.00000 0.00000 0.00000 0.00000 0.00000 0.00000 0.00000 0.00000 0.00000 0.00000 0.00000 0.00000 0.03539 0.17874 0.63120 1.16171 1.42792 1.60472 1.81039 2.11734 2.54754 2.98509 3.54097 4.21398 5.08440 6.30904 7.87591 8.65711 8.36620 8.24043 8.11387 8.33474 8.67800 7.83998 6.75974 6.45184 7.31471 8.00584 8.24444 8.11001 8.35313 10.16962 13.10681 15.16662 15.49288
0.00000 1.14083 4.09697 8.94514 13.59272 15.33872 11.57290 6.00737 3.64434 1.40729 0.39580 0.09146 0.00000 0.00000 0.00000 0.00000 0.00000 0.00000 0.00000 0.00000 0.00000 0.00000 0.00000 0.00000 0.00000 0.00000 0.00000 0.24456 1.56311 1.62127 1.09625 1.39808 1.56995 1.75104 2.06596 2.39201 2.80214 3.31098 3.92413 4.65809 5.79554 7.25988 8.90683 10.30637 11.71785 12.47158 12.77823 12.10548 9.98241 6.46929 4.58301 4.95692 6.00294 7.10302 7.22993 6.91695 6.34472 7.49276 9.76610 11.53828
0.18242 0.82450 3.31875 10.66520 19.10180 21.24306 16.49476 9.73291 4.36865 1.77554 0.62964 0.09469 0.00000 0.00000 0.00000 0.00000 0.00000 0.00000 0.00000 0.00000 0.00000 0.00000 0.00000 0.00000 0.00000 0.00000 0.00000 1.42860 3.24436 3.32882 1.93717 1.33354 1.50757 1.74445 2.09369 2.31882 2.59209 2.95769 3.54572 4.15913 4.97286 6.42157 8.64844 10.40381 11.79982 13.60887 15.90047 16.41398 13.94682 8.51329 4.65293 3.57925 3.94592 4.45295 4.43579 3.55426 2.53666 2.75460 4.84616 7.59793
0.02539 0.21324 1.91545 8.80147 18.27282 20.82760 14.71441 7.40197 2.03644 0.45749 0.15058 0.00000 0.00000 0.00000 0.00000 0.11995 0.23827 0.06549 0.06478 0.03438 0.00000 0.00000 0.00000 0.00000 0.00000 0.00000 0.16024 3.11647 5.44106 6.16209 4.73157 1.93989 1.43556 1.59183 1.73488 1.89144 2.11608 2.43644 3.12837 3.79405 4.40646 5.81536 8.25298 10.06148 10.97056 12.43709 15.88713 16.33793 13.98840 8.29748 3.29736 1.66951 1.59791 1.47001 1.24584 0.94773 0.45119 0.61705 1.85759 2.67099
0.00000 0.10974 1.55671 5.37474 10.81365 12.21776 8.73205 3.28090 0.72337 0.03947 0.00000 0.00000 0.00000 0.07242 0.37736 0.94527 0.92152 0.35375 0.16484 0.09784 0.00000 0.00000 0.00000 0.00000 0.04225 0.04954 1.27209 4.65661 7.37933 8.50439 6.84525 3.62496 1.48666 1.56967 1.68194 1.82561 1.93487 2.04338 2.82662 3.67310 4.11444 5.27524 7.64664 9.21486 10.12295 11.87087 14.09312 13.89531 10.71231 6.04426 1.93747 0.63850 0.52886 0.30504 0.14944 0.10792 0.00000 0.05539 0.57836 0.79275
0.00000 0.00000 0.26271 1.20841 3.23946 3.77103 2.67047 0.15337 0.00000 0.00000 0.00000 0.00000 0.00000 0.00000 0.79794 3.19208 3.06462 0.99985 0.39691 0.23219 0.11421 0.09372 0.09009 0.07492 0.09508 0.92578 3.22914 6.73531 10.80861 12.70667 10.46155 5.46725 1.49522 1.27326 1.50786 1.72678 1.76193 1.86510 2.44544 3.20211 3.69865 4.43829 6.12282 8.29164 9.51702 10.34153 10.44834 9.48515 6.84996 3.70584 1.45776 0.61351 0.22577 0.03771 0.00000 0.00000 0.00000 0.00000 0.04044 0.16418
0.00000 0.00000 0.00000 0.00000 0.04034 0.00000 0.03172 0.00000 0.00000 0.00000 0.00000 0.00000 0.00000 0.03728 1.52471 5.18121 4.59071 0.93598 0.66478 0.59811 0.27395 0.17184 0.14012 0.13953 0.51623 1.83692 4.90221 9.24144 15.41010 18.86924 15.11069 7.41221 1.45299 0.82401 1.04749 1.36360 1.49133 1.55141 1.84561 2.19771 2.29737 1.97082 2.14593 3.71119 5.53426 6.08818 5.26567 3.55029 2.35197 1.61230 1.24994 1.00252 0.55764 0.03179 0.00000 0.00000 0.00000 0.00000 0.00000 0.00000
0.00000 0.00000 0.00000 0.00000 0.00000 0.00000 0.00000 0.00000 0.00000 0.02396 0.17915 0.16887 0.05692 0.03657 0.74570 1.59916 1.34138 0.46281 0.47987 0.73468 0.59255 0.49826 0.36375 0.29513 0.61496 2.31307 7.22495 16.78865 25.89979 26.78501 19.17317 9.16951 3.02095 0.66968 0.47071 0.59799 0.66079 0.61356 0.68626 0.87361 0.77790 0.38637 0.28436 0.83583 1.78668 2.15260 1.77283 1.07004 0.61032 0.59295 1.38994 2.09857 1.90173 1.06924 0.24128 0.00000 0.00000 0.00000 0.00000 0.00000
0.00000 0.00000 0.00000 0.00000 0.00000 0.00000 0.00000 0.00000 0.00000 0.06726 0.22591 0.30941 0.13252 0.00000 0.00000 0.14333 0.13169 0.00000 0.12447 0.37300 0.92921 0.99087 0.48825 0.31585 1.33654 8.05608 18.08856 28.85571 29.51453 26.44024 17.57772 8.23065 2.80439 0.61960 0.18107 0.16824 0.24335 0.17475 0.19961 0.27791 0.16568 0.05109 0.05333 0.18100 0.33274 0.62844 0.93699 1.22233 1.22501 2.69560 4.25388 5.44584 5.63906 3.78392 1.28496 0.15868 0.00000 0.00000 0.00000 0.00000
0.00000 0.00000 0.00000 0.00000 0.00000 0.00000 0.00000 0.00000 0.00000 0.00000 0.05737 0.10978 0.02050 0.00000 0.00000 0.00000 0.00000 0.00000 0.00000 0.00000 0.49080 0.78462 0.44794 0.77993 3.49298 21.06114 48.20744 64.72144 49.98014 29.51364 16.59753 7.88454 2.95342 0.62767 0.17369 0.05674 0.30975 0.28111 0.22076 0.22822 0.14697 0.00000 0.00000 0.00000 0.00000 0.22341 1.04078 2.96264 8.09222 17.82818 21.29884 20.81863 10.86844 6.42612 2.35449 0.50438 0.00000 0.00000 0.00000 0.00000
0.00000 0.00000 0.00000 0.00000 0.00000 0.00000 0.00000 0.00000 0.00000 0.00000 0.00000 0.00000 0.00000 0.00000 0.00000 0.00000 0.00000 0.00000 0.00000 0.00000 0.00000 0.25148 0.69649 1.31618 0.99084 20.00859 55.00811 91.93237 89.81787 44.40129 15.09152 7.75260 4.45960 2.13281 1.14863 0.78998 0.67899 0.61255 0.41071 0.57863 1.05095 0.54064 0.21509 0.10665 0.12696 0.41792 3.79488 14.95827 30.08035 41.06459 47.37048 48.05075 30.52086 11.78949 4.42986 0.97128 0.13838 0.02201 0.05375 0.23147
0.00000 0.00000 0.00000 0.00000 0.00000 0.00000 0.00000 0.00000 0.00000 0.00000 0.00000 0.00000 0.00000 0.00000 0.00000 0.00000 0.00000 0.00000 0.00000 0.00000 0.00000 0.38752 1.84512 2.80978 6.52383 11.37397 20.75347 44.14769 55.31032 31.29974 14.09563 8.89203 7.98606 7.23135 4.07106 1.76311 1.84710 1.16888 0.78877 1.70877 3.27195 4.48709 3.02857 1.15127 0.86843 2.64337 10.83347 26.95185 36.93908 43.65229 43.44775 41.57673 38.14421 16.91048 6.60992 2.13476 0.42647 0.21219 0.34418 0.85265
0.00000 0.00000 0.00000 0.00000 0.00000 0.00000 0.00000 0.00000 0.00000 0.00000 0.00000 0.00000 0.00000 0.00000 0.00000 0.00000 0.00000 0.00000 0.00000 0.00000 0.00000 0.05637 1.24132 2.42697 3.46101 3.81252 3.41117 11.76828 20.34038 12.35338 8.38780 10.11384 12.22856 12.49798 10.13254 6.19058 5.94247 3.53483 3.26677 4.64423 8.44001 15.14766 13.67227 4.60584 2.61279 5.26793 12.52415 22.49616 22.77406 25.02465 27.70483 28.81415 28.43239 21.03802 9.25825 3.17852 0.74084 0.62142 1.01730 1.97052
0.00000 0.00000 0.00000 0.00000 0.00000 0.00000 0.00000 0.00000 0.00000 0.00000 0.00000 0.00000 0.00000 0.00000 0.00000 0.00000 0.00000 0.00000 0.00000 0.00000 0.00000 0.00000 0.02331 0.58084 1.29059 1.22817 1.30896 3.46661 5.88811 4.61074 4.78167 7.54937 10.76762 12.44228 13.50568 13.20049 5.74364 3.94793 6.27283 8.91641 16.00665 24.84261 21.95317 9.68666 2.16167 4.39165 6.65311 7.39165 7.47784 13.87149 20.37313 24.05110 24.76123 15.93787 6.58950 1.84925 0.46690 0.73448 1.23891 2.07400
0.00000 0.00000 0.00000 0.00000 0.12893 0.27353 0.34026 0.41357 0.13509 0.00000 0.00000 0.00000 0.00000 0.00000 0.00000 0.00000 0.00000 0.00000 0.00000 0.00000 0.00000 0.00000 0.00000 0.00000 0.19515 0.31654 0.49843 0.54294 0.43162 0.67034 0.39928 2.80564 8.36198 10.88416 7.57334 9.23185 7.73745 7.93028 7.51461 7.94645 16.03563 24.68128 17.60800 10.53359 3.15169 2.23567 3.11090 4.24418 6.13692 9.40866 14.28318 17.77619 13.28502 5.96434 2.60999 0.59047 0.26421 0.36140 0.61562 1.00036
0.00000 0.00000 0.00000 0.14729 0.78355 1.64397 2.08088 1.50977 0.53408 0.23332 0.19988 0.11436 0.00000 0.00000 0.00000 0.00000 0.00000 0.00000 0.00000 0.00000 0.00000 0.00000 0.00000 0.00000 0.00000 0.00000 0.00000 0.00000 0.00000 0.00000 0.00000 1.56220 5.46490 6.06379 3.59628 5.41494 11.33888 13.29798 4.39676 4.18846 10.19809 16.48719 15.84433 8.99809 6.83260 5.29335 3.13652 4.85208 7.05377 7.49458 9.19266 8.33964 4.38944 2.46687 0.94971 0.33109 0.16103 0.09714 0.12821 0.19766
0.00000 0.00000 0.00000 0.35993 1.51337 3.71933 4.74533 2.55107 1.16020 0.89114 0.70842 0.46691 0.26418 0.02792 0.03557 0.00000 0.00000 0.00000 0.00000 0.00000 0.00000 0.00000 0.00000 0.00000 0.00000 0.00000 0.00000 0.00000 0.00000 0.00000 0.00000 0.25057 2.27853 1.62320 0.85688 3.29150 7.70141 9.18593 4.94028 3.81932 6.58557 13.55793 22.20907 25.56525 24.70558 24.65745 16.20843 7.79897 5.22576 5.02408 5.40373 4.05173 2.55948 1.64170 0.90922 0.63791 0.21778 0.05088 0.00000 0.00000
0.00000 0.00000 0.11665 0.58214 1.39727 3.35899 3.98173 1.55959 1.00079 1.48150 1.97183 1.62166 0.87464 0.32781 0.29113 0.17597 0.00000 0.00000 0.00000 0.00000 0.00000 0.00000 0.00000 0.00000 0.00000 0.00000 0.00000 0.00000 0.00000 0.00000 0.09034 0.35426 0.52084 1.48810 1.81556 2.76354 3.44177 3.46427 2.99198 2.77414 3.39325 8.43009 19.19238 26.38106 27.69204 33.77024 23.03982 7.52934 4.24413 4.34004 4.45676 3.23251 2.24238 1.98108 1.88146 1.91548 0.98367 0.41051 0.02206 0.00000
0.00000 0.00000 0.00000 0.42970 0.71231 1.62241 1.59841 1.29578 2.31688 4.52341 5.76984 4.89415 2.63605 0.58379 0.31266 0.32897 0.18244 0.09736 0.00000 0.00000 0.00000 0.00000 0.00000 0.00000 0.00000 0.00000 0.00000 0.00000 0.27218 1.45795 2.50314 3.03042 2.74906 3.81989 5.26143 3.69809 1.67507 1.79181 2.20649 2.88664 3.57262 6.45250 11.02095 12.94652 17.18871 20.73174 11.95502 7.63250 4.70136 3.72391 3.20481 2.52312 2.44715 2.36443 2.39200 3.48432 2.56930 1.21643 0.08419 0.00000
0.00000 0.00000 0.09988 1.18332 2.30478 3.08693 2.19645 2.56973 5.69486 10.52117 11.78796 10.05860 5.46265 1.99052 0.62036 0.56910 0.45045 0.21635 0.00000 0.00000 0.00000 0.00000 0.00000 0.00000 0.00000 0.00000 0.00000 0.25577 1.54330 4.83128 7.56504 5.95352 3.05465 4.20947 9.17779 8.52858 5.86336 5.66783 4.55395 4.80293 4.37399 7.08628 11.43596 11.62455 13.43191 11.47863 7.30843 4.96557 3.22293 2.34085 1.69442 1.69537 2.34703 2.68622 3.11486 3.35573 2.81558 1.28148 0.20045 0.00000
0.00000 0.00000 0.10488 1.47915 4.19355 7.02447 5.07131 4.42628 8.01422 12.81110 14.42868 15.03891 10.56023 4.91235 1.22372 0.57441 0.47854 0.11217 0.00000 0.00000 0.05514 0.05420 0.00000 0.00000 0.00000 0.00000 0.00000 0.34108 2.96881 7.51957 11.02260 6.42539 1.43311 1.47553 9.73808 23.11488 12.90063 4.19828 2.56998 4.04449 4.58120 7.41051 11.97113 12.92472 18.37508 13.22906 5.42211 2.86116 1.94382 1.63403 1.08013 1.10929 1.63129 2.11964 2.18078 1.91416 1.88762 0.93267 0.16133 0.00000
0.00000 0.08965 0.13421 1.12385 3.19655 2.92248 2.38410 3.29184 5.74038 7.77437 8.98110 17.11051 14.62373 7.06456 1.48024 0.00000 0.26872 0.16273 0.00000 0.21275 1.46953 1.27975 0.12329 0.00000 0.00000 0.00000 0.00000 0.00000 1.75803 5.36070 6.56512 3.43506 0.37317 0.24385 4.94035 8.82944 6.22961 3.04444 2.57208 3.78780 4.61699 10.34281 24.67237 17.77164 26.36512 22.21989 9.97407 3.50678 2.32991 1.92474 1.44334 1.11040 1.06516 1.24312 1.18161 0.85471 1.02769 0.57148 0.05512 0.00000
0.05946 0.23388 0.91579 2.97769 4.93235 3.18360 1.19789 1.75083 3.04637 3.27076 4.04965 7.85875 7.87853 5.63842 2.04125 0.04695 0.66745 0.34765 0.20396 0.08006 0.94956 0.31269 0.00000 0.00000 0.00000 0.00000 0.00000 0.00000 0.22500 1.11399 2.10494 1.10583 0.00000 0.00000 0.00000 0.00000 0.02269 0.61820 3.50177 6.93195 8.08667 16.70002 36.07671 23.22115 26.95641 28.96991 17.99536 5.77404 2.58825 2.14924 1.77013 1.44761 0.90936 0.83333 0.75549 0.64691 0.60025 0.29013 0.00000 0.00000
0.02033 0.11205 1.00567 4.51589 7.60897 4.78829 2.27372 1.32417 0.87527 0.53427 0.93094 1.40846 2.75311 2.86109 0.81871 0.02919 1.49311 5.53080 6.28187 2.36563 0.00000 0.00000 0.00000 0.00000 0.00000 0.00000 0.00000 0.00000 0.10157 0.33730 0.76217 0.20324 0.00000 0.00000 0.00000 0.00000 0.00000 0.00000 5.00583 12.35079 19.29345 -99999.00000 -99999.00000 45.34023 33.42403 26.66792 20.63725 8.42010 2.78108 2.46367 2.16727 1.41504 0.60752 0.49657 0.41910 0.29365 0.17330 0.03386 0.00000 0.00000
0.00000 0.27668 1.22006 3.37120 4.71682 2.75946 2.23878 1.43975 0.23560 0.00000 0.03911 0.40958 1.01118 0.99791 0.20201 0.78639 4.46336 14.28681 18.30997 7.79807 0.60595 0.00000 0.00000 0.00000 0.00000 0.00000 0.00000 0.00000 0.58531 2.27649 2.19766 0.86929 0.00000 0.00000 0.00000 -99999.00000 -99999.00000 -99999.00000 -99999.00000 -99999.00000 -99999.00000 -99999.00000 -99999.00000 19.13911 12.93049 14.25021 13.59229 8.76818 3.65767 2.60369 1.94276 0.63343 0.21280 0.15113 0.09961 0.03911 0.00000 0.00000 0.00000 0.00000
0.02210 0.67288 1.31623 2.73372 -99999.00000 5.13101 4.26099 1.70613 0.20192 0.00000 0.00000 0.24761 0.73525 0.34159 0.39303 1.27153 3.34611 8.96377 14.89637 6.00967 1.37555 0.00000 0.00000 0.00000 0.00000 0.00000 0.00000 0.02333 0.76440 2.81531 3.34556 1.14089 0.00000 0.00000 -99999.00000 -99999.00000 -99999.00000 -99999.00000 -99999.00000 -99999.00000 -99999.00000 -99999.00000 -99999.00000 -99999.00000 8.33635 7.68784 7.69197 7.21173 5.25576 2.78105 1.08682 0.19534 0.00000 0.00000 0.00000 0.00000 0.00000 0.00000 0.00000 0.00000
-99999.00000 -99999.00000 -99999.00000 -99999.00000 -99999.00000 4.96179 4.47462 0.98265 0.11652 0.00000 0.00000 0.23943 0.72228 0.46932 1.15421 2.85104 4.71274 5.75128 8.21091 4.78422 2.16911 0.54785 0.00000 0.00000 0.00000 0.00000 0.00000 0.00000 0.33375 1.76273 2.59827 1.60874 0.72649 0.08852 -99999.00000 -99999.00000 -99999.00000 -99999.00000 -99999.00000 -99999.00000 -99999.00000 -99999.00000 -99999.00000 -99999.00000 -99999.00000 5.34619 5.56229 5.69254 5.10356 2.82250 0.60544 0.08313 0.00000 0.00000 0.00000 0.00000 0.00000 0.00000 0.00000 0.00000
