DATA/RAW-RASTER/CPC/2017/20170620.asc
ncols			60
nrows			40
xllcorner		70.0
yllcorner		20.0
cellsize		0.5
NODATA_value	-99999
0.00000 0.38023 1.10688 1.50179 1.53642 1.07194 0.58974 0.53704 0.84392 1.19770 0.90233 0.45961 0.40679 0.27058 0.00000 0.00000 0.00000 0.00000 0.00000 0.02210 0.00000 0.00000 0.00000 0.00000 0.00000 0.00000 0.00000 0.00000 0.00000 0.00000 0.00000 0.00000 0.00000 0.00000 0.00000 0.00000 0.00000 0.00000 0.00000 0.00000 0.00000 0.00000 0.00000 0.00000 0.00000 0.00000 0.00000 0.00000 0.00000 0.00000 0.00000 0.07297 0.32700 0.78352 2.07040 4.48480 5.31490 4.94809 4.70249 4.31379
0.00000 0.00000 0.08617 0.22881 0.32806 0.12384 0.12259 0.43182 1.24978 1.60311 0.82584 0.19791 0.08571 0.00000 0.00000 0.00000 0.00000 0.00000 0.00000 0.00000 0.00000 0.00000 0.00000 0.00000 0.00000 0.00000 0.00000 0.00000 0.00000 0.00000 0.00000 0.00000 0.00000 0.00000 0.00000 0.00000 0.00000 0.00000 0.00000 0.00000 0.00000 0.00000 0.00000 0.00000 0.00000 0.00000 0.00000 0.00000 0.00000 0.00000 0.00000 0.04632 0.61749 1.92482 4.80424 8.76236 11.65419 9.82281 6.53586 4.83880
0.00000 0.00000 0.00000 0.00000 0.00000 0.14318 0.38087 0.90533 2.61109 3.49988 2.51098 0.95970 0.24836 0.00000 0.00000 0.00000 0.00000 0.00000 0.00000 0.00000 0.00000 0.00000 0.00000 0.00000 0.00000 0.00000 0.00000 0.00000 0.00000 0.00000 0.00000 0.00000 0.00000 0.00000 0.00000 0.00000 0.00000 0.00000 0.00000 0.00000 0.00000 0.00000 0.00000 0.00000 0.00000 0.00000 0.00000 0.00000 0.00000 0.00000 0.00000 0.00000 0.21481 1.92749 4.44811 6.85123 9.14930 11.04486 9.96995 7.07882
0.00000 0.00000 0.00000 0.00000 0.00000 0.33992 1.38586 3.46977 5.61013 5.61940 4.39090 2.10629 0.63866 0.06956 0.00000 0.00000 0.00000 0.00000 0.00000 0.00000 0.00000 0.00000 0.00000 0.00000 0.00000 0.00000 0.00000 0.00000 0.00000 0.00000 0.00000 0.00000 0.00000 0.00000 0.00000 0.00000 0.00000 0.00000 0.00000 0.00000 0.00000 0.00000 0.00000 0.00000 0.00000 0.00000 0.00000 0.00000 0.00000 0.00000 0.00000 0.00000 0.07510 0.61877 1.60773 2.87034 4.14682 5.88635 6.97929 6.94688
0.00000 0.00000 0.00000 0.00000 0.03699 0.62465 2.06969 4.16536 5.78392 6.77623 5.13800 2.69182 0.90800 0.20541 0.00000 0.00000 0.00000 0.00000 0.00000 0.00000 0.00000 0.00000 0.00000 0.00000 0.00000 0.00000 0.00000 0.00000 0.00000 0.00000 0.00000 0.00000 0.00000 0.00000 0.00000 0.00000 0.00000 0.00000 0.00000 0.00000 0.00000 0.00000 0.00000 0.00000 0.00000 0.00000 0.00000 0.00000 0.00000 0.00000 0.00000 0.00000 0.00000 0.00000 0.19552 0.58641 1.38218 2.61165 3.68391 4.15133
0.00000 0.00000 0.00000 0.00000 0.05416 0.59183 1.80840 3.32170 4.65592 6.34456 5.76044 3.19440 1.16258 0.28119 0.00000 0.00000 0.00000 0.00000 0.00000 0.00000 0.00000 0.00000 0.00000 0.00000 0.00000 0.00000 0.00000 0.00000 0.00000 0.00000 0.00000 0.00000 0.00000 0.00000 0.00000 0.00000 0.00000 0.00000 0.00000 0.00000 0.00000 0.00000 0.00000 0.00000 0.00000 0.00000 0.00000 0.00000 0.00000 0.00000 0.00000 0.00000 0.00000 0.00000 0.00000 0.10446 0.47945 1.27121 2.28127 2.86996
0.00000 0.00000 0.00000 0.00000 0.00000 0.00000 0.82555 2.24021 3.49053 5.30138 5.60575 3.53118 1.48299 0.43568 0.03946 0.00000 0.00000 0.00000 0.00000 0.00000 0.00000 0.00000 0.00000 0.00000 0.00000 0.00000 0.00000 0.00000 0.00000 0.00000 0.00000 0.00000 0.00000 0.00000 0.00000 0.00000 0.00000 0.00000 0.00000 0.00000 0.00000 0.00000 0.00000 0.00000 0.00000 0.00000 0.00000 0.00000 0.00000 0.00000 0.00000 0.00000 0.00000 0.00000 0.00000 0.02655 0.12845 0.53118 1.47964 2.14959
0.00000 0.00000 0.00000 0.00000 0.00000 0.00000 0.00000 1.26273 2.84231 3.96624 5.11465 3.93341 2.10813 0.65385 0.21030 0.07115 0.02115 0.00000 0.00000 0.00000 0.00000 0.00000 0.00000 0.00000 0.00000 0.00000 0.00000 0.00000 0.00000 0.00000 0.00000 0.00000 0.00000 0.00000 0.00000 0.00000 0.00000 0.00000 0.00000 0.00000 0.00000 0.00000 0.00000 0.00000 0.00000 0.00000 0.00000 0.00000 0.00000 0.00000 0.00000 0.00000 0.00000 0.00000 0.00000 0.00000 0.03845 0.23909 0.67368 1.28949
0.00000 0.00000 0.00000 0.00000 0.00000 0.00000 0.38642 2.11642 3.19310 4.13656 4.94103 4.74531 3.61381 2.59304 1.20519 0.39969 0.12960 0.00000 0.00000 0.00000 0.00000 0.00000 0.00000 0.00000 0.00000 0.00000 0.00000 0.00000 0.00000 0.00000 0.00000 0.02783 0.07755 0.05195 0.02350 0.00000 0.00000 0.00000 0.00000 0.00000 0.00000 0.00000 0.00000 0.00000 0.00000 0.00000 0.00000 0.00000 0.00000 0.00000 0.00000 0.00000 0.00000 0.00000 0.00000 0.00000 0.03816 0.15612 0.43108 0.86296
0.33347 0.09478 0.00000 0.00000 0.00000 1.02283 3.32058 3.79297 4.57019 5.80518 5.24967 4.62724 4.48717 4.23155 3.62084 2.19430 0.63463 0.00000 0.00000 0.00000 0.00000 0.00000 0.00000 0.00000 0.00000 0.00000 0.00000 0.00000 0.03263 0.19368 0.36795 0.65498 0.98556 0.89500 0.60235 0.55010 0.26324 0.28808 0.24741 0.19468 0.08631 0.00000 0.00000 0.00000 0.00000 0.00000 0.00000 0.00000 0.00000 0.00000 0.00000 0.00000 0.00000 0.00000 0.00000 0.00000 0.02768 0.13204 0.42227 0.75903
1.67003 1.60297 0.55857 0.17568 0.75667 4.56745 9.59227 10.07047 8.97880 9.64168 7.76595 4.84832 4.46906 4.71443 4.71981 4.19895 1.64009 0.16823 0.06427 0.05643 0.05424 0.05551 0.05785 0.06430 0.06912 0.06812 0.07287 0.07662 0.21380 0.52181 1.19780 2.38613 2.78686 3.08931 3.23186 3.56362 3.49716 2.50820 1.49877 0.76673 0.34544 0.12632 0.02017 0.00000 0.00000 0.00000 0.00000 0.00000 0.00000 0.00000 0.00000 0.00000 0.00000 0.00000 0.00000 0.00000 0.05972 0.26697 0.80271 1.23123
3.61686 3.23982 2.29848 1.82704 3.38335 10.32418 17.53785 12.66204 9.98119 8.55173 9.13826 6.47919 5.03126 4.89620 4.87830 4.04733 2.46964 0.81249 0.20470 0.10737 0.10125 0.09846 0.09740 0.10657 0.12433 0.13230 0.13750 0.19012 0.38797 1.16313 2.55854 3.62512 4.01020 4.28131 4.81224 5.47589 5.57424 5.06604 3.94133 2.29880 1.09473 0.42009 0.11607 0.00000 0.00000 0.00000 0.00000 0.00000 0.00000 0.00000 0.00000 0.00000 0.00000 0.00000 0.08009 0.17673 0.33293 0.75072 1.40016 1.83806
5.36159 4.55590 3.48161 3.39945 4.70033 7.40790 11.52608 14.74335 14.22424 9.21746 9.99784 9.87902 7.20375 5.62971 4.93411 3.50627 1.89978 0.70189 0.20466 0.10828 0.10262 0.10096 0.10320 0.11453 0.13510 0.15186 0.16637 0.24701 0.53137 1.63842 3.13941 3.91260 4.46031 5.02563 5.97535 6.84188 7.18575 7.63012 7.52212 5.59518 3.22970 1.47098 0.50752 0.00000 0.00000 0.00000 0.00000 0.00000 0.00000 0.00000 0.00000 0.00000 0.00000 0.08291 0.18055 0.32001 0.66439 1.25325 1.83337 2.00109
4.89004 4.25549 3.80631 4.21449 5.94718 9.38220 16.66072 26.03127 21.84937 17.30408 14.07596 12.56366 13.42252 11.50315 7.89786 2.99110 1.29677 0.52123 0.19195 0.10737 0.10285 0.10452 0.11232 0.12809 0.14846 0.16420 0.19264 0.29999 0.74195 2.04023 3.52939 4.34087 4.97169 5.67660 6.63527 7.69947 8.42607 9.17529 9.47006 8.80160 6.98045 4.34831 1.98394 0.39993 0.00000 0.00000 0.02274 0.03874 0.00000 0.00000 0.00000 0.00000 0.08255 0.17803 0.21180 0.31757 0.66303 1.23162 1.63862 1.65986
2.86522 2.45227 2.68379 3.87029 6.15581 11.43246 22.32637 30.15956 26.94916 21.38447 20.21984 23.04794 30.55879 20.65745 8.13702 2.21476 1.18782 0.50542 0.22410 0.11972 0.10495 0.10951 0.12163 0.14301 0.15611 0.18056 0.22643 0.37312 0.97403 2.08106 3.39764 4.30999 4.95963 5.68923 6.79723 7.73058 8.75699 9.78775 10.75827 11.22277 10.44500 7.38771 3.74693 1.57063 0.54355 0.16392 0.16951 0.20634 0.10175 0.00000 0.05330 0.00000 0.18090 0.26606 0.26583 0.34008 0.47504 0.67882 0.81877 0.73266
1.01869 0.82866 1.71088 3.85203 5.42365 7.23880 14.34418 23.51750 24.46714 20.75755 20.81270 27.87615 38.18178 25.11690 6.48569 2.82042 1.08499 0.57180 0.37394 0.19043 0.13148 0.13166 0.14300 0.14462 0.18157 0.24497 0.31365 0.51965 1.18250 2.08718 3.13247 4.20302 4.89045 5.81235 7.03026 7.70465 8.39186 9.31881 10.72712 11.76926 11.65261 8.85083 4.44018 1.52157 0.54379 0.20962 0.24104 0.31042 0.40131 0.44558 0.67934 0.71932 0.69406 0.49867 0.40065 0.37947 0.37483 0.36777 0.34380 0.21671
1.25816 1.24069 2.77466 6.01673 7.05339 7.30126 10.57371 17.83848 20.41067 13.49809 11.19862 14.51310 15.98517 13.78604 3.70634 2.91934 1.87406 1.14584 0.95605 0.58950 0.33518 0.24576 0.19148 0.17862 0.26032 0.35089 0.44668 0.77191 1.28801 2.09721 2.98696 4.14456 4.81590 5.52406 6.02717 6.52567 7.18713 8.02126 9.82920 11.54128 12.04899 9.82633 4.57835 1.09342 0.22582 0.15304 0.26769 0.33281 0.53544 1.05553 1.60187 1.74453 1.23518 0.68187 0.47456 0.40427 0.35402 0.36002 0.25115 0.00000
4.44126 8.07346 12.08444 15.48202 14.47209 11.52749 11.47120 14.94963 17.03073 11.14102 6.72150 4.35609 2.46381 3.11142 1.82008 2.94430 4.40839 3.49168 2.69198 1.67260 0.88502 0.54187 0.42899 0.29900 0.38300 0.44668 0.63644 0.98368 1.27645 1.86545 2.51706 3.45875 4.64616 5.53312 5.94993 6.40492 6.71214 6.93367 9.07941 11.43958 11.84203 9.94338 4.99503 1.25547 0.31678 0.31418 0.40478 0.48233 0.74607 1.37659 1.88530 1.87585 1.25247 0.62258 0.43976 0.49518 0.62836 0.81076 0.90367 0.54491
12.37139 22.04124 27.76630 28.04769 22.49949 14.14987 9.50864 8.51955 9.17457 8.60764 5.97204 3.67236 2.97394 2.03666 2.02854 4.45134 12.13747 13.44740 7.44715 3.53880 1.22894 0.67026 0.55517 0.42613 0.50877 0.68334 0.94385 1.26751 1.69967 1.93298 2.25660 2.58415 3.40397 4.54226 5.45378 6.23020 6.28392 6.53439 8.12870 10.02986 10.52601 9.06229 5.69742 3.00271 1.85625 1.67578 1.50456 1.33814 1.22224 1.38462 1.39191 1.23379 1.01209 0.70175 0.57387 0.75155 1.33591 2.03261 2.50453 2.66377
18.14892 31.22061 35.11624 32.50253 23.26273 12.10708 6.14186 4.77076 5.26617 7.99367 9.23480 8.48707 6.74219 4.41189 4.07502 4.54350 11.29483 13.33233 9.74596 5.01443 1.35287 0.72477 0.69579 0.71191 0.80496 1.02113 1.36344 1.62962 2.25562 2.83810 2.51769 1.96527 1.94598 2.72755 4.03880 5.45335 6.05221 6.29955 7.13235 7.82506 7.75592 6.06789 4.73948 4.78963 5.21767 4.97004 3.82990 2.41336 1.89806 1.60030 1.49971 1.24170 0.94457 0.77197 0.80101 1.31302 2.17993 2.86495 3.67853 4.86395
20.00359 30.72694 30.47908 26.34728 20.57298 12.19725 6.17258 4.41485 5.22008 10.19163 16.14713 16.54025 12.28787 7.32941 5.72628 5.23196 4.16775 4.01817 3.37018 2.21556 1.55437 1.68391 1.93920 1.76854 1.35964 1.32106 1.80136 2.97518 4.29117 4.51446 3.42853 1.98994 1.22386 1.17078 1.91606 3.27119 4.48151 4.86928 4.94516 5.27947 4.92720 4.03245 3.91962 5.92022 9.51346 10.19829 6.80018 3.30504 2.17527 1.60438 1.41878 1.16830 0.89375 0.84000 0.87821 1.57488 2.26256 3.06794 4.96489 8.08815
25.97429 28.48382 25.61062 22.25213 21.33231 17.14138 10.70105 7.22623 7.87891 12.12559 19.84875 25.70888 18.51893 11.39869 9.82135 9.04113 4.46232 0.57411 0.33918 0.72166 2.33211 3.69693 4.22624 3.05482 2.71503 3.64690 3.90081 4.87415 4.81316 4.67370 3.68453 2.15667 0.97901 0.48100 0.68425 1.65928 3.13411 3.96809 3.79494 3.91409 4.05653 4.10075 5.24687 9.11118 14.62195 15.39371 11.38033 6.35980 2.86371 2.16368 1.43700 0.77331 0.32343 0.79687 1.03757 1.37504 1.94866 2.89811 5.93977 12.58228
26.27355 27.66559 25.59454 23.75595 23.33540 20.27740 15.48801 12.16178 10.60116 10.36803 11.83675 14.10946 12.71452 9.61684 11.93665 10.87718 5.08646 0.66124 0.00000 0.33684 2.58667 6.19663 7.49890 6.63781 6.53340 7.26626 9.14362 10.46603 8.28581 5.74024 4.49666 2.98726 1.32790 0.35196 0.27078 1.07281 2.58071 3.47762 3.35864 3.43955 4.29994 5.84644 9.32782 13.91234 16.76706 17.15798 15.27221 10.76724 6.69968 4.29410 1.64123 0.57308 0.30391 0.61626 1.07272 1.37664 1.46705 1.68981 4.23370 11.81770
21.02914 24.63481 23.58469 22.66580 22.52462 20.71544 18.53179 15.50816 11.40154 8.65247 5.07733 2.44399 3.56419 4.96302 7.59478 6.79070 3.68604 1.59875 0.31723 1.09277 6.01062 12.46787 11.99820 9.01316 8.13518 7.67223 9.53582 13.66936 14.34788 10.14078 6.24516 4.75489 2.92301 1.31198 0.78464 1.40821 2.79556 3.53572 3.23355 3.49739 4.71724 6.75829 10.49469 14.52215 15.80777 17.40313 29.07485 28.67149 12.76881 3.67005 0.83441 0.21561 0.25656 0.50110 1.17321 1.58376 1.71576 1.52300 2.88061 8.93844
11.40536 13.70465 14.33175 16.26397 19.18202 19.53253 18.79353 16.65616 11.27013 6.00538 2.79042 1.02488 0.46931 1.41053 2.72335 2.48643 1.82721 2.46167 3.97712 7.16188 17.00250 21.98450 15.69041 8.82978 9.06417 6.21565 4.55538 7.41671 10.47490 10.41505 10.33557 7.92483 6.52319 5.11981 2.30859 2.62216 6.00529 5.01960 4.15356 4.87550 4.41110 8.21333 10.58708 10.46433 15.43348 27.76368 36.85244 25.11656 9.88599 0.06440 0.00000 0.00000 0.04669 0.37085 1.14817 2.66144 3.46473 4.20114 4.22175 7.85916
3.36662 3.40280 5.40901 11.28125 18.26616 19.39539 18.11107 15.37326 9.70443 4.95711 2.27110 0.81854 0.17928 0.11682 1.10314 0.97845 1.50303 3.50906 7.46816 15.94568 27.85771 34.12230 28.98801 17.36238 11.84851 5.73959 2.14134 3.38183 6.45929 7.55028 8.56175 9.63880 10.69056 8.98391 3.22322 4.28670 14.44980 12.43423 9.54705 6.82318 5.91243 9.47463 14.51856 11.85326 18.16683 21.80446 20.12926 11.52169 5.16254 0.97542 0.00000 0.00000 0.00000 0.36839 1.69190 3.95921 5.16524 6.28405 6.73832 11.32617
0.02007 0.47801 2.25781 7.88383 14.66771 16.54677 15.96317 13.58082 9.12407 6.42213 3.13663 0.68835 0.00000 0.00000 1.29743 3.23182 5.12164 5.87709 6.48941 10.36710 18.63028 39.39425 42.49638 29.70143 15.87079 6.24965 2.17896 3.07533 4.91631 5.42131 5.74206 6.39678 8.37916 10.28099 8.09811 11.15418 10.58294 12.90206 9.57421 6.44867 7.49239 9.08827 8.80355 8.80175 11.28041 8.56658 6.22361 3.19642 1.40762 1.26489 0.78181 0.16440 0.00000 0.95500 2.63288 5.03459 5.71793 6.41781 7.86609 11.57128
0.00000 0.38760 1.37429 4.65563 10.20936 14.84898 15.81770 12.60788 8.60833 6.46055 3.66661 0.83238 0.00000 0.11763 2.14613 5.73765 9.44333 6.39198 2.88877 1.37881 3.27533 16.90539 28.16036 23.89967 13.89367 7.92412 7.24165 7.89036 6.69451 4.19000 2.33204 1.55026 4.29286 15.05075 37.72158 29.73780 14.50781 12.54697 8.90446 6.64271 8.86872 8.56844 4.50480 3.18835 2.85130 2.41842 2.19065 1.78001 1.85486 1.72736 0.96921 0.55766 0.49380 2.55557 3.99411 5.37745 4.95225 4.49615 5.22540 6.76014
0.00000 0.11818 0.34572 2.43259 8.11431 15.03483 17.65562 12.85581 7.32087 4.20577 2.30798 0.86278 0.34024 0.24027 0.94444 3.29182 5.32792 5.71106 3.27714 1.23929 0.53772 5.66769 11.81235 13.06891 8.81498 7.38762 15.26441 16.02579 10.42401 3.80714 0.73728 0.77575 2.87393 8.67483 16.84886 15.67427 9.75030 11.72478 15.07207 11.37593 11.09656 8.63949 3.55385 0.47745 0.20105 0.19503 0.23822 1.28987 2.34854 2.64515 2.84702 2.64907 2.87566 4.49735 5.16461 5.32226 4.65008 3.30976 2.57567 3.34699
0.00000 0.12317 0.52973 2.16803 7.67466 17.22541 22.89143 14.63321 6.56371 2.81110 1.90642 1.65588 1.18219 0.33246 0.00000 1.36953 5.14939 6.58678 4.44656 5.07884 4.19087 4.05355 6.06514 6.55387 7.39070 12.84477 21.86178 19.63427 12.20203 4.81510 1.13259 0.44448 1.21251 1.54915 1.36310 2.03995 2.19507 5.71826 9.70316 11.25310 14.77887 16.40957 7.24181 1.22478 0.46870 0.21846 1.58657 3.75080 3.85407 3.69974 3.99440 4.19400 5.36853 7.61725 7.07998 6.66949 5.13643 3.34597 1.85984 2.61082
0.00000 0.24070 0.87848 2.34802 4.57420 10.55043 18.42356 14.29325 8.24215 3.84405 2.64729 2.10369 1.35519 0.38001 0.00000 0.93292 2.73421 2.19760 3.80928 7.45149 7.88662 6.02608 6.79931 4.29618 6.01688 14.74743 20.56942 22.06798 16.90819 6.79398 2.33589 1.44260 0.18870 0.25821 0.39183 0.19774 0.57943 2.76410 5.02558 7.74332 16.05582 22.56859 23.28871 11.53408 3.20334 2.57841 4.44659 7.31492 7.30392 6.12461 6.18596 6.99992 9.83530 13.03671 14.10373 13.13067 8.06553 5.43414 3.50156 5.27686
0.00000 0.29580 0.93342 1.58595 1.83174 2.94672 7.83743 9.78817 8.44470 4.93769 2.50102 0.99328 0.55137 0.10985 0.00000 0.46335 1.57070 2.03300 2.90479 4.84035 6.43431 6.75373 7.22069 3.50639 4.37249 12.43169 22.80642 32.32580 32.88294 18.21890 8.52303 4.64659 2.01395 2.26786 2.88152 2.10167 1.56027 4.41448 5.25972 3.19943 7.07753 17.23872 27.01397 19.91298 7.24480 4.81800 3.86968 6.72709 7.29006 6.19146 5.81699 7.80021 14.66795 18.54369 21.13119 19.21780 14.31669 10.38938 7.43360 9.52147
0.00000 0.13570 0.59093 0.86218 0.83426 0.64929 1.69943 4.03022 4.50446 2.55304 0.62376 0.00000 0.00000 0.00000 0.00000 0.28517 1.29025 2.25733 1.88602 3.12495 5.76703 7.79765 7.25580 5.03115 5.25109 9.50267 17.81801 32.01831 37.26147 24.07769 12.42764 6.85550 2.98465 3.62297 5.16385 4.78135 5.38933 14.45489 10.69167 3.04049 1.87219 12.05362 28.28343 25.72747 17.64196 10.79357 5.14573 3.55973 3.23281 2.95618 2.85556 4.47822 12.80322 17.60841 19.03701 16.45108 14.99731 12.20946 10.47878 11.42319
0.06677 0.18203 0.10116 0.29705 0.30096 0.30753 1.05599 1.46021 0.80327 0.08578 0.00000 0.00000 0.00000 0.00000 0.00000 0.04514 0.40875 0.97697 1.31612 3.24219 5.32111 7.33651 6.50890 4.34362 3.86242 4.66453 6.15533 17.83935 27.18167 20.71505 13.22156 8.37364 3.90518 5.10860 7.54953 7.80496 6.50716 12.26110 11.46382 7.95077 9.82383 11.93551 25.31365 30.59235 22.58045 11.75884 3.96299 1.84459 1.21469 1.14235 1.49199 2.50919 6.42045 10.39478 10.97557 9.55283 11.45810 11.70205 11.50785 11.22176
0.25346 0.09309 0.00000 0.10221 0.67056 1.69957 1.70282 1.21040 0.40412 0.00000 0.00000 0.00000 0.00000 0.00000 0.00000 0.00000 0.00000 0.07259 0.52934 1.93067 2.71428 4.27242 4.44139 2.82436 2.68175 4.73151 8.76676 18.20077 25.32280 24.92694 20.31955 14.04013 9.06310 10.59549 16.15232 10.68554 10.84927 17.56570 24.05632 23.41025 42.64549 20.09604 27.84126 24.03408 13.67666 11.95518 6.83394 2.39208 1.53579 1.09896 1.33163 2.30063 3.71780 5.16647 5.42996 4.51538 7.83784 9.26467 9.66234 9.54719
0.03580 0.00000 0.00000 0.07282 0.70475 1.78319 1.42046 0.90896 0.30454 0.00000 0.00000 0.00000 0.00000 0.00000 0.00000 0.00000 0.00000 0.00000 0.11150 1.08586 2.57081 4.52406 3.54618 2.65192 3.85857 9.33269 17.76288 25.48531 27.34887 32.96658 39.06883 31.59694 15.94677 10.68093 18.72748 12.51599 9.55617 9.51804 26.12336 47.29713 56.79387 35.92480 33.85873 33.45749 28.48148 26.84569 18.04410 5.64829 2.11179 1.61406 1.35589 2.45310 3.36770 3.57273 3.75101 4.02799 5.87531 7.08828 6.34029 5.58384
0.11698 0.00000 0.15619 0.45562 0.37427 0.66020 0.66979 0.42243 0.05846 0.00000 0.00000 0.00000 0.00000 0.00000 0.00000 0.02482 0.06682 0.11486 0.16950 0.88787 2.21209 3.84655 2.33283 1.89028 5.47002 13.87749 23.21462 27.49105 29.12861 40.96751 54.10482 53.16539 24.16060 8.70733 9.61364 10.17669 8.50180 9.52886 30.08239 67.53025 99.92072 -99999.00000 -99999.00000 67.47897 61.29611 47.53403 34.43161 12.89784 3.07804 2.30938 2.20075 2.42902 2.80431 2.70116 2.68066 2.52217 3.66063 4.87054 3.89321 2.90311
0.31638 0.26443 0.71545 1.68624 1.07258 0.28959 0.00000 0.00000 0.00000 0.00000 0.00000 0.00000 0.00000 0.00000 0.00000 0.21597 1.42492 1.71794 1.06228 1.25585 1.19470 1.40470 0.65720 1.69421 9.57020 21.94400 26.32044 28.90489 33.40584 44.20211 48.86391 37.34471 19.66508 10.63512 9.15629 -99999.00000 -99999.00000 -99999.00000 -99999.00000 -99999.00000 -99999.00000 -99999.00000 -99999.00000 72.87132 60.34231 45.36071 36.60852 21.33217 7.10059 3.23337 2.71002 2.21867 1.89208 1.76713 1.81844 2.20920 2.79606 2.64645 1.80579 1.23000
0.39387 0.26667 0.79181 2.02225 -99999.00000 0.53841 0.00000 0.00000 0.00000 0.22705 0.56035 0.43435 0.06503 0.00000 0.02090 0.42846 2.73275 4.65376 2.89239 2.92708 2.54840 1.49778 2.13465 6.98938 22.65964 38.66887 36.53585 32.33655 25.99524 34.35606 33.57896 16.20523 9.15242 7.80272 -99999.00000 -99999.00000 -99999.00000 -99999.00000 -99999.00000 -99999.00000 -99999.00000 -99999.00000 -99999.00000 -99999.00000 36.72005 30.80898 28.36339 24.40597 15.26159 6.10048 3.03653 1.87505 1.54948 2.05416 3.33857 3.84561 3.10449 1.93350 1.05104 0.65040
-99999.00000 -99999.00000 -99999.00000 -99999.00000 -99999.00000 1.06764 0.17222 0.00000 0.17834 1.00915 2.49767 1.95268 0.71808 0.27883 0.26913 1.38371 3.32038 5.25412 2.97866 3.20349 4.07572 3.89513 7.64554 17.34754 40.33387 54.45843 53.21006 47.55557 28.72501 33.99745 28.53219 10.71561 9.17031 14.74175 -99999.00000 -99999.00000 -99999.00000 -99999.00000 -99999.00000 -99999.00000 -99999.00000 -99999.00000 -99999.00000 -99999.00000 -99999.00000 23.62928 23.77144 24.43396 20.95827 10.44250 3.67406 1.98684 2.11699 3.96803 5.08170 4.45693 3.59141 2.37696 1.21641 0.54210
