DATA/RAW-RASTER/CPC/2017/20170904.asc
ncols			60
nrows			40
xllcorner		70.0
yllcorner		20.0
cellsize		0.5
NODATA_value	-99999
0.00000 0.00000 0.00000 0.00000 0.00000 0.00000 0.00000 0.00000 0.00000 0.00000 0.00000 0.00000 0.00000 0.00000 0.00000 0.00000 0.00000 0.00000 0.00000 0.00000 0.00000 0.00000 0.00000 0.00000 0.00000 0.00000 0.00000 0.00000 0.00000 0.00000 0.00000 0.00000 0.00000 0.00000 0.00000 0.00000 0.00000 0.00000 0.00000 0.00000 0.00000 0.00000 0.00000 0.00000 0.00000 0.00000 0.00000 0.00000 0.00000 0.02313 0.09041 0.29440 0.57696 0.76139 0.72352 0.42714 0.11880 0.06067 0.15806 0.34384
0.00000 0.00000 0.00000 0.00000 0.00000 0.00000 0.00000 0.00000 0.00000 0.00000 0.00000 0.00000 0.00000 0.00000 0.00000 0.00000 0.00000 0.00000 0.00000 0.00000 0.00000 0.00000 0.00000 0.00000 0.00000 0.00000 0.00000 0.00000 0.00000 0.00000 0.00000 0.00000 0.00000 0.00000 0.00000 0.00000 0.00000 0.00000 0.00000 0.00000 0.00000 0.00000 0.00000 0.00000 0.00000 0.00000 0.00000 0.00000 0.00000 0.05825 0.17085 0.38122 0.71481 1.10240 1.23021 0.96516 0.64829 0.51425 0.56195 0.67706
0.00000 0.00000 0.00000 0.00000 0.00000 0.00000 0.00000 0.00000 0.00000 0.00000 0.00000 0.00000 0.00000 0.00000 0.00000 0.00000 0.00000 0.00000 0.00000 0.00000 0.00000 0.00000 0.00000 0.00000 0.00000 0.00000 0.00000 0.00000 0.00000 0.00000 0.00000 0.00000 0.00000 0.00000 0.00000 0.00000 0.00000 0.00000 0.00000 0.00000 0.00000 0.00000 0.00000 0.00000 0.00000 0.00000 0.00000 0.00000 0.00000 0.11042 0.26378 0.52589 1.16327 2.39214 3.31867 3.02220 2.30007 2.16381 2.15502 1.75483
0.00000 0.00000 0.00000 0.00000 0.00000 0.00000 0.00000 0.00000 0.00000 0.00000 0.00000 0.00000 0.00000 0.00000 0.00000 0.00000 0.00000 0.00000 0.00000 0.00000 0.00000 0.00000 0.00000 0.00000 0.00000 0.00000 0.00000 0.00000 0.00000 0.00000 0.00000 0.00000 0.00000 0.00000 0.00000 0.00000 0.00000 0.00000 0.00000 0.00000 0.00000 0.00000 0.00000 0.00000 0.00000 0.00000 0.00000 0.00000 0.03852 0.16149 0.27135 0.56407 1.60806 3.89664 6.14620 6.71379 5.46479 4.79914 4.80443 4.82714
0.00000 0.00000 0.00000 0.00000 0.00000 0.00000 0.00000 0.00000 0.00000 0.00000 0.00000 0.00000 0.00000 0.00000 0.00000 0.00000 0.00000 0.00000 0.00000 0.00000 0.00000 0.00000 0.00000 0.00000 0.00000 0.00000 0.00000 0.00000 0.00000 0.00000 0.00000 0.00000 0.00000 0.00000 0.00000 0.00000 0.00000 0.00000 0.00000 0.00000 0.00000 0.00000 0.00000 0.00000 0.00000 0.00000 0.00000 0.00000 0.10286 0.16624 0.24086 0.59751 2.06703 4.88366 7.07994 7.58284 7.00132 6.23941 6.58900 7.61810
0.00000 0.00000 0.00000 0.00000 0.00000 0.00000 0.00000 0.00000 0.00000 0.00000 0.00000 0.00000 0.00000 0.00000 0.00000 0.00000 0.00000 0.00000 0.00000 0.00000 0.00000 0.00000 0.00000 0.00000 0.00000 0.00000 0.00000 0.00000 0.00000 0.00000 0.00000 0.00000 0.00000 0.00000 0.00000 0.00000 0.00000 0.00000 0.00000 0.00000 0.00000 0.00000 0.00000 0.00000 0.00000 0.00000 0.05017 0.06588 0.09564 0.14172 0.26937 0.73008 2.13277 3.86945 5.19068 5.43564 5.26977 5.12033 6.16015 7.60066
0.00000 0.00000 0.00000 0.00000 0.00000 0.00000 0.00000 0.00000 0.00000 0.00000 0.00000 0.00000 0.00000 0.00000 0.00000 0.00000 0.00000 0.00000 0.00000 0.00000 0.00000 0.00000 0.00000 0.00000 0.00000 0.00000 0.00000 0.00000 0.00000 0.00000 0.00000 0.00000 0.00000 0.00000 0.00000 0.00000 0.00000 0.00000 0.00000 0.02103 0.02809 0.05369 0.10073 0.10097 0.14160 0.16460 0.12687 0.07492 0.05041 0.05358 0.14639 0.52500 1.41677 2.39031 2.82423 2.40156 1.97962 2.61974 4.37660 5.87669
0.00000 0.00000 0.00000 0.00000 0.00000 0.00000 0.00000 0.00000 0.00000 0.00000 0.00000 0.00000 0.00000 0.00000 0.00000 0.00000 0.00000 0.00000 0.00000 0.00000 0.00000 0.00000 0.00000 0.00000 0.00000 0.00000 0.00000 0.00000 0.00000 0.00000 0.00000 0.00000 0.00000 0.00000 0.00000 0.00000 0.02045 0.03619 0.05721 0.09363 0.16263 0.26449 0.40864 0.52930 0.48790 0.41861 0.31818 0.16511 0.05964 0.02464 0.07968 0.33321 0.84814 1.25464 1.22132 0.79677 0.69934 1.33731 2.26557 3.61065
0.00000 0.00000 0.00000 0.00000 0.00000 0.00000 0.00000 0.00000 0.00000 0.00000 0.00000 0.00000 0.00000 0.00000 0.00000 0.00000 0.00000 0.00000 0.00000 0.00000 0.00000 0.00000 0.00000 0.00000 0.00000 0.00000 0.00000 0.00000 0.00000 0.00000 0.00000 0.00000 0.00000 0.00000 0.00000 0.03935 0.06976 0.12433 0.20388 0.32271 0.46736 0.63228 0.77095 0.82572 0.79351 0.77461 0.71150 0.53500 0.23630 0.10409 0.14303 0.31050 0.70431 1.02426 0.99943 0.73177 0.71414 1.01060 1.66078 2.68285
0.00000 0.00000 0.00000 0.00000 0.00000 0.00000 0.00000 0.00000 0.00000 0.00000 0.00000 0.00000 0.00000 0.00000 0.00000 0.00000 0.00000 0.00000 0.00000 0.00000 0.00000 0.00000 0.00000 0.00000 0.00000 0.00000 0.00000 0.00000 0.00000 0.00000 0.00000 0.00000 0.00000 0.00000 0.00000 0.06372 0.24032 0.35092 0.44490 0.55608 0.65461 0.74474 0.79903 0.81062 0.81014 0.80015 0.79122 0.75044 0.59088 0.33816 0.27485 0.48769 0.86008 1.15677 1.03836 0.75530 0.68388 0.92583 1.69431 2.54951
0.00000 0.00000 0.00000 0.00000 0.00000 0.00000 0.00000 0.00000 0.00000 0.00000 0.00000 0.00000 0.00000 0.00000 0.00000 0.00000 0.00000 0.00000 0.00000 0.00000 0.00000 0.00000 0.00000 0.00000 0.00000 0.00000 0.00000 0.00000 0.00000 0.00000 0.00000 0.00000 0.00000 0.00000 0.00000 0.12107 0.32928 0.44737 0.54961 0.65684 0.71820 0.78153 0.80027 0.76482 0.76589 0.77603 0.78266 0.76908 0.67360 0.44761 0.25738 0.29001 0.75618 1.44118 1.46710 0.97358 0.77114 1.31279 2.68484 3.86511
0.00000 0.00000 0.00000 0.06165 0.21273 0.33362 0.17202 0.00000 0.00000 0.00000 0.00000 0.00000 0.00000 0.00000 0.00000 0.00000 0.00000 0.00000 0.00000 0.00000 0.00000 0.00000 0.00000 0.00000 0.00000 0.00000 0.00000 0.00000 0.00000 0.00000 0.00000 0.00000 0.00000 0.00000 0.04892 0.16592 0.24953 0.36361 0.50289 0.72457 0.85155 0.83854 0.79902 0.74781 0.71603 0.73236 0.80253 0.89355 0.91642 0.67629 0.37031 0.25699 1.19450 3.05432 3.93547 3.07128 2.36056 2.79310 3.98425 5.05316
0.00000 0.00000 0.17714 0.66464 1.32285 2.36011 1.87487 0.47783 0.02740 0.00000 0.00000 0.00000 0.00000 0.00000 0.00000 0.00000 0.00000 0.00000 0.00000 0.00000 0.00000 0.00000 0.00000 0.00000 0.00000 0.00000 0.00000 0.00000 0.00000 0.00000 0.00000 0.00000 0.00000 0.00000 0.05430 0.12030 0.18559 0.30531 0.49569 0.68927 0.93329 0.99578 0.96759 0.89689 0.81655 0.86307 1.04764 1.26768 1.56041 1.55736 1.34312 1.56020 3.53054 6.97120 8.47253 7.39335 5.56492 4.88792 5.15913 5.28475
0.00000 0.12810 1.01020 2.09049 3.34811 4.13746 2.62663 0.71154 0.04422 0.00000 0.00000 0.00000 0.00000 0.00000 0.00000 0.00000 0.00000 0.00000 0.00000 0.00000 0.00000 0.00000 0.00000 0.00000 0.00000 0.00000 0.00000 0.00000 0.00000 0.00000 0.00000 0.00000 0.00000 0.00000 0.00000 0.06539 0.11941 0.19392 0.31915 0.52617 0.84786 1.25668 1.51394 1.49232 1.52097 1.60060 1.84798 2.29223 2.53169 2.63640 2.86501 4.01763 7.39929 11.83516 12.82842 10.88063 8.60649 6.98874 6.27672 6.20066
0.00000 0.45526 1.62447 3.53922 5.35268 5.91900 3.91517 1.10511 0.54282 0.23402 0.23153 0.02985 0.00000 0.00000 0.00000 0.00000 0.00000 0.00000 0.00000 0.00000 0.00000 0.00000 0.00000 0.00000 0.00000 0.00000 0.00000 0.05839 0.38795 0.29315 0.00000 0.00000 0.00000 0.00000 0.00000 0.03800 0.06792 0.11871 0.20308 0.35849 0.68693 1.26515 1.93306 2.42789 2.87104 3.17978 3.43174 3.56996 3.65568 3.42853 3.39110 4.85633 8.50832 12.74095 13.78868 12.73709 9.81132 7.82211 6.95003 7.04358
0.07133 0.32282 1.29188 4.15319 7.38670 8.15548 6.23988 3.41256 2.57613 3.43696 4.10538 1.91901 0.00000 0.00000 0.00000 0.00000 0.00000 0.00000 0.00000 0.00000 0.00000 0.00000 0.00000 0.00000 0.00000 0.00000 0.00000 0.39713 0.86581 0.79816 0.27728 0.00000 0.00000 0.00000 0.00000 0.00000 0.03964 0.06885 0.12248 0.21927 0.46635 1.10659 2.08622 2.79935 3.23956 3.72562 4.35217 4.62742 4.70811 4.69480 4.83593 5.81305 7.95827 10.02047 11.02331 10.74915 9.77042 8.31073 6.98302 6.55648
0.00000 0.09622 0.89874 4.01054 8.02317 9.20676 7.27160 4.38554 2.74178 7.12973 7.75474 4.11635 1.14828 0.18255 0.00000 0.00000 0.00000 0.00000 0.00000 0.00000 0.00000 0.00000 0.00000 0.00000 0.00000 0.00000 0.03617 0.87415 1.50635 1.62833 1.10894 0.18417 0.00000 0.00000 0.00000 0.00000 0.00000 0.03689 0.08029 0.13347 0.29526 0.95004 2.10116 2.84895 3.13685 3.50667 4.38346 4.55692 4.79978 5.59350 6.67588 7.36215 7.17990 6.95200 7.34563 7.98751 8.85352 9.04154 6.65342 4.44250
0.00000 0.07181 1.10936 3.93577 8.50005 11.22782 10.51698 7.42402 4.37228 5.68870 5.72786 2.95428 1.13722 0.21521 0.00000 0.00000 0.00000 0.00000 0.00000 0.00000 0.00000 0.00000 0.00000 0.00000 0.00000 0.00000 0.34724 1.30998 2.07413 2.33316 1.77508 0.75399 0.04111 0.00000 0.00000 0.00000 0.00000 0.00000 0.07504 0.13452 0.28730 0.97670 2.14945 2.74881 2.99965 3.50908 4.17466 4.39662 4.57466 5.83021 6.91455 7.03764 6.28478 5.58725 5.77352 6.49561 7.75362 7.85263 5.58317 4.44439
0.00000 0.00000 0.37627 3.46898 10.86159 18.99252 19.81766 14.03349 7.95565 5.23497 3.04148 1.46599 0.49374 0.00000 0.00000 0.00000 0.00000 0.00000 0.00000 0.00000 0.00000 0.00000 0.00000 0.00000 0.00000 0.24818 0.90365 1.89639 2.99714 3.47773 2.77978 1.31087 0.13138 0.00000 0.00000 0.00000 0.00000 0.02374 0.12664 0.33767 0.76816 1.72240 2.77738 3.31697 3.36681 3.52647 3.73231 4.01299 4.32813 4.88677 5.05586 5.04863 5.40494 5.72155 5.53842 5.26936 5.06294 4.29816 3.28905 3.59701
0.00000 0.00000 0.08149 2.46049 12.13485 28.08058 30.56027 16.71708 7.05687 4.79945 2.13347 0.82486 0.00000 0.00000 0.00000 0.00000 0.00000 0.00000 0.00000 0.00000 0.00000 0.00000 0.00000 0.00000 0.06171 0.50652 1.38278 2.61607 4.27537 5.15887 4.00869 1.82329 0.08535 0.00000 0.00000 0.00000 0.00000 0.05125 0.27331 0.81900 1.93926 3.03669 3.51308 3.76283 3.55811 3.12517 2.99244 2.90793 3.37653 3.69034 4.33634 4.82654 4.91769 5.17220 4.60378 3.60529 2.29829 1.11839 0.74223 1.21376
0.00000 0.00000 0.06976 1.66417 9.15209 25.49825 29.18979 13.66879 5.76774 5.07237 2.70035 0.89275 0.14887 0.00000 0.00000 0.00000 0.00000 0.00000 0.00000 0.00000 0.00000 0.00000 0.00000 0.00000 0.11467 0.64428 2.04590 4.76227 7.30426 7.40644 5.08466 2.24163 0.27599 0.00000 0.00000 0.00000 0.00000 0.02544 0.26964 1.01640 2.43984 3.53054 3.79670 3.62115 3.05851 2.28310 2.08373 2.31341 2.93600 2.76690 3.64179 4.72949 4.80305 4.59456 2.81585 1.88579 0.80946 0.05124 0.00000 0.07435
0.00000 0.00000 0.00000 0.64376 4.96721 14.40483 17.20619 11.65108 8.61193 7.20035 4.26540 1.67571 0.55411 0.00000 0.00000 0.00000 0.00000 0.00000 0.00000 0.00000 0.00000 0.00000 0.00000 0.00000 0.21032 2.26347 5.14893 8.25462 8.39479 7.33489 4.59105 1.90866 0.36288 0.00000 0.00000 0.00000 0.00000 0.00000 0.13539 0.69277 1.93576 2.87693 3.08336 2.50539 1.62429 1.17743 1.48412 2.49274 3.02243 4.61674 5.70013 6.55942 6.87988 5.25882 2.41542 1.08656 0.55464 0.35907 0.18281 0.00000
0.00000 0.00000 0.00000 0.08916 2.07360 6.18980 7.48346 7.84910 10.13383 11.70209 8.85075 4.72265 1.53029 0.00000 0.00000 0.00000 0.00000 0.00000 0.00000 0.00000 0.00000 0.00000 0.00000 0.00000 0.51254 5.94705 13.79958 18.60592 14.30525 8.22312 4.17963 1.56471 0.23956 0.00000 0.00000 0.00000 0.00000 0.00000 0.05485 0.42288 1.24535 1.94669 1.93016 1.11397 0.42424 0.35039 0.98337 2.63546 7.13139 16.36514 20.01832 19.76913 10.41208 6.36173 2.76031 1.17465 0.78190 0.73363 0.67329 0.12665
0.00000 0.00000 0.00000 0.00000 0.04437 1.21783 1.66815 3.84768 9.13124 15.20820 12.40268 6.05898 1.68663 0.00000 0.00000 0.05850 0.09790 0.05810 0.00000 0.00000 0.00000 0.00000 0.00000 0.00000 0.00000 5.58612 15.81207 26.55616 25.96667 12.53329 3.38430 1.04931 0.22571 0.00000 0.00000 0.00000 0.00000 0.00000 0.00000 0.07825 0.57280 0.94422 0.84917 0.47263 0.18116 0.26118 2.03049 7.71216 16.95326 28.16870 40.58421 42.68911 26.13350 10.16414 4.22124 1.55727 0.98029 0.80123 0.70830 0.45922
0.00000 0.00000 0.00000 0.00000 0.00000 0.04863 0.33812 1.87859 5.48976 7.42065 5.02634 2.80399 0.52494 0.04980 0.59996 1.39716 1.24066 0.94106 0.07408 0.00000 0.00000 0.00000 0.00000 0.00000 0.00000 2.78694 5.97534 13.13202 17.21914 10.35438 2.95163 0.80362 0.38991 0.20271 0.00000 0.00000 0.12451 0.04852 0.05127 0.00000 0.02023 0.16624 0.51123 0.46352 0.72485 1.93912 5.64751 11.27649 14.38620 18.25743 24.46107 29.37216 28.15935 12.76617 5.54322 2.59701 1.39036 1.08446 0.67483 0.32367
0.00000 0.00000 0.00000 0.00000 0.00000 0.00000 0.00000 0.37589 1.84438 1.72369 0.61022 0.10405 0.00000 0.42241 1.94961 3.90075 3.83913 2.25297 0.95318 0.52255 0.37961 0.22954 0.07961 0.02370 0.00000 0.68116 0.96317 4.23238 9.18350 9.35112 5.76467 2.17798 0.84222 0.45167 0.03544 0.04426 1.49177 1.06143 0.65866 0.16807 0.00000 0.15981 0.86063 1.19288 3.15926 4.94181 8.95599 12.71664 10.21418 8.85641 9.11273 13.54883 16.32869 13.71518 7.07908 3.40746 1.60442 1.01416 0.44830 0.04695
0.00000 0.00000 0.00000 0.00000 0.00000 0.00000 0.00000 0.00000 0.06446 0.22368 0.05247 0.00000 0.00000 0.54071 1.87451 3.42803 3.11553 1.99527 1.05731 1.12877 1.74103 0.95182 0.33611 0.20534 0.00000 0.00000 0.15040 1.72344 4.67547 6.19529 4.75641 1.79869 0.65003 1.62783 2.05965 2.66959 3.21717 4.85244 2.36216 0.55851 0.02899 0.02836 0.67268 0.95282 3.23179 3.44413 6.42747 11.83897 14.27366 12.32795 10.53856 11.18766 12.71318 9.61791 5.34013 3.23084 1.86904 1.17972 0.64199 0.26335
0.00000 0.00000 0.00000 0.00000 0.00000 0.00000 0.00000 0.00000 0.00000 0.00000 0.00000 0.00000 0.00000 0.08147 0.63319 0.90048 0.52070 0.16331 0.15131 0.74287 1.97678 1.86961 0.94665 0.41341 0.00000 0.00000 0.00000 0.26827 1.27887 1.81157 1.04947 0.13914 0.43583 4.37371 13.84153 12.41140 9.25471 8.57768 2.70529 0.17647 0.00000 0.00000 0.97631 0.83126 0.76937 1.12425 2.94034 6.65879 9.95145 10.35065 10.12861 9.90601 7.17154 3.91651 3.07785 2.86638 2.47011 1.71684 0.96566 0.38178
0.00000 0.00000 0.00000 0.00000 0.00000 0.00000 0.00000 0.00000 0.00000 0.00000 0.00000 0.00000 0.00000 0.00000 0.00000 0.00000 0.00000 0.00000 0.00000 0.06179 0.31687 0.74838 0.58023 0.12460 0.00000 0.00000 0.00000 0.00000 0.00000 0.06510 0.02433 0.00000 0.08846 1.96163 6.44711 7.56514 9.33182 9.69687 2.30159 0.83461 1.34485 3.27298 7.35639 4.66721 1.76824 0.12372 0.18510 1.23443 2.14235 3.34678 4.77389 4.37947 2.45852 2.03211 2.03343 2.86585 3.16927 2.26255 1.28487 0.63040
0.00000 0.00000 0.00000 0.00000 0.00000 0.00000 0.00000 0.00000 0.00000 0.00000 0.00000 0.00000 0.00000 0.00000 0.00000 0.00000 0.00000 0.00000 0.00000 0.00000 0.00000 0.00000 0.00000 0.00000 0.00000 0.00000 0.00000 0.00000 0.00000 0.00000 0.00000 0.00000 0.00000 0.00000 0.16445 0.59898 2.87017 3.07795 2.11410 3.15712 6.94249 14.74741 24.69818 24.76830 9.42249 0.77874 0.00000 0.00000 0.07047 0.54817 1.25372 1.31250 1.16320 1.23021 1.51803 2.65802 3.53601 2.89630 1.78382 1.01830
0.00000 0.00000 0.00000 0.00000 0.00000 0.00000 0.00000 0.00000 0.00000 0.00000 0.00000 0.00000 0.00000 0.00000 0.00000 0.00000 0.00000 0.00000 0.00000 0.00000 0.00000 0.00000 0.00000 0.00000 0.00000 0.00000 0.00000 0.00000 0.00000 0.00000 0.00000 0.00000 0.00000 0.00000 0.00000 0.00000 0.03906 0.13921 1.52615 3.95924 9.41251 18.08597 34.31627 32.23816 14.09025 4.07281 0.60735 0.00000 0.00000 0.00000 0.30901 0.59491 0.56858 0.71383 1.04452 1.92507 2.59796 2.62761 1.63380 0.99033
0.00000 0.00000 0.00000 0.00000 0.00000 0.00000 0.00000 0.00000 0.00000 0.00000 0.00000 0.00000 0.00000 0.00000 0.00000 0.00000 0.00000 0.00000 0.00000 0.00000 0.00000 0.00000 0.00000 0.00000 0.00000 0.00000 0.00000 0.00000 0.00000 0.00000 0.00000 0.00000 0.00000 0.00000 0.00000 0.00000 0.22935 0.92079 1.67620 3.06833 4.95108 9.75030 21.96863 37.08699 18.89207 6.46111 0.88479 0.00000 0.00000 0.00000 0.00000 0.11291 0.26454 0.30926 0.29009 0.49723 1.08176 1.51188 0.84379 0.32485
0.00000 0.00000 0.00000 0.00000 0.00000 0.00000 0.00000 0.00000 0.00000 0.00000 0.00000 0.00000 0.00000 0.00000 0.00000 0.15252 0.32845 0.00000 0.00000 0.00000 0.00000 0.00000 0.00000 0.02830 0.03783 0.00000 0.00000 0.00000 0.00000 0.00000 0.00000 0.00000 0.00000 0.00000 0.00000 0.00000 1.01000 4.98213 4.37752 4.47181 2.87771 5.12844 9.67169 17.43526 14.07556 3.85409 1.22529 0.23200 0.00000 0.00000 0.00000 0.03678 0.13165 0.12743 0.08563 0.07081 0.30790 0.29847 0.00000 0.00000
0.00000 0.00000 0.00000 0.00000 0.02336 0.00000 0.00000 0.11578 0.00000 0.00000 0.00000 0.00000 0.00000 0.29848 1.82383 3.92156 3.37959 0.25755 0.00000 0.00000 0.00000 0.00000 0.09020 0.52312 0.48837 0.02246 0.00000 0.00000 0.00000 0.00000 0.00000 0.00000 0.00000 0.00000 0.00000 0.00000 0.19572 2.03717 2.47107 3.53772 3.31803 6.00361 8.85193 11.24006 15.47536 8.98331 2.71510 1.12516 0.60425 0.30802 0.02639 0.00000 0.05026 0.04651 0.03153 0.04094 0.07572 0.00000 0.00000 0.00000
0.00000 0.00000 0.00000 0.00000 0.03887 0.04349 0.34730 0.89413 0.29526 0.00000 0.00000 0.10558 0.56062 1.89180 7.89051 14.57704 7.20554 1.01381 0.00000 0.00000 0.00000 0.00000 0.58734 0.90382 0.75062 0.16913 0.00000 0.00000 0.00000 0.00000 0.00000 0.00000 0.00000 0.00000 0.00000 0.00000 0.00000 0.68122 2.34204 2.78962 3.34257 12.04254 36.56186 23.54819 24.05070 17.86902 6.99514 2.09448 1.18609 0.98350 0.63694 0.17085 0.00000 0.00000 0.00000 0.00000 0.00000 0.00000 0.00000 0.00000
0.00000 0.00000 0.00000 0.00000 0.00000 0.12851 1.28880 1.44996 0.57688 0.00000 0.00000 0.04749 0.14528 1.83668 6.29902 6.94695 3.24614 0.13114 0.00000 0.10803 0.80542 1.63331 1.23549 0.86429 0.77635 0.37660 0.00000 0.00000 0.00000 0.00000 0.00000 0.00000 0.00000 0.00000 0.00000 0.00000 0.00000 0.10118 1.61540 2.03075 3.21036 23.56815 58.74621 23.59660 14.47367 17.65643 10.88831 3.39844 1.45348 1.32779 1.07619 0.52345 0.00000 0.00000 0.00000 0.00000 0.00000 0.00000 0.00000 0.00000
0.00000 0.05243 0.02357 0.00000 0.00000 0.09971 0.73056 0.97197 0.35017 0.00000 0.00000 0.00000 0.00000 0.17514 1.19652 0.79759 0.21479 0.00000 0.00000 0.51494 1.70495 1.93394 0.91760 0.05386 0.08314 0.25027 0.59959 0.61652 0.31855 0.04135 0.00000 0.00000 0.02029 0.19954 0.17375 0.00000 0.00000 0.00000 0.85465 2.02433 5.69709 -99999.00000 -99999.00000 8.82819 2.67321 5.36250 8.36722 3.79315 1.34582 1.34367 1.37481 0.70193 0.02301 0.00000 0.00000 0.00000 0.00000 0.26679 0.97672 0.99535
0.14235 0.45804 0.35971 0.08055 0.00000 0.04770 0.52594 0.45387 0.04734 0.00000 0.00000 0.00000 0.00000 0.00000 0.03335 0.18089 0.19514 0.06272 0.00000 0.62235 1.42959 1.03332 0.30197 0.07982 0.38574 0.69921 1.18863 1.42570 1.15367 0.74930 0.33641 0.03208 0.07654 0.34990 0.37865 -99999.00000 -99999.00000 -99999.00000 -99999.00000 -99999.00000 -99999.00000 -99999.00000 -99999.00000 0.00000 0.00000 0.00000 1.67846 2.65399 1.32847 1.10129 1.06298 0.26354 0.00000 0.00000 0.00000 0.08961 1.21658 2.71939 3.74521 4.50960
0.34039 1.18147 0.99317 0.44551 -99999.00000 1.38344 1.44980 0.30972 0.00000 0.00000 0.00000 0.00000 0.00000 0.00000 0.22686 0.86900 1.41539 0.41545 0.17843 0.59660 0.83827 0.28275 0.10699 0.72384 2.31468 2.91781 1.63252 1.02696 0.09333 0.50807 0.65461 0.08577 0.00000 0.00000 -99999.00000 -99999.00000 -99999.00000 -99999.00000 -99999.00000 -99999.00000 -99999.00000 -99999.00000 -99999.00000 -99999.00000 0.00000 0.00000 0.00000 0.64174 1.26438 0.72740 0.07209 0.00000 0.00000 0.02639 0.08560 0.55209 1.43682 2.97279 5.14210 8.38518
-99999.00000 -99999.00000 -99999.00000 -99999.00000 -99999.00000 1.64676 1.16251 0.00000 0.00000 0.00000 0.00000 0.00000 0.00000 0.00000 0.60671 1.93462 2.88658 1.42241 1.30276 1.04355 0.86817 0.51155 0.19128 2.21911 5.07396 6.55528 5.26225 3.64244 0.82482 0.09454 0.16713 0.00000 0.00000 0.00000 -99999.00000 -99999.00000 -99999.00000 -99999.00000 -99999.00000 -99999.00000 -99999.00000 -99999.00000 -99999.00000 -99999.00000 -99999.00000 0.00000 0.00000 0.00000 0.22686 0.17082 0.00000 0.00000 0.00000 0.03037 0.08358 0.33313 0.82161 1.68659 2.82991 5.79921
