DATA/SHG/ECMWF/20170628/EN-42/20170710.en-42.asc
ncols        190
nrows        64
xllcorner    -5100000.000000000000
yllcorner    4130000.000000000000
cellsize     10000.000000000000
NODATA_value  -99999.000
[rows 0 to 33 of 64, columns 0 to 74 of 190]
0.500 0.487 0.474 0.460 0.446 0.432 0.417 0.401 0.385 0.363 0.339 0.314 0.290 0.266 0.241 0.217 0.193 0.169 0.145 0.136 0.131 0.128 0.127 0.126 0.125 0.123 0.122 0.120 0.117 0.115 0.113 0.110 0.107 0.119 0.140 0.159 0.178 0.196 0.212 0.228 0.242 0.256 0.268 0.280 0.290 0.280 0.256 0.233 0.211 0.192 0.174 0.158 0.144 0.132 0.121 0.112 0.105 0.099 0.094 0.087 0.081 0.074 0.066 0.058 0.050 0.041 0.032 0.022 0.012 0.006 0.006 0.005 0.005 0.004 0.004
0.370 0.355 0.341 0.325 0.310 0.294 0.277 0.260 0.242 0.221 0.196 0.172 0.174 0.175 0.174 0.171 0.167 0.160 0.152 0.143 0.131 0.124 0.123 0.121 0.119 0.117 0.114 0.112 0.109 0.106 0.102 0.099 0.095 0.102 0.119 0.135 0.150 0.164 0.177 0.189 0.199 0.209 0.218 0.226 0.232 0.228 0.210 0.193 0.178 0.165 0.153 0.143 0.135 0.129 0.125 0.122 0.121 0.119 0.112 0.104 0.096 0.087 0.078 0.069 0.059 0.049 0.038 0.027 0.016 0.007 0.006 0.006 0.005 0.005 0.004
0.240 0.224 0.208 0.191 0.179 0.187 0.198 0.210 0.223 0.232 0.231 0.230 0.226 0.220 0.213 0.204 0.194 0.181 0.167 0.151 0.133 0.121 0.118 0.116 0.113 0.110 0.107 0.104 0.100 0.096 0.092 0.088 0.084 0.085 0.099 0.111 0.123 0.133 0.142 0.151 0.158 0.164 0.169 0.173 0.176 0.174 0.162 0.151 0.142 0.135 0.130 0.127 0.125 0.125 0.126 0.130 0.135 0.139 0.130 0.121 0.112 0.102 0.091 0.080 0.069 0.057 0.045 0.033 0.019 0.008 0.008 0.007 0.007 0.006 0.006
0.184 0.192 0.201 0.212 0.225 0.239 0.255 0.273 0.292 0.304 0.298 0.290 0.280 0.268 0.255 0.239 0.223 0.204 0.183 0.161 0.137 0.117 0.114 0.111 0.108 0.104 0.100 0.096 0.092 0.087 0.083 0.078 0.073 0.070 0.080 0.089 0.097 0.103 0.109 0.114 0.117 0.120 0.121 0.122 0.121 0.119 0.113 0.108 0.105 0.105 0.105 0.108 0.112 0.119 0.126 0.136 0.147 0.159 0.149 0.139 0.127 0.112 0.098 0.084 0.071 0.058 0.045 0.033 0.022 0.011 0.010 0.010 0.009 0.008 0.007
0.206 0.220 0.235 0.252 0.270 0.290 0.311 0.334 0.358 0.378 0.366 0.351 0.335 0.317 0.298 0.276 0.253 0.228 0.202 0.173 0.143 0.114 0.110 0.106 0.102 0.098 0.093 0.089 0.084 0.079 0.073 0.068 0.062 0.056 0.063 0.068 0.072 0.075 0.077 0.078 0.078 0.076 0.074 0.071 0.067 0.062 0.061 0.063 0.067 0.072 0.079 0.088 0.098 0.111 0.122 0.134 0.145 0.155 0.143 0.129 0.115 0.102 0.089 0.077 0.066 0.055 0.044 0.034 0.024 0.015 0.013 0.012 0.011 0.010 0.009
0.227 0.246 0.267 0.289 0.313 0.338 0.365 0.393 0.423 0.454 0.436 0.415 0.393 0.369 0.343 0.315 0.286 0.255 0.222 0.187 0.151 0.113 0.107 0.102 0.097 0.092 0.087 0.082 0.076 0.070 0.064 0.058 0.051 0.045 0.046 0.048 0.048 0.047 0.046 0.043 0.039 0.034 0.029 0.022 0.014 0.005 0.012 0.025 0.038 0.051 0.063 0.074 0.086 0.096 0.107 0.117 0.126 0.135 0.127 0.115 0.103 0.091 0.081 0.070 0.060 0.051 0.042 0.034 0.026 0.018 0.015 0.014 0.013 0.012 0.011
0.246 0.271 0.297 0.325 0.354 0.385 0.417 0.451 0.486 0.523 0.507 0.480 0.452 0.422 0.390 0.356 0.320 0.283 0.244 0.203 0.161 0.116 0.103 0.098 0.092 0.087 0.081 0.075 0.068 0.062 0.055 0.048 0.041 0.033 0.031 0.028 0.025 0.021 0.016 0.013 0.012 0.010 0.009 0.007 0.004 0.001 0.009 0.020 0.032 0.043 0.053 0.064 0.073 0.083 0.091 0.100 0.108 0.115 0.111 0.100 0.090 0.080 0.071 0.063 0.054 0.047 0.040 0.033 0.027 0.021 0.018 0.017 0.015 0.014 0.013
0.264 0.294 0.326 0.359 0.393 0.430 0.467 0.507 0.548 0.590 0.581 0.548 0.513 0.477 0.438 0.398 0.357 0.313 0.268 0.221 0.172 0.122 0.100 0.094 0.088 0.081 0.075 0.068 0.061 0.054 0.046 0.038 0.034 0.030 0.028 0.028 0.027 0.026 0.025 0.023 0.020 0.018 0.014 0.011 0.007 0.002 0.006 0.016 0.026 0.036 0.045 0.053 0.062 0.069 0.077 0.083 0.090 0.096 0.094 0.085 0.077 0.069 0.061 0.054 0.048 0.042 0.037 0.032 0.027 0.023 0.021 0.019 0.018 0.016 0.015
0.280 0.315 0.352 0.391 0.431 0.473 0.516 0.561 0.607 0.655 0.656 0.617 0.576 0.533 0.489 0.443 0.395 0.345 0.294 0.240 0.186 0.129 0.097 0.090 0.083 0.083 0.082 0.081 0.078 0.075 0.070 0.065 0.058 0.051 0.046 0.044 0.042 0.039 0.036 0.033 0.029 0.025 0.020 0.015 0.010 0.004 0.004 0.013 0.021 0.029 0.036 0.044 0.050 0.056 0.062 0.067 0.072 0.077 0.077 0.070 0.063 0.057 0.051 0.046 0.041 0.037 0.033 0.030 0.027 0.025 0.023 0.022 0.020 0.018 0.016
0.294 0.335 0.377 0.421 0.467 0.514 0.563 0.613 0.665 0.718 0.733 0.688 0.640 0.592 0.541 0.489 0.435 0.380 0.332 0.281 0.229 0.174 0.138 0.137 0.135 0.132 0.128 0.123 0.117 0.110 0.102 0.093 0.084 0.073 0.064 0.061 0.057 0.053 0.049 0.044 0.038 0.033 0.027 0.020 0.013 0.006 0.002 0.009 0.016 0.023 0.029 0.034 0.039 0.044 0.048 0.052 0.055 0.058 0.059 0.054 0.049 0.044 0.040 0.037 0.034 0.031 0.029 0.028 0.027 0.027 0.026 0.024 0.022 0.020 0.018
0.306 0.352 0.400 0.450 0.501 0.554 0.608 0.664 0.721 0.780 0.815 0.774 0.730 0.685 0.637 0.588 0.537 0.483 0.427 0.370 0.310 0.249 0.198 0.194 0.188 0.182 0.174 0.166 0.157 0.146 0.135 0.123 0.110 0.096 0.083 0.078 0.073 0.067 0.061 0.055 0.048 0.041 0.033 0.025 0.017 0.008 0.001 0.007 0.012 0.017 0.021 0.025 0.029 0.032 0.035 0.037 0.039 0.040 0.041 0.037 0.034 0.031 0.029 0.027 0.026 0.025 0.025 0.025 0.026 0.028 0.029 0.027 0.025 0.023 0.020
0.316 0.368 0.422 0.488 0.563 0.636 0.708 0.779 0.848 0.916 0.970 0.922 0.871 0.819 0.764 0.707 0.649 0.588 0.525 0.461 0.394 0.325 0.259 0.251 0.242 0.232 0.222 0.210 0.197 0.184 0.169 0.153 0.137 0.120 0.102 0.095 0.089 0.082 0.074 0.067 0.058 0.050 0.041 0.031 0.021 0.011 0.000 0.004 0.008 0.011 0.014 0.017 0.019 0.020 0.022 0.022 0.023 0.023 0.022 0.020 0.019 0.018 0.017 0.017 0.018 0.019 0.020 0.023 0.025 0.027 0.029 0.027 0.025 0.022 0.019
0.445 0.519 0.592 0.663 0.733 0.801 0.868 0.934 0.998 1.061 1.122 1.072 1.014 0.954 0.893 0.829 0.763 0.695 0.625 0.554 0.480 0.404 0.326 0.309 0.297 0.284 0.270 0.255 0.239 0.222 0.204 0.185 0.165 0.144 0.123 0.113 0.105 0.097 0.088 0.079 0.069 0.059 0.048 0.037 0.026 0.014 0.002 0.002 0.005 0.006 0.008 0.009 0.009 0.009 0.009 0.008 0.007 0.005 0.003 0.003 0.005 0.007 0.009 0.012 0.014 0.017 0.019 0.021 0.023 0.025 0.027 0.026 0.023 0.021 0.019
0.637 0.706 0.773 0.840 0.905 0.968 1.030 1.091 1.150 1.207 1.264 1.224 1.159 1.092 1.023 0.952 0.879 0.804 0.727 0.648 0.567 0.484 0.399 0.368 0.353 0.336 0.319 0.300 0.281 0.261 0.240 0.217 0.194 0.170 0.145 0.132 0.122 0.112 0.102 0.091 0.080 0.068 0.056 0.044 0.031 0.018 0.004 0.001 0.002 0.002 0.002 0.001 0.000 0.000 0.000 0.000 0.000 0.000 0.000 0.002 0.004 0.006 0.009 0.011 0.013 0.015 0.017 0.019 0.022 0.024 0.026 0.025 0.022 0.020 0.018
0.830 0.894 0.956 1.018 1.078 1.136 1.193 1.248 1.303 1.355 1.407 1.378 1.306 1.232 1.156 1.078 0.998 0.916 0.831 0.745 0.657 0.567 0.475 0.429 0.410 0.390 0.369 0.347 0.324 0.301 0.276 0.251 0.224 0.197 0.168 0.150 0.139 0.128 0.116 0.104 0.091 0.078 0.065 0.051 0.036 0.022 0.007 0.000 0.000 0.000 0.000 0.000 0.000 0.000 0.000 0.000 0.000 0.000 0.000 0.001 0.003 0.006 0.008 0.010 0.012 0.014 0.016 0.018 0.020 0.022 0.024 0.023 0.021 0.019 0.017
1.024 1.083 1.141 1.197 1.252 1.305 1.357 1.408 1.457 1.504 1.551 1.534 1.455 1.374 1.290 1.205 1.118 1.029 0.938 0.844 0.749 0.652 0.552 0.490 0.467 0.444 0.420 0.395 0.369 0.342 0.314 0.285 0.255 0.224 0.192 0.169 0.157 0.144 0.132 0.123 0.113 0.100 0.086 0.071 0.053 0.034 0.013 0.000 0.000 0.000 0.000 0.000 0.000 0.000 0.000 0.000 0.000 0.000 0.000 0.001 0.003 0.005 0.007 0.009 0.011 0.013 0.015 0.017 0.018 0.020 0.022 0.022 0.020 0.018 0.016
1.220 1.274 1.326 1.378 1.427 1.476 1.523 1.568 1.612 1.655 1.696 1.692 1.606 1.517 1.427 1.335 1.240 1.144 1.046 0.945 0.843 0.738 0.632 0.552 0.526 0.499 0.472 0.443 0.414 0.384 0.352 0.321 0.291 0.265 0.241 0.223 0.214 0.202 0.189 0.174 0.158 0.139 0.119 0.097 0.073 0.048 0.020 0.000 0.000 0.000 0.000 0.000 0.000 0.000 0.000 0.000 0.000 0.000 0.000 0.001 0.003 0.004 0.006 0.008 0.010 0.012 0.013 0.015 0.017 0.018 0.020 0.021 0.019 0.017 0.015
1.417 1.466 1.513 1.559 1.604 1.647 1.689 1.730 1.769 1.807 1.843 1.852 1.758 1.663 1.566 1.466 1.365 1.261 1.156 1.048 0.939 0.827 0.714 0.614 0.580 0.542 0.507 0.474 0.443 0.415 0.390 0.367 0.347 0.329 0.314 0.301 0.285 0.268 0.248 0.227 0.204 0.180 0.153 0.125 0.095 0.063 0.030 0.000 0.000 0.000 0.000 0.000 0.000 0.000 0.000 0.000 0.000 0.000 0.000 0.000 0.002 0.004 0.006 0.007 0.009 0.011 0.012 0.014 0.015 0.017 0.018 0.019 0.017 0.015 0.014
1.615 1.659 1.701 1.743 1.782 1.821 1.857 1.893 1.927 1.960 1.991 2.014 1.913 1.811 1.706 1.600 1.491 1.369 1.239 1.110 0.980 0.850 0.720 0.593 0.561 0.532 0.506 0.481 0.460 0.441 0.425 0.411 0.400 0.391 0.385 0.381 0.359 0.335 0.309 0.282 0.253 0.222 0.189 0.155 0.119 0.081 0.041 0.000 0.000 0.000 0.000 0.000 0.000 0.000 0.000 0.000 0.000 0.000 0.000 0.000 0.002 0.003 0.005 0.006 0.008 0.009 0.011 0.012 0.014 0.015 0.016 0.018 0.016 0.014 0.013
1.814 1.853 1.891 1.927 1.962 1.995 2.027 2.057 2.086 2.114 2.126 2.123 2.006 1.877 1.747 1.618 1.488 1.358 1.228 1.098 0.967 0.836 0.705 0.574 0.540 0.519 0.502 0.487 0.474 0.464 0.457 0.452 0.450 0.450 0.453 0.458 0.434 0.404 0.372 0.338 0.303 0.266 0.227 0.186 0.144 0.100 0.054 0.006 0.000 0.000 0.000 0.000 0.000 0.000 0.000 0.000 0.000 0.000 0.000 0.000 0.001 0.003 0.004 0.006 0.007 0.008 0.010 0.011 0.012 0.013 0.015 0.016 0.015 0.013 0.012
2.015 2.049 2.081 2.136 2.178 2.207 2.223 2.226 2.217 2.194 2.159 2.111 1.999 1.870 1.739 1.609 1.479 1.348 1.217 1.086 0.954 0.823 0.691 0.559 0.515 0.504 0.495 0.489 0.486 0.485 0.486 0.490 0.497 0.506 0.518 0.532 0.511 0.475 0.437 0.397 0.355 0.312 0.267 0.220 0.171 0.121 0.069 0.015 0.000 0.000 0.000 0.000 0.000 0.000 0.000 0.000 0.000 0.000 0.000 0.000 0.001 0.002 0.004 0.005 0.006 0.007 0.009 0.010 0.011 0.012 0.013 0.014 0.013 0.012 0.011
2.432 2.467 2.489 2.499 2.496 2.479 2.450 2.408 2.354 2.286 2.206 2.113 1.993 1.863 1.732 1.601 1.469 1.338 1.206 1.074 0.942 0.810 0.677 0.544 0.488 0.486 0.486 0.489 0.494 0.502 0.513 0.526 0.542 0.560 0.581 0.604 0.589 0.547 0.503 0.457 0.409 0.359 0.308 0.255 0.200 0.143 0.085 0.025 0.000 0.000 0.000 0.000 0.000 0.000 0.000 0.000 0.000 0.000 0.000 0.000 0.001 0.002 0.003 0.004 0.005 0.007 0.008 0.009 0.009 0.010 0.011 0.012 0.012 0.011 0.010
2.944 2.934 2.911 2.875 2.827 2.766 2.691 2.604 2.505 2.392 2.267 2.128 1.988 1.856 1.724 1.593 1.460 1.328 1.196 1.063 0.930 0.797 0.663 0.530 0.458 0.465 0.474 0.486 0.501 0.518 0.537 0.559 0.584 0.611 0.640 0.673 0.670 0.621 0.571 0.518 0.464 0.409 0.351 0.292 0.231 0.168 0.103 0.037 0.000 0.000 0.000 0.000 0.000 0.002 0.005 0.007 0.007 0.007 0.005 0.002 0.001 0.002 0.003 0.004 0.005 0.006 0.006 0.007 0.008 0.009 0.010 0.010 0.010 0.010 0.009
3.469 3.414 3.346 3.265 3.172 3.065 2.946 2.814 2.669 2.512 2.341 2.158 1.982 1.850 1.717 1.585 1.452 1.319 1.185 1.052 0.918 0.784 0.650 0.515 0.426 0.442 0.460 0.481 0.504 0.530 0.558 0.589 0.623 0.659 0.697 0.739 0.752 0.697 0.640 0.582 0.522 0.460 0.396 0.330 0.263 0.194 0.127 0.061 0.018 0.022 0.026 0.028 0.029 0.029 0.028 0.026 0.022 0.018 0.012 0.005 0.000 0.001 0.002 0.003 0.004 0.005 0.005 0.006 0.007 0.008 0.008 0.009 0.009 0.008 0.008
4.008 3.908 3.795 3.669 3.530 3.379 3.215 3.037 2.848 2.645 2.429 2.201 1.977 1.844 1.711 1.577 1.443 1.310 1.175 1.041 0.906 0.772 0.637 0.501 0.391 0.416 0.443 0.473 0.505 0.540 0.577 0.617 0.659 0.704 0.752 0.802 0.836 0.774 0.712 0.645 0.578 0.511 0.445 0.379 0.313 0.248 0.183 0.118 0.065 0.066 0.065 0.063 0.061 0.057 0.052 0.045 0.038 0.030 0.020 0.010 0.000 0.001 0.002 0.002 0.003 0.004 0.004 0.005 0.006 0.006 0.007 0.007 0.007 0.007 0.007
4.559 4.415 4.257 4.086 3.902 3.706 3.497 3.274 3.040 2.792 2.531 2.258 1.972 1.838 1.704 1.570 1.435 1.301 1.166 1.031 0.895 0.760 0.624 0.488 0.354 0.387 0.423 0.462 0.503 0.547 0.593 0.643 0.724 0.789 0.840 0.875 0.893 0.826 0.760 0.693 0.628 0.562 0.497 0.432 0.367 0.303 0.239 0.175 0.114 0.110 0.106 0.100 0.093 0.085 0.077 0.066 0.055 0.043 0.029 0.015 0.000 0.001 0.001 0.002 0.003 0.003 0.004 0.004 0.004 0.005 0.005 0.005 0.006 0.006 0.006
5.087 4.936 4.733 4.517 4.288 4.047 3.792 3.525 3.245 2.953 2.647 2.329 1.998 1.833 1.698 1.563 1.428 1.292 1.156 1.020 0.884 0.748 0.611 0.475 0.354 0.465 0.584 0.689 0.777 0.851 0.909 0.952 0.979 0.991 0.988 0.969 0.935 0.872 0.807 0.742 0.677 0.612 0.548 0.484 0.421 0.357 0.294 0.231 0.169 0.156 0.147 0.138 0.127 0.115 0.102 0.088 0.073 0.057 0.040 0.021 0.002 0.000 0.001 0.001 0.002 0.002 0.003 0.003 0.003 0.003 0.004 0.004 0.004 0.004 0.005
5.605 5.470 5.222 4.961 4.687 4.401 4.102 3.790 3.465 3.127 2.777 2.414 2.038 1.828 1.692 1.556 1.420 1.314 1.276 1.239 1.202 1.166 1.131 1.097 1.064 1.111 1.177 1.227 1.263 1.282 1.287 1.276 1.250 1.208 1.151 1.079 0.992 0.918 0.854 0.790 0.726 0.662 0.599 0.536 0.474 0.411 0.349 0.287 0.226 0.202 0.190 0.176 0.162 0.146 0.130 0.112 0.093 0.072 0.051 0.029 0.005 0.000 0.001 0.001 0.001 0.002 0.002 0.002 0.002 0.002 0.002 0.002 0.002 0.003 0.004
6.112 6.017 5.724 5.418 5.100 4.769 4.424 4.067 3.698 3.315 2.958 2.639 2.319 2.153 2.114 2.076 2.039 2.003 1.967 1.932 1.899 1.866 1.834 1.802 1.772 1.773 1.785 1.782 1.763 1.729 1.680 1.616 1.536 1.441 1.330 1.205 1.064 0.964 0.901 0.838 0.775 0.712 0.650 0.588 0.526 0.465 0.404 0.343 0.282 0.250 0.234 0.216 0.198 0.178 0.158 0.136 0.113 0.089 0.064 0.038 0.010 0.000 0.000 0.001 0.001 0.001 0.001 0.001 0.001 0.001 0.001 0.001 0.001 0.001 0.002
6.610 6.578 6.240 5.914 5.599 5.283 4.966 4.648 4.328 4.008 3.686 3.363 3.038 2.828 2.792 2.757 2.723 2.689 2.656 2.625 2.594 2.563 2.534 2.506 2.478 2.449 2.408 2.351 2.279 2.191 2.089 1.971 1.837 1.689 1.525 1.346 1.151 1.009 0.947 0.885 0.823 0.761 0.700 0.639 0.578 0.518 0.458 0.398 0.339 0.298 0.278 0.257 0.235 0.211 0.187 0.161 0.134 0.106 0.077 0.047 0.016 0.000 0.000 0.000 0.000 0.000 0.000 0.000 0.000 0.000 0.000 0.000 0.000 0.001 0.002
7.231 7.308 6.991 6.673 6.354 6.034 5.712 5.389 5.066 4.740 4.414 4.087 3.758 3.502 3.468 3.436 3.404 3.374 3.344 3.315 3.287 3.259 3.233 3.207 3.182 3.141 3.046 2.936 2.810 2.669 2.513 2.341 2.154 1.952 1.735 1.502 1.254 1.054 0.993 0.932 0.871 0.810 0.750 0.690 0.630 0.571 0.512 0.453 0.395 0.348 0.324 0.299 0.273 0.245 0.217 0.187 0.157 0.125 0.092 0.058 0.023 0.000 0.001 0.002 0.002 0.002 0.002 0.002 0.002 0.002 0.002 0.001 0.000 0.001 0.002
7.912 8.076 7.755 7.433 7.109 6.784 6.458 6.131 5.803 5.474 5.143 4.811 4.478 4.173 4.143 4.113 4.085 4.057 4.030 4.003 3.978 3.953 3.930 3.907 3.885 3.848 3.699 3.535 3.356 3.162 2.952 2.727 2.487 2.231 1.960 1.674 1.373 1.099 1.039 0.978 0.919 0.859 0.800 0.741 0.682 0.624 0.566 0.508 0.450 0.399 0.371 0.342 0.312 0.281 0.271 0.268 0.252 0.224 0.183 0.130 0.065 0.006 0.006 0.006 0.006 0.006 0.006 0.005 0.005 0.004 0.003 0.002 0.001 0.000 0.002
8.589 8.797 8.519 8.192 7.865 7.535 7.205 6.874 6.541 6.207 5.872 5.536 5.198 4.860 4.816 4.789 4.763 4.738 4.713 4.690 4.667 4.646 4.625 4.605 4.586 4.567 4.368 4.150 3.918 3.670 3.407 3.128 2.834 2.525 2.201 1.862 1.507 1.143 1.084 1.025 0.966 0.907 0.849 0.791 0.733 0.676 0.619 0.604 0.614 0.633 0.648 0.651 0.642 0.620 0.586 0.539 0.480 0.409 0.325 0.229 0.121 0.012 0.012 0.011 0.011 0.010 0.009 0.008 0.007 0.006 0.005 0.003 0.002 0.000 0.002
9.262 9.480 9.284 8.953 8.620 8.287 7.952 7.616 7.279 6.941 6.602 6.261 5.919 5.576 5.487 5.463 5.439 5.417 5.396 5.375 5.355 5.336 5.318 5.301 5.284 5.269 5.051 4.781 4.494 4.193 3.876 3.545 3.198 2.835 2.458 2.065 1.657 1.233 1.129 1.071 1.037 1.018 1.007 1.005 1.011 1.025 1.048 1.080 1.120 1.169 1.147 1.107 1.054 0.989 0.912 0.822 0.720 0.606 0.479 0.340 0.189 0.025 0.017 0.016 0.015 0.014 0.013 0.011 0.010 0.008 0.006 0.004 0.002 0.000 0.002
