DATA/SHG/ECMWF/20170628/EN-42/20170706.en-42.asc
ncols        190
nrows        64
xllcorner    -5100000.000000000000
yllcorner    4130000.000000000000
cellsize     10000.000000000000
NODATA_value  -99999.000
[rows 32 to 63 of 64, columns 0 to 73 of 190]
8.244 8.102 7.812 7.503 7.189 6.872 6.549 6.223 5.891 5.556 5.215 4.871 4.522 4.168 4.117 4.057 3.970 3.856 3.714 3.545 3.349 3.126 2.876 2.598 2.293 1.962 2.005 2.071 2.151 2.247 2.359 2.485 2.627 2.785 2.957 3.145 3.349 3.562 3.521 3.471 3.411 3.342 3.262 3.173 3.074 2.966 2.847 2.786 2.763 2.753 2.740 2.722 2.698 2.668 2.633 2.592 2.546 2.494 2.436 2.373 2.304 2.239 2.255 2.263 2.263 2.253 2.236 2.210 2.175 2.133 2.081 2.021 1.953 1.904
9.281 9.123 8.842 8.517 8.188 7.854 7.516 7.173 6.826 6.474 6.118 5.757 5.392 5.023 4.843 4.688 4.505 4.296 4.059 3.795 3.504 3.186 2.841 2.468 2.068 1.641 1.657 1.776 1.910 2.060 2.225 2.405 2.600 2.811 3.037 3.279 3.535 3.807 3.776 3.692 3.611 3.543 3.488 3.446 3.417 3.400 3.397 3.406 3.427 3.462 3.435 3.397 3.354 3.305 3.250 3.190 3.124 3.052 2.975 2.893 2.804 2.711 2.694 2.672 2.642 2.603 2.556 2.501 2.437 2.365 2.284 2.195 2.098 1.992
10.321 10.149 9.875 9.535 9.189 8.840 8.486 8.127 7.764 7.396 7.024 6.648 6.267 5.881 5.596 5.346 5.069 4.764 4.433 4.074 3.688 3.275 2.834 2.367 1.872 1.350 1.293 1.466 1.653 1.856 2.075 2.308 2.557 2.839 3.122 3.403 3.682 3.960 3.991 3.942 3.906 3.883 3.872 3.875 3.890 3.918 3.958 4.012 4.078 4.157 4.135 4.078 4.015 3.946 3.872 3.792 3.707 3.616 3.519 3.417 3.309 3.196 3.140 3.088 3.029 2.961 2.885 2.800 2.707 2.605 2.495 2.377 2.250 2.114
11.366 11.177 10.913 10.556 10.195 9.829 9.459 9.085 8.706 8.322 7.934 7.542 7.145 6.744 6.378 6.033 5.661 5.261 4.834 4.381 3.900 3.392 2.857 2.294 1.705 1.091 0.996 1.284 1.570 1.855 2.138 2.420 2.700 2.979 3.257 3.533 3.807 4.081 4.184 4.179 4.188 4.209 4.243 4.290 4.349 4.421 4.507 4.604 4.715 4.838 4.840 4.763 4.680 4.592 4.498 4.399 4.294 4.184 4.068 3.946 3.819 3.686 3.593 3.513 3.424 3.326 3.221 3.107 2.984 2.853 2.714 2.566 2.410 2.245
12.413 12.209 11.954 11.581 11.204 10.823 10.437 10.046 9.651 9.252 8.848 8.440 8.027 7.610 7.188 6.748 6.281 5.786 5.256 4.677 4.106 3.544 2.989 2.443 1.906 1.376 1.173 1.455 1.737 2.016 2.295 2.572 2.847 3.121 3.393 3.664 3.934 4.202 4.364 4.404 4.456 4.522 4.600 4.691 4.795 4.912 5.041 5.183 5.338 5.506 5.549 5.452 5.350 5.243 5.129 5.011 4.886 4.756 4.621 4.480 4.333 4.181 4.054 3.944 3.826 3.699 3.564 3.421 3.269 3.109 2.940 2.763 2.577 2.383
13.465 13.245 12.998 12.610 12.217 11.820 11.418 11.011 10.601 10.185 9.766 9.313 8.775 8.208 7.616 7.032 6.457 5.890 5.332 4.781 4.239 3.705 3.179 2.662 2.153 1.652 1.351 1.628 1.905 2.179 2.453 2.724 2.995 3.264 3.531 3.797 4.062 4.325 4.530 4.615 4.712 4.822 4.944 5.080 5.228 5.389 5.563 5.749 5.948 6.160 6.263 6.147 6.025 5.898 5.765 5.627 5.483 5.334 5.179 5.018 4.852 4.681 4.522 4.383 4.236 4.080 3.916 3.743 3.562 3.372 3.174 2.968 2.753 2.530
14.520 14.284 14.045 13.642 13.231 12.795 12.329 11.835 11.311 10.759 10.177 9.567 8.927 8.259 7.568 7.013 6.467 5.929 5.398 4.877 4.363 3.858 3.361 2.872 2.391 1.919 1.530 1.803 2.074 2.343 2.612 2.878 3.144 3.408 3.670 3.931 4.191 4.449 4.684 4.812 4.954 5.108 5.275 5.455 5.647 5.852 6.070 6.301 6.544 6.800 6.981 6.846 6.705 6.558 6.406 6.248 6.085 5.916 5.742 5.562 5.376 5.185 4.999 4.830 4.653 4.468 4.274 4.072 3.862 3.643 3.558 3.619 3.742 3.930
15.670 15.430 15.180 14.735 14.226 13.688 13.121 12.525 11.900 11.246 10.563 9.852 9.111 8.341 7.542 6.986 6.468 5.958 5.457 4.963 4.478 4.002 3.533 3.073 2.621 2.177 1.742 1.978 2.244 2.509 2.772 3.034 3.294 3.553 3.810 4.066 4.321 4.574 4.824 4.997 5.183 5.381 5.593 5.817 6.053 6.303 6.565 6.840 7.127 7.427 7.704 7.549 7.389 7.223 7.051 6.874 6.691 6.503 6.309 6.110 5.905 5.695 5.482 5.273 5.109 5.008 4.971 4.998 5.088 5.241 5.458 5.738 6.082 6.489
16.921 16.644 16.355 15.863 15.252 14.613 13.944 13.247 12.520 11.765 10.981 10.167 9.325 8.454 7.554 6.949 6.460 5.979 5.506 5.041 4.585 4.137 3.697 3.265 2.842 2.426 2.019 2.155 2.416 2.675 2.934 3.190 3.446 3.699 3.952 4.203 4.452 4.700 4.947 5.168 5.398 5.641 5.897 6.165 6.446 6.739 7.046 7.365 7.697 8.041 8.398 8.257 8.077 7.892 7.701 7.504 7.219 6.916 6.624 6.345 6.077 5.821 5.578 5.571 5.627 5.746 5.929 6.176 6.485 6.859 7.295 7.795 8.359 8.985
18.182 17.867 17.541 17.020 16.308 15.567 14.798 13.999 13.171 12.314 11.429 10.514 9.571 8.598 7.597 6.904 6.443 5.991 5.547 5.111 4.683 4.263 3.852 3.449 3.054 2.667 2.288 2.333 2.589 2.843 3.096 3.348 3.598 3.847 4.095 4.340 4.585 4.828 5.069 5.327 5.601 5.888 6.188 6.500 6.825 7.163 7.513 7.877 8.252 8.513 8.747 8.529 8.208 7.898 7.601 7.315 7.041 6.779 6.529 6.290 6.064 5.849 5.646 5.807 6.083 6.423 6.826 7.292 7.821 8.414 9.070 9.790 10.573 11.419
19.453 19.101 18.737 18.208 17.395 16.553 15.682 14.782 13.853 12.895 11.908 10.892 9.847 8.774 7.671 6.851 6.418 5.994 5.579 5.171 4.772 4.381 3.998 3.623 3.257 2.899 2.549 2.512 2.763 3.012 3.260 3.507 3.752 3.996 4.239 4.479 4.719 4.957 5.193 5.472 5.790 6.121 6.380 6.628 6.872 7.112 7.348 7.580 7.808 8.031 8.251 8.134 7.854 7.586 7.329 7.084 6.852 6.631 6.421 6.224 6.039 5.865 5.703 5.983 6.478 7.038 7.660 8.346 9.095 9.907 10.783 11.722 12.724 13.789
20.735 20.345 19.944 19.427 18.512 17.569 16.597 15.595 14.565 13.506 12.418 11.301 10.155 8.980 7.777 6.788 6.385 5.989 5.602 5.223 4.852 4.490 4.135 3.789 3.451 3.121 2.800 2.692 2.938 3.183 3.426 3.667 3.908 4.146 4.382 4.559 4.733 4.903 5.071 5.274 5.520 5.763 6.001 6.235 6.465 6.691 6.913 7.130 7.344 7.554 7.759 7.728 7.489 7.262 7.046 6.843 6.651 6.471 6.303 6.147 6.002 5.869 5.749 6.097 6.812 7.591 8.433 9.338 10.306 11.338 12.433 13.591 14.813 16.097
22.027 21.599 21.160 20.676 19.660 18.616 17.542 16.440 15.308 14.148 12.959 11.741 10.494 9.218 7.913 6.718 6.342 5.975 5.617 5.266 4.924 4.590 4.264 3.946 3.637 3.336 3.042 2.867 3.054 3.238 3.419 3.597 3.773 3.945 4.114 4.281 4.444 4.605 4.763 4.942 5.174 5.402 5.627 5.847 6.062 6.274 6.482 6.686 6.885 7.081 7.272 7.311 7.113 6.927 6.752 6.590 6.439 6.300 6.173 6.058 5.954 5.863 5.783 6.150 7.084 8.082 9.144 10.268 11.456 12.707 14.021 15.398 16.839 18.343
23.329 22.864 22.388 21.901 20.838 19.693 18.518 17.314 16.082 14.821 13.531 12.212 10.864 9.487 8.081 6.647 6.291 5.953 5.623 5.301 4.980 4.640 4.302 3.966 3.631 3.297 2.966 2.673 2.850 3.024 3.195 3.363 3.528 3.691 3.850 4.006 4.160 4.310 4.458 4.614 4.833 5.047 5.257 5.463 5.665 5.862 6.056 6.246 6.431 6.612 6.790 6.883 6.726 6.581 6.447 6.326 6.216 6.118 6.032 5.958 5.895 5.844 5.806 6.141 7.295 8.513 9.793 11.137 12.543 14.013 15.547 17.143 18.803 20.525
24.642 24.139 23.625 23.101 22.047 20.800 19.525 18.220 16.887 15.524 14.133 12.713 11.264 9.755 8.204 6.699 6.177 5.837 5.498 5.160 4.824 4.490 4.158 3.827 3.497 3.169 2.843 2.518 2.649 2.813 2.974 3.132 3.287 3.439 3.589 3.735 3.878 4.019 4.156 4.291 4.496 4.696 4.892 5.083 5.271 5.455 5.634 5.810 5.981 6.149 6.312 6.444 6.327 6.223 6.131 6.050 5.981 5.924 5.879 5.846 5.824 5.815 5.817 6.072 7.445 8.882 10.381 11.944 13.569 15.258 17.010 18.826 20.704 22.646
25.964 25.424 24.873 24.311 23.286 21.938 20.400 18.688 17.022 15.401 13.826 12.297 10.813 9.376 7.984 6.637 5.998 5.663 5.330 4.998 4.667 4.339 4.012 3.686 3.362 3.040 2.719 2.400 2.452 2.606 2.757 2.905 3.049 3.191 3.331 3.467 3.600 3.730 3.858 3.982 4.163 4.349 4.531 4.709 4.882 5.052 5.217 5.379 5.536 5.689 5.839 5.984 5.918 5.855 5.803 5.764 5.736 5.720 5.716 5.723 5.742 5.774 5.817 5.942 7.534 9.189 10.908 12.689 14.534 16.441 18.412 20.446 22.524 24.014
26.492 25.441 24.411 23.404 22.105 20.460 18.861 17.308 15.801 14.339 12.923 11.552 10.227 8.948 7.715 6.527 5.818 5.488 5.160 4.834 4.509 4.186 3.864 3.544 3.226 2.909 2.594 2.280 2.258 2.402 2.542 2.680 2.815 2.947 3.076 3.202 3.325 3.445 3.563 3.677 3.835 4.007 4.175 4.338 4.498 4.654 4.805 4.952 5.096 5.235 5.370 5.501 5.497 5.475 5.464 5.466 5.479 5.504 5.540 5.589 5.649 5.721 5.805 5.901 7.561 9.421 11.130 12.777 14.363 15.887 17.350 18.751 20.091 21.370
24.153 23.178 22.224 21.293 20.202 18.716 17.276 15.881 14.532 13.229 11.972 10.760 9.593 8.473 7.397 6.368 5.636 5.312 4.989 4.669 4.349 4.031 3.715 3.401 3.088 2.777 2.467 2.159 2.067 2.201 2.331 2.459 2.584 2.706 2.824 2.940 3.053 3.164 3.271 3.375 3.512 3.669 3.823 3.973 4.118 4.260 4.397 4.530 4.660 4.785 4.906 5.023 5.065 5.084 5.115 5.157 5.211 5.276 5.352 5.420 5.490 5.561 5.634 5.708 6.973 8.531 10.028 11.463 12.837 14.150 15.401 16.591 17.719 18.786
21.794 20.894 20.016 19.160 18.252 16.924 15.643 14.407 13.216 12.072 10.973 9.919 8.911 7.949 7.032 6.161 5.453 5.134 4.817 4.502 4.188 3.876 3.565 3.256 2.949 2.643 2.338 2.036 1.879 2.003 2.123 2.241 2.356 2.467 2.576 2.682 2.785 2.885 2.982 3.077 3.192 3.336 3.476 3.611 3.743 3.870 3.994 4.113 4.228 4.339 4.446 4.553 4.642 4.707 4.773 4.840 4.909 4.980 5.052 5.125 5.200 5.277 5.355 5.435 6.354 7.701 8.986 10.209 11.372 12.473 13.512 14.491 15.408 16.263
19.414 18.590 17.788 17.007 16.248 15.086 13.962 12.885 11.853 10.867 9.926 9.031 8.181 7.377 6.619 5.906 5.268 4.955 4.644 4.334 4.025 3.719 3.413 3.110 2.808 2.508 2.209 1.912 1.695 1.808 1.919 2.026 2.131 2.233 2.331 2.427 2.520 2.610 2.697 2.781 2.878 3.008 3.133 3.255 3.377 3.506 3.632 3.755 3.875 3.992 4.106 4.216 4.309 4.379 4.450 4.523 4.597 4.673 4.750 4.829 4.910 4.992 5.075 5.160 5.795 6.929 8.003 9.015 9.966 10.856 11.684 12.451 13.157 13.801
17.013 16.265 15.538 14.833 14.150 13.200 12.235 11.316 10.442 9.614 8.832 8.095 7.403 6.757 6.157 5.602 5.093 4.775 4.469 4.164 3.861 3.560 3.260 2.962 2.666 2.371 2.078 1.786 1.514 1.617 1.718 1.815 1.910 2.001 2.090 2.176 2.258 2.346 2.442 2.527 2.612 2.743 2.871 2.996 3.118 3.236 3.352 3.464 3.574 3.680 3.783 3.883 3.974 4.050 4.126 4.204 4.284 4.365 4.448 4.532 4.618 4.705 4.794 4.884 5.294 6.218 7.080 7.880 8.620 9.298 9.915 10.471 10.966 11.399
14.591 13.918 13.267 12.638 12.031 11.266 10.460 9.699 8.984 8.314 7.690 7.111 6.577 6.090 5.647 5.251 4.899 4.593 4.292 3.993 3.696 3.400 3.106 2.813 2.522 2.233 1.945 1.659 1.374 1.429 1.540 1.669 1.789 1.900 2.000 2.091 2.172 2.243 2.305 2.356 2.399 2.520 2.637 2.751 2.862 2.970 3.075 3.177 3.276 3.371 3.464 3.553 3.639 3.719 3.801 3.885 3.970 4.056 4.144 4.234 4.325 4.417 4.512 4.607 4.853 5.565 6.216 6.805 7.334 7.801 8.207 8.551 8.835 9.057
12.149 11.552 10.976 10.422 9.890 9.286 8.638 8.035 7.478 6.966 6.500 6.079 5.704 5.374 5.090 4.851 4.657 4.409 4.114 3.821 3.529 3.239 2.950 3.067 3.362 3.377 3.112 2.566 1.739 1.577 1.683 1.779 1.865 1.941 2.008 2.065 2.112 2.150 2.178 2.196 2.204 2.299 2.406 2.510 2.610 2.707 2.802 2.893 2.981 3.066 3.148 3.227 3.302 3.388 3.475 3.564 3.654 3.746 3.839 3.934 4.031 4.129 4.228 4.329 4.471 4.972 5.411 5.790 6.107 6.363 6.558 6.692 6.764 6.776
9.686 9.164 8.664 8.185 7.729 7.259 6.769 6.324 5.925 5.571 5.263 5.000 4.782 4.610 4.484 4.403 5.358 6.870 7.874 8.598 9.042 9.205 9.088 8.691 8.014 7.057 5.819 4.301 2.503 1.763 1.835 1.898 1.950 1.993 2.026 2.049 2.063 2.067 2.061 2.045 2.020 2.083 2.179 2.272 2.361 2.448 2.532 2.612 2.690 2.764 2.835 2.904 2.969 3.055 3.148 3.242 3.338 3.435 3.534 3.634 3.735 3.839 3.943 4.050 4.157 4.438 4.666 4.834 4.940 4.985 4.969 4.892 4.754 4.554
7.202 6.755 6.331 5.928 5.546 5.185 4.853 4.566 4.324 4.687 5.553 6.702 8.134 9.848 11.846 14.127 16.691 18.618 18.649 18.400 17.871 17.062 15.973 14.604 12.955 11.025 8.816 6.326 3.557 1.960 1.998 2.027 2.045 2.055 2.054 2.044 2.024 1.994 1.954 1.905 1.846 1.869 1.955 2.037 2.116 2.192 2.265 2.335 2.402 2.466 2.526 2.584 2.638 2.722 2.820 2.919 3.020 3.123 3.227 3.332 3.439 3.548 3.658 3.769 3.882 3.963 3.981 3.937 3.833 3.667 3.440 3.152 2.803 2.393
4.697 4.326 4.237 4.232 4.236 4.283 4.998 5.997 7.278 8.842 10.688 12.818 15.230 17.925 20.903 24.164 27.708 30.650 29.709 28.488 26.987 25.206 23.145 20.804 18.183 15.283 12.102 8.642 4.902 2.166 2.171 2.166 2.151 2.126 2.092 2.048 1.994 1.931 1.858 1.775 1.682 1.659 1.734 1.805 1.874 1.940 2.002 2.061 2.118 2.171 2.221 2.268 2.312 2.387 2.490 2.595 2.701 2.809 2.918 3.029 3.142 3.255 3.371 3.488 3.606 3.547 3.354 3.100 2.785 2.527 2.312 2.108 1.915 1.734
4.217 4.225 4.241 4.266 4.300 4.342 5.901 7.880 10.141 12.685 15.512 18.622 22.014 25.689 29.646 33.886 38.409 42.966 41.053 38.860 36.388 33.635 30.603 27.292 23.700 19.829 15.678 11.247 6.537 2.382 2.353 2.314 2.266 2.208 2.140 2.062 1.975 1.878 1.771 1.654 1.528 1.452 1.516 1.577 1.635 1.690 1.742 1.791 1.837 1.879 1.919 1.955 1.988 2.051 2.160 2.270 2.381 2.494 2.609 2.725 2.843 2.962 3.081 3.195 3.304 3.226 3.004 2.794 2.595 2.407 2.231 2.066 1.911 1.769
4.153 4.191 4.237 4.291 4.354 4.426 6.494 9.453 12.694 16.218 20.025 24.113 28.485 33.139 38.075 43.294 48.795 54.579 52.681 49.517 46.074 42.351 38.349 34.066 29.505 24.664 19.543 14.142 8.463 2.608 2.545 2.473 2.391 2.299 2.197 2.086 1.965 1.835 1.694 1.544 1.384 1.249 1.302 1.353 1.400 1.445 1.486 1.524 1.559 1.591 1.620 1.646 1.668 1.714 1.828 1.963 2.097 2.226 2.349 2.466 2.578 2.684 2.784 2.879 2.969 2.941 2.758 2.587 2.426 2.277 2.139 2.013 1.897 1.793
4.080 4.147 4.223 4.307 4.399 4.501 6.778 10.716 14.937 19.440 24.226 29.293 34.643 40.276 46.190 52.387 58.866 65.628 64.594 60.459 56.046 51.353 46.380 41.128 35.597 29.786 23.696 17.327 10.678 3.750 2.747 2.641 2.526 2.400 2.265 2.120 1.966 1.802 1.628 1.444 1.251 1.049 1.092 1.132 1.168 1.202 1.233 1.260 1.306 1.355 1.404 1.453 1.501 1.560 1.686 1.806 1.921 2.031 2.134 2.232 2.325 2.412 2.493 2.569 2.639 2.645 2.501 2.368 2.247 2.136 2.037 1.949 1.872 1.807
3.997 4.094 4.199 4.313 4.435 4.566 6.753 11.671 16.870 22.352 28.115 34.161 40.489 47.100 53.992 61.166 68.623 76.362 76.790 71.686 66.302 60.640 54.698 48.477 41.977 35.197 28.139 20.801 13.183 5.287 2.959 2.820 2.670 2.511 2.343 2.164 1.976 1.778 1.571 1.354 1.127 0.903 0.916 0.966 1.015 1.064 1.113 1.162 1.210 1.258 1.306 1.353 1.400 1.447 1.554 1.655 1.751 1.841 1.926 2.004 2.078 2.146 2.208 2.264 2.315 2.340 2.234 2.140 2.057 1.985 1.924 1.875 1.837 1.810
3.906 4.032 4.167 4.310 4.462 4.622 6.421 12.316 18.494 24.953 31.695 38.718 46.024 53.611 61.481 69.632 78.066 86.781 89.270 83.196 76.844 70.213 63.302 56.112 48.644 40.896 32.869 24.563 15.978 7.114 3.181 3.008 2.825 2.632 2.388 2.149 1.917 1.690 1.470 1.256 1.048 0.846 0.826 0.874 0.923 0.971 1.019 1.067 1.114 1.161 1.208 1.254 1.301 1.347 1.428 1.510 1.586 1.657 1.723 1.782 1.836 1.885 1.928 1.965 1.997 2.023 1.957 1.901 1.857 1.823 1.801 1.791 1.791 1.803
3.804 3.960 4.124 4.297 4.479 4.668 5.780 12.653 19.808 27.245 34.964 42.964 51.247 59.811 68.657 77.785 87.194 96.886 102.033 94.991 87.670 80.070 72.192 64.034 55.597 46.882 37.849 27.781 17.999 8.502 3.107 2.865 2.628 2.398 2.175 1.957 1.746 1.541 1.342 1.149 0.963 0.783 0.736 0.784 0.831 0.878 0.925 0.972 1.018 1.065 1.110 1.156 1.201 1.246 1.307 1.370 1.427 1.479 1.525 1.566 1.601 1.630 1.654 1.672 1.685 1.692 1.669 1.652 1.646 1.651 1.668 1.696 1.735 1.785
