DATA/SHG/ECMWF/20170628/EN-42/20170702.en-42.asc
ncols        190
nrows        64
xllcorner    -5100000.000000000000
yllcorner    4130000.000000000000
cellsize     10000.000000000000
NODATA_value  -99999.000
[rows 0 to 32 of 64, columns 0 to 72 of 190]
1.325 1.276 1.223 1.164 1.100 1.031 0.956 0.877 0.792 0.818 0.876 0.929 0.979 1.024 1.065 1.102 1.135 1.163 1.187 1.227 1.271 1.356 1.460 1.562 1.664 1.764 1.864 1.962 2.059 2.154 2.249 2.342 2.435 2.815 3.365 3.896 4.407 4.899 5.372 5.825 6.258 6.672 7.067 7.442 7.798 7.805 7.520 7.233 6.946 6.658 6.370 6.080 5.790 5.499 5.208 4.916 4.623 4.481 4.535 4.608 4.700 4.812 4.944 5.094 5.264 5.454 5.663 5.891 6.139 6.495 6.988 7.461 7.915
1.375 1.308 1.236 1.159 1.077 0.989 0.896 0.798 0.694 0.681 0.724 0.763 0.818 0.871 0.921 0.969 1.015 1.058 1.098 1.135 1.170 1.240 1.340 1.438 1.536 1.632 1.727 1.822 1.914 2.006 2.097 2.187 2.275 2.552 3.034 3.497 3.940 4.363 4.767 5.152 5.517 5.863 6.189 6.496 6.783 6.835 6.547 6.258 5.969 5.678 5.387 5.096 4.803 4.510 4.216 3.921 3.626 3.460 3.582 3.723 3.884 4.064 4.264 4.483 4.721 4.979 5.256 5.553 5.869 6.227 6.650 7.054 7.437
1.432 1.346 1.256 1.160 1.063 0.978 0.886 0.787 0.681 0.645 0.697 0.746 0.793 0.837 0.878 0.917 0.953 0.987 1.018 1.047 1.073 1.125 1.221 1.315 1.409 1.501 1.593 1.683 1.772 1.860 1.946 2.032 2.116 2.310 2.724 3.118 3.492 3.848 4.183 4.500 4.797 5.074 5.332 5.571 5.790 5.867 5.577 5.286 4.994 4.701 4.407 4.113 3.818 3.523 3.226 2.929 2.631 2.421 2.611 2.821 3.050 3.298 3.566 3.853 4.160 4.486 4.831 5.196 5.637 6.082 6.563 7.074 7.616
1.580 1.498 1.409 1.313 1.210 1.101 0.984 0.861 0.731 0.650 0.693 0.733 0.771 0.805 0.838 0.868 0.895 0.919 0.942 0.961 0.978 1.011 1.103 1.194 1.284 1.372 1.459 1.546 1.631 1.714 1.797 1.879 1.959 2.088 2.433 2.759 3.065 3.352 3.620 3.868 4.097 4.306 4.496 4.666 4.817 4.902 4.609 4.315 4.021 3.726 3.430 3.133 2.836 2.537 2.239 1.939 1.639 1.364 1.623 1.901 2.210 2.672 3.129 3.582 4.031 4.475 4.915 5.351 5.782 6.209 6.794 7.412 8.061
1.832 1.726 1.612 1.492 1.365 1.231 1.090 0.943 0.788 0.658 0.692 0.723 0.751 0.777 0.800 0.821 0.839 0.855 0.868 0.878 0.886 0.899 0.987 1.074 1.160 1.244 1.327 1.410 1.491 1.571 1.649 1.727 1.804 1.886 2.163 2.421 2.659 2.878 3.077 3.257 3.418 3.559 3.681 3.783 3.866 3.929 3.643 3.347 3.050 2.753 2.454 2.155 1.855 1.604 1.507 1.402 1.289 1.167 1.574 2.029 2.480 2.927 3.369 3.807 4.240 4.670 5.094 5.515 5.931 6.343 6.997 7.721 8.477
2.091 1.961 1.823 1.678 1.527 1.369 1.204 1.032 0.853 0.669 0.693 0.715 0.734 0.751 0.765 0.777 0.786 0.793 0.797 0.798 0.797 0.793 0.872 0.955 1.037 1.117 1.197 1.275 1.352 1.428 1.503 1.577 1.649 1.721 1.914 2.103 2.273 2.424 2.555 2.667 2.759 2.832 2.886 2.920 2.935 2.931 2.775 2.708 2.632 2.548 2.455 2.354 2.245 2.127 2.000 1.865 1.722 1.570 1.878 2.318 2.754 3.185 3.612 4.035 4.454 4.868 5.277 5.683 6.084 6.480 7.170 8.001 8.863
2.358 2.203 2.041 1.872 1.696 1.514 1.324 1.128 0.925 0.715 0.697 0.710 0.721 0.728 0.734 0.736 0.736 0.734 0.728 0.721 0.711 0.698 0.759 0.838 0.916 0.992 1.068 1.142 1.215 1.287 1.358 1.428 1.496 1.564 1.684 1.805 1.907 1.990 2.053 2.186 2.388 2.596 2.812 3.035 3.266 3.503 3.515 3.418 3.312 3.198 3.076 2.945 2.805 2.657 2.501 2.336 2.162 1.980 2.186 2.611 3.032 3.448 3.860 4.267 4.670 5.069 5.464 5.854 6.240 6.622 7.313 8.251 9.219
2.631 2.452 2.266 2.073 1.873 1.666 1.452 1.232 1.005 0.770 0.705 0.708 0.710 0.708 0.704 0.698 0.689 0.677 0.663 0.646 0.627 0.605 0.647 0.722 0.795 0.868 0.940 1.010 1.079 1.147 1.214 1.280 1.413 1.554 1.716 1.907 2.105 2.311 2.523 2.742 2.969 3.203 3.444 3.692 3.947 4.210 4.263 4.136 4.000 3.856 3.704 3.543 3.373 3.195 3.009 2.814 2.610 2.398 2.497 2.907 3.313 3.714 4.111 4.503 4.891 5.275 5.654 6.030 6.400 6.767 7.428 8.472 9.547
2.912 2.709 2.498 2.281 2.057 1.826 1.588 1.343 1.091 0.833 0.714 0.709 0.701 0.691 0.678 0.663 0.644 0.624 0.601 0.575 0.547 0.516 0.536 0.607 0.677 0.884 1.084 1.266 1.432 1.581 1.713 1.827 1.925 2.005 2.139 2.355 2.578 2.808 3.046 3.290 3.542 3.801 4.067 4.341 4.621 4.909 5.018 4.861 4.696 4.522 4.339 4.148 3.949 3.741 3.524 3.300 3.066 2.825 2.812 3.207 3.597 3.983 4.365 4.742 5.116 5.484 5.849 6.209 6.564 6.916 7.513 8.664 9.845
3.200 2.972 2.738 2.496 2.248 1.992 1.730 1.462 1.186 0.903 0.727 0.713 0.696 0.676 0.654 0.630 0.603 0.592 0.715 0.847 0.988 1.138 1.311 1.502 1.676 1.833 1.973 2.095 2.201 2.290 2.361 2.416 2.453 2.474 2.553 2.794 3.043 3.298 3.561 3.830 4.107 4.391 4.683 4.981 5.286 5.599 5.781 5.594 5.398 5.194 4.982 4.761 4.532 4.294 4.048 3.793 3.530 3.258 3.131 3.511 3.886 4.257 4.623 4.986 5.344 5.697 6.047 6.392 6.732 7.069 7.570 8.827 10.114
3.496 3.243 2.984 2.719 2.446 2.167 1.880 1.587 1.287 0.981 0.777 0.870 0.971 1.081 1.200 1.328 1.465 1.610 1.764 1.927 2.099 2.279 2.457 2.588 2.702 2.798 2.878 2.941 2.987 3.015 3.027 3.021 2.999 2.959 2.960 3.226 3.499 3.780 4.067 4.362 4.664 4.973 5.289 5.613 5.943 6.281 6.551 6.334 6.109 5.875 5.633 5.382 5.123 4.855 4.579 4.294 4.001 3.700 3.453 3.818 4.178 4.534 4.885 5.233 5.575 5.914 6.248 6.578 6.904 7.225 7.597 8.960 10.353
3.798 3.522 3.238 2.954 2.688 2.443 2.221 2.019 1.839 1.680 1.569 1.692 1.824 1.965 2.115 2.274 2.441 2.617 2.802 2.996 3.198 3.409 3.619 3.690 3.744 3.781 3.800 3.803 3.789 3.757 3.709 3.643 3.561 3.462 3.358 3.649 3.948 4.253 4.566 4.886 5.213 5.547 5.888 6.237 6.592 6.955 7.325 7.082 6.826 6.563 6.291 6.010 5.721 5.423 5.118 4.803 4.480 4.149 3.809 4.129 4.474 4.815 5.151 5.483 5.811 6.135 6.454 6.768 7.070 7.360 7.636 8.825 10.046
3.942 3.688 3.454 3.243 3.052 2.883 2.735 2.609 2.504 2.421 2.359 2.504 2.667 2.839 3.019 3.208 3.406 3.613 3.829 4.053 4.286 4.528 4.779 4.809 4.802 4.779 4.739 4.681 4.607 4.516 4.408 4.282 4.140 3.981 3.805 4.065 4.388 4.719 5.057 5.402 5.754 6.113 6.479 6.852 7.233 7.620 8.015 7.837 7.552 7.258 6.956 6.646 6.327 6.000 5.664 5.320 4.967 4.606 4.236 4.443 4.795 5.143 5.478 5.801 6.110 6.405 6.688 6.958 7.214 7.458 7.688 8.591 9.633
3.981 3.802 3.644 3.508 3.392 3.299 3.226 3.175 3.146 3.137 3.150 3.305 3.498 3.701 3.912 4.132 4.361 4.599 4.845 5.100 5.364 5.637 5.918 5.943 5.877 5.794 5.694 5.576 5.442 5.291 5.123 4.938 4.736 4.517 4.281 4.472 4.821 5.176 5.539 5.909 6.286 6.670 7.061 7.460 7.865 8.278 8.698 8.599 8.284 7.961 7.629 7.289 6.940 6.542 6.158 5.799 5.463 5.152 4.865 5.003 5.318 5.621 5.910 6.186 6.449 6.699 6.936 7.160 7.370 7.568 7.752 8.406 9.270
3.997 3.893 3.810 3.749 3.709 3.690 3.693 3.717 3.763 3.829 3.917 4.095 4.319 4.553 4.795 5.045 5.305 5.573 5.850 6.136 6.431 6.734 7.046 7.094 6.968 6.825 6.665 6.488 6.294 6.083 5.855 5.610 5.348 5.069 4.774 4.872 5.245 5.626 6.014 6.409 6.811 7.220 7.636 8.059 8.490 8.927 9.220 9.073 8.628 8.208 7.812 7.440 7.092 6.769 6.470 6.195 5.944 5.717 5.515 5.584 5.854 6.111 6.354 6.584 6.801 7.005 7.196 7.374 7.539 7.690 7.829 8.268 8.954
3.989 3.960 3.953 3.967 4.002 4.058 4.136 4.235 4.356 4.497 4.661 4.875 5.130 5.394 5.666 5.948 6.238 6.537 6.845 7.161 7.486 7.820 8.163 8.261 8.075 7.872 7.652 7.416 7.162 6.891 6.604 6.299 5.977 5.639 5.283 5.263 5.662 6.067 6.473 6.830 7.169 7.489 7.791 8.074 8.338 8.584 8.811 8.767 8.408 8.072 7.761 7.473 7.210 6.971 6.757 6.566 6.400 6.258 6.140 6.178 6.401 6.612 6.810 6.994 7.165 7.323 7.469 7.601 7.719 7.825 7.918 8.179 8.687
3.958 4.004 4.072 4.161 4.271 4.402 4.555 4.729 4.925 5.141 5.379 5.644 5.930 6.224 6.527 6.840 7.160 7.490 7.828 8.175 8.531 8.896 9.269 9.445 9.199 8.936 8.656 8.360 8.046 7.716 7.369 6.976 6.533 6.122 5.743 5.615 5.962 6.292 6.603 6.895 7.168 7.424 7.660 7.878 8.078 8.258 8.421 8.438 8.163 7.912 7.685 7.483 7.304 7.150 7.020 6.914 6.832 6.774 6.741 6.783 6.961 7.126 7.277 7.416 7.541 7.654 7.753 7.839 7.912 7.972 8.019 8.138 8.468
3.903 4.024 4.167 4.331 4.516 4.722 4.950 5.199 5.470 5.761 6.074 6.402 6.719 7.044 7.378 7.721 8.072 8.432 8.801 9.179 9.565 9.960 10.364 10.644 10.213 9.658 9.135 8.644 8.185 7.758 7.363 7.000 6.669 6.371 6.104 5.957 6.240 6.505 6.750 6.978 7.186 7.377 7.548 7.701 7.836 7.952 8.050 8.086 7.895 7.729 7.587 7.468 7.374 7.305 7.259 7.237 7.240 7.267 7.318 7.400 7.532 7.651 7.757 7.850 7.929 7.996 8.049 8.090 8.117 8.131 8.133 8.145 8.297
3.825 4.021 4.239 4.477 4.737 5.019 5.321 5.645 5.991 6.357 6.745 7.150 7.497 7.853 8.217 8.591 8.973 9.208 9.348 9.480 9.602 9.716 9.820 9.892 9.418 8.975 8.564 8.186 7.839 7.525 7.242 6.992 6.773 6.587 6.432 6.319 6.537 6.736 6.917 7.079 7.223 7.349 7.455 7.544 7.613 7.665 7.697 7.710 7.604 7.522 7.464 7.430 7.421 7.435 7.474 7.537 7.624 7.735 7.870 8.029 8.115 8.188 8.248 8.295 8.329 8.350 8.358 8.353 8.334 8.303 8.258 8.201 8.175
3.723 3.994 4.287 4.600 4.935 5.291 5.669 6.068 6.488 6.929 7.251 7.533 7.707 7.861 8.006 8.142 8.269 8.387 8.496 8.596 8.687 8.769 8.842 8.906 8.590 8.260 7.962 7.695 7.461 7.259 7.088 6.950 6.843 6.769 6.727 6.716 6.852 6.986 7.102 7.200 7.279 7.339 7.381 7.405 7.410 7.396 7.364 7.314 7.288 7.291 7.317 7.368 7.443 7.542 7.665 7.812 7.983 8.178 8.398 8.641 8.710 8.737 8.752 8.753 8.741 8.716 8.678 8.628 8.563 8.486 8.396 8.293 8.101
3.598 3.944 4.311 4.642 4.962 5.271 5.569 5.856 6.133 6.399 6.654 6.898 7.055 7.178 7.291 7.396 7.491 7.578 7.655 7.724 7.783 7.834 7.875 7.907 7.730 7.512 7.326 7.172 7.050 6.960 6.901 6.875 6.881 6.918 6.988 7.090 7.185 7.255 7.306 7.339 7.353 7.349 7.326 7.285 7.225 7.147 7.050 6.935 6.950 7.036 7.147 7.282 7.441 7.625 7.832 8.063 8.319 8.598 8.902 9.229 9.317 9.299 9.267 9.223 9.165 9.095 9.011 8.863 8.635 8.417 8.210 8.012 7.782
3.411 3.725 4.029 4.321 4.603 4.875 5.135 5.385 5.624 5.852 6.069 6.276 6.414 6.505 6.587 6.660 6.724 6.779 6.825 6.862 6.890 6.909 6.919 6.919 6.838 6.732 6.658 6.616 6.606 6.628 6.682 6.768 6.885 7.035 7.216 7.430 7.537 7.541 7.528 7.496 7.446 7.377 7.289 7.183 7.059 6.916 6.755 6.575 6.587 6.758 6.954 7.173 7.416 7.683 7.975 8.290 8.630 8.993 9.381 9.793 9.827 9.565 9.312 9.070 8.837 8.614 8.402 8.199 8.006 7.823 7.649 7.486 7.348
3.216 3.492 3.758 4.013 4.257 4.491 4.714 4.926 5.127 5.317 5.497 5.666 5.784 5.843 5.894 5.935 5.968 5.991 6.006 6.011 6.007 5.995 5.973 5.942 5.914 5.920 5.958 6.028 6.130 6.264 6.429 6.627 6.857 7.118 7.411 7.737 7.907 7.847 7.769 7.672 7.557 7.423 7.271 7.101 6.912 6.704 6.478 6.234 6.202 6.457 6.736 7.040 7.367 7.672 7.937 8.181 8.403 8.604 8.784 8.942 8.912 8.684 8.466 8.259 8.061 7.872 7.694 7.526 7.368 7.219 7.081 6.952 6.883
3.033 3.272 3.500 3.717 3.924 4.119 4.304 4.479 4.642 4.795 4.937 5.068 5.164 5.192 5.211 5.221 5.222 5.214 5.197 5.171 5.136 5.092 5.038 4.976 4.958 5.076 5.226 5.407 5.621 5.867 6.144 6.454 6.795 7.168 7.573 8.010 8.295 8.171 8.028 7.867 7.687 7.489 7.272 7.037 6.783 6.511 6.243 5.984 5.909 6.206 6.481 6.736 6.969 7.181 7.372 7.541 7.690 7.817 7.922 8.007 7.988 7.795 7.612 7.439 7.275 7.122 6.978 6.845 6.721 6.607 6.503 6.409 6.388
2.862 3.063 3.253 3.433 3.602 3.760 3.908 4.044 4.170 4.285 4.390 4.483 4.554 4.551 4.539 4.517 4.487 4.447 4.399 4.341 4.275 4.199 4.115 4.021 3.969 4.199 4.461 4.754 5.080 5.437 5.826 6.248 6.700 7.185 7.702 8.251 8.702 8.513 8.306 8.028 7.747 7.473 7.206 6.944 6.688 6.439 6.196 5.959 5.809 6.032 6.234 6.414 6.573 6.711 6.828 6.924 6.998 7.051 7.083 7.093 7.056 6.898 6.749 6.611 6.482 6.363 6.254 6.155 6.066 5.987 5.917 5.858 5.861
2.709 2.866 3.019 3.161 3.292 3.413 3.523 3.622 3.710 3.788 3.854 3.910 3.956 3.921 3.877 3.824 3.762 3.691 3.611 3.522 3.424 3.317 3.201 3.077 2.948 3.290 3.663 4.069 4.506 4.975 5.476 6.008 6.545 7.078 7.608 8.134 8.637 8.360 8.089 7.825 7.566 7.313 7.067 6.827 6.593 6.365 6.143 5.927 5.731 5.880 6.008 6.114 6.199 6.263 6.306 6.328 6.328 6.307 6.265 6.202 6.116 5.992 5.878 5.774 5.680 5.596 5.521 5.457 5.402 5.358 5.323 5.298 5.304
2.645 2.682 2.797 2.901 2.995 3.078 3.150 3.212 3.262 3.302 3.332 3.350 3.358 3.301 3.226 3.141 3.048 2.946 2.834 2.714 2.585 2.446 2.299 2.143 1.996 2.463 3.009 3.551 4.090 4.625 5.157 5.685 6.209 6.730 7.248 7.762 8.272 8.108 7.859 7.616 7.378 7.147 6.922 6.704 6.491 6.284 6.084 5.890 5.702 5.749 5.802 5.835 5.846 5.836 5.805 5.753 5.680 5.585 5.469 5.332 5.174 5.078 4.999 4.929 4.870 4.820 4.780 4.750 4.730 4.720 4.720 4.729 4.749
2.611 2.510 2.587 2.654 2.710 2.755 2.790 2.814 2.827 2.829 2.821 2.802 2.772 2.692 2.585 2.469 2.345 2.256 2.252 2.231 2.192 2.137 2.063 1.973 1.864 2.216 2.750 3.280 3.806 4.329 4.849 5.365 5.877 6.386 6.892 7.394 7.892 7.851 7.623 7.401 7.185 6.975 6.772 6.574 6.383 6.198 6.019 5.846 5.680 5.639 5.619 5.577 5.515 5.431 5.326 5.200 5.053 4.884 4.695 4.484 4.252 4.156 4.111 4.076 4.051 4.036 4.031 4.035 4.050 4.074 4.108 4.152 4.206
2.607 2.349 2.389 2.418 2.437 2.445 2.442 2.428 2.404 2.369 2.387 2.484 2.591 2.653 2.658 2.645 2.615 2.568 2.503 2.421 2.322 2.205 2.071 1.920 1.751 1.973 2.494 3.012 3.527 4.038 4.545 5.049 5.549 6.046 6.540 7.030 7.516 7.587 7.380 7.180 6.986 6.797 6.615 6.439 6.270 6.106 5.948 5.797 5.652 5.550 5.456 5.341 5.205 5.047 4.869 4.669 4.448 4.206 3.942 3.658 3.352 3.225 3.215 3.214 3.224 3.243 3.272 3.312 3.361 3.419 3.488 3.567 3.655
2.631 2.201 2.203 2.232 2.291 2.361 2.441 2.532 2.634 2.747 2.871 3.006 3.151 3.227 3.170 3.097 3.006 2.898 2.773 2.630 2.470 2.292 2.098 1.885 1.656 1.733 2.243 2.749 3.251 3.750 4.245 4.737 5.225 5.710 6.192 6.669 7.144 7.318 7.132 6.953 6.780 6.614 6.453 6.298 6.150 6.008 5.871 5.741 5.618 5.483 5.315 5.126 4.916 4.685 4.432 4.159 3.864 3.548 3.211 2.853 2.474 2.286 2.310 2.344 2.388 2.442 2.506 2.579 2.706 2.895 3.070 3.232 3.380
2.834 2.278 2.353 2.439 2.535 2.643 2.761 2.890 3.030 3.181 3.343 3.516 3.699 3.818 3.701 3.567 3.415 3.246 3.060 2.857 2.636 2.398 2.142 1.869 1.579 1.498 1.995 2.489 2.979 3.466 3.949 4.429 4.905 5.378 5.847 6.313 6.775 7.042 6.878 6.721 6.569 6.424 6.284 6.151 6.024 5.903 5.789 5.680 5.577 5.436 5.195 4.932 4.648 4.344 4.017 3.670 3.302 2.913 2.502 2.070 1.618 1.433 1.670 1.893 2.102 2.298 2.481 2.649 2.805 2.946 3.074 3.189 3.289
3.132 2.396 2.509 2.632 2.767 2.912 3.069 3.236 3.414 3.603 3.802 4.013 4.234 4.427 4.249 4.054 3.842 3.612 3.366 3.101 2.820 2.521 2.205 1.872 1.521 1.266 1.751 2.233 2.711 3.186 3.657 4.125 4.589 5.050 5.507 5.961 6.411 6.761 6.619 6.482 6.352 6.228 6.110 5.998 5.893 5.793 5.700 5.612 5.531 5.411 5.096 4.760 4.402 4.024 3.797 3.649 3.451 3.205 2.908 2.563 2.168 1.875 2.064 2.240 2.402 2.551 2.686 2.808 2.916 3.010 3.091 3.158 3.212
3.449 2.592 2.652 2.814 2.987 3.170 3.364 3.569 3.785 4.012 4.249 4.498 4.757 5.027 4.815 4.559 4.287 3.996 3.689 3.364 3.022 2.663 2.286 1.892 1.481 1.053 1.511 1.981 2.447 2.910 3.369 3.824 4.277 4.725 5.171 5.612 6.051 6.474 6.353 6.238 6.129 6.027 5.930 5.840 5.755 5.677 5.605 5.836 6.152 6.396 6.323 6.200 6.028 5.806 5.535 5.215 4.845 4.426 3.958 3.440 2.873 2.329 2.472 2.600 2.715 2.817 2.905 2.979 3.040 3.087 3.121 3.141 3.147
