DATA/SHG/ECMWF/20170628/EN-42/20170705.en-42.asc
ncols        190
nrows        64
xllcorner    -5100000.000000000000
yllcorner    4130000.000000000000
cellsize     10000.000000000000
NODATA_value  -99999.000
[rows 0 to 32 of 64, columns 75 to 149 of 190]
4.491 4.563 4.632 4.699 4.764 4.826 4.868 4.906 4.977 5.061 5.160 5.272 5.397 5.537 5.690 5.857 6.038 6.232 6.433 6.597 6.743 6.884 7.023 7.157 7.288 7.416 7.540 7.660 7.777 7.890 8.032 8.279 8.528 8.779 9.031 9.286 9.542 9.800 10.060 10.321 10.584 10.850 11.048 11.034 11.018 11.001 10.981 10.959 10.936 10.910 10.883 10.854 10.822 10.789 10.732 10.590 10.414 10.205 9.962 9.685 9.374 9.030 8.652 8.240 7.794 7.315 6.855 6.533 6.213 5.896 5.582 5.271 4.962 4.656 4.353
4.630 4.724 4.825 4.933 5.049 5.172 5.296 5.402 5.520 5.653 5.799 5.959 6.133 6.320 6.521 6.736 6.964 7.207 7.453 7.601 7.730 7.856 7.978 8.097 8.212 8.323 8.431 8.535 8.636 8.733 8.845 9.100 9.357 9.616 9.876 10.139 10.403 10.669 10.937 11.206 11.478 11.751 11.988 11.966 11.941 11.915 11.886 11.856 11.823 11.789 11.753 11.715 11.675 11.633 11.557 11.265 10.938 10.578 10.184 9.757 9.296 8.801 8.272 7.710 7.114 6.485 5.877 5.567 5.260 4.955 4.653 4.354 4.057 3.763 3.472
4.903 5.022 5.149 5.284 5.425 5.575 5.730 5.884 6.050 6.231 6.425 6.633 6.854 7.089 7.338 7.601 7.878 8.168 8.471 8.607 8.720 8.830 8.936 9.038 9.137 9.233 9.324 9.413 9.497 9.578 9.656 9.918 10.183 10.449 10.718 10.988 11.261 11.535 11.811 12.088 12.368 12.649 12.929 12.898 12.865 12.829 12.792 12.753 12.712 12.669 12.624 12.577 12.528 12.478 12.416 11.973 11.496 10.985 10.441 9.863 9.252 8.607 7.928 7.215 6.469 5.689 4.957 4.796 4.659 4.545 4.454 4.387 4.343 4.323 4.326
5.168 5.313 5.466 5.626 5.794 5.969 6.152 6.352 6.567 6.795 7.037 7.293 7.562 7.845 8.142 8.453 8.777 9.115 9.466 9.616 9.713 9.806 9.896 9.983 10.066 10.145 10.221 10.293 10.361 10.426 10.488 10.732 11.005 11.280 11.556 11.835 12.115 12.397 12.681 12.967 13.254 13.544 13.835 13.831 13.789 13.745 13.699 13.651 13.601 13.549 13.496 13.440 13.383 13.323 13.262 12.715 12.087 11.382 10.634 9.900 9.177 8.468 7.770 7.085 6.413 5.753 5.105 5.009 4.975 4.966 4.979 5.016 5.076 5.160 5.267
5.426 5.597 5.776 5.962 6.156 6.357 6.565 6.807 7.070 7.346 7.636 7.940 8.257 8.588 8.932 9.291 9.662 10.048 10.447 10.627 10.708 10.785 10.859 10.930 10.996 11.060 11.119 11.175 11.228 11.277 11.323 11.543 11.824 12.107 12.391 12.678 12.966 13.256 13.548 13.842 14.138 14.435 14.734 14.764 14.714 14.661 14.606 14.550 14.407 14.195 13.979 13.761 13.539 13.315 13.088 12.462 11.746 11.041 10.349 9.670 9.003 8.349 7.707 7.077 6.460 5.855 5.263 5.198 5.268 5.363 5.480 5.621 5.785 5.973 6.184
5.676 5.873 6.078 6.290 6.510 6.737 6.971 7.249 7.560 7.884 8.221 8.573 8.938 9.316 9.709 10.115 10.534 10.968 11.415 11.641 11.706 11.767 11.825 11.879 11.930 11.977 12.021 12.061 12.097 12.130 12.160 12.351 12.640 12.931 13.223 13.518 13.814 14.112 14.412 14.624 14.778 14.935 15.095 15.014 14.803 14.589 14.372 14.152 13.929 13.704 13.476 13.245 13.011 12.774 12.534 11.999 11.338 10.689 10.052 9.428 8.817 8.217 7.631 7.056 6.494 5.945 5.408 5.363 5.538 5.736 5.957 6.202 6.470 6.762 7.077
5.919 6.142 6.373 6.611 6.856 7.109 7.369 7.678 8.036 8.408 8.793 9.192 9.605 10.032 10.472 10.925 11.393 11.874 12.368 12.657 12.706 12.751 12.793 12.831 12.866 12.897 12.925 12.949 12.970 12.987 12.895 12.897 13.040 13.186 13.335 13.487 13.642 13.801 13.962 14.127 14.295 14.466 14.640 14.603 14.379 14.152 13.923 13.690 13.455 13.217 12.976 12.732 12.486 12.236 11.984 11.524 10.918 10.325 9.743 9.174 8.618 8.074 7.542 7.023 6.516 6.022 5.540 5.505 5.784 6.085 6.411 6.759 7.131 7.526 7.945
6.155 6.404 6.661 6.924 7.195 7.474 7.760 8.094 8.499 8.919 9.352 9.799 10.259 10.733 11.221 11.722 12.237 12.766 13.308 13.676 13.709 13.567 13.366 13.180 13.008 12.850 12.706 12.576 12.461 12.359 12.272 12.285 12.442 12.602 12.765 12.931 13.100 13.273 13.449 13.628 13.810 13.995 14.183 14.196 13.959 13.720 13.478 13.233 12.985 12.734 12.480 12.224 11.964 11.702 11.437 11.038 10.487 9.948 9.422 8.908 8.407 7.918 7.442 6.978 6.526 6.087 5.660 5.623 6.006 6.411 6.840 7.293 7.768 8.267 8.789
6.384 6.658 6.941 7.230 7.527 7.832 8.143 8.496 8.949 9.417 9.897 10.392 10.900 11.370 11.639 11.891 12.128 12.349 12.555 12.676 12.511 12.359 12.222 12.099 11.990 11.896 11.815 11.748 11.696 11.658 11.633 11.669 11.840 12.014 12.192 12.372 12.556 12.743 12.932 13.125 13.322 13.521 13.723 13.792 13.543 13.291 13.036 12.778 12.518 12.254 11.988 11.719 11.447 11.172 10.894 10.539 10.043 9.560 9.089 8.630 8.184 7.750 7.329 6.920 6.523 6.139 5.767 5.718 6.204 6.714 7.246 7.802 8.381 8.984 9.610
6.605 6.906 7.214 7.529 7.852 8.182 8.472 8.674 8.982 9.275 9.551 9.812 10.057 10.287 10.501 10.699 10.882 11.048 11.199 11.328 11.226 11.138 11.064 11.004 10.959 10.927 10.909 10.906 10.917 10.942 10.981 11.051 11.236 11.425 11.616 11.811 12.009 12.209 12.413 12.621 12.831 13.044 13.261 13.392 13.131 12.866 12.598 12.328 12.055 11.778 11.500 11.218 10.933 10.646 10.355 10.028 9.587 9.159 8.743 8.340 7.949 7.570 7.204 6.850 6.508 6.179 5.862 5.790 6.379 6.992 7.628 8.288 8.971 9.677 10.406
6.694 6.909 7.111 7.301 7.478 7.642 7.794 7.934 8.187 8.425 8.647 8.854 9.044 9.220 9.379 9.523 9.651 9.763 9.860 9.962 9.927 9.902 9.892 9.895 9.912 9.944 9.990 10.049 10.123 10.211 10.313 10.431 10.630 10.832 11.038 11.247 11.459 11.674 11.892 12.113 12.337 12.565 12.795 12.996 12.722 12.444 12.164 11.881 11.595 11.306 11.015 10.720 10.423 10.123 9.820 9.505 9.119 8.746 8.386 8.037 7.701 7.377 7.066 6.767 6.481 6.207 5.945 5.838 6.531 7.247 7.987 8.750 9.536 10.346 11.178
6.294 6.465 6.623 6.769 6.901 7.021 7.128 7.223 7.408 7.591 7.759 7.911 8.047 8.168 8.273 8.362 8.436 8.494 8.536 8.584 8.615 8.653 8.705 8.771 8.852 8.947 9.055 9.178 9.315 9.466 9.631 9.810 10.021 10.237 10.457 10.680 10.906 11.135 11.367 11.603 11.841 12.083 12.327 12.575 12.316 12.026 11.733 11.438 11.139 10.838 10.534 10.227 9.917 9.604 9.289 8.970 8.640 8.322 8.016 7.722 7.441 7.173 6.916 6.672 6.441 6.222 6.084 6.091 7.050 8.037 9.052 10.095 11.166 12.266 13.394
5.908 6.034 6.148 6.249 6.337 6.413 6.476 6.526 6.644 6.773 6.886 6.983 7.065 7.131 7.182 7.217 7.236 7.240 7.228 7.221 7.288 7.389 7.504 7.634 7.777 7.935 8.107 8.292 8.492 8.706 8.934 9.176 9.409 9.640 9.874 10.110 10.350 10.594 10.840 11.089 11.342 11.598 11.857 12.118 11.915 11.612 11.307 10.998 10.687 10.373 10.056 9.737 9.414 9.089 8.761 8.430 8.148 7.915 7.740 7.597 7.484 7.402 7.351 7.330 7.341 7.382 7.453 7.556 8.575 9.687 10.828 11.996 13.193 14.418 15.671
5.533 5.615 5.685 5.741 5.786 5.817 5.836 5.842 5.895 5.969 6.028 6.071 6.099 6.111 6.107 6.088 6.053 6.002 5.936 5.875 5.947 6.111 6.289 6.482 6.688 6.909 7.143 7.392 7.655 7.932 8.223 8.528 8.795 9.039 9.287 9.538 9.792 10.050 10.310 10.574 10.840 11.110 11.383 11.659 11.517 11.202 10.883 10.562 10.234 9.910 9.598 9.298 9.010 8.735 8.472 8.221 8.091 8.022 7.985 7.978 8.002 8.056 8.142 8.258 8.405 8.582 8.791 9.030 10.071 11.308 12.573 13.867 15.189 16.539 17.917
5.171 5.209 5.234 5.247 5.247 5.234 5.208 5.170 5.162 5.182 5.186 5.175 5.148 5.106 5.048 4.974 4.885 4.780 4.660 4.544 4.592 4.819 5.060 5.316 5.585 5.868 6.166 6.478 6.803 7.143 7.497 7.865 8.178 8.436 8.698 8.964 9.232 9.503 9.778 10.040 10.285 10.527 10.766 11.003 10.903 10.584 10.278 9.983 9.701 9.431 9.173 8.928 8.695 8.473 8.265 8.068 8.030 8.098 8.197 8.327 8.487 8.679 8.900 9.153 9.436 9.750 10.095 10.471 11.536 12.898 14.289 15.707 17.154 18.629 20.132
4.821 4.815 4.796 4.764 4.720 4.663 4.593 4.511 4.443 4.409 4.359 4.294 4.213 4.116 4.004 3.876 3.733 3.574 3.399 3.229 3.223 3.513 3.817 4.135 4.467 4.814 5.174 5.549 5.937 6.340 6.764 7.188 7.535 7.788 8.038 8.285 8.529 8.770 9.009 9.244 9.476 9.705 9.931 10.155 10.141 9.876 9.624 9.384 9.156 8.940 8.737 8.546 8.366 8.200 8.045 7.903 7.938 8.143 8.378 8.644 8.941 9.269 9.627 10.016 10.436 10.886 11.367 11.879 12.970 14.458 15.973 17.517 19.089 20.689 22.317
4.484 4.433 4.370 4.294 4.206 4.105 3.991 3.864 3.741 3.652 3.548 3.429 3.293 3.142 2.976 2.794 2.596 2.383 2.154 1.930 1.839 2.274 2.763 3.238 3.698 4.144 4.576 4.993 5.396 5.784 6.158 6.518 6.835 7.075 7.312 7.546 7.777 8.005 8.230 8.452 8.671 8.887 9.101 9.311 9.366 9.156 8.958 8.772 8.599 8.437 8.288 8.151 8.026 7.914 7.813 7.725 7.815 8.156 8.528 8.930 9.363 9.827 10.322 10.847 11.403 11.989 12.607 13.254 14.375 15.987 17.628 19.296 20.993 22.718 24.470
4.159 4.064 3.957 3.837 3.704 3.559 3.401 3.231 3.053 2.911 2.752 2.578 2.389 2.193 2.113 2.039 1.972 1.912 1.860 1.813 1.819 2.259 2.684 3.095 3.491 3.874 4.241 4.595 4.934 5.259 5.569 5.865 6.139 6.366 6.590 6.811 7.029 7.244 7.456 7.665 7.871 8.074 8.274 8.471 8.580 8.424 8.280 8.149 8.029 7.922 7.827 7.744 7.674 7.615 7.569 7.535 7.660 8.137 8.645 9.184 9.753 10.353 10.984 11.645 12.338 13.060 13.814 14.597 15.749 17.487 19.252 21.045 22.866 24.716 26.593
3.846 3.707 3.556 3.392 3.215 3.026 2.833 2.682 2.533 2.440 2.356 2.278 2.208 2.145 2.088 2.039 1.997 1.962 1.934 1.911 1.893 2.260 2.621 2.968 3.301 3.620 3.924 4.213 4.489 4.750 4.997 5.229 5.447 5.661 5.872 6.080 6.285 6.487 6.686 6.882 7.075 7.265 7.452 7.636 7.782 7.680 7.591 7.513 7.448 7.395 7.354 7.326 7.309 7.305 7.313 7.333 7.473 8.087 8.731 9.406 10.112 10.848 11.615 12.412 13.240 14.099 14.988 15.908 17.094 18.956 20.846 22.763 24.709 26.684 28.686
3.553 3.394 3.238 3.085 2.935 2.788 2.644 2.503 2.364 2.287 2.227 2.174 2.128 2.090 2.058 2.033 2.016 2.005 2.002 2.004 2.010 2.277 2.574 2.858 3.127 3.382 3.622 3.848 4.060 4.258 4.441 4.609 4.764 4.961 5.158 5.353 5.545 5.734 5.920 6.103 6.283 6.460 6.634 6.805 6.972 6.924 6.889 6.866 6.855 6.856 6.869 6.895 6.932 6.982 7.044 7.118 7.255 8.005 8.786 9.597 10.438 11.310 12.213 13.146 14.110 15.105 16.130 17.186 18.408 20.394 22.409 24.452 26.522 28.621 30.747
3.300 3.152 3.006 2.863 2.723 2.586 2.452 2.321 2.193 2.128 2.092 2.064 2.043 2.028 2.021 2.021 2.028 2.042 2.063 2.090 2.121 2.310 2.544 2.764 2.969 3.160 3.337 3.499 3.648 3.781 3.901 4.006 4.097 4.264 4.449 4.631 4.809 4.985 5.158 5.328 5.495 5.659 5.820 5.978 6.133 6.157 6.176 6.206 6.250 6.305 6.372 6.452 6.543 6.647 6.763 6.891 7.032 7.892 8.808 9.755 10.733 11.741 12.780 13.849 14.949 16.079 17.240 18.319 19.272 20.981 22.630 24.219 25.748 27.217 28.625
3.045 2.906 2.771 2.638 2.508 2.382 2.258 2.137 2.019 1.962 1.951 1.947 1.950 1.961 1.978 2.002 2.034 2.072 2.118 2.169 2.225 2.359 2.529 2.685 2.827 2.955 3.068 3.167 3.251 3.322 3.378 3.420 3.447 3.572 3.743 3.912 4.078 4.241 4.401 4.557 4.711 4.862 5.010 5.155 5.297 5.377 5.450 5.535 5.632 5.742 5.863 5.996 6.142 6.300 6.470 6.652 6.847 7.748 8.802 9.848 10.866 11.856 12.816 13.748 14.652 15.526 16.373 17.190 17.979 19.376 20.760 22.083 23.346 24.549 25.692
2.787 2.659 2.533 2.411 2.292 2.175 2.061 1.951 1.843 1.790 1.804 1.824 1.852 1.887 1.929 1.977 2.033 2.096 2.166 2.242 2.323 2.424 2.531 2.623 2.701 2.765 2.815 2.851 2.872 2.879 2.871 2.849 2.813 2.884 3.042 3.198 3.351 3.500 3.647 3.791 3.932 4.070 4.205 4.337 4.466 4.586 4.713 4.852 5.003 5.200 5.457 5.718 5.985 6.256 6.532 6.814 7.100 7.893 8.841 9.761 10.653 11.515 12.349 13.155 13.932 14.680 15.400 16.091 16.754 17.833 18.951 20.009 21.007 21.944 22.822
2.527 2.409 2.294 2.181 2.072 1.966 1.862 1.762 1.664 1.612 1.650 1.695 1.747 1.807 1.873 1.946 2.026 2.114 2.208 2.309 2.414 2.505 2.548 2.577 2.592 2.592 2.579 2.551 2.508 2.452 2.381 2.295 2.196 2.199 2.345 2.488 2.627 2.764 2.898 3.029 3.202 3.441 3.669 3.888 4.096 4.326 4.585 4.849 5.117 5.391 5.669 5.953 6.241 6.535 6.833 7.136 7.444 8.088 8.910 9.703 10.468 11.204 11.912 12.591 13.242 13.864 14.457 15.022 15.559 16.351 17.204 17.996 18.729 19.401 20.014
2.264 2.156 2.051 1.949 1.850 1.754 1.661 1.571 1.483 1.427 1.490 1.560 1.636 1.720 1.811 1.908 2.013 2.125 2.244 2.369 2.499 2.602 2.581 2.547 2.498 2.436 2.358 2.267 2.161 2.041 1.907 1.806 1.785 1.862 2.126 2.380 2.625 2.859 3.083 3.297 3.501 3.696 3.880 4.054 4.218 4.424 4.705 4.990 5.281 5.576 5.877 6.182 6.492 6.808 7.128 7.453 7.783 8.311 9.007 9.674 10.313 10.923 11.504 12.057 12.581 13.077 13.544 13.983 14.393 14.931 15.518 16.045 16.513 16.920 17.267
1.999 1.902 1.807 1.715 1.626 1.540 1.457 1.377 1.300 1.237 1.324 1.418 1.519 1.627 1.742 1.865 1.994 2.130 2.273 2.423 2.578 2.714 2.640 2.581 2.531 2.488 2.454 2.428 2.410 2.400 2.399 2.405 2.420 2.483 2.703 2.912 3.112 3.302 3.482 3.651 3.811 3.961 4.100 4.230 4.349 4.516 4.819 5.126 5.439 5.756 6.079 6.406 6.738 7.075 7.417 7.764 8.116 8.564 9.133 9.674 10.186 10.670 11.125 11.552 11.950 12.320 12.661 12.973 13.257 13.571 13.894 14.156 14.358 14.501 14.583
1.732 1.645 1.560 1.478 1.400 1.324 1.251 1.181 1.114 1.050 1.151 1.270 1.396 1.528 1.677 1.885 2.084 2.274 2.455 2.623 2.780 2.930 2.903 2.881 2.866 2.860 2.862 2.872 2.891 2.917 2.952 2.995 3.046 3.114 3.289 3.455 3.610 3.755 3.890 4.016 4.131 4.236 4.331 4.416 4.492 4.603 4.928 5.257 5.591 5.931 6.275 6.624 6.978 7.337 7.701 8.070 8.444 8.845 9.288 9.703 10.089 10.447 10.776 11.076 11.348 11.592 11.807 11.994 12.152 12.273 12.330 12.328 12.266 12.144 11.962
1.462 1.385 1.311 1.239 1.171 1.105 1.042 1.005 1.057 1.114 1.304 1.517 1.720 1.915 2.100 2.277 2.445 2.604 2.754 2.891 3.016 3.135 3.157 3.170 3.192 3.222 3.261 3.307 3.361 3.424 3.495 3.574 3.661 3.757 3.886 4.007 4.118 4.218 4.309 4.390 4.461 4.522 4.573 4.613 4.644 4.685 5.031 5.382 5.739 6.100 6.466 6.837 7.213 7.594 7.979 8.370 8.766 9.155 9.472 9.761 10.021 10.252 10.455 10.630 10.776 10.894 10.983 11.043 11.076 11.036 10.829 10.562 10.235 9.848 9.402
1.220 1.255 1.294 1.339 1.388 1.442 1.500 1.564 1.633 1.706 1.859 2.041 2.213 2.377 2.531 2.677 2.814 2.941 3.060 3.166 3.260 3.347 3.401 3.451 3.509 3.575 3.649 3.732 3.823 3.922 4.029 4.144 4.267 4.399 4.493 4.569 4.636 4.692 4.739 4.775 4.801 4.818 4.824 4.821 4.807 4.784 5.129 5.502 5.880 6.263 6.651 7.044 7.442 7.845 8.252 8.665 9.082 9.494 9.685 9.847 9.981 10.087 10.164 10.213 10.233 10.225 10.188 10.123 10.029 9.859 9.388 8.856 8.265 7.614 6.904
1.656 1.708 1.764 1.825 1.891 1.962 2.037 2.118 2.203 2.293 2.422 2.572 2.713 2.846 2.969 3.084 3.190 3.287 3.374 3.449 3.512 3.567 3.635 3.722 3.816 3.918 4.029 4.147 4.274 4.409 4.552 4.704 4.863 5.031 5.110 5.142 5.164 5.176 5.178 5.170 5.152 5.124 5.086 5.039 4.981 4.913 5.222 5.617 6.017 6.421 6.831 7.246 7.665 8.090 8.519 8.954 9.393 9.837 9.926 9.963 9.971 9.951 9.902 9.825 9.719 9.585 9.423 9.232 9.012 8.763 8.133 7.526 6.942 6.382 5.844
2.088 2.156 2.229 2.306 2.389 2.476 2.569 2.666 2.768 2.875 2.992 3.111 3.221 3.323 3.415 3.499 3.574 3.639 3.696 3.740 3.771 3.795 3.861 3.983 4.113 4.252 4.398 4.553 4.716 4.887 5.067 5.254 5.450 5.653 5.737 5.724 5.702 5.670 5.628 5.575 5.513 5.441 5.359 5.267 5.164 5.052 5.309 5.726 6.147 6.574 7.006 7.442 7.884 8.330 8.781 9.237 9.698 10.164 10.197 10.107 10.067 10.122 10.109 10.027 9.876 9.658 9.370 9.014 8.590 8.097 7.570 7.065 6.584 6.126 5.690
2.513 2.598 2.688 2.783 2.882 2.986 3.095 3.209 3.328 3.451 3.569 3.657 3.737 3.807 3.869 3.921 3.965 4.000 4.025 4.038 4.038 4.031 4.076 4.235 4.401 4.576 4.759 4.950 5.149 5.356 5.571 5.795 6.026 6.266 6.374 6.317 6.251 6.174 6.087 5.991 5.884 5.768 5.641 5.505 5.359 5.202 5.390 5.829 6.273 6.721 7.175 7.688 8.357 9.062 9.803 10.581 11.396 12.246 12.466 12.355 12.176 11.928 11.612 11.227 10.774 10.252 9.662 9.004 8.277 7.481 6.986 6.583 6.204 5.847 5.514
2.934 3.036 3.142 3.254 3.370 3.491 3.616 3.747 3.883 4.023 4.154 4.211 4.259 4.299 4.329 4.351 4.364 4.367 4.362 4.343 4.312 4.274 4.283 4.477 4.680 4.890 5.109 5.336 5.571 5.815 6.066 6.326 6.593 6.869 7.021 6.920 6.809 6.688 6.557 6.417 6.266 6.105 5.965 5.893 5.800 5.688 5.912 6.559 7.243 7.964 8.721 9.514 10.344 11.210 12.112 13.051 14.026 15.037 15.248 14.834 14.352 13.802 13.183 12.495 11.739 10.915 10.023 9.062 8.032 6.934 6.379 6.079 5.801 5.547 5.316
