DATA/SHG/ECMWF/20170628/EN-42/20170711.en-42.asc
ncols        190
nrows        64
xllcorner    -5100000.000000000000
yllcorner    4130000.000000000000
cellsize     10000.000000000000
NODATA_value  -99999.000
[rows 0 to 32 of 64, columns 0 to 74 of 190]
6.604 6.274 5.942 5.609 5.273 4.934 4.594 4.251 3.907 3.578 3.262 2.956 2.658 2.370 2.091 1.821 1.560 1.308 1.065 0.842 0.629 0.618 0.697 0.772 0.845 0.914 0.981 1.044 1.104 1.161 1.216 1.267 1.315 1.268 1.164 1.062 0.965 0.870 0.778 0.690 0.604 0.522 0.443 0.367 0.295 0.264 0.267 0.270 0.271 0.273 0.273 0.273 0.271 0.270 0.267 0.264 0.260 0.248 0.227 0.207 0.187 0.168 0.149 0.130 0.112 0.094 0.076 0.059 0.043 0.030 0.026 0.021 0.017 0.014 0.011
6.220 5.883 5.543 5.202 4.858 4.512 4.164 3.813 3.461 3.145 2.862 2.588 2.349 2.116 1.889 1.668 1.452 1.241 1.036 0.836 0.642 0.592 0.660 0.725 0.786 0.845 0.901 0.953 1.003 1.049 1.093 1.133 1.170 1.145 1.052 0.962 0.875 0.791 0.711 0.633 0.559 0.488 0.420 0.356 0.294 0.259 0.260 0.260 0.259 0.257 0.255 0.252 0.249 0.244 0.239 0.233 0.227 0.216 0.197 0.178 0.159 0.141 0.123 0.106 0.089 0.073 0.056 0.041 0.025 0.013 0.010 0.007 0.004 0.002 0.000
5.839 5.494 5.147 4.798 4.452 4.131 3.808 3.484 3.158 2.874 2.644 2.420 2.202 1.989 1.781 1.579 1.382 1.191 1.005 0.825 0.650 0.569 0.627 0.681 0.732 0.780 0.824 0.866 0.905 0.941 0.973 1.003 1.030 1.019 0.937 0.858 0.782 0.710 0.640 0.574 0.511 0.451 0.395 0.341 0.291 0.255 0.253 0.250 0.247 0.243 0.238 0.233 0.227 0.220 0.212 0.204 0.195 0.183 0.166 0.148 0.131 0.114 0.098 0.082 0.066 0.051 0.036 0.022 0.010 0.000 0.000 0.000 0.000 0.000 0.000
5.562 5.241 4.919 4.595 4.270 3.944 3.617 3.288 2.958 2.663 2.453 2.248 2.049 1.855 1.667 1.484 1.307 1.135 0.969 0.808 0.652 0.550 0.596 0.640 0.680 0.717 0.751 0.782 0.810 0.835 0.857 0.876 0.892 0.890 0.819 0.751 0.687 0.625 0.567 0.512 0.460 0.411 0.365 0.323 0.284 0.251 0.247 0.241 0.236 0.229 0.222 0.214 0.205 0.196 0.186 0.175 0.163 0.151 0.134 0.118 0.103 0.090 0.077 0.065 0.054 0.042 0.032 0.021 0.011 0.001 0.001 0.001 0.001 0.001 0.001
5.400 5.075 4.748 4.420 4.090 3.759 3.428 3.094 2.760 2.447 2.256 2.070 1.890 1.716 1.547 1.384 1.226 1.073 0.926 0.785 0.649 0.534 0.570 0.602 0.632 0.658 0.681 0.702 0.719 0.733 0.744 0.753 0.758 0.758 0.698 0.641 0.588 0.537 0.490 0.446 0.405 0.368 0.333 0.302 0.274 0.248 0.241 0.234 0.225 0.216 0.206 0.196 0.185 0.173 0.162 0.151 0.140 0.129 0.117 0.104 0.093 0.081 0.070 0.059 0.049 0.039 0.030 0.020 0.012 0.003 0.002 0.002 0.002 0.002 0.002
5.240 4.910 4.578 4.246 3.912 3.576 3.240 2.902 2.563 2.224 2.053 1.887 1.726 1.571 1.422 1.278 1.139 1.006 0.878 0.756 0.639 0.528 0.546 0.568 0.587 0.602 0.615 0.624 0.631 0.635 0.635 0.632 0.627 0.618 0.574 0.528 0.486 0.447 0.411 0.378 0.348 0.321 0.298 0.278 0.260 0.246 0.236 0.225 0.214 0.203 0.192 0.181 0.170 0.159 0.148 0.137 0.126 0.115 0.104 0.093 0.082 0.072 0.062 0.053 0.044 0.035 0.027 0.019 0.012 0.005 0.003 0.003 0.002 0.002 0.002
5.081 4.746 4.410 4.073 3.735 3.395 3.054 2.712 2.369 2.024 1.845 1.698 1.557 1.421 1.291 1.166 1.047 0.933 0.824 0.721 0.624 0.532 0.526 0.537 0.545 0.550 0.552 0.550 0.546 0.539 0.529 0.516 0.499 0.480 0.447 0.412 0.381 0.353 0.328 0.313 0.303 0.292 0.280 0.266 0.251 0.235 0.222 0.211 0.200 0.189 0.178 0.167 0.156 0.144 0.133 0.122 0.111 0.100 0.090 0.081 0.071 0.063 0.054 0.046 0.039 0.031 0.024 0.018 0.012 0.006 0.004 0.003 0.003 0.003 0.003
4.924 4.585 4.244 3.903 3.560 3.216 2.870 2.524 2.176 1.827 1.631 1.503 1.381 1.265 1.154 1.048 0.948 0.854 0.765 0.681 0.603 0.530 0.508 0.509 0.506 0.500 0.492 0.480 0.465 0.447 0.426 0.402 0.392 0.388 0.382 0.374 0.365 0.354 0.342 0.329 0.315 0.299 0.282 0.264 0.244 0.223 0.207 0.196 0.185 0.174 0.163 0.152 0.141 0.130 0.119 0.108 0.097 0.086 0.076 0.068 0.060 0.053 0.046 0.039 0.033 0.027 0.021 0.016 0.011 0.007 0.004 0.004 0.004 0.004 0.003
4.768 4.425 4.080 3.734 3.387 3.038 2.688 2.337 1.985 1.631 1.411 1.303 1.201 1.103 1.012 0.925 0.845 0.769 0.700 0.635 0.576 0.523 0.495 0.484 0.471 0.466 0.463 0.459 0.454 0.450 0.445 0.440 0.435 0.430 0.422 0.409 0.396 0.380 0.364 0.346 0.327 0.307 0.286 0.263 0.239 0.213 0.193 0.182 0.171 0.160 0.149 0.138 0.127 0.116 0.105 0.094 0.083 0.072 0.062 0.055 0.049 0.043 0.037 0.032 0.027 0.022 0.018 0.014 0.010 0.007 0.005 0.005 0.005 0.004 0.004
4.615 4.267 3.917 3.567 3.215 2.862 2.508 2.152 1.795 1.437 1.186 1.097 1.014 0.936 0.864 0.797 0.735 0.684 0.663 0.635 0.601 0.559 0.527 0.523 0.519 0.515 0.510 0.505 0.500 0.495 0.490 0.484 0.478 0.472 0.463 0.446 0.428 0.408 0.387 0.365 0.341 0.317 0.291 0.263 0.235 0.205 0.179 0.168 0.157 0.146 0.135 0.124 0.113 0.102 0.091 0.080 0.069 0.058 0.048 0.042 0.037 0.032 0.028 0.024 0.020 0.017 0.014 0.011 0.009 0.008 0.006 0.006 0.005 0.005 0.004
4.463 4.110 3.757 3.402 3.045 2.688 2.329 1.969 1.608 1.245 0.982 0.985 0.982 0.971 0.954 0.929 0.898 0.859 0.814 0.761 0.702 0.635 0.577 0.573 0.568 0.563 0.557 0.552 0.546 0.540 0.534 0.528 0.522 0.515 0.506 0.484 0.461 0.437 0.412 0.385 0.357 0.327 0.297 0.265 0.232 0.197 0.165 0.154 0.143 0.132 0.121 0.110 0.099 0.088 0.077 0.066 0.055 0.044 0.033 0.029 0.025 0.022 0.019 0.016 0.013 0.011 0.010 0.009 0.008 0.007 0.007 0.007 0.006 0.006 0.005
4.313 3.956 3.598 3.264 2.961 2.666 2.379 2.100 1.829 1.567 1.338 1.316 1.288 1.253 1.211 1.162 1.105 1.042 0.972 0.895 0.811 0.720 0.628 0.622 0.617 0.611 0.605 0.599 0.593 0.586 0.579 0.572 0.565 0.558 0.550 0.523 0.496 0.467 0.437 0.406 0.373 0.340 0.304 0.268 0.230 0.191 0.151 0.140 0.129 0.118 0.107 0.096 0.085 0.074 0.063 0.052 0.041 0.030 0.018 0.015 0.013 0.011 0.009 0.007 0.006 0.006 0.005 0.006 0.007 0.008 0.008 0.008 0.007 0.006 0.006
4.330 4.031 3.740 3.457 3.183 2.916 2.658 2.409 2.167 1.934 1.709 1.655 1.602 1.542 1.475 1.401 1.320 1.232 1.137 1.036 0.927 0.811 0.688 0.672 0.666 0.660 0.653 0.646 0.639 0.632 0.624 0.617 0.609 0.601 0.592 0.564 0.532 0.499 0.464 0.429 0.391 0.353 0.313 0.272 0.230 0.186 0.142 0.126 0.115 0.104 0.093 0.082 0.070 0.059 0.048 0.037 0.026 0.015 0.004 0.001 0.003 0.005 0.008 0.009 0.011 0.011 0.012 0.012 0.011 0.011 0.009 0.008 0.008 0.007 0.006
4.427 4.157 3.895 3.641 3.395 3.158 2.929 2.708 2.495 2.291 2.095 2.000 1.922 1.838 1.746 1.647 1.542 1.429 1.310 1.183 1.050 0.909 0.762 0.722 0.715 0.708 0.701 0.693 0.686 0.678 0.669 0.661 0.652 0.644 0.635 0.606 0.569 0.532 0.493 0.452 0.411 0.368 0.323 0.278 0.231 0.183 0.134 0.112 0.100 0.089 0.078 0.067 0.056 0.048 0.041 0.034 0.028 0.023 0.018 0.018 0.020 0.021 0.021 0.022 0.021 0.021 0.020 0.018 0.016 0.014 0.011 0.009 0.009 0.008 0.007
4.515 4.274 4.040 3.815 3.599 3.390 3.190 2.998 2.814 2.639 2.471 2.352 2.250 2.141 2.024 1.901 1.771 1.634 1.490 1.339 1.180 1.015 0.843 0.773 0.765 0.757 0.749 0.741 0.732 0.723 0.715 0.706 0.696 0.687 0.677 0.649 0.608 0.566 0.522 0.477 0.431 0.384 0.335 0.285 0.234 0.181 0.128 0.100 0.091 0.083 0.075 0.068 0.062 0.056 0.051 0.047 0.043 0.040 0.038 0.037 0.037 0.036 0.036 0.034 0.033 0.030 0.028 0.025 0.021 0.017 0.013 0.010 0.009 0.009 0.008
4.594 4.381 4.177 3.981 3.793 3.613 3.442 3.279 3.124 2.977 2.838 2.711 2.584 2.451 2.310 2.162 2.007 1.845 1.677 1.501 1.318 1.129 0.932 0.823 0.815 0.806 0.797 0.788 0.779 0.770 0.760 0.750 0.740 0.730 0.720 0.694 0.648 0.601 0.551 0.493 0.436 0.381 0.327 0.274 0.223 0.173 0.124 0.094 0.088 0.082 0.077 0.072 0.068 0.064 0.061 0.059 0.058 0.057 0.057 0.056 0.055 0.053 0.050 0.047 0.044 0.040 0.036 0.032 0.027 0.021 0.015 0.011 0.010 0.009 0.009
4.663 4.479 4.304 4.137 3.978 3.827 3.684 3.550 3.424 3.306 3.196 3.078 2.926 2.768 2.602 2.430 2.250 2.064 1.871 1.670 1.463 1.249 1.028 0.874 0.864 0.855 0.846 0.836 0.826 0.816 0.806 0.792 0.770 0.745 0.716 0.677 0.619 0.563 0.508 0.455 0.403 0.352 0.303 0.255 0.209 0.163 0.120 0.088 0.084 0.080 0.077 0.075 0.073 0.071 0.071 0.071 0.071 0.073 0.075 0.076 0.073 0.069 0.065 0.061 0.056 0.051 0.045 0.039 0.033 0.026 0.018 0.012 0.011 0.010 0.009
4.724 4.569 4.422 4.284 4.154 4.032 3.918 3.812 3.715 3.626 3.545 3.451 3.275 3.092 2.902 2.705 2.501 2.290 2.072 1.847 1.615 1.377 1.131 0.924 0.915 0.903 0.889 0.871 0.851 0.827 0.800 0.770 0.737 0.701 0.662 0.618 0.565 0.514 0.464 0.415 0.368 0.322 0.278 0.235 0.193 0.153 0.114 0.082 0.079 0.078 0.077 0.077 0.077 0.078 0.080 0.082 0.085 0.088 0.092 0.096 0.091 0.086 0.081 0.075 0.068 0.062 0.054 0.047 0.039 0.030 0.021 0.013 0.012 0.011 0.010
4.775 4.649 4.531 4.422 4.320 4.227 4.142 4.065 3.996 3.936 3.884 3.832 3.631 3.423 3.209 2.987 2.759 2.506 2.245 1.987 1.732 1.479 1.229 0.991 0.972 0.950 0.924 0.896 0.864 0.830 0.792 0.751 0.707 0.660 0.610 0.557 0.509 0.463 0.418 0.374 0.332 0.291 0.251 0.213 0.176 0.140 0.106 0.074 0.074 0.075 0.076 0.078 0.081 0.084 0.088 0.092 0.097 0.103 0.109 0.116 0.110 0.103 0.096 0.089 0.081 0.073 0.064 0.055 0.046 0.036 0.025 0.014 0.013 0.012 0.011
4.817 4.720 4.631 4.550 4.477 4.413 4.357 4.309 4.269 4.237 4.172 4.098 3.849 3.584 3.322 3.062 2.806 2.552 2.300 2.052 1.806 1.563 1.322 1.084 1.032 0.999 0.963 0.924 0.881 0.836 0.787 0.735 0.681 0.623 0.562 0.498 0.452 0.411 0.370 0.331 0.294 0.258 0.223 0.190 0.158 0.127 0.098 0.070 0.068 0.071 0.075 0.079 0.084 0.089 0.095 0.102 0.109 0.117 0.125 0.135 0.129 0.121 0.113 0.104 0.094 0.085 0.074 0.064 0.053 0.041 0.029 0.017 0.014 0.013 0.012
4.850 4.782 4.722 4.646 4.570 4.495 4.421 4.347 4.273 4.200 4.128 4.056 3.844 3.589 3.336 3.086 2.839 2.594 2.352 2.113 1.877 1.643 1.412 1.184 1.096 1.052 1.005 0.955 0.901 0.845 0.786 0.723 0.657 0.589 0.517 0.442 0.394 0.357 0.322 0.288 0.255 0.224 0.194 0.165 0.138 0.112 0.088 0.065 0.062 0.067 0.073 0.079 0.086 0.094 0.102 0.111 0.120 0.130 0.141 0.152 0.149 0.139 0.129 0.119 0.108 0.097 0.085 0.072 0.059 0.045 0.031 0.018 0.013 0.012 0.010
4.814 4.738 4.664 4.589 4.516 4.442 4.370 4.297 4.226 4.154 4.084 4.013 3.836 3.590 3.347 3.106 2.869 2.634 2.401 2.172 1.945 1.721 1.499 1.281 1.162 1.108 1.050 0.989 0.925 0.857 0.787 0.714 0.637 0.558 0.475 0.390 0.334 0.302 0.272 0.243 0.215 0.188 0.163 0.139 0.117 0.096 0.076 0.058 0.055 0.062 0.070 0.079 0.088 0.098 0.108 0.119 0.131 0.143 0.156 0.170 0.167 0.154 0.140 0.126 0.113 0.099 0.086 0.072 0.058 0.045 0.031 0.018 0.012 0.010 0.009
4.752 4.678 4.605 4.533 4.461 4.389 4.318 4.247 4.177 4.108 4.039 3.970 3.825 3.589 3.355 3.124 2.896 2.670 2.447 2.227 2.010 1.795 1.583 1.374 1.232 1.167 1.098 1.026 0.951 0.873 0.792 0.708 0.621 0.530 0.437 0.340 0.274 0.246 0.221 0.196 0.173 0.151 0.131 0.112 0.094 0.078 0.063 0.050 0.047 0.057 0.067 0.078 0.089 0.100 0.111 0.123 0.134 0.145 0.156 0.167 0.167 0.153 0.140 0.126 0.112 0.099 0.085 0.072 0.058 0.045 0.031 0.018 0.010 0.009 0.008
4.689 4.617 4.546 4.475 4.405 4.335 4.266 4.197 4.129 4.061 3.993 3.927 3.811 3.584 3.360 3.139 2.920 2.704 2.491 2.280 2.072 1.867 1.665 1.465 1.305 1.229 1.149 1.067 0.981 0.892 0.800 0.705 0.607 0.506 0.402 0.294 0.211 0.189 0.168 0.148 0.130 0.113 0.098 0.084 0.071 0.059 0.053 0.045 0.041 0.052 0.063 0.074 0.085 0.096 0.107 0.118 0.130 0.141 0.152 0.163 0.166 0.152 0.139 0.125 0.112 0.098 0.085 0.072 0.058 0.045 0.031 0.018 0.009 0.008 0.007
4.626 4.556 4.487 4.418 4.349 4.281 4.213 4.146 4.080 4.013 3.948 3.883 3.795 3.577 3.363 3.151 2.941 2.735 2.531 2.330 2.132 1.936 1.743 1.553 1.381 1.294 1.204 1.110 1.014 0.914 0.811 0.706 0.597 0.485 0.370 0.252 0.148 0.130 0.114 0.121 0.127 0.129 0.127 0.121 0.111 0.097 0.079 0.056 0.037 0.048 0.059 0.070 0.081 0.092 0.103 0.114 0.125 0.137 0.148 0.159 0.165 0.152 0.138 0.125 0.112 0.098 0.085 0.071 0.058 0.045 0.031 0.018 0.007 0.006 0.006
4.568 4.495 4.427 4.360 4.293 4.226 4.160 4.095 4.030 3.966 3.902 3.838 3.775 3.567 3.362 3.160 2.960 2.763 2.568 2.377 2.188 2.002 1.818 1.638 1.461 1.363 1.261 1.157 1.050 0.939 0.826 0.709 0.605 0.506 0.414 0.328 0.250 0.254 0.254 0.250 0.242 0.230 0.214 0.193 0.169 0.141 0.108 0.071 0.033 0.044 0.055 0.066 0.077 0.088 0.099 0.110 0.121 0.132 0.144 0.155 0.165 0.151 0.138 0.124 0.111 0.098 0.084 0.071 0.058 0.045 0.031 0.018 0.006 0.005 0.004
4.565 4.433 4.367 4.301 4.236 4.171 4.107 4.043 3.980 3.917 3.855 3.793 3.732 3.554 3.359 3.166 2.975 2.788 2.603 2.421 2.242 2.065 1.891 1.720 1.548 1.413 1.292 1.178 1.070 0.969 0.873 0.784 0.701 0.624 0.554 0.490 0.432 0.416 0.402 0.383 0.361 0.335 0.304 0.270 0.231 0.188 0.141 0.091 0.036 0.040 0.051 0.062 0.073 0.084 0.095 0.106 0.117 0.128 0.140 0.151 0.162 0.151 0.137 0.124 0.111 0.097 0.084 0.071 0.058 0.044 0.031 0.018 0.005 0.003 0.003
4.563 4.370 4.306 4.242 4.179 4.116 4.053 3.991 3.930 3.869 3.808 3.748 3.688 3.539 3.353 3.169 2.988 2.816 2.652 2.480 2.299 2.109 1.910 1.703 1.487 1.350 1.251 1.159 1.073 0.993 0.919 0.852 0.791 0.736 0.687 0.645 0.608 0.582 0.553 0.521 0.484 0.443 0.399 0.350 0.297 0.240 0.179 0.114 0.045 0.035 0.047 0.058 0.069 0.080 0.091 0.102 0.113 0.124 0.135 0.147 0.158 0.150 0.137 0.123 0.110 0.097 0.084 0.071 0.057 0.044 0.031 0.018 0.005 0.002 0.002
4.562 4.308 4.245 4.183 4.121 4.060 3.999 3.938 3.879 3.819 3.791 3.786 3.767 3.669 3.510 3.342 3.165 2.979 2.785 2.582 2.370 2.150 1.920 1.682 1.436 1.280 1.204 1.133 1.069 1.011 0.959 0.913 0.874 0.841 0.814 0.793 0.779 0.751 0.708 0.662 0.611 0.556 0.497 0.434 0.367 0.296 0.220 0.141 0.058 0.031 0.042 0.054 0.065 0.076 0.087 0.098 0.109 0.120 0.131 0.142 0.154 0.149 0.136 0.123 0.110 0.096 0.083 0.070 0.057 0.044 0.031 0.018 0.005 0.000 0.000
4.561 4.244 4.183 4.197 4.243 4.275 4.292 4.294 4.282 4.255 4.214 4.158 4.087 3.964 3.774 3.575 3.368 3.152 2.927 2.693 2.451 2.199 1.939 1.671 1.394 1.205 1.150 1.101 1.058 1.022 0.992 0.968 0.951 0.939 0.934 0.935 0.942 0.925 0.868 0.807 0.742 0.672 0.599 0.522 0.441 0.355 0.266 0.172 0.075 0.027 0.038 0.049 0.061 0.072 0.083 0.094 0.105 0.116 0.127 0.138 0.150 0.148 0.135 0.122 0.109 0.096 0.083 0.070 0.059 0.050 0.039 0.025 0.009 0.002 0.002
5.181 4.960 4.985 4.994 4.989 4.969 4.935 4.886 4.823 4.745 4.652 4.545 4.423 4.268 4.048 3.818 3.580 3.333 3.078 2.813 2.540 2.258 1.968 1.669 1.361 1.123 1.089 1.062 1.041 1.027 1.019 1.017 1.021 1.031 1.048 1.070 1.099 1.102 1.031 0.956 0.876 0.793 0.706 0.614 0.519 0.419 0.315 0.208 0.096 0.023 0.034 0.045 0.057 0.068 0.079 0.090 0.101 0.112 0.123 0.134 0.145 0.155 0.154 0.151 0.146 0.138 0.128 0.116 0.101 0.084 0.064 0.043 0.019 0.003 0.005
6.091 5.875 5.848 5.806 5.750 5.679 5.593 5.493 5.379 5.249 5.106 4.947 4.774 4.581 4.330 4.070 3.801 3.524 3.238 2.943 2.639 2.327 2.006 1.676 1.337 1.034 1.022 1.017 1.018 1.025 1.039 1.058 1.084 1.116 1.155 1.199 1.250 1.284 1.198 1.109 1.015 0.918 0.816 0.710 0.601 0.487 0.369 0.247 0.121 0.019 0.030 0.041 0.052 0.064 0.111 0.174 0.223 0.257 0.277 0.282 0.274 0.256 0.247 0.236 0.222 0.206 0.188 0.168 0.145 0.119 0.092 0.062 0.030 0.005 0.007
6.981 6.812 6.726 6.633 6.526 6.404 6.267 6.116 5.950 5.769 5.574 5.365 5.141 4.902 4.621 4.331 4.032 3.723 3.407 3.081 2.747 2.404 2.052 1.692 1.323 0.945 0.949 0.966 0.988 1.017 1.052 1.094 1.141 1.195 1.255 1.321 1.394 1.469 1.369 1.266 1.158 1.046 0.930 0.810 0.686 0.559 0.426 0.409 0.378 0.282 0.367 0.437 0.492 0.534 0.561 0.574 0.573 0.557 0.528 0.484 0.425 0.359 0.342 0.322 0.301 0.277 0.250 0.222 0.191 0.157 0.122 0.084 0.043 0.007 0.010
