DATA/SHG/ECMWF/20170628/EN-42/20170630.en-42.asc
ncols        190
nrows        64
xllcorner    -5100000.000000000000
yllcorner    4130000.000000000000
cellsize     10000.000000000000
NODATA_value  -99999.000
[rows 0 to 32 of 64, columns 74 to 147 of 190]
2.431 2.737 3.056 3.388 3.733 4.091 4.463 4.863 5.281 5.676 6.057 6.425 6.780 7.122 7.450 7.766 8.068 8.357 8.632 8.749 8.386 8.037 7.694 7.357 7.027 6.703 6.386 6.075 5.770 5.472 5.181 5.072 5.529 5.969 6.395 6.804 7.197 7.575 7.937 8.283 8.613 8.927 9.225 9.283 8.645 8.016 7.396 6.785 6.184 5.592 5.010 4.437 3.873 3.319 2.773 2.344 2.235 2.132 2.035 1.943 1.857 1.777 1.703 1.634 1.571 1.514 1.463 1.421 1.398 1.380 1.368 1.362 1.361 1.366
2.320 2.676 3.036 3.399 3.764 4.131 4.500 4.870 5.232 5.580 5.916 6.238 6.547 6.842 7.124 7.394 7.650 7.892 8.122 8.280 7.946 7.625 7.311 7.003 6.702 6.407 6.118 5.836 5.560 5.291 5.028 4.845 5.231 5.601 5.956 6.294 6.617 6.924 7.215 7.491 7.750 7.994 8.222 8.332 7.735 7.148 6.569 6.001 5.441 4.891 4.350 3.818 3.296 2.783 2.280 1.842 1.759 1.681 1.609 1.543 1.483 1.429 1.380 1.337 1.300 1.268 1.242 1.225 1.227 1.234 1.247 1.265 1.289 1.319
2.275 2.641 3.009 3.379 3.752 4.127 4.503 4.879 5.195 5.497 5.786 6.062 6.325 6.575 6.811 7.034 7.244 7.441 7.624 7.794 7.499 7.207 6.921 6.642 6.370 6.103 5.843 5.590 5.343 5.102 4.868 4.640 4.951 5.251 5.535 5.803 6.055 6.291 6.512 6.717 6.906 7.079 7.236 7.372 6.817 6.271 5.734 5.207 4.689 4.181 3.681 3.191 2.711 2.239 1.777 1.334 1.277 1.225 1.179 1.138 1.104 1.075 1.052 1.035 1.023 1.017 1.017 1.049 1.131 1.223 1.324 1.435 1.555 1.684
2.231 2.604 2.980 3.358 3.738 4.120 4.505 4.891 5.170 5.426 5.669 5.899 6.116 6.319 6.510 6.687 6.851 7.001 7.139 7.263 7.046 6.782 6.525 6.275 6.031 5.793 5.562 5.337 5.119 4.907 4.701 4.502 4.689 4.918 5.131 5.329 5.511 5.677 5.827 5.961 6.080 6.182 6.269 6.340 5.890 5.386 4.891 4.405 3.929 3.462 3.004 2.556 2.116 1.686 1.266 0.855 0.789 0.763 0.791 0.863 0.932 0.998 1.060 1.119 1.175 1.227 1.276 1.322 1.441 1.575 1.718 1.870 2.032 2.203
2.184 2.565 2.949 3.334 3.722 4.112 4.504 4.899 5.157 5.367 5.564 5.748 5.919 6.076 6.221 6.352 6.470 6.574 6.666 6.744 6.586 6.351 6.123 5.901 5.686 5.476 5.274 5.078 4.888 4.704 4.527 4.357 4.444 4.603 4.746 4.873 4.984 5.080 5.159 5.223 5.271 5.304 5.320 5.321 4.955 4.493 4.039 3.595 3.160 2.808 2.520 2.231 1.943 1.656 1.369 1.082 1.077 1.141 1.202 1.259 1.314 1.364 1.412 1.456 1.497 1.534 1.568 1.599 1.741 1.917 2.102 2.296 2.500 2.713
2.135 2.524 2.915 3.309 3.704 4.102 4.502 4.904 5.157 5.321 5.472 5.609 5.734 5.846 5.944 6.029 6.101 6.160 6.206 6.238 6.119 5.913 5.714 5.520 5.334 5.153 4.979 4.812 4.650 4.496 4.347 4.205 4.217 4.306 4.378 4.435 4.476 4.501 4.510 4.504 4.569 4.684 4.791 4.890 4.733 4.444 4.155 3.866 3.579 3.291 3.004 2.718 2.431 2.146 1.861 1.576 1.521 1.570 1.616 1.658 1.698 1.733 1.766 1.795 1.821 1.844 1.863 1.879 2.032 2.249 2.476 2.712 2.957 3.212
2.084 2.481 2.880 3.281 3.684 4.089 4.497 4.907 5.168 5.286 5.391 5.483 5.562 5.627 5.680 5.719 5.745 5.758 5.758 5.745 5.646 5.469 5.298 5.133 4.975 4.823 4.678 4.539 4.406 4.280 4.160 4.122 4.198 4.341 4.476 4.603 4.722 4.833 4.937 5.032 5.119 5.198 5.270 5.333 5.205 4.918 4.631 4.344 4.058 3.773 3.488 3.203 2.918 2.635 2.351 2.068 1.967 2.001 2.032 2.060 2.084 2.105 2.123 2.138 2.149 2.157 2.161 2.163 2.312 2.571 2.840 3.118 3.405 3.701
2.031 2.435 2.842 3.251 3.662 4.075 4.490 4.907 5.191 5.263 5.323 5.369 5.401 5.421 5.428 5.421 5.401 5.369 5.323 5.263 5.167 5.018 4.998 5.025 5.045 5.059 5.067 5.069 5.064 5.054 5.037 5.015 5.041 5.148 5.248 5.339 5.423 5.498 5.566 5.625 5.677 5.721 5.756 5.784 5.677 5.391 5.106 4.821 4.537 4.253 3.970 3.687 3.404 3.122 2.841 2.560 2.416 2.435 2.452 2.464 2.474 2.480 2.483 2.483 2.479 2.472 2.462 2.448 2.583 2.884 3.194 3.514 3.842 4.181
1.976 2.388 2.802 3.219 3.637 4.058 4.481 4.906 5.227 5.253 5.266 5.266 5.253 5.227 5.232 5.401 5.565 5.723 5.876 6.024 6.128 6.139 6.144 6.143 6.136 6.122 6.103 6.077 6.045 6.007 5.963 5.913 5.892 5.964 6.027 6.083 6.131 6.171 6.203 6.227 6.243 6.251 6.251 6.243 6.147 5.863 5.580 5.297 5.015 4.733 4.451 4.170 3.889 3.609 3.329 3.050 2.868 2.872 2.874 2.872 2.867 2.858 2.846 2.831 2.813 2.791 2.766 2.737 2.844 3.187 3.538 3.900 4.270 4.650
1.919 2.339 2.761 3.185 3.611 4.039 4.470 4.963 5.528 5.710 5.887 6.058 6.224 6.385 6.541 6.691 6.836 6.976 7.110 7.239 7.335 7.318 7.296 7.267 7.232 7.191 7.144 7.090 7.031 6.966 6.894 6.816 6.750 6.786 6.814 6.835 6.847 6.851 6.847 6.836 6.816 6.789 6.753 6.710 6.617 6.335 6.053 5.772 5.491 5.211 4.931 4.652 4.373 4.095 3.817 3.539 3.322 3.312 3.299 3.282 3.262 3.239 3.212 3.182 3.149 3.112 3.072 3.029 3.095 3.480 3.873 4.276 4.688 5.110
1.925 2.506 3.102 3.711 4.333 4.969 5.618 6.281 6.951 7.114 7.272 7.425 7.572 7.715 7.852 7.983 8.110 8.231 8.346 8.457 8.544 8.502 8.452 8.396 8.333 8.265 8.190 8.109 8.023 7.929 7.830 7.725 7.616 7.617 7.609 7.594 7.570 7.539 7.500 7.453 7.397 7.334 7.263 7.184 7.085 6.805 6.525 6.246 5.967 5.688 5.410 5.133 4.856 4.579 4.303 4.027 3.779 3.755 3.726 3.695 3.660 3.622 3.581 3.536 3.488 3.436 3.382 3.324 3.337 3.763 4.198 4.642 5.096 5.559
2.899 3.528 4.171 4.827 5.496 6.179 6.875 7.585 8.309 8.521 8.661 8.795 8.924 9.047 9.165 9.278 9.386 9.489 9.586 9.678 9.746 9.692 9.614 9.530 9.440 9.344 9.242 9.134 9.019 8.899 8.772 8.640 8.501 8.454 8.411 8.360 8.301 8.235 8.160 8.077 7.986 7.888 7.781 7.666 7.544 7.274 6.996 6.718 6.441 6.165 5.888 5.613 5.337 5.063 4.788 4.514 4.241 4.200 4.157 4.111 4.061 4.008 3.952 3.893 3.830 3.764 3.694 3.654 3.685 4.268 4.889 5.548 6.247 6.984
3.860 4.536 5.225 5.928 6.645 7.375 8.118 8.875 9.645 9.931 10.052 10.167 10.278 10.383 10.482 10.577 10.666 10.750 10.828 10.902 10.951 10.886 10.781 10.670 10.553 10.429 10.299 10.164 10.022 9.874 9.720 9.560 9.393 9.300 9.221 9.135 9.040 8.938 8.827 8.709 8.583 8.449 8.307 8.157 7.999 7.742 7.466 7.190 6.915 6.640 6.365 6.092 5.818 5.545 5.272 5.000 4.728 4.648 4.579 4.510 4.457 4.421 4.403 4.401 4.416 4.448 4.497 4.563 4.646 5.356 6.149 6.980 7.849 8.757
4.806 5.529 6.266 7.016 7.779 8.556 9.346 10.150 10.967 11.344 11.446 11.543 11.635 11.721 11.802 11.878 11.948 12.014 12.074 12.129 12.159 12.086 11.954 11.815 11.670 11.519 11.362 11.199 11.030 10.854 10.673 10.485 10.291 10.153 10.039 9.917 9.787 9.649 9.503 9.349 9.187 9.018 8.840 8.655 8.461 8.209 7.934 7.660 7.387 7.090 6.768 6.450 6.134 5.821 5.510 5.202 4.896 4.805 4.794 4.800 4.822 4.862 4.918 4.992 5.082 5.189 5.314 5.455 5.613 6.405 7.369 8.371 9.411 10.490
5.739 6.509 7.292 8.089 8.899 9.723 10.560 11.411 12.275 12.760 12.843 12.921 12.994 13.062 13.125 13.182 13.234 13.281 13.322 13.358 13.371 13.292 13.131 12.965 12.793 12.615 12.430 12.239 12.043 11.840 11.631 11.416 11.195 11.013 10.864 10.706 10.541 10.367 10.186 9.997 9.766 9.499 9.229 8.955 8.679 8.374 8.054 7.736 7.422 7.109 6.800 6.493 6.188 5.886 5.587 5.290 4.996 4.927 4.991 5.072 5.170 5.284 5.416 5.565 5.730 5.912 6.112 6.328 6.561 7.414 8.549 9.722 10.933 12.183
6.657 7.474 8.304 9.148 10.005 10.876 11.760 12.657 13.568 14.178 14.243 14.303 14.357 14.406 14.450 14.489 14.522 14.551 14.574 14.591 14.585 14.502 14.314 14.121 13.921 13.715 13.503 13.285 13.061 12.831 12.595 12.301 11.968 11.671 11.411 11.149 10.883 10.614 10.342 10.067 9.789 9.508 9.224 8.937 8.646 8.345 8.037 7.731 7.427 7.126 6.828 6.532 6.239 5.949 5.661 5.376 5.093 5.031 5.170 5.326 5.499 5.689 5.896 6.119 6.360 6.617 6.892 7.183 7.491 8.383 9.689 11.032 12.415 13.835
7.561 8.425 9.302 10.193 11.097 12.014 12.945 13.889 14.847 15.599 15.646 15.687 15.723 15.753 15.779 15.799 15.814 15.824 15.828 15.827 15.802 15.718 15.408 15.031 14.664 14.307 13.959 13.621 13.292 12.973 12.663 12.363 12.073 11.794 11.520 11.244 10.965 10.682 10.396 10.108 9.816 9.521 9.223 8.922 8.618 8.314 8.017 7.722 7.430 7.141 6.854 6.570 6.288 6.009 5.733 5.459 5.188 5.118 5.332 5.563 5.811 6.076 6.358 6.656 6.972 7.304 7.654 8.020 8.403 9.313 10.789 12.303 13.856 15.447
8.451 9.362 10.286 11.223 12.174 13.138 14.116 15.107 16.112 17.024 17.051 17.074 17.091 17.103 17.090 16.829 16.576 16.329 16.090 15.859 15.641 15.420 15.077 14.743 14.418 14.103 13.798 13.502 13.216 12.939 12.672 12.415 12.167 11.920 11.633 11.343 11.049 10.753 10.454 10.151 9.845 9.537 9.225 8.910 8.592 8.280 7.994 7.711 7.430 7.152 6.877 6.604 6.334 6.066 5.801 5.539 5.279 5.187 5.476 5.782 6.105 6.445 6.802 7.176 7.566 7.973 8.398 8.839 9.297 10.202 11.849 13.534 15.257 17.019
9.327 10.285 11.255 12.240 13.237 14.249 15.273 16.263 17.021 17.773 17.524 17.259 17.001 16.751 16.508 16.273 16.045 15.824 15.611 15.405 15.213 15.033 14.735 14.443 14.161 13.889 13.626 13.373 13.130 12.896 12.671 12.456 12.251 12.050 11.749 11.445 11.138 10.827 10.514 10.198 9.879 9.556 9.231 8.902 8.570 8.243 7.969 7.697 7.428 7.161 6.897 6.636 6.377 6.121 5.867 5.616 5.368 5.238 5.603 5.984 6.382 6.797 7.228 7.677 8.142 8.625 9.124 9.640 10.173 11.052 12.869 14.725 16.618 18.551
10.132 10.918 11.695 12.466 13.229 13.984 14.732 15.473 16.206 16.932 16.833 16.594 16.362 16.137 15.920 15.711 15.508 15.313 15.125 14.945 14.779 14.625 14.383 14.134 13.895 13.665 13.445 13.234 13.033 12.841 12.659 12.487 12.324 12.170 11.868 11.550 11.229 10.905 10.578 10.248 9.915 9.579 9.239 8.897 8.552 8.203 7.941 7.680 7.423 7.168 6.915 6.665 6.418 6.173 5.931 5.691 5.454 5.273 5.712 6.168 6.641 7.130 7.637 8.160 8.701 9.258 9.832 10.423 11.030 11.862 13.850 15.875 17.940 20.042
9.529 10.289 11.041 11.786 12.523 13.253 13.976 14.691 15.398 16.099 16.136 15.923 15.717 15.518 15.326 15.142 14.966 14.796 14.634 14.479 14.339 14.211 14.021 13.814 13.617 13.430 13.252 13.084 12.925 12.776 12.637 12.507 12.386 12.275 11.990 11.658 11.324 10.986 10.645 10.302 9.955 9.605 9.252 8.896 8.536 8.174 7.910 7.661 7.415 7.171 6.930 6.692 6.456 6.222 5.992 5.763 5.538 5.315 5.803 6.334 6.882 7.446 8.028 8.626 9.241 9.873 10.522 11.187 12.108 13.448 16.000 18.444 20.781 23.011
8.933 9.667 10.394 11.113 11.825 12.530 13.227 13.916 14.598 15.273 15.434 15.246 15.066 14.893 14.727 14.568 14.417 14.273 14.137 14.008 13.893 13.791 13.648 13.484 13.330 13.185 13.050 12.924 12.808 12.701 12.604 12.516 12.438 12.370 12.116 11.770 11.422 11.070 10.716 10.358 9.998 9.634 9.267 8.897 8.525 8.149 7.877 7.639 7.404 7.172 6.942 6.715 6.491 6.269 6.049 5.833 5.618 5.407 5.877 6.653 7.715 8.824 9.982 11.188 12.441 13.742 15.092 16.489 17.934 19.427 21.462 23.430 25.291 27.044
8.345 9.054 9.755 10.449 11.135 11.814 12.485 13.150 13.806 14.456 14.726 14.564 14.409 14.261 14.121 13.988 13.863 13.745 13.634 13.530 13.441 13.365 13.266 13.144 13.032 12.930 12.837 12.754 12.680 12.615 12.561 12.515 12.480 12.454 12.244 11.885 11.523 11.158 10.790 10.419 10.044 9.667 9.286 8.903 8.516 8.126 7.841 7.615 7.391 7.170 7.028 7.042 7.113 7.240 7.424 7.664 7.962 8.315 9.290 10.516 11.790 13.112 14.481 15.899 17.364 18.877 20.438 22.047 23.703 25.408 27.023 28.515 29.900 31.177
7.765 8.448 9.123 9.792 10.452 11.106 11.752 12.391 13.022 13.646 14.012 13.876 13.746 13.625 13.510 13.403 13.303 13.210 13.125 13.047 12.983 12.933 12.873 12.794 12.724 12.664 12.614 12.573 12.541 12.519 12.507 12.504 12.511 12.527 12.376 12.004 11.628 11.249 10.867 10.482 10.094 9.739 9.431 9.107 8.768 8.413 8.239 8.278 8.373 8.525 8.733 8.998 9.320 9.697 10.132 10.623 11.170 11.774 12.887 14.325 15.811 17.344 18.926 20.555 22.232 23.956 25.729 27.549 29.418 31.334 32.683 33.700 34.609 35.411
7.191 7.849 8.499 9.142 9.777 10.405 11.026 11.639 12.245 12.843 13.293 13.182 13.078 12.982 12.893 12.811 12.737 12.670 12.610 12.557 12.519 12.495 12.470 12.433 12.406 12.388 12.380 12.382 12.392 12.413 12.443 12.482 12.576 12.771 12.844 12.575 12.291 11.992 11.677 11.346 11.000 10.638 10.261 9.868 9.459 9.035 8.882 9.171 9.517 9.919 10.378 10.893 11.465 12.093 12.777 13.519 14.316 15.170 16.430 18.080 19.777 21.522 23.315 25.156 27.045 28.981 30.965 32.997 35.076 37.204 38.443 38.984 39.418 39.744
6.626 7.258 7.883 8.500 9.110 9.713 10.308 10.895 11.476 12.049 12.568 12.482 12.404 12.333 12.270 12.214 12.165 12.123 12.089 12.062 12.050 12.051 12.057 12.056 12.076 12.134 12.230 12.365 12.539 12.752 13.003 13.292 13.620 13.987 14.244 13.906 13.553 13.184 12.799 12.399 11.984 11.552 11.106 10.643 10.165 9.672 9.464 10.003 10.599 11.252 11.961 12.726 13.548 14.426 15.361 16.352 17.400 18.504 19.920 21.781 23.690 25.646 27.651 29.703 31.803 33.950 36.146 38.389 40.680 43.018 44.301 44.367 44.326 44.177
6.068 6.674 7.274 7.866 8.450 9.027 9.597 10.159 10.714 11.262 11.802 11.777 11.724 11.679 11.641 11.607 11.553 11.504 11.458 11.415 11.388 11.376 11.366 11.515 11.706 11.935 12.203 12.510 12.855 13.238 13.661 14.122 14.621 15.159 15.659 15.252 14.829 14.391 13.937 13.468 12.983 12.483 11.966 11.435 10.888 10.325 9.985 10.775 11.621 12.523 13.482 14.498 15.570 16.698 17.882 19.124 20.421 21.775 23.355 25.428 27.548 29.716 31.932 34.195 36.506 38.865 41.272 43.726 46.228 48.777 50.257 49.849 49.333 48.710
5.517 6.098 6.672 7.239 7.798 8.350 8.894 9.431 9.957 10.462 10.956 10.999 10.944 10.893 10.845 10.801 10.760 10.724 10.691 10.662 10.648 10.649 10.652 10.931 11.293 11.694 12.133 12.611 13.127 13.682 14.275 14.907 15.578 16.287 17.035 16.613 16.121 15.614 15.091 14.552 13.998 13.428 12.843 12.242 11.626 10.994 10.445 11.485 12.581 13.734 14.943 16.208 17.530 18.908 20.342 21.833 23.380 24.983 26.737 29.021 31.352 33.731 36.158 38.633 41.155 43.725 46.342 49.008 51.721 54.481 56.313 55.430 54.440 53.343
4.974 5.530 6.075 6.609 7.132 7.643 8.143 8.631 9.108 9.574 10.028 10.139 10.097 10.058 10.023 9.993 9.965 9.942 9.922 9.906 9.905 9.919 9.936 10.304 10.838 11.409 12.020 12.669 13.356 14.082 14.847 15.650 16.491 17.371 18.290 17.990 17.429 16.852 16.260 15.652 15.028 14.389 13.735 13.065 12.379 11.678 10.961 12.135 13.481 14.884 16.342 17.857 19.428 21.056 22.740 24.480 26.277 28.129 30.065 32.560 35.102 37.693 40.331 43.016 45.749 48.530 51.358 54.235 57.158 60.130 62.467 61.110 59.646 58.075
4.449 4.967 5.473 5.967 6.451 6.923 7.383 7.832 8.270 8.697 9.112 9.276 9.247 9.221 9.200 9.182 9.168 9.158 9.151 9.148 9.160 9.187 9.217 9.635 10.340 11.082 11.864 12.684 13.542 14.439 15.375 16.349 17.361 18.412 19.501 19.382 18.751 18.105 17.444 16.767 16.074 15.366 14.643 13.903 13.149 12.378 11.593 12.725 14.320 15.972 17.680 19.445 21.265 23.142 25.076 27.065 29.111 31.213 33.372 36.045 38.799 41.600 44.449 47.345 50.289 53.281 56.320 59.407 62.541 65.723 68.417 65.863 63.292 60.702
3.936 4.415 4.881 5.337 5.781 6.214 6.635 7.045 7.444 7.831 8.207 8.410 8.394 8.382 8.374 8.369 8.368 8.371 8.377 8.387 8.413 8.453 8.496 8.923 9.799 10.713 11.665 12.656 13.685 14.753 15.859 17.004 18.187 19.409 20.669 20.789 20.089 19.374 18.644 17.897 17.136 16.359 15.566 14.758 13.934 13.095 12.240 13.254 15.099 17.000 18.957 20.971 23.041 25.167 27.350 29.589 31.884 34.235 36.642 39.477 42.441 45.427 48.304 51.073 53.733 56.284 58.726 61.059 63.283 65.399 67.406 65.068 62.417 59.749
3.435 3.874 4.301 4.718 5.122 5.516 5.898 6.269 6.629 6.977 7.314 7.543 7.540 7.541 7.545 7.554 7.566 7.582 7.601 7.624 7.663 7.717 7.773 8.169 9.216 10.300 11.423 12.585 13.785 15.023 16.300 17.616 18.969 20.362 21.792 22.211 21.443 20.659 19.859 19.044 18.213 17.367 16.505 15.627 14.735 13.826 12.903 13.722 15.816 17.967 20.174 22.436 25.064 28.293 31.294 34.066 36.610 38.926 41.013 43.495 46.109 48.615 51.012 53.300 55.479 57.550 59.512 61.365 63.110 64.745 66.272 64.292 61.562 58.815
2.944 3.344 3.733 4.110 4.475 4.830 5.173 5.505 5.825 6.134 6.432 6.673 6.683 6.697 6.715 6.736 6.761 6.790 6.823 6.859 6.911 6.978 7.047 7.373 8.590 9.845 11.139 12.471 13.842 15.251 16.698 18.184 19.709 21.271 22.872 23.649 22.811 21.958 21.089 20.205 19.305 18.390 17.459 16.964 17.766 18.612 19.503 21.650 25.010 28.142 31.046 33.721 36.169 38.388 40.379 42.142 43.676 44.983 46.061 47.750 49.884 51.909 53.826 55.634 57.333 58.924 60.406 61.780 63.044 64.201 65.248 63.534 60.726 57.899
