DATA/SHG/ECMWF/20170628/EN-42/20170701.en-42.asc
ncols        190
nrows        64
xllcorner    -5100000.000000000000
yllcorner    4130000.000000000000
cellsize     10000.000000000000
NODATA_value  -99999.000
[rows 32 to 63 of 64, columns 0 to 72 of 190]
13.127 13.922 13.870 13.679 13.436 13.141 12.795 12.397 11.948 11.446 10.893 10.288 9.632 8.924 8.571 8.197 7.781 7.321 6.819 6.274 5.686 5.055 4.382 3.665 2.906 2.103 2.225 2.376 2.539 2.716 2.907 3.110 3.327 3.557 3.800 4.056 4.326 4.598 4.344 4.072 3.784 3.479 3.156 2.816 2.459 2.085 1.694 1.629 1.600 1.466 1.765 2.019 2.228 2.392 2.510 2.583 2.611 2.594 2.531 2.424 2.271 2.098 2.144 2.175 2.191 2.193 2.180 2.152 2.110 2.052 1.980 1.894 1.792
16.455 17.641 17.698 17.325 16.901 16.425 15.897 15.318 14.686 14.004 13.269 12.483 11.645 10.756 10.182 9.658 9.092 8.482 7.830 7.135 6.397 5.616 4.792 3.926 3.017 2.064 2.060 2.256 2.466 2.690 2.926 3.176 3.439 3.715 4.004 4.307 4.622 4.951 4.717 4.386 4.776 5.224 5.535 5.711 5.750 5.654 5.423 5.055 4.551 3.912 3.981 4.077 4.128 4.134 4.095 4.010 3.880 3.706 3.485 3.220 2.910 2.554 2.532 2.512 2.477 2.427 2.363 2.284 2.190 2.082 1.959 1.821 1.668
19.656 21.231 21.578 21.024 20.418 19.760 19.051 18.290 17.478 16.614 15.698 14.731 13.712 12.641 11.837 11.163 10.447 9.687 8.885 8.040 7.152 6.222 5.248 4.232 3.173 2.071 1.880 2.123 2.380 2.649 2.932 3.227 3.537 4.605 5.876 7.291 8.851 10.554 11.298 11.542 11.651 11.624 11.461 11.163 10.729 10.159 9.453 8.612 7.634 6.522 6.238 6.177 6.070 5.918 5.722 5.480 5.192 4.860 4.482 4.060 3.592 3.079 2.934 2.863 2.777 2.676 2.560 2.430 2.285 2.125 1.951 1.761 1.558
22.729 24.694 25.510 24.774 23.987 23.148 22.258 21.316 20.322 19.277 18.180 17.031 15.831 14.580 13.537 12.713 11.846 10.937 9.985 8.990 7.952 6.872 5.748 4.583 3.374 2.134 2.045 2.811 3.720 4.774 5.971 7.311 8.796 10.424 12.197 14.113 16.173 18.376 19.249 19.020 18.654 18.153 17.517 16.745 15.837 14.793 13.614 12.299 10.849 9.263 8.538 8.319 8.054 7.745 7.391 6.991 6.547 6.057 5.522 4.942 4.317 3.647 3.350 3.227 3.090 2.938 2.771 2.589 2.393 2.182 1.957 1.716 1.461
25.675 28.029 29.494 28.577 27.608 26.588 25.516 24.393 23.219 21.992 20.714 19.385 18.004 16.571 15.280 14.306 13.290 12.230 11.115 9.950 8.844 7.798 6.810 5.882 5.012 4.202 4.203 5.470 6.880 8.435 10.132 11.974 13.959 16.088 18.361 20.777 23.337 26.041 27.329 26.625 25.786 24.812 23.702 22.456 21.075 19.558 17.906 16.118 14.195 12.136 10.879 10.502 10.081 9.614 9.102 8.546 7.944 7.297 6.605 5.867 5.085 4.258 3.779 3.605 3.417 3.214 2.996 2.763 2.516 2.254 1.977 1.685 1.379
28.494 31.237 33.529 32.431 31.281 30.080 28.828 27.523 26.168 24.761 23.302 21.650 19.696 17.812 16.107 14.912 13.775 12.698 11.680 10.721 9.820 8.979 8.197 7.474 6.810 6.205 6.208 7.975 9.886 11.941 14.140 16.482 18.967 21.596 24.369 27.286 30.345 33.549 35.536 34.359 33.047 31.599 30.016 28.297 26.443 24.453 22.328 20.068 17.672 15.140 13.262 12.728 12.149 11.525 10.856 10.142 9.383 8.579 7.730 6.835 5.896 4.912 4.222 3.997 3.758 3.503 3.234 2.950 2.652 2.339 2.011 1.668 1.311
31.185 34.317 37.559 36.337 34.611 32.412 30.283 28.224 26.234 24.314 22.464 20.684 18.974 17.334 15.786 14.796 13.866 12.994 12.181 11.428 10.733 10.097 9.520 9.002 8.544 8.144 8.059 10.327 12.739 15.294 17.992 20.834 23.820 26.949 30.222 33.638 37.197 40.900 43.871 42.221 40.436 38.515 36.459 34.267 31.940 29.478 26.881 24.148 21.280 18.276 15.687 14.996 14.260 13.479 12.653 11.781 10.865 9.904 8.898 7.846 6.750 5.609 4.679 4.403 4.112 3.807 3.486 3.152 2.802 2.438 2.449 2.724 3.004
30.822 33.089 35.279 33.893 31.868 29.913 28.027 26.211 24.465 22.789 21.182 19.645 18.178 16.781 15.453 14.619 13.893 13.227 12.620 12.071 11.582 11.151 10.780 10.467 10.213 10.019 9.883 12.526 15.438 18.493 21.691 25.033 28.518 32.146 35.918 39.834 43.892 48.094 52.334 50.211 47.953 45.559 43.031 40.367 37.568 34.634 31.564 28.359 25.019 21.544 18.153 17.305 16.412 15.474 14.491 13.463 12.390 11.271 10.108 8.900 7.647 6.349 5.150 5.217 5.477 5.741 6.010 6.282 6.559 6.840 7.124 7.413 7.706
27.578 29.572 31.488 30.834 29.053 27.341 25.698 24.126 22.623 21.190 19.826 18.533 17.309 16.154 15.070 14.378 13.858 13.397 12.995 12.652 12.368 12.142 11.976 11.868 11.819 11.830 11.899 14.572 17.983 21.538 25.235 29.077 33.061 37.189 41.459 45.874 50.431 55.132 59.976 58.328 55.598 52.732 49.732 46.596 43.325 39.919 36.377 32.701 28.889 24.942 20.860 19.657 18.606 17.511 16.371 15.186 14.034 13.000 12.078 11.269 10.573 9.989 9.519 9.788 10.062 10.340 10.622 10.908 11.198 11.492 11.790 12.093 12.399
24.424 26.146 27.789 27.703 26.165 24.696 23.297 21.968 20.708 19.518 18.397 17.347 16.366 15.454 14.612 14.076 13.761 13.505 13.308 13.170 13.090 13.070 13.108 13.205 13.361 13.576 13.850 16.465 20.376 24.429 28.626 32.966 37.449 42.076 46.845 51.758 56.814 62.014 67.356 66.574 63.371 60.034 56.561 52.954 49.211 45.333 41.320 37.173 32.890 28.059 23.209 21.194 19.987 18.893 17.912 17.042 16.286 15.642 15.110 14.691 14.384 14.190 14.108 14.350 14.638 14.929 15.224 15.524 15.827 16.135 16.446 16.762 17.082
21.360 22.809 24.180 24.501 23.205 21.980 20.824 19.737 18.720 17.773 16.895 16.087 15.349 14.680 14.081 13.710 13.601 13.550 13.557 13.624 13.750 13.934 14.177 14.479 14.840 15.259 15.738 18.205 22.615 27.167 31.863 36.702 41.684 46.808 52.076 57.488 63.042 68.739 74.579 74.947 71.273 67.464 62.356 57.229 52.180 47.210 42.318 37.504 32.768 28.111 23.532 21.384 20.567 19.863 19.272 18.792 18.425 18.171 18.029 17.999 18.081 18.276 18.584 18.903 19.204 19.508 19.817 20.130 20.447 20.768 21.093 21.422 21.755
18.386 19.562 20.661 21.226 20.174 19.191 18.278 17.434 16.660 15.955 15.320 14.755 14.259 13.833 13.476 13.283 13.378 13.532 13.744 14.016 14.346 14.735 15.183 15.689 16.255 16.879 17.562 19.793 24.701 29.752 34.946 40.283 45.763 51.386 57.125 61.765 66.341 70.854 75.303 75.475 70.384 65.371 60.437 55.581 50.803 46.103 41.482 36.939 32.474 28.087 23.778 21.463 21.036 20.722 20.519 20.430 20.452 20.587 20.834 21.194 21.665 22.249 22.946 23.446 23.760 24.078 24.400 24.727 25.057 25.391 25.730 26.073 26.419
15.501 16.406 17.232 17.880 17.070 16.330 15.659 15.058 14.527 14.065 13.672 13.349 13.096 12.912 12.798 12.793 13.093 13.451 13.868 14.344 14.879 15.473 16.125 16.836 17.606 18.434 19.321 21.177 26.043 30.845 35.584 40.259 44.870 49.418 53.902 58.322 62.679 66.972 71.202 72.669 67.849 63.107 58.443 53.858 49.350 44.921 40.570 36.297 32.102 27.986 23.947 21.431 21.393 21.468 21.656 21.955 22.367 22.891 23.527 24.275 25.136 26.109 27.194 27.979 28.307 28.638 28.974 29.314 29.657 30.005 30.357 30.713 31.073
12.706 13.339 13.893 14.369 13.895 13.397 12.969 12.610 12.321 12.101 11.951 11.871 11.859 11.918 12.045 12.242 12.745 13.308 13.930 14.610 15.323 15.953 16.560 17.144 17.704 18.242 18.756 19.558 24.204 28.787 33.306 37.761 42.153 46.482 50.746 54.948 59.085 63.159 67.169 69.788 65.239 60.767 56.374 52.059 47.822 43.663 39.582 35.579 31.655 27.809 24.040 21.288 21.640 22.104 22.680 23.369 24.169 25.082 26.107 27.244 28.493 29.855 31.328 32.503 32.844 33.189 33.538 33.891 34.248 34.610 34.975 35.344 35.718
10.001 10.362 10.644 10.849 10.647 10.392 10.206 10.090 10.043 10.066 10.157 10.319 10.550 10.900 11.380 11.872 12.510 13.153 13.772 14.368 14.941 15.491 16.017 16.521 17.001 17.457 17.891 18.301 22.433 26.796 31.096 35.332 39.505 43.614 47.659 51.641 55.560 59.414 63.206 66.833 62.554 58.353 54.230 50.185 46.218 42.329 38.518 34.786 31.131 27.555 24.056 21.034 21.775 22.628 23.593 24.670 25.859 27.161 28.574 30.100 31.737 33.487 35.349 37.017 37.372 37.730 38.092 38.459 38.830 39.204 39.583 39.966 40.353
7.385 7.474 7.485 7.418 7.328 7.315 7.529 7.964 8.411 8.872 9.345 9.832 10.331 10.843 11.368 11.905 12.476 13.038 13.577 14.092 14.585 15.054 15.500 15.922 16.322 16.698 17.052 17.381 20.729 24.873 28.953 32.970 36.924 40.814 44.640 48.403 52.102 55.738 59.311 62.819 59.794 55.863 52.010 48.235 44.539 40.920 37.379 33.916 30.531 27.225 23.996 20.845 21.799 23.041 24.394 25.860 27.438 29.127 30.929 32.843 34.869 37.006 39.256 41.522 41.890 42.262 42.638 43.018 43.402 43.790 44.182 44.578 44.952
5.416 5.639 5.820 5.962 6.223 6.677 7.144 7.624 8.116 8.622 9.140 9.671 10.215 10.772 11.342 11.924 12.466 12.947 13.406 13.841 14.253 14.641 15.007 15.349 15.668 15.964 16.237 16.487 19.091 23.016 26.878 30.676 34.410 38.081 41.689 45.233 48.713 52.130 55.484 58.774 56.960 53.299 49.716 46.211 42.784 39.435 36.164 32.971 29.855 26.818 23.859 20.978 21.712 23.342 25.084 26.938 28.904 30.982 33.172 35.473 37.887 40.413 43.050 45.800 46.399 46.729 46.455 46.132 45.759 45.338 44.867 44.347 43.777
5.486 5.568 5.611 5.612 5.734 6.233 6.745 7.270 7.807 8.358 8.921 9.497 10.086 10.687 11.302 11.929 12.481 12.882 13.259 13.614 13.946 14.254 14.539 14.801 15.040 15.256 15.448 15.617 17.521 21.227 24.870 28.449 31.964 35.416 38.805 42.130 45.392 48.591 51.726 54.797 54.051 50.660 47.346 44.111 40.954 37.874 34.873 31.949 29.104 26.336 23.646 21.034 21.515 23.533 25.663 27.905 30.259 32.725 35.253 37.550 39.865 42.199 44.552 46.922 47.189 46.794 46.349 45.856 45.313 44.721 44.080 43.390 42.651
5.600 5.543 5.445 5.307 5.232 5.776 6.333 6.902 7.485 8.080 8.688 9.309 9.942 10.589 11.248 11.920 12.520 12.840 13.138 13.412 13.663 13.891 14.096 14.278 14.437 14.572 14.684 14.773 16.018 19.505 22.929 26.289 29.586 32.819 35.989 39.096 42.139 45.119 48.036 50.889 51.067 47.946 44.902 41.936 39.049 36.239 33.506 30.852 28.276 25.777 23.356 21.009 21.144 23.395 25.665 27.953 30.259 32.584 34.927 37.288 39.668 42.067 44.483 46.919 47.471 46.906 46.291 45.628 44.915 44.153 43.342 42.481 41.572
5.758 5.561 5.324 5.046 4.729 5.306 5.907 6.521 7.148 7.788 8.441 9.107 9.785 10.476 11.180 11.897 12.584 12.824 13.041 13.235 13.406 13.554 13.678 13.780 13.858 13.913 13.945 13.954 14.581 17.850 21.055 24.196 27.275 30.290 33.241 36.129 38.954 41.716 44.414 47.049 48.009 45.157 42.383 39.687 37.096 34.633 32.215 29.842 27.513 25.229 22.990 20.795 20.414 22.729 25.063 27.416 29.786 32.176 34.583 37.009 39.453 41.916 44.397 46.896 47.800 47.065 46.280 45.446 44.564 43.632 42.651 41.620 40.541
5.960 5.624 5.247 4.830 4.373 4.821 5.468 6.127 6.798 7.483 8.181 8.891 9.614 10.350 11.099 11.861 12.635 12.832 12.969 13.083 13.173 13.241 13.285 13.306 13.304 13.279 13.231 13.160 13.212 16.261 19.248 22.171 25.031 27.827 30.561 33.230 35.837 38.437 41.082 43.671 45.439 42.952 40.509 38.112 35.759 33.450 31.186 28.967 26.793 24.663 22.578 20.538 19.666 22.046 24.444 26.861 29.296 31.749 34.221 36.711 39.220 41.747 44.292 46.856 48.176 47.271 46.316 45.313 44.260 43.158 42.007 40.807 39.558
6.207 5.730 5.214 4.658 4.061 4.323 5.014 5.718 6.435 7.164 7.907 8.662 9.430 10.210 11.004 11.810 12.629 12.865 12.921 12.955 12.965 12.953 12.917 12.858 12.776 12.671 12.542 12.391 12.217 14.740 17.567 20.413 23.203 25.937 28.613 31.233 33.796 36.303 38.753 41.146 43.442 41.109 38.821 36.577 34.379 32.225 30.115 28.050 26.030 24.054 22.124 20.237 18.900 21.344 23.807 26.288 28.787 31.305 33.841 36.396 38.969 41.560 44.169 46.797 48.599 47.524 46.400 45.226 44.004 42.732 41.411 40.041 38.623
6.497 5.881 5.225 4.530 3.794 3.812 4.548 5.296 6.058 6.832 7.619 8.419 9.231 10.057 10.895 11.746 12.609 12.922 12.898 12.852 12.782 12.689 12.573 12.472 12.400 12.327 12.252 12.176 12.099 14.153 16.861 19.512 22.106 24.644 27.125 29.550 31.917 34.229 36.483 38.681 40.822 39.224 37.090 35.001 32.956 30.956 29.001 27.090 25.224 23.402 21.625 19.893 18.206 20.625 23.152 25.697 28.261 30.843 33.443 36.062 38.699 41.354 44.028 46.720 49.069 47.824 46.530 45.187 43.794 42.353 40.863 39.323 37.735
6.831 6.076 5.281 4.446 3.571 3.287 4.067 4.861 5.667 6.486 7.317 8.162 9.019 9.889 10.772 11.667 12.580 13.014 12.946 12.876 12.805 12.732 12.658 12.583 12.506 12.428 12.349 12.268 12.186 13.701 16.213 18.669 21.068 23.411 25.696 27.926 30.098 32.214 34.273 36.276 38.222 37.296 35.317 33.382 31.491 29.645 27.844 26.087 24.375 22.707 21.084 19.506 17.972 19.887 22.479 25.088 27.716 30.362 33.027 35.710 38.411 41.131 43.869 46.625 49.400 48.171 46.707 45.194 43.633 42.022 40.362 38.653 36.895
7.209 6.315 5.381 4.406 3.392 2.749 3.574 4.412 5.262 6.179 7.116 8.046 8.969 9.885 10.794 11.696 12.591 13.155 13.082 13.007 12.931 12.854 12.775 12.695 12.614 12.531 12.447 12.362 12.275 13.308 15.625 17.885 20.089 22.236 24.327 26.361 28.338 30.259 32.123 33.931 35.682 35.327 33.501 31.720 29.983 28.291 26.644 25.041 23.483 21.969 20.500 19.075 17.695 19.132 21.788 24.462 27.154 29.864 32.593 35.340 38.105 40.889 43.691 46.512 49.351 48.565 46.932 45.249 43.518 41.737 39.908 38.030 36.103
7.631 6.598 5.567 4.547 3.532 2.644 3.585 4.519 5.446 6.366 7.279 8.185 9.084 9.975 10.860 11.738 12.609 13.297 13.219 13.139 13.059 12.977 12.893 12.809 12.723 12.635 12.547 12.457 12.365 12.973 15.095 17.160 19.169 21.121 23.016 24.855 26.638 28.363 30.033 31.645 33.201 33.315 31.643 30.016 28.433 26.895 25.401 23.952 22.548 21.188 19.872 18.601 17.375 18.359 21.079 23.817 26.573 29.348 32.141 34.952 37.782 40.629 43.496 46.380 49.283 49.006 47.203 45.351 43.450 41.352 39.301 37.368 35.552
8.143 7.129 6.118 5.111 4.107 3.108 3.852 4.761 5.664 6.560 7.449 8.331 9.205 10.073 10.934 11.787 12.634 13.440 13.357 13.273 13.188 13.101 13.013 12.924 12.833 12.741 12.647 12.553 12.457 12.697 14.624 16.494 18.308 20.065 21.765 23.409 24.997 26.527 28.002 29.420 30.781 31.260 29.742 28.269 26.840 25.456 24.116 22.820 21.570 20.363 19.201 18.084 17.011 17.569 20.352 23.154 25.975 28.814 31.671 34.546 37.440 40.352 42.922 45.319 47.626 47.440 45.323 43.325 41.444 39.681 38.036 36.508 35.098
8.665 7.663 6.664 5.670 4.679 3.692 4.125 5.011 5.890 6.761 7.626 8.484 9.334 10.178 11.015 11.844 12.667 13.482 13.497 13.408 13.318 13.227 13.134 13.040 12.944 12.848 12.750 12.650 12.549 12.480 14.211 15.887 17.505 19.067 20.573 22.022 23.415 24.751 26.031 27.254 28.420 29.164 27.800 26.480 25.205 23.974 22.788 21.646 20.549 19.496 18.488 17.524 16.605 16.760 19.608 22.412 25.123 27.746 30.280 32.726 35.084 37.353 39.533 41.625 43.629 44.036 42.326 40.733 39.258 37.901 36.661 35.539 34.534
9.182 8.192 7.206 6.224 5.246 4.271 4.406 5.268 6.122 6.970 7.810 8.644 9.470 10.290 11.102 11.908 12.706 13.498 13.638 13.544 13.450 13.353 13.256 13.157 13.057 12.956 12.853 12.749 12.644 12.537 13.857 15.338 16.761 18.129 19.440 20.694 21.892 23.034 24.119 25.147 26.119 27.025 25.814 24.648 23.527 22.450 21.417 20.429 19.563 18.737 17.937 17.163 16.417 16.161 18.745 21.240 23.647 25.966 28.196 30.338 32.391 34.356 36.233 38.021 39.721 40.524 39.219 38.032 36.963 36.011 35.177 34.460 33.861
9.695 8.718 7.744 6.774 5.808 4.846 4.694 5.531 6.362 7.185 8.002 8.811 9.614 10.409 11.198 11.979 12.753 13.521 13.780 13.682 13.582 13.482 13.380 13.276 13.171 13.065 12.958 12.849 12.739 12.628 13.562 14.847 16.077 17.249 18.365 19.425 20.429 21.376 22.266 23.100 23.878 24.737 24.065 23.170 22.302 21.461 20.646 19.858 19.097 18.362 17.654 16.972 16.317 15.688 17.965 20.156 22.259 24.274 26.200 28.038 29.787 31.448 33.021 34.506 35.902 36.904 36.004 35.223 34.559 34.012 33.583 33.271 33.077
10.203 9.238 8.277 7.320 6.367 5.417 4.989 5.802 6.609 7.408 8.200 8.986 9.764 10.536 11.300 12.057 12.808 13.551 13.923 13.821 13.716 13.611 13.504 13.396 13.287 13.176 13.064 12.951 12.836 12.720 13.325 14.416 15.450 16.428 17.353 18.262 19.156 20.034 20.896 21.742 22.573 23.388 23.022 22.220 21.444 20.694 19.971 19.275 18.605 17.962 17.345 16.755 16.191 15.654 17.273 19.160 20.959 22.669 24.292 25.826 27.271 28.629 29.898 31.079 32.171 33.175 32.681 32.304 32.045 31.903 31.879 31.972 32.183
10.707 9.755 8.806 7.861 6.920 5.983 5.291 6.080 6.863 7.638 8.406 9.167 9.922 10.669 11.409 12.143 12.869 13.588 14.068 13.961 13.852 13.742 13.630 13.518 13.404 13.288 13.168 12.959 12.750 12.540 12.819 13.737 14.639 15.526 16.397 17.252 18.092 18.916 19.725 20.517 21.294 22.056 21.955 21.244 20.559 19.901 19.270 18.665 18.087 17.535 17.010 16.512 16.040 15.594 16.667 18.250 19.746 21.153 22.471 23.702 24.844 25.898 26.863 27.741 28.530 29.230 29.249 29.277 29.423 29.686 30.066 30.564 31.179
