DATA/SHG/ECMWF/20170628/EN-42/20170709.en-42.asc
ncols        190
nrows        64
xllcorner    -5100000.000000000000
yllcorner    4130000.000000000000
cellsize     10000.000000000000
NODATA_value  -99999.000
[rows 0 to 32 of 64, columns 0 to 73 of 190]
0.280 0.236 0.196 0.158 0.124 0.092 0.064 0.039 0.017 0.010 0.009 0.007 0.005 0.004 0.003 0.002 0.001 0.000 0.000 0.002 0.005 0.007 0.008 0.009 0.010 0.010 0.010 0.010 0.009 0.008 0.006 0.004 0.001 0.004 0.010 0.018 0.026 0.035 0.045 0.056 0.068 0.080 0.094 0.108 0.123 0.128 0.123 0.117 0.111 0.104 0.096 0.087 0.078 0.068 0.058 0.047 0.035 0.032 0.041 0.051 0.061 0.071 0.082 0.093 0.105 0.117 0.130 0.143 0.156 0.161 0.150 0.139 0.128 0.116
0.182 0.150 0.120 0.093 0.070 0.049 0.032 0.018 0.007 0.002 0.001 0.000 0.004 0.007 0.010 0.013 0.015 0.018 0.020 0.022 0.023 0.024 0.024 0.024 0.023 0.022 0.021 0.019 0.016 0.013 0.010 0.006 0.002 0.004 0.014 0.024 0.035 0.048 0.060 0.074 0.089 0.104 0.120 0.137 0.155 0.163 0.156 0.148 0.139 0.130 0.119 0.108 0.097 0.084 0.071 0.058 0.043 0.036 0.047 0.058 0.070 0.082 0.094 0.107 0.120 0.133 0.147 0.162 0.177 0.185 0.173 0.160 0.147 0.134
0.082 0.060 0.041 0.025 0.015 0.015 0.016 0.017 0.018 0.021 0.024 0.027 0.030 0.032 0.035 0.037 0.038 0.040 0.041 0.042 0.042 0.042 0.041 0.039 0.037 0.034 0.031 0.028 0.024 0.019 0.015 0.010 0.004 0.004 0.016 0.030 0.044 0.059 0.075 0.091 0.109 0.127 0.146 0.166 0.186 0.200 0.190 0.180 0.168 0.156 0.144 0.130 0.116 0.101 0.086 0.070 0.053 0.041 0.053 0.065 0.078 0.092 0.105 0.120 0.134 0.149 0.165 0.181 0.192 0.199 0.181 0.164 0.147 0.131
0.034 0.034 0.034 0.035 0.037 0.038 0.041 0.044 0.047 0.050 0.053 0.055 0.057 0.058 0.059 0.060 0.061 0.062 0.062 0.062 0.062 0.061 0.058 0.054 0.051 0.047 0.042 0.037 0.032 0.026 0.020 0.013 0.006 0.003 0.018 0.034 0.051 0.069 0.088 0.107 0.128 0.149 0.171 0.193 0.217 0.237 0.225 0.212 0.198 0.184 0.168 0.153 0.136 0.119 0.101 0.082 0.063 0.044 0.058 0.072 0.086 0.098 0.110 0.121 0.132 0.143 0.153 0.163 0.173 0.183 0.167 0.152 0.137 0.123
0.048 0.050 0.052 0.054 0.058 0.061 0.065 0.070 0.075 0.080 0.081 0.083 0.083 0.084 0.084 0.084 0.084 0.084 0.083 0.082 0.081 0.079 0.075 0.070 0.065 0.059 0.053 0.047 0.040 0.033 0.025 0.017 0.009 0.001 0.019 0.038 0.058 0.079 0.100 0.123 0.146 0.170 0.195 0.220 0.247 0.274 0.260 0.245 0.228 0.212 0.194 0.176 0.157 0.136 0.112 0.089 0.066 0.045 0.053 0.065 0.076 0.087 0.098 0.108 0.118 0.128 0.137 0.146 0.155 0.163 0.153 0.140 0.127 0.115
0.061 0.065 0.069 0.073 0.078 0.083 0.089 0.096 0.103 0.110 0.110 0.111 0.111 0.110 0.110 0.109 0.108 0.106 0.105 0.103 0.101 0.098 0.093 0.087 0.080 0.073 0.065 0.057 0.049 0.040 0.031 0.022 0.012 0.001 0.019 0.041 0.064 0.087 0.112 0.137 0.163 0.190 0.218 0.246 0.275 0.306 0.293 0.266 0.241 0.216 0.192 0.168 0.145 0.123 0.102 0.081 0.061 0.042 0.046 0.056 0.066 0.076 0.086 0.095 0.104 0.113 0.121 0.129 0.137 0.144 0.138 0.127 0.116 0.106
0.074 0.079 0.085 0.091 0.098 0.105 0.113 0.121 0.129 0.139 0.140 0.139 0.138 0.137 0.135 0.133 0.131 0.129 0.127 0.124 0.121 0.117 0.111 0.103 0.095 0.087 0.078 0.068 0.058 0.048 0.037 0.026 0.015 0.003 0.018 0.043 0.069 0.095 0.122 0.148 0.171 0.193 0.214 0.235 0.254 0.273 0.262 0.238 0.215 0.193 0.171 0.150 0.129 0.110 0.091 0.073 0.055 0.038 0.038 0.048 0.057 0.066 0.074 0.082 0.090 0.098 0.105 0.112 0.119 0.125 0.122 0.113 0.105 0.097
0.087 0.093 0.101 0.109 0.117 0.126 0.135 0.145 0.156 0.167 0.169 0.167 0.165 0.163 0.161 0.158 0.155 0.152 0.149 0.145 0.141 0.137 0.129 0.120 0.111 0.101 0.090 0.079 0.068 0.056 0.044 0.032 0.018 0.005 0.015 0.039 0.063 0.085 0.107 0.128 0.148 0.167 0.186 0.203 0.220 0.236 0.231 0.210 0.189 0.169 0.149 0.131 0.113 0.096 0.079 0.063 0.048 0.034 0.031 0.040 0.048 0.055 0.063 0.070 0.077 0.083 0.090 0.096 0.101 0.107 0.106 0.099 0.093 0.087
0.098 0.107 0.116 0.126 0.136 0.147 0.158 0.169 0.181 0.194 0.199 0.196 0.193 0.190 0.187 0.183 0.179 0.175 0.171 0.166 0.161 0.156 0.148 0.138 0.127 0.112 0.097 0.083 0.069 0.056 0.043 0.030 0.018 0.006 0.010 0.031 0.052 0.072 0.091 0.109 0.126 0.142 0.158 0.173 0.187 0.200 0.199 0.180 0.162 0.144 0.127 0.111 0.096 0.081 0.067 0.054 0.041 0.029 0.024 0.032 0.039 0.045 0.052 0.058 0.064 0.069 0.075 0.080 0.084 0.089 0.090 0.085 0.080 0.077
0.109 0.120 0.131 0.142 0.154 0.166 0.179 0.193 0.207 0.221 0.228 0.225 0.221 0.217 0.213 0.209 0.204 0.198 0.187 0.176 0.166 0.155 0.144 0.129 0.115 0.101 0.088 0.075 0.063 0.051 0.039 0.028 0.017 0.007 0.006 0.025 0.042 0.059 0.075 0.090 0.105 0.118 0.131 0.143 0.154 0.164 0.167 0.150 0.134 0.119 0.105 0.091 0.078 0.066 0.054 0.043 0.033 0.023 0.018 0.024 0.030 0.036 0.041 0.046 0.051 0.056 0.060 0.064 0.067 0.071 0.072 0.070 0.067 0.066
0.120 0.132 0.145 0.158 0.172 0.186 0.200 0.216 0.231 0.247 0.256 0.244 0.232 0.221 0.209 0.198 0.188 0.177 0.167 0.157 0.148 0.138 0.128 0.115 0.103 0.091 0.079 0.067 0.056 0.046 0.035 0.026 0.016 0.007 0.003 0.018 0.033 0.047 0.060 0.073 0.084 0.095 0.105 0.114 0.122 0.130 0.134 0.120 0.106 0.094 0.082 0.070 0.060 0.050 0.041 0.032 0.024 0.017 0.012 0.017 0.022 0.027 0.031 0.035 0.039 0.042 0.045 0.048 0.051 0.053 0.055 0.054 0.054 0.054
0.130 0.144 0.158 0.171 0.180 0.190 0.198 0.207 0.215 0.223 0.228 0.217 0.206 0.196 0.185 0.175 0.166 0.156 0.147 0.138 0.130 0.121 0.113 0.101 0.090 0.079 0.069 0.059 0.049 0.040 0.031 0.023 0.015 0.007 0.000 0.013 0.025 0.036 0.047 0.056 0.065 0.073 0.080 0.086 0.091 0.096 0.100 0.088 0.077 0.067 0.058 0.049 0.041 0.033 0.026 0.020 0.015 0.010 0.006 0.010 0.014 0.018 0.021 0.024 0.027 0.029 0.031 0.034 0.037 0.040 0.043 0.045 0.046 0.048
0.122 0.132 0.141 0.150 0.158 0.166 0.173 0.180 0.187 0.193 0.199 0.190 0.180 0.170 0.161 0.152 0.143 0.135 0.127 0.119 0.111 0.104 0.097 0.087 0.077 0.068 0.059 0.050 0.042 0.034 0.026 0.019 0.013 0.006 0.001 0.009 0.018 0.026 0.034 0.040 0.046 0.051 0.055 0.059 0.061 0.063 0.064 0.056 0.048 0.040 0.033 0.027 0.021 0.016 0.011 0.008 0.005 0.003 0.001 0.003 0.007 0.010 0.014 0.017 0.021 0.024 0.027 0.030 0.032 0.035 0.037 0.039 0.040 0.042
0.106 0.114 0.122 0.129 0.136 0.142 0.148 0.154 0.159 0.164 0.169 0.162 0.154 0.145 0.137 0.129 0.121 0.113 0.106 0.099 0.093 0.086 0.080 0.072 0.064 0.056 0.048 0.041 0.034 0.027 0.021 0.016 0.010 0.006 0.001 0.005 0.011 0.017 0.021 0.025 0.028 0.031 0.032 0.032 0.032 0.031 0.029 0.024 0.018 0.012 0.008 0.004 0.000 0.000 0.000 0.000 0.000 0.000 0.000 0.002 0.006 0.009 0.012 0.015 0.018 0.020 0.023 0.025 0.028 0.030 0.032 0.033 0.035 0.035
0.090 0.097 0.103 0.109 0.114 0.119 0.124 0.128 0.132 0.136 0.139 0.135 0.127 0.119 0.112 0.105 0.098 0.092 0.085 0.079 0.074 0.068 0.063 0.057 0.050 0.043 0.037 0.031 0.026 0.021 0.016 0.012 0.008 0.004 0.001 0.002 0.006 0.008 0.010 0.011 0.011 0.011 0.009 0.007 0.004 0.000 0.000 0.000 0.000 0.000 0.000 0.000 0.000 0.000 0.000 0.000 0.000 0.000 0.000 0.002 0.005 0.007 0.010 0.012 0.015 0.017 0.019 0.021 0.023 0.025 0.027 0.028 0.029 0.029
0.074 0.080 0.085 0.089 0.093 0.097 0.100 0.103 0.106 0.108 0.110 0.107 0.100 0.093 0.087 0.081 0.075 0.070 0.064 0.059 0.055 0.050 0.046 0.041 0.036 0.030 0.025 0.021 0.017 0.013 0.010 0.007 0.005 0.002 0.001 0.001 0.001 0.001 0.000 0.000 0.000 0.000 0.000 0.000 0.000 0.000 0.000 0.000 0.000 0.000 0.000 0.000 0.000 0.000 0.000 0.000 0.000 0.000 0.000 0.001 0.004 0.006 0.008 0.010 0.012 0.014 0.016 0.017 0.019 0.020 0.022 0.023 0.023 0.023
0.059 0.063 0.067 0.070 0.073 0.075 0.077 0.079 0.080 0.080 0.081 0.079 0.073 0.067 0.062 0.057 0.052 0.047 0.043 0.039 0.035 0.032 0.029 0.025 0.021 0.017 0.014 0.010 0.008 0.006 0.004 0.002 0.002 0.002 0.001 0.001 0.001 0.001 0.001 0.001 0.001 0.001 0.001 0.001 0.001 0.000 0.000 0.000 0.000 0.000 0.000 0.000 0.000 0.000 0.000 0.000 0.000 0.000 0.000 0.001 0.003 0.005 0.006 0.008 0.010 0.011 0.013 0.014 0.015 0.016 0.017 0.017 0.018 0.018
0.045 0.047 0.049 0.051 0.052 0.053 0.054 0.054 0.054 0.053 0.052 0.050 0.045 0.041 0.036 0.032 0.028 0.025 0.021 0.018 0.016 0.013 0.011 0.009 0.007 0.007 0.007 0.006 0.006 0.006 0.005 0.005 0.004 0.004 0.003 0.003 0.003 0.003 0.003 0.002 0.002 0.002 0.002 0.001 0.001 0.001 0.000 0.000 0.000 0.000 0.000 0.000 0.000 0.000 0.000 0.000 0.000 0.000 0.000 0.000 0.002 0.003 0.005 0.006 0.007 0.008 0.009 0.010 0.011 0.011 0.012 0.012 0.012 0.012
0.031 0.032 0.032 0.033 0.033 0.032 0.032 0.030 0.029 0.027 0.024 0.022 0.018 0.014 0.010 0.007 0.004 0.005 0.007 0.008 0.009 0.010 0.011 0.011 0.010 0.010 0.010 0.009 0.009 0.008 0.008 0.007 0.007 0.006 0.005 0.004 0.004 0.004 0.004 0.004 0.003 0.003 0.003 0.002 0.002 0.001 0.001 0.000 0.000 0.000 0.000 0.000 0.000 0.000 0.000 0.000 0.000 0.000 0.000 0.000 0.001 0.002 0.003 0.004 0.005 0.006 0.006 0.007 0.007 0.007 0.007 0.007 0.007 0.006
0.017 0.017 0.016 0.015 0.014 0.012 0.010 0.007 0.004 0.001 0.010 0.006 0.008 0.010 0.012 0.014 0.015 0.016 0.017 0.017 0.017 0.017 0.016 0.014 0.014 0.013 0.013 0.012 0.012 0.011 0.010 0.010 0.009 0.008 0.007 0.006 0.006 0.006 0.005 0.005 0.004 0.004 0.003 0.003 0.002 0.001 0.001 0.000 0.000 0.000 0.000 0.000 0.000 0.000 0.000 0.000 0.000 0.000 0.000 0.000 0.001 0.001 0.002 0.002 0.003 0.003 0.003 0.003 0.003 0.003 0.002 0.002 0.001 0.001
0.004 0.002 0.000 0.070 0.124 0.161 0.182 0.187 0.175 0.148 0.103 0.043 0.026 0.027 0.028 0.029 0.029 0.028 0.028 0.026 0.025 0.023 0.021 0.018 0.017 0.017 0.016 0.015 0.014 0.014 0.013 0.012 0.011 0.010 0.009 0.008 0.008 0.007 0.007 0.006 0.005 0.005 0.004 0.003 0.003 0.002 0.001 0.000 0.000 0.000 0.000 0.000 0.000 0.000 0.000 0.000 0.000 0.000 0.000 0.000 0.000 0.001 0.001 0.001 0.001 0.001 0.000 0.002 0.008 0.012 0.016 0.019 0.022 0.025
0.497 0.542 0.571 0.583 0.580 0.560 0.523 0.471 0.402 0.316 0.215 0.097 0.045 0.045 0.044 0.043 0.042 0.041 0.039 0.036 0.033 0.030 0.027 0.023 0.021 0.020 0.019 0.018 0.017 0.016 0.015 0.014 0.013 0.012 0.011 0.010 0.009 0.009 0.008 0.007 0.007 0.006 0.005 0.004 0.003 0.002 0.001 0.000 0.000 0.000 0.000 0.000 0.000 0.000 0.000 0.000 0.000 0.000 0.000 0.000 0.005 0.013 0.021 0.027 0.033 0.038 0.042 0.046 0.048 0.050 0.051 0.051 0.051 0.053
1.200 1.188 1.159 1.114 1.053 0.976 0.882 0.772 0.645 0.503 0.343 0.168 0.064 0.063 0.061 0.059 0.056 0.053 0.050 0.046 0.042 0.038 0.033 0.028 0.024 0.023 0.022 0.021 0.020 0.019 0.018 0.017 0.016 0.015 0.013 0.012 0.011 0.010 0.009 0.009 0.008 0.007 0.006 0.005 0.004 0.003 0.002 0.001 0.000 0.000 0.000 0.000 0.000 0.005 0.013 0.022 0.031 0.040 0.050 0.061 0.069 0.075 0.080 0.083 0.086 0.088 0.090 0.090 0.090 0.088 0.086 0.083 0.081 0.081
1.920 1.850 1.765 1.662 1.544 1.409 1.258 1.090 0.906 0.706 0.490 0.257 0.084 0.081 0.078 0.074 0.071 0.066 0.062 0.057 0.051 0.045 0.039 0.033 0.028 0.027 0.026 0.024 0.023 0.022 0.021 0.020 0.018 0.017 0.015 0.014 0.013 0.012 0.011 0.010 0.009 0.008 0.007 0.006 0.005 0.003 0.008 0.014 0.019 0.026 0.034 0.043 0.052 0.061 0.071 0.081 0.091 0.102 0.114 0.126 0.135 0.138 0.139 0.140 0.140 0.139 0.138 0.135 0.132 0.127 0.122 0.116 0.111 0.110
2.657 2.530 2.387 2.227 2.051 1.859 1.651 1.426 1.185 0.927 0.654 0.364 0.104 0.100 0.095 0.090 0.085 0.080 0.074 0.067 0.061 0.054 0.046 0.038 0.031 0.030 0.029 0.028 0.026 0.025 0.024 0.022 0.021 0.019 0.018 0.016 0.015 0.014 0.012 0.025 0.038 0.049 0.057 0.064 0.068 0.070 0.070 0.068 0.067 0.076 0.085 0.095 0.106 0.116 0.128 0.139 0.151 0.164 0.177 0.190 0.202 0.201 0.200 0.198 0.195 0.191 0.186 0.181 0.174 0.167 0.159 0.150 0.142 0.139
3.409 3.227 3.027 2.810 2.576 2.327 2.061 1.779 1.481 1.166 0.835 0.488 0.124 0.119 0.113 0.107 0.100 0.093 0.086 0.079 0.071 0.062 0.053 0.044 0.035 0.034 0.032 0.031 0.029 0.028 0.026 0.025 0.046 0.066 0.083 0.098 0.112 0.123 0.133 0.140 0.146 0.149 0.150 0.149 0.146 0.141 0.134 0.125 0.114 0.125 0.136 0.147 0.159 0.171 0.184 0.197 0.211 0.225 0.239 0.254 0.269 0.265 0.261 0.256 0.250 0.243 0.236 0.227 0.218 0.208 0.197 0.185 0.173 0.168
4.137 3.941 3.683 3.409 3.119 2.812 2.489 2.149 1.794 1.422 1.034 0.629 0.209 0.138 0.131 0.124 0.116 0.108 0.099 0.090 0.081 0.071 0.061 0.051 0.045 0.071 0.097 0.121 0.143 0.163 0.182 0.198 0.212 0.225 0.236 0.244 0.251 0.255 0.257 0.258 0.256 0.252 0.245 0.237 0.227 0.214 0.200 0.183 0.164 0.173 0.186 0.199 0.212 0.226 0.240 0.255 0.270 0.285 0.301 0.318 0.334 0.330 0.323 0.315 0.306 0.296 0.286 0.274 0.262 0.249 0.235 0.220 0.205 0.198
4.865 4.672 4.357 4.026 3.678 3.314 2.934 2.537 2.124 1.695 1.250 0.788 0.311 0.158 0.150 0.141 0.132 0.166 0.276 0.356 0.405 0.424 0.412 0.370 0.297 0.286 0.305 0.323 0.338 0.352 0.363 0.373 0.380 0.386 0.390 0.392 0.392 0.389 0.384 0.377 0.367 0.356 0.342 0.327 0.309 0.289 0.268 0.244 0.217 0.221 0.235 0.250 0.264 0.280 0.295 0.312 0.328 0.345 0.363 0.381 0.399 0.396 0.386 0.375 0.363 0.350 0.337 0.322 0.307 0.291 0.274 0.257 0.238 0.228
5.595 5.420 5.048 4.659 4.254 3.833 3.396 2.942 2.472 1.986 1.552 1.218 0.920 0.879 1.005 1.099 1.164 1.198 1.201 1.174 1.116 1.028 0.910 0.761 0.581 0.503 0.515 0.526 0.535 0.541 0.546 0.549 0.550 0.549 0.546 0.541 0.534 0.525 0.512 0.498 0.481 0.462 0.442 0.419 0.394 0.366 0.337 0.306 0.273 0.269 0.284 0.300 0.316 0.333 0.350 0.368 0.386 0.405 0.424 0.443 0.463 0.462 0.449 0.435 0.420 0.405 0.388 0.371 0.353 0.334 0.314 0.294 0.272 0.258
6.325 6.185 5.756 5.284 4.824 4.400 4.012 3.660 3.344 3.064 2.820 2.612 2.440 2.369 2.388 2.376 2.333 2.260 2.157 2.023 1.859 1.664 1.439 1.183 0.897 0.721 0.727 0.731 0.733 0.733 0.731 0.727 0.721 0.713 0.704 0.692 0.679 0.662 0.643 0.621 0.597 0.571 0.543 0.512 0.480 0.446 0.409 0.370 0.330 0.316 0.333 0.350 0.368 0.386 0.405 0.424 0.444 0.464 0.484 0.505 0.526 0.529 0.513 0.496 0.479 0.460 0.441 0.421 0.401 0.382 0.358 0.330 0.298 0.277
6.577 6.407 6.001 5.631 5.296 4.998 4.736 4.510 4.319 4.165 4.047 3.965 3.918 3.890 3.802 3.683 3.534 3.354 3.144 2.903 2.632 2.331 1.999 1.637 1.244 0.942 0.941 0.938 0.933 0.926 0.917 0.907 0.894 0.880 0.864 0.845 0.825 0.802 0.775 0.746 0.715 0.681 0.646 0.608 0.568 0.527 0.483 0.437 0.389 0.362 0.381 0.399 0.419 0.439 0.459 0.479 0.501 0.522 0.544 0.566 0.589 0.606 0.602 0.593 0.580 0.563 0.542 0.516 0.486 0.451 0.412 0.369 0.321 0.290
6.598 6.462 6.181 5.937 5.729 5.556 5.420 5.319 5.255 5.226 5.234 5.277 5.357 5.442 5.247 5.021 4.765 4.479 4.162 3.815 3.437 3.029 2.591 2.122 1.623 1.163 1.156 1.146 1.134 1.121 1.106 1.088 1.069 1.048 1.025 1.000 0.973 0.944 0.909 0.873 0.834 0.793 0.751 0.706 0.659 0.610 0.559 0.505 0.450 0.408 0.428 0.448 0.469 0.491 0.563 0.656 0.730 0.783 0.816 0.830 0.823 0.801 0.781 0.758 0.730 0.697 0.661 0.620 0.574 0.524 0.470 0.412 0.349 0.302
6.628 6.475 6.322 6.204 6.121 6.074 6.064 6.089 6.150 6.247 6.380 6.549 6.754 6.995 6.722 6.390 6.027 5.634 5.211 4.757 4.273 3.759 3.214 2.639 2.033 1.397 1.372 1.356 1.338 1.318 1.296 1.272 1.246 1.218 1.188 1.156 1.123 1.087 1.046 1.002 0.956 0.908 0.858 0.806 0.751 0.695 0.636 0.665 0.741 0.829 0.952 1.056 1.139 1.203 1.246 1.270 1.273 1.257 1.221 1.165 1.089 1.000 0.965 0.926 0.883 0.836 0.784 0.727 0.667 0.602 0.532 0.458 0.380 0.311
