DATA/SHG/ECMWF/20170628/EN-42/20170628.en-42.asc
ncols        190
nrows        64
xllcorner    -5100000.000000000000
yllcorner    4130000.000000000000
cellsize     10000.000000000000
NODATA_value  -99999.000
[rows 32 to 63 of 64, columns 0 to 72 of 190]
8.966 8.546 8.355 8.167 7.960 7.733 7.488 7.222 6.938 6.634 6.311 5.969 5.607 5.227 5.112 4.997 4.865 4.718 4.554 4.374 4.177 3.964 3.736 3.490 3.229 2.951 3.154 3.360 3.562 3.759 3.952 4.141 4.325 4.505 4.680 4.851 5.018 5.173 4.945 4.716 4.483 4.248 4.010 3.770 3.527 3.281 3.033 2.905 2.744 2.503 2.610 2.721 2.836 2.955 3.078 3.205 3.337 3.472 3.611 3.755 3.902 4.040 4.052 4.058 4.058 4.052 4.040 4.022 3.999 3.969 3.934 3.892 3.845
10.695 10.348 10.086 9.830 9.555 9.260 8.947 8.614 8.262 7.890 7.499 7.089 6.660 6.211 5.992 5.820 5.632 5.427 5.207 4.969 4.716 4.447 4.161 3.859 3.541 3.206 3.313 3.504 3.691 3.873 4.050 4.224 4.393 4.557 4.718 4.874 5.025 5.172 4.983 4.743 4.938 5.145 5.247 5.244 5.137 4.925 4.608 4.187 3.661 3.031 3.085 3.210 3.339 3.472 3.609 3.750 3.896 4.045 4.198 4.355 4.517 4.682 4.681 4.666 4.645 4.619 4.586 4.548 4.503 4.453 4.397 4.335 4.268
12.398 12.124 11.835 11.512 11.169 10.807 10.425 10.024 9.605 9.165 8.707 8.229 7.732 7.216 6.889 6.660 6.415 6.154 5.876 5.582 5.272 4.945 4.603 4.244 3.869 3.478 3.477 3.652 3.824 3.991 4.153 4.311 4.465 5.099 5.843 6.660 7.548 8.509 8.880 8.931 8.877 8.718 8.455 8.088 7.616 7.039 6.358 5.572 4.681 3.686 3.555 3.694 3.837 3.984 4.135 4.291 4.450 4.613 4.780 4.951 5.127 5.306 5.314 5.278 5.237 5.190 5.137 5.078 5.013 4.942 4.866 4.783 4.695
14.075 13.875 13.604 13.212 12.802 12.372 11.923 11.454 10.967 10.460 9.934 9.388 8.824 8.240 7.802 7.516 7.214 6.896 6.562 6.211 5.844 5.461 5.061 4.646 4.214 3.775 3.909 4.401 4.964 5.599 6.307 7.086 7.937 8.860 9.854 10.921 12.059 13.270 13.650 13.336 12.917 12.394 11.766 11.033 10.197 9.255 8.209 7.059 5.804 4.445 4.021 4.174 4.331 4.492 4.657 4.826 4.999 5.176 5.357 5.543 5.732 5.925 5.952 5.896 5.834 5.766 5.693 5.613 5.528 5.437 5.340 5.236 5.128
15.728 15.600 15.391 14.932 14.454 13.956 13.439 12.903 12.348 11.774 11.180 10.567 9.935 9.283 8.732 8.389 8.030 7.655 7.264 6.891 6.564 6.281 6.044 5.853 5.706 5.605 5.839 6.581 7.395 8.281 9.238 10.267 11.368 12.541 13.786 15.103 16.491 17.951 18.521 17.841 17.058 16.170 15.177 14.081 12.879 11.574 10.164 8.649 7.030 5.307 4.482 4.649 4.820 4.995 5.174 5.357 5.544 5.735 5.930 6.129 6.332 6.539 6.595 6.518 6.436 6.348 6.254 6.154 6.048 5.936 5.818 5.695 5.565
17.354 17.300 17.198 16.671 16.125 15.560 14.975 14.372 13.749 13.107 12.445 11.697 10.814 9.977 9.255 8.859 8.508 8.203 7.942 7.727 7.557 7.432 7.353 7.318 7.329 7.384 7.692 8.684 9.748 10.884 12.091 13.370 14.721 16.144 17.639 19.205 20.843 22.553 23.491 22.447 21.299 20.047 18.690 17.229 15.664 13.994 12.220 10.342 8.359 6.272 4.939 5.120 5.305 5.494 5.686 5.883 6.084 6.289 6.498 6.711 6.928 7.149 7.243 7.146 7.043 6.934 6.819 6.699 6.572 6.440 6.302 6.158 6.008
18.956 18.975 19.015 18.428 17.614 16.569 15.569 14.616 13.710 12.849 12.035 11.267 10.545 9.869 9.256 9.017 8.824 8.676 8.573 8.515 8.502 8.534 8.612 8.734 8.902 9.114 9.467 10.709 12.023 13.409 14.866 16.395 17.996 19.668 21.412 23.228 25.116 27.075 28.562 27.154 25.641 24.025 22.304 20.479 18.550 16.517 14.379 12.137 9.791 7.340 5.391 5.586 5.784 5.987 6.194 6.405 6.620 6.839 7.061 7.288 7.519 7.754 7.896 7.778 7.655 7.525 7.390 7.249 7.102 6.949 6.805 6.656 6.491
18.793 18.319 17.830 16.936 16.006 15.122 14.284 13.492 12.747 12.048 11.395 10.788 10.227 9.713 9.244 9.127 9.091 9.100 9.154 9.253 9.398 9.587 9.821 10.101 10.425 10.795 11.210 12.656 14.220 15.855 17.562 19.341 21.191 23.113 25.107 27.172 29.309 31.518 33.732 31.960 30.084 28.104 26.019 23.831 21.538 19.141 16.640 14.034 11.325 8.511 5.838 6.047 6.260 6.476 6.697 6.922 7.151 7.383 7.620 7.861 8.106 8.354 8.553 8.456 8.364 8.256 8.132 7.991 7.835 7.662 7.474 7.269 7.048
16.906 16.382 15.843 15.119 14.350 13.627 12.950 12.320 11.736 11.197 10.705 10.260 9.860 9.506 9.199 9.189 9.310 9.476 9.687 9.943 10.244 10.591 10.982 11.418 11.900 12.426 12.998 14.526 16.339 18.224 20.181 22.209 24.309 26.480 28.723 31.038 33.424 35.882 38.411 36.867 34.627 32.284 29.836 27.284 24.627 21.867 19.003 16.034 12.961 9.785 6.504 6.504 6.730 6.961 7.196 7.434 7.650 7.891 8.170 8.487 8.842 9.235 9.665 9.533 9.384 9.220 9.040 8.843 8.631 8.402 8.157 7.896 7.619
15.036 14.463 13.875 13.253 12.645 12.084 11.568 11.099 10.675 10.298 9.967 9.682 9.444 9.251 9.105 9.202 9.480 9.803 10.171 10.584 11.043 11.546 12.094 12.687 13.325 14.008 14.736 16.318 18.381 20.515 22.721 24.999 27.348 29.768 32.260 34.824 37.459 40.166 42.944 41.874 39.271 36.564 33.753 30.837 27.818 24.695 21.467 18.136 14.701 10.937 7.226 6.608 6.791 7.012 7.271 7.567 7.902 8.275 8.686 9.135 9.621 10.146 10.709 10.624 10.419 10.199 9.962 9.710 9.441 9.156 8.855 8.538 8.204
13.185 12.562 11.925 11.340 10.893 10.492 10.138 9.829 9.567 9.351 9.181 9.056 8.979 8.947 8.961 9.167 9.602 10.082 10.607 11.177 11.792 12.452 13.156 13.906 14.701 15.541 16.426 18.033 20.345 22.729 25.184 27.710 30.308 32.978 35.719 38.531 41.416 44.371 47.398 46.981 44.015 40.945 36.799 32.685 28.685 24.800 21.029 17.371 13.829 10.400 7.085 6.163 6.478 6.831 7.222 7.650 8.117 8.622 9.164 9.745 10.363 11.019 11.714 11.729 11.468 11.192 10.899 10.590 10.265 9.924 9.567 9.194 8.805
11.352 10.680 9.993 9.378 9.092 8.853 8.659 8.511 8.410 8.354 8.345 8.382 8.464 8.593 8.768 9.084 9.676 10.313 10.994 11.721 12.492 13.309 14.170 15.077 16.028 17.024 18.065 19.671 22.232 24.864 27.568 30.344 33.191 36.109 39.073 40.958 42.768 44.502 46.160 45.217 41.157 37.211 33.379 29.661 26.057 22.568 19.192 15.931 12.784 9.751 6.832 5.681 6.128 6.613 7.135 7.696 8.294 8.930 9.605 10.317 11.067 11.855 12.681 12.848 12.531 12.199 11.850 11.485 11.104 10.707 10.294 9.865 9.419
9.537 8.815 8.080 7.369 7.244 7.165 7.132 7.145 7.204 7.309 7.461 7.658 7.901 8.191 8.526 8.953 9.702 10.495 11.333 12.216 13.144 14.117 15.135 16.198 17.306 18.458 19.656 21.160 23.313 25.390 27.391 29.317 31.167 32.942 34.642 36.265 37.814 39.286 40.684 40.498 36.834 33.284 29.848 26.526 23.318 20.225 17.245 14.379 11.628 8.990 6.467 5.163 5.741 6.358 7.012 7.704 8.434 9.202 10.008 10.851 11.733 12.652 13.610 13.982 13.609 13.220 12.815 12.395 11.958 11.504 11.035 10.550 10.049
7.740 6.969 6.184 5.385 5.347 5.429 5.557 5.730 5.950 6.216 6.528 6.885 7.289 7.739 8.235 8.777 9.679 10.629 11.624 12.663 13.680 14.466 15.221 15.946 16.640 17.304 17.938 18.641 20.532 22.347 24.087 25.752 27.341 28.854 30.292 31.655 32.942 34.154 35.290 35.671 32.402 29.248 26.208 23.282 20.469 17.771 15.187 12.716 10.360 8.118 5.989 4.607 5.317 6.065 6.851 7.675 8.536 9.436 10.373 11.348 12.361 13.412 14.501 15.129 14.701 14.256 13.795 13.318 12.825 12.316 11.791 11.250 10.693
5.961 5.141 4.307 3.459 3.403 3.645 3.933 4.267 4.648 5.074 5.546 6.064 6.628 7.231 7.810 8.356 9.138 9.940 10.711 11.452 12.163 12.844 13.494 14.113 14.703 15.262 15.790 16.288 17.832 19.386 20.865 22.268 23.596 24.849 26.026 27.128 28.154 29.105 29.980 30.734 27.861 25.103 22.458 19.927 17.510 15.207 13.018 10.942 8.981 7.134 5.400 4.015 4.856 5.736 6.653 7.608 8.601 9.632 10.701 11.807 12.952 14.134 15.354 16.291 15.807 15.306 14.789 14.256 13.707 13.142 12.561 11.964 11.351
4.200 3.331 2.448 1.550 1.410 1.813 2.380 3.080 3.745 4.377 4.974 5.538 6.067 6.563 7.024 7.451 8.076 8.772 9.439 10.075 10.680 11.256 11.800 12.315 12.799 13.253 13.676 14.069 15.213 16.506 17.724 18.867 19.934 20.925 21.842 22.683 23.448 24.138 24.753 25.293 23.211 20.848 18.598 16.462 14.440 12.532 10.738 9.057 7.491 6.038 4.699 3.474 4.358 5.369 6.418 7.504 8.629 9.791 10.991 12.229 13.504 14.818 16.169 17.467 16.927 16.370 15.797 15.209 14.604 13.983 13.346 12.693 12.016
3.022 2.469 1.905 1.331 1.312 1.962 2.577 3.159 3.706 4.219 4.699 5.144 5.555 5.932 6.275 6.584 7.047 7.639 8.200 8.731 9.231 9.701 10.141 10.551 10.930 11.278 11.597 11.885 12.676 13.708 14.665 15.547 16.353 17.084 17.740 18.320 18.825 19.255 19.609 19.888 18.452 16.483 14.629 12.888 11.260 9.747 8.347 7.062 5.889 4.831 3.887 3.056 3.823 4.966 6.146 7.363 8.619 9.913 11.244 12.613 14.020 15.464 16.947 18.467 18.061 17.416 16.433 15.474 14.539 13.626 12.737 11.872 11.030
3.859 3.269 2.668 2.057 1.783 2.314 2.811 3.274 3.703 4.099 4.460 4.786 5.079 5.338 5.563 5.754 6.052 6.538 6.995 7.420 7.816 8.181 8.516 8.820 9.094 9.338 9.552 9.735 10.220 10.991 11.687 12.308 12.854 13.325 13.720 14.040 14.284 14.454 14.548 14.567 13.583 12.010 10.550 9.203 7.971 6.852 5.846 4.955 4.177 3.513 2.962 2.526 3.251 4.525 5.836 7.185 8.572 9.997 11.429 12.676 13.883 15.049 16.175 17.260 16.768 15.843 14.942 14.063 13.208 12.377 11.568 10.784 10.022
4.707 4.080 3.442 2.794 2.290 2.703 3.082 3.427 3.738 4.015 4.257 4.466 4.641 4.782 4.889 4.962 5.090 5.472 5.823 6.144 6.434 6.694 6.924 7.124 7.293 7.432 7.540 7.619 7.844 8.355 8.791 9.152 9.437 9.647 9.782 9.842 9.826 9.735 9.569 9.328 8.606 7.427 6.361 5.409 4.571 3.846 3.235 2.737 2.354 2.083 1.927 1.900 2.681 4.031 5.341 6.611 7.840 9.028 10.177 11.284 12.352 13.379 14.365 15.312 15.094 14.250 13.429 12.632 11.857 11.107 10.379 9.675 8.994
5.565 4.901 4.227 3.542 2.847 3.129 3.389 3.616 3.809 3.968 4.092 4.183 4.240 4.263 4.252 4.206 4.162 4.438 4.685 4.900 5.086 5.241 5.366 5.461 5.525 5.559 5.563 5.537 5.550 5.801 5.976 6.076 6.101 6.051 5.926 5.726 5.450 5.099 4.673 4.172 3.520 2.735 2.064 1.506 1.202 1.300 1.393 1.480 1.562 1.639 1.710 1.775 2.306 3.516 4.687 5.817 6.907 7.956 8.965 9.934 10.862 11.750 12.597 13.404 13.400 12.637 11.897 11.180 10.486 9.816 9.169 8.545 7.945
6.434 5.734 5.023 4.301 3.569 3.591 3.733 3.842 3.917 3.957 3.964 3.937 3.876 3.781 3.651 3.488 3.291 3.439 3.580 3.691 3.771 3.822 3.842 3.832 3.792 3.721 3.620 3.489 3.337 3.327 3.242 3.082 2.847 2.537 2.152 1.692 1.156 0.773 0.790 0.808 0.842 0.943 1.039 1.129 1.214 1.293 1.367 1.436 1.499 1.557 1.609 1.655 1.970 3.042 4.073 5.064 6.014 6.924 7.794 8.623 9.412 10.161 10.869 11.537 11.686 11.003 10.344 9.707 9.094 8.505 7.938 7.395 6.876
7.314 6.576 5.829 5.070 4.302 4.089 4.114 4.104 4.061 3.984 3.873 3.728 3.548 3.335 3.088 2.808 2.493 2.472 2.508 2.515 2.491 2.436 2.352 2.237 2.092 1.916 1.711 1.475 1.209 0.934 0.749 0.755 0.765 0.777 0.791 0.809 0.829 0.851 0.876 0.904 0.935 1.017 1.094 1.166 1.232 1.292 1.347 1.397 1.441 1.480 1.513 1.541 1.674 2.607 3.499 4.350 5.162 5.933 6.663 7.354 8.004 8.613 9.183 9.712 9.952 9.349 8.770 8.215 7.682 7.173 6.687 6.225 5.786
8.204 7.430 6.646 5.851 5.045 4.624 4.531 4.403 4.242 4.047 3.818 3.555 3.258 2.927 2.563 2.164 1.731 1.539 1.471 1.372 1.243 1.084 0.895 0.788 0.781 0.773 0.764 0.753 0.742 0.747 0.760 0.776 0.794 0.815 0.839 0.866 0.894 0.926 0.960 0.997 1.036 1.097 1.155 1.207 1.254 1.296 1.333 1.363 1.389 1.409 1.423 1.432 1.436 2.212 2.965 3.677 4.350 4.981 5.573 6.124 6.635 7.106 7.537 7.927 8.197 7.675 7.177 6.702 6.250 5.821 5.416 5.034 4.675
9.105 8.294 7.473 6.642 5.800 5.195 4.984 4.739 4.460 4.147 3.800 3.419 3.005 2.556 2.074 1.557 1.075 0.849 0.845 0.840 0.834 0.827 0.818 0.808 0.797 0.785 0.771 0.757 0.741 0.746 0.769 0.794 0.821 0.851 0.884 0.920 0.958 0.998 1.041 1.087 1.136 1.181 1.221 1.254 1.283 1.306 1.323 1.335 1.342 1.343 1.339 1.329 1.314 1.857 2.471 3.044 3.578 4.071 4.523 4.936 5.308 5.640 5.931 6.183 6.394 5.981 5.563 5.169 4.797 4.449 4.124 3.822 3.544
10.017 9.169 8.312 7.443 6.565 5.803 5.474 5.111 4.714 4.261 3.798 3.342 2.894 2.453 2.019 1.592 1.172 0.896 0.888 0.879 0.868 0.857 0.844 0.830 0.814 0.798 0.780 0.761 0.741 0.743 0.775 0.809 0.845 0.885 0.926 0.971 1.018 1.068 1.120 1.175 1.232 1.272 1.292 1.307 1.317 1.321 1.320 1.313 1.301 1.283 1.260 1.232 1.198 1.542 2.017 2.451 2.846 3.200 3.514 3.787 4.021 4.214 4.367 4.479 4.551 4.267 3.929 3.615 3.324 3.056 2.812 2.590 2.392
10.939 10.055 9.042 8.005 6.979 6.001 5.534 5.074 4.622 4.177 3.739 3.308 2.884 2.468 2.058 1.656 1.262 0.944 0.932 0.918 0.904 0.888 0.871 0.852 0.833 0.812 0.790 0.767 0.743 0.738 0.778 0.821 0.867 0.915 0.966 1.019 1.076 1.134 1.196 1.260 1.326 1.367 1.369 1.365 1.356 1.341 1.321 1.296 1.265 1.228 1.187 1.139 1.087 1.267 1.603 1.899 2.154 2.370 2.545 2.679 2.774 2.828 2.843 2.816 2.750 2.532 2.275 2.041 1.830 1.890 2.031 2.166 2.296
10.831 9.812 8.804 7.809 6.827 5.856 5.368 4.933 4.505 4.085 3.672 3.266 2.867 2.475 2.091 1.713 1.343 0.993 0.977 0.959 0.940 0.920 0.899 0.876 0.853 0.828 0.802 0.775 0.746 0.729 0.779 0.831 0.885 0.943 1.003 1.065 1.130 1.198 1.268 1.341 1.417 1.468 1.451 1.428 1.400 1.367 1.328 1.284 1.234 1.179 1.119 1.053 0.981 1.032 1.229 1.386 1.503 1.579 1.616 1.612 1.568 1.484 1.612 1.824 2.056 2.249 2.393 2.531 2.664 2.791 2.913 3.030 3.141
10.496 9.519 8.554 7.601 6.661 5.733 5.194 4.784 4.381 3.985 3.597 3.216 2.842 2.475 2.115 1.763 1.417 1.079 1.023 1.001 0.978 0.954 0.928 0.902 0.874 0.845 0.814 0.783 0.750 0.718 0.776 0.838 0.901 0.968 1.037 1.108 1.182 1.259 1.339 1.421 1.505 1.575 1.539 1.497 1.451 1.398 1.341 1.278 1.209 1.135 1.056 0.971 0.881 0.836 0.895 1.001 1.140 1.299 1.479 1.680 1.901 2.142 2.404 2.686 2.988 3.229 3.354 3.474 3.588 3.697 3.800 3.898 3.991
10.148 9.213 8.290 7.380 6.482 5.597 5.012 4.627 4.249 3.878 3.515 3.158 2.809 2.467 2.132 1.804 1.484 1.170 1.071 1.045 1.017 0.989 0.959 0.928 0.896 0.863 0.828 0.793 0.756 0.718 0.772 0.842 0.915 0.990 1.068 1.149 1.232 1.318 1.406 1.497 1.591 1.686 1.632 1.571 1.506 1.435 1.359 1.277 1.207 1.141 1.076 1.012 0.950 0.920 1.089 1.278 1.488 1.718 1.968 2.239 2.530 2.842 3.174 3.527 3.900 4.213 4.320 4.421 4.516 4.606 4.691 4.770 4.844
9.786 8.894 8.014 7.146 6.291 5.447 4.824 4.463 4.110 3.764 3.425 3.093 2.769 2.452 2.141 1.838 1.543 1.254 1.119 1.089 1.058 1.025 0.991 0.956 0.920 0.882 0.844 0.804 0.763 0.720 0.764 0.843 0.925 1.009 1.096 1.186 1.278 1.373 1.471 1.571 1.673 1.774 1.727 1.657 1.588 1.521 1.455 1.391 1.328 1.267 1.207 1.149 1.092 1.037 1.276 1.535 1.815 2.116 2.437 2.778 3.140 3.522 3.924 4.347 4.790 5.202 5.289 5.371 5.448 5.520 5.586 5.647 5.702
9.412 8.562 7.725 6.899 6.086 5.285 4.627 4.292 3.963 3.642 3.328 3.021 2.721 2.429 2.143 1.865 1.594 1.330 1.169 1.135 1.099 1.062 1.024 0.985 0.945 0.903 0.860 0.816 0.771 0.724 0.754 0.842 0.933 1.026 1.118 1.213 1.310 1.409 1.511 1.616 1.723 1.832 1.816 1.751 1.687 1.625 1.564 1.505 1.447 1.391 1.337 1.284 1.232 1.182 1.442 1.772 2.122 2.493 2.885 3.296 3.728 4.181 4.653 5.146 5.660 6.194 6.263 6.326 6.384 6.437 6.485 6.527 6.564
9.025 8.218 7.422 6.639 5.869 5.110 4.423 4.113 3.809 3.512 3.223 2.941 2.666 2.398 2.137 1.884 1.637 1.398 1.221 1.182 1.142 1.101 1.059 1.015 0.971 0.925 0.878 0.831 0.778 0.721 0.726 0.819 0.915 1.013 1.114 1.217 1.322 1.430 1.541 1.654 1.769 1.887 1.903 1.843 1.784 1.727 1.672 1.618 1.565 1.514 1.465 1.417 1.370 1.325 1.588 1.989 2.409 2.850 3.312 3.794 4.296 4.819 5.362 5.925 6.509 7.113 7.240 7.285 7.325 7.359 7.388 7.411 7.429
