DATA/SHG/ECMWF/20170628/EN-42/20170708.en-42.asc
ncols        190
nrows        64
xllcorner    -5100000.000000000000
yllcorner    4130000.000000000000
cellsize     10000.000000000000
NODATA_value  -99999.000
[rows 32 to 63 of 64, columns 72 to 143 of 190]
9.115 8.563 8.325 8.045 7.726 7.365 6.965 6.523 6.041 5.519 4.956 4.352 3.708 3.167 3.331 3.494 3.655 3.816 3.975 4.134 4.291 4.447 4.600 4.751 4.901 5.184 5.932 6.696 7.474 8.267 9.076 9.899 10.737 11.590 12.458 13.341 14.239 14.684 14.247 13.793 13.323 12.835 12.332 11.811 11.274 10.838 10.751 10.702 10.692 11.565 13.400 15.229 17.052 18.869 20.681 22.487 24.287 26.081 27.869 29.652 31.429 32.152 32.057 31.844 31.514 31.067 30.503 29.821 29.021 28.105 27.070 25.919
11.106 10.513 10.132 9.712 9.251 8.749 8.208 7.625 7.002 6.338 5.634 4.890 4.105 3.316 3.476 3.635 3.792 3.949 4.104 4.259 4.412 4.564 4.713 4.860 5.006 5.218 6.033 6.863 7.707 8.567 9.441 10.331 11.235 12.155 13.089 14.038 15.053 15.925 15.702 15.517 15.371 15.262 15.190 15.157 15.162 15.204 15.285 15.403 15.559 16.319 18.128 19.931 21.728 23.520 25.306 27.086 28.860 30.629 32.392 34.149 35.900 36.561 35.947 35.215 34.367 33.400 32.317 31.116 29.798 28.363 26.810 25.140
13.093 12.508 11.976 11.414 10.812 10.170 9.487 8.763 7.999 7.195 6.350 5.464 4.538 3.572 3.621 3.776 3.930 4.083 4.234 4.384 4.534 4.682 4.827 4.970 5.112 5.253 6.117 7.052 8.157 9.283 10.431 11.599 12.789 14.000 15.232 16.485 17.759 18.910 18.854 18.836 18.857 18.915 19.010 19.144 19.316 19.525 19.773 20.058 20.381 21.072 22.855 24.633 26.405 28.171 29.931 31.685 33.434 35.177 36.914 38.645 40.371 41.085 39.952 38.702 37.334 35.850 34.248 32.528 30.692 28.738 26.667 24.479
15.074 14.498 13.855 13.153 12.410 11.626 10.802 9.938 9.033 8.087 7.102 6.075 5.009 3.901 3.768 3.919 4.069 4.217 4.365 4.696 5.252 5.733 6.099 6.362 6.566 6.710 7.712 8.889 10.088 11.308 12.549 13.811 15.094 16.399 17.724 19.071 20.439 21.828 21.961 22.110 22.297 22.522 22.785 23.086 23.424 23.800 24.215 24.667 25.156 25.825 27.583 29.335 31.081 32.821 34.555 36.284 38.007 39.724 41.436 43.142 44.842 45.723 44.072 42.303 40.417 38.414 36.294 34.057 31.703 29.231 26.642 23.936
17.051 16.483 15.770 14.927 14.043 13.119 12.154 11.148 10.103 9.017 7.890 6.723 5.812 5.242 5.518 6.188 6.784 7.305 7.750 8.121 8.416 8.637 8.741 8.741 8.681 8.562 9.429 10.700 11.993 13.306 14.641 15.996 17.373 18.771 20.190 21.630 23.092 24.574 25.023 25.339 25.693 26.085 26.514 26.982 27.487 28.030 28.611 29.229 29.886 30.580 32.310 34.036 35.757 37.471 39.180 40.883 42.581 44.272 45.958 47.638 49.313 50.476 48.307 46.020 43.616 41.095 38.457 35.702 32.830 29.841 26.734 23.511
19.023 18.463 17.721 16.737 15.712 14.896 14.301 13.713 13.132 12.558 11.990 11.429 10.875 10.328 10.309 10.719 11.054 11.314 11.499 11.609 11.644 11.604 11.447 11.184 10.861 10.479 11.120 12.485 13.871 15.278 16.706 18.155 19.626 21.117 22.630 24.163 25.718 27.294 28.040 28.522 29.043 29.602 30.198 30.832 31.504 32.213 32.961 33.746 34.569 35.430 37.037 38.738 40.432 42.121 43.805 45.482 47.154 48.820 50.480 52.135 53.784 55.343 52.656 49.852 46.930 43.892 40.736 37.464 34.074 30.568 26.944 23.204
22.007 21.849 21.548 20.955 20.369 19.790 19.217 18.652 18.093 17.541 16.996 16.457 15.926 15.401 15.162 15.312 15.387 15.386 15.311 15.161 14.936 14.636 14.216 13.690 13.105 12.460 12.786 14.244 15.723 17.224 18.745 20.288 21.852 23.436 25.042 26.669 28.318 29.987 31.012 31.661 32.348 33.074 33.836 34.637 35.475 36.351 37.265 38.217 39.206 40.234 41.764 43.439 45.108 46.772 48.429 50.081 51.728 53.368 55.003 56.632 58.255 59.872 57.120 53.798 50.359 46.804 43.131 39.341 35.435 31.411 27.271 23.014
26.735 26.590 26.361 25.791 25.228 24.671 24.121 23.578 23.042 22.512 21.990 21.474 20.964 20.462 20.078 19.967 19.782 19.521 19.186 18.776 18.291 17.730 17.050 16.261 15.413 14.506 14.425 15.976 17.549 19.143 20.758 22.394 24.051 25.730 27.429 29.149 30.891 32.653 33.939 34.755 35.609 36.500 37.430 38.397 39.401 40.444 41.524 42.642 43.798 44.991 46.491 48.140 49.784 51.422 53.054 54.680 56.301 57.916 59.525 61.128 62.726 64.318 61.698 57.859 53.904 49.831 45.443 40.593 35.830 31.153 26.564 22.061
31.454 31.321 31.163 30.615 30.074 29.540 29.012 28.492 27.978 27.471 26.971 26.477 25.991 25.511 25.056 24.685 24.240 23.719 23.124 22.454 21.709 20.889 19.947 18.896 17.785 16.615 16.038 17.683 19.349 21.036 22.745 24.474 26.225 27.996 29.789 31.602 33.437 35.293 36.821 37.804 38.824 39.882 40.978 42.111 43.282 44.491 45.738 47.022 48.344 49.703 51.218 52.842 54.460 56.072 57.679 59.279 60.875 62.211 62.661 63.087 63.488 63.865 60.677 55.861 51.132 46.490 41.935 37.467 33.085 28.790 24.582 20.461
36.164 36.042 35.924 35.427 34.908 34.397 33.892 33.394 32.902 32.418 31.940 31.469 31.005 30.547 30.097 29.466 28.760 27.980 27.125 26.195 25.190 24.111 22.908 21.594 20.221 18.789 17.625 19.364 21.123 22.904 24.705 26.528 28.372 30.236 32.122 34.029 35.957 37.906 39.659 40.808 41.995 43.219 44.481 45.780 47.118 48.493 49.905 51.356 52.682 53.169 53.664 54.177 54.667 55.132 55.573 55.989 56.382 56.749 57.093 57.412 57.707 57.978 55.560 51.126 46.779 42.519 38.345 34.258 30.258 26.345 22.518 18.778
40.865 40.755 40.649 40.226 39.730 39.241 38.759 38.283 37.814 37.352 36.897 36.448 36.007 35.572 35.144 34.309 33.343 32.303 31.189 29.999 28.735 27.396 25.932 24.356 22.721 21.027 19.273 21.018 22.871 24.745 26.640 28.556 30.493 32.450 34.430 36.430 38.451 40.493 42.452 43.692 44.280 44.846 45.391 45.914 46.415 46.894 47.351 47.786 48.199 48.591 48.978 49.386 49.769 50.127 50.462 50.772 51.058 51.319 51.556 51.769 51.958 52.122 50.362 46.310 42.344 38.465 34.673 30.967 27.348 23.816 20.370 17.011
45.556 45.458 45.364 45.014 44.540 44.074 43.614 43.161 42.714 42.275 41.842 41.416 40.996 40.584 40.178 39.214 37.989 36.689 35.315 33.866 32.343 30.744 29.020 27.182 25.285 23.329 21.313 22.647 24.593 26.560 28.532 30.169 31.733 33.225 34.644 35.990 37.263 38.464 39.585 40.099 40.592 41.062 41.511 41.938 42.343 42.727 43.088 43.428 43.745 44.041 44.324 44.625 44.902 45.154 45.382 45.586 45.765 45.921 46.051 46.158 46.240 46.298 45.083 41.412 37.827 34.329 30.918 27.593 24.355 21.204 18.139 15.161
50.238 50.153 50.070 49.789 49.338 48.894 48.457 48.026 47.602 47.185 46.774 46.371 45.974 45.584 45.200 44.181 42.697 41.138 39.505 37.796 36.014 34.156 31.817 29.463 27.149 24.874 22.640 23.195 24.730 26.192 27.581 28.898 30.142 31.313 32.412 33.438 34.391 35.271 36.078 36.534 36.931 37.306 37.659 37.991 38.300 38.588 38.854 39.098 39.320 39.520 39.701 39.895 40.066 40.212 40.334 40.431 40.504 40.553 40.578 40.578 40.555 40.506 39.722 36.432 33.228 30.111 27.081 24.137 21.280 18.509 15.825 13.227
54.912 54.838 54.767 54.553 54.124 53.703 53.288 52.879 52.478 52.083 51.695 51.314 50.939 50.572 50.211 48.373 45.856 43.390 40.973 38.607 36.292 34.027 31.808 29.629 27.490 25.391 23.332 23.287 24.501 25.643 26.712 27.709 28.632 29.484 30.262 30.968 31.601 32.161 32.649 32.997 33.299 33.578 33.836 34.071 34.285 34.477 34.648 34.796 34.923 35.027 35.110 35.197 35.261 35.301 35.317 35.308 35.275 35.218 35.136 35.030 34.900 34.746 34.280 31.371 28.548 25.811 23.162 20.598 18.121 15.731 13.427 11.210
59.576 59.514 59.455 59.305 58.898 58.499 58.107 57.721 56.322 54.945 53.610 52.316 51.063 49.851 48.681 47.105 44.762 42.468 40.226 38.033 35.891 33.799 31.755 29.751 27.787 25.863 23.979 23.459 24.354 25.175 25.924 26.601 27.205 27.736 28.194 28.580 28.893 29.134 29.302 29.488 29.694 29.878 30.040 30.180 30.298 30.395 30.470 30.523 30.554 30.563 30.551 30.530 30.487 30.421 30.331 30.216 30.077 29.913 29.726 29.514 29.278 29.018 28.733 26.228 23.786 21.430 19.160 16.977 14.881 12.871 10.947 9.110
64.192 62.961 61.791 60.630 59.190 57.791 56.434 55.117 53.842 52.608 51.415 50.264 49.153 48.084 47.056 45.793 43.623 41.503 39.434 37.414 35.445 33.527 31.657 29.828 28.040 26.291 24.582 23.713 24.287 24.789 25.218 25.575 25.859 26.070 26.209 26.275 26.268 26.189 26.038 26.007 26.117 26.205 26.272 26.316 26.339 26.340 26.320 26.277 26.213 26.127 26.019 25.893 25.745 25.572 25.376 25.155 24.910 24.640 24.347 24.029 23.687 23.320 22.930 21.004 18.942 16.966 15.077 13.274 11.557 9.927 8.384 6.926
60.283 59.263 58.303 57.403 56.105 54.849 53.634 52.460 51.327 50.236 49.185 48.176 47.208 46.282 45.396 44.438 42.441 40.494 38.598 36.752 34.956 33.210 31.514 29.861 28.247 26.673 25.139 24.047 24.301 24.483 24.593 24.630 24.594 24.486 24.305 24.052 23.726 23.327 22.856 22.553 22.568 22.561 22.532 22.481 22.408 22.314 22.198 22.060 21.900 21.719 21.516 21.288 21.033 20.755 20.452 20.125 19.774 19.399 18.999 18.575 18.127 17.655 17.158 15.699 14.017 12.421 10.911 9.488 8.152 6.901 5.828 5.002
56.322 55.512 54.762 54.073 52.985 51.872 50.799 49.768 48.777 47.828 46.920 46.054 45.228 44.444 43.700 42.998 41.215 39.441 37.718 36.045 34.422 32.849 31.327 29.849 28.410 27.011 25.652 24.461 24.396 24.259 24.049 23.766 23.411 22.983 22.483 21.911 21.265 20.548 19.757 19.127 19.046 18.944 18.819 18.673 18.505 18.316 18.104 17.871 17.616 17.339 17.041 16.713 16.353 15.968 15.559 15.127 14.669 14.188 13.683 13.153 12.599 12.146 12.154 11.598 10.753 9.914 9.083 8.259 7.442 6.632 5.830 5.034
52.309 51.709 51.169 50.689 49.831 48.860 47.930 47.041 46.193 45.386 44.620 43.896 43.213 42.570 41.969 41.409 39.945 38.344 36.794 35.294 33.844 32.444 31.096 29.792 28.528 27.304 26.120 24.975 24.572 24.115 23.585 22.984 22.309 21.562 20.743 19.851 18.887 17.850 16.741 15.728 15.552 15.354 15.135 14.893 14.630 14.345 14.038 13.710 13.360 12.988 12.594 12.169 11.776 11.940 12.069 12.165 12.227 12.255 12.249 12.209 12.135 12.028 11.887 11.373 10.559 9.752 8.952 8.159 7.373 6.595 5.824 5.060
48.244 47.853 47.523 47.253 46.642 45.813 45.026 44.279 43.573 42.909 42.285 41.703 41.162 40.662 40.203 39.785 38.631 37.204 35.826 34.499 33.222 31.995 30.821 29.691 28.602 27.552 26.543 25.572 24.828 24.052 23.203 22.282 21.289 20.223 19.085 17.874 16.591 15.235 13.807 12.357 12.086 11.793 11.478 11.154 11.349 11.556 11.774 12.003 12.243 12.495 12.758 12.984 13.032 13.047 13.028 12.974 12.887 12.766 12.612 12.423 12.201 11.944 11.654 11.141 10.358 9.582 8.813 8.052 7.298 6.551 5.811 5.078
44.126 43.945 43.824 43.764 43.419 42.732 42.087 41.482 40.919 40.397 39.915 39.475 39.076 38.718 38.401 38.125 37.274 36.019 34.814 33.660 32.556 31.501 30.501 29.546 28.631 27.756 26.921 26.125 25.164 24.069 22.902 21.662 20.350 18.965 17.508 16.203 14.949 13.737 12.565 11.436 11.529 11.740 11.962 12.195 12.440 12.696 12.963 13.242 13.532 13.833 14.145 14.423 14.322 14.188 14.020 13.818 13.582 13.312 13.009 12.672 12.300 11.895 11.457 10.902 10.150 9.406 8.668 7.938 7.215 6.500 5.791 5.090
39.956 39.985 40.074 40.223 40.161 39.617 39.113 38.651 38.230 37.849 37.510 37.212 36.955 36.739 36.564 36.430 35.873 34.791 33.759 32.777 31.845 30.964 30.137 29.356 28.616 27.915 27.089 26.264 25.104 23.742 22.422 21.144 19.906 18.710 17.554 16.440 15.368 14.336 13.346 12.397 12.408 12.669 12.940 13.223 13.517 13.823 14.139 14.467 14.806 15.157 15.518 15.891 15.646 15.363 15.046 14.696 14.311 13.893 13.441 12.955 12.435 11.881 11.294 10.656 9.936 9.222 8.516 7.818 7.126 6.441 5.764 5.094
35.735 35.972 36.270 36.629 36.869 36.467 36.106 35.785 35.506 35.268 35.070 34.914 34.799 34.725 34.692 34.700 34.428 33.519 32.545 31.548 30.584 29.653 28.782 27.967 27.178 26.416 25.679 24.968 24.030 22.850 21.711 20.613 19.556 18.540 17.566 16.633 15.741 14.890 14.081 13.313 13.275 13.584 13.905 14.238 14.581 14.936 15.302 15.679 16.068 16.467 16.878 17.300 17.004 16.573 16.107 15.608 15.074 14.508 13.907 13.272 12.604 11.902 11.166 10.403 9.714 9.032 8.357 7.690 7.029 6.376 5.730 5.091
31.460 31.907 32.415 32.982 33.543 33.282 33.063 32.885 32.747 32.651 32.595 32.569 32.531 32.478 32.408 32.323 32.059 31.110 30.194 29.310 28.460 27.642 26.886 26.186 25.511 24.863 24.241 23.645 22.912 21.912 20.954 20.037 19.161 18.327 17.533 16.781 16.069 15.399 14.771 14.183 14.128 14.487 14.857 15.239 15.632 16.036 16.451 16.878 17.315 17.764 18.225 18.696 18.396 17.816 17.202 16.554 15.872 15.157 14.407 13.624 12.808 11.957 11.073 10.155 9.486 8.835 8.192 7.555 6.926 6.304 5.689 5.082
27.134 27.790 28.507 29.284 30.254 30.333 30.335 30.322 30.293 30.249 30.188 30.112 30.020 29.912 29.789 29.650 29.454 28.618 27.815 27.046 26.309 25.605 24.962 24.377 23.817 23.284 22.776 22.295 21.749 20.931 20.153 19.417 18.722 18.068 17.455 16.883 16.353 15.863 15.415 15.008 14.968 15.376 15.796 16.227 16.669 17.122 17.587 18.063 18.550 19.048 19.558 20.079 19.822 19.093 18.330 17.534 16.704 15.840 14.942 14.011 13.046 12.047 11.014 9.948 9.251 8.631 8.019 7.414 6.816 6.225 5.642 5.065
24.132 25.156 26.154 27.124 28.066 28.216 28.165 28.098 28.015 27.916 27.802 27.672 27.526 27.364 27.187 26.994 26.785 26.100 25.410 24.754 24.131 23.540 23.012 22.541 22.096 21.677 21.284 20.917 20.542 19.905 19.308 18.752 18.237 17.764 17.332 16.941 16.591 16.282 16.014 15.787 15.795 16.253 16.722 17.202 17.693 18.196 18.710 19.235 19.771 20.319 20.877 21.447 21.281 20.404 19.493 18.548 17.570 16.558 15.512 14.432 13.319 12.171 10.990 9.776 9.008 8.420 7.839 7.265 6.699 6.139 5.587 5.041
22.345 23.276 24.180 25.057 25.907 26.116 26.011 25.890 25.753 25.601 25.433 25.249 25.049 24.834 24.603 24.356 24.093 23.554 22.979 22.436 21.925 21.448 21.034 20.677 20.347 20.042 19.764 19.511 19.285 18.834 18.418 18.043 17.709 17.416 17.164 16.953 16.783 16.655 16.568 16.521 16.608 17.116 17.634 18.163 18.704 19.256 19.819 20.393 20.979 21.576 22.184 22.803 22.775 21.749 20.690 19.597 18.470 17.310 16.115 14.887 13.626 12.330 11.001 9.639 8.759 8.203 7.643 7.063 6.494 5.934 5.384 4.843
20.585 21.423 22.234 23.018 23.774 24.034 23.875 23.700 23.509 23.303 23.081 22.843 22.590 22.320 22.036 21.735 21.419 20.982 20.520 20.090 19.693 19.329 19.029 18.787 18.571 18.381 18.217 18.079 17.967 17.719 17.483 17.289 17.135 17.022 16.951 16.921 16.931 16.983 17.076 17.210 17.409 17.965 18.533 19.112 19.701 20.303 20.915 21.538 22.173 22.819 23.476 24.145 24.302 23.128 21.921 20.679 19.404 18.060 16.495 14.965 13.468 12.004 10.574 9.177 8.210 7.654 7.108 6.571 6.044 5.527 5.019 4.521
18.852 19.597 20.315 21.006 21.670 21.968 21.755 21.526 21.282 21.022 20.746 20.455 20.147 19.824 19.486 19.131 18.761 18.384 18.034 17.718 17.434 17.184 16.997 16.869 16.768 16.692 16.642 16.619 16.621 16.560 16.505 16.490 16.517 16.585 16.693 16.843 17.034 17.266 17.539 17.853 18.209 18.802 19.419 20.047 20.686 21.336 21.998 22.670 23.347 23.660 23.945 24.202 24.127 22.542 20.990 19.472 17.988 16.536 15.119 13.734 12.384 11.066 9.782 8.532 7.581 7.067 6.563 6.069 5.585 5.110 4.645 4.190
17.147 17.799 18.424 19.022 19.593 19.920 19.653 19.370 19.072 18.758 18.429 18.083 17.722 17.346 16.953 16.545 16.121 15.758 15.522 15.319 15.148 15.011 14.938 14.924 14.937 14.976 15.040 15.131 15.248 15.357 15.481 15.647 15.854 16.102 16.391 16.721 17.092 17.504 17.957 18.452 18.808 19.205 19.594 19.954 20.285 20.588 20.863 21.109 21.327 21.516 21.677 21.810 21.839 20.400 18.995 17.623 16.285 14.980 13.709 12.471 11.267 10.096 8.958 7.854 6.942 6.471 6.010 5.558 5.117 4.685 4.262 3.850
15.469 16.028 16.561 17.066 17.543 17.888 17.567 17.231 16.879 16.512 16.128 15.729 15.314 14.884 14.438 13.976 13.499 13.106 12.983 12.893 12.835 12.811 12.852 12.953 13.080 13.232 13.411 13.616 13.847 14.109 14.414 14.908 15.404 15.858 16.269 16.638 16.964 17.248 17.490 17.689 17.846 18.087 18.351 18.587 18.794 18.973 19.123 19.245 19.339 19.404 19.441 19.450 19.430 18.226 16.967 15.742 14.550 13.392 12.267 11.175 10.117 9.093 8.101 7.144 6.295 5.866 5.447 5.039 4.639 4.250 3.870 3.500
13.819 14.285 14.724 15.136 15.522 15.873 15.499 15.109 14.703 14.282 13.845 13.392 12.924 12.440 11.940 11.424 10.893 10.427 10.417 10.440 10.496 10.584 10.982 11.531 12.087 12.651 13.221 13.799 14.385 14.917 15.312 15.665 15.975 16.243 16.468 16.651 16.792 16.890 16.946 16.960 16.931 17.000 17.140 17.252 17.335 17.390 17.416 17.414 17.384 17.325 17.238 17.122 16.978 16.020 14.907 13.828 12.783 11.771 10.792 9.847 8.935 8.056 7.211 6.400 5.638 5.252 4.876 4.509 4.153 3.806 3.469 3.141
