DATA/SHG/ECMWF/20170628/EN-42/20170704.en-42.asc
ncols        190
nrows        64
xllcorner    -5100000.000000000000
yllcorner    4130000.000000000000
cellsize     10000.000000000000
NODATA_value  -99999.000
[rows 0 to 32 of 64, columns 0 to 72 of 190]
2.287 2.327 2.364 2.397 2.428 2.455 2.480 2.501 2.519 2.599 2.702 2.811 2.924 3.043 3.167 3.296 3.430 3.569 3.713 3.837 3.934 3.947 3.933 3.926 3.925 3.931 3.945 3.964 3.991 4.024 4.064 4.110 4.164 4.299 4.480 4.655 4.824 4.988 5.147 5.299 5.447 5.589 5.725 5.855 5.981 6.246 6.647 7.061 7.489 7.930 8.383 8.850 9.330 9.823 10.330 10.849 11.382 11.416 10.843 10.265 9.681 9.091 8.496 7.895 7.289 6.676 6.059 5.436 4.807 4.379 4.283 4.186 4.091
2.366 2.395 2.421 2.444 2.464 2.480 2.494 2.504 2.512 2.585 2.706 2.833 3.029 3.205 3.358 3.489 3.596 3.681 3.743 3.783 3.799 3.802 3.812 3.828 3.852 3.882 3.918 3.962 4.012 4.069 4.133 4.203 4.280 4.401 4.562 4.717 4.867 5.012 5.151 5.284 5.412 5.534 5.651 5.762 5.868 6.101 6.549 7.010 7.484 7.971 8.471 8.984 9.510 10.049 10.602 11.167 11.746 11.957 11.365 10.766 10.162 9.553 8.938 8.317 7.691 7.059 6.421 5.778 5.130 4.615 4.519 4.423 4.327
2.449 2.467 2.482 2.494 2.514 2.593 2.695 2.820 2.967 3.139 3.303 3.444 3.562 3.657 3.730 3.780 3.807 3.812 3.793 3.752 3.689 3.650 3.684 3.724 3.771 3.825 3.885 3.952 4.026 4.107 4.194 4.288 4.389 4.508 4.649 4.785 4.916 5.041 5.160 5.274 5.383 5.486 5.583 5.675 5.761 5.944 6.438 6.945 7.465 7.998 8.544 9.104 9.676 10.262 10.860 11.472 12.096 12.503 11.891 11.273 10.649 10.019 9.384 8.744 8.098 7.446 6.789 6.126 5.500 4.969 4.920 4.861 4.791
2.553 2.622 2.713 2.828 2.964 3.123 3.305 3.509 3.736 3.937 4.020 4.080 4.118 4.133 4.126 4.095 4.042 3.966 3.868 3.746 3.602 3.491 3.549 3.613 3.683 3.761 3.845 3.936 4.033 4.138 4.249 4.366 4.491 4.620 4.743 4.859 4.970 5.076 5.176 5.270 5.359 5.442 5.520 5.593 5.659 5.774 6.314 6.867 7.433 8.013 8.605 9.210 9.829 10.460 11.105 11.763 12.434 13.054 12.422 11.784 11.132 10.402 9.702 9.032 8.393 7.785 7.207 6.659 6.142 5.656 5.564 5.470 5.365
2.659 2.808 2.979 3.173 3.389 3.628 3.889 4.173 4.479 4.758 4.760 4.741 4.698 4.633 4.545 4.434 4.301 4.145 3.966 3.765 3.540 3.326 3.407 3.494 3.589 3.690 3.798 3.912 4.034 4.162 4.296 4.438 4.586 4.739 4.841 4.938 5.030 5.116 5.197 5.272 5.341 5.405 5.463 5.516 5.564 5.606 6.177 6.776 7.389 8.014 8.652 9.304 9.969 10.628 11.220 11.785 12.323 12.836 12.229 11.545 10.890 10.267 9.674 9.111 8.579 8.077 7.606 7.165 6.754 6.375 6.218 6.087 5.947
2.740 2.969 3.219 3.493 3.789 4.107 4.448 4.811 5.197 5.602 5.524 5.424 5.302 5.156 4.988 4.797 4.583 4.347 4.088 3.807 3.503 3.176 3.258 3.369 3.487 3.612 3.744 3.882 4.027 4.178 4.337 4.502 4.673 4.852 4.945 5.023 5.095 5.162 5.223 5.279 5.329 5.373 5.412 5.446 5.474 5.496 6.053 6.736 7.393 8.023 8.627 9.205 9.757 10.282 10.782 11.255 11.702 12.123 11.745 11.167 10.620 10.103 9.616 9.160 8.735 8.339 7.975 7.641 7.337 7.064 6.879 6.714 6.538
2.796 3.104 3.435 3.787 4.163 4.561 4.981 5.424 5.889 6.377 6.312 6.132 5.929 5.703 5.455 5.184 4.890 4.574 4.235 3.873 3.489 3.082 3.102 3.237 3.379 3.527 3.683 3.844 4.013 4.188 4.370 4.559 4.754 4.956 5.055 5.113 5.166 5.213 5.255 5.288 5.336 5.405 5.496 5.608 5.743 5.899 6.376 6.967 7.532 8.070 8.583 9.069 9.529 9.963 10.370 10.752 11.107 11.436 11.232 10.760 10.320 9.910 9.530 9.180 8.861 8.573 8.315 8.087 7.890 7.723 7.550 7.349 7.138
2.828 3.215 3.625 4.057 4.512 4.989 5.488 6.011 6.555 7.122 7.123 6.862 6.579 6.273 5.945 5.594 5.220 4.824 4.405 3.964 3.499 3.012 2.940 3.098 3.264 3.436 3.615 3.800 3.992 4.191 4.396 4.609 4.773 4.912 4.964 4.979 5.015 5.074 5.154 5.256 5.380 5.526 5.693 5.883 6.094 6.327 6.725 7.224 7.697 8.144 8.564 8.959 9.327 9.669 9.985 10.275 10.538 10.776 10.690 10.325 9.991 9.687 9.414 9.171 8.959 8.777 8.625 8.504 8.413 8.352 8.229 7.993 7.746
2.834 3.301 3.790 4.301 4.835 5.392 5.971 6.572 7.196 7.842 7.957 7.616 7.253 6.867 6.459 6.028 5.574 5.098 4.599 4.078 3.534 2.967 2.770 2.953 3.142 3.321 3.491 3.652 3.805 3.949 4.084 4.210 4.328 4.437 4.527 4.618 4.732 4.867 5.024 5.202 5.403 5.625 5.869 6.135 6.422 6.732 7.099 7.506 7.888 8.243 8.572 8.874 9.151 9.401 9.626 9.824 9.996 10.142 10.119 9.861 9.633 9.436 9.269 9.133 9.027 8.951 8.906 8.891 8.906 8.952 8.916 8.645 8.363
2.815 3.361 3.930 4.520 5.134 5.769 6.428 7.108 7.811 8.536 8.814 8.394 7.951 7.485 6.997 6.486 5.952 5.388 4.765 4.150 3.544 2.945 2.630 2.795 2.952 3.100 3.239 3.370 3.492 3.605 3.710 3.805 3.892 3.970 4.068 4.236 4.426 4.638 4.871 5.126 5.403 5.702 6.022 6.365 6.728 7.114 7.499 7.814 8.104 8.367 8.605 8.816 9.001 9.160 9.293 9.399 9.480 9.534 9.520 9.368 9.247 9.156 9.096 9.066 9.066 9.096 9.157 9.249 9.370 9.522 9.612 9.306 8.989
2.772 3.397 4.044 4.715 5.407 6.122 6.859 7.619 8.401 9.205 9.639 8.987 8.343 7.708 7.080 6.461 5.851 5.248 4.654 4.068 3.490 2.921 2.510 2.645 2.771 2.889 2.997 3.097 3.189 3.271 3.345 3.410 3.466 3.514 3.587 3.832 4.098 4.387 4.696 5.028 5.382 5.757 6.153 6.572 7.012 7.474 7.924 8.148 8.346 8.518 8.664 8.783 8.877 8.944 8.986 9.001 8.990 8.953 8.892 8.847 8.832 8.847 8.893 8.969 9.076 9.212 9.379 9.577 9.804 10.062 10.317 9.975 9.623
2.703 3.408 4.134 4.849 5.529 6.201 6.863 7.516 8.159 8.793 9.287 8.664 8.049 7.443 6.844 6.254 5.673 5.099 4.534 3.977 3.429 2.889 2.400 2.504 2.600 2.686 2.765 2.834 2.895 2.946 2.990 3.024 3.050 3.067 3.085 3.406 3.749 4.114 4.500 4.908 5.338 5.789 6.262 6.757 7.274 7.812 8.372 8.507 8.613 8.694 8.748 8.776 8.779 8.755 8.705 8.629 8.527 8.399 8.244 8.296 8.388 8.509 8.661 8.844 9.056 9.299 9.572 9.857 10.131 10.400 10.664 10.286 9.854
2.531 3.207 3.874 4.532 5.180 5.818 6.448 7.068 7.679 8.280 8.872 8.332 7.747 7.169 6.600 6.039 5.486 4.942 4.406 3.878 3.359 2.847 2.344 2.373 2.437 2.494 2.541 2.580 2.610 2.631 2.644 2.648 2.643 2.630 2.608 2.959 3.378 3.819 4.281 4.766 5.272 5.799 6.349 6.920 7.513 8.127 8.763 8.891 8.906 8.895 8.858 8.795 8.706 8.591 8.450 8.283 8.089 7.870 7.625 7.717 7.980 8.270 8.556 8.837 9.113 9.384 9.651 9.913 10.171 10.423 10.671 10.389 9.968
2.323 2.966 3.600 4.225 4.841 5.447 6.044 6.631 7.209 7.778 8.338 7.992 7.436 6.887 6.347 5.815 5.292 4.776 4.269 3.770 3.280 2.798 2.324 2.250 2.285 2.310 2.327 2.336 2.335 2.326 2.308 2.281 2.246 2.202 2.149 2.489 2.985 3.502 4.041 4.602 5.184 5.788 6.413 7.061 7.730 8.420 9.132 9.301 9.225 9.123 8.994 8.840 8.660 8.486 8.322 8.164 8.012 7.866 7.727 7.877 8.156 8.429 8.699 8.963 9.223 9.478 9.728 9.974 10.215 10.451 10.682 10.491 10.080
2.124 2.735 3.337 3.929 4.512 5.085 5.650 6.205 6.750 7.287 7.814 7.644 7.117 6.597 6.086 5.583 5.089 4.602 4.124 3.654 3.193 2.739 2.294 2.137 2.141 2.136 2.123 2.100 2.069 2.030 1.981 1.924 1.859 1.784 1.701 1.998 2.570 3.164 3.779 4.416 5.074 5.754 6.456 7.179 7.924 8.691 9.421 9.618 9.439 9.267 9.100 8.939 8.784 8.635 8.492 8.355 8.223 8.098 7.979 8.073 8.335 8.593 8.845 9.093 9.337 9.575 9.809 10.039 10.263 10.483 10.698 10.589 10.188
1.937 2.515 3.084 3.643 4.194 4.735 5.266 5.789 6.302 6.806 7.300 7.288 6.789 6.299 5.817 5.343 4.877 4.420 3.971 3.530 3.097 2.673 2.257 2.034 2.007 1.972 1.928 1.875 1.813 1.743 1.664 1.577 1.480 1.375 1.262 1.486 2.134 2.803 3.513 4.329 5.121 5.887 6.629 7.347 8.040 8.709 9.353 9.635 9.477 9.325 9.179 9.039 8.905 8.777 8.655 8.539 8.428 8.324 8.226 8.274 8.519 8.760 8.997 9.228 9.455 9.677 9.895 10.108 10.316 10.519 10.718 10.684 10.294
1.759 2.305 2.841 3.368 3.886 4.394 4.894 5.383 5.864 6.335 6.797 6.923 6.454 5.992 5.539 5.094 4.657 4.229 3.809 3.397 2.993 2.597 2.210 1.940 1.882 1.816 1.742 1.659 1.567 1.466 1.357 1.289 1.344 1.413 1.497 1.820 2.623 3.402 4.157 4.887 5.592 6.273 6.929 7.561 8.168 8.751 9.309 9.646 9.509 9.378 9.253 9.133 9.020 8.913 8.812 8.717 8.627 8.544 8.467 8.478 8.708 8.932 9.152 9.367 9.578 9.784 9.985 10.181 10.373 10.560 10.742 10.777 10.397
1.592 2.105 2.609 3.103 3.589 4.065 4.531 4.989 5.437 5.876 6.305 6.551 6.110 5.677 5.253 4.837 4.429 4.030 3.638 3.255 2.880 2.514 2.155 1.855 1.806 1.810 1.829 1.862 1.909 1.971 2.048 2.138 2.244 2.363 2.498 2.745 3.462 4.155 4.824 5.468 6.087 6.682 7.253 7.799 8.320 8.817 9.289 9.651 9.535 9.424 9.320 9.222 9.130 9.043 8.963 8.888 8.820 8.758 8.701 8.687 8.900 9.108 9.312 9.511 9.705 9.894 10.079 10.259 10.434 10.605 10.771 10.867 10.497
1.435 1.916 2.387 2.849 3.302 3.745 4.180 4.605 5.020 5.426 5.824 6.169 5.758 5.354 4.959 4.571 4.193 3.844 3.527 3.229 2.951 2.693 2.454 2.245 2.285 2.340 2.409 2.493 2.591 2.703 2.830 2.971 3.127 3.298 3.482 3.693 4.325 4.932 5.515 6.073 6.607 7.116 7.601 8.061 8.496 8.908 9.294 9.650 9.555 9.465 9.382 9.304 9.233 9.167 9.108 9.054 9.007 8.965 8.929 8.900 9.097 9.289 9.476 9.658 9.836 10.009 10.177 10.341 10.500 10.654 10.804 10.949 10.594
1.289 1.737 2.176 2.605 3.026 3.437 3.838 4.231 4.614 4.988 5.355 5.709 5.413 5.066 4.739 4.431 4.143 3.875 3.627 3.398 3.189 3.000 2.831 2.681 2.748 2.853 2.973 3.107 3.256 3.419 3.596 3.788 3.995 4.215 4.451 4.700 5.211 5.733 6.230 6.702 7.150 7.573 7.972 8.347 8.697 9.023 9.324 9.600 9.568 9.500 9.437 9.381 9.330 9.285 9.247 9.214 9.187 9.166 9.152 9.143 9.298 9.473 9.644 9.810 9.971 10.128 10.280 10.428 10.570 10.708 10.842 10.970 10.688
1.153 1.568 1.975 2.395 2.800 3.191 3.567 3.928 4.275 4.606 4.923 5.226 5.076 4.799 4.541 4.302 4.084 3.885 3.706 3.546 3.407 3.287 3.186 3.106 3.195 3.351 3.522 3.706 3.905 4.119 4.347 4.589 4.846 5.117 5.403 5.703 6.121 6.557 6.968 7.355 7.717 8.055 8.368 8.657 8.922 9.162 9.378 9.569 9.576 9.529 9.487 9.451 9.421 9.397 9.380 9.368 9.362 9.362 9.368 9.380 9.503 9.662 9.816 9.966 10.111 10.252 10.387 10.494 10.565 10.645 10.734 10.832 10.682
1.191 1.589 1.972 2.341 2.695 3.034 3.358 3.667 3.962 4.242 4.508 4.758 4.719 4.511 4.322 4.153 4.003 3.874 3.764 3.673 3.603 3.552 3.521 3.509 3.627 3.833 4.054 4.289 4.539 4.803 5.081 5.374 5.681 6.003 6.339 6.689 7.055 7.405 7.730 8.032 8.308 8.561 8.789 8.992 9.171 9.326 9.456 9.561 9.578 9.552 9.531 9.516 9.507 9.504 9.506 9.515 9.530 9.551 9.578 9.610 9.656 9.697 9.747 9.805 9.872 9.948 10.033 10.126 10.228 10.339 10.459 10.587 10.603
1.308 1.655 1.986 2.303 2.605 2.893 3.165 3.423 3.666 3.895 4.109 4.307 4.341 4.202 4.082 3.982 3.902 3.841 3.800 3.779 3.778 3.796 3.834 3.891 4.043 4.300 4.571 4.856 5.156 5.471 5.799 6.142 6.500 6.872 7.258 7.659 8.012 8.277 8.517 8.732 8.923 9.090 9.233 9.351 9.444 9.513 9.558 9.578 9.574 9.568 9.568 9.574 9.586 9.530 9.435 9.348 9.267 9.194 9.127 9.067 9.067 9.139 9.219 9.308 9.406 9.512 9.627 9.751 9.884 10.025 10.175 10.334 10.476
1.442 1.736 2.016 2.281 2.532 2.768 2.989 3.195 3.387 3.564 3.726 3.873 3.943 3.872 3.822 3.791 3.780 3.788 3.816 3.864 3.932 4.019 4.126 4.252 4.443 4.750 5.072 5.407 5.758 6.123 6.502 6.895 7.303 7.725 8.162 8.613 8.993 9.172 9.326 9.457 9.562 9.644 9.701 9.733 9.741 9.725 9.576 9.391 9.232 9.127 9.029 8.939 8.855 8.778 8.707 8.644 8.588 8.538 8.496 8.460 8.470 8.573 8.683 8.803 8.931 9.068 9.214 9.368 9.531 9.703 9.884 10.073 10.301
1.591 1.834 2.062 2.276 2.475 2.659 2.828 2.983 3.123 3.249 3.359 3.455 3.523 3.522 3.541 3.579 3.637 3.714 3.811 3.928 4.064 4.221 4.396 4.592 4.827 5.185 5.557 5.943 6.343 6.759 7.188 7.632 8.090 8.562 9.049 9.551 9.997 10.091 10.160 9.991 9.794 9.601 9.411 9.225 9.041 8.861 8.683 8.509 8.353 8.273 8.199 8.132 8.073 8.020 7.974 7.935 7.902 7.877 7.859 7.847 7.866 7.999 8.140 8.290 8.449 8.616 8.792 8.977 9.171 9.373 9.584 9.804 10.079
1.760 1.948 2.124 2.286 2.434 2.566 2.684 2.788 2.876 2.950 3.009 3.054 3.084 3.151 3.239 3.346 3.473 3.619 3.785 3.971 4.176 4.401 4.646 4.910 5.196 5.603 6.026 6.462 6.913 7.379 7.858 8.348 8.624 8.887 9.138 9.376 9.592 9.397 9.206 9.018 8.833 8.651 8.472 8.296 8.124 7.955 7.788 7.625 7.469 7.412 7.363 7.321 7.285 7.256 7.234 7.219 7.211 7.210 7.216 7.228 7.254 7.417 7.589 7.770 7.959 8.157 8.363 8.579 8.803 9.035 9.277 9.527 9.809
1.973 2.077 2.202 2.313 2.409 2.490 2.556 2.608 2.645 2.668 2.676 2.669 2.647 2.760 2.916 3.092 3.288 3.503 3.738 3.993 4.267 4.561 4.874 5.208 5.540 5.848 6.155 6.450 6.732 7.002 7.259 7.504 7.736 7.956 8.164 8.359 8.541 8.401 8.221 8.043 7.869 7.699 7.531 7.366 7.205 7.046 6.891 6.739 6.590 6.547 6.521 6.503 6.491 6.487 6.489 6.498 6.514 6.537 6.567 6.603 6.647 6.828 7.030 7.241 7.461 7.689 7.926 8.172 8.427 8.690 8.962 9.242 9.531
2.177 2.223 2.296 2.356 2.400 2.430 2.445 2.445 2.431 2.402 2.358 2.300 2.227 2.348 2.573 2.818 3.083 3.378 3.688 3.974 4.236 4.473 4.686 4.875 5.039 5.278 5.541 5.793 6.032 6.258 6.472 6.673 6.863 7.039 7.203 7.355 7.495 7.402 7.233 7.067 6.904 6.744 6.588 6.434 6.284 6.137 5.992 5.851 5.714 5.675 5.674 5.680 5.692 5.712 5.738 5.771 5.811 5.858 5.912 5.973 6.041 6.231 6.464 6.705 6.955 7.214 7.482 7.758 8.043 8.336 8.638 8.949 9.269
2.370 2.384 2.407 2.414 2.407 2.385 2.349 2.298 2.232 2.152 2.123 2.154 2.167 2.354 2.677 2.975 3.249 3.499 3.724 3.925 4.101 4.253 4.381 4.484 4.563 4.721 4.942 5.150 5.345 5.528 5.699 5.857 6.003 6.136 6.257 6.366 6.462 6.402 6.244 6.089 5.937 5.788 5.643 5.500 5.361 5.225 5.092 4.962 4.835 4.798 4.821 4.851 4.887 4.931 4.981 5.039 5.103 5.174 5.252 5.337 5.428 5.627 5.890 6.162 6.442 6.731 7.029 7.336 7.651 7.975 8.307 8.649 8.999
2.552 2.562 2.532 2.583 2.674 2.747 2.803 2.842 2.864 2.868 2.855 2.825 2.777 2.842 3.079 3.292 3.481 3.645 3.785 3.901 3.992 4.059 4.102 4.120 4.114 4.178 4.355 4.520 4.672 4.812 4.940 5.055 5.157 5.248 5.325 5.391 5.443 5.400 5.253 5.109 4.968 4.831 4.696 4.565 4.436 4.311 4.189 4.070 3.954 3.915 3.962 4.016 4.077 4.144 4.219 4.300 4.389 4.484 4.586 4.694 4.810 5.014 5.308 5.610 5.921 6.241 6.569 6.906 7.241 7.553 7.847 8.125 8.386
3.536 3.645 3.710 3.757 3.787 3.800 3.795 3.773 3.734 3.678 3.605 3.514 3.406 3.355 3.507 3.635 3.738 3.817 3.872 3.903 3.909 3.891 3.848 3.782 3.691 3.649 3.783 3.905 4.014 4.110 4.194 4.266 4.326 4.373 4.407 4.429 4.439 4.396 4.260 4.127 3.997 3.871 3.747 3.627 3.510 3.396 3.285 3.177 3.072 3.026 3.098 3.176 3.260 3.352 3.451 3.556 3.668 3.788 3.913 4.046 4.186 4.426 4.795 5.148 5.485 5.805 6.108 6.395 6.665 6.918 7.155 7.375 7.579
4.945 4.958 4.962 4.948 4.918 4.870 4.805 4.722 4.623 4.506 4.372 4.220 4.052 3.893 3.960 4.002 4.021 4.015 3.985 3.930 3.852 3.749 3.621 3.470 3.294 3.134 3.224 3.303 3.368 3.422 3.463 3.492 3.508 3.512 3.503 3.482 3.449 3.390 3.265 3.144 3.025 2.909 2.797 2.687 2.581 2.478 2.378 2.281 2.187 2.132 2.227 2.330 2.438 2.554 2.793 3.090 3.356 3.591 3.795 3.967 4.108 4.269 4.581 4.876 5.155 5.418 5.663 5.892 6.105 6.301 6.480 6.643 6.789
6.385 6.293 6.231 6.157 6.065 5.957 5.831 5.688 5.528 5.351 5.156 4.945 4.715 4.469 4.438 4.396 4.329 4.238 4.123 3.984 3.820 3.632 3.420 3.184 2.923 2.638 2.679 2.714 2.737 2.747 2.745 2.731 2.704 2.664 2.613 2.549 2.472 2.383 2.269 2.158 2.050 1.946 1.844 1.746 1.651 1.559 1.470 1.607 1.825 2.029 2.374 2.688 2.970 3.221 3.441 3.629 3.787 3.912 4.007 4.070 4.102 4.128 4.383 4.621 4.842 5.047 5.235 5.406 5.561 5.700 5.821 5.927 6.015
