DATA/SHG/ECMWF/20170628/EN-42/20170707.en-42.asc
ncols        190
nrows        64
xllcorner    -5100000.000000000000
yllcorner    4130000.000000000000
cellsize     10000.000000000000
NODATA_value  -99999.000
[rows 32 to 63 of 64, columns 73 to 145 of 190]
1.521 1.526 1.539 1.559 1.587 1.622 1.664 1.714 1.771 1.836 1.908 1.988 2.089 2.264 2.441 2.619 2.798 2.979 3.161 3.344 3.528 3.711 3.893 4.076 4.395 5.178 5.962 6.748 7.535 8.325 9.116 9.909 10.704 11.501 12.299 13.100 13.365 12.619 11.864 11.099 10.326 9.544 8.753 7.953 7.393 7.581 7.841 8.174 9.538 11.933 14.235 16.443 18.557 20.578 22.504 24.337 26.076 27.721 29.272 30.730 32.867 35.376 37.706 39.857 41.829 43.621 45.235 46.669 47.925 49.002 49.899 50.617 50.239
1.362 1.393 1.431 1.477 1.531 1.592 1.660 1.736 1.819 1.909 2.007 2.113 2.228 2.408 2.589 2.771 2.955 3.140 3.326 3.514 3.703 3.891 4.078 4.265 4.514 5.305 6.097 6.891 7.687 8.485 9.284 10.086 10.889 11.694 12.500 13.445 14.524 14.451 14.450 14.522 14.667 14.884 15.174 15.536 15.971 16.479 17.060 17.713 18.894 20.874 22.761 24.554 26.253 27.858 29.370 30.787 32.111 33.342 34.478 35.521 36.912 38.630 40.169 41.530 42.711 43.713 44.537 45.182 45.647 45.934 46.041 45.970 45.632
1.222 1.253 1.317 1.389 1.468 1.555 1.649 1.750 1.859 1.975 2.099 2.230 2.369 2.549 2.735 2.922 3.110 3.300 3.491 3.683 3.877 4.069 4.260 4.452 4.646 5.430 6.292 7.428 8.630 9.897 11.231 12.630 14.095 15.626 17.223 18.886 20.451 20.698 21.018 21.410 21.875 22.413 23.023 23.706 24.461 25.289 26.190 27.163 28.338 29.903 31.374 32.752 34.036 35.227 36.323 37.326 38.236 39.052 39.774 40.402 41.134 42.062 42.811 43.382 43.773 43.986 44.020 43.875 43.551 43.048 42.367 41.507 40.956
1.078 1.106 1.196 1.293 1.398 1.511 1.631 1.758 1.892 2.035 2.184 2.341 2.505 2.690 2.880 3.072 3.264 3.459 3.785 4.302 4.809 5.272 5.690 6.102 6.505 7.672 9.033 10.461 11.954 13.512 15.137 16.827 18.584 20.406 22.293 24.247 26.266 26.859 27.499 28.212 28.997 29.854 30.785 31.788 32.863 34.011 35.232 36.525 37.868 39.018 40.075 41.038 41.908 42.683 43.366 43.954 44.449 44.851 45.159 45.373 45.534 45.672 45.632 45.413 45.015 44.438 43.683 42.749 41.636 40.345 38.875 37.226 36.210
0.928 0.952 1.068 1.191 1.322 1.460 1.606 1.759 1.919 2.087 2.262 2.608 3.157 3.701 4.232 4.754 5.266 5.769 6.263 6.747 7.222 7.651 8.037 8.415 8.786 10.045 11.698 13.416 15.200 17.050 18.965 20.947 22.994 25.107 27.285 29.530 31.840 32.933 33.893 34.926 36.031 37.209 38.459 39.781 41.177 42.644 44.185 45.797 47.483 48.220 48.863 49.412 49.867 50.228 50.496 50.671 50.752 50.739 50.633 50.433 50.111 49.460 48.631 47.623 46.436 45.071 43.527 41.804 39.903 37.823 35.565 33.128 31.395
0.773 0.792 0.933 1.082 1.421 1.933 2.455 2.988 3.531 4.083 4.646 5.219 5.802 6.348 6.847 7.336 7.815 8.285 8.746 9.198 9.640 10.036 10.389 10.734 11.072 12.341 14.285 16.294 18.369 20.510 22.716 24.988 27.326 29.729 32.198 34.733 37.334 38.920 40.200 41.553 42.978 44.475 46.045 47.688 49.402 51.190 53.049 54.982 56.986 57.510 57.738 57.873 57.914 57.861 57.716 57.476 57.143 56.717 56.197 55.584 54.865 53.426 51.808 50.011 48.036 45.882 43.550 41.040 38.351 35.483 32.437 29.213 26.511
1.848 2.195 2.712 3.239 3.776 4.323 4.880 5.447 6.025 6.612 7.209 7.817 8.435 9.001 9.466 9.922 10.369 10.807 11.235 11.654 12.063 12.427 12.746 13.059 13.363 14.561 16.795 19.095 21.460 23.892 26.389 28.951 31.579 34.273 37.033 39.858 42.749 44.822 46.421 48.093 49.838 51.655 53.544 55.506 57.540 59.647 61.826 64.077 66.401 66.886 66.700 66.421 66.049 65.583 65.023 64.370 63.624 62.784 61.851 60.824 59.704 57.569 55.163 52.578 49.815 46.874 43.754 40.456 36.980 33.325 29.492 25.480 21.557
4.113 4.434 4.985 5.547 6.119 6.700 7.292 7.894 8.506 9.128 9.760 10.402 11.055 11.658 12.091 12.514 12.928 13.333 13.729 14.115 14.491 14.822 15.109 15.388 15.660 16.703 19.228 21.819 24.475 27.196 29.984 32.837 35.755 38.739 41.789 44.905 48.086 50.637 52.556 54.547 56.611 58.747 60.956 63.237 65.591 68.016 70.514 73.085 75.728 76.349 75.750 75.057 74.271 73.392 72.419 71.353 70.193 68.940 67.594 66.154 64.621 61.889 58.695 55.323 51.773 47.965 43.910 39.862 35.821 31.787 27.761 23.742 19.730
6.375 6.660 7.246 7.843 8.449 9.065 9.692 10.328 10.975 11.632 12.298 12.975 13.662 14.321 14.721 15.112 15.493 15.865 16.228 16.581 16.925 17.223 17.477 17.723 17.962 18.769 21.585 24.465 27.412 30.424 33.501 36.644 39.853 43.127 46.467 49.872 53.343 56.365 58.604 60.915 63.298 65.753 68.281 70.881 73.553 76.298 79.115 82.004 84.966 85.900 84.887 83.781 82.582 81.289 79.903 78.424 76.593 73.903 71.320 68.846 66.478 62.990 58.936 54.890 50.851 46.820 42.795 38.778 34.769 30.766 26.771 22.784 18.803
8.634 8.898 9.495 10.126 10.767 11.418 12.079 12.750 13.431 14.123 14.824 15.536 16.257 16.988 17.356 17.714 18.063 18.402 18.732 19.053 19.364 19.630 19.851 20.064 20.270 20.759 23.864 27.035 30.272 33.574 36.941 40.374 43.873 47.437 51.067 54.762 58.523 62.008 64.566 67.195 69.898 72.672 75.519 78.437 81.429 84.492 87.628 90.539 91.935 91.515 88.546 85.685 82.931 80.285 77.746 75.315 72.991 70.775 68.667 66.666 64.772 61.714 57.691 53.676 49.669 45.668 41.675 37.690 33.711 29.740 25.776 21.820 17.871
10.891 11.153 11.731 12.397 13.072 13.758 14.454 15.160 15.875 16.601 17.337 18.083 18.840 19.606 19.996 20.322 20.638 20.944 21.242 21.530 21.809 22.041 22.229 22.410 22.583 22.749 26.067 29.528 33.055 36.646 40.304 44.027 47.815 51.669 55.588 59.573 63.624 67.565 70.289 71.717 73.139 74.554 75.962 77.363 78.758 80.146 81.526 82.900 84.267 84.490 81.995 79.608 77.328 75.156 73.091 71.133 69.283 67.541 65.906 64.379 62.959 60.433 56.442 52.458 48.481 44.512 40.550 36.596 32.649 28.709 24.776 20.851 16.933
13.146 13.407 13.955 14.655 15.366 16.086 16.816 17.557 18.307 19.068 19.838 20.619 21.410 22.210 22.642 22.934 23.218 23.492 23.757 24.012 24.259 24.458 24.614 24.761 24.902 25.034 28.194 31.944 35.761 39.609 42.794 45.852 48.783 51.586 54.262 56.811 59.233 61.518 62.925 64.325 65.718 67.104 68.483 69.856 71.222 72.580 73.933 75.278 76.616 77.360 75.339 73.426 71.620 69.921 68.330 66.846 65.469 64.200 63.039 61.984 61.038 59.146 55.186 51.234 47.289 43.351 39.420 35.497 31.581 27.672 23.771 19.876 15.990
15.397 15.657 16.167 16.902 17.646 18.401 19.166 19.941 20.726 21.521 22.326 23.142 23.967 24.802 25.292 25.553 25.803 26.045 26.277 26.500 26.714 26.537 26.342 26.164 26.004 25.861 28.088 31.094 33.974 36.726 39.352 41.850 44.221 46.464 48.581 50.570 52.433 54.168 55.577 56.948 58.312 59.670 61.020 62.364 63.701 65.031 66.355 67.671 68.981 70.127 68.579 67.139 65.806 64.581 63.463 62.452 61.549 60.753 60.064 59.483 59.009 57.855 53.926 50.005 46.091 42.184 38.285 34.392 30.508 26.630 22.760 18.897 15.041
17.647 17.905 18.366 19.136 19.915 20.704 21.504 22.313 23.133 23.963 24.802 25.652 26.512 27.382 27.435 27.145 26.878 26.632 26.409 26.208 26.029 25.883 25.765 25.665 25.583 25.518 27.028 29.475 31.795 33.988 36.053 37.992 39.803 41.488 43.045 44.475 45.778 46.954 48.245 49.587 50.923 52.252 53.574 54.889 56.197 57.498 58.793 60.081 61.362 62.636 61.715 60.748 59.888 59.136 58.491 57.953 57.523 57.199 56.984 56.875 56.874 56.558 52.661 48.771 44.888 41.012 37.144 33.283 29.429 25.583 21.744 17.912 14.087
19.893 20.151 20.553 21.357 22.171 22.995 23.829 24.159 24.480 24.801 25.123 25.446 25.770 26.094 26.223 26.010 25.820 25.651 25.505 25.381 25.279 25.210 25.169 25.147 25.142 25.155 26.111 27.999 29.759 31.393 32.899 34.278 35.531 36.656 37.654 38.526 39.270 39.887 40.929 42.242 43.549 44.849 46.142 47.429 48.708 49.981 51.247 52.506 53.759 55.004 54.746 54.252 53.865 53.586 53.413 53.348 53.390 53.540 53.796 54.160 54.631 55.209 51.390 47.531 43.680 39.835 35.998 32.168 28.345 24.530 20.722 16.921 13.128
21.617 21.375 21.214 21.534 21.855 22.176 22.498 22.821 23.145 23.469 23.794 24.119 24.445 24.772 24.992 24.856 24.742 24.651 24.581 24.534 24.509 24.517 24.555 24.610 24.683 24.773 25.337 26.665 27.867 28.941 29.888 30.709 31.403 31.969 32.409 32.722 32.907 32.966 33.628 34.913 36.191 37.463 38.727 39.985 41.236 42.480 43.717 44.948 46.172 47.388 47.673 47.652 47.737 47.930 48.230 48.638 49.152 49.773 50.502 51.338 52.281 53.331 50.115 46.287 42.466 38.653 34.847 31.048 27.257 23.472 19.695 15.926 12.163
20.302 20.079 19.863 20.186 20.510 20.834 21.159 21.484 21.810 22.137 22.464 22.793 23.121 23.451 23.743 23.684 23.647 23.632 23.639 23.669 23.720 23.806 23.921 24.053 24.204 24.372 24.705 25.474 26.117 26.633 27.022 27.284 27.419 27.427 27.308 27.063 26.691 26.191 26.343 27.600 28.849 30.092 31.328 32.557 33.779 34.995 36.203 37.405 38.600 39.788 40.496 40.947 41.505 42.170 42.942 43.821 44.808 45.901 47.102 48.409 49.824 51.346 48.834 45.037 41.248 37.465 33.690 29.923 26.162 22.388 18.617 14.920 11.297
18.983 18.780 18.582 18.839 19.166 19.492 19.820 20.148 20.477 20.806 21.136 21.467 21.799 22.131 22.463 22.492 22.532 22.594 22.678 22.784 22.913 23.075 23.268 23.478 23.706 23.951 24.215 24.426 24.510 24.468 24.298 24.002 23.579 23.029 22.353 21.549 20.619 19.562 19.074 20.302 21.523 22.737 23.944 25.144 26.338 27.525 28.705 29.878 31.045 32.204 33.215 34.138 35.168 36.305 37.549 38.900 40.358 41.923 43.595 45.374 47.217 48.893 46.868 42.902 39.010 35.192 31.449 27.780 24.186 20.667 17.222 13.851 10.555
17.661 17.477 17.298 17.494 17.822 18.152 18.482 18.813 19.144 19.476 19.809 20.142 20.476 20.811 21.147 21.282 21.399 21.537 21.698 21.881 22.086 22.325 22.596 22.883 23.189 23.511 23.852 23.520 23.046 22.445 21.718 20.864 19.883 18.776 17.542 16.181 14.693 13.079 11.821 13.020 14.212 15.397 16.576 17.748 18.913 20.071 21.222 22.367 23.505 24.636 25.829 27.289 29.278 31.199 33.052 34.838 36.556 38.206 39.789 41.304 42.752 44.131 42.789 39.150 35.584 32.093 28.677 25.334 22.067 18.874 15.755 12.710 9.741
16.335 16.170 16.011 16.149 16.480 16.812 17.145 17.478 17.812 18.147 18.482 18.819 19.155 19.493 19.831 20.053 20.246 20.462 20.699 20.959 21.240 21.557 21.904 22.270 22.652 23.053 23.470 22.756 21.724 20.566 19.281 17.870 16.331 14.667 12.875 10.957 8.912 6.741 4.583 5.753 6.917 8.073 9.243 11.178 13.080 14.947 16.781 18.581 20.347 22.080 23.805 25.564 27.256 28.881 30.438 31.927 33.349 34.703 35.990 37.209 38.360 39.444 38.640 35.327 32.088 28.923 25.833 22.817 19.876 17.009 14.216 11.498 8.854
15.006 14.860 14.719 14.805 15.139 15.473 15.809 16.145 16.481 16.819 17.157 17.496 17.835 18.175 18.516 18.806 19.075 19.367 19.681 20.017 20.376 20.769 21.194 21.637 22.097 22.575 23.070 22.134 20.545 18.830 16.987 15.019 12.923 10.701 8.860 7.076 5.323 3.601 1.910 3.536 5.425 7.279 9.100 10.888 12.641 14.361 16.047 17.699 19.317 20.902 22.448 23.912 25.308 26.636 27.897 29.090 30.216 31.274 32.264 33.187 34.043 34.831 34.421 31.434 28.521 25.683 22.919 20.229 17.613 15.072 12.606 10.214 7.896
13.673 13.546 13.425 13.461 13.798 14.135 14.473 14.812 15.151 15.491 15.832 16.173 16.515 16.858 17.202 17.539 17.886 18.254 18.645 19.057 19.492 19.963 20.465 20.985 21.522 22.040 22.533 21.587 19.722 17.888 16.084 14.312 12.571 10.861 9.182 7.534 5.916 4.330 2.775 3.873 5.614 7.321 8.994 10.633 12.239 13.811 15.349 16.853 18.323 19.760 21.163 22.332 23.431 24.464 25.428 26.326 27.155 27.918 28.612 29.239 29.799 30.291 30.132 27.471 24.884 22.371 19.933 17.569 15.280 13.065 10.924 8.857 6.865
12.336 12.229 12.127 12.119 12.458 12.798 13.139 13.480 13.822 14.165 14.508 14.852 15.197 15.542 15.888 16.254 16.677 17.221 17.795 18.342 18.861 19.360 19.844 20.306 20.746 21.163 21.559 20.924 19.195 17.497 15.829 14.193 12.588 11.013 9.470 7.958 6.476 5.026 3.607 4.246 5.839 7.398 8.923 10.415 11.873 13.297 14.687 16.043 17.366 18.655 19.910 20.824 21.628 22.364 23.033 23.634 24.168 24.635 25.034 25.365 25.629 25.826 25.772 23.437 21.176 18.989 16.877 14.839 12.875 10.985 9.170 7.429 5.762
10.996 10.908 10.825 10.777 11.119 11.462 11.805 12.149 12.494 12.839 13.287 13.803 14.343 14.908 15.498 16.098 16.632 17.139 17.618 18.069 18.492 18.895 19.283 19.648 19.991 20.312 20.612 20.228 18.634 17.072 15.540 14.040 12.570 11.132 9.724 8.348 7.002 5.687 4.404 4.655 6.100 7.511 8.889 10.232 11.542 12.819 14.061 15.270 16.445 17.587 18.694 19.388 19.896 20.337 20.710 21.016 21.254 21.425 21.528 21.564 21.533 21.434 21.268 19.333 17.398 15.537 13.750 12.037 10.399 8.835 7.345 5.929 4.588
9.652 9.583 9.519 9.507 9.911 10.364 10.842 11.345 11.872 12.423 12.999 13.600 14.225 14.875 15.549 16.233 16.672 17.083 17.466 17.821 18.149 18.456 18.747 19.016 19.262 19.487 19.689 19.498 18.040 16.614 15.218 13.853 12.519 11.216 9.945 8.704 7.494 6.315 5.167 5.100 6.397 7.660 8.890 10.086 11.248 12.377 13.472 14.533 15.561 16.555 17.515 18.025 18.237 18.382 18.460 18.470 18.413 18.288 18.096 17.837 17.510 17.116 16.654 15.159 13.549 12.013 10.552 9.165 7.852 6.613 5.448 4.358 3.341
8.674 8.678 8.679 8.676 9.092 9.630 10.193 10.780 11.392 12.028 12.689 13.375 14.085 14.819 15.578 16.362 16.736 17.051 17.339 17.599 17.831 18.042 18.237 18.409 18.559 18.687 18.793 18.735 17.413 16.122 14.862 13.633 12.434 11.267 10.131 9.026 7.951 6.908 5.896 5.580 6.729 7.845 8.927 9.976 10.990 11.972 12.919 13.833 14.713 15.559 16.372 16.733 16.650 16.500 16.282 15.997 15.645 15.225 14.738 14.183 13.561 12.872 12.115 10.915 9.630 8.420 7.283 6.221 5.233 4.320 3.480 2.714 2.023
7.876 7.870 7.861 7.849 8.250 8.873 9.521 10.193 10.890 11.611 12.357 13.127 13.922 14.741 15.585 16.453 16.825 17.045 17.237 17.402 17.539 17.654 17.751 17.827 17.881 17.912 17.922 17.910 16.752 15.597 14.472 13.379 12.316 11.284 10.284 9.314 8.375 7.467 6.590 6.095 7.097 8.065 9.000 9.901 10.768 11.602 12.402 13.168 13.901 14.600 15.265 15.514 15.135 14.690 14.177 13.597 12.949 12.234 11.452 10.602 9.685 8.701 7.649 6.600 5.640 4.856 4.395 3.944 3.502 3.070 2.649 2.237 1.835
7.082 7.066 7.047 7.026 7.387 8.095 8.827 9.584 10.365 11.171 12.002 12.857 13.736 14.640 15.568 16.521 16.939 17.064 17.161 17.230 17.271 17.290 17.292 17.271 17.228 17.163 17.077 16.968 16.058 15.038 14.049 13.091 12.164 11.268 10.403 9.568 8.765 7.992 7.251 6.646 7.501 8.322 9.109 9.862 10.582 11.269 11.921 12.540 13.126 13.677 14.195 14.366 13.693 12.952 12.144 11.269 10.354 9.593 8.849 8.121 7.410 6.715 6.037 5.482 5.044 4.616 4.198 3.790 3.392 3.004 2.626 2.257 1.899
6.292 6.266 6.237 6.206 6.502 7.294 8.111 8.953 9.819 10.709 11.625 12.564 13.528 14.517 15.530 16.567 17.078 17.108 17.109 17.083 17.029 16.952 16.857 16.740 16.601 16.440 16.257 16.052 15.330 14.446 13.593 12.770 11.978 11.218 10.488 9.789 9.121 8.484 7.877 7.302 7.940 8.614 9.253 9.860 10.432 10.971 11.477 11.947 12.342 12.720 13.080 13.236 12.465 11.710 10.972 10.250 9.545 8.857 8.185 7.530 6.891 6.269 5.664 5.145 4.751 4.366 3.992 3.627 3.272 2.928 2.593 2.268 1.953
5.505 5.469 5.431 5.389 5.594 6.471 7.373 8.299 9.250 10.225 11.225 12.249 13.298 14.371 15.469 16.591 17.242 17.176 17.083 16.961 16.812 16.639 16.448 16.234 15.999 15.741 15.462 15.161 14.570 13.821 13.103 12.415 11.759 11.134 10.539 9.975 9.443 8.941 8.470 7.928 8.208 8.649 9.073 9.479 9.867 10.238 10.592 10.927 11.246 11.547 11.830 12.049 11.350 10.668 10.002 9.353 8.721 8.105 7.505 6.923 6.356 5.807 5.274 4.799 4.448 4.107 3.776 3.454 3.143 2.842 2.550 2.269 1.997
4.721 4.676 4.628 4.577 4.665 5.627 6.613 7.624 8.659 9.719 10.803 11.912 13.045 14.203 15.385 16.592 17.431 17.270 17.081 16.864 16.620 16.352 16.064 15.754 15.422 15.069 14.693 14.295 13.775 13.162 12.611 12.069 11.525 10.978 10.428 9.876 9.322 8.765 8.206 7.645 7.744 8.109 8.455 8.785 9.097 9.391 9.668 9.927 10.169 10.393 10.600 10.789 10.219 9.610 9.017 8.440 7.880 7.336 6.810 6.299 5.805 5.328 4.867 4.443 4.135 3.838 3.550 3.272 3.004 2.746 2.498 2.259 2.031
3.941 3.886 3.828 3.768 3.713 4.760 5.831 6.926 8.046 9.190 10.359 11.552 12.770 14.012 15.279 16.570 17.645 17.389 17.105 16.793 16.453 16.033 15.609 15.213 14.843 14.499 14.183 13.893 13.527 12.979 12.429 11.876 11.321 10.763 10.203 9.640 9.075 8.507 7.937 7.364 7.300 7.587 7.858 8.111 8.346 8.564 8.764 8.947 9.112 9.260 9.390 9.502 9.073 8.536 8.015 7.511 7.023 6.552 6.098 5.660 5.238 4.833 4.445 4.077 3.813 3.559 3.314 3.080 2.855 2.640 2.436 2.241 2.056
