DATA/SHG/ECMWF/20170628/EN-42/20170712.en-42.asc
ncols        190
nrows        64
xllcorner    -5100000.000000000000
yllcorner    4130000.000000000000
cellsize     10000.000000000000
NODATA_value  -99999.000
[rows 0 to 33 of 64, columns 0 to 74 of 190]
9.642 9.220 8.767 8.283 7.768 7.222 6.646 6.039 5.401 5.104 4.897 4.662 4.399 4.109 3.791 3.444 3.070 2.668 2.239 1.872 1.538 1.411 1.378 1.344 1.309 1.273 1.237 1.199 1.161 1.122 1.081 1.040 0.998 0.965 0.939 0.916 0.896 0.878 0.863 0.851 0.842 0.835 0.831 0.830 0.831 0.805 0.754 0.703 0.651 0.600 0.549 0.497 0.446 0.394 0.343 0.291 0.240 0.211 0.208 0.204 0.199 0.193 0.186 0.178 0.169 0.158 0.147 0.134 0.121 0.107 0.095 0.083 0.072 0.062 0.052
10.781 10.250 9.687 9.094 8.470 7.815 7.130 6.413 5.666 5.193 4.888 4.554 4.195 3.841 3.493 3.150 2.812 2.480 2.153 1.832 1.517 1.353 1.317 1.280 1.242 1.203 1.163 1.123 1.081 1.039 0.995 0.951 0.906 0.873 0.857 0.844 0.833 0.825 0.819 0.817 0.817 0.820 0.825 0.833 0.844 0.832 0.781 0.729 0.678 0.626 0.575 0.523 0.472 0.420 0.368 0.317 0.265 0.228 0.222 0.214 0.205 0.196 0.185 0.173 0.160 0.145 0.130 0.114 0.097 0.080 0.070 0.060 0.051 0.043 0.035
11.953 11.312 10.640 9.938 9.180 8.305 7.431 6.558 5.686 5.051 4.700 4.355 4.014 3.680 3.350 3.027 2.708 2.396 2.088 1.786 1.490 1.297 1.257 1.217 1.176 1.134 1.091 1.047 1.003 0.957 0.911 0.863 0.815 0.779 0.772 0.768 0.767 0.769 0.773 0.780 0.789 0.802 0.817 0.834 0.855 0.859 0.807 0.756 0.704 0.652 0.601 0.549 0.498 0.446 0.394 0.343 0.291 0.247 0.237 0.225 0.213 0.199 0.184 0.168 0.152 0.134 0.115 0.095 0.082 0.070 0.069 0.068 0.067 0.065 0.063
12.489 11.614 10.739 9.866 8.993 8.121 7.251 6.381 5.512 4.807 4.475 4.149 3.828 3.513 3.203 2.898 2.599 2.306 2.018 1.735 1.458 1.241 1.199 1.156 1.111 1.066 1.020 0.973 0.925 0.876 0.827 0.776 0.725 0.682 0.685 0.690 0.699 0.710 0.723 0.740 0.759 0.781 0.805 0.832 0.862 0.885 0.834 0.782 0.730 0.679 0.627 0.575 0.524 0.472 0.420 0.368 0.316 0.266 0.252 0.237 0.221 0.211 0.201 0.190 0.178 0.165 0.151 0.137 0.122 0.106 0.104 0.102 0.099 0.096 0.093
12.290 11.418 10.547 9.676 8.806 7.937 7.070 6.202 5.336 4.557 4.245 3.938 3.636 3.340 3.049 2.764 2.484 2.210 1.941 1.678 1.420 1.187 1.141 1.095 1.047 0.999 0.950 0.900 0.849 0.797 0.744 0.690 0.636 0.582 0.595 0.610 0.628 0.648 0.671 0.697 0.726 0.757 0.791 0.828 0.867 0.909 0.860 0.808 0.757 0.705 0.653 0.601 0.549 0.498 0.450 0.405 0.361 0.319 0.306 0.295 0.283 0.271 0.258 0.244 0.229 0.214 0.197 0.181 0.163 0.145 0.139 0.136 0.132 0.127 0.123
12.091 11.222 10.353 9.486 8.619 7.753 6.888 6.024 5.161 4.302 4.009 3.721 3.439 3.162 2.890 2.624 2.364 2.109 1.859 1.615 1.376 1.143 1.085 1.035 0.985 0.933 0.881 0.827 0.773 0.718 0.662 0.605 0.548 0.489 0.502 0.527 0.554 0.584 0.617 0.652 0.690 0.731 0.774 0.820 0.869 0.921 0.885 0.830 0.777 0.726 0.678 0.631 0.586 0.543 0.502 0.463 0.426 0.391 0.374 0.360 0.346 0.331 0.315 0.298 0.281 0.263 0.244 0.225 0.205 0.184 0.174 0.170 0.164 0.159 0.153
11.892 11.026 10.160 9.295 8.431 7.568 6.706 5.845 4.985 4.125 3.767 3.499 3.236 2.978 2.726 2.479 2.238 2.002 1.772 1.547 1.327 1.113 1.030 0.977 0.923 0.868 0.813 0.756 0.699 0.641 0.582 0.522 0.461 0.399 0.407 0.441 0.478 0.517 0.559 0.607 0.657 0.707 0.756 0.804 0.852 0.899 0.879 0.831 0.785 0.742 0.700 0.660 0.622 0.586 0.552 0.520 0.490 0.462 0.442 0.426 0.409 0.391 0.373 0.354 0.334 0.313 0.292 0.270 0.247 0.223 0.210 0.204 0.198 0.191 0.184
11.692 10.829 9.966 9.104 8.243 7.383 6.524 5.666 4.808 3.952 3.521 3.271 3.027 2.789 2.556 2.328 2.106 1.890 1.678 1.473 1.272 1.077 0.975 0.919 0.862 0.805 0.746 0.686 0.626 0.564 0.502 0.439 0.386 0.336 0.347 0.398 0.448 0.498 0.547 0.596 0.644 0.692 0.738 0.785 0.830 0.875 0.872 0.831 0.792 0.755 0.720 0.687 0.656 0.627 0.599 0.574 0.551 0.530 0.511 0.492 0.473 0.452 0.431 0.410 0.387 0.364 0.340 0.315 0.290 0.264 0.246 0.239 0.231 0.223 0.215
11.492 10.632 9.772 8.913 8.055 7.198 6.341 5.486 4.631 3.777 3.268 3.038 2.813 2.594 2.380 2.172 1.969 1.772 1.580 1.393 1.212 1.036 0.922 0.863 0.803 0.755 0.708 0.660 0.611 0.561 0.511 0.459 0.407 0.353 0.347 0.396 0.444 0.492 0.539 0.586 0.632 0.677 0.722 0.766 0.809 0.852 0.862 0.828 0.796 0.766 0.738 0.712 0.688 0.665 0.645 0.627 0.611 0.596 0.580 0.559 0.537 0.514 0.491 0.466 0.441 0.415 0.389 0.362 0.334 0.305 0.282 0.274 0.265 0.255 0.246
11.292 10.434 9.577 8.721 7.866 7.012 6.158 5.306 4.454 3.603 3.011 2.800 2.594 2.394 2.199 2.010 1.826 1.655 1.526 1.385 1.234 1.071 0.945 0.897 0.848 0.799 0.749 0.697 0.645 0.592 0.539 0.484 0.428 0.372 0.348 0.395 0.441 0.487 0.532 0.576 0.620 0.663 0.705 0.747 0.789 0.829 0.851 0.823 0.798 0.775 0.754 0.735 0.717 0.702 0.689 0.677 0.668 0.660 0.651 0.627 0.602 0.577 0.550 0.523 0.496 0.467 0.438 0.409 0.378 0.347 0.319 0.309 0.299 0.288 0.277
11.091 10.236 9.382 8.529 7.676 6.825 5.975 5.125 4.276 3.428 2.784 2.693 2.592 2.479 2.355 2.220 2.074 1.916 1.748 1.568 1.377 1.175 0.998 0.947 0.896 0.843 0.790 0.735 0.680 0.624 0.567 0.510 0.451 0.391 0.350 0.394 0.438 0.482 0.525 0.567 0.608 0.649 0.690 0.729 0.769 0.807 0.837 0.817 0.799 0.782 0.768 0.756 0.745 0.737 0.730 0.726 0.723 0.723 0.722 0.695 0.668 0.640 0.611 0.581 0.551 0.520 0.488 0.456 0.423 0.389 0.356 0.344 0.333 0.321 0.309
10.889 10.037 9.186 8.319 7.469 6.662 5.900 5.181 4.505 3.874 3.332 3.202 3.061 2.909 2.746 2.572 2.386 2.189 1.981 1.762 1.532 1.291 1.053 0.999 0.944 0.888 0.832 0.774 0.716 0.657 0.597 0.536 0.474 0.412 0.352 0.394 0.436 0.477 0.518 0.558 0.598 0.637 0.675 0.712 0.749 0.786 0.822 0.808 0.797 0.788 0.780 0.775 0.771 0.770 0.770 0.772 0.777 0.783 0.791 0.764 0.734 0.703 0.672 0.640 0.607 0.573 0.539 0.501 0.459 0.416 0.373 0.358 0.348 0.340 0.334
10.211 9.384 8.601 7.861 7.165 6.512 5.903 5.338 4.816 4.338 3.904 3.723 3.543 3.351 3.149 2.935 2.710 2.474 2.227 1.968 1.699 1.418 1.127 1.051 0.993 0.934 0.875 0.814 0.753 0.691 0.628 0.564 0.499 0.433 0.367 0.395 0.435 0.474 0.512 0.550 0.588 0.624 0.660 0.696 0.731 0.765 0.799 0.798 0.794 0.791 0.790 0.792 0.795 0.801 0.808 0.817 0.828 0.841 0.856 0.833 0.796 0.756 0.716 0.675 0.633 0.591 0.548 0.505 0.461 0.417 0.372 0.358 0.356 0.355 0.357
9.246 8.572 7.943 7.356 6.814 6.315 5.859 5.447 5.079 4.755 4.473 4.255 4.035 3.804 3.562 3.309 3.045 2.770 2.484 2.186 1.877 1.558 1.227 1.104 1.043 0.981 0.918 0.855 0.791 0.725 0.659 0.592 0.524 0.455 0.386 0.396 0.434 0.471 0.507 0.543 0.578 0.613 0.647 0.680 0.713 0.745 0.776 0.786 0.788 0.792 0.799 0.807 0.817 0.832 0.845 0.857 0.867 0.875 0.882 0.856 0.814 0.773 0.730 0.687 0.644 0.599 0.555 0.510 0.464 0.418 0.371 0.356 0.361 0.369 0.378
8.234 7.714 7.238 6.805 6.416 6.070 5.768 5.510 5.295 5.123 4.996 4.798 4.539 4.269 3.988 3.696 3.392 3.078 2.752 2.415 2.067 1.708 1.338 1.158 1.094 1.029 0.963 0.896 0.829 0.761 0.691 0.621 0.550 0.478 0.406 0.398 0.434 0.468 0.503 0.536 0.569 0.602 0.634 0.665 0.695 0.725 0.769 0.799 0.817 0.833 0.847 0.859 0.870 0.879 0.887 0.893 0.897 0.899 0.900 0.877 0.833 0.790 0.745 0.700 0.655 0.609 0.562 0.515 0.467 0.419 0.370 0.352 0.365 0.380 0.397
7.175 6.809 6.486 6.207 5.971 5.778 5.630 5.524 5.463 5.444 5.470 5.353 5.054 4.745 4.425 4.093 3.750 3.397 3.032 2.656 2.269 1.871 1.461 1.213 1.145 1.077 1.009 0.939 0.868 0.797 0.725 0.651 0.577 0.502 0.427 0.401 0.434 0.467 0.501 0.545 0.589 0.633 0.677 0.722 0.766 0.809 0.853 0.884 0.895 0.906 0.914 0.921 0.926 0.929 0.931 0.930 0.929 0.925 0.920 0.898 0.853 0.807 0.761 0.714 0.666 0.618 0.570 0.521 0.471 0.421 0.370 0.346 0.366 0.389 0.414
6.070 5.857 5.687 5.561 5.479 5.440 5.444 5.492 5.583 5.718 5.896 5.918 5.581 5.232 4.873 4.502 4.120 3.727 3.323 2.908 2.482 2.045 1.596 1.268 1.198 1.127 1.055 0.982 0.909 0.834 0.759 0.686 0.620 0.553 0.486 0.454 0.498 0.542 0.586 0.630 0.674 0.718 0.762 0.806 0.850 0.894 0.937 0.970 0.976 0.980 0.983 0.983 0.982 0.980 0.976 0.970 0.962 0.953 0.942 0.920 0.873 0.825 0.777 0.728 0.679 0.629 0.578 0.527 0.476 0.423 0.371 0.338 0.366 0.396 0.428
4.919 4.859 4.842 4.869 4.940 5.054 5.211 5.412 5.656 5.944 6.275 6.495 6.119 5.731 5.332 4.922 4.501 4.069 3.626 3.172 2.707 2.230 1.743 1.325 1.256 1.192 1.127 1.061 0.996 0.929 0.862 0.795 0.727 0.659 0.590 0.540 0.584 0.628 0.672 0.716 0.760 0.803 0.847 0.891 0.934 0.978 1.021 1.058 1.058 1.056 1.053 1.048 1.041 1.032 1.022 1.011 0.997 0.982 0.965 0.943 0.893 0.844 0.793 0.743 0.691 0.639 0.587 0.534 0.480 0.426 0.372 0.328 0.363 0.401 0.441
3.721 3.814 3.951 4.131 4.354 4.621 4.931 5.285 5.682 6.123 6.606 7.084 6.668 6.241 5.803 5.354 4.894 4.381 3.855 3.342 2.843 2.358 1.886 1.444 1.378 1.312 1.246 1.178 1.111 1.043 0.974 0.905 0.835 0.765 0.694 0.626 0.670 0.714 0.757 0.801 0.845 0.888 0.932 0.975 1.018 1.062 1.105 1.147 1.141 1.134 1.125 1.114 1.101 1.087 1.071 1.053 1.034 1.013 0.990 0.965 0.914 0.863 0.811 0.758 0.705 0.651 0.596 0.541 0.486 0.430 0.373 0.316 0.358 0.404 0.452
2.477 2.723 3.013 3.346 3.722 4.142 4.605 5.111 5.661 6.254 6.801 7.321 6.865 6.318 5.785 5.265 4.759 4.267 3.789 3.324 2.874 2.437 2.014 1.605 1.501 1.433 1.365 1.296 1.226 1.156 1.086 1.015 0.943 0.871 0.799 0.726 0.756 0.799 0.843 0.886 0.930 0.973 1.016 1.059 1.103 1.146 1.189 1.232 1.227 1.213 1.198 1.181 1.163 1.142 1.121 1.097 1.072 1.045 1.016 0.986 0.936 0.882 0.828 0.774 0.718 0.663 0.606 0.549 0.492 0.434 0.375 0.316 0.352 0.405 0.459
1.187 1.586 2.028 2.600 3.160 3.709 4.247 4.773 5.287 5.790 6.281 6.761 6.494 5.996 5.510 5.039 4.582 4.138 3.708 3.292 2.890 2.501 2.127 1.766 1.625 1.555 1.485 1.414 1.342 1.271 1.198 1.125 1.052 0.978 0.904 0.829 0.841 0.885 0.928 0.971 1.014 1.058 1.101 1.144 1.187 1.229 1.272 1.315 1.313 1.294 1.273 1.250 1.226 1.200 1.172 1.143 1.112 1.079 1.044 1.008 0.958 0.903 0.846 0.790 0.733 0.675 0.617 0.562 0.512 0.457 0.400 0.338 0.357 0.406 0.452
0.746 1.300 1.843 2.375 2.895 3.404 3.901 4.387 4.861 5.324 5.775 6.215 6.109 5.659 5.222 4.799 4.390 3.995 3.613 3.245 2.892 2.551 2.225 1.913 1.748 1.677 1.605 1.532 1.459 1.385 1.311 1.236 1.161 1.085 1.009 0.932 0.927 0.970 1.013 1.056 1.099 1.142 1.185 1.228 1.271 1.313 1.356 1.398 1.401 1.376 1.349 1.321 1.291 1.259 1.225 1.190 1.153 1.114 1.074 1.032 0.992 0.954 0.912 0.867 0.818 0.766 0.710 0.650 0.587 0.520 0.450 0.376 0.369 0.410 0.448
0.654 1.169 1.672 2.163 2.643 3.112 3.569 4.014 4.448 4.871 5.282 5.681 5.710 5.308 4.919 4.545 4.184 3.837 3.504 3.184 2.879 2.587 2.309 2.045 1.873 1.799 1.725 1.651 1.576 1.500 1.424 1.348 1.271 1.193 1.115 1.036 1.013 1.056 1.099 1.141 1.184 1.227 1.269 1.312 1.355 1.397 1.439 1.482 1.491 1.460 1.427 1.393 1.357 1.328 1.304 1.282 1.260 1.240 1.221 1.202 1.171 1.120 1.066 1.008 0.947 0.882 0.813 0.741 0.666 0.586 0.503 0.417 0.384 0.416 0.445
0.575 1.050 1.512 1.964 2.404 2.832 3.249 3.654 4.048 4.430 4.801 5.161 5.296 4.943 4.603 4.276 3.964 3.665 3.380 3.109 2.852 2.608 2.378 2.162 1.997 1.922 1.846 1.770 1.693 1.616 1.538 1.459 1.380 1.301 1.221 1.141 1.098 1.141 1.184 1.226 1.269 1.311 1.354 1.396 1.438 1.481 1.533 1.581 1.601 1.576 1.552 1.529 1.507 1.486 1.466 1.447 1.430 1.413 1.397 1.382 1.354 1.290 1.224 1.153 1.079 1.002 0.921 0.836 0.748 0.656 0.560 0.461 0.400 0.424 0.445
0.509 0.943 1.366 1.777 2.177 2.565 2.942 3.307 3.661 4.003 4.334 4.653 4.869 4.563 4.271 3.993 3.729 3.479 3.242 3.019 2.810 2.614 2.433 2.265 2.122 2.045 1.967 1.889 1.810 1.731 1.652 1.571 1.491 1.410 1.328 1.246 1.184 1.226 1.269 1.350 1.428 1.497 1.558 1.610 1.654 1.690 1.717 1.735 1.740 1.719 1.699 1.679 1.661 1.643 1.627 1.612 1.598 1.584 1.572 1.561 1.539 1.464 1.384 1.301 1.215 1.125 1.031 0.934 0.833 0.729 0.620 0.509 0.419 0.434 0.447
0.467 0.850 1.232 1.603 1.963 2.311 2.648 2.973 3.287 3.589 3.880 4.159 4.427 4.170 3.926 3.696 3.480 3.278 3.089 2.915 2.754 2.606 2.473 2.353 2.247 2.168 2.089 2.009 1.928 1.847 1.766 1.685 1.638 1.601 1.575 1.559 1.554 1.628 1.693 1.750 1.798 1.838 1.869 1.892 1.906 1.912 1.909 1.898 1.879 1.861 1.844 1.828 1.813 1.799 1.787 1.775 1.764 1.755 1.746 1.739 1.729 1.640 1.548 1.453 1.354 1.251 1.145 1.035 0.922 0.805 0.684 0.560 0.440 0.447 0.451
0.566 0.769 1.111 1.442 1.762 2.070 2.366 2.651 2.925 3.187 3.438 3.677 3.905 3.762 3.567 3.385 3.217 3.063 2.923 2.796 2.683 2.584 2.498 2.427 2.368 2.290 2.218 2.156 2.104 2.063 2.031 2.009 1.998 1.997 2.005 2.024 2.053 2.095 2.131 2.158 2.176 2.186 2.188 2.181 2.166 2.142 2.110 2.069 2.019 2.001 1.988 1.976 1.964 1.954 1.945 1.937 1.930 1.924 1.919 1.915 1.912 1.820 1.716 1.608 1.496 1.381 1.262 1.140 1.014 0.884 0.751 0.614 0.474 0.462 0.458
0.663 0.700 1.003 1.294 1.573 1.841 2.098 2.343 2.576 2.799 3.009 3.209 3.397 3.340 3.193 3.059 2.940 2.850 2.801 2.749 2.693 2.635 2.575 2.511 2.444 2.393 2.356 2.329 2.313 2.306 2.310 2.323 2.347 2.381 2.425 2.479 2.543 2.571 2.577 2.574 2.563 2.543 2.515 2.479 2.434 2.380 2.318 2.248 2.169 2.140 2.131 2.122 2.114 2.108 2.102 2.098 2.094 2.092 2.091 2.090 2.091 2.003 1.886 1.766 1.641 1.514 1.382 1.247 1.109 0.967 0.821 0.672 0.519 0.479 0.467
0.759 0.644 0.907 1.158 1.397 1.625 1.842 2.047 2.241 2.423 2.638 2.891 3.131 3.209 3.161 3.110 3.056 2.999 2.940 2.878 2.813 2.745 2.674 2.600 2.524 2.485 2.483 2.492 2.510 2.539 2.578 2.627 2.685 2.754 2.833 2.922 3.022 3.055 3.031 2.998 2.958 2.908 2.851 2.784 2.710 2.627 2.535 2.435 2.327 2.278 2.272 2.267 2.263 2.260 2.258 2.257 2.258 2.259 2.261 2.264 2.268 2.189 2.060 1.927 1.790 1.650 1.506 1.359 1.208 1.053 0.895 0.733 0.568 0.499 0.478
0.853 0.601 0.824 1.099 1.400 1.687 1.960 2.220 2.466 2.698 2.917 3.122 3.314 3.401 3.342 3.282 3.218 3.151 3.082 3.010 2.934 2.857 2.776 2.692 2.606 2.566 2.600 2.643 2.697 2.761 2.835 2.919 3.013 3.117 3.231 3.355 3.489 3.546 3.493 3.431 3.360 3.281 3.194 3.098 2.994 2.881 2.760 2.631 2.492 2.415 2.413 2.411 2.411 2.411 2.413 2.416 2.419 2.424 2.430 2.437 2.445 2.379 2.237 2.091 1.942 1.789 1.633 1.473 1.300 1.114 0.932 0.755 0.582 0.501 0.509
1.435 1.179 1.459 1.726 1.979 2.218 2.444 2.656 2.854 3.039 3.210 3.368 3.512 3.595 3.527 3.456 3.382 3.306 3.227 3.144 3.059 2.971 2.881 2.787 2.691 2.637 2.706 2.784 2.873 2.972 3.081 3.200 3.329 3.469 3.618 3.777 3.946 4.046 3.963 3.871 3.771 3.663 3.546 3.420 3.286 3.144 2.993 2.834 2.667 2.551 2.552 2.554 2.557 2.561 2.567 2.573 2.580 2.588 2.598 2.608 2.620 2.547 2.346 2.150 1.957 1.769 1.585 1.405 1.230 1.058 0.891 0.728 0.569 0.489 0.533
2.248 1.916 2.148 2.367 2.572 2.764 2.942 3.106 3.257 3.394 3.518 3.628 3.724 3.792 3.714 3.634 3.550 3.463 3.374 3.282 3.187 3.089 2.989 2.885 2.779 2.697 2.801 2.915 3.039 3.173 3.317 3.471 3.635 3.809 3.994 4.188 4.392 4.553 4.441 4.319 4.190 4.052 3.905 3.750 3.587 3.415 3.235 3.046 2.849 2.685 2.690 2.696 2.702 2.710 2.743 2.771 2.773 2.748 2.696 2.618 2.513 2.371 2.185 2.003 1.825 1.651 1.482 1.317 1.155 0.999 0.846 0.697 0.553 0.468 0.548
3.049 2.713 2.851 3.022 3.180 3.324 3.454 3.571 3.674 3.764 3.840 3.902 3.951 3.986 3.904 3.814 3.720 3.624 3.524 3.422 3.317 3.210 3.099 2.986 2.870 2.751 2.885 3.035 3.194 3.363 3.542 3.731 3.930 4.139 4.359 4.588 4.827 5.069 4.927 4.776 4.617 4.449 4.273 4.089 3.896 3.694 3.485 3.372 3.263 3.119 3.187 3.229 3.245 3.233 3.196 3.131 3.040 2.923 2.778 2.607 2.410 2.191 2.020 1.852 1.689 1.530 1.375 1.224 1.077 0.935 0.797 0.662 0.533 0.437 0.552
3.838 3.537 3.567 3.691 3.801 3.897 3.980 4.049 4.105 4.147 4.176 4.191 4.192 4.180 4.097 3.997 3.893 3.787 3.678 3.566 3.451 3.333 3.213 3.089 2.963 2.834 2.959 3.144 3.338 3.542 3.756 3.980 4.214 4.459 4.713 4.977 5.252 5.536 5.421 5.240 5.295 5.364 5.381 5.349 5.265 5.131 4.947 4.712 4.427 4.090 4.037 3.986 3.909 3.805 3.674 3.517 3.333 3.123 2.886 2.622 2.332 2.015 1.851 1.698 1.549 1.404 1.264 1.128 0.995 0.867 0.744 0.624 0.508 0.397 0.547
