DATA/SHG/ECMWF/20170628/EN-42/20170629.en-42.asc
ncols        190
nrows        64
xllcorner    -5100000.000000000000
yllcorner    4130000.000000000000
cellsize     10000.000000000000
NODATA_value  -99999.000
[rows 0 to 32 of 64, columns 74 to 147 of 190]
2.122 2.272 2.423 2.573 2.723 2.873 3.023 3.265 3.718 4.172 4.626 5.080 5.535 5.991 6.447 6.903 7.359 7.816 8.273 8.648 8.748 8.854 8.966 9.084 9.209 9.340 9.477 9.620 9.770 9.926 10.088 10.192 10.084 9.970 9.850 9.725 9.594 9.457 9.314 9.165 9.011 8.851 8.685 8.555 8.558 8.566 8.580 8.600 8.626 8.658 8.696 8.740 8.790 8.846 8.909 9.107 9.674 10.214 10.728 11.216 11.677 12.111 12.519 12.900 13.255 13.583 13.884 13.881 13.105 12.362 11.651 10.971 10.324 9.708
2.110 2.265 2.421 2.574 2.727 2.878 3.027 3.229 3.684 4.139 4.595 5.051 5.508 5.964 6.422 6.879 7.337 7.796 8.255 8.679 8.807 8.941 9.081 9.227 9.380 9.539 9.704 9.876 10.053 10.237 10.427 10.586 10.452 10.312 10.167 10.015 9.858 9.695 9.527 9.352 9.172 8.986 8.794 8.625 8.654 8.689 8.730 8.777 8.830 8.889 8.953 9.024 9.101 9.184 9.273 9.419 9.867 10.290 10.685 11.054 11.397 11.713 12.003 12.266 12.502 12.712 12.896 12.931 12.298 11.697 11.128 10.590 10.085 9.611
2.148 2.299 2.450 2.598 2.745 2.891 3.036 3.193 3.650 4.106 4.564 5.021 5.479 5.938 6.396 6.856 7.315 7.775 8.236 8.696 8.859 9.021 9.189 9.363 9.544 9.731 9.924 10.123 10.329 10.541 10.759 10.983 10.826 10.661 10.489 10.312 10.129 9.940 9.746 9.545 9.339 9.127 8.910 8.689 8.744 8.806 8.874 8.947 9.027 9.113 9.204 9.302 9.405 9.515 9.630 9.757 10.088 10.392 10.669 10.920 11.145 11.343 11.514 11.659 11.777 11.869 11.935 12.105 11.893 11.659 11.406 11.132 10.837 10.522
2.188 2.335 2.480 2.624 2.766 2.906 3.045 3.183 3.615 4.073 4.532 4.991 5.450 5.910 6.371 6.831 7.293 7.754 8.216 8.678 8.903 9.093 9.289 9.492 9.700 9.915 10.136 10.364 10.597 10.837 11.083 11.336 11.207 11.015 10.818 10.614 10.406 10.191 9.970 9.744 9.512 9.275 9.031 8.782 8.828 8.916 9.011 9.111 9.217 9.330 9.448 9.572 9.703 9.839 9.981 10.130 10.335 10.521 10.754 11.060 11.377 11.707 12.048 12.402 12.767 13.144 13.534 13.935 13.680 13.355 13.010 12.645 12.258 11.852
2.230 2.372 2.512 2.650 2.787 2.923 3.057 3.189 3.579 4.039 4.500 4.960 5.421 5.883 6.345 6.807 7.269 7.732 8.196 8.660 8.941 9.159 9.383 9.613 9.850 10.093 10.342 10.597 10.858 11.126 11.400 11.680 11.592 11.375 11.152 10.923 10.688 10.448 10.201 9.949 9.691 9.428 9.159 8.884 8.905 9.020 9.141 9.268 9.401 9.608 9.867 10.120 10.368 10.611 10.849 11.081 11.385 11.720 12.067 12.426 12.797 13.180 13.574 13.981 14.400 14.831 15.273 15.728 15.486 15.069 14.633 14.176 13.698 13.200
2.273 2.410 2.544 2.678 2.810 2.940 3.069 3.197 3.544 4.005 4.467 4.929 5.392 5.855 6.318 6.782 7.246 7.710 8.175 8.641 8.971 9.217 9.469 9.727 9.992 10.263 10.540 10.823 11.112 11.408 11.710 12.018 11.984 11.741 11.492 11.237 10.976 10.710 10.438 10.160 9.944 9.787 9.650 9.533 9.671 9.932 10.188 10.439 10.684 10.925 11.160 11.389 11.614 11.833 12.046 12.255 12.578 12.966 13.366 13.778 14.202 14.638 15.086 15.546 16.018 16.502 16.998 17.506 17.309 16.801 16.273 15.725 15.156 14.566
2.318 2.449 2.579 2.707 2.834 2.959 3.083 3.205 3.508 3.970 4.434 4.897 5.362 5.826 6.291 6.756 7.222 7.688 8.154 8.621 8.994 9.268 9.548 9.834 10.127 10.425 10.730 11.041 11.358 11.682 12.012 12.349 12.400 12.174 11.969 11.782 11.615 11.468 11.339 11.230 11.141 11.070 11.020 10.988 11.110 11.347 11.580 11.807 12.029 12.245 12.456 12.662 12.863 13.058 13.248 13.432 13.756 14.197 14.651 15.116 15.593 16.083 16.584 17.097 17.622 18.159 18.708 19.270 19.151 18.551 17.932 17.292 16.632 15.951
2.363 2.489 2.614 2.737 2.859 2.979 3.098 3.215 3.471 3.935 4.400 4.865 5.331 5.797 6.263 6.730 7.197 7.665 8.133 8.601 9.010 9.312 9.589 9.868 10.164 10.475 10.803 11.147 11.507 11.883 12.275 12.683 12.884 12.745 12.626 12.525 12.445 12.383 12.341 12.318 12.315 12.331 12.366 12.421 12.553 12.766 12.975 13.178 13.376 13.569 13.756 13.938 14.115 14.287 14.453 14.614 14.920 15.414 15.921 16.440 16.970 17.513 18.067 18.633 19.212 19.802 20.404 21.018 21.010 20.319 19.609 18.878 18.126 17.354
2.410 2.531 2.651 2.769 2.886 3.001 3.114 3.227 3.434 3.900 4.366 4.833 5.300 5.768 6.228 6.652 7.065 7.468 7.859 8.239 8.601 8.920 9.256 9.607 9.975 10.358 10.758 11.174 11.606 12.055 12.519 12.999 13.346 13.294 13.261 13.247 13.252 13.277 13.321 13.384 13.467 13.569 13.690 13.831 13.999 14.189 14.374 14.553 14.728 14.897 15.060 15.219 15.372 15.519 15.662 15.799 16.070 16.618 17.177 17.749 18.333 18.928 19.536 20.155 20.787 21.430 22.086 22.753 22.887 22.105 21.304 20.481 19.638 18.775
2.458 2.574 2.689 2.802 2.913 3.023 3.132 3.238 3.393 3.845 4.286 4.716 5.135 5.543 5.940 6.326 6.701 7.066 7.419 7.762 8.106 8.497 8.905 9.328 9.768 10.224 10.696 11.184 11.688 12.208 12.745 13.297 13.787 13.821 13.873 13.946 14.037 14.148 14.278 14.427 14.596 14.784 14.992 15.218 15.449 15.615 15.776 15.932 16.083 16.228 16.368 16.502 16.632 16.756 16.875 16.988 17.206 17.807 18.420 19.044 19.681 20.330 20.990 21.663 22.348 23.044 23.752 24.473 24.782 23.909 23.016 22.103 21.169 20.215
2.497 2.588 2.684 2.783 2.886 2.993 3.105 3.220 3.343 3.757 4.160 4.552 4.933 5.303 5.662 6.010 6.348 6.674 6.990 7.294 7.596 8.056 8.536 9.031 9.543 10.071 10.615 11.175 11.751 12.344 12.952 13.576 14.206 14.326 14.464 14.623 14.800 14.997 15.213 15.449 15.703 15.977 16.271 16.583 16.902 17.045 17.182 17.314 17.441 17.563 17.679 17.790 17.896 17.996 18.091 18.181 18.328 18.982 19.648 20.326 21.015 21.717 22.431 23.156 23.894 24.643 25.405 26.178 26.695 25.731 24.747 23.743 22.718 21.673
2.376 2.481 2.591 2.704 2.821 2.943 3.069 3.198 3.332 3.679 4.044 4.398 4.741 5.073 5.394 5.705 6.004 6.293 6.570 6.837 7.101 7.597 8.149 8.717 9.300 9.900 10.516 11.148 11.797 12.461 13.141 13.838 14.550 14.809 15.034 15.278 15.541 15.824 16.126 16.447 16.788 17.148 17.527 17.925 18.343 18.478 18.592 18.700 18.804 18.901 18.994 19.081 19.163 19.240 19.312 19.378 19.439 20.143 20.862 21.593 22.335 23.090 23.857 24.635 25.426 26.228 27.043 27.720 28.131 26.903 25.789 24.788 23.900 23.125
2.251 2.370 2.494 2.622 2.753 2.889 3.029 3.173 3.321 3.612 3.938 4.254 4.560 4.854 5.137 5.410 5.671 5.922 6.161 6.390 6.616 7.121 7.745 8.384 9.040 9.712 10.400 11.104 11.824 12.560 13.312 14.080 14.865 15.270 15.581 15.911 16.260 16.629 17.017 17.424 17.850 18.296 18.761 19.245 19.749 19.915 20.005 20.090 20.170 20.244 20.313 20.376 20.435 20.488 20.536 20.578 20.615 21.290 22.004 22.635 23.235 23.802 24.338 24.843 25.316 25.757 26.166 26.544 26.890 26.241 25.629 25.131 24.746 24.474
2.122 2.256 2.394 2.536 2.681 2.831 2.986 3.144 3.306 3.554 3.843 4.121 4.388 4.644 4.890 5.124 5.348 5.561 5.763 5.954 6.141 6.627 7.323 8.034 8.762 9.506 10.265 11.041 11.833 12.641 13.465 14.305 15.161 15.709 16.106 16.522 16.957 17.412 17.885 18.378 18.890 19.422 19.973 20.542 21.132 21.356 21.422 21.483 21.539 21.497 21.375 21.279 21.207 21.160 21.139 21.143 21.172 21.603 22.125 22.616 23.075 23.502 23.898 24.262 24.594 24.895 25.164 25.401 25.607 25.467 25.358 25.362 25.480 25.710
1.990 2.138 2.290 2.446 2.606 2.770 2.938 3.111 3.287 3.506 3.757 3.997 4.227 4.445 4.653 4.850 5.035 5.210 5.374 5.528 5.677 6.115 6.883 7.666 8.466 9.281 10.113 10.961 11.824 12.704 13.600 14.512 15.440 16.127 16.609 17.111 17.632 18.172 18.732 19.310 19.787 20.156 20.535 20.924 21.323 21.411 21.300 21.215 21.154 21.119 21.109 21.124 21.164 21.230 21.320 21.436 21.576 21.897 22.279 22.629 22.947 23.234 23.489 23.713 23.905 24.066 24.195 24.292 24.358 24.582 24.975 25.481 26.101 26.833
1.854 2.016 2.182 2.352 2.527 2.705 2.888 3.074 3.265 3.468 3.682 3.884 4.075 4.256 4.426 4.585 4.733 4.870 4.996 5.112 5.223 5.586 6.426 7.281 8.152 9.039 9.943 10.862 11.798 12.749 13.717 14.606 15.401 15.998 16.343 16.697 17.061 17.436 17.819 18.213 18.617 19.031 19.454 19.888 20.331 20.559 20.560 20.587 20.638 20.715 20.817 20.943 21.095 21.273 21.475 21.702 21.955 22.223 22.464 22.674 22.852 22.999 23.114 23.197 23.249 23.270 23.258 23.216 23.141 23.585 24.480 25.488 26.609 27.843
1.714 1.890 2.071 2.255 2.444 2.636 2.833 3.034 3.238 3.440 3.616 3.780 3.934 4.077 4.209 4.330 4.440 4.540 4.628 4.706 4.780 5.040 5.940 6.822 7.685 8.529 9.354 10.160 10.947 11.715 12.464 13.195 13.906 14.510 14.899 15.297 15.706 16.124 16.552 16.991 17.439 17.896 18.364 18.842 19.329 19.682 19.795 19.933 20.096 20.285 20.498 20.737 21.001 21.289 21.603 21.942 22.306 22.580 22.682 22.751 22.789 22.796 22.771 22.714 22.626 22.506 22.355 22.172 21.958 22.477 23.874 25.383 27.005 28.740
1.570 1.761 1.956 2.154 2.357 2.564 2.775 2.989 3.208 3.423 3.560 3.687 3.803 3.908 4.000 4.061 4.120 4.178 4.234 4.288 4.348 4.491 5.307 6.105 6.884 7.644 8.385 9.107 9.810 10.495 11.160 11.806 12.434 13.013 13.446 13.889 14.341 14.804 15.276 15.759 16.251 16.753 17.265 17.786 18.318 18.779 19.004 19.254 19.529 19.829 20.154 20.504 20.880 21.280 21.706 22.156 22.632 22.970 22.931 22.861 22.759 22.625 22.460 22.264 22.035 21.776 21.485 21.162 20.808 21.259 23.156 25.166 27.289 29.525
1.423 1.628 1.837 2.050 2.267 2.488 2.713 2.935 3.121 3.300 3.366 3.427 3.487 3.546 3.603 3.658 3.712 3.765 3.816 3.865 3.920 3.979 4.696 5.410 6.105 6.781 7.438 8.076 8.696 9.296 9.878 10.440 10.984 11.507 11.984 12.471 12.968 13.475 13.991 14.518 15.054 15.600 16.156 16.722 17.298 17.851 18.187 18.549 18.935 19.347 19.784 20.246 20.733 21.245 21.782 22.344 22.931 23.391 23.212 23.002 22.760 22.487 22.182 21.845 21.478 21.078 20.647 20.185 19.691 19.929 22.327 24.838 27.461 30.197
1.273 1.487 1.693 1.892 2.083 2.265 2.441 2.608 2.768 2.920 2.991 3.047 3.102 3.155 3.207 3.257 3.306 3.353 3.399 3.443 3.493 3.547 4.107 4.737 5.348 5.940 6.514 7.068 7.604 8.120 8.618 9.097 9.557 9.998 10.513 11.045 11.586 12.137 12.697 13.268 13.848 14.438 15.038 15.648 16.268 16.897 17.345 17.818 18.316 18.840 19.388 19.961 20.560 21.183 21.831 22.505 23.203 23.845 23.526 23.176 22.794 22.381 21.936 21.460 20.952 20.413 19.842 19.240 18.607 18.488 21.387 24.398 27.521 30.757
1.143 1.330 1.509 1.680 1.844 2.000 2.148 2.289 2.421 2.546 2.618 2.669 2.719 2.767 2.813 2.858 2.902 2.944 2.985 3.024 3.068 3.117 3.539 4.085 4.613 5.121 5.611 6.082 6.534 6.967 7.381 7.776 8.153 8.510 9.034 9.609 10.194 10.789 11.394 12.009 12.633 13.267 13.912 14.566 15.229 15.903 16.478 17.062 17.672 18.306 18.966 19.651 20.361 21.095 21.855 22.640 23.450 24.285 23.871 23.381 22.860 22.307 21.722 21.107 20.459 19.781 19.070 18.329 17.625 17.167 20.521 23.819 27.061 30.247
1.019 1.179 1.332 1.476 1.613 1.742 1.863 1.977 2.083 2.181 2.247 2.293 2.337 2.380 2.422 2.461 2.500 2.537 2.572 2.606 2.645 2.689 2.994 3.456 3.900 4.325 4.731 5.118 5.486 5.836 6.166 6.478 6.771 7.045 7.545 8.165 8.794 9.433 10.082 10.740 11.409 12.087 12.776 13.474 14.181 14.899 15.585 16.280 17.001 17.747 18.518 19.314 20.135 20.982 21.853 22.749 23.670 24.616 24.248 23.680 23.173 22.637 22.072 21.478 20.855 20.203 19.522 18.812 18.074 17.306 20.153 23.202 26.196 29.133
0.903 1.037 1.162 1.280 1.389 1.492 1.586 1.673 1.752 1.823 1.878 1.918 1.958 1.995 2.032 2.066 2.100 2.131 2.161 2.190 2.224 2.263 2.470 2.849 3.209 3.550 3.872 4.176 4.461 4.727 4.974 5.202 5.411 5.602 6.048 6.711 7.385 8.068 8.761 9.463 10.176 10.898 11.630 12.372 13.124 13.886 14.666 15.473 16.306 17.163 18.063 19.036 20.062 21.143 22.276 23.464 24.704 25.999 25.921 25.314 24.678 24.013 23.320 22.597 21.846 21.065 20.256 19.417 18.550 17.654 19.840 22.641 25.387 28.076
0.795 0.901 1.000 1.090 1.173 1.249 1.316 1.376 1.428 1.473 1.510 1.546 1.580 1.612 1.643 1.673 1.701 1.728 1.753 1.776 1.805 1.838 1.968 2.263 2.540 2.797 3.036 3.256 3.457 3.640 3.803 3.948 4.074 4.181 4.542 5.249 5.966 6.693 7.430 8.177 8.933 9.727 10.547 11.335 12.091 12.815 13.652 14.649 15.699 16.802 17.960 19.171 20.435 21.753 23.124 24.549 26.028 27.560 27.711 26.975 26.211 25.417 24.595 23.744 22.864 21.955 21.017 20.051 19.055 18.031 19.582 22.136 24.633 27.074
0.694 0.773 0.845 0.909 0.965 1.013 1.054 1.087 1.112 1.130 1.145 1.175 1.204 1.231 1.257 1.282 1.305 1.326 1.346 1.364 1.387 1.416 1.488 1.699 1.892 2.067 2.222 2.359 2.476 2.575 2.655 2.717 2.839 3.085 3.549 4.449 5.318 6.156 6.961 7.736 8.478 9.189 9.869 10.517 11.133 11.718 12.541 13.776 15.064 16.405 17.800 19.249 20.751 22.306 23.915 25.578 27.294 29.064 29.528 28.664 27.771 26.849 25.899 24.919 23.911 22.873 21.807 20.712 19.588 18.436 19.380 21.686 23.936 26.129
0.600 0.652 0.697 0.734 0.764 0.785 0.799 0.805 0.804 0.795 0.781 0.806 0.830 0.852 0.873 0.892 0.910 0.926 0.941 0.954 0.972 0.995 1.029 1.201 1.436 1.673 1.913 2.156 2.401 2.648 2.898 3.150 3.404 3.661 4.024 4.784 5.513 6.211 6.877 7.511 8.114 8.686 9.225 9.734 10.210 10.656 11.375 12.847 14.373 15.952 17.585 19.271 21.010 22.803 24.650 26.550 28.503 30.510 31.372 30.380 29.359 28.309 27.230 26.122 24.985 23.820 22.625 21.402 20.150 18.869 19.234 21.292 23.294 25.240
0.513 0.539 0.557 0.567 0.570 0.565 0.552 0.531 0.503 0.467 0.423 0.439 0.458 0.475 0.490 0.517 0.629 0.748 0.875 1.010 1.146 1.282 1.424 1.665 1.911 2.160 2.410 2.664 2.919 3.177 3.438 3.701 3.966 4.234 4.532 5.153 5.743 6.300 6.827 7.321 7.785 8.216 8.617 8.985 9.322 9.628 10.154 11.863 13.627 15.443 17.313 19.236 21.213 23.244 25.327 27.464 29.655 31.899 33.244 32.124 30.974 29.796 28.589 27.353 26.088 24.794 23.472 22.120 20.740 19.331 19.143 20.954 22.708 24.406
0.434 0.433 0.424 0.408 0.383 0.351 0.312 0.264 0.222 0.225 0.233 0.317 0.425 0.540 0.663 0.794 0.932 1.077 1.230 1.391 1.553 1.716 1.884 2.127 2.383 2.642 2.904 3.168 3.435 3.703 3.975 4.248 4.525 4.803 5.084 5.556 6.006 6.424 6.810 7.166 7.489 7.781 8.042 8.271 8.469 8.635 8.877 10.824 12.824 14.878 16.985 19.146 21.360 23.627 25.948 28.322 30.750 33.231 35.144 33.895 32.617 31.311 29.976 28.611 27.218 25.797 24.346 22.867 21.359 19.822 19.107 20.671 22.178 23.629
0.362 0.339 0.326 0.318 0.314 0.315 0.321 0.330 0.344 0.363 0.386 0.482 0.616 0.757 0.907 1.063 1.227 1.399 1.578 1.765 1.953 2.142 2.337 2.584 2.852 3.122 3.394 3.669 3.946 4.226 4.508 4.793 5.080 5.369 5.661 5.992 6.302 6.581 6.828 7.044 7.228 7.381 7.502 7.592 7.650 7.677 7.672 9.729 11.967 14.257 16.602 18.999 21.450 23.955 26.512 29.123 31.788 34.506 37.071 35.694 34.288 32.853 31.390 29.898 28.377 26.827 25.249 23.641 22.005 20.340 19.127 20.443 21.703 22.907
0.350 0.349 0.352 0.359 0.371 0.387 0.408 0.433 0.463 0.497 0.536 0.640 0.800 0.968 1.143 1.326 1.516 1.714 1.919 2.132 2.346 2.562 2.783 3.039 3.317 3.598 3.881 4.167 4.455 4.745 5.038 5.333 5.631 5.931 6.234 6.462 6.633 6.772 6.880 6.956 7.001 7.014 6.996 6.946 6.865 6.753 6.609 8.579 11.053 13.581 16.162 18.797 21.484 24.226 27.020 29.868 32.769 35.723 38.731 37.520 35.986 34.424 32.832 31.212 29.563 27.886 26.179 24.444 22.680 20.887 19.171 20.169 21.129 22.049
0.340 0.354 0.373 0.396 0.423 0.455 0.491 0.532 0.577 0.627 0.681 0.791 0.977 1.171 1.372 1.581 1.797 2.021 2.252 2.491 2.732 2.974 3.221 3.490 3.779 4.071 4.365 4.661 4.960 5.261 5.565 5.871 6.179 6.490 6.804 6.966 6.997 6.997 6.965 6.902 6.808 6.682 6.524 6.336 6.115 5.864 5.581 7.373 10.084 12.849 15.667 18.538 21.462 24.440 27.471 30.555 33.693 36.884 40.128 39.373 37.712 35.896 33.848 31.836 29.858 27.915 26.008 24.136 22.298 20.496 18.729 19.388 20.174 20.922
0.326 0.356 0.390 0.428 0.471 0.518 0.570 0.626 0.687 0.752 0.821 0.934 1.147 1.367 1.594 1.829 2.071 2.321 2.578 2.843 3.110 3.378 3.652 3.938 4.238 4.540 4.845 5.152 5.461 5.773 6.088 6.405 6.724 7.046 7.370 7.503 7.395 7.256 7.085 6.882 6.649 6.384 6.087 5.759 5.400 5.009 4.587 6.112 9.060 12.061 15.116 18.223 21.383 24.500 27.524 30.456 33.297 36.045 38.701 38.056 36.093 34.165 32.272 30.414 28.591 26.803 25.050 23.332 21.649 20.002 18.389 18.645 19.259 19.834
0.308 0.353 0.402 0.456 0.515 0.577 0.645 0.716 0.792 0.873 0.958 1.071 1.310 1.555 1.809 2.070 2.338 2.614 2.897 3.188 3.481 3.776 4.076 4.382 4.693 5.006 5.321 5.639 5.960 6.282 6.608 6.935 7.265 7.598 7.933 8.074 7.826 7.548 7.238 6.897 6.524 6.120 5.684 5.352 5.329 5.211 4.996 6.365 9.535 12.614 15.600 18.494 21.297 24.007 26.625 29.151 31.585 33.927 36.177 35.982 34.174 32.400 30.662 28.958 27.290 25.657 24.058 22.495 20.967 19.474 18.015 17.943 18.384 18.786
