DATA/SHG/ECMWF/20170628/EN-48/20170710.en-48.asc
ncols        190
nrows        64
xllcorner    -5100000.000000000000
yllcorner    4130000.000000000000
cellsize     10000.000000000000
NODATA_value  -99999.000
[rows 0 to 31 of 64, columns 0 to 71 of 190]
0.180 0.202 0.226 0.251 0.277 0.305 0.334 0.364 0.395 0.400 0.397 0.393 0.388 0.383 0.377 0.371 0.364 0.356 0.349 0.341 0.330 0.355 0.397 0.438 0.478 0.517 0.555 0.592 0.629 0.665 0.699 0.733 0.766 0.773 0.769 0.771 0.778 0.791 0.810 0.835 0.866 0.902 0.944 0.992 1.045 1.090 1.123 1.154 1.184 1.212 1.239 1.263 1.287 1.308 1.328 1.347 1.364 1.415 1.501 1.577 1.642 1.697 1.741 1.774 1.797 1.809 1.810 1.801 1.782 1.757 1.734 1.705
0.189 0.216 0.244 0.274 0.304 0.337 0.370 0.404 0.440 0.451 0.446 0.440 0.443 0.443 0.440 0.434 0.425 0.412 0.397 0.378 0.357 0.367 0.405 0.443 0.480 0.516 0.551 0.585 0.619 0.651 0.683 0.714 0.744 0.765 0.781 0.803 0.831 0.864 0.903 0.948 0.999 1.056 1.118 1.186 1.260 1.318 1.346 1.371 1.395 1.418 1.438 1.458 1.475 1.491 1.506 1.518 1.530 1.554 1.603 1.642 1.670 1.687 1.694 1.690 1.676 1.651 1.615 1.569 1.512 1.452 1.408 1.358
0.197 0.228 0.261 0.295 0.333 0.385 0.437 0.490 0.545 0.575 0.573 0.569 0.561 0.550 0.536 0.519 0.499 0.475 0.449 0.419 0.387 0.379 0.415 0.449 0.483 0.516 0.548 0.579 0.610 0.639 0.668 0.695 0.722 0.750 0.787 0.829 0.877 0.931 0.990 1.055 1.126 1.203 1.286 1.374 1.468 1.548 1.569 1.589 1.608 1.624 1.639 1.653 1.665 1.675 1.684 1.691 1.697 1.703 1.715 1.717 1.707 1.688 1.657 1.616 1.565 1.503 1.430 1.347 1.296 1.259 1.257 1.255
0.257 0.308 0.360 0.413 0.467 0.522 0.578 0.635 0.692 0.730 0.717 0.701 0.682 0.660 0.635 0.607 0.576 0.542 0.504 0.463 0.420 0.393 0.425 0.457 0.487 0.517 0.546 0.574 0.601 0.628 0.653 0.678 0.701 0.730 0.787 0.849 0.917 0.991 1.071 1.157 1.248 1.345 1.448 1.556 1.670 1.778 1.794 1.809 1.821 1.832 1.842 1.850 1.856 1.861 1.864 1.865 1.865 1.863 1.837 1.802 1.754 1.689 1.629 1.574 1.524 1.479 1.440 1.405 1.376 1.351 1.350 1.349
0.376 0.431 0.486 0.542 0.600 0.658 0.717 0.777 0.838 0.887 0.864 0.837 0.807 0.774 0.738 0.699 0.656 0.611 0.563 0.511 0.456 0.407 0.436 0.465 0.492 0.519 0.545 0.570 0.594 0.617 0.640 0.661 0.682 0.703 0.780 0.863 0.952 1.046 1.146 1.252 1.363 1.480 1.603 1.732 1.867 2.007 2.021 2.029 2.036 2.042 2.046 2.048 2.048 2.037 1.990 1.945 1.900 1.856 1.795 1.737 1.685 1.638 1.596 1.559 1.527 1.500 1.478 1.461 1.450 1.443 1.442 1.442
0.494 0.552 0.611 0.671 0.731 0.793 0.855 0.919 0.983 1.048 1.013 0.976 0.935 0.891 0.844 0.793 0.740 0.684 0.624 0.562 0.496 0.427 0.448 0.474 0.498 0.522 0.545 0.567 0.588 0.608 0.627 0.646 0.663 0.680 0.768 0.871 0.980 1.095 1.215 1.341 1.473 1.610 1.753 1.902 2.057 2.217 2.227 2.178 2.129 2.082 2.035 1.989 1.944 1.899 1.855 1.812 1.770 1.729 1.685 1.646 1.611 1.582 1.558 1.538 1.524 1.515 1.512 1.513 1.519 1.531 1.535 1.534
0.611 0.672 0.734 0.797 0.861 0.926 0.992 1.059 1.127 1.196 1.166 1.117 1.066 1.011 0.953 0.891 0.827 0.760 0.689 0.616 0.539 0.459 0.461 0.484 0.505 0.526 0.545 0.564 0.582 0.599 0.616 0.631 0.645 0.659 0.751 0.874 1.003 1.137 1.278 1.410 1.530 1.646 1.758 1.867 1.971 2.072 2.070 2.023 1.978 1.933 1.889 1.845 1.803 1.761 1.720 1.679 1.640 1.601 1.571 1.549 1.532 1.521 1.515 1.513 1.517 1.526 1.540 1.559 1.583 1.613 1.627 1.627
0.726 0.791 0.856 0.923 0.990 1.058 1.128 1.198 1.269 1.341 1.322 1.263 1.200 1.134 1.065 0.992 0.917 0.839 0.757 0.673 0.585 0.494 0.475 0.495 0.513 0.530 0.547 0.563 0.578 0.592 0.605 0.617 0.632 0.645 0.727 0.853 0.975 1.093 1.207 1.317 1.424 1.527 1.625 1.720 1.812 1.899 1.912 1.868 1.826 1.783 1.742 1.701 1.661 1.622 1.584 1.546 1.509 1.473 1.451 1.448 1.449 1.455 1.467 1.483 1.505 1.532 1.564 1.601 1.643 1.690 1.718 1.719
0.841 0.908 0.977 1.047 1.118 1.189 1.262 1.336 1.410 1.486 1.481 1.411 1.337 1.260 1.180 1.097 1.010 0.921 0.829 0.733 0.634 0.533 0.490 0.506 0.522 0.549 0.574 0.595 0.613 0.628 0.639 0.647 0.652 0.654 0.706 0.818 0.927 1.031 1.132 1.229 1.322 1.411 1.497 1.578 1.656 1.730 1.754 1.713 1.673 1.633 1.595 1.557 1.519 1.483 1.447 1.412 1.378 1.344 1.327 1.341 1.361 1.385 1.414 1.449 1.488 1.533 1.583 1.637 1.697 1.762 1.810 1.811
0.953 1.025 1.097 1.170 1.244 1.319 1.395 1.472 1.550 1.629 1.644 1.562 1.477 1.389 1.298 1.204 1.107 1.009 0.927 0.839 0.747 0.650 0.595 0.618 0.638 0.655 0.668 0.677 0.684 0.687 0.686 0.683 0.676 0.665 0.689 0.788 0.882 0.974 1.061 1.144 1.224 1.300 1.372 1.440 1.504 1.565 1.596 1.557 1.520 1.483 1.447 1.411 1.377 1.343 1.310 1.277 1.246 1.215 1.198 1.230 1.267 1.310 1.357 1.409 1.466 1.529 1.596 1.669 1.747 1.829 1.901 1.903
1.065 1.140 1.215 1.292 1.369 1.448 1.527 1.607 1.688 1.771 1.818 1.751 1.680 1.604 1.523 1.438 1.348 1.254 1.155 1.051 0.942 0.829 0.740 0.751 0.759 0.764 0.765 0.763 0.758 0.749 0.737 0.721 0.703 0.681 0.675 0.761 0.842 0.920 0.994 1.064 1.130 1.192 1.251 1.306 1.357 1.404 1.437 1.401 1.366 1.332 1.298 1.266 1.234 1.203 1.172 1.142 1.113 1.085 1.065 1.115 1.169 1.229 1.294 1.365 1.440 1.520 1.605 1.696 1.791 1.892 1.992 1.994
1.176 1.253 1.332 1.461 1.619 1.760 1.883 1.988 2.075 2.144 2.182 2.099 2.011 1.919 1.822 1.720 1.614 1.503 1.387 1.267 1.142 1.012 0.888 0.887 0.883 0.876 0.866 0.852 0.835 0.814 0.791 0.764 0.733 0.699 0.666 0.738 0.806 0.870 0.931 0.987 1.040 1.089 1.134 1.176 1.213 1.247 1.277 1.244 1.212 1.180 1.149 1.119 1.090 1.062 1.034 1.007 0.981 0.955 0.930 0.994 1.067 1.145 1.227 1.315 1.408 1.506 1.609 1.755 1.934 2.119 2.310 2.409
1.862 2.011 2.142 2.255 2.351 2.428 2.488 2.529 2.553 2.559 2.547 2.451 2.347 2.238 2.124 2.006 1.884 1.756 1.624 1.488 1.346 1.200 1.050 1.026 1.011 0.992 0.970 0.944 0.916 0.883 0.848 0.809 0.767 0.722 0.673 0.719 0.773 0.824 0.871 0.915 0.954 0.990 1.021 1.049 1.074 1.094 1.110 1.087 1.057 1.028 1.000 0.973 0.946 0.920 0.895 0.871 0.847 0.824 0.802 0.869 1.002 1.159 1.323 1.492 1.668 1.850 2.039 2.233 2.434 2.640 2.853 2.997
2.864 2.950 3.018 3.068 3.100 3.115 3.111 3.090 3.050 2.993 2.918 2.807 2.687 2.562 2.432 2.297 2.158 2.014 1.866 1.713 1.555 1.393 1.226 1.169 1.142 1.111 1.077 1.040 1.000 0.956 0.909 0.858 0.804 0.747 0.687 0.704 0.745 0.783 0.816 0.846 0.872 0.894 0.913 0.927 0.938 0.945 0.948 0.929 0.902 0.875 0.850 0.825 0.801 0.843 0.890 0.933 0.970 1.002 1.028 1.150 1.322 1.501 1.686 1.878 2.075 2.279 2.489 2.705 2.927 3.155 3.390 3.575
3.885 3.908 3.913 3.900 3.869 3.820 3.753 3.669 3.566 3.446 3.308 3.169 3.032 2.890 2.744 2.593 2.437 2.277 2.112 1.943 1.769 1.590 1.407 1.315 1.276 1.234 1.188 1.139 1.087 1.031 0.972 0.910 0.845 0.776 0.704 0.693 0.721 0.745 0.765 0.781 0.794 0.803 0.808 0.809 0.807 0.800 0.885 0.959 1.021 1.077 1.127 1.173 1.212 1.247 1.275 1.299 1.317 1.329 1.336 1.442 1.636 1.836 2.043 2.256 2.475 2.701 2.932 3.170 3.414 3.664 3.920 4.144
4.925 4.884 4.826 4.750 4.655 4.544 4.414 4.266 4.101 3.917 3.716 3.534 3.381 3.223 3.060 2.893 2.721 2.545 2.363 2.178 1.987 1.792 1.593 1.464 1.414 1.360 1.302 1.242 1.178 1.110 1.040 0.966 0.889 0.808 0.724 0.685 0.700 0.711 0.729 0.815 0.900 0.986 1.072 1.157 1.243 1.329 1.414 1.483 1.525 1.562 1.594 1.620 1.640 1.655 1.665 1.669 1.668 1.662 1.650 1.727 1.943 2.165 2.394 2.628 2.869 3.116 3.369 3.628 3.894 4.165 4.443 4.703
5.982 5.878 5.757 5.618 5.461 5.286 5.093 4.882 4.654 4.408 4.143 3.904 3.735 3.560 3.381 3.198 3.009 2.817 2.619 2.417 2.210 1.999 1.783 1.617 1.554 1.489 1.420 1.347 1.272 1.193 1.111 1.045 1.024 1.005 0.986 1.001 1.087 1.172 1.258 1.343 1.429 1.514 1.600 1.686 1.771 1.857 1.943 2.011 2.034 2.052 2.064 2.071 2.073 2.069 2.059 2.045 2.024 1.999 1.968 2.006 2.244 2.488 2.737 2.994 3.256 3.524 3.799 4.080 4.367 4.660 4.960 5.252
7.058 6.891 6.707 6.504 6.284 6.046 5.791 5.517 5.226 4.917 4.590 4.279 4.093 3.902 3.707 3.507 3.302 3.093 2.879 2.661 2.438 2.210 1.978 1.772 1.722 1.698 1.675 1.653 1.632 1.612 1.593 1.575 1.558 1.541 1.526 1.529 1.614 1.700 1.785 1.871 1.956 2.042 2.128 2.213 2.299 2.385 2.470 2.544 2.548 2.547 2.540 2.528 2.510 2.487 2.459 2.425 2.386 2.341 2.291 2.279 2.538 2.803 3.075 3.353 3.637 3.927 4.223 4.525 4.834 5.149 5.470 5.792
8.151 7.922 7.674 7.409 7.126 6.826 6.507 6.170 5.816 5.444 5.054 4.658 4.456 4.249 4.037 3.821 3.600 3.360 3.128 2.914 2.718 2.542 2.384 2.249 2.227 2.206 2.187 2.168 2.150 2.134 2.118 2.103 2.089 2.076 2.064 2.056 2.141 2.227 2.312 2.398 2.483 2.569 2.654 2.740 2.826 2.911 2.997 3.081 3.066 3.046 3.020 2.989 2.952 2.910 2.863 2.810 2.752 2.688 2.619 2.545 2.826 3.113 3.406 3.705 4.011 4.322 4.640 4.964 5.294 5.630 5.973 6.321
9.263 8.971 8.661 8.333 7.987 7.623 7.242 6.842 6.425 5.991 5.449 4.897 4.593 4.332 4.090 3.867 3.663 3.477 3.309 3.161 3.031 2.920 2.827 2.754 2.731 2.713 2.697 2.681 2.667 2.653 2.641 2.629 2.619 2.609 2.600 2.593 2.667 2.753 2.838 2.924 3.009 3.095 3.181 3.266 3.352 3.437 3.523 3.609 3.589 3.550 3.505 3.455 3.399 3.338 3.272 3.200 3.122 3.040 2.951 2.858 3.107 3.416 3.730 4.051 4.378 4.711 5.051 5.396 5.748 6.106 6.469 6.840
10.394 10.038 9.665 9.056 8.460 7.876 7.305 6.747 6.202 5.670 5.150 4.644 4.361 4.166 3.990 3.832 3.693 3.573 3.471 3.388 3.324 3.278 3.251 3.243 3.232 3.218 3.205 3.193 3.182 3.171 3.162 3.154 3.147 3.140 3.135 3.130 3.193 3.278 3.364 3.449 3.535 3.620 3.706 3.791 3.877 3.963 4.048 4.134 4.117 4.059 3.995 3.925 3.851 3.771 3.685 3.594 3.498 3.396 3.289 3.176 3.382 3.712 4.048 4.391 4.739 5.094 5.455 5.858 6.323 6.791 7.261 7.734
10.159 9.569 8.991 8.427 7.876 7.337 6.811 6.299 5.799 5.312 4.838 4.377 4.110 3.981 3.870 3.778 3.704 3.649 3.613 3.595 3.596 3.616 3.654 3.711 3.732 3.721 3.712 3.703 3.695 3.688 3.682 3.677 3.673 3.670 3.668 3.666 3.717 3.803 3.888 3.974 4.059 4.145 4.230 4.316 4.402 4.487 4.573 4.658 4.650 4.572 4.489 4.401 4.307 4.208 4.103 3.994 3.878 3.757 3.631 3.500 3.705 4.161 4.621 5.082 5.546 6.013 6.481 6.953 7.426 7.902 8.380 8.861
9.380 8.835 8.303 7.784 7.278 6.785 6.305 5.838 5.383 4.942 4.513 4.097 3.839 3.775 3.730 3.703 3.695 3.705 3.734 3.782 3.848 3.933 4.037 4.159 4.231 4.223 4.216 4.211 4.206 4.203 4.200 4.198 4.197 4.197 4.199 4.201 4.241 4.327 4.412 4.498 4.583 4.669 4.754 4.840 4.925 5.011 5.097 5.182 5.187 5.090 4.988 4.881 4.768 4.664 4.585 4.527 4.489 4.473 4.478 4.503 4.738 5.203 5.670 6.140 6.612 7.087 7.564 8.043 8.525 9.009 9.495 9.984
8.589 8.089 7.603 7.129 6.668 6.220 5.785 5.363 4.954 4.558 4.174 3.804 3.549 3.550 3.570 3.609 3.666 3.742 3.836 3.949 4.081 4.231 4.400 4.587 4.727 4.723 4.720 4.717 4.716 4.716 4.716 4.718 4.720 4.724 4.728 4.733 4.764 4.850 4.935 5.021 5.106 5.192 5.277 5.363 5.448 5.534 5.578 5.615 5.605 5.494 5.404 5.335 5.287 5.260 5.254 5.268 5.304 5.361 5.438 5.537 5.767 6.240 6.716 7.194 7.674 8.157 8.642 9.130 9.620 10.112 10.606 11.103
7.784 7.330 6.889 6.460 6.045 5.642 5.252 4.875 4.511 4.160 3.822 3.497 3.239 3.305 3.391 3.494 3.617 3.758 3.918 4.096 4.293 4.508 4.743 4.995 5.222 5.221 5.221 5.222 5.224 5.227 5.231 5.235 5.241 5.248 5.256 5.264 5.286 5.372 5.457 5.469 5.478 5.496 5.521 5.554 5.594 5.643 5.700 5.764 5.814 5.777 5.760 5.764 5.788 5.834 5.901 5.989 6.097 6.227 6.377 6.548 6.792 7.274 7.757 8.244 8.732 9.223 9.717 10.212 10.710 11.211 11.714 12.219
6.964 6.558 6.162 5.778 5.408 5.051 4.706 4.374 4.055 3.750 3.456 3.176 2.909 3.041 3.191 3.360 3.548 3.755 3.979 4.223 4.485 4.766 5.065 5.383 5.715 5.718 5.721 5.725 5.730 5.736 5.744 5.750 5.670 5.587 5.502 5.415 5.327 5.340 5.361 5.390 5.427 5.472 5.524 5.585 5.653 5.729 5.813 5.905 6.002 6.038 6.094 6.170 6.268 6.387 6.527 6.687 6.869 7.071 7.294 7.538 7.814 8.303 8.795 9.290 9.787 10.286 10.787 11.291 11.798 12.306 12.817 13.331
6.128 5.772 5.422 5.084 4.758 4.446 4.147 3.860 3.586 3.326 3.078 2.842 2.620 2.757 2.972 3.207 3.460 3.731 4.021 4.330 4.657 5.003 5.367 5.750 6.140 6.124 6.051 5.975 5.896 5.815 5.731 5.645 5.556 5.464 5.370 5.273 5.174 5.198 5.247 5.303 5.368 5.440 5.520 5.608 5.704 5.808 5.919 6.039 6.166 6.278 6.406 6.556 6.727 6.918 7.131 7.364 7.619 7.894 8.190 8.507 8.844 9.329 9.830 10.332 10.837 11.345 11.854 12.366 12.881 13.398 13.917 14.439
5.336 4.974 4.669 4.376 4.096 3.828 3.574 3.333 3.104 2.888 2.685 2.495 2.318 2.453 2.734 3.033 3.351 3.704 4.087 4.455 4.807 5.143 5.463 5.768 6.056 6.077 5.995 5.910 5.822 5.732 5.639 5.543 5.445 5.344 5.241 5.135 5.026 5.048 5.124 5.208 5.300 5.400 5.508 5.623 5.747 5.878 6.017 6.164 6.319 6.496 6.698 6.921 7.164 7.429 7.714 8.020 8.347 8.695 9.064 9.453 9.864 10.351 10.860 11.371 11.884 12.400 12.918 13.438 13.960 14.486 15.013 15.543
4.587 4.163 3.902 3.655 3.420 3.198 2.989 2.792 2.609 2.438 2.345 2.334 2.330 2.552 2.943 3.319 3.678 4.022 4.351 4.663 4.960 5.241 5.506 5.755 5.989 6.033 5.942 5.847 5.751 5.651 5.549 5.444 5.337 5.227 5.114 4.999 4.881 4.890 4.994 5.106 5.225 5.352 5.487 5.630 5.781 5.940 6.107 6.281 6.463 6.694 6.969 7.264 7.580 7.917 8.275 8.654 9.054 9.475 9.916 10.378 10.861 11.370 11.887 12.406 12.927 13.451 13.977 14.505 15.036 15.569 16.105 16.643
3.880 3.339 3.123 3.020 2.984 2.955 2.934 2.919 2.912 2.911 2.918 2.932 2.953 3.107 3.443 3.764 4.068 4.357 4.630 4.888 5.129 5.355 5.565 5.760 5.939 5.992 5.891 5.788 5.682 5.573 5.462 5.348 5.232 5.112 4.991 4.866 4.739 4.725 4.856 4.995 5.142 5.297 5.459 5.630 5.808 5.994 6.188 6.390 6.600 6.871 7.218 7.586 7.975 8.385 8.816 9.267 9.740 10.233 10.747 11.282 11.838 12.385 12.909 13.437 13.966 14.498 15.032 15.569 16.085 16.571 17.066 17.569
3.876 3.455 3.429 3.411 3.400 3.396 3.399 3.409 3.427 3.451 3.483 3.521 3.567 3.678 3.959 4.225 4.474 4.708 4.926 5.128 5.315 5.486 5.641 5.781 5.904 5.954 5.844 5.731 5.616 5.498 5.378 5.255 5.129 5.001 4.870 4.736 4.600 4.552 4.710 4.877 5.051 5.233 5.423 5.621 5.827 6.040 6.262 6.491 6.728 7.026 7.446 7.887 8.349 8.831 9.335 9.859 10.404 10.970 11.556 12.164 12.792 13.356 13.811 14.274 14.747 15.229 15.719 16.218 16.726 17.242 17.767 18.302
4.177 3.788 3.788 3.794 3.808 3.829 3.857 3.891 3.934 3.983 4.039 4.102 4.173 4.266 4.492 4.702 4.896 5.075 5.238 5.386 5.517 5.633 5.734 5.818 5.887 5.918 5.799 5.678 5.553 5.426 5.297 5.164 5.030 4.892 4.752 4.609 4.464 4.370 4.556 4.750 4.952 5.162 5.379 5.605 5.838 6.079 6.327 6.584 6.849 7.161 7.654 8.167 8.701 9.257 9.859 10.470 11.065 11.642 12.202 12.744 13.270 13.773 14.258 14.753 15.256 15.768 16.289 16.819 17.357 17.904 18.460 19.025
