DATA/SHG/ECMWF/20170628/EN-48/20170711.en-48.asc
ncols        190
nrows        64
xllcorner    -5100000.000000000000
yllcorner    4130000.000000000000
cellsize     10000.000000000000
NODATA_value  -99999.000
[rows 32 to 63 of 64, columns 0 to 72 of 190]
14.476 14.475 13.841 13.181 12.554 11.961 11.401 10.873 10.379 9.919 9.491 9.097 8.736 8.408 8.348 8.258 8.124 7.946 7.723 7.456 7.145 6.790 6.390 5.946 5.458 4.925 4.592 4.285 4.002 3.741 3.502 3.287 3.095 2.925 2.779 2.655 2.555 2.480 2.586 2.692 2.801 2.911 3.022 3.134 3.249 3.364 3.481 3.747 4.078 4.411 4.750 5.046 5.300 5.510 5.677 5.801 5.882 5.919 5.914 5.866 5.775 5.638 5.453 5.268 5.082 4.896 4.709 4.522 4.334 4.146 3.957 3.767 3.577
14.160 13.926 13.425 12.882 12.371 11.893 11.449 11.038 10.660 10.315 10.004 9.726 9.481 9.269 9.067 8.822 8.533 8.200 7.823 7.401 6.935 6.425 5.871 5.272 4.629 3.942 3.619 3.392 3.188 3.007 2.849 2.713 2.601 2.512 2.445 2.401 2.380 2.382 2.481 2.593 2.882 3.214 3.546 3.877 4.209 4.540 4.871 5.201 5.531 5.862 6.061 6.207 6.310 6.370 6.387 6.361 6.292 6.181 6.026 5.828 5.587 5.302 5.111 4.924 4.736 4.548 4.359 4.170 3.980 3.790 3.599 3.407 3.215
13.917 13.451 12.974 12.546 12.151 11.790 11.461 11.166 10.904 10.676 10.480 10.318 10.189 10.092 9.832 9.432 8.989 8.501 7.969 7.393 6.772 6.108 5.399 4.646 3.848 3.007 2.622 2.476 2.352 2.251 2.172 2.117 2.084 2.396 2.701 2.968 3.198 3.391 3.679 4.011 4.342 4.673 5.003 5.334 5.664 5.994 6.324 6.654 6.983 7.312 7.412 7.409 7.362 7.272 7.139 6.964 6.745 6.483 6.179 5.831 5.440 5.007 4.769 4.581 4.391 4.201 4.010 3.819 3.627 3.435 3.242 3.048 2.854
13.747 13.050 12.486 12.174 11.896 11.650 11.438 11.259 11.113 11.000 10.920 10.873 10.860 10.880 10.644 10.090 9.491 8.849 8.162 7.432 6.657 5.838 4.974 4.067 3.115 2.143 2.191 2.626 3.024 3.384 3.708 3.994 4.243 4.454 4.629 4.766 4.866 4.929 5.139 5.469 5.799 6.129 6.459 6.789 7.118 7.447 7.776 8.104 8.433 8.761 8.805 8.651 8.455 8.215 7.933 7.607 7.239 6.828 6.373 5.876 5.336 4.753 4.429 4.238 4.047 3.855 3.662 3.469 3.275 3.081 2.886 2.691 2.495
13.651 12.722 11.963 11.767 11.604 11.475 11.378 11.315 11.284 11.287 11.323 11.392 11.495 11.630 11.502 10.793 10.041 9.244 8.424 7.733 7.117 6.577 6.113 5.724 5.410 5.172 5.195 5.500 5.768 5.998 6.192 6.348 6.466 6.548 6.593 6.600 6.570 6.503 6.597 6.926 7.256 7.585 7.913 8.242 8.570 8.898 9.226 9.554 9.881 10.208 10.238 9.935 9.588 9.199 8.767 8.292 7.774 7.214 6.610 5.963 5.273 4.541 4.090 3.897 3.704 3.510 3.315 3.120 2.924 2.728 2.531 2.334 2.136
13.629 12.468 11.404 11.324 11.277 11.263 11.283 11.335 11.420 11.539 11.690 11.839 11.930 12.043 11.998 11.268 10.614 10.035 9.531 9.103 8.750 8.473 8.271 8.145 8.093 8.118 8.235 8.410 8.547 8.648 8.711 8.737 8.726 8.677 8.592 8.469 8.310 8.113 8.053 8.382 8.710 9.038 9.366 9.693 10.020 10.348 10.674 11.001 11.327 11.654 11.712 11.259 10.763 10.225 9.643 9.019 8.351 7.641 6.888 6.092 5.253 4.371 3.752 3.557 3.361 3.166 2.969 2.772 2.574 2.376 2.177 1.978 1.778
13.680 12.287 10.829 10.846 10.881 10.897 10.934 10.993 11.073 11.175 11.298 11.443 11.609 11.796 11.973 11.506 11.114 10.798 10.557 10.392 10.302 10.287 10.347 10.483 10.695 10.981 11.309 11.354 11.362 11.332 11.265 11.162 11.021 10.842 10.627 10.375 10.085 9.758 9.508 9.835 10.162 10.489 10.816 11.143 11.469 11.795 12.121 12.447 12.772 13.097 13.227 12.624 11.979 11.291 10.560 9.786 8.970 8.110 7.208 6.262 5.274 4.243 3.414 3.218 3.020 2.822 2.624 2.425 2.225 2.025 2.029 2.196 2.395
13.224 11.642 10.082 9.867 9.937 10.028 10.140 10.274 10.429 10.606 10.804 11.024 11.265 11.527 11.811 11.663 11.534 11.480 11.502 11.599 11.771 12.019 12.342 12.740 13.213 13.762 14.386 14.333 14.211 14.052 13.855 13.622 13.351 13.043 12.698 12.316 11.897 11.440 10.961 11.287 11.613 11.939 12.265 12.591 12.916 13.241 13.566 13.891 14.215 14.539 14.782 14.030 13.236 12.398 11.518 10.595 9.629 8.620 7.569 6.474 5.337 4.157 3.078 3.031 3.084 3.169 3.287 3.436 3.618 3.832 4.079 4.357 4.668
12.191 10.689 9.209 8.826 8.970 9.136 9.324 9.533 9.763 10.014 10.287 10.582 10.898 11.235 11.594 11.739 11.873 12.082 12.366 12.725 13.159 13.669 14.254 14.914 15.650 16.460 17.346 17.348 17.096 16.806 16.480 16.117 15.716 15.279 14.804 14.293 13.744 13.158 12.535 12.737 13.063 13.388 13.713 14.037 14.361 14.686 15.010 15.333 15.657 15.980 16.303 15.477 14.533 13.547 12.517 11.445 10.279 9.133 8.035 6.987 5.987 5.036 4.136 4.268 4.433 4.629 4.858 5.120 5.413 5.738 6.096 6.486 6.908
11.135 9.712 8.311 7.762 7.982 8.223 8.485 8.769 9.074 9.400 9.748 10.117 10.508 10.920 11.354 11.735 12.131 12.602 13.148 13.769 14.466 15.237 16.084 17.006 18.004 19.076 20.224 20.397 20.015 19.596 19.140 18.647 18.117 17.550 16.946 16.305 15.627 14.911 14.159 14.186 14.510 14.834 15.158 15.482 15.805 16.128 16.451 16.774 17.096 17.153 17.123 16.103 14.883 13.711 12.587 11.513 10.487 9.510 8.581 7.702 6.871 6.088 5.355 5.473 5.749 6.057 6.397 6.770 7.174 7.611 8.080 8.581 9.114
10.056 8.712 7.391 6.677 6.971 7.287 7.624 7.983 8.363 8.764 9.187 9.631 10.096 10.583 11.091 11.651 12.308 13.041 13.849 14.733 15.691 16.724 17.833 19.017 20.276 21.610 23.019 23.481 22.970 22.421 21.836 21.213 20.554 19.857 19.124 18.353 17.545 16.701 15.819 15.633 15.956 16.279 16.435 16.541 16.609 16.638 16.628 16.580 16.493 16.367 16.203 15.419 14.367 13.364 12.410 11.504 10.647 9.839 9.079 8.368 7.706 7.093 6.528 6.645 7.033 7.452 7.904 8.387 8.903 9.451 10.031 10.643 11.288
8.953 7.688 6.447 5.569 5.938 6.329 6.741 7.174 7.629 8.105 8.602 9.121 9.661 10.223 10.806 11.486 12.405 13.400 14.470 15.615 16.835 18.130 19.500 20.945 22.466 24.061 25.732 26.600 25.959 25.281 24.566 23.814 23.025 22.199 21.340 20.538 19.581 18.469 17.202 16.480 16.568 16.617 16.627 16.599 16.533 16.427 16.283 16.101 15.880 15.620 15.322 14.688 13.805 12.971 12.185 11.448 10.760 10.120 9.529 8.987 8.493 8.049 7.652 7.785 8.284 8.814 9.377 9.972 10.599 11.258 11.949 12.672 13.428
7.827 6.641 5.479 4.439 4.883 5.349 5.835 6.343 6.873 7.423 7.996 8.589 9.204 9.840 10.497 11.241 12.422 13.678 15.010 16.416 17.897 19.454 21.086 22.792 24.574 26.430 28.362 29.825 29.568 29.156 28.590 27.868 26.991 25.960 24.773 23.431 21.935 20.283 18.477 17.113 17.066 16.981 16.858 16.696 16.495 16.256 15.978 15.661 15.306 14.913 14.481 13.910 13.196 12.530 11.913 11.345 10.825 10.354 9.932 9.558 9.233 8.956 8.729 8.893 9.502 10.144 10.818 11.524 12.262 13.032 13.834 14.669 15.535
6.677 5.571 4.488 3.427 3.806 4.346 4.908 5.490 6.094 6.720 7.366 8.034 8.724 9.435 10.167 10.920 12.358 13.876 15.468 17.136 18.923 21.005 23.277 25.739 28.392 31.234 34.266 37.190 36.393 35.442 34.335 33.074 31.658 30.087 28.361 26.480 24.444 22.254 19.909 17.784 17.603 17.384 17.127 16.831 16.496 16.123 15.711 15.261 14.772 14.245 13.679 13.085 12.539 12.042 11.594 11.194 10.843 10.540 10.286 10.081 9.924 9.816 9.757 9.968 10.688 11.441 12.226 13.043 13.892 14.773 15.687 16.632 17.609
5.504 4.477 3.473 2.492 2.707 3.322 3.958 4.615 5.294 5.993 6.715 7.457 8.221 9.000 9.742 10.435 12.063 14.047 16.220 18.583 21.136 23.879 26.812 29.935 33.248 36.751 40.443 44.326 43.372 41.880 40.235 38.434 36.479 34.369 32.104 29.684 27.110 24.381 21.497 18.494 18.179 17.826 17.435 17.005 16.536 16.029 15.484 14.900 14.277 13.616 12.916 12.213 11.836 11.507 11.227 10.996 10.813 10.679 10.593 10.556 10.568 10.628 10.737 11.010 11.842 12.706 13.602 14.530 15.490 16.482 17.506 18.562 19.650
4.308 3.360 2.435 1.533 1.586 2.275 3.088 3.998 4.860 5.675 6.442 7.160 7.831 8.455 9.030 9.558 11.428 14.073 16.907 19.931 23.145 26.548 30.142 33.925 37.898 42.061 46.414 50.956 50.502 48.472 46.287 43.948 41.454 38.805 36.002 33.043 29.931 26.663 23.241 19.664 18.793 18.307 17.781 17.217 16.615 15.974 15.295 14.577 13.821 13.026 12.193 11.321 11.085 10.925 10.813 10.750 10.736 10.770 10.852 10.984 11.163 11.392 11.668 12.021 12.964 13.938 14.945 15.984 17.055 18.158 19.293 20.460 21.647
3.687 3.154 2.608 2.048 2.126 2.965 3.757 4.501 5.197 5.845 6.446 6.999 7.504 7.961 8.370 8.732 10.591 13.896 17.391 21.075 24.949 29.013 33.266 37.709 42.342 47.165 52.177 57.379 57.786 55.217 52.494 49.615 46.583 43.396 40.054 36.558 32.907 29.102 25.142 21.027 19.446 18.825 18.166 17.469 16.733 15.958 15.145 14.294 13.404 12.476 11.509 10.504 10.287 10.296 10.352 10.457 10.611 10.813 11.064 11.363 11.711 12.107 12.552 13.045 14.053 15.113 15.924 16.744 17.573 18.411 19.258 20.114 20.980
5.187 4.607 4.013 3.407 3.178 3.852 4.477 5.055 5.585 6.067 6.502 6.889 7.228 7.519 7.763 7.958 9.552 13.517 17.672 22.016 26.550 31.273 36.186 41.289 46.581 52.063 57.734 63.595 65.222 62.115 58.853 55.437 51.866 48.141 44.261 40.227 36.039 31.696 27.199 22.547 20.137 19.382 18.590 17.759 16.889 15.981 15.035 14.050 13.026 11.965 10.864 9.726 9.443 9.619 9.844 10.117 10.439 10.809 11.211 11.526 11.831 12.125 12.409 12.683 13.382 14.216 15.058 15.910 16.771 17.641 18.520 19.408 20.305
6.699 6.072 5.432 4.778 4.282 4.789 5.248 5.660 6.024 6.341 6.609 6.830 7.003 7.129 7.207 7.237 8.311 12.935 17.750 22.754 27.947 33.329 38.902 44.663 50.614 56.755 63.085 69.604 72.810 69.165 65.365 61.411 57.303 53.040 48.623 44.052 39.326 34.446 29.411 24.222 20.866 19.978 19.052 18.087 17.084 16.043 14.963 13.844 12.688 11.492 10.259 8.999 8.628 8.970 9.301 9.622 9.933 10.233 10.523 10.802 11.071 11.329 11.577 11.815 12.445 13.311 14.185 15.068 15.961 16.863 17.773 18.693 19.622
8.225 7.551 6.864 6.163 5.450 5.777 6.070 6.316 6.515 6.665 6.768 6.823 6.831 6.790 6.702 6.567 6.868 12.152 17.625 23.288 29.140 35.182 41.413 47.833 54.442 61.241 68.229 75.407 80.551 76.368 72.031 67.539 62.893 58.093 53.139 48.031 42.768 37.351 31.779 26.054 21.633 20.612 19.552 18.454 17.253 15.899 14.588 13.320 12.095 10.913 9.775 8.680 8.166 8.472 8.768 9.053 9.328 9.592 9.846 10.089 10.322 10.544 10.756 10.958 11.501 12.398 13.304 14.219 15.143 16.077 17.019 17.971 18.931
9.763 9.043 8.309 7.561 6.801 6.816 6.943 7.023 7.056 7.041 6.978 6.867 6.709 6.503 6.250 5.949 5.600 11.166 17.298 23.620 30.130 36.830 43.720 50.798 58.065 65.522 73.168 81.003 88.444 83.723 78.849 73.820 68.638 63.301 57.809 52.164 46.365 40.106 33.350 26.763 21.098 19.720 18.386 17.095 15.847 14.642 13.480 12.361 11.286 10.254 9.264 8.318 7.716 7.986 8.246 8.495 8.733 8.962 9.179 9.387 9.584 9.770 9.946 10.112 10.548 11.477 12.415 13.362 14.318 15.283 16.257 17.240 18.232
11.315 10.548 9.767 8.973 8.165 7.905 7.867 7.781 7.648 7.467 7.239 6.963 6.639 6.268 5.849 5.382 4.868 9.978 16.769 23.749 30.918 38.276 45.823 53.559 61.484 69.598 77.902 86.394 95.076 91.231 84.954 77.596 70.407 63.389 56.540 49.861 43.352 37.013 30.843 24.844 19.053 17.825 16.640 15.498 14.399 13.343 12.331 11.361 10.435 9.552 8.712 7.915 7.276 7.510 7.734 7.947 8.150 8.342 8.524 8.695 8.856 9.007 9.147 9.277 9.588 10.548 11.518 12.497 13.484 14.481 15.487 16.502 17.526
12.880 12.065 11.238 10.397 9.543 9.045 8.841 8.590 8.292 7.945 7.551 7.110 6.621 6.084 5.500 4.868 4.188 8.589 16.038 23.675 31.502 39.517 47.722 55.513 62.583 69.404 75.979 82.305 88.383 84.522 77.582 70.811 64.210 57.779 51.518 45.426 39.504 33.751 28.169 22.756 17.513 15.888 14.852 13.859 12.910 12.003 11.140 10.320 9.542 8.808 8.117 7.469 6.864 7.045 7.233 7.410 7.577 7.734 7.880 8.015 8.140 8.255 8.359 8.453 8.620 9.612 10.613 11.624 12.643 13.671 14.709 15.755 16.811
14.457 13.596 12.722 11.834 10.934 10.236 9.867 9.450 8.986 8.474 7.915 7.308 6.654 5.952 5.202 4.405 3.705 7.254 14.953 22.405 29.610 36.567 43.276 49.737 55.951 61.917 67.635 73.106 78.329 76.398 70.045 63.861 57.847 52.003 46.329 40.824 35.488 30.322 25.326 20.499 15.842 13.910 13.024 12.180 11.379 10.622 9.908 9.236 8.608 8.023 7.481 6.982 6.526 6.591 6.743 6.885 7.015 7.136 7.246 7.346 7.435 7.514 7.582 7.640 7.688 8.668 9.701 10.743 11.794 12.854 13.923 15.001 16.088
16.048 15.140 14.219 13.285 12.337 11.477 10.942 10.360 9.731 9.000 8.273 7.588 6.945 6.345 5.788 5.273 4.800 6.879 13.722 20.318 26.667 32.767 38.621 44.227 49.585 54.696 59.559 64.175 68.543 68.109 62.342 56.746 51.319 46.061 40.973 36.054 31.305 26.725 22.315 18.075 14.003 11.891 11.154 10.459 9.808 9.199 8.634 8.111 7.632 7.196 6.803 6.452 6.145 6.148 6.264 6.369 6.464 6.549 6.623 6.687 6.740 6.783 6.816 6.838 6.850 7.716 8.780 9.854 10.937 12.028 13.129 14.239 15.358
17.652 16.697 15.546 14.309 13.037 11.766 11.016 10.308 9.643 9.020 8.440 7.902 7.407 6.954 6.543 6.175 5.849 6.766 12.754 18.494 23.987 29.232 34.231 38.981 43.485 47.741 51.750 55.511 59.025 59.655 54.475 49.465 44.624 39.953 35.451 31.118 26.955 22.961 19.137 15.481 11.996 9.832 9.243 8.697 8.195 7.735 7.319 6.945 6.615 6.327 6.083 5.881 5.723 5.715 5.795 5.865 5.924 5.973 6.011 6.039 6.057 6.064 6.061 6.047 6.023 6.756 7.852 8.957 10.072 11.375 12.754 14.152 15.566
18.014 16.726 15.403 14.045 12.653 11.226 10.549 9.988 9.470 8.994 8.561 8.170 7.822 7.516 7.252 7.031 6.852 6.915 12.047 16.933 21.570 25.961 30.105 34.001 37.650 41.052 44.207 47.114 49.774 51.037 46.443 42.019 37.764 33.679 29.762 26.015 22.438 19.029 15.790 12.720 9.820 7.731 7.291 6.895 6.541 6.230 5.962 5.737 5.555 5.417 5.321 5.268 5.258 5.294 5.338 5.372 5.395 5.408 5.410 5.402 5.384 5.356 5.453 5.610 5.795 6.628 7.999 9.386 10.792 12.215 13.656 15.114 16.590
18.152 16.743 15.299 13.821 12.308 10.760 10.036 9.623 9.251 8.923 8.636 8.392 8.191 8.031 7.915 7.840 7.808 7.819 11.603 15.634 19.417 22.954 26.243 29.285 32.080 34.629 36.930 38.984 40.791 42.254 38.247 34.408 30.739 27.239 23.908 20.746 17.754 14.930 12.276 9.791 7.476 5.589 5.298 5.050 4.845 4.683 4.564 4.488 4.455 4.465 4.517 4.613 4.752 4.883 4.891 4.921 4.983 5.071 5.187 5.329 5.499 5.696 5.920 6.171 6.449 7.207 8.638 10.087 11.553 13.037 14.539 16.058 17.595
18.328 16.798 15.234 13.635 12.001 10.333 9.478 9.211 8.987 8.805 8.666 8.569 8.514 8.501 8.531 8.604 8.718 8.876 11.420 14.597 17.527 20.209 22.645 24.834 26.776 28.471 29.919 31.120 32.074 32.781 29.885 26.632 23.548 20.633 17.887 15.311 12.903 10.664 8.595 6.694 4.963 3.407 3.265 3.165 3.109 3.095 3.125 3.197 3.417 3.647 3.870 4.086 4.294 4.479 4.579 4.707 4.862 5.044 5.253 5.489 5.752 6.042 6.360 6.704 7.076 7.767 9.259 10.769 12.297 13.842 15.405 16.985 18.583
18.542 16.892 15.207 13.487 11.733 9.944 8.875 8.755 8.677 8.642 8.649 8.699 8.791 8.925 9.102 9.321 9.582 9.886 11.499 13.822 15.899 17.728 19.311 20.646 21.735 22.578 23.173 23.522 23.624 23.479 21.359 18.691 16.192 13.862 11.701 9.709 7.885 6.231 4.746 3.430 2.283 1.588 1.717 1.966 2.208 2.443 2.670 2.889 3.102 3.306 3.504 3.694 3.876 4.051 4.245 4.467 4.715 4.990 5.293 5.622 5.979 6.362 6.773 7.211 7.676 8.310 9.863 11.434 13.022 14.628 16.252 17.893 19.552
18.795 17.024 15.219 13.379 11.504 9.595 8.226 8.253 8.322 8.434 8.587 8.784 9.022 9.303 9.626 9.992 10.400 10.850 11.840 13.310 14.533 15.510 16.240 16.723 16.960 16.950 16.693 16.190 15.440 14.443 12.669 10.586 8.671 6.925 6.199 5.505 4.822 4.150 3.489 2.839 2.200 1.572 1.563 1.786 2.003 2.212 2.413 2.607 2.794 2.973 3.145 3.309 3.466 3.616 3.885 4.200 4.541 4.910 5.306 5.729 6.179 6.656 7.160 7.691 8.249 8.834 10.448 12.080 13.730 15.397 17.081 18.783 20.503
19.086 17.194 15.269 13.308 11.313 9.284 7.532 7.705 7.921 8.179 8.480 8.823 9.208 9.635 10.105 10.617 11.171 11.767 12.441 13.058 13.429 13.554 13.432 13.063 12.448 11.586 10.506 10.074 9.638 9.198 8.641 7.941 7.252 6.574 5.907 5.251 4.606 3.972 3.349 2.737 2.136 1.546 1.416 1.614 1.805 1.988 2.164 2.333 2.494 2.648 2.794 2.933 3.064 3.188 3.498 3.906 4.341 4.804 5.293 5.809 6.352 6.922 7.520 8.144 8.795 9.474 11.016 12.709 14.419 16.147 17.893 19.656 21.436
