DATA/SHG/ECMWF/20170628/EN-48/20170702.en-48.asc
ncols        190
nrows        64
xllcorner    -5100000.000000000000
yllcorner    4130000.000000000000
cellsize     10000.000000000000
NODATA_value  -99999.000
[rows 32 to 63 of 64, columns 0 to 71 of 190]
3.651 3.322 3.272 3.258 3.252 3.255 3.267 3.288 3.318 3.356 3.404 3.460 3.525 3.598 3.443 3.263 3.072 2.869 2.654 2.428 2.190 1.940 1.679 1.407 1.122 0.826 0.837 0.855 0.875 0.898 0.924 0.951 0.981 1.013 1.048 1.085 1.124 1.166 1.210 1.242 1.261 1.269 1.265 1.248 1.220 1.179 1.127 1.242 1.357 1.391 1.556 1.709 1.851 1.981 2.100 2.208 2.304 2.390 2.463 2.526 2.577 2.674 3.310 3.930 4.534 5.122 5.694 6.250 6.790 7.313 7.821 8.313
3.795 3.445 3.366 3.382 3.407 3.441 3.484 3.536 3.596 3.666 3.744 3.830 3.926 4.030 3.885 3.665 3.433 3.189 2.934 2.667 2.388 2.098 1.796 1.483 1.158 0.821 0.785 0.811 0.840 0.871 0.905 0.941 0.979 1.019 1.062 1.107 1.155 1.205 1.212 1.202 1.616 2.052 2.397 2.650 2.812 2.883 2.862 2.750 2.546 2.251 2.337 2.450 2.552 2.643 2.723 2.791 2.848 2.894 2.928 2.951 2.963 2.963 3.518 4.083 4.631 5.163 5.679 6.179 6.663 7.131 7.583 8.019
3.945 3.574 3.450 3.497 3.553 3.618 3.691 3.774 3.865 3.965 4.074 4.191 4.317 4.453 4.340 4.079 3.806 3.521 3.225 2.918 2.598 2.267 1.925 1.571 1.205 0.828 0.731 0.766 0.803 0.842 0.884 0.928 0.974 1.425 2.011 2.702 3.499 4.401 4.937 5.237 5.446 5.563 5.589 5.523 5.366 5.118 4.779 4.348 3.825 3.212 3.128 3.202 3.264 3.316 3.356 3.385 3.402 3.409 3.404 3.387 3.360 3.321 3.742 4.250 4.743 5.219 5.680 6.124 6.552 6.965 7.361 7.741
4.102 3.710 3.524 3.602 3.689 3.784 3.889 4.002 4.123 4.254 4.394 4.542 4.699 4.865 4.806 4.504 4.191 3.866 3.529 3.181 2.821 2.449 2.066 1.671 1.265 0.849 0.746 0.963 1.285 1.711 2.243 2.881 3.623 4.470 5.423 6.480 7.643 8.911 9.493 9.474 9.363 9.162 8.869 8.485 8.009 7.442 6.784 6.035 5.194 4.262 3.929 3.963 3.987 3.999 4.000 3.989 3.967 3.934 3.889 3.834 3.767 3.688 3.980 4.433 4.870 5.291 5.695 6.084 6.457 6.813 7.154 7.478
4.265 3.852 3.588 3.697 3.815 3.941 4.076 4.220 4.372 4.534 4.704 4.883 5.070 5.267 5.284 4.942 4.588 4.222 3.838 3.422 3.016 2.619 2.232 1.854 1.485 1.126 1.116 1.699 2.387 3.180 4.078 5.082 6.190 7.403 8.722 10.145 11.674 13.307 14.135 13.797 13.368 12.848 12.237 11.534 10.740 9.855 8.878 7.811 6.652 5.402 4.740 4.735 4.719 4.692 4.653 4.603 4.542 4.469 4.386 4.290 4.184 4.066 4.233 4.631 5.012 5.377 5.726 6.059 6.376 6.677 6.962 7.231
4.434 4.001 3.643 3.782 3.931 4.088 4.253 4.428 4.611 4.803 5.004 5.209 5.380 5.510 5.502 5.082 4.671 4.269 3.877 3.494 3.120 2.756 2.401 2.056 1.720 1.394 1.375 2.324 3.378 4.538 5.802 7.171 8.645 10.225 11.909 13.698 15.592 17.591 18.865 18.209 17.461 16.622 15.693 14.672 13.559 12.356 11.062 9.676 8.199 6.631 5.562 5.518 5.462 5.395 5.317 5.228 5.127 5.015 4.892 4.758 4.612 4.455 4.502 4.844 5.169 5.479 5.772 6.050 6.311 6.556 6.786 6.999
4.610 4.156 3.696 3.858 4.107 4.420 4.692 4.924 5.115 5.266 5.377 5.447 5.477 5.466 5.400 5.013 4.634 4.265 3.905 3.555 3.214 2.883 2.561 2.248 1.945 1.651 1.524 2.839 4.259 5.784 7.414 9.149 10.989 12.934 14.983 17.138 19.397 21.761 23.681 22.707 21.641 20.484 19.236 17.897 16.467 14.946 13.334 11.630 9.835 7.950 6.393 6.310 6.215 6.109 5.991 5.863 5.723 5.572 5.409 5.235 5.050 4.854 4.786 5.072 5.342 5.595 5.833 6.055 6.261 6.451 6.996 7.676
5.486 5.237 4.997 5.165 5.377 5.548 5.679 5.770 5.820 5.830 5.800 5.729 5.617 5.466 5.273 4.934 4.588 4.251 3.924 3.607 3.298 3.000 2.710 2.430 2.159 1.898 1.646 3.244 5.029 6.920 8.915 11.016 13.221 15.531 17.945 20.465 23.089 25.819 28.585 27.292 25.908 24.434 22.868 21.211 19.463 17.624 15.694 13.673 11.561 9.358 7.235 7.112 6.978 6.833 6.676 6.508 6.329 6.138 5.936 5.723 5.499 5.263 5.084 6.031 7.207 8.243 9.138 9.892 10.506 10.980 11.313 11.505
7.045 6.825 6.614 6.619 6.689 6.720 6.710 6.659 6.568 6.437 6.266 6.054 5.801 5.509 5.175 4.845 4.531 4.228 3.933 3.648 3.373 3.106 2.850 2.602 2.364 2.135 1.916 3.538 5.689 7.945 10.306 12.771 15.341 18.016 20.796 23.680 26.669 29.763 32.962 31.965 30.263 28.471 26.587 24.613 22.547 20.391 18.143 15.805 13.376 10.855 8.244 7.925 7.751 7.567 7.371 7.163 7.570 8.261 9.042 9.913 10.874 11.925 13.066 13.894 14.582 15.129 15.536 15.802 15.928 15.913 15.758 15.462
8.593 8.402 8.219 8.115 8.044 7.933 7.782 7.591 7.359 7.087 6.774 6.422 6.028 5.595 5.121 4.746 4.465 4.194 3.932 3.680 3.437 3.203 2.979 2.764 2.559 2.362 2.176 3.722 6.238 8.859 11.585 14.415 17.350 20.390 23.534 26.783 30.137 33.595 37.158 36.724 34.705 32.595 30.394 28.102 25.719 23.246 20.681 18.026 15.279 12.738 10.432 10.365 10.917 11.559 12.291 13.113 14.026 15.029 16.121 17.304 18.578 19.941 21.395 21.883 22.082 22.141 22.060 21.838 21.476 20.973 20.330 19.547
10.131 9.968 9.814 9.653 9.442 9.190 8.898 8.565 8.193 7.780 7.326 6.833 6.299 5.724 5.110 4.637 4.389 4.151 3.922 3.702 3.491 3.290 3.098 2.916 2.743 2.579 2.425 3.796 6.677 9.663 12.753 15.948 19.248 22.652 26.161 29.774 33.492 37.315 41.242 41.570 39.234 36.807 33.646 30.628 27.811 25.196 22.783 20.572 18.562 16.754 15.148 15.163 16.027 16.981 18.026 19.160 20.385 21.699 23.104 24.599 26.184 27.859 29.625 29.997 29.708 29.279 28.710 28.000 27.150 26.160 25.030 23.759
11.657 11.523 11.397 11.233 10.881 10.489 10.056 9.583 9.069 8.515 7.921 7.287 6.612 5.897 5.142 4.519 4.304 4.098 3.901 3.714 3.536 3.367 3.208 3.058 2.918 2.786 2.665 3.760 7.006 10.356 13.811 17.371 21.035 24.803 28.658 31.772 34.791 37.717 40.547 40.725 37.802 35.080 32.560 30.242 28.125 26.210 24.496 22.984 21.674 20.565 19.658 19.866 21.042 22.308 23.665 25.111 26.647 28.274 29.990 31.797 33.694 35.681 37.757 38.236 37.459 36.543 35.486 34.289 32.952 31.475 29.857 28.100
13.172 13.067 12.970 12.856 12.363 11.830 11.256 10.642 9.988 9.294 8.559 7.784 6.969 6.113 5.218 4.391 4.208 4.034 3.870 3.716 3.570 3.434 3.307 3.190 3.082 2.983 2.894 3.609 7.056 10.409 13.668 16.833 19.903 22.879 25.761 28.548 31.241 33.840 36.344 37.338 35.115 33.093 31.272 29.654 28.236 27.020 26.006 25.193 24.581 24.171 23.963 24.473 25.961 27.539 29.208 30.966 32.814 34.752 36.780 38.898 41.106 43.405 45.793 46.600 45.336 43.932 42.388 40.704 38.880 36.916 34.812 32.568
14.676 14.599 14.531 14.471 13.888 13.214 12.499 11.745 10.950 10.115 9.240 8.324 7.369 6.373 5.336 4.260 4.103 3.962 3.830 3.708 3.593 3.477 3.365 3.256 3.150 3.049 2.950 3.097 6.218 9.245 12.177 15.015 17.759 20.408 22.963 25.424 27.791 30.064 32.242 33.751 32.227 30.905 29.784 28.864 28.145 27.628 27.312 27.198 27.285 27.573 28.062 28.986 30.785 32.675 34.655 36.725 38.884 41.134 43.473 45.903 48.422 51.032 53.731 55.088 53.338 51.447 49.416 47.246 44.935 42.484 39.894 37.163
16.169 16.121 16.081 16.050 15.454 14.640 13.785 12.890 11.954 10.979 9.963 8.908 7.811 6.654 5.456 4.283 3.998 3.881 3.767 3.656 3.549 3.445 3.345 3.248 3.155 3.065 2.979 2.897 5.478 8.178 10.784 13.296 15.713 18.036 20.265 22.400 24.441 26.387 28.240 29.965 29.140 28.516 28.094 27.872 27.852 28.034 28.416 29.000 29.784 30.770 31.958 33.403 35.514 37.716 40.007 42.388 44.859 47.420 50.070 52.811 55.641 58.562 61.572 63.702 61.465 59.087 56.570 53.913 51.116 48.179 45.102 41.886
17.650 17.631 17.620 17.618 17.063 16.108 14.980 13.696 12.437 11.202 9.991 8.806 7.644 6.507 5.395 4.307 3.902 3.796 3.694 3.596 3.501 3.409 3.321 3.237 3.156 3.078 3.004 2.934 4.837 7.210 9.490 11.675 13.767 15.764 17.667 19.476 21.191 22.811 24.338 25.770 25.852 25.927 26.203 26.680 27.358 28.237 29.317 30.598 32.080 33.764 35.648 37.734 40.148 42.661 45.263 47.956 50.738 53.609 56.571 59.622 62.764 65.995 69.316 72.441 69.717 66.853 63.850 60.707 57.424 54.001 50.438 46.736
18.596 18.238 17.864 17.474 16.684 15.436 14.213 13.014 11.840 10.690 9.564 8.464 7.387 6.336 5.308 4.306 3.802 3.708 3.618 3.532 3.449 3.370 3.294 3.222 3.153 3.088 3.026 2.968 4.293 6.341 8.294 10.154 11.919 13.590 15.168 16.651 18.040 19.335 20.536 21.643 22.365 23.138 24.112 25.286 26.662 28.238 30.016 31.994 34.173 36.553 39.135 41.917 44.688 47.511 50.425 53.428 56.521 59.703 62.976 66.338 69.790 73.332 76.963 80.684 78.094 74.625 69.870 65.182 60.558 56.001 51.509 47.083
17.686 17.271 16.841 16.394 15.721 14.558 13.420 12.306 11.217 10.152 9.112 8.096 7.105 6.138 5.196 4.278 3.698 3.617 3.539 3.465 3.394 3.327 3.263 3.203 3.147 3.093 3.044 2.998 3.847 5.569 7.197 8.730 10.170 11.516 12.768 13.925 14.989 15.959 16.834 17.616 18.678 20.149 21.820 23.692 25.764 28.038 30.512 33.187 36.063 39.139 42.417 45.895 49.132 52.266 55.491 58.805 62.208 65.702 69.078 71.301 73.554 75.837 78.149 80.492 77.425 72.831 68.302 63.840 59.443 55.111 50.845 46.645
16.795 16.324 15.836 15.333 14.733 13.655 12.602 11.573 10.569 9.589 8.633 7.703 6.796 5.914 5.057 4.224 3.590 3.521 3.456 3.394 3.335 3.280 3.229 3.181 3.137 3.096 3.058 3.024 3.499 4.895 6.197 7.406 8.520 9.540 10.467 11.299 12.038 12.682 13.233 13.689 14.792 16.960 19.328 21.896 24.665 27.635 30.806 34.177 37.749 41.522 45.495 49.430 51.993 54.142 56.321 58.529 60.767 63.035 65.333 67.661 70.018 72.405 74.822 77.269 75.344 70.976 66.674 62.438 58.267 54.161 50.122 46.147
15.924 15.396 14.851 14.291 13.714 12.727 11.758 10.814 9.895 9.000 8.130 7.284 6.462 5.665 4.892 4.144 3.479 3.423 3.369 3.319 3.273 3.230 3.191 3.155 3.123 3.094 3.069 3.047 3.249 4.320 5.296 6.179 6.968 7.663 8.265 8.772 9.186 9.505 9.731 9.863 10.707 13.571 16.635 19.900 23.368 26.837 30.185 33.413 36.519 39.505 42.370 45.115 47.597 49.850 52.134 54.446 56.789 59.161 61.563 63.995 66.457 68.949 71.470 74.021 73.204 69.063 64.986 60.976 57.031 53.151 49.337 45.589
15.071 14.487 13.886 13.268 12.635 11.773 10.889 10.030 9.196 8.386 7.600 6.839 6.102 5.390 4.702 4.039 3.400 3.320 3.279 3.241 3.207 3.176 3.149 3.126 3.105 3.089 3.076 3.066 3.096 3.842 4.493 5.051 5.515 5.885 6.162 6.344 6.433 6.642 7.196 7.716 8.679 12.214 15.628 18.921 22.094 25.146 28.077 30.888 33.578 36.147 38.596 40.924 43.177 45.534 47.922 50.339 52.786 55.262 57.769 60.305 62.871 65.467 68.092 70.747 71.005 67.089 63.239 59.454 55.735 52.081 48.493 44.970
14.238 13.597 12.939 12.265 11.575 10.794 9.995 9.221 8.471 7.746 7.045 6.369 5.717 5.089 4.486 3.908 3.353 3.214 3.185 3.160 3.138 3.119 3.104 3.092 3.084 3.080 3.079 3.081 3.087 3.462 3.957 4.627 5.265 5.869 6.440 6.978 7.482 7.954 8.393 8.798 9.194 12.312 15.309 18.186 20.942 23.577 26.092 28.486 30.759 32.912 34.945 36.856 38.731 41.193 43.685 46.206 48.757 51.338 53.949 56.589 59.259 61.959 64.689 67.448 68.746 65.056 61.432 57.872 54.379 50.951 47.588 44.291
13.424 12.726 12.012 11.281 10.534 9.790 9.076 8.386 7.721 7.081 6.465 5.873 5.306 4.763 4.244 3.750 3.281 3.105 3.088 3.074 3.064 3.058 3.055 3.197 3.494 3.819 4.169 4.546 4.948 5.517 6.105 6.661 7.183 7.672 8.128 8.551 8.941 9.298 9.622 9.912 10.169 12.532 15.112 17.572 19.911 22.130 24.229 26.207 28.064 29.801 31.417 32.913 34.288 36.827 39.423 42.049 44.704 47.389 50.104 52.849 55.623 58.427 61.260 64.124 66.428 62.964 59.565 56.231 52.963 49.760 46.623 43.551
12.629 11.875 11.104 10.317 9.513 8.760 8.131 7.526 6.946 6.390 5.859 5.352 4.869 4.411 3.977 3.568 3.302 3.321 3.552 3.810 4.093 4.403 4.739 5.102 5.490 5.905 6.346 6.813 7.307 7.812 8.285 8.726 9.133 9.508 9.849 10.157 10.432 10.674 10.883 11.059 11.201 12.872 15.036 17.080 19.003 20.806 22.488 24.050 25.491 26.812 28.012 29.092 30.052 32.437 35.137 37.867 40.626 43.415 46.234 49.083 51.961 54.869 57.806 60.774 63.771 60.812 57.638 54.530 51.487 48.510 45.598 42.751
11.854 11.042 10.215 9.371 8.511 7.705 7.161 6.641 6.145 5.808 5.559 5.335 5.136 4.964 4.816 4.695 4.599 4.652 4.974 5.322 5.697 6.097 6.524 6.977 7.456 7.962 8.493 9.051 9.635 10.138 10.497 10.822 11.115 11.375 11.601 11.794 11.955 12.082 12.176 12.237 12.265 13.333 15.081 16.709 18.216 19.603 20.869 22.015 23.041 23.946 24.731 25.395 25.940 28.021 30.826 33.659 36.523 39.416 42.339 45.291 48.274 51.285 54.327 57.398 60.499 58.601 55.652 52.769 49.952 47.199 44.513 41.891
11.097 10.229 9.493 8.785 8.063 7.356 7.093 6.855 6.643 6.457 6.296 6.160 6.050 5.966 5.907 5.874 5.867 5.954 6.366 6.805 7.270 7.762 8.279 8.823 9.392 9.988 10.610 11.259 11.933 12.496 12.740 12.951 13.129 13.273 13.385 13.464 13.509 13.522 13.502 13.448 13.362 13.915 15.247 16.459 17.550 18.521 19.372 20.103 20.713 21.203 21.572 21.822 21.951 23.581 26.489 29.427 32.395 35.392 38.419 41.475 44.561 47.677 50.822 53.997 57.202 56.330 53.607 50.949 48.356 45.537 42.688 39.906
11.460 10.732 9.989 9.232 8.461 7.677 7.447 7.298 7.175 7.076 7.004 6.957 6.936 6.940 6.970 7.025 7.106 7.226 7.729 8.259 8.814 9.396 10.004 10.638 11.298 11.985 12.698 13.436 14.201 14.885 15.014 15.111 15.174 15.204 15.201 15.165 15.096 14.994 14.859 14.691 14.490 14.617 15.534 16.330 17.006 17.562 17.997 18.313 18.508 18.582 18.537 18.371 18.085 19.116 22.128 25.170 28.242 31.343 34.473 37.634 40.824 44.043 47.118 50.050 52.870 52.509 49.622 46.803 44.051 41.367 38.750 36.201
12.069 11.291 10.500 9.694 8.875 8.042 7.773 7.713 7.678 7.668 7.684 7.725 7.793 7.885 8.003 8.147 8.316 8.511 9.063 9.683 10.329 11.001 11.699 12.424 13.175 13.952 14.755 15.584 16.439 17.306 17.320 17.302 17.251 17.166 17.049 16.898 16.715 16.498 16.249 15.966 15.651 15.440 15.942 16.322 16.583 16.724 16.744 16.644 16.424 16.084 15.624 15.043 14.343 14.627 17.743 21.121 24.449 27.666 30.772 33.766 36.649 39.421 42.081 44.631 47.069 47.350 44.696 42.109 39.590 37.138 34.754 32.437
12.692 11.866 11.025 10.171 9.304 8.422 8.071 8.099 8.152 8.231 8.336 8.466 8.621 8.802 9.008 9.241 9.498 9.781 10.367 11.077 11.814 12.576 13.365 14.180 15.021 15.889 16.782 17.701 18.647 19.619 19.658 19.525 19.359 19.160 18.928 18.663 18.365 18.035 17.671 17.274 16.844 16.384 16.470 16.436 16.281 16.007 15.612 15.098 14.595 14.103 13.611 13.118 12.625 12.649 15.817 18.874 21.819 24.653 27.376 29.988 32.489 34.879 37.157 39.324 41.380 42.132 39.710 37.356 35.070 32.850 30.698 28.614
13.330 12.455 11.566 10.664 9.747 8.817 8.341 8.457 8.599 8.766 8.959 9.177 9.421 9.690 9.985 10.305 10.651 11.023 11.641 12.442 13.269 14.122 15.001 15.906 16.838 17.796 18.779 19.789 20.825 21.887 22.027 21.780 21.499 21.186 20.840 20.460 20.048 19.603 19.124 18.613 18.069 17.240 16.702 16.211 15.720 15.229 14.737 14.244 13.751 13.258 12.764 12.270 11.775 11.280 14.062 16.736 19.300 21.752 24.093 26.322 28.441 30.449 32.345 34.130 35.805 36.856 34.667 32.545 30.491 28.504 26.584 24.732
13.982 13.059 12.122 11.171 10.206 9.227 8.583 8.787 9.017 9.273 9.554 9.860 10.192 10.550 10.933 11.342 11.776 12.235 12.886 13.777 14.694 15.638 16.608 17.603 18.625 19.673 20.747 21.847 22.973 24.125 24.428 24.066 23.671 23.243 22.285 21.347 20.444 19.573 18.736 17.932 17.161 16.424 15.869 15.377 14.884 14.391 13.898 13.404 12.909 12.415 11.919 11.423 10.927 10.430 12.418 14.710 16.891 18.961 20.920 22.768 24.505 26.131 27.645 29.049 30.342 31.523 29.566 27.676 25.854 24.099 22.411 20.791
14.650 13.678 12.692 11.693 10.679 9.652 8.796 9.089 9.407 9.751 10.120 10.515 10.935 11.381 11.853 12.349 12.872 13.419 14.101 15.083 16.091 17.124 18.184 19.270 20.382 21.520 22.665 23.274 23.846 24.383 24.252 23.297 22.375 21.486 20.631 19.809 19.020 18.264 17.542 16.854 16.198 15.576 15.038 14.544 14.050 13.555 13.060 12.565 12.069 11.572 11.075 10.578 10.080 9.582 10.884 12.794 14.593 16.282 17.859 19.325 20.680 21.924 23.058 24.080 24.991 25.791 24.406 22.749 21.158 19.635 18.180 16.791
