DATA/SHG/ECMWF/20170628/EN-48/20170708.en-48.asc
ncols        190
nrows        64
xllcorner    -5100000.000000000000
yllcorner    4130000.000000000000
cellsize     10000.000000000000
NODATA_value  -99999.000
[rows 32 to 63 of 64, columns 71 to 141 of 190]
9.858 9.894 9.987 10.430 10.861 11.280 11.687 12.083 12.467 12.839 13.199 13.548 13.885 14.210 14.543 14.981 15.446 15.937 16.454 16.998 17.568 18.164 18.787 19.436 20.107 20.799 21.417 21.721 22.028 22.338 22.650 22.965 23.282 23.602 23.925 24.250 24.579 24.909 24.769 23.721 22.641 21.530 20.387 19.213 18.007 16.770 15.830 15.835 15.884 15.977 17.459 20.363 23.121 25.732 28.196 30.513 32.683 34.706 36.583 38.312 39.895 41.331 40.917 39.242 37.499 35.686 33.805 31.854 29.834 27.745 25.587
9.631 9.682 9.737 10.138 10.528 10.907 11.274 11.629 11.972 12.304 12.624 12.932 13.229 13.514 13.796 14.326 14.883 15.465 16.074 16.710 17.372 18.060 18.774 19.516 20.279 21.063 21.818 22.134 22.453 22.774 23.098 23.425 23.754 24.086 24.420 24.757 25.097 25.657 26.614 26.461 26.352 26.286 26.265 26.287 26.353 26.463 26.616 26.813 27.054 27.339 28.375 30.629 32.737 34.698 36.512 38.180 39.701 41.075 42.302 43.382 44.316 45.103 44.535 42.554 40.505 38.386 36.199 33.942 31.616 29.222 26.758
9.399 9.466 9.536 9.858 10.208 10.546 10.872 11.187 11.490 11.781 12.061 12.328 12.585 12.829 13.062 13.648 14.296 14.970 15.671 16.398 17.152 17.931 18.738 19.571 20.427 21.304 22.202 22.543 23.055 24.266 25.495 26.740 28.003 29.284 30.581 31.896 33.229 34.578 35.802 35.842 35.925 36.052 36.222 36.436 36.694 36.996 37.342 37.731 38.164 38.640 39.432 41.037 42.495 43.807 44.972 45.990 46.862 47.587 48.165 48.597 48.882 49.020 48.220 45.933 43.578 41.153 38.660 36.098 33.466 30.766 27.997
9.164 9.246 9.331 9.589 9.898 10.196 10.481 10.756 11.018 11.269 11.508 11.736 11.952 12.156 12.348 12.947 13.686 14.452 15.244 16.063 17.265 19.073 20.971 22.853 24.707 26.630 28.624 29.994 31.264 32.551 33.855 35.176 36.515 37.871 39.245 40.635 42.043 43.469 44.911 45.163 45.438 45.757 46.120 46.526 46.976 47.470 48.007 48.588 49.213 49.881 50.629 51.585 52.394 53.057 53.574 53.943 54.166 54.243 54.173 53.956 53.593 53.083 51.971 49.379 46.718 43.988 41.189 38.321 35.384 32.378 29.303
8.925 9.022 9.122 9.331 9.600 9.857 10.102 10.336 10.558 10.769 10.968 11.155 11.330 11.810 12.676 14.022 15.694 17.454 19.304 21.242 23.270 25.386 27.591 29.783 31.948 34.182 36.488 38.097 39.443 40.805 42.185 43.583 44.997 46.429 47.878 49.344 50.828 52.329 53.847 54.426 54.893 55.404 55.958 56.556 57.198 57.884 58.613 59.385 60.202 61.062 61.966 62.274 62.435 62.450 62.318 62.039 61.614 61.043 60.325 59.460 58.449 57.292 55.788 52.891 49.924 46.889 43.784 40.611 37.369 34.058 30.678
8.682 8.794 8.910 9.084 9.312 9.529 10.028 10.807 11.610 12.438 13.291 14.167 15.068 15.994 16.944 18.401 20.381 22.449 24.606 26.852 29.187 31.611 34.123 36.624 39.100 41.646 44.262 46.171 47.592 49.030 50.486 51.959 53.449 54.956 56.481 58.023 59.582 61.159 62.753 63.629 64.288 64.991 65.737 66.527 67.360 68.238 69.158 70.123 71.131 72.183 73.278 73.105 72.618 71.984 71.204 70.278 69.205 67.986 66.620 65.108 63.450 61.645 59.672 56.469 53.197 49.857 46.447 42.969 39.422 35.806 32.121
9.256 9.879 10.491 11.152 11.942 12.757 13.596 14.459 15.346 16.258 17.195 18.155 19.140 20.150 21.183 22.693 24.980 27.356 29.820 32.374 35.016 37.747 40.567 43.377 46.163 49.020 51.947 54.215 55.711 57.225 58.757 60.305 61.871 63.454 65.054 66.672 68.307 69.959 71.628 72.774 73.624 74.519 75.457 76.438 77.463 78.532 79.644 80.800 82.000 83.243 84.530 84.076 82.941 81.660 80.233 78.659 76.939 75.072 73.060 70.901 68.596 66.144 63.546 60.114 56.537 52.892 49.177 45.394 41.542 37.621 33.632
12.650 13.237 13.814 14.441 15.315 16.213 17.136 18.083 19.055 20.051 21.071 22.116 23.185 24.278 25.395 26.898 29.492 32.175 34.947 37.808 40.757 43.795 46.922 50.041 53.138 56.305 59.542 62.229 63.801 65.391 66.998 68.622 70.263 71.922 73.598 75.291 77.001 78.729 80.474 81.859 82.902 83.988 85.117 86.290 87.507 88.767 90.071 91.418 92.809 94.244 95.722 95.188 93.406 91.478 89.403 87.182 84.815 82.302 79.643 76.837 73.886 70.788 67.544 63.826 59.944 55.994 51.975 47.668 42.876 38.185 33.596
16.048 16.600 17.142 17.702 18.660 19.643 20.650 21.681 22.736 23.816 24.920 26.049 27.201 28.378 29.580 31.016 33.918 36.908 39.987 43.154 46.411 49.755 53.189 56.617 60.024 63.502 67.049 70.213 71.861 73.527 75.209 76.909 78.626 80.360 82.111 83.880 85.666 87.469 89.289 90.887 92.120 93.398 94.719 96.083 97.491 98.943 100.438 101.977 103.559 105.185 106.854 106.441 104.012 101.437 98.716 95.848 92.835 89.676 86.008 81.077 76.212 71.411 66.676 61.886 57.135 52.485 47.937 43.489 39.143 34.899 30.756
19.451 19.968 20.475 20.972 21.979 23.045 24.136 25.251 26.390 27.554 28.742 29.954 31.191 32.451 33.737 35.048 38.257 41.554 44.939 48.414 51.977 55.628 59.368 63.105 66.822 70.610 74.468 78.169 79.892 81.633 83.391 85.166 86.959 88.768 90.595 92.439 94.301 96.179 98.075 99.855 101.280 102.749 104.261 105.817 107.416 109.059 110.745 112.475 114.249 115.682 115.148 112.738 107.639 102.604 97.635 92.730 87.891 83.117 78.407 73.763 69.184 64.670 60.221 55.828 51.523 47.319 43.216 39.215 35.315 31.516 27.818
22.859 23.341 23.814 24.276 25.270 26.420 27.595 28.794 30.017 31.264 32.536 33.832 35.152 36.497 37.866 39.259 42.509 46.112 49.805 53.586 57.455 61.413 65.460 69.504 73.532 77.629 81.797 86.035 87.894 89.710 91.543 93.394 95.262 97.147 99.049 100.969 102.906 104.860 106.831 108.765 110.151 109.565 108.990 108.427 107.876 107.337 106.809 106.294 105.790 105.298 104.818 103.076 98.263 93.515 88.832 84.214 79.661 75.173 70.750 66.392 62.099 57.871 53.708 49.676 45.816 42.057 38.400 34.844 31.389 28.036 24.783
26.273 26.720 27.157 27.584 28.534 29.768 31.027 32.309 33.616 34.947 36.303 37.683 39.087 40.515 41.967 43.444 46.674 50.584 54.583 58.670 62.846 67.110 71.463 75.816 80.153 84.561 89.038 93.586 95.866 97.757 99.666 101.490 101.390 101.259 101.098 100.906 100.684 100.431 100.148 99.832 99.288 98.754 98.233 97.724 97.226 96.740 96.266 95.804 95.353 94.915 94.488 93.357 88.831 84.369 79.972 75.641 71.374 67.172 63.035 58.963 54.956 51.014 47.137 43.428 40.013 36.700 33.488 30.377 27.367 24.459 21.651
29.692 30.104 30.506 30.898 31.771 33.089 34.431 35.798 37.188 38.603 40.042 41.506 42.993 44.505 46.042 47.602 50.753 54.970 59.275 63.668 68.150 72.720 77.379 80.448 83.349 86.162 88.888 91.525 92.149 92.007 91.834 91.631 91.398 91.134 90.840 90.515 90.160 89.775 89.359 88.912 88.424 87.945 87.477 87.021 86.576 86.144 85.723 85.314 84.917 84.531 84.158 83.583 79.343 75.167 71.057 67.011 63.030 59.114 55.263 51.477 47.756 44.100 40.509 37.085 34.115 31.247 28.480 25.814 23.249 20.785 18.423
33.116 33.493 33.860 34.217 34.982 36.383 37.809 39.259 40.733 42.232 43.755 45.302 46.873 48.468 50.088 51.732 53.522 56.545 59.456 62.257 64.947 67.526 69.993 72.477 74.992 77.420 79.759 82.011 82.734 82.459 82.154 81.818 81.452 81.055 80.628 80.170 79.682 79.164 78.615 78.036 77.562 77.135 76.720 76.318 75.926 75.547 75.179 74.824 74.480 74.148 73.827 73.519 69.799 65.909 62.085 58.325 54.630 51.000 47.434 43.934 40.498 37.128 33.822 30.647 28.122 25.699 23.377 21.155 19.035 17.015 15.097
36.545 36.887 37.219 37.541 38.165 39.650 41.160 42.693 44.251 44.791 45.277 45.729 46.146 46.528 46.875 47.187 48.332 50.973 53.503 55.923 58.231 60.428 62.515 64.615 66.744 68.786 70.740 72.606 73.365 72.957 72.519 72.050 71.551 71.021 70.461 69.871 69.250 68.599 67.917 67.205 66.699 66.326 65.964 65.615 65.277 64.951 64.636 64.334 64.043 63.764 63.497 63.241 60.199 56.595 53.056 49.582 46.173 42.828 39.548 36.334 33.184 30.098 27.078 24.123 22.034 20.055 18.177 16.400 14.724 13.149 11.675
39.979 40.256 39.621 39.005 38.564 39.104 39.610 40.081 40.518 40.919 41.286 41.619 41.916 42.179 42.407 42.600 43.249 45.509 47.657 49.695 51.622 53.438 55.144 56.861 58.605 60.261 61.829 63.310 64.041 63.501 62.929 62.328 61.696 61.033 60.340 59.617 58.864 58.080 57.266 56.421 55.837 55.517 55.208 54.912 54.627 54.354 54.093 53.844 53.606 53.380 53.166 52.964 50.543 47.225 43.971 40.783 37.659 34.600 31.605 28.676 25.811 23.011 20.276 17.606 15.851 14.316 12.882 11.549 10.317 9.186 8.156
37.558 36.970 36.402 35.852 35.325 35.746 36.133 36.485 36.802 37.084 37.332 37.545 37.724 37.867 37.976 38.051 38.272 40.151 41.918 43.575 45.121 46.556 47.881 49.214 50.573 51.844 53.027 54.123 54.763 54.089 53.385 52.651 51.886 51.091 50.265 49.409 48.523 47.607 46.660 45.682 44.974 44.708 44.452 44.209 43.978 43.758 43.550 43.353 43.169 42.996 42.835 42.686 40.831 37.798 34.830 31.927 29.088 26.314 23.605 20.961 18.381 15.867 13.417 11.031 9.573 8.482 7.492 6.602 5.814 5.127 4.540
34.191 33.670 33.169 32.686 32.223 32.425 32.692 32.925 33.123 33.286 33.415 33.508 33.568 33.592 33.582 33.538 33.458 34.899 36.286 37.562 38.727 39.781 40.725 41.676 42.650 43.536 44.334 45.044 45.529 44.722 43.886 43.019 42.121 41.193 40.235 39.247 38.228 37.179 36.099 34.990 34.112 33.899 33.697 33.506 33.328 33.161 33.006 32.863 32.732 32.612 32.504 32.408 31.063 28.316 25.633 23.014 20.461 17.972 15.548 13.189 10.894 8.664 6.683 5.442 5.001 4.988 4.962 4.922 4.869 4.802 4.722
30.811 30.356 29.921 29.506 29.109 29.139 29.287 29.401 29.480 29.524 29.534 29.508 29.449 29.354 29.225 29.062 28.863 29.754 30.760 31.655 32.440 33.114 33.677 34.245 34.834 35.335 35.749 36.075 36.313 35.401 34.432 33.432 32.402 31.341 30.251 29.130 27.979 26.797 25.585 24.343 23.250 23.089 22.941 22.803 22.678 22.564 22.462 22.372 22.294 22.227 22.172 22.129 21.239 18.912 17.685 16.455 15.222 13.985 12.746 11.503 10.257 9.008 7.756 6.500 5.878 5.806 5.721 5.622 5.510 5.384 5.245
27.416 27.029 26.660 26.311 25.981 25.890 25.919 25.913 25.873 25.798 25.689 25.545 25.366 25.153 24.905 24.623 24.305 24.715 25.340 25.855 26.260 26.553 26.737 26.922 27.126 27.243 27.272 27.213 27.067 26.124 25.022 23.890 22.728 21.535 20.312 19.058 17.774 16.460 15.116 13.741 12.388 12.280 12.184 12.100 12.059 13.263 14.475 15.696 16.925 18.163 19.409 20.664 21.356 20.117 18.876 17.632 16.384 15.133 13.879 12.622 11.361 10.098 8.831 7.561 6.768 6.637 6.493 6.335 6.164 5.979 5.781
24.008 23.687 23.385 23.102 22.839 22.677 22.587 22.462 22.303 22.109 21.881 21.618 21.321 20.988 20.622 20.220 19.784 19.782 20.027 20.162 20.186 20.100 19.903 19.706 19.526 19.258 18.903 18.460 17.930 16.892 15.658 14.393 13.098 11.773 10.417 9.032 8.705 8.471 8.262 8.079 7.922 9.020 10.236 11.460 12.693 13.935 15.184 16.443 17.709 18.984 20.268 21.560 22.578 21.325 20.069 18.810 17.548 16.283 15.014 13.743 12.468 11.189 9.908 8.624 7.671 7.481 7.277 7.060 6.830 6.586 6.329
20.585 20.331 20.095 19.879 19.682 19.500 19.291 19.047 18.769 18.457 18.110 17.728 17.311 16.861 16.375 15.855 15.300 14.955 14.820 14.575 14.219 13.753 13.177 12.598 12.034 11.382 10.642 10.592 10.630 10.443 10.141 9.864 9.614 9.390 9.191 9.019 8.872 8.752 8.657 8.588 8.546 9.533 10.786 12.048 13.318 14.597 15.884 17.179 18.483 19.795 21.116 22.445 23.782 22.535 21.265 19.991 18.715 17.435 16.152 14.866 13.576 12.284 10.988 9.689 8.587 8.337 8.075 7.799 7.509 7.207 6.890
17.149 16.961 16.792 16.642 16.512 16.359 16.031 15.669 15.272 14.840 14.374 13.874 13.339 12.769 12.165 11.526 10.853 10.233 9.719 9.654 9.826 9.959 10.055 10.113 10.139 10.135 10.101 10.037 9.943 9.783 9.595 9.433 9.296 9.186 9.102 9.043 9.011 9.004 9.023 9.069 9.140 10.035 11.326 12.625 13.932 15.248 16.573 17.905 19.246 20.596 21.954 23.320 24.695 23.747 22.463 21.175 19.883 18.589 17.292 15.991 14.687 13.380 12.070 10.756 9.515 9.207 8.885 8.550 8.201 7.840 7.464
13.698 13.577 13.474 13.391 13.327 13.254 12.807 12.326 11.810 11.260 10.676 10.056 9.828 9.809 9.815 9.846 9.902 9.991 10.108 10.187 10.228 10.230 10.195 10.122 10.016 9.879 9.713 9.517 9.290 9.095 9.021 8.973 8.950 8.954 8.984 9.039 9.121 9.228 9.361 9.520 9.706 10.528 11.856 13.192 14.537 15.890 17.252 18.622 20.000 21.387 22.782 24.185 25.597 24.962 23.663 22.360 21.054 19.746 18.434 17.119 15.800 14.479 13.154 11.826 10.495 10.088 9.708 9.314 8.906 8.485 8.051
10.233 10.178 10.143 10.126 10.128 10.443 10.370 10.288 10.231 10.199 10.191 10.208 10.250 10.316 10.408 10.524 10.664 10.819 10.805 10.753 10.663 10.535 10.369 10.164 9.926 9.657 9.359 9.030 8.672 8.379 8.419 8.484 8.576 8.694 8.837 9.007 9.202 9.423 9.670 9.943 10.242 11.011 12.376 13.750 15.132 16.522 17.921 19.328 20.743 22.167 23.600 25.040 26.489 26.178 24.865 23.548 22.228 20.904 19.578 18.248 16.916 15.580 14.241 12.898 11.553 10.983 10.543 10.090 9.624 9.144 8.651
8.107 8.551 8.982 9.400 9.806 10.199 10.258 10.262 10.290 10.342 10.420 10.522 10.649 10.801 10.977 11.178 11.403 11.654 11.536 11.353 11.132 10.874 10.577 10.241 9.870 9.470 9.039 8.578 8.087 7.635 7.788 7.968 8.174 8.405 8.662 8.946 9.255 9.590 9.951 10.338 10.751 11.484 12.886 14.297 15.716 17.144 18.580 20.024 21.477 22.938 24.407 25.885 27.372 27.397 26.069 24.738 23.403 22.066 20.725 19.381 18.033 16.683 15.329 13.973 12.613 11.890 11.391 10.879 10.354 9.816 9.264
8.092 8.492 8.880 9.255 9.617 9.966 10.124 10.212 10.325 10.463 10.626 10.813 11.025 11.261 11.523 11.808 12.119 12.454 12.300 11.987 11.636 11.246 10.819 10.351 9.848 9.316 8.753 8.160 7.538 6.885 7.130 7.424 7.743 8.088 8.459 8.856 9.279 9.728 10.203 10.703 11.230 11.947 13.387 14.835 16.291 17.756 19.229 20.710 22.200 23.698 25.205 26.720 28.244 28.618 27.276 25.930 24.581 23.229 21.873 20.515 19.153 17.788 16.420 15.049 13.675 12.810 12.252 11.641 10.925 10.233 9.564
8.090 8.446 8.790 9.122 9.440 9.746 9.966 10.140 10.338 10.561 10.808 11.081 11.377 11.699 12.045 12.416 12.811 13.232 13.098 12.654 12.172 11.652 11.095 10.495 9.861 9.196 8.501 7.777 7.022 6.237 6.444 6.851 7.284 7.743 8.228 8.739 9.275 9.838 10.426 11.041 11.681 12.400 13.877 15.362 16.856 18.357 19.868 21.386 22.913 24.449 25.993 27.545 29.105 29.842 28.485 27.124 25.761 24.394 22.984 21.334 19.708 18.106 16.529 14.975 13.446 12.353 11.693 11.058 10.446 9.857 9.293
8.099 8.412 8.712 9.000 9.275 9.538 9.786 10.044 10.328 10.635 10.968 11.325 11.707 12.113 12.544 13.000 13.481 13.986 13.930 13.355 12.743 12.092 11.404 10.673 9.907 9.110 8.284 7.427 6.541 5.624 5.729 6.250 6.797 7.370 7.968 8.593 9.243 9.919 10.621 11.349 12.103 12.882 14.357 15.880 17.410 18.949 20.497 22.052 23.617 25.183 26.450 27.690 28.901 29.610 27.945 26.303 24.686 23.094 21.525 19.980 18.460 16.964 15.492 14.044 12.620 11.538 10.983 10.451 9.943 9.459 8.998
8.120 8.390 8.647 8.891 9.123 9.342 9.583 9.926 10.294 10.687 11.105 11.547 12.013 12.505 13.021 13.561 14.126 14.716 14.795 14.090 13.347 12.566 11.747 10.885 9.987 9.059 8.100 7.112 6.093 5.045 4.987 5.621 6.282 6.968 7.680 8.418 9.182 9.972 10.788 11.629 12.496 13.256 14.512 15.853 17.166 18.452 19.709 20.938 22.139 23.313 24.458 25.576 26.665 27.600 26.040 24.505 22.993 21.506 20.043 18.604 17.189 15.798 14.432 13.089 11.771 10.700 10.249 9.821 9.417 9.037 8.680
8.153 8.379 8.593 8.794 8.982 9.157 9.357 9.785 10.238 10.716 11.218 11.745 12.297 12.873 13.474 14.099 14.749 15.424 15.693 14.858 13.984 13.073 12.124 11.131 10.101 9.041 7.951 6.831 5.680 4.500 4.216 4.965 5.802 6.637 7.449 8.236 9.000 9.741 10.457 11.151 11.820 12.466 13.527 14.746 15.937 17.101 18.236 19.343 20.423 21.474 22.498 23.494 24.461 25.401 24.113 22.683 21.277 19.895 18.538 17.204 15.895 14.610 13.348 12.112 10.899 9.839 9.492 9.168 8.868 8.592 8.339
8.198 8.380 8.551 8.708 8.853 8.985 9.108 9.621 10.159 10.722 11.309 11.921 12.557 13.218 13.903 14.613 15.348 16.108 16.625 15.659 14.655 13.614 12.535 11.346 10.151 8.996 7.881 6.807 5.773 4.779 4.434 5.212 5.967 6.699 7.407 8.091 8.752 9.389 10.003 10.593 11.159 11.702 12.573 13.670 14.739 15.781 16.794 17.780 18.737 19.667 20.569 21.443 22.289 23.107 22.163 20.839 19.538 18.262 17.010 15.781 14.578 13.398 12.242 11.110 10.003 8.955 8.711 8.491 8.295 8.123 7.974
