DATA/SHG/ECMWF/20170628/EN-48/20170701.en-48.asc
ncols        190
nrows        64
xllcorner    -5100000.000000000000
yllcorner    4130000.000000000000
cellsize     10000.000000000000
NODATA_value  -99999.000
[rows 0 to 31 of 64, columns 72 to 143 of 190]
1.219 1.136 1.050 0.961 0.868 0.772 0.673 0.570 0.464 0.443 0.642 0.848 1.052 1.253 1.451 1.646 1.839 2.029 2.216 2.400 2.581 2.749 2.889 3.048 3.226 3.425 3.645 3.884 4.143 4.423 4.723 5.043 5.383 5.800 6.398 6.975 7.532 8.068 8.584 9.079 9.554 10.008 10.441 10.854 11.247 11.563 11.688 11.795 11.884 11.956 12.009 12.045 12.063 12.063 12.045 12.010 11.956 11.793 11.365 10.959 10.577 10.217 9.880 9.565 9.273 9.004 8.757 8.533 8.332 8.263 8.512 8.763
1.370 1.276 1.178 1.081 0.990 0.903 0.822 0.745 0.673 0.654 0.853 1.050 1.244 1.435 1.624 1.809 1.992 2.172 2.349 2.524 2.696 2.870 3.100 3.349 3.618 3.907 4.217 4.546 4.896 5.266 5.656 6.066 6.496 6.953 7.459 7.944 8.409 8.853 9.277 9.681 10.063 10.426 10.768 11.089 11.390 11.642 11.688 11.715 11.725 11.717 11.691 11.647 11.585 11.506 11.409 11.293 11.161 10.985 10.658 10.354 10.072 9.814 9.577 9.364 9.173 9.005 8.860 8.737 8.637 8.609 8.870 9.134
1.489 1.400 1.316 1.237 1.163 1.094 1.029 0.970 0.915 0.877 1.067 1.254 1.438 1.620 1.798 1.974 2.147 2.318 2.485 2.650 2.812 2.971 3.288 3.627 3.986 4.366 4.765 5.185 5.625 6.085 6.565 7.065 7.585 8.125 8.541 8.934 9.307 9.660 9.992 10.304 10.595 10.865 11.115 11.345 11.554 11.741 11.707 11.655 11.585 11.497 11.391 11.268 11.127 10.968 10.791 10.597 10.384 10.154 9.929 9.726 9.545 9.388 9.253 9.140 9.051 8.984 8.939 8.917 8.918 8.932 9.199 9.515
1.589 1.517 1.450 1.388 1.331 1.279 1.232 1.190 1.152 1.120 1.282 1.460 1.634 1.806 1.975 2.141 2.305 2.465 2.623 2.778 2.931 3.080 3.453 3.882 4.331 4.801 5.290 5.800 6.330 6.880 7.450 8.040 8.650 9.281 9.643 9.945 10.226 10.487 10.728 10.948 11.147 11.326 11.485 11.623 11.740 11.838 11.745 11.613 11.464 11.296 11.111 10.909 10.688 10.450 10.193 9.920 9.628 9.318 9.177 9.075 9.031 9.025 9.017 9.008 8.996 8.983 8.969 8.952 8.934 8.914 9.364 9.896
1.684 1.629 1.580 1.535 1.495 1.460 1.430 1.405 1.384 1.369 1.500 1.668 1.833 1.995 2.154 2.311 2.464 2.615 2.764 2.909 3.052 3.191 3.594 4.114 4.653 5.213 5.792 6.392 7.012 7.652 8.312 8.992 9.692 10.412 10.767 10.977 11.167 11.336 11.485 11.613 11.721 11.809 11.876 11.922 11.948 11.954 11.802 11.590 11.362 11.115 10.851 10.577 10.316 10.065 9.824 9.594 9.375 9.165 9.117 9.107 9.095 9.081 9.065 9.048 9.029 9.008 8.986 8.962 8.936 8.909 9.481 10.229
1.774 1.737 1.704 1.676 1.654 1.636 1.623 1.615 1.611 1.613 1.720 1.878 2.034 2.186 2.335 2.482 2.626 2.768 2.906 3.042 3.175 3.305 3.713 4.322 4.952 5.601 6.271 6.960 7.670 8.400 9.149 9.919 10.709 11.519 11.911 12.030 12.128 12.206 12.263 12.300 12.316 12.313 12.242 12.126 11.997 11.855 11.622 11.355 11.098 10.852 10.616 10.391 10.176 9.971 9.777 9.594 9.421 9.258 9.197 9.179 9.159 9.138 9.115 9.090 9.063 9.035 9.005 8.973 8.940 8.905 9.549 10.513
1.860 1.839 1.824 1.813 1.808 1.807 1.811 1.820 1.834 1.853 1.943 2.091 2.236 2.379 2.519 2.656 2.791 2.922 3.051 3.177 3.300 3.421 3.809 4.508 5.227 5.966 6.726 7.505 8.305 9.124 9.964 10.823 11.703 12.536 12.902 12.833 12.751 12.655 12.546 12.424 12.289 12.140 11.978 11.803 11.614 11.413 11.192 10.971 10.761 10.562 10.372 10.193 10.025 9.867 9.720 9.582 9.456 9.340 9.279 9.253 9.226 9.197 9.166 9.133 9.099 9.063 9.026 8.986 8.945 8.903 9.568 10.749
1.941 1.937 1.939 1.945 1.957 1.973 1.994 2.020 2.051 2.087 2.167 2.306 2.442 2.575 2.705 2.832 2.957 3.079 3.198 3.315 3.428 3.539 3.881 4.670 5.476 6.283 7.088 7.891 8.694 9.495 10.294 11.093 11.889 12.685 13.128 12.999 12.858 12.703 12.535 12.353 12.158 11.950 11.729 11.494 11.247 10.985 10.751 10.577 10.414 10.261 10.118 9.986 9.864 9.752 9.651 9.560 9.480 9.410 9.362 9.329 9.294 9.257 9.219 9.179 9.137 9.093 9.048 9.001 8.953 8.902 9.538 10.935
2.017 2.030 2.049 2.073 2.101 2.135 2.173 2.216 2.264 2.317 2.394 2.523 2.649 2.772 2.893 3.011 3.134 3.284 3.427 3.562 3.689 3.808 4.074 4.877 5.679 6.480 7.279 8.077 8.873 9.668 10.462 11.254 12.045 12.834 13.368 13.180 12.979 12.765 12.537 12.297 12.043 11.775 11.495 11.201 10.893 10.573 10.301 10.173 10.056 9.949 9.853 9.767 9.691 9.626 9.572 9.527 9.494 9.470 9.447 9.406 9.363 9.319 9.273 9.226 9.176 9.125 9.072 9.018 8.962 8.904 9.460 11.072
2.088 2.119 2.155 2.195 2.241 2.291 2.347 2.407 2.472 2.561 2.697 2.866 3.028 3.182 3.329 3.467 3.598 3.721 3.837 3.945 4.045 4.137 4.290 5.087 5.883 6.678 7.471 8.263 9.053 9.843 10.630 11.417 12.202 12.985 13.622 13.375 13.115 12.841 12.555 12.255 11.941 11.615 11.275 10.922 10.555 10.175 9.839 9.758 9.688 9.627 9.577 9.538 9.509 9.490 9.482 9.484 9.496 9.519 9.534 9.485 9.435 9.383 9.329 9.274 9.217 9.158 9.098 9.036 8.972 8.907 9.333 11.161
2.155 2.203 2.292 2.427 2.560 2.692 2.822 2.951 3.079 3.205 3.329 3.472 3.607 3.734 3.853 3.965 4.069 4.165 4.253 4.334 4.407 4.472 4.525 5.299 6.089 6.877 7.664 8.450 9.235 10.018 10.800 11.580 12.359 13.137 13.891 13.585 13.265 12.932 12.586 12.227 11.854 11.469 11.069 10.657 10.232 9.793 9.368 9.333 9.309 9.295 9.291 9.298 9.315 9.343 9.381 9.429 9.488 9.557 9.622 9.566 9.508 9.448 9.387 9.324 9.260 9.194 9.126 9.056 8.985 8.911 9.158 11.202
2.710 2.843 2.974 3.103 3.231 3.358 3.483 3.607 3.729 3.849 3.968 4.084 4.191 4.291 4.384 4.468 4.545 4.614 4.676 4.730 4.776 4.814 4.840 5.511 6.295 7.077 7.859 8.639 9.417 10.195 10.970 11.745 12.518 13.290 14.060 13.809 13.430 13.038 12.633 12.214 11.782 11.337 10.879 10.407 9.923 9.425 8.913 8.897 8.919 8.952 8.994 9.048 9.111 9.185 9.269 9.364 9.469 9.585 9.711 9.648 9.583 9.516 9.447 9.376 9.304 9.230 9.155 9.078 8.999 8.949 9.038 11.338
3.403 3.530 3.656 3.780 3.903 4.024 4.144 4.262 4.379 4.494 4.608 4.702 4.782 4.855 4.921 4.978 5.028 5.070 5.105 5.132 5.151 5.162 5.161 5.724 6.502 7.279 8.054 8.828 9.601 10.372 11.142 11.911 12.678 13.444 14.208 14.047 13.609 13.158 12.693 12.215 11.725 11.220 10.703 10.172 9.629 9.071 8.501 8.451 8.519 8.598 8.687 8.787 8.896 9.017 9.147 9.288 9.440 9.601 9.773 9.732 9.669 9.623 9.586 9.556 9.534 9.521 9.516 9.518 9.529 9.548 9.575 11.823
4.097 4.218 4.339 4.458 4.575 4.691 4.805 4.918 5.030 5.140 5.248 5.326 5.380 5.426 5.464 5.495 5.518 5.533 5.540 5.540 5.532 5.517 5.489 5.938 6.710 7.481 8.251 9.019 9.786 10.551 11.315 12.078 12.839 13.599 14.357 14.299 13.802 13.292 12.768 12.231 11.681 11.118 10.542 9.952 9.349 8.733 8.104 7.994 8.109 8.234 8.369 8.565 8.805 9.030 9.241 9.438 9.620 9.787 9.940 9.955 9.937 9.927 9.925 9.931 9.945 9.968 9.998 10.036 10.083 10.138 10.200 12.283
4.790 4.907 5.022 5.136 5.248 5.358 5.467 5.575 5.681 5.785 5.888 5.956 5.983 6.002 6.013 6.017 6.013 6.002 5.982 5.955 5.920 5.878 5.823 6.154 6.920 7.685 8.448 9.211 9.971 10.731 11.489 12.246 13.001 13.755 14.508 14.566 14.009 13.440 12.857 12.262 11.653 11.030 10.421 9.860 9.336 8.849 8.399 8.371 8.604 8.823 9.028 9.218 9.393 9.554 9.701 9.833 9.951 10.054 10.143 10.178 10.196 10.222 10.255 10.297 10.347 10.406 10.472 10.546 10.628 10.719 10.817 12.716
5.485 5.596 5.706 5.814 5.921 6.026 6.130 6.232 6.332 6.432 6.529 6.593 6.592 6.585 6.569 6.546 6.515 6.477 6.430 6.376 6.315 6.246 6.163 6.370 7.130 7.889 8.647 9.403 10.158 10.912 11.664 12.415 13.164 13.844 14.455 14.527 13.873 13.256 12.675 12.131 11.624 11.153 10.719 10.321 9.959 9.635 9.346 9.295 9.464 9.619 9.759 9.885 9.996 10.093 10.175 10.243 10.297 10.336 10.360 10.392 10.446 10.508 10.577 10.655 10.741 10.835 10.937 11.047 11.165 11.291 11.425 13.125
6.179 6.285 6.390 6.493 6.594 6.694 6.792 6.889 6.985 7.079 7.171 7.235 7.208 7.174 7.131 7.081 7.023 6.958 6.885 6.804 6.716 6.619 6.510 6.587 7.298 7.966 8.620 9.263 9.893 10.510 11.115 11.708 12.289 12.856 13.412 13.648 13.157 12.702 12.284 11.903 11.557 11.249 10.977 10.742 10.543 10.380 10.254 10.233 10.338 10.428 10.504 10.566 10.613 10.646 10.664 10.668 10.657 10.632 10.592 10.598 10.688 10.785 10.891 11.004 11.126 11.255 11.393 11.538 11.692 11.854 12.024 13.508
6.875 6.975 7.074 7.172 7.268 7.362 7.455 7.547 7.637 7.726 7.813 7.884 7.830 7.769 7.699 7.622 7.527 7.292 7.067 6.853 6.650 6.457 6.279 6.196 6.820 7.432 8.032 8.620 9.195 9.757 10.307 10.845 11.370 11.883 12.384 12.730 12.401 12.109 11.854 11.634 11.452 11.306 11.196 11.123 11.086 11.086 11.122 11.186 11.226 11.252 11.264 11.261 11.244 11.213 11.167 11.106 11.032 10.942 10.839 10.796 10.921 11.054 11.195 11.344 11.502 11.667 11.840 12.022 12.211 12.408 12.614 13.865
7.570 7.665 7.759 7.851 7.942 8.031 8.119 8.205 8.290 8.339 8.222 8.104 7.856 7.616 7.386 7.167 6.958 6.759 6.571 6.394 6.227 6.071 5.930 5.804 6.357 6.914 7.459 7.991 8.511 9.019 9.514 9.997 10.467 10.925 11.370 11.774 11.607 11.478 11.384 11.327 11.307 11.323 11.375 11.464 11.590 11.751 11.950 12.152 12.128 12.090 12.038 11.971 11.890 11.794 11.684 11.560 11.421 11.268 11.100 10.984 11.145 11.314 11.491 11.676 11.869 12.070 12.279 12.496 12.721 12.954 13.195 14.197
8.266 8.356 8.389 8.276 8.162 8.047 7.931 7.813 7.694 7.575 7.454 7.332 7.132 6.928 6.735 6.552 6.380 6.218 6.067 5.926 5.796 5.676 5.573 5.483 5.908 6.410 6.900 7.377 7.842 8.295 8.735 9.163 9.578 9.981 10.372 10.750 10.775 10.807 10.876 10.981 11.123 11.301 11.515 11.766 12.053 12.377 12.737 13.132 13.045 12.942 12.826 12.695 12.550 12.390 12.216 12.027 11.824 11.607 11.375 11.165 11.361 11.566 11.778 11.999 12.227 12.464 12.709 12.961 13.222 13.491 13.768 14.503
7.884 7.769 7.654 7.537 7.419 7.300 7.180 7.058 6.936 6.812 6.687 6.561 6.399 6.232 6.075 5.929 5.794 5.669 5.554 5.450 5.356 5.273 5.206 5.153 5.473 5.920 6.355 6.778 7.188 7.585 7.971 8.344 8.704 9.053 9.389 9.712 9.904 10.098 10.329 10.596 10.899 11.239 11.616 12.028 12.478 12.963 13.485 14.044 13.975 13.809 13.628 13.433 13.224 13.000 12.762 12.509 12.242 11.961 11.666 11.355 11.569 11.809 12.057 12.313 12.577 12.850 13.130 13.418 13.715 14.019 14.441 15.141
7.158 7.040 6.920 6.799 6.678 6.555 6.431 6.305 6.179 6.052 5.923 5.793 5.658 5.527 5.407 5.298 5.199 5.110 5.032 4.964 4.907 4.861 4.830 4.815 5.053 5.445 5.825 6.193 6.548 6.891 7.221 7.540 7.845 8.139 8.420 8.688 8.994 9.350 9.742 10.172 10.637 11.139 11.677 12.251 12.862 13.510 14.193 14.913 14.919 14.689 14.444 14.185 13.912 13.624 13.322 13.006 12.675 12.330 11.970 11.596 11.767 12.165 12.743 13.318 13.893 14.465 15.036 15.605 16.172 16.738 17.302 17.865
6.434 6.312 6.189 6.064 5.938 5.812 5.684 5.555 5.425 5.293 5.161 5.027 4.908 4.814 4.731 4.658 4.595 4.543 4.501 4.470 4.450 4.440 4.446 4.467 4.647 4.984 5.309 5.622 5.923 6.211 6.487 6.750 7.001 7.240 7.466 7.680 8.045 8.563 9.118 9.708 10.335 10.999 11.699 12.435 13.207 14.016 14.861 15.743 15.877 15.583 15.275 14.952 14.631 14.372 14.172 14.032 13.951 13.930 13.968 14.065 14.522 15.094 15.663 16.231 16.798 17.363 17.926 18.487 19.047 19.605 20.161 20.716
5.712 5.586 5.459 5.331 5.201 5.071 4.939 4.806 4.672 4.537 4.401 4.263 4.149 4.092 4.045 4.009 3.983 3.967 3.962 3.968 3.983 4.010 4.053 4.111 4.255 4.538 4.808 5.066 5.312 5.545 5.766 5.975 6.171 6.355 6.527 6.686 7.058 7.738 8.454 9.206 9.995 10.820 11.681 12.590 13.504 14.383 15.228 16.038 16.257 16.024 15.850 15.735 15.680 15.684 15.747 15.870 16.052 16.293 16.593 16.953 17.456 18.020 18.582 19.142 19.701 20.258 20.814 21.367 21.919 22.470 23.019 23.566
4.993 4.863 4.732 4.600 4.466 4.332 4.196 4.060 3.922 3.783 3.643 3.501 3.382 3.361 3.351 3.351 3.362 3.383 3.414 3.456 3.508 3.571 3.651 3.746 3.878 4.106 4.322 4.525 4.716 4.895 5.061 5.215 5.356 5.485 5.709 6.105 6.704 7.708 8.676 9.610 10.509 11.373 12.202 12.997 13.757 14.482 15.173 15.829 16.192 16.222 16.311 16.459 16.666 16.933 17.259 17.644 18.088 18.592 19.154 19.777 20.388 20.944 21.498 22.051 22.602 23.151 23.699 24.245 24.790 25.332 25.874 26.413
4.275 4.141 4.007 3.871 3.733 3.595 3.456 3.315 3.173 3.031 2.887 2.742 2.607 2.622 2.648 2.685 2.732 2.789 2.857 2.936 3.024 3.124 3.240 3.372 3.515 3.766 4.139 4.516 4.899 5.286 5.679 6.076 6.479 6.886 7.298 7.715 8.225 9.074 9.889 10.669 11.414 12.124 12.799 13.440 14.047 14.618 15.155 15.657 16.065 16.357 16.709 17.119 17.589 18.118 18.706 19.354 20.060 20.826 21.651 22.535 23.317 23.865 24.412 24.957 25.501 26.043 26.583 27.121 27.658 28.193 28.726 29.258
3.566 3.422 3.283 3.143 3.002 2.860 2.717 2.573 2.427 2.281 2.133 1.984 1.834 1.874 1.937 2.010 2.093 2.212 2.511 2.837 3.189 3.568 3.955 4.347 4.761 5.151 5.546 5.945 6.349 6.759 7.173 7.592 8.016 8.445 8.879 9.318 9.782 10.477 11.138 11.764 12.355 12.911 13.433 13.920 14.373 14.791 15.174 15.522 15.875 16.430 17.044 17.716 18.449 19.240 20.090 21.000 21.968 22.996 24.083 25.229 26.244 26.785 27.324 27.862 28.397 28.932 29.464 29.995 30.524 31.051 31.577 32.101
2.868 2.705 2.562 2.418 2.274 2.128 1.981 1.832 1.683 1.533 1.412 1.407 1.399 1.610 1.895 2.207 2.545 2.910 3.301 3.718 4.161 4.631 5.111 5.596 6.101 6.529 6.945 7.366 7.792 8.223 8.659 9.100 9.546 9.997 10.452 10.913 11.378 11.916 12.422 12.895 13.332 13.735 14.103 14.437 14.735 15.000 15.229 15.424 15.623 16.440 17.316 18.251 19.245 20.298 21.411 22.582 23.813 25.102 26.451 27.859 29.169 29.702 30.234 30.764 31.292 31.818 32.343 32.866 33.388 33.908 34.426 34.942
2.176 1.989 1.843 1.742 1.748 1.751 1.751 1.747 1.740 1.730 1.717 1.701 1.681 1.917 2.294 2.697 3.127 3.583 4.065 4.574 5.109 5.670 6.241 6.819 7.417 7.899 8.337 8.780 9.228 9.681 10.138 10.601 11.068 11.541 12.018 12.500 12.988 13.390 13.743 14.062 14.345 14.595 14.809 14.989 15.135 15.245 15.322 15.363 15.370 16.387 17.525 18.722 19.978 21.293 22.667 24.101 25.593 27.144 28.755 30.424 32.092 32.618 33.142 33.664 34.184 34.703 35.220 35.736 36.250 36.762 37.272 37.781
2.171 2.129 2.130 2.128 2.123 2.114 2.103 2.088 2.070 2.049 2.024 1.997 1.966 2.199 2.668 3.162 3.683 4.231 4.805 5.405 6.031 6.684 7.347 8.016 8.707 9.262 9.722 10.187 10.656 11.131 11.610 12.094 12.583 13.078 13.577 14.081 14.589 14.900 15.100 15.265 15.395 15.491 15.552 15.578 15.570 15.528 15.451 15.339 15.192 16.272 17.671 19.130 20.648 22.225 23.861 25.556 27.309 29.122 30.994 32.925 34.915 35.531 36.047 36.562 37.075 37.586 38.095 38.603 39.109 39.614 40.117 40.618
2.580 2.540 2.530 2.517 2.500 2.481 2.458 2.432 2.402 2.370 2.334 2.295 2.253 2.457 3.017 3.603 4.216 4.854 5.519 6.211 6.928 7.672 8.427 9.189 9.972 10.618 11.099 11.585 12.077 12.573 13.074 13.580 14.091 14.607 15.127 15.653 16.184 16.446 16.492 16.503 16.480 16.423 16.331 16.204 16.043 15.847 15.616 15.351 15.052 16.094 17.755 19.476 21.255 23.093 24.991 26.947 28.962 31.037 33.170 35.362 37.613 38.442 38.951 39.353 39.555 39.767 39.989 40.221 40.463 40.714 40.976 41.247
2.980 2.954 2.932 2.908 2.880 2.849 2.815 2.778 2.737 2.693 2.646 2.596 2.543 2.691 3.342 4.019 4.723 5.453 6.209 6.992 7.801 8.636 9.482 10.337 11.212 11.966 12.469 12.977 13.490 14.008 14.531 15.058 15.591 16.128 16.671 17.218 17.770 18.027 17.920 17.778 17.602 17.391 17.146 16.866 16.551 16.202 15.819 15.400 14.948 15.854 17.777 19.758 21.799 23.899 26.093 28.338 30.500 32.579 34.576 36.490 38.322 38.998 39.224 39.460 39.706 39.962 40.227 40.502 40.788 41.083 41.388 41.702
