DATA/SHG/ECMWF/20170628/EN-48/20170703.en-48.asc
ncols        190
nrows        64
xllcorner    -5100000.000000000000
yllcorner    4130000.000000000000
cellsize     10000.000000000000
NODATA_value  -99999.000
[rows 0 to 31 of 64, columns 0 to 71 of 190]
0.056 0.054 0.053 0.051 0.049 0.047 0.045 0.042 0.039 0.037 0.034 0.031 0.028 0.026 0.023 0.020 0.018 0.016 0.013 0.028 0.047 0.087 0.138 0.192 0.247 0.305 0.365 0.427 0.491 0.557 0.626 0.697 0.770 0.863 0.963 1.058 1.148 1.231 1.310 1.382 1.449 1.511 1.567 1.617 1.662 1.727 1.812 1.897 1.981 2.065 2.149 2.232 2.315 2.398 2.480 2.561 2.643 2.669 2.627 2.580 2.528 2.470 2.407 2.339 2.266 2.187 2.103 2.015 1.921 1.957 2.224 2.506
0.033 0.031 0.029 0.027 0.024 0.021 0.018 0.015 0.012 0.009 0.006 0.003 0.024 0.044 0.064 0.085 0.104 0.124 0.143 0.162 0.181 0.220 0.279 0.340 0.403 0.469 0.536 0.606 0.678 0.752 0.828 0.907 0.987 1.071 1.152 1.227 1.297 1.361 1.419 1.472 1.520 1.562 1.598 1.629 1.654 1.700 1.784 1.867 1.951 2.033 2.116 2.197 2.279 2.360 2.441 2.521 2.601 2.637 2.576 2.511 2.440 2.364 2.283 2.197 2.105 2.008 1.907 1.799 1.687 1.677 2.002 2.342
0.011 0.009 0.006 0.003 0.002 0.017 0.035 0.056 0.080 0.104 0.125 0.145 0.165 0.184 0.204 0.223 0.242 0.260 0.279 0.297 0.315 0.351 0.417 0.486 0.557 0.630 0.705 0.782 0.862 0.944 1.028 1.114 1.202 1.284 1.345 1.401 1.451 1.496 1.535 1.568 1.596 1.618 1.635 1.647 1.652 1.674 1.756 1.838 1.920 2.001 2.082 2.163 2.243 2.323 2.402 2.481 2.560 2.609 2.531 2.447 2.358 2.264 2.164 2.060 1.950 1.835 1.715 1.590 1.508 1.478 1.880 2.279
0.019 0.032 0.048 0.068 0.091 0.117 0.146 0.179 0.215 0.248 0.268 0.287 0.306 0.325 0.343 0.361 0.379 0.397 0.414 0.431 0.448 0.479 0.553 0.629 0.708 0.788 0.871 0.956 1.043 1.133 1.224 1.318 1.414 1.503 1.544 1.580 1.611 1.636 1.655 1.669 1.678 1.681 1.678 1.670 1.656 1.648 1.729 1.810 1.890 1.970 2.050 2.129 2.208 2.286 2.364 2.441 2.519 2.587 2.490 2.388 2.287 2.249 2.199 2.139 2.067 1.985 1.891 1.786 1.670 1.543 1.924 2.310
0.057 0.081 0.109 0.141 0.175 0.213 0.254 0.299 0.347 0.392 0.411 0.429 0.447 0.465 0.482 0.500 0.517 0.533 0.550 0.566 0.582 0.604 0.686 0.770 0.856 0.944 1.035 1.128 1.222 1.320 1.419 1.520 1.624 1.727 1.749 1.765 1.776 1.782 1.782 1.776 1.765 1.748 1.726 1.698 1.665 1.626 1.702 1.782 1.861 1.939 2.017 2.095 2.173 2.270 2.433 2.596 2.757 2.919 2.892 2.837 2.771 2.694 2.605 2.506 2.395 2.274 2.141 1.997 1.842 1.676 1.971 2.345
0.091 0.127 0.167 0.210 0.256 0.305 0.358 0.415 0.474 0.537 0.554 0.571 0.589 0.605 0.622 0.638 0.654 0.670 0.686 0.701 0.716 0.731 0.816 0.908 1.002 1.098 1.196 1.296 1.399 1.504 1.611 1.720 1.831 1.944 1.959 1.956 1.947 1.933 1.913 1.888 1.858 1.821 1.780 1.732 1.679 1.621 1.711 1.876 2.041 2.205 2.369 2.531 2.694 2.855 3.016 3.176 3.335 3.494 3.465 3.370 3.265 3.149 3.021 2.883 2.733 2.573 2.401 2.218 2.024 1.819 2.021 2.383
0.121 0.169 0.220 0.275 0.333 0.394 0.459 0.527 0.598 0.672 0.697 0.714 0.730 0.746 0.761 0.777 0.792 0.807 0.821 0.836 0.850 0.864 0.944 1.044 1.145 1.249 1.355 1.463 1.573 1.685 1.800 1.916 2.035 2.156 2.174 2.151 2.123 2.090 2.051 2.028 2.028 2.039 2.059 2.090 2.131 2.182 2.313 2.476 2.638 2.800 2.961 3.121 3.281 3.440 3.598 3.756 3.913 4.070 4.047 3.914 3.769 3.614 3.448 3.270 3.082 2.882 2.672 2.450 2.217 1.973 2.074 2.424
0.148 0.207 0.270 0.337 0.406 0.479 0.555 0.635 0.718 0.804 0.841 0.856 0.871 0.886 0.901 0.915 0.930 0.943 0.957 0.971 0.984 0.997 1.070 1.177 1.286 1.397 1.511 1.626 1.744 1.864 1.986 2.111 2.238 2.358 2.390 2.375 2.371 2.376 2.392 2.418 2.453 2.499 2.555 2.621 2.697 2.783 2.914 3.075 3.235 3.394 3.553 3.711 3.868 4.025 4.181 4.336 4.491 4.645 4.639 4.467 4.284 4.089 3.884 3.668 3.440 3.202 2.952 2.692 2.420 2.137 2.131 2.468
0.170 0.242 0.316 0.394 0.476 0.560 0.648 0.739 0.834 0.931 0.984 0.999 1.013 1.027 1.041 1.054 1.067 1.080 1.093 1.106 1.118 1.130 1.193 1.307 1.424 1.584 1.737 1.881 2.015 2.140 2.255 2.361 2.457 2.543 2.592 2.613 2.644 2.684 2.735 2.796 2.867 2.949 3.040 3.141 3.252 3.374 3.515 3.673 3.831 3.988 4.144 4.300 4.455 4.609 4.763 4.916 5.068 5.220 5.241 5.030 4.808 4.575 4.331 4.075 3.809 3.532 3.243 2.944 2.633 2.312 2.191 2.515
0.189 0.272 0.359 0.448 0.541 0.638 0.737 0.840 0.946 1.055 1.128 1.141 1.154 1.168 1.180 1.193 1.205 1.223 1.284 1.353 1.430 1.516 1.630 1.779 1.917 2.047 2.166 2.276 2.377 2.468 2.550 2.622 2.684 2.737 2.784 2.840 2.906 2.982 3.068 3.164 3.271 3.387 3.514 3.650 3.797 3.953 4.116 4.272 4.427 4.581 4.735 4.889 5.041 5.193 5.344 5.495 5.645 5.794 5.853 5.603 5.342 5.070 4.787 4.493 4.188 3.872 3.544 3.206 2.857 2.497 2.254 2.566
0.205 0.300 0.398 0.499 0.603 0.711 0.822 0.937 1.055 1.176 1.276 1.308 1.348 1.397 1.453 1.519 1.592 1.673 1.763 1.861 1.967 2.082 2.203 2.318 2.423 2.519 2.605 2.681 2.748 2.806 2.854 2.892 2.921 2.941 2.965 3.056 3.157 3.269 3.390 3.522 3.663 3.815 3.977 4.148 4.330 4.522 4.716 4.870 5.023 5.175 5.326 5.477 5.628 5.777 5.926 6.074 6.222 6.369 6.475 6.186 5.886 5.576 5.254 4.921 4.577 4.222 3.856 3.479 3.091 2.692 2.320 2.620
0.217 0.323 0.433 0.563 0.708 0.850 0.990 1.127 1.261 1.393 1.514 1.575 1.644 1.722 1.808 1.902 2.004 2.114 2.233 2.360 2.495 2.638 2.785 2.866 2.938 3.000 3.053 3.096 3.129 3.153 3.168 3.173 3.168 3.154 3.135 3.262 3.398 3.545 3.702 3.868 4.045 4.232 4.429 4.636 4.852 5.079 5.316 5.468 5.618 5.768 5.917 6.066 6.214 6.361 6.507 6.653 6.798 6.943 7.087 6.779 6.441 6.091 5.730 5.359 4.976 4.582 4.177 3.759 3.351 2.962 2.591 2.845
0.426 0.570 0.711 0.849 0.984 1.117 1.247 1.375 1.500 1.622 1.742 1.833 1.932 2.038 2.153 2.276 2.407 2.546 2.694 2.849 3.013 3.186 3.366 3.424 3.462 3.491 3.510 3.519 3.519 3.510 3.491 3.462 3.424 3.377 3.320 3.457 3.629 3.810 4.002 4.204 4.416 4.638 4.870 5.112 5.364 5.626 5.898 6.066 6.214 6.361 6.508 6.654 6.799 6.944 7.088 7.232 7.375 7.517 7.659 7.382 6.927 6.452 5.997 5.561 5.143 4.744 4.364 4.003 3.661 3.337 3.033 3.176
0.743 0.877 1.008 1.137 1.263 1.387 1.508 1.626 1.742 1.854 1.965 2.082 2.209 2.345 2.488 2.640 2.800 2.968 3.145 3.329 3.522 3.723 3.933 3.991 3.995 3.990 3.976 3.952 3.919 3.876 3.823 3.761 3.690 3.609 3.518 3.641 3.848 4.065 4.292 4.529 4.776 5.033 5.301 5.578 5.865 6.162 6.469 6.663 6.809 6.954 7.098 7.242 7.385 7.461 7.503 7.523 7.519 7.492 7.443 7.119 6.692 6.284 5.894 5.523 5.172 4.839 4.524 4.229 3.952 3.694 3.455 3.518
1.062 1.187 1.309 1.428 1.545 1.659 1.771 1.879 1.986 2.089 2.190 2.322 2.478 2.642 2.815 2.995 3.184 3.381 3.586 3.800 4.022 4.251 4.489 4.567 4.538 4.500 4.452 4.394 4.327 4.251 4.165 4.070 3.965 3.850 3.727 3.815 4.057 4.309 4.572 4.844 5.126 5.418 5.720 6.032 6.355 6.687 7.025 7.240 7.340 7.417 7.471 7.502 7.510 7.495 7.456 7.395 7.311 7.204 7.074 6.801 6.440 6.097 5.773 5.468 5.182 4.915 4.666 4.437 4.226 4.033 3.860 3.872
1.383 1.499 1.611 1.721 1.829 1.934 2.036 2.135 2.232 2.326 2.418 2.552 2.737 2.930 3.132 3.341 3.559 3.785 4.019 4.261 4.511 4.770 5.037 5.152 5.090 5.018 4.936 4.846 4.745 4.635 4.516 4.387 4.249 4.101 3.944 3.978 4.256 4.543 4.838 5.133 5.440 5.760 6.092 6.436 6.793 7.162 7.544 7.780 7.799 7.796 7.769 7.719 7.647 7.551 7.432 7.290 7.126 6.938 6.727 6.465 6.170 5.893 5.635 5.395 5.175 4.973 4.790 4.626 4.481 4.354 4.246 4.237
1.707 1.813 1.916 2.017 2.115 2.211 2.303 2.394 2.481 2.566 2.648 2.774 2.987 3.209 3.439 3.678 3.924 4.179 4.442 4.713 4.992 5.279 5.575 5.746 5.651 5.545 5.431 5.306 5.173 5.029 4.877 4.698 4.484 4.281 4.089 4.056 4.357 4.671 4.997 5.335 5.686 6.049 6.424 6.812 7.212 7.624 8.049 8.342 8.281 8.197 8.089 7.959 7.806 7.630 7.430 7.208 6.963 6.695 6.404 6.112 5.882 5.671 5.478 5.305 5.150 5.013 4.896 4.797 4.718 4.656 4.614 4.615
2.033 2.130 2.224 2.315 2.404 2.490 2.574 2.655 2.733 2.808 2.881 2.986 3.228 3.479 3.738 4.005 4.280 4.563 4.855 5.155 5.463 5.779 6.103 6.350 6.160 5.908 5.666 5.436 5.216 5.008 4.811 4.625 4.450 4.286 4.133 4.072 4.417 4.774 5.143 5.524 5.918 6.325 6.743 7.174 7.618 8.073 8.541 8.927 8.785 8.620 8.432 8.221 7.988 7.731 7.451 7.149 6.823 6.475 6.103 5.741 5.576 5.431 5.304 5.196 5.106 5.036 4.984 4.951 4.936 4.941 4.964 5.003
2.362 2.449 2.534 2.616 2.695 2.772 2.846 2.918 2.987 3.053 3.117 3.188 3.460 3.739 4.027 4.323 4.627 4.876 5.086 5.290 5.488 5.680 5.866 6.029 5.804 5.590 5.388 5.196 5.015 4.846 4.688 4.540 4.404 4.279 4.165 4.075 4.463 4.863 5.276 5.701 6.138 6.587 7.049 7.524 8.010 8.509 9.020 9.533 9.311 9.065 8.797 8.506 8.192 7.855 7.495 7.112 6.706 6.277 5.826 5.352 5.253 5.173 5.112 5.069 5.045 5.040 5.054 5.086 5.137 5.207 5.295 5.402
2.693 2.771 2.846 2.919 2.989 3.057 3.121 3.184 3.243 3.300 3.311 3.307 3.510 3.729 3.943 4.150 4.351 4.546 4.735 4.917 5.094 5.264 5.428 5.586 5.437 5.262 5.098 4.945 4.803 4.673 4.553 4.445 4.347 4.261 4.186 4.121 4.496 4.940 5.396 5.864 6.345 6.837 7.343 7.860 8.390 8.932 9.486 10.053 9.859 9.533 9.185 8.813 8.419 8.001 7.561 7.098 6.612 6.103 5.571 5.016 4.912 4.898 4.902 4.925 4.966 5.026 5.105 5.203 5.319 5.455 5.608 5.781
3.026 3.095 3.161 3.180 3.194 3.203 3.207 3.205 3.199 3.187 3.170 3.148 3.295 3.493 3.685 3.870 4.050 4.223 4.390 4.551 4.706 4.855 4.997 5.133 5.058 4.922 4.797 4.683 4.580 4.488 4.408 4.338 4.279 4.231 4.195 4.169 4.517 5.004 5.503 6.015 6.538 7.074 7.623 8.183 8.756 9.342 9.939 10.549 10.429 10.023 9.594 9.142 8.668 8.170 7.650 7.106 6.540 5.951 5.339 4.704 4.554 4.605 4.674 4.762 4.869 4.995 5.139 5.315 5.533 5.774 6.038 6.325
3.152 3.163 3.170 3.171 3.167 3.157 3.143 3.124 3.099 3.070 3.035 2.995 3.087 3.263 3.433 3.598 3.755 3.907 4.053 4.192 4.325 4.452 4.573 4.688 4.669 4.571 4.485 4.410 4.346 4.293 4.251 4.220 4.200 4.191 4.193 4.206 4.525 5.055 5.598 6.152 6.719 7.298 7.890 8.494 9.110 9.738 10.379 11.032 11.021 10.535 10.026 9.494 8.939 8.362 7.761 7.137 6.491 5.822 5.130 4.415 4.187 4.325 4.487 4.670 4.877 5.106 5.359 5.634 5.931 6.252 6.595 6.961
3.202 3.195 3.184 3.167 3.145 3.118 3.085 3.048 3.006 2.958 2.905 2.848 2.886 3.040 3.189 3.332 3.468 3.598 3.722 3.840 3.952 4.057 4.157 4.250 4.268 4.210 4.162 4.126 4.100 4.086 4.083 4.090 4.109 4.139 4.179 4.231 4.520 5.094 5.679 6.277 6.887 7.509 8.144 8.791 9.450 10.122 10.806 11.502 11.636 11.069 10.480 9.868 9.233 8.514 7.764 7.026 6.302 5.589 4.890 4.203 3.927 4.145 4.386 4.649 4.935 5.244 5.576 5.930 6.307 6.707 7.129 7.574
3.258 3.233 3.203 3.168 3.128 3.083 3.033 2.978 2.918 2.852 2.782 2.706 2.691 2.825 2.952 3.073 3.188 3.296 3.399 3.495 3.585 3.669 3.747 3.819 3.857 3.837 3.828 3.830 3.844 3.868 3.903 3.950 4.007 4.075 4.155 4.245 4.503 5.119 5.748 6.389 7.042 7.708 8.385 9.075 9.778 10.493 11.092 11.635 11.752 10.982 10.225 9.481 8.750 8.031 7.325 6.632 5.951 5.283 4.627 3.985 3.646 3.943 4.263 4.606 4.971 5.359 5.770 6.204 6.660 7.139 7.641 8.166
3.319 3.276 3.228 3.176 3.118 3.055 2.987 2.914 2.835 2.752 2.664 2.570 2.504 2.616 2.721 2.821 2.914 3.001 3.082 3.157 3.226 3.288 3.345 3.395 3.434 3.453 3.483 3.524 3.576 3.639 3.713 3.798 3.894 4.001 4.119 4.248 4.473 5.132 5.804 6.432 7.036 7.624 8.193 8.746 9.281 9.798 10.298 10.781 11.037 10.311 9.599 8.899 8.212 7.537 6.875 6.226 5.589 4.965 4.353 3.755 3.342 3.719 4.118 4.540 4.985 5.453 5.943 6.456 6.991 7.550 8.131 8.734
3.385 3.325 3.259 3.189 3.113 3.032 2.946 2.855 2.759 2.658 2.551 2.440 2.323 2.413 2.498 2.576 2.647 2.713 2.773 2.826 2.873 2.914 2.949 2.978 3.001 3.058 3.127 3.206 3.297 3.398 3.511 3.635 3.772 3.910 4.050 4.191 4.344 4.941 5.519 6.081 6.625 7.151 7.660 8.152 8.626 9.083 9.522 9.944 10.310 9.629 8.961 8.305 7.661 7.031 6.413 5.808 5.215 4.635 4.067 3.513 3.017 3.473 3.952 4.453 4.977 5.524 6.094 6.686 7.300 7.938 8.598 9.281
3.456 3.379 3.296 3.207 3.113 3.015 2.911 2.802 2.688 2.569 2.445 2.315 2.181 2.218 2.281 2.337 2.388 2.432 2.470 2.502 2.527 2.547 2.561 2.568 2.576 2.696 2.829 2.965 3.101 3.239 3.378 3.518 3.660 3.803 3.948 4.093 4.241 4.729 5.247 5.748 6.231 6.697 7.145 7.576 7.990 8.386 8.765 9.127 9.471 8.935 8.311 7.699 7.100 6.513 5.939 5.378 4.829 4.293 3.770 3.259 2.761 3.206 3.764 4.344 4.948 5.574 6.222 6.893 7.587 8.304 9.043 9.805
3.543 3.439 3.338 3.231 3.120 3.003 2.881 2.754 2.623 2.486 2.344 2.196 2.044 2.030 2.071 2.106 2.135 2.181 2.267 2.337 2.392 2.431 2.455 2.463 2.456 2.550 2.688 2.828 2.969 3.112 3.256 3.401 3.547 3.695 3.844 3.995 4.146 4.535 4.992 5.432 5.855 6.261 6.648 7.019 7.372 7.708 8.026 8.327 8.611 8.230 7.650 7.082 6.527 5.984 5.454 4.937 4.432 3.940 3.460 2.993 2.539 2.917 3.554 4.214 4.896 5.601 6.329 7.079 7.852 8.648 9.466 10.307
3.646 3.504 3.385 3.261 3.131 2.997 2.857 2.713 2.563 2.408 2.294 2.226 2.153 2.176 2.269 2.347 2.410 2.456 2.488 2.504 2.505 2.490 2.459 2.414 2.352 2.403 2.546 2.690 2.836 2.983 3.132 3.282 3.433 3.585 3.739 3.895 4.051 4.359 4.756 5.135 5.498 5.842 6.170 6.480 6.772 7.048 7.306 7.546 7.769 7.513 6.977 6.453 5.942 5.443 4.957 4.484 4.023 3.575 3.139 2.716 2.306 2.606 3.322 4.061 4.822 5.607 6.413 7.243 8.095 8.969 9.867 10.786
3.765 3.575 3.438 3.358 3.309 3.255 3.195 3.130 3.060 2.984 2.902 2.815 2.722 2.684 2.723 2.747 2.755 2.748 2.725 2.687 2.634 2.565 2.480 2.380 2.265 2.254 2.402 2.551 2.702 2.854 3.007 3.162 3.317 3.475 3.633 3.793 3.954 4.201 4.537 4.856 5.158 5.442 5.709 5.959 6.191 6.406 6.603 6.783 6.946 6.785 6.293 5.813 5.346 4.891 4.449 4.019 3.602 3.198 2.806 2.427 2.060 2.274 3.069 3.887 4.727 5.590 6.476 7.384 8.315 9.251 10.187 11.122
4.363 4.226 4.169 4.107 4.039 3.965 3.886 3.802 3.712 3.616 3.515 3.409 3.297 3.208 3.193 3.163 3.117 3.055 2.979 2.887 2.779 2.656 2.518 2.364 2.194 2.104 2.257 2.411 2.566 2.723 2.881 3.040 3.201 3.363 3.526 3.691 3.856 4.060 4.336 4.595 4.836 5.060 5.266 5.456 5.627 5.782 5.919 6.039 6.141 6.046 5.597 5.161 4.738 4.327 3.929 3.543 3.170 2.809 2.461 2.126 1.803 1.959 2.898 3.836 4.774 5.711 6.647 7.582 8.517 9.452 10.385 11.318
5.201 5.019 4.943 4.861 4.773 4.680 4.582 4.478 4.369 4.254 4.134 4.008 3.877 3.748 3.679 3.594 3.494 3.379 3.248 3.102 2.941 2.763 2.571 2.363 2.140 1.954 2.111 2.270 2.430 2.591 2.753 2.917 3.083 3.249 3.417 3.587 3.757 3.938 4.153 4.351 4.532 4.696 4.842 4.971 5.082 5.176 5.253 5.313 5.355 5.295 4.890 4.498 4.118 3.751 3.468 3.240 3.014 2.790 2.567 2.347 2.128 2.176 3.113 4.049 4.984 5.919 6.853 7.787 8.720 9.652 10.584 11.515
