DATA/SHG/ECMWF/20170628/EN-48/20170705.en-48.asc
ncols        190
nrows        64
xllcorner    -5100000.000000000000
yllcorner    4130000.000000000000
cellsize     10000.000000000000
NODATA_value  -99999.000
[rows 0 to 32 of 64, columns 0 to 72 of 190]
0.354 0.331 0.307 0.282 0.257 0.231 0.204 0.176 0.147 0.140 0.140 0.140 0.140 0.140 0.141 0.141 0.141 0.142 0.143 0.154 0.168 0.216 0.277 0.336 0.392 0.445 0.496 0.544 0.588 0.631 0.670 0.706 0.740 0.736 0.709 0.684 0.659 0.636 0.613 0.592 0.571 0.552 0.533 0.516 0.499 0.578 0.736 0.889 1.038 1.183 1.323 1.459 1.590 1.717 1.839 1.957 2.070 2.231 2.463 2.709 2.968 3.241 3.527 3.828 4.142 4.470 4.812 5.167 5.536 6.018 6.670 7.328 7.992
0.295 0.270 0.243 0.215 0.187 0.158 0.128 0.098 0.066 0.054 0.054 0.055 0.068 0.082 0.095 0.109 0.123 0.137 0.152 0.166 0.180 0.216 0.268 0.317 0.363 0.407 0.447 0.485 0.520 0.553 0.582 0.609 0.633 0.633 0.610 0.589 0.568 0.548 0.529 0.511 0.494 0.478 0.463 0.449 0.437 0.486 0.629 0.767 0.900 1.029 1.154 1.274 1.389 1.501 1.607 1.710 1.808 1.959 2.239 2.533 2.840 3.161 3.496 3.845 4.208 4.584 4.974 5.378 5.795 6.285 6.958 7.638 8.324
0.238 0.209 0.180 0.150 0.120 0.099 0.079 0.059 0.040 0.036 0.050 0.064 0.078 0.092 0.106 0.120 0.135 0.149 0.164 0.178 0.193 0.219 0.261 0.301 0.337 0.371 0.402 0.430 0.455 0.478 0.497 0.514 0.528 0.530 0.511 0.492 0.475 0.459 0.443 0.429 0.416 0.404 0.392 0.382 0.373 0.399 0.526 0.648 0.766 0.880 0.989 1.093 1.194 1.289 1.381 1.467 1.550 1.673 2.001 2.343 2.699 3.069 3.452 3.849 4.260 4.685 5.123 5.575 6.190 6.854 7.632 8.364 9.048
0.204 0.182 0.161 0.141 0.122 0.103 0.085 0.068 0.051 0.045 0.059 0.073 0.087 0.102 0.116 0.131 0.146 0.161 0.176 0.191 0.206 0.226 0.258 0.287 0.314 0.338 0.359 0.377 0.393 0.405 0.415 0.423 0.427 0.426 0.410 0.395 0.382 0.369 0.357 0.346 0.337 0.328 0.320 0.314 0.308 0.317 0.428 0.535 0.637 0.735 0.829 0.918 1.002 1.083 1.158 1.230 1.297 1.374 1.751 2.141 2.556 3.112 3.689 4.286 4.902 5.539 6.196 6.873 7.570 8.287 8.902 9.468 9.987
0.194 0.175 0.156 0.139 0.122 0.106 0.091 0.076 0.062 0.053 0.068 0.082 0.097 0.112 0.127 0.142 0.157 0.172 0.187 0.203 0.218 0.235 0.257 0.277 0.294 0.308 0.319 0.328 0.333 0.336 0.337 0.334 0.329 0.321 0.308 0.297 0.287 0.278 0.270 0.263 0.257 0.252 0.248 0.245 0.243 0.242 0.335 0.426 0.513 0.595 0.673 0.747 0.816 0.908 1.088 1.267 1.446 1.625 2.159 2.746 3.353 3.979 4.626 5.293 5.980 6.687 7.414 8.161 8.928 9.716 10.213 10.615 10.969
0.183 0.166 0.151 0.136 0.122 0.108 0.095 0.083 0.072 0.062 0.077 0.092 0.107 0.122 0.137 0.152 0.168 0.183 0.199 0.215 0.231 0.247 0.259 0.269 0.276 0.281 0.282 0.281 0.277 0.270 0.261 0.249 0.234 0.216 0.206 0.198 0.192 0.186 0.182 0.178 0.176 0.174 0.174 0.174 0.176 0.179 0.286 0.467 0.647 0.827 1.006 1.186 1.365 1.544 1.723 1.902 2.080 2.259 2.794 3.452 4.129 4.826 5.543 6.280 7.037 7.814 8.612 9.429 10.266 11.123 11.568 11.804 11.994
0.171 0.157 0.144 0.132 0.120 0.109 0.099 0.090 0.081 0.073 0.085 0.101 0.116 0.132 0.147 0.163 0.179 0.195 0.211 0.227 0.243 0.259 0.265 0.265 0.262 0.257 0.248 0.237 0.224 0.207 0.188 0.166 0.141 0.114 0.103 0.099 0.096 0.094 0.093 0.130 0.205 0.292 0.390 0.501 0.624 0.759 0.927 1.107 1.286 1.465 1.644 1.823 2.002 2.180 2.358 2.536 2.714 2.891 3.409 4.137 4.884 5.651 6.439 7.246 8.073 8.920 9.788 10.675 11.582 12.509 12.964 13.036 13.062
0.159 0.148 0.137 0.127 0.118 0.110 0.102 0.096 0.090 0.084 0.094 0.110 0.125 0.141 0.157 0.173 0.189 0.206 0.222 0.238 0.255 0.272 0.273 0.263 0.251 0.235 0.217 0.197 0.173 0.147 0.118 0.086 0.074 0.071 0.099 0.156 0.225 0.305 0.398 0.503 0.620 0.749 0.890 1.043 1.209 1.386 1.568 1.746 1.925 2.103 2.281 2.459 2.637 2.815 2.992 3.169 3.346 3.523 4.004 4.801 5.619 6.456 7.314 8.191 9.088 10.006 10.943 11.900 12.877 13.874 14.403 14.311 14.172
0.145 0.137 0.129 0.122 0.115 0.110 0.105 0.101 0.097 0.094 0.102 0.118 0.134 0.151 0.167 0.183 0.200 0.216 0.233 0.250 0.267 0.284 0.284 0.264 0.242 0.225 0.211 0.201 0.193 0.189 0.187 0.189 0.193 0.201 0.248 0.347 0.458 0.581 0.716 0.864 1.023 1.194 1.377 1.573 1.780 1.999 2.207 2.385 2.563 2.741 2.918 3.095 3.272 3.449 3.625 3.802 3.978 4.154 4.578 5.445 6.333 7.240 8.168 9.115 10.082 11.070 12.077 13.104 14.151 15.218 15.885 15.628 15.325
0.131 0.125 0.120 0.116 0.112 0.109 0.106 0.105 0.104 0.104 0.111 0.127 0.143 0.160 0.177 0.193 0.210 0.227 0.242 0.257 0.273 0.289 0.294 0.282 0.273 0.267 0.264 0.264 0.267 0.273 0.282 0.295 0.310 0.328 0.384 0.526 0.679 0.845 1.022 1.211 1.413 1.626 1.852 2.089 2.339 2.600 2.846 3.023 3.200 3.377 3.553 3.730 3.906 4.082 4.258 4.433 4.609 4.784 5.131 6.069 7.026 8.004 9.001 10.019 11.056 12.113 13.190 14.287 15.404 16.541 17.408 16.987 16.520
0.117 0.113 0.111 0.109 0.107 0.107 0.107 0.108 0.110 0.112 0.118 0.132 0.146 0.161 0.175 0.191 0.206 0.222 0.238 0.254 0.271 0.288 0.301 0.300 0.301 0.306 0.314 0.324 0.338 0.355 0.374 0.397 0.423 0.452 0.508 0.692 0.887 1.095 1.315 1.546 1.790 2.045 2.313 2.592 2.884 3.188 3.484 3.660 3.837 4.013 4.188 4.364 4.539 4.715 4.890 5.064 5.239 5.413 5.664 6.672 7.699 8.747 9.814 10.901 12.008 13.135 14.282 15.449 16.636 17.843 18.974 18.389 17.758
0.101 0.100 0.100 0.101 0.102 0.102 0.103 0.103 0.103 0.103 0.104 0.120 0.135 0.151 0.167 0.183 0.199 0.216 0.234 0.251 0.269 0.287 0.305 0.314 0.326 0.342 0.360 0.381 0.405 0.433 0.463 0.496 0.533 0.572 0.620 0.845 1.083 1.333 1.595 1.868 2.154 2.452 2.761 3.083 3.417 3.762 4.120 4.297 4.472 4.647 4.822 4.997 5.172 5.346 5.521 5.695 5.868 6.042 6.216 7.255 8.352 9.469 10.606 11.763 12.940 14.137 15.354 16.379 17.221 18.029 18.802 17.900 16.875
0.092 0.093 0.094 0.094 0.094 0.094 0.094 0.094 0.093 0.092 0.092 0.107 0.123 0.140 0.157 0.175 0.192 0.211 0.229 0.248 0.267 0.286 0.306 0.325 0.348 0.374 0.403 0.435 0.470 0.507 0.548 0.592 0.639 0.689 0.742 0.986 1.266 1.558 1.862 2.178 2.505 2.845 3.197 3.561 3.936 4.324 4.724 4.932 5.107 5.282 5.456 5.630 5.804 5.977 6.151 6.324 6.497 6.670 6.843 7.817 8.860 9.824 10.754 11.649 12.510 13.336 14.127 14.883 15.605 16.292 16.945 16.320 15.376
0.087 0.088 0.087 0.087 0.087 0.086 0.085 0.084 0.083 0.082 0.080 0.094 0.112 0.130 0.148 0.166 0.185 0.204 0.224 0.244 0.264 0.284 0.305 0.334 0.367 0.403 0.443 0.485 0.531 0.579 0.630 0.685 0.742 0.803 0.866 1.115 1.437 1.771 2.116 2.474 2.844 3.226 3.620 4.026 4.443 4.873 5.315 5.567 5.741 5.915 6.088 6.262 6.435 6.569 6.669 6.738 6.776 6.783 6.760 7.368 8.246 9.090 9.899 10.673 11.412 12.117 12.788 13.423 14.024 14.590 15.122 14.720 13.857
0.083 0.082 0.082 0.081 0.080 0.078 0.077 0.075 0.074 0.072 0.070 0.081 0.100 0.119 0.138 0.158 0.178 0.198 0.219 0.239 0.261 0.282 0.304 0.338 0.382 0.429 0.479 0.532 0.588 0.647 0.709 0.774 0.842 0.913 0.987 1.231 1.595 1.971 2.358 2.758 3.170 3.594 4.030 4.478 4.937 5.409 5.949 6.297 6.473 6.618 6.733 6.817 6.870 6.893 6.885 6.847 6.778 6.678 6.548 6.909 7.666 8.389 9.077 9.731 10.349 10.934 11.483 11.998 12.478 12.924 13.335 13.102 12.319
0.078 0.077 0.076 0.074 0.073 0.071 0.069 0.067 0.064 0.062 0.059 0.067 0.087 0.107 0.128 0.149 0.170 0.191 0.213 0.235 0.257 0.280 0.303 0.340 0.395 0.452 0.513 0.576 0.643 0.712 0.785 0.860 0.939 1.020 1.105 1.334 1.740 2.158 2.598 3.105 3.622 4.148 4.684 5.230 5.786 6.351 6.925 7.294 7.362 7.400 7.407 7.384 7.331 7.246 7.131 6.986 6.810 6.603 6.366 6.485 7.121 7.723 8.290 8.823 9.321 9.785 10.213 10.608 10.967 11.292 11.583 11.464 10.762
0.074 0.072 0.070 0.068 0.066 0.064 0.061 0.058 0.055 0.052 0.048 0.053 0.074 0.096 0.117 0.139 0.161 0.184 0.207 0.230 0.253 0.277 0.301 0.339 0.404 0.472 0.543 0.617 0.694 0.774 0.857 0.959 1.105 1.266 1.441 1.727 2.240 2.761 3.293 3.834 4.384 4.945 5.514 6.094 6.683 7.282 7.890 8.319 8.280 8.211 8.111 7.981 7.820 7.629 7.407 7.155 6.872 6.558 6.214 6.094 6.610 7.091 7.538 7.950 8.327 8.670 8.978 9.252 9.491 9.696 9.866 9.807 9.185
0.070 0.068 0.065 0.062 0.059 0.056 0.053 0.050 0.046 0.042 0.038 0.039 0.061 0.084 0.106 0.129 0.153 0.176 0.200 0.225 0.249 0.274 0.299 0.334 0.415 0.513 0.625 0.751 0.891 1.045 1.212 1.394 1.590 1.799 2.023 2.311 2.856 3.412 3.977 4.552 5.136 5.730 6.333 6.946 7.569 8.201 8.843 9.374 9.228 9.052 8.845 8.608 8.340 8.042 7.713 7.353 6.964 6.543 6.093 5.737 6.133 6.493 6.819 7.111 7.368 7.590 7.778 7.931 8.050 8.134 8.184 8.131 7.589
0.066 0.063 0.060 0.057 0.053 0.049 0.046 0.041 0.037 0.033 0.028 0.025 0.048 0.071 0.095 0.119 0.144 0.171 0.199 0.229 0.260 0.291 0.324 0.361 0.494 0.641 0.801 0.976 1.165 1.368 1.584 1.814 2.059 2.317 2.589 2.883 3.463 4.052 4.650 5.259 5.877 6.504 7.141 7.788 8.444 9.110 9.786 10.457 10.204 9.921 9.607 9.263 8.889 8.483 8.048 7.582 7.085 6.558 6.001 5.415 5.689 5.930 6.135 6.306 6.443 6.545 6.612 6.645 6.644 6.608 6.537 6.432 5.974
0.063 0.059 0.055 0.051 0.047 0.043 0.038 0.033 0.029 0.024 0.022 0.016 0.039 0.066 0.094 0.124 0.154 0.185 0.217 0.250 0.283 0.318 0.354 0.391 0.558 0.753 0.963 1.187 1.424 1.675 1.941 2.220 2.513 2.820 3.141 3.475 4.058 4.681 5.313 5.955 6.606 7.268 7.938 8.619 9.309 10.008 10.717 11.436 11.210 10.820 10.399 9.948 9.467 8.955 8.413 7.840 7.237 6.603 5.939 5.244 5.280 5.400 5.485 5.536 5.552 5.534 5.481 5.394 5.272 5.116 4.925 4.700 4.339
0.059 0.055 0.051 0.070 0.084 0.093 0.095 0.092 0.083 0.068 0.047 0.021 0.035 0.066 0.098 0.130 0.163 0.198 0.233 0.269 0.306 0.344 0.383 0.423 0.607 0.851 1.110 1.382 1.668 1.968 2.282 2.610 2.952 3.308 3.677 4.060 4.642 5.299 5.965 6.640 7.325 8.020 8.724 9.438 10.162 10.895 11.637 12.390 12.244 11.748 11.220 10.663 10.075 9.456 8.807 8.128 7.418 6.677 5.907 5.106 4.905 4.904 4.869 4.800 4.696 4.557 4.384 4.253 4.240 4.241 4.255 4.283 4.228
0.228 0.239 0.244 0.244 0.238 0.226 0.208 0.184 0.155 0.119 0.078 0.032 0.031 0.065 0.100 0.136 0.172 0.210 0.248 0.288 0.328 0.369 0.412 0.455 0.641 0.935 1.242 1.563 1.898 2.246 2.609 2.986 3.376 3.780 4.198 4.630 5.216 5.906 6.605 7.315 8.033 8.762 9.499 10.247 11.004 11.770 12.547 13.332 13.308 12.705 12.071 11.406 10.712 9.986 9.231 8.445 7.628 6.782 5.905 4.997 4.576 4.516 4.470 4.437 4.417 4.411 4.419 4.440 4.474 4.522 4.584 4.659 4.617
0.469 0.460 0.445 0.424 0.397 0.365 0.326 0.283 0.233 0.177 0.116 0.049 0.026 0.063 0.101 0.140 0.180 0.221 0.263 0.305 0.349 0.393 0.439 0.485 0.661 1.003 1.359 1.729 2.112 2.509 2.921 3.346 3.785 4.238 4.705 5.185 5.779 6.502 7.235 7.978 8.730 9.492 10.264 11.045 11.835 12.635 13.445 14.264 14.401 13.691 12.950 12.179 11.378 10.445 9.463 8.504 7.567 6.653 5.762 4.893 4.421 4.408 4.408 4.422 4.450 4.491 4.546 4.614 4.695 4.790 4.899 5.021 5.016
0.716 0.686 0.651 0.610 0.563 0.510 0.451 0.387 0.317 0.241 0.160 0.072 0.020 0.060 0.102 0.144 0.187 0.231 0.276 0.322 0.369 0.416 0.465 0.515 0.666 1.057 1.461 1.880 2.312 2.758 3.218 3.691 4.179 4.680 5.196 5.725 6.331 7.088 7.855 8.631 9.417 10.212 11.017 11.831 12.655 13.489 14.132 14.676 14.700 13.684 12.690 11.720 10.771 9.846 8.943 8.062 7.205 6.370 5.557 4.768 4.252 4.286 4.334 4.395 4.470 4.558 4.659 4.775 4.903 5.045 5.201 5.370 5.425
0.969 0.919 0.863 0.802 0.734 0.661 0.583 0.498 0.408 0.312 0.210 0.102 0.013 0.056 0.101 0.146 0.193 0.240 0.288 0.337 0.387 0.438 0.490 0.543 0.657 1.096 1.549 2.016 2.497 2.991 3.500 4.022 4.558 5.108 5.672 6.249 6.872 7.663 8.463 9.192 9.875 10.517 11.121 11.685 12.209 12.695 13.140 13.547 13.685 12.748 11.833 10.941 10.072 9.225 8.401 7.600 6.821 6.065 5.331 4.620 4.071 4.152 4.247 4.355 4.476 4.612 4.760 4.922 5.098 5.287 5.489 5.705 5.843
1.227 1.157 1.081 1.000 0.912 0.819 0.720 0.615 0.504 0.388 0.266 0.138 0.004 0.051 0.099 0.148 0.197 0.248 0.299 0.352 0.405 0.459 0.514 0.571 0.633 1.120 1.622 2.137 2.667 3.210 3.767 4.337 4.913 5.500 6.099 6.709 7.332 7.995 8.618 9.203 9.747 10.253 10.719 11.145 11.532 11.880 12.189 12.458 12.649 11.791 10.955 10.142 9.352 8.584 7.839 7.116 6.416 5.739 5.084 4.452 3.876 4.005 4.146 4.302 4.470 4.652 4.848 5.057 5.280 5.516 5.765 6.028 6.271
1.478 1.402 1.306 1.204 1.096 0.982 0.863 0.738 0.607 0.471 0.328 0.180 0.026 0.045 0.096 0.148 0.201 0.255 0.310 0.365 0.422 0.479 0.538 0.597 0.657 1.129 1.677 2.235 2.805 3.387 3.980 4.584 5.200 5.828 6.467 7.117 7.779 8.320 8.806 9.252 9.660 10.028 10.356 10.646 10.896 11.107 11.278 11.410 11.503 10.813 10.056 9.322 8.610 7.921 7.255 6.611 5.989 5.391 4.815 4.261 3.730 3.845 4.033 4.236 4.451 4.680 4.923 5.179 5.448 5.731 6.027 6.337 6.660
1.731 1.653 1.536 1.414 1.286 1.152 1.013 0.867 0.716 0.559 0.397 0.229 0.055 0.038 0.093 0.148 0.204 0.262 0.324 0.385 0.447 0.508 0.569 0.630 0.690 1.122 1.710 2.308 2.919 3.541 4.174 4.819 5.475 6.143 6.822 7.513 8.215 8.684 9.033 9.342 9.612 9.843 10.034 10.187 10.300 10.373 10.407 10.402 10.358 9.814 9.136 8.480 7.847 7.237 6.649 6.084 5.542 5.022 4.524 4.049 3.597 3.672 3.907 4.156 4.419 4.695 4.984 5.287 5.604 5.933 6.276 6.633 7.003
1.986 1.909 1.773 1.630 1.482 1.328 1.168 1.003 0.831 0.654 0.476 0.296 0.107 0.053 0.115 0.177 0.238 0.299 0.360 0.421 0.482 0.543 0.603 0.663 0.723 1.103 1.730 2.370 3.020 3.682 4.356 5.041 5.738 6.446 7.165 7.896 8.639 9.088 9.299 9.471 9.604 9.698 9.753 9.768 9.744 9.680 9.577 9.436 9.254 8.794 8.194 7.618 7.064 6.532 6.023 5.536 5.072 4.631 4.212 3.816 3.442 3.486 3.769 4.065 4.374 4.697 5.033 5.383 5.746 6.122 6.512 6.916 7.333
2.242 2.172 2.015 1.864 1.712 1.552 1.384 1.208 1.023 0.831 0.630 0.420 0.203 0.093 0.154 0.215 0.276 0.336 0.397 0.457 0.517 0.577 0.637 0.697 0.757 1.071 1.739 2.418 3.109 3.812 4.526 5.251 5.988 6.736 7.496 8.267 9.050 9.531 9.605 9.641 9.636 9.593 9.511 9.389 9.228 9.027 8.788 8.509 8.191 7.753 7.232 6.734 6.259 5.806 5.375 4.967 4.582 4.219 3.879 3.561 3.266 3.288 3.617 3.960 4.316 4.686 5.069 5.465 5.929 6.501 7.101 7.728 8.382
2.608 2.565 2.400 2.228 2.047 1.858 1.661 1.456 1.243 1.021 0.792 0.554 0.307 0.132 0.192 0.253 0.313 0.373 0.433 0.493 0.553 0.612 0.672 0.731 0.790 1.027 1.735 2.455 3.186 3.929 4.683 5.448 6.225 7.014 7.814 8.625 9.448 10.014 9.951 9.849 9.708 9.528 9.309 9.050 8.752 8.415 8.039 7.623 7.168 6.691 6.249 5.830 5.433 5.058 4.706 4.377 4.070 3.786 3.524 3.285 3.068 3.119 3.595 4.099 4.629 5.187 5.773 6.385 7.025 7.692 8.387 9.108 9.857
3.031 2.994 2.801 2.600 2.391 2.173 1.947 1.713 1.471 1.221 0.962 0.695 0.421 0.171 0.231 0.291 0.351 0.411 0.470 0.529 0.589 0.648 0.706 0.765 0.824 0.971 1.720 2.480 3.251 4.034 4.828 5.634 6.451 7.279 8.120 8.971 9.834 10.536 10.336 10.097 9.820 9.503 9.146 8.751 8.316 7.843 7.330 6.778 6.186 5.609 5.245 4.904 4.586 4.290 4.129 4.045 3.953 3.853 3.743 3.626 3.499 3.523 4.094 4.692 5.318 5.971 6.651 7.358 8.093 8.855 9.645 10.461 11.305
3.458 3.417 3.211 2.981 2.743 2.496 2.242 1.979 1.708 1.429 1.142 0.846 0.542 0.231 0.270 0.330 0.389 0.448 0.507 0.566 0.624 0.683 0.741 0.799 0.857 0.915 1.692 2.492 3.303 4.126 4.961 5.807 6.664 7.533 8.413 9.304 10.207 11.097 10.761 10.385 9.971 9.517 9.024 8.492 7.921 7.311 6.661 6.222 5.779 5.237 5.167 5.088 5.000 4.904 4.799 4.685 4.563 4.432 4.293 4.145 3.988 3.899 4.565 5.258 5.979 6.727 7.502 8.304 9.134 9.991 10.875 11.786 12.725
