DATA/SHG/ECMWF/20170628/EN-48/20170630.en-48.asc
ncols        190
nrows        64
xllcorner    -5100000.000000000000
yllcorner    4130000.000000000000
cellsize     10000.000000000000
NODATA_value  -99999.000
[rows 0 to 31 of 64, columns 0 to 72 of 190]
4.687 4.265 3.859 3.468 3.093 2.734 2.390 2.063 1.751 1.747 1.839 1.934 2.031 2.130 2.232 2.335 2.441 2.550 2.660 2.780 2.905 3.074 3.253 3.419 3.572 3.713 3.842 3.958 4.061 4.152 4.230 4.296 4.349 4.284 4.156 4.038 3.930 3.833 3.746 3.669 3.602 3.546 3.499 3.463 3.438 3.601 3.917 4.224 4.522 4.810 5.090 5.361 5.622 5.875 6.118 6.352 6.577 6.621 6.466 6.322 6.189 6.067 5.955 5.855 5.765 5.687 5.619 5.562 5.516 5.470 5.417 5.377 5.347
4.146 3.779 3.429 3.094 2.775 2.472 2.184 1.912 1.656 1.620 1.721 1.824 1.936 2.051 2.169 2.289 2.413 2.539 2.668 2.800 2.935 3.076 3.210 3.332 3.441 3.538 3.623 3.694 3.753 3.800 3.834 3.856 3.865 3.818 3.726 3.645 3.573 3.512 3.461 3.420 3.389 3.369 3.359 3.359 3.369 3.494 3.778 4.053 4.319 4.576 4.824 5.063 5.292 5.513 5.725 5.927 6.121 6.207 6.091 5.985 5.890 5.806 5.733 5.671 5.619 5.579 5.550 5.531 5.523 5.520 5.509 5.509 5.521
3.588 3.277 2.982 2.703 2.446 2.223 2.005 1.792 1.583 1.525 1.641 1.761 1.883 2.008 2.136 2.267 2.400 2.536 2.676 2.818 2.962 3.091 3.181 3.259 3.324 3.377 3.417 3.444 3.459 3.462 3.452 3.429 3.394 3.343 3.287 3.242 3.206 3.181 3.166 3.161 3.166 3.182 3.208 3.244 3.290 3.396 3.648 3.892 4.126 4.351 4.567 4.774 4.972 5.161 5.341 5.512 5.673 5.783 5.705 5.637 5.581 5.535 5.500 5.476 5.463 5.461 5.470 5.490 5.478 5.464 5.446 5.439 5.445
3.199 2.974 2.753 2.538 2.327 2.121 1.919 1.723 1.531 1.439 1.565 1.695 1.827 1.962 2.100 2.241 2.384 2.531 2.680 2.832 2.987 3.119 3.165 3.199 3.220 3.228 3.224 3.208 3.179 3.137 3.083 3.016 2.937 2.858 2.838 2.829 2.829 2.840 2.861 2.892 2.933 2.985 3.047 3.119 3.201 3.307 3.528 3.740 3.942 4.135 4.320 4.495 4.661 4.818 4.967 5.106 5.236 5.349 5.309 5.280 5.261 5.239 5.220 5.203 5.188 5.174 5.163 5.154 5.146 5.141 5.165 5.201 5.249
3.008 2.800 2.596 2.397 2.203 2.013 1.828 1.648 1.473 1.350 1.487 1.626 1.768 1.913 2.061 2.212 2.366 2.522 2.681 2.843 3.008 3.160 3.162 3.152 3.129 3.093 3.045 2.984 2.911 2.826 2.728 2.617 2.494 2.364 2.380 2.406 2.443 2.489 2.546 2.613 2.690 2.778 2.876 2.983 3.101 3.230 3.417 3.596 3.767 3.929 4.082 4.225 4.360 4.485 4.604 4.715 4.819 4.916 4.906 4.887 4.871 4.857 4.845 4.834 4.826 4.820 4.816 4.813 4.813 4.814 4.872 4.951 5.043
2.812 2.621 2.434 2.251 2.074 1.901 1.733 1.569 1.410 1.258 1.405 1.554 1.707 1.862 2.020 2.180 2.344 2.510 2.679 2.851 3.026 3.204 3.173 3.118 3.051 2.971 2.879 2.775 2.657 2.528 2.386 2.231 2.064 1.885 1.911 1.974 2.046 2.129 2.221 2.324 2.438 2.561 2.694 2.838 2.992 3.156 3.312 3.456 3.592 3.722 3.844 3.958 4.066 4.166 4.259 4.345 4.424 4.496 4.501 4.490 4.480 4.473 4.468 4.465 4.463 4.464 4.467 4.471 4.478 4.486 4.569 4.691 4.825
2.612 2.437 2.267 2.101 1.940 1.784 1.632 1.485 1.343 1.205 1.320 1.480 1.642 1.807 1.975 2.146 2.319 2.495 2.674 2.856 3.041 3.229 3.196 3.097 2.986 2.863 2.727 2.578 2.417 2.244 2.058 1.859 1.648 1.425 1.433 1.531 1.640 1.758 1.887 2.041 2.208 2.375 2.542 2.708 2.874 3.040 3.178 3.296 3.407 3.511 3.608 3.697 3.780 3.855 3.923 3.983 4.037 4.083 4.095 4.090 4.088 4.088 4.090 4.093 4.099 4.107 4.116 4.128 4.142 4.157 4.255 4.419 4.596
2.407 2.249 2.095 1.946 1.801 1.661 1.526 1.396 1.270 1.149 1.233 1.402 1.574 1.749 1.927 2.108 2.291 2.478 2.667 2.858 3.053 3.251 3.233 3.090 2.935 2.767 2.587 2.395 2.190 1.973 1.743 1.500 1.279 1.071 1.091 1.259 1.426 1.593 1.760 1.927 2.093 2.259 2.425 2.591 2.757 2.922 3.050 3.143 3.229 3.308 3.379 3.444 3.501 3.551 3.594 3.629 3.657 3.679 3.687 3.690 3.695 3.701 3.710 3.721 3.734 3.748 3.765 3.783 3.804 3.827 3.929 4.136 4.356
2.197 2.055 1.918 1.785 1.657 1.534 1.416 1.302 1.193 1.088 1.142 1.321 1.504 1.689 1.876 2.067 2.260 2.457 2.656 2.858 3.062 3.270 3.283 3.096 2.897 2.670 2.446 2.227 2.012 1.802 1.596 1.395 1.198 1.006 0.981 1.148 1.315 1.481 1.647 1.813 1.979 2.144 2.310 2.474 2.639 2.804 2.930 2.998 3.059 3.112 3.159 3.198 3.230 3.254 3.272 3.282 3.285 3.281 3.278 3.288 3.300 3.314 3.329 3.347 3.367 3.388 3.412 3.437 3.465 3.494 3.593 3.843 4.104
1.982 1.857 1.736 1.620 1.509 1.402 1.300 1.203 1.110 1.023 1.048 1.238 1.430 1.625 1.823 2.023 2.227 2.431 2.617 2.792 2.958 3.113 3.125 2.903 2.686 2.474 2.266 2.063 1.864 1.669 1.479 1.294 1.113 0.937 0.872 1.038 1.204 1.370 1.535 1.700 1.865 2.030 2.194 2.358 2.522 2.686 2.817 2.860 2.896 2.924 2.945 2.959 2.966 2.965 2.958 2.943 2.921 2.892 2.868 2.885 2.904 2.924 2.947 2.972 2.998 3.027 3.057 3.090 3.124 3.161 3.245 3.537 3.842
1.763 1.654 1.550 1.450 1.355 1.265 1.180 1.099 1.023 0.952 0.962 1.184 1.396 1.597 1.788 1.969 2.139 2.299 2.449 2.588 2.717 2.836 2.877 2.671 2.470 2.273 2.081 1.894 1.711 1.532 1.358 1.189 1.024 0.863 0.763 0.928 1.093 1.258 1.423 1.587 1.751 1.915 2.079 2.242 2.405 2.568 2.712 2.730 2.740 2.743 2.739 2.728 2.710 2.684 2.651 2.611 2.564 2.510 2.457 2.480 2.506 2.534 2.563 2.595 2.629 2.664 2.702 2.741 2.783 2.826 2.886 3.221 3.568
1.538 1.446 1.358 1.306 1.280 1.252 1.221 1.188 1.152 1.114 1.097 1.283 1.458 1.623 1.778 1.922 2.056 2.179 2.292 2.395 2.488 2.570 2.624 2.434 2.249 2.068 1.892 1.720 1.553 1.391 1.232 1.079 0.930 0.785 0.654 0.819 0.983 1.147 1.311 1.475 1.638 1.801 1.964 2.127 2.289 2.451 2.613 2.607 2.592 2.570 2.541 2.504 2.461 2.410 2.352 2.287 2.215 2.135 2.049 2.074 2.107 2.142 2.178 2.217 2.258 2.300 2.345 2.479 2.687 2.902 3.125 3.557 3.981
1.638 1.611 1.581 1.549 1.514 1.477 1.437 1.395 1.350 1.302 1.252 1.392 1.531 1.660 1.778 1.886 1.983 2.070 2.147 2.213 2.269 2.315 2.351 2.193 2.024 1.859 1.698 1.543 1.391 1.245 1.102 0.964 0.831 0.702 0.578 0.710 0.873 1.037 1.200 1.363 1.525 1.688 1.850 2.011 2.173 2.334 2.496 2.491 2.451 2.404 2.349 2.288 2.219 2.143 2.060 1.970 1.873 1.769 1.657 1.667 1.802 1.983 2.172 2.368 2.572 2.783 3.002 3.228 3.462 3.703 3.952 4.283 4.609
1.910 1.874 1.835 1.794 1.750 1.704 1.655 1.604 1.550 1.494 1.435 1.513 1.615 1.707 1.789 1.860 1.922 1.972 2.013 2.043 2.063 2.072 2.071 1.947 1.794 1.645 1.500 1.361 1.225 1.094 0.968 0.846 0.728 0.615 0.507 0.601 0.764 0.926 1.089 1.251 1.413 1.574 1.736 1.897 2.057 2.218 2.378 2.382 2.317 2.245 2.166 2.079 1.985 1.950 1.938 1.938 1.951 1.975 2.012 2.158 2.358 2.565 2.780 3.003 3.233 3.470 3.715 3.968 4.228 4.496 4.771 5.033 5.263
2.185 2.140 2.092 2.042 1.989 1.934 1.876 1.816 1.753 1.687 1.619 1.644 1.710 1.766 1.811 1.846 1.871 1.886 1.890 1.883 1.867 1.840 1.803 1.698 1.560 1.427 1.298 1.174 1.054 0.939 0.829 0.722 0.621 0.524 0.431 0.493 0.655 0.817 0.978 1.139 1.300 1.461 1.622 1.782 1.942 2.102 2.275 2.318 2.275 2.245 2.227 2.220 2.227 2.245 2.275 2.318 2.373 2.440 2.519 2.680 2.906 3.140 3.381 3.630 3.886 4.150 4.421 4.700 4.987 5.281 5.582 5.809 5.941
2.462 2.408 2.351 2.292 2.230 2.166 2.099 2.030 1.958 1.884 1.807 1.786 1.816 1.835 1.845 1.843 1.832 1.810 1.778 1.735 1.682 1.619 1.546 1.443 1.322 1.204 1.091 0.983 0.879 0.780 0.685 0.595 0.509 0.428 0.351 0.385 0.546 0.707 0.870 1.048 1.224 1.399 1.572 1.744 1.915 2.085 2.253 2.344 2.344 2.356 2.381 2.417 2.466 2.527 2.600 2.685 2.783 2.892 3.014 3.193 3.446 3.706 3.973 4.248 4.531 4.821 5.119 5.424 5.736 6.057 6.384 6.610 6.645
2.742 2.679 2.613 2.545 2.474 2.401 2.325 2.247 2.166 2.082 1.996 1.939 1.933 1.916 1.889 1.851 1.804 1.745 1.677 1.598 1.509 1.410 1.300 1.185 1.079 0.977 0.880 0.788 0.700 0.616 0.537 0.474 0.433 0.389 0.340 0.359 0.536 0.711 0.886 1.058 1.230 1.400 1.570 1.737 1.904 2.069 2.233 2.358 2.401 2.456 2.523 2.602 2.693 2.797 2.912 3.040 3.180 3.332 3.496 3.699 3.977 4.264 4.557 4.859 5.168 5.484 5.808 6.139 6.478 6.825 7.178 7.436 7.374
3.024 2.952 2.877 2.800 2.720 2.638 2.553 2.466 2.376 2.283 2.189 2.104 2.061 2.008 1.944 1.870 1.786 1.692 1.587 1.472 1.347 1.211 1.066 0.922 0.863 0.839 0.810 0.776 0.738 0.695 0.649 0.597 0.541 0.481 0.416 0.389 0.561 0.732 0.902 1.071 1.238 1.404 1.568 1.732 1.894 2.055 2.214 2.360 2.445 2.543 2.652 2.774 2.908 3.054 3.212 3.382 3.565 3.759 3.966 4.196 4.501 4.813 5.133 5.461 5.796 6.139 6.489 6.846 7.211 7.584 7.964 8.286 8.128
3.309 3.227 3.144 3.058 2.969 2.878 2.784 2.687 2.589 2.487 2.383 2.279 2.199 2.110 2.010 1.900 1.780 1.663 1.557 1.459 1.367 1.283 1.206 1.137 1.101 1.061 1.016 0.967 0.913 0.855 0.792 0.725 0.654 0.578 0.498 0.420 0.588 0.754 0.920 1.084 1.247 1.408 1.568 1.727 1.885 2.041 2.196 2.350 2.478 2.617 2.770 2.934 3.110 3.299 3.499 3.712 3.937 4.174 4.424 4.685 5.016 5.355 5.701 6.055 6.416 6.785 7.161 7.545 7.937 8.335 8.742 9.156 8.908
3.596 3.505 3.413 3.318 3.220 3.120 3.017 2.912 2.804 2.693 2.559 2.409 2.283 2.166 2.057 1.955 1.860 1.772 1.692 1.618 1.551 1.491 1.439 1.393 1.343 1.287 1.226 1.162 1.092 1.019 0.940 0.858 0.771 0.679 0.583 0.483 0.616 0.778 0.939 1.098 1.257 1.414 1.570 1.724 1.877 2.029 2.180 2.329 2.498 2.680 2.875 3.081 3.300 3.531 3.774 4.030 4.297 4.577 4.868 5.172 5.524 5.889 6.261 6.641 7.029 7.424 7.826 8.236 8.653 9.078 9.511 9.951 9.712
3.885 3.786 3.684 3.588 3.480 3.360 3.227 3.083 2.926 2.757 2.576 2.383 2.260 2.169 2.085 2.007 1.937 1.874 1.818 1.769 1.727 1.692 1.664 1.644 1.589 1.517 1.441 1.361 1.276 1.187 1.093 0.995 0.892 0.785 0.674 0.558 0.645 0.802 0.959 1.114 1.268 1.421 1.572 1.722 1.871 2.018 2.165 2.310 2.506 2.731 2.968 3.217 3.478 3.751 4.037 4.335 4.645 4.967 5.301 5.647 6.023 6.414 6.813 7.219 7.633 8.054 8.482 8.844 9.082 9.308 9.521 9.723 9.433
4.296 4.182 4.055 3.916 3.766 3.603 3.428 3.241 3.041 2.830 2.607 2.371 2.231 2.164 2.104 2.052 2.006 1.968 1.937 1.912 1.895 1.885 1.882 1.886 1.839 1.752 1.661 1.565 1.464 1.359 1.250 1.136 1.018 0.895 0.768 0.637 0.675 0.828 0.980 1.131 1.281 1.429 1.576 1.721 1.866 2.009 2.151 2.291 2.501 2.769 3.048 3.340 3.644 3.959 4.287 4.627 4.980 5.344 5.720 6.109 6.453 6.733 7.002 7.258 7.502 7.734 7.954 8.162 8.357 8.541 8.713 8.872 8.761
4.765 4.608 4.439 4.258 4.064 3.859 3.641 3.412 3.170 2.916 2.650 2.372 2.193 2.151 2.117 2.089 2.068 2.054 2.048 2.048 2.056 2.070 2.092 2.120 2.094 1.991 1.884 1.773 1.657 1.536 1.411 1.282 1.148 1.010 0.867 0.720 0.706 0.855 1.003 1.149 1.294 1.438 1.581 1.722 1.862 2.001 2.138 2.274 2.485 2.795 3.117 3.451 3.797 4.116 4.410 4.700 4.986 5.267 5.544 5.817 6.077 6.315 6.541 6.755 6.957 7.147 7.325 7.491 7.645 7.787 7.917 8.034 8.042
5.247 5.047 4.836 4.612 4.376 4.128 3.868 3.596 3.311 3.015 2.707 2.386 2.148 2.131 2.121 2.118 2.122 2.133 2.151 2.176 2.209 2.248 2.294 2.347 2.353 2.235 2.112 1.985 1.853 1.717 1.577 1.432 1.283 1.129 0.971 0.809 0.739 0.884 1.027 1.169 1.309 1.449 1.587 1.724 1.859 1.994 2.114 2.228 2.400 2.700 2.997 3.289 3.577 3.861 4.140 4.415 4.686 4.953 5.215 5.474 5.712 5.908 6.093 6.265 6.425 6.573 6.709 6.833 6.945 7.045 7.133 7.209 7.276
5.742 5.499 5.245 4.979 4.700 4.410 4.107 3.793 3.466 3.127 2.776 2.413 2.096 2.104 2.118 2.140 2.169 2.204 2.247 2.297 2.354 2.418 2.489 2.566 2.617 2.483 2.344 2.202 2.055 1.903 1.747 1.587 1.422 1.253 1.079 0.901 0.773 0.913 1.052 1.180 1.303 1.424 1.542 1.657 1.769 1.878 1.985 2.089 2.223 2.509 2.790 3.068 3.341 3.610 3.875 4.135 4.391 4.643 4.891 5.135 5.360 5.514 5.657 5.787 5.905 6.011 6.106 6.188 6.258 6.316 6.362 6.396 6.463
6.249 5.964 5.667 5.358 5.038 4.705 4.360 4.003 3.633 3.252 2.859 2.454 2.036 2.069 2.108 2.154 2.208 2.268 2.335 2.410 2.491 2.580 2.675 2.778 2.884 2.735 2.581 2.423 2.260 2.093 1.922 1.745 1.541 1.341 1.143 0.949 0.765 0.887 1.006 1.123 1.237 1.347 1.455 1.561 1.663 1.762 1.859 1.953 2.050 2.321 2.588 2.851 3.110 3.364 3.614 3.860 4.101 4.338 4.571 4.800 5.020 5.132 5.233 5.321 5.397 5.462 5.514 5.554 5.583 5.599 5.603 5.595 5.603
6.786 6.442 6.102 5.751 5.388 5.012 4.625 4.225 3.814 3.390 2.955 2.507 2.047 2.026 2.090 2.161 2.239 2.324 2.416 2.515 2.621 2.734 2.854 2.982 3.107 2.933 2.721 2.513 2.307 2.105 1.906 1.710 1.517 1.327 1.140 0.956 0.776 0.853 0.963 1.069 1.173 1.274 1.372 1.467 1.560 1.649 1.736 1.820 1.901 2.138 2.391 2.639 2.882 3.122 3.357 3.588 3.815 4.038 4.256 4.470 4.680 4.762 4.821 4.867 4.902 4.924 4.935 4.933 4.920 4.894 4.857 4.807 4.745
7.356 6.932 6.550 6.156 5.751 5.333 4.903 4.461 4.007 3.541 3.063 2.573 2.071 1.976 2.064 2.160 2.263 2.377 2.495 2.602 2.697 2.781 2.853 2.914 2.964 2.829 2.628 2.431 2.236 2.045 1.856 1.671 1.489 1.310 1.134 0.961 0.791 0.822 0.922 1.019 1.113 1.204 1.292 1.377 1.459 1.539 1.616 1.690 1.761 1.960 2.197 2.431 2.660 2.885 3.105 3.322 3.534 3.741 3.945 4.144 4.340 4.404 4.421 4.426 4.419 4.399 4.368 4.325 4.269 4.202 4.123 4.031 3.928
7.960 7.434 7.010 6.574 6.126 5.666 5.194 4.710 4.214 3.705 3.219 2.750 2.257 2.100 2.224 2.337 2.438 2.527 2.605 2.672 2.727 2.771 2.803 2.823 2.832 2.723 2.533 2.346 2.162 1.981 1.804 1.629 1.458 1.290 1.125 0.963 0.804 0.795 0.884 0.971 1.055 1.136 1.214 1.290 1.362 1.432 1.499 1.563 1.624 1.786 2.009 2.227 2.442 2.652 2.858 3.059 3.257 3.450 3.639 3.823 4.004 4.058 4.033 3.996 3.947 3.886 3.813 3.728 3.631 3.522 3.401 3.268 3.123
8.597 7.950 7.484 7.077 6.690 6.281 5.847 5.390 4.908 4.403 3.875 3.322 2.746 2.424 2.508 2.580 2.641 2.690 2.728 2.754 2.769 2.772 2.764 2.744 2.713 2.613 2.434 2.258 2.085 1.915 1.748 1.585 1.424 1.267 1.112 0.961 0.813 0.770 0.849 0.926 1.000 1.071 1.140 1.205 1.268 1.328 1.384 1.439 1.490 1.616 1.824 2.028 2.228 2.423 2.614 2.801 2.984 3.163 3.337 3.507 3.673 3.725 3.658 3.579 3.488 3.386 3.271 3.144 3.029 2.947 2.864 2.781 2.698
9.779 9.211 8.789 8.343 7.873 7.379 6.862 6.321 5.756 5.168 4.555 3.919 3.259 2.760 2.804 2.836 2.856 2.865 2.863 2.849 2.823 2.786 2.738 2.678 2.606 2.500 2.332 2.167 2.005 1.846 1.690 1.537 1.387 1.240 1.097 0.956 0.819 0.748 0.817 0.884 0.948 1.010 1.068 1.124 1.176 1.226 1.273 1.317 1.359 1.451 1.644 1.833 2.018 2.199 2.376 2.548 2.716 2.880 3.039 3.195 3.346 3.412 3.331 3.250 3.168 3.086 3.004 2.921 2.838 2.755 2.671 2.588 2.503
11.199 10.669 10.163 9.633 9.080 8.503 7.902 7.278 6.629 5.957 5.261 4.542 3.798 3.108 3.111 3.103 3.083 3.052 3.009 2.955 2.889 2.812 2.724 2.623 2.512 2.385 2.227 2.073 1.921 1.773 1.628 1.486 1.347 1.211 1.078 0.948 0.822 0.728 0.788 0.845 0.900 0.951 0.999 1.045 1.088 1.128 1.165 1.199 1.231 1.290 1.469 1.643 1.813 1.980 2.201 2.440 2.650 2.831 2.982 3.104 3.197 3.229 3.147 3.065 2.982 2.899 2.816 2.732 2.648 2.564 2.479 2.394 2.309
