DATA/SHG/ECMWF/20170628/EN-48/20170704.en-48.asc
ncols        190
nrows        64
xllcorner    -5100000.000000000000
yllcorner    4130000.000000000000
cellsize     10000.000000000000
NODATA_value  -99999.000
[rows 0 to 31 of 64, columns 72 to 143 of 190]
3.016 3.494 3.981 4.478 4.986 5.503 6.030 6.567 7.113 7.594 7.925 8.284 8.662 9.060 9.478 9.916 10.373 10.851 11.348 11.866 12.403 12.850 12.889 12.870 12.814 12.722 12.594 12.429 12.228 11.991 11.717 11.406 11.060 10.763 10.721 10.661 10.582 10.484 10.367 10.231 10.076 9.903 9.711 9.500 9.270 8.959 8.458 7.973 7.505 7.052 6.616 6.196 5.793 5.405 5.034 4.679 4.341 4.025 3.741 3.463 3.191 2.926 2.666 2.413 2.165 1.924 1.689 1.460 1.237 1.053 0.969 0.891
3.148 3.660 4.183 4.743 5.315 5.891 6.470 7.053 7.639 8.194 8.602 9.030 9.478 9.945 10.433 10.940 11.467 12.014 12.581 13.167 13.774 14.325 14.202 14.020 13.801 13.546 13.255 12.927 12.563 12.162 11.726 11.252 10.743 10.248 10.122 9.978 9.814 9.632 9.431 9.211 8.973 8.715 8.439 8.144 7.830 7.486 7.057 6.645 6.249 5.869 5.506 5.159 4.828 4.513 4.214 3.931 3.665 3.413 3.156 2.905 2.661 2.422 2.190 1.964 1.744 1.530 1.322 1.120 0.924 0.754 0.699 0.651
3.499 4.073 4.650 5.231 5.816 6.404 6.995 7.590 8.188 8.783 9.260 9.757 10.274 10.811 11.368 11.944 12.541 13.157 13.793 14.449 15.125 15.820 15.555 15.209 14.828 14.410 13.955 13.465 12.938 12.375 11.775 11.139 10.467 9.758 9.544 9.316 9.068 8.802 8.517 8.214 7.891 7.550 7.190 6.811 6.413 5.997 5.642 5.302 4.979 4.671 4.380 4.105 3.847 3.604 3.378 3.168 2.974 2.795 2.565 2.342 2.125 1.913 1.708 1.509 1.317 1.130 0.949 0.775 0.606 0.486 0.535 0.592
3.947 4.533 5.123 5.716 6.312 6.912 7.515 8.122 8.732 9.345 9.898 10.465 11.051 11.658 12.284 12.929 13.595 14.280 14.986 15.711 16.456 17.220 16.946 16.438 15.894 15.313 14.696 14.042 13.353 12.627 11.865 11.066 10.231 9.360 8.988 8.676 8.344 7.994 7.626 7.238 6.832 6.406 5.963 5.500 5.018 4.518 4.211 3.944 3.693 3.458 3.239 3.037 2.850 2.680 2.526 2.389 2.267 2.162 1.969 1.773 1.626 1.524 1.427 1.333 1.244 1.160 1.079 1.003 0.932 0.864 0.933 1.018
4.392 4.990 5.592 6.196 6.805 7.417 8.032 8.650 9.272 9.897 10.517 11.153 11.809 12.484 13.180 13.895 14.630 15.384 16.159 16.953 17.767 18.601 18.377 17.706 16.999 16.256 15.476 14.660 13.808 12.919 11.995 11.034 10.036 9.003 8.453 8.057 7.642 7.208 6.755 6.284 5.794 5.285 4.757 4.211 3.646 3.062 2.765 2.570 2.391 2.229 2.083 2.051 2.091 2.119 2.133 2.133 2.121 2.094 2.012 1.920 1.833 1.751 1.672 1.598 1.528 1.463 1.402 1.345 1.292 1.244 1.324 1.437
4.833 5.443 6.056 6.673 7.293 7.917 8.544 9.174 9.808 10.445 11.117 11.822 12.547 13.292 14.056 14.841 15.644 16.468 17.312 18.175 19.058 19.961 19.847 19.014 18.144 17.238 16.296 15.317 14.303 13.252 12.165 11.042 9.882 8.686 7.940 7.460 6.961 6.443 5.907 5.352 4.778 4.185 3.686 3.279 2.898 2.545 2.467 2.515 2.550 2.571 2.579 2.573 2.554 2.522 2.476 2.417 2.344 2.258 2.176 2.104 2.036 1.973 1.913 1.858 1.807 1.761 1.719 1.681 1.648 1.618 1.707 1.849
5.269 5.891 6.517 7.145 7.778 8.413 9.052 9.694 10.340 10.989 11.698 12.472 13.266 14.080 14.913 15.767 16.640 17.533 18.445 19.377 20.330 21.301 21.356 20.360 19.328 18.260 17.155 16.015 14.838 13.625 12.375 11.090 9.768 8.395 7.453 6.951 6.477 6.029 5.607 5.213 4.845 4.503 4.188 3.900 3.638 3.403 3.302 3.290 3.265 3.226 3.174 3.109 3.030 2.938 2.832 2.713 2.581 2.435 2.336 2.283 2.234 2.190 2.150 2.114 2.082 2.055 2.031 2.013 1.998 1.988 2.084 2.254
5.702 6.336 6.973 7.614 8.258 8.905 9.556 10.210 10.868 11.529 12.259 13.103 13.966 14.849 15.751 16.674 17.616 18.577 19.559 20.560 21.581 22.622 22.904 21.746 20.336 18.853 17.396 15.964 14.558 13.177 11.821 10.490 9.185 7.905 6.977 6.594 6.238 5.909 5.606 5.330 5.081 4.858 4.661 4.492 4.348 4.232 4.150 4.078 3.993 3.895 3.783 3.658 3.519 3.368 3.202 3.024 2.832 2.626 2.492 2.457 2.428 2.402 2.381 2.364 2.352 2.343 2.339 2.340 2.344 2.353 2.454 2.652
6.131 6.776 7.426 8.078 8.734 9.394 10.056 10.722 11.392 12.065 12.801 13.714 14.646 15.598 16.570 17.561 18.497 19.140 19.763 20.364 20.945 21.505 21.618 20.198 18.803 17.434 16.090 14.771 13.477 12.209 10.966 9.749 8.556 7.389 6.472 6.208 5.971 5.760 5.576 5.419 5.288 5.183 5.105 5.054 5.029 5.031 5.011 4.880 4.735 4.577 4.405 4.220 4.022 3.811 3.586 3.348 3.096 2.831 2.642 2.627 2.617 2.610 2.608 2.610 2.617 2.627 2.642 2.662 2.685 2.713 2.816 3.044
6.555 7.213 7.874 8.539 9.207 9.878 10.552 11.230 11.912 12.526 13.009 13.704 14.379 15.034 15.667 16.280 16.872 17.443 17.993 18.523 19.032 19.521 19.834 18.527 17.245 15.989 14.757 13.551 12.371 11.215 10.085 8.980 7.901 6.846 5.939 5.794 5.675 5.583 5.517 5.478 5.465 5.479 5.520 5.587 5.681 5.801 5.885 5.694 5.490 5.272 5.041 4.796 4.538 4.267 3.983 3.685 3.374 3.049 2.788 2.792 2.801 2.813 2.830 2.851 2.877 2.907 2.941 2.979 3.022 3.068 3.172 3.428
6.976 7.646 8.287 8.861 9.397 9.896 10.358 10.783 11.170 11.519 11.836 12.459 13.062 13.645 14.206 14.747 15.267 15.766 16.245 16.703 17.140 17.557 17.985 16.830 15.661 14.517 13.399 12.305 11.237 10.195 9.177 8.185 7.218 6.277 5.378 5.351 5.351 5.377 5.430 5.509 5.615 5.747 5.906 6.091 6.303 6.541 6.772 6.521 6.257 5.980 5.689 5.385 5.068 4.737 4.393 4.035 3.665 3.281 2.930 2.953 2.980 3.012 3.048 3.088 3.132 3.181 3.234 3.291 3.353 3.419 3.521 3.805
7.229 7.747 8.228 8.672 9.078 9.447 9.778 10.072 10.329 10.548 10.730 11.235 11.766 12.276 12.766 13.235 13.683 14.111 14.518 14.904 15.270 15.614 15.970 15.107 14.051 13.020 12.014 11.033 10.078 9.148 8.243 7.363 6.509 5.680 4.876 4.880 4.998 5.142 5.313 5.511 5.735 5.985 6.262 6.566 6.896 7.252 7.635 7.362 7.038 6.701 6.351 5.987 5.610 5.220 4.817 4.400 3.969 3.526 3.069 3.109 3.155 3.206 3.261 3.320 3.383 3.451 3.523 3.599 3.680 3.760 3.852 4.182
7.466 7.854 8.205 8.518 8.794 9.032 9.233 9.397 9.523 9.613 9.664 10.031 10.490 10.929 11.347 11.744 12.121 12.477 12.812 13.126 13.420 13.693 13.977 13.359 12.415 11.497 10.603 9.735 8.892 8.075 7.282 6.515 5.773 5.057 4.365 4.380 4.616 4.879 5.168 5.484 5.826 6.194 6.590 7.011 7.459 7.934 8.435 8.215 7.832 7.436 7.026 6.603 6.166 5.717 5.254 4.777 4.288 3.785 3.268 3.260 3.310 3.351 3.401 3.460 3.529 3.606 3.693 3.788 3.893 4.007 4.130 4.558
7.739 7.996 8.216 8.399 8.545 8.653 8.724 8.757 8.754 8.713 8.634 8.848 9.235 9.602 9.948 10.274 10.579 10.863 11.126 11.369 11.591 11.793 12.005 11.584 10.753 9.947 9.166 8.411 7.680 6.975 6.295 5.640 5.011 4.407 3.828 3.852 4.207 4.587 4.995 5.428 5.888 6.375 6.888 7.428 7.993 8.586 9.205 9.082 8.639 8.183 7.714 7.179 6.590 6.007 5.431 4.861 4.297 3.740 3.189 3.111 3.183 3.265 3.355 3.455 3.564 3.682 3.809 3.945 4.090 4.244 4.408 4.906
8.046 8.173 8.263 8.315 8.331 8.309 8.250 8.153 8.020 7.849 7.640 7.685 8.001 8.296 8.570 8.824 9.057 9.270 9.462 9.633 9.784 9.914 10.054 9.784 9.065 8.372 7.703 7.060 6.442 5.849 5.282 4.739 4.222 3.730 3.263 3.296 3.768 4.267 4.792 5.344 5.922 6.526 7.134 7.709 8.260 8.789 9.295 9.144 8.558 7.978 7.404 6.837 6.276 5.722 5.174 4.632 4.097 3.568 3.046 2.934 3.047 3.169 3.300 3.441 3.590 3.748 3.916 4.092 4.278 4.472 4.676 5.227
8.387 8.384 8.344 8.267 8.152 8.000 7.811 7.585 7.321 7.020 6.682 6.543 6.787 7.010 7.213 7.395 7.557 7.698 7.818 7.918 7.997 8.056 8.123 7.958 7.352 6.770 6.214 5.683 5.178 4.697 4.242 3.811 3.406 3.106 2.891 3.038 3.671 4.281 4.868 5.432 5.974 6.493 6.989 7.462 7.913 8.341 8.746 8.682 8.124 7.572 7.027 6.488 5.956 5.430 4.911 4.397 3.891 3.391 2.897 2.749 2.902 3.065 3.236 3.417 3.606 3.805 4.013 4.230 4.456 4.691 4.935 5.521
8.763 8.630 8.460 8.253 8.008 7.726 7.407 7.051 6.658 6.227 5.759 5.421 5.593 5.745 5.876 5.987 6.077 6.147 6.196 6.224 6.232 6.219 6.215 6.107 5.732 5.465 5.209 4.964 4.731 4.510 4.300 4.102 3.915 3.739 3.575 3.626 4.157 4.666 5.152 5.615 6.055 6.473 6.868 7.240 7.590 7.917 8.221 8.214 7.684 7.161 6.644 6.134 5.630 5.132 4.641 4.157 3.678 3.206 2.741 2.554 2.748 2.951 3.163 3.384 3.614 3.853 4.101 4.358 4.625 4.900 5.185 5.788
9.174 8.911 8.611 8.274 7.899 7.488 7.039 6.553 6.030 5.470 4.872 4.319 4.420 4.501 4.560 4.600 4.635 4.863 5.088 5.310 5.529 5.744 5.956 6.119 5.892 5.675 5.470 5.277 5.095 4.925 4.766 4.619 4.483 4.359 4.246 4.237 4.667 5.075 5.459 5.822 6.161 6.478 6.772 7.043 7.292 7.518 7.721 7.739 7.238 6.743 6.255 5.773 5.298 4.828 4.366 3.909 3.459 3.016 2.579 2.351 2.585 2.828 3.080 3.341 3.612 3.891 4.180 4.478 4.784 5.100 5.425 6.028
9.619 9.227 8.797 8.330 7.826 7.284 6.706 6.090 5.437 4.768 4.192 3.639 3.855 4.086 4.313 4.536 4.757 4.974 5.188 5.398 5.605 5.809 6.009 6.206 6.038 5.873 5.719 5.577 5.446 5.327 5.219 5.123 5.038 4.965 4.903 4.872 5.201 5.507 5.791 6.053 6.291 6.507 6.700 6.870 7.018 7.143 7.246 7.259 6.786 6.320 5.860 5.406 4.959 4.518 4.084 3.656 3.234 2.819 2.410 2.138 2.412 2.696 2.988 3.290 3.601 3.921 4.249 4.587 4.934 5.290 5.655 6.240
10.099 9.577 8.991 8.337 7.705 7.095 6.508 5.944 5.401 4.881 4.384 3.908 4.026 4.245 4.461 4.673 4.882 5.087 5.290 5.489 5.684 5.877 6.065 6.250 6.171 6.057 5.954 5.863 5.784 5.715 5.659 5.613 5.580 5.557 5.547 5.547 5.759 5.965 6.148 6.308 6.446 6.560 6.653 6.722 6.769 6.794 6.795 6.773 6.328 5.890 5.458 5.033 4.614 4.202 3.796 3.396 3.003 2.616 2.236 1.916 2.231 2.554 2.887 3.229 3.580 3.940 4.310 4.688 5.075 5.471 5.877 6.426
9.759 9.138 8.539 7.963 7.409 6.877 6.368 5.881 5.416 4.974 4.554 4.157 4.200 4.407 4.611 4.812 5.010 5.204 5.394 5.582 5.766 5.947 6.124 6.297 6.291 6.228 6.177 6.137 6.108 6.091 6.085 6.091 6.108 6.137 6.177 6.228 6.341 6.446 6.528 6.587 6.624 6.638 6.630 6.599 6.545 6.468 6.369 6.247 5.864 5.454 5.051 4.654 4.264 3.880 3.502 3.130 2.766 2.407 2.055 1.709 2.040 2.404 2.777 3.159 3.551 3.951 4.360 4.779 5.206 5.643 6.140 6.745
9.131 8.588 8.067 7.569 7.092 6.639 6.207 5.798 5.411 5.047 4.704 4.384 4.377 4.572 4.765 4.954 5.140 5.323 5.502 5.678 5.851 6.020 6.186 6.347 6.399 6.386 6.386 6.397 6.419 6.453 6.498 6.555 6.623 6.702 6.793 6.896 6.947 6.951 6.932 6.891 6.827 6.741 6.631 6.500 6.345 6.168 5.968 5.746 5.394 5.013 4.638 4.269 3.907 3.551 3.201 2.858 2.522 2.192 1.868 1.550 1.840 2.324 2.922 3.512 4.094 4.670 5.237 5.798 6.351 6.896 7.434 7.964
8.483 8.018 7.575 7.154 6.756 6.380 6.026 5.694 5.385 5.098 4.834 4.591 4.556 4.740 4.921 5.099 5.273 5.445 5.612 5.777 5.938 6.096 6.250 6.400 6.493 6.532 6.582 6.644 6.717 6.801 6.898 7.005 7.124 7.255 7.397 7.550 7.576 7.480 7.361 7.219 7.054 6.867 6.657 6.425 6.170 5.892 5.592 5.269 4.918 4.565 4.218 3.878 3.601 3.432 3.286 3.166 3.069 2.997 2.949 2.926 3.350 3.922 4.486 5.043 5.593 6.135 6.670 7.197 7.717 8.229 8.734 9.231
7.816 7.428 7.063 6.720 6.399 6.100 5.824 5.570 5.339 5.129 4.942 4.778 4.738 4.911 5.080 5.246 5.409 5.569 5.726 5.879 6.029 6.175 6.317 6.456 6.574 6.663 6.765 6.877 7.001 7.137 7.284 7.442 7.612 7.794 7.987 8.191 8.230 8.033 7.813 7.571 7.306 7.018 6.708 6.412 6.157 5.881 5.585 5.270 5.021 4.862 4.727 4.617 4.531 4.469 4.432 4.419 4.430 4.465 4.525 4.609 4.986 5.525 6.056 6.580 7.096 7.606 8.107 8.601 9.088 9.567 10.039 10.504
7.128 6.818 6.530 6.265 6.022 5.801 5.602 5.426 5.272 5.140 5.030 4.943 4.922 5.084 5.242 5.397 5.548 5.697 5.842 5.983 6.122 6.257 6.388 6.515 6.642 6.782 6.935 7.098 7.273 7.459 7.657 7.867 8.087 8.319 8.611 8.960 9.118 8.914 8.689 8.444 8.180 7.895 7.590 7.266 6.921 6.557 6.173 5.768 5.494 5.442 5.415 5.413 5.434 5.480 5.550 5.644 5.763 5.906 6.073 6.265 6.627 7.133 7.631 8.122 8.606 9.082 9.550 10.011 10.465 10.911 11.350 11.782
6.421 6.188 5.978 5.790 5.624 5.481 5.360 5.261 5.184 5.130 5.098 5.088 5.110 5.260 5.406 5.550 5.690 5.827 5.960 6.091 6.218 6.341 6.461 6.576 6.697 7.012 7.503 7.963 8.392 8.789 9.156 9.491 9.796 10.069 10.312 10.523 10.614 10.320 10.007 9.673 9.320 8.946 8.553 8.140 7.707 7.254 6.781 6.288 5.940 5.997 6.077 6.182 6.311 6.464 6.642 6.844 7.070 7.320 7.594 7.893 8.274 8.747 9.212 9.670 10.121 10.564 10.999 11.427 11.848 12.261 12.667 13.065
5.685 5.538 5.405 5.295 5.207 5.141 5.097 5.076 5.077 5.100 5.145 5.212 5.302 5.438 5.574 5.706 5.834 5.987 6.352 6.778 7.266 7.815 8.385 8.968 9.599 9.989 10.341 10.663 10.953 11.213 11.441 11.639 11.805 11.940 12.044 12.117 12.129 11.746 11.344 10.922 10.480 10.018 9.536 9.034 8.512 7.971 7.409 6.828 6.361 6.525 6.713 6.925 7.161 7.422 7.707 8.016 8.349 8.707 9.089 9.495 9.927 10.366 10.799 11.223 11.641 12.051 12.453 12.849 13.236 13.616 13.989 14.355
4.945 4.868 4.813 4.780 4.769 4.780 4.814 4.870 4.948 5.049 5.187 5.392 5.591 5.853 6.185 6.579 7.034 7.551 8.129 8.768 9.469 10.231 11.015 11.813 12.659 12.996 13.211 13.394 13.547 13.668 13.758 13.818 13.846 13.843 13.809 13.744 13.648 13.193 12.702 12.191 11.660 11.110 10.539 9.949 9.338 8.708 8.058 7.388 6.755 7.026 7.322 7.641 7.985 8.353 8.745 9.161 9.602 10.067 10.556 11.069 11.584 11.991 12.390 12.782 13.167 13.544 13.913 14.275 14.630 14.977 15.317 15.650
4.213 4.178 4.200 4.297 4.522 4.741 4.955 5.163 5.365 5.561 5.751 5.935 6.114 6.506 7.052 7.659 8.327 9.057 9.847 10.700 11.613 12.588 13.587 14.599 15.661 16.035 16.111 16.157 16.171 16.154 16.107 16.028 15.918 15.777 15.606 15.403 15.169 14.659 14.079 13.480 12.861 12.222 11.563 10.884 10.185 9.466 8.728 7.969 7.191 7.502 7.904 8.331 8.782 9.257 9.757 10.280 10.828 11.400 11.996 12.617 13.247 13.621 13.988 14.346 14.698 15.042 15.379 15.708 16.030 16.344 16.651 16.950
4.436 4.580 4.797 5.007 5.212 5.411 5.604 5.792 5.973 6.149 6.319 6.483 6.641 7.103 7.862 8.681 9.563 10.505 11.508 12.573 13.700 14.887 16.100 17.327 18.604 19.104 19.043 18.950 18.827 18.672 18.486 18.270 18.022 17.743 17.434 17.093 16.721 16.145 15.477 14.789 14.081 13.354 12.606 11.839 11.052 10.245 9.417 8.571 7.704 7.951 8.460 8.994 9.553 10.135 10.741 11.372 12.027 12.706 13.410 14.137 14.889 15.257 15.590 15.916 16.235 16.546 16.850 17.146 17.435 17.716 17.990 18.257
5.254 5.336 5.532 5.722 5.907 6.085 6.258 6.425 6.586 6.742 6.891 7.035 7.172 7.643 8.614 9.647 10.741 11.896 13.112 14.389 15.728 17.128 18.554 19.997 21.488 22.205 22.005 21.775 21.513 21.221 20.897 20.543 20.158 19.741 19.294 18.815 18.306 17.651 16.895 16.118 15.322 14.506 13.670 12.814 11.939 11.043 10.128 9.193 8.238 8.374 8.990 9.632 10.297 10.986 11.700 12.438 13.200 13.986 14.796 15.631 16.489 16.898 17.198 17.482 17.719 17.916 18.072 18.188 18.264 18.300 18.296 18.251
6.085 6.096 6.272 6.442 6.606 6.764 6.917 7.063 7.204 7.339 7.468 7.591 7.709 8.126 9.310 10.555 11.861 13.229 14.658 16.147 17.699 19.311 20.951 22.608 24.314 25.336 24.999 24.630 24.231 23.801 23.340 22.848 22.325 21.770 21.185 20.570 19.923 19.177 18.332 17.467 16.583 15.679 14.754 13.810 12.846 11.862 10.859 9.835 8.792 8.770 9.494 10.242 11.015 11.811 12.748 13.907 14.972 15.944 16.821 17.604 18.294 18.601 18.740 18.840 18.899 18.918 18.896 18.835 18.733 18.591 18.409 18.187
