DATA/SHG/ECMWF/20170628/EN-48/20170712.en-48.asc
ncols        190
nrows        64
xllcorner    -5100000.000000000000
yllcorner    4130000.000000000000
cellsize     10000.000000000000
NODATA_value  -99999.000
[rows 0 to 32 of 64, columns 0 to 72 of 190]
12.106 12.002 11.915 11.844 11.789 11.751 11.729 11.724 11.735 11.612 11.436 11.253 11.062 10.864 10.658 10.445 10.224 9.996 9.760 9.426 9.069 8.881 8.783 8.701 8.637 8.589 8.557 8.543 8.545 8.565 8.601 8.654 8.723 8.866 9.060 9.269 9.491 9.727 9.977 10.242 10.520 10.813 11.119 11.440 11.775 11.786 11.500 11.209 10.912 10.610 10.302 9.989 9.671 9.347 9.018 8.684 8.344 8.238 8.395 8.527 8.632 8.712 8.765 8.792 8.794 8.769 8.719 8.642 8.540 8.575 8.878 9.193 9.522
12.436 12.391 12.361 12.348 12.352 12.372 12.408 12.461 12.530 12.442 12.240 12.030 11.635 11.244 10.863 10.492 10.130 9.779 9.437 9.106 8.784 8.611 8.571 8.549 8.544 8.555 8.583 8.628 8.690 8.768 8.864 8.976 9.105 9.289 9.533 9.790 10.062 10.348 10.648 10.962 11.290 11.632 11.988 12.358 12.742 12.864 12.559 12.248 11.932 11.611 11.284 10.952 10.615 10.272 9.924 9.570 9.211 8.991 9.057 9.097 9.111 9.099 9.061 8.998 8.908 8.792 8.650 8.483 8.289 8.211 8.560 8.921 9.296
12.748 12.760 12.789 12.834 12.860 12.745 12.634 12.526 12.422 12.187 11.802 11.426 11.060 10.704 10.358 10.022 9.695 9.379 9.073 8.776 8.489 8.322 8.343 8.380 8.433 8.504 8.592 8.696 8.817 8.954 9.109 9.280 9.468 9.697 9.990 10.297 10.618 10.954 11.303 11.666 12.044 12.435 12.840 13.260 13.694 13.946 13.621 13.291 12.956 12.616 12.270 11.919 11.562 11.200 10.833 10.461 10.083 9.769 9.743 9.692 9.615 9.512 9.383 9.227 9.047 8.840 8.607 8.348 8.238 8.239 8.767 9.257 9.707
12.500 12.384 12.272 12.163 12.057 11.955 11.856 11.761 11.669 11.498 11.147 10.807 10.476 10.155 9.844 9.542 9.251 8.969 8.698 8.436 8.184 8.017 8.096 8.193 8.306 8.436 8.582 8.746 8.926 9.123 9.336 9.567 9.814 10.089 10.432 10.788 11.159 11.544 11.942 12.355 12.782 13.223 13.678 14.146 14.629 15.031 14.688 14.339 13.984 13.625 13.260 12.890 12.514 12.133 11.747 11.355 10.958 10.570 10.453 10.311 10.140 9.946 9.779 9.640 9.528 9.445 9.389 9.361 9.360 9.387 9.773 10.125 10.439
11.645 11.541 11.441 11.345 11.251 11.162 11.076 10.993 10.914 10.799 10.484 10.178 9.882 9.596 9.319 9.053 8.797 8.550 8.313 8.086 7.869 7.694 7.833 7.988 8.161 8.350 8.555 8.778 9.017 9.273 9.546 9.836 10.142 10.467 10.859 11.265 11.685 12.119 12.567 13.029 13.505 13.995 14.499 15.017 15.550 16.096 15.758 15.390 15.016 14.638 14.254 13.864 13.470 13.031 12.478 11.945 11.433 10.941 10.735 10.582 10.457 10.360 10.290 10.248 10.234 10.247 10.288 10.357 10.454 10.578 10.814 11.029 11.206
10.787 10.696 10.608 10.524 10.443 10.366 10.293 10.222 10.156 10.091 9.810 9.539 9.278 9.027 8.785 8.554 8.332 8.121 7.919 7.727 7.544 7.372 7.552 7.767 7.998 8.246 8.511 8.793 9.091 9.406 9.738 10.086 10.452 10.834 11.270 11.726 12.195 12.678 13.176 13.687 14.213 14.752 15.305 15.873 16.454 17.050 16.729 16.104 15.499 14.914 14.351 13.808 13.285 12.784 12.303 11.843 11.403 10.984 10.830 10.775 10.747 10.746 10.774 10.829 10.912 11.022 11.160 11.326 11.520 11.741 11.890 11.969 12.009
9.927 9.848 9.773 9.701 9.633 9.568 9.507 9.449 9.395 9.344 9.127 8.891 8.665 8.448 8.242 8.045 7.858 7.681 7.514 7.357 7.210 7.072 7.254 7.527 7.818 8.125 8.449 8.790 9.147 9.521 9.912 10.319 10.744 11.185 11.667 12.171 12.690 13.223 13.769 14.193 14.520 14.853 15.192 15.536 15.885 16.240 15.955 15.402 14.869 14.357 13.866 13.396 12.946 12.517 12.108 11.720 11.353 11.007 10.898 10.940 11.009 11.106 11.230 11.382 11.562 11.769 12.005 12.267 12.558 12.876 13.001 12.944 12.848
9.064 8.997 8.935 8.875 8.820 8.767 8.719 8.673 8.631 8.593 8.434 8.233 8.042 7.860 7.689 7.527 7.375 7.233 7.100 6.978 6.865 6.762 6.938 7.271 7.621 7.987 8.370 8.769 9.186 9.619 10.068 10.535 10.871 11.150 11.449 11.769 12.094 12.425 12.761 13.103 13.450 13.803 14.160 14.524 14.892 15.267 15.161 14.680 14.220 13.781 13.362 12.964 12.587 12.230 11.894 11.578 11.283 11.009 10.939 11.078 11.244 11.438 11.659 11.908 12.185 12.489 12.821 13.181 13.568 13.983 14.147 13.954 13.722
8.198 8.144 8.094 8.047 8.004 7.964 7.928 7.895 7.865 7.839 7.732 7.566 7.409 7.262 7.126 6.998 6.881 6.774 6.676 6.589 6.511 6.443 6.606 6.997 7.406 7.739 8.057 8.364 8.660 8.945 9.219 9.483 9.736 9.978 10.259 10.598 10.943 11.293 11.649 12.010 12.376 12.748 13.125 13.507 13.895 14.289 14.347 13.939 13.552 13.185 12.839 12.513 12.208 11.923 11.660 11.416 11.194 10.992 10.954 11.189 11.452 11.742 12.061 12.407 12.780 13.181 13.610 14.066 14.550 15.062 15.329 14.999 14.631
7.330 7.289 7.251 7.216 7.185 7.158 7.134 7.114 7.097 7.083 7.020 6.889 6.767 6.655 6.553 6.461 6.378 6.302 6.209 6.115 6.019 5.923 5.976 6.288 6.589 6.880 7.160 7.429 7.687 7.935 8.172 8.398 8.614 8.818 9.065 9.423 9.787 10.157 10.532 10.912 11.298 11.689 12.085 12.487 12.894 13.307 13.515 13.179 12.864 12.569 12.295 12.042 11.809 11.597 11.405 11.234 11.084 10.954 10.941 11.273 11.633 12.020 12.435 12.878 13.348 13.846 14.371 14.924 15.505 16.113 16.546 16.080 15.576
6.459 6.430 6.405 6.383 6.365 6.349 6.338 6.330 6.325 6.324 6.304 6.215 6.125 6.034 5.942 5.848 5.753 5.657 5.560 5.461 5.362 5.261 5.242 5.516 5.780 6.033 6.275 6.507 6.728 6.938 7.137 7.326 7.504 7.671 7.867 8.245 8.628 9.017 9.411 9.810 10.215 10.626 11.041 11.463 11.889 12.321 12.663 12.399 12.156 11.934 11.733 11.551 11.391 11.251 11.131 11.033 10.954 10.897 10.901 11.330 11.786 12.270 12.782 13.321 13.888 14.483 15.104 15.754 16.431 17.136 17.798 17.196 16.555
5.586 5.570 5.557 5.573 5.608 5.638 5.662 5.680 5.692 5.699 5.690 5.597 5.503 5.407 5.311 5.213 5.114 5.014 4.913 4.810 4.707 4.602 4.519 4.756 4.983 5.198 5.403 5.597 5.781 5.953 6.115 6.267 6.407 6.537 6.665 7.062 7.464 7.873 8.286 8.705 9.129 9.559 9.994 10.434 10.880 11.331 11.788 11.600 11.430 11.280 11.150 11.041 10.953 10.885 10.838 10.811 10.805 10.819 10.854 11.360 11.913 12.494 13.102 13.738 14.401 15.092 15.810 16.371 16.789 17.195 17.590 16.717 15.755
5.009 5.042 5.069 5.090 5.105 5.114 5.118 5.115 5.108 5.094 5.074 4.981 4.882 4.783 4.682 4.580 4.477 4.373 4.268 4.161 4.054 3.945 3.835 4.009 4.198 4.376 4.543 4.700 4.846 4.981 5.106 5.220 5.323 5.415 5.497 5.875 6.297 6.724 7.157 7.595 8.039 8.488 8.942 9.401 9.866 10.337 10.813 10.782 10.684 10.606 10.548 10.512 10.495 10.499 10.524 10.569 10.635 10.722 10.829 11.363 11.882 12.340 12.787 13.223 13.647 14.060 14.461 14.851 15.229 15.595 15.951 15.315 14.434
4.594 4.606 4.613 4.613 4.608 4.598 4.581 4.558 4.530 4.496 4.456 4.367 4.264 4.161 4.056 3.950 3.843 3.735 3.625 3.515 3.403 3.290 3.176 3.274 3.426 3.566 3.696 3.815 3.924 4.022 4.109 4.185 4.251 4.306 4.350 4.685 5.126 5.572 6.024 6.482 6.944 7.412 7.886 8.365 8.849 9.339 9.834 9.945 9.918 9.912 9.927 9.962 10.018 10.022 10.011 9.996 9.978 9.956 9.930 10.222 10.653 11.071 11.479 11.875 12.259 12.632 12.993 13.343 13.681 14.008 14.324 13.894 13.092
4.186 4.178 4.164 4.144 4.119 4.088 4.051 4.008 3.960 3.906 3.846 3.755 3.648 3.541 3.432 3.322 3.211 3.098 2.985 2.870 2.754 2.637 2.519 2.551 2.665 2.769 2.861 2.943 3.014 3.074 3.124 3.163 3.192 3.209 3.216 3.490 3.950 4.416 4.887 5.364 5.846 6.333 6.826 7.324 7.827 8.336 8.853 9.066 9.065 9.059 9.051 9.038 9.022 9.002 8.978 8.950 8.919 8.884 8.846 9.046 9.436 9.815 10.183 10.539 10.884 11.217 11.538 11.849 12.147 12.434 12.710 12.453 11.732
3.785 3.756 3.722 3.683 3.637 3.586 3.528 3.465 3.397 3.322 3.242 3.145 3.035 2.923 2.810 2.696 2.581 2.464 2.347 2.228 2.108 1.987 1.864 1.841 1.917 1.983 2.038 2.083 2.117 2.140 2.152 2.154 2.145 2.125 2.095 2.292 2.771 3.256 3.764 4.363 4.939 5.491 6.020 6.525 7.006 7.464 7.898 8.128 8.113 8.095 8.074 8.048 8.019 7.986 7.950 7.910 7.866 7.818 7.766 7.882 8.233 8.572 8.900 9.216 9.521 9.814 10.096 10.367 10.626 10.874 11.110 10.993 10.352
3.390 3.342 3.288 3.228 3.162 3.090 3.013 2.930 2.841 2.746 2.646 2.538 2.423 2.307 2.190 2.072 1.953 1.832 1.711 1.588 1.464 1.339 1.212 1.143 1.182 1.210 1.228 1.235 1.232 1.217 1.193 1.212 1.344 1.459 1.555 1.801 2.389 2.953 3.493 4.010 4.503 4.973 5.419 5.841 6.240 6.616 6.968 7.194 7.167 7.137 7.102 7.064 7.022 6.976 6.927 6.874 6.817 6.756 6.692 6.731 7.042 7.341 7.630 7.906 8.171 8.425 8.667 8.898 9.118 9.326 9.522 9.514 8.952
3.003 2.934 2.860 2.780 2.693 2.602 2.504 2.401 2.292 2.177 2.056 1.932 1.814 1.694 1.573 1.451 1.327 1.203 1.077 0.950 0.822 0.693 0.562 0.457 0.555 0.748 0.924 1.081 1.222 1.345 1.450 1.538 1.608 1.661 1.697 1.802 2.307 2.788 3.246 3.681 4.092 4.479 4.843 5.183 5.500 5.793 6.062 6.266 6.226 6.183 6.135 6.084 6.030 5.971 5.909 5.843 5.773 5.700 5.623 5.593 5.864 6.124 6.372 6.609 6.834 7.049 7.251 7.442 7.622 7.790 7.947 8.015 7.533
2.623 2.534 2.439 2.338 2.232 2.120 2.003 1.879 1.750 1.615 1.474 1.329 1.206 1.082 0.957 0.831 0.704 0.676 0.718 0.777 0.852 0.944 1.053 1.179 1.328 1.460 1.574 1.670 1.749 1.811 1.855 1.881 1.890 1.882 1.856 1.826 2.249 2.648 3.024 3.376 3.704 4.009 4.291 4.549 4.783 4.994 5.182 5.343 5.290 5.234 5.174 5.110 5.042 4.971 4.896 4.817 4.735 4.649 4.559 4.467 4.698 4.918 5.127 5.324 5.510 5.685 5.848 5.999 6.140 6.268 6.386 6.492 6.095
2.249 2.140 2.025 1.904 1.778 1.646 1.508 1.364 1.215 1.060 0.988 0.921 0.915 0.932 0.967 1.017 1.084 1.168 1.269 1.386 1.520 1.670 1.837 2.021 2.119 2.189 2.241 2.276 2.294 2.294 2.277 2.242 2.190 2.120 2.033 1.928 2.215 2.532 2.825 3.095 3.341 3.564 3.764 3.940 4.092 4.221 4.326 4.408 4.359 4.290 4.217 4.140 4.060 3.976 3.888 3.797 3.702 3.603 3.500 3.394 3.545 3.726 3.895 4.053 4.199 4.334 4.457 4.569 4.670 4.759 4.837 4.903 4.637
1.883 1.753 1.618 1.623 1.611 1.584 1.541 1.482 1.407 1.316 1.208 1.085 1.098 1.174 1.266 1.375 1.501 1.643 1.802 1.977 2.169 2.377 2.603 2.844 2.926 2.935 2.926 2.900 2.856 2.795 2.716 2.620 2.507 2.376 2.228 2.062 2.205 2.440 2.651 2.838 3.003 3.143 3.261 3.355 3.425 3.472 3.495 3.495 3.433 3.351 3.265 3.176 3.083 2.986 2.885 2.781 2.673 2.562 2.447 2.328 2.405 2.546 2.675 2.794 2.900 2.996 3.079 3.214 3.438 3.651 3.854 4.046 4.010
2.361 2.342 2.306 2.255 2.187 2.104 2.004 1.889 1.757 1.610 1.446 1.266 1.263 1.397 1.547 1.715 1.898 2.099 2.316 2.549 2.799 3.066 3.349 3.649 3.751 3.698 3.628 3.541 3.436 3.313 3.173 3.016 2.842 2.649 2.440 2.213 2.219 2.371 2.500 2.606 2.688 2.747 2.782 2.794 2.782 2.747 2.688 2.606 2.512 2.417 2.318 2.216 2.110 2.001 1.888 1.771 1.650 1.526 1.398 1.266 1.357 1.618 1.869 2.109 2.339 2.557 2.765 2.963 3.149 3.325 3.491 3.645 3.648
3.180 3.104 3.012 2.904 2.780 2.640 2.484 2.312 2.125 1.921 1.701 1.465 1.410 1.602 1.811 2.036 2.278 2.536 2.812 3.103 3.411 3.736 4.078 4.436 4.593 4.479 4.348 4.199 4.033 3.849 3.648 3.430 3.194 2.940 2.670 2.382 2.257 2.327 2.374 2.398 2.398 2.375 2.328 2.258 2.164 2.047 1.906 1.742 1.595 1.488 1.377 1.262 1.143 1.114 1.140 1.165 1.189 1.213 1.236 1.258 1.376 1.600 1.813 2.016 2.208 2.390 2.561 2.721 2.871 3.010 3.138 3.255 3.280
4.015 3.883 3.734 3.570 3.390 3.193 2.981 2.753 2.509 2.249 1.972 1.680 1.538 1.789 2.056 2.339 2.639 2.956 3.289 3.639 4.005 4.388 4.787 5.203 5.452 5.277 5.084 4.874 4.647 4.402 4.140 3.861 3.564 3.249 2.917 2.568 2.319 2.307 2.272 2.214 2.132 2.027 1.898 1.746 1.570 1.371 1.238 1.134 1.073 1.100 1.126 1.152 1.176 1.200 1.223 1.246 1.268 1.289 1.309 1.329 1.404 1.591 1.768 1.934 2.089 2.233 2.367 2.490 2.603 2.704 2.796 2.876 2.907
4.866 4.678 4.473 4.252 4.016 3.763 3.495 3.210 2.910 2.593 2.261 1.913 1.649 1.957 2.282 2.624 2.982 3.357 3.748 4.156 4.580 5.021 5.478 5.952 6.328 6.092 5.838 5.567 5.279 4.973 4.650 4.309 3.951 3.575 3.183 2.772 2.404 2.311 2.194 2.076 1.962 1.851 1.743 1.638 1.535 1.435 1.338 1.244 1.172 1.197 1.220 1.243 1.265 1.287 1.308 1.328 1.347 1.366 1.384 1.401 1.443 1.593 1.733 1.861 1.979 2.087 2.183 2.270 2.345 2.410 2.464 2.507 2.529
5.732 5.489 5.228 4.952 4.659 4.350 4.025 3.685 3.328 2.955 2.567 2.162 1.742 2.108 2.491 2.891 3.307 3.739 4.189 4.654 5.137 5.636 6.151 6.683 7.221 6.924 6.609 6.277 5.928 5.561 5.176 4.773 4.265 3.777 3.308 2.858 2.435 2.322 2.213 2.106 2.002 1.900 1.802 1.706 1.613 1.523 1.435 1.350 1.272 1.294 1.315 1.336 1.355 1.374 1.393 1.410 1.427 1.443 1.459 1.474 1.493 1.606 1.708 1.799 1.880 1.951 2.010 2.059 2.098 2.126 2.143 2.149 2.145
6.575 6.318 6.001 5.667 5.318 4.953 4.573 4.176 3.763 3.334 2.889 2.429 1.952 2.240 2.682 3.139 3.613 4.104 4.611 5.135 5.675 6.232 6.805 7.395 7.963 7.518 6.962 6.425 5.908 5.410 4.931 4.472 4.032 3.610 3.208 2.826 2.462 2.330 2.230 2.133 2.038 1.947 1.858 1.771 1.688 1.607 1.529 1.454 1.382 1.392 1.410 1.428 1.446 1.462 1.478 1.493 1.508 1.521 1.534 1.547 1.558 1.628 1.693 1.748 1.792 1.825 1.848 1.860 1.861 1.852 1.832 1.801 1.760
7.400 7.162 6.789 6.400 5.995 5.574 5.136 4.683 4.215 3.730 3.229 2.712 2.179 2.355 2.854 3.370 3.902 4.446 4.960 5.428 5.851 6.230 6.564 6.852 7.096 6.795 6.306 5.837 5.387 4.956 4.544 4.152 3.779 3.425 3.090 2.774 2.478 2.335 2.244 2.157 2.072 1.990 1.910 1.834 1.760 1.689 1.621 1.555 1.492 1.490 1.506 1.522 1.537 1.551 1.564 1.577 1.589 1.600 1.611 1.620 1.630 1.661 1.689 1.706 1.713 1.710 1.695 1.670 1.635 1.589 1.532 1.464 1.386
8.207 8.024 7.594 7.149 6.688 6.210 5.717 5.208 4.683 4.142 3.657 3.226 2.760 2.852 3.388 3.878 4.324 4.725 5.082 5.393 5.660 5.882 6.058 6.191 6.278 6.052 5.631 5.229 4.846 4.482 4.138 3.813 3.506 3.219 2.952 2.703 2.474 2.337 2.256 2.178 2.103 2.030 1.961 1.894 1.829 1.768 1.709 1.653 1.600 1.589 1.603 1.616 1.628 1.640 1.651 1.661 1.670 1.679 1.687 1.695 1.701 1.704 1.695 1.675 1.645 1.605 1.553 1.491 1.419 1.336 1.242 1.138 1.023
8.996 8.901 8.416 8.051 7.736 7.388 7.007 6.591 6.142 5.660 5.143 4.593 4.010 3.806 4.184 4.518 4.807 5.052 5.251 5.406 5.516 5.581 5.601 5.577 5.508 5.291 4.937 4.602 4.286 3.990 3.712 3.454 3.215 2.995 2.794 2.613 2.450 2.336 2.265 2.197 2.131 2.068 2.008 1.950 1.896 1.844 1.795 1.748 1.705 1.689 1.700 1.710 1.720 1.729 1.738 1.746 1.753 1.759 1.765 1.770 1.774 1.757 1.711 1.654 1.587 1.510 1.422 1.323 1.228 1.156 1.085 1.015 0.947
11.338 11.165 10.799 10.400 9.967 9.501 9.001 8.467 7.900 7.299 6.664 5.996 5.294 4.806 5.028 5.205 5.337 5.425 5.468 5.466 5.419 5.328 5.192 5.011 4.785 4.511 4.224 3.956 3.707 3.478 3.267 3.076 2.904 2.751 2.617 2.502 2.407 2.333 2.271 2.212 2.156 2.103 2.052 2.004 1.959 1.917 1.878 1.841 1.807 1.789 1.797 1.806 1.813 1.820 1.826 1.831 1.835 1.839 1.842 1.845 1.847 1.818 1.740 1.664 1.589 1.516 1.444 1.373 1.305 1.237 1.171 1.107 1.044
14.647 13.784 13.301 12.783 12.232 11.647 11.029 10.377 9.691 8.972 8.219 7.433 6.613 5.853 5.918 5.938 5.914 5.845 5.732 5.573 5.370 5.123 4.830 4.493 4.111 3.712 3.492 3.291 3.109 2.947 2.803 2.679 2.574 2.488 2.421 2.373 2.344 2.326 2.274 2.225 2.179 2.135 2.094 2.056 2.020 1.987 1.957 1.930 1.906 1.889 1.896 1.901 1.906 1.910 2.005 2.125 2.196 2.220 2.195 2.121 2.000 1.856 1.783 1.712 1.643 1.574 1.508 1.443 1.379 1.317 1.256 1.197 1.140
18.188 16.543 15.836 15.200 14.531 13.828 13.091 12.321 11.517 10.680 9.809 8.904 7.966 6.995 6.855 6.719 6.538 6.313 6.043 5.728 5.369 4.965 4.516 4.022 3.484 2.901 2.741 2.607 2.492 2.396 2.320 2.262 2.224 2.205 2.205 2.224 2.262 2.317 2.275 2.235 2.198 2.164 2.133 2.104 2.078 2.055 2.034 2.183 2.441 2.737 2.930 3.075 3.172 3.220 3.220 3.171 3.074 2.929 2.736 2.494 2.204 1.893 1.825 1.759 1.695 1.632 1.570 1.511 1.452 1.395 1.340 1.286 1.233
