DATA/SHG/ECMWF/20170628/EN-48/20170628.en-48.asc
ncols        190
nrows        64
xllcorner    -5100000.000000000000
yllcorner    4130000.000000000000
cellsize     10000.000000000000
NODATA_value  -99999.000
[rows 0 to 32 of 64, columns 0 to 72 of 190]
3.777 3.889 4.003 4.121 4.241 4.365 4.492 4.622 4.755 4.965 5.212 5.473 5.750 6.041 6.348 6.669 7.005 7.357 7.723 8.090 8.447 8.860 9.284 9.688 10.073 10.438 10.784 11.109 11.415 11.700 11.966 12.213 12.439 12.385 12.174 11.983 11.813 11.662 11.531 11.421 11.330 11.259 11.209 11.178 11.167 11.084 10.936 10.805 10.690 10.592 10.510 10.445 10.396 10.364 10.348 10.349 10.367 10.507 10.772 11.030 11.280 11.522 11.756 11.983 12.202 12.413 12.617 12.812 13.000 12.918 12.413 11.912 11.414
3.174 3.297 3.422 3.551 3.683 3.818 3.956 4.097 4.241 4.474 4.773 5.088 5.479 5.865 6.242 6.611 6.972 7.325 7.669 8.006 8.334 8.682 9.037 9.372 9.687 9.982 10.258 10.513 10.749 10.966 11.162 11.339 11.496 11.500 11.360 11.240 11.140 11.060 10.999 10.959 10.939 10.939 10.959 10.998 11.058 11.064 10.975 10.902 10.845 10.805 10.781 10.774 10.783 10.808 10.851 10.909 10.984 11.123 11.361 11.591 11.814 12.029 12.236 12.435 12.627 12.811 12.987 13.156 13.316 13.309 12.818 12.330 11.847
2.568 2.702 2.839 2.979 3.139 3.380 3.630 3.890 4.159 4.487 4.868 5.241 5.606 5.962 6.311 6.651 6.983 7.307 7.623 7.931 8.230 8.525 8.810 9.076 9.321 9.547 9.753 9.939 10.106 10.253 10.380 10.487 10.574 10.596 10.526 10.477 10.447 10.438 10.448 10.478 10.528 10.599 10.689 10.799 10.929 11.029 10.997 10.982 10.983 11.000 11.035 11.085 11.152 11.236 11.336 11.452 11.585 11.745 11.956 12.159 12.355 12.543 12.722 12.895 13.059 13.216 13.365 13.506 13.519 13.458 12.888 12.343 11.823
2.222 2.458 2.704 2.959 3.224 3.499 3.784 4.078 4.382 4.708 5.060 5.405 5.741 6.068 6.388 6.700 7.003 7.298 7.585 7.864 8.135 8.390 8.605 8.801 8.977 9.133 9.270 9.387 9.484 9.561 9.619 9.657 9.675 9.673 9.674 9.695 9.735 9.796 9.877 9.978 10.098 10.239 10.399 10.580 10.780 10.976 11.003 11.045 11.104 11.180 11.272 11.380 11.505 11.646 11.804 11.978 12.169 12.375 12.558 12.734 12.888 12.868 12.855 12.848 12.847 12.853 12.864 12.882 12.906 12.937 12.464 12.007 11.576
2.159 2.430 2.710 2.999 3.299 3.608 3.927 4.255 4.594 4.938 5.261 5.577 5.884 6.183 6.474 6.757 7.032 7.298 7.556 7.807 8.049 8.275 8.421 8.548 8.654 8.741 8.808 8.855 8.883 8.891 8.879 8.848 8.797 8.731 8.802 8.893 9.004 9.135 9.286 9.457 9.648 9.859 10.090 10.341 10.611 10.902 10.992 11.092 11.209 11.342 11.492 11.658 11.841 12.002 12.041 12.075 12.101 12.121 12.108 12.098 12.094 12.097 12.105 12.120 12.142 12.169 12.203 12.243 12.289 12.341 12.017 11.649 11.306
2.086 2.390 2.705 3.029 3.363 3.706 4.059 4.422 4.794 5.176 5.471 5.757 6.036 6.306 6.569 6.823 7.069 7.306 7.536 7.757 7.971 8.176 8.258 8.315 8.352 8.370 8.367 8.345 8.304 8.242 8.161 8.061 7.940 7.800 7.911 8.072 8.254 8.455 8.677 8.918 9.179 9.460 9.761 10.082 10.422 10.783 10.933 10.995 11.051 11.101 11.144 11.180 11.210 11.233 11.250 11.260 11.264 11.261 11.265 11.277 11.295 11.320 11.351 11.388 11.431 11.481 11.536 11.598 11.667 11.741 11.547 11.267 11.012
2.001 2.340 2.689 3.047 3.415 3.793 4.180 4.577 4.984 5.401 5.689 5.946 6.196 6.438 6.671 6.897 7.114 7.323 7.524 7.717 7.902 8.078 8.116 8.104 8.072 8.020 7.948 7.857 7.746 7.615 7.465 7.295 7.105 6.896 7.001 7.232 7.484 7.756 8.047 8.393 8.751 9.089 9.405 9.700 9.974 10.226 10.331 10.371 10.404 10.430 10.451 10.464 10.471 10.472 10.466 10.454 10.435 10.409 10.417 10.451 10.492 10.538 10.591 10.650 10.716 10.787 10.865 10.949 11.039 11.136 11.054 10.862 10.695
1.906 2.279 2.662 3.055 3.457 3.869 4.291 4.722 5.163 5.614 5.915 6.144 6.365 6.578 6.783 6.980 7.168 7.349 7.521 7.685 7.841 7.989 7.995 7.913 7.812 7.691 7.550 7.389 7.209 7.010 6.790 6.551 6.402 6.309 6.525 6.915 7.284 7.632 7.958 8.264 8.548 8.811 9.053 9.273 9.473 9.651 9.736 9.753 9.764 9.768 9.765 9.756 9.741 9.719 9.690 9.655 9.613 9.565 9.564 9.621 9.683 9.752 9.827 9.908 9.995 10.089 10.188 10.294 10.407 10.525 10.538 10.434 10.355
1.800 2.208 2.625 3.052 3.489 3.935 4.391 4.856 5.331 5.816 6.149 6.350 6.542 6.727 6.903 7.071 7.231 7.383 7.526 7.662 7.789 7.909 7.895 7.744 7.573 7.372 7.193 7.038 6.909 6.803 6.723 6.667 6.636 6.630 6.789 7.105 7.399 7.673 7.925 8.156 8.366 8.555 8.722 8.869 8.994 9.099 9.149 9.144 9.131 9.113 9.087 9.056 9.017 8.972 8.921 8.863 8.799 8.728 8.707 8.785 8.870 8.960 9.057 9.160 9.270 9.385 9.507 9.635 9.769 9.910 9.999 9.982 9.991
1.684 2.126 2.577 3.038 3.509 3.989 4.479 4.979 5.488 6.007 6.392 6.564 6.728 6.884 7.031 7.171 7.302 7.413 7.436 7.452 7.461 7.465 7.398 7.232 7.090 6.973 6.881 6.813 6.770 6.752 6.758 6.789 6.844 6.924 7.074 7.316 7.536 7.735 7.913 8.070 8.206 8.320 8.414 8.486 8.538 8.568 8.570 8.541 8.506 8.465 8.417 8.362 8.301 8.234 8.160 8.079 7.992 7.899 7.845 7.945 8.051 8.164 8.283 8.408 8.539 8.677 8.820 8.970 9.127 9.289 9.436 9.508 9.605
1.557 2.033 2.519 3.014 3.519 4.033 4.557 5.091 5.635 6.188 6.611 6.655 6.693 6.725 6.750 6.769 6.782 6.789 6.789 6.783 6.771 6.753 6.714 6.634 6.579 6.549 6.543 6.562 6.606 6.674 6.767 6.885 7.027 7.193 7.381 7.548 7.694 7.819 7.923 8.006 8.067 8.108 8.127 8.126 8.103 8.059 7.998 7.946 7.889 7.824 7.754 7.677 7.593 7.503 7.406 7.303 7.193 7.077 6.977 7.100 7.228 7.363 7.503 7.651 7.804 7.963 8.129 8.301 8.479 8.663 8.851 9.011 9.196
1.420 1.930 2.449 2.970 3.474 3.963 4.437 4.897 5.342 5.772 6.147 6.170 6.186 6.195 6.199 6.196 6.187 6.172 6.150 6.122 6.088 6.048 6.004 6.012 6.044 6.100 6.181 6.287 6.417 6.571 6.751 6.955 7.183 7.436 7.708 7.801 7.873 7.924 7.954 7.963 7.950 7.917 7.862 7.787 7.690 7.572 7.433 7.359 7.278 7.191 7.098 6.998 6.892 6.779 6.660 6.534 6.402 6.263 6.118 6.249 6.400 6.556 6.719 6.888 7.063 7.245 7.432 7.662 7.926 8.198 8.476 8.708 8.923
1.373 1.869 2.351 2.817 3.270 3.707 4.130 4.538 4.932 5.311 5.675 5.691 5.685 5.673 5.655 5.630 5.599 5.562 5.519 5.469 5.413 5.351 5.283 5.364 5.483 5.626 5.793 5.985 6.202 6.443 6.709 6.999 7.314 7.654 8.018 8.076 8.074 8.051 8.007 7.941 7.855 7.747 7.619 7.469 7.299 7.107 6.894 6.778 6.675 6.566 6.450 6.327 6.198 6.063 5.921 5.773 5.618 5.456 5.288 5.395 5.608 5.847 6.093 6.346 6.606 6.874 7.149 7.431 7.721 8.018 8.323 8.532 8.702
1.391 1.836 2.266 2.681 3.082 3.468 3.839 4.196 4.538 4.866 5.178 5.220 5.192 5.158 5.118 5.072 5.019 4.960 4.895 4.823 4.746 4.662 4.571 4.692 4.897 5.126 5.380 5.659 5.962 6.290 6.642 7.018 7.420 7.846 8.296 8.372 8.296 8.199 8.081 7.941 7.781 7.600 7.397 7.174 6.929 6.664 6.377 6.205 6.080 5.948 5.809 5.664 5.512 5.395 5.283 5.167 5.048 4.926 4.802 4.933 5.190 5.454 5.726 6.005 6.291 6.585 6.886 7.194 7.509 7.832 8.163 8.368 8.495
1.425 1.818 2.197 2.561 2.910 3.245 3.565 3.870 4.161 4.437 4.699 4.757 4.707 4.651 4.589 4.521 4.446 4.365 4.278 4.185 4.086 3.980 3.868 3.995 4.286 4.602 4.942 5.307 5.697 6.111 6.549 7.012 7.500 8.012 8.548 8.689 8.539 8.368 8.176 7.963 7.729 7.473 7.197 6.900 6.581 6.242 5.912 5.715 5.610 5.502 5.390 5.276 5.159 5.039 4.915 4.789 4.660 4.528 4.393 4.482 4.765 5.055 5.353 5.657 5.969 6.289 6.615 6.949 7.291 7.639 7.995 8.216 8.299
1.475 1.817 2.144 2.457 2.755 3.038 3.307 3.561 3.800 4.025 4.235 4.300 4.229 4.151 4.067 3.977 3.881 3.778 3.669 3.554 3.433 3.306 3.172 3.273 3.650 4.053 4.479 4.930 5.406 5.906 6.431 6.980 7.554 8.152 8.775 9.027 8.803 8.559 8.280 7.921 7.571 7.228 6.894 6.569 6.251 5.942 5.640 5.424 5.309 5.190 5.068 4.944 4.816 4.685 4.552 4.415 4.275 4.133 3.987 4.025 4.334 4.649 4.973 5.303 5.641 5.986 6.338 6.698 7.065 7.440 7.822 8.077 8.115
1.541 1.832 2.108 2.369 2.615 2.847 3.065 3.267 3.455 3.629 3.788 3.852 3.758 3.659 3.553 3.441 3.323 3.199 3.068 2.931 2.788 2.639 2.483 2.526 2.990 3.478 3.991 4.528 5.090 5.677 6.287 6.908 7.488 8.043 8.573 8.809 8.455 8.109 7.770 7.441 7.119 6.805 6.500 6.203 5.914 5.634 5.361 5.137 5.011 4.882 4.750 4.615 4.477 4.336 4.191 4.044 3.894 3.741 3.585 3.561 3.895 4.237 4.586 4.942 5.306 5.677 6.055 6.440 6.833 7.233 7.641 7.949 7.944
1.623 1.862 2.087 2.297 2.492 2.673 2.839 2.990 3.127 3.250 3.357 3.410 3.295 3.174 3.046 2.913 2.773 2.627 2.474 2.316 2.151 1.980 1.803 1.754 2.364 3.031 3.673 4.289 4.882 5.449 5.992 6.509 7.002 7.471 7.914 8.206 7.881 7.563 7.254 6.953 6.660 6.375 6.098 5.830 5.570 5.318 5.074 4.853 4.717 4.577 4.435 4.289 4.141 3.989 3.835 3.677 3.517 3.353 3.187 3.091 3.451 3.818 4.193 4.575 4.964 5.361 5.765 6.176 6.594 7.020 7.453 7.834 7.784
1.721 1.909 2.082 2.241 2.385 2.514 2.629 2.729 2.815 2.886 2.943 2.976 2.839 2.696 2.547 2.391 2.230 2.121 2.057 2.009 1.976 1.959 1.957 1.994 2.599 3.179 3.734 4.264 4.769 5.250 5.706 6.137 6.543 6.924 7.281 7.596 7.299 7.010 6.729 6.457 6.193 5.937 5.689 5.449 5.218 4.994 4.779 4.573 4.426 4.276 4.123 3.967 3.808 3.646 3.481 3.314 3.143 2.969 2.792 2.614 3.000 3.393 3.793 4.201 4.616 5.038 5.468 5.904 6.349 6.800 7.259 7.725 7.637
1.835 1.972 2.094 2.201 2.294 2.372 2.436 2.485 2.519 2.539 2.570 2.585 2.494 2.407 2.335 2.280 2.239 2.214 2.205 2.211 2.232 2.269 2.322 2.390 2.859 3.352 3.820 4.264 4.682 5.076 5.445 5.790 6.109 6.404 6.674 6.920 6.710 6.450 6.198 5.954 5.718 5.491 5.272 5.061 4.858 4.663 4.476 4.298 4.138 3.978 3.815 3.648 3.479 3.307 3.132 2.953 2.772 2.588 2.401 2.211 2.542 2.961 3.387 3.820 4.261 4.709 5.164 5.626 6.096 6.574 7.058 7.550 7.502
1.965 2.050 2.121 2.234 2.326 2.395 2.443 2.469 2.472 2.454 2.414 2.352 2.298 2.266 2.249 2.247 2.261 2.291 2.336 2.396 2.472 2.563 2.670 2.792 3.145 3.551 3.933 4.289 4.621 4.929 5.211 5.469 5.702 5.910 6.094 6.253 6.113 5.882 5.658 5.443 5.236 5.038 4.847 4.664 4.490 4.324 4.166 4.016 3.854 3.684 3.510 3.333 3.154 2.971 2.785 2.597 2.405 2.210 2.013 1.812 2.077 2.522 2.974 3.433 3.899 4.373 4.854 5.333 5.790 6.231 6.656 7.065 7.036
2.467 2.548 2.606 2.642 2.657 2.649 2.620 2.568 2.495 2.399 2.282 2.143 2.087 2.109 2.146 2.199 2.267 2.351 2.450 2.565 2.695 2.840 3.001 3.178 3.456 3.776 4.071 4.341 4.586 4.807 5.003 5.174 5.321 5.442 5.539 5.612 5.509 5.306 5.112 4.925 4.747 4.577 4.415 4.261 4.115 3.978 3.848 3.727 3.574 3.393 3.209 3.021 2.831 2.638 2.442 2.243 2.041 1.836 1.629 1.418 1.637 2.149 2.646 3.127 3.592 4.041 4.474 4.892 5.293 5.679 6.049 6.403 6.453
3.131 3.134 3.115 3.074 3.011 2.926 2.820 2.691 2.541 2.368 2.174 1.958 1.859 1.935 2.027 2.134 2.256 2.394 2.548 2.716 2.901 3.101 3.316 3.546 3.793 4.026 4.234 4.418 4.577 4.711 4.820 4.905 4.965 5.001 5.011 4.997 4.897 4.723 4.557 4.399 4.250 4.108 3.975 3.849 3.732 3.623 3.523 3.430 3.297 3.105 2.911 2.713 2.513 2.335 2.177 2.023 1.874 1.730 1.590 1.454 1.597 2.055 2.496 2.922 3.332 3.726 4.104 4.466 4.813 5.143 5.458 5.757 5.861
3.817 3.743 3.647 3.529 3.389 3.227 3.044 2.838 2.611 2.361 2.090 1.796 1.615 1.745 1.891 2.052 2.229 2.421 2.629 2.852 3.090 3.344 3.613 3.898 4.155 4.301 4.423 4.520 4.593 4.640 4.664 4.662 4.636 4.585 4.509 4.409 4.278 4.133 3.995 3.866 3.745 3.632 3.527 3.430 3.342 3.261 3.225 3.181 3.085 2.919 2.759 2.603 2.451 2.304 2.162 2.024 1.891 1.762 1.638 1.519 1.573 1.975 2.362 2.732 3.087 3.426 3.749 4.056 4.348 4.623 4.883 5.127 5.259
4.527 4.376 4.203 4.008 3.791 3.552 3.291 3.009 2.704 2.378 2.029 1.659 1.354 1.539 1.739 1.954 2.185 2.431 2.693 2.970 3.263 3.571 3.894 4.233 4.542 4.602 4.638 4.648 4.634 4.596 4.533 4.445 4.332 4.195 4.033 3.846 3.652 3.535 3.426 3.468 3.507 3.523 3.515 3.483 3.427 3.348 3.245 3.118 2.969 2.820 2.675 2.535 2.399 2.268 2.142 2.020 1.903 1.791 1.683 1.579 1.564 1.911 2.243 2.558 2.858 3.142 3.410 3.662 3.898 4.119 4.324 4.513 4.647
5.253 5.032 4.782 4.510 4.216 3.900 3.562 3.203 2.822 2.418 1.993 1.546 1.077 1.316 1.570 1.840 2.125 2.425 2.741 3.072 3.419 3.781 4.159 4.552 4.955 4.928 4.878 4.802 4.702 4.577 4.427 4.257 4.234 4.204 4.169 4.127 4.081 4.108 4.112 4.092 4.048 3.980 3.889 3.774 3.636 3.474 3.288 3.078 2.849 2.716 2.587 2.463 2.343 2.228 2.118 2.012 1.911 1.815 1.723 1.635 1.570 1.863 2.139 2.399 2.644 2.873 3.086 3.283 3.465 3.630 3.780 3.914 4.026
5.905 5.711 5.384 5.035 4.664 4.272 3.857 3.421 2.963 2.482 1.980 1.457 0.911 1.077 1.385 1.709 2.048 2.402 2.772 3.158 3.558 3.975 4.406 4.853 5.332 5.409 5.401 5.388 5.368 5.342 5.309 5.270 5.225 5.173 5.115 5.050 4.980 4.920 4.841 4.738 4.612 4.461 4.287 4.090 3.868 3.623 3.355 3.062 2.746 2.607 2.494 2.386 2.283 2.184 2.089 2.000 1.914 1.834 1.758 1.686 1.619 1.829 2.050 2.256 2.446 2.619 2.778 2.920 3.046 3.157 3.252 3.331 3.394
6.545 6.414 6.010 5.584 5.136 4.667 4.175 3.662 3.127 2.570 1.992 1.391 0.769 0.821 1.184 1.561 1.955 2.414 2.991 3.566 4.139 4.712 5.282 5.852 6.420 6.562 6.533 6.497 6.454 6.405 6.350 6.289 6.221 6.147 6.066 5.979 5.886 5.756 5.594 5.408 5.199 4.965 4.709 4.428 4.124 3.796 3.445 3.070 2.671 2.494 2.398 2.305 2.218 2.135 2.056 1.983 1.913 1.849 1.789 1.733 1.682 1.811 1.977 2.128 2.263 2.382 2.485 2.572 2.644 2.699 2.739 2.764 2.772
7.172 7.139 6.659 6.156 5.632 5.085 4.517 3.927 3.316 2.682 2.108 1.622 1.137 1.236 1.814 2.389 2.963 3.536 4.108 4.678 5.246 5.814 6.379 6.944 7.507 7.721 7.669 7.610 7.546 7.474 7.397 7.313 7.223 7.126 7.023 6.913 6.798 6.615 6.370 6.101 5.809 5.493 5.154 4.790 4.404 3.993 3.559 3.101 2.620 2.377 2.296 2.220 2.149 2.081 2.019 1.961 1.908 1.859 1.815 1.775 1.740 1.808 1.920 2.015 2.095 2.159 2.207 2.240 2.256 2.257 2.243 2.212 2.166
7.787 7.888 7.331 6.807 6.315 5.824 5.335 4.848 4.362 3.878 3.396 2.915 2.437 2.378 2.950 3.521 4.090 4.658 5.224 5.790 6.353 6.916 7.476 8.036 8.594 8.885 8.810 8.729 8.642 8.549 8.448 8.342 8.229 8.110 7.985 7.853 7.715 7.496 7.169 6.817 6.442 6.044 5.622 5.176 4.707 4.214 3.697 3.157 2.593 2.256 2.191 2.130 2.075 2.024 1.977 1.935 1.898 1.865 1.837 1.813 1.794 1.820 1.877 1.918 1.943 1.952 1.945 1.923 1.902 1.903 1.901 1.897 1.891
8.708 9.031 8.541 8.052 7.565 7.080 6.597 6.115 5.635 5.157 4.681 4.206 3.733 3.519 4.086 4.652 5.216 5.779 6.341 6.901 7.460 8.017 8.573 9.128 9.681 10.054 9.957 9.854 9.744 9.628 9.505 9.377 9.241 9.100 8.952 8.798 8.637 8.401 7.991 7.557 7.099 6.618 6.113 5.585 5.033 4.457 3.858 3.235 2.589 2.130 2.081 2.036 1.997 1.961 1.931 1.905 1.883 1.866 1.854 1.846 1.843 1.846 1.854 1.859 1.863 1.864 1.864 1.861 1.856 1.849 1.841 1.830 1.816
9.786 10.261 9.776 9.293 8.812 8.333 7.855 7.379 6.905 6.433 5.962 5.493 5.026 4.660 5.223 5.783 6.343 6.901 7.457 8.013 8.567 9.119 9.670 10.220 10.768 11.228 11.109 10.983 10.851 10.712 10.567 10.416 10.259 10.095 9.925 9.748 9.565 9.329 8.836 8.319 7.779 7.215 6.628 6.017 5.383 4.725 4.043 3.338 2.609 1.999 1.966 1.938 1.914 1.895 1.985 2.110 2.185 2.210 2.185 2.109 1.984 1.853 1.853 1.852 1.848 1.842 1.834 1.824 1.812 1.798 1.782 1.764 1.744
10.865 11.397 11.008 10.531 10.056 9.582 9.110 8.640 8.171 7.705 7.240 6.776 6.315 5.855 6.359 6.914 7.469 8.022 8.574 9.124 9.673 10.220 10.767 11.311 11.855 12.397 12.266 12.118 11.963 11.802 11.635 11.461 11.281 11.095 10.902 10.703 10.498 10.279 9.704 9.105 8.482 7.836 7.166 6.473 5.756 5.016 4.251 3.664 3.170 2.724 2.926 3.077 3.177 3.228 3.229 3.179 3.079 2.929 2.729 2.479 2.178 1.862 1.855 1.846 1.835 1.822 1.807 1.790 1.771 1.749 1.726 1.701 1.673
