DATA/SHG/ECMWF/20170628/EN-48/20170629.en-48.asc
ncols        190
nrows        64
xllcorner    -5100000.000000000000
yllcorner    4130000.000000000000
cellsize     10000.000000000000
NODATA_value  -99999.000
[rows 0 to 32 of 64, columns 0 to 73 of 190]
2.238 2.296 2.363 2.442 2.530 2.630 2.739 2.860 2.990 2.913 2.764 2.611 2.452 2.290 2.122 1.950 1.774 1.593 1.408 1.236 1.074 0.999 0.963 0.930 0.900 0.871 0.845 0.822 0.800 0.781 0.764 0.749 0.737 0.803 0.917 1.029 1.137 1.242 1.344 1.443 1.539 1.632 1.722 1.809 1.893 2.019 2.190 2.367 2.551 2.741 2.939 3.143 3.355 3.573 3.797 4.029 4.267 4.479 4.660 4.849 5.048 5.255 5.471 5.696 5.930 6.173 6.424 6.685 6.954 7.048 6.834 6.600 6.348 6.076
1.846 1.941 2.046 2.161 2.287 2.423 2.570 2.728 2.896 2.866 2.701 2.531 2.345 2.165 1.990 1.820 1.656 1.497 1.343 1.195 1.053 0.973 0.946 0.921 0.898 0.878 0.860 0.844 0.830 0.819 0.810 0.803 0.799 0.847 0.950 1.051 1.148 1.243 1.334 1.423 1.508 1.590 1.669 1.746 1.819 1.936 2.131 2.332 2.540 2.755 2.976 3.204 3.440 3.682 3.930 4.186 4.448 4.696 4.908 5.129 5.358 5.597 5.844 6.100 6.365 6.639 6.922 7.213 7.514 7.678 7.397 7.097 6.777 6.439
1.443 1.574 1.717 1.869 2.035 2.209 2.376 2.535 2.686 2.682 2.504 2.332 2.165 2.004 1.848 1.697 1.552 1.412 1.278 1.149 1.026 0.945 0.926 0.909 0.894 0.882 0.872 0.864 0.859 0.855 0.854 0.855 0.859 0.893 0.986 1.076 1.163 1.246 1.327 1.405 1.479 1.551 1.620 1.685 1.748 1.847 2.065 2.290 2.522 2.761 3.006 3.259 3.518 3.784 4.056 4.336 4.622 4.904 5.147 5.399 5.660 5.929 6.208 6.495 6.791 7.096 7.410 7.733 7.914 8.003 7.538 7.090 6.658 6.242
1.199 1.377 1.547 1.710 1.865 2.012 2.152 2.283 2.407 2.439 2.280 2.127 1.979 1.837 1.700 1.569 1.443 1.322 1.207 1.098 0.993 0.915 0.904 0.895 0.888 0.884 0.882 0.882 0.884 0.889 0.896 0.905 0.916 0.942 1.025 1.104 1.180 1.253 1.323 1.390 1.454 1.515 1.573 1.628 1.680 1.750 1.993 2.242 2.498 2.760 3.030 3.306 3.589 3.879 4.175 4.479 4.789 5.103 5.378 5.661 5.945 6.144 6.335 6.518 6.692 6.858 7.015 7.164 7.305 7.437 7.039 6.648 6.273 5.915
1.147 1.298 1.441 1.576 1.704 1.824 1.936 2.040 2.137 2.190 2.051 1.917 1.788 1.665 1.547 1.435 1.328 1.227 1.131 1.040 0.955 0.882 0.879 0.878 0.880 0.883 0.889 0.897 0.907 0.920 0.935 0.952 0.971 0.995 1.066 1.135 1.200 1.263 1.322 1.379 1.432 1.482 1.530 1.574 1.615 1.653 1.913 2.186 2.466 2.753 3.046 3.346 3.653 3.960 4.239 4.508 4.766 5.014 5.212 5.399 5.577 5.747 5.909 6.062 6.207 6.344 6.472 6.592 6.704 6.807 6.525 6.192 5.874 5.573
1.104 1.228 1.344 1.452 1.552 1.644 1.729 1.806 1.875 1.936 1.815 1.701 1.591 1.487 1.389 1.296 1.208 1.126 1.049 0.977 0.911 0.851 0.852 0.859 0.869 0.880 0.894 0.910 0.928 0.949 0.972 0.997 1.024 1.054 1.111 1.169 1.224 1.276 1.324 1.370 1.413 1.453 1.489 1.523 1.553 1.581 1.840 2.155 2.461 2.755 3.040 3.314 3.577 3.830 4.073 4.305 4.526 4.738 4.912 5.069 5.218 5.359 5.492 5.616 5.732 5.839 5.939 6.030 6.112 6.186 5.997 5.720 5.460 5.216
1.070 1.166 1.255 1.335 1.408 1.473 1.531 1.581 1.623 1.657 1.575 1.479 1.389 1.304 1.225 1.151 1.082 1.019 0.961 0.909 0.862 0.820 0.823 0.838 0.855 0.875 0.897 0.921 0.947 0.975 1.006 1.039 1.074 1.112 1.159 1.206 1.250 1.291 1.330 1.370 1.419 1.474 1.535 1.601 1.674 1.752 1.977 2.256 2.524 2.782 3.030 3.267 3.494 3.711 3.917 4.112 4.297 4.472 4.619 4.748 4.868 4.979 5.083 5.178 5.265 5.343 5.414 5.475 5.529 5.574 5.455 5.235 5.031 4.844
1.044 1.113 1.174 1.228 1.273 1.311 1.341 1.364 1.379 1.386 1.329 1.252 1.181 1.115 1.055 1.000 0.951 0.907 0.868 0.835 0.807 0.784 0.792 0.814 0.840 0.867 0.897 0.929 0.963 0.999 1.038 1.079 1.114 1.143 1.174 1.214 1.260 1.312 1.369 1.433 1.503 1.578 1.659 1.747 1.840 1.939 2.124 2.366 2.598 2.820 3.031 3.232 3.422 3.602 3.771 3.930 4.079 4.217 4.335 4.434 4.526 4.608 4.683 4.749 4.807 4.856 4.897 4.930 4.954 4.971 4.897 4.735 4.588 4.458
1.027 1.069 1.102 1.129 1.147 1.158 1.161 1.156 1.143 1.123 1.077 1.020 0.968 0.921 0.880 0.844 0.814 0.789 0.769 0.755 0.746 0.742 0.758 0.788 0.822 0.874 0.921 0.963 1.000 1.031 1.056 1.076 1.090 1.098 1.127 1.188 1.254 1.327 1.405 1.490 1.580 1.676 1.778 1.886 2.000 2.120 2.281 2.487 2.682 2.867 3.042 3.206 3.360 3.503 3.636 3.759 3.871 3.973 4.060 4.130 4.192 4.246 4.291 4.328 4.357 4.377 4.389 4.393 4.389 4.376 4.325 4.220 4.130 4.057
1.018 1.033 1.039 1.038 1.029 1.013 0.989 0.957 0.917 0.869 0.821 0.782 0.749 0.722 0.699 0.683 0.671 0.669 0.700 0.736 0.778 0.825 0.876 0.920 0.960 0.993 1.021 1.044 1.060 1.072 1.077 1.077 1.071 1.060 1.074 1.155 1.243 1.336 1.435 1.540 1.651 1.768 1.891 2.019 2.154 2.294 2.448 2.617 2.776 2.925 3.063 3.191 3.308 3.415 3.512 3.598 3.673 3.739 3.793 3.834 3.867 3.891 3.908 3.916 3.916 3.907 3.890 3.865 3.832 3.790 3.739 3.690 3.658 3.641
1.018 1.005 0.985 0.956 0.920 0.877 0.825 0.766 0.699 0.625 0.568 0.579 0.596 0.619 0.646 0.680 0.719 0.764 0.814 0.870 0.931 0.998 1.060 1.085 1.105 1.119 1.127 1.129 1.127 1.118 1.104 1.084 1.059 1.028 1.015 1.117 1.225 1.339 1.459 1.585 1.716 1.854 1.997 2.146 2.302 2.462 2.625 2.758 2.881 2.993 3.094 3.186 3.267 3.337 3.397 3.447 3.486 3.515 3.534 3.546 3.550 3.546 3.533 3.512 3.483 3.446 3.400 3.346 3.283 3.213 3.138 3.146 3.170 3.211
1.027 0.987 0.939 0.890 0.843 0.794 0.742 0.688 0.631 0.572 0.520 0.550 0.587 0.629 0.676 0.729 0.788 0.852 0.922 0.997 1.078 1.164 1.250 1.256 1.255 1.250 1.238 1.221 1.198 1.170 1.136 1.097 1.052 1.001 0.950 1.073 1.202 1.337 1.477 1.623 1.776 1.934 2.098 2.267 2.443 2.625 2.812 2.909 2.995 3.071 3.136 3.191 3.235 3.270 3.293 3.307 3.310 3.302 3.284 3.267 3.242 3.209 3.167 3.117 3.059 2.993 2.918 2.868 2.846 2.829 2.818 2.942 3.088 3.246
1.065 1.016 0.966 0.913 0.857 0.799 0.739 0.675 0.610 0.541 0.471 0.516 0.572 0.633 0.700 0.773 0.851 0.935 1.024 1.119 1.219 1.325 1.436 1.432 1.412 1.386 1.355 1.318 1.276 1.228 1.174 1.115 1.051 0.980 0.904 1.023 1.172 1.328 1.489 1.656 1.829 2.007 2.192 2.382 2.579 2.781 2.989 3.070 3.120 3.159 3.188 3.206 3.215 3.212 3.200 3.177 3.143 3.099 3.045 2.996 2.949 2.907 2.871 2.840 2.815 2.796 2.782 2.774 2.771 2.774 2.782 2.924 3.112 3.311
1.117 1.060 1.001 0.939 0.874 0.807 0.738 0.665 0.591 0.514 0.434 0.475 0.550 0.631 0.718 0.810 0.908 1.011 1.120 1.234 1.354 1.479 1.610 1.614 1.574 1.529 1.478 1.421 1.359 1.292 1.218 1.140 1.055 0.965 0.870 0.967 1.137 1.313 1.495 1.682 1.876 2.075 2.280 2.491 2.708 2.931 3.159 3.241 3.255 3.258 3.250 3.232 3.204 3.145 3.078 3.009 2.938 2.864 2.787 2.740 2.713 2.690 2.674 2.663 2.657 2.657 2.663 2.674 2.691 2.713 2.741 2.895 3.124 3.364
1.172 1.106 1.038 0.967 0.894 0.818 0.739 0.658 0.575 0.489 0.400 0.428 0.523 0.624 0.730 0.842 0.959 1.081 1.210 1.343 1.483 1.628 1.778 1.801 1.742 1.677 1.606 1.530 1.448 1.361 1.268 1.170 1.066 0.956 0.841 0.905 1.095 1.292 1.494 1.702 1.916 2.136 2.362 2.594 2.831 3.074 3.276 3.326 3.266 3.204 3.139 3.071 3.001 2.928 2.853 2.775 2.695 2.612 2.526 2.480 2.471 2.469 2.472 2.480 2.494 2.513 2.538 2.569 2.605 2.647 2.694 2.855 3.125 3.407
1.230 1.156 1.078 0.998 0.916 0.831 0.744 0.654 0.562 0.467 0.369 0.376 0.490 0.610 0.736 0.867 1.004 1.146 1.294 1.447 1.606 1.770 1.940 1.994 1.915 1.830 1.740 1.644 1.543 1.436 1.324 1.205 1.082 0.953 0.818 0.837 1.048 1.265 1.488 1.710 1.926 2.136 2.340 2.538 2.730 2.917 3.097 3.167 3.098 3.027 2.953 2.876 2.797 2.715 2.631 2.544 2.455 2.362 2.268 2.214 2.225 2.242 2.264 2.292 2.325 2.364 2.409 2.459 2.514 2.575 2.642 2.803 3.115 3.438
1.291 1.207 1.121 1.032 0.941 0.848 0.751 0.653 0.551 0.448 0.341 0.317 0.451 0.591 0.736 0.886 1.042 1.204 1.371 1.544 1.722 1.906 2.095 2.193 2.094 1.990 1.880 1.765 1.644 1.517 1.385 1.246 1.107 0.976 0.853 0.843 1.062 1.275 1.482 1.683 1.878 2.068 2.251 2.428 2.599 2.765 2.924 3.010 2.933 2.852 2.769 2.684 2.595 2.505 2.411 2.316 2.217 2.116 2.013 1.943 1.974 2.010 2.052 2.099 2.152 2.210 2.274 2.344 2.418 2.499 2.585 2.741 3.093 3.458
1.354 1.262 1.167 1.069 0.969 0.867 0.761 0.654 0.544 0.431 0.316 0.253 0.406 0.565 0.730 0.900 1.075 1.256 1.443 1.635 1.833 2.036 2.245 2.397 2.254 2.087 1.928 1.776 1.633 1.498 1.371 1.252 1.141 1.039 0.944 0.905 1.104 1.296 1.482 1.662 1.837 2.005 2.167 2.324 2.474 2.619 2.757 2.857 2.770 2.680 2.588 2.494 2.397 2.297 2.195 2.090 1.983 1.873 1.760 1.668 1.718 1.773 1.834 1.901 1.973 2.051 2.134 2.223 2.317 2.417 2.523 2.667 3.061 3.466
1.421 1.319 1.215 1.109 1.000 0.888 0.774 0.658 0.539 0.417 0.293 0.182 0.355 0.534 0.718 0.907 1.102 1.286 1.457 1.621 1.779 1.930 2.075 2.202 2.055 1.916 1.785 1.662 1.548 1.441 1.342 1.251 1.168 1.093 1.026 0.974 1.151 1.323 1.488 1.648 1.801 1.949 2.090 2.226 2.356 2.479 2.597 2.706 2.610 2.512 2.411 2.307 2.201 2.092 1.981 1.867 1.751 1.632 1.511 1.387 1.456 1.531 1.612 1.698 1.790 1.887 1.989 2.098 2.211 2.331 2.455 2.586 3.017 3.464
1.489 1.379 1.266 1.151 1.033 0.913 0.790 0.665 0.537 0.406 0.281 0.157 0.313 0.493 0.667 0.834 0.995 1.150 1.298 1.440 1.575 1.704 1.827 1.943 1.849 1.738 1.635 1.540 1.453 1.375 1.304 1.241 1.186 1.140 1.101 1.070 1.205 1.356 1.500 1.639 1.772 1.898 2.019 2.134 2.243 2.346 2.443 2.534 2.453 2.346 2.236 2.123 2.008 1.890 1.770 1.648 1.522 1.394 1.264 1.131 1.190 1.285 1.384 1.490 1.601 1.717 1.839 1.967 2.100 2.239 2.383 2.532 2.963 3.450
1.561 1.442 1.320 1.201 1.081 0.959 0.837 0.713 0.588 0.461 0.334 0.205 0.296 0.454 0.605 0.750 0.888 1.021 1.146 1.266 1.378 1.485 1.585 1.678 1.634 1.551 1.477 1.410 1.351 1.300 1.258 1.223 1.196 1.178 1.167 1.164 1.265 1.394 1.518 1.636 1.748 1.854 1.954 2.048 2.136 2.218 2.295 2.365 2.299 2.182 2.063 1.942 1.818 1.691 1.562 1.431 1.296 1.159 1.020 0.878 0.919 1.033 1.152 1.277 1.407 1.543 1.684 1.830 1.973 2.111 2.242 2.368 2.712 3.129
1.651 1.530 1.408 1.284 1.160 1.034 0.907 0.779 0.650 0.519 0.388 0.255 0.286 0.421 0.550 0.672 0.789 0.898 1.001 1.098 1.189 1.273 1.350 1.421 1.411 1.357 1.310 1.271 1.241 1.218 1.203 1.197 1.198 1.207 1.225 1.250 1.330 1.439 1.542 1.639 1.731 1.816 1.895 1.968 2.036 2.097 2.153 2.202 2.147 2.022 1.894 1.764 1.631 1.495 1.357 1.216 1.073 0.927 0.779 0.628 0.662 0.825 0.982 1.134 1.280 1.420 1.554 1.683 1.807 1.924 2.036 2.142 2.411 2.785
1.748 1.623 1.497 1.369 1.240 1.110 0.979 0.847 0.713 0.579 0.443 0.305 0.283 0.395 0.502 0.602 0.696 0.783 0.863 0.938 1.006 1.067 1.123 1.171 1.181 1.154 1.135 1.125 1.122 1.127 1.141 1.162 1.191 1.229 1.274 1.327 1.402 1.490 1.572 1.649 1.719 1.783 1.842 1.895 1.941 1.982 2.017 2.045 1.998 1.864 1.727 1.588 1.446 1.312 1.188 1.068 0.954 0.846 0.742 0.643 0.659 0.802 0.940 1.071 1.198 1.318 1.433 1.542 1.645 1.743 1.835 1.921 2.121 2.452
1.847 1.717 1.587 1.455 1.322 1.188 1.052 0.916 0.778 0.639 0.499 0.357 0.286 0.377 0.461 0.538 0.609 0.674 0.733 0.785 0.830 0.869 0.902 0.928 0.942 0.943 0.953 0.970 0.995 1.029 1.070 1.119 1.177 1.242 1.315 1.397 1.479 1.547 1.608 1.664 1.714 1.757 1.795 1.827 1.853 1.873 1.880 1.884 1.844 1.712 1.585 1.463 1.346 1.235 1.128 1.027 0.931 0.840 0.754 0.673 0.662 0.785 0.903 1.015 1.121 1.222 1.317 1.406 1.490 1.567 1.640 1.706 1.844 2.132
1.947 1.813 1.678 1.542 1.405 1.266 1.127 0.986 0.844 0.701 0.556 0.411 0.297 0.365 0.426 0.482 0.530 0.573 0.609 0.638 0.661 0.678 0.689 0.693 0.695 0.724 0.762 0.807 0.860 0.922 0.991 1.068 1.154 1.247 1.348 1.457 1.563 1.610 1.650 1.660 1.665 1.670 1.675 1.679 1.682 1.686 1.688 1.691 1.672 1.558 1.449 1.345 1.246 1.153 1.064 0.980 0.902 0.829 0.761 0.698 0.670 0.773 0.871 0.964 1.050 1.131 1.206 1.276 1.339 1.398 1.450 1.497 1.579 1.824
2.045 1.910 1.771 1.630 1.489 1.346 1.202 1.057 0.911 0.764 0.615 0.465 0.314 0.360 0.399 0.432 0.458 0.478 0.492 0.499 0.500 0.494 0.482 0.464 0.440 0.497 0.563 0.636 0.717 0.807 0.904 1.009 1.108 1.203 1.294 1.382 1.464 1.469 1.474 1.478 1.482 1.486 1.489 1.492 1.494 1.496 1.498 1.499 1.496 1.400 1.308 1.222 1.141 1.065 0.995 0.929 0.868 0.813 0.763 0.718 0.683 0.767 0.845 0.918 0.985 1.046 1.101 1.151 1.195 1.233 1.266 1.293 1.326 1.528
2.116 2.008 1.864 1.720 1.574 1.427 1.279 1.130 0.980 0.828 0.675 0.521 0.366 0.362 0.378 0.389 0.393 0.390 0.382 0.366 0.345 0.317 0.283 0.242 0.200 0.294 0.401 0.505 0.606 0.703 0.796 0.886 0.972 1.054 1.133 1.208 1.280 1.291 1.295 1.298 1.300 1.303 1.304 1.306 1.307 1.307 1.307 1.307 1.306 1.236 1.163 1.095 1.032 0.973 0.921 0.873 0.830 0.792 0.760 0.732 0.710 0.766 0.825 0.878 0.925 0.966 1.002 1.032 1.056 1.075 1.088 1.095 1.097 1.244
2.188 2.107 1.960 1.811 1.661 1.510 1.357 1.204 1.049 0.893 0.736 0.578 0.419 0.370 0.365 0.353 0.334 0.319 0.319 0.312 0.300 0.281 0.257 0.227 0.191 0.250 0.345 0.436 0.524 0.609 0.689 0.766 0.840 0.910 0.976 1.038 1.097 1.114 1.116 1.118 1.119 1.120 1.120 1.120 1.120 1.119 1.118 1.116 1.114 1.068 1.013 0.962 0.917 0.877 0.841 0.811 0.786 0.767 0.752 0.742 0.738 0.771 0.810 0.843 0.870 0.892 0.908 0.918 0.923 0.922 0.915 0.903 0.885 0.971
2.259 2.208 2.056 1.903 1.749 1.593 1.437 1.279 1.120 0.960 0.817 0.688 0.549 0.488 0.490 0.487 0.477 0.462 0.441 0.413 0.380 0.341 0.296 0.244 0.187 0.210 0.292 0.371 0.446 0.518 0.586 0.651 0.712 0.769 0.823 0.873 0.919 0.937 0.938 0.938 0.938 0.938 0.937 0.935 0.934 0.931 0.929 0.926 0.922 0.895 0.858 0.825 0.797 0.775 0.758 0.745 0.738 0.736 0.739 0.747 0.760 0.782 0.800 0.814 0.821 0.823 0.819 0.810 0.795 0.774 0.748 0.716 0.678 0.711
2.331 2.309 2.153 2.038 1.940 1.834 1.718 1.593 1.459 1.316 1.164 1.003 0.833 0.721 0.702 0.678 0.647 0.611 0.569 0.521 0.466 0.406 0.340 0.268 0.190 0.173 0.243 0.310 0.372 0.431 0.487 0.539 0.587 0.632 0.673 0.711 0.745 0.761 0.761 0.760 0.758 0.756 0.754 0.751 0.748 0.744 0.740 0.736 0.731 0.717 0.698 0.683 0.673 0.668 0.669 0.674 0.685 0.700 0.721 0.747 0.778 0.797 0.796 0.790 0.778 0.760 0.737 0.707 0.677 0.650 0.623 0.595 0.568 0.601
2.777 2.849 2.738 2.617 2.488 2.349 2.202 2.045 1.879 1.705 1.521 1.328 1.126 0.959 0.920 0.875 0.824 0.766 0.703 0.634 0.559 0.478 0.391 0.298 0.199 0.141 0.198 0.252 0.302 0.349 0.392 0.431 0.467 0.499 0.528 0.553 0.574 0.586 0.584 0.582 0.579 0.575 0.572 0.568 0.563 0.558 0.553 0.547 0.541 0.535 0.533 0.536 0.544 0.557 0.575 0.598 0.627 0.660 0.699 0.742 0.791 0.814 0.789 0.763 0.737 0.710 0.683 0.656 0.628 0.601 0.572 0.544 0.515 0.535
3.413 3.502 3.358 3.206 3.045 2.874 2.695 2.506 2.309 2.102 1.887 1.662 1.428 1.204 1.144 1.078 1.006 0.928 0.844 0.754 0.658 0.556 0.448 0.335 0.215 0.112 0.157 0.198 0.236 0.270 0.300 0.327 0.350 0.370 0.386 0.398 0.407 0.411 0.408 0.404 0.400 0.395 0.390 0.385 0.379 0.373 0.366 0.359 0.351 0.348 0.363 0.384 0.410 0.440 0.489 0.545 0.596 0.643 0.686 0.724 0.758 0.775 0.748 0.721 0.693 0.666 0.638 0.609 0.581 0.552 0.522 0.492 0.462 0.467
4.052 4.140 3.988 3.804 3.611 3.409 3.197 2.977 2.748 2.509 2.262 2.006 1.740 1.466 1.374 1.287 1.194 1.095 0.990 0.880 0.763 0.640 0.512 0.377 0.237 0.090 0.119 0.148 0.173 0.195 0.213 0.227 0.238 0.245 0.248 0.248 0.244 0.237 0.232 0.227 0.222 0.216 0.209 0.202 0.195 0.188 0.180 0.208 0.247 0.281 0.343 0.401 0.455 0.504 0.549 0.589 0.625 0.657 0.684 0.707 0.725 0.735 0.708 0.679 0.651 0.622 0.593 0.563 0.533 0.503 0.472 0.441 0.410 0.397
