DATA/RAW-RASTER/ECMWF/20170628/EN-8/20170629.en-8.asc
ncols			31
nrows			16
xllcorner		69.5
yllcorner		19.5
cellsize		1.0
NODATA_value	-99999
1.23787 15.77759 26.13258 22.54868 16.09802 10.09750 7.24983 7.38907 4.33731 2.00653 7.24602 9.53102 14.13155 7.69806 10.12802 9.89151 5.14030 5.47981 8.67462 8.39615 8.23402 13.25417 4.21906 2.80380 1.13487 1.17111 0.00000 0.00000 0.00000 0.03242 1.94550
0.33569 2.02751 2.65503 26.43013 12.31194 18.07213 15.57159 13.90457 13.05962 5.49316 3.96156 7.99561 11.54518 10.03075 13.38387 18.67485 11.95908 4.71115 3.77655 2.85339 5.61333 7.43675 6.92940 4.63676 0.78392 1.16158 0.99945 1.13678 0.16975 0.14877 0.70763
3.02124 3.00217 0.27084 5.27573 29.00124 44.55185 35.84480 25.04730 7.56645 2.42424 0.34332 1.37329 2.16103 3.68500 5.13077 8.44574 7.66945 6.38008 6.95038 6.92749 7.84683 6.96754 1.57928 3.40080 7.08580 7.38716 7.78389 0.61035 0.65804 1.05286 0.74959
0.64087 0.67711 5.55038 15.68985 114.48097 77.85225 119.04144 15.12527 13.29803 1.17493 1.97792 1.49727 0.33379 1.04332 1.31035 2.92015 6.67000 9.28497 11.48605 13.51929 9.00078 3.42751 2.73895 1.72615 2.35367 4.98199 5.49698 9.56535 8.53157 6.46973 1.38664
1.33705 1.33896 14.25934 13.23318 32.75490 32.59659 39.81400 12.86316 2.88391 4.44603 0.32234 1.68228 1.79863 0.92506 1.65939 1.26076 2.59018 2.00272 7.98225 10.04219 7.64465 5.60188 5.28908 4.51660 3.46375 4.51088 6.20651 7.29752 15.16151 17.69638 12.19177
1.26076 0.56839 46.41533 32.65762 45.69244 35.65025 12.21657 41.30173 27.79579 22.96638 11.52420 6.36101 5.17082 1.52588 4.67682 1.07956 2.24113 7.13158 2.72942 12.13646 12.42256 11.77597 11.13319 15.99693 13.05389 15.28168 11.35063 8.33511 15.50674 19.28139 10.24818
0.19264 2.10381 11.23428 16.53099 20.92934 24.59908 15.45906 9.84955 22.09663 37.75978 36.81374 16.44897 25.24567 6.16455 0.48447 1.22643 2.44141 1.65749 3.29399 7.49397 6.67191 13.49068 8.98552 17.78793 21.07048 114.60495 49.82185 21.03996 11.08360 18.08357 16.42227
0.39482 1.71471 15.07950 3.75938 10.45609 3.58009 12.52174 31.81458 22.73750 13.01384 13.06152 18.97049 6.11305 26.95084 19.48547 30.01976 15.49339 0.54932 0.57220 2.68173 12.11548 17.80128 4.63104 42.57011 39.36195 58.09784 33.88214 32.00912 98.94180 32.27997 13.84926
1.62125 2.85149 13.09586 2.26974 1.80435 5.82314 5.60188 2.97546 13.96370 14.57405 14.85252 21.48438 24.31679 24.98817 11.65962 41.62025 12.93945 11.83510 33.92601 115.37743 121.82426 69.00215 24.84322 39.28947 24.27101 6.61469 13.47923 101.76277 59.02290 13.29613 5.81551
9.21822 9.31549 2.62260 0.95749 1.30463 2.67029 2.79427 0.94795 0.52452 3.99971 5.36728 29.67453 12.15172 27.34184 31.10886 11.31630 30.81131 9.17625 9.87053 2.86293 1.21307 2.52342 16.48903 10.49614 3.92532 14.74953 11.74927 16.64543 19.75250 13.05580 10.75745
20.61462 22.68600 6.23512 2.23541 0.57220 0.70763 2.24304 4.65775 1.13869 3.95393 4.63676 19.32144 23.47565 8.45528 19.93370 17.11082 8.56590 3.47137 2.66266 1.09482 3.11852 1.74713 3.72314 1.20163 17.51518 9.56726 3.86810 7.42912 24.00780 7.97653 6.01387
41.60881 26.83830 19.04869 9.48334 4.39262 2.74467 0.97084 4.92287 3.20816 1.95694 19.80400 16.80565 27.18925 12.65907 7.89642 3.28064 2.48337 0.74768 1.16158 1.02234 2.63786 1.11580 0.37384 9.12285 21.04759 9.63974 2.48146 5.46074 5.46837 13.49640 6.17981
21.02280 9.48715 28.62167 46.20743 4.23431 2.28691 1.36185 1.86348 0.89073 1.24931 10.17761 15.90729 21.63124 24.15466 10.39505 5.34248 2.40707 2.18010 2.63977 1.36757 2.05231 2.71988 0.82588 8.99696 2.19536 1.70517 0.34332 7.56264 6.67572 9.60350 2.95258
53.67470 39.43634 4.15993 5.92613 1.31035 0.62561 1.60980 1.22070 1.38092 1.64032 7.53403 5.72968 23.63968 52.34909 60.61745 3.11852 3.87001 2.64168 3.10707 3.96919 7.04002 14.90593 1.44958 1.81961 6.48308 1.76620 1.62315 2.99454 24.65057 5.73730 16.06941
15.54489 5.26428 12.10403 11.10268 2.23351 1.13297 0.68665 2.96593 1.12343 0.70381 11.03210 9.02367 20.52689 14.79912 13.76534 8.60214 5.71823 2.91443 7.75909 8.23975 20.21408 24.30344 33.88596 6.65665 2.62833 2.66075 1.51825 1.60599 1.48010 10.40459 5.74493
12.68196 16.67023 34.58977 19.22607 3.30162 4.44031 2.90680 3.81088 2.58827 2.55775 2.96593 11.25526 12.86125 15.94925 12.28142 10.58197 9.48143 23.47755 20.87021 12.73537 4.10461 13.57269 17.79938 24.56093 23.97919 5.06020 4.92287 2.29073 1.81580 7.65038 7.86018
