DATA/RAW-RASTER/ECMWF/20170628/EN-8/20170712.en-8.asc
ncols			31
nrows			16
xllcorner		69.5
yllcorner		19.5
cellsize		1.0
NODATA_value	-99999
0.25177 1.31989 1.93024 6.60706 7.30896 1.03760 0.00000 0.00000 0.07629 0.04578 0.02289 0.56458 2.44141 0.74768 1.02234 1.29700 1.11389 0.19836 0.95367 0.57983 0.45013 0.37384 0.22125 1.62506 0.33569 0.19073 0.27466 0.53406 0.77820 0.37384 0.76294
0.03815 0.00000 1.61743 10.06317 4.98199 2.02942 0.04578 0.48828 0.00000 0.06104 1.89972 2.92969 6.94275 4.00543 1.35040 2.66266 0.59509 0.86212 0.36621 0.12207 0.08392 0.12970 0.59509 0.31281 0.42725 0.59509 1.75476 3.96729 2.35748 1.99127 1.65558
0.32806 1.58691 0.31281 4.07410 2.48718 5.17273 2.51007 0.01526 0.62561 0.03815 10.11658 15.32745 7.61414 10.48279 3.89862 1.45721 0.86212 0.65613 0.12970 0.16022 0.00000 0.00000 0.06866 1.51825 1.67847 2.89154 4.82178 3.63922 4.76837 3.57056 4.74548
0.09918 0.00000 0.03815 0.61035 0.77057 0.74005 7.60651 23.40698 1.52588 4.43268 10.08606 2.36511 4.20380 7.83539 2.60925 0.32043 0.40436 0.54932 0.03815 0.03052 0.00000 0.21362 1.01471 2.67792 6.55365 4.44031 2.90680 4.21906 6.40869 9.33838 11.17706
0.29755 0.00000 0.00000 0.00000 0.05341 0.70953 7.61414 6.33240 4.59290 5.61523 0.64087 5.76019 8.23975 2.33459 1.99890 2.72369 0.98419 0.28992 0.47302 2.51007 3.60870 5.08881 6.15692 12.59613 6.46210 9.07135 13.55743 21.87347 22.28546 22.36938 25.48981
0.02289 0.00000 0.00000 0.00000 0.01526 0.18311 2.50244 32.09686 18.40210 25.41351 7.82776 7.99561 4.93622 3.82233 4.69208 2.35748 0.97656 1.44196 7.22504 7.53784 5.34058 4.59290 8.11768 8.08716 13.73291 7.23267 1.34277 6.70624 18.82172 20.22552 8.38470
0.02289 0.00000 0.00763 0.27466 0.00763 0.20599 4.93622 45.60852 90.27863 48.15674 18.58521 13.80920 6.12640 7.17926 4.36401 7.26318 8.91113 11.88660 10.04791 5.66101 7.16400 11.79504 12.19940 1.74713 5.04303 2.53296 5.05829 10.87952 12.91656 1.69373 2.90680
0.07629 0.69427 0.21362 0.44250 0.79346 0.17548 1.09100 15.21301 33.08868 19.01245 28.51868 17.63153 6.78253 11.19995 12.46643 3.51715 3.41034 1.97601 1.01471 0.96893 7.62939 0.93079 5.80597 13.09967 2.59399 5.72205 8.55255 19.59229 5.95093 13.78632 3.00598
0.28992 0.28992 1.87683 0.22125 0.64087 0.93079 1.25885 0.38910 1.39618 12.39014 14.80865 6.33240 5.20325 4.65393 10.51331 2.74658 3.62396 4.41742 5.53131 22.94159 4.39453 4.21906 3.48663 1.66321 2.79999 4.11987 0.91553 20.23315 14.88495 12.45880 1.88446
0.22888 0.32043 0.82397 0.08392 0.19836 2.70081 2.61688 2.40326 3.73840 9.70459 16.39557 12.77924 12.15363 18.74542 8.55255 10.49042 8.70514 3.05939 1.10626 1.10626 0.86212 0.58746 1.12915 1.02997 1.40381 1.50299 1.27411 13.14545 3.42560 4.57764 10.31494
0.00000 0.18311 0.32806 0.43488 5.05829 3.89862 4.08936 2.79999 5.36346 8.34656 16.20483 22.57538 13.40485 14.56451 16.47949 9.98688 3.70026 1.28174 3.82233 10.36835 1.43433 0.61035 0.45776 0.02289 0.39673 0.86212 1.64795 4.59290 5.92804 11.42883 7.04193
0.00000 0.02289 0.25177 3.81470 2.93732 2.54822 2.88391 1.96075 2.69318 7.23267 6.29425 19.19556 21.56067 11.45172 7.21741 12.84790 10.33783 2.07520 1.57928 0.74005 0.81635 0.69427 0.39673 0.41199 2.58636 0.35858 0.47302 0.68665 13.71002 17.73834 15.36560
0.16785 0.17548 0.61035 2.96021 3.60870 1.99127 10.01740 3.16620 0.73242 5.55420 4.41742 8.37708 20.30182 30.93719 20.11108 25.81787 6.37817 3.65448 1.34277 0.57983 0.38910 1.09863 0.35095 0.01526 5.57709 1.03760 1.22833 10.97870 13.83209 17.14325 7.49969
1.02234 0.87738 0.86975 4.11224 3.06702 9.20105 2.15149 4.98199 7.15637 3.20435 8.58307 27.48871 49.98016 56.08368 28.09143 18.82172 3.64685 11.56616 4.32587 4.99725 1.46484 0.85449 0.99945 5.63812 8.92639 0.28229 0.85449 16.40320 19.02771 24.27673 25.09308
3.44849 1.86920 3.28064 4.60052 5.54657 14.74762 10.83374 1.60980 4.09698 5.17273 19.49310 9.19342 23.84186 38.61237 30.16663 32.98187 16.26587 15.60211 7.16400 8.42285 7.50732 9.77325 0.54169 0.48828 4.82178 2.02179 0.45776 1.73950 3.31116 15.97595 8.95691
4.03595 2.35748 7.56073 16.79993 1.38092 6.90460 10.25391 6.32477 2.82288 4.17328 30.29633 22.08710 18.98956 13.58795 14.97650 10.95581 21.85059 9.82666 5.34058 5.24139 7.01141 3.90625 12.57324 13.66425 3.29590 2.64740 0.97656 1.22070 2.98309 3.18909 8.81195
