DATA/RAW-RASTER/ECMWF/20170628/EN-8/20170628.en-8.asc
ncols			31
nrows			16
xllcorner		69.5
yllcorner		19.5
cellsize		1.0
NODATA_value	-99999
6.22177 13.26180 12.34055 12.83646 11.55663 9.51004 11.04164 6.51169 1.51825 0.00000 1.99890 6.90079 7.29370 7.43675 2.12479 5.85747 1.17302 0.46539 1.31798 5.44930 3.97873 2.31552 2.25067 0.28229 0.74577 0.71144 0.68283 1.81961 2.19154 2.76184 6.48689
2.74658 3.42941 11.93237 7.85828 8.04329 15.88058 9.41849 1.77765 3.57628 1.96838 1.48392 2.30217 5.13458 5.98145 7.04956 5.38254 1.95122 3.80516 6.03485 6.21605 8.15201 8.24547 6.22368 3.31497 3.33405 1.72615 0.36430 0.53024 4.41360 0.92506 1.35994
32.32193 25.81787 25.05112 10.12802 16.87622 26.30234 16.55769 5.72586 3.60870 2.25258 0.32043 1.09863 1.43433 4.37927 2.36702 4.76646 8.97598 6.40488 7.88116 2.79617 4.05312 9.46999 2.39754 8.64220 4.36783 2.14386 3.62015 2.30217 0.63324 1.79672 0.93079
17.12990 14.79721 19.27185 26.38245 28.34892 23.25630 7.97653 16.17432 9.76181 0.58746 1.29128 0.32043 2.52533 6.94847 3.56293 7.29561 5.14412 8.82149 13.83400 12.60185 11.74164 8.26073 9.82285 7.98607 5.72777 1.71471 5.35583 0.93651 4.06075 0.82970 3.78418
48.01941 18.97240 18.23235 40.40337 18.39256 40.87448 21.79527 16.31355 10.90240 7.11823 0.31281 2.06757 1.67274 0.62370 0.51689 8.00514 1.33133 7.80678 7.69424 7.49016 11.89423 17.85088 6.74057 3.37410 4.51088 3.25203 3.93867 4.73595 6.23322 2.94304 9.28307
10.30540 56.71310 18.00728 38.45787 35.61211 37.66441 39.17122 43.77556 11.30295 10.10704 11.33728 3.52478 1.76239 0.94986 2.63596 2.67220 4.97627 4.47083 4.87900 4.64821 6.94275 9.43375 14.07051 10.65063 10.80894 10.58388 2.39563 4.53186 7.51495 7.97081 9.61304
3.50571 25.13313 48.78616 12.85934 42.22107 7.50351 8.16154 36.07559 26.33286 18.51845 8.21495 8.86917 32.86743 7.82967 0.41199 1.53351 1.72997 1.01471 5.31578 6.16646 4.52614 4.81796 9.79996 5.72968 18.03970 25.85602 11.02066 6.42014 3.59154 5.11932 7.57217
9.53674 20.05768 20.15495 2.41470 15.48767 15.77568 15.79857 36.32736 47.12868 11.58524 9.41086 6.86646 0.40627 6.86455 43.26248 23.66829 4.30489 0.75531 0.97656 1.29128 3.64304 10.86426 5.20325 40.36331 27.03476 17.35497 11.22284 13.95416 86.58409 18.42308 3.37982
10.45036 46.92459 0.89645 1.91307 6.74057 2.84958 33.50639 18.89420 22.11380 35.17723 9.75418 6.38390 11.95145 6.05774 0.74768 0.99945 4.69398 13.93509 14.29939 44.15131 15.94734 13.55362 13.95416 23.66638 13.42583 20.25414 17.83371 38.23662 25.37918 11.01112 2.75993
7.01904 13.47160 6.00433 6.34193 1.16730 3.75938 4.86755 4.91142 8.45528 8.30841 38.43689 16.35742 11.64055 7.83348 1.68419 1.12343 1.62697 9.42612 10.13947 9.89914 18.07022 18.68820 17.67159 7.36427 11.56807 12.95471 19.61327 13.30376 11.84654 3.54767 4.99916
0.92697 1.81770 2.05803 0.33188 0.55885 3.06892 0.85068 6.62613 16.75797 8.56590 14.01901 17.85469 14.16969 11.29341 3.36456 5.24139 1.90353 2.51579 3.82996 4.46892 9.60732 33.29659 25.57945 43.95103 10.24628 15.75851 15.42473 17.91191 9.99641 13.37814 2.62260
6.01006 1.65558 1.41335 2.29454 3.29971 3.05939 3.02696 1.53351 7.29942 26.85738 6.69861 7.59125 10.03647 13.02147 7.97844 1.44958 4.56619 2.45094 3.25584 12.43210 2.38037 3.87764 1.28365 14.49585 19.00673 21.57974 7.99751 15.79475 11.53183 12.11166 7.87544
3.08037 2.26593 1.71280 2.84195 8.11577 2.08473 0.47684 0.44441 2.84386 16.41655 13.86642 19.44160 22.84241 6.86455 6.62994 10.95581 9.70650 2.18773 14.41193 18.30673 16.71600 6.37436 4.34685 12.65907 11.94191 5.77736 6.39915 18.25905 26.11351 10.27298 13.54218
10.76508 5.35774 1.62315 4.80652 4.09126 0.29945 0.00000 0.32043 1.07765 6.33049 18.20374 23.66447 12.97951 21.03233 26.98517 13.21030 24.63913 14.17923 12.77924 9.31740 4.01688 5.62859 4.85992 11.51657 13.71193 5.53703 7.17163 20.92934 10.89859 15.56015 25.78163
8.30460 10.99586 28.53012 28.82385 13.28278 7.89452 0.28229 0.88501 8.80432 2.84767 3.41606 3.20053 9.92393 19.51790 22.07947 14.38141 18.95523 16.59966 9.41849 8.26454 3.33023 6.06346 5.38635 3.25584 0.84686 0.26321 0.90599 4.16183 16.88766 10.14709 13.73291
21.68846 34.85870 34.53445 43.73741 7.73621 24.16229 5.49126 7.19452 5.66864 2.94304 3.32642 1.75285 1.19591 4.31061 9.51576 16.42799 16.79039 16.03699 7.70187 4.83322 3.47137 8.18634 9.54628 10.38551 16.55006 2.25449 2.05231 4.74167 6.75583 4.66156 7.49397
