DATA/RAW-RASTER/ECMWF/20170628/EN-8/20170711.en-8.asc
ncols			31
nrows			16
xllcorner		69.5
yllcorner		19.5
cellsize		1.0
NODATA_value	-99999
0.03815 3.34167 2.97546 3.23486 0.38147 0.02289 0.00000 0.00000 0.07629 0.60272 0.32806 0.14496 0.93079 0.89264 0.14496 0.00000 0.00000 0.03052 0.21362 1.36566 0.14496 0.01526 0.00000 0.00000 0.00000 0.00763 0.00763 0.01526 0.32806 0.41962 0.61798
0.23651 0.29755 18.28003 13.80920 3.01361 0.07629 0.00000 0.17548 0.02289 0.22125 1.35803 0.20599 1.06812 0.21362 1.01471 0.07629 0.04578 0.12970 0.05341 0.24414 0.13733 0.04578 0.29755 0.16022 0.49591 1.09100 1.13678 1.93024 2.79236 4.28009 4.14276
0.05341 0.38147 1.04523 5.24902 1.74713 14.84680 1.44196 0.00000 0.82397 0.19836 5.59998 0.48828 0.79346 0.28992 0.18311 0.20599 0.22125 0.10681 0.12207 0.36621 1.20544 2.66266 6.38580 13.53455 16.22772 14.65607 11.10077 13.89313 17.86041 15.10620 11.37543
0.58746 0.00000 0.01526 0.70953 3.10516 4.32587 6.24847 29.44183 0.00000 4.02069 6.44684 5.28717 6.33240 0.83923 2.31171 0.80872 0.57983 5.40161 1.60217 3.66211 1.10626 1.28937 21.55304 9.61304 11.86371 7.65228 4.45557 5.90515 9.14001 12.89368 12.16125
0.46539 0.00000 0.00000 0.00000 0.75531 1.40381 4.59290 9.65118 12.04681 20.10345 12.26807 3.69263 6.72913 5.38635 5.88989 3.92914 4.32587 2.76947 2.16675 1.57928 7.37000 14.40430 10.20050 2.15149 1.34277 2.03705 2.17438 22.54486 7.50732 16.21246 18.05878
0.13733 0.00000 0.00000 0.00000 0.12207 1.12915 7.33185 8.10242 69.55719 29.47998 9.50623 4.05884 4.73022 10.76508 13.25226 3.57056 11.54327 11.73401 7.18689 10.65063 5.05066 6.48499 1.77765 1.56403 0.37384 8.06427 1.35040 3.66974 6.01196 5.95093 11.55853
0.00000 0.05341 0.00763 0.10681 0.26703 0.60272 0.87738 0.74005 7.64465 5.72968 60.43243 41.54968 8.81195 14.03046 5.84412 9.70459 17.03644 12.04681 16.69312 10.76508 7.91931 7.92694 1.90735 0.44250 0.98419 6.31714 4.49371 15.07568 10.43701 1.02997 2.51007
0.00000 0.03815 0.06866 0.07629 0.22125 0.57983 1.17493 1.00708 1.86157 1.27411 2.30408 20.42389 3.34930 18.44788 31.17371 10.62775 54.48151 2.96783 2.11334 2.53296 14.64844 6.27136 3.20435 4.35638 2.89154 15.83862 14.90784 21.30127 10.00214 8.53729 1.57166
0.06866 0.04578 0.45776 0.05341 0.35858 3.70026 3.19672 1.41144 1.74713 1.20544 2.64740 8.79669 18.21899 6.90460 8.33130 10.55908 5.10406 19.32526 41.38947 27.99225 14.02283 12.23755 5.18036 4.15802 19.35577 3.79944 1.85394 18.59283 33.56934 2.08282 7.82013
0.01526 0.06104 0.22888 1.43433 1.16730 0.97656 3.08228 2.57111 1.45721 1.51062 1.23596 4.42505 8.77380 18.86749 8.72040 0.70953 0.90790 8.91876 10.04028 21.89636 18.85986 8.69751 9.02557 1.28174 6.17218 2.28882 1.67847 17.46368 7.37000 3.02887 7.00378
0.35858 0.58746 0.16785 3.04413 5.79071 1.98364 2.87628 2.81525 1.28174 4.53186 1.57166 3.73077 5.04303 4.35638 13.38959 1.27411 1.54114 5.71442 4.69971 17.50946 39.37531 4.58527 5.54657 1.38092 9.20868 3.54767 0.96893 1.73950 7.73621 6.19507 1.80054
0.00000 0.10681 1.82343 20.74432 31.93665 1.37329 5.65338 2.60925 3.62396 1.55640 3.52478 1.77765 0.58746 0.97656 1.30463 1.89972 10.54382 7.01141 13.43536 2.79999 3.65448 4.88281 12.06207 36.14807 46.97418 4.73022 1.51062 0.75531 7.82013 12.96997 4.89807
0.20599 5.24902 4.39453 27.16064 11.03210 13.46588 8.24738 9.08661 12.04681 3.21198 2.40326 10.97870 0.72479 1.10626 1.09863 1.86157 3.34167 6.04248 12.39777 14.04572 3.92151 12.68005 14.05334 8.02612 24.79553 2.83813 5.32532 16.82281 5.79834 10.94818 7.40051
2.70081 12.61902 6.18744 13.13019 4.45557 20.37048 16.46423 20.34760 11.11603 8.94928 4.53949 5.85938 1.29700 1.87683 1.80817 1.67847 11.38306 3.92914 9.62067 13.05389 19.92035 8.11768 16.15143 17.08221 1.99890 3.38745 4.10461 7.33948 2.60925 8.47626 5.43976
5.16510 9.79614 8.74329 16.41846 2.22778 21.14105 13.03101 15.38849 10.64301 20.06531 16.25824 9.75800 1.57166 0.93842 2.10571 6.29425 1.38092 8.51440 12.03918 3.92914 6.69861 4.62341 1.01471 5.72205 3.98254 4.50134 3.44086 4.81415 0.52643 5.43213 17.42554
3.54767 7.34711 25.85602 16.05225 1.52588 4.84467 3.11279 10.48279 5.91278 13.74054 27.09961 17.53998 5.31769 6.27136 2.36511 7.17163 13.96179 12.34436 7.52258 3.44086 2.55585 10.91766 6.44684 2.59399 3.63159 3.09753 1.70898 2.67029 1.33514 5.68390 4.22668
