DATA/RAW-RASTER/ECMWF/20170628/EN-8/20170708.en-8.asc
ncols			31
nrows			16
xllcorner		69.5
yllcorner		19.5
cellsize		1.0
NODATA_value	-99999
0.00763 0.00000 0.00000 0.00000 0.00000 0.03815 0.59509 1.29700 1.67084 0.17548 0.53406 1.08337 2.21252 1.02234 1.24359 1.43433 1.43433 0.90790 1.15204 0.35858 4.63867 5.40161 15.44189 6.72913 6.95038 5.26428 12.44354 6.12640 2.81525 27.38953 4.71497
0.00000 0.00000 0.00000 0.02289 1.28174 0.76294 0.03052 0.28229 0.95367 0.02289 0.48065 0.06866 0.13733 0.08392 0.09918 0.19836 0.68665 0.96893 0.51117 1.31226 4.23431 2.49481 8.35419 8.24738 8.40759 12.28333 7.83539 10.94055 2.89154 10.36072 9.58252
0.00000 0.42725 0.08392 0.03052 1.30463 1.22070 0.67902 0.10681 0.03815 0.00000 0.06104 0.00000 0.00000 0.12970 0.25177 0.25940 0.41199 0.61035 0.44250 2.89154 9.63593 1.67847 5.64575 5.63049 9.49097 9.76562 6.03485 7.69806 13.03101 4.20380 7.22504
0.02289 0.92316 0.14496 0.19836 0.36621 1.23596 0.54169 3.57819 0.07629 0.04578 0.11444 0.00000 0.32806 1.80054 2.02179 0.34332 0.60272 0.45776 0.35095 0.61035 1.30463 3.99017 5.85175 1.86157 5.71442 2.49481 9.29260 9.64355 5.99670 11.94763 5.29480
3.98254 1.13678 0.54932 0.48065 0.46539 1.76239 2.47192 1.20544 9.36127 0.89264 0.00000 3.10516 3.88336 0.98419 2.09808 0.64087 1.77765 0.30518 0.24414 0.82397 1.06812 1.84631 7.94220 2.36511 0.26703 0.48828 0.31281 9.42993 5.66864 6.51550 0.82397
3.47137 0.58746 0.21362 3.34930 0.51117 2.34222 2.95258 7.83539 0.70190 2.57874 1.15967 7.57599 3.53241 2.47955 1.20544 1.79291 1.86157 1.43433 0.42725 4.23431 12.18414 15.46478 3.24249 5.23376 1.70898 1.83868 1.00708 0.83160 5.92041 1.26648 4.09698
0.00000 0.09155 1.34277 3.90625 1.74713 1.64032 0.95367 3.41034 5.92041 0.00763 0.05341 13.07678 14.87732 8.76617 0.36621 1.20544 1.73950 0.86212 0.81635 2.06757 2.08282 2.74658 6.54602 4.54712 9.14764 6.44684 3.99780 4.21906 7.17926 4.08173 13.75580
0.04578 0.16022 0.48828 2.08282 1.36566 1.67847 0.67139 9.41467 3.31116 0.81635 4.98199 6.11115 14.57977 8.54492 11.57379 22.23969 3.17383 9.56726 5.93567 2.47955 4.99725 6.81305 9.71985 13.83972 12.66479 10.17761 11.19232 12.17651 10.60486 5.70679 12.42828
0.03815 1.03760 3.58582 5.53131 2.68555 2.43378 3.86810 7.33948 3.91388 10.16235 26.64185 14.52637 15.20538 7.01904 6.85120 14.27460 5.33295 4.81415 10.04791 22.39990 21.63696 9.36127 17.27295 13.59558 10.57434 16.38031 74.39423 13.72528 5.66101 9.52911 11.48987
0.00000 0.08392 0.31281 0.54932 1.25885 1.64795 3.70026 3.34167 10.55908 25.70343 24.79553 6.44684 3.39508 4.94385 7.85828 1.14441 3.63922 8.35419 7.92694 15.54871 8.01849 3.60107 21.72852 2.34985 3.09753 15.92255 22.14813 15.57922 54.29840 6.01196 15.89966
0.01526 0.07629 0.53406 0.94604 1.35040 0.46539 2.74658 8.54492 18.21899 27.61841 44.64722 7.17163 3.61633 1.38855 7.02667 1.62506 3.99017 4.84467 3.68500 4.00543 9.24683 10.76508 14.50348 10.86426 3.16620 10.02502 10.60486 19.62280 28.88489 4.98962 7.37762
0.87738 0.18311 1.22833 2.83051 1.94550 1.19019 1.67847 6.89697 14.03809 7.74384 14.78577 11.36780 4.24957 3.13568 8.87299 2.61688 0.78583 2.94495 1.73187 8.34656 4.92859 1.31989 1.06049 8.71277 17.47894 16.09802 9.33838 14.09149 5.33295 9.26208 7.59125
0.96130 2.27356 2.17438 11.28387 4.63867 0.83160 0.79346 2.86865 2.55585 8.59833 3.65448 10.91003 2.03705 2.19727 8.62122 8.31604 6.01196 6.72150 11.39069 4.54712 6.59180 13.42773 3.00598 8.22449 16.41083 7.60651 0.21362 8.99506 16.57867 11.04736 8.53729
2.03705 2.85339 1.03760 4.55475 4.12750 2.58636 2.84576 2.63977 2.49481 2.20490 5.68390 3.79944 10.75745 8.20160 4.50897 7.56073 9.29260 9.86481 4.48608 7.49207 12.96234 15.60974 7.37000 8.80432 1.38855 0.57983 0.60272 1.12152 3.00598 6.80542 11.97815
3.24249 0.99945 0.93079 1.73187 2.98309 1.82343 5.88989 4.55475 0.61798 3.44849 11.34491 4.32587 1.19781 4.32587 0.41962 9.32312 11.99341 6.85120 6.79779 6.94275 13.03101 13.20648 21.99554 10.00977 9.71222 1.48773 4.89807 1.64795 0.55695 11.17706 18.47076
2.97546 3.54767 3.60870 13.21411 2.05994 4.21906 4.02832 12.90131 6.91223 7.98798 27.30560 63.17139 13.36670 6.61469 4.89807 13.23700 14.09912 5.40924 5.63812 7.00378 6.21796 18.72253 20.43915 16.89148 12.89368 5.74493 11.04736 5.40924 1.45721 2.62451 5.00488
