DATA/RAW-RASTER/ECMWF/20170628/EN-8/20170701.en-8.asc
ncols			31
nrows			16
xllcorner		69.5
yllcorner		19.5
cellsize		1.0
NODATA_value	-99999
0.30899 1.71661 3.15094 3.63159 2.42615 1.52206 0.32806 0.07248 0.08392 0.02670 2.09427 1.48773 2.21252 2.37656 2.89536 3.28064 3.47900 2.60544 2.02942 3.75748 3.43323 6.08063 6.19125 3.64304 1.35040 1.19019 3.72696 4.50897 7.08008 5.68390 5.94330
0.08011 0.48828 1.29700 1.54495 2.97546 0.41199 0.11444 0.37766 0.90408 1.19019 2.42233 2.90298 4.36020 2.06757 2.70462 3.76892 3.27301 9.47952 1.90353 2.89154 6.80923 5.96237 8.35037 3.35693 8.19778 2.65503 1.44577 6.27518 7.42340 6.24084 7.57217
0.51117 1.01089 0.03433 0.08011 1.32751 2.21252 2.65503 3.18146 2.42615 1.52588 0.80872 1.70898 0.99564 1.96457 3.26538 2.89154 2.96021 7.80487 8.73566 4.09317 4.10080 5.22232 6.53458 13.83209 8.95691 3.25775 5.84030 6.11877 7.11823 11.09314 9.48715
6.32858 5.32913 0.32043 0.56458 1.48773 1.69754 9.39178 6.40869 2.14767 2.59399 4.13895 3.04794 3.49426 6.87027 5.72586 3.54385 9.73892 1.71280 4.00162 2.71988 7.28989 9.69315 6.22559 4.45557 8.82339 2.84195 3.78799 3.88336 4.31442 10.74982 8.95691
1.63651 3.47519 0.00381 0.20981 3.26538 1.29700 4.56238 15.22827 36.38077 3.48663 7.95364 8.56018 2.28119 1.67847 1.38092 0.60654 0.33188 2.90298 5.89371 6.79016 3.26538 14.65607 6.93512 7.86209 7.76291 4.05502 1.60217 8.08334 3.08228 5.21088 10.94818
5.42068 11.58905 1.95312 0.20218 0.62943 0.63705 3.27682 9.04465 16.71982 15.02991 37.92953 10.19287 3.99017 1.75476 1.65939 2.32697 2.12097 1.11008 3.72696 12.35580 11.23047 17.18140 8.70514 12.90894 20.58411 25.29526 14.25171 2.17438 2.09808 2.63596 3.67737
0.01526 1.15204 0.11826 0.14496 0.95367 0.70190 3.88336 6.52695 17.27295 13.90076 20.64514 9.69315 30.76553 5.91278 15.07187 10.20432 4.15421 1.73187 1.47247 5.48553 4.32968 11.18469 11.28387 11.04355 16.93344 58.30002 53.33328 23.21243 3.09753 2.71606 7.88116
0.00000 0.05341 1.88446 0.88501 0.60654 1.23596 5.13840 8.00323 13.60703 7.74765 11.54327 6.18362 18.32581 158.16116 44.87991 31.25381 9.50241 4.91333 2.74277 5.77545 11.68060 22.91489 19.72961 51.07498 63.22098 105.27802 108.63113 48.69843 42.28592 19.74106 5.81360
0.00381 0.09918 0.72479 8.04520 2.33459 2.19345 4.60815 18.43643 2.92969 3.47519 2.59781 7.40433 9.57489 12.39395 34.60312 8.97217 1.87302 2.67410 6.89316 3.66592 13.32474 91.30478 183.53271 99.31946 59.04388 28.92685 33.34808 124.91608 77.58331 23.75793 7.91168
0.00000 0.00000 0.21744 2.52533 4.53186 2.41470 10.86044 6.30951 4.63486 0.35095 1.22833 3.12805 3.61252 5.81360 5.39780 10.60486 3.57437 3.05176 6.01959 9.50241 30.39551 12.84409 31.19278 14.61029 12.98523 16.19720 32.33719 21.85440 64.71634 13.90457 8.94547
0.00763 0.14496 0.64468 1.31607 0.84305 5.82123 23.93341 7.27081 1.83105 0.57983 1.13297 3.39890 2.96021 9.06372 2.56729 3.20435 1.55640 3.00598 5.47028 15.35797 11.94763 10.78796 53.63464 14.81247 23.79227 8.15964 4.53568 10.78033 33.80203 10.61630 3.58200
0.26703 0.51880 1.10245 1.44196 2.15912 21.13724 22.12524 9.60541 1.64413 1.16730 1.06812 1.43051 2.06757 3.63922 3.41415 4.35638 2.71988 5.09262 4.78363 4.58145 11.82556 3.76892 3.52859 0.90027 11.45935 0.86212 1.82343 3.73459 11.34872 9.77325 1.70517
0.65994 1.27411 2.22778 3.80325 61.93542 20.35522 128.66592 52.35672 3.94440 1.84250 0.77820 3.87573 8.06046 10.95581 9.99832 10.02121 7.27463 14.21738 4.48227 3.00598 4.32587 15.48386 3.76129 12.03156 8.85773 0.72098 1.30844 3.96729 6.33621 7.94983 1.53351
2.58255 3.33405 3.02505 10.52856 31.31104 77.54898 61.82098 8.46863 1.08337 2.24686 1.40381 4.60815 1.64032 6.45065 18.80264 13.29041 5.78308 10.45990 10.51331 10.32639 9.99069 19.73724 8.79288 23.77701 2.80762 0.77820 0.66757 0.99945 3.00217 4.11224 1.25122
4.90952 5.98907 7.62177 12.45880 133.17490 138.77487 37.56714 7.35474 0.87738 4.65012 1.27411 0.88882 2.22397 15.69748 13.48495 16.22772 7.29752 17.20428 22.68600 18.38684 20.10727 13.26370 22.90344 13.48495 2.29645 0.28610 1.90353 0.24414 0.11826 5.16129 3.96347
4.07028 18.99338 30.79987 62.34741 65.45639 37.82654 48.00415 63.48038 52.96326 29.19388 0.64468 2.06375 2.11716 5.76782 1.63269 7.79343 13.61847 98.66714 34.26743 17.49802 19.18411 10.89478 10.95200 32.66525 32.47833 4.92477 5.52750 1.19019 1.28937 0.10300 0.43869
