DATA/RAW-RASTER/ECMWF/20170628/EN-8/20170705.en-8.asc
ncols			31
nrows			16
xllcorner		69.5
yllcorner		19.5
cellsize		1.0
NODATA_value	-99999
1.06049 0.41962 3.62396 1.93787 11.61194 4.15039 3.54767 4.42505 0.72479 0.31281 1.40381 1.56403 2.31171 1.43433 1.73187 1.64032 2.25830 2.34985 2.50244 6.97327 6.66046 0.38147 1.80054 3.60870 8.87299 18.79120 21.47675 14.18304 18.92853 10.36835 3.39508
0.02289 0.48065 0.05341 4.27246 2.86865 1.10626 1.18256 0.38910 1.02997 0.19836 0.38910 0.00000 0.02289 0.67902 1.57166 1.86920 1.51062 1.51825 2.80762 2.89917 1.32751 2.73132 10.24628 6.81305 9.72748 13.32855 9.83429 10.61249 4.11987 2.42615 2.39563
0.38910 0.38910 0.57983 1.41907 0.48065 0.84686 1.15204 1.27411 0.01526 0.00000 0.00000 0.00000 0.00763 0.00000 0.50354 0.73242 1.05286 0.58746 1.71661 1.79291 3.12042 15.01465 7.07245 6.17218 4.83704 4.02832 1.09100 3.63922 5.23376 5.48553 0.88501
0.66376 2.05231 1.25122 0.23651 3.26538 1.32751 0.06866 1.73187 0.11444 0.00763 0.00000 0.01526 0.05341 1.02234 0.25177 0.35858 0.90790 4.04358 2.47192 3.47137 7.42340 11.14655 11.11603 2.05994 0.76294 0.02289 0.71716 0.44250 6.82831 12.12311 4.05121
3.96729 0.85449 0.43488 3.08228 8.49152 11.03210 1.80817 0.57220 2.76947 0.16785 0.00763 1.35040 2.60162 3.82233 5.47791 5.76019 1.14441 7.53784 12.19177 6.11115 16.08276 4.36401 2.97546 0.14496 0.14496 0.06866 0.10681 0.32806 1.87683 3.05939 5.16510
6.69861 6.90460 0.39673 1.20544 0.78583 3.34167 4.94385 6.02722 2.11334 13.38196 16.94489 24.13177 9.84192 1.54877 4.62341 6.01959 6.95038 18.85223 14.43481 7.62939 1.10626 1.81580 2.26593 5.07355 2.63214 7.94220 2.31171 0.16785 1.38855 2.08282 10.86426
0.35858 0.00000 0.00000 0.71716 0.71716 0.85449 3.61633 2.72369 3.30353 13.73291 109.68018 33.46252 7.68280 8.27026 1.01471 2.25067 3.92151 8.03375 9.15527 4.96674 1.83105 1.10626 3.46375 3.72314 9.81140 23.50616 6.44684 7.14111 1.49536 7.31659 6.82068
1.95312 0.03052 0.00763 0.00000 0.00000 1.66321 0.82397 1.87683 5.20325 1.60980 14.45770 5.62286 28.41187 34.27124 19.92798 11.24573 11.07025 3.55530 1.67084 1.35803 2.55585 8.65173 2.60925 3.74603 13.44299 36.93390 45.38727 25.27618 34.41620 4.88281 9.34601
0.00000 0.00000 0.00763 0.00763 0.01526 2.70081 5.85175 1.53351 2.30408 4.30298 18.09692 28.64838 17.19666 72.16644 5.53131 31.38733 44.99817 23.67401 10.64301 27.01569 13.97705 79.35333 9.49097 15.98358 3.27301 35.23254 17.16614 87.31079 55.78613 9.17053 7.78961
0.05341 0.22888 0.36621 0.48065 0.31281 0.00763 2.56348 2.02942 0.56458 4.45557 25.23804 27.19116 13.78632 4.46320 11.96289 11.57379 47.31750 26.48163 28.12195 35.31647 13.16071 20.65277 24.44458 60.92834 34.73663 17.60864 18.55469 5.96619 59.12781 17.19666 2.90680
0.19836 0.23651 0.37384 0.29755 0.02289 0.00763 0.07629 2.27356 2.74658 6.11877 24.94049 31.52466 14.68658 2.53296 4.60052 4.69208 3.41797 14.40430 19.66858 40.29083 17.34924 60.49347 97.93091 62.88910 24.26910 34.40094 10.65826 14.26697 33.53882 6.56891 6.00433
0.27466 0.25177 1.13678 2.25067 1.19781 0.38147 0.19836 4.00543 61.16486 138.09967 73.49396 62.01172 12.03918 4.59290 4.44794 1.88446 0.13733 0.64850 2.57111 16.92200 39.76440 31.72302 4.74548 5.85175 8.21686 11.29150 11.05499 18.45551 13.52692 3.92914 2.25830
0.74005 1.14441 0.09155 0.48065 0.90790 0.47302 0.17548 2.31171 9.74274 9.08661 13.61847 9.69696 5.79071 5.98145 1.16730 0.59509 0.16022 0.28229 2.52533 5.22614 17.91382 37.32300 11.39069 11.71112 1.93024 0.58746 1.57166 16.42609 5.65338 7.58362 2.70081
1.11389 1.47247 0.28229 2.66266 4.26483 0.56458 1.41907 3.85284 3.47137 2.23541 13.56506 2.79999 3.12042 3.04413 1.82343 1.30463 0.25177 0.84686 3.85284 22.91107 5.21088 23.90289 22.90344 18.19611 1.06049 0.06866 2.07520 2.62451 6.59180 15.41901 16.39557
2.13623 0.80109 1.93024 5.87463 3.89862 1.77002 2.70081 1.82343 1.21307 1.42670 8.04901 8.38470 5.56183 6.14166 4.75311 0.81635 0.44250 0.16022 6.58417 8.23212 12.58850 21.20209 41.82434 22.88055 0.70190 1.27411 2.54059 9.88007 12.77161 8.18634 10.41412
3.57056 3.28064 3.77655 10.26917 1.11389 3.77655 1.68610 4.65393 12.51984 4.68445 17.38739 6.59943 2.96021 7.37000 2.66266 4.69208 6.37817 1.12152 2.44904 10.08606 9.47571 18.91327 24.23096 30.23529 25.85602 1.58691 7.89642 2.17438 9.42230 2.57111 1.73950
