DATA/RAW-RASTER/ECMWF/20170628/EN-8/20170703.en-8.asc
ncols			31
nrows			16
xllcorner		69.5
yllcorner		19.5
cellsize		1.0
NODATA_value	-99999
0.12970 1.69373 1.80817 2.28882 5.53894 0.83923 0.35095 0.16022 0.24414 0.00763 0.00000 0.00000 0.02289 0.07629 0.06866 0.12207 0.23651 0.22125 2.69318 1.93787 0.79346 4.82941 11.13129 10.59723 4.52423 2.04468 1.40381 0.59509 2.39563 1.35803 0.54932
0.04578 0.57983 12.93945 1.41907 1.98364 0.45776 0.03815 0.02289 0.01526 0.00000 0.00000 0.00000 0.00763 0.12207 0.22888 0.32806 0.29755 0.08392 0.36621 2.80762 7.14874 8.53729 11.19232 8.38470 9.80377 2.82288 14.41193 14.15253 6.23322 1.83105 1.76239
11.81793 10.22339 4.37164 7.33185 5.02777 4.20380 3.95203 0.19073 0.00763 0.00763 0.00763 0.01526 0.00000 0.86212 0.65613 0.32043 0.57220 0.34332 0.30518 1.30463 0.68665 4.85229 12.09259 16.73126 4.55475 8.75854 4.72260 5.40161 9.30786 7.80487 0.38910
2.79236 17.53998 3.46375 4.39453 6.10352 7.67517 3.04413 6.62994 0.06866 0.00000 0.07629 1.47247 1.48010 1.28937 0.61035 0.03052 0.64087 0.49591 3.21198 1.98364 6.13403 11.27625 6.70624 4.37164 1.96838 0.28229 9.03320 9.42993 5.58472 2.28119 1.92261
4.31061 6.69098 9.07135 0.04578 1.28937 1.37329 1.59454 9.96399 18.92853 0.75531 0.05341 1.15967 1.37329 1.86157 0.87738 0.90790 0.83160 1.38855 7.07245 1.66321 1.39618 1.29700 7.01141 0.54932 0.57983 1.08337 0.77057 13.06915 14.55688 6.01959 8.07953
1.73950 0.03815 0.09155 0.00763 0.19073 1.24359 0.69427 9.36890 13.85498 43.03741 15.92255 5.83649 4.29535 1.74713 0.56458 0.81635 3.72314 2.43378 8.46100 11.44409 8.89587 4.55475 1.31226 0.48065 1.38092 4.85229 1.91498 0.77057 11.44409 11.43646 9.97162
0.03052 0.19836 0.02289 0.00000 0.30518 1.58691 2.35748 20.36285 18.45551 3.18909 5.30243 23.36884 27.49634 9.34601 4.70734 15.90729 12.48169 13.59558 4.33350 1.55640 2.08282 7.09534 2.14386 3.78418 5.65338 10.97870 5.20325 7.03430 6.46210 14.57977 13.09204
0.00000 0.00000 0.14496 1.23596 0.07629 0.69427 5.87463 13.45825 7.99561 3.21198 2.63977 6.13403 10.10895 69.37408 82.86285 89.72931 24.09363 10.45227 14.39667 4.25720 4.60815 7.11823 3.62396 10.99396 16.22009 17.47894 28.36609 19.44733 7.30896 10.78796 14.90784
0.22125 0.00000 0.36621 0.89264 0.09918 14.88495 15.08331 12.74872 1.57166 0.14496 0.33569 0.83923 2.69318 22.46857 16.78467 88.62305 22.22443 82.61108 41.65649 35.71320 18.40973 152.53448 59.94415 38.08594 51.36871 36.37695 35.98785 52.78778 28.12195 26.90125 6.45447
0.00000 0.00000 0.71716 0.93079 1.53351 17.02118 13.62610 11.32965 0.05341 0.20599 0.09155 0.03815 3.27301 9.77325 16.18958 26.72577 28.97644 21.11816 23.77319 28.09143 19.35577 26.58081 75.16479 64.49890 55.16815 44.36493 40.27557 25.56610 124.74823 19.37103 5.14221
0.01526 0.00000 0.42725 1.38855 8.16345 72.70813 23.43750 28.86963 0.72479 2.47192 1.41907 1.86157 2.43378 4.22668 6.64520 9.82666 17.96722 38.62000 10.41412 16.28876 23.97156 49.01886 104.79736 62.95776 14.50348 7.46155 23.48328 19.43970 66.93268 20.98083 8.51440
0.45776 0.09155 1.06812 20.56885 60.32562 37.45270 60.49347 16.48712 10.99396 2.72369 15.45715 1.70898 1.13678 0.28229 0.49591 1.15967 0.96893 1.61743 7.58362 23.62061 31.91376 49.46136 8.87299 2.53296 4.53949 7.04193 10.53619 25.49744 12.91656 29.70886 13.77869
1.57166 2.10571 2.27356 2.23541 3.89099 9.70459 9.74274 15.32745 11.18469 8.66699 8.04138 3.05176 1.86920 2.79999 2.53296 1.38855 0.49591 0.51117 2.10571 4.00543 20.01953 27.32086 11.89423 21.02661 3.50952 3.50952 6.71387 28.03802 34.40094 14.92310 16.44897
1.94550 1.41907 1.82343 2.41852 4.46320 1.12152 1.57928 2.34222 0.99945 0.32043 1.73950 2.02942 1.78528 1.09863 1.99127 1.03760 0.37384 1.88446 2.89154 1.32751 3.48663 27.24457 37.27722 45.47882 2.33459 2.29645 9.00269 22.46094 36.84235 38.87939 13.77869
3.33405 0.41199 1.38092 5.47791 3.18146 0.35095 0.81635 0.94604 0.46539 0.61798 0.90790 0.79346 0.94604 0.35858 0.27466 0.14496 0.27466 0.51117 0.45776 2.03705 4.38690 7.30133 47.93549 36.72028 3.54004 1.11389 10.39886 9.14001 8.09479 26.19171 14.11438
3.71552 4.47083 20.30945 20.33234 3.77655 6.87408 10.78033 9.20105 1.31226 0.22888 0.90027 0.79346 0.03815 0.26703 0.34332 0.16785 1.00708 0.00000 0.48065 1.56403 3.51715 3.94440 8.11768 21.53015 58.47168 2.44141 17.79938 5.02777 4.73785 5.53894 2.39563
