DATA/RAW-RASTER/ECMWF/20170628/EN-8/20170710.en-8.asc
ncols			31
nrows			16
xllcorner		69.5
yllcorner		19.5
cellsize		1.0
NODATA_value	-99999
0.35095 2.38800 1.73950 2.28882 0.00000 0.00763 0.00000 0.00000 0.01526 0.06104 0.00000 0.00000 0.00763 0.00000 0.00000 0.03815 0.22125 0.23651 1.18256 1.19019 2.31171 2.22015 1.11389 4.32587 2.57874 1.15204 1.57166 1.15204 1.16730 5.37872 12.13837
0.06104 0.06104 1.54877 2.93732 7.09534 0.01526 0.00763 0.00000 0.00000 0.00000 0.44250 0.00000 0.67139 0.16785 0.00000 0.00000 0.19836 0.23651 0.47302 0.83160 0.78583 0.60272 0.65613 1.22833 0.77057 2.10571 1.28174 0.95367 1.96075 5.95093 8.15582
0.68665 1.02997 0.28229 1.38092 2.69318 12.80212 5.13458 0.00000 0.79346 0.00763 0.99182 0.54932 0.27466 0.01526 0.00000 0.54169 0.52643 0.22125 0.66376 2.44141 6.53076 13.52692 5.54657 8.05664 14.96887 16.24298 16.92963 12.98523 10.45227 8.13293 13.12256
0.59509 0.01526 0.19836 0.20599 1.32751 6.83594 15.09094 12.60376 0.01526 2.35748 1.56403 0.70190 1.26648 1.94550 4.92096 1.34277 4.05884 8.07953 21.72089 15.71655 11.32965 11.89423 7.42340 11.91711 2.89917 6.20270 9.78088 6.64520 9.14001 8.78906 8.59833
3.32642 0.00763 0.00000 0.00000 1.89209 1.75476 4.49371 14.66370 8.72040 2.26593 3.48663 6.33240 11.05499 20.65277 7.34711 8.05664 17.05170 15.44189 6.91223 7.10297 5.76782 6.79016 5.65338 0.10681 0.45013 0.90790 0.51880 1.51825 0.94604 0.70190 0.58746
0.46539 0.00000 0.00000 0.00763 0.12207 0.66376 3.51715 3.85284 21.33942 48.07281 48.08807 23.43750 19.56940 9.84192 4.92859 2.76184 17.04407 7.69043 6.11877 5.75256 8.42285 2.75421 1.39618 0.22888 0.29755 8.15582 1.02234 0.82397 0.83160 0.25940 0.50354
0.19836 0.00000 0.00000 0.00000 0.06104 0.90790 0.32043 2.05231 2.79999 10.35309 34.57642 25.82550 15.86914 8.00323 10.52856 6.90460 9.42993 9.85718 6.28662 0.68665 11.77979 1.43433 0.83923 0.51117 1.64795 0.82397 7.78198 2.81525 1.13678 0.44250 0.85449
0.00000 0.00000 0.00000 0.21362 4.09698 4.71497 4.93622 1.36566 0.95367 2.25830 3.47137 3.78418 6.25610 7.41577 19.54651 33.71429 7.27081 9.38416 6.02722 2.58636 8.41522 7.75146 8.20923 3.21960 1.96075 2.38037 4.08173 3.50952 6.64520 1.44958 1.12915
0.05341 0.08392 0.06866 3.98254 4.69208 17.55524 9.20105 1.96838 0.75531 2.12860 5.91278 9.26208 0.99182 2.92969 12.05444 13.38196 9.70459 4.73022 17.11273 5.23376 2.50244 6.23322 12.86316 9.80377 0.73242 1.23596 2.00653 14.35852 7.25555 0.39673 2.36511
0.06866 0.12970 0.25940 6.19507 16.46423 10.37598 8.11768 4.41742 2.18201 2.71606 5.98907 8.34656 6.69861 3.83759 1.84631 0.95367 0.76294 1.43433 1.92261 1.36566 0.53406 1.12915 3.99780 4.41742 6.90460 9.29260 9.24683 3.37219 7.82776 4.69208 8.04138
0.00000 0.01526 0.48828 9.00269 67.64221 28.35083 6.46210 2.88391 2.61688 2.16675 1.68610 4.42505 8.26263 2.70081 0.74005 1.82343 1.04523 1.17493 1.86920 1.54114 1.25885 5.07355 3.68500 17.02881 15.06805 3.28064 8.20923 10.42938 9.10950 3.37219 2.98309
0.00763 0.00000 1.70898 5.28717 6.85120 7.23267 12.87079 3.36456 3.99780 3.82996 5.85175 4.73022 8.22449 1.79291 0.41962 1.30463 1.05286 1.09863 1.32751 1.36566 2.04468 3.72314 9.96399 33.18787 26.90125 28.84674 16.67023 13.29803 6.76727 12.38251 17.47131
0.17548 1.18256 4.47083 6.62994 11.52039 1.19781 5.29480 7.24030 11.13892 6.75964 8.14819 10.54382 10.65063 3.45612 0.94604 1.15204 0.91553 0.98419 1.06049 1.94550 2.83813 8.94165 15.13672 30.73883 39.35242 27.00043 30.06744 56.24390 26.24512 13.93127 12.10022
1.33514 2.10571 5.08881 6.10352 5.08881 5.45502 5.72968 12.16125 14.32800 9.38416 17.95959 12.93945 9.52148 12.60376 3.59344 1.07574 1.04523 1.75476 2.87628 3.48663 1.96838 4.57764 8.89587 15.78522 26.82495 5.37109 9.70459 35.41565 58.60138 42.25922 13.50403
2.29645 5.18799 5.47791 14.93835 3.16620 6.93512 23.81897 8.41522 8.53729 23.33069 26.30615 19.34052 7.63702 2.54822 4.79889 1.32751 2.61688 3.87573 2.02942 2.51007 2.65503 2.63214 4.35638 11.82556 22.76611 3.47900 13.70239 27.54974 44.60144 36.48376 28.51105
1.81580 6.48499 15.86151 20.40863 1.84631 4.31824 8.10242 12.31384 24.88708 11.77979 25.45166 22.31598 12.29858 2.62451 2.00653 1.36566 9.72748 6.95801 4.01306 3.77655 2.41852 3.43323 8.17108 9.89532 4.58527 1.51825 1.08337 5.73730 10.16998 20.46204 28.38135
