DATA/RAW-RASTER/ECMWF/20170628/EN-8/20170706.en-8.asc
ncols			31
nrows			16
xllcorner		69.5
yllcorner		19.5
cellsize		1.0
NODATA_value	-99999
1.72424 3.04413 2.57111 1.24359 4.16565 3.76129 3.76129 0.89264 0.12970 0.00000 0.00000 0.15259 0.40436 0.09155 0.85449 0.50354 0.16785 0.00763 1.59454 0.89264 4.29535 7.85828 8.63647 4.83704 14.60266 8.11768 5.24902 3.18909 2.12860 4.27246 3.34167
0.53406 6.50024 11.74164 1.59454 3.69263 0.50354 0.27466 0.06104 0.19836 0.06104 0.19073 0.00763 0.00000 0.00000 0.01526 0.00763 0.00000 0.00000 0.56458 8.39233 12.62665 3.50189 13.45062 6.65283 11.19232 7.55310 7.31659 6.35529 13.85498 9.59778 6.46973
6.74438 2.60925 0.30518 5.05066 2.94495 2.05994 1.35040 0.64087 0.03052 0.00000 0.13733 0.00000 0.00000 0.00000 0.00000 0.00763 0.31281 2.47192 2.54822 10.41412 3.47900 7.96509 3.77655 3.66211 4.13513 3.99017 1.14441 3.14331 9.25446 3.08228 8.00323
0.75531 8.13293 9.08661 3.08990 1.68610 0.68665 1.40381 0.46539 0.07629 0.01526 0.00000 0.00000 0.00000 0.15259 0.81635 0.60272 4.18854 11.00159 1.55640 8.80432 10.33783 9.78088 6.11115 1.80054 0.86975 0.00000 0.57220 0.62561 1.12915 6.94275 8.46863
5.63812 0.25177 0.66376 5.27954 6.02722 2.95258 0.46539 0.03052 0.26703 0.31281 0.01526 0.07629 0.16785 6.31714 5.20325 7.67517 6.06537 9.44519 1.37329 5.65338 6.65283 1.26648 0.61035 0.28229 0.17548 0.32806 0.12207 0.84686 1.70135 3.18909 15.59448
3.36456 0.16022 0.11444 0.04578 0.86212 0.74005 2.73895 2.86865 0.83160 1.48773 5.45502 1.37329 6.77490 9.50623 8.14056 4.83704 6.50024 6.50024 10.81085 3.95203 2.69318 1.21307 0.23651 1.44196 1.20544 4.87518 1.31226 0.74005 1.55640 5.43976 6.43921
0.05341 0.00000 0.65613 0.68665 0.01526 0.00763 0.00763 2.39563 2.76947 2.03705 6.46973 9.03320 24.89471 14.97650 1.93024 3.45612 10.30731 8.11768 6.43158 13.54980 3.57819 0.07629 0.39673 2.07520 4.80652 9.54437 8.00323 3.64685 4.27246 2.39563 4.02832
0.04578 0.00763 0.58746 0.09155 0.14496 0.08392 0.20599 0.23651 3.17383 2.39563 2.46429 26.37482 93.99414 44.89899 14.08386 14.74762 15.82336 7.38525 4.15802 2.31171 2.07520 4.56238 3.73077 14.80103 9.96399 39.16168 17.45605 11.94000 14.76288 1.77002 4.68445
0.00763 0.00000 0.18311 0.16022 0.48828 0.00000 0.00763 0.07629 0.24414 2.85339 5.76019 19.57703 8.12531 35.82001 19.49310 5.24902 10.74219 95.36743 31.62384 17.08221 13.37433 46.92841 30.75409 4.17328 1.39618 1.00708 12.35199 25.25330 26.48926 4.60815 0.74005
0.00000 0.02289 0.06866 1.03760 0.55695 0.00000 0.00000 0.00000 0.16785 1.99127 14.06860 24.59717 55.52673 12.57324 20.17975 19.34814 18.14270 11.63483 35.07996 7.55310 5.88989 7.80487 41.15295 3.75366 5.25665 10.38361 9.72748 9.46808 60.73761 2.14386 0.54169
0.12970 0.07629 0.41962 1.01471 0.16022 0.12970 0.03052 0.03052 0.61035 2.76184 1.64795 15.56396 102.84424 15.06805 32.18079 14.89258 13.61847 11.42883 7.16400 6.11877 18.89801 26.50452 32.22656 13.72528 4.96674 20.46967 7.20978 9.54437 14.66370 5.48553 1.12915
0.09918 0.08392 0.23651 2.74658 0.84686 1.34277 0.09918 0.13733 0.13733 0.21362 6.27899 5.02014 6.17218 12.31384 44.17419 7.91168 2.41852 3.76892 1.90735 2.11334 16.63208 5.11169 1.98364 3.95966 23.94867 5.96619 3.71552 6.25610 2.21252 2.44141 1.02997
0.32043 1.59454 0.26703 0.48065 1.77765 2.94495 0.51117 1.76239 2.12860 1.83868 2.35748 9.10950 12.56561 60.68420 2.55585 1.80054 0.61798 2.47192 7.23267 13.72528 23.68927 9.18579 3.04413 6.84357 31.95953 3.63159 1.74713 14.69421 2.94495 2.12097 0.84686
1.81580 2.22778 0.38910 3.26538 5.40161 0.06104 1.37329 0.63324 1.02997 1.41907 2.00653 4.47083 7.94220 9.83429 10.91766 1.64032 1.21307 3.00598 6.51550 13.67188 14.19067 12.02393 2.35748 11.92474 8.68988 0.16785 1.18256 0.72479 1.60217 1.77765 1.99127
2.85339 1.10626 1.41144 2.62451 3.20435 1.11389 0.90027 0.75531 0.18311 0.54169 6.23322 8.30841 17.63153 23.04840 11.11603 6.75964 2.27356 0.63324 7.98798 7.86591 9.97925 6.59943 15.57922 2.57874 0.74768 0.70953 4.77600 1.40381 2.12097 8.91113 4.18854
4.03595 4.25720 3.89862 8.43048 1.13678 2.09045 1.23596 1.38092 0.46539 0.48828 3.22723 10.96344 15.40375 66.68854 7.64465 1.24359 2.53296 6.07300 7.24030 4.04358 7.49969 7.69043 9.45282 14.45007 7.74384 0.70190 19.34052 0.61035 3.76892 2.24304 3.92914
