DATA/RAW-RASTER/ECMWF/20170628/EN-8/20170630.en-8.asc
ncols			31
nrows			16
xllcorner		69.5
yllcorner		19.5
cellsize		1.0
NODATA_value	-99999
0.28801 0.10109 0.24605 5.19943 10.55336 3.99399 7.99942 9.96017 10.48660 3.34167 5.15556 10.82039 10.42747 6.37627 5.79071 10.16426 4.29153 3.41225 7.25746 3.21007 1.31798 3.24440 4.61578 10.46753 10.61249 18.01872 10.52094 9.01031 6.60515 3.01552 1.65367
0.00000 0.00572 0.02670 0.68092 6.44302 33.21266 21.53397 26.93176 16.90292 9.78851 7.37190 4.28581 4.72450 5.67818 8.95119 4.32014 3.61061 3.69072 3.33405 3.23677 5.80788 1.55640 9.64737 9.34029 9.09996 9.76562 17.56096 14.47678 14.65034 9.99260 3.28445
0.01526 0.00000 0.00381 1.47629 13.01384 62.35504 116.22620 31.45981 10.83565 3.61633 3.10898 2.44522 3.25203 1.81580 7.67708 8.25691 6.80733 7.85255 7.59125 5.84030 5.80406 12.03918 11.01112 7.91168 12.43401 8.15773 13.39149 11.57188 7.08199 6.34003 8.98552
0.28801 0.00191 0.00381 0.92697 6.93512 21.66367 50.14420 73.26508 35.53009 5.03540 3.17764 0.99754 1.81389 4.19998 3.26347 6.27899 4.26865 7.00951 10.61440 13.05580 11.75499 8.80051 15.19012 17.61627 12.87270 5.88036 9.15909 10.39124 9.30786 10.01930 3.80135
0.05150 0.00000 0.01335 1.69563 4.78363 11.12747 27.08244 45.74394 37.82272 11.17516 2.82860 6.25992 4.86755 5.08118 1.53160 1.15585 2.48337 4.62151 5.93376 8.25500 15.19012 15.20157 11.93428 22.34077 12.15935 8.46863 5.11360 12.35771 12.25471 7.24983 6.74248
1.23215 0.00000 0.00000 1.65749 1.23405 7.10297 33.77151 32.53365 49.47472 52.80685 35.53009 5.49507 5.61333 1.44577 3.95966 1.09673 3.76511 6.36482 9.50813 7.51495 5.21660 6.47354 11.88660 17.92336 20.97893 19.86504 12.20894 1.79291 9.83810 9.63974 11.27434
0.20409 0.03815 0.00763 0.91362 0.36049 4.22096 24.37592 22.22443 36.83281 16.07513 38.61237 23.50998 11.80267 8.56972 2.01035 1.55449 1.39809 3.56865 2.95258 4.13895 4.11797 8.05855 6.37245 15.05661 22.52769 95.82520 33.86879 19.95277 5.29480 4.98772 8.33893
0.66566 1.73759 0.00191 0.61226 3.39127 2.78091 13.17978 15.99121 27.50015 15.09666 17.53616 11.44409 3.04413 34.37233 37.03308 30.23148 4.46320 2.87628 0.84686 3.57246 8.74329 24.55711 14.18304 47.71233 46.02623 53.01094 27.90070 20.70236 33.06770 23.68355 19.10591
0.00191 0.41389 3.30734 2.09236 1.33896 5.23567 11.77597 4.81796 2.58064 2.96402 5.54848 10.16426 15.48958 20.97130 30.27153 9.22585 11.91139 15.23399 16.74652 79.82826 62.06894 44.38591 13.17787 73.47298 38.87939 20.95222 24.90425 117.14172 47.27364 30.81131 15.38849
0.00191 0.09346 4.37737 4.45747 4.63867 10.35500 11.41930 1.25885 0.69427 2.37083 7.56836 19.18030 19.16122 17.30728 29.29115 17.25006 8.54301 2.40898 2.04659 2.84386 13.16452 11.65199 85.33478 12.92419 18.98766 25.58708 20.95222 19.62662 40.88402 11.78169 12.13646
0.00381 0.01717 2.40707 9.45282 5.83839 23.71597 16.35742 5.06973 1.18065 3.53622 7.84111 7.58171 20.08629 28.37372 21.77620 11.02638 5.53322 1.73759 3.45993 2.91252 9.31931 20.47539 105.61180 16.45470 18.34297 21.49582 3.79372 10.58197 24.94431 6.95419 5.29480
0.15640 1.71471 6.46973 57.18040 22.79091 45.71724 5.44739 2.27928 1.31035 3.24059 5.02586 8.09669 20.25414 15.70129 6.85692 4.05502 7.68280 3.27873 3.65067 8.50677 8.88634 8.48007 8.71849 3.54576 23.89526 6.80161 2.29263 13.16071 5.71251 14.91928 8.50487
1.59264 2.33078 6.19507 36.75461 55.91393 30.05981 2.14005 0.89264 0.75531 0.57983 2.39944 10.11848 14.55116 42.32597 59.46732 8.30269 5.17082 1.96075 4.63104 4.98009 11.27625 20.51926 1.99890 12.92038 13.36288 3.19862 1.16158 3.17001 15.09285 13.20457 1.75858
5.64384 24.30534 38.19656 46.00334 51.04828 84.29527 51.50604 8.70895 1.27220 0.81062 6.59943 8.85963 37.24861 55.36461 98.95897 5.52177 2.67982 7.65038 5.07545 10.70023 16.88957 11.53946 5.13840 9.21249 8.69751 0.95177 0.16594 0.38338 22.57919 4.06647 3.93677
2.75421 6.10542 5.16891 20.91408 36.24153 18.70537 8.33130 2.58827 2.08473 2.78091 11.07979 2.98500 6.44112 20.19882 23.45085 14.25171 3.17764 1.13106 8.82339 8.83675 9.83429 12.57515 27.34375 22.84813 2.01035 6.55174 0.47112 0.96512 1.15585 23.71025 8.60214
3.29208 2.56729 10.08034 44.27147 3.61061 5.53131 6.05965 13.28278 3.01933 7.34711 15.59258 11.70731 6.06537 23.07892 14.78958 15.11192 20.40863 16.29066 6.83212 10.49995 9.33838 10.92529 24.30916 35.29358 26.35002 11.58333 5.93758 1.34468 0.85831 4.25529 11.13129
