DATA/SHG/ECMWF/20170628/EN-49/20170701.en-49.asc
ncols        190
nrows        64
xllcorner    -5100000.000000000000
yllcorner    4130000.000000000000
cellsize     10000.000000000000
NODATA_value  -99999.000
[rows 0 to 32 of 64, columns 74 to 147 of 190]
5.000 4.901 4.806 4.715 4.627 4.542 4.461 4.436 4.583 4.772 4.976 5.195 5.429 5.677 5.940 6.219 6.512 6.820 7.143 7.486 7.841 8.184 8.528 8.873 9.220 9.569 9.919 10.270 10.622 10.976 11.332 11.573 11.432 11.276 11.106 10.921 10.722 10.509 10.281 10.039 9.782 9.511 9.225 9.045 9.221 9.388 9.545 9.692 9.829 9.956 10.074 10.182 10.280 10.368 10.446 10.543 10.715 10.880 11.040 11.194 11.342 11.484 11.620 11.750 11.874 11.992 12.105 12.069 11.647 11.244 10.862 10.501 10.160 9.839
4.715 4.684 4.673 4.665 4.660 4.659 4.662 4.704 4.931 5.172 5.428 5.698 5.984 6.284 6.600 6.930 7.275 7.635 8.010 8.397 8.758 9.107 9.458 9.809 10.163 10.517 10.873 11.230 11.589 11.949 12.311 12.610 12.404 12.184 11.949 11.699 11.436 11.158 10.865 10.558 10.237 9.901 9.551 9.251 9.384 9.506 9.619 9.723 9.816 9.900 9.974 10.038 10.092 10.137 10.172 10.215 10.360 10.499 10.633 10.760 10.882 10.998 11.107 11.211 11.309 11.402 11.488 11.504 11.172 10.861 10.570 10.299 10.049 9.819
4.923 4.920 4.920 4.924 4.931 4.942 4.956 4.985 5.264 5.557 5.865 6.187 6.525 6.877 7.245 7.627 8.024 8.436 8.862 9.304 9.673 10.028 10.384 10.742 11.102 11.462 11.825 12.188 12.553 12.920 13.287 13.656 13.391 13.106 12.806 12.492 12.164 11.821 11.464 11.093 10.707 10.306 9.892 9.467 9.556 9.635 9.705 9.764 9.814 9.854 9.884 9.905 9.916 9.916 9.908 9.893 10.012 10.125 10.232 10.333 10.429 10.518 10.602 10.680 10.751 10.817 10.877 10.969 10.823 10.685 10.555 10.433 10.320 10.215
5.142 5.151 5.164 5.179 5.199 5.221 5.247 5.276 5.583 5.928 6.287 6.662 7.052 7.456 7.875 8.309 8.758 9.222 9.700 10.194 10.584 10.945 11.308 11.672 12.038 12.405 12.773 13.143 13.514 13.887 14.261 14.636 14.392 14.042 13.678 13.299 12.907 12.499 12.078 11.642 11.191 10.726 10.247 9.754 9.739 9.774 9.800 9.816 9.822 9.818 9.805 9.782 9.749 9.706 9.654 9.592 9.670 9.757 9.874 10.025 10.178 10.332 10.487 10.644 10.802 10.961 11.122 11.284 11.194 11.093 11.000 10.916 10.839 10.772
5.359 5.380 5.404 5.431 5.462 5.497 5.534 5.575 5.887 6.284 6.696 7.122 7.564 8.020 8.491 8.977 9.478 9.993 10.523 11.068 11.492 11.860 12.229 12.599 12.971 13.344 13.719 14.095 14.472 14.851 15.231 15.612 15.407 14.993 14.564 14.121 13.664 13.192 12.706 12.206 11.691 11.161 10.618 10.060 9.931 9.923 9.905 9.878 9.840 9.785 9.733 9.694 9.670 9.659 9.663 9.681 9.809 9.963 10.119 10.276 10.435 10.595 10.757 10.920 11.084 11.250 11.417 11.585 11.557 11.493 11.437 11.389 11.350 11.319
5.572 5.604 5.640 5.680 5.722 5.769 5.818 5.871 6.178 6.626 7.090 7.568 8.062 8.570 9.093 9.630 10.183 10.750 11.332 11.929 12.398 12.771 13.146 13.523 13.901 14.280 14.661 15.043 15.427 15.812 16.198 16.586 16.437 15.958 15.465 14.958 14.436 13.900 13.349 12.784 12.135 11.440 10.752 10.069 9.788 9.727 9.681 9.649 9.631 9.628 9.638 9.662 9.701 9.754 9.821 9.902 10.039 10.200 10.362 10.526 10.691 10.857 11.025 11.194 11.364 11.536 11.709 11.884 11.911 11.884 11.865 11.854 11.851 11.857
5.781 5.826 5.873 5.925 5.979 6.037 6.098 6.163 6.454 6.955 7.470 8.000 8.545 9.105 9.680 10.269 10.873 11.492 12.126 12.774 13.300 13.680 14.061 14.444 14.828 15.214 15.601 15.989 16.379 16.770 17.162 17.425 17.152 16.436 15.727 15.023 14.325 13.633 12.947 12.267 11.593 10.925 10.263 9.606 9.300 9.303 9.320 9.351 9.396 9.455 9.529 9.616 9.718 9.834 9.963 10.107 10.268 10.435 10.603 10.773 10.944 11.117 11.291 11.466 11.643 11.821 12.000 12.181 12.256 12.266 12.283 12.309 12.344 12.386
5.987 6.043 6.103 6.166 6.232 6.302 6.375 6.452 6.716 7.269 7.836 8.418 9.014 9.626 10.252 10.893 11.549 12.220 12.905 13.605 14.199 14.585 14.863 15.088 15.305 15.512 15.710 15.900 16.081 16.252 16.415 16.569 16.393 15.703 15.020 14.343 13.671 13.006 12.346 11.693 11.045 10.404 9.768 9.138 8.798 8.864 8.944 9.038 9.146 9.268 9.405 9.555 9.720 9.898 10.091 10.298 10.495 10.668 10.843 11.019 11.196 11.375 11.555 11.737 11.920 12.104 12.290 12.477 12.593 12.639 12.694 12.756 12.827 12.907
6.189 6.257 6.329 6.404 6.482 6.563 6.648 6.737 6.964 7.569 8.187 8.821 9.469 10.133 10.794 11.386 11.958 12.508 13.038 13.546 13.977 14.181 14.375 14.561 14.737 14.905 15.064 15.214 15.355 15.487 15.610 15.725 15.628 14.965 14.308 13.657 13.012 12.373 11.740 11.113 10.492 9.877 9.268 8.664 8.282 8.411 8.554 8.711 8.882 9.067 9.266 9.480 9.707 9.949 10.204 10.474 10.720 10.900 11.081 11.263 11.446 11.631 11.818 12.005 12.194 12.385 12.577 12.770 12.921 13.004 13.095 13.194 13.302 13.418
6.388 6.468 6.551 6.638 6.728 6.821 6.918 7.032 7.238 7.883 8.507 9.109 9.691 10.253 10.793 11.313 11.811 12.289 12.746 13.182 13.579 13.743 13.898 14.044 14.181 14.309 14.428 14.539 14.640 14.733 14.816 14.891 14.858 14.221 13.591 12.966 12.348 11.735 11.129 10.528 9.934 9.345 8.762 8.185 7.752 7.943 8.149 8.369 8.603 8.851 9.113 9.389 9.680 9.984 10.302 10.635 10.944 11.130 11.317 11.505 11.695 11.886 12.078 12.272 12.467 12.664 12.862 13.062 13.240 13.359 13.487 13.624 13.768 13.921
6.638 6.837 7.016 7.176 7.316 7.438 7.539 7.622 7.692 8.264 8.815 9.345 9.854 10.343 10.811 11.257 11.683 12.089 12.473 12.837 13.186 13.316 13.431 13.537 13.635 13.723 13.803 13.874 13.936 13.989 14.033 14.069 14.082 13.472 12.868 12.270 11.678 11.092 10.512 9.938 9.370 8.807 8.251 7.700 7.207 7.462 7.730 8.013 8.310 8.620 8.945 9.284 9.637 10.005 10.386 10.781 11.166 11.357 11.551 11.745 11.941 12.138 12.337 12.537 12.739 12.942 13.146 13.351 13.550 13.706 13.871 14.044 14.226 14.415
7.719 7.850 7.962 8.054 8.127 8.180 8.214 8.229 8.225 8.663 9.141 9.599 10.036 10.452 10.847 11.221 11.575 11.907 12.219 12.510 12.787 12.899 12.975 13.042 13.100 13.149 13.189 13.220 13.243 13.256 13.261 13.257 13.244 12.718 12.140 11.569 11.003 10.443 9.890 9.342 8.800 8.264 7.734 7.210 6.692 6.965 7.297 7.642 8.002 8.375 8.763 9.165 9.581 10.010 10.454 10.912 11.384 11.584 11.783 11.984 12.186 12.389 12.594 12.800 13.008 13.217 13.428 13.612 13.773 13.955 14.180 14.448 14.758 15.112
8.817 8.880 8.924 8.949 8.954 8.940 8.906 8.854 8.782 9.081 9.486 9.871 10.236 10.579 10.902 11.204 11.485 11.745 11.984 12.203 12.407 12.493 12.529 12.557 12.575 12.585 12.586 12.577 12.560 12.535 12.500 12.456 12.404 11.958 11.407 10.862 10.323 9.789 9.262 8.741 8.225 7.715 7.212 6.714 6.222 6.455 6.849 7.257 7.679 8.116 8.566 9.031 9.509 10.002 10.508 11.029 11.563 11.808 11.968 12.086 12.212 12.349 12.495 12.650 12.815 12.990 13.174 13.368 13.571 13.934 14.350 14.808 15.309 15.854
9.931 9.927 9.903 9.860 9.798 9.716 9.615 9.495 9.355 9.517 9.850 10.163 10.454 10.725 10.976 11.205 11.414 11.601 11.769 11.915 12.046 12.098 12.095 12.082 12.061 12.032 11.993 11.945 11.889 11.823 11.749 11.666 11.574 11.193 10.669 10.150 9.637 9.130 8.629 8.134 7.645 7.161 6.684 6.213 5.747 5.930 6.387 6.858 7.343 7.849 8.353 8.837 9.304 9.752 10.181 10.592 10.984 11.181 11.332 11.492 11.661 11.840 12.029 12.227 12.435 12.652 12.879 13.115 13.361 13.871 14.477 15.126 15.817 16.552
11.062 10.990 10.899 10.788 10.658 10.509 10.341 10.153 9.946 9.971 10.232 10.472 10.691 10.890 11.068 11.225 11.361 11.477 11.572 11.646 11.704 11.713 11.670 11.619 11.558 11.489 11.411 11.324 11.228 11.123 11.010 10.887 10.756 10.423 9.925 9.432 8.946 8.465 7.990 7.521 7.083 6.690 6.322 5.979 5.661 5.842 6.337 6.814 7.272 7.712 8.133 8.535 8.919 9.285 9.631 9.960 10.269 10.493 10.686 10.889 11.101 11.322 11.554 11.794 12.044 12.304 12.573 12.852 13.141 13.765 14.562 15.401 16.282 17.207
12.209 12.070 11.911 11.733 11.535 11.319 11.083 10.828 10.554 10.444 10.632 10.800 10.947 11.073 11.179 11.264 11.328 11.371 11.393 11.395 11.381 11.339 11.257 11.166 11.066 10.957 10.839 10.713 10.578 10.434 10.281 10.107 9.912 9.596 9.138 8.706 8.298 7.916 7.559 7.228 6.921 6.640 6.385 6.154 5.949 6.054 6.467 6.861 7.237 7.594 7.933 8.253 8.555 8.837 9.102 9.348 9.575 9.796 10.032 10.277 10.531 10.796 11.069 11.352 11.645 11.947 12.259 12.581 12.911 13.617 14.603 15.632 16.704 17.819
13.373 13.166 12.940 12.694 12.430 12.146 11.843 11.520 11.179 10.935 11.051 11.147 11.221 11.275 11.309 11.321 11.313 11.284 11.234 11.164 11.077 10.975 10.845 10.697 10.539 10.371 10.193 10.004 9.804 9.594 9.374 9.144 8.902 8.620 8.274 7.954 7.659 7.390 7.145 6.926 6.732 6.564 6.421 6.303 6.210 6.286 6.617 6.928 7.222 7.497 7.753 7.990 8.210 8.410 8.592 8.756 8.901 9.090 9.368 9.656 9.953 10.260 10.576 10.902 11.237 11.581 11.936 12.299 12.673 13.426 14.603 15.821 17.083 18.387
14.553 14.279 13.985 13.672 13.340 12.989 12.619 12.229 11.820 11.445 11.489 11.512 11.514 11.496 11.457 11.391 11.301 11.185 11.044 10.878 10.692 10.494 10.311 10.117 9.913 9.699 9.474 9.238 8.993 8.737 8.470 8.193 7.906 7.617 7.384 7.177 6.994 6.837 6.705 6.598 6.517 6.461 6.430 6.424 6.443 6.537 6.785 7.015 7.226 7.418 7.592 7.747 7.884 8.003 8.102 8.184 8.246 8.376 8.696 9.026 9.366 9.715 10.073 10.442 10.819 11.206 11.603 12.009 12.425 13.193 14.559 15.968 17.419 18.913
15.750 15.408 15.047 14.667 14.268 13.849 13.412 12.948 12.459 12.000 11.963 11.911 11.833 11.731 11.603 11.450 11.271 11.068 10.839 10.585 10.311 10.021 9.790 9.550 9.299 9.039 8.767 8.486 8.194 7.891 7.579 7.255 6.922 6.588 6.468 6.372 6.302 6.257 6.238 6.243 6.274 6.330 6.411 6.518 6.650 6.808 6.973 7.121 7.249 7.359 7.451 7.524 7.579 7.615 7.632 7.631 7.612 7.652 8.015 8.387 8.769 9.161 9.562 9.972 10.393 10.822 11.261 11.710 12.168 12.917 14.473 16.071 17.712 19.396
16.903 16.311 15.748 15.215 14.711 14.236 13.792 13.376 12.990 12.634 12.483 12.343 12.178 11.987 11.771 11.531 11.265 10.973 10.657 10.315 9.953 9.575 9.281 8.995 8.698 8.391 8.074 7.746 7.408 7.059 6.700 6.331 5.951 5.561 5.525 5.542 5.584 5.651 5.744 5.862 6.005 6.173 6.366 6.585 6.829 7.097 7.181 7.246 7.292 7.320 7.330 7.320 7.293 7.247 7.182 7.099 6.997 6.919 7.325 7.740 8.164 8.598 9.041 9.494 9.957 10.429 10.910 11.401 11.901 12.599 14.344 16.132 17.963 19.836
16.585 16.096 15.635 15.205 14.804 14.432 14.090 13.777 13.494 13.240 13.026 12.798 12.545 12.266 11.963 11.634 11.281 10.902 10.498 10.069 9.618 9.151 8.785 8.452 8.110 7.756 7.393 7.019 6.634 6.239 5.834 5.418 4.992 4.556 4.556 4.685 4.839 5.019 5.224 5.453 5.709 5.989 6.294 6.625 6.981 7.362 7.407 7.390 7.355 7.300 7.228 7.136 7.027 6.898 6.752 6.587 6.403 6.201 6.626 7.083 7.550 8.026 8.512 9.007 9.512 10.026 10.550 11.083 11.746 12.642 14.716 16.715 18.638 20.486
16.240 15.853 15.495 15.167 14.869 14.600 14.360 14.150 13.970 13.818 13.591 13.275 12.934 12.568 12.177 11.761 11.320 10.853 10.361 9.845 9.307 8.751 8.301 7.922 7.533 7.134 6.724 6.304 5.873 5.432 4.981 4.519 4.047 3.564 3.561 3.802 4.068 4.360 4.677 5.019 5.386 5.778 6.195 6.638 7.106 7.599 7.653 7.554 7.436 7.300 7.145 6.972 6.780 6.570 6.341 6.094 5.828 5.544 5.918 6.515 7.269 8.043 8.835 9.646 10.475 11.323 12.189 13.074 13.977 14.899 16.584 18.249 19.838 21.353
15.867 15.583 15.328 15.103 14.907 14.740 14.603 14.496 14.418 14.369 14.178 13.774 13.346 12.892 12.414 11.910 11.381 10.827 10.248 9.644 9.018 8.374 7.830 7.405 6.970 6.524 6.068 5.602 5.125 4.638 4.140 3.632 3.114 2.586 2.539 2.892 3.271 3.674 4.103 4.557 5.036 5.540 6.070 6.624 7.204 7.809 7.919 7.737 7.537 7.319 7.104 6.939 6.803 6.696 6.620 6.572 6.555 6.567 7.166 7.985 8.822 9.678 10.552 11.445 12.356 13.286 14.235 15.202 16.187 17.191 18.523 19.855 21.111 22.292
15.468 15.286 15.134 15.011 14.918 14.853 14.819 14.814 14.838 14.892 14.787 14.296 13.780 13.239 12.673 12.082 11.466 10.824 10.158 9.466 8.752 8.020 7.371 6.900 6.418 5.927 5.424 4.912 4.389 3.856 3.312 2.758 2.194 1.620 1.491 1.957 2.447 2.962 3.503 4.069 4.660 5.310 5.996 6.642 7.248 7.814 7.973 7.820 7.697 7.603 7.539 7.505 7.500 7.525 7.579 7.664 7.777 7.921 8.533 9.434 10.354 11.291 12.248 13.223 14.216 15.228 16.259 17.308 18.376 19.462 20.535 21.533 22.456 23.303
15.042 14.962 14.912 14.892 14.901 14.939 15.007 15.104 15.231 15.386 15.419 14.841 14.237 13.609 12.955 12.276 11.573 10.844 10.090 9.311 8.509 7.688 6.924 6.407 5.880 5.342 4.794 4.235 3.666 3.087 2.497 1.897 1.398 1.102 1.183 1.972 2.720 3.429 4.097 4.726 5.315 5.863 6.372 6.841 7.270 7.659 7.851 7.830 7.838 7.875 7.943 8.039 8.166 8.322 8.507 8.723 8.967 9.242 9.879 10.862 11.864 12.884 13.922 14.980 16.055 17.149 18.262 19.393 20.543 21.711 22.618 23.283 23.873 24.388
14.588 14.611 14.664 14.746 14.857 14.997 15.167 15.367 15.596 15.854 16.073 15.407 14.716 14.000 13.259 12.493 11.702 10.886 10.045 9.179 8.289 7.380 6.490 5.952 5.477 5.042 4.645 4.288 3.969 3.690 3.449 3.248 3.086 2.963 3.018 3.630 4.201 4.732 5.224 5.675 6.087 6.459 6.790 7.082 7.334 7.546 7.699 7.808 7.947 8.116 8.315 8.542 8.800 9.087 9.403 9.750 10.125 10.531 11.204 12.270 13.353 14.455 15.576 16.715 17.873 19.049 20.243 21.457 22.688 23.938 24.773 25.105 25.363 25.545
14.108 14.233 14.388 14.572 14.785 15.028 15.301 15.602 15.933 16.293 16.683 15.996 15.218 14.414 13.586 12.713 11.713 10.745 9.810 8.907 8.038 7.200 6.387 6.036 5.735 5.473 5.249 5.065 4.920 4.813 4.746 4.718 4.729 4.779 4.895 5.329 5.723 6.077 6.392 6.666 6.901 7.096 7.250 7.366 7.441 7.476 7.515 7.756 8.026 8.326 8.655 9.014 9.402 9.820 10.268 10.745 11.251 11.787 12.509 13.656 14.821 16.006 17.208 18.429 19.669 20.927 22.204 23.499 24.812 26.144 27.000 27.000 26.924 26.774
13.600 13.828 14.085 14.371 14.687 15.032 15.406 15.810 16.189 16.374 16.552 15.735 14.718 13.734 12.781 11.861 10.973 10.117 9.293 8.501 7.745 7.019 6.319 6.077 5.949 5.860 5.809 5.798 5.826 5.892 5.998 6.143 6.327 6.550 6.811 7.069 7.286 7.463 7.601 7.699 7.757 7.775 7.753 7.691 7.589 7.448 7.300 7.672 8.073 8.504 8.964 9.454 9.973 10.522 11.100 11.708 12.345 13.012 13.792 15.021 16.269 17.535 18.819 20.122 21.444 22.784 24.142 25.519 26.915 28.329 29.298 28.966 28.558 28.075
13.066 13.358 13.566 13.767 13.963 14.151 14.333 14.509 14.679 14.842 14.998 14.409 13.504 12.631 11.790 10.981 10.205 9.460 8.747 8.067 7.423 6.810 6.222 6.074 6.119 6.202 6.325 6.487 6.687 6.927 7.206 7.523 7.880 8.275 8.710 8.850 8.890 8.891 8.852 8.773 8.654 8.495 8.297 8.059 7.780 7.462 7.105 7.557 8.089 8.650 9.241 9.862 10.512 11.192 11.901 12.639 13.407 14.205 15.055 16.366 17.695 19.043 20.410 21.794 23.198 24.620 26.060 27.519 28.996 30.491 31.668 31.004 30.264 29.449
11.817 12.010 12.196 12.375 12.548 12.715 12.875 13.029 13.176 13.317 13.452 13.056 12.262 11.501 10.771 10.074 9.409 8.775 8.174 7.605 7.073 6.572 6.097 6.027 6.245 6.501 6.797 7.131 7.505 7.917 8.368 8.859 9.388 9.956 10.563 10.672 10.536 10.360 10.144 9.889 9.593 9.258 8.883 8.468 8.014 7.519 6.985 7.411 8.073 8.766 9.487 10.239 11.019 11.830 12.669 13.539 14.437 15.365 16.323 17.689 19.101 20.530 21.979 23.445 24.930 26.434 27.956 29.497 31.056 32.633 34.548 34.578 34.372 33.931
10.499 10.669 10.833 10.991 11.142 11.286 11.425 11.556 11.682 11.801 11.913 11.676 10.993 10.343 9.725 9.139 8.585 8.063 7.573 7.115 6.695 6.307 5.944 5.937 6.327 6.756 7.224 7.732 8.278 8.863 9.487 10.149 10.851 11.592 12.372 12.536 12.223 11.870 11.478 11.046 10.574 10.062 9.511 8.920 8.289 7.618 6.908 7.233 8.027 8.850 9.702 10.584 11.495 12.436 13.407 14.406 15.435 16.494 17.582 18.992 20.485 22.194 24.392 26.731 29.210 31.831 34.592 37.494 40.537 43.721 47.045 46.310 45.061 43.577
9.188 9.336 9.478 9.614 9.743 9.866 9.982 10.092 10.195 10.292 10.383 10.268 9.697 9.158 8.651 8.176 7.733 7.323 6.944 6.597 6.289 6.013 5.763 5.802 6.365 6.967 7.608 8.288 9.006 9.764 10.560 11.396 12.270 13.183 14.135 14.440 13.951 13.422 12.853 12.245 11.596 10.908 10.181 9.413 8.606 7.759 6.873 7.025 7.949 8.903 9.886 10.898 12.110 13.721 15.311 16.879 18.426 19.951 21.455 23.601 26.139 28.819 31.639 34.599 37.701 40.943 44.326 47.850 51.514 55.320 59.266 58.260 55.969 53.443
7.885 8.011 8.131 8.245 8.352 8.453 8.547 8.635 8.716 8.791 8.860 8.833 8.373 7.945 7.550 7.186 6.854 6.555 6.287 6.051 5.854 5.691 5.553 5.625 6.360 7.134 7.948 8.800 9.691 10.621 11.590 12.597 13.644 14.729 15.853 16.385 15.720 15.014 14.269 13.485 12.660 11.796 10.892 10.211 10.128 9.842 9.351 9.778 11.401 13.003 14.583 16.142 17.680 19.196 20.691 22.164 23.616 25.047 26.456 28.829 31.990 35.291 38.732 42.315 46.038 49.902 53.906 58.051 62.337 66.763 71.330 70.430 67.097 63.529
