DATA/SHG/ECMWF/20170628/EN-49/20170706.en-49.asc
ncols        190
nrows        64
xllcorner    -5100000.000000000000
yllcorner    4130000.000000000000
cellsize     10000.000000000000
NODATA_value  -99999.000
[rows 0 to 32 of 64, columns 0 to 73 of 190]
0.059 0.053 0.048 0.043 0.038 0.034 0.030 0.026 0.023 0.021 0.020 0.019 0.018 0.016 0.013 0.011 0.008 0.005 0.002 0.000 0.000 0.000 0.000 0.001 0.001 0.001 0.002 0.002 0.002 0.002 0.002 0.003 0.003 0.011 0.023 0.035 0.047 0.059 0.071 0.083 0.094 0.106 0.117 0.128 0.139 0.173 0.231 0.294 0.361 0.432 0.508 0.587 0.672 0.760 0.853 0.950 1.052 1.261 1.604 1.960 2.330 2.714 3.112 3.523 3.948 4.387 4.840 5.306 5.786 6.235 6.620 7.013 7.413 7.820
0.036 0.032 0.028 0.024 0.020 0.017 0.014 0.012 0.009 0.007 0.005 0.003 0.003 0.002 0.002 0.002 0.001 0.001 0.001 0.000 0.000 0.000 0.000 0.001 0.001 0.001 0.001 0.002 0.002 0.002 0.002 0.002 0.002 0.008 0.020 0.032 0.043 0.055 0.066 0.077 0.088 0.099 0.110 0.121 0.131 0.165 0.239 0.316 0.398 0.485 0.576 0.671 0.770 0.874 0.982 1.094 1.211 1.416 1.807 2.211 2.630 3.062 3.507 3.967 4.440 4.927 5.428 5.942 6.470 6.976 7.387 7.804 8.229 8.661
0.013 0.010 0.007 0.004 0.002 0.003 0.003 0.003 0.003 0.003 0.003 0.003 0.002 0.002 0.002 0.001 0.001 0.001 0.001 0.000 0.000 0.000 0.000 0.001 0.001 0.001 0.001 0.001 0.001 0.002 0.002 0.002 0.002 0.006 0.017 0.028 0.040 0.051 0.061 0.072 0.083 0.093 0.103 0.113 0.123 0.153 0.241 0.334 0.432 0.533 0.639 0.750 0.864 0.983 1.107 1.234 1.366 1.557 1.996 2.449 2.915 3.395 3.889 4.397 4.918 5.453 6.001 6.564 7.122 7.658 8.048 8.431 8.808 9.179
0.001 0.001 0.002 0.002 0.002 0.002 0.003 0.003 0.003 0.003 0.003 0.002 0.002 0.002 0.002 0.001 0.001 0.001 0.001 0.000 0.000 0.000 0.000 0.000 0.001 0.001 0.001 0.001 0.001 0.001 0.001 0.001 0.002 0.004 0.014 0.025 0.036 0.046 0.057 0.067 0.077 0.087 0.097 0.106 0.116 0.136 0.240 0.348 0.460 0.577 0.699 0.824 0.954 1.088 1.227 1.370 1.517 1.684 2.171 2.672 3.190 3.757 4.320 4.882 5.441 5.997 6.551 7.102 7.651 8.198 8.568 8.930 9.286 9.636
0.001 0.001 0.001 0.002 0.002 0.002 0.002 0.002 0.003 0.003 0.002 0.002 0.002 0.002 0.001 0.001 0.001 0.001 0.001 0.000 0.000 0.000 0.000 0.000 0.000 0.001 0.001 0.001 0.001 0.001 0.001 0.001 0.001 0.002 0.012 0.022 0.032 0.042 0.052 0.062 0.072 0.081 0.090 0.099 0.108 0.117 0.234 0.357 0.485 0.617 0.753 0.894 1.039 1.203 1.419 1.646 1.883 2.130 2.668 3.230 3.790 4.348 4.903 5.456 6.006 6.553 7.099 7.641 8.182 8.719 9.094 9.435 9.770 10.098
0.001 0.001 0.001 0.001 0.001 0.002 0.002 0.002 0.002 0.002 0.002 0.002 0.002 0.001 0.001 0.001 0.001 0.001 0.000 0.000 0.000 0.000 0.000 0.000 0.000 0.000 0.000 0.001 0.001 0.001 0.001 0.001 0.001 0.001 0.010 0.019 0.029 0.039 0.048 0.057 0.066 0.075 0.084 0.093 0.101 0.110 0.239 0.420 0.612 0.813 1.025 1.247 1.479 1.721 1.973 2.235 2.508 2.790 3.286 3.840 4.392 4.940 5.487 6.031 6.572 7.111 7.648 8.182 8.714 9.243 9.625 9.944 10.258 10.565
0.001 0.001 0.001 0.001 0.001 0.001 0.001 0.002 0.002 0.002 0.002 0.001 0.001 0.001 0.001 0.001 0.001 0.000 0.000 0.000 0.000 0.000 0.000 0.000 0.000 0.000 0.000 0.000 0.000 0.000 0.000 0.000 0.000 0.000 0.007 0.017 0.026 0.035 0.044 0.068 0.107 0.148 0.191 0.237 0.286 0.337 0.498 0.715 0.942 1.179 1.426 1.683 1.951 2.228 2.516 2.814 3.121 3.439 3.906 4.452 4.994 5.535 6.072 6.608 7.140 7.671 8.199 8.724 9.247 9.767 10.160 10.459 10.751 11.037
0.000 0.001 0.001 0.001 0.001 0.001 0.001 0.001 0.001 0.001 0.001 0.001 0.001 0.001 0.001 0.001 0.000 0.000 0.000 0.000 0.000 0.000 0.000 0.000 0.000 0.000 0.000 0.000 0.000 0.000 0.000 0.000 0.013 0.034 0.062 0.096 0.133 0.173 0.215 0.260 0.307 0.357 0.410 0.465 0.523 0.583 0.746 0.999 1.261 1.534 1.816 2.109 2.412 2.725 3.048 3.381 3.724 4.078 4.528 5.064 5.598 6.130 6.659 7.186 7.710 8.232 8.751 9.267 9.782 10.293 10.700 10.978 11.249 11.514
0.000 0.000 0.001 0.001 0.001 0.001 0.001 0.001 0.001 0.001 0.001 0.001 0.001 0.000 0.000 0.000 0.000 0.000 0.000 0.000 0.000 0.000 0.000 0.000 0.000 0.008 0.020 0.033 0.050 0.069 0.090 0.114 0.140 0.169 0.205 0.249 0.295 0.344 0.395 0.449 0.505 0.564 0.626 0.690 0.757 0.826 0.984 1.272 1.570 1.878 2.196 2.524 2.862 3.211 3.569 3.938 4.316 4.705 5.151 5.678 6.204 6.727 7.247 7.765 8.281 8.794 9.304 9.812 10.318 10.821 11.245 11.502 11.752 11.996
0.000 0.000 0.000 0.000 0.000 0.000 0.000 0.000 0.000 0.000 0.000 0.000 0.000 0.000 0.000 0.000 0.000 0.000 0.003 0.007 0.012 0.017 0.025 0.037 0.052 0.070 0.090 0.113 0.138 0.166 0.196 0.229 0.264 0.302 0.346 0.398 0.454 0.511 0.572 0.635 0.700 0.768 0.839 0.912 0.988 1.066 1.212 1.535 1.868 2.212 2.565 2.929 3.302 3.686 4.080 4.484 4.898 5.322 5.775 6.294 6.811 7.325 7.837 8.346 8.853 9.357 9.859 10.359 10.856 11.350 11.795 12.031 12.260 12.483
0.000 0.000 0.000 0.000 0.000 0.000 0.000 0.000 0.000 0.000 0.000 0.001 0.002 0.004 0.007 0.010 0.014 0.019 0.025 0.031 0.038 0.046 0.057 0.079 0.103 0.129 0.158 0.190 0.224 0.261 0.300 0.341 0.386 0.432 0.483 0.545 0.609 0.676 0.746 0.818 0.892 0.969 1.049 1.131 1.216 1.304 1.429 1.787 2.156 2.535 2.924 3.322 3.731 4.150 4.580 5.019 5.468 5.927 6.400 6.911 7.419 7.925 8.428 8.928 9.427 9.922 10.416 10.907 11.395 11.881 12.350 12.564 12.772 12.975
0.000 0.000 0.000 0.000 0.000 0.000 0.000 0.000 0.000 0.000 0.001 0.004 0.008 0.012 0.018 0.024 0.030 0.038 0.046 0.055 0.064 0.075 0.087 0.117 0.150 0.185 0.223 0.264 0.307 0.352 0.400 0.451 0.504 0.560 0.618 0.689 0.762 0.838 0.917 0.998 1.081 1.167 1.256 1.347 1.441 1.538 1.637 2.029 2.433 2.847 3.271 3.706 4.150 4.604 5.069 5.543 6.028 6.522 7.027 7.529 8.029 8.526 9.020 9.512 10.002 10.489 10.974 11.454 11.933 12.411 12.888 13.141 13.386 13.642
0.000 0.000 0.000 0.000 0.000 0.000 0.000 0.001 0.001 0.001 0.001 0.006 0.013 0.020 0.028 0.036 0.045 0.055 0.066 0.077 0.089 0.102 0.116 0.153 0.195 0.239 0.286 0.335 0.387 0.441 0.498 0.558 0.620 0.684 0.751 0.830 0.912 0.997 1.085 1.175 1.267 1.363 1.460 1.561 1.664 1.769 1.877 2.260 2.700 3.149 3.609 4.078 4.558 5.047 5.547 6.057 6.577 7.106 7.646 8.149 8.634 9.115 9.595 10.075 10.554 11.032 11.510 11.987 12.463 12.938 13.412 13.730 14.015 14.312
0.000 0.000 0.000 0.000 0.000 0.001 0.001 0.001 0.001 0.001 0.001 0.008 0.017 0.026 0.037 0.048 0.059 0.072 0.085 0.099 0.113 0.129 0.145 0.186 0.237 0.290 0.346 0.404 0.465 0.528 0.594 0.662 0.733 0.806 0.882 0.968 1.060 1.153 1.250 1.349 1.451 1.555 1.662 1.771 1.883 1.997 2.114 2.481 2.956 3.441 3.935 4.440 4.955 5.530 6.100 6.654 7.192 7.714 8.220 8.705 9.184 9.663 10.141 10.618 11.094 11.570 12.045 12.519 12.992 13.465 13.937 14.307 14.633 14.971
0.000 0.000 0.000 0.001 0.001 0.001 0.001 0.001 0.001 0.001 0.002 0.009 0.020 0.032 0.045 0.059 0.073 0.088 0.103 0.120 0.137 0.155 0.173 0.216 0.276 0.338 0.402 0.470 0.539 0.611 0.686 0.763 0.843 0.925 1.010 1.103 1.204 1.307 1.412 1.520 1.631 1.744 1.860 1.978 2.099 2.223 2.491 2.968 3.578 4.171 4.749 5.311 5.857 6.387 6.901 7.399 7.881 8.347 8.798 9.257 9.734 10.210 10.686 11.160 11.634 12.107 12.579 13.051 13.521 13.991 14.461 14.872 15.239 15.618
0.000 0.000 0.000 0.001 0.001 0.001 0.001 0.001 0.002 0.002 0.002 0.009 0.023 0.037 0.053 0.069 0.085 0.103 0.121 0.140 0.160 0.180 0.201 0.244 0.312 0.383 0.457 0.533 0.611 0.692 0.776 0.862 0.950 1.041 1.135 1.236 1.345 1.457 1.585 1.802 2.035 2.282 2.544 2.820 3.112 3.419 3.741 4.175 4.728 5.266 5.788 6.294 6.784 7.258 7.717 8.159 8.585 8.996 9.390 9.810 10.284 10.758 11.230 11.702 12.173 12.644 13.114 13.582 14.051 14.518 14.985 15.425 15.833 16.252
0.000 0.000 0.001 0.001 0.001 0.001 0.001 0.002 0.002 0.002 0.002 0.008 0.025 0.042 0.060 0.078 0.097 0.117 0.138 0.159 0.181 0.204 0.228 0.269 0.346 0.426 0.508 0.593 0.680 0.770 0.863 0.972 1.127 1.296 1.480 1.682 1.907 2.146 2.401 2.670 2.954 3.253 3.568 3.897 4.241 4.599 4.973 5.395 5.893 6.375 6.841 7.292 7.726 8.144 8.547 8.933 9.304 9.658 9.997 10.363 10.834 11.305 11.775 12.244 12.713 13.181 13.648 14.114 14.580 15.045 15.509 15.966 16.415 16.875
0.000 0.000 0.001 0.001 0.001 0.001 0.002 0.002 0.002 0.003 0.003 0.007 0.026 0.045 0.066 0.087 0.108 0.131 0.154 0.178 0.202 0.228 0.254 0.291 0.380 0.483 0.600 0.732 0.879 1.041 1.218 1.409 1.615 1.836 2.072 2.324 2.601 2.893 3.200 3.521 3.858 4.209 4.575 4.956 5.352 5.763 6.189 6.630 7.072 7.499 7.909 8.303 8.682 9.044 9.391 9.722 10.037 10.336 10.619 10.915 11.384 11.852 12.320 12.786 13.252 13.717 14.182 14.646 15.109 15.571 16.032 16.496 16.985 17.486
0.000 0.000 0.001 0.001 0.001 0.002 0.002 0.002 0.003 0.003 0.003 0.005 0.026 0.048 0.071 0.094 0.119 0.144 0.170 0.196 0.221 0.246 0.270 0.299 0.438 0.593 0.762 0.946 1.145 1.359 1.587 1.830 2.088 2.361 2.648 2.951 3.279 3.623 3.982 4.356 4.744 5.148 5.566 5.999 6.447 6.910 7.388 7.879 8.266 8.636 8.991 9.329 9.652 9.959 10.250 10.525 10.784 11.028 11.255 11.467 11.933 12.399 12.864 13.328 13.791 14.254 14.716 15.177 15.637 16.097 16.556 17.014 17.543 18.084
0.000 0.001 0.001 0.001 0.001 0.002 0.002 0.002 0.003 0.003 0.008 0.012 0.036 0.062 0.088 0.114 0.139 0.164 0.189 0.213 0.237 0.261 0.284 0.307 0.482 0.688 0.909 1.145 1.395 1.661 1.941 2.235 2.545 2.869 3.208 3.562 3.942 4.338 4.748 5.174 5.615 6.070 6.540 7.026 7.526 8.041 8.571 9.115 9.473 9.787 10.086 10.369 10.636 10.888 11.123 11.343 11.546 11.734 11.906 12.062 12.483 12.946 13.408 13.870 14.330 14.791 15.250 15.708 16.166 16.623 17.079 17.535 18.089 18.671
0.000 0.001 0.001 0.015 0.027 0.037 0.044 0.049 0.052 0.052 0.049 0.045 0.062 0.087 0.112 0.137 0.161 0.185 0.208 0.231 0.254 0.277 0.299 0.321 0.509 0.767 1.040 1.327 1.630 1.947 2.278 2.625 2.986 3.362 3.752 4.158 4.587 5.035 5.498 5.976 6.469 6.976 7.498 8.036 8.588 9.155 9.736 10.333 10.694 10.953 11.196 11.424 11.635 11.831 12.011 12.174 12.322 12.455 12.571 12.671 13.032 13.493 13.952 14.411 14.869 15.327 15.784 16.151 16.354 16.520 16.651 16.746 16.958 17.219
0.093 0.104 0.113 0.119 0.122 0.123 0.122 0.119 0.113 0.104 0.093 0.080 0.089 0.113 0.136 0.160 0.183 0.205 0.228 0.250 0.271 0.293 0.314 0.334 0.521 0.831 1.155 1.494 1.848 2.217 2.600 2.998 3.411 3.838 4.280 4.737 5.217 5.717 6.232 6.762 7.306 7.866 8.440 9.029 9.633 10.252 10.885 11.534 11.929 12.133 12.320 12.492 12.648 12.788 12.912 13.021 13.113 13.190 13.251 13.296 13.529 13.857 14.149 14.405 14.626 14.811 14.961 15.074 15.152 15.195 15.202 15.173 15.297 15.541
0.225 0.227 0.227 0.224 0.220 0.212 0.203 0.191 0.176 0.159 0.140 0.118 0.116 0.139 0.161 0.183 0.205 0.226 0.248 0.268 0.289 0.309 0.329 0.348 0.518 0.879 1.255 1.646 2.051 2.471 2.906 3.356 3.820 4.299 4.793 5.301 5.830 6.382 6.949 7.531 8.127 8.739 9.365 10.006 10.662 11.333 12.018 12.718 13.179 13.327 13.459 13.575 13.675 13.651 13.565 13.488 13.420 13.361 13.311 13.271 13.357 13.561 13.729 13.861 13.957 14.018 14.043 14.033 13.987 13.905 13.788 13.635 13.643 13.871
0.358 0.352 0.344 0.333 0.319 0.304 0.286 0.265 0.242 0.217 0.189 0.159 0.143 0.165 0.186 0.207 0.227 0.248 0.268 0.287 0.307 0.326 0.344 0.363 0.498 0.911 1.339 1.781 2.238 2.710 3.196 3.697 4.213 4.744 5.289 5.849 6.428 7.032 7.650 8.284 8.932 9.596 10.274 10.966 11.674 12.397 12.973 13.482 13.785 13.685 13.595 13.513 13.441 13.377 13.323 13.278 13.242 13.215 13.197 13.188 13.220 13.299 13.343 13.351 13.323 13.260 13.161 13.027 12.857 12.651 12.410 12.133 11.996 12.207
0.494 0.480 0.463 0.444 0.422 0.398 0.371 0.342 0.311 0.277 0.241 0.202 0.170 0.191 0.211 0.231 0.250 0.269 0.288 0.307 0.325 0.343 0.360 0.377 0.464 0.928 1.408 1.901 2.410 2.933 3.471 4.023 4.591 5.173 5.769 6.380 7.009 7.665 8.335 8.939 9.514 10.070 10.608 11.126 11.625 12.105 12.565 13.007 13.344 13.276 13.217 13.168 13.127 13.095 13.073 13.059 13.055 13.060 13.074 13.097 13.118 13.073 12.992 12.876 12.724 12.537 12.314 12.056 11.762 11.432 11.067 10.666 10.355 10.550
0.634 0.610 0.585 0.557 0.527 0.494 0.459 0.421 0.382 0.339 0.295 0.248 0.198 0.218 0.237 0.255 0.273 0.291 0.309 0.326 0.343 0.360 0.376 0.392 0.414 0.930 1.460 2.006 2.566 3.140 3.730 4.333 4.929 5.531 6.139 6.754 7.375 7.941 8.488 9.016 9.525 10.014 10.485 10.937 11.369 11.783 12.177 12.552 12.895 12.858 12.831 12.813 12.804 12.805 12.814 12.832 12.860 12.896 12.942 12.996 13.050 12.881 12.676 12.436 12.161 11.849 11.503 11.120 10.703 10.249 9.760 9.236 8.721 8.900
0.784 0.743 0.709 0.673 0.634 0.593 0.549 0.503 0.455 0.404 0.351 0.296 0.238 0.245 0.262 0.280 0.297 0.314 0.330 0.346 0.362 0.378 0.393 0.408 0.424 0.922 1.501 2.087 2.679 3.277 3.883 4.495 5.113 5.739 6.370 7.009 7.654 8.170 8.651 9.112 9.554 9.978 10.382 10.767 11.133 11.480 11.808 12.117 12.407 12.432 12.437 12.451 12.474 12.505 12.546 12.596 12.656 12.724 12.801 12.887 12.983 12.723 12.395 12.031 11.632 11.197 10.726 10.220 9.679 9.101 8.489 7.841 7.157 7.256
0.940 0.878 0.835 0.791 0.744 0.694 0.642 0.588 0.531 0.472 0.411 0.347 0.280 0.272 0.288 0.305 0.321 0.345 0.384 0.419 0.447 0.470 0.488 0.501 0.507 0.937 1.539 2.148 2.763 3.385 4.014 4.649 5.291 5.939 6.594 7.256 7.924 8.419 8.833 9.227 9.603 9.960 10.298 10.617 10.916 11.197 11.459 11.701 11.925 11.998 12.034 12.080 12.134 12.198 12.270 12.352 12.443 12.543 12.652 12.770 12.897 12.601 12.149 11.661 11.138 10.579 9.985 9.355 8.690 7.989 7.253 6.481 5.674 5.619
1.102 1.015 0.965 0.911 0.856 0.798 0.738 0.675 0.610 0.542 0.492 0.459 0.423 0.431 0.473 0.510 0.541 0.567 0.588 0.603 0.612 0.617 0.615 0.609 0.597 0.944 1.570 2.202 2.840 3.486 4.138 4.796 5.461 6.133 6.811 7.496 8.188 8.686 9.033 9.362 9.671 9.962 10.233 10.486 10.719 10.933 11.128 11.305 11.462 11.555 11.623 11.700 11.786 11.882 11.986 12.099 12.222 12.353 12.494 12.644 12.802 12.513 11.937 11.325 10.678 9.996 9.278 8.525 7.736 6.912 6.052 5.157 4.227 3.988
1.269 1.155 1.096 1.064 1.045 1.022 0.995 0.965 0.931 0.893 0.851 0.805 0.756 0.735 0.758 0.776 0.788 0.795 0.796 0.792 0.783 0.768 0.748 0.723 0.692 0.945 1.593 2.249 2.911 3.579 4.254 4.936 5.624 6.319 7.021 7.729 8.444 8.972 9.253 9.515 9.759 9.983 10.188 10.374 10.541 10.689 10.818 10.928 11.019 11.103 11.203 11.312 11.430 11.557 11.693 11.838 11.992 12.155 12.327 12.509 12.699 12.459 11.760 11.025 10.254 9.448 8.607 7.730 6.835 5.970 5.129 4.310 3.515 3.294
1.642 1.574 1.549 1.520 1.488 1.452 1.412 1.368 1.320 1.269 1.214 1.155 1.092 1.044 1.048 1.047 1.040 1.028 1.010 0.988 0.959 0.926 0.887 0.842 0.792 0.938 1.610 2.288 2.974 3.665 4.364 5.069 5.780 6.498 7.223 7.954 8.692 9.277 9.492 9.688 9.865 10.023 10.161 10.281 10.382 10.464 10.527 10.570 10.595 10.643 10.775 10.915 11.065 11.223 11.391 11.568 11.754 11.948 12.152 12.365 12.587 12.360 11.415 10.493 9.594 8.718 7.864 7.034 6.226 5.441 4.679 3.940 3.224 2.901
2.104 2.061 2.023 1.981 1.935 1.885 1.832 1.775 1.714 1.649 1.580 1.508 1.431 1.358 1.343 1.323 1.297 1.266 1.230 1.188 1.141 1.088 1.030 0.967 0.898 0.924 1.619 2.321 3.030 3.744 4.466 5.194 5.929 6.670 7.418 8.173 8.934 9.602 9.750 9.880 9.990 10.082 10.154 10.208 10.242 10.258 10.255 10.232 10.191 10.175 10.338 10.510 10.691 10.882 11.042 11.158 11.251 11.321 11.368 11.391 11.391 11.174 10.309 9.466 8.647 7.850 7.076 6.325 5.597 4.891 4.209 3.549 2.913 2.516
2.555 2.547 2.500 2.445 2.385 2.322 2.256 2.185 2.110 2.032 1.950 1.864 1.775 1.681 1.644 1.605 1.560 1.510 1.455 1.394 1.328 1.257 1.180 1.097 1.010 0.917 1.622 2.347 3.078 3.816 4.561 5.312 6.070 6.835 7.606 8.384 9.168 9.945 10.027 10.090 10.134 10.160 10.166 10.154 10.122 10.072 10.002 9.921 9.829 9.742 9.893 10.022 10.127 10.209 10.268 10.303 10.316 10.305 10.271 10.215 10.134 9.968 9.182 8.419 7.679 6.961 6.267 5.595 4.946 4.320 3.717 3.137 2.580 2.139
