DATA/SHG/ECMWF/20170628/EN-49/20170707.en-49.asc
ncols        190
nrows        64
xllcorner    -5100000.000000000000
yllcorner    4130000.000000000000
cellsize     10000.000000000000
NODATA_value  -99999.000
[rows 32 to 63 of 64, columns 0 to 72 of 190]
20.003 21.411 21.136 20.607 19.990 19.283 18.488 17.605 16.632 15.571 14.421 13.183 11.855 10.440 10.477 10.586 10.683 10.767 10.839 10.899 10.947 10.982 11.005 11.015 11.014 11.000 10.949 10.902 10.859 10.819 10.783 10.751 10.723 10.698 10.677 10.660 10.646 10.636 10.609 10.575 10.534 10.486 10.432 10.370 10.302 10.227 10.145 10.028 9.909 9.829 10.159 10.455 10.717 10.945 11.140 11.300 11.427 11.520 11.579 11.604 11.595 11.507 10.966 10.436 9.917 9.409 8.913 8.427 7.953 7.490 7.037 6.596 6.166
24.136 25.850 25.702 24.862 23.933 22.915 21.809 20.615 19.331 17.959 16.498 14.949 13.311 11.585 11.285 11.350 11.404 11.445 11.475 11.491 11.496 11.488 11.468 11.435 11.391 11.334 11.292 11.258 11.227 11.201 11.178 11.158 11.143 11.131 11.123 11.119 11.119 11.122 11.077 11.019 10.861 10.692 10.538 10.397 10.270 10.158 10.060 9.976 9.906 9.850 10.039 10.217 10.361 10.472 10.549 10.591 10.600 10.575 10.517 10.424 10.298 10.138 9.650 9.158 8.678 8.209 7.751 7.305 6.869 6.444 6.031 5.628 5.237
28.167 30.185 30.359 29.208 27.968 26.640 25.223 23.717 22.123 20.440 18.669 16.809 14.861 12.824 12.104 12.127 12.138 12.136 12.122 12.096 12.057 12.006 11.943 11.868 11.780 11.680 11.630 11.609 11.591 11.578 11.568 11.561 11.559 11.462 11.343 11.208 11.059 10.896 10.732 10.584 10.450 10.331 10.225 10.134 10.056 9.993 9.944 9.909 9.888 9.881 9.952 10.013 10.039 10.032 9.991 9.916 9.808 9.665 9.489 9.279 9.035 8.757 8.324 7.872 7.430 7.000 6.581 6.173 5.776 5.390 5.015 4.651 4.299
32.095 34.419 35.108 33.646 32.095 30.456 28.729 26.913 25.008 23.015 20.933 18.763 16.505 14.157 12.936 12.916 12.883 12.839 12.782 12.712 12.631 12.537 12.431 12.313 12.182 12.037 11.922 11.854 11.772 11.675 11.563 11.436 11.295 11.139 10.968 10.782 10.582 10.366 10.209 10.110 10.026 9.955 9.899 9.857 9.829 9.815 9.815 9.829 9.857 9.899 9.899 9.842 9.751 9.626 9.468 9.276 9.049 8.789 8.496 8.168 7.807 7.412 6.990 6.577 6.174 5.782 5.402 5.032 4.674 4.326 3.990 3.665 3.351
35.922 38.550 39.948 38.175 36.314 34.365 32.327 30.200 27.986 25.682 23.291 20.810 18.242 15.585 13.780 13.716 13.641 13.553 13.428 13.181 12.953 12.743 12.552 12.380 12.226 12.090 11.974 11.855 11.721 11.573 11.409 11.231 11.038 10.831 10.609 10.371 10.120 9.853 9.673 9.623 9.588 9.566 9.559 9.566 9.587 9.622 9.671 9.734 9.812 9.903 9.880 9.705 9.497 9.255 8.979 8.669 8.325 7.948 7.537 7.092 6.613 6.101 5.647 5.272 4.908 4.555 4.213 3.882 3.562 3.254 2.956 2.669 2.394
39.647 42.580 44.880 42.797 40.625 38.365 36.017 33.581 31.056 28.443 25.741 22.812 19.583 16.441 13.923 13.667 13.429 13.210 13.009 12.827 12.664 12.519 12.392 12.284 12.194 12.123 12.042 11.871 11.686 11.486 11.271 11.042 10.798 10.539 10.265 9.977 9.673 9.356 9.122 9.122 9.136 9.164 9.205 9.261 9.331 9.415 9.514 9.626 9.752 9.893 9.894 9.602 9.276 8.916 8.523 8.096 7.635 7.140 6.612 6.050 5.454 4.824 4.296 3.959 3.634 3.319 3.016 2.723 2.442 2.172 1.913 1.665 1.428
43.270 46.507 49.831 47.509 44.553 41.021 37.576 34.217 30.944 27.757 24.656 21.641 18.713 15.870 13.227 13.036 12.863 12.708 12.572 12.455 12.356 12.275 12.213 12.169 12.144 12.137 12.125 11.903 11.666 11.415 11.149 10.868 10.573 10.262 9.937 9.597 9.243 8.874 8.559 8.607 8.670 8.747 8.838 8.943 9.062 9.195 9.342 9.504 9.679 9.868 9.942 9.532 9.089 8.612 8.101 7.557 6.979 6.367 5.721 5.042 4.328 3.582 2.935 2.637 2.350 2.074 1.809 1.555 1.313 1.081 0.985 0.982 0.985
43.033 45.083 47.027 44.508 41.191 37.960 34.815 31.756 28.783 25.896 23.095 20.380 17.752 15.209 12.753 12.386 12.277 12.187 12.116 12.063 12.028 12.012 12.014 12.035 12.074 12.132 12.208 11.950 11.662 11.359 11.042 10.710 10.363 10.001 9.625 9.234 8.828 8.408 7.981 8.079 8.191 8.317 8.457 8.611 8.779 8.961 9.157 9.367 9.592 9.830 10.023 9.496 8.936 8.341 7.713 7.052 6.356 5.627 4.864 4.068 3.238 2.374 1.565 1.456 1.429 1.408 1.394 1.386 1.386 1.393 1.406 1.426 1.454
39.119 40.801 42.376 40.758 37.741 34.810 31.965 29.206 26.532 23.945 21.444 19.029 16.700 14.457 12.300 11.717 11.673 11.648 11.641 11.652 11.682 11.730 11.796 11.881 11.985 12.107 12.247 12.013 11.673 11.319 10.951 10.567 10.169 9.756 9.328 8.886 8.429 7.957 7.471 7.537 7.698 7.873 8.062 8.265 8.482 8.713 8.958 9.217 9.490 9.778 10.079 9.494 8.816 8.104 7.359 6.580 5.818 5.085 4.371 3.677 3.003 2.348 1.714 1.703 1.699 1.702 1.712 1.729 1.752 1.783 1.820 1.864 1.915
35.327 36.640 37.847 36.919 34.202 31.570 29.025 26.566 24.192 21.905 19.703 17.588 15.558 13.614 11.757 11.030 11.050 11.089 11.146 11.222 11.316 11.428 11.559 11.709 11.877 12.063 12.268 12.091 11.700 11.295 10.874 10.440 9.990 9.526 9.047 8.554 8.046 7.523 6.985 6.981 7.191 7.415 7.653 7.905 8.171 8.451 8.745 9.053 9.375 9.645 9.897 9.324 8.561 7.817 7.093 6.389 5.704 5.039 4.393 3.767 3.161 2.574 2.007 1.944 1.963 1.990 2.024 2.064 2.111 2.165 2.226 2.294 2.369
31.655 32.600 33.440 32.991 30.574 28.242 25.996 23.837 21.763 19.774 17.872 16.056 14.325 12.681 11.122 10.324 10.408 10.511 10.633 10.773 10.931 11.108 11.303 11.517 11.749 11.999 12.268 12.184 11.742 11.285 10.814 10.328 9.827 9.312 8.782 8.237 7.678 7.104 6.515 6.412 6.671 6.944 7.225 7.500 7.768 8.030 8.286 8.535 8.777 9.013 9.242 8.852 8.156 7.481 6.824 6.188 5.571 4.974 4.396 3.838 3.299 2.781 2.281 2.177 2.220 2.271 2.328 2.392 2.463 2.541 2.626 2.718 2.816
28.104 28.682 29.154 28.975 26.857 24.825 22.879 21.018 19.243 17.554 15.951 14.434 13.003 11.657 10.397 9.599 9.748 9.915 10.101 10.305 10.528 10.769 11.028 11.306 11.602 11.917 12.250 12.292 11.799 11.291 10.769 10.232 9.680 9.113 8.531 7.922 7.324 6.735 6.156 5.961 6.233 6.499 6.758 7.010 7.256 7.496 7.729 7.955 8.175 8.389 8.595 8.360 7.733 7.125 6.537 5.968 5.419 4.890 4.380 3.890 3.419 2.968 2.536 2.403 2.470 2.545 2.626 2.714 2.808 2.910 3.019 3.134 3.256
24.674 24.884 24.989 24.871 23.052 21.319 19.672 18.110 16.635 15.245 13.941 12.722 11.589 10.543 9.581 8.855 9.068 9.299 9.550 9.818 10.105 10.410 10.734 11.076 11.436 11.815 12.212 12.402 11.757 11.122 10.497 9.883 9.279 8.685 8.101 7.527 6.963 6.410 5.867 5.568 5.818 6.061 6.298 6.528 6.751 6.968 7.179 7.383 7.580 7.771 7.956 7.851 7.291 6.751 6.231 5.730 5.249 4.787 4.345 3.923 3.520 3.136 2.773 2.622 2.713 2.811 2.916 3.028 3.147 3.272 3.404 3.544 3.690
21.364 21.207 20.945 20.577 19.159 17.725 16.376 15.114 13.937 12.846 11.840 10.920 10.086 9.338 8.675 8.098 8.369 8.665 8.979 9.312 9.657 9.982 10.300 10.611 10.915 11.211 11.499 11.714 11.104 10.505 9.916 9.336 8.767 8.209 7.660 7.122 6.594 6.075 5.568 5.183 5.410 5.631 5.845 6.052 6.253 6.448 6.636 6.817 6.992 7.161 7.323 7.322 6.831 6.359 5.906 5.473 5.059 4.666 4.291 3.937 3.601 3.286 2.990 2.835 2.950 3.071 3.200 3.335 3.478 3.627 3.783 3.946 4.116
18.175 17.651 17.022 16.288 15.177 14.042 12.992 12.028 11.150 10.357 9.650 9.028 8.493 8.095 7.814 7.505 7.737 8.067 8.389 8.704 9.012 9.312 9.604 9.889 10.167 10.438 10.701 10.956 10.442 9.878 9.324 8.780 8.247 7.723 7.210 6.707 6.214 5.731 5.258 4.804 5.009 5.207 5.399 5.584 5.762 5.935 6.100 6.259 6.412 6.558 6.698 6.775 6.351 5.947 5.562 5.197 4.851 4.525 4.219 3.932 3.664 3.416 3.188 3.040 3.179 3.324 3.477 3.636 3.802 3.975 4.155 4.341 4.535
15.107 14.216 13.220 12.119 11.107 10.270 9.769 9.580 9.364 9.122 8.854 8.559 8.238 7.891 7.517 7.117 7.203 7.507 7.804 8.093 8.375 8.650 8.917 9.176 9.429 9.673 9.911 10.141 9.771 9.242 8.723 8.214 7.716 7.228 6.750 6.282 5.824 5.377 4.939 4.512 4.615 4.791 4.960 5.123 5.279 5.428 5.572 5.708 5.838 5.962 6.079 6.190 5.854 5.517 5.200 4.902 4.624 4.366 4.127 3.908 3.708 3.527 3.367 3.239 3.401 3.571 3.747 3.930 4.119 4.316 4.519 4.730 4.946
12.921 12.306 11.708 11.126 10.718 10.490 10.235 9.954 9.647 9.313 8.953 8.567 8.154 7.715 7.250 6.758 6.678 6.956 7.227 7.491 7.747 7.996 8.238 8.472 8.698 8.918 9.130 9.334 9.089 8.596 8.112 7.639 7.176 6.723 6.280 5.847 5.425 5.013 4.610 4.218 4.228 4.381 4.528 4.668 4.802 4.929 5.050 5.164 5.272 5.373 5.468 5.557 5.337 5.068 4.819 4.589 4.379 4.188 4.017 3.865 3.733 3.620 3.527 3.453 3.617 3.812 4.034 4.250 4.459 4.662 4.859 5.050 5.235
13.475 12.916 12.374 11.847 11.397 11.076 10.730 10.357 9.958 9.533 9.081 8.603 8.099 7.568 7.011 6.428 6.160 6.413 6.659 6.897 7.128 7.351 7.567 7.776 7.977 8.171 8.357 8.536 8.398 7.940 7.492 7.054 6.626 6.208 5.801 5.403 5.016 4.639 4.272 3.915 3.848 3.979 4.103 4.221 4.332 4.437 4.536 4.628 4.713 4.792 4.864 4.930 4.802 4.601 4.419 4.257 4.114 3.991 3.896 3.867 3.851 3.848 3.857 3.878 4.049 4.256 4.456 4.650 4.839 5.020 5.196 5.366 5.530
14.010 13.507 13.021 12.550 12.103 11.691 11.253 10.788 10.298 9.781 9.237 8.668 8.072 7.450 6.801 6.126 5.652 5.879 6.099 6.312 6.517 6.715 6.905 7.088 7.264 7.432 7.593 7.747 7.698 7.275 6.862 6.459 6.066 5.684 5.311 4.949 4.597 4.255 3.923 3.601 3.475 3.583 3.685 3.781 3.870 3.952 4.028 4.098 4.161 4.217 4.268 4.328 4.346 4.285 4.237 4.201 4.178 4.168 4.170 4.185 4.213 4.253 4.305 4.371 4.519 4.704 4.883 5.056 5.223 5.384 5.539 5.687 5.829
14.527 14.080 13.649 13.234 12.836 12.333 11.804 11.248 10.665 10.057 9.422 8.761 8.073 7.359 6.619 5.853 5.151 5.353 5.548 5.735 5.915 6.087 6.252 6.410 6.560 6.702 6.838 6.966 6.988 6.600 6.222 5.854 5.497 5.150 4.812 4.485 4.168 3.861 3.565 3.278 3.109 3.195 3.275 3.348 3.437 3.580 3.716 3.845 3.968 4.084 4.194 4.297 4.346 4.329 4.324 4.332 4.353 4.386 4.432 4.490 4.562 4.645 4.742 4.851 4.994 5.158 5.316 5.468 5.614 5.753 5.886 6.014 6.135
15.027 14.635 14.260 13.900 13.557 13.004 12.383 11.735 11.061 10.361 9.635 8.882 8.103 7.298 6.466 5.609 4.725 4.836 5.005 5.167 5.321 5.468 5.607 5.739 5.864 5.981 6.091 6.194 6.268 5.916 5.573 5.240 4.918 4.606 4.304 4.012 3.730 3.494 3.325 3.153 3.027 3.173 3.312 3.445 3.572 3.691 3.805 3.911 4.012 4.105 4.192 4.273 4.333 4.359 4.399 4.450 4.514 4.591 4.681 4.783 4.898 5.025 5.165 5.318 5.475 5.618 5.754 5.885 6.009 6.127 6.239 6.345 6.445
15.508 15.172 14.852 14.548 14.261 13.702 12.990 12.251 11.485 10.694 9.876 9.032 8.161 7.265 6.342 5.393 4.418 4.327 4.471 4.607 4.735 4.857 4.971 5.077 5.177 5.269 5.353 5.430 5.500 5.221 4.978 4.821 4.661 4.497 4.330 4.159 3.985 3.808 3.627 3.443 3.258 3.381 3.498 3.608 3.712 3.809 3.900 3.984 4.062 4.132 4.197 4.255 4.308 4.378 4.460 4.556 4.664 4.784 4.917 5.063 5.221 5.392 5.576 5.772 5.961 6.082 6.197 6.307 6.410 6.507 6.598 6.683 6.761
15.970 15.690 15.426 15.178 14.946 14.429 13.625 12.794 11.937 11.054 10.145 9.210 8.248 7.260 6.246 5.206 4.139 3.827 3.945 4.055 4.159 4.254 4.343 4.483 4.686 4.900 5.124 5.359 5.604 5.544 5.379 5.210 5.037 4.862 4.683 4.500 4.314 4.125 3.932 3.736 3.537 3.596 3.691 3.778 3.859 3.934 4.002 4.063 4.118 4.166 4.208 4.243 4.272 4.384 4.510 4.649 4.800 4.964 5.141 5.330 5.532 5.747 5.974 6.214 6.452 6.552 6.646 6.734 6.816 6.892 6.962 7.025 7.083
16.415 16.190 15.982 15.789 15.612 15.183 14.288 13.366 12.418 11.443 10.443 9.416 8.363 7.284 6.179 5.047 3.917 3.432 3.609 3.796 3.994 4.202 4.420 4.649 4.889 5.139 5.399 5.670 5.951 5.959 5.782 5.601 5.417 5.230 5.039 4.844 4.647 4.445 4.241 4.033 3.822 3.818 3.889 3.954 4.013 4.064 4.110 4.148 4.181 4.206 4.225 4.238 4.244 4.377 4.547 4.729 4.925 5.132 5.352 5.585 5.831 6.089 6.359 6.642 6.938 7.027 7.100 7.167 7.228 7.282 7.331 7.373 7.409
16.842 16.672 16.519 16.382 16.261 15.966 14.979 13.966 12.926 11.793 10.637 9.496 8.368 7.255 6.156 5.071 4.001 3.370 3.583 3.806 4.040 4.284 4.539 4.804 5.080 5.366 5.663 5.970 6.287 6.378 6.189 5.996 5.800 5.601 5.398 5.192 4.982 4.769 4.553 4.333 4.110 4.046 4.094 4.137 4.172 4.202 4.224 4.240 4.250 4.253 4.249 4.239 4.223 4.358 4.572 4.798 5.036 5.287 5.551 5.827 6.116 6.418 6.732 7.059 7.398 7.508 7.559 7.605 7.645 7.678 7.705 7.727 7.742
17.250 17.136 17.038 16.846 16.544 16.088 14.924 13.774 12.639 11.518 10.411 9.319 8.240 7.176 6.127 5.091 4.070 3.296 3.545 3.805 4.075 4.356 4.647 4.948 5.260 5.582 5.915 6.258 6.612 6.799 6.598 6.394 6.186 5.975 5.760 5.542 5.320 5.096 4.867 4.636 4.401 4.280 4.306 4.326 4.339 4.345 4.345 4.339 4.326 4.306 4.280 4.247 4.208 4.327 4.584 4.853 5.135 5.430 5.737 6.057 6.389 6.734 7.092 7.462 7.845 7.993 8.024 8.048 8.067 8.031 7.978 7.924 7.868
18.430 18.077 17.615 17.045 16.365 15.576 14.486 13.386 12.300 11.228 10.170 9.127 8.098 7.083 6.082 5.096 4.124 3.211 3.497 3.793 4.099 4.416 4.743 5.081 5.429 5.787 6.156 6.535 6.925 7.224 7.011 6.795 6.575 6.352 6.125 5.895 5.662 5.425 5.185 4.942 4.695 4.520 4.524 4.521 4.511 4.495 4.473 4.443 4.408 4.366 4.317 4.262 4.200 4.283 4.583 4.896 5.222 5.560 5.911 6.274 6.650 7.038 7.393 7.736 8.076 8.202 8.149 8.095 8.041 7.985 7.928 7.870 7.812
19.882 19.151 18.311 17.363 16.305 15.139 14.034 12.983 11.946 10.923 9.915 8.920 7.940 6.975 6.023 5.086 4.163 3.254 3.438 3.770 4.112 4.465 4.828 5.202 5.586 5.981 6.386 6.801 7.227 7.652 7.427 7.199 6.967 6.732 6.494 6.252 6.007 5.758 5.506 5.251 4.992 4.767 4.748 4.722 4.690 4.651 4.606 4.555 4.496 4.431 4.360 4.282 4.198 4.227 4.571 4.921 5.269 5.616 5.961 6.304 6.646 6.986 7.324 7.661 7.996 8.170 8.114 8.057 7.999 7.940 7.879 7.818 7.756
21.452 20.343 19.126 17.800 16.365 14.822 13.567 12.565 11.577 10.603 9.644 8.699 7.768 6.851 5.949 5.061 4.187 3.327 3.367 3.735 4.114 4.503 4.902 5.312 5.733 6.163 6.604 7.056 7.518 7.990 7.846 7.606 7.362 7.115 6.865 6.612 6.355 6.094 5.830 5.563 5.293 5.020 4.978 4.930 4.875 4.814 4.746 4.672 4.578 4.484 4.394 4.307 4.224 4.203 4.549 4.894 5.236 5.577 5.917 6.254 6.590 6.924 7.257 7.588 7.917 8.139 8.080 8.019 7.958 7.895 7.832 7.767 7.702
23.140 21.654 20.059 18.356 16.544 14.623 13.085 12.132 11.193 10.269 9.359 8.463 7.581 6.713 5.860 5.021 4.196 3.385 3.285 3.690 4.105 4.530 4.965 5.411 5.868 6.334 6.812 7.299 7.797 8.306 8.268 8.016 7.761 7.502 7.240 6.974 6.706 6.433 6.158 5.879 5.596 5.264 5.127 5.025 4.927 4.831 4.739 4.651 4.565 4.483 4.405 4.330 4.258 4.189 4.529 4.868 5.205 5.540 5.874 6.206 6.536 6.864 7.191 7.517 7.840 8.110 8.047 7.983 7.918 7.852 7.785 7.717 7.648
24.946 23.083 21.111 19.031 16.842 14.544 12.589 11.685 10.795 9.920 9.058 8.211 7.379 6.560 5.756 4.966 4.190 3.428 3.193 3.633 4.084 4.545 5.017 5.499 5.992 6.494 7.008 7.531 8.065 8.610 8.693 8.429 8.162 7.892 7.514 7.145 6.789 6.445 6.113 5.794 5.486 5.190 5.042 4.952 4.865 4.781 4.700 4.623 4.550 4.479 4.412 4.348 4.288 4.231 4.511 4.844 5.175 5.504 5.832 6.159 6.483 6.806 7.127 7.447 7.765 8.081 8.014 7.947 7.879 7.810 7.739 7.668 7.596
26.870 24.630 22.282 19.824 17.259 14.585 12.078 11.223 10.382 9.556 8.744 7.946 7.162 6.392 5.637 4.896 4.169 3.456 3.089 3.566 4.053 4.550 5.058 5.576 6.104 6.643 7.189 7.637 8.071 8.493 8.562 8.187 7.825 7.474 7.135 6.809 6.495 6.193 5.903 5.625 5.359 5.105 4.954 4.875 4.800 4.727 4.658 4.593 4.531 4.472 4.416 4.364 4.315 4.270 4.494 4.821 5.147 5.471 5.793 6.113 6.432 6.749 7.065 7.379 7.691 8.001 7.983 7.912 7.841 7.768 7.695 7.620 7.544
