DATA/SHG/ECMWF/20170628/EN-49/20170703.en-49.asc
ncols        190
nrows        64
xllcorner    -5100000.000000000000
yllcorner    4130000.000000000000
cellsize     10000.000000000000
NODATA_value  -99999.000
[rows 0 to 31 of 64, columns 0 to 72 of 190]
1.276 1.302 1.328 1.355 1.383 1.412 1.441 1.471 1.502 1.531 1.558 1.582 1.604 1.624 1.642 1.659 1.673 1.685 1.695 1.717 1.743 1.741 1.724 1.706 1.685 1.663 1.639 1.613 1.585 1.555 1.524 1.490 1.455 1.521 1.652 1.779 1.904 2.025 2.142 2.257 2.368 2.477 2.582 2.684 2.782 2.741 2.586 2.438 2.298 2.166 2.042 1.926 1.818 1.717 1.625 1.540 1.463 1.479 1.595 1.708 1.819 1.926 2.030 2.132 2.230 2.325 2.418 2.507 2.594 2.848 3.391 3.956 4.543
1.138 1.166 1.196 1.226 1.256 1.288 1.320 1.353 1.387 1.413 1.433 1.450 1.482 1.514 1.544 1.572 1.599 1.624 1.647 1.669 1.689 1.686 1.663 1.638 1.611 1.582 1.551 1.519 1.484 1.448 1.410 1.370 1.329 1.362 1.481 1.597 1.711 1.820 1.927 2.031 2.131 2.228 2.322 2.413 2.500 2.500 2.372 2.252 2.140 2.035 1.939 1.850 1.770 1.697 1.632 1.575 1.526 1.532 1.638 1.740 1.840 1.937 2.031 2.122 2.210 2.295 2.377 2.456 2.533 2.739 3.358 3.999 4.661
0.999 1.030 1.062 1.095 1.132 1.181 1.232 1.286 1.342 1.388 1.419 1.448 1.475 1.501 1.525 1.548 1.569 1.588 1.606 1.622 1.637 1.634 1.604 1.572 1.539 1.503 1.466 1.427 1.386 1.343 1.299 1.252 1.204 1.206 1.314 1.419 1.521 1.620 1.715 1.808 1.897 1.983 2.066 2.145 2.222 2.250 2.150 2.058 1.973 1.897 1.828 1.767 1.714 1.669 1.632 1.603 1.581 1.587 1.683 1.775 1.865 1.951 2.035 2.115 2.193 2.268 2.340 2.408 2.521 2.694 3.372 4.030 4.668
0.896 0.944 0.994 1.047 1.102 1.159 1.219 1.281 1.346 1.400 1.425 1.448 1.470 1.490 1.508 1.525 1.541 1.554 1.566 1.577 1.586 1.583 1.547 1.508 1.468 1.427 1.383 1.337 1.290 1.241 1.190 1.137 1.082 1.053 1.150 1.244 1.335 1.423 1.507 1.588 1.666 1.741 1.813 1.882 1.947 1.994 1.921 1.856 1.800 1.751 1.710 1.677 1.651 1.634 1.624 1.622 1.628 1.646 1.731 1.813 1.899 2.062 2.212 2.349 2.473 2.583 2.680 2.764 2.835 2.892 3.491 4.079 4.648
0.830 0.886 0.945 1.006 1.069 1.135 1.203 1.274 1.347 1.413 1.432 1.450 1.466 1.481 1.493 1.505 1.514 1.522 1.529 1.534 1.537 1.534 1.492 1.447 1.400 1.352 1.302 1.250 1.196 1.140 1.083 1.023 0.962 0.904 0.990 1.073 1.153 1.229 1.302 1.373 1.439 1.503 1.564 1.621 1.676 1.727 1.685 1.648 1.618 1.597 1.584 1.578 1.580 1.613 1.730 1.861 2.007 2.166 2.323 2.466 2.596 2.713 2.817 2.907 2.984 3.048 3.099 3.136 3.161 3.172 3.629 4.147 4.646
0.761 0.826 0.893 0.963 1.034 1.109 1.185 1.264 1.345 1.428 1.442 1.454 1.464 1.473 1.480 1.486 1.490 1.492 1.493 1.492 1.490 1.486 1.439 1.387 1.334 1.280 1.223 1.164 1.104 1.042 0.978 0.912 0.844 0.774 0.833 0.905 0.974 1.039 1.101 1.160 1.216 1.269 1.318 1.365 1.408 1.448 1.470 1.538 1.620 1.716 1.826 1.951 2.089 2.241 2.408 2.589 2.783 2.992 3.125 3.222 3.305 3.376 3.433 3.477 3.507 3.525 3.529 3.520 3.498 3.463 3.785 4.234 4.662
0.691 0.764 0.839 0.917 0.997 1.079 1.164 1.251 1.341 1.433 1.453 1.459 1.464 1.467 1.469 1.469 1.467 1.464 1.459 1.452 1.444 1.435 1.388 1.330 1.270 1.209 1.146 1.081 1.014 0.945 0.875 0.802 0.728 0.652 0.680 0.741 0.798 0.852 0.903 0.979 1.079 1.181 1.288 1.398 1.511 1.628 1.738 1.855 1.987 2.132 2.292 2.466 2.653 2.855 3.071 3.301 3.545 3.803 3.939 3.989 4.026 4.050 4.061 4.058 4.043 4.014 3.972 3.917 3.848 3.767 3.960 4.339 4.698
0.617 0.699 0.782 0.869 0.957 1.048 1.141 1.236 1.334 1.434 1.466 1.466 1.466 1.463 1.459 1.453 1.446 1.437 1.426 1.414 1.401 1.385 1.339 1.274 1.208 1.141 1.071 0.999 0.926 0.851 0.774 0.695 0.635 0.583 0.617 0.711 0.808 0.909 1.014 1.122 1.234 1.349 1.468 1.590 1.716 1.846 1.991 2.158 2.339 2.534 2.743 2.966 3.203 3.454 3.719 3.998 4.292 4.599 4.764 4.768 4.759 4.736 4.701 4.652 4.590 4.515 4.426 4.325 4.210 4.082 4.153 4.462 4.752
0.541 0.631 0.723 0.818 0.914 1.014 1.115 1.219 1.325 1.433 1.480 1.475 1.469 1.461 1.451 1.440 1.427 1.412 1.396 1.378 1.359 1.338 1.292 1.221 1.149 1.092 1.037 0.983 0.929 0.876 0.824 0.773 0.722 0.671 0.692 0.799 0.909 1.022 1.140 1.260 1.385 1.513 1.644 1.779 1.918 2.060 2.231 2.447 2.677 2.921 3.179 3.452 3.738 4.038 4.353 4.681 5.023 5.380 5.601 5.559 5.503 5.434 5.352 5.257 5.149 5.027 4.893 4.745 4.584 4.410 4.364 4.604 4.824
0.463 0.561 0.662 0.764 0.869 0.977 1.087 1.199 1.313 1.430 1.497 1.486 1.474 1.460 1.445 1.428 1.409 1.390 1.380 1.370 1.360 1.350 1.324 1.269 1.215 1.162 1.109 1.057 1.006 0.955 0.905 0.856 0.807 0.759 0.764 0.883 1.006 1.132 1.262 1.395 1.532 1.672 1.817 1.964 2.116 2.270 2.455 2.721 3.000 3.294 3.601 3.922 4.258 4.608 4.971 5.349 5.740 6.146 6.449 6.361 6.259 6.144 6.016 5.874 5.720 5.552 5.371 5.177 4.970 4.750 4.594 4.765 4.915
0.382 0.489 0.597 0.708 0.822 0.937 1.056 1.176 1.299 1.424 1.516 1.507 1.498 1.488 1.478 1.468 1.458 1.448 1.438 1.427 1.417 1.406 1.386 1.334 1.282 1.231 1.181 1.131 1.082 1.034 0.986 0.939 0.892 0.846 0.832 0.963 1.098 1.237 1.380 1.526 1.675 1.828 1.985 2.145 2.309 2.477 2.666 2.980 3.309 3.651 4.008 4.379 4.764 5.162 5.575 6.002 6.442 6.897 7.310 7.175 7.026 6.865 6.691 6.503 6.302 6.088 5.861 5.621 5.368 5.101 4.843 4.944 5.025
0.299 0.414 0.531 0.655 0.786 0.917 1.050 1.184 1.320 1.456 1.578 1.568 1.558 1.548 1.538 1.528 1.517 1.506 1.495 1.484 1.473 1.462 1.448 1.398 1.348 1.300 1.251 1.204 1.157 1.111 1.065 1.021 0.976 0.933 0.895 1.040 1.188 1.339 1.494 1.652 1.815 1.980 2.150 2.322 2.499 2.679 2.863 3.225 3.603 3.995 4.401 4.821 5.254 5.702 6.164 6.640 7.130 7.633 8.151 8.000 7.806 7.598 7.378 7.144 6.897 6.637 6.364 6.137 5.970 5.828 5.709 5.887 6.075
0.268 0.399 0.531 0.665 0.800 0.936 1.073 1.211 1.351 1.491 1.633 1.630 1.619 1.609 1.598 1.587 1.576 1.564 1.553 1.541 1.530 1.518 1.506 1.461 1.414 1.367 1.321 1.276 1.232 1.188 1.144 1.102 1.060 1.018 0.978 1.112 1.273 1.437 1.604 1.775 1.950 2.128 2.310 2.496 2.685 2.877 3.073 3.456 3.883 4.324 4.779 5.248 5.731 6.227 6.738 7.263 7.802 8.355 8.922 8.837 8.577 8.327 8.101 7.898 7.720 7.565 7.434 7.327 7.244 7.185 7.149 7.261 7.395
0.264 0.399 0.536 0.674 0.813 0.953 1.094 1.237 1.380 1.525 1.671 1.691 1.680 1.669 1.658 1.646 1.635 1.623 1.611 1.599 1.586 1.574 1.561 1.523 1.478 1.434 1.391 1.348 1.305 1.263 1.222 1.182 1.142 1.103 1.065 1.181 1.354 1.531 1.711 1.895 2.082 2.273 2.467 2.665 2.867 3.072 3.280 3.672 4.148 4.638 5.142 5.660 6.192 6.706 7.219 7.738 8.262 8.791 9.325 9.351 9.160 8.993 8.850 8.731 8.636 8.565 8.517 8.493 8.493 8.517 8.565 8.648 8.728
0.258 0.398 0.539 0.681 0.824 0.968 1.114 1.261 1.409 1.558 1.708 1.753 1.741 1.730 1.718 1.706 1.693 1.681 1.669 1.656 1.643 1.630 1.617 1.585 1.542 1.500 1.459 1.418 1.378 1.339 1.300 1.262 1.224 1.187 1.151 1.246 1.432 1.621 1.814 2.010 2.210 2.413 2.620 2.830 3.045 3.262 3.482 3.851 4.351 4.857 5.368 5.884 6.406 6.932 7.464 8.002 8.544 9.092 9.644 9.827 9.720 9.636 9.576 9.540 9.528 9.540 9.575 9.635 9.718 9.825 9.956 10.047 10.074
0.251 0.395 0.540 0.687 0.834 0.983 1.132 1.283 1.435 1.589 1.743 1.814 1.802 1.790 1.778 1.765 1.752 1.739 1.726 1.713 1.700 1.686 1.673 1.646 1.606 1.566 1.527 1.488 1.450 1.413 1.376 1.340 1.305 1.270 1.236 1.308 1.506 1.707 1.932 2.255 2.548 2.812 3.046 3.250 3.425 3.570 3.686 3.962 4.481 5.005 5.534 6.069 6.609 7.154 7.704 8.260 8.821 9.387 9.958 10.280 10.255 10.255 10.278 10.325 10.396 10.491 10.610 10.752 10.918 11.108 11.322 11.458 11.432
0.243 0.391 0.541 0.691 0.843 0.996 1.150 1.305 1.461 1.619 1.777 1.876 1.863 1.851 1.838 1.825 1.811 1.798 1.784 1.771 1.757 1.743 1.729 1.706 1.668 1.630 1.593 1.557 1.521 1.486 1.452 1.465 1.598 1.752 1.927 2.161 2.469 2.747 2.996 3.215 3.404 3.564 3.694 3.795 3.866 3.907 3.919 4.067 4.604 5.147 5.695 6.248 6.806 7.369 7.938 8.512 9.091 9.676 10.266 10.708 10.767 10.850 10.956 11.086 11.240 11.418 11.620 11.845 12.094 12.367 12.664 12.882 12.802
0.234 0.386 0.540 0.694 0.850 1.007 1.165 1.325 1.485 1.647 1.810 1.938 1.925 1.911 1.898 1.884 1.870 1.856 1.842 1.828 1.814 1.799 1.784 1.766 1.767 1.827 1.907 2.009 2.131 2.275 2.439 2.624 2.831 3.058 3.306 3.566 3.769 3.944 4.088 4.204 4.289 4.345 4.371 4.368 4.336 4.273 4.181 4.166 4.722 5.283 5.849 6.421 6.998 7.580 8.167 8.759 9.357 9.960 10.568 11.113 11.255 11.421 11.610 11.823 12.060 12.321 12.606 12.914 13.246 13.602 13.981 14.318 14.185
0.223 0.380 0.537 0.696 0.856 1.017 1.180 1.343 1.508 1.674 1.841 2.000 1.986 1.972 1.958 1.944 1.930 1.928 1.948 1.982 2.033 2.099 2.180 2.278 2.390 2.523 2.677 2.851 3.047 3.264 3.502 3.761 4.040 4.341 4.662 4.998 5.098 5.169 5.210 5.221 5.203 5.155 5.078 4.971 4.835 4.669 4.473 4.260 4.835 5.414 5.999 6.589 7.184 7.784 8.390 9.000 9.616 10.237 10.864 11.495 11.719 11.968 12.240 12.537 12.856 13.200 13.567 13.959 14.373 14.812 15.274 15.760 15.581
0.211 0.372 0.533 0.696 0.861 1.026 1.193 1.360 1.529 1.700 1.854 1.996 1.992 1.988 2.000 2.027 2.069 2.128 2.202 2.291 2.396 2.517 2.654 2.806 2.989 3.196 3.423 3.671 3.940 4.230 4.541 4.873 5.226 5.600 5.995 6.410 6.455 6.422 6.359 6.267 6.145 5.994 5.813 5.603 5.363 5.093 4.794 4.466 4.942 5.539 6.142 6.751 7.364 7.983 8.607 9.236 9.870 10.510 11.155 11.805 12.160 12.492 12.847 13.226 13.628 14.055 14.505 14.979 15.477 15.998 16.543 17.112 16.989
0.197 0.362 0.528 0.716 0.893 1.060 1.216 1.363 1.500 1.626 1.742 1.848 1.901 1.951 2.018 2.100 2.197 2.310 2.439 2.583 2.743 2.918 3.109 3.316 3.566 3.846 4.146 4.468 4.810 5.174 5.558 5.963 6.389 6.836 7.304 7.793 7.841 7.704 7.537 7.341 7.116 6.861 6.577 6.263 5.920 5.547 5.144 4.713 5.043 5.659 6.281 6.907 7.539 8.176 8.818 9.466 10.119 10.777 11.440 12.108 12.577 12.991 13.429 13.891 14.377 14.886 15.419 15.848 16.071 16.276 16.463 16.632 16.204
0.379 0.551 0.712 0.864 1.006 1.137 1.258 1.369 1.470 1.560 1.641 1.711 1.793 1.898 2.019 2.156 2.308 2.476 2.659 2.858 3.073 3.303 3.548 3.810 4.120 4.473 4.847 5.242 5.657 6.094 6.551 7.029 7.529 8.049 8.590 9.152 9.254 9.014 8.744 8.445 8.116 7.757 7.370 6.952 6.506 6.029 5.524 4.989 5.139 5.774 6.413 7.058 7.709 8.364 9.025 9.690 10.361 11.038 11.719 12.406 12.880 13.166 13.434 13.684 13.916 14.131 14.327 14.505 14.666 14.808 14.933 15.039 14.709
0.645 0.782 0.908 1.024 1.129 1.225 1.311 1.386 1.451 1.506 1.551 1.586 1.668 1.828 2.004 2.195 2.402 2.624 2.862 3.116 3.385 3.670 3.970 4.286 4.651 5.077 5.524 5.992 6.481 6.991 7.521 8.073 8.645 9.238 9.852 10.487 10.696 10.352 9.979 9.576 9.144 8.682 8.191 7.671 7.121 6.541 5.932 5.294 5.229 5.882 6.541 7.204 7.872 8.493 9.066 9.619 10.152 10.666 11.160 11.634 11.992 12.215 12.421 12.609 12.779 12.931 13.065 13.181 13.279 13.359 13.422 13.466 13.210
0.922 1.023 1.114 1.194 1.264 1.324 1.374 1.414 1.443 1.463 1.472 1.472 1.527 1.741 1.972 2.218 2.479 2.756 3.049 3.357 3.681 4.020 4.375 4.745 5.160 5.659 6.179 6.720 7.282 7.865 8.468 9.093 9.738 10.404 11.091 11.799 12.166 11.719 11.242 10.736 10.201 9.636 9.041 8.418 7.764 7.082 6.322 5.565 5.255 5.858 6.442 7.005 7.549 8.073 8.577 9.062 9.526 9.971 10.397 10.802 11.122 11.283 11.427 11.552 11.660 11.750 11.821 11.875 11.911 11.929 11.930 11.912 11.705
1.210 1.275 1.330 1.375 1.410 1.434 1.448 1.453 1.447 1.431 1.405 1.368 1.369 1.638 1.923 2.224 2.540 2.871 3.218 3.581 3.959 4.353 4.762 5.187 5.645 6.218 6.811 7.425 8.060 8.716 9.392 10.089 10.808 11.547 12.307 13.088 13.664 13.114 12.534 11.695 10.849 10.027 9.231 8.461 7.716 6.997 6.303 5.635 5.199 5.733 6.248 6.743 7.218 7.673 8.108 8.524 8.920 9.297 9.653 9.990 10.270 10.369 10.451 10.514 10.560 10.587 10.597 10.588 10.562 10.518 10.456 10.377 10.195
1.512 1.539 1.558 1.567 1.566 1.555 1.534 1.503 1.461 1.410 1.348 1.276 1.194 1.518 1.858 2.213 2.583 2.969 3.371 3.788 4.221 4.669 5.133 5.612 6.108 6.754 7.420 8.107 8.815 9.543 10.293 11.058 11.564 12.060 12.545 13.021 13.455 12.621 11.812 11.028 10.271 9.538 8.831 8.150 7.494 6.864 6.259 5.680 5.163 5.628 6.074 6.500 6.906 7.293 7.660 8.007 8.334 8.642 8.930 9.198 9.437 9.474 9.493 9.495 9.478 9.443 9.391 9.321 9.232 9.126 9.002 8.860 8.680
1.851 1.813 1.796 1.770 1.733 1.687 1.630 1.563 1.486 1.399 1.302 1.195 1.078 1.382 1.776 2.185 2.610 3.051 3.507 3.978 4.466 4.968 5.486 6.020 6.543 7.065 7.596 8.118 8.629 9.131 9.622 10.103 10.573 11.034 11.484 11.925 12.355 11.751 11.031 10.337 9.668 9.025 8.407 7.814 7.247 6.706 6.190 5.700 5.235 5.542 5.919 6.277 6.614 6.932 7.231 7.509 7.768 8.007 8.227 8.426 8.606 8.598 8.555 8.494 8.415 8.318 8.204 8.071 7.921 7.753 7.567 7.363 7.141
2.204 2.097 2.045 1.984 1.912 1.829 1.737 1.635 1.523 1.400 1.267 1.125 0.972 1.228 1.677 2.141 2.620 3.114 3.594 4.045 4.469 4.865 5.233 5.574 5.887 6.333 6.829 7.315 7.792 8.258 8.713 9.159 9.595 10.020 10.435 10.840 11.235 10.856 10.225 9.620 9.040 8.486 7.957 7.453 6.975 6.523 6.096 5.694 5.318 5.476 5.785 6.073 6.342 6.592 6.822 7.032 7.222 7.392 7.543 7.675 7.786 7.739 7.634 7.511 7.370 7.212 7.035 6.841 6.628 6.398 6.150 5.885 5.601
2.568 2.393 2.305 2.208 2.101 1.983 1.855 1.718 1.570 1.412 1.282 1.196 1.113 1.358 1.851 2.317 2.754 3.164 3.547 3.901 4.228 4.528 4.799 5.043 5.260 5.612 6.073 6.524 6.965 7.396 7.817 8.227 8.628 9.018 9.398 9.768 10.128 9.937 9.395 8.879 8.388 7.922 7.482 7.067 6.678 6.314 5.976 5.663 5.376 5.430 5.669 5.890 6.090 6.271 6.432 6.574 6.696 6.798 6.880 6.943 6.986 6.900 6.732 6.547 6.344 6.124 5.885 5.629 5.355 5.063 4.753 4.425 4.079
2.946 2.699 2.576 2.465 2.368 2.274 2.183 2.095 2.010 1.928 1.849 1.774 1.701 1.824 2.221 2.589 2.930 3.243 3.529 3.787 4.018 4.220 4.395 4.543 4.663 4.903 5.329 5.745 6.151 6.546 6.932 7.307 7.672 8.027 8.372 8.707 9.032 8.994 8.540 8.113 7.711 7.334 6.982 6.656 6.356 6.081 5.831 5.607 5.408 5.403 5.574 5.726 5.858 5.970 6.063 6.136 6.189 6.223 6.237 6.232 6.206 6.078 5.849 5.602 5.337 5.054 4.754 4.436 4.219 4.217 4.259 4.346 4.478
3.392 3.136 3.044 2.954 2.867 2.784 2.704 2.626 2.552 2.481 2.413 2.347 2.285 2.319 2.619 2.891 3.135 3.352 3.541 3.702 3.836 3.942 4.021 4.072 4.095 4.205 4.596 4.977 5.347 5.708 6.058 6.398 6.729 7.048 7.358 7.658 7.947 8.025 7.661 7.322 7.009 6.721 6.458 6.221 6.009 5.822 5.661 5.525 5.415 5.395 5.498 5.581 5.645 5.689 5.713 5.718 5.703 5.668 5.614 5.540 5.447 5.316 5.156 5.040 4.970 4.944 4.963 5.026 5.135 5.288 5.487 5.730 6.017
3.860 3.600 3.518 3.439 3.363 3.290 3.220 3.153 3.090 3.029 2.972 2.917 2.866 2.843 3.046 3.221 3.369 3.489 3.582 3.647 3.684 3.694 3.676 3.631 3.558 3.519 3.875 4.220 4.556 4.881 5.196 5.501 5.796 6.081 6.356 6.621 6.875 7.033 6.757 6.507 6.282 6.082 5.908 5.760 5.636 5.538 5.466 5.419 5.397 5.407 5.441 5.456 5.452 5.427 5.421 5.425 5.411 5.379 5.331 5.265 5.181 5.098 5.094 5.134 5.219 5.349 5.524 5.743 6.007 6.316 6.670 7.069 7.512
