DATA/SHG/ECMWF/20170628/EN-49/20170711.en-49.asc
ncols        190
nrows        64
xllcorner    -5100000.000000000000
yllcorner    4130000.000000000000
cellsize     10000.000000000000
NODATA_value  -99999.000
[rows 0 to 33 of 64, columns 76 to 151 of 190]
1.714 1.692 1.666 1.637 1.605 1.595 1.654 1.729 1.818 1.920 2.036 2.166 2.309 2.466 2.637 2.821 3.019 3.236 3.453 3.643 3.817 3.975 4.116 4.241 4.350 4.442 4.517 4.576 4.619 4.737 5.148 5.560 5.972 6.384 6.797 7.211 7.625 8.040 8.455 8.871 9.287 9.560 9.383 9.198 9.006 8.806 8.598 8.382 8.159 7.928 7.689 7.443 7.189 6.947 6.767 6.597 6.439 6.291 6.154 6.028 5.913 5.810 5.717 5.634 5.563 5.497 5.423 5.356 5.297 5.246 5.203 5.168 5.140 5.120 5.108 5.103
1.884 1.866 1.836 1.796 1.746 1.714 1.823 1.946 2.083 2.233 2.397 2.574 2.765 2.970 3.188 3.420 3.665 3.914 4.058 4.174 4.275 4.359 4.427 4.478 4.513 4.531 4.534 4.519 4.488 4.494 4.908 5.322 5.736 6.152 6.567 6.983 7.400 7.817 8.235 8.654 9.072 9.413 9.201 8.982 8.755 8.521 8.278 8.028 7.771 7.506 7.233 6.952 6.664 6.390 6.259 6.138 6.028 5.929 5.841 5.764 5.698 5.643 5.599 5.565 5.543 5.526 5.486 5.454 5.430 5.413 5.405 5.404 5.410 5.425 5.420 5.390
2.197 2.141 2.074 1.997 1.910 1.823 1.980 2.151 2.335 2.533 2.744 2.969 3.208 3.460 3.726 4.005 4.298 4.605 4.680 4.724 4.751 4.761 4.755 4.733 4.695 4.640 4.568 4.480 4.376 4.255 4.667 5.084 5.501 5.919 6.337 6.756 7.175 7.595 8.015 8.436 8.857 9.274 9.028 8.774 8.513 8.244 7.968 7.683 7.392 7.092 6.785 6.470 6.147 5.823 5.740 5.668 5.607 5.557 5.518 5.489 5.472 5.466 5.470 5.486 5.512 5.526 5.476 5.430 5.388 5.351 5.318 5.290 5.266 5.247 5.232 5.221
2.519 2.426 2.322 2.208 2.083 1.948 2.124 2.343 2.574 2.820 3.079 3.351 3.637 3.937 4.251 4.578 4.918 5.272 5.320 5.290 5.244 5.181 5.102 5.006 4.894 4.766 4.621 4.460 4.282 4.088 4.426 4.846 5.265 5.685 6.106 6.527 6.949 7.372 7.794 8.218 8.642 9.066 8.863 8.575 8.280 7.976 7.666 7.347 7.021 6.687 6.345 5.996 5.639 5.275 5.211 5.188 5.189 5.202 5.210 5.215 5.215 5.212 5.204 5.191 5.175 5.155 5.125 5.098 5.077 5.059 5.046 5.038 5.034 5.034 5.039 5.048
2.850 2.720 2.579 2.428 2.266 2.093 2.256 2.522 2.801 3.094 3.400 3.720 4.054 4.401 4.762 5.137 5.525 5.926 5.978 5.875 5.755 5.619 5.466 5.297 5.112 4.910 4.692 4.457 4.206 3.939 4.185 4.607 5.029 5.452 5.875 6.299 6.723 7.148 7.574 8.000 8.426 8.853 8.707 8.384 8.055 7.717 7.372 7.039 6.718 6.392 6.063 5.729 5.392 5.051 4.986 4.988 4.987 4.981 4.971 4.957 4.939 4.917 4.890 4.860 4.825 4.786 4.770 4.763 4.761 4.764 4.770 4.782 4.797 4.817 4.842 4.871
3.191 3.024 2.846 2.658 2.459 2.249 2.374 2.688 3.015 3.355 3.709 4.077 4.458 4.853 5.261 5.683 6.118 6.567 6.654 6.477 6.284 6.074 5.848 5.606 5.347 5.072 4.781 4.473 4.149 3.808 3.944 4.368 4.793 5.218 5.644 6.070 6.497 6.924 7.387 7.857 8.310 8.743 8.682 8.363 8.039 7.712 7.381 7.045 6.706 6.363 6.015 5.664 5.309 4.949 4.826 4.810 4.790 4.765 4.737 4.704 4.668 4.627 4.582 4.533 4.479 4.422 4.411 4.424 4.442 4.464 4.490 4.521 4.557 4.597 4.641 4.689
3.542 3.337 3.122 2.897 2.661 2.414 2.480 2.841 3.215 3.603 4.005 4.420 4.849 5.291 5.746 6.216 6.699 7.195 7.347 7.097 6.830 6.547 6.248 5.932 5.601 5.252 4.888 4.507 4.109 3.780 3.923 4.459 4.976 5.475 5.956 6.418 6.862 7.287 7.694 8.083 8.453 8.805 8.782 8.445 8.103 7.758 7.409 7.056 6.698 6.337 5.972 5.603 5.229 4.852 4.670 4.636 4.597 4.554 4.507 4.456 4.401 4.342 4.278 4.210 4.138 4.062 4.048 4.081 4.118 4.160 4.206 4.257 4.312 4.372 4.436 4.504
3.901 3.660 3.408 3.145 2.872 2.589 2.573 2.982 3.404 3.839 4.288 4.750 5.226 5.716 6.219 6.736 7.266 7.810 8.057 7.734 7.357 6.983 6.632 6.304 6.000 5.719 5.462 5.228 5.018 4.831 4.907 5.360 5.796 6.212 6.611 6.991 7.353 7.696 8.021 8.327 8.616 8.885 8.886 8.531 8.172 7.809 7.441 7.070 6.695 6.316 5.933 5.546 5.155 4.760 4.519 4.466 4.409 4.348 4.282 4.212 4.139 4.061 3.979 3.892 3.802 3.707 3.681 3.734 3.791 3.853 3.919 3.989 4.064 4.143 4.227 4.315
4.270 3.992 3.703 3.404 3.093 2.773 2.654 3.110 3.579 4.062 4.558 5.068 5.576 6.030 6.479 6.922 7.360 7.792 8.051 7.734 7.441 7.171 6.925 6.701 6.502 6.325 6.172 6.043 5.937 5.854 5.909 6.281 6.634 6.969 7.285 7.583 7.863 8.124 8.367 8.592 8.798 8.986 8.994 8.621 8.244 7.863 7.478 7.089 6.696 6.299 5.898 5.493 5.084 4.671 4.372 4.301 4.225 4.145 4.062 3.973 3.881 3.785 3.684 3.579 3.470 3.357 3.311 3.383 3.460 3.541 3.627 3.717 3.811 3.910 4.013 4.121
4.649 4.334 4.008 3.671 3.324 2.964 2.704 3.172 3.634 4.091 4.543 4.989 5.430 5.865 6.295 6.719 7.138 7.552 7.900 7.687 7.499 7.333 7.191 7.072 6.977 6.905 6.856 6.831 6.829 6.850 6.930 7.220 7.491 7.744 7.978 8.194 8.392 8.571 8.732 8.875 8.999 9.105 9.107 8.716 8.321 7.922 7.519 7.112 6.701 6.286 5.868 5.445 5.018 4.587 4.230 4.140 4.046 3.948 3.845 3.739 3.628 3.513 3.394 3.271 3.143 3.012 2.936 3.028 3.125 3.226 3.331 3.441 3.555 3.673 3.796 3.924
5.056 4.700 4.327 3.937 3.530 3.105 2.675 3.124 3.568 4.006 4.439 4.866 5.288 5.704 6.115 6.521 6.921 7.316 7.710 7.614 7.530 7.469 7.431 7.416 7.425 7.457 7.513 7.592 7.694 7.820 7.970 8.178 8.367 8.538 8.690 8.824 8.940 9.038 9.117 9.178 9.220 9.244 9.224 8.815 8.402 7.985 7.564 7.140 6.711 6.278 5.841 5.401 4.956 4.507 4.093 3.984 3.872 3.755 3.634 3.509 3.380 3.246 3.109 2.967 2.821 2.671 2.558 2.669 2.786 2.906 3.031 3.161 3.294 3.433 3.594 3.772
5.514 5.098 4.665 4.214 3.747 3.263 2.761 3.081 3.506 3.925 4.339 4.748 5.151 5.549 5.941 6.328 6.709 7.085 7.461 7.515 7.535 7.578 7.644 7.734 7.847 7.983 8.143 8.326 8.532 8.762 9.015 9.154 9.261 9.350 9.421 9.473 9.507 9.523 9.520 9.499 9.460 9.402 9.326 8.918 8.487 8.052 7.614 7.171 6.725 6.274 5.820 5.361 4.899 4.432 3.962 3.833 3.702 3.566 3.427 3.283 3.136 2.984 2.828 2.668 2.503 2.369 2.294 2.493 2.687 2.874 3.056 3.233 3.403 3.568 3.727 3.880
5.986 5.511 5.017 4.507 3.980 3.436 2.874 3.043 3.449 3.850 4.245 4.635 5.019 5.398 5.772 6.140 6.503 6.860 7.216 7.389 7.513 7.660 7.831 8.025 8.242 8.482 8.746 9.033 9.343 9.677 10.034 10.149 10.175 10.182 10.171 10.141 10.094 10.028 9.943 9.841 9.720 9.580 9.423 9.025 8.576 8.124 7.667 7.207 6.743 6.274 5.802 5.326 4.845 4.361 3.873 3.686 3.534 3.387 3.253 3.132 3.025 2.930 2.848 2.779 2.723 2.681 2.651 2.811 2.979 3.141 3.298 3.448 3.593 3.732 3.866 3.993
6.475 5.939 5.386 4.816 4.229 3.624 3.003 3.010 3.397 3.779 4.155 4.527 4.892 5.252 5.607 5.957 6.301 6.640 6.977 7.238 7.466 7.717 7.991 8.289 8.610 8.955 9.322 9.713 10.128 10.565 11.026 11.163 11.107 11.032 10.939 10.828 10.699 10.551 10.385 10.201 9.998 9.777 9.538 9.136 8.670 8.200 7.725 7.211 6.666 6.131 5.607 5.092 4.589 4.096 3.613 3.414 3.313 3.224 3.148 3.085 3.034 2.997 2.973 2.962 2.964 2.979 3.007 3.135 3.277 3.414 3.544 3.669 3.789 3.902 4.010 4.112
6.979 6.383 5.770 5.140 4.493 3.829 3.148 2.982 3.350 3.713 4.071 4.423 4.770 5.112 5.448 5.779 6.104 6.424 6.743 7.060 7.392 7.747 8.125 8.527 8.952 9.400 9.872 10.367 10.885 11.426 11.991 12.196 12.058 11.901 11.727 11.534 11.323 11.094 10.764 10.355 9.952 9.555 9.165 8.683 8.142 7.612 7.092 6.583 6.084 5.595 5.117 4.649 4.192 3.745 3.308 3.123 3.078 3.047 3.029 3.024 3.031 3.052 3.086 3.132 3.192 3.264 3.350 3.463 3.580 3.691 3.796 3.896 3.989 4.077 4.159 4.236
7.498 6.842 6.169 5.480 4.773 4.049 3.308 2.958 3.308 3.652 3.991 4.325 4.653 4.976 5.294 5.606 5.913 6.214 6.514 6.856 7.292 7.751 8.233 8.739 9.267 9.819 10.395 10.993 11.615 12.146 12.561 12.614 12.188 11.769 11.356 10.949 10.549 10.156 9.769 9.388 9.014 8.646 8.285 7.859 7.365 6.881 6.407 5.944 5.491 5.049 4.617 4.195 3.784 3.383 2.993 2.818 2.831 2.858 2.897 2.949 3.015 3.093 3.184 3.289 3.406 3.536 3.679 3.797 3.889 3.974 4.054 4.127 4.195 4.258 4.314 4.365
8.032 7.317 6.584 5.835 5.068 4.284 3.484 2.940 3.271 3.597 3.917 4.232 4.541 4.846 5.144 5.438 5.726 6.009 6.290 6.626 7.173 7.711 8.222 8.705 9.162 9.592 9.995 10.370 10.719 11.041 11.336 11.412 11.015 10.624 10.240 9.862 9.491 9.126 8.768 8.416 8.070 7.731 7.398 7.025 6.577 6.139 5.712 5.295 4.889 4.493 4.107 3.731 3.367 3.012 2.668 2.500 2.571 2.655 2.752 2.862 2.985 3.121 3.270 3.432 3.607 3.794 3.995 4.137 4.202 4.262 4.316 4.364 4.407 4.444 4.475 4.500
8.582 7.807 7.015 6.205 5.379 4.536 3.675 2.926 3.239 3.546 3.847 4.144 4.438 4.774 5.107 5.436 5.763 6.087 6.405 6.734 7.178 7.596 7.987 8.350 8.687 8.997 9.280 9.536 9.765 9.967 10.143 10.204 9.836 9.474 9.119 8.770 8.427 8.091 7.761 7.438 7.121 6.811 6.507 6.182 5.780 5.388 5.007 4.637 4.276 3.926 3.587 3.258 2.939 2.630 2.332 2.170 2.298 2.440 2.595 2.762 2.943 3.136 3.342 3.562 3.794 4.039 4.297 4.481 4.521 4.556 4.584 4.607 4.624 4.635 4.641 4.640
9.148 8.313 7.461 6.592 5.706 4.801 3.903 3.037 3.351 3.688 4.022 4.354 4.682 5.007 5.329 5.649 5.965 6.278 6.586 6.889 7.213 7.511 7.782 8.026 8.243 8.433 8.596 8.733 8.842 8.925 8.980 8.991 8.652 8.319 7.992 7.671 7.358 7.050 6.749 6.454 6.166 5.884 5.609 5.329 4.973 4.628 4.293 3.968 3.654 3.350 3.057 2.774 2.501 2.239 1.987 1.826 2.012 2.212 2.424 2.649 2.887 3.138 3.402 3.678 3.968 4.271 4.587 4.831 4.846 4.854 4.857 4.854 4.846 4.832 4.812 4.786
9.419 8.471 7.555 6.672 5.822 5.005 4.221 3.470 3.639 3.966 4.289 4.610 4.928 5.243 5.555 5.864 6.169 6.472 6.769 7.062 7.278 7.456 7.608 7.732 7.829 7.900 7.943 7.960 7.950 7.913 7.849 7.758 7.462 7.158 6.860 6.568 6.283 6.004 5.731 5.465 5.206 4.953 4.706 4.466 4.156 3.857 3.568 3.290 3.021 2.764 2.517 2.280 2.053 1.837 1.631 1.470 1.713 1.970 2.240 2.522 2.818 3.126 3.448 3.782 4.129 4.489 4.862 5.186 5.175 5.158 5.136 5.107 5.073 5.034 4.988 4.904
9.021 8.187 7.386 6.617 5.882 5.179 4.510 3.873 3.929 4.245 4.559 4.869 5.177 5.481 5.782 6.081 6.376 6.668 6.955 7.237 7.373 7.432 7.463 7.468 7.446 7.397 7.321 7.218 7.089 6.932 6.749 6.538 6.267 5.992 5.722 5.459 5.202 4.952 4.708 4.471 4.240 4.016 3.798 3.586 3.329 3.076 2.833 2.601 2.379 2.168 1.966 1.775 1.595 1.425 1.265 1.116 1.402 1.716 2.043 2.383 2.736 3.102 3.480 3.872 4.277 4.694 5.087 5.404 5.276 5.148 5.022 4.897 4.773 4.649 4.527 4.406
8.592 7.873 7.186 6.532 5.911 5.323 4.767 4.245 4.222 4.527 4.830 5.130 5.427 5.721 6.012 6.300 6.585 6.867 7.143 7.415 7.499 7.438 7.350 7.235 7.093 6.925 6.730 6.507 6.258 5.982 5.680 5.350 5.067 4.820 4.579 4.345 4.117 3.895 3.680 3.471 3.269 3.073 2.883 2.700 2.493 2.286 2.089 1.903 1.727 1.561 1.406 1.261 1.127 1.003 0.889 0.786 1.077 1.461 1.857 2.241 2.612 2.969 3.314 3.646 3.965 4.270 4.563 4.843 4.746 4.623 4.501 4.380 4.261 4.142 4.024 3.907
8.134 7.529 6.956 6.416 5.910 5.436 4.995 4.586 4.516 4.812 5.104 5.394 5.680 5.964 6.244 6.522 6.796 7.068 7.334 7.595 7.654 7.474 7.266 7.032 6.771 6.483 6.168 5.827 5.459 5.063 4.641 4.192 3.862 3.643 3.431 3.225 3.026 2.833 2.646 2.466 2.292 2.125 1.964 1.809 1.646 1.485 1.335 1.194 1.104 1.077 1.047 1.015 0.980 0.942 0.902 0.859 1.114 1.466 1.806 2.132 2.445 2.746 3.033 3.307 3.569 3.817 4.053 4.275 4.215 4.097 3.980 3.863 3.748 3.634 3.521 3.409
7.646 7.155 6.696 6.271 5.878 5.518 5.191 4.897 4.814 5.099 5.381 5.660 5.936 6.209 6.479 6.746 7.010 7.271 7.527 7.777 7.840 7.540 7.213 6.859 6.479 6.072 5.638 5.177 4.690 4.175 3.634 3.066 2.651 2.461 2.277 2.100 1.929 1.764 1.606 1.515 1.519 1.518 1.512 1.500 1.479 1.451 1.420 1.386 1.350 1.311 1.269 1.225 1.178 1.129 1.077 1.022 1.190 1.485 1.767 2.036 2.292 2.535 2.765 2.982 3.186 3.377 3.556 3.721 3.685 3.571 3.458 3.346 3.236 3.126 3.017 2.910
7.127 6.751 6.406 6.095 5.817 5.571 5.358 5.178 5.113 5.388 5.659 5.928 6.194 6.456 6.716 6.973 7.226 7.477 7.722 7.962 8.055 7.636 7.190 6.717 6.218 5.691 5.138 4.558 3.951 3.318 2.722 2.229 1.906 1.922 1.934 1.941 1.942 1.939 1.930 1.917 1.898 1.875 1.846 1.812 1.774 1.734 1.691 1.646 1.598 1.547 1.494 1.438 1.379 1.318 1.254 1.188 1.280 1.517 1.742 1.953 2.152 2.338 2.510 2.670 2.817 2.951 3.072 3.180 3.154 3.044 2.936 2.829 2.723 2.618 2.513 2.410
6.579 6.317 6.087 5.889 5.725 5.593 5.494 5.428 5.415 5.679 5.940 6.198 6.454 6.706 6.955 7.202 7.445 7.685 7.920 8.149 8.300 7.761 7.220 6.689 6.169 5.659 5.160 4.671 4.192 3.724 3.267 2.820 2.469 2.463 2.452 2.437 2.416 2.390 2.359 2.323 2.282 2.236 2.185 2.129 2.072 2.020 1.965 1.908 1.849 1.786 1.721 1.653 1.583 1.510 1.435 1.356 1.382 1.562 1.729 1.884 2.025 2.154 2.269 2.372 2.462 2.538 2.602 2.653 2.622 2.518 2.414 2.311 2.210 2.109 2.009 1.910
6.002 5.853 5.737 5.653 5.603 5.585 5.600 5.647 5.728 5.973 6.223 6.471 6.716 6.950 7.131 7.319 7.514 7.716 7.926 8.143 8.365 7.877 7.382 6.898 6.424 5.960 5.507 5.065 4.633 4.211 3.800 3.400 3.037 3.009 2.976 2.938 2.894 2.846 2.793 2.735 2.671 2.603 2.529 2.451 2.372 2.308 2.242 2.173 2.101 2.027 1.951 1.871 1.789 1.705 1.617 1.527 1.497 1.620 1.730 1.828 1.912 1.983 2.042 2.087 2.120 2.139 2.146 2.140 2.091 1.991 1.891 1.793 1.696 1.600 1.505 1.410
5.394 5.359 5.357 5.388 5.451 5.547 5.665 5.756 5.846 6.003 6.181 6.365 6.557 6.755 6.960 7.171 7.390 7.614 7.848 8.088 8.334 7.981 7.532 7.094 6.667 6.250 5.843 5.447 5.061 4.686 4.321 3.967 3.623 3.559 3.504 3.443 3.378 3.307 3.231 3.151 3.065 2.974 2.879 2.778 2.674 2.599 2.521 2.440 2.357 2.271 2.183 2.091 1.998 1.901 1.802 1.701 1.626 1.692 1.745 1.785 1.812 1.826 1.827 1.815 1.791 1.753 1.703 1.639 1.559 1.463 1.369 1.275 1.182 1.090 1.000 0.910
4.824 4.916 5.008 5.099 5.190 5.280 5.369 5.458 5.547 5.709 5.910 6.118 6.333 6.554 6.783 7.017 7.259 7.507 7.764 8.028 8.297 8.073 7.671 7.279 6.898 6.527 6.167 5.817 5.477 5.148 4.830 4.522 4.224 4.115 4.037 3.954 3.866 3.773 3.675 3.572 3.464 3.351 3.233 3.109 2.981 2.892 2.802 2.710 2.615 2.517 2.417 2.314 2.209 2.101 1.990 1.877 1.767 1.776 1.772 1.755 1.725 1.682 1.626 1.557 1.475 1.381 1.273 1.153 1.027 0.936 0.845 0.756 0.668 0.581 0.495 0.409
4.540 4.631 4.721 4.810 4.899 4.987 5.075 5.162 5.249 5.409 5.634 5.865 6.103 6.348 6.599 6.858 7.122 7.394 7.674 7.962 8.254 8.154 7.798 7.452 7.117 6.793 6.479 6.175 5.882 5.599 5.327 5.065 4.814 4.675 4.575 4.469 4.359 4.244 4.123 3.998 3.867 3.732 3.592 3.446 3.296 3.187 3.086 2.982 2.875 2.766 2.654 2.539 2.422 2.303 2.180 2.055 1.928 1.874 1.812 1.738 1.651 1.551 1.438 1.312 1.173 1.022 0.857 0.680 0.517 0.504 0.516 0.552 0.612 0.696 0.804 0.937
4.258 4.346 4.434 4.522 4.609 4.695 4.781 4.867 4.952 5.103 5.351 5.606 5.868 6.136 6.410 6.692 6.980 7.275 7.578 7.889 8.206 8.222 7.913 7.614 7.325 7.046 6.779 6.521 6.274 6.038 5.812 5.596 5.391 5.240 5.117 4.989 4.857 4.719 4.576 4.429 4.276 4.118 3.955 3.788 3.615 3.485 3.372 3.256 3.138 3.017 2.893 2.767 2.638 2.507 2.373 2.236 2.097 1.984 1.866 1.731 1.587 1.445 1.305 1.167 1.031 0.897 0.765 0.635 0.507 0.588 0.706 0.848 1.015 1.205 1.420 1.659
3.976 4.063 4.149 4.235 4.320 4.405 4.489 4.572 4.655 4.792 5.064 5.342 5.626 5.918 6.216 6.520 6.832 7.150 7.477 7.811 8.151 8.279 8.016 7.763 7.520 7.288 7.067 6.855 6.655 6.464 6.284 6.115 5.956 5.809 5.664 5.514 5.359 5.199 5.034 4.864 4.689 4.509 4.324 4.134 3.939 3.785 3.660 3.533 3.403 3.270 3.121 2.938 2.758 2.581 2.408 2.238 2.071 1.923 1.784 1.646 1.511 1.378 1.247 1.117 0.990 0.865 0.741 0.620 0.501 0.647 0.872 1.121 1.394 1.691 2.012 2.357
3.695 3.780 3.864 3.948 4.032 4.114 4.197 4.278 4.360 4.475 4.770 5.071 5.379 5.694 6.015 6.343 6.677 7.019 7.369 7.727 8.090 8.325 8.107 7.901 7.704 7.518 7.343 7.178 7.023 6.879 6.745 6.622 6.509 6.384 6.216 6.044 5.867 5.685 5.497 5.305 5.108 4.882 4.595 4.316 4.045 3.817 3.632 3.450 3.272 3.097 2.925 2.756 2.590 2.427 2.268 2.111 1.958 1.819 1.688 1.560 1.433 1.309 1.186 1.065 0.947 0.830 0.716 0.603 0.492 0.682 1.014 1.369 1.748 2.152 2.579 3.031
3.415 3.498 3.581 3.663 3.744 3.825 3.906 3.986 4.065 4.152 4.470 4.795 5.126 5.464 5.808 6.159 6.517 6.882 7.255 7.637 8.024 8.358 8.187 8.026 7.876 7.736 7.607 7.488 7.379 7.281 7.194 7.116 7.017 6.789 6.473 6.166 5.866 5.574 5.290 5.015 4.747 4.488 4.236 3.993 3.757 3.548 3.377 3.210 3.045 2.884 2.726 2.571 2.419 2.270 2.125 1.982 1.843 1.713 1.591 1.471 1.353 1.237 1.124 1.012 0.902 0.794 0.688 0.584 0.482 0.694 1.131 1.593 2.079 2.588 3.122 3.680
