DATA/SHG/ECMWF/20170628/EN-49/20170702.en-49.asc
ncols        190
nrows        64
xllcorner    -5100000.000000000000
yllcorner    4130000.000000000000
cellsize     10000.000000000000
NODATA_value  -99999.000
[rows 0 to 31 of 64, columns 72 to 143 of 190]
12.513 11.957 11.377 10.775 10.149 9.501 8.829 8.134 7.417 6.895 6.799 6.675 6.556 6.442 6.333 6.229 6.131 6.037 5.949 5.866 5.787 5.716 5.651 5.583 5.515 5.448 5.382 5.317 5.252 5.188 5.124 5.061 4.999 4.954 4.971 4.997 5.032 5.077 5.130 5.193 5.266 5.347 5.438 5.539 5.648 5.782 5.969 6.161 6.357 6.558 6.764 6.975 7.190 7.410 7.635 7.864 8.098 8.283 8.306 8.320 8.324 8.320 8.306 8.283 8.252 8.211 8.161 8.102 8.034 7.971 7.948 7.925
13.983 13.346 12.685 11.841 10.962 10.099 9.250 8.416 7.598 6.915 6.803 6.697 6.596 6.500 6.409 6.323 6.242 6.166 6.096 6.030 5.970 5.914 5.851 5.786 5.721 5.657 5.594 5.531 5.470 5.408 5.347 5.287 5.228 5.182 5.240 5.308 5.384 5.470 5.566 5.670 5.784 5.907 6.040 6.181 6.333 6.498 6.706 6.919 7.136 7.358 7.585 7.817 8.053 8.294 8.540 8.790 9.045 9.267 9.249 9.222 9.186 9.141 9.087 9.023 8.951 8.870 8.779 8.680 8.571 8.469 8.452 8.436
14.168 13.296 12.440 11.599 10.772 9.961 9.165 8.384 7.617 6.897 6.803 6.715 6.631 6.553 6.480 6.412 6.349 6.291 6.238 6.190 6.148 6.110 6.051 5.988 5.927 5.866 5.805 5.745 5.686 5.628 5.570 5.513 5.456 5.400 5.499 5.608 5.726 5.853 5.990 6.136 6.292 6.456 6.630 6.813 7.006 7.208 7.437 7.671 7.909 8.152 8.400 8.653 8.910 9.172 9.439 9.710 9.986 10.259 10.200 10.133 10.056 9.970 9.876 9.772 9.659 9.537 9.406 9.266 9.117 8.956 8.928 8.905
13.755 12.936 12.132 11.343 10.569 9.810 9.066 8.337 7.623 6.924 6.798 6.728 6.662 6.601 6.546 6.496 6.451 6.410 6.375 6.345 6.321 6.301 6.249 6.190 6.131 6.073 6.015 5.958 5.902 5.846 5.791 5.737 5.683 5.630 5.747 5.897 6.057 6.226 6.404 6.591 6.788 6.994 7.210 7.434 7.668 7.911 8.161 8.416 8.676 8.940 9.209 9.482 9.761 10.044 10.331 10.624 10.921 11.223 11.159 11.051 10.879 10.661 10.453 10.255 10.067 9.889 9.722 9.565 9.417 9.281 9.265 9.264
13.329 12.562 11.811 11.074 10.352 9.646 8.954 8.277 7.615 6.969 6.789 6.736 6.688 6.645 6.608 6.575 6.548 6.525 6.508 6.496 6.489 6.487 6.447 6.390 6.334 6.279 6.224 6.170 6.116 6.064 6.011 5.960 5.909 5.859 5.984 6.176 6.377 6.587 6.807 7.036 7.274 7.522 7.778 8.044 8.320 8.604 8.880 9.156 9.436 9.721 10.011 10.240 10.416 10.592 10.767 10.943 11.119 11.294 11.169 10.975 10.792 10.619 10.456 10.304 10.161 10.029 9.907 9.795 9.693 9.601 9.598 9.617
12.889 12.175 11.476 10.791 10.122 9.468 8.828 8.204 7.594 6.999 6.774 6.739 6.709 6.684 6.664 6.650 6.640 6.635 6.636 6.641 6.652 6.668 6.643 6.589 6.536 6.484 6.432 6.381 6.330 6.280 6.231 6.182 6.134 6.086 6.211 6.444 6.687 6.938 7.199 7.470 7.749 8.038 8.311 8.545 8.752 8.930 9.100 9.276 9.452 9.628 9.804 9.980 10.156 10.331 10.507 10.682 10.857 11.032 10.981 10.833 10.695 10.567 10.450 10.342 10.245 10.158 10.081 10.014 9.957 9.911 9.925 9.966
12.437 11.775 11.128 10.496 9.878 9.276 8.689 8.116 7.559 7.017 6.756 6.738 6.726 6.719 6.717 6.720 6.728 6.741 6.759 6.782 6.811 6.844 6.839 6.788 6.738 6.688 6.639 6.590 6.542 6.495 6.449 6.403 6.358 6.385 6.606 6.940 7.246 7.523 7.773 7.994 8.188 8.353 8.490 8.600 8.681 8.734 8.843 9.019 9.194 9.370 9.545 9.721 9.896 10.071 10.246 10.421 10.596 10.770 10.783 10.680 10.588 10.505 10.433 10.370 10.318 10.276 10.244 10.223 10.211 10.210 10.247 10.309
11.971 11.361 10.766 10.186 9.621 9.071 8.536 8.016 7.510 7.020 6.732 6.732 6.738 6.748 6.764 6.785 6.811 6.841 6.877 6.918 6.964 7.015 7.033 6.985 6.915 6.862 6.842 6.853 6.896 6.971 7.078 7.217 7.388 7.591 7.819 8.027 8.207 8.360 8.484 8.580 8.648 8.688 8.700 8.684 8.640 8.568 8.586 8.762 8.937 9.112 9.287 9.462 9.637 9.811 9.986 10.160 10.335 10.509 10.575 10.517 10.470 10.432 10.405 10.388 10.381 10.384 10.398 10.421 10.455 10.498 10.564 10.647
11.492 10.934 10.391 9.864 9.351 8.853 8.370 7.901 7.448 7.010 6.704 6.722 6.745 6.773 6.807 6.845 6.882 6.885 6.874 6.850 6.812 6.761 6.717 6.743 6.802 6.892 7.013 7.167 7.353 7.570 7.820 8.101 8.414 8.759 9.060 9.144 9.198 9.225 9.224 9.195 9.138 9.053 8.940 8.798 8.629 8.432 8.330 8.505 8.680 8.854 9.029 9.203 9.378 9.552 9.726 9.900 10.074 10.248 10.357 10.344 10.342 10.350 10.368 10.396 10.434 10.482 10.540 10.609 10.688 10.776 10.875 10.979
10.999 10.494 10.003 9.528 9.067 8.621 8.190 7.774 7.372 6.996 6.701 6.739 6.762 6.772 6.768 6.751 6.720 6.676 6.618 6.547 6.462 6.363 6.283 6.452 6.653 6.885 7.149 7.445 7.773 8.133 8.525 8.949 9.404 9.891 10.331 10.289 10.219 10.120 9.994 9.840 9.658 9.447 9.209 8.943 8.648 8.326 8.074 8.248 8.423 8.597 8.771 8.945 9.119 9.293 9.467 9.641 9.814 9.988 10.128 10.161 10.204 10.257 10.320 10.393 10.476 10.569 10.673 10.786 10.910 11.044 11.181 11.307
10.494 10.040 9.639 9.289 8.938 8.588 8.237 7.886 7.535 7.184 6.837 6.827 6.803 6.765 6.714 6.650 6.572 6.480 6.375 6.256 6.124 5.978 5.825 6.125 6.468 6.843 7.249 7.688 8.158 8.660 9.194 9.760 10.357 10.987 11.631 11.463 11.268 11.045 10.793 10.514 10.207 9.872 9.508 9.117 8.698 8.250 7.818 7.992 8.166 8.340 8.514 8.688 8.862 9.035 9.208 9.382 9.555 9.728 9.890 9.968 10.055 10.153 10.261 10.380 10.508 10.646 10.795 10.953 11.122 11.301 11.482 11.629
10.533 10.182 9.831 9.480 9.129 8.778 8.427 8.075 7.723 7.372 7.020 6.927 6.856 6.771 6.673 6.561 6.436 6.297 6.144 5.978 5.799 5.605 5.405 5.763 6.248 6.765 7.313 7.894 8.506 9.150 9.826 10.534 11.274 12.045 12.848 12.667 12.347 11.998 11.622 11.218 10.786 10.325 9.837 9.321 8.777 8.205 7.605 7.737 7.911 8.084 8.258 8.431 8.604 8.777 8.950 9.123 9.296 9.468 9.641 9.764 9.897 10.040 10.193 10.356 10.529 10.713 10.906 11.110 11.324 11.540 11.752 11.932
10.726 10.374 10.023 9.671 9.320 8.968 8.616 8.264 7.912 7.560 7.207 7.040 6.921 6.789 6.644 6.485 6.312 6.126 5.926 5.713 5.486 5.246 4.997 5.364 5.992 6.651 7.341 8.064 8.818 9.605 10.422 11.272 12.154 13.067 14.012 13.900 13.454 12.981 12.480 11.951 11.394 10.809 10.196 9.555 8.886 8.190 7.465 7.482 7.655 7.828 8.001 8.174 8.347 8.520 8.692 8.865 9.037 9.209 9.381 9.550 9.731 9.921 10.116 10.317 10.523 10.734 10.951 11.173 11.400 11.633 11.871 12.179
10.919 10.567 10.215 9.863 9.510 9.158 8.806 8.453 8.100 7.747 7.394 7.165 6.999 6.820 6.627 6.421 6.201 5.967 5.720 5.460 5.186 4.898 4.603 4.931 5.700 6.501 7.334 8.198 9.095 10.023 10.982 11.974 12.997 14.052 15.139 15.161 14.591 13.993 13.367 12.713 12.032 11.322 10.584 9.819 9.025 8.204 7.355 7.227 7.400 7.573 7.745 7.936 8.140 8.336 8.525 8.706 8.879 9.045 9.204 9.396 9.604 9.818 10.037 10.262 10.491 10.726 10.967 11.213 11.464 11.720 11.982 12.396
11.112 10.759 10.407 10.054 9.701 9.348 8.995 8.642 8.289 7.935 7.582 7.303 7.089 6.863 6.623 6.369 6.102 5.822 5.527 5.220 4.899 4.564 4.221 4.462 5.373 6.316 7.290 8.297 9.335 10.405 11.506 12.639 13.804 15.001 16.229 16.452 15.757 15.034 14.284 13.505 12.699 11.865 10.958 10.028 9.136 8.280 7.461 7.261 7.461 7.654 7.840 8.017 8.188 8.350 8.505 8.653 8.793 8.925 9.050 9.240 9.472 9.710 9.953 10.201 10.454 10.713 10.977 11.247 11.522 11.802 12.087 12.583
11.305 10.952 10.598 10.245 9.892 9.538 9.185 8.831 8.477 8.123 7.769 7.452 7.192 6.918 6.631 6.330 6.016 5.688 5.347 4.992 4.624 4.242 3.852 3.958 5.011 6.095 7.211 8.359 9.539 10.750 11.993 13.268 14.575 15.767 16.807 16.964 15.940 14.953 14.003 13.090 12.214 11.375 10.572 9.807 9.078 8.386 7.732 7.485 7.651 7.811 7.962 8.107 8.243 8.372 8.494 8.608 8.714 8.813 8.904 9.079 9.335 9.596 9.863 10.135 10.412 10.695 10.983 11.276 11.574 11.878 12.187 12.740
11.497 11.144 10.790 10.436 10.082 9.728 9.374 9.020 8.665 8.310 7.956 7.614 7.307 6.986 6.651 6.304 5.942 5.567 5.179 4.777 4.362 3.933 3.495 3.418 4.645 5.871 7.057 8.201 9.305 10.368 11.389 12.370 13.310 14.208 15.066 15.391 14.531 13.709 12.923 12.174 11.461 10.786 10.148 9.546 8.981 8.454 7.963 7.716 7.849 7.975 8.093 8.204 8.307 8.402 8.490 8.571 8.643 8.709 8.766 8.913 9.192 9.477 9.768 10.063 10.364 10.671 10.982 11.299 11.621 11.949 12.282 12.867
11.690 11.336 10.982 10.627 10.273 9.918 9.563 9.208 8.853 8.498 8.143 7.788 7.434 7.066 6.684 6.289 5.885 5.529 5.182 4.842 4.511 4.189 3.866 3.686 4.771 5.816 6.819 7.782 8.703 9.584 10.423 11.222 11.980 12.696 13.372 13.780 13.084 12.425 11.803 11.218 10.670 10.159 9.684 9.247 8.846 8.482 8.154 7.955 8.055 8.147 8.232 8.309 8.378 8.440 8.494 8.541 8.580 8.612 8.636 8.741 9.045 9.353 9.667 9.987 10.311 10.641 10.976 11.317 11.663 12.014 12.371 12.965
11.883 11.528 11.173 10.818 10.463 10.108 9.753 9.397 9.041 8.682 8.317 7.971 7.604 7.244 6.892 6.548 6.213 5.886 5.567 5.256 4.953 4.659 4.365 4.069 4.944 5.806 6.627 7.408 8.147 8.846 9.504 10.121 10.696 11.231 11.725 12.131 11.599 11.104 10.646 10.225 9.840 9.493 9.182 8.908 8.671 8.470 8.307 8.202 8.268 8.327 8.378 8.421 8.457 8.486 8.506 8.520 8.526 8.524 8.514 8.564 8.891 9.224 9.561 9.904 10.253 10.606 10.965 11.330 11.699 12.074 12.454 13.033
12.076 11.720 11.339 10.902 10.485 10.089 9.713 9.357 9.022 8.707 8.412 8.138 7.810 7.479 7.155 6.840 6.533 6.235 5.944 5.662 5.387 5.122 4.856 4.589 5.161 5.842 6.481 7.080 7.638 8.155 8.631 9.066 9.460 9.813 10.126 10.397 10.076 9.744 9.450 9.193 8.972 8.788 8.641 8.530 8.457 8.420 8.420 8.456 8.489 8.514 8.532 8.542 8.544 8.539 8.526 8.506 8.478 8.443 8.400 8.382 8.733 9.089 9.450 9.817 10.189 10.566 10.949 11.337 11.730 12.128 12.532 13.071
11.643 11.236 10.850 10.484 10.138 9.812 9.507 9.222 8.958 8.713 8.489 8.286 8.009 7.706 7.411 7.124 6.846 6.575 6.313 6.059 5.814 5.576 5.339 5.101 5.425 5.923 6.381 6.798 7.174 7.510 7.804 8.058 8.270 8.442 8.573 8.663 8.514 8.347 8.216 8.122 8.065 8.044 8.061 8.114 8.204 8.330 8.493 8.694 8.718 8.709 8.693 8.670 8.639 8.600 8.554 8.500 8.439 8.371 8.294 8.211 8.569 8.949 9.334 9.724 10.120 10.521 10.927 11.338 11.755 12.177 12.840 13.911
10.994 10.658 10.342 10.047 9.772 9.517 9.283 9.068 8.875 8.701 8.548 8.415 8.200 7.925 7.659 7.401 7.151 6.909 6.675 6.449 6.232 6.023 5.814 5.605 5.734 6.051 6.327 6.562 6.757 6.911 7.024 7.096 7.127 7.118 7.067 6.976 6.915 6.911 6.944 7.013 7.119 7.262 7.442 7.658 7.911 8.201 8.528 8.891 8.954 8.912 8.863 8.806 8.741 8.669 8.590 8.503 8.408 8.306 8.196 8.079 8.400 8.899 9.594 10.362 11.205 12.122 13.112 14.177 15.316 16.530 17.817 19.178
10.327 10.062 9.817 9.592 9.388 9.204 9.040 8.896 8.773 8.670 8.587 8.525 8.384 8.137 7.899 7.669 7.447 7.234 7.029 6.831 6.642 6.462 6.282 6.101 6.088 6.224 6.318 6.372 6.386 6.358 6.290 6.180 6.030 5.840 5.608 5.336 5.277 5.437 5.633 5.866 6.135 6.441 6.784 7.164 7.580 8.033 8.523 9.050 9.198 9.123 9.040 8.949 8.865 8.819 8.805 8.822 8.870 8.949 9.059 9.200 9.893 10.842 11.865 12.962 14.132 15.377 16.696 18.090 19.557 21.098 22.713 24.403
9.642 9.447 9.273 9.119 8.985 8.872 8.778 8.705 8.653 8.620 8.608 8.616 8.559 8.341 8.132 7.930 7.737 7.551 7.374 7.206 7.045 6.893 6.741 6.589 6.488 6.442 6.355 6.228 6.060 5.851 5.602 5.311 4.980 4.608 4.196 3.742 3.602 3.925 4.284 4.680 5.113 5.582 6.088 6.661 7.276 7.869 8.438 8.984 9.203 9.171 9.170 9.201 9.262 9.354 9.478 9.632 9.817 10.034 10.281 10.559 11.429 12.706 14.057 15.482 16.981 18.554 20.201 21.922 23.717 25.586 27.529 29.546
8.938 8.814 8.711 8.627 8.564 8.521 8.499 8.496 8.514 8.552 8.610 8.689 8.727 8.538 8.356 8.183 8.018 7.861 7.713 7.572 7.440 7.316 7.192 7.069 6.933 6.706 6.438 6.130 5.781 5.391 4.960 4.489 3.977 3.424 2.927 2.584 2.580 3.255 3.906 4.535 5.140 5.723 6.282 6.818 7.332 7.822 8.289 8.733 9.018 9.123 9.260 9.428 9.626 9.856 10.117 10.408 10.731 11.085 11.469 11.885 12.887 14.492 16.171 17.923 19.750 21.651 23.626 25.674 27.797 29.994 32.264 34.609
8.217 8.163 8.130 8.117 8.125 8.152 8.200 8.268 8.357 8.465 8.594 8.743 8.888 8.726 8.573 8.428 8.292 8.163 8.043 7.931 7.827 7.731 7.636 7.542 7.423 7.014 6.602 6.205 5.824 5.457 5.105 4.768 4.447 4.140 3.848 3.572 3.477 4.050 4.599 5.126 5.629 6.109 6.566 7.001 7.412 7.800 8.165 8.507 8.800 9.043 9.317 9.622 9.958 10.325 10.723 11.152 11.611 12.102 12.624 13.177 14.266 16.199 18.206 20.286 22.441 24.669 26.971 29.347 31.797 34.321 36.919 39.591
7.476 7.494 7.532 7.589 7.667 7.765 7.884 8.022 8.181 8.360 8.559 8.778 9.018 8.907 8.783 8.666 8.558 8.449 8.298 8.160 8.037 7.928 7.832 7.746 7.672 7.319 6.974 6.643 6.328 6.028 5.743 5.472 5.217 4.977 4.752 4.542 4.399 4.869 5.316 5.740 6.142 6.520 6.875 7.207 7.516 7.802 8.065 8.305 8.550 8.930 9.341 9.783 10.257 10.761 11.296 11.862 12.459 13.086 13.745 14.435 15.568 17.828 20.162 22.570 25.052 27.608 30.237 32.941 35.718 38.569 41.494 44.493
6.744 6.807 6.915 7.043 7.191 7.360 7.549 7.757 7.987 8.236 8.494 8.717 8.937 8.838 8.679 8.534 8.404 8.287 8.185 8.098 8.024 7.965 7.918 7.882 7.858 7.606 7.327 7.064 6.815 6.581 6.363 6.159 5.970 5.797 5.638 5.495 5.366 5.712 6.057 6.379 6.678 6.955 7.208 7.438 7.645 7.829 7.990 8.128 8.267 8.784 9.333 9.912 10.522 11.164 11.836 12.539 13.273 14.037 14.833 15.660 16.792 19.379 22.041 24.776 27.585 30.468 33.424 36.455 39.559 42.737 45.989 49.314
6.029 6.102 6.280 6.487 6.718 6.948 7.174 7.399 7.620 7.840 8.057 8.271 8.483 8.466 8.357 8.261 8.180 8.113 8.061 8.022 7.998 7.988 7.991 8.005 8.031 7.876 7.664 7.467 7.285 7.118 6.965 6.828 6.706 6.599 6.507 6.430 6.368 6.579 6.822 7.042 7.239 7.414 7.565 7.693 7.798 7.880 7.939 7.976 7.989 8.606 9.292 10.008 10.755 11.533 12.342 13.182 14.053 14.955 15.887 16.851 17.938 20.852 23.841 26.903 30.039 33.249 36.532 39.889 43.320 46.825 50.403 54.055
5.577 5.658 5.886 6.111 6.335 6.555 6.774 6.989 7.203 7.413 7.622 7.828 8.031 8.081 8.021 7.975 7.944 7.926 7.923 7.934 7.959 7.999 8.051 8.116 8.191 8.129 7.984 7.853 7.737 7.636 7.551 7.480 7.424 7.384 7.358 7.347 7.351 7.470 7.611 7.729 7.825 7.897 7.946 7.972 7.976 7.956 7.913 7.848 7.759 8.395 9.218 10.071 10.955 11.870 12.816 13.793 14.801 15.839 16.908 18.009 19.140 22.248 25.563 28.952 32.414 35.951 39.561 43.244 47.002 50.833 54.738 58.716
5.287 5.302 5.522 5.739 5.954 6.166 6.376 6.583 6.788 6.990 7.190 7.387 7.582 7.684 7.674 7.677 7.695 7.727 7.773 7.833 7.908 7.996 8.099 8.213 8.338 8.365 8.286 8.222 8.172 8.138 8.119 8.114 8.125 8.151 8.191 8.247 8.317 8.385 8.424 8.440 8.434 8.404 8.352 8.276 8.178 8.056 7.912 7.744 7.554 8.152 9.112 10.102 11.123 12.174 13.257 14.371 15.515 16.690 17.896 19.133 20.401 23.565 27.207 31.169 35.580 39.903 44.138 48.285 52.344 56.314 60.197 63.991
5.007 4.949 5.160 5.369 5.575 5.779 5.980 6.179 6.376 6.569 6.761 6.950 7.136 7.275 7.313 7.366 7.433 7.515 7.610 7.720 7.844 7.982 8.134 8.298 8.473 8.584 8.571 8.573 8.590 8.622 8.669 8.731 8.808 8.900 9.007 9.129 9.266 9.323 9.261 9.175 9.067 8.936 8.781 8.604 8.404 8.181 7.935 7.666 7.374 7.877 8.973 10.100 11.257 12.446 14.008 16.373 18.706 21.007 23.276 25.512 27.716 31.376 35.574 39.684 43.705 47.639 51.485 55.242 58.912 62.493 65.987 69.392
