DATA/SHG/ECMWF/20170628/EN-49/20170709.en-49.asc
ncols        190
nrows        64
xllcorner    -5100000.000000000000
yllcorner    4130000.000000000000
cellsize     10000.000000000000
NODATA_value  -99999.000
[rows 32 to 63 of 64, columns 72 to 143 of 190]
4.464 4.011 4.203 4.396 4.592 4.789 4.989 5.190 5.393 5.599 5.806 6.015 6.226 6.424 6.538 6.634 6.711 6.769 6.809 6.830 6.832 6.816 6.780 6.727 6.659 6.719 7.278 7.866 8.481 9.124 9.794 10.492 11.218 11.972 12.753 13.562 14.399 15.060 15.334 15.586 15.815 16.023 16.207 16.370 16.510 16.620 16.691 16.753 16.808 16.651 16.260 15.866 15.468 15.066 14.659 14.249 13.835 13.417 12.995 12.569 12.140 11.909 11.809 11.699 11.580 11.450 11.310 11.160 11.000 10.830 10.650 10.460
5.145 4.609 4.805 5.005 5.207 5.411 5.617 5.825 6.035 6.247 6.461 6.677 6.895 7.109 7.158 7.189 7.201 7.195 7.170 7.127 7.065 6.985 6.884 6.765 6.632 6.568 7.250 7.960 8.698 9.464 10.257 11.078 11.927 12.803 13.707 14.639 15.581 16.292 16.393 16.485 16.569 16.645 16.713 16.772 16.822 16.865 16.899 16.924 16.942 16.806 16.398 15.986 15.570 15.150 14.727 14.299 13.867 13.432 12.992 12.549 12.101 11.801 11.657 11.503 11.339 11.164 10.980 10.786 10.582 10.368 10.144 9.909
5.823 5.298 5.404 5.611 5.820 6.030 6.243 6.458 6.675 6.893 7.114 7.336 7.561 7.787 7.794 7.760 7.708 7.638 7.549 7.441 7.315 7.170 7.004 6.821 6.623 6.410 7.191 8.050 9.009 9.952 10.878 11.789 12.684 13.563 14.426 15.273 16.104 16.842 16.906 16.961 17.008 17.047 17.078 17.100 17.113 17.119 17.116 17.104 17.085 16.965 16.539 16.110 15.676 15.239 14.798 14.352 13.903 13.450 12.993 12.532 12.067 11.703 11.515 11.316 11.108 10.890 10.661 10.423 10.174 9.916 9.647 9.369
6.496 5.983 6.000 6.214 6.429 6.647 6.866 7.088 7.311 7.537 7.764 7.993 8.224 8.457 8.446 8.348 8.232 8.097 7.943 7.810 7.744 7.696 7.649 7.598 7.562 7.540 8.320 9.225 10.113 10.985 11.842 12.682 13.506 14.315 15.107 15.884 16.644 17.389 17.427 17.446 17.456 17.458 17.451 17.436 17.413 17.381 17.341 17.293 17.236 17.128 16.685 16.238 15.787 15.332 14.873 14.410 13.944 13.473 12.998 12.520 12.037 11.616 11.383 11.141 10.888 10.625 10.353 10.070 9.777 9.475 9.162 8.839
7.166 6.664 6.594 6.814 7.037 7.261 7.487 7.715 7.945 8.177 8.411 8.647 8.893 9.121 9.121 9.026 8.949 8.892 8.853 8.832 8.831 8.848 8.865 8.879 8.908 8.952 9.582 10.416 11.234 12.035 12.821 13.591 14.345 15.083 15.805 16.510 17.200 17.875 17.957 17.939 17.912 17.876 17.833 17.781 17.721 17.652 17.575 17.490 17.396 17.294 16.834 16.370 15.901 15.429 14.952 14.472 13.988 13.500 13.008 12.512 12.012 11.539 11.262 10.975 10.678 10.372 10.055 9.728 9.391 9.044 8.687 8.320
7.832 7.341 7.185 7.412 7.641 7.954 8.314 8.636 8.921 9.169 9.380 9.554 9.691 9.790 9.802 9.771 9.759 9.766 9.792 9.836 9.899 9.980 10.062 10.142 10.237 10.346 10.860 11.623 12.370 13.101 13.817 14.516 15.199 15.867 16.518 17.154 17.773 18.377 18.495 18.440 18.376 18.304 18.223 18.135 18.037 17.932 17.818 17.696 17.565 17.426 16.988 16.506 16.020 15.530 15.036 14.538 14.036 13.531 13.021 12.507 11.990 11.473 11.152 10.820 10.479 10.128 9.767 9.396 9.015 8.624 8.223 7.812
9.065 8.814 8.772 9.114 9.419 9.687 9.917 10.111 10.267 10.386 10.468 10.514 10.522 10.493 10.465 10.499 10.552 10.623 10.713 10.822 10.949 11.095 11.242 11.387 11.547 11.721 12.154 12.846 13.523 14.184 14.829 15.458 16.071 16.668 17.249 17.814 18.363 18.896 19.042 18.950 18.849 18.740 18.622 18.497 18.363 18.220 18.069 17.910 17.743 17.567 17.146 16.646 16.143 15.635 15.124 14.608 14.089 13.566 13.039 12.508 11.973 11.434 11.051 10.676 10.291 9.895 9.490 9.075 8.650 8.214 7.769 7.314
11.274 11.050 10.923 11.136 11.312 11.451 11.553 11.618 11.645 11.636 11.590 11.506 11.386 11.228 11.110 11.209 11.326 11.462 11.616 11.789 11.981 12.192 12.404 12.614 12.838 13.078 13.464 14.086 14.692 15.283 15.857 16.415 16.958 17.485 17.995 18.490 18.969 19.432 19.597 19.468 19.330 19.184 19.030 18.867 18.696 18.517 18.329 18.133 17.929 17.716 17.307 16.790 16.269 15.744 15.215 14.683 14.146 13.605 13.060 12.512 11.959 11.403 10.961 10.542 10.113 9.673 9.285 9.075 8.914 8.804 8.743 8.731
13.473 13.276 13.107 13.191 13.238 13.248 13.221 13.157 13.057 12.919 12.744 12.532 12.282 11.996 11.737 11.901 12.082 12.283 12.501 12.739 12.995 13.270 13.547 13.822 14.112 14.417 14.790 15.342 15.877 16.397 16.902 17.390 17.862 18.318 18.759 19.183 19.592 19.984 20.161 19.995 19.820 19.637 19.446 19.246 19.038 18.822 18.598 18.365 18.124 17.874 17.473 16.939 16.400 15.858 15.311 14.761 14.207 13.651 13.117 12.604 12.112 11.641 11.337 11.146 11.006 10.915 10.874 10.883 10.941 11.050 11.208 11.416
15.661 15.492 15.330 15.277 15.196 15.077 14.922 14.730 14.500 14.234 13.930 13.590 13.212 12.798 12.347 12.575 12.821 13.085 13.369 13.671 13.991 14.331 14.672 15.012 15.367 15.737 16.132 16.613 17.079 17.529 17.962 18.380 18.782 19.168 19.538 19.892 20.231 20.553 20.733 20.530 20.318 20.098 19.870 19.634 19.389 19.136 18.875 18.605 18.313 17.943 17.477 16.888 16.320 15.773 15.247 14.742 14.259 13.797 13.356 12.936 12.537 12.160 11.996 12.024 12.103 12.232 12.410 12.638 12.916 13.243 13.621 14.048
17.840 17.698 17.563 17.396 17.186 16.939 16.655 16.334 15.976 15.581 15.150 14.681 14.175 13.632 13.052 13.231 13.541 13.870 14.218 14.584 14.969 15.373 15.779 16.184 16.604 17.039 17.489 17.901 18.296 18.676 19.039 19.387 19.719 20.034 20.334 20.618 20.886 21.139 21.313 21.060 20.694 20.327 19.959 19.590 19.220 18.850 18.479 18.107 17.735 17.361 16.948 16.452 15.977 15.523 15.091 14.680 14.289 13.920 13.573 13.246 12.941 12.656 12.603 12.851 13.149 13.496 13.894 14.341 14.838 15.384 15.981 16.627
20.008 19.893 19.786 19.547 19.208 18.833 18.421 17.971 17.485 16.962 16.402 15.804 15.170 14.499 13.791 13.869 14.244 14.637 15.049 15.480 15.929 16.397 16.868 17.338 17.823 18.323 18.838 19.205 19.530 19.839 20.120 20.165 20.225 20.299 20.388 20.492 20.610 20.742 20.884 20.515 20.145 19.774 19.403 19.030 18.657 18.284 17.909 17.534 17.158 16.781 16.397 15.995 15.613 15.252 14.913 14.595 14.298 14.022 13.767 13.534 13.322 13.130 13.159 13.626 14.143 14.710 15.326 15.992 16.708 17.473 18.288 19.153
22.167 22.079 21.998 21.729 21.263 20.759 20.218 19.641 19.026 18.375 17.686 16.961 16.199 15.399 14.563 14.490 14.929 15.387 15.863 16.358 16.871 17.403 17.675 17.928 18.174 18.414 18.648 18.750 18.816 18.896 18.992 19.101 19.225 19.364 19.518 19.686 19.868 20.066 20.278 19.970 19.597 19.223 18.848 18.472 18.096 17.719 17.341 16.962 16.583 16.203 15.825 15.516 15.227 14.960 14.714 14.489 14.285 14.102 13.940 13.800 13.680 13.582 13.663 14.349 15.085 15.871 16.706 17.591 18.525 19.509 20.543 21.627
24.315 24.254 24.201 23.944 23.349 22.717 22.048 21.342 20.600 19.820 19.004 18.150 17.260 16.333 15.368 14.867 15.105 15.335 15.558 15.773 15.980 16.180 16.393 16.619 16.839 17.052 17.260 17.413 17.543 17.689 17.848 18.022 18.211 18.415 18.633 18.865 19.112 19.374 19.650 19.427 19.051 18.673 18.295 17.916 17.536 17.156 16.774 16.392 16.010 15.626 15.242 15.015 14.820 14.645 14.492 14.360 14.249 14.160 14.091 14.044 14.017 14.012 14.117 15.021 15.976 16.980 18.034 19.137 20.291 21.493 22.746 24.048
26.453 26.419 26.393 26.191 25.468 24.708 23.911 23.077 21.906 20.714 19.506 18.284 17.046 15.793 14.525 13.775 13.987 14.191 14.387 14.577 14.758 14.932 15.118 15.318 15.511 15.699 15.881 16.061 16.256 16.466 16.690 16.929 17.182 17.450 17.732 18.029 18.341 18.667 19.008 18.886 18.506 18.125 17.743 17.361 16.978 16.594 16.209 15.824 15.438 15.051 14.663 14.493 14.391 14.309 14.249 14.210 14.192 14.196 14.220 14.265 14.332 14.420 14.529 15.642 16.815 18.038 19.310 20.632 22.004 23.425 24.896 26.417
28.568 28.166 27.808 27.375 26.206 25.022 23.823 22.609 21.379 20.134 18.874 17.599 16.309 15.003 13.682 12.690 12.876 13.054 13.225 13.388 13.544 13.692 13.852 14.025 14.193 14.354 14.510 14.695 14.954 15.228 15.517 15.820 16.138 16.470 16.817 17.179 17.555 17.945 18.350 18.346 17.963 17.579 17.194 16.808 16.421 16.034 15.646 15.257 14.867 14.477 14.086 13.949 13.940 13.952 13.985 14.039 14.114 14.210 14.327 14.465 14.625 14.805 15.007 16.211 17.602 19.044 20.534 22.075 23.665 25.305 26.994 28.733
27.760 27.508 27.298 27.128 25.906 24.669 23.417 22.150 20.868 19.570 18.257 16.929 15.586 14.228 12.854 11.614 11.774 11.926 12.071 12.208 12.338 12.460 12.594 12.741 12.882 13.017 13.147 13.314 13.638 13.976 14.329 14.697 15.079 15.476 15.887 16.313 16.753 17.208 17.678 17.808 17.421 17.034 16.645 16.256 15.866 15.475 15.084 14.692 14.299 13.905 13.510 13.384 13.468 13.572 13.698 13.845 14.013 14.202 14.412 14.643 14.896 15.169 15.463 16.728 18.338 19.998 21.707 23.466 25.274 27.132 28.916 30.395
26.914 26.809 26.748 26.729 25.621 24.331 23.026 21.706 20.371 19.021 17.655 16.275 14.879 13.468 12.042 10.600 10.680 10.806 10.925 11.036 11.140 11.236 11.344 11.465 11.580 11.689 11.792 11.918 12.306 12.709 13.126 13.558 14.005 14.466 14.942 15.432 15.937 16.456 16.990 17.272 16.881 16.490 16.098 15.706 15.312 14.918 14.524 14.128 13.731 13.334 12.936 12.798 12.974 13.172 13.390 13.630 13.891 14.172 14.475 14.799 15.144 15.508 15.881 17.092 18.709 20.274 21.786 23.245 24.651 26.005 27.306 28.553
26.027 26.071 26.158 26.288 25.350 24.008 22.650 21.278 19.890 18.487 17.068 15.635 14.187 12.723 11.244 9.750 9.594 9.694 9.787 9.873 9.950 10.021 10.103 10.197 10.286 10.369 10.446 10.516 10.960 11.427 11.909 12.405 12.916 13.442 13.982 14.536 15.105 15.689 16.287 16.737 16.343 15.948 15.553 15.157 14.760 14.363 13.965 13.566 13.166 12.765 12.364 12.190 12.458 12.739 13.041 13.363 13.704 14.066 14.448 14.849 15.271 15.712 16.174 17.155 18.541 19.875 21.155 22.383 23.558 24.680 25.750 26.766
25.101 25.294 25.529 25.807 25.094 23.699 22.289 20.864 19.423 17.967 16.497 15.011 13.509 11.993 10.462 8.915 8.516 8.590 8.657 8.717 8.769 8.813 8.869 8.938 9.000 9.057 9.107 9.152 9.599 10.131 10.677 11.237 11.812 12.402 13.006 13.625 14.259 14.906 15.569 16.203 15.806 15.408 15.009 14.609 14.188 13.770 13.355 12.944 12.536 12.131 11.730 11.500 11.849 12.219 12.609 13.018 13.448 13.898 14.367 14.857 15.367 15.896 16.446 17.273 18.427 19.529 20.578 21.575 22.519 23.410 24.248 25.033
24.136 24.477 24.860 25.287 24.853 23.405 21.943 20.465 18.971 17.463 15.940 14.401 12.847 11.278 9.694 8.095 7.446 7.495 7.536 7.570 7.596 7.614 7.644 7.686 7.723 7.753 7.778 7.796 8.223 8.819 9.430 10.054 10.694 11.348 12.016 12.752 13.464 14.147 14.803 15.429 15.094 14.677 14.264 13.853 13.447 13.043 12.644 12.247 11.854 11.464 11.077 10.783 11.221 11.678 12.156 12.654 13.171 13.709 14.267 14.844 15.442 16.059 16.697 17.443 18.366 19.237 20.055 20.821 21.533 22.193 22.800 23.355
23.132 23.621 24.152 24.727 24.627 23.126 21.611 20.080 18.535 16.974 15.398 13.806 12.200 10.578 8.942 7.290 6.384 6.407 6.422 6.430 6.431 6.423 6.427 6.443 6.453 6.458 6.634 6.853 7.431 8.217 8.975 9.704 10.405 11.077 11.721 12.337 12.924 13.483 14.013 14.515 14.291 13.889 13.490 13.095 12.703 12.314 11.929 11.547 11.168 10.793 10.421 10.053 10.572 11.117 11.683 12.269 12.874 13.500 14.145 14.811 15.496 16.201 16.927 17.666 18.359 18.999 19.586 20.120 20.602 21.031 21.407 21.731
22.088 22.725 23.405 24.127 24.415 22.862 21.294 19.711 18.113 16.499 14.870 13.227 11.568 9.894 8.205 6.500 5.331 5.328 5.414 5.566 5.738 5.932 6.143 6.369 6.611 6.869 7.144 7.436 7.920 8.581 9.214 9.818 10.394 10.942 11.461 11.952 12.415 12.849 13.255 13.632 13.486 13.098 12.714 12.334 11.956 11.582 11.212 10.845 10.481 10.120 9.763 9.409 9.902 10.536 11.190 11.863 12.556 13.270 14.003 14.756 15.530 16.323 17.136 17.943 18.405 18.813 19.170 19.473 19.724 19.922 20.068 20.161
21.005 21.790 22.618 23.488 24.219 22.613 20.992 19.356 17.706 16.039 14.358 12.645 10.956 9.311 7.708 6.148 4.946 5.128 5.330 5.554 5.798 6.063 6.346 6.643 6.958 7.289 7.636 7.999 8.439 8.976 9.484 9.964 10.415 10.838 11.233 11.600 11.938 12.247 12.529 12.782 12.678 12.305 11.936 11.570 11.207 10.848 10.492 10.139 9.790 9.444 9.102 8.763 9.213 9.934 10.676 11.437 12.218 13.019 13.841 14.682 15.543 16.424 17.325 18.246 18.504 18.682 18.807 18.880 18.900 18.867 18.782 18.645
19.883 20.815 21.791 22.809 23.708 22.031 20.233 18.479 16.767 15.097 13.470 11.886 10.345 8.846 7.390 5.977 4.701 4.954 5.228 5.523 5.838 6.175 6.529 6.899 7.286 7.689 8.108 8.544 8.989 9.401 9.785 10.140 10.467 10.766 11.036 11.278 11.492 11.677 11.834 11.962 11.867 11.509 11.154 10.803 10.455 10.111 9.769 9.432 9.097 8.766 8.438 8.113 8.503 9.312 10.142 10.991 11.860 12.749 13.658 14.586 15.535 16.504 17.493 18.501 18.656 18.603 18.498 18.340 18.130 17.867 17.551 17.183
18.459 19.289 20.085 20.848 21.578 20.354 18.703 17.095 15.530 14.007 12.527 11.090 9.696 8.344 7.034 5.768 4.543 4.762 5.107 5.474 5.860 6.268 6.694 7.137 7.595 8.070 8.562 9.069 9.571 9.858 10.117 10.348 10.551 10.725 10.871 10.988 11.077 11.138 11.171 11.175 11.054 10.710 10.371 10.034 9.701 9.371 9.044 8.721 8.401 8.085 7.771 7.462 7.773 8.670 9.587 10.524 11.481 12.457 13.454 14.471 15.507 16.563 17.640 18.736 18.861 18.578 18.242 17.854 17.413 16.920 16.374 15.775
16.822 17.537 18.219 18.867 19.482 18.639 17.135 15.674 14.256 12.880 11.547 10.256 9.008 7.803 6.640 5.520 4.442 4.551 4.968 5.405 5.863 6.342 6.840 7.355 7.885 8.433 8.996 9.576 10.172 10.346 10.480 10.587 10.665 10.715 10.736 10.729 10.694 10.631 10.539 10.419 10.238 9.909 9.584 9.262 8.944 8.628 8.316 8.008 7.703 7.401 7.102 6.807 7.023 8.008 9.012 10.037 11.081 12.146 13.230 14.334 15.458 16.602 17.766 18.950 19.120 18.606 18.007 17.299 16.598 15.905 15.218 14.539
15.218 15.819 16.386 16.919 17.419 16.887 15.530 14.216 12.944 11.715 10.528 9.384 8.283 7.224 6.208 5.234 4.303 4.322 4.810 5.319 5.848 6.398 6.968 7.554 8.157 8.776 9.412 10.063 10.732 10.864 10.874 10.857 10.810 10.736 10.633 10.502 10.342 10.155 9.939 9.694 9.420 9.106 8.795 8.488 8.184 7.883 7.586 7.292 7.001 6.714 6.430 6.150 6.252 7.325 8.417 9.529 10.661 11.808 12.909 13.981 15.022 16.033 17.014 17.964 18.077 17.386 16.702 16.025 15.356 14.693 14.038 13.390
13.648 14.134 14.586 15.005 15.390 15.098 13.887 12.719 11.594 10.512 9.471 8.474 7.519 6.607 5.737 4.910 4.125 4.074 4.633 5.213 5.814 6.435 7.076 7.735 8.410 9.101 9.808 10.532 11.272 11.413 11.299 11.157 10.987 10.788 10.561 10.306 10.022 9.710 9.370 9.001 8.604 8.299 8.003 7.711 7.421 7.135 6.853 6.573 6.300 6.140 5.969 5.785 5.811 6.932 8.023 9.083 10.113 11.113 12.082 13.021 13.930 14.809 15.657 16.475 16.704 16.044 15.392 14.746 14.108 13.476 12.852 12.235
12.111 12.482 12.819 13.124 13.394 13.271 12.207 11.186 10.207 9.271 8.377 7.526 6.718 5.952 5.228 4.547 3.909 3.807 4.438 5.089 5.761 6.453 7.166 7.897 8.643 9.406 10.186 10.982 11.794 11.993 11.755 11.489 11.194 10.871 10.520 10.141 9.733 9.297 8.832 8.340 7.981 7.826 7.699 7.559 7.406 7.242 7.065 6.877 6.676 6.462 6.237 5.999 5.810 6.799 7.757 8.685 9.583 10.450 11.287 12.094 12.870 13.617 14.333 15.018 15.326 14.697 14.076 13.461 12.854 12.254 11.661 11.075
10.606 10.863 11.086 11.276 11.432 11.407 10.489 9.614 8.782 7.992 7.245 6.540 5.878 5.258 4.681 4.147 3.655 3.522 4.224 4.946 5.689 6.453 7.237 8.040 8.858 9.693 10.545 11.412 12.296 12.604 12.242 11.809 11.382 10.978 10.597 10.238 9.901 9.587 9.295 9.026 8.779 8.590 8.408 8.215 8.009 7.791 7.561 7.318 7.064 6.797 6.518 6.226 5.923 6.697 7.523 8.318 9.084 9.819 10.524 11.198 11.843 12.457 13.040 13.594 13.942 13.344 12.754 12.171 11.594 11.025 10.464 9.909
9.135 9.277 9.386 9.461 9.503 9.505 8.734 8.006 7.320 6.676 6.075 5.517 5.001 4.527 4.096 3.708 3.362 3.219 3.992 4.785 5.599 6.434 7.269 8.091 8.904 9.707 10.501 11.285 12.059 12.421 12.048 11.697 11.369 11.063 10.780 10.519 10.281 10.065 9.872 9.701 9.552 9.366 9.131 8.883 8.624 8.352 8.068 7.772 7.464 7.144 6.811 6.466 6.109 6.627 7.320 7.984 8.617 9.220 9.792 10.335 10.847 11.329 11.781 12.202 12.552 11.986 11.426 10.874 10.329 9.791 9.261 8.737
