DATA/SHG/ECMWF/20170628/EN-49/20170628.en-49.asc
ncols        190
nrows        64
xllcorner    -5100000.000000000000
yllcorner    4130000.000000000000
cellsize     10000.000000000000
NODATA_value  -99999.000
[rows 32 to 63 of 64, columns 74 to 147 of 190]
2.789 3.562 4.313 5.043 5.752 6.439 7.105 7.749 8.371 8.973 9.552 9.950 9.552 9.187 8.853 8.552 8.282 8.045 7.841 7.668 7.527 7.414 7.326 7.308 7.458 7.624 7.803 7.996 8.204 8.427 8.663 8.914 9.179 9.459 9.752 9.806 9.364 8.887 8.375 7.828 7.245 6.627 5.974 5.307 4.693 4.088 3.494 3.892 5.383 6.852 8.298 9.723 11.125 12.506 13.864 15.200 16.514 17.806 19.075 19.036 18.112 17.199 16.297 15.406 14.526 13.656 12.797 11.949 11.112 10.285 9.469 9.363 9.550 9.752
2.439 3.138 3.815 4.471 5.105 5.718 6.309 6.879 7.428 7.955 8.461 8.916 8.630 8.376 8.154 7.964 7.807 7.681 7.588 7.527 7.498 7.498 7.523 7.587 7.802 8.030 8.273 8.529 8.801 9.086 9.386 9.700 10.029 10.371 10.705 10.757 10.106 9.466 8.836 8.216 7.606 7.006 6.416 5.836 5.266 4.706 4.156 4.301 5.694 7.066 8.415 9.742 11.047 12.330 13.591 14.830 16.047 17.241 18.414 18.596 17.719 16.854 15.999 15.156 14.323 13.500 12.689 11.888 11.098 10.319 9.551 9.392 9.640 9.903
2.110 2.734 3.337 3.919 4.479 5.018 5.535 6.031 6.505 6.958 7.390 7.800 7.680 7.537 7.427 7.349 7.302 7.289 7.307 7.357 7.441 7.553 7.690 7.853 8.128 8.415 8.688 8.958 9.225 9.490 9.751 10.009 10.263 10.515 10.764 10.920 10.314 9.718 9.132 8.556 7.990 7.435 6.889 6.353 5.828 5.312 4.807 4.732 6.029 7.303 8.555 9.784 10.992 12.178 13.342 14.483 15.602 16.700 17.775 18.145 17.316 16.498 15.691 14.895 14.109 13.334 12.570 11.817 11.074 10.342 9.621 9.407 9.717 10.041
1.800 2.351 2.880 3.387 3.873 4.338 4.781 5.203 5.603 5.982 6.340 6.676 6.701 6.670 6.671 6.705 6.770 6.918 7.144 7.360 7.559 7.743 7.919 8.085 8.335 8.598 8.858 9.115 9.369 9.619 9.867 10.111 10.353 10.592 10.827 11.059 10.511 9.959 9.417 8.886 8.364 7.853 7.351 6.860 6.378 5.907 5.446 5.187 6.385 7.562 8.717 9.849 10.960 12.048 13.115 14.159 15.181 16.182 17.160 17.684 16.903 16.133 15.373 14.624 13.885 13.158 12.441 11.735 11.040 10.355 9.682 9.408 9.779 10.164
1.512 1.988 2.443 2.876 3.288 3.679 4.048 4.396 4.722 5.027 5.438 5.951 6.280 6.524 6.756 6.977 7.187 7.386 7.573 7.750 7.910 8.055 8.191 8.319 8.535 8.785 9.031 9.274 9.515 9.752 9.986 10.217 10.446 10.671 10.893 11.112 10.696 10.189 9.692 9.204 8.727 8.259 7.802 7.355 6.918 6.490 6.073 5.666 6.765 7.844 8.902 9.937 10.951 11.942 12.911 13.858 14.783 15.686 16.567 17.213 16.479 15.756 15.044 14.342 13.651 12.971 12.301 11.643 10.995 10.358 9.731 9.395 9.828 10.274
1.243 1.645 2.026 2.604 3.327 3.991 4.595 5.139 5.623 6.047 6.412 6.716 6.951 7.156 7.350 7.532 7.703 7.863 8.012 8.149 8.270 8.376 8.473 8.562 8.738 8.974 9.207 9.437 9.664 9.888 10.109 10.327 10.541 10.753 10.962 11.168 10.871 10.408 9.955 9.511 9.078 8.655 8.242 7.839 7.446 7.063 6.690 6.327 7.167 8.149 9.109 10.048 10.964 11.858 12.730 13.580 14.408 15.214 15.998 16.732 16.046 15.370 14.704 14.050 13.406 12.773 12.151 11.540 10.939 10.349 9.770 9.369 9.862 10.370
3.179 3.875 4.510 5.086 5.602 6.058 6.454 6.790 7.066 7.282 7.438 7.535 7.632 7.798 7.952 8.096 8.228 8.350 8.459 8.558 8.640 8.707 8.765 8.814 8.944 9.166 9.386 9.603 9.816 10.027 10.234 10.439 10.640 10.839 11.034 11.227 11.035 10.616 10.207 9.807 9.418 9.039 8.670 8.311 7.962 7.624 7.295 6.976 7.591 8.476 9.339 10.181 11.000 11.797 12.572 13.325 14.056 14.766 15.453 16.118 15.601 14.973 14.355 13.748 13.151 12.566 11.991 11.426 10.873 10.330 9.798 9.328 9.883 10.464
6.338 6.825 7.253 7.621 7.929 8.177 8.365 8.493 8.562 8.570 8.519 8.408 8.322 8.449 8.565 8.670 8.763 8.846 8.917 8.977 9.020 9.048 9.067 9.077 9.153 9.362 9.568 9.772 9.972 10.169 10.363 10.554 10.743 10.928 11.110 11.289 11.187 10.812 10.447 10.093 9.748 9.413 9.088 8.773 8.468 8.173 7.888 7.614 8.038 8.826 9.592 10.337 11.059 11.759 12.437 13.093 13.728 14.340 14.930 15.498 15.147 14.565 13.995 13.435 12.879 12.332 11.818 11.335 10.886 10.469 10.084 9.732 10.262 10.844
9.549 9.829 10.048 10.208 10.308 10.349 10.329 10.250 10.111 9.912 9.653 9.334 9.021 9.109 9.186 9.252 9.307 9.351 9.384 9.405 9.409 9.398 9.378 9.348 9.365 9.561 9.754 9.944 10.131 10.314 10.495 10.673 10.848 11.020 11.189 11.354 11.329 10.998 10.677 10.367 10.066 9.775 9.494 9.223 8.963 8.712 8.471 8.240 8.507 9.198 9.868 10.515 11.140 11.744 12.325 12.882 13.392 13.850 14.255 14.607 14.331 13.797 13.296 12.827 12.390 11.986 11.614 11.275 10.968 10.694 10.452 10.242 10.673 11.229
12.741 12.884 12.896 12.848 12.741 12.574 12.347 12.060 11.713 11.307 10.840 10.314 9.729 9.779 9.817 9.845 9.861 9.866 9.860 9.842 9.808 9.757 9.698 9.630 9.580 9.762 9.942 10.119 10.292 10.463 10.630 10.795 10.956 11.115 11.270 11.423 11.460 11.173 10.896 10.629 10.373 10.126 9.889 9.662 9.446 9.239 9.057 8.974 9.215 9.861 10.455 10.996 11.485 11.921 12.305 12.636 12.915 13.141 13.315 13.436 13.239 12.848 12.489 12.163 11.869 11.608 11.379 11.183 11.018 10.887 10.788 10.721 11.090 11.620
15.823 15.992 15.796 15.541 15.226 14.851 14.417 13.923 13.369 12.755 12.081 11.348 10.555 10.458 10.458 10.446 10.424 10.390 10.345 10.290 10.216 10.126 10.028 9.921 9.805 9.967 10.134 10.297 10.457 10.614 10.769 10.920 11.068 11.213 11.355 11.494 11.580 11.339 11.137 10.961 10.810 10.685 10.586 10.513 10.465 10.443 10.446 10.476 10.642 11.057 11.420 11.729 11.987 12.192 12.344 12.444 12.492 12.487 12.429 12.319 12.115 11.866 11.651 11.467 11.316 11.198 11.111 11.058 11.036 11.047 11.090 11.166 11.512 12.015
18.834 19.152 18.749 18.286 17.764 17.182 16.540 15.838 15.077 14.256 13.376 12.435 11.435 11.146 11.108 11.057 10.996 10.924 10.841 10.746 10.634 10.505 10.368 10.221 10.066 10.175 10.328 10.478 10.631 10.868 11.080 11.265 11.424 11.556 11.663 11.743 11.795 11.680 11.592 11.529 11.491 11.480 11.494 11.533 11.599 11.690 11.807 11.949 12.123 12.307 12.438 12.517 12.543 12.517 12.438 12.307 12.123 11.887 11.599 11.258 10.959 10.854 10.780 10.740 10.731 10.755 10.812 10.900 11.022 11.175 11.361 11.579 11.940 12.416
21.774 22.363 21.753 21.083 20.354 19.565 18.716 17.807 16.839 15.811 14.723 13.576 12.369 11.844 11.767 11.678 11.578 11.467 11.345 11.212 11.120 11.055 11.023 11.025 11.062 11.240 11.440 11.614 11.762 11.884 11.980 12.049 12.092 12.109 12.099 12.064 12.002 11.994 12.018 12.068 12.144 12.245 12.373 12.525 12.704 12.908 13.138 13.393 13.658 13.610 13.510 13.358 13.153 12.896 12.586 12.224 11.809 11.342 10.823 10.251 9.772 9.809 9.878 9.980 10.114 10.281 10.480 10.711 10.975 11.271 11.599 11.960 12.372 12.823
24.642 25.628 24.810 23.933 22.997 22.000 20.944 19.829 18.654 17.419 16.125 14.771 13.357 12.442 12.261 12.123 12.027 11.975 11.965 11.998 12.060 12.144 12.262 12.414 12.600 12.747 12.831 12.890 12.922 12.928 12.907 12.861 12.788 12.689 12.564 12.413 12.235 12.278 12.416 12.579 12.768 12.983 13.223 13.489 13.780 14.098 14.440 14.809 15.203 14.967 14.636 14.252 13.817 13.328 12.788 12.195 11.550 10.852 10.102 9.300 8.553 8.733 8.945 9.189 9.466 9.775 10.116 10.490 10.896 11.334 11.805 12.307 12.810 13.235
27.440 28.944 27.919 26.835 25.692 24.489 22.686 20.938 19.258 17.645 16.098 14.619 13.206 12.307 12.274 12.284 12.336 12.432 12.570 12.751 12.961 13.195 13.462 13.763 14.098 14.281 14.250 14.193 14.109 13.999 13.863 13.701 13.512 13.298 13.057 12.790 12.496 12.535 12.786 13.062 13.364 13.692 14.045 14.424 14.828 15.258 15.714 16.196 16.703 16.377 15.815 15.201 14.534 13.815 13.044 12.221 11.345 10.417 9.436 8.403 7.318 7.625 7.979 8.366 8.785 9.236 9.720 10.236 10.784 11.365 11.978 12.623 13.254 13.652
28.489 29.662 27.811 26.028 24.311 22.661 21.078 19.562 18.113 16.730 15.415 14.166 12.984 12.134 12.249 12.406 12.606 12.849 13.135 13.464 13.823 14.205 14.622 15.072 15.556 15.843 15.696 15.523 15.324 15.098 14.847 14.569 14.265 13.934 13.578 13.195 12.786 12.764 13.127 13.517 13.932 14.372 14.838 15.330 15.847 16.390 16.959 17.553 18.173 17.840 17.048 16.203 15.306 14.356 13.355 12.301 11.194 10.035 8.824 7.561 6.245 6.485 6.982 7.511 8.072 8.666 9.292 9.950 10.641 11.363 12.118 12.906 13.703 14.074
25.405 26.839 25.220 23.667 22.182 20.763 19.411 18.126 16.907 15.756 14.671 13.653 12.702 11.922 12.184 12.490 12.837 13.228 13.661 14.137 14.645 15.176 15.742 16.342 16.975 17.433 17.170 16.881 16.566 16.225 15.858 15.464 15.045 14.599 14.127 13.628 13.104 12.964 13.441 13.943 14.471 15.024 15.603 16.208 16.838 17.494 18.175 18.882 19.615 19.357 18.334 17.259 16.131 14.951 13.719 12.435 11.098 9.709 8.267 6.774 5.228 5.314 5.953 6.624 7.328 8.064 8.832 9.632 10.447 11.221 11.978 12.717 13.439 13.698
22.380 23.617 22.570 21.248 19.993 18.805 17.684 16.630 15.642 14.721 13.867 13.080 12.360 11.706 12.081 12.534 13.029 13.568 14.148 14.772 15.427 16.108 16.823 17.572 18.354 19.049 18.671 18.267 17.836 17.380 16.897 16.388 15.852 15.291 14.704 14.090 13.450 13.137 13.726 14.341 14.982 15.648 16.340 17.057 17.800 18.569 19.363 20.183 21.028 20.927 19.674 18.368 17.010 15.600 14.137 12.623 11.056 9.436 7.765 6.061 4.415 4.373 5.193 5.996 6.781 7.548 8.298 9.031 9.746 10.443 11.123 11.786 12.431 12.769
19.415 20.445 19.860 18.770 17.746 16.788 15.898 15.074 14.317 13.627 13.003 12.447 11.957 11.533 11.940 12.540 13.183 13.868 14.596 15.367 16.171 17.001 17.864 18.762 19.693 20.658 20.200 19.680 19.134 18.562 17.963 17.339 16.688 16.011 15.309 14.579 13.824 13.281 13.983 14.711 15.464 16.243 17.048 17.878 18.734 19.615 20.522 21.454 22.412 22.551 21.048 19.374 17.707 16.045 14.389 12.740 11.096 9.458 7.827 6.201 4.581 4.227 4.970 5.696 6.404 7.095 7.769 8.425 9.063 9.684 10.287 10.873 11.441 11.831
16.509 17.334 17.092 16.232 15.439 14.712 14.052 13.459 12.932 12.473 12.079 11.753 11.493 11.300 11.759 12.507 13.297 14.130 15.005 15.923 16.875 17.854 18.866 19.913 20.993 22.107 21.756 21.121 20.459 19.772 19.058 18.318 17.552 16.760 15.941 15.097 14.226 13.398 14.212 15.053 15.919 16.811 17.729 18.610 19.455 20.263 21.034 21.769 22.468 22.604 20.950 19.302 17.660 16.024 14.395 12.771 11.153 9.541 7.935 6.335 4.741 4.098 4.765 5.414 6.046 6.660 7.257 7.836 8.398 8.942 9.469 9.978 10.470 10.884
13.662 14.281 14.265 13.635 13.073 12.576 12.147 11.784 11.488 11.258 11.096 10.999 10.970 11.007 11.540 12.435 13.372 14.352 15.375 16.440 17.540 18.668 19.829 21.024 22.253 23.516 23.339 22.589 21.812 21.009 20.180 19.325 18.443 17.544 16.690 15.882 15.122 14.408 15.179 16.046 16.876 17.670 18.427 19.148 19.833 20.480 21.092 21.667 22.205 22.474 20.846 19.224 17.608 15.998 14.394 12.796 11.204 9.618 8.038 6.464 4.895 3.987 4.578 5.150 5.705 6.243 6.763 7.266 7.751 8.219 8.669 9.102 9.517 9.927
10.875 11.288 11.379 10.980 10.647 10.382 10.182 10.050 9.984 9.984 10.052 10.186 10.386 10.653 11.282 12.324 13.409 14.536 15.706 16.918 18.166 19.442 20.753 22.096 23.265 24.393 24.231 23.255 22.325 21.443 20.607 19.818 19.075 18.380 17.731 17.129 16.574 16.065 16.557 17.263 17.933 18.567 19.164 19.725 20.249 20.737 21.188 21.603 21.981 22.323 20.736 19.140 17.550 15.965 14.387 12.815 11.249 9.689 8.134 6.586 5.044 3.895 4.408 4.904 5.383 5.844 6.288 6.714 7.123 7.514 7.888 8.244 8.583 8.961
8.147 8.355 8.434 8.265 8.163 8.128 8.158 8.256 8.420 8.651 8.948 9.312 9.742 10.239 10.986 12.175 13.353 14.499 15.633 16.754 17.876 19.000 20.114 21.218 22.312 23.396 23.577 22.806 22.082 21.405 20.774 20.191 19.654 19.164 18.720 18.323 17.974 17.670 17.971 18.518 19.028 19.501 19.938 20.339 20.703 21.031 21.322 21.577 21.796 21.978 20.620 19.050 17.485 15.927 14.375 12.828 11.288 9.753 8.225 6.702 5.186 3.819 4.256 4.676 5.078 5.463 5.830 6.180 6.512 6.827 7.124 7.404 7.666 7.986
5.478 5.480 5.431 5.492 5.620 5.814 6.075 6.403 6.797 7.370 7.997 8.616 9.226 9.827 10.522 11.651 12.766 13.869 14.959 16.036 17.113 18.193 19.263 20.323 21.372 22.411 22.871 22.306 21.787 21.315 20.890 20.512 20.180 19.895 19.657 19.466 19.321 19.223 19.424 19.810 20.160 20.474 20.751 20.991 21.196 21.364 21.495 21.590 21.649 21.671 20.499 18.954 17.416 15.883 14.356 12.836 11.321 9.812 8.310 6.813 5.322 3.837 4.122 4.466 4.791 5.099 5.390 5.663 5.919 6.158 6.379 6.582 6.768 7.001
2.868 2.665 2.708 3.336 3.986 4.627 5.260 5.883 6.498 7.104 7.702 8.291 8.871 9.442 10.036 11.121 12.192 13.251 14.297 15.329 16.363 17.399 18.424 19.439 20.444 21.439 22.115 21.755 21.441 21.175 20.955 20.782 20.655 20.575 20.542 20.556 20.616 20.723 20.914 21.140 21.330 21.484 21.601 21.682 21.726 21.734 21.706 21.641 21.540 21.403 20.371 18.853 17.340 15.833 14.332 12.837 11.348 9.865 8.388 6.917 5.452 3.993 4.006 4.273 4.522 4.754 4.968 5.165 5.345 5.507 5.651 5.778 5.888 6.007
2.413 2.568 2.723 3.259 3.879 4.490 5.092 5.686 6.271 6.847 7.415 7.974 8.524 9.065 9.598 10.602 11.630 12.645 13.647 14.636 15.625 16.616 17.597 18.568 19.529 20.479 21.307 21.152 21.044 20.982 20.968 21.000 21.078 21.203 21.375 21.594 21.859 22.171 22.442 22.508 22.538 22.532 22.490 22.411 22.295 22.144 21.955 21.731 21.470 21.173 20.238 18.745 17.258 15.777 14.302 12.833 11.370 9.913 8.461 7.016 5.577 4.143 3.908 4.098 4.271 4.427 4.565 4.685 4.788 4.874 4.942 4.993 5.026 5.075
2.434 2.586 2.737 3.189 3.779 4.360 4.933 5.497 6.052 6.599 7.136 7.665 8.186 8.697 9.200 10.096 11.080 12.051 13.009 13.954 14.899 15.846 16.783 17.709 18.625 19.531 20.427 20.498 20.595 20.739 20.929 21.166 21.449 21.780 22.156 22.580 23.050 23.567 24.007 23.914 23.784 23.618 23.416 23.177 22.902 22.591 22.243 21.859 21.439 20.982 20.099 18.632 17.171 15.716 14.266 12.823 11.385 9.954 8.528 7.109 5.695 4.288 3.827 3.941 4.115 4.464 4.748 4.968 5.124 5.216 5.244 5.207 5.107 4.942
2.454 2.604 2.753 3.127 3.688 4.239 4.782 5.316 5.841 6.358 6.866 7.365 7.855 8.337 8.810 9.602 10.542 11.469 12.383 13.284 14.185 15.088 15.980 16.862 17.734 18.596 19.447 19.794 20.096 20.444 20.839 21.281 21.769 22.304 22.886 23.514 24.189 24.910 25.609 25.357 25.067 24.742 24.380 23.982 23.547 23.076 22.569 22.025 21.445 20.829 19.955 18.513 17.078 15.648 14.224 12.818 11.538 10.349 9.250 8.243 7.327 6.502 6.247 6.442 6.574 6.641 6.644 6.583 6.458 6.269 6.016 5.699 5.318 4.872
2.476 2.623 2.769 3.074 3.604 4.126 4.639 5.143 5.639 6.125 6.603 7.073 7.533 7.985 8.429 9.119 10.015 10.899 11.769 12.626 13.484 14.342 15.190 16.027 16.855 17.673 18.480 19.038 19.545 20.098 20.698 21.344 22.037 22.777 23.563 24.396 25.276 26.202 27.175 26.837 26.388 25.903 25.382 24.824 24.230 23.599 22.927 22.000 21.095 20.213 19.263 17.926 16.680 15.525 14.461 13.488 12.606 11.815 11.115 10.506 9.988 9.562 9.329 9.243 9.094 8.880 8.603 8.261 7.855 7.385 6.852 6.254 5.592 4.866
2.498 2.642 2.786 3.029 3.529 4.021 4.504 4.978 5.444 5.901 6.349 6.789 7.220 7.642 8.055 8.649 9.501 10.341 11.167 11.981 12.794 13.608 14.411 15.205 15.988 16.761 17.524 18.231 18.942 19.700 20.505 21.356 22.254 23.198 24.189 25.226 26.310 27.441 28.182 27.472 26.486 25.523 24.582 23.663 22.767 21.893 21.041 20.212 19.405 18.620 17.847 16.908 16.061 15.304 14.638 14.064 13.580 13.187 12.885 12.674 12.554 12.525 12.472 12.106 11.676 11.182 10.623 10.001 9.314 8.564 7.750 6.871 5.929 4.922
2.521 2.663 2.804 2.991 3.462 3.924 4.377 4.822 5.258 5.685 6.103 6.513 6.914 7.306 7.690 8.191 8.999 9.795 10.577 11.347 12.116 12.886 13.645 14.395 15.134 15.863 16.581 17.373 18.289 19.158 19.977 20.765 21.519 22.240 22.929 23.585 24.209 24.799 25.357 24.879 23.991 23.126 22.283 21.462 20.664 19.887 19.134 18.402 17.693 17.006 16.342 15.797 15.347 14.989 14.721 14.544 14.459 14.464 14.560 14.747 15.024 15.393 15.678 15.031 14.320 13.545 12.706 11.803 10.836 9.805 8.710 7.551 6.329 5.042
2.544 2.683 2.822 2.962 3.403 3.835 4.259 4.673 5.079 5.477 5.865 6.245 6.617 6.979 7.333 7.744 8.509 9.261 10.000 10.726 11.488 12.249 12.977 13.673 14.336 14.968 15.567 16.207 16.949 17.659 18.336 18.980 19.591 20.169 20.715 21.228 21.709 22.156 22.571 22.265 21.475 20.708 19.962 19.240 18.539 17.861 17.205 16.571 15.960 15.371 14.804 14.592 14.540 14.580 14.710 14.931 15.243 15.646 16.139 16.724 17.399 18.165 18.944 18.017 17.025 15.970 14.851 13.667 12.420 11.109 9.734 8.295 6.792 5.225
