DATA/SHG/ECMWF/20170628/EN-49/20170708.en-49.asc
ncols        190
nrows        64
xllcorner    -5100000.000000000000
yllcorner    4130000.000000000000
cellsize     10000.000000000000
NODATA_value  -99999.000
[rows 0 to 32 of 64, columns 0 to 73 of 190]
2.423 2.256 2.089 1.921 1.753 1.584 1.414 1.244 1.074 0.961 0.872 0.787 0.708 0.634 0.565 0.502 0.443 0.389 0.341 0.312 0.289 0.270 0.253 0.234 0.215 0.194 0.172 0.149 0.125 0.100 0.074 0.046 0.017 0.006 0.005 0.005 0.004 0.004 0.004 0.004 0.004 0.003 0.003 0.003 0.003 0.004 0.005 0.006 0.008 0.009 0.011 0.013 0.014 0.016 0.018 0.020 0.022 0.026 0.032 0.038 0.044 0.051 0.058 0.065 0.072 0.080 0.088 0.096 0.104 0.112 0.117 0.123 0.128 0.134
2.171 2.002 1.833 1.663 1.493 1.322 1.151 0.979 0.806 0.692 0.621 0.555 0.531 0.509 0.485 0.462 0.439 0.415 0.391 0.367 0.342 0.320 0.299 0.276 0.253 0.228 0.202 0.175 0.147 0.118 0.087 0.056 0.023 0.005 0.005 0.004 0.004 0.004 0.004 0.004 0.004 0.004 0.004 0.004 0.004 0.005 0.006 0.008 0.009 0.011 0.013 0.015 0.017 0.019 0.021 0.024 0.026 0.030 0.036 0.043 0.051 0.058 0.066 0.074 0.082 0.091 0.100 0.109 0.118 0.127 0.133 0.138 0.144 0.151
1.920 1.750 1.579 1.407 1.244 1.120 0.995 0.869 0.742 0.662 0.639 0.616 0.592 0.568 0.545 0.520 0.496 0.471 0.447 0.421 0.396 0.371 0.346 0.319 0.292 0.263 0.233 0.202 0.170 0.136 0.102 0.066 0.030 0.004 0.004 0.004 0.004 0.004 0.004 0.004 0.004 0.004 0.004 0.004 0.005 0.005 0.007 0.009 0.011 0.013 0.015 0.017 0.020 0.022 0.025 0.027 0.030 0.033 0.041 0.049 0.057 0.066 0.074 0.083 0.092 0.102 0.112 0.122 0.137 0.153 0.168 0.186 0.206 0.229
1.846 1.722 1.598 1.472 1.345 1.217 1.088 0.957 0.825 0.725 0.701 0.677 0.653 0.629 0.604 0.579 0.554 0.528 0.502 0.476 0.450 0.423 0.394 0.363 0.332 0.299 0.265 0.230 0.194 0.156 0.118 0.078 0.038 0.003 0.003 0.003 0.003 0.003 0.004 0.004 0.004 0.004 0.005 0.005 0.005 0.006 0.008 0.010 0.013 0.015 0.017 0.020 0.022 0.025 0.028 0.031 0.034 0.037 0.045 0.054 0.063 0.076 0.089 0.103 0.118 0.134 0.151 0.168 0.187 0.207 0.231 0.258 0.287 0.319
1.966 1.839 1.710 1.579 1.448 1.315 1.181 1.046 0.909 0.789 0.764 0.739 0.714 0.689 0.663 0.637 0.611 0.585 0.558 0.531 0.504 0.477 0.443 0.409 0.373 0.336 0.298 0.259 0.219 0.178 0.135 0.091 0.047 0.002 0.003 0.003 0.003 0.003 0.003 0.004 0.004 0.005 0.005 0.006 0.006 0.007 0.009 0.011 0.014 0.017 0.019 0.022 0.025 0.028 0.032 0.036 0.041 0.046 0.058 0.072 0.086 0.102 0.118 0.135 0.154 0.173 0.193 0.215 0.237 0.260 0.292 0.327 0.365 0.406
2.088 1.956 1.823 1.688 1.552 1.414 1.276 1.136 0.994 0.853 0.827 0.801 0.775 0.749 0.723 0.696 0.669 0.642 0.614 0.587 0.559 0.531 0.494 0.455 0.415 0.375 0.333 0.289 0.245 0.200 0.153 0.106 0.057 0.007 0.002 0.002 0.002 0.003 0.003 0.004 0.004 0.005 0.005 0.006 0.007 0.007 0.010 0.013 0.016 0.020 0.024 0.028 0.032 0.037 0.042 0.047 0.053 0.059 0.073 0.090 0.108 0.127 0.146 0.167 0.189 0.212 0.235 0.260 0.285 0.312 0.350 0.394 0.441 0.490
2.212 2.075 1.937 1.797 1.657 1.515 1.372 1.227 1.081 0.934 0.890 0.864 0.837 0.810 0.782 0.755 0.727 0.699 0.671 0.642 0.613 0.584 0.545 0.503 0.459 0.414 0.368 0.321 0.273 0.223 0.173 0.121 0.068 0.014 0.001 0.001 0.002 0.002 0.003 0.005 0.007 0.008 0.009 0.009 0.009 0.009 0.011 0.015 0.019 0.024 0.029 0.034 0.040 0.046 0.052 0.058 0.065 0.072 0.087 0.107 0.128 0.151 0.174 0.198 0.223 0.249 0.276 0.304 0.333 0.363 0.405 0.458 0.514 0.572
2.336 2.195 2.052 1.908 1.763 1.617 1.469 1.320 1.169 1.018 0.954 0.926 0.899 0.871 0.842 0.814 0.785 0.756 0.727 0.698 0.668 0.638 0.598 0.551 0.504 0.455 0.405 0.354 0.301 0.248 0.193 0.138 0.083 0.029 0.009 0.011 0.013 0.015 0.016 0.017 0.017 0.017 0.016 0.015 0.013 0.011 0.012 0.017 0.022 0.028 0.034 0.040 0.047 0.054 0.061 0.069 0.076 0.084 0.100 0.124 0.148 0.174 0.200 0.228 0.256 0.286 0.316 0.347 0.379 0.413 0.458 0.520 0.584 0.651
2.462 2.316 2.169 2.021 1.871 1.720 1.567 1.414 1.259 1.103 1.017 0.989 0.960 0.932 0.902 0.873 0.844 0.814 0.784 0.753 0.723 0.692 0.652 0.601 0.549 0.500 0.450 0.399 0.346 0.292 0.237 0.180 0.122 0.062 0.030 0.031 0.031 0.031 0.031 0.030 0.028 0.026 0.023 0.020 0.017 0.013 0.013 0.019 0.025 0.032 0.039 0.046 0.054 0.062 0.070 0.079 0.087 0.097 0.112 0.139 0.167 0.196 0.226 0.257 0.288 0.321 0.355 0.389 0.425 0.461 0.509 0.579 0.653 0.728
2.589 2.439 2.287 2.134 1.980 1.824 1.667 1.509 1.350 1.189 1.081 1.052 1.022 0.993 0.963 0.933 0.902 0.873 0.854 0.830 0.802 0.770 0.730 0.679 0.627 0.573 0.519 0.462 0.405 0.346 0.286 0.224 0.161 0.097 0.052 0.051 0.050 0.048 0.046 0.043 0.040 0.036 0.032 0.027 0.021 0.016 0.013 0.020 0.028 0.035 0.044 0.052 0.061 0.070 0.079 0.088 0.098 0.108 0.123 0.154 0.185 0.217 0.250 0.284 0.320 0.356 0.393 0.431 0.469 0.509 0.557 0.636 0.718 0.803
2.718 2.563 2.406 2.249 2.090 1.930 1.768 1.606 1.442 1.276 1.154 1.148 1.139 1.125 1.107 1.085 1.060 1.030 0.996 0.958 0.916 0.869 0.818 0.763 0.706 0.648 0.588 0.527 0.465 0.401 0.336 0.270 0.202 0.133 0.075 0.072 0.069 0.065 0.061 0.057 0.052 0.046 0.040 0.033 0.026 0.019 0.013 0.021 0.030 0.039 0.048 0.057 0.067 0.077 0.087 0.098 0.109 0.120 0.133 0.167 0.202 0.237 0.274 0.311 0.350 0.389 0.429 0.471 0.513 0.556 0.603 0.691 0.781 0.875
2.847 2.688 2.527 2.441 2.396 2.316 2.200 2.050 1.865 1.644 1.415 1.395 1.371 1.343 1.311 1.275 1.235 1.190 1.142 1.090 1.033 0.973 0.908 0.848 0.786 0.723 0.659 0.593 0.526 0.458 0.388 0.317 0.244 0.171 0.098 0.093 0.088 0.083 0.077 0.071 0.064 0.057 0.049 0.041 0.032 0.023 0.013 0.022 0.032 0.041 0.052 0.062 0.073 0.084 0.095 0.107 0.119 0.131 0.144 0.180 0.218 0.257 0.296 0.337 0.379 0.422 0.465 0.545 0.654 0.767 0.885 1.019 1.145 1.261
3.913 3.850 3.751 3.617 3.448 3.244 3.005 2.730 2.421 2.076 1.697 1.646 1.607 1.565 1.519 1.468 1.414 1.355 1.292 1.226 1.155 1.080 1.001 0.935 0.868 0.800 0.731 0.661 0.589 0.516 0.441 0.365 0.288 0.209 0.129 0.115 0.108 0.101 0.094 0.086 0.077 0.068 0.059 0.048 0.038 0.027 0.015 0.023 0.033 0.044 0.055 0.067 0.079 0.091 0.103 0.116 0.129 0.142 0.156 0.191 0.267 0.360 0.458 0.560 0.667 0.778 0.893 1.013 1.138 1.266 1.399 1.508 1.600 1.682
5.499 5.311 5.088 4.830 4.537 4.209 3.846 3.448 3.015 2.546 2.043 1.901 1.848 1.791 1.731 1.666 1.597 1.524 1.447 1.366 1.281 1.191 1.098 1.022 0.951 0.879 0.805 0.729 0.653 0.575 0.496 0.415 0.333 0.250 0.165 0.137 0.129 0.120 0.111 0.101 0.091 0.080 0.069 0.057 0.044 0.032 0.018 0.023 0.034 0.046 0.059 0.071 0.084 0.130 0.184 0.241 0.301 0.363 0.428 0.518 0.622 0.731 0.845 0.962 1.084 1.211 1.342 1.477 1.617 1.761 1.909 2.005 2.063 2.111
7.121 6.809 6.462 6.081 5.664 5.212 4.725 4.203 3.646 3.054 2.426 2.160 2.093 2.022 1.946 1.867 1.784 1.697 1.605 1.510 1.411 1.307 1.200 1.112 1.036 0.958 0.879 0.799 0.718 0.635 0.551 0.466 0.379 0.291 0.202 0.160 0.150 0.139 0.128 0.117 0.105 0.092 0.079 0.065 0.051 0.037 0.051 0.085 0.132 0.183 0.235 0.291 0.349 0.410 0.474 0.540 0.609 0.681 0.755 0.854 0.974 1.098 1.226 1.359 1.497 1.639 1.785 1.936 2.091 2.250 2.414 2.510 2.535 2.550
8.779 8.344 7.873 7.367 6.827 6.251 5.641 4.995 4.314 3.598 2.848 2.422 2.341 2.256 2.166 2.073 1.975 1.874 1.768 1.658 1.545 1.427 1.305 1.202 1.121 1.039 0.956 0.871 0.785 0.697 0.608 0.518 0.427 0.334 0.240 0.183 0.171 0.159 0.148 0.151 0.157 0.166 0.179 0.195 0.215 0.239 0.265 0.306 0.363 0.423 0.485 0.550 0.617 0.688 0.761 0.836 0.915 0.996 1.080 1.185 1.320 1.459 1.603 1.752 1.905 2.062 2.223 2.389 2.560 2.735 2.914 3.025 3.015 2.996
10.474 9.915 9.320 8.691 8.027 7.328 6.593 5.824 5.020 4.181 3.306 2.689 2.594 2.494 2.390 2.283 2.171 2.055 1.935 1.811 1.683 1.551 1.415 1.294 1.208 1.121 1.033 0.944 0.853 0.761 0.667 0.579 0.500 0.411 0.312 0.238 0.243 0.250 0.262 0.276 0.294 0.316 0.341 0.370 0.401 0.437 0.476 0.524 0.590 0.659 0.731 0.805 0.882 0.962 1.045 1.130 1.217 1.308 1.401 1.511 1.661 1.816 1.976 2.139 2.308 2.480 2.657 2.838 3.024 3.214 3.409 3.547 3.504 3.451
12.205 11.522 10.804 10.051 9.264 8.441 7.583 6.690 5.763 4.800 3.803 2.960 2.850 2.736 2.618 2.496 2.370 2.240 2.106 1.968 1.825 1.679 1.529 1.387 1.323 1.280 1.227 1.163 1.090 1.006 0.911 0.806 0.691 0.566 0.430 0.312 0.328 0.348 0.371 0.398 0.428 0.462 0.499 0.540 0.584 0.631 0.682 0.739 0.815 0.893 0.974 1.058 1.144 1.234 1.325 1.420 1.517 1.617 1.719 1.832 1.998 2.168 2.343 2.522 2.706 2.894 3.086 3.282 3.484 3.689 3.899 4.078 4.001 3.914
13.972 13.166 12.325 11.448 10.537 9.591 8.610 7.594 6.543 5.457 4.336 3.235 3.111 2.983 2.850 2.714 2.574 2.448 2.337 2.233 2.136 2.045 1.961 1.884 1.815 1.736 1.646 1.547 1.437 1.316 1.185 1.044 0.893 0.731 0.559 0.382 0.410 0.442 0.478 0.517 0.559 0.605 0.654 0.706 0.762 0.822 0.885 0.952 1.037 1.124 1.215 1.308 1.403 1.502 1.603 1.707 1.813 1.922 2.034 2.149 2.330 2.516 2.706 2.900 3.099 3.302 3.510 3.722 3.938 4.159 4.384 4.614 4.506 4.386
15.776 14.846 13.882 12.882 11.847 10.778 9.673 8.534 7.360 6.151 4.873 3.616 3.381 3.260 3.146 3.039 2.938 2.844 2.756 2.675 2.601 2.533 2.472 2.417 2.318 2.202 2.076 1.940 1.794 1.637 1.470 1.292 1.104 0.906 0.698 0.479 0.489 0.533 0.580 0.631 0.685 0.743 0.805 0.869 0.937 1.009 1.084 1.162 1.255 1.352 1.452 1.554 1.659 1.767 1.878 1.991 2.106 2.225 2.346 2.470 2.657 2.858 3.063 3.273 3.487 3.706 3.929 4.156 4.388 4.624 4.864 5.109 5.020 4.867
17.616 16.563 15.475 14.065 12.688 11.346 10.037 8.763 7.523 6.317 5.146 4.008 3.654 3.556 3.465 3.381 3.303 3.232 3.168 3.110 3.058 3.014 2.976 2.944 2.830 2.679 2.516 2.344 2.161 1.968 1.764 1.551 1.327 1.092 0.847 0.592 0.564 0.620 0.679 0.742 0.808 0.878 0.952 1.028 1.108 1.192 1.279 1.370 1.471 1.577 1.686 1.798 1.912 2.029 2.149 2.272 2.397 2.524 2.655 2.788 2.980 3.196 3.417 3.642 3.871 4.105 4.343 4.578 4.795 5.002 5.198 5.383 5.295 5.110
17.437 16.078 14.753 13.461 12.205 10.982 9.793 8.639 7.519 6.433 5.381 4.363 3.919 3.845 3.777 3.716 3.661 3.613 3.572 3.537 3.508 3.487 3.471 3.463 3.353 3.165 2.967 2.758 2.539 2.309 2.070 1.820 1.559 1.288 1.007 0.716 0.635 0.703 0.774 0.849 0.928 1.010 1.095 1.184 1.276 1.372 1.471 1.573 1.683 1.799 1.917 2.038 2.162 2.289 2.418 2.549 2.684 2.821 2.961 3.103 3.314 3.568 3.811 4.044 4.266 4.478 4.680 4.870 5.051 5.221 5.380 5.529 5.487 5.321
16.438 15.198 13.993 12.822 11.684 10.582 9.513 8.478 7.478 6.511 5.579 4.681 4.177 4.126 4.081 4.043 4.011 3.986 3.968 3.956 3.951 3.952 3.960 3.974 3.887 3.662 3.427 3.182 2.927 2.661 2.385 2.099 1.802 1.495 1.178 0.850 0.702 0.782 0.866 0.953 1.043 1.137 1.235 1.335 1.440 1.547 1.658 1.773 1.893 2.018 2.146 2.276 2.409 2.609 2.834 3.042 3.233 3.406 3.562 3.701 3.872 4.089 4.296 4.492 4.678 4.853 5.018 5.172 5.316 5.450 5.573 5.685 5.673 5.526
15.402 14.282 13.197 12.145 11.128 10.145 9.196 8.281 7.400 6.553 5.741 4.962 4.428 4.400 4.378 4.363 4.354 4.352 4.357 4.368 4.385 4.410 4.440 4.478 4.430 4.169 3.898 3.617 3.325 3.023 2.711 2.388 2.055 1.712 1.359 0.995 0.766 0.858 0.954 1.053 1.155 1.261 1.371 1.484 1.600 1.719 1.964 2.248 2.523 2.774 3.008 3.225 3.424 3.606 3.771 3.918 4.048 4.161 4.257 4.335 4.439 4.620 4.790 4.949 5.099 5.237 5.366 5.484 5.591 5.688 5.774 5.850 5.853 5.726
14.331 13.331 12.365 11.433 10.535 9.672 8.842 8.047 7.286 6.558 5.865 5.206 4.672 4.666 4.667 4.675 4.690 4.710 4.738 4.772 4.813 4.860 4.913 4.974 4.983 4.686 4.379 4.062 3.734 3.395 3.047 2.688 2.319 1.940 1.550 1.150 0.826 0.931 1.038 1.313 1.607 1.897 2.185 2.470 2.752 3.031 3.307 3.580 3.838 4.029 4.202 4.358 4.497 4.619 4.723 4.810 4.880 4.932 4.968 4.986 5.015 5.159 5.293 5.416 5.529 5.631 5.723 5.805 5.875 5.936 5.986 6.026 6.028 5.921
13.212 12.343 11.497 10.685 9.906 9.162 8.452 7.776 7.134 6.527 5.953 5.413 4.908 4.925 4.949 4.980 5.017 5.061 5.112 5.169 5.232 5.302 5.379 5.462 5.547 5.214 4.870 4.517 4.152 3.778 3.393 3.000 2.704 2.440 2.211 2.015 1.863 2.155 2.444 2.730 3.013 3.294 3.571 3.845 4.117 4.385 4.650 4.913 5.168 5.298 5.411 5.507 5.586 5.647 5.691 5.717 5.727 5.719 5.694 5.652 5.601 5.709 5.806 5.893 5.969 6.035 6.090 6.135 6.169 6.193 6.207 6.210 6.198 6.110
11.958 11.320 10.593 9.900 9.241 8.617 8.026 7.469 6.947 6.458 6.004 5.583 5.197 5.177 5.224 5.277 5.338 5.405 5.478 5.558 5.644 5.737 5.837 5.943 6.045 5.695 5.314 4.967 4.653 4.373 4.126 3.913 3.733 3.587 3.474 3.395 3.350 3.594 3.873 4.148 4.421 4.691 4.958 5.221 5.482 5.740 5.995 6.247 6.496 6.584 6.636 6.672 6.690 6.691 6.674 6.641 6.590 6.522 6.437 6.334 6.214 6.267 6.328 6.378 6.418 6.447 6.466 6.475 6.473 6.461 6.438 6.405 6.361 6.293
10.733 10.260 9.653 9.080 8.540 8.035 7.563 7.126 6.723 6.353 6.018 5.717 5.449 5.421 5.491 5.567 5.651 5.761 5.901 6.009 6.088 6.136 6.154 6.141 6.098 5.870 5.607 5.376 5.180 5.016 4.887 4.790 4.727 4.698 4.702 4.740 4.811 5.034 5.302 5.568 5.830 6.089 6.345 6.599 6.849 7.096 7.341 7.582 7.821 7.884 7.876 7.851 7.809 7.750 7.673 7.579 7.468 7.340 7.195 7.032 6.852 6.835 6.859 6.873 6.877 6.870 6.852 6.824 6.786 6.737 6.678 6.608 6.528 6.471
9.536 9.165 8.677 8.223 7.803 7.417 7.064 6.746 6.462 6.212 6.080 6.062 6.057 6.155 6.310 6.433 6.527 6.590 6.623 6.625 6.597 6.539 6.451 6.332 6.183 6.011 5.864 5.750 5.671 5.624 5.611 5.632 5.686 5.773 5.894 6.048 6.236 6.476 6.733 6.988 7.240 7.488 7.734 7.977 8.217 8.454 8.688 8.919 9.147 9.200 9.132 9.047 8.944 8.825 8.688 8.534 8.363 8.174 7.969 7.746 7.506 7.412 7.400 7.378 7.345 7.301 7.247 7.183 7.108 7.023 6.928 6.822 6.706 6.644
8.367 8.034 7.665 7.493 7.434 7.386 7.351 7.327 7.315 7.315 7.327 7.351 7.386 7.441 7.488 7.506 7.493 7.450 7.376 7.273 7.139 6.974 6.780 6.554 6.299 6.116 6.086 6.089 6.126 6.196 6.300 6.437 6.608 6.812 7.049 7.320 7.624 7.918 8.165 8.409 8.651 8.889 9.124 9.356 9.586 9.812 10.036 10.256 10.474 10.531 10.403 10.258 10.095 9.915 9.718 9.504 9.273 9.024 8.758 8.475 8.175 7.999 7.951 7.892 7.822 7.742 7.652 7.552 7.429 7.290 7.156 7.029 6.907 6.847
8.533 8.508 8.467 8.437 8.419 8.413 8.419 8.436 8.465 8.507 8.559 8.624 8.701 8.757 8.698 8.609 8.490 8.341 8.161 7.951 7.711 7.441 7.140 6.809 6.447 6.186 6.272 6.393 6.546 6.733 6.953 7.207 7.494 7.815 8.169 8.556 8.977 9.362 9.598 9.832 10.062 10.290 10.515 10.737 10.956 11.172 11.385 11.595 11.802 11.878 11.690 11.484 11.261 11.021 10.764 10.490 10.198 9.890 9.564 9.221 8.861 8.552 8.392 8.237 8.088 7.946 7.809 7.678 7.553 7.435 7.322 7.216 7.115 7.058
9.342 9.356 9.355 9.367 9.390 9.425 9.472 9.531 9.601 9.683 9.778 9.884 10.001 10.103 9.939 9.744 9.519 9.263 8.977 8.661 8.315 7.938 7.532 7.095 6.627 6.220 6.424 6.661 6.931 7.234 7.571 7.942 8.345 8.782 9.253 9.757 10.294 10.806 11.032 11.255 11.475 11.693 11.907 12.118 12.327 12.532 12.735 12.935 13.131 13.240 12.992 12.726 12.443 12.143 11.821 11.460 11.057 10.612 10.125 9.596 9.026 8.525 8.385 8.251 8.123 8.001 7.886 7.776 7.672 7.574 7.482 7.397 7.317 7.265
10.140 10.187 10.229 10.282 10.346 10.423 10.511 10.611 10.722 10.846 10.981 11.128 11.287 11.458 11.210 10.909 10.578 10.216 9.825 9.402 8.950 8.468 7.955 7.412 6.839 6.235 6.540 6.894 7.280 7.700 8.154 8.641 9.161 9.714 10.301 10.921 11.574 12.252 12.467 12.680 12.890 13.096 13.300 13.501 13.699 13.894 14.086 14.287 14.524 14.768 14.469 14.129 13.747 13.324 12.858 12.351 11.802 11.211 10.579 9.905 9.188 8.492 8.373 8.260 8.153 8.052 7.957 7.868 7.785 7.708 7.637 7.572 7.513 7.469
