DATA/SHG/ECMWF/20170628/EN-49/20170712.en-49.asc
ncols        190
nrows        64
xllcorner    -5100000.000000000000
yllcorner    4130000.000000000000
cellsize     10000.000000000000
NODATA_value  -99999.000
[rows 0 to 32 of 64, columns 75 to 149 of 190]
3.493 3.517 3.540 3.561 3.580 3.598 3.586 3.512 3.456 3.418 3.397 3.395 3.411 3.444 3.496 3.566 3.653 3.759 3.878 3.968 4.032 4.080 4.112 4.127 4.127 4.110 4.077 4.028 3.962 3.880 3.762 3.573 3.393 3.220 3.055 2.897 2.747 2.604 2.469 2.342 2.222 2.110 2.074 2.257 2.447 2.643 2.846 3.056 3.272 3.494 3.723 3.959 4.201 4.450 4.592 4.392 4.179 3.953 3.714 3.461 3.196 2.917 2.625 2.320 2.002 1.671 1.408 1.371 1.338 1.308 1.282 1.259 1.239 1.223 1.210
3.480 3.535 3.567 3.577 3.565 3.530 3.480 3.469 3.475 3.500 3.543 3.603 3.682 3.778 3.893 4.026 4.176 4.345 4.515 4.532 4.524 4.499 4.458 4.401 4.328 4.238 4.133 4.011 3.873 3.719 3.550 3.396 3.250 3.111 2.979 2.855 2.739 2.630 2.529 2.436 2.350 2.271 2.236 2.448 2.667 2.893 3.125 3.364 3.609 3.861 4.119 4.384 4.656 4.934 5.144 4.885 4.613 4.328 4.030 3.719 3.395 3.057 2.707 2.343 1.966 1.576 1.231 1.210 1.192 1.178 1.167 1.159 1.155 1.154 1.157
3.829 3.805 3.758 3.689 3.598 3.484 3.357 3.409 3.478 3.566 3.671 3.795 3.936 4.096 4.273 4.469 4.682 4.913 5.163 5.114 5.033 4.936 4.822 4.693 4.547 4.385 4.207 4.012 3.802 3.575 3.332 3.211 3.098 2.993 2.896 2.806 2.723 2.648 2.581 2.521 2.469 2.425 2.390 2.632 2.880 3.135 3.396 3.665 3.939 4.220 4.508 4.802 5.103 5.410 5.708 5.391 5.060 4.717 4.360 3.990 3.607 3.211 2.801 2.379 1.943 1.494 1.060 1.071 1.083 1.096 1.110 1.125 1.142 1.160 1.179
4.198 4.095 3.970 3.822 3.652 3.460 3.245 3.332 3.465 3.615 3.784 3.970 4.174 4.397 4.637 4.895 5.171 5.465 5.777 5.713 5.560 5.390 5.204 5.002 4.784 4.549 4.299 4.032 3.749 3.450 3.134 3.018 2.939 2.868 2.804 2.748 2.699 2.658 2.624 2.599 2.580 2.569 2.566 2.808 3.086 3.370 3.661 3.958 4.262 4.572 4.889 5.212 5.542 5.879 6.222 5.910 5.521 5.092 4.636 4.183 3.732 3.284 2.837 2.393 1.951 1.511 1.074 1.058 1.076 1.094 1.114 1.135 1.157 1.181 1.205
4.587 4.406 4.202 3.976 3.727 3.456 3.163 3.239 3.435 3.648 3.879 4.128 4.395 4.680 4.983 5.304 5.643 6.000 6.374 6.330 6.104 5.862 5.603 5.329 5.038 4.731 4.408 4.069 3.714 3.342 2.955 2.816 2.771 2.734 2.704 2.682 2.667 2.659 2.660 2.668 2.683 2.706 2.736 2.977 3.284 3.597 3.917 4.244 4.545 4.824 5.103 5.384 5.666 5.949 6.233 5.932 5.482 5.034 4.588 4.145 3.704 3.265 2.828 2.394 1.962 1.532 1.104 1.045 1.067 1.092 1.117 1.143 1.171 1.200 1.230
4.997 4.737 4.455 4.150 3.823 3.474 3.102 3.130 3.388 3.664 3.958 4.270 4.600 4.948 5.313 5.697 6.098 6.517 6.955 6.964 6.666 6.351 6.020 5.674 5.310 4.931 4.536 4.125 3.697 3.253 2.793 2.607 2.596 2.592 2.596 2.607 2.626 2.653 2.687 2.713 2.729 2.743 2.755 2.941 3.219 3.498 3.778 4.059 4.342 4.626 4.910 5.196 5.483 5.772 6.061 5.852 5.412 4.974 4.538 4.105 3.673 3.244 2.817 2.393 1.970 1.550 1.132 1.030 1.058 1.088 1.118 1.150 1.184 1.218 1.254
5.427 5.089 4.728 4.345 3.939 3.511 3.061 3.005 3.325 3.664 4.021 4.395 4.788 5.198 5.626 6.072 6.536 7.018 7.518 7.616 7.245 6.858 6.455 6.036 5.601 5.149 4.682 4.198 3.698 3.182 2.655 2.410 2.432 2.453 2.472 2.489 2.504 2.517 2.529 2.538 2.546 2.553 2.557 2.710 2.993 3.277 3.563 3.849 4.137 4.426 4.716 5.007 5.300 5.593 5.888 5.771 5.340 4.912 4.486 4.062 3.641 3.221 2.804 2.389 1.977 1.566 1.158 1.014 1.048 1.083 1.119 1.156 1.195 1.235 1.276
5.878 5.461 5.022 4.561 4.077 3.570 3.042 2.863 3.246 3.647 4.067 4.504 4.959 5.432 5.922 6.431 6.958 7.502 8.064 8.285 7.842 7.300 6.731 6.174 5.627 5.092 4.568 4.056 3.554 3.064 2.585 2.301 2.316 2.328 2.339 2.348 2.355 2.361 2.364 2.366 2.366 2.364 2.361 2.478 2.767 3.056 3.347 3.639 3.932 4.226 4.521 4.818 5.115 5.414 5.714 5.687 5.267 4.848 4.432 4.018 3.606 3.196 2.789 2.384 1.981 1.580 1.182 0.997 1.036 1.076 1.118 1.161 1.205 1.250 1.297
6.349 5.854 5.337 4.797 4.234 3.650 3.043 2.704 3.150 3.614 4.096 4.596 5.113 5.637 6.105 6.545 6.958 7.342 7.699 7.840 7.299 6.769 6.250 5.742 5.246 4.761 4.287 3.824 3.372 2.931 2.502 2.195 2.201 2.206 2.209 2.210 2.209 2.206 2.202 2.196 2.188 2.178 2.167 2.246 2.539 2.834 3.130 3.427 3.725 4.025 4.325 4.627 4.930 5.233 5.539 5.602 5.191 4.782 4.375 3.971 3.569 3.169 2.772 2.376 1.983 1.592 1.203 0.978 1.023 1.069 1.116 1.164 1.214 1.265 1.317
6.841 6.267 5.671 5.053 4.413 3.750 3.086 2.637 3.175 3.685 4.167 4.621 5.048 5.447 5.818 6.162 6.478 6.767 7.027 7.197 6.706 6.226 5.757 5.299 4.853 4.417 3.993 3.580 3.178 2.787 2.407 2.090 2.089 2.086 2.080 2.073 2.065 2.054 2.042 2.028 2.012 1.994 1.975 2.012 2.311 2.611 2.912 3.214 3.518 3.822 4.128 4.435 4.743 5.052 5.362 5.514 5.113 4.714 4.317 3.922 3.530 3.140 2.752 2.366 1.983 1.602 1.223 0.959 1.009 1.060 1.113 1.166 1.221 1.278 1.335
7.248 6.578 5.931 5.307 4.706 4.128 3.572 3.052 3.493 3.906 4.292 4.650 4.980 5.283 5.558 5.805 6.024 6.216 6.381 6.529 6.102 5.671 5.252 4.844 4.447 4.062 3.687 3.324 2.972 2.631 2.301 1.988 1.979 1.967 1.954 1.939 1.923 1.904 1.884 1.862 1.838 1.812 1.785 1.777 2.081 2.387 2.693 3.000 3.309 3.619 3.930 4.242 4.555 4.870 5.185 5.424 5.033 4.643 4.256 3.872 3.489 3.109 2.731 2.355 1.981 1.609 1.240 0.938 0.993 1.050 1.108 1.167 1.228 1.289 1.352
7.236 6.646 6.078 5.534 5.012 4.514 4.038 3.585 3.836 4.153 4.442 4.703 4.937 5.143 5.322 5.473 5.596 5.692 5.760 5.811 5.486 5.105 4.736 4.378 4.031 3.695 3.370 3.056 2.754 2.462 2.182 1.913 1.870 1.851 1.830 1.807 1.783 1.756 1.728 1.698 1.666 1.633 1.597 1.560 1.851 2.161 2.473 2.786 3.100 3.415 3.731 4.048 4.367 4.686 5.007 5.329 4.951 4.571 4.194 3.819 3.446 3.075 2.707 2.341 1.977 1.615 1.257 0.926 0.990 1.054 1.116 1.177 1.237 1.295 1.352
7.202 6.692 6.204 5.739 5.297 4.878 4.481 4.108 4.204 4.424 4.617 4.782 4.919 5.029 5.112 5.166 5.193 5.193 5.165 5.119 4.858 4.527 4.208 3.899 3.602 3.316 3.040 2.776 2.523 2.282 2.051 1.832 1.764 1.737 1.708 1.677 1.645 1.610 1.574 1.536 1.497 1.455 1.412 1.367 1.620 1.935 2.252 2.570 2.889 3.209 3.531 3.853 4.177 4.502 4.828 5.155 4.866 4.485 4.096 3.717 3.345 2.983 2.629 2.284 1.948 1.620 1.301 0.990 1.025 1.082 1.139 1.194 1.248 1.300 1.352
7.148 6.717 6.309 5.923 5.561 5.221 4.904 4.609 4.596 4.720 4.816 4.885 4.927 4.940 4.926 4.885 4.816 4.719 4.595 4.453 4.219 3.938 3.668 3.409 3.161 2.925 2.699 2.485 2.281 2.089 1.908 1.738 1.661 1.625 1.588 1.550 1.509 1.467 1.423 1.377 1.329 1.280 1.229 1.176 1.387 1.708 2.030 2.353 2.696 3.045 3.377 3.690 3.984 4.261 4.520 4.760 4.533 4.175 3.825 3.483 3.151 2.827 2.511 2.205 1.907 1.617 1.336 1.064 1.060 1.112 1.163 1.212 1.260 1.307 1.353
7.073 6.721 6.392 6.086 5.803 5.542 5.304 5.089 5.013 5.041 5.041 5.014 4.959 4.876 4.766 4.629 4.464 4.271 4.051 3.812 3.568 3.337 3.117 2.907 2.709 2.522 2.346 2.181 2.028 1.885 1.754 1.633 1.559 1.516 1.471 1.424 1.376 1.325 1.273 1.253 1.269 1.292 1.321 1.355 1.582 1.923 2.246 2.551 2.838 3.107 3.357 3.590 3.804 4.000 4.179 4.339 4.177 3.857 3.545 3.242 2.948 2.662 2.385 2.117 1.857 1.606 1.363 1.129 1.097 1.143 1.188 1.232 1.274 1.315 1.355
6.976 6.704 6.454 6.227 6.023 5.842 5.684 5.548 5.455 5.387 5.291 5.167 5.016 4.838 4.632 4.398 4.137 3.848 3.532 3.197 2.906 2.724 2.553 2.394 2.245 2.108 1.981 1.866 1.762 1.669 1.611 1.576 1.555 1.555 1.562 1.575 1.594 1.620 1.651 1.688 1.732 1.782 1.838 1.900 2.065 2.326 2.568 2.793 2.999 3.187 3.357 3.509 3.643 3.759 3.857 3.936 3.812 3.530 3.257 2.992 2.736 2.489 2.250 2.020 1.798 1.586 1.381 1.186 1.135 1.175 1.214 1.252 1.289 1.324 1.358
6.858 6.665 6.495 6.348 6.223 6.121 6.041 5.985 5.922 5.757 5.565 5.346 5.099 4.824 4.522 4.193 3.835 3.451 3.039 2.607 2.232 2.155 2.121 2.088 2.054 2.020 1.986 1.952 1.917 1.882 1.846 1.811 1.792 1.820 1.854 1.895 1.941 1.993 2.052 2.117 2.188 2.265 2.348 2.437 2.566 2.747 2.909 3.053 3.178 3.286 3.376 3.447 3.501 3.536 3.554 3.553 3.439 3.195 2.960 2.734 2.516 2.307 2.107 1.915 1.732 1.557 1.391 1.234 1.174 1.209 1.242 1.274 1.305 1.335 1.363
6.720 6.606 6.515 6.447 6.401 6.378 6.378 6.400 6.413 6.152 5.864 5.549 5.206 4.836 4.461 4.096 3.742 3.397 3.062 2.732 2.436 2.402 2.367 2.333 2.298 2.262 2.227 2.191 2.155 2.118 2.082 2.045 2.023 2.078 2.139 2.207 2.280 2.360 2.446 2.538 2.636 2.740 2.851 2.967 3.086 3.186 3.268 3.331 3.377 3.404 3.413 3.405 3.378 3.333 3.270 3.189 3.057 2.852 2.655 2.467 2.288 2.117 1.955 1.801 1.656 1.520 1.392 1.273 1.214 1.243 1.271 1.297 1.323 1.346 1.369
6.560 6.525 6.514 6.524 6.558 6.614 6.682 6.705 6.719 6.338 5.958 5.588 5.228 4.878 4.538 4.207 3.887 3.577 3.276 2.981 2.690 2.649 2.613 2.577 2.541 2.504 2.467 2.430 2.393 2.355 2.317 2.279 2.246 2.329 2.417 2.512 2.613 2.720 2.833 2.952 3.077 3.209 3.346 3.490 3.624 3.644 3.645 3.628 3.594 3.541 3.470 3.381 3.274 3.148 3.005 2.844 2.667 2.500 2.342 2.192 2.051 1.918 1.794 1.679 1.572 1.474 1.384 1.303 1.256 1.279 1.301 1.322 1.341 1.359 1.376
6.429 6.475 6.512 6.540 6.559 6.568 6.567 6.557 6.538 6.233 5.888 5.553 5.227 4.911 4.605 4.309 4.023 3.747 3.481 3.221 2.965 2.896 2.859 2.822 2.784 2.746 2.708 2.670 2.631 2.592 2.553 2.513 2.473 2.572 2.688 2.810 2.938 3.072 3.212 3.359 3.511 3.670 3.834 4.005 4.181 4.120 4.041 3.944 3.829 3.696 3.545 3.376 3.188 2.983 2.760 2.518 2.269 2.140 2.020 1.909 1.806 1.711 1.625 1.548 1.479 1.419 1.368 1.325 1.299 1.316 1.332 1.347 1.361 1.374 1.385
6.519 6.533 6.537 6.532 6.518 6.494 6.461 6.418 6.366 6.120 5.809 5.508 5.217 4.935 4.664 4.402 4.151 3.909 3.677 3.451 3.230 3.143 3.105 3.066 3.027 2.988 2.949 2.909 2.869 2.829 2.788 2.747 2.706 2.809 2.952 3.101 3.256 3.417 3.585 3.758 3.938 4.124 4.315 4.513 4.717 4.615 4.456 4.279 4.083 3.870 3.639 3.389 3.122 2.836 2.533 2.211 1.872 1.772 1.690 1.617 1.552 1.496 1.448 1.409 1.378 1.357 1.343 1.352 1.384 1.475 1.606 1.778 1.991 2.244 2.537
6.618 6.599 6.571 6.533 6.486 6.429 6.363 6.288 6.203 5.998 5.721 5.455 5.198 4.951 4.714 4.486 4.269 4.062 3.864 3.673 3.486 3.390 3.351 3.311 3.271 3.230 3.190 3.148 3.107 3.066 3.024 2.982 2.939 3.039 3.209 3.385 3.567 3.756 3.950 4.151 4.357 4.570 4.789 5.014 5.245 5.128 4.889 4.632 4.356 4.063 3.751 3.422 3.074 2.709 2.325 1.924 1.504 1.396 1.378 1.401 1.425 1.451 1.479 1.508 1.538 1.570 1.604 1.639 1.676 1.932 2.243 2.594 2.986 3.418 3.891
6.726 6.674 6.613 6.543 6.463 6.373 6.275 6.167 6.049 5.867 5.625 5.392 5.170 4.957 4.754 4.562 4.378 4.205 4.042 3.885 3.733 3.637 3.597 3.555 3.514 3.472 3.430 3.388 3.345 3.302 3.259 3.216 3.172 3.261 3.459 3.662 3.871 4.087 4.308 4.536 4.770 5.010 5.256 5.508 5.766 5.660 5.341 5.003 4.648 4.268 3.876 3.491 3.111 2.737 2.368 2.005 1.648 1.574 1.602 1.632 1.663 1.696 1.730 1.766 1.803 1.842 1.883 1.925 1.968 2.349 2.839 3.369 3.940 4.551 5.202
6.842 6.758 6.664 6.561 6.448 6.326 6.195 6.054 5.904 5.727 5.519 5.321 5.133 4.955 4.786 4.628 4.479 4.340 4.211 4.089 3.971 3.885 3.842 3.800 3.757 3.714 3.671 3.627 3.583 3.539 3.495 3.450 3.405 3.477 3.701 3.932 4.168 4.411 4.660 4.914 5.152 5.355 5.559 5.765 5.972 5.860 5.471 5.088 4.710 4.338 3.972 3.611 3.256 2.907 2.564 2.226 1.894 1.791 1.826 1.862 1.900 1.939 1.980 2.023 2.067 2.112 2.159 2.208 2.258 2.724 3.393 4.103 4.852 5.642 6.473
6.967 6.850 6.724 6.588 6.442 6.288 6.124 5.950 5.768 5.579 5.405 5.241 5.087 4.943 4.809 4.685 4.570 4.466 4.371 4.283 4.200 4.132 4.088 4.044 4.000 3.956 3.912 3.867 3.822 3.776 3.730 3.667 3.578 3.581 3.780 3.981 4.183 4.387 4.592 4.798 5.005 5.215 5.425 5.637 5.850 5.824 5.460 5.101 4.749 4.402 4.061 3.726 3.396 3.072 2.753 2.441 2.134 2.005 2.047 2.090 2.135 2.181 2.228 2.278 2.328 2.381 2.434 2.490 2.546 3.060 3.907 4.795 5.724 6.693 7.702
7.101 6.951 6.792 6.623 6.445 6.258 6.061 5.855 5.640 5.421 5.282 5.152 5.033 4.923 4.823 4.733 4.653 4.582 4.522 4.468 4.420 4.379 4.315 4.220 4.127 4.035 3.944 3.853 3.764 3.676 3.588 3.502 3.417 3.390 3.595 3.802 4.011 4.220 4.431 4.644 4.858 5.073 5.290 5.508 5.727 5.781 5.442 5.109 4.782 4.460 4.144 3.834 3.529 3.230 2.937 2.650 2.368 2.218 2.266 2.316 2.367 2.420 2.475 2.530 2.588 2.647 2.707 2.769 2.833 3.354 4.381 5.447 6.554 7.702 8.890
7.243 7.061 6.869 6.668 6.457 6.237 6.008 5.769 5.521 5.264 5.150 5.055 4.969 4.894 4.826 4.748 4.665 4.578 4.487 4.393 4.299 4.201 4.109 4.020 3.931 3.843 3.756 3.670 3.585 3.501 3.418 3.336 3.255 3.197 3.409 3.622 3.837 4.053 4.270 4.489 4.709 4.930 5.153 5.377 5.603 5.733 5.419 5.111 4.809 4.513 4.222 3.936 3.657 3.383 3.115 2.852 2.595 2.429 2.484 2.540 2.598 2.658 2.719 2.781 2.846 2.911 2.978 3.047 3.117 3.608 4.813 6.058 7.344 8.670 10.036
7.394 7.179 6.955 6.721 6.478 6.225 5.963 5.691 5.420 5.163 5.058 4.983 4.902 4.817 4.728 4.635 4.537 4.434 4.327 4.218 4.108 3.994 3.904 3.818 3.734 3.650 3.567 3.486 3.405 3.325 3.247 3.169 3.092 3.017 3.221 3.441 3.662 3.884 4.107 4.332 4.558 4.786 5.015 5.245 5.477 5.679 5.390 5.108 4.830 4.559 4.293 4.033 3.778 3.529 3.286 3.049 2.817 2.638 2.699 2.763 2.827 2.894 2.961 3.031 3.101 3.174 3.248 3.323 3.400 3.821 5.205 6.629 8.093 9.597 11.142
7.527 7.203 6.895 6.601 6.322 6.058 5.809 5.574 5.354 5.148 5.027 4.935 4.840 4.739 4.635 4.526 4.412 4.294 4.172 4.047 3.922 3.792 3.697 3.616 3.535 3.456 3.378 3.301 3.224 3.149 3.075 3.001 2.929 2.857 3.033 3.258 3.485 3.713 3.943 4.174 4.407 4.641 4.876 5.112 5.350 5.590 5.356 5.098 4.846 4.599 4.358 4.123 3.894 3.670 3.452 3.239 3.033 2.845 2.913 2.983 3.055 3.127 3.202 3.278 3.355 3.434 3.515 3.597 3.681 3.994 5.556 7.158 8.801 10.483 12.206
7.038 6.766 6.509 6.266 6.039 5.826 5.627 5.443 5.274 5.120 4.999 4.892 4.781 4.665 4.545 4.421 4.292 4.159 4.021 3.881 3.740 3.595 3.489 3.412 3.337 3.262 3.188 3.115 3.043 2.972 2.902 2.833 2.764 2.697 2.843 3.074 3.307 3.542 3.778 4.015 4.254 4.494 4.735 4.978 5.222 5.467 5.315 5.082 4.855 4.634 4.418 4.208 4.003 3.804 3.611 3.424 3.242 3.066 3.125 3.202 3.280 3.360 3.441 3.523 3.608 3.693 3.781 3.869 3.959 4.191 6.043 7.855 9.626 11.357 13.048
6.537 6.316 6.110 5.918 5.742 5.580 5.432 5.300 5.182 5.079 4.975 4.853 4.726 4.595 4.460 4.320 4.176 4.027 3.874 3.719 3.562 3.401 3.281 3.208 3.137 3.066 2.997 2.928 2.860 2.794 2.728 2.663 2.599 2.537 2.651 2.889 3.128 3.369 3.611 3.854 4.099 4.345 4.593 4.842 5.092 5.344 5.268 5.060 4.858 4.662 4.471 4.286 4.107 3.933 3.765 3.602 3.446 3.295 3.335 3.419 3.533 3.720 3.926 4.151 4.396 4.660 4.943 5.246 5.568 5.909 7.497 9.131 10.725 12.279 13.793
6.022 5.853 5.698 5.557 5.432 5.321 5.224 5.143 5.076 5.023 4.956 4.818 4.676 4.530 4.379 4.224 4.064 3.900 3.731 3.560 3.388 3.212 3.072 3.004 2.936 2.870 2.805 2.740 2.677 2.615 2.553 2.493 2.433 2.375 2.458 2.702 2.948 3.195 3.443 3.693 3.944 4.196 4.450 4.705 4.961 5.219 5.216 5.033 4.856 4.684 4.519 4.381 4.301 4.222 4.145 4.068 3.993 3.919 4.051 4.284 4.537 4.809 5.100 5.411 5.741 6.090 6.459 6.847 7.254 7.680 8.989 10.446 11.862 13.239 14.576
5.495 5.376 5.272 5.183 5.108 5.048 5.003 4.972 4.956 4.955 4.940 4.787 4.630 4.468 4.302 4.131 3.956 3.777 3.593 3.407 3.219 3.027 2.862 2.798 2.735 2.673 2.612 2.552 2.493 2.435 2.378 2.322 2.266 2.212 2.264 2.515 2.766 3.019 3.274 3.529 3.787 4.045 4.328 4.679 5.031 5.384 5.533 5.452 5.372 5.293 5.216 5.140 5.066 4.992 4.920 4.849 4.780 4.711 4.863 5.182 5.520 5.877 6.254 6.649 7.065 7.499 7.953 8.426 8.918 9.430 10.518 11.798 13.037 14.237 15.396
