DATA/SHG/ECMWF/20170628/EN-49/20170710.en-49.asc
ncols        190
nrows        64
xllcorner    -5100000.000000000000
yllcorner    4130000.000000000000
cellsize     10000.000000000000
NODATA_value  -99999.000
[rows 0 to 32 of 64, columns 74 to 147 of 190]
8.426 8.758 9.086 9.408 9.726 10.038 10.346 10.569 10.628 10.709 10.808 10.924 11.058 11.210 11.379 11.566 11.770 11.992 12.231 12.645 13.537 14.363 15.141 15.872 16.555 17.190 17.777 18.316 18.808 19.251 19.647 19.628 18.402 17.184 15.974 14.773 13.579 12.394 11.217 10.048 8.887 7.734 6.589 5.646 5.310 4.986 4.673 4.372 4.083 3.805 3.540 3.285 3.043 2.812 2.593 2.406 2.286 2.170 2.057 1.948 1.842 1.741 1.642 1.548 1.457 1.370 1.286 1.216 1.177 1.137 1.098 1.060 1.022 0.985
9.037 9.329 9.623 9.926 10.238 10.560 10.891 11.191 11.316 11.459 11.619 11.797 11.992 12.205 12.436 12.684 12.949 13.232 13.533 13.893 14.571 15.184 15.748 16.265 16.733 17.154 17.528 17.853 18.131 18.361 18.543 18.528 17.339 16.157 14.983 13.818 12.661 11.512 10.371 9.238 8.113 6.996 5.888 4.890 4.606 4.334 4.073 3.825 3.588 3.363 3.149 2.947 2.757 2.578 2.411 2.262 2.158 2.058 1.962 1.869 1.780 1.694 1.612 1.534 1.459 1.388 1.321 1.261 1.223 1.186 1.150 1.114 1.078 1.043
9.394 9.711 10.038 10.374 10.719 11.074 11.438 11.801 11.988 12.192 12.413 12.652 12.909 13.183 13.475 13.784 14.110 14.455 14.816 15.196 15.659 16.057 16.407 16.710 16.965 17.173 17.332 17.444 17.508 17.524 17.493 17.414 16.268 15.123 13.985 12.856 11.735 10.622 9.517 8.421 7.332 6.252 5.179 4.122 3.890 3.671 3.462 3.266 3.081 2.908 2.747 2.597 2.459 2.332 2.217 2.115 2.027 1.943 1.863 1.786 1.713 1.644 1.578 1.516 1.458 1.403 1.352 1.313 1.298 1.289 1.288 1.293 1.305 1.323
9.734 10.084 10.443 10.812 11.190 11.578 11.974 12.380 12.642 12.907 13.190 13.490 13.808 14.143 14.496 14.866 15.254 15.660 16.082 16.523 16.798 16.983 17.120 17.209 17.250 17.244 17.190 17.088 16.939 16.742 16.497 16.205 15.191 14.082 12.980 11.887 10.802 9.725 8.657 7.596 6.544 5.499 4.463 3.435 3.164 2.996 2.840 2.696 2.563 2.442 2.333 2.235 2.149 2.075 2.012 1.961 1.892 1.824 1.799 1.803 1.798 1.783 1.759 1.726 1.684 1.632 1.571 1.501 1.510 1.531 1.560 1.595 1.637 1.685
10.065 10.447 10.840 11.241 11.652 12.072 12.502 12.940 13.279 13.606 13.950 14.311 14.690 15.086 15.500 15.932 16.380 16.847 17.331 17.832 17.990 17.961 17.884 17.760 17.588 17.369 17.101 16.786 16.424 16.013 15.556 15.050 14.106 13.033 11.968 10.911 9.862 8.821 7.789 6.764 5.748 4.740 3.739 2.747 2.426 2.310 2.206 2.114 2.033 2.013 2.045 2.091 2.149 2.221 2.306 2.404 2.417 2.399 2.370 2.333 2.286 2.230 2.165 2.090 2.006 1.913 1.810 1.698 1.715 1.766 1.824 1.890 1.961 2.040
10.386 10.801 11.226 11.661 12.104 12.557 13.019 13.491 13.900 14.287 14.692 15.115 15.555 16.012 16.487 16.979 17.489 18.017 18.561 19.124 19.234 18.992 18.702 18.364 17.979 17.546 17.066 16.538 15.962 15.339 14.668 13.949 13.015 11.978 10.949 9.928 8.915 7.910 6.914 5.925 4.995 4.106 3.226 2.354 2.064 2.089 2.127 2.179 2.243 2.321 2.412 2.516 2.634 2.764 2.908 3.064 3.081 3.021 2.951 2.872 2.784 2.686 2.579 2.463 2.338 2.203 2.059 1.905 1.912 1.994 2.082 2.177 2.279 2.387
10.698 11.146 11.604 12.071 12.547 13.033 13.528 14.032 14.503 14.951 15.417 15.901 16.402 16.920 17.456 18.010 18.580 19.169 19.774 20.398 20.530 20.075 19.572 19.021 18.423 17.777 17.084 16.343 15.554 14.718 13.834 12.947 12.054 11.136 10.227 9.325 8.432 7.547 6.670 5.802 4.941 4.089 3.245 2.409 2.064 2.148 2.245 2.355 2.478 2.615 2.764 2.927 3.103 3.292 3.495 3.710 3.754 3.652 3.540 3.420 3.290 3.151 3.003 2.845 2.678 2.502 2.316 2.121 2.103 2.215 2.333 2.458 2.589 2.728
11.000 11.481 11.972 12.471 12.980 13.499 14.026 14.563 15.089 15.598 16.126 16.670 17.232 17.811 18.408 19.022 19.654 20.303 20.970 21.654 21.878 21.210 20.335 19.401 18.485 17.584 16.700 15.833 14.982 14.148 13.330 12.528 11.702 10.821 9.947 9.082 8.225 7.377 6.536 5.704 4.879 4.063 3.255 2.455 2.050 2.193 2.348 2.517 2.699 2.894 3.103 3.324 3.559 3.806 4.067 4.341 4.435 4.291 4.138 3.976 3.805 3.625 3.435 3.235 3.027 2.809 2.582 2.346 2.287 2.429 2.577 2.731 2.893 3.061
11.294 11.807 12.330 12.863 13.404 13.955 14.516 15.085 15.658 16.229 16.817 17.422 18.045 18.685 19.295 19.705 20.082 20.424 20.733 21.008 21.006 20.114 19.237 18.378 17.534 16.707 15.897 15.103 14.326 13.565 12.820 12.092 11.342 10.497 9.660 8.831 8.010 7.198 6.393 5.597 4.809 4.029 3.257 2.493 2.022 2.223 2.438 2.665 2.906 3.159 3.426 3.706 3.999 4.306 4.625 4.958 5.124 4.939 4.745 4.542 4.329 4.107 3.876 3.635 3.385 3.126 2.858 2.580 2.464 2.635 2.813 2.998 3.189 3.387
11.577 12.124 12.680 13.245 13.819 14.402 14.995 15.576 16.108 16.604 17.065 17.493 17.887 18.247 18.573 18.866 19.125 19.350 19.541 19.699 19.745 18.926 18.123 17.337 16.567 15.814 15.077 14.356 13.652 12.964 12.293 11.638 10.974 10.165 9.364 8.572 7.787 7.010 6.242 5.482 4.730 3.986 3.250 2.523 1.980 2.240 2.513 2.799 3.098 3.410 3.736 4.074 4.426 4.791 5.169 5.560 5.823 5.596 5.361 5.116 4.862 4.598 4.325 4.043 3.752 3.452 3.142 2.823 2.634 2.835 3.043 3.257 3.478 3.706
11.846 12.401 12.950 13.493 14.031 14.563 15.090 15.611 16.124 16.502 16.845 17.155 17.432 17.674 17.883 18.058 18.199 18.307 18.381 18.421 18.449 17.722 16.993 16.280 15.583 14.903 14.239 13.592 12.961 12.347 11.749 11.167 10.598 9.825 9.060 8.304 7.555 6.815 6.083 5.358 4.643 3.935 3.235 2.543 1.924 2.243 2.574 2.919 3.276 3.647 4.031 4.428 4.838 5.261 5.698 6.147 6.530 6.262 5.985 5.699 5.403 5.098 4.784 4.461 4.128 3.786 3.435 3.075 2.797 3.028 3.266 3.510 3.760 4.018
12.022 12.557 13.087 13.610 14.129 14.641 15.148 15.650 16.146 16.431 16.657 16.849 17.008 17.133 17.225 17.282 17.306 17.296 17.253 17.176 17.085 16.501 15.845 15.205 14.582 13.975 13.385 12.811 12.253 11.712 11.188 10.679 10.187 9.477 8.748 8.027 7.315 6.611 5.915 5.227 4.547 3.875 3.211 2.556 1.908 2.231 2.621 3.024 3.440 3.870 4.312 4.767 5.236 5.718 6.212 6.720 7.241 6.936 6.618 6.290 5.953 5.607 5.252 4.887 4.513 4.130 3.737 3.328 2.944 3.185 3.422 3.656 3.886 4.112
12.203 12.718 13.228 13.733 14.231 14.725 15.212 15.694 16.171 16.391 16.500 16.575 16.616 16.623 16.597 16.538 16.444 16.317 16.156 15.962 15.754 15.264 14.681 14.114 13.564 13.031 12.514 12.013 11.529 11.061 10.609 10.174 9.755 9.120 8.427 7.743 7.067 6.398 5.738 5.086 4.442 3.807 3.179 2.559 1.948 2.206 2.654 3.116 3.590 4.078 4.579 5.093 5.620 6.160 6.713 7.279 7.858 7.619 7.205 6.736 6.280 5.836 5.405 4.986 4.580 4.186 3.805 3.436 3.080 3.265 3.486 3.703 3.916 4.125
12.388 12.884 13.375 13.860 14.339 14.813 15.281 15.744 16.200 16.382 16.373 16.331 16.255 16.145 16.002 15.825 15.614 15.370 15.092 14.780 14.454 14.010 13.500 13.007 12.530 12.069 11.625 11.198 10.787 10.392 10.013 9.651 9.306 8.755 8.099 7.450 6.810 6.178 5.554 4.937 4.330 3.730 3.138 2.555 1.979 2.167 2.674 3.193 3.726 4.250 4.744 5.226 5.697 6.156 6.604 7.039 7.463 7.226 6.801 6.387 5.987 5.599 5.223 4.860 4.509 4.171 3.845 3.532 3.231 3.349 3.553 3.753 3.949 4.142
12.578 13.055 13.526 13.992 14.452 14.906 15.355 15.798 16.235 16.404 16.278 16.118 15.925 15.698 15.437 15.143 14.815 14.454 14.059 13.630 13.187 12.739 12.302 11.882 11.478 11.091 10.720 10.366 10.027 9.706 9.400 9.111 8.839 8.382 7.762 7.149 6.545 5.949 5.360 4.780 4.207 3.646 3.099 2.566 2.048 2.137 2.626 3.104 3.569 4.024 4.466 4.897 5.316 5.723 6.119 6.503 6.876 6.755 6.385 6.027 5.682 5.349 5.029 4.721 4.426 4.143 3.873 3.615 3.370 3.436 3.624 3.807 3.987 4.163
12.774 13.231 13.683 14.129 14.569 15.004 15.433 15.857 16.275 16.457 16.214 15.937 15.626 15.282 14.904 14.493 14.048 13.570 13.058 12.512 11.951 11.451 11.088 10.741 10.410 10.096 9.798 9.517 9.251 9.003 8.770 8.552 8.326 7.936 7.337 6.753 6.184 5.628 5.088 4.562 4.050 3.554 3.071 2.604 2.150 2.130 2.568 2.993 3.407 3.810 4.201 4.580 4.947 5.303 5.647 5.980 6.301 6.271 5.956 5.654 5.364 5.087 4.822 4.570 4.330 4.103 3.888 3.686 3.496 3.527 3.698 3.865 4.028 4.187
12.974 13.412 13.844 14.271 14.692 15.107 15.517 15.921 16.320 16.541 16.180 15.786 15.358 14.897 14.403 13.874 13.313 12.717 12.088 11.426 10.747 10.147 9.926 9.751 9.566 9.369 9.161 8.941 8.710 8.468 8.214 7.949 7.673 7.311 6.777 6.258 5.753 5.262 4.787 4.325 3.879 3.446 3.029 2.626 2.237 2.136 2.521 2.895 3.258 3.609 3.948 4.275 4.591 4.895 5.188 5.469 5.738 5.775 5.516 5.269 5.035 4.813 4.604 4.407 4.222 4.050 3.891 3.744 3.609 3.622 3.776 3.926 4.072 4.215
13.179 13.597 14.010 14.417 14.819 15.215 15.606 15.991 16.370 16.655 16.177 15.666 15.122 14.544 13.932 13.313 12.712 12.129 11.564 11.017 10.488 10.005 9.791 9.566 9.330 9.083 8.824 8.554 8.272 7.980 7.675 7.360 7.033 6.672 6.202 5.747 5.307 4.881 4.470 4.073 3.691 3.324 2.971 2.632 2.308 2.153 2.487 2.810 3.120 3.420 3.707 3.983 4.248 4.500 4.741 4.971 5.189 5.267 5.063 4.872 4.693 4.527 4.372 4.231 4.102 3.985 3.881 3.789 3.710 3.720 3.857 3.991 4.120 4.246
13.389 13.788 14.181 14.569 14.951 15.328 15.699 16.042 16.270 16.492 15.865 15.237 14.627 14.035 13.460 12.904 12.365 11.844 11.341 10.856 10.389 9.938 9.670 9.395 9.108 8.810 8.501 8.180 7.848 7.505 7.150 6.784 6.407 6.017 5.612 5.222 4.846 4.485 4.138 3.806 3.489 3.186 2.897 2.623 2.364 2.183 2.465 2.736 2.995 3.243 3.479 3.704 3.917 4.118 4.307 4.485 4.652 4.747 4.599 4.463 4.339 4.228 4.129 4.043 3.969 3.908 3.859 3.822 3.798 3.821 3.942 4.059 4.172 4.282
13.567 13.816 14.059 14.296 14.527 14.753 14.972 15.185 15.392 15.594 15.130 14.564 14.016 13.486 12.973 12.479 12.002 11.543 11.102 10.679 10.275 9.887 9.562 9.236 8.899 8.550 8.190 7.819 7.437 7.043 6.638 6.221 5.794 5.355 5.007 4.682 4.370 4.074 3.792 3.524 3.271 3.032 2.808 2.599 2.404 2.225 2.456 2.675 2.883 3.079 3.264 3.437 3.598 3.748 3.886 4.013 4.128 4.215 4.122 4.041 3.973 3.917 3.873 3.842 3.824 3.818 3.824 3.843 3.874 3.927 4.031 4.131 4.228 4.320
12.860 13.089 13.311 13.528 13.739 13.943 14.142 14.335 14.522 14.703 14.379 13.875 13.389 12.921 12.471 12.038 11.624 11.227 10.848 10.486 10.144 9.819 9.466 9.090 8.703 8.304 7.893 7.472 7.039 6.595 6.139 5.672 5.194 4.705 4.387 4.126 3.879 3.647 3.430 3.226 3.038 2.864 2.704 2.559 2.428 2.312 2.458 2.626 2.783 2.927 3.061 3.182 3.292 3.390 3.477 3.552 3.616 3.668 3.633 3.608 3.594 3.594 3.606 3.630 3.666 3.715 3.777 3.851 3.919 3.962 4.003 4.044 4.085 4.126
12.160 12.368 12.570 12.766 12.956 13.140 13.319 13.491 13.657 13.818 13.613 13.172 12.748 12.341 11.953 11.582 11.230 10.895 10.578 10.278 9.999 9.736 9.384 8.957 8.519 8.070 7.609 7.137 6.654 6.159 5.654 5.136 4.608 4.068 3.752 3.556 3.373 3.206 3.052 2.914 2.790 2.680 2.585 2.504 2.438 2.386 2.473 2.590 2.695 2.788 2.870 2.940 2.998 3.045 3.081 3.105 3.117 3.117 3.132 3.174 3.234 3.290 3.343 3.393 3.438 3.481 3.519 3.554 3.586 3.614 3.654 3.696 3.737 3.779
11.466 11.654 11.835 12.011 12.180 12.344 12.502 12.654 12.800 12.940 12.832 12.452 12.090 11.746 11.420 11.111 10.820 10.547 10.292 10.055 9.837 9.637 9.315 8.838 8.349 7.849 7.338 6.816 6.282 5.737 5.181 4.614 4.035 3.445 3.102 2.970 2.852 2.749 2.660 2.586 2.526 2.481 2.450 2.433 2.431 2.444 2.500 2.565 2.619 2.661 2.722 2.812 2.881 2.929 2.956 2.963 2.949 2.914 2.939 2.987 3.031 3.072 3.109 3.143 3.173 3.199 3.222 3.241 3.257 3.269 3.306 3.347 3.389 3.431
10.779 10.946 11.107 11.262 11.411 11.554 11.692 11.823 11.949 12.068 12.036 11.718 11.418 11.136 10.871 10.625 10.396 10.184 9.991 9.815 9.660 9.522 9.258 8.731 8.192 7.642 7.081 6.508 5.924 5.329 4.722 4.104 3.475 2.835 2.438 2.370 2.316 2.277 2.253 2.243 2.247 2.308 2.447 2.596 2.755 2.924 3.058 3.139 3.199 3.238 3.256 3.254 3.231 3.187 3.122 3.037 2.931 2.804 2.772 2.804 2.833 2.857 2.879 2.897 2.911 2.922 2.929 2.932 2.932 2.929 2.957 3.000 3.042 3.085
10.098 10.244 10.385 10.520 10.648 10.771 10.888 10.999 11.104 11.203 11.225 10.969 10.730 10.510 10.307 10.122 9.955 9.806 9.674 9.561 9.467 9.392 9.215 8.637 8.048 7.447 6.836 6.213 5.579 4.933 4.276 3.608 2.971 2.403 2.054 2.167 2.290 2.424 2.567 2.720 2.884 3.057 3.241 3.434 3.638 3.851 3.983 3.971 3.939 3.886 3.812 3.718 3.602 3.466 3.310 3.132 2.934 2.715 2.609 2.625 2.638 2.647 2.653 2.655 2.653 2.648 2.639 2.627 2.612 2.592 2.609 2.652 2.695 2.738
9.423 9.549 9.670 9.784 9.892 9.995 10.091 10.182 10.266 10.345 10.398 10.204 10.028 9.869 9.728 9.605 9.500 9.412 9.342 9.290 9.259 9.246 9.184 8.567 7.968 7.376 6.790 6.211 5.639 5.073 4.514 3.962 3.416 2.877 2.480 2.638 2.805 2.983 3.171 3.369 3.577 3.795 4.023 4.261 4.509 4.767 4.928 4.824 4.700 4.555 4.389 4.202 3.995 3.767 3.518 3.249 2.958 2.647 2.449 2.450 2.447 2.440 2.430 2.417 2.399 2.378 2.354 2.326 2.295 2.260 2.262 2.305 2.348 2.392
8.755 8.861 8.961 9.054 9.142 9.224 9.300 9.371 9.435 9.493 9.546 9.424 9.310 9.213 9.134 9.077 9.068 9.073 9.092 9.124 9.171 9.231 9.301 8.740 8.171 7.608 7.052 6.502 5.959 5.423 4.893 4.370 3.854 3.344 2.894 3.096 3.309 3.531 3.763 4.006 4.258 4.520 4.793 5.075 5.368 5.670 5.894 5.698 5.482 5.245 4.987 4.708 4.409 4.089 3.748 3.386 3.004 2.601 2.294 2.279 2.260 2.238 2.212 2.182 2.149 2.113 2.073 2.029 1.982 1.931 1.914 1.958 2.002 2.046
8.093 8.179 8.258 8.331 8.399 8.460 8.516 8.566 8.620 8.705 8.782 8.773 8.756 8.754 8.765 8.791 8.830 8.883 8.950 9.030 9.126 9.234 9.353 8.907 8.366 7.833 7.306 6.785 6.272 5.765 5.264 4.770 4.283 3.803 3.329 3.544 3.800 4.067 4.344 4.631 4.928 5.234 5.551 5.878 6.215 6.562 6.881 6.593 6.285 5.956 5.606 5.235 4.844 4.432 3.999 3.546 3.071 2.577 2.142 2.111 2.077 2.039 1.997 1.952 1.903 1.851 1.795 1.736 1.673 1.606 1.567 1.612 1.656 1.700
7.438 7.518 7.628 7.731 7.827 7.915 7.997 8.071 8.139 8.199 8.252 8.282 8.313 8.359 8.419 8.492 8.579 8.681 8.796 8.924 9.068 9.225 9.393 9.065 8.554 8.050 7.552 7.061 6.577 6.099 5.628 5.163 4.705 4.254 3.809 3.979 4.281 4.592 4.913 5.244 5.585 5.937 6.298 6.669 7.051 7.442 7.843 7.509 7.108 6.687 6.245 5.783 5.300 4.796 4.271 3.726 3.160 2.573 1.994 1.948 1.898 1.844 1.786 1.726 1.661 1.593 1.522 1.447 1.368 1.286 1.221 1.265 1.310 1.355
7.123 7.216 7.301 7.379 7.450 7.515 7.572 7.622 7.665 7.700 7.729 7.778 7.858 7.952 8.060 8.182 8.317 8.466 8.629 8.806 8.998 9.204 9.420 9.216 8.735 8.260 7.791 7.329 6.874 6.425 5.983 5.548 5.119 4.697 4.282 4.404 4.749 5.105 5.470 5.846 6.232 6.627 7.033 7.448 7.874 8.310 8.755 8.445 7.953 7.440 6.906 6.352 5.777 5.181 4.565 3.928 3.270 2.592 1.893 1.788 1.722 1.653 1.580 1.503 1.423 1.339 1.252 1.161 1.067 0.969 1.007 1.383 1.735 2.064
6.852 6.920 6.981 7.035 7.081 7.121 7.154 7.179 7.198 7.209 7.213 7.263 7.391 7.533 7.689 7.859 8.042 8.239 8.451 8.675 8.916 9.170 9.435 9.360 8.908 8.462 8.022 7.590 7.164 6.744 6.332 5.925 5.526 5.133 4.747 4.816 5.206 5.606 6.016 6.436 6.866 7.306 7.756 8.216 8.686 9.166 9.656 9.402 8.818 8.213 7.588 6.942 6.275 5.588 4.880 4.151 3.401 2.631 1.841 1.632 1.551 1.508 1.578 1.692 1.852 2.057 2.307 2.602 2.943 3.328 3.758 4.042 4.292 4.520
6.588 6.631 6.668 6.697 6.719 6.735 6.743 6.744 6.738 6.725 6.705 6.736 6.912 7.102 7.306 7.524 7.755 8.000 8.260 8.533 8.821 9.124 9.437 9.496 9.073 8.656 8.246 7.843 7.446 7.056 6.672 6.295 5.925 5.561 5.204 5.217 5.652 6.096 6.550 7.015 7.489 7.973 8.467 8.972 9.486 10.010 10.544 10.380 9.704 9.008 8.291 7.553 6.771 5.940 5.133 4.348 3.586 2.847 2.130 2.023 2.202 2.426 2.695 3.009 3.367 3.771 4.220 4.714 5.253 5.838 6.467 6.721 6.869 6.995
6.331 6.350 6.362 6.366 6.364 6.355 6.339 6.315 6.285 6.248 6.203 6.196 6.421 6.659 6.911 7.177 7.456 7.749 8.057 8.377 8.715 9.065 9.427 9.625 9.231 8.843 8.462 8.088 7.720 7.359 7.005 6.657 6.316 5.981 5.653 5.607 6.086 6.574 7.073 7.581 8.100 8.629 9.167 9.681 10.084 10.457 10.800 10.566 9.722 8.901 8.103 7.328 6.575 5.845 5.138 4.454 3.793 3.154 2.539 2.496 2.874 3.297 3.765 4.277 4.835 5.438 6.086 6.779 7.516 8.299 9.127 9.420 9.466 9.489
