DATA/SHG/ECMWF/20170628/EN-49/20170704.en-49.asc
ncols        190
nrows        64
xllcorner    -5100000.000000000000
yllcorner    4130000.000000000000
cellsize     10000.000000000000
NODATA_value  -99999.000
[rows 0 to 31 of 64, columns 0 to 72 of 190]
0.355 0.411 0.463 0.513 0.559 0.603 0.645 0.683 0.719 0.773 0.837 0.903 0.972 1.043 1.116 1.192 1.270 1.351 1.434 1.514 1.591 1.643 1.683 1.725 1.768 1.813 1.859 1.906 1.954 2.003 2.054 2.106 2.160 2.182 2.189 2.202 2.219 2.242 2.270 2.303 2.342 2.386 2.435 2.489 2.549 2.592 2.615 2.636 2.654 2.670 2.682 2.693 2.701 2.706 2.708 2.709 2.706 2.715 2.746 2.785 2.830 2.883 2.943 3.011 3.085 3.167 3.257 3.353 3.457 3.633 3.920 4.209 4.501
0.269 0.314 0.357 0.397 0.434 0.468 0.499 0.527 0.553 0.605 0.677 0.752 0.836 0.919 1.000 1.080 1.158 1.234 1.309 1.383 1.454 1.511 1.556 1.602 1.650 1.699 1.749 1.801 1.854 1.908 1.963 2.020 2.078 2.119 2.145 2.175 2.212 2.253 2.300 2.352 2.409 2.471 2.539 2.612 2.691 2.747 2.761 2.773 2.782 2.788 2.792 2.793 2.792 2.788 2.782 2.773 2.761 2.769 2.825 2.889 2.960 3.039 3.124 3.217 3.318 3.425 3.540 3.662 3.791 3.966 4.263 4.562 4.864
0.186 0.222 0.254 0.284 0.313 0.349 0.384 0.417 0.449 0.504 0.586 0.666 0.745 0.822 0.898 0.972 1.045 1.116 1.185 1.253 1.319 1.378 1.428 1.479 1.531 1.584 1.639 1.695 1.752 1.811 1.871 1.932 1.994 2.050 2.095 2.144 2.199 2.259 2.324 2.395 2.470 2.552 2.638 2.730 2.826 2.904 2.909 2.912 2.912 2.909 2.904 2.896 2.886 2.873 2.858 2.840 2.819 2.815 2.897 2.986 3.083 3.187 3.298 3.417 3.542 3.675 3.816 3.963 4.187 4.435 4.790 5.134 5.464
0.133 0.170 0.205 0.239 0.272 0.303 0.333 0.362 0.389 0.431 0.508 0.582 0.656 0.728 0.798 0.866 0.933 0.999 1.063 1.125 1.186 1.244 1.298 1.354 1.410 1.468 1.528 1.588 1.650 1.713 1.777 1.843 1.910 1.976 2.039 2.107 2.180 2.259 2.343 2.432 2.526 2.626 2.731 2.841 2.957 3.063 3.059 3.053 3.044 3.032 3.018 3.001 2.982 2.960 2.936 2.909 2.879 2.854 2.962 3.076 3.206 3.424 3.646 3.871 4.099 4.330 4.564 4.802 5.042 5.286 5.596 5.895 6.181
0.112 0.144 0.174 0.204 0.232 0.258 0.284 0.308 0.331 0.360 0.431 0.500 0.568 0.634 0.699 0.762 0.824 0.884 0.942 0.999 1.054 1.109 1.167 1.227 1.289 1.351 1.415 1.480 1.546 1.614 1.683 1.753 1.824 1.897 1.978 2.065 2.157 2.254 2.356 2.464 2.577 2.695 2.819 2.948 3.082 3.221 3.212 3.197 3.179 3.158 3.135 3.109 3.081 3.062 3.093 3.145 3.218 3.310 3.520 3.744 3.970 4.199 4.432 4.668 4.907 5.149 5.394 5.642 5.893 6.147 6.412 6.667 6.909
0.092 0.119 0.145 0.170 0.193 0.215 0.236 0.255 0.274 0.291 0.356 0.420 0.482 0.543 0.602 0.660 0.716 0.771 0.824 0.875 0.925 0.973 1.036 1.100 1.166 1.233 1.301 1.371 1.441 1.513 1.587 1.661 1.737 1.814 1.912 2.017 2.128 2.244 2.365 2.491 2.622 2.759 2.901 3.048 3.201 3.359 3.355 3.315 3.296 3.297 3.318 3.360 3.423 3.505 3.608 3.732 3.876 4.040 4.259 4.493 4.730 4.971 5.214 5.460 5.710 5.963 6.219 6.478 6.740 7.005 7.239 7.449 7.647
0.073 0.096 0.118 0.138 0.156 0.174 0.190 0.205 0.218 0.230 0.283 0.342 0.398 0.454 0.507 0.560 0.610 0.659 0.707 0.753 0.797 0.840 0.903 0.971 1.042 1.113 1.186 1.260 1.335 1.412 1.490 1.569 1.649 1.731 1.841 1.964 2.093 2.228 2.367 2.505 2.636 2.763 2.886 3.005 3.121 3.233 3.277 3.308 3.361 3.434 3.527 3.640 3.774 3.928 4.103 4.297 4.513 4.748 4.993 5.238 5.486 5.737 5.992 6.249 6.509 6.773 7.039 7.309 7.582 7.858 8.077 8.243 8.396
0.057 0.075 0.091 0.107 0.121 0.134 0.145 0.155 0.164 0.172 0.212 0.265 0.316 0.366 0.414 0.461 0.506 0.550 0.592 0.632 0.671 0.708 0.768 0.842 0.917 0.993 1.070 1.148 1.228 1.309 1.392 1.475 1.573 1.671 1.794 1.930 2.062 2.191 2.316 2.438 2.555 2.669 2.779 2.885 2.988 3.087 3.178 3.282 3.406 3.550 3.714 3.899 4.104 4.330 4.576 4.842 5.129 5.436 5.724 5.979 6.238 6.500 6.765 7.033 7.304 7.579 7.856 8.137 8.420 8.707 8.925 9.047 9.156
0.041 0.055 0.067 0.077 0.087 0.095 0.102 0.107 0.112 0.115 0.143 0.190 0.236 0.280 0.323 0.364 0.404 0.442 0.479 0.513 0.547 0.579 0.633 0.711 0.790 0.902 1.013 1.120 1.224 1.325 1.422 1.515 1.606 1.692 1.796 1.919 2.038 2.154 2.266 2.374 2.478 2.579 2.676 2.769 2.859 2.945 3.060 3.235 3.430 3.646 3.881 4.138 4.414 4.711 5.029 5.366 5.724 6.103 6.450 6.716 6.986 7.258 7.534 7.813 8.095 8.380 8.668 8.960 9.254 9.552 9.784 9.862 9.927
0.027 0.036 0.043 0.050 0.054 0.058 0.060 0.061 0.061 0.059 0.075 0.117 0.157 0.196 0.233 0.269 0.303 0.340 0.404 0.472 0.543 0.617 0.706 0.815 0.921 1.023 1.122 1.217 1.309 1.397 1.482 1.564 1.642 1.717 1.801 1.911 2.018 2.120 2.219 2.314 2.406 2.493 2.577 2.657 2.734 2.806 2.921 3.167 3.434 3.721 4.028 4.356 4.704 5.072 5.461 5.870 6.299 6.748 7.172 7.449 7.729 8.013 8.299 8.589 8.882 9.178 9.477 9.779 10.084 10.392 10.653 10.687 10.708
0.015 0.019 0.022 0.023 0.023 0.022 0.020 0.016 0.011 0.005 0.013 0.065 0.121 0.180 0.243 0.309 0.378 0.451 0.527 0.606 0.689 0.776 0.867 0.964 1.057 1.148 1.234 1.317 1.397 1.473 1.546 1.616 1.682 1.745 1.811 1.908 2.001 2.091 2.176 2.258 2.337 2.411 2.482 2.549 2.613 2.672 2.762 3.080 3.418 3.776 4.155 4.553 4.973 5.412 5.872 6.352 6.852 7.373 7.889 8.178 8.469 8.763 9.060 9.361 9.664 9.971 10.281 10.593 10.909 11.228 11.533 11.523 11.500
0.003 0.003 0.001 0.001 0.003 0.006 0.010 0.014 0.019 0.024 0.037 0.101 0.169 0.240 0.314 0.392 0.473 0.558 0.646 0.738 0.832 0.931 1.031 1.116 1.197 1.275 1.350 1.421 1.489 1.553 1.614 1.671 1.725 1.776 1.824 1.908 1.988 2.065 2.137 2.206 2.272 2.333 2.391 2.445 2.495 2.542 2.585 2.972 3.381 3.811 4.260 4.731 5.221 5.732 6.263 6.814 7.385 7.977 8.589 8.902 9.204 9.509 9.817 10.128 10.443 10.760 11.080 11.325 11.491 11.633 11.751 11.573 11.373
0.003 0.006 0.009 0.013 0.018 0.023 0.029 0.036 0.043 0.051 0.059 0.133 0.212 0.295 0.382 0.472 0.565 0.661 0.761 0.865 0.972 1.082 1.195 1.271 1.341 1.406 1.469 1.528 1.584 1.636 1.685 1.730 1.772 1.811 1.846 1.912 1.979 2.043 2.102 2.158 2.210 2.259 2.304 2.345 2.382 2.415 2.445 2.844 3.324 3.825 4.346 4.887 5.449 6.031 6.633 7.255 7.898 8.560 9.244 9.622 9.906 10.158 10.385 10.588 10.766 10.921 11.051 11.156 11.238 11.295 11.327 11.178 10.985
0.007 0.012 0.018 0.024 0.031 0.039 0.047 0.056 0.066 0.076 0.087 0.161 0.252 0.347 0.446 0.547 0.653 0.761 0.873 0.988 1.107 1.229 1.354 1.430 1.487 1.541 1.592 1.639 1.682 1.722 1.759 1.792 1.822 1.849 1.872 1.920 1.974 2.024 2.071 2.114 2.153 2.188 2.220 2.248 2.272 2.293 2.310 2.695 3.247 3.819 4.411 5.024 5.656 6.309 6.976 7.658 8.354 9.064 9.789 10.166 10.357 10.523 10.665 10.783 10.876 10.946 10.991 11.011 11.008 10.980 10.927 10.781 10.596
0.011 0.018 0.026 0.035 0.044 0.054 0.065 0.076 0.088 0.101 0.115 0.185 0.289 0.396 0.506 0.619 0.736 0.857 0.981 1.108 1.238 1.372 1.510 1.592 1.637 1.679 1.717 1.752 1.784 1.812 1.837 1.858 1.876 1.891 1.902 1.932 1.973 2.010 2.043 2.073 2.099 2.122 2.140 2.155 2.167 2.174 2.196 2.562 3.193 3.839 4.499 5.174 5.863 6.566 7.284 8.017 8.763 9.525 10.300 10.724 10.830 10.911 10.968 11.001 11.010 10.994 10.954 10.890 10.801 10.688 10.551 10.383 10.206
0.014 0.023 0.034 0.045 0.056 0.069 0.082 0.096 0.110 0.125 0.141 0.206 0.321 0.440 0.562 0.688 0.817 0.949 1.085 1.224 1.366 1.512 1.661 1.757 1.790 1.820 1.847 1.870 1.889 1.905 1.918 1.927 1.933 1.936 1.935 1.947 1.975 1.999 2.019 2.035 2.053 2.072 2.093 2.116 2.140 2.165 2.192 2.500 3.183 3.879 4.590 5.315 6.055 6.809 7.578 8.361 9.158 9.970 10.796 11.305 11.326 11.322 11.294 11.242 11.166 11.065 10.940 10.791 10.618 10.420 10.198 9.984 9.814
0.015 0.028 0.040 0.054 0.068 0.083 0.098 0.114 0.131 0.148 0.166 0.223 0.350 0.481 0.615 0.752 0.893 1.037 1.185 1.336 1.490 1.648 1.809 1.926 1.947 1.965 1.979 1.990 1.998 2.002 2.003 1.995 1.973 1.950 1.926 1.914 1.931 1.950 1.970 1.992 2.015 2.040 2.066 2.094 2.124 2.155 2.188 2.425 3.157 3.905 4.666 5.442 6.233 7.037 7.857 8.690 9.538 10.401 11.277 11.908 11.844 11.756 11.643 11.506 11.345 11.160 10.950 10.716 10.458 10.176 9.869 9.583 9.420
0.017 0.031 0.046 0.062 0.078 0.096 0.113 0.132 0.151 0.171 0.191 0.236 0.375 0.518 0.664 0.813 0.966 1.122 1.281 1.444 1.610 1.780 1.953 2.098 2.096 2.078 2.059 2.039 2.018 1.996 1.973 1.948 1.922 1.895 1.867 1.847 1.869 1.893 1.919 1.946 1.975 2.005 2.037 2.071 2.106 2.143 2.181 2.335 3.118 3.916 4.728 5.554 6.395 7.251 8.121 9.005 9.903 10.816 11.744 12.535 12.386 12.213 12.015 11.793 11.547 11.277 10.983 10.664 10.322 9.955 9.564 9.181 9.026
0.017 0.034 0.051 0.070 0.088 0.108 0.128 0.149 0.170 0.193 0.215 0.245 0.397 0.551 0.709 0.870 1.035 1.197 1.354 1.509 1.662 1.813 1.961 2.100 2.079 2.058 2.035 2.011 1.986 1.959 1.932 1.903 1.873 1.842 1.810 1.778 1.806 1.835 1.867 1.899 1.934 1.970 2.007 2.046 2.087 2.129 2.173 2.230 3.064 3.912 4.775 5.652 6.544 7.450 8.370 9.304 10.253 11.217 12.195 13.184 12.950 12.692 12.410 12.104 11.773 11.418 11.039 10.636 10.209 9.757 9.281 8.781 8.629
0.017 0.036 0.056 0.076 0.098 0.119 0.142 0.165 0.189 0.213 0.255 0.282 0.430 0.591 0.750 0.906 1.060 1.212 1.361 1.508 1.652 1.795 1.934 2.072 2.064 2.038 2.011 1.983 1.954 1.923 1.892 1.859 1.825 1.789 1.753 1.715 1.741 1.776 1.813 1.851 1.891 1.932 1.975 2.020 2.066 2.114 2.163 2.214 2.995 3.894 4.808 5.735 6.677 7.634 8.604 9.589 10.589 11.603 12.631 13.674 13.537 13.194 12.828 12.437 12.021 11.582 11.118 10.631 10.119 9.583 9.022 8.438 8.232
0.016 0.037 0.060 0.183 0.285 0.365 0.424 0.460 0.475 0.468 0.439 0.389 0.489 0.642 0.793 0.941 1.086 1.230 1.370 1.509 1.645 1.779 1.910 2.040 2.050 2.020 1.989 1.957 1.924 1.889 1.853 1.816 1.778 1.738 1.698 1.656 1.674 1.715 1.757 1.801 1.846 1.893 1.942 1.992 2.044 2.097 2.152 2.208 2.912 3.862 4.826 5.804 6.796 7.803 8.824 9.860 10.910 11.974 13.053 14.146 14.147 13.720 13.268 12.793 12.293 11.769 11.221 10.631 10.012 9.401 8.799 8.206 7.943
0.720 0.810 0.879 0.926 0.952 0.955 0.937 0.897 0.835 0.752 0.647 0.520 0.551 0.695 0.837 0.977 1.115 1.250 1.382 1.513 1.640 1.766 1.889 2.010 2.038 2.004 1.969 1.932 1.894 1.856 1.816 1.775 1.732 1.689 1.644 1.598 1.606 1.652 1.700 1.750 1.800 1.853 1.907 1.963 2.020 2.079 2.139 2.201 2.815 3.815 4.829 5.858 6.900 7.958 9.029 10.115 11.216 12.330 13.459 14.602 14.698 14.049 13.408 12.776 12.152 11.537 10.930 10.333 9.743 9.163 8.590 8.027 7.697
1.716 1.730 1.722 1.692 1.641 1.568 1.474 1.357 1.219 1.059 0.877 0.674 0.615 0.751 0.885 1.016 1.145 1.272 1.397 1.519 1.638 1.755 1.870 1.983 2.027 1.988 1.949 1.908 1.867 1.824 1.780 1.734 1.688 1.640 1.591 1.541 1.537 1.588 1.642 1.696 1.753 1.811 1.871 1.932 1.995 2.059 2.125 2.192 2.703 3.753 4.818 5.897 6.990 8.078 9.134 10.161 11.160 12.130 13.072 13.985 14.183 13.563 12.952 12.350 11.756 11.171 10.594 10.026 9.467 8.916 8.374 7.840 7.460
2.734 2.672 2.588 2.481 2.354 2.204 2.033 1.840 1.625 1.389 1.131 0.851 0.681 0.809 0.935 1.058 1.179 1.297 1.413 1.527 1.638 1.747 1.854 1.958 2.017 1.974 1.931 1.886 1.840 1.793 1.745 1.695 1.645 1.593 1.540 1.486 1.465 1.523 1.582 1.642 1.704 1.767 1.833 1.899 1.968 2.037 2.172 2.330 2.794 3.893 4.964 6.006 7.019 8.004 8.960 9.888 10.788 11.658 12.501 13.314 13.660 13.070 12.489 11.917 11.353 10.798 10.251 9.713 9.183 8.662 8.149 7.646 7.232
3.776 3.637 3.476 3.293 3.089 2.863 2.615 2.346 2.055 1.742 1.408 1.051 0.750 0.870 0.987 1.102 1.214 1.325 1.432 1.538 1.641 1.742 1.840 1.936 2.008 1.961 1.914 1.865 1.815 1.764 1.711 1.658 1.603 1.547 1.490 1.432 1.393 1.456 1.520 1.654 1.801 1.951 2.104 2.261 2.421 2.585 2.752 2.923 3.244 4.244 5.215 6.158 7.072 7.958 8.815 9.643 10.443 11.215 11.958 12.672 13.130 12.570 12.019 11.476 10.942 10.416 9.900 9.391 8.891 8.400 7.917 7.443 7.014
4.832 4.624 4.387 4.128 3.847 3.545 3.221 2.875 2.508 2.119 1.708 1.275 0.821 0.932 1.041 1.148 1.252 1.354 1.454 1.551 1.646 1.739 1.829 1.917 2.000 1.950 1.898 1.845 1.791 1.736 1.679 1.622 1.608 1.607 1.621 1.648 1.691 1.840 1.991 2.146 2.305 2.467 2.632 2.801 2.973 3.149 3.328 3.510 3.723 4.623 5.495 6.338 7.153 7.939 8.697 9.426 10.127 10.799 11.443 12.058 12.592 12.062 11.541 11.028 10.524 10.028 9.541 9.062 8.592 8.131 7.678 7.233 6.805
5.796 5.634 5.320 4.985 4.628 4.249 3.849 3.427 2.984 2.518 2.031 1.522 0.992 0.998 1.099 1.197 1.293 1.387 1.478 1.567 1.654 1.738 1.820 1.899 1.974 1.928 1.879 1.844 1.823 1.815 1.821 1.842 1.876 1.924 1.985 2.061 2.151 2.304 2.467 2.634 2.805 2.979 3.156 3.337 3.521 3.708 3.900 4.094 4.292 5.029 5.802 6.546 7.261 7.948 8.607 9.237 9.839 10.412 10.957 11.473 11.961 11.547 11.055 10.572 10.098 9.632 9.174 8.726 8.285 7.853 7.430 7.016 6.610
6.739 6.666 6.277 5.865 5.432 4.977 4.500 4.002 3.482 2.941 2.378 1.793 1.186 1.065 1.158 1.248 1.336 1.431 1.535 1.624 1.699 1.759 1.804 1.834 1.850 1.842 1.842 1.855 1.882 1.923 1.978 2.046 2.129 2.225 2.336 2.460 2.598 2.763 2.939 3.118 3.300 3.486 3.676 3.868 4.064 4.264 4.467 4.673 4.883 5.463 6.136 6.781 7.398 7.985 8.545 9.076 9.579 10.053 10.498 10.916 11.304 11.024 10.562 10.109 9.664 9.228 8.800 8.381 7.971 7.569 7.175 6.790 6.414
7.662 7.722 7.255 6.768 6.258 5.727 5.174 4.600 4.004 3.386 2.753 2.132 1.527 1.327 1.438 1.535 1.617 1.684 1.737 1.774 1.797 1.805 1.799 1.777 1.741 1.742 1.790 1.851 1.927 2.016 2.119 2.237 2.368 2.512 2.671 2.843 3.030 3.219 3.407 3.598 3.792 3.990 4.191 4.396 4.604 4.815 5.030 5.248 5.470 5.924 6.498 7.044 7.562 8.050 8.511 8.943 9.347 9.722 10.068 10.387 10.677 10.494 10.062 9.638 9.223 8.817 8.419 8.029 7.649 7.276 6.913 6.557 6.211
8.565 8.799 8.257 7.617 6.942 6.281 5.637 5.008 4.395 3.797 3.215 2.649 2.098 1.803 1.862 1.907 1.938 1.953 1.954 1.940 1.911 1.867 1.809 1.736 1.648 1.627 1.723 1.833 1.957 2.095 2.247 2.412 2.591 2.785 2.992 3.212 3.447 3.671 3.870 4.073 4.279 4.489 4.702 4.919 5.139 5.362 5.589 5.819 6.053 6.413 6.888 7.335 7.753 8.143 8.505 8.838 9.143 9.419 9.667 9.886 10.077 9.956 9.554 9.160 8.775 8.398 8.030 7.670 7.400 7.279 7.183 7.113 7.069
8.738 8.969 8.317 7.680 7.059 6.453 5.863 5.289 4.730 4.187 3.660 3.148 2.652 2.294 2.302 2.295 2.274 2.237 2.186 2.121 2.040 1.945 1.835 1.710 1.570 1.498 1.642 1.801 1.973 2.159 2.359 2.573 2.801 3.042 3.298 3.567 3.850 4.118 4.330 4.544 4.763 4.984 5.209 5.438 5.670 5.905 6.144 6.386 6.632 6.929 7.306 7.653 7.973 8.264 8.526 8.761 8.966 9.144 9.293 9.414 9.506 9.483 9.270 9.084 8.923 8.788 8.679 8.596 8.538 8.506 8.500 8.519 8.564
8.580 8.906 8.308 7.726 7.159 6.608 6.073 5.553 5.049 4.560 4.088 3.630 3.189 2.800 2.757 2.698 2.625 2.537 2.434 2.317 2.185 2.038 1.876 1.699 1.508 1.354 1.547 1.754 1.975 2.209 2.457 2.720 2.996 3.285 3.589 3.906 4.238 4.561 4.785 5.011 5.242 5.475 5.712 5.953 6.196 6.444 6.694 6.948 7.206 7.473 7.750 7.999 8.220 8.412 8.610 8.823 9.034 9.242 9.447 9.650 9.849 9.969 9.846 9.749 9.678 9.632 9.612 9.618 9.650 9.707 9.790 9.899 10.033
