DATA/SHG/ECMWF/20170628/EN-40/20170701.en-40.asc
ncols        190
nrows        64
xllcorner    -5100000.000000000000
yllcorner    4130000.000000000000
cellsize     10000.000000000000
NODATA_value  -99999.000
[rows 32 to 63 of 64, columns 0 to 72 of 190]
12.342 12.398 12.363 12.345 12.354 12.392 12.458 12.551 12.673 12.823 13.001 13.207 13.441 13.703 12.960 12.121 11.243 10.324 9.364 8.365 7.326 6.247 5.127 3.967 2.768 1.528 1.684 1.864 2.042 2.220 2.397 2.573 2.748 2.922 3.096 3.269 3.441 3.609 3.608 3.598 3.577 3.547 3.506 3.456 3.395 3.324 3.244 3.369 3.588 3.819 4.302 4.744 5.146 5.507 5.828 6.108 6.348 6.547 6.706 6.825 6.903 6.905 6.558 6.224 5.903 5.596 5.303 5.023 4.756 4.502 4.262 4.036 3.823
12.752 12.897 12.978 13.057 13.165 13.301 13.464 13.656 13.876 14.124 14.400 14.704 15.036 15.396 14.720 13.741 12.721 11.662 10.562 9.422 8.242 7.023 5.762 4.462 3.122 1.742 1.661 1.838 2.014 2.188 2.362 2.536 2.708 2.880 3.051 3.221 3.390 3.558 3.547 3.502 3.678 3.906 4.132 4.354 4.574 4.791 5.004 5.215 5.422 5.627 5.956 6.257 6.517 6.738 6.917 7.057 7.156 7.214 7.232 7.210 7.147 7.044 6.751 6.463 6.189 5.929 5.682 5.448 5.228 5.021 4.828 4.648 4.481
13.133 13.367 13.561 13.738 13.944 14.178 14.439 14.729 15.047 15.392 15.766 16.168 16.598 17.056 16.522 15.402 14.241 13.041 11.801 10.521 9.200 7.840 6.440 4.999 3.519 1.998 1.639 1.813 1.986 2.158 2.329 2.500 2.669 3.080 3.518 3.961 4.410 4.866 5.154 5.378 5.599 5.816 6.031 6.243 6.452 6.658 6.861 7.061 7.258 7.452 7.647 7.807 7.927 8.006 8.045 8.044 8.002 7.919 7.797 7.634 7.430 7.186 6.930 6.690 6.462 6.248 6.048 5.860 5.687 5.526 5.380 5.246 5.126
13.486 13.809 14.112 14.387 14.691 15.023 15.382 15.770 16.185 16.629 17.101 17.600 18.128 18.684 18.364 17.103 15.802 14.462 13.081 11.661 10.200 8.699 7.159 5.578 3.957 2.306 1.867 2.284 2.707 3.135 3.570 4.010 4.456 4.908 5.365 5.829 6.298 6.773 7.097 7.310 7.520 7.727 7.931 8.132 8.331 8.526 8.718 8.907 9.094 9.277 9.376 9.395 9.374 9.313 9.211 9.069 8.886 8.663 8.400 8.096 7.752 7.367 7.097 6.903 6.722 6.554 6.400 6.260 6.132 6.018 5.918 5.831 5.757
13.810 14.221 14.632 15.005 15.406 15.836 16.293 16.779 17.292 17.833 18.403 19.000 19.626 20.279 20.246 18.845 17.405 15.924 14.417 12.961 11.507 10.054 8.601 7.150 5.699 4.249 3.546 3.983 4.425 4.874 5.329 5.789 6.255 6.727 7.204 7.688 8.177 8.672 9.040 9.242 9.442 9.638 9.832 10.022 10.210 10.394 10.576 10.755 10.930 11.103 11.143 11.022 10.860 10.658 10.415 10.132 9.809 9.446 9.042 8.597 8.113 7.588 7.250 7.103 6.968 6.847 6.740 6.645 6.565 6.497 6.443 6.403 6.375
14.106 14.606 15.120 15.591 16.090 16.617 17.173 17.756 18.367 19.006 19.673 20.388 21.144 21.874 22.160 20.704 19.248 17.794 16.340 14.887 13.435 11.984 10.534 9.085 7.636 6.189 5.216 5.673 6.136 6.605 7.079 7.559 8.045 8.537 9.035 9.538 10.048 10.563 10.984 11.175 11.364 11.550 11.733 11.913 12.090 12.263 12.434 12.602 12.767 12.929 12.948 12.686 12.383 12.041 11.658 11.234 10.770 10.266 9.722 9.137 8.512 7.847 7.391 7.289 7.201 7.127 7.066 7.018 6.984 6.963 6.955 6.961 6.980
14.373 14.962 15.576 16.146 16.854 17.696 18.513 19.305 20.073 20.816 21.535 22.229 22.899 23.543 24.071 22.617 21.164 19.712 18.260 16.810 15.360 13.912 12.464 11.017 9.571 8.126 6.878 7.355 7.838 8.327 8.821 9.321 9.827 10.339 10.857 11.380 11.910 12.445 12.928 13.109 13.287 13.462 13.634 13.804 13.970 14.133 14.293 14.451 14.605 14.756 14.790 14.388 13.945 13.462 12.938 12.374 11.770 11.126 10.441 9.716 8.951 8.145 7.518 7.463 7.422 7.393 7.379 7.377 7.389 7.415 7.824 8.590 9.483
16.067 16.940 17.745 18.541 19.322 20.077 20.808 21.515 22.196 22.854 23.486 24.094 24.678 25.237 25.771 24.527 23.076 21.626 20.178 18.729 17.282 15.836 14.391 12.946 11.502 10.060 8.618 9.029 9.532 10.040 10.555 11.075 11.601 12.133 12.671 13.214 13.763 14.318 14.873 15.043 15.211 15.375 15.537 15.695 15.851 16.003 16.153 16.299 16.443 16.584 16.671 16.128 15.544 14.921 14.257 13.552 12.808 12.023 11.198 10.333 9.428 8.482 7.632 7.767 8.081 8.523 9.093 9.790 10.615 11.567 12.647 13.855 15.191
19.257 19.894 20.464 21.119 21.813 22.482 23.127 23.748 24.344 24.915 25.461 25.983 26.481 26.954 27.402 26.434 24.986 23.538 22.092 20.646 19.201 17.757 16.314 14.872 13.431 11.991 10.551 10.694 11.217 11.746 12.280 12.821 13.367 13.918 14.476 15.039 15.609 16.183 16.764 16.978 17.135 17.288 17.439 17.587 17.732 17.874 18.013 18.149 18.282 18.412 18.539 17.905 17.181 16.418 15.613 14.769 13.767 12.775 11.845 10.975 10.167 9.420 8.736 9.366 10.122 11.007 12.019 13.159 14.426 15.821 17.343 18.993 20.771
22.516 22.919 23.254 23.720 24.328 24.911 25.470 26.005 26.514 27.000 27.460 27.897 28.308 28.695 29.057 28.338 26.892 25.447 24.003 22.560 21.117 19.676 18.235 16.795 15.356 13.918 12.481 12.351 12.894 13.443 13.997 14.558 15.124 15.695 16.273 16.856 17.445 18.040 18.641 18.913 19.059 19.202 19.343 19.480 19.614 19.745 19.874 19.999 20.122 19.862 19.520 18.540 17.455 16.430 15.467 14.565 13.725 12.945 12.226 11.569 10.973 10.437 9.963 10.839 12.038 13.365 14.820 16.401 18.111 19.948 21.912 24.004 26.223
25.845 26.013 26.114 26.344 26.866 27.364 27.837 28.285 28.709 29.108 29.483 29.833 30.159 30.460 30.737 30.240 28.796 27.353 25.912 24.471 23.031 21.591 20.153 18.716 17.279 15.843 14.409 14.000 14.563 15.132 15.706 16.286 16.872 17.464 18.062 18.665 19.274 19.889 20.509 20.849 20.984 21.117 20.850 20.544 20.227 19.900 19.564 19.217 18.860 18.493 18.117 17.378 16.505 15.692 14.941 14.251 13.622 13.055 12.548 12.102 11.718 11.394 11.132 12.188 13.829 15.598 17.494 19.518 21.669 23.948 26.354 28.887 31.548
29.244 29.178 29.044 28.992 29.428 29.840 30.227 30.589 30.927 31.241 31.530 31.794 32.034 32.250 32.441 32.138 30.697 29.256 27.817 26.378 24.941 23.504 22.068 20.633 19.199 17.765 16.333 15.641 16.224 16.812 17.407 18.007 18.613 19.224 19.841 20.335 20.674 20.858 20.886 20.700 20.388 20.067 19.736 19.394 19.043 18.682 18.310 17.929 17.538 17.137 16.725 16.157 15.496 14.895 14.356 13.878 13.461 13.105 12.810 12.576 12.403 12.291 12.240 13.412 15.495 17.706 20.044 22.509 25.102 27.822 30.669 33.644 36.746
32.712 32.412 32.044 31.663 32.013 32.339 32.640 32.917 33.170 33.397 33.601 33.779 33.933 34.063 34.168 34.033 32.595 31.157 29.719 28.283 26.848 25.413 23.980 22.547 21.115 19.684 18.254 17.339 18.380 19.266 19.997 20.572 20.993 21.258 21.367 21.321 21.121 20.764 20.253 19.700 19.354 18.998 18.632 18.257 17.871 17.475 17.069 16.653 16.227 15.791 15.346 14.877 14.428 14.039 13.712 13.446 13.240 13.096 13.012 12.990 13.028 13.128 13.288 14.511 17.036 19.688 22.467 25.374 28.408 31.569 34.858 38.274 41.817
36.250 35.715 35.114 34.445 34.622 34.862 35.078 35.269 35.435 35.577 35.695 35.788 35.856 35.900 35.920 35.915 34.489 33.054 31.619 30.185 28.719 27.265 26.011 24.958 24.104 23.452 23.000 22.803 23.304 23.650 23.841 23.876 23.756 23.481 23.051 22.466 21.725 20.829 19.779 18.712 18.332 17.941 17.541 17.130 16.710 16.279 15.839 15.389 14.928 14.458 13.978 13.539 13.301 13.125 13.009 12.954 12.960 13.027 13.155 13.344 13.594 13.905 14.276 15.486 18.452 21.545 24.766 28.114 31.589 35.191 38.920 42.777 46.760
39.857 39.089 38.253 37.351 37.254 37.409 37.539 37.644 37.725 37.781 37.813 37.821 37.803 37.537 36.819 36.100 34.519 32.959 31.601 30.442 29.484 28.726 28.168 27.811 27.654 27.697 27.941 28.385 28.383 28.189 27.840 27.336 26.676 25.862 24.892 23.768 22.488 21.053 19.463 17.736 17.321 16.896 16.461 16.016 15.561 15.096 14.621 14.136 13.641 13.136 12.621 12.142 12.116 12.151 12.246 12.403 12.620 12.899 13.238 13.638 14.099 14.621 15.204 16.336 19.743 23.278 26.939 30.728 34.643 38.686 42.856 47.153 51.577
43.534 42.532 41.463 40.327 39.910 39.979 39.683 38.964 38.245 37.527 36.808 36.090 35.372 34.655 33.937 33.220 32.285 31.422 30.760 30.297 30.035 29.973 30.112 30.450 30.989 31.727 32.666 33.806 33.618 32.884 31.995 30.952 29.753 28.399 26.891 25.227 23.409 21.435 19.307 17.023 16.321 15.862 15.392 14.913 14.423 13.924 13.414 12.895 12.365 11.826 11.277 10.717 10.872 11.118 11.425 11.793 12.221 12.711 13.261 13.873 14.545 15.278 16.072 17.063 20.911 24.886 28.988 33.217 37.573 42.056 46.666 51.403 56.227
45.723 43.642 41.610 39.628 38.233 37.515 36.797 36.079 35.361 34.643 33.926 33.209 32.492 31.776 31.059 30.343 29.841 29.674 29.708 29.941 30.375 31.008 31.842 32.875 34.109 35.543 37.177 39.011 39.007 37.734 36.306 34.724 32.986 31.094 29.046 26.844 24.487 21.975 19.308 16.487 15.333 14.839 14.335 13.821 13.297 12.763 12.219 11.665 11.101 10.527 9.943 9.350 9.569 10.027 10.545 11.124 11.763 12.464 13.225 14.048 14.931 15.875 16.880 17.945 21.953 26.336 30.375 34.298 38.104 41.795 45.369 48.827 52.170
42.389 40.479 38.619 36.807 35.348 34.630 33.913 33.197 32.480 31.764 31.047 30.331 29.616 28.900 28.185 27.470 27.187 27.716 28.444 29.373 30.502 31.830 33.359 35.087 37.016 39.144 41.472 44.001 44.551 42.739 40.773 38.651 36.375 33.944 31.359 28.618 25.723 22.673 19.468 16.109 14.357 13.828 13.289 12.741 12.182 11.614 11.035 10.447 9.849 9.240 8.622 7.994 8.208 8.877 9.606 10.396 11.246 12.158 13.156 14.299 15.381 16.401 17.360 18.257 21.437 25.192 28.830 32.353 35.759 39.050 42.224 45.283 48.225
39.006 37.267 35.577 33.937 32.466 31.750 31.034 30.318 29.602 28.887 28.172 27.457 26.743 26.028 25.314 24.600 24.322 25.546 26.970 28.594 30.417 32.440 34.663 37.086 39.709 42.531 45.553 48.775 50.250 47.900 45.395 42.735 39.921 36.952 33.828 30.550 27.117 23.529 19.787 15.890 13.391 12.828 12.255 11.672 11.079 10.476 9.863 9.240 8.608 7.965 7.312 6.770 7.460 8.759 9.996 11.172 12.287 13.340 14.332 15.263 16.132 16.940 17.687 18.372 20.804 24.158 27.397 30.520 33.526 36.417 39.192 41.851 44.395
35.572 34.005 32.486 31.017 29.596 28.872 28.158 27.443 26.728 26.014 25.300 24.587 23.873 23.160 22.447 21.734 21.248 23.167 25.285 27.603 30.121 32.838 35.755 38.872 42.188 45.704 49.420 53.335 56.103 53.215 50.172 46.974 43.622 40.115 36.454 32.638 28.668 24.543 20.263 15.829 12.437 11.840 11.232 10.615 10.084 9.834 9.638 9.494 9.404 9.366 9.382 9.451 9.968 11.055 12.080 13.043 13.946 14.787 15.566 16.285 16.942 17.537 18.072 18.545 20.282 23.237 26.076 28.799 31.406 33.898 36.273 38.533 40.677
32.090 30.693 29.345 28.047 26.797 25.999 25.285 24.571 23.858 23.145 22.432 21.719 21.007 20.295 19.583 18.871 18.159 20.577 23.389 26.401 29.613 33.024 36.634 40.444 44.454 48.663 53.072 57.681 62.111 58.685 55.104 51.369 47.479 43.435 39.237 34.883 30.376 25.654 20.847 16.155 12.220 11.941 11.715 11.543 11.424 11.358 11.345 11.385 11.478 11.625 11.824 12.077 12.534 13.408 14.221 14.972 15.662 16.291 16.859 17.365 17.810 18.193 18.515 18.776 19.871 22.426 24.866 27.190 29.398 31.490 33.467 35.327 37.072
28.558 27.332 26.155 25.027 23.948 23.128 22.415 21.703 20.991 20.279 19.567 18.855 18.144 17.433 16.722 16.011 15.301 17.777 21.283 24.988 28.893 32.998 37.301 41.804 46.507 51.409 56.511 61.812 67.312 64.309 59.707 54.495 49.398 44.415 39.546 34.791 30.151 25.626 21.214 16.917 12.769 12.675 12.633 12.644 12.709 12.826 12.997 13.221 13.497 13.827 14.210 14.646 15.157 15.819 16.419 16.959 17.437 17.853 18.209 18.503 18.736 18.907 19.018 19.067 19.571 21.727 23.768 25.693 27.502 29.195 30.773 32.235 33.581
24.976 23.921 22.915 21.957 21.049 20.261 19.550 18.838 18.127 17.416 16.705 15.995 15.285 14.575 13.865 13.155 12.446 14.767 18.966 23.365 27.963 32.760 37.756 42.656 47.239 51.714 56.083 60.344 64.498 61.729 56.798 51.981 47.279 42.691 38.217 33.858 29.613 25.482 21.466 17.563 13.776 13.354 13.496 13.691 13.939 14.240 14.594 15.001 15.461 15.975 16.541 17.160 17.833 18.287 18.676 19.003 19.269 19.473 19.617 19.699 19.720 19.680 19.579 19.416 19.382 21.140 22.781 24.307 25.717 27.012 28.191 29.254 30.202
21.345 20.461 19.625 18.838 18.100 17.398 16.687 15.977 15.267 14.557 13.847 13.138 12.428 11.720 11.011 10.302 9.853 12.123 16.979 21.727 26.368 30.903 35.330 39.650 43.863 47.969 51.969 55.860 59.645 58.311 53.775 49.354 45.046 40.853 36.775 32.810 28.960 25.223 21.601 18.094 14.700 13.979 14.304 14.682 15.114 15.598 16.136 16.726 17.370 18.067 18.816 19.619 20.474 20.813 20.989 21.104 21.159 21.151 21.083 20.954 20.763 20.511 20.198 19.824 19.388 20.663 21.906 23.033 24.045 24.941 25.721 26.387 26.936
17.665 16.951 16.285 15.669 15.102 14.537 13.828 13.119 12.410 11.990 11.708 11.428 11.152 10.880 10.610 10.344 10.082 11.449 15.935 20.314 24.586 28.751 32.808 36.759 40.603 44.340 47.970 51.493 54.909 54.780 50.639 46.612 42.700 38.901 35.217 31.647 28.191 24.849 21.622 18.508 15.509 14.549 15.058 15.619 16.234 16.902 17.623 18.397 19.223 20.103 21.036 22.022 23.060 23.395 23.360 23.264 23.106 22.887 22.607 22.266 21.864 21.400 20.876 20.290 19.643 20.297 21.141 21.870 22.484 22.982 23.364 23.631 23.783
13.936 13.392 13.297 13.306 13.297 13.254 12.969 12.688 12.410 12.136 11.865 11.597 11.332 11.071 10.813 10.558 10.307 10.889 15.005 19.014 22.917 26.713 30.401 33.983 37.458 40.826 44.087 47.241 50.288 51.136 47.389 43.757 40.239 36.835 33.545 30.369 27.308 24.360 21.527 18.807 16.202 15.065 15.757 16.502 17.300 18.151 19.055 20.012 21.022 22.085 23.200 24.369 25.591 26.035 25.788 25.480 25.111 24.681 24.189 23.636 23.023 22.348 21.612 20.815 19.957 20.042 20.488 20.819 21.034 21.386 21.792 22.180 22.550
13.603 13.585 13.550 13.496 13.424 13.334 13.077 12.807 12.541 12.278 12.018 11.761 11.508 11.258 11.012 10.768 10.528 10.441 14.188 17.829 21.362 24.789 28.109 31.322 34.428 37.427 40.319 43.105 45.783 47.378 44.026 40.788 37.665 34.655 31.759 28.977 26.310 23.756 21.316 18.991 16.779 15.526 16.402 17.330 18.311 19.345 20.432 21.572 22.765 24.011 25.310 26.661 28.066 28.733 28.274 27.754 27.174 26.532 25.829 25.065 24.240 23.353 22.376 21.436 20.556 20.410 20.826 21.224 21.604 21.965 22.309 22.634 22.940
14.002 13.921 13.823 13.706 13.572 13.419 13.181 12.923 12.668 12.416 12.167 11.922 11.681 11.442 11.207 10.975 10.746 10.521 13.485 16.757 19.921 22.979 25.930 28.775 31.512 34.143 36.667 39.084 41.394 43.508 40.550 37.706 34.976 32.361 29.859 27.471 25.197 23.037 20.991 19.059 17.240 15.934 16.992 18.103 19.267 20.485 21.755 23.077 24.453 25.882 27.363 28.898 30.485 31.487 30.817 29.699 28.549 27.459 26.427 25.455 24.541 23.687 22.892 22.156 21.479 21.257 21.610 21.945 22.262 22.561 22.841 23.104 23.348
14.420 14.277 14.115 13.936 13.738 13.523 13.282 13.035 12.791 12.551 12.313 12.080 11.849 11.622 11.398 11.178 10.960 10.746 12.896 15.798 18.595 21.284 23.866 26.342 28.711 30.974 33.129 35.178 37.120 38.956 36.960 34.510 32.174 29.952 27.844 25.850 23.969 22.203 20.550 19.011 17.586 16.287 17.528 18.822 20.169 21.569 23.022 24.528 25.748 26.890 27.994 29.063 30.095 30.801 29.737 28.732 27.787 26.900 26.072 25.303 24.593 23.943 23.351 22.818 22.345 22.120 22.411 22.683 22.937 23.173 23.391 23.590 23.772
14.858 14.652 14.427 14.185 13.925 13.646 13.378 13.143 12.910 12.681 12.456 12.233 12.014 11.798 11.586 11.377 11.171 10.968 12.419 14.954 17.381 19.702 21.916 24.024 26.025 27.919 29.707 31.388 32.962 34.430 33.258 31.201 29.259 27.430 25.715 24.114 22.627 21.254 19.994 18.849 17.817 16.836 17.794 19.028 20.226 21.388 22.513 23.602 24.654 25.670 26.650 27.593 28.499 29.370 28.511 27.710 26.967 26.284 25.660 25.094 24.588 24.141 23.753 23.423 23.153 23.000 23.228 23.437 23.629 23.802 23.957 24.094 24.212
15.315 15.046 14.759 14.454 14.131 13.790 13.472 13.247 13.026 12.809 12.594 12.383 12.175 11.971 11.770 11.572 11.377 11.186 12.056 14.222 16.281 18.234 20.081 21.820 23.453 24.980 26.399 27.712 28.919 30.019 29.442 27.779 26.230 24.794 23.694 22.631 21.599 20.599 19.630 18.692 17.786 16.911 17.489 18.598 19.670 20.707 21.707 22.670 23.597 24.488 25.342 26.160 26.942 27.687 27.228 26.630 26.092 25.612 25.191 24.829 24.526 24.282 24.097 23.971 23.904 23.896 24.061 24.208 24.336 24.447 24.539 24.614 24.670
15.791 15.460 15.110 14.742 14.357 13.953 13.561 13.348 13.139 12.932 12.729 12.529 12.333 12.140 11.950 11.764 11.580 11.400 11.806 13.604 15.295 16.880 18.359 19.730 20.996 22.154 23.216 24.470 25.701 26.909 27.114 26.034 24.985 23.967 22.981 22.026 21.102 20.210 19.349 18.520 17.722 16.955 17.220 18.204 19.151 20.062 20.937 21.776 22.577 23.343 24.072 24.765 25.421 26.042 25.889 25.495 25.159 24.883 24.665 24.506 24.406 24.366 24.384 24.461 24.597 24.792 24.910 24.995 25.061 25.109 25.138 25.150 25.144
