DATA/SHG/ECMWF/20170628/EN-40/20170710.en-40.asc
ncols        190
nrows        64
xllcorner    -5100000.000000000000
yllcorner    4130000.000000000000
cellsize     10000.000000000000
NODATA_value  -99999.000
[rows 32 to 63 of 64, columns 0 to 70 of 190]
11.645 10.434 9.858 9.332 8.784 8.215 7.624 7.012 6.379 5.724 5.048 4.350 3.631 2.890 3.091 3.336 3.570 3.795 4.009 4.214 4.408 4.592 4.766 4.930 5.084 5.228 5.368 5.505 5.641 5.774 5.905 6.034 6.160 6.285 6.407 6.528 6.646 6.758 6.690 6.620 6.548 6.474 6.399 6.322 6.244 6.163 6.081 6.464 7.015 7.527 8.151 8.685 9.129 9.483 9.748 9.923 10.008 10.003 9.908 9.724 9.449 9.210 10.133 11.024 11.883 12.711 13.507 14.271 15.004 15.705 16.374
13.579 11.844 10.959 10.357 9.734 9.090 8.424 7.737 7.028 6.298 5.546 4.773 3.979 3.163 3.169 3.378 3.578 3.767 3.947 4.116 4.275 4.424 4.563 4.692 4.811 4.920 5.048 5.178 5.306 5.431 5.555 5.677 5.796 5.913 6.028 6.141 6.252 6.361 6.309 6.233 6.831 7.551 8.222 8.845 9.419 9.945 10.423 10.852 11.233 11.565 11.872 12.092 12.224 12.265 12.216 12.078 11.850 11.533 11.125 10.628 10.042 9.365 10.110 10.892 11.641 12.359 13.045 13.699 14.322 14.913 15.473
15.674 13.417 12.082 11.405 10.707 9.987 9.246 8.484 7.700 6.894 6.068 5.220 4.350 3.459 3.257 3.432 3.596 3.750 3.895 4.029 4.153 4.267 4.371 4.465 4.549 4.623 4.730 4.853 4.973 5.092 5.208 5.322 5.434 6.710 7.924 8.966 9.838 10.539 11.202 11.849 12.448 12.998 13.500 13.953 14.358 14.715 15.023 15.282 15.494 15.656 15.676 15.584 15.403 15.131 14.770 14.319 13.779 13.149 12.429 11.619 10.720 9.731 10.118 10.789 11.429 12.037 12.614 13.158 13.672 14.153 14.603
17.932 15.153 13.228 12.476 11.702 10.907 10.091 9.253 8.394 7.514 6.612 5.689 4.744 3.778 3.356 3.495 3.625 3.744 3.853 3.953 4.042 4.121 4.190 4.249 4.298 4.416 6.362 8.174 9.814 11.285 12.584 13.713 14.671 15.458 16.075 16.521 16.797 16.902 17.200 17.677 18.106 18.487 18.819 19.103 19.339 19.526 19.665 19.755 19.797 19.791 19.565 19.161 18.666 18.082 17.409 16.645 15.792 14.850 13.818 12.696 11.485 10.184 10.156 10.718 11.248 11.746 12.213 12.648 13.052 13.424 13.764
20.352 17.051 14.395 13.568 12.719 11.849 10.958 10.045 9.111 8.156 7.179 6.180 5.161 4.120 3.465 3.570 3.664 3.748 4.053 5.564 7.210 8.990 10.904 12.954 15.138 17.456 19.450 20.665 21.709 22.582 23.285 23.817 24.179 24.371 24.391 24.242 23.921 23.431 23.239 23.547 23.806 24.018 24.181 24.295 24.362 24.380 24.349 24.271 24.143 23.968 23.538 22.821 22.014 21.118 20.132 19.056 17.891 16.637 15.293 13.859 12.336 10.723 10.225 10.676 11.097 11.486 11.843 12.169 12.463 12.725 12.956
22.934 19.112 15.585 14.683 13.759 12.814 11.848 10.860 9.851 8.820 7.768 6.910 6.685 6.674 7.088 8.529 10.104 11.815 13.659 15.639 17.752 20.000 22.383 24.900 27.552 30.338 32.699 33.317 33.764 34.042 34.149 34.085 33.851 33.447 32.872 32.127 31.211 30.125 29.319 29.458 29.548 29.590 29.584 29.530 29.427 29.276 29.076 28.828 28.532 28.188 27.595 26.565 25.446 24.238 22.940 21.552 20.076 18.509 16.853 15.108 13.273 11.349 10.323 10.666 10.976 11.256 11.503 11.720 11.904 12.057 12.179
25.678 21.334 16.842 15.820 14.765 13.786 13.022 12.472 12.137 12.017 12.110 12.419 12.941 13.679 14.666 16.575 18.619 20.797 23.110 25.557 28.138 30.854 33.704 36.689 39.808 43.061 46.108 46.130 45.982 45.664 45.175 44.516 43.687 42.687 41.517 40.177 38.666 36.985 35.441 35.411 35.332 35.205 35.030 34.806 34.534 34.214 33.846 33.429 32.964 32.451 31.736 30.394 28.963 27.443 25.833 24.134 22.345 20.467 18.499 16.442 14.296 12.060 10.452 10.685 10.886 11.056 11.194 11.301 11.376 11.420 12.194
26.148 21.276 16.550 15.243 14.799 14.569 14.553 14.751 15.164 15.791 16.633 17.689 18.959 20.444 22.143 24.467 26.979 29.625 32.405 35.320 38.368 41.552 44.869 48.321 51.907 55.627 59.482 59.105 58.361 57.448 56.364 55.110 53.685 52.091 50.326 48.391 46.286 44.011 41.604 41.405 41.157 40.861 40.517 40.124 39.683 39.194 38.657 38.072 37.438 36.756 35.960 34.306 32.564 30.732 28.810 26.799 24.699 22.510 20.231 17.863 15.405 12.858 10.611 11.221 12.166 13.235 14.427 15.742 17.181 18.743 20.429
24.115 19.750 15.531 14.295 14.598 15.116 15.848 16.794 17.955 19.329 20.918 22.721 24.738 26.970 29.415 32.205 35.184 38.297 41.545 44.927 48.443 52.093 55.877 59.796 63.848 68.035 72.357 72.241 70.902 69.394 67.715 65.866 63.847 61.658 59.299 56.770 54.071 51.202 48.163 47.440 47.024 46.559 46.046 45.484 44.875 44.217 43.511 42.757 41.955 41.104 40.205 38.303 36.249 34.105 31.872 29.550 27.058 24.668 22.435 20.360 18.444 16.685 15.089 16.338 17.711 19.207 20.826 22.569 24.434 26.423 28.536
21.926 18.067 14.355 13.113 14.164 15.429 16.908 18.601 20.509 22.630 24.966 27.515 30.279 33.256 36.448 39.789 43.235 46.815 50.530 54.378 58.361 62.478 66.729 71.114 75.633 80.286 85.074 85.538 83.604 81.501 79.228 76.785 74.172 71.389 68.437 65.314 62.021 58.558 54.926 53.518 52.932 52.298 51.617 50.887 50.109 49.282 48.408 47.485 46.514 44.732 42.862 40.279 37.646 35.171 32.854 30.695 28.694 26.850 25.165 23.638 22.268 21.056 20.003 21.331 23.130 25.053 27.099 29.269 31.561 33.977 36.516
19.580 16.228 13.022 11.697 13.495 15.507 17.733 20.173 22.827 25.695 28.776 32.072 35.581 39.305 43.242 47.218 51.131 55.178 59.359 63.675 68.124 72.707 77.424 82.275 87.260 92.380 97.633 98.995 96.468 93.771 90.904 87.867 84.660 81.284 77.738 74.021 70.136 66.080 61.854 59.636 58.882 58.080 55.996 53.882 51.838 49.862 47.956 46.118 44.350 42.651 41.021 39.021 36.936 35.008 33.239 31.627 30.173 28.877 27.738 26.758 25.935 25.270 24.763 26.198 28.424 30.774 33.246 35.842 38.561 41.403 44.368
17.078 14.232 11.532 10.048 12.593 15.351 18.324 21.510 24.909 28.523 32.350 36.391 40.646 45.115 49.797 54.494 58.874 63.387 68.035 72.816 77.731 82.780 87.964 93.281 98.732 104.317 110.036 112.614 109.493 106.202 102.741 99.111 95.311 91.342 87.148 80.716 74.446 68.338 62.392 58.206 56.125 54.113 52.170 50.296 48.492 46.756 45.090 43.492 41.964 40.504 39.114 37.610 36.072 34.691 33.469 32.404 31.497 30.747 30.155 29.721 29.445 29.326 29.365 30.940 33.593 36.369 39.268 42.290 45.435 48.703 52.094
14.420 12.080 9.885 8.167 11.457 14.962 18.680 22.611 26.756 31.115 35.688 40.474 45.473 50.687 56.114 61.617 66.462 71.442 76.555 81.803 87.184 92.699 98.347 104.130 110.046 116.097 122.281 125.965 118.963 112.122 105.443 98.926 92.571 86.377 80.346 74.476 68.767 63.221 57.836 53.595 51.754 49.983 48.280 46.646 45.081 43.585 42.158 40.801 39.512 38.292 37.141 36.044 35.053 34.220 33.544 33.025 32.665 32.461 32.416 32.528 32.797 33.225 33.809 35.557 38.636 41.838 45.163 48.611 52.182 55.876 59.693
11.606 9.772 8.082 6.537 10.089 14.338 18.802 23.478 28.368 33.472 38.789 44.319 50.063 56.021 62.192 68.576 73.898 79.343 84.922 90.635 95.884 99.083 102.161 105.117 107.953 110.668 113.262 115.073 108.633 102.354 96.237 90.282 84.489 78.857 73.387 68.078 62.931 57.946 53.122 48.921 47.320 45.788 44.325 42.931 41.606 40.350 39.162 38.044 36.995 36.014 35.103 34.325 33.881 33.594 33.464 33.492 33.677 34.020 34.520 35.178 35.993 36.966 38.096 40.050 43.555 47.183 50.933 54.807 58.804 62.923 67.165
8.637 7.307 6.122 5.082 8.487 13.482 18.690 24.111 29.745 35.593 41.654 47.929 54.416 60.585 65.666 70.585 74.190 77.454 80.597 83.619 86.521 89.302 91.961 94.501 96.919 99.216 101.393 103.449 98.149 92.432 86.877 81.483 76.251 71.181 66.272 61.524 56.939 52.514 48.251 44.183 42.822 41.530 40.306 39.151 38.066 37.049 36.101 35.222 34.412 33.671 32.999 32.453 32.554 32.813 33.230 33.803 34.534 35.423 36.469 37.672 39.032 40.550 42.226 44.418 48.348 52.402 56.578 60.877 65.299 69.844 74.511
5.512 4.687 4.006 3.470 6.653 12.392 18.234 23.883 29.372 34.699 39.866 44.871 49.716 54.400 58.922 63.284 66.636 69.482 72.207 74.812 77.296 79.659 81.901 84.023 86.024 87.904 89.664 91.303 87.512 82.356 77.362 72.530 67.859 63.349 59.001 54.814 50.789 46.925 43.223 39.682 38.260 37.207 36.223 35.307 34.461 33.684 32.975 32.335 31.764 31.262 30.829 30.465 31.074 31.879 32.841 33.960 35.236 36.670 38.261 40.009 41.915 43.978 46.198 48.661 53.017 57.496 62.098 66.822 71.669 76.638 81.731
2.997 2.987 2.982 2.982 5.466 10.879 16.131 21.223 26.153 30.923 35.531 39.979 44.266 48.393 52.358 56.163 59.219 61.648 63.955 66.143 68.209 70.155 71.980 73.685 75.269 76.732 78.075 79.297 76.721 72.127 67.693 63.422 59.311 55.362 51.575 47.948 44.483 41.180 38.037 35.056 33.633 32.820 32.075 31.399 30.792 30.254 29.784 29.383 29.051 28.788 28.594 28.468 29.441 30.790 32.298 33.962 35.783 37.762 39.898 42.191 44.641 47.248 50.013 52.934 57.562 62.339 65.765 69.043 72.172 75.153 77.987
3.132 3.141 3.156 3.176 4.656 9.511 14.205 18.739 23.111 27.324 31.375 35.266 38.996 42.565 45.973 49.221 51.939 53.951 55.841 57.611 59.261 60.790 62.198 63.486 64.653 65.699 66.625 67.431 65.777 61.743 57.870 54.159 50.609 47.220 43.993 40.926 38.021 35.277 32.695 30.273 28.943 28.369 27.863 27.426 27.058 26.759 26.528 26.366 26.273 26.249 26.293 26.407 27.653 29.548 31.600 33.809 36.175 38.699 41.286 43.365 45.388 47.354 49.264 51.117 54.001 57.064 59.979 62.746 65.365 67.836 70.159
3.261 3.289 3.323 3.363 4.020 8.318 12.455 16.431 20.247 23.902 27.396 30.730 33.903 36.915 39.767 42.459 44.797 46.391 47.864 49.218 50.450 51.562 52.554 53.425 54.176 54.806 55.316 55.705 54.679 51.206 47.893 44.742 41.752 38.923 36.255 33.748 31.403 29.218 27.195 25.332 24.189 23.854 23.587 23.389 23.260 23.199 23.207 23.284 23.430 23.644 23.927 24.301 25.737 27.961 30.128 32.239 34.293 36.291 38.232 40.117 41.945 43.717 45.432 47.091 49.383 51.936 54.340 56.597 58.706 60.667 62.480
3.384 3.431 3.485 3.544 3.609 7.300 10.880 14.300 17.558 20.657 23.594 26.372 28.988 31.445 33.740 35.875 37.791 38.968 40.025 40.961 41.777 42.473 43.048 43.503 43.838 44.052 44.145 44.118 43.429 40.515 37.762 35.171 32.740 30.471 28.362 26.415 24.628 23.003 21.538 20.235 19.371 19.275 19.247 19.288 19.539 20.152 20.721 21.246 21.725 22.161 22.551 22.897 23.908 25.937 27.910 29.826 31.686 33.489 35.236 36.926 38.560 40.138 41.659 43.123 44.912 46.955 48.850 50.597 52.196 53.647 54.950
3.500 3.567 3.640 3.718 3.802 6.458 9.482 12.344 15.047 17.589 19.970 22.191 24.252 26.152 27.892 29.471 30.890 31.682 32.323 32.843 33.242 33.522 33.681 33.720 33.638 33.436 33.114 32.671 32.025 29.671 27.478 25.445 23.574 21.863 20.314 18.925 17.697 16.965 16.916 16.886 16.976 17.614 18.207 18.755 19.259 19.719 20.134 20.504 20.830 21.111 21.347 21.539 22.136 23.971 25.749 27.471 29.136 30.745 32.298 33.794 35.234 36.617 37.944 39.215 40.588 42.121 43.506 44.744 45.833 46.775 47.569
3.609 3.696 3.789 3.886 3.990 5.792 8.258 10.565 12.711 14.697 16.523 18.188 19.693 21.037 22.222 23.246 24.109 24.533 24.757 24.861 24.845 24.708 24.451 24.074 23.577 22.960 22.222 21.364 20.385 18.673 17.663 17.546 17.449 17.370 17.311 17.270 17.249 17.247 17.264 17.300 17.359 17.842 18.281 18.675 19.025 19.331 19.591 19.808 19.979 20.106 20.189 20.227 20.422 22.062 23.646 25.174 26.645 28.060 29.418 30.720 31.966 33.155 34.288 35.364 36.411 37.434 38.310 39.038 39.619 40.051 40.336
3.713 3.819 3.931 4.048 4.171 5.300 7.211 8.961 10.552 11.982 13.252 14.362 15.311 16.101 16.730 17.199 17.507 17.520 17.328 17.016 16.584 16.032 15.360 15.200 15.630 16.072 16.527 16.995 17.476 17.532 17.463 17.412 17.381 17.368 17.375 17.400 17.445 17.509 17.592 17.694 17.815 18.115 18.400 18.640 18.836 18.987 19.094 19.156 19.174 19.147 19.076 18.960 18.800 20.211 21.600 22.934 24.211 25.432 26.596 27.704 28.756 29.751 30.690 31.573 32.380 32.894 33.261 33.480 33.552 33.476 33.252
3.810 3.936 4.067 4.204 4.346 4.983 6.338 7.533 8.568 9.443 10.158 10.713 11.107 11.342 11.416 11.330 11.540 11.971 12.369 12.779 13.203 13.639 14.087 14.549 15.023 15.510 16.010 16.522 17.047 17.246 17.243 17.258 17.293 17.346 17.419 17.511 17.621 17.751 17.900 18.068 18.255 18.433 18.563 18.650 18.692 18.689 18.642 18.550 18.414 18.234 18.009 17.739 17.425 18.417 19.612 20.752 21.835 22.861 23.832 24.746 25.604 26.405 27.151 27.839 28.472 28.501 28.359 28.069 27.632 27.048 26.316
3.901 4.046 4.196 4.353 4.514 4.840 5.640 6.280 6.760 7.284 7.851 8.390 8.900 9.381 9.833 10.256 10.650 11.042 11.484 11.939 12.406 12.887 13.380 13.885 14.404 14.935 15.479 16.036 16.605 16.941 17.003 17.085 17.185 17.305 17.444 17.601 17.778 17.974 18.189 18.422 18.675 18.795 18.772 18.704 18.592 18.436 18.235 17.990 17.700 17.366 16.987 16.564 16.096 16.680 17.681 18.627 19.516 20.349 21.126 21.846 22.510 23.118 23.669 24.165 24.604 24.254 23.604 22.806 21.860 20.767 19.527
3.985 4.150 4.342 4.541 4.741 4.967 5.551 6.105 6.631 7.127 7.595 8.033 8.443 8.824 9.175 9.498 9.792 10.099 10.586 11.085 11.597 12.122 12.659 13.209 13.772 14.347 14.935 15.536 16.150 16.616 16.745 16.892 17.059 17.244 17.449 17.672 17.915 18.177 18.457 18.757 19.076 19.201 19.024 18.803 18.537 18.227 17.873 17.474 17.030 16.543 16.010 15.434 14.812 15.000 15.808 16.560 17.255 17.894 18.477 19.004 19.474 19.888 20.246 20.548 20.794 20.153 18.995 17.689 16.235 15.266 14.498
4.261 4.461 4.662 4.864 5.066 5.270 5.726 6.180 6.606 7.002 7.369 7.708 8.017 8.298 8.549 8.772 8.966 9.145 9.675 10.219 10.775 11.344 11.926 12.520 13.127 13.747 14.379 15.024 15.682 16.272 16.466 16.680 16.912 17.164 17.434 17.724 18.032 18.360 18.706 19.072 19.456 19.652 19.322 18.947 18.528 18.064 17.556 17.003 16.406 15.765 15.079 14.349 13.574 13.377 13.992 14.550 15.051 15.497 15.886 16.219 16.496 16.717 17.197 17.763 18.337 18.174 17.401 16.636 15.880 15.132 14.392
4.575 4.778 4.981 5.186 5.390 5.596 5.933 6.287 6.612 6.908 7.175 7.414 7.623 7.803 7.955 8.078 8.172 8.236 8.753 9.340 9.941 10.554 11.180 11.818 12.470 13.134 13.810 14.500 15.202 15.908 16.169 16.448 16.746 17.064 17.400 17.755 18.130 18.523 18.935 19.367 19.817 20.148 19.664 19.135 18.562 17.945 17.283 16.577 15.827 15.032 14.193 13.309 12.381 11.812 12.232 12.741 13.282 13.830 14.386 14.948 15.518 16.095 16.679 17.271 17.869 17.919 17.174 16.438 15.710 14.990 14.278
4.889 5.094 5.299 5.506 5.713 5.921 6.170 6.424 6.649 6.845 7.013 7.151 7.260 7.341 7.392 7.415 7.409 7.374 7.817 8.449 9.094 9.751 10.421 11.104 11.800 12.508 13.229 13.962 14.708 15.467 15.851 16.197 16.561 16.944 17.346 17.767 18.208 18.667 19.145 19.642 20.158 20.688 20.050 19.368 18.642 17.871 17.056 16.197 15.302 14.400 13.491 12.576 11.654 10.930 11.482 12.040 12.606 13.180 13.760 14.348 14.943 15.545 16.155 16.771 17.395 17.656 16.940 16.232 15.532 14.840 14.157
5.201 5.408 5.616 5.825 6.035 6.245 6.439 6.593 6.718 6.814 6.881 6.920 6.929 6.910 6.861 6.784 6.678 6.543 6.869 7.545 8.234 8.936 9.650 10.377 11.117 11.869 12.634 13.412 14.202 15.005 15.515 15.926 16.356 16.805 17.273 17.760 18.266 18.791 19.335 19.898 20.480 20.970 20.280 19.395 18.503 17.604 16.699 15.787 14.868 13.943 13.010 12.072 11.126 10.174 10.749 11.333 11.924 12.523 13.128 13.741 14.362 14.989 15.624 16.265 16.914 17.386 16.698 16.018 15.347 14.683 14.028
5.512 5.722 5.932 6.143 6.355 6.567 6.739 6.793 6.818 6.814 6.781 6.720 6.629 6.510 6.362 6.185 5.979 5.744 5.908 6.629 7.362 8.108 8.866 9.637 10.421 11.218 12.027 12.849 13.683 14.530 15.159 15.636 16.132 16.646 17.110 17.577 18.050 18.529 19.013 19.503 19.998 20.499 19.993 19.085 18.169 17.247 16.319 15.383 14.441 13.493 12.537 11.575 10.606 9.630 10.010 10.619 11.236 11.859 12.490 13.128 13.774 14.426 15.086 15.753 16.427 17.108 16.449 15.797 15.154 14.519 13.892
5.822 6.034 6.247 6.460 6.674 6.889 7.070 7.024 6.949 6.845 6.712 6.551 6.361 6.142 5.894 5.617 5.311 4.977 4.935 5.700 6.477 7.267 8.070 8.885 9.713 10.553 11.407 12.272 13.117 13.944 14.605 15.070 15.540 16.016 16.497 16.984 17.477 17.975 18.479 18.988 19.503 20.023 19.714 18.782 17.843 16.898 15.946 14.987 14.022 13.050 12.071 11.086 10.093 9.094 9.264 9.899 10.540 11.189 11.845 12.509 13.179 13.857 14.542 15.234 15.933 16.640 16.192 15.569 14.953 14.347 13.748
