DATA/SHG/ECMWF/20170628/EN-40/20170702.en-40.asc
ncols        190
nrows        64
xllcorner    -5100000.000000000000
yllcorner    4130000.000000000000
cellsize     10000.000000000000
NODATA_value  -99999.000
[rows 32 to 63 of 64, columns 0 to 71 of 190]
2.758 2.400 2.558 2.774 2.997 3.227 3.465 3.711 3.963 4.223 4.491 4.766 5.048 5.338 5.089 4.788 4.466 4.122 3.756 3.368 2.958 2.526 2.072 1.596 1.098 0.579 1.058 1.575 2.113 2.672 3.253 3.854 4.476 5.119 5.784 6.469 7.176 7.883 7.629 7.355 7.061 6.749 6.417 6.065 5.695 5.304 4.895 4.768 4.838 5.012 5.663 6.250 6.776 7.238 7.639 7.976 8.252 8.464 8.615 8.703 8.728 8.692 8.618 8.515 8.381 8.217 8.023 7.799 7.544 7.260 6.945 6.600
3.326 2.955 3.042 3.284 3.533 3.789 4.053 4.324 4.603 4.889 5.182 5.482 5.790 6.106 5.886 5.508 5.109 4.688 4.245 3.780 3.294 2.785 2.254 1.702 1.127 0.531 0.909 1.500 2.112 2.744 3.398 4.073 4.769 5.486 6.223 6.982 7.762 8.563 8.380 8.038 7.754 7.555 7.433 7.387 7.417 7.523 7.705 7.963 8.298 8.708 9.139 9.509 9.816 10.061 10.244 10.364 10.421 10.416 10.349 10.219 10.027 9.772 9.588 9.379 9.141 8.872 8.573 8.243 7.884 7.495 7.075 6.625
3.896 3.513 3.518 3.786 4.060 4.343 4.632 4.929 5.233 5.545 5.864 6.190 6.524 6.865 6.705 6.251 5.775 5.277 4.757 4.216 3.652 3.067 2.459 1.830 1.179 0.506 0.739 1.403 2.088 2.794 3.522 4.270 5.039 5.944 6.804 7.609 8.356 9.047 9.111 9.025 9.016 9.082 9.224 9.443 9.738 10.108 10.555 11.078 11.677 12.352 12.674 12.826 12.915 12.942 12.907 12.809 12.649 12.426 12.141 11.794 11.384 10.912 10.586 10.272 9.929 9.555 9.151 8.717 8.252 7.758 7.234 6.679
4.470 4.075 3.985 4.279 4.579 4.887 5.202 5.525 5.855 6.192 6.536 6.888 7.248 7.615 7.547 7.016 6.463 5.889 5.292 4.674 4.034 3.372 2.688 1.982 1.254 0.521 0.964 2.024 3.027 3.973 4.863 5.696 6.473 7.193 7.857 8.464 9.014 9.508 9.764 9.943 10.198 10.530 10.937 11.420 11.979 12.614 13.325 14.112 14.976 15.915 16.265 16.199 16.071 15.881 15.628 15.313 14.935 14.495 13.993 13.428 12.801 12.112 11.612 11.193 10.745 10.266 9.757 9.218 8.649 8.050 7.421 6.761
5.046 4.639 4.444 4.763 5.089 5.422 5.763 6.112 6.467 6.830 7.200 7.578 7.963 8.356 8.411 7.804 7.174 6.523 5.873 5.358 4.897 4.488 4.133 3.831 3.582 3.386 3.651 4.513 5.318 6.067 6.760 7.396 7.976 8.499 8.965 9.375 9.729 10.026 10.339 10.783 11.303 11.898 12.570 13.317 14.141 15.040 16.016 17.067 18.194 19.398 19.914 19.631 19.285 18.877 18.407 17.874 17.279 16.622 15.902 15.120 14.276 13.370 12.665 12.142 11.589 11.005 10.391 9.748 9.074 8.370 7.636 6.872
5.626 5.207 4.893 5.238 5.590 5.949 6.316 6.690 7.071 7.460 7.856 8.254 8.642 9.032 9.234 8.692 8.203 7.767 7.384 7.054 6.777 6.554 6.383 6.266 6.202 6.191 6.392 7.057 7.666 8.217 8.713 9.152 9.534 9.861 10.130 10.343 10.500 10.600 10.836 11.544 12.328 13.188 14.124 15.136 16.224 17.387 18.627 19.942 21.333 22.800 23.620 23.119 22.556 21.931 21.243 20.494 19.681 18.807 17.870 16.872 15.810 14.687 13.747 13.119 12.460 11.772 11.054 10.306 9.527 8.719 7.880 7.012
6.208 5.778 5.344 5.704 6.084 6.470 6.857 7.245 7.633 8.022 8.412 8.803 9.195 9.588 9.946 9.589 9.285 9.034 8.836 8.691 8.599 8.561 8.575 8.643 8.763 8.937 9.189 9.657 10.068 10.423 10.722 10.964 11.150 11.279 11.352 11.368 11.328 11.231 11.255 12.227 13.276 14.400 15.600 16.875 18.227 19.655 21.158 22.737 24.392 26.123 27.383 26.665 25.885 25.042 24.138 23.171 22.142 21.051 19.897 18.681 17.403 16.063 14.856 14.123 13.360 12.567 11.744 10.891 10.009 9.096 8.240 7.458
6.759 6.353 5.964 6.224 6.612 7.000 7.390 7.781 8.172 8.564 8.957 9.351 9.746 10.142 10.538 10.429 10.309 10.243 10.230 10.270 10.363 10.509 10.708 10.960 11.265 11.624 12.035 12.312 12.527 12.685 12.787 12.832 12.821 12.753 12.629 12.449 12.213 11.920 11.596 12.832 14.145 15.533 16.996 18.536 20.152 21.843 23.610 25.452 27.371 29.365 31.203 30.268 29.271 28.212 27.090 25.906 24.660 23.352 21.982 20.549 19.055 17.498 15.993 15.122 14.250 13.404 12.583 11.787 11.016 10.271 9.551 8.856
7.262 6.914 6.583 6.746 7.137 7.529 7.921 8.315 8.709 9.105 9.501 9.898 10.295 10.694 11.094 11.210 11.276 11.394 11.566 11.791 12.068 12.399 12.782 13.219 13.709 14.252 14.847 15.023 15.041 15.002 14.907 14.756 14.548 14.284 13.964 13.587 13.154 12.664 12.119 13.359 14.935 16.587 18.315 20.118 21.997 23.952 25.982 28.088 30.270 32.528 34.862 33.929 32.714 31.438 30.100 28.699 26.908 25.050 23.248 21.503 19.814 18.181 16.606 15.796 15.012 14.253 13.519 12.811 12.127 11.469 10.837 10.229
7.745 7.456 7.183 7.267 7.661 8.055 8.451 8.848 9.245 9.643 10.042 10.442 10.843 11.245 11.647 11.934 12.185 12.488 12.844 13.253 13.715 14.230 14.798 15.419 16.093 16.820 17.600 17.789 17.610 17.375 17.083 16.735 16.331 15.871 15.354 14.781 14.152 13.466 12.724 13.808 15.648 17.563 19.554 21.621 23.763 25.982 28.275 30.645 33.090 35.022 36.786 35.545 33.601 31.713 29.881 28.106 26.387 24.723 23.117 21.566 20.072 18.633 17.251 16.446 15.749 15.077 14.431 13.809 13.213 12.643 12.097 11.577
8.210 7.979 7.764 7.786 8.183 8.580 8.979 9.379 9.779 10.180 10.582 10.985 11.389 11.794 12.199 12.601 13.035 13.523 14.064 14.657 15.304 16.003 16.755 17.561 18.419 19.330 20.294 20.610 20.235 19.803 19.315 18.771 18.170 17.514 16.801 16.032 15.206 14.324 13.386 14.179 16.282 18.461 20.534 22.532 24.464 26.329 28.129 29.862 31.530 33.131 34.666 33.996 32.247 30.553 28.917 27.336 25.811 24.343 22.931 21.575 20.275 19.031 17.843 17.071 16.461 15.876 15.317 14.783 14.274 13.790 13.332 12.899
8.656 8.483 8.326 8.303 8.703 9.104 9.505 9.908 10.311 10.715 11.120 11.526 11.933 12.341 12.749 13.210 13.829 14.501 15.226 16.003 16.834 17.718 18.654 19.644 20.686 21.781 22.929 23.486 22.915 22.287 21.603 20.862 20.066 19.213 18.299 17.197 16.149 15.156 14.217 14.609 16.576 18.477 20.312 22.081 23.784 25.421 26.992 28.496 29.935 31.307 32.614 32.393 30.839 29.341 27.898 26.512 25.182 23.908 22.690 21.529 20.423 19.374 18.381 17.671 17.148 16.651 16.178 15.731 15.310 14.913 14.542 14.195
9.083 8.968 8.869 8.819 9.221 9.625 10.030 10.435 10.842 11.249 11.657 12.066 12.475 12.886 13.297 13.761 14.564 15.421 16.330 17.292 18.306 19.374 20.495 21.668 22.894 24.174 25.506 26.345 25.052 23.813 22.628 21.498 20.421 19.399 18.431 17.518 16.658 15.853 15.102 15.141 16.879 18.551 20.157 21.697 23.171 24.579 25.921 27.197 28.407 29.551 30.629 30.738 29.378 28.074 26.826 25.635 24.499 23.420 22.396 21.429 20.518 19.663 18.864 18.246 17.810 17.400 17.015 16.655 16.320 16.010 15.726 15.467
9.491 9.434 9.394 9.370 9.738 10.145 10.553 10.961 11.370 11.781 12.192 12.603 13.016 13.430 13.844 14.259 15.243 16.283 17.376 18.522 19.640 20.495 21.331 22.150 22.950 23.732 24.497 25.104 24.000 22.949 21.952 21.010 20.122 19.288 18.508 17.782 17.111 16.493 15.930 15.739 17.248 18.691 20.068 21.380 22.625 23.804 24.918 25.965 26.947 27.862 28.712 29.029 27.864 26.755 25.701 24.704 23.763 22.877 22.048 21.275 20.558 19.897 19.292 18.796 18.447 18.124 17.826 17.553 17.305 17.083 16.885 16.713
9.880 9.881 9.899 9.933 10.254 10.663 11.074 11.485 11.898 12.311 12.725 13.139 13.555 13.926 14.181 14.401 15.174 16.039 16.885 17.713 18.523 19.316 20.090 20.846 21.585 22.305 23.007 23.691 22.892 22.030 21.221 20.467 19.767 19.121 18.529 17.991 17.508 17.078 16.703 16.402 17.683 18.897 20.046 21.129 22.146 23.097 23.981 24.801 25.554 26.241 26.862 27.268 26.297 25.382 24.522 23.719 22.972 22.281 21.646 21.067 20.544 20.077 19.666 19.321 19.060 18.823 18.612 18.426 18.265 18.130 18.019 17.934
10.250 10.309 10.385 10.477 10.767 11.180 11.590 11.971 12.316 12.626 12.900 13.139 13.342 13.510 13.642 13.739 14.327 15.129 15.913 16.679 17.427 18.157 18.869 19.563 20.239 20.898 21.538 22.160 21.730 21.056 20.435 19.869 19.357 18.898 18.494 18.145 17.849 17.607 17.420 17.286 18.183 19.170 20.090 20.944 21.733 22.455 23.112 23.703 24.228 24.687 25.080 25.407 24.676 23.955 23.290 22.681 22.128 21.631 21.190 20.805 20.476 20.203 19.985 19.822 19.647 19.498 19.374 19.274 19.200 19.152 19.128 19.129
10.658 10.814 10.989 11.182 11.456 11.784 12.077 12.334 12.556 12.742 12.893 13.008 13.088 13.133 13.141 13.115 13.499 14.239 14.960 15.664 16.350 17.018 17.668 18.300 18.915 19.511 20.089 20.649 20.513 20.027 19.594 19.216 18.891 18.621 18.405 18.242 18.134 18.080 18.080 18.134 18.750 19.508 20.200 20.826 21.386 21.881 22.309 22.672 22.969 23.200 23.365 23.464 23.003 22.476 22.005 21.590 21.231 20.927 20.680 20.489 20.353 20.274 20.251 20.283 20.210 20.136 19.933 19.704 19.447 19.162 18.850 18.510
11.248 11.469 11.709 11.967 12.227 12.432 12.601 12.735 12.834 12.897 12.924 12.916 12.873 12.794 12.680 12.530 12.691 13.369 14.028 14.670 15.294 15.900 16.488 17.058 17.610 18.144 18.660 19.158 19.242 18.943 18.698 18.508 18.371 18.288 18.260 18.285 18.364 18.498 18.685 18.927 19.382 19.912 20.376 20.774 21.106 21.373 21.573 21.708 21.777 21.780 21.718 21.589 21.276 20.943 20.666 20.445 20.279 20.170 20.125 20.153 20.183 20.213 20.245 20.278 20.095 19.826 19.528 19.203 18.851 18.471 18.064 17.630
11.817 12.103 12.407 12.730 13.037 13.118 13.164 13.175 13.150 13.089 12.994 12.862 12.696 12.494 12.256 11.983 11.903 12.519 13.116 13.696 14.258 14.802 15.328 15.836 16.326 16.798 17.252 17.688 17.916 17.805 17.748 17.745 17.795 17.900 18.059 18.272 18.539 18.860 19.234 19.663 20.081 20.382 20.618 20.788 20.892 20.931 20.904 20.811 20.652 20.428 20.137 19.828 19.769 19.795 19.821 19.849 19.878 19.908 19.939 19.971 20.005 20.039 20.075 20.112 19.907 19.542 19.150 18.730 18.283 17.808 17.306 16.776
12.365 12.715 13.084 13.472 13.878 13.842 13.764 13.652 13.504 13.320 13.101 12.847 12.557 12.232 11.871 11.475 11.135 11.689 12.224 12.742 13.242 13.724 14.188 14.634 15.062 15.472 15.864 16.238 16.536 16.612 16.742 16.927 17.165 17.457 17.803 18.204 18.658 19.166 19.728 20.344 20.845 20.918 20.926 20.869 20.728 20.528 20.342 20.169 20.009 19.863 19.731 19.612 19.558 19.588 19.618 19.650 19.683 19.717 19.752 19.788 19.826 19.864 19.904 19.945 19.746 19.286 18.798 18.284 17.741 17.172 16.575 15.950
12.892 13.307 13.740 14.192 14.663 14.603 14.403 14.167 13.896 13.589 13.247 12.870 12.457 12.009 11.525 11.006 10.452 10.878 11.352 11.808 12.246 12.666 13.068 13.452 13.818 14.166 14.496 14.809 15.101 15.365 15.682 16.054 16.480 16.959 17.492 18.080 18.721 19.371 19.942 20.496 20.920 20.713 20.519 20.339 20.172 20.019 19.879 19.753 19.640 19.541 19.455 19.383 19.346 19.380 19.414 19.450 19.487 19.525 19.564 19.604 19.646 19.688 19.732 19.777 19.611 19.056 18.474 17.864 17.227 16.562 15.870 15.151
13.397 13.876 14.375 14.891 15.426 15.402 15.079 14.720 14.326 13.896 13.431 12.931 12.395 11.824 11.217 10.575 9.898 10.088 10.500 10.894 11.270 11.628 11.968 12.290 12.594 12.881 13.149 13.400 13.632 14.063 14.621 15.252 15.867 16.465 17.045 17.609 18.155 18.684 19.197 19.692 20.164 20.004 19.857 19.724 19.604 19.497 19.404 19.325 19.258 19.206 19.167 19.141 19.134 19.171 19.210 19.249 19.290 19.332 19.375 19.420 19.465 19.512 19.560 19.608 19.502 18.853 18.176 17.471 16.739 15.980 15.193 14.379
13.881 14.425 14.988 15.569 16.169 16.239 15.793 15.311 14.794 14.241 13.653 13.030 12.371 11.677 10.948 10.183 9.383 9.318 9.668 10.000 10.314 10.610 10.888 11.229 11.640 12.045 12.444 12.837 13.225 13.775 14.365 14.938 15.493 16.032 16.554 17.058 17.546 18.016 18.470 18.906 19.325 19.283 19.182 19.096 19.022 18.962 18.916 18.883 18.864 18.858 18.865 18.886 18.920 18.962 19.004 19.048 19.093 19.139 19.186 19.234 19.284 19.334 19.386 19.439 19.421 18.676 17.904 17.105 16.278 15.424 14.542 13.633
14.344 14.952 15.580 16.225 16.890 17.114 16.544 15.940 15.299 14.624 13.913 13.167 12.385 11.569 10.717 9.829 8.969 8.761 9.186 9.606 10.019 10.427 10.829 11.226 11.617 12.002 12.381 12.755 13.123 13.596 14.127 14.641 15.138 15.618 16.080 16.526 16.955 17.366 17.761 18.138 18.498 18.549 18.495 18.455 18.428 18.415 18.415 18.429 18.456 18.496 18.550 18.618 18.699 18.751 18.798 18.845 18.894 18.944 18.995 19.048 19.101 19.156 19.211 19.268 19.326 18.526 17.660 16.765 15.844 14.895 13.919 12.915
14.785 15.459 16.150 16.860 17.589 18.026 17.334 16.606 15.843 14.997 14.136 13.288 12.454 11.633 10.826 10.032 9.252 8.882 9.287 9.687 10.081 10.469 10.852 11.228 11.600 11.965 12.325 12.679 13.027 13.435 13.907 14.362 14.800 15.221 15.625 16.012 16.381 16.734 17.070 17.388 17.690 17.802 17.795 17.801 17.821 17.855 17.901 17.961 18.035 18.122 18.223 18.337 18.464 18.540 18.590 18.642 18.695 18.749 18.804 18.860 18.918 18.976 19.036 19.097 19.159 18.403 17.442 16.453 15.437 14.393 13.322 12.224
15.206 15.944 16.654 17.302 17.890 18.331 17.462 16.607 15.765 14.937 14.122 13.321 12.534 11.760 11.000 10.254 9.521 9.008 9.394 9.774 10.148 10.517 10.880 11.237 11.588 11.934 12.274 12.608 12.937 13.292 13.705 14.101 14.480 14.842 15.187 15.515 15.826 16.120 16.397 16.657 16.900 17.042 17.082 17.135 17.201 17.281 17.375 17.481 17.602 17.735 17.882 18.043 18.217 18.328 18.382 18.438 18.495 18.553 18.612 18.672 18.733 18.796 18.860 18.924 18.990 18.306 17.250 16.167 15.056 14.066 13.130 12.206
15.756 16.316 16.818 17.260 17.643 17.967 17.246 16.438 15.643 14.862 14.094 13.340 12.600 11.873 11.160 10.461 9.775 9.141 9.507 9.867 10.222 10.570 10.914 11.251 11.583 11.909 12.229 12.544 12.853 13.166 13.521 13.858 14.178 14.481 14.768 15.037 15.289 15.524 15.742 15.943 16.127 16.270 16.356 16.456 16.569 16.695 16.835 16.988 17.155 17.335 17.529 17.736 17.956 18.114 18.173 18.233 18.293 18.355 18.419 18.483 18.548 18.615 18.732 18.896 19.098 18.684 17.743 16.812 15.892 14.983 14.085 13.197
16.394 16.749 17.046 17.283 17.461 17.580 17.016 16.255 15.507 14.773 14.052 13.345 12.652 11.972 11.306 10.653 10.014 9.389 9.625 9.966 10.301 10.630 10.953 11.271 11.583 11.890 12.190 12.485 12.774 13.058 13.354 13.632 13.894 14.138 14.366 14.576 14.770 14.946 15.106 15.248 15.373 15.485 15.618 15.764 15.923 16.096 16.283 16.482 16.696 16.922 17.162 17.416 17.682 17.900 17.963 17.969 17.998 18.066 18.171 18.314 18.496 18.716 18.974 19.269 19.603 19.445 18.540 17.646 16.762 15.890 15.028 14.176
17.096 17.246 17.338 17.371 17.344 17.258 16.771 16.057 15.356 14.669 13.995 13.335 12.689 12.056 11.436 10.831 10.239 9.660 9.750 10.071 10.386 10.695 10.999 11.297 11.590 11.876 12.157 12.433 12.702 12.966 13.205 13.425 13.627 13.813 13.982 14.134 14.268 14.386 14.487 14.571 14.637 14.688 14.867 15.059 15.265 15.485 15.718 15.964 16.144 16.317 16.497 16.681 16.870 17.046 17.131 17.253 17.414 17.613 17.850 18.125 18.438 18.789 19.178 19.606 20.071 20.194 19.326 18.468 17.621 16.785 15.960 15.145
17.862 17.808 17.695 17.523 17.291 17.001 16.512 15.845 15.191 14.551 13.924 13.311 12.711 12.125 11.553 10.994 10.449 9.917 9.880 10.181 10.477 10.767 11.051 11.329 11.602 11.869 12.130 12.386 12.636 12.880 13.074 13.235 13.379 13.506 13.616 13.709 13.785 13.844 13.886 13.911 13.919 13.852 13.976 14.137 14.304 14.475 14.651 14.833 15.020 15.212 15.409 15.611 15.818 16.031 16.247 16.501 16.793 17.124 17.492 17.899 18.343 18.826 19.346 19.905 20.502 20.933 20.101 19.280 18.470 17.670 16.881 16.102
18.692 18.434 18.116 17.739 17.304 16.809 16.239 15.618 15.011 14.418 13.838 13.272 12.719 12.180 11.654 11.142 10.644 10.159 10.016 10.297 10.573 10.844 11.108 11.367 11.620 11.867 12.109 12.345 12.575 12.800 12.960 13.063 13.148 13.216 13.189 13.147 13.094 13.029 12.952 12.863 12.762 12.649 12.741 12.920 13.104 13.293 13.488 13.687 13.892 14.102 14.317 14.537 14.762 14.993 15.326 15.712 16.136 16.598 17.097 17.635 18.211 18.825 19.477 20.167 20.895 21.661 20.865 20.081 19.307 18.543 17.791 17.049
19.587 19.124 18.602 18.020 17.380 16.681 15.951 15.378 14.818 14.271 13.738 13.219 12.713 12.220 11.742 11.277 10.825 10.387 10.158 10.420 10.676 10.926 11.171 11.411 11.644 11.872 12.092 12.244 12.368 12.464 12.495 12.460 12.413 12.355 12.284 12.202 12.108 12.002 11.884 11.754 11.613 11.460 11.502 11.699 11.901 12.108 12.320 12.538 12.761 12.988 13.221 13.459 13.702 13.951 14.370 14.887 15.442 16.035 16.666 17.335 18.042 18.788 19.571 20.392 21.251 22.148 21.619 20.870 20.133 19.406 18.690 17.985
