DATA/SHG/ECMWF/20170628/EN-40/20170709.en-40.asc
ncols        190
nrows        64
xllcorner    -5100000.000000000000
yllcorner    4130000.000000000000
cellsize     10000.000000000000
NODATA_value  -99999.000
[rows 0 to 31 of 64, columns 0 to 71 of 190]
0.735 0.745 0.757 0.770 0.786 0.803 0.822 0.842 0.865 0.916 0.961 0.990 1.003 0.999 0.980 0.943 0.891 0.822 0.737 0.727 0.749 0.824 0.917 1.004 1.085 1.162 1.232 1.298 1.358 1.412 1.461 1.505 1.543 1.567 1.583 1.597 1.608 1.617 1.624 1.628 1.629 1.628 1.625 1.619 1.610 1.559 1.473 1.389 1.309 1.230 1.154 1.081 1.010 0.941 0.875 0.811 0.750 0.731 0.761 0.793 0.825 0.859 0.895 0.931 0.969 1.009 1.049 1.091 1.135 1.187 1.250 1.309
0.634 0.650 0.668 0.688 0.710 0.733 0.758 0.785 0.813 0.825 0.813 0.785 0.780 0.781 0.789 0.803 0.822 0.848 0.880 0.918 0.961 1.025 1.098 1.166 1.229 1.286 1.337 1.383 1.424 1.459 1.489 1.513 1.532 1.545 1.552 1.557 1.560 1.560 1.558 1.553 1.546 1.536 1.524 1.509 1.492 1.450 1.373 1.298 1.226 1.156 1.088 1.024 0.961 0.901 0.844 0.789 0.736 0.713 0.747 0.784 0.821 0.860 0.900 0.941 0.984 1.028 1.073 1.119 1.167 1.217 1.265 1.308
0.531 0.554 0.578 0.604 0.633 0.666 0.700 0.733 0.765 0.783 0.788 0.799 0.815 0.838 0.867 0.902 0.943 0.990 1.043 1.102 1.166 1.232 1.286 1.334 1.377 1.415 1.448 1.474 1.496 1.512 1.523 1.528 1.528 1.524 1.523 1.520 1.514 1.505 1.494 1.481 1.465 1.447 1.426 1.403 1.377 1.339 1.270 1.204 1.140 1.079 1.021 0.964 0.911 0.859 0.810 0.764 0.720 0.693 0.733 0.773 0.815 0.859 0.903 0.949 0.996 1.045 1.095 1.146 1.206 1.253 1.290 1.323
0.460 0.494 0.528 0.561 0.594 0.626 0.658 0.689 0.720 0.748 0.775 0.807 0.845 0.889 0.939 0.995 1.057 1.125 1.199 1.279 1.365 1.443 1.478 1.508 1.532 1.550 1.563 1.571 1.573 1.570 1.562 1.548 1.528 1.507 1.497 1.485 1.470 1.453 1.433 1.411 1.387 1.360 1.331 1.299 1.264 1.225 1.165 1.108 1.053 1.000 0.950 0.903 0.858 0.815 0.775 0.737 0.702 0.672 0.716 0.762 0.814 0.922 1.017 1.098 1.166 1.220 1.261 1.288 1.302 1.302 1.327 1.350
0.427 0.460 0.492 0.524 0.555 0.586 0.616 0.646 0.676 0.708 0.755 0.808 0.867 0.933 1.004 1.081 1.164 1.253 1.348 1.450 1.557 1.660 1.676 1.686 1.691 1.691 1.685 1.673 1.656 1.634 1.606 1.573 1.535 1.492 1.473 1.453 1.429 1.404 1.375 1.345 1.311 1.276 1.238 1.197 1.154 1.109 1.058 1.009 0.963 0.919 0.878 0.839 0.802 0.787 0.838 0.897 0.965 1.041 1.140 1.228 1.302 1.363 1.411 1.444 1.465 1.471 1.464 1.444 1.410 1.363 1.367 1.379
0.395 0.426 0.457 0.487 0.517 0.546 0.575 0.604 0.632 0.661 0.729 0.803 0.884 0.970 1.062 1.161 1.265 1.375 1.491 1.614 1.742 1.876 1.880 1.871 1.856 1.837 1.812 1.781 1.745 1.704 1.657 1.605 1.547 1.484 1.452 1.423 1.391 1.357 1.320 1.280 1.239 1.194 1.148 1.099 1.047 0.993 0.972 0.993 1.024 1.062 1.109 1.164 1.228 1.300 1.380 1.469 1.566 1.671 1.737 1.777 1.804 1.817 1.817 1.803 1.776 1.735 1.680 1.612 1.531 1.436 1.410 1.412
0.363 0.392 0.422 0.451 0.479 0.507 0.535 0.562 0.589 0.616 0.696 0.792 0.893 1.001 1.114 1.234 1.359 1.490 1.628 1.771 1.920 2.076 2.088 2.060 2.027 1.988 1.944 1.894 1.839 1.779 1.713 1.641 1.565 1.482 1.434 1.396 1.355 1.312 1.267 1.232 1.212 1.200 1.196 1.200 1.212 1.232 1.270 1.321 1.381 1.449 1.525 1.609 1.702 1.803 1.913 2.031 2.157 2.292 2.345 2.338 2.317 2.283 2.235 2.174 2.099 2.011 1.909 1.794 1.665 1.522 1.456 1.447
0.331 0.359 0.387 0.415 0.442 0.469 0.495 0.521 0.546 0.572 0.658 0.774 0.897 1.025 1.160 1.300 1.447 1.599 1.758 1.922 2.092 2.268 2.303 2.256 2.203 2.145 2.082 2.013 1.939 1.859 1.774 1.684 1.580 1.472 1.405 1.374 1.350 1.334 1.326 1.327 1.335 1.351 1.375 1.407 1.447 1.495 1.560 1.641 1.729 1.826 1.932 2.046 2.168 2.298 2.437 2.585 2.740 2.904 2.966 2.912 2.843 2.762 2.666 2.557 2.435 2.299 2.150 1.987 1.811 1.621 1.504 1.485
0.300 0.327 0.353 0.379 0.405 0.431 0.455 0.480 0.504 0.528 0.612 0.750 0.894 1.043 1.199 1.360 1.528 1.701 1.881 2.066 2.257 2.455 2.522 2.456 2.384 2.285 2.182 2.078 1.972 1.865 1.756 1.645 1.533 1.419 1.352 1.349 1.353 1.365 1.385 1.414 1.450 1.494 1.546 1.606 1.674 1.750 1.841 1.951 2.069 2.195 2.330 2.473 2.625 2.784 2.952 3.129 3.314 3.507 3.600 3.497 3.382 3.252 3.110 2.953 2.784 2.601 2.404 2.194 1.970 1.733 1.555 1.526
0.269 0.295 0.320 0.345 0.369 0.393 0.416 0.440 0.462 0.485 0.560 0.719 0.884 1.055 1.231 1.414 1.602 1.796 1.987 2.171 2.350 2.524 2.595 2.491 2.386 2.279 2.171 2.061 1.949 1.836 1.721 1.605 1.487 1.367 1.291 1.315 1.347 1.388 1.436 1.492 1.556 1.628 1.709 1.797 1.893 1.997 2.114 2.253 2.400 2.555 2.719 2.892 3.072 3.261 3.459 3.664 3.878 4.101 4.245 4.095 3.932 3.756 3.566 3.362 3.145 2.914 2.670 2.413 2.142 1.857 1.609 1.569
0.239 0.263 0.287 0.310 0.333 0.356 0.378 0.400 0.421 0.442 0.515 0.724 0.929 1.127 1.320 1.508 1.690 1.866 2.036 2.201 2.360 2.514 2.607 2.498 2.387 2.275 2.161 2.045 1.928 1.809 1.689 1.567 1.443 1.318 1.221 1.274 1.334 1.402 1.478 1.563 1.655 1.755 1.863 1.979 2.103 2.235 2.377 2.545 2.722 2.907 3.100 3.301 3.511 3.729 3.956 4.191 4.434 4.685 4.903 4.706 4.495 4.271 4.034 3.783 3.518 3.241 2.949 2.644 2.326 1.994 1.665 1.615
0.209 0.232 0.254 0.289 0.338 0.391 0.448 0.509 0.574 0.643 0.729 0.919 1.103 1.282 1.455 1.623 1.785 1.941 2.092 2.237 2.376 2.510 2.622 2.507 2.391 2.273 2.153 2.032 1.909 1.784 1.658 1.530 1.401 1.270 1.144 1.224 1.312 1.409 1.513 1.625 1.745 1.873 2.009 2.153 2.305 2.464 2.632 2.829 3.035 3.249 3.471 3.702 3.941 4.188 4.444 4.708 4.980 5.261 5.550 5.328 5.071 4.799 4.514 4.216 3.905 3.579 3.241 2.896 2.565 2.250 1.950 1.924
0.260 0.311 0.366 0.425 0.488 0.556 0.627 0.702 0.781 0.865 0.952 1.119 1.283 1.442 1.596 1.744 1.886 2.022 2.153 2.278 2.398 2.512 2.621 2.518 2.396 2.272 2.146 2.020 1.891 1.761 1.629 1.496 1.360 1.224 1.086 1.166 1.283 1.407 1.539 1.679 1.827 1.983 2.147 2.318 2.498 2.686 2.881 3.105 3.339 3.583 3.834 4.094 4.362 4.639 4.923 5.217 5.518 5.828 6.146 5.963 5.595 5.210 4.841 4.488 4.149 3.826 3.518 3.226 2.949 2.687 2.440 2.381
0.349 0.414 0.484 0.557 0.634 0.716 0.801 0.891 0.984 1.082 1.183 1.324 1.469 1.608 1.742 1.870 1.992 2.109 2.220 2.326 2.426 2.520 2.609 2.530 2.402 2.273 2.142 2.009 1.875 1.739 1.602 1.463 1.322 1.180 1.036 1.101 1.245 1.397 1.557 1.725 1.901 2.084 2.276 2.476 2.683 2.899 3.122 3.371 3.635 3.907 4.188 4.477 4.774 5.027 5.260 5.481 5.690 5.887 6.072 5.882 5.536 5.205 4.890 4.590 4.305 4.035 3.780 3.541 3.317 3.109 2.915 2.839
0.434 0.513 0.597 0.684 0.776 0.871 0.971 1.075 1.182 1.294 1.410 1.536 1.661 1.780 1.894 2.002 2.105 2.202 2.293 2.379 2.459 2.534 2.603 2.544 2.411 2.276 2.139 2.001 1.861 1.719 1.576 1.431 1.285 1.137 0.988 1.027 1.199 1.379 1.567 1.762 1.966 2.178 2.397 2.625 2.860 3.104 3.361 3.628 3.890 4.141 4.380 4.607 4.822 5.025 5.216 5.395 5.563 5.718 5.862 5.756 5.463 5.186 4.924 4.677 4.445 4.229 4.027 3.842 3.671 3.516 3.375 3.299
0.513 0.607 0.705 0.807 0.912 1.022 1.136 1.254 1.376 1.502 1.631 1.753 1.858 1.958 2.052 2.140 2.223 2.301 2.372 2.438 2.499 2.554 2.603 2.560 2.421 2.280 2.138 1.994 1.848 1.701 1.552 1.402 1.250 1.096 0.941 0.945 1.145 1.353 1.570 1.807 2.049 2.298 2.552 2.812 3.078 3.350 3.627 3.887 4.107 4.317 4.514 4.699 4.872 5.034 5.184 5.322 5.447 5.562 5.664 5.615 5.376 5.152 4.943 4.749 4.571 4.408 4.260 4.127 4.010 3.907 3.820 3.760
0.589 0.697 0.808 0.924 1.044 1.168 1.296 1.428 1.564 1.704 1.849 1.975 2.061 2.141 2.215 2.284 2.347 2.405 2.457 2.503 2.544 2.579 2.609 2.577 2.433 2.286 2.138 1.989 1.837 1.685 1.530 1.376 1.227 1.084 0.947 0.929 1.169 1.414 1.665 1.923 2.186 2.455 2.729 3.010 3.297 3.589 3.888 4.157 4.336 4.504 4.659 4.803 4.935 5.055 5.163 5.259 5.344 5.417 5.477 5.460 5.274 5.103 4.947 4.807 4.682 4.572 4.477 4.397 4.333 4.284 4.250 4.223
0.659 0.781 0.907 1.038 1.172 1.310 1.452 1.598 1.748 1.903 2.061 2.204 2.270 2.330 2.385 2.434 2.477 2.515 2.548 2.574 2.595 2.611 2.621 2.597 2.437 2.270 2.108 1.952 1.801 1.655 1.515 1.380 1.250 1.126 1.007 0.956 1.216 1.482 1.754 2.032 2.316 2.606 2.901 3.202 3.510 3.823 4.142 4.438 4.576 4.702 4.816 4.918 5.009 5.088 5.154 5.209 5.252 5.283 5.303 5.290 5.157 5.040 4.937 4.850 4.778 4.721 4.679 4.653 4.642 4.646 4.665 4.688
0.725 0.862 1.002 1.146 1.294 1.447 1.603 1.763 1.928 2.096 2.268 2.438 2.484 2.525 2.560 2.589 2.613 2.602 2.574 2.548 2.524 2.502 2.482 2.458 2.305 2.156 2.013 1.876 1.743 1.616 1.495 1.378 1.268 1.162 1.062 0.977 1.258 1.545 1.837 2.136 2.440 2.750 3.066 3.388 3.716 4.050 4.389 4.731 4.827 4.912 4.985 5.045 5.094 5.132 5.157 5.170 5.172 5.162 5.140 5.106 5.026 4.962 4.912 4.878 4.859 4.856 4.867 4.894 4.936 4.993 5.065 5.153
0.787 0.937 1.092 1.250 1.413 1.579 1.749 1.924 2.102 2.285 2.420 2.538 2.520 2.489 2.461 2.434 2.409 2.386 2.365 2.346 2.329 2.313 2.300 2.288 2.167 2.037 1.913 1.794 1.681 1.572 1.469 1.372 1.280 1.193 1.111 1.035 1.293 1.600 1.914 2.233 2.558 2.889 3.225 3.568 3.916 4.271 4.631 4.997 5.090 5.133 5.165 5.184 5.192 5.187 5.171 5.143 5.104 5.052 4.989 4.913 4.880 4.869 4.873 4.892 4.926 4.975 5.040 5.120 5.215 5.325 5.450 5.591
0.844 1.008 1.177 1.324 1.464 1.598 1.725 1.846 1.961 2.069 2.170 2.266 2.269 2.245 2.223 2.203 2.185 2.169 2.155 2.142 2.132 2.123 2.116 2.111 2.024 1.913 1.807 1.707 1.612 1.523 1.438 1.360 1.286 1.218 1.155 1.097 1.322 1.650 1.984 2.324 2.669 3.021 3.378 3.741 4.110 4.485 4.866 5.252 5.365 5.366 5.356 5.334 5.300 5.255 5.197 5.128 5.047 4.954 4.849 4.733 4.720 4.762 4.819 4.891 4.978 5.080 5.198 5.364 5.585 5.798 6.004 6.203
0.847 0.984 1.115 1.239 1.357 1.468 1.573 1.672 1.764 1.849 1.928 2.001 2.017 2.000 1.985 1.971 1.960 1.950 1.942 1.937 1.933 1.931 1.930 1.932 1.876 1.783 1.696 1.615 1.539 1.468 1.402 1.342 1.287 1.237 1.193 1.154 1.345 1.694 2.048 2.409 2.775 3.147 3.525 3.908 4.298 4.693 5.095 5.502 5.650 5.610 5.559 5.496 5.421 5.334 5.235 5.124 5.002 4.868 4.722 4.564 4.628 4.873 5.110 5.340 5.564 5.780 5.990 6.193 6.389 6.578 6.760 6.935
0.838 0.952 1.060 1.162 1.257 1.346 1.428 1.504 1.574 1.637 1.693 1.744 1.763 1.753 1.744 1.737 1.732 1.730 1.728 1.729 1.732 1.737 1.743 1.751 1.722 1.648 1.580 1.517 1.460 1.407 1.360 1.319 1.282 1.251 1.226 1.205 1.362 1.731 2.106 2.487 2.874 3.267 3.665 4.069 4.479 4.895 5.317 5.745 5.947 5.866 5.773 5.669 5.552 5.444 5.372 5.330 5.319 5.338 5.389 5.471 5.631 5.851 6.064 6.270 6.469 6.662 6.847 7.026 7.198 7.363 7.521 7.672
0.835 0.927 1.013 1.092 1.164 1.231 1.290 1.344 1.391 1.431 1.466 1.493 1.507 1.504 1.502 1.502 1.504 1.507 1.513 1.520 1.530 1.541 1.554 1.569 1.563 1.508 1.458 1.414 1.375 1.341 1.313 1.290 1.272 1.260 1.253 1.251 1.373 1.763 2.158 2.560 2.967 3.380 3.799 4.224 4.655 5.091 5.480 5.844 6.044 5.925 5.836 5.779 5.752 5.756 5.791 5.856 5.953 6.081 6.239 6.428 6.638 6.834 7.023 7.205 7.380 7.549 7.710 7.865 8.013 8.154 8.288 8.415
0.839 0.909 0.972 1.029 1.079 1.122 1.160 1.191 1.215 1.233 1.245 1.251 1.250 1.253 1.258 1.264 1.273 1.283 1.295 1.310 1.326 1.343 1.363 1.385 1.398 1.362 1.331 1.305 1.285 1.270 1.260 1.256 1.257 1.263 1.275 1.292 1.378 1.788 2.204 2.609 3.004 3.390 3.767 4.136 4.496 4.847 5.189 5.523 5.786 5.775 5.794 5.844 5.925 6.036 6.179 6.352 6.556 6.791 7.057 7.354 7.651 7.823 7.988 8.146 8.297 8.441 8.579 8.709 8.833 8.950 9.060 9.163
0.853 0.898 0.938 0.972 1.000 1.022 1.036 1.045 1.047 1.043 1.032 1.015 0.991 1.001 1.012 1.025 1.041 1.058 1.076 1.097 1.120 1.144 1.171 1.199 1.229 1.211 1.199 1.192 1.190 1.193 1.202 1.217 1.258 1.295 1.329 1.359 1.395 1.786 2.168 2.541 2.905 3.261 3.608 3.946 4.275 4.596 4.908 5.211 5.498 5.594 5.721 5.879 6.067 6.286 6.536 6.817 7.129 7.471 7.845 8.249 8.669 8.817 8.958 9.092 9.219 9.339 9.452 9.559 9.659 9.751 9.837 9.917
0.901 0.894 0.912 0.924 0.929 0.928 0.920 0.906 0.886 0.859 0.826 0.786 0.741 0.747 0.765 0.785 0.806 0.830 0.856 0.883 0.912 0.943 0.976 1.011 1.057 1.115 1.164 1.209 1.251 1.290 1.326 1.358 1.387 1.412 1.434 1.453 1.469 1.787 2.138 2.481 2.815 3.140 3.457 3.765 4.064 4.354 4.636 4.908 5.173 5.383 5.618 5.883 6.179 6.506 6.863 7.251 7.670 8.120 8.601 9.112 9.654 9.816 9.933 10.043 10.146 10.242 10.332 10.414 10.490 10.559 10.620 10.676
0.960 0.897 0.892 0.882 0.865 0.841 0.811 0.775 0.732 0.683 0.627 0.565 0.497 0.491 0.516 0.542 0.571 0.629 0.746 0.855 0.956 1.049 1.134 1.212 1.282 1.329 1.366 1.400 1.430 1.457 1.481 1.502 1.519 1.533 1.543 1.550 1.554 1.797 2.118 2.430 2.734 3.029 3.315 3.592 3.861 4.121 4.372 4.615 4.848 5.142 5.484 5.857 6.260 6.694 7.159 7.654 8.181 8.738 9.326 9.944 10.594 10.821 10.913 10.999 11.078 11.151 11.216 11.274 11.326 11.371 11.409 11.440
1.029 0.907 0.880 0.847 0.807 0.761 0.709 0.650 0.585 0.514 0.497 0.534 0.549 0.618 0.739 0.852 0.956 1.054 1.143 1.224 1.298 1.363 1.421 1.472 1.514 1.546 1.571 1.593 1.612 1.628 1.640 1.649 1.654 1.656 1.655 1.651 1.643 1.816 2.106 2.388 2.661 2.926 3.182 3.429 3.667 3.897 4.118 4.330 4.533 4.871 5.320 5.800 6.310 6.852 7.424 8.027 8.660 9.325 10.020 10.746 11.502 11.830 11.899 11.961 12.016 12.064 12.106 12.140 12.168 12.189 12.203 12.210
1.109 0.924 0.875 0.936 1.047 1.137 1.206 1.253 1.278 1.283 1.266 1.227 1.167 1.160 1.253 1.338 1.416 1.485 1.547 1.601 1.647 1.686 1.716 1.739 1.754 1.766 1.780 1.790 1.797 1.801 1.802 1.799 1.793 1.783 1.771 1.755 1.735 1.843 2.104 2.355 2.598 2.832 3.058 3.274 3.482 3.682 3.872 4.054 4.227 4.569 5.125 5.713 6.331 6.979 7.658 8.368 9.109 9.881 10.683 11.516 12.379 12.846 12.890 12.928 12.959 12.984 13.001 13.012 12.918 12.668 12.422 12.177
2.152 2.116 2.195 2.252 2.289 2.303 2.297 2.269 2.219 2.148 2.056 1.942 1.807 1.709 1.775 1.832 1.883 1.925 1.959 1.986 2.005 2.016 2.019 2.014 2.002 1.989 1.991 1.990 1.986 1.978 1.967 1.953 1.935 1.914 1.889 1.862 1.831 1.880 2.110 2.331 2.543 2.747 2.942 3.129 3.307 3.476 3.636 3.788 3.930 4.237 4.901 5.595 6.320 7.076 7.862 8.679 9.527 10.406 11.315 12.255 13.225 13.728 13.471 13.216 12.963 12.713 12.465 12.220 11.976 11.735 11.497 11.261
3.664 3.605 3.608 3.591 3.552 3.491 3.410 3.306 3.182 3.036 2.868 2.680 2.470 2.266 2.304 2.334 2.357 2.372 2.379 2.378 2.370 2.353 2.329 2.297 2.258 2.216 2.206 2.193 2.177 2.158 2.135 2.109 2.080 2.047 2.011 1.972 1.929 1.925 2.124 2.315 2.498 2.671 2.836 2.992 3.140 3.278 3.409 3.530 3.643 3.875 4.645 5.447 6.279 7.142 8.050 8.927 9.743 10.497 11.189 11.820 12.389 12.728 12.479 12.232 11.988 11.746 11.506 11.269 11.034 10.801 10.571 10.343
