DATA/SHG/ECMWF/20170628/EN-40/20170630.en-40.asc
ncols        190
nrows        64
xllcorner    -5100000.000000000000
yllcorner    4130000.000000000000
cellsize     10000.000000000000
NODATA_value  -99999.000
[rows 0 to 31 of 64, columns 0 to 72 of 190]
5.708 5.507 5.321 5.149 4.991 4.848 4.718 4.602 4.501 4.318 4.095 3.858 3.608 3.344 3.067 2.776 2.471 2.153 1.821 1.621 1.466 1.400 1.375 1.351 1.327 1.304 1.282 1.261 1.240 1.220 1.201 1.182 1.164 1.273 1.457 1.633 1.801 1.961 2.113 2.257 2.393 2.521 2.641 2.753 2.857 2.925 2.969 3.012 3.056 3.100 3.144 3.189 3.234 3.280 3.325 3.371 3.418 3.384 3.262 3.149 3.047 2.954 2.871 2.799 2.736 2.683 2.640 2.607 2.584 2.557 2.508 2.459 2.408
4.319 4.169 4.033 3.911 3.803 3.709 3.630 3.564 3.513 3.338 3.067 2.782 2.624 2.470 2.315 2.161 2.006 1.852 1.697 1.542 1.387 1.303 1.281 1.259 1.238 1.218 1.198 1.179 1.161 1.144 1.127 1.111 1.095 1.162 1.318 1.466 1.606 1.738 1.862 1.978 2.085 2.185 2.277 2.361 2.437 2.497 2.541 2.586 2.631 2.676 2.722 2.768 2.814 2.861 2.908 2.956 3.003 3.006 2.918 2.841 2.773 2.716 2.668 2.630 2.602 2.584 2.576 2.578 2.590 2.592 2.539 2.485 2.430
2.917 2.817 2.731 2.659 2.632 2.735 2.836 2.934 3.031 3.011 2.857 2.702 2.548 2.393 2.238 2.084 1.929 1.774 1.619 1.464 1.309 1.206 1.186 1.167 1.148 1.130 1.113 1.097 1.081 1.066 1.052 1.038 1.026 1.060 1.188 1.307 1.419 1.523 1.619 1.707 1.787 1.859 1.922 1.978 2.026 2.069 2.114 2.160 2.206 2.253 2.300 2.347 2.395 2.443 2.491 2.540 2.589 2.619 2.566 2.523 2.491 2.468 2.455 2.452 2.459 2.476 2.503 2.540 2.565 2.578 2.498 2.418 2.340
2.153 2.257 2.359 2.459 2.556 2.652 2.744 2.835 2.924 2.936 2.781 2.627 2.472 2.317 2.162 2.007 1.851 1.696 1.541 1.386 1.230 1.108 1.091 1.074 1.058 1.043 1.028 1.014 1.001 0.988 0.977 0.966 0.955 0.966 1.065 1.157 1.241 1.317 1.385 1.444 1.496 1.540 1.576 1.604 1.624 1.640 1.687 1.735 1.782 1.830 1.878 1.927 1.976 2.025 2.075 2.125 2.175 2.222 2.205 2.197 2.200 2.221 2.243 2.266 2.290 2.315 2.340 2.367 2.394 2.423 2.348 2.273 2.199
2.112 2.208 2.302 2.394 2.483 2.571 2.656 2.739 2.819 2.861 2.706 2.551 2.396 2.241 2.085 1.930 1.774 1.619 1.463 1.308 1.152 1.010 0.995 0.980 0.967 0.954 0.942 0.931 0.920 0.910 0.901 0.892 0.884 0.880 0.952 1.015 1.071 1.119 1.159 1.191 1.215 1.230 1.238 1.238 1.230 1.215 1.261 1.309 1.358 1.408 1.457 1.507 1.557 1.616 1.700 1.780 1.857 1.931 1.957 1.979 2.003 2.027 2.052 2.078 2.106 2.133 2.162 2.192 2.223 2.254 2.198 2.127 2.057
2.073 2.161 2.247 2.331 2.413 2.492 2.570 2.645 2.717 2.786 2.631 2.476 2.320 2.165 2.009 1.853 1.698 1.542 1.386 1.230 1.074 0.918 0.898 0.886 0.875 0.865 0.856 0.847 0.838 0.831 0.824 0.818 0.813 0.808 0.846 0.882 0.910 0.929 0.941 0.945 0.941 0.929 0.909 0.881 0.845 0.802 0.854 0.950 1.042 1.131 1.217 1.299 1.377 1.453 1.524 1.593 1.658 1.720 1.752 1.778 1.805 1.832 1.861 1.890 1.920 1.952 1.984 2.017 2.051 2.086 2.047 1.980 1.914
2.036 2.117 2.195 2.271 2.345 2.417 2.486 2.553 2.618 2.681 2.556 2.401 2.245 2.089 1.933 1.777 1.621 1.465 1.309 1.153 0.996 0.840 0.801 0.792 0.783 0.775 0.768 0.762 0.756 0.751 0.747 0.743 0.740 0.738 0.749 0.757 0.756 0.748 0.732 0.722 0.720 0.719 0.718 0.717 0.717 0.717 0.778 0.861 0.942 1.019 1.092 1.162 1.229 1.293 1.353 1.409 1.462 1.512 1.547 1.576 1.606 1.637 1.669 1.701 1.735 1.769 1.805 1.841 1.878 1.916 1.895 1.832 1.770
2.002 2.075 2.146 2.214 2.280 2.343 2.405 2.464 2.521 2.576 2.482 2.326 2.170 2.014 1.857 1.701 1.545 1.388 1.232 1.075 0.919 0.762 0.703 0.697 0.691 0.685 0.681 0.677 0.673 0.671 0.669 0.668 0.669 0.669 0.667 0.664 0.663 0.661 0.660 0.659 0.659 0.659 0.659 0.660 0.661 0.662 0.704 0.776 0.845 0.910 0.972 1.030 1.085 1.136 1.184 1.229 1.270 1.308 1.342 1.374 1.407 1.441 1.476 1.512 1.548 1.586 1.625 1.664 1.704 1.746 1.742 1.683 1.626
1.971 2.036 2.098 2.159 2.217 2.273 2.326 2.378 2.427 2.474 2.407 2.251 2.095 1.938 1.782 1.625 1.469 1.312 1.155 0.999 0.842 0.685 0.605 0.601 0.597 0.608 0.616 0.622 0.626 0.627 0.625 0.621 0.614 0.604 0.598 0.597 0.596 0.596 0.596 0.597 0.598 0.599 0.600 0.602 0.605 0.607 0.635 0.695 0.751 0.804 0.854 0.901 0.944 0.983 1.020 1.052 1.082 1.108 1.135 1.171 1.207 1.244 1.283 1.322 1.362 1.402 1.444 1.487 1.530 1.575 1.588 1.534 1.480
1.942 1.999 2.054 2.106 2.157 2.205 2.250 2.294 2.335 2.374 2.333 2.177 2.020 1.863 1.707 1.550 1.393 1.237 1.090 0.948 0.812 0.682 0.605 0.612 0.617 0.619 0.619 0.616 0.610 0.602 0.591 0.577 0.561 0.543 0.528 0.529 0.529 0.530 0.532 0.534 0.536 0.538 0.541 0.544 0.548 0.552 0.569 0.617 0.661 0.703 0.741 0.775 0.806 0.834 0.858 0.879 0.897 0.911 0.929 0.967 1.007 1.047 1.089 1.131 1.174 1.218 1.263 1.309 1.356 1.403 1.433 1.383 1.334
1.916 1.965 2.012 2.056 2.099 2.139 2.177 2.213 2.246 2.278 2.255 2.088 1.927 1.772 1.622 1.478 1.339 1.206 1.079 0.957 0.841 0.730 0.647 0.645 0.641 0.634 0.624 0.612 0.597 0.580 0.559 0.537 0.511 0.484 0.459 0.460 0.462 0.465 0.467 0.470 0.474 0.478 0.482 0.486 0.491 0.496 0.506 0.542 0.575 0.604 0.630 0.653 0.672 0.688 0.701 0.710 0.716 0.718 0.721 0.763 0.806 0.850 0.894 0.940 0.986 1.033 1.081 1.131 1.181 1.231 1.278 1.232 1.186
1.892 1.933 1.972 2.010 2.043 2.069 2.088 2.100 2.105 2.103 2.080 1.933 1.792 1.656 1.526 1.401 1.282 1.169 1.061 0.959 0.863 0.772 0.692 0.681 0.667 0.651 0.632 0.611 0.587 0.560 0.531 0.499 0.464 0.427 0.389 0.392 0.395 0.399 0.403 0.407 0.411 0.416 0.422 0.427 0.434 0.440 0.447 0.471 0.492 0.510 0.524 0.535 0.542 0.546 0.547 0.544 0.538 0.529 0.516 0.558 0.604 0.651 0.699 0.748 0.797 0.848 0.899 0.990 1.111 1.234 1.360 1.383 1.395
1.914 1.943 1.966 1.981 1.990 1.991 1.986 1.974 1.954 1.928 1.895 1.772 1.651 1.535 1.424 1.319 1.220 1.127 1.039 0.956 0.879 0.808 0.742 0.719 0.696 0.671 0.643 0.612 0.579 0.543 0.505 0.464 0.420 0.374 0.325 0.323 0.328 0.332 0.338 0.343 0.349 0.355 0.362 0.369 0.376 0.384 0.392 0.403 0.412 0.418 0.421 0.420 0.415 0.407 0.396 0.382 0.364 0.343 0.318 0.353 0.447 0.561 0.678 0.796 0.917 1.039 1.163 1.289 1.417 1.547 1.679 1.708 1.705
1.966 1.971 1.969 1.960 1.944 1.921 1.892 1.855 1.811 1.761 1.703 1.605 1.504 1.407 1.317 1.231 1.152 1.078 1.010 0.947 0.890 0.838 0.792 0.760 0.728 0.693 0.656 0.616 0.574 0.529 0.481 0.431 0.379 0.323 0.265 0.254 0.260 0.266 0.272 0.279 0.286 0.294 0.301 0.310 0.318 0.327 0.336 0.339 0.336 0.330 0.321 0.308 0.292 0.310 0.337 0.368 0.403 0.441 0.483 0.577 0.696 0.818 0.941 1.066 1.193 1.322 1.453 1.586 1.721 1.858 1.997 2.036 2.019
2.026 2.006 1.980 1.947 1.906 1.859 1.805 1.744 1.676 1.601 1.520 1.433 1.351 1.274 1.203 1.138 1.078 1.024 0.975 0.932 0.894 0.862 0.836 0.803 0.762 0.719 0.672 0.623 0.572 0.518 0.461 0.402 0.340 0.275 0.208 0.185 0.192 0.199 0.207 0.215 0.223 0.232 0.241 0.250 0.260 0.270 0.302 0.324 0.343 0.366 0.392 0.421 0.454 0.490 0.530 0.573 0.620 0.670 0.724 0.818 0.944 1.072 1.202 1.334 1.468 1.604 1.741 1.881 2.023 2.166 2.312 2.367 2.336
2.093 2.049 1.998 1.941 1.876 1.805 1.726 1.641 1.549 1.450 1.344 1.255 1.192 1.135 1.084 1.038 0.998 0.963 0.934 0.911 0.893 0.881 0.874 0.850 0.799 0.746 0.691 0.633 0.572 0.509 0.443 0.375 0.304 0.230 0.154 0.115 0.123 0.132 0.145 0.179 0.213 0.246 0.279 0.310 0.341 0.371 0.399 0.428 0.459 0.493 0.531 0.573 0.618 0.667 0.719 0.774 0.833 0.895 0.961 1.056 1.189 1.324 1.460 1.599 1.740 1.882 2.027 2.174 2.322 2.472 2.625 2.702 2.657
2.168 2.099 2.024 1.942 1.853 1.758 1.655 1.545 1.429 1.305 1.175 1.071 1.028 0.991 0.959 0.933 0.912 0.897 0.888 0.884 0.886 0.893 0.906 0.899 0.839 0.777 0.713 0.645 0.576 0.503 0.428 0.357 0.299 0.244 0.190 0.166 0.200 0.234 0.267 0.298 0.329 0.360 0.389 0.417 0.445 0.472 0.498 0.528 0.571 0.618 0.668 0.722 0.779 0.839 0.904 0.971 1.042 1.117 1.195 1.292 1.432 1.573 1.717 1.862 2.010 2.159 2.310 2.464 2.619 2.776 2.935 3.040 2.981
2.250 2.157 2.058 1.952 1.838 1.718 1.591 1.458 1.317 1.169 1.015 0.881 0.858 0.840 0.828 0.822 0.821 0.825 0.835 0.851 0.873 0.900 0.932 0.950 0.883 0.818 0.756 0.695 0.636 0.580 0.526 0.473 0.423 0.375 0.329 0.298 0.329 0.360 0.389 0.418 0.446 0.473 0.500 0.525 0.550 0.574 0.597 0.624 0.679 0.738 0.800 0.866 0.936 1.009 1.085 1.165 1.248 1.335 1.425 1.526 1.672 1.821 1.971 2.123 2.277 2.433 2.592 2.752 2.913 3.077 3.243 3.381 3.308
2.340 2.223 2.099 1.969 1.831 1.687 1.535 1.377 1.212 1.040 0.862 0.686 0.682 0.684 0.691 0.704 0.723 0.758 0.800 0.842 0.884 0.926 0.968 1.006 0.947 0.889 0.834 0.780 0.729 0.680 0.633 0.588 0.545 0.504 0.465 0.430 0.458 0.486 0.513 0.539 0.564 0.588 0.611 0.634 0.655 0.676 0.696 0.716 0.784 0.855 0.929 1.008 1.089 1.174 1.263 1.355 1.450 1.549 1.651 1.757 1.911 2.066 2.223 2.382 2.543 2.706 2.870 3.037 3.206 3.376 3.549 3.724 3.639
2.437 2.296 2.148 1.993 1.831 1.663 1.487 1.305 1.116 0.919 0.742 0.566 0.587 0.628 0.670 0.712 0.754 0.796 0.838 0.880 0.923 0.965 1.008 1.050 1.008 0.958 0.910 0.864 0.819 0.778 0.738 0.700 0.664 0.630 0.599 0.569 0.588 0.613 0.637 0.660 0.682 0.703 0.723 0.743 0.762 0.780 0.797 0.813 0.885 0.968 1.055 1.145 1.239 1.336 1.437 1.541 1.648 1.759 1.874 1.992 2.147 2.308 2.472 2.638 2.806 2.975 3.147 3.320 3.496 3.673 3.853 4.034 3.972
2.542 2.376 2.204 2.042 1.876 1.708 1.537 1.363 1.186 1.007 0.824 0.638 0.623 0.665 0.707 0.749 0.792 0.834 0.876 0.919 0.962 1.004 1.047 1.090 1.067 1.024 0.983 0.944 0.908 0.873 0.840 0.810 0.781 0.755 0.730 0.708 0.719 0.741 0.762 0.781 0.801 0.819 0.836 0.853 0.869 0.884 0.898 0.911 0.982 1.078 1.177 1.279 1.385 1.494 1.607 1.723 1.843 1.966 2.093 2.223 2.380 2.549 2.720 2.892 3.067 3.243 3.421 3.576 3.684 3.785 3.878 3.963 3.876
2.708 2.541 2.372 2.199 2.024 1.845 1.664 1.479 1.292 1.102 0.909 0.713 0.660 0.702 0.744 0.787 0.829 0.872 0.915 0.957 1.000 1.043 1.086 1.129 1.124 1.088 1.055 1.023 0.993 0.966 0.941 0.917 0.896 0.877 0.859 0.844 0.850 0.869 0.887 0.904 0.920 0.935 0.950 0.964 0.976 0.988 0.999 1.010 1.076 1.184 1.295 1.409 1.527 1.648 1.773 1.902 2.034 2.169 2.308 2.450 2.596 2.731 2.859 2.979 3.091 3.196 3.293 3.382 3.464 3.538 3.604 3.663 3.629
2.900 2.723 2.543 2.360 2.174 1.985 1.793 1.599 1.401 1.201 0.997 0.791 0.696 0.738 0.781 0.824 0.867 0.910 0.953 0.996 1.039 1.082 1.125 1.169 1.179 1.150 1.124 1.099 1.077 1.057 1.039 1.022 1.008 0.996 0.986 0.978 0.982 0.998 1.013 1.027 1.040 1.053 1.064 1.075 1.085 1.094 1.102 1.109 1.166 1.286 1.409 1.536 1.666 1.789 1.906 2.022 2.138 2.254 2.368 2.483 2.597 2.705 2.806 2.900 2.985 3.063 3.134 3.196 3.252 3.299 3.339 3.371 3.367
3.094 2.907 2.716 2.523 2.327 2.128 1.926 1.721 1.513 1.302 1.089 0.872 0.732 0.775 0.818 0.861 0.904 0.947 0.990 1.034 1.077 1.121 1.164 1.208 1.231 1.210 1.191 1.173 1.158 1.145 1.134 1.125 1.118 1.114 1.111 1.110 1.115 1.128 1.140 1.151 1.161 1.171 1.179 1.187 1.194 1.200 1.201 1.199 1.235 1.353 1.470 1.587 1.703 1.819 1.934 2.048 2.162 2.276 2.389 2.501 2.605 2.687 2.762 2.828 2.887 2.939 2.982 3.018 3.047 3.067 3.080 3.086 3.091
3.291 3.094 2.893 2.690 2.483 2.274 2.061 1.846 1.628 1.407 1.183 0.957 0.768 0.811 0.854 0.898 0.941 0.985 1.028 1.072 1.115 1.159 1.203 1.247 1.281 1.267 1.255 1.245 1.237 1.232 1.228 1.226 1.226 1.229 1.233 1.240 1.249 1.258 1.267 1.273 1.276 1.279 1.279 1.279 1.276 1.272 1.267 1.260 1.274 1.390 1.506 1.620 1.735 1.849 1.962 2.075 2.187 2.299 2.410 2.520 2.621 2.676 2.724 2.764 2.796 2.821 2.838 2.848 2.849 2.843 2.830 2.808 2.800
3.492 3.284 3.073 2.859 2.642 2.423 2.200 1.975 1.746 1.515 1.281 1.044 0.804 0.847 0.891 0.934 0.978 1.022 1.066 1.109 1.153 1.197 1.242 1.286 1.329 1.323 1.318 1.315 1.314 1.316 1.319 1.324 1.327 1.333 1.342 1.356 1.373 1.376 1.377 1.377 1.375 1.372 1.368 1.362 1.354 1.345 1.335 1.323 1.314 1.428 1.542 1.655 1.767 1.879 1.991 2.102 2.212 2.322 2.431 2.540 2.645 2.673 2.694 2.707 2.713 2.711 2.702 2.684 2.659 2.627 2.587 2.539 2.495
3.698 3.477 3.256 3.032 2.805 2.575 2.342 2.106 1.868 1.626 1.382 1.134 0.884 0.883 0.927 0.971 1.015 1.059 1.103 1.147 1.191 1.236 1.280 1.325 1.367 1.363 1.356 1.353 1.353 1.357 1.365 1.377 1.392 1.411 1.434 1.460 1.490 1.492 1.488 1.482 1.476 1.467 1.458 1.446 1.434 1.420 1.404 1.387 1.368 1.467 1.578 1.689 1.800 1.910 2.020 2.129 2.237 2.345 2.453 2.560 2.666 2.677 2.672 2.658 2.637 2.609 2.573 2.529 2.477 2.418 2.351 2.277 2.195
3.909 3.673 3.442 3.207 2.970 2.730 2.487 2.241 1.992 1.740 1.485 1.228 0.967 0.919 0.963 1.007 1.051 1.121 1.228 1.310 1.367 1.400 1.407 1.390 1.348 1.334 1.340 1.350 1.363 1.380 1.401 1.425 1.453 1.485 1.521 1.560 1.603 1.609 1.600 1.589 1.577 1.564 1.549 1.532 1.515 1.495 1.474 1.452 1.428 1.505 1.615 1.725 1.833 1.942 2.050 2.157 2.263 2.370 2.475 2.580 2.685 2.689 2.656 2.616 2.569 2.514 2.451 2.380 2.302 2.217 2.123 2.022 1.914
4.123 3.872 3.630 3.386 3.138 2.888 2.634 2.378 2.119 1.857 1.661 1.534 1.397 1.408 1.527 1.621 1.691 1.736 1.756 1.751 1.722 1.667 1.588 1.484 1.355 1.301 1.320 1.343 1.369 1.399 1.433 1.470 1.511 1.556 1.604 1.656 1.712 1.728 1.713 1.698 1.680 1.662 1.642 1.620 1.597 1.572 1.546 1.518 1.489 1.545 1.653 1.760 1.867 1.974 2.080 2.185 2.290 2.394 2.498 2.601 2.704 2.707 2.649 2.582 2.508 2.426 2.337 2.240 2.135 2.023 1.903 1.775 1.640
4.341 4.074 3.822 3.676 3.586 3.485 3.374 3.253 3.120 2.978 2.825 2.661 2.487 2.397 2.429 2.436 2.419 2.377 2.310 2.218 2.102 1.961 1.795 1.604 1.388 1.265 1.297 1.332 1.371 1.414 1.461 1.511 1.565 1.622 1.683 1.748 1.817 1.848 1.828 1.807 1.785 1.761 1.736 1.709 1.680 1.651 1.619 1.586 1.552 1.584 1.691 1.796 1.901 2.006 2.110 2.214 2.317 2.419 2.521 2.623 2.724 2.734 2.648 2.555 2.454 2.346 2.230 2.107 1.995 1.916 1.843 1.775 1.714
5.406 5.332 5.226 5.110 4.982 4.845 4.696 4.538 4.368 4.189 3.998 3.798 3.586 3.411 3.356 3.277 3.173 3.044 2.890 2.711 2.508 2.280 2.027 1.749 1.447 1.225 1.269 1.318 1.370 1.425 1.485 1.548 1.614 1.685 1.759 1.836 1.918 1.969 1.944 1.918 1.891 1.862 1.831 1.799 1.765 1.730 1.694 1.656 1.616 1.625 1.729 1.833 1.936 2.039 2.141 2.243 2.344 2.445 2.545 2.645 2.744 2.768 2.669 2.575 2.487 2.405 2.329 2.259 2.194 2.135 2.082 2.035 1.993
6.876 6.850 6.706 6.552 6.388 6.213 6.028 5.832 5.626 5.409 5.182 4.944 4.696 4.450 4.309 4.143 3.952 3.736 3.495 3.230 2.940 2.625 2.285 1.921 1.532 1.181 1.238 1.299 1.364 1.433 1.505 1.581 1.660 1.743 1.830 1.921 2.015 2.092 2.062 2.031 1.998 1.964 1.928 1.891 1.852 1.812 1.770 1.727 1.682 1.665 1.768 1.870 1.971 2.072 2.181 2.293 2.399 2.501 2.598 2.689 2.776 2.821 2.741 2.668 2.600 2.538 2.482 2.432 2.387 2.348 2.315 2.288 2.267
