DATA/SHG/ECMWF/20170628/EN-40/20170704.en-40.asc
ncols        190
nrows        64
xllcorner    -5100000.000000000000
yllcorner    4130000.000000000000
cellsize     10000.000000000000
NODATA_value  -99999.000
[rows 0 to 31 of 64, columns 71 to 141 of 190]
10.277 10.417 10.562 10.711 10.865 11.023 11.186 11.353 11.525 11.701 11.664 10.975 10.218 9.483 8.769 8.076 7.404 6.754 6.126 5.518 4.932 4.368 3.952 3.974 4.000 4.026 4.053 4.080 4.107 4.135 4.164 4.193 4.222 4.252 4.331 4.569 4.807 5.045 5.283 5.521 5.759 5.998 6.236 6.475 6.713 6.952 7.065 6.786 6.504 6.217 5.927 5.634 5.336 5.034 4.729 4.419 4.106 3.789 3.482 3.218 2.961 2.712 2.470 2.235 2.007 1.786 1.573 1.367 1.168 0.976 0.860
10.759 10.915 11.075 11.240 11.253 11.210 11.153 11.082 10.998 10.900 10.683 9.980 9.298 8.637 7.998 7.380 6.783 6.208 5.653 5.121 4.609 4.119 3.701 3.724 3.752 3.780 3.809 3.838 3.868 3.898 3.928 3.959 3.990 4.022 4.077 4.316 4.554 4.792 5.031 5.270 5.508 5.747 5.986 6.225 6.464 6.703 6.874 6.578 6.279 5.975 5.668 5.357 5.042 4.723 4.400 4.074 3.743 3.409 3.085 2.854 2.629 2.412 2.202 1.999 1.804 1.615 1.434 1.260 1.093 0.934 0.819
10.594 10.558 10.508 10.444 10.367 10.276 10.172 10.054 9.922 9.777 9.596 8.967 8.359 7.773 7.209 6.665 6.143 5.642 5.163 4.704 4.267 3.852 3.457 3.475 3.504 3.535 3.565 3.596 3.628 3.660 3.692 3.725 3.758 3.792 3.826 4.063 4.302 4.541 4.779 5.018 5.257 5.497 5.736 5.975 6.214 6.454 6.688 6.375 6.059 5.738 5.413 5.085 4.753 4.416 4.076 3.733 3.385 3.034 2.682 2.483 2.290 2.105 1.927 1.757 1.593 1.437 1.288 1.146 1.012 0.884 0.832
9.912 9.828 9.730 9.619 9.494 9.356 9.204 9.039 8.860 8.667 8.461 7.936 7.403 6.892 6.401 5.933 5.485 5.059 4.653 4.270 3.907 3.566 3.246 3.225 3.257 3.289 3.321 3.354 3.388 3.422 3.456 3.491 3.526 3.561 3.597 3.810 4.050 4.289 4.528 4.767 5.007 5.246 5.486 5.726 5.965 6.205 6.445 6.177 5.843 5.505 5.163 4.817 4.468 4.114 3.757 3.396 3.031 2.663 2.290 2.104 1.944 1.838 1.787 1.750 1.727 1.717 1.722 1.740 1.772 1.818 1.878
9.243 9.112 8.967 8.808 8.636 8.450 8.251 8.039 7.812 7.572 7.319 6.887 6.429 5.992 5.576 5.182 4.808 4.457 4.126 3.816 3.528 3.261 3.016 2.975 3.009 3.043 3.077 3.112 3.148 3.183 3.220 3.256 3.293 3.331 3.369 3.558 3.798 4.037 4.277 4.517 4.757 4.996 5.236 5.476 5.716 5.957 6.197 5.983 5.631 5.276 4.917 4.554 4.214 3.899 3.591 3.289 2.994 2.706 2.425 2.345 2.328 2.325 2.335 2.360 2.398 2.450 2.516 2.596 2.689 2.797 2.918
8.588 8.409 8.217 8.011 7.792 7.559 7.312 7.052 6.779 6.491 6.191 5.820 5.437 5.074 4.733 4.413 4.114 3.836 3.580 3.345 3.131 2.938 2.767 2.725 2.761 2.797 2.833 2.870 2.907 2.945 2.983 3.022 3.061 3.100 3.140 3.306 3.546 3.786 4.026 4.266 4.506 4.747 4.987 5.240 5.500 5.758 6.013 5.888 5.570 5.258 4.953 4.654 4.362 4.077 3.798 3.526 3.261 3.002 2.750 2.694 2.738 2.797 2.869 2.955 3.055 3.168 3.295 3.437 3.591 3.760 3.943
7.947 7.721 7.481 7.228 6.961 6.681 6.387 6.080 5.759 5.425 5.077 4.736 4.426 4.138 3.871 3.625 3.401 3.198 3.015 2.855 2.715 2.596 2.499 2.475 2.512 2.550 2.589 2.628 2.667 2.707 2.747 2.787 2.828 2.870 2.933 3.106 3.375 3.641 3.905 4.166 4.425 4.682 4.936 5.187 5.437 5.683 5.928 5.882 5.593 5.311 5.035 4.766 4.504 4.248 3.999 3.756 3.521 3.291 3.069 3.028 3.134 3.254 3.388 3.535 3.696 3.871 4.060 4.262 4.478 4.708 4.952
7.320 7.046 6.759 6.459 6.145 5.817 5.476 5.122 4.754 4.372 3.977 3.633 3.398 3.184 2.992 2.820 2.670 2.541 2.433 2.346 2.281 2.236 2.213 2.224 2.264 2.334 2.414 2.493 2.571 2.646 2.721 2.793 2.864 2.934 3.002 3.143 3.400 3.656 3.909 4.159 4.408 4.653 4.896 5.137 5.376 5.612 5.845 5.869 5.610 5.357 5.111 4.871 4.638 4.412 4.192 3.979 3.773 3.573 3.380 3.348 3.516 3.697 3.892 4.100 4.323 4.559 4.809 5.073 5.350 5.642 5.947
6.706 6.385 6.051 5.704 5.342 4.968 4.579 4.178 3.762 3.333 2.891 2.513 2.352 2.212 2.094 1.997 1.920 1.889 1.959 2.029 2.100 2.171 2.243 2.316 2.393 2.468 2.541 2.613 2.684 2.752 2.819 2.885 2.949 3.011 3.072 3.181 3.428 3.673 3.915 4.155 4.392 4.627 4.860 5.090 5.317 5.543 5.765 5.849 5.619 5.396 5.179 4.969 4.766 4.569 4.378 4.195 4.018 3.847 3.684 3.653 3.882 4.124 4.381 4.651 4.934 5.232 5.543 5.868 6.207 6.559 6.926
6.106 5.738 5.357 4.962 4.554 4.132 3.696 3.247 2.785 2.309 1.875 1.610 1.678 1.747 1.816 1.886 1.956 2.028 2.099 2.172 2.245 2.319 2.393 2.466 2.536 2.604 2.670 2.735 2.798 2.860 2.920 2.978 3.035 3.090 3.144 3.223 3.459 3.693 3.924 4.153 4.380 4.604 4.826 5.045 5.262 5.476 5.688 5.822 5.622 5.428 5.240 5.060 4.886 4.718 4.557 4.403 4.256 4.115 3.980 3.944 4.234 4.537 4.855 5.186 5.531 5.890 6.262 6.648 7.048 7.462 7.890
5.520 5.105 4.676 4.286 3.960 3.635 3.312 2.991 2.673 2.356 2.042 1.734 1.804 1.875 1.947 2.019 2.092 2.165 2.239 2.314 2.389 2.465 2.542 2.617 2.680 2.741 2.800 2.858 2.914 2.969 3.022 3.073 3.123 3.171 3.218 3.267 3.492 3.715 3.936 4.154 4.370 4.583 4.794 5.003 5.209 5.412 5.614 5.788 5.617 5.453 5.295 5.143 4.999 4.861 4.729 4.605 4.486 4.375 4.270 4.220 4.571 4.936 5.314 5.707 6.113 6.533 6.966 7.414 7.875 8.350 8.838
5.373 5.047 4.723 4.401 4.082 3.764 3.448 3.135 2.823 2.514 2.206 1.901 1.930 2.003 2.076 2.151 2.226 2.302 2.378 2.455 2.533 2.611 2.690 2.767 2.826 2.880 2.932 2.983 3.032 3.079 3.125 3.170 3.212 3.253 3.293 3.331 3.528 3.740 3.950 4.157 4.362 4.565 4.765 4.963 5.158 5.351 5.542 5.730 5.606 5.470 5.342 5.220 5.105 4.996 4.894 4.799 4.710 4.628 4.552 4.483 4.893 5.319 5.759 6.213 6.680 7.161 7.656 8.164 8.686 9.222 9.775
5.465 5.146 4.829 4.514 4.202 3.891 3.583 3.276 2.972 2.669 2.369 2.071 2.054 2.129 2.205 2.282 2.359 2.437 2.516 2.595 2.675 2.756 2.837 2.917 2.973 3.020 3.065 3.109 3.151 3.191 3.230 3.268 3.303 3.337 3.370 3.401 3.566 3.768 3.967 4.163 4.358 4.550 4.739 4.926 5.111 5.293 5.472 5.650 5.587 5.481 5.382 5.290 5.204 5.125 5.052 4.986 4.926 4.873 4.827 4.787 5.201 5.700 6.223 6.756 7.298 7.850 8.411 8.981 9.562 10.151 10.751
5.554 5.243 4.933 4.625 4.320 4.016 3.715 3.415 3.118 2.823 2.530 2.238 2.178 2.255 2.334 2.413 2.492 2.573 2.653 2.735 2.817 2.900 2.984 3.066 3.122 3.162 3.200 3.237 3.272 3.305 3.337 3.367 3.396 3.423 3.449 3.473 3.607 3.798 3.986 4.172 4.355 4.537 4.715 4.892 5.065 5.237 5.406 5.572 5.562 5.485 5.416 5.352 5.311 5.293 5.280 5.273 5.272 5.277 5.287 5.304 5.728 6.284 6.850 7.425 8.009 8.603 9.207 9.819 10.442 11.074 11.715
5.642 5.337 5.035 4.734 4.436 4.139 3.845 3.553 3.262 2.974 2.688 2.404 2.301 2.381 2.461 2.542 2.624 2.707 2.790 2.874 2.958 3.043 3.129 3.214 3.273 3.306 3.337 3.366 3.394 3.421 3.445 3.469 3.490 3.510 3.529 3.546 3.650 3.830 4.008 4.183 4.356 4.526 4.694 4.881 5.083 5.279 5.469 5.652 5.712 5.696 5.686 5.682 5.683 5.691 5.704 5.723 5.748 5.779 5.816 5.858 6.259 6.858 7.465 8.083 8.709 9.346 9.991 10.647 11.311 11.986 12.669
5.728 5.430 5.135 4.841 4.550 4.260 3.973 3.688 3.405 3.124 2.845 2.568 2.423 2.505 2.588 2.671 2.755 2.840 2.926 3.012 3.099 3.186 3.274 3.361 3.425 3.451 3.475 3.497 3.518 3.537 3.555 3.571 3.586 3.599 3.636 3.702 3.838 4.056 4.268 4.474 4.673 4.866 5.053 5.233 5.407 5.575 5.737 5.892 5.973 5.983 5.999 6.021 6.049 6.082 6.121 6.166 6.218 6.274 6.337 6.406 6.780 7.420 8.070 8.730 9.399 10.077 10.765 11.463 12.170 12.886 13.612
5.812 5.521 5.233 4.946 4.662 4.380 4.099 3.821 3.545 3.271 2.999 2.729 2.544 2.629 2.714 2.799 2.886 2.973 3.061 3.149 3.238 3.328 3.418 3.507 3.579 3.594 3.615 3.645 3.686 3.736 3.797 3.868 3.949 4.040 4.141 4.252 4.393 4.584 4.767 4.945 5.116 5.281 5.440 5.592 5.738 5.878 6.011 6.138 6.228 6.264 6.306 6.354 6.407 6.467 6.532 6.603 6.680 6.763 6.852 6.947 7.290 7.973 8.665 9.367 10.078 10.799 11.529 12.268 13.018 13.776 14.544
5.893 5.610 5.328 5.049 4.772 4.497 4.223 3.952 3.683 3.416 3.151 2.888 2.665 2.751 2.839 2.927 3.015 3.106 3.204 3.294 3.377 3.452 3.519 3.578 3.629 3.684 3.749 3.825 3.910 4.006 4.111 4.227 4.352 4.488 4.634 4.790 4.955 5.117 5.273 5.422 5.565 5.702 5.833 5.957 6.075 6.186 6.292 6.391 6.476 6.538 6.606 6.680 6.759 6.845 6.936 7.033 7.136 7.245 7.360 7.481 7.789 8.514 9.249 9.993 10.746 11.509 12.281 13.063 13.854 14.655 15.466
5.969 5.697 5.422 5.150 4.880 4.612 4.346 4.082 3.820 3.560 3.306 3.080 2.866 2.969 3.071 3.166 3.253 3.331 3.403 3.466 3.521 3.569 3.609 3.640 3.664 3.762 3.872 3.993 4.123 4.263 4.413 4.574 4.744 4.925 5.115 5.316 5.523 5.657 5.785 5.906 6.021 6.130 6.232 6.328 6.418 6.502 6.579 6.650 6.717 6.805 6.899 6.999 7.104 7.216 7.333 7.457 7.586 7.720 7.861 8.008 8.278 9.045 9.822 10.608 11.403 12.209 13.023 13.847 14.680 15.523 16.376
5.983 5.782 5.514 5.246 4.979 4.724 4.480 4.249 4.029 3.820 3.624 3.439 3.266 3.310 3.385 3.453 3.512 3.564 3.608 3.644 3.673 3.693 3.706 3.710 3.706 3.829 3.984 4.149 4.324 4.509 4.704 4.909 5.125 5.350 5.585 5.830 6.086 6.203 6.302 6.396 6.483 6.563 6.638 6.706 6.768 6.823 6.872 6.915 6.952 7.066 7.186 7.312 7.443 7.581 7.724 7.873 8.028 8.189 8.356 8.528 8.756 9.566 10.384 11.213 12.050 12.897 13.754 14.620 15.496 16.381 17.275
5.892 5.755 5.505 5.267 5.041 4.827 4.624 4.433 4.254 4.086 3.930 3.786 3.654 3.658 3.706 3.746 3.778 3.803 3.820 3.829 3.831 3.824 3.810 3.787 3.756 3.885 4.084 4.294 4.514 4.744 4.983 5.233 5.493 5.763 6.043 6.333 6.633 6.755 6.826 6.892 6.950 7.003 7.049 7.089 7.123 7.151 7.172 7.187 7.195 7.320 7.466 7.618 7.775 7.939 8.108 8.283 8.464 8.651 8.843 9.042 9.246 10.075 10.936 11.807 12.686 13.576 14.474 15.383 16.300 17.227 18.164
5.757 5.683 5.474 5.277 5.092 4.918 4.756 4.606 4.467 4.341 4.225 4.122 4.030 4.012 4.033 4.046 4.051 4.049 4.039 4.021 3.995 3.962 3.921 3.870 3.812 3.929 4.173 4.428 4.692 4.966 5.251 5.545 5.850 6.165 6.489 6.824 7.169 7.313 7.356 7.394 7.425 7.449 7.467 7.479 7.485 7.485 7.478 7.465 7.445 7.568 7.740 7.917 8.101 8.290 8.485 8.686 8.893 9.106 9.324 9.549 9.779 10.575 11.503 12.492 13.510 14.556 15.630 16.734 17.865 19.025 20.214
5.636 5.601 5.433 5.276 5.132 4.999 4.877 4.768 4.670 4.584 4.510 4.447 4.396 4.373 4.367 4.353 4.331 4.302 4.264 4.219 4.167 4.106 4.038 3.960 3.875 3.961 4.250 4.550 4.859 5.178 5.507 5.846 6.195 6.555 6.924 7.303 7.692 7.877 7.893 7.902 7.905 7.901 7.892 7.876 7.853 7.825 7.790 7.749 7.702 7.809 8.007 8.210 8.420 8.686 9.023 9.341 9.641 9.924 10.188 10.435 10.664 11.503 12.590 13.706 14.850 16.023 17.224 18.454 19.712 20.998 22.314
5.528 5.507 5.380 5.264 5.161 5.068 4.988 4.919 4.862 4.816 4.783 4.761 4.750 4.740 4.707 4.666 4.617 4.561 4.497 4.425 4.345 4.258 4.162 4.058 3.945 3.983 4.316 4.660 5.014 5.378 5.751 6.135 6.529 6.933 7.347 7.770 8.204 8.448 8.435 8.416 8.391 8.360 8.322 8.278 8.322 8.491 8.629 8.734 8.808 9.013 9.341 9.652 9.944 10.219 10.476 10.714 10.936 11.139 11.324 11.492 11.641 12.433 13.647 14.889 16.160 17.459 18.786 20.142 21.527 22.940 24.382
5.434 5.403 5.317 5.242 5.178 5.127 5.087 5.059 5.042 5.038 5.044 5.063 5.093 5.115 5.054 4.986 4.911 4.827 4.736 4.637 4.530 4.416 4.293 4.161 4.021 3.993 4.371 4.759 5.157 5.566 5.984 6.413 6.851 7.299 7.758 8.352 9.166 9.821 10.072 10.290 10.477 10.632 10.755 10.847 10.906 10.934 10.930 10.894 10.826 10.880 11.128 11.359 11.573 11.768 11.945 12.105 12.247 12.371 12.477 12.565 12.635 13.332 14.672 16.041 17.438 18.863 20.317 21.800 23.311 24.850 26.418
5.353 5.288 5.242 5.208 5.185 5.174 5.175 5.188 5.212 5.248 5.295 5.354 5.425 5.495 5.408 5.313 5.210 5.100 4.982 4.856 4.722 4.580 4.431 4.272 4.105 3.991 4.517 5.224 5.955 6.709 7.487 8.289 9.114 9.962 10.834 11.730 12.649 13.428 13.537 13.614 13.659 13.672 13.654 13.604 13.522 13.408 13.262 13.085 12.875 12.762 12.932 13.084 13.218 13.334 13.432 13.512 13.575 13.619 13.646 13.655 13.647 14.201 15.667 17.162 18.685 20.237 21.817 23.426 25.063 26.729 28.423
5.286 5.170 5.157 5.163 5.181 5.211 5.252 5.306 5.370 5.447 5.535 5.634 5.746 5.869 5.768 5.646 5.517 5.379 5.259 5.316 5.406 5.527 5.681 5.833 5.980 6.152 6.926 7.738 8.573 9.432 10.314 11.220 12.149 13.102 14.078 15.077 16.101 17.065 17.032 16.968 16.871 16.743 16.583 16.391 16.168 15.913 15.626 15.307 14.956 14.662 14.752 14.824 14.879 14.916 14.935 14.936 14.920 14.885 14.833 14.763 14.675 15.039 16.632 18.253 19.902 21.580 23.287 25.021 26.785 28.576 30.397
5.232 5.067 5.061 5.108 5.166 5.237 5.319 5.412 5.518 5.635 5.763 5.923 6.165 6.418 6.475 6.516 6.588 6.692 6.829 6.997 7.197 7.429 7.693 7.957 8.216 8.501 9.306 10.222 11.161 12.124 13.111 14.120 15.154 16.211 17.291 18.395 19.522 20.673 20.558 20.352 20.114 19.844 19.543 19.210 18.845 18.448 18.020 17.559 17.067 16.577 16.588 16.582 16.557 16.515 16.455 16.377 16.281 16.168 16.036 15.887 15.720 15.846 17.565 19.312 21.088 22.892 24.725 26.586 28.475 30.393 32.339
5.192 4.978 4.954 5.041 5.169 5.373 5.589 5.814 6.051 6.298 6.556 6.824 7.103 7.392 7.571 7.722 7.905 8.120 8.367 8.646 8.957 9.300 9.675 10.050 10.421 10.817 11.656 12.676 13.720 14.787 15.877 16.991 18.129 19.290 20.474 21.682 22.913 24.168 24.113 23.766 23.387 22.976 22.533 22.059 21.552 21.015 20.445 19.843 19.210 18.545 18.441 18.355 18.252 18.130 17.991 17.834 17.659 17.467 17.257 17.028 16.783 16.623 18.468 20.341 22.243 24.173 26.132 28.119 30.134 32.178 34.250
5.412 5.290 5.350 5.571 5.802 6.043 6.295 6.558 6.831 7.115 7.409 7.714 8.029 8.356 8.636 8.898 9.192 9.517 9.875 10.265 10.686 11.140 11.625 12.112 12.595 13.103 13.977 15.101 16.249 17.420 18.614 19.832 21.074 22.338 23.627 24.939 26.274 27.633 27.699 27.210 26.690 26.138 25.554 24.938 24.291 23.612 22.901 22.158 21.384 20.578 20.310 20.145 19.963 19.762 19.544 19.308 19.055 18.783 18.494 18.187 17.862 17.519 19.340 21.340 23.367 25.423 27.508 29.621 31.762 33.931 36.129
5.894 5.831 5.899 6.156 6.424 6.702 6.991 7.290 7.600 7.920 8.251 8.593 8.945 9.308 9.670 10.043 10.447 10.884 11.352 11.852 12.384 12.948 13.544 14.142 14.737 15.356 16.268 17.496 18.748 20.023 21.321 22.643 23.988 25.357 26.749 28.165 29.604 31.067 31.315 30.685 30.023 29.330 28.605 27.848 27.060 26.240 25.388 24.504 23.589 22.642 22.196 21.952 21.691 21.411 21.114 20.799 20.467 20.116 19.748 19.362 18.958 18.537 20.182 22.307 24.385 26.302 28.191 30.049 31.879 33.679 35.449
6.359 6.355 6.437 6.731 7.035 7.350 7.675 8.011 8.358 8.715 9.083 9.461 9.850 10.250 10.674 11.157 11.672 12.219 12.798 13.409 14.051 14.726 15.432 16.141 16.847 17.579 18.529 19.861 21.217 22.596 23.998 25.424 26.873 28.346 29.842 31.362 32.905 34.471 34.961 34.190 33.387 32.553 31.687 30.789 29.859 28.898 27.906 26.881 25.825 24.737 24.098 23.775 23.435 23.077 22.700 22.285 21.784 21.244 20.664 20.044 19.385 18.685 19.794 21.641 23.459 25.247 27.006 28.735 30.435 32.106 33.747
