DATA/SHG/ECMWF/20170628/EN-40/20170712.en-40.asc
ncols        190
nrows        64
xllcorner    -5100000.000000000000
yllcorner    4130000.000000000000
cellsize     10000.000000000000
NODATA_value  -99999.000
[rows 32 to 63 of 64, columns 0 to 70 of 190]
11.749 11.491 11.307 11.130 10.955 10.783 10.614 10.446 10.282 10.120 9.960 9.803 9.649 9.497 9.852 10.242 10.639 11.045 11.457 11.877 12.305 12.740 13.183 13.633 14.091 14.556 14.489 14.409 14.323 14.233 14.137 14.037 13.932 13.822 13.707 13.587 13.462 13.331 13.164 12.989 12.805 12.614 12.414 12.207 11.992 11.768 11.537 11.378 11.280 11.231 11.465 11.690 11.906 12.113 12.311 12.500 12.680 12.851 13.013 13.167 13.311 13.483 13.993 14.476 14.933 15.364 15.769 16.147 16.499 16.825 17.125
11.896 11.817 11.676 11.507 11.342 11.178 11.017 10.859 10.703 10.550 10.399 10.250 10.105 9.961 10.259 10.675 11.099 11.531 11.970 12.416 12.870 13.331 13.800 14.277 14.761 15.252 15.255 15.157 15.054 14.946 14.833 14.716 14.593 14.466 14.333 14.196 14.053 13.906 13.716 13.513 13.280 13.071 12.893 12.747 12.633 12.551 12.500 12.481 12.494 12.538 12.729 12.922 13.107 13.283 13.449 13.607 13.756 13.896 14.027 14.149 14.262 14.366 14.770 15.162 15.528 15.867 16.181 16.468 16.729 16.964 17.172
11.987 12.086 12.042 11.882 11.725 11.570 11.418 11.268 11.121 10.976 10.834 10.694 10.557 10.422 10.658 11.100 11.550 12.008 12.473 12.946 13.426 13.914 14.409 14.911 15.421 15.939 16.024 15.909 15.789 15.663 15.533 15.398 15.259 14.985 14.721 14.479 14.259 14.060 13.871 13.708 13.578 13.479 13.412 13.376 13.372 13.400 13.460 13.551 13.674 13.829 14.000 14.162 14.316 14.460 14.595 14.722 14.839 14.948 15.048 15.138 15.220 15.293 15.571 15.872 16.147 16.395 16.617 16.814 16.983 17.127 17.244
12.022 12.299 12.404 12.253 12.105 11.959 11.815 11.674 11.535 11.399 11.266 11.135 11.006 10.880 11.048 11.517 11.993 12.477 12.968 13.467 13.973 14.487 15.008 15.537 16.073 16.607 16.554 16.214 15.896 15.599 15.324 15.071 14.839 14.629 14.441 14.274 14.128 14.005 13.915 13.863 13.843 13.854 13.897 13.972 14.079 14.217 14.387 14.588 14.822 15.087 15.279 15.410 15.532 15.645 15.749 15.844 15.930 16.007 16.076 16.135 16.185 16.227 16.397 16.606 16.790 16.947 17.079 17.184 17.262 17.315 17.341
12.000 12.455 12.764 12.621 12.481 12.344 12.209 12.077 11.947 11.819 11.695 11.572 11.452 11.335 11.429 11.924 12.427 12.937 13.432 13.810 14.166 14.501 14.814 15.104 15.373 15.621 15.649 15.384 15.141 14.920 14.721 14.543 14.386 14.251 14.138 14.047 13.977 13.928 13.926 13.985 14.075 14.197 14.350 14.535 14.752 15.000 15.281 15.592 15.936 16.311 16.565 16.664 16.755 16.837 16.909 16.973 17.028 17.074 17.111 17.139 17.158 17.169 17.246 17.365 17.458 17.524 17.564 17.578 17.566 17.527 17.463
11.922 12.555 13.120 12.986 12.855 12.726 12.600 12.476 12.355 12.236 12.120 11.978 11.785 11.615 11.574 11.963 12.331 12.677 13.001 13.303 13.583 13.842 14.079 14.294 14.487 14.658 14.722 14.533 14.366 14.220 14.095 13.993 13.912 13.852 13.814 13.798 13.803 13.830 13.906 14.075 14.275 14.507 14.771 15.066 15.393 15.751 16.142 16.564 17.017 17.502 17.858 17.926 17.985 18.036 18.077 18.110 18.133 18.148 18.154 18.151 18.139 18.118 18.120 18.148 18.149 18.125 18.074 17.997 17.894 17.765 17.609
11.788 12.599 13.461 13.348 13.152 12.879 12.629 12.402 12.198 12.016 11.858 11.722 11.609 11.519 11.470 11.783 12.075 12.345 12.593 12.819 13.024 13.206 13.367 13.507 13.624 13.720 13.774 13.661 13.568 13.498 13.449 13.421 13.415 13.431 13.468 13.527 13.607 13.709 13.853 14.132 14.442 14.785 15.158 15.564 16.001 16.469 16.970 17.502 18.065 18.661 19.158 19.195 19.223 19.242 19.252 19.254 19.246 19.230 19.204 19.170 19.127 19.074 19.018 18.955 18.865 18.750 18.608 18.440 18.246 18.026 17.754
11.303 11.987 12.624 12.528 12.312 12.119 11.949 11.802 11.677 11.576 11.497 11.442 11.409 11.399 11.412 11.626 11.842 12.036 12.208 12.359 12.488 12.595 12.680 12.744 12.785 12.805 12.804 12.767 12.750 12.754 12.781 12.828 12.897 12.988 13.101 13.234 13.390 13.567 13.768 14.157 14.578 15.030 15.514 16.029 16.576 17.155 17.765 18.407 19.081 19.786 20.465 20.471 20.468 20.456 20.435 20.405 20.366 20.319 20.262 20.196 20.122 20.039 19.940 19.729 19.473 19.204 18.919 18.621 18.308 17.981 17.639
10.550 11.072 11.547 11.584 11.448 11.335 11.245 11.178 11.133 11.112 11.113 11.137 11.184 11.254 11.347 11.492 11.633 11.751 11.847 11.922 11.975 12.007 12.016 12.004 11.971 11.915 11.838 11.852 11.910 11.990 12.091 12.214 12.358 12.524 12.711 12.920 13.151 13.403 13.676 14.150 14.680 15.243 15.837 16.462 17.119 17.808 18.528 19.280 20.063 20.878 21.724 21.754 21.720 21.677 21.625 21.564 21.291 20.994 20.748 20.552 20.407 20.312 20.267 19.976 19.671 19.351 19.017 18.669 18.306 17.929 17.538
9.850 10.209 10.523 10.617 10.561 10.527 10.517 10.530 10.565 10.623 10.704 10.808 10.935 11.085 11.257 11.382 11.447 11.489 11.510 11.509 11.487 11.443 11.377 11.289 11.179 11.048 10.895 10.915 11.049 11.203 11.380 11.578 11.797 12.038 12.300 12.584 12.890 13.217 13.565 14.110 14.751 15.423 16.127 16.862 17.629 18.428 19.258 20.119 21.012 21.588 22.083 21.848 21.474 21.151 20.879 20.656 20.485 20.363 20.292 20.271 20.301 20.381 20.511 20.237 19.882 19.512 19.129 18.731 18.318 17.891 17.450
9.201 9.399 9.551 9.625 9.649 9.696 9.765 9.858 9.973 10.111 10.272 10.455 10.662 10.891 11.143 11.295 11.284 11.251 11.196 11.120 11.022 10.902 10.761 10.597 10.412 10.206 9.977 9.957 10.166 10.396 10.647 10.920 11.214 11.530 11.868 12.227 12.607 13.009 13.432 14.039 14.789 15.571 16.157 16.711 17.248 17.769 18.273 18.762 19.234 19.690 20.130 20.118 19.920 19.772 19.674 19.627 19.630 19.684 19.788 19.942 20.146 20.401 20.706 20.511 20.107 19.687 19.254 18.806 18.344 17.867 17.377
8.604 8.640 8.630 8.610 8.714 8.840 8.989 9.161 9.356 9.574 9.815 10.078 10.364 10.673 11.005 11.232 11.145 11.036 10.906 10.754 10.581 10.385 10.168 9.929 9.669 9.387 9.083 8.979 9.262 9.567 9.893 10.241 10.610 11.001 11.412 11.772 12.104 12.410 12.689 13.080 13.627 14.157 14.670 15.168 15.649 16.114 16.562 16.995 17.411 17.810 18.194 18.341 18.318 18.345 18.422 18.550 18.728 18.956 19.235 19.564 19.943 20.372 20.852 20.799 20.345 19.876 19.393 18.895 18.383 17.857 17.317
8.059 7.934 7.762 7.571 7.754 7.961 8.190 8.441 8.716 9.013 9.333 9.676 10.042 10.431 10.842 11.192 11.029 10.845 10.639 10.412 10.163 9.892 9.599 9.285 8.949 8.592 8.212 7.993 8.447 8.874 9.275 9.649 9.996 10.316 10.609 10.876 11.116 11.329 11.515 11.780 12.270 12.744 13.201 13.643 14.068 14.477 14.869 15.246 15.606 15.949 16.277 16.517 16.668 16.870 17.122 17.424 17.777 18.180 18.633 19.137 19.691 20.295 20.949 21.101 20.597 20.078 19.545 18.998 18.436 17.861 17.271
7.565 7.279 6.946 6.567 6.771 7.057 7.366 7.697 8.051 8.428 8.828 9.251 9.696 10.164 10.655 11.169 10.937 10.677 10.396 10.093 9.778 9.491 9.206 8.924 8.644 8.367 8.092 7.868 8.229 8.564 8.871 9.152 9.406 9.634 9.834 10.008 10.156 10.276 10.370 10.497 10.931 11.349 11.751 12.136 12.505 12.858 13.194 13.515 13.819 14.107 14.378 14.645 14.971 15.347 15.774 16.251 16.778 17.356 17.984 18.662 19.390 20.169 20.997 21.416 20.862 20.294 19.711 19.114 18.503 17.878 17.238
7.123 6.676 6.182 5.642 5.765 6.130 6.518 6.929 7.363 7.820 8.299 8.801 9.326 9.884 10.456 11.007 10.847 10.558 10.272 9.988 9.707 9.429 9.153 8.879 8.608 8.340 8.074 7.810 8.039 8.281 8.495 8.684 8.845 8.980 9.088 9.169 9.224 9.252 9.253 9.233 9.611 9.973 10.318 10.647 10.960 11.257 11.538 11.802 12.050 12.282 12.498 12.725 13.226 13.777 14.378 15.030 15.732 16.484 17.286 18.138 19.041 19.994 20.997 21.744 21.141 20.523 19.891 19.244 18.583 17.908 17.219
6.733 6.125 5.470 4.769 4.734 5.179 5.731 6.378 7.004 7.608 8.192 8.754 9.295 9.815 10.313 10.791 10.738 10.459 10.181 9.906 9.634 9.364 9.096 8.832 8.569 8.310 8.052 7.798 7.877 8.026 8.148 8.243 8.312 8.354 8.370 8.359 8.321 8.256 8.165 8.047 8.308 8.614 8.904 9.177 9.434 9.675 9.900 10.108 10.300 10.476 10.636 10.779 11.433 12.159 12.935 13.760 14.637 15.563 16.540 17.566 18.643 19.770 20.948 22.086 21.433 20.765 20.084 19.388 18.677 17.953 17.214
6.537 5.970 5.443 4.957 4.990 5.605 6.200 6.773 7.325 7.856 8.366 8.854 9.322 9.768 10.193 10.597 10.627 10.356 10.087 9.821 9.558 9.296 9.038 8.782 8.528 8.277 8.028 7.782 7.742 7.799 7.828 7.831 7.808 7.757 7.680 7.576 7.446 7.289 7.105 6.895 7.024 7.273 7.507 7.724 7.926 8.111 8.279 8.432 8.568 8.688 8.792 8.880 9.593 10.493 11.443 12.443 13.494 14.594 15.745 16.946 18.197 19.498 20.850 22.251 21.739 21.004 20.109 19.274 18.498 17.783 17.128
6.839 6.412 6.027 5.682 5.627 6.169 6.690 7.190 7.669 8.126 8.562 8.977 9.371 9.744 10.096 10.426 10.514 10.251 9.991 9.734 9.479 9.226 8.977 8.729 8.484 8.242 8.002 7.765 7.636 7.600 7.537 7.447 7.331 7.188 7.019 6.822 6.599 6.350 6.074 5.771 5.757 5.951 6.128 6.290 6.435 6.564 6.677 6.774 6.854 6.919 6.967 6.999 7.705 8.780 9.904 11.078 12.303 13.578 14.899 16.197 17.448 18.652 19.809 20.919 20.544 19.797 19.109 18.481 17.914 17.407 16.959
7.095 6.810 6.566 6.362 6.287 6.756 7.203 7.629 8.034 8.418 8.781 9.123 9.443 9.743 10.021 10.278 10.398 10.144 9.893 9.644 9.398 9.154 8.913 8.674 8.438 8.204 7.973 7.745 7.557 7.429 7.273 7.091 6.882 6.647 6.385 6.097 5.781 5.439 5.071 4.676 4.508 4.646 4.768 4.873 4.963 5.036 5.093 5.134 5.159 5.167 5.159 5.198 6.104 7.522 8.892 10.216 11.493 12.722 13.905 15.041 16.130 17.173 18.168 19.116 19.073 18.533 18.053 17.633 17.273 16.973 16.733
7.306 7.162 7.059 6.996 6.974 7.364 7.738 8.091 8.423 8.733 9.023 9.291 9.538 9.764 9.969 10.153 10.280 10.034 9.792 9.552 9.314 9.079 8.847 8.617 8.389 8.164 7.942 7.722 7.507 7.285 7.038 6.763 6.462 6.134 5.780 5.399 4.992 4.557 4.097 3.609 3.277 3.359 3.425 3.475 3.569 3.817 4.072 4.333 4.600 4.874 5.153 5.440 6.128 7.384 8.592 9.754 10.869 11.937 12.958 13.932 14.860 15.740 16.574 17.361 17.546 17.214 16.942 16.729 16.576 16.484 16.451
7.472 7.469 7.507 7.586 7.705 7.995 8.296 8.575 8.833 9.070 9.286 9.481 9.655 9.808 9.940 10.050 10.139 9.922 9.688 9.457 9.228 9.002 8.778 8.557 8.338 8.122 7.908 7.697 7.484 7.170 6.830 6.463 6.070 5.650 5.203 4.730 4.230 3.752 3.351 2.945 2.633 2.878 3.129 3.386 3.650 3.921 4.197 4.480 4.769 5.065 5.367 5.675 6.198 7.291 8.338 9.338 10.291 11.197 12.057 12.870 13.635 14.354 15.026 15.652 15.964 15.839 15.774 15.769 15.823 15.938 16.112
7.593 7.732 7.910 8.130 8.390 8.648 8.875 9.081 9.266 9.430 9.573 9.694 9.795 9.874 9.933 9.970 9.986 9.807 9.582 9.360 9.139 8.922 8.707 8.494 8.284 8.076 7.871 7.669 7.469 7.083 6.677 6.295 5.907 5.515 5.116 4.713 4.304 3.889 3.470 3.044 2.620 2.887 3.160 3.439 3.725 4.017 4.316 4.621 4.932 5.249 5.573 5.903 6.313 7.245 8.130 8.968 9.760 10.505 11.202 11.853 12.458 13.015 13.526 13.990 14.326 14.408 14.550 14.752 15.014 15.336 15.717
7.670 7.949 8.269 8.629 9.029 9.323 9.477 9.610 9.721 9.812 9.881 9.930 9.957 9.963 9.949 9.913 9.856 9.690 9.474 9.260 9.048 8.839 8.633 8.444 8.276 8.115 7.961 7.814 7.675 7.347 6.952 6.551 6.145 5.733 5.316 4.893 4.466 4.032 3.593 3.149 2.700 2.889 3.184 3.486 3.794 4.108 4.428 4.755 5.088 5.427 5.773 6.125 6.484 7.245 7.968 8.645 9.275 9.858 10.394 10.884 11.327 11.723 12.072 12.375 12.632 12.922 13.271 13.680 14.149 14.677 15.266
7.701 8.121 8.582 9.083 9.624 10.020 10.101 10.160 10.199 10.216 10.212 10.188 10.142 10.075 9.987 9.878 9.751 9.595 9.408 9.228 9.056 8.891 8.733 8.583 8.439 8.303 8.174 8.053 7.938 7.647 7.232 6.813 6.388 5.957 5.521 5.080 4.633 4.181 3.723 3.260 2.791 2.885 3.202 3.526 3.855 4.191 4.534 4.883 5.238 5.599 5.966 6.340 6.721 7.290 7.852 8.367 8.836 9.258 9.633 9.961 10.242 10.477 10.665 10.806 10.901 11.379 11.936 12.551 13.227 13.963 14.758
7.688 8.249 8.850 9.491 10.173 10.740 10.747 10.733 10.699 10.570 10.414 10.268 10.132 10.006 9.890 9.785 9.690 9.576 9.414 9.260 9.113 8.972 8.840 8.714 8.596 8.484 8.380 8.283 8.194 7.952 7.518 7.080 6.636 6.186 5.731 5.271 4.805 4.334 3.858 3.376 2.889 2.875 3.214 3.559 3.911 4.269 4.633 5.004 5.381 5.764 6.153 6.549 6.951 7.381 7.782 8.136 8.443 8.703 8.917 9.084 9.204 9.278 9.305 9.285 9.218 9.782 10.545 11.367 12.250 13.192 14.194
7.630 8.332 8.996 9.635 10.265 10.837 10.675 10.524 10.382 10.251 10.130 10.019 9.918 9.828 9.748 9.677 9.618 9.550 9.413 9.284 9.161 9.046 8.938 8.837 8.744 8.658 8.578 8.507 8.442 8.262 7.810 7.352 6.889 6.421 5.947 5.468 4.984 4.494 3.998 3.497 2.991 2.858 3.219 3.586 3.960 4.340 4.726 5.118 5.517 5.922 6.334 6.751 7.175 7.518 7.758 7.950 8.096 8.196 8.248 8.254 8.213 8.126 7.991 7.810 7.583 8.128 9.098 10.127 11.216 12.369 13.507
7.255 7.881 8.499 9.108 9.709 10.301 10.239 10.123 10.017 9.921 9.835 9.760 9.694 9.639 9.594 9.559 9.535 9.516 9.404 9.300 9.202 9.112 9.029 8.953 8.885 8.823 8.769 8.722 8.682 8.578 8.107 7.630 7.148 6.661 6.168 5.670 5.167 4.658 4.144 3.624 3.099 2.835 3.217 3.607 4.002 4.404 4.812 5.226 5.647 6.074 6.507 6.947 7.393 7.701 7.779 7.811 7.796 7.734 7.625 7.470 7.268 7.019 6.834 6.683 6.541 7.121 8.274 9.400 10.498 11.570 12.613
6.828 7.424 8.013 8.592 9.163 9.725 9.793 9.712 9.641 9.580 9.530 9.490 9.460 9.440 9.430 9.430 9.441 9.461 9.388 9.308 9.236 9.170 9.112 9.061 9.018 8.981 8.952 8.930 8.915 8.899 8.409 7.913 7.413 6.907 6.395 5.878 5.356 4.828 4.295 3.757 3.213 2.805 3.210 3.621 4.038 4.462 4.892 5.328 5.770 6.219 6.674 7.136 7.604 7.930 7.847 7.667 7.481 7.305 7.138 6.981 6.834 6.697 6.569 6.450 6.342 6.724 7.783 8.815 9.820 10.797 11.746
6.410 6.977 7.536 8.085 8.626 9.159 9.336 9.290 9.255 9.229 9.214 9.209 9.214 9.229 9.255 9.291 9.336 9.392 9.364 9.309 9.261 9.221 9.188 9.162 9.143 9.131 9.127 9.129 9.139 9.157 8.716 8.202 7.682 7.158 6.627 6.092 5.550 5.004 4.452 3.895 3.332 2.769 3.195 3.628 4.067 4.513 4.965 5.423 5.818 6.192 6.553 6.902 7.238 7.492 7.320 7.158 7.006 6.863 6.730 6.606 6.493 6.388 6.294 6.209 6.134 6.354 7.319 8.257 9.167 10.050 10.906
6.003 6.540 7.069 7.589 8.100 8.603 8.868 8.858 8.858 8.868 8.888 8.918 8.958 9.009 9.069 9.140 9.221 9.312 9.332 9.302 9.279 9.264 9.256 9.254 9.260 9.274 9.294 9.322 9.356 9.398 9.029 8.496 7.958 7.414 6.865 6.310 5.750 5.185 4.614 4.038 3.457 2.857 3.134 3.540 3.934 4.315 4.683 5.039 5.382 5.712 6.030 6.335 6.628 6.908 6.770 6.641 6.522 6.413 6.313 6.223 6.142 6.071 6.010 5.959 5.917 6.010 6.881 7.725 8.542 9.331 10.093
5.605 6.113 6.612 7.102 7.584 8.056 8.390 8.415 8.450 8.495 8.551 8.616 8.691 8.777 8.873 8.979 9.095 9.221 9.293 9.288 9.290 9.299 9.316 9.339 9.370 9.408 9.454 9.506 9.566 9.632 9.347 8.795 8.238 7.676 7.059 6.446 5.838 5.234 4.635 4.041 3.452 2.867 2.971 3.334 3.684 4.022 4.347 4.659 4.959 5.246 5.520 5.782 6.031 6.268 6.210 6.115 6.029 5.953 5.887 5.830 5.783 5.745 5.718 5.699 5.691 5.692 6.470 7.220 7.942 8.638 9.306
5.218 5.695 6.165 6.625 7.077 7.520 7.902 7.962 8.032 8.112 8.203 8.303 8.414 8.535 8.666 8.807 8.959 9.120 9.246 9.266 9.293 9.327 9.368 9.417 9.473 9.535 9.603 9.605 9.616 9.636 9.386 8.770 8.159 7.553 6.951 6.354 5.762 5.175 4.592 4.014 3.441 2.873 2.822 3.141 3.448 3.742 4.023 4.292 4.548 4.792 5.023 5.242 5.447 5.641 5.642 5.580 5.528 5.485 5.452 5.428 5.415 5.410 5.416 5.431 5.456 5.490 6.084 6.741 7.370 7.971 8.546
