DATA/SHG/ECMWF/20170628/EN-40/20170703.en-40.asc
ncols        190
nrows        64
xllcorner    -5100000.000000000000
yllcorner    4130000.000000000000
cellsize     10000.000000000000
NODATA_value  -99999.000
[rows 32 to 63 of 64, columns 0 to 71 of 190]
5.584 5.356 5.275 5.197 5.107 5.005 4.891 4.766 4.629 4.481 4.320 4.149 3.965 3.770 3.623 3.468 3.302 3.125 2.936 2.735 2.524 2.301 2.066 1.820 1.563 1.294 1.348 1.409 1.472 1.536 1.603 1.671 1.740 1.812 1.885 1.960 2.036 2.115 2.199 2.286 2.375 2.467 2.561 2.657 2.756 2.856 2.960 3.137 3.361 3.603 3.853 4.098 4.337 4.570 4.798 5.020 5.237 5.447 5.652 5.852 6.045 6.242 6.507 6.755 6.987 7.202 7.400 7.581 7.745 7.893 8.024 8.138
6.583 6.392 6.265 6.146 6.014 5.871 5.717 5.551 5.373 5.183 4.982 4.769 4.544 4.308 4.112 3.917 3.711 3.493 3.265 3.024 2.773 2.510 2.235 1.949 1.652 1.344 1.347 1.414 1.483 1.553 1.626 1.700 1.775 1.853 1.932 2.013 2.096 2.180 2.272 2.367 2.507 2.673 2.855 3.054 3.270 3.502 3.751 4.016 4.298 4.597 4.834 5.059 5.278 5.491 5.699 5.901 6.098 6.289 6.474 6.653 6.827 6.995 7.200 7.390 7.563 7.719 7.859 7.982 8.088 8.177 8.250 8.306
7.569 7.415 7.266 7.106 6.934 6.750 6.554 6.347 6.128 5.897 5.655 5.401 5.136 4.858 4.612 4.377 4.131 3.874 3.605 3.325 3.033 2.731 2.416 2.091 1.753 1.405 1.344 1.417 1.492 1.569 1.647 1.727 1.809 1.939 2.067 2.188 2.303 2.410 2.566 2.756 2.963 3.187 3.427 3.684 3.957 4.247 4.554 4.877 5.217 5.573 5.818 6.023 6.223 6.416 6.604 6.787 6.963 7.134 7.300 7.459 7.613 7.762 7.908 8.040 8.155 8.253 8.334 8.398 8.446 8.477 8.491 8.489
8.542 8.426 8.279 8.078 7.864 7.640 7.403 7.155 6.895 6.623 6.340 6.045 5.739 5.421 5.124 4.849 4.563 4.266 3.958 3.638 3.306 2.963 2.609 2.244 1.867 1.482 1.425 1.578 1.723 1.862 1.993 2.118 2.235 2.346 2.450 2.546 2.636 2.719 2.890 3.138 3.403 3.684 3.982 4.297 4.628 4.975 5.340 5.721 6.118 6.532 6.808 6.993 7.172 7.346 7.514 7.677 7.834 7.985 8.130 8.270 8.404 8.533 8.632 8.705 8.761 8.801 8.824 8.830 8.820 8.793 8.749 8.688
9.502 9.423 9.304 9.061 8.807 8.541 8.264 7.974 7.674 7.361 7.037 6.701 6.354 5.995 5.647 5.333 5.007 4.670 4.321 3.971 3.633 3.306 2.992 2.689 2.398 2.119 2.009 2.137 2.258 2.372 2.480 2.580 2.673 2.759 2.839 2.911 2.977 3.035 3.196 3.502 3.824 4.163 4.519 4.891 5.280 5.686 6.108 6.546 7.001 7.473 7.801 7.966 8.126 8.280 8.428 8.571 8.708 8.839 8.965 9.085 9.199 9.308 9.371 9.385 9.384 9.365 9.330 9.278 9.209 9.123 9.021 8.902
10.449 10.407 10.340 10.056 9.761 9.454 9.136 8.806 8.464 8.111 7.746 7.351 6.906 6.452 6.011 5.655 5.311 4.978 4.657 4.348 4.051 3.766 3.492 3.231 2.981 2.743 2.599 2.703 2.800 2.890 2.973 3.048 3.117 3.179 3.234 3.283 3.324 3.358 3.484 3.848 4.228 4.625 5.039 5.469 5.915 6.378 6.858 7.354 7.867 8.396 8.799 8.944 9.084 9.218 9.347 9.470 9.587 9.698 9.804 9.904 9.999 10.088 10.125 10.081 10.021 9.944 9.851 9.741 9.614 9.470 9.309 9.132
11.383 11.378 11.383 11.063 10.694 10.276 9.849 9.415 8.973 8.524 8.067 7.602 7.130 6.650 6.170 5.855 5.552 5.260 4.980 4.713 4.457 4.212 3.980 3.760 3.551 3.354 3.196 3.276 3.348 3.414 3.472 3.524 3.568 3.606 3.637 3.660 3.677 3.687 3.756 4.177 4.615 5.070 5.541 6.028 6.533 7.053 7.591 8.144 8.715 9.302 9.801 9.927 10.047 10.161 10.270 10.373 10.470 10.562 10.648 10.728 10.803 10.872 10.894 10.792 10.674 10.539 10.387 10.219 10.034 9.832 9.766 9.827
12.007 11.967 11.942 11.580 11.142 10.696 10.243 9.782 9.313 8.837 8.353 7.862 7.362 6.856 6.341 6.042 5.780 5.529 5.291 5.064 4.849 4.646 4.455 4.275 4.108 3.952 3.808 3.855 3.903 3.944 3.978 4.005 4.026 4.039 4.046 4.045 4.038 4.023 4.010 4.489 4.985 5.497 6.026 6.571 7.133 7.711 8.306 8.917 9.545 10.189 10.807 10.913 11.013 11.108 11.197 11.280 11.358 11.430 11.496 11.557 11.612 11.661 11.678 11.571 11.515 11.493 11.503 11.546 11.622 11.731 11.873 12.048
12.319 12.333 12.362 12.063 11.598 11.125 10.645 10.157 9.661 9.158 8.648 8.129 7.603 7.069 6.528 6.216 5.995 5.786 5.588 5.403 5.229 5.067 4.917 4.778 4.652 4.537 4.434 4.440 4.464 4.481 4.491 4.494 4.490 4.479 4.461 4.436 4.405 4.366 4.320 4.784 5.337 5.906 6.493 7.096 7.715 8.351 9.003 9.672 10.357 11.059 11.778 11.904 11.984 12.059 12.128 12.192 12.213 12.246 12.306 12.394 12.509 12.651 12.820 12.845 12.903 12.995 13.119 13.276 13.467 13.690 13.946 14.236
12.613 12.681 12.764 12.553 12.061 11.562 11.055 10.540 10.018 9.488 8.950 8.405 7.852 7.291 6.723 6.377 6.197 6.029 5.873 5.728 5.596 5.475 5.365 5.268 5.182 5.109 5.047 5.032 5.032 5.024 5.010 4.989 4.960 4.925 4.883 4.834 4.778 4.715 4.646 5.061 5.671 6.299 6.943 7.603 8.280 8.973 9.683 10.409 11.152 11.805 12.425 12.522 12.513 12.532 12.577 12.650 12.750 12.878 13.033 13.215 13.424 13.661 13.925 14.085 14.258 14.463 14.702 14.973 15.278 15.615 15.986 16.389
12.890 13.012 13.148 13.051 12.533 12.006 11.472 10.931 10.382 9.825 9.260 8.688 8.108 7.521 6.926 6.526 6.387 6.260 6.145 6.041 5.949 5.869 5.801 5.745 5.700 5.667 5.646 5.630 5.606 5.574 5.536 5.490 5.438 5.378 5.312 5.239 5.159 5.072 4.977 5.321 5.989 6.674 7.364 8.038 8.698 9.341 9.969 10.582 11.179 11.761 12.327 12.558 12.644 12.757 12.897 13.065 13.260 13.482 13.732 14.008 14.312 14.644 15.002 15.292 15.579 15.899 16.251 16.637 17.055 17.507 17.991 18.508
13.150 13.325 13.516 13.557 13.012 12.459 11.898 11.330 10.753 10.170 9.579 8.980 8.373 7.759 7.137 6.662 6.564 6.478 6.404 6.341 6.290 6.251 6.224 6.209 6.205 6.213 6.233 6.235 6.186 6.131 6.068 5.998 5.921 5.838 5.748 5.682 5.616 5.552 5.489 5.755 6.422 7.074 7.711 8.331 8.937 9.527 10.101 10.660 11.203 11.731 12.243 12.567 12.748 12.956 13.191 13.453 13.742 14.059 14.403 14.774 15.173 15.598 16.052 16.466 16.867 17.300 17.767 18.266 18.799 19.364 19.963 20.594
13.392 13.621 13.865 14.071 13.499 12.919 12.331 11.736 11.133 10.523 9.905 9.279 8.646 8.005 7.356 6.785 6.728 6.683 6.650 6.628 6.618 6.620 6.634 6.659 6.697 6.746 6.806 6.847 6.776 6.707 6.639 6.571 6.505 6.440 6.377 6.314 6.252 6.192 6.132 6.278 6.892 7.490 8.072 8.640 9.191 9.727 10.248 10.753 11.243 11.717 12.175 12.549 12.825 13.127 13.456 13.813 14.197 14.608 15.047 15.513 16.006 16.526 17.073 17.606 18.121 18.669 19.249 19.863 20.509 21.188 21.900 22.646
13.617 13.899 14.197 14.511 13.994 13.387 12.773 12.151 11.521 10.884 10.239 9.587 8.927 8.259 7.584 6.901 6.880 6.875 6.883 6.902 6.943 7.020 7.096 7.171 7.244 7.316 7.388 7.447 7.381 7.315 7.250 7.187 7.125 7.063 7.003 6.944 6.886 6.829 6.774 6.816 7.376 7.921 8.449 8.963 9.461 9.943 10.410 10.861 11.297 11.718 12.122 12.505 12.874 13.271 13.695 14.146 14.625 15.130 15.663 16.224 16.811 17.426 18.067 18.714 19.342 20.004 20.698 21.426 22.186 22.979 23.805 24.664
13.824 14.160 14.512 14.880 14.497 13.863 13.222 12.574 11.917 11.253 10.582 9.902 9.216 8.532 7.888 7.276 7.248 7.326 7.402 7.478 7.552 7.625 7.696 7.767 7.836 7.904 7.971 8.037 7.983 7.921 7.860 7.801 7.742 7.684 7.628 7.573 7.518 7.465 7.413 7.369 7.876 8.366 8.841 9.301 9.745 10.174 10.587 10.985 11.367 11.734 12.085 12.433 12.897 13.388 13.907 14.452 15.025 15.625 16.253 16.907 17.589 18.298 19.034 19.788 20.530 21.306 22.114 22.955 23.829 24.736 25.675 26.648
14.014 14.404 14.810 15.231 15.008 14.348 13.630 12.872 12.147 11.454 10.793 10.164 9.568 9.003 8.471 7.971 7.875 7.948 8.020 8.091 8.161 8.230 8.297 8.363 8.429 8.492 8.555 8.617 8.584 8.526 8.468 8.412 8.358 8.304 8.251 8.199 8.149 8.099 8.051 8.004 8.390 8.827 9.248 9.654 10.045 10.420 10.780 11.124 11.452 11.765 12.063 12.345 12.892 13.478 14.091 14.731 15.398 16.093 16.814 17.563 18.339 19.142 19.973 20.829 21.685 22.574 23.496 24.451 25.438 26.459 27.512 28.598
14.220 14.553 14.797 14.953 14.672 13.962 13.284 12.639 12.025 11.444 10.895 10.378 9.893 9.440 9.019 8.631 8.501 8.570 8.638 8.705 8.771 8.835 8.899 8.961 9.022 9.081 9.140 9.197 9.183 9.128 9.075 9.022 8.971 8.921 8.872 8.824 8.777 8.731 8.687 8.643 8.919 9.303 9.671 10.023 10.360 10.681 10.987 11.278 11.553 11.812 12.056 12.285 12.861 13.541 14.248 14.983 15.744 16.533 17.349 18.192 19.062 19.959 20.884 21.836 22.807 23.776 24.398 24.989 25.550 26.080 26.579 27.048
14.596 14.622 14.560 14.410 14.069 13.471 12.905 12.371 11.869 11.399 10.962 10.556 10.183 9.842 9.533 9.256 9.128 9.193 9.257 9.320 9.381 9.441 9.501 9.558 9.615 9.671 9.725 9.778 9.780 9.729 9.679 9.630 9.583 9.536 9.491 9.447 9.404 9.362 9.321 9.281 9.464 9.793 10.108 10.406 10.690 10.958 11.210 11.447 11.668 11.874 12.065 12.240 12.803 13.577 14.379 15.207 16.063 16.946 17.829 18.550 19.248 19.923 20.574 21.203 21.786 22.333 22.849 23.335 23.790 24.215 24.609 24.973
15.069 14.789 14.421 13.965 13.431 12.945 12.490 12.068 11.678 11.320 10.994 10.700 10.438 10.208 10.011 9.845 9.756 9.817 9.876 9.935 9.992 10.048 10.103 10.157 10.209 10.260 10.310 10.359 10.375 10.328 10.282 10.237 10.193 10.150 10.108 10.068 10.028 9.990 9.953 9.917 10.023 10.299 10.560 10.805 11.035 11.249 11.448 11.631 11.799 11.952 12.089 12.205 12.678 13.459 14.216 14.950 15.661 16.349 17.014 17.655 18.273 18.868 19.439 19.988 20.478 20.920 21.331 21.712 22.062 22.382 22.671 22.929
15.638 15.052 14.378 13.616 12.766 12.385 12.042 11.731 11.452 11.206 10.991 10.809 10.659 10.540 10.454 10.400 10.384 10.441 10.496 10.550 10.603 10.655 10.706 10.755 10.804 10.851 10.897 10.941 10.968 10.925 10.882 10.841 10.801 10.762 10.724 10.687 10.651 10.617 10.583 10.551 10.597 10.820 11.027 11.218 11.363 11.426 11.499 11.581 11.673 11.774 11.885 12.005 12.367 13.068 13.745 14.399 15.030 15.637 16.222 16.783 17.321 17.836 18.328 18.796 19.201 19.538 19.844 20.119 20.365 20.579 20.763 20.917
16.303 15.412 14.432 13.364 12.209 11.790 11.559 11.360 11.193 11.057 10.954 10.883 10.844 10.838 10.863 10.920 11.009 11.065 11.116 11.166 11.215 11.263 11.309 11.355 11.399 11.442 11.483 11.524 11.560 11.520 11.481 11.444 11.407 11.372 11.337 11.304 11.272 11.193 11.011 10.810 10.633 10.691 10.759 10.836 10.923 11.019 11.125 11.240 11.365 11.499 11.642 11.795 12.079 12.699 13.297 13.871 14.421 14.949 15.454 15.935 16.393 16.828 17.240 17.628 17.955 18.187 18.388 18.558 18.698 18.808 18.887 18.935
17.065 15.868 14.582 13.209 11.749 11.162 11.042 10.954 10.898 10.875 10.883 10.923 10.996 11.100 11.237 11.405 11.606 11.690 11.737 11.783 11.827 11.871 11.913 11.954 11.994 12.033 12.070 12.107 12.142 12.113 12.050 11.936 11.802 11.650 11.478 11.288 11.078 10.849 10.602 10.335 10.052 10.144 10.244 10.354 10.474 10.603 10.742 10.890 11.047 11.214 11.391 11.576 11.814 12.354 12.871 13.366 13.836 14.284 14.709 15.110 15.488 15.843 16.175 16.484 16.740 16.866 16.962 17.028 17.063 17.067 17.041 16.985
17.923 16.420 14.829 13.151 11.385 10.499 10.491 10.514 10.570 10.657 10.777 10.928 11.112 11.328 11.575 11.855 12.167 12.315 12.358 12.400 12.440 12.480 12.518 12.525 12.505 12.489 12.476 12.466 12.460 12.350 12.189 12.008 11.809 11.590 11.353 11.096 10.821 10.526 10.212 9.880 9.528 9.587 9.720 9.863 10.016 10.178 10.349 10.530 10.721 10.920 11.130 11.349 11.577 12.032 12.469 12.884 13.275 13.643 13.987 14.309 14.607 14.882 15.134 15.363 15.555 15.576 15.567 15.528 15.458 15.358 15.227 15.066
18.876 17.068 15.173 13.190 11.119 9.802 9.905 10.040 10.207 10.405 10.636 10.899 11.194 11.521 11.879 12.270 12.662 12.826 12.797 12.773 12.751 12.733 12.718 12.707 12.699 12.694 12.693 12.694 12.700 12.574 12.347 12.101 11.835 11.551 11.247 10.925 10.583 10.222 9.843 9.444 9.027 9.021 9.188 9.364 9.549 9.744 9.948 10.162 10.385 10.618 10.860 11.111 11.373 11.733 12.091 12.425 12.736 13.024 13.289 13.531 13.749 13.945 14.117 14.266 14.392 14.317 14.203 14.059 13.884 13.679 13.444 13.178
19.926 17.813 15.613 13.325 10.949 9.071 9.285 9.531 9.809 10.289 10.809 11.276 11.692 12.055 12.367 12.626 12.833 12.935 12.919 12.905 12.895 12.889 12.886 12.886 12.889 12.896 12.906 12.919 12.936 12.818 12.525 12.212 11.881 11.531 11.161 10.773 10.365 9.939 9.493 9.029 8.545 8.447 8.646 8.855 9.073 9.301 9.538 9.784 10.040 10.306 10.581 10.865 11.159 11.457 11.735 11.989 12.221 12.429 12.614 12.776 12.915 13.031 13.123 13.193 13.239 13.088 12.870 12.621 12.341 12.031 11.691 11.320
21.071 18.654 16.321 14.074 11.877 9.903 10.450 10.945 11.388 11.779 12.118 12.405 12.640 12.823 12.954 13.032 13.059 13.041 13.036 13.034 13.036 13.041 13.049 13.061 13.075 13.094 13.115 13.140 13.168 13.082 12.722 12.344 11.947 11.530 11.095 10.641 10.167 9.675 9.164 8.633 8.084 7.863 8.095 8.337 8.588 8.848 9.118 9.398 9.687 9.985 10.293 10.610 10.937 11.204 11.402 11.577 11.729 11.857 11.962 12.045 12.104 12.140 12.153 12.143 12.109 11.891 11.567 11.213 10.829 10.671 10.615 10.581
22.743 20.569 18.446 16.373 14.351 12.380 12.536 12.851 13.113 13.324 13.482 13.588 13.643 13.645 13.596 13.494 13.340 13.143 13.150 13.160 13.173 13.189 13.209 13.232 13.258 13.288 13.321 13.357 13.397 13.365 12.939 12.495 12.032 11.550 11.049 10.528 9.989 9.431 8.854 8.258 7.642 7.271 7.536 7.810 8.094 8.387 8.690 9.002 9.324 9.655 9.995 10.345 10.705 10.974 11.093 11.188 11.259 11.308 11.334 11.337 11.316 11.272 11.326 11.438 11.580 11.609 11.540 11.494 11.470 11.468 11.488 11.531
24.459 22.461 20.512 18.615 16.768 14.972 14.677 14.811 14.893 14.922 14.900 14.826 14.700 14.523 14.293 14.011 13.677 13.291 13.260 13.281 13.306 13.334 13.365 13.399 13.437 13.478 13.523 13.571 13.622 13.667 13.176 12.666 12.137 11.589 11.022 10.436 9.831 9.207 8.564 7.902 7.221 6.669 6.967 7.274 7.591 7.917 8.253 8.597 8.952 9.316 9.689 10.072 10.464 10.768 10.806 10.788 10.789 10.821 10.885 10.979 11.105 11.262 11.450 11.669 11.919 12.078 12.086 12.116 12.168 12.243 12.339 12.458
26.119 24.295 22.522 20.799 19.127 17.505 16.871 16.825 16.726 16.576 16.373 16.119 15.813 15.455 15.044 14.582 14.068 13.502 13.366 13.399 13.435 13.474 13.517 13.563 13.613 13.665 13.721 13.780 13.843 13.909 13.432 12.856 12.261 11.647 11.015 10.363 9.692 9.002 8.294 7.566 6.819 6.059 6.389 6.729 7.079 7.438 7.806 8.184 8.550 8.893 9.213 9.509 9.783 10.005 10.052 10.129 10.238 10.378 10.549 10.751 10.984 11.248 11.543 11.869 12.227 12.525 12.610 12.716 12.845 12.995 13.168 13.363
27.721 26.072 24.473 22.925 21.428 19.981 19.119 18.893 18.614 18.283 17.901 17.466 16.980 16.441 15.851 15.209 14.515 13.769 13.469 13.513 13.561 13.612 13.666 13.723 13.784 13.848 13.916 13.987 14.061 14.138 13.708 13.066 12.405 11.726 11.027 10.310 9.573 8.818 8.043 7.250 6.438 5.686 5.948 6.349 6.727 7.082 7.415 7.724 8.011 8.275 8.516 8.734 8.930 9.102 9.256 9.441 9.657 9.904 10.183 10.492 10.832 11.204 11.606 12.040 12.505 12.951 13.112 13.294 13.499 13.726 13.975 14.247
29.266 27.792 26.368 24.994 23.671 22.399 21.422 21.015 20.556 20.045 19.482 18.868 18.201 17.483 16.713 15.891 15.017 14.091 13.568 13.624 13.683 13.745 13.811 13.880 13.952 14.028 14.107 14.189 14.274 14.363 14.003 13.295 12.569 11.823 11.014 10.221 9.446 8.690 7.952 7.232 6.531 5.848 5.904 6.227 6.526 6.802 7.056 7.287 7.495 7.680 7.843 7.982 8.099 8.193 8.431 8.723 9.047 9.401 9.787 10.203 10.651 11.130 11.639 12.180 12.752 13.355 13.592 13.851 14.132 14.435 14.761 15.108
30.754 29.454 28.205 27.006 25.857 24.760 23.778 23.191 22.552 21.861 21.118 20.324 19.477 18.579 17.629 16.627 15.573 14.468 13.664 13.731 13.801 13.875 13.952 14.033 14.116 14.203 14.289 14.252 14.217 14.185 13.818 13.015 12.230 11.464 10.715 9.986 9.274 8.581 7.906 7.250 6.612 5.992 5.884 6.127 6.348 6.546 6.721 6.873 7.003 7.109 7.193 7.254 7.292 7.307 7.576 7.976 8.406 8.868 9.361 9.885 10.439 11.025 11.642 12.290 12.969 13.679 14.050 14.385 14.743 15.122 15.524 15.948
