DATA/SHG/ECMWF/20170628/EN-40/20170708.en-40.asc
ncols        190
nrows        64
xllcorner    -5100000.000000000000
yllcorner    4130000.000000000000
cellsize     10000.000000000000
NODATA_value  -99999.000
[rows 0 to 32 of 64, columns 74 to 147 of 190]
6.333 6.101 5.854 5.589 5.309 5.012 4.699 4.454 4.441 4.449 4.454 4.455 4.453 4.447 4.438 4.424 4.408 4.387 4.364 4.312 4.166 4.006 3.839 3.665 3.484 3.296 3.101 2.899 2.690 2.474 2.250 2.058 1.985 1.910 1.834 1.755 1.675 1.593 1.509 1.423 1.335 1.245 1.154 1.073 1.035 0.998 0.963 0.931 0.899 0.870 0.843 0.818 0.794 0.772 0.752 0.774 0.915 1.061 1.211 1.366 1.525 1.689 1.857 2.030 2.207 2.389 2.575 2.803 3.143 3.491 3.845 4.208 4.577 4.955
6.840 6.506 6.182 5.886 5.618 5.377 5.165 5.010 5.010 5.005 4.998 4.986 4.971 4.952 4.930 4.904 4.875 4.842 4.806 4.753 4.575 4.384 4.185 3.979 3.767 3.547 3.320 3.087 2.846 2.598 2.343 2.102 2.021 1.938 1.853 1.766 1.677 1.587 1.494 1.400 1.303 1.205 1.105 1.012 0.982 0.954 0.927 0.903 0.880 0.859 0.840 0.823 0.808 0.794 0.783 0.796 0.958 1.124 1.294 1.469 1.648 1.832 2.020 2.213 2.411 2.612 2.819 3.053 3.427 3.807 4.195 4.591 4.994 5.404
6.790 6.536 6.309 6.110 5.939 5.795 5.679 5.594 5.581 5.564 5.543 5.519 5.491 5.460 5.425 5.387 5.345 5.299 5.250 5.198 4.992 4.769 4.538 4.301 4.057 3.806 3.547 3.282 3.010 2.730 2.444 2.150 2.059 1.967 1.874 1.779 1.681 1.582 1.481 1.379 1.274 1.167 1.059 0.949 0.927 0.907 0.889 0.873 0.859 0.846 0.835 0.826 0.819 0.814 0.811 0.814 0.996 1.182 1.372 1.567 1.767 1.970 2.179 2.392 2.609 2.831 3.058 3.293 3.676 4.040 4.387 4.715 5.026 5.318
6.698 6.540 6.410 6.308 6.234 6.187 6.168 6.176 6.154 6.125 6.091 6.055 6.014 5.971 5.923 5.872 5.817 5.759 5.698 5.632 5.416 5.161 4.899 4.630 4.354 4.072 3.782 3.485 3.181 2.870 2.552 2.227 2.099 1.999 1.897 1.793 1.688 1.580 1.471 1.360 1.246 1.131 1.015 0.896 0.871 0.859 0.849 0.841 0.835 0.831 0.829 0.828 0.829 0.833 0.838 0.845 1.029 1.235 1.450 1.673 1.897 2.122 2.348 2.576 2.806 3.037 3.269 3.502 3.799 4.083 4.349 4.598 4.828 5.040
6.579 6.518 6.485 6.480 6.502 6.552 6.630 6.735 6.730 6.688 6.642 6.593 6.540 6.483 6.423 6.360 6.292 6.222 6.147 6.069 5.847 5.561 5.267 4.967 4.660 4.345 4.024 3.695 3.360 3.017 2.668 2.311 2.141 2.032 1.922 1.810 1.696 1.580 1.462 1.343 1.221 1.098 0.972 0.845 0.812 0.809 0.807 0.808 0.810 0.835 0.873 0.905 0.932 0.952 0.966 0.975 1.155 1.381 1.608 1.837 2.067 2.298 2.531 2.765 3.001 3.238 3.477 3.716 3.940 4.144 4.330 4.498 4.648 4.779
6.434 6.471 6.534 6.626 6.745 6.891 7.066 7.268 7.308 7.254 7.195 7.133 7.068 6.999 6.926 6.850 6.770 6.687 6.600 6.509 6.286 5.968 5.643 5.311 4.972 4.626 4.273 3.913 3.546 3.172 2.791 2.403 2.185 2.068 1.949 1.829 1.706 1.582 1.456 1.328 1.228 1.151 1.079 1.011 1.018 1.059 1.095 1.124 1.148 1.165 1.177 1.183 1.183 1.177 1.165 1.148 1.298 1.530 1.764 1.999 2.235 2.473 2.712 2.953 3.195 3.438 3.683 3.929 4.099 4.223 4.329 4.416 4.486 4.537
6.264 6.397 6.558 6.746 6.961 7.205 7.475 7.774 7.889 7.822 7.751 7.676 7.598 7.517 7.431 7.343 7.250 7.154 7.055 6.952 6.732 6.383 6.026 5.663 5.292 4.915 4.530 4.139 3.740 3.335 2.923 2.518 2.274 2.183 2.096 2.013 1.934 1.859 1.789 1.722 1.660 1.601 1.547 1.497 1.486 1.500 1.509 1.513 1.510 1.501 1.487 1.466 1.440 1.408 1.370 1.326 1.440 1.678 1.918 2.159 2.402 2.646 2.891 3.138 3.386 3.636 3.887 4.139 4.276 4.319 4.345 4.352 4.342 4.313
6.069 6.298 6.555 6.840 7.152 7.492 7.859 8.254 8.473 8.393 8.309 8.222 8.131 8.037 7.939 7.838 7.733 7.624 7.512 7.397 7.186 6.805 6.413 6.019 5.623 5.227 4.830 4.432 4.033 3.633 3.233 2.831 2.555 2.482 2.413 2.348 2.288 2.231 2.179 2.130 2.086 2.046 2.010 1.978 1.959 1.947 1.930 1.907 1.878 1.843 1.802 1.755 1.703 1.645 1.580 1.510 1.580 1.824 2.070 2.318 2.567 2.817 3.069 3.322 3.576 3.832 4.090 4.348 4.470 4.434 4.379 4.306 4.216 4.107
5.847 6.173 6.527 6.908 7.316 7.753 8.216 8.708 9.058 8.966 8.870 8.770 8.667 8.560 8.432 8.249 8.085 7.942 7.819 7.716 7.558 7.161 6.763 6.365 5.965 5.565 5.164 4.762 4.359 3.955 3.550 3.145 2.831 2.776 2.725 2.679 2.636 2.598 2.564 2.534 2.508 2.486 2.468 2.455 2.437 2.400 2.356 2.307 2.251 2.190 2.123 2.050 1.972 1.887 1.797 1.700 1.718 1.969 2.221 2.475 2.730 2.987 3.245 3.504 3.765 4.027 4.290 4.555 4.682 4.566 4.431 4.278 4.108 3.919
5.600 6.023 6.473 6.950 7.455 7.988 8.548 9.093 9.440 9.205 8.991 8.797 8.623 8.470 8.336 8.223 8.130 8.057 8.005 7.972 7.916 7.515 7.114 6.711 6.308 5.903 5.498 5.092 4.685 4.277 3.869 3.459 3.102 3.065 3.033 3.005 2.980 2.960 2.944 2.932 2.925 2.921 2.921 2.926 2.921 2.858 2.788 2.712 2.631 2.543 2.450 2.351 2.246 2.135 2.019 1.896 1.854 2.112 2.370 2.630 2.892 3.154 3.419 3.684 3.951 4.220 4.489 4.761 4.912 4.715 4.501 4.268 4.018 3.749
5.363 5.917 6.440 6.931 7.390 7.818 8.213 8.577 8.903 8.739 8.595 8.472 8.368 8.285 8.222 8.180 8.157 8.155 8.173 8.211 8.264 7.870 7.465 7.058 6.651 6.242 5.833 5.423 5.012 4.600 4.188 3.774 3.368 3.350 3.335 3.325 3.319 3.317 3.320 3.326 3.336 3.351 3.369 3.392 3.411 3.321 3.225 3.123 3.016 2.902 2.783 2.657 2.526 2.389 2.246 2.098 1.989 2.253 2.518 2.784 3.051 3.321 3.591 3.863 4.136 4.411 4.687 4.964 5.159 4.883 4.588 4.276 3.946 3.597
5.654 6.098 6.509 6.889 7.237 7.554 7.838 8.091 8.312 8.254 8.181 8.128 8.096 8.083 8.090 8.118 8.166 8.234 8.322 8.430 8.555 8.226 7.816 7.406 6.994 6.582 6.169 5.754 5.340 4.924 4.507 4.090 3.671 3.629 3.633 3.641 3.653 3.670 3.690 3.715 3.743 3.776 3.812 3.853 3.898 3.790 3.668 3.540 3.406 3.267 3.121 2.970 2.812 2.649 2.480 2.305 2.125 2.392 2.663 2.936 3.210 3.485 3.762 4.040 4.319 4.600 4.882 5.175 5.443 5.124 4.807 4.491 4.177 3.865
5.975 6.307 6.608 6.877 7.114 7.320 7.493 7.635 7.745 7.752 7.750 7.767 7.805 7.862 7.940 8.038 8.156 8.295 8.453 8.632 8.827 8.582 8.168 7.754 7.338 6.922 6.505 6.087 5.668 5.248 4.827 4.406 3.983 3.904 3.926 3.952 3.983 4.017 4.056 4.098 4.145 4.196 4.250 4.309 4.372 4.265 4.117 3.963 3.803 3.637 3.465 3.287 3.104 2.915 2.720 2.519 2.312 2.530 2.846 3.197 3.535 3.861 4.175 4.476 4.765 5.041 5.305 5.557 5.796 5.521 5.211 4.902 4.595 4.290
6.325 6.546 6.736 6.894 7.021 7.115 7.178 7.209 7.209 7.233 7.300 7.388 7.496 7.624 7.772 7.940 8.129 8.337 8.566 8.815 9.080 8.939 8.521 8.102 7.683 7.263 6.841 6.419 5.996 5.573 5.148 4.722 4.296 4.174 4.214 4.258 4.307 4.359 4.416 4.477 4.542 4.611 4.684 4.761 4.842 4.745 4.571 4.391 4.204 4.016 3.844 3.690 3.554 3.437 3.338 3.258 3.196 3.428 3.736 4.032 4.315 4.586 4.844 5.090 5.324 5.545 5.753 5.950 6.134 5.915 5.612 5.311 5.011 4.713
6.704 6.815 6.894 6.941 6.957 6.941 6.893 6.813 6.702 6.695 6.833 6.991 7.169 7.367 7.586 7.824 8.083 8.361 8.660 8.979 9.315 9.296 8.874 8.452 8.028 7.604 7.179 6.753 6.326 5.898 5.469 5.040 4.609 4.438 4.497 4.560 4.626 4.697 4.772 4.851 4.916 4.964 5.009 5.051 5.090 4.999 4.835 4.689 4.562 4.453 4.362 4.290 4.235 4.200 4.182 4.183 4.202 4.385 4.638 4.878 5.106 5.322 5.525 5.716 5.894 6.060 6.214 6.355 6.484 6.307 6.011 5.717 5.425 5.133
7.112 7.112 7.081 7.017 6.922 6.796 6.637 6.447 6.225 6.139 6.348 6.576 6.824 7.093 7.381 7.690 8.019 8.368 8.736 9.125 9.532 9.654 9.228 8.802 8.374 7.946 7.517 7.087 6.656 6.224 5.791 5.349 4.907 4.676 4.731 4.784 4.833 4.880 4.923 4.964 5.002 5.037 5.069 5.097 5.123 5.090 5.008 4.943 4.897 4.870 4.860 4.869 4.896 4.942 5.006 5.088 5.189 5.353 5.551 5.736 5.909 6.069 6.217 6.353 6.476 6.587 6.686 6.772 6.845 6.698 6.409 6.122 5.836 5.552
7.550 7.439 7.297 7.123 6.917 6.680 6.411 6.111 5.779 5.566 5.845 6.143 6.462 6.800 7.159 7.538 7.937 8.355 8.794 9.253 9.731 10.013 9.545 9.057 8.579 8.110 7.652 7.205 6.767 6.340 5.922 5.515 5.118 4.856 4.898 4.938 4.974 5.008 5.038 5.066 5.090 5.112 5.131 5.147 5.160 5.162 5.160 5.178 5.213 5.267 5.339 5.429 5.538 5.664 5.810 5.973 6.155 6.332 6.475 6.605 6.723 6.828 6.921 7.002 7.070 7.126 7.169 7.200 7.219 7.086 6.804 6.524 6.246 5.969
8.016 7.795 7.542 7.258 6.942 6.594 6.215 5.804 5.361 4.976 5.324 5.693 6.081 6.490 6.919 7.353 7.781 8.202 8.615 9.021 9.428 9.747 9.294 8.850 8.417 7.994 7.581 7.179 6.786 6.404 6.032 5.670 5.318 5.039 5.068 5.094 5.118 5.138 5.156 5.170 5.182 5.191 5.196 5.199 5.199 5.214 5.294 5.392 5.509 5.644 5.797 5.969 6.159 6.367 6.593 6.838 7.101 7.323 7.411 7.486 7.548 7.599 7.637 7.662 7.676 7.676 7.665 7.641 7.605 7.472 7.197 6.924 6.653 6.383
8.512 8.180 7.817 7.422 6.996 6.538 6.048 5.531 5.029 4.540 4.964 5.403 5.834 6.259 6.676 7.086 7.489 7.885 8.275 8.657 9.038 9.420 9.031 8.633 8.245 7.867 7.499 7.142 6.794 6.457 6.130 5.813 5.506 5.225 5.241 5.254 5.264 5.272 5.276 5.278 5.276 5.272 5.265 5.255 5.242 5.246 5.407 5.587 5.785 6.001 6.236 6.489 6.760 7.049 7.357 7.683 8.027 8.326 8.358 8.378 8.386 8.381 8.364 8.335 8.293 8.239 8.172 8.093 8.002 7.856 7.588 7.322 7.058 6.796
9.000 8.453 7.919 7.398 6.889 6.393 5.910 5.439 4.981 4.536 4.826 5.240 5.647 6.047 6.440 6.826 7.204 7.576 7.941 8.298 8.656 9.013 8.757 8.404 8.061 7.729 7.406 7.094 6.791 6.499 6.217 5.945 5.683 5.432 5.417 5.417 5.414 5.408 5.400 5.388 5.374 5.357 5.336 5.313 5.287 5.259 5.502 5.762 6.042 6.339 6.655 6.989 7.341 7.712 8.100 8.507 8.933 9.339 9.317 9.282 9.234 9.175 9.103 9.018 8.922 8.813 8.691 8.557 8.411 8.238 7.977 7.719 7.461 7.206
8.588 8.085 7.595 7.118 6.653 6.201 5.762 5.335 4.921 4.520 4.694 5.083 5.466 5.842 6.210 6.572 6.926 7.273 7.614 7.947 8.280 8.613 8.473 8.165 7.867 7.579 7.302 7.034 6.777 6.530 6.293 6.066 5.849 5.642 5.595 5.583 5.567 5.548 5.527 5.502 5.475 5.444 5.411 5.375 5.336 5.294 5.576 5.918 6.279 6.657 7.054 7.469 7.902 8.354 8.824 9.312 9.818 10.343 10.287 10.197 10.094 9.980 9.853 9.714 9.562 9.398 9.222 9.033 8.812 8.542 8.452 8.543 8.815 9.267
8.164 7.705 7.260 6.826 6.406 5.998 5.603 5.220 4.850 4.493 4.568 4.934 5.292 5.643 5.987 6.324 6.654 6.977 7.293 7.602 7.910 8.219 8.177 7.914 7.661 7.419 7.186 6.964 6.751 6.549 6.357 6.175 6.004 5.842 5.777 5.751 5.722 5.691 5.656 5.619 5.578 5.535 5.489 5.439 5.387 5.332 5.631 6.055 6.496 6.956 7.433 7.930 8.444 8.977 9.527 10.097 10.684 11.289 11.268 11.136 10.999 10.831 10.634 10.406 10.148 9.861 9.543 9.196 8.818 8.411 9.051 9.941 11.011 12.261
7.729 7.315 6.913 6.524 6.147 5.783 5.432 5.093 4.767 4.454 4.449 4.790 5.124 5.451 5.771 6.083 6.389 6.688 6.980 7.264 7.548 7.832 7.871 7.653 7.445 7.247 7.060 6.882 6.715 6.558 6.411 6.274 6.147 6.030 5.962 5.923 5.881 5.836 5.789 5.738 5.685 5.628 5.569 5.507 5.442 5.374 5.667 6.171 6.694 7.234 7.805 8.415 9.048 9.705 10.386 11.089 11.817 12.568 12.611 12.371 12.100 11.799 11.468 11.108 10.717 10.296 9.846 9.365 8.855 8.314 9.469 11.158 13.026 15.075
7.283 6.913 6.555 6.210 5.877 5.557 5.250 4.955 4.673 4.404 4.337 4.653 4.963 5.265 5.561 5.849 6.131 6.405 6.673 6.933 7.192 7.451 7.553 7.380 7.217 7.065 6.922 6.790 6.667 6.555 6.453 6.361 6.279 6.207 6.149 6.097 6.043 5.985 5.924 5.861 5.794 5.742 5.704 5.652 5.586 5.505 5.783 6.403 7.047 7.714 8.405 9.119 9.857 10.618 11.402 12.210 13.041 13.896 14.008 13.634 13.230 12.797 12.333 11.839 11.315 10.762 10.178 9.565 8.921 8.248 9.709 12.195 14.861 17.707
6.826 6.499 6.186 5.884 5.596 5.320 5.056 4.806 4.568 4.342 4.231 4.523 4.808 5.086 5.358 5.622 5.879 6.129 6.372 6.608 6.843 7.078 7.225 7.097 6.979 6.871 6.773 6.686 6.608 6.541 6.484 6.436 6.427 6.483 6.540 6.539 6.524 6.495 6.451 6.393 6.320 6.233 6.132 6.015 5.885 5.740 5.941 6.666 7.413 8.185 8.979 9.798 10.639 11.504 12.393 13.304 14.240 15.198 15.434 14.927 14.390 13.823 13.227 12.600 11.943 11.257 10.540 9.794 9.018 8.212 9.768 13.052 16.515 20.158
6.358 6.075 5.805 5.548 5.303 5.071 4.852 4.645 4.451 4.269 4.131 4.399 4.660 4.914 5.161 5.401 5.634 5.859 6.078 6.290 6.501 6.711 6.886 6.800 6.731 6.690 6.676 6.689 6.730 6.798 6.894 7.017 7.167 7.345 7.496 7.431 7.352 7.258 7.150 7.028 6.891 6.740 6.574 6.394 6.199 5.990 6.074 6.903 7.755 8.630 9.529 10.451 11.396 12.365 13.357 14.373 15.412 16.475 16.888 16.248 15.579 14.879 14.150 13.390 12.601 11.781 10.932 10.053 9.144 8.205 9.649 13.729 17.988 22.428
5.878 5.640 5.414 5.200 4.999 4.811 4.636 4.473 4.322 4.185 4.059 4.282 4.519 4.748 4.971 5.182 5.361 5.536 5.706 5.872 6.042 6.216 6.387 6.416 6.469 6.549 6.657 6.792 6.954 7.143 7.360 7.605 7.876 8.175 8.466 8.337 8.194 8.036 7.864 7.677 7.476 7.261 7.031 6.787 6.528 6.255 6.183 7.115 8.071 9.050 10.052 11.078 12.128 13.200 14.297 15.416 16.559 17.725 18.372 17.599 16.797 15.964 15.102 14.210 13.288 12.336 11.354 10.342 9.300 8.229 9.351 14.227 19.282 24.517
5.388 5.193 5.011 4.841 4.684 4.540 4.408 4.289 4.176 4.048 3.925 4.053 4.234 4.411 4.584 4.752 4.916 5.076 5.231 5.383 5.538 5.697 5.853 6.003 6.177 6.378 6.607 6.864 7.147 7.458 7.796 8.162 8.554 8.975 9.422 9.258 9.050 8.829 8.592 8.342 8.076 7.797 7.503 7.195 6.872 6.535 6.266 7.302 8.361 9.444 10.551 11.681 12.834 14.010 15.210 16.433 17.680 18.950 19.884 18.979 18.043 17.078 16.083 15.059 14.004 12.919 11.805 10.661 9.487 8.283 8.873 14.545 20.396 26.426
4.886 4.735 4.590 4.451 4.315 4.185 4.059 3.938 3.822 3.710 3.603 3.686 3.852 4.015 4.172 4.326 4.475 4.620 4.761 4.898 5.038 5.182 5.323 5.559 5.854 6.177 6.527 6.905 7.310 7.742 8.201 8.688 9.202 9.743 10.312 10.193 9.922 9.636 9.335 9.021 8.691 8.348 7.990 7.618 7.231 6.830 6.414 7.464 8.627 9.814 11.024 12.257 13.514 14.794 16.098 17.425 18.775 20.149 21.425 20.387 19.320 18.222 17.094 15.937 14.750 13.533 12.286 11.009 9.703 8.366 8.218 14.684 21.330 28.155
4.396 4.263 4.135 4.011 3.892 3.778 3.668 3.563 3.463 3.368 3.277 3.323 3.475 3.622 3.766 3.905 4.039 4.169 4.295 4.417 4.543 4.672 4.798 5.085 5.502 5.946 6.417 6.916 7.442 7.995 8.575 9.183 9.818 10.480 11.170 11.143 10.808 10.458 10.093 9.714 9.321 8.914 8.492 8.055 7.605 7.139 6.660 7.600 8.867 10.158 11.471 12.809 14.169 15.553 16.960 18.391 19.844 21.322 22.822 21.825 20.625 19.394 18.134 16.845 15.525 14.176 12.796 11.387 9.948 8.479 7.398 14.453 21.337 28.050
3.904 3.787 3.675 3.568 3.465 3.367 3.274 3.185 3.101 3.021 2.947 2.965 3.102 3.235 3.363 3.487 3.607 3.723 3.834 3.941 4.052 4.166 4.277 4.581 5.119 5.684 6.276 6.896 7.543 8.217 8.919 9.648 10.404 11.187 11.997 12.108 11.708 11.294 10.866 10.423 9.966 9.494 9.008 8.508 7.993 7.464 6.921 7.712 9.082 10.476 11.894 13.335 14.799 16.286 17.797 19.331 20.888 22.469 24.073 23.291 21.959 20.662 19.444 18.163 16.818 15.410 13.939 12.405 10.807 9.146 7.422 13.199 19.329 25.289
3.408 3.308 3.212 3.121 3.034 2.953 2.875 2.803 2.735 2.672 2.613 2.611 2.733 2.851 2.965 3.075 3.180 3.281 3.377 3.470 3.565 3.665 3.761 4.047 4.706 5.392 6.106 6.846 7.614 8.409 9.232 10.081 10.958 11.863 12.794 13.086 12.623 12.145 11.653 11.146 10.625 10.090 9.540 8.976 8.397 7.804 7.197 7.798 9.272 10.770 12.291 13.835 15.509 17.433 19.345 21.244 23.130 25.003 26.863 26.476 25.104 23.668 22.170 20.609 18.984 17.296 15.545 13.731 11.854 9.913 7.910 12.114 17.491 22.697
2.909 2.825 2.745 2.670 2.600 2.534 2.473 2.417 2.365 2.318 2.275 2.262 2.369 2.472 2.571 2.666 2.757 2.843 2.925 3.002 3.083 3.168 3.249 3.483 4.263 5.070 5.904 6.766 7.655 8.571 9.514 10.485 11.482 12.507 13.559 14.080 13.553 13.011 12.455 11.884 11.299 10.700 10.086 9.647 9.634 9.455 9.112 9.776 11.708 13.628 15.534 17.427 19.308 21.175 23.029 24.871 26.700 28.515 30.318 30.102 28.450 26.735 24.957 23.116 21.211 19.244 17.213 15.119 12.962 10.742 8.459 11.198 15.823 20.277
