DATA/SHG/ECMWF/20170628/EN-40/20170707.en-40.asc
ncols        190
nrows        64
xllcorner    -5100000.000000000000
yllcorner    4130000.000000000000
cellsize     10000.000000000000
NODATA_value  -99999.000
[rows 0 to 32 of 64, columns 75 to 149 of 190]
3.695 3.871 4.059 4.258 4.469 4.692 4.782 4.556 4.331 4.102 3.869 3.631 3.389 3.143 2.893 2.638 2.380 2.117 1.993 2.345 2.693 3.042 3.391 3.741 4.092 4.444 4.796 5.149 5.502 5.857 6.180 6.393 6.597 6.791 6.975 7.149 7.312 7.466 7.610 7.744 7.868 7.982 8.089 8.197 8.299 8.396 8.488 8.575 8.656 8.733 8.804 8.869 8.930 8.985 9.070 9.245 9.405 9.549 9.677 9.791 9.888 9.970 10.036 10.087 10.123 10.142 10.064 9.762 9.480 9.217 8.974 8.750 8.546 8.362 8.198
3.898 4.178 4.445 4.700 4.942 5.172 5.311 5.075 4.835 4.591 4.343 4.090 3.833 3.572 3.307 3.037 2.764 2.486 2.271 2.625 2.977 3.329 3.681 4.034 4.388 4.743 5.098 5.454 5.810 6.168 6.505 6.674 6.833 6.982 7.121 7.251 7.370 7.479 7.579 7.668 7.748 7.817 7.881 7.965 8.044 8.118 8.187 8.250 8.308 8.361 8.409 8.451 8.488 8.520 8.559 8.665 8.756 8.831 8.890 8.934 8.962 8.975 8.972 8.954 8.920 8.871 8.783 8.568 8.374 8.199 8.044 7.908 7.792 7.696 7.619
4.637 4.873 5.097 5.308 5.507 5.693 5.847 5.597 5.342 5.083 4.820 4.552 4.280 4.004 3.724 3.440 3.151 2.858 2.561 2.905 3.259 3.614 3.970 4.326 4.683 5.040 5.399 5.758 6.117 6.477 6.838 6.965 7.079 7.184 7.279 7.363 7.438 7.503 7.558 7.603 7.638 7.663 7.679 7.740 7.795 7.846 7.891 7.931 7.966 7.996 8.020 8.039 8.053 8.061 8.066 8.103 8.124 8.130 8.120 8.095 8.054 7.997 7.926 7.838 7.735 7.617 7.542 7.526 7.518 7.517 7.524 7.537 7.557 7.585 7.619
5.386 5.579 5.759 5.927 6.082 6.225 6.356 6.122 5.852 5.578 5.300 5.017 4.731 4.440 4.145 3.846 3.542 3.234 2.922 3.183 3.541 3.898 4.257 4.616 4.976 5.337 5.698 6.060 6.423 6.786 7.150 7.266 7.336 7.396 7.447 7.487 7.517 7.538 7.548 7.549 7.539 7.520 7.491 7.520 7.552 7.580 7.602 7.618 7.630 7.636 7.637 7.633 7.623 7.609 7.589 7.557 7.509 7.490 7.502 7.507 7.505 7.494 7.476 7.449 7.415 7.373 7.323 7.335 7.359 7.390 7.427 7.472 7.524 7.583 7.649
6.146 6.295 6.432 6.556 6.668 6.768 6.855 6.650 6.365 6.076 5.783 5.486 5.184 4.879 4.569 4.255 3.936 3.614 3.287 3.460 3.821 4.182 4.543 4.906 5.268 5.632 5.996 6.361 6.727 7.093 7.460 7.578 7.603 7.619 7.625 7.621 7.607 7.583 7.549 7.505 7.451 7.387 7.314 7.306 7.315 7.319 7.318 7.311 7.349 7.417 7.476 7.524 7.563 7.592 7.611 7.614 7.608 7.594 7.572 7.542 7.504 7.459 7.405 7.344 7.275 7.198 7.114 7.137 7.193 7.255 7.324 7.401 7.484 7.575 7.673
6.916 7.022 7.115 7.196 7.264 7.321 7.365 7.181 6.882 6.578 6.270 5.958 5.641 5.321 4.996 4.667 4.334 3.996 3.654 3.736 4.100 4.463 4.828 5.193 5.559 5.926 6.293 6.661 7.030 7.399 7.769 7.900 7.881 7.853 7.814 7.766 7.707 7.639 7.560 7.524 7.521 7.516 7.511 7.562 7.636 7.699 7.753 7.797 7.832 7.856 7.871 7.875 7.870 7.855 7.830 7.796 7.755 7.706 7.649 7.584 7.511 7.431 7.343 7.247 7.143 7.031 6.912 6.933 7.019 7.113 7.214 7.322 7.437 7.560 7.689
7.696 7.759 7.809 7.846 7.871 7.884 7.885 7.716 7.402 7.083 6.760 6.433 6.102 5.766 5.426 5.082 4.734 4.382 4.026 4.011 4.377 4.744 5.112 5.480 5.849 6.219 6.589 6.960 7.331 7.704 8.107 8.317 8.317 8.316 8.314 8.311 8.307 8.302 8.295 8.288 8.280 8.271 8.260 8.275 8.305 8.324 8.334 8.334 8.324 8.305 8.275 8.236 8.186 8.127 8.058 7.986 7.910 7.826 7.734 7.634 7.527 7.412 7.288 7.158 7.019 6.872 6.718 6.721 6.840 6.965 7.097 7.237 7.384 7.537 7.698
8.487 8.506 8.513 8.507 8.489 8.459 8.416 8.254 7.924 7.591 7.253 6.911 6.565 6.215 5.860 5.501 5.138 4.771 4.400 4.284 4.654 5.028 5.413 5.807 6.211 6.624 7.047 7.479 7.921 8.372 8.832 9.119 9.114 9.108 9.101 9.093 9.085 9.075 9.064 9.052 9.039 9.025 9.010 8.998 8.983 8.959 8.925 8.881 8.827 8.763 8.690 8.606 8.513 8.410 8.297 8.183 8.072 7.953 7.827 7.692 7.550 7.400 7.242 7.076 6.903 6.722 6.533 6.503 6.653 6.810 6.974 7.145 7.323 7.508 7.701
9.288 9.264 9.227 9.178 9.117 9.044 8.958 8.795 8.451 8.102 7.749 7.393 7.032 6.664 6.284 5.902 5.519 5.134 4.747 4.535 4.943 5.361 5.788 6.224 6.671 7.126 7.591 8.066 8.549 9.043 9.546 9.920 9.910 9.900 9.888 9.876 9.862 9.848 9.832 9.816 9.798 9.779 9.760 9.730 9.671 9.603 9.525 9.437 9.339 9.231 9.114 8.986 8.849 8.702 8.545 8.388 8.243 8.089 7.928 7.758 7.581 7.396 7.204 7.003 6.795 6.579 6.355 6.278 6.459 6.648 6.843 7.046 7.255 7.472 7.696
10.100 10.032 9.953 9.860 9.756 9.639 9.498 9.312 8.935 8.557 8.178 7.796 7.414 7.029 6.644 6.256 5.867 5.477 5.085 4.772 5.222 5.682 6.152 6.630 7.119 7.617 8.124 8.641 9.167 9.702 10.248 10.721 10.707 10.692 10.675 10.658 10.640 10.621 10.601 10.579 10.557 10.534 10.510 10.471 10.369 10.256 10.134 10.002 9.861 9.709 9.548 9.376 9.195 9.004 8.803 8.601 8.421 8.232 8.036 7.832 7.620 7.401 7.173 6.938 6.695 6.444 6.186 6.046 6.259 6.479 6.706 6.940 7.181 7.429 7.684
10.709 10.495 10.305 10.139 9.997 9.879 9.785 9.712 9.330 8.946 8.561 8.174 7.786 7.396 7.005 6.612 6.217 5.821 5.424 5.019 5.490 5.992 6.504 7.025 7.556 8.096 8.645 9.204 9.773 10.351 10.938 11.522 11.503 11.483 11.463 11.441 11.418 11.394 11.369 11.343 11.316 11.288 11.259 11.222 11.076 10.920 10.754 10.578 10.392 10.196 9.991 9.776 9.551 9.316 9.071 8.822 8.607 8.384 8.153 7.914 7.667 7.413 7.151 6.881 6.603 6.318 6.025 5.807 6.052 6.303 6.562 6.827 7.100 7.379 7.666
10.469 10.339 10.233 10.151 10.093 10.060 10.050 10.064 9.725 9.336 8.945 8.553 8.159 7.764 7.367 6.968 6.568 6.166 5.763 5.353 5.747 6.291 6.845 7.409 7.981 8.564 9.156 9.757 10.367 10.987 11.617 12.256 12.300 12.275 12.250 12.223 12.196 12.167 12.138 12.107 12.075 12.043 12.009 11.975 11.792 11.592 11.382 11.162 10.933 10.694 10.444 10.185 9.916 9.638 9.349 9.051 8.801 8.543 8.277 8.004 7.722 7.433 7.137 6.832 6.520 6.199 5.904 5.681 6.048 6.429 6.826 7.238 7.664 8.106 8.562
10.206 10.161 10.139 10.141 10.167 10.218 10.292 10.390 10.122 9.727 9.330 8.933 8.533 8.132 7.730 7.326 6.920 6.513 6.104 5.688 5.992 6.579 7.175 7.781 8.396 9.020 9.654 10.298 10.950 11.613 12.284 12.965 13.096 13.067 13.037 13.006 12.974 12.940 12.906 12.871 12.835 12.797 12.759 12.720 12.518 12.274 12.020 11.757 11.483 11.200 10.907 10.604 10.292 9.969 9.637 9.295 9.002 8.695 8.381 8.081 7.795 7.523 7.266 7.023 6.794 6.580 6.380 6.195 6.587 7.035 7.498 7.977 8.470 8.978 9.501
9.922 9.960 10.023 10.109 10.219 10.353 10.511 10.694 10.519 10.119 9.717 9.313 8.908 8.502 8.094 7.684 7.273 6.860 6.446 6.024 6.227 6.856 7.494 8.142 8.799 9.466 10.142 10.827 11.522 12.227 12.940 13.664 13.893 13.859 13.824 13.788 13.752 13.714 13.675 13.635 13.594 13.552 13.509 13.465 13.254 12.966 12.668 12.361 11.995 11.579 11.166 10.756 10.350 9.948 9.549 9.154 8.849 8.584 8.333 8.097 7.874 7.666 7.473 7.293 7.128 6.978 6.841 6.719 7.110 7.625 8.155 8.700 9.259 9.834 10.423
9.616 9.738 9.884 10.054 10.248 10.466 10.708 10.974 10.917 10.511 10.104 9.695 9.284 8.872 8.459 8.043 7.627 7.208 6.788 6.361 6.450 7.121 7.802 8.491 9.191 9.900 10.618 11.345 12.083 12.829 13.585 14.350 14.689 14.651 14.612 14.571 14.530 14.487 14.444 14.318 14.123 13.939 13.768 13.608 13.299 12.884 12.473 12.065 11.660 11.260 10.862 10.469 10.079 9.693 9.310 8.931 8.660 8.459 8.271 8.098 7.939 7.795 7.665 7.549 7.448 7.360 7.287 7.229 7.618 8.200 8.796 9.407 10.033 10.674 11.330
9.287 9.493 9.723 9.977 10.255 10.557 10.883 11.232 11.317 10.905 10.492 10.077 9.661 9.244 8.824 8.404 7.981 7.558 7.132 6.699 6.662 7.375 8.098 8.830 9.572 10.322 11.083 11.852 12.632 13.420 14.114 14.713 14.963 14.737 14.523 14.320 14.130 13.952 13.786 13.633 13.491 13.361 13.244 13.139 12.897 12.498 12.102 11.710 11.322 10.937 10.556 10.178 9.804 9.434 9.067 8.704 8.457 8.319 8.195 8.085 7.990 7.909 7.842 7.790 7.752 7.728 7.719 7.724 8.110 8.758 9.421 10.098 10.791 11.498 12.220
8.937 9.227 9.540 9.878 10.240 10.625 11.035 11.468 11.717 11.300 10.881 10.461 10.039 9.616 9.191 8.765 8.337 7.908 7.477 7.038 6.863 7.552 8.185 8.811 9.430 10.040 10.643 11.239 11.827 12.407 12.980 13.545 13.888 13.715 13.555 13.407 13.271 13.147 13.035 12.935 12.847 12.772 12.708 12.657 12.492 12.109 11.729 11.353 10.981 10.612 10.246 9.885 9.526 9.172 8.821 8.473 8.239 8.164 8.104 8.058 8.026 8.008 8.005 8.016 8.042 8.081 8.135 8.203 8.587 9.301 10.030 10.774 11.533 12.306 13.095
8.565 8.938 9.335 9.757 10.202 10.671 11.164 11.681 12.118 11.696 11.271 10.846 10.418 9.979 9.399 8.823 8.249 7.677 7.108 6.551 6.121 6.729 7.329 7.921 8.506 9.083 9.653 10.215 10.769 11.316 11.855 12.387 12.801 12.682 12.576 12.482 12.399 12.329 12.271 12.225 12.191 12.170 12.160 12.162 12.084 11.717 11.353 10.993 10.636 10.283 9.933 9.588 9.245 8.907 8.571 8.240 8.006 7.995 7.998 8.016 8.047 8.093 8.153 8.228 8.316 8.419 8.537 8.668 9.048 9.828 10.623 11.434 12.259 13.099 13.953
8.170 8.627 9.108 9.613 10.142 10.695 11.249 11.701 12.147 11.588 11.007 10.429 9.854 9.281 8.711 8.143 7.578 7.015 6.454 5.905 5.368 5.915 6.482 7.041 7.592 8.136 8.672 9.200 9.721 10.234 10.740 11.238 11.702 11.637 11.585 11.544 11.516 11.500 11.496 11.504 11.524 11.556 11.600 11.656 11.673 11.321 10.973 10.629 10.288 9.951 9.617 9.287 8.961 8.638 8.319 8.003 7.760 7.812 7.878 7.959 8.054 8.163 8.287 8.424 8.576 8.743 8.923 9.118 9.493 10.340 11.201 12.078 12.969 13.875 14.796
7.702 8.169 8.630 9.085 9.534 9.978 10.417 10.850 11.277 10.854 10.283 9.713 9.147 8.583 8.021 7.462 6.905 6.351 5.799 5.259 4.730 5.111 5.644 6.170 6.687 7.198 7.700 8.195 8.683 9.163 9.635 10.100 10.557 10.581 10.582 10.595 10.621 10.658 10.708 10.770 10.844 10.930 11.027 11.137 11.258 10.922 10.590 10.262 9.937 9.616 9.298 8.984 8.673 8.366 8.063 7.763 7.499 7.614 7.744 7.888 8.046 8.219 8.405 8.606 8.822 9.051 9.295 9.553 9.923 10.836 11.763 12.706 13.663 14.636 15.623
6.992 7.440 7.881 8.317 8.747 9.172 9.591 10.004 10.412 10.120 9.557 8.996 8.438 7.883 7.330 6.779 6.231 5.686 5.143 4.611 4.091 4.317 4.816 5.308 5.792 6.269 6.739 7.200 7.654 8.101 8.540 8.971 9.395 9.512 9.567 9.634 9.714 9.805 9.909 10.024 10.152 10.291 10.443 10.607 10.783 10.520 10.204 9.892 9.583 9.277 8.975 8.677 8.382 8.091 7.803 7.519 7.239 7.402 7.595 7.802 8.024 8.260 8.510 8.774 9.052 9.345 9.652 9.956 10.273 11.243 12.258 13.318 14.423 15.572 16.766
6.289 6.717 7.139 7.555 7.966 8.372 8.771 9.165 9.554 9.384 8.830 8.278 7.729 7.182 6.637 6.096 5.556 5.020 4.485 3.962 3.451 3.531 3.998 4.456 4.907 5.350 5.786 6.215 6.635 7.048 7.454 7.852 8.243 8.432 8.541 8.662 8.795 8.940 9.097 9.266 9.448 9.641 9.846 10.064 10.293 10.115 9.815 9.518 9.225 8.935 8.649 8.367 8.088 7.813 7.541 7.273 7.008 7.176 7.439 7.718 7.998 8.280 8.565 8.850 9.138 9.428 9.719 10.012 10.307 11.419 12.633 13.892 15.195 16.543 17.936
5.591 6.000 6.403 6.800 7.191 7.577 7.958 8.333 8.702 8.647 8.101 7.558 7.018 6.480 5.944 5.411 4.880 4.352 3.826 3.312 2.810 2.756 3.188 3.614 4.031 4.441 4.844 5.239 5.626 6.006 6.378 6.743 7.100 7.340 7.502 7.677 7.864 8.063 8.274 8.497 8.732 8.979 9.238 9.509 9.792 9.707 9.423 9.142 8.864 8.583 8.301 8.037 7.790 7.560 7.347 7.150 6.971 7.135 7.420 7.707 7.996 8.286 8.578 8.872 9.168 9.465 9.764 10.065 10.368 11.551 12.963 14.420 15.922 17.469 19.060
4.900 5.289 5.672 6.050 6.423 6.789 7.151 7.506 7.856 7.909 7.372 6.838 6.306 5.776 5.249 4.725 4.203 3.683 3.166 2.661 2.167 1.989 2.389 2.781 3.165 3.542 3.911 4.272 4.626 4.973 5.312 5.643 5.967 6.236 6.452 6.681 6.921 7.174 7.438 7.715 8.013 8.316 8.596 8.854 9.089 9.038 8.765 8.508 8.268 8.045 7.839 7.651 7.479 7.324 7.186 7.065 6.961 7.107 7.400 7.695 7.991 8.290 8.590 8.892 9.195 9.501 9.808 10.117 10.428 11.637 13.248 14.904 16.604 18.349 20.139
4.214 4.584 4.948 5.307 5.660 6.008 6.349 6.686 7.016 7.170 6.642 6.116 5.592 5.072 4.553 4.037 3.524 3.013 2.505 2.008 1.523 1.233 1.599 1.957 2.308 2.651 2.987 3.315 3.636 3.949 4.255 4.609 5.053 5.476 5.837 6.175 6.491 6.783 7.054 7.302 7.527 7.729 7.909 8.067 8.201 8.183 7.985 7.803 7.639 7.491 7.360 7.247 7.150 7.070 7.008 6.962 6.933 7.077 7.378 7.681 7.985 8.292 8.600 8.910 9.221 9.535 9.850 10.167 10.486 11.679 13.488 15.342 17.241 19.184 21.172
3.535 3.886 4.231 4.570 4.904 5.232 5.554 5.871 6.183 6.429 5.910 5.393 4.878 4.366 3.856 3.349 2.844 2.342 1.842 1.354 0.878 0.485 0.856 1.285 1.718 2.154 2.593 3.035 3.481 3.929 4.380 4.834 5.292 5.715 5.976 6.213 6.429 6.622 6.792 6.940 7.065 7.167 7.247 7.305 7.339 7.311 7.188 7.081 6.992 6.920 6.864 6.826 6.804 6.800 6.812 6.842 6.888 7.045 7.354 7.665 7.977 8.292 8.608 8.925 9.245 9.566 9.890 10.215 10.541 11.676 13.683 15.735 17.832 19.973 22.159
2.862 3.193 3.519 3.839 4.153 4.462 4.766 5.063 5.355 5.642 5.177 4.668 4.162 3.659 3.167 2.745 2.338 1.948 1.574 1.215 0.867 0.532 0.954 1.397 1.844 2.294 2.746 3.202 3.661 4.123 4.588 5.056 5.527 5.978 6.138 6.276 6.392 6.485 6.555 6.602 6.628 6.630 6.610 6.568 6.503 6.422 6.374 6.343 6.329 6.331 6.351 6.388 6.442 6.512 6.600 6.704 6.825 7.011 7.328 7.647 7.967 8.290 8.614 8.940 9.267 9.596 9.928 10.261 10.595 11.629 13.834 16.084 18.378 20.718 23.101
2.194 2.507 2.813 3.114 3.409 3.699 3.983 4.270 4.581 4.881 4.573 4.143 3.728 3.329 2.947 2.580 2.230 1.895 1.576 1.273 0.981 0.702 1.049 1.506 1.966 2.429 2.896 3.365 3.838 4.314 4.792 5.274 5.759 6.247 6.326 6.364 6.379 6.372 6.342 6.290 6.215 6.118 5.998 5.856 5.691 5.516 5.543 5.587 5.648 5.726 5.821 5.933 6.061 6.207 6.370 6.549 6.745 6.976 7.301 7.627 7.956 8.286 8.618 8.952 9.287 9.625 9.964 10.305 10.647 11.536 13.939 16.387 18.880 21.417 23.998
1.552 1.906 2.247 2.577 2.895 3.200 3.494 3.776 4.045 4.303 4.117 3.742 3.382 3.039 2.712 2.401 2.106 1.827 1.564 1.316 1.081 0.858 1.139 1.610 2.084 2.561 3.042 3.525 4.011 4.500 4.993 5.488 5.987 6.488 6.537 6.475 6.391 6.284 6.154 6.002 5.827 5.630 5.411 5.168 4.904 4.617 4.696 4.815 4.951 5.104 5.274 5.461 5.664 5.885 6.122 6.377 6.648 6.938 7.271 7.606 7.942 8.280 8.620 8.962 9.305 9.651 9.998 10.347 10.697 11.399 14.000 16.646 19.336 22.070 24.850
1.359 1.671 1.972 2.260 2.536 2.800 3.052 3.293 3.521 3.737 3.646 3.326 3.023 2.735 2.464 2.208 1.969 1.745 1.538 1.346 1.166 1.000 1.227 1.711 2.199 2.690 3.184 3.680 4.180 4.683 5.189 5.699 6.211 6.726 6.773 6.611 6.427 6.220 5.991 5.739 5.464 5.168 4.848 4.506 4.142 3.755 3.832 4.026 4.237 4.465 4.710 4.971 5.250 5.546 5.858 6.187 6.534 6.897 7.240 7.582 7.927 8.273 8.621 8.970 9.322 9.675 10.030 10.387 10.745 11.168 13.761 16.287 18.745 21.137 23.462
1.178 1.448 1.707 1.954 2.188 2.411 2.622 2.821 3.008 3.183 3.161 2.897 2.649 2.417 2.201 2.001 1.817 1.649 1.497 1.361 1.238 1.127 1.310 1.809 2.310 2.814 3.322 3.832 4.346 4.863 5.382 5.905 6.431 6.960 7.033 6.772 6.487 6.181 5.852 5.500 5.126 4.729 4.310 3.869 3.405 2.918 2.951 3.220 3.506 3.809 4.128 4.465 4.819 5.189 5.576 5.981 6.402 6.840 7.206 7.557 7.975 8.476 8.908 9.271 9.565 9.791 9.947 10.035 10.054 10.004 12.146 14.377 16.541 18.638 20.668
1.007 1.237 1.454 1.659 1.853 2.034 2.204 2.361 2.507 2.640 2.663 2.454 2.262 2.085 1.925 1.780 1.652 1.539 1.442 1.362 1.295 1.240 1.390 1.902 2.417 2.935 3.457 3.981 4.508 5.038 5.572 6.108 6.648 7.190 7.317 6.956 6.572 6.166 5.737 5.286 4.812 4.316 3.797 3.256 2.693 2.107 2.053 2.397 2.758 3.136 3.530 4.010 4.683 5.392 6.138 6.920 7.739 8.594 9.130 9.464 9.730 9.926 10.054 10.113 10.103 10.024 9.877 9.661 9.375 9.022 10.599 12.535 14.405 16.207 17.943
0.848 1.036 1.212 1.376 1.528 1.668 1.796 1.913 2.017 2.109 2.151 1.998 1.860 1.739 1.634 1.545 1.472 1.415 1.373 1.348 1.337 1.338 1.467 1.992 2.521 3.053 3.588 4.125 4.666 5.210 5.757 6.307 6.861 7.417 7.626 7.165 6.681 6.176 5.647 5.096 4.523 3.927 3.353 2.883 2.395 1.891 1.910 2.562 3.250 3.975 4.736 5.533 6.368 7.238 8.145 9.089 10.069 11.085 11.561 11.591 11.552 11.445 11.268 11.023 10.709 10.327 9.875 9.355 8.766 8.108 9.120 10.762 12.336 13.844 15.286
