DATA/SHG/ECMWF/20170628/EN-40/20170711.en-40.asc
ncols        190
nrows        64
xllcorner    -5100000.000000000000
yllcorner    4130000.000000000000
cellsize     10000.000000000000
NODATA_value  -99999.000
[rows 0 to 32 of 64, columns 73 to 145 of 190]
6.904 7.109 7.319 7.535 7.757 7.984 8.217 8.455 8.578 8.417 8.278 8.170 8.093 8.048 8.035 8.054 8.104 8.186 8.299 8.444 8.588 8.611 8.612 8.610 8.604 8.596 8.585 8.570 8.552 8.532 8.508 8.481 8.518 8.787 9.079 9.392 9.727 10.084 10.463 10.863 11.286 11.731 12.198 12.686 13.113 13.274 13.412 13.527 13.619 13.687 13.733 13.755 13.754 13.729 13.682 13.611 13.569 13.668 13.760 13.847 13.927 14.001 14.069 14.130 14.186 14.235 14.278 14.315 14.235 13.834 13.418 12.988 12.544
6.855 7.080 7.322 7.557 7.781 7.993 8.193 8.382 8.515 8.454 8.425 8.428 8.462 8.528 8.625 8.754 8.915 9.107 9.331 9.587 9.845 9.854 9.841 9.825 9.806 9.783 9.758 9.729 9.697 9.662 9.624 9.583 9.584 9.952 10.341 10.752 11.185 11.640 12.117 12.615 13.136 13.679 14.243 14.829 15.369 15.426 15.460 15.471 15.459 15.423 15.365 15.283 15.178 15.050 14.898 14.724 14.565 14.636 14.701 14.760 14.812 14.859 14.899 14.933 14.960 14.982 14.997 15.007 14.940 14.475 13.996 13.502 12.994
6.999 7.217 7.423 7.618 7.801 7.972 8.132 8.280 8.412 8.462 8.544 8.657 8.802 8.978 9.186 9.425 9.696 9.999 10.333 10.699 11.096 11.100 11.073 11.042 11.009 10.972 10.932 10.890 10.844 10.795 10.743 10.687 10.629 11.090 11.577 12.086 12.617 13.170 13.745 14.341 14.959 15.600 16.262 16.946 17.646 17.599 17.529 17.436 17.320 17.181 17.019 16.833 16.624 16.392 16.137 15.859 15.566 15.610 15.647 15.678 15.703 15.721 15.734 15.740 15.740 15.734 15.722 15.704 15.621 15.026 14.436 13.849 13.266
7.193 7.370 7.536 7.690 7.832 7.963 8.082 8.189 8.285 8.441 8.633 8.857 9.112 9.399 9.717 10.067 10.448 10.861 11.305 11.781 12.289 12.347 12.305 12.261 12.213 12.163 12.109 12.052 11.992 11.929 11.863 11.793 11.721 12.203 12.788 13.395 14.023 14.674 15.346 16.040 16.756 17.494 18.254 19.036 19.840 19.794 19.620 19.424 19.204 18.961 18.695 18.405 18.093 17.757 17.398 17.017 16.611 16.588 16.598 16.561 16.481 16.393 16.300 16.199 16.093 15.979 15.859 15.733 15.600 15.053 14.479 13.910 13.344
7.397 7.534 7.659 7.772 7.874 7.964 8.042 8.109 8.164 8.391 8.693 9.027 9.393 9.790 10.218 10.678 11.170 11.693 12.248 12.834 13.451 13.596 13.540 13.482 13.420 13.355 13.287 13.216 13.142 13.065 12.985 12.901 12.815 13.290 13.973 14.677 15.403 16.151 16.922 17.713 18.527 19.363 20.220 21.100 22.001 22.010 21.733 21.432 21.109 20.762 20.244 19.631 19.056 18.520 18.022 17.564 17.144 16.991 16.894 16.790 16.681 16.564 16.441 16.311 16.175 16.033 15.883 15.727 15.565 15.076 14.520 13.967 13.418
7.612 7.708 7.792 7.865 7.926 7.976 8.013 8.040 8.054 8.312 8.724 9.169 9.644 10.152 10.690 11.261 11.862 12.495 13.160 13.856 14.584 14.846 14.777 14.704 14.628 14.549 14.467 14.382 14.294 14.203 14.109 14.011 13.911 14.351 15.131 15.934 16.757 17.603 18.471 19.360 20.272 20.977 21.519 22.044 22.552 22.287 21.652 21.057 20.500 19.981 19.502 19.061 18.659 18.295 17.971 17.685 17.438 17.285 17.159 17.026 16.887 16.741 16.589 16.430 16.264 16.092 15.914 15.729 15.537 15.095 14.556 14.021 13.489
7.838 7.893 7.937 7.969 7.989 7.998 7.995 7.981 7.955 8.204 8.727 9.281 9.867 10.484 11.133 11.813 12.525 13.268 14.043 14.849 15.686 16.098 16.015 15.928 15.838 15.745 15.649 15.550 15.448 15.343 15.234 15.123 14.869 15.018 15.621 16.206 16.775 17.327 17.861 18.379 18.879 19.362 19.829 20.278 20.710 20.641 20.179 19.756 19.372 19.026 18.720 18.452 18.222 18.031 17.879 17.766 17.691 17.586 17.430 17.268 17.100 16.925 16.743 16.555 16.360 16.159 15.951 15.737 15.516 15.111 14.589 14.070 13.556
8.074 8.088 8.092 8.083 8.063 8.031 7.988 7.933 7.867 8.067 8.700 9.364 10.060 10.787 11.546 12.336 13.158 14.011 14.896 15.811 16.759 17.352 17.255 16.989 16.656 16.325 15.994 15.663 15.334 15.005 14.677 14.350 14.023 14.030 14.557 15.067 15.560 16.036 16.494 16.936 17.361 17.769 18.159 18.533 18.889 18.956 18.667 18.417 18.205 18.032 17.898 17.803 17.746 17.727 17.748 17.807 17.905 17.893 17.708 17.517 17.319 17.115 16.904 16.686 16.462 16.232 15.995 15.751 15.501 15.123 14.617 14.116 13.619
8.320 8.295 8.257 8.208 8.148 8.075 7.992 7.896 7.790 7.901 8.644 9.418 10.224 11.061 11.930 12.814 13.622 14.384 15.099 15.767 16.389 16.773 16.443 16.113 15.784 15.455 15.128 14.801 14.475 14.149 13.825 13.501 13.178 13.062 13.514 13.948 14.365 14.765 15.148 15.514 15.863 16.195 16.510 16.808 17.089 17.233 17.116 17.039 17.000 16.999 17.037 17.114 17.229 17.383 17.576 17.807 18.077 18.206 17.992 17.772 17.545 17.311 17.071 16.824 16.571 16.311 16.045 15.772 15.493 15.131 14.643 14.158 13.678
8.578 8.511 8.433 8.344 8.243 8.130 8.006 7.870 7.777 7.920 8.844 9.722 10.554 11.339 12.078 12.770 13.416 14.016 14.569 15.076 15.536 15.890 15.563 15.237 14.911 14.586 14.262 13.939 13.616 13.294 12.973 12.653 12.334 12.115 12.490 12.849 13.190 13.515 13.822 14.112 14.386 14.642 14.882 15.104 15.309 15.471 15.527 15.621 15.755 15.926 16.137 16.386 16.674 17.000 17.365 17.768 18.210 18.526 18.283 18.033 17.777 17.514 17.245 16.969 16.687 16.398 16.102 15.800 15.491 15.135 14.664 14.197 13.733
8.845 8.811 8.856 8.891 8.915 8.929 8.932 8.925 8.906 8.888 9.651 10.367 11.036 11.660 12.237 12.768 13.252 13.690 14.082 14.427 14.726 14.994 14.684 14.361 14.039 13.718 13.397 13.077 12.758 12.440 12.122 11.805 11.489 11.187 11.487 11.770 12.035 12.284 12.516 12.731 12.929 13.110 13.274 13.421 13.550 13.670 13.898 14.165 14.471 14.815 15.197 15.618 16.078 16.576 17.113 17.689 18.303 18.853 18.580 18.301 18.016 17.724 17.425 17.120 16.808 16.490 16.166 15.834 15.497 15.135 14.681 14.231 13.785
10.191 10.209 10.218 10.215 10.202 10.179 10.145 10.100 10.044 9.979 10.498 11.053 11.561 12.023 12.438 12.807 13.130 13.407 13.637 13.821 13.958 14.064 13.806 13.486 13.168 12.850 12.533 12.216 11.900 11.586 11.271 10.958 10.646 10.334 10.503 10.710 10.901 11.074 11.231 11.370 11.492 11.598 11.686 11.758 11.812 11.850 12.231 12.670 13.148 13.664 14.218 14.811 15.443 16.113 16.822 17.569 18.355 19.179 18.883 18.575 18.261 17.939 17.612 17.278 16.937 16.589 16.236 15.875 15.471 15.027 14.532 14.052 13.587
11.635 11.616 11.587 11.548 11.497 11.437 11.365 11.283 11.191 11.088 11.387 11.780 12.127 12.427 12.681 12.889 13.050 13.165 13.234 13.257 13.233 13.177 12.928 12.612 12.297 11.982 11.668 11.355 11.043 10.732 10.421 10.111 9.802 9.494 9.540 9.671 9.786 9.884 9.965 10.029 10.076 10.106 10.119 10.115 10.094 10.056 10.525 11.136 11.786 12.474 13.200 13.965 14.768 15.610 16.491 17.410 18.367 19.363 19.193 18.780 18.290 17.810 17.341 16.883 16.436 16.000 15.574 15.160 14.757 14.364 13.940 13.527 13.129
13.087 13.031 12.965 12.888 12.800 12.702 12.594 12.475 12.345 12.205 12.317 12.549 12.734 12.873 12.965 13.012 13.012 12.966 12.874 12.735 12.551 12.332 12.050 11.738 11.426 11.115 10.805 10.495 10.186 9.878 9.571 9.265 8.959 8.654 8.596 8.652 8.692 8.714 8.720 8.708 8.680 8.634 8.572 8.493 8.397 8.283 8.781 9.564 10.385 11.244 12.175 13.129 14.055 14.951 15.819 16.658 17.468 18.249 18.073 17.620 17.178 16.746 16.326 15.917 15.518 15.130 14.754 14.388 14.033 13.689 13.333 12.987 12.656
14.547 14.454 14.350 14.236 14.112 13.976 13.831 13.674 13.508 13.330 13.288 13.358 13.382 13.360 13.291 13.177 13.016 12.809 12.555 12.256 11.910 11.530 11.173 10.864 10.556 10.248 9.941 9.635 9.330 9.025 8.722 8.419 8.116 7.815 7.672 7.653 7.617 7.564 7.494 7.408 7.304 7.272 7.328 7.389 7.456 7.528 8.131 9.072 9.985 10.869 11.724 12.550 13.347 14.116 14.856 15.567 16.249 16.903 16.854 16.450 16.056 15.673 15.301 14.940 14.590 14.251 13.923 13.606 13.299 13.004 12.713 12.434 12.170
16.014 15.884 15.744 15.593 15.431 15.259 15.076 14.882 14.678 14.464 14.301 14.209 14.072 13.889 13.659 13.383 13.061 12.693 12.279 11.819 11.312 10.770 10.296 9.991 9.686 9.382 9.078 8.776 8.474 8.173 7.873 7.573 7.320 7.114 7.012 7.054 7.101 7.154 7.212 7.276 7.345 7.419 7.499 7.584 7.675 7.772 8.221 9.035 9.819 10.576 11.303 12.001 12.671 13.312 13.924 14.508 15.062 15.588 15.626 15.270 14.925 14.591 14.267 13.955 13.653 13.362 13.083 12.814 12.556 12.309 12.078 11.866 11.669
17.490 17.323 17.145 16.957 16.758 16.549 16.329 16.098 15.857 15.606 15.354 15.101 14.803 14.459 14.068 13.631 13.149 12.620 12.045 11.424 10.756 10.052 9.420 9.147 8.903 8.667 8.440 8.221 8.010 7.808 7.613 7.427 7.250 7.080 6.983 7.049 7.121 7.198 7.280 7.368 7.461 7.560 7.664 7.774 7.889 8.009 8.342 9.027 9.685 10.313 10.913 11.483 12.026 12.539 13.024 13.479 13.906 14.305 14.388 14.081 13.784 13.498 13.223 12.959 12.706 12.464 12.233 12.012 11.802 11.604 11.430 11.284 11.154
18.974 18.770 18.555 18.329 18.093 17.847 17.590 17.323 17.044 16.756 16.448 16.035 15.575 15.070 14.519 13.910 13.142 12.392 11.659 10.942 10.242 9.565 8.952 8.737 8.530 8.331 8.140 7.958 7.784 7.618 7.460 7.311 7.170 7.037 6.948 7.039 7.134 7.236 7.342 7.454 7.572 7.695 7.823 7.957 8.096 8.241 8.492 9.051 9.580 10.081 10.553 10.996 11.411 11.797 12.154 12.482 12.782 13.053 13.141 12.882 12.634 12.396 12.170 11.954 11.750 11.556 11.373 11.200 11.039 10.889 10.767 10.688 10.624
20.466 20.224 19.972 19.710 19.437 19.153 18.859 18.555 18.184 17.537 16.888 16.099 15.323 14.564 13.822 13.096 12.388 11.696 11.021 10.363 9.722 9.104 8.506 8.318 8.147 7.985 7.831 7.686 7.549 7.419 7.299 7.186 7.082 6.986 6.908 7.022 7.142 7.267 7.398 7.534 7.676 7.823 7.976 8.134 8.297 8.466 8.673 9.104 9.506 9.879 10.224 10.540 10.827 11.085 11.315 11.516 11.688 11.832 11.885 11.674 11.474 11.285 11.107 10.940 10.783 10.638 10.503 10.379 10.266 10.164 10.090 10.078 10.081
21.965 21.589 20.952 20.312 19.670 19.024 18.377 17.726 17.073 16.417 15.759 15.037 14.320 13.620 12.936 12.269 11.619 10.986 10.370 9.770 9.187 8.628 8.089 7.890 7.756 7.631 7.514 7.405 7.304 7.212 7.128 7.052 6.985 6.925 6.874 7.000 7.144 7.293 7.448 7.609 7.775 7.946 8.123 8.305 8.492 8.685 8.884 9.187 9.462 9.708 9.925 10.114 10.274 10.405 10.507 10.581 10.626 10.642 10.619 10.456 10.305 10.164 10.034 9.915 9.807 9.710 9.624 9.548 9.483 9.430 9.400 9.454 9.524
21.190 20.547 19.900 19.251 18.599 17.945 17.288 16.629 15.966 15.302 14.634 13.962 13.303 12.661 12.036 11.428 10.836 10.262 9.704 9.163 8.638 8.138 7.658 7.454 7.357 7.268 7.188 7.116 7.052 6.996 6.949 6.909 6.878 6.856 6.841 6.971 7.139 7.313 7.492 7.677 7.867 8.062 8.263 8.470 8.681 8.898 9.121 9.301 9.448 9.567 9.657 9.718 9.751 9.755 9.730 9.677 9.595 9.484 9.345 9.229 9.126 9.034 8.952 8.881 8.822 8.773 8.734 8.707 8.691 8.767 8.970 9.246 9.504
20.161 19.508 18.853 18.194 17.533 16.870 16.204 15.535 14.864 14.190 13.513 12.873 12.273 11.689 11.123 10.573 10.040 9.523 9.024 8.541 8.075 7.633 7.213 7.009 6.948 6.896 6.853 6.817 6.790 6.771 6.760 6.758 6.763 6.777 6.799 6.937 7.129 7.327 7.530 7.739 7.953 8.173 8.398 8.628 8.864 9.105 9.352 9.445 9.465 9.457 9.419 9.353 9.259 9.136 8.984 8.803 8.594 8.357 8.090 7.993 8.008 8.139 8.285 8.446 8.623 8.814 9.021 9.242 9.479 9.731 9.998 10.202 10.384
19.136 18.474 17.809 17.141 16.472 15.799 15.124 14.446 13.765 13.082 12.396 11.770 11.228 10.703 10.195 9.704 9.229 8.771 8.330 7.906 7.498 7.115 6.753 6.555 6.531 6.516 6.509 6.510 6.519 6.537 6.563 6.597 6.639 6.690 6.749 6.896 7.113 7.335 7.562 7.795 8.034 8.277 8.526 8.781 9.041 9.306 9.577 9.619 9.512 9.376 9.212 9.030 8.865 8.708 8.562 8.425 8.298 8.181 8.073 8.171 8.354 8.552 8.765 8.993 9.237 9.495 9.768 10.057 10.360 10.679 11.013 11.174 11.281
18.114 17.443 16.769 16.093 15.414 14.732 14.047 13.360 12.671 11.979 11.284 10.653 10.170 9.704 9.254 8.821 8.404 8.005 7.622 7.256 6.907 6.582 6.279 6.093 6.106 6.127 6.156 6.194 6.240 6.294 6.357 6.428 6.506 6.593 6.689 6.850 7.091 7.337 7.589 7.846 8.108 8.376 8.649 8.910 9.149 9.366 9.561 9.555 9.394 9.242 9.099 8.967 8.844 8.730 8.627 8.533 8.449 8.374 8.309 8.435 8.685 8.950 9.230 9.524 9.834 10.160 10.500 10.855 11.225 11.610 12.011 12.161 12.193
17.097 16.417 15.734 15.048 14.360 13.669 12.975 12.279 11.580 10.879 10.175 9.523 9.098 8.690 8.298 7.924 7.566 7.224 6.900 6.592 6.301 6.035 5.791 5.622 5.671 5.729 5.795 5.870 5.952 6.043 6.142 6.249 6.365 6.533 6.770 7.032 7.349 7.644 7.917 8.168 8.398 8.605 8.791 8.954 9.096 9.216 9.314 9.310 9.191 9.082 8.983 8.893 8.813 8.742 8.682 8.631 8.589 8.558 8.536 8.683 9.000 9.331 9.678 10.039 10.416 10.808 11.215 11.637 12.074 12.526 12.993 13.165 13.120
16.084 15.394 14.702 14.007 13.310 12.610 11.907 11.202 10.494 9.783 9.070 8.379 8.012 7.662 7.329 7.013 6.713 6.430 6.164 5.914 5.682 5.474 5.289 5.142 5.302 5.575 5.840 6.097 6.346 6.587 6.820 7.045 7.263 7.472 7.674 7.876 8.095 8.293 8.469 8.624 8.756 8.866 8.955 9.022 9.067 9.090 9.091 9.054 8.979 8.912 8.856 8.809 8.772 8.744 8.726 8.718 8.720 8.731 8.752 8.915 9.299 9.697 10.110 10.539 10.982 11.440 11.914 12.402 12.906 13.424 13.958 14.183 14.063
15.074 14.376 13.674 12.970 12.264 11.555 10.843 10.129 9.412 8.692 7.970 7.245 6.913 6.621 6.346 6.088 5.886 5.956 6.028 6.102 6.180 6.240 6.282 6.326 6.566 6.804 7.034 7.255 7.469 7.675 7.873 8.063 8.245 8.419 8.585 8.742 8.865 8.966 9.045 9.102 9.137 9.151 9.143 9.113 9.061 8.987 8.891 8.789 8.756 8.733 8.719 8.715 8.721 8.736 8.761 8.796 8.840 8.894 8.957 9.132 9.582 10.047 10.527 11.022 11.532 12.057 12.597 13.152 13.722 14.307 14.907 15.218 15.022
14.069 13.361 12.651 11.938 11.222 10.504 9.783 9.059 8.333 7.669 7.259 6.877 6.862 6.929 7.000 7.073 7.149 7.227 7.308 7.392 7.478 7.547 7.598 7.652 7.838 8.040 8.235 8.421 8.600 8.770 8.933 9.088 9.235 9.373 9.504 9.627 9.657 9.661 9.643 9.603 9.542 9.459 9.354 9.227 9.078 8.907 8.715 8.514 8.524 8.543 8.572 8.611 8.660 8.718 8.785 8.863 8.950 9.047 9.153 9.332 9.849 10.381 10.927 11.489 12.065 12.657 13.263 13.885 14.522 15.173 15.840 16.268 15.997
13.067 12.350 11.688 11.178 10.696 10.243 9.818 9.421 9.053 8.712 8.400 8.117 8.084 8.161 8.240 8.322 8.407 8.494 8.584 8.677 8.772 8.850 8.911 8.973 9.117 9.284 9.443 9.594 9.738 9.873 10.000 10.120 10.231 10.335 10.431 10.519 10.472 10.379 10.264 10.128 9.970 9.789 9.588 9.364 9.118 8.851 8.562 8.251 8.282 8.344 8.416 8.497 8.589 8.689 8.800 8.920 9.050 9.189 9.338 9.517 10.100 10.699 11.312 11.940 12.583 13.241 13.914 14.602 15.305 16.024 16.757 17.333 16.987
12.927 12.458 12.018 11.606 11.223 10.867 10.540 10.242 9.971 9.729 9.515 9.329 9.302 9.388 9.476 9.567 9.661 9.757 9.856 9.958 10.062 10.150 10.219 10.291 10.403 10.535 10.659 10.775 10.883 10.983 11.075 11.159 11.236 11.304 11.365 11.418 11.309 11.120 10.908 10.675 10.420 10.143 9.845 9.524 9.182 8.818 8.432 8.024 8.030 8.135 8.249 8.374 8.507 8.651 8.804 8.967 9.140 9.322 9.513 9.715 10.336 11.001 11.680 12.375 13.085 13.809 14.549 15.303 16.073 16.857 17.657 18.309 17.636
13.034 12.663 12.321 12.008 11.722 11.465 11.236 11.035 10.862 10.718 10.602 10.514 10.516 10.611 10.708 10.808 10.911 11.016 11.125 11.235 11.349 11.445 11.524 11.604 11.696 11.793 11.882 11.962 12.035 12.100 12.157 12.206 12.248 12.281 12.306 12.324 12.170 11.883 11.575 11.245 10.894 10.520 10.125 9.708 9.269 8.808 8.326 7.822 7.768 7.915 8.073 8.240 8.416 8.603 8.799 9.004 9.219 9.444 9.678 9.922 10.556 11.287 12.003 12.647 13.266 13.858 14.423 14.963 15.477 15.964 16.425 16.860 16.332
13.114 12.842 12.598 12.382 12.195 12.035 11.904 11.801 11.727 11.680 11.662 11.672 11.726 11.830 11.936 12.045 12.157 12.272 12.389 12.508 12.631 12.736 12.824 12.914 12.997 13.058 13.112 13.157 13.195 13.225 13.247 13.261 13.267 13.265 13.255 13.238 13.053 12.670 12.265 11.838 11.390 10.920 10.428 9.915 9.379 8.822 8.243 7.642 7.496 7.686 7.886 8.096 8.315 8.594 8.959 9.271 9.529 9.734 9.885 9.982 10.427 11.008 11.563 12.092 12.595 13.072 13.522 13.947 14.345 14.717 15.064 15.383 15.013
13.168 12.994 12.848 12.730 12.640 12.579 12.546 12.540 12.564 12.615 12.694 12.802 12.932 13.045 13.160 13.278 13.399 13.523 13.649 13.777 13.909 14.023 14.120 14.219 14.305 14.331 14.349 14.360 14.362 14.357 14.343 14.322 14.293 14.256 14.212 14.159 13.958 13.479 12.978 12.454 11.910 11.343 10.755 10.144 9.596 9.270 8.937 8.597 8.618 9.014 9.357 9.646 9.881 10.063 10.192 10.266 10.287 10.255 10.169 10.029 10.245 10.711 11.151 11.564 11.952 12.313 12.649 12.958 13.241 13.498 13.729 13.934 13.677
