DATA/SHG/ECMWF/20170628/EN-40/20170705.en-40.asc
ncols        190
nrows        64
xllcorner    -5100000.000000000000
yllcorner    4130000.000000000000
cellsize     10000.000000000000
NODATA_value  -99999.000
[rows 0 to 32 of 64, columns 0 to 72 of 190]
1.585 1.615 1.653 1.699 1.754 1.816 1.887 1.965 2.052 2.438 2.925 3.418 3.918 4.425 4.939 5.459 5.986 6.520 7.061 7.594 8.131 8.341 8.388 8.425 8.451 8.468 8.475 8.471 8.457 8.434 8.400 8.356 8.302 8.401 8.592 8.771 8.936 9.087 9.225 9.350 9.462 9.560 9.645 9.716 9.774 9.797 9.807 9.830 9.865 9.913 9.974 10.047 10.134 10.232 10.344 10.468 10.605 10.528 10.180 9.826 9.466 9.099 8.726 8.347 7.961 7.569 7.171 6.766 6.355 6.111 6.133 6.136 6.121
1.439 1.498 1.565 1.640 1.723 1.813 1.912 2.019 2.134 2.489 2.999 3.517 4.017 4.524 5.040 5.565 6.098 6.639 7.190 7.748 8.315 8.591 8.602 8.604 8.595 8.576 8.547 8.507 8.458 8.399 8.329 8.249 8.160 8.179 8.324 8.455 8.573 8.678 8.769 8.847 8.912 8.963 9.001 9.026 9.037 9.055 9.110 9.178 9.258 9.351 9.456 9.574 9.705 9.849 10.005 10.174 10.356 10.369 9.999 9.623 9.240 8.851 8.456 8.054 7.646 7.232 6.811 6.384 5.951 5.614 5.571 5.509 5.429
1.285 1.373 1.468 1.571 1.685 1.807 1.919 2.020 2.111 2.388 2.900 3.421 3.950 4.488 5.034 5.589 6.152 6.724 7.304 7.893 8.490 8.852 8.828 8.793 8.748 8.694 8.629 8.554 8.469 8.374 8.269 8.154 8.028 7.972 8.069 8.154 8.225 8.283 8.327 8.358 8.376 8.381 8.372 8.350 8.314 8.302 8.402 8.514 8.639 8.776 8.927 9.090 9.265 9.453 9.654 9.868 10.094 10.217 9.824 9.426 9.021 8.610 8.192 7.768 7.338 6.902 6.459 6.010 5.634 5.312 5.300 5.271 5.227
1.301 1.428 1.545 1.651 1.747 1.832 1.907 1.972 2.025 2.222 2.764 3.315 3.875 4.442 5.019 5.604 6.197 6.799 7.409 8.028 8.655 9.123 9.063 8.993 8.913 8.822 8.722 8.611 8.491 8.360 8.219 8.069 7.908 7.778 7.829 7.867 7.891 7.902 7.900 7.884 7.855 7.813 7.757 7.688 7.606 7.537 7.682 7.839 8.008 8.190 8.385 8.593 8.813 9.046 9.292 9.550 9.821 10.071 9.656 9.235 8.811 8.418 8.031 7.651 7.278 6.911 6.551 6.198 5.851 5.511 5.438 5.354 5.253
1.522 1.612 1.692 1.761 1.820 1.869 1.906 1.934 1.951 2.047 2.619 3.200 3.790 4.388 4.994 5.609 6.233 6.865 7.505 8.154 8.811 9.404 9.309 9.203 9.087 8.961 8.825 8.679 8.523 8.357 8.180 7.994 7.798 7.599 7.603 7.594 7.571 7.535 7.486 7.424 7.348 7.259 7.157 7.041 6.912 6.770 6.950 7.151 7.366 7.593 7.832 8.084 8.349 8.637 8.964 9.287 9.607 9.924 9.596 9.213 8.836 8.466 8.103 7.746 7.396 7.053 6.716 6.385 6.062 5.745 5.591 5.451 5.294
1.754 1.807 1.850 1.883 1.905 1.916 1.917 1.908 1.888 1.862 2.465 3.076 3.696 4.324 4.960 5.606 6.259 6.921 7.591 8.270 8.958 9.654 9.565 9.423 9.272 9.110 8.939 8.757 8.565 8.364 8.152 7.930 7.698 7.456 7.391 7.335 7.265 7.183 7.087 6.978 6.855 6.720 6.571 6.408 6.233 6.044 6.247 6.584 6.919 7.250 7.577 7.902 8.224 8.542 8.858 9.170 9.479 9.785 9.570 9.209 8.856 8.509 8.169 7.835 7.508 7.188 6.874 6.567 6.266 5.972 5.759 5.563 5.351
1.997 2.014 2.020 2.015 2.000 1.975 1.939 1.893 1.837 1.770 2.302 2.943 3.593 4.251 4.917 5.593 6.276 6.968 7.669 8.377 9.095 9.821 9.831 9.654 9.467 9.270 9.063 8.846 8.619 8.381 8.134 7.877 7.609 7.332 7.192 7.090 6.974 6.844 6.702 6.600 6.529 6.449 6.360 6.262 6.156 6.040 6.231 6.558 6.881 7.201 7.518 7.832 8.143 8.450 8.755 9.056 9.354 9.650 9.537 9.200 8.869 8.545 8.228 7.918 7.614 7.316 7.026 6.741 6.464 6.193 5.942 5.690 5.422
2.251 2.231 2.200 2.159 2.107 2.045 1.973 1.890 1.797 1.693 2.129 2.801 3.480 4.169 4.865 5.570 6.284 7.006 7.736 8.475 9.223 9.978 10.107 9.895 9.672 9.440 9.197 8.945 8.682 8.409 8.127 7.834 7.570 7.346 7.235 7.177 7.110 7.034 6.950 6.856 6.754 6.643 6.523 6.394 6.257 6.111 6.219 6.534 6.847 7.156 7.462 7.765 8.065 8.361 8.655 8.946 9.233 9.517 9.497 9.183 8.876 8.575 8.281 7.994 7.713 7.438 7.171 6.910 6.655 6.407 6.140 5.832 5.508
2.517 2.459 2.392 2.314 2.225 2.127 2.017 1.898 1.768 1.627 1.948 2.649 3.359 4.077 4.804 5.539 6.282 7.034 7.795 8.564 9.341 10.127 10.394 10.146 9.888 9.528 9.192 8.889 8.617 8.378 8.170 7.995 7.851 7.740 7.655 7.566 7.468 7.361 7.245 7.121 6.988 6.846 6.695 6.536 6.367 6.190 6.209 6.514 6.815 7.113 7.409 7.701 7.990 8.276 8.558 8.838 9.115 9.388 9.452 9.161 8.876 8.599 8.328 8.063 7.805 7.554 7.309 7.071 6.840 6.615 6.353 5.989 5.609
2.793 2.699 2.595 2.480 2.355 2.219 2.073 1.917 1.750 1.573 1.757 2.489 3.228 3.976 4.733 5.498 6.272 7.041 7.715 8.365 8.993 9.597 9.848 9.529 9.242 8.987 8.764 8.573 8.414 8.288 8.193 8.130 8.099 8.101 8.084 7.963 7.834 7.696 7.550 7.394 7.230 7.057 6.876 6.685 6.486 6.278 6.202 6.496 6.787 7.074 7.359 7.640 7.918 8.193 8.465 8.734 8.999 9.262 9.400 9.132 8.871 8.616 8.368 8.127 7.892 7.663 7.442 7.227 7.018 6.816 6.581 6.161 5.726
3.081 2.950 2.809 2.657 2.496 2.323 2.141 1.948 1.744 1.531 1.562 2.315 3.046 3.754 4.438 5.100 5.739 6.355 6.948 7.518 8.065 8.589 8.936 8.730 8.555 8.413 8.303 8.225 8.179 8.164 8.182 8.232 8.314 8.428 8.520 8.369 8.209 8.040 7.863 7.677 7.481 7.278 7.065 6.844 6.614 6.375 6.199 6.482 6.761 7.038 7.312 7.582 7.849 8.114 8.375 8.633 8.887 9.139 9.341 9.097 8.858 8.627 8.402 8.183 7.972 7.766 7.568 7.376 7.190 7.011 6.823 6.348 5.857
3.379 3.212 3.034 2.839 2.633 2.426 2.218 2.008 1.797 1.584 1.465 2.138 2.788 3.415 4.019 4.600 5.159 5.694 6.206 6.696 7.162 7.606 7.991 7.898 7.836 7.807 7.809 7.843 7.910 8.008 8.138 8.301 8.495 8.721 8.965 8.783 8.592 8.393 8.184 7.967 7.741 7.506 7.263 7.011 6.750 6.480 6.202 6.470 6.739 7.005 7.268 7.527 7.784 8.037 8.287 8.534 8.778 9.019 9.257 9.055 8.840 8.631 8.429 8.234 8.045 7.863 7.687 7.463 7.203 6.947 6.694 6.152 5.597
3.556 3.350 3.142 2.933 2.722 2.511 2.297 2.083 1.867 1.649 1.430 1.985 2.555 3.101 3.625 4.126 4.603 5.058 5.490 5.899 6.286 6.649 6.989 7.034 7.085 7.168 7.283 7.429 7.608 7.819 8.062 8.336 8.643 8.981 9.352 9.206 8.984 8.754 8.514 8.266 8.009 7.744 7.470 7.187 6.895 6.594 6.285 6.462 6.720 6.975 7.227 7.476 7.721 7.964 8.203 8.439 8.673 8.903 9.130 9.008 8.754 8.480 8.210 7.944 7.682 7.423 7.169 6.918 6.672 6.429 6.190 5.728 5.217
3.667 3.455 3.243 3.029 2.813 2.596 2.378 2.159 1.938 1.715 1.491 1.857 2.346 2.812 3.256 3.676 4.073 4.448 4.799 5.128 5.434 5.717 5.977 6.137 6.301 6.496 6.723 6.983 7.274 7.597 7.952 8.339 8.757 9.208 9.691 9.637 9.384 9.123 8.853 8.574 8.286 7.990 7.685 7.371 7.048 6.717 6.377 6.457 6.704 6.948 7.189 7.427 7.662 7.823 7.968 8.109 8.248 8.383 8.516 8.374 8.110 7.849 7.593 7.340 7.092 6.847 6.607 6.370 6.137 5.909 5.684 5.293 4.825
3.779 3.563 3.345 3.126 2.906 2.684 2.461 2.236 2.010 1.783 1.554 1.754 2.163 2.548 2.911 3.251 3.568 3.862 4.134 4.382 4.608 4.811 4.991 5.208 5.484 5.792 6.132 6.503 6.906 7.342 7.809 8.308 8.839 9.402 9.996 10.076 9.793 9.501 9.200 8.890 8.572 8.244 7.909 7.564 7.211 6.848 6.393 6.288 6.441 6.591 6.737 6.881 7.021 7.158 7.292 7.423 7.551 7.676 7.797 7.712 7.462 7.215 6.973 6.734 6.499 6.269 6.042 5.819 5.600 5.385 5.174 4.848 4.422
3.892 3.671 3.449 3.225 2.999 2.772 2.544 2.315 2.084 1.852 1.618 1.675 2.004 2.309 2.592 2.851 3.088 3.302 3.493 3.662 3.807 3.930 4.029 4.247 4.635 5.055 5.507 5.991 6.506 7.054 7.633 8.244 8.887 9.562 10.268 10.524 10.210 9.887 9.539 9.088 8.637 8.183 7.728 7.271 6.813 6.353 5.892 5.693 5.835 5.974 6.109 6.242 6.372 6.498 6.621 6.741 6.858 6.972 7.083 7.048 6.811 6.578 6.350 6.125 5.904 5.687 5.474 5.265 5.060 4.859 4.661 4.391 4.008
4.007 3.781 3.554 3.325 3.094 2.863 2.630 2.395 2.159 1.922 1.684 1.621 1.869 2.095 2.297 2.477 2.633 2.767 2.878 2.966 3.032 3.074 3.094 3.254 3.754 4.286 4.850 5.446 6.073 6.733 7.424 8.141 8.838 9.509 10.156 10.443 9.992 9.539 9.085 8.629 8.172 7.712 7.252 6.789 6.325 5.860 5.392 5.101 5.232 5.360 5.485 5.607 5.726 5.841 5.954 6.063 6.169 6.272 6.372 6.380 6.158 5.939 5.724 5.513 5.306 5.103 4.903 4.708 4.517 4.329 4.146 3.923 3.584
4.124 3.893 3.660 3.426 3.191 2.954 2.716 2.477 2.236 1.994 1.751 1.592 1.760 1.905 2.027 2.127 2.203 2.257 2.288 2.296 2.281 2.244 2.183 2.228 2.926 3.711 4.471 5.205 5.915 6.599 7.258 7.892 8.501 9.084 9.643 10.009 9.552 9.094 8.634 8.172 7.709 7.244 6.778 6.310 5.840 5.369 4.896 4.514 4.634 4.751 4.865 4.976 5.084 5.189 5.291 5.389 5.484 5.576 5.665 5.710 5.501 5.296 5.095 4.898 4.705 4.515 4.330 4.148 3.971 3.797 3.627 3.444 3.148
4.242 4.006 3.768 3.529 3.289 3.048 2.805 2.560 2.315 2.067 1.819 1.588 1.675 1.740 1.782 1.802 1.798 1.877 2.007 2.131 2.250 2.363 2.470 2.598 3.320 4.016 4.688 5.334 5.956 6.552 7.123 7.669 8.190 8.686 9.157 9.577 9.115 8.651 8.185 7.718 7.249 6.778 6.306 5.832 5.357 4.880 4.401 3.930 4.040 4.146 4.249 4.350 4.447 4.540 4.631 4.719 4.803 4.885 4.963 5.037 4.842 4.651 4.464 4.280 4.101 3.925 3.753 3.586 3.422 3.262 3.106 2.954 2.702
4.361 4.120 3.877 3.634 3.389 3.142 2.894 2.645 2.394 2.142 1.994 1.841 1.954 2.092 2.224 2.351 2.472 2.588 2.698 2.803 2.902 2.995 3.083 3.165 3.739 4.347 4.931 5.490 6.023 6.531 7.015 7.473 7.906 8.314 8.696 9.054 8.680 8.210 7.739 7.266 6.791 6.315 5.837 5.358 4.877 4.394 3.910 3.424 3.449 3.545 3.637 3.727 3.813 3.896 3.976 4.053 4.126 4.197 4.264 4.329 4.180 4.003 3.829 3.659 3.494 3.332 3.174 3.020 2.870 2.724 2.581 2.443 2.244
4.481 4.236 3.988 3.971 3.925 3.848 3.740 3.602 3.434 3.235 3.005 2.745 2.768 2.886 2.999 3.106 3.208 3.304 3.394 3.479 3.559 3.632 3.701 3.763 4.183 4.704 5.200 5.670 6.116 6.537 6.932 7.302 7.647 7.968 8.263 8.533 8.248 7.772 7.295 6.816 6.336 5.854 5.370 4.885 4.399 3.910 3.420 2.929 2.862 2.947 3.029 3.108 3.183 3.255 3.324 3.390 3.453 3.513 3.570 3.623 3.515 3.352 3.192 3.036 2.884 2.736 2.592 2.479 2.414 2.348 2.283 2.219 2.112
6.047 5.984 5.891 5.767 5.613 5.429 5.214 4.968 4.692 4.385 4.048 3.680 3.587 3.685 3.779 3.866 3.948 4.024 4.095 4.161 4.220 4.275 4.323 4.366 4.653 5.086 5.494 5.877 6.235 6.568 6.875 7.158 7.415 7.648 7.855 8.038 7.817 7.336 6.853 6.369 5.883 5.395 4.906 4.415 3.923 3.429 2.933 2.436 2.280 2.354 2.425 2.492 2.557 2.619 2.677 2.732 2.784 2.833 2.879 2.922 2.890 2.823 2.756 2.689 2.623 2.557 2.492 2.427 2.363 2.300 2.236 2.174 2.083
8.197 8.026 7.826 7.595 7.333 7.041 6.718 6.365 5.981 5.567 5.122 4.647 4.411 4.490 4.563 4.631 4.693 4.750 4.801 4.847 4.887 4.922 4.951 4.974 5.149 5.494 5.814 6.109 6.380 6.625 6.845 7.039 7.209 7.354 7.474 7.569 7.390 6.903 6.414 5.924 5.432 4.939 4.444 3.948 3.450 2.950 2.449 1.946 1.701 1.764 1.824 1.881 1.935 2.041 2.177 2.308 2.436 2.560 2.679 2.795 2.826 2.760 2.695 2.630 2.565 2.501 2.438 2.375 2.313 2.251 2.189 2.128 2.051
10.377 10.099 9.791 9.453 9.083 8.684 8.254 7.793 7.302 6.780 6.228 5.646 5.239 5.299 5.352 5.401 5.443 5.481 5.512 5.538 5.559 5.574 5.583 5.587 5.670 5.928 6.160 6.368 6.550 6.707 6.840 6.947 7.029 7.087 7.119 7.126 6.964 6.472 5.977 5.482 4.984 4.485 3.985 3.483 2.979 2.473 2.025 1.608 1.376 1.517 1.655 1.789 1.919 2.044 2.166 2.284 2.398 2.507 2.613 2.715 2.761 2.697 2.633 2.570 2.507 2.445 2.384 2.322 2.262 2.201 2.142 2.082 2.015
12.589 12.203 11.788 11.342 10.865 10.358 9.820 9.252 8.654 8.025 7.366 6.676 6.073 6.112 6.147 6.175 6.198 6.216 6.228 6.235 6.235 6.231 6.221 6.205 6.217 6.387 6.531 6.651 6.746 6.816 6.861 6.881 6.875 6.845 6.790 6.710 6.541 6.043 5.543 5.060 4.593 4.140 3.702 3.277 2.867 2.471 2.089 1.722 1.452 1.580 1.704 1.824 1.939 2.051 2.159 2.263 2.363 2.459 2.551 2.639 2.696 2.634 2.572 2.510 2.449 2.389 2.329 2.269 2.210 2.152 2.094 2.036 1.976
14.816 14.338 13.815 13.261 12.678 12.063 11.418 10.743 10.038 9.302 8.535 7.738 6.911 6.931 6.946 6.955 6.958 6.956 6.949 6.936 6.917 6.893 6.863 6.828 6.789 6.871 6.928 6.961 6.968 6.950 6.908 6.839 6.693 6.547 6.401 6.255 6.102 5.642 5.196 4.764 4.347 3.944 3.554 3.180 2.819 2.472 2.140 1.822 1.533 1.646 1.756 1.862 1.964 2.062 2.156 2.246 2.332 2.415 2.493 2.567 2.631 2.570 2.510 2.450 2.391 2.332 2.273 2.216 2.158 2.101 2.045 1.989 1.934
16.873 16.503 15.873 15.212 14.521 13.800 13.048 12.265 11.453 10.609 9.736 8.832 7.898 7.754 7.750 7.739 7.723 7.702 7.674 7.642 7.604 7.560 7.511 7.456 7.371 7.215 7.069 6.923 6.777 6.632 6.486 6.340 6.194 6.048 5.903 5.757 5.611 5.233 4.837 4.454 4.086 3.733 3.393 3.068 2.756 2.459 2.176 1.908 1.653 1.717 1.813 1.905 1.993 2.077 2.157 2.234 2.306 2.374 2.438 2.499 2.555 2.506 2.447 2.389 2.332 2.274 2.218 2.162 2.106 2.051 1.996 1.942 1.888
18.906 18.699 17.962 17.194 16.396 15.567 14.708 13.819 12.899 11.949 10.968 9.957 8.916 8.583 8.558 8.528 8.493 8.449 8.369 8.243 8.071 7.854 7.592 7.283 6.929 6.717 6.571 6.425 6.279 6.134 5.988 5.842 5.696 5.550 5.405 5.259 5.113 4.810 4.463 4.131 3.812 3.508 3.218 2.942 2.680 2.432 2.198 1.979 1.774 1.791 1.873 1.951 2.026 2.096 2.162 2.225 2.283 2.337 2.388 2.434 2.477 2.441 2.384 2.328 2.272 2.217 2.162 2.107 2.054 2.000 1.947 1.895 1.843
20.917 20.926 20.081 19.206 18.301 17.365 16.399 15.403 14.376 13.319 12.279 11.253 10.186 9.678 9.620 9.517 9.368 9.174 8.934 8.648 8.317 7.940 7.518 7.050 6.536 6.219 6.073 5.927 5.782 5.636 5.490 5.345 5.199 5.053 4.908 4.762 4.616 4.374 4.076 3.793 3.524 3.269 3.028 2.802 2.589 2.391 2.207 2.037 1.881 1.869 1.937 2.001 2.062 2.118 2.171 2.219 2.264 2.305 2.341 2.374 2.403 2.377 2.321 2.267 2.212 2.159 2.106 2.053 2.001 1.949 1.898 1.847 1.796
22.903 23.183 22.232 21.337 20.456 19.533 18.568 17.563 16.515 15.427 14.297 13.125 11.912 11.089 10.871 10.608 10.300 9.945 9.546 9.101 8.610 8.074 7.492 6.865 6.192 5.722 5.576 5.431 5.285 5.139 4.994 4.848 4.702 4.557 4.411 4.265 4.120 3.923 3.675 3.442 3.222 3.016 2.825 2.648 2.484 2.335 2.201 2.080 1.973 1.950 2.005 2.056 2.102 2.145 2.184 2.218 2.249 2.276 2.299 2.317 2.332 2.311 2.258 2.205 2.152 2.100 2.049 1.998 1.989 2.025 2.030 2.005 1.949
25.709 26.348 25.404 24.418 23.390 22.322 21.212 20.060 18.867 17.633 16.357 15.040 13.682 12.546 12.169 11.747 11.279 10.765 10.206 9.601 8.951 8.255 7.514 6.728 5.896 5.226 5.080 4.934 4.789 4.643 4.498 4.352 4.206 4.061 3.915 3.770 3.624 3.459 3.261 3.076 2.906 2.750 2.608 2.480 2.366 2.266 2.180 2.109 2.052 2.036 2.077 2.113 2.146 2.175 2.200 2.221 2.238 2.251 2.260 2.265 2.266 2.351 2.495 2.608 2.690 2.742 2.763 2.754 2.714 2.643 2.542 2.410 2.247
28.962 29.762 28.672 27.540 26.367 25.152 23.897 22.599 21.261 19.881 18.460 16.997 15.494 14.051 13.515 12.932 12.305 11.632 10.913 10.150 9.340 8.485 7.585 6.639 5.648 4.730 4.585 4.439 4.293 4.148 4.002 3.857 3.711 3.566 3.420 3.275 3.129 2.982 2.832 2.697 2.576 2.469 2.376 2.298 2.233 2.183 2.146 2.124 2.116 2.125 2.152 2.175 2.194 2.209 2.345 2.567 2.789 3.010 3.230 3.450 3.670 3.851 3.888 3.894 3.870 3.815 3.730 3.613 3.467 3.289 3.081 2.843 2.574
32.255 33.040 31.981 30.703 29.385 28.025 26.624 25.181 23.697 22.172 20.605 18.997 17.348 15.658 14.907 14.165 13.379 12.546 11.669 10.746 9.777 8.763 7.704 6.599 5.448 4.253 4.090 3.944 3.799 3.653 3.508 3.362 3.217 3.071 2.926 2.780 2.635 2.490 2.390 2.304 2.232 2.175 2.131 2.102 2.086 2.085 2.098 2.291 2.540 2.766 2.989 3.211 3.433 3.654 3.875 4.095 4.314 4.533 4.752 4.970 5.187 5.379 5.309 5.209 5.078 4.916 4.724 4.501 4.248 3.964 3.649 3.304 2.929
