DATA/SHG/ECMWF/20170628/EN-12/20170707.en-12.asc
ncols        190
nrows        64
xllcorner    -5100000.000000000000
yllcorner    4130000.000000000000
cellsize     10000.000000000000
NODATA_value  -99999.000
[rows 0 to 32 of 64, columns 74 to 147 of 190]
1.926 2.141 2.361 2.586 2.816 3.052 3.292 3.516 3.667 3.796 3.919 4.035 4.146 4.250 4.347 4.439 4.524 4.603 4.676 4.774 4.979 5.184 5.383 5.577 5.764 5.946 6.121 6.291 6.454 6.612 6.764 6.905 7.037 7.185 7.348 7.526 7.719 7.928 8.152 8.391 8.645 8.914 9.199 9.457 9.597 9.744 9.899 10.062 10.232 10.410 10.595 10.788 10.989 11.197 11.412 11.434 10.852 10.251 9.631 8.992 8.335 7.658 6.963 6.248 5.515 4.763 3.992 3.356 3.154 2.964 2.788 2.624 2.474 2.336
1.963 2.184 2.399 2.609 2.816 3.018 3.217 3.398 3.512 3.619 3.720 3.815 3.903 3.985 4.061 4.131 4.195 4.252 4.303 4.362 4.540 4.719 4.891 5.058 5.219 5.374 5.523 5.667 5.804 5.935 6.061 6.189 6.389 6.605 6.836 7.082 7.344 7.621 7.912 8.219 8.542 8.879 9.232 9.574 9.748 9.929 10.118 10.314 10.518 10.730 10.949 11.176 11.410 11.652 11.902 12.031 11.365 10.679 9.975 9.251 8.509 7.748 6.968 6.169 5.351 4.514 3.658 2.895 2.750 2.618 2.499 2.393 2.300 2.219
1.924 2.129 2.330 2.526 2.719 2.909 3.094 3.271 3.363 3.448 3.527 3.600 3.667 3.727 3.781 3.829 3.871 3.907 3.936 3.959 4.108 4.261 4.407 4.547 4.682 4.811 4.933 5.050 5.161 5.266 5.365 5.458 5.725 6.009 6.308 6.623 6.952 7.297 7.657 8.032 8.422 8.828 9.249 9.682 9.890 10.105 10.328 10.558 10.796 11.042 11.295 11.556 11.824 12.100 12.383 12.648 11.897 11.127 10.337 9.529 8.703 7.857 6.992 6.109 5.206 4.285 3.345 2.466 2.460 2.450 2.437 2.422 2.403 2.381
1.886 2.077 2.264 2.447 2.627 2.802 2.974 3.142 3.219 3.283 3.340 3.392 3.436 3.475 3.508 3.534 3.554 3.568 3.575 3.577 3.684 3.810 3.930 4.044 4.152 4.254 4.351 4.441 4.525 4.604 4.676 4.743 5.046 5.398 5.765 6.147 6.545 6.958 7.386 7.829 8.287 8.760 9.249 9.753 10.024 10.273 10.530 10.794 11.066 11.345 11.632 11.927 12.229 12.538 12.855 13.180 12.448 11.593 10.674 9.724 8.794 7.886 6.999 6.132 5.287 4.463 3.660 2.877 2.805 2.781 2.755 2.725 2.693 2.657
1.851 2.029 2.203 2.372 2.538 2.700 2.858 3.012 3.082 3.124 3.159 3.189 3.212 3.229 3.240 3.244 3.243 3.235 3.221 3.200 3.267 3.367 3.460 3.548 3.630 3.705 3.775 3.839 3.897 3.949 3.996 4.036 4.350 4.770 5.205 5.656 6.121 6.602 7.098 7.609 8.135 8.677 9.233 9.805 10.150 10.433 10.724 11.022 11.327 11.566 11.750 11.938 12.129 12.324 12.522 12.724 12.036 11.137 10.259 9.402 8.566 7.751 6.957 6.184 5.432 4.701 3.991 3.302 3.152 3.115 3.075 3.032 2.985 2.936
1.820 1.984 2.145 2.301 2.453 2.601 2.746 2.887 2.950 2.971 2.984 2.992 2.994 2.989 2.978 2.961 2.938 2.908 2.872 2.830 2.857 2.931 2.998 3.059 3.114 3.164 3.207 3.245 3.277 3.303 3.322 3.336 3.639 4.127 4.630 5.148 5.682 6.230 6.794 7.373 7.936 8.458 8.955 9.425 9.698 9.880 10.066 10.255 10.449 10.645 10.846 11.050 11.258 11.469 11.685 11.903 11.413 10.608 9.823 9.059 8.317 7.595 6.895 6.215 5.556 4.919 4.302 3.706 3.502 3.451 3.398 3.341 3.281 3.217
1.793 1.944 2.090 2.233 2.372 2.507 2.638 2.765 2.825 2.823 2.815 2.802 2.781 2.755 2.722 2.684 2.639 2.587 2.530 2.466 2.455 2.502 2.543 2.578 2.607 2.630 2.647 2.658 2.664 2.663 2.657 2.724 3.102 3.719 4.309 4.872 5.410 5.920 6.405 6.863 7.295 7.700 8.079 8.432 8.691 8.890 9.092 9.298 9.508 9.722 9.939 10.160 10.384 10.612 10.844 11.080 10.770 10.058 9.366 8.696 8.047 7.419 6.811 6.225 5.659 5.115 4.591 4.088 3.855 3.790 3.723 3.652 3.578 3.502
1.770 1.907 2.040 2.169 2.294 2.415 2.533 2.646 2.705 2.682 2.652 2.617 2.575 2.527 2.473 2.412 2.346 2.273 2.194 2.108 2.060 2.080 2.141 2.225 2.316 2.413 2.518 2.629 2.747 2.873 3.005 3.143 3.431 3.930 4.402 4.848 5.268 5.661 6.028 6.369 6.683 6.971 7.233 7.468 7.682 7.897 8.116 8.339 8.565 8.795 9.029 9.267 9.508 9.753 10.001 10.254 10.106 9.487 8.889 8.312 7.756 7.221 6.707 6.213 5.741 5.289 4.859 4.449 4.210 4.132 4.051 3.966 3.879 3.788
1.750 1.873 1.993 2.108 2.220 2.328 2.432 2.532 2.591 2.546 2.495 2.438 2.374 2.305 2.239 2.209 2.178 2.145 2.111 2.075 2.068 2.169 2.277 2.391 2.513 2.641 2.776 2.918 3.067 3.222 3.385 3.554 3.788 4.169 4.524 4.853 5.155 5.431 5.681 5.904 6.101 6.271 6.416 6.534 6.669 6.902 7.137 7.377 7.620 7.866 8.117 8.371 8.629 8.890 9.156 9.425 9.422 8.896 8.391 7.907 7.444 7.002 6.581 6.181 5.801 5.443 5.105 4.789 4.568 4.476 4.381 4.283 4.182 4.078
1.733 1.843 1.949 2.051 2.149 2.244 2.334 2.432 2.529 2.502 2.475 2.445 2.415 2.383 2.349 2.314 2.278 2.240 2.201 2.161 2.135 2.266 2.405 2.550 2.702 2.861 3.026 3.199 3.378 3.564 3.757 3.957 4.174 4.438 4.675 4.886 5.071 5.230 5.362 5.468 5.548 5.601 5.628 5.629 5.655 5.903 6.156 6.412 6.672 6.935 7.202 7.473 7.747 8.025 8.307 8.593 8.717 8.285 7.873 7.482 7.112 6.763 6.435 6.127 5.841 5.575 5.331 5.107 4.929 4.823 4.714 4.602 4.488 4.370
1.734 1.861 1.985 2.107 2.225 2.341 2.454 2.564 2.670 2.638 2.606 2.571 2.536 2.499 2.460 2.420 2.379 2.337 2.292 2.247 2.199 2.356 2.525 2.700 2.883 3.072 3.268 3.472 3.681 3.898 4.122 4.352 4.587 4.734 4.854 4.948 5.016 5.057 5.072 5.061 5.023 4.959 4.869 4.753 4.637 4.903 5.172 5.444 5.721 6.001 6.284 6.572 6.863 7.158 7.456 7.758 7.992 7.652 7.334 7.036 6.759 6.502 6.267 6.053 5.859 5.687 5.535 5.404 5.292 5.172 5.050 4.924 4.796 4.664
1.938 2.055 2.169 2.281 2.390 2.495 2.599 2.699 2.796 2.775 2.738 2.699 2.658 2.616 2.573 2.528 2.482 2.434 2.385 2.335 2.281 2.437 2.637 2.843 3.056 3.276 3.503 3.736 3.977 4.224 4.478 4.739 5.006 5.059 5.062 5.038 4.989 4.913 4.811 4.683 4.528 4.347 4.140 3.907 3.647 3.899 4.185 4.474 4.767 5.064 5.364 5.668 5.976 6.287 6.602 6.921 7.244 7.000 6.774 6.569 6.385 6.221 6.079 5.957 5.857 5.777 5.718 5.671 5.618 5.465 5.313 5.163 5.014 4.867
2.144 2.251 2.356 2.457 2.556 2.652 2.746 2.836 2.924 2.914 2.871 2.827 2.781 2.734 2.686 2.636 2.585 2.533 2.479 2.423 2.365 2.511 2.741 2.978 3.221 3.472 3.729 3.993 4.264 4.541 4.826 5.117 5.415 5.412 5.298 5.157 4.991 4.798 4.579 4.333 4.062 3.764 3.440 3.089 2.713 2.894 3.196 3.502 3.811 4.124 4.441 4.762 5.086 5.414 5.746 6.081 6.420 6.326 6.217 6.144 6.076 6.014 5.957 5.906 5.861 5.822 5.788 5.760 5.737 5.600 5.455 5.313 5.172 5.032
2.352 2.449 2.544 2.636 2.725 2.811 2.895 2.976 3.053 3.053 3.005 2.956 2.906 2.854 2.801 2.746 2.690 2.632 2.574 2.513 2.450 2.577 2.838 3.105 3.379 3.660 3.947 4.242 4.543 4.851 5.166 5.487 5.816 5.793 5.562 5.305 5.021 4.711 4.375 4.013 3.624 3.210 2.769 2.301 1.808 1.885 2.204 2.526 2.853 3.240 3.682 4.112 4.531 4.937 5.332 5.716 6.088 6.128 6.074 6.025 5.983 5.946 5.914 5.889 5.869 5.854 5.846 5.843 5.845 5.733 5.596 5.461 5.327 5.195
2.563 2.650 2.735 2.817 2.897 2.973 3.047 3.118 3.186 3.193 3.141 3.087 3.031 2.975 2.916 2.857 2.796 2.733 2.670 2.604 2.536 2.635 2.926 3.224 3.528 3.839 4.157 4.482 4.814 5.152 5.498 5.850 6.209 6.203 5.855 5.480 5.080 4.653 4.200 3.721 3.242 2.797 2.373 1.971 1.590 1.705 2.141 2.566 2.980 3.381 3.771 4.149 4.516 4.871 5.215 5.546 5.867 5.954 5.925 5.902 5.884 5.872 5.866 5.866 5.871 5.881 5.898 5.920 5.948 5.864 5.734 5.607 5.481 5.357
2.775 2.853 2.928 3.001 3.070 3.137 3.201 3.262 3.320 3.335 3.277 3.218 3.158 3.096 3.033 2.969 2.903 2.835 2.767 2.697 2.624 2.686 3.007 3.335 3.670 4.011 4.360 4.715 5.077 5.446 5.822 6.144 6.407 6.344 5.845 5.367 4.911 4.476 4.061 3.668 3.296 2.945 2.616 2.307 2.020 2.064 2.449 2.822 3.184 3.534 3.872 4.199 4.514 4.817 5.109 5.389 5.658 5.774 5.770 5.772 5.780 5.793 5.812 5.837 5.867 5.903 5.944 5.991 6.044 5.993 5.871 5.751 5.633 5.516
2.991 3.059 3.124 3.187 3.246 3.303 3.357 3.408 3.457 3.477 3.415 3.351 3.286 3.219 3.151 3.082 3.011 2.939 2.865 2.790 2.712 2.728 3.061 3.373 3.675 3.965 4.245 4.513 4.771 5.018 5.255 5.480 5.695 5.718 5.314 4.930 4.567 4.226 3.906 3.606 3.328 3.071 2.835 2.620 2.427 2.435 2.768 3.090 3.400 3.698 3.985 4.260 4.524 4.775 5.016 5.244 5.461 5.589 5.610 5.637 5.670 5.708 5.752 5.802 5.857 5.918 5.985 6.057 6.135 6.121 6.006 5.894 5.783 5.673
3.208 3.267 3.322 3.375 3.425 3.472 3.516 3.557 3.596 3.621 3.554 3.485 3.415 3.343 3.266 3.143 3.025 2.914 2.808 2.708 2.616 2.568 2.843 3.107 3.360 3.602 3.834 4.055 4.264 4.464 4.652 4.829 4.996 5.071 4.760 4.470 4.202 3.954 3.727 3.522 3.338 3.174 3.032 2.911 2.811 2.818 3.099 3.369 3.628 3.875 4.110 4.333 4.545 4.746 4.934 5.112 5.277 5.398 5.445 5.497 5.555 5.618 5.687 5.762 5.842 5.928 6.020 6.117 6.220 6.246 6.139 6.034 5.931 5.829
3.428 3.477 3.522 3.565 3.605 3.643 3.677 3.696 3.652 3.608 3.478 3.351 3.230 3.116 3.007 2.904 2.807 2.716 2.631 2.552 2.481 2.417 2.637 2.853 3.058 3.252 3.436 3.608 3.770 3.921 4.062 4.191 4.310 4.402 4.184 3.988 3.813 3.659 3.527 3.415 3.324 3.254 3.206 3.178 3.172 3.212 3.442 3.661 3.868 4.063 4.247 4.419 4.579 4.728 4.865 4.991 5.105 5.202 5.273 5.351 5.433 5.522 5.616 5.716 5.821 5.932 6.049 6.171 6.299 6.370 6.271 6.173 6.077 5.983
3.627 3.582 3.538 3.494 3.449 3.405 3.362 3.318 3.275 3.232 3.131 3.025 2.925 2.831 2.743 2.660 2.584 2.514 2.450 2.391 2.341 2.297 2.443 2.611 2.768 2.914 3.050 3.175 3.289 3.392 3.484 3.566 3.636 3.696 3.587 3.484 3.403 3.343 3.303 3.285 3.288 3.312 3.357 3.423 3.510 3.619 3.797 3.964 4.119 4.263 4.395 4.516 4.625 4.722 4.808 4.882 4.945 5.000 5.096 5.199 5.307 5.420 5.539 5.664 5.795 5.931 6.073 6.220 6.373 6.492 6.400 6.310 6.221 6.135
3.245 3.201 3.157 3.113 3.070 3.027 2.984 2.941 2.898 2.855 2.779 2.693 2.614 2.541 2.473 2.412 2.356 2.307 2.263 2.225 2.195 2.173 2.261 2.381 2.491 2.589 2.677 2.753 2.819 2.875 2.919 2.953 2.976 2.988 2.966 2.958 2.970 3.003 3.058 3.133 3.230 3.347 3.486 3.645 3.826 4.027 4.164 4.279 4.383 4.475 4.556 4.625 4.683 4.729 4.763 4.786 4.797 4.797 4.914 5.041 5.174 5.313 5.457 5.607 5.763 5.924 6.090 6.263 6.588 7.131 7.473 7.868 8.316 8.818
2.863 2.819 2.776 2.733 2.691 2.648 2.606 2.563 2.521 2.480 2.422 2.357 2.298 2.246 2.199 2.158 2.123 2.094 2.071 2.054 2.045 2.043 2.092 2.164 2.226 2.276 2.316 2.345 2.363 2.370 2.367 2.353 2.328 2.292 2.324 2.409 2.515 2.642 2.790 2.959 3.148 3.359 3.591 3.844 4.118 4.413 4.542 4.606 4.658 4.699 4.729 4.746 4.752 4.747 4.730 4.702 4.661 4.610 4.726 4.950 5.310 5.713 6.159 6.646 7.177 7.750 8.365 9.023 9.723 10.466 11.058 11.689 12.373 13.110
2.481 2.439 2.396 2.354 2.312 2.270 2.228 2.187 2.145 2.104 2.060 2.016 1.978 1.946 1.920 1.899 1.885 1.877 1.874 1.877 1.889 1.908 1.936 1.960 1.973 1.976 1.968 1.949 1.919 1.878 1.827 1.765 1.692 1.609 1.660 1.838 2.038 2.258 2.499 2.761 3.045 3.349 3.674 4.021 4.388 4.776 4.932 4.944 4.946 4.935 4.909 4.896 4.912 4.959 5.035 5.142 5.278 5.445 5.839 6.346 6.894 7.485 8.119 8.795 9.513 10.274 11.078 11.924 12.812 13.743 14.585 15.452 16.372 17.345
2.100 2.058 2.016 1.975 1.933 1.892 1.851 1.810 1.769 1.729 1.693 1.670 1.652 1.641 1.635 1.636 1.642 1.654 1.672 1.696 1.728 1.768 1.791 1.767 1.733 1.688 1.632 1.565 1.488 1.399 1.300 1.190 1.070 0.938 0.974 1.245 1.538 1.852 2.186 2.542 2.919 3.306 3.674 4.028 4.367 4.691 4.825 4.824 4.854 4.913 5.003 5.122 5.272 5.452 5.661 5.901 6.170 6.470 7.001 7.695 8.432 9.211 10.033 10.897 11.804 12.753 13.744 14.778 15.854 16.973 18.055 19.157 20.312 21.521
1.719 1.678 1.637 1.596 1.555 1.515 1.474 1.434 1.394 1.354 1.321 1.319 1.322 1.331 1.346 1.367 1.394 1.426 1.465 1.510 1.563 1.624 1.659 1.588 1.505 1.412 1.308 1.194 1.069 0.933 0.786 0.628 0.495 0.420 0.507 0.913 1.304 1.681 2.042 2.390 2.722 3.040 3.343 3.631 3.905 4.163 4.354 4.487 4.650 4.842 5.065 5.317 5.600 5.912 6.255 6.627 7.030 7.462 8.118 9.000 9.925 10.892 11.902 12.954 14.048 15.185 16.364 17.586 18.850 20.156 21.468 22.805 24.195 25.639
1.339 1.298 1.258 1.217 1.177 1.137 1.098 1.058 1.019 0.980 0.945 0.962 0.986 1.016 1.052 1.093 1.140 1.194 1.253 1.318 1.392 1.473 1.539 1.423 1.312 1.210 1.115 1.028 0.949 0.878 0.814 0.758 0.710 0.670 0.712 1.053 1.379 1.691 1.987 2.269 2.537 2.789 3.027 3.250 3.459 3.652 3.853 4.119 4.414 4.740 5.095 5.481 5.896 6.341 6.817 7.322 7.857 8.423 9.189 10.260 11.372 12.527 13.725 14.964 16.247 17.571 18.938 20.348 21.799 23.293 24.823 26.395 28.021 29.699
0.958 0.919 0.879 0.839 0.800 0.761 0.722 0.683 0.644 0.606 0.567 0.602 0.646 0.696 0.752 0.818 0.908 0.996 1.080 1.161 1.241 1.321 1.398 1.318 1.243 1.175 1.114 1.062 1.017 0.980 0.951 0.930 0.916 0.910 0.934 1.209 1.470 1.716 1.948 2.165 2.367 2.555 2.727 2.886 3.029 3.158 3.320 3.719 4.147 4.606 5.094 5.612 6.161 6.739 7.347 7.985 8.653 9.351 10.216 11.474 12.774 14.117 15.502 16.930 18.399 19.912 21.466 23.063 24.702 26.384 28.121 29.928 31.788 33.702
0.579 0.539 0.500 0.461 0.423 0.384 0.346 0.308 0.280 0.293 0.304 0.383 0.475 0.564 0.650 0.733 0.812 0.889 0.962 1.032 1.102 1.171 1.237 1.206 1.164 1.131 1.105 1.087 1.077 1.074 1.080 1.093 1.114 1.142 1.178 1.381 1.577 1.758 1.925 2.077 2.214 2.336 2.444 2.537 2.616 2.679 2.757 3.288 3.849 4.440 5.061 5.713 6.393 7.104 7.845 8.616 9.416 10.247 11.197 12.643 14.131 15.661 17.234 18.849 20.506 22.206 23.948 25.732 27.559 29.428 31.361 33.403 35.498 37.647
0.199 0.176 0.190 0.204 0.217 0.229 0.241 0.253 0.264 0.274 0.284 0.344 0.425 0.504 0.579 0.651 0.719 0.785 0.848 0.907 0.966 1.024 1.079 1.084 1.078 1.078 1.087 1.104 1.128 1.160 1.199 1.247 1.302 1.365 1.436 1.569 1.700 1.816 1.917 2.004 2.076 2.134 2.177 2.205 2.218 2.217 2.201 2.826 3.520 4.244 4.997 5.781 6.595 7.438 8.311 9.215 10.148 11.111 12.134 13.767 15.442 17.160 18.920 20.723 22.567 24.454 26.384 28.355 30.369 32.425 34.544 36.821 39.151 41.534
0.159 0.172 0.184 0.196 0.207 0.218 0.228 0.238 0.247 0.256 0.264 0.308 0.378 0.446 0.510 0.571 0.629 0.684 0.736 0.785 0.833 0.880 0.925 0.955 0.982 1.017 1.061 1.111 1.170 1.236 1.310 1.392 1.482 1.579 1.684 1.772 1.838 1.889 1.926 1.947 1.955 1.947 1.925 1.888 1.837 1.771 1.690 2.333 3.159 4.016 4.902 5.818 6.764 7.740 8.746 9.782 10.847 11.943 13.068 14.846 16.709 18.614 20.561 22.551 24.583 26.657 28.774 30.932 33.133 35.377 37.381 39.070 40.710 42.301
0.158 0.169 0.179 0.189 0.199 0.208 0.216 0.224 0.231 0.238 0.245 0.274 0.334 0.391 0.444 0.495 0.542 0.586 0.627 0.665 0.702 0.739 0.773 0.816 0.878 0.948 1.025 1.111 1.204 1.304 1.413 1.529 1.653 1.785 1.924 1.991 1.992 1.978 1.950 1.907 1.849 1.777 1.690 1.588 1.472 1.341 1.195 1.808 2.768 3.756 4.775 5.824 6.902 8.011 9.149 10.317 11.515 12.743 14.000 15.880 17.930 19.960 21.826 23.609 25.311 26.930 28.467 29.922 31.295 32.586 33.794 35.247 36.674 38.051
0.156 0.166 0.174 0.183 0.190 0.197 0.204 0.210 0.216 0.221 0.226 0.244 0.293 0.339 0.382 0.421 0.458 0.491 0.522 0.549 0.575 0.601 0.624 0.669 0.766 0.870 0.982 1.101 1.229 1.364 1.506 1.657 1.815 1.981 2.155 2.226 2.162 2.083 1.990 1.882 1.759 1.622 1.470 1.304 1.123 0.927 0.716 1.253 2.345 3.466 4.617 5.798 7.029 8.321 9.618 10.920 12.228 13.542 14.860 16.476 18.143 19.729 21.232 22.653 23.992 25.249 26.424 27.516 28.527 29.455 30.301 31.478 32.690 33.855
0.156 0.163 0.170 0.177 0.182 0.188 0.193 0.197 0.201 0.205 0.207 0.216 0.254 0.290 0.322 0.350 0.376 0.399 0.419 0.435 0.451 0.465 0.478 0.514 0.644 0.783 0.929 1.083 1.245 1.414 1.591 1.776 1.969 2.169 2.377 2.476 2.347 2.204 2.045 1.873 1.685 1.483 1.267 1.066 0.942 0.815 0.685 1.218 2.507 3.801 5.101 6.406 7.716 9.032 10.353 11.680 13.012 14.350 15.693 17.053 18.358 19.581 20.722 21.781 22.758 23.652 24.465 25.195 25.844 26.410 26.894 27.761 28.760 29.711
