DATA/SHG/ECMWF/20170628/EN-12/20170711.en-12.asc
ncols        190
nrows        64
xllcorner    -5100000.000000000000
yllcorner    4130000.000000000000
cellsize     10000.000000000000
NODATA_value  -99999.000
[rows 32 to 63 of 64, columns 0 to 71 of 190]
12.052 12.067 12.152 12.238 12.317 12.390 12.456 12.515 12.568 12.614 12.654 12.687 12.713 12.733 12.668 12.580 12.473 12.346 12.201 12.037 11.854 11.651 11.430 11.190 10.931 10.653 10.555 10.473 10.402 10.345 10.299 10.266 10.245 10.236 10.240 10.256 10.285 10.336 10.907 11.484 12.067 12.656 13.250 13.850 14.456 15.067 15.684 16.166 16.574 16.977 17.561 18.107 18.616 19.087 19.521 19.918 20.277 20.599 20.883 21.130 21.339 21.379 20.137 18.936 17.774 16.652 15.569 14.527 13.525 12.563 11.641 10.759
12.781 12.849 12.919 12.982 13.038 13.087 13.130 13.166 13.196 13.219 13.236 13.245 13.249 13.246 13.134 12.980 12.806 12.613 12.402 12.171 11.921 11.653 11.365 11.059 10.734 10.389 10.289 10.249 10.222 10.207 10.205 10.214 10.236 10.271 10.317 10.376 10.448 10.531 11.061 11.659 12.160 12.623 13.070 13.502 13.917 14.317 14.701 15.069 15.421 15.757 16.199 16.616 16.995 17.336 17.640 17.907 18.137 18.329 18.483 18.600 18.680 18.723 17.670 16.607 15.584 14.601 13.658 12.754 11.891 11.068 10.284 9.541
13.494 13.613 13.692 13.732 13.764 13.791 13.810 13.823 13.830 13.830 13.823 13.810 13.790 13.764 13.620 13.399 13.159 12.900 12.622 12.325 12.009 11.675 11.321 10.948 10.556 10.146 10.010 10.013 10.029 10.057 10.098 10.150 10.215 10.323 10.389 10.406 10.375 10.296 10.599 11.039 11.463 11.871 12.264 12.640 13.001 13.346 13.675 13.988 14.286 14.567 14.876 15.163 15.412 15.624 15.799 15.936 16.035 16.098 16.123 16.111 16.061 15.974 15.167 14.243 13.359 12.514 11.710 10.946 10.221 9.537 8.892 8.287
14.188 14.361 14.471 14.488 14.497 14.500 14.497 14.487 14.470 14.447 14.418 14.381 14.338 14.289 14.126 13.839 13.532 13.207 12.863 12.499 12.117 11.716 11.296 10.857 10.399 9.933 9.978 10.211 10.397 10.535 10.625 10.666 10.660 10.606 10.504 10.354 10.155 9.909 10.029 10.414 10.783 11.136 11.474 11.795 12.101 12.392 12.666 12.925 13.167 13.394 13.592 13.749 13.869 13.951 13.996 14.003 13.974 13.906 13.802 13.660 13.481 13.265 12.629 11.843 11.098 10.393 9.727 9.102 8.516 7.970 7.464 6.998
14.866 15.090 15.256 15.250 15.236 15.216 15.190 15.157 15.117 15.071 15.018 14.959 14.893 14.820 14.652 14.298 13.925 13.534 13.152 12.910 12.672 12.441 12.214 11.993 11.777 11.566 11.481 11.548 11.566 11.536 11.458 11.333 11.159 10.938 10.668 10.351 9.985 9.572 9.475 9.805 10.119 10.418 10.701 10.968 11.219 11.454 11.674 11.878 12.066 12.238 12.347 12.374 12.364 12.317 12.232 12.110 11.951 11.754 11.520 11.249 10.941 10.595 10.055 9.409 8.803 8.236 7.709 7.222 6.775 6.367 6.000 5.672
15.526 15.802 16.048 16.018 15.982 15.939 15.889 15.833 15.770 15.701 15.625 15.562 15.564 15.598 15.600 15.355 15.115 14.880 14.650 14.426 14.207 13.993 13.785 13.582 13.384 13.192 13.033 12.932 12.783 12.586 12.341 12.048 11.707 11.318 10.882 10.397 9.864 9.284 8.938 9.213 9.473 9.717 9.945 10.157 10.354 10.534 10.699 10.849 10.982 11.100 11.140 11.037 10.898 10.721 10.507 10.256 9.967 9.641 9.278 8.878 8.440 7.965 7.447 6.940 6.472 6.044 5.655 5.307 4.998 4.729 4.500 4.311
16.168 16.497 16.841 16.793 16.700 16.587 16.506 16.458 16.443 16.460 16.510 16.593 16.708 16.856 17.018 16.790 16.568 16.352 16.140 15.934 15.734 15.538 15.348 15.163 14.984 14.810 14.633 14.365 14.048 13.684 13.272 12.812 12.304 11.748 11.144 10.493 9.793 9.046 8.417 8.638 8.843 9.032 9.205 9.363 9.505 9.631 9.741 9.836 9.915 9.978 9.971 9.739 9.471 9.164 8.821 8.440 8.023 7.567 7.075 6.545 5.978 5.374 4.804 4.435 4.106 3.816 3.566 3.356 3.186 3.055 3.448 4.213
16.433 16.684 16.938 16.929 16.897 16.897 16.931 16.996 17.095 17.226 17.390 17.587 17.816 18.078 18.372 18.219 18.015 17.816 17.623 17.435 17.253 17.076 16.904 16.737 16.576 16.420 16.269 15.845 15.362 14.830 14.251 13.624 12.949 12.226 11.456 10.637 9.771 8.857 7.913 8.079 8.230 8.364 8.483 8.586 8.673 8.745 8.800 8.841 8.865 8.873 8.841 8.480 8.082 7.646 7.174 6.664 6.117 5.533 4.911 4.252 3.556 2.823 2.126 2.422 3.021 3.667 4.360 5.100 5.886 6.720 7.600 8.527
16.331 16.591 16.854 16.975 17.057 17.172 17.319 17.499 17.711 17.956 18.234 18.544 18.887 19.263 19.671 19.639 19.454 19.273 19.098 18.929 18.765 18.606 18.452 18.303 18.160 18.023 17.890 17.374 16.724 16.025 15.279 14.485 13.643 12.754 11.816 10.831 9.798 8.717 7.588 7.538 7.633 7.713 7.777 7.826 7.858 7.875 7.876 7.862 7.832 7.786 7.724 7.259 6.732 6.167 5.565 4.926 4.648 4.537 4.472 4.453 4.480 4.554 4.675 5.390 6.151 6.959 7.814 8.716 9.665 10.660 11.703 12.792
16.228 16.496 16.767 16.986 17.182 17.410 17.671 17.965 18.291 18.650 19.041 19.465 19.922 20.411 20.933 21.052 20.885 20.723 20.566 20.415 20.269 20.128 19.992 19.862 19.737 19.618 19.503 18.951 18.134 17.269 16.356 15.395 14.386 13.330 12.226 11.074 9.874 8.626 7.331 7.012 7.053 7.079 7.088 7.082 7.060 7.023 6.969 6.900 6.816 6.937 7.110 6.967 6.785 6.649 6.559 6.515 6.518 6.567 6.662 6.803 6.991 7.225 7.505 8.308 9.232 10.202 11.219 12.283 13.394 14.551 15.756 17.007
16.121 16.398 16.677 16.961 17.270 17.613 17.987 18.395 18.835 19.307 19.812 20.350 20.920 21.523 22.158 22.458 22.309 22.165 22.027 21.893 21.766 21.643 21.526 21.414 21.307 21.205 21.109 20.576 19.592 18.560 17.480 16.353 15.178 13.955 12.684 11.365 9.999 8.585 7.123 6.504 6.490 6.461 6.575 6.711 6.858 7.015 7.182 7.359 7.547 7.745 7.953 7.987 7.965 7.989 8.060 8.176 8.339 8.549 8.804 9.106 9.454 9.848 10.288 11.177 12.263 13.395 14.575 15.801 17.073 18.393 19.759 21.172
16.012 16.298 16.585 16.900 17.323 17.779 18.267 18.788 19.342 19.928 20.547 21.198 21.882 22.598 23.347 23.857 23.726 23.600 23.480 23.365 23.255 23.150 23.051 22.957 22.869 22.785 22.707 22.249 21.099 19.900 18.654 17.359 16.018 14.628 13.188 11.628 10.134 8.705 7.340 6.667 6.808 6.959 7.121 7.293 7.475 7.668 7.871 8.084 8.307 8.541 8.785 8.960 9.099 9.283 9.514 9.791 10.114 10.483 10.899 11.360 11.868 12.423 13.023 13.998 15.246 16.540 17.881 19.269 20.703 22.185 23.713 25.288
15.901 16.195 16.491 16.803 17.340 17.910 18.512 19.146 19.813 20.513 21.245 22.010 22.807 23.637 24.499 25.248 25.135 25.028 24.925 24.828 24.737 24.650 24.569 24.494 24.423 24.358 24.298 23.905 22.116 20.393 18.735 17.141 15.612 14.148 12.750 11.416 10.146 8.942 7.803 7.094 7.271 7.458 7.656 7.863 8.081 8.310 8.548 8.797 9.057 9.326 9.606 9.886 10.185 10.529 10.920 11.357 11.840 12.370 12.945 13.567 14.235 14.949 15.710 16.770 18.179 19.636 21.138 22.688 24.284 25.927 27.617 29.354
15.787 16.089 16.393 16.700 17.322 18.005 18.720 19.468 20.249 21.062 21.907 22.785 23.696 24.639 25.615 26.623 26.537 26.448 26.363 26.285 26.082 25.451 24.831 24.223 23.625 23.039 22.464 21.824 20.261 18.763 17.330 15.961 14.658 13.419 12.246 11.137 10.093 9.114 8.199 7.510 7.723 7.946 8.179 8.422 8.676 8.940 9.215 9.500 9.795 10.100 10.416 10.766 11.224 11.729 12.280 12.877 13.520 14.209 14.945 15.726 16.554 17.428 18.348 19.493 21.064 22.682 24.347 26.058 27.816 29.621 31.472 33.370
15.670 15.981 16.294 16.609 17.267 18.064 18.892 19.754 20.648 21.574 22.533 23.524 24.548 25.436 25.974 26.472 26.002 25.365 24.740 24.126 23.523 22.931 22.350 21.781 21.223 20.676 20.140 19.616 18.340 17.068 15.860 14.717 13.638 12.625 11.676 10.792 9.973 9.219 8.529 7.915 8.164 8.422 8.691 8.971 9.260 9.560 9.870 10.191 10.521 10.863 11.214 11.598 12.216 12.881 13.592 14.349 15.152 16.001 16.896 17.838 18.825 19.859 20.939 22.168 23.901 25.680 27.506 29.379 31.299 33.265 35.278 37.337
15.551 15.870 16.191 16.515 17.177 18.087 18.920 19.599 20.238 20.837 21.396 21.916 22.395 22.834 23.234 23.593 23.276 22.679 22.093 21.518 20.954 20.402 19.860 19.330 18.812 18.304 17.808 17.323 16.355 15.308 14.325 13.407 12.553 11.765 11.041 10.382 9.788 9.258 8.793 8.393 8.593 8.888 9.193 9.508 9.833 10.168 10.514 10.871 11.237 11.614 12.001 12.398 13.162 13.986 14.857 15.774 16.737 17.746 18.801 19.902 21.049 22.242 23.482 24.794 26.688 28.629 30.617 32.651 34.732 36.860 39.034 41.255
15.202 15.382 15.562 15.742 16.133 16.753 17.334 17.874 18.375 18.835 19.256 19.637 19.978 20.279 20.539 20.760 20.542 19.984 19.437 18.901 18.377 17.864 17.362 16.871 16.392 15.924 15.466 15.021 14.305 13.483 12.725 12.031 11.403 10.839 10.340 9.906 9.536 9.231 8.991 8.816 9.012 9.342 9.683 10.033 10.394 10.766 11.147 11.539 11.941 12.354 12.777 13.210 14.061 15.045 16.075 17.152 18.274 19.443 20.657 21.918 23.225 24.578 25.977 27.422 29.427 31.461 32.756 33.986 35.152 36.253 37.289 38.261
14.047 14.228 14.410 14.591 14.869 15.351 15.793 16.195 16.557 16.879 17.161 17.404 17.606 17.769 17.891 17.974 17.799 17.280 16.773 16.277 15.792 15.318 14.855 14.404 13.963 13.534 13.116 12.710 12.191 11.593 11.060 10.591 10.188 9.848 9.574 9.364 9.219 9.139 9.123 9.172 9.420 9.786 10.162 10.548 10.945 11.352 11.769 12.197 12.634 13.083 13.541 14.010 14.912 16.056 17.246 18.482 19.764 21.093 22.397 23.292 24.154 24.983 25.778 26.540 27.632 28.769 29.841 30.849 31.792 32.671 33.485 34.234
12.894 13.076 13.259 13.442 13.650 13.994 14.297 14.561 14.785 14.968 15.112 15.216 15.281 15.305 15.289 15.234 15.048 14.569 14.100 13.643 13.197 12.763 12.339 11.927 11.526 11.136 10.758 10.390 10.012 9.639 9.330 9.086 8.907 8.792 8.742 8.757 8.836 8.980 9.189 9.462 9.817 10.218 10.630 11.052 11.484 11.927 12.380 12.843 13.316 13.800 14.294 14.755 15.433 16.414 17.361 18.275 19.155 20.003 20.816 21.597 22.344 23.057 23.738 24.384 25.227 26.142 26.991 27.777 28.497 29.154 29.745 30.272
11.742 11.926 12.109 12.293 12.477 12.682 12.847 12.972 13.058 13.103 13.109 13.075 13.001 12.887 12.733 12.539 12.288 11.848 11.419 11.001 10.595 10.199 9.815 9.442 9.080 8.729 8.390 8.062 7.769 7.620 7.536 7.516 7.561 7.671 7.845 8.084 8.388 8.756 9.189 9.686 10.202 10.639 11.087 11.545 11.974 12.301 12.618 12.926 13.225 13.514 13.794 14.065 14.577 15.443 16.275 17.074 17.839 18.571 19.270 19.936 20.568 21.166 21.732 22.264 22.887 23.579 24.207 24.770 25.268 25.702 26.071 26.376
10.591 10.776 10.960 11.146 11.331 11.415 11.442 11.429 11.376 11.283 11.151 10.978 10.766 10.514 10.223 9.891 9.519 9.119 8.729 8.351 7.983 7.627 7.282 6.948 6.625 6.314 6.014 5.725 5.461 5.537 5.677 5.882 6.151 6.485 6.883 7.346 7.874 8.469 9.085 9.691 10.248 10.581 10.903 11.217 11.520 11.815 12.100 12.376 12.642 12.899 13.147 13.385 13.755 14.506 15.223 15.907 16.557 17.174 17.758 18.309 18.826 19.310 19.760 20.177 20.612 21.082 21.487 21.827 22.104 22.315 22.463 22.546
9.441 9.627 9.813 9.999 10.186 10.193 10.081 9.930 9.739 9.509 9.238 8.928 8.578 8.188 7.758 7.288 6.779 6.382 6.031 5.692 5.363 5.046 4.740 4.446 4.162 3.890 3.629 3.379 3.140 3.389 3.870 4.521 5.161 5.792 6.413 7.025 7.626 8.218 8.801 9.373 9.934 10.234 10.524 10.805 11.077 11.339 11.592 11.835 12.070 12.294 12.510 12.716 12.967 13.602 14.205 14.773 15.309 15.811 16.280 16.716 17.118 17.487 17.823 18.125 18.401 18.649 18.832 18.950 19.004 18.994 18.919 18.780
8.292 8.479 8.666 8.854 9.041 9.016 8.766 8.477 8.148 7.779 7.371 6.923 6.435 5.907 5.339 4.732 4.084 3.636 3.324 3.024 2.735 2.457 2.190 2.128 2.254 2.377 2.498 2.616 2.731 3.237 3.863 4.480 5.087 5.685 6.272 6.851 7.419 7.978 8.527 9.066 9.596 9.897 10.155 10.404 10.643 10.873 11.094 11.305 11.507 11.699 11.882 12.056 12.220 12.733 13.220 13.674 14.095 14.482 14.836 15.157 15.445 15.699 15.920 16.108 16.255 16.280 16.241 16.138 15.970 15.738 15.441 15.080
7.144 7.332 7.521 7.709 7.898 7.883 7.496 7.069 6.602 6.095 5.549 4.963 4.337 3.671 2.966 2.221 1.681 1.555 1.688 1.817 1.945 2.069 2.191 2.311 2.427 2.541 2.653 2.762 2.868 3.273 3.866 4.449 5.023 5.587 6.142 6.687 7.222 7.747 8.263 8.769 9.265 9.570 9.796 10.013 10.220 10.417 10.605 10.784 10.954 11.114 11.265 11.406 11.538 11.897 12.269 12.609 12.914 13.187 13.427 13.633 13.805 13.945 14.051 14.124 14.164 13.976 13.715 13.390 13.000 12.546 12.028 11.445
5.997 6.187 6.376 6.566 6.756 6.796 6.271 5.706 5.101 4.608 4.191 3.787 3.397 3.019 2.656 2.305 1.968 1.794 1.918 2.038 2.156 2.272 2.385 2.495 2.603 2.708 2.810 2.910 3.008 3.319 3.879 4.429 4.969 5.500 6.021 6.533 7.034 7.526 8.009 8.482 8.945 9.253 9.447 9.631 9.806 9.971 10.127 10.274 10.411 10.539 10.657 10.767 10.866 11.095 11.352 11.577 11.768 11.926 12.051 12.142 12.200 12.225 12.217 12.175 12.101 11.736 11.253 10.706 10.095 9.420 8.680 7.876
4.851 5.042 5.331 5.639 5.935 6.176 5.751 5.340 4.942 4.558 4.187 3.829 3.485 3.154 2.836 2.532 2.241 2.036 2.150 2.262 2.371 2.477 2.581 2.682 2.781 2.877 2.970 3.061 3.149 3.375 3.901 4.418 4.925 5.422 5.910 6.388 6.857 7.316 7.765 8.205 8.634 8.946 9.107 9.259 9.402 9.535 9.658 9.773 9.878 9.974 10.060 10.137 10.205 10.326 10.469 10.579 10.655 10.699 10.709 10.686 10.629 10.540 10.417 10.261 10.071 9.561 8.856 8.088 7.255 6.622 6.079 5.548
4.522 4.813 5.094 5.363 5.622 5.870 5.548 5.183 4.831 4.493 4.168 3.857 3.558 3.274 3.002 2.744 2.499 2.279 2.385 2.487 2.587 2.685 2.780 2.872 2.962 3.049 3.133 3.215 3.294 3.440 3.933 4.417 4.891 5.355 5.809 6.254 6.690 7.115 7.531 7.937 8.334 8.648 8.777 8.897 9.007 9.108 9.200 9.282 9.355 9.418 9.472 9.517 9.553 9.591 9.619 9.614 9.576 9.505 9.401 9.263 9.092 8.888 8.755 8.647 8.540 8.187 7.638 7.100 6.575 6.061 5.558 5.068
4.373 4.626 4.869 5.101 5.321 5.531 5.331 5.012 4.706 4.414 4.135 3.870 3.618 3.379 3.153 2.941 2.742 2.557 2.622 2.716 2.807 2.895 2.981 3.064 3.145 3.223 3.298 3.371 3.441 3.515 3.975 4.426 4.866 5.297 5.718 6.130 6.532 6.924 7.307 7.680 8.044 8.361 8.457 8.545 8.623 8.692 8.751 8.801 8.842 8.873 8.895 8.907 8.911 8.889 8.803 8.693 8.582 8.472 8.363 8.255 8.147 8.041 7.935 7.830 7.726 7.453 6.945 6.448 5.963 5.489 5.027 4.578
4.236 4.452 4.656 4.850 5.033 5.204 5.099 4.826 4.567 4.321 4.088 3.869 3.663 3.470 3.291 3.125 2.972 2.832 2.862 2.946 3.028 3.108 3.184 3.259 3.330 3.399 3.466 3.529 3.591 3.649 4.027 4.444 4.852 5.249 5.637 6.016 6.385 6.744 7.093 7.433 7.763 8.083 8.147 8.202 8.248 8.285 8.312 8.330 8.306 8.271 8.231 8.185 8.134 8.070 7.960 7.852 7.744 7.637 7.531 7.426 7.321 7.218 7.115 7.013 6.912 6.709 6.241 5.785 5.340 4.907 4.486 4.077
4.112 4.289 4.456 4.612 4.756 4.890 4.853 4.627 4.414 4.214 4.027 3.854 3.694 3.547 3.413 3.293 3.187 3.093 3.104 3.179 3.252 3.323 3.391 3.456 3.518 3.578 3.636 3.690 3.743 3.792 4.089 4.473 4.847 5.211 5.566 5.911 6.247 6.573 6.889 7.196 7.493 7.734 7.754 7.734 7.708 7.677 7.640 7.597 7.549 7.495 7.436 7.370 7.299 7.223 7.116 7.011 6.906 6.802 6.699 6.597 6.496 6.395 6.295 6.196 6.098 5.955 5.527 5.112 4.707 4.315 3.934 3.565
4.000 4.139 4.268 4.386 4.492 4.588 4.594 4.413 4.246 4.092 3.951 3.824 3.710 3.609 3.522 3.448 3.387 3.340 3.348 3.415 3.479 3.540 3.599 3.655 3.709 3.760 3.808 3.854 3.897 3.938 4.161 4.511 4.852 5.183 5.448 5.703 5.952 6.193 6.427 6.654 6.874 7.086 7.120 7.081 7.036 6.985 6.929 6.867 6.799 6.726 6.647 6.562 6.472 6.376 6.273 6.170 6.068 5.968 5.868 5.768 5.670 5.572 5.476 5.380 5.285 5.191 4.803 4.428 4.064 3.712 3.372 3.043
3.899 4.001 4.092 4.172 4.241 4.298 4.320 4.185 4.064 3.956 3.861 3.780 3.712 3.657 3.616 3.588 3.573 3.572 3.596 3.653 3.708 3.760 3.810 3.857 3.902 3.944 3.981 3.950 3.919 3.889 3.985 4.245 4.498 4.743 4.981 5.212 5.436 5.653 5.862 6.064 6.259 6.447 6.493 6.434 6.370 6.300 6.224 6.142 6.055 5.962 5.864 5.760 5.650 5.535 5.429 5.330 5.231 5.133 5.036 4.940 4.844 4.750 4.656 4.563 4.471 4.380 4.069 3.734 3.411 3.099 2.799 2.511
