DATA/SHG/ECMWF/20170628/EN-12/20170629.en-12.asc
ncols        190
nrows        64
xllcorner    -5100000.000000000000
yllcorner    4130000.000000000000
cellsize     10000.000000000000
NODATA_value  -99999.000
[rows 0 to 32 of 64, columns 0 to 74 of 190]
6.322 6.589 6.887 7.215 7.575 7.965 8.387 8.839 9.322 9.042 8.505 7.959 7.404 6.840 6.267 5.685 5.093 4.493 3.884 3.317 2.789 2.653 2.682 2.701 2.709 2.706 2.693 2.670 2.636 2.592 2.537 2.471 2.395 2.288 2.165 2.041 1.918 1.794 1.670 1.545 1.421 1.296 1.170 1.045 0.919 0.960 1.143 1.320 1.491 1.657 1.817 1.971 2.120 2.262 2.399 2.530 2.656 2.734 2.756 2.771 2.778 2.778 2.771 2.757 2.736 2.707 2.671 2.628 2.577 2.506 2.420 2.350 2.294 2.253 2.227
5.428 5.804 6.212 6.650 7.119 7.619 8.150 8.712 9.305 9.204 8.635 8.057 7.417 6.800 6.209 5.643 5.102 4.587 4.098 3.634 3.195 3.001 2.992 2.974 2.945 2.905 2.855 2.795 2.723 2.642 2.549 2.447 2.334 2.211 2.087 1.963 1.838 1.713 1.588 1.463 1.337 1.211 1.084 0.957 0.830 0.819 0.981 1.139 1.290 1.435 1.575 1.709 1.837 1.960 2.076 2.187 2.292 2.361 2.357 2.347 2.329 2.304 2.272 2.232 2.185 2.131 2.070 2.001 1.925 1.853 1.820 1.802 1.798 1.809 1.836
4.501 4.987 5.504 6.052 6.628 7.196 7.751 8.291 8.817 8.811 8.208 7.630 7.077 6.550 6.049 5.573 5.122 4.697 4.297 3.923 3.574 3.359 3.314 3.258 3.192 3.115 3.028 2.930 2.822 2.703 2.573 2.434 2.283 2.135 2.010 1.885 1.759 1.633 1.507 1.380 1.253 1.126 0.999 0.871 0.743 0.684 0.826 0.963 1.094 1.219 1.339 1.453 1.561 1.663 1.759 1.850 1.935 1.995 1.967 1.931 1.887 1.837 1.779 1.714 1.642 1.563 1.476 1.382 1.382 1.406 1.509 1.607 1.700 1.787 1.869
3.814 4.389 4.951 5.497 6.030 6.548 7.052 7.542 8.017 8.175 7.662 7.174 6.711 6.274 5.862 5.476 5.115 4.779 4.469 4.185 3.926 3.728 3.645 3.552 3.449 3.335 3.211 3.076 2.931 2.775 2.608 2.431 2.244 2.060 1.933 1.807 1.680 1.553 1.426 1.298 1.170 1.042 0.913 0.785 0.655 0.555 0.677 0.794 0.905 1.010 1.109 1.202 1.290 1.372 1.448 1.519 1.584 1.638 1.583 1.522 1.458 1.446 1.439 1.438 1.443 1.453 1.469 1.491 1.519 1.552 1.636 1.715 1.789 1.857 1.921
3.434 3.959 4.470 4.966 5.449 5.917 6.370 6.810 7.235 7.513 7.089 6.691 6.318 5.971 5.649 5.352 5.081 4.835 4.614 4.419 4.250 4.107 3.988 3.858 3.717 3.566 3.405 3.233 3.050 2.857 2.654 2.440 2.216 1.984 1.857 1.730 1.602 1.474 1.345 1.217 1.088 0.958 0.829 0.699 0.569 0.438 0.534 0.630 0.721 0.806 0.885 0.958 1.026 1.095 1.185 1.271 1.353 1.432 1.430 1.426 1.428 1.436 1.449 1.468 1.493 1.524 1.560 1.602 1.650 1.703 1.767 1.828 1.883 1.933 1.977
3.070 3.545 4.005 4.452 4.884 5.301 5.705 6.094 6.469 6.825 6.491 6.182 5.899 5.641 5.409 5.201 5.020 4.863 4.732 4.627 4.546 4.492 4.341 4.174 3.996 3.808 3.609 3.400 3.181 2.951 2.710 2.459 2.198 1.926 1.782 1.653 1.524 1.395 1.265 1.136 1.006 0.875 0.744 0.613 0.482 0.351 0.407 0.509 0.608 0.704 0.795 0.883 0.967 1.047 1.124 1.197 1.266 1.332 1.354 1.371 1.393 1.420 1.454 1.493 1.538 1.589 1.645 1.707 1.775 1.848 1.903 1.945 1.982 2.013 2.039
2.722 3.147 3.557 3.953 4.335 4.703 5.056 5.395 5.719 6.030 5.865 5.646 5.453 5.284 5.141 5.024 4.932 4.865 4.823 4.807 4.816 4.850 4.704 4.500 4.285 4.060 3.825 3.579 3.322 3.055 2.778 2.490 2.192 1.883 1.706 1.577 1.447 1.316 1.186 1.060 0.942 0.829 0.719 0.615 0.514 0.418 0.454 0.544 0.630 0.712 0.790 0.865 0.936 1.003 1.067 1.127 1.183 1.235 1.273 1.310 1.352 1.400 1.453 1.512 1.577 1.648 1.724 1.806 1.894 1.988 2.044 2.068 2.085 2.098 2.105
2.391 2.765 3.125 3.471 3.803 4.120 4.423 4.712 4.987 5.247 5.214 5.084 4.980 4.901 4.848 4.819 4.817 4.839 4.887 4.960 5.058 5.182 5.078 4.837 4.585 4.323 4.051 3.768 3.474 3.170 2.856 2.531 2.182 1.836 1.624 1.499 1.379 1.263 1.152 1.045 0.942 0.844 0.750 0.661 0.576 0.496 0.505 0.582 0.654 0.724 0.789 0.851 0.909 0.963 1.013 1.060 1.103 1.143 1.187 1.243 1.306 1.373 1.447 1.526 1.611 1.702 1.798 1.900 2.008 2.122 2.190 2.195 2.194 2.188 2.177
2.075 2.400 2.710 3.005 3.287 3.554 3.807 4.046 4.270 4.480 4.536 4.496 4.481 4.491 4.527 4.588 4.675 4.786 4.923 5.086 5.273 5.486 5.463 5.185 4.896 4.514 4.135 3.765 3.405 3.054 2.712 2.380 2.057 1.743 1.526 1.417 1.313 1.212 1.116 1.025 0.938 0.855 0.777 0.703 0.633 0.568 0.560 0.623 0.683 0.739 0.791 0.840 0.885 0.926 0.964 0.997 1.027 1.054 1.095 1.172 1.254 1.342 1.435 1.534 1.639 1.750 1.866 1.989 2.116 2.250 2.341 2.327 2.307 2.283 2.253
1.776 2.050 2.310 2.556 2.787 3.004 3.207 3.396 3.570 3.730 3.832 3.881 3.955 4.055 4.180 4.330 4.506 4.701 4.859 5.012 5.157 5.296 5.244 4.869 4.505 4.149 3.803 3.466 3.139 2.820 2.512 2.212 1.922 1.641 1.425 1.331 1.242 1.157 1.076 1.000 0.929 0.862 0.799 0.740 0.686 0.637 0.618 0.668 0.715 0.758 0.798 0.833 0.865 0.893 0.918 0.938 0.955 0.969 0.998 1.094 1.196 1.304 1.418 1.537 1.662 1.793 1.929 2.071 2.219 2.372 2.496 2.464 2.426 2.383 2.334
1.493 1.717 1.927 2.122 2.304 2.471 2.624 2.762 2.887 2.997 3.122 3.304 3.479 3.648 3.810 3.965 4.114 4.257 4.392 4.521 4.643 4.759 4.771 4.430 4.098 3.775 3.462 3.158 2.863 2.578 2.302 2.035 1.778 1.530 1.318 1.240 1.166 1.097 1.032 0.971 0.915 0.864 0.816 0.773 0.735 0.701 0.680 0.717 0.751 0.781 0.807 0.830 0.849 0.864 0.875 0.883 0.887 0.887 0.895 1.011 1.134 1.261 1.395 1.534 1.679 1.830 1.986 2.148 2.316 2.489 2.656 2.605 2.549 2.487 2.419
1.226 1.400 1.559 1.729 1.912 2.087 2.254 2.413 2.565 2.709 2.848 3.007 3.159 3.304 3.443 3.575 3.701 3.820 3.933 4.038 4.137 4.230 4.289 3.981 3.681 3.392 3.111 2.840 2.578 2.326 2.083 1.849 1.624 1.409 1.208 1.145 1.087 1.033 0.983 0.938 0.897 0.861 0.829 0.802 0.779 0.760 0.746 0.770 0.791 0.807 0.821 0.830 0.836 0.838 0.837 0.831 0.822 0.810 0.793 0.923 1.065 1.213 1.367 1.526 1.691 1.861 2.038 2.203 2.354 2.501 2.643 2.592 2.538 2.499 2.474
1.145 1.324 1.495 1.658 1.813 1.961 2.101 2.233 2.357 2.474 2.583 2.717 2.846 2.968 3.084 3.193 3.295 3.391 3.481 3.563 3.639 3.709 3.771 3.522 3.256 2.999 2.752 2.513 2.284 2.065 1.854 1.653 1.461 1.279 1.106 1.046 1.003 0.964 0.930 0.900 0.875 0.854 0.838 0.826 0.818 0.815 0.816 0.826 0.834 0.838 0.838 0.834 0.827 0.816 0.802 0.783 0.761 0.736 0.706 0.830 0.997 1.163 1.325 1.483 1.636 1.785 1.930 2.070 2.206 2.337 2.464 2.479 2.476 2.488 2.516
1.164 1.315 1.459 1.595 1.723 1.843 1.956 2.061 2.158 2.248 2.330 2.435 2.541 2.640 2.732 2.818 2.898 2.970 3.036 3.096 3.149 3.195 3.234 3.055 2.822 2.598 2.383 2.177 1.981 1.794 1.616 1.448 1.289 1.140 0.999 0.942 0.914 0.891 0.873 0.858 0.849 0.843 0.842 0.845 0.853 0.865 0.882 0.886 0.880 0.871 0.859 0.842 0.822 0.803 0.784 0.766 0.749 0.732 0.715 0.818 0.974 1.125 1.272 1.414 1.552 1.686 1.816 1.941 2.061 2.178 2.290 2.351 2.401 2.465 2.543
1.190 1.315 1.431 1.540 1.641 1.734 1.820 1.898 1.968 2.031 2.086 2.160 2.243 2.319 2.388 2.451 2.507 2.557 2.600 2.636 2.666 2.689 2.705 2.579 2.378 2.187 2.005 1.832 1.669 1.514 1.370 1.234 1.108 0.991 0.883 0.834 0.822 0.814 0.811 0.812 0.817 0.827 0.842 0.860 0.884 0.911 0.936 0.935 0.916 0.897 0.878 0.860 0.842 0.825 0.808 0.791 0.775 0.759 0.743 0.815 0.955 1.091 1.223 1.350 1.473 1.592 1.706 1.816 1.921 2.022 2.119 2.211 2.311 2.427 2.557
1.226 1.323 1.412 1.494 1.568 1.634 1.693 1.744 1.787 1.822 1.850 1.893 1.953 2.006 2.052 2.091 2.124 2.151 2.171 2.184 2.190 2.190 2.184 2.094 1.926 1.767 1.618 1.478 1.347 1.225 1.113 1.010 0.917 0.833 0.758 0.721 0.724 0.732 0.747 0.779 0.809 0.836 0.862 0.886 0.909 0.929 0.947 0.949 0.931 0.913 0.896 0.879 0.863 0.846 0.831 0.815 0.800 0.786 0.771 0.816 0.941 1.062 1.178 1.290 1.398 1.501 1.600 1.695 1.785 1.871 1.953 2.056 2.208 2.375 2.557
1.269 1.339 1.402 1.456 1.503 1.542 1.574 1.598 1.614 1.622 1.623 1.634 1.670 1.700 1.723 1.739 1.749 1.752 1.749 1.739 1.723 1.700 1.670 1.599 1.464 1.338 1.222 1.114 1.016 0.927 0.848 0.791 0.770 0.749 0.730 0.727 0.758 0.786 0.813 0.838 0.861 0.883 0.902 0.919 0.935 0.949 0.960 0.962 0.946 0.929 0.913 0.898 0.883 0.868 0.853 0.839 0.825 0.812 0.799 0.821 0.931 1.036 1.138 1.235 1.327 1.415 1.499 1.579 1.654 1.725 1.791 1.888 2.091 2.310 2.543
1.322 1.365 1.400 1.427 1.447 1.459 1.464 1.460 1.449 1.431 1.405 1.382 1.395 1.401 1.401 1.395 1.381 1.362 1.335 1.302 1.263 1.217 1.164 1.096 1.029 1.004 0.981 0.958 0.936 0.915 0.895 0.876 0.858 0.840 0.824 0.815 0.839 0.861 0.881 0.900 0.916 0.931 0.943 0.954 0.963 0.970 0.975 0.976 0.960 0.945 0.930 0.916 0.902 0.889 0.875 0.863 0.850 0.838 0.826 0.830 0.925 1.015 1.101 1.183 1.261 1.334 1.402 1.467 1.527 1.583 1.634 1.706 1.961 2.230 2.515
1.382 1.398 1.406 1.407 1.399 1.385 1.362 1.332 1.294 1.248 1.195 1.137 1.127 1.110 1.087 1.058 1.021 1.011 1.021 1.033 1.049 1.068 1.090 1.113 1.090 1.069 1.049 1.029 1.010 0.992 0.975 0.959 0.944 0.930 0.916 0.905 0.922 0.937 0.951 0.963 0.973 0.981 0.987 0.991 0.993 0.993 0.992 0.988 0.974 0.960 0.947 0.934 0.921 0.909 0.897 0.886 0.874 0.864 0.853 0.843 0.923 0.998 1.069 1.136 1.198 1.256 1.310 1.359 1.404 1.445 1.481 1.513 1.816 2.137 2.473
1.451 1.440 1.421 1.394 1.360 1.318 1.269 1.211 1.147 1.074 1.013 0.945 0.939 0.944 0.952 0.963 0.977 0.995 1.015 1.039 1.066 1.095 1.128 1.164 1.151 1.133 1.116 1.099 1.083 1.069 1.055 1.042 1.030 1.018 1.008 0.999 1.007 1.016 1.023 1.028 1.031 1.032 1.032 1.029 1.025 1.019 1.011 1.000 0.988 0.975 0.963 0.952 0.940 0.929 0.918 0.908 0.898 0.889 0.880 0.871 0.925 0.986 1.041 1.093 1.140 1.183 1.221 1.256 1.285 1.311 1.332 1.349 1.658 2.031 2.413
1.528 1.490 1.444 1.431 1.406 1.369 1.319 1.257 1.182 1.096 0.996 0.885 0.865 0.881 0.900 0.922 0.947 0.975 1.007 1.041 1.079 1.120 1.164 1.211 1.211 1.196 1.182 1.168 1.155 1.144 1.133 1.123 1.114 1.106 1.099 1.092 1.094 1.096 1.096 1.095 1.091 1.086 1.079 1.070 1.059 1.046 1.031 1.014 1.001 0.990 0.979 0.969 0.959 0.949 0.939 0.930 0.922 0.914 0.906 0.898 0.932 0.977 1.018 1.054 1.086 1.114 1.137 1.160 1.188 1.215 1.243 1.271 1.542 1.896 2.240
1.863 1.832 1.788 1.732 1.663 1.582 1.489 1.384 1.266 1.135 0.993 0.838 0.787 0.814 0.844 0.877 0.913 0.952 0.995 1.040 1.089 1.141 1.195 1.253 1.270 1.258 1.246 1.236 1.227 1.218 1.210 1.203 1.197 1.192 1.188 1.185 1.182 1.178 1.171 1.163 1.153 1.141 1.128 1.112 1.094 1.075 1.053 1.030 1.014 1.004 0.995 0.985 0.977 0.968 0.960 0.952 0.945 0.938 0.931 0.925 0.939 0.966 0.993 1.020 1.047 1.075 1.103 1.131 1.159 1.188 1.217 1.246 1.451 1.769 2.077
2.307 2.232 2.145 2.045 1.933 1.809 1.673 1.524 1.362 1.189 1.003 0.804 0.706 0.744 0.785 0.829 0.876 0.926 0.979 1.036 1.096 1.158 1.224 1.293 1.328 1.319 1.310 1.303 1.297 1.291 1.287 1.283 1.280 1.278 1.277 1.277 1.272 1.261 1.249 1.234 1.217 1.199 1.178 1.156 1.132 1.106 1.078 1.048 1.027 1.018 1.010 1.002 0.994 0.983 0.969 0.955 0.941 0.927 0.913 0.899 0.904 0.931 0.959 0.987 1.015 1.044 1.072 1.101 1.131 1.160 1.190 1.220 1.369 1.652 1.924
2.764 2.646 2.515 2.372 2.217 2.049 1.869 1.677 1.472 1.255 1.026 0.784 0.622 0.671 0.722 0.777 0.835 0.897 0.961 1.028 1.099 1.172 1.249 1.329 1.384 1.378 1.373 1.369 1.366 1.363 1.362 1.361 1.361 1.362 1.364 1.367 1.365 1.347 1.328 1.306 1.283 1.258 1.231 1.202 1.171 1.138 1.097 1.054 1.022 1.008 0.993 0.979 0.965 0.951 0.937 0.923 0.910 0.896 0.882 0.868 0.868 0.896 0.925 0.954 0.983 1.012 1.042 1.072 1.102 1.132 1.163 1.194 1.297 1.544 1.780
3.234 3.073 2.898 2.712 2.513 2.302 2.079 1.843 1.595 1.335 1.062 0.778 0.534 0.594 0.657 0.723 0.792 0.864 0.939 1.017 1.099 1.183 1.271 1.362 1.440 1.437 1.435 1.434 1.434 1.435 1.436 1.438 1.442 1.446 1.451 1.457 1.459 1.434 1.408 1.361 1.313 1.267 1.222 1.179 1.137 1.097 1.058 1.021 0.989 0.975 0.962 0.948 0.934 0.920 0.906 0.892 0.879 0.865 0.851 0.838 0.832 0.861 0.891 0.921 0.951 0.981 1.011 1.042 1.073 1.104 1.136 1.167 1.235 1.446 1.646
3.713 3.512 3.295 3.065 2.823 2.569 2.302 2.023 1.732 1.428 1.112 0.784 0.444 0.514 0.588 0.665 0.745 0.828 0.914 1.003 1.096 1.191 1.290 1.391 1.495 1.495 1.496 1.498 1.501 1.505 1.509 1.514 1.492 1.472 1.453 1.436 1.419 1.372 1.326 1.282 1.240 1.199 1.160 1.122 1.086 1.051 1.018 0.987 0.957 0.943 0.930 0.916 0.902 0.889 0.875 0.861 0.848 0.834 0.821 0.807 0.796 0.826 0.857 0.887 0.918 0.949 0.981 1.012 1.044 1.076 1.108 1.141 1.183 1.358 1.522
4.141 3.965 3.704 3.431 3.146 2.848 2.538 2.216 1.881 1.535 1.176 0.804 0.421 0.431 0.516 0.604 0.694 0.788 0.885 0.986 1.089 1.195 1.305 1.417 1.528 1.517 1.491 1.467 1.444 1.423 1.404 1.386 1.369 1.354 1.341 1.329 1.318 1.281 1.240 1.202 1.165 1.129 1.096 1.063 1.033 1.004 0.976 0.950 0.926 0.911 0.898 0.884 0.871 0.857 0.844 0.830 0.817 0.804 0.790 0.777 0.764 0.791 0.822 0.854 0.885 0.917 0.949 0.982 1.015 1.048 1.081 1.114 1.148 1.279 1.408
4.558 4.430 4.126 3.810 3.481 3.141 2.788 2.422 2.044 1.654 1.252 0.838 0.411 0.345 0.440 0.539 0.641 0.750 0.864 0.968 1.064 1.150 1.228 1.296 1.355 1.355 1.335 1.316 1.299 1.283 1.269 1.256 1.245 1.235 1.227 1.220 1.215 1.187 1.153 1.120 1.088 1.059 1.030 1.004 0.979 0.955 0.933 0.913 0.894 0.879 0.866 0.853 0.839 0.826 0.812 0.799 0.786 0.773 0.760 0.747 0.733 0.755 0.787 0.820 0.852 0.885 0.918 0.951 0.985 1.019 1.053 1.087 1.122 1.210 1.304
4.964 4.909 4.562 4.202 3.830 3.446 3.050 2.641 2.221 1.787 1.351 0.926 0.508 0.390 0.508 0.618 0.718 0.809 0.891 0.964 1.027 1.082 1.128 1.165 1.192 1.192 1.177 1.164 1.152 1.141 1.132 1.125 1.119 1.115 1.112 1.110 1.110 1.093 1.064 1.036 1.010 0.986 0.963 0.942 0.923 0.905 0.888 0.874 0.860 0.847 0.834 0.821 0.808 0.794 0.781 0.768 0.755 0.742 0.729 0.716 0.703 0.719 0.752 0.786 0.819 0.853 0.887 0.921 0.955 0.990 1.025 1.060 1.095 1.151 1.209
5.360 5.400 5.010 4.577 4.129 3.687 3.253 2.824 2.403 1.988 1.579 1.178 0.783 0.585 0.672 0.749 0.818 0.877 0.927 0.968 1.001 1.024 1.038 1.043 1.039 1.028 1.018 1.010 1.003 0.998 0.994 0.992 0.992 0.993 0.995 0.999 1.004 0.997 0.973 0.951 0.931 0.912 0.895 0.879 0.865 0.853 0.842 0.833 0.825 0.815 0.802 0.789 0.776 0.763 0.750 0.737 0.724 0.711 0.698 0.686 0.673 0.683 0.717 0.751 0.786 0.820 0.855 0.890 0.923 0.951 0.977 1.003 1.026 1.067 1.127
5.488 5.506 5.068 4.637 4.212 3.793 3.381 2.976 2.578 2.186 1.801 1.422 1.050 0.790 0.845 0.890 0.927 0.955 0.973 0.983 0.983 0.975 0.957 0.930 0.895 0.862 0.857 0.855 0.853 0.853 0.855 0.858 0.863 0.869 0.877 0.886 0.897 0.899 0.881 0.865 0.850 0.837 0.825 0.815 0.807 0.800 0.794 0.791 0.788 0.783 0.770 0.757 0.744 0.732 0.719 0.706 0.693 0.680 0.668 0.655 0.643 0.647 0.679 0.711 0.741 0.769 0.797 0.822 0.847 0.870 0.892 0.913 0.932 0.971 1.042
5.518 5.513 5.097 4.689 4.287 3.892 3.503 3.121 2.746 2.377 2.015 1.659 1.310 1.004 1.027 1.041 1.046 1.042 1.029 1.007 0.976 0.936 0.886 0.828 0.761 0.695 0.696 0.698 0.702 0.708 0.715 0.723 0.733 0.744 0.757 0.772 0.788 0.800 0.788 0.777 0.768 0.760 0.754 0.749 0.746 0.745 0.745 0.747 0.750 0.751 0.739 0.726 0.713 0.700 0.702 0.709 0.708 0.699 0.683 0.659 0.628 0.605 0.633 0.659 0.685 0.709 0.731 0.753 0.773 0.791 0.809 0.825 0.840 0.871 0.954
5.585 5.487 5.120 4.734 4.355 3.983 3.617 3.258 2.906 2.560 2.221 1.889 1.563 1.244 1.219 1.201 1.175 1.139 1.094 1.040 0.978 0.906 0.825 0.735 0.636 0.528 0.533 0.540 0.550 0.560 0.573 0.586 0.602 0.618 0.637 0.656 0.678 0.700 0.693 0.688 0.684 0.682 0.681 0.682 0.684 0.689 0.694 0.731 0.784 0.841 0.859 0.869 0.872 0.867 0.855 0.835 0.807 0.772 0.729 0.679 0.621 0.564 0.587 0.609 0.630 0.649 0.668 0.684 0.700 0.714 0.727 0.738 0.748 0.768 0.863
