DATA/SHG/ECMWF/20170628/EN-12/20170705.en-12.asc
ncols        190
nrows        64
xllcorner    -5100000.000000000000
yllcorner    4130000.000000000000
cellsize     10000.000000000000
NODATA_value  -99999.000
[rows 0 to 31 of 64, columns 0 to 71 of 190]
0.391 0.378 0.364 0.351 0.339 0.327 0.315 0.303 0.292 0.314 0.344 0.370 0.392 0.411 0.427 0.439 0.448 0.454 0.456 0.480 0.512 0.531 0.544 0.557 0.570 0.583 0.597 0.610 0.623 0.637 0.650 0.663 0.677 0.752 0.864 0.974 1.080 1.184 1.286 1.384 1.480 1.574 1.664 1.752 1.837 1.916 2.002 2.102 2.216 2.343 2.484 2.639 2.807 2.989 3.185 3.395 3.618 3.660 3.467 3.263 3.049 2.824 2.588 2.342 2.085 1.817 1.538 1.249 0.949 0.926 1.374 1.836
0.252 0.239 0.228 0.216 0.205 0.194 0.184 0.174 0.164 0.173 0.190 0.204 0.236 0.268 0.300 0.332 0.364 0.396 0.428 0.460 0.491 0.513 0.526 0.539 0.553 0.566 0.580 0.593 0.606 0.620 0.633 0.647 0.661 0.717 0.819 0.919 1.017 1.111 1.203 1.292 1.378 1.462 1.543 1.621 1.697 1.790 1.925 2.073 2.235 2.410 2.599 2.802 3.019 3.249 3.493 3.751 4.022 4.142 3.911 3.670 3.418 3.155 2.882 2.598 2.303 1.998 1.682 1.355 1.017 0.878 1.376 1.888
0.112 0.101 0.090 0.080 0.074 0.082 0.089 0.096 0.103 0.122 0.154 0.186 0.218 0.250 0.282 0.314 0.345 0.377 0.408 0.440 0.471 0.495 0.509 0.522 0.535 0.549 0.562 0.576 0.590 0.603 0.617 0.631 0.644 0.684 0.777 0.868 0.956 1.041 1.123 1.202 1.279 1.353 1.425 1.494 1.560 1.651 1.834 2.030 2.240 2.464 2.701 2.952 3.217 3.495 3.787 4.092 4.412 4.634 4.366 4.087 3.797 3.497 3.186 2.864 2.532 2.189 1.835 1.470 1.193 1.040 1.659 2.262
0.036 0.043 0.051 0.058 0.065 0.072 0.079 0.085 0.091 0.105 0.137 0.169 0.201 0.232 0.264 0.295 0.326 0.358 0.389 0.420 0.451 0.477 0.491 0.504 0.518 0.532 0.545 0.559 0.573 0.587 0.600 0.614 0.628 0.655 0.738 0.819 0.898 0.973 1.046 1.116 1.183 1.248 1.310 1.369 1.425 1.498 1.729 1.973 2.232 2.503 2.789 3.088 3.400 3.727 4.067 4.420 4.788 5.136 4.830 4.513 4.185 3.854 3.540 3.243 2.963 2.701 2.456 2.228 2.018 1.825 2.374 2.920
0.031 0.038 0.044 0.051 0.057 0.063 0.069 0.074 0.080 0.089 0.120 0.152 0.183 0.215 0.246 0.277 0.308 0.339 0.369 0.400 0.431 0.459 0.473 0.487 0.501 0.514 0.528 0.542 0.556 0.570 0.584 0.598 0.612 0.628 0.702 0.774 0.842 0.908 0.971 1.032 1.090 1.145 1.197 1.247 1.294 1.338 1.611 1.903 2.209 2.529 2.863 3.210 3.570 3.939 4.296 4.652 5.008 5.365 5.103 4.797 4.509 4.238 3.984 3.748 3.529 3.327 3.143 2.976 2.826 2.693 3.103 3.592
0.026 0.032 0.038 0.044 0.049 0.054 0.059 0.064 0.068 0.073 0.104 0.135 0.166 0.197 0.228 0.258 0.289 0.320 0.350 0.380 0.411 0.441 0.455 0.469 0.483 0.497 0.511 0.525 0.539 0.553 0.567 0.581 0.596 0.610 0.669 0.731 0.790 0.846 0.900 0.951 0.999 1.045 1.088 1.128 1.165 1.200 1.489 1.845 2.202 2.558 2.914 3.271 3.627 3.984 4.340 4.697 5.053 5.410 5.288 5.043 4.816 4.605 4.412 4.236 4.078 3.936 3.812 3.706 3.616 3.544 3.847 4.278
0.022 0.027 0.032 0.037 0.041 0.046 0.050 0.054 0.057 0.060 0.087 0.118 0.149 0.179 0.210 0.240 0.271 0.301 0.331 0.361 0.391 0.420 0.438 0.452 0.466 0.480 0.494 0.508 0.522 0.536 0.551 0.565 0.579 0.594 0.638 0.691 0.740 0.787 0.831 0.885 0.948 1.010 1.074 1.137 1.201 1.265 1.532 1.888 2.245 2.601 2.958 3.314 3.671 4.028 4.384 4.741 5.098 5.455 5.457 5.272 5.105 4.955 4.822 4.707 4.609 4.528 4.464 4.418 4.389 4.377 4.604 4.979
0.018 0.022 0.026 0.030 0.034 0.037 0.041 0.044 0.046 0.049 0.071 0.101 0.132 0.162 0.192 0.222 0.252 0.282 0.312 0.341 0.371 0.400 0.420 0.434 0.448 0.462 0.477 0.491 0.505 0.520 0.534 0.549 0.572 0.600 0.648 0.710 0.772 0.835 0.898 0.961 1.024 1.088 1.153 1.217 1.282 1.347 1.574 1.931 2.287 2.644 3.001 3.358 3.715 4.071 4.428 4.785 5.142 5.500 5.608 5.484 5.378 5.288 5.216 5.161 5.123 5.102 5.099 5.113 5.144 5.193 5.375 5.694
0.014 0.017 0.021 0.024 0.027 0.029 0.032 0.034 0.036 0.037 0.055 0.085 0.115 0.145 0.175 0.204 0.234 0.263 0.293 0.322 0.351 0.380 0.402 0.416 0.431 0.456 0.483 0.509 0.536 0.563 0.591 0.618 0.646 0.673 0.717 0.781 0.844 0.908 0.972 1.036 1.101 1.166 1.231 1.297 1.363 1.429 1.616 1.973 2.330 2.687 3.044 3.401 3.758 4.115 4.472 4.830 5.187 5.544 5.743 5.679 5.633 5.604 5.592 5.597 5.619 5.659 5.716 5.790 5.882 5.990 6.161 6.423
0.010 0.013 0.015 0.018 0.020 0.021 0.023 0.024 0.025 0.026 0.039 0.068 0.098 0.128 0.157 0.186 0.216 0.246 0.284 0.323 0.364 0.407 0.444 0.471 0.498 0.525 0.552 0.579 0.607 0.634 0.662 0.690 0.718 0.747 0.787 0.851 0.915 0.980 1.046 1.111 1.177 1.243 1.310 1.376 1.443 1.511 1.658 2.015 2.372 2.729 3.087 3.444 3.801 4.159 4.516 4.873 5.231 5.588 5.861 5.857 5.871 5.902 5.951 6.016 6.099 6.199 6.316 6.450 6.602 6.771 6.961 7.166
0.007 0.009 0.010 0.012 0.013 0.014 0.015 0.015 0.015 0.015 0.023 0.056 0.090 0.125 0.162 0.201 0.241 0.283 0.326 0.371 0.418 0.466 0.511 0.538 0.565 0.593 0.621 0.649 0.677 0.705 0.734 0.762 0.791 0.820 0.856 0.921 0.987 1.053 1.119 1.186 1.252 1.320 1.387 1.455 1.523 1.592 1.699 2.057 2.414 2.772 3.129 3.487 3.844 4.202 4.559 4.917 5.275 5.633 5.961 6.018 6.092 6.184 6.292 6.418 6.561 6.721 6.898 7.093 7.305 7.534 7.775 7.923
0.004 0.005 0.006 0.007 0.009 0.010 0.012 0.013 0.014 0.015 0.020 0.058 0.097 0.139 0.181 0.225 0.271 0.318 0.367 0.418 0.470 0.523 0.577 0.605 0.633 0.661 0.689 0.718 0.747 0.775 0.805 0.834 0.863 0.893 0.924 0.990 1.057 1.124 1.192 1.259 1.328 1.396 1.465 1.534 1.603 1.673 1.743 2.099 2.456 2.814 3.171 3.529 3.887 4.245 4.603 4.961 5.319 5.676 6.035 6.162 6.297 6.448 6.617 6.803 7.006 7.226 7.464 7.679 7.862 8.040 8.212 8.215
0.006 0.008 0.009 0.010 0.012 0.013 0.014 0.015 0.016 0.016 0.017 0.059 0.104 0.150 0.198 0.248 0.299 0.352 0.407 0.463 0.520 0.579 0.640 0.671 0.700 0.728 0.757 0.787 0.816 0.846 0.875 0.905 0.935 0.966 0.996 1.059 1.127 1.196 1.264 1.333 1.402 1.472 1.542 1.612 1.682 1.753 1.824 2.140 2.498 2.856 3.214 3.572 3.930 4.288 4.646 5.004 5.362 5.720 6.078 6.289 6.494 6.699 6.899 7.092 7.279 7.460 7.634 7.803 7.965 8.121 8.271 8.252
0.011 0.012 0.013 0.014 0.015 0.016 0.017 0.017 0.017 0.018 0.018 0.057 0.108 0.160 0.214 0.269 0.326 0.384 0.444 0.506 0.569 0.633 0.699 0.737 0.766 0.796 0.825 0.855 0.885 0.915 0.946 0.976 1.007 1.038 1.069 1.128 1.197 1.266 1.336 1.406 1.476 1.547 1.618 1.689 1.761 1.833 1.905 2.181 2.539 2.897 3.256 3.614 3.972 4.370 4.771 5.167 5.559 5.947 6.331 6.585 6.775 6.959 7.136 7.308 7.473 7.633 7.786 7.933 8.073 8.208 8.336 8.303
0.016 0.017 0.018 0.018 0.019 0.019 0.019 0.019 0.019 0.019 0.019 0.055 0.111 0.168 0.227 0.288 0.350 0.414 0.480 0.547 0.615 0.685 0.757 0.803 0.833 0.863 0.893 0.924 0.954 0.985 1.016 1.047 1.078 1.110 1.142 1.196 1.266 1.337 1.408 1.479 1.550 1.622 1.694 1.766 1.839 1.912 2.044 2.342 2.753 3.161 3.564 3.962 4.357 4.747 5.133 5.514 5.891 6.264 6.633 6.893 7.061 7.224 7.380 7.530 7.674 7.811 7.943 8.068 8.187 8.300 8.407 8.368
0.021 0.022 0.022 0.022 0.022 0.022 0.022 0.022 0.021 0.021 0.020 0.050 0.112 0.175 0.239 0.306 0.373 0.443 0.514 0.586 0.660 0.736 0.813 0.868 0.899 0.930 0.960 0.992 1.023 1.054 1.086 1.118 1.149 1.182 1.214 1.264 1.335 1.407 1.482 1.584 1.694 1.813 1.941 2.078 2.224 2.379 2.543 2.813 3.209 3.602 3.990 4.373 4.753 5.128 5.498 5.865 6.227 6.585 6.938 7.206 7.353 7.494 7.629 7.757 7.879 7.995 8.105 8.209 8.307 8.398 8.483 8.447
0.027 0.027 0.027 0.026 0.026 0.026 0.025 0.024 0.023 0.022 0.021 0.044 0.111 0.180 0.250 0.321 0.395 0.470 0.546 0.624 0.704 0.785 0.867 0.934 0.965 0.996 1.028 1.059 1.091 1.123 1.155 1.188 1.225 1.266 1.312 1.377 1.483 1.597 1.721 1.854 1.995 2.146 2.305 2.473 2.650 2.836 3.031 3.288 3.669 4.046 4.419 4.788 5.152 5.512 5.868 6.219 6.566 6.909 7.247 7.526 7.651 7.770 7.883 7.990 8.091 8.185 8.274 8.356 8.432 8.502 8.566 8.539
0.032 0.032 0.031 0.031 0.030 0.029 0.028 0.027 0.026 0.024 0.023 0.036 0.108 0.183 0.258 0.336 0.414 0.495 0.577 0.660 0.745 0.832 0.920 0.999 1.024 1.047 1.073 1.104 1.138 1.178 1.221 1.269 1.320 1.376 1.437 1.513 1.650 1.796 1.950 2.114 2.287 2.469 2.659 2.859 3.067 3.284 3.511 3.766 4.132 4.494 4.852 5.206 5.555 5.900 6.241 6.577 6.909 7.237 7.560 7.850 7.954 8.052 8.143 8.229 8.308 8.381 8.448 8.508 8.563 8.611 8.654 8.646
0.038 0.037 0.036 0.035 0.034 0.033 0.031 0.030 0.028 0.026 0.024 0.026 0.104 0.184 0.265 0.348 0.432 0.513 0.591 0.668 0.744 0.819 0.892 0.963 0.996 1.033 1.074 1.120 1.170 1.224 1.282 1.344 1.411 1.482 1.557 1.639 1.807 1.984 2.170 2.365 2.569 2.782 3.004 3.235 3.474 3.723 3.980 4.248 4.599 4.946 5.289 5.627 5.962 6.292 6.617 6.939 7.256 7.568 7.877 8.181 8.263 8.339 8.409 8.473 8.530 8.582 8.627 8.666 8.699 8.726 8.747 8.762
0.044 0.043 0.041 0.040 0.038 0.036 0.035 0.033 0.030 0.028 0.030 0.025 0.097 0.177 0.255 0.333 0.409 0.484 0.559 0.632 0.704 0.775 0.844 0.913 0.963 1.015 1.071 1.132 1.196 1.265 1.338 1.416 1.497 1.583 1.673 1.767 1.955 2.164 2.381 2.607 2.842 3.086 3.339 3.601 3.872 4.151 4.440 4.737 5.069 5.401 5.729 6.053 6.372 6.687 6.997 7.304 7.606 7.904 8.197 8.486 8.577 8.632 8.680 8.722 8.758 8.788 8.812 8.830 8.842 8.847 8.847 8.840
0.050 0.048 0.046 0.077 0.101 0.116 0.123 0.123 0.114 0.097 0.073 0.040 0.088 0.164 0.239 0.312 0.385 0.456 0.527 0.596 0.664 0.732 0.798 0.863 0.926 0.993 1.064 1.139 1.219 1.302 1.390 1.482 1.579 1.679 1.784 1.893 2.094 2.334 2.582 2.839 3.106 3.381 3.665 3.958 4.260 4.571 4.890 5.219 5.543 5.860 6.173 6.481 6.786 7.086 7.381 7.673 7.960 8.242 8.521 8.795 8.897 8.930 8.957 8.978 8.992 9.001 9.003 8.966 8.863 8.746 8.613 8.465
0.292 0.311 0.322 0.325 0.320 0.308 0.287 0.258 0.221 0.176 0.124 0.063 0.080 0.152 0.223 0.293 0.362 0.430 0.496 0.562 0.626 0.690 0.752 0.813 0.885 0.966 1.052 1.142 1.236 1.335 1.438 1.545 1.656 1.771 1.891 2.015 2.223 2.494 2.774 3.062 3.360 3.666 3.981 4.305 4.638 4.980 5.331 5.690 6.020 6.322 6.620 6.914 7.203 7.488 7.769 8.045 8.317 8.585 8.849 9.108 9.194 9.144 9.079 8.999 8.904 8.794 8.669 8.529 8.374 8.204 8.019 7.819
0.632 0.623 0.606 0.581 0.548 0.508 0.459 0.402 0.337 0.264 0.183 0.095 0.074 0.142 0.209 0.275 0.340 0.404 0.467 0.529 0.590 0.649 0.708 0.765 0.839 0.935 1.036 1.141 1.250 1.363 1.481 1.602 1.728 1.859 1.993 2.132 2.344 2.645 2.956 3.276 3.604 3.942 4.288 4.643 5.007 5.380 5.762 6.153 6.501 6.788 7.071 7.350 7.624 7.840 8.029 8.223 8.423 8.629 8.841 9.059 9.138 9.036 8.919 8.786 8.639 8.477 8.299 8.107 7.900 7.678 7.440 7.188
0.981 0.944 0.899 0.846 0.785 0.716 0.639 0.554 0.461 0.361 0.252 0.135 0.068 0.133 0.196 0.259 0.320 0.380 0.439 0.497 0.554 0.610 0.665 0.718 0.788 0.899 1.015 1.135 1.259 1.387 1.519 1.656 1.797 1.942 2.091 2.244 2.454 2.787 3.129 3.480 3.839 4.208 4.585 4.972 5.367 5.771 6.115 6.422 6.677 6.856 7.041 7.232 7.429 7.632 7.842 8.057 8.278 8.505 8.738 8.977 9.097 8.942 8.773 8.588 8.389 8.174 7.944 7.700 7.441 7.166 6.877 6.572
1.338 1.273 1.200 1.119 1.030 0.933 0.828 0.715 0.594 0.465 0.329 0.184 0.064 0.125 0.184 0.243 0.300 0.357 0.412 0.466 0.520 0.572 0.623 0.673 0.733 0.860 0.990 1.124 1.263 1.406 1.553 1.705 1.860 2.020 2.184 2.352 2.556 2.920 3.293 3.679 4.050 4.403 4.737 5.053 5.351 5.631 5.893 6.136 6.358 6.558 6.764 6.976 7.195 7.419 7.649 7.885 8.127 8.376 8.630 8.890 9.070 8.863 8.641 8.405 8.153 7.886 7.604 7.308 6.996 6.670 6.328 5.972
1.701 1.610 1.509 1.400 1.283 1.158 1.025 0.884 0.736 0.579 0.414 0.241 0.061 0.118 0.174 0.228 0.282 0.335 0.386 0.437 0.486 0.535 0.582 0.628 0.674 0.815 0.960 1.110 1.263 1.421 1.583 1.751 1.987 2.219 2.446 2.668 2.889 3.250 3.594 3.919 4.227 4.516 4.787 5.039 5.274 5.490 5.689 5.869 6.033 6.254 6.482 6.715 6.954 7.199 7.451 7.708 7.971 8.240 8.515 8.797 9.058 8.799 8.525 8.236 7.932 7.613 7.279 6.930 6.567 6.188 5.794 5.386
2.031 1.956 1.827 1.690 1.545 1.392 1.231 1.062 0.885 0.701 0.508 0.307 0.099 0.112 0.164 0.215 0.265 0.314 0.362 0.408 0.454 0.499 0.542 0.585 0.643 0.882 1.131 1.375 1.614 1.849 2.078 2.302 2.522 2.736 2.946 3.150 3.350 3.635 3.915 4.177 4.421 4.647 4.854 5.044 5.215 5.368 5.503 5.620 5.719 5.945 6.194 6.448 6.708 6.974 7.247 7.525 7.809 8.099 8.395 8.698 9.006 8.749 8.423 8.082 7.726 7.355 6.969 6.568 6.152 5.721 5.276 4.815
2.354 2.310 2.153 1.988 1.815 1.634 1.445 1.248 1.044 0.831 0.610 0.382 0.145 0.107 0.156 0.203 0.249 0.318 0.443 0.574 0.711 0.855 1.006 1.162 1.326 1.542 1.774 2.001 2.223 2.440 2.652 2.859 3.061 3.258 3.450 3.637 3.820 4.038 4.255 4.453 4.634 4.796 4.940 5.067 5.174 5.264 5.336 5.390 5.425 5.630 5.900 6.175 6.456 6.744 7.037 7.336 7.641 7.952 8.270 8.593 8.922 8.714 8.336 7.942 7.534 7.111 6.673 6.220 5.752 5.270 4.772 4.259
2.667 2.672 2.487 2.294 2.093 1.885 1.668 1.443 1.210 0.970 0.744 0.541 0.339 0.312 0.434 0.561 0.696 0.836 0.984 1.137 1.297 1.463 1.636 1.815 2.001 2.207 2.421 2.631 2.835 3.035 3.230 3.419 3.604 3.784 3.959 4.128 4.293 4.459 4.612 4.747 4.865 4.964 5.045 5.107 5.152 5.179 5.187 5.177 5.150 5.310 5.600 5.897 6.199 6.507 6.821 7.142 7.468 7.800 8.138 8.482 8.832 8.693 8.263 7.818 7.358 6.882 6.392 5.887 5.368 4.833 4.283 3.718
2.973 3.043 2.830 2.620 2.416 2.212 2.009 1.806 1.604 1.402 1.200 0.999 0.798 0.733 0.877 1.028 1.184 1.347 1.517 1.693 1.875 2.064 2.259 2.460 2.668 2.876 3.073 3.265 3.452 3.635 3.812 3.984 4.152 4.314 4.471 4.624 4.772 4.897 4.987 5.059 5.113 5.149 5.167 5.166 5.148 5.111 5.057 4.984 4.893 4.984 5.295 5.613 5.936 6.265 6.600 6.942 7.289 7.642 8.001 8.366 8.737 8.687 8.205 7.708 7.195 6.668 6.126 5.569 5.088 4.754 4.432 4.122
3.392 3.472 3.269 3.065 2.863 2.660 2.458 2.257 2.056 1.855 1.655 1.456 1.257 1.147 1.314 1.486 1.665 1.851 2.043 2.241 2.445 2.656 2.874 3.098 3.328 3.549 3.729 3.904 4.073 4.238 4.398 4.553 4.703 4.849 4.989 5.124 5.254 5.354 5.381 5.389 5.380 5.353 5.307 5.244 5.162 5.062 4.944 4.808 4.654 4.653 4.985 5.323 5.667 6.017 6.374 6.736 7.104 7.478 7.858 8.244 8.636 8.763 8.387 8.023 7.671 7.331 7.002 6.685 6.380 6.087 5.806 5.536
3.904 3.914 3.711 3.510 3.308 3.107 2.907 2.707 2.507 2.308 2.110 1.912 1.714 1.554 1.742 1.937 2.139 2.347 2.561 2.781 3.008 3.242 3.481 3.728 3.980 4.227 4.389 4.546 4.699 4.846 4.989 5.127 5.260 5.387 5.510 5.628 5.741 5.828 5.792 5.737 5.665 5.574 5.466 5.339 5.194 5.031 4.850 4.651 4.434 4.315 4.669 5.028 5.393 5.764 6.324 6.978 7.585 8.145 8.659 9.125 9.545 9.757 9.422 9.099 8.788 8.488 8.200 7.924 7.660 7.407 7.166 6.937
