DATA/SHG/ECMWF/20170628/EN-12/20170706.en-12.asc
ncols        190
nrows        64
xllcorner    -5100000.000000000000
yllcorner    4130000.000000000000
cellsize     10000.000000000000
NODATA_value  -99999.000
[rows 0 to 32 of 64, columns 73 to 145 of 190]
7.231 7.505 7.793 8.093 8.405 8.731 9.069 9.420 9.733 9.857 9.928 9.993 10.050 10.101 10.144 10.181 10.210 10.233 10.248 10.257 10.217 10.048 9.891 9.735 9.581 9.427 9.275 9.124 8.974 8.825 8.677 8.531 8.388 8.257 8.129 8.005 7.884 7.766 7.652 7.541 7.433 7.329 7.228 7.131 6.996 6.747 6.513 6.293 6.088 5.897 5.721 5.559 5.412 5.280 5.162 5.058 4.965 4.857 4.735 4.599 4.449 4.285 4.107 3.915 3.709 3.490 3.256 3.008 2.781 2.648 2.517 2.388 2.260
7.293 7.612 7.904 8.175 8.433 8.680 8.914 9.136 9.320 9.374 9.421 9.461 9.494 9.521 9.540 9.552 9.557 9.555 9.547 9.531 9.493 9.329 9.177 9.027 8.877 8.729 8.582 8.436 8.291 8.148 8.005 7.864 7.726 7.610 7.498 7.388 7.282 7.180 7.081 6.985 6.892 6.803 6.717 6.634 6.541 6.357 6.187 6.033 5.892 5.766 5.655 5.558 5.476 5.408 5.355 5.316 5.272 5.102 4.917 4.719 4.506 4.280 4.039 3.785 3.517 3.235 2.938 2.628 2.335 2.210 2.086 1.964 1.843
7.196 7.448 7.689 7.917 8.133 8.337 8.528 8.708 8.869 8.899 8.921 8.937 8.946 8.948 8.943 8.931 8.912 8.886 8.853 8.813 8.766 8.610 8.463 8.318 8.174 8.031 7.889 7.748 7.609 7.470 7.333 7.197 7.062 6.961 6.863 6.769 6.678 6.590 6.506 6.425 6.348 6.274 6.203 6.135 6.070 5.951 5.847 5.757 5.681 5.620 5.574 5.542 5.525 5.522 5.533 5.559 5.593 5.360 5.113 4.852 4.578 4.289 3.986 3.669 3.339 2.994 2.636 2.263 1.965 2.004 2.043 2.082 2.120
7.078 7.288 7.485 7.671 7.844 8.005 8.154 8.291 8.416 8.430 8.429 8.420 8.405 8.382 8.353 8.317 8.273 8.223 8.166 8.102 8.030 7.890 7.749 7.609 7.470 7.332 7.196 7.060 6.926 6.793 6.661 6.530 6.400 6.309 6.226 6.147 6.071 5.998 5.929 5.863 5.801 5.741 5.686 5.633 5.584 5.531 5.491 5.466 5.456 5.459 5.478 5.510 5.558 5.620 5.696 5.787 5.892 5.633 5.323 5.055 4.832 4.608 4.381 4.152 3.920 3.686 3.450 3.211 2.970 2.988 3.026 3.063 3.099
6.971 7.139 7.294 7.437 7.567 7.686 7.792 7.886 7.968 7.969 7.943 7.910 7.871 7.824 7.770 7.710 7.642 7.568 7.486 7.398 7.302 7.171 7.035 6.900 6.766 6.633 6.502 6.372 6.243 6.115 5.988 5.862 5.738 5.654 5.586 5.522 5.461 5.404 5.349 5.298 5.251 5.207 5.166 5.128 5.094 5.096 5.121 5.161 5.215 5.283 5.402 5.571 5.762 5.976 6.211 6.468 6.748 6.628 6.399 6.169 5.936 5.701 5.463 5.223 4.981 4.736 4.489 4.240 3.988 3.972 4.008 4.043 4.078
6.876 7.001 7.114 7.214 7.302 7.378 7.442 7.494 7.533 7.514 7.464 7.407 7.344 7.273 7.195 7.110 7.018 6.920 6.814 6.701 6.582 6.451 6.320 6.190 6.062 5.934 5.808 5.683 5.559 5.436 5.315 5.194 5.075 4.996 4.944 4.894 4.848 4.806 4.767 4.731 4.698 4.698 4.718 4.739 4.760 4.858 5.015 5.194 5.395 5.619 5.864 6.132 6.421 6.733 7.067 7.423 7.801 7.764 7.525 7.284 7.040 6.794 6.546 6.295 6.042 5.787 5.529 5.269 5.007 4.954 4.988 5.022 5.055
6.793 6.875 6.945 7.003 7.048 7.082 7.103 7.112 7.109 7.067 6.993 6.912 6.824 6.729 6.626 6.517 6.402 6.279 6.149 6.012 5.868 5.731 5.605 5.480 5.357 5.235 5.114 4.994 4.876 4.758 4.642 4.526 4.452 4.437 4.456 4.475 4.495 4.515 4.536 4.556 4.577 4.599 4.620 4.642 4.664 4.803 5.058 5.336 5.636 5.958 6.302 6.668 7.056 7.466 7.898 8.352 8.829 8.901 8.652 8.400 8.145 7.889 7.630 7.369 7.105 6.839 6.571 6.300 6.027 5.936 5.968 5.999 6.031
6.721 6.761 6.788 6.803 6.807 6.798 6.776 6.743 6.698 6.627 6.529 6.423 6.311 6.192 6.065 5.932 5.792 5.645 5.491 5.330 5.162 5.010 4.890 4.804 4.735 4.671 4.611 4.555 4.503 4.455 4.412 4.373 4.338 4.327 4.347 4.368 4.389 4.411 4.433 4.455 4.477 4.499 4.522 4.545 4.569 4.724 5.078 5.455 5.853 6.273 6.715 7.180 7.666 8.175 8.705 9.258 9.833 10.039 9.779 9.517 9.252 8.984 8.715 8.443 8.168 7.892 7.613 7.331 7.048 6.916 6.946 6.976 7.006
6.661 6.658 6.643 6.616 6.576 6.525 6.461 6.386 6.298 6.194 6.071 5.942 5.805 5.662 5.511 5.364 5.250 5.131 5.007 4.879 4.746 4.628 4.570 4.516 4.466 4.421 4.379 4.342 4.310 4.281 4.257 4.236 4.220 4.217 4.239 4.261 4.283 4.306 4.329 4.352 4.376 4.400 4.424 4.448 4.473 4.622 5.075 5.549 6.046 6.565 7.105 7.668 8.253 8.860 9.488 10.139 10.812 11.178 10.908 10.634 10.359 10.081 9.800 9.518 9.233 8.946 8.656 8.364 8.070 7.895 7.924 7.952 7.980
6.612 6.567 6.509 6.440 6.358 6.264 6.158 6.040 5.921 5.824 5.722 5.615 5.503 5.387 5.266 5.140 5.009 4.873 4.733 4.588 4.437 4.298 4.259 4.224 4.193 4.166 4.144 4.126 4.112 4.102 4.096 4.095 4.098 4.107 4.130 4.154 4.177 4.201 4.226 4.250 4.275 4.300 4.325 4.351 4.377 4.497 5.048 5.621 6.216 6.833 7.472 8.132 8.815 9.520 10.247 10.996 11.767 12.318 12.037 11.753 11.467 11.178 10.887 10.594 10.298 10.000 9.700 9.397 9.092 8.874 8.901 8.927 8.953
6.574 6.474 6.358 6.248 6.144 6.045 5.951 5.864 5.782 5.705 5.586 5.462 5.334 5.201 5.063 4.920 4.773 4.620 4.463 4.301 4.134 3.967 3.943 3.927 3.915 3.907 3.904 3.905 3.909 3.919 3.932 3.949 3.971 3.997 4.021 4.046 4.071 4.096 4.122 4.148 4.174 4.200 4.227 4.254 4.281 4.348 4.997 5.668 6.362 7.077 7.814 8.573 9.354 10.157 10.982 11.829 12.698 13.459 13.167 12.872 12.575 12.276 11.975 11.671 11.364 11.056 10.745 10.432 10.116 9.851 9.876 9.901 9.925
6.294 6.192 6.096 6.006 5.921 5.842 5.768 5.700 5.638 5.581 5.455 5.315 5.169 5.019 4.865 4.705 4.541 4.372 4.198 4.019 3.836 3.652 3.624 3.626 3.633 3.644 3.660 3.679 3.703 3.731 3.763 3.799 3.840 3.885 3.912 3.938 3.965 3.991 4.018 4.045 4.072 4.100 4.128 4.156 4.185 4.214 4.923 5.693 6.484 7.297 8.132 8.990 9.869 10.770 11.693 12.638 13.605 14.594 14.298 13.993 13.685 13.375 13.063 12.749 12.432 12.113 11.791 11.467 11.048 10.546 10.417 10.321 10.257
5.988 5.906 5.829 5.758 5.693 5.634 5.580 5.532 5.489 5.452 5.328 5.171 5.009 4.843 4.671 4.495 4.314 4.128 3.937 3.742 3.542 3.341 3.300 3.321 3.347 3.377 3.411 3.449 3.492 3.538 3.589 3.645 3.704 3.768 3.803 3.830 3.858 3.886 3.914 3.942 3.971 4.000 4.029 4.059 4.088 4.119 4.826 5.694 6.583 7.494 8.427 9.383 10.360 11.359 12.380 13.423 14.488 15.575 15.430 14.988 14.415 13.854 13.305 12.768 12.244 11.732 11.232 10.745 10.269 9.806 9.790 9.838 9.917
5.676 5.614 5.557 5.506 5.461 5.421 5.387 5.358 5.335 5.318 5.207 5.033 4.854 4.671 4.482 4.289 4.092 3.889 3.682 3.470 3.253 3.035 2.971 3.012 3.056 3.105 3.158 3.215 3.276 3.342 3.412 3.486 3.564 3.646 3.694 3.722 3.751 3.780 3.810 3.839 3.869 3.900 3.930 3.961 3.992 4.023 4.705 5.671 6.658 7.667 8.658 9.587 10.484 11.349 12.182 12.983 13.751 14.488 14.240 13.709 13.190 12.684 12.189 11.707 11.237 10.779 10.334 9.901 9.480 9.071 9.132 9.323 9.546
5.360 5.318 5.281 5.249 5.223 5.203 5.189 5.180 5.176 5.179 5.089 4.899 4.703 4.503 4.298 4.089 3.874 3.655 3.431 3.202 2.968 2.734 2.639 2.698 2.761 2.829 2.900 2.976 3.056 3.141 3.229 3.322 3.419 3.520 3.584 3.614 3.644 3.675 3.705 3.736 3.767 3.820 3.893 3.968 4.045 4.123 4.713 5.629 6.512 7.362 8.181 8.968 9.722 10.445 11.135 11.793 12.420 13.014 12.896 12.419 11.955 11.502 11.062 10.635 10.219 9.816 9.425 9.046 8.679 8.325 8.442 8.777 9.143
5.039 5.016 4.999 4.987 4.981 4.981 4.986 4.996 5.012 5.034 4.977 4.769 4.557 4.340 4.119 3.892 3.661 3.425 3.185 2.939 2.689 2.438 2.302 2.380 2.462 2.548 2.639 2.733 2.832 2.935 3.043 3.154 3.289 3.445 3.567 3.637 3.708 3.781 3.855 3.931 4.008 4.087 4.168 4.249 4.333 4.418 4.841 5.614 6.354 7.063 7.739 8.383 8.995 9.575 10.123 10.639 11.123 11.574 11.541 11.118 10.708 10.311 9.925 9.552 9.190 8.841 8.505 8.180 7.868 7.568 7.722 8.199 8.709
4.714 4.710 4.713 4.720 4.734 4.753 4.778 4.808 4.844 4.885 4.868 4.644 4.416 4.182 3.944 3.701 3.453 3.200 2.943 2.681 2.414 2.146 1.961 2.075 2.208 2.346 2.489 2.637 2.790 2.949 3.112 3.281 3.455 3.634 3.786 3.862 3.940 4.020 4.101 4.183 4.267 4.353 4.440 4.528 4.618 4.710 5.003 5.633 6.231 6.797 7.331 7.832 8.302 8.740 9.146 9.519 9.861 10.170 10.175 9.807 9.451 9.108 8.777 8.457 8.151 7.856 7.574 7.303 7.045 6.800 6.970 7.590 8.243
4.383 4.400 4.421 4.449 4.482 4.520 4.565 4.615 4.670 4.731 4.765 4.524 4.279 4.029 3.774 3.513 3.244 2.985 2.737 2.498 2.270 2.052 1.879 2.030 2.186 2.346 2.512 2.683 2.859 3.041 3.227 3.419 3.615 3.817 4.002 4.085 4.170 4.256 4.344 4.433 4.524 4.616 4.710 4.805 4.902 5.000 5.198 5.685 6.141 6.565 6.956 7.316 7.644 7.939 8.202 8.434 8.633 8.801 8.799 8.485 8.184 7.894 7.617 7.353 7.100 6.860 6.631 6.415 6.212 6.020 6.187 6.950 7.746
4.048 4.084 4.125 4.172 4.225 4.283 4.347 4.416 4.485 4.520 4.549 4.272 3.998 3.734 3.480 3.236 3.002 2.779 2.565 2.362 2.169 1.987 1.814 1.979 2.158 2.341 2.530 2.724 2.923 3.127 3.336 3.550 3.770 3.994 4.217 4.307 4.398 4.491 4.585 4.681 4.779 4.878 4.978 5.080 5.184 5.289 5.426 5.772 6.085 6.367 6.616 6.834 7.019 7.173 7.294 7.383 7.441 7.466 7.412 7.152 6.905 6.670 6.447 6.237 6.039 5.852 5.678 5.517 5.367 5.230 5.373 6.279 7.217
3.708 3.764 3.818 3.868 3.911 3.949 3.981 4.008 4.029 4.045 4.055 3.845 3.606 3.377 3.159 2.950 2.752 2.564 2.385 2.217 2.059 1.913 1.775 1.923 2.124 2.331 2.542 2.759 2.980 3.207 3.439 3.676 3.918 4.165 4.418 4.526 4.624 4.724 4.825 4.927 5.032 5.137 5.244 5.353 5.463 5.575 5.689 5.892 6.063 6.203 6.310 6.386 6.429 6.440 6.420 6.367 6.283 6.166 6.014 5.809 5.616 5.435 5.267 5.110 4.966 4.834 4.714 4.607 4.511 4.428 4.528 5.577 6.658
3.410 3.451 3.486 3.516 3.540 3.558 3.571 3.578 3.580 3.576 3.566 3.410 3.206 3.012 2.829 2.656 2.493 2.339 2.197 2.064 1.941 1.829 1.728 1.861 2.085 2.314 2.548 2.788 3.032 3.282 3.536 3.796 4.061 4.331 4.606 4.743 4.848 4.954 5.062 5.172 5.282 5.395 5.509 5.624 5.741 5.859 5.979 6.046 6.075 6.073 6.038 5.972 5.873 5.743 5.580 5.386 5.160 4.901 4.611 4.455 4.316 4.190 4.075 3.973 3.883 3.805 3.739 3.686 3.644 3.693 3.909 5.388 6.987
3.122 3.143 3.159 3.169 3.174 3.173 3.166 3.154 3.136 3.112 3.083 2.965 2.797 2.639 2.491 2.352 2.225 2.107 1.999 1.901 1.814 1.737 1.671 1.793 2.040 2.292 2.549 2.811 3.078 3.350 3.628 3.910 4.198 4.490 4.788 4.958 5.070 5.183 5.298 5.414 5.531 5.650 5.771 5.893 6.017 6.142 6.268 6.233 6.121 5.976 5.800 5.592 5.351 5.079 4.775 4.439 4.071 3.671 3.239 3.090 3.094 3.235 3.380 3.529 3.682 3.839 4.001 4.167 4.336 4.510 4.688 6.582 8.712
2.840 2.842 2.838 2.829 2.814 2.793 2.767 2.735 2.698 2.655 2.606 2.513 2.380 2.256 2.143 2.041 1.948 1.865 1.792 1.730 1.677 1.637 1.606 1.719 1.989 2.264 2.543 2.828 3.118 3.413 3.713 4.018 4.329 4.644 4.964 5.172 5.290 5.410 5.531 5.654 5.778 5.904 6.031 6.160 6.290 6.422 6.555 6.454 6.200 5.914 5.596 5.254 4.934 4.637 4.365 4.117 3.893 3.693 3.517 3.586 3.741 3.900 4.063 4.231 4.402 4.578 4.758 4.942 5.130 5.322 5.519 7.655 10.316
2.564 2.546 2.523 2.494 2.460 2.419 2.374 2.322 2.266 2.203 2.135 2.051 1.953 1.865 1.788 1.720 1.662 1.615 1.577 1.550 1.532 1.527 1.531 1.640 1.932 2.230 2.532 2.840 3.152 3.470 3.793 4.121 4.454 4.792 5.135 5.383 5.508 5.635 5.763 5.892 6.023 6.155 6.261 6.313 6.350 6.374 6.383 6.208 5.898 5.612 5.350 5.113 4.899 4.709 4.544 4.403 4.285 4.192 4.123 4.209 4.382 4.560 4.741 4.927 5.117 5.311 5.509 5.712 5.918 6.129 6.344 8.607 11.799
2.293 2.256 2.213 2.165 2.111 2.051 1.986 1.915 1.839 1.757 1.669 1.582 1.519 1.466 1.423 1.390 1.368 1.355 1.353 1.361 1.378 1.408 1.448 1.555 1.870 2.190 2.515 2.846 3.181 3.521 3.867 4.217 4.573 4.932 5.285 5.551 5.639 5.712 5.772 5.818 5.849 5.867 5.870 5.859 5.834 5.796 5.743 5.614 5.411 5.232 5.077 4.946 4.839 4.756 4.698 4.663 4.652 4.666 4.704 4.827 5.019 5.214 5.414 5.619 5.827 6.039 6.256 6.477 6.702 6.931 7.164 9.438 13.161
2.028 1.971 1.909 1.841 1.768 1.689 1.604 1.514 1.418 1.317 1.210 1.103 1.075 1.058 1.050 1.052 1.065 1.087 1.120 1.163 1.215 1.280 1.356 1.465 1.824 2.214 2.595 2.968 3.334 3.691 4.040 4.381 4.715 5.040 5.357 5.612 5.637 5.648 5.646 5.629 5.598 5.553 5.494 5.421 5.334 5.233 5.118 4.995 4.899 4.827 4.778 4.754 4.754 4.778 4.826 4.898 4.994 5.115 5.259 5.440 5.650 5.864 6.082 6.305 6.531 6.762 6.997 7.236 7.480 7.727 7.979 10.149 14.403
1.769 1.693 1.611 1.524 1.431 1.332 1.228 1.119 1.003 0.882 0.756 0.624 0.623 0.641 0.668 0.706 0.763 0.900 1.046 1.204 1.372 1.545 1.720 1.904 2.262 2.615 2.961 3.299 3.628 3.950 4.264 4.569 4.867 5.156 5.437 5.688 5.651 5.600 5.535 5.456 5.362 5.255 5.134 4.999 4.849 4.686 4.509 4.352 4.362 4.396 4.455 4.537 4.644 4.775 4.929 5.108 5.311 5.538 5.789 6.047 6.276 6.508 6.745 6.986 7.231 7.480 7.733 7.991 8.252 8.518 8.788 10.740 15.523
1.515 1.419 1.318 1.212 1.099 0.981 0.858 0.729 0.594 0.469 0.397 0.325 0.410 0.540 0.681 0.833 0.996 1.169 1.353 1.547 1.753 1.963 2.175 2.397 2.707 3.026 3.336 3.638 3.932 4.218 4.495 4.765 5.027 5.281 5.526 5.764 5.679 5.566 5.439 5.298 5.142 4.973 4.789 4.592 4.380 4.155 3.915 3.684 3.801 3.942 4.107 4.296 4.509 4.746 5.007 5.293 5.602 5.935 6.293 6.650 6.897 7.148 7.403 7.662 7.925 8.193 8.464 8.740 9.020 9.304 9.592 11.210 16.523
1.267 1.152 1.048 0.980 0.911 0.841 0.770 0.698 0.625 0.551 0.476 0.400 0.484 0.652 0.830 1.019 1.218 1.429 1.649 1.881 2.123 2.370 2.621 2.879 3.162 3.444 3.719 3.985 4.243 4.493 4.736 4.970 5.196 5.414 5.624 5.826 5.724 5.548 5.359 5.155 4.937 4.706 4.460 4.201 3.927 3.639 3.338 3.022 3.214 3.462 3.734 4.029 4.349 4.693 5.060 5.452 5.868 6.308 6.771 7.248 7.513 7.782 8.055 8.333 8.614 8.900 9.190 9.484 9.782 10.085 10.391 11.561 17.402
1.296 1.226 1.156 1.085 1.012 0.938 0.864 0.788 0.712 0.634 0.555 0.475 0.548 0.753 0.968 1.194 1.431 1.678 1.936 2.204 2.484 2.768 3.056 3.352 3.624 3.871 4.110 4.341 4.563 4.778 4.985 5.183 5.374 5.556 5.731 5.897 5.783 5.545 5.294 5.028 4.748 4.454 4.147 3.825 3.489 3.139 2.776 2.398 2.604 2.958 3.336 3.738 4.164 4.614 5.088 5.586 6.109 6.655 7.225 7.819 8.123 8.411 8.703 8.998 9.298 9.602 9.911 10.223 10.540 10.860 11.185 11.756 17.841
1.412 1.339 1.265 1.190 1.114 1.037 0.959 0.879 0.799 0.718 0.635 0.552 0.603 0.845 1.097 1.360 1.633 1.918 2.212 2.518 2.834 3.155 3.480 3.814 4.095 4.306 4.510 4.705 4.892 5.071 5.242 5.405 5.560 5.707 5.846 5.977 5.858 5.558 5.244 4.916 4.574 4.218 3.849 3.465 3.067 2.655 2.229 1.790 1.968 2.429 2.913 3.422 3.954 4.511 5.091 5.695 6.324 6.976 7.653 8.353 8.729 9.035 9.344 9.644 9.929 10.200 10.457 10.699 10.927 11.140 11.340 11.525 16.567
1.530 1.453 1.375 1.297 1.217 1.136 1.054 0.971 0.887 0.802 0.716 0.629 0.648 0.926 1.216 1.515 1.826 2.147 2.479 2.821 3.174 3.533 3.895 4.266 4.575 4.750 4.918 5.077 5.229 5.372 5.508 5.635 5.755 5.866 5.970 6.065 5.947 5.585 5.210 4.820 4.416 3.998 3.566 3.120 2.660 2.187 1.699 1.197 1.308 1.875 2.466 3.080 3.719 4.407 5.165 5.929 6.697 7.470 8.247 9.030 9.456 9.721 9.972 10.208 10.430 10.637 10.831 11.010 11.174 11.325 11.461 11.583 15.452
1.648 1.568 1.486 1.404 1.321 1.236 1.151 1.064 0.977 0.888 0.798 0.708 0.683 0.998 1.324 1.661 2.009 2.367 2.735 3.115 3.504 3.900 4.300 4.708 5.062 5.202 5.334 5.458 5.574 5.682 5.782 5.874 5.958 6.034 6.102 6.162 6.052 5.628 5.190 4.739 4.273 3.793 3.299 2.791 2.327 1.982 1.576 1.109 1.191 1.946 2.707 3.472 4.243 5.018 5.797 6.582 7.371 8.166 8.965 9.768 10.224 10.426 10.613 10.786 10.945 11.089 11.219 11.335 11.436 11.523 11.596 11.655 14.494
