DATA/SHG/ECMWF/20170628/EN-12/20170712.en-12.asc
ncols        190
nrows        64
xllcorner    -5100000.000000000000
yllcorner    4130000.000000000000
cellsize     10000.000000000000
NODATA_value  -99999.000
[rows 0 to 31 of 64, columns 72 to 143 of 190]
0.218 0.194 0.170 0.148 0.126 0.106 0.087 0.068 0.050 0.034 0.037 0.048 0.058 0.065 0.071 0.075 0.078 0.078 0.077 0.073 0.068 0.066 0.075 0.084 0.094 0.104 0.115 0.127 0.139 0.151 0.164 0.178 0.192 0.204 0.209 0.214 0.219 0.224 0.228 0.232 0.236 0.239 0.242 0.245 0.248 0.248 0.237 0.226 0.214 0.201 0.188 0.174 0.159 0.143 0.126 0.109 0.091 0.079 0.086 0.093 0.100 0.106 0.113 0.120 0.126 0.132 0.138 0.144 0.150 0.162 0.193 0.223
0.101 0.080 0.060 0.066 0.079 0.092 0.105 0.117 0.129 0.140 0.147 0.152 0.155 0.156 0.156 0.154 0.150 0.144 0.136 0.127 0.115 0.105 0.117 0.128 0.140 0.153 0.166 0.180 0.195 0.209 0.225 0.241 0.257 0.273 0.277 0.281 0.285 0.288 0.291 0.294 0.297 0.299 0.301 0.303 0.305 0.304 0.290 0.276 0.260 0.244 0.227 0.209 0.191 0.172 0.152 0.131 0.110 0.092 0.098 0.105 0.111 0.117 0.123 0.129 0.135 0.141 0.146 0.152 0.157 0.166 0.198 0.229
0.151 0.163 0.176 0.189 0.201 0.213 0.225 0.236 0.248 0.258 0.259 0.257 0.254 0.249 0.242 0.234 0.223 0.211 0.197 0.181 0.164 0.144 0.158 0.172 0.186 0.201 0.217 0.233 0.250 0.267 0.285 0.303 0.322 0.342 0.345 0.348 0.350 0.352 0.354 0.356 0.358 0.359 0.360 0.361 0.361 0.361 0.344 0.326 0.307 0.288 0.267 0.246 0.224 0.202 0.178 0.154 0.130 0.105 0.111 0.117 0.122 0.128 0.133 0.139 0.144 0.149 0.154 0.159 0.164 0.178 0.227 0.274
0.276 0.288 0.300 0.312 0.323 0.334 0.345 0.356 0.366 0.376 0.372 0.364 0.354 0.343 0.330 0.315 0.298 0.280 0.260 0.238 0.214 0.188 0.198 0.215 0.231 0.249 0.267 0.286 0.305 0.324 0.345 0.365 0.387 0.408 0.413 0.415 0.416 0.417 0.418 0.418 0.419 0.419 0.419 0.418 0.418 0.417 0.398 0.377 0.355 0.332 0.308 0.284 0.258 0.232 0.206 0.178 0.150 0.121 0.123 0.129 0.162 0.216 0.262 0.300 0.329 0.350 0.363 0.368 0.364 0.352 0.385 0.419
0.401 0.413 0.424 0.434 0.445 0.455 0.465 0.475 0.485 0.494 0.486 0.472 0.456 0.439 0.419 0.398 0.375 0.350 0.324 0.295 0.265 0.233 0.238 0.257 0.276 0.296 0.316 0.337 0.359 0.381 0.404 0.427 0.450 0.474 0.481 0.482 0.482 0.482 0.482 0.481 0.480 0.479 0.478 0.476 0.475 0.473 0.453 0.429 0.403 0.377 0.350 0.376 0.437 0.488 0.528 0.558 0.577 0.585 0.619 0.652 0.678 0.695 0.704 0.705 0.697 0.681 0.657 0.624 0.583 0.534 0.545 0.568
0.527 0.537 0.547 0.557 0.567 0.576 0.586 0.595 0.603 0.612 0.602 0.582 0.560 0.536 0.510 0.483 0.453 0.422 0.389 0.355 0.318 0.280 0.277 0.298 0.320 0.342 0.365 0.388 0.412 0.437 0.462 0.487 0.513 0.540 0.550 0.549 0.548 0.547 0.545 0.544 0.542 0.540 0.607 0.725 0.848 0.977 1.073 1.140 1.196 1.242 1.277 1.302 1.316 1.319 1.312 1.295 1.267 1.228 1.216 1.213 1.201 1.181 1.153 1.117 1.072 1.019 0.958 0.889 0.811 0.725 0.708 0.719
0.652 0.662 0.671 0.680 0.689 0.698 0.706 0.714 0.722 0.729 0.720 0.693 0.665 0.634 0.602 0.569 0.533 0.496 0.456 0.415 0.373 0.328 0.315 0.339 0.363 0.388 0.413 0.439 0.465 0.492 0.519 0.547 0.575 0.664 0.771 0.870 0.974 1.084 1.199 1.319 1.445 1.577 1.714 1.856 2.004 2.158 2.245 2.265 2.274 2.273 2.261 2.238 2.205 2.161 2.107 2.042 1.966 1.880 1.821 1.781 1.732 1.675 1.610 1.537 1.455 1.366 1.268 1.161 1.047 0.924 0.873 0.872
0.778 0.787 0.795 0.803 0.811 0.819 0.826 0.834 0.841 0.847 0.839 0.806 0.771 0.734 0.696 0.656 0.614 0.571 0.525 0.478 0.429 0.378 0.353 0.379 0.472 0.592 0.712 0.833 0.953 1.073 1.194 1.315 1.436 1.557 1.677 1.800 1.928 2.062 2.202 2.346 2.497 2.652 2.814 2.980 3.153 3.330 3.428 3.400 3.362 3.313 3.254 3.184 3.103 3.012 2.911 2.799 2.676 2.543 2.433 2.356 2.271 2.177 2.075 1.965 1.847 1.720 1.585 1.442 1.290 1.130 1.040 1.027
0.904 0.911 0.919 0.926 0.933 0.940 0.947 0.953 0.959 0.965 0.959 0.920 0.879 0.836 0.791 0.745 0.724 0.803 0.876 0.943 1.005 1.061 1.119 1.240 1.360 1.481 1.601 1.722 1.843 1.963 2.084 2.205 2.327 2.448 2.575 2.722 2.875 3.033 3.197 3.366 3.541 3.721 3.906 4.097 4.293 4.495 4.619 4.544 4.459 4.363 4.256 4.139 4.012 3.874 3.725 3.566 3.396 3.215 3.054 2.940 2.817 2.687 2.548 2.401 2.246 2.082 1.910 1.730 1.542 1.345 1.210 1.185
1.029 1.036 1.043 1.049 1.056 1.062 1.067 1.073 1.078 1.127 1.270 1.364 1.451 1.533 1.609 1.679 1.743 1.802 1.855 1.901 1.943 1.978 2.006 2.126 2.247 2.368 2.489 2.610 2.731 2.852 2.973 3.095 3.216 3.338 3.466 3.637 3.814 3.997 4.185 4.378 4.577 4.781 4.991 5.206 5.427 5.653 5.820 5.698 5.566 5.423 5.269 5.105 4.930 4.745 4.549 4.342 4.125 3.898 3.682 3.531 3.371 3.204 3.028 2.844 2.652 2.452 2.243 2.026 1.801 1.568 1.382 1.346
1.155 1.161 1.202 1.299 1.411 1.540 1.684 1.844 2.019 2.211 2.416 2.489 2.556 2.617 2.673 2.723 2.766 2.805 2.837 2.863 2.884 2.899 2.894 3.012 3.133 3.254 3.375 3.496 3.618 3.739 3.861 3.982 4.104 4.226 4.350 4.545 4.747 4.953 5.165 5.383 5.606 5.834 6.068 6.308 6.553 6.803 7.031 6.862 6.682 6.492 6.291 6.080 5.858 5.625 5.383 5.129 4.865 4.591 4.317 4.129 3.933 3.729 3.517 3.296 3.067 2.830 2.584 2.331 2.069 1.799 1.556 1.508
1.628 1.748 1.884 2.036 2.204 2.387 2.586 2.801 3.032 3.278 3.540 3.618 3.665 3.706 3.741 3.770 3.793 3.811 3.823 3.829 3.829 3.824 3.799 3.896 4.017 4.138 4.260 4.381 4.503 4.625 4.747 4.869 4.991 5.113 5.235 5.446 5.671 5.902 6.139 6.380 6.628 6.880 7.138 7.402 7.671 7.946 8.225 8.035 7.808 7.571 7.323 7.065 6.796 6.516 6.226 5.926 5.615 5.293 4.961 4.736 4.503 4.262 4.013 3.755 3.490 3.216 2.933 2.643 2.344 2.089 1.895 1.933
2.185 2.360 2.551 2.758 2.980 3.219 3.473 3.743 4.028 4.330 4.647 4.751 4.777 4.798 4.812 4.821 4.824 4.821 4.813 4.799 4.779 4.753 4.707 4.778 4.900 5.022 5.143 5.265 5.387 5.509 5.632 5.754 5.876 5.999 6.121 6.339 6.589 6.844 7.104 7.370 7.642 7.919 8.201 8.489 8.782 9.081 9.385 9.218 8.944 8.660 8.365 8.059 7.743 7.417 7.080 6.732 6.374 6.006 5.627 5.350 5.134 4.969 4.795 4.612 4.420 4.220 4.011 3.793 3.567 3.331 3.087 3.054
2.725 2.956 3.202 3.463 3.741 4.034 4.343 4.668 5.009 5.365 5.737 5.887 5.893 5.893 5.888 5.876 5.859 5.836 5.807 5.772 5.732 5.686 5.619 5.659 5.781 5.903 6.025 6.148 6.270 6.393 6.515 6.638 6.760 6.883 7.006 7.225 7.499 7.778 8.063 8.353 8.649 8.950 9.256 9.568 9.886 10.208 10.537 10.411 10.090 9.758 9.416 9.087 8.787 8.493 8.207 7.928 7.656 7.392 7.135 6.932 6.736 6.532 6.318 6.096 5.866 5.626 5.378 5.121 4.855 4.581 4.298 4.185
3.250 3.536 3.837 4.153 4.486 4.834 5.198 5.578 5.973 6.384 6.811 7.028 7.013 6.993 6.967 6.935 6.897 6.854 6.805 6.750 6.689 6.622 6.536 6.539 6.661 6.784 6.906 7.029 7.152 7.274 7.397 7.520 7.643 7.766 7.890 8.104 8.402 8.705 9.014 9.329 9.648 9.974 10.324 10.689 11.044 11.390 11.727 11.682 11.384 11.093 10.810 10.534 10.265 10.004 9.750 9.503 9.263 9.030 8.805 8.580 8.345 8.101 7.849 7.588 7.318 7.039 6.752 6.456 6.151 5.837 5.515 5.327
3.760 4.100 4.456 4.828 5.215 5.618 6.037 6.471 6.922 7.388 7.869 8.172 8.137 8.096 8.050 7.997 7.939 7.876 7.806 7.731 7.650 7.563 7.456 7.418 7.540 7.663 7.786 7.909 8.032 8.155 8.278 8.401 8.524 8.697 8.915 9.208 9.597 9.976 10.345 10.706 11.057 11.398 11.731 12.054 12.368 12.673 12.969 12.991 12.725 12.467 12.215 11.971 11.735 11.505 11.283 11.067 10.860 10.659 10.466 10.235 9.961 9.678 9.387 9.086 8.777 8.459 8.133 7.798 7.454 7.101 6.739 6.480
4.254 4.649 5.060 5.486 5.928 6.386 6.860 7.349 7.854 8.375 8.911 9.319 9.264 9.203 9.136 9.064 8.985 8.901 8.811 8.716 8.615 8.507 8.380 8.295 8.460 8.660 8.864 9.073 9.285 9.501 9.721 9.945 10.173 10.405 10.641 10.913 11.260 11.597 11.925 12.244 12.554 12.855 13.146 13.428 13.700 13.964 14.218 14.291 14.057 13.831 13.611 13.399 13.194 12.996 12.806 12.623 12.447 12.278 12.117 11.897 11.584 11.262 10.931 10.592 10.243 9.887 9.521 9.147 8.764 8.372 7.971 7.644
4.732 5.182 5.648 6.129 6.626 7.138 7.667 8.211 8.771 9.346 9.937 10.471 10.395 10.314 10.227 10.134 10.033 9.923 9.840 9.785 9.758 9.759 9.765 9.791 10.005 10.223 10.444 10.670 10.899 11.133 11.370 11.612 11.857 12.106 12.359 12.625 12.930 13.226 13.513 13.791 14.059 14.319 14.568 14.809 15.040 15.263 15.475 15.582 15.380 15.185 14.998 14.817 14.644 14.478 14.320 14.168 14.024 13.887 13.758 13.565 13.213 12.852 12.482 12.104 11.717 11.321 10.916 10.503 10.080 9.650 9.210 8.819
5.195 5.700 6.220 6.756 7.308 7.875 8.458 9.057 9.671 10.286 10.829 11.371 11.234 11.109 11.012 10.943 10.901 10.887 10.901 10.942 11.011 11.108 11.211 11.315 11.544 11.779 12.018 12.261 12.508 12.758 13.013 13.272 13.534 13.800 14.071 14.345 14.609 14.864 15.109 15.346 15.573 15.791 15.999 16.198 16.389 16.569 16.741 16.863 16.693 16.530 16.374 16.226 16.085 15.951 15.824 15.705 15.592 15.487 15.389 15.241 14.850 14.449 14.041 13.623 13.197 12.762 12.318 11.866 11.404 10.935 10.456 10.005
5.642 6.202 6.768 7.318 7.866 8.412 8.957 9.500 10.041 10.580 11.118 11.654 11.690 11.661 11.660 11.687 11.742 11.824 11.934 12.072 12.238 12.431 12.631 12.832 13.076 13.328 13.585 13.845 14.109 14.377 14.649 14.925 15.205 15.488 15.776 16.068 16.295 16.509 16.713 16.908 17.094 17.270 17.438 17.596 17.745 17.884 18.015 18.135 17.997 17.866 17.742 17.625 17.516 17.414 17.319 17.231 17.151 17.077 17.011 16.923 16.493 16.054 15.606 15.149 14.684 14.210 13.727 13.236 12.736 12.227 11.709 11.201
6.012 6.559 7.105 7.649 8.191 8.731 9.270 9.807 10.342 10.876 11.408 11.938 12.119 12.187 12.282 12.406 12.557 12.735 12.942 13.176 13.438 13.727 14.024 14.323 14.602 14.871 15.145 15.422 15.704 15.989 16.278 16.572 16.869 17.170 17.474 17.783 17.989 18.162 18.325 18.478 18.623 18.758 18.884 19.001 19.109 19.207 19.296 19.376 19.291 19.192 19.100 19.015 18.938 18.867 18.804 18.748 18.700 18.658 18.624 18.597 18.143 17.665 17.178 16.682 16.178 15.665 15.143 14.613 14.074 13.526 12.949 12.361
6.361 6.903 7.442 7.980 8.517 9.051 9.584 10.115 10.645 11.173 11.699 12.223 12.522 12.686 12.878 13.098 13.345 13.620 13.923 14.253 14.611 14.997 15.390 15.786 16.121 16.408 16.699 16.993 17.292 17.595 17.901 18.212 18.526 18.844 19.166 19.492 19.691 19.822 19.944 20.057 20.160 20.254 20.339 20.415 20.481 20.538 20.586 20.625 20.576 20.509 20.449 20.396 20.350 20.311 20.280 20.256 20.239 20.229 20.227 20.232 19.800 19.216 18.545 17.890 17.252 16.631 16.026 15.438 14.867 14.313 13.775 13.254
6.711 7.247 7.781 8.313 8.843 9.372 9.899 10.425 10.948 11.471 11.991 12.510 12.900 13.160 13.448 13.764 14.108 14.479 14.877 15.304 15.758 16.240 16.729 17.223 17.634 17.938 18.246 18.558 18.874 19.194 19.517 19.845 20.177 20.512 20.852 21.195 21.401 21.491 21.571 21.643 21.705 21.758 21.802 21.836 21.861 21.878 21.884 21.882 21.852 21.816 21.788 21.767 21.703 21.558 21.403 21.240 21.067 20.884 20.693 20.492 19.974 19.360 18.763 18.182 17.618 17.070 16.539 16.025 15.528 15.047 14.584 14.136
7.062 7.592 8.120 8.646 9.171 9.694 10.215 10.735 11.253 11.769 12.284 12.797 13.251 13.608 13.992 14.404 14.844 15.311 15.806 16.328 16.878 17.456 18.042 18.633 19.140 19.461 19.787 20.116 20.449 20.786 21.127 21.472 21.821 22.174 22.530 22.891 23.118 23.167 23.206 23.237 23.258 23.270 23.272 23.253 23.188 23.088 22.953 22.785 22.618 22.469 22.311 22.143 21.966 21.779 21.583 21.378 21.164 20.941 20.708 20.466 20.027 19.487 18.963 18.456 17.966 17.492 17.035 16.595 16.171 15.764 15.374 15.001
7.414 7.938 8.460 8.981 9.500 10.017 10.533 11.047 11.559 12.069 12.578 13.085 13.577 14.030 14.510 15.018 15.554 16.117 16.708 17.326 17.972 18.646 19.329 20.017 20.640 20.978 21.321 21.667 22.018 22.372 22.730 23.092 23.459 23.828 24.223 24.661 24.979 25.001 24.989 24.942 24.862 24.746 24.597 24.413 24.195 23.943 23.656 23.335 23.055 22.865 22.665 22.456 22.237 22.010 21.773 21.527 21.271 21.007 20.733 20.449 20.063 19.597 19.147 18.713 18.297 17.897 17.514 17.147 16.797 16.464 16.147 15.848
7.767 8.285 8.802 9.317 9.830 10.341 10.851 11.359 11.865 12.370 12.873 13.374 13.877 14.425 15.002 15.606 16.238 16.897 17.584 18.298 19.040 19.809 20.589 21.373 22.133 22.496 22.880 23.275 23.683 24.102 24.532 24.975 25.429 25.895 26.373 26.862 27.241 27.111 26.946 26.747 26.514 26.246 25.945 25.609 25.238 24.834 24.395 23.922 23.501 23.270 23.028 22.778 22.519 22.250 21.972 21.684 21.388 21.082 20.767 20.442 20.082 19.689 19.313 18.953 18.610 18.284 17.975 17.682 17.405 17.146 16.903 16.677
8.163 8.634 9.144 9.653 10.161 10.666 11.170 11.673 12.173 12.672 13.169 13.665 14.159 14.795 15.468 16.168 16.895 17.669 18.572 19.468 20.357 21.239 22.091 22.913 23.729 24.162 24.598 25.046 25.505 25.976 26.458 26.953 27.459 27.977 28.507 29.048 29.538 29.255 28.938 28.587 28.201 27.782 27.328 26.839 26.317 25.760 25.169 24.544 23.957 23.684 23.401 23.110 22.809 22.499 22.180 21.852 21.514 21.167 20.811 20.445 20.084 19.765 19.462 19.176 18.907 18.654 18.418 18.199 17.996 17.810 17.641 17.488
8.592 8.983 9.488 9.991 10.493 10.992 11.491 11.987 12.482 12.975 13.513 14.227 14.943 15.819 16.726 17.626 18.519 19.404 20.283 21.154 22.018 22.875 23.702 24.499 25.290 25.813 26.301 26.800 27.311 27.834 28.369 28.915 29.473 30.043 30.625 31.218 31.823 31.434 30.965 30.461 29.923 29.352 28.745 28.105 27.431 26.722 25.979 25.202 24.421 24.107 23.784 23.451 23.109 22.758 22.398 22.028 21.649 21.261 20.864 20.457 20.069 19.823 19.594 19.382 19.186 19.007 18.845 18.699 18.570 18.457 18.362 18.282
9.019 9.333 9.832 10.392 11.100 11.809 12.521 13.233 13.948 14.664 15.382 16.101 16.822 17.658 18.540 19.415 20.283 21.143 21.997 22.843 23.683 24.515 25.317 26.089 26.855 27.448 27.988 28.539 29.102 29.677 30.264 30.862 31.472 32.094 32.727 33.372 34.029 33.647 33.026 32.370 31.681 30.957 30.199 29.406 28.580 27.719 26.824 25.895 24.932 24.540 24.175 23.802 23.419 23.027 22.625 22.214 21.795 21.365 20.927 20.479 20.036 19.864 19.709 19.570 19.448 19.343 19.254 19.181 19.126 19.087 19.065 19.059
10.290 10.795 11.506 12.217 12.931 13.646 14.363 15.081 15.801 16.523 17.246 17.971 18.698 19.500 20.357 21.208 22.051 22.887 23.715 24.537 25.352 26.159 26.936 27.683 28.424 29.068 29.660 30.263 30.878 31.505 32.143 32.793 33.455 34.129 34.814 35.511 36.219 35.895 35.122 34.314 33.473 32.597 31.687 30.743 29.764 28.752 27.705 26.624 25.509 24.982 24.576 24.162 23.738 23.304 22.862 22.410 21.949 21.479 20.999 20.511 20.013 19.889 19.807 19.741 19.693 19.661 19.645 19.647 19.665 19.699 19.750 19.818
12.038 12.606 13.321 14.039 14.758 15.478 16.201 16.925 17.650 18.377 19.106 19.837 20.569 21.347 22.179 23.004 23.823 24.634 25.438 26.235 27.025 27.807 28.559 29.281 29.998 30.673 31.316 31.971 32.638 33.317 34.007 34.709 35.422 36.148 36.885 37.633 38.394 38.178 37.252 36.293 35.299 34.272 33.210 32.114 30.984 29.820 28.621 27.389 26.122 25.433 24.987 24.531 24.066 23.591 23.108 22.615 22.113 21.602 21.081 20.552 20.013 19.896 19.888 19.854 19.763 19.702 19.672 19.672 19.702 19.763 19.854 19.975
13.733 14.412 15.133 15.856 16.581 17.307 18.035 18.764 19.495 20.228 20.962 21.698 22.436 23.197 24.005 24.805 25.599 26.385 27.164 27.936 28.702 29.460 30.187 30.884 31.575 32.262 32.957 33.664 34.383 35.113 35.855 36.609 37.374 38.151 38.940 39.740 40.553 40.494 39.417 38.306 37.161 35.982 34.768 33.521 32.239 30.923 29.573 28.189 26.771 25.894 25.406 24.909 24.403 23.888 23.381 22.863 22.272 21.608 20.870 20.059 19.175 18.870 18.853 18.866 18.909 18.982 19.086 19.220 19.385 19.579 19.804 20.060
