DATA/SHG/ECMWF/20170628/EN-12/20170703.en-12.asc
ncols        190
nrows        64
xllcorner    -5100000.000000000000
yllcorner    4130000.000000000000
cellsize     10000.000000000000
NODATA_value  -99999.000
[rows 32 to 63 of 64, columns 74 to 147 of 190]
4.024 4.178 4.350 4.540 4.746 4.970 5.212 5.470 5.747 6.040 6.351 6.708 7.227 7.763 8.315 8.886 9.473 10.077 10.699 11.338 11.986 12.640 13.308 13.842 13.861 13.860 13.839 13.798 13.738 13.657 13.557 13.436 13.296 13.135 12.955 12.563 11.798 11.026 10.248 9.462 8.669 7.870 7.063 6.404 6.193 6.004 5.837 7.249 10.382 13.460 16.484 19.452 22.366 25.224 28.028 30.777 33.472 36.111 38.696 39.093 37.943 36.712 35.400 34.007 32.533 30.978 29.342 27.625 25.827 23.949 21.989 25.849 31.901 37.760
3.424 3.639 3.871 4.121 4.388 4.673 4.974 5.294 5.630 5.984 6.355 6.750 7.328 7.924 8.536 9.166 9.813 10.477 11.158 11.857 12.565 13.279 14.008 14.668 14.599 14.509 14.400 14.271 14.122 13.953 13.765 13.556 13.327 13.079 12.909 12.989 12.697 12.426 12.179 11.954 11.751 11.571 11.414 11.279 11.166 11.076 11.009 12.008 14.898 17.734 20.515 23.242 25.913 28.530 31.092 33.599 36.052 38.449 40.792 41.303 39.795 38.206 36.536 34.784 32.952 31.039 29.045 26.970 24.815 22.578 20.260 22.547 27.752 32.765
2.808 3.084 3.376 3.687 4.014 4.359 4.721 5.101 5.498 5.912 6.343 6.792 7.414 8.069 8.741 9.431 10.137 10.861 11.602 12.359 13.127 13.902 14.691 15.493 15.358 15.165 14.957 14.840 14.812 14.875 15.026 15.268 15.599 16.020 16.531 17.043 16.849 16.678 16.530 16.403 16.300 16.219 16.160 16.124 16.110 16.119 16.150 16.817 19.466 22.060 24.599 27.083 29.513 31.888 34.208 36.474 38.684 40.840 42.941 43.594 41.728 39.780 37.752 35.643 33.453 31.182 28.830 26.398 23.884 21.290 18.615 19.438 23.798 27.965
2.177 2.513 2.866 3.237 3.624 4.030 4.452 4.892 5.349 5.824 6.315 6.825 7.484 8.199 8.930 9.679 10.445 11.210 11.923 12.591 13.222 13.824 14.390 14.922 15.013 15.113 15.303 15.582 15.952 16.411 16.960 17.598 18.326 19.144 20.051 21.048 20.973 20.900 20.851 20.823 20.818 20.836 20.876 20.939 21.024 21.131 21.261 21.678 24.084 26.437 28.734 30.977 33.165 35.298 37.377 39.400 41.370 43.284 45.144 45.965 43.741 41.436 39.050 36.583 34.035 31.407 28.697 25.907 23.036 20.084 17.052 16.522 20.036 23.359
1.530 1.926 2.340 2.771 3.219 3.684 4.167 4.667 5.185 5.720 6.341 7.041 7.813 8.593 9.329 10.021 10.669 11.273 11.832 12.347 12.825 13.272 13.684 14.062 14.464 14.961 15.548 16.224 16.990 17.846 18.791 19.826 20.951 22.165 23.469 24.862 25.066 25.093 25.142 25.213 25.307 25.423 25.562 25.724 25.907 26.114 26.342 26.593 28.755 30.865 32.921 34.922 36.869 38.760 40.597 42.380 44.108 45.781 47.399 48.417 45.835 43.172 40.428 37.604 34.699 31.713 28.646 25.499 22.271 18.962 15.572 13.799 16.469 18.946
0.868 1.324 1.798 2.424 3.166 3.895 4.613 5.319 6.013 6.695 7.365 8.023 8.679 9.306 9.889 10.428 10.923 11.374 11.781 12.144 12.468 12.761 13.019 13.242 13.815 14.709 15.692 16.765 17.928 19.180 20.522 21.953 23.474 25.084 26.784 28.573 29.131 29.256 29.403 29.574 29.766 29.981 30.219 30.479 30.761 31.066 31.393 31.743 33.476 35.345 37.160 38.919 40.624 42.275 43.871 45.412 46.898 48.330 49.707 50.948 48.009 44.988 41.888 38.706 35.444 32.101 28.677 25.172 21.587 17.921 14.174 11.269 13.094 14.727
1.575 2.311 3.035 3.748 4.448 5.136 5.813 6.477 7.130 7.770 8.399 9.016 9.583 10.058 10.488 10.875 11.217 11.515 11.770 11.980 12.151 12.290 12.393 12.462 13.067 14.357 15.737 17.206 18.765 20.413 22.151 23.978 25.895 27.901 29.997 32.182 33.165 33.389 33.636 33.904 34.196 34.509 34.845 35.204 35.585 35.988 36.414 36.862 38.249 39.877 41.450 42.968 44.432 45.841 47.196 48.496 49.741 50.932 52.068 53.150 50.263 46.885 43.428 39.889 36.270 32.570 28.789 24.928 20.986 16.963 12.860 8.930 9.912 10.849
3.032 3.727 4.410 5.081 5.740 6.387 7.022 7.645 8.256 8.855 9.442 10.017 10.526 10.848 11.126 11.360 11.550 11.696 11.798 11.856 11.873 11.858 11.808 11.723 12.220 13.906 15.682 17.547 19.501 21.545 23.679 25.902 28.214 30.616 33.108 35.688 37.171 37.493 37.838 38.206 38.595 39.008 39.442 39.899 40.379 40.880 41.405 41.951 43.073 44.460 45.792 47.069 48.292 49.460 50.574 51.633 52.637 53.587 54.482 55.323 52.597 48.863 45.048 41.153 37.157 33.081 29.000 24.915 20.824 16.729 12.628 8.523 9.338 10.488
4.499 5.153 5.794 6.423 7.041 7.646 8.240 8.821 9.391 9.949 10.495 11.028 11.508 11.678 11.803 11.885 11.923 11.916 11.866 11.771 11.636 11.466 11.262 11.023 11.273 13.355 15.526 17.787 20.137 22.577 25.106 27.724 30.432 33.230 36.116 39.092 41.147 41.568 42.012 42.477 42.966 43.476 44.009 44.565 45.143 45.743 46.366 47.011 47.949 49.094 50.185 51.222 52.204 53.131 54.004 54.711 55.051 55.449 55.906 56.420 53.844 49.765 45.681 41.592 37.498 33.399 29.296 25.187 21.074 16.955 12.832 8.704 8.950 10.123
5.984 6.587 7.187 7.775 8.351 8.915 9.467 10.008 10.536 11.052 11.557 12.049 12.529 12.547 12.520 12.449 12.334 12.176 11.973 11.726 11.438 11.114 10.756 10.364 10.226 12.704 15.271 17.927 20.673 23.508 26.432 29.446 32.549 35.741 39.023 42.394 45.094 45.614 46.155 46.720 47.306 47.915 48.547 49.201 49.877 50.576 51.148 50.976 50.946 51.136 51.384 51.690 52.054 52.476 52.957 53.495 54.091 54.745 55.458 56.228 54.282 50.180 46.073 41.962 37.845 33.723 29.597 25.465 21.329 17.188 13.041 8.890 8.558 9.753
7.461 8.031 8.590 9.136 9.671 10.194 10.704 11.203 11.690 12.165 12.628 13.080 13.519 13.454 13.275 13.052 12.785 12.474 12.119 11.721 11.279 10.802 10.291 9.744 9.163 11.953 14.916 17.967 21.108 24.338 27.658 31.066 34.564 38.152 41.828 45.594 49.012 49.534 49.252 48.994 48.760 48.549 48.363 48.201 48.063 47.948 47.858 47.792 47.878 48.324 48.828 49.391 50.011 50.689 51.426 52.220 53.072 53.982 54.951 55.977 54.726 50.601 46.472 42.337 38.197 34.053 29.903 25.749 21.590 17.425 13.256 9.082 8.162 9.378
8.911 9.485 10.002 10.507 11.000 11.481 11.951 12.408 12.854 13.288 13.710 14.119 14.517 14.401 14.069 13.694 13.275 12.812 12.306 11.755 11.161 10.530 9.864 9.164 8.429 11.104 14.461 17.907 21.433 24.763 28.000 31.147 34.201 37.163 40.034 42.813 45.467 45.267 45.091 44.939 44.811 44.707 44.627 44.571 44.539 44.530 44.546 44.586 44.752 45.454 46.215 47.033 47.910 48.844 49.836 50.886 51.994 53.161 54.385 55.667 55.175 51.028 46.875 42.717 38.555 34.387 30.215 26.038 21.856 17.669 13.477 9.280 7.761 8.999
10.337 10.947 11.423 11.887 12.339 12.779 13.207 13.623 14.027 14.420 14.800 15.169 15.526 15.386 14.903 14.376 13.805 13.190 12.531 11.828 11.076 10.359 9.678 9.034 8.428 10.649 13.850 16.960 19.977 22.903 25.737 28.480 31.131 33.689 36.157 38.532 40.816 40.979 40.909 40.863 40.842 40.844 40.870 40.920 40.993 41.091 41.213 41.359 41.569 42.527 43.544 44.618 45.750 46.940 48.188 49.494 50.858 52.280 53.760 55.297 55.630 51.459 47.284 43.103 38.918 34.728 30.532 26.332 22.127 17.917 13.702 9.482 7.355 8.615
11.737 12.419 12.853 13.276 13.686 14.085 14.472 14.847 15.210 15.561 15.900 16.228 16.543 16.102 15.225 14.395 13.611 12.875 12.184 11.541 10.945 10.391 9.873 9.393 8.949 10.507 13.305 16.010 18.625 21.147 23.578 25.917 28.164 30.320 32.384 34.356 36.237 36.670 36.707 36.767 36.851 36.959 37.091 37.247 37.427 37.631 37.858 38.110 38.386 39.543 40.815 42.145 43.533 44.978 46.482 48.044 49.663 51.341 53.076 54.869 56.090 51.896 47.698 43.495 39.286 35.073 30.855 26.632 22.404 18.171 13.933 9.691 6.944 8.226
13.112 13.900 14.293 14.674 15.044 15.401 15.419 15.413 15.391 15.352 15.296 15.223 15.132 14.801 14.085 13.416 12.794 12.218 11.689 11.207 10.773 10.382 10.027 9.709 9.428 10.467 12.861 15.164 17.374 19.493 21.521 23.457 25.301 27.054 28.715 30.284 31.762 32.341 32.483 32.649 32.840 33.054 33.292 33.553 33.839 34.149 34.482 34.840 35.221 36.500 38.028 39.614 41.257 42.958 44.718 46.535 48.410 50.342 52.333 54.381 56.488 52.339 48.117 43.891 39.660 35.424 31.183 26.937 22.686 18.431 14.170 9.905 6.529 7.833
13.844 14.418 14.439 14.443 14.430 14.400 14.353 14.290 14.209 14.111 13.996 13.865 13.716 13.459 12.904 12.396 11.935 11.521 11.153 10.831 10.560 10.331 10.139 9.984 9.865 10.529 12.520 14.419 16.227 17.943 19.567 21.100 22.542 23.892 25.150 26.317 27.392 27.991 28.239 28.511 28.807 29.127 29.471 29.839 30.230 30.646 31.085 31.548 32.036 33.401 35.184 37.025 38.924 40.880 42.895 44.967 47.097 49.285 51.531 53.835 56.196 52.786 48.542 44.293 40.039 35.780 31.517 27.248 22.974 18.696 14.412 10.124 6.109 7.436
13.052 13.662 13.624 13.570 13.498 13.410 13.305 13.183 13.043 12.887 12.714 12.524 12.318 12.076 11.682 11.336 11.035 10.782 10.575 10.414 10.305 10.238 10.209 10.216 10.261 10.692 12.280 13.776 15.181 16.495 17.716 18.847 19.886 20.833 21.689 22.453 23.126 23.620 23.974 24.352 24.754 25.179 25.629 26.102 26.600 27.121 27.666 28.235 28.828 30.244 32.282 34.378 36.532 38.744 41.014 43.341 45.727 48.170 50.671 53.229 55.846 53.239 48.972 44.700 40.424 36.142 31.855 27.564 23.214 18.800 14.481 10.258 6.131 7.121
12.273 12.838 12.826 12.713 12.584 12.437 12.273 12.093 11.895 11.681 11.449 11.201 10.936 10.654 10.420 10.234 10.095 10.002 9.956 9.956 10.008 10.105 10.238 10.408 10.615 10.957 12.142 13.236 14.238 15.149 15.968 16.696 17.333 17.878 18.331 18.694 18.964 19.228 19.688 20.171 20.679 21.210 21.766 22.345 22.948 23.575 24.226 24.901 25.600 27.029 29.323 31.674 34.083 36.550 39.075 41.657 44.298 46.996 49.751 52.476 54.794 52.517 47.853 43.284 38.811 34.433 30.152 25.966 21.875 17.880 13.981 10.177 6.470 6.877
11.508 12.026 12.045 11.874 11.686 11.481 11.259 11.020 10.764 10.491 10.201 9.895 9.571 9.231 9.117 9.092 9.113 9.181 9.296 9.457 9.671 9.929 10.225 10.557 10.927 11.333 12.106 12.797 13.397 13.906 14.323 14.649 14.883 15.026 15.078 15.038 14.907 14.815 15.381 15.970 16.583 17.221 17.882 18.567 19.275 20.008 20.765 21.545 22.349 23.757 26.357 29.311 32.128 34.807 37.347 39.750 42.014 44.141 46.129 47.979 49.691 48.151 43.906 39.756 35.702 31.744 27.882 24.115 20.443 16.867 13.387 10.003 6.714 6.648
10.757 11.228 11.281 11.051 10.805 10.541 10.261 9.964 9.650 9.318 8.971 8.606 8.224 7.825 7.773 7.909 8.091 8.320 8.595 8.916 9.292 9.713 10.171 10.665 11.197 11.765 12.171 12.461 12.659 12.765 12.780 12.704 12.537 12.278 11.928 11.486 10.953 10.381 11.053 11.748 12.467 13.224 14.574 15.949 17.349 18.775 20.227 21.704 23.206 24.970 27.457 29.805 32.016 34.089 36.024 37.821 39.479 41.000 42.383 43.628 44.735 43.693 39.867 36.137 32.502 28.963 25.519 22.171 18.919 15.761 12.700 9.734 6.864 6.435
10.019 10.444 10.533 10.245 9.940 9.619 9.280 8.925 8.552 8.163 7.757 7.334 6.894 6.437 6.388 6.685 7.027 7.417 7.852 8.335 8.871 9.455 10.075 10.732 11.426 12.156 12.339 12.226 12.022 11.727 11.340 10.862 10.293 9.951 9.651 9.378 9.131 8.912 10.144 11.530 12.941 14.377 15.839 17.326 18.839 20.377 21.941 23.530 25.144 26.818 28.699 30.442 32.048 33.515 34.844 36.036 37.090 38.005 38.783 39.423 39.925 39.144 35.737 32.425 29.210 26.089 23.064 20.135 17.301 14.562 11.919 9.372 6.920 6.236
9.295 9.673 9.802 9.456 9.093 8.713 8.316 7.902 7.472 7.024 6.560 6.078 5.580 5.065 4.963 5.420 5.923 6.473 7.069 7.712 8.410 9.155 9.938 10.757 11.544 12.306 12.370 12.001 11.659 11.343 11.054 10.791 10.555 10.346 10.163 10.007 9.878 9.775 10.932 12.430 13.953 15.501 17.075 18.675 20.300 21.950 23.626 25.327 27.054 28.806 30.085 31.222 32.222 33.085 33.809 34.395 34.844 35.155 35.328 35.364 35.261 34.503 31.515 28.623 25.825 23.123 20.517 18.006 15.590 13.270 11.045 8.916 6.882 6.053
8.584 8.915 9.088 8.684 8.262 7.824 7.369 6.897 6.408 5.902 5.380 4.840 4.284 3.711 3.497 4.115 4.898 5.732 6.543 7.331 8.101 8.856 9.593 10.312 11.013 11.695 11.917 11.665 11.439 11.241 11.068 10.923 10.804 10.711 10.646 10.607 10.594 10.608 11.691 13.301 14.936 16.597 18.283 19.994 21.731 23.494 25.281 27.095 28.933 30.797 31.612 32.145 32.540 32.798 32.917 32.899 32.743 32.450 32.019 31.450 30.743 29.772 27.202 24.728 22.349 20.065 17.877 15.784 13.787 11.885 10.078 8.367 6.751 5.885
7.887 8.171 8.390 7.928 7.448 6.952 6.439 5.909 5.361 4.954 4.613 4.269 3.921 3.571 3.439 4.240 5.018 5.773 6.506 7.216 7.907 8.583 9.241 9.881 10.502 11.106 11.434 11.299 11.191 11.109 11.054 11.025 11.023 11.048 11.099 11.177 11.281 11.412 12.421 14.143 15.890 17.663 19.461 21.285 23.134 25.008 26.908 28.833 30.784 32.760 33.282 33.210 33.001 32.654 32.169 31.547 30.787 29.889 28.854 27.681 26.370 24.922 22.798 20.742 18.781 16.915 15.145 13.470 11.891 10.407 9.018 7.724 6.526 5.732
7.203 7.441 7.793 7.506 7.173 6.836 6.496 6.154 5.808 5.459 5.107 4.753 4.395 4.034 3.736 4.458 5.158 5.835 6.490 7.121 7.734 8.331 8.909 9.470 10.012 10.537 10.923 10.904 10.913 10.948 11.010 11.098 11.213 11.354 11.522 11.717 11.938 12.186 13.123 14.957 16.816 18.701 20.611 22.546 24.507 26.494 28.505 30.542 32.605 34.693 35.094 34.418 33.605 32.654 31.565 30.339 28.975 27.473 25.834 24.058 22.143 20.091 18.302 16.664 15.121 13.674 12.321 11.064 9.902 8.835 7.864 6.988 6.207 5.594
7.438 7.852 8.271 8.077 7.733 7.386 7.035 6.682 6.326 5.966 5.604 5.239 4.870 4.499 4.125 4.697 5.319 5.918 6.494 7.047 7.581 8.098 8.598 9.079 9.543 9.988 10.382 10.481 10.606 10.758 10.936 11.141 11.373 11.631 11.916 12.228 12.566 12.930 13.796 15.742 17.713 19.710 21.732 23.779 25.852 27.950 30.074 32.223 34.397 36.597 37.049 35.769 34.352 32.797 31.104 29.274 27.307 25.202 22.959 20.579 18.062 15.407 13.716 12.495 11.370 10.340 9.405 8.565 7.821 7.172 6.618 6.159 5.795 5.532
7.872 8.305 8.743 8.650 8.295 7.938 7.577 7.213 6.846 6.476 6.103 5.727 5.348 4.967 4.582 4.956 5.499 6.020 6.518 6.993 7.448 7.887 8.307 8.710 9.094 9.461 9.809 10.028 10.270 10.539 10.834 11.156 11.504 11.879 12.281 12.709 13.163 13.644 14.440 16.498 18.581 20.690 22.824 24.983 27.167 29.377 31.613 33.874 36.160 38.471 39.145 37.262 35.241 33.083 30.787 28.353 25.783 23.075 20.229 17.246 14.126 10.868 9.038 8.235 7.638 7.397 7.160 6.926 6.697 6.470 6.248 6.029 5.814 5.603
8.300 8.752 9.209 9.225 8.860 8.492 8.120 7.746 7.368 6.988 6.605 6.218 5.829 5.436 5.041 5.235 5.700 6.143 6.563 6.960 7.336 7.696 8.037 8.361 8.666 8.954 9.223 9.546 9.905 10.290 10.702 11.141 11.606 12.097 12.616 13.160 13.731 14.329 15.056 17.226 19.421 21.641 23.887 26.158 28.454 30.776 33.123 35.495 37.893 40.316 41.384 38.897 36.273 33.511 30.612 27.554 24.346 21.218 18.170 15.202 12.315 9.508 8.021 7.789 7.560 7.335 7.114 6.897 6.683 6.473 6.267 6.064 5.865 5.670
8.722 9.193 9.670 9.803 9.427 9.048 8.666 8.281 7.893 7.502 7.108 6.711 6.311 5.908 5.502 5.535 5.922 6.286 6.628 6.947 7.245 7.525 7.788 8.032 8.259 8.467 8.658 9.035 9.511 10.013 10.541 11.096 11.678 12.286 12.921 13.582 14.270 14.984 15.725 17.925 20.232 22.564 24.921 27.304 29.712 32.145 34.592 36.483 38.299 40.042 40.887 37.628 34.450 31.352 28.334 25.397 22.539 19.762 17.066 14.450 11.913 9.458 7.907 7.691 7.479 7.270 7.065 6.864 6.666 6.472 6.282 6.096 5.913 5.734
9.138 9.629 10.125 10.383 9.996 9.607 9.214 8.819 8.420 8.019 7.614 7.207 6.796 6.383 5.966 5.854 6.163 6.449 6.713 6.954 7.173 7.375 7.558 7.724 7.872 8.001 8.113 8.495 9.087 9.706 10.351 11.023 11.721 12.446 13.197 13.975 14.779 15.610 16.335 18.234 20.319 22.329 24.266 26.129 27.918 29.633 31.274 32.842 34.335 35.755 36.894 33.986 31.159 28.412 25.745 23.159 20.653 18.227 15.881 13.616 11.431 9.326 7.790 7.590 7.394 7.201 7.012 6.827 6.646 6.468 6.294 6.123 5.956 5.793
9.549 10.058 10.574 10.965 10.568 10.168 9.765 9.359 8.950 8.538 8.123 7.705 7.284 6.859 6.432 6.194 6.425 6.633 6.818 6.981 7.122 7.245 7.350 7.436 7.505 7.556 7.589 7.926 8.635 9.378 10.120 10.853 11.579 12.298 13.008 13.712 14.407 15.095 15.775 17.259 19.020 20.708 22.322 23.862 25.328 26.720 28.038 29.282 30.453 31.550 32.572 30.265 27.789 25.393 23.077 20.842 18.686 16.611 14.616 12.702 10.867 9.113 7.669 7.485 7.305 7.129 6.956 6.787 6.621 6.460 6.302 6.147 5.997 5.850
9.953 10.482 11.017 11.549 11.141 10.731 10.317 9.901 9.481 9.059 8.633 8.205 7.773 7.338 6.901 6.554 6.706 6.837 6.944 7.029 7.113 7.194 7.263 7.320 7.366 7.400 7.422 7.686 8.409 9.125 9.833 10.534 11.227 11.912 12.590 13.260 13.922 14.577 15.225 16.364 17.802 19.167 20.458 21.675 22.818 23.887 24.883 25.805 26.652 27.427 28.127 26.464 24.339 22.294 20.329 18.444 16.640 14.915 13.271 11.707 10.223 8.820 7.545 7.377 7.213 7.052 6.896 6.743 6.593 6.448 6.306 6.168 6.033 5.902
