DATA/SHG/ECMWF/20170628/EN-12/20170710.en-12.asc
ncols        190
nrows        64
xllcorner    -5100000.000000000000
yllcorner    4130000.000000000000
cellsize     10000.000000000000
NODATA_value  -99999.000
[rows 0 to 31 of 64, columns 73 to 145 of 190]
0.440 0.473 0.504 0.535 0.565 0.593 0.621 0.648 0.668 0.680 0.697 0.715 0.736 0.759 0.784 0.810 0.839 0.870 0.903 0.938 1.085 1.596 2.098 2.591 3.075 3.550 4.015 4.471 4.918 5.356 5.785 6.205 6.584 6.863 7.145 7.430 7.718 8.009 8.304 8.602 8.903 9.208 9.515 9.826 10.023 9.861 9.705 9.553 9.407 9.266 9.130 9.000 8.875 8.754 8.639 8.530 8.466 8.524 8.581 8.636 8.691 8.744 8.797 8.848 8.898 8.947 8.995 9.042 9.058 8.993 8.930 8.868 8.807
0.432 0.461 0.494 0.527 0.561 0.595 0.630 0.664 0.696 0.718 0.742 0.767 0.795 0.825 0.857 0.891 0.926 0.964 1.004 1.046 1.135 1.605 2.066 2.518 2.961 3.395 3.820 4.235 4.641 5.038 5.426 5.805 6.166 6.459 6.756 7.055 7.358 7.664 7.974 8.286 8.602 8.921 9.243 9.569 9.838 9.699 9.566 9.438 9.315 9.197 9.084 8.977 8.875 8.778 8.686 8.599 8.537 8.589 8.641 8.692 8.742 8.790 8.838 8.884 8.929 8.973 9.016 9.058 9.084 9.026 8.969 8.913 8.860
0.448 0.482 0.517 0.551 0.585 0.620 0.655 0.690 0.725 0.754 0.785 0.818 0.852 0.889 0.928 0.969 1.012 1.056 1.103 1.152 1.203 1.624 2.045 2.456 2.858 3.251 3.634 4.009 4.374 4.731 5.078 5.416 5.745 6.052 6.363 6.678 6.995 7.316 7.640 7.967 8.297 8.631 8.968 9.308 9.647 9.532 9.422 9.317 9.217 9.123 9.033 8.949 8.870 8.796 8.727 8.664 8.608 8.656 8.703 8.749 8.794 8.837 8.880 8.921 8.962 9.001 9.039 9.076 9.098 9.028 8.965 8.909 8.859
0.470 0.504 0.539 0.574 0.610 0.645 0.681 0.716 0.753 0.788 0.826 0.866 0.908 0.951 0.997 1.045 1.095 1.147 1.200 1.256 1.314 1.654 2.033 2.404 2.765 3.117 3.460 3.794 4.118 4.434 4.740 5.037 5.325 5.643 5.968 6.297 6.629 6.965 7.303 7.645 7.990 8.338 8.690 9.044 9.402 9.360 9.273 9.191 9.114 9.043 8.976 8.915 8.859 8.809 8.763 8.723 8.688 8.724 8.766 8.806 8.840 8.869 8.892 8.911 8.924 8.931 8.934 8.930 8.922 8.884 8.850 8.822 8.801
0.491 0.526 0.562 0.597 0.633 0.669 0.706 0.742 0.779 0.821 0.866 0.912 0.961 1.012 1.065 1.119 1.176 1.235 1.295 1.358 1.423 1.693 2.032 2.362 2.682 2.993 3.295 3.588 3.872 4.147 4.413 4.669 4.917 5.230 5.570 5.914 6.260 6.610 6.963 7.320 7.679 8.042 8.408 8.777 9.150 9.182 9.118 9.059 9.006 8.958 8.931 8.917 8.899 8.878 8.854 8.826 8.795 8.809 8.830 8.846 8.856 8.861 8.861 8.856 8.845 8.829 8.807 8.781 8.748 8.733 8.728 8.729 8.737
0.511 0.548 0.584 0.620 0.657 0.694 0.731 0.768 0.806 0.851 0.903 0.957 1.013 1.070 1.130 1.192 1.255 1.321 1.389 1.458 1.530 1.743 2.041 2.330 2.609 2.880 3.141 3.394 3.637 3.871 4.096 4.312 4.518 4.814 5.169 5.527 5.888 6.253 6.620 6.991 7.365 7.786 8.230 8.667 9.098 9.238 9.225 9.210 9.190 9.168 9.142 9.112 9.080 9.044 9.004 8.961 8.915 8.901 8.899 8.891 8.878 8.859 8.835 8.806 8.772 8.732 8.687 8.636 8.580 8.576 8.600 8.630 8.667
0.532 0.569 0.606 0.643 0.680 0.718 0.756 0.794 0.832 0.880 0.939 0.999 1.062 1.127 1.193 1.262 1.333 1.405 1.480 1.557 1.635 1.803 2.060 2.308 2.547 2.777 2.998 3.209 3.412 3.605 3.790 3.965 4.203 4.582 5.052 5.514 5.969 6.417 6.858 7.293 7.720 8.140 8.553 8.959 9.358 9.527 9.499 9.468 9.434 9.396 9.355 9.311 9.263 9.212 9.158 9.100 9.039 8.999 8.973 8.941 8.905 8.862 8.815 8.762 8.704 8.640 8.571 8.497 8.418 8.413 8.466 8.525 8.590
0.552 0.590 0.627 0.665 0.703 0.742 0.780 0.819 0.858 0.907 0.972 1.040 1.110 1.181 1.255 1.331 1.408 1.488 1.570 1.653 1.739 1.873 2.090 2.311 2.547 2.794 3.051 3.319 3.598 3.887 4.187 4.498 4.820 5.194 5.632 6.063 6.487 6.904 7.313 7.716 8.112 8.501 8.883 9.257 9.625 9.819 9.776 9.730 9.681 9.628 9.573 9.513 9.451 9.385 9.315 9.243 9.167 9.103 9.053 8.997 8.937 8.871 8.800 8.723 8.641 8.554 8.462 8.364 8.261 8.243 8.325 8.413 8.507
0.572 0.611 0.649 0.688 0.726 0.765 0.804 0.844 0.883 0.932 1.004 1.079 1.156 1.234 1.315 1.400 1.492 1.582 1.668 1.751 1.831 1.947 2.210 2.483 2.767 3.061 3.366 3.683 4.010 4.347 4.696 5.055 5.425 5.812 6.219 6.619 7.011 7.397 7.775 8.147 8.511 8.869 9.219 9.563 9.899 10.114 10.056 9.995 9.931 9.864 9.793 9.719 9.641 9.560 9.476 9.388 9.297 9.211 9.138 9.059 8.975 8.885 8.790 8.690 8.585 8.474 8.358 8.236 8.110 8.068 8.178 8.295 8.418
0.592 0.631 0.670 0.709 0.749 0.789 0.828 0.869 0.918 0.991 1.092 1.190 1.284 1.376 1.464 1.548 1.629 1.707 1.782 1.854 1.922 2.010 2.320 2.642 2.974 3.316 3.670 4.034 4.409 4.795 5.191 5.598 6.016 6.437 6.813 7.181 7.542 7.897 8.244 8.584 8.918 9.244 9.563 9.876 10.181 10.412 10.340 10.264 10.185 10.102 10.016 9.927 9.835 9.739 9.639 9.537 9.431 9.326 9.228 9.126 9.018 8.905 8.786 8.662 8.533 8.399 8.259 8.114 7.964 7.886 8.025 8.171 8.323
0.612 0.668 0.744 0.817 0.889 0.958 1.024 1.089 1.151 1.211 1.301 1.387 1.470 1.550 1.626 1.699 1.769 1.836 1.899 1.959 2.015 2.067 2.419 2.788 3.168 3.559 3.960 4.373 4.796 5.229 5.674 6.129 6.595 7.069 7.413 7.750 8.081 8.404 8.720 9.029 9.331 9.626 9.914 10.195 10.469 10.713 10.626 10.535 10.441 10.344 10.243 10.139 10.031 9.921 9.806 9.689 9.568 9.445 9.324 9.198 9.066 8.929 8.787 8.640 8.487 8.329 8.166 7.997 7.824 7.698 7.866 8.040 8.221
0.888 0.958 1.026 1.091 1.155 1.216 1.275 1.331 1.386 1.438 1.512 1.587 1.659 1.727 1.792 1.853 1.912 1.967 2.018 2.067 2.112 2.152 2.505 2.922 3.350 3.789 4.239 4.699 5.170 5.652 6.144 6.647 7.161 7.686 8.021 8.327 8.625 8.917 9.202 9.480 9.751 10.015 10.272 10.522 10.764 11.000 10.916 10.810 10.701 10.589 10.473 10.354 10.231 10.106 9.977 9.844 9.709 9.570 9.425 9.275 9.120 8.960 8.794 8.623 8.447 8.265 8.078 7.886 7.716 7.607 7.863 8.117 8.369
1.187 1.249 1.309 1.367 1.422 1.476 1.527 1.575 1.622 1.666 1.727 1.790 1.850 1.907 1.960 2.010 2.057 2.100 2.140 2.177 2.211 2.240 2.578 3.044 3.520 4.007 4.504 5.012 5.531 6.061 6.602 7.153 7.715 8.287 8.635 8.909 9.177 9.438 9.691 9.938 10.178 10.411 10.636 10.855 11.067 11.272 11.208 11.088 10.964 10.837 10.706 10.572 10.435 10.294 10.150 10.003 9.852 9.698 9.532 9.333 9.119 8.925 8.750 8.594 8.458 8.340 8.242 8.164 8.104 8.064 8.292 8.535 8.777
1.488 1.542 1.594 1.644 1.692 1.737 1.780 1.821 1.860 1.896 1.944 1.995 2.044 2.089 2.131 2.169 2.205 2.237 2.266 2.291 2.313 2.331 2.640 3.153 3.677 4.212 4.757 5.314 5.881 6.458 7.047 7.646 8.255 8.876 9.255 9.499 9.736 9.965 10.188 10.403 10.612 10.813 11.008 11.196 11.376 11.550 11.504 11.369 11.230 11.088 10.893 10.648 10.407 10.169 9.935 9.705 9.478 9.255 9.078 8.930 8.802 8.694 8.604 8.534 8.483 8.452 8.440 8.447 8.473 8.518 8.722 8.955 9.186
1.790 1.837 1.881 1.923 1.963 2.001 2.036 2.069 2.100 2.128 2.163 2.203 2.240 2.274 2.305 2.332 2.355 2.376 2.393 2.407 2.418 2.424 2.689 3.250 3.822 4.405 4.998 5.602 6.217 6.843 7.479 8.126 8.783 9.452 9.883 10.095 10.301 10.499 10.691 10.875 11.053 11.162 11.205 11.243 11.276 11.304 11.167 10.924 10.685 10.449 10.216 9.988 9.762 9.541 9.323 9.109 8.899 8.692 8.570 8.508 8.466 8.443 8.439 8.455 8.490 8.544 8.617 8.710 8.821 8.952 9.154 9.377 9.597
2.095 2.133 2.170 2.204 2.236 2.266 2.293 2.318 2.341 2.362 2.385 2.414 2.440 2.462 2.481 2.497 2.509 2.518 2.524 2.526 2.526 2.520 2.725 3.335 3.954 4.585 5.226 5.878 6.541 7.214 7.898 8.593 9.242 9.832 10.195 10.252 10.303 10.350 10.391 10.427 10.458 10.483 10.503 10.518 10.528 10.532 10.423 10.196 9.972 9.753 9.536 9.324 9.115 8.910 8.708 8.510 8.316 8.125 8.043 8.067 8.111 8.173 8.255 8.356 8.477 8.616 8.775 8.953 9.150 9.367 9.587 9.800 10.010
2.401 2.431 2.460 2.486 2.510 2.532 2.552 2.569 2.585 2.598 2.610 2.628 2.642 2.653 2.660 2.664 2.665 2.663 2.657 2.648 2.636 2.619 2.750 3.417 4.081 4.729 5.360 5.975 6.574 7.156 7.721 8.270 8.803 9.319 9.686 9.719 9.748 9.771 9.789 9.801 9.809 9.811 9.808 9.799 9.785 9.767 9.675 9.465 9.257 9.054 8.854 8.658 8.465 8.276 8.090 7.909 7.731 7.556 7.498 7.607 7.736 7.884 8.052 8.238 8.444 8.669 8.913 9.177 9.459 9.761 10.023 10.225 10.424
2.708 2.731 2.752 2.770 2.787 2.801 2.813 2.822 2.829 2.835 2.838 2.844 2.847 2.846 2.842 2.836 2.842 2.854 2.872 2.896 2.926 2.957 3.046 3.654 4.245 4.820 5.378 5.920 6.445 6.954 7.447 7.923 8.382 8.826 9.183 9.193 9.199 9.198 9.193 9.182 9.166 9.145 9.119 9.087 9.050 9.008 8.925 8.731 8.540 8.352 8.168 7.988 7.812 7.639 7.470 7.304 7.142 6.984 6.933 7.128 7.342 7.576 7.829 8.101 8.392 8.702 9.032 9.381 9.749 10.136 10.460 10.651 10.841
3.017 3.032 3.045 3.056 3.065 3.071 3.075 3.077 3.076 3.066 3.042 3.038 3.040 3.049 3.064 3.085 3.113 3.146 3.185 3.231 3.282 3.334 3.386 3.909 4.427 4.928 5.414 5.883 6.335 6.771 7.190 7.594 7.980 8.350 8.687 8.674 8.656 8.632 8.604 8.570 8.531 8.486 8.436 8.381 8.321 8.256 8.172 7.994 7.819 7.648 7.480 7.316 7.156 6.999 6.846 6.697 6.551 6.409 6.349 6.630 6.929 7.248 7.586 7.944 8.320 8.716 9.131 9.565 10.018 10.491 10.898 11.080 11.259
3.328 3.348 3.388 3.415 3.427 3.424 3.407 3.375 3.329 3.269 3.194 3.197 3.221 3.251 3.287 3.329 3.378 3.432 3.493 3.559 3.632 3.706 3.779 4.182 4.627 5.055 5.468 5.864 6.243 6.606 6.953 7.283 7.597 7.894 8.175 8.161 8.120 8.073 8.021 7.964 7.901 7.834 7.761 7.682 7.599 7.510 7.416 7.254 7.095 6.940 6.789 6.641 6.497 6.357 6.220 6.086 5.957 5.831 5.746 6.112 6.497 6.901 7.325 7.767 8.229 8.710 9.210 9.730 10.268 10.826 11.339 11.510 11.678
3.963 3.968 3.958 3.934 3.895 3.842 3.774 3.692 3.596 3.485 3.359 3.350 3.395 3.446 3.504 3.567 3.637 3.713 3.794 3.882 3.976 4.071 4.165 4.472 4.845 5.200 5.540 5.863 6.169 6.459 6.733 6.991 7.231 7.456 7.664 7.654 7.590 7.520 7.445 7.364 7.278 7.188 7.091 6.990 6.883 6.772 6.654 6.512 6.369 6.230 6.095 5.963 5.835 5.711 5.590 5.473 5.360 5.250 5.143 5.576 6.046 6.535 7.044 7.572 8.119 8.685 9.270 9.875 10.499 11.124 11.704 12.113 12.768
4.647 4.601 4.541 4.466 4.377 4.273 4.155 4.022 3.875 3.713 3.537 3.497 3.564 3.636 3.715 3.799 3.890 3.987 4.090 4.199 4.314 4.430 4.546 4.781 5.081 5.364 5.630 5.880 6.114 6.331 6.532 6.717 6.885 7.037 7.172 7.154 7.066 6.973 6.875 6.771 6.662 6.548 6.429 6.304 6.174 6.039 5.899 5.766 5.640 5.517 5.398 5.283 5.171 5.062 4.958 4.857 4.759 4.666 4.576 5.020 5.630 6.312 6.975 7.619 8.243 8.848 9.433 9.999 10.545 11.073 11.580 13.022 14.769
5.343 5.247 5.136 5.011 4.871 4.717 4.548 4.365 4.167 3.955 3.729 3.639 3.726 3.820 3.920 4.026 4.138 4.256 4.380 4.510 4.646 4.784 4.921 5.108 5.335 5.545 5.738 5.916 6.077 6.221 6.349 6.461 6.557 6.636 6.698 6.660 6.549 6.433 6.311 6.184 6.052 5.915 5.773 5.625 5.472 5.314 5.150 5.018 4.908 4.801 4.698 4.647 4.682 4.734 4.803 4.889 4.992 5.112 5.249 5.754 6.370 6.966 7.544 8.101 8.640 9.158 9.658 10.138 10.599 11.040 11.462 13.686 16.523
6.052 5.905 5.744 5.568 5.378 5.173 4.954 4.721 4.473 4.210 3.933 3.775 3.883 3.998 4.119 4.246 4.379 4.518 4.664 4.815 4.973 5.131 5.290 5.453 5.607 5.744 5.865 5.969 6.058 6.129 6.185 6.224 6.247 6.253 6.243 6.173 6.039 5.899 5.754 5.604 5.449 5.289 5.159 5.079 4.994 4.902 4.804 4.771 4.813 4.873 4.949 5.043 5.153 5.281 5.425 5.587 5.766 5.962 6.174 6.599 7.129 7.639 8.131 8.603 9.055 9.488 9.902 10.297 10.672 11.027 11.364 14.104 18.031
6.774 6.577 6.365 6.139 5.898 5.643 5.373 5.089 4.791 4.478 4.151 3.905 4.034 4.171 4.313 4.461 4.615 4.775 4.942 5.114 5.293 5.473 5.652 5.816 5.897 5.961 6.009 6.041 6.057 6.056 6.039 6.005 5.955 5.922 5.935 5.923 5.860 5.791 5.716 5.634 5.545 5.450 5.349 5.241 5.127 5.007 4.880 4.846 4.964 5.099 5.251 5.420 5.606 5.809 6.030 6.267 6.521 6.792 7.081 7.462 7.906 8.331 8.736 9.123 9.490 9.837 10.165 10.474 10.764 11.034 11.285 14.276 19.293
7.508 7.260 6.998 6.722 6.431 6.125 5.805 5.471 5.122 4.759 4.382 4.029 4.180 4.337 4.500 4.670 4.845 5.026 5.214 5.407 5.607 5.808 6.009 6.196 6.214 6.239 6.261 6.281 6.298 6.312 6.323 6.331 6.337 6.340 6.340 6.320 6.229 6.131 6.027 5.917 5.800 5.676 5.546 5.410 5.268 5.118 4.963 4.903 5.097 5.307 5.535 5.779 6.041 6.320 6.615 6.928 7.258 7.604 7.968 8.343 8.702 9.041 9.361 9.662 9.943 10.205 10.448 10.671 10.875 11.059 11.225 14.204 20.310
8.255 7.957 7.645 7.318 6.976 6.620 6.250 5.866 5.466 5.053 4.625 4.183 4.319 4.498 4.682 4.872 5.069 5.275 5.493 5.723 5.965 6.212 6.464 6.724 6.746 6.758 6.768 6.775 6.780 6.781 6.780 6.776 6.769 6.760 6.747 6.724 6.605 6.478 6.346 6.206 6.061 5.909 5.750 5.586 5.414 5.237 5.053 4.942 5.211 5.497 5.800 6.120 6.457 6.811 7.183 7.571 7.976 8.398 8.837 9.244 9.517 9.770 10.005 10.220 10.415 10.592 10.749 10.887 11.005 11.104 11.184 13.887 21.081
9.015 8.666 8.303 7.926 7.534 7.128 6.708 6.273 5.824 5.348 4.836 4.350 4.415 4.615 4.826 5.050 5.286 5.533 5.792 6.064 6.347 6.636 6.929 7.232 7.280 7.280 7.278 7.273 7.264 7.254 7.240 7.223 7.204 7.182 7.157 7.130 6.987 6.832 6.670 6.503 6.329 6.148 5.961 5.768 5.568 5.362 5.149 4.963 5.308 5.669 6.048 6.443 6.855 7.285 7.731 8.195 8.675 9.172 9.687 10.163 10.350 10.518 10.667 10.796 10.907 10.998 11.069 11.121 11.154 11.168 11.162 13.326 21.606
9.787 9.388 8.916 8.316 7.740 7.190 6.665 6.165 5.691 5.241 4.817 4.418 4.455 4.696 4.949 5.214 5.491 5.780 6.081 6.393 6.718 7.049 7.384 7.728 7.817 7.805 7.790 7.772 7.752 7.728 7.702 7.673 7.642 7.607 7.570 7.530 7.375 7.192 7.002 6.806 6.603 6.394 6.178 5.957 5.728 5.493 5.252 5.005 5.386 5.823 6.277 6.747 7.235 7.740 8.261 8.800 9.356 9.929 10.518 11.100 11.202 11.285 11.348 11.392 11.417 11.422 11.408 11.375 11.323 11.251 11.160 12.520 21.887
9.276 8.712 8.174 7.661 7.173 6.710 6.273 5.861 5.473 5.111 4.775 4.463 4.484 4.766 5.061 5.367 5.685 6.016 6.358 6.712 7.078 7.450 7.827 8.213 8.356 8.332 8.304 8.274 8.241 8.205 8.167 8.126 8.082 8.035 7.985 7.933 7.770 7.558 7.340 7.115 6.884 6.646 6.402 6.152 5.895 5.632 5.362 5.086 5.446 5.958 6.487 7.033 7.596 8.176 8.773 9.387 10.018 10.666 11.331 12.013 12.073 12.070 12.048 12.006 11.946 11.866 11.767 11.648 11.510 11.353 11.177 11.481 21.605
8.336 7.860 7.409 6.984 6.583 6.208 5.858 5.533 5.234 4.959 4.710 4.485 4.502 4.826 5.161 5.509 5.869 6.240 6.624 7.019 7.426 7.840 8.259 8.687 8.898 8.861 8.821 8.779 8.733 8.685 8.634 8.581 8.524 8.465 8.403 8.338 8.172 7.931 7.684 7.431 7.172 6.905 6.633 6.354 6.069 5.777 5.479 5.174 5.488 6.075 6.680 7.301 7.939 8.594 9.267 9.956 10.662 11.385 12.125 12.882 12.962 12.874 12.782 12.702 12.600 12.478 12.335 12.172 11.987 11.782 11.557 11.310 19.638
7.374 6.986 6.622 6.284 5.971 5.683 5.421 5.183 4.971 4.783 4.621 4.484 4.509 4.874 5.251 5.640 6.041 6.454 6.878 7.315 7.763 8.219 8.679 9.149 9.442 9.393 9.341 9.286 9.228 9.167 9.104 9.038 8.969 8.898 8.823 8.746 8.580 8.311 8.036 7.754 7.466 7.171 6.870 6.563 6.249 5.929 5.602 5.269 5.512 6.174 6.854 7.550 8.264 9.043 9.932 10.801 11.650 12.479 13.288 14.077 14.225 14.094 13.942 13.770 13.576 13.362 13.128 12.872 12.596 12.299 11.981 11.643 17.941
