DATA/SHG/ECMWF/20170628/EN-12/20170701.en-12.asc
ncols        190
nrows        64
xllcorner    -5100000.000000000000
yllcorner    4130000.000000000000
cellsize     10000.000000000000
NODATA_value  -99999.000
[rows 32 to 63 of 64, columns 0 to 71 of 190]
10.123 10.557 10.300 9.940 9.546 9.117 8.654 8.156 7.624 7.057 6.456 5.820 5.150 4.446 4.433 4.455 4.470 4.479 4.481 4.478 4.468 4.452 4.430 4.401 4.367 4.326 4.312 4.290 4.260 4.222 4.175 4.120 4.057 3.986 3.907 3.819 3.723 3.619 3.535 3.447 3.355 3.259 3.159 3.055 2.946 2.834 2.717 3.032 3.626 4.305 4.727 5.043 5.254 5.359 5.359 5.253 5.042 4.725 4.302 3.774 3.140 2.499 2.776 3.070 3.383 3.713 4.062 4.429 4.815 5.218 5.640 6.079
11.990 12.585 12.396 11.915 11.399 10.849 10.265 9.646 8.993 8.305 7.583 6.827 6.036 5.210 5.042 5.042 5.035 5.022 5.003 4.978 4.946 4.908 4.864 4.814 4.757 4.694 4.648 4.597 4.538 4.471 4.396 4.312 4.220 4.120 4.012 3.895 3.770 3.637 3.534 3.432 3.532 3.772 4.112 4.553 5.095 5.736 6.478 7.320 8.263 9.306 9.442 9.390 9.233 8.970 8.602 8.128 7.549 6.864 6.074 5.178 4.177 3.070 3.345 3.702 4.078 4.472 4.884 5.314 5.762 6.228 6.713 7.215
13.803 14.560 14.526 13.924 13.288 12.617 11.912 11.172 10.398 9.589 8.747 7.869 6.957 6.011 5.657 5.635 5.606 5.571 5.530 5.483 5.430 5.370 5.304 5.232 5.154 5.069 4.992 4.912 4.825 4.729 4.624 4.512 4.391 4.445 4.465 4.433 4.350 4.215 4.392 4.781 5.271 5.860 6.550 7.340 8.230 9.221 10.311 11.502 12.794 14.185 14.256 13.836 13.311 12.680 11.944 11.103 10.156 9.104 7.946 6.683 5.314 3.840 3.895 4.316 4.754 5.211 5.686 6.179 6.690 7.220 7.767 8.333
15.562 16.480 16.692 15.969 15.212 14.420 13.594 12.734 11.839 10.909 9.946 8.948 7.915 6.848 6.278 6.234 6.183 6.127 6.064 5.995 5.920 5.838 5.750 5.657 5.556 5.465 5.711 5.911 6.060 6.157 6.203 6.198 6.141 6.032 5.872 5.661 5.398 5.084 5.329 6.067 6.906 7.844 8.883 10.022 11.261 12.600 14.039 15.579 17.219 18.959 19.169 18.381 17.488 16.490 15.386 14.177 12.863 11.443 9.918 8.288 6.552 4.711 4.428 4.911 5.413 5.932 6.470 7.026 7.600 8.193 8.803 9.431
17.269 18.348 18.893 18.049 17.171 16.259 15.312 14.331 13.315 12.265 11.181 10.062 8.909 7.721 6.905 6.839 6.766 6.688 6.653 6.869 7.096 7.335 7.586 7.848 8.121 8.406 8.606 8.627 8.596 8.513 8.380 8.194 7.958 7.670 7.331 6.940 6.498 6.005 6.163 7.250 8.437 9.724 11.112 12.599 14.187 15.874 17.662 19.550 21.538 23.626 24.179 23.024 21.764 20.398 18.928 17.351 15.670 13.883 11.991 9.994 7.892 5.684 4.942 5.488 6.053 6.635 7.236 7.855 8.492 9.147 9.820 10.511
18.922 20.161 21.129 20.164 19.166 18.133 17.065 15.963 14.827 13.657 12.452 11.236 10.123 9.104 8.392 8.602 8.823 9.055 9.300 9.555 9.822 10.101 10.391 10.693 11.007 11.332 11.551 11.392 11.182 10.920 10.607 10.242 9.826 9.359 8.840 8.270 7.649 6.977 6.893 8.329 9.865 11.500 13.236 15.072 17.008 19.044 21.180 23.416 25.752 28.188 29.288 27.766 26.139 24.406 22.568 20.625 18.577 16.423 14.165 11.801 9.332 6.758 5.438 6.047 6.674 7.320 7.983 8.665 9.365 10.083 10.819 11.573
20.521 21.922 23.369 22.315 21.029 19.586 18.237 16.981 15.820 14.753 13.780 12.901 12.116 11.425 10.863 11.113 11.373 11.646 11.930 12.225 12.532 12.851 13.181 13.523 13.876 14.241 14.546 14.208 13.818 13.376 12.884 12.340 11.745 11.098 10.401 9.652 8.851 8.000 7.520 9.304 11.188 13.172 15.256 17.440 19.724 22.108 24.592 27.176 29.860 32.643 34.496 32.606 30.612 28.513 26.308 23.998 21.584 19.064 16.439 13.708 10.873 7.933 5.915 6.587 7.278 7.986 8.712 9.457 10.219 11.000 12.204 13.833
20.516 21.486 22.432 21.507 20.297 19.182 18.161 17.233 16.400 15.660 15.015 14.463 14.005 13.641 13.371 13.608 13.909 14.221 14.545 14.880 15.227 15.585 15.955 16.337 16.730 17.134 17.550 17.073 16.504 15.883 15.212 14.489 13.714 12.889 12.012 11.084 10.105 9.074 8.045 10.177 12.409 14.741 17.173 19.705 22.336 25.068 27.899 30.831 33.862 36.993 39.801 37.545 35.184 32.718 30.147 27.471 24.690 21.804 18.812 15.716 12.515 9.208 6.375 7.173 8.157 9.323 10.672 12.204 13.918 15.814 17.894 20.155
18.973 19.862 20.727 20.346 19.465 18.677 17.983 17.383 16.877 16.465 16.147 15.922 15.791 15.755 15.812 16.087 16.428 16.780 17.144 17.519 17.905 18.304 18.713 19.135 19.567 20.012 20.467 19.988 19.240 18.440 17.590 16.688 15.734 14.730 13.674 12.567 11.409 10.200 8.939 10.946 13.526 16.206 18.985 21.865 24.844 27.923 31.102 34.381 37.759 41.238 44.816 42.582 39.855 37.022 34.085 31.043 28.452 25.723 22.643 19.211 15.427 11.292 6.817 8.251 9.869 11.668 13.650 15.815 18.161 20.691 23.402 26.296
17.457 18.265 19.050 19.085 18.530 18.070 17.704 17.431 17.252 17.167 17.176 17.278 17.474 17.764 18.148 18.551 18.932 19.324 19.727 20.142 20.568 21.006 21.456 21.917 22.389 22.873 23.369 22.954 22.026 21.048 20.018 18.937 17.805 16.622 15.387 14.101 12.764 11.376 9.937 11.612 14.540 17.567 20.694 23.921 27.248 30.674 34.200 37.826 41.552 46.487 51.959 51.610 49.415 46.870 43.972 40.724 37.124 33.173 28.871 24.217 19.212 13.856 8.148 9.153 11.403 13.835 16.450 19.247 22.226 25.387 28.731 32.256
15.968 16.696 17.400 17.722 17.495 17.362 17.322 17.377 17.525 17.766 18.102 18.531 19.054 19.671 20.381 21.000 21.420 21.852 22.295 22.749 23.216 23.693 24.183 24.683 25.195 25.719 26.254 25.969 24.862 23.705 22.496 21.237 19.926 18.564 17.151 15.686 14.171 12.604 10.986 12.175 15.450 18.825 22.723 26.987 31.594 36.543 41.834 47.467 53.443 59.762 66.422 66.726 63.309 59.541 55.421 50.951 46.130 40.957 35.434 29.559 23.334 16.757 9.830 9.878 12.760 15.825 19.071 22.500 26.111 29.904 33.879 38.036
14.507 15.154 15.778 16.259 16.359 16.552 16.840 17.221 17.695 18.264 18.926 19.682 20.531 21.474 22.511 23.433 23.893 24.364 24.847 25.341 25.847 26.365 26.894 27.434 27.986 28.549 29.124 29.034 27.749 26.413 25.025 23.587 22.097 20.557 18.961 17.188 15.450 13.746 12.076 13.012 17.439 22.208 27.320 32.773 38.569 44.706 51.186 58.008 65.172 72.679 80.527 82.171 77.532 72.543 67.202 61.511 55.469 49.076 42.332 35.238 27.792 19.996 11.849 10.425 13.940 17.636 21.514 25.575 29.817 34.241 38.848 43.636
13.073 13.639 14.183 14.694 15.121 15.641 16.255 16.963 17.764 18.659 19.647 20.729 21.905 23.174 24.537 25.850 26.350 26.861 27.384 27.918 28.463 29.020 29.589 30.169 30.761 31.364 31.978 32.089 30.194 28.334 26.508 24.716 22.959 21.237 19.548 17.895 16.275 14.690 13.140 13.689 19.306 25.264 31.564 38.206 45.190 52.516 60.183 68.193 76.544 85.238 94.273 97.945 92.086 85.875 79.314 72.403 65.141 57.528 49.565 41.251 32.587 23.572 14.207 10.796 14.942 19.270 23.779 28.471 33.344 38.400 43.637 49.056
11.666 12.152 12.615 13.055 13.783 14.629 15.570 16.604 17.731 18.952 20.267 21.675 23.176 24.771 26.460 28.242 28.792 29.343 29.905 30.479 30.947 31.036 31.142 31.268 31.412 31.574 31.756 31.807 30.031 28.290 26.583 24.911 23.273 21.669 20.100 18.566 17.065 15.599 14.168 14.017 20.822 27.968 35.456 43.286 51.458 59.971 68.825 78.022 87.560 97.440 107.661 114.048 106.969 99.538 91.758 83.627 75.146 66.315 57.133 47.601 37.718 27.485 16.902 10.991 15.768 20.726 25.867 31.189 36.693 42.379 48.246 54.296
10.286 10.692 11.074 11.434 12.343 13.516 14.783 16.143 17.596 19.143 20.784 22.518 24.345 26.142 27.688 29.177 29.460 29.538 29.636 29.752 29.886 30.039 30.211 30.401 30.610 30.837 31.083 31.348 29.833 28.211 26.623 25.070 23.551 22.067 20.616 19.201 17.819 16.472 15.160 13.996 21.988 30.322 38.997 48.014 57.372 67.072 77.113 87.495 98.219 109.285 120.691 130.480 122.181 113.532 104.533 95.183 85.484 75.434 65.035 54.285 43.185 31.735 19.935 11.009 16.417 22.006 27.777 33.729 39.863 46.179 52.677 59.356
8.933 9.258 9.561 9.840 10.803 12.302 13.971 15.717 17.407 19.040 20.616 22.135 23.598 25.003 26.353 27.645 28.121 28.264 28.426 28.607 28.807 29.024 29.261 29.516 29.789 30.082 30.392 30.721 29.600 28.097 26.628 25.194 23.794 22.428 21.097 19.800 18.538 17.310 16.116 14.957 22.805 32.326 42.187 52.390 62.934 73.820 85.046 96.614 108.523 120.773 133.364 146.297 137.723 127.855 117.638 107.071 96.154 84.887 73.270 61.304 48.987 36.321 23.305 10.851 16.889 23.108 29.509 36.092 42.856 49.801 56.928 64.237
8.100 8.696 9.297 9.903 11.004 12.666 14.272 15.822 17.314 18.750 20.129 21.452 22.718 23.927 25.079 26.175 26.764 26.972 27.199 27.444 27.709 27.991 28.292 28.612 28.950 29.307 29.683 30.077 29.331 27.947 26.597 25.282 24.001 22.754 21.542 20.364 19.221 18.111 17.036 15.996 23.273 33.979 45.027 56.415 68.144 80.215 92.626 105.378 118.471 131.905 145.681 159.797 153.593 142.508 131.074 119.290 107.156 94.673 81.840 68.657 55.125 41.243 27.011 12.430 17.184 23.995 30.388 36.614 42.673 48.566 54.291 59.849
9.023 9.635 10.253 10.875 11.760 13.226 14.635 15.987 17.283 18.522 19.705 20.830 21.899 22.912 23.868 24.767 25.388 25.662 25.953 26.263 26.592 26.940 27.305 27.690 28.093 28.514 28.954 29.413 29.028 27.763 26.532 25.335 24.173 23.045 21.952 20.893 19.868 18.877 17.921 16.999 23.392 35.283 47.516 60.089 73.002 86.257 99.852 113.788 128.065 142.682 157.641 172.940 169.792 157.491 144.840 131.840 118.490 104.791 90.429 74.331 58.660 43.417 28.602 14.215 15.769 21.753 27.571 33.221 38.705 44.022 49.172 54.154
9.939 10.568 11.202 11.841 12.577 13.846 15.058 16.214 17.313 18.355 19.341 20.270 21.143 21.959 22.718 23.421 23.995 24.333 24.689 25.064 25.458 25.870 26.300 26.749 27.217 27.703 28.208 28.731 28.689 27.543 26.431 25.353 24.310 23.301 22.326 21.385 20.479 19.607 18.770 17.967 23.163 36.238 49.655 63.411 77.509 91.947 106.725 121.844 137.304 153.104 169.245 184.767 180.842 163.656 146.898 130.567 114.663 99.187 84.137 69.516 55.321 41.554 28.215 15.302 14.263 19.673 24.915 29.990 34.899 39.641 44.215 48.624
10.848 11.494 12.144 12.800 13.460 14.527 15.542 16.501 17.404 18.250 19.039 19.772 20.448 21.067 21.630 22.137 22.583 22.986 23.407 23.847 24.305 24.781 25.276 25.790 26.322 26.873 27.442 28.030 28.316 27.288 26.295 25.336 24.411 23.521 22.665 21.843 21.055 20.302 19.583 18.898 22.585 36.844 51.444 66.384 81.146 94.422 107.284 119.732 131.764 143.382 154.585 165.373 165.288 149.579 134.297 119.443 105.015 91.015 77.441 64.295 51.576 39.284 27.418 15.980 12.919 17.753 22.420 26.921 31.255 35.422 39.422 43.256
11.751 12.413 13.080 13.752 14.429 15.268 16.087 16.850 17.556 18.205 18.798 19.335 19.814 20.238 20.604 20.914 21.168 21.621 22.107 22.611 23.133 23.675 24.234 24.812 25.409 26.024 26.658 27.310 27.907 26.999 26.124 25.284 24.477 23.706 22.968 22.265 21.596 20.906 20.109 19.290 20.666 34.170 47.259 59.934 72.194 84.040 95.471 106.488 117.090 127.277 137.050 146.409 149.334 135.102 121.296 107.917 94.965 82.439 70.340 58.669 47.424 36.605 26.214 16.249 11.735 15.994 20.087 24.013 27.773 31.365 34.792 38.051
12.647 13.326 14.010 14.698 15.391 16.070 16.693 17.259 17.769 18.222 18.619 18.959 19.242 19.469 19.640 19.754 19.812 20.238 20.788 21.357 21.944 22.550 23.174 23.816 24.478 25.157 25.856 26.572 27.307 26.674 25.939 25.226 24.490 23.729 22.945 22.138 21.307 20.452 19.574 18.672 17.862 29.934 41.592 52.837 63.666 74.082 84.083 93.670 102.843 111.601 119.945 127.875 132.982 120.225 107.894 95.989 84.512 73.460 62.835 52.637 42.865 33.520 24.601 16.109 10.712 14.397 17.915 21.267 24.452 27.471 30.323 33.009
13.537 14.232 14.933 15.638 16.347 16.932 17.359 17.729 18.043 18.300 18.500 18.644 18.732 18.763 18.737 18.656 18.517 18.836 19.451 20.084 20.736 21.406 22.095 22.905 23.804 24.685 25.548 26.392 27.218 26.855 26.084 25.289 24.470 23.628 22.762 21.873 20.960 20.024 19.064 18.080 17.073 26.119 36.348 46.162 55.562 64.548 73.120 81.279 89.023 96.353 103.269 109.771 115.859 104.949 94.092 83.661 73.656 64.078 54.926 46.201 37.901 30.028 22.581 15.561 9.848 12.959 15.904 18.682 21.293 23.739 26.018 28.130
14.420 15.132 15.849 16.570 17.297 17.855 18.086 18.260 18.377 18.438 18.443 18.391 18.283 18.118 17.896 17.619 17.462 17.918 18.864 19.792 20.701 21.592 22.465 23.319 24.155 24.973 25.772 26.553 27.315 27.106 26.253 25.376 24.475 23.551 22.604 21.633 20.638 19.620 18.578 17.513 16.424 22.725 31.524 39.909 47.881 55.439 62.583 69.313 75.629 81.532 87.021 92.096 96.758 89.273 79.889 70.931 62.399 54.293 46.614 39.360 32.532 26.130 20.154 14.604 9.481 11.682 14.053 16.258 18.296 20.168 21.874 23.413
15.297 16.026 16.759 17.497 18.239 18.839 18.873 18.851 18.773 18.610 18.457 18.344 18.269 18.233 18.235 18.276 18.356 18.732 19.615 20.479 21.325 22.153 22.962 23.752 24.525 25.279 26.015 26.732 27.431 27.381 26.446 25.488 24.505 23.499 22.470 21.417 20.341 19.241 18.117 16.970 15.799 19.751 27.122 34.079 40.622 46.753 52.469 57.772 62.662 67.138 71.201 74.850 78.085 73.199 65.287 57.801 50.741 44.106 37.898 32.115 26.757 21.826 17.320 13.240 9.586 10.566 12.363 13.995 15.460 16.759 17.892 18.859
16.168 16.913 17.478 17.993 18.510 18.982 18.809 18.675 18.580 18.523 18.505 18.525 18.584 18.682 18.819 18.994 19.207 19.565 20.384 21.185 21.967 22.731 23.477 24.204 24.913 25.604 26.276 26.930 27.566 27.681 26.664 25.624 24.559 23.472 22.361 21.226 20.068 18.886 17.681 16.452 15.200 17.196 23.139 28.669 33.786 38.490 42.780 46.657 50.121 53.171 55.808 58.032 59.842 56.726 50.286 44.271 38.681 33.517 28.778 24.465 20.578 17.116 14.079 11.468 9.283 9.609 10.834 11.893 12.785 13.788 14.836 15.856
15.663 16.180 16.699 17.220 17.742 18.265 18.279 18.279 18.317 18.395 18.510 18.665 18.858 19.090 19.360 19.669 20.016 20.416 21.172 21.909 22.628 23.328 24.011 24.674 25.320 25.947 26.556 27.147 27.719 28.005 26.906 25.784 24.638 23.469 22.276 21.060 19.820 18.557 17.270 15.959 14.626 15.061 19.578 23.681 27.372 30.649 33.514 35.966 38.004 39.630 40.842 41.642 42.028 39.855 34.885 30.340 26.220 22.526 19.257 16.413 13.994 12.001 10.866 9.907 8.962 9.131 10.196 11.232 12.240 13.219 14.169 15.090
14.871 15.394 15.919 16.445 16.973 17.502 17.707 17.841 18.013 18.224 18.474 18.762 19.089 19.455 19.859 20.302 20.783 21.303 21.977 22.651 23.307 23.944 24.563 25.163 25.746 26.309 26.855 27.382 27.891 28.353 27.173 25.969 24.741 23.490 22.216 20.918 19.597 18.252 16.883 15.491 14.076 13.344 16.435 19.114 21.379 23.231 24.671 25.698 26.313 26.514 26.303 25.679 24.642 22.586 19.085 17.682 16.674 15.679 14.699 13.732 12.779 11.839 10.914 10.002 9.104 8.984 9.950 10.888 11.797 12.677 13.529 14.352
14.079 14.608 15.138 15.670 16.203 16.738 17.094 17.361 17.668 18.013 18.396 18.818 19.279 19.778 20.316 20.893 21.508 22.161 22.801 23.412 24.004 24.578 25.133 25.671 26.190 26.690 27.172 27.636 28.082 28.509 27.464 26.178 24.869 23.536 22.180 20.801 19.398 17.971 16.521 15.048 13.551 12.046 13.713 14.966 15.807 16.235 16.251 15.854 16.696 17.592 18.322 18.884 19.280 19.349 18.361 17.386 16.426 15.478 14.545 13.625 12.719 11.827 10.948 10.083 9.232 8.864 9.732 10.571 11.382 12.164 12.917 13.641
13.286 13.820 14.356 14.893 15.432 15.972 16.439 16.840 17.281 17.759 18.277 18.832 19.427 20.060 20.731 21.442 22.190 22.977 23.644 24.191 24.720 25.230 25.723 26.197 26.652 27.090 27.509 27.909 28.292 28.656 27.779 26.412 25.021 23.607 22.169 20.708 19.224 17.716 16.184 14.629 13.051 12.383 13.587 14.907 16.061 17.048 17.869 18.523 19.010 19.331 19.485 19.472 19.293 18.947 18.006 17.078 16.165 15.265 14.378 13.506 12.647 11.801 10.970 10.152 9.348 8.772 9.541 10.282 10.994 11.677 12.332 12.958
12.492 13.032 13.573 14.116 14.660 15.206 15.743 16.278 16.852 17.464 18.115 18.805 19.533 20.300 21.105 21.948 22.831 23.751 24.505 24.988 25.454 25.901 26.330 26.741 27.133 27.507 27.863 28.201 28.520 28.821 28.118 26.670 25.197 23.702 22.416 21.326 20.429 19.724 19.211 18.891 18.763 18.828 19.519 20.263 20.841 21.253 21.498 21.576 21.488 21.233 20.812 20.224 19.470 18.549 17.638 16.758 15.891 15.038 14.198 13.373 12.561 11.763 10.978 10.207 9.450 8.707 9.378 10.020 10.634 11.219 11.775 12.303
11.697 12.242 12.789 13.338 13.888 14.439 15.005 15.674 16.382 17.128 17.913 18.736 19.597 20.497 21.436 22.413 23.429 24.483 25.384 25.804 26.207 26.591 26.956 27.304 27.633 27.944 28.227 28.228 28.225 28.219 27.640 26.445 25.442 24.631 24.013 23.587 23.353 23.312 23.463 23.807 24.343 25.071 25.612 25.781 25.784 25.620 25.289 24.792 24.129 23.299 22.303 21.140 19.811 18.315 17.257 16.424 15.604 14.798 14.006 13.227 12.462 11.711 10.973 10.249 9.539 8.843 9.242 9.786 10.301 10.788 11.246 11.676
