DATA/SHG/ECMWF/20170628/EN-12/20170630.en-12.asc
ncols        190
nrows        64
xllcorner    -5100000.000000000000
yllcorner    4130000.000000000000
cellsize     10000.000000000000
NODATA_value  -99999.000
[rows 32 to 63 of 64, columns 0 to 72 of 190]
8.293 8.011 7.614 7.196 6.765 6.322 5.866 5.397 4.916 4.422 3.916 3.397 2.865 2.321 2.244 2.189 2.132 2.072 2.008 1.940 1.870 1.796 1.719 1.639 1.555 1.468 1.423 1.374 1.321 1.264 1.202 1.136 1.067 0.992 0.914 0.831 0.744 0.656 0.684 0.715 0.749 0.786 0.827 0.870 0.916 0.965 1.017 1.112 1.226 1.342 1.474 1.624 1.791 1.975 2.177 2.396 2.632 2.887 3.158 3.447 3.754 4.051 4.095 4.129 4.155 4.172 4.181 4.180 4.171 4.153 4.126 4.091 4.047
9.253 8.868 8.428 7.966 7.491 7.003 6.502 5.990 5.464 4.926 4.375 3.811 3.235 2.647 2.476 2.410 2.341 2.269 2.194 2.115 2.033 1.948 1.859 1.767 1.672 1.574 1.507 1.444 1.376 1.304 1.228 1.147 1.062 0.974 0.880 0.783 0.682 0.576 0.597 0.638 0.732 0.839 0.948 1.059 1.172 1.287 1.404 1.523 1.643 1.766 1.953 2.163 2.391 2.636 2.898 3.178 3.475 3.790 4.122 4.472 4.839 5.223 5.253 5.257 5.252 5.238 5.216 5.185 5.145 5.096 5.039 4.972 4.897
10.244 9.757 9.255 8.748 8.229 7.697 7.152 6.595 6.025 5.442 4.847 4.239 3.619 2.986 2.711 2.634 2.554 2.470 2.383 2.293 2.199 2.102 2.002 1.899 1.792 1.683 1.596 1.518 1.435 1.348 1.257 1.162 1.063 1.057 1.036 0.990 0.918 0.822 0.872 0.982 1.094 1.208 1.324 1.441 1.561 1.682 1.806 1.931 2.058 2.187 2.414 2.685 2.973 3.279 3.602 3.942 4.300 4.676 5.068 5.478 5.906 6.351 6.417 6.391 6.355 6.311 6.258 6.196 6.126 6.046 5.958 5.861 5.756
11.266 10.676 10.095 9.544 8.980 8.404 7.815 7.213 6.599 5.972 5.332 4.680 4.016 3.338 2.950 2.861 2.769 2.674 2.576 2.474 2.369 2.261 2.149 2.034 1.916 1.803 1.877 1.944 1.985 2.001 1.993 1.959 1.900 1.817 1.708 1.575 1.416 1.233 1.219 1.335 1.454 1.574 1.697 1.821 1.947 2.075 2.205 2.337 2.470 2.606 2.858 3.189 3.538 3.904 4.287 4.688 5.107 5.543 5.996 6.467 6.955 7.460 7.589 7.532 7.466 7.391 7.307 7.215 7.113 7.003 6.885 6.757 6.621
12.319 11.627 10.948 10.352 9.744 9.124 8.490 7.844 7.186 6.515 5.831 5.135 4.426 3.704 3.191 3.091 2.988 2.881 2.813 2.935 3.039 3.124 3.191 3.238 3.267 3.277 3.272 3.251 3.205 3.134 3.039 2.918 2.772 2.601 2.406 2.185 1.940 1.669 1.563 1.686 1.811 1.938 2.067 2.198 2.331 2.465 2.602 2.740 2.880 3.022 3.283 3.675 4.084 4.511 4.955 5.416 5.895 6.392 6.905 7.436 7.985 8.551 8.768 8.680 8.583 8.478 8.363 8.240 8.108 7.968 7.819 7.660 7.494
13.403 12.609 11.814 11.174 10.521 9.856 9.179 8.489 7.786 7.070 6.342 5.674 5.179 4.699 4.350 4.482 4.595 4.689 4.765 4.822 4.860 4.879 4.880 4.861 4.824 4.769 4.692 4.583 4.450 4.292 4.109 3.901 3.668 3.410 3.128 2.820 2.487 2.130 1.905 2.035 2.166 2.300 2.435 2.573 2.712 2.853 2.996 3.141 3.288 3.436 3.690 4.143 4.613 5.100 5.604 6.126 6.666 7.222 7.797 8.388 8.997 9.623 9.954 9.835 9.708 9.572 9.427 9.273 9.111 8.939 8.759 8.571 8.373
14.518 13.621 12.696 12.008 11.375 10.830 10.299 9.783 9.280 8.792 8.317 7.857 7.411 6.979 6.583 6.649 6.696 6.725 6.734 6.725 6.698 6.651 6.586 6.502 6.400 6.278 6.135 5.940 5.719 5.474 5.204 4.909 4.589 4.244 3.874 3.480 3.060 2.616 2.245 2.381 2.519 2.659 2.801 2.945 3.091 3.238 3.388 3.539 3.693 3.848 4.080 4.593 5.123 5.671 6.236 6.818 7.418 8.035 8.670 9.321 9.991 10.677 11.147 10.998 10.839 10.673 10.497 10.313 10.120 9.918 9.875 10.003 10.209
15.730 14.961 14.256 13.709 13.198 12.702 12.220 11.752 11.298 10.859 10.433 10.021 9.624 9.241 8.871 8.833 8.814 8.777 8.721 8.647 8.553 8.441 8.311 8.161 7.993 7.806 7.600 7.320 7.013 6.681 6.323 5.941 5.535 5.103 4.646 4.164 3.658 3.126 2.582 2.725 2.869 3.016 3.165 3.315 3.467 3.621 3.777 3.935 4.095 4.257 4.451 5.025 5.616 6.224 6.849 7.492 8.152 8.830 9.524 10.237 10.966 11.713 12.347 12.151 12.011 11.947 11.958 12.046 12.211 12.451 12.767 13.160 13.629
16.961 16.413 15.929 15.466 15.004 14.557 14.124 13.704 13.299 12.908 12.531 12.168 11.819 11.485 11.164 11.034 10.950 10.847 10.725 10.585 10.426 10.249 10.052 9.837 9.603 9.351 9.080 8.725 8.331 7.911 7.467 6.998 6.505 5.986 5.442 4.874 4.280 3.662 3.019 3.066 3.217 3.371 3.526 3.683 3.841 4.002 4.165 4.329 4.495 4.664 4.834 5.439 6.090 6.759 7.444 8.148 8.877 9.603 10.319 11.023 11.718 12.402 13.074 13.122 13.245 13.445 13.721 14.072 14.500 15.004 15.584 16.241 16.973
18.121 17.794 17.531 17.205 16.793 16.394 16.009 15.639 15.282 14.940 14.611 14.297 13.997 13.711 13.439 13.252 13.103 12.934 12.747 12.541 12.317 12.074 11.812 11.531 11.232 10.914 10.577 10.154 9.673 9.167 8.636 8.080 7.499 6.894 6.263 5.608 4.928 4.223 3.493 3.405 3.563 3.723 3.884 4.048 4.213 4.380 4.549 4.720 4.893 5.157 5.422 6.073 6.815 7.546 8.267 8.978 9.678 10.367 11.047 11.715 12.374 13.021 13.659 14.017 14.405 14.868 15.408 16.023 16.715 17.482 18.326 19.245 20.241
19.210 19.104 19.061 18.927 18.563 18.213 17.877 17.555 17.248 16.954 16.674 16.408 16.157 15.919 15.696 15.488 15.273 15.039 14.786 14.515 14.225 13.916 13.589 13.243 12.878 12.494 12.092 11.607 11.039 10.446 9.828 9.186 8.518 7.826 7.109 6.367 5.600 4.808 3.991 3.742 3.906 4.072 4.402 4.728 5.037 5.329 5.603 5.860 6.100 6.323 6.528 7.064 7.770 8.465 9.149 9.824 10.488 11.141 11.784 12.416 13.038 13.650 14.251 14.839 15.490 16.217 17.020 17.899 18.853 19.884 20.991 22.174 23.433
20.227 20.342 20.520 20.632 20.317 20.015 19.728 19.454 19.195 18.950 18.719 18.502 18.299 18.110 17.935 17.741 17.460 17.161 16.842 16.506 16.150 15.776 15.383 14.972 14.541 14.093 13.625 13.085 12.430 11.750 11.046 10.316 9.562 8.783 7.981 7.252 6.560 5.904 5.285 5.102 5.420 5.720 6.003 6.269 6.518 6.750 6.964 7.161 7.341 7.504 7.649 8.064 8.733 9.392 10.041 10.679 11.306 11.923 12.530 13.126 13.712 14.288 14.853 15.586 16.500 17.491 18.557 19.699 20.917 22.211 23.582 25.028 26.550
21.174 21.509 21.907 22.319 22.052 21.799 21.561 21.336 21.125 20.929 20.746 20.577 20.423 20.283 20.156 20.011 19.665 19.300 18.916 18.514 18.093 17.653 17.195 16.718 16.223 15.708 15.175 14.568 13.711 12.890 12.105 11.357 10.646 9.970 9.332 8.729 8.164 7.634 7.141 6.898 7.156 7.396 7.619 7.825 8.014 8.186 8.340 8.477 8.598 8.700 8.786 9.072 9.706 10.328 10.941 11.542 12.134 12.715 13.285 13.846 14.395 14.935 15.463 16.259 17.436 18.690 20.019 21.425 22.906 24.463 26.096 27.805 29.590
22.050 22.605 23.223 23.905 23.771 23.566 23.376 23.200 23.038 22.890 22.756 22.635 22.529 22.438 22.360 22.296 21.887 21.456 21.007 20.540 19.994 19.249 18.514 17.790 17.076 16.374 15.682 14.996 14.265 13.571 12.912 12.291 11.705 11.156 10.644 10.168 9.728 9.325 8.958 8.710 8.907 9.088 9.251 9.397 9.526 9.638 9.732 9.810 9.870 9.913 9.938 10.090 10.687 11.274 11.850 12.415 12.971 13.516 14.050 14.574 15.088 15.591 16.083 16.857 18.298 19.815 21.407 23.076 24.820 26.640 28.536 30.507 32.555
22.854 23.630 24.468 25.370 25.471 25.316 25.174 25.046 24.933 24.833 24.747 24.676 24.618 24.460 24.095 23.752 23.058 22.307 21.566 20.836 20.117 19.409 18.711 18.025 17.349 16.684 16.030 15.387 14.781 14.213 13.681 13.185 12.726 12.304 11.917 11.567 11.254 10.977 10.736 10.536 10.674 10.794 10.898 10.984 11.053 11.105 11.140 11.157 11.157 11.140 11.106 11.116 11.677 12.228 12.768 13.297 13.816 14.325 14.824 15.311 15.789 16.256 16.713 17.382 19.086 20.865 22.720 24.652 26.658 28.741 30.900 33.134 35.444
23.588 24.583 25.642 26.763 27.155 27.048 26.790 26.349 25.930 25.532 25.156 24.801 24.468 24.157 23.866 23.598 23.019 22.305 21.602 20.909 20.228 19.557 18.897 18.248 17.610 16.983 16.366 15.761 15.259 14.817 14.411 14.042 13.709 13.412 13.152 12.928 12.741 12.590 12.475 12.397 12.456 12.516 12.560 12.586 12.596 12.588 12.562 12.520 12.461 12.384 12.290 12.179 12.677 13.191 13.695 14.188 14.671 15.144 15.606 16.058 16.499 16.930 17.351 17.832 19.799 21.841 23.959 26.153 28.422 30.768 33.189 35.685 38.234
23.873 24.749 25.613 26.463 26.736 26.327 25.939 25.574 25.229 24.906 24.605 24.325 24.067 23.830 23.615 23.421 22.969 22.292 21.626 20.971 20.327 19.694 19.072 18.460 17.860 17.270 16.691 16.123 15.698 15.382 15.103 14.859 14.652 14.482 14.348 14.250 14.188 14.163 14.174 14.222 14.253 14.254 14.237 14.204 14.153 14.086 14.001 13.899 13.779 13.643 13.489 13.319 13.685 14.163 14.631 15.088 15.535 15.972 16.398 16.814 17.219 17.614 17.999 18.373 20.438 22.729 24.860 26.900 28.848 30.705 32.471 34.146 35.730
22.799 23.631 24.450 25.256 25.713 25.380 25.067 24.776 24.506 24.258 24.032 23.827 23.643 23.481 23.341 23.221 22.907 22.268 21.639 21.022 20.415 19.820 19.235 18.661 18.098 17.545 17.004 16.473 16.099 15.909 15.756 15.639 15.558 15.513 15.505 15.533 15.597 15.698 15.835 16.008 16.065 16.006 15.930 15.837 15.727 15.599 15.454 15.293 15.114 14.918 14.704 14.474 14.702 15.144 15.576 15.997 16.408 16.809 17.190 17.521 17.867 18.225 18.597 18.982 20.610 22.517 24.333 26.058 27.691 29.234 30.685 32.045 33.314
21.741 22.528 23.302 24.064 24.669 24.410 24.172 23.956 23.761 23.588 23.436 23.306 23.197 23.110 23.044 22.999 22.833 22.232 21.641 21.061 20.492 19.934 19.387 18.850 18.324 17.809 17.305 16.812 16.462 16.398 16.371 16.379 16.424 16.505 16.623 16.777 16.967 17.194 17.456 17.755 17.893 17.774 17.638 17.485 17.315 17.128 16.924 16.702 16.463 16.208 15.935 15.614 15.565 15.863 16.174 16.499 16.837 17.188 17.553 17.931 18.322 18.727 19.145 19.577 20.799 22.392 23.893 25.303 26.622 27.850 28.987 30.033 30.988
20.698 21.441 22.170 22.887 23.591 23.418 23.255 23.114 22.994 22.895 22.818 22.762 22.728 22.715 22.724 22.754 22.749 22.185 21.632 21.089 20.557 20.037 19.527 19.028 18.539 18.062 17.595 17.139 16.787 16.849 16.947 17.081 17.252 17.459 17.703 17.982 18.298 18.650 19.039 19.464 19.735 19.557 19.361 19.149 18.853 18.384 17.925 17.473 17.030 16.595 16.169 15.751 15.637 15.981 16.339 16.710 17.094 17.492 17.903 18.327 18.765 19.216 19.680 20.158 21.076 22.354 23.541 24.636 25.641 26.555 27.377 28.109 28.749
19.670 20.368 21.054 21.726 22.386 22.405 22.316 22.250 22.204 22.180 22.178 22.196 22.237 22.299 22.382 22.487 22.613 22.126 21.611 21.106 20.611 20.128 19.655 19.194 18.743 18.303 17.873 17.455 17.074 17.261 17.485 17.745 18.042 18.375 18.744 19.149 19.590 20.002 20.279 20.518 20.620 20.147 19.683 19.227 18.779 18.340 17.909 17.486 17.072 16.666 16.269 15.880 15.696 16.086 16.490 16.907 17.338 17.782 18.239 18.710 19.193 19.691 20.201 20.726 21.439 22.403 23.275 24.057 24.747 25.347 25.855 26.273 26.599
18.657 19.311 19.952 20.580 21.196 21.369 21.355 21.363 21.392 21.443 21.515 21.608 21.723 21.859 22.017 22.196 22.397 22.057 21.578 21.111 20.654 20.208 19.773 19.348 18.935 18.532 18.140 17.759 17.389 17.635 18.016 18.424 18.794 19.127 19.423 19.683 19.905 20.091 20.240 20.352 20.422 19.978 19.543 19.116 18.697 18.286 17.884 17.491 17.106 16.729 16.360 16.000 15.741 16.177 16.628 17.091 17.568 18.058 18.562 19.078 19.609 20.152 20.709 21.279 21.889 22.539 23.097 23.564 23.941 24.226 24.421 24.525 24.537
17.660 18.269 18.866 19.450 20.021 20.311 20.372 20.454 20.558 20.683 20.829 20.997 21.187 21.398 21.630 21.883 22.159 21.976 21.535 21.105 20.685 20.277 19.879 19.511 19.204 18.947 18.740 18.584 18.478 18.722 19.038 19.317 19.559 19.764 19.933 20.065 20.159 20.217 20.238 20.222 20.170 19.801 19.394 18.996 18.606 18.225 17.852 17.487 17.131 16.783 16.443 16.112 15.790 16.256 16.752 17.262 17.785 18.321 18.871 19.434 20.010 20.600 21.203 21.819 22.426 22.761 23.006 23.159 23.222 23.194 23.074 22.864 22.564
16.678 17.243 17.795 18.335 18.861 19.231 19.366 19.523 19.701 19.901 20.122 20.364 20.628 20.913 21.220 21.548 21.843 21.751 21.315 20.930 20.596 20.311 20.078 19.894 19.762 19.679 19.647 19.666 19.735 19.907 20.096 20.247 20.361 20.439 20.480 20.484 20.451 20.381 20.274 20.131 19.950 19.616 19.238 18.869 18.508 18.155 17.811 17.475 17.148 16.829 16.518 16.216 15.922 16.320 16.863 17.419 17.988 18.571 19.166 19.776 20.398 21.034 21.683 22.346 23.022 23.071 23.001 22.841 22.590 22.248 21.816 21.292 20.678
15.711 16.232 16.740 17.235 17.717 18.128 18.338 18.570 18.822 19.050 19.273 19.510 19.762 20.029 20.311 20.607 20.917 21.032 20.771 20.561 20.401 20.291 20.232 20.224 20.266 20.358 20.501 20.694 20.937 21.130 21.190 21.214 21.201 21.151 21.064 20.940 20.779 20.582 20.348 20.077 19.769 19.422 19.074 18.733 18.401 18.077 17.762 17.455 17.157 16.867 16.585 16.311 16.046 16.372 16.960 17.562 18.178 18.807 19.449 20.104 20.773 21.455 22.150 22.859 23.581 23.467 23.084 22.610 22.046 21.391 20.645 19.808 18.880
14.759 15.235 15.670 16.073 16.454 16.803 17.018 17.248 17.493 17.752 18.026 18.314 18.617 18.935 19.268 19.615 19.977 20.260 20.174 20.138 20.153 20.218 20.334 20.500 20.716 20.983 21.300 21.668 22.086 22.389 22.322 22.218 22.077 21.899 21.685 21.434 21.145 20.820 20.459 20.060 19.625 19.221 18.901 18.589 18.286 17.991 17.705 17.427 17.157 16.896 16.643 16.398 16.162 16.410 17.045 17.693 18.354 19.029 19.717 20.419 21.134 21.862 22.603 23.358 24.126 23.950 23.253 22.466 21.589 20.602 19.613 18.640 17.683
13.662 14.033 14.380 14.705 15.006 15.285 15.552 15.833 16.128 16.439 16.764 17.103 17.458 17.827 18.210 18.608 19.021 19.435 19.524 19.663 19.852 20.092 20.382 20.723 21.114 21.555 22.046 22.588 23.181 23.686 23.491 23.259 22.991 22.685 22.343 21.964 21.549 21.096 20.607 20.081 19.518 19.011 18.720 18.437 18.163 17.897 17.639 17.390 17.149 16.917 16.693 16.477 16.270 16.434 17.115 17.810 18.518 19.239 19.973 20.720 21.481 22.256 22.889 23.437 23.935 23.593 22.594 21.612 20.646 19.696 18.762 17.845 16.943
12.558 12.849 13.117 13.363 13.585 13.784 14.071 14.403 14.750 15.111 15.487 15.878 16.283 16.703 17.138 17.588 18.052 18.530 18.821 19.135 19.499 19.913 20.378 20.892 21.458 22.073 22.739 23.455 24.222 25.018 24.696 24.337 23.941 23.508 23.039 22.532 21.989 21.410 20.793 20.140 19.449 18.793 18.531 18.277 18.032 17.795 17.566 17.345 17.133 16.930 16.734 16.548 16.369 16.446 17.173 17.938 18.663 19.339 19.965 20.541 21.067 21.543 21.969 22.345 22.671 22.450 21.507 20.580 19.670 18.776 17.898 17.036 16.190
11.480 11.692 11.881 12.047 12.190 12.311 12.576 12.959 13.357 13.769 14.196 14.638 15.095 15.566 16.052 16.552 17.067 17.597 18.066 18.554 19.092 19.681 20.320 21.009 21.748 22.538 23.378 24.268 25.209 26.200 25.938 25.451 24.928 24.368 23.771 23.137 22.467 21.760 21.016 20.235 19.418 18.567 18.334 18.109 17.892 17.684 17.484 17.292 17.189 17.109 17.042 16.987 16.945 17.014 17.667 18.271 18.824 19.328 19.781 20.185 20.539 20.843 21.098 21.302 21.457 21.292 20.405 19.534 18.680 17.841 17.019 16.212 15.422
10.429 10.562 10.671 10.758 10.822 10.863 11.066 11.500 11.949 12.413 12.891 13.384 13.892 14.414 14.951 15.502 16.068 16.649 17.258 17.920 18.633 19.396 20.209 21.072 21.985 22.949 23.963 25.028 26.142 27.307 27.217 26.603 25.952 25.265 24.541 23.780 22.982 22.148 21.277 20.369 19.424 18.508 18.279 18.167 18.068 17.981 17.907 17.845 17.796 17.760 17.736 17.724 17.726 17.739 18.220 18.652 19.033 19.365 19.647 19.879 20.061 20.193 20.276 20.308 20.291 20.121 19.290 18.474 17.675 16.892 16.126 15.375 14.640
9.404 9.457 9.488 9.496 9.481 9.443 9.542 10.028 10.528 11.042 11.572 12.115 12.674 13.247 13.835 14.437 15.054 15.686 16.398 17.234 18.121 19.057 20.045 21.082 22.170 23.307 24.495 25.734 27.022 28.361 28.532 27.791 27.013 26.198 25.098 24.045 23.046 22.101 21.211 20.375 19.593 18.866 18.613 18.545 18.489 18.445 18.414 18.396 18.390 18.397 18.416 18.448 18.493 18.550 18.821 19.081 19.291 19.451 19.561 19.621 19.631 19.592 19.503 19.364 19.175 18.936 18.160 17.401 16.657 15.930 15.218 14.523 13.844
8.405 8.380 8.331 8.260 8.166 8.049 8.004 8.541 9.092 9.657 10.237 10.832 11.442 12.066 12.705 13.358 14.026 14.709 15.484 16.495 17.556 18.666 19.828 21.039 22.300 23.612 24.963 26.024 27.047 28.032 28.096 27.013 25.985 25.010 24.090 23.225 22.413 21.656 20.952 20.304 19.709 19.168 18.935 18.909 18.897 18.896 18.909 18.934 18.971 19.021 19.084 19.159 19.246 19.347 19.471 19.559 19.597 19.585 19.523 19.412 19.251 19.040 18.779 18.468 18.108 17.698 17.017 16.313 15.625 14.953 14.297 13.657 13.034
