DATA/RAW-RASTER/ECMWF/20170628/EN-10/20170708.en-10.asc
ncols			31
nrows			16
xllcorner		69.5
yllcorner		19.5
cellsize		1.0
NODATA_value	-99999
0.04578 0.52643 1.28174 1.99890 0.00000 0.00000 0.06104 0.01526 0.06104 0.03052 0.00000 0.00000 0.00000 0.04578 0.34332 0.33569 0.78583 0.77057 1.28174 1.00708 2.12860 4.11987 6.47736 3.96729 8.11005 8.67462 19.18030 20.59937 22.16339 22.20154 18.73016
0.00763 0.45013 0.14496 0.80109 1.64795 0.07629 0.03052 0.09155 0.03052 0.00763 0.00000 0.00000 0.03052 0.32043 0.52643 0.38910 0.31281 0.17548 0.79346 1.74713 2.09808 6.29425 9.60541 10.81085 10.00977 9.35364 10.41412 12.57324 17.05933 8.68225 4.99725
1.02234 0.45013 0.09918 0.10681 0.63324 0.93079 0.92316 0.01526 0.06104 0.00000 0.19073 0.62561 0.94604 0.41199 0.39673 0.22125 0.11444 0.25177 0.24414 0.09918 1.38855 2.84576 4.91333 7.84302 9.73511 15.54108 13.25989 19.21082 20.03479 14.93073 3.21960
0.32043 0.30518 0.11444 0.21362 0.06104 0.93842 1.38092 4.68445 0.67902 3.73840 2.20490 3.93677 3.08990 4.56238 3.79181 4.85992 3.55530 1.89209 1.81580 1.00708 1.52588 3.12042 7.09534 8.86536 10.30731 6.02722 8.01849 5.76019 9.23157 8.31604 3.81470
0.08392 0.16022 0.06866 0.03815 0.58746 0.85449 1.05286 4.47083 2.88391 6.30951 19.93561 17.20428 14.26697 16.58630 16.80756 10.24628 4.63867 6.82068 4.61578 4.28009 8.61359 8.61359 12.65717 8.49915 10.03265 4.87518 4.35638 10.88715 10.38361 2.23541 5.21088
0.72479 0.41962 0.32806 1.34277 0.47302 1.59454 1.42670 3.12805 31.69250 46.08917 25.99335 25.26855 15.60974 9.01031 4.01306 6.62994 7.07245 1.60980 1.17493 5.84412 6.85883 12.61139 11.74927 6.93512 7.97272 16.31165 14.56451 5.58472 3.64685 3.62396 9.40704
0.00000 2.60925 0.28229 1.93787 3.69263 1.00708 2.11334 2.73895 31.59332 175.03357 57.81555 76.25580 43.92242 7.96509 2.04468 5.57709 6.00433 3.08228 4.48608 5.33295 4.28009 5.36346 10.74219 9.51385 17.66968 68.65692 42.54150 17.30347 2.41089 2.03705 5.73730
0.00000 0.00000 0.03052 1.41144 6.84357 5.39398 3.89099 2.57111 9.16290 71.22803 19.32526 42.32025 47.95837 9.76562 78.46832 5.96619 2.86102 1.87683 7.32422 8.24738 7.53021 9.57489 5.00488 25.00916 45.16602 57.10602 65.28473 10.88715 21.94977 5.31769 2.39563
0.00000 0.00000 0.00000 1.96075 4.86755 14.03809 21.72852 20.28656 8.63647 11.22284 12.47406 47.59979 26.53503 9.02557 20.53833 6.69098 3.44849 8.99506 18.31055 25.45929 39.71863 78.09448 52.30713 60.51636 25.94757 34.02710 29.41895 45.15076 35.46143 10.56671 0.90027
0.01526 0.00763 0.14496 0.00763 0.71716 4.57001 8.69751 29.09851 20.77484 40.08484 40.62653 15.96069 14.99939 19.92035 20.37048 12.49695 18.22662 10.58960 18.02063 18.29529 13.54218 6.47736 23.35358 8.68988 10.20050 18.71490 25.18463 26.04675 50.17090 14.29749 2.39563
0.22125 0.61798 0.56458 0.28229 0.33569 0.35858 7.36237 7.52258 7.94983 25.42877 3.13568 3.31879 7.49207 13.40485 16.29639 17.74597 7.70569 5.88989 35.32410 20.73669 10.02502 11.88660 38.49792 16.39557 10.29205 15.62500 6.11877 30.36499 53.18451 15.62500 18.90564
1.36566 0.56458 1.83868 3.96729 1.59454 1.65558 1.21307 5.53131 12.06970 15.51056 9.75800 13.88550 14.30511 22.94922 28.06091 31.08215 24.88708 9.24683 8.15582 32.44781 19.95087 10.08606 3.93677 13.04626 2.37274 13.23700 7.83539 20.19501 30.36499 13.44299 20.91217
1.17493 1.47247 0.77057 1.47247 1.43433 1.38855 3.13568 4.79126 14.91547 5.20325 6.01959 1.40381 11.19995 4.59290 14.11438 17.43317 13.38196 14.88495 26.00098 20.14160 26.64185 16.08276 5.75256 4.46320 10.55145 5.11169 2.74658 20.95795 15.33508 3.84521 9.46045
1.20544 1.22070 0.12970 1.77002 1.88446 1.01471 0.26703 0.99182 1.62506 5.22614 6.40869 9.19342 16.73889 14.74762 23.94104 9.31549 12.93182 15.87677 10.10132 21.43860 3.21198 22.57538 7.56073 8.91113 5.31006 0.45013 0.47302 2.67029 7.70569 2.73132 6.20270
2.12097 1.48773 0.94604 3.19672 2.44141 1.29700 0.63324 1.53351 1.32751 4.01306 14.63318 9.15527 10.45227 13.64899 9.47571 9.95636 19.46259 18.18848 9.99451 8.16345 6.60706 6.57654 14.90021 6.55365 0.64087 0.32043 1.66321 0.43488 2.24304 23.75031 21.67511
1.38855 2.77710 3.66974 8.85773 0.41199 0.55695 1.12152 0.85449 0.30518 1.43433 6.21796 10.81848 3.33405 14.18304 2.89917 6.69861 10.13184 3.24249 5.32532 3.01361 4.01306 4.34113 8.12531 7.74384 5.83649 2.23541 4.30298 0.64087 9.95636 14.51874 15.31219
