DATA/RAW-RASTER/ECMWF/20170628/EN-10/20170712.en-10.asc
ncols			31
nrows			16
xllcorner		69.5
yllcorner		19.5
cellsize		1.0
NODATA_value	-99999
4.69208 7.16400 10.40649 8.81958 1.29700 1.51062 0.06104 0.00000 0.13733 0.04578 0.00000 0.00000 0.00000 0.00763 0.03052 0.10681 0.03815 0.09918 0.03815 0.03815 0.05341 0.00000 0.02289 0.03052 0.00000 0.00000 0.00000 0.00000 0.15259 0.19073 1.11389
2.20490 8.84247 7.40814 24.78027 18.95142 5.08118 0.16022 0.13733 0.07629 0.15259 0.00000 0.00000 0.08392 0.00763 0.06104 0.01526 0.06104 0.10681 0.09918 0.10681 0.05341 0.05341 0.00763 0.05341 0.20599 0.23651 0.44250 0.09155 0.10681 1.42670 1.67847
4.28009 8.61359 17.38739 3.63922 13.44299 11.16180 8.65173 0.18311 0.16022 0.00763 0.01526 0.00000 0.00000 0.00000 0.00000 0.00000 0.12207 0.21362 0.06866 0.00000 0.00763 0.00763 0.15259 0.31281 0.22888 0.28229 0.89264 0.46539 0.55695 2.47955 1.44958
8.04901 13.93890 9.36127 32.09686 14.06097 6.14166 45.86029 65.76538 0.26703 0.09155 0.12207 0.12207 0.25177 0.05341 0.02289 0.03052 1.08337 0.77057 0.05341 0.03815 0.00763 0.00000 0.01526 0.19073 0.13733 1.09100 0.52643 2.96021 1.67084 3.33405 6.96564
3.95966 15.79285 32.90558 6.66809 9.71985 15.77759 7.73621 1.99127 10.40649 3.70026 0.49591 0.19836 0.80109 2.36511 1.11389 1.31226 0.77820 0.14496 0.29755 0.30518 1.12152 0.90790 1.25885 1.31226 0.96130 5.08118 2.02942 2.15912 0.54169 2.14386 3.47900
3.46375 14.18304 10.94055 9.04083 6.35529 3.81470 2.80762 7.97272 9.07898 5.43976 6.11877 9.63593 13.60321 0.48828 1.12152 0.96893 1.81580 1.20544 0.14496 0.51880 0.24414 1.80817 0.37384 1.31989 0.34332 0.41199 1.37329 5.08118 3.68500 3.08228 3.96729
5.37872 4.37927 19.62280 19.77539 13.32092 3.54767 3.57819 8.59070 1.34277 1.42670 2.86865 2.21252 2.76184 12.65717 5.66101 0.14496 0.12970 0.05341 0.13733 0.26703 0.00763 0.42725 0.74005 2.29645 7.01141 20.68329 15.74707 9.56726 8.97217 8.13293 28.00751
21.80481 9.22394 4.24194 13.72528 16.67786 9.17053 11.22284 7.20215 2.33459 3.44849 21.36993 29.31213 9.64355 2.97546 2.22778 2.73132 6.12640 0.54932 0.12207 0.00000 1.28937 1.63269 0.19836 14.54163 16.70074 19.85168 44.15131 20.25604 17.60864 16.42609 5.75256
19.94324 31.34918 12.74872 43.86902 20.45441 15.85388 25.53558 18.73779 7.52258 25.26855 23.18573 24.55902 17.16614 18.11218 8.84247 1.53351 4.13513 2.38037 18.64624 4.11987 0.70953 2.60162 3.48663 10.39886 16.33453 32.15790 49.94202 34.98840 15.88440 13.42010 6.98090
26.92413 38.66577 10.13947 34.89685 62.71362 17.66205 28.25928 14.78577 3.73077 13.87787 19.38629 18.13507 13.74817 20.85114 19.85168 8.18634 4.23431 13.26752 27.75574 17.57812 19.38629 4.15039 24.33777 12.14600 14.03809 23.20862 31.97479 29.58679 14.77051 24.71924 17.21954
21.04187 15.94543 22.42279 61.05042 39.21509 11.72638 11.28387 88.02795 31.75354 29.92249 15.32745 16.34979 10.13184 5.71442 2.63214 2.09808 0.54169 1.24359 9.83429 6.17981 6.37054 4.29535 1.73187 9.60541 13.26752 18.01300 25.89417 28.06091 11.43646 8.33893 13.00812
9.59778 25.29144 21.94214 12.09259 12.78687 7.83539 6.35529 21.61407 28.90778 19.36340 20.59174 21.41571 11.07025 1.16730 4.92096 1.89972 1.88446 1.61743 0.96130 0.73242 5.89752 15.97595 14.15253 6.27899 13.60321 8.46100 17.23480 7.53021 27.04620 20.34760 17.63916
21.72089 14.12201 9.26971 10.81085 3.45612 3.79181 3.60107 7.65228 13.69476 15.08331 12.55035 6.10352 7.73621 2.20490 1.32751 1.64032 0.81635 0.95367 2.21252 4.29535 3.30353 9.87244 20.13397 9.29260 8.14056 14.06097 8.48389 23.01025 14.52637 3.74603 7.94983
22.56012 6.76727 1.36566 9.44519 3.21960 6.07300 2.15149 1.68610 1.37329 12.04681 24.44458 21.09528 11.81793 4.35638 2.47955 0.82397 3.41797 2.31934 3.17383 9.66644 9.43756 17.40265 20.82825 8.20923 6.83594 21.89636 10.81085 19.35577 1.98364 5.45502 5.96619
31.42548 8.76617 12.28333 7.56836 0.82397 0.73242 0.28229 0.83160 9.73511 10.86426 10.96344 14.19067 8.02612 8.99506 2.34222 6.99615 0.84686 3.11279 3.01361 4.57001 7.26318 15.22064 22.45331 10.29205 16.58630 8.11768 2.25830 10.97870 8.68988 10.62012 4.48608
11.47461 16.15906 30.15137 26.97754 1.19019 1.23596 0.93842 1.61743 7.77435 11.71875 19.82117 22.20917 7.64465 8.45337 9.52911 4.76074 10.75745 4.79889 2.51770 5.31006 9.24683 8.49152 9.01031 10.92529 10.29205 14.94598 5.72205 13.45062 18.25714 11.08551 31.54755
