DATA/RAW-RASTER/ECMWF/20170628/EN-10/20170628.en-10.asc
ncols			31
nrows			16
xllcorner		69.5
yllcorner		19.5
cellsize		1.0
NODATA_value	-99999
2.16293 4.64439 11.95145 14.42528 14.18686 9.89723 8.01277 5.88989 1.75476 0.19073 0.62752 2.19154 4.47655 5.18036 5.24712 12.47978 6.51932 14.01138 7.81441 10.41222 9.50813 13.80730 8.48770 1.76239 1.83678 0.00000 0.17548 0.13351 0.91743 1.65176 7.65038
2.52533 8.36563 26.36909 24.50562 18.65768 16.75224 8.94928 2.70271 4.69971 1.66321 2.16103 1.23215 4.16183 8.35800 13.27133 3.99017 3.68118 4.49753 7.65800 15.33127 17.09557 17.07458 8.94928 5.83076 3.13377 1.49727 1.59836 1.10435 0.11444 0.55122 0.93269
13.06152 38.26904 25.88272 9.99451 13.19313 14.65797 8.16154 13.12256 5.25475 1.40953 0.58746 0.42725 1.85204 1.71852 3.17001 7.77054 5.74112 6.37817 5.46646 5.96428 7.43675 20.03098 6.99234 2.52342 0.00000 0.09918 1.36375 1.16158 1.08910 0.42725 1.07765
27.32277 16.92390 15.29884 9.23157 11.87134 24.14513 14.25934 26.32904 9.26208 1.00708 0.92697 1.35612 0.53406 5.88799 5.73349 4.55666 4.20761 6.72722 2.59590 1.42288 6.49071 14.67514 17.98630 10.61249 0.40627 0.00000 0.31662 0.51308 1.08147 1.90544 2.86484
7.88689 16.11900 27.16064 10.91003 23.08464 16.59584 23.56720 23.92197 21.95930 11.06453 0.76485 1.64223 1.76239 1.93024 1.47438 2.14577 1.60789 1.13869 2.00844 1.27029 9.90105 7.78008 9.23347 5.02014 0.51117 1.18446 0.89264 0.75912 0.80872 2.38228 4.57764
6.48880 52.65427 2.19727 12.85934 13.71002 14.73236 40.43388 69.42368 24.03641 8.47626 39.39819 1.49727 0.77820 1.06430 0.79918 3.13759 3.44658 3.20625 3.83186 3.76701 2.06757 9.66072 6.62613 6.13976 2.45476 9.48334 1.34277 0.75340 4.09317 8.62503 5.84030
17.40074 5.88799 11.65581 3.38936 12.89749 15.80811 40.61890 45.93277 26.71814 6.42586 3.70407 20.24460 4.83131 2.90298 7.21359 3.87383 1.59836 1.21117 4.44221 7.82776 4.98009 4.61769 11.29723 4.29535 6.98662 9.91058 8.25500 2.06757 2.51007 6.10733 4.46701
14.43672 44.76357 29.79469 17.47704 3.50189 5.02968 12.40349 64.74876 22.61543 13.50212 5.58281 1.84250 1.55067 23.22388 15.13672 7.19643 20.98083 0.77057 3.01170 3.74413 0.74768 11.96861 2.48528 36.60583 20.38193 30.06554 18.02444 7.32422 32.79686 9.71222 7.45773
5.86510 8.06618 3.95966 2.89917 24.93668 7.92503 13.30185 48.42377 13.37433 2.68555 2.77710 1.16158 0.60844 1.72234 2.76756 1.39809 2.81334 6.55746 7.57217 9.83620 5.78880 19.68002 9.63402 11.32965 13.65089 11.07216 18.79120 44.75594 62.67357 23.19145 5.94521
2.97546 2.76947 3.82423 7.42722 22.55058 8.17871 14.13155 9.66454 24.91951 9.56917 3.80898 0.21362 2.13051 0.39482 2.02179 1.53542 1.38664 5.66864 8.42094 7.82585 10.60867 10.35881 10.99396 15.44571 11.43646 5.69916 44.36684 29.11377 27.63748 8.80623 11.49178
0.64278 2.45476 2.32697 5.62286 4.80080 6.12831 2.01607 5.84412 25.21896 5.64194 1.02806 0.75722 0.84496 0.23651 0.15450 0.80299 2.73514 0.57793 2.54631 1.74141 1.84822 12.94518 18.35632 13.26561 11.03783 21.18683 52.00577 26.86501 34.60121 22.86911 11.51085
0.69618 1.64604 0.87357 18.39638 2.33650 1.40762 0.59700 4.60052 2.00462 14.48631 7.21741 1.75476 2.85149 2.99263 1.39236 1.44958 3.58009 7.30705 2.29836 11.86562 7.04575 10.83946 7.13348 4.41742 9.52148 29.84810 12.52365 13.21411 50.00687 12.49695 5.90324
9.06944 4.19426 1.54877 3.19672 12.75826 0.88882 1.94740 0.61989 0.81062 13.70811 30.63583 12.98714 4.53186 2.78282 6.54030 8.66890 5.31960 6.03485 5.10979 9.02748 5.82314 3.81279 8.20160 20.44106 18.72635 7.03049 12.04300 15.97214 73.17352 16.68930 18.51273
11.62148 8.68034 1.52588 3.02887 1.05095 0.64278 2.20490 0.76866 0.32234 8.46672 16.82281 25.30289 6.00052 18.73207 1.77956 10.91385 7.72476 9.69887 5.59425 5.22041 2.05612 4.86374 7.87735 33.51402 37.59003 2.44713 2.10953 22.72224 28.35083 22.02034 16.71982
13.43346 8.39806 5.55038 8.86917 5.06401 5.79453 0.52834 1.85585 4.20952 5.14221 11.03783 5.66483 12.26997 17.99965 12.50267 5.41687 11.89423 6.26564 19.20128 5.37491 6.07109 5.08308 9.55582 19.47594 45.85648 1.22643 9.27162 9.65309 5.25665 19.15359 14.68086
46.16356 53.61938 17.47894 97.63527 3.38745 2.33650 2.57111 7.96318 5.15366 14.67133 20.71190 26.36909 16.26587 26.47781 14.96696 19.43207 40.62080 8.67844 46.43440 4.73404 4.75121 4.18854 20.39719 17.98630 22.61543 2.45476 3.43513 2.29836 4.59099 5.12123 15.32364
