DATA/RAW-RASTER/ECMWF/20170628/EN-10/20170710.en-10.asc
ncols			31
nrows			16
xllcorner		69.5
yllcorner		19.5
cellsize		1.0
NODATA_value	-99999
0.06104 2.06757 3.02124 1.54877 0.00000 0.00000 0.00000 0.00000 0.03052 0.00000 0.00000 0.00000 0.06104 0.01526 0.02289 0.04578 0.25940 0.03052 0.03052 0.12970 0.15259 0.00000 0.00000 0.00000 0.00000 0.73242 1.89972 1.39618 2.89917 0.92316 0.66376
0.05341 1.09863 2.25067 4.13513 4.10461 0.19836 0.00000 0.00000 0.00000 0.03052 0.00000 0.00000 0.00000 0.00000 0.00000 0.00000 0.01526 0.00763 0.03815 0.00763 0.00000 0.00000 0.00763 0.01526 0.01526 0.16022 0.41199 0.68665 1.05286 0.49591 1.26648
1.35803 5.77545 1.25122 1.49536 4.46320 8.54492 1.96075 0.00000 0.00000 0.00000 0.00000 0.00000 0.00000 0.00000 0.00000 0.00000 0.00000 0.00000 0.00000 0.00000 0.00000 0.00000 0.00000 0.00000 0.00000 0.09918 0.05341 0.59509 0.63324 0.55695 1.01471
7.40814 1.57928 2.80762 1.69373 6.80542 2.86102 7.17926 0.54932 0.00763 0.15259 0.01526 0.00000 0.00000 0.00000 0.00000 0.00000 0.00000 0.00000 0.00000 0.00000 0.00000 0.00000 0.00000 0.22888 0.03052 0.22125 1.22833 0.53406 1.83105 0.83160 1.40381
7.30133 5.98145 3.99780 3.37219 1.12915 0.83923 0.04578 2.37274 0.37384 0.00000 0.01526 0.00000 0.11444 0.68665 1.19019 0.13733 0.00000 0.00000 0.00000 0.00000 0.00000 0.00000 0.01526 0.07629 0.20599 2.51007 4.11224 4.79889 1.46484 0.83160 0.43488
12.40540 4.39453 5.37109 1.22833 3.73077 0.61798 0.29755 1.64032 0.79346 12.12311 17.10510 2.97546 1.70135 0.03052 0.25177 0.22888 0.51880 4.63867 0.38147 0.17548 0.28229 0.03052 0.25177 1.22070 3.04413 3.70026 3.03650 8.46100 0.95367 1.00708 2.84576
1.13678 5.59998 3.15857 1.60217 7.53784 3.75366 0.40436 3.07465 3.00598 3.60107 7.30133 20.14923 16.23535 8.17108 0.85449 0.48828 0.48065 4.19617 6.50787 1.80054 1.12915 3.09753 7.96509 9.36127 17.07458 12.30621 5.35583 2.31171 1.01471 3.33405 10.77271
2.89917 0.25940 6.46973 5.16510 8.89587 13.15308 5.01251 4.11224 9.24683 9.68170 10.17761 6.71387 3.39508 33.47015 56.96106 46.03577 31.39496 9.03320 20.54596 14.80865 11.65009 10.58197 12.03918 19.43970 23.95630 35.85052 19.27948 11.85608 10.87952 12.86316 18.80646
0.22125 1.19781 7.25555 6.72913 7.31659 13.67188 8.17108 9.36127 11.82556 7.29370 9.30023 16.38794 9.14001 14.19830 15.87677 17.04407 15.01465 17.01355 53.22266 121.90247 84.13696 39.14642 31.28052 111.50360 30.63202 10.69641 12.68005 14.19067 25.68054 19.10400 11.61194
0.03052 0.03815 0.36621 1.07574 7.06482 4.23431 15.85388 6.25610 18.15796 4.08173 10.97107 10.62775 21.82770 11.93237 10.39886 17.37976 41.39709 33.15735 34.52301 37.78839 27.61078 20.97321 30.62439 20.37048 10.26154 13.37433 13.77869 15.76233 9.71222 13.51929 4.53186
1.25122 0.97656 0.45013 0.36621 6.69861 3.54004 21.82007 4.60052 8.23212 8.81958 12.42065 13.90839 9.59778 20.98846 31.39496 17.86041 42.92297 26.44348 27.92358 18.08167 11.77216 24.76501 22.59064 3.42560 1.18256 5.70679 7.23267 2.54059 1.64795 1.51062 3.80707
0.68665 2.94495 2.32697 2.94495 6.24084 0.74005 2.39563 15.81573 14.59503 3.57056 10.92529 13.80920 14.91547 14.16779 23.35358 17.69257 9.02557 13.21411 15.58685 3.73840 4.28009 6.37817 3.17383 3.48663 7.50732 17.97485 7.84302 3.66974 13.43536 13.74054 11.97052
1.27411 2.04468 44.15894 15.26642 114.84528 2.25067 1.70898 12.02393 3.39508 8.09479 8.46863 7.38525 6.56891 15.07568 50.62866 20.28656 11.04736 7.75146 3.97491 3.10516 2.76947 2.15912 5.41687 4.79126 6.38580 21.09528 11.03973 25.16174 15.84625 9.20105 4.11224
1.75476 1.31989 5.70679 52.58942 4.63104 1.75476 0.48065 4.89044 1.08337 1.78528 2.63977 3.02887 23.88763 36.23199 11.86371 6.83594 6.11877 2.68555 6.61469 4.79126 7.12585 8.20160 14.93835 9.90295 24.47510 26.96991 15.72418 5.24139 2.26593 12.97760 6.23322
3.35693 2.58636 2.73132 10.00214 2.96021 3.04413 3.05176 1.15967 13.56506 12.04681 7.03430 2.20490 5.46265 5.67627 11.63483 7.20215 1.70898 2.82288 1.64795 1.51825 0.99182 3.10516 3.26538 31.11267 22.18628 22.84241 6.51550 8.23212 3.64685 7.08771 1.48010
2.94495 3.72314 11.14655 12.85553 1.28174 2.40326 2.45667 3.07465 2.12097 5.31006 1.64032 1.64032 4.85992 12.18414 3.75366 10.69641 6.84357 1.76239 1.37329 1.46484 1.43433 2.33459 8.30841 21.13342 52.49786 26.88599 17.10510 17.80701 10.26154 3.32642 4.95911
