DATA/RAW-RASTER/ECMWF/20170628/EN-10/20170709.en-10.asc
ncols			31
nrows			16
xllcorner		69.5
yllcorner		19.5
cellsize		1.0
NODATA_value	-99999
2.63977 0.80109 1.41907 1.38855 0.02289 0.00000 0.00763 0.00000 0.07629 0.00000 0.00000 0.00000 0.00000 0.00000 0.00000 0.00000 0.00000 0.00000 0.00000 0.00000 0.00000 0.17548 0.01526 0.57983 0.46539 1.26648 1.18256 1.35040 0.38910 2.58636 7.37000
0.31281 0.25177 1.18256 1.54877 3.76892 0.07629 0.00000 0.00000 0.00000 0.00000 0.00000 0.00000 0.00000 0.00000 0.00000 0.00000 0.00000 0.00000 0.00000 0.02289 0.01526 0.03815 0.23651 0.13733 0.06104 0.38910 0.86975 0.71716 1.23596 2.53296 5.44739
2.99835 0.39673 0.09155 1.07574 6.07300 2.78473 1.57928 0.00000 0.00000 0.00000 0.00000 0.00000 0.00000 0.00000 0.00000 0.00000 0.00000 0.00000 0.00000 0.00000 0.13733 0.00000 0.02289 0.03052 0.06104 0.08392 0.26703 0.45013 2.25830 5.14984 19.84406
1.68610 0.19836 0.79346 3.80707 3.05176 1.19781 13.70239 0.92316 0.00000 0.27466 0.50354 0.30518 0.09155 0.28992 0.01526 0.00000 0.10681 1.03760 1.09863 0.25940 0.03052 0.00000 0.18311 0.11444 0.00000 0.00763 0.97656 1.82343 2.24304 5.63812 17.56287
1.80817 0.57983 1.19781 5.16510 2.90680 7.42340 6.65283 2.12097 5.16510 13.26752 6.98853 3.92914 3.24249 2.87628 1.57166 0.77820 1.12915 5.09644 2.81525 1.35040 2.91443 1.70135 0.64850 1.26648 0.37384 0.72479 2.44141 6.14929 6.82068 8.59833 16.29639
1.01471 0.27466 1.82343 2.12097 11.26099 4.52423 3.73840 17.73071 97.19849 11.32202 8.39233 17.76123 5.27191 7.89642 1.68610 1.31226 1.15204 3.54767 5.80597 3.26538 6.82068 4.29535 1.48773 2.02179 3.43323 2.86865 4.89807 4.22668 11.00159 11.19995 12.98523
0.00000 0.01526 0.64850 1.17493 19.86694 7.70569 11.56616 11.71875 16.73126 3.33405 19.28711 139.15253 10.13947 6.62231 10.20813 9.36890 5.35583 7.74384 9.98688 8.43811 9.97162 2.83051 12.95471 5.29480 7.73621 21.70563 25.04730 13.06915 22.52197 13.69476 11.73401
0.00000 0.00000 0.21362 1.87683 4.85229 14.83154 18.68439 9.24683 2.53296 4.17328 3.82996 9.01794 17.39502 4.81415 6.25610 16.72363 17.11273 18.61572 12.74109 16.42609 15.60974 16.07513 19.05060 18.13507 28.12195 75.82092 51.29242 37.17041 22.76611 5.91278 9.81140
0.00000 0.00000 0.13733 0.81635 2.24304 3.42560 10.22339 8.85773 3.20435 8.68225 11.39069 4.69971 10.33783 12.50458 9.79614 11.48224 5.31006 6.28662 81.00891 33.40149 56.25916 53.23029 54.88586 42.08374 51.17035 38.51318 9.77325 13.96179 15.12909 13.95416 11.23047
0.00763 0.28229 0.16785 0.68665 1.10626 4.47845 6.32477 13.16071 17.34924 16.54053 7.43866 4.02069 3.91388 16.87622 12.00104 9.76562 21.85822 8.53729 13.07678 15.64789 9.57489 20.95032 35.01129 19.45496 11.72638 9.00269 12.48169 23.46802 28.22876 23.04077 6.11877
0.71716 1.20544 1.47247 0.85449 0.39673 3.07465 12.41302 12.04681 2.12860 2.12860 1.54877 1.26648 6.19507 14.61029 17.61627 14.90021 23.78082 11.56616 9.29260 11.53564 9.78851 20.88165 41.67938 5.59998 2.34985 4.81415 14.52637 23.19336 27.04620 18.47839 5.81360
1.27411 0.73242 2.07520 3.13568 2.56348 2.43378 0.70190 1.12152 3.62396 3.51715 1.12915 1.96838 1.89209 23.52905 8.81195 18.30292 5.42450 9.46045 8.46100 3.76892 14.80103 17.02881 3.57056 1.27411 2.03705 11.20758 15.55634 21.41571 16.47949 5.63812 12.34436
0.92316 1.88446 0.52643 1.98364 7.01904 4.62341 0.26703 1.16730 1.73950 0.68665 3.74603 1.41144 10.55145 9.46808 5.51605 9.23920 10.96344 5.76782 13.49640 9.54437 8.53729 19.46259 2.63977 3.12805 5.59235 12.72583 6.07300 11.39832 16.96777 7.78198 14.08386
2.33459 2.38037 0.21362 2.18964 2.22778 1.07574 0.68665 0.80109 0.81635 2.94495 6.09589 6.23322 26.58844 20.37048 41.22162 13.51166 13.65662 11.81793 9.01031 11.09314 2.00653 8.12531 1.73950 9.69696 3.57819 5.53894 7.56836 11.25336 21.47675 15.41138 12.71057
3.14331 2.44141 1.98364 3.66974 3.58582 0.24414 0.19836 0.32806 0.09918 0.74768 0.94604 9.99451 28.52631 15.47241 18.80646 17.04407 15.51056 10.36072 5.75256 5.40161 2.09045 2.81525 3.99017 6.64520 1.31989 0.87738 0.93842 9.03320 10.79559 16.47186 6.43921
1.25885 1.94550 5.10406 9.87244 0.54169 0.18311 0.19836 0.38147 0.35858 0.25940 2.37274 10.58960 33.37097 5.85175 16.65497 6.76727 9.52148 5.53894 1.84631 0.98419 2.11334 1.20544 1.88446 3.99780 6.75201 4.00543 12.90131 9.78851 13.93127 9.07898 6.85120
