DATA/RAW-RASTER/ECMWF/20170628/EN-10/20170630.en-10.asc
ncols			31
nrows			16
xllcorner		69.5
yllcorner		19.5
cellsize		1.0
NODATA_value	-99999
0.14496 0.86212 3.89862 1.24741 2.56729 4.73022 1.92261 1.75476 2.90298 2.05231 3.11852 3.61061 6.75964 10.15472 9.59206 8.05473 5.81360 5.11169 5.55801 7.29179 8.04138 7.80296 7.98416 14.24980 12.69531 15.59258 10.22339 5.18227 5.77927 3.87955 0.80490
0.00000 0.08202 3.03459 1.59836 5.53322 2.78664 2.37274 5.19943 4.60052 3.65448 3.94249 4.82559 6.57463 4.88281 2.84386 1.67465 2.40517 1.18828 0.62180 0.43678 1.01280 1.10626 3.86810 11.64436 9.69315 10.58960 11.14273 3.19862 6.11496 3.24440 3.19481
0.95177 1.53160 0.52261 1.15204 0.52452 2.36702 9.50241 17.45605 11.70921 9.48906 3.27301 2.96211 1.50871 0.88882 0.04005 0.62180 0.97847 0.01335 0.39101 0.37766 0.65231 0.71907 0.39864 2.14195 3.08800 7.39288 4.49371 4.00352 0.97847 1.20926 1.75476
2.87819 0.90790 0.33379 0.02861 0.00954 0.45013 11.83128 59.75533 32.38678 3.53432 2.96783 1.06812 1.70326 1.10626 0.20981 0.65994 0.00000 0.13161 0.20981 0.10872 0.16212 1.36948 0.57030 0.71144 0.75722 0.06866 4.84276 9.52148 1.79672 2.02942 1.44386
0.10872 2.04086 1.25122 0.00000 0.32425 2.90298 11.56425 15.08331 17.71736 5.63431 0.25940 0.58937 0.20599 0.56839 0.41389 0.00191 0.00000 0.00954 0.19264 0.76103 3.79181 1.72234 1.81198 0.04005 0.03815 0.51308 0.40054 1.27029 6.83784 3.51143 1.46675
0.55313 0.62180 0.11444 0.47874 1.14632 3.15666 21.52824 18.55850 22.57538 33.64182 10.19287 0.90981 0.49591 0.01335 0.01907 0.00000 0.00000 0.06294 0.84877 5.05638 20.87402 6.73676 2.30217 1.88828 2.85912 2.08092 6.43539 2.30598 3.05557 2.84767 5.69344
0.06485 0.57220 0.66185 0.93269 3.35121 8.21114 7.75719 9.62257 21.83342 13.21602 1.97029 2.76566 1.46294 0.19264 0.07439 1.34468 0.71335 0.47112 0.41580 0.70763 7.61986 5.21851 3.61252 4.32587 6.18935 84.08356 19.07921 14.56642 11.03592 2.40326 1.52397
0.01907 0.00191 1.49155 2.20299 2.91634 4.87518 12.35962 21.84677 12.88605 5.61333 4.62151 5.77164 1.95503 3.63922 4.41170 5.34248 8.54874 0.98228 2.16103 11.63864 13.45825 37.51183 18.23425 58.70819 87.57401 193.83812 90.89470 46.18454 18.77022 10.20813 4.15421
0.65041 1.22070 3.48473 1.42479 1.17874 0.47302 0.75722 1.29509 0.90790 0.59509 0.44060 1.59645 2.88773 2.45285 3.14713 8.62694 3.80325 14.78958 49.93057 51.89514 271.32034 161.35406 144.72198 40.36522 32.43256 32.15408 43.13278 99.01047 237.54311 74.15009 20.72334
1.06239 14.08005 1.79291 1.78909 0.69046 1.19972 0.63896 0.08965 0.56267 1.27983 0.45967 1.75285 1.99509 2.08473 3.23486 3.27492 9.96208 11.14845 12.71057 33.43773 11.21330 17.95959 29.79088 19.95850 28.11241 20.96367 29.46091 22.70699 59.12209 37.00829 27.30942
8.06046 3.16048 5.47218 4.36783 1.35040 0.74577 0.38910 0.39673 0.68665 0.88692 0.52643 5.37491 2.78664 3.34549 3.52287 9.94301 23.97537 18.51654 7.24983 26.25847 12.77924 15.48958 49.57008 10.13947 12.11929 24.26910 22.83478 25.36201 72.61848 22.85576 19.08875
27.70424 5.92422 3.98064 4.33922 2.79808 2.85149 0.43869 0.12970 0.39864 0.64659 0.47112 5.44930 37.57858 6.64902 7.51877 8.07953 17.26151 7.73621 17.85660 16.00838 8.67653 7.44057 2.12860 4.62532 13.23700 9.28116 2.67601 20.74432 14.77432 41.06140 20.32280
4.29344 2.58255 0.84305 2.25639 1.48964 1.61934 2.00462 1.56593 0.16022 0.15450 6.27518 33.87833 25.05112 38.48457 9.01222 13.85689 20.57076 33.58269 18.92662 13.05389 14.78386 10.33974 2.75421 5.65910 26.96419 1.60027 0.67520 8.59642 12.84409 17.57050 18.64052
1.52588 1.26266 0.58556 3.62206 1.89018 0.36240 0.81635 3.61824 3.29590 3.89862 7.83157 7.73430 27.94838 62.79373 30.58624 20.65659 35.08186 17.04216 17.94815 27.97127 19.88602 21.74568 6.80542 19.77921 9.16481 0.54169 1.08910 8.53157 41.38565 12.50839 12.66861
9.00269 7.17545 4.29153 14.53781 3.23105 1.88255 3.87764 8.03947 2.81334 5.02396 13.52692 27.59552 33.39195 50.76790 57.77550 21.21735 15.72418 3.99208 10.20622 17.17758 15.24734 15.53345 38.60283 33.67615 2.11716 3.17383 2.57492 0.70190 3.30162 19.18411 15.59639
5.82504 9.50813 14.79340 15.19966 1.97983 1.35612 2.43950 14.80103 10.27679 12.49123 16.45470 25.32005 44.29436 68.35747 32.14264 32.59087 25.29526 19.66858 18.16368 12.20703 17.69066 15.54108 26.43776 29.31595 33.06580 8.45337 7.74574 4.51851 2.38609 1.42670 5.21469
