DATA/RAW-RASTER/ECMWF/20170628/EN-10/20170702.en-10.asc
ncols			31
nrows			16
xllcorner		69.5
yllcorner		19.5
cellsize		1.0
NODATA_value	-99999
0.04196 4.98199 10.22339 1.86920 3.82996 0.32425 0.95749 0.01526 0.08392 0.04196 0.13733 0.27084 3.48282 1.91879 0.33569 0.69046 1.70898 0.35095 0.45776 0.23651 0.61035 0.93460 0.24033 0.12589 0.24033 0.13733 0.23270 0.46539 1.38092 3.10135 8.48770
0.04578 0.81635 6.78635 2.67792 3.56293 0.75912 0.02289 0.25177 0.09155 0.00000 0.00763 0.07629 0.57220 2.51007 0.07629 2.04849 4.44031 0.62561 0.22125 0.30899 0.33569 1.43814 1.75476 2.59781 2.81525 3.52097 2.63596 3.77655 7.57217 17.47131 15.09094
0.48065 6.84738 8.09479 7.64084 4.34113 1.64032 1.77765 0.00000 0.06104 0.03815 0.00000 0.14496 0.32806 0.69427 0.15259 0.59891 4.56238 0.20981 1.70135 1.57547 8.59070 7.57217 12.18033 14.50348 20.07294 10.39124 6.75201 8.56781 11.38687 13.09204 11.56235
4.73404 17.47131 9.91058 12.40921 0.43488 1.17493 0.74005 1.53351 0.22507 0.00000 0.00000 0.00000 0.09155 0.82016 1.14059 0.56458 0.65994 1.04904 2.35748 0.63324 4.22668 8.61359 13.97324 10.40268 8.30841 7.72858 13.38959 11.21521 12.18796 17.18140 16.35361
1.22070 0.00381 0.15640 3.33405 0.83160 0.63705 0.09918 0.73242 2.96021 0.02289 0.00763 0.01526 0.41580 0.70190 2.55203 1.23978 0.93842 1.27029 2.12097 5.66101 5.83267 14.38141 11.90948 8.59451 7.93457 13.34381 12.55417 21.62552 14.42719 11.67679 13.96561
0.60654 0.01144 0.04578 0.12207 1.52969 0.12589 0.94604 2.97165 2.21634 5.15366 5.40543 3.43323 0.75912 0.80109 1.43433 2.20490 5.43213 2.86102 6.03867 13.05771 12.66861 14.94980 9.47189 12.31766 10.36072 15.70129 5.62668 2.95639 11.02829 23.75412 14.14108
0.08011 0.04578 0.00000 0.92316 1.76239 1.36566 0.55695 0.14496 0.13733 3.97491 2.73895 19.12308 9.89914 2.49100 8.57544 1.81580 1.69373 2.25449 2.52914 1.31226 8.77380 10.82230 20.30563 11.40976 21.18683 46.88263 37.13608 11.16180 2.51770 6.80923 7.54166
0.00000 0.00000 0.00000 0.02670 0.61798 4.72641 0.53406 0.60654 0.06485 1.94931 14.06479 9.89532 2.28500 19.32526 20.91980 25.54703 13.74054 1.18256 21.50726 11.16562 8.36182 10.04410 4.13895 27.64893 45.86792 49.68643 79.12445 33.06961 42.75131 4.39453 4.85229
0.00000 0.00000 0.02289 0.18311 0.86594 1.74713 0.38528 0.35095 0.02289 1.59454 7.12585 7.76291 19.86313 15.93399 10.67734 8.15582 7.03812 53.67661 41.21399 29.76227 62.51526 71.51794 45.41016 39.98947 20.20264 10.23102 31.75354 29.47235 39.44778 4.00925 1.66702
0.00000 0.02670 1.01089 2.25067 1.07574 2.70081 2.40326 1.81198 0.98419 0.20981 8.30078 33.98132 22.07565 9.58252 7.96127 6.75964 6.83594 4.39453 6.98471 8.04138 9.12094 5.35202 17.31873 18.90945 11.95908 15.55252 56.66733 113.36899 130.11932 16.27731 2.51770
0.00763 0.39291 2.65884 5.27954 4.91714 2.78854 5.92041 2.31552 7.41959 5.00488 4.77982 29.43039 16.16287 16.30020 13.47351 9.73892 2.73895 5.27573 5.42831 3.89862 5.40924 8.45337 37.88757 12.85553 7.25555 18.30292 11.66916 22.78900 74.50485 42.44995 18.52798
0.18692 2.13242 11.42502 12.17270 2.65121 0.69809 1.22452 5.23376 6.05774 9.59778 8.82721 42.53769 23.71216 89.80942 14.39667 13.66043 6.73294 10.50949 4.07028 3.08990 4.47845 6.90079 1.58310 4.35257 7.70569 3.40271 7.43484 32.52411 14.57214 29.57535 23.25821
1.40762 6.31714 21.05713 8.50296 4.84467 9.09424 5.14984 1.94168 4.53186 12.58469 12.84409 36.44562 45.49026 36.70883 37.08649 6.33621 10.88333 4.98962 2.93732 2.55585 4.69971 6.71005 9.26971 13.03101 12.40921 3.90625 6.34003 12.20322 20.09964 18.28766 20.30945
3.45993 5.98145 11.18851 22.37320 17.13181 8.96835 5.56946 3.94058 3.69644 6.50406 14.54163 40.92407 108.96301 73.92883 27.01187 12.37488 8.08716 1.36948 2.24304 2.69318 6.51932 10.23865 18.37921 25.86365 8.65936 10.61630 4.87900 8.13675 8.90732 19.32907 19.63806
8.90350 13.64899 9.23157 30.67017 10.78033 3.65067 3.45612 5.26428 6.62613 4.52423 6.32095 15.38086 16.83807 43.54858 141.67023 22.24350 3.12424 0.98038 2.97165 4.21143 5.18799 6.49643 17.09366 29.05273 6.53076 9.84573 8.75854 7.62177 4.03595 7.02286 13.16071
4.97818 17.41409 37.19330 63.54904 3.17001 10.37216 3.15857 15.17487 11.77216 7.99942 7.88116 8.10623 6.16837 9.23157 14.41574 1.27029 0.83923 3.32642 4.89807 2.56729 3.30353 4.19617 8.58307 15.11765 57.90710 7.87735 11.50894 11.77216 10.50186 8.67844 6.58035
