DATA/RAW-RASTER/ECMWF/20170628/EN-10/20170707.en-10.asc
ncols			31
nrows			16
xllcorner		69.5
yllcorner		19.5
cellsize		1.0
NODATA_value	-99999
0.28992 0.53406 1.23596 0.85449 0.33569 0.50354 0.67139 2.12097 1.80817 1.21307 2.54822 2.98309 3.67737 9.54437 6.24084 8.94928 10.14709 14.51111 8.00323 7.33948 7.82013 15.70129 12.41302 7.00378 4.27246 2.49481 1.86157 0.37384 0.64850 0.18311 0.01526
0.17548 0.89264 0.54932 0.79346 1.64795 1.71661 1.91498 1.99890 4.21143 0.51117 0.67902 2.26593 4.57764 3.21198 6.98853 16.39557 12.96234 8.07190 7.75146 4.58527 6.56128 5.99670 3.45612 3.57056 5.40161 6.89697 3.89862 1.81580 2.63977 0.60272 1.19781
1.36566 2.37274 0.51880 0.35095 0.97656 0.92316 0.64850 0.91553 1.03760 0.03815 1.40381 2.16675 1.96838 3.30353 9.68933 12.36725 12.60376 10.28442 8.12531 3.80707 3.28064 9.37653 6.30188 4.50134 5.92804 3.03650 5.29480 3.08990 1.12915 0.74768 0.43488
2.49481 0.75531 0.03052 1.38092 2.82288 3.28064 5.88989 9.97925 1.29700 0.19073 1.15204 2.84576 5.17273 7.75909 8.49915 11.03973 17.68494 16.34979 6.09589 3.95966 6.80542 9.39178 15.73944 5.37109 2.92206 1.61743 9.70459 5.95093 5.86700 4.43268 0.80109
3.20435 0.57220 0.67139 1.71661 2.99072 4.79126 4.70734 12.69531 9.35364 6.93512 10.10132 17.01355 8.32367 1.54114 1.55640 2.83051 5.72205 14.67896 8.23975 13.89313 12.16888 6.56891 10.33020 8.25500 6.28662 3.66974 4.08173 4.04358 15.88440 11.16943 12.69531
5.05829 0.92316 0.49591 3.50952 1.40381 13.45062 2.15912 4.63867 18.79883 26.84784 51.90277 18.24951 17.70782 3.33405 13.29041 5.22614 2.31171 1.78528 3.34167 3.46375 4.98962 5.82123 7.78198 10.94818 10.49805 12.91656 8.85010 0.62561 12.17651 17.57812 9.13239
0.25177 4.75311 3.13568 6.91223 6.10352 3.86047 5.97382 1.28937 11.04736 39.39056 25.98572 20.95032 29.26636 17.78412 6.18744 6.09589 6.32477 1.52588 2.38037 7.49969 10.85663 8.66699 7.22504 11.47461 17.08221 56.56433 16.74652 8.72040 2.12860 13.25226 7.27844
0.05341 0.45776 0.90790 6.97327 10.89478 11.42120 13.81683 2.53296 7.86591 27.07672 32.26471 25.44403 9.29260 54.34418 27.83203 45.38727 23.11707 13.92365 7.55310 6.05011 11.10077 19.88983 11.24573 25.56610 17.35687 12.55798 17.67731 11.99341 16.20483 5.63812 8.74329
0.00000 0.01526 1.34277 0.37384 4.18091 6.51550 9.22394 5.75256 12.30621 22.15576 29.73175 15.60211 13.90839 17.52472 18.15796 15.89966 16.76941 72.09778 53.51257 50.21667 78.47595 80.56641 89.78271 15.63263 15.63263 18.95905 26.70288 10.81848 8.46100 11.43646 9.97162
0.02289 0.16022 0.03052 0.12207 1.10626 6.60706 23.94867 15.16724 17.89856 9.31549 34.75952 4.40216 2.15149 3.14331 12.78687 5.26428 14.50348 27.10724 12.85553 16.38794 17.92145 10.03265 10.91766 19.17267 8.42285 27.82440 31.90613 43.94531 52.33765 7.30133 9.21631
0.17548 0.42725 0.60272 0.35095 0.60272 19.41681 31.31104 26.43585 49.58344 77.32391 4.51660 1.19019 1.41144 1.74713 4.55475 7.39288 6.95801 17.61627 3.31879 8.15582 21.42334 20.26367 57.44171 17.51709 4.05884 26.71814 22.59827 25.20752 16.19720 19.77539 5.72968
0.42725 0.19836 0.61798 2.45667 0.68665 3.63159 3.56293 25.79498 10.03265 30.48706 9.49097 1.77765 1.41907 4.29535 5.05829 2.86865 1.83868 8.60596 7.72858 9.28497 6.17981 14.28986 26.17645 5.76019 17.45605 15.09094 14.93073 20.51544 6.23322 5.91278 8.12531
0.74768 1.04523 0.58746 1.51825 1.98364 3.18146 12.54272 7.30133 9.65881 7.46918 15.58685 3.26538 7.39288 1.86157 3.37219 1.94550 4.50897 5.45502 5.46265 8.44574 31.34155 38.68866 8.59833 10.29968 36.29303 7.22504 1.41907 12.40540 2.83813 1.76239 2.63214
0.77820 0.86975 0.10681 2.03705 1.09100 1.39618 2.69318 15.27405 12.08496 15.60211 6.03485 3.71552 0.86212 1.30463 3.40271 1.43433 6.20270 1.64795 9.62830 18.25714 15.03754 29.88434 12.25281 14.73999 7.49969 0.13733 0.80109 9.88007 6.91223 5.34058 1.38092
2.60162 1.13678 1.33514 3.17383 1.74713 1.29700 3.10516 7.43103 3.35693 13.91602 8.07190 1.36566 2.99835 1.37329 1.93024 5.37109 8.70514 12.65717 6.19507 23.30780 29.14429 15.31982 17.53235 19.99664 2.69318 2.02179 3.10516 5.84412 5.88989 4.82178 5.24902
1.80054 4.34875 2.67792 7.81250 0.45013 3.13568 4.40979 8.82721 4.53949 1.88446 8.55255 1.41907 1.36566 0.19836 3.35693 6.75964 1.19781 2.02942 6.53076 14.47296 17.60864 11.48987 12.84790 6.52313 7.77435 0.37384 5.39398 2.92206 5.93567 4.51660 4.50897
