DATA/RAW-RASTER/ECMWF/20170628/EN-10/20170703.en-10.asc
ncols			31
nrows			16
xllcorner		69.5
yllcorner		19.5
cellsize		1.0
NODATA_value	-99999
1.70517 5.73730 3.70407 3.12424 5.41687 1.80435 2.62070 0.11063 0.01907 0.01144 0.00381 0.01907 0.01907 0.57602 0.95367 0.28229 1.18256 1.24741 1.42288 1.48010 0.88882 0.53024 0.57602 0.49591 0.84686 0.72861 0.67902 0.57220 0.42343 0.43106 1.65176
3.42178 5.96619 5.26047 2.64740 5.20706 1.19781 0.35095 0.08392 0.02289 0.01144 0.01144 0.00000 0.13351 0.25940 1.31226 0.64468 1.24359 1.92261 1.17493 0.24033 0.30136 0.40436 0.84305 0.25558 0.06866 0.06104 0.09918 0.39291 0.70953 0.95367 4.91714
4.34113 7.56073 5.24902 6.40106 10.29587 3.22342 4.42886 0.00763 0.03052 0.02670 0.00000 0.00381 0.00000 0.01526 0.23270 0.07629 1.78909 1.89972 1.26266 0.64087 0.02670 0.08392 0.01144 0.06866 0.04578 0.12207 0.09155 0.13733 0.66376 1.00708 2.95258
7.41196 20.82443 21.75140 4.71115 7.16019 5.74112 5.06973 7.61795 0.17166 0.00000 0.01144 0.00000 0.00381 1.72043 2.46048 1.89972 1.35040 3.54385 0.78583 0.04959 0.04959 0.41199 0.69427 0.31281 0.42343 0.39673 1.51443 0.88120 1.20163 2.21252 1.91116
0.98419 4.79889 4.36783 5.72586 8.04138 3.39127 1.91879 7.37762 16.48331 0.24033 0.01144 0.00763 1.64413 3.13568 8.49533 4.38309 0.55695 0.48828 1.88065 0.06485 0.11826 1.37711 1.58310 0.81253 2.41470 1.65176 2.88773 3.36838 3.52478 4.76456 4.11224
8.23593 0.00381 0.63324 0.83542 7.65991 2.45667 3.47137 1.91498 0.97656 22.48383 17.25006 1.82724 3.44467 2.87247 1.03760 21.04568 9.37653 3.04794 1.14822 0.13733 0.06485 5.84793 6.32095 9.62830 9.06372 12.54272 6.45447 8.12149 12.85172 9.34219 14.26697
0.12970 0.12207 0.82397 0.12970 4.36783 3.02505 1.86157 1.39236 7.40051 11.67297 9.38416 8.07953 26.95084 8.41522 0.70953 13.68713 9.65118 16.50620 10.62393 0.82397 2.05612 10.91385 12.93945 11.51657 24.02496 42.13333 35.76279 9.03320 9.04465 17.00592 15.89584
0.00000 0.00000 0.00000 0.01907 0.82397 7.60269 3.07083 3.44467 4.23431 12.89368 25.73013 13.19122 3.12042 4.39453 8.42667 6.13403 10.57816 14.02664 3.25012 6.98090 8.80814 10.81085 12.48550 28.80096 24.62006 44.43359 49.31641 8.50677 22.48383 14.77432 17.74216
0.00381 0.00000 0.25940 0.73624 2.47955 7.75528 2.36130 1.74332 0.99945 8.81195 19.50073 10.68878 7.94601 2.10571 1.20926 1.14822 6.08826 8.63266 26.56937 123.05832 103.55759 65.31525 38.12790 57.40738 28.55682 6.51932 8.62885 12.34818 29.02222 12.35962 17.71164
0.00000 0.00763 0.01526 0.75531 1.83868 9.87625 8.17490 4.40598 0.76294 1.87302 28.75900 20.61462 17.79938 10.16617 4.21906 3.19290 2.37274 4.42886 9.46808 16.87622 13.67950 10.64682 35.92682 14.49203 11.64627 10.84900 39.00528 61.83624 62.57629 6.44302 16.73889
0.12970 0.04196 0.21362 0.59509 2.27356 2.56348 7.54929 8.17871 3.66211 3.41797 15.88440 45.67337 23.99063 7.56836 7.36618 3.72314 11.23047 1.36566 6.46210 7.51114 4.09317 12.60757 40.72952 30.24673 6.52695 5.05829 9.44519 22.60971 33.26797 8.32748 15.08713
0.22125 0.17548 0.62180 5.63049 4.57001 3.43323 12.49313 9.33456 8.15201 9.56345 7.68661 34.25980 28.27835 9.05228 4.14276 1.76239 9.14001 6.34003 5.16510 4.99725 5.74875 8.75092 5.66101 11.30676 9.91440 2.68173 9.61685 24.67728 13.39340 23.25439 17.30347
0.87738 1.36185 1.64795 1.60217 6.86264 7.00378 8.38852 28.17154 7.27844 25.92468 6.37054 16.65878 26.18027 34.85107 8.01468 1.42288 0.68665 0.90790 0.84686 1.50299 7.76291 20.11490 11.41739 15.81573 6.13403 1.15204 4.83322 14.68277 45.34149 37.35733 34.90067
1.19781 2.53296 3.00598 2.78854 4.20380 2.98691 22.13287 151.75629 22.97592 6.75201 18.89038 22.38464 26.21841 91.11786 12.82501 8.89969 1.05286 0.55695 2.81525 5.67627 12.35962 21.40427 14.34708 24.14322 2.15912 0.86212 5.22614 20.67184 41.09573 43.79272 33.41675
7.77817 7.35474 6.24466 12.48169 5.35583 4.84848 8.91495 14.78958 8.97217 22.71652 6.32095 9.65118 9.85718 3.06320 3.15475 3.00217 0.44250 1.96457 6.17981 16.63971 10.76889 10.33783 23.32687 17.42172 4.12750 0.04959 2.90298 15.08331 20.99609 29.75082 25.65765
4.41360 4.48227 17.61627 16.37650 1.02234 2.32315 3.17764 3.48663 6.21414 1.49918 1.94931 4.54712 3.31879 1.09100 4.44794 3.98254 1.42288 7.39670 15.56778 7.27081 5.24521 5.72968 10.79559 13.62228 37.63580 1.92642 6.50787 9.05609 8.91876 14.91928 12.52365
