DATA/RAW-RASTER/ECMWF/20170628/EN-10/20170705.en-10.asc
ncols			31
nrows			16
xllcorner		69.5
yllcorner		19.5
cellsize		1.0
NODATA_value	-99999
5.82123 4.23431 4.24194 1.05286 10.48279 2.31934 3.39508 4.66156 0.61798 0.01526 0.07629 0.32806 0.89264 0.80109 1.90735 2.86865 4.81415 2.25067 1.72424 7.95746 1.77765 2.25830 3.66211 1.38855 2.91443 0.94604 0.24414 0.00000 0.00000 0.00000 0.00000
1.02234 2.51770 20.90454 16.44135 4.41742 3.59344 3.15857 0.07629 0.03815 0.00000 0.00000 0.00000 1.09863 0.30518 2.14386 3.63922 2.23541 4.03595 1.34277 1.61743 2.36511 4.31824 3.95966 2.42615 9.17053 14.05334 16.17432 16.25061 8.17108 2.72369 0.22125
3.27301 16.20483 11.58905 9.97925 12.87842 3.36456 10.32257 0.36621 0.09155 0.01526 0.01526 0.00000 0.02289 0.30518 0.31281 1.67084 3.19672 12.85553 4.73785 5.31769 6.70624 10.02502 11.06262 15.27405 10.04028 10.37598 12.07733 5.90515 6.75964 4.11987 1.93024
8.22449 12.22229 9.33075 19.33289 13.69476 3.97491 4.71497 21.54541 0.13733 0.03815 0.00000 0.03052 0.02289 2.89917 0.57983 2.35748 8.80432 13.12256 7.96509 5.43213 2.15149 9.84955 8.18634 8.39233 2.59399 3.30353 5.14984 1.65558 2.98309 1.09100 0.89264
4.00543 0.04578 0.00000 2.66266 14.40430 12.93182 2.00653 2.60925 7.36237 0.12970 0.03052 2.15149 6.62994 4.64630 2.55585 7.54547 10.10895 18.37158 21.13342 8.66699 10.88715 3.29590 1.75476 1.20544 0.66376 0.73242 1.70135 1.04523 0.71716 0.77820 0.27466
1.48773 0.00000 0.00000 0.00000 0.42725 3.63159 3.57819 12.95471 4.33350 27.24457 57.16705 21.20209 12.93945 6.84357 7.40051 3.94440 7.31659 6.16455 6.64520 2.31934 0.69427 0.23651 0.46539 1.17493 5.74493 7.84302 7.50732 1.99127 1.25885 0.98419 0.07629
0.00000 0.00000 0.00000 0.00000 0.03052 1.78528 5.69916 6.34766 11.68823 8.37708 20.04242 50.75836 26.23749 13.20648 3.90625 6.59943 5.98907 8.43811 1.69373 0.94604 0.72479 0.61798 1.54114 4.85229 13.53455 42.21344 14.76288 12.45880 3.12042 8.34656 7.88116
0.00000 0.00000 0.00000 0.00000 0.00000 0.58746 5.39398 4.18854 9.89532 11.07788 14.00757 14.99176 5.44739 12.14600 22.02606 23.35358 15.24353 1.95312 0.82397 3.47137 7.11823 18.50891 7.59125 5.24902 16.23535 17.08221 42.22107 17.61627 22.59827 14.70947 2.89154
0.00000 0.00000 0.00000 0.00000 0.03815 0.62561 4.05884 4.69971 14.23645 23.65875 17.33398 16.41083 8.47626 9.39178 9.12476 10.95581 12.30621 10.65063 13.17596 7.27844 3.82996 12.41302 18.56232 12.01630 5.53894 7.12585 29.83856 32.52411 49.82758 16.89911 2.73132
0.00000 0.00000 0.02289 0.00000 0.05341 3.52478 4.88281 6.75964 56.41937 14.96887 8.81958 19.55414 21.40808 16.14380 20.17975 19.36340 18.56232 15.93781 22.70508 31.28815 18.67676 33.98132 164.97803 60.61554 24.97101 18.67676 91.02631 77.88849 62.49237 32.95898 7.22504
0.07629 0.19836 0.28229 0.15259 0.00000 1.71661 16.14380 31.71539 67.63458 89.77509 10.86426 15.38849 11.00922 18.47076 18.15033 13.46588 4.85229 10.13947 21.76666 16.96014 27.70233 33.93555 55.61066 30.86853 10.13184 14.01520 12.32147 27.98462 111.77063 34.18732 13.65662
0.17548 0.22888 0.93079 2.05231 0.22125 21.84296 17.60864 35.88104 58.84552 107.83386 17.64679 15.83862 16.18195 17.52472 6.98090 15.86914 11.35254 6.24847 20.23315 21.55304 21.56067 26.10016 6.11877 5.58472 10.39124 8.73566 24.73450 16.40320 26.34430 27.54211 10.74982
0.38910 1.24359 0.43488 3.45612 12.00867 12.26044 22.14050 18.62335 19.56940 74.09668 25.77209 7.94220 22.78900 65.31525 10.68878 9.85718 7.45392 16.06750 20.49255 30.28870 41.61835 31.47888 8.68225 9.53674 9.68170 4.59290 8.97980 27.07672 23.94867 24.19281 8.53729
1.44958 1.71661 2.44904 4.02069 7.59125 7.20215 14.54163 8.87299 10.87952 10.64301 6.59943 10.67352 51.42212 19.90509 1.39618 2.89154 5.03540 16.11328 17.59338 34.56879 23.26202 27.21405 9.99451 22.99500 0.44250 0.35095 2.69318 5.66864 8.37708 13.09967 8.01086
5.02014 1.60980 3.74603 7.40814 8.93402 5.84412 9.37653 8.85773 10.29205 7.15637 2.77710 4.31824 1.24359 4.15039 7.01904 2.80762 4.13513 6.62231 9.87244 18.45551 17.80701 16.21246 20.69855 9.71985 0.43488 0.71716 1.93787 1.21307 1.09100 3.67737 2.72369
5.50842 3.73840 14.48059 18.50891 2.14386 4.42505 11.09314 3.70026 7.60651 3.55530 1.07574 2.15912 1.26648 2.09808 2.39563 2.46429 2.15149 9.29260 9.75800 10.40649 16.12091 16.28113 18.44788 13.88550 12.56561 3.48663 3.20435 2.58636 1.23596 1.19781 1.18256
