DATA/RAW-RASTER/ECMWF/20170628/EN-10/20170711.en-10.asc
ncols			31
nrows			16
xllcorner		69.5
yllcorner		19.5
cellsize		1.0
NODATA_value	-99999
9.30023 4.60815 12.33673 5.86700 0.09918 0.01526 0.03052 0.00000 0.06104 0.01526 0.00000 0.00000 0.00000 0.00000 0.00000 0.00000 0.00000 0.00000 0.04578 0.51117 1.00708 0.64850 0.42725 2.08282 1.19781 1.44958 1.87683 1.44196 1.94550 0.67902 1.63269
0.92316 4.23431 15.82336 8.99506 7.17926 3.31879 0.00000 0.01526 0.00000 0.00000 0.00763 0.00000 0.00000 0.03052 0.68665 0.19073 0.10681 0.18311 0.28229 0.25177 0.36621 1.19781 1.01471 0.34332 1.34277 1.28174 1.80054 0.67139 1.12915 0.44250 0.49591
2.15149 8.95691 11.48224 5.55420 12.18414 5.18799 2.85339 0.00000 0.08392 0.00763 0.09155 0.00000 0.00000 0.00000 0.00000 0.00763 0.25940 0.05341 0.36621 0.08392 0.06866 0.01526 0.61035 2.18201 0.45776 0.30518 1.77002 0.47302 0.55695 0.29755 0.47302
1.38092 2.73895 11.36017 5.27191 19.64569 10.89478 19.23370 1.90735 0.09155 0.03052 0.00000 0.00000 0.00000 0.00763 0.00763 0.03815 0.28992 0.40436 0.19073 0.04578 0.00000 0.02289 0.29755 0.08392 0.07629 0.22125 0.12207 0.00000 0.00000 0.06866 0.06104
5.79071 5.74493 7.39288 1.30463 6.11877 8.39233 10.95581 8.85010 6.85883 0.46539 0.00000 0.00000 0.00000 0.00000 0.04578 0.00000 0.07629 0.07629 0.00000 0.00000 0.00000 0.08392 0.09155 0.03052 0.70190 1.11389 0.03815 0.24414 0.35095 0.60272 0.74005
7.33948 4.68445 14.31274 0.46539 3.36456 7.77435 18.34869 9.15527 12.44354 28.11432 17.03644 3.11279 5.07355 0.11444 0.16022 0.61035 0.90027 0.39673 0.31281 0.11444 0.07629 0.01526 1.03760 1.16730 0.87738 0.96893 1.51062 2.06757 0.80109 1.26648 0.51117
0.83923 1.32751 3.35693 0.86975 2.79999 13.42773 14.93835 8.81958 6.69861 17.12799 15.62500 7.45392 16.92200 7.11823 2.57874 0.43488 0.18311 0.30518 0.10681 0.28229 1.80054 4.39453 8.11768 5.59998 4.13513 5.05066 16.43372 6.55365 1.80054 2.59399 3.76892
4.38690 5.75256 3.65448 13.33618 2.89154 6.27136 15.46478 10.30731 13.67950 1.12152 4.23431 5.59235 13.64136 37.30011 21.20209 11.25336 22.44568 3.22723 3.41797 3.57819 7.61414 10.93292 10.91003 12.17651 10.23865 31.81458 33.14972 21.37756 14.93073 16.84570 7.59888
4.38690 18.30292 36.91101 11.20758 7.85828 16.44897 9.61304 10.52856 16.74652 17.17377 13.00049 27.96173 24.21570 23.39935 20.30945 22.42279 17.44080 20.67566 27.72522 55.42755 19.87457 18.95905 13.64136 11.54327 9.01794 25.40588 27.73285 24.87183 13.44299 14.52637 12.53510
1.21307 5.23376 2.67792 5.87463 14.91547 8.23975 13.54218 17.50946 25.53558 28.20587 16.60156 23.04840 33.47778 19.34814 20.04242 23.78082 23.37646 13.80920 9.23920 11.42120 7.75146 12.36725 8.85773 9.55200 11.03973 35.79712 19.50073 37.58240 11.30676 36.63635 49.00360
0.00763 0.07629 0.23651 15.63263 3.62396 6.24847 9.31549 21.03424 50.44556 22.60590 14.64081 13.58795 18.26477 30.34973 15.73181 9.48334 10.12421 14.06097 7.04193 8.26263 10.44464 11.68060 44.83032 20.30182 11.09314 15.04517 14.22882 24.13940 4.53949 9.42993 15.22064
0.19073 0.23651 4.39453 11.33728 3.51715 1.93024 4.29535 16.34979 40.10773 18.34869 14.97650 26.44348 17.81464 12.78687 6.70624 4.52423 1.41144 2.30408 1.60217 9.24683 4.57001 30.12848 11.77979 8.39996 13.84735 11.54327 14.77814 23.36884 9.62067 16.48712 27.06146
0.56458 2.12860 63.01117 12.50458 7.98798 2.89917 8.88062 3.66211 29.10614 12.46643 18.66913 20.28656 6.69861 21.65985 6.98090 14.28986 2.33459 2.54822 1.02997 10.70404 9.33838 10.08606 14.08386 13.64136 7.04193 14.59503 11.06262 4.24194 13.29803 15.42664 3.81470
1.09863 1.15967 0.86975 6.18744 6.69098 2.51007 1.19781 6.05011 19.82117 28.17535 41.84723 40.96985 31.46362 10.59723 23.02551 10.14709 1.41144 1.80054 5.85175 7.40814 3.29590 13.74817 31.31104 34.59930 2.50244 12.31384 4.89807 9.47571 5.75256 8.61359 4.76074
4.46320 1.23596 7.04956 11.02448 6.79779 4.22668 1.85394 0.99182 0.91553 13.84735 11.07788 25.25330 3.87573 8.40759 12.68768 14.61792 2.45667 3.72314 1.77002 1.17493 4.63104 6.71387 10.13947 20.75958 39.57367 35.27832 6.59180 15.67841 8.23212 4.62341 4.76837
3.65448 4.36401 14.38141 30.05219 2.86865 19.52362 2.67792 0.91553 0.56458 5.71442 13.41248 8.70514 14.86206 9.94873 15.73181 11.46698 9.38416 3.21198 1.72424 2.54822 3.31879 6.48499 13.14545 11.64246 42.87720 25.25330 8.27026 6.08826 9.39941 3.28064 7.97272
