DATA/RAW-RASTER/ECMWF/20170628/EN-10/20170629.en-10.asc
ncols			31
nrows			16
xllcorner		69.5
yllcorner		19.5
cellsize		1.0
NODATA_value	-99999
0.84305 5.38826 3.71933 10.49995 13.90457 10.65636 11.24001 19.38629 21.47675 9.67407 8.76617 13.42773 7.94792 3.15857 4.84848 4.50134 4.45175 5.11551 5.32341 1.89590 3.27492 2.68173 2.61688 0.48637 1.19209 0.54741 1.06812 0.16975 0.06676 0.00000 0.59700
0.20218 0.77248 2.92969 11.44791 6.93703 18.15796 37.27722 49.79897 30.63202 14.51492 6.22940 3.75748 4.75502 3.07083 1.01662 1.81198 4.69398 5.23186 1.91307 2.93159 1.33133 3.78799 1.57928 1.57547 1.37901 1.34087 1.23978 1.21689 0.98038 0.24414 0.01144
0.90981 3.04222 2.14767 6.54984 14.59122 31.44836 135.48088 73.05145 27.14920 6.30188 2.63977 1.07765 0.43106 0.44823 0.29945 0.41199 3.36647 4.54903 5.23949 7.59697 2.16866 0.23460 1.93214 4.89807 2.75993 0.75531 0.68092 0.41199 2.42233 0.51117 0.58174
0.09918 0.37956 3.28445 11.83891 82.29637 86.43532 149.43123 123.57521 43.69354 5.49126 1.11008 0.02480 0.41771 0.54359 0.08774 0.28038 1.02234 0.30899 1.79863 10.72884 3.54004 1.14441 5.35774 5.69725 11.64627 3.66974 3.45802 2.16866 0.73433 8.35991 2.37083
1.01089 0.46730 1.32370 22.91298 11.67107 64.13841 78.39775 66.00571 31.18896 11.46889 1.02043 0.64850 0.49591 0.70190 0.11444 0.00000 0.13924 0.17166 9.41086 10.20241 10.14137 9.16290 6.68907 15.82909 8.13675 12.78687 18.66913 9.14764 10.80894 9.02557 6.10161
3.77655 0.41962 1.71280 11.12175 34.17778 32.54128 43.80417 61.15723 11.07407 11.13892 3.95584 2.28500 0.32043 0.15450 0.05150 0.03624 1.71852 0.94986 2.45285 11.21902 5.78308 19.49501 9.03893 13.32283 13.53836 19.99855 10.73456 12.40921 14.77814 14.56642 6.84929
0.90981 3.30925 3.28064 9.59396 19.27376 21.65413 20.84541 16.04271 8.53539 1.65176 0.55504 1.10626 7.14874 0.27657 0.12398 0.02289 0.04959 0.38528 0.55122 1.52779 6.75201 14.48250 11.99532 15.92636 16.51382 92.24701 73.78960 24.54567 21.93069 11.24954 8.44383
1.73759 2.75040 29.47807 6.95801 2.33650 13.36098 8.53920 13.47923 8.89778 0.25940 1.19781 0.63705 0.11444 2.46048 2.99644 2.89536 13.53073 0.69618 0.16022 7.08961 7.85828 12.11929 7.00569 31.97098 31.29959 46.69189 56.07796 47.40906 38.42163 11.48987 13.30948
5.13458 7.13539 3.92723 9.57298 7.49588 5.62096 2.13432 5.04494 6.43921 0.93079 1.16539 1.15585 0.92888 0.32234 0.80681 2.28882 2.43950 3.70789 19.78683 15.47432 22.79091 23.85712 18.56422 29.88243 15.53535 11.94572 22.82333 96.23528 116.92429 53.33138 12.07352
14.78767 2.67029 2.28691 6.43921 6.45256 1.49727 1.46103 4.01306 4.58145 0.60654 0.52643 2.09618 0.90599 1.89972 1.33514 1.01471 5.25284 3.24059 8.03947 10.44464 7.67708 5.74303 8.60023 2.78091 1.77193 10.85472 20.78819 12.98714 47.23167 39.73007 11.71684
9.85146 1.50681 5.15175 0.67902 2.17247 0.85068 0.75722 0.77057 0.67139 5.56755 3.89290 18.25905 8.99124 4.63486 2.52151 3.31879 5.88989 3.36266 8.69751 10.87570 5.81932 11.39069 18.94569 4.26674 10.03838 25.48599 6.38580 21.75140 50.93765 11.71303 20.07484
14.58359 1.28365 6.05202 3.45230 3.09753 0.25749 0.21935 0.28992 0.28992 4.87518 23.63396 28.84865 28.73421 16.01219 14.28986 21.62933 17.11464 3.56102 3.07655 4.35257 2.30980 3.43704 1.27411 3.48473 11.35635 11.32393 5.51033 14.30511 8.25882 22.28546 7.64465
8.51059 2.43950 0.57983 0.96321 1.86920 2.90108 1.57928 4.30679 9.03130 1.51062 10.78415 21.84486 27.22931 37.35352 20.75195 17.98630 8.18634 4.80461 6.27518 7.45583 8.64410 7.82394 3.07083 3.33786 11.48033 2.21443 0.67902 17.75932 14.46152 15.46860 2.83623
8.88252 0.34523 0.03624 3.00026 1.51062 0.43297 1.22452 10.16998 4.68254 0.52452 8.57925 7.45583 19.84596 13.69667 13.15880 11.76071 4.48418 7.53021 10.43892 6.53458 4.63104 13.18169 7.11441 10.56862 6.46782 1.36757 1.50490 9.67026 16.26205 16.19148 17.92145
6.47545 7.86018 8.81958 9.09424 3.29781 0.69618 0.50354 0.25558 0.15640 1.32370 10.40077 3.11661 9.54437 11.77597 4.61578 5.37109 0.98038 2.41470 7.64084 11.47079 12.94899 17.17567 28.57018 17.33971 4.08936 3.70979 4.13322 2.07710 8.39043 24.60098 13.48877
5.53703 9.85527 19.77539 50.40741 2.04849 2.60925 0.11635 0.28419 1.34277 7.07054 5.89371 5.04684 8.91304 10.89287 12.10976 6.97899 6.07491 11.34109 13.35144 13.29422 6.64902 8.19016 27.44102 33.67233 25.88081 5.93758 5.68008 2.62451 2.45285 1.47057 17.45224
