DATA/RAW-RASTER/ECMWF/20170628/EN-10/20170704.en-10.asc
ncols			31
nrows			16
xllcorner		69.5
yllcorner		19.5
cellsize		1.0
NODATA_value	-99999
3.81470 7.78961 1.18256 0.37384 5.24139 1.64032 4.31824 0.26703 0.05341 0.01526 0.14496 0.88501 0.39673 5.76019 4.51660 6.16455 5.52368 7.46918 6.83594 5.43213 1.63269 9.33075 3.50189 1.94550 0.71716 0.42725 0.60272 5.39398 2.07520 1.14441 1.12915
1.69373 2.85339 2.81525 4.64630 3.97491 0.30518 0.39673 0.06104 0.00763 0.01526 0.01526 0.08392 1.01471 0.94604 1.81580 6.87408 12.74872 6.78253 12.03156 11.01685 10.20813 11.68060 6.32477 2.32697 3.98254 2.42615 3.41034 1.08337 0.96893 1.09863 1.76239
3.63159 1.44958 0.45013 7.65991 7.27844 4.08936 4.43268 0.07629 0.06104 0.16022 0.16785 0.65613 0.06104 0.36621 0.73242 0.99182 4.84467 2.36511 4.05884 4.96674 2.96783 1.67084 0.21362 1.67847 2.28119 1.96075 6.17981 2.05994 3.56293 3.32642 1.37329
0.29755 0.26703 3.86047 6.39343 11.67297 10.60486 5.87463 16.59393 0.09155 0.00763 1.76239 0.56458 0.54169 1.63269 0.28229 1.05286 3.38745 3.87573 1.15204 0.19836 0.29755 0.46539 1.02997 1.21307 0.80109 0.03052 5.91278 1.53351 1.77002 3.05176 0.94604
0.75531 0.06104 0.35095 7.82776 16.83044 13.40485 6.66046 4.05884 4.37927 0.64850 0.56458 0.46539 1.20544 7.91931 2.28119 2.99072 0.68665 0.75531 1.31226 0.25940 0.36621 0.03815 0.22888 0.02289 0.25940 0.82397 1.03760 0.82397 0.68665 1.19781 0.57220
3.49426 0.00763 0.00000 0.00000 4.73785 6.38580 4.34113 1.88446 3.07465 16.92200 72.25800 8.85010 6.79779 6.71387 7.11823 2.74658 5.04303 5.76019 4.57764 0.67139 0.02289 0.62561 0.17548 0.41962 0.81635 0.80872 3.74603 3.42560 1.19781 2.07520 1.32751
0.00000 0.00000 0.00000 0.12970 1.10626 1.43433 5.48553 1.80817 1.77002 3.19672 2.57874 27.64130 17.95959 11.76453 7.65991 11.85608 4.44031 7.39288 6.08826 0.95367 1.96075 2.99072 1.66321 3.15094 5.22614 7.44629 4.28772 2.07520 11.78741 7.49969 6.21796
0.00000 0.00000 0.00000 0.03052 0.53406 0.49591 2.49481 3.52478 4.40216 9.51385 14.47296 6.31714 4.08936 9.39941 11.12366 10.69641 21.83533 0.57220 2.83813 3.18909 3.89099 8.18634 8.81195 13.27515 6.15692 23.49091 26.53503 12.08496 17.91382 16.53290 19.78302
0.00000 0.00763 0.00000 0.00000 0.32806 0.35858 2.77710 6.39343 13.53455 16.45660 13.43536 7.14111 4.02832 5.44739 7.69806 10.66589 7.17163 9.02557 33.21075 68.01605 19.02008 20.24841 21.09528 17.89856 4.17328 6.24084 11.27625 19.83643 48.28644 23.59772 21.68274
0.00763 0.03052 0.02289 0.45776 1.28174 2.02179 3.79944 8.14819 33.27179 27.19879 18.63861 25.87891 17.78412 12.17651 15.78522 15.19012 14.54163 20.53070 8.09479 7.05719 4.50897 13.51929 84.57947 41.77856 7.65228 18.10455 16.27350 28.16772 60.09674 66.96320 29.93774
0.09155 0.13733 0.25177 0.22888 0.05341 0.88501 5.84412 5.19562 14.12201 29.09851 44.85321 54.50439 18.53943 30.91431 14.06097 13.00812 8.08716 20.84351 14.16016 15.04517 9.68170 22.99500 80.05524 13.20648 3.14331 9.14001 5.63049 34.96552 78.57513 34.02710 26.67236
0.51880 0.25940 0.86975 1.28937 0.21362 2.51007 2.54822 4.68445 7.83539 14.39667 19.89746 83.23669 25.04730 22.49908 16.86096 24.49036 14.07623 24.14703 36.97968 20.11871 18.19611 15.36560 3.92914 2.97546 3.55530 8.68225 18.42499 32.79114 17.96722 31.41785 28.99933
0.93842 2.08282 0.64850 1.80054 2.16675 1.44958 3.78418 19.67621 13.64136 27.77863 36.75842 52.44446 59.31854 69.70215 16.09802 4.37927 3.82996 17.62390 17.58575 19.47021 22.91870 33.66852 17.85278 13.76343 2.47192 0.32043 2.46429 12.44354 37.29248 45.53986 22.50671
2.73895 2.62451 2.66266 2.34985 5.27954 1.01471 9.88007 7.70569 9.32312 19.99664 26.16882 12.54272 14.03046 34.00421 5.50079 1.20544 1.57928 10.55908 24.39880 25.65765 26.83258 47.01233 12.12311 21.47675 0.61798 0.43488 5.97382 11.25336 13.09967 26.63422 14.39667
5.82123 5.02014 3.87573 8.43048 3.57819 9.56726 12.79449 6.66046 41.45813 35.47668 17.15851 6.23322 4.18091 1.13678 1.38855 7.38525 14.37378 14.32800 12.40540 34.78241 32.24945 31.13556 23.23151 13.86261 0.57983 0.35858 11.35254 10.11658 10.45990 13.47351 7.46918
4.40216 4.45557 18.55469 47.54639 11.45172 10.03265 5.41687 7.35474 11.44409 4.70734 3.50189 12.16125 13.41248 6.83594 5.11169 9.49097 3.77655 8.72803 11.07788 12.31384 20.07294 16.09039 15.15198 14.80865 17.99774 5.11932 10.66589 8.75092 7.14111 5.62286 9.20868
