DATA/RAW-RASTER/ECMWF/20170628/EN-10/20170701.en-10.asc
ncols			31
nrows			16
xllcorner		69.5
yllcorner		19.5
cellsize		1.0
NODATA_value	-99999
0.00763 0.01526 0.33951 1.66321 0.36240 0.07629 0.38528 0.12589 0.57983 0.16785 1.08719 0.58365 2.37656 0.61798 0.67520 1.55640 2.55585 2.40707 0.74768 1.39618 1.02997 2.91443 1.70898 1.86157 2.56729 2.17438 9.60922 6.88934 5.50079 2.60925 1.72806
0.00000 0.01144 0.11444 0.00000 1.19400 0.33951 0.03052 0.32043 0.19836 0.01526 0.01526 0.27466 1.75476 3.66211 2.36893 3.92914 3.92151 3.56293 3.15094 1.62506 5.59616 6.40106 12.95090 11.92474 15.87677 11.23428 3.17383 2.41089 7.96890 3.91769 5.25665
0.27466 0.38910 0.14114 0.04578 0.00763 0.29755 0.08774 0.01526 0.11444 0.09155 0.11826 0.99182 1.72806 1.14822 2.68173 1.30081 6.01578 6.19125 6.29425 9.49478 10.04028 13.83972 8.87299 7.69424 10.08987 24.84894 11.59668 8.04138 2.14386 7.03049 6.60706
1.47629 4.49753 0.28610 0.01144 0.00381 0.19455 0.55313 0.75531 0.16022 0.00763 0.33188 1.31989 2.26974 8.63647 6.85501 12.66861 9.25446 5.19180 9.53293 5.36728 2.15530 2.31934 4.86755 14.01901 5.48172 0.32043 1.99890 19.98901 5.06973 5.74112 12.25662
0.33188 0.68665 1.51443 1.49155 0.02289 0.20218 0.12207 1.77765 4.98199 0.69046 0.18692 0.79727 2.26593 4.12369 1.23215 3.29208 0.85449 5.51224 2.81906 2.99835 9.54437 9.14001 3.60107 0.53406 0.41199 0.35858 1.13297 9.71985 16.83807 6.68716 11.88278
0.35095 0.33569 1.26266 0.77438 1.56021 0.29373 0.19073 0.67520 1.60599 9.66644 7.36237 7.80869 2.15149 0.95367 0.63324 1.06430 1.08337 3.56674 8.31604 7.29752 2.64740 6.99997 6.01196 11.19995 5.09644 5.72968 4.38690 0.18692 5.68390 12.60376 9.55963
0.00763 0.14877 0.43869 0.33569 1.78909 0.98419 1.05286 0.80109 0.83542 3.31116 14.33182 14.51492 7.92694 2.07901 2.42233 3.03650 1.36185 3.80707 2.62451 8.33130 7.85828 4.95529 10.45227 12.67624 15.62119 54.54636 14.53018 5.63431 1.27029 9.52530 3.27301
0.00381 0.10681 0.48065 1.33133 2.21634 3.36075 1.17874 0.48065 3.14331 3.90625 10.87570 21.58737 17.27295 30.97916 25.20370 21.80862 12.44736 0.79727 14.68658 14.28986 10.43320 16.80374 17.38739 32.24564 26.98898 13.39722 27.55356 10.44464 27.13394 11.95908 4.81415
0.00381 0.04578 0.36240 0.90027 1.54877 1.94550 1.87302 5.68771 1.57166 9.39941 16.11710 10.02121 13.37433 22.85767 15.26642 4.03214 16.59012 30.80750 136.52802 80.82581 188.16376 54.24881 38.28049 41.01944 15.17868 15.80811 18.94379 40.38239 66.02478 25.07401 4.89044
0.00000 0.12207 1.49155 2.02179 1.30463 2.76947 6.69861 3.25394 4.79507 10.58578 5.37872 16.30020 4.47083 23.63968 12.72964 6.71387 13.24463 8.67081 10.31494 8.09860 6.80542 11.65390 41.22925 19.59991 15.11383 27.37427 60.58121 22.91107 65.83786 12.20322 3.52097
0.02289 0.96512 0.96130 0.69046 1.30081 0.41962 0.80872 1.39236 1.12915 2.71988 1.45340 9.26971 9.24301 7.59506 16.37268 10.65826 21.64459 15.41138 5.61905 12.64191 6.99234 8.42667 78.39203 19.86313 11.12747 40.23361 6.95801 16.03699 57.76978 35.66742 8.07190
2.23923 3.63159 3.26920 0.90027 0.50735 0.78201 0.14877 0.20981 1.91116 1.38092 2.16675 10.63156 17.95959 15.26260 21.69037 15.24734 30.03311 10.64301 4.13132 7.33948 4.11224 2.76947 3.61252 15.23972 13.77869 5.10025 3.13187 8.97598 12.00104 17.29202 11.65009
45.89462 9.75418 5.17654 2.45285 3.86810 1.19781 0.34714 0.40436 0.32043 0.60654 1.13678 7.67136 13.69858 27.71378 20.42389 18.08167 20.41626 8.87680 9.33075 8.87680 11.72256 21.16013 6.66809 6.11496 9.78088 15.02609 1.66702 9.08661 8.82339 18.87131 13.94653
40.24506 11.45554 32.22656 8.72040 1.47247 0.94986 2.91824 2.09427 0.42725 3.81470 1.78528 4.21524 13.50021 39.77203 49.79324 38.02490 22.09091 11.75308 5.51605 3.33405 8.35037 14.39667 7.38907 17.24243 14.59503 6.96945 0.92316 1.30463 26.44348 23.63968 20.11871
10.62775 17.84134 9.34219 15.44189 5.76401 1.38474 0.53406 0.67902 0.44632 2.08664 4.05884 13.29803 26.87073 28.97263 197.75391 27.13776 37.63580 3.35693 3.24631 5.39780 9.14764 12.07733 40.29083 41.64886 35.26306 1.65558 2.46429 4.03976 2.94876 22.64786 14.32419
55.43518 56.57196 29.05273 15.58304 5.13840 6.01196 0.85831 0.58746 0.18311 4.24957 4.84085 25.33722 47.65701 116.98151 244.54117 21.27075 14.10294 15.20920 5.47409 2.04086 5.10788 8.22067 28.77426 45.50552 46.59653 6.96564 12.15744 2.98691 3.06320 0.83923 7.83157
