DATA/RAW-RASTER/ECMWF/20170628/EN-22/20170701.en-22.asc
ncols			31
nrows			16
xllcorner		69.5
yllcorner		19.5
cellsize		1.0
NODATA_value	-99999
0.31281 1.86157 1.48392 4.31061 3.68500 2.62070 0.12970 0.02289 0.10681 0.02289 1.19781 0.86212 0.73624 0.91171 0.33569 0.36621 0.26321 1.01089 1.25122 2.03705 1.89972 3.02124 6.36292 9.57870 8.39996 1.90353 3.25394 3.44467 1.70517 7.17545 22.46475
0.00000 0.02670 0.29373 4.10843 2.15530 0.66376 0.06104 0.08011 0.11444 0.01907 0.25558 1.85394 1.21689 3.13950 1.44958 0.95367 0.67139 2.06757 1.46103 3.19290 3.70789 4.09317 6.20651 5.80978 6.24847 13.70621 9.94492 5.26810 3.62778 6.01959 15.26260
0.00000 0.06866 0.00381 0.03433 0.74387 1.57166 7.88879 0.47302 0.39673 1.88828 1.65558 4.49753 8.71277 16.78467 16.62445 10.82993 13.61847 10.37216 9.36508 5.94711 7.30515 3.34549 1.20544 4.05884 3.48663 4.47083 9.42612 11.91330 13.46970 5.57709 9.21631
0.94604 0.00000 0.00000 0.34714 1.34659 5.72586 3.50571 1.25504 9.66644 4.21143 7.30896 1.86157 9.12857 12.81357 9.05609 9.88007 8.23212 7.62177 7.01141 6.53839 5.40161 6.17599 4.77600 3.32260 3.08228 5.37491 9.66263 10.74219 18.76068 9.24301 9.15909
2.39182 0.01907 0.00763 0.23270 4.69589 7.82776 1.76620 25.73395 20.74814 12.42828 1.71661 4.10843 5.53131 1.67465 3.90244 2.63977 3.59344 2.88010 3.61633 3.09372 3.60107 1.97983 5.96237 5.09262 1.44577 1.86539 3.58582 6.02341 6.89316 12.00104 9.41467
3.00598 0.25558 0.31662 0.58746 2.14767 1.37711 20.73669 18.53561 8.28934 5.16510 6.79779 7.80487 4.37927 0.75150 2.14005 1.93024 4.45557 4.58145 8.99887 7.26318 9.28879 3.84140 4.06265 2.43759 3.54385 4.78363 4.38690 0.67902 2.97546 10.13947 13.76343
0.10300 0.03052 0.00381 0.25558 2.40707 3.44849 14.43481 23.66257 17.59338 3.63541 13.13019 6.87408 20.46585 9.75800 0.86594 1.27411 1.21689 1.90353 1.55258 3.93677 1.22452 4.73022 3.96729 4.60815 3.17383 18.30673 18.09311 6.75583 1.14822 6.25992 15.88821
0.24796 0.05722 0.08011 0.10300 1.07574 3.19672 25.39825 5.06973 15.97214 8.03757 18.02826 66.57791 17.05551 30.38788 59.31473 35.92300 15.19394 0.84686 2.68936 2.43759 10.85663 9.04083 4.32205 20.86258 17.22336 61.16104 121.66977 28.12576 49.40414 9.19342 10.23102
0.16785 1.23215 1.60980 0.88501 9.13239 15.90347 14.08386 0.16785 18.85605 52.17743 5.27573 4.04739 77.69394 5.95093 3.36075 14.78195 2.28500 7.37762 52.89841 34.49249 75.20676 45.60089 42.32407 44.17801 21.03043 49.10660 21.41190 25.71869 11.26862 12.96616 2.55203
0.23651 1.43814 4.81796 8.26645 20.69855 34.61838 10.92148 1.92642 1.36185 5.22232 18.37158 3.16620 19.68765 107.50198 12.29858 2.69699 4.06647 12.27951 14.95361 17.52853 8.95691 6.14929 26.73340 10.24628 2.24304 10.25772 17.26532 29.72794 73.98987 12.10785 3.88336
0.22507 1.39618 5.93185 154.25110 47.54639 60.79865 16.71600 7.44629 12.18796 1.86157 41.26740 29.39224 9.10568 17.04025 5.69916 9.86099 7.99942 4.08554 13.89694 29.22440 12.89368 22.35794 32.46307 12.11929 5.78308 15.54489 22.18628 27.35138 51.84174 19.87839 9.10187
1.84631 9.15527 27.88925 95.49332 111.38153 35.49957 1.53732 6.63757 18.83698 23.96393 2.52533 6.59180 1.55258 8.76236 5.62668 6.25610 12.39777 3.31879 19.64188 7.57599 10.00595 15.04517 4.87137 3.61252 2.43378 3.31879 5.82504 29.52576 14.89639 12.58469 12.86316
2.51770 9.45663 14.36615 57.27386 46.45920 21.13342 3.43704 4.37546 27.56500 2.02942 10.72693 35.90012 16.84570 9.83810 18.35251 8.08334 10.14709 2.92587 4.16946 5.28336 15.61356 25.22659 8.71277 11.61194 2.02560 2.62070 0.66376 5.71060 7.94601 22.97592 9.52530
9.59396 15.75851 27.84348 6.02722 14.34708 2.30026 12.61520 21.25168 27.79388 14.26697 8.36182 0.59891 4.70734 20.00809 17.27295 0.87357 1.40381 6.99997 11.73401 15.36560 9.17816 31.49414 19.18411 27.40479 6.99234 0.08774 4.90570 1.03378 2.67029 6.06537 17.54761
5.05066 3.16238 3.95966 16.20483 4.21524 19.14978 4.61578 2.49863 16.04843 26.43967 3.55911 2.20490 8.20160 2.33459 9.29260 4.37927 8.47626 9.46808 6.00433 14.65607 20.99609 20.38956 40.69901 18.45169 6.62994 0.69427 0.70190 2.33459 8.97217 11.15036 9.73129
3.05176 2.91443 4.35257 11.43646 2.27737 1.73569 0.76294 10.68878 4.28009 9.75037 8.34656 4.34494 6.68716 6.25992 1.35803 2.29645 4.07028 4.52042 12.14600 10.20432 8.99887 18.11600 26.29852 32.03964 38.17368 4.84467 13.13019 2.84576 5.14221 10.55908 10.37979
