DATA/RAW-RASTER/ECMWF/20170628/EN-22/20170707.en-22.asc
ncols			31
nrows			16
xllcorner		69.5
yllcorner		19.5
cellsize		1.0
NODATA_value	-99999
8.66699 4.44412 2.81525 1.80435 1.53351 2.13242 3.62396 0.58365 0.30518 4.15039 3.28064 1.74332 3.61633 1.51825 0.67902 0.04196 0.50354 0.80490 3.83759 0.75150 2.69318 3.78799 5.76782 3.50189 2.87628 1.56021 4.89044 1.72043 0.46539 0.33951 1.22070
0.54932 1.22070 4.60434 5.71823 2.93732 1.30463 0.10300 2.41089 0.64087 0.56839 1.41907 0.09155 1.59836 1.09863 3.29590 0.51498 0.38910 0.54550 1.81961 4.57764 9.20486 22.38464 4.33350 2.77328 8.50677 5.80978 0.87738 0.63324 1.15967 0.20599 0.54932
1.30463 11.08932 16.39175 18.17322 18.37158 2.14767 2.16293 0.10681 0.01907 0.00000 0.01907 0.00000 0.17548 1.28555 2.17819 1.73950 0.14877 0.48447 5.25665 4.30679 7.01141 1.33896 1.42670 1.78146 2.41852 2.16293 12.68005 0.99945 0.18692 0.32806 2.80380
0.83160 0.57983 13.34763 22.22824 16.44135 2.79999 1.19781 5.11932 0.03052 0.00000 0.00000 0.00000 0.00000 0.00000 0.02670 0.06104 0.61417 1.64413 0.87738 2.39944 2.51770 3.36456 7.41196 7.05338 10.68497 5.54657 4.55856 1.54114 0.31662 1.04904 1.74713
2.14005 0.46921 1.36948 0.08392 0.78583 1.67084 0.21744 0.43106 0.68283 0.01526 0.00000 0.00000 2.17819 2.99454 3.59726 0.00381 0.00000 0.28992 0.14877 1.01471 3.42941 5.45883 9.51767 9.07135 16.04462 17.13562 12.51602 11.66916 2.68936 1.91879 0.89645
2.89536 0.00000 0.00000 0.00000 0.00381 0.09537 1.62888 1.20926 2.99072 4.55093 1.57166 2.07520 0.60654 3.08990 0.86975 16.31546 1.11389 0.21744 0.59128 0.43488 1.50299 8.64410 9.43375 13.71002 8.51440 0.79727 2.40326 2.82288 9.10187 0.81253 0.37766
0.00000 0.00000 0.00000 0.00000 0.00000 0.00000 0.09155 1.24741 4.24957 4.15421 0.46539 8.58688 9.33075 2.29645 1.99509 14.56070 5.44739 2.46048 2.65121 1.07574 3.29971 7.08389 12.95853 5.77927 6.04630 22.44186 26.76392 6.78253 15.68222 10.56671 4.36783
0.00000 0.00000 0.00000 0.00000 0.00000 0.24033 0.38910 2.47574 2.02179 3.58963 8.72421 1.98746 1.94168 7.49207 8.57162 5.06973 13.38196 10.01740 1.60980 7.47681 3.95966 13.80539 14.39285 14.32037 28.20969 80.90210 82.53098 12.78305 7.43103 8.59070 23.66638
0.00000 0.00000 0.00000 0.00000 0.00000 0.10681 0.28610 0.12589 2.61307 2.47192 15.49149 5.80978 3.88336 2.88010 2.70081 17.23480 19.42825 9.84573 45.60852 25.44785 88.89008 104.74014 95.75653 78.94516 17.27295 26.13449 10.07843 12.95853 43.22052 14.78958 20.80154
0.04578 0.01907 0.00763 0.03433 0.07248 0.03815 0.00000 0.04578 0.27084 2.68936 7.99179 22.29691 27.85873 20.53070 1.86920 4.48990 5.83649 19.32526 16.13235 61.31363 17.88330 18.34869 20.71381 27.45438 20.01572 7.58743 11.12366 58.84552 93.58215 17.10892 56.70929
0.33188 0.29755 0.38910 0.21744 0.00381 0.72098 0.46921 0.40817 0.94223 1.88446 3.58963 24.54758 30.68542 21.13342 1.86539 0.89645 0.35477 13.62991 14.36996 32.78351 18.60809 17.83371 29.40750 18.27621 8.14438 16.09802 25.79498 43.39981 75.60730 36.73935 31.91757
0.20218 0.33569 1.30081 0.67139 1.01852 0.60654 0.29755 1.04904 1.09100 1.81198 3.18527 15.96451 27.16827 5.20706 0.28229 0.82397 0.43869 7.29752 12.59613 12.26425 21.65604 7.67899 13.89313 3.53241 11.42883 13.58032 8.14438 28.54538 36.96442 33.58078 29.46854
1.38092 0.99564 0.56458 0.84686 1.23215 2.22015 1.65558 1.60599 0.87357 5.27191 3.72696 4.12369 1.35803 0.23651 0.26321 1.09100 1.48773 6.44684 3.92151 30.63965 6.80923 15.79666 9.99069 4.68445 16.75415 7.14493 5.05066 9.84573 20.27512 30.99823 16.05225
1.52969 4.92477 1.12534 2.29645 1.11771 0.99182 2.63214 2.37274 1.08719 1.39236 1.86157 1.14822 0.06104 0.04959 0.77438 1.58310 0.88882 15.41138 13.98468 12.91656 13.86261 19.45877 16.84189 22.60208 3.09372 1.08719 2.20108 3.37982 12.34818 8.48007 5.21851
1.30463 1.77002 2.59018 6.32477 1.36566 2.15530 3.42178 1.23215 1.94168 2.06375 3.89862 8.82339 1.06812 1.39999 1.37711 8.08334 8.84628 9.04846 6.25229 4.23050 7.89261 13.82446 22.07565 13.51166 1.15204 1.19400 1.03378 1.11771 2.89917 10.15091 12.32529
3.92151 5.19180 12.75635 10.52094 1.61743 2.64359 1.23596 2.00653 5.96237 17.45224 9.99451 11.11603 6.65283 6.13403 4.49753 6.00815 1.82724 1.93405 3.29971 7.65610 12.86697 14.88495 13.23700 20.36667 15.60211 2.12479 6.85501 1.85776 4.90952 1.74713 4.13895
