DATA/RAW-RASTER/ECMWF/20170628/EN-22/20170706.en-22.asc
ncols			31
nrows			16
xllcorner		69.5
yllcorner		19.5
cellsize		1.0
NODATA_value	-99999
8.12149 10.91766 3.92914 1.22070 7.56454 1.42288 5.07736 0.93460 0.50354 0.22507 1.27029 1.09482 2.97546 2.59018 2.70844 1.67847 2.07520 1.81198 3.04794 4.01688 0.53406 0.41199 1.16348 0.52643 0.27847 0.43488 0.56458 0.84686 1.95694 3.23486 3.30353
0.86594 4.86755 28.46146 7.42340 4.37164 0.60654 0.20981 0.49973 0.22125 0.07248 0.14496 0.32043 1.03760 2.15912 3.48663 6.34003 11.70731 6.48117 6.99615 2.09808 0.66757 1.02234 0.18311 0.03815 0.10681 0.57220 0.47684 0.88120 1.57547 2.18201 3.52097
2.60162 21.70563 16.50620 4.42505 4.26483 0.95749 1.23215 0.24414 0.00381 0.00000 0.00381 0.02289 0.00381 0.86594 2.25449 2.20871 2.57492 2.65503 2.65121 3.71933 0.27466 0.31662 0.57220 0.79727 0.08011 0.15640 0.83542 0.44632 0.57983 1.35803 3.55148
4.41360 1.89590 3.10516 2.22397 1.88065 1.41144 1.80817 2.07520 0.01526 0.01526 0.00000 0.00000 0.00000 0.00000 0.01144 0.00381 1.19400 0.45395 3.18527 4.02832 9.22775 17.05170 9.75800 5.32532 0.27466 0.64468 0.71335 0.41580 1.74713 3.57819 3.33786
4.08936 3.57819 0.09918 0.31281 1.89590 2.21634 0.27847 1.33133 0.79727 0.00000 0.01526 0.06104 0.07248 0.00000 0.00763 0.41962 0.80872 0.68283 1.25122 3.31879 4.97818 5.12695 14.39667 15.43808 4.82559 1.57547 1.34277 2.23160 2.49100 3.65829 3.79181
5.91660 0.04578 0.04578 0.00763 0.64850 1.65558 1.96838 0.54932 1.03760 0.69809 3.64685 1.12534 0.48828 1.35803 1.61362 2.36893 0.63705 1.28555 2.68173 4.94766 3.27301 4.73022 4.52805 16.84570 5.43976 9.39178 4.77219 2.47955 2.81143 14.94598 6.43921
0.00000 0.00000 0.00000 0.08011 0.00381 0.06485 0.82397 2.88391 2.62833 1.55640 1.30081 6.06537 11.88660 8.25500 1.21307 9.04465 1.27411 4.58145 3.12805 0.86594 3.92532 0.95367 0.96130 7.29370 10.64301 17.91763 18.75305 7.43484 1.10245 8.33893 11.26099
0.00000 0.00000 0.00000 0.00000 0.00000 0.19455 0.73242 0.99182 1.97601 1.83487 11.24954 11.98196 21.36230 16.26587 7.97272 6.06155 3.71170 4.28391 2.41089 8.62503 1.59836 9.12094 7.55692 30.98679 26.56555 31.52847 19.84787 11.10077 19.39392 6.44684 11.01685
0.00763 0.00763 0.00381 0.01907 0.01526 0.28229 1.61362 0.43488 0.26703 0.40054 4.56238 17.78793 81.64978 22.33887 13.27896 14.39285 1.35422 2.73895 9.64737 20.66422 33.92792 81.45905 66.37573 37.66632 26.44730 15.57159 17.23862 23.02933 36.66687 7.97653 9.54056
0.03815 0.28229 0.36240 1.14822 0.37766 0.00763 0.08011 0.04959 0.00000 0.00000 0.99945 20.50018 33.71048 19.23752 4.79889 36.77368 19.33289 5.55420 7.17163 9.02939 3.47519 5.62286 10.43320 24.50562 26.24893 26.54648 32.51266 15.25497 59.85641 2.22778 2.00272
0.33569 0.27084 0.97275 0.67902 0.08774 0.17929 0.12589 0.36621 0.09537 0.00000 0.01526 1.92642 9.77325 2.69318 2.71225 55.57632 40.78674 7.77054 2.07901 4.31824 6.60706 11.82175 26.70288 8.55637 15.20920 21.57211 11.82175 14.90784 51.81503 12.18414 7.12204
0.07248 0.59128 0.77057 0.72861 0.82779 1.17111 2.36893 1.05286 1.09863 0.78201 0.03815 0.12589 0.36621 2.48718 7.35474 10.05936 2.25449 6.22940 11.27625 6.84357 5.43594 6.42776 5.21851 2.54440 6.72913 5.76782 3.42178 1.61362 4.63104 6.35529 2.29645
0.22888 0.50735 0.38147 1.54877 0.84686 0.80872 0.38910 1.23596 0.88501 0.61035 0.21362 0.02289 0.00000 0.98801 1.19781 6.20270 9.91058 4.79507 13.59558 19.42444 15.87296 5.73730 4.32205 1.74713 12.80594 1.35803 0.36621 0.85068 3.41797 5.24139 0.12589
0.28992 1.34659 1.38092 4.36783 4.07791 0.82397 0.85831 2.09045 1.23215 0.15259 0.01907 0.00000 0.17548 1.67084 8.04520 22.88818 5.01251 11.58524 15.16342 7.72476 9.71985 16.51001 2.98309 2.20108 3.34549 0.46158 0.14496 0.56076 0.90790 1.46866 0.28992
1.82343 1.91498 0.49591 5.75638 1.93024 5.92422 1.83868 0.80872 1.31989 0.74387 0.69427 0.15259 0.84686 5.26810 3.97110 7.14874 14.55688 9.88770 7.67899 6.51550 7.50351 11.65771 10.31876 6.74057 1.95312 0.41962 0.39673 0.16022 0.09155 0.72861 0.46539
1.65176 2.75040 5.43213 25.01297 1.45721 4.68445 2.50626 0.86594 3.04794 1.17874 2.87247 1.91498 0.47302 2.59399 1.50299 1.30081 20.16068 8.91495 5.95474 12.33673 22.54105 12.37488 16.42990 18.48221 4.83322 1.96075 0.99564 0.35477 0.43488 1.01089 0.42343
