DATA/RAW-RASTER/ECMWF/20170628/EN-22/20170712.en-22.asc
ncols			31
nrows			16
xllcorner		69.5
yllcorner		19.5
cellsize		1.0
NODATA_value	-99999
0.15259 0.30518 2.57874 3.21198 5.15747 8.68988 4.42505 0.86212 3.54004 5.80597 12.27570 0.84686 0.18311 0.00763 0.00000 0.00000 0.09918 0.42725 0.70953 1.64795 1.03760 1.60217 1.34277 0.87738 1.37329 1.28937 1.87683 3.26538 4.53186 1.36566 1.49536
0.76294 0.36621 0.96130 4.96674 8.68988 1.21307 6.38580 5.31769 3.08990 4.69971 9.91821 0.75531 0.09918 0.00000 0.00000 0.00000 0.24414 0.77057 0.44250 1.10626 0.54169 8.40759 1.29700 0.63324 1.54877 4.56238 4.18091 2.63977 1.04523 1.12152 5.12695
1.35803 1.46484 1.37329 7.18689 11.12366 5.21851 10.36835 2.38037 2.92206 0.99945 6.82831 1.25885 0.00000 0.00000 0.00000 0.00000 0.00000 0.21362 3.15094 2.89917 2.05994 1.06812 0.12207 0.87738 2.47955 3.44086 1.19781 1.03760 1.91498 7.46155 1.95312
1.45721 0.00000 0.02289 2.02179 2.62451 12.08496 7.81250 4.10461 10.04791 2.61688 10.98633 3.89862 0.19836 0.14496 0.00000 0.04578 0.09155 0.11444 1.25122 7.87354 1.19781 2.28882 2.48718 0.93842 0.40436 0.57983 3.01361 3.03650 3.57056 2.14386 0.50354
1.72424 0.00000 0.00000 0.01526 0.79346 3.57819 11.90186 9.11713 14.12964 2.44141 3.70789 8.72040 10.81848 0.98419 0.32806 0.29755 0.70190 0.88501 1.79291 5.24139 6.12640 3.34930 0.41199 0.06866 0.77820 2.51007 3.61633 3.22723 1.06049 1.34277 0.41199
0.00763 0.00000 0.00000 0.00000 0.00000 2.72369 2.73132 4.92859 9.73511 18.92090 67.16919 6.98090 13.71765 2.67029 8.93402 4.24194 3.37219 6.66046 5.04303 2.81525 2.41089 9.23157 7.62939 8.94165 9.42993 0.25940 1.31989 2.00653 3.55530 0.77057 2.17438
0.00000 0.00000 0.00000 0.00000 0.00000 0.00000 0.04578 1.80054 5.31006 22.63641 19.27185 185.11963 67.47437 15.20538 4.45557 5.39398 9.94873 6.37817 7.91931 3.94440 9.10950 10.82611 13.56506 5.20325 4.99725 6.50787 2.37274 3.73077 1.75476 1.86157 4.77600
0.00000 0.00000 0.00000 0.00000 0.00000 0.00000 0.00000 0.03052 0.11444 2.25067 3.11279 10.82611 55.37415 115.22675 123.10791 25.75684 13.44299 18.74542 10.15472 3.47900 7.44629 2.96021 8.95691 17.07458 28.31268 4.52423 5.76782 11.10840 8.41522 11.87897 10.00214
0.03052 0.00000 0.00000 0.18311 0.46539 0.57220 0.00763 0.00000 0.00763 0.34332 0.10681 2.87628 7.74384 29.99115 42.90771 33.84399 14.22119 16.65497 87.01324 27.46582 12.55798 23.60535 21.33942 6.88934 3.28064 8.01849 9.55963 14.76288 8.81958 7.67517 12.46643
0.08392 0.03815 0.78583 0.54169 0.68665 0.06866 0.13733 0.07629 0.03052 0.45013 0.51880 1.13678 2.74658 2.92206 10.95581 30.80750 86.15875 20.43152 34.15680 20.80536 27.91595 94.80286 36.17096 102.51617 15.18250 13.99994 41.29791 28.64075 7.62177 4.54712 15.63263
0.64087 0.62561 0.51117 0.34332 0.11444 0.19073 0.30518 1.61743 0.69427 0.24414 2.26593 0.74005 0.67139 0.39673 1.48010 22.26257 28.11432 23.58246 33.26416 48.86627 14.57214 43.50281 57.06024 12.90894 37.18567 77.49939 30.59387 62.17957 9.79614 11.00922 10.39886
0.17548 0.24414 1.52588 2.28119 0.74005 0.74768 0.73242 1.02234 1.54877 0.67902 0.32043 0.74768 0.80872 5.65338 7.04193 11.77216 17.63153 18.03589 12.16125 13.29803 15.06042 18.46313 11.45935 6.10352 19.07349 43.01453 26.63422 12.91656 3.20435 9.14764 36.71265
0.24414 0.21362 0.12207 0.57983 1.15967 1.21307 0.76294 0.80872 0.93842 0.90027 1.04523 4.68445 18.56995 18.13507 31.53229 24.26147 27.58789 31.41022 21.53778 24.25385 34.21783 36.07941 7.87354 9.30786 23.26202 11.09314 2.19727 17.55524 10.71167 9.61304 13.69476
0.99945 0.84686 0.18311 0.40436 1.32751 1.19781 1.28937 1.38855 1.38092 1.45721 3.01361 13.38196 21.39282 37.63580 26.72577 34.97314 15.25879 32.60040 35.14099 30.42603 17.08984 32.04346 13.96179 12.90894 7.33948 2.46429 3.08990 17.32635 11.54327 16.60919 6.69861
0.91553 2.25067 2.64740 4.61578 2.51007 0.53406 0.83160 0.74768 0.76294 0.26703 1.60217 1.61743 4.53949 5.70679 9.96399 30.01404 3.37982 5.97382 43.81561 19.75250 21.82007 28.80859 37.16278 17.68494 1.60217 1.14441 6.52313 11.39069 18.41736 22.62878 6.05011
0.80109 1.15967 2.89154 7.21741 0.59509 1.60980 1.70898 1.51825 1.15204 0.45013 1.84631 25.68054 18.56232 2.16675 1.69373 14.45007 12.45117 6.99615 18.52417 31.46362 23.28491 20.42389 19.93561 25.43640 27.45056 4.69208 14.96887 7.86591 34.17206 14.54163 55.00793
