DATA/RAW-RASTER/ECMWF/20170628/EN-22/20170708.en-22.asc
ncols			31
nrows			16
xllcorner		69.5
yllcorner		19.5
cellsize		1.0
NODATA_value	-99999
2.07520 1.22452 0.41580 2.13242 4.44794 13.66425 0.78201 0.86975 0.71716 0.46921 1.16730 0.36621 1.38092 1.70517 1.57547 1.43433 1.71661 0.89264 1.84250 0.25558 0.03052 0.01526 0.02289 0.48447 2.51007 3.90244 3.36838 2.95258 2.44904 2.22778 7.29752
0.02289 0.01144 0.14496 0.16022 0.78201 1.02234 0.05722 0.93842 0.17166 0.00000 0.00000 0.00000 1.25885 3.17001 3.44086 4.44794 4.37546 0.75150 0.85831 0.08392 0.00381 0.25940 1.70517 0.70190 1.63651 4.21143 5.37491 6.62231 12.63428 5.58472 9.77325
0.06485 0.10300 0.01144 1.01852 10.77652 1.86157 0.33188 0.01526 0.00000 0.00000 0.00763 0.00000 0.09155 0.79727 2.15912 2.86102 1.15967 0.37003 0.41962 0.04196 0.71335 2.68936 5.29861 5.99670 5.78690 1.28174 1.19019 4.42123 12.60376 3.05939 14.10675
0.92697 0.26703 0.00000 1.38092 2.93732 2.22397 0.51117 1.60980 0.00381 0.00381 0.00000 0.15640 0.04196 3.28445 6.58798 2.71225 0.37766 0.23270 0.23270 0.51498 2.42615 1.93787 0.98419 0.46539 0.39291 0.32043 4.42505 1.91498 8.98743 8.83484 10.89859
0.83542 0.09918 0.01907 0.03052 1.28937 2.73514 4.27246 0.20218 0.65994 0.41199 0.06485 0.88120 0.90027 7.64084 14.08386 3.20053 1.73569 0.07629 0.00000 0.16785 1.83868 0.83923 1.75476 1.25504 3.78799 6.45828 2.65121 11.56235 10.73456 14.98795 10.71548
1.53732 0.00000 0.00381 0.13351 0.00000 0.00000 0.12207 1.03378 0.59128 0.70190 11.26099 6.37054 2.75040 1.15204 5.66483 12.15744 12.14600 4.10080 1.77383 2.93732 9.73511 14.82010 10.89859 10.60104 12.58850 17.86804 4.66919 7.22122 15.56015 12.83264 15.21301
0.00000 0.00000 0.00000 0.00000 0.00000 0.00000 0.00000 0.00000 1.43814 0.60654 1.43433 4.16565 7.83539 13.79395 2.25449 8.91876 17.95197 14.37759 8.73566 12.03918 14.54926 26.84021 21.95740 37.02164 15.11002 26.78299 18.84460 8.43430 7.23648 6.10733 12.22610
0.00000 0.00000 0.00381 0.00000 0.00763 0.00000 0.20218 0.00381 0.38910 1.07193 2.02560 3.12042 12.90894 29.88815 37.03308 22.86530 46.60034 10.78796 3.50571 8.16345 12.47025 14.22119 11.37543 43.57910 28.04947 35.46143 34.17969 12.56180 14.42719 7.45773 10.92529
0.00000 0.00381 0.00381 0.00000 0.01144 0.00000 0.18692 0.06866 1.18256 1.64795 0.94604 3.22723 12.40158 11.74164 12.90512 39.15787 45.21942 34.08432 21.85059 34.72900 28.07236 120.31174 118.60275 44.67392 18.52798 31.84128 17.10892 29.32358 13.28278 8.81958 4.13132
0.00000 0.01144 0.03815 0.05341 0.38910 0.04959 0.01144 0.43488 1.24359 1.93024 3.58582 8.63647 15.83862 36.84616 29.38461 13.91983 24.64676 17.08984 10.91766 24.41788 64.19754 9.96780 53.40958 20.31326 6.76346 46.40579 85.22797 25.97809 27.67181 8.48007 10.76126
0.16785 0.22125 0.21362 0.19455 0.36621 0.43106 0.24796 0.42343 0.25940 2.16293 2.00653 7.78580 8.41904 74.17297 10.16998 8.10623 13.11493 25.62714 14.73999 23.37265 28.82004 39.13879 92.47971 16.51001 18.56232 30.30396 16.32690 10.78415 20.58029 8.46481 2.43378
0.17548 0.30136 0.94986 2.21634 1.12152 1.22452 2.05994 0.18311 0.58365 0.93079 1.76239 4.33731 16.54434 30.46417 8.66699 8.50677 14.94598 2.17819 10.11276 31.39877 3.92914 5.07736 2.70081 6.09589 25.20370 10.18906 6.53458 6.35910 7.85446 3.45993 3.45230
0.57983 1.12152 1.25504 2.80762 3.55530 2.51389 2.05612 0.26703 0.26703 0.49591 0.87738 2.61307 3.34549 18.74542 1.65558 1.06430 0.30518 0.78964 7.27844 4.64630 9.78088 4.69589 12.97760 3.70407 45.80307 5.46265 0.96512 4.22668 5.61905 4.95148 3.25394
1.87302 1.60599 0.21744 3.68881 2.00653 2.41852 1.75476 0.92316 0.96893 0.28229 1.22070 7.89261 2.00653 5.63431 1.01471 0.03815 0.20599 0.84686 2.30408 1.35422 4.27628 15.92255 5.53513 9.88388 10.64301 4.54330 2.52151 2.34985 5.55801 8.69370 11.52802
2.11716 1.08719 1.87302 4.33731 1.71661 2.00272 1.96838 1.19019 2.11716 2.06757 5.90134 1.05286 4.35257 1.96457 0.53024 0.17929 1.44577 0.88882 0.78583 1.31607 5.19562 10.20050 23.35739 18.62717 1.39999 3.37982 2.22778 2.10190 3.47137 4.97818 14.61029
2.40326 3.38364 6.12259 9.16290 1.75476 1.96075 1.80817 1.77002 6.73676 16.83044 13.70621 6.85883 4.26483 2.67792 0.73242 0.38147 1.04904 0.68665 1.77765 1.02997 3.76892 5.45883 7.98035 23.86475 9.36508 6.74820 3.23105 2.72369 1.82343 1.37329 3.68500
