DATA/RAW-RASTER/ECMWF/20170628/EN-22/20170711.en-22.asc
ncols			31
nrows			16
xllcorner		69.5
yllcorner		19.5
cellsize		1.0
NODATA_value	-99999
0.02289 0.09918 2.22778 5.72968 5.17273 7.62177 0.27466 0.00000 0.24414 0.80872 0.33569 0.20599 0.41199 0.09155 0.15259 0.46539 0.81635 1.94550 1.51825 5.66864 6.69861 7.46155 1.19781 0.45013 0.10681 0.08392 0.56458 0.40436 1.69373 2.59399 3.66211
0.00000 0.03815 11.65009 13.05389 12.17651 4.05884 6.88934 1.09863 0.68665 4.92859 2.16675 0.23651 0.57983 0.38147 0.11444 0.25940 0.23651 0.63324 0.88501 7.05719 15.61737 5.57709 0.78583 0.20599 0.45013 0.79346 0.64850 1.87683 2.23541 7.91931 5.53131
0.00000 1.12152 1.19019 15.35034 11.52039 29.04510 35.15625 3.94440 20.22552 3.15857 2.25830 1.78528 0.46539 0.50354 0.00000 0.04578 0.08392 0.26703 1.96838 1.60217 12.39014 1.02997 0.06104 1.61743 4.69971 1.17493 1.60980 3.65448 2.20490 5.48553 4.18854
0.94604 0.55695 2.09045 2.92206 20.55359 61.47003 22.48383 89.91241 2.87628 4.84467 4.18091 0.77820 0.14496 0.62561 0.61798 0.10681 0.12207 0.80872 1.32751 1.73950 3.89862 2.80762 3.41797 3.07465 0.80872 0.19836 2.22778 1.67847 2.69318 4.57764 4.73785
1.44958 0.00000 0.00000 0.00000 4.23431 13.56506 11.25336 23.38409 16.21246 3.05939 1.80054 7.43103 1.89209 4.57001 1.52588 6.38580 0.50354 2.86102 1.97601 3.38745 11.36017 8.94165 15.32745 6.53839 0.68665 1.28174 2.46429 5.64575 7.32422 8.49152 10.01740
0.38910 0.00000 0.00000 0.00000 0.00000 0.29755 1.24359 7.43103 10.66589 13.23700 19.30237 15.05280 26.57318 18.58521 10.91766 2.14386 4.06647 3.52478 3.96729 4.87518 2.55585 8.62122 6.56891 10.15472 3.54767 3.77655 6.05011 12.34436 8.99506 11.66534 10.20050
0.00000 0.00000 0.00000 0.00000 0.00763 0.03052 0.00763 0.90027 2.87628 16.12091 22.66693 18.37158 4.38690 5.98907 14.26697 5.81360 6.55365 4.89044 9.13239 6.36292 6.30951 8.63647 11.94000 9.71985 21.98029 18.51654 49.88861 23.07892 13.93127 9.17816 11.15417
0.00000 0.00000 0.00000 0.00000 0.00000 0.00000 0.16022 0.06866 0.86212 1.79291 26.33667 67.70325 59.50928 4.52423 54.79431 45.63904 16.69312 6.08063 5.42450 3.66211 2.95258 9.66644 5.58472 31.18896 51.23901 121.38367 66.70380 18.34106 37.52899 16.31927 13.96942
0.00000 0.00000 0.00000 0.00000 0.00000 0.00000 0.00000 0.00000 0.00000 0.00000 1.80817 6.34003 24.69635 13.48877 16.73126 15.77759 21.50726 37.55951 62.66785 44.01398 102.57721 147.20154 75.08087 28.03040 28.37372 32.93610 27.19879 13.22937 10.27679 5.60760 10.97870
0.13733 0.11444 0.19836 0.18311 0.12207 0.11444 0.00763 0.00000 0.00000 0.00000 0.66376 1.06049 4.82178 40.33661 60.81390 42.24396 25.13123 19.18030 20.71381 9.68933 14.13727 24.27673 50.49133 19.69147 13.79395 15.08331 17.78412 7.88879 6.94275 5.02777 5.55420
0.57220 0.60272 0.67139 0.56458 0.06104 0.08392 0.03815 0.57983 0.00000 0.00000 0.01526 0.57220 5.70679 4.61578 9.59015 23.78845 39.26849 16.70074 24.60480 8.62885 50.09460 135.53619 79.42200 11.15417 4.97437 52.84882 11.65009 9.14764 20.14160 17.28821 8.30841
0.38910 0.29755 1.14441 3.28827 1.98364 0.25940 0.65613 1.35040 0.02289 0.19073 1.02997 11.64246 10.45990 9.06372 10.71930 12.51984 25.58899 17.40265 13.25989 21.33942 28.53394 47.41669 4.27246 2.22015 11.26099 35.17914 15.07568 8.25500 8.30078 6.19507 4.31824
0.62561 1.45721 0.38910 0.49591 1.52588 1.84631 2.15149 2.25830 1.09100 2.28882 6.24084 11.88660 11.40594 13.94653 10.41412 19.02771 11.92474 13.94653 24.23096 24.04785 45.46356 66.16211 13.35907 21.24023 9.10950 4.79889 1.15967 8.71277 10.01740 7.94983 8.86536
2.00653 2.71606 0.59509 2.60162 2.28119 1.60217 0.61035 9.24683 7.65228 4.33350 4.75311 7.08771 16.00647 11.03210 10.55145 20.64514 14.38141 11.45172 31.86798 17.73071 4.97437 47.59216 24.04022 42.14478 20.56122 10.51331 5.48553 18.60046 17.00592 16.77704 8.99506
0.93842 3.03650 2.61688 2.57111 2.22778 0.81635 4.19617 2.60162 8.53729 0.73242 8.04138 6.88934 7.61414 13.02338 15.39612 5.47028 7.78198 6.24084 10.83374 11.76453 14.39667 16.42609 50.12512 19.96613 2.09045 0.54932 12.22229 7.07245 15.23590 36.56769 13.42773
0.77057 2.63977 2.96783 8.70514 1.70898 7.65228 18.28003 11.21521 13.25989 2.44141 10.13184 26.58081 5.26428 4.50134 3.29590 0.63324 6.37817 5.43213 9.62830 4.85992 4.21906 6.08063 15.75470 24.80316 37.52136 1.92261 48.24066 124.21417 22.07947 11.94000 20.88165
