DATA/RAW-RASTER/ECMWF/20170628/EN-22/20170709.en-22.asc
ncols			31
nrows			16
xllcorner		69.5
yllcorner		19.5
cellsize		1.0
NODATA_value	-99999
3.95203 1.99127 7.02667 2.10571 4.44031 13.16071 0.24414 0.16022 0.56458 1.90735 1.61743 1.36566 2.79999 4.88281 5.12695 8.57544 6.87408 5.83649 7.75146 5.95093 0.54169 1.69373 1.34277 0.45013 0.16785 0.03815 0.00000 0.00000 0.01526 0.00000 0.03052
0.32043 1.19019 15.75470 9.17816 9.34601 6.60706 3.18909 2.00653 0.72479 0.06104 0.64087 0.20599 3.31116 3.89099 7.10297 3.54004 9.87244 2.60925 13.03101 10.23102 6.46210 4.36401 3.31879 0.63324 1.05286 2.18964 0.70953 0.06104 0.29755 0.72479 0.03815
0.00000 9.87244 3.76892 15.62500 9.57489 5.92041 4.75311 0.13733 0.05341 0.00000 0.00000 0.03052 2.29645 11.26099 7.93457 4.95148 11.87897 8.35419 5.50079 16.40320 20.45441 14.32037 24.75739 13.71765 9.81140 1.66321 1.60217 0.72479 1.33514 1.04523 0.05341
0.03815 0.20599 5.56946 9.30786 21.18683 17.96722 4.75311 6.71387 0.06104 0.01526 0.06866 0.00763 0.86212 1.67084 7.08008 9.37653 9.68933 3.57819 4.04358 10.38361 8.83484 10.29205 9.34601 14.67896 6.73676 2.25067 5.27954 1.41144 0.47302 0.22125 1.18256
0.96130 0.55695 0.19836 5.41687 5.94330 11.09314 8.26263 1.35040 5.76782 2.96021 0.00000 1.20544 3.26538 6.40869 17.95959 5.50842 8.97980 5.94330 6.01959 7.79724 4.21143 16.65497 20.93506 6.89697 7.00378 9.53674 14.09912 22.97211 8.65173 2.19727 2.25067
1.85394 0.01526 0.01526 0.00000 0.00000 0.03815 2.42615 11.72638 5.19562 4.37927 5.35583 3.31879 7.07245 1.64795 5.19562 3.55530 1.24359 12.06207 12.02393 7.20978 7.51495 4.02832 2.07520 5.24139 6.82831 14.53400 11.95526 12.48932 26.71051 15.96069 17.82990
0.04578 0.00000 0.18311 0.00000 0.00000 0.00000 0.82397 2.28119 6.44684 6.56128 2.08282 131.41632 57.37305 25.18463 21.60645 10.75745 9.32312 8.91876 12.10785 14.06860 16.47186 9.33838 6.55365 5.79071 16.75415 67.76428 44.18182 21.04187 12.03918 22.99500 31.79169
0.00000 0.00000 0.00000 0.00000 0.00000 0.62561 0.47302 1.09100 0.34332 3.77655 6.46973 5.10406 22.39990 45.81451 43.27393 57.37305 33.31757 19.23370 14.39667 14.19830 17.83752 17.74597 11.08551 36.56769 31.98242 72.68524 66.30707 18.86749 25.16937 11.24573 28.03040
0.00000 0.00000 0.00000 0.00000 0.00000 0.00000 0.03052 0.09918 2.17438 2.66266 8.70514 6.95038 8.90350 82.08466 36.20911 44.36493 52.08588 36.48376 75.05798 80.88684 91.52222 141.51001 75.85144 36.02600 7.15637 18.90564 51.98669 56.51093 45.24994 18.15796 18.22662
0.00000 0.00000 0.00000 0.07629 0.45013 0.00000 0.12207 0.47302 0.91553 1.83868 2.24304 1.77002 3.99017 3.82996 20.29419 12.24518 25.69580 12.96997 10.00214 19.69910 8.30841 19.44733 61.43951 19.56177 4.41742 8.08716 42.16003 67.16919 20.02716 4.65393 17.79938
0.31281 0.10681 0.78583 0.17548 0.01526 0.11444 0.03052 0.49591 1.06049 3.82233 1.22070 3.86047 6.11115 13.19122 8.33130 0.75531 1.74713 2.63214 1.65558 0.90790 2.38037 9.32312 18.61572 6.05011 1.67847 8.02612 8.45337 16.02173 25.50507 6.32477 24.42169
1.41907 0.03815 0.31281 1.53351 0.52643 1.23596 0.54932 0.68665 3.59344 5.02014 14.88495 14.17542 19.90509 5.69916 6.27899 1.83105 1.02234 0.26703 1.05286 1.99127 2.77710 2.42615 1.68610 12.15363 4.57001 13.60321 1.87683 13.87024 14.19067 8.60596 7.91168
0.74768 3.80707 0.94604 1.09100 1.24359 0.51117 0.58746 4.75311 12.84027 8.44574 15.81573 37.98676 21.73615 6.83594 2.43378 1.09100 0.00763 0.54932 3.39508 7.37762 8.41522 7.43103 2.73132 11.64246 11.73401 2.55585 1.44958 7.83539 19.62280 27.96936 4.31824
1.66321 1.12152 0.74768 4.21906 1.49536 1.15967 1.12915 3.56293 32.17316 13.13782 16.13617 18.45551 12.66479 5.58472 1.25122 0.35858 1.25122 0.99182 3.57056 4.17328 4.58527 4.41742 5.01251 8.72040 5.40924 0.52643 4.22668 12.67242 8.76617 39.42871 25.57373
1.87683 3.28064 0.78583 2.81525 5.74493 0.83923 0.88501 1.57928 4.82941 3.94440 13.10730 8.30841 15.87677 4.70734 3.54767 2.06757 5.53894 3.01361 2.26593 1.80817 2.28882 1.96838 4.87518 13.64899 3.14331 0.83923 6.94275 1.06049 6.91986 17.18903 6.13403
1.45721 2.05231 2.64740 30.82275 3.02887 1.44958 2.92206 4.29535 14.81628 13.66425 30.43365 20.34760 8.98743 15.73944 5.11932 9.91821 5.37872 4.21143 5.08118 3.37219 2.69318 1.68610 2.97546 5.44739 14.82391 3.20435 3.08228 1.57166 2.12860 4.11224 6.01196
