DATA/RAW-RASTER/ECMWF/20170628/EN-22/20170702.en-22.asc
ncols			31
nrows			16
xllcorner		69.5
yllcorner		19.5
cellsize		1.0
NODATA_value	-99999
0.01907 2.25067 10.67734 7.49969 4.99344 1.96075 4.23431 0.59128 0.28229 0.01526 2.66647 3.28445 1.70135 2.60544 0.54932 0.06104 1.76239 0.86594 0.35477 0.04578 0.01907 0.01144 0.00000 0.02289 0.00381 0.00000 0.02289 0.06866 0.47302 0.34714 2.46811
0.00000 0.44632 4.50897 7.15637 3.63541 2.71606 1.02997 0.66757 0.73242 1.10626 3.45612 4.52042 1.85394 11.43265 11.84082 12.44736 5.99670 1.04523 0.32043 0.91553 1.25885 1.99890 2.34222 1.43433 1.09863 1.13678 0.35858 0.39673 1.14059 0.19836 2.70844
0.27084 0.36621 0.08011 2.00653 4.60434 4.35257 8.61359 0.56458 1.97983 1.74713 1.93787 8.56781 6.56509 7.32422 4.46320 8.96454 13.01575 7.51495 10.37979 13.73291 15.00702 23.18954 10.59341 4.72641 1.99509 1.28174 1.27029 0.45395 1.48773 0.16785 4.42505
2.18201 0.05341 0.09918 0.28229 2.60544 5.05829 2.14767 7.82776 1.82343 1.37329 3.42560 2.06757 7.77435 8.47244 3.37601 9.38416 5.48935 1.95694 4.05502 4.28009 4.22668 13.88550 11.94000 16.68167 14.43481 8.90732 4.77600 5.09644 2.79617 7.86972 9.95255
3.01743 0.46539 0.00000 0.00763 0.03815 0.20599 5.57709 15.56015 5.12695 1.93024 1.23596 1.60217 2.31934 1.43433 0.73242 1.06812 3.39508 3.34167 7.09534 4.55475 2.97165 9.82666 9.71222 13.62610 10.10513 7.83157 2.93350 4.94385 11.50894 11.30295 7.45773
4.34113 4.54330 0.00000 0.06866 0.69046 1.88065 13.90839 21.00372 19.76776 12.32147 6.01196 5.10788 2.94876 1.89209 3.79562 8.02994 12.39395 11.02448 13.29041 11.19995 10.92529 13.48877 12.58850 8.97980 9.61685 3.23486 1.71661 8.50296 8.67462 11.85608 13.66425
0.54169 2.21252 0.03433 0.00000 3.52859 15.69366 25.71487 18.70728 13.19122 19.09256 12.58087 6.62613 5.37109 7.80869 5.76401 1.36948 1.52588 4.00162 2.00272 5.46646 2.57874 4.18091 6.72150 8.31985 7.21741 3.25775 3.54385 2.37656 6.51550 24.42551 8.62885
0.00000 1.30463 0.53024 1.13297 4.00925 15.56778 14.98032 26.05820 12.76398 14.94217 11.02829 5.20706 10.10895 3.99399 14.28986 20.14542 5.08118 0.93079 0.80872 3.16238 4.07028 11.04736 5.19562 25.85220 20.27893 32.48978 150.18082 29.47617 26.97372 12.94327 15.68604
0.00000 0.01144 1.93787 1.04904 5.80215 27.86636 17.58194 11.03973 12.07352 6.81305 2.34985 3.02887 6.08444 24.58191 17.10129 86.49063 15.96451 18.03970 20.16449 108.04749 110.84747 35.45761 32.54700 48.60687 7.89261 11.07025 17.35687 64.76593 36.25107 18.45169 19.32144
0.00000 0.00000 0.43488 0.74768 23.06747 3.28064 10.59341 12.38632 25.88654 4.18854 1.72806 0.73624 25.13123 4.90570 17.28821 29.70505 28.38135 25.89035 11.36398 18.24188 26.00861 11.67679 19.56940 22.76611 9.04846 11.36017 55.38559 94.60068 130.82886 17.29202 16.61682
0.14877 0.14496 16.62064 4.42505 8.88443 4.68826 48.49243 11.89041 3.39127 3.06702 0.43488 0.99182 1.02615 3.21579 24.46365 19.89746 15.82718 19.43588 23.12088 38.48267 39.61563 59.93271 55.53055 22.43042 23.12088 16.96396 5.54657 15.38467 73.74191 43.32733 14.52637
0.43488 0.52261 2.94113 25.44403 7.40433 3.65829 2.46429 0.82397 0.86212 0.22125 0.15259 1.86920 1.36185 2.44522 1.67847 3.68118 2.09427 6.77109 12.59232 11.42120 22.66312 11.39069 3.90244 8.40378 5.94711 5.46646 3.92151 13.83209 44.71207 25.39444 18.31436
0.58365 1.37329 1.31989 4.97437 3.44467 5.30624 3.62015 0.63324 0.98419 2.54059 3.28064 1.15585 1.84250 2.99454 11.98959 15.61356 0.89264 7.39288 15.83862 18.13126 19.52744 11.95526 14.99176 15.52963 4.44412 0.51880 2.15530 14.69803 24.92905 35.55679 9.28116
0.97656 1.51825 0.56076 5.92804 31.99768 22.46094 14.30511 11.82938 10.14328 12.10785 2.20108 0.96130 1.15585 1.23978 1.14822 1.41525 0.82397 6.21414 20.56122 15.14816 7.97653 24.47128 25.13504 35.40421 4.55093 1.44577 6.41632 11.74545 26.77917 39.95514 17.80701
3.23486 0.77820 2.90298 17.82990 85.70480 40.37857 13.94653 26.19171 8.25119 2.21634 3.02124 1.99890 1.46484 0.35095 1.12915 0.57983 2.54440 2.96021 2.04849 4.45938 10.06699 25.26474 32.61948 26.22604 11.26480 2.91061 11.90567 6.45065 18.65768 32.52411 20.22171
3.34930 2.81525 5.05066 16.94107 14.86206 13.05389 4.52042 12.10403 1.06812 0.44250 0.81635 1.07956 0.31281 0.33951 1.03760 0.35858 1.01852 1.27411 7.96890 4.16183 6.96945 12.56180 13.37814 30.33447 55.16434 6.53839 18.69583 4.43268 3.98636 7.48444 14.33945
