DATA/RAW-RASTER/ECMWF/20170628/EN-22/20170710.en-22.asc
ncols			31
nrows			16
xllcorner		69.5
yllcorner		19.5
cellsize		1.0
NODATA_value	-99999
0.67902 1.06812 8.30841 4.07410 1.13678 1.04523 0.08392 0.04578 0.25177 1.38092 0.29755 0.52643 1.57928 1.06049 0.86212 2.71606 7.29370 7.53021 13.35907 8.84247 2.25830 1.29700 1.25122 1.02234 0.73242 0.63324 0.67902 0.39673 0.57220 2.51007 0.69427
0.00000 1.23596 3.21198 12.89368 7.51495 1.83868 2.26593 2.14386 0.29755 1.28937 6.24847 2.36511 1.00708 2.81525 0.86212 1.72424 4.94385 6.85120 11.13892 3.87573 3.72314 1.83868 1.42670 1.73950 3.33405 2.78473 1.33514 1.45721 0.55695 1.28174 2.05231
0.13733 2.57111 2.01416 8.81958 1.54877 5.18799 7.16400 0.16785 8.39996 1.42670 9.35364 10.07080 2.51770 2.82288 1.41144 2.22778 1.45721 4.24194 7.16400 6.84357 1.04523 4.63104 6.17981 15.07568 10.16998 6.04248 2.89154 0.79346 2.87628 1.58691 1.60980
0.24414 0.39673 1.00708 7.75146 0.90790 7.55310 2.32697 1.98364 0.54932 3.20435 4.29535 8.86536 8.17871 4.37927 2.89154 1.29700 4.41742 2.28882 5.84412 4.97437 2.26593 5.43213 8.75854 19.56177 23.29254 19.72961 25.99335 25.08545 16.41083 17.24243 12.02393
3.34930 0.09918 0.28229 0.23651 9.72748 19.59229 2.63977 3.70026 8.12531 0.78583 0.36621 1.86157 4.50897 16.51001 13.83209 5.31006 6.70624 11.61194 10.60486 5.95856 7.34711 8.93402 8.28552 10.09369 23.76556 21.46149 21.49200 15.68604 18.63861 24.11652 12.15363
0.01526 0.01526 0.00000 0.21362 0.13733 4.57001 8.37708 5.64575 2.67029 4.22668 76.63727 15.99884 11.59668 1.13678 9.45282 12.53510 14.22882 8.47626 16.81519 16.43372 17.70020 11.35254 13.80920 14.79340 14.12964 15.88440 18.45551 12.40540 5.69153 7.69806 10.74219
0.01526 0.00000 0.00000 0.00000 0.31281 1.37329 1.30463 1.04523 4.95148 7.91168 9.41467 40.45105 18.68439 4.51660 0.61035 1.35803 5.17273 7.95746 5.48553 10.65063 8.65173 7.40051 12.32910 7.08008 13.59558 77.79694 44.84558 23.26202 13.82446 12.67242 14.82391
0.00000 0.00000 0.00000 0.01526 0.00000 0.00000 0.21362 0.11444 4.05884 16.15906 77.93427 60.97412 6.88934 24.71924 84.39636 160.94971 57.75452 19.51599 10.96344 6.53839 15.54108 20.88165 18.77594 27.84729 20.62988 68.17627 73.67706 38.10883 83.51898 19.72961 23.36121
0.00000 0.00000 0.00000 0.00000 0.01526 0.00000 0.01526 0.00000 0.81635 1.66321 26.42822 23.49091 3.76892 6.24847 7.98035 39.15405 32.74536 49.97253 27.51160 108.61969 63.51471 229.76685 124.61090 44.50989 15.56396 14.30511 29.74701 12.13074 38.85651 16.85333 18.92853
0.03052 0.01526 0.02289 0.28992 0.13733 0.00000 0.00000 0.11444 0.12970 10.59723 5.76019 4.32587 4.69208 2.75421 9.35364 31.20422 32.58514 11.10077 6.85883 5.97382 8.33130 5.11932 7.70569 8.43811 9.72748 13.62610 38.54370 41.35895 87.26501 24.50562 13.47351
0.21362 0.54169 1.30463 0.46539 0.00000 0.05341 0.19836 0.01526 0.48065 2.51007 4.23431 15.41138 9.23157 7.56073 18.95905 13.21411 4.30298 0.22888 1.26648 0.74768 3.56293 6.59180 32.15027 9.15527 3.54767 6.39343 12.33673 18.38684 64.04877 28.93829 12.42065
0.70190 0.52643 0.40436 1.06812 0.41199 0.43488 0.51880 5.37109 1.38855 6.68335 5.26428 3.30353 2.36511 2.25067 21.15631 14.09912 1.67084 1.16730 5.19562 2.58636 2.72369 4.68445 5.04303 3.25012 1.44958 11.71875 1.20544 35.95734 12.11548 40.76385 19.73724
0.72479 2.66266 5.72205 1.83105 3.61633 0.99182 0.31281 1.74713 1.42670 9.76562 23.96393 25.84076 5.24139 3.98254 1.86157 3.18146 0.90027 6.51550 7.22504 5.37872 6.07300 3.32642 3.22723 4.82178 4.36401 0.19073 0.25177 7.57599 25.84839 24.72687 23.68164
3.08228 2.00653 0.31281 2.58636 3.53241 0.90790 0.89264 3.92151 7.87354 9.34601 10.10132 15.47241 12.27570 5.33295 5.24902 4.20380 3.26538 1.08337 6.42395 12.07733 8.79669 22.71271 13.76343 19.69147 3.14331 0.03052 0.58746 0.70953 15.89203 13.28278 31.63147
3.18909 2.72369 2.03705 5.39398 32.36389 1.85394 0.95367 3.65448 17.05170 19.11163 26.45111 8.41522 2.41852 1.64795 3.52478 11.20758 1.51062 10.39124 9.36127 15.75470 11.94000 12.10785 18.33344 14.28986 0.65613 1.63269 1.74713 0.56458 2.02942 8.27026 14.52637
1.33514 2.92206 2.85339 53.65753 16.72363 4.09698 3.82996 13.74054 26.13068 5.95856 27.46582 9.34601 5.46265 2.40326 11.20758 8.24738 5.77545 7.90405 5.39398 3.92151 9.91058 7.69806 9.45282 14.65607 21.47675 5.57709 17.25006 1.23596 0.76294 1.02997 2.16675
