DATA/RAW-RASTER/ECMWF/20170628/EN-22/20170628.en-22.asc
ncols			31
nrows			16
xllcorner		69.5
yllcorner		19.5
cellsize		1.0
NODATA_value	-99999
3.66783 8.51822 8.27789 11.19041 11.38878 5.17082 6.82831 6.11305 0.99564 0.00000 0.83542 2.92587 3.91197 4.82941 8.13484 3.61252 3.61061 0.72098 0.87547 2.63023 7.27844 4.23050 1.61743 2.40517 2.01035 0.83733 0.88310 0.83160 2.36893 3.60298 3.92342
3.66211 3.36075 8.68607 20.71381 4.72641 6.95229 9.00650 2.57874 4.39453 0.68855 3.01361 3.21007 6.79588 14.58168 16.15906 6.73294 2.30789 5.57518 14.37759 6.09016 4.36974 6.35910 6.60515 2.58636 2.59972 0.82397 0.32234 1.45340 1.02806 0.49400 2.60735
7.32422 16.76369 25.91324 33.95844 15.24925 24.66011 21.94405 11.18088 4.76456 3.69835 1.88828 1.10054 3.05748 3.59726 3.70789 6.17981 10.41412 4.47464 8.08334 13.18359 6.75392 10.76698 0.92888 7.88879 2.34985 0.83733 0.48065 0.97466 0.34523 1.29700 6.24084
8.92067 23.90289 24.47891 28.32603 28.06282 34.95026 14.06670 17.14134 10.31876 2.04468 1.17874 2.11143 0.48256 8.07762 6.03867 3.82805 7.29370 7.09343 8.34465 14.57977 14.81056 10.62965 11.38878 12.59041 5.97191 0.20218 4.21143 1.37329 1.80626 1.77383 12.26425
4.19998 30.20096 20.24269 25.88844 29.10042 69.73648 45.05157 4.43840 23.07892 5.79643 0.72289 0.58556 1.07384 2.55203 2.89536 3.48282 3.89862 7.77245 9.89342 20.11871 13.40294 14.15634 7.25746 3.72124 4.25911 8.92258 6.50024 9.57298 6.40488 4.10652 11.71112
11.45744 10.07271 15.04707 21.69228 32.23228 28.76282 33.56171 26.56937 16.56342 18.57567 28.86772 3.12805 3.08800 0.31471 1.08910 2.92969 6.63185 3.65257 7.31850 8.99696 6.98853 12.74109 12.69341 15.21301 17.51900 15.09666 3.21007 1.16730 23.31924 7.82013 6.54411
7.68471 30.60341 6.78635 8.06999 24.17755 22.75658 26.32141 23.87619 17.19666 6.39343 7.24602 16.63399 7.69997 9.16100 5.89180 8.26454 2.01988 0.62752 6.14929 10.36072 6.43349 4.25529 17.09747 8.76427 14.69231 30.15518 15.72609 6.17599 1.75095 14.25743 6.20079
53.85208 4.12941 2.80380 18.84460 10.67543 12.78877 18.28575 14.49776 29.09470 12.46071 3.79372 2.50053 0.17929 9.60732 19.46640 12.57515 6.60706 3.54767 7.01523 6.07109 10.23674 16.32500 4.76456 48.64883 19.59038 49.78752 21.10100 3.94630 81.07185 16.65878 6.48880
29.06036 34.41811 5.92613 2.46239 4.86565 11.77788 41.15486 24.47701 31.15654 10.63919 10.75172 11.54327 2.32697 2.03514 4.82559 0.76485 2.18010 10.95772 10.33401 37.22763 21.50917 17.56859 8.86154 17.31300 22.54295 13.58795 15.24353 18.94379 69.16809 11.51085 2.71797
13.77487 2.89536 1.74332 1.55258 2.63023 8.36182 13.90457 33.05817 85.34813 20.54787 2.50435 9.22775 4.40598 1.02425 0.41389 0.19264 1.08719 1.46866 2.65312 0.97847 16.00266 7.40814 23.90862 19.55605 6.51932 16.82281 31.58951 34.19685 31.91948 6.44493 6.88171
5.39780 2.52914 1.73378 1.15395 6.23703 12.09641 3.88336 22.15385 36.61156 46.40961 20.69283 15.19394 10.64491 11.25908 1.75095 0.91743 1.18446 2.52914 1.32370 3.26920 4.47083 17.05360 17.53235 4.06837 13.25226 20.63942 23.75221 18.41354 34.13200 8.14247 9.69505
1.32561 0.50735 0.28419 14.98413 12.20703 2.35176 2.34222 3.92723 30.53284 24.58572 52.94991 14.97078 7.00951 5.11169 0.58174 0.53596 3.62968 2.67410 1.65939 2.02560 3.59726 5.70107 5.83267 18.73779 18.72063 21.18874 4.30489 18.60237 9.14955 13.89313 20.87021
7.73430 6.76727 1.18256 11.74545 0.56648 1.75476 10.31303 4.82368 10.04410 15.29884 29.79279 31.96907 10.15663 3.03459 9.52530 4.72260 10.29968 8.60596 12.69913 10.69832 6.29997 11.01112 3.60489 22.44568 6.99806 6.23703 8.36372 11.84654 29.90913 13.17024 10.18906
11.47461 8.12721 7.83348 6.92749 2.40135 3.88336 4.20189 10.15282 8.00705 4.62723 26.41106 42.10091 11.68251 4.33350 6.13022 10.45609 2.68745 7.99942 9.05418 7.17545 7.72667 8.81577 5.77927 13.95798 5.60951 3.77274 0.53406 9.52530 9.89914 5.00488 15.40184
66.20026 18.51273 13.30948 24.15085 2.64740 1.31035 3.57056 11.03210 13.68904 10.36072 7.41577 11.54327 15.33890 36.43227 11.31630 11.05309 14.82391 10.85663 7.51877 6.21605 5.34248 7.66373 8.67844 9.55009 2.68173 0.48637 1.70517 7.10297 2.85530 15.66124 10.95009
21.92879 94.50340 38.33199 26.14212 2.36893 5.63622 4.01306 13.40866 5.98145 7.51495 21.89255 38.86223 84.81789 55.22346 125.92697 32.82738 26.33667 10.64873 24.27483 9.01031 4.14085 6.24847 15.14626 12.94327 7.17354 1.00327 3.82423 4.50516 3.59535 7.18117 23.55385
