DATA/RAW-RASTER/ECMWF/20170628/EN-22/20170705.en-22.asc
ncols			31
nrows			16
xllcorner		69.5
yllcorner		19.5
cellsize		1.0
NODATA_value	-99999
12.99667 4.08554 11.69968 2.71606 3.95966 2.05612 1.84250 0.23270 0.22125 0.11444 5.87463 3.21579 2.10953 1.06049 1.29318 5.74112 2.27737 0.28229 0.16022 0.39673 1.15967 2.71606 3.86429 5.49698 6.51169 5.46646 6.55746 8.41904 8.75473 13.29422 18.71109
1.90735 0.01907 9.64355 10.05554 7.92694 0.71716 0.03433 0.01907 0.25177 0.27084 2.01416 1.14441 1.45721 1.03378 1.24741 0.96130 0.35095 0.11444 0.17548 0.30899 1.07574 1.56021 1.58691 6.11877 8.33893 15.39612 12.69150 16.25443 16.55197 15.85770 14.49203
0.62180 3.24631 2.51389 4.57001 5.77927 1.51443 0.37003 0.13733 0.08774 0.01907 0.05722 0.07248 0.28229 0.76294 0.49973 1.12534 0.46539 0.34332 0.82016 1.23596 1.94550 3.84903 8.27789 8.66318 15.77377 14.99176 10.71167 16.57486 19.37103 22.30453 28.35464
1.35422 0.02289 0.85068 3.28827 4.02832 2.46429 1.01852 1.31989 0.01526 0.01526 0.16403 0.15640 0.15259 1.35422 4.39453 6.57272 7.97272 4.93622 3.18527 7.32040 5.68390 10.23102 10.39505 16.96396 13.69858 8.17108 7.73621 6.71768 12.40158 9.52911 14.55688
2.02560 0.00000 0.06104 0.95749 1.96838 4.52042 2.43759 2.44904 0.67902 0.57983 0.07629 1.16730 2.58636 7.62558 7.93839 8.11768 6.62994 18.96286 16.41464 9.07898 10.14328 6.37436 7.51495 7.25555 6.89697 3.95584 3.21960 5.22614 3.94058 3.42560 10.91385
7.79343 0.00000 0.00000 0.00000 0.06104 0.31662 0.78964 4.28009 5.14221 3.93295 12.16888 7.35474 12.18033 9.35364 5.93948 4.28009 6.55746 6.50024 6.05392 2.51389 1.92261 1.95312 4.25720 10.43320 10.76889 14.41574 9.49860 0.59509 0.55695 2.53296 4.79126
0.14877 0.00000 0.01907 0.00000 0.00000 0.01526 0.35858 0.48447 2.28500 4.44794 8.21686 98.51837 21.91162 36.22437 9.33075 1.85013 5.09644 3.43323 0.57602 6.59943 3.94440 3.40652 3.36075 6.06537 11.65771 54.84009 40.62653 11.89804 0.58746 0.82397 1.94550
0.00000 0.00000 0.00000 0.00000 0.00000 0.32806 0.10300 0.86212 0.36621 2.44141 6.31714 9.27734 42.45758 208.40454 44.12079 25.65384 9.49097 8.82721 3.28064 4.54712 16.25061 23.25439 7.17163 24.13559 13.61465 11.92856 17.94052 19.32907 19.35577 4.46320 4.96292
0.01526 0.01526 0.02289 0.36621 0.10681 0.02289 0.12970 0.01907 0.15640 1.11389 5.82504 13.98468 33.40149 46.65375 38.28430 14.45007 8.54111 39.59274 11.84464 27.91214 82.07703 191.89453 29.80804 7.64847 9.17435 20.58029 25.51270 52.92130 35.65598 6.86264 3.13950
0.04196 0.08774 0.33188 0.82779 0.93079 0.06866 0.01526 0.00000 0.00381 0.00000 0.46539 6.08444 32.73773 29.44565 85.81161 14.67514 6.82831 26.57318 8.51440 8.10623 9.55200 6.96182 28.11050 8.62885 16.01791 14.23645 9.12094 5.93185 23.34976 4.22287 1.39236
0.77820 0.48065 0.95367 0.61798 0.02289 0.16785 0.20981 1.28555 0.00381 0.00381 1.27411 3.96729 12.40158 14.36615 20.03860 45.46356 2.83051 18.03970 11.85608 10.49042 13.56506 10.84900 21.31271 5.73349 9.16290 6.32095 2.58636 3.68118 11.58905 0.90790 0.64850
0.52643 0.35477 1.27792 3.76511 2.36511 0.88120 0.05722 0.13733 0.18311 0.24414 1.07574 3.26920 6.29425 12.07733 29.30832 99.08676 5.42068 17.34543 22.48001 23.17429 11.31058 4.98581 1.40762 20.43915 14.07242 1.22070 2.09045 3.70026 8.05283 6.20270 0.92697
0.45395 0.96512 0.98801 0.60654 1.42288 0.89264 0.22888 0.17929 0.16403 0.30518 0.88882 1.05286 1.74713 21.15631 27.87018 11.47842 3.86429 4.90570 13.13019 30.66254 34.45053 5.29099 8.14819 9.52530 13.86261 7.48062 0.38528 3.96729 3.21579 5.93948 1.11008
1.18637 1.60599 0.76675 1.53351 1.73569 1.36566 1.04523 3.05176 1.82724 0.42343 0.36621 0.59128 4.09698 19.63043 9.77707 8.57925 0.68283 5.10025 22.40753 49.58725 13.66425 31.78024 3.79181 33.15735 9.31931 1.70517 1.00708 1.57166 3.02124 0.97275 0.91171
2.96783 0.46158 1.25122 2.40326 2.20108 0.86975 1.04523 2.06757 1.00708 1.23596 0.16403 4.24957 0.70190 3.81088 6.39725 6.21033 0.03815 0.72479 14.06860 25.84839 16.26205 20.22171 22.76611 5.83649 12.59232 4.32968 1.77765 1.29318 0.73242 1.95694 2.04849
3.34930 2.05231 2.46429 8.86536 1.46484 1.81198 2.07520 1.64032 1.64032 1.98746 1.31226 2.04468 0.06485 0.19073 0.43106 0.86594 6.18362 9.10950 16.42990 18.59283 17.83752 20.90454 20.81299 19.67621 6.91223 14.99557 14.00757 3.81851 0.44632 1.17111 0.27466
