DATA/RAW-RASTER/ECMWF/20170628/EN-22/20170703.en-22.asc
ncols			31
nrows			16
xllcorner		69.5
yllcorner		19.5
cellsize		1.0
NODATA_value	-99999
0.80490 1.24741 0.75150 1.81961 4.13895 1.15204 3.93295 0.46158 0.54932 0.91553 1.67465 1.92642 1.69373 1.97601 2.77710 7.12967 4.27628 3.17383 2.88391 2.38419 0.82016 2.15530 0.67139 0.41199 0.26321 0.22888 0.56458 0.23651 0.16022 0.22888 0.45013
0.07629 0.00000 0.99564 1.94168 3.25775 0.72479 0.04578 0.02670 0.25558 0.06485 0.92316 2.50244 1.87302 1.24359 2.22015 0.88120 1.35803 1.27411 3.07846 1.86920 4.95911 0.77438 0.58365 1.14441 1.01471 1.68228 1.30081 2.96402 2.56348 0.71716 0.48828
0.80490 5.06210 1.35040 4.41742 0.50735 2.00653 3.65448 0.15259 0.06104 0.02670 0.05722 2.44141 1.92261 2.49100 4.47845 2.50626 0.52643 2.27356 6.28662 2.74658 6.45065 0.50735 0.58746 1.51825 1.44196 7.27463 8.48770 5.92804 5.64194 1.37329 0.11444
5.72968 1.22070 3.60107 3.64685 7.66373 2.05231 2.37656 7.72858 0.10300 0.81253 5.85175 4.45938 2.46429 6.35529 7.17545 3.23105 4.56619 4.97055 3.18909 6.57272 2.96021 4.39835 4.22668 2.02179 1.33133 6.79398 10.94818 5.49698 4.23050 2.86102 0.72098
6.99234 13.46970 0.77057 1.25122 0.39673 3.31879 5.18417 4.52423 6.70242 3.39508 1.32370 3.98254 4.65775 8.83484 8.22449 4.95529 9.97925 5.27573 7.23648 7.67899 6.22559 9.36508 5.01633 1.90353 3.19290 8.67844 5.95856 7.98416 14.85062 4.49753 2.45667
1.14822 1.01852 0.03815 0.30136 0.32425 1.27029 6.38962 9.94110 7.33948 20.22934 12.93182 10.76889 2.76566 1.08337 1.81961 3.17001 3.86810 10.77271 10.41412 13.74817 8.12531 10.33401 4.07028 4.90189 9.37271 16.08658 5.01251 6.07681 14.42337 7.10297 19.15359
0.00000 0.00763 0.22125 0.09537 0.22888 4.20380 5.03540 7.85065 24.98627 13.56888 11.55472 20.08820 5.77164 5.47791 0.26321 5.07355 1.54877 2.52914 5.63431 9.75037 9.18579 11.52420 15.35034 12.09259 18.91327 27.93884 25.32196 10.81467 11.81793 3.77655 16.76559
0.00000 0.00000 0.00000 0.83160 7.18307 15.19012 13.27896 12.90894 20.82062 22.62878 17.15469 8.39233 10.05936 12.71057 7.83539 24.06311 6.54602 11.73401 0.33188 10.99014 12.80212 32.82928 6.11115 72.36099 15.07187 92.96799 152.81296 40.39383 26.84784 7.70950 9.27353
0.00763 0.00000 0.00763 0.21744 2.68173 16.69312 26.28708 28.90778 25.27618 13.59940 14.76669 16.69312 17.56287 8.34274 14.87732 11.61957 8.56018 21.41190 22.13287 56.67877 96.96198 76.22147 48.62595 28.64456 45.64285 28.27072 60.67657 84.49554 48.98453 5.48935 8.50296
0.01526 0.08011 0.14496 0.06104 1.89209 7.74384 16.76178 53.15781 23.49472 27.50397 19.12689 17.54379 9.83047 6.70624 14.06479 12.31003 14.24789 10.29968 9.57489 11.25336 29.04510 30.05981 50.58289 140.98740 30.31921 13.22937 43.50662 73.26889 88.50098 4.81033 5.29099
0.22888 0.45776 1.07574 1.05286 0.52643 0.74768 5.34821 28.07617 5.37109 9.25064 12.69913 5.62286 5.50842 0.94604 2.67792 49.54147 20.75577 6.03104 17.48276 26.65329 70.65964 58.87985 65.54413 43.51425 15.48004 17.17758 15.70892 67.52396 27.84348 9.84573 8.19778
0.47302 1.10626 3.15094 4.90570 1.55640 0.66376 2.17819 7.64847 3.37219 7.42722 1.86539 1.96838 2.10953 4.11987 0.42343 2.67410 3.94440 11.37924 10.82611 13.47733 54.74472 56.00739 6.59180 9.63593 12.92801 12.62283 19.18793 21.18683 23.60916 44.39163 10.74982
0.83160 0.67139 0.60272 1.50299 5.11551 4.59671 1.17874 3.55530 2.77710 2.46048 9.58252 7.18307 3.44849 5.56564 9.25827 5.18417 6.17599 0.98801 2.26974 9.09424 25.68054 27.26746 28.02277 16.81519 11.13129 1.88446 7.11823 10.52856 7.68661 25.15793 5.21088
1.84250 1.43433 0.43869 1.05286 3.65067 2.44141 4.58527 12.79831 9.71222 3.31879 5.72586 13.78250 0.86212 1.83487 1.62888 8.00323 4.72641 2.17056 3.15475 3.20435 3.36838 22.77756 40.47012 26.89362 1.59454 0.73242 1.19781 8.54492 7.11823 7.86591 4.79889
2.91443 3.21579 2.93350 5.26810 3.57437 2.09045 3.18909 8.72040 5.68008 3.69263 7.34711 1.27029 2.63977 0.34714 0.42725 0.60654 5.49316 0.91934 0.58365 3.01743 7.54166 12.77542 54.18777 49.11041 5.67245 0.35095 2.75421 6.01959 1.96457 9.99832 6.32477
3.78418 3.38745 4.21143 11.89804 2.15530 3.81088 14.38522 13.37814 6.14548 0.81635 11.50131 3.62396 0.70572 0.17929 1.13297 0.94223 2.84576 1.08337 6.71768 3.63159 5.97382 14.20593 21.51108 36.40747 42.09900 2.12860 5.94711 10.57816 5.93567 3.35312 10.50568
