DATA/RAW-RASTER/ECMWF/20170628/EN-22/20170630.en-22.asc
ncols			31
nrows			16
xllcorner		69.5
yllcorner		19.5
cellsize		1.0
NODATA_value	-99999
0.64850 1.86539 0.95749 1.95694 1.08719 3.65829 6.55365 9.59015 9.14001 4.87518 1.83487 4.41742 9.78851 7.38525 11.82175 8.71277 11.72638 11.31821 9.23920 10.34164 8.70895 6.01959 4.03214 9.99069 12.79831 10.57434 7.67136 2.87247 4.47464 6.75201 0.51498
0.03815 1.39618 0.06104 4.95148 3.82996 8.35800 25.10071 13.54599 3.61252 4.66156 4.00162 3.51715 5.54276 5.27191 4.04358 2.64740 1.04141 1.58691 3.28827 7.75909 9.07135 5.83267 10.82993 3.97491 7.07626 6.93512 11.99341 7.14874 3.31879 2.58255 0.54169
0.06866 0.01526 0.00000 0.01526 8.18634 73.41385 29.88052 8.40759 5.05066 7.77817 1.02997 1.94550 3.82614 4.69971 2.37656 2.95639 1.42288 0.62943 0.71716 0.81635 5.90134 11.79504 3.32642 6.64902 2.83051 4.81033 8.81195 14.31656 4.94003 4.02832 1.39236
0.23270 0.00000 0.00000 0.51117 5.68008 9.66644 21.09528 12.47787 13.33618 2.54822 3.57056 2.14767 4.16946 1.43433 0.82397 0.20599 0.22888 0.19455 0.09155 0.36621 0.58746 6.62613 2.54440 6.93893 3.56293 1.37711 6.09589 5.04684 6.47354 4.06647 0.83923
0.32425 0.00000 0.00000 0.17166 6.30951 6.65283 10.92148 20.33615 17.08984 14.26697 1.23215 6.85883 2.95258 0.86212 0.01144 0.16403 0.06866 0.01526 0.42343 1.20544 2.56348 4.39835 5.03159 2.42233 1.22452 2.62451 2.60925 3.57437 2.19727 2.67792 3.03650
2.63214 0.00000 0.00000 0.06485 2.48337 4.10843 58.17795 62.79755 42.56439 26.14212 23.02933 8.41904 4.06647 0.08011 0.06866 1.01852 0.82779 1.46484 7.41196 11.82938 6.66046 13.58032 5.34439 3.50189 4.76456 4.73785 4.07410 1.15585 2.36511 0.35858 2.09808
0.13733 0.00000 0.00000 0.12589 3.36838 9.99832 12.53891 27.43530 28.31650 48.76328 10.33401 13.29422 13.20267 3.78036 0.44632 1.56021 0.84305 3.08609 15.01465 13.17215 10.98251 5.94711 8.40378 5.76019 7.99561 41.82434 19.77539 6.17218 2.43759 7.82776 7.32422
0.07629 0.00000 0.39673 2.38800 20.13016 9.57870 20.15305 15.28168 13.15689 22.18628 10.88715 4.60815 1.65176 4.96292 29.17099 25.87128 8.36182 0.93460 3.72696 8.92258 9.91821 21.85440 3.21198 17.31873 30.62820 43.66684 33.61511 9.92584 38.38730 6.01578 9.74655
0.48447 1.12152 4.60434 9.50623 46.52786 31.26144 17.41409 27.13013 20.05768 10.91385 6.13022 1.11771 3.04413 0.91934 0.42343 1.28174 1.70898 3.55911 16.74271 70.87708 95.41702 48.06137 17.33398 21.21735 17.19666 19.95087 44.72351 30.88760 22.72415 23.92578 4.73022
1.99127 6.34384 16.33072 7.12585 4.00162 12.53510 3.13568 9.54056 14.86206 22.05276 8.24738 1.83487 1.81198 3.34930 1.44958 1.02615 1.97220 2.58255 7.29370 10.19669 13.14926 23.50235 116.16135 25.34866 13.36670 13.64136 39.57367 42.17148 63.83133 15.71274 11.00922
14.83154 38.79166 13.09967 14.30511 3.48282 2.49481 2.04849 2.67792 14.31274 59.90219 44.89517 3.44849 5.69153 7.43866 21.67892 2.09427 1.29700 3.60489 10.55145 15.22827 11.71112 18.56995 49.38889 20.63751 6.91223 18.33344 16.34979 20.07294 25.69199 7.99179 12.35199
13.63754 32.45926 184.10492 82.05414 8.07571 1.79291 0.69427 1.71661 21.33179 46.03958 2.75040 1.94168 4.27628 6.59561 1.12152 0.85831 1.75858 1.75095 3.68118 7.55692 8.62503 12.02011 4.98581 5.21088 6.49643 21.43860 9.16672 16.17432 16.21628 6.93512 7.02667
30.77698 22.07947 22.19009 12.19559 3.04794 2.30789 5.63431 4.46320 10.92529 45.67337 22.99118 8.87680 3.03650 6.69479 8.00323 3.99017 1.35803 3.81851 4.31824 5.39017 10.46371 11.32584 7.41959 11.19232 3.63922 2.83051 1.89972 13.13782 17.81464 9.70459 20.22934
8.02994 2.55585 7.78198 5.61523 7.83539 0.21744 0.57983 2.46048 7.33566 9.44138 5.70679 1.16730 0.78583 2.01797 6.64902 4.25720 2.19727 10.07080 11.56235 4.88663 7.88879 23.70834 10.00977 21.46912 7.68661 0.98419 4.80652 1.43051 18.03970 7.28226 19.88983
15.82336 13.08060 19.63043 21.41190 3.24631 0.53787 0.34332 0.20981 0.53787 0.37384 2.79617 1.07956 0.85068 1.09100 2.22397 1.11389 1.73950 3.41034 10.29587 10.73074 15.16724 21.55685 35.91537 16.04462 1.42670 6.13403 10.64301 1.63651 7.89642 19.21082 9.58633
5.47791 6.88934 12.50839 21.75522 3.41415 2.36893 0.35858 0.63324 1.45721 0.51117 2.98309 3.61633 0.50354 0.15640 2.09045 1.56784 3.00980 7.97653 12.56561 10.58197 12.19559 19.78683 34.33609 33.00858 50.50659 13.72910 7.50351 3.34167 2.92206 5.48935 22.01080
