DATA/SHG/ECMWF/20170628/EN-16/20170706.en-16.asc
ncols        190
nrows        64
xllcorner    -5100000.000000000000
yllcorner    4130000.000000000000
cellsize     10000.000000000000
NODATA_value  -99999.000
[rows 0 to 32 of 64, columns 74 to 147 of 190]
4.717 4.867 5.021 5.182 5.348 5.519 5.696 5.892 6.140 6.389 6.635 6.877 7.114 7.348 7.578 7.804 8.027 8.245 8.459 8.634 8.682 8.723 8.751 8.766 8.769 8.758 8.735 8.699 8.650 8.588 8.513 8.301 7.692 7.103 6.535 5.987 5.459 4.952 4.465 3.999 3.552 3.126 2.721 2.401 2.291 2.181 2.071 1.961 1.850 1.740 1.630 1.519 1.408 1.298 1.187 1.092 1.043 0.991 0.937 0.879 0.819 0.756 0.690 0.621 0.549 0.475 0.398 0.341 0.348 0.359 0.372 0.387 0.405 0.425
4.266 4.507 4.751 4.976 5.181 5.367 5.534 5.699 5.938 6.174 6.406 6.635 6.859 7.079 7.296 7.509 7.717 7.922 8.123 8.299 8.291 8.274 8.245 8.202 8.147 8.079 7.999 7.905 7.799 7.679 7.547 7.359 6.841 6.343 5.866 5.409 4.972 4.556 4.160 3.784 3.429 3.094 2.779 2.506 2.396 2.286 2.175 2.065 1.954 1.843 1.732 1.622 1.511 1.400 1.288 1.184 1.123 1.058 0.991 0.921 0.848 0.772 0.694 0.612 0.528 0.441 0.351 0.275 0.294 0.316 0.340 0.366 0.395 0.426
4.547 4.742 4.919 5.075 5.212 5.330 5.428 5.514 5.741 5.963 6.182 6.396 6.607 6.814 7.017 7.217 7.412 7.604 7.791 7.975 7.914 7.840 7.753 7.654 7.541 7.416 7.278 7.127 6.963 6.786 6.597 6.395 5.969 5.562 5.176 4.810 4.464 4.138 3.833 3.548 3.283 3.039 2.815 2.612 2.501 2.390 2.279 2.168 2.057 1.946 1.835 1.724 1.613 1.501 1.390 1.279 1.205 1.128 1.048 0.965 0.880 0.791 0.700 0.606 0.510 0.410 0.307 0.214 0.258 0.308 0.363 0.422 0.487 0.557
4.869 4.996 5.104 5.192 5.261 5.311 5.341 5.351 5.546 5.756 5.961 6.162 6.359 6.553 6.743 6.929 7.111 7.289 7.463 7.633 7.553 7.422 7.277 7.120 6.950 6.768 6.572 6.364 6.143 5.909 5.662 5.403 5.076 4.760 4.465 4.189 3.934 3.699 3.485 3.290 3.116 2.963 2.829 2.716 2.606 2.495 2.384 2.272 2.161 2.050 1.938 1.826 1.715 1.603 1.491 1.379 1.290 1.200 1.103 1.001 0.902 0.805 0.710 0.617 0.526 0.438 0.351 0.267 0.323 0.395 0.473 0.555 0.642 0.734
5.208 5.267 5.307 5.327 5.328 5.309 5.271 5.214 5.356 5.552 5.744 5.931 6.115 6.296 6.472 6.644 6.813 6.978 7.139 7.296 7.207 7.018 6.816 6.602 6.375 6.135 5.882 5.617 5.338 5.047 4.743 4.426 4.163 3.938 3.732 3.548 3.383 3.239 3.115 3.011 2.928 2.865 2.822 2.799 2.711 2.599 2.488 2.376 2.264 2.151 2.033 1.911 1.783 1.651 1.513 1.371 1.264 1.167 1.073 0.981 0.892 0.804 0.718 0.635 0.554 0.475 0.398 0.323 0.383 0.478 0.577 0.682 0.792 0.906
5.566 5.557 5.528 5.480 5.413 5.326 5.220 5.095 5.170 5.352 5.530 5.705 5.875 6.042 6.205 6.364 6.519 6.671 6.818 6.962 6.875 6.629 6.371 6.099 5.815 5.517 5.207 4.885 4.549 4.201 3.840 3.466 3.228 3.094 2.979 2.885 2.811 2.758 2.724 2.711 2.743 2.798 2.855 2.913 2.861 2.746 2.626 2.500 2.371 2.236 2.096 1.952 1.803 1.649 1.490 1.326 1.213 1.126 1.042 0.959 0.879 0.801 0.725 0.651 0.579 0.510 0.442 0.377 0.438 0.555 0.677 0.804 0.936 1.073
5.941 5.864 5.767 5.651 5.516 5.361 5.187 4.993 4.987 5.156 5.321 5.482 5.639 5.792 5.942 6.088 6.230 6.368 6.502 6.632 6.559 6.256 5.940 5.611 5.270 4.915 4.548 4.168 3.775 3.370 2.952 2.596 2.464 2.511 2.561 2.612 2.666 2.721 2.779 2.839 2.901 2.964 3.030 3.098 3.059 2.922 2.780 2.633 2.482 2.326 2.164 1.998 1.828 1.652 1.472 1.286 1.160 1.083 1.008 0.935 0.864 0.796 0.729 0.665 0.602 0.542 0.484 0.429 0.488 0.627 0.771 0.921 1.075 1.235
6.333 6.188 6.024 5.840 5.637 5.414 5.172 4.910 4.808 4.963 5.115 5.263 5.406 5.547 5.683 5.815 5.944 6.068 6.189 6.306 6.258 5.898 5.545 5.205 4.871 4.542 4.220 3.904 3.594 3.290 2.993 2.701 2.546 2.602 2.661 2.722 2.784 2.849 2.916 2.985 3.056 3.128 3.203 3.280 3.261 3.103 2.939 2.771 2.598 2.420 2.237 2.050 1.858 1.660 1.458 1.252 1.105 1.037 0.972 0.908 0.847 0.788 0.731 0.676 0.624 0.573 0.524 0.478 0.532 0.694 0.861 1.033 1.210 1.391
6.744 6.531 6.298 6.046 5.775 5.485 5.175 4.846 4.633 4.775 4.913 5.047 5.178 5.304 5.431 5.564 5.691 5.813 5.928 6.037 6.044 5.719 5.400 5.086 4.779 4.478 4.183 3.894 3.611 3.335 3.064 2.799 2.626 2.691 2.759 2.829 2.901 2.974 3.050 3.128 3.208 3.290 3.374 3.460 3.468 3.288 3.103 2.914 2.719 2.520 2.315 2.106 1.892 1.674 1.450 1.222 1.048 0.990 0.934 0.880 0.828 0.779 0.731 0.686 0.642 0.601 0.562 0.526 0.572 0.756 0.945 1.139 1.338 1.543
7.172 6.891 6.590 6.271 5.932 5.573 5.196 4.802 4.491 4.641 4.783 4.920 5.051 5.175 5.293 5.405 5.511 5.611 5.705 5.792 5.838 5.540 5.248 4.961 4.681 4.407 4.139 3.878 3.622 3.372 3.129 2.891 2.703 2.778 2.854 2.933 3.014 3.097 3.182 3.269 3.358 3.449 3.543 3.638 3.681 3.479 3.272 3.061 2.845 2.624 2.398 2.168 1.932 1.692 1.447 1.197 0.989 0.940 0.894 0.849 0.807 0.767 0.729 0.693 0.659 0.628 0.598 0.571 0.606 0.812 1.024 1.241 1.462 1.689
7.578 7.161 6.753 6.353 5.962 5.579 5.205 4.840 4.489 4.616 4.738 4.853 4.962 5.065 5.162 5.252 5.337 5.415 5.487 5.553 5.617 5.354 5.089 4.830 4.577 4.330 4.089 3.854 3.626 3.403 3.187 2.976 2.778 2.862 2.948 3.036 3.126 3.218 3.312 3.408 3.506 3.606 3.708 3.813 3.898 3.675 3.446 3.214 2.976 2.734 2.486 2.234 1.977 1.716 1.449 1.178 0.928 0.888 0.851 0.816 0.784 0.753 0.724 0.698 0.674 0.652 0.632 0.614 0.635 0.864 1.098 1.337 1.581 1.830
7.400 7.013 6.634 6.264 5.903 5.550 5.205 4.869 4.542 4.598 4.698 4.792 4.879 4.961 5.036 5.105 5.168 5.225 5.276 5.320 5.363 5.162 4.924 4.692 4.466 4.246 4.032 3.825 3.623 3.427 3.238 3.055 2.877 2.943 3.038 3.136 3.235 3.336 3.439 3.544 3.651 3.761 3.872 3.985 4.101 3.875 3.625 3.371 3.112 2.848 2.579 2.306 2.027 1.744 1.456 1.163 0.866 0.835 0.807 0.782 0.758 0.737 0.718 0.701 0.686 0.673 0.663 0.663 0.687 0.941 1.187 1.425 1.655 1.877
7.214 6.856 6.507 6.167 5.835 5.512 5.197 4.891 4.594 4.585 4.663 4.736 4.802 4.862 4.916 4.964 5.005 5.041 5.070 5.093 5.114 4.963 4.752 4.547 4.348 4.155 3.969 3.788 3.613 3.445 3.282 3.126 2.976 3.023 3.127 3.233 3.341 3.451 3.564 3.678 3.794 3.913 4.033 4.155 4.280 4.080 3.809 3.533 3.253 2.967 2.677 2.382 2.082 1.777 1.468 1.154 0.835 0.779 0.764 0.756 0.753 0.755 0.761 0.772 0.788 0.808 0.833 0.863 0.897 1.103 1.313 1.515 1.709 1.895
7.020 6.692 6.373 6.062 5.760 5.467 5.182 4.905 4.637 4.578 4.635 4.686 4.730 4.769 4.802 4.828 4.848 4.862 4.870 4.872 4.871 4.757 4.573 4.396 4.224 4.058 3.898 3.745 3.597 3.456 3.320 3.191 3.068 3.100 3.213 3.328 3.445 3.565 3.686 3.809 3.935 4.062 4.192 4.323 4.457 4.290 3.998 3.701 3.399 3.078 2.746 2.418 2.093 1.772 1.455 1.142 0.832 0.764 0.772 0.785 0.803 0.825 0.852 0.884 0.920 0.961 1.007 1.057 1.112 1.272 1.447 1.613 1.771 1.922
6.818 6.520 6.231 5.950 5.678 5.414 5.158 4.912 4.673 4.576 4.612 4.641 4.665 4.682 4.693 4.698 4.697 4.689 4.676 4.656 4.634 4.545 4.389 4.238 4.093 3.954 3.822 3.695 3.574 3.460 3.351 3.249 3.153 3.174 3.297 3.421 3.547 3.676 3.806 3.938 4.053 4.148 4.241 4.332 4.421 4.259 3.928 3.601 3.278 2.959 2.644 2.332 2.024 1.720 1.420 1.124 0.831 0.747 0.776 0.809 0.848 0.891 0.939 0.991 1.048 1.110 1.176 1.247 1.323 1.449 1.588 1.719 1.841 1.956
6.609 6.341 6.081 5.830 5.587 5.353 5.127 4.910 4.701 4.580 4.594 4.602 4.604 4.600 4.590 4.574 4.551 4.522 4.488 4.447 4.403 4.327 4.197 4.073 3.955 3.844 3.738 3.638 3.545 3.457 3.376 3.292 3.198 3.183 3.282 3.380 3.476 3.570 3.662 3.752 3.841 3.927 4.012 4.095 4.177 4.068 3.754 3.444 3.138 2.836 2.537 2.243 1.952 1.665 1.381 1.102 0.826 0.725 0.775 0.829 0.888 0.952 1.020 1.093 1.171 1.253 1.340 1.432 1.528 1.634 1.737 1.832 1.919 1.998
6.393 6.154 5.924 5.702 5.489 5.284 5.088 4.901 4.722 4.590 4.583 4.569 4.550 4.524 4.493 4.455 4.411 4.361 4.305 4.243 4.178 4.102 4.017 3.944 3.866 3.784 3.698 3.607 3.511 3.411 3.307 3.198 3.084 3.028 3.120 3.209 3.297 3.383 3.467 3.550 3.630 3.709 3.786 3.861 3.934 3.874 3.577 3.284 2.994 2.709 2.427 2.149 1.875 1.605 1.339 1.076 0.817 0.698 0.769 0.844 0.924 1.008 1.097 1.191 1.289 1.392 1.500 1.612 1.729 1.827 1.894 1.953 2.004 2.048
6.168 5.959 5.759 5.567 5.383 5.208 5.042 4.884 4.734 4.605 4.577 4.542 4.501 4.454 4.401 4.345 4.298 4.261 4.234 4.216 4.207 4.196 4.107 4.014 3.916 3.814 3.708 3.597 3.481 3.362 3.237 3.109 2.975 2.876 2.959 3.041 3.121 3.199 3.275 3.349 3.422 3.493 3.562 3.629 3.694 3.675 3.395 3.119 2.847 2.578 2.313 2.052 1.795 1.542 1.292 1.047 0.805 0.667 0.758 0.854 0.954 1.059 1.169 1.283 1.402 1.526 1.654 1.787 1.925 2.027 2.059 2.082 2.098 2.105
5.936 5.757 5.586 5.424 5.270 5.124 4.987 4.851 4.687 4.528 4.456 4.395 4.343 4.301 4.269 4.246 4.233 4.229 4.236 4.251 4.276 4.307 4.202 4.089 3.971 3.849 3.723 3.592 3.457 3.317 3.173 3.025 2.871 2.725 2.801 2.875 2.946 3.016 3.085 3.151 3.216 3.279 3.340 3.399 3.457 3.473 3.210 2.951 2.695 2.444 2.196 1.952 1.711 1.475 1.242 1.013 0.788 0.631 0.743 0.859 0.980 1.106 1.236 1.371 1.511 1.655 1.804 1.957 2.116 2.235 2.231 2.219 2.199 2.171
5.688 5.506 5.328 5.156 4.989 4.828 4.671 4.520 4.374 4.233 4.181 4.154 4.136 4.127 4.128 4.139 4.159 4.189 4.229 4.278 4.335 4.401 4.301 4.169 4.031 3.890 3.743 3.593 3.438 3.278 3.114 2.946 2.773 2.595 2.645 2.710 2.774 2.836 2.897 2.955 3.012 3.067 3.120 3.171 3.221 3.268 3.021 2.779 2.540 2.305 2.074 1.847 1.624 1.404 1.188 0.976 0.768 0.590 0.722 0.859 1.001 1.147 1.298 1.454 1.614 1.779 1.949 2.123 2.301 2.451 2.411 2.363 2.308 2.244
5.225 5.060 4.901 4.747 4.599 4.455 4.317 4.184 4.056 3.934 3.898 3.904 3.920 3.945 3.979 4.023 4.077 4.140 4.213 4.295 4.387 4.486 4.406 4.253 4.096 3.935 3.769 3.598 3.423 3.244 3.060 2.872 2.679 2.482 2.491 2.548 2.604 2.659 2.711 2.762 2.810 2.857 2.903 2.946 2.988 3.027 2.829 2.603 2.381 2.163 1.949 1.739 1.532 1.329 1.130 0.935 0.744 0.556 0.697 0.855 1.017 1.184 1.356 1.532 1.713 1.898 2.088 2.283 2.478 2.640 2.551 2.461 2.371 2.280
4.757 4.611 4.470 4.334 4.204 4.079 3.959 3.844 3.734 3.630 3.607 3.646 3.695 3.754 3.821 3.899 3.986 4.083 4.189 4.304 4.429 4.562 4.515 4.343 4.166 3.985 3.799 3.608 3.414 3.214 3.011 2.803 2.590 2.373 2.339 2.389 2.437 2.483 2.527 2.570 2.611 2.650 2.687 2.723 2.756 2.788 2.633 2.424 2.219 2.018 1.820 1.627 1.437 1.251 1.069 0.890 0.716 0.545 0.668 0.890 1.163 1.414 1.644 1.852 2.039 2.203 2.346 2.468 2.568 2.646 2.565 2.474 2.382 2.289
4.285 4.157 4.034 3.917 3.805 3.698 3.596 3.499 3.408 3.322 3.308 3.380 3.462 3.554 3.655 3.766 3.886 4.016 4.156 4.305 4.463 4.630 4.630 4.437 4.241 4.039 3.834 3.624 3.409 3.190 2.967 2.739 2.506 2.270 2.189 2.231 2.271 2.309 2.346 2.381 2.414 2.445 2.474 2.502 2.527 2.551 2.433 2.241 2.052 1.868 1.745 1.713 1.680 1.648 1.615 1.582 1.548 1.515 1.666 1.865 2.042 2.197 2.331 2.443 2.534 2.602 2.650 2.675 2.679 2.662 2.580 2.486 2.392 2.298
3.809 3.699 3.595 3.495 3.401 3.313 3.229 3.151 3.077 3.009 3.000 3.106 3.221 3.346 3.481 3.625 3.778 3.942 4.115 4.297 4.489 4.689 4.749 4.537 4.320 4.099 3.874 3.644 3.410 3.171 2.928 2.680 2.428 2.171 2.042 2.076 2.108 2.138 2.167 2.193 2.218 2.308 2.496 2.675 2.846 3.009 3.064 3.032 2.999 2.966 2.933 2.899 2.866 2.832 2.799 2.765 2.730 2.696 2.758 2.860 2.941 3.001 3.039 3.055 3.050 3.023 2.974 2.904 2.812 2.699 2.595 2.499 2.404 2.308
3.328 3.237 3.151 3.070 2.994 2.923 2.858 2.797 2.742 2.693 2.683 2.823 2.971 3.130 3.298 3.475 3.662 3.858 4.065 4.280 4.506 4.739 4.873 4.641 4.405 4.164 3.919 3.669 3.415 3.156 2.893 2.626 2.420 2.335 2.362 2.573 2.774 2.967 3.151 3.327 3.494 3.652 3.802 3.943 4.076 4.199 4.254 4.221 4.187 4.153 4.119 4.085 4.050 4.016 3.981 3.946 3.911 3.876 3.870 3.877 3.862 3.826 3.768 3.688 3.587 3.464 3.320 3.154 2.967 2.757 2.610 2.513 2.416 2.318
2.844 2.770 2.702 2.639 2.582 2.529 2.482 2.440 2.403 2.371 2.359 2.531 2.713 2.905 3.106 3.317 3.537 3.767 4.006 4.255 4.514 4.781 5.002 4.761 4.554 4.374 4.221 4.095 3.995 3.922 3.877 3.858 3.866 3.901 3.983 4.155 4.318 4.472 4.618 4.755 4.884 5.004 5.115 5.218 5.312 5.398 5.443 5.408 5.374 5.339 5.304 5.269 5.233 5.198 5.162 5.126 5.090 5.054 5.003 4.914 4.803 4.671 4.518 4.342 4.145 3.927 3.687 3.425 3.142 2.838 2.626 2.527 2.428 2.328
2.355 2.300 2.250 2.205 2.165 2.131 2.102 2.078 2.059 2.046 2.038 2.231 2.447 2.672 2.906 3.164 3.506 3.832 4.142 4.436 4.710 4.966 5.210 5.104 5.016 4.955 4.921 4.914 4.934 4.980 5.054 5.154 5.281 5.435 5.611 5.744 5.869 5.985 6.093 6.192 6.282 6.363 6.437 6.501 6.557 6.604 6.630 6.595 6.559 6.523 6.487 6.451 6.415 6.378 6.342 6.305 6.268 6.231 6.156 5.972 5.766 5.538 5.288 5.017 4.725 4.411 4.075 3.718 3.339 2.939 2.642 2.541 2.440 2.339
1.861 1.825 1.793 1.766 1.745 1.729 1.718 1.712 1.751 1.930 2.097 2.423 2.774 3.108 3.427 3.729 4.015 4.286 4.540 4.778 4.996 5.197 5.384 5.417 5.448 5.506 5.591 5.703 5.842 6.007 6.199 6.418 6.664 6.937 7.237 7.341 7.428 7.505 7.574 7.635 7.687 7.730 7.765 7.791 7.809 7.818 7.816 7.780 7.743 7.706 7.670 7.632 7.595 7.558 7.520 7.483 7.445 7.407 7.331 7.050 6.749 6.425 6.080 5.714 5.326 4.916 4.485 4.032 3.558 3.062 2.658 2.556 2.453 2.350
1.364 1.419 1.644 1.855 2.054 2.240 2.414 2.574 2.722 2.857 2.979 3.226 3.520 3.799 4.062 4.308 4.539 4.754 4.952 5.135 5.297 5.441 5.573 5.699 5.849 6.026 6.230 6.461 6.718 7.003 7.314 7.652 8.017 8.408 8.827 8.945 8.993 9.033 9.064 9.086 9.100 9.105 9.101 9.089 9.068 9.039 9.001 8.963 8.926 8.888 8.850 8.812 8.774 8.736 8.697 8.659 8.620 8.581 8.526 8.150 7.752 7.333 6.893 6.431 5.947 5.442 4.915 4.367 3.798 3.206 2.675 2.571 2.467 2.362
2.520 2.713 2.893 3.060 3.214 3.355 3.484 3.600 3.703 3.794 3.871 4.041 4.280 4.503 4.710 4.901 5.076 5.235 5.378 5.505 5.612 5.699 5.775 5.950 6.219 6.515 6.838 7.188 7.564 7.967 8.397 8.854 9.338 9.848 10.385 10.557 10.567 10.568 10.560 10.544 10.520 10.486 10.445 10.394 10.335 10.268 10.191 10.146 10.107 10.069 10.030 9.991 9.952 9.913 9.873 9.834 9.794 9.754 9.714 9.270 8.777 8.262 7.726 7.169 6.590 5.989 5.367 4.724 4.059 3.372 2.693 2.589 2.483 2.375
3.868 4.016 4.152 4.274 4.384 4.481 4.565 4.637 4.695 4.741 4.775 4.871 5.054 5.221 5.373 5.508 5.627 5.731 5.818 5.890 5.940 5.972 5.991 6.171 6.559 6.974 7.416 7.884 8.379 8.901 9.450 10.025 10.628 11.257 11.912 12.176 12.147 12.110 12.064 12.010 11.947 11.876 11.796 11.707 11.610 11.504 11.390 11.327 11.287 11.248 11.208 11.168 11.128 11.088 11.048 11.007 10.966 10.926 10.885 10.410 9.822 9.191 8.506 7.813 7.114 6.408 5.695 4.975 4.247 3.513 2.772 2.619 2.506 2.391
5.227 5.330 5.421 5.499 5.564 5.617 5.657 5.684 5.698 5.699 5.688 5.713 5.841 5.953 6.049 6.128 6.192 6.240 6.272 6.288 6.282 6.258 6.221 6.362 6.869 7.402 7.962 8.549 9.163 9.804 10.471 11.165 11.886 12.634 13.408 13.802 13.735 13.659 13.576 13.483 13.382 13.272 13.154 13.027 12.892 12.748 12.595 12.506 12.466 12.426 12.385 12.344 12.336 12.366 12.334 12.239 12.083 11.864 11.584 10.998 10.295 9.586 8.869 8.146 7.416 6.678 5.934 5.182 4.424 3.658 2.886 2.651 2.531 2.409
6.595 6.654 6.701 6.734 6.755 6.763 6.758 6.741 6.711 6.668 6.612 6.570 6.642 6.698 6.738 6.762 6.771 6.763 6.739 6.700 6.639 6.558 6.465 6.522 7.147 7.800 8.479 9.184 9.917 10.676 11.462 12.274 13.114 13.980 14.873 15.435 15.330 15.216 15.094 14.963 14.824 14.676 14.520 14.437 14.565 14.669 14.748 14.832 14.897 14.900 14.841 14.720 14.537 14.293 13.986 13.616 13.185 12.692 12.137 11.462 10.728 9.988 9.240 8.485 7.724 6.955 6.179 5.397 4.607 3.810 3.007 2.685 2.558 2.429
