DATA/SHG/ECMWF/20170628/EN-16/20170707.en-16.asc
ncols        190
nrows        64
xllcorner    -5100000.000000000000
yllcorner    4130000.000000000000
cellsize     10000.000000000000
NODATA_value  -99999.000
[rows 0 to 32 of 64, columns 0 to 73 of 190]
0.540 0.506 0.474 0.441 0.410 0.380 0.350 0.322 0.294 0.344 0.422 0.506 0.594 0.687 0.784 0.887 0.994 1.106 1.222 1.335 1.442 1.471 1.464 1.454 1.443 1.431 1.416 1.400 1.382 1.363 1.342 1.319 1.294 1.401 1.605 1.825 2.060 2.310 2.576 2.857 3.154 3.466 3.794 4.137 4.495 4.671 4.665 4.645 4.610 4.560 4.496 4.417 4.324 4.216 4.094 3.957 3.805 3.757 3.846 3.934 4.023 4.111 4.199 4.286 4.374 4.461 4.548 4.635 4.722 4.830 4.954 5.051 5.121 5.163
0.335 0.305 0.275 0.246 0.218 0.190 0.164 0.138 0.113 0.159 0.255 0.355 0.475 0.592 0.707 0.818 0.927 1.033 1.136 1.236 1.334 1.371 1.358 1.342 1.325 1.307 1.286 1.264 1.240 1.215 1.188 1.159 1.128 1.226 1.485 1.759 2.048 2.353 2.673 3.009 3.360 3.727 4.109 4.506 4.919 5.158 5.101 5.029 4.943 4.842 4.727 4.597 4.452 4.293 4.119 3.931 3.728 3.610 3.698 3.786 3.874 3.961 4.048 4.135 4.222 4.309 4.395 4.481 4.567 4.643 4.672 4.673 4.648 4.595
0.130 0.102 0.076 0.050 0.030 0.035 0.040 0.047 0.053 0.111 0.227 0.340 0.450 0.557 0.662 0.763 0.862 0.958 1.051 1.141 1.228 1.273 1.253 1.232 1.209 1.184 1.158 1.130 1.100 1.069 1.036 1.001 0.964 1.036 1.349 1.677 2.021 2.380 2.755 3.145 3.550 3.971 4.407 4.859 5.326 5.659 5.551 5.428 5.290 5.138 4.971 4.790 4.594 4.384 4.159 3.919 3.665 3.463 3.551 3.638 3.725 3.811 3.898 3.984 4.071 4.157 4.242 4.328 4.473 4.603 4.634 4.663 4.690 4.713
0.027 0.032 0.037 0.043 0.049 0.056 0.063 0.071 0.080 0.119 0.225 0.328 0.428 0.525 0.620 0.711 0.800 0.886 0.969 1.049 1.126 1.177 1.151 1.124 1.095 1.064 1.032 0.998 0.962 0.925 0.886 0.845 0.802 0.830 1.197 1.580 1.978 2.391 2.820 3.265 3.724 4.199 4.689 5.195 5.716 6.174 6.014 5.840 5.651 5.448 5.230 4.997 4.750 4.489 4.212 3.922 3.617 3.317 3.403 3.490 3.584 3.765 3.938 4.102 4.257 4.403 4.540 4.668 4.788 4.898 4.922 4.941 4.958 4.973
0.037 0.044 0.051 0.059 0.067 0.076 0.086 0.096 0.106 0.131 0.227 0.319 0.410 0.497 0.581 0.662 0.741 0.817 0.890 0.960 1.027 1.082 1.051 1.018 0.983 0.946 0.908 0.868 0.826 0.783 0.738 0.691 0.643 0.608 1.030 1.467 1.919 2.387 2.870 3.368 3.882 4.411 4.956 5.516 6.091 6.681 6.492 6.266 6.026 5.772 5.502 5.219 4.920 4.616 4.349 4.104 3.883 3.684 3.829 3.997 4.156 4.306 4.448 4.580 4.704 4.819 4.925 5.022 5.110 5.189 5.211 5.221 5.229 5.234
0.047 0.056 0.065 0.075 0.085 0.096 0.107 0.119 0.132 0.145 0.231 0.314 0.394 0.471 0.545 0.617 0.685 0.751 0.814 0.874 0.931 0.985 0.953 0.913 0.873 0.830 0.786 0.740 0.692 0.643 0.592 0.539 0.485 0.429 0.847 1.338 1.845 2.367 2.904 3.456 4.024 4.607 5.206 5.820 6.449 7.094 6.944 6.596 6.271 5.969 5.690 5.435 5.202 4.992 4.805 4.641 4.500 4.382 4.471 4.607 4.735 4.855 4.965 5.066 5.159 5.242 5.317 5.383 5.440 5.488 5.502 5.503 5.502 5.497
0.056 0.067 0.078 0.090 0.102 0.115 0.128 0.142 0.157 0.172 0.239 0.311 0.381 0.448 0.513 0.574 0.633 0.688 0.741 0.791 0.838 0.883 0.856 0.811 0.764 0.716 0.666 0.614 0.560 0.505 0.448 0.389 0.329 0.267 0.649 1.194 1.754 2.330 2.922 3.525 4.115 4.686 5.238 5.772 6.286 6.782 6.732 6.465 6.220 5.999 5.801 5.625 5.473 5.344 5.237 5.154 5.093 5.056 5.120 5.226 5.323 5.411 5.490 5.560 5.621 5.674 5.717 5.752 5.778 5.795 5.796 5.788 5.776 5.763
0.065 0.077 0.090 0.104 0.118 0.133 0.149 0.164 0.181 0.198 0.249 0.312 0.372 0.429 0.483 0.535 0.583 0.629 0.672 0.712 0.749 0.783 0.762 0.711 0.658 0.603 0.547 0.489 0.430 0.369 0.306 0.241 0.238 0.265 0.661 1.279 1.878 2.458 3.019 3.562 4.086 4.591 5.078 5.545 5.994 6.424 6.497 6.310 6.147 6.006 5.888 5.793 5.722 5.673 5.647 5.644 5.664 5.707 5.778 5.852 5.918 5.975 6.022 6.062 6.092 6.113 6.126 6.129 6.124 6.110 6.092 6.074 6.053 6.030
0.073 0.087 0.102 0.118 0.134 0.151 0.168 0.186 0.205 0.224 0.263 0.315 0.365 0.412 0.457 0.498 0.537 0.572 0.605 0.635 0.662 0.687 0.669 0.612 0.554 0.531 0.521 0.522 0.533 0.555 0.587 0.630 0.683 0.747 1.046 1.598 2.131 2.645 3.141 3.618 4.076 4.515 4.936 5.338 5.721 6.085 6.239 6.133 6.050 5.990 5.953 5.938 5.947 5.979 6.033 6.111 6.211 6.334 6.443 6.486 6.520 6.546 6.563 6.571 6.570 6.560 6.542 6.514 6.478 6.433 6.389 6.362 6.332 6.300
0.080 0.096 0.113 0.131 0.149 0.168 0.187 0.207 0.228 0.248 0.279 0.322 0.362 0.399 0.433 0.465 0.493 0.520 0.557 0.593 0.630 0.668 0.687 0.683 0.689 0.706 0.733 0.770 0.819 0.877 0.946 1.026 1.116 1.217 1.450 1.936 2.403 2.851 3.281 3.692 4.085 4.458 4.813 5.149 5.466 5.765 5.959 5.933 5.931 5.951 5.994 6.061 6.150 6.262 6.397 6.554 6.735 6.939 7.115 7.127 7.131 7.125 7.111 7.088 7.056 7.015 6.966 6.907 6.840 6.764 6.689 6.653 6.614 6.572
0.087 0.105 0.124 0.144 0.164 0.184 0.206 0.227 0.250 0.273 0.299 0.334 0.369 0.405 0.441 0.477 0.514 0.551 0.589 0.627 0.665 0.704 0.740 0.773 0.816 0.869 0.933 1.008 1.093 1.188 1.294 1.411 1.538 1.675 1.872 2.292 2.694 3.076 3.440 3.786 4.112 4.420 4.709 4.980 5.231 5.464 5.656 5.711 5.789 5.890 6.013 6.160 6.329 6.522 6.737 6.975 7.236 7.520 7.795 7.777 7.749 7.712 7.667 7.613 7.550 7.478 7.398 7.308 7.210 7.103 6.991 6.945 6.897 6.846
0.093 0.113 0.134 0.155 0.177 0.200 0.223 0.246 0.270 0.294 0.320 0.357 0.393 0.430 0.468 0.505 0.543 0.582 0.621 0.660 0.700 0.740 0.782 0.851 0.931 1.022 1.123 1.234 1.356 1.488 1.631 1.784 1.948 2.122 2.313 2.667 3.003 3.320 3.618 3.898 4.159 4.401 4.624 4.829 5.015 5.183 5.331 5.467 5.625 5.806 6.010 6.236 6.486 6.759 7.054 7.372 7.713 8.077 8.464 8.433 8.375 8.307 8.231 8.146 8.052 7.949 7.837 7.682 7.481 7.257 7.009 6.863 6.726 6.586
0.098 0.120 0.142 0.166 0.189 0.213 0.238 0.263 0.289 0.315 0.342 0.379 0.417 0.455 0.494 0.533 0.572 0.612 0.652 0.693 0.734 0.775 0.817 0.919 1.035 1.163 1.300 1.449 1.607 1.777 1.956 2.146 2.347 2.558 2.780 3.061 3.331 3.582 3.815 4.029 4.224 4.401 4.558 4.698 4.818 4.920 5.003 5.199 5.438 5.699 5.983 6.290 6.620 6.973 7.348 7.747 8.168 8.612 9.079 9.098 9.001 8.881 8.737 8.571 8.381 8.168 7.933 7.674 7.392 7.087 6.759 6.573 6.429 6.283
0.102 0.126 0.150 0.175 0.201 0.227 0.253 0.280 0.307 0.335 0.363 0.400 0.440 0.479 0.519 0.560 0.601 0.642 0.683 0.725 0.768 0.810 0.853 0.975 1.128 1.293 1.467 1.652 1.848 2.054 2.270 2.497 2.734 2.982 3.240 3.473 3.677 3.863 4.030 4.178 4.308 4.419 4.512 4.585 4.640 4.677 4.694 4.910 5.228 5.570 5.934 6.321 6.731 7.234 7.745 8.248 8.745 9.234 9.717 9.759 9.580 9.379 9.155 8.907 8.637 8.343 8.027 7.687 7.324 6.939 6.530 6.286 6.135 5.982
0.106 0.131 0.158 0.184 0.211 0.239 0.267 0.296 0.325 0.355 0.385 0.422 0.462 0.503 0.545 0.586 0.628 0.671 0.714 0.757 0.801 0.845 0.889 1.020 1.210 1.411 1.623 1.844 2.077 2.319 2.573 2.836 3.110 3.395 3.690 3.903 4.042 4.162 4.264 4.347 4.411 4.457 4.483 4.492 4.481 4.452 4.586 4.945 5.474 5.995 6.510 7.017 7.517 8.010 8.496 8.974 9.446 9.911 10.368 10.440 10.181 9.899 9.594 9.266 8.914 8.540 8.143 7.723 7.279 6.813 6.324 6.000 5.842 5.683
0.109 0.136 0.164 0.193 0.222 0.251 0.281 0.311 0.342 0.373 0.405 0.442 0.484 0.527 0.569 0.612 0.656 0.700 0.744 0.788 0.833 0.879 0.924 1.054 1.281 1.519 1.767 2.025 2.294 2.574 2.864 3.164 3.475 3.796 4.128 4.352 4.425 4.480 4.540 4.725 4.896 5.052 5.193 5.320 5.433 5.531 5.615 5.877 6.380 6.877 7.366 7.848 8.324 8.792 9.253 9.706 10.153 10.593 11.025 11.143 10.803 10.440 10.055 9.646 9.214 8.759 8.281 7.780 7.256 6.709 6.139 5.716 5.552 5.386
0.112 0.141 0.171 0.201 0.231 0.262 0.294 0.326 0.359 0.392 0.425 0.463 0.506 0.550 0.594 0.638 0.683 0.728 0.774 0.819 0.866 0.912 0.959 1.077 1.341 1.615 1.900 2.195 2.501 2.817 3.144 3.516 3.996 4.508 5.051 5.501 5.679 5.842 5.990 6.124 6.244 6.349 6.439 6.515 6.577 6.624 6.657 6.814 7.293 7.764 8.229 8.686 9.136 9.579 10.015 10.444 10.866 11.281 11.688 11.868 11.447 11.004 10.537 10.048 9.535 9.000 8.441 7.860 7.255 6.628 5.978 5.435 5.265 5.092
0.114 0.145 0.176 0.208 0.240 0.273 0.307 0.340 0.375 0.410 0.445 0.483 0.527 0.572 0.617 0.663 0.709 0.756 0.803 0.850 0.897 0.945 0.994 1.088 1.408 1.776 2.176 2.607 3.071 3.567 4.094 4.654 5.246 5.870 6.525 7.116 7.243 7.355 7.452 7.536 7.604 7.658 7.698 7.723 7.734 7.731 7.712 7.757 8.210 8.657 9.097 9.529 9.954 10.373 10.784 11.188 11.585 11.975 12.357 12.613 12.112 11.588 11.041 10.471 9.878 9.262 8.623 7.961 7.276 6.569 5.838 5.156 4.979 4.800
0.115 0.148 0.181 0.215 0.249 0.284 0.319 0.354 0.390 0.427 0.464 0.502 0.548 0.594 0.641 0.688 0.735 0.791 0.856 0.926 1.002 1.084 1.171 1.277 1.725 2.205 2.717 3.261 3.837 4.445 5.085 5.757 6.461 7.197 7.965 8.744 8.820 8.881 8.928 8.960 8.977 8.981 8.970 8.944 8.904 8.850 8.781 8.705 9.134 9.556 9.970 10.378 10.778 11.172 11.558 11.937 12.309 12.674 13.032 13.381 12.799 12.194 11.567 10.916 10.243 9.546 8.827 8.085 7.320 6.531 5.720 4.886 4.696 4.510
0.116 0.151 0.186 0.221 0.257 0.293 0.330 0.367 0.405 0.444 0.486 0.516 0.565 0.621 0.683 0.751 0.824 0.903 0.987 1.077 1.173 1.275 1.382 1.494 2.009 2.601 3.225 3.881 4.569 5.289 6.041 6.825 7.641 8.489 9.369 10.280 10.409 10.419 10.415 10.397 10.364 10.316 10.254 10.178 10.087 9.982 9.862 9.728 10.063 10.460 10.850 11.233 11.608 11.977 12.338 12.692 13.040 13.380 13.713 14.039 13.507 12.822 12.114 11.383 10.629 9.853 9.053 8.230 7.385 6.516 5.625 4.710 4.414 4.222
0.117 0.153 0.190 0.287 0.369 0.436 0.489 0.526 0.548 0.556 0.548 0.526 0.571 0.647 0.729 0.817 0.910 1.008 1.112 1.222 1.338 1.459 1.586 1.718 2.258 2.962 3.698 4.466 5.266 6.099 6.963 7.858 8.786 9.746 10.738 11.761 12.011 11.971 11.916 11.846 11.762 11.664 11.551 11.424 11.283 11.127 10.956 10.771 10.998 11.370 11.735 12.093 12.444 12.787 13.124 13.453 13.776 14.091 14.400 14.701 14.237 13.471 12.683 11.872 11.038 10.180 9.300 8.363 7.381 6.422 5.487 4.576 4.210 4.052
0.555 0.629 0.689 0.734 0.763 0.778 0.777 0.762 0.732 0.687 0.626 0.551 0.572 0.668 0.769 0.876 0.989 1.108 1.232 1.361 1.496 1.637 1.784 1.936 2.472 3.289 4.137 5.017 5.929 6.873 7.849 8.857 9.897 10.968 12.072 13.207 13.626 13.534 13.429 13.308 13.174 13.025 12.861 12.683 12.491 12.285 12.064 11.828 11.939 12.286 12.626 12.959 13.285 13.604 13.916 14.220 14.518 14.809 15.092 15.368 14.861 13.796 12.754 11.737 10.742 9.771 8.824 7.900 7.000 6.123 5.269 4.439 4.024 3.889
1.176 1.197 1.204 1.196 1.173 1.135 1.082 1.014 0.931 0.833 0.720 0.593 0.566 0.682 0.803 0.930 1.063 1.201 1.344 1.494 1.649 1.809 1.976 2.147 2.653 3.582 4.542 5.534 6.558 7.614 8.702 9.821 10.973 12.156 13.371 14.618 15.253 15.111 14.954 14.783 14.598 14.398 14.184 13.956 13.713 13.455 13.184 12.898 12.885 13.207 13.523 13.831 14.132 14.249 14.257 14.262 14.265 14.266 14.265 14.262 13.803 12.820 11.861 10.925 10.012 9.123 8.257 7.415 6.597 5.801 5.030 4.281 3.832 3.719
1.812 1.781 1.735 1.674 1.599 1.508 1.403 1.282 1.146 0.996 0.831 0.650 0.555 0.690 0.831 0.978 1.130 1.288 1.451 1.620 1.795 1.975 2.161 2.353 2.800 3.841 4.913 6.017 7.152 8.320 9.519 10.751 12.014 13.309 14.635 15.994 16.892 16.700 16.492 16.271 16.035 15.784 15.520 15.241 14.947 14.639 14.081 13.447 13.022 13.032 13.041 13.047 13.051 13.054 13.054 13.053 13.049 13.043 13.036 13.026 12.725 11.823 10.946 10.091 9.261 8.453 7.669 6.909 6.172 5.458 4.768 4.102 3.635 3.545
2.464 2.380 2.282 2.169 2.040 1.897 1.739 1.566 1.378 1.175 0.957 0.724 0.537 0.692 0.853 1.019 1.191 1.369 1.552 1.741 1.935 2.135 2.340 2.552 2.914 4.065 5.249 6.465 7.712 8.991 10.303 11.645 13.020 14.427 15.865 17.335 18.545 18.301 18.043 17.426 16.769 16.119 15.475 14.838 14.208 13.585 12.969 12.360 11.864 11.868 11.869 11.869 11.867 11.862 11.856 11.847 11.837 11.824 11.810 11.793 11.625 10.806 10.010 9.237 8.488 7.762 7.060 6.381 5.726 5.094 4.485 3.900 3.431 3.364
3.126 2.995 2.844 2.678 2.498 2.302 2.091 1.866 1.625 1.369 1.099 0.814 0.513 0.688 0.869 1.055 1.246 1.443 1.646 1.855 2.069 2.288 2.514 2.744 2.993 4.256 5.552 6.879 8.238 9.629 11.051 12.500 13.688 14.844 15.969 17.062 18.082 17.429 16.782 16.142 15.508 14.882 14.262 13.650 13.044 12.445 11.853 11.268 10.710 10.707 10.702 10.694 10.685 10.674 10.661 10.645 10.628 10.609 10.588 10.564 10.504 9.767 9.052 8.361 7.694 7.050 6.429 5.832 5.258 4.708 4.181 3.677 3.222 3.177
3.725 3.626 3.422 3.204 2.971 2.722 2.459 2.181 1.888 1.580 1.257 0.920 0.567 0.678 0.878 1.084 1.295 1.512 1.735 1.963 2.196 2.436 2.680 2.931 3.180 4.330 5.597 6.832 8.036 9.208 10.349 11.459 12.536 13.583 14.598 15.581 16.533 16.091 15.468 14.852 14.243 13.640 13.045 12.456 11.874 11.299 10.731 10.170 9.616 9.549 9.537 9.523 9.507 9.489 9.469 9.447 9.423 9.397 9.369 9.339 9.307 8.707 8.074 7.465 6.879 6.316 5.777 5.261 4.769 4.300 3.854 3.432 3.033 2.985
4.308 4.272 4.016 3.745 3.460 3.159 2.843 2.513 2.167 1.807 1.432 1.042 0.636 0.662 0.882 1.107 1.338 1.587 1.854 2.104 2.336 2.550 2.747 2.926 3.087 3.980 5.137 6.262 7.357 8.419 9.451 10.450 11.419 12.356 13.261 14.135 14.978 14.748 14.149 13.557 12.972 12.394 11.822 11.258 10.700 10.149 9.605 9.067 8.537 8.396 8.377 8.356 8.333 8.308 8.281 8.253 8.222 8.189 8.154 8.117 8.078 7.626 7.074 6.547 6.042 5.561 5.103 4.669 4.258 3.871 3.506 3.166 2.848 2.787
4.877 4.934 4.626 4.302 3.964 3.611 3.243 2.860 2.462 2.050 1.651 1.291 0.942 0.947 1.223 1.481 1.722 1.945 2.151 2.338 2.509 2.661 2.796 2.913 3.013 3.662 4.710 5.726 6.711 7.664 8.585 9.476 10.335 11.162 11.958 12.723 13.456 13.400 12.826 12.257 11.696 11.142 10.594 10.054 9.520 8.993 8.473 7.959 7.453 7.245 7.220 7.192 7.162 7.131 7.097 7.061 7.024 6.984 6.942 6.899 6.853 6.524 6.054 5.607 5.184 4.785 4.408 4.056 3.726 3.420 3.137 2.877 2.641 2.582
5.431 5.612 5.251 4.855 4.453 4.063 3.685 3.318 2.963 2.620 2.288 1.968 1.660 1.570 1.785 1.981 2.160 2.321 2.465 2.591 2.700 2.790 2.863 2.919 2.957 3.378 4.316 5.223 6.098 6.942 7.754 8.535 9.284 10.002 10.689 11.344 11.968 12.048 11.497 10.953 10.415 9.885 9.361 8.845 8.335 7.832 7.335 6.846 6.363 6.099 6.066 6.032 5.995 5.957 5.916 5.874 5.829 5.783 5.734 5.684 5.631 5.400 5.012 4.647 4.306 3.987 3.692 3.421 3.194 3.015 2.843 2.678 2.521 2.473
5.762 5.951 5.567 5.195 4.834 4.484 4.147 3.821 3.506 3.203 2.912 2.633 2.365 2.212 2.364 2.499 2.616 2.716 2.798 2.862 2.909 2.938 2.949 2.943 2.919 3.127 3.955 4.752 5.518 6.253 6.956 7.627 8.268 8.876 9.454 10.000 10.515 10.690 10.163 9.643 9.129 8.623 8.123 7.630 7.144 6.665 6.193 5.727 5.269 4.955 4.916 4.875 4.832 4.786 4.739 4.690 4.639 4.585 4.530 4.473 4.413 4.311 4.105 3.906 3.715 3.531 3.355 3.187 3.026 2.873 2.727 2.589 2.459 2.397
6.023 6.197 5.853 5.521 5.201 4.892 4.595 4.310 4.036 3.774 3.523 3.284 3.057 2.871 2.962 3.035 3.091 3.129 3.149 3.152 3.137 3.104 3.054 2.986 2.901 2.908 3.628 4.316 4.972 5.597 6.191 6.753 7.284 7.784 8.252 8.689 9.095 9.327 8.824 8.328 7.838 7.356 6.880 6.411 5.949 5.494 5.045 4.604 4.169 3.816 3.770 3.722 3.672 3.620 3.697 3.840 3.949 4.023 4.063 4.068 4.039 3.951 3.771 3.599 3.434 3.277 3.128 2.985 2.851 2.724 2.605 2.493 2.389 2.324
6.328 6.398 6.126 5.835 5.555 5.287 5.030 4.785 4.552 4.330 4.120 3.922 3.735 3.560 3.578 3.589 3.583 3.559 3.518 3.459 3.383 3.289 3.177 3.048 2.901 2.736 3.333 3.912 4.459 4.975 5.459 5.913 6.334 6.725 7.084 7.412 7.709 7.959 7.480 7.008 6.542 6.083 5.632 5.187 4.748 4.317 3.893 3.682 3.579 3.508 3.704 3.864 3.991 4.083 4.141 4.164 4.153 4.107 4.027 3.913 3.764 3.585 3.432 3.286 3.147 3.016 2.893 2.777 2.669 2.568 2.475 2.390 2.312 2.252
