DATA/SHG/ECMWF/20170628/EN-16/20170711.en-16.asc
ncols        190
nrows        64
xllcorner    -5100000.000000000000
yllcorner    4130000.000000000000
cellsize     10000.000000000000
NODATA_value  -99999.000
[rows 0 to 32 of 64, columns 73 to 145 of 190]
1.689 1.756 1.823 1.890 1.959 2.027 2.097 2.167 2.192 2.138 2.094 2.042 1.984 1.919 1.846 1.767 1.680 1.587 1.486 1.379 1.364 1.676 1.985 2.293 2.599 2.903 3.206 3.507 3.807 4.105 4.401 4.696 4.982 5.248 5.522 5.806 6.097 6.398 6.707 7.025 7.351 7.686 8.030 8.382 8.573 8.245 7.920 7.599 7.282 6.969 6.659 6.353 6.051 5.753 5.459 5.168 4.939 4.882 4.820 4.754 4.683 4.608 4.529 4.445 4.356 4.264 4.166 4.065 3.949 3.799 3.643 3.480 3.311
1.794 1.862 1.966 2.081 2.196 2.313 2.430 2.547 2.634 2.572 2.503 2.427 2.344 2.254 2.157 2.053 1.942 1.824 1.699 1.567 1.475 1.780 2.082 2.383 2.682 2.979 3.275 3.569 3.861 4.152 4.442 4.729 5.017 5.322 5.635 5.957 6.287 6.627 6.974 7.331 7.696 8.069 8.452 8.842 9.151 8.839 8.531 8.227 7.927 7.630 7.337 7.048 6.762 6.480 6.203 5.928 5.685 5.608 5.526 5.440 5.349 5.254 5.155 5.051 4.943 4.830 4.713 4.592 4.459 4.281 4.096 3.906 3.709
2.162 2.277 2.394 2.511 2.629 2.748 2.868 2.988 3.099 3.012 2.919 2.818 2.710 2.596 2.474 2.346 2.210 2.067 1.918 1.761 1.598 1.886 2.181 2.474 2.766 3.056 3.345 3.632 3.917 4.201 4.484 4.764 5.043 5.386 5.738 6.099 6.468 6.845 7.232 7.627 8.030 8.442 8.863 9.293 9.724 9.429 9.138 8.850 8.566 8.286 8.010 7.737 7.468 7.203 6.942 6.684 6.434 6.337 6.235 6.129 6.019 5.904 5.785 5.661 5.533 5.401 5.264 5.123 4.940 4.668 4.399 4.134 3.872
2.583 2.701 2.821 2.940 3.061 3.182 3.304 3.427 3.550 3.458 3.340 3.215 3.082 2.943 2.797 2.644 2.484 2.317 2.143 1.961 1.773 1.993 2.281 2.567 2.852 3.135 3.417 3.697 3.975 4.252 4.527 4.801 5.073 5.441 5.832 6.231 6.638 7.055 7.479 7.913 8.355 8.806 9.265 9.733 10.209 10.014 9.739 9.468 9.201 8.937 8.678 8.422 8.169 7.921 7.676 7.435 7.197 7.070 6.948 6.783 6.577 6.368 6.155 5.938 5.717 5.492 5.264 5.032 4.797 4.541 4.287 4.037 3.790
3.003 3.124 3.246 3.368 3.491 3.615 3.739 3.865 3.991 3.910 3.767 3.617 3.460 3.297 3.126 2.948 2.764 2.572 2.373 2.168 1.955 2.102 2.383 2.662 2.940 3.216 3.490 3.763 4.035 4.304 4.573 4.839 5.104 5.486 5.915 6.353 6.799 7.254 7.717 8.189 8.670 9.159 9.657 10.163 10.678 10.594 10.336 10.082 9.831 9.584 9.276 8.930 8.600 8.287 7.990 7.710 7.446 7.226 7.011 6.792 6.569 6.343 6.113 5.879 5.642 5.401 5.156 4.908 4.655 4.411 4.173 3.938 3.706
3.422 3.545 3.669 3.794 3.920 4.046 4.173 4.301 4.430 4.367 4.200 4.025 3.844 3.656 3.461 3.258 3.049 2.833 2.610 2.380 2.143 2.212 2.486 2.758 3.029 3.298 3.566 3.831 4.096 4.358 4.620 4.879 5.137 5.522 5.989 6.466 6.950 7.444 7.945 8.456 8.975 9.443 9.854 10.241 10.605 10.484 10.129 9.790 9.468 9.163 8.873 8.601 8.344 8.104 7.881 7.674 7.484 7.271 7.039 6.804 6.565 6.322 6.075 5.825 5.571 5.314 5.052 4.787 4.518 4.279 4.055 3.835 3.618
3.839 3.965 4.092 4.219 4.347 4.476 4.606 4.736 4.867 4.830 4.638 4.440 4.234 4.021 3.801 3.575 3.341 3.100 2.853 2.598 2.337 2.324 2.591 2.856 3.120 3.382 3.642 3.901 4.158 4.414 4.668 4.921 5.197 5.595 6.088 6.558 7.004 7.428 7.828 8.205 8.558 8.889 9.196 9.481 9.742 9.697 9.415 9.150 8.901 8.669 8.454 8.254 8.072 7.905 7.755 7.622 7.505 7.320 7.072 6.820 6.564 6.305 6.042 5.775 5.504 5.230 4.952 4.670 4.385 4.143 3.934 3.729 3.527
4.256 4.384 4.513 4.643 4.774 4.905 5.037 5.170 5.304 5.299 5.083 4.860 4.629 4.392 4.148 3.897 3.639 3.373 3.101 2.822 2.536 2.438 2.697 3.008 3.332 3.647 3.952 4.248 4.535 4.812 5.080 5.339 5.589 5.893 6.283 6.649 6.992 7.312 7.609 7.883 8.133 8.361 8.565 8.746 8.904 8.893 8.685 8.493 8.318 8.159 8.017 7.891 7.782 7.689 7.613 7.553 7.509 7.374 7.109 6.840 6.568 6.292 6.012 5.728 5.441 5.150 4.856 4.558 4.256 4.004 3.810 3.620 3.433
4.670 4.801 4.933 5.065 5.199 5.332 5.467 5.602 5.739 5.774 5.533 5.285 5.031 4.769 4.500 4.230 3.990 3.771 3.573 3.395 3.238 3.192 3.493 3.785 4.067 4.340 4.604 4.858 5.103 5.339 5.565 5.782 5.990 6.216 6.502 6.766 7.005 7.222 7.416 7.586 7.734 7.858 7.959 8.037 8.092 8.073 7.938 7.820 7.718 7.633 7.564 7.512 7.476 7.456 7.453 7.466 7.496 7.431 7.149 6.864 6.575 6.282 5.986 5.686 5.382 5.075 4.764 4.449 4.130 3.862 3.683 3.508 3.336
5.084 5.217 5.351 5.486 5.622 5.759 5.896 6.034 6.157 6.177 5.886 5.615 5.364 5.135 4.926 4.737 4.569 4.422 4.296 4.190 4.105 4.061 4.320 4.570 4.811 5.042 5.264 5.477 5.680 5.875 6.059 6.235 6.401 6.564 6.747 6.907 7.044 7.157 7.248 7.315 7.360 7.381 7.379 7.354 7.306 7.237 7.175 7.131 7.102 7.090 7.095 7.115 7.153 7.206 7.277 7.363 7.466 7.491 7.193 6.891 6.586 6.277 5.964 5.647 5.327 5.003 4.675 4.344 4.009 3.716 3.553 3.392 3.236
5.496 5.659 5.835 5.981 6.098 6.185 6.242 6.269 6.267 6.233 6.014 5.814 5.636 5.478 5.341 5.225 5.129 5.054 4.999 4.965 4.952 4.945 5.157 5.365 5.564 5.754 5.934 6.106 6.267 6.420 6.563 6.697 6.822 6.937 7.016 7.073 7.107 7.118 7.105 7.070 7.011 6.930 6.825 6.697 6.546 6.384 6.396 6.424 6.469 6.531 6.608 6.702 6.813 6.940 7.083 7.243 7.419 7.556 7.241 6.923 6.601 6.275 5.946 5.613 5.276 4.935 4.591 4.243 3.891 3.568 3.419 3.274 3.132
6.421 6.523 6.595 6.637 6.650 6.633 6.587 6.511 6.405 6.269 6.122 5.995 5.889 5.803 5.738 5.693 5.669 5.665 5.683 5.721 5.779 5.844 6.003 6.170 6.327 6.475 6.614 6.744 6.864 6.975 7.076 7.169 7.252 7.326 7.311 7.265 7.196 7.103 6.988 6.850 6.688 6.503 6.296 6.065 5.811 5.534 5.600 5.702 5.820 5.955 6.105 6.273 6.456 6.657 6.873 7.106 7.355 7.621 7.293 6.958 6.619 6.277 5.931 5.582 5.228 4.871 4.510 4.146 3.810 3.531 3.486 3.451 3.427
7.415 7.413 7.382 7.320 7.229 7.109 6.959 6.779 6.570 6.331 6.212 6.157 6.122 6.108 6.115 6.142 6.190 6.258 6.347 6.456 6.587 6.724 6.858 6.983 7.099 7.206 7.303 7.391 7.470 7.539 7.599 7.650 7.692 7.724 7.630 7.481 7.309 7.114 6.896 6.654 6.390 6.103 5.792 5.459 5.102 4.723 4.788 4.963 5.154 5.362 5.586 5.826 6.083 6.357 6.646 6.952 7.275 7.613 7.349 6.989 6.632 6.289 5.961 5.649 5.352 5.069 4.802 4.550 4.313 4.091 4.081 4.095 4.121
8.436 8.330 8.195 8.030 7.835 7.611 7.358 7.074 6.761 6.419 6.283 6.299 6.336 6.394 6.473 6.571 6.691 6.831 6.992 7.173 7.375 7.584 7.723 7.806 7.881 7.946 8.001 8.048 8.085 8.113 8.132 8.141 8.141 8.132 7.974 7.722 7.447 7.150 6.829 6.485 6.118 5.728 5.315 4.878 4.419 3.937 3.960 4.208 4.472 4.753 5.082 5.441 5.788 6.124 6.449 6.763 7.066 7.357 7.179 6.873 6.583 6.307 6.046 5.801 5.571 5.356 5.155 4.970 4.801 4.646 4.664 4.727 4.802
9.483 9.274 9.035 8.766 8.468 8.141 7.784 7.397 6.980 6.535 6.334 6.423 6.532 6.661 6.811 6.982 7.173 7.385 7.617 7.870 8.143 8.425 8.596 8.638 8.671 8.695 8.709 8.714 8.710 8.697 8.674 8.642 8.600 8.550 8.343 7.988 7.611 7.210 6.787 6.340 5.870 5.401 4.960 4.535 4.124 3.729 3.788 4.141 4.484 4.815 5.135 5.444 5.742 6.028 6.304 6.568 6.821 7.063 6.981 6.742 6.518 6.310 6.116 5.938 5.775 5.626 5.493 5.375 5.272 5.184 5.235 5.348 5.472
10.556 10.244 9.901 9.529 9.128 8.697 8.236 7.746 7.227 6.677 6.367 6.527 6.708 6.909 7.131 7.373 7.636 7.919 8.223 8.547 8.892 9.246 9.479 9.480 9.471 9.454 9.426 9.390 9.344 9.289 9.225 9.152 9.013 8.823 8.509 8.030 7.565 7.116 6.682 6.263 5.860 5.471 5.098 4.740 4.397 4.069 4.051 4.355 4.648 4.930 5.200 5.460 5.708 5.945 6.170 6.385 6.588 6.781 6.767 6.595 6.439 6.297 6.171 6.059 5.963 5.881 5.815 5.764 5.728 5.707 5.795 5.956 6.129
11.656 11.240 10.794 10.319 9.814 9.280 8.716 8.123 7.500 6.847 6.381 6.613 6.865 7.138 7.431 7.745 8.079 8.434 8.809 9.205 9.622 10.047 10.372 10.245 10.050 9.857 9.664 9.473 9.282 9.093 8.904 8.717 8.530 8.344 8.091 7.678 7.282 6.900 6.533 6.182 5.846 5.525 5.219 4.928 4.653 4.392 4.327 4.581 4.824 5.056 5.277 5.487 5.685 5.872 6.049 6.214 6.367 6.510 6.539 6.434 6.344 6.269 6.210 6.165 6.136 6.121 6.122 6.137 6.168 6.214 6.342 6.553 6.775
12.782 12.263 11.714 11.135 10.527 9.890 9.222 8.526 7.800 7.044 6.376 6.679 7.003 7.347 7.712 8.089 8.363 8.634 8.902 9.165 9.424 9.689 9.913 9.722 9.532 9.343 9.155 8.968 8.782 8.596 8.412 8.229 8.047 7.866 7.656 7.311 6.982 6.668 6.368 6.084 5.816 5.562 5.323 5.100 4.892 4.699 4.613 4.818 5.011 5.194 5.365 5.525 5.674 5.812 5.939 6.054 6.158 6.251 6.295 6.257 6.234 6.226 6.233 6.256 6.293 6.345 6.413 6.495 6.593 6.705 6.878 7.138 7.409
13.935 13.312 12.660 11.978 11.267 10.526 9.756 8.956 8.110 7.178 6.258 6.512 6.789 7.063 7.332 7.597 7.859 8.116 8.370 8.620 8.866 9.118 9.375 9.199 9.013 8.829 8.645 8.462 8.281 8.100 7.920 7.741 7.563 7.387 7.205 6.928 6.666 6.419 6.187 5.971 5.769 5.583 5.412 5.256 5.115 4.989 4.911 5.066 5.210 5.343 5.465 5.575 5.675 5.763 5.840 5.906 5.961 6.005 6.036 6.065 6.109 6.168 6.242 6.331 6.435 6.554 6.688 6.837 7.002 7.181 7.402 7.711 8.031
15.114 14.320 13.346 12.384 11.434 10.496 9.570 8.655 7.753 6.862 5.984 6.078 6.342 6.602 6.858 7.110 7.358 7.603 7.843 8.080 8.313 8.551 8.795 8.676 8.494 8.314 8.135 7.956 7.779 7.603 7.427 7.253 7.079 6.907 6.736 6.529 6.334 6.155 5.990 5.841 5.707 5.588 5.484 5.395 5.321 5.263 5.220 5.326 5.420 5.504 5.576 5.637 5.687 5.726 5.754 5.770 5.775 5.770 5.762 5.857 5.968 6.094 6.235 6.390 6.561 6.747 6.948 7.164 7.395 7.641 7.915 8.273 8.642
14.607 13.662 12.730 11.809 10.901 10.004 9.119 8.246 7.385 6.536 5.699 5.648 5.899 6.145 6.388 6.627 6.862 7.093 7.320 7.543 7.763 7.988 8.218 8.152 7.975 7.799 7.624 7.450 7.277 7.105 6.934 6.764 6.595 6.427 6.260 6.114 5.987 5.874 5.777 5.695 5.628 5.576 5.540 5.518 5.512 5.520 5.544 5.597 5.642 5.676 5.699 5.710 5.711 5.700 5.679 5.646 5.602 5.547 5.480 5.635 5.812 6.005 6.212 6.435 6.672 6.925 7.192 7.475 7.772 8.075 8.341 8.869 9.550
13.898 12.995 12.104 11.225 10.357 9.502 8.658 7.827 7.007 6.200 5.404 5.222 5.459 5.692 5.922 6.147 6.369 6.587 6.801 7.011 7.218 7.429 7.646 7.628 7.455 7.284 7.113 6.944 6.775 6.607 6.441 6.275 6.110 5.947 5.784 5.683 5.623 5.578 5.548 5.533 5.533 5.548 5.579 5.625 5.685 5.761 5.852 5.880 5.875 5.860 5.833 5.795 5.746 5.686 5.615 5.533 5.440 5.335 5.220 5.397 5.752 6.238 6.674 7.059 7.395 7.680 7.916 8.101 8.236 8.321 8.356 9.490 10.852
13.179 12.317 11.467 10.630 9.804 8.990 8.188 7.397 6.619 5.853 5.098 4.800 5.024 5.244 5.460 5.672 5.881 6.086 6.286 6.483 6.676 6.875 7.078 7.103 6.935 6.768 6.602 6.437 6.272 6.109 5.947 5.786 5.625 5.466 5.308 5.236 5.243 5.265 5.302 5.355 5.422 5.504 5.602 5.715 5.843 5.986 6.144 6.174 6.120 6.055 5.979 5.949 6.032 6.155 6.319 6.523 6.767 7.052 7.378 7.733 8.047 8.311 8.524 8.688 8.801 8.865 8.878 8.841 8.754 8.617 8.430 9.957 11.999
12.450 11.629 10.821 10.025 9.240 8.467 7.707 6.958 6.221 5.495 4.782 4.382 4.593 4.799 5.002 5.201 5.397 5.588 5.776 5.959 6.139 6.324 6.514 6.578 6.415 6.252 6.090 5.929 5.769 5.611 5.453 5.296 5.140 4.985 4.831 4.773 4.847 4.937 5.041 5.160 5.295 5.444 5.634 5.865 6.095 6.323 6.548 6.690 6.790 6.931 7.112 7.334 7.596 7.898 8.241 8.624 9.047 9.511 10.015 10.299 10.390 10.432 10.423 10.365 10.256 10.098 9.889 9.630 9.322 8.963 8.554 10.271 12.992
11.711 10.932 10.165 9.409 8.666 7.935 7.215 6.508 5.812 5.128 4.456 3.968 4.165 4.359 4.549 4.734 4.916 5.095 5.269 5.439 5.606 5.778 5.955 6.053 5.894 5.735 5.578 5.422 5.266 5.112 4.958 4.806 4.654 4.549 4.525 4.592 4.829 5.064 5.297 5.528 5.756 5.983 6.208 6.430 6.651 6.869 7.085 7.315 7.594 7.914 8.274 8.675 9.116 9.597 10.118 10.680 11.282 11.925 12.608 12.912 12.782 12.601 12.371 12.090 11.760 11.380 10.949 10.469 9.939 9.358 8.728 10.432 13.832
10.961 10.224 9.498 8.784 8.082 7.392 6.714 6.047 5.393 4.750 4.119 3.558 3.742 3.922 4.099 4.272 4.440 4.605 4.766 4.924 5.077 5.235 5.399 5.528 5.401 5.326 5.262 5.210 5.169 5.139 5.120 5.113 5.116 5.131 5.157 5.232 5.459 5.685 5.909 6.131 6.350 6.568 6.783 6.996 7.208 7.417 7.624 7.897 8.355 8.854 9.392 9.972 10.591 11.251 11.951 12.692 13.473 14.294 15.155 15.573 15.221 14.819 14.367 13.865 13.313 12.711 12.059 11.357 10.605 9.803 8.951 10.441 14.519
10.202 9.506 8.822 8.149 7.488 6.839 6.202 5.577 4.964 4.362 3.773 3.195 3.323 3.490 3.653 3.813 3.981 4.228 4.467 4.699 4.924 5.141 5.350 5.553 5.523 5.498 5.484 5.481 5.490 5.510 5.540 5.583 5.636 5.700 5.776 5.873 6.091 6.308 6.522 6.735 6.945 7.154 7.360 7.564 7.766 7.966 8.164 8.435 9.072 9.749 10.467 11.224 12.023 12.861 13.740 14.659 15.618 16.618 17.658 18.282 17.708 17.085 16.411 15.687 14.914 14.090 13.217 12.294 11.320 10.297 9.224 10.296 15.053
9.433 8.778 8.135 7.503 6.884 6.276 5.680 5.096 4.524 3.984 3.536 3.109 3.241 3.492 3.735 3.971 4.199 4.421 4.635 4.842 5.041 5.232 5.416 5.594 5.633 5.657 5.693 5.740 5.798 5.867 5.948 6.039 6.142 6.256 6.382 6.518 6.725 6.932 7.137 7.341 7.542 7.741 7.938 8.133 8.326 8.517 8.706 8.929 9.745 10.601 11.497 12.433 13.410 14.427 15.484 16.582 17.719 18.897 20.116 21.039 20.244 19.399 18.504 17.558 16.564 15.519 14.424 13.280 12.085 10.841 9.546 10.000 15.434
8.654 8.040 7.455 6.930 6.426 5.944 5.485 5.047 4.631 4.237 3.865 3.515 3.567 3.792 4.010 4.221 4.424 4.620 4.809 4.991 5.165 5.331 5.489 5.642 5.729 5.804 5.889 5.985 6.093 6.212 6.342 6.483 6.636 6.799 6.974 7.160 7.359 7.557 7.754 7.948 8.140 8.330 8.518 8.704 8.888 9.070 9.249 9.427 10.375 11.409 12.483 13.598 14.753 15.949 17.184 18.460 19.776 21.132 22.528 23.844 22.827 21.761 20.644 19.478 18.262 16.996 15.680 14.314 12.899 11.434 9.918 9.550 15.662
8.120 7.626 7.155 6.706 6.278 5.873 5.489 5.127 4.787 4.470 4.174 3.900 3.899 4.099 4.291 4.477 4.655 4.826 4.990 5.146 5.295 5.435 5.568 5.695 5.814 5.937 6.072 6.218 6.376 6.544 6.724 6.914 7.116 7.330 7.554 7.789 7.995 8.184 8.371 8.556 8.739 8.920 9.099 9.276 9.451 9.623 9.794 9.963 10.961 12.173 13.426 14.719 16.053 17.426 18.840 20.294 21.788 23.322 24.897 26.511 25.458 24.171 22.833 21.446 20.009 18.522 16.985 15.398 13.762 12.076 10.340 8.934 15.459
7.647 7.230 6.835 6.461 6.110 5.781 5.473 5.187 4.924 4.682 4.462 4.264 4.237 4.411 4.579 4.739 4.892 5.038 5.176 5.307 5.431 5.546 5.654 5.756 5.885 6.058 6.243 6.438 6.645 6.863 7.092 7.333 7.584 7.847 8.120 8.405 8.632 8.812 8.990 9.166 9.340 9.512 9.682 9.849 10.015 10.178 10.340 10.499 11.503 12.894 14.325 15.796 17.308 18.859 20.451 22.083 23.755 25.468 27.220 29.013 28.138 26.629 25.024 23.293 21.536 19.752 17.941 16.104 14.240 12.350 10.433 8.490 13.774
7.154 6.813 6.494 6.197 5.922 5.668 5.437 5.227 5.040 4.874 4.730 4.608 4.581 4.730 4.873 5.008 5.136 5.256 5.369 5.475 5.574 5.664 5.746 5.822 5.944 6.167 6.401 6.646 6.902 7.170 7.448 7.738 8.039 8.351 8.674 9.008 9.271 9.442 9.611 9.778 9.942 10.105 10.266 10.424 10.581 10.735 10.887 11.038 12.003 13.572 15.181 16.830 18.519 20.210 21.840 23.498 25.184 26.897 28.638 30.406 29.679 27.883 26.061 24.212 22.336 20.434 18.506 16.551 14.570 12.562 10.527 8.466 12.255
6.641 6.377 6.134 5.912 5.713 5.536 5.381 5.247 5.135 5.046 4.978 4.932 4.931 5.056 5.173 5.283 5.385 5.480 5.569 5.649 5.723 5.787 5.844 5.895 5.990 6.262 6.546 6.840 7.146 7.463 7.791 8.130 8.481 8.842 9.215 9.598 9.911 10.073 10.233 10.390 10.546 10.699 10.851 11.000 11.131 11.202 11.252 11.281 12.038 13.653 15.295 16.965 18.663 20.388 22.141 23.921 25.729 27.564 29.427 31.317 30.977 29.063 27.123 25.157 23.163 21.144 19.097 17.025 14.925 12.799 10.647 8.468 10.902
