DATA/SHG/ECMWF/20170628/EN-16/20170701.en-16.asc
ncols        190
nrows        64
xllcorner    -5100000.000000000000
yllcorner    4130000.000000000000
cellsize     10000.000000000000
NODATA_value  -99999.000
[rows 32 to 63 of 64, columns 72 to 143 of 190]
3.949 4.016 4.607 5.227 5.876 6.554 7.261 7.997 8.763 9.557 10.380 11.233 12.114 12.844 12.661 12.454 12.222 11.965 11.683 11.377 11.045 10.689 10.296 9.871 9.427 9.130 9.408 9.695 9.992 10.298 10.613 10.937 11.271 11.614 11.967 12.329 12.700 12.768 12.241 11.697 11.135 10.556 9.959 9.346 8.714 8.276 8.425 8.574 8.723 10.509 14.118 17.692 21.230 24.733 28.200 31.632 35.028 38.389 41.715 45.005 48.260 50.383 51.610 52.668 53.559 54.282 54.838 55.226 55.446 55.499 55.383 55.101
4.171 4.168 4.858 5.579 6.329 7.108 7.916 8.753 9.619 10.514 11.438 12.392 13.374 14.338 14.070 13.776 13.457 13.114 12.746 12.353 11.935 11.493 11.013 10.501 9.969 9.505 9.825 10.153 10.491 10.838 11.195 11.561 11.936 12.321 12.715 13.118 13.704 14.625 14.774 14.922 15.070 15.218 15.366 15.514 15.662 15.809 15.957 16.104 16.251 17.570 21.022 24.439 27.821 31.167 34.478 37.753 40.993 44.198 47.367 50.501 53.600 55.496 55.981 56.299 56.449 56.432 56.247 55.895 55.375 54.687 53.832 52.809
4.391 4.393 5.080 5.902 6.753 7.633 8.542 9.480 10.447 11.443 12.468 13.522 14.605 15.717 15.499 15.119 14.714 14.284 13.830 13.350 12.846 12.317 11.751 11.151 10.532 9.893 10.230 10.788 12.049 13.284 14.494 15.679 16.838 17.972 19.080 20.163 21.221 22.161 22.308 22.455 22.602 22.748 22.894 23.041 23.187 23.333 23.479 23.624 23.770 24.658 27.954 31.214 34.440 37.630 40.784 43.903 46.987 50.036 53.049 56.026 58.969 60.774 60.519 60.096 59.506 58.749 57.824 56.732 55.472 54.045 52.450 50.688
4.609 4.617 5.275 6.198 7.150 8.131 9.140 10.179 11.247 12.344 13.469 14.624 15.808 17.021 16.949 16.482 15.991 15.475 14.934 15.119 16.251 17.136 17.594 17.663 17.537 17.216 18.169 19.342 20.490 21.612 22.709 23.780 24.826 25.847 26.842 27.812 28.756 29.676 29.833 29.979 30.124 30.269 30.413 30.558 30.703 30.847 30.992 31.136 31.280 31.774 34.913 38.018 41.087 44.120 47.119 50.082 53.009 55.902 58.759 61.580 64.367 66.216 65.221 64.059 62.729 61.232 59.568 57.736 55.737 53.571 51.237 48.736
4.826 4.839 5.443 6.466 7.519 8.600 9.711 10.850 12.019 13.216 14.443 15.698 18.051 21.898 24.438 25.947 27.210 28.225 28.993 29.514 29.788 29.814 29.409 28.611 27.617 26.428 26.854 27.914 28.948 29.957 30.941 31.899 32.832 33.740 34.622 35.479 36.310 37.116 37.349 37.493 37.637 37.780 37.923 38.066 38.210 38.352 38.495 38.638 38.781 38.923 41.901 44.849 47.762 50.639 53.482 56.289 59.060 61.797 64.498 67.163 69.793 71.823 70.089 68.187 66.118 63.882 61.479 58.908 56.170 53.265 50.193 46.953
5.040 5.059 5.582 6.707 7.860 9.721 12.445 15.487 18.846 22.522 26.516 30.828 35.457 40.403 43.331 43.982 44.385 44.542 44.451 44.114 43.530 42.698 41.430 39.765 37.905 35.849 35.556 36.502 37.424 38.320 39.190 40.036 40.856 41.650 42.419 43.163 43.882 44.575 44.856 44.998 45.140 45.282 45.424 45.566 45.707 45.849 45.990 46.131 46.272 46.413 48.916 51.708 54.465 57.187 59.873 62.524 65.140 67.720 70.265 72.775 75.249 77.595 75.121 72.481 69.673 66.698 63.556 60.247 56.771 53.128 49.317 45.340
7.064 7.989 9.555 12.426 15.615 19.122 22.945 27.086 31.544 36.320 41.412 46.822 52.549 58.594 62.426 62.218 61.764 61.062 60.114 58.918 57.477 55.788 53.657 51.126 48.400 45.478 44.275 45.109 45.917 46.700 47.458 48.190 48.897 49.579 50.235 50.866 51.472 52.052 52.354 52.494 52.635 52.775 52.915 53.056 53.196 53.335 53.475 53.615 53.754 53.894 55.960 58.596 61.197 63.762 66.293 68.788 71.248 73.672 76.061 78.415 80.734 83.018 80.318 76.940 73.394 69.681 65.801 61.754 57.540 53.158 48.610 43.895
12.131 13.454 15.349 19.320 23.608 28.214 33.136 38.376 43.932 49.806 55.996 62.504 69.329 76.470 81.723 80.657 79.345 77.785 75.980 73.927 71.628 69.083 66.091 62.694 59.102 55.315 53.012 53.733 54.428 55.098 55.743 56.362 56.957 57.525 58.069 58.587 59.080 59.547 59.842 59.981 60.120 60.259 60.398 60.536 60.675 60.813 60.952 61.090 61.228 61.366 63.031 65.511 67.956 70.366 72.741 75.080 77.384 79.653 81.887 84.085 86.248 88.376 85.680 81.563 77.280 72.829 67.935 62.406 57.016 51.764 46.651 41.676
17.082 18.803 20.838 25.908 31.294 36.998 43.019 49.356 56.010 62.981 70.269 77.874 85.795 94.034 101.221 99.298 97.128 94.712 92.050 89.141 85.985 82.584 78.731 74.469 70.012 65.359 61.766 62.374 62.956 63.514 64.046 64.552 65.034 65.490 65.921 66.326 66.706 67.061 67.321 67.459 67.597 67.734 67.871 68.008 68.145 68.282 68.419 68.556 68.692 68.829 70.130 72.455 74.744 76.998 79.217 81.401 83.549 85.296 85.731 86.113 86.441 86.715 83.013 77.540 72.206 67.009 61.951 57.032 52.250 47.607 43.102 38.736
21.919 24.037 26.270 32.189 38.674 45.475 52.593 60.027 67.778 75.846 84.231 92.932 101.949 111.283 120.920 118.140 115.114 111.842 108.323 104.558 100.547 96.290 91.577 86.450 81.128 75.612 70.538 71.033 71.503 71.947 72.366 72.760 73.129 73.472 73.791 74.083 74.351 74.593 74.792 74.928 75.064 75.200 75.336 75.471 75.607 75.742 75.877 76.013 75.902 74.488 73.880 74.456 74.979 75.448 75.863 76.224 76.531 76.784 76.983 77.128 77.219 77.257 74.463 69.599 64.874 60.286 55.837 51.526 47.353 43.318 39.422 35.663
26.642 29.157 31.786 38.165 45.747 53.645 61.859 70.390 79.238 88.401 97.882 107.678 117.791 128.221 138.966 137.185 133.303 129.175 124.800 120.180 115.313 110.201 104.628 98.637 92.452 86.071 79.496 79.709 80.066 80.398 80.705 80.986 81.242 81.473 81.679 81.859 82.014 82.143 82.253 82.253 81.059 79.817 78.527 77.189 75.804 74.371 72.890 71.362 69.786 68.162 67.089 67.429 67.716 67.948 68.126 68.251 68.321 68.338 68.300 68.209 68.064 67.865 65.784 61.529 57.411 53.432 49.591 45.888 42.323 38.896 35.608 32.457
31.250 34.162 37.188 43.835 52.514 61.508 70.818 80.445 90.388 100.647 111.222 122.114 133.322 144.846 156.686 156.431 151.694 146.710 141.481 136.006 130.284 124.317 117.885 111.031 103.982 96.738 89.300 88.403 88.648 88.867 88.977 87.529 86.155 84.854 83.626 82.471 81.390 80.382 79.442 78.085 76.681 75.229 73.729 72.181 70.586 68.943 67.252 65.514 63.728 61.895 60.364 60.468 60.517 60.513 60.455 60.343 60.177 59.957 59.684 59.356 58.975 58.540 56.975 53.328 49.819 46.447 43.214 40.119 37.162 34.343 31.662 29.119
35.744 39.052 42.474 49.201 58.975 69.065 79.470 90.192 101.230 112.584 124.253 136.239 148.541 161.159 174.092 175.879 170.287 164.449 158.365 152.035 145.460 138.638 128.675 118.671 108.852 99.217 89.765 86.186 84.843 83.572 82.375 81.251 80.200 79.223 78.319 77.488 76.730 76.046 75.434 73.975 72.360 70.698 68.988 67.231 65.425 63.573 61.672 59.724 57.729 55.685 53.703 53.571 53.384 53.143 52.849 52.501 52.099 51.643 51.133 50.570 49.952 49.281 48.037 44.997 42.096 39.332 36.706 34.218 31.869 29.657 27.583 25.647
40.124 43.828 47.647 54.262 65.131 76.315 87.816 99.632 111.764 124.211 136.975 150.054 163.449 177.160 191.187 190.761 179.685 168.841 158.230 147.851 137.704 127.790 118.253 109.060 100.052 91.227 82.586 78.541 77.521 76.574 75.700 74.900 74.173 73.519 72.938 72.430 71.996 71.635 71.347 69.921 68.096 66.224 64.305 62.337 60.323 58.260 56.150 53.992 51.787 49.534 47.234 46.738 46.315 45.839 45.308 44.724 44.086 43.394 42.648 41.849 40.995 40.088 38.969 36.537 34.243 32.086 30.067 28.187 26.444 24.839 23.372 22.042
44.389 48.490 52.704 59.019 70.982 83.260 95.855 108.764 119.852 130.313 140.179 149.451 158.128 166.210 173.698 174.527 164.254 154.212 144.403 134.826 125.482 116.369 107.638 99.256 91.057 83.042 75.211 70.823 70.127 69.503 68.953 68.476 68.072 67.741 67.483 67.299 67.188 67.149 67.184 65.923 63.889 61.808 59.678 57.501 55.277 53.005 50.685 48.318 45.903 43.441 40.931 39.971 39.312 38.599 37.833 37.012 36.138 35.210 34.229 33.194 32.104 30.962 29.765 27.947 26.259 24.710 23.298 22.024 20.887 19.889 19.028 18.305
48.546 53.221 58.054 63.949 75.330 86.117 96.309 105.907 114.910 123.320 131.135 138.356 144.983 151.016 156.454 158.104 148.632 139.393 130.385 121.610 113.067 104.756 96.830 89.257 81.868 74.663 67.641 63.033 62.660 62.360 62.133 61.979 61.898 61.890 61.955 62.094 62.305 62.590 62.948 61.983 59.739 57.448 55.109 52.723 50.289 47.807 45.278 42.702 40.077 37.406 34.687 33.268 32.373 31.424 30.422 29.366 28.256 27.092 25.875 24.604 23.279 21.901 20.469 19.227 18.146 17.203 16.397 15.730 15.199 14.807 14.552 14.436
53.658 58.883 64.266 69.819 79.147 87.882 96.023 103.570 110.523 116.882 122.648 127.820 132.397 136.381 139.771 141.491 132.821 124.383 116.177 108.202 100.460 92.949 85.829 79.065 72.485 66.089 59.876 55.171 55.121 55.143 55.239 55.408 55.650 55.965 56.353 56.815 57.349 57.956 58.637 58.099 55.646 53.145 50.597 48.001 45.358 42.667 39.929 37.143 34.309 31.428 28.500 26.629 25.498 24.314 23.076 21.784 20.439 19.040 17.587 16.080 14.520 12.906 11.238 10.378 9.903 9.566 9.366 9.304 9.380 9.594 10.106 11.021
58.613 64.387 70.320 76.411 83.513 90.197 96.288 101.785 106.689 110.999 114.716 117.840 120.370 122.306 123.649 124.399 116.819 109.182 101.777 94.603 87.661 80.951 74.635 68.680 62.908 57.320 51.915 47.236 47.509 47.854 48.273 48.765 49.329 49.967 50.678 51.462 52.318 53.248 54.251 54.272 51.609 48.899 46.141 43.336 40.484 37.584 34.636 31.641 28.599 25.509 22.371 20.055 18.689 17.269 15.795 14.268 12.687 11.052 9.364 7.622 5.826 4.215 3.503 3.909 4.907 5.873 6.807 7.709 8.579 9.417 10.223 10.996
63.412 69.735 76.216 82.857 88.425 93.061 97.103 100.552 103.407 105.670 107.340 108.416 108.900 108.790 108.087 106.792 100.628 93.791 87.186 80.812 74.670 68.760 63.248 58.101 53.138 48.357 43.761 39.347 39.825 40.493 41.234 42.048 42.935 43.896 44.929 46.035 47.214 48.466 49.791 50.501 47.629 44.710 41.743 38.729 35.667 32.558 29.401 26.197 22.946 19.647 16.300 13.545 12.056 11.433 10.791 10.130 9.448 8.748 8.028 7.288 6.530 5.751 4.953 5.042 5.899 6.725 7.518 8.280 9.009 9.706 10.371 11.004
68.053 74.925 81.956 89.145 93.885 96.473 98.467 99.869 100.678 100.894 100.518 99.549 97.987 95.832 93.085 89.745 84.247 78.210 72.405 66.831 61.488 56.377 51.669 47.329 43.173 39.200 35.411 31.805 32.068 33.059 34.122 35.259 36.468 37.751 39.106 40.534 42.035 43.610 45.257 46.786 43.705 40.577 37.401 34.188 31.388 28.694 26.107 23.626 21.252 18.984 16.822 15.073 14.383 13.675 12.946 12.199 11.432 10.645 9.840 9.014 8.170 7.305 6.422 6.206 6.923 7.608 8.261 8.881 9.470 10.027 10.551 11.044
72.538 79.959 87.538 95.275 99.892 100.433 100.381 99.737 98.500 96.671 94.250 91.237 87.631 83.433 78.642 73.259 67.676 62.439 57.433 52.658 48.114 43.801 39.897 36.364 33.015 29.849 26.867 24.067 24.239 25.552 26.938 28.396 29.928 31.532 33.210 35.469 37.614 39.607 41.448 43.137 40.740 38.088 35.543 33.103 30.770 28.544 26.424 24.410 22.502 20.701 19.006 17.503 16.728 15.933 15.119 14.286 13.433 12.561 11.669 10.758 9.828 8.878 7.909 7.402 7.978 8.522 9.034 9.515 9.963 10.379 10.763 11.115
76.867 84.835 92.963 101.248 106.445 104.940 102.843 100.154 96.874 93.001 88.536 83.479 77.830 71.590 64.757 57.332 50.916 46.477 42.270 38.293 34.548 31.034 27.932 25.206 22.664 20.305 19.387 18.786 20.177 22.718 25.108 27.345 29.430 31.363 33.144 34.773 36.251 37.576 38.749 39.770 38.143 35.958 33.879 31.907 30.041 28.281 26.627 25.080 23.639 22.304 21.075 19.953 19.091 18.210 17.310 16.391 15.453 14.495 13.517 12.520 11.504 10.469 9.414 8.628 9.064 9.468 9.839 10.179 10.487 10.763 11.006 11.218
81.039 89.556 98.231 107.064 113.543 109.994 105.854 101.121 95.798 89.882 83.375 76.276 68.586 60.304 51.430 41.965 33.966 30.326 28.379 27.338 26.440 25.685 25.040 24.483 24.040 23.709 23.492 23.388 24.323 26.196 27.917 29.486 30.904 32.169 33.283 34.244 35.054 35.712 36.218 36.572 35.435 33.716 32.104 30.598 29.199 27.905 26.718 25.637 24.662 23.793 23.031 22.375 21.471 20.505 19.519 18.514 17.490 16.446 15.383 14.301 13.199 12.078 10.937 9.886 10.181 10.445 10.676 10.875 11.042 11.178 11.281 11.352
85.055 94.120 103.342 112.723 121.187 115.595 109.412 102.637 95.272 87.314 78.766 70.288 61.993 53.667 45.310 36.921 29.920 29.086 28.395 27.846 27.439 27.176 27.026 26.966 27.019 27.186 27.465 27.858 28.632 29.838 30.891 31.793 32.543 33.141 33.588 33.882 34.025 34.016 33.855 33.542 32.615 31.363 30.217 29.178 28.244 27.417 26.696 26.081 25.572 25.169 24.872 24.682 23.869 22.817 21.746 20.655 19.545 18.416 17.267 16.099 14.912 13.705 12.478 11.233 11.330 11.452 11.543 11.602 11.629 11.625 11.588 11.519
88.916 98.527 108.297 118.225 127.589 120.453 112.236 103.987 95.708 87.397 79.054 70.680 62.275 53.839 45.371 36.872 28.824 28.482 28.282 28.224 28.309 28.537 28.881 29.318 29.868 30.531 31.308 32.197 33.105 33.644 34.030 34.265 34.348 34.279 34.059 33.686 33.162 32.487 31.659 30.680 29.684 28.899 28.219 27.645 27.178 26.816 26.561 26.411 26.368 26.431 26.600 26.875 26.285 25.147 23.991 22.814 21.619 20.404 19.169 17.916 16.643 15.350 14.038 12.707 12.509 12.492 12.442 12.361 12.248 12.103 11.926 11.717
90.368 99.458 108.510 117.522 126.495 121.538 113.211 104.852 96.462 88.040 79.587 71.103 62.587 54.041 45.462 36.853 28.212 27.749 28.040 28.474 29.050 29.769 30.606 31.540 32.587 33.746 35.019 36.404 37.742 37.614 37.333 36.901 36.318 35.582 34.695 33.657 32.467 31.125 29.631 27.986 26.643 26.323 26.109 26.001 25.999 26.103 26.313 26.629 27.052 27.580 28.214 28.955 28.719 27.496 26.253 24.991 23.710 22.410 21.090 19.750 18.392 17.014 15.616 14.200 13.719 13.562 13.372 13.151 12.898 12.612 12.295 11.946
89.836 98.795 107.715 116.595 125.437 122.654 114.216 105.747 97.246 88.714 80.151 71.556 62.930 54.273 45.584 36.864 28.113 26.887 27.670 28.594 29.661 30.871 32.202 33.632 35.175 36.831 38.599 40.481 42.475 41.747 40.801 39.702 38.452 37.051 35.498 33.793 31.937 29.929 27.770 25.459 23.490 23.635 23.887 24.244 24.708 25.278 25.953 26.735 27.622 28.616 29.715 30.920 31.170 29.861 28.533 27.186 25.819 24.433 23.028 21.603 20.159 18.696 17.213 15.711 14.961 14.663 14.283 13.761 13.267 12.800 12.360 11.947
89.340 98.167 106.955 115.704 124.415 123.799 115.251 106.671 98.060 89.418 80.744 72.039 63.303 54.535 45.736 36.906 28.045 25.898 27.171 28.586 30.144 31.844 33.668 35.594 37.633 39.785 42.049 44.426 46.916 46.045 44.432 42.668 40.752 38.685 36.466 34.096 31.574 28.901 26.076 23.100 20.226 20.837 21.554 22.377 23.305 24.340 25.480 26.727 28.079 29.538 31.102 32.772 33.639 32.245 30.832 29.399 27.947 26.415 24.519 22.653 20.817 19.010 17.232 15.485 14.385 13.929 13.499 13.096 12.720 12.371 12.049 11.754
88.879 97.574 106.231 114.849 123.428 124.975 116.316 107.626 98.904 90.152 81.368 72.553 63.706 54.828 45.919 36.979 28.007 24.780 26.543 28.449 30.497 32.687 35.005 37.427 39.961 42.608 45.368 48.241 51.226 50.507 48.228 45.798 43.217 40.484 37.600 34.564 31.377 28.039 24.549 20.908 17.115 17.927 19.109 20.397 21.791 23.290 24.896 26.607 28.418 29.974 31.497 32.987 33.883 31.968 30.083 28.228 26.403 24.607 22.840 21.104 19.397 17.720 16.072 14.454 13.339 13.000 12.689 12.404 12.146 11.916 11.712 11.535
88.452 97.017 105.542 114.028 122.476 126.180 117.411 108.610 99.779 90.916 82.022 73.096 64.139 55.151 46.132 37.082 28.000 23.534 25.788 28.184 30.722 33.402 36.212 39.129 42.159 45.301 48.557 51.925 55.405 55.131 52.188 49.092 45.846 42.448 38.899 35.198 31.347 27.343 23.189 18.883 14.639 15.283 16.925 18.535 20.112 21.656 23.167 24.646 26.092 27.505 28.885 30.233 31.398 29.613 27.858 26.132 24.436 22.770 21.133 19.526 17.949 16.401 14.883 13.395 12.266 12.046 11.852 11.686 11.546 11.434 11.348 11.290
88.061 96.494 104.888 113.243 121.560 127.415 118.535 109.625 100.683 91.710 82.705 73.670 64.603 55.505 46.376 37.215 28.023 22.160 24.904 27.789 30.817 33.987 37.290 40.702 44.227 47.865 51.615 55.478 59.453 59.920 56.311 51.900 47.383 42.944 38.584 34.301 30.096 25.970 21.922 17.952 14.060 13.993 15.492 16.959 18.393 19.794 21.163 22.499 23.802 25.073 26.311 27.516 28.688 27.229 25.604 24.008 22.442 20.905 19.398 17.920 16.473 15.054 13.666 12.307 11.167 11.065 10.989 10.941 10.920 10.925 10.958 11.017
87.706 96.007 104.270 112.494 120.679 128.679 119.690 110.669 101.617 92.534 83.419 74.274 65.097 55.889 46.649 37.379 28.077 20.659 23.892 27.267 30.784 34.444 37.900 41.166 44.361 47.485 50.539 53.522 56.434 56.750 52.419 48.165 43.990 39.892 35.873 31.932 28.069 24.284 20.577 16.948 13.397 12.739 14.096 15.420 16.711 17.970 19.196 20.389 21.550 22.678 23.773 24.836 25.866 24.818 23.322 21.856 20.419 19.012 17.634 16.286 14.968 13.679 12.420 11.190 10.042 10.058 10.100 10.170 10.267 10.390 10.541 10.718
