DATA/SHG/ECMWF/20170628/EN-16/20170703.en-16.asc
ncols        190
nrows        64
xllcorner    -5100000.000000000000
yllcorner    4130000.000000000000
cellsize     10000.000000000000
NODATA_value  -99999.000
[rows 0 to 32 of 64, columns 0 to 72 of 190]
0.562 0.568 0.570 0.568 0.561 0.549 0.533 0.513 0.488 0.497 0.521 0.548 0.578 0.613 0.650 0.691 0.736 0.784 0.836 0.916 1.006 1.115 1.236 1.360 1.487 1.618 1.751 1.887 2.027 2.169 2.314 2.463 2.614 2.683 2.696 2.708 2.719 2.729 2.738 2.747 2.754 2.761 2.766 2.771 2.775 2.726 2.629 2.532 2.434 2.334 2.234 2.132 2.030 1.926 1.821 1.716 1.609 1.693 2.014 2.348 2.694 3.053 3.424 3.808 4.204 4.613 5.034 5.468 5.914 6.190 6.171 6.147 6.118
0.406 0.397 0.383 0.365 0.342 0.315 0.283 0.247 0.206 0.209 0.245 0.284 0.371 0.459 0.547 0.636 0.725 0.815 0.905 0.996 1.087 1.199 1.331 1.466 1.604 1.745 1.889 2.036 2.186 2.339 2.495 2.654 2.816 2.909 2.919 2.927 2.935 2.942 2.948 2.953 2.958 2.961 2.963 2.965 2.966 2.927 2.827 2.726 2.623 2.520 2.416 2.311 2.204 2.097 1.988 1.879 1.768 1.807 2.172 2.550 2.940 3.342 3.757 4.185 4.625 5.078 5.543 6.020 6.510 6.878 6.841 6.799 6.752
0.256 0.231 0.201 0.167 0.135 0.131 0.128 0.128 0.131 0.173 0.261 0.350 0.439 0.529 0.619 0.709 0.800 0.891 0.983 1.075 1.168 1.280 1.422 1.568 1.716 1.868 2.023 2.180 2.341 2.505 2.672 2.841 3.014 3.136 3.142 3.148 3.152 3.156 3.159 3.161 3.162 3.162 3.161 3.160 3.157 3.129 3.025 2.920 2.814 2.707 2.599 2.490 2.379 2.268 2.156 2.043 1.928 1.908 2.317 2.739 3.173 3.619 4.078 4.549 5.033 5.530 6.038 6.560 7.095 7.550 7.488 7.422 7.353
0.182 0.176 0.173 0.171 0.173 0.176 0.182 0.190 0.200 0.236 0.326 0.416 0.507 0.598 0.690 0.782 0.874 0.967 1.060 1.154 1.248 1.357 1.510 1.666 1.826 1.988 2.153 2.322 2.493 2.668 2.845 3.026 3.209 3.363 3.366 3.368 3.370 3.370 3.370 3.369 3.367 3.364 3.360 3.355 3.349 3.331 3.224 3.115 3.005 2.894 2.782 2.670 2.556 2.441 2.324 2.207 2.089 1.997 2.450 2.915 3.401 3.984 4.554 5.110 5.652 6.182 6.697 7.200 7.689 8.165 8.099 8.022 7.941
0.184 0.187 0.191 0.198 0.208 0.219 0.233 0.249 0.267 0.299 0.390 0.482 0.574 0.667 0.760 0.854 0.948 1.042 1.137 1.232 1.328 1.431 1.595 1.762 1.932 2.105 2.281 2.460 2.642 2.827 3.015 3.206 3.400 3.591 3.591 3.590 3.588 3.585 3.582 3.577 3.572 3.566 3.559 3.551 3.542 3.532 3.423 3.311 3.197 3.083 2.967 2.850 2.733 2.637 2.631 2.646 2.683 2.741 3.272 3.834 4.383 4.919 5.442 5.951 6.446 6.929 7.397 7.853 8.295 8.724 8.713 8.623 8.530
0.185 0.195 0.208 0.223 0.240 0.260 0.281 0.305 0.332 0.361 0.454 0.547 0.641 0.735 0.830 0.925 1.021 1.117 1.213 1.310 1.407 1.505 1.676 1.854 2.034 2.218 2.405 2.594 2.787 2.983 3.182 3.383 3.588 3.796 3.816 3.812 3.807 3.801 3.794 3.787 3.778 3.769 3.758 3.747 3.735 3.722 3.631 3.550 3.490 3.451 3.434 3.439 3.465 3.513 3.581 3.672 3.784 3.917 4.359 4.875 5.377 5.866 6.341 6.803 7.252 7.687 8.109 8.518 8.913 9.295 9.329 9.227 9.122
0.182 0.201 0.222 0.245 0.270 0.297 0.327 0.359 0.394 0.430 0.517 0.612 0.707 0.803 0.899 0.996 1.093 1.191 1.289 1.387 1.486 1.585 1.754 1.942 2.133 2.328 2.525 2.726 2.929 3.135 3.345 3.557 3.773 3.991 4.042 4.035 4.026 4.017 4.007 3.984 3.959 3.942 3.934 3.936 3.947 3.966 3.957 3.951 3.966 4.003 4.062 4.141 4.243 4.365 4.510 4.675 4.862 5.071 5.458 5.927 6.382 6.824 7.252 7.667 8.069 8.458 8.833 9.194 9.543 9.878 9.948 9.834 9.716
0.178 0.204 0.233 0.264 0.297 0.333 0.371 0.411 0.453 0.498 0.579 0.676 0.773 0.870 0.968 1.066 1.165 1.264 1.363 1.463 1.564 1.665 1.828 2.027 2.229 2.434 2.642 2.853 3.067 3.284 3.504 3.728 3.920 4.098 4.139 4.100 4.070 4.049 4.037 4.034 4.040 4.055 4.079 4.113 4.155 4.206 4.261 4.330 4.421 4.533 4.667 4.822 4.998 5.196 5.415 5.656 5.918 6.202 6.568 6.990 7.398 7.793 8.175 8.543 8.898 9.239 9.568 9.882 10.184 10.472 10.569 10.443 10.313
0.170 0.205 0.242 0.281 0.322 0.365 0.411 0.459 0.510 0.562 0.641 0.739 0.837 0.936 1.036 1.136 1.236 1.337 1.438 1.539 1.641 1.744 1.900 2.109 2.322 2.523 2.719 2.909 3.094 3.274 3.449 3.619 3.784 3.943 4.021 4.014 4.015 4.026 4.046 4.075 4.113 4.159 4.215 4.280 4.354 4.437 4.543 4.687 4.853 5.041 5.249 5.480 5.731 6.004 6.299 6.614 6.952 7.310 7.689 8.064 8.426 8.774 9.109 9.430 9.738 10.033 10.314 10.582 10.837 11.078 11.192 11.054 10.912
0.160 0.203 0.248 0.295 0.344 0.396 0.450 0.506 0.564 0.625 0.702 0.802 0.902 1.002 1.103 1.205 1.306 1.409 1.517 1.621 1.723 1.822 1.954 2.147 2.335 2.517 2.695 2.867 3.035 3.197 3.354 3.506 3.653 3.794 3.894 3.918 3.952 3.994 4.046 4.106 4.176 4.254 4.342 4.438 4.544 4.658 4.803 5.023 5.264 5.526 5.810 6.115 6.442 6.790 7.159 7.550 7.963 8.396 8.822 9.150 9.465 9.766 10.054 10.328 10.590 10.838 11.072 11.294 11.502 11.696 11.817 11.667 11.514
0.148 0.199 0.252 0.307 0.364 0.423 0.485 0.549 0.616 0.684 0.769 0.886 1.000 1.112 1.221 1.326 1.429 1.530 1.627 1.721 1.813 1.902 2.008 2.183 2.353 2.517 2.677 2.831 2.981 3.125 3.264 3.398 3.527 3.651 3.758 3.814 3.879 3.953 4.036 4.128 4.229 4.340 4.459 4.587 4.724 4.870 5.041 5.336 5.652 5.990 6.349 6.729 7.131 7.554 7.998 8.464 8.951 9.460 9.966 10.247 10.515 10.769 11.011 11.238 11.453 11.654 11.842 12.017 12.178 12.326 12.445 12.283 12.117
0.133 0.192 0.253 0.327 0.414 0.502 0.591 0.681 0.773 0.866 0.962 1.069 1.173 1.275 1.374 1.470 1.563 1.653 1.740 1.825 1.906 1.985 2.067 2.224 2.376 2.522 2.664 2.800 2.932 3.058 3.179 3.296 3.407 3.512 3.613 3.701 3.797 3.903 4.018 4.141 4.274 4.416 4.566 4.726 4.895 5.072 5.259 5.628 6.019 6.431 6.865 7.320 7.797 8.295 8.814 9.355 9.917 10.500 11.105 11.356 11.577 11.784 11.979 12.160 12.328 12.482 12.623 12.675 12.654 12.621 12.573 12.272 11.940
0.227 0.314 0.402 0.492 0.583 0.676 0.770 0.865 0.961 1.059 1.158 1.255 1.350 1.441 1.530 1.616 1.699 1.779 1.856 1.930 2.002 2.071 2.137 2.270 2.404 2.533 2.656 2.775 2.888 2.997 3.100 3.199 3.292 3.380 3.463 3.578 3.706 3.844 3.990 4.145 4.309 4.483 4.665 4.856 5.056 5.266 5.484 5.897 6.363 6.851 7.360 7.890 8.441 9.014 9.608 10.224 10.860 11.519 12.198 12.475 12.555 12.583 12.596 12.597 12.583 12.556 12.516 12.462 12.394 12.313 12.219 11.917 11.553
0.376 0.468 0.561 0.656 0.751 0.848 0.947 1.047 1.148 1.250 1.354 1.444 1.528 1.610 1.688 1.764 1.837 1.907 1.975 2.039 2.101 2.160 2.216 2.321 2.437 2.548 2.654 2.755 2.850 2.941 3.026 3.107 3.182 3.252 3.317 3.446 3.606 3.775 3.953 4.140 4.336 4.540 4.754 4.977 5.209 5.449 5.699 6.145 6.686 7.248 7.832 8.437 9.063 9.634 10.197 10.766 11.340 11.920 12.505 12.694 12.688 12.667 12.634 12.587 12.526 12.452 12.364 12.263 12.148 12.019 11.878 11.571 11.174
0.524 0.620 0.718 0.817 0.918 1.019 1.122 1.227 1.332 1.439 1.548 1.636 1.710 1.781 1.850 1.916 1.979 2.039 2.096 2.151 2.202 2.251 2.297 2.378 2.476 2.569 2.657 2.740 2.818 2.890 2.958 3.021 3.078 3.130 3.178 3.306 3.497 3.698 3.907 4.125 4.353 4.589 4.834 5.088 5.352 5.624 5.869 6.287 6.836 7.391 7.952 8.518 9.090 9.667 10.250 10.838 11.432 12.031 12.635 12.887 12.833 12.765 12.684 12.590 12.482 12.360 12.225 12.077 11.914 11.739 11.550 11.234 10.805
0.670 0.771 0.873 0.977 1.082 1.188 1.296 1.405 1.515 1.627 1.740 1.830 1.894 1.956 2.014 2.070 2.123 2.173 2.221 2.265 2.307 2.346 2.382 2.440 2.520 2.595 2.665 2.730 2.790 2.845 2.895 2.940 2.979 3.014 3.043 3.156 3.379 3.611 3.853 4.101 4.348 4.595 4.841 5.086 5.330 5.573 5.816 6.198 6.767 7.341 7.922 8.507 9.098 9.695 10.297 10.904 11.518 12.136 12.760 13.092 12.991 12.876 12.748 12.606 12.451 12.282 12.099 11.904 11.694 11.471 11.235 10.907 10.446
0.814 0.920 1.027 1.135 1.245 1.356 1.468 1.582 1.697 1.813 1.930 2.027 2.081 2.133 2.182 2.227 2.270 2.311 2.348 2.383 2.414 2.443 2.469 2.507 2.569 2.627 2.679 2.726 2.768 2.805 2.837 2.866 2.900 2.936 2.975 3.082 3.330 3.577 3.823 4.069 4.313 4.557 4.800 5.042 5.283 5.523 5.763 6.103 6.692 7.286 7.885 8.490 9.101 9.717 10.338 10.965 11.598 12.236 12.879 13.310 13.162 13.000 12.824 12.635 12.433 12.216 11.987 11.744 11.487 11.217 10.934 10.589 10.096
0.957 1.067 1.179 1.292 1.406 1.522 1.639 1.757 1.876 1.997 2.119 2.227 2.271 2.313 2.351 2.387 2.420 2.451 2.478 2.503 2.524 2.543 2.559 2.579 2.614 2.639 2.667 2.697 2.729 2.764 2.802 2.842 2.885 2.930 2.978 3.062 3.307 3.551 3.795 4.037 4.279 4.520 4.760 4.999 5.237 5.474 5.711 6.004 6.611 7.225 7.844 8.468 9.098 9.733 10.374 11.021 11.672 12.330 12.993 13.542 13.346 13.136 12.914 12.677 12.428 12.164 11.887 11.597 11.293 10.976 10.645 10.280 9.755
1.098 1.213 1.329 1.447 1.566 1.686 1.807 1.930 2.054 2.179 2.306 2.429 2.464 2.495 2.524 2.550 2.573 2.570 2.555 2.540 2.527 2.514 2.503 2.494 2.525 2.559 2.595 2.634 2.676 2.720 2.767 2.816 2.868 2.922 2.979 3.043 3.285 3.526 3.767 4.007 4.245 4.483 4.720 4.956 5.192 5.426 5.660 5.898 6.525 7.158 7.797 8.440 9.090 9.744 10.404 11.070 11.741 12.418 13.100 13.786 13.543 13.286 13.016 12.733 12.436 12.125 11.801 11.464 11.113 10.748 10.371 9.979 9.423
1.237 1.357 1.478 1.600 1.723 1.848 1.974 2.102 2.230 2.360 2.456 2.538 2.530 2.513 2.497 2.481 2.467 2.454 2.442 2.431 2.421 2.412 2.405 2.398 2.433 2.476 2.521 2.569 2.620 2.673 2.728 2.787 2.847 2.911 2.976 3.045 3.264 3.503 3.740 3.977 4.213 4.447 4.682 4.915 5.147 5.379 5.609 5.839 6.434 7.086 7.744 8.407 9.075 9.750 10.429 11.114 11.805 12.501 13.202 13.909 13.752 13.448 13.131 12.801 12.457 12.099 11.728 11.343 10.945 10.534 10.109 9.671 9.101
1.375 1.499 1.624 1.736 1.841 1.940 2.032 2.117 2.196 2.268 2.333 2.392 2.395 2.381 2.369 2.357 2.347 2.338 2.329 2.322 2.315 2.310 2.306 2.302 2.338 2.390 2.445 2.502 2.561 2.623 2.688 2.755 2.824 2.897 2.971 3.049 3.244 3.480 3.714 3.948 4.181 4.413 4.644 4.874 5.104 5.332 5.560 5.787 6.337 7.008 7.685 8.368 9.056 9.749 10.448 11.153 11.862 12.578 13.299 14.025 13.975 13.624 13.259 12.882 12.491 12.086 11.668 11.209 10.711 10.225 9.751 9.289 8.800
1.498 1.599 1.694 1.783 1.865 1.940 2.009 2.071 2.126 2.175 2.218 2.253 2.259 2.249 2.240 2.233 2.226 2.220 2.215 2.211 2.208 2.206 2.206 2.206 2.241 2.302 2.366 2.431 2.500 2.571 2.644 2.720 2.799 2.880 2.964 3.050 3.225 3.457 3.689 3.920 4.150 4.379 4.607 4.834 5.061 5.287 5.511 5.735 6.234 6.925 7.622 8.323 9.031 9.743 10.462 11.185 11.915 12.649 13.389 14.135 14.130 13.591 13.064 12.549 12.045 11.553 11.073 10.604 10.147 9.702 9.269 8.847 8.470
1.621 1.699 1.771 1.837 1.895 1.948 1.993 2.032 2.064 2.090 2.109 2.122 2.123 2.116 2.111 2.107 2.103 2.101 2.100 2.100 2.100 2.102 2.105 2.109 2.142 2.211 2.284 2.359 2.436 2.516 2.598 2.683 2.771 2.861 2.954 3.049 3.206 3.436 3.665 3.892 4.119 4.346 4.571 4.795 5.019 5.242 5.464 5.685 6.126 6.836 7.552 8.273 9.000 9.665 10.280 10.883 11.473 12.050 12.614 13.166 13.229 12.731 12.244 11.770 11.307 10.856 10.416 9.989 9.573 9.168 8.776 8.395 8.101
1.751 1.807 1.855 1.898 1.933 1.962 1.985 2.000 2.010 2.012 2.008 1.998 1.985 1.982 1.981 1.980 1.980 1.982 1.984 1.987 1.991 1.997 2.003 2.010 2.040 2.118 2.199 2.283 2.370 2.458 2.550 2.644 2.740 2.839 2.941 3.045 3.189 3.415 3.641 3.866 4.090 4.313 4.536 4.757 4.978 5.198 5.376 5.536 5.845 6.480 7.102 7.711 8.308 8.892 9.463 10.022 10.567 11.101 11.621 12.129 12.317 11.860 11.415 10.981 10.559 10.149 9.750 9.363 8.988 8.624 8.272 7.932 7.693
1.889 1.921 1.947 1.966 1.978 1.984 1.983 1.976 1.962 1.941 1.914 1.881 1.847 1.848 1.850 1.852 1.856 1.861 1.867 1.874 1.882 1.890 1.900 1.911 1.935 2.022 2.113 2.205 2.301 2.398 2.499 2.602 2.707 2.815 2.925 3.038 3.172 3.396 3.618 3.808 3.988 4.163 4.331 4.494 4.651 4.803 4.949 5.089 5.306 5.896 6.474 7.040 7.592 8.132 8.659 9.174 9.676 10.165 10.641 11.105 11.396 10.980 10.575 10.182 9.801 9.432 9.074 8.727 8.393 8.070 7.759 7.459 7.245
2.035 2.043 2.045 2.041 2.030 2.013 1.989 1.959 1.922 1.878 1.828 1.771 1.708 1.712 1.717 1.724 1.731 1.740 1.749 1.759 1.771 1.783 1.797 1.811 1.828 1.924 2.023 2.125 2.229 2.336 2.445 2.556 2.648 2.738 2.829 2.919 3.010 3.188 3.359 3.525 3.685 3.840 3.989 4.132 4.270 4.402 4.528 4.649 4.779 5.326 5.860 6.381 6.890 7.386 7.869 8.340 8.798 9.243 9.675 10.095 10.465 10.090 9.726 9.374 9.033 8.704 8.387 8.081 7.788 7.505 7.235 6.976 6.758
2.211 2.171 2.150 2.123 2.089 2.049 2.002 1.949 1.888 1.822 1.749 1.669 1.582 1.575 1.584 1.594 1.605 1.617 1.630 1.644 1.659 1.675 1.692 1.710 1.728 1.809 1.901 1.993 2.085 2.176 2.267 2.357 2.447 2.536 2.625 2.713 2.801 2.950 3.102 3.248 3.389 3.524 3.653 3.776 3.894 4.007 4.113 4.214 4.309 4.769 5.259 5.736 6.201 6.653 7.092 7.519 7.933 8.334 8.723 9.099 9.462 9.189 8.866 8.555 8.255 7.967 7.690 7.425 7.172 6.931 6.701 6.483 6.276
2.401 2.307 2.263 2.213 2.156 2.092 2.022 1.946 1.863 1.773 1.676 1.574 1.464 1.438 1.450 1.464 1.478 1.508 1.558 1.594 1.616 1.624 1.619 1.599 1.566 1.619 1.710 1.801 1.891 1.980 2.069 2.158 2.246 2.334 2.422 2.508 2.595 2.719 2.851 2.977 3.098 3.213 3.323 3.427 3.525 3.618 3.704 3.786 3.861 4.224 4.670 5.104 5.525 5.933 6.328 6.711 7.081 7.439 7.784 8.116 8.436 8.279 7.997 7.726 7.467 7.219 6.983 6.759 6.547 6.346 6.156 5.979 5.813
2.603 2.449 2.383 2.309 2.229 2.143 2.050 1.950 1.844 1.731 1.640 1.585 1.538 1.557 1.614 1.657 1.686 1.701 1.703 1.690 1.664 1.623 1.569 1.501 1.419 1.430 1.520 1.609 1.697 1.785 1.873 1.960 2.047 2.133 2.219 2.304 2.389 2.493 2.606 2.713 2.814 2.909 2.999 3.083 3.162 3.235 3.302 3.363 3.419 3.693 4.096 4.485 4.862 5.226 5.578 5.917 6.243 6.557 6.858 7.147 7.423 7.359 7.117 6.887 6.668 6.461 6.266 6.083 5.911 5.750 5.602 5.465 5.339
2.818 2.599 2.509 2.419 2.338 2.264 2.198 2.139 2.089 2.045 2.010 1.982 1.962 1.960 1.968 1.963 1.943 1.910 1.862 1.801 1.726 1.637 1.534 1.417 1.286 1.242 1.330 1.418 1.505 1.591 1.677 1.763 1.848 1.933 2.017 2.101 2.185 2.274 2.367 2.454 2.535 2.611 2.681 2.746 2.805 2.858 2.906 2.947 2.984 3.176 3.534 3.880 4.213 4.533 4.841 5.136 5.419 5.689 5.946 6.191 6.423 6.428 6.227 6.038 5.860 5.694 5.539 5.396 5.308 5.285 5.252 5.207 5.152
2.987 2.726 2.656 2.593 2.539 2.492 2.452 2.420 2.396 2.380 2.371 2.369 2.376 2.378 2.337 2.283 2.215 2.133 2.037 1.927 1.803 1.665 1.514 1.348 1.169 1.055 1.141 1.227 1.313 1.398 1.482 1.566 1.650 1.733 1.816 1.899 1.980 2.061 2.134 2.201 2.263 2.319 2.370 2.415 2.454 2.487 2.515 2.538 2.554 2.671 2.985 3.287 3.577 3.853 4.117 4.369 4.608 4.834 5.047 5.248 5.437 5.581 5.596 5.600 5.593 5.576 5.548 5.509 5.460 5.400 5.329 5.247 5.155
3.127 2.838 2.795 2.759 2.731 2.711 2.698 2.693 2.695 2.705 2.723 2.748 2.781 2.810 2.721 2.618 2.501 2.370 2.225 2.067 1.894 1.708 1.508 1.294 1.066 0.868 0.953 1.037 1.121 1.205 1.288 1.371 1.453 1.534 1.616 1.697 1.777 1.853 1.907 1.955 1.997 2.033 2.064 2.089 2.109 2.123 2.131 2.134 2.131 2.179 2.450 2.708 2.954 3.187 3.488 3.848 4.212 4.581 4.953 5.330 5.712 6.005 5.982 5.949 5.905 5.850 5.785 5.709 5.622 5.524 5.416 5.297 5.167
3.264 2.966 2.925 2.916 2.915 2.921 2.935 2.956 2.985 3.022 3.067 3.119 3.178 3.245 3.118 2.967 2.801 2.622 2.429 2.222 2.001 1.766 1.517 1.255 0.978 0.688 0.765 0.848 0.931 1.013 1.094 1.175 1.256 1.336 1.416 1.495 1.574 1.652 1.686 1.714 1.737 1.753 1.765 1.770 1.770 1.765 1.753 1.797 1.869 1.958 2.311 2.669 3.031 3.397 3.768 4.143 4.522 4.905 5.293 5.684 6.080 6.438 6.378 6.307 6.226 6.134 6.031 5.918 5.794 5.659 5.513 5.357 5.190
