DATA/SHG/ECMWF/20170628/EN-16/20170710.en-16.asc
ncols        190
nrows        64
xllcorner    -5100000.000000000000
yllcorner    4130000.000000000000
cellsize     10000.000000000000
NODATA_value  -99999.000
[rows 32 to 63 of 64, columns 0 to 72 of 190]
9.822 8.519 8.266 8.095 7.907 7.701 7.478 7.237 6.979 6.703 6.410 6.099 5.771 5.425 5.205 4.968 4.707 4.422 4.112 3.778 3.419 3.037 2.629 2.198 1.742 1.262 1.228 1.210 1.198 1.195 1.198 1.210 1.228 1.254 1.288 1.329 1.378 1.440 1.792 2.137 2.474 2.803 3.124 3.438 3.743 4.041 4.331 4.857 5.515 6.177 6.420 6.600 6.717 6.771 6.762 6.689 6.554 6.356 6.095 5.771 5.384 4.959 4.758 4.561 4.367 4.178 3.992 3.811 3.633 3.459 3.290 3.124 2.962
11.233 10.221 9.824 9.591 9.342 9.074 8.790 8.487 8.168 7.830 7.476 7.103 6.714 6.306 5.982 5.660 5.314 4.943 4.548 4.129 3.686 3.218 2.725 2.209 1.668 1.103 1.009 1.016 1.031 1.053 1.083 1.120 1.165 1.217 1.277 1.344 1.418 1.500 1.796 2.113 2.602 3.159 3.744 4.359 5.001 5.673 6.373 7.101 7.859 8.644 8.730 8.690 8.587 8.422 8.193 7.901 7.547 7.129 6.649 6.105 5.499 4.829 4.619 4.436 4.256 4.080 3.908 3.740 3.576 3.416 3.260 3.107 2.959
12.550 11.830 11.398 11.105 10.793 10.464 10.118 9.755 9.373 8.975 8.559 8.125 7.674 7.205 6.785 6.378 5.946 5.491 5.010 4.506 3.977 3.424 2.847 2.245 1.619 0.969 0.781 0.815 0.856 0.904 0.960 1.023 1.094 1.321 1.572 1.834 2.108 2.392 2.891 3.491 4.119 4.775 5.460 6.174 6.916 7.687 8.486 9.314 10.171 11.056 11.099 10.840 10.518 10.132 9.684 9.173 8.599 7.962 7.263 6.500 5.674 4.786 4.477 4.307 4.141 3.979 3.820 3.666 3.515 3.369 3.226 3.087 2.952
13.775 13.345 12.990 12.635 12.262 11.872 11.464 11.039 10.597 10.137 9.659 9.164 8.652 8.122 7.613 7.121 6.604 6.063 5.498 4.908 4.295 3.656 2.994 2.307 1.596 0.867 0.701 0.912 1.135 1.368 1.613 1.870 2.137 2.416 2.706 3.007 3.320 3.644 4.179 4.877 5.605 6.361 7.145 7.958 8.800 9.670 10.568 11.496 12.451 13.436 13.528 13.049 12.508 11.903 11.236 10.505 9.712 8.856 7.938 6.956 5.911 4.804 4.331 4.175 4.022 3.873 3.729 3.588 3.451 3.318 3.189 3.063 2.942
14.905 14.767 14.599 14.183 13.748 13.297 12.828 12.341 11.837 11.316 10.777 10.221 9.647 9.056 8.466 7.888 7.287 6.661 6.018 5.407 4.797 4.189 3.583 2.978 2.376 1.775 1.509 1.760 2.021 2.294 2.578 2.874 3.180 3.498 3.827 4.168 4.519 4.882 5.435 6.233 7.060 7.915 8.799 9.711 10.652 11.621 12.619 13.645 14.700 15.784 16.016 15.318 14.557 13.733 12.847 11.898 10.886 9.811 8.673 7.472 6.209 4.883 4.182 4.039 3.900 3.765 3.634 3.506 3.383 3.263 3.148 3.036 2.928
15.943 16.095 16.226 15.748 15.252 14.739 14.209 13.661 13.096 12.513 11.913 11.272 10.590 9.941 9.322 8.709 8.098 7.489 6.881 6.276 5.672 5.070 4.470 3.871 3.275 2.680 2.305 2.594 2.895 3.207 3.530 3.865 4.210 4.567 4.935 5.315 5.705 6.107 6.660 7.558 8.484 9.438 10.421 11.433 12.473 13.541 14.638 15.764 16.918 18.100 18.563 17.646 16.666 15.624 14.518 13.350 12.119 10.825 9.469 8.050 6.567 5.023 4.029 3.900 3.774 3.652 3.535 3.421 3.311 3.205 3.103 3.005 2.911
16.888 17.330 17.855 17.330 16.661 15.867 15.105 14.376 13.678 13.012 12.378 11.776 11.207 10.669 10.158 9.551 8.946 8.343 7.742 7.142 6.544 5.948 5.354 4.761 4.171 3.582 3.088 3.416 3.756 4.107 4.469 4.843 5.227 5.623 6.030 6.449 6.878 7.319 7.855 8.851 9.876 10.930 12.012 13.123 14.262 15.430 16.626 17.850 19.104 20.385 21.170 20.034 18.835 17.574 16.249 14.863 13.413 11.900 10.325 8.687 6.987 5.223 3.873 3.757 3.645 3.537 3.433 3.332 3.236 3.143 3.336 3.798 4.357
17.024 17.336 17.636 17.064 16.350 15.668 15.017 14.399 13.813 13.259 12.736 12.246 11.788 11.362 10.968 10.391 9.792 9.194 8.599 8.005 7.413 6.823 6.235 5.648 5.064 4.481 3.900 4.226 4.604 4.994 5.396 5.808 6.232 6.666 7.112 7.570 8.038 8.518 9.018 10.114 11.239 12.391 13.573 14.782 16.021 17.287 18.582 19.906 21.258 22.639 23.836 22.481 21.063 19.583 18.040 16.435 14.767 13.036 11.242 9.386 7.467 5.485 3.713 3.704 3.822 4.038 4.350 4.760 5.267 5.872 6.573 7.371 8.267
16.436 16.702 16.956 16.607 16.004 15.433 14.895 14.388 13.913 13.471 13.060 12.681 12.334 12.020 11.737 11.227 10.634 10.043 9.453 8.866 8.280 7.696 7.113 6.533 5.954 5.377 4.802 5.022 5.440 5.869 6.309 6.760 7.223 7.696 8.181 8.678 9.185 9.704 10.233 11.346 12.570 13.822 15.102 16.411 17.748 19.113 20.508 21.930 23.381 24.861 26.368 24.987 23.351 21.652 19.891 18.067 15.995 13.896 11.845 9.843 7.889 5.983 4.129 4.487 4.943 5.495 6.145 6.891 7.735 8.675 9.713 10.848 12.080
15.862 16.084 16.292 16.115 15.624 15.165 14.737 14.342 13.979 13.648 13.348 13.081 12.846 12.642 12.471 12.061 11.474 10.888 10.305 9.723 9.143 8.565 7.989 7.414 6.841 6.271 5.701 5.805 6.262 6.730 7.209 7.699 8.201 8.714 9.238 9.773 10.319 10.876 11.445 12.548 13.870 15.221 16.600 18.008 19.444 20.909 22.402 23.923 25.473 26.616 27.618 26.045 23.872 21.748 19.671 17.643 15.663 13.731 11.847 10.011 8.224 6.485 4.794 5.177 5.969 6.857 7.843 8.926 10.106 11.383 12.757 14.228 15.796
15.304 15.480 15.643 15.589 15.209 14.861 14.546 14.262 14.010 13.790 13.602 13.446 13.322 13.230 13.170 12.892 12.311 11.731 11.154 10.578 10.004 9.432 8.861 8.293 7.726 7.161 6.598 6.576 7.072 7.579 8.097 8.626 9.166 9.718 10.281 10.855 11.440 12.036 12.644 13.718 15.140 16.589 17.896 19.128 20.295 21.396 22.433 23.404 24.310 25.152 25.928 24.833 22.827 20.869 18.959 17.098 15.284 13.519 11.802 10.133 8.512 6.939 5.415 5.771 6.900 8.125 9.447 10.866 12.383 13.996 15.706 17.512 19.416
14.761 14.892 15.009 15.028 14.760 14.524 14.319 14.147 14.006 13.898 13.821 13.776 13.763 13.782 13.833 13.720 13.145 12.571 12.000 11.430 10.862 10.296 9.731 9.169 8.608 8.049 7.491 7.334 7.869 8.414 8.971 9.539 10.119 10.709 11.310 11.897 12.500 13.119 13.755 14.670 15.871 17.007 18.078 19.084 20.025 20.901 21.712 22.457 23.138 23.753 24.304 23.575 21.736 19.945 18.201 16.507 14.860 13.261 11.711 10.208 8.754 7.347 5.989 6.272 7.736 9.298 10.956 12.711 14.563 16.512 18.558 20.701 22.940
14.233 14.318 14.390 14.434 14.277 14.152 14.059 13.997 13.968 13.971 14.005 14.071 14.170 14.300 14.462 14.545 13.976 13.408 12.843 12.279 11.717 11.157 10.598 10.041 9.487 8.934 8.382 8.073 8.602 9.148 9.709 10.287 10.882 11.493 12.120 12.764 13.424 14.101 14.794 15.594 16.569 17.480 18.325 19.105 19.821 20.471 21.056 21.576 22.031 22.421 22.746 22.271 20.599 18.974 17.398 15.869 14.389 12.957 11.573 10.237 8.949 7.709 6.517 6.678 8.479 10.376 12.370 14.461 16.649 18.933 21.315 23.793 26.368
13.720 13.760 13.786 13.799 13.760 13.746 13.764 13.814 13.895 14.009 14.155 14.332 14.541 14.783 15.056 15.361 14.804 14.243 13.683 13.125 12.544 11.889 11.254 10.640 10.046 9.472 8.918 8.466 9.052 9.654 10.273 10.908 11.560 12.228 12.912 13.613 14.331 15.064 15.814 16.583 17.333 18.018 18.637 19.192 19.682 20.106 20.466 20.761 20.991 21.155 21.255 20.922 19.416 17.958 16.548 15.186 13.872 12.607 11.389 10.219 9.097 8.024 6.998 6.990 9.127 11.360 13.689 16.116 18.639 21.259 23.976 26.789 29.699
13.222 13.216 13.197 13.165 13.208 13.305 13.434 13.595 13.788 14.013 14.269 14.558 14.878 15.212 15.478 15.680 15.131 14.465 13.820 13.195 12.590 12.005 11.441 10.896 10.372 9.867 9.383 8.919 9.483 10.143 10.819 11.511 12.220 12.945 13.686 14.444 15.219 16.010 16.817 17.637 18.161 18.620 19.014 19.344 19.608 19.807 19.942 20.011 20.016 19.956 19.830 19.528 18.188 16.896 15.653 14.457 13.310 12.210 11.158 10.155 9.199 8.292 7.432 7.209 9.680 12.249 14.914 17.676 20.534 23.489 26.541 29.690 32.935
12.740 12.688 12.624 12.546 12.622 12.830 13.199 13.689 14.115 14.477 14.776 15.012 15.184 15.292 15.337 15.319 14.877 14.281 13.706 13.151 12.616 12.101 11.606 11.131 10.676 10.242 9.827 9.433 9.897 10.613 11.346 12.096 12.862 13.644 14.442 15.257 16.089 16.937 17.801 18.681 19.054 19.288 19.457 19.561 19.600 19.574 19.483 19.328 19.107 18.822 18.472 18.056 16.914 15.789 14.712 13.682 12.701 11.767 10.882 10.044 9.255 8.513 7.820 7.333 10.140 13.044 16.044 19.141 22.334 25.624 29.011 32.495 36.048
12.729 13.010 13.345 13.732 14.167 14.562 14.894 15.163 15.368 15.509 15.587 15.602 15.553 15.441 15.265 15.026 14.602 14.076 13.571 13.085 12.620 12.175 11.749 11.344 10.959 10.595 10.250 9.925 10.293 11.066 11.857 12.663 13.486 14.325 15.181 16.053 16.941 17.846 18.767 19.704 20.011 20.020 19.964 19.843 19.657 19.406 19.090 18.710 18.264 17.754 17.179 16.539 15.595 14.636 13.725 12.861 12.046 11.279 10.559 9.888 9.264 8.689 8.161 7.681 10.505 13.727 16.767 19.730 22.616 25.426 28.160 30.816 33.396
14.310 14.777 15.297 15.871 16.371 16.545 16.656 16.704 16.688 16.608 16.466 16.259 15.990 15.657 15.261 14.801 14.306 13.850 13.414 12.999 12.603 12.227 11.872 11.537 11.221 10.926 10.651 10.396 10.671 11.502 12.349 13.212 14.092 14.988 15.901 16.830 17.775 18.737 19.715 20.709 21.033 20.817 20.536 20.189 19.779 19.303 18.762 18.157 17.487 16.752 15.952 15.088 14.231 13.437 12.692 11.995 11.345 10.744 10.202 9.747 9.298 8.855 8.416 7.982 10.145 12.998 15.773 18.472 21.095 23.641 26.110 28.503 30.819
15.831 16.483 17.189 17.948 18.641 18.595 18.485 18.311 18.075 17.775 17.411 16.985 16.495 15.941 15.324 14.644 13.989 13.603 13.237 12.891 12.565 12.259 11.973 11.707 11.462 11.236 11.031 10.845 11.032 11.919 12.823 13.744 14.680 15.634 16.603 17.589 18.591 19.610 20.645 21.696 22.120 21.678 21.172 20.601 19.966 19.265 18.500 17.670 16.775 15.816 14.792 13.744 13.071 12.604 12.141 11.684 11.232 10.786 10.344 9.908 9.476 9.050 8.629 8.213 9.754 12.342 14.854 17.289 19.647 21.929 24.135 26.264 28.316
17.290 18.128 19.019 19.964 20.962 20.711 20.380 19.986 19.529 19.009 18.425 17.778 17.067 16.293 15.456 14.555 13.651 13.335 13.038 12.762 12.506 12.269 12.053 11.857 11.681 11.525 11.389 11.273 11.375 12.319 13.280 14.257 15.251 16.261 17.287 18.330 19.389 20.465 21.556 22.664 23.270 22.604 21.874 21.078 20.172 19.148 18.160 17.207 16.290 15.409 14.563 13.753 13.102 12.652 12.208 11.768 11.334 10.905 10.481 10.063 9.649 9.241 8.837 8.439 9.436 11.760 14.008 16.179 18.274 20.292 22.234 24.099 25.888
18.688 19.712 20.788 21.918 23.102 22.894 22.342 21.728 21.050 20.310 19.505 18.638 17.707 16.713 15.656 14.535 13.351 13.046 12.819 12.612 12.425 12.259 12.112 11.986 11.879 11.793 11.726 11.680 11.700 12.701 13.719 14.753 15.804 16.871 17.954 19.053 20.169 21.189 21.990 22.766 23.243 22.199 21.192 20.220 19.283 18.383 17.518 16.688 15.894 15.136 14.414 13.727 13.128 12.696 12.269 11.848 11.431 11.020 10.614 10.213 9.817 9.426 9.040 8.660 9.192 11.252 13.236 15.144 16.975 18.729 20.407 22.009 23.534
20.026 21.235 22.497 23.812 25.181 25.143 24.371 23.537 22.639 21.678 20.653 19.566 18.415 17.200 15.923 14.582 13.178 12.736 12.579 12.441 12.324 12.227 12.150 12.093 12.056 12.039 12.042 12.065 12.108 13.066 14.066 14.954 15.818 16.657 17.471 18.260 19.025 19.766 20.482 21.173 21.826 20.906 20.021 19.173 18.360 17.582 16.841 16.134 15.464 14.829 14.230 13.666 13.149 12.735 12.326 11.922 11.523 11.129 10.741 10.358 9.979 9.606 9.238 8.876 9.020 10.817 12.537 14.181 15.749 17.240 18.655 19.994 21.255
21.303 22.697 24.144 25.645 27.198 27.459 26.467 25.412 24.294 23.113 21.868 20.561 19.190 17.755 16.258 14.697 13.074 12.405 12.317 12.249 12.202 12.174 12.166 12.135 12.068 12.002 11.938 11.874 11.812 12.436 13.264 14.067 14.845 15.599 16.329 17.034 17.714 18.369 19.000 19.607 20.189 19.578 18.817 18.092 17.402 16.748 16.129 15.546 14.999 14.487 14.011 13.570 13.165 12.769 12.377 11.991 11.610 11.234 10.863 10.497 10.137 9.781 9.431 9.086 8.922 10.455 11.912 13.293 14.597 15.825 16.977 18.052 19.051
22.520 24.099 25.731 27.416 29.155 29.841 28.629 27.354 26.016 24.615 23.150 21.623 20.032 18.378 16.661 14.881 13.008 12.009 11.939 11.870 11.803 11.736 11.671 11.607 11.544 11.483 11.422 11.363 11.305 11.744 12.487 13.206 13.899 14.569 15.213 15.833 16.429 16.999 17.546 18.067 18.564 18.216 17.578 16.976 16.409 15.878 15.383 14.923 14.498 14.110 13.757 13.439 13.157 12.797 12.424 12.055 11.692 11.333 10.980 10.632 10.289 9.952 9.619 9.292 8.969 10.167 11.361 12.478 13.519 14.484 15.373 16.185 16.921
23.676 25.440 27.257 29.127 31.051 32.289 30.858 29.363 27.805 25.896 23.879 21.902 19.966 18.070 16.215 14.401 12.628 11.454 11.388 11.324 11.260 11.198 11.137 11.078 11.019 10.962 10.906 10.851 10.798 11.079 11.737 12.371 12.980 13.564 14.124 14.659 15.170 15.656 16.118 16.555 16.967 16.820 16.305 15.826 15.382 14.974 14.602 14.265 13.964 13.698 13.468 13.273 13.114 12.821 12.465 12.114 11.768 11.428 11.092 10.762 10.437 10.117 9.802 9.492 9.187 9.952 10.882 11.737 12.515 13.217 13.842 14.392 14.865
24.771 26.720 28.354 29.836 31.257 32.402 30.363 28.364 26.406 24.488 22.612 20.776 18.980 17.226 15.512 13.839 12.206 10.898 10.837 10.777 10.717 10.660 10.603 10.548 10.494 10.441 10.389 10.339 10.289 10.440 11.013 11.562 12.086 12.586 13.061 13.512 13.938 14.339 14.716 15.068 15.396 15.389 14.998 14.641 14.321 14.036 13.786 13.572 13.394 13.251 13.144 13.072 13.036 12.840 12.501 12.168 11.840 11.517 11.199 10.887 10.579 10.276 9.979 9.687 9.400 9.809 10.477 11.069 11.584 12.025 12.444 12.850 13.243
23.744 25.138 26.472 27.746 28.960 30.114 28.490 26.632 24.815 23.038 21.303 19.607 17.953 16.339 14.766 13.234 11.742 10.342 10.285 10.229 10.174 10.121 10.068 10.017 9.967 9.919 9.872 9.825 9.780 9.827 10.315 10.779 11.219 11.634 12.024 12.390 12.732 13.049 13.341 13.609 13.852 13.925 13.656 13.423 13.225 13.063 12.936 12.845 12.790 12.770 12.785 12.836 12.923 12.854 12.533 12.217 11.907 11.601 11.301 11.006 10.716 10.431 10.047 9.631 9.211 9.259 9.686 10.100 10.500 10.886 11.259 11.618 11.964
22.343 23.530 24.657 25.724 26.731 27.679 26.576 24.859 23.182 21.547 19.952 18.397 16.883 15.410 13.978 12.586 11.235 9.925 9.732 9.680 9.630 9.581 9.533 9.486 9.441 9.396 9.353 9.311 9.271 9.239 9.643 10.023 10.378 10.708 11.014 11.296 11.552 11.785 11.992 12.176 12.334 12.426 12.280 12.170 12.095 12.056 12.052 12.084 12.151 12.254 12.392 12.566 12.775 12.862 12.559 12.179 11.778 11.372 10.963 10.549 10.132 9.710 9.284 8.854 8.420 8.322 8.702 9.069 9.422 9.762 10.088 10.400 10.699
21.010 21.990 22.910 23.770 24.570 25.311 24.620 23.044 21.508 20.013 18.559 17.145 15.772 14.439 13.148 11.896 10.686 9.516 9.178 9.131 9.085 9.040 8.997 8.954 8.913 8.873 8.834 8.797 8.761 8.726 8.998 9.293 9.563 9.809 10.030 10.227 10.399 10.547 10.670 10.769 10.843 10.893 10.870 10.883 10.931 11.014 11.133 11.288 11.491 11.692 11.885 12.070 12.248 12.339 11.932 11.521 11.105 10.686 10.262 9.834 9.402 8.966 8.526 8.082 7.634 7.399 7.732 8.052 8.359 8.652 8.931 9.197 9.449
19.744 20.517 21.230 21.883 22.477 23.010 22.623 21.187 19.792 18.438 17.124 15.851 14.618 13.426 12.275 11.164 10.094 9.065 8.624 8.581 8.540 8.499 8.460 8.422 8.385 8.349 8.315 8.282 8.250 8.219 8.378 8.588 8.774 8.936 9.072 9.185 9.273 9.336 9.375 9.389 9.379 9.497 9.710 9.930 10.142 10.347 10.544 10.734 10.916 11.091 11.258 11.417 11.569 11.714 11.293 10.867 10.438 10.004 9.566 9.124 8.678 8.228 7.773 7.315 6.852 6.490 6.777 7.050 7.310 7.556 7.788 8.007 8.212
18.545 19.111 19.617 20.064 20.451 20.778 20.584 19.289 18.035 16.821 15.648 14.515 13.423 12.371 11.360 10.390 9.460 8.571 8.070 8.031 7.994 7.957 7.922 7.889 7.856 7.825 7.795 7.766 7.738 7.712 7.784 7.910 8.012 8.088 8.260 8.421 8.570 8.707 8.831 8.944 9.044 9.132 9.298 9.492 9.679 9.858 10.029 10.193 10.349 10.498 10.639 10.773 10.899 11.017 10.659 10.219 9.775 9.327 8.875 8.419 7.958 7.494 7.025 6.553 6.076 5.595 5.835 6.062 6.275 6.474 6.660 6.832 6.990
17.413 17.772 18.072 18.312 18.493 18.613 18.504 17.350 16.236 15.162 14.129 13.137 12.185 11.274 10.403 9.573 8.784 8.035 7.514 7.480 7.447 7.415 7.384 7.355 7.326 7.299 7.276 7.326 7.392 7.474 7.603 7.772 7.927 8.071 8.202 8.321 8.428 8.523 8.605 8.676 8.734 8.779 8.895 9.063 9.224 9.377 9.522 9.660 9.790 9.913 10.029 10.136 10.236 10.329 10.030 9.576 9.118 8.655 8.189 7.718 7.244 6.765 6.282 5.795 5.304 4.809 4.907 5.087 5.254 5.406 5.545 5.671 5.782
