DATA/SHG/ECMWF/20170628/EN-16/20170708.en-16.asc
ncols        190
nrows        64
xllcorner    -5100000.000000000000
yllcorner    4130000.000000000000
cellsize     10000.000000000000
NODATA_value  -99999.000
[rows 0 to 32 of 64, columns 74 to 147 of 190]
11.213 11.200 11.190 11.181 11.175 11.170 11.168 10.989 10.378 9.767 9.169 8.587 8.019 7.465 6.926 6.401 5.891 5.396 4.915 4.498 4.261 4.033 3.808 3.586 3.368 3.152 2.940 2.731 2.526 2.323 2.124 2.043 2.336 2.622 2.900 3.170 3.433 3.689 3.937 4.177 4.410 4.636 4.854 4.949 4.687 4.428 4.170 3.915 3.663 3.412 3.164 2.918 2.674 2.432 2.193 1.999 1.939 1.881 1.826 1.774 1.725 1.679 1.636 1.596 1.559 1.525 1.494 1.439 1.316 1.199 1.087 0.980 0.879 0.783
10.422 10.398 10.363 10.324 10.279 10.230 10.175 10.023 9.447 8.886 8.340 7.808 7.291 6.788 6.300 5.826 5.367 4.922 4.491 4.094 3.872 3.658 3.447 3.240 3.036 2.835 2.637 2.442 2.251 2.062 1.877 1.746 2.005 2.257 2.502 2.739 2.969 3.191 3.405 3.612 3.812 4.004 4.188 4.312 4.060 3.810 3.563 3.318 3.075 2.834 2.596 2.360 2.126 1.894 1.665 1.462 1.415 1.370 1.329 1.290 1.254 1.221 1.192 1.165 1.141 1.120 1.102 1.074 0.975 0.881 0.793 0.711 0.634 0.562
9.486 9.439 9.387 9.330 9.268 9.201 9.128 9.029 8.504 7.994 7.499 7.018 6.551 6.099 5.662 5.238 4.830 4.436 4.056 3.691 3.479 3.280 3.083 2.890 2.700 2.514 2.330 2.150 1.972 1.798 1.628 1.460 1.683 1.902 2.113 2.316 2.513 2.701 2.882 3.056 3.222 3.381 3.532 3.673 3.431 3.191 2.954 2.719 2.486 2.255 2.027 1.801 1.577 1.355 1.136 0.923 0.888 0.857 0.829 0.803 0.781 0.761 0.745 0.731 0.721 0.713 0.708 0.722 0.684 0.650 0.620 0.593 0.569 0.549
8.552 8.488 8.418 8.343 8.263 8.178 8.088 7.992 7.550 7.091 6.646 6.215 5.799 5.398 5.011 4.639 4.281 3.937 3.608 3.294 3.084 2.899 2.717 2.538 2.362 2.190 2.020 1.854 1.691 1.531 1.375 1.221 1.369 1.554 1.732 1.903 2.065 2.221 2.369 2.509 2.642 2.767 2.885 2.995 2.801 2.571 2.344 2.119 1.896 1.675 1.457 1.240 1.026 0.814 0.605 0.398 0.360 0.342 0.355 0.396 0.436 0.475 0.513 0.550 0.587 0.622 0.657 0.691 0.673 0.655 0.640 0.628 0.620 0.616
7.624 7.542 7.454 7.362 7.264 7.161 7.053 6.940 6.583 6.175 5.781 5.401 5.036 4.685 4.349 4.027 3.720 3.427 3.148 2.884 2.686 2.515 2.347 2.182 2.021 1.863 1.707 1.556 1.407 1.261 1.119 0.980 1.064 1.216 1.360 1.497 1.627 1.749 1.863 1.970 2.070 2.162 2.247 2.324 2.169 1.949 1.732 1.517 1.304 1.125 0.975 0.829 0.686 0.546 0.409 0.276 0.281 0.319 0.357 0.394 0.430 0.465 0.499 0.533 0.565 0.597 0.628 0.658 0.658 0.655 0.656 0.660 0.668 0.680
6.702 6.602 6.497 6.387 6.271 6.151 6.025 5.895 5.605 5.247 4.904 4.575 4.260 3.960 3.674 3.403 3.146 2.904 2.676 2.462 2.284 2.128 1.974 1.824 1.676 1.532 1.392 1.254 1.119 0.988 0.860 0.735 0.768 0.886 0.997 1.101 1.197 1.286 1.367 1.441 1.535 1.645 1.752 1.855 1.790 1.638 1.490 1.345 1.203 1.065 0.930 0.798 0.669 0.544 0.422 0.304 0.291 0.325 0.359 0.392 0.425 0.456 0.486 0.516 0.545 0.572 0.599 0.625 0.640 0.653 0.669 0.689 0.713 0.739
5.787 5.669 5.546 5.418 5.285 5.147 5.004 4.855 4.615 4.308 4.015 3.736 3.472 3.223 2.988 2.767 2.561 2.369 2.191 2.028 1.880 1.738 1.598 1.462 1.329 1.199 1.073 0.949 0.829 0.712 0.598 0.506 0.528 0.648 0.766 0.880 0.992 1.100 1.205 1.308 1.407 1.503 1.597 1.687 1.653 1.516 1.382 1.252 1.125 1.001 0.881 0.764 0.650 0.539 0.432 0.328 0.302 0.333 0.363 0.392 0.420 0.448 0.474 0.500 0.525 0.549 0.572 0.594 0.618 0.647 0.679 0.714 0.753 0.796
4.877 4.742 4.601 4.456 4.305 4.149 3.988 3.822 3.613 3.356 3.114 2.886 2.673 2.474 2.289 2.119 1.963 1.822 1.695 1.582 1.473 1.345 1.247 1.161 1.076 0.993 0.911 0.829 0.749 0.670 0.592 0.515 0.510 0.617 0.721 0.822 0.920 1.015 1.107 1.196 1.282 1.365 1.445 1.522 1.513 1.390 1.271 1.156 1.043 0.934 0.828 0.726 0.627 0.531 0.438 0.348 0.313 0.340 0.367 0.392 0.417 0.440 0.463 0.485 0.506 0.526 0.545 0.564 0.593 0.637 0.685 0.736 0.791 0.849
3.974 3.821 3.662 3.499 3.331 3.157 2.979 2.795 2.600 2.393 2.202 2.024 1.861 1.713 1.597 1.561 1.525 1.490 1.455 1.421 1.376 1.293 1.211 1.131 1.051 0.972 0.895 0.818 0.743 0.669 0.595 0.523 0.496 0.590 0.680 0.768 0.852 0.934 1.012 1.088 1.160 1.230 1.296 1.360 1.369 1.262 1.157 1.056 0.958 0.864 0.773 0.685 0.600 0.519 0.441 0.366 0.326 0.349 0.372 0.393 0.414 0.434 0.453 0.471 0.488 0.504 0.520 0.534 0.564 0.624 0.687 0.754 0.824 0.898
3.076 2.906 2.730 2.549 2.363 2.172 1.976 1.817 1.752 1.714 1.677 1.641 1.605 1.569 1.534 1.500 1.466 1.432 1.399 1.367 1.330 1.252 1.175 1.099 1.024 0.950 0.878 0.806 0.736 0.666 0.598 0.530 0.485 0.565 0.642 0.717 0.788 0.856 0.921 0.983 1.042 1.098 1.151 1.201 1.223 1.130 1.040 0.953 0.870 0.790 0.714 0.640 0.570 0.503 0.440 0.380 0.340 0.359 0.378 0.395 0.412 0.428 0.443 0.457 0.471 0.483 0.495 0.505 0.532 0.608 0.686 0.769 0.854 0.944
2.235 2.164 2.093 2.023 1.953 1.883 1.814 1.746 1.678 1.642 1.607 1.572 1.538 1.504 1.471 1.438 1.406 1.374 1.343 1.312 1.282 1.210 1.138 1.067 0.996 0.927 0.860 0.793 0.727 0.662 0.599 0.536 0.477 0.544 0.608 0.669 0.726 0.781 0.833 0.882 0.927 0.970 1.010 1.046 1.073 0.994 0.919 0.847 0.779 0.713 0.651 0.593 0.537 0.485 0.436 0.390 0.354 0.370 0.384 0.398 0.411 0.423 0.434 0.445 0.454 0.463 0.471 0.478 0.497 0.587 0.682 0.780 0.881 0.986
2.153 2.083 2.014 1.945 1.877 1.809 1.741 1.674 1.607 1.570 1.536 1.503 1.471 1.439 1.407 1.376 1.345 1.315 1.286 1.257 1.229 1.167 1.099 1.033 0.968 0.903 0.840 0.778 0.717 0.657 0.599 0.541 0.484 0.526 0.577 0.624 0.669 0.710 0.748 0.784 0.816 0.845 0.872 0.895 0.915 0.856 0.795 0.738 0.684 0.633 0.586 0.542 0.501 0.463 0.429 0.397 0.370 0.381 0.392 0.402 0.411 0.419 0.427 0.433 0.439 0.444 0.448 0.458 0.483 0.608 0.739 0.874 1.013 1.158
2.070 2.002 1.934 1.867 1.800 1.734 1.668 1.602 1.537 1.497 1.465 1.434 1.403 1.373 1.343 1.313 1.285 1.256 1.228 1.201 1.175 1.122 1.059 0.998 0.937 0.878 0.820 0.763 0.706 0.651 0.597 0.544 0.493 0.512 0.549 0.583 0.614 0.642 0.667 0.689 0.708 0.724 0.737 0.747 0.754 0.714 0.668 0.625 0.586 0.550 0.517 0.487 0.461 0.438 0.418 0.401 0.388 0.393 0.401 0.412 0.425 0.440 0.457 0.476 0.497 0.520 0.546 0.574 0.603 0.742 0.894 1.050 1.211 1.377
1.988 1.921 1.855 1.789 1.724 1.659 1.594 1.530 1.466 1.424 1.394 1.364 1.335 1.306 1.278 1.251 1.224 1.197 1.171 1.145 1.121 1.076 1.019 0.962 0.906 0.852 0.798 0.746 0.694 0.644 0.595 0.547 0.500 0.501 0.525 0.545 0.563 0.577 0.589 0.598 0.603 0.606 0.606 0.602 0.596 0.569 0.538 0.509 0.484 0.470 0.464 0.456 0.447 0.438 0.427 0.415 0.402 0.412 0.429 0.450 0.472 0.496 0.523 0.551 0.582 0.615 0.650 0.687 0.726 0.871 1.044 1.222 1.404 1.591
1.905 1.839 1.775 1.710 1.647 1.583 1.520 1.458 1.396 1.350 1.322 1.294 1.267 1.240 1.213 1.188 1.162 1.137 1.113 1.089 1.066 1.030 0.977 0.925 0.874 0.824 0.775 0.728 0.681 0.636 0.591 0.548 0.506 0.493 0.503 0.511 0.515 0.516 0.514 0.510 0.511 0.520 0.530 0.540 0.551 0.552 0.545 0.537 0.527 0.517 0.506 0.494 0.481 0.466 0.451 0.435 0.417 0.428 0.455 0.485 0.516 0.550 0.586 0.624 0.664 0.706 0.751 0.797 0.846 0.995 1.189 1.388 1.592 1.800
1.821 1.758 1.694 1.632 1.569 1.507 1.446 1.385 1.324 1.276 1.250 1.224 1.198 1.173 1.148 1.124 1.100 1.077 1.055 1.032 1.012 0.982 0.933 0.886 0.840 0.795 0.751 0.708 0.667 0.626 0.586 0.557 0.525 0.502 0.510 0.518 0.528 0.537 0.547 0.558 0.569 0.580 0.592 0.604 0.617 0.618 0.607 0.594 0.580 0.566 0.550 0.533 0.515 0.496 0.476 0.455 0.434 0.442 0.479 0.518 0.559 0.602 0.647 0.695 0.744 0.796 0.850 0.906 0.964 1.114 1.330 1.550 1.775 2.004
1.738 1.675 1.614 1.553 1.492 1.431 1.371 1.312 1.253 1.202 1.177 1.153 1.129 1.106 1.083 1.060 1.038 1.017 0.996 0.975 0.956 0.933 0.943 0.983 1.007 1.015 1.007 0.983 0.943 0.888 0.816 0.728 0.625 0.545 0.555 0.566 0.577 0.588 0.600 0.613 0.626 0.639 0.653 0.667 0.682 0.686 0.670 0.652 0.634 0.615 0.594 0.573 0.551 0.527 0.503 0.477 0.451 0.454 0.500 0.548 0.599 0.652 0.706 0.763 0.822 0.883 0.947 1.012 1.079 1.229 1.465 1.706 1.952 2.203
1.654 1.593 1.533 1.473 1.414 1.355 1.297 1.239 1.181 1.128 1.104 1.082 1.060 1.038 1.021 1.073 1.147 1.243 1.361 1.500 1.648 1.786 1.771 1.739 1.692 1.629 1.550 1.455 1.345 1.218 1.075 0.917 0.742 0.587 0.599 0.612 0.625 0.639 0.653 0.667 0.682 0.698 0.713 0.730 0.746 0.755 0.734 0.712 0.689 0.665 0.640 0.614 0.587 0.559 0.530 0.500 0.469 0.463 0.519 0.577 0.637 0.699 0.763 0.830 0.898 0.968 1.041 1.116 1.193 1.338 1.595 1.858 2.125 2.397
1.569 1.510 1.452 1.394 1.336 1.278 1.221 1.168 1.122 1.069 1.087 1.128 1.190 1.275 1.381 1.509 1.658 1.830 2.023 2.238 2.463 2.694 2.615 2.513 2.395 2.261 2.111 1.945 1.763 1.565 1.352 1.122 0.877 0.629 0.643 0.658 0.673 0.689 0.705 0.721 0.738 0.756 0.773 0.792 0.810 0.824 0.799 0.772 0.745 0.716 0.687 0.656 0.625 0.592 0.558 0.524 0.488 0.471 0.536 0.603 0.673 0.744 0.818 0.893 0.971 1.051 1.133 1.218 1.304 1.442 1.721 2.005 2.293 2.586
1.496 1.475 1.447 1.412 1.370 1.321 1.264 1.201 1.131 1.054 1.123 1.240 1.378 1.538 1.720 1.924 2.149 2.396 2.665 2.955 3.256 3.564 3.476 3.303 3.114 2.909 2.688 2.451 2.198 1.930 1.645 1.345 1.029 0.696 0.687 0.703 0.721 0.738 0.756 0.775 0.794 0.813 0.833 0.853 0.874 0.895 0.865 0.834 0.802 0.769 0.735 0.699 0.663 0.626 0.588 0.549 0.508 0.476 0.551 0.627 0.706 0.787 0.870 0.955 1.042 1.132 1.223 1.317 1.413 1.541 1.841 2.146 2.456 2.770
1.708 1.663 1.610 1.550 1.483 1.410 1.329 1.241 1.146 1.045 1.140 1.332 1.546 1.782 2.039 2.318 2.619 2.942 3.286 3.653 4.029 4.413 4.354 4.110 3.850 3.574 3.282 2.975 2.651 2.312 1.956 1.585 1.198 0.795 0.730 0.748 0.767 0.787 0.807 0.828 0.849 0.870 0.892 0.914 0.937 0.960 0.932 0.896 0.860 0.822 0.783 0.744 0.703 0.661 0.618 0.575 0.530 0.484 0.563 0.649 0.738 0.828 0.920 1.015 1.111 1.210 1.311 1.414 1.546 1.727 2.095 2.453 2.802 3.141
1.926 1.856 1.779 1.695 1.604 1.505 1.400 1.288 1.168 1.042 1.136 1.404 1.694 2.005 2.338 2.693 3.069 3.468 3.888 4.329 4.782 5.242 5.249 4.934 4.603 4.256 3.894 3.515 3.121 2.711 2.284 1.842 1.385 0.911 0.772 0.793 0.814 0.835 0.857 0.880 0.903 0.926 0.950 0.974 0.999 1.024 1.000 0.960 0.919 0.876 0.833 0.789 0.744 0.697 0.650 0.602 0.552 0.502 0.574 0.693 0.852 1.013 1.177 1.344 1.514 1.687 1.863 2.042 2.223 2.408 2.724 3.040 3.347 3.644
2.151 2.056 1.954 1.846 1.730 1.607 1.477 1.341 1.197 1.046 1.113 1.456 1.821 2.208 2.617 3.047 3.499 3.973 4.468 4.985 5.514 6.050 6.160 5.774 5.373 4.955 4.522 4.073 3.608 3.127 2.630 2.117 1.589 1.044 0.814 0.836 0.860 0.883 0.907 0.932 0.957 0.982 1.008 1.034 1.061 1.088 1.069 1.024 0.979 0.932 0.896 0.883 0.877 0.878 0.886 0.901 0.923 0.952 1.082 1.251 1.422 1.596 1.773 1.953 2.136 2.322 2.511 2.702 2.897 3.094 3.362 3.636 3.900 4.155
2.381 2.262 2.136 2.003 1.863 1.716 1.561 1.400 1.232 1.057 1.069 1.488 1.929 2.392 2.876 3.381 3.909 4.458 5.029 5.621 6.225 6.838 7.088 6.632 6.159 5.671 5.167 4.647 4.111 3.560 2.992 2.409 1.810 1.195 0.855 0.880 0.905 0.930 0.956 0.983 1.010 1.043 1.084 1.124 1.164 1.203 1.213 1.203 1.200 1.204 1.215 1.233 1.258 1.290 1.328 1.374 1.427 1.487 1.623 1.804 1.988 2.175 2.365 2.558 2.754 2.953 3.154 3.359 3.566 3.777 4.008 4.240 4.462 4.675
2.618 2.475 2.324 2.166 2.002 1.830 1.652 1.466 1.273 1.074 1.006 1.501 2.017 2.555 3.114 3.695 4.298 4.922 5.569 6.236 6.916 7.605 8.033 7.506 6.963 6.404 5.829 5.239 4.632 4.010 3.372 2.718 2.045 1.374 0.939 0.982 1.024 1.066 1.106 1.147 1.186 1.225 1.263 1.300 1.337 1.373 1.400 1.421 1.449 1.484 1.526 1.575 1.631 1.694 1.763 1.840 1.924 2.015 2.160 2.354 2.551 2.751 2.954 3.159 3.368 3.580 3.794 4.012 4.232 4.455 4.663 4.853 5.033 5.203
2.862 2.693 2.518 2.336 2.147 1.951 1.748 1.538 1.321 1.097 0.923 1.493 2.085 2.698 3.333 3.989 4.667 5.367 6.088 6.831 7.587 8.352 8.995 8.341 7.605 6.882 6.174 5.480 4.800 4.135 3.483 2.846 2.222 1.613 1.143 1.183 1.222 1.261 1.298 1.335 1.372 1.407 1.442 1.477 1.510 1.543 1.580 1.632 1.690 1.756 1.829 1.909 1.996 2.090 2.191 2.298 2.413 2.535 2.693 2.900 3.110 3.323 3.538 3.757 3.978 4.203 4.430 4.661 4.894 5.130 5.327 5.474 5.612 5.740
3.111 2.919 2.719 2.513 2.299 2.079 1.851 1.617 1.375 1.127 0.872 1.465 2.132 2.821 3.531 4.252 4.906 5.546 6.172 6.785 7.394 8.001 8.596 7.939 7.265 6.606 5.960 5.329 4.712 4.108 3.519 2.945 2.384 1.837 1.348 1.385 1.421 1.456 1.491 1.525 1.558 1.590 1.622 1.653 1.684 1.714 1.752 1.834 1.924 2.021 2.125 2.236 2.353 2.478 2.610 2.749 2.894 3.047 3.222 3.442 3.665 3.891 4.119 4.351 4.585 4.822 5.063 5.306 5.552 5.801 5.999 6.104 6.200 6.286
3.367 3.150 2.926 2.695 2.457 2.213 1.961 1.702 1.434 1.160 0.896 1.395 2.056 2.703 3.337 3.957 4.564 5.157 5.737 6.303 6.865 7.424 7.973 7.522 6.911 6.314 5.731 5.162 4.607 4.067 3.540 3.028 2.530 2.046 1.576 1.587 1.620 1.652 1.684 1.715 1.745 1.774 1.803 1.831 1.858 1.885 1.916 2.030 2.150 2.278 2.413 2.555 2.703 2.859 3.022 3.191 3.368 3.551 3.748 3.981 4.216 4.455 4.696 4.941 5.188 5.438 5.691 5.947 6.206 6.468 6.680 6.743 6.796 6.840
3.629 3.366 3.057 2.757 2.468 2.189 1.919 1.660 1.411 1.172 0.942 1.299 1.914 2.514 3.101 3.675 4.235 4.781 5.314 5.834 6.348 6.860 7.361 7.090 6.541 6.006 5.486 4.980 4.488 4.009 3.546 3.096 2.660 2.238 1.831 1.790 1.820 1.849 1.877 1.905 1.932 1.958 1.984 2.009 2.033 2.057 2.079 2.217 2.369 2.527 2.693 2.866 3.045 3.232 3.425 3.626 3.833 4.048 4.270 4.516 4.764 5.015 5.270 5.527 5.787 6.050 6.316 6.585 6.857 7.131 7.369 7.390 7.402 7.404
3.375 3.091 2.816 2.551 2.297 2.052 1.818 1.593 1.379 1.174 0.980 1.217 1.784 2.338 2.878 3.405 3.918 4.418 4.904 5.377 5.844 6.309 6.763 6.642 6.156 5.684 5.226 4.782 4.352 3.937 3.535 3.148 2.775 2.415 2.070 1.993 2.020 2.046 2.071 2.096 2.120 2.143 2.165 2.187 2.208 2.229 2.249 2.397 2.580 2.769 2.966 3.169 3.380 3.597 3.821 4.053 4.291 4.536 4.788 5.047 5.308 5.572 5.839 6.109 6.382 6.658 6.937 7.219 7.503 7.791 8.109 8.185 8.233 8.253
3.056 2.806 2.566 2.336 2.117 1.907 1.707 1.517 1.338 1.168 1.008 1.146 1.667 2.174 2.667 3.147 3.614 4.067 4.506 4.932 5.353 5.771 6.177 6.179 5.756 5.346 4.951 4.569 4.202 3.849 3.510 3.185 2.874 2.577 2.294 2.197 2.220 2.243 2.266 2.287 2.308 2.328 2.347 2.366 2.384 2.402 2.418 2.569 2.783 3.003 3.231 3.465 3.706 3.954 4.209 4.472 4.741 5.017 5.300 5.574 5.848 6.121 6.407 6.723 7.069 7.444 7.849 8.284 8.749 9.243 9.767 9.757 9.682 9.579
2.727 2.512 2.307 2.112 1.927 1.752 1.587 1.432 1.287 1.152 1.027 1.088 1.562 2.022 2.469 2.902 3.322 3.728 4.121 4.501 4.874 5.245 5.604 5.702 5.340 4.993 4.660 4.341 4.036 3.745 3.469 3.206 2.957 2.723 2.502 2.401 2.422 2.441 2.461 2.479 2.497 2.514 2.530 2.546 2.561 2.575 2.588 2.734 2.978 3.230 3.488 3.753 4.029 4.308 4.575 4.828 5.068 5.295 5.509 5.804 6.162 6.550 6.967 7.415 7.892 8.399 8.935 9.501 10.097 10.723 11.379 11.354 11.156 10.930
2.390 2.210 2.040 1.879 1.729 1.589 1.458 1.338 1.228 1.127 1.037 1.042 1.469 1.883 2.283 2.669 3.043 3.402 3.749 4.081 4.408 4.731 5.044 5.209 4.910 4.625 4.354 4.098 3.855 3.627 3.412 3.212 3.026 2.853 2.695 2.606 2.623 2.640 2.656 2.671 2.686 2.700 2.713 2.745 2.830 2.911 2.989 3.168 3.455 3.729 3.990 4.238 4.472 4.694 4.902 5.097 5.279 5.448 5.603 5.939 6.428 6.947 7.496 8.075 8.684 9.322 9.990 10.687 11.415 12.172 12.959 12.977 12.657 12.308
