DATA/SHG/ECMWF/20170628/EN-16/20170705.en-16.asc
ncols        190
nrows        64
xllcorner    -5100000.000000000000
yllcorner    4130000.000000000000
cellsize     10000.000000000000
NODATA_value  -99999.000
[rows 0 to 31 of 64, columns 73 to 145 of 190]
6.400 7.146 7.935 8.767 9.642 10.560 11.521 12.525 13.070 12.338 11.547 10.786 10.057 9.359 8.692 8.056 7.452 6.878 6.336 5.825 5.504 5.713 5.902 6.078 6.239 6.387 6.520 6.639 6.744 6.835 6.912 6.974 6.985 6.875 6.773 6.680 6.597 6.522 6.457 6.401 6.354 6.316 6.287 6.268 6.176 5.830 5.475 5.113 4.742 4.362 3.974 3.578 3.174 2.761 2.340 1.911 1.605 1.676 1.740 1.796 1.844 1.884 1.917 1.941 1.958 1.967 1.968 1.961 1.897 1.702 1.521 1.356 1.206
5.977 6.874 7.808 8.707 9.561 10.373 11.141 11.865 12.299 11.585 10.902 10.251 9.631 9.041 8.483 7.957 7.461 6.996 6.563 6.160 5.843 5.989 6.115 6.228 6.326 6.410 6.480 6.536 6.578 6.606 6.620 6.619 6.599 6.529 6.468 6.416 6.373 6.340 6.315 6.300 6.294 6.297 6.309 6.330 6.308 5.925 5.533 5.133 4.725 4.308 3.883 3.450 3.008 2.558 2.100 1.633 1.231 1.267 1.296 1.317 1.330 1.336 1.333 1.323 1.305 1.279 1.245 1.203 1.141 1.013 0.900 0.802 0.719
6.015 6.848 7.638 8.384 9.087 9.746 10.362 10.934 11.409 10.804 10.231 9.688 9.177 8.696 8.247 7.829 7.442 7.086 6.761 6.467 6.205 6.281 6.344 6.393 6.428 6.450 6.457 6.450 6.428 6.393 6.344 6.280 6.203 6.173 6.153 6.142 6.141 6.148 6.164 6.190 6.224 6.268 6.321 6.383 6.450 6.029 5.600 5.163 4.717 4.263 3.801 3.330 2.851 2.364 1.868 1.365 0.865 0.867 0.861 0.847 0.826 0.796 0.759 0.714 0.661 0.600 0.531 0.455 0.446 0.530 0.613 0.695 0.777
6.190 6.871 7.509 8.103 8.653 9.161 9.624 10.045 10.421 9.996 9.531 9.098 8.695 8.323 7.983 7.673 7.395 7.148 6.931 6.746 6.592 6.588 6.588 6.574 6.546 6.504 6.449 6.378 6.294 6.196 6.084 5.958 5.817 5.809 5.829 5.859 5.898 5.946 6.003 6.070 6.145 6.230 6.323 6.426 6.538 6.142 5.676 5.201 4.718 4.227 3.727 3.220 2.703 2.179 1.646 1.105 0.556 0.476 0.435 0.454 0.534 0.611 0.686 0.758 0.827 0.894 0.958 1.020 1.079 1.158 1.237 1.317 1.395
6.405 6.934 7.420 7.862 8.261 8.616 8.928 9.197 9.422 9.161 8.805 8.480 8.186 7.923 7.691 7.490 7.320 7.181 7.074 6.997 6.951 6.910 6.848 6.771 6.680 6.575 6.456 6.323 6.176 6.015 5.840 5.651 5.447 5.434 5.496 5.566 5.646 5.735 5.833 5.940 6.056 6.181 6.315 6.459 6.611 6.264 5.760 5.248 4.728 4.200 3.672 3.171 2.696 2.248 1.826 1.431 1.062 1.050 1.124 1.194 1.262 1.328 1.391 1.451 1.509 1.564 1.616 1.666 1.713 1.785 1.862 1.938 2.013
6.661 7.038 7.372 7.662 7.909 8.113 8.273 8.390 8.463 8.298 8.051 7.834 7.649 7.495 7.371 7.279 7.217 7.187 7.188 7.220 7.282 7.248 7.123 6.983 6.829 6.662 6.480 6.284 6.074 5.850 5.612 5.360 5.094 5.051 5.153 5.264 5.385 5.514 5.653 5.800 5.957 6.099 6.212 6.310 6.390 6.063 5.547 5.058 4.595 4.159 3.749 3.366 3.009 2.679 2.375 2.097 1.847 1.816 1.877 1.936 1.993 2.046 2.098 2.146 2.192 2.235 2.276 2.314 2.350 2.412 2.486 2.559 2.631
6.957 7.182 7.364 7.503 7.598 7.650 7.659 7.624 7.546 7.408 7.269 7.162 7.085 7.039 7.024 7.040 7.087 7.165 7.274 7.414 7.585 7.602 7.413 7.211 6.994 6.763 6.519 6.260 5.987 5.701 5.400 5.085 4.798 4.762 4.934 5.089 5.228 5.351 5.457 5.547 5.620 5.677 5.717 5.741 5.748 5.521 5.124 4.753 4.408 4.090 3.798 3.533 3.294 3.081 2.895 2.736 2.603 2.583 2.633 2.680 2.724 2.767 2.806 2.843 2.877 2.909 2.938 2.964 2.988 3.039 3.110 3.180 3.249
7.293 7.367 7.397 7.384 7.328 7.229 7.086 6.900 6.670 6.491 6.461 6.461 6.493 6.555 6.649 6.773 6.928 7.115 7.332 7.580 7.859 7.971 7.719 7.425 7.125 6.834 6.551 6.277 6.012 5.756 5.509 5.271 5.041 4.946 5.045 5.127 5.193 5.242 5.274 5.290 5.290 5.273 5.240 5.190 5.124 4.953 4.673 4.420 4.193 3.993 3.819 3.672 3.550 3.456 3.388 3.346 3.330 3.351 3.389 3.425 3.458 3.488 3.516 3.541 3.564 3.583 3.601 3.615 3.627 3.666 3.733 3.800 3.867
7.669 7.591 7.470 7.306 7.099 6.848 6.554 6.216 5.836 5.547 5.625 5.734 5.874 6.044 6.246 6.484 6.751 7.010 7.261 7.504 7.739 7.853 7.575 7.305 7.044 6.792 6.549 6.314 6.089 5.872 5.664 5.465 5.274 5.149 5.174 5.182 5.175 5.150 5.109 5.052 4.978 4.888 4.781 4.658 4.519 4.357 4.196 4.060 3.951 3.869 3.812 3.783 3.779 3.802 3.852 3.928 4.030 4.122 4.148 4.172 4.193 4.212 4.228 4.241 4.252 4.260 4.266 4.269 4.269 4.292 4.357 4.421 4.484
8.086 7.857 7.584 7.269 6.910 6.508 6.063 5.574 5.084 4.770 5.057 5.337 5.608 5.871 6.127 6.374 6.613 6.843 7.066 7.280 7.487 7.645 7.405 7.175 6.953 6.741 6.537 6.341 6.155 5.977 5.809 5.649 5.498 5.369 5.321 5.256 5.175 5.077 4.963 4.832 4.685 4.521 4.341 4.145 3.932 3.735 3.690 3.673 3.681 3.717 3.778 3.866 3.980 4.121 4.288 4.481 4.701 4.893 4.908 4.920 4.930 4.937 4.941 4.943 4.942 4.938 4.932 4.923 4.912 4.919 4.980 5.041 5.101
8.542 8.146 7.719 7.296 6.877 6.460 6.047 5.637 5.231 4.836 5.096 5.347 5.590 5.825 6.052 6.271 6.481 6.684 6.878 7.064 7.243 7.417 7.226 7.035 6.853 6.679 6.515 6.359 6.212 6.073 5.944 5.823 5.711 5.607 5.486 5.347 5.193 5.021 4.834 4.630 4.409 4.172 3.919 3.649 3.363 3.084 3.158 3.258 3.384 3.537 3.716 3.921 4.153 4.411 4.696 5.007 5.344 5.667 5.670 5.670 5.668 5.663 5.656 5.646 5.633 5.618 5.600 5.580 5.557 5.545 5.603 5.661 5.718
8.627 8.209 7.794 7.382 6.974 6.569 6.168 5.770 5.375 4.983 5.141 5.364 5.579 5.786 5.984 6.175 6.357 6.532 6.698 6.856 7.006 7.152 7.038 6.886 6.743 6.608 6.483 6.366 6.258 6.159 6.069 5.987 5.914 5.850 5.668 5.456 5.228 4.984 4.723 4.446 4.152 3.842 3.515 3.172 2.813 2.437 2.598 2.816 3.060 3.330 3.626 3.949 4.298 4.674 5.076 5.504 5.958 6.439 6.433 6.422 6.408 6.392 6.373 6.351 6.327 6.300 6.270 6.238 6.183 6.112 6.146 6.194 6.256
8.675 8.269 7.865 7.465 7.069 6.675 6.285 5.899 5.515 5.135 5.194 5.389 5.576 5.754 5.924 6.087 6.241 6.387 6.525 6.655 6.777 6.895 6.840 6.727 6.623 6.528 6.441 6.364 6.295 6.235 6.184 6.141 6.108 6.083 5.868 5.583 5.282 4.964 4.630 4.280 3.913 3.530 3.130 2.714 2.281 1.832 2.011 2.346 2.708 3.095 3.509 3.949 4.416 4.908 5.428 5.973 6.545 7.143 7.198 7.132 7.024 6.922 6.828 6.742 6.663 6.592 6.529 6.472 6.424 6.382 6.469 6.579 6.702
8.721 8.326 7.934 7.545 7.160 6.778 6.400 6.024 5.653 5.284 5.254 5.421 5.579 5.730 5.872 6.006 6.132 6.250 6.360 6.462 6.555 6.645 6.632 6.558 6.493 6.437 6.390 6.352 6.322 6.301 6.289 6.286 6.291 6.306 6.086 5.728 5.354 4.963 4.556 4.132 3.692 3.235 2.763 2.273 1.768 1.246 1.397 1.850 2.328 2.833 3.374 3.926 4.472 5.011 5.543 6.068 6.586 7.098 7.148 7.065 6.990 6.922 6.861 6.809 6.763 6.725 6.695 6.672 6.657 6.649 6.778 6.950 7.134
8.763 8.379 7.999 7.622 7.248 6.878 6.511 6.147 5.787 5.430 5.322 5.460 5.591 5.713 5.827 5.933 6.031 6.120 6.202 6.276 6.341 6.402 6.414 6.380 6.354 6.337 6.329 6.330 6.339 6.358 6.385 6.420 6.465 6.518 6.322 5.891 5.443 4.979 4.499 4.002 3.489 2.985 2.506 2.031 1.562 1.098 1.239 1.789 2.332 2.868 3.397 3.919 4.435 4.943 5.445 5.940 6.429 6.910 7.040 6.990 6.948 6.914 6.887 6.867 6.855 6.851 6.854 6.864 6.882 6.908 7.073 7.306 7.552
8.802 8.430 8.061 7.696 7.334 6.975 6.619 6.267 5.918 5.572 5.397 5.507 5.609 5.703 5.789 5.867 5.936 5.998 6.052 6.097 6.135 6.168 6.187 6.192 6.205 6.228 6.259 6.298 6.347 6.404 6.470 6.545 6.617 6.680 6.512 6.020 5.533 5.051 4.573 4.101 3.634 3.171 2.714 2.261 1.814 1.371 1.390 1.909 2.422 2.928 3.427 3.919 4.404 4.883 5.355 5.820 6.278 6.730 6.924 6.908 6.899 6.898 6.904 6.918 6.939 6.968 7.005 7.048 7.100 7.158 7.354 7.648 7.956
8.839 8.478 8.120 7.766 7.416 7.068 6.724 6.383 6.046 5.711 5.479 5.561 5.635 5.701 5.759 5.808 5.850 5.883 5.909 5.926 5.936 5.940 5.951 6.010 6.081 6.150 6.217 6.283 6.347 6.409 6.470 6.528 6.585 6.640 6.540 6.070 5.605 5.144 4.689 4.238 3.793 3.352 2.917 2.486 2.060 1.639 1.547 2.037 2.519 2.995 3.464 3.926 4.381 4.830 5.272 5.707 6.135 6.556 6.801 6.818 6.843 6.875 6.914 6.961 7.016 7.078 7.148 7.225 7.309 7.401 7.620 7.976 8.345
8.872 8.522 8.176 7.834 7.494 7.158 6.826 6.496 6.170 5.848 5.568 5.622 5.668 5.706 5.735 5.755 5.758 5.770 5.793 5.826 5.870 5.923 5.986 6.051 6.114 6.175 6.235 6.293 6.349 6.403 6.455 6.506 6.555 6.602 6.563 6.115 5.671 5.233 4.799 4.370 3.946 3.528 3.114 2.705 2.301 1.901 1.712 2.171 2.624 3.069 3.508 3.940 4.365 4.784 5.195 5.600 5.998 6.390 6.670 6.721 6.779 6.844 6.917 6.997 7.085 7.180 7.283 7.393 7.511 7.636 7.872 8.289 8.720
8.902 8.564 8.229 7.898 7.570 7.246 6.925 6.607 6.278 5.894 5.524 5.502 5.499 5.506 5.524 5.552 5.590 5.639 5.698 5.767 5.847 5.937 6.036 6.094 6.149 6.203 6.254 6.304 6.352 6.399 6.443 6.486 6.527 6.566 6.581 6.154 5.732 5.316 4.904 4.497 4.095 3.698 3.305 2.918 2.536 2.158 1.883 2.313 2.735 3.150 3.559 3.961 4.356 4.745 5.126 5.501 5.869 6.230 6.532 6.616 6.707 6.805 6.912 7.025 7.146 7.275 7.411 7.554 7.705 7.864 8.110 8.588 9.081
8.929 8.569 8.132 7.710 7.303 6.911 6.533 6.171 5.823 5.490 5.172 5.145 5.178 5.221 5.275 5.339 5.413 5.498 5.593 5.699 5.815 5.941 6.076 6.139 6.186 6.232 6.276 6.318 6.358 6.396 6.433 6.468 6.501 6.532 6.561 6.188 5.788 5.393 5.003 4.618 4.238 3.862 3.492 3.126 2.766 2.410 2.062 2.461 2.853 3.238 3.617 3.989 4.354 4.713 5.064 5.409 5.747 6.078 6.386 6.503 6.627 6.759 6.899 7.045 7.200 7.361 7.531 7.707 7.892 8.083 8.334 8.873 9.427
8.139 7.739 7.354 6.984 6.628 6.288 5.962 5.651 5.355 5.074 4.807 4.778 4.847 4.927 5.017 5.117 5.227 5.348 5.479 5.621 5.773 5.936 6.108 6.186 6.225 6.263 6.299 6.333 6.365 6.396 6.424 6.451 6.476 6.500 6.521 6.217 5.839 5.465 5.097 4.734 4.375 4.021 3.673 3.329 2.990 2.656 2.327 2.616 2.978 3.334 3.682 4.024 4.359 4.688 5.009 5.324 5.632 5.933 6.228 6.383 6.541 6.706 6.878 7.058 7.246 7.440 7.643 7.853 8.070 8.309 8.581 9.154 9.695
7.245 6.897 6.563 6.245 5.941 5.652 5.378 5.119 4.874 4.644 4.429 4.403 4.508 4.623 4.749 4.886 5.032 5.189 5.357 5.534 5.722 5.921 6.130 6.235 6.266 6.296 6.324 6.350 6.375 6.397 6.418 6.437 6.454 6.470 6.483 6.241 5.884 5.532 5.186 4.844 4.507 4.175 3.848 3.526 3.209 2.896 2.589 2.778 3.110 3.436 3.754 4.066 4.371 4.670 4.961 5.246 5.524 5.795 6.060 6.255 6.484 6.766 7.043 7.314 7.579 7.839 8.094 8.343 8.586 8.824 9.056 9.474 9.875
6.338 6.041 5.760 5.493 5.241 5.003 4.781 4.573 4.380 4.202 4.038 4.018 4.159 4.311 4.473 4.645 4.828 5.021 5.225 5.438 5.662 5.898 6.142 6.286 6.309 6.331 6.351 6.369 6.386 6.401 6.413 6.425 6.434 6.442 6.447 6.259 5.924 5.594 5.269 4.949 4.634 4.323 4.018 3.718 3.422 3.131 2.846 2.947 3.249 3.544 3.833 4.153 4.526 4.895 5.260 5.620 5.976 6.327 6.674 6.962 7.225 7.482 7.734 7.981 8.222 8.457 8.687 8.911 9.130 9.343 9.550 9.825 10.086
5.419 5.174 4.944 4.728 4.528 4.342 4.171 4.015 3.873 3.746 3.635 3.624 3.802 3.989 4.188 4.396 4.615 4.844 5.083 5.333 5.593 5.865 6.146 6.339 6.354 6.368 6.380 6.391 6.399 6.406 6.411 6.414 6.416 6.415 6.413 6.272 5.958 5.650 5.347 5.049 4.755 4.466 4.219 4.033 3.851 3.672 3.497 3.616 3.987 4.354 4.717 5.075 5.429 5.778 6.123 6.463 6.800 7.131 7.459 7.732 7.971 8.204 8.431 8.653 8.869 9.080 9.285 9.484 9.678 9.867 10.050 10.207 10.328
4.487 4.293 4.115 3.951 3.802 3.668 3.548 3.443 3.353 3.278 3.218 3.222 3.435 3.659 3.893 4.138 4.392 4.657 4.933 5.219 5.515 5.822 6.140 6.393 6.401 6.407 6.411 6.414 6.414 6.413 6.410 6.406 6.399 6.429 6.517 6.514 6.319 6.127 5.940 5.755 5.574 5.397 5.223 5.053 4.887 4.724 4.564 4.619 4.971 5.319 5.662 6.000 6.334 6.664 6.990 7.310 7.627 7.939 8.247 8.507 8.721 8.929 9.132 9.329 9.521 9.707 9.887 10.062 10.232 10.396 10.554 10.619 10.601
3.542 3.400 3.273 3.161 3.063 2.980 2.912 2.859 2.820 2.797 2.788 2.810 3.060 3.319 3.589 3.870 4.161 4.462 4.773 5.095 5.427 5.771 6.125 6.450 6.486 6.579 6.670 6.761 6.851 6.940 7.028 7.115 7.202 7.288 7.372 7.404 7.224 7.049 6.876 6.708 6.542 6.381 6.223 6.068 5.918 5.770 5.627 5.626 5.959 6.286 6.610 6.929 7.243 7.554 7.859 8.161 8.458 8.750 9.038 9.287 9.476 9.660 9.838 10.010 10.177 10.339 10.495 10.645 10.790 10.929 11.063 11.063 10.904
2.585 2.494 2.419 2.358 2.312 2.280 2.264 2.262 2.275 2.302 2.345 2.402 2.675 2.971 3.277 3.593 3.941 4.432 4.921 5.409 5.895 6.366 6.824 7.280 7.378 7.467 7.555 7.642 7.728 7.813 7.898 7.981 8.064 8.146 8.227 8.289 8.125 7.965 7.808 7.655 7.506 7.360 7.217 7.078 6.943 6.812 6.683 6.637 6.949 7.258 7.561 7.861 8.156 8.447 8.733 9.015 9.292 9.565 9.834 10.071 10.236 10.395 10.548 10.696 10.839 10.976 11.107 11.233 11.353 11.468 11.577 11.537 11.239
1.615 1.576 1.552 1.542 1.548 1.568 1.603 1.652 1.716 1.836 2.122 2.418 2.876 3.367 3.857 4.346 4.832 5.317 5.801 6.282 6.762 7.228 7.680 8.131 8.270 8.355 8.439 8.522 8.605 8.686 8.767 8.847 8.926 9.004 9.082 9.158 9.020 8.876 8.735 8.597 8.464 8.333 8.207 8.083 7.964 7.848 7.735 7.650 7.943 8.232 8.516 8.796 9.072 9.343 9.609 9.872 10.130 10.383 10.632 10.860 11.000 11.135 11.264 11.387 11.505 11.617 11.724 11.825 11.921 12.011 12.095 12.042 11.604
0.633 0.645 0.733 0.979 1.236 1.504 1.783 2.074 2.376 2.689 3.013 3.349 3.791 4.277 4.761 5.243 5.724 6.203 6.681 7.156 7.631 8.090 8.536 8.981 9.162 9.243 9.323 9.403 9.482 9.559 9.636 9.712 9.788 9.862 9.936 10.009 9.911 9.782 9.657 9.535 9.416 9.302 9.191 9.083 8.979 8.879 8.782 8.689 8.941 9.210 9.475 9.735 9.991 10.242 10.490 10.732 10.971 11.205 11.434 11.654 11.769 11.879 11.984 12.082 12.176 12.263 12.345 12.422 12.493 12.559 12.619 12.577 12.001
0.765 1.027 1.301 1.585 1.881 2.188 2.507 2.837 3.178 3.530 3.894 4.268 4.706 5.186 5.664 6.141 6.616 7.089 7.561 8.031 8.499 8.953 9.393 9.832 10.053 10.131 10.207 10.283 10.358 10.432 10.505 10.578 10.649 10.720 10.790 10.859 10.796 10.683 10.573 10.467 10.364 10.265 10.170 10.078 9.990 9.905 9.824 9.746 9.941 10.191 10.436 10.677 10.913 11.145 11.373 11.596 11.815 12.029 12.240 12.445 12.543 12.628 12.708 12.782 12.851 12.914 12.972 13.024 13.071 13.112 13.147 13.139 12.430
1.242 1.544 1.856 2.180 2.515 2.862 3.219 3.588 3.968 4.359 4.762 5.176 5.621 6.095 6.568 7.039 7.508 7.975 8.441 8.905 9.368 9.816 10.250 10.683 10.945 11.018 11.091 11.163 11.234 11.305 11.374 11.443 11.511 11.578 11.644 11.710 11.677 11.579 11.485 11.394 11.307 11.224 11.144 11.068 10.995 10.926 10.860 10.798 10.945 11.175 11.401 11.622 11.839 12.052 12.260 12.464 12.663 12.858 13.048 13.235 13.321 13.382 13.921 15.192 16.137 16.759 17.056 17.029 16.677 16.001 15.000 13.675 12.887
1.709 2.049 2.401 2.764 3.138 3.523 3.920 4.328 4.747 5.178 5.619 6.072 6.537 7.005 7.472 7.937 8.400 8.862 9.322 9.780 10.237 10.679 11.107 11.534 11.836 11.906 11.975 12.043 12.110 12.177 12.243 12.308 12.372 12.435 12.498 12.560 12.552 12.470 12.392 12.317 12.245 12.177 12.113 12.052 11.995 11.942 11.891 11.845 11.953 12.163 12.369 12.571 12.769 13.346 14.950 16.737 18.706 20.856 23.188 25.703 27.013 27.496 27.656 27.491 27.002 26.189 25.051 23.590 21.804 19.694 17.260 14.502 13.351
