DATA/SHG/ECMWF/20170628/EN-16/20170629.en-16.asc
ncols        190
nrows        64
xllcorner    -5100000.000000000000
yllcorner    4130000.000000000000
cellsize     10000.000000000000
NODATA_value  -99999.000
[rows 0 to 32 of 64, columns 73 to 145 of 190]
5.895 5.742 5.596 5.458 5.328 5.206 5.092 4.986 4.965 5.175 5.404 5.621 5.828 6.023 6.208 6.381 6.544 6.696 6.836 6.966 7.039 6.952 6.858 6.762 6.664 6.564 6.463 6.360 6.256 6.150 6.042 5.932 5.956 6.416 6.871 7.320 7.764 8.203 8.637 9.065 9.488 9.905 10.318 10.725 11.171 11.761 12.363 12.978 13.604 14.243 14.893 15.556 16.231 16.918 17.617 18.328 18.737 18.219 17.686 17.138 16.577 16.000 15.410 14.806 14.187 13.553 12.906 12.244 11.676 11.407 11.145 10.888 10.637
5.910 5.784 5.745 5.731 5.719 5.709 5.701 5.694 5.727 5.928 6.118 6.297 6.465 6.622 6.768 6.903 7.027 7.140 7.243 7.334 7.397 7.302 7.200 7.096 6.991 6.884 6.775 6.665 6.553 6.439 6.323 6.206 6.151 6.588 7.019 7.444 7.865 8.280 8.690 9.095 9.494 9.888 10.277 10.660 11.072 11.716 12.373 13.041 13.722 14.415 15.120 15.837 16.566 17.307 18.060 18.826 19.414 18.831 18.234 17.623 16.997 16.357 15.703 15.034 14.351 13.654 12.942 12.216 11.552 11.309 11.072 10.841 10.615
6.556 6.544 6.535 6.528 6.522 6.519 6.517 6.518 6.528 6.690 6.842 6.982 7.112 7.230 7.338 7.434 7.520 7.595 7.658 7.711 7.753 7.653 7.544 7.432 7.319 7.205 7.088 6.970 6.851 6.730 6.607 6.482 6.356 6.764 7.172 7.574 7.971 8.363 8.749 9.130 9.506 9.877 10.242 10.602 10.959 11.658 12.369 13.092 13.826 14.574 15.333 16.104 16.887 17.683 18.490 19.310 20.105 19.458 18.797 18.121 17.432 16.728 16.009 15.277 14.530 13.769 12.993 12.203 11.466 11.356 11.277 11.229 11.213
7.330 7.325 7.322 7.322 7.323 7.326 7.331 7.338 7.347 7.461 7.574 7.676 7.767 7.847 7.916 7.975 8.022 8.058 8.083 8.097 8.101 8.006 7.888 7.770 7.649 7.527 7.403 7.278 7.151 7.022 6.891 6.759 6.625 6.947 7.331 7.709 8.083 8.451 8.814 9.171 9.523 9.870 10.212 10.549 10.880 11.587 12.352 13.129 13.918 14.719 15.533 16.358 17.196 18.045 18.907 19.781 20.667 20.099 19.374 18.594 17.790 17.008 16.249 15.511 14.796 14.104 13.433 12.785 12.159 12.144 12.205 12.297 12.420
8.100 8.103 8.107 8.112 8.120 8.130 8.142 8.156 8.171 8.241 8.316 8.379 8.432 8.474 8.504 8.524 8.533 8.530 8.517 8.493 8.458 8.360 8.235 8.109 7.981 7.851 7.719 7.586 7.452 7.315 7.177 7.038 6.896 7.134 7.495 7.850 8.200 8.544 8.884 9.218 9.547 9.870 10.188 10.501 10.809 11.503 12.322 13.153 13.996 14.852 15.711 16.547 17.358 18.143 18.902 19.636 20.344 19.873 19.124 18.396 17.691 17.009 16.348 15.710 15.094 14.500 13.929 13.380 12.853 12.901 13.100 13.332 13.594
8.868 8.877 8.888 8.900 8.915 8.931 8.950 8.970 8.993 9.030 9.066 9.091 9.106 9.109 9.101 9.082 9.053 9.012 8.961 8.898 8.825 8.715 8.583 8.449 8.313 8.176 8.037 7.897 7.754 7.611 7.465 7.318 7.169 7.327 7.664 7.996 8.322 8.643 8.959 9.270 9.575 9.922 10.303 10.688 11.076 11.781 12.631 13.456 14.255 15.028 15.776 16.498 17.195 17.866 18.512 19.132 19.727 19.455 18.805 18.177 17.571 16.987 16.425 15.886 15.369 14.874 14.402 13.952 13.524 13.624 13.964 14.334 14.736
9.633 9.649 9.666 9.685 9.707 9.730 9.755 9.782 9.811 9.828 9.826 9.813 9.788 9.753 9.707 9.650 9.582 9.503 9.413 9.313 9.201 9.072 8.932 8.791 8.647 8.503 8.356 8.208 8.058 7.907 7.754 7.599 7.468 7.597 7.965 8.337 8.712 9.091 9.474 9.860 10.250 10.644 11.041 11.442 11.846 12.440 13.177 13.887 14.573 15.232 15.867 16.475 17.059 17.617 18.149 18.656 19.137 19.015 18.464 17.934 17.427 16.942 16.480 16.040 15.621 15.226 14.852 14.500 14.171 14.316 14.794 15.304 15.845
10.396 10.418 10.442 10.467 10.495 10.525 10.557 10.590 10.626 10.635 10.594 10.543 10.480 10.406 10.322 10.227 10.120 10.003 9.875 9.736 9.586 9.430 9.283 9.125 8.972 8.828 8.694 8.569 8.452 8.346 8.248 8.160 8.081 8.183 8.568 8.956 9.347 9.743 10.142 10.544 10.950 11.360 11.773 12.190 12.611 13.125 13.748 14.345 14.917 15.463 15.984 16.479 16.949 17.394 17.813 18.206 18.574 18.553 18.100 17.670 17.262 16.876 16.512 16.170 15.851 15.554 15.279 15.026 14.796 14.975 15.593 16.241 16.921
11.155 11.183 11.214 11.247 11.281 11.317 11.356 11.396 11.438 11.451 11.372 11.282 11.181 11.069 10.946 10.796 10.583 10.374 10.172 9.975 9.784 9.608 9.478 9.357 9.245 9.142 9.049 8.965 8.890 8.824 8.768 8.720 8.682 8.765 9.166 9.570 9.978 10.389 10.804 11.223 11.645 12.071 12.501 12.934 13.371 13.836 14.345 14.829 15.288 15.720 16.128 16.510 16.866 17.198 17.503 17.783 18.038 18.068 17.714 17.383 17.073 16.786 16.521 16.278 16.058 15.859 15.683 15.529 15.397 15.602 16.359 17.146 17.965
11.911 11.946 11.984 12.023 12.064 12.107 12.152 12.199 12.204 12.104 11.876 11.654 11.437 11.226 11.021 10.821 10.627 10.439 10.256 10.079 9.907 9.747 9.657 9.577 9.507 9.445 9.393 9.350 9.316 9.292 9.276 9.270 9.273 9.342 9.759 10.179 10.603 11.031 11.462 11.897 12.335 12.777 13.223 13.672 14.125 14.573 14.969 15.339 15.684 16.004 16.298 16.567 16.810 17.028 17.221 17.388 17.529 17.561 17.306 17.074 16.863 16.674 16.508 16.364 16.242 16.142 16.064 16.009 15.976 16.197 17.092 18.019 18.976
12.665 12.636 12.525 12.424 12.332 12.249 12.175 12.110 12.054 12.005 11.797 11.594 11.397 11.206 11.021 10.841 10.666 10.497 10.334 10.177 10.025 9.877 9.826 9.788 9.758 9.738 9.726 9.724 9.732 9.748 9.774 9.809 9.853 9.914 10.347 10.784 11.224 11.667 12.115 12.566 13.020 13.479 13.940 14.406 14.875 15.336 15.619 15.876 16.108 16.314 16.495 16.650 16.781 16.885 16.965 17.019 17.047 17.033 16.876 16.742 16.630 16.540 16.473 16.427 16.403 16.402 16.423 16.466 16.531 16.760 17.794 18.859 19.955
12.342 12.255 12.176 12.107 12.046 11.995 11.953 11.920 11.896 11.881 11.713 11.530 11.353 11.181 11.015 10.855 10.700 10.551 10.408 10.270 10.138 10.009 9.985 9.987 9.998 10.019 10.049 10.088 10.137 10.194 10.261 10.337 10.422 10.516 10.930 11.383 11.839 12.299 12.763 13.230 13.700 14.175 14.653 15.134 15.620 16.108 16.294 16.438 16.557 16.650 16.718 16.760 16.778 16.769 16.736 16.677 16.592 16.482 16.424 16.389 16.375 16.384 16.414 16.467 16.542 16.639 16.759 16.900 17.062 17.277 18.507 19.823 21.224
11.921 11.866 11.819 11.781 11.753 11.733 11.723 11.721 11.729 11.746 11.625 11.461 11.304 11.152 11.005 10.864 10.729 10.600 10.476 10.358 10.245 10.136 10.132 10.176 10.228 10.290 10.361 10.441 10.530 10.629 10.737 10.854 10.980 11.115 11.509 11.978 12.450 12.926 13.406 13.889 14.376 14.866 15.360 15.858 16.359 16.864 16.996 17.027 17.032 17.012 16.967 16.897 16.801 16.680 16.533 16.361 16.164 15.941 15.950 16.038 16.167 16.305 16.453 16.610 16.777 16.953 17.138 17.333 17.538 17.752 19.270 20.966 22.747
11.493 11.469 11.454 11.448 11.451 11.463 11.484 11.515 11.554 11.603 11.531 11.387 11.249 11.117 10.990 10.869 10.753 10.643 10.539 10.441 10.348 10.258 10.269 10.354 10.447 10.550 10.662 10.783 10.914 11.053 11.202 11.360 11.527 11.703 12.082 12.567 13.056 13.548 14.044 14.543 15.046 15.553 16.063 16.576 17.094 17.615 17.723 17.641 17.534 17.401 17.225 17.025 16.829 16.635 16.444 16.256 16.071 15.889 15.964 16.125 16.296 16.477 16.667 16.866 17.075 17.293 17.520 17.758 18.004 18.260 19.947 22.023 24.183
11.056 11.064 11.080 11.106 11.141 11.185 11.238 11.300 11.371 11.452 11.432 11.308 11.190 11.077 10.970 10.868 10.772 10.682 10.597 10.518 10.445 10.375 10.396 10.521 10.656 10.800 10.953 11.115 11.286 11.467 11.656 11.855 12.063 12.280 12.651 13.152 13.657 14.165 14.677 15.192 15.711 16.173 16.585 17.008 17.442 17.887 17.952 17.754 17.558 17.366 17.176 16.990 16.806 16.625 16.447 16.272 16.100 15.930 16.000 16.203 16.416 16.639 16.870 17.112 17.363 17.623 17.892 18.172 18.460 18.758 20.538 22.993 25.533
10.611 10.651 10.699 10.757 10.823 10.899 10.984 11.077 11.180 11.292 11.328 11.224 11.125 11.032 10.944 10.862 10.786 10.715 10.650 10.591 10.537 10.487 10.512 10.678 10.854 11.038 11.232 11.435 11.648 11.869 12.100 12.339 12.522 12.634 12.846 13.230 13.625 14.031 14.448 14.877 15.316 15.765 16.226 16.698 17.181 17.675 17.849 17.664 17.481 17.301 17.125 16.951 16.780 16.612 16.447 16.284 16.125 15.969 16.025 16.271 16.526 16.790 17.064 17.348 17.640 17.943 18.254 18.576 18.906 19.246 21.042 23.876 26.795
10.159 10.230 10.310 10.399 10.497 10.605 10.721 10.847 10.981 11.125 11.219 11.135 11.055 10.982 10.914 10.851 10.795 10.743 10.698 10.658 10.624 10.593 10.617 10.829 11.030 11.211 11.373 11.515 11.638 11.740 11.823 11.887 11.931 11.955 12.084 12.517 12.961 13.417 13.883 14.360 14.847 15.346 15.856 16.377 16.908 17.451 17.743 17.570 17.401 17.234 17.070 16.909 16.751 16.596 16.444 16.294 16.148 16.004 16.041 16.329 16.626 16.932 17.248 17.574 17.908 18.253 18.606 18.969 19.342 19.724 21.461 24.673 27.971
9.698 9.801 9.913 10.034 10.164 10.303 10.451 10.608 10.774 10.949 11.106 11.040 10.981 10.927 10.878 10.839 10.843 10.849 10.858 10.869 10.882 10.893 10.914 11.047 11.160 11.254 11.329 11.383 11.418 11.433 11.429 11.405 11.361 11.298 11.312 11.794 12.287 12.791 13.305 13.831 14.368 14.916 15.474 16.044 16.624 17.215 17.634 17.474 17.317 17.164 17.013 16.864 16.719 16.577 16.437 16.301 16.167 16.036 16.047 16.377 16.716 17.065 17.422 17.790 18.166 18.553 18.948 19.353 19.768 20.191 21.793 25.384 29.061
9.230 9.364 9.508 9.660 9.822 9.992 10.172 10.361 10.565 10.818 11.092 11.099 11.102 11.107 11.115 11.124 11.136 11.151 11.168 11.187 11.208 11.227 11.242 11.287 11.313 11.320 11.306 11.273 11.221 11.149 11.057 10.946 10.815 10.664 10.528 11.059 11.601 12.154 12.717 13.292 13.877 14.474 15.081 15.699 16.329 16.969 17.522 17.375 17.231 17.090 16.952 16.817 16.684 16.555 16.428 16.305 16.184 16.066 16.044 16.415 16.796 17.187 17.587 17.996 18.414 18.842 19.280 19.727 20.183 20.649 22.040 26.009 30.064
8.753 8.917 9.092 9.289 9.508 9.750 10.013 10.299 10.606 10.936 11.288 11.350 11.361 11.374 11.390 11.408 11.428 11.450 11.475 11.502 11.532 11.558 11.582 11.549 11.488 11.407 11.306 11.186 11.046 10.886 10.707 10.509 10.290 10.052 9.795 10.313 10.904 11.505 12.118 12.741 13.375 14.021 14.677 15.344 16.022 16.711 17.407 17.273 17.142 17.014 16.889 16.766 16.647 16.530 16.416 16.305 16.197 16.092 16.031 16.444 16.867 17.299 17.741 18.192 18.652 19.122 19.602 20.091 20.589 21.096 22.201 26.548 30.980
8.168 8.398 8.650 8.925 9.221 9.539 9.880 10.242 10.627 11.034 11.462 11.599 11.618 11.639 11.663 11.689 11.717 11.747 11.780 11.815 11.853 11.887 11.919 11.833 11.684 11.515 11.328 11.120 10.893 10.646 10.380 10.094 9.788 9.463 9.118 9.556 10.196 10.846 11.507 12.179 12.862 13.556 14.261 14.977 15.703 16.441 17.189 17.169 17.050 16.935 16.822 16.713 16.606 16.502 16.401 16.303 16.208 16.116 16.026 16.463 16.928 17.402 17.885 18.378 18.881 19.392 19.914 20.444 20.984 21.646 22.630 27.392 32.067
7.552 7.859 8.188 8.540 8.913 9.308 9.726 10.165 10.627 11.111 11.616 11.845 11.872 11.901 11.933 11.967 12.003 12.042 12.082 12.126 12.171 12.214 12.254 12.138 11.902 11.646 11.371 11.076 10.762 10.428 10.074 9.701 9.308 8.896 8.464 8.788 9.476 10.175 10.885 11.606 12.338 13.081 13.834 14.598 15.374 16.160 16.957 17.061 16.955 16.853 16.753 16.656 16.562 16.471 16.383 16.298 16.216 16.136 16.059 16.472 17.133 18.011 18.873 19.719 20.549 21.362 22.159 22.940 23.704 24.453 25.185 29.314 33.601
6.916 7.300 7.706 8.134 8.585 9.057 9.552 10.068 10.607 11.167 11.750 12.089 12.124 12.161 12.201 12.243 12.287 12.334 12.382 12.434 12.487 12.538 12.586 12.465 12.142 11.799 11.436 11.054 10.653 10.232 9.791 9.331 8.851 8.351 7.832 8.009 8.746 9.494 10.252 11.022 11.802 12.594 13.396 14.209 15.033 15.867 16.713 16.950 16.858 16.768 16.681 16.644 16.738 16.913 17.168 17.505 17.922 18.420 18.999 19.780 20.603 21.409 22.199 22.972 23.729 24.470 25.195 25.903 26.596 27.272 27.931 31.320 35.218
6.260 6.721 7.204 7.709 8.237 8.786 9.357 9.951 10.566 11.203 11.863 12.330 12.373 12.419 12.466 12.516 12.568 12.623 12.680 12.739 12.801 12.860 12.916 12.814 12.403 11.973 11.524 11.055 10.566 10.058 9.530 8.983 8.416 7.829 7.223 7.219 8.005 8.801 9.608 10.427 11.255 12.095 12.957 13.819 14.652 15.457 16.233 16.623 16.752 16.962 17.252 17.624 18.076 18.609 19.222 19.917 20.692 21.548 22.485 23.335 24.085 24.818 25.536 26.237 26.922 27.591 28.243 28.879 29.499 30.103 30.691 33.409 36.919
5.583 6.122 6.682 7.264 7.868 8.494 9.142 9.813 10.505 11.219 11.955 12.569 12.620 12.673 12.729 12.787 12.847 12.910 12.975 13.042 13.111 13.179 13.243 13.184 12.686 12.169 11.633 11.077 10.501 9.906 9.291 8.657 8.003 7.387 6.864 6.818 7.754 8.660 9.539 10.388 11.210 12.002 12.766 13.502 14.209 14.888 15.538 16.084 16.571 17.139 17.788 18.517 19.327 20.218 21.190 22.242 23.375 24.589 25.883 26.901 27.578 28.240 28.885 29.514 30.127 30.723 31.303 31.867 32.415 32.947 33.462 35.582 38.705
4.887 5.502 6.139 6.798 7.479 8.182 8.907 9.654 10.423 11.214 12.027 12.806 12.865 12.926 12.990 13.055 13.124 13.194 13.267 13.342 13.420 13.495 13.567 13.576 13.001 12.441 11.889 11.345 10.809 10.281 9.761 9.250 8.746 8.251 7.764 7.543 8.352 9.132 9.884 10.608 11.302 11.969 12.607 13.216 13.797 14.350 14.874 15.460 16.305 17.231 18.238 19.325 20.493 21.741 23.071 24.480 25.971 27.542 29.194 30.478 31.084 31.673 32.246 32.803 33.344 33.868 34.376 34.868 35.344 35.803 36.246 37.839 40.574
4.171 4.863 5.577 6.313 7.071 7.850 8.652 9.476 10.321 11.189 12.079 12.990 13.107 13.176 13.248 13.321 13.382 13.365 13.387 13.448 13.547 13.683 13.850 14.048 13.534 13.009 12.493 11.985 11.484 10.992 10.508 10.032 9.565 9.105 8.653 8.297 8.980 9.634 10.260 10.857 11.426 11.966 12.478 12.961 13.416 13.842 14.240 14.751 15.954 17.238 18.602 20.047 21.572 23.178 24.865 26.632 28.480 30.408 32.417 34.068 34.602 35.119 35.620 36.104 36.573 37.025 37.461 37.881 38.284 38.672 39.043 40.178 42.527
3.436 4.204 4.995 5.807 6.642 7.498 8.376 9.277 10.199 11.111 11.894 12.652 12.732 12.695 12.696 12.736 12.815 12.933 13.089 13.284 13.518 13.790 14.093 14.427 14.057 13.568 13.087 12.615 12.150 11.694 11.245 10.805 10.373 9.949 9.533 9.125 9.638 10.166 10.666 11.137 11.579 11.994 12.379 12.737 13.065 13.366 13.638 13.958 15.519 17.160 18.881 20.683 22.566 24.529 26.573 28.697 30.902 33.187 35.553 37.670 38.131 38.576 39.005 39.417 39.814 40.194 40.558 40.906 41.237 41.553 41.852 42.602 44.563
2.680 3.525 4.398 5.274 6.123 6.947 7.745 8.517 9.262 9.982 10.675 11.342 11.592 11.690 11.826 12.001 12.214 12.466 12.757 13.086 13.454 13.861 14.300 14.770 14.570 14.117 13.672 13.235 12.806 12.385 11.973 11.568 11.172 10.783 10.403 10.031 10.326 10.728 11.102 11.447 11.764 12.052 12.311 12.543 12.746 12.920 13.066 13.184 14.998 16.996 19.075 21.234 23.473 25.794 28.194 30.675 33.237 35.879 38.601 41.283 41.673 42.046 42.402 42.743 43.067 43.375 43.668 43.943 44.203 44.446 44.674 45.108 46.683
2.276 3.114 3.925 4.711 5.471 6.204 6.911 7.593 8.248 8.877 9.481 10.058 10.419 10.651 10.921 11.230 11.578 11.965 12.390 12.854 13.356 13.898 14.473 15.079 15.074 14.656 14.247 13.846 13.452 13.067 12.690 12.321 11.960 11.607 11.263 10.926 11.045 11.321 11.568 11.787 11.978 12.140 12.274 12.380 12.457 12.505 12.525 12.517 14.392 16.748 19.183 21.699 24.295 26.972 29.730 32.567 35.485 38.484 41.563 44.722 45.226 45.527 45.812 46.080 46.333 46.569 46.789 46.993 47.181 47.352 47.508 47.414 47.902
2.009 2.756 3.478 4.173 4.843 5.486 6.103 6.694 7.260 7.799 8.312 8.799 9.211 9.578 9.983 10.426 10.908 11.429 11.989 12.587 13.224 13.900 14.611 15.352 15.568 15.186 14.812 14.447 14.089 13.739 13.398 13.065 12.739 12.422 12.113 11.812 11.793 11.943 12.065 12.158 12.223 12.259 12.267 12.247 12.198 12.121 12.016 11.882 13.702 16.414 19.206 22.079 25.032 28.065 31.179 34.373 37.647 41.002 44.437 47.953 48.792 49.021 49.041 48.641 48.189 47.683 47.125 46.514 45.850 45.133 44.363 43.540 43.801
1.767 2.424 3.055 3.660 4.239 4.793 5.320 5.821 6.296 6.745 7.168 7.565 7.970 8.471 9.010 9.588 10.204 10.859 11.553 12.285 13.056 13.868 14.714 15.591 16.053 15.706 15.368 15.038 14.716 14.402 14.096 13.798 13.508 13.227 12.953 12.687 12.571 12.595 12.591 12.559 12.498 12.408 12.291 12.145 11.970 11.768 11.537 11.277 12.928 15.996 19.145 22.373 25.683 29.104 32.552 35.882 39.092 42.184 45.157 48.011 48.486 47.959 47.379 46.745 46.059 45.320 44.528 43.683 42.785 41.834 40.831 39.774 39.738
1.549 2.116 2.657 3.172 3.661 4.124 4.561 4.972 5.358 5.717 6.050 6.357 6.695 7.330 8.003 8.715 9.466 10.255 11.083 11.949 12.854 13.801 14.782 15.795 16.527 16.217 15.914 15.620 15.333 15.055 14.784 14.522 14.268 14.022 13.783 13.553 13.379 13.278 13.148 12.990 12.803 12.588 12.345 12.073 11.904 12.132 12.427 12.786 14.696 18.214 21.612 24.892 28.053 31.096 34.019 36.824 39.510 42.078 44.526 46.856 47.348 46.587 45.772 44.906 43.986 43.013 41.987 40.909 39.778 38.593 37.356 36.066 35.714
