DATA/SHG/ECMWF/20170628/EN-16/20170702.en-16.asc
ncols        190
nrows        64
xllcorner    -5100000.000000000000
yllcorner    4130000.000000000000
cellsize     10000.000000000000
NODATA_value  -99999.000
[rows 0 to 31 of 64, columns 73 to 145 of 190]
7.227 7.430 7.637 7.849 8.065 8.286 8.511 8.740 8.859 8.615 8.374 8.203 8.101 8.068 8.105 8.212 8.388 8.633 8.948 9.333 9.931 10.956 11.887 12.757 13.566 14.314 15.001 15.627 16.192 16.697 17.140 17.523 17.604 16.878 16.152 15.427 14.702 13.977 13.252 12.528 11.805 11.081 10.358 9.636 9.082 9.049 9.019 8.992 8.967 8.945 8.926 8.909 8.896 8.885 8.876 8.871 8.892 8.986 9.080 9.175 9.271 9.368 9.465 9.563 9.662 9.762 9.862 9.963 9.948 9.609 9.274 8.945 8.620
8.000 8.219 8.334 8.404 8.458 8.496 8.519 8.525 8.499 8.432 8.434 8.506 8.647 8.857 9.137 9.487 9.906 10.395 10.952 11.580 12.287 13.041 13.699 14.296 14.833 15.308 15.723 16.077 16.370 16.602 16.773 16.883 16.848 16.123 15.399 14.675 13.952 13.228 12.505 11.783 11.061 10.339 9.617 8.896 8.264 8.243 8.225 8.210 8.198 8.188 8.181 8.177 8.175 8.177 8.180 8.187 8.208 8.305 8.403 8.502 8.601 8.701 8.802 8.903 9.006 9.108 9.212 9.316 9.357 9.039 8.725 8.417 8.113
8.076 8.123 8.153 8.167 8.165 8.148 8.114 8.064 8.008 8.184 8.430 8.745 9.129 9.582 10.105 10.698 11.359 12.090 12.891 13.761 14.700 15.192 15.578 15.902 16.166 16.369 16.512 16.593 16.614 16.574 16.473 16.312 16.090 15.370 14.647 13.925 13.203 12.481 11.759 11.038 10.318 9.597 8.877 8.157 7.444 7.436 7.430 7.427 7.427 7.430 7.435 7.443 7.454 7.467 7.483 7.502 7.525 7.626 7.727 7.829 7.931 8.035 8.139 8.244 8.349 8.455 8.562 8.670 8.824 8.660 8.505 8.360 8.224
8.023 8.013 7.988 7.946 7.888 7.814 7.725 7.619 7.497 7.874 8.362 8.920 9.547 10.243 11.008 11.843 12.748 13.721 14.764 15.876 17.058 17.408 17.521 17.574 17.566 17.497 17.367 17.177 16.926 16.614 16.241 15.808 15.314 14.617 13.896 13.175 12.454 11.734 11.014 10.295 9.575 8.856 8.138 7.420 6.702 6.627 6.633 6.643 6.655 6.670 6.687 6.707 6.730 6.755 6.784 6.815 6.848 6.946 7.050 7.221 7.454 7.688 7.924 8.160 8.398 8.637 8.877 9.118 9.360 9.265 9.152 9.050 8.957
7.985 7.919 7.838 7.740 7.626 7.496 7.351 7.189 7.012 7.500 8.231 9.031 9.900 10.839 11.847 12.924 14.071 15.287 16.572 17.926 19.350 19.690 19.531 19.312 19.032 18.691 18.289 17.827 17.305 16.721 16.077 15.372 14.607 13.866 13.146 12.426 11.707 10.988 10.270 9.552 8.834 8.117 7.399 6.683 5.966 5.816 5.835 5.856 5.881 5.908 6.042 6.248 6.437 6.607 6.760 6.895 7.012 7.220 7.456 7.693 7.932 8.171 8.412 8.653 8.896 9.140 9.385 9.631 9.878 9.859 9.790 9.730 9.679
7.962 7.840 7.703 7.549 7.379 7.194 6.992 6.775 6.541 7.062 8.036 9.078 10.190 11.371 12.621 13.941 15.329 16.787 18.314 19.910 21.576 22.037 21.606 21.115 20.563 19.951 19.278 18.545 17.750 16.896 15.980 15.004 13.968 13.115 12.397 11.679 10.961 10.243 9.526 8.810 8.093 7.497 7.005 6.543 6.109 6.117 6.333 6.531 6.711 6.873 7.018 7.144 7.253 7.344 7.417 7.472 7.509 7.681 7.922 8.164 8.407 8.652 8.897 9.144 9.392 9.641 9.891 10.142 10.394 10.443 10.416 10.399 10.391
7.954 7.776 7.583 7.373 7.148 6.907 6.649 6.376 6.087 6.562 7.777 9.062 10.416 11.839 13.331 14.893 16.523 18.223 19.991 21.829 23.736 24.449 23.747 22.985 22.161 21.278 20.334 19.329 18.263 17.137 15.951 14.704 13.429 12.502 11.906 11.340 10.803 10.295 9.816 9.367 8.947 8.556 8.194 7.862 7.559 7.509 7.645 7.763 7.863 7.946 8.010 8.057 8.086 8.098 8.091 8.067 8.024 8.140 8.386 8.633 8.881 9.131 9.381 9.633 9.886 10.140 10.395 10.651 10.909 11.017 11.033 11.058 11.092
7.961 7.728 7.478 7.213 6.932 6.634 6.321 5.992 5.647 5.998 7.455 8.982 10.578 12.243 13.977 15.780 17.652 19.593 21.604 23.683 25.831 26.927 25.953 24.629 23.211 21.834 20.497 19.201 17.945 16.729 15.554 14.419 13.325 12.485 12.019 11.584 11.177 10.799 10.451 10.132 9.842 9.582 9.350 9.148 8.975 8.917 8.973 9.012 9.033 9.036 9.021 8.988 8.937 8.869 8.783 8.679 8.557 8.596 8.848 9.100 9.353 9.608 9.863 10.120 10.378 10.637 10.897 11.158 11.421 11.581 11.638 11.706 11.783
7.983 7.694 7.389 7.068 6.731 6.378 6.009 5.624 5.223 5.371 7.070 8.839 10.676 12.583 14.558 16.554 18.336 20.038 21.660 23.201 24.661 25.455 24.137 22.859 21.622 20.425 19.268 18.152 17.076 16.041 15.046 14.091 13.176 12.436 12.101 11.795 11.519 11.271 11.053 10.864 10.705 10.574 10.473 10.401 10.358 10.342 10.319 10.278 10.219 10.143 10.048 9.936 9.806 9.658 9.493 9.309 9.108 9.051 9.308 9.565 9.823 10.083 10.343 10.605 10.868 11.132 11.397 11.664 11.931 12.134 12.234 12.344 12.463
8.020 7.675 7.314 6.938 6.545 6.136 5.712 5.271 4.885 4.968 6.954 8.859 10.683 12.427 14.090 15.672 17.174 18.595 19.936 21.196 22.375 23.282 22.144 21.047 19.990 18.973 17.996 17.060 16.164 15.309 14.494 13.719 12.984 12.354 12.150 11.974 11.828 11.711 11.623 11.564 11.535 11.535 11.563 11.621 11.709 11.785 11.682 11.561 11.423 11.267 11.093 10.901 10.692 10.465 10.220 9.957 9.676 9.505 9.766 10.028 10.291 10.556 10.822 11.088 11.356 11.625 11.896 12.167 12.439 12.677 12.819 12.971 13.133
8.072 7.729 7.461 7.201 6.949 6.706 6.472 6.247 6.030 5.846 7.551 9.174 10.718 12.181 13.563 14.865 16.086 17.226 18.287 19.266 20.165 21.023 20.110 19.192 18.315 17.478 16.681 15.925 15.209 14.533 13.898 13.303 12.748 12.241 12.167 12.122 12.105 12.118 12.160 12.232 12.332 12.462 12.621 12.809 13.026 13.244 13.062 12.862 12.644 12.408 12.155 11.884 11.595 11.289 10.964 10.622 10.262 9.956 10.222 10.489 10.758 11.027 11.298 11.570 11.843 12.117 12.392 12.668 12.946 13.209 13.394 13.589 13.793
8.903 8.655 8.417 8.187 7.965 7.752 7.548 7.352 7.165 6.987 8.220 9.563 10.826 12.008 13.110 14.131 15.072 15.932 16.712 17.411 18.030 18.607 18.032 17.295 16.597 15.940 15.323 14.747 14.210 13.714 13.258 12.843 12.468 12.132 12.152 12.237 12.351 12.493 12.666 12.867 13.097 13.357 13.645 13.963 14.310 14.686 14.459 14.179 13.882 13.567 13.234 12.884 12.516 12.130 11.726 11.305 10.866 10.409 10.676 10.949 11.222 11.497 11.773 12.049 12.327 12.606 12.887 13.168 13.408 13.588 13.717 13.855 14.003
9.790 9.572 9.363 9.163 8.972 8.789 8.614 8.449 8.291 8.143 8.962 10.024 11.007 11.908 12.730 13.471 14.131 14.712 15.212 15.631 15.970 16.265 15.913 15.355 14.837 14.360 13.922 13.525 13.169 12.852 12.576 12.339 12.144 11.988 12.105 12.320 12.564 12.836 13.138 13.469 13.829 14.219 14.637 15.085 15.561 16.067 15.872 15.514 15.137 14.743 14.331 13.901 13.454 12.989 12.506 12.005 11.487 10.951 11.129 11.389 11.623 11.845 12.057 12.257 12.446 12.624 12.791 12.947 13.092 13.225 13.392 13.570 13.758
10.667 10.480 10.301 10.131 9.969 9.816 9.671 9.535 9.408 9.289 9.776 10.559 11.260 11.882 12.423 12.884 13.265 13.565 13.785 13.925 13.985 13.998 13.751 13.373 13.034 12.736 12.479 12.261 12.084 11.946 11.849 11.792 11.776 11.799 12.027 12.371 12.745 13.147 13.579 14.039 14.529 15.048 15.596 16.173 16.779 17.415 17.303 16.865 16.409 15.936 15.344 14.666 14.020 13.407 12.827 12.280 11.766 11.284 11.333 11.529 11.713 11.886 12.048 12.199 12.339 12.468 12.585 12.692 12.788 12.872 13.058 13.277 13.504
11.536 11.378 11.229 11.088 10.957 10.833 10.719 10.613 10.515 10.426 10.663 11.165 11.587 11.929 12.190 12.372 12.472 12.493 12.434 12.294 12.074 11.806 11.547 11.348 11.189 11.070 10.992 10.954 10.955 10.997 11.080 11.202 11.364 11.567 11.916 12.390 12.894 13.426 13.987 14.577 15.197 15.719 16.121 16.518 16.909 17.294 17.040 16.376 15.745 15.147 14.582 14.049 13.549 13.082 12.648 12.246 11.877 11.541 11.533 11.679 11.814 11.938 12.051 12.152 12.243 12.323 12.391 12.448 12.495 12.530 12.716 12.974 13.242
12.395 12.267 12.148 12.037 11.935 11.842 11.757 11.680 11.613 11.554 11.622 11.844 11.987 12.049 12.030 11.932 11.754 11.495 11.156 10.737 10.238 9.689 9.301 9.281 9.301 9.362 9.462 9.603 9.784 10.005 10.266 10.568 10.868 11.133 11.456 11.873 12.284 12.690 13.090 13.484 13.873 14.256 14.633 15.005 15.371 15.732 15.661 15.143 14.658 14.206 13.786 13.399 13.045 12.723 12.434 12.178 11.955 11.764 11.744 11.841 11.926 12.001 12.065 12.117 12.158 12.189 12.208 12.216 12.213 12.199 12.365 12.664 12.971
13.245 13.147 13.057 12.976 12.904 12.840 12.785 12.739 12.701 12.672 12.653 12.596 12.459 12.241 11.944 11.566 11.108 10.570 9.952 9.254 8.476 7.647 7.012 7.261 7.579 7.885 8.179 8.462 8.733 8.993 9.241 9.477 9.702 9.915 10.174 10.566 10.953 11.334 11.709 12.078 12.442 12.801 13.153 13.501 13.842 14.178 14.250 13.877 13.538 13.231 12.957 12.715 12.507 12.330 12.187 12.077 11.999 11.953 11.966 12.013 12.050 12.075 12.090 12.093 12.085 12.066 12.036 11.995 11.943 11.880 12.006 12.344 12.692
14.085 14.017 13.957 13.906 13.864 13.830 13.805 13.788 13.780 13.780 13.757 13.420 13.003 12.507 11.930 11.266 10.485 9.722 8.977 8.251 7.543 6.860 6.296 6.573 6.840 7.094 7.337 7.568 7.788 7.996 8.192 8.377 8.550 8.712 8.900 9.267 9.629 9.985 10.336 10.680 11.020 11.353 11.681 12.004 12.321 12.632 12.806 12.579 12.385 12.223 12.094 11.998 11.935 11.904 11.906 11.941 12.008 12.109 12.199 12.197 12.184 12.161 12.126 12.080 12.023 11.955 11.876 11.786 11.685 11.573 11.638 12.016 12.404
14.917 14.878 14.848 14.827 14.814 14.810 14.815 14.828 14.791 14.475 14.163 13.366 12.575 11.803 11.049 10.313 9.595 8.896 8.215 7.552 6.907 6.288 5.693 5.900 6.114 6.317 6.508 6.688 6.856 7.013 7.158 7.291 7.412 7.522 7.633 7.976 8.313 8.644 8.970 9.290 9.605 9.914 10.217 10.515 10.807 11.094 11.329 11.247 11.199 11.183 11.199 11.248 11.330 11.445 11.592 11.772 11.985 12.230 12.443 12.392 12.330 12.257 12.173 12.078 11.972 11.855 11.727 11.588 11.438 11.277 11.261 11.680 12.107
15.739 15.642 15.317 14.995 14.676 14.359 14.046 13.735 13.427 13.122 12.820 12.143 11.416 10.708 10.017 9.345 8.690 8.054 7.437 6.837 6.256 5.701 5.170 5.240 5.403 5.554 5.694 5.822 5.939 6.044 6.137 6.219 6.289 6.348 6.395 6.692 7.005 7.311 7.613 7.908 8.198 8.482 8.761 9.034 9.302 9.564 9.819 9.883 9.980 10.109 10.271 10.465 10.692 10.952 11.244 11.569 11.927 12.317 12.698 12.598 12.487 12.365 12.232 12.088 11.933 11.767 11.590 11.402 11.202 10.992 10.876 11.335 11.802
14.525 14.208 13.893 13.581 13.272 12.966 12.662 12.361 12.063 11.768 11.476 10.906 10.243 9.597 8.970 8.361 7.770 7.198 6.644 6.107 5.589 5.098 4.631 4.594 4.706 4.805 4.894 4.970 5.036 5.089 5.131 5.161 5.180 5.187 5.183 5.417 5.704 5.986 6.263 6.534 6.799 7.059 7.313 7.561 7.804 8.042 8.273 8.486 8.728 9.002 9.309 9.649 10.021 10.425 10.863 11.333 11.835 12.371 12.938 12.815 12.655 12.484 12.302 12.109 11.905 11.690 11.464 11.226 10.978 10.948 11.286 12.499 13.847
13.081 12.773 12.468 12.166 11.867 11.571 11.277 10.987 10.699 10.414 10.132 9.654 9.054 8.472 7.908 7.363 6.836 6.326 5.835 5.362 4.908 4.480 4.077 3.962 4.022 4.071 4.107 4.133 4.146 4.149 4.139 4.118 4.085 4.041 3.985 4.149 4.412 4.669 4.921 5.167 5.408 5.643 5.873 6.096 6.315 6.527 6.734 7.056 7.443 7.862 8.314 8.799 9.316 9.866 10.448 11.063 11.710 12.390 13.103 13.043 12.967 13.107 13.282 13.492 13.737 14.017 14.333 14.684 15.070 15.491 15.947 17.670 19.611
11.635 11.338 11.043 10.751 10.462 10.176 9.892 9.611 9.334 9.059 8.786 8.388 7.851 7.332 6.832 6.350 5.885 5.440 5.012 4.602 4.211 3.847 3.508 3.344 3.353 3.350 3.335 3.309 3.271 3.222 3.161 3.089 3.005 2.909 2.802 2.888 3.127 3.360 3.587 3.809 4.025 4.235 4.440 4.639 4.833 5.021 5.204 5.594 6.126 6.690 7.287 8.029 8.978 9.958 10.970 12.014 13.090 14.197 15.336 15.810 16.070 16.366 16.696 17.061 17.462 17.898 18.368 18.874 19.416 19.992 20.603 22.700 25.235
10.189 9.902 9.617 9.335 9.056 8.780 8.506 8.236 7.968 7.703 7.440 7.106 6.633 6.177 5.740 5.321 4.920 4.538 4.173 3.827 3.499 3.198 2.923 2.740 2.697 2.643 2.577 2.499 2.410 2.310 2.197 2.074 1.938 1.791 1.633 1.636 1.850 2.058 2.260 2.458 2.649 2.835 3.141 3.630 4.097 4.542 4.966 5.655 6.618 7.612 8.638 9.696 10.785 11.906 13.059 14.243 15.459 16.707 17.986 18.718 19.134 19.584 20.070 20.591 21.146 21.737 22.363 23.024 23.721 24.452 25.218 27.591 30.718
8.743 8.465 8.190 7.918 7.649 7.383 7.119 6.859 6.601 6.346 6.094 5.810 5.399 5.007 4.633 4.278 3.940 3.621 3.319 3.036 2.771 2.534 2.323 2.149 2.055 1.949 1.832 1.703 1.563 1.411 1.248 1.073 0.886 0.823 0.994 1.305 1.850 2.374 2.875 3.355 3.812 4.248 4.662 5.053 5.423 5.771 6.097 6.725 7.829 8.963 10.130 11.328 12.557 13.819 15.112 16.436 17.792 19.180 20.600 21.587 22.157 22.763 23.404 24.080 24.790 25.536 26.318 27.134 27.985 28.871 29.793 32.342 36.062
7.295 7.028 6.763 6.501 6.242 5.986 5.732 5.481 5.234 4.988 4.746 4.498 4.151 3.822 3.512 3.219 2.945 2.689 2.450 2.230 2.028 1.855 1.707 1.572 1.492 1.531 1.598 1.695 1.820 1.974 2.157 2.369 2.610 2.879 3.178 3.529 3.977 4.403 4.807 5.189 5.549 5.888 6.204 6.499 6.771 7.022 7.251 7.760 9.004 10.279 11.586 12.924 14.294 15.695 17.129 18.593 20.090 21.618 23.177 24.415 25.141 25.902 26.697 27.528 28.394 29.295 30.231 31.202 32.208 33.250 34.326 36.953 41.265
5.847 5.590 5.335 5.083 4.834 4.587 4.344 4.103 3.865 3.630 3.398 3.168 2.888 2.623 2.375 2.146 1.967 2.009 2.052 2.096 2.141 2.177 2.202 2.227 2.363 2.530 2.725 2.950 3.203 3.485 3.796 4.135 4.504 4.901 5.327 5.774 6.125 6.453 6.760 7.045 7.308 7.549 7.768 7.965 8.141 8.294 8.426 8.760 10.144 11.559 13.006 14.485 15.995 17.536 19.110 20.715 22.351 24.019 25.719 27.204 28.085 29.000 29.951 30.937 31.958 33.014 34.104 35.230 36.391 37.587 38.818 41.425 46.329
4.399 4.151 3.906 3.664 3.425 3.189 2.955 2.724 2.496 2.332 2.396 2.463 2.508 2.549 2.592 2.635 2.680 2.726 2.773 2.821 2.870 2.909 2.938 2.968 3.200 3.495 3.818 4.170 4.551 4.961 5.400 5.867 6.363 6.889 7.442 8.025 8.293 8.525 8.734 8.922 9.087 9.231 9.353 9.453 9.531 9.588 9.622 9.725 11.249 12.804 14.391 16.010 17.660 19.342 21.055 22.800 24.577 26.385 28.224 29.953 30.988 32.059 33.165 34.305 35.481 36.692 37.937 39.218 40.533 41.884 43.270 45.757 51.252
2.949 2.712 2.562 2.618 2.676 2.737 2.800 2.865 2.933 3.003 3.075 3.150 3.204 3.249 3.295 3.343 3.391 3.441 3.491 3.543 3.596 3.639 3.672 3.706 4.004 4.426 4.878 5.357 5.866 6.404 6.970 7.565 8.189 8.842 9.523 10.233 10.483 10.617 10.729 10.820 10.888 10.935 10.960 10.963 10.944 10.903 10.841 10.756 12.318 14.014 15.741 17.500 19.290 21.112 22.965 24.850 26.766 28.714 30.694 32.662 33.853 35.078 36.338 37.634 38.964 40.329 41.730 43.165 44.635 46.140 47.680 49.951 56.037
3.053 3.112 3.174 3.238 3.304 3.373 3.444 3.517 3.593 3.671 3.751 3.833 3.898 3.947 3.997 4.048 4.100 4.154 4.208 4.264 4.321 4.368 4.405 4.442 4.774 5.324 5.903 6.511 7.147 7.812 8.506 9.229 9.980 10.761 11.570 12.407 12.693 12.730 12.745 12.739 12.710 12.660 12.588 12.494 12.378 12.240 12.081 11.899 13.353 15.189 17.056 18.954 20.885 22.846 24.839 26.864 28.920 31.008 33.127 35.278 36.677 38.057 39.472 40.922 42.407 43.927 45.482 47.071 48.696 50.356 52.051 53.619 59.084
3.646 3.713 3.783 3.855 3.929 4.006 4.085 4.166 4.249 4.335 4.424 4.514 4.589 4.642 4.696 4.751 4.807 4.865 4.923 4.983 5.044 5.094 5.135 5.177 5.511 6.189 6.895 7.631 8.394 9.187 10.009 10.859 11.738 12.645 13.582 14.547 14.925 14.865 14.783 14.679 14.554 14.406 14.237 14.046 13.833 13.599 13.342 13.064 14.353 16.328 18.335 20.374 22.444 24.545 26.678 28.842 31.038 33.266 35.524 37.815 39.462 40.997 42.409 43.467 44.444 45.338 46.151 46.880 47.528 48.093 48.577 48.977 53.435
4.235 4.311 4.388 4.468 4.551 4.635 4.722 4.812 4.903 4.997 5.093 5.192 5.279 5.336 5.394 5.453 5.513 5.574 5.636 5.700 5.764 5.819 5.864 5.909 6.215 7.020 7.854 8.717 9.608 10.528 11.477 12.454 13.461 14.496 15.560 16.652 17.177 17.020 16.841 16.641 16.418 16.174 15.908 15.620 15.310 14.979 14.625 14.250 15.318 17.433 19.580 21.758 23.967 26.323 28.839 31.168 33.311 35.267 37.036 38.619 39.705 40.565 41.343 42.039 42.653 43.184 43.634 44.001 44.286 44.488 44.609 44.647 47.955
