DATA/SHG/ECMWF/20170628/EN-16/20170628.en-16.asc
ncols        190
nrows        64
xllcorner    -5100000.000000000000
yllcorner    4130000.000000000000
cellsize     10000.000000000000
NODATA_value  -99999.000
[rows 32 to 63 of 64, columns 0 to 73 of 190]
9.622 9.506 9.253 8.972 8.676 8.364 8.037 7.694 7.336 6.962 6.573 6.168 5.748 5.312 5.293 5.265 5.204 5.111 4.985 4.825 4.634 4.409 4.151 3.861 3.538 3.182 3.059 2.952 2.855 2.769 2.694 2.630 2.577 2.534 2.503 2.483 2.473 2.474 2.433 2.389 2.340 2.288 2.232 2.173 2.110 2.043 1.972 1.974 2.002 2.033 2.230 2.408 2.565 2.703 2.820 2.917 2.994 3.051 3.087 3.104 3.100 3.077 3.052 3.025 2.996 2.964 2.930 2.895 2.856 2.816 2.774 2.729 2.683 2.687
11.400 11.208 10.914 10.579 10.228 9.862 9.480 9.082 8.669 8.241 7.797 7.338 6.863 6.372 6.181 6.038 5.862 5.654 5.413 5.140 4.833 4.494 4.121 3.716 3.279 2.808 2.662 2.592 2.533 2.486 2.449 2.423 2.408 2.404 2.411 2.428 2.457 2.497 2.455 2.397 2.437 2.495 2.543 2.584 2.616 2.640 2.656 2.663 2.663 2.653 2.768 2.876 2.963 3.030 3.077 3.104 3.111 3.098 3.065 3.011 2.937 2.844 2.808 2.773 2.736 2.697 2.656 2.613 2.567 2.520 2.470 2.418 2.364 2.307
13.199 12.930 12.590 12.200 11.795 11.374 10.937 10.485 10.018 9.535 9.036 8.522 7.993 7.448 7.102 6.845 6.555 6.232 5.876 5.488 5.067 4.613 4.126 3.607 3.054 2.469 2.253 2.222 2.201 2.192 2.193 2.205 2.228 2.451 2.668 2.863 3.034 3.183 3.257 3.301 3.338 3.366 3.386 3.397 3.401 3.396 3.382 3.361 3.331 3.293 3.326 3.363 3.380 3.378 3.355 3.311 3.248 3.165 3.062 2.938 2.794 2.631 2.566 2.524 2.480 2.433 2.384 2.334 2.281 2.225 2.168 2.109 2.047 1.983
15.019 14.675 14.281 13.836 13.376 12.901 12.410 11.903 11.381 10.844 10.291 9.722 9.138 8.539 8.058 7.686 7.282 6.844 6.374 5.871 5.335 4.767 4.165 3.531 2.865 2.179 2.173 2.471 2.745 2.997 3.226 3.432 3.615 3.775 3.913 4.027 4.119 4.188 4.222 4.238 4.245 4.244 4.235 4.218 4.192 4.158 4.116 4.065 4.006 3.939 3.902 3.870 3.817 3.744 3.651 3.538 3.405 3.251 3.078 2.885 2.671 2.437 2.327 2.277 2.225 2.171 2.115 2.057 1.996 1.934 1.869 1.802 1.733 1.661
16.861 16.441 15.987 15.488 14.973 14.443 13.898 13.336 12.760 12.168 11.560 10.938 10.299 9.645 9.048 8.562 8.042 7.490 6.910 6.369 5.875 5.428 5.030 4.678 4.375 4.119 4.080 4.297 4.492 4.664 4.813 4.939 5.042 5.122 5.179 5.214 5.226 5.214 5.195 5.182 5.160 5.130 5.092 5.046 4.991 4.928 4.857 4.777 4.689 4.593 4.498 4.395 4.273 4.130 3.967 3.784 3.581 3.358 3.114 2.851 2.568 2.264 2.090 2.033 1.973 1.912 1.848 1.782 1.714 1.644 1.572 1.497 1.421 1.342
18.725 18.228 17.708 17.154 16.585 16.000 15.400 14.785 14.154 13.507 12.845 12.098 11.213 10.375 9.618 9.052 8.533 8.062 7.639 7.263 6.934 6.654 6.421 6.235 6.097 6.006 6.008 6.145 6.260 6.352 6.421 6.467 6.490 6.490 6.468 6.423 6.354 6.263 6.175 6.133 6.082 6.023 5.956 5.881 5.797 5.705 5.605 5.496 5.380 5.255 5.113 4.940 4.748 4.535 4.302 4.049 3.776 3.483 3.170 2.837 2.484 2.110 1.855 1.790 1.724 1.655 1.584 1.510 1.435 1.357 1.278 1.196 1.112 1.025
20.610 20.038 19.444 18.835 18.013 16.965 15.963 15.007 14.098 13.236 12.420 11.651 10.929 10.253 9.632 9.231 8.879 8.573 8.315 8.105 7.943 7.827 7.760 7.740 7.767 7.842 7.957 8.015 8.049 8.061 8.050 8.017 7.960 7.881 7.778 7.653 7.505 7.334 7.162 7.091 7.012 6.924 6.828 6.723 6.611 6.490 6.361 6.223 6.077 5.923 5.747 5.505 5.242 4.959 4.657 4.334 3.991 3.628 3.245 2.842 2.419 1.976 1.623 1.551 1.477 1.400 1.322 1.241 1.158 1.073 1.229 1.590 2.003 2.468
20.580 19.445 18.313 17.312 16.379 15.493 14.654 13.861 13.115 12.415 11.762 11.155 10.595 10.081 9.614 9.360 9.173 9.033 8.941 8.896 8.899 8.949 9.047 9.192 9.385 9.626 9.913 9.906 9.860 9.792 9.702 9.588 9.452 9.292 9.110 8.905 8.678 8.427 8.157 8.057 7.948 7.831 7.706 7.573 7.431 7.282 7.124 6.957 6.783 6.600 6.400 6.088 5.755 5.403 5.030 4.638 4.225 3.793 3.340 2.867 2.375 1.862 1.393 1.458 1.635 1.865 2.147 2.480 2.866 3.303 3.792 4.333 4.926 5.571
18.624 17.499 16.376 15.467 14.697 13.973 13.296 12.666 12.082 11.544 11.054 10.609 10.211 9.860 9.555 9.438 9.416 9.442 9.515 9.636 9.804 10.020 10.283 10.593 10.952 11.357 11.810 11.818 11.693 11.545 11.375 11.181 10.965 10.726 10.464 10.180 9.872 9.542 9.189 9.029 8.892 8.746 8.592 8.430 8.260 8.081 7.894 7.699 7.495 7.283 7.063 6.690 6.288 5.866 5.424 4.961 4.487 4.046 3.643 3.277 2.948 2.657 2.405 2.711 3.068 3.478 3.939 4.452 5.018 5.634 6.303 7.024 7.796 8.621
16.669 15.552 14.439 13.573 12.966 12.404 11.890 11.422 11.000 10.625 10.296 10.014 9.779 9.589 9.447 9.465 9.609 9.800 10.038 10.324 10.658 11.039 11.467 11.943 12.466 13.037 13.655 13.751 13.547 13.319 13.069 12.796 12.500 12.181 11.840 11.476 11.089 10.679 10.246 10.009 9.843 9.668 9.485 9.294 9.095 8.887 8.671 8.447 8.215 7.830 7.428 6.924 6.426 5.965 5.541 5.155 4.807 4.496 4.222 3.986 3.787 3.626 3.503 3.912 4.449 5.039 5.680 6.373 7.117 7.914 8.762 9.662 10.614 11.618
14.714 13.606 12.501 11.631 11.186 10.787 10.435 10.129 9.869 9.657 9.490 9.370 9.296 9.269 9.289 9.441 9.750 10.107 10.510 10.962 11.460 12.006 12.599 13.240 13.928 14.664 15.447 15.706 15.422 15.115 14.785 14.432 14.057 13.658 13.237 12.794 12.327 11.838 11.325 10.996 10.801 10.598 10.159 9.714 9.281 8.860 8.452 8.056 7.672 7.300 6.940 6.557 6.188 5.857 5.564 5.308 5.089 4.908 4.764 4.658 4.589 4.558 4.564 5.062 5.779 6.548 7.368 8.241 9.165 10.141 11.168 12.248 13.379 14.562
12.758 11.660 10.564 9.641 9.358 9.121 8.931 8.787 8.690 8.639 8.634 8.676 8.765 8.900 9.081 9.367 9.841 10.362 10.931 11.548 12.211 12.922 13.680 14.486 15.339 16.240 17.188 17.683 17.319 16.932 16.522 16.090 15.635 15.157 14.648 13.766 12.905 12.066 11.247 10.602 10.163 9.736 9.321 8.918 8.528 8.149 7.783 7.429 7.087 6.758 6.440 6.153 5.914 5.713 5.550 5.424 5.335 5.283 5.269 5.293 5.354 5.452 5.588 6.161 7.057 8.005 9.005 10.057 11.160 12.316 13.523 14.781 16.092 17.454
10.803 9.714 8.627 7.603 7.482 7.407 7.379 7.397 7.462 7.573 7.730 7.934 8.184 8.480 8.823 9.242 9.881 10.567 11.301 12.082 12.911 13.787 14.710 15.680 16.698 17.764 18.876 19.615 18.659 17.725 16.811 15.918 15.047 14.196 13.366 12.558 11.770 11.003 10.257 9.626 9.229 8.845 8.472 8.112 7.763 7.427 7.103 6.791 6.492 6.204 5.929 5.713 5.604 5.533 5.499 5.502 5.543 5.622 5.737 5.890 6.081 6.309 6.574 7.208 8.284 9.411 10.590 11.821 13.104 14.439 15.825 17.263 18.752 20.293
8.847 7.767 6.689 5.614 5.557 5.644 5.778 5.958 6.184 6.457 6.776 7.142 7.554 8.012 8.517 9.068 9.870 10.721 11.620 12.566 13.495 14.208 14.893 15.551 16.182 16.785 17.361 17.803 16.921 16.059 15.219 14.399 13.600 12.822 12.066 11.330 10.615 9.921 9.248 8.639 8.285 7.942 7.612 7.294 6.988 6.694 6.412 6.142 5.885 5.639 5.406 5.236 5.257 5.316 5.411 5.545 5.715 5.923 6.168 6.451 6.771 7.128 7.523 8.203 9.459 10.765 12.124 13.534 14.996 16.509 18.075 19.691 21.360 23.080
6.892 5.820 4.752 3.685 3.584 3.833 4.128 4.470 4.858 5.293 5.774 6.301 6.874 7.490 8.091 8.663 9.384 10.112 10.812 11.484 12.130 12.748 13.338 13.901 14.437 14.946 15.427 15.881 15.163 14.375 13.607 12.860 12.134 11.429 10.745 10.082 9.440 8.818 8.218 7.642 7.329 7.029 6.741 6.465 6.201 5.949 5.710 5.482 5.267 5.063 4.872 4.723 4.874 5.062 5.287 5.550 5.850 6.188 6.562 6.975 7.424 7.911 8.435 9.148 10.582 12.068 13.606 15.195 16.836 18.528 20.272 22.068 23.916 25.815
4.936 3.874 2.814 1.757 1.563 1.973 2.546 3.252 3.929 4.576 5.193 5.781 6.339 6.867 7.366 7.835 8.428 9.060 9.665 10.243 10.794 11.318 11.814 12.282 12.724 13.138 13.525 13.884 13.386 12.670 11.975 11.301 10.648 10.016 9.405 8.814 8.245 7.696 7.169 6.662 6.363 6.105 5.859 5.625 5.403 5.193 4.996 4.811 4.637 4.476 4.327 4.190 4.454 4.772 5.127 5.519 5.948 6.415 6.919 7.461 8.040 8.656 9.310 10.041 11.655 13.320 15.036 16.804 18.624 20.495 22.418 24.393 26.398 27.776
3.560 2.867 2.168 1.464 1.381 2.043 2.676 3.279 3.853 4.397 4.912 5.397 5.852 6.278 6.674 7.040 7.501 8.039 8.550 9.033 9.489 9.918 10.320 10.694 11.041 11.360 11.653 11.918 11.590 10.947 10.325 9.723 9.143 8.583 8.045 7.527 7.030 6.554 6.099 5.665 5.385 5.169 4.965 4.774 4.594 4.427 4.271 4.128 3.997 3.878 3.771 3.676 3.998 4.445 4.929 5.451 6.010 6.606 7.240 7.910 8.619 9.364 10.147 10.967 12.676 14.492 16.014 17.496 18.937 20.337 21.697 23.016 24.294 25.532
4.241 3.530 2.812 2.090 1.748 2.308 2.838 3.338 3.809 4.251 4.662 5.045 5.397 5.720 6.014 6.277 6.604 7.048 7.464 7.853 8.215 8.549 8.856 9.136 9.388 9.614 9.812 9.982 9.774 9.204 8.654 8.126 7.618 7.131 6.665 6.220 5.796 5.392 5.010 4.648 4.397 4.223 4.061 3.911 3.774 3.648 3.535 3.434 3.345 3.268 3.203 3.150 3.505 4.082 4.695 5.346 6.035 6.760 7.507 8.170 8.823 9.465 10.096 10.718 11.986 13.409 14.791 16.133 17.433 18.694 19.913 21.092 22.231 23.328
4.928 4.198 3.462 2.721 2.148 2.604 3.032 3.429 3.798 4.136 4.445 4.725 4.975 5.195 5.386 5.547 5.738 6.087 6.409 6.703 6.970 7.210 7.423 7.608 7.766 7.897 8.001 8.077 7.939 7.441 6.964 6.508 6.073 5.659 5.266 4.893 4.541 4.211 3.901 3.612 3.397 3.265 3.146 3.038 2.943 2.859 2.788 2.729 2.682 2.647 2.624 2.624 3.022 3.712 4.391 5.061 5.719 6.367 7.005 7.632 8.248 8.854 9.449 10.034 11.083 12.366 13.608 14.809 15.970 17.091 18.170 19.209 20.208 21.165
5.619 4.871 4.117 3.357 2.593 2.933 3.257 3.552 3.818 4.054 4.260 4.437 4.584 4.702 4.791 4.849 4.901 5.156 5.383 5.583 5.756 5.902 6.020 6.111 6.175 6.212 6.221 6.203 6.085 5.659 5.255 4.872 4.509 4.167 3.846 3.547 3.267 3.009 2.772 2.555 2.386 2.297 2.219 2.154 2.127 2.177 2.225 2.273 2.320 2.366 2.412 2.457 2.747 3.401 4.045 4.678 5.300 5.912 6.513 7.104 7.684 8.254 8.813 9.362 10.220 11.362 12.465 13.526 14.547 15.528 16.467 17.367 18.225 19.043
6.316 5.549 4.776 3.999 3.216 3.292 3.514 3.707 3.870 4.003 4.107 4.182 4.226 4.242 4.228 4.184 4.111 4.255 4.388 4.494 4.572 4.624 4.648 4.645 4.614 4.557 4.472 4.360 4.211 3.858 3.526 3.215 2.925 2.656 2.408 2.180 1.974 1.846 1.829 1.803 1.783 1.832 1.881 1.929 1.977 2.024 2.070 2.115 2.160 2.204 2.248 2.291 2.484 3.102 3.709 4.306 4.892 5.467 6.032 6.587 7.131 7.665 8.188 8.700 9.396 10.399 11.361 12.283 13.164 14.005 14.805 15.564 16.283 16.961
7.018 6.232 5.441 4.645 3.844 3.684 3.804 3.893 3.954 3.985 3.986 3.958 3.901 3.814 3.697 3.551 3.375 3.384 3.423 3.434 3.419 3.376 3.306 3.208 3.084 2.932 2.753 2.547 2.313 2.038 1.893 1.903 1.906 1.900 1.886 1.865 1.836 1.799 1.754 1.701 1.642 1.689 1.736 1.782 1.827 1.872 1.915 1.959 2.002 2.044 2.085 2.126 2.231 2.812 3.383 3.944 4.494 5.033 5.562 6.081 6.589 7.086 7.573 8.049 8.612 9.475 10.298 11.080 11.821 12.522 13.183 13.802 14.381 14.920
7.725 6.921 6.111 5.297 4.477 4.107 4.124 4.112 4.070 3.998 3.897 3.767 3.607 3.417 3.199 2.950 2.672 2.543 2.488 2.405 2.295 2.158 1.994 1.939 1.997 2.038 2.062 2.069 2.060 2.053 2.044 2.027 2.002 1.969 1.928 1.880 1.824 1.759 1.687 1.608 1.520 1.547 1.591 1.635 1.678 1.720 1.762 1.803 1.844 1.884 1.923 1.961 1.999 2.534 3.069 3.593 4.107 4.610 5.103 5.585 6.057 6.518 6.969 7.409 7.868 8.592 9.274 9.917 10.519 11.080 11.600 12.080 12.520 12.919
8.437 7.614 6.787 5.954 5.116 4.562 4.477 4.362 4.218 4.044 3.840 3.608 3.345 3.054 2.732 2.382 2.139 2.109 2.209 2.292 2.358 2.408 2.441 2.457 2.457 2.440 2.406 2.356 2.288 2.239 2.202 2.158 2.106 2.046 1.978 1.903 1.819 1.728 1.629 1.522 1.407 1.405 1.447 1.489 1.529 1.570 1.609 1.648 1.687 1.724 1.761 1.798 1.834 2.266 2.764 3.253 3.730 4.197 4.654 5.100 5.536 5.961 6.376 6.780 7.173 7.748 8.291 8.793 9.256 9.677 10.058 10.399 10.699 10.959
9.154 8.313 7.467 6.616 5.759 5.049 4.861 4.644 4.397 4.259 4.161 4.043 3.904 3.743 3.561 3.358 3.134 2.992 3.034 3.059 3.068 3.059 3.034 2.993 2.934 2.859 2.768 2.659 2.534 2.433 2.369 2.298 2.218 2.131 2.036 1.934 1.823 1.705 1.578 1.444 1.303 1.264 1.304 1.343 1.382 1.420 1.458 1.494 1.530 1.566 1.601 1.635 1.669 2.008 2.471 2.923 3.364 3.795 4.216 4.626 5.026 5.415 5.793 6.161 6.519 6.943 7.347 7.710 8.033 8.315 8.556 8.758 8.918 9.038
9.876 9.017 8.256 7.551 6.874 6.262 6.176 6.068 5.940 5.790 5.619 5.427 5.214 4.980 4.725 4.448 4.151 3.892 3.876 3.843 3.794 3.727 3.645 3.545 3.429 3.296 3.146 2.980 2.797 2.634 2.543 2.445 2.338 2.224 2.102 1.972 1.835 1.689 1.536 1.375 1.206 1.124 1.162 1.199 1.235 1.271 1.306 1.341 1.375 1.408 1.441 1.473 1.504 1.761 2.187 2.603 3.009 3.404 3.788 4.162 4.526 4.879 5.221 5.553 5.875 6.178 6.442 6.666 6.849 7.126 7.430 7.720 7.997 8.261
11.174 10.510 9.875 9.269 8.692 8.143 7.949 7.768 7.566 7.343 7.098 6.833 6.546 6.239 5.910 5.560 5.189 4.809 4.735 4.644 4.537 4.412 4.272 4.114 3.940 3.749 3.541 3.317 3.076 2.843 2.726 2.600 2.467 2.325 2.176 2.019 1.855 1.682 1.502 1.314 1.118 0.985 1.020 1.055 1.089 1.123 1.156 1.189 1.220 1.252 1.282 1.312 1.341 1.524 1.915 2.295 2.664 3.023 3.371 3.709 4.037 4.354 4.740 5.148 5.556 5.917 6.229 6.527 6.811 7.082 7.340 7.584 7.814 8.031
12.560 11.996 11.461 10.954 10.476 10.027 9.743 9.489 9.213 8.916 8.599 8.260 7.899 7.518 7.116 6.693 6.248 5.783 5.610 5.462 5.296 5.114 4.916 4.700 4.468 4.219 3.954 3.672 3.373 3.061 2.916 2.763 2.603 2.434 2.258 2.074 1.882 1.683 1.475 1.260 1.037 0.846 0.879 0.912 0.944 0.976 1.007 1.037 1.067 1.096 1.124 1.152 1.179 1.298 1.653 2.048 2.454 2.861 3.268 3.675 4.083 4.491 4.900 5.309 5.719 6.073 6.338 6.590 6.828 7.052 7.263 7.460 7.644 7.814
13.914 13.449 13.013 12.605 12.227 11.877 11.558 11.230 10.881 10.511 10.120 9.707 9.274 8.819 8.344 7.847 7.329 6.790 6.503 6.296 6.073 5.833 5.576 5.303 5.013 4.707 4.383 4.043 3.687 3.314 3.114 2.934 2.747 2.551 2.348 2.137 1.918 1.691 1.457 1.215 0.965 0.708 0.740 0.770 0.800 0.830 0.858 0.886 0.968 1.053 1.132 1.205 1.272 1.381 1.788 2.195 2.603 3.011 3.420 3.829 4.238 4.648 5.059 5.470 5.881 6.242 6.461 6.666 6.857 7.035 7.199 7.349 7.487 7.610
15.234 14.869 14.532 14.224 13.944 13.694 13.395 12.993 12.571 12.127 11.662 11.176 10.669 10.141 9.592 9.022 8.431 7.819 7.412 7.147 6.866 6.568 6.254 5.923 5.575 5.211 4.830 4.432 4.018 3.587 3.320 3.113 2.898 2.676 2.446 2.208 1.962 1.708 1.447 1.177 0.900 0.689 0.752 0.851 0.945 1.032 1.114 1.190 1.261 1.325 1.384 1.437 1.483 1.525 1.933 2.341 2.751 3.161 3.571 3.982 4.393 4.805 5.217 5.630 6.043 6.424 6.596 6.754 6.899 7.030 7.148 7.252 7.342 7.419
16.521 16.255 16.017 15.809 15.628 15.477 15.252 14.777 14.281 13.764 13.226 12.666 12.086 11.485 10.863 10.219 9.555 8.869 8.337 8.015 7.676 7.321 6.948 6.560 6.154 5.732 5.293 4.838 4.366 3.877 3.534 3.300 3.058 2.809 2.565 2.332 2.109 1.897 1.696 1.505 1.325 1.156 1.170 1.250 1.323 1.391 1.452 1.508 1.558 1.603 1.641 1.674 1.701 1.722 2.076 2.487 2.898 3.310 3.722 4.134 4.547 4.960 5.374 5.789 6.203 6.619 6.744 6.855 6.954 7.038 7.109 7.167 7.211 7.241
17.776 17.608 17.470 17.360 17.279 17.227 17.130 16.581 16.012 15.422 14.810 14.178 13.524 12.850 12.154 11.437 10.699 9.941 9.280 8.900 8.503 8.090 7.660 7.213 6.750 6.270 5.772 5.212 4.650 4.085 3.657 3.418 3.189 2.972 2.764 2.568 2.382 2.206 2.042 1.888 1.744 1.611 1.595 1.654 1.707 1.754 1.796 1.832 1.862 1.886 1.904 1.917 1.923 1.924 2.219 2.632 3.044 3.458 3.871 4.286 4.700 5.115 5.531 5.947 6.363 6.780 6.904 6.969 7.021 7.059 7.084 7.095 7.092 7.076
