DATA/RAW-RASTER/ECMWF/20170628/EN-21/20170711.en-21.asc
ncols			31
nrows			16
xllcorner		69.5
yllcorner		19.5
cellsize		1.0
NODATA_value	-99999
2.44141 1.33514 9.60541 11.13129 7.45392 4.04358 5.22614 3.90625 2.27356 1.59454 5.97382 11.54327 13.54218 6.57654 3.47137 2.09808 2.05231 0.47302 0.28992 0.01526 0.00000 0.03052 0.33569 0.84686 1.93024 2.21252 1.28937 0.72479 0.38910 0.26703 0.58746
0.00763 1.60980 28.63312 22.38464 15.51819 6.92749 1.99127 5.26428 3.85284 1.81580 7.54547 9.06372 5.80597 1.38855 0.91553 0.99182 1.40381 0.54932 0.07629 0.04578 0.00000 0.03052 0.55695 1.11389 3.83759 2.18201 2.90680 1.36566 0.64850 1.15967 0.57983
0.50354 5.55420 15.60974 19.05823 36.46088 122.42126 17.25769 2.15149 1.75476 4.56238 17.15851 19.35577 8.40759 6.31714 3.12805 0.51880 0.32806 0.03052 0.19073 0.04578 0.03815 0.29755 0.59509 7.85065 1.35803 3.03650 0.87738 1.06049 2.12860 3.92151 2.03705
0.48828 1.91498 1.67847 3.56293 22.74323 26.97754 13.29803 42.47284 3.71552 6.21796 14.38141 3.05939 4.83704 9.14764 2.02942 0.88501 0.06866 0.02289 0.02289 0.00000 0.01526 0.29755 2.04468 1.68610 6.14929 1.80817 3.91388 4.61578 6.00433 4.49371 0.45776
0.09155 0.00000 0.10681 0.00000 2.50244 15.94543 5.26428 4.06647 6.23322 13.85498 6.32477 7.82013 4.98199 17.59338 6.79779 2.28119 1.51825 0.94604 0.18311 0.00763 0.68665 1.48010 2.26593 1.18256 1.16730 3.31879 5.21851 2.81525 4.71497 6.11115 4.71497
0.00000 0.00000 0.00000 0.00000 0.13733 7.11823 6.98090 5.66101 22.56775 9.73511 19.72961 17.86041 11.53564 10.00214 8.52966 14.39667 13.90076 1.01471 0.45013 1.65558 0.95367 2.08282 2.99072 1.73187 2.80762 4.13513 8.23975 5.07355 4.44031 7.15637 6.61469
0.00000 0.00000 0.00000 0.00000 0.00763 0.06866 5.43213 6.31714 62.29401 52.66571 155.41077 19.85168 6.87408 7.94220 5.77545 4.78363 2.34985 11.33728 1.67847 1.91498 3.37219 2.16675 1.62506 4.01306 5.98145 6.87408 3.15857 8.39996 7.17163 11.94763 18.99719
0.00000 0.00000 0.00000 0.00000 0.00000 0.00000 0.45013 2.89917 31.73065 68.20679 48.96545 25.42877 4.87518 6.06537 21.83533 8.01086 22.72797 0.67902 0.81635 1.70898 3.78418 10.64301 4.70734 17.26532 23.42224 10.98633 5.26428 21.45386 11.51276 13.67188 15.64026
0.00000 0.00000 0.00763 0.03052 0.03815 0.03052 0.00763 6.50024 11.22284 50.16327 34.35516 61.58447 114.18152 12.73346 19.88220 54.55017 4.10461 10.28442 9.08661 5.08881 3.71552 6.05011 10.21576 4.17328 9.12476 9.23920 18.25714 23.87238 7.81250 17.47894 15.10620
0.22888 0.88501 1.03760 1.41144 1.51825 0.05341 0.03052 0.51880 6.12640 7.66754 12.75635 29.70886 55.28259 28.86963 7.24030 36.91864 54.58832 18.45551 22.33887 23.34595 17.82990 9.81903 7.91168 12.44354 10.35309 11.54327 22.37701 20.39337 18.04352 9.26208 27.99988
0.63324 1.05286 1.23596 1.86157 1.38092 0.46539 1.28937 2.34985 6.70624 4.02069 14.95361 17.14325 29.70123 118.10303 5.97382 34.38568 26.72577 11.39832 10.16998 7.01904 20.46204 26.39008 24.00970 23.75031 5.44739 19.34814 18.28003 28.93829 24.63531 14.90784 17.03644
0.67139 0.55695 1.72424 4.63104 2.41852 1.61743 0.83160 2.24304 6.91986 33.22601 16.21246 48.37799 22.35413 56.57196 4.29535 42.41180 59.45587 8.01086 8.15582 4.03595 1.70898 9.47571 4.24194 21.32416 29.55627 25.57373 29.29688 30.27344 7.74384 22.62115 34.01184
0.86212 0.63324 0.61035 0.64087 1.13678 0.86212 0.72479 1.05286 2.34222 11.66534 6.84357 6.75964 4.92096 3.27301 1.86157 33.09631 39.10065 6.49261 8.87299 5.78308 6.80542 2.34985 10.39886 16.60156 13.62610 10.25391 4.20380 26.81732 38.88702 13.23700 13.41248
1.49536 1.64032 0.16022 0.90790 3.12042 1.69373 0.77057 1.98364 5.99670 0.09918 3.09753 1.19781 1.16730 5.59998 18.94379 31.86035 12.13074 5.38635 10.17761 15.51056 14.27460 6.42395 5.72205 10.90240 1.19781 2.40326 3.63922 9.30023 33.59222 25.03967 17.50183
1.59454 3.02887 4.68445 3.19672 3.52478 1.71661 1.09100 0.62561 0.56458 2.47192 4.92859 1.98364 6.21033 26.49689 50.54474 43.69354 17.21191 11.84082 14.44244 13.35144 7.14111 4.45557 5.85175 8.56781 5.74493 0.63324 3.56293 1.75476 11.72638 25.36774 15.98358
1.00708 1.38855 2.73895 6.56128 1.10626 2.76184 1.57166 0.94604 2.49481 0.12970 0.47302 3.72314 9.41467 5.85938 11.74164 18.10455 13.63373 9.97162 16.22009 8.34656 4.80652 5.34058 8.94165 12.45117 7.23267 0.51117 4.84467 6.24084 5.14221 19.00482 6.77490
