DATA/RAW-RASTER/ECMWF/20170628/EN-21/20170629.en-21.asc
ncols			31
nrows			16
xllcorner		69.5
yllcorner		19.5
cellsize		1.0
NODATA_value	-99999
2.91634 19.86694 1.48010 0.56076 13.46016 19.28711 25.31052 24.29008 11.62720 1.78528 7.23076 14.07433 14.50729 10.98824 7.11823 8.22449 5.05257 7.30705 3.68690 4.61006 6.06346 4.20570 9.92393 2.66457 0.55122 0.30899 0.42343 0.26131 0.01144 0.05722 0.05913
0.53787 2.19727 0.16403 5.45502 24.26910 56.38123 40.15160 18.05496 15.50102 9.47762 5.47028 3.04604 2.52724 1.35994 4.11034 2.74467 1.98936 1.61743 1.34087 3.84521 5.40161 6.32858 6.12068 8.32748 6.31714 2.41089 1.93977 0.69427 0.92125 0.08011 0.03052
1.68419 1.08147 0.99373 9.68361 102.23007 112.69569 55.59731 30.18570 6.43539 1.46866 0.97656 0.56267 2.36511 1.30844 2.19536 0.68092 1.09100 0.31281 0.39291 0.57602 1.83487 9.32312 4.56238 6.12068 8.99887 13.18932 15.35034 0.87547 2.18773 1.73378 0.48065
2.38800 0.30899 2.83813 10.13374 118.97278 68.46809 26.87645 12.75635 17.66968 1.49536 1.11198 0.24414 1.25313 0.28610 0.49400 0.44441 0.18883 0.30327 0.32616 0.26703 0.67520 4.16565 2.37846 3.31306 2.23160 2.36320 25.00343 9.73892 11.77216 4.28772 3.46184
0.47874 1.84631 9.25636 7.79724 30.24101 127.58827 20.39528 3.34167 2.94685 3.80325 0.15259 0.32616 0.78392 0.87357 0.90218 0.22125 0.00000 0.05722 0.46730 0.68283 0.28610 5.30052 3.79372 4.18663 3.79753 7.59506 2.43759 21.78383 13.79776 3.99780 3.74985
0.63896 0.91553 1.04523 7.45964 14.12773 21.10863 20.49637 17.44270 7.17735 9.20677 4.08554 0.82397 0.18692 0.08202 0.15259 0.25177 0.29564 1.48773 2.76184 8.36182 6.12450 8.30078 6.90269 4.35066 6.87408 15.64789 2.34413 6.38962 16.14761 3.55148 1.62506
1.19781 14.42528 6.65283 13.49258 11.06071 5.72586 21.04759 8.02422 7.88879 1.16920 0.39291 2.38228 5.06592 0.38719 0.01907 0.35858 1.07193 2.83051 1.59454 6.17027 7.60078 8.30078 4.25911 5.57709 10.11658 19.13643 27.92549 8.11005 3.95393 5.98526 5.30815
3.70789 16.13045 22.58682 9.92584 13.33427 9.85146 27.71187 11.11794 13.73672 4.79126 1.02043 0.77057 0.66948 4.84657 4.83704 0.30327 4.28963 0.04196 0.06676 2.72560 2.27165 6.78635 5.37491 26.54648 66.31470 13.01384 4.45557 25.58708 18.30673 15.11383 12.48169
16.09039 15.62309 12.02011 19.13261 11.08360 5.71442 7.49969 6.46019 9.14192 14.49966 3.05557 0.84877 4.35829 0.80109 0.72479 0.79346 25.77209 1.64032 12.07733 46.05865 41.93497 17.73643 10.00977 65.39536 17.83752 5.25475 58.82454 100.49057 33.44154 8.46100 26.88599
8.33321 12.55035 16.20483 3.92342 1.18446 0.96512 1.78146 2.87437 4.31442 7.87926 13.67188 7.53403 3.30353 1.60789 1.07956 3.49998 1.79100 4.57573 4.49753 14.22119 84.47647 3.23105 5.57137 6.57654 2.57111 6.41823 87.77618 20.47539 70.13702 2.45094 4.08745
28.32985 23.31161 23.35358 10.63919 1.82533 0.87738 0.63896 0.61989 1.23405 6.76727 7.11060 16.27541 10.22339 7.16591 0.65994 4.73022 0.90790 1.19972 1.25504 2.60162 7.32613 40.33470 56.53000 2.01607 3.51334 4.73976 0.92316 8.76808 48.76518 15.45334 13.96561
44.02351 24.82986 33.52547 23.18192 10.79941 2.14958 0.71716 0.71907 3.07083 2.05040 4.75121 12.26044 5.65147 8.64792 4.47083 12.56943 0.93269 1.23978 1.83105 3.14522 7.62749 19.52362 11.83701 23.88573 9.38225 5.16701 0.80299 1.44005 8.53539 24.26338 9.94492
35.65407 25.31624 24.72115 8.15392 10.22911 5.72395 2.18391 0.87547 0.72479 1.08719 9.65500 4.80652 14.24408 6.33430 10.55908 4.41551 0.60463 0.80872 5.53894 2.07710 9.08089 51.80740 13.42773 26.67427 52.40059 2.13051 0.87166 1.93977 11.37352 60.09483 11.80840
19.77348 20.03288 17.74216 22.30453 11.98959 0.92888 6.37245 4.01688 4.35257 7.30324 14.91928 3.92532 8.97980 13.92555 2.23541 32.81021 1.74713 5.52368 1.01280 1.39999 2.15912 6.99425 12.59995 22.94922 5.80025 1.19781 0.56839 0.64659 4.24767 3.97682 3.47900
36.69167 21.83342 15.25879 28.50533 21.98601 0.85449 1.08337 6.38580 5.41687 3.03650 12.12120 9.27162 8.03757 1.08719 0.65041 1.11771 1.92261 2.03133 0.79536 1.70898 6.95610 10.76698 23.81325 22.13287 37.34398 1.25694 0.40245 0.51498 3.25775 2.76756 9.75990
18.81790 29.56390 33.23746 33.22792 11.05690 2.10381 1.80054 5.69725 2.13623 1.69373 5.24139 2.26402 2.28310 1.44958 3.41415 10.80704 8.52776 4.26483 2.70653 2.27928 3.89481 8.01468 17.68303 12.32910 168.37883 11.56998 2.01225 24.22714 0.96893 0.57411 2.48718
