DATA/RAW-RASTER/ECMWF/20170628/EN-21/20170710.en-21.asc
ncols			31
nrows			16
xllcorner		69.5
yllcorner		19.5
cellsize		1.0
NODATA_value	-99999
0.97656 3.57056 7.91931 3.36456 4.20380 5.92804 0.57220 0.16022 0.18311 1.35040 0.54932 0.66376 0.99182 0.83160 1.11389 0.18311 0.12970 0.03815 0.09155 0.57220 0.44250 0.57983 0.77820 0.64850 0.88501 0.35095 0.40436 0.13733 0.26703 0.17548 0.32043
0.01526 0.25940 35.83527 13.40485 3.51715 0.80872 0.18311 4.11224 0.36621 1.25122 2.07520 0.18311 1.07574 0.40436 0.06104 0.04578 0.03052 0.15259 0.19836 0.28229 0.19073 1.03760 0.57983 0.74005 1.44196 1.53351 1.76239 0.45776 0.11444 0.06866 1.02234
1.35803 8.10242 6.29425 18.25714 27.70996 5.35583 1.60217 0.12207 2.07520 2.38800 2.05231 0.80109 0.00000 0.00000 0.00000 0.00000 0.00000 0.03052 0.03052 0.17548 0.03052 0.08392 0.41962 0.25177 0.76294 0.74768 0.68665 1.04523 1.73187 1.96838 1.15967
0.25940 0.00000 0.03052 0.68665 8.25500 9.25446 8.01849 19.03534 1.10626 11.26099 3.63922 0.17548 0.00000 0.00000 0.00000 0.00000 0.00000 0.00000 0.00000 0.00763 0.00000 0.06866 0.09155 0.67902 0.70953 0.38147 3.41034 4.26483 1.49536 0.61035 0.03815
0.03815 0.00000 0.00763 0.00000 0.00763 0.96130 11.40594 10.45990 13.70239 8.33130 8.49915 2.73132 2.33459 0.72479 0.00000 0.00000 0.00000 0.00000 0.00000 0.00000 0.11444 0.00000 0.50354 0.77820 2.27356 5.30243 0.89264 0.38910 0.06104 0.21362 0.99182
1.99890 0.00000 0.00000 0.00000 0.00763 0.03052 3.02887 16.16669 66.28418 44.02161 58.09784 21.26312 9.98688 2.96783 1.34277 0.32806 0.19073 0.06866 0.21362 0.09918 0.34332 1.03760 2.33459 1.45721 2.00653 1.89209 2.38037 3.62396 4.21906 5.43976 2.28882
0.00000 0.00000 0.00000 0.00000 0.00000 0.00763 0.75531 1.38855 9.62067 75.68359 151.15356 171.91315 38.33771 14.59503 8.94165 5.60760 3.93677 2.95258 1.89209 0.94604 8.47626 9.90295 1.58691 7.40814 10.91003 12.11548 33.82111 22.65167 16.32690 7.82776 22.22443
0.00000 0.00000 0.00000 0.00000 0.00000 0.03815 0.12207 0.25177 1.35803 9.33075 39.86359 46.89789 79.39148 38.31482 51.69678 29.18243 28.80096 20.89691 13.80920 15.29694 17.93671 15.91492 6.43921 21.89636 22.59827 11.14655 29.35791 24.05548 8.58307 13.43536 21.78955
0.00000 0.00000 0.05341 0.28992 0.00000 0.00000 0.00763 0.00000 0.01526 0.14496 3.43323 9.36127 12.61139 33.67615 127.25830 116.62292 106.48346 109.44366 98.49548 124.22943 144.27185 30.75409 27.20642 12.19177 6.88934 4.22668 33.33282 9.31549 6.28662 2.33459 23.31543
0.09918 0.74768 0.79346 0.79346 0.22125 0.00763 0.00763 0.00763 0.00000 0.06104 1.21307 2.35748 10.22339 11.34491 33.34808 17.52472 29.76990 30.83038 42.29736 14.73999 15.27405 26.74103 23.60535 11.91711 1.96075 9.88007 6.34766 6.16455 0.91553 1.03760 15.39612
0.36621 0.64087 0.76294 1.03760 0.15259 0.37384 0.15259 0.83923 0.03052 0.03052 0.41199 2.05994 1.68610 30.69305 79.51355 15.14435 8.50677 54.87823 29.57153 25.76447 13.65662 10.38361 6.77490 0.41962 1.50299 6.51550 10.89478 7.36237 0.82397 0.73242 1.44958
0.23651 0.41199 1.15967 2.54822 0.80109 3.23486 0.24414 1.00708 0.03815 0.03815 0.01526 1.53351 26.66473 47.76001 89.67590 10.49042 17.55524 16.70837 35.21729 21.13342 5.85938 5.08881 3.40271 2.17438 15.61737 2.71606 2.73132 12.15363 1.55640 5.02014 1.57166
0.84686 0.42725 0.27466 1.38092 1.37329 1.28937 0.30518 0.68665 0.12207 0.18311 0.96893 7.52258 33.83636 19.84406 54.82483 63.07983 5.53894 22.64404 15.44952 6.06537 3.12042 2.22015 2.69318 3.29590 20.08057 0.80872 0.68665 10.59723 9.33838 19.48547 15.14435
1.36566 1.97601 0.14496 0.90790 2.44141 1.46484 0.61798 1.09100 0.76294 0.09918 0.68665 15.55634 5.51605 26.25275 9.31549 9.84955 23.78845 16.74652 17.36450 8.39233 5.49316 5.81360 9.72748 11.56616 7.02667 0.03052 0.04578 3.89862 6.50024 9.28497 4.75311
1.57928 2.44904 5.41687 2.83051 3.11279 0.87738 0.57983 0.03052 0.00000 0.00000 0.22888 12.38251 28.46527 65.18555 8.91113 6.96564 28.27454 19.35577 13.64899 7.55310 3.21960 4.29535 8.39996 15.89203 2.51770 0.25940 0.38910 5.23376 3.30353 14.39667 9.76562
1.43433 2.56348 2.61688 6.03485 1.25122 1.09100 0.30518 0.06104 0.00000 0.31281 0.14496 1.93024 12.02393 13.17596 3.38745 20.31708 66.17737 19.37103 8.69751 5.27954 3.92914 5.46265 8.62122 9.60541 20.79010 7.36237 1.51062 5.72205 4.54712 12.24518 13.81683
