DATA/RAW-RASTER/ECMWF/20170628/EN-21/20170712.en-21.asc
ncols			31
nrows			16
xllcorner		69.5
yllcorner		19.5
cellsize		1.0
NODATA_value	-99999
2.05994 14.42719 6.22559 23.31543 13.69476 11.52039 11.54327 6.62231 2.25067 0.95367 1.22833 1.36566 1.40381 3.41797 4.49371 6.17218 9.16290 9.39178 9.65118 2.92969 0.45776 0.17548 0.53406 0.47302 0.48828 0.41199 0.70190 0.48065 0.67139 0.32806 0.09155
0.94604 5.86700 7.59125 15.86914 7.27844 14.09912 10.84900 4.28009 5.93567 1.24359 3.28064 3.18909 3.31116 4.05121 6.98090 4.98199 8.39996 10.97107 9.73511 1.71661 0.22888 0.08392 0.15259 0.43488 0.81635 0.72479 1.28937 1.80817 3.90625 0.55695 0.77057
26.87836 40.87830 6.95038 11.70349 3.57819 51.07880 52.10114 10.61249 3.53241 0.84686 3.29590 2.42615 3.43323 6.89697 5.33295 5.49316 10.29968 9.52148 8.40759 1.05286 0.88501 0.49591 0.52643 0.32806 0.32043 0.51880 0.88501 0.63324 4.01306 8.19397 2.87628
42.93823 14.00757 3.79181 1.31226 2.39563 10.26154 9.49097 13.13019 8.25500 2.75421 11.31439 1.49536 2.96021 8.24738 11.66534 11.92474 7.40051 13.55743 7.02667 2.28119 0.27466 0.36621 0.92316 0.79346 0.45013 6.52313 2.00653 3.56293 2.83051 7.51495 11.27625
16.38794 10.53619 10.79559 3.93677 1.06049 5.09644 5.91278 23.76556 16.13617 11.98578 1.22833 4.10461 5.69916 2.17438 5.92804 7.01904 16.57104 7.11060 3.86047 1.79291 0.75531 1.43433 1.76239 3.41034 1.12915 1.51062 3.38745 9.07135 12.46643 7.92694 8.59070
8.32367 6.59180 4.94385 6.53076 0.32043 2.72369 6.23322 13.83972 10.11658 10.22339 3.60870 12.68768 5.69153 1.44196 20.02716 2.83051 1.54114 0.93842 2.74658 4.09698 4.70734 1.41907 1.88446 2.31171 5.02014 2.61688 1.74713 7.22504 10.40649 11.91711 8.55255
0.11444 0.03815 0.38147 0.91553 0.86212 0.45776 4.34113 34.55353 22.95685 8.38470 30.55573 15.32745 6.24084 6.72913 0.38910 1.75476 2.47192 1.35040 0.58746 2.52533 3.50952 14.69421 15.93018 2.02179 5.84412 5.22614 4.70734 6.59943 7.98798 3.50189 10.94055
0.00000 0.00000 0.00000 0.51880 0.35858 7.65228 7.19452 11.93237 67.48962 52.02484 18.76831 74.77570 36.43799 14.07623 5.26428 2.13623 12.36725 0.63324 1.01471 0.66376 2.84576 11.23810 3.25775 11.04736 6.66046 51.16272 5.36346 4.12750 9.50623 6.14166 20.67566
0.00000 0.03052 0.19073 0.03815 0.74005 2.06757 20.69855 58.70056 79.01001 84.18274 25.12360 29.51813 34.97314 80.00946 15.17487 5.96619 2.32697 8.56018 2.66266 2.99835 13.49640 8.19397 11.47461 7.54547 8.10242 21.30127 10.53619 4.15039 26.15356 12.71057 16.38031
0.00763 1.29700 0.85449 1.54114 0.49591 1.07574 6.82831 20.01953 32.42493 31.53229 28.45764 10.88715 16.04462 72.47925 16.10565 49.35455 11.81793 23.67401 19.01245 23.47565 16.25824 41.21399 13.42773 7.37000 5.82886 10.14709 11.36780 19.08875 11.84845 4.70734 1.76239
0.39673 1.34277 2.70081 1.31226 1.28937 0.41199 1.91498 1.70898 5.58472 12.88605 14.73236 17.51709 21.26312 83.12988 12.50458 9.79614 18.23425 12.39777 18.85223 7.37762 11.29150 19.27948 10.73456 5.87463 3.37982 21.20209 16.73126 16.15906 34.90448 16.03699 2.38037
0.81635 1.35803 3.20435 6.49261 2.15912 0.42725 0.12207 8.88062 8.56018 15.08331 11.55853 68.09998 3.33405 10.10895 20.41626 5.78308 7.21741 13.38196 13.99231 6.55365 3.26538 3.66211 3.87573 17.37213 6.88171 21.69800 18.21899 29.40369 29.64020 41.82434 3.64685
1.28174 1.31226 0.94604 2.28882 3.73077 1.86157 3.33405 6.43921 6.74438 1.43433 1.89209 3.81470 6.62231 22.44568 19.89746 11.35254 17.70020 2.59399 8.60596 5.21088 4.89044 7.37762 4.59290 10.67352 11.83319 4.57764 8.05664 11.14655 33.08105 18.53180 22.91870
2.51007 2.82288 1.23596 6.58417 2.30408 3.89862 1.25122 3.62396 0.90027 0.85449 3.32642 8.43811 2.75421 48.69843 26.74103 10.67352 11.29913 4.45557 13.70239 5.61523 5.27954 16.63208 2.52533 3.75366 1.53351 9.14764 8.21686 13.09204 5.99670 7.11060 3.74603
2.40326 1.96838 2.41852 8.84247 2.50244 4.08936 2.29645 0.41962 0.70953 0.94604 0.81635 1.88446 3.48663 27.35901 30.25818 24.83368 15.80048 12.39014 4.95911 1.72424 1.75476 1.88446 5.74493 4.37164 4.98199 2.57111 2.89917 10.71167 9.41467 16.68549 8.69751
2.22778 4.28772 4.25720 7.81250 1.35803 1.06812 0.67902 0.91553 0.80109 0.70953 0.83923 4.73022 3.86047 33.39386 4.61578 14.03046 9.42230 9.20105 3.71552 1.60980 1.12152 1.70135 2.18964 10.11658 9.93347 2.21252 5.30243 3.14331 5.02777 5.00488 2.71606
