DATA/RAW-RASTER/ECMWF/20170628/EN-21/20170706.en-21.asc
ncols			31
nrows			16
xllcorner		69.5
yllcorner		19.5
cellsize		1.0
NODATA_value	-99999
4.23431 4.63104 1.22833 0.65613 6.11115 4.27246 2.63977 2.67792 1.31226 0.25177 3.81470 1.14441 2.99072 1.80817 2.90680 2.07520 1.84631 3.70789 6.14166 10.60486 7.55310 6.91986 4.15802 0.94604 0.76294 0.59509 0.49591 1.46484 5.17273 9.12476 17.73834
0.05341 0.28992 0.05341 3.59344 3.18909 0.32806 0.52643 0.22888 0.35858 0.05341 0.04578 0.12970 0.67139 1.06049 1.08337 2.97546 4.06647 3.02124 3.78418 6.88171 4.96674 7.63702 3.76892 3.36456 0.74768 2.44141 6.11115 6.98853 8.66699 19.49310 16.12091
2.42615 0.93079 0.05341 1.86920 9.71222 16.28876 4.53949 0.18311 0.01526 0.00000 0.00763 0.00000 0.01526 0.45013 0.88501 1.26648 0.80109 0.60272 0.77820 1.28174 3.39508 3.84521 1.25122 7.12585 5.37109 1.57166 4.73785 6.77490 12.09259 8.92639 8.37708
0.77820 1.64032 7.24792 15.41901 7.58362 13.46588 3.66211 10.13947 0.01526 0.00000 0.00000 0.00000 0.00000 0.03052 0.00763 0.21362 0.19073 0.13733 0.22125 1.91498 5.40924 15.69366 6.09589 9.88007 9.90295 9.26971 13.29041 4.31061 12.08496 3.47900 5.03540
4.77600 0.87738 5.30243 5.86700 6.77490 8.88062 2.66266 0.62561 0.61798 0.01526 0.03052 0.01526 0.06866 0.01526 0.00000 0.11444 1.15967 0.41962 0.28992 2.89154 4.53949 3.32642 8.01086 5.72968 4.03595 2.05231 0.62561 1.41907 7.17926 6.53076 6.72150
3.56293 0.12207 0.00763 0.00000 0.05341 0.34332 0.25940 1.52588 3.57056 6.22559 3.84521 2.56348 0.03052 0.00000 0.23651 1.53351 1.53351 2.38800 2.14386 1.12915 2.05231 4.90570 5.25665 5.75256 9.48334 5.67627 2.02942 0.74768 9.26971 8.14056 4.57001
0.00000 0.00000 0.00000 0.00000 0.00000 0.00000 0.00000 0.02289 0.19073 1.69373 4.38690 0.31281 0.90790 3.82233 0.06104 1.18256 2.48718 0.47302 0.77820 0.32806 0.45013 0.60272 9.63593 9.10187 7.29370 39.52026 19.34052 8.19397 0.54932 1.03760 8.12531
0.00000 0.00000 0.00000 0.00000 0.09155 0.12207 0.00000 0.00000 0.00000 0.06104 0.88501 7.44629 9.31549 12.16125 0.54169 3.51715 0.54932 5.75256 0.16785 0.45776 2.03705 3.24249 4.17328 20.73669 39.58130 18.65387 71.98334 33.60748 35.69031 4.50134 10.20050
0.01526 0.00763 0.09155 0.01526 0.02289 0.16022 0.04578 0.00000 0.00763 0.00000 0.00763 0.67902 5.38635 17.27295 16.35742 10.57434 5.85175 66.04004 8.20160 13.02338 27.71759 10.36072 29.11377 25.06256 11.43646 52.78015 15.33508 49.17908 11.45935 8.33130 9.49097
0.15259 0.35095 0.66376 1.48010 0.81635 0.06866 0.00763 0.26703 0.01526 0.09155 0.00763 0.01526 1.06812 0.97656 26.85547 32.37152 22.22443 5.95856 3.28827 4.85229 19.32526 18.76068 37.84943 6.89697 5.49316 6.87408 26.56555 47.04285 22.61353 2.91443 1.09863
0.29755 0.54169 0.49591 0.43488 0.05341 0.03052 0.00763 0.05341 0.00763 0.13733 0.04578 0.02289 0.00000 0.00000 0.26703 0.91553 0.99945 1.83868 5.01251 1.46484 10.70404 14.11438 31.82220 21.97266 64.88800 19.66095 5.14221 19.93561 10.36835 8.44574 8.16345
0.22125 0.06866 0.77057 0.91553 0.19073 0.34332 0.16785 0.09155 0.19836 0.70953 1.37329 0.38910 0.00763 0.10681 0.20599 4.30298 2.24304 4.06647 1.80817 3.92914 19.67621 9.20105 6.03485 8.08716 21.40808 2.24304 0.71716 9.52911 20.28656 11.57379 4.02069
0.92316 0.64087 0.14496 0.16785 0.97656 0.79346 0.05341 0.03815 0.60272 1.49536 1.72424 0.19073 0.22125 4.47083 2.19727 1.96075 1.21307 0.56458 14.22882 14.79340 21.72852 18.62335 15.08331 16.57867 25.13123 0.77057 0.31281 8.49915 4.81415 12.19940 31.83746
1.43433 0.80872 0.26703 0.68665 2.35748 0.24414 0.18311 0.09918 0.90027 1.34277 0.00763 0.04578 0.28229 0.17548 0.96130 2.86865 3.95203 3.76892 12.58850 20.10345 13.51929 29.10614 14.09149 19.05060 6.79016 1.94550 0.41199 2.05231 20.93506 28.36609 4.19617
2.00653 2.01416 1.73950 4.79126 2.81525 0.67902 0.99945 0.88501 0.99945 0.23651 0.43488 0.15259 0.11444 0.51117 0.68665 1.86157 0.83923 0.05341 0.81635 7.62177 19.56177 22.52197 37.17041 14.53400 0.54932 0.88501 2.98309 2.18201 1.68610 7.82013 26.84784
2.17438 3.14331 2.81525 6.12640 0.65613 0.47302 0.33569 1.07574 0.62561 0.22125 0.74005 1.43433 0.59509 0.19073 2.03705 0.28992 0.40436 2.51007 3.40271 5.34058 19.60754 25.27618 33.05817 30.82275 18.21136 9.30023 6.49261 24.39880 13.26752 3.95203 1.02997
