DATA/RAW-RASTER/ECMWF/20170628/EN-21/20170704.en-21.asc
ncols			31
nrows			16
xllcorner		69.5
yllcorner		19.5
cellsize		1.0
NODATA_value	-99999
1.11389 12.96997 3.82233 0.86212 7.70569 1.80817 10.78033 1.42670 0.83923 0.44250 2.92206 2.21252 7.75146 5.17273 6.02722 6.66046 6.09589 2.82288 1.75476 1.00708 1.07574 0.73242 2.23541 5.67627 7.48444 8.74329 9.93347 7.27844 8.28552 11.26099 30.44128
0.80109 0.21362 38.97095 8.81195 2.87628 1.18256 0.35095 0.41199 0.41199 0.60272 0.80872 0.37384 1.53351 5.11932 8.07953 6.97327 2.79236 3.37982 1.09863 0.54169 0.56458 0.51880 1.15967 1.41907 2.41089 3.58582 6.19507 5.42450 5.85175 10.26154 12.75635
1.89209 8.55255 27.75574 17.07458 2.07520 3.90625 3.31879 0.24414 0.16022 0.00763 0.39673 0.00000 0.36621 1.12152 1.12152 6.60706 9.35364 1.67084 0.69427 0.46539 0.86975 0.19073 0.45013 1.15204 3.37982 4.35638 5.22614 5.14984 7.43103 5.59235 9.38416
5.06592 14.16016 11.77979 58.96759 14.29749 5.10406 0.54932 11.12366 0.10681 0.00000 0.00763 0.00763 0.00000 1.19781 0.61798 1.56403 4.37927 1.57166 0.27466 4.75311 0.17548 0.45776 9.00269 7.33185 5.82886 2.25830 5.95856 12.42828 12.39014 12.76398 14.35852
4.66156 0.46539 2.53296 5.95093 5.64575 4.30298 2.87628 1.01471 1.77002 0.28992 0.01526 0.05341 0.99945 1.60217 0.53406 1.88446 7.07245 7.24030 13.04626 5.43976 5.36346 8.76617 3.33405 3.31879 3.17383 0.51117 0.48828 0.25940 3.00598 13.83209 20.39337
3.15857 0.00000 0.05341 0.00000 0.02289 0.00000 0.08392 2.19727 4.73022 4.95911 16.83044 1.51062 4.28772 0.67139 0.23651 5.98907 10.75745 12.98523 5.72205 3.44086 7.04193 6.11877 9.30786 6.86646 1.81580 12.32910 3.84521 0.24414 2.12860 3.92151 5.03540
0.00000 0.00000 0.00000 0.00000 0.00000 0.01526 0.01526 0.11444 0.47302 3.63159 6.93512 8.71277 8.39996 2.46429 2.63977 5.35583 6.23322 6.03485 5.11932 4.91333 7.81250 1.54877 11.04736 2.33459 14.19067 24.42169 10.42938 9.04846 2.94495 0.70190 3.67737
0.00000 0.00000 0.00000 0.00000 0.00000 0.09918 0.00000 0.00000 0.00000 0.36621 2.52533 10.01740 12.99286 14.12201 69.50378 23.87238 48.62976 6.66046 14.33563 3.69263 4.40979 5.06592 3.86047 11.04736 23.22388 48.10333 61.16486 16.50238 26.88599 5.43213 6.05774
0.00763 0.00763 0.02289 0.03815 0.09918 0.01526 0.00763 0.00000 0.06104 0.19073 1.05286 5.72968 25.26855 23.40698 40.27557 21.41571 101.10474 85.98328 45.98236 16.28113 28.22113 27.58026 27.42004 76.62201 20.69092 20.18738 44.24286 78.13263 28.85437 9.77325 1.33514
0.15259 0.55695 0.60272 0.90027 0.90790 0.19836 0.44250 0.80872 0.45776 1.97601 3.85284 10.50568 12.42828 20.27130 59.18121 25.86365 34.80530 32.44781 19.98901 8.35419 45.05157 35.85052 88.30261 37.63580 9.94873 11.72638 9.28497 58.79974 60.95123 12.96234 4.76837
0.78583 0.83160 0.77057 0.45776 0.10681 0.10681 0.06866 1.25885 0.28229 4.37164 3.68500 12.03918 8.39996 32.72247 30.67780 44.57092 46.02814 21.13342 25.25330 25.16174 9.04846 33.49304 47.16492 21.52252 7.47681 2.93732 0.66376 8.27789 8.83484 4.26483 6.01959
0.44250 0.49591 1.25122 2.73895 0.86975 1.38855 0.57983 0.10681 0.03052 1.54877 6.66809 15.34271 32.44781 42.49573 26.85547 18.02826 39.69574 37.24670 16.68549 12.88605 20.22552 21.30890 4.60815 1.62506 2.93732 2.90680 2.51007 14.85443 3.78418 9.39941 12.05444
1.13678 0.86975 0.53406 0.90027 1.41144 0.70953 0.70953 2.01416 4.19617 3.96729 13.49640 19.03534 20.08057 43.09845 30.74646 18.76068 18.18085 11.40594 17.95197 19.69910 16.25824 26.76392 19.61517 28.83911 10.49042 0.97656 0.21362 4.37927 4.51660 39.78729 5.08881
1.02997 1.26648 0.25940 0.22125 1.38855 0.06104 0.22125 2.21252 1.31989 0.56458 6.96564 4.69971 9.09424 2.86865 19.15741 21.28601 1.70135 8.33130 11.52802 15.16724 13.93890 32.99713 64.62097 26.42822 4.69971 0.12970 1.77002 0.62561 7.99561 28.80096 8.29315
1.67084 1.93787 0.68665 2.02179 6.04248 2.32697 2.06757 0.46539 0.26703 0.80872 7.11823 5.03540 11.16180 12.06970 9.42230 2.78473 3.32642 6.21033 11.11603 14.70184 17.29584 24.23859 49.81995 34.31702 4.78363 1.84631 6.21033 11.26099 5.31006 22.95685 17.70020
0.71716 2.25830 2.91443 8.77380 0.53406 1.73187 1.61743 1.52588 1.21307 0.54169 2.20490 9.38416 18.42499 6.53076 3.15094 6.17981 3.67737 2.54059 6.69861 5.14984 3.39508 5.78308 19.34052 22.66693 50.21667 8.81958 8.42285 20.02716 4.07410 7.92694 4.62341
