DATA/RAW-RASTER/ECMWF/20170628/EN-21/20170701.en-21.asc
ncols			31
nrows			16
xllcorner		69.5
yllcorner		19.5
cellsize		1.0
NODATA_value	-99999
0.01907 0.33188 3.28064 3.98636 1.52206 0.01526 0.06866 0.03815 0.24033 1.30463 0.63324 2.05231 1.17493 0.69809 0.52643 0.29373 0.96130 2.02942 2.36130 5.92422 7.49588 9.25827 12.39777 14.12964 5.48935 4.58145 7.67136 5.89752 7.70187 8.44574 0.65613
0.00000 0.00000 0.21744 0.24796 1.50681 0.08011 0.05341 0.33569 0.53406 0.47302 0.40436 0.83542 2.02560 2.84195 4.56238 1.67847 0.59509 7.68280 3.76892 2.89536 4.00543 2.97165 3.00217 9.02939 10.01740 10.25772 6.40869 3.74985 5.58472 2.94113 1.65176
0.00381 0.01144 0.00000 0.27084 0.98419 7.93457 5.29861 0.02289 0.08774 0.11444 1.46484 1.05286 0.77438 1.41907 0.99182 0.89645 2.87628 4.24576 4.65012 3.67355 3.87573 5.26047 4.73404 5.42831 5.23376 6.00052 2.80762 3.18909 6.97327 7.93457 5.99670
0.01144 0.00000 0.00000 0.01144 0.50735 0.59509 0.09537 3.66211 0.38147 0.17166 0.80490 1.65176 0.16785 2.45667 0.54932 1.06812 0.77438 0.25558 0.14496 1.11008 3.67737 7.16782 1.27792 3.57056 11.45935 2.05231 12.74109 10.04410 9.49478 13.32474 13.82446
0.04959 0.00000 0.00000 0.03052 0.45013 1.50681 0.13351 1.83868 6.56509 0.60654 0.67902 0.13351 1.54495 1.43814 1.72806 0.24033 0.00000 0.01526 0.28610 0.50354 4.70734 6.01959 3.73840 0.34714 0.33951 0.53024 1.96075 10.36453 6.26373 5.72586 17.20047
0.09918 0.03052 0.14114 0.06485 0.24796 1.63651 2.60162 3.31497 5.55801 14.11057 15.46097 2.88010 0.17548 1.03760 0.44632 0.67902 0.06866 0.48828 1.98364 4.05884 7.42722 7.93457 7.80869 11.58524 15.83862 8.57162 2.06375 0.59128 5.76401 12.86316 20.35522
0.04959 0.13733 0.30899 1.18637 0.63324 1.17493 4.46320 3.10516 5.22614 8.42285 10.11276 27.95792 15.44189 0.58746 0.08392 0.56839 0.18311 0.93079 0.34332 0.64468 4.52423 7.31659 8.12912 15.67459 7.04956 24.77264 36.64398 12.17651 5.62286 6.26755 12.43973
0.00000 0.09155 0.53024 0.97656 1.10245 3.17764 5.68008 6.86646 13.46970 9.72748 21.98792 22.40753 16.81900 11.47842 12.01630 33.62274 19.06586 1.76620 5.31387 1.97220 3.29971 7.62177 1.36948 16.88766 77.36206 97.51892 51.70059 16.25824 22.09473 5.95856 4.79889
0.00381 0.24033 1.76239 0.92697 1.73187 1.97601 3.66592 11.94382 5.10406 10.01358 15.67078 10.23102 13.44681 18.66531 15.74707 14.75525 10.09750 23.32687 29.51431 22.66312 84.54132 64.36920 25.39444 28.33557 1.18256 0.84305 15.06424 111.74011 118.32047 23.20099 5.53513
0.01144 1.88828 1.44196 2.83813 1.81580 13.87405 3.81088 1.66321 1.54114 4.18472 9.61685 12.20322 15.97595 15.52963 13.86261 18.49365 13.88550 17.56287 19.64188 11.79886 13.43155 7.25937 53.53546 9.35364 8.99124 14.44244 70.55664 15.43045 32.73010 43.12515 8.91113
0.21362 1.02234 1.87302 2.38800 1.98364 0.20981 0.26321 1.18256 0.81635 7.54547 1.80435 2.09808 9.32312 6.95801 9.34601 8.17871 20.58792 17.27295 20.64133 14.95743 6.35910 13.16833 54.21066 13.06152 10.40649 28.52249 7.16400 3.42941 16.91818 13.40485 10.10513
1.77002 6.57272 3.83377 4.97055 0.90408 0.22507 0.22507 1.24741 0.69427 1.98746 1.68228 1.17874 1.68610 1.30463 0.48447 4.08554 13.14545 19.50073 17.59720 11.30295 10.50949 49.08371 1.42288 2.37274 30.51758 14.57214 1.95694 2.71606 24.98245 57.72781 6.99615
11.27243 73.18115 30.71976 23.57483 8.31604 3.10898 0.51880 0.64850 0.54550 0.56839 0.77057 3.77274 0.90027 1.99890 3.87192 15.76614 8.20160 13.92746 13.25989 13.63754 10.86807 9.54437 7.79724 20.35141 11.82175 8.03375 1.07956 2.50626 9.28497 29.00314 48.88916
36.79276 27.56500 3.68500 14.94598 16.11710 1.80817 1.57166 0.35095 0.35095 0.11063 1.26266 0.23270 0.30899 0.96893 1.64795 9.39178 16.98685 21.53397 23.17810 17.84897 4.89807 21.67130 14.48059 25.16174 6.04630 2.02179 0.32806 0.78583 5.53894 4.40979 13.14163
17.09366 4.86374 7.31659 21.35849 5.25284 1.93405 0.81253 1.02615 0.88882 0.04959 0.51880 0.25177 0.56839 0.51117 0.57602 6.86646 9.64355 11.87134 26.79062 19.10400 13.63373 23.86475 31.62003 42.97638 21.70181 2.12097 3.24631 1.05286 0.59509 3.54767 21.19827
4.89044 12.56180 21.24786 14.05334 1.61743 1.58691 1.62125 0.46921 0.75531 0.25558 0.07248 0.89645 0.22888 0.65994 1.11771 5.06973 8.67844 8.55255 24.07837 24.31107 19.50455 13.49640 24.06311 35.71701 50.83084 7.45392 23.32687 4.66156 0.72098 2.35367 0.61035
