DATA/RAW-RASTER/ECMWF/20170628/EN-21/20170630.en-21.asc
ncols			31
nrows			16
xllcorner		69.5
yllcorner		19.5
cellsize		1.0
NODATA_value	-99999
0.08774 0.00000 1.37329 1.29700 6.21414 15.26642 21.89636 10.61249 8.71658 3.65829 10.18524 8.36945 7.61414 6.45447 9.30786 10.21576 12.60376 14.16016 9.58252 10.97107 11.61957 8.40759 3.97491 1.99890 2.43759 12.05826 11.05881 4.40979 0.30518 0.81253 0.19836
0.00000 0.10681 0.04959 9.60922 21.59882 22.31216 15.58685 12.70676 12.33292 8.04901 4.11987 2.99454 2.78091 2.44904 2.61307 2.53296 2.96783 2.62070 2.41470 3.35693 4.27246 4.18091 7.93457 6.51932 3.80325 6.74057 5.75256 9.30023 8.10242 2.63977 1.06812
0.06104 0.11063 0.00000 2.30789 11.76834 47.22214 51.60904 14.59503 2.03705 1.19781 0.31281 0.75531 1.04904 0.79346 1.61362 0.77438 0.30899 0.20218 0.59128 1.26266 2.82288 4.56619 4.78363 7.99942 6.27899 7.66754 6.06537 10.84137 4.16565 12.93182 7.05719
0.04959 0.00000 0.00381 0.00000 0.35477 33.83636 34.16824 14.96124 7.55310 0.61798 0.69809 0.48065 0.06866 0.72861 0.00381 0.03433 0.14877 0.06485 0.20599 0.58746 2.33459 7.60651 4.16565 4.76074 9.58252 9.12476 9.16290 9.21249 9.47189 6.61469 7.01523
2.25067 0.00381 0.00381 0.00381 0.12970 53.24936 22.31216 8.81958 9.55963 1.91879 0.03433 0.21744 0.02289 0.45013 0.01144 0.00000 0.00763 0.02289 0.49210 1.25885 4.18472 7.97272 5.95093 6.39725 1.09100 2.41089 7.87354 15.53726 13.24844 5.74112 8.39996
0.49973 0.02289 0.00381 0.46921 2.96783 14.40811 32.24564 33.13446 12.95853 23.28873 5.40161 0.41580 0.19836 0.00000 0.00000 0.18692 0.36621 2.36511 3.26157 10.35309 8.57544 7.46155 8.74710 5.22614 4.01688 9.95636 1.59836 1.29700 25.40970 8.88062 8.26645
0.00381 0.00381 0.24033 6.46591 20.69092 9.76181 9.31168 3.56674 10.74219 11.84082 6.15692 3.92532 2.71606 0.09155 0.12970 0.74768 0.64850 2.33078 3.54767 1.12534 1.80054 8.24356 16.26205 7.24030 5.35965 12.39395 14.82773 12.07733 7.06482 4.79126 10.97107
0.04959 0.33188 2.34985 19.27567 5.07355 5.15747 4.59290 0.94604 7.94983 5.26428 4.82559 7.04193 1.71280 4.73785 7.20215 10.55527 11.65009 0.31662 3.55530 7.93076 9.19724 12.60376 8.11005 11.00540 110.13794 13.03482 12.65717 13.41248 23.33069 4.72641 2.75421
0.88120 3.92532 14.86206 12.42447 3.55911 3.17001 1.69373 0.99564 2.85721 4.70352 7.17926 9.84955 6.83212 5.81741 6.16455 13.40103 16.10184 37.32300 128.41415 47.90115 47.49680 106.52161 43.57910 18.39447 11.32965 41.74423 48.08807 170.54367 130.74112 38.27286 16.59775
8.52966 11.76834 13.69476 11.29913 6.78253 5.91278 2.50244 7.43103 4.82559 8.91495 4.36401 3.97873 9.11331 8.12912 19.39774 11.31821 6.25610 22.14432 9.15146 13.54980 156.99005 20.39719 13.64899 11.66534 66.29181 29.66690 32.72629 11.90948 19.20319 7.70187 7.70187
20.76721 22.38083 29.49524 28.87344 22.73178 24.77646 9.05991 5.36346 6.05392 5.44739 4.87518 6.64902 3.58582 10.37979 9.35364 9.91058 9.20105 16.67786 8.19016 9.08279 0.58746 12.98141 137.49695 43.19000 52.19269 58.90656 7.49588 3.03268 39.80255 10.54001 11.77979
5.60760 3.56293 5.46646 12.51221 10.31494 9.79233 12.05444 0.77820 2.31171 2.92587 6.81686 10.12039 8.93402 7.48825 12.22229 10.55527 14.84680 16.39938 17.36832 4.79889 0.93842 3.72314 1.63651 32.91702 12.13074 12.29477 2.68173 3.35312 23.25058 18.96667 9.04083
4.02832 2.55203 1.27792 10.00595 4.84085 3.74603 2.21634 2.75040 4.48608 5.62668 16.88766 9.47571 2.30408 13.57269 2.87628 10.34164 11.21902 23.49472 2.64740 17.59338 16.63971 11.41357 19.80209 17.09747 13.58795 1.70898 0.42725 3.84903 8.11386 10.55527 2.67029
15.88058 2.08282 1.32751 4.39835 3.85284 2.73895 2.36130 4.17709 5.79834 6.77490 13.98468 4.47464 13.84735 11.71112 21.10672 49.28207 9.84955 10.51331 9.19342 6.90079 11.60431 12.08496 21.98410 46.27228 3.50571 0.78964 0.30136 1.60980 5.24139 5.16510 6.14929
24.10507 7.21741 7.73621 15.68985 2.44141 2.09045 3.03650 2.82669 0.85831 2.94495 6.75201 6.25229 10.14709 3.74985 15.12527 4.16565 0.92697 2.78473 7.76291 13.15308 12.35962 9.15909 27.35519 79.37622 2.99072 1.01089 4.92096 1.62506 3.34930 2.65121 12.75253
6.96945 8.04901 11.55853 26.85165 7.19833 2.18964 4.77219 4.77982 3.96729 2.64359 5.25665 14.41574 9.80377 15.49149 9.63974 9.18198 6.59943 10.47134 11.16943 7.49207 10.54382 8.67081 14.90021 27.73285 31.60858 5.18799 5.42068 4.04358 3.12805 2.52533 1.07193
