DATA/RAW-RASTER/ECMWF/20170628/EN-21/20170628.en-21.asc
ncols			31
nrows			16
xllcorner		69.5
yllcorner		19.5
cellsize		1.0
NODATA_value	-99999
3.70598 12.88223 58.69293 14.63318 11.12938 9.77707 7.28226 9.93919 2.99072 0.14496 1.46294 6.00624 11.56235 10.13756 17.86041 12.79831 5.49889 13.95226 13.62801 7.24602 6.67763 0.36430 0.32234 0.65041 0.33760 0.64087 0.40817 0.57793 2.32697 1.56021 5.45311
10.97107 22.99881 41.41617 23.91052 11.21140 12.12311 10.86235 4.48990 4.47273 1.40572 1.67084 1.88255 5.65910 5.47981 4.24767 12.16698 10.85472 12.37106 18.13316 13.20648 7.99179 2.14005 0.58937 0.82016 0.81635 1.60599 1.11961 1.16730 0.49400 1.04904 0.46158
27.50969 22.79854 25.60616 24.49608 40.53116 22.79091 23.82469 14.37759 4.05121 0.98419 0.22125 1.05476 0.53024 3.05557 3.77464 5.25475 5.05066 7.51114 13.64136 12.26044 4.25720 5.48172 5.33295 3.51143 3.90625 1.27602 0.71335 0.47112 1.03951 0.34523 0.96512
93.62793 30.43747 39.65378 24.13750 29.90341 41.33034 15.85197 19.13452 10.24628 0.86594 0.52452 0.44250 0.55122 0.26321 1.64604 0.22316 4.17900 1.70326 0.44060 0.45776 4.93622 10.80704 5.67055 6.85310 2.01035 0.91743 1.79863 0.34714 0.67139 1.04523 2.59972
35.13145 24.66202 18.44597 20.58792 68.79234 19.78111 22.79854 18.23044 13.40675 4.44794 1.09482 0.89073 0.39482 0.82779 0.16975 1.17493 1.01471 0.42343 3.49617 5.34058 8.98743 10.91957 16.69502 4.67873 1.05858 0.69809 0.91934 3.83186 0.91171 1.19781 4.19998
18.31627 53.26080 23.88000 5.89943 33.34236 42.21916 10.71930 18.69392 13.67760 6.09398 43.38455 0.74387 1.02615 0.73051 0.80490 1.59073 1.86348 1.31989 3.86810 6.16074 5.18990 8.56400 3.72124 5.22041 3.28064 5.59235 1.26457 3.29971 5.74112 7.68280 11.36398
46.56982 9.19151 26.22604 15.76614 14.82201 24.99771 23.31734 16.37459 31.69250 11.49178 6.43539 10.41603 9.57870 1.68800 6.81686 1.87302 1.54495 1.73950 3.18909 7.11250 3.65639 1.97983 8.72993 2.18582 6.30188 8.94356 7.17354 3.57056 4.96864 5.90897 7.66182
4.70352 12.24327 91.04919 17.71164 9.21822 11.61766 43.05458 28.32603 20.51544 13.07297 2.45094 0.57602 1.76048 7.65800 13.64136 13.57841 7.26509 1.85394 1.19972 2.07329 1.08147 6.24847 5.01251 5.74875 6.41251 30.88951 6.07300 10.67162 34.25217 7.94983 13.58414
5.24521 6.66618 15.19775 3.12233 3.89671 1.62506 8.26645 26.33095 24.06120 16.84189 4.95529 2.29073 0.85640 1.30844 0.82397 1.55258 0.88501 10.34927 38.23853 39.31046 39.44397 10.69832 9.43375 13.54218 5.86700 6.83022 6.63567 9.98306 30.72548 14.95361 8.38852
1.30653 3.66211 2.65121 1.18828 0.51308 7.71332 10.99014 7.00569 16.75797 21.24596 24.25003 7.38907 3.39508 0.47874 0.09537 0.86784 0.65422 0.52452 0.84305 7.64465 11.62338 5.24139 17.37785 37.87231 6.45447 4.87709 82.47757 14.46342 26.42441 5.83458 7.08580
3.14140 0.84305 2.66647 0.38910 0.19646 0.25177 0.93651 3.58772 16.95824 21.44241 13.99231 9.72939 8.67081 0.93651 1.04141 0.33188 2.02179 1.40953 2.04086 1.96075 3.86620 4.85802 15.55634 73.41957 6.68335 13.71193 9.58633 18.34297 13.96751 6.39343 2.37656
4.94576 8.62503 2.29454 6.60706 8.39996 3.83949 0.54550 3.55339 10.23102 20.50591 17.68303 19.68002 9.02748 5.47791 1.66321 6.23703 11.83891 2.72751 5.79071 2.44331 1.84059 4.65393 6.13022 13.29994 4.67110 34.38759 8.76045 10.27870 26.31950 18.56422 4.47464
8.29887 6.01006 11.11412 3.66402 3.29781 1.82533 0.99754 0.77629 1.83487 4.14276 13.94653 14.66751 22.08710 7.57408 10.78415 25.51079 9.09996 12.42065 5.93948 7.00569 0.95558 4.42123 6.65283 7.37953 10.08034 3.46184 3.07655 11.34300 33.26607 35.95543 52.32811
17.32826 8.03947 1.67847 4.31442 1.52969 1.71089 0.71144 0.44632 0.16785 11.63292 21.14868 11.16943 42.28210 141.77895 41.13388 43.39218 3.86810 2.95258 11.50322 8.06046 1.82724 6.10161 3.69644 1.97601 10.32829 0.47302 3.02505 24.40834 47.61314 20.50591 19.60373
124.20845 12.82310 6.99997 13.91792 5.08308 6.16837 3.51334 1.20544 2.30789 4.79889 5.97572 7.50542 2.71606 8.00705 26.89552 161.22818 5.64957 14.27269 7.39861 4.20380 3.54576 5.37682 9.40895 3.59344 3.35884 0.22697 2.62642 6.19507 8.05283 10.90431 30.58434
15.52963 28.87344 19.34433 37.33253 22.92824 3.21770 11.60049 2.23732 2.19727 1.86157 1.82343 6.03294 0.79918 2.67410 10.29587 14.03427 5.41115 8.94165 9.58443 6.50978 4.54330 3.55530 6.75774 17.89474 10.58769 1.68228 1.48964 1.45721 35.40039 11.22856 11.11221
