DATA/RAW-RASTER/ECMWF/20170628/EN-21/20170709.en-21.asc
ncols			31
nrows			16
xllcorner		69.5
yllcorner		19.5
cellsize		1.0
NODATA_value	-99999
2.90680 1.06812 2.78473 1.41144 0.05341 0.18311 0.00000 0.07629 0.27466 2.70081 0.66376 0.56458 0.64850 0.42725 0.35858 0.07629 0.01526 0.00000 0.11444 0.03052 0.09155 0.11444 0.03052 0.07629 0.12970 0.03052 0.26703 0.06866 0.18311 0.01526 0.16785
0.03815 1.66321 6.07300 4.56238 3.50952 1.54114 0.09155 1.96838 0.63324 1.95312 3.89099 0.81635 0.45776 0.31281 0.60272 0.06104 0.27466 0.09155 0.00000 0.00000 0.00000 0.02289 0.00000 0.00000 0.02289 0.17548 0.06104 0.15259 0.10681 0.01526 0.06866
1.06812 0.49591 0.25940 9.02557 4.69208 5.48553 0.63324 0.04578 2.56348 0.64087 1.30463 0.10681 0.05341 0.01526 0.04578 0.32806 0.30518 0.00000 0.01526 0.00763 0.00000 0.00000 0.00000 0.00000 0.01526 0.02289 0.06104 0.05341 0.06104 0.31281 2.16675
0.30518 0.00000 0.00000 0.34332 1.02997 11.55853 9.46045 7.54547 0.62561 3.70026 2.08282 1.64032 0.16785 0.26703 0.01526 0.00000 0.03815 0.03052 0.00000 0.00000 0.00000 0.00000 0.00000 0.00000 0.32043 0.45013 0.01526 0.00763 0.09918 6.84357 9.68170
2.12860 0.00000 0.00000 0.00000 0.01526 0.79346 1.56403 3.95203 0.94604 2.71606 2.86102 8.56018 2.44141 1.67847 0.10681 1.19019 0.67139 0.26703 0.05341 0.09155 0.03052 0.02289 0.24414 1.42670 1.99127 0.27466 0.04578 0.02289 6.21796 12.19177 13.10730
3.56293 0.00000 0.00000 0.00000 0.01526 0.00000 0.42725 7.30896 19.11163 13.48877 29.99878 10.49805 9.09424 5.10406 3.35693 4.11224 1.60217 0.99945 0.36621 0.12207 0.10681 1.83868 1.76239 1.68610 0.88501 0.32806 0.64850 2.41852 11.61194 7.30133 16.28876
0.00000 0.00000 0.00000 0.00000 0.00000 0.36621 0.83923 0.16785 2.62451 30.25818 63.69019 44.04449 53.35999 17.15088 19.63043 10.20050 4.85229 4.35638 0.97656 1.06049 6.50024 13.67950 8.04138 5.63049 11.00922 33.34808 18.22662 7.77435 5.15747 6.05774 20.81299
0.00000 0.00000 0.00000 0.00000 0.00000 0.00000 0.06104 0.19073 0.26703 1.12152 3.86047 47.85919 110.32104 87.21161 105.23987 94.61975 21.34705 1.47247 6.75964 11.44409 14.73999 28.12195 30.50995 24.42169 93.01758 194.38171 115.19623 20.90454 46.85974 13.50403 26.35956
0.00000 0.00000 0.00000 0.26703 0.12970 0.00000 0.12207 0.05341 0.02289 0.05341 0.41199 1.43433 16.26587 22.43042 39.60419 65.29236 68.21442 35.44617 71.25092 121.90247 199.38660 303.65753 260.25391 49.69788 32.36389 30.51758 30.31158 46.71478 56.51855 18.76068 23.05603
0.15259 0.10681 0.73242 0.38910 0.32043 0.15259 0.00763 0.00000 0.12970 0.34332 0.35858 0.48065 0.74005 11.59668 19.17267 22.18628 26.29089 33.67615 38.21564 29.89197 41.54968 30.12848 41.12244 24.04022 13.74817 26.28326 27.03094 54.53491 30.33447 8.82721 7.75146
0.30518 0.33569 0.64087 0.29755 0.14496 0.21362 0.06104 0.08392 0.00000 0.02289 3.99780 0.49591 0.24414 1.08337 2.70081 4.83704 29.56390 44.80743 47.17255 52.16980 43.98346 13.60321 25.98572 8.64410 5.16510 3.60107 11.42120 19.34814 26.47400 12.02393 5.97382
0.12970 0.14496 0.77057 1.47247 0.48065 0.64087 0.94604 0.70953 0.16785 0.08392 0.85449 0.12970 0.09155 0.87738 6.06537 16.57867 15.59448 38.84125 34.51538 43.54095 23.17810 4.88281 2.57111 5.01251 5.02777 7.39288 8.17108 10.01740 9.93347 4.74548 5.13458
0.32806 0.64850 0.19836 0.41962 1.19019 1.83868 1.67847 0.58746 0.11444 0.06104 0.64087 0.42725 0.31281 0.87738 6.07300 14.18304 20.52307 37.91809 31.04401 19.88220 3.67737 2.58636 5.02014 2.67792 2.54059 3.12042 0.47302 6.71387 5.87463 2.20490 1.41144
0.67902 1.20544 0.09918 0.67902 0.70190 0.28229 1.40381 0.77820 0.24414 0.05341 0.02289 0.12207 0.08392 0.23651 6.69098 27.56500 13.58032 13.99231 23.55194 7.88116 6.42395 6.53076 4.79126 2.01416 2.38800 0.09155 0.33569 1.99127 5.11169 1.42670 1.52588
1.70898 1.59454 3.74603 2.96021 0.99945 1.01471 0.08392 0.21362 0.69427 0.03052 0.04578 0.05341 0.38147 1.12915 2.26593 22.59064 55.82428 24.58191 12.03156 4.44031 3.80707 3.71552 7.43866 5.78308 0.58746 1.12152 1.11389 0.69427 8.26263 5.88226 21.92688
1.48010 1.95312 1.67847 3.88336 0.83160 0.83160 0.09155 0.62561 0.11444 0.05341 0.18311 0.16785 0.87738 5.38635 3.85284 10.11658 9.75800 9.95636 9.59778 2.98309 3.43323 3.58582 8.20160 12.93945 12.59613 11.51276 7.45392 0.70190 5.21088 4.69971 16.85333
