DATA/RAW-RASTER/ECMWF/20170628/EN-21/20170707.en-21.asc
ncols			31
nrows			16
xllcorner		69.5
yllcorner		19.5
cellsize		1.0
NODATA_value	-99999
2.85339 0.46539 1.55640 0.74768 0.01526 0.22125 0.12207 0.02289 0.06104 0.14496 0.02289 0.54169 0.12207 0.14496 0.09155 0.05341 0.10681 3.09753 2.34985 4.41742 5.71442 3.78418 3.54767 1.16730 0.78583 1.14441 5.71442 7.17926 6.46210 5.50842 2.73895
0.07629 4.33350 1.33514 1.80817 4.50134 0.16022 0.11444 1.34277 0.08392 0.32806 2.76184 0.60272 3.86047 1.15967 0.96130 1.09863 1.20544 1.54877 1.80817 1.79291 1.90735 0.94604 0.57983 2.36511 0.64087 1.17493 3.66974 7.72858 6.26373 5.53894 4.60052
0.07629 7.54547 5.48553 5.14221 3.88336 1.83868 2.73895 0.10681 1.02234 0.26703 1.14441 0.22125 0.19073 0.61798 0.21362 0.13733 0.00763 0.03815 0.38147 0.61798 0.78583 0.74768 0.41962 1.48010 2.96783 2.23541 3.47137 10.00977 13.32855 9.39941 11.52039
1.35803 2.15149 1.02234 4.88281 1.19781 3.36456 6.19507 0.90790 0.09918 0.00000 0.02289 0.09155 0.11444 0.17548 0.02289 0.00000 0.00000 0.12207 0.60272 1.77765 0.55695 2.87628 1.49536 2.09808 7.72095 2.82288 4.19617 9.90295 14.41956 17.95959 13.22937
6.94275 0.06104 1.93787 3.99780 6.37054 4.04358 2.35748 1.35803 2.77710 0.00000 0.00000 0.00000 0.01526 0.00000 0.00000 0.01526 0.04578 1.82343 2.55585 8.39996 7.19452 14.62555 17.26532 5.87463 1.19019 3.25012 0.45013 0.40436 7.27844 7.12585 5.41687
2.93732 0.00000 0.32043 0.95367 1.18256 1.01471 1.32751 1.44196 1.33514 4.00543 4.77600 0.93842 0.12970 0.01526 0.00763 0.86212 0.83160 4.84467 7.33185 12.90131 24.13177 19.59991 7.80487 8.14819 16.94489 7.33185 3.60107 0.74768 5.27191 24.16229 8.49915
0.00000 0.13733 0.12207 0.03815 0.54169 0.98419 0.16022 0.53406 0.69427 1.35803 2.51007 7.63702 4.40979 3.53241 0.54932 1.00708 0.74768 3.37982 10.04791 15.31219 8.89587 15.13672 19.06586 1.64032 13.65662 23.35358 22.75085 6.97327 1.31989 3.08990 9.09424
0.00000 0.00000 0.00000 0.00000 0.15259 0.00000 0.04578 0.00000 0.09918 0.03052 0.19073 1.22833 5.36346 5.97382 2.93732 2.38037 5.58472 1.22070 3.33405 2.47192 7.54547 15.83099 4.53949 17.20428 39.63470 90.33203 69.93866 19.11926 19.34052 6.82068 5.24139
0.00000 0.00000 0.00000 0.01526 0.08392 0.03052 0.00000 0.01526 0.00000 0.00000 0.00000 0.06866 0.58746 5.88226 8.27026 6.85120 11.70349 23.75031 7.93457 34.26361 36.46851 69.72504 79.26941 60.99701 30.22003 21.82007 13.96179 74.11194 53.64227 8.16345 0.90790
0.14496 0.59509 0.64087 0.16022 0.11444 0.00763 0.03052 0.04578 0.00000 0.00000 0.00000 0.00000 0.01526 0.06104 13.38196 1.55640 33.46252 16.25824 19.02771 32.58514 18.33344 9.76562 55.27496 13.67950 11.22284 32.52411 25.02441 38.11646 49.75891 7.04193 6.40106
0.38147 0.57220 0.61798 0.36621 0.03815 0.19836 0.12207 0.45013 0.00000 0.00000 0.01526 0.00000 0.00000 0.57983 0.46539 1.32751 1.86157 2.28119 5.54657 15.24353 13.54980 44.70825 58.84552 40.05432 16.61682 4.89044 6.91223 6.64520 42.41180 14.60266 2.76947
0.18311 0.19836 0.39673 1.01471 0.61035 0.55695 0.35858 0.57220 0.14496 0.03815 0.07629 0.03052 0.31281 0.40436 0.54932 1.25122 0.52643 0.75531 10.29968 6.85883 29.50287 26.06201 3.58582 17.27295 26.15356 11.60431 1.60980 1.86920 3.77655 22.57538 8.08716
0.22888 0.35858 0.06866 0.32043 2.08282 1.52588 0.60272 0.49591 0.11444 0.99945 0.16022 0.10681 0.65613 1.32751 0.46539 0.93842 5.66864 5.87463 24.68872 31.90613 21.94214 13.73291 18.43262 18.80646 10.42175 3.42560 0.40436 1.84631 4.15802 10.13184 13.20648
0.57983 0.80109 0.03815 1.15204 0.80109 0.15259 0.45776 0.86975 0.36621 0.01526 1.13678 1.83868 0.96130 0.26703 0.03815 2.01416 6.03485 14.41956 4.61578 24.39880 7.46918 7.88116 40.49683 42.25159 6.87408 0.36621 1.54114 1.12915 16.14380 12.32147 5.12695
2.15912 1.48773 1.60980 3.37219 1.22070 0.69427 0.31281 0.19073 0.06104 0.61035 0.16022 0.19073 0.65613 0.25940 0.02289 0.63324 0.45776 0.58746 3.45612 2.86102 6.83594 9.09424 19.87457 34.70612 0.93842 2.28119 1.65558 0.97656 0.50354 1.41144 1.63269
3.11279 2.31934 3.08990 8.20160 1.06812 1.69373 0.54169 0.28992 0.20599 0.32806 0.88501 1.04523 1.48010 0.73242 0.26703 0.38147 2.64740 2.36511 2.53296 5.54657 7.17926 24.65057 34.18732 38.88702 45.24994 0.72479 6.04248 1.56403 2.72369 1.02997 0.70953
