DATA/RAW-RASTER/ECMWF/20170628/EN-21/20170705.en-21.asc
ncols			31
nrows			16
xllcorner		69.5
yllcorner		19.5
cellsize		1.0
NODATA_value	-99999
4.75311 4.20380 5.20325 3.56293 11.52802 3.58582 5.53894 2.12097 0.37384 0.24414 1.28174 2.51007 2.60925 2.60925 2.66266 2.72369 3.01361 1.48010 0.71716 2.24304 2.18964 3.64685 5.66864 4.74548 1.93024 6.05774 6.39343 6.57654 1.97601 0.90790 1.97601
0.98419 3.60107 4.69971 6.17218 1.89209 1.12915 0.57983 0.13733 0.19073 0.08392 0.90790 0.37384 1.71661 1.50299 2.15149 1.59454 1.03760 1.05286 0.44250 1.15967 2.79236 3.90625 10.13184 14.41193 15.67078 10.11658 8.28552 7.19452 3.27301 0.55695 1.41144
2.88391 3.50189 7.78961 33.47015 0.81635 0.82397 5.89752 0.25177 0.05341 0.00000 0.28229 0.00000 0.00000 0.06866 0.18311 0.54932 1.83868 1.80054 4.91333 3.25012 6.94275 5.81360 15.74707 15.21301 14.77051 7.91931 4.53949 2.49481 0.59509 0.27466 1.08337
1.62506 4.08936 7.05719 9.99451 1.35803 3.13568 1.66321 13.96942 0.03815 0.00763 0.00000 0.00763 0.00000 0.23651 0.38147 0.32806 5.47791 9.35364 4.34875 17.80701 17.40265 18.74542 12.06970 9.70459 4.62341 5.31006 3.76129 2.05994 1.51062 1.54877 1.12915
1.07574 1.76239 6.70624 1.49536 3.23486 8.64410 1.43433 3.10516 2.34222 0.08392 0.00763 0.00763 0.32043 0.41962 0.64850 2.41852 7.27844 6.11877 1.62506 7.39288 10.99396 12.83264 11.42120 2.47192 1.36566 0.91553 0.51117 5.50079 14.80865 7.74384 6.83594
3.95203 0.18311 0.19073 0.06866 0.47302 0.13733 2.03705 5.69153 9.13239 10.01740 8.98743 5.64575 2.86865 0.26703 2.21252 11.31439 6.89697 2.44141 2.28882 0.74768 2.83813 9.60541 9.01031 9.76562 8.13293 5.40161 2.36511 0.52643 2.57111 8.52966 6.59943
0.00000 0.00000 0.00763 0.00763 0.11444 0.04578 0.02289 0.10681 1.92261 7.46918 17.47131 16.58630 82.06940 9.26971 3.34167 6.21796 2.92206 0.39673 0.44250 0.97656 3.20435 1.08337 6.85120 5.42450 11.74927 22.88055 17.08984 2.88391 2.54822 2.21252 7.89642
0.00000 0.00763 0.00763 0.00000 0.00000 0.09155 0.01526 0.01526 0.07629 0.24414 1.83868 6.50024 31.95953 14.99939 31.13556 6.23322 18.21899 10.48279 0.83160 1.06049 1.88446 10.85663 1.81580 17.99011 30.40314 18.05878 22.20917 5.98145 18.28766 2.79999 2.59399
0.00000 0.01526 0.07629 0.22888 0.02289 0.16022 0.26703 0.13733 0.00000 0.00000 0.05341 0.25177 0.83160 6.73676 153.89252 43.24341 27.67181 84.80835 5.98145 37.02545 23.03314 12.03156 9.90295 14.73999 2.76184 33.88977 26.56555 37.05597 25.56610 2.35748 6.50787
0.58746 1.20544 1.49536 0.39673 0.46539 0.01526 0.00763 0.19836 0.01526 0.00000 0.05341 0.00000 0.49591 2.20490 22.43042 87.57019 6.43158 79.10919 22.14050 6.47736 12.59613 8.91876 22.54486 18.54706 8.78906 15.42664 17.50946 77.86560 81.00891 4.28772 2.36511
0.48065 0.79346 0.57220 0.15259 0.06866 0.21362 0.00000 0.04578 0.14496 0.12970 0.99182 0.83923 0.63324 6.15692 7.03430 9.93347 5.58472 7.80487 25.00153 12.24518 12.32910 27.86255 101.76849 15.73944 2.50244 1.22833 2.22778 5.74493 22.79663 1.36566 2.52533
0.38147 0.16785 1.09100 1.49536 0.56458 0.66376 0.36621 0.80109 0.25940 0.58746 0.99182 10.74219 11.04736 6.73676 4.19617 2.27356 2.30408 10.37598 14.01520 19.72198 35.73608 23.39172 5.24902 19.33289 5.13458 1.98364 1.71661 13.06152 17.33398 9.56726 4.79126
0.24414 0.28229 0.19836 0.57983 1.22070 0.73242 0.54169 0.49591 0.83160 0.49591 0.72479 0.77820 10.52094 1.56403 13.99994 20.35522 12.26807 8.92639 18.37158 21.04950 8.20923 7.36237 9.79614 8.72040 7.65228 0.06104 1.45721 3.18909 22.52960 103.59192 18.21899
0.73242 0.57983 0.13733 0.41199 1.02997 0.33569 0.19836 0.62561 1.12152 0.32806 0.51117 0.16785 0.25177 0.83160 1.06049 1.07574 4.82941 12.16125 16.00647 40.48920 6.79779 18.98956 13.36670 8.91876 2.63977 1.05286 0.91553 7.43103 11.29150 18.24188 2.70844
1.48010 1.60217 0.74768 4.91333 2.69318 0.48065 0.93842 0.58746 0.21362 0.57220 0.33569 0.33569 0.71716 0.40436 0.86212 1.15967 0.22888 0.56458 4.55475 10.72693 8.85773 19.89746 31.86035 11.32202 6.85883 0.89264 6.14929 4.31824 1.67084 12.47406 5.91278
0.91553 1.29700 4.28772 9.15527 0.41199 0.63324 0.43488 1.05286 0.38147 0.03815 0.09155 0.37384 0.68665 3.22723 1.31226 3.69263 0.64087 3.33405 10.54382 1.23596 5.65338 30.43365 19.05060 14.03046 22.20917 1.59454 7.11823 6.20270 2.51770 5.57709 4.05121
