DATA/RAW-RASTER/ECMWF/20170628/EN-21/20170708.en-21.asc
ncols			31
nrows			16
xllcorner		69.5
yllcorner		19.5
cellsize		1.0
NODATA_value	-99999
0.93079 0.77057 0.14496 0.28992 0.09918 0.00763 0.12970 0.00000 0.15259 1.35803 0.14496 0.00000 0.00000 0.00000 0.00000 0.00000 0.00000 0.00000 0.00000 0.03052 0.00000 0.02289 0.07629 0.29755 0.13733 1.08337 0.67902 0.57983 0.16785 3.05176 1.78528
2.08282 0.04578 1.11389 0.33569 2.54059 0.00000 0.01526 0.48828 0.38147 1.48773 0.70190 0.01526 0.08392 0.00763 0.06104 0.00763 0.00763 0.00000 0.00000 0.01526 0.00763 0.18311 0.94604 0.86212 0.51880 1.50299 1.59454 0.93079 0.61035 2.36511 1.80054
0.61798 0.96130 0.53406 0.83160 3.51715 5.18036 1.51825 0.03052 1.47247 0.68665 2.60162 1.26648 0.05341 0.04578 0.00763 0.63324 0.16785 0.00763 0.12207 0.16022 0.02289 0.87738 1.40381 1.70135 1.48010 1.29700 0.85449 1.49536 1.05286 5.16510 15.06042
0.37384 0.24414 0.13733 1.26648 1.43433 1.44958 4.15802 2.87628 0.67902 1.19781 1.44958 0.09155 0.00000 0.67902 0.25177 0.05341 0.25940 0.58746 0.17548 0.28229 0.77057 1.02997 6.34766 1.11389 0.92316 5.02777 3.30353 1.57928 3.43323 19.00482 24.61243
2.47192 0.00763 0.09155 0.04578 1.80054 1.78528 1.72424 1.47247 0.20599 0.23651 0.15259 0.17548 2.47192 1.84631 0.44250 2.64740 2.53296 0.98419 1.45721 2.06757 5.59235 5.69153 7.32422 6.16455 13.71765 23.26965 10.75745 9.07135 9.82666 22.07184 12.65717
0.05341 0.00000 0.00763 0.75531 0.00763 0.73242 2.48718 2.99072 1.89209 0.57983 7.80487 0.75531 2.10571 1.52588 1.68610 5.97382 7.37762 1.78528 6.11877 7.32422 4.58527 9.56726 11.64246 13.71002 17.86804 6.59943 3.94440 13.96942 32.53937 30.50995 21.01135
0.00000 0.00763 0.00000 0.00000 0.01526 0.03815 0.06104 0.44250 0.76294 1.05286 1.62506 2.87628 3.23486 0.36621 2.27356 11.48987 15.62500 11.57379 8.83484 8.52966 9.86481 19.59991 13.88550 13.07678 16.23535 10.52094 34.18732 10.74219 29.27399 17.21191 17.46368
0.00000 0.00000 0.00763 0.00000 0.00000 0.03052 2.83051 1.48010 0.73242 0.84686 0.69427 4.04358 4.73785 5.12695 22.04132 4.02832 19.60754 6.53839 10.29968 10.92529 6.85883 15.85388 17.73071 16.05225 37.22382 126.22070 252.18964 95.71075 39.89410 13.28278 12.74109
0.00000 0.00000 0.00763 0.00763 0.00000 0.00000 0.00000 0.74768 0.96130 0.00000 0.74768 1.45721 4.99725 17.96722 36.33881 14.19067 18.15033 37.91046 36.48376 38.77258 107.54395 75.37079 54.92401 48.85864 8.56781 13.49640 34.21783 87.79144 66.44440 9.40704 2.75421
0.09918 0.29755 0.47302 0.51117 0.45776 0.00000 0.00000 0.00763 0.00000 0.00763 0.24414 0.39673 0.41962 11.02448 16.14380 28.06854 29.13666 31.67725 35.40802 23.03314 23.21625 9.95636 18.88275 43.89191 23.22388 41.87012 46.02051 110.03113 70.86182 12.36725 7.50732
0.70190 0.74768 0.29755 0.87738 0.01526 0.03052 0.00763 0.02289 0.00000 0.00000 0.01526 0.00000 0.09918 0.39673 10.00977 3.09753 2.32697 2.38037 21.69037 21.04187 22.65167 24.63531 57.17468 15.50293 10.42175 8.65936 16.43372 18.41736 25.87128 19.43207 15.35797
0.06866 0.06104 0.96893 1.10626 0.16022 0.30518 0.32806 0.08392 0.04578 0.00763 0.22125 0.15259 1.62506 2.71606 0.79346 3.61633 2.55585 8.27789 8.32367 1.63269 14.18304 18.21136 2.73895 1.67084 4.15039 6.39343 7.41577 9.56726 14.94598 16.27350 12.90894
0.31281 0.49591 0.03052 0.53406 0.77057 0.13733 0.02289 0.29755 0.30518 0.02289 0.28992 0.67139 0.48065 2.51770 1.42670 13.84735 8.03375 1.39618 1.46484 9.62067 30.46417 7.18689 1.98364 3.59344 1.61743 1.51825 0.16785 8.61359 2.72369 5.40924 6.07300
0.64850 0.45013 0.07629 1.12152 0.99945 0.32043 0.06866 0.53406 0.78583 0.01526 0.98419 1.86157 1.54877 3.84521 9.82666 0.63324 5.51605 0.46539 1.52588 3.21960 2.53296 5.23376 1.61743 4.34113 4.58527 0.01526 0.12970 0.07629 0.89264 6.08826 3.30353
2.07520 1.44958 1.28174 2.99072 3.50952 1.02234 0.74768 0.46539 0.03815 0.35095 0.19073 0.81635 0.48065 0.77057 3.44849 0.45776 0.09918 0.02289 0.57220 1.33514 2.30408 3.05939 7.04193 2.63214 0.34332 1.38092 1.90735 0.11444 0.12207 1.75476 3.02887
2.12860 2.33459 0.88501 6.35529 1.49536 0.64087 0.77820 0.61798 0.16785 0.16022 0.97656 6.32477 2.02942 6.43158 0.95367 1.42670 0.64087 0.02289 1.29700 1.70898 2.19727 2.91443 3.92914 7.40814 6.25610 0.20599 4.34113 0.90790 0.74005 0.48065 0.86975
