DATA/SHG/ECMWF/20170628/EN-37/20170628.en-37.asc
ncols        190
nrows        64
xllcorner    -5100000.000000000000
yllcorner    4130000.000000000000
cellsize     10000.000000000000
NODATA_value  -99999.000
[rows 0 to 32 of 64, columns 73 to 145 of 190]
3.877 3.974 4.072 4.171 4.271 4.372 4.474 4.577 4.621 4.566 4.537 4.510 4.485 4.462 4.441 4.422 4.405 4.390 4.377 4.366 4.602 5.636 6.644 7.628 8.589 9.527 10.441 11.332 12.199 13.043 13.863 14.660 15.143 14.666 14.186 13.703 13.216 12.726 12.231 11.734 11.233 10.728 10.220 9.708 9.169 8.562 7.965 7.378 6.802 6.235 5.679 5.133 4.597 4.071 3.555 3.050 2.629 2.437 2.256 2.085 1.925 1.776 1.638 1.510 1.393 1.287 1.192 1.107 1.058 1.083 1.111 1.140 1.171
3.694 3.794 3.950 4.120 4.290 4.460 4.629 4.798 4.932 4.908 4.886 4.866 4.848 4.832 4.818 4.806 4.796 4.788 4.781 4.777 4.875 5.805 6.708 7.588 8.444 9.277 10.087 10.873 11.636 12.375 13.091 13.783 14.322 13.830 13.334 12.835 12.332 11.825 11.315 10.802 10.285 9.764 9.240 8.713 8.177 7.615 7.064 6.523 5.991 5.470 4.959 4.459 3.968 3.488 3.017 2.557 2.148 2.004 1.871 1.748 1.636 1.535 1.445 1.365 1.296 1.238 1.190 1.153 1.135 1.169 1.205 1.242 1.282
3.928 4.098 4.267 4.436 4.604 4.773 4.940 5.107 5.265 5.248 5.233 5.220 5.209 5.200 5.192 5.187 5.184 5.183 5.184 5.186 5.191 5.999 6.798 7.573 8.325 9.054 9.759 10.440 11.099 11.734 12.345 12.933 13.498 12.998 12.486 11.971 11.453 10.930 10.405 9.875 9.343 8.806 8.266 7.723 7.176 6.660 6.154 5.658 5.172 4.696 4.230 3.775 3.330 2.895 2.470 2.055 1.658 1.561 1.476 1.401 1.337 1.284 1.241 1.209 1.188 1.177 1.178 1.189 1.250 1.367 1.478 1.582 1.680
4.248 4.416 4.584 4.751 4.918 5.085 5.251 5.417 5.582 5.586 5.578 5.572 5.567 5.565 5.565 5.567 5.570 5.576 5.584 5.593 5.605 6.220 6.915 7.585 8.233 8.857 9.457 10.035 10.589 11.119 11.626 12.110 12.570 12.172 11.644 11.113 10.579 10.041 9.499 8.954 8.406 7.853 7.298 6.738 6.176 5.695 5.234 4.783 4.343 3.912 3.492 3.082 2.682 2.292 1.912 1.543 1.183 1.108 1.070 1.103 1.197 1.294 1.394 1.497 1.603 1.713 1.825 1.941 2.059 2.149 2.231 2.306 2.374
4.568 4.734 4.901 5.067 5.232 5.397 5.562 5.726 5.890 5.922 5.920 5.921 5.924 5.928 5.935 5.943 5.954 5.967 5.981 5.998 6.016 6.467 7.057 7.623 8.166 8.686 9.182 9.655 10.105 10.531 10.934 11.314 11.670 11.351 10.808 10.261 9.710 9.157 8.599 8.038 7.474 6.906 6.334 5.759 5.181 4.721 4.305 3.900 3.504 3.119 2.823 2.597 2.376 2.160 1.949 1.743 1.541 1.579 1.681 1.785 1.893 2.003 2.117 2.234 2.354 2.477 2.603 2.732 2.864 2.936 2.989 3.035 3.074
4.887 5.053 5.217 5.382 5.546 5.709 5.872 6.035 6.197 6.255 6.261 6.268 6.278 6.289 6.302 6.318 6.335 6.355 6.376 6.400 6.425 6.740 7.225 7.687 8.126 8.542 8.934 9.302 9.648 9.970 10.269 10.544 10.796 10.535 9.976 9.413 8.847 8.277 7.704 7.128 6.547 6.041 5.597 5.166 4.749 4.457 4.228 4.004 3.786 3.572 3.362 3.158 2.959 2.764 2.574 2.390 2.209 2.230 2.345 2.463 2.584 2.709 2.836 2.967 3.100 3.237 3.377 3.519 3.665 3.729 3.752 3.769 3.780
5.207 5.371 5.534 5.697 5.859 6.021 6.183 6.344 6.505 6.586 6.598 6.613 6.629 6.647 6.668 6.690 6.714 6.741 6.769 6.799 6.832 7.039 7.420 7.778 8.112 8.424 8.711 8.976 9.217 9.435 9.630 9.801 9.982 9.822 9.329 8.849 8.384 7.932 7.494 7.070 6.660 6.263 5.880 5.511 5.156 4.883 4.676 4.473 4.276 4.084 3.896 3.713 3.535 3.362 3.194 3.030 2.872 2.876 3.005 3.137 3.272 3.410 3.551 3.695 3.842 3.993 4.146 4.303 4.462 4.527 4.521 4.509 4.491
5.527 5.689 5.851 6.012 6.173 6.333 6.493 6.653 6.812 6.915 6.934 6.955 6.978 7.004 7.031 7.060 7.091 7.124 7.160 7.197 7.236 7.363 7.640 7.879 8.102 8.318 8.526 8.726 8.918 9.103 9.281 9.451 9.613 9.539 9.107 8.689 8.285 7.895 7.518 7.155 6.806 6.471 6.149 5.841 5.547 5.303 5.117 4.937 4.761 4.590 4.424 4.262 4.106 3.954 3.807 3.665 3.528 3.519 3.661 3.807 3.955 4.107 4.262 4.419 4.580 4.744 4.911 5.081 5.255 5.330 5.296 5.255 5.207
5.846 6.007 6.167 6.327 6.486 6.645 6.804 6.962 7.119 7.241 7.267 7.295 7.325 7.357 7.391 7.415 7.395 7.380 7.371 7.367 7.370 7.422 7.627 7.823 8.013 8.194 8.368 8.534 8.693 8.844 8.988 9.124 9.252 9.242 8.871 8.515 8.172 7.843 7.527 7.225 6.937 6.663 6.403 6.156 5.923 5.718 5.554 5.394 5.240 5.090 4.946 4.806 4.671 4.541 4.415 4.295 4.179 4.157 4.313 4.472 4.634 4.800 4.968 5.140 5.314 5.492 5.672 5.856 6.043 6.139 6.075 6.005 5.929
6.165 6.325 6.483 6.642 6.799 6.957 7.114 7.271 7.403 7.470 7.435 7.406 7.382 7.365 7.353 7.346 7.346 7.351 7.362 7.379 7.401 7.443 7.613 7.776 7.931 8.079 8.219 8.352 8.476 8.594 8.703 8.805 8.900 8.930 8.621 8.325 8.044 7.776 7.521 7.281 7.054 6.841 6.641 6.456 6.284 6.127 5.984 5.846 5.713 5.585 5.462 5.343 5.230 5.121 5.017 4.918 4.824 4.791 4.961 5.134 5.310 5.489 5.670 5.856 6.044 6.235 6.429 6.627 6.827 6.953 6.861 6.762 6.656
6.485 6.607 6.685 6.764 6.846 6.929 7.014 7.100 7.188 7.276 7.261 7.252 7.249 7.251 7.259 7.273 7.292 7.317 7.348 7.385 7.427 7.474 7.609 7.738 7.859 7.973 8.079 8.178 8.269 8.352 8.428 8.496 8.557 8.604 8.356 8.121 7.901 7.694 7.501 7.321 7.155 7.003 6.865 6.740 6.629 6.530 6.409 6.292 6.181 6.074 5.972 5.875 5.783 5.696 5.613 5.535 5.462 5.421 5.605 5.791 5.981 6.173 6.369 6.567 6.769 6.974 7.182 7.393 7.607 7.772 7.651 7.523 7.389
6.267 6.350 6.433 6.519 6.606 6.695 6.786 6.878 6.972 7.067 7.083 7.094 7.110 7.133 7.161 7.194 7.233 7.278 7.329 7.386 7.448 7.515 7.612 7.707 7.795 7.875 7.947 8.012 8.069 8.119 8.161 8.196 8.222 8.242 8.076 7.903 7.743 7.597 7.465 7.347 7.242 7.151 7.074 7.010 6.960 6.924 6.828 6.733 6.643 6.557 6.477 6.401 6.330 6.264 6.203 6.147 6.095 6.049 6.244 6.444 6.647 6.854 7.063 7.275 7.490 7.709 7.930 8.155 8.329 8.426 8.190 7.974 7.776
6.003 6.091 6.181 6.272 6.365 6.460 6.556 6.654 6.754 6.855 6.900 6.931 6.967 7.009 7.057 7.110 7.170 7.235 7.305 7.381 7.463 7.551 7.625 7.686 7.740 7.786 7.825 7.856 7.879 7.895 7.903 7.904 7.897 7.882 7.782 7.669 7.571 7.486 7.415 7.357 7.314 7.284 7.267 7.265 7.276 7.300 7.241 7.168 7.099 7.035 6.976 6.922 6.872 6.827 6.788 6.753 6.722 6.697 6.880 7.052 7.177 7.299 7.418 7.534 7.648 7.759 7.867 7.973 8.075 8.176 8.042 7.909 7.795
5.738 5.832 5.927 6.025 6.123 6.224 6.326 6.430 6.535 6.642 6.711 6.762 6.818 6.880 6.948 7.022 7.101 7.185 7.276 7.372 7.474 7.581 7.645 7.673 7.693 7.705 7.710 7.708 7.697 7.679 7.654 7.621 7.580 7.532 7.473 7.421 7.384 7.360 7.350 7.353 7.371 7.401 7.446 7.504 7.576 7.662 7.649 7.597 7.549 7.507 7.442 7.349 7.252 7.153 7.052 6.947 6.840 6.731 6.795 6.910 7.023 7.133 7.240 7.344 7.446 7.545 7.641 7.734 7.825 7.913 7.874 7.825 7.795
5.472 5.571 5.673 5.776 5.880 5.986 6.094 6.204 6.315 6.428 6.518 6.589 6.665 6.747 6.834 6.928 7.027 7.131 7.242 7.358 7.479 7.607 7.675 7.669 7.655 7.634 7.605 7.568 7.524 7.472 7.413 7.347 7.272 7.190 7.149 7.159 7.182 7.219 7.270 7.335 7.413 7.498 7.583 7.669 7.758 7.849 7.832 7.737 7.640 7.539 7.437 7.331 7.223 7.112 6.999 6.883 6.764 6.642 6.668 6.771 6.872 6.970 7.065 7.157 7.246 7.333 7.417 7.499 7.577 7.653 7.688 7.723 7.777
5.204 5.309 5.417 5.525 5.636 5.748 5.861 5.977 6.094 6.212 6.320 6.410 6.506 6.608 6.716 6.829 6.948 7.072 7.202 7.338 7.480 7.627 7.713 7.673 7.625 7.570 7.508 7.437 7.360 7.274 7.181 7.081 6.984 6.898 6.883 6.962 7.043 7.126 7.212 7.300 7.390 7.482 7.576 7.673 7.772 7.873 7.877 7.770 7.661 7.549 7.434 7.317 7.197 7.074 6.949 6.821 6.690 6.557 6.544 6.636 6.724 6.810 6.893 6.973 7.050 7.125 7.197 7.266 7.333 7.397 7.484 7.602 7.740
4.935 5.046 5.159 5.274 5.390 5.508 5.627 5.748 5.871 5.995 6.117 6.227 6.343 6.465 6.592 6.725 6.863 7.008 7.158 7.313 7.475 7.642 7.759 7.661 7.546 7.439 7.337 7.242 7.153 7.071 6.995 6.926 6.863 6.806 6.795 6.884 6.975 7.068 7.163 7.261 7.361 7.463 7.567 7.674 7.782 7.893 7.924 7.806 7.684 7.560 7.434 7.305 7.173 7.039 6.901 6.762 6.619 6.474 6.424 6.503 6.579 6.653 6.723 6.792 6.857 6.920 6.980 7.037 7.091 7.143 7.261 7.463 7.684
4.665 4.782 4.901 5.021 5.143 5.267 5.392 5.519 5.647 5.777 5.909 6.039 6.174 6.316 6.463 6.615 6.754 6.883 7.001 7.108 7.205 7.298 7.369 7.277 7.191 7.112 7.039 6.972 6.912 6.858 6.811 6.770 6.735 6.707 6.705 6.803 6.904 7.007 7.112 7.220 7.330 7.442 7.556 7.672 7.791 7.912 7.974 7.844 7.711 7.575 7.437 7.296 7.152 7.006 6.857 6.706 6.551 6.394 6.306 6.373 6.437 6.498 6.557 6.613 6.667 6.717 6.765 6.811 6.853 6.893 7.019 7.305 7.609
4.394 4.517 4.641 4.767 4.895 5.024 5.155 5.288 5.427 5.592 5.763 5.919 6.063 6.198 6.321 6.434 6.536 6.628 6.709 6.780 6.840 6.895 6.948 6.887 6.830 6.779 6.734 6.696 6.664 6.639 6.619 6.607 6.600 6.600 6.612 6.720 6.831 6.944 7.059 7.177 7.296 7.418 7.542 7.668 7.797 7.928 8.027 7.885 7.740 7.593 7.443 7.290 7.134 6.976 6.816 6.652 6.486 6.318 6.191 6.246 6.298 6.347 6.394 6.438 6.480 6.518 6.554 6.587 6.618 6.645 6.759 7.128 7.516
4.122 4.254 4.401 4.553 4.710 4.873 5.041 5.214 5.393 5.577 5.766 5.895 6.003 6.100 6.187 6.263 6.328 6.383 6.428 6.461 6.484 6.503 6.518 6.490 6.461 6.439 6.422 6.413 6.409 6.412 6.421 6.437 6.459 6.487 6.522 6.635 6.756 6.878 7.004 7.131 7.260 7.392 7.526 7.662 7.801 7.941 8.083 7.929 7.772 7.613 7.451 7.287 7.119 6.949 6.777 6.602 6.424 6.244 6.079 6.122 6.162 6.199 6.234 6.266 6.295 6.322 6.346 6.367 6.385 6.401 6.481 6.934 7.405
3.925 4.085 4.250 4.421 4.597 4.778 4.965 5.157 5.354 5.556 5.764 5.881 5.952 6.013 6.062 6.102 6.130 6.148 6.156 6.153 6.139 6.120 6.099 6.087 6.086 6.092 6.104 6.123 6.148 6.179 6.217 6.261 6.311 6.368 6.431 6.547 6.678 6.811 6.946 7.083 7.222 7.364 7.508 7.654 7.802 7.952 8.105 7.976 7.807 7.636 7.462 7.286 7.107 6.925 6.741 6.554 6.365 6.172 5.978 6.000 6.029 6.054 6.077 6.097 6.114 6.129 6.140 6.150 6.156 6.433 7.139 8.177 9.096
3.732 3.910 4.094 4.284 4.478 4.678 4.883 5.094 5.310 5.531 5.758 5.877 5.911 5.935 5.948 5.950 5.942 5.923 5.894 5.854 5.803 5.748 5.689 5.677 5.705 5.739 5.779 5.826 5.879 5.939 6.005 6.077 6.156 6.241 6.332 6.457 6.598 6.740 6.885 7.032 7.181 7.333 7.487 7.643 7.801 7.961 8.123 8.025 7.845 7.662 7.476 7.288 7.098 6.904 6.708 6.509 6.308 6.104 5.897 5.882 6.035 6.433 6.894 7.420 8.008 8.661 9.377 10.157 11.001 11.908 12.879 13.417 13.807
3.534 3.732 3.934 4.142 4.355 4.574 4.797 5.027 5.261 5.501 5.746 5.883 5.880 5.867 5.843 5.809 5.764 5.708 5.642 5.565 5.478 5.385 5.289 5.260 5.316 5.379 5.448 5.523 5.604 5.692 5.786 5.887 5.994 6.107 6.227 6.365 6.515 6.668 6.823 6.979 7.139 7.300 7.463 7.629 7.797 7.967 8.140 8.077 7.885 7.691 7.493 7.329 7.253 7.225 7.245 7.314 7.430 7.596 7.809 8.286 8.903 9.582 10.326 11.133 12.004 12.938 13.936 14.998 16.123 17.313 18.565 18.769 18.630
3.332 3.548 3.769 3.995 4.227 4.464 4.707 4.954 5.207 5.466 5.729 5.898 5.858 5.808 5.748 5.677 5.595 5.503 5.400 5.286 5.162 5.033 4.900 4.837 4.921 5.012 5.109 5.213 5.323 5.439 5.561 5.690 5.825 5.967 6.115 6.270 6.431 6.593 6.757 6.924 7.093 7.264 7.443 7.619 7.779 7.923 8.051 8.056 8.001 7.994 8.035 8.124 8.262 8.448 8.682 8.965 9.296 9.675 10.102 10.803 11.701 12.662 13.688 14.777 15.929 17.145 18.425 19.769 21.176 22.646 24.181 24.232 23.564
3.125 3.359 3.599 3.844 4.094 4.350 4.611 4.877 5.149 5.425 5.708 5.923 5.847 5.760 5.662 5.555 5.436 5.307 5.167 5.017 4.857 4.690 4.520 4.407 4.520 4.639 4.764 4.896 5.034 5.179 5.329 5.487 5.650 5.853 6.112 6.361 6.579 6.780 6.966 7.135 7.288 7.425 7.546 7.650 7.739 7.811 7.867 7.944 8.102 8.309 8.565 8.868 9.220 9.619 10.068 10.564 11.109 11.701 12.342 13.250 14.430 15.673 16.980 18.351 19.785 21.283 22.844 24.469 26.157 27.909 29.725 29.806 28.610
2.913 3.166 3.424 3.688 3.957 4.231 4.510 4.795 5.085 5.381 5.681 5.957 5.844 5.721 5.587 5.442 5.287 5.121 4.945 4.758 4.561 4.358 4.150 3.971 4.155 4.410 4.666 4.923 5.180 5.438 5.697 5.957 6.218 6.479 6.741 6.983 7.129 7.258 7.372 7.470 7.551 7.616 7.665 7.698 7.715 7.716 7.700 7.781 8.153 8.574 9.043 9.560 10.125 10.739 11.401 12.111 12.869 13.675 14.530 15.629 17.090 18.615 20.204 21.856 23.571 25.350 27.193 29.099 31.068 33.102 35.198 35.491 33.768
2.696 2.968 3.245 3.527 3.814 4.107 4.405 4.708 5.017 5.331 5.650 5.974 5.852 5.692 5.521 5.340 5.151 4.990 4.854 4.743 4.657 4.588 4.533 4.497 4.748 5.007 5.266 5.526 5.787 6.049 6.311 6.574 6.838 7.103 7.369 7.621 7.695 7.753 7.796 7.821 7.831 7.825 7.802 7.764 7.709 7.638 7.551 7.566 8.153 8.787 9.470 10.201 10.980 11.807 12.682 13.606 14.577 15.597 16.665 17.940 19.682 21.488 23.358 25.291 27.288 29.348 31.472 33.659 35.909 38.224 40.601 41.287 39.037
2.475 2.765 3.060 3.361 3.667 3.978 4.295 4.616 4.943 5.266 5.546 5.816 5.707 5.533 5.384 5.260 5.161 5.086 5.035 5.010 5.009 5.026 5.057 5.108 5.339 5.601 5.864 6.128 6.392 6.657 6.923 7.190 7.457 7.726 7.995 8.265 8.279 8.265 8.236 8.190 8.128 8.050 7.956 7.846 7.720 7.577 7.419 7.301 8.101 8.949 9.845 10.790 11.782 12.823 13.911 15.048 16.233 17.466 18.748 20.182 22.205 24.293 26.443 28.658 30.935 33.276 35.681 38.149 40.680 43.275 45.933 47.194 44.417
2.249 2.557 2.873 3.188 3.494 3.790 4.075 4.351 4.616 4.872 5.118 5.354 5.352 5.264 5.201 5.162 5.148 5.159 5.194 5.254 5.338 5.441 5.559 5.696 5.929 6.195 6.461 6.728 6.996 7.264 7.534 7.804 8.075 8.346 8.619 8.892 8.879 8.794 8.693 8.576 8.442 8.293 8.128 7.946 7.748 7.534 7.304 7.058 7.999 9.060 10.170 11.327 12.533 13.787 15.089 16.439 17.837 19.283 20.778 22.355 24.660 27.028 29.460 31.955 34.513 37.135 39.820 42.569 45.381 48.256 51.195 53.212 49.908
2.139 2.440 2.731 3.012 3.283 3.544 3.795 4.036 4.267 4.488 4.699 4.901 4.975 4.973 4.995 5.042 5.113 5.209 5.330 5.475 5.645 5.834 6.038 6.261 6.517 6.786 7.056 7.326 7.597 7.869 8.142 8.416 8.690 8.965 9.241 9.518 9.496 9.340 9.167 8.978 8.774 8.553 8.316 8.063 7.794 7.508 7.207 6.889 7.846 9.120 10.443 11.814 13.233 14.700 16.215 17.778 19.389 21.048 22.756 24.511 27.046 29.695 32.407 35.183 38.022 40.925 43.890 46.919 50.012 53.168 56.387 58.955 54.273
2.075 2.341 2.598 2.844 3.081 3.307 3.524 3.731 3.927 4.114 4.291 4.458 4.577 4.660 4.768 4.900 5.057 5.238 5.444 5.674 5.929 6.204 6.494 6.804 7.103 7.376 7.649 7.923 8.197 8.473 8.749 9.026 9.304 9.583 9.862 10.142 10.130 9.902 9.658 9.398 9.122 8.830 8.521 8.197 7.856 7.499 7.127 6.738 7.642 9.129 10.665 12.249 13.881 15.561 17.289 19.065 20.889 22.761 24.681 26.649 29.364 32.294 35.076 37.454 39.810 42.144 44.456 46.746 49.015 51.262 53.487 55.690 51.866
2.021 2.252 2.474 2.686 2.888 3.080 3.263 3.435 3.597 3.749 3.892 4.024 4.156 4.325 4.518 4.735 4.977 5.244 5.535 5.851 6.191 6.552 6.928 7.324 7.688 7.964 8.240 8.518 8.796 9.075 9.355 9.635 9.916 10.198 10.481 10.765 10.781 10.481 10.166 9.834 9.487 9.123 8.744 8.348 7.936 7.508 7.064 6.604 7.387 9.088 10.836 12.633 14.478 16.334 18.073 19.740 21.335 22.859 24.310 25.690 27.737 30.063 32.367 34.649 36.910 39.149 41.366 43.561 45.735 47.887 50.017 52.125 49.364
1.976 2.173 2.360 2.538 2.705 2.863 3.011 3.148 3.276 3.394 3.502 3.600 3.714 3.968 4.246 4.549 4.876 5.228 5.604 6.005 6.431 6.877 7.339 7.821 8.271 8.550 8.830 9.111 9.393 9.675 9.958 10.242 10.527 10.812 11.099 11.386 11.448 11.077 10.691 10.288 9.869 9.434 8.983 8.516 8.071 7.739 7.430 7.142 7.859 9.640 11.349 12.987 14.552 16.046 17.468 18.818 20.096 21.302 22.437 23.500 25.243 27.474 29.683 31.870 34.036 36.179 38.302 40.402 42.481 44.537 46.573 48.586 46.767
