DATA/SHG/ECMWF/20170628/EN-37/20170709.en-37.asc
ncols        190
nrows        64
xllcorner    -5100000.000000000000
yllcorner    4130000.000000000000
cellsize     10000.000000000000
NODATA_value  -99999.000
[rows 0 to 32 of 64, columns 0 to 72 of 190]
0.345 0.348 0.350 0.350 0.350 0.348 0.346 0.343 0.338 0.320 0.297 0.273 0.249 0.225 0.199 0.174 0.147 0.120 0.093 0.076 0.063 0.086 0.125 0.163 0.200 0.235 0.269 0.302 0.334 0.365 0.394 0.422 0.449 0.495 0.554 0.617 0.681 0.749 0.819 0.891 0.966 1.043 1.123 1.206 1.291 1.368 1.431 1.487 1.538 1.583 1.622 1.654 1.681 1.701 1.716 1.724 1.727 1.713 1.685 1.653 1.617 1.577 1.535 1.488 1.438 1.384 1.327 1.267 1.202 1.152 1.133 1.117 1.105
0.307 0.306 0.304 0.301 0.297 0.292 0.287 0.280 0.272 0.254 0.229 0.203 0.191 0.179 0.167 0.154 0.141 0.127 0.113 0.099 0.084 0.096 0.131 0.165 0.197 0.229 0.259 0.287 0.315 0.341 0.367 0.391 0.413 0.456 0.525 0.596 0.670 0.746 0.825 0.906 0.990 1.077 1.166 1.257 1.351 1.428 1.469 1.505 1.534 1.558 1.575 1.587 1.592 1.591 1.584 1.572 1.553 1.524 1.483 1.438 1.390 1.338 1.283 1.224 1.161 1.095 1.026 0.953 0.876 0.814 0.808 0.806 0.808
0.269 0.265 0.259 0.253 0.247 0.250 0.253 0.258 0.263 0.262 0.249 0.237 0.224 0.210 0.196 0.182 0.168 0.153 0.138 0.122 0.106 0.108 0.139 0.168 0.196 0.223 0.249 0.274 0.297 0.319 0.340 0.360 0.379 0.415 0.493 0.573 0.656 0.741 0.829 0.919 1.012 1.107 1.205 1.306 1.409 1.493 1.514 1.528 1.536 1.539 1.535 1.525 1.509 1.487 1.459 1.425 1.385 1.339 1.285 1.228 1.167 1.103 1.035 0.964 0.889 0.810 0.728 0.642 0.650 0.661 0.755 0.844 0.929
0.248 0.250 0.252 0.256 0.262 0.268 0.276 0.285 0.295 0.298 0.285 0.271 0.256 0.242 0.227 0.211 0.195 0.179 0.162 0.145 0.128 0.121 0.148 0.173 0.197 0.219 0.241 0.261 0.281 0.299 0.315 0.331 0.345 0.371 0.458 0.547 0.639 0.733 0.830 0.929 1.031 1.135 1.242 1.351 1.463 1.565 1.564 1.557 1.544 1.525 1.500 1.469 1.432 1.389 1.340 1.285 1.224 1.157 1.091 1.021 0.960 1.030 1.084 1.123 1.146 1.153 1.145 1.121 1.082 1.027 1.102 1.175 1.243
0.244 0.250 0.257 0.265 0.275 0.285 0.297 0.310 0.325 0.336 0.321 0.305 0.290 0.274 0.257 0.240 0.223 0.205 0.188 0.169 0.150 0.135 0.157 0.178 0.198 0.217 0.234 0.250 0.265 0.279 0.292 0.303 0.313 0.325 0.421 0.519 0.619 0.722 0.828 0.936 1.047 1.160 1.276 1.395 1.516 1.639 1.621 1.593 1.559 1.518 1.472 1.420 1.362 1.339 1.443 1.539 1.626 1.706 1.769 1.815 1.846 1.861 1.860 1.844 1.812 1.764 1.701 1.623 1.528 1.418 1.452 1.509 1.560
0.238 0.248 0.260 0.272 0.286 0.301 0.317 0.335 0.354 0.373 0.357 0.340 0.323 0.306 0.288 0.270 0.251 0.232 0.213 0.193 0.173 0.153 0.169 0.185 0.201 0.215 0.228 0.240 0.251 0.261 0.269 0.276 0.282 0.287 0.381 0.488 0.597 0.709 0.824 0.941 1.061 1.183 1.308 1.435 1.565 1.697 1.756 1.888 2.011 2.126 2.234 2.334 2.425 2.509 2.585 2.652 2.712 2.764 2.779 2.770 2.746 2.706 2.650 2.579 2.492 2.390 2.272 2.138 1.989 1.824 1.806 1.847 1.882
0.231 0.245 0.261 0.278 0.296 0.316 0.336 0.358 0.381 0.405 0.394 0.376 0.357 0.338 0.319 0.300 0.280 0.260 0.239 0.218 0.196 0.175 0.181 0.194 0.205 0.215 0.224 0.232 0.238 0.244 0.248 0.251 0.253 0.253 0.338 0.454 0.573 0.694 0.817 1.020 1.295 1.588 1.899 2.227 2.574 2.938 3.130 3.233 3.328 3.415 3.495 3.566 3.630 3.685 3.733 3.773 3.804 3.828 3.802 3.739 3.659 3.564 3.454 3.328 3.186 3.029 2.856 2.668 2.464 2.244 2.165 2.188 2.208
0.223 0.241 0.261 0.283 0.305 0.329 0.354 0.380 0.407 0.435 0.431 0.411 0.391 0.371 0.351 0.330 0.309 0.287 0.265 0.243 0.220 0.197 0.195 0.203 0.210 0.216 0.221 0.224 0.227 0.228 0.228 0.227 0.293 0.379 0.554 0.803 1.069 1.353 1.655 1.975 2.313 2.668 3.041 3.432 3.841 4.268 4.509 4.584 4.651 4.710 4.762 4.805 4.840 4.868 4.887 4.899 4.903 4.898 4.840 4.721 4.587 4.437 4.272 4.091 3.895 3.683 3.455 3.212 2.953 2.679 2.527 2.534 2.537
0.213 0.236 0.260 0.286 0.313 0.341 0.370 0.400 0.432 0.464 0.468 0.447 0.426 0.405 0.383 0.361 0.338 0.315 0.292 0.268 0.244 0.219 0.210 0.214 0.217 0.308 0.403 0.496 0.586 0.674 0.759 0.841 0.922 0.999 1.177 1.488 1.817 2.164 2.528 2.910 3.310 3.728 4.164 4.617 5.088 5.577 5.894 5.941 5.980 6.011 6.034 6.050 6.057 6.056 6.048 6.031 6.007 5.975 5.890 5.717 5.528 5.324 5.104 4.868 4.617 4.350 4.068 3.770 3.456 3.127 2.892 2.884 2.870
0.202 0.229 0.258 0.288 0.319 0.351 0.384 0.419 0.455 0.492 0.506 0.484 0.461 0.438 0.415 0.392 0.368 0.355 0.423 0.494 0.567 0.643 0.728 0.822 0.913 1.002 1.088 1.171 1.253 1.331 1.407 1.481 1.552 1.621 1.781 2.154 2.546 2.955 3.382 3.826 4.289 4.769 5.267 5.782 6.316 6.867 7.285 7.304 7.315 7.318 7.313 7.300 7.280 7.251 7.214 7.170 7.118 7.057 6.955 6.727 6.483 6.224 5.949 5.659 5.353 5.031 4.694 4.342 3.974 3.590 3.262 3.237 3.207
0.190 0.221 0.254 0.288 0.324 0.360 0.398 0.437 0.477 0.518 0.570 0.628 0.690 0.754 0.821 0.890 0.962 1.037 1.114 1.194 1.277 1.362 1.450 1.535 1.617 1.697 1.774 1.848 1.921 1.990 2.057 2.122 2.184 2.244 2.365 2.801 3.255 3.726 4.216 4.722 5.247 5.790 6.350 6.928 7.524 8.137 8.682 8.673 8.656 8.631 8.598 8.557 8.508 8.452 8.387 8.315 8.234 8.146 8.033 7.750 7.452 7.138 6.809 6.464 6.103 5.727 5.335 4.928 4.505 4.067 3.636 3.594 3.548
0.176 0.212 0.249 0.351 0.503 0.644 0.774 0.893 1.001 1.098 1.183 1.251 1.322 1.395 1.471 1.550 1.631 1.715 1.802 1.891 1.983 2.077 2.173 2.249 2.322 2.393 2.461 2.527 2.590 2.651 2.709 2.765 2.818 2.869 2.930 3.429 3.945 4.478 5.030 5.599 6.186 6.791 7.413 8.054 8.712 9.387 10.081 10.048 10.003 9.950 9.889 9.820 9.743 9.659 9.566 9.466 9.357 9.241 9.117 8.788 8.435 8.066 7.682 7.282 6.867 6.436 5.990 5.552 5.132 4.717 4.306 4.276 4.269
0.825 0.971 1.106 1.230 1.343 1.446 1.537 1.618 1.687 1.746 1.794 1.870 1.950 2.033 2.118 2.206 2.296 2.389 2.485 2.584 2.685 2.789 2.895 2.965 3.030 3.091 3.151 3.207 3.262 3.313 3.363 3.409 3.453 3.495 3.534 4.037 4.615 5.211 5.825 6.457 7.106 7.773 8.457 9.160 9.880 10.618 11.373 11.429 11.356 11.275 11.186 11.089 10.984 10.872 10.751 10.623 10.486 10.342 10.190 9.839 9.409 8.971 8.539 8.111 7.689 7.271 6.857 6.449 6.046 5.647 5.253 5.145 5.103
1.830 1.937 2.034 2.119 2.194 2.258 2.311 2.353 2.385 2.405 2.415 2.485 2.574 2.666 2.761 2.858 2.958 3.060 3.165 3.273 3.383 3.496 3.612 3.683 3.738 3.791 3.841 3.889 3.935 3.977 4.018 4.055 4.091 4.123 4.153 4.626 5.267 5.925 6.601 7.295 8.006 8.735 9.482 10.246 11.029 11.829 12.646 12.816 12.715 12.606 12.489 12.364 12.231 11.967 11.706 11.473 11.269 11.092 10.944 10.609 10.184 9.763 9.347 8.936 8.530 8.129 7.732 7.341 6.954 6.572 6.195 6.021 5.945
2.845 2.914 2.972 3.019 3.056 3.081 3.096 3.100 3.093 3.075 3.046 3.096 3.195 3.296 3.400 3.506 3.615 3.727 3.841 3.958 4.078 4.200 4.325 4.402 4.449 4.493 4.534 4.573 4.609 4.643 4.674 4.703 4.729 4.753 4.774 5.196 5.899 6.619 7.357 8.113 8.887 9.678 10.487 11.313 12.158 13.020 13.644 13.697 13.365 13.062 12.787 12.540 12.321 12.131 11.968 11.834 11.728 11.651 11.602 11.362 10.954 10.549 10.150 9.756 9.366 8.982 8.602 8.227 7.856 7.491 7.130 6.906 6.795
3.871 3.902 3.921 3.930 3.928 3.915 3.891 3.857 3.812 3.755 3.688 3.704 3.812 3.922 4.035 4.150 4.269 4.390 4.513 4.639 4.768 4.899 5.034 5.123 5.161 5.196 5.228 5.258 5.285 5.310 5.333 5.352 5.370 5.385 5.397 5.747 6.512 7.294 8.086 8.815 9.515 10.183 10.822 11.430 12.007 12.554 13.071 13.240 13.007 12.802 12.626 12.478 12.358 12.266 12.202 12.167 12.160 12.181 12.230 12.110 11.717 11.330 10.947 10.570 10.197 9.829 9.465 9.107 8.753 8.404 8.060 7.798 7.653
4.907 4.899 4.881 4.851 4.811 4.760 4.698 4.625 4.541 4.447 4.341 4.308 4.425 4.544 4.666 4.791 4.919 5.049 5.181 5.317 5.455 5.595 5.739 5.846 5.874 5.900 5.924 5.945 5.963 5.979 5.993 6.001 6.012 6.037 6.077 6.343 7.057 7.741 8.395 9.018 9.611 10.173 10.705 11.207 11.678 12.118 12.529 12.755 12.621 12.515 12.437 12.388 12.367 12.374 12.409 12.472 12.563 12.683 12.831 12.851 12.476 12.105 11.739 11.378 11.021 10.670 10.323 9.981 9.644 9.312 8.984 8.699 8.519
5.954 5.908 5.851 5.783 5.704 5.615 5.515 5.403 5.281 5.149 5.005 4.908 5.034 5.163 5.294 5.428 5.565 5.704 5.846 5.990 6.138 6.287 6.440 6.570 6.558 6.519 6.494 6.484 6.488 6.506 6.539 6.585 6.646 6.721 6.810 7.002 7.610 8.188 8.735 9.251 9.738 10.194 10.619 11.014 11.379 11.714 12.018 12.243 12.208 12.200 12.221 12.270 12.348 12.453 12.587 12.749 12.939 13.157 13.403 13.587 13.228 12.874 12.525 12.180 11.840 11.505 11.175 10.850 10.529 10.213 9.902 9.608 9.394
7.011 6.927 6.832 6.725 6.608 6.481 6.342 6.193 6.033 5.861 5.680 5.504 5.640 5.778 5.918 6.061 6.207 6.304 6.375 6.450 6.528 6.610 6.696 6.781 6.778 6.789 6.814 6.854 6.908 6.976 7.058 7.154 7.265 7.389 7.528 7.691 8.193 8.664 9.105 9.515 9.895 10.245 10.564 10.853 11.111 11.340 11.537 11.703 11.767 11.858 11.978 12.125 12.301 12.505 12.737 12.997 13.286 13.602 13.947 14.318 13.976 13.638 13.305 12.977 12.654 12.335 12.022 11.713 11.409 11.109 10.815 10.525 10.276
8.079 7.956 7.823 7.678 7.523 7.357 7.180 6.993 6.794 6.585 6.289 5.981 6.007 6.072 6.142 6.215 6.291 6.371 6.455 6.543 6.634 6.729 6.827 6.929 6.983 7.044 7.119 7.208 7.312 7.429 7.561 7.707 7.868 8.042 8.231 8.434 8.806 9.171 9.505 9.809 10.083 10.326 10.539 10.722 10.874 10.996 11.088 11.150 11.298 11.488 11.706 11.952 12.227 12.529 12.860 13.218 13.605 14.020 14.463 14.934 14.717 14.396 14.080 13.768 13.461 13.159 12.862 12.570 12.283 12.000 11.722 11.449 11.167
9.157 8.996 8.824 8.486 8.154 7.829 7.510 7.198 6.893 6.595 6.304 6.019 6.006 6.085 6.167 6.253 6.342 6.435 6.532 6.632 6.736 6.843 6.955 7.070 7.173 7.283 7.408 7.547 7.700 7.868 8.049 8.245 8.455 8.679 8.917 9.170 9.449 9.707 9.936 10.133 10.301 10.438 10.545 10.622 10.668 10.684 10.670 10.625 10.803 11.091 11.407 11.752 12.125 12.525 12.954 13.411 13.896 14.409 14.950 15.520 15.453 15.148 14.849 14.554 14.263 13.978 13.697 13.381 12.999 12.613 12.223 11.830 11.401
9.293 8.964 8.642 8.327 8.019 7.717 7.422 7.135 6.853 6.579 6.312 6.051 6.002 6.093 6.188 6.287 6.389 6.495 6.604 6.717 6.834 6.954 7.078 7.206 7.347 7.508 7.682 7.871 8.074 8.291 8.522 8.767 9.027 9.301 9.589 9.891 10.122 10.274 10.396 10.488 10.550 10.581 10.582 10.552 10.493 10.403 10.283 10.132 10.279 10.666 11.081 11.524 11.995 12.494 13.021 13.576 14.159 14.770 15.410 16.077 16.146 15.776 15.403 15.027 14.646 14.262 13.874 13.483 13.087 12.688 12.286 11.879 11.430
9.055 8.750 8.452 8.161 7.876 7.599 7.328 7.064 6.806 6.556 6.312 6.075 5.994 6.098 6.206 6.317 6.432 6.550 6.672 6.798 6.928 7.061 7.198 7.338 7.507 7.717 7.941 8.179 8.432 8.698 8.979 9.274 9.583 9.907 10.244 10.596 10.825 10.871 10.887 10.873 10.828 10.754 10.649 10.513 10.348 10.152 9.926 9.670 9.729 10.214 10.727 11.268 11.837 12.430 13.032 13.642 14.260 14.886 15.520 16.163 16.342 15.959 15.573 15.184 14.790 14.393 13.992 13.588 13.179 12.767 12.352 11.932 11.469
8.810 8.529 8.255 7.987 7.727 7.473 7.226 6.985 6.752 6.525 6.305 6.092 5.982 6.098 6.219 6.343 6.471 6.602 6.737 6.875 7.018 7.164 7.313 7.466 7.651 7.911 8.185 8.472 8.775 9.091 9.421 9.766 10.124 10.497 10.884 11.285 11.558 11.498 11.408 11.288 11.138 10.957 10.746 10.505 10.234 9.932 9.606 9.293 9.272 9.862 10.460 11.066 11.680 12.302 12.933 13.571 14.218 14.873 15.536 16.207 16.541 16.146 15.747 15.344 14.938 14.527 14.114 13.696 13.275 12.850 12.421 11.989 11.517
8.558 8.301 8.050 7.807 7.570 7.340 7.117 6.900 6.690 6.487 6.291 6.102 5.966 6.095 6.228 6.365 6.506 6.650 6.797 6.949 7.104 7.262 7.424 7.590 7.780 8.090 8.413 8.750 9.102 9.468 9.848 10.242 10.650 11.072 11.509 11.959 12.321 12.155 11.959 11.593 11.222 10.867 10.529 10.207 9.902 9.613 9.341 9.085 8.994 9.612 10.239 10.873 11.516 12.167 12.826 13.493 14.168 14.851 15.543 16.242 16.744 16.336 15.924 15.508 15.089 14.665 14.239 13.808 13.374 12.936 12.494 12.049 11.575
8.299 8.066 7.839 7.619 7.406 7.200 7.000 6.808 6.622 6.442 6.270 6.104 5.946 6.088 6.234 6.383 6.537 6.693 6.854 7.018 7.185 7.357 7.532 7.710 7.894 8.253 8.626 9.013 9.414 9.830 10.259 10.699 10.980 11.247 11.500 11.738 11.949 11.586 11.239 10.909 10.596 10.298 10.018 9.753 9.505 9.274 9.059 8.860 8.708 9.354 10.010 10.673 11.344 12.023 12.711 13.406 14.110 14.822 15.542 16.270 16.951 16.529 16.104 15.675 15.243 14.807 14.367 13.923 13.476 13.025 12.571 12.112 11.641
8.041 7.823 7.621 7.425 7.235 7.053 6.877 6.708 6.546 6.390 6.241 6.100 5.964 6.077 6.235 6.398 6.564 6.733 6.906 7.083 7.263 7.447 7.635 7.826 8.011 8.314 8.630 8.932 9.220 9.494 9.754 10.000 10.232 10.450 10.654 10.844 11.019 10.771 10.482 10.210 9.953 9.714 9.490 9.283 9.093 8.919 8.761 8.620 8.495 9.089 9.772 10.464 11.164 11.872 12.588 13.312 14.044 14.784 15.533 16.289 17.054 16.726 16.288 15.846 15.401 14.952 14.499 14.042 13.582 13.118 12.651 12.180 11.705
7.794 7.574 7.395 7.223 7.057 6.898 6.746 6.601 6.462 6.331 6.206 6.087 5.976 6.061 6.233 6.408 6.587 6.772 6.954 7.121 7.270 7.403 7.520 7.620 7.703 7.924 8.191 8.445 8.684 8.909 9.120 9.317 9.500 9.669 9.824 9.965 10.091 9.941 9.710 9.494 9.296 9.113 8.947 8.798 8.665 8.548 8.448 8.364 8.296 8.815 9.528 10.248 10.976 11.712 12.457 13.209 13.970 14.739 15.516 16.301 17.094 16.926 16.475 16.020 15.562 15.100 14.634 14.165 13.692 13.215 12.734 12.250 11.762
7.559 7.318 7.162 7.014 6.872 6.737 6.608 6.487 6.372 6.264 6.189 6.152 6.121 6.221 6.412 6.587 6.744 6.886 7.010 7.119 7.211 7.286 7.345 7.387 7.413 7.550 7.768 7.972 8.163 8.339 8.501 8.649 8.783 8.903 9.009 9.101 9.179 9.095 8.921 8.763 8.622 8.497 8.388 8.296 8.221 8.161 8.118 8.092 8.081 8.534 9.275 10.023 10.780 11.545 12.318 13.099 13.888 14.685 15.490 16.304 17.125 17.130 16.666 16.198 15.727 15.252 14.773 14.291 13.804 13.315 12.821 12.324 11.823
7.336 7.054 6.923 6.834 6.773 6.719 6.672 6.631 6.597 6.570 6.549 6.535 6.527 6.583 6.716 6.833 6.933 7.017 7.084 7.134 7.169 7.186 7.187 7.172 7.140 7.191 7.360 7.515 7.657 7.784 7.897 7.996 8.081 8.153 8.210 8.253 8.282 8.234 8.117 8.017 7.933 7.865 7.814 7.779 7.760 7.758 7.773 7.803 7.850 8.245 9.014 9.791 10.576 11.370 12.171 12.980 13.798 14.624 15.457 16.299 17.149 17.337 16.860 16.379 15.895 15.407 14.915 14.420 13.880 13.283 12.699 12.128 11.571
7.481 7.119 7.068 7.024 6.987 6.956 6.932 6.914 6.903 6.899 6.901 6.910 6.925 6.963 7.038 7.097 7.139 7.165 7.175 7.168 7.144 7.104 7.048 6.975 6.885 6.846 6.967 7.073 7.166 7.244 7.309 7.359 7.395 7.418 7.426 7.420 7.401 7.357 7.298 7.255 7.228 7.217 7.223 7.246 7.285 7.340 7.411 7.499 7.603 7.948 8.745 9.551 10.365 11.186 12.016 12.854 13.700 14.554 15.416 16.286 17.164 17.467 16.823 16.192 15.574 14.970 14.380 13.802 13.238 12.687 12.150 11.626 11.115
7.854 7.255 7.227 7.207 7.192 7.185 7.183 7.189 7.201 7.220 7.245 7.277 7.316 7.359 7.377 7.378 7.363 7.331 7.283 7.218 7.137 7.039 6.925 6.795 6.648 6.517 6.589 6.647 6.690 6.720 6.735 6.737 6.724 6.698 6.658 6.603 6.535 6.465 6.463 6.477 6.507 6.554 6.617 6.697 6.793 6.905 7.034 7.179 7.340 7.643 8.469 9.303 10.145 10.995 11.943 12.887 13.744 14.513 15.195 15.789 16.297 16.489 15.891 15.307 14.736 14.178 13.634 13.102 12.585 12.080 11.589 11.111 10.647
8.284 7.459 7.379 7.382 7.390 7.406 7.428 7.456 7.492 7.534 7.582 7.637 7.699 7.767 7.732 7.676 7.603 7.514 7.408 7.286 7.147 6.992 6.821 6.633 6.428 6.208 6.226 6.235 6.230 6.211 6.177 6.130 6.069 5.994 5.905 5.802 5.684 5.557 5.612 5.683 5.771 5.875 5.995 6.132 6.285 6.455 6.640 7.123 7.743 8.402 9.479 10.468 11.370 12.184 12.912 13.552 14.104 14.570 14.948 15.239 15.442 15.499 14.948 14.410 13.885 13.374 12.876 12.391 11.920 11.462 11.017 10.585 10.167
