DATA/SHG/ECMWF/20170628/EN-37/20170703.en-37.asc
ncols        190
nrows        64
xllcorner    -5100000.000000000000
yllcorner    4130000.000000000000
cellsize     10000.000000000000
NODATA_value  -99999.000
[rows 32 to 63 of 64, columns 0 to 71 of 190]
15.753 16.540 16.797 16.998 17.192 17.382 17.566 17.744 17.917 18.085 18.247 18.403 18.554 18.700 18.848 18.974 19.076 19.155 19.209 19.240 19.247 19.231 19.190 19.126 19.038 18.927 18.363 17.750 17.095 16.398 15.660 14.880 14.058 13.194 12.288 11.341 10.352 9.339 9.228 9.117 9.005 8.894 8.783 8.672 8.561 8.450 8.340 8.396 8.532 8.691 9.118 9.496 9.826 10.108 10.343 10.528 10.666 10.756 10.798 10.791 10.737 10.599 10.097 9.603 9.117 8.638 8.167 7.704 7.248 6.801 6.360 5.928
18.154 18.929 19.257 19.438 19.613 19.783 19.947 20.106 20.260 20.408 20.550 20.687 20.819 20.945 21.021 21.063 21.082 21.077 21.048 20.996 20.920 20.820 20.697 20.549 20.378 20.184 19.546 18.787 17.986 17.143 16.259 15.332 14.364 13.354 12.302 11.209 10.074 8.896 8.651 8.540 8.608 8.724 8.845 8.973 9.106 9.244 9.388 9.537 9.692 9.853 10.102 10.313 10.476 10.591 10.657 10.676 10.647 10.569 10.444 10.270 10.048 9.778 9.311 8.844 8.385 7.933 7.489 7.052 6.623 6.202 5.789 5.383
20.554 21.318 21.720 21.881 22.037 22.187 22.332 22.471 22.605 22.734 22.857 22.974 23.086 23.193 23.215 23.175 23.110 23.022 22.910 22.775 22.616 22.433 22.226 21.996 21.742 21.464 20.772 19.867 18.920 17.931 16.900 15.828 14.713 13.967 13.111 12.104 10.947 9.639 9.353 9.477 9.607 9.742 9.883 10.030 10.182 10.339 10.503 10.671 10.846 11.026 11.133 11.177 11.172 11.120 11.019 10.871 10.674 10.429 10.136 9.796 9.407 8.970 8.519 8.079 7.646 7.221 6.804 6.394 5.992 5.597 5.211 4.832
22.955 23.707 24.185 24.327 24.463 24.594 24.719 24.839 24.954 25.062 25.166 25.264 25.357 25.444 25.433 25.309 25.161 24.990 24.795 24.576 24.334 24.068 23.778 23.465 23.128 22.805 22.908 22.578 22.097 21.467 20.686 19.756 18.675 17.444 16.063 14.532 12.850 11.019 10.307 10.450 10.599 10.754 10.914 11.080 11.251 11.428 11.610 11.798 11.992 12.191 12.211 12.087 11.915 11.695 11.428 11.112 10.748 10.336 9.877 9.369 8.813 8.209 7.721 7.307 6.901 6.503 6.112 5.729 5.354 4.986 4.626 4.274
25.356 26.096 26.653 26.775 26.892 27.003 27.109 27.210 27.305 27.394 27.478 27.557 27.630 27.697 27.673 27.466 27.235 26.981 26.929 27.896 28.713 29.379 29.894 30.259 30.474 30.538 30.206 29.351 28.346 27.191 25.886 24.431 22.826 21.071 19.166 17.111 14.906 12.551 11.254 11.416 11.585 11.759 11.938 12.123 12.313 12.509 12.711 12.918 13.131 13.349 13.334 13.044 12.705 12.318 11.883 11.400 10.869 10.291 9.664 8.989 8.267 7.496 6.917 6.530 6.150 5.778 5.414 5.058 4.709 4.368 4.035 3.709
27.757 28.486 29.124 29.227 29.324 29.416 29.502 29.583 29.659 29.729 29.793 30.267 31.811 33.518 35.231 36.273 37.164 37.905 38.496 38.936 39.226 39.365 39.354 39.193 38.881 38.418 37.652 36.273 34.743 33.064 31.235 29.256 27.127 24.848 22.420 19.841 17.112 14.234 12.194 12.376 12.563 12.756 12.955 13.159 13.369 13.584 13.805 14.031 14.263 14.501 14.504 14.046 13.540 12.987 12.385 11.735 11.037 10.292 9.498 8.657 7.768 6.831 6.106 5.745 5.393 5.048 4.710 4.381 4.059 3.744 3.438 3.139
30.159 30.876 31.590 31.681 32.099 33.070 34.204 35.501 36.960 38.582 40.368 42.315 44.426 46.699 49.049 49.564 49.929 50.143 50.207 50.121 49.884 49.497 48.960 48.273 47.435 46.447 45.245 43.342 41.289 39.086 36.733 34.230 31.578 28.776 25.824 22.722 19.470 16.069 13.127 13.328 13.535 13.747 13.965 14.188 14.417 14.652 14.892 15.137 15.388 15.645 15.720 15.095 14.422 13.702 12.933 12.117 11.252 10.340 9.380 8.372 7.316 6.212 5.289 4.955 4.629 4.311 4.000 3.697 3.401 3.114 3.115 3.347
34.693 36.024 37.366 38.613 39.988 41.527 43.228 45.091 47.117 49.306 51.658 54.172 56.849 59.688 62.690 62.999 62.837 62.525 62.063 61.451 60.688 59.775 58.712 57.499 56.136 54.622 52.958 50.559 47.982 45.256 42.379 39.354 36.178 32.853 29.378 25.753 21.979 18.055 14.053 14.274 14.499 14.731 14.968 15.210 15.458 15.712 15.971 16.236 16.506 16.782 16.982 16.191 15.351 14.464 13.528 12.545 11.514 10.435 9.309 8.134 6.912 5.641 4.465 4.373 4.429 4.535 4.691 4.896 5.152 5.457 5.813 6.218
41.335 42.701 44.077 45.747 47.690 49.795 52.062 54.492 57.085 59.840 62.757 65.837 69.080 72.485 76.053 76.577 75.889 75.051 74.064 72.926 71.637 70.199 68.611 66.872 64.984 62.945 60.756 57.923 54.823 51.574 48.175 44.626 40.928 37.080 33.083 28.936 24.639 20.193 15.597 15.212 15.457 15.708 15.964 16.226 16.493 16.766 17.044 17.328 17.617 17.912 18.213 17.332 16.326 15.272 14.170 13.020 12.085 11.173 10.195 9.152 8.043 6.869 5.632 5.811 6.040 6.319 6.647 7.026 7.454 7.932 8.460 9.038
47.958 49.358 50.768 52.694 55.203 57.874 60.708 63.704 66.862 70.183 73.666 77.312 81.120 85.090 89.223 90.299 89.085 87.722 86.209 84.545 82.732 80.768 78.655 76.392 73.978 71.415 68.702 65.435 61.812 58.040 54.118 50.047 45.827 41.457 36.937 32.268 27.450 22.481 17.364 16.144 16.408 16.678 16.953 17.234 17.520 17.812 18.110 18.413 18.721 19.318 20.072 19.636 18.823 17.944 17.000 15.991 14.916 13.776 12.571 11.300 9.963 8.562 7.094 7.199 7.601 8.052 8.553 9.105 9.705 10.356 11.057 11.807
54.561 55.995 57.439 59.454 62.528 65.765 69.164 72.726 76.450 80.336 84.385 88.595 92.969 97.504 102.202 104.164 102.425 100.536 98.498 96.310 93.972 91.483 88.845 86.058 83.120 80.032 76.794 73.094 68.949 64.654 60.211 55.617 50.875 45.983 40.942 35.751 30.411 24.921 19.282 17.069 17.352 17.641 17.900 18.263 18.736 19.321 20.016 20.821 21.737 22.764 23.902 23.668 22.626 21.520 20.348 19.111 17.809 16.441 15.007 13.509 11.945 10.316 8.621 8.537 9.112 9.736 10.410 11.133 11.907 12.730 13.603 14.526
61.144 62.612 64.090 66.026 69.666 73.468 77.433 81.560 85.849 90.300 94.913 99.689 104.627 109.727 114.989 118.172 115.908 113.495 110.932 108.219 105.356 102.344 99.182 95.870 92.408 88.796 85.035 80.900 76.233 71.417 66.451 61.336 56.072 50.658 45.076 38.663 32.370 26.195 20.139 16.965 17.381 17.907 18.543 19.291 20.148 21.117 22.196 23.385 24.685 26.096 27.617 27.759 26.490 25.156 23.756 22.292 20.761 19.166 17.505 15.779 13.988 12.131 10.209 9.826 10.573 11.369 12.216 13.112 14.058 15.053 16.099 17.194
67.708 69.210 70.722 72.411 76.616 80.984 85.513 90.205 95.058 100.074 105.252 110.592 116.094 121.758 127.584 132.323 129.535 126.597 123.510 120.273 116.886 113.350 109.664 105.828 101.842 97.707 93.422 88.633 81.800 75.087 68.492 62.016 55.659 49.421 43.301 37.300 31.418 25.655 20.010 16.344 17.144 18.054 19.075 20.206 21.447 22.800 24.262 25.835 27.519 29.313 31.218 31.910 30.414 28.852 27.225 25.533 23.775 21.952 20.064 18.111 16.092 14.008 11.859 11.065 11.984 12.953 13.972 15.040 16.158 17.326 18.544 19.811
74.251 75.788 77.334 78.890 83.379 88.311 93.405 98.661 104.079 109.659 115.401 121.305 127.371 133.599 139.989 146.541 143.305 139.843 136.232 132.471 127.856 120.924 114.210 107.716 101.441 95.385 89.548 83.859 77.438 71.136 64.953 58.889 52.943 47.116 41.408 35.818 30.347 24.995 19.761 15.611 16.795 18.089 19.493 21.008 22.634 24.369 26.215 28.172 30.239 32.416 34.704 36.121 34.397 32.608 30.754 28.834 26.849 24.799 22.684 20.503 18.257 15.946 13.570 12.254 13.346 14.487 15.678 16.919 18.209 19.549 20.939 22.378
80.775 82.346 83.926 85.516 89.955 95.452 101.110 106.930 112.912 119.056 125.361 131.829 138.458 144.010 147.072 149.994 144.341 137.295 130.467 123.858 117.469 111.298 105.346 99.613 94.100 88.805 83.729 78.872 72.959 67.069 61.297 55.644 50.110 44.694 39.397 34.218 29.158 24.216 19.394 14.767 16.334 18.012 19.800 21.698 23.707 25.826 28.055 30.395 32.845 35.405 38.076 40.392 38.441 36.424 34.343 32.196 29.984 27.707 25.364 22.956 20.484 17.946 15.342 13.394 14.658 15.971 17.334 18.747 20.209 21.722 23.283 24.895
87.280 88.884 90.498 92.122 96.345 102.405 107.455 111.011 114.428 117.705 120.843 123.841 126.700 129.419 131.999 134.439 130.690 124.405 118.339 112.492 106.864 101.454 96.264 91.292 86.539 82.005 77.690 73.593 68.365 62.885 57.525 52.283 47.159 42.154 37.268 32.500 27.850 23.319 18.907 14.613 15.762 17.823 19.994 22.276 24.667 27.169 29.782 32.504 35.337 38.280 41.334 44.498 42.545 40.301 37.992 35.618 33.179 30.675 28.105 25.471 22.771 20.006 17.176 14.484 15.920 17.406 18.941 20.526 22.160 23.844 25.578 27.361
90.731 90.231 89.585 88.791 89.840 93.193 96.406 99.479 102.414 105.209 107.864 110.381 112.757 114.995 117.093 119.052 116.824 111.300 105.996 100.910 96.042 91.393 86.963 82.752 78.759 74.985 71.430 68.094 63.654 58.585 53.635 48.804 44.091 39.497 35.021 30.663 26.424 22.303 18.301 14.417 15.078 17.522 20.076 22.741 25.515 28.400 31.395 34.501 37.716 41.042 44.478 48.024 46.708 44.237 41.702 39.101 36.435 33.704 30.907 28.046 25.120 22.128 19.072 15.950 17.133 18.786 20.381 21.907 23.364 24.752 26.070 27.320
83.525 82.515 81.358 80.054 79.920 82.790 85.521 88.112 90.565 92.878 95.052 97.086 98.981 100.737 102.354 103.831 102.743 97.980 93.436 89.111 85.004 81.115 77.445 73.994 70.761 67.747 64.951 62.374 58.826 54.169 49.629 45.208 40.906 36.722 32.656 28.709 24.880 21.169 17.577 14.103 14.282 17.109 20.047 23.094 26.251 29.518 32.896 36.384 39.982 43.690 47.508 51.436 50.931 48.234 45.471 42.644 39.751 36.793 33.693 30.206 26.882 23.720 20.721 17.885 18.417 19.843 21.199 22.486 23.705 24.854 25.935 26.946
76.490 74.970 73.303 71.490 70.163 72.551 74.800 76.910 78.881 80.712 82.405 83.958 85.372 86.646 87.782 88.778 88.448 84.445 80.661 77.096 73.749 70.620 67.709 65.017 62.544 60.289 58.252 56.434 53.883 49.636 45.507 41.496 37.604 33.830 30.174 26.636 23.217 19.916 16.734 13.669 13.376 16.585 19.905 23.335 26.874 30.524 34.284 38.154 42.134 46.224 50.424 54.473 53.729 49.829 46.091 42.516 39.103 35.853 32.766 29.841 27.079 24.479 22.042 19.768 19.776 20.963 22.081 23.130 24.111 25.022 25.864 26.638
69.626 67.596 65.420 63.097 60.628 62.476 64.244 65.872 67.361 68.712 69.923 70.995 71.928 72.722 73.376 73.892 73.938 70.695 67.671 64.865 62.277 59.908 57.756 55.823 54.108 52.612 51.334 50.274 48.824 44.987 41.268 37.667 34.185 30.820 27.574 24.446 21.436 18.545 15.772 13.117 12.358 15.950 19.652 23.463 27.245 30.642 33.943 37.147 40.254 43.265 46.180 48.998 49.273 45.935 42.760 39.747 36.896 34.208 31.683 29.320 27.119 25.081 23.205 21.492 21.200 22.148 23.028 23.839 24.581 25.255 25.859 26.394
62.932 60.393 57.708 54.876 51.898 52.564 53.851 54.998 56.006 56.876 57.606 58.197 58.650 58.963 59.137 59.172 59.068 56.731 54.465 52.418 50.589 48.978 47.586 46.411 45.455 44.716 44.196 43.894 43.649 40.222 36.913 33.721 30.648 27.694 24.857 22.138 19.538 17.061 14.677 12.358 10.976 14.426 17.780 21.037 24.198 27.262 30.230 33.102 35.877 38.556 41.139 43.625 44.663 41.887 39.273 36.822 34.533 32.407 30.443 28.641 27.002 25.525 24.211 23.059 22.687 23.398 24.040 24.613 25.117 25.552 25.919 26.216
56.409 53.361 50.167 46.826 43.339 42.816 43.622 44.288 44.816 45.204 45.454 45.565 45.537 45.370 45.064 44.619 44.035 42.551 41.045 39.756 38.685 37.833 37.198 36.781 36.583 36.602 36.839 37.295 37.968 35.341 32.529 29.914 27.365 24.881 22.462 20.108 17.819 15.595 13.436 11.342 9.359 12.476 15.497 18.422 21.250 23.982 26.618 29.158 31.601 33.948 36.198 38.352 39.898 37.684 35.632 33.743 32.015 30.450 29.047 27.807 26.728 25.812 25.058 24.467 24.239 24.712 25.116 25.451 25.717 25.915 26.044 26.104
50.055 46.499 42.796 38.947 34.952 33.231 33.556 33.742 33.789 33.697 33.467 33.097 32.589 31.942 31.156 30.231 29.168 28.157 27.409 26.878 26.565 26.470 26.593 27.428 28.751 30.019 31.233 32.393 33.499 31.876 29.422 27.033 24.709 22.450 20.256 18.127 16.063 14.064 12.131 10.262 8.458 10.624 13.313 15.906 18.402 20.802 23.106 25.313 27.425 29.440 31.358 33.181 34.907 33.327 31.836 30.508 29.342 28.337 27.495 26.815 26.298 25.942 25.749 25.718 25.855 26.090 26.256 26.354 26.382 26.342 26.233 26.056
43.872 39.808 35.597 31.240 26.736 23.808 23.653 23.359 22.926 22.354 21.644 20.794 19.806 18.680 17.414 16.010 15.560 16.427 17.888 19.295 20.648 21.946 23.190 24.380 25.515 26.596 27.623 28.595 29.514 28.481 26.252 24.088 21.989 19.955 17.987 16.083 14.244 12.470 10.761 9.117 7.538 8.872 11.228 13.489 15.653 17.721 19.693 21.569 23.349 25.032 26.619 28.110 29.505 28.816 27.886 27.118 26.513 26.069 25.788 25.668 25.711 25.915 26.282 26.811 27.502 27.532 27.461 27.321 27.112 26.835 26.488 26.073
37.858 33.286 28.567 23.702 18.691 14.549 13.913 13.139 12.226 12.132 12.445 12.742 13.023 13.288 13.537 13.770 13.987 14.564 15.838 17.057 18.222 19.333 20.390 21.392 22.340 23.234 24.073 24.858 25.589 25.023 23.019 21.080 19.206 17.397 15.654 13.975 12.360 10.811 9.327 7.908 6.554 7.218 9.243 11.171 13.004 14.740 16.381 17.925 19.373 20.725 21.980 23.140 24.203 24.151 23.782 23.574 23.529 23.645 23.924 24.365 24.967 25.732 26.658 27.747 28.997 29.039 28.730 28.353 27.906 27.392 26.808 26.156
32.014 26.934 22.308 17.931 13.658 9.774 10.096 10.402 10.692 10.966 11.223 11.465 11.691 11.900 12.093 12.271 12.432 12.761 13.847 14.879 15.857 16.780 17.650 18.465 19.225 19.932 20.584 21.182 21.726 21.502 19.723 18.009 16.360 14.776 13.257 11.803 10.413 9.089 7.830 6.635 5.505 5.662 7.356 8.953 10.454 11.859 13.168 14.380 15.497 16.518 17.442 18.271 19.003 19.332 19.523 19.875 20.390 21.066 21.905 22.905 24.067 25.391 26.877 28.525 30.335 30.610 30.063 29.449 28.765 27.820 26.841 25.905
29.282 25.058 20.939 16.925 13.016 9.211 9.115 9.365 9.600 9.818 10.020 10.206 10.376 10.530 10.668 10.790 10.896 11.017 11.916 12.761 13.551 14.287 14.970 15.597 16.171 16.691 17.156 17.567 17.924 17.919 16.365 14.875 13.451 12.092 10.797 9.567 8.403 7.303 6.268 5.298 4.392 4.206 5.567 6.833 8.003 9.076 10.054 10.936 11.721 12.411 13.004 13.502 13.903 14.359 15.109 16.022 17.096 18.332 19.730 21.290 23.011 24.894 26.745 28.505 30.204 30.388 29.384 28.423 27.507 26.636 25.808 25.024
27.075 23.214 19.458 15.807 12.260 8.819 8.152 8.347 8.526 8.689 8.836 8.967 9.081 9.180 9.262 9.329 9.379 9.413 10.044 10.702 11.305 11.855 12.350 12.790 13.177 13.510 13.788 14.012 14.182 14.272 12.943 11.678 10.479 9.344 8.274 7.268 6.328 5.453 4.642 3.896 3.215 2.847 3.878 4.812 5.651 6.393 7.040 7.590 8.045 8.404 8.666 8.833 8.904 9.232 10.542 12.470 14.449 16.367 18.224 20.018 21.751 23.423 25.033 26.581 28.068 28.555 27.703 26.895 26.131 25.410 24.734 24.102
24.756 21.257 17.864 14.576 11.392 8.313 7.208 7.348 7.471 7.579 7.670 7.745 7.805 7.848 7.875 7.886 7.881 7.860 8.233 8.703 9.119 9.482 9.790 10.044 10.243 10.389 10.480 10.518 10.501 10.430 9.458 8.418 7.443 6.532 5.687 4.906 4.190 3.539 2.952 2.431 1.974 1.587 2.286 2.890 3.398 3.809 4.125 4.345 4.958 5.639 6.325 7.016 7.712 8.582 10.473 12.302 14.069 15.775 17.420 19.002 20.524 21.983 23.382 24.718 25.993 26.682 25.982 25.326 24.713 24.145 23.621 23.141
22.325 19.189 16.158 13.232 10.411 7.695 6.283 6.367 6.435 6.487 6.523 6.543 6.547 6.535 6.506 6.462 6.402 6.325 6.480 6.764 6.993 7.168 7.290 7.357 7.370 7.329 7.233 7.084 6.880 6.623 5.911 5.095 4.344 3.658 3.037 2.480 1.988 1.561 1.199 0.901 0.668 0.695 1.275 1.945 2.620 3.299 3.982 4.671 5.364 6.062 6.764 7.471 8.182 8.899 10.576 12.194 13.749 15.243 16.676 18.047 19.357 20.605 21.791 22.916 23.980 24.770 24.221 23.717 23.256 22.840 22.467 22.138
19.782 17.009 14.341 11.777 9.318 6.963 5.376 5.405 5.417 5.414 5.395 5.359 5.308 5.240 5.157 5.057 4.941 4.810 4.787 4.884 4.927 4.915 4.849 4.730 4.556 4.328 4.046 3.710 3.320 2.876 2.301 1.710 1.183 0.721 0.721 0.742 0.771 0.811 0.860 0.919 0.988 1.066 1.579 2.265 2.956 3.651 4.351 5.056 5.765 6.479 7.197 7.920 8.648 9.380 10.740 12.146 13.490 14.772 15.993 17.153 18.250 19.287 20.262 21.175 22.027 22.818 22.421 22.068 21.759 21.494 21.273 21.096
17.128 14.717 12.411 10.209 8.112 6.119 4.488 4.461 4.418 4.359 4.285 4.194 4.087 3.964 3.826 3.671 3.500 3.313 3.154 3.064 2.919 2.721 2.469 2.163 1.802 1.388 0.936 0.885 0.828 0.765 0.730 0.745 0.770 0.804 0.848 0.901 0.965 1.038 1.120 1.213 1.315 1.427 1.878 2.580 3.287 3.999 4.715 5.435 6.161 6.891 7.625 8.364 9.108 9.857 10.964 12.158 13.290 14.361 15.370 16.318 17.205 18.030 18.793 19.495 20.136 20.715 20.580 20.379 20.221 20.108 20.038 20.013
