DATA/SHG/ECMWF/20170628/EN-37/20170711.en-37.asc
ncols        190
nrows        64
xllcorner    -5100000.000000000000
yllcorner    4130000.000000000000
cellsize     10000.000000000000
NODATA_value  -99999.000
[rows 0 to 33 of 64, columns 75 to 149 of 190]
5.976 6.339 6.712 7.096 7.490 7.895 8.492 9.437 10.302 11.118 11.886 12.606 13.279 13.903 14.479 15.007 15.488 15.920 15.970 14.949 14.002 13.101 12.246 11.438 10.677 9.962 9.294 8.672 8.096 7.568 7.183 7.135 7.093 7.054 7.020 6.991 6.966 6.945 6.929 6.917 6.910 6.907 6.931 7.025 7.122 7.222 7.325 7.431 7.540 7.652 7.767 7.885 8.006 8.130 8.127 7.735 7.326 6.902 6.461 6.005 5.533 5.045 4.542 4.022 3.487 2.935 2.519 2.520 2.527 2.538 2.554 2.574 2.599 2.629 2.664
6.272 6.601 6.937 7.278 7.626 7.980 8.413 9.158 9.854 10.503 11.103 11.656 12.161 12.618 13.027 13.388 13.700 13.966 14.071 13.257 12.517 11.825 11.179 10.579 10.026 9.519 9.058 8.644 8.277 7.956 7.707 7.680 7.657 7.638 7.624 7.614 7.609 7.608 7.612 7.620 7.632 7.649 7.681 7.788 7.898 8.012 8.128 8.247 8.369 8.494 8.623 8.754 8.888 9.025 9.082 8.618 8.139 7.643 7.132 6.605 6.062 5.503 4.928 4.338 3.731 3.109 2.572 2.595 2.622 2.654 2.691 2.732 2.778 2.829 2.884
6.134 6.485 6.843 7.206 7.576 7.953 8.345 8.922 9.451 9.932 10.366 10.751 11.088 11.378 11.619 11.813 11.959 12.057 12.107 11.514 10.983 10.499 10.060 9.669 9.323 9.024 8.772 8.566 8.406 8.293 8.226 8.218 8.215 8.216 8.222 8.232 8.246 8.265 8.288 8.316 8.348 8.385 8.426 8.547 8.670 8.797 8.926 9.059 9.194 9.332 9.474 9.618 9.765 9.915 10.051 9.517 8.966 8.400 7.818 7.220 6.606 5.976 5.330 4.669 3.992 3.299 2.668 2.815 2.973 3.144 3.326 3.520 3.726 3.944 4.174
5.991 6.364 6.743 7.129 7.521 7.919 8.324 8.731 9.093 9.406 9.672 9.890 10.061 10.183 10.257 10.284 10.263 10.194 10.077 9.722 9.399 9.122 8.892 8.708 8.570 8.479 8.434 8.436 8.484 8.578 8.719 8.751 8.768 8.788 8.814 8.843 8.878 8.916 8.959 9.007 9.058 9.115 9.175 9.301 9.438 9.578 9.720 9.866 10.014 10.166 10.320 10.478 10.638 10.801 10.968 10.431 9.809 9.144 8.461 7.796 7.149 6.520 5.908 5.315 4.739 4.181 3.641 3.790 4.001 4.224 4.459 4.706 4.965 5.236 5.518
5.842 6.237 6.638 7.046 7.460 7.880 8.306 8.584 8.779 8.925 9.024 9.075 9.078 9.033 8.941 8.800 8.612 8.376 8.092 7.880 7.764 7.695 7.673 7.696 7.766 7.883 8.045 8.254 8.510 8.812 9.160 9.278 9.315 9.355 9.400 9.449 9.503 9.562 9.624 9.691 9.763 9.839 9.919 10.052 10.202 10.354 10.510 10.669 10.762 10.807 10.861 10.926 11.000 11.084 11.177 10.676 10.037 9.416 8.812 8.226 7.658 7.108 6.576 6.062 5.565 5.086 4.625 4.751 5.015 5.291 5.579 5.879 6.191 6.514 6.849
5.687 6.104 6.527 6.957 7.393 7.835 8.283 8.481 8.509 8.488 8.420 8.304 8.140 7.928 7.669 7.362 7.007 6.604 6.154 5.988 6.080 6.219 6.403 6.634 6.912 7.236 7.606 8.022 8.485 8.994 9.549 9.800 9.856 9.916 9.981 10.050 10.123 10.201 10.284 10.300 10.261 10.211 10.149 10.146 10.186 10.236 10.295 10.364 10.442 10.531 10.629 10.736 10.854 10.981 11.117 10.771 10.211 9.669 9.145 8.638 8.149 7.678 7.225 6.790 6.372 5.972 5.590 5.700 6.017 6.345 6.686 7.038 7.403 7.779 8.167
5.526 5.965 6.410 6.862 7.320 7.784 8.254 8.423 8.283 8.096 7.860 7.577 7.247 6.869 6.443 5.969 5.447 4.878 4.261 4.047 4.346 4.692 5.084 5.522 6.007 6.538 7.115 7.738 8.408 9.124 9.863 10.228 10.229 10.219 10.197 10.164 10.120 10.064 9.998 9.919 9.830 9.729 9.616 9.601 9.684 9.777 9.880 9.992 10.114 10.245 10.386 10.537 10.698 10.868 11.048 10.848 10.367 9.904 9.459 9.031 8.622 8.230 7.855 7.499 7.160 6.840 6.537 6.635 7.004 7.386 7.779 8.184 8.601 9.030 9.471
5.359 5.821 6.288 6.761 7.241 7.727 8.219 8.408 8.101 7.747 7.345 6.896 6.399 5.854 5.261 4.621 3.933 3.197 2.414 2.055 2.562 3.267 4.033 4.791 5.540 6.281 7.013 7.736 8.451 9.158 9.856 10.265 10.215 10.154 10.082 9.999 9.904 9.797 9.680 9.551 9.411 9.259 9.096 9.046 9.173 9.309 9.455 9.610 9.775 9.950 10.134 10.328 10.532 10.745 10.968 10.906 10.505 10.121 9.754 9.406 9.075 8.762 8.467 8.189 7.930 7.688 7.464 7.557 7.979 8.413 8.859 9.317 9.787 10.268 10.762
5.187 5.670 6.160 6.655 7.157 7.665 8.179 8.437 7.964 7.443 6.875 6.259 5.595 4.929 4.417 3.904 3.391 2.877 2.363 2.129 2.874 3.611 4.339 5.059 5.770 6.473 7.167 7.852 8.529 9.198 9.858 10.314 10.214 10.102 9.980 9.845 9.700 9.543 9.375 9.196 9.005 8.803 8.589 8.482 8.652 8.831 9.020 9.219 9.427 9.645 9.872 10.109 10.356 10.612 10.878 10.947 10.624 10.319 10.031 9.762 9.510 9.276 9.060 8.861 8.680 8.517 8.372 8.466 8.940 9.427 9.926 10.436 10.959 11.493 12.039
5.010 5.514 6.026 6.543 7.067 7.596 8.156 8.609 8.099 7.588 7.076 6.564 6.051 5.537 5.023 4.508 3.992 3.476 2.959 2.557 3.265 3.964 4.654 5.336 6.009 6.674 7.330 7.977 8.617 9.247 9.869 10.376 10.225 10.063 9.889 9.705 9.509 9.301 9.083 8.853 8.611 8.359 8.095 7.909 8.121 8.344 8.576 8.817 9.069 9.330 9.600 9.880 10.170 10.470 10.779 10.968 10.725 10.498 10.290 10.099 9.926 9.771 9.634 9.514 9.412 9.328 9.261 9.361 9.889 10.428 10.979 11.542 12.117 12.704 13.302
4.938 5.541 6.147 6.758 7.374 7.994 8.618 9.233 8.720 8.206 7.692 7.177 6.661 6.145 5.628 5.111 4.593 4.074 3.554 3.024 3.664 4.325 4.978 5.622 6.257 6.884 7.502 8.112 8.713 9.306 9.890 10.450 10.248 10.036 9.812 9.577 9.330 9.072 8.803 8.523 8.231 7.928 7.614 7.326 7.581 7.847 8.122 8.407 8.701 9.005 9.319 9.642 9.975 10.317 10.669 10.972 10.807 10.660 10.530 10.418 10.324 10.248 10.189 10.148 10.125 10.119 10.131 10.244 10.824 11.416 12.019 12.635 13.262 13.902 14.553
5.303 5.921 6.543 7.170 7.801 8.436 9.076 9.720 9.341 8.824 8.308 7.790 7.272 6.753 6.234 5.714 5.193 4.672 4.150 3.617 4.073 4.696 5.310 5.916 6.514 7.103 7.683 8.255 8.818 9.373 9.919 10.457 10.284 10.021 9.747 9.461 9.164 8.856 8.536 8.205 7.863 7.510 7.145 6.769 7.032 7.340 7.659 7.986 8.324 8.671 9.027 9.394 9.770 10.155 10.550 10.955 10.871 10.803 10.752 10.719 10.703 10.706 10.726 10.763 10.819 10.892 10.952 11.003 11.550 12.099 12.651 13.205 13.763 14.322 14.885
5.664 6.297 6.935 7.577 8.223 8.874 9.529 10.189 9.961 9.443 8.923 8.403 7.883 7.361 6.839 6.317 5.794 5.270 4.745 4.210 4.491 5.076 5.652 6.220 6.780 7.331 7.873 8.407 8.933 9.450 9.958 10.458 10.333 10.019 9.694 9.358 9.011 8.652 8.282 7.901 7.508 7.104 6.689 6.263 6.473 6.824 7.185 7.556 7.937 8.327 8.726 9.136 9.554 9.983 10.421 10.869 10.917 10.942 10.985 11.026 11.063 11.096 11.127 11.154 11.177 11.198 11.215 11.229 11.751 12.312 12.876 13.442 14.011 14.583 15.157
6.019 6.668 7.321 7.979 8.640 9.307 9.977 10.652 10.582 10.061 9.539 9.016 8.493 7.969 7.445 6.920 6.394 5.867 5.340 4.802 4.917 5.464 6.003 6.533 7.055 7.568 8.073 8.569 9.057 9.536 10.007 10.469 10.393 10.029 9.654 9.268 8.870 8.461 8.040 7.609 7.166 6.712 6.246 5.769 5.904 6.299 6.703 7.117 7.628 8.216 8.778 9.312 9.820 10.302 10.756 11.184 11.307 11.339 11.368 11.394 11.416 11.435 11.451 11.463 11.473 11.479 11.481 11.481 11.949 12.522 13.097 13.676 14.257 14.840 15.426
6.370 7.034 7.703 8.376 9.053 9.735 10.421 11.111 11.202 10.679 10.154 9.629 9.104 8.577 8.050 7.522 6.994 6.465 5.936 5.395 5.352 5.862 6.362 6.855 7.339 7.814 8.281 8.740 9.190 9.631 10.064 10.488 10.466 10.052 9.626 9.189 8.741 8.282 7.811 7.438 7.178 6.930 6.695 6.471 6.739 7.315 7.864 8.387 8.883 9.352 9.794 10.210 10.599 10.962 11.298 11.607 11.721 11.739 11.753 11.764 11.772 11.777 11.778 11.776 11.770 11.762 11.750 11.735 12.144 12.729 13.316 13.906 14.499 15.094 15.692
6.716 7.396 8.079 8.768 9.461 10.158 10.859 11.565 11.823 11.297 10.770 10.242 9.714 9.185 8.655 8.125 7.594 7.063 6.531 5.988 5.796 6.268 6.731 7.186 7.632 8.069 8.499 8.919 9.331 9.735 10.184 10.696 10.882 10.590 10.311 10.043 9.788 9.546 9.316 9.098 8.892 8.699 8.519 8.351 8.494 8.951 9.382 9.786 10.163 10.513 10.837 11.134 11.405 11.649 11.866 12.056 12.139 12.142 12.141 12.138 12.131 12.121 12.108 12.091 12.071 12.048 12.022 11.992 12.336 12.932 13.532 14.134 14.738 15.346 15.955
7.057 7.752 8.452 9.155 9.863 10.576 11.293 12.014 12.443 11.914 11.385 10.855 10.324 9.792 9.260 8.728 8.194 7.660 7.125 6.580 6.249 6.662 7.073 7.507 7.962 8.440 8.940 9.461 10.005 10.571 11.159 11.769 12.143 11.906 11.681 11.468 11.268 11.080 10.905 10.742 10.592 10.453 10.328 10.214 10.275 10.614 10.926 11.211 11.469 11.701 11.907 12.085 12.237 12.362 12.461 12.533 12.559 12.547 12.532 12.514 12.493 12.468 12.440 12.409 12.375 12.337 12.296 12.252 12.525 13.133 13.744 14.358 14.975 15.594 16.215
7.394 8.104 8.819 9.538 10.262 10.989 11.722 12.458 13.063 12.532 12.000 11.467 10.934 10.397 9.818 9.228 8.629 8.020 7.401 6.768 6.239 6.726 7.236 7.768 8.322 8.898 9.496 10.116 10.758 11.422 12.108 12.816 13.388 13.206 13.036 12.878 12.733 12.600 12.479 12.371 12.275 12.192 12.121 12.062 12.082 12.302 12.495 12.662 12.802 12.915 13.002 13.062 13.096 13.103 13.083 13.036 12.981 12.955 12.926 12.893 12.857 12.818 12.776 12.730 12.681 12.629 12.574 12.515 12.711 13.331 13.954 14.580 15.208 15.839 16.472
7.725 8.451 9.181 9.916 10.655 11.398 12.145 12.886 13.620 13.085 12.511 11.926 11.332 10.728 10.113 9.489 8.855 8.211 7.556 6.889 6.210 6.766 7.374 8.004 8.656 9.330 10.027 10.745 11.485 12.247 13.031 13.837 14.618 14.490 14.375 14.272 14.182 14.104 14.038 13.984 13.943 13.915 13.898 13.894 13.915 14.016 14.091 14.139 14.161 14.156 14.124 14.066 13.981 13.869 13.731 13.567 13.407 13.366 13.322 13.275 13.225 13.171 13.114 13.054 12.991 12.924 12.854 12.781 12.894 13.526 14.161 14.798 15.438 16.081 16.726
8.091 8.850 9.601 10.346 11.084 11.815 12.539 13.256 13.966 13.565 12.955 12.336 11.707 11.067 10.418 9.759 9.089 8.410 7.721 7.018 6.304 6.781 7.487 8.215 8.966 9.738 10.532 11.348 12.186 13.046 13.929 14.833 15.759 15.760 15.699 15.651 15.616 15.592 15.581 15.582 15.596 15.622 15.660 15.711 15.774 15.757 15.713 15.643 15.546 15.422 15.272 15.096 14.893 14.663 14.406 14.123 13.835 13.780 13.722 13.660 13.595 13.527 13.456 13.381 13.303 13.222 13.138 13.050 13.074 13.718 14.364 15.013 15.665 16.320 16.977
8.634 9.369 10.097 10.818 11.531 12.238 12.939 13.632 14.318 14.053 13.408 12.754 12.090 11.415 10.731 10.037 9.333 8.619 7.894 7.157 6.407 6.771 7.575 8.401 9.250 10.120 11.012 11.926 12.862 13.820 14.800 15.803 16.827 17.014 17.009 17.015 17.034 17.065 17.109 17.165 17.233 17.314 17.407 17.512 17.630 17.523 17.361 17.172 16.957 16.715 16.447 16.152 15.831 15.483 15.108 14.707 14.279 14.197 14.124 14.048 13.968 13.886 13.800 13.711 13.618 13.523 13.424 13.268 13.067 13.565 14.042 14.498 14.932 15.346 15.738
9.183 9.894 10.598 11.295 11.985 12.668 13.344 14.013 14.675 14.550 13.870 13.181 12.482 11.772 11.053 10.324 9.585 8.836 8.077 7.304 6.519 6.736 7.638 8.562 9.509 10.477 11.467 12.479 13.513 14.569 15.647 16.747 17.869 18.254 18.303 18.364 18.437 18.523 18.621 18.732 18.855 18.990 19.137 19.297 19.470 19.314 19.034 18.727 18.394 18.034 17.648 17.235 16.795 16.329 15.837 15.317 14.772 14.616 14.486 14.287 14.081 13.866 13.644 13.413 13.175 12.929 12.675 12.414 12.144 12.503 12.887 13.250 13.591 13.911 14.211
9.738 10.425 11.104 11.777 12.443 13.102 13.755 14.400 15.038 15.055 14.341 13.617 12.882 12.138 11.384 10.620 9.846 9.062 8.268 7.460 6.640 6.676 7.676 8.698 9.742 10.808 11.896 13.006 14.138 15.292 16.468 17.665 18.885 19.478 19.581 19.697 19.825 19.966 20.118 20.284 20.461 20.651 20.853 21.067 21.294 21.132 20.734 20.309 19.857 19.261 18.494 17.755 17.045 16.364 15.712 15.088 14.493 14.179 13.953 13.720 13.478 13.229 12.972 12.707 12.434 12.153 11.865 11.568 11.264 11.464 11.755 12.024 12.272 12.499 12.705
10.298 10.961 11.617 12.266 12.908 13.543 14.171 14.793 15.407 15.569 14.820 14.061 13.292 12.513 11.724 10.925 10.116 9.297 8.468 7.625 6.770 6.591 7.689 8.809 9.951 11.115 12.301 13.508 14.738 15.989 17.263 18.558 19.876 20.687 20.845 21.015 21.198 21.393 21.600 21.820 21.914 21.779 21.624 21.448 21.254 20.743 19.988 19.262 18.564 17.896 17.255 16.644 16.061 15.507 14.982 14.485 14.017 13.690 13.429 13.161 12.885 12.601 12.309 12.009 11.701 11.386 11.063 10.732 10.393 10.447 10.644 10.821 10.976 11.110 11.223
10.863 11.502 12.134 12.759 13.378 13.989 14.593 15.191 15.782 16.092 15.308 14.514 13.710 12.896 12.072 11.238 10.394 9.541 8.677 7.799 6.909 6.482 7.677 8.895 10.135 11.396 12.680 13.985 15.312 16.661 18.033 19.344 20.525 21.301 21.216 21.112 20.987 20.843 20.680 20.496 20.293 20.070 19.827 19.565 19.283 18.840 18.213 17.614 17.043 16.502 15.989 15.505 15.049 14.622 14.224 13.854 13.513 13.209 12.914 12.611 12.300 11.981 11.655 11.320 10.978 10.628 10.270 9.904 9.531 9.452 9.556 9.640 9.702 9.743 9.762
11.435 12.049 12.658 13.259 13.853 14.441 15.021 15.595 16.162 16.623 15.804 14.975 14.137 13.288 12.429 11.560 10.682 9.793 8.895 7.982 7.056 6.347 7.610 8.827 10.036 11.237 12.431 13.617 14.795 15.966 17.129 18.284 19.432 20.315 20.143 19.951 19.739 19.507 19.256 18.985 18.695 18.385 18.054 17.705 17.335 16.910 16.409 15.938 15.494 15.080 14.694 14.337 14.008 13.708 13.437 13.195 12.981 12.737 12.407 12.069 11.724 11.370 11.009 10.640 10.263 9.879 9.486 9.086 8.678 8.480 8.491 8.481 8.450 8.398 8.325
12.011 12.602 13.186 13.764 14.334 14.898 15.455 16.004 16.547 17.084 16.309 15.446 14.572 13.688 12.767 11.672 10.606 9.567 8.557 7.583 6.641 5.721 6.861 8.044 9.220 10.387 11.548 12.700 13.845 14.982 16.112 17.234 18.349 19.351 19.092 18.812 18.513 18.194 17.856 17.498 17.120 16.722 16.305 15.868 15.411 14.952 14.578 14.234 13.918 13.630 13.371 13.141 12.939 12.766 12.622 12.506 12.419 12.274 11.909 11.537 11.157 10.769 10.373 9.969 9.558 9.138 8.711 8.276 7.833 7.529 7.447 7.344 7.220 7.076 6.910
12.593 13.160 13.721 14.274 14.821 15.361 15.894 16.356 16.573 16.776 15.891 14.781 13.700 12.647 11.622 10.624 9.655 8.713 7.800 6.923 6.079 5.257 6.121 7.271 8.413 9.547 10.674 11.793 12.905 14.009 15.105 16.194 17.275 18.348 18.064 17.697 17.311 16.905 16.479 16.033 15.568 15.084 14.579 14.055 13.511 12.966 12.720 12.502 12.313 12.152 12.020 11.917 11.842 11.796 11.778 11.789 11.829 11.819 11.420 11.013 10.598 10.175 9.745 9.307 8.861 8.407 7.945 7.475 6.998 6.601 6.426 6.230 6.013 5.776 5.517
13.098 13.360 13.608 13.844 14.068 14.278 14.476 14.661 14.834 14.994 14.334 13.322 12.337 11.381 10.453 9.553 8.680 7.836 7.019 6.240 5.494 4.770 5.391 6.507 7.615 8.716 9.810 10.896 11.974 13.044 14.107 15.162 16.210 17.250 17.059 16.605 16.131 15.638 15.125 14.592 14.040 13.468 12.876 12.265 11.634 10.983 10.833 10.742 10.680 10.646 10.641 10.664 10.716 10.797 10.906 11.044 11.210 11.373 10.940 10.498 10.048 9.591 9.126 8.653 8.173 7.684 7.188 6.684 6.172 5.694 5.427 5.138 4.828 4.498 4.146
11.723 11.941 12.146 12.338 12.517 12.684 12.838 12.980 13.109 13.225 12.753 11.838 10.951 10.092 9.261 8.457 7.682 6.934 6.214 5.533 4.884 4.258 4.669 5.752 6.827 7.895 8.955 10.007 11.052 12.089 13.119 14.141 15.155 16.162 16.076 15.535 14.974 14.394 13.794 13.174 12.535 11.876 11.197 10.499 9.781 9.043 8.919 8.955 9.019 9.112 9.234 9.384 9.562 9.770 10.005 10.270 10.563 10.884 10.468 9.991 9.507 9.016 8.516 8.009 7.493 6.970 6.439 5.901 5.354 4.911 4.849 4.818 4.817 4.846 4.905
10.362 10.535 10.697 10.845 10.981 11.104 11.215 11.312 11.398 11.470 11.150 10.332 9.542 8.779 8.045 7.338 6.660 6.009 5.386 4.801 4.251 3.723 3.957 5.006 6.048 7.083 8.109 9.128 10.140 11.144 12.140 13.128 14.109 15.083 15.117 14.488 13.841 13.173 12.486 11.779 11.053 10.307 9.541 8.755 7.950 7.126 6.977 7.139 7.330 7.550 7.798 8.075 8.380 8.714 9.076 9.467 9.887 10.335 10.005 9.494 8.984 8.519 8.098 7.721 7.388 7.099 6.855 6.654 6.498 6.386 6.448 6.550 6.682 6.844 7.036
9.014 9.144 9.261 9.366 9.458 9.538 9.604 9.659 9.700 9.729 9.523 8.802 8.109 7.443 6.806 6.196 5.614 5.060 4.534 4.046 3.594 3.163 3.254 4.270 5.279 6.280 7.273 8.259 9.237 10.207 11.170 12.125 13.073 14.013 14.180 13.465 12.730 11.975 11.201 10.407 9.594 8.761 7.908 7.036 6.144 5.232 5.007 5.296 5.614 5.960 6.335 6.766 7.265 7.746 8.210 8.658 9.089 9.503 9.341 8.983 8.669 8.398 8.172 7.990 7.853 7.759 7.709 7.704 7.743 7.826 8.016 8.250 8.515 8.810 9.136
7.679 7.766 7.839 7.900 7.949 7.985 8.008 8.019 8.016 8.002 7.873 7.249 6.652 6.084 5.543 5.030 4.544 4.087 3.658 3.267 2.912 2.579 2.560 3.543 4.518 5.486 6.446 7.398 8.343 9.280 10.210 11.132 12.046 12.953 13.266 12.464 11.642 10.800 9.939 9.058 8.158 7.238 6.337 5.554 4.792 4.051 3.912 4.420 4.912 5.386 5.844 6.284 6.708 7.115 7.506 7.879 8.235 8.575 8.592 8.428 8.309 8.233 8.202 8.215 8.272 8.373 8.519 8.708 8.942 9.219 9.551 9.919 10.316 10.745 11.203
6.358 6.401 6.431 6.449 6.453 6.446 6.425 6.392 6.347 6.288 6.200 5.673 5.173 4.701 4.256 3.840 3.451 3.091 2.758 2.465 2.207 1.972 1.875 2.825 3.767 4.701 5.628 6.547 7.459 8.363 9.259 10.148 11.029 11.899 12.352 11.491 10.652 9.834 9.038 8.263 7.510 6.779 6.069 5.381 4.714 4.069 3.819 4.253 4.670 5.070 5.454 5.820 6.170 6.503 6.819 7.118 7.400 7.666 7.798 7.829 7.904 8.024 8.188 8.395 8.647 8.943 9.283 9.667 10.095 10.567 11.054 11.555 12.086 12.647 13.238
