DATA/SHG/ECMWF/20170628/EN-37/20170706.en-37.asc
ncols        190
nrows        64
xllcorner    -5100000.000000000000
yllcorner    4130000.000000000000
cellsize     10000.000000000000
NODATA_value  -99999.000
[rows 0 to 32 of 64, columns 0 to 72 of 190]
3.472 3.357 3.234 3.102 2.963 2.816 2.661 2.497 2.326 2.213 2.119 2.025 1.931 1.838 1.744 1.651 1.557 1.464 1.371 1.310 1.262 1.277 1.320 1.362 1.405 1.447 1.489 1.532 1.574 1.616 1.657 1.699 1.741 1.730 1.688 1.648 1.610 1.574 1.540 1.509 1.479 1.452 1.426 1.403 1.382 1.531 1.829 2.130 2.432 2.735 3.041 3.348 3.658 3.968 4.281 4.595 4.912 5.171 5.353 5.526 5.687 5.839 5.980 6.110 6.231 6.341 6.440 6.529 6.608 6.690 6.802 6.929 7.072
3.390 3.247 3.095 2.936 2.768 2.593 2.410 2.218 2.019 1.882 1.789 1.695 1.633 1.576 1.520 1.468 1.419 1.373 1.329 1.288 1.251 1.257 1.299 1.342 1.384 1.426 1.468 1.509 1.551 1.593 1.634 1.675 1.716 1.722 1.687 1.654 1.623 1.595 1.568 1.544 1.522 1.502 1.484 1.468 1.454 1.566 1.871 2.177 2.486 2.796 3.108 3.421 3.737 4.054 4.373 4.693 5.016 5.285 5.431 5.567 5.692 5.807 5.912 6.006 6.090 6.164 6.227 6.280 6.322 6.386 6.552 6.732 6.928
3.317 3.145 2.966 2.778 2.585 2.395 2.206 2.017 1.828 1.698 1.642 1.588 1.538 1.490 1.445 1.403 1.364 1.328 1.294 1.264 1.236 1.237 1.279 1.321 1.363 1.404 1.446 1.487 1.528 1.570 1.611 1.651 1.692 1.711 1.683 1.658 1.635 1.613 1.594 1.578 1.563 1.550 1.539 1.531 1.524 1.599 1.910 2.223 2.538 2.854 3.172 3.492 3.814 4.137 4.462 4.789 5.118 5.409 5.518 5.618 5.707 5.785 5.854 5.912 5.959 5.997 6.024 6.040 6.123 6.249 6.521 6.778 7.023
3.229 3.040 2.851 2.661 2.472 2.283 2.094 1.904 1.715 1.569 1.523 1.479 1.439 1.401 1.367 1.335 1.306 1.280 1.257 1.236 1.219 1.218 1.259 1.301 1.342 1.383 1.424 1.465 1.506 1.547 1.587 1.628 1.668 1.697 1.677 1.659 1.644 1.630 1.618 1.609 1.601 1.596 1.593 1.591 1.592 1.631 1.948 2.267 2.588 2.911 3.235 3.561 3.889 4.219 4.550 4.883 5.218 5.542 5.616 5.679 5.728 5.745 5.782 5.839 5.916 6.014 6.132 6.271 6.429 6.608 6.832 7.042 7.239
3.118 2.928 2.739 2.550 2.360 2.171 1.981 1.792 1.602 1.437 1.401 1.368 1.337 1.310 1.285 1.264 1.245 1.229 1.216 1.206 1.198 1.198 1.239 1.280 1.321 1.362 1.403 1.443 1.484 1.524 1.564 1.604 1.644 1.682 1.670 1.659 1.651 1.644 1.640 1.638 1.638 1.640 1.644 1.650 1.658 1.669 1.984 2.309 2.636 2.965 3.296 3.628 3.962 4.284 4.553 4.810 5.054 5.285 5.331 5.378 5.445 5.533 5.641 5.770 5.919 6.088 6.277 6.486 6.716 6.966 7.155 7.318 7.468
3.006 2.817 2.627 2.438 2.248 2.059 1.869 1.680 1.490 1.302 1.276 1.253 1.233 1.216 1.201 1.190 1.181 1.175 1.172 1.172 1.175 1.181 1.220 1.260 1.301 1.341 1.381 1.422 1.462 1.502 1.541 1.581 1.620 1.660 1.660 1.656 1.655 1.656 1.659 1.665 1.672 1.681 1.693 1.706 1.722 1.740 2.015 2.328 2.629 2.917 3.193 3.456 3.706 3.944 4.169 4.381 4.581 4.768 4.886 5.005 5.143 5.302 5.482 5.681 5.901 6.141 6.402 6.683 6.984 7.305 7.491 7.606 7.709
2.895 2.705 2.516 2.326 2.137 1.947 1.758 1.568 1.378 1.189 1.148 1.135 1.125 1.118 1.114 1.113 1.114 1.118 1.126 1.136 1.149 1.164 1.200 1.240 1.280 1.320 1.360 1.400 1.440 1.479 1.518 1.558 1.597 1.636 1.647 1.652 1.658 1.666 1.677 1.686 1.695 1.708 1.724 1.744 1.767 1.794 1.997 2.267 2.523 2.767 2.998 3.217 3.423 3.616 3.797 3.965 4.120 4.263 4.422 4.612 4.822 5.052 5.303 5.574 5.865 6.176 6.507 6.859 7.231 7.623 7.838 7.907 7.962
2.784 2.594 2.405 2.215 2.025 1.836 1.646 1.456 1.267 1.077 1.017 1.015 1.015 1.018 1.024 1.032 1.044 1.059 1.076 1.096 1.119 1.145 1.181 1.221 1.260 1.300 1.339 1.379 1.418 1.457 1.496 1.535 1.565 1.593 1.605 1.610 1.617 1.628 1.643 1.661 1.683 1.708 1.737 1.769 1.805 1.844 1.993 2.218 2.430 2.630 2.817 2.991 3.153 3.302 3.438 3.562 3.673 3.772 3.940 4.201 4.482 4.783 5.105 5.446 5.808 6.191 6.593 7.016 7.459 7.922 8.198 8.220 8.228
2.673 2.484 2.294 2.104 1.914 1.725 1.535 1.345 1.155 0.965 0.884 0.891 0.902 0.915 0.931 0.949 0.971 0.996 1.023 1.053 1.087 1.123 1.161 1.201 1.240 1.266 1.292 1.318 1.345 1.373 1.402 1.431 1.461 1.492 1.515 1.532 1.552 1.576 1.603 1.633 1.667 1.705 1.746 1.791 1.839 1.890 2.001 2.181 2.349 2.505 2.647 2.778 2.895 3.000 3.092 3.172 3.239 3.293 3.438 3.770 4.122 4.494 4.887 5.300 5.733 6.186 6.659 7.153 7.667 8.201 8.571 8.545 8.506
2.563 2.373 2.183 1.993 1.804 1.614 1.424 1.234 1.044 0.854 0.747 0.765 0.785 0.809 0.835 0.864 0.895 0.930 0.960 0.989 1.015 1.039 1.063 1.089 1.116 1.143 1.172 1.201 1.230 1.261 1.292 1.324 1.357 1.390 1.422 1.451 1.483 1.519 1.559 1.602 1.648 1.698 1.751 1.808 1.869 1.933 2.021 2.158 2.281 2.393 2.491 2.577 2.650 2.711 2.759 2.795 2.818 2.828 2.917 3.320 3.743 4.186 4.650 5.134 5.638 6.162 6.706 7.270 7.855 8.460 8.955 8.882 8.796
2.453 2.263 2.073 1.883 1.693 1.503 1.313 1.123 0.933 0.743 0.613 0.651 0.687 0.721 0.753 0.783 0.810 0.835 0.858 0.879 0.898 0.914 0.932 0.960 0.990 1.020 1.051 1.083 1.115 1.148 1.182 1.217 1.252 1.288 1.325 1.366 1.411 1.459 1.511 1.567 1.625 1.688 1.753 1.823 1.896 1.972 2.054 2.147 2.226 2.293 2.347 2.389 2.418 2.435 2.439 2.430 2.409 2.375 2.377 2.851 3.345 3.859 4.394 4.948 5.523 6.118 6.733 7.368 8.024 8.700 9.352 9.232 9.098
2.343 2.153 1.963 1.772 1.583 1.399 1.221 1.047 0.878 0.714 0.575 0.606 0.634 0.661 0.685 0.707 0.726 0.744 0.759 0.772 0.783 0.792 0.800 0.831 0.863 0.896 0.930 0.964 0.999 1.035 1.071 1.108 1.146 1.185 1.225 1.278 1.336 1.396 1.460 1.528 1.599 1.674 1.752 1.834 1.919 2.007 2.100 2.148 2.183 2.206 2.217 2.214 2.199 2.172 2.132 2.079 2.014 1.936 1.846 2.363 2.928 3.513 4.118 4.744 5.389 6.055 6.741 7.432 8.103 8.755 9.389 9.237 9.018
2.185 1.999 1.818 1.642 1.471 1.305 1.143 0.987 0.836 0.689 0.547 0.563 0.584 0.602 0.619 0.633 0.645 0.655 0.662 0.668 0.671 0.672 0.671 0.702 0.736 0.772 0.808 0.845 0.882 0.921 0.960 1.000 1.040 1.081 1.123 1.187 1.256 1.329 1.406 1.486 1.569 1.656 1.747 1.841 1.938 2.039 2.144 2.162 2.153 2.132 2.098 2.052 1.993 1.921 1.837 1.740 1.631 1.509 1.375 1.856 2.570 3.304 4.020 4.718 5.398 6.060 6.703 7.328 7.936 8.525 9.096 9.044 8.828
1.999 1.830 1.666 1.508 1.354 1.205 1.061 0.922 0.788 0.659 0.534 0.523 0.536 0.546 0.555 0.562 0.566 0.568 0.568 0.565 0.561 0.554 0.545 0.571 0.609 0.647 0.685 0.725 0.765 0.806 0.848 0.890 0.933 0.977 1.022 1.092 1.174 1.259 1.348 1.440 1.536 1.635 1.738 1.844 1.954 2.068 2.184 2.188 2.136 2.070 1.993 1.902 1.799 1.752 1.726 1.713 1.712 1.723 1.746 2.237 2.926 3.597 4.250 4.884 5.501 6.099 6.680 7.242 7.786 8.312 8.820 8.851 8.638
1.807 1.656 1.509 1.368 1.231 1.100 0.973 0.851 0.735 0.623 0.516 0.485 0.490 0.493 0.494 0.493 0.489 0.484 0.476 0.466 0.454 0.439 0.423 0.440 0.480 0.521 0.562 0.604 0.647 0.691 0.735 0.780 0.826 0.872 0.920 0.993 1.088 1.185 1.286 1.391 1.499 1.611 1.726 1.844 1.967 2.092 2.221 2.237 2.182 2.139 2.108 2.089 2.082 2.086 2.103 2.132 2.172 2.225 2.290 2.673 3.299 3.907 4.496 5.068 5.621 6.156 6.673 7.173 7.654 8.116 8.561 8.658 8.448
1.610 1.476 1.347 1.223 1.104 0.990 0.880 0.776 0.676 0.582 0.492 0.449 0.447 0.442 0.435 0.426 0.415 0.402 0.386 0.369 0.349 0.327 0.302 0.309 0.351 0.395 0.439 0.483 0.529 0.575 0.622 0.669 0.718 0.767 0.817 0.891 0.998 1.108 1.225 1.366 1.503 1.636 1.767 1.894 2.017 2.137 2.254 2.309 2.296 2.295 2.305 2.328 2.363 2.409 2.468 2.538 2.620 2.715 2.821 3.126 3.689 4.233 4.759 5.268 5.758 6.230 6.684 7.120 7.538 7.938 8.320 8.464 8.257
1.408 1.291 1.180 1.073 0.971 0.874 0.782 0.695 0.613 0.536 0.463 0.416 0.406 0.394 0.379 0.362 0.344 0.323 0.299 0.274 0.246 0.216 0.184 0.177 0.222 0.268 0.314 0.362 0.410 0.458 0.508 0.569 0.656 0.746 0.840 0.950 1.089 1.225 1.356 1.485 1.610 1.732 1.851 1.966 2.077 2.186 2.291 2.369 2.398 2.438 2.491 2.555 2.631 2.720 2.820 2.932 3.056 3.192 3.340 3.596 4.095 4.576 5.040 5.485 5.912 6.321 6.712 7.085 7.440 7.777 8.096 8.269 8.065
1.201 1.102 1.007 0.918 0.833 0.754 0.679 0.609 0.544 0.484 0.429 0.385 0.367 0.347 0.325 0.301 0.274 0.246 0.215 0.182 0.146 0.109 0.069 0.044 0.104 0.179 0.258 0.340 0.425 0.514 0.606 0.702 0.801 0.903 1.008 1.120 1.247 1.371 1.491 1.608 1.721 1.831 1.938 2.041 2.141 2.238 2.331 2.417 2.487 2.569 2.664 2.770 2.888 3.018 3.160 3.314 3.480 3.657 3.847 4.082 4.518 4.937 5.337 5.719 6.083 6.430 6.758 7.068 7.360 7.634 7.890 8.074 7.873
0.989 0.907 0.830 0.758 0.690 0.628 0.570 0.518 0.470 0.427 0.389 0.357 0.331 0.304 0.274 0.242 0.208 0.179 0.156 0.135 0.115 0.096 0.079 0.068 0.151 0.239 0.329 0.423 0.520 0.621 0.724 0.832 0.942 1.056 1.173 1.293 1.408 1.520 1.628 1.733 1.835 1.933 2.028 2.120 2.208 2.292 2.374 2.452 2.564 2.689 2.825 2.972 3.132 3.304 3.488 3.683 3.891 4.110 4.342 4.585 4.958 5.314 5.651 5.970 6.272 6.555 6.820 7.067 7.296 7.507 7.700 7.875 7.681
0.772 0.707 0.647 0.592 0.542 0.497 0.457 0.421 0.391 0.365 0.350 0.333 0.306 0.281 0.257 0.235 0.214 0.195 0.177 0.161 0.146 0.133 0.121 0.111 0.196 0.294 0.397 0.502 0.611 0.723 0.839 0.957 1.080 1.205 1.334 1.466 1.573 1.673 1.769 1.862 1.952 2.039 2.122 2.201 2.278 2.351 2.420 2.487 2.630 2.796 2.973 3.163 3.364 3.578 3.803 4.040 4.290 4.551 4.824 5.108 5.415 5.708 5.982 6.238 6.477 6.697 6.899 7.084 7.250 7.398 7.528 7.640 7.488
0.549 0.502 0.459 0.464 0.464 0.459 0.449 0.434 0.413 0.387 0.356 0.320 0.295 0.275 0.256 0.239 0.224 0.210 0.197 0.186 0.177 0.168 0.162 0.157 0.236 0.347 0.461 0.578 0.698 0.822 0.949 1.080 1.214 1.351 1.491 1.635 1.740 1.828 1.913 1.995 2.073 2.147 2.219 2.287 2.351 2.412 2.470 2.525 2.683 2.891 3.110 3.341 3.585 3.840 4.107 4.385 4.676 4.979 5.293 5.620 5.889 6.118 6.330 6.523 6.699 6.856 6.996 7.080 7.096 7.107 7.115 7.118 6.952
0.626 0.623 0.616 0.603 0.584 0.561 0.533 0.499 0.461 0.417 0.368 0.314 0.281 0.266 0.253 0.241 0.231 0.222 0.215 0.209 0.205 0.202 0.201 0.201 0.273 0.395 0.521 0.650 0.782 0.918 1.056 1.199 1.344 1.493 1.645 1.800 1.911 1.987 2.060 2.130 2.196 2.259 2.319 2.375 2.428 2.477 2.523 2.566 2.725 2.974 3.235 3.508 3.793 4.089 4.398 4.718 5.051 5.395 5.751 6.119 6.306 6.336 6.363 6.385 6.403 6.417 6.427 6.433 6.434 6.432 6.425 6.414 6.299
0.824 0.803 0.777 0.746 0.710 0.669 0.622 0.571 0.514 0.452 0.385 0.313 0.266 0.257 0.249 0.242 0.237 0.233 0.231 0.231 0.232 0.234 0.238 0.244 0.307 0.441 0.578 0.718 0.862 1.009 1.160 1.314 1.471 1.631 1.795 1.962 2.085 2.150 2.211 2.269 2.323 2.374 2.422 2.466 2.507 2.545 2.580 2.611 2.754 3.045 3.348 3.662 3.988 4.277 4.529 4.772 5.005 5.229 5.444 5.648 5.764 5.781 5.793 5.801 5.804 5.804 5.800 5.791 5.778 5.761 5.740 5.715 5.634
1.028 0.989 0.945 0.896 0.841 0.782 0.717 0.648 0.573 0.493 0.408 0.317 0.249 0.245 0.242 0.241 0.241 0.243 0.246 0.251 0.257 0.265 0.274 0.285 0.337 0.482 0.631 0.783 0.939 1.097 1.260 1.425 1.594 1.766 1.941 2.120 2.262 2.315 2.364 2.410 2.453 2.493 2.529 2.561 2.591 2.617 2.624 2.621 2.703 2.970 3.227 3.475 3.713 3.942 4.162 4.371 4.572 4.762 4.943 5.115 5.228 5.229 5.227 5.221 5.210 5.196 5.177 5.154 5.127 5.095 5.060 5.021 4.959
1.237 1.180 1.118 1.050 0.978 0.900 0.818 0.730 0.637 0.539 0.436 0.327 0.231 0.232 0.235 0.239 0.244 0.251 0.259 0.269 0.281 0.294 0.308 0.324 0.363 0.520 0.681 0.844 1.012 1.182 1.356 1.533 1.713 1.897 2.084 2.274 2.442 2.483 2.521 2.543 2.558 2.568 2.573 2.573 2.568 2.558 2.543 2.523 2.544 2.778 3.002 3.217 3.422 3.618 3.804 3.980 4.147 4.305 4.453 4.591 4.695 4.683 4.666 4.646 4.621 4.592 4.559 4.521 4.480 4.434 4.385 4.331 4.274
1.449 1.376 1.296 1.210 1.120 1.024 0.924 0.818 0.707 0.591 0.469 0.343 0.212 0.218 0.225 0.235 0.245 0.257 0.271 0.286 0.303 0.321 0.340 0.361 0.386 0.555 0.727 0.902 1.081 1.263 1.448 1.637 1.822 2.009 2.196 2.383 2.568 2.581 2.588 2.591 2.588 2.581 2.568 2.550 2.528 2.500 2.467 2.429 2.395 2.596 2.787 2.968 3.140 3.303 3.456 3.599 3.733 3.858 3.973 4.078 4.168 4.141 4.110 4.075 4.036 3.993 3.946 3.894 3.838 3.778 3.714 3.646 3.578
1.641 1.578 1.479 1.376 1.267 1.154 1.035 0.911 0.782 0.648 0.509 0.364 0.215 0.202 0.214 0.229 0.245 0.262 0.281 0.301 0.323 0.346 0.371 0.397 0.426 0.588 0.772 0.956 1.141 1.327 1.514 1.701 1.889 2.078 2.268 2.459 2.651 2.669 2.659 2.644 2.623 2.598 2.568 2.533 2.492 2.447 2.396 2.341 2.280 2.423 2.581 2.729 2.868 2.998 3.118 3.228 3.329 3.420 3.502 3.574 3.637 3.604 3.559 3.510 3.456 3.399 3.337 3.271 3.201 3.127 3.049 2.966 2.880
1.828 1.785 1.668 1.547 1.420 1.289 1.152 1.010 0.863 0.711 0.553 0.391 0.223 0.184 0.202 0.222 0.243 0.273 0.318 0.359 0.396 0.428 0.455 0.478 0.497 0.634 0.821 1.008 1.196 1.385 1.574 1.764 1.956 2.147 2.340 2.534 2.728 2.762 2.734 2.702 2.664 2.621 2.573 2.520 2.462 2.399 2.331 2.258 2.179 2.260 2.385 2.500 2.606 2.702 2.789 2.866 2.934 2.992 3.041 3.080 3.110 3.072 3.013 2.949 2.881 2.809 2.733 2.653 2.569 2.480 2.388 2.291 2.190
2.012 1.997 1.863 1.723 1.579 1.429 1.274 1.114 0.949 0.779 0.619 0.475 0.331 0.295 0.342 0.386 0.424 0.458 0.488 0.513 0.534 0.550 0.562 0.569 0.572 0.680 0.869 1.059 1.250 1.441 1.634 1.827 2.021 2.215 2.411 2.607 2.805 2.860 2.815 2.765 2.709 2.649 2.583 2.512 2.437 2.356 2.270 2.180 2.084 2.107 2.199 2.281 2.353 2.417 2.470 2.515 2.549 2.575 2.590 2.597 2.593 2.545 2.471 2.393 2.311 2.225 2.134 2.040 1.941 1.839 1.732 1.621 1.506
2.192 2.215 2.063 1.913 1.768 1.623 1.478 1.334 1.190 1.047 0.904 0.761 0.619 0.547 0.579 0.607 0.630 0.648 0.662 0.672 0.677 0.677 0.673 0.665 0.652 0.724 0.916 1.109 1.302 1.497 1.692 1.888 2.085 2.282 2.481 2.680 2.880 2.964 2.901 2.833 2.759 2.681 2.598 2.510 2.417 2.318 2.215 2.107 1.993 1.963 2.022 2.071 2.111 2.141 2.161 2.173 2.174 2.167 2.149 2.123 2.086 2.022 1.934 1.842 1.745 1.645 1.540 1.432 1.350 1.319 1.288 1.258 1.229
2.406 2.477 2.332 2.188 2.043 1.900 1.756 1.614 1.471 1.329 1.187 1.046 0.905 0.804 0.821 0.832 0.840 0.842 0.841 0.835 0.824 0.809 0.789 0.765 0.737 0.767 0.962 1.158 1.354 1.552 1.750 1.948 2.148 2.349 2.550 2.752 2.955 3.072 2.991 2.906 2.815 2.719 2.618 2.513 2.402 2.286 2.165 2.039 1.908 1.829 1.855 1.871 1.877 1.875 1.862 1.840 1.809 1.768 1.718 1.658 1.589 1.535 1.500 1.467 1.434 1.402 1.371 1.341 1.311 1.283 1.255 1.228 1.202
2.639 2.748 2.604 2.461 2.318 2.176 2.034 1.893 1.751 1.611 1.470 1.330 1.191 1.066 1.066 1.062 1.054 1.041 1.024 1.002 0.976 0.945 0.910 0.870 0.826 0.810 1.007 1.206 1.405 1.605 1.806 2.008 2.210 2.414 2.618 2.823 3.028 3.185 3.087 2.984 2.876 2.762 2.644 2.520 2.392 2.258 2.120 1.976 1.828 1.704 1.697 1.680 1.654 1.618 1.746 1.933 2.042 2.073 2.025 1.898 1.693 1.474 1.443 1.412 1.382 1.353 1.325 1.298 1.271 1.246 1.221 1.197 1.174
2.874 2.995 2.876 2.734 2.593 2.452 2.311 2.171 2.031 1.892 1.753 1.614 1.476 1.338 1.317 1.297 1.273 1.244 1.211 1.174 1.132 1.086 1.035 0.980 0.920 0.856 1.052 1.253 1.455 1.658 1.862 2.066 2.272 2.478 2.685 2.892 3.101 3.304 3.188 3.067 2.941 2.810 2.674 2.533 2.387 2.236 2.080 2.200 2.501 2.864 3.169 3.397 3.546 3.617 3.609 3.523 3.358 3.116 2.795 2.395 1.917 1.413 1.385 1.357 1.330 1.304 1.279 1.254 1.231 1.208 1.186 1.165 1.145
