DATA/SHG/ECMWF/20170628/EN-37/20170701.en-37.asc
ncols        190
nrows        64
xllcorner    -5100000.000000000000
yllcorner    4130000.000000000000
cellsize     10000.000000000000
NODATA_value  -99999.000
[rows 0 to 31 of 64, columns 0 to 71 of 190]
7.454 7.158 6.868 6.584 6.307 6.035 5.770 5.511 5.258 5.023 4.794 4.565 4.338 4.112 3.887 3.663 3.440 3.218 2.997 2.763 2.528 2.827 3.365 3.891 4.407 4.912 5.406 5.889 6.362 6.823 7.274 7.714 8.144 8.569 8.994 9.415 9.831 10.244 10.652 11.057 11.458 11.854 12.247 12.635 13.020 12.701 11.783 10.885 10.007 9.148 8.310 7.491 6.692 5.913 5.154 4.415 3.696 3.243 3.092 2.945 2.802 2.664 2.530 2.400 2.275 2.153 2.037 1.924 1.816 1.794 1.908 2.025
7.134 6.859 6.591 6.329 6.073 5.823 5.580 5.342 5.111 4.884 4.659 4.434 4.181 3.932 3.687 3.445 3.208 2.975 2.747 2.522 2.302 2.473 2.972 3.461 3.939 4.406 4.862 5.307 5.742 6.166 6.579 6.981 7.373 7.770 8.181 8.588 8.990 9.389 9.784 10.175 10.561 10.944 11.323 11.698 12.068 11.953 11.105 10.276 9.468 8.679 7.910 7.161 6.432 5.723 5.034 4.364 3.715 3.240 3.104 2.972 2.844 2.721 2.602 2.487 2.377 2.270 2.168 2.071 1.977 1.940 2.064 2.190
6.807 6.554 6.308 6.068 5.827 5.564 5.307 5.055 4.809 4.564 4.317 4.074 3.835 3.600 3.369 3.143 2.920 2.702 2.488 2.277 2.072 2.130 2.592 3.043 3.483 3.912 4.330 4.738 5.134 5.520 5.896 6.260 6.614 6.976 7.373 7.766 8.155 8.540 8.921 9.298 9.670 10.039 10.404 10.765 11.122 11.186 10.408 9.649 8.910 8.191 7.492 6.813 6.154 5.514 4.894 4.294 3.714 3.233 3.112 2.995 2.882 2.774 2.670 2.570 2.474 2.383 2.296 2.213 2.196 2.221 2.410 2.592
6.359 6.094 5.834 5.580 5.331 5.089 4.852 4.620 4.395 4.170 3.937 3.708 3.484 3.264 3.048 2.836 2.628 2.424 2.224 2.029 1.838 1.800 2.223 2.636 3.038 3.430 3.810 4.180 4.539 4.887 5.224 5.551 5.867 6.187 6.570 6.949 7.324 7.695 8.063 8.426 8.785 9.140 9.491 9.838 10.181 10.401 9.692 9.003 8.334 7.685 7.055 6.446 5.856 5.286 4.736 4.206 3.695 3.222 3.116 3.014 2.917 2.840 2.782 2.741 2.719 2.714 2.728 2.760 2.811 2.879 3.040 3.195
5.777 5.532 5.292 5.059 4.830 4.608 4.391 4.180 3.975 3.771 3.553 3.339 3.130 2.924 2.722 2.525 2.332 2.142 1.957 1.776 1.600 1.481 1.867 2.242 2.606 2.959 3.302 3.634 3.955 4.266 4.565 4.854 5.132 5.403 5.773 6.138 6.499 6.856 7.210 7.559 7.904 8.246 8.583 8.916 9.246 9.571 8.958 8.339 7.739 7.160 6.600 6.060 5.539 5.037 4.547 4.075 3.621 3.185 3.086 3.037 3.005 2.992 2.997 3.020 3.062 3.121 3.198 3.294 3.408 3.540 3.676 3.804
5.190 4.965 4.746 4.532 4.324 4.122 3.925 3.734 3.549 3.370 3.166 2.967 2.771 2.580 2.393 2.210 2.032 1.857 1.686 1.520 1.358 1.199 1.522 1.859 2.185 2.501 2.806 3.100 3.384 3.656 3.918 4.169 4.410 4.639 4.980 5.332 5.679 6.023 6.362 6.698 7.029 7.357 7.680 8.000 8.315 8.627 8.205 7.652 7.118 6.602 6.103 5.622 5.159 4.714 4.287 3.878 3.486 3.113 3.030 3.044 3.076 3.127 3.195 3.282 3.387 3.509 3.650 3.809 3.987 4.182 4.318 4.419
4.598 4.393 4.194 4.000 3.812 3.630 3.454 3.283 3.118 2.959 2.775 2.590 2.409 2.233 2.060 1.892 1.728 1.568 1.412 1.260 1.112 0.968 1.188 1.488 1.776 2.054 2.322 2.578 2.824 3.059 3.283 3.497 3.699 3.891 4.193 4.531 4.864 5.194 5.520 5.864 6.211 6.542 6.855 7.153 7.434 7.698 7.426 6.936 6.465 6.011 5.575 5.157 4.757 4.374 4.010 3.663 3.335 3.024 2.956 3.034 3.130 3.243 3.375 3.525 3.694 3.880 4.084 4.307 4.547 4.806 4.966 5.041
4.000 3.815 3.636 3.463 3.295 3.133 2.977 2.827 2.682 2.542 2.380 2.210 2.044 1.881 1.724 1.570 1.420 1.274 1.133 0.995 0.862 0.733 0.867 1.128 1.379 1.620 1.849 2.068 2.276 2.473 2.660 2.836 3.055 3.285 3.608 3.979 4.335 4.673 4.996 5.301 5.590 5.863 6.119 6.358 6.581 6.787 6.630 6.203 5.795 5.404 5.030 4.675 4.337 4.018 3.716 3.432 3.166 2.917 2.865 3.006 3.165 3.342 3.538 3.751 3.983 4.232 4.500 4.786 5.090 5.412 5.620 5.669
3.397 3.232 3.073 2.920 2.773 2.631 2.495 2.364 2.240 2.121 1.981 1.825 1.674 1.526 1.383 1.243 1.108 0.977 0.850 0.727 0.608 0.494 0.557 0.781 0.994 1.247 1.497 1.741 1.980 2.213 2.441 2.663 2.880 3.091 3.352 3.666 3.963 4.244 4.508 4.756 4.987 5.202 5.400 5.581 5.746 5.895 5.818 5.454 5.108 4.779 4.469 4.176 3.901 3.644 3.405 3.183 2.980 2.794 2.756 2.960 3.183 3.424 3.682 3.959 4.254 4.567 4.898 5.247 5.615 6.000 6.281 6.303
2.788 2.644 2.505 2.372 2.245 2.123 2.007 1.897 1.792 1.693 1.579 1.437 1.300 1.167 1.038 0.913 0.793 0.682 0.617 0.554 0.493 0.435 0.489 0.736 0.978 1.214 1.445 1.670 1.889 2.103 2.311 2.514 2.711 2.902 3.114 3.370 3.609 3.832 4.038 4.228 4.401 4.558 4.698 4.822 4.929 5.020 4.989 4.688 4.404 4.139 3.891 3.660 3.448 3.253 3.077 2.918 2.776 2.653 2.629 2.897 3.183 3.487 3.809 4.150 4.508 4.884 5.278 5.691 6.121 6.570 6.948 6.943
2.175 2.050 1.932 1.819 1.712 1.610 1.514 1.424 1.339 1.260 1.190 1.117 1.047 0.978 0.912 0.848 0.786 0.727 0.669 0.614 0.561 0.510 0.521 0.749 0.971 1.188 1.399 1.604 1.804 1.998 2.187 2.370 2.548 2.720 2.894 3.091 3.273 3.438 3.586 3.718 3.833 3.932 4.014 4.080 4.130 4.162 4.144 3.905 3.684 3.481 3.295 3.128 2.978 2.846 2.731 2.635 2.556 2.495 2.485 2.817 3.166 3.533 3.919 4.322 4.744 5.183 5.641 6.116 6.610 7.121 7.621 7.590
1.555 1.451 1.353 1.301 1.287 1.271 1.256 1.239 1.221 1.203 1.178 1.113 1.050 0.990 0.931 0.875 0.821 0.769 0.719 0.672 0.626 0.583 0.559 0.767 0.970 1.167 1.358 1.544 1.725 1.899 2.069 2.232 2.390 2.543 2.690 2.830 2.954 3.061 3.151 3.225 3.283 3.324 3.348 3.356 3.348 3.323 3.282 3.106 2.948 2.807 2.684 2.578 2.491 2.421 2.369 2.335 2.319 2.320 2.340 2.719 3.131 3.562 4.010 4.477 4.962 5.464 5.985 6.465 6.887 7.290 7.671 7.599
1.348 1.333 1.318 1.301 1.284 1.266 1.247 1.227 1.206 1.185 1.163 1.107 1.052 0.999 0.948 0.899 0.853 0.809 0.767 0.727 0.689 0.654 0.620 0.791 0.974 1.152 1.324 1.490 1.651 1.806 1.956 2.100 2.239 2.372 2.500 2.586 2.652 2.701 2.734 2.750 2.750 2.733 2.700 2.650 2.584 2.501 2.402 2.290 2.194 2.116 2.055 2.012 1.987 1.980 1.990 2.019 2.065 2.128 2.210 2.603 3.103 3.599 4.074 4.528 4.961 5.374 5.766 6.137 6.488 6.818 7.127 7.218
1.358 1.340 1.322 1.302 1.282 1.261 1.239 1.216 1.193 1.168 1.143 1.098 1.051 1.006 0.962 0.921 0.883 0.846 0.812 0.780 0.750 0.722 0.696 0.821 0.985 1.143 1.295 1.442 1.584 1.719 1.850 1.975 2.094 2.207 2.316 2.359 2.367 2.358 2.333 2.292 2.234 2.160 2.069 1.962 1.838 1.698 1.541 1.458 1.424 1.408 1.410 1.430 1.467 1.658 1.861 2.046 2.215 2.367 2.502 2.857 3.301 3.724 4.127 4.509 4.870 5.211 5.531 5.830 6.109 6.367 6.604 6.799
1.369 1.348 1.327 1.304 1.281 1.257 1.232 1.207 1.180 1.153 1.124 1.087 1.047 1.010 0.974 0.941 0.910 0.881 0.854 0.830 0.808 0.787 0.769 0.857 1.001 1.139 1.272 1.400 1.522 1.638 1.749 1.854 1.954 2.049 2.137 2.149 2.099 2.033 1.950 1.851 1.736 1.604 1.455 1.290 1.109 0.911 0.963 1.142 1.386 1.613 1.823 2.017 2.194 2.355 2.498 2.625 2.735 2.829 2.905 3.147 3.518 3.870 4.200 4.510 4.799 5.067 5.315 5.543 5.749 5.935 6.101 6.342
1.381 1.357 1.333 1.307 1.281 1.254 1.226 1.198 1.168 1.138 1.107 1.074 1.042 1.012 0.984 0.958 0.935 0.914 0.895 0.878 0.863 0.851 0.840 0.898 1.023 1.142 1.255 1.363 1.466 1.563 1.654 1.740 1.821 1.896 1.965 1.956 1.849 1.725 1.599 1.562 1.551 1.566 1.607 1.674 1.766 1.884 2.027 2.206 2.391 2.560 2.712 2.847 2.965 3.067 3.151 3.220 3.271 3.306 3.324 3.456 3.755 4.034 4.293 4.530 4.748 4.944 5.120 5.275 5.410 5.524 5.617 5.847
1.394 1.367 1.340 1.311 1.282 1.252 1.222 1.190 1.157 1.124 1.090 1.058 1.034 1.012 0.991 0.974 0.958 0.944 0.933 0.924 0.917 0.912 0.909 0.945 1.050 1.150 1.244 1.333 1.416 1.493 1.565 1.637 1.717 1.795 1.871 1.908 1.885 1.887 1.915 1.969 2.048 2.153 2.284 2.440 2.623 2.831 3.065 3.285 3.412 3.522 3.615 3.691 3.751 3.794 3.820 3.830 3.822 3.799 3.758 3.784 4.012 4.219 4.405 4.571 4.716 4.841 4.945 5.028 5.091 5.133 5.155 5.314
1.407 1.378 1.347 1.316 1.284 1.251 1.218 1.183 1.148 1.111 1.074 1.040 1.024 1.009 0.996 0.986 0.978 0.972 0.968 0.967 0.967 0.970 0.975 0.998 1.086 1.174 1.259 1.342 1.424 1.502 1.579 1.654 1.726 1.796 1.864 1.927 1.994 2.086 2.204 2.348 2.518 2.713 2.934 3.180 3.453 3.751 4.074 4.380 4.448 4.499 4.533 4.551 4.552 4.537 4.504 4.455 4.389 4.307 4.208 4.132 4.288 4.423 4.537 4.631 4.704 4.757 4.789 4.801 4.792 4.762 4.712 4.744
1.422 1.390 1.356 1.322 1.287 1.251 1.214 1.177 1.139 1.099 1.059 1.020 1.011 1.004 0.999 0.996 0.996 0.999 1.005 1.013 1.024 1.038 1.055 1.076 1.159 1.239 1.317 1.392 1.466 1.537 1.606 1.673 1.737 1.799 1.860 1.920 2.077 2.259 2.467 2.701 2.960 3.246 3.556 3.893 4.255 4.643 5.057 5.490 5.499 5.492 5.467 5.427 5.369 5.295 5.204 5.096 4.972 4.831 4.673 4.500 4.583 4.646 4.689 4.711 4.712 4.693 4.653 4.593 4.512 4.411 4.289 4.146
1.438 1.402 1.366 1.329 1.291 1.252 1.212 1.172 1.130 1.088 1.048 1.002 0.997 0.999 1.003 1.010 1.020 1.033 1.048 1.066 1.086 1.110 1.136 1.164 1.234 1.306 1.376 1.444 1.510 1.573 1.634 1.694 1.750 1.805 1.857 1.908 2.133 2.405 2.703 3.027 3.377 3.752 4.152 4.579 5.031 5.509 6.012 6.541 6.565 6.499 6.417 6.317 6.201 6.068 5.919 5.753 5.570 5.371 5.155 4.922 4.898 4.890 4.860 4.810 4.740 4.649 4.538 4.406 4.253 4.080 3.886 3.672
1.454 1.416 1.376 1.358 1.334 1.304 1.267 1.224 1.175 1.120 1.059 0.992 0.981 0.992 1.006 1.023 1.042 1.064 1.089 1.116 1.146 1.178 1.214 1.251 1.311 1.376 1.438 1.498 1.556 1.612 1.665 1.717 1.766 1.813 1.858 1.900 2.163 2.525 2.913 3.327 3.766 4.231 4.722 5.238 5.780 6.347 6.941 7.559 7.647 7.522 7.381 7.223 7.049 6.857 6.649 6.425 6.184 5.926 5.651 5.360 5.233 5.152 5.051 4.930 4.788 4.625 4.442 4.241 4.042 3.845 3.651 3.459
1.629 1.601 1.568 1.528 1.482 1.430 1.372 1.307 1.237 1.160 1.077 0.989 0.963 0.983 1.006 1.032 1.061 1.092 1.126 1.163 1.202 1.244 1.289 1.336 1.391 1.447 1.502 1.555 1.605 1.653 1.699 1.742 1.784 1.823 1.860 1.895 2.166 2.618 3.096 3.600 4.129 4.684 5.264 5.870 6.502 7.159 7.842 8.550 8.743 8.560 8.361 8.144 7.911 7.662 7.395 7.113 6.813 6.497 6.164 5.814 5.550 5.342 5.137 4.934 4.733 4.535 4.339 4.146 3.955 3.766 3.580 3.397
1.870 1.820 1.765 1.704 1.636 1.563 1.483 1.397 1.305 1.207 1.102 0.992 0.941 0.971 1.004 1.039 1.077 1.118 1.161 1.207 1.255 1.307 1.361 1.417 1.472 1.521 1.568 1.613 1.656 1.696 1.734 1.770 1.804 1.835 1.865 1.892 2.143 2.685 3.253 3.846 4.465 5.109 5.780 6.475 7.197 7.943 8.716 9.514 9.855 9.614 9.355 9.081 8.789 8.356 7.859 7.384 6.929 6.495 6.082 5.690 5.394 5.194 4.997 4.803 4.611 4.421 4.233 4.048 3.866 3.686 3.508 3.333
2.117 2.046 1.969 1.886 1.797 1.702 1.601 1.493 1.379 1.260 1.134 1.002 0.917 0.956 0.998 1.043 1.090 1.140 1.193 1.248 1.306 1.367 1.430 1.496 1.556 1.598 1.637 1.674 1.709 1.741 1.772 1.800 1.826 1.850 1.872 1.891 2.094 2.726 3.383 4.066 4.775 5.509 6.268 7.054 7.865 8.701 9.367 9.949 10.163 9.635 9.128 8.642 8.177 7.732 7.309 6.906 6.524 6.163 5.822 5.502 5.235 5.044 4.856 4.669 4.486 4.304 4.125 3.949 3.774 3.603 3.433 3.266
2.371 2.278 2.180 2.075 1.965 1.848 1.725 1.596 1.461 1.319 1.172 1.018 0.890 0.939 0.990 1.044 1.101 1.160 1.222 1.286 1.354 1.424 1.496 1.571 1.642 1.676 1.707 1.737 1.764 1.789 1.812 1.832 1.851 1.867 1.881 1.892 2.019 2.740 3.487 4.189 4.860 5.505 6.126 6.721 7.291 7.836 8.356 8.850 9.157 8.702 8.268 7.854 7.462 7.090 6.739 6.408 6.099 5.810 5.542 5.295 5.075 4.892 4.712 4.534 4.359 4.186 4.015 3.847 3.681 3.518 3.357 3.198
2.632 2.517 2.397 2.271 2.139 2.000 1.856 1.705 1.548 1.386 1.217 1.041 0.860 0.918 0.979 1.042 1.108 1.177 1.248 1.322 1.398 1.478 1.559 1.644 1.730 1.756 1.780 1.802 1.821 1.839 1.854 1.866 1.867 1.871 1.878 1.888 1.917 2.575 3.209 3.817 4.400 4.958 5.490 5.998 6.480 6.938 7.370 7.777 8.132 7.750 7.388 7.047 6.727 6.428 6.149 5.891 5.654 5.438 5.242 5.068 4.912 4.738 4.566 4.396 4.229 4.065 3.903 3.743 3.585 3.430 3.278 3.128
2.918 2.762 2.621 2.473 2.319 2.159 1.993 1.821 1.643 1.458 1.268 1.071 0.868 0.895 0.965 1.037 1.113 1.191 1.271 1.354 1.440 1.529 1.620 1.714 1.806 1.806 1.799 1.796 1.795 1.797 1.803 1.811 1.823 1.838 1.855 1.876 1.900 2.404 2.950 3.470 3.966 4.436 4.881 5.301 5.696 6.066 6.411 6.731 7.025 6.778 6.489 6.220 5.973 5.746 5.540 5.355 5.190 5.046 4.923 4.820 4.739 4.581 4.418 4.257 4.098 3.942 3.788 3.637 3.488 3.341 3.197 3.055
3.225 3.014 2.851 2.681 2.506 2.325 2.137 1.943 1.744 1.538 1.326 1.108 0.883 0.869 0.948 1.030 1.114 1.236 1.410 1.549 1.651 1.718 1.748 1.743 1.701 1.684 1.688 1.695 1.705 1.718 1.734 1.753 1.776 1.801 1.829 1.860 1.895 2.258 2.716 3.149 3.557 3.940 4.298 4.631 4.938 5.221 5.478 5.711 5.918 5.787 5.570 5.375 5.199 5.045 4.911 4.798 4.706 4.634 4.584 4.553 4.544 4.423 4.268 4.115 3.965 3.817 3.671 3.528 3.388 3.249 3.114 2.980
3.554 3.272 3.087 2.896 2.700 2.497 2.288 2.072 1.851 1.624 1.476 1.430 1.392 1.498 1.690 1.847 1.967 2.051 2.100 2.112 2.089 2.029 1.934 1.802 1.635 1.559 1.574 1.591 1.612 1.636 1.662 1.692 1.725 1.761 1.800 1.842 1.887 2.138 2.509 2.854 3.175 3.470 3.741 3.986 4.206 4.402 4.572 4.717 4.837 4.777 4.633 4.509 4.406 4.324 4.263 4.222 4.202 4.203 4.225 4.267 4.330 4.262 4.116 3.971 3.829 3.690 3.553 3.418 3.286 3.156 3.028 2.903
3.905 3.536 3.330 3.201 3.128 3.062 3.004 2.954 2.912 2.878 2.851 2.832 2.821 2.855 2.921 2.951 2.945 2.904 2.826 2.713 2.563 2.378 2.157 1.899 1.606 1.431 1.456 1.484 1.516 1.550 1.588 1.628 1.672 1.718 1.768 1.820 1.876 2.043 2.327 2.585 2.818 3.026 3.210 3.368 3.501 3.609 3.691 3.749 3.782 3.748 3.676 3.625 3.594 3.584 3.595 3.627 3.679 3.752 3.846 3.960 4.095 4.100 3.961 3.825 3.692 3.561 3.432 3.306 3.244 3.270 3.279 3.272
5.130 4.493 4.431 4.376 4.330 4.291 4.261 4.238 4.223 4.215 4.216 4.224 4.240 4.248 4.188 4.093 3.961 3.794 3.590 3.351 3.076 2.764 2.417 2.034 1.615 1.300 1.336 1.375 1.417 1.462 1.510 1.561 1.615 1.672 1.732 1.795 1.862 1.975 2.171 2.342 2.487 2.608 2.704 2.775 2.821 2.842 2.837 2.808 2.754 2.699 2.700 2.721 2.763 2.825 2.908 3.012 3.136 3.282 3.447 3.634 3.841 4.045 4.129 4.196 4.246 4.280 4.298 4.300 4.285 4.253 4.205 4.141
6.943 5.603 5.568 5.541 5.522 5.511 5.507 5.511 5.523 5.543 5.570 5.606 5.649 5.678 5.493 5.271 5.014 4.720 4.391 4.026 3.625 3.188 2.716 2.207 1.662 1.166 1.212 1.262 1.314 1.370 1.429 1.490 1.555 1.623 1.694 1.768 1.844 1.931 2.040 2.124 2.182 2.216 2.225 2.209 2.167 2.101 2.009 1.893 1.752 1.632 1.704 1.798 1.912 2.046 2.516 3.159 3.731 4.232 4.664 5.025 5.316 5.501 5.527 5.537 5.530 5.507 5.468 5.412 5.340 5.251 5.146 5.024
