DATA/SHG/ECMWF/20170628/EN-37/20170630.en-37.asc
ncols        190
nrows        64
xllcorner    -5100000.000000000000
yllcorner    4130000.000000000000
cellsize     10000.000000000000
NODATA_value  -99999.000
[rows 0 to 32 of 64, columns 74 to 147 of 190]
0.493 0.509 0.525 0.541 0.557 0.573 0.589 0.588 0.549 0.522 0.502 0.489 0.484 0.487 0.497 0.515 0.540 0.574 0.614 0.695 0.875 1.039 1.192 1.333 1.462 1.580 1.687 1.781 1.864 1.936 1.996 2.042 2.078 2.114 2.152 2.191 2.231 2.272 2.314 2.358 2.403 2.449 2.496 2.509 2.414 2.322 2.231 2.142 2.055 1.969 1.886 1.804 1.724 1.646 1.570 1.498 1.434 1.372 1.310 1.248 1.187 1.127 1.068 1.009 0.951 0.893 0.836 0.810 0.872 0.941 1.016 1.097 1.184 1.278
0.428 0.448 0.470 0.492 0.514 0.536 0.558 0.574 0.565 0.564 0.571 0.585 0.606 0.636 0.672 0.717 0.769 0.828 0.895 0.976 1.105 1.217 1.318 1.407 1.485 1.551 1.605 1.648 1.679 1.699 1.707 1.709 1.750 1.792 1.835 1.879 1.924 1.971 2.019 2.068 2.118 2.169 2.221 2.257 2.170 2.086 2.003 1.922 1.843 1.766 1.690 1.617 1.545 1.474 1.406 1.340 1.280 1.220 1.161 1.102 1.044 0.987 0.930 0.874 0.818 0.764 0.709 0.677 0.767 0.863 0.965 1.074 1.188 1.308
0.401 0.423 0.445 0.467 0.490 0.512 0.534 0.556 0.574 0.600 0.633 0.673 0.721 0.777 0.840 0.911 0.990 1.076 1.169 1.270 1.347 1.408 1.457 1.494 1.520 1.534 1.537 1.528 1.507 1.475 1.432 1.377 1.422 1.469 1.517 1.567 1.617 1.669 1.722 1.776 1.831 1.888 1.946 2.003 1.925 1.848 1.774 1.701 1.630 1.561 1.493 1.427 1.364 1.301 1.241 1.183 1.125 1.068 1.011 0.956 0.900 0.846 0.792 0.739 0.686 0.634 0.582 0.556 0.703 0.847 0.987 1.123 1.255 1.383
0.376 0.398 0.420 0.443 0.465 0.488 0.511 0.533 0.576 0.628 0.688 0.755 0.829 0.911 1.001 1.098 1.203 1.316 1.436 1.563 1.603 1.611 1.608 1.594 1.568 1.531 1.481 1.421 1.349 1.265 1.169 1.063 1.093 1.145 1.199 1.253 1.309 1.366 1.425 1.484 1.545 1.606 1.669 1.733 1.678 1.610 1.543 1.478 1.415 1.354 1.294 1.237 1.181 1.127 1.074 1.024 0.970 0.915 0.892 0.894 0.892 0.886 0.876 0.862 0.843 0.821 0.795 0.765 0.884 1.011 1.134 1.253 1.368 1.480
0.350 0.373 0.396 0.418 0.441 0.464 0.487 0.510 0.571 0.650 0.736 0.829 0.930 1.039 1.155 1.279 1.410 1.549 1.695 1.849 1.871 1.828 1.773 1.707 1.629 1.540 1.439 1.327 1.203 1.067 0.920 0.762 0.763 0.820 0.879 0.939 1.000 1.063 1.126 1.191 1.257 1.324 1.392 1.461 1.429 1.369 1.310 1.254 1.199 1.179 1.190 1.204 1.221 1.241 1.264 1.291 1.293 1.285 1.273 1.257 1.237 1.213 1.185 1.153 1.116 1.076 1.032 0.984 1.068 1.178 1.284 1.386 1.485 1.580
0.325 0.348 0.371 0.394 0.417 0.440 0.463 0.486 0.559 0.664 0.776 0.896 1.024 1.159 1.302 1.452 1.609 1.775 1.947 2.128 2.151 2.057 1.950 1.832 1.703 1.562 1.410 1.246 1.070 0.883 0.684 0.474 0.432 0.495 0.559 0.624 0.691 0.758 0.827 0.897 1.003 1.134 1.264 1.395 1.444 1.453 1.465 1.481 1.499 1.520 1.545 1.573 1.604 1.638 1.675 1.715 1.714 1.688 1.658 1.624 1.586 1.544 1.497 1.447 1.393 1.335 1.273 1.207 1.255 1.348 1.438 1.524 1.606 1.684
0.299 0.322 0.346 0.369 0.392 0.416 0.439 0.463 0.540 0.672 0.810 0.957 1.111 1.272 1.441 1.618 1.802 1.993 2.193 2.399 2.445 2.298 2.140 1.971 1.790 1.597 1.393 1.177 0.950 0.712 0.461 0.238 0.205 0.335 0.465 0.595 0.725 0.856 0.986 1.117 1.248 1.378 1.509 1.640 1.712 1.735 1.761 1.790 1.823 1.858 1.897 1.938 1.983 2.031 2.082 2.137 2.138 2.094 2.046 1.994 1.938 1.878 1.814 1.746 1.674 1.597 1.517 1.433 1.446 1.522 1.595 1.664 1.730 1.791
0.274 0.297 0.321 0.344 0.368 0.391 0.415 0.439 0.514 0.672 0.837 1.010 1.190 1.378 1.574 1.776 1.987 2.205 2.430 2.663 2.751 2.553 2.336 2.118 1.904 1.694 1.487 1.284 1.084 0.889 0.697 0.508 0.445 0.575 0.706 0.836 0.967 1.098 1.229 1.360 1.491 1.622 1.754 1.885 1.976 2.013 2.053 2.096 2.142 2.192 2.244 2.300 2.359 2.421 2.486 2.554 2.566 2.504 2.438 2.368 2.294 2.216 2.134 2.048 1.958 1.864 1.765 1.663 1.640 1.700 1.756 1.808 1.857 1.902
0.248 0.272 0.296 0.319 0.343 0.367 0.391 0.415 0.482 0.666 0.857 1.056 1.263 1.477 1.696 1.907 2.118 2.329 2.540 2.752 2.867 2.659 2.453 2.252 2.054 1.860 1.670 1.483 1.300 1.121 0.946 0.774 0.684 0.815 0.946 1.077 1.209 1.340 1.471 1.603 1.734 1.866 1.998 2.130 2.237 2.287 2.341 2.398 2.459 2.522 2.588 2.658 2.731 2.806 2.885 2.967 2.997 2.917 2.833 2.745 2.653 2.557 2.457 2.353 2.245 2.133 2.017 1.897 1.838 1.881 1.920 1.956 1.988 2.016
0.222 0.246 0.270 0.294 0.319 0.343 0.367 0.395 0.454 0.664 0.875 1.086 1.297 1.508 1.720 1.931 2.142 2.354 2.565 2.777 2.947 2.755 2.566 2.381 2.200 2.023 1.849 1.679 1.512 1.350 1.191 1.035 0.924 1.055 1.186 1.318 1.449 1.581 1.713 1.845 1.977 2.109 2.241 2.374 2.493 2.558 2.626 2.697 2.771 2.848 2.928 3.012 3.098 3.188 3.281 3.377 3.432 3.334 3.232 3.127 3.017 2.903 2.785 2.663 2.537 2.407 2.273 2.135 2.039 2.065 2.088 2.107 2.122 2.134
0.204 0.242 0.279 0.315 0.349 0.382 0.414 0.444 0.475 0.686 0.897 1.108 1.320 1.531 1.743 1.954 2.166 2.378 2.590 2.802 3.014 2.847 2.675 2.507 2.342 2.181 2.023 1.870 1.720 1.573 1.431 1.292 1.162 1.294 1.426 1.558 1.690 1.822 1.954 2.087 2.219 2.352 2.484 2.617 2.746 2.825 2.907 2.992 3.080 3.171 3.265 3.362 3.463 3.566 3.673 3.783 3.871 3.755 3.635 3.511 3.383 3.252 3.116 2.976 2.832 2.684 2.532 2.376 2.243 2.253 2.259 2.262 2.260 2.255
0.287 0.321 0.353 0.384 0.414 0.442 0.469 0.494 0.518 0.707 0.919 1.131 1.342 1.554 1.766 1.978 2.190 2.402 2.614 2.827 3.039 2.935 2.780 2.627 2.479 2.335 2.194 2.056 1.923 1.793 1.667 1.544 1.426 1.533 1.665 1.797 1.930 2.063 2.195 2.328 2.461 2.594 2.727 2.860 2.994 3.088 3.184 3.283 3.384 3.489 3.597 3.709 3.823 3.940 4.061 4.185 4.311 4.179 4.041 3.900 3.754 3.604 3.450 3.293 3.131 2.965 2.795 2.636 2.509 2.705 3.027 3.478 4.056 4.762
0.373 0.401 0.429 0.455 0.480 0.503 0.525 0.545 0.564 0.729 0.941 1.153 1.365 1.577 1.789 2.001 2.214 2.426 2.639 2.851 3.064 3.019 2.880 2.744 2.612 2.484 2.359 2.239 2.122 2.008 1.898 1.792 1.690 1.771 1.904 2.037 2.169 2.303 2.436 2.569 2.702 2.836 2.969 3.103 3.237 3.348 3.457 3.570 3.686 3.804 3.926 4.051 4.180 4.311 4.445 4.583 4.723 4.607 4.440 4.267 4.101 3.943 3.793 3.650 3.516 3.389 3.270 3.159 3.056 3.764 4.654 5.672 6.817 8.090
0.459 0.483 0.505 0.527 0.547 0.565 0.582 0.598 0.612 0.750 0.962 1.174 1.387 1.599 1.812 2.024 2.237 2.450 2.663 2.876 3.089 3.098 2.976 2.856 2.741 2.629 2.521 2.417 2.316 2.219 2.126 2.036 1.950 2.009 2.142 2.275 2.409 2.542 2.676 2.809 2.943 3.077 3.211 3.345 3.479 3.604 3.727 3.853 3.983 4.112 4.235 4.354 4.468 4.579 4.685 4.787 4.885 4.789 4.643 4.504 4.373 4.249 4.134 4.026 3.926 3.834 3.750 3.674 3.605 4.695 6.152 7.736 9.448 11.288
0.546 0.565 0.583 0.600 0.615 0.628 0.641 0.652 0.661 0.771 0.983 1.196 1.409 1.622 1.834 2.047 2.261 2.474 2.687 2.900 3.114 3.174 3.067 2.964 2.865 2.770 2.678 2.590 2.506 2.425 2.348 2.275 2.206 2.246 2.380 2.513 2.647 2.781 2.915 3.049 3.188 3.331 3.475 3.619 3.764 3.896 4.017 4.134 4.247 4.355 4.460 4.560 4.656 4.748 4.836 4.920 4.999 4.949 4.837 4.733 4.636 4.548 4.467 4.394 4.329 4.271 4.222 4.180 4.146 5.497 7.521 9.671 11.949 14.355
0.635 0.649 0.662 0.674 0.684 0.693 0.700 0.707 0.711 0.791 1.004 1.217 1.430 1.644 1.857 2.070 2.284 2.497 2.711 2.925 3.138 3.245 3.155 3.068 2.985 2.907 2.831 2.760 2.692 2.627 2.567 2.511 2.465 2.501 2.643 2.786 2.929 3.072 3.216 3.360 3.505 3.651 3.797 3.943 4.090 4.217 4.320 4.418 4.512 4.603 4.689 4.770 4.848 4.922 4.991 5.057 5.118 5.100 5.023 4.953 4.891 4.837 4.791 4.753 4.722 4.700 4.685 4.678 4.678 6.171 8.761 11.477 14.321 17.292
0.725 0.734 0.742 0.749 0.755 0.759 0.761 0.763 0.763 0.812 1.025 1.239 1.452 1.666 1.879 2.093 2.307 2.521 2.735 2.949 3.163 3.311 3.219 3.122 3.036 2.961 2.897 2.845 2.804 2.774 2.755 2.747 2.751 2.803 2.947 3.091 3.237 3.382 3.528 3.675 3.822 3.969 4.117 4.266 4.415 4.542 4.626 4.706 4.782 4.854 4.921 4.985 5.044 5.100 5.151 5.198 5.241 5.243 5.200 5.165 5.138 5.119 5.107 5.104 5.108 5.120 5.139 5.167 5.202 6.718 9.872 13.154 16.563 20.100
0.815 0.820 0.824 0.826 0.826 0.826 0.823 0.820 0.815 0.832 1.046 1.260 1.474 1.687 1.900 2.085 2.264 2.436 2.602 2.761 2.918 3.052 2.993 2.946 2.910 2.885 2.871 2.869 2.878 2.898 2.929 2.972 3.025 3.103 3.249 3.396 3.544 3.691 3.839 3.988 4.137 4.287 4.437 4.588 4.739 4.871 4.936 4.998 5.056 5.109 5.158 5.203 5.244 5.281 5.314 5.343 5.367 5.378 5.370 5.369 5.377 5.392 5.415 5.446 5.485 5.531 5.585 5.647 5.717 7.136 10.856 14.702 18.676 22.778
0.907 0.907 0.906 0.903 0.899 0.894 0.887 0.877 0.858 0.841 1.032 1.221 1.404 1.579 1.748 1.911 2.067 2.216 2.358 2.494 2.628 2.760 2.755 2.758 2.772 2.797 2.833 2.881 2.940 3.010 3.091 3.183 3.287 3.403 3.551 3.700 3.850 3.999 4.150 4.301 4.452 4.604 4.756 4.909 5.062 5.203 5.251 5.294 5.333 5.368 5.399 5.426 5.449 5.467 5.482 5.492 5.498 5.504 5.531 5.565 5.607 5.657 5.715 5.780 5.853 5.934 6.023 6.120 6.224 7.426 11.711 16.122 20.660 25.326
0.995 0.970 0.947 0.925 0.906 0.888 0.872 0.858 0.846 0.835 0.980 1.146 1.305 1.458 1.604 1.743 1.875 2.001 2.121 2.233 2.344 2.453 2.505 2.558 2.621 2.697 2.783 2.880 2.989 3.109 3.240 3.382 3.535 3.700 3.852 4.003 4.155 4.307 4.459 4.612 4.766 4.919 5.074 5.229 5.384 5.540 5.569 5.594 5.615 5.631 5.644 5.652 5.657 5.657 5.653 5.645 5.633 5.623 5.684 5.753 5.829 5.914 6.006 6.106 6.214 6.329 6.452 6.584 6.722 7.589 12.438 17.413 22.516 27.745
0.931 0.912 0.895 0.880 0.867 0.855 0.846 0.838 0.832 0.828 0.934 1.076 1.212 1.342 1.465 1.581 1.691 1.793 1.890 1.979 2.066 2.153 2.243 2.345 2.459 2.584 2.720 2.867 3.025 3.195 3.376 3.568 3.771 3.986 4.152 4.305 4.459 4.613 4.767 4.923 5.078 5.234 5.391 5.548 5.705 5.863 5.891 5.898 5.900 5.898 5.893 5.883 5.869 5.851 5.829 5.802 5.772 5.738 5.829 5.932 6.043 6.162 6.289 6.423 6.565 6.715 6.873 7.039 7.287 7.873 13.223 18.504 23.716 28.860
0.865 0.853 0.842 0.833 0.826 0.821 0.818 0.816 0.816 0.818 0.893 1.013 1.126 1.233 1.332 1.425 1.512 1.592 1.665 1.731 1.795 1.858 1.968 2.120 2.284 2.458 2.644 2.841 3.050 3.269 3.500 3.742 3.995 4.259 4.451 4.606 4.762 4.918 5.075 5.232 5.390 5.548 5.707 5.866 6.026 6.186 6.217 6.205 6.189 6.170 6.146 6.117 6.085 6.049 6.008 5.964 5.915 5.862 5.965 6.157 6.442 6.743 7.062 7.397 7.750 8.119 8.505 8.908 9.328 9.765 14.505 19.483 24.392 29.233
0.798 0.792 0.788 0.785 0.784 0.785 0.788 0.793 0.799 0.808 0.859 0.956 1.046 1.129 1.206 1.276 1.339 1.396 1.446 1.490 1.530 1.570 1.681 1.883 2.096 2.321 2.556 2.803 3.061 3.331 3.611 3.903 4.205 4.519 4.748 4.906 5.064 5.222 5.381 5.541 5.701 5.861 6.022 6.183 6.345 6.507 6.547 6.517 6.483 6.445 6.405 6.389 6.400 6.440 6.507 6.603 6.726 6.877 7.163 7.506 7.865 8.242 8.635 9.045 9.472 9.916 10.377 10.855 11.349 11.861 15.852 20.527 25.134 29.673
0.729 0.729 0.731 0.735 0.741 0.748 0.757 0.768 0.781 0.795 0.832 0.905 0.972 1.032 1.086 1.133 1.173 1.207 1.234 1.254 1.272 1.288 1.381 1.633 1.896 2.171 2.456 2.753 3.061 3.380 3.710 4.051 4.403 4.767 5.045 5.205 5.365 5.526 5.687 5.848 6.010 6.160 6.279 6.384 6.474 6.550 6.567 6.563 6.587 6.638 6.718 6.825 6.960 7.124 7.315 7.534 7.781 8.056 8.418 8.836 9.270 9.721 10.189 10.674 11.176 11.694 12.230 12.782 13.351 13.937 17.264 21.638 25.942 30.178
0.659 0.665 0.673 0.683 0.695 0.709 0.724 0.741 0.760 0.781 0.810 0.860 0.904 0.941 0.972 0.996 1.013 1.024 1.028 1.025 1.020 1.012 1.070 1.372 1.684 2.008 2.344 2.690 3.047 3.416 3.796 4.187 4.600 5.036 5.388 5.544 5.686 5.814 5.927 6.025 6.109 6.179 6.234 6.275 6.301 6.313 6.355 6.474 6.622 6.797 7.000 7.232 7.491 7.778 8.093 8.435 8.806 9.205 9.654 10.146 10.655 11.181 11.724 12.283 12.860 13.453 14.063 14.690 15.334 15.994 18.742 22.813 26.816 30.750
0.587 0.600 0.614 0.630 0.648 0.668 0.690 0.713 0.738 0.765 0.794 0.821 0.842 0.856 0.864 0.865 0.859 0.847 0.828 0.802 0.774 0.743 0.746 1.122 1.542 1.966 2.393 2.824 3.259 3.697 4.138 4.584 5.033 5.485 5.871 5.963 6.041 6.104 6.153 6.187 6.207 6.213 6.204 6.181 6.144 6.092 6.113 6.356 6.627 6.927 7.253 7.608 7.991 8.402 8.840 9.306 9.801 10.323 10.871 11.438 12.022 12.622 13.239 13.873 14.524 15.192 15.877 16.578 17.296 18.032 20.285 24.054 27.755 31.387
0.513 0.532 0.553 0.575 0.600 0.626 0.654 0.683 0.715 0.748 0.783 0.789 0.786 0.778 0.762 0.748 0.785 0.821 0.858 0.895 0.927 0.955 0.983 1.405 1.842 2.281 2.725 3.172 3.622 4.077 4.534 4.996 5.461 5.930 6.368 6.396 6.410 6.410 6.394 6.365 6.321 6.263 6.190 6.103 6.002 5.886 5.842 6.209 6.604 7.026 7.477 7.955 8.462 8.996 9.558 10.148 10.765 11.411 12.070 12.711 13.369 14.044 14.736 15.444 16.170 16.912 17.671 18.447 19.240 20.050 21.893 25.361 28.759 32.090
0.438 0.464 0.490 0.519 0.550 0.582 0.616 0.652 0.697 0.779 0.868 0.915 0.951 0.988 1.024 1.061 1.098 1.135 1.172 1.209 1.242 1.270 1.298 1.684 2.137 2.593 3.052 3.515 3.982 4.452 4.926 5.404 5.885 6.369 6.858 6.845 6.795 6.730 6.651 6.558 6.450 6.328 6.192 6.041 5.875 5.695 5.542 6.032 6.551 7.097 7.671 8.273 8.902 9.560 10.245 10.959 11.700 12.469 13.249 13.964 14.697 15.447 16.213 16.996 17.796 18.613 19.446 20.297 21.164 22.048 23.566 26.732 29.830 32.859
0.362 0.398 0.453 0.514 0.584 0.661 0.746 0.839 0.939 1.047 1.162 1.225 1.262 1.299 1.336 1.373 1.411 1.448 1.486 1.523 1.556 1.585 1.613 1.959 2.427 2.899 3.375 3.854 4.337 4.823 5.313 5.806 6.304 6.804 7.309 7.309 7.195 7.066 6.923 6.766 6.595 6.409 6.208 5.993 5.764 5.521 5.263 5.826 6.468 7.138 7.835 8.561 9.314 10.095 10.903 11.740 12.604 13.496 14.409 15.199 16.006 16.830 17.671 18.528 19.403 20.294 21.202 22.127 23.068 24.027 25.304 28.169 30.965 33.693
0.373 0.446 0.527 0.616 0.712 0.816 0.927 1.046 1.173 1.307 1.449 1.535 1.573 1.610 1.647 1.685 1.723 1.761 1.799 1.837 1.870 1.899 1.928 2.229 2.713 3.201 3.693 4.188 4.687 5.189 5.695 6.205 6.718 7.235 7.755 7.788 7.610 7.417 7.211 6.990 6.754 6.505 6.240 5.962 5.669 5.362 5.040 5.591 6.356 7.149 7.970 8.819 9.695 10.599 11.531 12.491 13.479 14.494 15.537 16.415 17.297 18.195 19.110 20.042 20.991 21.956 22.938 23.938 24.954 25.986 26.923 29.014 31.046 33.018
0.387 0.487 0.594 0.709 0.832 0.963 1.100 1.246 1.399 1.560 1.729 1.845 1.883 1.920 1.958 1.996 2.034 2.073 2.111 2.149 2.183 2.212 2.242 2.494 2.995 3.499 4.006 4.518 5.033 5.551 6.073 6.599 7.128 7.661 8.197 8.282 8.040 7.784 7.513 7.229 6.929 6.616 6.288 5.946 5.589 5.218 4.833 5.327 6.215 7.131 8.076 9.047 10.047 11.074 12.129 13.212 14.323 15.462 16.628 17.612 18.568 19.527 20.411 21.215 21.940 22.585 23.150 23.635 24.041 24.367 24.613 26.336 28.107 29.818
0.394 0.520 0.654 0.796 0.945 1.102 1.267 1.439 1.619 1.806 2.001 2.154 2.192 2.230 2.269 2.307 2.345 2.384 2.423 2.462 2.496 2.526 2.555 2.755 3.272 3.792 4.315 4.843 5.374 5.908 6.446 6.988 7.533 8.082 8.634 8.791 8.485 8.165 7.831 7.483 7.120 6.742 6.351 5.945 5.524 5.090 4.641 5.033 6.045 7.084 8.151 9.246 10.394 11.630 12.898 14.197 15.529 16.892 18.286 19.238 19.929 20.541 21.073 21.525 21.897 22.190 22.402 22.535 22.589 22.562 22.456 23.719 25.229 26.680
0.394 0.547 0.707 0.875 1.051 1.235 1.426 1.624 1.831 2.044 2.266 2.463 2.501 2.540 2.578 2.617 2.656 2.695 2.734 2.774 2.808 2.838 2.868 3.012 3.544 4.080 4.620 5.163 5.710 6.261 6.815 7.373 7.934 8.499 9.067 9.315 8.945 8.562 8.164 7.752 7.325 6.884 6.429 5.982 5.581 5.156 4.707 5.022 6.240 7.490 8.771 10.084 11.429 12.806 14.214 15.654 17.125 18.628 20.163 21.037 21.375 21.635 21.814 21.914 21.934 21.875 21.736 21.517 21.218 20.840 20.382 21.164 22.414 23.604
