DATA/SHG/ECMWF/20170628/EN-37/20170710.en-37.asc
ncols        190
nrows        64
xllcorner    -5100000.000000000000
yllcorner    4130000.000000000000
cellsize     10000.000000000000
NODATA_value  -99999.000
[rows 0 to 32 of 64, columns 74 to 147 of 190]
8.293 8.543 8.793 9.041 9.289 9.537 9.783 9.908 9.678 9.404 9.129 8.852 8.573 8.293 8.011 7.727 7.442 7.155 6.866 6.647 6.676 6.720 6.773 6.837 6.911 6.995 7.089 7.193 7.307 7.432 7.566 7.695 7.775 7.850 7.921 7.987 8.049 8.107 8.160 8.209 8.253 8.293 8.329 8.386 8.519 8.646 8.766 8.880 8.987 9.088 9.183 9.271 9.353 9.428 9.497 9.527 9.456 9.381 9.301 9.217 9.129 9.037 8.941 8.840 8.735 8.626 8.513 8.460 8.595 8.742 8.900 9.071 9.252 9.446
8.895 9.033 9.145 9.264 9.389 9.521 9.660 9.730 9.452 9.172 8.891 8.608 8.324 8.038 7.750 7.460 7.169 6.877 6.582 6.324 6.398 6.487 6.586 6.695 6.814 6.943 7.082 7.231 7.390 7.559 7.739 7.913 7.973 8.029 8.080 8.126 8.169 8.206 8.240 8.269 8.293 8.314 8.329 8.353 8.458 8.556 8.647 8.733 8.812 8.884 8.951 9.010 9.064 9.111 9.152 9.169 9.079 8.985 8.887 8.784 8.678 8.567 8.452 8.332 8.209 8.081 7.949 7.862 8.049 8.248 8.459 8.681 8.915 9.161
8.493 8.622 8.757 8.899 9.048 9.203 9.364 9.511 9.227 8.942 8.655 8.367 8.076 7.784 7.491 7.196 6.899 6.601 6.301 5.999 6.109 6.243 6.387 6.541 6.705 6.879 7.063 7.257 7.461 7.676 7.900 8.134 8.176 8.212 8.243 8.270 8.293 8.311 8.324 8.334 8.338 8.339 8.335 8.327 8.403 8.473 8.536 8.593 8.644 8.688 8.726 8.757 8.782 8.801 8.813 8.816 8.708 8.595 8.478 8.356 8.231 8.101 7.968 7.830 7.687 7.541 7.391 7.322 7.694 8.064 8.429 8.791 9.150 9.504
8.053 8.205 8.364 8.529 8.700 8.879 9.063 9.255 9.005 8.714 8.421 8.127 7.831 7.533 7.234 6.933 6.631 6.326 6.021 5.713 5.809 5.988 6.177 6.376 6.585 6.804 7.033 7.272 7.522 7.781 8.050 8.329 8.384 8.400 8.411 8.418 8.421 8.420 8.413 8.403 8.388 8.369 8.345 8.317 8.356 8.397 8.432 8.460 8.482 8.498 8.507 8.510 8.507 8.497 8.481 8.459 8.341 8.209 8.114 8.063 8.023 7.993 7.974 7.966 7.967 7.979 8.002 8.035 8.370 8.723 9.072 9.418 9.761 10.100
7.608 7.783 7.965 8.153 8.348 8.549 8.757 8.971 8.784 8.488 8.189 7.889 7.587 7.284 6.979 6.672 6.364 6.054 5.743 5.429 5.498 5.722 5.956 6.200 6.454 6.718 6.992 7.276 7.570 7.875 8.189 8.513 8.596 8.592 8.584 8.571 8.554 8.533 8.507 8.477 8.442 8.403 8.360 8.312 8.315 8.328 8.334 8.334 8.328 8.333 8.353 8.375 8.397 8.421 8.447 8.474 8.452 8.428 8.413 8.409 8.416 8.432 8.460 8.498 8.546 8.604 8.674 8.753 9.047 9.385 9.718 10.048 10.375 10.697
7.157 7.355 7.560 7.771 7.989 8.214 8.445 8.682 8.566 8.263 7.959 7.653 7.346 7.037 6.726 6.413 6.099 5.784 5.466 5.148 5.176 5.445 5.724 6.013 6.312 6.621 6.940 7.269 7.608 7.957 8.316 8.685 8.813 8.789 8.761 8.729 8.692 8.651 8.606 8.556 8.505 8.455 8.402 8.347 8.340 8.359 8.379 8.401 8.425 8.449 8.476 8.503 8.532 8.563 8.595 8.628 8.648 8.669 8.702 8.744 8.797 8.860 8.934 9.018 9.113 9.218 9.333 9.459 9.728 10.049 10.367 10.681 10.991 11.298
6.701 6.922 7.150 7.384 7.625 7.873 8.127 8.387 8.349 8.041 7.731 7.419 7.106 6.791 6.475 6.157 5.837 5.515 5.192 4.868 4.843 5.157 5.481 5.815 6.158 6.512 6.876 7.250 7.634 8.028 8.432 8.847 9.029 8.986 8.941 8.893 8.844 8.792 8.739 8.683 8.625 8.565 8.504 8.439 8.422 8.448 8.474 8.503 8.533 8.564 8.596 8.630 8.666 8.703 8.741 8.781 8.832 8.900 8.979 9.068 9.167 9.277 9.397 9.528 9.669 9.820 9.982 10.154 10.411 10.716 11.017 11.315 11.610 11.901
6.239 6.483 6.734 6.991 7.255 7.526 7.803 8.087 8.134 7.820 7.505 7.187 6.868 6.548 6.225 5.902 5.576 5.249 4.920 4.590 4.499 4.858 5.291 5.743 6.186 6.620 7.044 7.458 7.863 8.258 8.643 9.019 9.226 9.174 9.119 9.062 9.004 8.943 8.880 8.815 8.748 8.678 8.607 8.534 8.503 8.535 8.568 8.603 8.639 8.676 8.715 8.756 8.797 8.841 8.885 8.931 9.006 9.120 9.245 9.380 9.526 9.682 9.849 10.026 10.213 10.411 10.619 10.838 11.096 11.385 11.671 11.953 12.231 12.506
5.771 6.039 6.313 6.593 6.880 7.174 7.474 7.780 7.921 7.602 7.280 6.957 6.632 6.306 6.003 5.801 5.604 5.414 5.230 5.051 5.009 5.438 5.857 6.267 6.668 7.058 7.439 7.811 8.173 8.526 8.869 9.202 9.425 9.364 9.300 9.233 9.165 9.095 9.023 8.948 8.872 8.793 8.713 8.630 8.582 8.620 8.660 8.701 8.743 8.787 8.833 8.879 8.928 8.977 9.028 9.081 9.168 9.329 9.500 9.682 9.874 10.076 10.289 10.513 10.746 10.990 11.245 11.510 11.784 12.057 12.327 12.593 12.856 13.115
5.298 5.589 5.886 6.189 6.499 6.816 7.139 7.499 7.841 7.623 7.412 7.206 7.006 6.813 6.625 6.443 6.268 6.098 5.935 5.777 5.671 6.057 6.434 6.801 7.159 7.507 7.845 8.174 8.494 8.804 9.104 9.395 9.627 9.555 9.482 9.407 9.329 9.250 9.168 9.084 8.998 8.910 8.820 8.728 8.660 8.704 8.750 8.797 8.846 8.897 8.948 9.001 9.056 9.112 9.169 9.228 9.320 9.527 9.744 9.972 10.211 10.459 10.719 10.988 11.268 11.559 11.859 12.170 12.475 12.732 12.986 13.236 13.482 13.726
4.849 5.234 5.634 6.048 6.477 6.921 7.379 7.852 8.331 8.135 7.944 7.759 7.580 7.407 7.240 7.080 6.925 6.776 6.633 6.496 6.354 6.686 7.020 7.344 7.660 7.965 8.261 8.547 8.824 9.092 9.349 9.598 9.830 9.749 9.667 9.582 9.495 9.406 9.315 9.222 9.127 9.030 8.930 8.829 8.735 8.786 8.839 8.892 8.948 9.004 9.062 9.122 9.183 9.245 9.309 9.374 9.460 9.714 9.977 10.252 10.536 10.831 11.137 11.453 11.779 12.115 12.462 12.820 13.168 13.409 13.647 13.881 14.112 14.339
4.830 5.266 5.717 6.183 6.663 7.158 7.668 8.192 8.731 8.640 8.470 8.306 8.148 7.996 7.850 7.710 7.576 7.448 7.326 7.210 7.088 7.324 7.616 7.898 8.170 8.433 8.687 8.931 9.165 9.390 9.605 9.811 10.007 9.945 9.853 9.759 9.663 9.565 9.464 9.362 9.257 9.151 9.042 8.931 8.819 8.867 8.926 8.986 9.047 9.110 9.175 9.240 9.308 9.376 9.446 9.518 9.591 9.889 10.199 10.520 10.851 11.192 11.544 11.906 12.278 12.661 13.054 13.421 13.740 13.896 14.060 14.233 14.415 14.604
4.797 5.285 5.787 6.304 6.835 7.381 7.942 8.517 9.107 9.138 8.989 8.846 8.709 8.578 8.452 8.333 8.220 8.113 8.012 7.916 7.816 7.973 8.222 8.461 8.691 8.912 9.122 9.324 9.516 9.698 9.871 10.034 10.188 10.143 10.042 9.939 9.833 9.725 9.616 9.504 9.390 9.274 9.156 9.036 8.914 8.946 9.011 9.077 9.145 9.214 9.285 9.357 9.431 9.506 9.582 9.660 9.739 10.054 10.397 10.728 11.058 11.387 11.715 12.042 12.369 12.694 13.019 13.343 13.665 13.868 14.070 14.280 14.498 14.725
4.750 5.289 5.843 6.411 6.993 7.591 8.202 8.829 9.470 9.631 9.503 9.380 9.264 9.153 9.049 8.951 8.858 8.772 8.691 8.617 8.537 8.631 8.837 9.034 9.222 9.400 9.568 9.727 9.876 10.016 10.147 10.267 10.379 10.343 10.233 10.120 10.005 9.888 9.769 9.648 9.525 9.400 9.272 9.143 9.012 9.023 9.094 9.167 9.241 9.346 9.468 9.570 9.651 9.713 9.754 9.776 9.777 10.026 10.354 10.681 11.007 11.333 11.657 11.980 12.303 12.625 12.945 13.265 13.584 13.831 14.070 14.318 14.573 14.837
4.690 5.280 5.884 6.504 7.137 7.786 8.449 9.126 9.818 10.118 10.010 9.908 9.813 9.723 9.639 9.562 9.490 9.424 9.365 9.311 9.252 9.299 9.463 9.617 9.762 9.898 10.024 10.140 10.247 10.345 10.433 10.511 10.580 10.545 10.425 10.303 10.179 10.053 9.925 9.794 9.697 9.647 9.613 9.595 9.594 9.674 9.787 9.879 9.952 10.004 10.037 10.049 10.042 10.014 9.967 9.899 9.812 9.988 10.312 10.635 10.958 11.279 11.599 11.919 12.238 12.556 12.873 13.189 13.504 13.787 14.063 14.347 14.640 14.941
4.616 5.257 5.913 6.583 7.268 7.967 8.681 9.409 10.153 10.598 10.511 10.430 10.355 10.287 10.224 10.167 10.116 10.071 10.032 9.999 9.961 9.977 10.098 10.210 10.313 10.406 10.489 10.563 10.628 10.683 10.729 10.758 10.784 10.760 10.667 10.591 10.531 10.488 10.461 10.451 10.457 10.480 10.519 10.574 10.646 10.708 10.732 10.735 10.719 10.682 10.626 10.549 10.453 10.336 10.200 10.043 9.867 9.951 10.271 10.590 10.909 11.226 11.543 11.859 12.174 12.488 12.801 13.114 13.425 13.734 14.047 14.368 14.699 15.037
4.528 5.220 5.927 6.648 7.384 8.134 8.899 9.679 10.473 11.072 11.006 10.946 10.892 10.844 10.802 10.765 10.735 10.711 10.693 10.680 10.663 10.664 10.693 10.686 10.687 10.695 10.710 10.732 10.761 10.798 10.842 10.893 10.952 10.989 10.969 10.966 10.980 11.010 11.056 11.119 11.198 11.294 11.406 11.534 11.679 11.762 11.697 11.611 11.506 11.380 11.235 11.069 10.884 10.678 10.453 10.207 9.942 9.914 10.230 10.546 10.861 11.174 11.487 11.800 12.111 12.421 12.731 13.039 13.347 13.672 14.023 14.381 14.749 15.124
4.426 5.170 5.927 6.699 7.486 8.288 9.103 9.934 10.779 11.541 11.495 11.456 11.422 11.395 11.370 11.299 11.209 11.101 10.974 10.829 10.668 10.512 10.530 10.556 10.589 10.629 10.676 10.731 10.792 10.861 10.938 11.021 11.112 11.200 11.254 11.324 11.410 11.513 11.632 11.768 11.920 12.089 12.274 12.475 12.693 12.836 12.682 12.507 12.313 12.098 11.864 11.609 11.335 11.041 10.726 10.392 10.038 9.878 10.191 10.503 10.813 11.124 11.433 11.741 12.048 12.355 12.661 12.966 13.270 13.602 13.990 14.386 14.790 15.203
4.311 5.105 5.914 6.737 7.575 8.427 9.294 10.181 11.104 12.023 12.001 11.939 11.858 11.759 11.642 11.507 11.353 11.181 10.991 10.782 10.557 10.317 10.360 10.418 10.483 10.555 10.635 10.721 10.815 10.917 11.025 11.141 11.263 11.393 11.519 11.662 11.822 11.998 12.190 12.399 12.624 12.866 13.124 13.398 13.689 13.930 13.686 13.423 13.139 12.836 12.513 12.170 11.807 11.424 11.021 10.598 10.155 9.843 10.152 10.460 10.767 11.074 11.379 11.683 11.987 12.290 12.592 12.893 13.193 13.524 13.949 14.382 14.823 15.273
4.209 5.139 6.067 6.993 7.917 8.838 9.757 10.673 11.587 12.499 12.545 12.419 12.274 12.112 11.931 11.732 11.514 11.278 11.024 10.752 10.462 10.158 10.182 10.272 10.369 10.474 10.585 10.704 10.830 10.964 11.104 11.252 11.407 11.569 11.767 11.983 12.215 12.464 12.729 13.011 13.309 13.624 13.954 14.302 14.665 15.043 14.711 14.358 13.986 13.594 13.182 12.750 12.299 11.827 11.335 10.823 10.292 9.809 10.114 10.419 10.722 11.024 11.326 11.627 11.927 12.226 12.524 12.821 13.118 13.438 13.900 14.370 14.848 15.335
4.758 5.681 6.601 7.519 8.434 9.347 10.258 11.166 12.072 12.976 13.104 12.915 12.706 12.480 12.235 11.972 11.691 11.392 11.074 10.738 10.384 10.015 9.996 10.118 10.247 10.384 10.528 10.679 10.837 11.003 11.175 11.355 11.542 11.736 11.996 12.285 12.590 12.912 13.250 13.605 13.976 14.363 14.766 15.187 15.623 16.076 15.755 15.314 14.853 14.372 13.872 13.351 12.811 12.250 11.670 11.070 10.449 9.809 10.077 10.378 10.677 10.976 11.274 11.571 11.867 12.162 12.457 12.750 12.995 13.159 13.503 13.833 14.150 14.454
5.309 6.224 7.136 8.045 8.953 9.858 10.760 11.661 12.559 13.454 13.680 13.427 13.155 12.865 12.556 12.230 11.885 11.522 11.140 10.740 10.322 9.889 9.802 9.956 10.118 10.286 10.462 10.646 10.836 11.033 11.238 11.450 11.669 11.896 12.207 12.569 12.947 13.341 13.752 14.180 14.623 15.083 15.560 16.053 16.562 17.087 16.819 16.289 15.740 15.170 14.581 13.972 13.343 12.694 12.025 11.336 10.627 9.899 10.041 10.358 10.678 10.963 11.210 11.422 11.597 11.736 11.839 11.905 11.936 11.929 12.194 12.467 12.726 12.973
5.861 6.768 7.672 8.573 9.473 10.370 11.264 12.156 13.046 13.934 14.272 13.955 13.619 13.265 12.893 12.503 12.094 11.668 11.223 10.759 10.277 9.780 9.600 9.786 9.980 10.181 10.389 10.604 10.827 11.056 11.293 11.537 11.788 12.047 12.400 12.834 13.285 13.752 14.236 14.736 15.253 15.785 16.335 16.900 17.482 18.080 17.903 17.285 16.647 15.989 15.253 14.452 13.694 12.979 12.308 11.680 11.096 10.554 10.586 10.782 10.941 11.065 11.152 11.203 11.218 11.196 11.138 11.044 10.914 10.747 10.900 11.115 11.317 11.506
6.415 7.313 8.209 9.103 9.994 10.883 11.769 12.653 13.535 14.414 14.880 14.499 14.100 13.682 13.247 12.793 12.321 11.830 11.322 10.795 10.249 9.687 9.390 9.609 9.835 10.067 10.308 10.555 10.809 11.071 11.340 11.616 11.899 12.190 12.574 13.081 13.605 14.145 14.702 15.274 15.863 16.397 16.800 17.171 17.509 17.815 17.514 16.732 15.993 15.297 14.644 14.035 13.469 12.946 12.467 12.030 11.637 11.288 11.207 11.242 11.241 11.204 11.130 11.021 10.875 10.693 10.474 10.220 9.929 9.602 9.621 9.778 9.923 10.054
6.970 7.860 8.748 9.633 10.516 11.397 12.275 13.151 14.025 14.897 15.504 15.059 14.596 14.115 13.616 13.099 12.563 12.009 11.437 10.847 10.237 9.611 9.173 9.423 9.681 9.946 10.218 10.498 10.784 11.078 11.379 11.687 11.998 12.315 12.701 13.186 13.639 14.060 14.449 14.806 15.130 15.423 15.683 15.911 16.106 16.270 16.094 15.503 14.956 14.452 13.991 13.573 13.199 12.868 12.580 12.335 12.134 11.976 11.864 11.739 11.577 11.380 11.146 10.875 10.569 10.227 9.848 9.433 8.982 8.495 8.356 8.456 8.543 8.616
7.525 8.408 9.287 10.165 11.040 11.913 12.783 13.651 14.517 15.380 16.144 15.635 15.109 14.564 14.002 13.421 12.822 12.204 11.569 10.915 10.241 9.551 8.947 9.214 9.467 9.734 10.015 10.310 10.619 10.942 11.279 11.630 11.995 12.374 12.760 13.103 13.413 13.692 13.938 14.152 14.334 14.483 14.601 14.686 14.739 14.760 14.630 14.231 13.875 13.563 13.294 13.068 12.885 12.745 12.649 12.596 12.586 12.619 12.558 12.272 11.950 11.592 11.198 10.767 10.300 9.798 9.259 8.684 8.072 7.425 7.106 7.148 7.178 7.194
8.083 8.957 9.828 10.698 11.565 12.430 13.292 14.152 15.010 15.865 16.718 16.228 15.638 15.030 14.403 13.730 12.874 12.046 11.246 10.474 9.739 9.037 8.358 8.636 8.952 9.281 9.624 9.981 10.353 10.738 11.137 11.550 11.977 12.418 12.854 13.055 13.223 13.358 13.462 13.533 13.573 13.580 13.555 13.498 13.409 13.287 13.122 12.915 12.750 12.630 12.552 12.517 12.526 12.578 12.672 12.811 12.992 13.216 13.287 12.841 12.359 11.841 11.286 10.696 10.069 9.406 8.707 7.971 7.200 6.393 5.871 5.855 5.827 5.786
8.641 9.507 10.371 11.232 12.091 12.948 13.802 14.654 15.439 15.966 16.466 15.829 14.959 14.116 13.301 12.514 11.755 11.023 10.319 9.643 9.005 8.400 7.818 8.044 8.421 8.813 9.218 9.637 10.071 10.518 10.979 11.454 11.944 12.447 12.964 13.041 13.067 13.060 13.021 12.950 12.847 12.712 12.545 12.345 12.114 11.850 11.570 11.555 11.582 11.652 11.766 11.922 12.122 12.365 12.651 12.981 13.353 13.769 14.053 13.447 12.805 12.126 11.412 10.661 9.874 9.051 8.192 7.297 6.365 5.398 4.650 4.577 4.491 4.392
9.201 9.994 10.615 11.210 11.777 12.319 12.833 13.321 13.783 14.217 14.625 14.204 13.430 12.684 11.965 11.275 10.611 9.976 9.368 8.788 8.247 7.740 7.255 7.436 7.876 8.329 8.797 9.278 9.774 10.283 10.806 11.343 11.895 12.460 13.039 13.063 12.946 12.797 12.616 12.403 12.157 11.880 11.570 11.229 10.855 10.449 10.011 10.151 10.369 10.631 10.936 11.283 11.674 12.108 12.586 13.106 13.669 14.276 14.855 14.089 13.287 12.448 11.573 10.663 9.716 8.733 7.714 6.659 5.568 4.440 3.443 3.313 3.170 3.013
8.454 9.009 9.538 10.041 10.516 10.966 11.388 11.784 12.153 12.496 12.811 12.556 11.879 11.229 10.606 10.012 9.445 8.906 8.394 7.910 7.465 7.056 6.668 6.814 7.315 7.831 8.361 8.904 9.461 10.033 10.618 11.217 11.830 12.457 13.098 13.120 12.861 12.569 12.246 11.891 11.503 11.083 10.631 10.148 9.632 9.084 8.504 8.703 9.113 9.565 10.061 10.600 11.182 11.807 12.475 13.186 13.941 14.738 15.579 14.767 13.805 12.806 11.772 10.701 9.595 8.452 7.273 6.058 4.807 3.520 2.334 2.375 2.422 2.474
7.588 8.051 8.488 8.898 9.282 9.639 9.969 10.273 10.550 10.800 11.024 10.886 10.304 9.750 9.224 8.726 8.255 7.812 7.396 7.008 6.660 6.348 6.057 6.176 6.740 7.318 7.909 8.515 9.134 9.767 10.414 11.075 11.751 12.439 13.142 13.212 12.810 12.377 11.911 11.414 10.884 10.322 9.728 9.102 8.444 7.754 7.032 7.212 7.812 8.456 9.143 9.872 10.645 11.461 12.320 13.222 14.167 15.155 16.186 15.482 14.360 13.197 12.022 10.862 9.717 8.586 7.470 6.368 5.281 4.209 3.151 3.145 3.216 3.292
6.748 7.119 7.464 7.782 8.073 8.338 8.576 8.788 8.973 9.132 9.263 9.192 8.707 8.249 7.819 7.416 7.042 6.695 6.375 6.083 5.832 5.616 5.422 5.524 6.150 6.789 7.443 8.110 8.791 9.486 10.196 10.919 11.655 12.406 13.171 13.338 12.795 12.219 11.612 10.972 10.300 9.596 8.861 8.093 7.293 6.461 5.597 5.677 6.468 7.303 8.180 9.101 10.094 11.161 12.213 13.250 14.271 15.277 16.267 15.742 14.602 13.477 12.367 11.271 10.189 9.122 8.070 7.032 6.009 5.000 4.006 3.907 4.003 4.104
5.934 6.213 6.465 6.691 6.891 7.064 7.210 7.330 7.423 7.489 7.529 7.475 7.086 6.724 6.390 6.084 5.805 5.554 5.330 5.134 4.979 4.860 4.763 4.857 5.544 6.246 6.961 7.690 8.433 9.191 9.961 10.746 11.545 12.358 13.184 13.500 12.814 12.097 11.347 10.565 9.752 8.906 8.028 7.161 6.418 5.699 5.004 5.157 6.234 7.295 8.341 9.371 10.386 11.386 12.370 13.338 14.291 15.229 16.151 15.879 14.804 13.742 12.696 11.664 10.646 9.643 8.654 7.680 6.721 5.776 4.846 4.664 4.784 4.909
