DATA/SHG/ECMWF/20170628/EN-37/20170712.en-37.asc
ncols        190
nrows        64
xllcorner    -5100000.000000000000
yllcorner    4130000.000000000000
cellsize     10000.000000000000
NODATA_value  -99999.000
[rows 0 to 32 of 64, columns 0 to 73 of 190]
2.905 2.974 3.048 3.127 3.212 3.303 3.399 3.500 3.607 3.680 3.741 3.801 3.861 3.919 3.977 4.034 4.090 4.146 4.200 4.306 4.440 4.599 4.763 4.925 5.084 5.242 5.397 5.550 5.701 5.850 5.997 6.142 6.284 6.306 6.239 6.157 6.058 5.944 5.815 5.670 5.509 5.333 5.142 4.934 4.711 4.759 5.033 5.283 5.506 5.704 5.876 6.023 6.144 6.239 6.308 6.352 6.370 6.277 6.086 5.910 5.749 5.603 5.471 5.354 5.252 5.165 5.092 5.035 4.992 4.909 4.739 4.565 4.387 4.205
2.972 3.060 3.153 3.252 3.357 3.466 3.582 3.702 3.828 3.915 3.973 4.031 4.103 4.190 4.290 4.404 4.532 4.673 4.829 4.998 5.181 5.355 5.511 5.666 5.818 5.967 6.115 6.261 6.404 6.545 6.684 6.821 6.956 6.976 6.854 6.716 6.563 6.394 6.210 6.010 5.794 5.563 5.316 5.054 4.776 4.680 4.864 5.023 5.157 5.264 5.346 5.403 5.434 5.439 5.418 5.372 5.300 5.189 5.051 4.927 4.818 4.723 4.644 4.579 4.529 4.494 4.474 4.468 4.478 4.449 4.265 4.077 3.885 3.689
3.033 3.140 3.253 3.371 3.491 3.605 3.727 3.859 3.999 4.116 4.210 4.318 4.439 4.574 4.723 4.886 5.062 5.253 5.457 5.674 5.906 6.113 6.261 6.408 6.552 6.694 6.834 6.972 7.108 7.241 7.373 7.502 7.629 7.661 7.484 7.291 7.083 6.859 6.619 6.365 6.094 5.808 5.507 5.190 4.857 4.626 4.721 4.790 4.833 4.851 4.843 4.809 4.750 4.665 4.555 4.419 4.257 4.089 4.002 3.930 3.873 3.831 3.804 3.791 3.793 3.810 3.842 3.889 3.983 4.038 3.874 3.713 3.556 3.402
3.005 3.115 3.233 3.360 3.496 3.641 3.794 3.956 4.127 4.291 4.434 4.590 4.760 4.944 5.141 5.353 5.578 5.816 6.069 6.335 6.615 6.871 7.012 7.151 7.287 7.422 7.554 7.684 7.812 7.938 8.062 8.184 8.303 8.360 8.128 7.881 7.618 7.339 7.045 6.735 6.410 6.069 5.712 5.341 4.953 4.599 4.603 4.582 4.535 4.463 4.365 4.242 4.093 3.918 3.718 3.492 3.240 2.975 2.941 2.921 2.928 3.078 3.213 3.334 3.439 3.530 3.606 3.667 3.713 3.745 3.595 3.446 3.301 3.159
2.877 3.017 3.167 3.325 3.491 3.667 3.851 4.044 4.246 4.451 4.642 4.847 5.066 5.298 5.544 5.804 6.077 6.364 6.665 6.980 7.309 7.630 7.764 7.895 8.024 8.151 8.275 8.398 8.518 8.637 8.753 8.867 8.979 9.075 8.788 8.486 8.168 7.834 7.485 7.121 6.740 6.345 5.934 5.507 5.065 4.607 4.511 4.400 4.264 4.101 3.914 3.700 3.462 3.230 3.098 2.971 2.848 2.728 2.847 2.975 3.088 3.186 3.269 3.337 3.391 3.430 3.454 3.463 3.458 3.438 3.314 3.177 3.043 2.913
2.739 2.910 3.091 3.280 3.477 3.683 3.899 4.122 4.355 4.596 4.835 5.089 5.356 5.636 5.931 6.239 6.561 6.897 7.246 7.609 7.986 8.377 8.516 8.640 8.761 8.880 8.998 9.112 9.225 9.336 9.445 9.551 9.655 9.757 9.463 9.106 8.733 8.345 7.941 7.522 7.087 6.636 6.171 5.689 5.192 4.680 4.459 4.313 4.171 4.033 3.900 3.770 3.645 3.523 3.406 3.293 3.184 3.078 3.124 3.200 3.261 3.307 3.339 3.355 3.357 3.344 3.317 3.274 3.217 3.145 3.030 2.905 2.783 2.664
2.592 2.794 3.005 3.225 3.453 3.690 3.936 4.191 4.454 4.726 5.013 5.315 5.631 5.960 6.303 6.659 7.030 7.414 7.812 8.223 8.648 9.087 9.270 9.386 9.500 9.611 9.721 9.828 9.933 10.037 10.137 10.236 10.333 10.427 10.153 9.741 9.313 8.870 8.412 7.884 7.330 6.797 6.285 5.794 5.324 4.875 4.648 4.516 4.389 4.265 4.146 4.030 3.919 3.812 3.709 3.610 3.515 3.424 3.415 3.439 3.449 3.443 3.423 3.387 3.338 3.273 3.194 3.100 2.991 2.867 2.743 2.630 2.520 2.413
2.435 2.668 2.910 3.161 3.420 3.688 3.964 4.250 4.544 4.846 5.176 5.526 5.890 6.268 6.659 7.064 7.483 7.915 8.361 8.821 9.295 9.782 10.025 10.134 10.240 10.344 10.445 10.545 10.643 10.738 10.832 10.923 10.858 10.749 10.345 9.759 9.195 8.652 8.130 7.628 7.148 6.689 6.250 5.832 5.436 5.060 4.832 4.715 4.602 4.493 4.387 4.286 4.189 4.096 4.008 3.923 3.842 3.766 3.720 3.693 3.650 3.593 3.521 3.434 3.332 3.216 3.085 2.939 2.779 2.603 2.454 2.352 2.254 2.159
2.269 2.533 2.806 3.087 3.377 3.675 3.983 4.299 4.624 4.957 5.323 5.722 6.134 6.560 7.000 7.453 7.921 8.401 8.896 9.404 9.926 10.461 10.782 10.882 10.981 10.849 10.711 10.580 10.459 10.346 10.242 10.146 10.060 9.981 9.700 9.188 8.698 8.228 7.779 7.352 6.945 6.559 6.194 5.850 5.526 5.224 5.013 4.910 4.811 4.716 4.625 4.538 4.455 4.376 4.302 4.231 4.165 4.102 4.039 3.960 3.866 3.757 3.633 3.494 3.341 3.173 2.990 2.793 2.581 2.354 2.162 2.072 1.985 1.902
2.093 2.388 2.692 3.004 3.324 3.654 3.992 4.338 4.694 5.058 5.456 5.903 6.363 6.838 7.326 7.827 8.343 8.848 9.185 9.503 9.803 10.086 10.206 10.072 9.946 9.830 9.721 9.622 9.531 9.449 9.375 9.310 9.254 9.206 9.035 8.597 8.180 7.784 7.408 7.054 6.721 6.408 6.116 5.846 5.596 5.367 5.189 5.100 5.015 4.934 4.858 4.785 4.716 4.652 4.592 4.535 4.483 4.435 4.372 4.241 4.095 3.934 3.759 3.569 3.364 3.144 2.910 2.661 2.397 2.119 1.867 1.789 1.714 1.642
1.909 2.234 2.568 2.911 3.262 3.622 3.991 4.368 4.755 5.149 5.549 5.949 6.330 6.694 7.039 7.366 7.676 7.967 8.240 8.495 8.732 8.951 9.087 8.983 8.888 8.802 8.725 8.656 8.595 8.543 8.500 8.466 8.440 8.423 8.349 7.985 7.641 7.319 7.017 6.736 6.476 6.237 6.018 5.821 5.644 5.489 5.361 5.286 5.215 5.149 5.086 5.028 4.973 4.923 4.877 4.835 4.797 4.763 4.719 4.536 4.339 4.126 3.899 3.658 3.401 3.130 2.844 2.544 2.228 1.899 1.569 1.503 1.440 1.380
1.714 2.070 2.435 2.804 3.164 3.515 3.856 4.188 4.510 4.824 5.132 5.468 5.786 6.087 6.369 6.632 6.878 7.106 7.316 7.508 7.681 7.837 7.960 7.887 7.823 7.767 7.720 7.682 7.652 7.631 7.618 7.614 7.619 7.632 7.644 7.353 7.082 6.833 6.604 6.397 6.210 6.044 5.899 5.775 5.672 5.589 5.528 5.468 5.411 5.359 5.310 5.266 5.226 5.190 5.158 5.130 5.106 5.086 5.070 4.845 4.596 4.332 4.054 3.760 3.452 3.130 2.792 2.484 2.216 1.961 1.719 1.732 1.756 1.770
1.606 1.961 2.307 2.643 2.970 3.288 3.596 3.895 4.185 4.465 4.736 5.008 5.263 5.500 5.718 5.919 6.101 6.266 6.412 6.541 6.651 6.743 6.818 6.784 6.750 6.725 6.708 6.700 6.701 6.710 6.728 6.754 6.790 6.833 6.886 6.700 6.503 6.327 6.172 6.037 5.924 5.831 5.759 5.708 5.678 5.669 5.681 5.645 5.603 5.565 5.530 5.500 5.474 5.452 5.435 5.421 5.411 5.405 5.404 5.168 4.852 4.539 4.239 3.952 3.677 3.415 3.167 2.931 2.708 2.497 2.300 2.258 2.246 2.225
1.554 1.876 2.189 2.493 2.787 3.072 3.347 3.613 3.870 4.117 4.356 4.568 4.759 4.933 5.088 5.225 5.344 5.446 5.529 5.594 5.641 5.670 5.681 5.673 5.670 5.675 5.689 5.711 5.742 5.782 5.830 5.887 5.953 6.027 6.110 6.027 5.903 5.800 5.718 5.657 5.617 5.597 5.599 5.621 5.664 5.728 5.812 5.818 5.790 5.766 5.746 5.730 5.718 5.657 5.597 5.546 5.506 5.476 5.457 5.253 4.972 4.704 4.448 4.206 3.976 3.759 3.555 3.364 3.186 3.020 2.868 2.792 2.745 2.688
1.512 1.802 2.082 2.352 2.614 2.866 3.108 3.342 3.566 3.780 3.986 4.148 4.276 4.386 4.478 4.552 4.608 4.646 4.666 4.668 4.652 4.618 4.566 4.555 4.582 4.617 4.662 4.715 4.776 4.846 4.925 5.012 5.108 5.213 5.326 5.333 5.283 5.253 5.244 5.256 5.289 5.343 5.417 5.512 5.628 5.765 5.845 5.824 5.737 5.661 5.596 5.540 5.495 5.460 5.435 5.421 5.417 5.423 5.439 5.315 5.079 4.856 4.645 4.447 4.262 4.090 3.931 3.785 3.651 3.530 3.422 3.336 3.253 3.161
1.481 1.737 1.985 2.223 2.451 2.670 2.880 3.081 3.272 3.454 3.626 3.748 3.813 3.859 3.888 3.899 3.892 3.867 3.824 3.762 3.683 3.586 3.471 3.429 3.486 3.552 3.627 3.711 3.802 3.903 4.012 4.130 4.256 4.391 4.534 4.619 4.642 4.685 4.752 4.842 4.929 5.012 5.093 5.171 5.246 5.318 5.387 5.400 5.350 5.310 5.280 5.261 5.251 5.253 5.264 5.285 5.317 5.360 5.412 5.365 5.174 4.995 4.829 4.676 4.536 4.409 4.294 4.192 4.104 4.027 3.964 3.889 3.770 3.642
1.460 1.684 1.898 2.103 2.299 2.485 2.662 2.830 2.988 3.137 3.277 3.367 3.369 3.353 3.319 3.266 3.196 3.108 3.001 2.877 2.735 2.575 2.397 2.296 2.383 2.480 2.585 2.699 2.821 2.952 3.091 3.266 3.501 3.728 3.948 4.123 4.212 4.297 4.379 4.459 4.535 4.609 4.680 4.747 4.812 4.874 4.933 4.967 4.953 4.949 4.955 4.971 4.998 5.035 5.083 5.140 5.208 5.286 5.375 5.402 5.256 5.122 5.001 4.892 4.797 4.714 4.645 4.587 4.543 4.512 4.493 4.450 4.296 4.132
1.449 1.640 1.822 1.994 2.157 2.311 2.455 2.590 2.716 2.832 2.939 3.007 2.946 2.866 2.769 2.654 2.520 2.369 2.200 2.012 1.807 1.584 1.343 1.155 1.341 1.602 1.855 2.101 2.339 2.570 2.794 3.010 3.219 3.421 3.615 3.784 3.862 3.937 4.010 4.079 4.145 4.209 4.269 4.327 4.382 4.434 4.483 4.524 4.546 4.578 4.620 4.673 4.735 4.808 4.892 4.985 5.089 5.203 5.327 5.427 5.325 5.236 5.160 5.096 5.045 5.007 4.982 4.970 4.970 4.983 5.009 5.020 4.831 4.631
1.449 1.607 1.756 1.895 2.025 2.146 2.258 2.360 2.453 2.537 2.611 2.667 2.542 2.400 2.239 2.061 1.865 1.706 1.580 1.458 1.341 1.229 1.121 1.031 1.274 1.508 1.736 1.956 2.168 2.374 2.572 2.762 2.945 3.121 3.290 3.448 3.516 3.581 3.643 3.703 3.759 3.812 3.863 3.910 3.955 3.997 4.035 4.072 4.129 4.197 4.275 4.364 4.463 4.571 4.691 4.820 4.960 5.110 5.270 5.440 5.382 5.338 5.306 5.287 5.281 5.288 5.307 5.339 5.384 5.442 5.513 5.596 5.374 5.139
1.458 1.584 1.700 1.807 1.904 1.992 2.071 2.141 2.201 2.252 2.306 2.360 2.241 2.108 1.979 1.855 1.736 1.621 1.511 1.405 1.305 1.208 1.117 1.030 1.214 1.423 1.624 1.819 2.005 2.185 2.357 2.522 2.680 2.830 2.972 3.108 3.174 3.229 3.281 3.330 3.376 3.419 3.460 3.497 3.532 3.563 3.592 3.618 3.703 3.807 3.921 4.045 4.180 4.325 4.480 4.645 4.821 5.007 5.203 5.409 5.427 5.427 5.440 5.466 5.504 5.555 5.619 5.696 5.786 5.888 6.003 6.131 5.927 5.656
1.478 1.571 1.654 1.721 1.784 1.844 1.902 1.957 2.010 2.059 2.106 2.150 2.070 1.953 1.841 1.733 1.630 1.531 1.437 1.348 1.263 1.183 1.108 1.037 1.161 1.345 1.521 1.689 1.850 2.004 2.151 2.290 2.421 2.546 2.663 2.773 2.835 2.880 2.922 2.961 2.997 3.030 3.060 3.087 3.112 3.133 3.152 3.167 3.267 3.407 3.557 3.717 3.888 4.068 4.259 4.461 4.672 4.894 5.125 5.368 5.459 5.504 5.562 5.632 5.715 5.811 5.919 6.044 6.194 6.366 6.561 6.778 6.726 6.593
1.413 1.475 1.534 1.591 1.644 1.695 1.744 1.789 1.832 1.872 1.909 1.944 1.894 1.793 1.697 1.606 1.519 1.436 1.359 1.286 1.217 1.153 1.094 1.040 1.117 1.274 1.425 1.567 1.703 1.831 1.952 2.065 2.171 2.270 2.361 2.446 2.499 2.534 2.566 2.595 2.621 2.644 2.664 2.681 2.695 2.707 2.715 2.721 2.822 2.997 3.183 3.379 3.586 3.802 4.029 4.266 4.513 4.771 5.038 5.316 5.467 5.538 5.632 5.749 5.887 6.048 6.231 6.436 6.664 6.914 7.186 7.481 7.577 7.548
1.315 1.367 1.417 1.464 1.508 1.549 1.588 1.624 1.657 1.688 1.716 1.741 1.714 1.629 1.549 1.474 1.403 1.337 1.275 1.219 1.166 1.119 1.076 1.037 1.080 1.212 1.336 1.454 1.563 1.666 1.761 1.849 1.929 2.002 2.068 2.126 2.167 2.192 2.213 2.232 2.248 2.261 2.271 2.278 2.282 2.284 2.282 2.277 2.367 2.578 2.800 3.032 3.274 3.545 3.822 4.093 4.356 4.612 4.861 5.104 5.293 5.442 5.614 5.808 6.025 6.263 6.524 6.807 7.112 7.440 7.790 8.162 8.398 8.474
1.220 1.263 1.303 1.340 1.375 1.407 1.436 1.462 1.486 1.507 1.525 1.541 1.528 1.460 1.396 1.337 1.283 1.233 1.187 1.147 1.111 1.079 1.052 1.030 1.051 1.157 1.256 1.348 1.432 1.508 1.578 1.640 1.695 1.742 1.782 1.815 1.838 1.853 1.865 1.873 1.879 1.882 1.882 1.879 1.873 1.864 1.909 1.971 2.104 2.393 2.674 2.948 3.215 3.475 3.728 3.974 4.213 4.444 4.669 4.886 5.098 5.325 5.575 5.846 6.140 6.457 6.795 7.156 7.539 7.944 8.372 8.821 9.190 9.370
1.128 1.161 1.192 1.220 1.245 1.267 1.287 1.303 1.318 1.329 1.338 1.344 1.339 1.286 1.239 1.196 1.157 1.124 1.095 1.070 1.050 1.035 1.024 1.018 1.030 1.110 1.183 1.249 1.308 1.359 1.403 1.439 1.468 1.490 1.505 1.512 1.513 1.518 1.519 1.581 1.650 1.717 1.781 1.844 1.905 1.964 2.020 2.075 2.166 2.429 2.686 2.935 3.178 3.413 3.641 3.862 4.076 4.283 4.483 4.676 4.881 5.186 5.513 5.863 6.234 6.628 7.044 7.483 7.943 8.426 8.931 9.459 9.952 10.237
1.040 1.063 1.084 1.102 1.118 1.130 1.141 1.148 1.153 1.155 1.154 1.150 1.144 1.108 1.077 1.050 1.028 1.010 0.997 0.989 0.985 0.986 0.991 1.001 1.016 1.071 1.119 1.159 1.192 1.217 1.235 1.247 1.299 1.355 1.415 1.479 1.546 1.614 1.680 1.743 1.805 1.865 1.923 1.978 2.032 2.084 2.133 2.181 2.234 2.473 2.705 2.930 3.147 3.358 3.561 3.758 3.947 4.129 4.304 4.472 4.643 5.026 5.431 5.858 6.307 6.779 7.272 7.788 8.326 8.887 9.469 10.074 10.685 11.074
0.961 0.968 0.979 0.988 0.994 0.997 0.998 0.996 0.991 0.983 0.973 0.960 0.944 0.925 0.910 0.899 0.893 0.892 0.895 0.902 0.915 0.932 0.953 0.979 1.011 1.049 1.091 1.138 1.188 1.242 1.300 1.361 1.427 1.497 1.570 1.647 1.729 1.792 1.851 1.907 1.962 2.015 2.066 2.114 2.161 2.206 2.248 2.289 2.328 2.524 2.731 2.931 3.124 3.310 3.488 3.660 3.825 3.982 4.133 4.276 4.412 4.844 5.327 5.831 6.358 6.907 7.478 8.072 8.687 9.325 9.985 10.667 11.371 11.882
0.887 0.876 0.878 0.877 0.873 0.867 0.858 0.846 0.832 0.815 0.795 0.773 0.747 0.737 0.738 0.744 0.754 0.775 0.813 0.850 0.887 0.923 0.959 0.995 1.030 1.077 1.133 1.193 1.257 1.324 1.396 1.471 1.551 1.634 1.721 1.812 1.907 1.972 2.023 2.073 2.121 2.167 2.210 2.252 2.292 2.330 2.365 2.399 2.431 2.581 2.763 2.939 3.107 3.268 3.423 3.570 3.710 3.843 3.968 4.087 4.199 4.642 5.201 5.783 6.388 7.014 7.663 8.333 9.026 9.742 10.479 11.238 12.020 12.661
0.819 0.787 0.779 0.769 0.756 0.740 0.722 0.700 0.677 0.650 0.646 0.656 0.646 0.656 0.694 0.731 0.768 0.805 0.841 0.877 0.912 0.947 0.982 1.016 1.049 1.102 1.171 1.244 1.322 1.403 1.488 1.577 1.670 1.767 1.867 1.972 2.080 2.153 2.198 2.241 2.281 2.320 2.357 2.392 2.424 2.455 2.484 2.511 2.536 2.645 2.803 2.954 3.098 3.234 3.364 3.486 3.601 3.710 3.811 3.905 3.992 4.417 5.055 5.714 6.396 7.099 7.825 8.574 9.344 10.136 10.951 11.788 12.647 13.410
0.756 0.701 0.684 0.736 0.815 0.875 0.914 0.934 0.934 0.914 0.874 0.815 0.735 0.692 0.729 0.765 0.800 0.835 0.870 0.904 0.938 0.972 1.004 1.037 1.069 1.122 1.205 1.292 1.383 1.477 1.576 1.679 1.785 1.896 2.010 2.128 2.250 2.336 2.374 2.410 2.444 2.475 2.505 2.533 2.559 2.583 2.604 2.624 2.642 2.717 2.850 2.976 3.095 3.207 3.312 3.410 3.500 3.584 3.661 3.730 3.793 4.172 4.886 5.623 6.382 7.163 7.967 8.792 9.604 10.325 10.985 11.583 12.121 12.573
1.316 1.393 1.443 1.472 1.482 1.471 1.441 1.392 1.322 1.233 1.123 0.994 0.845 0.729 0.764 0.799 0.833 0.866 0.899 0.932 0.964 0.996 1.028 1.059 1.089 1.137 1.234 1.335 1.439 1.548 1.660 1.776 1.896 2.020 2.148 2.280 2.415 2.521 2.552 2.581 2.608 2.633 2.655 2.676 2.695 2.712 2.727 2.740 2.750 2.795 2.903 3.005 3.099 3.187 3.267 3.340 3.406 3.465 3.517 3.562 3.600 4.004 4.939 5.813 6.626 7.379 8.070 8.701 9.271 9.780 10.229 10.616 10.943 11.254
2.169 2.289 2.268 2.228 2.169 2.089 1.989 1.870 1.731 1.572 1.394 1.195 0.977 0.766 0.800 0.833 0.865 0.897 0.929 0.960 0.991 1.021 1.051 1.081 1.110 1.149 1.260 1.374 1.492 1.614 1.740 1.869 2.003 2.141 2.282 2.427 2.576 2.708 2.732 2.754 2.774 2.792 2.807 2.821 2.833 2.843 2.851 2.857 2.861 2.880 2.964 3.041 3.110 3.173 3.362 3.637 3.902 4.157 4.403 4.639 4.866 5.209 5.932 6.595 7.197 7.738 8.218 8.637 8.996 9.294 9.531 9.708 9.823 9.951
3.008 3.181 3.115 3.006 2.876 2.727 2.558 2.370 2.161 1.933 1.685 1.417 1.130 0.822 0.836 0.867 0.898 0.929 0.959 0.989 1.018 1.047 1.076 1.104 1.131 1.158 1.281 1.409 1.540 1.676 1.815 1.959 2.106 2.257 2.412 2.571 2.733 2.897 2.914 2.929 2.941 2.952 2.961 2.968 2.973 2.976 2.977 3.136 3.366 3.602 3.890 4.170 4.439 4.699 4.950 5.191 5.423 5.645 5.857 6.060 6.253 6.471 6.983 7.434 7.825 8.154 8.423 8.632 8.779 8.866 8.892 8.858 8.762 8.663
