DATA/SHG/ECMWF/20170628/EN-37/20170704.en-37.asc
ncols        190
nrows        64
xllcorner    -5100000.000000000000
yllcorner    4130000.000000000000
cellsize     10000.000000000000
NODATA_value  -99999.000
[rows 32 to 63 of 64, columns 72 to 143 of 190]
2.280 2.360 2.529 2.687 2.835 2.972 3.099 3.215 3.321 3.417 3.502 3.576 3.640 3.756 4.187 4.628 5.080 5.541 6.013 6.495 6.986 7.488 8.004 8.531 9.066 9.815 11.301 12.838 14.425 16.062 17.750 19.487 21.274 23.112 24.999 26.937 28.924 29.920 28.962 27.979 26.971 25.938 24.879 23.795 22.686 21.647 20.930 20.306 19.773 20.928 23.880 26.797 29.679 32.525 35.336 38.111 40.851 43.556 46.226 48.860 51.458 54.147 56.801 59.313 61.682 63.908 65.991 67.932 69.730 71.385 72.897 74.267
2.289 2.356 2.488 2.610 2.722 2.823 2.913 2.993 3.063 3.122 3.171 3.209 3.236 3.270 3.736 4.213 4.699 5.196 5.702 6.219 6.746 7.283 7.833 8.396 8.967 9.656 11.365 13.124 14.934 16.793 18.702 20.662 22.671 24.730 26.840 29.000 31.188 32.579 31.531 30.575 29.712 28.941 28.262 27.675 27.181 26.779 26.470 26.253 26.128 27.089 29.885 32.645 35.371 38.061 40.715 43.335 45.918 48.467 50.980 53.458 55.901 58.180 60.204 62.085 63.824 65.420 66.874 68.185 69.353 70.379 71.262 72.003
2.298 2.366 2.458 2.544 2.619 2.684 2.738 2.781 2.815 2.837 2.850 2.851 2.843 2.823 3.276 3.788 4.310 4.841 5.383 5.935 6.497 7.068 7.654 8.252 8.858 9.472 11.373 13.410 15.664 17.888 20.083 22.248 24.385 26.491 28.569 30.617 32.636 34.345 33.704 33.157 32.701 32.337 32.066 31.887 31.801 31.807 31.904 32.095 32.377 33.279 35.918 38.523 41.092 43.626 46.124 48.587 51.015 53.408 55.765 58.087 60.374 62.353 63.748 64.999 66.109 67.075 67.900 68.581 69.120 69.517 69.771 69.883
2.307 2.376 2.438 2.487 2.526 2.554 2.572 2.579 2.576 2.563 2.539 2.504 2.459 2.404 2.808 3.355 3.911 4.478 5.055 5.875 7.026 8.140 9.167 10.111 11.027 11.915 13.901 16.054 18.178 20.272 22.338 24.373 26.380 28.357 30.305 32.224 34.113 35.973 35.775 35.635 35.587 35.631 35.767 35.995 36.316 36.729 37.234 37.831 38.521 39.498 41.981 44.430 46.843 49.220 51.563 53.870 56.142 58.378 60.580 62.746 64.876 66.667 67.432 68.054 68.534 68.872 69.067 69.120 69.031 68.799 68.424 67.907
2.315 2.386 2.427 2.440 2.442 2.435 2.416 2.387 2.348 2.298 2.238 2.167 2.383 3.015 4.061 5.266 6.435 7.568 8.665 9.727 10.752 11.741 12.642 13.460 14.250 15.011 16.703 18.726 20.721 22.686 24.621 26.528 28.405 30.253 32.071 33.860 35.620 37.350 37.743 38.010 38.369 38.820 39.364 39.999 40.727 41.547 42.459 43.463 44.559 45.748 48.073 50.366 52.623 54.844 57.031 59.182 61.298 63.379 65.424 67.435 69.409 71.120 71.256 71.250 71.102 70.811 70.377 69.802 69.084 68.224 67.221 66.076
2.323 2.395 2.426 2.403 2.369 2.467 2.763 3.154 3.640 4.221 4.897 5.668 6.534 7.494 8.565 9.645 10.689 11.697 12.669 13.605 14.506 15.370 16.145 16.837 17.501 18.136 19.534 21.428 23.293 25.128 26.935 28.712 30.459 32.178 33.867 35.526 37.157 38.758 39.608 40.282 41.048 41.907 42.857 43.899 45.034 46.260 47.579 48.990 50.492 52.087 54.194 56.331 58.432 60.498 62.529 64.524 66.484 68.409 70.299 72.153 73.973 75.714 75.222 74.587 73.810 72.891 71.830 70.626 69.280 67.792 66.161 64.389
2.592 2.738 2.919 3.259 3.694 4.224 4.849 5.569 6.384 7.294 8.298 9.398 10.592 11.881 13.096 14.051 14.970 15.853 16.700 17.512 18.287 19.026 19.676 20.242 20.779 21.288 22.394 24.158 25.894 27.600 29.277 30.925 32.543 34.132 35.692 37.222 38.723 40.195 41.371 42.452 43.625 44.890 46.247 47.695 49.236 50.869 52.594 54.411 56.321 58.322 60.344 62.325 64.271 66.181 68.056 69.896 71.700 73.469 75.204 76.902 78.566 80.195 79.327 78.064 76.660 75.113 73.424 71.592 69.619 67.503 65.245 62.846
3.322 3.414 3.599 4.268 5.032 5.891 6.845 7.893 9.037 10.275 11.608 13.035 14.558 16.175 17.655 18.485 19.279 20.037 20.759 21.445 22.096 22.710 23.234 23.674 24.085 24.468 25.282 26.918 28.524 30.101 31.648 33.167 34.656 36.116 37.546 38.948 40.320 41.663 43.032 44.519 46.098 47.770 49.533 51.388 53.335 55.374 57.505 59.729 62.044 64.451 66.524 68.349 70.139 71.893 73.613 75.297 76.946 78.559 80.138 81.681 83.190 84.663 83.573 81.683 79.650 77.476 75.129 72.612 70.022 67.358 64.620 61.808
4.065 4.104 4.190 5.188 6.280 7.467 8.749 10.126 11.598 13.164 14.825 16.581 18.432 20.377 22.240 22.945 23.614 24.247 24.845 25.406 25.932 26.421 26.820 27.134 27.419 27.676 28.200 29.706 31.183 32.631 34.049 35.438 36.798 38.129 39.431 40.703 41.946 43.159 44.590 46.484 48.469 50.547 52.716 54.977 57.330 59.775 62.312 64.941 67.662 70.475 72.732 74.402 76.036 77.635 79.199 80.728 82.221 83.569 84.567 85.633 86.766 87.967 86.690 84.142 81.521 78.826 76.057 73.214 70.298 67.308 64.245 61.107
4.821 4.807 4.778 6.017 7.437 8.953 10.563 12.268 14.068 15.962 17.951 20.035 22.214 24.487 26.852 27.433 27.977 28.485 28.958 29.395 29.795 30.160 30.434 30.621 30.781 30.912 31.146 32.523 33.871 35.190 36.479 37.739 38.970 40.172 41.344 42.487 43.601 44.686 46.046 48.346 50.737 53.221 55.796 58.463 61.222 64.072 67.015 70.049 73.040 75.392 77.122 77.944 78.834 79.792 80.818 81.911 83.072 84.302 85.599 86.964 88.396 89.897 88.994 86.121 83.174 80.153 77.058 73.890 70.649 67.333 63.944 60.481
5.591 5.524 5.442 6.756 8.505 10.348 12.287 14.320 16.447 18.669 20.986 23.397 25.903 28.504 31.199 31.947 32.367 32.750 33.098 33.410 33.686 33.927 34.075 34.137 34.170 34.176 34.153 35.369 36.588 37.778 38.938 40.069 41.171 42.244 43.287 44.302 45.287 46.243 47.401 50.040 52.174 54.357 56.586 58.864 61.188 63.561 65.981 68.449 70.964 73.527 75.688 76.809 77.999 79.256 80.581 81.974 83.434 84.963 86.559 88.223 89.955 91.754 91.371 88.172 84.900 81.554 78.134 74.640 71.073 67.433 63.718 59.930
6.375 6.255 6.119 7.405 9.482 11.653 13.919 16.280 18.735 21.285 23.929 26.668 29.502 32.430 35.452 36.489 36.784 37.043 37.266 37.453 37.605 37.721 37.744 37.680 37.588 37.467 37.319 38.244 39.334 40.395 41.392 41.720 42.037 42.342 42.636 42.918 43.189 43.448 43.720 46.018 48.363 50.756 53.197 55.685 58.221 60.804 63.435 66.114 68.840 71.613 74.183 75.604 77.093 78.649 80.273 81.965 83.725 85.552 87.448 89.411 91.441 93.540 93.821 90.297 86.699 83.028 79.283 75.464 71.572 67.606 63.567 59.454
7.172 6.999 6.810 7.964 10.369 12.868 15.462 18.150 20.932 23.810 26.781 29.847 33.008 36.263 39.613 41.057 41.228 41.362 41.461 41.524 41.551 41.542 40.699 39.782 38.846 37.893 36.921 36.886 37.199 37.500 37.790 38.068 38.335 38.590 38.833 39.065 39.285 39.494 39.692 41.948 44.504 47.108 49.760 52.459 55.205 58.000 60.841 63.730 66.667 69.651 72.609 74.329 76.117 77.972 79.895 81.886 83.945 86.071 88.265 90.527 92.856 95.254 96.344 92.495 88.572 84.575 80.505 76.362 72.144 67.854 63.490 59.052
7.982 7.756 7.515 8.434 11.166 13.992 16.913 19.929 23.039 26.243 29.542 32.935 36.423 40.005 43.682 44.729 43.802 42.852 41.879 40.884 39.866 38.826 37.806 36.810 35.795 34.763 33.714 33.453 33.715 33.966 34.205 34.433 34.649 34.854 35.047 35.229 35.399 35.557 35.704 37.831 40.598 43.413 46.275 49.185 52.142 55.147 58.199 61.299 64.446 67.641 70.883 72.984 75.070 77.225 79.447 81.736 84.094 86.519 89.011 91.572 94.200 96.896 98.939 94.765 90.517 86.196 81.801 77.333 72.791 68.176 63.487 58.725
8.806 8.527 8.233 8.814 11.873 15.027 18.275 21.618 24.602 27.515 30.363 33.147 35.867 38.523 41.114 42.404 41.398 40.371 39.320 38.248 37.152 36.034 34.936 33.861 32.769 31.658 30.530 30.037 30.249 30.449 30.638 30.815 30.981 31.136 31.278 31.410 31.530 31.638 31.734 33.667 36.645 39.671 42.743 45.863 49.031 52.246 55.509 58.819 62.177 65.582 69.035 71.569 73.954 76.407 78.927 81.516 84.172 86.895 89.686 92.545 95.472 98.466 101.528 97.109 92.536 87.890 83.171 78.378 73.511 68.572 63.559 58.472
9.640 9.219 8.833 8.940 11.953 14.902 17.786 20.606 23.362 26.054 28.681 31.244 33.743 36.177 38.547 40.101 39.018 37.913 36.785 35.635 34.462 33.267 32.090 30.937 29.766 28.577 27.370 26.637 26.799 26.949 27.087 27.215 27.330 27.434 27.527 27.608 27.677 27.735 27.782 29.456 32.645 35.880 39.164 42.494 45.872 49.298 52.771 56.291 59.859 63.475 67.137 70.084 72.768 75.519 78.338 81.225 84.179 87.201 90.290 93.447 96.672 99.964 103.324 99.525 94.628 89.657 84.614 79.496 74.306 69.042 63.704 58.293
9.661 9.359 9.092 8.867 11.659 14.386 17.049 19.648 22.183 24.653 27.059 29.401 31.679 33.892 36.042 37.822 36.662 35.479 34.273 33.046 31.795 30.523 29.268 28.037 26.787 25.520 24.234 23.254 23.366 23.465 23.554 23.631 23.696 23.750 23.792 23.823 23.842 23.850 23.846 25.198 28.597 32.043 35.537 39.078 42.666 46.302 49.985 53.715 57.493 61.319 65.192 68.529 71.511 74.561 77.678 80.863 84.116 87.436 90.823 94.279 97.801 101.392 105.049 102.014 96.793 91.498 86.130 80.688 75.174 69.585 63.776 57.636
9.649 9.466 9.318 9.204 11.424 13.930 16.372 18.750 21.063 23.313 25.498 27.619 29.676 31.669 33.597 35.461 34.329 33.068 31.785 30.480 29.152 27.802 26.470 25.160 23.832 22.486 21.122 19.888 19.949 19.999 20.037 20.064 20.079 20.082 20.074 20.055 20.024 19.982 19.928 20.893 24.502 28.158 31.862 35.613 39.412 43.257 47.151 51.091 55.079 59.115 63.198 66.905 70.185 73.533 76.948 80.431 83.982 87.600 91.285 95.039 98.859 102.567 105.530 102.452 96.155 89.919 83.741 77.624 71.566 65.568 59.629 53.750
9.605 9.541 9.511 9.516 11.248 13.534 15.755 17.911 20.004 22.033 23.997 25.898 27.734 29.506 31.214 32.857 32.019 30.681 29.321 27.938 26.533 25.105 23.695 22.307 20.900 19.476 18.034 16.575 16.550 16.549 16.537 16.514 16.479 16.432 16.374 16.304 16.223 16.130 16.026 16.541 20.360 24.226 28.140 32.101 36.110 40.166 44.269 48.419 52.617 56.863 61.155 65.210 68.783 72.273 75.649 78.911 82.058 85.091 88.010 90.815 93.506 96.082 98.545 96.426 90.391 84.415 78.498 72.641 66.844 61.107 55.428 49.810
9.528 9.583 9.673 9.796 11.133 13.197 15.197 17.133 19.005 20.813 22.557 24.237 25.852 27.404 28.891 30.314 29.733 28.317 26.880 25.420 23.937 22.432 20.944 19.477 17.993 16.490 14.970 13.432 13.167 13.116 13.054 12.980 12.895 12.798 12.690 12.570 12.439 12.296 12.142 12.142 16.171 20.247 24.371 28.582 34.260 39.572 44.520 49.102 53.319 57.170 60.657 63.822 66.926 69.915 72.791 75.552 78.199 80.732 83.150 85.455 87.645 89.721 91.684 90.348 84.573 78.858 73.202 67.606 62.069 56.592 51.174 45.816
9.419 9.593 9.801 10.044 11.077 12.920 14.700 16.415 18.066 19.654 21.177 22.636 24.031 25.362 26.629 27.832 27.470 25.977 24.462 22.925 21.365 19.783 18.217 16.672 15.109 13.528 11.930 10.314 9.801 9.700 9.588 9.464 9.329 9.182 9.023 10.665 12.682 14.971 17.532 20.364 25.674 30.841 35.644 40.081 44.154 47.861 51.204 54.181 56.794 59.042 60.925 62.587 65.190 67.679 70.054 72.315 74.462 76.494 78.413 80.217 81.908 83.484 84.946 84.218 78.704 73.249 67.853 62.518 57.241 52.024 46.867 41.769
9.278 9.571 9.898 10.259 11.080 12.703 14.262 15.757 17.187 18.554 19.857 21.096 22.271 23.381 24.428 25.411 25.230 23.660 22.068 20.453 18.816 17.156 15.513 13.890 12.249 10.590 9.571 8.728 9.069 10.379 11.960 13.813 15.937 18.333 21.000 23.940 27.150 30.633 34.386 38.412 42.363 45.926 49.124 51.957 54.425 56.529 58.268 59.642 60.651 61.296 61.576 61.491 63.575 65.564 67.439 69.200 70.847 72.379 73.798 75.103 76.294 77.370 78.333 78.035 72.781 67.587 62.452 57.376 52.360 47.403 42.506 37.668
9.105 9.516 9.961 10.441 11.143 12.545 13.884 15.158 16.369 17.515 18.598 19.616 20.571 21.461 22.288 23.050 23.014 21.367 20.011 18.893 17.875 16.955 16.095 15.283 14.548 13.891 13.312 12.812 13.676 16.180 18.955 22.001 25.319 28.908 32.769 36.901 41.305 45.980 50.926 56.144 59.426 61.385 62.980 64.209 65.075 65.575 65.711 65.483 64.890 63.932 62.610 60.923 62.081 63.570 64.945 66.206 67.354 68.387 69.306 70.111 70.802 71.380 71.843 71.800 66.806 61.872 56.997 52.182 47.426 42.729 38.092 33.514
8.899 9.429 9.993 10.591 11.265 12.447 13.565 14.619 15.609 16.536 17.398 18.330 19.307 20.279 21.245 22.205 22.784 21.809 20.932 20.154 19.474 18.893 18.374 17.904 17.512 17.198 16.962 16.803 17.975 21.672 25.640 29.879 34.390 39.172 44.225 49.550 55.145 61.013 67.151 73.561 76.863 77.220 77.211 76.839 76.101 75.000 73.534 71.704 69.509 66.951 64.027 60.740 60.708 61.697 62.573 63.334 63.982 64.516 64.936 65.242 65.434 65.512 65.477 65.327 60.779 56.105 51.490 46.934 42.438 38.001 33.624 29.306
8.661 9.310 9.992 10.709 11.453 12.435 13.427 14.414 15.395 16.370 17.340 18.303 19.261 20.213 21.159 22.100 22.938 22.302 21.764 21.324 20.983 20.741 20.563 20.435 20.385 20.414 20.520 20.704 21.966 26.856 32.016 37.448 43.151 49.125 55.370 61.886 68.673 75.732 83.062 90.663 94.674 93.428 91.818 89.844 87.505 84.803 81.736 78.305 74.510 70.351 65.827 60.939 59.455 59.945 60.321 60.584 60.733 60.767 60.688 60.495 60.189 59.768 59.234 58.585 54.699 50.285 45.930 41.634 37.397 33.220 29.103 25.045
8.764 9.505 10.226 10.929 11.613 12.532 13.505 14.472 15.433 16.389 17.338 18.282 19.220 20.153 21.079 22.000 22.915 22.705 22.506 22.405 22.402 22.498 22.661 22.875 23.168 23.538 23.986 24.513 25.650 31.731 38.084 44.707 51.601 58.767 66.203 73.910 81.889 90.138 98.658 107.450 112.858 110.011 106.800 103.225 99.286 94.983 90.316 85.286 79.891 74.132 68.009 61.522 58.323 58.314 58.191 57.955 57.605 57.141 56.563 55.871 55.066 54.147 53.114 51.967 48.567 44.412 40.317 36.281 32.304 28.386 24.528 20.730
9.200 9.875 10.533 11.171 11.791 12.634 13.587 14.534 15.476 16.412 17.342 18.266 19.184 20.097 21.004 21.905 22.800 23.019 23.158 23.395 23.731 24.165 24.668 25.225 25.859 26.572 27.362 28.230 29.176 36.299 43.843 51.657 59.742 68.098 76.725 85.623 94.792 104.231 113.941 123.923 131.415 126.968 122.157 116.982 111.444 105.541 99.275 92.645 85.652 78.294 70.573 62.488 57.311 56.803 56.182 55.447 54.598 53.635 52.559 51.369 50.066 48.648 47.117 45.472 42.382 38.487 34.742 31.332 28.010 24.775 21.627 18.567
9.652 10.263 10.856 11.430 11.985 12.741 13.675 14.602 15.524 16.440 17.351 18.255 19.154 20.047 20.934 21.815 22.691 23.243 23.721 24.296 24.970 25.742 26.585 27.484 28.460 29.514 30.646 31.856 33.144 40.560 49.294 58.298 67.574 77.120 86.937 97.024 107.382 118.011 128.911 140.082 150.345 144.299 137.889 131.115 123.978 116.477 108.612 100.384 91.793 82.837 73.518 63.836 56.419 55.413 54.293 53.060 51.713 50.232 48.593 46.982 45.397 43.839 42.308 40.803 38.425 35.222 32.107 29.079 26.138 23.285 20.519 17.840
10.121 10.668 11.197 11.706 12.197 12.853 13.767 14.675 15.577 16.474 17.364 18.249 19.128 20.002 20.869 21.731 22.587 23.378 24.194 25.107 26.119 27.229 28.412 29.652 30.970 32.366 33.840 35.391 37.020 44.513 54.437 64.631 75.096 85.832 96.838 108.114 119.662 131.479 143.568 155.927 168.557 162.003 153.995 145.623 136.888 127.789 118.327 108.502 98.278 86.385 74.716 63.271 53.625 51.970 50.341 48.740 47.166 45.618 44.097 42.603 41.135 39.695 38.281 36.894 34.942 32.122 29.388 26.742 24.182 21.710 19.326 17.028
10.607 11.090 11.554 12.000 12.426 12.971 13.865 14.753 15.636 16.512 17.383 18.249 19.108 19.962 20.810 21.652 22.488 23.424 24.577 25.829 27.178 28.626 30.149 31.730 33.390 35.127 36.942 38.835 40.806 48.159 59.272 70.656 82.309 94.234 106.429 118.894 131.629 144.636 157.912 171.459 181.712 172.963 160.483 148.226 136.193 124.384 112.799 101.437 90.299 79.384 68.694 58.227 48.400 46.863 45.352 43.869 42.412 40.981 39.578 38.201 36.851 35.528 34.232 32.963 31.376 28.937 26.584 24.319 22.142 20.051 18.047 16.131
11.110 11.529 11.929 12.310 12.672 13.093 13.967 14.836 15.699 16.556 17.407 18.253 19.093 19.927 20.755 21.578 22.394 23.380 24.871 26.460 28.148 29.933 31.795 33.718 35.719 37.798 39.954 42.188 44.499 51.499 63.800 75.270 86.234 96.911 107.301 117.404 127.220 136.749 145.990 154.945 163.612 157.911 146.409 135.131 124.076 113.245 102.638 92.254 82.094 72.158 62.445 52.956 43.690 41.734 40.341 38.975 37.635 36.322 35.037 33.777 32.545 31.339 30.160 29.008 27.726 25.668 23.697 21.813 20.016 18.306 16.684 15.148
11.631 11.985 12.320 12.637 12.936 13.220 14.075 14.924 15.767 16.605 17.436 18.262 19.083 19.897 20.706 21.509 22.306 23.248 25.076 27.003 29.027 31.150 33.140 35.003 36.829 38.618 40.369 42.083 43.760 48.502 58.786 68.783 78.493 87.915 97.051 105.900 114.463 122.738 130.726 138.427 145.842 142.636 132.113 121.812 111.736 101.883 92.253 82.847 73.664 64.705 55.969 47.457 39.169 36.583 35.308 34.059 32.837 31.641 30.473 29.331 28.216 27.128 26.066 25.031 23.992 22.314 20.724 19.221 17.805 16.477 15.235 14.080
