DATA/SHG/ECMWF/20170628/EN-37/20170707.en-37.asc
ncols        190
nrows        64
xllcorner    -5100000.000000000000
yllcorner    4130000.000000000000
cellsize     10000.000000000000
NODATA_value  -99999.000
[rows 0 to 32 of 64, columns 74 to 147 of 190]
1.012 1.036 1.060 1.084 1.109 1.133 1.157 1.191 1.264 1.342 1.413 1.477 1.533 1.583 1.625 1.661 1.689 1.710 1.724 1.795 2.080 2.365 2.651 2.936 3.222 3.507 3.793 4.079 4.364 4.650 4.936 5.150 5.132 5.118 5.108 5.102 5.101 5.103 5.110 5.121 5.136 5.155 5.179 5.273 5.578 5.882 6.188 6.494 6.801 7.108 7.416 7.725 8.035 8.345 8.656 8.837 8.624 8.392 8.143 7.875 7.590 7.286 6.965 6.626 6.268 5.893 5.500 5.167 5.049 4.938 4.834 4.736 4.646 4.563
1.102 1.153 1.211 1.269 1.327 1.384 1.440 1.498 1.558 1.611 1.657 1.695 1.727 1.752 1.769 1.780 1.783 1.779 1.768 1.782 2.067 2.353 2.639 2.924 3.210 3.496 3.782 4.068 4.354 4.640 4.926 5.180 5.180 5.185 5.193 5.206 5.223 5.245 5.270 5.299 5.333 5.371 5.413 5.492 5.799 6.107 6.415 6.725 7.034 7.345 7.656 7.968 8.281 8.594 8.908 9.139 8.846 8.534 8.204 7.856 7.491 7.107 6.706 6.286 5.849 5.393 4.920 4.491 4.404 4.323 4.250 4.183 4.123 4.071
1.433 1.490 1.546 1.603 1.658 1.714 1.768 1.822 1.857 1.885 1.906 1.920 1.927 1.927 1.919 1.905 1.883 1.855 1.819 1.776 2.054 2.340 2.626 2.913 3.199 3.485 3.771 4.057 4.344 4.630 4.916 5.203 5.224 5.247 5.274 5.306 5.341 5.381 5.425 5.473 5.525 5.582 5.642 5.709 6.019 6.330 6.642 6.954 7.267 7.581 7.895 8.210 8.526 8.842 9.159 9.460 9.086 8.694 8.284 7.856 7.410 6.947 6.465 5.965 5.448 4.913 4.359 3.924 4.090 4.240 4.375 4.494 4.599 4.688
1.771 1.826 1.881 1.936 1.990 2.043 2.096 2.149 2.163 2.166 2.162 2.151 2.133 2.108 2.076 2.036 1.990 1.937 1.876 1.808 2.042 2.328 2.614 2.901 3.187 3.473 3.760 4.047 4.333 4.620 4.906 5.193 5.263 5.305 5.351 5.401 5.455 5.513 5.575 5.642 5.713 5.788 5.867 5.950 6.238 6.552 6.867 7.182 7.498 7.815 8.132 8.451 8.769 9.089 9.409 9.730 9.344 8.872 8.444 8.076 7.716 7.364 7.021 6.685 6.358 6.039 5.728 5.426 5.495 5.577 5.644 5.696 5.733 5.754
2.109 2.163 2.216 2.269 2.321 2.373 2.425 2.476 2.474 2.453 2.424 2.388 2.345 2.295 2.238 2.174 2.103 2.025 1.939 1.847 2.029 2.315 2.602 2.888 3.175 3.462 3.749 4.036 4.322 4.609 4.896 5.183 5.298 5.358 5.422 5.491 5.563 5.640 5.721 5.806 5.895 5.989 6.086 6.188 6.456 6.773 7.091 7.409 7.729 8.079 8.461 8.852 9.254 9.664 10.084 10.514 10.319 9.971 9.631 9.299 8.975 8.660 8.352 8.053 7.762 7.479 7.204 6.937 6.913 6.928 6.927 6.911 6.880 6.833
2.447 2.499 2.551 2.602 2.652 2.703 2.753 2.802 2.792 2.745 2.692 2.631 2.564 2.489 2.407 2.318 2.222 2.119 2.009 1.892 2.015 2.302 2.589 2.876 3.163 3.450 3.737 4.025 4.312 4.599 4.886 5.174 5.328 5.407 5.489 5.576 5.668 5.763 5.862 5.966 6.106 6.261 6.405 6.537 6.822 7.199 7.585 7.981 8.387 8.802 9.226 9.660 10.103 10.556 11.018 11.490 11.425 11.112 10.808 10.513 10.225 9.945 9.674 9.411 9.155 8.908 8.670 8.439 8.345 8.291 8.223 8.139 8.040 7.926
2.785 2.835 2.885 2.935 2.984 3.032 3.081 3.128 3.116 3.044 2.966 2.881 2.788 2.689 2.582 2.468 2.348 2.220 2.085 1.943 2.002 2.289 2.577 2.864 3.151 3.439 3.726 4.013 4.301 4.588 4.876 5.242 5.548 5.743 5.926 6.098 6.259 6.408 6.547 6.673 6.789 6.893 6.986 7.068 7.323 7.742 8.171 8.609 9.057 9.514 9.980 10.456 10.942 11.437 11.941 12.455 12.520 12.244 11.976 11.716 11.464 11.221 10.985 10.758 10.539 10.328 10.125 9.930 9.789 9.668 9.532 9.380 9.214 9.032
3.123 3.171 3.220 3.268 3.315 3.362 3.408 3.454 3.445 3.349 3.246 3.136 3.019 2.894 2.763 2.625 2.479 2.327 2.167 2.000 1.989 2.276 2.633 3.022 3.416 3.815 4.220 4.630 5.045 5.465 5.890 6.321 6.646 6.791 6.923 7.045 7.155 7.254 7.341 7.418 7.483 7.536 7.579 7.610 7.813 8.274 8.745 9.226 9.715 10.215 10.723 11.241 11.769 12.306 12.852 13.408 13.605 13.365 13.133 12.909 12.694 12.486 12.287 12.095 11.912 11.737 11.570 11.412 11.247 11.058 10.854 10.635 10.401 10.151
3.460 3.507 3.554 3.600 3.646 3.691 3.736 3.781 3.781 3.660 3.532 3.398 3.256 3.106 2.954 2.828 2.729 2.658 2.614 2.598 2.687 3.089 3.496 3.908 4.326 4.748 5.176 5.609 6.047 6.490 6.938 7.392 7.756 7.849 7.931 8.002 8.062 8.110 8.147 8.173 8.188 8.191 8.182 8.163 8.292 8.796 9.309 9.831 10.363 10.905 11.455 12.016 12.585 13.164 13.753 14.351 14.681 14.476 14.280 14.093 13.913 13.741 13.578 13.423 13.275 13.136 13.005 12.883 12.718 12.461 12.190 11.903 11.601 11.284
3.798 3.843 3.888 3.933 3.977 4.021 4.064 4.077 4.005 3.810 3.642 3.502 3.389 3.304 3.247 3.216 3.214 3.238 3.290 3.370 3.497 3.922 4.352 4.788 5.228 5.674 6.124 6.580 7.041 7.508 7.979 8.456 8.876 8.919 8.951 8.971 8.980 8.978 8.964 8.940 8.904 8.856 8.798 8.728 8.761 9.307 9.862 10.426 11.000 11.584 12.176 12.779 13.390 14.011 14.642 15.282 15.746 15.578 15.418 15.266 15.122 14.987 14.859 14.740 14.629 14.525 14.430 14.344 14.202 13.878 13.538 13.184 12.815 12.430
4.090 4.033 3.978 3.925 3.875 3.827 3.782 3.739 3.697 3.598 3.526 3.482 3.465 3.476 3.514 3.580 3.673 3.793 3.941 4.116 4.306 4.748 5.201 5.660 6.123 6.592 7.066 7.545 8.029 8.518 9.013 9.512 10.007 9.999 9.981 9.950 9.909 9.856 9.792 9.717 9.631 9.533 9.424 9.304 9.219 9.806 10.404 11.010 11.626 12.252 12.886 13.531 14.184 14.847 15.520 16.202 16.802 16.670 16.546 16.430 16.322 16.222 16.131 16.047 15.972 15.904 15.845 15.794 15.699 15.307 14.900 14.479 14.042 13.590
3.691 3.642 3.596 3.551 3.510 3.470 3.433 3.399 3.367 3.362 3.386 3.437 3.516 3.623 3.756 3.918 4.106 4.322 4.566 4.836 5.123 5.567 6.043 6.525 7.011 7.503 8.000 8.502 9.009 9.522 10.039 10.562 11.090 11.091 11.021 10.941 10.849 10.746 10.632 10.506 10.369 10.221 10.061 9.891 9.709 10.295 10.935 11.583 12.241 12.909 13.585 14.272 14.967 15.672 16.387 17.111 17.844 17.752 17.664 17.584 17.512 17.448 17.392 17.344 17.305 17.273 17.250 17.119 16.841 16.207 15.618 15.076 14.579 14.128
3.290 3.250 3.212 3.176 3.143 3.112 3.083 3.057 3.034 3.100 3.220 3.368 3.542 3.744 3.973 4.230 4.514 4.826 5.165 5.531 5.914 6.379 6.878 7.382 7.892 8.407 8.927 9.452 9.982 10.518 11.058 11.604 12.155 12.193 12.073 11.942 11.800 11.646 11.482 11.306 11.118 10.920 10.710 10.489 10.257 10.774 11.455 12.145 12.845 13.555 14.273 15.002 15.739 16.486 17.243 18.008 18.783 18.824 18.671 18.409 18.147 17.885 17.624 17.363 17.102 16.842 16.582 16.322 16.062 15.645 15.260 14.921 14.629 14.381
2.888 2.856 2.826 2.799 2.774 2.752 2.732 2.714 2.699 2.814 3.030 3.273 3.543 3.840 4.165 4.518 4.897 5.304 5.739 6.200 6.679 7.183 7.706 8.233 8.766 9.304 9.847 10.395 10.948 11.506 12.070 12.639 13.213 13.306 13.136 12.954 12.762 12.558 12.343 12.117 11.879 11.630 11.370 11.099 10.816 11.241 11.964 12.697 13.438 14.194 14.918 15.594 16.220 16.797 17.324 17.802 18.230 18.123 17.862 17.601 17.341 17.080 16.820 16.561 16.301 16.043 15.784 15.525 15.267 15.038 14.857 14.722 14.633 14.589
2.484 2.460 2.439 2.420 2.404 2.390 2.378 2.369 2.362 2.504 2.815 3.153 3.519 3.912 4.332 4.780 5.255 5.757 6.287 6.844 7.418 7.981 8.526 9.077 9.633 10.193 10.759 11.330 11.907 12.488 13.075 13.666 14.263 14.430 14.209 13.978 13.735 13.481 13.215 12.939 12.693 12.499 12.322 12.162 12.019 12.406 13.109 13.762 14.366 14.921 15.426 15.882 16.289 16.646 16.954 17.212 17.421 17.313 17.053 16.794 16.535 16.276 16.018 15.760 15.502 15.244 14.987 14.730 14.473 14.387 14.409 14.478 14.592 14.751
2.078 2.063 2.050 2.040 2.032 2.026 2.023 2.022 2.024 2.168 2.574 3.008 3.469 3.958 4.474 5.017 5.587 6.185 6.810 7.462 8.132 8.772 9.340 9.913 10.492 11.076 11.665 12.259 12.858 13.463 14.072 14.666 15.263 15.523 15.285 15.065 14.861 14.675 14.505 14.353 14.217 14.098 13.997 13.912 13.844 14.062 14.545 14.979 15.363 15.699 15.985 16.221 16.408 16.546 16.635 16.674 16.664 16.504 16.246 15.988 15.730 15.473 15.216 14.959 14.703 14.447 14.191 13.935 13.680 13.691 13.917 14.188 14.505 14.868
1.671 1.664 1.660 1.658 1.658 1.661 1.666 1.674 1.684 1.808 2.310 2.839 3.395 3.979 4.590 5.228 5.894 6.587 7.307 8.055 8.821 9.555 10.067 10.540 11.040 11.568 12.122 12.705 13.314 13.951 14.615 15.306 16.025 16.500 16.338 16.193 16.064 15.953 15.859 15.781 15.721 15.677 15.650 15.641 15.648 15.768 16.031 16.246 16.411 16.527 16.594 16.611 16.579 16.498 16.368 16.188 15.959 15.696 15.439 15.182 14.926 14.670 14.415 14.159 13.904 13.650 13.395 13.141 12.888 12.951 13.379 13.854 14.374 14.940
1.262 1.264 1.268 1.274 1.283 1.294 1.308 1.324 1.342 1.423 2.020 2.644 3.296 3.975 4.679 5.349 6.000 6.634 7.248 7.845 8.433 9.014 9.581 10.176 10.798 11.447 12.124 12.828 13.559 14.317 15.103 15.916 16.756 17.458 17.371 17.301 17.247 17.211 17.192 17.190 17.204 17.236 17.284 17.349 17.431 17.523 17.568 17.563 17.509 17.406 17.254 17.052 16.802 16.501 16.152 15.754 15.306 14.888 14.633 14.378 14.123 13.869 13.614 13.361 13.107 12.854 12.601 12.348 12.096 12.166 12.797 13.475 14.198 14.966
0.851 0.861 0.874 0.889 0.906 0.926 0.947 0.985 1.090 1.196 1.880 2.560 3.221 3.864 4.489 5.095 5.683 6.253 6.804 7.337 7.862 8.380 9.065 9.781 10.525 11.296 12.094 12.920 13.773 14.653 15.560 16.494 17.456 18.395 18.384 18.389 18.410 18.449 18.505 18.578 18.667 18.774 18.897 19.037 19.195 19.329 19.154 18.931 18.658 18.336 17.965 17.544 17.075 16.556 15.988 15.371 14.704 14.082 13.828 13.574 13.321 13.068 12.815 12.563 12.311 12.059 11.807 11.556 11.305 11.336 12.171 13.051 13.976 14.948
0.462 0.563 0.664 0.767 0.871 0.976 1.083 1.190 1.298 1.408 1.961 2.577 3.175 3.754 4.315 4.858 5.383 5.889 6.377 6.846 7.307 7.761 8.519 9.357 10.222 11.115 12.034 12.981 13.956 14.957 15.986 17.042 18.125 19.236 19.377 19.457 19.554 19.667 19.798 19.946 20.110 20.292 20.490 20.705 20.937 21.184 20.791 20.349 19.857 19.316 18.726 18.087 17.399 16.662 15.875 15.039 14.154 13.276 13.024 12.771 12.519 12.268 12.016 11.765 11.515 11.264 11.014 10.765 10.515 10.462 11.499 12.582 13.710 14.884
0.638 0.743 0.848 0.955 1.063 1.172 1.282 1.393 1.505 1.619 2.059 2.611 3.146 3.661 4.159 4.638 5.099 5.542 5.966 6.372 6.769 7.159 7.943 8.902 9.889 10.903 11.944 13.012 14.108 15.231 16.381 17.558 18.763 19.995 20.350 20.505 20.677 20.866 21.071 21.294 21.533 21.790 22.063 22.353 22.660 22.984 22.478 21.816 21.106 20.347 19.538 18.681 17.774 16.818 15.813 14.759 13.656 12.503 12.220 11.969 11.719 11.468 11.219 10.969 10.720 10.471 10.222 9.974 9.956 10.353 12.181 14.070 16.021 18.033
0.813 0.922 1.031 1.142 1.253 1.366 1.480 1.595 1.711 1.828 2.173 2.662 3.133 3.585 4.019 4.435 4.832 5.211 5.572 5.915 6.248 6.574 7.336 8.417 9.525 10.661 11.823 13.013 14.230 15.474 16.746 18.044 19.370 20.723 21.303 21.533 21.780 22.044 22.324 22.622 22.936 23.267 23.615 23.980 24.362 24.761 24.214 23.334 22.406 21.428 20.401 19.325 18.200 17.026 15.803 14.530 13.209 11.839 11.417 11.280 11.348 11.474 11.658 11.901 12.201 12.559 12.975 13.449 13.981 14.571 16.576 18.739 20.963 23.250
0.987 1.099 1.213 1.327 1.442 1.559 1.677 1.796 1.915 2.036 2.304 2.729 3.136 3.525 3.896 4.248 4.582 4.898 5.195 5.475 5.744 6.005 6.700 7.902 9.131 10.388 11.672 12.983 14.321 15.687 17.079 18.499 19.946 21.420 22.237 22.542 22.864 23.202 23.557 23.930 24.319 24.725 25.148 25.587 26.044 26.517 26.000 24.902 23.755 22.559 21.255 19.882 18.563 17.297 16.086 14.928 13.824 12.774 12.665 12.932 13.257 13.640 14.081 14.580 15.136 15.751 16.424 17.154 17.943 18.789 20.904 23.340 25.838 28.398
1.160 1.276 1.393 1.511 1.630 1.751 1.872 1.995 2.118 2.243 2.451 2.813 3.157 3.482 3.789 4.078 4.349 4.601 4.835 5.051 5.257 5.454 6.033 7.357 8.707 10.085 11.490 12.922 14.382 15.868 17.382 18.923 20.491 22.086 23.151 23.531 23.927 24.340 24.771 25.218 25.681 26.046 26.214 26.360 26.484 26.585 25.886 24.536 23.240 21.998 20.809 19.674 18.594 17.566 16.593 15.673 14.808 13.996 13.999 14.523 15.104 15.744 16.441 17.196 18.010 18.881 19.810 20.797 21.842 22.944 25.164 27.874 30.645 33.478
1.331 1.451 1.572 1.694 1.817 1.941 2.066 2.193 2.320 2.449 2.615 2.913 3.193 3.455 3.699 3.925 4.132 4.321 4.492 4.645 4.787 4.920 5.337 6.781 8.253 9.752 11.278 12.832 14.412 16.019 17.654 19.316 20.956 22.519 23.654 23.878 24.081 24.261 24.420 24.556 24.671 24.764 24.834 24.883 24.910 24.914 24.431 23.320 22.262 21.258 20.308 19.411 18.568 17.779 17.044 16.363 15.735 15.161 15.272 16.052 16.890 17.786 18.740 19.751 20.821 21.948 23.133 24.376 25.677 27.036 29.357 32.340 35.384 38.490
1.501 1.624 1.749 1.875 2.002 2.130 2.259 2.389 2.521 2.653 2.795 3.030 3.247 3.445 3.626 3.788 3.932 4.058 4.166 4.255 4.333 4.403 4.610 6.190 7.794 9.390 10.976 12.554 14.123 15.683 17.234 18.776 20.310 21.834 23.078 23.205 23.310 23.393 23.455 23.494 23.511 23.507 23.480 23.432 23.361 23.269 22.922 22.049 21.229 20.463 19.751 19.092 18.488 17.937 17.439 16.996 16.606 16.270 16.483 17.520 18.614 19.766 20.976 22.244 23.569 24.953 26.394 27.893 29.450 31.065 33.484 36.739 40.056 43.435
1.669 1.797 1.925 2.055 2.186 2.318 2.451 2.585 2.720 2.856 2.993 3.163 3.317 3.452 3.569 3.674 3.802 3.920 4.028 4.126 4.214 4.293 4.365 5.903 7.468 9.025 10.573 12.112 13.642 15.163 16.675 18.179 19.674 21.160 22.527 22.556 22.564 22.550 22.514 22.456 22.377 22.275 22.151 22.006 21.838 21.648 21.358 20.722 20.141 19.613 19.139 18.718 18.351 18.038 17.778 17.572 17.420 17.322 17.634 18.926 20.277 21.685 23.151 24.674 26.256 27.895 29.592 31.347 33.160 35.030 37.543 41.071 44.661 48.312
1.837 1.968 2.100 2.234 2.368 2.504 2.641 2.779 2.922 3.083 3.247 3.394 3.527 3.651 3.764 3.867 3.960 4.044 4.117 4.181 4.234 4.278 4.315 5.626 7.152 8.670 10.179 11.679 13.171 14.653 16.127 17.592 19.048 20.495 21.933 21.933 21.843 21.732 21.599 21.444 21.267 21.068 20.847 20.605 20.340 20.054 19.739 19.341 18.998 18.707 18.471 18.288 18.159 18.083 18.061 18.093 18.178 18.317 18.723 20.272 21.878 23.542 25.264 27.043 28.881 30.776 32.728 34.739 36.807 38.933 41.535 45.335 49.198 53.122
2.003 2.141 2.288 2.439 2.594 2.753 2.916 3.082 3.253 3.427 3.605 3.735 3.833 3.922 4.001 4.069 4.128 4.177 4.215 4.244 4.262 4.272 4.273 5.358 6.846 8.325 9.796 11.257 12.710 14.154 15.589 17.015 18.432 19.841 21.240 21.333 21.147 20.939 20.709 20.457 20.183 19.887 19.569 19.229 18.868 18.484 18.079 17.906 17.799 17.747 17.748 17.803 17.911 18.073 18.288 18.557 18.880 19.256 19.752 21.556 23.418 25.338 27.315 29.350 31.443 33.594 35.802 38.068 40.392 42.773 45.460 49.533 53.668 57.864
2.218 2.374 2.535 2.700 2.868 3.040 3.216 3.396 3.579 3.767 3.958 4.084 4.148 4.202 4.246 4.280 4.304 4.318 4.322 4.316 4.300 4.274 4.241 5.101 6.550 7.990 9.422 10.845 12.259 13.664 15.060 16.448 17.827 19.197 20.558 20.759 20.475 20.170 19.843 19.494 19.123 18.730 18.316 17.879 17.421 16.940 16.438 16.415 16.546 16.731 16.970 17.262 17.607 18.007 18.459 18.966 19.526 20.139 20.806 22.779 24.897 27.072 29.305 31.596 33.944 36.350 38.813 41.335 43.913 46.550 48.942 52.206 55.383 58.473
2.434 2.604 2.778 2.956 3.138 3.323 3.512 3.705 3.902 4.103 4.308 4.442 4.472 4.491 4.500 4.500 4.489 4.469 4.438 4.398 4.346 4.286 4.217 4.853 6.264 7.666 9.059 10.443 11.818 13.185 14.542 15.891 17.231 18.563 19.885 20.209 19.829 19.426 19.002 18.556 18.089 17.599 17.087 16.554 15.999 15.421 14.822 14.870 15.238 15.661 16.136 16.666 17.248 17.885 18.575 19.318 20.115 20.966 21.870 23.942 26.315 28.801 31.286 33.577 35.674 37.578 39.288 40.805 42.127 43.257 44.192 46.939 49.734 52.442
2.647 2.830 3.017 3.208 3.403 3.602 3.805 4.011 4.221 4.435 4.653 4.809 4.804 4.788 4.763 4.728 4.683 4.628 4.563 4.488 4.402 4.306 4.203 4.615 5.987 7.351 8.705 10.050 11.387 12.715 14.034 15.345 16.646 17.939 19.223 19.684 19.206 18.707 18.186 17.644 17.079 16.492 15.884 15.254 14.602 13.928 13.232 13.270 13.876 14.535 15.248 16.014 16.972 18.321 19.741 21.232 22.793 24.424 26.126 28.180 30.196 32.019 33.648 35.084 36.326 37.375 38.230 38.891 39.359 39.634 39.715 41.764 44.177 46.503
2.855 3.052 3.252 3.457 3.665 3.877 4.093 4.313 4.536 4.763 4.994 5.184 5.144 5.095 5.035 4.965 4.885 4.796 4.696 4.587 4.466 4.335 4.197 4.388 5.721 7.046 8.361 9.668 10.966 12.256 13.536 14.808 16.071 17.325 18.570 19.183 18.609 18.013 17.395 16.756 16.094 15.411 14.706 14.095 13.780 13.428 13.040 13.411 14.719 16.098 17.548 19.068 20.659 22.319 24.051 25.853 27.725 29.667 31.680 33.301 34.462 35.429 36.204 36.785 37.172 37.366 37.367 37.174 36.788 36.208 35.435 36.681 38.712 40.656
