DATA/SHG/ECMWF/20170628/EN-37/20170702.en-37.asc
ncols        190
nrows        64
xllcorner    -5100000.000000000000
yllcorner    4130000.000000000000
cellsize     10000.000000000000
NODATA_value  -99999.000
[rows 0 to 32 of 64, columns 0 to 72 of 190]
9.336 9.406 9.480 9.556 9.635 9.718 9.803 9.891 9.982 9.673 9.210 8.719 8.198 7.649 7.071 6.464 5.828 5.163 4.469 3.751 3.032 2.994 3.272 3.550 3.830 4.110 4.391 4.672 4.955 5.238 5.522 5.807 6.093 6.030 5.751 5.483 5.227 4.984 4.752 4.532 4.324 4.128 3.944 3.771 3.611 3.570 3.619 3.659 3.691 3.714 3.728 3.734 3.731 3.720 3.699 3.670 3.633 3.782 4.145 4.484 4.800 5.093 5.362 5.608 5.831 6.030 6.207 6.359 6.489 6.628 6.820 7.020 7.227
10.360 10.441 10.524 10.611 10.701 10.793 10.889 10.988 11.089 10.800 10.235 9.641 8.912 8.182 7.455 6.732 6.012 5.295 4.582 3.872 3.164 2.988 3.268 3.550 3.832 4.115 4.399 4.684 4.969 5.255 5.543 5.830 6.119 6.160 5.922 5.697 5.483 5.281 5.091 4.913 4.746 4.592 4.449 4.319 4.200 4.143 4.162 4.172 4.173 4.165 4.149 4.124 4.091 4.049 3.998 3.939 3.871 3.915 4.195 4.453 4.687 4.898 5.086 5.250 5.391 5.509 5.603 5.674 5.722 5.796 6.015 6.241 6.476
11.379 11.470 11.564 11.661 11.719 11.619 11.543 11.491 11.464 11.125 10.397 9.672 8.950 8.232 7.517 6.805 6.096 5.390 4.688 3.989 3.293 2.980 3.264 3.548 3.833 4.119 4.406 4.694 4.982 5.272 5.562 5.853 6.144 6.277 6.082 5.898 5.726 5.565 5.417 5.281 5.156 5.043 4.943 4.854 4.776 4.725 4.713 4.692 4.663 4.625 4.578 4.523 4.459 4.386 4.305 4.215 4.117 4.069 4.268 4.444 4.597 4.726 4.832 4.914 4.974 5.010 5.022 5.012 5.089 5.195 5.523 5.831 6.119
11.501 11.390 11.302 11.240 11.201 11.188 11.198 11.233 11.293 11.127 10.410 9.696 8.986 8.278 7.574 6.874 6.176 5.482 4.791 4.103 3.419 2.972 3.258 3.546 3.834 4.123 4.413 4.703 4.995 5.287 5.580 5.874 6.168 6.383 6.229 6.086 5.956 5.838 5.731 5.636 5.553 5.482 5.423 5.376 5.340 5.314 5.272 5.220 5.161 5.092 5.015 4.929 4.835 4.732 4.620 4.500 4.371 4.247 4.364 4.458 4.534 4.663 4.779 4.884 4.976 5.055 5.123 5.179 5.222 5.253 5.506 5.742 5.958
10.612 10.587 10.586 10.610 10.658 10.730 10.827 10.949 11.094 11.125 10.419 9.717 9.018 8.322 7.629 6.940 6.253 5.570 4.891 4.214 3.541 2.962 3.252 3.542 3.833 4.125 4.418 4.711 5.006 5.301 5.597 5.894 6.192 6.476 6.363 6.263 6.174 6.097 6.032 5.979 5.938 5.908 5.891 5.885 5.891 5.909 5.838 5.757 5.666 5.567 5.460 5.344 5.219 5.082 4.947 4.839 4.758 4.705 4.812 4.922 5.020 5.106 5.180 5.241 5.290 5.328 5.353 5.365 5.366 5.354 5.508 5.673 5.817
9.697 9.758 9.844 9.954 10.088 10.247 10.430 10.638 10.870 11.120 10.425 9.734 9.046 8.362 7.680 7.002 6.327 5.655 4.987 4.321 3.659 3.001 3.245 3.538 3.832 4.127 4.422 4.719 5.016 5.314 5.613 5.913 6.214 6.515 6.486 6.427 6.380 6.344 6.321 6.309 6.310 6.322 6.346 6.382 6.429 6.489 6.356 6.126 5.923 5.747 5.599 5.477 5.383 5.316 5.277 5.264 5.279 5.321 5.395 5.462 5.517 5.560 5.591 5.610 5.617 5.611 5.593 5.563 5.521 5.467 5.529 5.622 5.695
8.756 8.904 9.076 9.272 9.493 9.738 10.007 10.301 10.620 10.962 10.428 9.748 9.072 8.398 7.728 7.061 6.397 5.737 5.079 4.425 3.775 3.127 3.236 3.532 3.829 4.127 4.426 4.725 5.026 5.327 5.629 5.931 6.235 6.539 6.595 6.578 6.573 6.579 6.597 6.563 6.480 6.396 6.309 6.219 6.127 6.033 5.895 5.760 5.653 5.573 5.520 5.494 5.495 5.524 5.580 5.663 5.773 5.910 5.988 6.013 6.025 6.026 6.014 5.990 5.954 5.906 5.845 5.773 5.688 5.591 5.570 5.591 5.593
7.790 8.024 8.282 8.565 8.872 9.203 9.559 9.939 10.343 10.772 10.428 9.759 9.094 8.432 7.773 7.117 6.464 5.815 5.169 4.526 3.886 3.250 3.227 3.526 3.826 4.127 4.428 4.731 5.034 5.338 5.643 5.949 6.207 6.441 6.484 6.405 6.324 6.241 6.155 6.067 5.976 5.883 5.788 5.690 5.590 5.487 5.407 5.368 5.356 5.372 5.414 5.484 5.580 5.704 5.855 6.034 6.239 6.472 6.593 6.575 6.544 6.502 6.448 6.381 6.302 6.211 6.108 5.993 5.866 5.727 5.629 5.580 5.510
6.798 7.118 7.463 7.831 8.224 8.642 9.084 9.550 10.040 10.555 10.424 9.767 9.112 8.461 7.814 7.169 6.528 5.890 5.255 4.623 3.995 3.370 3.217 3.519 3.822 4.104 4.374 4.633 4.883 5.121 5.349 5.567 5.774 5.971 6.034 5.947 5.857 5.765 5.671 5.575 5.476 5.374 5.270 5.164 5.055 4.944 4.893 4.950 5.033 5.144 5.282 5.447 5.639 5.858 6.104 6.377 6.678 7.006 7.208 7.147 7.075 6.990 6.892 6.783 6.662 6.528 6.383 6.225 6.055 5.873 5.708 5.587 5.446
5.781 6.187 6.618 7.072 7.551 8.055 8.583 9.135 9.711 10.312 10.417 9.771 9.128 8.488 7.852 7.218 6.588 5.958 5.316 4.686 4.067 3.460 3.177 3.442 3.696 3.940 4.173 4.396 4.608 4.810 5.002 5.183 5.353 5.513 5.586 5.491 5.393 5.293 5.190 5.085 4.978 4.868 4.756 4.641 4.524 4.405 4.353 4.505 4.684 4.889 5.122 5.383 5.670 5.984 6.326 6.694 7.090 7.512 7.834 7.731 7.616 7.488 7.348 7.197 7.033 6.857 6.669 6.468 6.256 6.031 5.806 5.614 5.402
4.738 5.230 5.747 6.288 6.853 7.442 8.056 8.694 9.356 10.042 10.390 9.707 9.035 8.376 7.728 7.092 6.467 5.854 5.253 4.664 4.086 3.520 3.134 3.362 3.580 3.787 3.984 4.170 4.345 4.510 4.665 4.809 4.943 5.066 5.142 5.039 4.932 4.824 4.713 4.599 4.484 4.365 4.245 4.122 3.996 3.868 3.786 4.033 4.307 4.608 4.937 5.292 5.674 6.084 6.520 6.984 7.474 7.992 8.472 8.326 8.168 7.998 7.815 7.621 7.415 7.196 6.965 6.723 6.468 6.201 5.924 5.660 5.377
3.670 4.248 4.851 5.512 6.203 6.883 7.552 8.210 8.857 9.494 9.986 9.344 8.714 8.095 7.489 6.894 6.310 5.738 5.178 4.630 4.093 3.569 3.103 3.294 3.475 3.645 3.805 3.955 4.094 4.222 4.340 4.447 4.544 4.631 4.702 4.589 4.475 4.358 4.238 4.116 3.992 3.866 3.737 3.605 3.471 3.335 3.196 3.536 3.905 4.301 4.724 5.174 5.652 6.156 6.688 7.246 7.832 8.444 9.084 8.931 8.731 8.518 8.293 8.057 7.808 7.547 7.274 7.009 6.769 6.543 6.332 6.116 5.897
3.154 3.839 4.514 5.177 5.830 6.471 7.102 7.722 8.331 8.929 9.516 8.970 8.381 7.803 7.237 6.683 6.141 5.610 5.091 4.584 4.088 3.604 3.132 3.237 3.381 3.515 3.638 3.751 3.853 3.945 4.026 4.097 4.157 4.207 4.247 4.143 4.020 3.895 3.767 3.637 3.504 3.369 3.232 3.092 2.950 2.805 2.658 3.011 3.475 3.967 4.485 5.030 5.602 6.202 6.828 7.481 8.162 8.869 9.604 9.548 9.263 8.972 8.695 8.433 8.186 7.953 7.734 7.530 7.340 7.165 7.005 6.795 6.568
2.945 3.593 4.229 4.854 5.469 6.072 6.665 7.246 7.817 8.377 8.926 8.583 8.035 7.499 6.974 6.461 5.960 5.470 4.992 4.526 4.071 3.628 3.197 3.191 3.299 3.396 3.482 3.558 3.624 3.679 3.723 3.757 3.781 3.795 3.797 3.700 3.569 3.435 3.299 3.160 3.019 2.876 2.730 2.582 2.431 2.278 2.123 2.461 3.020 3.606 4.219 4.859 5.526 6.282 7.022 7.730 8.407 9.052 9.666 9.670 9.415 9.175 8.949 8.737 8.540 8.358 8.190 8.036 7.897 7.773 7.663 7.476 7.240
2.749 3.358 3.956 4.543 5.120 5.685 6.239 6.783 7.316 7.838 8.349 8.185 7.678 7.183 6.699 6.227 5.767 5.318 4.881 4.455 4.042 3.640 3.249 3.156 3.227 3.287 3.337 3.376 3.405 3.424 3.432 3.429 3.417 3.393 3.360 3.260 3.121 2.978 2.834 2.687 2.538 2.386 2.232 2.075 1.916 1.755 1.850 2.386 3.205 3.992 4.747 5.472 6.164 6.825 7.455 8.053 8.619 9.154 9.658 9.757 9.553 9.363 9.187 9.027 8.880 8.748 8.631 8.528 8.440 8.366 8.307 8.157 7.913
2.565 3.136 3.696 4.245 4.783 5.310 5.827 6.332 6.827 7.311 7.784 7.775 7.309 6.855 6.412 5.981 5.561 5.154 4.757 4.373 4.000 3.639 3.289 3.132 3.166 3.190 3.203 3.206 3.198 3.180 3.152 3.113 3.063 3.003 2.933 2.824 2.676 2.525 2.388 2.365 2.376 2.422 2.502 2.616 2.765 2.948 3.165 3.621 4.329 5.006 5.651 6.265 6.847 7.398 7.918 8.406 8.862 9.287 9.680 9.830 9.676 9.537 9.412 9.302 9.206 9.125 9.058 9.006 8.968 8.945 8.936 8.840 8.588
2.393 2.925 3.447 3.958 4.458 4.948 5.426 5.893 6.350 6.796 7.231 7.353 6.928 6.515 6.113 5.723 5.344 4.977 4.622 4.278 3.946 3.626 3.317 3.120 3.117 3.104 3.081 3.047 3.002 2.948 2.883 2.813 2.756 2.705 2.658 2.619 2.613 2.642 2.705 2.802 2.934 3.099 3.300 3.534 3.803 4.107 4.444 4.885 5.483 6.050 6.585 7.089 7.561 8.001 8.411 8.789 9.135 9.450 9.733 9.888 9.785 9.696 9.622 9.563 9.517 9.487 9.470 9.469 9.481 9.509 9.550 9.524 9.264
2.233 2.727 3.211 3.684 4.146 4.597 5.038 5.467 5.886 6.293 6.690 6.920 6.536 6.163 5.802 5.453 5.115 4.789 4.474 4.172 3.880 3.601 3.333 3.118 3.062 2.989 2.921 2.857 2.798 2.744 2.695 2.650 2.610 2.575 2.545 2.539 2.654 2.803 2.986 3.203 3.455 3.741 4.062 4.417 4.806 5.229 5.687 6.179 6.667 7.123 7.548 7.942 8.304 8.635 8.934 9.202 9.438 9.643 9.817 9.933 9.880 9.842 9.818 9.809 9.815 9.834 9.869 9.917 9.980 10.058 10.150 10.210 9.941
2.084 2.541 2.987 3.422 3.846 4.259 4.661 5.053 5.434 5.803 6.162 6.474 6.131 5.799 5.479 5.171 4.874 4.571 4.266 3.967 3.674 3.387 3.106 2.839 2.778 2.721 2.670 2.623 2.581 2.543 2.510 2.482 2.459 2.441 2.427 2.424 2.659 2.928 3.231 3.569 3.941 4.348 4.788 5.263 5.772 6.316 6.894 7.502 7.880 8.226 8.541 8.825 9.077 9.298 9.487 9.645 9.772 9.867 9.931 9.963 9.961 9.973 10.000 10.042 10.097 10.168 10.252 10.351 10.465 10.593 10.735 10.892 10.620
1.948 2.367 2.775 3.172 3.558 3.933 4.298 4.651 4.994 5.326 5.640 5.940 5.680 5.366 5.058 4.756 4.460 4.170 3.886 3.608 3.336 3.070 2.810 2.555 2.489 2.449 2.414 2.384 2.358 2.337 2.321 2.310 2.303 2.302 2.304 2.312 2.629 3.018 3.442 3.900 4.392 4.918 5.479 6.074 6.703 7.366 8.064 8.796 9.123 9.359 9.564 9.738 9.880 9.991 10.070 10.119 10.135 10.121 10.075 9.998 10.028 10.091 10.168 10.260 10.366 10.486 10.622 10.771 10.935 11.113 11.306 11.514 11.300
1.824 2.205 2.575 2.930 3.273 3.604 3.922 4.228 4.522 4.804 5.073 5.330 5.168 4.875 4.588 4.307 4.032 3.763 3.500 3.243 2.992 2.747 2.507 2.274 2.196 2.172 2.154 2.140 2.131 2.127 2.128 2.133 2.143 2.158 2.177 2.201 2.564 3.073 3.617 4.195 4.807 5.453 6.134 6.849 7.598 8.381 9.199 10.050 10.395 10.521 10.616 10.680 10.713 10.714 10.684 10.622 10.529 10.405 10.250 10.063 10.080 10.194 10.321 10.463 10.620 10.791 10.977 11.171 11.366 11.570 11.781 12.001 11.831
1.704 2.041 2.365 2.678 2.978 3.265 3.541 3.804 4.055 4.294 4.521 4.735 4.651 4.379 4.113 3.853 3.599 3.351 3.108 2.872 2.642 2.418 2.199 1.987 1.898 1.891 1.889 1.892 1.900 1.912 1.930 1.951 1.978 2.009 2.045 2.086 2.464 3.093 3.757 4.454 5.186 5.953 6.753 7.588 8.457 9.360 10.297 11.268 11.696 11.713 11.698 11.653 11.575 11.467 11.327 11.156 10.953 10.720 10.455 10.158 10.123 10.289 10.464 10.647 10.839 11.038 11.245 11.461 11.685 11.917 12.157 12.405 12.315
1.594 1.888 2.169 2.439 2.696 2.941 3.174 3.394 3.602 3.798 3.982 4.154 4.128 3.877 3.632 3.393 3.159 2.932 2.711 2.496 2.286 2.083 1.886 1.694 1.595 1.605 1.620 1.640 1.664 1.693 1.727 1.765 1.808 1.856 1.909 1.966 2.328 3.078 3.861 4.679 5.531 6.417 7.337 8.291 9.280 10.302 11.359 12.450 13.027 12.934 12.810 12.654 12.468 12.125 11.727 11.362 11.030 10.731 10.465 10.232 10.206 10.401 10.604 10.816 11.035 11.263 11.499 11.743 11.995 12.255 12.524 12.800 12.800
1.497 1.748 1.987 2.214 2.428 2.630 2.820 2.998 3.163 3.317 3.458 3.586 3.599 3.369 3.145 2.927 2.714 2.508 2.308 2.114 1.925 1.743 1.566 1.396 1.288 1.315 1.346 1.382 1.423 1.469 1.519 1.574 1.634 1.698 1.768 1.842 2.158 3.027 3.931 4.868 5.839 6.845 7.885 8.959 10.067 11.209 12.144 12.977 13.382 12.934 12.520 12.138 11.789 11.474 11.191 10.941 10.724 10.540 10.390 10.272 10.281 10.504 10.736 10.976 11.224 11.480 11.744 12.017 12.297 12.586 12.883 13.188 13.287
1.414 1.622 1.818 2.002 2.174 2.333 2.480 2.615 2.738 2.849 2.947 3.033 3.065 2.856 2.652 2.455 2.264 2.078 1.899 1.726 1.558 1.397 1.241 1.091 0.976 1.020 1.068 1.121 1.178 1.240 1.307 1.379 1.455 1.536 1.622 1.712 1.953 2.942 3.965 4.939 5.876 6.784 7.662 8.510 9.329 10.118 10.877 11.606 12.123 11.791 11.492 11.225 10.992 10.791 10.623 10.489 10.387 10.318 10.283 10.280 10.347 10.599 10.859 11.128 11.404 11.689 11.981 12.282 12.591 12.908 13.233 13.567 13.775
1.348 1.510 1.663 1.804 1.933 2.050 2.154 2.246 2.327 2.394 2.450 2.494 2.525 2.337 2.154 1.978 1.807 1.643 1.484 1.332 1.185 1.045 0.910 0.781 0.660 0.720 0.785 0.854 0.928 1.007 1.090 1.179 1.296 1.409 1.518 1.624 1.746 2.669 3.562 4.426 5.260 6.064 6.838 7.583 8.299 8.984 9.640 10.266 10.834 10.617 10.432 10.281 10.163 10.077 10.024 10.005 10.018 10.064 10.144 10.256 10.406 10.687 10.975 11.272 11.576 11.889 12.210 12.540 12.877 13.222 13.576 13.937 14.263
1.336 1.411 1.522 1.620 1.706 1.780 1.842 1.891 1.929 1.954 1.967 1.968 1.956 1.812 1.650 1.495 1.345 1.202 1.064 0.932 0.807 0.687 0.573 0.465 0.372 0.478 0.604 0.725 0.844 0.959 1.070 1.177 1.282 1.382 1.479 1.572 1.662 2.393 3.183 3.943 4.674 5.375 6.046 6.688 7.300 7.882 8.435 8.958 9.451 9.411 9.342 9.306 9.302 9.332 9.394 9.489 9.618 9.779 9.973 10.200 10.459 10.766 11.083 11.408 11.741 12.082 12.431 12.789 13.154 13.528 13.910 14.300 14.698
1.336 1.326 1.394 1.449 1.493 1.524 1.543 1.550 1.545 1.527 1.498 1.456 1.402 1.282 1.141 1.006 0.878 0.782 0.746 0.708 0.668 0.625 0.581 0.534 0.486 0.555 0.668 0.777 0.883 0.986 1.084 1.180 1.271 1.359 1.444 1.525 1.602 2.147 2.834 3.491 4.118 4.716 5.284 5.823 6.331 6.811 7.260 7.681 8.071 8.174 8.220 8.299 8.410 8.555 8.732 8.942 9.185 9.461 9.770 10.111 10.486 10.837 11.182 11.535 11.897 12.266 12.644 13.030 13.424 13.826 14.236 14.654 15.080
1.349 1.254 1.279 1.292 1.293 1.282 1.258 1.222 1.175 1.115 1.084 1.098 1.114 1.102 1.068 1.030 0.991 0.950 0.907 0.861 0.813 0.763 0.711 0.657 0.601 0.635 0.736 0.833 0.926 1.016 1.102 1.185 1.265 1.340 1.412 1.481 1.546 1.932 2.515 3.069 3.593 4.088 4.553 4.988 5.394 5.771 6.117 6.434 6.722 6.907 7.068 7.261 7.487 7.747 8.039 8.363 8.721 9.112 9.535 9.992 10.481 10.900 11.273 11.655 12.045 12.443 12.849 13.263 13.685 14.115 14.553 15.000 15.454
1.375 1.196 1.178 1.175 1.187 1.199 1.212 1.226 1.241 1.256 1.273 1.290 1.308 1.303 1.260 1.216 1.169 1.120 1.069 1.016 0.961 0.903 0.844 0.782 0.718 0.719 0.807 0.892 0.973 1.050 1.124 1.195 1.262 1.325 1.385 1.441 1.493 1.747 2.227 2.678 3.099 3.491 3.853 4.185 4.488 4.761 5.005 5.219 5.404 5.608 5.884 6.192 6.533 6.907 7.314 7.753 8.226 8.731 9.269 9.840 10.443 10.955 11.357 11.767 12.185 12.611 13.045 13.487 13.889 14.221 14.561 14.909 15.265
1.571 1.317 1.329 1.343 1.357 1.372 1.388 1.405 1.422 1.441 1.460 1.480 1.501 1.505 1.455 1.403 1.348 1.292 1.234 1.173 1.110 1.045 0.978 0.909 0.838 0.806 0.882 0.954 1.023 1.088 1.150 1.208 1.262 1.313 1.360 1.404 1.444 1.592 1.969 2.317 2.635 2.924 3.183 3.412 3.612 3.783 3.924 4.035 4.117 4.279 4.669 5.092 5.547 6.036 6.557 7.112 7.698 8.318 8.971 9.656 10.374 10.941 11.245 11.557 11.877 12.205 12.541 12.885 13.237 13.597 13.965 14.342 14.726
1.869 1.477 1.493 1.509 1.526 1.544 1.563 1.582 1.603 1.624 1.646 1.669 1.692 1.709 1.652 1.592 1.530 1.466 1.400 1.332 1.262 1.189 1.115 1.038 0.959 0.897 0.961 1.021 1.077 1.130 1.179 1.224 1.266 1.305 1.340 1.371 1.399 1.467 1.742 1.987 2.202 2.388 2.544 2.671 2.768 2.835 2.873 2.882 2.861 2.918 3.423 3.960 4.531 5.134 5.822 6.530 7.207 7.853 8.468 9.053 9.606 10.086 10.418 10.759 11.107 11.463 11.827 12.199 12.579 12.967 13.363 13.767 14.179
2.195 1.685 1.655 1.674 1.694 1.715 1.736 1.759 1.782 1.806 1.831 1.857 1.883 1.911 1.850 1.783 1.714 1.642 1.569 1.493 1.415 1.336 1.253 1.169 1.083 0.994 1.043 1.090 1.134 1.175 1.211 1.245 1.274 1.300 1.323 1.342 1.358 1.373 1.545 1.687 1.799 1.882 1.935 1.959 1.954 1.919 1.854 1.961 2.097 2.208 2.963 3.687 4.380 5.042 5.674 6.274 6.844 7.383 7.891 8.368 8.814 9.225 9.585 9.953 10.329 10.714 11.106 11.506 11.914 12.330 12.754 13.186 13.626
