DATA/SHG/ECMWF/20170628/EN-37/20170708.en-37.asc
ncols        190
nrows        64
xllcorner    -5100000.000000000000
yllcorner    4130000.000000000000
cellsize     10000.000000000000
NODATA_value  -99999.000
[rows 0 to 32 of 64, columns 0 to 72 of 190]
0.190 0.198 0.206 0.215 0.224 0.232 0.242 0.251 0.261 0.252 0.237 0.222 0.206 0.189 0.171 0.153 0.134 0.114 0.094 0.079 0.066 0.084 0.114 0.142 0.170 0.196 0.221 0.245 0.268 0.289 0.309 0.328 0.346 0.362 0.378 0.393 0.408 0.423 0.438 0.453 0.467 0.481 0.495 0.509 0.522 0.540 0.562 0.582 0.602 0.622 0.640 0.658 0.675 0.691 0.707 0.721 0.735 0.796 0.906 1.005 1.095 1.174 1.244 1.303 1.352 1.391 1.420 1.438 1.447 1.402 1.289 1.183 1.086
0.179 0.188 0.197 0.206 0.216 0.225 0.235 0.246 0.256 0.250 0.233 0.215 0.203 0.191 0.178 0.166 0.153 0.140 0.127 0.114 0.101 0.109 0.134 0.159 0.182 0.204 0.225 0.244 0.262 0.279 0.295 0.309 0.323 0.336 0.351 0.366 0.380 0.394 0.408 0.422 0.436 0.449 0.462 0.474 0.487 0.502 0.521 0.539 0.556 0.573 0.589 0.604 0.618 0.631 0.644 0.656 0.667 0.700 0.775 0.839 0.893 0.937 0.971 0.994 1.008 1.011 1.005 0.988 0.961 0.912 0.826 0.748 0.678
0.167 0.177 0.187 0.197 0.208 0.224 0.240 0.257 0.275 0.280 0.267 0.255 0.242 0.230 0.217 0.203 0.190 0.177 0.163 0.149 0.135 0.135 0.156 0.176 0.195 0.213 0.229 0.244 0.258 0.271 0.282 0.292 0.301 0.311 0.325 0.339 0.352 0.366 0.379 0.392 0.404 0.417 0.429 0.441 0.452 0.465 0.481 0.497 0.511 0.525 0.538 0.550 0.562 0.573 0.583 0.592 0.600 0.615 0.654 0.682 0.701 0.709 0.708 0.696 0.674 0.642 0.600 0.548 0.552 0.563 0.569 0.575 0.580
0.167 0.182 0.198 0.215 0.232 0.251 0.270 0.290 0.310 0.321 0.308 0.295 0.282 0.269 0.255 0.241 0.227 0.213 0.199 0.184 0.169 0.163 0.179 0.195 0.210 0.223 0.235 0.245 0.255 0.263 0.270 0.276 0.280 0.286 0.299 0.312 0.325 0.337 0.349 0.361 0.373 0.385 0.396 0.407 0.418 0.429 0.442 0.455 0.467 0.478 0.488 0.498 0.507 0.515 0.522 0.528 0.534 0.539 0.543 0.536 0.521 0.523 0.528 0.534 0.543 0.553 0.565 0.579 0.595 0.613 0.617 0.621 0.625
0.179 0.197 0.215 0.235 0.255 0.276 0.298 0.321 0.345 0.363 0.349 0.336 0.322 0.308 0.293 0.279 0.264 0.250 0.235 0.219 0.204 0.191 0.204 0.215 0.225 0.234 0.242 0.248 0.253 0.257 0.260 0.261 0.261 0.261 0.273 0.285 0.297 0.309 0.320 0.332 0.342 0.353 0.364 0.374 0.384 0.394 0.404 0.414 0.423 0.432 0.439 0.446 0.452 0.459 0.467 0.476 0.484 0.491 0.495 0.501 0.508 0.517 0.529 0.542 0.557 0.573 0.592 0.613 0.635 0.660 0.666 0.668 0.670
0.190 0.210 0.232 0.254 0.277 0.301 0.326 0.352 0.378 0.405 0.391 0.376 0.362 0.347 0.332 0.317 0.302 0.286 0.271 0.255 0.239 0.223 0.230 0.237 0.242 0.247 0.250 0.252 0.253 0.252 0.251 0.248 0.243 0.238 0.248 0.259 0.270 0.281 0.292 0.302 0.312 0.322 0.332 0.341 0.350 0.359 0.368 0.378 0.388 0.397 0.406 0.415 0.423 0.431 0.438 0.445 0.452 0.458 0.468 0.480 0.494 0.510 0.528 0.547 0.569 0.592 0.618 0.645 0.674 0.705 0.715 0.715 0.715
0.199 0.223 0.247 0.273 0.299 0.325 0.353 0.381 0.410 0.440 0.432 0.417 0.402 0.386 0.371 0.355 0.339 0.323 0.307 0.290 0.274 0.257 0.257 0.259 0.261 0.261 0.260 0.257 0.254 0.249 0.243 0.235 0.227 0.217 0.223 0.233 0.243 0.253 0.263 0.279 0.297 0.312 0.324 0.333 0.340 0.343 0.350 0.359 0.367 0.375 0.383 0.390 0.397 0.403 0.409 0.415 0.420 0.425 0.438 0.457 0.478 0.500 0.525 0.551 0.579 0.609 0.641 0.675 0.711 0.749 0.764 0.763 0.761
0.208 0.235 0.262 0.290 0.319 0.348 0.379 0.410 0.442 0.475 0.473 0.458 0.442 0.426 0.410 0.393 0.377 0.360 0.343 0.326 0.309 0.291 0.285 0.283 0.280 0.276 0.270 0.264 0.256 0.247 0.236 0.225 0.223 0.228 0.245 0.267 0.287 0.303 0.317 0.327 0.335 0.340 0.342 0.342 0.338 0.332 0.332 0.340 0.347 0.353 0.360 0.366 0.371 0.376 0.381 0.385 0.389 0.393 0.407 0.432 0.460 0.489 0.520 0.553 0.588 0.624 0.663 0.704 0.746 0.790 0.814 0.811 0.808
0.217 0.246 0.276 0.307 0.338 0.370 0.404 0.438 0.472 0.508 0.515 0.499 0.482 0.466 0.449 0.432 0.415 0.397 0.380 0.362 0.344 0.326 0.314 0.308 0.301 0.293 0.287 0.284 0.285 0.288 0.294 0.304 0.316 0.331 0.347 0.359 0.368 0.374 0.378 0.379 0.376 0.371 0.364 0.353 0.339 0.323 0.315 0.321 0.327 0.332 0.337 0.342 0.346 0.350 0.353 0.356 0.359 0.361 0.374 0.406 0.440 0.476 0.513 0.553 0.594 0.638 0.683 0.730 0.779 0.830 0.865 0.860 0.855
0.224 0.256 0.289 0.322 0.357 0.392 0.428 0.464 0.502 0.540 0.557 0.540 0.523 0.505 0.488 0.470 0.452 0.434 0.411 0.386 0.361 0.333 0.313 0.309 0.308 0.310 0.314 0.322 0.333 0.347 0.363 0.383 0.405 0.431 0.451 0.453 0.452 0.449 0.442 0.433 0.421 0.406 0.388 0.367 0.344 0.317 0.298 0.303 0.307 0.311 0.315 0.318 0.321 0.323 0.326 0.327 0.329 0.330 0.339 0.378 0.418 0.461 0.505 0.551 0.599 0.649 0.701 0.755 0.811 0.868 0.915 0.909 0.902
0.230 0.265 0.300 0.337 0.374 0.412 0.451 0.490 0.531 0.572 0.599 0.581 0.561 0.540 0.518 0.494 0.469 0.442 0.414 0.385 0.354 0.321 0.296 0.302 0.311 0.324 0.339 0.357 0.378 0.402 0.429 0.459 0.491 0.527 0.558 0.550 0.539 0.525 0.509 0.490 0.468 0.443 0.415 0.384 0.351 0.315 0.281 0.285 0.288 0.291 0.293 0.295 0.296 0.298 0.298 0.299 0.299 0.299 0.302 0.347 0.395 0.444 0.495 0.548 0.602 0.659 0.717 0.778 0.840 0.904 0.966 0.958 0.949
0.235 0.273 0.311 0.353 0.398 0.442 0.485 0.527 0.569 0.611 0.645 0.622 0.597 0.571 0.544 0.515 0.484 0.453 0.419 0.385 0.349 0.311 0.276 0.292 0.312 0.335 0.360 0.388 0.420 0.454 0.491 0.531 0.575 0.621 0.667 0.650 0.629 0.605 0.579 0.550 0.517 0.483 0.445 0.404 0.361 0.315 0.265 0.267 0.269 0.270 0.271 0.272 0.272 0.272 0.272 0.271 0.270 0.268 0.266 0.316 0.369 0.425 0.483 0.542 0.604 0.667 0.732 0.815 0.909 1.003 1.096 1.109 1.111
0.276 0.320 0.364 0.406 0.449 0.490 0.531 0.572 0.611 0.651 0.689 0.664 0.634 0.603 0.571 0.537 0.501 0.464 0.426 0.386 0.345 0.302 0.258 0.280 0.310 0.342 0.378 0.417 0.459 0.503 0.551 0.601 0.655 0.711 0.770 0.752 0.721 0.688 0.651 0.612 0.570 0.525 0.477 0.427 0.374 0.317 0.258 0.250 0.251 0.251 0.250 0.250 0.249 0.247 0.245 0.243 0.241 0.238 0.234 0.282 0.369 0.467 0.564 0.660 0.755 0.849 0.942 1.035 1.126 1.216 1.306 1.319 1.308
0.336 0.378 0.419 0.460 0.500 0.539 0.578 0.617 0.654 0.691 0.727 0.708 0.673 0.637 0.599 0.560 0.519 0.477 0.434 0.389 0.343 0.295 0.246 0.264 0.304 0.347 0.393 0.442 0.494 0.549 0.607 0.668 0.731 0.798 0.868 0.857 0.817 0.773 0.727 0.678 0.626 0.571 0.513 0.453 0.389 0.323 0.254 0.233 0.233 0.231 0.230 0.228 0.225 0.251 0.284 0.320 0.357 0.396 0.438 0.517 0.613 0.707 0.801 0.893 0.985 1.076 1.166 1.255 1.343 1.430 1.517 1.532 1.508
0.397 0.436 0.476 0.514 0.552 0.589 0.626 0.662 0.697 0.732 0.766 0.753 0.713 0.672 0.629 0.585 0.539 0.492 0.444 0.394 0.342 0.289 0.235 0.245 0.295 0.349 0.405 0.464 0.527 0.592 0.660 0.731 0.805 0.882 0.962 0.965 0.915 0.861 0.805 0.746 0.684 0.619 0.551 0.481 0.408 0.332 0.278 0.270 0.298 0.328 0.360 0.394 0.430 0.468 0.508 0.551 0.595 0.642 0.691 0.764 0.856 0.948 1.038 1.128 1.216 1.304 1.390 1.476 1.561 1.645 1.728 1.749 1.711
0.458 0.496 0.532 0.569 0.605 0.640 0.674 0.708 0.741 0.774 0.806 0.800 0.755 0.708 0.660 0.611 0.560 0.508 0.455 0.400 0.343 0.285 0.226 0.223 0.284 0.347 0.414 0.484 0.556 0.632 0.710 0.791 0.876 0.963 1.053 1.076 1.015 0.952 0.888 0.833 0.778 0.724 0.670 0.616 0.562 0.509 0.456 0.441 0.476 0.513 0.552 0.594 0.637 0.682 0.730 0.780 0.831 0.885 0.941 1.012 1.101 1.189 1.276 1.362 1.447 1.532 1.615 1.698 1.779 1.860 1.939 1.969 1.917
0.520 0.555 0.590 0.624 0.658 0.691 0.723 0.755 0.786 0.816 0.846 0.848 0.798 0.746 0.694 0.639 0.583 0.526 0.467 0.407 0.346 0.283 0.218 0.198 0.269 0.343 0.420 0.500 0.582 0.668 0.757 0.857 0.973 1.079 1.178 1.223 1.168 1.114 1.059 1.005 0.952 0.898 0.845 0.792 0.739 0.686 0.634 0.609 0.652 0.696 0.743 0.791 0.842 0.895 0.949 1.006 1.065 1.126 1.189 1.260 1.346 1.430 1.514 1.597 1.679 1.760 1.840 1.920 1.998 2.075 2.152 2.192 2.127
0.582 0.615 0.648 0.680 0.711 0.742 0.772 0.802 0.831 0.859 0.887 0.898 0.843 0.786 0.728 0.669 0.608 0.545 0.482 0.416 0.350 0.282 0.212 0.169 0.283 0.429 0.566 0.694 0.814 0.925 1.028 1.121 1.207 1.283 1.351 1.392 1.338 1.284 1.231 1.177 1.124 1.072 1.019 0.967 0.915 0.863 0.812 0.776 0.825 0.877 0.931 0.986 1.044 1.104 1.166 1.230 1.296 1.365 1.435 1.509 1.591 1.673 1.753 1.833 1.912 1.989 2.066 2.142 2.217 2.291 2.364 2.419 2.341
0.645 0.676 0.707 0.736 0.766 0.794 0.822 0.850 0.877 0.903 0.928 0.949 0.889 0.827 0.764 0.700 0.634 0.599 0.588 0.584 0.588 0.598 0.616 0.644 0.768 0.883 0.990 1.088 1.177 1.258 1.331 1.394 1.449 1.495 1.533 1.560 1.507 1.454 1.402 1.349 1.297 1.245 1.193 1.142 1.090 1.039 0.989 0.940 0.996 1.055 1.116 1.179 1.244 1.312 1.381 1.452 1.525 1.601 1.678 1.758 1.837 1.915 1.993 2.069 2.145 2.219 2.293 2.365 2.437 2.508 2.578 2.647 2.557
0.708 0.737 0.766 0.793 0.821 0.847 0.873 0.898 0.923 0.947 0.996 1.040 1.018 0.997 0.982 0.975 0.975 0.982 0.996 1.017 1.045 1.080 1.123 1.172 1.261 1.346 1.422 1.490 1.549 1.600 1.642 1.675 1.700 1.716 1.724 1.723 1.676 1.624 1.572 1.520 1.469 1.418 1.367 1.316 1.265 1.215 1.165 1.115 1.165 1.232 1.300 1.370 1.442 1.517 1.593 1.672 1.752 1.835 1.919 2.006 2.084 2.159 2.233 2.306 2.378 2.449 2.520 2.589 2.658 2.725 2.792 2.858 2.777
0.772 0.799 0.825 0.919 1.002 1.073 1.134 1.184 1.222 1.250 1.266 1.272 1.269 1.273 1.283 1.301 1.325 1.357 1.396 1.442 1.495 1.555 1.622 1.696 1.762 1.817 1.863 1.901 1.930 1.950 1.962 1.965 1.960 1.946 1.923 1.892 1.844 1.793 1.742 1.691 1.640 1.590 1.540 1.490 1.440 1.391 1.341 1.292 1.332 1.405 1.481 1.558 1.638 1.719 1.803 1.889 1.976 2.066 2.158 2.252 2.331 2.402 2.473 2.543 2.612 2.680 2.747 2.812 2.870 2.924 2.974 3.019 2.943
1.275 1.352 1.418 1.473 1.517 1.549 1.571 1.582 1.582 1.571 1.548 1.515 1.512 1.540 1.576 1.618 1.667 1.724 1.787 1.858 1.936 2.021 2.112 2.211 2.272 2.296 2.312 2.320 2.319 2.309 2.290 2.263 2.228 2.184 2.131 2.070 2.012 1.962 1.911 1.861 1.811 1.762 1.712 1.663 1.614 1.566 1.517 1.469 1.496 1.577 1.659 1.744 1.831 1.920 2.010 2.103 2.198 2.295 2.394 2.496 2.583 2.657 2.727 2.793 2.853 2.910 2.961 3.009 3.051 3.089 3.123 3.152 3.090
1.957 1.995 2.022 2.038 2.043 2.037 2.020 1.992 1.953 1.903 1.842 1.770 1.747 1.800 1.860 1.927 2.001 2.083 2.171 2.266 2.369 2.478 2.595 2.719 2.790 2.784 2.770 2.747 2.716 2.676 2.627 2.570 2.504 2.430 2.347 2.256 2.180 2.130 2.080 2.031 1.982 1.933 1.884 1.836 1.788 1.740 1.692 1.645 1.658 1.746 1.836 1.928 2.022 2.130 2.245 2.359 2.472 2.585 2.696 2.807 2.895 2.953 3.007 3.057 3.102 3.142 3.178 3.210 3.236 3.259 3.276 3.290 3.238
2.650 2.649 2.637 2.614 2.581 2.536 2.480 2.413 2.336 2.247 2.147 2.036 1.974 2.052 2.137 2.229 2.328 2.434 2.547 2.667 2.794 2.928 3.070 3.218 3.316 3.280 3.236 3.183 3.121 3.051 2.973 2.885 2.790 2.685 2.572 2.451 2.347 2.298 2.249 2.200 2.152 2.104 2.056 2.008 1.961 1.914 1.886 1.867 1.893 2.009 2.125 2.240 2.353 2.466 2.578 2.689 2.799 2.908 3.016 3.124 3.211 3.253 3.292 3.325 3.354 3.379 3.399 3.415 3.426 3.432 3.434 3.431 3.387
3.354 3.314 3.264 3.202 3.130 3.046 2.952 2.846 2.730 2.602 2.464 2.314 2.193 2.296 2.405 2.522 2.646 2.776 2.914 3.059 3.211 3.370 3.536 3.709 3.850 3.784 3.710 3.627 3.535 3.435 3.326 3.209 3.083 2.949 2.806 2.654 2.513 2.465 2.417 2.383 2.355 2.329 2.305 2.285 2.267 2.253 2.241 2.231 2.246 2.359 2.472 2.583 2.693 2.803 2.912 3.019 3.126 3.232 3.337 3.441 3.531 3.558 3.580 3.598 3.611 3.620 3.624 3.624 3.619 3.609 3.596 3.577 3.535
4.066 3.991 3.901 3.801 3.690 3.568 3.435 3.290 3.135 2.969 2.792 2.604 2.405 2.532 2.666 2.807 2.956 3.111 3.274 3.443 3.620 3.803 3.994 4.192 4.393 4.297 4.192 4.079 3.958 3.827 3.688 3.541 3.369 3.203 3.043 2.887 2.741 2.713 2.688 2.667 2.647 2.631 2.618 2.607 2.599 2.594 2.592 2.592 2.600 2.710 2.819 2.927 3.034 3.140 3.246 3.350 3.454 3.556 3.658 3.759 3.855 3.866 3.872 3.874 3.872 3.864 3.853 3.837 3.816 3.791 3.761 3.727 3.683
4.743 4.678 4.550 4.412 4.262 4.101 3.929 3.746 3.552 3.347 3.131 2.905 2.667 2.760 2.919 3.085 3.258 3.438 3.625 3.819 4.021 4.229 4.444 4.667 4.884 4.741 4.556 4.376 4.202 4.033 3.870 3.712 3.560 3.413 3.271 3.135 3.004 2.974 2.959 2.946 2.937 2.931 2.927 2.926 2.928 2.932 2.940 2.950 2.963 3.060 3.166 3.271 3.375 3.478 3.580 3.681 3.782 3.881 3.980 4.077 4.174 4.178 4.168 4.155 4.136 4.113 4.086 4.054 4.017 3.976 3.931 3.881 3.826
5.416 5.377 5.211 5.033 4.844 4.645 4.434 4.213 3.980 3.737 3.483 3.217 2.941 2.980 3.163 3.354 3.552 3.756 3.954 4.140 4.313 4.474 4.623 4.759 4.883 4.793 4.627 4.466 4.311 4.161 4.016 3.877 3.744 3.616 3.494 3.376 3.265 3.231 3.226 3.223 3.224 3.227 3.233 3.241 3.253 3.267 3.285 3.304 3.327 3.411 3.514 3.616 3.716 3.816 3.915 4.013 4.110 4.206 4.302 4.396 4.489 4.494 4.469 4.439 4.405 4.366 4.323 4.275 4.223 4.166 4.105 4.039 3.968
6.084 6.087 5.882 5.666 5.439 5.200 4.951 4.691 4.420 4.138 3.853 3.582 3.323 3.327 3.531 3.723 3.902 4.069 4.224 4.366 4.497 4.614 4.720 4.813 4.894 4.838 4.691 4.549 4.413 4.282 4.157 4.037 3.923 3.814 3.710 3.612 3.520 3.485 3.489 3.497 3.507 3.520 3.535 3.554 3.575 3.599 3.626 3.656 3.688 3.763 3.862 3.961 4.058 4.155 4.250 4.345 4.439 4.532 4.624 4.715 4.805 4.814 4.773 4.727 4.677 4.623 4.564 4.500 4.432 4.360 4.283 4.201 4.115
6.748 6.809 6.565 6.268 5.955 5.654 5.365 5.088 4.822 4.569 4.328 4.099 3.882 3.825 3.986 4.134 4.271 4.395 4.506 4.606 4.693 4.768 4.830 4.880 4.918 4.878 4.750 4.627 4.510 4.398 4.292 4.191 4.096 4.006 3.921 3.842 3.768 3.736 3.750 3.767 3.787 3.809 3.835 3.863 3.894 3.928 3.964 4.003 4.046 4.115 4.211 4.306 4.400 4.494 4.586 4.678 4.768 4.858 4.947 5.035 5.121 5.138 5.081 5.020 4.954 4.884 4.809 4.729 4.644 4.572 4.522 4.494 4.488
7.088 7.015 6.720 6.436 6.165 5.906 5.659 5.424 5.200 4.989 4.790 4.603 4.428 4.335 4.453 4.559 4.652 4.733 4.802 4.858 4.902 4.934 4.953 4.960 4.955 4.912 4.803 4.700 4.601 4.508 4.421 4.339 4.263 4.192 4.126 4.066 4.011 3.983 4.007 4.034 4.063 4.096 4.131 4.169 4.209 4.253 4.299 4.348 4.400 4.467 4.560 4.652 4.743 4.833 4.922 5.011 5.098 5.184 5.270 5.355 5.438 5.418 5.267 5.138 5.031 4.947 4.885 4.845 4.828 4.833 4.861 4.910 4.983
7.327 7.086 6.832 6.591 6.362 6.145 5.939 5.746 5.565 5.396 5.239 5.094 4.960 4.859 4.933 4.996 5.046 5.084 5.109 5.123 5.124 5.112 5.089 5.053 5.005 4.941 4.851 4.766 4.687 4.613 4.544 4.481 4.424 4.372 4.325 4.284 4.248 4.228 4.261 4.298 4.337 4.379 4.424 4.471 4.522 4.575 4.631 4.689 4.751 4.820 4.910 4.998 5.086 5.173 5.271 5.347 5.386 5.388 5.352 5.278 5.167 5.036 4.963 4.912 4.883 4.876 4.892 4.930 4.990 5.073 5.178 5.305 5.455
7.637 7.169 6.932 6.732 6.545 6.370 6.207 6.055 5.916 5.789 5.674 5.570 5.479 5.400 5.426 5.445 5.452 5.447 5.430 5.400 5.358 5.304 5.237 5.159 5.067 4.964 4.892 4.827 4.766 4.711 4.662 4.618 4.579 4.546 4.519 4.496 4.479 4.469 4.512 4.558 4.607 4.659 4.713 4.771 4.831 4.894 4.959 5.086 5.269 5.480 5.613 5.709 5.767 5.788 5.771 5.717 5.626 5.497 5.331 5.127 4.886 4.634 4.638 4.664 4.713 4.784 4.878 4.993 5.131 5.291 5.474 5.679 5.906
