DATA/RAW-RASTER/ECMWF/20170628/EN-41/20170706.en-41.asc
ncols			31
nrows			16
xllcorner		69.5
yllcorner		19.5
cellsize		1.0
NODATA_value	-99999
1.77765 2.10571 3.31879 4.93622 2.52533 0.25940 0.56458 0.10681 0.13733 0.48065 1.82343 1.75476 1.57928 0.13733 1.19781 4.27246 4.34875 5.01251 3.31879 3.95966 0.37384 0.09918 0.08392 0.08392 0.38147 1.60980 6.96564 4.44794 2.99072 2.20490 7.56836
1.57166 2.26593 11.89423 9.32312 7.63702 0.88501 1.83105 5.74493 0.61798 1.02234 1.69373 1.28174 2.85339 0.64087 1.37329 2.03705 3.26538 3.73840 5.43976 1.93024 0.38910 0.63324 0.03815 0.09155 0.15259 3.49426 8.50677 10.40649 11.46698 9.92584 3.89099
13.36670 18.68439 9.97925 3.89862 9.42993 10.66589 5.37872 0.56458 0.25177 0.47302 2.02179 2.55585 0.39673 0.18311 1.23596 3.46375 7.85065 11.96289 6.14166 3.66974 0.57220 1.30463 0.29755 2.57874 2.43378 3.80707 7.94220 5.55420 12.85553 10.47516 9.10187
10.16235 0.85449 8.55255 6.76727 2.73132 26.08490 3.27301 0.59509 0.18311 0.19836 1.56403 0.11444 0.01526 0.01526 0.47302 0.81635 7.33185 5.83649 3.23486 5.50079 1.57166 0.75531 3.89862 4.14276 4.50134 11.38306 6.26373 4.85992 6.25610 7.98798 11.69586
1.07574 1.11389 0.48828 0.48828 2.02942 3.70026 4.02832 1.54114 3.61633 1.89972 0.01526 0.01526 0.25940 2.67792 2.85339 4.22668 7.93457 4.98962 8.51440 11.18469 12.99286 3.66974 10.40649 4.97437 4.58527 10.29205 5.07355 14.44244 9.95636 9.10950 21.56067
1.83868 0.00000 0.00000 0.03815 0.37384 1.57166 2.70081 2.47955 1.35040 3.63159 7.30133 4.47083 3.02124 2.85339 7.69806 4.35638 1.73187 9.20868 3.16620 5.38635 6.19507 16.90674 7.42340 11.76453 6.52313 14.37378 10.20050 3.23486 13.83972 21.70563 21.65222
0.00000 0.00000 0.00000 0.00000 0.00000 0.19073 0.28992 1.43433 1.77765 1.57928 3.87573 12.97760 36.84235 9.25446 3.14331 1.87683 3.70789 3.50189 0.98419 9.81903 0.83160 1.56403 3.79181 5.02014 6.11115 11.68823 33.51593 11.81793 6.14166 12.17651 10.06317
0.00000 0.00000 0.00000 0.00763 0.00763 0.16785 0.06866 0.06866 0.61798 1.22833 1.25885 6.21033 7.22504 43.12134 26.44348 68.45856 14.50348 0.56458 9.77325 4.36401 7.30896 5.91278 3.00598 10.33020 22.76611 13.45825 13.44299 5.43976 25.36011 5.63812 19.95850
0.01526 0.00000 0.08392 0.77057 0.88501 0.46539 0.69427 0.45776 0.21362 0.26703 0.96130 6.27136 23.43750 30.30396 7.40051 4.94385 11.58142 32.02057 23.08655 31.00586 12.08496 88.27209 25.54321 4.78363 7.14874 4.52423 18.79883 44.99054 45.98999 10.12421 15.00702
0.17548 0.84686 0.57220 0.70190 1.09863 0.38147 0.73242 1.59454 0.54169 0.15259 0.10681 8.91876 49.48425 207.18384 5.06592 4.34875 2.80762 7.98798 12.37488 7.14874 23.68164 30.04456 14.72473 9.78851 5.53894 13.29041 62.26349 31.34155 68.44330 17.53235 7.67517
0.47302 0.67139 0.90027 0.90027 0.32806 0.84686 0.47302 1.79291 0.63324 0.59509 0.62561 2.57111 1.57166 15.26642 11.00922 6.76727 2.99072 5.66101 18.34869 26.45111 11.61957 18.60046 20.52307 3.47137 1.74713 13.04626 13.61847 35.59875 45.34149 24.62769 2.83051
0.32806 0.81635 1.84631 2.43378 1.21307 1.46484 0.75531 1.04523 0.48828 0.58746 0.41962 0.70190 1.92261 1.93787 1.19781 1.18256 2.36511 8.01086 6.11115 10.94818 19.94324 7.61414 3.50189 2.70081 19.60754 10.99396 11.22284 24.91760 12.45117 13.24463 8.20923
0.90790 0.61035 0.32043 0.66376 1.48773 1.12152 0.78583 0.96130 0.36621 1.20544 1.86157 1.77002 0.30518 1.20544 1.10626 4.82178 6.82068 20.91217 20.76721 44.03687 73.81439 23.25439 5.87463 6.40869 10.37598 2.31171 0.51117 6.17218 10.97870 16.03699 39.29901
1.08337 1.31226 0.03815 0.90790 2.59399 0.91553 1.00708 1.67084 2.35748 0.40436 0.45013 0.49591 0.05341 0.90790 0.62561 0.70953 1.64032 10.30731 6.12640 23.22388 18.29529 23.33832 5.99670 12.84027 2.20490 0.17548 0.78583 4.47083 19.67621 27.82440 35.65216
1.60217 2.74658 2.66266 5.65338 3.22723 0.93842 0.44250 0.63324 0.92316 1.31989 0.28229 0.66376 0.80872 0.74005 0.63324 0.16785 0.27466 0.43488 3.25012 10.97107 7.85828 29.05273 45.93658 13.61847 1.96075 0.44250 3.20435 2.12097 15.93781 11.61194 15.54871
1.12915 3.52478 4.63867 9.39941 1.20544 1.31989 0.80872 1.89972 0.83923 0.83160 0.90790 1.93024 1.10626 0.91553 2.09045 0.52643 2.27356 0.57220 0.45013 3.97491 8.69751 22.56775 14.99176 34.82819 22.65930 4.49371 5.28717 2.60162 3.41034 5.16510 9.83429
