DATA/RAW-RASTER/ECMWF/20170628/EN-41/20170705.en-41.asc
ncols			31
nrows			16
xllcorner		69.5
yllcorner		19.5
cellsize		1.0
NODATA_value	-99999
0.00000 0.12970 1.10626 1.06812 0.03052 0.04578 0.01526 0.02289 0.06104 0.10681 0.22888 1.33514 6.72913 3.54004 1.58691 1.03760 2.92969 8.30841 1.22070 1.42670 8.43048 6.71387 8.65173 10.71167 2.92206 6.03485 12.65717 9.17053 3.23486 3.76129 1.42670
0.00763 0.26703 1.69373 2.09808 2.07520 0.28229 0.03815 3.09753 2.02942 0.90790 5.47791 0.77820 2.96783 2.61688 0.92316 1.31989 2.38037 2.34985 2.19727 1.01471 7.65228 5.25665 11.96289 14.41193 9.29260 8.82721 7.02667 5.81360 6.43158 9.52148 11.71112
0.00000 0.01526 0.13733 1.39618 37.20856 19.00482 3.86047 0.04578 0.06104 0.04578 0.62561 0.28992 0.19073 0.83923 2.44141 1.73950 2.00653 1.06049 3.38745 7.40051 10.50568 8.59833 20.76721 5.97382 5.77545 8.26263 3.41797 1.51062 1.03760 5.70679 11.46698
0.00763 0.01526 0.20599 4.40216 4.06647 53.46680 4.85229 7.35474 0.08392 0.01526 0.03052 0.01526 0.00000 0.07629 0.73242 0.86975 1.32751 0.71716 1.38092 6.62231 6.62994 8.20923 15.62500 13.28278 7.60651 6.48499 6.88934 7.04956 12.35962 17.28821 15.54871
0.06866 0.00000 0.00000 0.00763 3.31116 6.88171 15.14435 4.66156 0.70953 0.40436 0.00000 0.03052 0.05341 0.38910 0.17548 1.23596 1.69373 3.70026 6.32477 6.27136 11.10077 6.64520 8.42285 8.07953 4.02832 1.96838 3.45612 5.85938 10.85663 4.11224 16.77704
0.00000 0.00763 0.00000 0.00000 0.00000 0.58746 6.66809 7.83539 6.91223 1.00708 6.72913 0.89264 3.84521 0.12970 1.00708 1.44958 6.29425 4.01306 7.05719 7.88116 6.36292 14.08386 11.80267 10.29205 5.44739 6.11115 4.07410 0.26703 1.55640 1.12915 3.21198
0.00000 0.00763 0.00000 0.00763 0.00000 0.02289 0.26703 0.27466 0.90027 1.63269 3.22723 14.24408 14.55688 7.37000 1.57928 2.37274 3.53241 5.43213 3.91388 6.40106 3.37982 10.86426 14.93835 4.94385 7.10297 17.63916 10.51331 7.73621 1.43433 0.63324 0.69427
0.00000 0.00000 0.00000 0.00000 0.00763 0.00000 0.12207 0.37384 1.61743 2.13623 1.19781 8.12531 19.30237 64.59808 17.75360 23.74268 9.80377 7.66754 19.41681 9.35364 24.88708 18.56232 8.01849 6.79016 12.65717 5.03540 11.59668 10.49042 11.10077 1.51825 9.20105
0.00000 0.00763 0.08392 0.21362 0.01526 0.00000 0.06866 0.56458 0.78583 1.13678 0.71716 3.35693 14.77051 32.31049 58.63953 15.15961 68.53485 28.68652 107.08618 88.10425 131.97327 26.61896 18.53180 4.58527 16.52527 4.49371 35.84290 37.22382 55.28259 21.09528 16.76941
0.18311 1.59454 1.22833 1.98364 2.55585 0.12207 0.06866 0.68665 0.55695 0.69427 0.34332 0.59509 5.69916 35.71320 106.27747 48.66791 4.56238 4.34113 7.88879 6.63757 12.69531 43.19000 20.61462 1.24359 14.98413 20.14160 34.08813 43.63251 42.32788 20.27130 5.93567
0.46539 1.26648 1.22833 0.68665 0.37384 0.62561 0.19073 1.02234 0.25940 0.09918 0.54932 0.77820 2.83051 20.69092 81.35986 293.40363 5.95856 5.11169 6.71387 10.88715 15.65552 32.01294 40.80200 10.81085 8.88062 31.27289 22.65930 12.40540 22.01843 17.37976 4.28772
0.16022 0.72479 2.19727 3.17383 2.60925 1.96075 1.10626 2.56348 1.43433 0.28992 0.40436 0.16785 2.18964 16.66260 82.15332 45.09735 10.20813 2.48718 2.93732 9.64355 15.76233 44.60907 9.67407 35.85052 15.10620 3.55530 4.50134 5.95093 21.59119 10.07843 6.14929
0.67139 0.64087 0.17548 0.99945 2.71606 1.17493 0.67902 0.57220 0.57220 0.23651 0.76294 1.11389 2.56348 8.36182 17.19666 1.22833 0.32043 2.22015 5.40161 7.51495 7.98035 17.04407 57.12891 42.28210 6.98853 2.91443 8.25500 6.50787 3.86047 3.80707 3.37982
1.64032 2.04468 0.16785 0.32806 1.55640 0.11444 0.41962 2.11334 1.22070 0.12207 0.40436 0.19073 0.09155 0.87738 2.54059 2.64740 6.95801 7.88879 15.70892 6.41632 17.18140 24.43695 65.85693 34.05762 1.31989 2.65503 3.70026 1.31989 4.84467 5.53131 5.15747
2.77710 2.05231 3.50952 4.09698 5.51605 0.41962 0.63324 1.06049 1.31226 0.38910 0.49591 0.38147 0.01526 0.32806 0.74005 3.34930 2.32697 0.31281 29.45709 41.46576 28.51868 21.49963 26.03912 35.46143 9.03320 0.01526 1.69373 2.32697 5.49316 7.94983 14.70947
1.99127 4.68445 4.14276 6.74438 1.22070 0.85449 0.47302 0.35858 0.40436 0.26703 1.21307 0.51880 0.25177 0.77057 0.61035 0.64850 1.91498 1.07574 8.22449 5.69916 16.79993 15.32745 21.78955 38.77258 70.80841 7.74384 11.57379 22.08710 15.33508 7.86591 15.75470
