DATA/RAW-RASTER/ECMWF/20170628/EN-41/20170630.en-41.asc
ncols			31
nrows			16
xllcorner		69.5
yllcorner		19.5
cellsize		1.0
NODATA_value	-99999
1.75095 1.56021 2.63786 2.67982 1.79863 2.02179 5.47409 3.70789 8.86917 9.80949 6.21605 11.07216 9.60541 8.58498 7.67899 7.13539 12.23755 11.55281 9.05800 10.34737 8.45909 4.63104 4.36592 13.32664 10.67162 8.10432 3.94630 0.13351 0.20790 0.57602 0.90408
0.04768 0.81253 3.26920 2.49100 8.35800 2.99454 15.80048 17.31682 13.92555 17.84706 15.74898 9.36890 13.48686 10.96344 12.59613 9.39751 12.19940 10.60295 16.38031 9.76944 7.21550 2.30980 6.04630 12.06207 9.13048 6.02531 4.69398 0.94223 2.03133 1.35994 0.84877
0.04196 0.51308 2.56157 1.02615 1.84631 49.17526 63.68637 34.29031 8.47435 3.42941 4.03786 2.10762 5.21660 8.14819 5.40733 2.56348 2.58636 3.89671 1.81961 4.76837 6.55746 5.70107 4.40979 4.39453 9.10568 5.50270 3.53241 1.30463 0.64087 0.83160 0.25558
0.28419 0.03815 0.18120 0.85640 4.43840 33.24699 57.53517 36.85570 23.74649 2.96783 6.63948 1.28937 1.82152 0.52452 2.75993 0.76675 0.86594 2.65121 0.70572 1.95503 3.90053 1.91689 1.36185 2.35558 2.36893 0.35095 9.19724 9.23347 2.49100 1.25694 0.81444
1.03760 0.02670 0.16022 0.93460 3.27492 23.06175 36.55052 14.94598 21.86394 14.82773 1.89400 3.34740 1.89018 0.20599 0.28419 0.51689 0.24796 2.37656 3.04985 1.45149 0.96321 3.83186 8.57544 0.48256 0.44441 1.00136 0.38528 17.19475 15.09666 2.40135 3.91197
5.18990 0.01144 0.02670 0.30899 2.99072 30.24673 56.59103 36.56769 59.99947 21.37566 35.38704 12.02965 6.06155 1.52588 2.86484 1.38855 3.29971 3.64494 6.14548 5.35202 1.88828 2.86484 1.72997 5.24521 5.30815 6.07300 10.56671 8.71277 4.30679 11.95908 5.90706
0.02670 0.00191 0.04578 2.30598 12.23373 19.36340 30.83038 32.46689 32.40776 83.43697 35.69412 48.66409 34.49821 14.64844 0.27084 5.76973 4.18472 3.96538 12.51030 9.61494 6.27136 6.23322 10.57434 11.46507 13.26561 68.60733 34.71756 15.26451 6.90460 4.07028 3.12805
0.08774 0.78392 0.42915 9.20486 4.72069 16.62445 23.43178 10.19478 15.09476 24.97482 37.05215 9.33838 21.51871 18.11028 12.32529 19.22417 12.96043 5.26428 1.82915 4.50325 7.69424 13.66425 8.72040 46.66901 13.29231 134.71603 123.63243 31.78787 36.41891 14.27841 7.50160
0.33951 1.16539 7.14493 3.35312 2.01797 3.33595 7.74193 10.30540 7.13158 17.92717 15.66315 22.08328 5.66673 3.22533 1.33705 2.86865 3.02315 62.24823 22.11952 55.66216 73.02856 58.86841 48.40279 32.47070 8.06999 5.93758 21.92688 170.65620 192.06810 53.80058 11.85989
0.73051 7.99179 13.48877 12.92610 48.64883 7.25174 2.77328 0.79346 3.96729 7.43866 11.29150 27.32658 16.21819 8.20351 12.99477 2.67792 3.98064 6.55365 12.15172 9.69887 14.53209 7.48634 46.21696 9.77707 3.70979 13.59177 11.13892 7.11250 38.55515 32.51457 25.38681
16.88576 22.25494 75.69504 121.71173 14.97459 17.83752 1.58882 2.22397 4.37355 4.41742 13.42583 111.64856 74.72229 22.57538 6.34766 4.71687 4.76074 7.41196 12.11739 10.96725 10.81467 12.20512 45.00771 18.87703 13.39149 5.41878 3.67546 11.50131 39.69002 28.69415 18.92471
42.75894 45.16220 38.61618 40.59792 29.19197 4.45366 1.06239 0.98419 2.27547 3.30544 13.75961 43.59436 47.53494 69.85283 11.42502 1.40953 5.29289 6.98471 6.75583 8.51822 6.53076 10.10895 2.78854 6.52313 17.11845 2.57301 5.86128 10.01930 11.80649 45.92323 18.36395
35.87723 20.47157 24.64676 6.81877 3.86620 1.79672 4.07219 4.15421 3.83949 3.69453 14.11629 7.67899 12.94899 18.13316 4.20189 3.35503 1.31989 9.51576 13.95607 7.85255 6.24657 11.54327 7.02858 14.45961 7.81631 2.14005 1.62888 8.42476 9.64928 16.08086 6.29616
2.98119 1.73378 3.51906 4.87900 3.66592 0.70953 1.82915 3.56483 1.53542 10.40268 10.02312 4.21143 5.00870 2.36320 4.36783 13.19313 7.43675 10.91385 10.69260 7.52258 3.09563 10.96916 9.78851 20.51926 9.63783 10.02121 1.39999 0.68474 15.86151 6.31905 4.54140
3.47900 6.43349 2.50244 7.51877 3.19481 1.26648 6.09207 8.08334 0.90790 12.24136 12.72774 5.46265 7.94983 9.92966 7.21169 3.66020 9.98878 2.73514 8.54492 15.93590 21.20972 9.84955 31.81458 20.45441 3.91579 3.67165 2.40517 2.23541 0.34714 1.26457 13.14545
3.30734 2.73895 4.16183 12.71439 2.88582 2.74277 1.95312 2.83051 3.30544 4.14276 4.15993 10.90240 9.84383 12.79640 7.72858 24.20425 8.24356 6.04439 10.12993 15.55443 11.69205 13.15498 21.42906 34.99031 54.70657 5.10025 18.70537 2.90298 2.63786 2.70462 5.60379
