DATA/RAW-RASTER/ECMWF/20170628/EN-41/20170701.en-41.asc
ncols			31
nrows			16
xllcorner		69.5
yllcorner		19.5
cellsize		1.0
NODATA_value	-99999
0.06104 5.24902 9.53293 5.76782 3.58963 2.25067 2.22397 0.74768 0.66376 0.66376 1.65558 2.35367 2.38800 0.63705 0.72098 0.87357 2.01035 2.45285 2.38800 3.68118 4.01306 5.69153 2.67792 2.46429 2.07138 1.02234 3.89099 9.57870 13.05008 11.49750 0.96893
0.51880 1.00708 1.59454 2.54059 9.88388 4.59671 11.03973 7.80106 2.76947 1.31989 0.97656 0.99564 1.62506 0.94604 0.59891 0.46539 0.74768 0.76294 0.82779 2.09427 3.87192 9.44138 8.12149 17.96722 13.18359 11.02829 3.01361 8.41522 20.49255 15.47241 6.27899
0.19455 1.52206 0.72479 0.66376 9.87244 30.61295 8.68988 2.27356 2.39182 2.67410 2.67029 3.04031 3.63922 14.14108 8.53348 1.16348 1.92261 2.70844 5.81360 2.65121 5.65338 7.88498 5.06210 6.87790 20.32089 35.05707 20.42007 5.18036 6.99234 12.01248 15.43045
5.65338 1.36948 0.16022 0.00763 2.62833 13.68713 6.29044 5.58853 4.73022 1.85394 6.21796 2.64359 1.89972 4.25720 1.31989 2.92587 7.91931 1.85776 1.88828 1.69754 7.82394 9.69315 8.47626 12.16125 4.22287 9.77707 11.42502 7.37000 19.43970 15.31982 17.54379
7.91168 1.43433 0.00381 0.02289 4.29153 3.53622 67.37518 8.77762 13.19885 13.74054 1.44196 2.51007 0.99564 1.33133 1.57166 0.92697 0.11063 1.75476 0.90790 5.44739 9.86481 8.37326 6.34384 7.59125 3.70407 2.79617 2.45667 0.93842 9.45282 16.25443 13.32092
2.52151 3.60870 0.03433 0.23651 1.59836 3.01743 15.72418 24.82986 24.28818 9.09042 4.06647 6.07300 0.46921 1.04523 3.05939 3.95966 5.96237 1.57166 3.43704 3.71170 11.05499 11.28006 17.33398 8.22449 13.66425 9.51385 4.05121 0.76675 1.73569 2.00272 9.62448
0.42343 0.40054 0.51498 0.25558 1.43051 3.25012 12.73346 7.34329 9.68170 10.69260 8.21686 8.12912 9.12094 4.49371 1.63651 2.38419 1.17493 10.50949 8.60214 15.39993 3.39127 7.08008 10.74219 9.17816 9.30023 35.99548 33.07343 14.67514 5.40161 2.49481 2.48718
0.00381 0.75150 1.95312 1.37711 2.32315 13.29422 8.92258 1.54877 1.30844 3.87192 4.57382 3.26538 28.41187 9.09424 3.84140 7.84302 9.93729 0.56458 0.69427 5.68771 6.76346 10.82230 2.96021 24.61243 45.53986 60.50491 95.58487 30.39169 31.52847 7.85446 2.84195
0.00000 0.00381 1.33133 2.42996 22.30072 12.48932 2.26212 0.94604 2.12097 1.43814 1.34277 50.97961 14.93073 7.90405 20.10727 11.97433 9.26208 21.01135 65.99426 40.84396 33.76007 117.21802 119.88068 46.84448 5.18799 8.44193 55.51147 100.41809 129.79507 23.11707 4.92096
0.00000 0.00000 0.19073 19.87839 45.90988 35.57968 123.89374 1.21689 1.19781 0.25940 2.42615 8.61740 22.55249 20.97702 15.61737 14.14490 3.89862 7.82013 7.25174 14.72855 15.93781 5.76782 15.84625 3.04794 2.88010 10.17761 5.63049 3.27301 45.58945 29.09088 16.42990
0.16403 0.09918 4.68826 11.29913 8.04520 30.46036 26.11160 27.31323 33.52356 0.23270 1.75095 10.65445 15.45715 37.90283 50.84229 132.96127 10.19669 7.34329 6.54221 11.22284 8.58688 20.35141 34.40475 18.29147 13.35907 5.40543 0.96512 1.08337 16.41464 13.98087 10.26535
0.27847 0.41199 4.03595 25.42114 19.10019 27.36282 31.91376 21.17157 1.47247 0.09155 0.57983 2.89917 17.55524 46.20743 68.24112 2.12097 7.93839 6.95801 15.80429 6.84738 17.40265 3.84903 1.19781 4.10080 8.79669 1.87302 0.89645 1.60217 4.90570 13.30948 6.82449
0.71716 0.80109 4.79889 34.96933 30.44510 16.40701 2.41470 3.84521 1.25504 0.14496 0.38910 2.44904 9.68552 26.73340 6.24466 1.95694 2.11334 8.48770 17.72690 24.40262 13.13400 19.69528 5.63049 6.96182 8.72040 3.21960 0.90790 2.47955 11.20758 7.21741 4.20761
1.09100 1.43814 0.27084 6.78253 25.75302 15.45334 15.71655 11.31058 2.96402 1.49918 0.82397 0.14114 0.29373 1.15204 21.38519 12.02011 3.59726 4.05502 8.30460 27.52686 15.35797 21.31653 23.12851 36.73935 3.18527 0.74768 1.45721 2.26593 11.36780 9.61685 20.03479
4.95529 3.01743 1.75095 17.58575 7.24792 5.17273 1.65558 1.27029 0.57602 0.76294 0.83923 0.81253 0.36621 0.48447 14.82391 9.70459 2.76184 17.32254 28.19061 28.32031 32.62329 30.31540 64.66293 22.72797 6.30569 1.52206 2.28500 4.44412 5.26810 19.36722 10.82230
2.03705 2.95258 3.77655 11.01303 2.60925 2.50626 3.91769 4.61197 0.79727 0.36621 1.25122 1.99890 0.77820 2.88010 13.96179 3.73459 2.31171 2.99835 7.04956 29.52194 20.00809 20.39337 30.76553 43.80035 70.52994 3.45993 6.85120 5.38635 2.22015 3.73077 1.87302
