DATA/RAW-RASTER/ECMWF/20170628/EN-41/20170710.en-41.asc
ncols			31
nrows			16
xllcorner		69.5
yllcorner		19.5
cellsize		1.0
NODATA_value	-99999
0.68665 2.57874 9.97162 6.63757 1.12915 1.13678 0.25177 0.16022 0.09155 1.90735 1.50299 2.33459 3.86047 2.95258 2.21252 2.23541 2.34222 2.44904 2.63977 5.52368 6.95038 2.58636 2.46429 4.49371 6.72913 4.79889 3.31116 1.56403 2.67029 3.06702 3.74603
0.02289 0.92316 28.48816 22.84241 13.42773 0.25940 2.19727 1.76239 0.64850 1.15204 5.55420 2.55585 2.32697 2.99835 4.73785 4.53186 2.03705 2.00653 2.03705 2.55585 2.69318 6.93512 6.99615 5.53131 10.39124 9.46808 14.19830 13.16833 7.33185 5.48553 3.82996
0.25177 5.77545 11.39832 27.41241 50.99487 17.04407 14.10675 1.93787 5.48553 4.20380 4.40216 2.99072 1.67084 0.74768 1.62506 1.05286 1.17493 1.40381 5.40161 4.38690 4.50897 12.90131 17.29584 17.94434 18.06641 26.22986 10.39886 5.74493 4.95148 2.54059 3.40271
1.02997 1.32751 2.50244 3.02887 11.58142 28.50342 11.29150 7.13348 0.90790 0.08392 0.54932 0.46539 0.55695 1.12915 1.05286 1.21307 1.57928 1.47247 1.82343 12.35199 9.52911 18.87512 13.16071 18.99719 11.10840 8.01086 3.77655 5.58472 9.15527 13.17596 11.31439
0.35858 0.00000 0.00000 0.00000 0.35095 2.67792 5.74493 5.66101 14.57214 1.83105 0.05341 1.83868 6.84357 9.59778 5.75256 11.03210 18.85986 13.19885 5.83649 5.94330 5.90515 8.07190 15.75470 9.91821 6.85883 0.32043 0.54169 1.28174 7.17163 13.66425 10.85663
0.00000 0.00000 0.00000 0.00000 0.00000 0.01526 0.04578 10.04028 5.34058 25.42114 57.82318 17.84515 19.85168 5.18036 5.57709 12.29095 9.89532 7.27081 7.86591 7.46918 5.45502 14.20593 15.41138 14.51111 10.67352 16.55579 7.08008 0.65613 6.19507 5.31769 5.02777
0.00000 0.00000 0.00000 0.00000 0.00000 0.00000 0.60272 2.30408 6.40869 3.07465 3.03650 68.57300 36.77368 17.36450 4.16565 9.14764 14.09149 8.61359 31.36444 19.07349 13.18359 7.90405 4.44031 7.62177 18.41736 59.57794 25.22278 11.77979 3.27301 15.18250 6.35529
0.00000 0.00000 0.00000 0.00000 0.00000 0.00000 0.79346 3.05176 9.71222 4.35638 3.32642 36.17096 71.80786 89.60724 86.59363 39.33716 49.31641 12.16125 6.27899 6.84357 15.36560 22.47620 7.87354 47.19543 19.74487 12.45117 12.51221 22.96448 40.01617 12.77924 19.08875
0.00000 0.01526 0.00000 0.00000 0.00000 0.00000 0.00000 0.17548 2.34985 11.09314 25.36011 61.79810 85.30426 79.30756 51.98669 94.34509 7.39288 6.17981 15.89966 167.42706 59.70764 49.66736 54.10767 31.05927 18.95142 5.37109 23.37646 40.28320 16.40320 19.85168 15.92255
0.00000 0.03052 0.19073 0.64850 0.16785 0.00763 0.00000 0.00000 0.69427 6.19507 18.73016 13.28278 19.66095 18.41736 31.90613 8.63647 2.13623 6.96564 14.24408 15.12146 16.44897 21.98792 13.51166 6.05774 9.74274 17.59338 4.51660 3.53241 1.63269 5.87463 5.66101
0.18311 1.14441 1.02997 1.30463 0.09155 0.18311 0.53406 0.79346 1.15967 2.70081 11.42120 7.40814 10.68115 23.30017 48.46191 4.94385 1.41907 4.80652 13.99231 6.59943 18.13507 14.89258 10.36072 1.67847 2.41089 6.08826 3.76129 2.28119 2.02179 1.33514 1.59454
0.62561 0.90790 1.99890 4.61578 1.06049 0.48065 0.12207 0.63324 0.22888 1.33514 12.14600 14.96124 47.92023 4.16565 6.05011 4.27246 4.22668 6.07300 15.34271 13.15308 4.79126 1.83868 5.05066 15.82336 5.93567 1.41907 4.46320 9.68933 12.64191 6.31714 7.45392
1.77002 1.92261 2.67792 1.52588 2.31171 2.00653 0.41962 0.19073 1.74713 15.28931 35.27832 36.39984 21.30127 9.75800 34.25598 3.03650 6.03485 9.20105 8.95691 4.52423 5.69153 2.89917 1.83105 23.75031 2.73132 0.64087 4.16565 4.60052 5.00488 13.65662 12.77924
2.57111 1.58691 0.29755 1.35040 1.40381 0.76294 1.64795 1.83868 4.01306 16.79230 51.32294 39.57367 31.93665 21.88873 9.97162 2.18964 2.56348 16.55579 14.21356 12.26044 2.00653 6.01959 3.08228 13.90839 1.18256 0.64850 1.64032 2.28882 3.50189 4.61578 2.22778
5.92804 2.53296 1.67847 2.84576 5.22614 1.47247 0.62561 1.39618 13.71765 17.44843 142.70020 30.45654 18.60046 16.81519 13.33618 12.99286 9.35364 17.34161 21.00372 8.86536 7.36237 5.39398 2.75421 9.48334 7.56836 1.81580 2.98309 3.46375 11.79504 4.22668 12.67242
1.14441 2.17438 4.87518 7.71332 1.41907 2.54822 1.60980 1.72424 6.01196 27.62604 31.31866 23.49854 18.68439 32.18842 21.66748 42.33551 18.44025 2.92206 4.64630 8.51440 4.06647 9.52911 21.33942 24.73450 4.85229 6.28662 2.12097 1.25122 2.20490 3.04413 12.45117
