DATA/RAW-RASTER/ECMWF/20170628/EN-41/20170703.en-41.asc
ncols			31
nrows			16
xllcorner		69.5
yllcorner		19.5
cellsize		1.0
NODATA_value	-99999
0.06866 0.79346 7.17163 1.16348 4.29916 1.37711 1.44577 0.68283 0.25940 0.01526 0.16022 0.49591 2.06375 1.71661 7.83539 6.47736 4.64630 2.51007 2.70081 5.53131 14.34326 7.71713 4.15421 4.85611 7.41577 6.91986 0.34332 0.00000 0.00000 0.00000 0.05722
0.00381 0.00381 1.52969 2.08664 1.43051 0.01526 0.03815 0.12207 0.06485 0.01526 0.30899 2.05994 1.39618 1.81580 6.15692 9.49860 0.73624 1.91116 0.93460 0.77057 2.76947 7.90405 10.00977 13.23318 20.46204 12.45117 1.86539 0.36621 0.00763 0.03052 0.28229
0.50354 3.21579 1.15204 1.35040 1.27029 5.66483 2.06375 0.24414 0.03815 0.93842 2.25830 4.77600 2.67792 1.04904 3.13950 5.36346 5.08881 0.74005 2.02942 0.91171 5.11169 2.99835 6.19507 13.68332 20.55359 5.90134 0.57602 0.25940 0.12970 0.76294 1.07574
3.19290 0.75150 4.37164 2.93732 9.25446 6.80923 6.98090 12.38251 0.08774 0.05341 1.52969 1.25504 1.50681 7.88498 2.59018 3.88718 6.24847 3.97110 4.21143 6.05011 8.86536 6.82449 18.75687 15.83099 5.27573 0.44632 1.14822 0.69427 0.33188 0.12589 0.65231
5.29861 0.57602 16.54434 14.71710 10.55908 3.53241 4.09698 4.89044 18.15033 0.30136 0.72861 0.57983 1.25885 5.58853 4.09317 4.09317 8.17490 8.16727 12.65335 7.91550 6.37054 17.12799 10.12421 2.60925 0.54932 1.06430 0.54932 3.97491 0.77820 1.42670 0.83542
5.74875 0.01526 0.12970 0.74387 5.28717 4.53186 9.73511 7.19452 4.25339 9.76562 13.08060 4.56619 2.24304 1.37329 1.17874 3.09372 8.68225 8.84628 12.40158 10.73456 5.31006 9.32693 5.85175 7.61414 1.83487 4.53186 3.72314 1.13678 1.82724 7.01904 2.92969
0.00381 0.00000 0.00000 0.00763 0.15259 3.47900 4.17328 5.50461 5.16510 8.28171 12.23755 15.35416 7.99561 5.09644 0.74768 7.24411 6.40106 8.24738 9.40323 7.27844 5.19943 1.51825 3.65829 2.67792 9.26590 20.30182 5.98907 4.34494 4.26865 11.11984 8.14819
0.00000 0.00000 0.00000 0.00381 0.42725 1.15967 1.86920 8.72421 11.59668 9.10187 17.07077 14.96887 4.66156 5.41306 22.60590 12.56561 8.68225 0.65994 4.66156 2.36511 21.99173 10.49805 6.35147 33.24127 49.74747 15.44571 136.04355 14.27841 33.79822 11.68442 19.47021
0.00000 0.00381 0.01526 0.12589 0.11444 0.19455 3.56293 6.57654 20.11108 14.57214 11.79504 4.42505 3.84903 2.28882 2.67410 13.98468 9.78470 22.17865 27.00424 106.07147 33.86688 83.23288 199.03564 48.92349 31.05545 23.21243 14.35471 85.33096 39.48593 5.84412 22.49527
0.02670 0.44632 1.24359 0.93842 1.34277 0.17548 0.28229 6.00433 15.13672 18.66531 3.75366 3.00217 4.34494 3.42178 0.91171 3.26157 8.08716 12.72583 7.45773 7.20978 19.05441 18.11981 37.73117 55.03082 26.27945 17.93671 28.85437 28.24402 49.20578 7.02286 8.17490
0.82397 1.38092 1.89972 0.83160 0.02670 0.60654 0.43869 0.86594 2.58636 29.78897 34.36279 13.03864 1.62506 0.72098 1.82343 1.38092 0.38910 4.56619 5.44739 14.57214 29.38843 51.81885 45.74203 20.29419 8.43811 4.96674 3.53622 13.85880 34.89685 9.34219 13.70239
0.69046 1.32751 2.04086 3.92914 1.62125 1.48010 1.44958 2.26974 2.12860 6.13403 19.93179 35.93826 6.71005 0.73242 0.32806 1.82724 5.21851 16.42990 40.88593 28.08380 34.32846 41.53442 9.28497 6.48499 3.95203 5.15747 2.93732 29.84238 36.06415 24.58954 16.47949
0.95367 1.08337 0.25558 1.12152 2.76184 1.56784 1.32751 1.19781 1.36185 0.69046 16.37650 46.88263 5.38254 6.54984 1.88446 1.99509 0.11444 2.93350 5.52750 10.84900 21.17538 63.55667 40.21072 17.47131 5.82886 3.51334 5.45502 17.38739 28.27072 35.66360 18.31818
2.05231 2.53677 0.33188 0.94223 2.68936 1.30463 0.52261 1.45721 1.91498 2.29263 0.70572 1.25885 2.11716 7.70569 3.47519 1.96457 0.61417 1.23596 4.55475 2.48718 11.35254 27.81677 62.05750 59.67331 30.21240 9.94873 4.51279 10.53238 16.20102 28.37753 22.22443
1.66321 2.55203 3.38745 3.45993 5.14221 1.99509 2.17056 1.35040 1.23596 0.58746 6.66046 11.41357 8.28171 3.45230 0.40436 1.12915 0.03433 0.03815 2.13242 14.83917 5.18799 15.57541 40.66849 70.37735 23.36502 6.57654 11.67679 10.08987 12.90894 18.71872 16.65878
1.52206 2.68173 4.71497 5.79453 0.97656 2.09427 1.74713 1.65558 0.55695 0.82779 1.08337 3.13568 0.53024 0.20981 3.12042 0.53787 0.49973 1.24359 2.88773 9.22394 6.00052 9.30023 18.00537 24.50562 89.44321 5.08118 14.86206 11.21902 4.25720 16.76178 15.71655
