DATA/RAW-RASTER/ECMWF/20170628/EN-41/20170711.en-41.asc
ncols			31
nrows			16
xllcorner		69.5
yllcorner		19.5
cellsize		1.0
NODATA_value	-99999
4.34875 1.32751 7.79724 9.50623 8.36945 9.29260 11.34491 14.95361 7.23267 3.82233 6.78253 11.65771 15.02991 6.04248 4.34875 5.71442 7.89642 2.35748 1.59454 1.75476 0.61035 0.06104 0.01526 0.00000 0.00763 0.12970 0.28992 0.16022 2.27356 9.28497 8.85010
0.09918 0.69427 2.84576 73.38715 20.90454 14.67896 11.87134 4.36401 11.14655 3.90625 2.79236 1.39618 1.02234 1.52588 2.43378 3.15857 2.59399 2.58636 1.08337 0.32806 1.12915 0.15259 0.25177 0.09155 0.04578 1.58691 2.35748 5.30243 6.16455 8.02612 11.82556
1.40381 3.65448 7.47681 26.48163 51.94092 27.66418 8.81195 4.92859 0.87738 0.03815 0.59509 0.12207 1.25122 1.38855 3.81470 2.80762 2.54059 0.74005 0.34332 1.13678 2.97546 0.54169 0.01526 0.72479 0.48065 0.67902 1.67847 2.25067 1.90735 2.08282 6.07300
15.49530 2.01416 3.91388 22.51434 32.34100 32.18079 10.54382 7.32422 0.75531 0.06104 0.32043 1.39618 1.42670 2.09808 1.16730 4.09698 3.14331 3.92914 1.06049 1.54114 2.76947 3.06702 4.47083 4.26483 6.11877 1.43433 4.37164 2.79999 1.97601 4.73785 2.27356
9.77325 0.61798 2.46429 0.24414 5.96619 11.42883 1.28937 9.74274 9.29260 4.45557 2.16675 4.73022 14.73999 9.19342 7.34711 5.46265 3.48663 2.66266 2.17438 2.41852 5.80597 2.98309 4.49371 4.32587 5.01251 11.36780 2.06757 0.54169 0.54932 1.02234 1.65558
1.27411 0.30518 0.00000 0.00000 0.00763 0.93842 6.38580 1.02997 3.47900 35.01129 33.61511 48.75183 28.25928 10.11658 7.16400 3.70026 0.25177 0.59509 4.02832 2.35748 1.55640 12.94708 9.30023 6.79016 4.73022 13.36670 3.82233 0.24414 1.24359 5.96619 7.72858
0.00000 0.00000 0.00000 0.00000 0.03815 0.00000 1.38092 1.73187 4.56238 67.52777 240.89050 82.89337 32.61566 20.93506 5.14221 3.46375 2.02942 1.86157 1.94550 4.35638 6.79779 8.15582 9.91821 8.97217 6.47736 23.85712 20.58411 6.35529 1.87683 8.07190 6.14166
0.00000 0.00000 0.00000 0.00000 0.00000 0.00000 0.03052 4.04358 3.39508 8.58307 15.42664 20.66803 65.42969 73.60840 26.92413 29.51050 17.33398 2.83051 5.03540 6.46973 9.84192 11.01685 3.73840 17.14325 18.84460 5.53131 15.35797 5.58472 28.79333 5.00488 3.46375
0.00000 0.00000 0.02289 0.05341 0.25177 0.03052 0.16785 1.73950 8.22449 11.03210 12.76398 15.46478 25.81024 29.38843 8.27026 12.50458 8.34656 14.13727 19.34814 73.75336 40.64941 7.88116 6.72913 2.70844 1.53351 2.44141 4.52423 11.68823 9.45282 7.81250 6.69098
0.00763 0.12207 2.21252 2.11334 1.15967 0.38147 1.54877 2.49481 8.71277 19.62280 0.96893 6.98853 5.96619 2.54059 8.58307 9.36890 2.36511 1.77002 14.76288 5.79071 2.86865 11.05499 6.02722 8.63647 7.69806 4.51660 8.40759 14.09912 17.95959 0.64850 0.83923
0.55695 1.54877 1.20544 1.75476 0.38910 0.14496 2.17438 2.29645 4.93622 5.76782 2.76184 13.25226 2.95258 9.29260 0.92316 0.87738 1.80817 5.42450 5.90515 7.05719 16.45660 14.31274 24.43695 5.65338 1.15204 2.99835 11.34491 12.35199 8.68988 12.22992 2.30408
0.93842 1.02234 1.18256 4.18091 1.46484 1.22833 0.77820 12.51221 8.72040 37.79602 14.62555 9.01794 13.64899 1.86157 0.59509 1.58691 1.84631 1.93787 7.04956 6.30951 9.04846 13.37433 24.97864 5.26428 1.22833 1.53351 2.21252 6.72913 4.20380 4.47845 3.06702
1.45721 2.99072 1.64795 1.84631 6.37054 1.25885 1.23596 29.25873 10.20050 32.61566 38.92517 14.74762 4.98199 7.51495 3.38745 2.27356 1.93024 4.32587 3.25775 5.79071 2.27356 3.41034 5.90515 20.49255 2.32697 1.87683 3.12042 10.07843 11.95526 1.95312 2.64740
1.81580 2.29645 1.98364 3.84521 3.79181 2.34222 3.25775 59.98993 26.72577 61.95831 12.02393 14.71710 3.86047 1.35040 1.28174 3.00598 8.76617 9.34601 17.13562 9.68170 7.90405 6.60706 2.42615 19.54651 2.28119 1.38855 1.56403 3.63922 5.25665 0.97656 2.43378
4.24194 2.32697 2.00653 7.54547 6.97327 2.67792 13.51166 31.66199 81.28357 110.17609 15.90729 4.84467 3.50189 3.63922 0.67139 2.77710 10.25391 17.15088 12.65717 5.66864 7.35474 6.71387 3.43323 4.42505 7.34711 0.33569 0.45013 0.57983 0.80872 11.14655 5.98907
2.09045 2.40326 8.36182 28.13721 6.82831 9.66644 11.81793 19.18793 43.26630 57.64008 15.51819 6.05011 7.40051 5.50079 3.18146 4.84467 5.08118 10.62012 4.56238 4.89044 4.29535 4.66156 5.56183 22.14050 12.91656 0.67902 1.69373 3.21198 1.70898 1.63269 1.70135
