DATA/RAW-RASTER/ECMWF/20170628/EN-41/20170707.en-41.asc
ncols			31
nrows			16
xllcorner		69.5
yllcorner		19.5
cellsize		1.0
NODATA_value	-99999
1.28174 3.57819 1.10626 2.19727 2.73895 1.52588 1.60980 2.89154 0.60272 0.01526 0.06104 0.88501 1.21307 0.41962 1.15204 2.44141 7.88116 1.19019 1.99127 1.77002 1.53351 0.49591 6.12640 4.15039 0.21362 0.06866 0.53406 2.99835 1.39618 3.35693 3.04413
0.62561 1.15967 0.10681 1.80817 2.86102 0.07629 0.12207 0.40436 0.16022 0.00000 0.00763 0.00000 0.12207 0.23651 1.53351 1.35803 4.25720 0.70190 0.19073 0.03052 0.18311 4.05121 1.32751 0.01526 0.07629 0.81635 0.95367 0.38910 7.33948 5.10406 8.14056
2.03705 0.85449 0.42725 0.36621 0.96130 0.79346 2.21252 0.09155 0.01526 0.00000 0.00000 0.00000 0.01526 0.00000 0.33569 0.51117 2.18201 0.21362 0.09155 2.02942 2.50244 1.96075 0.09918 0.05341 0.04578 0.39673 3.02887 5.18799 6.55365 10.20813 9.55963
1.02997 1.35803 0.36621 2.46429 0.86975 0.86212 2.79999 3.47137 0.00000 0.00000 0.00763 0.16022 0.21362 1.29700 1.31989 4.32587 1.33514 0.19836 4.02069 4.45557 4.98199 3.09753 4.95148 0.32806 0.16785 0.19836 4.63867 4.94385 20.43915 12.16888 11.48224
3.30353 0.25177 0.35095 0.77820 5.47791 2.87628 1.25885 3.06702 2.43378 1.35803 0.00000 1.40381 2.29645 2.49481 8.72803 3.07465 2.31171 4.11987 5.54657 3.93677 6.95801 2.23541 2.90680 0.75531 0.99182 1.08337 1.63269 6.60706 15.05280 4.66919 3.10516
2.76947 0.00763 0.19073 0.01526 0.39673 0.88501 1.71661 1.22070 2.62451 7.06482 7.34711 8.09479 2.08282 1.42670 6.90460 11.85608 14.46533 8.89587 6.62994 16.83807 15.62500 20.08057 13.68713 7.88116 3.02124 13.33618 10.07080 9.76562 13.80920 9.23157 6.02722
0.22888 0.10681 0.51117 0.09918 0.05341 0.01526 0.37384 1.31226 2.84576 6.43921 7.63702 17.56287 12.30621 9.54437 3.18146 6.57654 4.19617 8.79669 7.74384 24.67346 26.30615 13.29803 14.25934 11.71112 14.04572 66.47491 31.89087 14.06860 14.60266 9.98688 7.54547
0.00000 0.00000 0.00000 0.01526 0.36621 0.32806 0.52643 0.00763 0.03052 0.18311 2.63977 33.95081 24.16229 64.70490 7.87354 43.82324 27.82440 7.71332 8.48389 9.30786 15.33508 25.28381 17.60101 26.19171 24.33777 46.69952 47.70660 23.04077 39.67285 11.00159 12.88605
0.00000 0.00000 0.00763 0.00763 0.16022 0.51117 0.57983 0.00000 0.12970 0.53406 3.04413 18.52417 54.89349 14.51874 13.34381 9.69696 13.68713 9.46808 119.21692 57.62482 103.07312 111.32050 15.46478 21.02661 8.65173 6.59180 32.44019 42.98401 68.33649 7.85828 8.88824
0.00000 0.13733 0.34332 0.50354 0.80872 0.46539 0.07629 0.02289 0.00763 0.32806 0.67902 5.85938 41.80908 72.47162 4.63104 7.30896 5.09644 7.16400 14.93835 16.31165 50.59052 17.72308 42.00745 11.80267 5.75256 20.05768 28.31268 44.28864 35.94971 8.06427 15.65552
0.57220 0.67902 0.95367 1.25122 0.22888 1.09100 0.42725 0.66376 0.17548 0.35095 1.29700 2.51007 2.76184 36.18622 15.73944 3.31116 6.00433 4.21143 6.39343 24.26147 26.34430 35.82764 45.12024 7.78961 12.96997 32.64618 23.19336 20.56122 24.75739 16.54816 10.06317
0.52643 0.74005 2.06757 3.25012 1.08337 0.66376 0.38910 0.35095 0.08392 0.69427 1.35803 1.64795 3.19672 2.73895 3.30353 3.78418 3.33405 1.16730 11.25336 28.90778 25.18463 7.05719 10.97870 5.67627 44.61670 21.66748 10.63538 16.42609 9.11713 5.56946 9.50623
1.41144 1.00708 0.46539 1.04523 1.93024 0.86975 0.96130 0.53406 0.06866 0.12207 0.55695 0.45013 0.27466 1.38855 1.59454 2.86102 7.07245 4.41742 4.04358 40.61890 40.81726 10.46753 2.17438 14.95361 21.98792 2.15912 0.77057 4.28009 9.26971 21.35468 11.87134
1.38092 1.77765 0.11444 2.33459 1.49536 1.53351 2.13623 2.64740 0.61798 0.03815 0.23651 0.06104 0.14496 0.51880 0.06104 0.93842 4.89807 10.42175 10.96344 43.86902 14.65607 20.17975 2.15149 12.26044 8.50677 1.06049 0.80109 8.46863 33.76007 26.64185 13.87024
1.53351 1.76239 2.94495 3.75366 1.78528 1.39618 1.48773 3.57819 1.09863 0.10681 0.16022 0.41962 0.68665 1.46484 1.58691 0.52643 1.24359 3.14331 18.99719 15.97595 8.23212 14.22882 16.21246 6.84357 3.28064 2.32697 2.84576 2.47192 18.92090 20.29419 6.02722
1.96075 3.11279 5.31769 6.11115 0.93079 0.64850 1.42670 1.49536 1.06049 0.81635 0.39673 1.69373 2.11334 0.88501 2.01416 1.14441 7.95746 4.92096 10.50568 7.62177 9.23157 7.40051 17.31110 20.85114 22.48383 13.87024 5.76019 14.45007 5.34058 4.93622 14.70947
