DATA/RAW-RASTER/ECMWF/20170628/EN-41/20170709.en-41.asc
ncols			31
nrows			16
xllcorner		69.5
yllcorner		19.5
cellsize		1.0
NODATA_value	-99999
0.00763 0.03815 0.09918 1.87683 1.08337 0.46539 0.47302 1.04523 0.53406 0.32043 1.14441 1.88446 3.92151 2.09808 1.99890 1.83105 2.11334 2.79236 3.43323 8.30841 3.13568 2.92206 1.17493 3.31116 7.30896 4.92096 1.90735 0.46539 0.78583 3.16620 11.81030
0.00000 0.00000 0.00000 0.07629 0.66376 0.01526 0.10681 0.09155 0.07629 0.33569 0.77057 0.15259 1.47247 3.60870 3.18909 4.44031 4.77600 2.22778 6.72913 11.48987 7.17926 3.54767 4.65393 12.04681 15.23590 3.87573 3.42560 5.59998 5.15747 8.56781 17.13562
0.00000 0.07629 0.00000 0.04578 0.76294 1.21307 0.63324 0.18311 0.00000 0.00000 0.49591 0.99945 3.85284 3.37982 3.63922 5.48553 16.22772 18.71490 6.24084 5.69153 9.56726 3.12042 2.59399 5.16510 9.36127 3.73077 10.20050 6.16455 14.42719 5.42450 19.53125
0.00000 0.00000 0.00000 0.03052 0.37384 12.03156 5.50079 19.31000 0.07629 0.00000 0.02289 0.05341 0.25940 4.67682 9.00269 8.41522 9.38416 6.44684 17.93671 15.19012 10.59723 4.26483 10.13184 13.65662 17.71545 4.47845 8.69751 14.83154 13.76343 17.50946 11.36780
0.01526 0.00000 0.00000 0.00000 0.04578 0.51880 5.42450 2.25830 1.60980 0.95367 0.09918 0.78583 1.17493 5.23376 8.27789 8.90350 14.28986 6.24084 5.94330 9.03320 5.86700 9.26208 30.62439 10.16998 5.22614 4.13513 1.39618 12.14600 8.61359 4.45557 12.39014
1.12915 0.00000 0.00000 0.00000 0.00763 0.15259 0.39673 4.88281 5.59235 13.11493 41.33606 22.23969 9.66644 3.90625 4.97437 6.47736 8.89587 4.31824 2.49481 1.25885 1.12152 13.99231 9.03320 16.31927 7.30896 13.90076 8.66699 3.30353 7.04193 15.16724 6.27136
0.00000 0.00000 0.00000 0.01526 0.03052 0.00000 0.00000 0.32806 1.64032 9.65881 20.64514 57.13654 40.40527 14.85443 2.79236 10.58197 8.92639 4.61578 3.26538 0.81635 1.54877 2.85339 12.41302 8.88824 14.19830 46.46301 28.05328 9.91058 2.28882 15.22064 7.43103
0.00000 0.00000 0.00000 0.00000 0.00000 0.00000 0.00763 1.51062 1.46484 6.08063 8.66699 9.82666 8.18634 14.51111 16.70074 35.03418 20.62225 6.64520 3.06702 1.77765 5.90515 20.43915 6.84357 23.75793 34.68323 33.08105 29.16718 14.73236 26.09253 15.33508 23.98682
0.00000 0.00000 0.00000 0.00000 0.00000 0.64087 0.90790 2.27356 3.33405 9.31549 38.15460 45.82214 18.39447 20.32471 14.96124 154.86145 53.93982 42.70172 32.91321 82.46613 44.17419 93.96362 62.60681 26.35956 24.44458 25.64240 51.30005 22.41516 29.82330 7.91931 2.89917
0.00763 0.01526 0.01526 0.01526 0.08392 0.00000 2.12860 9.58252 8.95691 9.55200 14.43481 24.17755 14.45770 16.17432 15.64026 13.79395 0.86975 15.28168 38.58185 5.89752 20.00427 14.02283 29.15192 7.62939 22.84241 17.53998 13.05389 14.41956 14.34326 5.50079 9.20868
0.52643 1.02997 1.17493 1.10626 0.01526 3.07465 2.37274 5.94330 9.75800 2.94495 9.78851 16.92200 26.93939 11.29150 5.35583 0.97656 0.59509 2.02179 3.93677 21.62933 13.93127 12.79449 34.03473 10.62775 4.58527 21.83533 15.09094 7.49207 5.56183 3.57056 12.19177
0.46539 1.31989 1.67084 1.44958 0.52643 1.95312 7.17926 16.92963 4.55475 4.19617 2.28119 2.60162 4.15802 5.50842 0.30518 1.11389 1.11389 1.38855 8.81195 18.36395 24.92523 11.66534 3.25775 11.65009 13.54980 9.63593 2.05994 8.70514 7.56073 5.79071 11.19995
0.45776 1.25885 1.38092 2.25830 2.55585 1.64032 1.17493 2.83813 6.82831 3.37219 5.53131 2.80762 2.10571 2.13623 1.62506 0.97656 7.31659 5.59235 21.12579 35.25543 11.63483 24.63531 14.85443 16.95251 7.26318 1.15204 0.15259 4.48608 2.21252 1.83105 3.28064
2.83051 1.42670 0.44250 2.88391 4.12750 1.15204 1.39618 6.90460 3.64685 2.41089 6.27899 2.49481 4.39453 11.94763 6.75201 8.39233 9.97162 4.05121 29.70886 55.64880 28.51105 15.32745 11.94763 11.63483 5.04303 0.19073 0.44250 1.47247 3.73840 3.12805 6.79779
3.01361 0.64850 1.35803 2.44904 2.02179 0.99945 0.29755 5.16510 3.26538 4.89807 6.66809 5.99670 6.95801 34.76715 15.96069 11.44409 3.21960 29.66309 17.28058 15.14435 24.91760 7.46918 9.09424 23.41461 1.39618 0.84686 5.65338 1.46484 5.36346 0.80109 8.32367
2.76184 3.53241 9.03320 11.89423 0.57220 1.02234 3.05176 1.12152 7.46155 17.18903 18.02063 12.70294 19.53888 18.42499 16.41083 7.49207 20.46204 6.46210 13.69476 13.32092 10.24628 5.41687 5.82886 12.19940 6.08063 6.91223 8.72040 3.45612 0.56458 0.69427 2.42615
