DATA/RAW-RASTER/ECMWF/20170628/EN-41/20170628.en-41.asc
ncols			31
nrows			16
xllcorner		69.5
yllcorner		19.5
cellsize		1.0
NODATA_value	-99999
3.39699 6.53267 7.74574 27.35138 26.90887 12.78114 7.04575 11.22475 1.51062 0.08392 2.29263 7.94029 13.62991 10.22530 4.37737 6.17027 4.65965 7.55119 5.60760 8.27789 4.08554 0.96703 1.18446 0.92125 0.70381 0.89645 0.70190 0.37956 0.84877 0.51880 3.26538
1.72997 4.74167 27.41623 71.87843 21.83151 14.49776 9.67407 2.08092 3.80516 1.96075 2.61116 4.79889 4.52805 8.63457 4.57573 5.17654 6.29044 1.91116 4.94576 0.31281 0.62752 1.26648 2.00653 0.72479 2.15149 0.53596 0.57411 0.80490 1.01089 0.39101 0.32997
49.06273 16.76559 35.77232 8.11195 30.34019 28.05328 23.46420 7.95746 6.89125 3.25966 1.18065 2.24304 3.19672 1.86920 3.44658 3.41606 6.90842 12.10403 5.71060 2.63405 3.56865 4.58527 4.11415 12.46262 1.84631 1.05476 2.01988 0.84305 1.37138 1.58310 0.61989
12.29477 18.23425 24.01352 7.03812 9.37271 14.93835 12.27379 50.53520 11.00540 0.81635 1.97792 1.44577 1.88255 2.90298 5.40924 3.45612 1.92261 9.03702 7.64656 5.79834 5.81932 7.51877 6.65283 10.05363 3.80898 0.00000 2.04086 0.66948 1.11008 1.04332 3.25775
15.31601 20.18166 9.99069 17.21001 63.49754 34.29604 6.97517 13.27705 12.91466 3.34740 0.48256 2.44713 1.91498 1.37711 3.11279 8.16154 3.99971 6.19507 8.10242 5.00488 5.06592 11.86562 5.85747 4.58717 4.92477 2.47574 2.42996 1.77002 1.71852 0.73814 7.93457
37.75024 37.28485 17.89665 24.52660 25.27809 26.77155 33.05244 9.23157 7.68661 13.71765 27.83394 2.86674 1.78909 1.25122 1.36948 3.11852 11.33919 24.12415 11.61003 7.60460 4.06837 4.96864 7.72285 7.04384 20.11681 14.66560 0.95558 1.57166 3.83186 13.67378 15.59067
8.87108 21.49963 6.12450 14.14490 5.69725 19.07730 35.27451 24.02115 13.85689 9.76181 10.48660 31.17561 7.58934 6.39343 2.66647 2.75421 2.32887 8.96072 8.54111 5.88417 4.93240 5.40161 13.29422 5.17273 7.57027 15.58113 5.73158 4.61578 1.14632 6.74629 5.86700
28.27835 114.29787 1.40572 16.44897 10.25581 28.18298 22.56584 19.16504 26.55602 17.81273 7.49207 1.53542 0.00000 6.19698 4.59480 0.93651 9.70650 0.14114 0.16403 1.99318 1.17874 14.93263 2.74658 25.37918 64.52942 12.03346 14.62173 27.95219 28.00751 9.03320 8.49915
25.36583 19.37103 21.89255 5.01251 4.03214 3.44086 28.86009 14.35661 25.92850 19.35959 9.45473 2.79999 1.25885 1.68800 1.34850 1.11198 0.87357 4.65584 10.10513 19.60182 10.49805 17.62581 14.51302 12.83073 2.74086 10.60677 17.36832 13.03101 17.38930 9.90105 4.97055
7.95937 1.27411 3.03078 3.52097 3.74603 19.67812 5.65147 16.00838 21.01707 53.75862 5.15366 3.11089 6.43921 0.68855 0.31090 0.17357 0.93079 3.89290 9.22966 6.74629 28.04565 11.77406 19.73915 4.70924 2.96402 11.48033 19.44351 52.22321 7.15637 1.66893 9.76562
0.91553 1.84822 3.02887 0.60463 2.54631 1.70135 3.22342 7.87544 14.58931 30.68542 37.33253 13.73100 14.10103 4.65012 0.46539 0.60463 0.68092 1.40572 4.94003 1.46103 6.85120 6.84738 47.67799 66.92314 15.82527 35.35080 9.59396 9.02367 6.25610 8.54111 9.65691
12.10594 1.12915 5.14030 8.35037 5.65720 3.51143 1.03569 4.22287 4.76837 8.33321 8.09860 12.00104 12.34245 9.56917 4.04358 1.14441 2.61307 6.89125 4.96674 5.12695 2.93922 4.16756 22.57538 21.94786 10.53238 10.98633 21.83533 13.97324 18.46313 3.49617 12.65717
14.66179 1.51634 2.27356 2.58446 8.57544 2.53487 8.76236 2.28500 5.94711 1.59454 11.36398 24.00398 22.50481 8.32558 10.47707 4.14276 5.44167 16.46996 7.85446 10.03456 6.44875 2.86102 7.34711 6.54030 12.03728 5.14221 11.82938 10.08034 26.92604 4.30489 13.46588
14.82582 12.08496 3.70216 21.28601 14.01329 0.67520 10.25772 7.70378 4.36974 4.73785 16.81709 17.01927 16.44707 43.06412 40.31181 19.31381 4.83513 8.61740 6.30760 2.79427 2.87247 9.11903 1.46103 41.20445 5.30434 0.33379 3.63731 7.73048 14.98795 6.39915 8.13103
31.60858 14.45198 21.62743 69.23866 17.60674 13.84926 4.49753 3.18146 3.10707 4.96101 3.61443 1.26648 11.70921 20.75005 18.56422 23.38028 7.49207 6.00243 2.20490 3.28827 4.04549 4.01878 16.46233 26.06964 23.21053 0.19836 10.44846 35.31837 3.66211 12.63237 10.74791
8.19206 24.86801 15.77950 23.87810 7.98798 4.10271 6.19698 10.68306 3.87764 5.49889 2.39563 2.42805 6.50597 50.39787 80.21927 46.51642 109.62105 26.89552 6.59561 4.13895 3.79181 5.29289 6.61278 11.73973 52.12402 2.00272 2.36893 6.55365 1.30081 0.77820 3.55148
