DATA/RAW-RASTER/ECMWF/20170628/EN-41/20170704.en-41.asc
ncols			31
nrows			16
xllcorner		69.5
yllcorner		19.5
cellsize		1.0
NODATA_value	-99999
0.00763 0.01526 0.17548 0.35858 2.25830 0.45013 2.44904 1.40381 0.78583 0.21362 0.22888 1.04523 2.79236 4.03595 3.14331 1.15204 1.15204 0.93079 5.94330 8.91876 0.88501 2.09045 0.42725 2.53296 3.83759 8.06427 4.75311 5.03540 6.56128 4.81415 2.60925
0.00000 0.00000 0.04578 0.26703 1.98364 1.62506 0.30518 0.69427 0.92316 0.12970 1.40381 0.52643 1.19781 2.81525 1.52588 1.79291 7.78961 3.45612 8.24738 6.08063 6.83594 2.05994 1.24359 1.09100 2.27356 3.79181 8.93402 9.84192 9.31549 5.02014 4.70734
0.00000 1.61743 0.55695 1.08337 0.93842 2.38800 3.18146 2.58636 0.64850 0.09155 0.51117 0.36621 0.99945 1.76239 0.93079 1.05286 3.24249 2.70081 7.63702 4.33350 5.82123 5.18799 2.81525 1.12152 4.50134 8.46100 6.00433 6.21796 14.86206 14.49585 13.75580
2.72369 0.20599 0.19836 1.28174 0.42725 0.57983 2.41852 5.66864 0.12970 0.09918 0.00763 0.06104 0.71716 4.57001 4.69208 7.41577 8.14819 7.82776 3.88336 4.09698 4.73022 6.43921 4.71497 9.06372 10.68115 4.72260 7.15637 8.08716 14.22882 14.31274 9.63593
6.65283 0.22888 0.64087 0.38910 7.54547 4.98199 0.89264 2.16675 0.80109 0.15259 0.05341 0.82397 2.99835 6.33240 6.79779 11.71112 6.80542 10.33783 7.42340 10.96344 10.89478 11.40594 8.34656 6.66046 1.94550 0.50354 1.19781 4.02832 1.77002 4.06647 7.08771
4.72260 0.45776 0.02289 0.01526 0.18311 1.89972 7.08008 4.83704 4.78363 6.31714 9.94110 4.92096 8.81195 1.73950 2.73895 7.25555 7.99561 11.15417 5.33295 3.38745 6.95801 10.54382 13.16833 11.57379 5.65338 8.22449 9.75800 0.47302 0.78583 1.03760 6.29425
0.06866 0.00000 0.36621 0.00000 0.12207 1.32751 2.02942 1.27411 1.82343 3.37982 6.04248 11.93237 19.27185 7.01904 7.05719 2.14386 1.19781 4.79126 5.77545 6.06537 13.03101 5.42450 3.47900 4.93622 10.62775 24.63531 14.97650 4.69971 1.25885 1.77002 6.59180
0.00000 0.00000 0.00000 0.00000 0.02289 0.25177 0.56458 1.43433 2.42615 0.70190 2.25830 9.46045 12.81738 21.43097 59.95178 9.10187 24.31488 19.21082 1.40381 6.72150 18.53180 13.78632 5.72205 26.92413 57.35016 8.96454 45.37964 4.27246 2.15149 5.88989 7.86591
0.00763 0.00000 0.10681 0.40436 0.12970 0.05341 0.43488 0.61035 0.87738 2.22015 5.35583 5.85175 8.45337 7.59125 26.39771 13.63373 66.71906 40.01617 44.15894 98.21320 131.49261 77.71301 27.81677 51.00250 22.10999 16.25061 28.45764 10.99396 20.38574 4.57001 8.46863
0.10681 1.31226 1.73950 1.67847 2.24304 0.07629 0.12970 0.25177 0.43488 2.76184 3.58582 6.38580 10.43701 16.52527 55.89294 36.55243 41.54205 18.60809 10.64301 9.92584 23.39172 15.86151 12.07733 14.31274 22.02606 23.69690 42.96112 59.64661 108.00171 11.30676 1.72424
0.80872 1.38855 2.63214 1.38855 0.27466 0.45776 0.22888 1.41144 0.12207 2.44141 5.74493 17.39502 93.60504 42.79327 19.51599 9.65118 10.13184 11.12366 2.42615 31.70776 30.83801 35.47668 37.30011 22.77374 10.21576 24.02496 11.74927 18.76831 34.49249 39.68811 4.52423
0.56458 0.89264 2.73895 5.02777 1.96075 1.75476 1.11389 3.58582 1.15204 1.54114 10.55145 49.42322 115.24200 118.27850 40.94696 8.99506 6.35529 2.15149 7.17926 25.34485 31.99768 43.67828 24.79553 11.94000 9.35364 15.52582 14.67133 28.61023 14.99176 28.87726 13.84735
0.91553 0.85449 0.41199 2.14386 2.67029 2.41089 0.75531 0.54932 0.86212 1.19019 1.11389 16.05988 50.17090 19.76013 2.17438 6.41632 6.66046 3.48663 7.51495 11.62720 50.10986 60.68420 60.86731 29.12903 7.72858 4.92859 13.74817 34.52301 21.08002 42.26685 27.24457
1.75476 1.96075 0.19836 0.51117 3.77655 0.44250 0.99945 0.97656 0.42725 0.06104 0.61035 1.16730 3.74603 4.70734 5.79071 4.86755 2.27356 11.09314 9.46808 16.84570 48.74420 45.25757 121.87195 67.35992 1.62506 3.33405 9.40704 17.94434 16.76941 15.09857 26.53503
3.63922 1.96838 2.81525 3.60107 5.85938 1.41144 1.15204 2.31171 1.80817 0.53406 1.50299 0.22125 0.36621 0.49591 0.16785 0.38910 1.82343 0.88501 8.91876 17.82990 8.20923 24.68109 66.07056 101.62354 54.71039 7.20978 14.63318 14.76288 3.22723 46.67664 22.55249
2.45667 4.99725 4.31061 6.93512 1.12915 1.77765 2.99072 1.25885 0.67902 0.48828 0.41962 0.85449 0.03052 0.30518 1.49536 0.48828 1.31226 0.29755 2.26593 7.59888 12.02393 15.76233 45.73059 40.48920 90.80505 12.49695 19.35577 128.05176 23.13995 9.43756 5.55420
