DATA/RAW-RASTER/ECMWF/20170628/EN-41/20170708.en-41.asc
ncols			31
nrows			16
xllcorner		69.5
yllcorner		19.5
cellsize		1.0
NODATA_value	-99999
0.16785 13.02338 0.10681 0.10681 0.61798 0.00000 0.64850 0.03815 0.13733 0.00000 0.00763 0.03815 0.09155 0.18311 0.57220 1.05286 0.69427 0.51117 5.57709 8.29315 6.53076 4.93622 2.12860 2.65503 5.18799 2.93732 4.44794 1.51062 2.13623 1.13678 20.14160
0.27466 0.80109 0.26703 0.19836 0.35858 0.00000 0.00000 0.03052 0.00000 0.00763 0.00000 0.00000 0.03815 0.32043 1.00708 1.96838 1.99127 1.90735 2.30408 1.15967 1.47247 13.12256 19.70673 7.30896 10.18524 14.30511 14.34326 6.02722 6.74438 15.48004 8.17871
0.15259 0.51117 0.09918 0.46539 0.54932 1.67084 0.00000 0.02289 0.00000 0.00000 0.00000 0.05341 0.00763 0.00000 0.79346 0.47302 0.22888 0.80109 2.18964 11.83319 7.48444 5.05066 21.82007 11.50513 8.78143 10.62775 10.52856 11.84845 23.25439 8.21686 12.26807
0.00000 0.00763 0.50354 0.49591 0.16785 0.97656 2.58636 12.37488 0.00000 0.00000 0.00000 0.00763 0.00000 0.68665 0.53406 1.98364 0.77057 1.35803 8.96454 5.26428 1.77765 1.34277 3.25775 11.21521 9.92584 10.23865 19.53888 17.37976 16.89911 15.89203 11.19232
0.23651 0.09155 0.09155 0.00763 0.11444 1.93024 1.29700 2.22015 1.08337 0.00763 0.06866 0.00763 1.16730 1.63269 0.38910 0.70953 5.73730 11.62720 4.57764 1.64032 0.21362 1.31989 5.81360 1.38092 4.15802 12.04681 12.10022 13.06152 11.61194 16.92200 23.95630
0.08392 0.00000 0.00000 0.00000 0.04578 0.36621 3.86047 2.76947 2.66266 5.84412 8.27026 0.95367 1.59454 0.36621 2.21252 12.91656 10.65826 20.71381 5.63812 1.83105 1.10626 1.08337 3.19672 9.52148 7.62177 18.32581 12.69531 9.00269 8.57544 24.90234 28.00751
0.00763 0.00000 0.00000 0.06866 0.00000 0.15259 0.49591 0.86212 2.60162 3.41034 9.58252 9.06372 24.08600 1.72424 7.42340 9.12476 18.65387 30.53284 15.28168 15.74707 4.82941 1.42670 3.47900 7.57599 8.88062 37.54425 33.56171 14.23645 8.60596 14.09912 18.45551
0.00000 0.00763 0.00000 0.27466 0.00000 0.38147 1.00708 1.15967 3.47900 8.30078 9.36127 21.30127 29.93774 35.74371 19.31000 11.84845 33.34045 34.56879 27.67181 10.40649 13.03864 12.00104 3.69263 13.00049 19.71436 11.72638 34.61456 15.14435 41.71753 10.05554 6.69098
0.00000 0.00000 0.00000 0.01526 0.33569 0.91553 2.45667 1.80817 3.65448 13.34381 21.89636 24.81079 203.98712 17.55524 5.59998 50.32349 37.57477 30.16663 27.45056 43.15948 67.54303 54.11530 59.15833 58.21991 7.24792 7.88879 48.52295 43.13660 26.90125 4.41742 1.50299
0.00000 0.61798 0.03815 0.92316 0.96130 0.89264 0.34332 3.76892 2.04468 9.68933 7.63702 13.28278 31.88324 73.47870 9.83429 12.27570 24.52850 38.21564 33.53882 18.95905 26.64185 28.24402 45.41016 14.28223 2.93732 23.53668 54.70276 14.35089 27.22931 6.88934 3.04413
0.64850 1.02234 0.98419 1.28937 0.43488 0.60272 0.17548 0.79346 0.05341 0.01526 0.38147 0.36621 7.13348 5.11932 2.03705 7.78198 11.79504 22.70508 38.40637 44.75403 18.87512 24.38354 31.86035 7.24030 5.03540 19.64569 5.06592 7.90405 12.71057 9.52911 11.55853
0.40436 0.34332 1.51062 2.52533 0.67902 1.08337 0.57220 1.57166 0.41199 0.83923 0.29755 0.22888 0.38910 0.55695 1.24359 19.18030 12.07733 16.24298 22.55249 22.51434 8.43811 5.66864 5.65338 2.77710 23.85712 10.79559 4.39453 4.14276 4.49371 6.34003 2.02942
0.47302 0.90027 0.78583 0.70190 1.55640 2.12097 0.22125 0.53406 3.12805 0.77057 0.86975 0.54932 0.24414 4.51660 8.73566 3.29590 2.34985 31.21185 24.22333 60.29510 21.64459 18.53180 7.25555 7.30896 26.13068 7.49969 0.87738 3.50952 12.45880 12.35199 8.09479
1.25122 0.93842 12.53510 3.02887 2.31934 2.09808 1.67847 1.17493 1.22833 1.83105 3.65448 0.83923 0.24414 0.35858 0.64087 1.22070 1.02997 4.79126 13.93127 26.91650 15.78522 26.40533 8.00323 6.47736 11.57379 2.28119 1.42670 6.72150 15.45715 10.37598 4.96674
2.20490 3.08228 2.15912 2.66266 1.98364 0.94604 0.96893 3.02887 0.91553 3.53241 2.24304 0.92316 0.36621 0.06866 0.00000 0.41199 2.09808 15.44952 9.11713 16.51001 16.53290 16.63208 22.16339 6.97327 9.73511 1.96075 1.77765 5.98145 12.04681 10.49042 9.15527
1.84631 3.17383 12.24518 12.67242 1.61743 2.14386 1.91498 3.28064 3.39508 7.49969 6.88934 1.03760 1.06812 0.42725 0.19836 0.06866 4.53949 5.30243 24.50562 14.32800 12.09259 22.17102 32.28760 28.64838 18.07404 9.40704 6.87408 1.71661 14.32800 4.23431 6.63757
