DATA/RAW-RASTER/ECMWF/20170628/EN-41/20170712.en-41.asc
ncols			31
nrows			16
xllcorner		69.5
yllcorner		19.5
cellsize		1.0
NODATA_value	-99999
2.60162 3.12805 1.41907 2.77710 6.04248 6.82068 3.45612 5.70679 10.44464 7.28607 8.00323 8.13293 4.60052 2.73895 3.99017 1.73950 3.97491 1.37329 1.50299 2.05994 3.86047 3.70026 11.71112 15.09094 16.89911 19.04297 21.41571 7.47681 2.31171 0.51880 0.47302
0.52643 1.16730 0.32806 6.25610 4.05884 1.71661 4.25720 2.93732 6.01196 2.50244 3.33405 2.85339 5.94330 2.28882 8.00323 6.14929 4.04358 2.09045 2.92969 4.59290 7.99561 3.25775 10.41412 10.65826 5.78308 4.11224 6.48499 2.15149 0.43488 0.03815 0.33569
1.63269 0.19836 0.04578 0.38910 39.75677 22.63641 5.40924 2.70844 0.77057 0.28229 1.77765 0.80872 0.67902 1.06049 1.05286 1.12915 1.83105 2.19727 1.38855 3.30353 8.91113 8.27789 3.05176 5.17273 3.17383 3.50952 2.37274 2.74658 0.62561 0.40436 0.48828
4.99725 0.19073 0.24414 2.43378 10.57434 6.36292 2.46429 5.08118 7.46155 5.18036 5.62286 1.99890 0.58746 0.73242 1.38092 0.70953 1.14441 5.45502 2.09808 1.91498 3.80707 7.40814 2.54059 4.09698 0.64850 0.44250 0.91553 0.60272 1.79291 1.44196 0.59509
1.89972 1.02997 4.55475 4.47083 2.50244 6.08063 6.35529 45.99762 28.59497 34.70612 19.37866 7.85828 2.51770 0.43488 2.03705 3.68500 2.79236 8.57544 5.57709 9.74274 3.18146 2.57111 1.46484 1.12915 0.18311 1.13678 0.12207 2.61688 9.06372 13.43536 11.57379
4.64630 1.43433 3.15857 2.84576 4.66919 0.15259 17.09747 33.27179 91.59088 64.34631 17.61627 9.55200 7.30133 1.06812 7.45392 5.98145 9.30023 8.26263 12.16888 7.17926 7.01904 4.27246 3.87573 2.02179 0.88501 2.66266 2.34985 7.73621 5.98145 1.68610 8.11768
0.16022 0.45013 0.06866 0.13733 2.05231 0.91553 0.72479 2.92969 51.29242 70.01495 48.40088 21.48438 7.52258 5.62286 1.67084 7.40814 8.52966 5.63812 3.16620 4.60815 5.98907 3.28827 7.97272 2.05994 5.69153 2.40326 0.62561 4.18854 2.01416 7.09534 10.23865
0.00000 0.00000 0.00000 0.03052 11.30676 2.96783 0.56458 10.54382 18.84460 14.04572 4.10461 15.68604 0.46539 11.17706 12.03918 9.78851 13.64136 1.02234 3.14331 3.01361 4.11224 9.95636 1.59454 13.14545 18.49365 7.28607 2.67029 0.54169 8.94165 5.27954 3.59344
0.00000 0.00000 0.01526 0.16785 5.76019 4.09698 14.13727 2.48718 8.01086 3.79944 2.70081 1.16730 0.76294 1.77765 4.33350 5.33295 1.68610 3.59344 9.88770 19.47021 9.78088 5.09644 9.07898 3.50189 6.19507 14.10675 6.02722 8.52966 16.09039 1.41144 0.38147
0.00000 0.11444 0.55695 1.19019 7.18689 13.51929 6.53076 8.39233 7.94983 5.60760 11.98578 1.27411 1.04523 1.88446 1.97601 1.17493 0.88501 3.79181 10.49042 8.95691 8.59070 11.06262 18.17322 12.46643 4.95911 9.36127 4.53949 4.00543 8.22449 0.70953 0.95367
0.41199 1.47247 1.15204 1.86920 7.94983 17.17377 18.05878 13.82446 19.95087 1.34277 1.38855 11.96289 2.99835 3.11279 2.31934 1.20544 1.12915 2.08282 3.18146 1.48010 10.18524 11.97815 25.74158 17.19666 3.17383 1.13678 6.46210 6.53839 0.89264 0.41962 0.94604
0.99945 1.32751 4.97437 12.97760 6.94275 9.75037 21.82770 3.34930 2.62451 2.92206 4.39453 6.98090 4.21906 0.94604 0.48828 1.93787 2.03705 5.05066 3.50952 23.60535 2.18201 1.19019 7.98035 28.90778 3.58582 3.86047 9.21631 20.55359 2.10571 1.70135 1.01471
1.08337 2.90680 3.70026 10.58960 14.26697 22.15576 37.62817 9.69696 0.24414 2.22778 5.08881 20.19501 16.60919 6.20270 5.63049 2.92969 7.69806 8.49152 2.85339 5.38635 4.25720 2.71606 8.96454 14.56451 2.31171 3.82996 5.08881 13.72528 2.04468 9.80377 2.77710
1.07574 1.04523 4.64630 16.31165 31.79932 78.59039 63.00354 34.72137 1.31226 3.90625 23.61298 13.87024 36.52191 5.83649 16.82281 2.85339 1.63269 5.53131 11.92474 6.75201 4.39453 11.55853 6.80542 63.96484 4.79889 0.99182 6.34003 7.54547 1.79291 7.94220 1.44196
4.63104 1.27411 3.73840 16.67023 11.49750 2.73895 10.23865 13.51166 3.65448 3.89862 22.89581 45.84503 18.70728 24.91760 49.32404 13.58795 7.06482 6.14929 9.91058 6.72913 11.82556 7.27081 22.04895 27.07672 45.64667 1.22833 3.86047 3.51715 2.20490 13.62610 6.79779
5.33295 4.44794 5.69916 18.19611 4.02832 4.69208 2.47192 5.76019 3.92914 7.47681 16.96777 115.93628 19.44733 8.12531 25.64240 22.23206 15.90729 3.21198 4.95148 7.33948 5.24139 7.01141 8.65173 13.68713 32.73010 9.93347 6.63757 1.70135 0.52643 4.20380 6.30188
