DATA/RAW-RASTER/ECMWF/20170628/EN-34/20170712.en-34.asc
ncols			31
nrows			16
xllcorner		69.5
yllcorner		19.5
cellsize		1.0
NODATA_value	-99999
2.77710 5.59235 5.70679 6.81305 6.26373 6.05774 5.31769 8.13293 2.11334 0.35095 2.81525 2.67792 2.02179 0.84686 2.05994 2.63977 1.77765 0.44250 1.97601 3.54767 2.21252 3.62396 2.47192 1.51825 0.90027 3.82233 1.57928 1.58691 0.21362 0.43488 0.86975
0.24414 2.62451 1.20544 6.49261 4.66919 3.41034 2.94495 0.60272 4.50897 2.29645 1.93024 1.19781 1.53351 2.27356 2.40326 2.96021 3.18146 5.36346 4.18091 3.56293 3.57819 8.18634 4.47083 8.23212 5.56946 8.17871 8.46863 7.08008 4.08173 1.02997 0.25177
2.12097 0.77820 0.54169 5.53131 13.65662 7.73621 3.92151 1.51825 1.26648 0.32806 1.15204 2.93732 0.83160 2.72369 2.80762 6.35529 4.31061 3.11279 4.37164 7.64465 3.34930 2.24304 5.77545 6.51550 5.50079 8.89587 10.79559 13.67188 6.36292 8.09479 6.02722
4.08936 0.29755 4.78363 17.36450 16.57104 4.69208 1.63269 3.70789 4.89807 1.54114 4.60052 5.10406 5.58472 2.09808 3.58582 5.14984 8.21686 9.43756 5.27954 9.94873 3.66974 4.32587 6.54602 9.75800 15.09094 3.34167 4.94385 10.13947 10.91003 11.73401 5.61523
7.86591 5.74493 2.48718 0.11444 0.16785 1.61743 1.97601 1.86920 17.73071 15.31982 5.55420 6.44684 4.95911 2.25830 7.11823 1.79291 2.22015 6.31714 8.70514 5.18036 14.90021 5.66864 6.54602 5.21088 6.72913 1.34277 1.29700 0.53406 3.82233 8.10242 9.62067
1.54877 0.71716 0.00000 0.00000 0.00000 0.09918 0.20599 7.78198 17.77649 24.15466 13.12256 21.91925 14.42719 3.67737 9.63593 5.31769 0.35095 1.41907 7.46918 3.47137 7.82776 25.23041 18.34869 7.07245 7.53784 6.26373 3.15857 0.75531 0.98419 1.41907 5.05066
0.00000 0.00000 0.00000 0.00000 0.00000 0.00000 2.30408 4.60815 7.75909 23.52905 40.14587 16.43372 15.53345 5.89752 1.06049 3.92151 2.88391 3.09753 1.52588 4.00543 2.37274 4.56238 11.32965 2.78473 5.45502 45.46356 6.68335 7.57599 8.10242 1.09100 2.34985
0.00000 0.00000 0.00000 0.00000 0.00000 0.00000 0.09155 0.69427 8.45337 13.17596 54.89349 34.84344 40.62653 19.51599 13.55743 12.00104 5.22614 9.95636 1.02997 3.03650 9.42230 6.00433 8.94165 20.01953 7.35474 18.34106 10.84900 22.99500 28.14484 2.30408 2.24304
0.00000 0.00000 0.02289 0.05341 0.08392 0.00763 0.00000 0.33569 2.83813 4.19617 11.84845 81.75659 45.50934 14.16016 9.31549 12.08496 5.32532 25.32196 39.77203 20.25604 27.35138 23.55194 71.56372 33.94318 13.84735 2.44141 2.16675 27.45819 23.10944 4.33350 8.29315
0.04578 0.11444 0.43488 0.22888 0.11444 0.00763 0.01526 0.77057 3.03650 2.22015 2.63977 21.64459 25.50507 36.66687 8.17871 1.26648 9.15527 14.28986 5.14221 2.17438 19.01245 48.33984 22.36176 14.01520 14.94598 5.12695 28.15247 65.78064 22.57538 21.26312 2.61688
0.38147 0.82397 0.78583 0.67902 0.04578 0.00000 0.03815 0.67902 7.81250 6.54602 1.28937 16.93726 8.93402 24.23859 7.42340 2.51770 12.82501 2.76947 10.01740 10.85663 1.67084 31.86798 29.45709 12.16888 2.62451 12.83264 17.63916 20.26367 23.94867 8.07953 7.04193
0.21362 0.86975 1.76239 3.98254 1.25885 0.73242 0.52643 1.21307 15.76996 2.86865 12.99286 4.60052 31.73828 25.64240 6.24084 6.47736 11.30676 13.84735 3.66211 2.31934 2.34222 0.41199 1.34277 6.66046 1.90735 6.64520 15.36560 8.14819 2.67029 14.77814 10.16235
1.13678 1.94550 1.48773 1.32751 3.79944 0.97656 0.67902 6.75201 20.59937 29.07562 19.10400 13.72528 85.01434 8.33130 58.05969 6.42395 5.62286 2.10571 3.70026 8.97980 2.86865 2.11334 2.93732 6.49261 6.40869 1.60980 12.60376 7.70569 5.08118 13.64899 5.24139
1.96838 2.72369 0.77820 1.02234 1.74713 5.50079 0.96893 7.49207 20.78247 55.90820 295.17365 3.07465 8.85773 6.38580 13.25226 21.36230 24.58191 16.63208 11.33728 3.83759 3.60870 8.15582 0.54932 12.71820 3.37219 8.70514 16.35742 13.35144 2.40326 1.72424 10.50568
0.86212 2.70844 2.19727 3.00598 4.85229 0.96130 2.83813 4.69208 26.10779 46.85974 72.04437 8.97217 2.31934 11.05499 63.78937 2.41852 20.98846 11.48224 10.05554 2.87628 4.54712 6.53839 12.61902 3.57819 4.40979 6.15692 14.80103 3.29590 2.04468 1.96075 8.46863
1.83868 2.12860 2.85339 10.94055 1.49536 1.89209 3.36456 4.13513 17.43317 3.91388 2.16675 27.56500 13.25989 21.76666 73.87543 10.09369 9.23157 15.64789 20.82062 9.52148 7.37762 8.12531 13.20648 25.90179 10.65063 2.94495 15.93018 2.47192 1.29700 6.22559 1.84631
