DATA/RAW-RASTER/ECMWF/20170628/EN-34/20170710.en-34.asc
ncols			31
nrows			16
xllcorner		69.5
yllcorner		19.5
cellsize		1.0
NODATA_value	-99999
0.00000 1.93787 4.07410 2.51007 0.00000 0.00000 0.00000 0.03052 0.10681 0.19836 0.06866 0.07629 0.01526 0.01526 0.00763 0.01526 0.35095 0.54932 0.61798 1.88446 1.62506 0.77057 1.11389 2.12860 3.14331 2.76184 3.41797 3.72314 3.78418 4.06647 8.18634
0.00000 0.19836 15.46478 9.20868 3.82996 0.90027 0.00000 0.02289 0.00763 1.01471 3.87573 2.58636 3.07465 0.58746 0.09155 0.29755 0.51117 0.78583 1.06049 0.63324 0.28992 1.01471 2.00653 2.37274 2.15149 4.34113 2.53296 2.28882 2.02942 3.44849 12.16125
0.14496 0.00763 0.86212 4.82941 11.32202 17.74597 7.66754 0.13733 3.21960 4.18854 7.01141 6.44684 0.92316 1.01471 0.34332 0.99945 0.29755 0.48065 0.35858 0.25177 0.99945 1.44958 1.95312 4.54712 2.89917 3.48663 2.24304 2.70844 4.45557 8.09479 12.37488
0.00000 0.00000 0.00000 0.00763 0.25940 14.42719 21.98792 17.57050 1.67847 6.07300 12.33673 18.50128 3.79181 5.13458 2.41089 1.22833 2.44141 4.78363 2.22778 2.86102 0.92316 1.86920 3.16620 2.85339 3.30353 2.89917 3.86047 6.25610 12.02393 12.99286 18.75305
0.86212 0.00000 0.00000 0.00000 0.00000 0.41962 5.90515 9.71222 11.99341 0.37384 0.93842 3.80707 7.10297 18.42499 12.64954 11.94763 7.88116 9.16290 7.57599 1.88446 2.66266 3.44849 8.59070 6.41632 7.07245 16.44897 15.15961 14.53400 21.80481 17.87567 19.58466
0.41962 0.00000 0.00000 0.00000 0.00000 0.10681 0.59509 8.85773 4.24957 30.47943 31.12793 7.03430 5.44739 1.87683 10.87952 15.96069 23.48328 16.15143 11.63483 12.86316 8.72040 8.72040 9.70459 14.37378 13.24463 16.81519 12.81738 6.11115 13.83209 20.41626 15.31982
0.00000 0.00000 0.00000 0.00000 0.00000 0.03815 0.06104 0.81635 5.67627 81.33698 136.60431 9.41467 6.54602 5.31006 5.23376 5.89752 8.50677 10.69641 22.57538 15.05280 11.07025 21.62933 21.50726 19.68384 29.96826 73.74573 29.26636 17.45605 6.82831 15.65552 16.21246
0.00000 0.00000 0.00000 0.00000 0.00000 0.00000 0.13733 1.13678 1.10626 2.54822 8.62122 12.13074 9.12476 26.65710 22.11761 5.60760 5.47028 3.65448 7.96509 14.71710 10.08606 21.40808 4.63104 22.35413 28.82385 22.22443 9.81140 18.85986 20.33997 7.37762 10.90240
0.00000 0.00000 0.00000 0.00000 0.00000 0.19836 0.08392 0.22125 0.54932 7.28607 21.66748 20.15686 19.21082 16.99066 7.87354 16.87622 18.22662 38.16223 41.72516 36.56769 32.47833 27.55737 17.79175 11.70349 10.77271 17.84515 13.65662 18.74542 26.92413 12.00867 5.34058
0.00763 0.13733 0.11444 0.06104 0.03052 0.20599 0.45776 2.94495 3.69263 16.74652 27.79388 9.45282 20.39337 19.38629 8.32367 13.54980 12.13837 13.54218 12.60376 32.76062 17.82990 2.34222 9.20868 6.01196 7.89642 9.39178 19.43970 11.28387 33.04291 20.06531 13.61084
0.26703 0.57220 0.32806 0.55695 0.00000 0.00000 2.08282 3.83759 9.81903 3.90625 32.29523 19.34814 21.22498 14.93073 8.68225 21.62933 28.58734 2.31171 4.91333 1.38855 2.68555 29.68597 15.25116 2.73132 1.40381 5.53131 7.33185 17.23480 16.00647 9.95636 9.33838
0.45013 0.42725 2.06757 3.00598 0.73242 4.87518 4.29535 12.74109 8.37708 4.28009 14.61029 18.13507 2.73895 6.45447 9.03320 3.50952 5.42450 2.44141 3.18146 5.99670 2.57111 7.26318 9.60541 14.45770 9.85718 9.17053 1.67084 10.42175 10.42938 5.84412 9.95636
2.12097 2.60162 1.22070 1.41144 0.57983 3.96729 5.19562 9.41467 23.80371 103.53088 66.26892 31.37207 0.72479 1.89209 4.11224 4.77600 1.60217 4.39453 1.19781 5.24902 6.95038 2.04468 25.66528 10.78796 11.95526 1.38092 2.65503 1.94550 9.20868 8.86536 22.66693
2.21252 2.96783 0.36621 1.30463 1.67847 0.25940 14.68658 18.23425 80.96313 46.58508 11.23047 1.60980 0.52643 1.64032 1.89209 5.88226 3.27301 9.18579 4.60052 6.07300 1.53351 5.15747 16.79230 27.54211 2.76184 1.44958 6.98853 4.38690 12.15363 7.64465 7.37000
2.83051 3.19672 3.32642 5.06592 3.25012 1.65558 1.95312 2.83813 4.42505 1.96075 6.00433 1.93787 3.09753 1.09100 0.51880 6.18744 19.93561 2.25067 2.77710 6.16455 2.31171 5.69153 17.26532 100.59357 11.07025 12.79449 25.68817 8.01086 2.13623 8.53729 12.59613
2.32697 4.35638 3.70789 8.93402 1.19781 1.22833 0.93842 0.96130 1.21307 2.89917 4.27246 7.03430 0.80872 4.31061 1.51062 15.76233 31.04401 20.08057 7.84302 11.89423 4.17328 5.54657 12.36725 23.67401 45.50934 85.31952 50.22430 19.09637 15.26642 5.20325 10.53619
