DATA/RAW-RASTER/ECMWF/20170628/EN-34/20170628.en-34.asc
ncols			31
nrows			16
xllcorner		69.5
yllcorner		19.5
cellsize		1.0
NODATA_value	-99999
3.96252 8.38757 25.46120 11.60717 8.38661 3.46565 4.68063 9.47952 3.92914 0.16022 2.86007 7.25174 6.00910 8.46672 9.16100 7.52640 1.16253 1.15108 1.03474 0.94795 0.63992 0.55885 0.67616 0.78297 1.01852 0.67139 1.13010 0.84972 1.49345 0.30518 3.23009
4.32587 5.47028 33.02860 9.52244 2.08855 7.33471 5.85556 4.30965 4.34589 1.14346 1.26839 2.67410 2.69604 4.94099 6.96373 6.18172 2.68459 5.88131 3.20148 0.00000 1.65749 0.42152 0.52834 1.97601 3.74126 1.06907 1.13297 1.30939 1.33801 1.75953 0.55122
15.76805 29.96063 17.16232 3.89385 4.62246 17.09080 17.86900 9.26971 5.25665 3.25108 1.18256 0.99945 1.99318 0.89741 4.90952 2.36320 3.04699 14.96124 10.50091 6.88457 1.32847 4.18377 3.93772 12.68768 4.82750 0.83065 0.77248 2.82097 1.26743 0.98801 0.60081
16.05415 48.19202 50.94528 17.18521 9.10473 15.09380 3.50475 17.93766 7.53593 1.15204 0.49591 0.86784 4.10557 8.40855 2.83527 8.16250 8.59737 3.88527 10.37979 8.50105 6.87695 5.11646 5.85651 4.82082 0.00000 0.00000 2.20490 1.33610 1.23119 2.34222 6.32095
10.91576 45.07637 26.51596 16.06464 5.04875 13.12542 20.25986 5.68199 5.91373 3.31688 0.20599 1.74522 3.54481 3.04985 9.41181 4.12464 5.25475 6.17886 15.66124 8.23021 9.58061 8.32558 20.58983 1.52969 1.84345 4.05216 4.71687 3.61919 2.95067 5.84793 5.76019
27.60506 23.69595 27.74620 14.09721 18.75877 18.74256 41.60023 20.30468 8.31223 7.88784 9.16100 5.25570 4.72736 1.91879 4.40407 3.82805 6.64711 16.50620 14.85157 12.36725 17.00306 14.01520 14.79912 8.26836 10.87475 8.44288 0.53024 5.09644 11.99055 5.88512 10.60486
3.09181 8.85391 13.76724 30.30396 13.29136 11.58905 25.08354 33.74100 13.00240 6.90937 3.67546 5.79357 11.01780 6.51550 3.35312 1.52779 1.07384 8.39233 7.41005 19.80877 13.54980 4.58908 6.83880 4.82941 14.56547 10.46467 10.65159 5.57613 2.42138 9.49955 4.28200
8.68130 5.79071 15.21111 26.51501 13.30376 6.59657 6.72722 18.85223 39.25896 8.72707 1.81198 1.02329 0.19836 9.51195 6.00433 4.10366 18.21804 1.47438 0.88787 2.90394 3.65353 12.43401 6.86359 19.08207 14.83536 10.65254 3.83759 12.96234 51.79691 12.27760 8.70895
10.61249 89.40601 66.18690 48.57063 8.46100 10.63824 8.48198 27.95601 18.18180 13.85403 5.64480 0.71335 1.47343 0.73624 0.66662 1.56498 1.94740 6.14452 10.39886 62.64973 29.11758 22.94064 13.24463 74.37801 17.02595 12.97951 25.31338 29.99020 19.39678 14.94217 3.32165
5.50270 4.91810 6.66332 5.44739 5.59139 15.11097 8.03947 13.60130 8.27980 24.80030 17.09080 4.87041 0.30041 0.11730 0.10300 0.00000 1.16730 5.88131 4.78172 4.33254 7.35092 13.83972 23.19431 13.73768 8.71468 23.19336 12.96806 15.03563 4.42505 5.14698 7.87258
7.47776 6.10161 2.57111 0.52071 2.55680 7.47967 5.15842 2.38895 9.55486 14.34994 11.64532 7.37190 3.57246 0.42057 0.21076 0.46921 0.18883 1.28555 1.34087 1.75762 8.27980 3.52287 12.40253 10.24437 20.77770 24.03259 31.50272 10.46276 3.63541 5.43022 5.41496
6.47831 1.07479 0.99659 13.63564 28.91350 3.31974 1.87588 4.94766 13.45158 11.90090 7.97367 9.23634 10.39791 1.30081 1.01852 1.65939 1.74141 3.05367 6.76346 9.42230 3.85284 3.49617 1.93596 4.75597 22.17484 3.58486 3.95966 11.34872 31.51417 14.22215 11.08932
6.32572 11.28960 2.94304 12.44736 7.12013 10.18810 0.54646 1.09291 2.35748 7.41482 16.28494 11.33060 7.61414 9.47189 5.56183 4.15421 4.14944 1.97697 9.31740 10.59532 12.56943 3.26347 4.40693 21.19541 4.74262 3.13187 0.45681 22.80807 24.66774 15.26833 21.72852
9.52625 4.67110 2.01797 9.16195 9.21059 6.18553 2.56062 1.83582 2.58350 7.18880 24.61243 21.90208 14.09435 29.89197 15.31219 16.03413 9.13811 2.61879 11.72161 10.47802 2.94113 2.37465 18.74924 12.09641 19.57417 0.75722 0.30041 19.83643 12.26044 10.16140 7.13921
26.83163 19.56558 18.04066 31.45790 2.52342 9.89914 12.13551 5.95665 7.33471 7.51591 5.47028 13.72528 13.12160 12.81166 32.56512 20.15686 12.00390 9.96208 7.23934 2.03896 3.07751 5.71060 8.74233 32.23896 2.61688 0.68951 0.00000 0.85926 5.46074 19.59515 20.05005
25.40112 78.63998 32.57084 37.24861 2.52056 4.15039 6.31905 5.91469 3.36742 4.17709 4.16946 5.25570 3.50857 10.31113 6.85692 22.26257 11.66153 27.00806 32.84645 3.31402 2.26593 2.61974 10.08224 34.05952 50.82798 32.68909 25.38872 3.97110 3.99971 5.84698 12.19940
