DATA/RAW-RASTER/ECMWF/20170628/EN-34/20170630.en-34.asc
ncols			31
nrows			16
xllcorner		69.5
yllcorner		19.5
cellsize		1.0
NODATA_value	-99999
0.12589 0.00000 0.14114 0.54932 1.74713 4.30679 3.70026 3.57819 5.97763 2.92206 4.37164 6.96945 5.34439 7.83920 4.49371 2.34604 2.16293 3.28827 2.09427 4.23813 3.29590 3.50952 2.71225 1.92261 2.90298 9.26590 5.08118 0.68283 0.40436 0.36621 0.18692
0.00000 0.00381 0.28610 0.61417 3.18146 0.91171 3.46756 11.51276 10.12802 10.66208 5.96237 4.75311 3.77655 3.16238 6.48880 9.08661 2.06757 5.07736 1.88065 2.02560 6.45065 14.19449 4.61197 5.09644 18.67676 9.55200 12.53128 16.05988 8.59833 0.99182 0.25177
0.02289 0.83542 0.93460 0.19836 0.11826 1.07574 16.80374 29.01840 35.40802 13.92365 6.63376 4.77600 2.52151 5.26047 3.09753 3.69263 4.04739 6.07300 12.02393 5.56183 10.76126 7.67899 8.65936 5.84030 4.45557 3.74222 12.48550 9.05228 8.66318 6.26755 3.45612
0.62943 0.00000 0.00000 0.00000 0.94986 10.30731 22.46094 137.12311 33.18024 3.57056 1.60980 0.90790 1.10626 1.98746 0.93079 1.22070 1.03378 6.32858 3.49808 8.85391 10.36835 8.02612 12.57706 21.32797 18.05878 3.16620 2.70081 4.92096 11.27625 18.41736 6.61087
0.15640 0.00381 0.00000 0.07248 0.26703 4.62723 15.57159 14.98795 36.09467 9.88388 0.55695 1.77765 1.47247 1.85776 0.81253 0.35095 0.39291 0.18692 1.91116 11.72256 8.69370 24.53613 7.72476 8.02994 7.29370 4.93622 1.28174 12.47025 10.58578 10.08224 16.53290
0.94986 0.12207 0.00763 0.03815 0.48447 11.37924 32.22275 176.80740 46.32187 20.68710 12.51984 8.21304 7.21359 0.58746 0.95367 1.57166 1.38092 1.89972 5.99289 14.04953 4.54330 9.38797 12.78687 15.50674 19.79828 16.27350 9.72748 3.04031 2.52151 2.13623 5.26810
0.00000 0.00763 0.41962 0.66757 1.66702 18.57376 18.40210 18.30292 31.89850 13.48495 22.46857 9.97925 9.15146 0.16403 1.55640 5.72968 2.44141 5.19943 5.38254 17.23099 11.25717 5.02396 15.32364 6.97327 19.48166 113.28506 42.10281 19.29092 3.67737 5.42831 6.08444
0.06866 0.49973 1.02997 3.00217 2.20108 8.97217 22.22824 25.23804 5.99289 1.64413 3.40652 6.13022 3.21198 10.49423 90.66010 108.72650 16.51382 0.59891 1.44958 3.98254 11.72638 22.69745 17.29202 36.23199 46.66519 43.02597 22.56775 12.96616 64.39972 11.28387 5.88226
0.01526 0.89264 0.81635 5.00870 24.97101 14.88876 14.94598 1.09482 0.71335 0.14877 0.59509 4.79126 1.70898 4.35638 8.19397 9.10950 7.67899 5.75638 23.34213 84.36584 78.63617 98.85025 47.66083 58.54797 21.10672 8.18253 18.24188 119.73572 50.20523 17.91382 13.18359
1.15204 1.52969 1.25122 17.52472 30.49088 14.11057 14.39667 1.32370 0.59509 0.31662 0.24414 0.37384 1.93787 3.99780 12.81357 4.12369 6.08444 2.81143 9.74274 5.93567 20.32089 12.45499 33.37097 1.15585 20.72525 23.30399 12.95853 14.62173 13.68713 5.75638 7.94220
0.77057 12.37488 12.84027 18.07404 17.48657 28.97263 41.92352 6.14166 2.02179 0.64468 1.05286 1.17493 0.46539 1.72043 5.48553 13.56125 4.34494 2.59399 2.42233 5.19943 3.24631 16.14761 39.29520 15.44571 11.06262 43.71643 3.06320 7.22504 18.34869 7.03430 3.87192
9.55963 14.79340 15.31219 25.94376 15.28931 21.24786 26.65329 22.68600 4.11987 1.56403 1.23596 1.12152 2.01797 8.21686 18.36395 15.54108 1.46484 1.37329 4.86755 11.27625 4.55475 2.39944 1.85776 3.81851 38.42545 3.27682 2.42615 9.06372 7.60651 24.84894 14.40811
2.03705 1.33514 2.28119 6.40488 19.04297 5.77545 1.32751 2.26974 2.91443 4.71497 4.28391 6.05392 2.22015 8.75854 23.68164 6.61469 4.78363 1.65939 3.02505 9.21249 3.30353 5.11169 10.71167 2.23541 6.25992 4.25339 0.40436 7.24411 11.31439 8.86536 3.04413
2.20108 1.76620 1.94550 2.85721 2.64359 1.22070 2.36893 1.88065 3.91388 4.15039 11.21140 5.26047 20.34378 14.19067 40.36713 7.27081 6.07300 8.35800 6.27518 6.29807 12.39395 11.90948 5.64957 7.05719 4.66156 0.86212 1.60217 5.72586 3.68881 5.99670 6.02722
3.98254 3.52859 2.34222 9.58252 2.76947 1.32751 0.26703 0.19836 0.78964 11.30295 9.52148 6.60324 26.23749 15.42664 80.17349 3.94058 5.66101 2.63214 11.73401 14.98795 19.42444 17.74216 33.53500 13.34000 4.21524 1.32370 0.79346 0.67902 0.79346 5.63812 5.19562
4.96292 3.64685 6.39343 10.06317 1.39236 0.98419 0.38910 0.37766 0.65231 1.93024 13.67950 18.32962 28.17154 33.92792 59.51691 26.29471 13.79013 14.14108 5.97763 6.84738 15.09476 9.68933 26.56937 48.31314 34.90448 3.01361 1.82724 4.43268 3.52097 4.13132 5.31387
