DATA/RAW-RASTER/ECMWF/20170628/EN-34/20170702.en-34.asc
ncols			31
nrows			16
xllcorner		69.5
yllcorner		19.5
cellsize		1.0
NODATA_value	-99999
0.06485 1.57547 2.55203 1.63651 1.28937 0.04578 1.17111 0.61417 0.72479 0.00763 0.01144 0.21744 1.28174 0.35477 0.47684 1.54495 0.33569 0.35095 0.36621 0.68665 1.19400 1.68610 2.45667 4.47845 6.11115 5.47028 9.29260 10.01358 8.98361 6.86646 5.65720
0.32043 0.00000 0.00000 0.11444 2.18582 1.11771 0.12207 0.03815 0.01526 0.00000 0.00000 0.01526 0.89645 1.08337 1.03760 0.83542 3.75748 0.90027 0.90027 1.36566 0.39291 1.67847 2.38800 6.33621 10.07462 12.63046 12.72202 12.17270 7.91550 5.71442 13.95416
0.78964 1.52206 0.98801 1.11389 0.69809 1.81198 1.37329 0.14496 0.04578 0.06485 0.02289 0.59128 1.22833 2.46429 0.69809 1.18256 2.12860 0.58365 2.68173 2.30789 1.76239 5.22232 12.42065 19.25659 13.32092 23.26965 13.71002 18.64624 16.94870 11.18088 16.55960
1.57547 0.24033 0.27084 1.88446 0.71335 0.72098 4.02451 3.58582 0.16403 0.01907 0.05341 0.21744 0.65613 1.91498 4.78745 1.92261 4.82941 7.93457 7.12967 6.45828 14.12201 10.06699 19.88220 12.93945 5.48935 2.46811 2.90298 8.38470 6.79779 8.93402 13.88931
1.74332 0.04959 0.24414 0.20599 0.00000 0.45776 0.08774 2.66266 9.56726 1.00708 0.12207 2.05994 2.65121 6.06155 5.34439 6.53076 7.22885 7.33566 6.18362 7.73239 8.11005 14.94217 7.60269 7.38525 3.38745 5.11932 3.05176 1.49536 5.74493 11.60049 7.15256
2.03323 0.08392 0.00000 0.02670 0.40436 0.43488 1.21307 2.29645 10.31494 17.85278 24.78027 5.97382 5.97000 0.75531 2.47574 2.21252 21.31271 9.53674 11.41739 5.23758 9.81140 16.40701 15.29312 6.91223 5.42831 5.94330 2.55966 1.95312 6.82068 8.71658 9.42230
0.00000 0.00000 0.00000 0.09155 0.62561 0.42725 2.63596 2.57111 4.07791 9.84192 13.79013 22.60590 18.72253 5.55420 0.85831 3.91006 7.10297 12.53510 9.83810 11.03592 2.19345 2.47574 6.51932 5.79834 6.13785 25.48599 44.53278 5.32913 2.75803 7.52258 9.73892
0.00000 0.00000 0.00000 0.09155 0.01907 0.56076 2.36893 9.98688 3.65829 16.59775 18.71109 16.03317 5.81741 12.27570 15.44571 31.34918 18.74161 1.38092 2.20871 1.34277 9.85718 11.63101 5.51605 39.09683 47.63031 43.17474 108.12759 49.43466 22.34650 6.44684 6.93130
0.00763 0.00000 0.00763 0.00000 0.05341 1.54114 2.45667 3.44467 6.25229 25.32196 18.52036 20.93506 14.19449 3.04031 3.87955 10.53619 0.77820 3.18146 54.46625 53.35236 76.37787 146.76285 78.70865 24.32251 15.16342 6.16455 14.94217 31.46744 65.71579 11.11984 3.15094
0.00763 0.00000 0.00381 0.04578 0.35095 1.23596 7.37762 11.29532 11.49750 17.80319 14.37759 19.13071 14.70566 19.96994 12.83646 2.58636 2.91824 19.20700 15.57541 14.70566 13.45825 4.95911 37.85324 0.91934 5.56946 9.62067 45.04395 39.15787 92.37671 27.50397 13.21411
0.06485 0.10300 0.46539 0.26703 0.69427 1.93024 7.87354 3.70026 4.58527 17.69257 8.54874 36.47232 41.06903 9.75418 10.61249 5.98907 2.88391 3.16238 27.75955 7.96890 8.55255 9.31549 53.92456 10.04410 4.72641 22.83096 9.04465 23.49091 68.32504 16.63208 10.89096
0.30136 0.63705 1.06812 0.90408 0.37766 0.41962 7.68280 13.99612 5.21469 5.26428 8.93021 11.21902 17.14706 13.58414 18.40973 4.86755 2.51007 1.87683 7.09534 7.28989 3.35693 3.10898 1.79672 1.04904 3.73840 4.71115 5.71442 19.79446 28.03421 14.65988 12.32529
0.57220 1.64795 1.33896 1.82343 2.29645 14.99176 6.37817 91.59851 18.37158 10.08224 10.20813 3.31116 10.02884 15.70892 17.10892 47.81723 28.65982 0.83542 1.20163 1.87302 4.62723 8.04138 3.39127 6.43158 6.44302 1.41907 3.78799 6.71387 21.16013 34.24454 17.88712
1.96838 2.33459 0.78964 7.05338 105.65948 41.58401 15.15198 15.05661 5.97763 16.86478 26.19553 23.12469 4.19998 4.46320 7.96127 17.39502 4.57764 1.06812 2.50244 2.30026 11.68823 16.81137 7.53021 9.86481 1.02997 2.88391 1.57928 9.51004 4.62723 27.79770 9.52530
2.88391 1.16730 1.14441 8.41141 13.43536 4.68826 0.60654 1.81580 3.80707 8.42667 8.82721 11.04355 5.98145 5.17273 5.12314 7.99561 8.48770 3.18146 6.70624 9.81140 11.19614 9.66263 20.55359 12.09641 1.07193 1.05667 3.76129 1.20926 0.69809 13.70621 7.70569
5.21088 4.57764 8.11768 23.60916 14.03046 14.87350 9.76562 11.77216 1.91879 5.42068 8.90732 8.37708 2.57111 2.63214 1.42670 3.87192 1.79672 4.79126 10.14328 6.58035 3.63922 6.76727 10.15472 14.99939 23.25439 1.57928 7.28226 2.53296 1.48392 2.30408 0.95749
