DATA/RAW-RASTER/ECMWF/20170628/EN-34/20170708.en-34.asc
ncols			31
nrows			16
xllcorner		69.5
yllcorner		19.5
cellsize		1.0
NODATA_value	-99999
2.89917 0.01526 0.00000 0.48065 0.00000 0.00000 0.09155 0.03052 0.18311 0.00000 0.01526 0.06104 0.63324 0.41199 2.66266 1.89209 1.83105 1.07574 1.97601 3.34167 2.56348 2.45667 5.51605 2.29645 1.51062 0.25177 0.49591 0.52643 0.98419 0.76294 9.74274
2.46429 0.00763 0.11444 0.12970 0.23651 0.00000 0.01526 0.09918 0.00000 0.00000 0.00000 0.00000 0.05341 1.04523 2.47955 2.09045 0.68665 0.66376 2.18201 3.28064 4.66919 9.40704 1.25122 1.50299 2.31171 6.46973 4.58527 7.12585 5.59998 2.63214 4.72260
0.00000 0.00000 0.00000 0.21362 0.63324 4.32587 0.08392 0.00000 0.01526 0.00000 0.00000 0.00763 0.03815 0.62561 0.93842 0.61035 0.63324 0.60272 0.32806 4.11987 1.70135 3.17383 6.04248 2.73132 2.81525 8.93402 6.57654 5.31769 12.55035 8.35419 4.71497
0.00000 0.00000 0.00000 0.00000 0.07629 1.67084 4.08936 7.42340 0.00000 0.00000 0.00000 0.00763 0.00000 0.50354 0.45776 0.77820 0.68665 0.81635 8.23975 1.81580 6.87408 4.37927 9.99451 4.49371 5.49316 6.37054 13.84735 9.15527 5.44739 4.56238 7.28607
0.01526 0.00000 0.00000 0.01526 0.00000 0.25177 0.37384 2.41089 0.96130 0.01526 0.12207 0.01526 0.03052 2.31934 0.80109 0.74768 0.96893 2.69318 2.32697 1.82343 2.54059 7.40814 6.14929 5.31769 3.54004 4.85992 4.87518 11.45935 18.08929 10.39124 7.69043
0.00000 0.00000 0.00000 0.00000 0.00000 0.13733 0.45776 1.12152 6.72150 4.70734 8.04901 1.51062 1.60217 0.50354 0.66376 6.54602 4.15802 12.26807 21.23260 4.55475 12.83264 6.81305 10.77271 5.15747 8.01849 6.46973 3.39508 4.76837 21.46149 12.45117 19.22607
0.00000 0.00000 0.00000 0.00000 0.00000 0.00000 0.02289 0.48065 1.21307 1.35803 11.06262 21.32416 24.77264 6.55365 5.78308 9.97162 7.96509 12.03156 9.41467 9.39941 11.74927 11.85608 8.65936 5.82123 11.09314 9.32312 5.24902 2.75421 3.89099 12.06970 19.72961
0.00000 0.00000 0.00000 0.00000 0.03815 0.00000 0.02289 0.01526 0.49591 0.50354 2.95258 11.53564 28.86963 40.96222 26.71051 13.29041 16.37268 17.43317 16.60919 9.31549 5.69916 14.39667 6.57654 11.33728 17.01355 7.28607 9.14764 4.27246 12.96234 2.96783 21.87347
0.00000 0.00000 0.00000 0.00000 0.00000 0.01526 0.34332 0.07629 1.44196 2.48718 2.32697 1.96838 2.56348 4.80652 11.58905 13.25226 12.28333 30.47180 46.99707 54.55017 52.36053 15.36560 15.56396 7.66754 4.80652 6.71387 22.36938 6.79016 20.12634 3.01361 10.26154
0.00000 0.01526 0.00763 0.03052 0.00000 0.52643 6.85883 3.18909 7.84302 8.59833 1.74713 2.30408 2.38800 3.58582 10.88715 3.12042 31.05927 7.31659 25.51270 62.40845 27.14539 5.96619 9.93347 5.93567 7.23267 19.94324 41.82434 27.77863 10.53619 1.56403 2.49481
0.18311 0.20599 0.24414 0.21362 0.00000 0.02289 7.36237 7.70569 26.87073 58.28857 24.60480 1.80817 7.78198 119.46869 24.76501 1.44958 1.31989 14.59503 11.16180 12.16125 24.69635 128.49426 40.86304 10.55908 3.23486 18.59283 7.56073 7.43103 11.80267 7.42340 3.86810
0.12207 0.19836 0.45013 0.67902 0.37384 0.06866 4.57001 9.15527 22.87292 16.27350 12.21466 1.91498 7.26318 5.63049 70.38879 7.02667 1.73950 4.87518 7.08771 3.08990 2.25067 23.92578 5.26428 15.44189 52.66571 5.59998 3.94440 8.56781 7.17926 5.74493 2.24304
1.06812 2.81525 1.41144 1.15204 2.77710 1.87683 0.50354 12.90894 21.09528 19.81354 2.41089 3.32642 5.09644 17.69257 23.12469 27.27509 0.86975 2.57874 4.30298 5.85175 7.49207 2.05994 3.63159 63.49182 63.24005 2.83051 2.34985 3.04413 11.36780 3.29590 4.10461
0.64850 1.05286 0.11444 0.48065 2.29645 1.51825 2.54822 10.74982 7.98035 6.58417 4.25720 3.95203 30.28870 7.53784 3.20435 0.74768 3.25012 2.51007 3.42560 2.55585 2.76184 1.75476 6.56891 31.86798 25.13885 0.93842 0.41199 1.45721 14.55688 4.40979 4.40216
1.35040 0.61035 0.42725 1.52588 1.38855 0.76294 2.85339 7.62177 3.14331 4.67682 5.88226 21.27075 6.78253 8.65173 8.11768 3.32642 1.89209 2.25830 1.02234 0.86975 0.88501 0.94604 3.58582 83.09937 12.26044 0.67139 0.53406 7.53021 6.14166 16.04462 10.41412
1.30463 2.55585 1.83105 9.57489 1.89972 2.07520 2.83051 4.51660 12.51221 12.19177 20.11108 23.93341 4.28009 1.67847 4.30298 7.73621 1.35803 1.99127 1.37329 1.19781 1.77765 1.69373 1.44196 11.65771 9.91058 2.94495 4.76074 3.76892 4.47083 5.19562 2.47955
