DATA/RAW-RASTER/ECMWF/20170628/EN-34/20170703.en-34.asc
ncols			31
nrows			16
xllcorner		69.5
yllcorner		19.5
cellsize		1.0
NODATA_value	-99999
0.04959 0.54932 1.11771 2.14005 7.52258 5.28336 5.95856 6.46973 1.04904 0.10681 1.50681 0.83542 1.30844 0.72861 1.57166 1.76239 1.22070 3.79181 2.50626 4.27628 4.92096 2.55966 0.06104 0.22125 0.08774 0.01907 0.16022 0.49210 0.99945 1.88446 2.81525
0.28992 0.00763 2.74277 1.25122 5.46265 1.22452 0.91553 0.49973 0.03433 0.07248 0.01144 0.03433 1.13678 1.70898 1.00327 2.74658 4.30298 3.99399 9.10187 5.86700 3.29208 1.56784 0.37003 0.00381 0.18692 0.72479 3.45230 5.15366 8.76236 8.11005 9.07516
2.13242 3.12424 0.83923 4.43649 10.21194 8.14438 3.28827 0.29755 0.06104 0.13733 0.01144 0.00000 0.11444 1.12152 1.55258 4.68826 7.06863 14.18686 11.45554 7.96509 9.81522 2.84958 0.13733 1.83868 3.63159 7.37000 10.34164 7.28226 9.41086 8.93021 12.01630
1.16730 0.30518 5.63049 8.98361 9.54437 7.61414 3.36456 12.03156 0.08392 0.00000 0.11444 0.27847 0.14114 2.96402 2.97546 5.22995 6.43158 1.91879 1.34659 4.97437 3.01743 0.69046 2.54440 6.53458 6.28662 8.64029 12.41684 14.14490 17.26151 22.39609 20.60699
2.97928 0.04196 0.02289 0.58746 7.12585 7.82776 3.59344 1.51825 7.51114 0.41580 1.39999 1.36948 4.12369 9.93347 10.55145 12.42828 13.68332 18.95523 5.18036 4.21524 4.08936 2.72751 4.04358 6.91986 7.25937 8.54111 8.26263 12.14981 12.70676 17.16614 14.80484
0.89264 0.00000 0.00000 0.00000 0.38147 5.74112 6.16455 2.94113 4.65775 18.50510 21.59500 18.06259 21.56067 11.67297 9.41467 10.45227 7.03049 4.40598 4.66156 11.94382 8.95691 5.53513 7.50351 13.31711 12.53510 33.50067 6.74820 1.21307 3.82996 5.97000 12.93945
0.00000 0.00763 0.00000 0.00000 0.01144 1.30081 7.43484 10.05554 5.85175 13.97324 51.27335 52.97852 73.72284 22.04132 7.33566 7.92694 7.79343 9.80759 3.39508 12.23373 6.58035 5.35583 5.61142 8.12149 17.07458 37.54044 36.33881 6.81305 2.46048 5.79834 8.35037
0.00000 0.00763 0.00763 0.00763 0.04196 0.76294 3.86810 9.00650 8.92639 25.83694 20.45441 29.96826 24.21951 25.41351 62.07275 22.31979 11.02448 7.56836 18.06259 9.99069 32.24564 23.97156 21.25168 26.61896 18.21518 24.69635 84.40399 32.92084 11.53183 7.95364 11.77216
0.00000 0.00763 0.00000 0.00000 0.00763 0.32425 4.48227 26.33286 24.07455 22.40372 15.33890 13.77869 29.12903 18.62717 10.18143 3.45993 16.54434 39.61945 131.85501 163.67340 192.34085 235.22568 78.78113 43.42651 9.73129 1.76620 8.78143 16.07513 39.32571 9.63211 6.63376
0.00763 0.04196 0.04196 0.06485 0.43106 0.12207 1.43433 16.70456 42.66357 18.90945 37.23526 18.02444 13.29803 24.62387 14.82010 24.49417 14.17160 18.53943 26.43967 26.21078 16.31165 3.68881 14.69421 6.70242 1.89209 3.68118 13.59558 30.87234 115.68451 26.88980 5.37872
1.53732 0.49210 1.11008 0.67139 0.10681 0.11826 7.90024 10.15091 38.74588 32.75299 22.75467 13.48114 16.83044 15.92636 19.80591 11.44791 13.07678 16.45660 15.89966 10.48660 11.42883 9.84192 41.97693 11.79123 6.56128 6.69479 5.62668 20.73669 42.61780 14.90021 14.45389
0.85068 0.72479 1.41907 1.50299 0.16403 2.62833 16.35742 25.64621 14.02664 44.31152 23.09418 17.66586 11.47461 7.11823 10.71930 5.66483 5.78308 17.79556 2.83051 7.53784 6.37817 7.89642 5.05829 6.94275 3.18909 3.95584 5.92422 19.66858 21.20209 20.27893 16.16669
0.83160 1.84631 1.76239 2.97165 4.21906 35.46906 3.46756 29.76990 39.06631 17.88712 14.72092 8.44574 36.54099 8.13293 4.07791 0.84305 3.48282 5.38254 5.56946 6.96564 20.66040 26.18790 9.21631 12.17270 1.32370 3.89099 5.27191 15.27405 39.07013 38.21945 32.29141
1.94931 2.08282 0.65994 2.46429 11.68060 23.94867 3.37982 13.55362 9.89151 10.30350 18.99719 15.80811 10.10895 12.22992 12.34436 9.37653 4.50897 14.85443 5.29480 11.99722 9.78470 30.00259 23.58627 19.61136 3.15857 0.45395 1.17111 5.90515 22.28928 16.19720 14.69421
3.07083 1.33514 1.52969 3.87955 3.42178 1.69754 2.97928 1.05286 8.95309 2.88010 6.19507 6.26755 4.43268 7.97272 6.66046 7.65610 4.14276 1.40381 7.24792 21.16394 17.25769 21.12961 19.21082 20.54214 0.50735 1.21307 6.83975 4.21524 6.58035 7.51877 5.97000
4.04739 3.93677 5.27191 13.14163 1.48010 5.56183 8.17108 6.51550 5.76782 3.12424 3.36838 4.80652 0.67902 0.82397 1.85776 2.97928 5.69916 9.05228 8.57925 13.16833 5.50842 2.71225 12.12311 18.67294 18.14651 2.08664 5.97000 1.96075 4.79889 4.19998 3.22342
