DATA/RAW-RASTER/ECMWF/20170628/EN-34/20170711.en-34.asc
ncols			31
nrows			16
xllcorner		69.5
yllcorner		19.5
cellsize		1.0
NODATA_value	-99999
7.88116 4.75311 5.85175 3.58582 0.69427 0.11444 0.00000 0.09918 0.14496 1.28174 1.44958 0.44250 0.34332 0.44250 0.18311 1.67847 0.31281 0.19073 0.36621 1.09100 1.08337 0.60272 0.90027 0.88501 1.36566 0.50354 0.67139 0.32806 0.06104 0.12207 0.31281
0.00000 0.41962 8.55255 11.32965 7.53784 1.73187 0.83923 0.09918 2.94495 2.84576 8.30078 1.60217 1.22070 0.80109 1.41144 2.70081 0.81635 0.11444 0.29755 0.42725 0.17548 0.76294 0.48828 0.13733 0.28229 0.79346 0.75531 0.74768 1.69373 0.33569 0.76294
2.73132 8.48389 35.54535 26.61896 15.25116 5.64575 8.91876 3.79181 8.31604 1.89209 3.37219 0.40436 1.09863 1.34277 0.50354 2.30408 2.34222 2.34985 4.12750 1.75476 2.12860 5.21088 3.38745 1.40381 2.74658 1.60217 0.65613 0.21362 0.57220 1.09100 0.69427
4.74548 0.22888 2.23541 2.69318 8.14819 4.95911 20.89691 6.41632 2.31171 1.59454 2.20490 0.73242 0.16785 0.64087 1.49536 0.43488 3.21960 7.50732 11.38306 14.73236 13.66425 13.25989 15.08331 9.07898 4.11224 3.64685 6.43921 5.35583 7.82776 5.17273 3.47900
3.04413 2.48718 0.00000 0.00000 0.00763 1.93024 0.99945 10.32257 7.49207 1.81580 0.20599 0.90027 4.17328 5.11932 6.27899 11.10840 14.96887 18.31818 12.80975 7.71332 10.10132 11.83319 11.98578 7.49207 10.33783 14.96887 7.59888 7.91168 7.05719 9.58252 5.24902
0.81635 0.00000 0.00000 0.00000 0.00000 0.09918 0.20599 5.20325 1.78528 29.13666 4.57001 5.66101 9.84192 8.68988 14.41956 11.63483 6.72150 6.53076 8.07190 3.77655 3.61633 5.78308 8.79669 11.81030 20.03479 27.31323 10.65063 6.59180 19.54651 11.35254 10.86426
0.00000 0.00000 0.00000 0.00000 0.00000 0.00000 0.00000 2.27356 1.32751 0.96130 79.09393 13.32855 23.47565 10.92529 2.12097 2.08282 4.08936 4.92859 1.74713 2.31934 6.95038 3.89099 7.65228 7.59888 21.22498 11.68060 12.84027 12.24518 7.56073 7.56073 4.54712
0.00000 0.00000 0.00000 0.00000 0.00000 0.00000 0.53406 0.32043 1.96075 1.41907 13.48114 115.15045 130.25665 30.86090 13.68713 1.79291 10.84900 10.91766 13.73291 24.16992 14.34326 19.02771 4.18091 13.12256 9.18579 1.35040 2.64740 14.86969 21.40808 8.95691 7.17163
0.00000 0.01526 0.00000 0.00000 0.00000 0.00000 0.00000 0.28229 1.54114 1.72424 15.51056 1.43433 87.45575 81.84052 4.21143 7.37762 53.01666 18.73016 72.69287 30.30396 48.88916 10.30731 6.07300 1.43433 4.83704 2.92969 13.09967 14.43481 11.40594 11.61194 5.32532
0.01526 0.45013 0.15259 0.27466 0.06104 0.00000 0.03815 1.25885 0.69427 1.05286 12.90131 20.88165 12.56561 13.42010 23.73505 23.07892 4.76837 26.15356 19.47021 9.30023 7.72858 63.75885 20.10345 13.16071 6.11877 7.96509 19.03534 22.10236 14.91547 5.82886 5.46265
0.22888 0.70190 0.24414 0.23651 0.00000 0.03052 0.15259 1.49536 3.53241 4.11987 9.57489 10.21576 38.42163 13.34381 26.23749 32.20367 1.85394 7.62939 30.14374 31.09741 5.64575 27.09198 14.73999 15.15961 4.33350 9.80377 12.50458 23.04840 6.76727 5.91278 4.63104
0.42725 0.49591 0.48065 3.49426 1.99890 2.61688 1.71661 3.13568 2.92206 5.65338 7.05719 25.70343 76.43127 64.88037 15.22827 39.23798 28.51868 11.98578 7.05719 9.18579 15.86151 7.29370 20.62225 31.15845 9.17053 12.13837 14.22119 13.77106 14.34326 9.18579 3.52478
1.12152 1.77002 0.58746 1.48773 1.20544 4.15802 2.30408 5.16510 4.89807 7.52258 10.09369 82.82471 10.94055 2.12860 7.13348 16.05225 12.38251 3.66974 13.25226 13.22174 6.41632 9.65881 15.21301 25.04730 17.58575 16.25824 38.42163 9.18579 9.82666 6.00433 9.98688
2.67792 1.73187 0.22888 0.57220 2.34222 1.86920 3.69263 3.31879 1.83868 1.86920 11.72638 8.20160 1.73950 0.55695 0.74005 2.29645 28.95355 15.79285 36.18622 8.98743 12.81738 10.30731 1.34277 38.66577 5.97382 9.01794 40.26794 3.33405 16.24298 2.24304 2.97546
1.55640 2.14386 2.89154 3.25012 3.18909 1.96838 1.22070 1.85394 0.98419 0.65613 0.33569 1.79291 5.58472 2.79999 8.76617 4.43268 6.82831 2.41089 12.07733 4.91333 6.64520 5.81360 6.84357 34.06525 3.41797 4.18091 1.29700 7.78198 13.58795 4.00543 21.01135
1.10626 3.11279 5.12695 10.02502 1.67847 4.59290 5.43976 2.15149 1.67084 3.94440 0.89264 7.85065 6.70624 55.77087 18.91327 1.36566 7.11060 23.42987 11.09314 4.95911 5.11169 5.76019 8.19397 16.36505 4.53949 7.75909 1.56403 8.91113 24.80316 18.20374 13.85498
