DATA/RAW-RASTER/ECMWF/20170628/EN-34/20170705.en-34.asc
ncols			31
nrows			16
xllcorner		69.5
yllcorner		19.5
cellsize		1.0
NODATA_value	-99999
0.04196 0.64087 4.49371 1.19400 10.19669 11.11603 4.22287 7.92313 2.17819 1.72424 4.30298 5.75256 3.84521 3.12805 1.30844 3.42941 2.25449 0.98419 1.52588 8.24738 8.51822 8.13675 8.76236 4.48608 4.02069 3.19672 5.86700 4.65012 1.75858 9.35364 16.63589
0.00000 0.05722 8.64029 5.52368 5.52368 3.41034 1.86920 3.66974 3.71552 0.88882 2.07901 2.28882 4.64249 1.94550 1.18637 0.39291 2.42996 1.51062 5.30624 11.76834 8.15964 6.96564 7.10678 2.52533 3.37219 4.44031 7.06482 8.56781 9.58633 11.46698 9.00269
0.59128 0.56076 0.48447 12.52365 5.98526 3.89862 0.75150 2.25830 0.56839 0.08011 0.27084 0.29373 8.51059 2.93732 9.27734 10.00214 8.46481 9.26971 7.06100 5.49698 7.11441 4.36020 5.94711 1.94168 2.89536 2.68555 2.94113 4.98199 5.21469 8.46100 15.48004
1.62125 5.16510 1.05667 8.08334 46.66901 22.75848 2.97165 2.37656 0.36240 0.11063 5.06592 4.22287 6.38580 7.62558 7.85446 19.48166 7.08008 16.98685 8.21304 8.28934 8.48389 7.97653 13.05008 6.87027 6.86646 2.82288 3.17764 7.99561 12.62665 10.82230 12.34055
2.33459 0.00763 1.54877 6.03867 16.35742 33.76007 14.73999 5.23376 14.57977 23.25058 21.95358 28.27072 11.01303 2.26593 1.65939 4.22287 7.74002 4.77219 2.69699 2.22778 4.42505 5.46646 4.26483 7.69806 6.25229 2.90680 2.18582 2.44904 6.88553 11.51276 10.55908
1.11771 0.00381 0.00000 0.00381 0.71335 4.42123 9.48715 6.61850 0.92697 93.61267 101.55869 45.53223 18.73398 4.16183 8.88824 4.73404 2.72751 2.06757 3.86810 5.58090 4.92096 8.69751 4.31824 7.22885 14.11057 17.82227 7.59506 2.04468 5.74875 16.11328 11.05499
0.00000 0.00000 0.49591 0.00000 0.02670 0.83160 5.61905 4.27246 4.62723 88.35983 636.34875 39.38675 13.72147 12.05826 2.47192 3.34930 2.12097 3.31116 1.81961 7.68280 1.98746 5.80597 9.32693 9.72366 11.60049 35.08377 42.69028 11.16943 4.50134 9.34982 11.17706
0.00000 0.00000 0.00000 0.00000 0.00000 0.00000 0.95367 5.59616 7.32422 22.96448 147.28165 19.57321 3.41034 24.45221 40.98511 18.42117 9.99069 4.82941 5.65338 10.45227 4.75693 8.78906 2.09808 15.98358 16.11328 21.86584 39.84451 29.64401 30.01404 3.01743 7.34711
0.00381 0.00381 0.00381 0.01907 0.00000 0.00000 0.17166 2.18964 5.40924 23.07510 66.50543 22.07184 15.80429 11.79886 10.03647 12.70676 13.43536 15.21683 19.29092 47.35565 14.14871 27.37045 16.09802 12.29477 5.51605 2.82288 28.72467 31.57806 42.13715 16.67404 11.54327
0.10300 0.14496 0.17166 0.22125 0.32806 0.00381 0.28229 0.68283 7.61032 48.18344 169.34967 26.06201 25.08163 17.51709 23.71216 11.27625 6.70242 13.99994 20.25223 37.49466 5.90897 4.26483 9.29260 0.65613 0.54169 4.99725 16.81900 32.24182 46.27991 5.11169 1.40762
0.28992 0.20218 0.49973 0.35477 0.00000 0.00381 0.32043 1.12534 0.90408 6.77872 52.21558 30.58624 6.94656 8.34656 73.23456 9.10187 23.29254 16.59775 26.83640 11.73019 2.14005 12.91275 16.24680 2.00272 2.02179 1.47247 4.92859 22.76611 30.94482 8.86154 4.24576
0.09537 0.02670 0.90408 2.97546 1.35422 1.73569 0.62943 0.79727 0.19836 8.43430 8.65555 10.12421 3.68118 9.84573 42.98782 19.36340 11.63483 9.99069 13.88931 0.65994 4.77982 3.26538 2.05994 1.61362 1.26266 0.86594 1.05667 1.31989 5.37872 2.46811 1.98746
0.68665 0.77820 0.23651 0.79346 1.58691 1.29318 0.72861 0.80872 0.70953 14.56451 16.47568 35.04181 38.45215 10.80704 5.10788 28.11050 6.91605 16.38794 26.06201 14.27460 5.91278 8.60977 2.23160 2.80380 9.20105 0.70572 0.63324 0.90408 1.29318 2.46048 0.48065
2.20108 1.49918 0.20599 1.30463 3.58200 4.74930 1.51825 2.78091 1.60217 3.73459 17.79938 13.50021 87.25739 11.24191 20.25986 8.24738 29.81186 15.19012 14.88113 13.52692 18.67676 34.52682 2.09045 1.97220 5.24139 0.58746 0.36621 0.32043 0.77057 2.05231 0.55313
4.50897 2.41470 3.25775 6.60324 2.26974 2.94113 3.14331 0.52643 0.52261 1.91116 5.62286 15.76996 12.99286 4.01306 23.39554 14.52637 1.14822 10.15854 13.51166 19.33289 17.76505 22.76230 25.31052 4.27628 0.46539 0.16785 0.32425 0.05341 0.40054 0.75150 0.21744
3.65448 2.87247 7.22122 15.95688 0.74005 3.94821 2.15912 6.90079 4.15039 0.61417 4.65012 3.75748 9.42993 0.63705 2.94113 0.83923 13.88550 8.76236 19.95850 16.95633 14.26315 13.08441 14.36234 19.20319 6.60324 2.88010 1.58691 0.19455 0.53406 0.59128 0.46921
