DATA/RAW-RASTER/ECMWF/20170628/EN-34/20170701.en-34.asc
ncols			31
nrows			16
xllcorner		69.5
yllcorner		19.5
cellsize		1.0
NODATA_value	-99999
0.09155 0.51117 0.99945 0.82397 0.63324 0.24796 0.27466 0.04959 0.04959 0.09155 0.24796 1.41525 2.51007 0.72861 0.58746 3.23868 1.18637 0.63705 2.82669 4.58908 6.69861 15.33508 4.06265 3.06702 4.37164 2.43378 3.73459 4.89426 14.83536 7.64084 6.10733
0.00381 0.00000 0.31662 0.10300 3.74222 0.00763 0.00763 0.20981 0.02670 0.04196 0.22888 1.14441 1.46866 1.20544 2.92206 1.08337 0.73624 2.86102 2.17438 7.26700 4.13513 11.89804 5.18036 0.72098 4.40598 6.62231 5.55801 8.82721 8.65555 10.96725 14.05716
0.05722 0.01144 0.00000 0.01144 0.08774 1.64032 0.67902 0.02670 0.09155 0.78583 3.03650 3.90244 3.87573 5.48553 15.50293 11.15417 8.23593 5.13458 6.94656 5.39398 12.64191 7.84302 4.62723 4.76837 9.96780 1.81198 1.81961 6.98090 8.38470 11.44791 11.39832
0.70572 0.03433 0.00381 0.00000 0.00000 0.06866 0.18311 1.20926 7.30896 6.69098 2.94876 1.39618 6.43158 5.18036 4.51660 4.57382 12.28714 9.58633 12.82501 11.88660 11.14655 4.44794 7.15637 8.65173 4.30679 3.22723 2.13623 2.65503 7.10297 4.07028 7.79343
0.27466 0.00000 0.00000 0.00381 0.02289 2.31171 2.24304 52.05154 64.57138 5.97000 1.06049 1.82724 1.42670 2.14386 2.07520 1.15204 4.68826 4.27246 10.99396 4.76074 9.30786 6.53076 11.94763 6.06918 4.05884 9.04083 8.39996 4.87518 4.45938 4.40216 6.67191
0.02670 0.08392 0.00000 0.00000 0.01144 0.45776 0.38147 5.63049 14.55688 4.26102 3.04031 1.83105 4.19235 0.96893 0.79727 3.01361 7.83157 10.19287 14.24789 6.83975 3.50189 10.08606 11.12747 7.26318 12.75635 18.33725 12.08878 2.97546 1.77765 3.92914 6.66809
0.00000 0.01907 0.22507 0.45776 0.11063 0.45395 2.70844 1.40381 14.69421 1.74332 1.00327 4.70352 7.31277 4.86755 2.55585 1.67465 2.72751 2.94113 11.18088 2.66266 2.38037 5.18799 4.83322 16.03699 27.98080 95.12711 67.47818 23.93723 7.30133 4.40216 5.82886
0.00000 0.00000 0.12589 0.89264 3.23105 1.26266 2.26974 0.71335 8.36563 0.61417 4.57382 3.70789 7.27844 6.72531 6.32477 19.34052 11.95908 9.54056 1.42670 14.72855 20.57648 27.72522 14.34326 33.18024 84.56421 54.44336 33.90884 51.29623 71.29288 12.65335 5.32532
0.00000 0.00763 0.35477 1.73950 2.84576 2.95258 3.36838 1.25504 1.18256 1.55640 3.34930 0.80490 7.66373 3.65829 1.30081 46.69571 8.61359 14.23264 86.32278 175.60959 168.61343 195.16373 136.97433 40.02762 11.60812 8.59451 13.81683 114.79950 89.98871 21.35086 9.88770
0.00000 0.00381 0.41199 1.52588 4.43268 6.25992 6.62613 6.63757 3.25394 2.00272 1.22833 2.27356 9.64355 12.38251 8.60977 10.78415 6.20270 14.27460 15.18631 3.71170 11.63483 4.16565 32.88269 2.07901 6.11877 7.64465 32.50885 17.43317 27.80914 7.24792 8.59833
0.03433 0.03052 1.51062 2.83051 1.71661 14.67896 24.67728 25.37537 3.94058 2.37656 0.99945 1.17874 2.39944 12.76016 23.41843 21.41571 13.49258 16.68930 10.03265 9.43375 14.34326 19.92416 64.54468 10.70023 13.17215 10.02884 4.16565 5.83649 31.29959 6.21796 3.07846
0.11444 0.88501 2.49863 3.45993 13.02719 6.83212 31.42548 34.37805 8.39233 6.81686 3.04794 1.97220 8.11768 19.72580 37.72736 21.13342 5.67245 13.19504 10.47134 3.82233 6.59180 5.09644 6.41251 5.06973 9.94110 2.69699 2.29645 3.55911 2.59399 9.86099 3.86047
0.86212 1.50299 3.66592 19.95087 10.21194 4.48227 4.17709 9.39941 11.77597 7.21359 11.24954 14.70947 4.03595 17.16995 24.69635 20.15305 9.45663 18.34488 11.77597 3.58963 6.27518 11.24191 15.55634 7.83920 6.53839 0.82397 1.76239 2.45667 5.22614 5.11169 2.56348
1.04141 20.80536 19.26804 23.35739 84.65195 3.92914 1.50299 1.87683 1.31607 5.00488 17.73071 13.87787 15.09476 20.60699 36.64398 33.50067 50.64774 52.38724 12.39777 4.68063 7.56454 17.47131 10.97488 10.84137 3.22342 0.40817 0.77057 3.18146 2.40707 10.07462 2.27737
6.26755 4.15039 16.05606 22.83096 13.89313 2.63596 1.36948 0.72861 0.52261 2.60544 11.52039 17.98630 19.93942 61.91635 160.42709 124.72534 1.66702 11.47461 3.21579 3.52478 3.83759 6.58035 37.23145 30.40695 11.13892 0.85068 1.16730 1.38855 10.53238 5.21469 7.32803
5.61523 4.11606 31.59714 27.09579 3.14331 6.41251 7.06100 5.73349 0.83160 2.35748 4.52042 13.49640 27.52686 69.51141 35.17151 5.77927 4.78363 16.96777 16.91818 3.62778 2.50244 6.56891 12.25662 32.19986 36.04126 4.84085 6.69861 15.83862 4.10080 10.80704 1.85013
