DATA/RAW-RASTER/ECMWF/20170628/EN-34/20170629.en-34.asc
ncols			31
nrows			16
xllcorner		69.5
yllcorner		19.5
cellsize		1.0
NODATA_value	-99999
0.75245 0.44346 2.53868 2.85053 5.07927 2.77519 5.71823 3.49426 3.40271 3.21579 6.65760 9.03702 11.08837 10.65254 15.64598 5.90897 5.27668 2.48051 3.76415 5.38826 11.78837 16.28304 9.93252 1.04809 2.94113 0.59891 0.63610 0.04292 0.03624 0.00000 0.13447
7.53021 9.25064 0.42248 10.30636 3.02696 3.24345 11.30676 14.29844 7.81918 8.34370 8.85201 7.56073 12.49027 9.68075 14.38332 24.40071 13.61179 6.34480 9.60827 2.09427 3.21388 5.63622 9.00459 7.94220 2.37370 3.15762 0.63705 0.44537 0.40150 0.04101 0.01335
0.88692 3.13950 2.12097 7.09248 16.38889 28.07140 46.73290 19.04297 11.12747 5.15270 2.92206 3.10898 3.61061 8.25405 6.24084 7.61223 6.51264 7.75528 5.76115 4.68922 8.12054 11.62434 7.78103 2.44522 5.14412 3.67451 5.30815 0.62752 1.17397 0.50354 0.51308
0.76485 2.97070 2.25067 7.54166 51.34296 169.73209 42.48524 31.07738 22.39037 3.66974 1.91498 0.78392 0.61321 1.05953 1.40667 1.46580 6.61182 11.46507 8.03757 12.12883 3.65162 7.93362 6.78921 1.81293 3.82996 0.17166 10.56671 3.28350 5.73826 5.13458 0.46158
1.77956 0.61607 4.62723 15.15102 26.55983 51.00346 51.97144 18.62526 6.91891 8.19588 0.47684 1.11198 2.33364 0.94795 0.23174 0.46062 2.49672 2.12193 3.97682 5.27763 5.67055 6.60515 5.06020 4.25720 0.83447 2.80285 0.96703 8.23689 10.19859 7.55310 10.14328
1.76811 0.28706 6.81877 12.76207 34.33800 24.83273 55.00317 28.45097 25.97809 6.15406 7.83730 5.33772 5.23663 0.64087 0.48637 0.67711 2.19536 1.40762 3.15762 5.28717 4.30202 7.60651 7.69234 6.36101 7.79438 14.32323 5.76019 4.65775 13.48782 7.66087 8.65555
0.04387 0.66376 11.51276 10.10132 18.80550 15.96832 25.30479 13.79395 12.51030 25.56515 6.64711 10.65540 8.05950 2.88010 0.34714 1.59645 1.39809 2.73132 7.67326 9.99546 5.91278 14.84299 6.96659 11.58524 28.80001 34.48391 33.99181 16.31260 2.22874 9.78374 7.62749
0.53883 1.64795 4.66728 16.20579 4.20570 13.22460 30.16090 16.45660 7.22313 7.70283 27.08054 6.09112 15.13290 33.59795 29.97971 18.21613 11.31153 0.61989 1.22929 5.74398 12.74204 21.35277 5.61810 24.27959 32.32956 43.05458 10.28442 9.24301 36.61633 11.58333 6.92749
11.72256 34.22451 34.93309 11.50322 3.31116 12.92896 5.55992 1.90544 12.02679 2.40803 6.69956 9.37653 18.31722 18.69965 13.88264 13.63277 10.09941 8.26740 13.24844 48.82717 22.37320 7.35569 13.30185 6.10065 22.82238 4.15993 7.87449 69.92435 91.17222 12.93564 4.98295
15.33699 13.81588 3.92246 2.17819 4.38023 5.17178 1.67274 0.77248 2.18773 7.85351 6.43063 5.55134 8.80527 21.48533 14.59885 3.97873 2.89536 6.77586 9.31358 13.92841 9.99832 10.15472 10.06603 2.50912 3.60298 15.31219 18.48793 25.03395 19.89365 6.78539 5.14317
5.01156 7.39098 1.07193 7.20406 2.06280 1.68324 0.23937 0.25082 0.30231 4.24290 5.55134 4.62151 7.03621 10.77175 14.97936 4.26483 5.52940 5.52750 9.68361 3.75843 9.00841 8.72993 4.74072 1.71852 7.17258 18.02444 8.58212 14.16874 18.72635 7.69234 4.81606
33.19836 4.81892 6.31618 11.41930 3.48473 1.54400 0.99277 2.07520 0.23556 1.19495 8.30746 5.44262 6.50501 19.64188 25.27237 10.97870 5.02205 5.69344 8.73566 1.79291 1.09863 1.70708 0.29564 6.24180 37.78458 1.93501 4.02069 8.29697 10.55813 7.93743 5.85556
13.20553 13.95988 5.36156 14.23645 5.17845 3.01075 1.69277 1.71852 5.42831 8.19492 5.89371 14.10961 18.02063 27.16446 24.38736 8.04138 5.66959 8.04806 10.44273 1.64986 2.83051 3.37410 3.80611 10.09655 42.65118 3.14331 2.65598 17.08221 7.07054 4.23241 0.72479
42.55962 7.91740 1.95312 17.78126 2.86674 1.31035 1.37997 1.76144 0.94891 9.64928 36.79276 19.76585 32.88746 22.04132 18.76831 11.76739 11.09505 8.34846 2.85053 2.98786 4.11987 12.96043 5.85175 30.55191 8.17776 2.04659 0.78297 25.30670 1.57928 14.38999 8.59642
45.51411 8.97598 23.88287 50.00496 4.33540 2.89154 1.38760 0.62752 1.57642 8.78048 13.04626 7.95364 20.34473 39.02245 17.09461 3.55911 2.49195 8.49342 5.36823 2.86293 6.47449 12.79068 42.27543 41.29696 11.22284 2.83146 5.80597 1.56689 13.19313 13.67283 25.49362
16.20960 19.75250 18.42403 35.18105 4.36115 5.18036 1.89781 0.90218 2.67506 15.34271 10.42938 18.39542 7.76768 18.97430 3.61824 21.81625 6.06537 11.08170 15.06233 7.59602 12.89749 13.32951 21.54922 26.59798 57.50561 40.84682 4.37737 16.94489 4.61388 14.64558 18.76068
