DATA/RAW-RASTER/ECMWF/20170628/EN-34/20170704.en-34.asc
ncols			31
nrows			16
xllcorner		69.5
yllcorner		19.5
cellsize		1.0
NODATA_value	-99999
0.43488 4.19617 2.24686 0.95749 3.42178 4.55093 1.89972 1.89209 1.66321 1.05667 5.11169 4.34875 9.04083 10.32257 14.04190 15.71655 11.47842 5.51224 3.65829 1.50299 1.93024 1.30081 2.34985 2.91443 1.89972 0.41580 0.58746 3.73459 5.12695 2.60544 8.84247
0.30136 0.12207 7.62558 3.18909 8.32748 0.95367 0.47302 2.97546 3.13568 1.37711 5.14221 2.57111 2.61688 3.95966 9.62448 14.62173 9.35745 3.78799 1.91498 0.32043 0.17166 0.88882 1.90735 3.63541 2.30408 2.83432 2.27356 4.94385 4.58527 2.78091 8.14819
0.85449 5.67627 10.90240 8.78525 8.35800 5.98526 7.37381 0.32043 0.12207 0.33951 0.64468 0.63324 4.14658 10.94055 13.48495 12.58850 10.24628 5.73349 0.52261 2.99072 1.49536 2.26593 7.49207 4.61960 8.54492 2.91824 1.82343 2.20490 1.44958 1.12534 1.27029
2.35367 0.02670 8.31604 14.40811 47.66464 14.26697 3.70026 11.18851 0.14877 0.06104 0.14877 0.67139 1.01471 2.77328 9.03320 8.04520 6.11496 3.37982 4.15039 9.55582 6.69479 6.62994 13.78632 26.39771 15.38086 6.87790 3.70407 6.03104 10.40649 9.13620 4.66919
3.94821 0.00000 0.00000 0.00000 7.56073 16.15906 14.41956 3.41034 5.27954 5.79834 0.45395 3.08990 6.99615 2.78473 8.60977 14.14108 15.82718 20.56122 17.75742 9.90295 8.35800 18.29147 11.29150 7.86972 4.85992 2.10571 2.68936 2.91443 14.46152 19.13071 15.02228
0.00000 0.00000 0.01526 0.00000 0.00000 4.18091 6.19507 3.06702 3.35693 7.31659 35.41946 35.29739 20.38574 7.21741 11.06262 12.36725 15.06805 15.58304 13.58032 15.11765 12.37488 7.31277 3.88718 7.72095 8.32367 25.55466 9.08279 1.24359 7.41959 10.90622 20.05768
0.00000 0.00000 0.00000 0.00000 0.01526 1.30081 0.89264 3.00217 4.48608 11.47842 267.56287 92.26227 14.12964 14.63699 4.60052 3.74222 3.96729 5.10788 1.91498 2.53296 4.37164 4.01306 6.48499 10.10513 16.37268 55.31311 32.67670 6.04630 1.76620 9.66263 10.63919
0.00000 0.00000 0.00000 0.00000 0.00000 0.01526 0.89645 4.74930 9.44519 11.20377 68.48145 17.12036 8.31223 14.46915 34.74426 21.21353 11.34872 9.70840 10.21957 10.49423 38.89465 27.09961 7.89642 17.99774 19.05060 20.85114 34.94644 21.66367 11.77597 8.55255 9.92584
0.00000 0.00000 0.01526 0.03815 0.00763 0.00000 0.76294 4.53949 13.00812 14.96887 37.90283 15.10620 20.48111 29.56009 9.58252 14.39285 46.37909 78.35007 47.21451 217.61322 142.13181 61.65695 45.24612 13.27133 4.80652 7.01904 10.99777 28.13339 13.86261 6.44684 9.31549
0.00000 0.22125 0.52643 0.25940 0.24414 0.00000 0.11826 3.61633 17.74597 28.69797 52.64282 30.60913 27.27127 26.92032 32.49359 19.14978 14.51492 6.50787 18.64243 19.82498 9.28497 2.85339 21.14105 1.79672 0.88501 11.17706 23.05603 27.92740 22.76230 6.11877 5.59616
0.20981 0.52643 1.10245 0.96893 0.02289 0.12589 0.56839 9.15527 18.90945 77.61002 80.45197 137.86316 14.14108 3.93677 13.32474 53.86734 47.97745 10.13565 23.00644 14.09531 8.05664 8.70895 44.86084 4.42886 1.97983 9.88770 7.67899 17.37595 49.03412 8.44193 6.05392
0.32806 0.48447 0.95749 3.07083 0.72861 1.51062 0.22125 1.24741 11.38306 40.59219 23.93723 23.80753 41.86249 2.01797 3.00217 8.12531 10.30731 7.42340 55.81284 12.61139 9.34219 3.66211 1.54114 0.69046 6.79016 1.82343 7.69806 22.52197 25.25330 17.60864 8.95309
0.48065 1.86539 1.44577 0.89645 2.54440 2.85339 2.60925 3.85284 5.91660 20.77103 58.48694 74.63074 19.18030 4.66919 4.74548 9.69315 3.46375 5.33295 16.24680 17.09366 7.70187 3.94058 2.70462 3.08228 12.52365 3.71170 3.00980 6.91605 14.35089 23.91434 9.67407
1.96838 1.38855 0.14496 1.07574 2.92587 1.06430 4.78363 6.83975 9.22775 1.49155 21.90018 15.30838 5.41306 3.20053 11.34491 21.27075 6.98090 17.63535 13.27515 14.64081 15.35797 22.01462 3.11279 3.84521 5.72205 0.08774 2.46048 9.01794 17.45605 15.23590 8.39996
3.13187 0.49591 1.67847 2.79617 3.69263 1.17111 1.80817 1.38474 1.61743 5.84793 9.81903 14.52255 14.55688 8.45718 27.73285 6.10733 7.02286 10.48660 6.72150 16.38794 18.87512 18.12363 22.24731 10.96344 0.71335 0.00000 2.12860 2.96021 5.13458 4.76456 3.18909
3.34167 3.15475 4.89807 8.48770 1.48392 3.27682 4.83322 3.63159 1.78528 1.41907 5.13077 12.16125 7.16019 16.18958 13.38196 2.84195 1.67465 3.89099 9.22775 9.07898 13.92746 9.70459 16.37650 15.49530 11.81412 3.40271 2.61688 0.32043 1.22452 1.11389 5.83267
