DATA/RAW-RASTER/ECMWF/20170628/EN-34/20170707.en-34.asc
ncols			31
nrows			16
xllcorner		69.5
yllcorner		19.5
cellsize		1.0
NODATA_value	-99999
0.87738 0.52643 0.14496 0.00763 2.82288 0.52643 0.70953 0.09155 0.07629 0.02289 0.95367 0.57220 3.06702 2.31171 1.92261 2.86865 3.30353 2.70844 5.67627 4.39453 4.62341 3.23486 4.46320 4.89044 4.14276 1.90735 4.24194 1.00708 0.31281 0.63324 1.39618
4.56238 0.24414 0.03052 0.22888 0.82397 0.00000 0.00000 1.31226 0.04578 0.03052 0.18311 1.06049 1.12915 1.32751 4.81415 12.26044 4.19617 6.58417 5.76782 8.90350 5.18799 9.89532 6.62231 6.68335 5.13458 4.38690 1.51062 1.31226 1.09863 0.48828 0.51117
1.44958 0.25177 0.49591 0.19836 0.32043 1.60217 0.19073 0.03052 0.00000 0.00763 0.39673 0.30518 1.11389 1.19781 3.15094 3.45612 0.99945 0.66376 2.07520 3.34167 0.99182 3.54004 8.99506 11.35254 13.42010 4.84467 7.65991 3.40271 7.60651 2.60162 0.64087
0.51117 0.00000 0.00763 0.00000 0.01526 0.09918 1.82343 9.78851 0.01526 0.34332 0.33569 0.42725 1.44958 1.70898 1.65558 0.60272 2.26593 1.27411 5.47028 4.25720 10.98633 6.91223 5.48553 11.82556 6.09589 1.91498 9.32312 8.67462 15.34271 16.39557 2.87628
10.39886 3.89862 0.72479 0.00000 0.05341 0.16785 1.05286 0.95367 3.21198 0.07629 1.08337 1.25122 0.64087 2.40326 0.93842 0.62561 0.99182 5.59235 3.10516 5.03540 3.76892 6.69098 10.17761 9.43756 2.46429 6.43158 2.05994 13.57269 12.28333 6.82831 1.67847
4.68445 1.52588 0.11444 0.00763 0.05341 0.38147 0.96893 1.04523 1.38855 3.31116 4.82941 4.65393 0.50354 0.96130 1.00708 0.66376 13.02338 4.65393 7.23267 15.12146 15.93781 23.89526 9.07135 5.10406 4.57764 6.37054 1.30463 2.97546 6.22559 6.88934 12.22229
0.77057 0.02289 0.04578 0.18311 0.05341 0.02289 1.36566 0.89264 0.67139 3.52478 13.11493 6.22559 5.47028 3.18909 0.63324 1.61743 1.32751 9.36127 7.98035 9.10187 11.32965 13.91602 21.89636 10.26154 6.06537 4.43268 4.07410 2.53296 2.09808 3.05176 9.46045
0.00000 0.00000 0.00000 0.00000 0.00000 0.02289 0.51117 0.79346 0.84686 12.55798 1.96075 6.01196 1.61743 6.46210 2.14386 3.79944 4.18854 4.64630 4.13513 4.89044 9.07898 10.20050 7.71332 6.46210 13.31329 23.93341 50.75836 16.09802 10.09369 4.06647 2.91443
0.00000 0.03052 0.02289 0.00000 0.00000 0.01526 0.17548 0.33569 11.74164 11.19232 9.52148 17.99774 3.34930 1.22070 1.89972 2.86865 10.58960 6.27899 31.11267 17.06696 52.29950 28.58734 30.47943 16.22772 2.49481 7.34711 17.09747 13.74054 16.06750 6.98853 3.57056
0.17548 0.25940 1.86920 0.48065 0.07629 0.00000 0.09918 0.35095 4.42505 22.64404 2.73132 1.38092 0.54169 4.76837 4.02069 0.83923 10.63538 8.74329 5.18799 4.24194 13.97705 2.99072 46.31805 6.93512 0.65613 7.51495 26.26801 24.44458 77.80457 18.66913 3.42560
0.32806 1.23596 0.19073 0.53406 0.02289 0.00763 0.00000 0.28229 1.96838 7.69806 16.83807 3.03650 1.18256 3.02124 8.41522 4.73022 11.13129 11.36780 3.61633 11.40594 7.69043 10.58960 19.69910 7.53021 1.54877 16.03699 6.72150 21.96503 42.57965 15.22064 19.81354
0.48828 0.12207 0.59509 1.71661 0.61035 0.08392 0.15259 0.82397 0.78583 3.37982 5.32532 4.44794 27.28271 10.63538 19.05060 9.65881 16.96777 11.36017 11.92474 4.63104 3.63159 1.38855 1.19781 4.82941 6.19507 18.16559 6.93512 14.08386 5.21088 8.29315 9.70459
1.59454 0.87738 0.27466 0.74005 1.07574 0.25177 0.12970 1.31989 8.06427 13.81683 12.10022 15.65552 9.06372 28.96118 14.47296 19.33289 184.29565 27.09198 6.48499 2.15912 3.65448 2.83051 0.99182 8.13293 15.11383 7.93457 2.18964 2.22015 6.29425 9.59778 1.16730
1.73950 1.03760 0.22888 1.02234 1.70135 0.71716 0.16785 2.57874 3.10516 2.31934 34.29413 14.00757 3.08990 19.84406 35.33936 37.84180 18.11218 8.75092 6.01196 5.21088 1.77002 10.39124 2.94495 8.01086 3.20435 4.13513 3.31879 2.07520 9.37653 3.79944 8.17108
0.69427 0.64850 0.56458 1.57928 3.20435 1.48010 0.51117 0.28229 0.77820 4.40979 14.12201 21.82770 18.58521 10.45227 15.30457 7.52258 3.70026 5.72968 2.00653 3.52478 5.74493 3.56293 15.61737 10.37598 0.99945 1.74713 0.88501 3.68500 7.95746 8.52203 7.04193
2.94495 1.58691 4.35638 7.31659 1.42670 2.21252 1.09100 1.93024 0.67902 2.63977 4.23431 13.27515 6.33240 13.25226 14.09912 24.46747 9.79614 8.24738 2.49481 2.51007 3.22723 9.26971 8.24738 12.73346 5.93567 2.34985 2.60162 4.24957 3.55530 13.74817 11.61194
