DATA/SHG/ECMWF/20170628/EN-25/20170704.en-25.asc
ncols        190
nrows        64
xllcorner    -5100000.000000000000
yllcorner    4130000.000000000000
cellsize     10000.000000000000
NODATA_value  -99999.000
[rows 0 to 31 of 64, columns 0 to 70 of 190]
0.161 0.192 0.224 0.255 0.287 0.318 0.348 0.379 0.410 0.459 0.512 0.563 0.611 0.656 0.699 0.739 0.776 0.811 0.843 0.881 0.922 0.939 0.946 0.952 0.957 0.962 0.966 0.970 0.973 0.975 0.977 0.978 0.979 0.964 0.939 0.913 0.888 0.862 0.836 0.810 0.784 0.757 0.731 0.704 0.677 0.670 0.683 0.699 0.719 0.741 0.767 0.795 0.827 0.862 0.899 0.940 0.984 1.013 1.022 1.030 1.036 1.041 1.044 1.047 1.047 1.047 1.045 1.042 1.038 1.076 1.187
0.141 0.172 0.203 0.234 0.264 0.295 0.325 0.355 0.385 0.424 0.468 0.510 0.554 0.598 0.641 0.683 0.724 0.763 0.801 0.839 0.875 0.894 0.899 0.903 0.906 0.909 0.911 0.912 0.913 0.913 0.913 0.912 0.910 0.897 0.871 0.845 0.819 0.793 0.766 0.739 0.712 0.685 0.658 0.630 0.602 0.594 0.618 0.645 0.675 0.708 0.745 0.784 0.826 0.871 0.920 0.971 1.026 1.066 1.070 1.073 1.075 1.075 1.074 1.071 1.068 1.063 1.056 1.049 1.040 1.061 1.181
0.121 0.152 0.182 0.212 0.243 0.276 0.309 0.342 0.375 0.413 0.457 0.499 0.540 0.580 0.619 0.657 0.694 0.729 0.764 0.797 0.830 0.850 0.852 0.854 0.855 0.856 0.855 0.855 0.853 0.851 0.849 0.846 0.842 0.830 0.804 0.777 0.750 0.723 0.696 0.668 0.641 0.613 0.585 0.557 0.528 0.515 0.550 0.588 0.628 0.672 0.719 0.769 0.822 0.878 0.937 0.999 1.064 1.120 1.119 1.118 1.115 1.110 1.105 1.097 1.089 1.079 1.068 1.056 1.086 1.140 1.307
0.110 0.142 0.175 0.208 0.242 0.275 0.308 0.342 0.376 0.412 0.451 0.490 0.527 0.563 0.598 0.632 0.665 0.697 0.727 0.757 0.785 0.806 0.807 0.806 0.805 0.803 0.801 0.798 0.795 0.791 0.786 0.780 0.774 0.764 0.737 0.710 0.682 0.654 0.626 0.598 0.570 0.541 0.512 0.483 0.454 0.433 0.479 0.527 0.579 0.633 0.691 0.752 0.815 0.882 0.952 1.024 1.100 1.175 1.170 1.164 1.157 1.169 1.186 1.210 1.240 1.275 1.317 1.366 1.420 1.480 1.631
0.106 0.140 0.173 0.207 0.240 0.274 0.308 0.342 0.377 0.411 0.447 0.481 0.515 0.547 0.578 0.608 0.637 0.665 0.692 0.718 0.742 0.764 0.762 0.759 0.756 0.752 0.748 0.742 0.737 0.730 0.724 0.716 0.708 0.698 0.670 0.642 0.614 0.586 0.557 0.528 0.499 0.470 0.440 0.411 0.381 0.351 0.405 0.464 0.526 0.591 0.660 0.731 0.805 0.885 0.973 1.063 1.153 1.245 1.266 1.287 1.314 1.347 1.386 1.431 1.482 1.539 1.603 1.672 1.748 1.829 1.957
0.103 0.137 0.170 0.205 0.239 0.273 0.308 0.342 0.377 0.412 0.444 0.474 0.504 0.532 0.560 0.586 0.611 0.635 0.658 0.680 0.701 0.720 0.717 0.713 0.707 0.701 0.695 0.687 0.680 0.671 0.662 0.652 0.642 0.631 0.604 0.575 0.547 0.517 0.488 0.458 0.429 0.399 0.369 0.338 0.308 0.277 0.334 0.419 0.504 0.591 0.679 0.768 0.858 0.949 1.041 1.135 1.229 1.324 1.374 1.416 1.464 1.519 1.579 1.645 1.718 1.797 1.881 1.972 2.069 2.172 2.288
0.099 0.133 0.168 0.202 0.237 0.272 0.307 0.342 0.377 0.413 0.442 0.468 0.494 0.519 0.542 0.565 0.586 0.606 0.625 0.643 0.660 0.676 0.674 0.667 0.659 0.651 0.642 0.633 0.623 0.612 0.601 0.589 0.577 0.564 0.538 0.509 0.479 0.449 0.419 0.397 0.381 0.366 0.352 0.339 0.326 0.314 0.371 0.459 0.549 0.639 0.731 0.824 0.917 1.012 1.108 1.205 1.303 1.403 1.476 1.539 1.609 1.684 1.766 1.854 1.948 2.048 2.154 2.266 2.384 2.509 2.622
0.095 0.130 0.165 0.200 0.235 0.271 0.306 0.342 0.378 0.414 0.441 0.464 0.486 0.506 0.526 0.545 0.562 0.578 0.594 0.608 0.621 0.633 0.631 0.622 0.612 0.602 0.591 0.579 0.567 0.554 0.541 0.527 0.522 0.518 0.505 0.488 0.472 0.457 0.442 0.429 0.415 0.403 0.391 0.380 0.369 0.360 0.406 0.498 0.592 0.686 0.781 0.878 0.976 1.074 1.174 1.275 1.377 1.480 1.572 1.656 1.747 1.844 1.947 2.056 2.171 2.293 2.420 2.554 2.693 2.839 2.960
0.091 0.127 0.162 0.198 0.233 0.269 0.305 0.341 0.378 0.414 0.441 0.460 0.478 0.495 0.511 0.526 0.539 0.552 0.563 0.574 0.583 0.591 0.589 0.578 0.566 0.570 0.573 0.574 0.573 0.570 0.565 0.558 0.549 0.537 0.524 0.509 0.496 0.483 0.471 0.459 0.448 0.438 0.429 0.420 0.412 0.405 0.440 0.536 0.634 0.732 0.831 0.931 1.033 1.135 1.239 1.343 1.449 1.556 1.661 1.767 1.879 1.998 2.122 2.252 2.389 2.532 2.680 2.835 2.996 3.163 3.302
0.087 0.123 0.159 0.195 0.231 0.268 0.304 0.341 0.377 0.414 0.443 0.458 0.472 0.485 0.497 0.508 0.518 0.528 0.550 0.575 0.601 0.629 0.649 0.651 0.651 0.649 0.645 0.639 0.631 0.621 0.608 0.594 0.578 0.559 0.541 0.530 0.518 0.508 0.498 0.489 0.481 0.473 0.466 0.460 0.454 0.450 0.474 0.573 0.674 0.776 0.879 0.983 1.088 1.195 1.302 1.410 1.520 1.630 1.745 1.872 2.005 2.145 2.291 2.442 2.600 2.764 2.934 3.110 3.292 3.480 3.648
0.083 0.119 0.156 0.192 0.229 0.266 0.303 0.340 0.377 0.415 0.446 0.461 0.478 0.497 0.519 0.542 0.567 0.594 0.624 0.655 0.689 0.724 0.753 0.747 0.740 0.731 0.719 0.706 0.691 0.673 0.654 0.632 0.609 0.583 0.558 0.549 0.540 0.532 0.525 0.518 0.513 0.507 0.503 0.499 0.496 0.493 0.506 0.609 0.714 0.820 0.926 1.034 1.143 1.253 1.364 1.476 1.590 1.704 1.822 1.971 2.125 2.286 2.453 2.626 2.805 2.990 3.182 3.379 3.582 3.792 3.998
0.078 0.115 0.152 0.194 0.238 0.280 0.320 0.358 0.394 0.429 0.460 0.482 0.506 0.533 0.561 0.591 0.624 0.658 0.695 0.733 0.774 0.817 0.858 0.845 0.831 0.814 0.796 0.775 0.753 0.728 0.701 0.672 0.642 0.609 0.575 0.568 0.562 0.556 0.551 0.547 0.543 0.541 0.539 0.537 0.536 0.536 0.537 0.644 0.752 0.862 0.972 1.084 1.197 1.310 1.425 1.541 1.658 1.776 1.895 2.063 2.239 2.421 2.610 2.804 3.004 3.211 3.423 3.688 4.006 4.345 4.707
0.129 0.172 0.213 0.253 0.290 0.325 0.358 0.389 0.419 0.446 0.471 0.501 0.532 0.566 0.601 0.639 0.678 0.720 0.764 0.810 0.857 0.907 0.959 0.945 0.923 0.900 0.874 0.846 0.816 0.785 0.751 0.715 0.677 0.637 0.595 0.586 0.582 0.579 0.576 0.575 0.574 0.573 0.574 0.575 0.576 0.579 0.582 0.677 0.789 0.903 1.017 1.132 1.249 1.367 1.485 1.605 1.726 1.847 1.970 2.150 2.364 2.605 2.867 3.152 3.459 3.788 4.138 4.511 4.906 5.323 5.762
0.211 0.247 0.281 0.313 0.344 0.372 0.398 0.423 0.445 0.465 0.484 0.517 0.556 0.596 0.639 0.684 0.731 0.779 0.830 0.883 0.938 0.995 1.054 1.047 1.018 0.987 0.954 0.919 0.882 0.843 0.802 0.759 0.714 0.667 0.618 0.603 0.602 0.601 0.601 0.602 0.603 0.605 0.608 0.611 0.615 0.620 0.626 0.710 0.826 0.943 1.061 1.180 1.300 1.436 1.573 1.707 1.840 1.971 2.100 2.330 2.626 2.944 3.284 3.645 4.029 4.435 4.863 5.312 5.784 6.278 6.794
0.295 0.324 0.351 0.376 0.400 0.421 0.441 0.458 0.473 0.487 0.499 0.531 0.577 0.625 0.675 0.727 0.781 0.837 0.895 0.955 1.017 1.081 1.147 1.151 1.115 1.077 1.037 0.995 0.950 0.904 0.856 0.806 0.753 0.699 0.643 0.620 0.621 0.622 0.625 0.628 0.632 0.636 0.641 0.647 0.654 0.661 0.696 0.793 0.934 1.074 1.212 1.347 1.481 1.613 1.743 1.871 1.997 2.122 2.244 2.494 2.867 3.261 3.678 4.117 4.578 5.060 5.565 6.091 6.640 7.211 7.803
0.380 0.403 0.423 0.441 0.458 0.472 0.485 0.495 0.504 0.511 0.515 0.543 0.596 0.651 0.708 0.767 0.828 0.891 0.957 1.024 1.093 1.165 1.238 1.257 1.214 1.168 1.121 1.072 1.020 0.967 0.912 0.854 0.795 0.733 0.670 0.636 0.639 0.643 0.651 0.681 0.712 0.745 0.779 0.814 0.851 0.889 0.929 1.012 1.146 1.279 1.410 1.539 1.666 1.792 1.915 2.037 2.156 2.274 2.390 2.636 3.085 3.557 4.051 4.566 5.104 5.663 6.245 6.848 7.474 8.121 8.790
0.468 0.484 0.497 0.508 0.518 0.526 0.531 0.535 0.537 0.536 0.534 0.553 0.613 0.675 0.739 0.805 0.874 0.944 1.016 1.091 1.167 1.246 1.326 1.365 1.314 1.262 1.207 1.151 1.092 1.032 0.969 0.910 0.861 0.814 0.769 0.748 0.778 0.810 0.843 0.878 0.914 0.952 0.991 1.031 1.073 1.116 1.161 1.232 1.360 1.486 1.610 1.733 1.853 1.972 2.089 2.204 2.317 2.428 2.537 2.756 3.283 3.831 4.402 4.994 5.608 6.245 6.903 7.583 8.285 9.009 9.755
0.558 0.566 0.573 0.578 0.580 0.581 0.580 0.576 0.571 0.564 0.555 0.560 0.627 0.697 0.768 0.841 0.917 0.994 1.074 1.156 1.239 1.325 1.412 1.475 1.419 1.366 1.314 1.264 1.215 1.167 1.121 1.076 1.032 0.990 0.949 0.923 0.958 0.995 1.033 1.073 1.114 1.157 1.201 1.246 1.293 1.341 1.391 1.453 1.575 1.694 1.812 1.928 2.042 2.154 2.264 2.372 2.479 2.583 2.686 2.855 3.458 4.083 4.731 5.400 6.091 6.804 7.539 8.296 9.074 9.875 10.698
0.650 0.651 0.651 0.649 0.644 0.638 0.630 0.620 0.608 0.594 0.578 0.565 0.640 0.716 0.795 0.875 0.958 1.054 1.155 1.252 1.345 1.436 1.522 1.600 1.551 1.502 1.455 1.410 1.365 1.323 1.281 1.241 1.202 1.165 1.128 1.096 1.136 1.178 1.221 1.266 1.312 1.360 1.409 1.459 1.511 1.565 1.620 1.677 1.792 1.904 2.016 2.125 2.232 2.337 2.441 2.543 2.642 2.740 2.836 2.932 3.612 4.314 5.038 5.784 6.551 7.341 8.153 8.986 9.842 10.719 11.618
0.743 0.738 0.731 0.722 0.711 0.698 0.683 0.666 0.647 0.626 0.648 0.645 0.741 0.847 0.949 1.048 1.143 1.235 1.323 1.408 1.490 1.568 1.642 1.713 1.681 1.637 1.595 1.554 1.514 1.476 1.439 1.404 1.370 1.337 1.306 1.276 1.313 1.359 1.408 1.458 1.509 1.561 1.615 1.671 1.728 1.786 1.846 1.907 2.010 2.116 2.220 2.323 2.424 2.522 2.619 2.714 2.808 2.899 2.988 3.076 3.744 4.523 5.323 6.146 6.990 7.856 8.745 9.655 10.587 11.540 12.516
0.839 0.827 0.813 0.979 1.108 1.199 1.252 1.268 1.246 1.186 1.088 0.952 0.985 1.079 1.169 1.256 1.339 1.418 1.495 1.568 1.637 1.703 1.766 1.825 1.809 1.770 1.733 1.697 1.662 1.628 1.596 1.566 1.536 1.508 1.481 1.456 1.487 1.539 1.593 1.647 1.703 1.761 1.820 1.881 1.943 2.006 2.071 2.137 2.229 2.329 2.427 2.523 2.617 2.709 2.799 2.888 2.974 3.059 3.142 3.222 3.854 4.710 5.587 6.486 7.407 8.350 9.314 10.265 11.136 11.967 12.758
2.175 2.284 2.355 2.389 2.385 2.343 2.264 2.146 1.991 1.799 1.568 1.300 1.233 1.314 1.392 1.467 1.538 1.606 1.670 1.731 1.788 1.842 1.892 1.939 1.936 1.902 1.869 1.838 1.808 1.779 1.752 1.725 1.701 1.677 1.656 1.635 1.660 1.717 1.776 1.835 1.897 1.959 2.023 2.089 2.156 2.224 2.294 2.365 2.451 2.544 2.635 2.724 2.812 2.897 2.981 3.063 3.143 3.221 3.297 3.371 4.007 5.020 5.992 6.925 7.817 8.669 9.480 10.252 10.983 11.674 12.325
4.023 3.999 3.938 3.839 3.702 3.527 3.315 3.065 2.777 2.452 2.089 1.688 1.484 1.553 1.619 1.682 1.741 1.796 1.848 1.897 1.942 1.984 2.023 2.058 2.061 2.032 2.004 1.977 1.952 1.928 1.905 1.884 1.864 1.845 1.828 1.812 1.832 1.894 1.957 2.022 2.088 2.155 2.225 2.295 2.367 2.440 2.515 2.591 2.674 2.760 2.845 2.927 3.008 3.172 3.389 3.605 3.823 4.042 4.261 4.481 5.013 5.885 6.718 7.510 8.262 8.974 9.646 10.277 10.868 11.420 11.931
5.910 5.753 5.559 5.327 5.058 4.751 4.406 4.023 3.603 3.145 2.649 2.116 1.738 1.796 1.849 1.900 1.947 1.990 2.030 2.067 2.100 2.130 2.156 2.179 2.185 2.160 2.137 2.115 2.094 2.075 2.057 2.041 2.025 2.011 1.999 1.988 2.001 2.068 2.136 2.206 2.277 2.350 2.424 2.500 2.577 2.655 2.840 3.050 3.255 3.470 3.685 3.902 4.119 4.337 4.556 4.775 4.995 5.216 5.438 5.661 6.056 6.788 7.481 8.133 8.745 9.317 9.849 10.340 10.792 11.203 11.575
7.836 7.547 7.220 6.856 6.453 6.014 5.536 5.021 4.468 3.878 3.250 2.584 1.996 2.041 2.083 2.121 2.156 2.188 2.216 2.240 2.261 2.279 2.293 2.304 2.307 2.287 2.269 2.251 2.235 2.221 2.208 2.196 2.185 2.176 2.168 2.162 2.169 2.241 2.314 2.554 2.804 3.043 3.271 3.487 3.691 3.884 4.065 4.235 4.404 4.622 4.840 5.059 5.278 5.499 5.720 5.942 6.165 6.389 6.613 6.838 7.136 7.729 8.281 8.793 9.266 9.698 10.090 10.442 10.754 11.025 11.257
9.793 9.379 8.920 8.423 7.888 7.316 6.706 6.059 5.374 4.651 3.891 3.093 2.257 2.290 2.320 2.346 2.369 2.388 2.404 2.417 2.426 2.432 2.434 2.433 2.428 2.413 2.399 2.386 2.375 2.365 2.356 2.352 2.489 2.661 2.865 3.103 3.373 3.618 3.851 4.073 4.283 4.481 4.668 4.843 5.007 5.159 5.300 5.429 5.551 5.771 5.992 6.213 6.435 6.659 6.882 7.107 7.332 7.559 7.786 8.013 8.254 8.706 9.119 9.492 9.824 10.116 10.369 10.581 10.753 10.885 10.978
11.666 11.251 10.659 10.030 9.363 8.658 7.916 7.136 6.319 5.464 4.572 3.641 2.674 2.543 2.560 2.574 2.585 2.592 2.596 2.597 2.594 2.588 2.578 2.565 2.551 2.570 2.624 2.711 2.832 2.986 3.174 3.395 3.649 3.937 4.258 4.612 5.000 5.228 5.420 5.601 5.771 5.929 6.075 6.210 6.333 6.445 6.545 6.634 6.711 6.918 7.141 7.365 7.590 7.816 8.042 8.269 8.497 8.726 8.956 9.186 9.417 9.721 9.994 10.227 10.420 10.573 10.686 10.758 10.791 10.784 10.737
13.533 13.162 12.437 11.676 10.877 10.040 9.165 8.253 7.304 6.317 5.292 4.230 3.130 2.798 2.804 2.806 2.805 2.829 2.899 2.944 2.965 2.961 2.932 2.879 2.801 2.877 3.047 3.252 3.489 3.760 4.064 4.401 4.772 5.177 5.614 6.085 6.589 6.847 6.999 7.139 7.268 7.386 7.492 7.586 7.669 7.740 7.800 7.848 7.885 8.062 8.288 8.515 8.742 8.971 9.200 9.430 9.660 9.891 10.124 10.357 10.590 10.774 10.907 11.000 11.054 11.067 11.040 10.974 10.867 10.720 10.534
15.395 15.111 14.255 13.361 12.429 11.461 10.454 9.410 8.329 7.210 6.064 4.965 3.924 3.529 3.611 3.669 3.701 3.710 3.693 3.652 3.587 3.496 3.381 3.242 3.077 3.148 3.436 3.756 4.110 4.498 4.918 5.372 5.860 6.380 6.934 7.522 8.142 8.476 8.587 8.687 8.776 8.852 8.918 8.972 9.014 9.045 9.065 9.072 9.069 9.205 9.433 9.662 9.892 10.123 10.355 10.587 10.820 11.054 11.289 11.524 11.761 11.863 11.857 11.811 11.725 11.599 11.433 11.227 10.981 10.695 10.369
17.251 17.100 16.111 14.886 13.583 12.338 11.151 10.022 8.952 7.939 6.985 6.089 5.251 4.781 4.776 4.747 4.694 4.616 4.513 4.385 4.233 4.057 3.855 3.629 3.379 3.385 3.789 4.226 4.696 5.200 5.737 6.307 6.911 7.548 8.218 8.922 9.659 10.114 10.185 10.244 10.292 10.329 10.354 10.368 10.370 10.360 10.339 10.307 10.263 10.345 10.576 10.807 11.040 11.273 11.508 11.743 11.978 12.215 12.452 12.690 12.929 12.990 12.845 12.659 12.434 12.168 11.863 11.518 11.100 10.624 10.158
17.091 16.693 15.477 14.319 13.219 12.178 11.194 10.269 9.402 8.593 7.842 7.149 6.515 6.057 5.966 5.851 5.711 5.547 5.358 5.144 4.906 4.643 4.355 4.043 3.706 3.586 4.106 4.660 5.247 5.867 6.520 7.207 7.927 8.680 9.466 10.286 11.139 11.762 11.792 11.811 11.819 11.815 11.800 11.773 11.735 11.685 11.623 11.550 11.466 11.482 11.716 11.950 12.185 12.421 12.658 12.896 13.134 13.373 13.613 13.853 14.095 14.029 13.523 13.025 12.536 12.056 11.584 11.122 10.668 10.223 9.786
15.959 15.657 14.644 13.690 12.793 11.955 11.175 10.453 9.789 9.183 8.635 8.146 7.714 7.358 7.181 6.980 6.754 6.503 6.227 5.927 5.603 5.254 4.880 4.482 4.059 3.752 4.388 5.058 5.761 6.498 7.267 8.070 8.906 9.776 10.678 11.614 12.583 13.419 13.409 13.388 13.355 13.311 13.255 13.188 13.109 13.019 12.917 12.804 12.680 12.617 12.854 13.091 13.328 13.567 13.828 14.035 14.153 14.181 14.121 13.971 13.731 13.376 12.900 12.433 11.974 11.524 11.083 10.651 10.228 9.813 9.408
