DATA/SHG/ECMWF/20170628/EN-25/20170703.en-25.asc
ncols        190
nrows        64
xllcorner    -5100000.000000000000
yllcorner    4130000.000000000000
cellsize     10000.000000000000
NODATA_value  -99999.000
[rows 32 to 63 of 64, columns 72 to 143 of 190]
16.976 17.149 17.385 17.639 17.913 18.205 18.515 18.845 19.193 19.561 19.947 20.351 20.775 21.237 21.825 22.438 23.078 23.744 24.437 25.155 25.900 26.671 27.427 28.166 28.925 29.416 28.916 28.397 27.859 27.303 26.728 26.135 25.522 24.892 24.242 23.574 22.887 22.441 22.457 22.448 22.413 22.353 22.268 22.157 22.021 22.075 22.648 23.089 23.401 23.845 24.519 25.144 25.722 26.251 26.733 27.167 27.554 27.892 28.182 28.425 28.620 29.783 31.600 33.370 35.092 36.766 38.393 39.972 41.503 42.987 44.423 45.812
18.152 18.259 18.559 18.878 19.217 19.574 19.950 20.344 20.758 21.190 21.641 22.111 22.599 23.112 23.790 24.494 25.225 25.981 26.764 27.573 28.409 29.270 30.118 30.948 31.799 32.524 31.940 31.338 30.717 30.078 29.420 28.743 28.048 27.334 26.601 25.850 25.368 25.997 27.036 27.944 28.721 29.368 29.884 30.269 30.524 30.648 30.641 30.504 30.236 30.167 30.628 31.041 31.406 31.724 31.994 32.216 32.390 32.517 32.595 32.626 32.609 33.365 34.972 36.531 38.043 39.507 40.923 42.292 43.614 44.888 46.114 47.293
19.343 19.391 19.714 20.098 20.502 20.924 21.364 21.824 22.302 22.800 23.316 23.850 24.404 24.976 25.728 26.523 27.345 28.192 29.065 29.965 30.891 31.843 32.782 33.704 34.646 35.609 34.982 34.497 34.794 35.132 35.512 35.935 36.399 36.905 37.453 38.043 38.675 39.332 39.791 40.119 40.317 40.385 40.322 40.128 39.804 39.349 38.764 38.048 37.202 36.530 36.779 36.980 37.134 37.240 37.298 37.308 37.270 37.185 37.052 36.871 36.642 36.990 38.387 39.736 41.038 42.292 43.498 44.658 45.769 46.833 47.850 48.819
20.548 20.538 20.849 21.299 21.767 22.254 22.760 23.285 23.828 24.390 24.971 25.570 26.189 26.826 27.640 28.526 29.438 30.376 31.340 33.007 35.595 38.033 40.126 41.900 43.554 45.088 45.647 46.085 46.566 47.088 47.653 48.259 48.907 49.597 50.329 51.103 51.919 52.776 52.672 52.421 52.041 51.529 50.888 50.115 49.213 48.179 47.016 45.721 44.297 42.936 42.973 42.963 42.904 42.798 42.645 42.443 42.194 41.897 41.552 41.159 40.719 40.659 41.846 42.985 44.077 45.121 46.118 47.068 47.969 48.824 49.631 50.390
21.768 21.699 21.966 22.480 23.013 23.565 24.136 24.726 25.334 25.961 26.606 27.271 28.979 31.884 34.809 37.627 40.294 42.810 45.176 47.391 49.455 51.369 52.935 54.179 55.304 56.309 56.989 57.612 58.276 58.983 59.731 60.521 61.353 62.227 63.143 64.100 65.100 66.141 65.678 64.850 63.890 62.801 61.580 60.230 58.749 57.138 55.396 53.524 51.522 49.389 49.210 48.988 48.718 48.400 48.035 47.622 47.161 46.652 46.096 45.492 44.840 44.372 45.349 46.278 47.161 47.995 48.782 49.522 50.214 50.859 51.457 52.006
23.001 22.875 23.063 23.642 24.241 26.098 29.066 32.016 34.947 37.859 40.753 43.629 46.486 49.324 51.932 54.225 56.368 58.360 60.202 61.893 63.433 64.823 65.863 66.577 67.173 67.650 68.271 69.077 69.926 70.816 71.748 72.722 73.738 74.795 75.895 77.036 78.219 79.444 78.811 77.404 75.866 74.199 72.401 70.472 68.414 66.225 63.905 61.456 58.876 56.166 55.489 55.056 54.574 54.045 53.468 52.843 52.171 51.451 50.684 49.868 49.005 48.128 48.896 49.616 50.288 50.913 51.491 52.021 52.504 52.940 53.328 53.668
30.305 32.648 35.250 38.207 41.146 44.066 46.967 49.850 52.715 55.560 58.388 61.196 63.986 66.758 69.171 70.940 72.559 74.027 75.345 76.512 77.529 78.395 78.909 79.095 79.162 79.110 79.491 80.482 81.514 82.588 83.703 84.861 86.060 87.302 88.585 89.909 91.276 92.685 92.069 90.084 87.969 85.723 83.348 80.842 78.206 75.440 72.543 69.517 66.360 63.072 61.811 61.166 60.473 59.733 58.944 58.109 57.225 56.294 55.315 54.288 53.214 52.093 52.487 52.997 53.460 53.876 54.244 54.565 54.839 55.065 55.243 55.375
47.979 50.639 53.413 56.303 59.175 62.028 64.863 67.679 70.477 73.256 76.016 78.759 81.482 84.187 86.525 87.771 88.866 89.811 90.605 91.249 91.742 92.085 92.073 91.731 91.270 90.689 90.651 91.825 93.041 94.298 95.597 96.939 98.322 99.746 101.213 102.721 104.271 105.863 105.452 102.890 100.198 97.375 94.422 91.339 88.126 84.783 81.310 77.706 73.973 70.109 68.176 67.319 66.415 65.463 64.464 63.417 62.322 61.180 59.990 58.753 57.467 56.135 56.121 56.422 56.676 56.883 56.854 56.315 55.711 55.041 54.307 53.507
65.544 68.520 71.570 74.393 77.198 79.985 82.753 85.503 88.234 90.946 93.640 96.316 98.972 101.611 103.995 104.717 105.289 105.711 105.982 106.103 106.073 105.893 105.356 104.486 103.496 102.388 101.750 103.107 104.507 105.948 107.430 108.955 110.521 112.129 113.779 115.471 117.204 118.980 118.961 115.822 112.553 109.153 105.624 101.964 98.174 94.255 90.205 86.025 81.715 77.275 74.583 73.515 72.400 71.237 70.027 68.769 67.463 65.932 63.794 61.700 59.649 57.640 56.653 56.088 55.457 54.761 54.001 53.175 52.284 51.328 50.307 49.221
83.001 86.292 89.676 92.478 95.216 97.936 100.638 103.321 105.985 108.631 111.258 113.867 116.458 119.030 121.581 121.780 121.829 121.727 121.476 121.074 120.522 119.820 118.757 117.359 115.842 114.207 112.788 114.329 115.912 117.536 119.202 120.910 122.660 124.451 126.284 128.159 130.076 132.034 132.596 128.880 125.034 121.058 116.952 112.716 108.350 103.854 99.228 94.472 89.362 83.147 78.629 76.381 74.176 72.013 69.893 67.816 65.782 63.790 61.841 59.935 58.071 56.250 55.016 54.163 53.246 52.264 51.217 50.104 48.927 47.685 46.377 45.004
100.348 103.956 107.655 110.557 113.229 115.882 118.517 121.133 123.731 126.311 128.872 131.414 133.938 136.444 138.931 138.958 138.484 137.860 137.087 136.163 135.088 133.864 132.277 130.352 128.308 126.145 123.863 125.490 127.256 129.064 130.913 132.804 134.737 136.712 138.728 140.786 142.886 145.027 146.356 141.768 134.672 127.767 121.055 114.533 108.204 102.066 96.120 90.366 84.803 79.433 75.131 73.071 71.054 69.079 67.147 65.258 63.412 61.608 59.847 58.128 56.452 54.819 53.447 52.308 51.104 49.836 48.502 47.103 45.640 44.111 42.517 40.858
117.587 121.510 125.525 128.630 131.236 133.823 136.391 138.941 141.473 143.986 146.480 148.956 151.414 153.853 156.273 156.252 155.256 154.110 152.814 151.368 149.772 148.026 145.915 143.462 140.892 138.202 135.394 136.591 138.540 140.531 142.438 141.958 141.383 140.712 139.945 139.082 138.123 137.068 135.855 129.412 123.161 117.101 111.233 105.556 100.072 94.778 89.677 84.767 80.048 75.521 71.592 69.720 67.891 66.104 64.360 62.659 61.000 59.384 57.811 56.280 54.792 53.347 51.946 50.521 49.031 47.476 45.856 44.171 42.421 40.607 38.727 36.782
134.717 138.956 143.287 146.699 149.238 151.758 154.260 156.744 159.209 161.656 164.084 166.493 168.885 171.257 173.612 173.662 172.144 170.477 168.659 166.691 164.574 162.307 156.892 151.403 146.057 140.852 135.789 134.041 133.428 132.718 131.913 131.012 130.014 128.921 127.732 126.447 125.066 123.589 122.016 116.864 111.457 106.242 101.218 96.386 91.745 87.296 83.038 78.972 75.097 71.413 68.013 66.329 64.688 63.089 61.533 60.019 58.548 57.120 55.734 54.391 53.090 51.833 50.514 48.803 47.027 45.186 43.280 41.309 39.273 37.172 35.006 32.776
151.740 156.294 160.940 164.762 167.234 169.689 172.124 174.541 176.940 179.321 181.682 184.026 186.351 188.657 190.945 186.793 180.377 174.141 168.084 162.205 156.506 150.986 145.808 140.946 136.225 131.646 127.209 124.902 123.866 122.735 121.507 120.184 118.765 117.250 115.639 113.933 112.130 110.232 108.237 104.125 99.562 95.191 91.011 87.022 83.225 79.619 76.204 72.981 69.949 67.109 64.460 62.898 61.444 60.033 58.664 57.338 56.055 54.814 53.616 52.460 51.347 50.277 49.150 47.153 45.091 42.964 40.772 38.515 36.193 33.807 31.355 28.839
168.654 173.523 178.484 182.820 185.226 187.614 189.983 192.334 189.948 187.466 184.977 182.481 179.978 177.467 174.949 171.224 165.429 159.812 154.374 149.115 144.036 139.135 134.579 130.342 126.247 122.293 118.481 115.880 114.423 112.870 111.221 109.476 107.635 105.699 103.666 101.538 99.314 96.995 94.579 91.195 87.476 83.948 80.611 77.465 74.511 71.748 69.176 66.796 64.606 62.608 60.802 59.426 58.160 56.936 55.755 54.617 53.521 52.467 51.456 50.488 49.563 48.680 47.839 45.571 43.223 40.811 38.333 35.790 33.183 30.511 27.774 24.972
185.314 185.828 186.257 186.225 183.757 181.281 178.798 176.308 173.811 171.306 168.794 166.275 163.749 161.216 158.675 155.513 150.337 145.339 140.520 135.881 131.420 127.138 123.204 119.592 116.122 112.794 109.607 106.977 105.098 103.123 101.053 98.887 96.625 94.267 91.813 89.264 86.619 83.878 81.042 78.074 75.198 72.512 70.018 67.715 65.604 63.683 61.953 60.415 59.068 57.912 56.947 55.914 54.835 53.799 52.805 51.854 50.945 50.079 49.256 48.475 47.737 47.041 46.388 44.058 41.424 38.726 35.963 33.135 30.242 27.284 24.262 21.175
169.816 170.040 170.180 170.229 167.738 165.239 162.734 160.221 157.700 155.173 152.638 150.096 147.547 144.991 142.427 139.658 135.101 130.722 126.522 122.501 118.659 114.995 111.684 108.696 105.851 103.147 100.584 98.192 95.891 93.495 91.004 88.416 85.733 82.954 80.080 77.110 74.044 70.882 67.625 64.762 62.728 60.885 59.233 57.772 56.503 55.424 54.536 53.839 53.334 53.019 52.895 52.361 51.470 50.621 49.815 49.051 48.330 47.651 47.014 46.421 45.869 45.361 44.895 42.613 39.694 36.710 33.661 30.548 27.370 24.127 20.912 17.915
154.415 154.350 154.202 153.969 151.746 149.224 146.695 144.159 141.616 139.066 136.508 133.943 131.371 128.792 126.206 123.612 119.722 115.962 112.380 108.978 105.753 102.708 100.017 97.655 95.433 93.353 91.415 89.524 86.802 83.985 81.073 78.064 74.961 71.761 68.466 65.075 61.588 58.006 54.328 51.259 50.067 49.066 48.256 47.637 47.208 46.971 46.924 47.069 47.404 47.930 48.647 48.769 48.065 47.403 46.784 46.207 45.673 45.181 44.732 44.325 43.961 43.633 43.279 41.129 38.037 34.982 31.962 28.977 26.029 23.116 20.240 17.399
139.111 138.759 138.322 137.801 135.779 133.235 130.683 128.124 125.558 122.985 120.405 117.817 115.222 112.620 110.011 107.394 104.200 101.058 98.094 95.309 92.703 90.275 88.205 86.467 84.869 83.413 82.099 80.925 77.831 74.594 71.260 67.831 64.307 60.687 56.971 53.160 49.253 45.250 41.152 37.566 37.215 37.056 37.087 37.308 37.721 38.324 39.119 40.104 41.279 42.646 44.204 45.136 44.653 44.449 44.212 43.943 43.641 43.306 42.939 42.539 42.107 41.642 41.145 39.326 36.391 33.492 30.628 27.800 25.009 22.253 19.532 16.848
123.905 123.264 122.539 121.730 119.839 117.272 114.697 112.116 109.527 106.931 104.327 101.717 99.099 96.474 93.841 91.202 88.535 86.010 83.664 81.497 79.508 77.697 76.248 75.133 74.159 73.326 72.635 72.085 68.978 65.320 61.566 57.716 53.771 49.731 45.595 41.364 37.036 32.614 28.096 23.682 24.172 24.853 25.725 26.815 29.110 31.394 33.667 35.930 38.181 40.423 42.654 44.300 43.985 43.638 43.258 42.845 42.400 41.923 41.413 40.870 40.295 39.687 39.046 37.489 34.710 31.968 29.261 26.590 23.954 21.355 18.791 16.263
108.797 107.868 106.854 105.757 103.925 101.335 98.737 96.133 93.521 90.902 88.276 85.642 83.001 80.354 77.698 75.036 72.726 70.819 69.090 67.540 66.168 64.974 64.145 63.653 63.302 63.093 63.025 63.098 60.242 56.163 51.989 47.720 43.355 38.894 34.338 30.795 27.403 24.098 20.879 17.748 19.599 21.879 24.149 26.408 28.656 30.894 33.121 35.338 37.544 39.739 41.924 43.810 43.352 42.862 42.339 41.783 41.195 40.575 39.922 39.236 38.518 37.767 36.984 35.618 32.996 30.410 27.859 25.345 22.866 20.422 18.015 15.643
93.786 92.568 91.267 89.882 88.037 85.424 82.803 80.176 77.541 74.899 72.250 69.594 66.930 64.259 61.581 58.896 56.775 55.485 54.373 53.439 52.683 52.106 51.897 52.028 52.300 52.713 53.795 54.916 53.131 49.511 45.978 42.533 39.174 35.903 32.718 29.621 26.611 23.687 20.851 18.102 19.341 21.575 23.799 26.012 28.214 30.406 32.587 34.758 36.918 39.067 41.206 43.334 42.754 42.120 41.455 40.756 40.025 39.262 38.466 37.638 36.777 35.883 34.957 33.714 31.248 28.818 26.424 24.066 21.743 19.456 17.205 14.989
78.871 77.366 75.777 74.104 72.175 69.539 66.895 64.245 61.587 58.922 56.250 53.571 50.885 48.191 45.490 42.782 40.680 40.007 40.699 41.969 43.168 44.295 45.402 46.501 47.543 48.528 49.455 50.326 49.188 45.951 42.800 39.737 36.761 33.871 31.069 28.353 25.725 23.183 20.729 18.361 19.094 21.283 23.460 25.627 27.784 29.930 32.065 34.189 36.303 38.407 40.500 42.582 42.190 41.414 40.605 39.764 38.891 37.984 37.046 36.075 35.071 34.035 32.966 31.776 29.466 27.193 24.955 22.752 20.586 18.455 16.360 14.301
64.054 62.261 60.384 58.424 56.338 53.679 51.013 48.339 45.659 42.971 40.276 38.938 38.251 37.596 36.974 36.385 36.160 37.327 38.422 39.445 40.396 41.275 42.133 42.982 43.773 44.508 45.185 45.805 45.155 42.299 39.531 36.849 34.254 31.747 29.326 26.992 24.746 22.586 20.513 18.527 18.859 21.001 23.133 25.254 27.365 29.465 31.554 33.632 35.700 37.758 39.805 41.841 41.662 40.743 39.791 38.807 37.791 36.742 35.661 34.547 33.401 32.222 31.011 29.767 27.651 25.533 23.452 21.405 19.395 17.420 15.481 13.578
49.333 47.253 45.089 42.840 41.826 41.042 40.271 39.533 38.828 38.155 37.515 36.908 36.334 35.792 35.283 34.807 34.446 35.366 36.213 36.989 37.692 38.323 38.933 39.531 40.072 40.556 40.983 41.353 41.029 38.555 36.169 33.869 31.656 29.530 27.491 25.538 23.673 21.895 20.203 18.599 18.635 20.731 22.817 24.892 26.957 29.011 31.054 33.087 35.109 37.120 39.121 41.112 41.168 40.106 39.012 37.885 36.726 35.535 34.311 33.055 31.766 30.444 29.091 27.704 25.802 23.840 21.914 20.024 18.170 16.351 14.568 12.821
40.854 40.357 39.873 39.403 38.947 38.306 37.648 37.023 36.430 35.871 35.344 34.850 34.389 33.960 33.564 33.201 32.871 33.472 34.072 34.599 35.055 35.439 35.800 36.148 36.439 36.672 36.849 36.969 36.812 34.720 32.715 30.797 28.965 27.220 25.562 23.992 22.507 21.110 19.800 18.576 18.422 20.473 22.513 24.542 26.560 28.568 30.566 32.553 34.529 36.494 38.449 40.394 40.709 39.504 38.268 36.999 35.697 34.363 32.996 31.598 30.166 28.702 27.206 25.678 23.919 22.113 20.344 18.609 16.911 15.248 13.621 12.030
37.777 37.326 36.890 36.467 36.058 35.542 34.997 34.485 34.006 33.559 33.146 32.765 32.416 32.101 31.818 31.568 31.350 31.645 31.997 32.278 32.487 32.623 32.735 32.833 32.874 32.857 32.784 32.654 32.467 30.793 29.169 27.632 26.182 24.818 23.542 22.352 21.249 20.232 19.303 18.460 18.221 20.225 22.219 24.203 26.175 28.137 30.089 32.030 33.960 35.880 37.789 39.688 40.284 38.937 37.558 36.147 34.702 33.226 31.717 30.176 28.602 26.996 25.357 23.686 22.002 20.353 18.740 17.172 15.647 14.165 12.726 11.329
34.690 34.287 33.898 33.522 33.160 32.751 32.319 31.920 31.554 31.220 30.920 30.651 30.416 30.213 30.043 29.906 29.801 29.885 29.990 30.024 29.985 29.875 29.738 29.586 29.377 29.111 28.788 28.407 27.970 26.775 25.532 24.376 23.306 22.324 21.428 20.619 19.897 19.261 18.712 18.250 18.031 19.989 21.937 23.875 25.802 27.718 29.624 31.519 33.403 35.277 37.140 38.993 39.894 38.405 36.884 35.330 33.743 32.093 30.255 28.453 26.686 24.956 23.262 21.604 20.039 18.573 17.150 15.769 14.431 13.136 11.884 10.675
31.594 31.238 30.896 30.567 30.252 29.932 29.614 29.328 29.075 28.854 28.666 28.511 28.388 28.298 28.241 28.217 28.225 28.193 28.051 27.837 27.552 27.194 26.809 26.407 25.948 25.432 24.859 24.229 23.543 22.664 21.803 21.027 20.339 19.737 19.222 18.793 18.452 18.197 18.029 17.947 17.952 19.764 21.667 23.558 25.439 27.310 29.170 31.019 32.850 34.333 35.762 37.137 37.929 36.069 34.244 32.456 30.703 28.986 27.306 25.661 24.052 22.479 20.943 19.442 18.033 16.754 15.518 14.325 13.174 12.066 11.001 9.979
28.489 28.180 27.885 27.603 27.335 27.087 26.881 26.708 26.568 26.460 26.385 26.342 26.333 26.355 26.411 26.499 26.620 26.567 26.178 25.718 25.185 24.581 23.948 23.296 22.587 21.822 20.999 20.120 19.183 18.463 17.982 17.587 17.279 17.058 16.923 16.875 16.914 17.039 17.251 17.550 17.804 19.225 20.848 22.417 23.934 25.396 26.805 28.161 29.463 30.712 31.907 33.049 34.002 32.299 30.632 29.001 27.406 25.847 24.323 22.836 21.384 19.969 18.589 17.246 15.986 14.894 13.845 12.839 11.875 10.954 10.076 9.241
25.375 25.113 24.865 24.630 24.409 24.214 24.121 24.061 24.034 24.039 24.076 24.146 24.249 24.385 24.553 24.754 24.988 25.009 24.373 23.666 22.886 22.036 21.154 20.252 19.294 18.279 17.207 16.078 14.893 14.170 14.069 14.283 14.556 14.821 15.078 15.328 15.570 15.805 16.032 16.251 16.463 17.533 18.922 20.258 21.541 22.770 23.946 25.068 26.136 27.152 28.113 29.022 29.876 28.497 26.987 25.513 24.075 22.673 21.307 19.977 18.683 17.425 16.202 15.016 13.898 12.993 12.131 11.312 10.535 9.801 9.110 8.462
22.251 22.037 21.836 21.648 21.474 21.314 21.334 21.387 21.472 21.590 21.740 21.923 22.139 22.387 22.668 22.981 23.327 23.517 22.635 21.681 20.655 19.557 18.526 17.584 16.662 15.762 14.883 14.026 13.190 12.749 13.004 13.251 13.490 13.722 13.946 14.163 14.372 14.573 14.767 14.953 15.131 15.900 17.056 18.159 19.208 20.203 21.145 22.034 22.869 23.651 24.380 25.054 25.676 24.661 23.309 21.992 20.712 19.467 18.258 17.085 15.948 14.847 13.782 12.752 11.769 11.051 10.376 9.744 9.154 8.607 8.103 7.641
