DATA/SHG/ECMWF/20170628/EN-25/20170709.en-25.asc
ncols        190
nrows        64
xllcorner    -5100000.000000000000
yllcorner    4130000.000000000000
cellsize     10000.000000000000
NODATA_value  -99999.000
[rows 0 to 32 of 64, columns 74 to 147 of 190]
2.069 2.309 2.548 2.787 3.025 3.262 3.499 3.776 4.178 4.593 5.001 5.403 5.797 6.185 6.566 6.941 7.309 7.670 8.024 8.294 8.305 8.318 8.330 8.340 8.349 8.357 8.363 8.368 8.371 8.373 8.373 8.238 7.666 7.098 6.532 5.969 5.408 4.851 4.296 3.743 3.194 2.647 2.103 1.667 1.555 1.446 1.340 1.236 1.135 1.037 0.941 0.848 0.758 0.670 0.585 0.548 0.651 0.757 0.866 0.977 1.092 1.210 1.332 1.456 1.583 1.713 1.847 1.980 2.111 2.246 2.386 2.530 2.678 2.830
1.714 2.008 2.313 2.610 2.900 3.184 3.460 3.754 4.152 4.543 4.928 5.306 5.677 6.042 6.399 6.750 7.095 7.432 7.763 8.054 8.059 8.066 8.071 8.075 8.078 8.079 8.079 8.077 8.074 8.069 8.063 7.993 7.434 6.877 6.323 5.772 5.224 4.679 4.136 3.596 3.059 2.524 1.992 1.517 1.418 1.320 1.226 1.134 1.045 0.958 0.874 0.793 0.714 0.638 0.564 0.519 0.635 0.755 0.877 1.003 1.131 1.263 1.398 1.536 1.677 1.821 1.968 2.117 2.267 2.422 2.581 2.744 2.912 3.084
1.887 2.174 2.454 2.727 2.993 3.253 3.505 3.757 4.131 4.499 4.861 5.215 5.563 5.904 6.238 6.566 6.887 7.201 7.509 7.810 7.814 7.815 7.814 7.812 7.808 7.803 7.796 7.788 7.778 7.768 7.755 7.741 7.198 6.654 6.112 5.574 5.038 4.504 3.974 3.446 2.921 2.398 1.879 1.365 1.277 1.192 1.109 1.029 0.951 0.876 0.804 0.734 0.667 0.603 0.541 0.486 0.616 0.749 0.886 1.025 1.167 1.313 1.461 1.613 1.767 1.925 2.086 2.269 2.465 2.646 2.813 2.966 3.104 3.228
2.084 2.346 2.602 2.851 3.093 3.328 3.556 3.777 4.117 4.462 4.799 5.131 5.455 5.773 6.084 6.388 6.686 6.977 7.261 7.538 7.572 7.566 7.559 7.550 7.540 7.529 7.516 7.501 7.485 7.468 7.449 7.429 6.961 6.428 5.899 5.372 4.848 4.327 3.809 3.293 2.780 2.270 1.762 1.258 1.135 1.061 0.990 0.921 0.855 0.792 0.731 0.673 0.618 0.565 0.515 0.467 0.594 0.741 0.916 1.117 1.318 1.521 1.725 1.931 2.137 2.344 2.553 2.763 2.899 3.016 3.119 3.208 3.282 3.341
2.286 2.525 2.756 2.981 3.198 3.409 3.613 3.810 4.109 4.430 4.744 5.052 5.353 5.648 5.935 6.216 6.491 6.758 7.019 7.273 7.332 7.320 7.306 7.291 7.274 7.256 7.237 7.216 7.194 7.170 7.145 7.119 6.720 6.200 5.683 5.168 4.657 4.148 3.641 3.138 2.637 2.139 1.643 1.151 0.989 0.927 0.868 0.811 0.757 0.765 0.809 0.839 0.853 0.851 0.834 0.802 0.955 1.158 1.362 1.568 1.775 1.983 2.192 2.402 2.614 2.826 3.040 3.254 3.348 3.401 3.439 3.463 3.473 3.469
2.495 2.709 2.916 3.117 3.310 3.497 3.676 3.849 4.107 4.404 4.696 4.980 5.258 5.529 5.793 6.051 6.302 6.546 6.784 7.015 7.094 7.075 7.055 7.034 7.011 6.986 6.961 6.933 6.905 6.875 6.843 6.810 6.477 5.969 5.464 4.962 4.462 3.965 3.471 2.980 2.560 2.210 1.890 1.600 1.549 1.602 1.640 1.662 1.669 1.660 1.636 1.596 1.541 1.471 1.385 1.283 1.389 1.598 1.807 2.018 2.230 2.443 2.657 2.872 3.088 3.306 3.525 3.744 3.810 3.798 3.773 3.733 3.679 3.610
2.709 2.899 3.083 3.259 3.428 3.591 3.746 3.895 4.110 4.385 4.653 4.914 5.168 5.416 5.657 5.892 6.119 6.340 6.555 6.762 6.857 6.832 6.806 6.778 6.749 6.718 6.686 6.653 6.618 6.581 6.543 6.508 6.243 5.789 5.365 4.970 4.605 4.269 3.962 3.685 3.438 3.219 3.031 2.871 2.805 2.789 2.758 2.711 2.648 2.571 2.477 2.369 2.245 2.105 1.950 1.780 1.822 2.035 2.250 2.466 2.683 2.901 3.120 3.340 3.561 3.784 4.008 4.232 4.285 4.210 4.121 4.017 3.898 3.766
2.930 3.096 3.255 3.407 3.552 3.691 3.822 3.947 4.120 4.372 4.616 4.854 5.085 5.310 5.528 5.739 5.943 6.141 6.332 6.516 6.623 6.592 6.648 6.717 6.758 6.772 6.758 6.717 6.648 6.552 6.428 6.277 6.038 5.716 5.423 5.159 4.925 4.720 4.545 4.399 4.283 4.196 4.138 4.110 4.076 3.991 3.890 3.774 3.643 3.496 3.334 3.156 2.963 2.755 2.531 2.292 2.253 2.471 2.691 2.912 3.134 3.357 3.581 3.806 4.033 4.260 4.489 4.719 4.775 4.635 4.482 4.314 4.132 3.935
3.157 3.299 3.434 3.562 3.683 3.797 3.904 4.005 4.136 4.364 4.586 4.800 5.008 5.209 5.420 5.709 6.035 6.396 6.793 7.225 7.580 7.580 7.554 7.499 7.418 7.308 7.172 7.008 6.816 6.597 6.350 6.076 5.801 5.610 5.448 5.316 5.213 5.139 5.095 5.080 5.095 5.139 5.212 5.315 5.361 5.207 5.037 4.853 4.652 4.437 4.205 3.959 3.697 3.420 3.127 2.819 2.682 2.905 3.130 3.356 3.583 3.811 4.040 4.270 4.502 4.734 4.968 5.203 5.278 5.075 4.857 4.625 4.379 4.119
3.390 3.508 3.619 3.722 3.819 3.909 3.993 4.052 4.088 4.288 4.524 4.796 5.103 5.446 5.825 6.239 6.689 7.175 7.696 8.253 8.761 8.639 8.489 8.312 8.107 7.875 7.616 7.329 7.014 6.672 6.303 5.906 5.532 5.472 5.442 5.440 5.468 5.526 5.613 5.729 5.874 6.049 6.253 6.487 6.661 6.438 6.199 5.946 5.676 5.392 5.092 4.777 4.446 4.100 3.738 3.361 3.109 3.338 3.567 3.798 4.030 4.263 4.497 4.733 4.969 5.207 5.446 5.686 5.794 5.527 5.246 4.950 4.640 4.316
3.615 3.672 3.716 3.747 3.765 3.770 3.762 3.741 3.712 4.037 4.398 4.794 5.226 5.693 6.197 6.736 7.310 7.920 8.566 9.248 9.949 9.726 9.454 9.154 8.827 8.472 8.089 7.680 7.242 6.778 6.286 5.766 5.232 5.303 5.403 5.533 5.692 5.880 6.098 6.345 6.621 6.927 7.262 7.626 7.975 7.683 7.376 7.053 6.715 6.362 5.993 5.609 5.210 4.795 4.365 3.919 3.535 3.768 4.003 4.239 4.476 4.714 4.953 5.193 5.435 5.678 5.921 6.166 6.325 5.994 5.649 5.289 4.915 4.527
3.633 3.645 3.643 3.629 3.602 3.562 3.509 3.443 3.364 3.753 4.239 4.759 5.316 5.908 6.536 7.199 7.898 8.633 9.403 10.209 11.035 10.844 10.448 10.026 9.576 9.098 8.593 8.061 7.501 6.914 6.299 5.657 4.988 5.101 5.332 5.593 5.883 6.202 6.550 6.928 7.335 7.772 8.237 8.732 9.257 8.943 8.567 8.176 7.769 7.347 6.910 6.457 5.989 5.505 5.006 4.492 3.962 4.197 4.437 4.677 4.919 5.163 5.407 5.652 5.899 6.146 6.395 6.628 6.810 6.395 5.984 5.575 5.169 4.765
3.663 3.630 3.583 3.524 3.452 3.367 3.269 3.158 3.034 3.437 4.047 4.692 5.373 6.090 6.842 7.629 8.453 9.312 10.206 11.136 12.087 11.990 11.473 10.927 10.355 9.755 9.127 8.472 7.790 7.080 6.343 5.579 4.787 4.868 5.230 5.621 6.042 6.491 6.971 7.479 8.017 8.584 9.180 9.806 10.460 10.218 9.774 9.314 8.838 8.347 7.841 7.320 6.783 6.231 5.663 5.080 4.482 4.624 4.865 5.100 5.329 5.552 5.770 5.981 6.188 6.388 6.583 6.772 6.956 6.593 6.193 5.795 5.400 5.008
3.706 3.627 3.535 3.431 3.314 3.184 3.040 2.884 2.715 3.089 3.823 4.593 5.398 6.239 7.115 8.027 8.974 9.957 10.976 12.030 13.106 13.167 12.526 11.859 11.163 10.441 9.691 8.914 8.109 7.277 6.417 5.530 4.616 4.603 5.095 5.617 6.168 6.749 7.358 7.997 8.666 9.363 10.090 10.846 11.631 11.508 10.994 10.466 9.922 9.352 8.760 8.159 7.548 6.928 6.299 5.660 5.011 5.027 5.242 5.451 5.655 5.853 6.045 6.232 6.413 6.588 6.758 6.922 7.081 6.787 6.398 6.012 5.629 5.248
3.760 3.636 3.500 3.350 3.188 3.013 2.824 2.623 2.410 2.708 3.567 4.461 5.390 6.355 7.355 8.391 9.463 10.570 11.713 12.891 14.092 14.372 13.610 12.819 12.002 11.157 10.285 9.385 8.458 7.504 6.522 5.513 4.476 4.306 4.929 5.581 6.263 6.974 7.714 8.483 9.290 10.116 10.948 11.787 12.631 12.627 12.031 11.425 10.810 10.185 9.551 8.908 8.255 7.593 6.921 6.240 5.549 5.433 5.623 5.808 5.986 6.159 6.326 6.488 6.644 6.794 6.939 7.078 7.211 6.979 6.602 6.227 5.855 5.485
3.826 3.658 3.476 3.281 3.074 2.854 2.621 2.375 2.116 2.295 3.278 4.296 5.350 6.439 7.563 8.723 9.919 11.150 12.416 13.718 15.044 15.607 14.722 13.810 12.870 11.903 10.908 9.886 8.837 7.761 6.657 5.558 4.500 4.225 5.035 5.852 6.675 7.504 8.339 9.180 10.027 10.881 11.741 12.606 13.478 13.638 13.000 12.352 11.694 11.028 10.351 9.666 8.971 8.266 7.553 6.829 6.097 5.845 6.010 6.169 6.323 6.470 6.613 6.749 6.880 7.005 7.125 7.238 7.347 7.168 6.802 6.439 6.078 5.720
3.905 3.691 3.464 3.225 2.973 2.707 2.429 2.138 1.835 1.850 2.957 4.099 5.276 6.489 7.738 9.022 10.341 11.696 13.086 14.512 15.962 16.872 15.763 14.590 13.442 12.319 11.222 10.150 9.104 8.083 7.088 6.117 5.173 4.762 5.600 6.445 7.295 8.151 9.014 9.882 10.757 11.638 12.525 13.418 14.318 14.658 13.977 13.287 12.588 11.879 11.161 10.433 9.696 8.949 8.193 7.428 6.653 6.262 6.402 6.536 6.664 6.787 6.904 7.016 7.121 7.221 7.316 7.405 7.488 7.354 7.000 6.648 6.298 5.951
3.995 3.736 3.465 3.180 2.883 2.573 2.250 1.914 1.566 1.373 2.603 3.869 5.171 6.508 7.875 9.186 10.472 11.735 12.974 14.189 15.396 16.364 15.279 14.218 13.183 12.173 11.189 10.230 9.297 8.389 7.506 6.649 5.817 5.293 6.158 7.030 7.907 8.791 9.681 10.577 11.479 12.388 13.302 14.223 15.149 15.687 14.964 14.232 13.490 12.739 11.979 11.209 10.430 9.641 8.843 8.036 7.219 6.685 6.799 6.908 7.011 7.109 7.201 7.287 7.368 7.443 7.513 7.576 7.634 7.538 7.194 6.854 6.516 6.180
4.097 3.794 3.477 3.148 2.806 2.451 2.083 1.715 1.404 1.089 2.398 3.722 5.021 6.296 7.548 8.776 9.980 11.160 12.317 13.449 14.572 15.689 14.766 13.819 12.897 12.000 11.128 10.282 9.461 8.666 7.896 7.152 6.432 5.815 6.708 7.607 8.512 9.423 10.341 11.264 12.194 13.129 14.071 15.019 15.973 16.724 15.959 15.185 14.401 13.608 12.806 11.994 11.172 10.342 9.502 8.652 7.793 7.112 7.202 7.286 7.364 7.436 7.503 7.565 7.620 7.670 7.715 7.753 7.786 7.718 7.386 7.057 6.730 6.406
4.223 3.922 3.618 3.311 3.001 2.687 2.371 2.051 1.728 1.403 2.424 3.664 4.881 6.074 7.243 8.388 9.510 10.607 11.681 12.731 13.771 14.805 14.227 13.392 12.582 11.798 11.039 10.306 9.598 8.915 8.258 7.626 7.019 6.438 7.250 8.177 9.109 10.048 10.992 11.943 12.900 13.863 14.832 15.807 16.789 17.770 16.963 16.147 15.321 14.486 13.641 12.788 11.924 11.052 10.169 9.278 8.377 7.545 7.610 7.668 7.721 7.769 7.811 7.847 7.878 7.903 7.922 7.936 7.944 7.896 7.576 7.258 6.942 6.630
4.639 4.327 4.012 3.694 3.372 3.048 2.720 2.390 2.056 1.719 2.470 3.628 4.762 5.873 6.959 8.022 9.061 10.076 11.067 12.035 12.992 13.943 13.659 12.937 12.240 11.569 10.923 10.302 9.706 9.136 8.591 8.072 7.578 7.109 7.785 8.739 9.699 10.664 11.636 12.615 13.599 14.589 15.586 16.588 17.597 18.612 17.976 17.118 16.250 15.373 14.486 13.590 12.685 11.770 10.846 9.913 8.970 8.018 8.022 8.056 8.084 8.107 8.124 8.135 8.141 8.141 8.135 8.124 8.064 7.923 7.556 7.231 6.947 6.703
5.057 4.734 4.408 4.079 3.746 3.411 3.072 2.730 2.385 2.037 2.538 3.614 4.665 5.693 6.697 7.678 8.634 9.567 10.476 11.361 12.235 13.102 13.064 12.455 11.871 11.312 10.778 10.270 9.787 9.329 8.897 8.490 8.108 7.752 8.312 9.293 10.280 11.274 12.273 13.278 14.290 15.308 16.331 17.361 18.397 19.439 18.998 18.097 17.188 16.268 15.340 14.402 13.455 12.498 11.532 10.557 9.572 8.578 8.441 8.430 8.377 8.307 8.221 8.117 7.996 7.859 7.705 7.533 7.345 7.140 6.955 6.812 6.709 6.648
5.478 5.144 4.806 4.466 4.123 3.776 3.426 3.074 2.718 2.359 2.628 3.621 4.590 5.536 6.457 7.355 8.229 9.079 9.906 10.709 11.501 12.284 12.442 11.945 11.473 11.027 10.605 10.209 9.839 9.494 9.174 8.879 8.610 8.366 8.832 9.840 10.854 11.875 12.902 13.934 14.973 16.018 17.069 18.126 19.190 20.259 20.028 19.086 18.134 17.173 16.124 14.976 13.863 12.785 11.742 10.735 9.763 8.826 8.514 8.403 8.275 8.130 7.969 7.790 7.595 7.382 7.153 6.907 6.644 6.364 6.314 6.352 6.432 6.553
5.901 5.556 5.207 4.856 4.502 4.144 3.783 3.419 3.052 2.682 2.739 3.650 4.536 5.399 6.239 7.054 7.846 8.614 9.358 10.079 10.788 11.488 11.792 11.407 11.048 10.714 10.405 10.121 9.863 9.630 9.422 9.240 9.083 8.951 9.344 10.379 11.421 12.469 13.523 14.583 15.649 16.643 17.486 18.291 19.059 19.787 19.499 18.366 17.268 16.205 15.178 14.186 13.229 12.307 11.421 10.569 9.753 8.973 8.579 8.394 8.191 7.971 7.735 7.481 7.211 6.924 6.619 6.298 5.960 5.606 5.632 5.853 6.114 6.417
6.326 5.970 5.611 5.248 4.883 4.514 4.143 3.768 3.390 3.009 2.871 3.700 4.504 5.285 6.042 6.775 7.484 8.170 8.832 9.471 10.097 10.714 11.114 10.842 10.595 10.373 10.177 10.005 9.859 9.739 9.643 9.573 9.514 9.456 9.738 10.680 11.583 12.449 13.276 14.065 14.816 15.528 16.203 16.839 17.437 17.996 17.893 16.916 15.974 15.067 14.196 13.360 12.559 11.793 11.063 10.368 9.708 9.083 8.662 8.401 8.124 7.829 7.518 7.190 6.844 6.482 6.103 5.707 5.295 4.865 4.911 5.313 5.757 6.241
6.754 6.387 6.017 5.643 5.267 4.887 4.504 4.119 3.730 3.337 3.025 3.771 4.493 5.192 5.866 6.517 7.145 7.748 8.328 8.884 9.428 9.963 10.409 10.242 10.084 9.949 9.835 9.743 9.672 9.624 9.597 9.592 9.608 9.646 9.851 10.623 11.358 12.054 12.712 13.331 13.913 14.456 14.962 15.429 15.858 16.248 16.251 15.430 14.645 13.894 13.179 12.499 11.854 11.244 10.669 10.130 9.626 9.157 8.762 8.427 8.074 7.705 7.319 6.915 6.495 6.059 5.605 5.134 4.647 4.143 4.150 4.734 5.359 6.025
7.185 6.806 6.425 6.041 5.653 5.263 4.869 4.472 4.072 3.669 3.263 3.864 4.504 5.120 5.713 6.286 6.855 7.384 7.874 8.325 8.747 9.147 9.515 9.443 9.382 9.343 9.326 9.331 9.357 9.404 9.474 9.565 9.678 9.813 10.005 10.608 11.173 11.700 12.189 12.640 13.052 13.427 13.763 14.061 14.321 14.543 14.575 13.910 13.280 12.686 12.126 11.602 11.113 10.659 10.240 9.857 9.508 9.195 8.880 8.469 8.042 7.598 7.137 6.659 6.164 5.653 5.124 4.579 4.017 3.438 3.349 4.115 4.921 5.769
7.617 7.228 6.836 6.441 6.042 5.640 5.236 4.828 4.423 4.062 3.737 4.189 4.779 5.329 5.840 6.312 6.743 7.136 7.489 7.802 8.086 8.347 8.577 8.622 8.657 8.715 8.794 8.895 9.017 9.162 9.327 9.515 9.724 9.956 10.208 10.634 11.030 11.388 11.708 11.990 12.234 12.439 12.607 12.736 12.827 12.880 12.863 12.354 11.881 11.442 11.038 10.670 10.336 10.038 9.775 9.547 9.354 9.197 9.014 8.529 8.027 7.508 6.972 6.420 5.850 5.264 4.661 4.041 3.404 2.751 2.509 3.456 4.443 5.472
8.053 7.621 7.135 6.685 6.270 5.891 5.547 5.238 4.965 4.726 4.524 4.799 5.252 5.665 6.039 6.373 6.668 6.923 7.139 7.315 7.461 7.584 7.675 7.777 7.909 8.063 8.238 8.435 8.654 8.895 9.157 9.441 9.747 10.074 10.423 10.702 10.929 11.118 11.269 11.382 11.457 11.494 11.492 11.453 11.375 11.260 11.106 10.764 10.446 10.163 9.915 9.702 9.524 9.382 9.274 9.202 9.165 9.162 9.166 8.606 8.029 7.436 6.825 6.198 5.554 4.893 4.216 3.521 2.810 2.082 1.629 2.757 3.926 5.135
7.668 7.270 6.907 6.580 6.288 6.031 5.810 5.624 5.473 5.357 5.277 5.445 5.760 6.036 6.273 6.470 6.628 6.746 6.825 6.864 6.872 6.856 6.809 6.909 7.137 7.387 7.659 7.953 8.268 8.605 8.963 9.343 9.745 10.169 10.614 10.811 10.869 10.890 10.872 10.816 10.722 10.590 10.420 10.212 9.966 9.682 9.360 9.139 8.976 8.849 8.756 8.699 8.677 8.690 8.738 8.821 8.939 9.092 9.281 8.700 8.049 7.381 6.696 5.994 5.275 4.540 3.788 3.019 2.233 1.430 0.778 2.215 3.617 4.985
7.162 6.887 6.647 6.442 6.273 6.139 6.040 5.976 5.948 5.955 5.997 6.125 6.304 6.443 6.542 6.603 6.623 6.605 6.546 6.449 6.320 6.165 5.980 6.017 6.342 6.688 7.056 7.446 7.857 8.291 8.745 9.222 9.720 10.239 10.781 10.961 10.851 10.703 10.516 10.292 10.030 9.729 9.391 9.014 8.599 8.147 7.656 7.478 7.471 7.499 7.562 7.660 7.794 7.962 8.165 8.404 8.677 8.986 9.329 8.812 8.086 7.433 6.928 6.387 5.810 5.198 4.551 3.867 3.149 2.394 1.604 2.752 4.002 5.218
6.624 6.471 6.354 6.272 6.225 6.213 6.237 6.296 6.390 6.519 6.684 6.841 6.883 6.885 6.847 6.771 6.655 6.499 6.304 6.070 5.803 5.510 5.187 5.102 5.523 5.966 6.430 6.916 7.424 7.953 8.504 9.076 9.670 10.286 10.923 11.153 10.874 10.557 10.202 9.809 9.379 8.910 8.403 7.858 7.275 6.654 5.995 5.783 5.931 6.115 6.333 6.587 6.958 7.565 8.211 8.895 9.619 10.382 11.183 11.030 10.438 9.810 9.147 8.449 7.715 6.945 6.139 5.298 4.422 3.510 2.562 3.323 4.421 5.484
6.053 6.023 6.028 6.069 6.144 6.255 6.401 6.582 6.799 7.051 7.338 7.592 7.497 7.362 7.188 6.974 6.721 6.429 6.097 5.726 5.322 4.891 4.429 4.165 4.682 5.220 5.781 6.363 6.966 7.592 8.238 8.907 9.597 10.309 11.042 11.385 10.938 10.453 9.930 9.369 8.769 8.132 7.457 6.812 6.324 5.804 5.250 5.204 5.789 6.412 7.074 7.775 8.515 9.294 10.112 10.969 11.865 12.800 13.774 13.756 13.006 12.221 11.400 10.544 9.652 8.725 7.762 6.763 5.729 4.660 3.555 3.927 4.872 5.783
