DATA/SHG/ECMWF/20170628/EN-25/20170630.en-25.asc
ncols        190
nrows        64
xllcorner    -5100000.000000000000
yllcorner    4130000.000000000000
cellsize     10000.000000000000
NODATA_value  -99999.000
[rows 0 to 32 of 64, columns 0 to 73 of 190]
4.139 3.867 3.602 3.345 3.095 2.853 2.618 2.391 2.172 2.116 2.116 2.119 2.126 2.137 2.153 2.172 2.196 2.224 2.255 2.330 2.412 2.406 2.366 2.330 2.299 2.273 2.252 2.236 2.225 2.219 2.218 2.222 2.231 2.246 2.258 2.263 2.261 2.254 2.239 2.219 2.192 2.158 2.118 2.071 2.018 2.038 2.126 2.216 2.308 2.402 2.498 2.595 2.695 2.795 2.898 3.003 3.109 3.278 3.520 3.762 4.003 4.244 4.484 4.724 4.963 5.202 5.440 5.678 5.915 6.122 6.290 6.472 6.668 6.878
3.298 3.052 2.814 2.584 2.361 2.146 1.938 1.738 1.545 1.478 1.491 1.509 1.616 1.719 1.816 1.907 1.993 2.072 2.145 2.213 2.274 2.286 2.263 2.245 2.231 2.223 2.220 2.221 2.228 2.240 2.256 2.278 2.304 2.318 2.307 2.289 2.265 2.234 2.197 2.154 2.104 2.047 1.984 1.915 1.839 1.827 1.922 2.018 2.117 2.217 2.319 2.422 2.528 2.635 2.744 2.855 2.967 3.122 3.363 3.603 3.842 4.081 4.320 4.558 4.796 5.033 5.269 5.505 5.741 5.970 6.186 6.417 6.661 6.919
2.450 2.231 2.020 1.816 1.642 1.563 1.489 1.420 1.355 1.370 1.470 1.564 1.652 1.734 1.811 1.881 1.945 2.004 2.056 2.102 2.143 2.161 2.155 2.155 2.159 2.168 2.183 2.202 2.226 2.255 2.289 2.329 2.373 2.396 2.362 2.322 2.275 2.221 2.162 2.095 2.023 1.943 1.858 1.766 1.667 1.614 1.716 1.818 1.923 2.030 2.138 2.248 2.359 2.473 2.588 2.705 2.824 2.966 3.205 3.444 3.682 3.919 4.156 4.393 4.629 4.864 5.099 5.334 5.539 5.742 5.967 6.199 6.440 6.689
1.995 1.914 1.837 1.766 1.699 1.637 1.580 1.528 1.481 1.476 1.555 1.628 1.695 1.756 1.812 1.861 1.904 1.942 1.973 1.998 2.018 2.031 2.043 2.060 2.082 2.108 2.140 2.177 2.219 2.266 2.317 2.374 2.436 2.481 2.424 2.361 2.291 2.215 2.133 2.044 1.948 1.846 1.738 1.623 1.502 1.401 1.508 1.617 1.728 1.841 1.955 2.072 2.190 2.309 2.431 2.554 2.679 2.812 3.049 3.286 3.520 3.730 3.939 4.145 4.349 4.551 4.751 4.948 5.144 5.338 5.590 5.851 6.120 6.397
1.979 1.915 1.856 1.801 1.752 1.707 1.667 1.631 1.601 1.588 1.646 1.698 1.745 1.785 1.819 1.847 1.870 1.886 1.896 1.901 1.899 1.895 1.925 1.960 1.999 2.043 2.093 2.147 2.207 2.271 2.340 2.415 2.494 2.573 2.493 2.407 2.315 2.216 2.110 1.999 1.880 1.756 1.625 1.487 1.343 1.192 1.299 1.414 1.532 1.651 1.771 1.894 2.018 2.142 2.256 2.366 2.472 2.573 2.773 2.980 3.185 3.389 3.590 3.789 3.985 4.180 4.373 4.563 4.752 4.938 5.206 5.495 5.793 6.098
1.959 1.911 1.869 1.831 1.799 1.771 1.747 1.729 1.715 1.707 1.744 1.775 1.800 1.819 1.833 1.840 1.841 1.837 1.826 1.810 1.787 1.759 1.802 1.854 1.911 1.973 2.040 2.112 2.189 2.271 2.358 2.450 2.547 2.648 2.568 2.460 2.344 2.223 2.095 1.960 1.819 1.672 1.518 1.358 1.191 1.018 1.093 1.223 1.348 1.469 1.585 1.698 1.805 1.909 2.008 2.103 2.194 2.280 2.455 2.655 2.853 3.049 3.243 3.435 3.624 3.812 3.998 4.181 4.362 4.542 4.815 5.132 5.458 5.792
1.933 1.902 1.877 1.856 1.840 1.829 1.823 1.822 1.825 1.833 1.848 1.858 1.862 1.860 1.853 1.839 1.819 1.794 1.762 1.725 1.682 1.632 1.674 1.744 1.818 1.898 1.983 2.072 2.166 2.266 2.370 2.480 2.594 2.713 2.650 2.519 2.381 2.236 2.086 1.916 1.740 1.569 1.403 1.242 1.086 0.934 0.971 1.085 1.195 1.301 1.402 1.499 1.592 1.681 1.765 1.844 1.920 1.991 2.140 2.333 2.523 2.712 2.899 3.083 3.266 3.446 3.625 3.801 3.975 4.147 4.417 4.763 5.117 5.478
1.901 1.888 1.880 1.876 1.877 1.883 1.893 1.909 1.929 1.954 1.958 1.947 1.930 1.908 1.879 1.844 1.804 1.757 1.705 1.647 1.583 1.512 1.541 1.628 1.721 1.818 1.920 2.027 2.139 2.256 2.378 2.504 2.602 2.683 2.599 2.415 2.237 2.063 1.895 1.731 1.573 1.419 1.270 1.127 0.988 0.854 0.853 0.952 1.047 1.138 1.224 1.306 1.383 1.457 1.526 1.590 1.650 1.706 1.827 2.013 2.196 2.378 2.557 2.735 2.910 3.083 3.254 3.424 3.591 3.756 4.011 4.386 4.768 5.158
1.865 1.869 1.877 1.890 1.908 1.931 1.958 1.990 2.027 2.069 2.074 2.042 2.005 1.961 1.912 1.856 1.795 1.727 1.654 1.575 1.490 1.399 1.403 1.508 1.618 1.734 1.842 1.943 2.035 2.120 2.196 2.264 2.324 2.375 2.322 2.156 1.995 1.839 1.688 1.542 1.400 1.264 1.133 1.007 0.886 0.769 0.739 0.824 0.903 0.979 1.050 1.117 1.179 1.237 1.291 1.341 1.386 1.427 1.516 1.695 1.871 2.046 2.218 2.388 2.556 2.723 2.887 3.049 3.208 3.366 3.599 4.001 4.412 4.830
1.823 1.844 1.869 1.899 1.934 1.973 2.018 2.067 2.121 2.179 2.197 2.144 2.085 2.021 1.950 1.874 1.792 1.705 1.625 1.545 1.465 1.386 1.374 1.479 1.575 1.663 1.743 1.815 1.879 1.935 1.983 2.022 2.054 2.077 2.040 1.892 1.748 1.609 1.476 1.347 1.224 1.105 0.991 0.882 0.778 0.680 0.630 0.699 0.764 0.824 0.880 0.932 0.979 1.023 1.061 1.096 1.126 1.152 1.208 1.380 1.549 1.716 1.881 2.044 2.205 2.364 2.521 2.676 2.829 2.979 3.180 3.610 4.049 4.495
1.777 1.814 1.856 1.903 1.954 2.011 2.072 2.138 2.209 2.284 2.322 2.242 2.163 2.083 2.003 1.923 1.843 1.763 1.683 1.603 1.523 1.443 1.398 1.474 1.542 1.601 1.653 1.697 1.732 1.759 1.778 1.790 1.793 1.787 1.754 1.623 1.497 1.375 1.259 1.148 1.042 0.941 0.844 0.753 0.666 0.585 0.526 0.580 0.629 0.675 0.715 0.752 0.784 0.812 0.836 0.855 0.870 0.881 0.902 1.067 1.229 1.389 1.547 1.703 1.857 2.009 2.158 2.306 2.451 2.595 2.753 3.212 3.679 4.153
1.724 1.779 1.838 1.907 1.981 2.054 2.125 2.195 2.263 2.330 2.381 2.301 2.221 2.141 2.061 1.981 1.901 1.821 1.741 1.661 1.581 1.501 1.430 1.477 1.517 1.548 1.571 1.586 1.593 1.592 1.583 1.565 1.540 1.506 1.463 1.349 1.240 1.137 1.038 0.944 0.855 0.771 0.693 0.619 0.550 0.486 0.426 0.465 0.499 0.529 0.555 0.577 0.594 0.607 0.615 0.619 0.619 0.615 0.606 0.756 0.911 1.064 1.215 1.364 1.511 1.655 1.798 1.976 2.180 2.382 2.580 3.076 3.593 4.105
1.763 1.837 1.909 1.979 2.048 2.116 2.182 2.247 2.310 2.372 2.433 2.359 2.279 2.199 2.119 2.039 1.959 1.879 1.799 1.719 1.639 1.559 1.479 1.490 1.500 1.503 1.498 1.485 1.463 1.434 1.396 1.350 1.296 1.234 1.164 1.071 0.980 0.893 0.812 0.736 0.664 0.598 0.536 0.480 0.428 0.381 0.340 0.354 0.373 0.388 0.399 0.405 0.408 0.405 0.399 0.388 0.373 0.354 0.330 0.448 0.644 0.858 1.069 1.278 1.483 1.686 1.886 2.083 2.278 2.470 2.659 3.095 3.593 4.086
1.852 1.921 1.988 2.053 2.117 2.180 2.241 2.301 2.359 2.416 2.471 2.418 2.337 2.257 2.177 2.097 2.017 1.937 1.857 1.777 1.697 1.616 1.536 1.510 1.493 1.467 1.433 1.391 1.342 1.284 1.218 1.143 1.061 0.971 0.873 0.788 0.714 0.645 0.581 0.522 0.468 0.419 0.375 0.336 0.302 0.272 0.248 0.248 0.252 0.252 0.248 0.239 0.226 0.253 0.289 0.328 0.369 0.412 0.456 0.614 0.821 1.026 1.227 1.426 1.622 1.815 2.005 2.193 2.378 2.560 2.740 3.118 3.597 4.072
1.943 2.006 2.068 2.129 2.188 2.245 2.301 2.356 2.409 2.461 2.511 2.476 2.396 2.316 2.235 2.155 2.075 1.995 1.915 1.834 1.754 1.674 1.594 1.539 1.493 1.439 1.377 1.307 1.229 1.142 1.048 0.945 0.835 0.716 0.590 0.500 0.444 0.392 0.346 0.304 0.268 0.236 0.209 0.187 0.170 0.158 0.182 0.210 0.241 0.274 0.310 0.347 0.387 0.429 0.473 0.519 0.567 0.617 0.669 0.803 1.001 1.195 1.387 1.576 1.762 1.946 2.127 2.305 2.480 2.653 2.823 3.146 3.607 4.063
2.035 2.094 2.150 2.206 2.260 2.312 2.363 2.412 2.461 2.507 2.552 2.534 2.454 2.374 2.293 2.213 2.133 2.053 1.972 1.892 1.812 1.732 1.651 1.577 1.502 1.420 1.330 1.231 1.124 1.010 0.887 0.756 0.617 0.470 0.315 0.208 0.169 0.135 0.112 0.126 0.144 0.164 0.186 0.212 0.239 0.270 0.303 0.339 0.378 0.418 0.461 0.506 0.553 0.602 0.654 0.707 0.763 0.820 0.880 0.994 1.182 1.367 1.549 1.729 1.906 2.080 2.251 2.420 2.585 2.748 2.909 3.179 3.621 4.059
2.129 2.182 2.234 2.284 2.333 2.380 2.426 2.471 2.514 2.555 2.595 2.592 2.512 2.432 2.351 2.271 2.191 2.110 2.030 1.950 1.869 1.789 1.709 1.623 1.520 1.409 1.290 1.164 1.029 0.886 0.735 0.582 0.445 0.311 0.182 0.100 0.116 0.135 0.156 0.180 0.207 0.236 0.268 0.302 0.339 0.379 0.421 0.466 0.512 0.560 0.610 0.662 0.717 0.774 0.832 0.893 0.956 1.021 1.088 1.188 1.366 1.541 1.714 1.884 2.051 2.216 2.377 2.536 2.693 2.846 2.997 3.217 3.641 4.060
2.224 2.272 2.319 2.364 2.408 2.450 2.491 2.530 2.568 2.605 2.640 2.650 2.570 2.490 2.409 2.329 2.249 2.168 2.088 2.007 1.927 1.847 1.766 1.677 1.536 1.385 1.238 1.095 0.956 0.820 0.689 0.562 0.438 0.318 0.203 0.114 0.139 0.167 0.198 0.231 0.266 0.305 0.346 0.390 0.436 0.485 0.537 0.590 0.644 0.699 0.757 0.817 0.878 0.942 1.009 1.077 1.147 1.220 1.294 1.384 1.552 1.718 1.881 2.042 2.199 2.354 2.506 2.656 2.802 2.946 3.088 3.259 3.665 4.065
2.320 2.363 2.405 2.445 2.484 2.521 2.557 2.591 2.624 2.655 2.685 2.708 2.628 2.548 2.467 2.387 2.306 2.203 2.088 1.976 1.867 1.762 1.658 1.557 1.415 1.278 1.145 1.015 0.890 0.768 0.651 0.537 0.427 0.321 0.219 0.125 0.159 0.197 0.236 0.279 0.324 0.371 0.422 0.475 0.530 0.588 0.649 0.712 0.773 0.836 0.901 0.968 1.038 1.109 1.182 1.258 1.336 1.416 1.498 1.582 1.741 1.897 2.051 2.202 2.350 2.495 2.638 2.777 2.915 3.049 3.181 3.310 3.694 4.076
2.418 2.456 2.493 2.528 2.561 2.594 2.624 2.654 2.681 2.708 2.696 2.674 2.563 2.444 2.328 2.215 2.104 1.997 1.893 1.791 1.692 1.597 1.504 1.413 1.290 1.167 1.047 0.932 0.820 0.712 0.608 0.508 0.412 0.320 0.232 0.148 0.177 0.223 0.272 0.324 0.378 0.435 0.495 0.557 0.621 0.689 0.759 0.831 0.900 0.971 1.043 1.118 1.194 1.273 1.354 1.437 1.522 1.609 1.699 1.790 1.932 2.079 2.223 2.364 2.503 2.638 2.771 2.902 3.029 3.154 3.276 3.395 3.728 4.091
2.518 2.551 2.582 2.568 2.552 2.535 2.516 2.495 2.472 2.448 2.422 2.395 2.304 2.195 2.089 1.986 1.886 1.789 1.695 1.603 1.514 1.429 1.346 1.266 1.162 1.052 0.946 0.844 0.746 0.652 0.562 0.476 0.393 0.315 0.241 0.170 0.192 0.248 0.306 0.366 0.430 0.496 0.565 0.636 0.710 0.786 0.866 0.947 1.025 1.103 1.183 1.265 1.349 1.435 1.523 1.614 1.706 1.801 1.898 1.996 2.125 2.263 2.397 2.529 2.658 2.784 2.907 3.015 3.104 3.197 3.293 3.393 3.668 4.008
2.393 2.376 2.358 2.338 2.316 2.293 2.268 2.241 2.213 2.182 2.151 2.117 2.042 1.944 1.848 1.755 1.665 1.578 1.494 1.412 1.334 1.258 1.185 1.115 1.029 0.933 0.841 0.753 0.668 0.588 0.512 0.439 0.371 0.306 0.245 0.188 0.204 0.269 0.336 0.406 0.479 0.554 0.632 0.713 0.796 0.881 0.970 1.061 1.148 1.233 1.320 1.410 1.501 1.595 1.690 1.788 1.888 1.990 2.094 2.200 2.293 2.368 2.448 2.531 2.618 2.709 2.804 2.902 3.004 3.110 3.219 3.332 3.579 3.914
2.183 2.160 2.136 2.110 2.082 2.053 2.022 1.989 1.955 1.919 1.881 1.842 1.778 1.690 1.604 1.521 1.441 1.364 1.290 1.219 1.150 1.085 1.022 0.962 0.892 0.810 0.732 0.657 0.587 0.520 0.457 0.399 0.344 0.293 0.246 0.203 0.214 0.288 0.364 0.443 0.525 0.610 0.697 0.786 0.879 0.973 1.071 1.171 1.268 1.361 1.455 1.552 1.651 1.726 1.782 1.836 1.887 1.935 1.981 2.023 2.084 2.173 2.266 2.362 2.462 2.566 2.674 2.785 2.900 3.019 3.142 3.268 3.490 3.821
1.975 1.946 1.916 1.884 1.851 1.815 1.779 1.740 1.700 1.658 1.614 1.568 1.512 1.433 1.357 1.285 1.215 1.148 1.084 1.023 0.964 0.909 0.856 0.806 0.752 0.683 0.618 0.558 0.501 0.448 0.399 0.354 0.313 0.276 0.242 0.213 0.220 0.303 0.389 0.478 0.569 0.662 0.758 0.857 0.959 1.063 1.151 1.231 1.306 1.367 1.425 1.481 1.533 1.583 1.630 1.673 1.714 1.752 1.788 1.820 1.872 1.974 2.080 2.189 2.303 2.420 2.540 2.665 2.793 2.925 3.061 3.200 3.403 3.730
1.769 1.735 1.698 1.661 1.621 1.580 1.537 1.493 1.446 1.398 1.349 1.298 1.242 1.174 1.108 1.045 0.986 0.929 0.875 0.824 0.775 0.730 0.687 0.647 0.607 0.552 0.501 0.454 0.411 0.372 0.337 0.306 0.278 0.255 0.235 0.219 0.224 0.317 0.412 0.499 0.585 0.668 0.751 0.833 0.913 0.992 1.069 1.145 1.217 1.268 1.316 1.361 1.404 1.443 1.480 1.514 1.545 1.573 1.598 1.620 1.657 1.772 1.891 2.013 2.140 2.270 2.404 2.541 2.682 2.827 2.976 3.129 3.317 3.640
1.569 1.525 1.483 1.439 1.394 1.347 1.298 1.248 1.195 1.142 1.086 1.029 0.970 0.912 0.856 0.804 0.754 0.707 0.663 0.622 0.583 0.548 0.515 0.486 0.459 0.418 0.380 0.347 0.318 0.292 0.271 0.253 0.242 0.231 0.220 0.209 0.200 0.285 0.368 0.450 0.531 0.611 0.689 0.766 0.841 0.916 0.989 1.061 1.130 1.171 1.210 1.245 1.277 1.307 1.333 1.357 1.378 1.396 1.411 1.423 1.438 1.566 1.698 1.834 1.973 2.116 2.263 2.414 2.568 2.726 2.888 3.054 3.232 3.551
1.410 1.318 1.270 1.220 1.169 1.116 1.061 1.005 0.947 0.887 0.825 0.762 0.697 0.647 0.601 0.559 0.519 0.482 0.448 0.417 0.389 0.364 0.341 0.321 0.308 0.298 0.287 0.275 0.264 0.253 0.242 0.231 0.220 0.209 0.198 0.187 0.177 0.246 0.325 0.403 0.479 0.554 0.628 0.700 0.771 0.841 0.910 0.977 1.044 1.078 1.106 1.131 1.154 1.173 1.190 1.203 1.214 1.222 1.227 1.229 1.228 1.357 1.502 1.651 1.803 1.960 2.120 2.283 2.451 2.622 2.797 2.975 3.158 3.463
1.253 1.112 1.059 1.003 0.946 0.887 0.826 0.764 0.700 0.634 0.567 0.498 0.427 0.379 0.344 0.311 0.282 0.265 0.272 0.277 0.280 0.283 0.284 0.284 0.282 0.274 0.263 0.252 0.241 0.230 0.219 0.208 0.197 0.187 0.176 0.166 0.156 0.209 0.283 0.356 0.428 0.499 0.568 0.636 0.703 0.768 0.833 0.896 0.957 0.988 1.006 1.021 1.033 1.043 1.049 1.053 1.054 1.051 1.046 1.038 1.028 1.145 1.303 1.465 1.630 1.800 1.973 2.149 2.330 2.514 2.702 2.894 3.089 3.376
1.098 0.909 0.850 0.788 0.725 0.660 0.594 0.526 0.456 0.384 0.341 0.318 0.274 0.253 0.260 0.266 0.270 0.273 0.275 0.275 0.275 0.273 0.269 0.265 0.259 0.250 0.239 0.228 0.217 0.207 0.196 0.186 0.175 0.165 0.155 0.144 0.134 0.172 0.242 0.311 0.379 0.445 0.510 0.573 0.636 0.697 0.756 0.815 0.872 0.900 0.908 0.913 0.916 0.915 0.912 0.905 0.896 0.884 0.869 0.851 0.830 0.929 1.100 1.275 1.454 1.636 1.822 2.012 2.205 2.403 2.604 2.808 3.017 3.291
0.944 0.708 0.643 0.656 0.701 0.726 0.732 0.718 0.685 0.632 0.559 0.467 0.356 0.280 0.283 0.284 0.284 0.282 0.280 0.276 0.270 0.264 0.256 0.247 0.236 0.225 0.215 0.204 0.194 0.183 0.173 0.163 0.153 0.143 0.133 0.123 0.113 0.138 0.203 0.268 0.331 0.392 0.453 0.512 0.570 0.626 0.682 0.736 0.789 0.816 0.814 0.809 0.801 0.790 0.777 0.761 0.741 0.719 0.694 0.666 0.635 0.710 0.894 1.082 1.274 1.469 1.668 1.871 2.072 2.262 2.445 2.623 2.794 3.014
1.513 1.364 1.379 1.375 1.351 1.308 1.245 1.163 1.061 0.939 0.798 0.638 0.458 0.309 0.307 0.304 0.299 0.293 0.286 0.277 0.267 0.256 0.244 0.230 0.215 0.201 0.191 0.180 0.170 0.160 0.150 0.140 0.130 0.121 0.111 0.101 0.092 0.104 0.165 0.225 0.284 0.341 0.397 0.452 0.505 0.557 0.608 0.658 0.706 0.734 0.722 0.707 0.690 0.669 0.645 0.619 0.590 0.558 0.522 0.485 0.444 0.498 0.710 0.915 1.114 1.307 1.494 1.674 1.849 2.017 2.179 2.335 2.484 2.677
2.441 2.241 2.187 2.115 2.022 1.910 1.779 1.628 1.458 1.268 1.058 0.829 0.581 0.339 0.332 0.325 0.315 0.305 0.293 0.280 0.266 0.250 0.233 0.215 0.196 0.177 0.167 0.157 0.147 0.137 0.127 0.117 0.108 0.098 0.089 0.080 0.070 0.072 0.129 0.184 0.238 0.291 0.343 0.393 0.442 0.490 0.536 0.582 0.625 0.656 0.634 0.609 0.581 0.550 0.561 0.588 0.597 0.587 0.559 0.513 0.449 0.431 0.621 0.805 0.983 1.154 1.320 1.479 1.632 1.778 1.919 2.053 2.181 2.341
3.373 3.148 3.016 2.875 2.714 2.533 2.334 2.114 1.875 1.617 1.339 1.041 0.725 0.388 0.359 0.347 0.333 0.318 0.302 0.284 0.266 0.246 0.224 0.202 0.178 0.152 0.142 0.133 0.123 0.114 0.104 0.095 0.085 0.076 0.067 0.058 0.049 0.041 0.094 0.145 0.194 0.243 0.290 0.336 0.380 0.424 0.466 0.591 0.747 0.890 0.944 0.980 0.998 0.998 0.980 0.943 0.888 0.815 0.723 0.614 0.486 0.370 0.539 0.701 0.857 1.007 1.151 1.289 1.420 1.546 1.665 1.778 1.884 2.006
