DATA/SHG/ECMWF/20170628/EN-25/20170628.en-25.asc
ncols        190
nrows        64
xllcorner    -5100000.000000000000
yllcorner    4130000.000000000000
cellsize     10000.000000000000
NODATA_value  -99999.000
[rows 0 to 31 of 64, columns 0 to 72 of 190]
7.224 7.047 6.885 6.738 6.607 6.490 6.388 6.301 6.230 6.337 6.490 6.635 6.771 6.899 7.018 7.128 7.229 7.322 7.407 7.533 7.681 7.860 8.035 8.189 8.322 8.435 8.527 8.599 8.651 8.682 8.692 8.682 8.652 8.468 8.214 7.985 7.780 7.601 7.447 7.318 7.214 7.134 7.080 7.051 7.046 7.134 7.295 7.467 7.649 7.842 8.045 8.259 8.483 8.718 8.963 9.219 9.485 9.514 9.241 8.955 8.656 8.345 8.020 7.682 7.331 6.967 6.589 6.199 5.796 5.595 5.741 5.895 6.056
6.534 6.411 6.302 6.209 6.130 6.066 6.018 5.984 5.966 6.042 6.165 6.279 6.399 6.525 6.657 6.796 6.941 7.092 7.250 7.414 7.584 7.728 7.830 7.912 7.973 8.014 8.034 8.034 8.014 7.972 7.911 7.829 7.726 7.578 7.412 7.271 7.155 7.063 6.997 6.956 6.940 6.948 6.982 7.041 7.124 7.262 7.460 7.669 7.888 8.117 8.358 8.609 8.870 9.142 9.424 9.717 10.021 10.133 9.814 9.483 9.138 8.780 8.409 8.025 7.628 7.218 6.795 6.359 5.910 5.606 5.778 5.957 6.142
5.829 5.759 5.703 5.663 5.640 5.634 5.632 5.636 5.644 5.708 5.838 5.974 6.116 6.264 6.419 6.580 6.747 6.921 7.101 7.287 7.480 7.618 7.648 7.658 7.647 7.615 7.564 7.491 7.399 7.286 7.152 6.998 6.824 6.663 6.585 6.532 6.504 6.501 6.523 6.569 6.641 6.737 6.859 7.005 7.176 7.378 7.614 7.859 8.116 8.382 8.660 8.947 9.246 9.555 9.874 10.204 10.545 10.764 10.399 10.022 9.631 9.227 8.811 8.381 7.938 7.482 7.014 6.532 6.071 5.709 5.939 6.164 6.384
5.216 5.208 5.205 5.206 5.212 5.224 5.239 5.260 5.286 5.352 5.504 5.662 5.826 5.997 6.174 6.358 6.547 6.744 6.946 7.155 7.370 7.529 7.487 7.425 7.342 7.239 7.115 6.971 6.806 6.621 6.415 6.189 5.943 5.725 5.734 5.769 5.829 5.914 6.023 6.158 6.317 6.501 6.711 6.945 7.204 7.484 7.757 8.039 8.333 8.636 8.951 9.275 9.611 9.957 10.313 10.680 11.057 11.407 10.996 10.573 10.129 9.598 9.087 8.597 8.128 7.678 7.250 6.841 6.454 6.086 6.289 6.497 6.701
4.716 4.725 4.739 4.757 4.781 4.809 4.842 4.880 4.922 4.989 5.163 5.344 5.531 5.724 5.923 6.129 6.341 6.559 6.784 7.015 7.252 7.463 7.348 7.214 7.059 6.884 6.688 6.472 6.235 5.978 5.701 5.403 5.085 4.762 4.859 4.982 5.130 5.302 5.500 5.722 5.969 6.241 6.538 6.859 7.206 7.577 7.889 8.208 8.539 8.879 9.231 9.592 9.965 10.318 10.578 10.837 11.094 11.350 10.899 10.399 9.919 9.460 9.021 8.603 8.204 7.827 7.470 7.133 6.816 6.520 6.644 6.835 7.021
4.211 4.237 4.268 4.304 4.344 4.389 4.440 4.494 4.554 4.620 4.816 5.019 5.228 5.444 5.666 5.894 6.128 6.369 6.616 6.869 7.129 7.395 7.231 7.025 6.798 6.551 6.283 5.995 5.687 5.358 5.009 4.640 4.250 3.840 3.960 4.171 4.406 4.666 4.951 5.261 5.596 5.955 6.339 6.749 7.183 7.642 7.976 8.241 8.504 8.766 9.027 9.286 9.544 9.802 10.057 10.312 10.565 10.817 10.527 10.099 9.691 9.303 8.935 8.588 8.262 7.955 7.670 7.404 7.159 6.934 7.003 7.177 7.346
3.702 3.745 3.793 3.846 3.903 3.965 4.033 4.105 4.181 4.263 4.463 4.688 4.920 5.158 5.402 5.652 5.909 6.172 6.441 6.717 6.999 7.287 7.136 6.858 6.559 6.240 5.901 5.541 5.161 4.760 4.339 3.898 3.437 2.955 3.037 3.335 3.658 4.005 4.378 4.801 5.238 5.660 6.067 6.460 6.838 7.201 7.491 7.751 8.010 8.268 8.525 8.780 9.034 9.287 9.539 9.789 10.038 10.286 10.136 9.779 9.443 9.126 8.830 8.555 8.299 8.064 7.850 7.656 7.482 7.329 7.365 7.523 7.675
3.188 3.248 3.313 3.383 3.457 3.537 3.621 3.710 3.804 3.902 4.103 4.351 4.605 4.865 5.131 5.404 5.683 5.968 6.260 6.558 6.862 7.172 7.062 6.712 6.342 5.951 5.540 5.108 4.657 4.185 3.692 3.179 2.747 2.358 2.492 2.951 3.394 3.824 4.238 4.638 5.023 5.394 5.750 6.092 6.418 6.731 7.008 7.264 7.519 7.772 8.025 8.276 8.526 8.774 9.022 9.268 9.513 9.757 9.726 9.441 9.175 8.930 8.706 8.501 8.317 8.154 8.011 7.888 7.785 7.703 7.732 7.872 8.008
2.669 2.746 2.828 2.915 3.007 3.103 3.205 3.311 3.422 3.537 3.737 4.007 4.283 4.566 4.855 5.150 5.451 5.758 6.072 6.392 6.718 7.051 7.010 6.588 6.146 5.697 5.262 4.839 4.430 4.035 3.653 3.284 2.928 2.586 2.600 3.007 3.400 3.778 4.141 4.490 4.824 5.143 5.448 5.739 6.014 6.275 6.526 6.778 7.029 7.278 7.526 7.773 8.019 8.264 8.507 8.749 8.990 9.229 9.297 9.083 8.889 8.715 8.562 8.429 8.316 8.224 8.152 8.100 8.069 8.058 8.103 8.226 8.345
2.146 2.240 2.339 2.443 2.552 2.666 2.784 2.907 3.035 3.167 3.365 3.657 3.956 4.260 4.571 4.889 5.212 5.539 5.847 6.152 6.454 6.752 6.782 6.353 5.938 5.536 5.147 4.772 4.410 4.061 3.726 3.404 3.096 2.800 2.723 3.079 3.420 3.747 4.059 4.356 4.639 4.908 5.161 5.401 5.625 5.835 6.047 6.294 6.541 6.786 7.030 7.273 7.515 7.755 7.994 8.232 8.468 8.704 8.849 8.705 8.583 8.480 8.398 8.336 8.295 8.274 8.273 8.293 8.333 8.393 8.477 8.584 8.686
1.618 1.730 1.846 1.967 2.093 2.223 2.358 2.498 2.643 2.793 2.991 3.310 3.627 3.940 4.250 4.557 4.860 5.160 5.457 5.750 6.040 6.327 6.466 6.084 5.716 5.360 5.019 4.690 4.375 4.074 3.785 3.510 3.249 3.001 2.860 3.165 3.455 3.731 3.992 4.238 4.470 4.687 4.890 5.078 5.251 5.410 5.569 5.812 6.055 6.296 6.536 6.774 7.012 7.248 7.483 7.717 7.949 8.180 8.381 8.309 8.258 8.226 8.216 8.225 8.255 8.305 8.375 8.466 8.577 8.708 8.856 8.946 9.031
1.086 1.215 1.348 1.517 1.710 1.894 2.069 2.234 2.391 2.539 2.696 3.004 3.309 3.611 3.909 4.204 4.496 4.785 5.070 5.352 5.630 5.906 6.136 5.801 5.480 5.172 4.877 4.595 4.327 4.072 3.831 3.603 3.388 3.187 3.012 3.266 3.505 3.729 3.939 4.135 4.315 4.481 4.633 4.770 4.893 5.001 5.094 5.332 5.571 5.807 6.043 6.278 6.511 6.743 6.974 7.203 7.431 7.658 7.884 7.894 7.913 7.953 8.014 8.094 8.195 8.316 8.457 8.567 8.643 8.723 8.805 8.783 8.752
0.938 1.127 1.306 1.476 1.637 1.789 1.932 2.066 2.191 2.307 2.414 2.702 2.996 3.286 3.573 3.856 4.137 4.414 4.687 4.958 5.225 5.489 5.749 5.505 5.230 4.969 4.721 4.486 4.265 4.057 3.863 3.681 3.513 3.359 3.218 3.382 3.570 3.743 3.902 4.046 4.176 4.291 4.391 4.477 4.549 4.606 4.648 4.854 5.088 5.321 5.552 5.783 6.012 6.240 6.466 6.692 6.916 7.139 7.360 7.459 7.529 7.596 7.666 7.738 7.814 7.892 7.973 8.057 8.143 8.233 8.325 8.324 8.298
1.002 1.158 1.305 1.444 1.573 1.694 1.805 1.907 2.001 2.085 2.161 2.404 2.686 2.965 3.240 3.512 3.781 4.047 4.309 4.568 4.823 5.076 5.325 5.195 4.967 4.753 4.552 4.364 4.189 4.028 3.881 3.746 3.625 3.517 3.423 3.512 3.649 3.771 3.879 3.972 4.051 4.115 4.165 4.200 4.220 4.226 4.218 4.378 4.608 4.836 5.064 5.290 5.515 5.747 5.972 6.187 6.391 6.585 6.768 6.873 6.947 7.024 7.104 7.186 7.272 7.360 7.451 7.545 7.641 7.741 7.843 7.865 7.844
1.074 1.199 1.315 1.422 1.519 1.608 1.688 1.759 1.821 1.874 1.918 2.109 2.380 2.647 2.911 3.172 3.429 3.683 3.934 4.182 4.426 4.667 4.904 4.872 4.691 4.523 4.369 4.228 4.100 3.986 3.885 3.797 3.723 3.661 3.614 3.657 3.743 3.814 3.871 3.913 3.941 3.954 3.953 3.937 3.907 3.862 3.841 3.981 4.231 4.472 4.702 4.922 5.131 5.331 5.519 5.698 5.866 6.024 6.171 6.279 6.363 6.450 6.540 6.632 6.728 6.826 6.927 7.031 7.137 7.247 7.359 7.405 7.389
1.157 1.250 1.334 1.409 1.476 1.533 1.581 1.620 1.651 1.672 1.684 1.819 2.078 2.334 2.586 2.836 3.081 3.324 3.563 3.799 4.032 4.262 4.488 4.535 4.401 4.280 4.172 4.078 3.997 3.929 3.875 3.834 3.806 3.792 3.791 3.817 3.852 3.872 3.876 3.860 3.843 3.824 3.804 3.783 3.760 3.735 3.710 3.791 4.006 4.210 4.404 4.588 4.761 4.924 5.077 5.219 5.351 5.473 5.584 5.683 5.777 5.874 5.974 6.076 6.182 6.290 6.401 6.515 6.631 6.751 6.873 6.944 6.933
1.249 1.311 1.363 1.407 1.442 1.467 1.484 1.492 1.491 1.480 1.461 1.532 1.780 2.024 2.265 2.503 2.738 2.969 3.197 3.421 3.643 3.861 4.075 4.184 4.097 4.023 3.962 3.915 3.880 3.859 3.852 3.860 3.870 3.869 3.858 3.839 3.823 3.805 3.785 3.765 3.743 3.719 3.694 3.668 3.640 3.611 3.580 3.612 3.791 3.959 4.117 4.265 4.402 4.529 4.646 4.752 4.848 4.933 5.009 5.085 5.189 5.296 5.406 5.518 5.634 5.752 5.873 5.996 6.123 6.253 6.385 6.483 6.476
1.351 1.381 1.402 1.414 1.418 1.412 1.397 1.373 1.340 1.299 1.248 1.250 1.486 1.719 1.948 2.175 2.398 2.617 2.834 3.047 3.257 3.464 3.667 3.821 3.824 3.871 3.908 3.935 3.950 3.955 3.949 3.932 3.905 3.867 3.818 3.765 3.744 3.721 3.697 3.671 3.644 3.616 3.586 3.554 3.522 3.487 3.452 3.444 3.586 3.719 3.840 3.952 4.053 4.144 4.225 4.295 4.355 4.405 4.444 4.485 4.599 4.716 4.836 4.958 5.084 5.212 5.343 5.476 5.613 5.752 5.895 6.021 6.019
1.463 1.462 1.451 1.432 1.403 1.366 1.320 1.264 1.200 1.127 1.045 0.971 1.196 1.417 1.635 1.850 2.062 2.315 2.601 2.895 3.199 3.511 3.833 4.151 4.172 4.182 4.181 4.170 4.147 4.114 4.071 4.016 3.951 3.875 3.788 3.693 3.667 3.639 3.610 3.579 3.547 3.514 3.479 3.443 3.405 3.366 3.325 3.286 3.392 3.488 3.574 3.650 3.715 3.770 3.815 3.849 3.873 3.887 3.890 3.883 4.007 4.134 4.264 4.396 4.532 4.670 4.811 4.954 5.101 5.250 5.402 5.557 5.562
1.585 1.552 1.510 1.459 1.399 1.330 1.252 1.166 1.070 0.965 0.882 0.790 1.018 1.290 1.572 1.862 2.161 2.469 2.786 3.112 3.448 3.792 4.145 4.507 4.531 4.503 4.464 4.415 4.355 4.285 4.203 4.111 4.008 3.894 3.770 3.635 3.591 3.558 3.524 3.488 3.452 3.413 3.373 3.332 3.290 3.246 3.200 3.154 3.209 3.269 3.319 3.358 3.388 3.407 3.415 3.414 3.402 3.379 3.347 3.304 3.414 3.550 3.690 3.832 3.978 4.126 4.277 4.430 4.587 4.746 4.908 5.073 5.103
1.716 1.651 1.578 1.557 1.521 1.468 1.400 1.316 1.216 1.100 0.968 0.821 1.004 1.308 1.621 1.942 2.273 2.613 2.962 3.320 3.687 4.062 4.447 4.841 4.900 4.835 4.759 4.672 4.574 4.466 4.347 4.217 4.076 3.925 3.763 3.590 3.517 3.479 3.440 3.400 3.358 3.314 3.270 3.224 3.176 3.127 3.077 3.025 3.036 3.060 3.074 3.077 3.071 3.054 3.026 2.989 2.941 2.883 2.814 2.735 2.818 2.965 3.114 3.267 3.422 3.580 3.741 3.942 4.190 4.418 4.626 4.814 4.933
2.234 2.189 2.128 2.052 1.959 1.851 1.727 1.587 1.431 1.259 1.072 0.868 0.980 1.315 1.660 2.013 2.376 2.747 3.128 3.517 3.916 4.323 4.739 5.165 5.281 5.178 5.064 4.939 4.804 4.658 4.501 4.334 4.155 3.967 3.767 3.557 3.444 3.401 3.358 3.312 3.265 3.217 3.168 3.117 3.064 3.011 2.955 2.899 2.873 2.862 2.839 2.807 2.764 2.712 2.648 2.575 2.491 2.397 2.293 2.178 2.309 2.627 2.925 3.203 3.461 3.700 3.918 4.116 4.295 4.454 4.592 4.711 4.843
2.913 2.812 2.696 2.563 2.415 2.251 2.071 1.875 1.663 1.436 1.192 0.933 0.946 1.313 1.689 2.075 2.469 2.872 3.284 3.705 4.135 4.574 5.022 5.478 5.672 5.531 5.380 5.218 5.045 4.861 4.667 4.462 4.246 4.019 3.782 3.534 3.373 3.325 3.277 3.226 3.175 3.122 3.067 3.011 2.954 2.895 2.835 2.774 2.721 2.674 2.616 2.547 2.469 2.441 2.461 2.497 2.550 2.619 2.705 2.806 2.989 3.237 3.465 3.674 3.863 4.032 4.180 4.310 4.419 4.508 4.578 4.627 4.738
3.609 3.452 3.280 3.091 2.887 2.667 2.432 2.180 1.912 1.629 1.330 1.015 0.903 1.302 1.709 2.126 2.552 2.986 3.430 3.882 4.344 4.814 5.294 5.782 6.074 5.896 5.707 5.507 5.296 5.075 4.843 4.600 4.347 4.083 3.808 3.522 3.303 3.251 3.197 3.142 3.086 3.028 2.968 2.907 2.845 2.782 2.744 2.702 2.660 2.656 2.667 2.696 2.740 2.801 2.878 2.971 3.081 3.207 3.349 3.507 3.686 3.865 4.024 4.163 4.283 4.382 4.462 4.521 4.561 4.581 4.582 4.562 4.620
4.321 4.109 3.880 3.636 3.376 3.101 2.809 2.502 2.178 1.839 1.484 1.113 0.850 1.280 1.719 2.167 2.625 3.091 3.566 4.050 4.543 5.045 5.556 6.076 6.487 6.271 6.044 5.807 5.559 5.300 5.030 4.750 4.459 4.157 3.845 3.522 3.235 3.178 3.119 3.133 3.143 3.138 3.118 3.084 3.034 2.971 2.892 2.799 2.719 2.771 2.840 2.925 3.026 3.144 3.278 3.428 3.594 3.777 3.976 4.192 4.402 4.511 4.601 4.671 4.721 4.751 4.762 4.752 4.723 4.674 4.604 4.516 4.489
5.049 4.782 4.498 4.198 3.882 3.551 3.203 2.840 2.461 2.066 1.656 1.229 0.787 1.249 1.719 2.199 2.688 3.186 3.692 4.208 4.732 5.266 5.808 6.360 6.910 6.657 6.393 6.118 5.832 5.535 5.228 4.911 4.629 4.366 4.121 3.895 3.693 3.695 3.682 3.655 3.614 3.557 3.486 3.400 3.300 3.185 3.055 2.911 2.762 2.871 2.996 3.138 3.296 3.471 3.661 3.868 4.092 4.331 4.587 4.859 5.136 5.176 5.196 5.197 5.178 5.139 5.080 5.001 4.903 4.784 4.646 4.488 4.343
5.781 5.471 5.132 4.776 4.405 4.018 3.615 3.196 2.761 2.311 1.844 1.362 0.864 1.208 1.710 2.221 2.741 3.271 3.809 4.356 4.912 5.477 6.051 6.634 7.214 6.985 6.657 6.347 6.055 5.782 5.528 5.292 5.076 4.877 4.697 4.536 4.394 4.334 4.270 4.192 4.099 3.991 3.869 3.732 3.580 3.414 3.233 3.037 2.827 2.954 3.136 3.335 3.550 3.781 4.029 4.292 4.572 4.868 5.181 5.510 5.855 5.859 5.810 5.741 5.653 5.545 5.417 5.269 5.101 4.914 4.707 4.479 4.233
6.528 6.178 5.782 5.371 4.944 4.501 4.043 3.568 3.078 2.572 2.050 1.512 0.959 1.157 1.691 2.233 2.785 3.350 3.918 4.471 5.010 5.535 6.046 6.542 7.024 6.957 6.693 6.448 6.222 6.014 5.825 5.654 5.502 5.369 5.254 5.158 5.080 4.987 4.872 4.742 4.598 4.439 4.266 4.077 3.875 3.657 3.425 3.178 2.917 3.021 3.260 3.515 3.787 4.075 4.379 4.699 5.036 5.389 5.758 6.144 6.545 6.560 6.442 6.304 6.147 5.969 5.772 5.555 5.319 5.062 4.786 4.490 4.174
7.290 6.901 6.450 5.983 5.500 5.002 4.487 3.957 3.411 2.850 2.292 1.756 1.226 1.310 1.884 2.445 2.992 3.524 4.042 4.545 5.035 5.510 5.971 6.417 6.850 6.909 6.710 6.530 6.369 6.226 6.102 5.996 5.909 5.840 5.790 5.759 5.746 5.654 5.488 5.307 5.112 4.902 4.677 4.437 4.183 3.915 3.631 3.334 3.021 3.071 3.367 3.679 4.008 4.352 4.713 5.090 5.483 5.893 6.319 6.761 7.219 7.279 7.092 6.886 6.659 6.413 6.146 5.860 5.555 5.229 4.884 4.518 4.134
8.066 7.640 7.133 6.590 6.035 5.486 4.941 4.403 3.869 3.341 2.819 2.301 1.789 1.697 2.222 2.733 3.230 3.712 4.180 4.634 5.074 5.500 5.911 6.308 6.690 6.842 6.708 6.593 6.496 6.418 6.359 6.318 6.296 6.292 6.307 6.340 6.392 6.336 6.118 5.886 5.639 5.378 5.102 4.812 4.506 4.187 3.852 3.503 3.140 3.106 3.458 3.827 4.212 4.613 5.031 5.464 5.914 6.380 6.863 7.361 7.876 8.017 7.761 7.485 7.189 6.874 6.539 6.184 5.782 5.332 4.882 4.433 3.984
8.589 8.069 7.522 6.981 6.445 5.914 5.388 4.868 4.353 3.843 3.339 2.840 2.347 2.099 2.575 3.036 3.483 3.916 4.334 4.738 5.128 5.504 5.866 6.213 6.546 6.755 6.687 6.636 6.605 6.591 6.597 6.621 6.663 6.724 6.804 6.902 7.019 7.031 6.762 6.479 6.181 5.869 5.542 5.200 4.844 4.473 4.088 3.688 3.273 3.124 3.533 3.958 4.400 4.858 5.332 5.822 6.328 6.851 7.390 7.945 8.516 8.705 8.253 7.802 7.351 6.901 6.451 6.001 5.552 5.103 4.655 4.206 3.759
9.002 8.417 7.889 7.366 6.848 6.335 5.828 5.327 4.830 4.339 3.853 3.373 2.898 2.516 2.942 3.353 3.751 4.134 4.502 4.857 5.197 5.524 5.836 6.133 6.417 6.650 6.646 6.660 6.693 6.745 6.815 6.904 7.011 7.137 7.281 7.444 7.625 7.741 7.421 7.086 6.737 6.374 5.996 5.603 5.196 4.774 4.337 3.886 3.421 3.125 3.591 4.073 4.571 5.086 5.628 6.157 6.653 7.116 7.547 7.945 8.310 8.466 8.015 7.565 7.116 6.667 6.218 5.770 5.322 4.874 4.427 3.980 3.534
