DATA/SHG/ECMWF/20170628/EN-25/20170706.en-25.asc
ncols        190
nrows        64
xllcorner    -5100000.000000000000
yllcorner    4130000.000000000000
cellsize     10000.000000000000
NODATA_value  -99999.000
[rows 0 to 32 of 64, columns 0 to 73 of 190]
0.761 0.750 0.741 0.737 0.736 0.738 0.745 0.755 0.768 0.793 0.814 0.826 0.832 0.829 0.819 0.801 0.775 0.742 0.701 0.697 0.710 0.743 0.782 0.820 0.857 0.894 0.929 0.963 0.996 1.028 1.059 1.089 1.118 1.109 1.073 1.035 0.995 0.952 0.907 0.860 0.810 0.758 0.703 0.646 0.586 0.551 0.539 0.526 0.513 0.499 0.485 0.471 0.456 0.441 0.425 0.409 0.393 0.385 0.388 0.390 0.392 0.393 0.394 0.394 0.394 0.393 0.391 0.389 0.387 0.462 0.662 0.860 1.055 1.247
0.655 0.656 0.660 0.669 0.681 0.696 0.716 0.739 0.765 0.776 0.770 0.755 0.750 0.749 0.752 0.759 0.770 0.786 0.806 0.829 0.857 0.891 0.927 0.962 0.995 1.028 1.059 1.090 1.119 1.148 1.175 1.202 1.227 1.220 1.176 1.130 1.081 1.030 0.976 0.920 0.862 0.801 0.738 0.672 0.604 0.557 0.543 0.529 0.514 0.499 0.484 0.468 0.451 0.435 0.418 0.400 0.382 0.370 0.371 0.371 0.371 0.371 0.369 0.368 0.366 0.363 0.360 0.356 0.352 0.396 0.588 0.776 0.963 1.147
0.544 0.558 0.575 0.597 0.622 0.652 0.682 0.712 0.743 0.759 0.760 0.765 0.775 0.788 0.806 0.828 0.854 0.884 0.919 0.957 1.000 1.041 1.073 1.104 1.134 1.163 1.190 1.217 1.243 1.268 1.292 1.315 1.337 1.334 1.282 1.227 1.170 1.110 1.048 0.983 0.917 0.847 0.776 0.702 0.625 0.563 0.547 0.532 0.516 0.499 0.482 0.465 0.447 0.429 0.410 0.391 0.372 0.355 0.354 0.353 0.351 0.349 0.346 0.342 0.338 0.334 0.329 0.323 0.334 0.371 0.569 0.762 0.949 1.131
0.463 0.493 0.523 0.553 0.584 0.615 0.646 0.677 0.709 0.736 0.751 0.771 0.795 0.824 0.856 0.893 0.933 0.978 1.027 1.080 1.138 1.191 1.219 1.247 1.273 1.298 1.323 1.346 1.368 1.389 1.410 1.429 1.447 1.451 1.390 1.326 1.261 1.192 1.122 1.049 0.973 0.896 0.816 0.733 0.648 0.569 0.552 0.535 0.517 0.499 0.481 0.462 0.443 0.423 0.403 0.383 0.362 0.341 0.339 0.335 0.332 0.335 0.341 0.349 0.360 0.374 0.391 0.410 0.432 0.457 0.633 0.807 0.975 1.137
0.420 0.451 0.482 0.513 0.545 0.577 0.609 0.642 0.675 0.708 0.738 0.773 0.811 0.854 0.901 0.953 1.008 1.068 1.131 1.199 1.271 1.342 1.367 1.391 1.413 1.435 1.456 1.475 1.494 1.512 1.528 1.544 1.558 1.569 1.500 1.428 1.354 1.277 1.198 1.117 1.033 0.947 0.858 0.767 0.674 0.578 0.557 0.539 0.520 0.500 0.480 0.460 0.439 0.418 0.397 0.375 0.353 0.331 0.334 0.341 0.350 0.363 0.378 0.396 0.417 0.440 0.466 0.495 0.527 0.561 0.702 0.856 1.005 1.148
0.376 0.408 0.441 0.473 0.506 0.539 0.573 0.606 0.641 0.675 0.720 0.770 0.823 0.881 0.942 1.008 1.078 1.152 1.231 1.313 1.400 1.490 1.515 1.535 1.554 1.572 1.590 1.606 1.621 1.635 1.648 1.660 1.671 1.681 1.612 1.532 1.449 1.364 1.277 1.187 1.094 1.000 0.903 0.803 0.701 0.597 0.563 0.541 0.520 0.499 0.477 0.456 0.434 0.412 0.390 0.368 0.346 0.324 0.330 0.347 0.366 0.388 0.413 0.440 0.471 0.504 0.540 0.578 0.619 0.663 0.776 0.911 1.041 1.165
0.332 0.366 0.399 0.433 0.467 0.501 0.536 0.571 0.606 0.641 0.698 0.762 0.830 0.902 0.979 1.059 1.144 1.232 1.325 1.422 1.524 1.629 1.664 1.681 1.696 1.711 1.724 1.737 1.748 1.759 1.768 1.776 1.784 1.790 1.727 1.638 1.547 1.453 1.357 1.252 1.142 1.033 0.925 0.818 0.712 0.606 0.559 0.538 0.516 0.494 0.472 0.450 0.428 0.406 0.384 0.362 0.339 0.317 0.324 0.350 0.379 0.411 0.445 0.482 0.522 0.565 0.610 0.658 0.709 0.762 0.855 0.971 1.081 1.186
0.288 0.322 0.357 0.392 0.427 0.462 0.498 0.534 0.571 0.607 0.671 0.750 0.832 0.919 1.010 1.105 1.205 1.308 1.416 1.527 1.643 1.763 1.814 1.827 1.839 1.850 1.860 1.869 1.877 1.883 1.889 1.894 1.882 1.863 1.788 1.676 1.566 1.457 1.348 1.240 1.133 1.028 0.923 0.819 0.715 0.613 0.556 0.534 0.512 0.490 0.468 0.445 0.423 0.400 0.378 0.355 0.332 0.309 0.315 0.351 0.389 0.430 0.474 0.521 0.571 0.623 0.678 0.735 0.795 0.859 0.940 1.036 1.127 1.212
0.244 0.279 0.315 0.351 0.387 0.424 0.460 0.498 0.535 0.573 0.640 0.733 0.831 0.932 1.038 1.147 1.261 1.379 1.501 1.627 1.758 1.892 1.965 1.974 1.983 1.971 1.956 1.940 1.923 1.905 1.886 1.866 1.844 1.822 1.759 1.651 1.544 1.437 1.332 1.227 1.124 1.021 0.919 0.818 0.718 0.619 0.553 0.530 0.508 0.486 0.463 0.440 0.418 0.395 0.372 0.349 0.326 0.302 0.303 0.349 0.397 0.448 0.501 0.557 0.616 0.678 0.742 0.810 0.879 0.952 1.029 1.106 1.178 1.244
0.199 0.235 0.272 0.309 0.347 0.384 0.422 0.461 0.500 0.539 0.604 0.712 0.824 0.940 1.060 1.185 1.313 1.445 1.570 1.695 1.818 1.939 2.011 1.996 1.980 1.962 1.944 1.924 1.903 1.881 1.858 1.833 1.808 1.781 1.729 1.624 1.520 1.417 1.315 1.213 1.113 1.014 0.915 0.817 0.721 0.625 0.550 0.527 0.504 0.481 0.458 0.435 0.412 0.389 0.366 0.342 0.319 0.295 0.289 0.344 0.402 0.462 0.525 0.591 0.660 0.731 0.805 0.881 0.961 1.043 1.123 1.181 1.234 1.281
0.154 0.191 0.229 0.268 0.306 0.345 0.384 0.424 0.464 0.504 0.568 0.698 0.827 0.955 1.081 1.206 1.330 1.452 1.573 1.693 1.812 1.929 2.016 1.997 1.976 1.955 1.932 1.909 1.884 1.858 1.831 1.802 1.773 1.742 1.699 1.597 1.496 1.396 1.297 1.199 1.102 1.005 0.910 0.815 0.722 0.629 0.547 0.524 0.500 0.477 0.454 0.431 0.407 0.384 0.360 0.336 0.312 0.288 0.272 0.337 0.404 0.474 0.547 0.622 0.700 0.781 0.864 0.950 1.039 1.131 1.222 1.261 1.295 1.323
0.108 0.147 0.186 0.230 0.279 0.330 0.382 0.435 0.489 0.545 0.609 0.735 0.859 0.982 1.104 1.225 1.344 1.461 1.578 1.693 1.807 1.920 2.022 1.999 1.974 1.949 1.922 1.895 1.866 1.836 1.805 1.772 1.739 1.705 1.667 1.568 1.471 1.374 1.278 1.183 1.089 0.996 0.904 0.812 0.722 0.633 0.544 0.520 0.497 0.473 0.450 0.426 0.402 0.378 0.354 0.330 0.306 0.282 0.257 0.327 0.404 0.483 0.565 0.650 0.738 0.828 0.921 1.013 1.102 1.187 1.269 1.289 1.304 1.318
0.097 0.147 0.198 0.250 0.304 0.359 0.416 0.473 0.532 0.593 0.654 0.773 0.893 1.011 1.128 1.244 1.359 1.472 1.584 1.695 1.804 1.912 2.019 2.002 1.974 1.944 1.914 1.882 1.849 1.815 1.780 1.744 1.706 1.668 1.628 1.539 1.445 1.351 1.258 1.167 1.076 0.986 0.897 0.809 0.721 0.635 0.550 0.517 0.493 0.470 0.446 0.421 0.397 0.373 0.349 0.324 0.300 0.275 0.250 0.314 0.411 0.510 0.606 0.699 0.788 0.875 0.958 1.039 1.116 1.191 1.262 1.287 1.298 1.309
0.101 0.156 0.212 0.269 0.327 0.387 0.448 0.511 0.574 0.639 0.705 0.812 0.927 1.041 1.154 1.265 1.375 1.484 1.591 1.697 1.802 1.905 2.008 2.006 1.974 1.941 1.906 1.870 1.834 1.796 1.757 1.716 1.675 1.633 1.589 1.509 1.418 1.327 1.238 1.149 1.062 0.975 0.889 0.804 0.720 0.637 0.555 0.514 0.490 0.466 0.441 0.417 0.393 0.382 0.376 0.370 0.365 0.362 0.360 0.423 0.515 0.603 0.688 0.770 0.849 0.925 0.998 1.067 1.134 1.198 1.258 1.285 1.294 1.302
0.105 0.164 0.224 0.286 0.349 0.413 0.479 0.546 0.614 0.684 0.755 0.853 0.963 1.073 1.181 1.287 1.393 1.497 1.600 1.701 1.801 1.900 1.998 2.012 1.975 1.938 1.900 1.860 1.819 1.777 1.734 1.690 1.645 1.598 1.551 1.478 1.390 1.303 1.217 1.131 1.047 0.963 0.880 0.799 0.718 0.638 0.571 0.538 0.528 0.520 0.513 0.507 0.502 0.498 0.495 0.493 0.492 0.493 0.494 0.540 0.621 0.698 0.773 0.844 0.912 0.977 1.040 1.099 1.155 1.208 1.257 1.284 1.290 1.295
0.107 0.170 0.235 0.302 0.369 0.438 0.509 0.580 0.653 0.727 0.803 0.895 1.001 1.105 1.209 1.311 1.412 1.511 1.610 1.707 1.802 1.897 1.990 2.018 1.978 1.937 1.894 1.851 1.806 1.760 1.713 1.665 1.616 1.566 1.514 1.447 1.362 1.277 1.194 1.114 1.037 0.965 0.896 0.831 0.770 0.713 0.660 0.629 0.624 0.619 0.616 0.613 0.612 0.612 0.613 0.615 0.618 0.622 0.627 0.660 0.730 0.797 0.860 0.921 0.979 1.033 1.084 1.133 1.178 1.220 1.259 1.283 1.286 1.289
0.107 0.175 0.245 0.316 0.388 0.462 0.537 0.613 0.690 0.769 0.849 0.938 1.039 1.139 1.238 1.336 1.432 1.527 1.621 1.713 1.804 1.894 1.983 2.026 1.982 1.937 1.890 1.843 1.794 1.744 1.693 1.638 1.574 1.514 1.457 1.394 1.315 1.241 1.170 1.103 1.041 0.982 0.927 0.875 0.828 0.785 0.746 0.719 0.718 0.717 0.717 0.719 0.721 0.725 0.729 0.735 0.742 0.750 0.759 0.783 0.842 0.898 0.951 1.001 1.048 1.091 1.132 1.170 1.204 1.236 1.264 1.284 1.284 1.283
0.106 0.179 0.253 0.329 0.406 0.484 0.563 0.644 0.726 0.809 0.894 0.982 1.079 1.175 1.269 1.362 1.454 1.544 1.634 1.721 1.808 1.893 1.977 2.035 1.975 1.901 1.831 1.764 1.699 1.637 1.579 1.523 1.470 1.420 1.373 1.325 1.260 1.199 1.142 1.089 1.040 0.995 0.953 0.916 0.882 0.853 0.827 0.808 0.810 0.813 0.817 0.823 0.829 0.836 0.845 0.854 0.865 0.877 0.889 0.908 0.957 1.002 1.044 1.083 1.120 1.153 1.183 1.210 1.234 1.254 1.272 1.285 1.282 1.279
0.103 0.181 0.260 0.340 0.421 0.504 0.588 0.674 0.760 0.848 0.937 1.028 1.121 1.212 1.301 1.390 1.477 1.552 1.616 1.674 1.728 1.776 1.818 1.851 1.785 1.722 1.662 1.605 1.551 1.499 1.451 1.405 1.363 1.323 1.286 1.252 1.201 1.154 1.110 1.071 1.035 1.004 0.976 0.952 0.932 0.916 0.904 0.896 0.902 0.909 0.917 0.926 0.936 0.947 0.959 0.972 0.987 1.002 1.019 1.036 1.074 1.109 1.140 1.169 1.194 1.217 1.236 1.252 1.266 1.276 1.283 1.287 1.281 1.275
0.099 0.182 0.265 0.350 0.436 0.523 0.612 0.702 0.793 0.886 0.977 1.066 1.143 1.215 1.282 1.343 1.399 1.450 1.495 1.535 1.569 1.599 1.623 1.641 1.594 1.541 1.491 1.444 1.400 1.359 1.321 1.285 1.253 1.223 1.197 1.173 1.138 1.104 1.074 1.049 1.027 1.009 0.995 0.985 0.978 0.976 0.978 0.983 0.992 1.003 1.015 1.027 1.041 1.056 1.072 1.089 1.107 1.126 1.147 1.168 1.194 1.218 1.239 1.257 1.272 1.284 1.292 1.298 1.301 1.300 1.297 1.290 1.281 1.272
0.094 0.181 0.269 0.374 0.476 0.574 0.668 0.758 0.844 0.926 1.004 1.079 1.140 1.193 1.241 1.284 1.321 1.353 1.380 1.401 1.417 1.428 1.433 1.433 1.399 1.356 1.317 1.280 1.246 1.215 1.187 1.162 1.140 1.121 1.104 1.091 1.071 1.051 1.035 1.023 1.014 1.010 1.010 1.013 1.020 1.032 1.047 1.066 1.081 1.096 1.111 1.128 1.145 1.164 1.184 1.205 1.227 1.250 1.274 1.299 1.317 1.331 1.341 1.348 1.352 1.353 1.351 1.342 1.326 1.310 1.293 1.276 1.267 1.262
0.214 0.313 0.409 0.501 0.589 0.673 0.753 0.829 0.902 0.970 1.035 1.096 1.142 1.177 1.206 1.230 1.249 1.262 1.270 1.273 1.270 1.263 1.249 1.231 1.201 1.169 1.140 1.113 1.089 1.069 1.051 1.036 1.024 1.015 1.009 1.006 1.000 0.993 0.991 0.993 0.998 1.007 1.020 1.038 1.059 1.083 1.112 1.145 1.169 1.188 1.207 1.227 1.248 1.271 1.294 1.319 1.345 1.371 1.399 1.428 1.433 1.417 1.401 1.385 1.369 1.353 1.336 1.319 1.303 1.286 1.269 1.251 1.245 1.249
0.385 0.471 0.553 0.631 0.706 0.776 0.843 0.905 0.964 1.019 1.070 1.117 1.150 1.166 1.177 1.182 1.182 1.177 1.167 1.151 1.130 1.103 1.072 1.034 1.001 0.979 0.960 0.943 0.930 0.920 0.912 0.907 0.906 0.907 0.911 0.918 0.925 0.932 0.943 0.959 0.978 1.001 1.027 1.058 1.093 1.131 1.173 1.220 1.256 1.278 1.301 1.325 1.350 1.367 1.377 1.387 1.396 1.404 1.411 1.418 1.413 1.397 1.381 1.364 1.347 1.331 1.314 1.297 1.279 1.262 1.244 1.227 1.222 1.234
0.561 0.633 0.702 0.766 0.827 0.884 0.937 0.986 1.031 1.072 1.109 1.143 1.164 1.161 1.154 1.140 1.122 1.098 1.069 1.034 0.995 0.950 0.899 0.844 0.798 0.786 0.777 0.771 0.768 0.768 0.770 0.776 0.784 0.796 0.810 0.827 0.846 0.867 0.892 0.921 0.953 0.990 1.030 1.075 1.123 1.175 1.225 1.274 1.313 1.325 1.336 1.346 1.356 1.364 1.372 1.378 1.385 1.390 1.394 1.398 1.394 1.377 1.360 1.343 1.326 1.309 1.291 1.274 1.256 1.238 1.220 1.202 1.196 1.217
0.741 0.799 0.854 0.905 0.952 0.995 1.034 1.070 1.101 1.129 1.153 1.172 1.183 1.162 1.136 1.104 1.067 1.025 0.977 0.924 0.866 0.802 0.733 0.659 0.592 0.590 0.592 0.596 0.603 0.613 0.626 0.641 0.660 0.681 0.706 0.733 0.764 0.798 0.837 0.878 0.921 0.966 1.013 1.062 1.112 1.165 1.220 1.276 1.326 1.335 1.343 1.350 1.356 1.362 1.367 1.371 1.374 1.376 1.378 1.378 1.375 1.358 1.340 1.323 1.305 1.287 1.269 1.251 1.233 1.215 1.196 1.178 1.168 1.197
0.925 0.969 1.010 1.048 1.081 1.111 1.136 1.158 1.176 1.190 1.200 1.206 1.209 1.169 1.124 1.073 1.018 0.957 0.891 0.819 0.742 0.660 0.573 0.480 0.384 0.392 0.403 0.418 0.435 0.455 0.478 0.504 0.543 0.581 0.617 0.652 0.686 0.730 0.776 0.824 0.874 0.925 0.979 1.034 1.092 1.151 1.213 1.276 1.339 1.345 1.350 1.354 1.358 1.361 1.363 1.364 1.364 1.363 1.362 1.360 1.356 1.338 1.320 1.302 1.284 1.266 1.248 1.229 1.210 1.192 1.173 1.154 1.138 1.175
1.114 1.143 1.171 1.195 1.214 1.230 1.242 1.250 1.255 1.255 1.251 1.244 1.233 1.181 1.117 1.048 0.974 0.895 0.810 0.720 0.625 0.524 0.418 0.307 0.195 0.221 0.263 0.305 0.345 0.383 0.420 0.456 0.490 0.523 0.554 0.584 0.612 0.660 0.713 0.768 0.824 0.883 0.943 1.005 1.070 1.136 1.204 1.274 1.345 1.356 1.358 1.360 1.360 1.360 1.359 1.357 1.355 1.351 1.347 1.342 1.336 1.319 1.301 1.282 1.264 1.245 1.226 1.207 1.188 1.168 1.149 1.129 1.110 1.151
1.303 1.322 1.335 1.345 1.352 1.354 1.352 1.347 1.337 1.324 1.307 1.286 1.261 1.199 1.117 1.029 0.937 0.838 0.739 0.642 0.548 0.457 0.368 0.282 0.198 0.203 0.241 0.277 0.312 0.346 0.378 0.408 0.438 0.465 0.492 0.517 0.541 0.589 0.649 0.710 0.773 0.838 0.905 0.974 1.045 1.118 1.193 1.269 1.348 1.368 1.367 1.366 1.364 1.361 1.357 1.352 1.347 1.340 1.333 1.325 1.316 1.300 1.281 1.262 1.243 1.224 1.204 1.185 1.165 1.146 1.126 1.106 1.085 1.124
1.492 1.504 1.504 1.500 1.493 1.482 1.466 1.447 1.424 1.398 1.360 1.307 1.247 1.162 1.061 0.963 0.868 0.775 0.685 0.597 0.512 0.430 0.350 0.273 0.199 0.187 0.220 0.251 0.281 0.310 0.337 0.363 0.387 0.410 0.431 0.452 0.470 0.516 0.582 0.650 0.720 0.792 0.866 0.941 1.019 1.099 1.180 1.263 1.349 1.380 1.377 1.373 1.368 1.362 1.355 1.347 1.339 1.330 1.320 1.309 1.298 1.281 1.262 1.242 1.223 1.203 1.183 1.163 1.143 1.123 1.102 1.082 1.061 1.096
1.682 1.690 1.676 1.657 1.631 1.596 1.555 1.506 1.450 1.386 1.315 1.237 1.152 1.059 0.968 0.879 0.793 0.709 0.628 0.550 0.474 0.401 0.330 0.262 0.196 0.172 0.200 0.226 0.252 0.275 0.297 0.318 0.338 0.356 0.373 0.388 0.402 0.441 0.514 0.588 0.665 0.744 0.824 0.907 0.991 1.077 1.165 1.255 1.347 1.394 1.387 1.380 1.372 1.364 1.354 1.344 1.333 1.321 1.308 1.294 1.280 1.262 1.242 1.222 1.202 1.182 1.162 1.141 1.119 1.095 1.073 1.053 1.036 1.062
1.890 1.885 1.847 1.801 1.749 1.689 1.622 1.547 1.465 1.376 1.279 1.175 1.064 0.955 0.872 0.792 0.715 0.641 0.569 0.499 0.432 0.368 0.307 0.248 0.191 0.159 0.182 0.203 0.224 0.242 0.260 0.276 0.290 0.303 0.315 0.326 0.334 0.364 0.443 0.525 0.608 0.694 0.781 0.870 0.961 1.054 1.149 1.246 1.344 1.408 1.399 1.389 1.378 1.366 1.354 1.341 1.327 1.312 1.296 1.280 1.262 1.237 1.204 1.174 1.146 1.121 1.098 1.077 1.058 1.042 1.029 1.017 1.009 1.029
2.113 2.088 2.024 1.953 1.875 1.789 1.696 1.596 1.488 1.373 1.251 1.121 0.984 0.847 0.774 0.703 0.635 0.570 0.507 0.446 0.389 0.333 0.281 0.231 0.183 0.147 0.165 0.182 0.197 0.211 0.223 0.234 0.244 0.252 0.259 0.265 0.269 0.285 0.371 0.460 0.550 0.642 0.736 0.831 0.929 1.029 1.130 1.234 1.339 1.423 1.411 1.398 1.384 1.370 1.389 1.414 1.417 1.397 1.355 1.291 1.204 1.117 1.092 1.070 1.051 1.033 1.019 1.006 0.996 0.988 0.983 0.980 0.979 0.996
2.345 2.296 2.209 2.113 2.009 1.897 1.779 1.653 1.519 1.379 1.231 1.075 0.913 0.743 0.673 0.611 0.552 0.496 0.442 0.391 0.342 0.296 0.252 0.211 0.173 0.137 0.150 0.162 0.172 0.181 0.189 0.195 0.200 0.203 0.205 0.206 0.205 0.204 0.297 0.392 0.489 0.588 0.688 0.791 0.895 1.002 1.110 1.295 1.521 1.744 1.802 1.839 1.853 1.845 1.815 1.762 1.687 1.590 1.470 1.328 1.164 0.994 0.978 0.964 0.953 0.944 0.937 0.933 0.931 0.932 0.934 0.939 0.947 0.963
