DATA/SHG/ECMWF/20170628/EN-25/20170705.en-25.asc
ncols        190
nrows        64
xllcorner    -5100000.000000000000
yllcorner    4130000.000000000000
cellsize     10000.000000000000
NODATA_value  -99999.000
[rows 0 to 32 of 64, columns 74 to 147 of 190]
2.275 2.118 1.950 1.773 1.584 1.386 1.177 1.019 1.029 1.062 1.098 1.138 1.182 1.229 1.280 1.335 1.393 1.455 1.520 1.617 1.807 2.001 2.201 2.408 2.620 2.839 3.064 3.295 3.532 3.776 4.026 4.257 4.412 4.568 4.723 4.879 5.036 5.193 5.350 5.508 5.666 5.824 5.983 6.086 6.009 5.914 5.804 5.677 5.534 5.374 5.198 5.006 4.797 4.572 4.331 4.154 4.201 4.242 4.275 4.301 4.319 4.330 4.334 4.331 4.320 4.302 4.277 4.160 3.811 3.475 3.153 2.843 2.546 2.262
2.264 2.077 1.894 1.716 1.542 1.371 1.205 1.078 1.120 1.165 1.214 1.267 1.323 1.383 1.447 1.514 1.585 1.660 1.738 1.834 2.052 2.274 2.502 2.736 2.976 3.223 3.476 3.735 4.000 4.272 4.549 4.818 4.975 5.132 5.289 5.447 5.605 5.764 5.923 6.082 6.242 6.402 6.562 6.684 6.533 6.366 6.182 5.982 5.766 5.533 5.284 5.019 4.737 4.439 4.125 3.844 3.859 3.867 3.868 3.861 3.847 3.826 3.797 3.761 3.718 3.668 3.610 3.510 3.219 2.941 2.676 2.424 2.185 1.958
2.264 2.092 1.924 1.759 1.599 1.443 1.291 1.153 1.207 1.265 1.327 1.392 1.461 1.534 1.611 1.691 1.774 1.861 1.952 2.047 2.290 2.539 2.795 3.057 3.325 3.600 3.880 4.167 4.460 4.760 5.065 5.377 5.536 5.695 5.854 6.013 6.173 6.333 6.494 6.655 6.816 6.978 7.140 7.299 7.075 6.834 6.578 6.305 6.015 5.709 5.387 5.049 4.694 4.323 3.936 3.542 3.525 3.500 3.468 3.429 3.383 3.329 3.268 3.200 3.124 3.041 2.951 2.886 2.733 2.592 2.465 2.351 2.251 2.163
2.261 2.103 1.949 1.799 1.653 1.511 1.373 1.240 1.291 1.362 1.436 1.514 1.596 1.681 1.770 1.863 1.959 2.059 2.163 2.270 2.520 2.797 3.081 3.371 3.667 3.969 4.277 4.592 4.913 5.240 5.573 5.913 6.096 6.257 6.417 6.578 6.740 6.902 7.064 7.226 7.389 7.553 7.716 7.880 7.633 7.320 6.990 6.644 6.281 5.903 5.508 5.096 4.669 4.225 3.764 3.288 3.199 3.142 3.117 3.124 3.124 3.117 3.102 3.081 3.052 3.017 2.975 2.925 2.834 2.752 2.684 2.629 2.587 2.559
2.254 2.110 1.970 1.835 1.703 1.575 1.452 1.332 1.371 1.454 1.542 1.632 1.727 1.825 1.927 2.032 2.141 2.254 2.370 2.490 2.743 3.048 3.359 3.677 4.001 4.331 4.667 5.009 5.358 5.713 6.074 6.441 6.655 6.817 6.980 7.142 7.305 7.469 7.633 7.797 7.961 8.126 8.292 8.457 8.208 7.821 7.419 7.000 6.564 6.090 5.610 5.152 4.717 4.304 3.913 3.544 3.468 3.457 3.440 3.415 3.383 3.345 3.299 3.246 3.187 3.120 3.046 2.965 2.921 2.899 2.889 2.893 2.910 2.940
2.244 2.114 1.988 1.867 1.749 1.636 1.526 1.421 1.447 1.544 1.644 1.747 1.854 1.965 2.080 2.198 2.319 2.445 2.573 2.706 2.958 3.291 3.630 3.975 4.327 4.685 5.049 5.419 5.795 6.178 6.567 6.962 7.213 7.377 7.540 7.705 7.870 8.035 8.200 8.366 8.444 8.460 8.474 8.486 8.156 7.664 7.195 6.747 6.322 5.919 5.538 5.179 4.843 4.528 4.236 3.966 3.860 3.818 3.769 3.713 3.650 3.580 3.503 3.419 3.328 3.229 3.124 3.012 2.996 3.032 3.081 3.144 3.220 3.309
2.229 2.114 2.002 1.895 1.791 1.692 1.597 1.506 1.521 1.630 1.742 1.858 1.978 2.102 2.229 2.360 2.494 2.632 2.773 2.919 3.166 3.526 3.893 4.267 4.646 5.031 5.423 5.821 6.225 6.636 7.052 7.388 7.541 7.565 7.587 7.607 7.624 7.639 7.653 7.664 7.673 7.680 7.685 7.688 7.469 7.076 6.705 6.356 6.030 5.726 5.443 5.183 4.945 4.729 4.535 4.364 4.258 4.185 4.104 4.017 3.923 3.821 3.713 3.598 3.475 3.346 3.210 3.066 3.057 3.152 3.260 3.381 3.516 3.663
2.211 2.110 2.012 1.919 1.830 1.745 1.664 1.587 1.590 1.712 1.837 1.966 2.099 2.235 2.375 2.518 2.665 2.815 2.970 3.128 3.366 3.755 4.106 4.432 4.748 5.055 5.352 5.640 5.918 6.186 6.444 6.693 6.848 6.863 6.875 6.886 6.894 6.900 6.904 6.906 6.906 6.904 6.900 6.894 6.759 6.465 6.193 5.943 5.715 5.509 5.325 5.164 5.024 4.907 4.812 4.739 4.663 4.558 4.447 4.328 4.203 4.070 3.930 3.784 3.630 3.470 3.302 3.127 3.105 3.258 3.425 3.605 3.798 4.005
2.189 2.102 2.019 1.940 1.865 1.794 1.727 1.664 1.657 1.791 1.929 2.070 2.216 2.364 2.508 2.621 2.732 2.842 2.951 3.059 3.213 3.515 3.808 4.091 4.365 4.629 4.883 5.128 5.363 5.588 5.804 6.010 6.158 6.163 6.167 6.168 6.167 6.164 6.159 6.152 6.143 6.131 6.118 6.102 6.027 5.831 5.658 5.506 5.377 5.270 5.185 5.122 5.081 5.062 5.065 5.090 5.075 4.939 4.796 4.646 4.489 4.325 4.155 3.977 3.792 3.600 3.401 3.195 3.139 3.352 3.577 3.816 4.067 4.332
2.164 2.091 2.022 1.957 1.896 1.839 1.786 1.730 1.685 1.801 1.915 2.028 2.140 2.251 2.360 2.469 2.576 2.682 2.787 2.891 3.012 3.272 3.522 3.762 3.993 4.214 4.426 4.628 4.820 5.002 5.176 5.339 5.471 5.467 5.461 5.453 5.443 5.431 5.417 5.401 5.382 5.362 5.339 5.314 5.272 5.175 5.100 5.047 5.016 5.008 5.021 5.056 5.114 5.193 5.295 5.418 5.493 5.326 5.152 4.971 4.783 4.588 4.386 4.176 3.960 3.737 3.507 3.270 3.161 3.432 3.716 4.013 4.323 4.647
2.132 2.064 1.995 1.926 1.855 1.783 1.710 1.635 1.563 1.674 1.784 1.894 2.001 2.108 2.214 2.318 2.422 2.524 2.625 2.724 2.826 3.040 3.247 3.444 3.632 3.811 3.979 4.138 4.288 4.428 4.558 4.679 4.788 4.775 4.759 4.742 4.723 4.702 4.678 4.653 4.625 4.595 4.564 4.530 4.495 4.497 4.520 4.566 4.633 4.723 4.834 4.968 5.124 5.302 5.501 5.723 5.918 5.720 5.515 5.302 5.083 4.857 4.623 4.383 4.136 3.881 3.620 3.352 3.169 3.498 3.841 4.197 4.565 4.947
2.065 1.993 1.921 1.847 1.773 1.697 1.620 1.542 1.463 1.549 1.655 1.760 1.864 1.967 2.068 2.169 2.268 2.366 2.463 2.559 2.656 2.818 2.983 3.138 3.283 3.418 3.544 3.661 3.768 3.865 3.952 4.030 4.099 4.085 4.061 4.034 4.006 3.975 3.943 3.908 3.871 3.832 3.791 3.748 3.703 3.796 3.918 4.061 4.227 4.415 4.625 4.857 5.111 5.387 5.685 6.005 6.347 6.120 5.884 5.640 5.390 5.132 4.868 4.596 4.318 4.033 3.740 3.470 3.275 3.779 4.327 4.922 5.561 6.246
1.999 1.924 1.848 1.770 1.692 1.612 1.532 1.450 1.367 1.425 1.527 1.628 1.728 1.827 1.924 2.021 2.116 2.210 2.303 2.394 2.488 2.608 2.730 2.842 2.944 3.037 3.121 3.194 3.258 3.313 3.358 3.393 3.419 3.399 3.365 3.330 3.292 3.252 3.211 3.167 3.121 3.073 3.023 2.970 2.916 3.072 3.292 3.534 3.798 4.084 4.393 4.723 5.075 5.449 5.845 6.263 6.704 6.528 6.237 5.930 5.642 5.372 5.119 4.884 4.666 4.467 4.285 4.121 3.975 4.624 5.375 6.171 7.012 7.898
1.934 1.855 1.775 1.694 1.612 1.529 1.445 1.359 1.273 1.302 1.400 1.497 1.593 1.688 1.781 1.874 1.965 2.055 2.144 2.231 2.321 2.409 2.488 2.558 2.617 2.668 2.708 2.739 2.761 2.773 2.775 2.768 2.751 2.716 2.673 2.628 2.582 2.533 2.482 2.429 2.374 2.316 2.257 2.196 2.132 2.326 2.645 2.985 3.347 3.744 4.157 4.564 4.966 5.362 5.752 6.137 6.516 6.404 6.159 5.932 5.723 5.531 5.357 5.201 5.062 4.942 4.839 4.754 4.686 5.424 6.376 7.373 8.415 9.503
1.871 1.788 1.704 1.619 1.533 1.446 1.358 1.269 1.179 1.180 1.275 1.368 1.459 1.550 1.640 1.728 1.815 1.901 1.986 2.070 2.155 2.221 2.257 2.284 2.301 2.309 2.307 2.295 2.274 2.243 2.203 2.153 2.094 2.036 1.984 1.930 1.874 1.816 1.756 1.694 1.684 1.720 1.747 1.765 1.773 2.020 2.430 2.835 3.234 3.628 4.016 4.398 4.775 5.146 5.511 5.871 6.226 6.230 6.064 5.915 5.785 5.672 5.577 5.500 5.440 5.398 5.374 5.367 5.379 6.177 7.330 8.528 9.772 11.061
1.808 1.722 1.634 1.546 1.456 1.365 1.274 1.181 1.087 1.060 1.150 1.239 1.327 1.414 1.499 1.583 1.667 1.749 1.830 1.909 1.990 2.044 2.038 2.022 1.997 1.962 1.917 1.863 1.799 1.726 1.643 1.616 1.648 1.696 1.756 1.806 1.847 1.879 1.902 1.915 1.919 1.914 1.900 1.877 1.844 2.008 2.394 2.774 3.148 3.517 3.880 4.238 4.590 4.936 5.277 5.612 5.941 6.038 5.950 5.881 5.829 5.795 5.779 5.780 5.799 5.836 5.890 5.963 6.053 6.884 8.238 9.638 11.082 12.572
1.747 1.656 1.565 1.473 1.380 1.285 1.190 1.093 0.996 0.941 1.027 1.112 1.196 1.278 1.360 1.440 1.519 1.597 1.674 1.750 1.827 1.878 1.860 1.867 1.879 1.897 1.920 1.950 1.984 2.024 2.070 2.121 2.178 2.229 2.247 2.257 2.257 2.247 2.229 2.201 2.164 2.118 2.063 1.998 1.925 2.003 2.363 2.719 3.068 3.412 3.750 4.083 4.410 4.732 5.048 5.358 5.663 5.827 5.819 5.828 5.855 5.900 5.962 6.042 6.140 6.255 6.388 6.539 6.708 7.544 9.099 10.700 12.346 14.037
1.686 1.592 1.497 1.401 1.304 1.206 1.107 1.007 0.905 0.823 0.905 0.986 1.066 1.144 1.224 1.338 1.457 1.581 1.711 1.846 1.984 2.111 2.137 2.168 2.205 2.248 2.296 2.350 2.409 2.474 2.545 2.621 2.702 2.771 2.748 2.716 2.675 2.625 2.565 2.497 2.419 2.332 2.235 2.130 2.015 2.003 2.339 2.669 2.994 3.313 3.627 3.935 4.237 4.534 4.825 5.111 5.391 5.599 5.670 5.757 5.863 5.986 6.127 6.286 6.462 6.656 6.868 7.097 7.345 8.159 9.915 11.716 13.563 15.454
1.627 1.529 1.431 1.331 1.230 1.128 1.025 0.924 0.836 0.746 0.847 0.958 1.074 1.195 1.322 1.454 1.592 1.736 1.884 2.039 2.195 2.354 2.407 2.463 2.525 2.593 2.665 2.744 2.828 2.917 3.012 3.113 3.219 3.322 3.258 3.186 3.103 3.012 2.912 2.802 2.683 2.555 2.417 2.271 2.115 2.009 2.320 2.626 2.926 3.220 3.509 3.792 4.070 4.342 4.609 4.870 5.125 5.353 5.502 5.669 5.853 6.055 6.274 6.511 6.766 7.039 7.329 7.637 7.963 8.727 10.684 12.686 14.733 16.825
1.574 1.491 1.407 1.321 1.233 1.144 1.053 0.961 0.868 0.772 0.864 0.993 1.128 1.269 1.415 1.566 1.723 1.885 2.053 2.226 2.402 2.580 2.671 2.752 2.838 2.930 3.028 3.131 3.239 3.353 3.473 3.598 3.729 3.865 3.778 3.664 3.541 3.409 3.267 3.116 2.957 2.787 2.609 2.422 2.225 2.021 2.307 2.588 2.864 3.133 3.397 3.656 3.909 4.156 4.398 4.634 4.865 5.090 5.317 5.562 5.825 6.105 6.403 6.719 7.052 7.403 7.772 8.158 8.562 9.249 11.406 13.609 15.856 18.149
1.650 1.562 1.472 1.381 1.288 1.193 1.097 1.000 0.901 0.800 0.875 1.024 1.178 1.337 1.502 1.673 1.848 2.030 2.217 2.409 2.604 2.801 2.928 3.034 3.145 3.261 3.384 3.511 3.644 3.783 3.927 4.077 4.232 4.393 4.307 4.152 3.988 3.815 3.632 3.441 3.240 3.030 2.811 2.582 2.345 2.098 2.300 2.557 2.807 3.052 3.292 3.525 3.754 3.976 4.193 4.405 4.611 4.811 5.114 5.437 5.778 6.137 6.514 6.908 7.320 7.749 8.196 8.661 9.245 10.081 12.570 15.008 17.394 19.728
1.727 1.634 1.539 1.442 1.344 1.244 1.142 1.039 0.935 0.829 0.881 1.049 1.222 1.401 1.585 1.774 1.969 2.169 2.375 2.586 2.800 3.016 3.179 3.309 3.445 3.586 3.733 3.885 4.043 4.206 4.375 4.549 4.729 4.914 4.845 4.649 4.444 4.230 4.007 3.774 3.533 3.282 3.022 2.752 2.474 2.186 2.299 2.531 2.757 2.977 3.192 3.401 3.604 3.802 3.995 4.182 4.363 4.539 4.892 5.343 5.901 6.503 7.148 7.838 8.570 9.347 10.167 11.031 11.939 12.891 15.064 17.272 19.429 21.534
1.806 1.707 1.607 1.504 1.401 1.296 1.189 1.081 0.971 0.860 0.883 1.069 1.261 1.459 1.662 1.870 2.084 2.303 2.528 2.758 2.991 3.226 3.423 3.578 3.738 3.904 4.075 4.252 4.434 4.622 4.815 5.014 5.219 5.429 5.393 5.156 4.910 4.655 4.391 4.117 3.835 3.543 3.242 2.932 2.613 2.284 2.304 2.511 2.712 2.908 3.124 3.380 3.638 3.900 4.164 4.431 4.701 4.973 5.539 6.247 6.999 7.794 8.633 9.516 10.443 11.413 12.427 13.484 14.586 15.731 17.605 19.585 21.512 23.387
1.886 1.782 1.676 1.569 1.459 1.349 1.237 1.123 1.008 0.891 0.879 1.085 1.296 1.512 1.734 1.961 2.194 2.432 2.676 2.925 3.177 3.432 3.661 3.840 4.025 4.215 4.411 4.612 4.819 5.031 5.249 5.473 5.702 5.936 5.950 5.672 5.386 5.090 4.784 4.470 4.147 3.825 3.517 3.208 2.898 2.587 2.576 2.833 3.093 3.356 3.621 3.889 4.160 4.434 4.710 4.989 5.271 5.556 6.203 7.104 8.050 9.039 10.072 11.148 12.268 13.432 14.639 15.890 17.185 18.523 20.194 21.944 23.643 25.289
1.968 1.858 1.747 1.634 1.520 1.404 1.286 1.167 1.047 0.925 0.870 1.095 1.325 1.560 1.801 2.048 2.299 2.556 2.819 3.087 3.358 3.632 3.891 4.095 4.305 4.519 4.740 4.966 5.197 5.434 5.676 5.924 6.175 6.432 6.517 6.212 5.906 5.599 5.290 4.981 4.670 4.358 4.044 3.730 3.414 3.097 3.021 3.290 3.562 3.837 4.115 4.395 4.678 4.964 5.252 5.544 5.838 6.135 6.821 7.916 9.055 10.238 11.464 12.734 14.047 15.404 16.805 18.249 19.737 21.269 22.831 24.352 25.822 27.239
2.051 1.936 1.819 1.701 1.581 1.460 1.337 1.212 1.087 0.959 0.857 1.100 1.349 1.604 1.863 2.129 2.399 2.675 2.957 3.244 3.534 3.826 4.116 4.330 4.531 4.745 4.971 5.209 5.459 5.721 5.996 6.283 6.582 6.893 7.089 6.779 6.467 6.155 5.840 5.525 5.209 4.891 4.572 4.252 3.930 3.608 3.462 3.744 4.028 4.315 4.605 4.897 5.193 5.491 5.791 6.095 6.401 6.710 7.393 8.682 10.014 11.390 12.810 14.273 15.780 17.330 18.924 20.561 22.242 23.967 25.515 26.808 28.048 29.237
2.135 2.014 1.892 1.769 1.644 1.517 1.389 1.259 1.128 0.995 0.861 1.101 1.368 1.642 1.920 2.205 2.489 2.763 3.027 3.280 3.525 3.763 3.992 4.235 4.491 4.759 5.039 5.331 5.635 5.951 6.280 6.621 6.974 7.339 7.663 7.347 7.029 6.711 6.391 6.070 5.748 5.425 5.100 4.775 4.448 4.119 3.900 4.194 4.491 4.790 5.092 5.396 5.704 6.014 6.327 6.642 6.961 7.282 7.920 9.402 10.927 12.497 14.109 15.766 17.465 19.209 20.996 22.826 24.700 26.618 28.247 29.311 30.323 31.283
2.221 2.095 1.967 1.838 1.708 1.576 1.442 1.307 1.179 1.081 0.986 1.212 1.502 1.781 2.050 2.309 2.558 2.796 3.024 3.241 3.450 3.652 3.845 4.127 4.437 4.759 5.093 5.439 5.797 6.168 6.550 6.945 7.352 7.771 8.203 7.915 7.592 7.268 6.943 6.616 6.289 5.960 5.629 5.298 4.966 4.632 4.335 4.641 4.949 5.261 5.575 5.892 6.211 6.533 6.858 7.186 7.517 7.850 8.401 10.076 11.795 13.557 15.363 17.212 19.105 21.041 23.021 25.044 27.111 29.222 31.026 31.862 32.645 33.377
2.308 2.182 2.072 1.965 1.862 1.762 1.666 1.573 1.483 1.397 1.314 1.468 1.722 1.966 2.199 2.422 2.635 2.838 3.030 3.212 3.385 3.550 3.707 4.005 4.369 4.745 5.133 5.533 5.946 6.370 6.807 7.256 7.716 8.190 8.675 8.484 8.155 7.826 7.495 7.163 6.830 6.495 6.159 5.822 5.484 5.145 4.804 5.084 5.405 5.728 6.054 6.383 6.715 7.049 7.386 7.726 8.069 8.414 8.836 10.705 12.616 14.571 16.570 18.612 20.698 22.827 24.999 27.216 29.475 31.778 33.853 34.460 35.016 35.520
2.502 2.400 2.302 2.207 2.116 2.028 1.943 1.862 1.784 1.710 1.639 1.734 1.952 2.160 2.357 2.545 2.722 2.889 3.045 3.191 3.328 3.458 3.579 3.870 4.288 4.718 5.160 5.614 6.080 6.559 7.049 7.552 8.067 8.594 9.133 9.053 8.719 8.384 8.048 7.710 7.371 7.031 6.690 6.347 6.004 5.659 5.312 5.523 5.856 6.192 6.530 6.871 7.215 7.562 7.911 8.263 8.618 8.975 9.335 11.287 13.392 15.540 17.731 19.966 22.244 24.566 26.931 29.340 31.792 34.288 36.630 36.777 36.905 37.015
2.705 2.615 2.529 2.446 2.366 2.290 2.217 2.148 2.082 2.019 1.960 2.008 2.191 2.363 2.525 2.676 2.818 2.949 3.070 3.180 3.281 3.375 3.460 3.721 4.193 4.677 5.173 5.681 6.201 6.734 7.278 7.835 8.404 8.984 9.578 9.623 9.284 8.943 8.601 8.258 7.914 7.568 7.221 6.873 6.524 6.173 5.821 5.959 6.304 6.652 7.003 7.356 7.712 8.070 8.432 8.796 9.163 9.532 9.905 11.825 14.122 16.622 19.373 22.006 24.522 26.921 29.202 31.366 33.413 35.342 37.154 37.325 37.370 37.395
2.905 2.827 2.752 2.681 2.613 2.548 2.487 2.430 2.376 2.325 2.277 2.291 2.438 2.575 2.701 2.817 2.923 3.018 3.103 3.178 3.244 3.301 3.350 3.559 4.085 4.622 5.172 5.734 6.308 6.895 7.493 8.104 8.726 9.361 10.008 10.194 9.849 9.503 9.155 8.807 8.457 8.105 7.753 7.399 7.044 6.688 6.331 6.392 6.749 7.109 7.472 7.837 8.339 9.214 10.170 11.207 12.325 13.525 14.806 17.011 19.477 21.827 24.059 26.174 28.171 30.052 31.815 33.461 34.990 36.401 37.695 37.892 37.852 37.794
3.101 3.035 2.972 2.912 2.856 2.804 2.754 2.708 2.666 2.627 2.591 2.584 2.695 2.796 2.886 2.967 3.037 3.097 3.146 3.186 3.215 3.236 3.249 3.383 3.963 4.554 5.158 5.774 6.402 7.042 7.694 8.359 9.035 9.724 10.424 10.766 10.415 10.063 9.710 9.356 9.000 8.644 8.286 7.968 7.793 7.659 7.565 7.892 8.720 9.628 10.618 11.689 12.841 14.075 15.390 16.786 18.264 19.822 21.462 23.364 25.312 27.143 28.857 30.454 31.934 33.297 34.542 35.670 36.681 37.575 38.352 38.476 38.353 38.210
