DATA/SHG/ECMWF/20170628/EN-25/20170701.en-25.asc
ncols        190
nrows        64
xllcorner    -5100000.000000000000
yllcorner    4130000.000000000000
cellsize     10000.000000000000
NODATA_value  -99999.000
[rows 0 to 32 of 64, columns 74 to 147 of 190]
4.336 4.394 4.454 4.515 4.578 4.641 4.706 4.767 4.821 4.880 4.940 5.001 5.064 5.129 5.195 5.263 5.332 5.403 5.475 5.565 5.703 5.835 5.967 6.101 6.235 6.370 6.506 6.643 6.781 6.920 7.060 7.263 7.672 8.081 8.492 8.905 9.319 9.734 10.151 10.569 10.989 11.410 11.832 12.187 12.321 12.443 12.552 12.648 12.732 12.804 12.862 12.908 12.942 12.963 12.971 12.957 12.905 12.847 12.783 12.712 12.636 12.553 12.464 12.369 12.268 12.161 12.048 11.823 11.306 10.795 10.290 9.791 9.298 8.811
4.690 4.736 4.786 4.848 4.920 5.003 5.097 5.193 5.255 5.319 5.384 5.451 5.519 5.589 5.661 5.734 5.809 5.885 5.963 6.049 6.191 6.327 6.463 6.601 6.739 6.878 7.018 7.159 7.301 7.444 7.588 7.763 8.178 8.594 9.012 9.430 9.851 10.272 10.696 11.120 11.546 11.974 12.402 12.789 12.867 12.932 12.985 13.025 13.053 13.068 13.070 13.060 13.038 13.003 12.955 12.893 12.814 12.729 12.637 12.539 12.435 12.325 12.209 12.087 11.958 11.823 11.683 11.484 10.994 10.510 10.032 9.560 9.094 8.635
4.853 4.930 5.019 5.118 5.228 5.349 5.480 5.619 5.686 5.756 5.826 5.899 5.972 6.048 6.125 6.203 6.283 6.365 6.448 6.533 6.677 6.817 6.957 7.099 7.241 7.384 7.528 7.674 7.820 7.966 8.114 8.263 8.682 9.104 9.528 9.953 10.380 10.808 11.238 11.669 12.101 12.535 12.970 13.403 13.425 13.434 13.430 13.414 13.386 13.345 13.292 13.225 13.147 13.056 12.952 12.836 12.729 12.616 12.497 12.372 12.241 12.104 11.960 11.810 11.655 11.493 11.325 11.149 10.716 10.299 9.898 9.512 9.143 8.790
4.999 5.115 5.241 5.378 5.526 5.684 5.853 6.034 6.116 6.190 6.266 6.344 6.423 6.504 6.586 6.670 6.756 6.842 6.931 7.021 7.161 7.305 7.450 7.595 7.741 7.889 8.037 8.186 8.336 8.487 8.639 8.791 9.183 9.612 10.042 10.474 10.907 11.341 11.777 12.215 12.653 13.093 13.535 13.978 13.995 13.948 13.889 13.817 13.732 13.635 13.525 13.403 13.269 13.121 12.962 12.789 12.651 12.511 12.336 12.141 11.958 11.785 11.623 11.472 11.332 11.203 11.085 10.977 10.634 10.288 9.957 9.643 9.344 9.062
5.135 5.288 5.452 5.627 5.813 6.009 6.216 6.434 6.543 6.623 6.705 6.787 6.872 6.958 7.046 7.135 7.226 7.318 7.412 7.507 7.644 7.791 7.940 8.090 8.240 8.391 8.543 8.697 8.851 9.005 9.161 9.318 9.683 10.118 10.554 10.992 11.432 11.872 12.314 12.758 13.203 13.649 14.097 14.546 14.578 14.475 14.359 14.231 14.091 13.874 13.601 13.328 13.054 12.779 12.503 12.226 12.028 11.860 11.703 11.557 11.422 11.298 11.185 11.083 10.991 10.911 10.841 10.783 10.536 10.260 10.001 9.757 9.529 9.318
5.261 5.452 5.653 5.866 6.089 6.323 6.568 6.824 6.968 7.054 7.140 7.229 7.319 7.410 7.503 7.598 7.694 7.792 7.891 7.992 8.125 8.276 8.429 8.582 8.737 8.892 9.048 9.205 9.363 9.522 9.682 9.843 10.179 10.621 11.064 11.508 11.954 12.401 12.849 13.299 13.685 14.010 14.312 14.591 14.505 14.233 13.960 13.687 13.412 13.136 12.860 12.583 12.304 12.025 11.745 11.464 11.287 11.168 11.060 10.963 10.876 10.801 10.736 10.683 10.640 10.609 10.588 10.578 10.422 10.218 10.029 9.856 9.699 9.558
5.376 5.605 5.844 6.094 6.355 6.627 6.909 7.203 7.392 7.482 7.574 7.668 7.763 7.860 7.959 8.059 8.160 8.263 8.368 8.474 8.604 8.759 8.916 9.073 9.232 9.391 9.551 9.712 9.874 10.037 10.201 10.363 10.655 11.059 11.441 11.801 12.137 12.451 12.743 13.012 13.258 13.482 13.684 13.862 13.790 13.514 13.237 12.959 12.681 12.401 12.121 11.839 11.557 11.274 10.990 10.704 10.536 10.466 10.406 10.358 10.320 10.293 10.278 10.273 10.279 10.296 10.323 10.362 10.293 10.159 10.041 9.939 9.852 9.782
5.481 5.747 6.025 6.312 6.611 6.920 7.240 7.571 7.813 7.909 8.006 8.105 8.206 8.308 8.412 8.517 8.624 8.732 8.842 8.954 9.081 9.241 9.419 9.601 9.777 9.948 10.113 10.272 10.426 10.574 10.717 10.854 11.058 11.362 11.643 11.902 12.138 12.351 12.542 12.711 12.856 12.980 13.080 13.158 13.076 12.797 12.516 12.234 11.951 11.668 11.383 11.098 10.811 10.524 10.236 9.947 9.775 9.753 9.743 9.743 9.754 9.776 9.808 9.852 9.907 9.972 10.048 10.136 10.148 10.085 10.037 10.006 9.990 9.990
5.576 5.880 6.195 6.520 6.856 7.203 7.561 7.929 8.232 8.333 8.436 8.540 8.646 8.754 8.872 9.025 9.180 9.337 9.494 9.654 9.810 9.978 10.140 10.297 10.448 10.594 10.734 10.868 10.997 11.120 11.237 11.349 11.486 11.689 11.869 12.027 12.163 12.276 12.366 12.434 12.479 12.502 12.502 12.480 12.365 12.081 11.796 11.511 11.224 10.936 10.648 10.358 10.068 9.777 9.485 9.192 9.004 9.031 9.069 9.117 9.177 9.247 9.329 9.421 9.524 9.638 9.763 9.899 9.987 9.995 10.018 10.057 10.112 10.182
5.660 6.002 6.354 6.717 7.091 7.476 7.871 8.289 8.706 8.855 9.007 9.159 9.313 9.469 9.626 9.784 9.944 10.105 10.268 10.432 10.586 10.729 10.866 10.998 11.124 11.245 11.360 11.469 11.573 11.671 11.764 11.851 11.937 12.040 12.120 12.177 12.212 12.224 12.214 12.182 12.126 12.049 11.949 11.826 11.656 11.368 11.079 10.790 10.499 10.207 9.915 9.621 9.327 9.032 8.735 8.438 8.222 8.298 8.384 8.482 8.590 8.709 8.839 8.979 9.131 9.293 9.467 9.651 9.811 9.889 9.983 10.092 10.218 10.359
5.736 6.127 6.538 6.969 7.421 7.893 8.386 8.899 9.427 9.582 9.738 9.896 10.055 10.215 10.377 10.540 10.705 10.871 11.039 11.208 11.367 11.485 11.598 11.704 11.805 11.901 11.991 12.075 12.154 12.227 12.295 12.357 12.413 12.415 12.394 12.351 12.286 12.198 12.087 11.954 11.799 11.621 11.420 11.197 10.949 10.657 10.364 10.070 9.776 9.480 9.183 8.886 8.588 8.288 7.988 7.687 7.431 7.555 7.690 7.836 7.992 8.160 8.338 8.527 8.727 8.938 9.160 9.393 9.620 9.768 9.932 10.112 10.308 10.519
5.825 6.287 6.770 7.273 7.796 8.340 8.904 9.488 10.093 10.306 10.467 10.630 10.794 10.959 11.126 11.294 11.464 11.635 11.808 11.982 12.145 12.247 12.334 12.416 12.492 12.563 12.628 12.687 12.741 12.789 12.832 12.869 12.901 12.814 12.693 12.550 12.384 12.196 11.985 11.751 11.496 11.217 10.916 10.593 10.247 9.948 9.651 9.353 9.054 8.755 8.454 8.153 7.850 7.547 7.243 6.938 6.632 6.802 6.985 7.179 7.384 7.600 7.827 8.065 8.313 8.573 8.843 9.128 9.404 9.609 9.824 10.049 10.283 10.527
5.895 6.429 6.982 7.557 8.151 8.766 9.402 10.058 10.734 11.028 11.194 11.361 11.530 11.700 11.872 12.045 12.220 12.396 12.574 12.753 12.922 13.014 13.076 13.133 13.184 13.230 13.270 13.304 13.333 13.356 13.374 13.386 13.393 13.237 13.016 12.772 12.506 12.218 11.907 11.573 11.217 10.839 10.438 10.014 9.568 9.241 8.940 8.638 8.335 8.032 7.727 7.422 7.115 6.808 6.500 6.190 5.880 6.038 6.337 6.700 7.045 7.371 7.678 7.968 8.238 8.490 8.724 8.940 9.136 9.381 9.639 9.907 10.184 10.471
5.946 6.550 7.176 7.821 8.487 9.174 9.880 10.608 11.355 11.747 11.918 12.090 12.264 12.440 12.616 12.794 12.974 13.155 13.338 13.522 13.695 13.785 13.823 13.855 13.881 13.902 13.917 13.926 13.931 13.929 13.922 13.909 13.891 13.685 13.363 13.019 12.653 12.264 11.853 11.419 10.963 10.485 9.984 9.460 8.914 8.536 8.231 7.925 7.618 7.385 7.234 7.086 6.941 6.800 6.661 6.526 6.395 6.606 6.905 7.186 7.449 7.693 7.918 8.126 8.314 8.484 8.636 8.770 8.885 9.143 9.445 9.755 10.076 10.406
5.977 6.653 7.349 8.066 8.804 9.561 10.339 11.138 11.956 12.464 12.640 12.817 12.996 13.176 13.358 13.541 13.726 13.912 14.099 14.288 14.467 14.563 14.575 14.582 14.583 14.579 14.569 14.554 14.533 14.507 14.475 14.437 14.394 14.156 13.735 13.291 12.824 12.335 11.824 11.290 10.770 10.287 9.815 9.354 8.904 8.634 8.484 8.338 8.194 8.054 7.917 7.783 7.652 7.525 7.401 7.280 7.163 7.274 7.491 7.690 7.871 8.033 8.177 8.302 8.409 8.497 8.567 8.618 8.652 8.896 9.241 9.594 9.958 10.331
5.988 6.736 7.504 8.292 9.100 9.929 10.778 11.648 12.538 13.179 13.360 13.542 13.726 13.911 14.097 14.285 14.475 14.666 14.858 15.052 15.236 15.345 15.332 15.315 15.291 15.262 15.227 15.187 15.141 15.090 15.033 14.939 14.815 14.527 14.016 13.515 13.026 12.548 12.081 11.625 11.180 10.746 10.324 9.913 9.513 9.241 9.106 8.973 8.844 8.718 8.595 8.476 8.359 8.246 8.136 8.030 7.926 7.960 8.095 8.212 8.311 8.391 8.453 8.496 8.521 8.528 8.516 8.486 8.437 8.640 9.027 9.424 9.831 10.247
5.981 6.800 7.639 8.498 9.378 10.278 11.198 12.139 13.100 13.891 14.077 14.264 14.453 14.643 14.834 15.027 15.222 15.417 15.615 15.813 16.002 16.132 16.047 15.922 15.798 15.673 15.549 15.425 15.300 15.176 15.052 14.928 14.804 14.579 14.117 13.666 13.226 12.797 12.380 11.973 11.578 11.194 10.821 10.459 10.108 9.844 9.723 9.605 9.490 9.378 9.269 9.164 9.062 8.963 8.867 8.775 8.686 8.664 8.717 8.753 8.769 8.768 8.748 8.710 8.653 8.578 8.484 8.372 8.242 8.374 8.805 9.244 9.694 10.153
5.954 6.844 7.754 8.685 9.635 10.607 11.598 12.610 13.642 14.601 14.792 14.984 15.177 15.372 15.559 15.622 15.694 15.774 15.863 15.960 16.067 16.158 16.034 15.910 15.785 15.661 15.537 15.413 15.289 15.165 15.041 14.917 14.793 14.619 14.207 13.805 13.414 13.035 12.667 12.310 11.964 11.629 11.305 10.993 10.691 10.443 10.336 10.232 10.131 10.033 9.939 9.848 9.760 9.675 9.594 9.516 9.441 9.386 9.358 9.311 9.246 9.163 9.061 8.941 8.802 8.646 8.470 8.277 8.065 8.099 8.573 9.055 9.548 10.050
5.908 6.869 7.850 8.852 9.874 10.916 11.978 13.039 13.996 14.949 15.019 15.078 15.146 15.221 15.306 15.399 15.500 15.610 15.729 15.856 15.993 16.139 16.021 15.897 15.773 15.649 15.525 15.401 15.277 15.154 15.030 14.906 14.783 14.647 14.284 13.932 13.590 13.260 12.941 12.634 12.337 12.051 11.777 11.514 11.261 11.038 10.944 10.855 10.768 10.685 10.605 10.528 10.454 10.383 10.316 10.252 10.191 10.126 10.016 9.887 9.741 9.576 9.392 9.191 8.970 8.732 8.475 8.200 7.906 7.815 8.331 8.857 9.392 9.937
5.832 6.807 7.777 8.743 9.703 10.658 11.609 12.554 13.495 14.430 14.640 14.729 14.826 14.932 15.046 15.168 15.300 15.439 15.588 15.744 15.911 16.087 16.008 15.884 15.761 15.637 15.513 15.389 15.266 15.142 15.019 14.895 14.772 14.649 14.349 14.046 13.754 13.473 13.204 12.945 12.698 12.462 12.236 12.022 11.819 11.628 11.549 11.473 11.401 11.332 11.266 11.203 11.144 11.087 11.034 10.984 10.938 10.883 10.692 10.482 10.254 10.007 9.742 9.459 9.157 8.837 8.498 8.142 7.766 7.521 8.080 8.649 9.227 9.815
5.472 6.430 7.383 8.332 9.275 10.213 11.147 12.075 12.998 13.916 14.254 14.372 14.499 14.634 14.778 14.931 15.092 15.261 15.439 15.625 15.822 16.028 15.996 15.872 15.748 15.625 15.501 15.378 15.254 15.131 15.008 14.885 14.761 14.638 14.402 14.148 13.906 13.674 13.454 13.245 13.046 12.859 12.683 12.518 12.365 12.222 12.149 12.088 12.030 11.975 11.923 11.874 11.829 11.787 11.748 11.712 11.680 11.651 11.386 11.094 10.784 10.456 10.110 9.745 9.362 8.960 8.540 8.102 7.708 7.446 8.351 9.386 10.549 11.841
5.117 6.058 6.994 7.926 8.852 9.773 10.689 11.600 12.507 13.408 13.860 14.008 14.165 14.330 14.503 14.685 14.876 15.075 15.283 15.499 15.725 15.961 15.983 15.859 15.736 15.613 15.489 15.366 15.243 15.120 14.997 14.874 14.751 14.628 14.443 14.238 14.045 13.863 13.692 13.531 13.382 13.245 13.118 13.002 12.898 12.804 12.745 12.698 12.654 12.613 12.576 12.541 12.510 12.482 12.458 12.436 12.418 12.403 12.098 11.752 11.441 11.129 10.817 10.503 10.189 9.874 9.559 9.242 8.925 8.608 9.969 11.574 13.308 15.171
4.767 5.691 6.610 7.524 8.434 9.338 10.237 11.131 12.020 12.904 13.459 13.637 13.823 14.018 14.221 14.433 14.653 14.882 15.119 15.365 15.621 15.887 15.970 15.847 15.723 15.600 15.477 15.354 15.231 15.108 14.985 14.863 14.740 14.617 14.471 14.316 14.172 14.039 13.917 13.806 13.706 13.618 13.540 13.473 13.418 13.374 13.337 13.304 13.274 13.248 13.201 13.143 13.119 13.129 13.171 13.248 13.358 13.502 13.314 13.000 12.686 12.370 12.054 11.737 11.420 11.101 10.782 10.462 10.142 9.820 11.457 13.632 15.936 18.369
4.422 5.329 6.231 7.128 8.020 8.907 9.790 10.667 11.539 12.406 13.050 13.258 13.474 13.698 13.931 14.173 14.423 14.681 14.948 15.223 15.509 15.805 15.957 15.834 15.711 15.588 15.465 15.342 15.220 15.097 14.974 14.852 14.729 14.607 14.488 14.382 14.287 14.203 14.130 14.068 14.018 13.964 13.871 13.747 13.592 13.407 13.273 13.229 13.220 13.244 13.301 13.392 13.517 13.675 13.867 14.092 14.350 14.643 14.565 14.248 13.929 13.610 13.291 12.970 12.649 12.327 12.005 11.681 11.357 11.032 12.815 15.560 18.434 21.436
4.082 4.972 5.857 6.737 7.612 8.482 9.347 10.207 11.062 11.913 12.635 12.872 13.118 13.372 13.634 13.905 14.185 14.473 14.769 15.074 15.390 15.716 15.944 15.821 15.699 15.576 15.453 15.331 15.208 15.086 14.963 14.841 14.751 14.742 14.761 14.746 14.701 14.624 14.518 14.380 14.212 14.013 13.783 13.523 13.232 12.911 12.742 12.848 12.987 13.159 13.366 13.605 13.879 14.186 14.526 14.900 15.307 15.748 15.815 15.494 15.172 14.850 14.527 14.203 13.878 13.552 13.226 12.899 12.572 12.243 14.043 17.357 20.800 24.372
3.747 4.620 5.488 6.351 7.209 8.062 8.910 9.753 10.591 11.424 12.212 12.479 12.754 13.038 13.330 13.630 13.940 14.257 14.583 14.918 15.263 15.619 15.931 15.769 15.574 15.419 15.306 15.233 15.201 15.210 15.259 15.350 15.482 15.654 15.795 15.644 15.463 15.250 15.007 14.734 14.429 14.094 13.729 13.333 12.906 12.448 12.176 12.431 12.719 13.040 13.395 13.783 14.205 14.661 15.150 15.672 16.228 16.817 17.064 16.740 16.414 16.088 15.762 15.434 15.106 14.777 14.447 14.117 13.786 13.454 15.141 19.024 23.037 27.177
3.416 4.272 5.123 5.969 6.810 7.646 8.477 9.303 10.125 10.941 11.752 12.078 12.383 12.696 13.018 13.336 13.571 13.797 14.013 14.219 14.432 14.655 14.869 14.821 14.808 14.834 14.902 15.011 15.160 15.350 15.582 15.854 16.166 16.520 16.862 16.575 16.257 15.909 15.530 15.120 14.680 14.209 13.707 13.175 12.612 12.019 11.576 11.979 12.416 12.886 13.389 13.926 14.496 15.100 15.738 16.409 17.113 17.851 18.313 17.985 17.656 17.326 16.996 16.665 16.333 16.001 15.667 15.334 14.999 14.663 16.109 20.562 25.142 29.851
3.091 3.930 4.764 5.593 6.417 7.236 8.050 8.859 9.656 10.415 11.155 11.494 11.735 11.966 12.187 12.398 12.600 12.791 12.973 13.145 13.324 13.512 13.692 13.829 13.996 14.205 14.454 14.744 15.074 15.446 15.858 16.311 16.805 17.340 17.916 17.537 17.084 16.599 16.084 15.539 14.963 14.356 13.718 13.050 12.352 11.623 10.941 11.493 12.078 12.696 13.348 14.033 14.752 15.504 16.290 17.109 17.962 18.848 19.560 19.229 18.896 18.563 18.230 17.895 17.560 17.224 16.887 16.549 16.211 15.872 16.949 21.969 27.118 32.395
2.770 3.597 4.421 5.227 6.014 6.783 7.533 8.264 8.977 9.671 10.346 10.703 10.910 11.107 11.294 11.471 11.638 11.796 11.943 12.081 12.226 12.380 12.526 12.792 13.141 13.530 13.960 14.431 14.943 15.496 16.089 16.724 17.399 18.114 18.871 18.532 17.943 17.322 16.672 15.990 15.278 14.536 13.762 12.959 12.125 11.260 10.364 10.971 11.705 12.471 13.272 14.105 14.972 15.873 16.807 17.775 18.775 19.810 20.807 20.472 20.136 19.800 19.462 19.124 18.785 18.446 18.106 17.765 17.423 17.080 17.659 23.247 28.964 34.809
2.608 3.386 4.146 4.888 5.610 6.314 7.000 7.667 8.315 8.945 9.556 9.922 10.095 10.258 10.411 10.554 10.687 10.810 10.924 11.028 11.138 11.258 11.369 11.710 12.240 12.811 13.422 14.074 14.767 15.501 16.275 17.090 17.946 18.843 19.780 19.559 18.834 18.078 17.291 16.474 15.626 14.748 13.839 12.900 11.930 10.930 9.899 10.415 11.297 12.212 13.160 14.142 15.158 16.206 17.288 18.404 19.553 20.735 21.951 21.715 21.375 21.035 20.694 20.353 20.010 19.667 19.324 18.979 18.634 18.288 18.287 24.347 30.219 35.904
2.479 3.193 3.889 4.566 5.224 5.864 6.485 7.087 7.671 8.236 8.783 9.151 9.290 9.418 9.537 9.646 9.746 9.835 9.915 9.984 10.061 10.146 10.223 10.584 11.295 12.047 12.839 13.672 14.546 15.460 16.415 17.411 18.448 19.526 20.644 20.618 19.757 18.865 17.943 16.991 16.007 14.993 13.949 12.874 11.769 10.633 9.466 9.824 10.854 11.917 13.014 14.144 15.307 16.504 17.734 18.998 20.295 21.625 22.989 22.957 22.614 22.344 22.205 22.046 21.867 21.667 21.446 21.205 20.943 20.661 20.358 25.228 30.275 35.135
2.368 3.018 3.649 4.261 4.855 5.430 5.987 6.525 7.045 7.546 8.028 8.390 8.494 8.589 8.674 8.749 8.815 8.870 8.916 8.951 8.994 9.044 9.087 9.414 10.305 11.238 12.211 13.225 14.279 15.374 16.510 17.687 18.904 20.163 21.461 21.709 20.713 19.685 18.628 17.539 16.421 15.271 14.092 12.881 11.640 10.369 9.067 9.199 10.376 11.588 12.832 14.111 15.580 17.398 19.159 20.862 22.508 24.097 25.629 25.947 25.759 25.550 25.320 25.069 24.799 24.507 24.195 23.863 23.510 23.136 22.742 26.293 30.515 34.550
2.274 2.859 3.426 3.974 4.504 5.015 5.507 5.981 6.436 6.873 7.291 7.639 7.709 7.770 7.821 7.862 7.893 7.915 7.926 7.928 7.936 7.952 7.961 8.199 9.271 10.384 11.538 12.733 13.968 15.244 16.560 17.917 19.315 20.754 22.233 22.833 21.700 20.538 19.344 18.121 16.867 15.582 14.267 13.124 12.528 11.905 11.256 11.790 13.641 15.435 17.171 18.850 20.472 22.037 23.545 24.995 26.388 27.724 29.003 29.352 29.072 28.772 28.451 28.109 27.747 27.365 26.962 26.538 26.094 25.629 25.144 27.540 30.938 34.148
