DATA/SHG/ECMWF/20170628/EN-25/20170702.en-25.asc
ncols        190
nrows        64
xllcorner    -5100000.000000000000
yllcorner    4130000.000000000000
cellsize     10000.000000000000
NODATA_value  -99999.000
[rows 32 to 63 of 64, columns 0 to 71 of 190]
5.220 5.010 5.063 5.127 5.176 5.211 5.231 5.236 5.226 5.201 5.162 5.108 5.038 4.955 4.791 4.606 4.404 4.184 3.947 3.692 3.419 3.129 2.822 2.497 2.154 1.794 2.502 3.213 3.909 4.591 5.258 5.909 6.546 7.168 7.776 8.368 8.945 9.492 9.252 8.984 8.688 8.365 8.015 7.637 7.231 6.798 6.338 6.488 6.887 7.299 8.503 9.599 10.587 11.466 12.238 12.901 13.456 13.903 14.241 14.472 14.594 14.579 14.230 13.885 13.546 13.213 12.884 12.561 12.243 11.931 11.624 11.322
6.180 6.014 5.995 6.007 6.005 5.987 5.955 5.908 5.846 5.770 5.678 5.572 5.451 5.316 5.103 4.856 4.593 4.312 4.013 3.696 3.362 3.011 2.642 2.256 1.851 1.430 1.923 2.583 3.227 3.857 4.472 5.073 5.658 6.228 6.784 7.325 7.851 8.362 8.128 7.764 8.144 8.675 9.169 9.624 10.042 10.421 10.763 11.066 11.332 11.560 12.331 13.050 13.660 14.163 14.558 14.844 15.023 15.094 15.056 14.910 14.657 14.295 13.960 13.634 13.314 12.998 12.688 12.384 12.084 11.790 11.501 11.218
7.123 7.003 6.942 6.902 6.848 6.779 6.695 6.596 6.482 6.354 6.210 6.052 5.880 5.692 5.433 5.125 4.800 4.457 4.097 3.720 3.324 2.912 2.481 2.033 1.568 1.085 1.360 1.968 2.561 3.140 3.703 4.252 4.786 6.003 7.363 8.809 10.340 11.958 12.775 13.250 13.686 14.084 14.445 14.767 15.051 15.298 15.506 15.677 15.809 15.904 16.260 16.602 16.837 16.963 16.981 16.892 16.694 16.388 15.975 15.453 14.823 14.086 13.686 13.378 13.076 12.779 12.487 12.201 11.920 11.644 11.374 11.109
8.052 7.976 7.904 7.813 7.706 7.585 7.449 7.299 7.133 6.953 6.758 6.548 6.323 6.084 5.781 5.412 5.026 4.622 4.200 3.761 3.305 2.831 2.339 1.830 1.303 0.774 1.229 2.287 3.430 4.660 5.975 7.376 8.863 10.436 12.095 13.839 15.670 17.586 18.615 18.956 19.259 19.524 19.752 19.941 20.092 20.206 20.281 20.319 20.318 20.280 20.291 20.257 20.115 19.865 19.508 19.042 18.468 17.787 16.998 16.100 15.095 13.982 13.407 13.118 12.834 12.555 12.282 12.014 11.751 11.494 11.242 10.995
8.964 8.934 8.881 8.738 8.580 8.407 8.219 8.017 7.799 7.567 7.320 7.059 6.783 6.491 6.148 5.718 5.270 4.805 4.344 4.007 3.718 3.475 3.279 3.130 3.028 2.972 3.475 4.832 6.274 7.803 9.417 11.117 12.903 14.775 16.732 18.775 20.904 23.118 24.486 24.694 24.864 24.996 25.090 25.147 25.165 25.146 25.088 24.993 24.860 24.688 24.424 24.014 23.496 22.871 22.137 21.296 20.346 19.289 18.124 16.852 15.471 13.983 13.123 12.852 12.587 12.326 12.072 11.822 11.578 11.338 11.105 10.876
9.862 9.877 9.874 9.678 9.468 9.244 9.004 8.750 8.481 8.197 7.898 7.577 7.228 6.875 6.511 6.151 5.837 5.570 5.350 5.177 5.050 4.970 4.937 4.950 5.011 5.118 5.628 7.284 9.025 10.853 12.766 14.764 16.849 19.019 21.274 23.616 26.043 28.556 30.388 30.463 30.500 30.499 30.460 30.384 30.269 30.117 29.927 29.699 29.433 29.129 28.659 27.873 26.980 25.978 24.869 23.652 22.328 20.895 19.355 17.707 15.951 14.088 12.835 12.582 12.335 12.093 11.857 11.625 11.399 11.178 10.963 10.753
10.743 10.804 10.877 10.634 10.345 10.014 9.677 9.336 8.990 8.639 8.283 7.922 7.556 7.185 6.816 6.618 6.468 6.363 6.306 6.295 6.331 6.414 6.543 6.720 6.942 7.212 7.689 9.643 11.683 13.809 16.021 18.318 20.700 23.169 25.723 28.362 31.087 33.898 36.320 36.263 36.167 36.033 35.862 35.652 35.405 35.120 34.797 34.437 34.038 33.601 32.995 31.834 30.565 29.188 27.704 26.112 24.412 22.605 20.689 18.667 16.536 14.298 12.542 12.308 12.079 11.855 11.637 11.424 11.216 11.014 11.417 12.297
11.448 11.453 11.446 11.161 10.817 10.468 10.115 9.756 9.392 9.024 8.650 8.272 7.888 7.500 7.106 7.035 7.047 7.106 7.211 7.363 7.562 7.807 8.099 8.437 8.822 9.254 9.733 11.910 14.248 16.672 19.182 21.777 24.458 27.224 30.076 33.014 36.037 39.146 42.284 42.094 41.865 41.599 41.295 40.953 40.573 40.155 39.700 39.206 38.675 38.106 37.433 35.897 34.252 32.501 30.641 28.674 26.600 24.417 22.127 19.730 17.225 14.612 12.244 12.512 13.088 13.750 14.497 15.331 16.251 17.256 18.347 19.524
11.997 11.962 11.916 11.656 11.294 10.928 10.557 10.181 9.800 9.413 9.022 8.626 8.225 7.819 7.408 7.402 7.577 7.798 8.065 8.380 8.741 9.148 9.603 10.104 10.651 11.245 11.886 14.083 16.720 19.442 22.250 25.143 28.122 31.186 34.336 37.572 40.892 44.299 47.791 47.956 47.595 47.196 46.759 46.284 45.772 45.222 44.634 44.008 43.344 42.643 41.904 40.061 38.042 35.915 33.681 31.339 28.837 26.427 24.157 22.027 20.038 18.190 16.486 17.273 18.146 19.105 20.150 21.280 22.497 23.799 25.186 26.660
12.558 12.483 12.397 12.155 11.777 11.393 11.004 10.610 10.212 9.808 9.400 8.986 8.568 8.144 7.716 7.718 8.055 8.439 8.869 9.346 9.869 10.439 11.055 11.719 12.428 13.185 13.987 16.165 19.099 22.119 25.225 28.416 31.693 35.054 38.502 42.035 45.653 49.357 53.146 53.849 53.355 52.824 52.255 51.648 51.003 50.320 49.600 48.842 48.046 46.477 44.837 42.320 39.694 37.209 34.864 32.660 30.595 28.671 26.888 25.244 23.741 22.379 21.156 21.946 23.116 24.372 25.713 27.140 28.653 30.252 31.936 33.706
13.130 13.016 12.891 12.660 12.264 11.862 11.456 11.045 10.629 10.208 9.782 9.351 8.915 8.474 8.028 7.985 8.484 9.030 9.622 10.261 10.947 11.679 12.457 13.282 14.154 15.073 16.037 18.153 21.386 24.704 28.107 31.595 35.169 38.829 42.574 46.404 50.320 54.321 58.407 59.774 59.147 58.483 56.578 54.656 52.814 51.051 49.369 47.767 46.244 44.802 43.439 41.508 39.369 37.370 35.511 33.793 32.215 30.777 29.479 28.322 27.304 26.427 25.691 26.530 27.997 29.549 31.187 32.911 34.720 36.615 38.596 40.662
13.714 13.561 13.396 13.169 12.756 12.337 11.913 11.485 11.051 10.613 10.169 9.721 9.267 8.809 8.346 8.200 8.862 9.570 10.324 11.126 11.973 12.867 13.808 14.795 15.829 16.909 18.036 20.050 23.580 27.195 30.896 34.682 38.553 42.510 46.527 49.502 52.362 55.107 57.739 58.295 56.411 54.607 52.883 51.238 49.674 48.189 46.784 45.459 44.214 43.049 41.964 40.559 38.906 37.393 36.020 34.788 33.695 32.743 31.931 31.259 30.727 30.336 30.084 31.026 32.789 34.638 36.572 38.592 40.698 42.889 45.166 47.528
14.310 14.117 13.913 13.684 13.252 12.816 12.375 11.929 11.478 11.022 10.561 10.095 9.625 9.149 8.668 8.366 9.190 10.060 10.976 11.939 12.949 14.005 15.108 16.257 17.452 18.695 19.983 21.812 25.191 28.455 31.606 34.641 37.563 40.370 43.062 45.641 48.105 50.454 52.690 53.691 52.085 50.558 49.112 47.745 46.458 45.251 44.123 43.076 42.108 41.220 40.412 39.473 38.305 37.278 36.391 35.645 35.038 34.571 34.244 34.057 34.010 34.104 34.337 35.434 37.493 39.638 41.869 44.185 46.586 49.073 51.646 54.304
14.918 14.685 14.442 14.186 13.754 13.301 12.842 12.379 11.910 11.437 10.959 10.475 9.987 9.494 8.996 8.493 9.467 10.499 11.578 12.703 13.863 14.984 16.075 17.136 18.168 19.170 20.143 21.242 24.225 27.093 29.846 32.486 35.011 37.422 39.719 41.901 43.969 45.923 47.763 49.012 47.683 46.434 45.265 44.176 43.166 42.236 41.386 40.616 39.925 39.314 38.783 38.250 37.568 37.026 36.625 36.363 36.241 36.259 36.418 36.716 37.154 37.732 38.450 39.753 42.108 44.549 47.076 49.688 52.385 55.168 58.037 60.991
15.538 15.265 14.982 14.687 14.261 13.790 13.314 12.833 12.347 11.856 11.361 10.860 10.354 9.886 9.506 9.132 10.054 11.190 12.297 13.374 14.422 15.440 16.428 17.386 18.315 19.214 20.084 20.923 23.377 25.849 28.207 30.451 32.580 34.595 36.496 38.283 39.955 41.514 42.958 44.258 43.207 42.235 41.343 40.531 39.798 39.145 38.572 38.079 37.665 37.332 37.077 36.890 36.693 36.637 36.720 36.944 37.307 37.810 38.452 39.235 40.157 41.220 42.422 43.984 46.636 49.372 52.195 55.102 58.096 61.174 64.338 67.588
16.169 15.857 15.534 15.200 14.772 14.284 13.828 13.421 13.022 12.630 12.245 11.867 11.497 11.134 10.778 10.429 11.055 12.089 13.092 14.067 15.011 15.926 16.811 17.667 18.493 19.289 20.055 20.792 22.649 24.725 26.687 28.535 30.269 31.889 33.394 34.785 36.063 37.226 38.275 39.210 38.655 37.960 37.345 36.810 36.355 35.979 35.683 35.466 35.329 35.272 35.295 35.397 35.682 36.110 36.678 37.386 38.234 39.221 40.348 41.615 43.022 44.568 46.254 48.127 51.075 54.107 57.225 60.428 63.717 67.091 70.550 74.095
16.880 16.590 16.301 16.014 15.677 15.280 14.891 14.510 14.135 13.768 13.408 13.055 12.710 12.372 12.041 11.717 12.087 13.017 13.918 14.789 15.631 16.443 17.225 17.978 18.701 19.394 20.058 20.692 22.040 23.721 25.287 26.740 28.078 29.302 30.413 31.409 32.291 33.059 33.713 34.253 34.028 33.611 33.273 33.014 32.835 32.736 32.717 32.777 32.917 33.136 33.435 33.814 34.534 35.447 36.499 37.691 39.023 40.494 42.105 43.856 45.747 47.777 49.947 52.256 55.426 58.640 60.645 62.559 64.381 66.111 67.749 69.295
17.838 17.553 17.271 16.989 16.681 16.310 15.946 15.589 15.240 14.897 14.562 14.235 13.914 13.601 13.295 12.996 13.149 13.976 14.774 15.542 16.281 16.990 17.670 18.319 18.939 19.530 20.091 20.622 21.550 22.835 24.006 25.064 26.007 26.836 27.551 28.153 28.640 29.013 29.273 29.418 29.327 29.186 29.124 29.143 29.240 29.418 29.675 30.011 30.427 30.923 31.498 32.153 33.249 34.646 36.182 37.858 39.674 41.629 43.633 45.128 46.565 47.946 49.269 50.536 52.255 54.036 55.725 57.323 58.828 60.241 61.563 62.792
18.793 18.514 18.237 17.961 17.677 17.330 16.991 16.659 16.335 16.017 15.707 15.404 15.109 14.820 14.539 14.265 14.240 14.965 15.660 16.326 16.962 17.568 18.144 18.691 19.209 19.697 20.155 20.583 21.179 22.069 22.845 23.507 24.056 24.490 24.811 25.017 25.110 25.089 24.954 24.705 24.550 24.686 24.901 25.196 25.570 26.024 26.557 27.170 27.862 28.634 29.485 30.427 31.800 33.441 35.025 36.551 38.021 39.433 40.788 42.086 43.327 44.511 45.637 46.707 48.062 49.526 50.899 52.179 53.368 54.465 55.471 56.384
19.745 19.471 19.200 18.930 18.663 18.342 18.028 17.721 17.421 17.129 16.843 16.565 16.294 16.031 15.775 15.525 15.362 15.984 16.577 17.139 17.672 18.176 18.650 19.094 19.509 19.894 20.250 20.576 20.926 21.421 21.803 22.070 22.224 22.264 22.190 22.002 21.701 21.285 20.756 20.113 19.698 20.110 20.602 21.173 21.931 22.988 24.031 25.059 26.073 27.073 28.058 29.029 30.197 31.641 33.027 34.357 35.629 36.845 38.003 39.104 40.148 41.135 42.064 42.937 43.961 45.109 46.165 47.129 48.002 48.783 49.472 50.070
20.693 20.426 20.160 19.897 19.634 19.344 19.055 18.773 18.498 18.230 17.970 17.717 17.471 17.232 17.001 16.777 16.559 17.033 17.523 17.983 18.413 18.814 19.186 19.527 19.839 20.122 20.375 20.598 20.791 20.892 20.879 20.752 20.512 20.158 19.690 19.108 18.412 17.745 17.315 16.898 16.719 17.784 18.835 19.871 20.893 21.901 22.894 23.873 24.838 25.788 26.724 27.646 28.651 29.898 31.088 32.220 33.296 34.314 35.276 36.180 37.027 37.818 38.551 39.227 39.953 40.784 41.525 42.173 42.730 43.195 43.568 43.849
21.639 21.377 21.118 20.860 20.603 20.338 20.073 19.816 19.566 19.323 19.088 18.859 18.638 18.424 18.218 18.018 17.826 18.113 18.500 18.857 19.185 19.483 19.752 19.991 20.201 20.381 20.531 20.652 20.743 20.482 20.053 19.574 19.108 18.656 18.218 17.794 17.384 16.988 16.605 16.236 15.893 16.909 17.911 18.898 19.871 20.829 21.773 22.703 23.618 24.519 25.406 26.278 27.163 28.213 29.206 30.142 31.021 31.843 32.607 33.315 33.966 34.559 35.096 35.575 36.037 36.553 36.977 37.310 37.550 37.700 37.757 37.723
22.582 22.326 22.072 21.820 21.569 21.322 21.083 20.850 20.625 20.407 20.196 19.993 19.797 19.608 19.426 19.251 19.084 19.222 19.506 19.761 19.986 20.182 20.348 20.359 20.240 20.121 20.003 19.884 19.765 19.392 18.946 18.515 18.097 17.693 17.303 16.927 16.565 16.217 15.882 15.561 15.254 16.050 17.002 17.940 18.863 19.772 20.667 21.548 22.414 23.266 24.103 24.926 25.735 26.587 27.383 28.122 28.804 29.429 29.998 30.509 30.963 31.360 31.700 31.983 32.214 32.414 32.522 32.539 32.464 32.298 32.040 31.690
23.522 23.272 23.023 22.777 22.532 22.298 22.083 21.875 21.675 21.482 21.296 21.117 20.946 20.782 20.624 20.475 20.126 19.822 19.703 19.585 19.467 19.348 19.230 19.111 18.992 18.874 18.755 18.636 18.518 18.224 17.826 17.443 17.073 16.717 16.375 16.047 15.733 15.433 15.146 14.873 14.614 15.205 16.108 16.997 17.871 18.731 19.577 20.408 21.225 22.028 22.816 23.590 24.350 25.018 25.617 26.160 26.646 27.074 27.446 27.761 28.019 28.219 28.363 28.450 28.480 28.368 28.160 27.862 27.471 26.990 26.416 25.752
24.458 24.214 23.972 23.731 23.492 23.264 23.074 22.891 22.716 22.295 21.769 21.257 20.759 20.274 19.803 19.346 18.902 18.575 18.457 18.339 18.220 18.102 17.983 17.865 17.746 17.628 17.509 17.390 17.272 17.043 16.693 16.358 16.036 15.728 15.434 15.154 14.888 14.635 14.397 14.172 13.961 14.376 15.230 16.070 16.895 17.706 18.502 19.284 20.052 20.806 21.545 22.270 22.980 23.507 23.910 24.256 24.545 24.778 24.953 25.072 25.133 25.138 25.085 24.976 24.810 24.414 23.891 23.277 22.572 21.775 20.886 19.906
25.392 25.154 24.614 23.993 23.379 22.776 22.243 21.724 21.218 20.727 20.248 19.784 19.333 18.895 18.472 18.061 17.665 17.331 17.212 17.094 16.976 16.857 16.739 16.620 16.502 16.383 16.265 16.146 16.027 15.849 15.548 15.260 14.986 14.726 14.480 14.248 14.030 13.825 13.634 13.457 13.294 13.563 14.367 15.158 15.934 16.695 17.442 18.176 18.894 19.599 20.289 20.964 21.626 22.053 22.260 22.410 22.503 22.539 22.518 22.441 22.306 22.114 21.866 21.561 21.198 20.552 19.714 18.785 17.765 17.150 16.726 16.344
23.997 23.386 22.782 22.186 21.596 21.013 20.520 20.048 19.590 19.146 18.715 18.298 17.894 17.504 17.127 16.764 16.415 16.087 15.969 15.851 15.732 15.614 15.496 15.377 15.259 15.140 15.022 14.903 14.784 14.642 14.389 14.149 13.923 13.712 13.513 13.329 13.158 13.002 12.859 12.730 12.614 12.764 13.520 14.261 14.988 15.700 16.398 17.082 17.752 18.407 19.048 19.675 20.287 20.658 20.668 20.622 20.519 20.359 20.142 19.868 19.537 19.150 18.910 18.736 18.581 18.256 17.809 17.404 17.041 16.718 16.437 16.197
22.111 21.525 20.946 20.373 19.808 19.250 18.785 18.360 17.950 17.552 17.169 16.799 16.442 16.099 15.770 15.454 15.152 14.864 14.727 14.609 14.491 14.372 14.254 14.136 14.017 13.899 13.780 13.662 13.543 13.423 13.217 13.026 12.848 12.684 12.533 12.397 12.274 12.165 12.070 11.989 11.922 11.981 12.687 13.379 14.057 14.720 15.369 16.004 16.625 17.231 17.823 18.401 18.964 19.320 19.134 18.884 18.643 18.422 18.219 18.036 17.870 17.724 17.596 17.487 17.397 17.216 16.912 16.650 16.428 16.248 16.110 16.012
20.220 19.659 19.104 18.556 18.015 17.481 17.037 16.660 16.296 15.946 15.610 15.287 14.978 14.682 14.400 14.132 13.877 13.635 13.487 13.369 13.251 13.132 13.014 12.896 12.777 12.659 12.540 12.422 12.303 12.185 12.033 11.889 11.759 11.643 11.540 11.452 11.377 11.316 11.268 11.235 11.215 11.213 11.870 12.513 13.141 13.756 14.356 14.942 15.442 15.912 16.362 16.791 17.201 17.506 17.294 17.100 16.925 16.768 16.630 16.511 16.411 16.329 16.266 16.222 16.196 16.138 15.977 15.857 15.778 15.740 15.743 15.788
18.324 17.787 17.256 16.733 16.216 15.707 15.276 14.946 14.630 14.327 14.038 13.762 13.500 13.252 13.017 12.796 12.588 12.394 12.248 12.130 12.012 11.894 11.775 11.657 11.539 11.420 11.302 11.183 11.065 10.946 10.835 10.739 10.657 10.589 10.534 10.493 10.466 10.453 10.454 10.468 10.496 10.483 10.945 11.467 11.969 12.450 12.911 13.352 13.773 14.174 14.555 14.916 15.256 15.576 15.429 15.300 15.189 15.098 15.025 14.970 14.935 14.918 14.920 14.940 14.979 15.022 15.003 15.025 15.088 15.193 15.338 15.525
16.423 15.910 15.404 14.905 14.412 13.927 13.503 13.220 12.951 12.696 12.454 12.225 12.010 11.809 11.621 11.447 11.286 11.139 11.011 10.893 10.775 10.657 10.538 10.420 10.302 10.183 10.065 9.946 9.828 9.709 9.625 9.577 9.543 9.522 9.518 9.510 9.498 9.483 9.464 9.442 9.415 9.386 9.714 10.166 10.599 11.011 11.403 11.775 12.127 12.459 12.770 13.062 13.333 13.585 13.548 13.484 13.438 13.411 13.403 13.413 13.442 13.490 13.556 13.642 13.746 13.868 13.991 14.155 14.360 14.607 14.895 15.224
14.516 14.028 13.546 13.071 12.603 12.142 11.717 11.482 11.260 11.051 10.856 10.675 10.507 10.353 10.213 10.085 9.972 9.872 9.775 9.657 9.539 9.421 9.303 9.184 9.066 8.948 8.831 8.758 8.683 8.605 8.557 8.552 8.542 8.529 8.512 8.492 8.468 8.441 8.409 8.374 8.336 8.293 8.504 8.887 9.250 9.593 9.917 10.219 10.502 10.765 11.008 11.230 11.432 11.615 11.651 11.651 11.670 11.708 11.764 11.840 11.933 12.046 12.177 12.327 12.495 12.682 12.941 13.247 13.594 13.983 14.412 14.883
