DATA/SHG/ECMWF/20170628/EN-25/20170711.en-25.asc
ncols        190
nrows        64
xllcorner    -5100000.000000000000
yllcorner    4130000.000000000000
cellsize     10000.000000000000
NODATA_value  -99999.000
[rows 0 to 31 of 64, columns 0 to 71 of 190]
1.342 1.324 1.309 1.298 1.289 1.283 1.280 1.281 1.284 1.317 1.350 1.374 1.387 1.391 1.384 1.368 1.342 1.305 1.259 1.238 1.228 1.433 1.730 2.017 2.296 2.565 2.824 3.074 3.315 3.546 3.767 3.980 4.183 4.206 4.144 4.115 4.117 4.153 4.221 4.321 4.454 4.619 4.817 5.047 5.310 5.482 5.543 5.591 5.624 5.643 5.648 5.638 5.615 5.578 5.526 5.460 5.380 5.300 5.227 5.147 5.061 4.967 4.866 4.759 4.644 4.523 4.394 4.259 4.116 4.101 4.296 4.485
1.262 1.254 1.250 1.249 1.251 1.256 1.263 1.274 1.288 1.298 1.296 1.284 1.270 1.257 1.245 1.233 1.222 1.212 1.203 1.195 1.187 1.329 1.593 1.847 2.093 2.328 2.555 2.772 2.979 3.177 3.366 3.545 3.715 3.816 3.868 3.953 4.070 4.220 4.402 4.617 4.864 5.144 5.456 5.800 6.177 6.430 6.441 6.439 6.422 6.391 6.346 6.287 6.214 6.127 6.025 5.910 5.780 5.654 5.557 5.452 5.341 5.223 5.098 4.965 4.826 4.680 4.527 4.367 4.200 4.115 4.290 4.460
1.178 1.182 1.188 1.198 1.208 1.216 1.224 1.233 1.243 1.243 1.230 1.218 1.207 1.197 1.187 1.178 1.170 1.163 1.156 1.151 1.145 1.235 1.466 1.688 1.900 2.102 2.296 2.479 2.654 2.819 2.975 3.121 3.258 3.392 3.559 3.758 3.990 4.254 4.551 4.879 5.241 5.634 6.061 6.519 7.010 7.391 7.352 7.300 7.233 7.153 7.058 6.949 6.826 6.689 6.537 6.372 6.193 6.014 5.892 5.763 5.628 5.485 5.335 5.179 5.015 4.844 4.667 4.482 4.303 4.161 4.330 4.494
1.084 1.091 1.099 1.107 1.117 1.127 1.139 1.151 1.165 1.171 1.161 1.152 1.144 1.136 1.129 1.123 1.117 1.113 1.109 1.106 1.103 1.151 1.349 1.538 1.717 1.886 2.047 2.198 2.339 2.471 2.594 2.707 2.811 2.936 3.217 3.531 3.877 4.255 4.666 5.109 5.584 6.092 6.632 7.204 7.809 8.364 8.276 8.174 8.057 7.927 7.782 7.624 7.451 7.264 7.063 6.848 6.619 6.381 6.234 6.081 5.921 5.755 5.586 5.413 5.236 5.055 4.870 4.681 4.489 4.292 4.434 4.577
0.978 0.988 0.999 1.011 1.024 1.038 1.053 1.069 1.085 1.099 1.091 1.085 1.079 1.074 1.070 1.066 1.064 1.062 1.061 1.060 1.060 1.078 1.242 1.398 1.544 1.681 1.808 1.926 2.034 2.133 2.223 2.304 2.375 2.447 2.843 3.270 3.730 4.223 4.747 5.304 5.894 6.515 7.169 7.856 8.575 9.326 9.212 9.060 8.894 8.714 8.520 8.311 8.089 7.831 7.515 7.228 6.970 6.739 6.567 6.396 6.221 6.042 5.858 5.672 5.481 5.286 5.087 4.885 4.678 4.468 4.544 4.665
0.872 0.885 0.900 0.915 0.931 0.948 0.966 0.985 1.005 1.026 1.021 1.017 1.014 1.012 1.010 1.009 1.009 1.010 1.012 1.014 1.017 1.020 1.146 1.268 1.381 1.485 1.579 1.664 1.740 1.806 1.863 1.910 1.948 1.977 2.435 2.977 3.551 4.157 4.796 5.467 6.170 6.905 7.673 8.474 9.306 10.171 10.064 9.650 9.264 8.907 8.577 8.276 8.004 7.759 7.543 7.355 7.196 7.065 6.898 6.713 6.524 6.331 6.134 5.933 5.729 5.520 5.308 5.091 4.871 4.647 4.659 4.759
0.765 0.781 0.799 0.817 0.837 0.857 0.878 0.901 0.924 0.948 0.950 0.949 0.948 0.949 0.950 0.952 0.954 0.958 0.962 0.967 0.972 0.979 1.059 1.148 1.228 1.299 1.360 1.413 1.455 1.489 1.513 1.527 1.532 1.528 1.995 2.651 3.338 4.059 4.811 5.543 6.226 6.888 7.530 8.150 8.751 9.331 9.269 8.955 8.668 8.410 8.180 7.979 7.805 7.660 7.543 7.455 7.394 7.362 7.233 7.034 6.831 6.624 6.413 6.199 5.980 5.758 5.532 5.301 5.067 4.829 4.779 4.859
0.656 0.676 0.697 0.719 0.742 0.765 0.790 0.815 0.842 0.869 0.878 0.879 0.882 0.885 0.889 0.893 0.898 0.904 0.911 0.919 0.927 0.936 0.982 1.038 1.086 1.123 1.152 1.171 1.181 1.181 1.173 1.154 1.166 1.190 1.642 2.355 3.048 3.721 4.373 5.004 5.615 6.205 6.774 7.323 7.851 8.359 8.448 8.232 8.045 7.886 7.756 7.653 7.579 7.533 7.516 7.526 7.565 7.632 7.570 7.358 7.141 6.920 6.696 6.468 6.235 5.999 5.759 5.515 5.267 5.016 4.905 4.964
0.547 0.571 0.595 0.620 0.646 0.673 0.700 0.729 0.759 0.789 0.805 0.809 0.814 0.820 0.827 0.834 0.842 0.851 0.860 0.870 0.881 0.893 0.915 0.938 0.953 0.973 0.995 1.017 1.040 1.064 1.089 1.115 1.141 1.168 1.485 2.127 2.748 3.348 3.928 4.487 5.026 5.543 6.041 6.518 6.974 7.409 7.599 7.483 7.395 7.335 7.304 7.301 7.326 7.379 7.460 7.570 7.708 7.874 7.912 7.685 7.455 7.220 6.982 6.740 6.494 6.244 5.990 5.732 5.471 5.205 5.036 5.074
0.438 0.464 0.491 0.520 0.549 0.579 0.610 0.642 0.675 0.709 0.732 0.739 0.746 0.755 0.764 0.774 0.785 0.797 0.813 0.827 0.838 0.847 0.860 0.882 0.905 0.928 0.953 0.978 1.004 1.030 1.058 1.086 1.115 1.145 1.350 1.920 2.468 2.997 3.504 3.991 4.458 4.904 5.329 5.734 6.118 6.482 6.723 6.706 6.718 6.757 6.825 6.920 7.044 7.197 7.377 7.586 7.822 8.087 8.256 8.016 7.772 7.523 7.271 7.015 6.756 6.492 6.224 5.953 5.678 5.398 5.172 5.190
0.327 0.357 0.387 0.419 0.451 0.485 0.519 0.554 0.590 0.627 0.663 0.688 0.710 0.729 0.746 0.761 0.774 0.784 0.792 0.798 0.801 0.802 0.806 0.831 0.857 0.883 0.910 0.938 0.966 0.996 1.026 1.057 1.088 1.120 1.237 1.734 2.210 2.667 3.102 3.517 3.912 4.286 4.639 4.972 5.284 5.576 5.821 5.903 6.013 6.151 6.318 6.513 6.736 6.987 7.266 7.574 7.909 8.273 8.604 8.350 8.092 7.830 7.564 7.295 7.021 6.744 6.462 6.177 5.888 5.595 5.314 5.311
0.215 0.248 0.282 0.328 0.383 0.438 0.493 0.548 0.604 0.659 0.711 0.727 0.741 0.752 0.761 0.768 0.772 0.775 0.774 0.772 0.767 0.759 0.752 0.780 0.808 0.837 0.867 0.897 0.928 0.960 0.993 1.026 1.061 1.096 1.144 1.569 1.974 2.358 2.721 3.064 3.387 3.689 3.970 4.231 4.472 4.692 4.891 5.072 5.281 5.519 5.784 6.078 6.400 6.750 7.128 7.534 7.969 8.431 8.922 8.687 8.416 8.140 7.860 7.577 7.290 6.999 6.704 6.454 6.257 6.082 5.927 6.004
0.203 0.258 0.313 0.369 0.424 0.480 0.535 0.591 0.647 0.703 0.759 0.769 0.775 0.778 0.779 0.777 0.773 0.767 0.759 0.748 0.735 0.719 0.701 0.727 0.758 0.790 0.822 0.855 0.889 0.924 0.959 0.996 1.032 1.070 1.109 1.425 1.758 2.070 2.362 2.633 2.884 3.114 3.324 3.513 3.681 3.829 3.957 4.215 4.523 4.859 5.223 5.616 6.037 6.485 6.962 7.467 8.000 8.562 9.151 9.028 8.742 8.472 8.223 7.994 7.787 7.601 7.435 7.290 7.166 7.063 6.981 7.019
0.243 0.298 0.354 0.410 0.466 0.521 0.578 0.634 0.690 0.747 0.803 0.814 0.811 0.806 0.799 0.789 0.777 0.762 0.746 0.727 0.705 0.681 0.655 0.675 0.708 0.742 0.777 0.813 0.850 0.887 0.925 0.964 1.003 1.044 1.085 1.303 1.564 1.804 2.024 2.223 2.402 2.560 2.698 2.816 2.912 2.989 3.045 3.330 3.737 4.172 4.635 5.127 5.646 6.276 6.907 7.520 8.115 8.693 9.253 9.266 9.048 8.851 8.674 8.519 8.384 8.270 8.177 8.105 8.054 8.023 8.013 8.040
0.282 0.338 0.394 0.450 0.507 0.563 0.620 0.676 0.733 0.790 0.847 0.861 0.850 0.837 0.821 0.803 0.783 0.760 0.735 0.708 0.678 0.646 0.612 0.621 0.657 0.694 0.732 0.770 0.809 0.849 0.890 0.932 0.974 1.017 1.060 1.202 1.391 1.559 1.707 1.835 1.942 2.028 2.095 2.140 2.165 2.170 2.395 2.893 3.568 4.225 4.865 5.487 6.091 6.678 7.247 7.799 8.332 8.849 9.347 9.478 9.333 9.209 9.105 9.022 8.960 8.919 8.899 8.899 8.920 8.962 9.025 9.068
0.322 0.378 0.434 0.491 0.548 0.604 0.661 0.719 0.776 0.833 0.890 0.910 0.891 0.870 0.846 0.820 0.791 0.760 0.727 0.692 0.654 0.614 0.571 0.567 0.605 0.645 0.685 0.726 0.768 0.811 0.854 0.898 0.943 0.989 1.035 1.121 1.238 1.335 1.424 1.587 1.767 1.967 2.184 2.420 2.674 2.946 3.237 3.682 4.295 4.890 5.468 6.029 6.571 7.097 7.604 8.094 8.566 9.021 9.458 9.671 9.598 9.546 9.515 9.505 9.516 9.547 9.599 9.672 9.766 9.880 10.016 10.102
0.361 0.417 0.474 0.531 0.588 0.646 0.703 0.761 0.818 0.876 0.934 0.962 0.935 0.905 0.873 0.839 0.802 0.763 0.722 0.678 0.632 0.583 0.533 0.511 0.553 0.595 0.638 0.682 0.727 0.772 0.818 0.869 0.931 0.996 1.065 1.164 1.336 1.526 1.734 1.961 2.206 2.469 2.751 3.051 3.369 3.705 4.060 4.487 5.038 5.572 6.088 6.587 7.068 7.532 7.978 8.406 8.817 9.210 9.585 9.843 9.843 9.864 9.905 9.967 10.051 10.154 10.279 10.424 10.591 10.777 10.985 11.141
0.399 0.457 0.514 0.571 0.629 0.687 0.744 0.802 0.860 0.919 0.977 1.016 0.981 0.943 0.903 0.860 0.815 0.768 0.718 0.667 0.612 0.556 0.497 0.456 0.502 0.554 0.608 0.666 0.727 0.791 0.858 0.928 1.001 1.077 1.156 1.263 1.499 1.753 2.025 2.316 2.625 2.952 3.298 3.662 4.044 4.444 4.863 5.308 5.798 6.270 6.725 7.162 7.582 7.984 8.368 8.735 9.084 9.416 9.730 9.994 10.067 10.160 10.274 10.409 10.565 10.741 10.938 11.156 11.394 11.654 11.934 12.187
0.438 0.496 0.554 0.611 0.669 0.727 0.786 0.844 0.902 0.961 1.020 1.073 1.029 0.983 0.935 0.884 0.831 0.770 0.707 0.646 0.587 0.529 0.473 0.423 0.482 0.545 0.610 0.679 0.750 0.825 0.903 0.983 1.067 1.154 1.244 1.343 1.643 1.961 2.297 2.652 3.025 3.416 3.826 4.254 4.700 5.164 5.646 6.146 6.574 6.985 7.378 7.754 8.112 8.452 8.775 9.080 9.368 9.638 9.891 10.126 10.271 10.436 10.623 10.830 11.058 11.307 11.576 11.866 12.177 12.509 12.861 13.234
0.477 0.535 0.593 0.651 0.710 0.768 0.827 0.885 0.944 1.003 1.053 1.085 1.027 0.962 0.898 0.836 0.775 0.717 0.660 0.605 0.551 0.500 0.450 0.401 0.459 0.532 0.609 0.688 0.770 0.856 0.944 1.036 1.131 1.228 1.329 1.433 1.768 2.150 2.551 2.969 3.406 3.861 4.335 4.826 5.336 5.864 6.410 6.975 7.367 7.716 8.047 8.362 8.658 8.937 9.199 9.443 9.669 9.878 10.069 10.242 10.454 10.692 10.951 11.231 11.531 11.852 12.193 12.556 12.939 13.343 13.767 14.213
0.515 0.573 0.632 0.735 0.822 0.894 0.950 0.990 1.015 1.024 1.017 0.995 0.941 0.882 0.824 0.768 0.714 0.661 0.611 0.562 0.514 0.469 0.425 0.383 0.433 0.517 0.604 0.694 0.787 0.883 0.983 1.085 1.191 1.299 1.411 1.525 1.874 2.320 2.785 3.267 3.768 4.287 4.824 5.379 5.953 6.545 7.155 7.783 8.175 8.463 8.733 8.986 9.221 9.439 9.639 9.821 9.986 10.134 10.264 10.376 10.617 10.927 11.258 11.610 11.983 12.376 12.790 13.191 13.552 13.924 14.305 14.697
0.911 0.990 1.054 1.102 1.134 1.151 1.152 1.137 1.107 1.061 0.999 0.922 0.854 0.801 0.749 0.699 0.651 0.604 0.560 0.517 0.475 0.436 0.398 0.362 0.403 0.498 0.596 0.697 0.801 0.908 1.018 1.131 1.247 1.367 1.489 1.614 1.962 2.471 3.000 3.546 4.111 4.693 5.294 5.913 6.551 7.206 7.880 8.572 9.000 9.227 9.436 9.627 9.801 9.957 10.096 10.217 10.321 10.407 10.475 10.526 10.734 11.060 11.395 11.741 12.097 12.463 12.839 13.226 13.623 14.030 14.448 14.875
1.460 1.484 1.493 1.485 1.463 1.424 1.370 1.301 1.216 1.115 0.998 0.866 0.765 0.718 0.672 0.628 0.586 0.546 0.507 0.470 0.435 0.401 0.370 0.340 0.371 0.476 0.585 0.696 0.811 0.929 1.050 1.174 1.301 1.431 1.564 1.700 2.030 2.604 3.196 3.806 4.434 5.081 5.745 6.428 7.129 7.848 8.586 9.341 9.842 10.007 10.154 10.284 10.397 10.393 10.341 10.304 10.284 10.281 10.294 10.323 10.508 10.869 11.240 11.622 12.014 12.416 12.828 13.251 13.683 14.126 14.580 15.043
2.025 1.994 1.948 1.886 1.808 1.715 1.606 1.481 1.341 1.185 1.014 0.827 0.674 0.633 0.593 0.556 0.520 0.485 0.453 0.422 0.393 0.365 0.340 0.316 0.335 0.451 0.570 0.693 0.818 0.947 1.078 1.213 1.351 1.492 1.635 1.782 2.080 2.717 3.373 4.047 4.739 5.449 6.177 6.924 7.688 8.471 9.118 9.686 10.026 9.949 9.888 9.844 9.815 9.804 9.809 9.830 9.867 9.921 9.991 10.078 10.272 10.668 11.076 11.493 11.921 12.359 12.807 13.265 13.734 14.213 14.702 15.202
2.607 2.521 2.420 2.303 2.170 2.022 1.858 1.679 1.484 1.273 1.047 0.805 0.582 0.547 0.513 0.481 0.451 0.423 0.396 0.372 0.349 0.327 0.308 0.290 0.296 0.423 0.553 0.686 0.822 0.962 1.104 1.249 1.398 1.549 1.704 1.861 2.111 2.812 3.531 4.253 4.941 5.595 6.215 6.800 7.351 7.867 8.349 8.797 9.134 9.115 9.111 9.124 9.153 9.199 9.261 9.339 9.434 9.546 9.673 9.817 10.025 10.458 10.901 11.355 11.818 12.292 12.776 13.270 13.775 14.289 14.814 15.350
3.201 3.064 2.908 2.736 2.549 2.346 2.127 1.893 1.643 1.377 1.096 0.800 0.487 0.458 0.431 0.405 0.381 0.359 0.339 0.320 0.303 0.287 0.274 0.262 0.253 0.391 0.532 0.676 0.823 0.973 1.126 1.284 1.520 1.753 1.984 2.212 2.448 3.120 3.757 4.360 4.928 5.462 5.962 6.427 6.857 7.254 7.616 7.943 8.227 8.265 8.319 8.389 8.476 8.579 8.698 8.834 8.986 9.155 9.339 9.541 9.770 10.238 10.717 11.206 11.706 12.215 12.735 13.265 13.806 14.356 14.917 15.488
3.753 3.624 3.413 3.186 2.944 2.686 2.412 2.123 1.819 1.499 1.163 0.811 0.444 0.368 0.347 0.327 0.310 0.293 0.279 0.266 0.255 0.246 0.238 0.232 0.245 0.469 0.712 0.951 1.188 1.423 1.655 1.884 2.111 2.335 2.557 2.776 2.992 3.502 4.019 4.501 4.950 5.364 5.743 6.088 6.399 6.675 6.917 7.125 7.298 7.400 7.511 7.639 7.783 7.943 8.120 8.313 8.522 8.748 8.990 9.249 9.523 10.009 10.524 11.048 11.584 12.129 12.685 13.250 13.826 14.413 15.009 15.616
4.298 4.200 3.934 3.653 3.356 3.043 2.715 2.371 2.012 1.637 1.246 0.840 0.418 0.277 0.261 0.248 0.236 0.309 0.535 0.718 0.856 0.952 1.003 1.011 0.975 1.126 1.359 1.590 1.818 2.043 2.266 2.486 2.704 2.919 3.132 3.342 3.549 3.918 4.315 4.678 5.006 5.300 5.559 5.785 5.976 6.132 6.254 6.342 6.396 6.520 6.689 6.873 7.075 7.292 7.526 7.776 8.043 8.326 8.625 8.941 9.273 9.769 10.320 10.881 11.452 12.033 12.624 13.226 13.837 14.459 15.092 15.734
4.836 4.793 4.472 4.136 3.784 3.416 3.034 2.635 2.221 1.791 1.502 1.398 1.308 1.426 1.674 1.878 2.038 2.155 2.228 2.258 2.243 2.186 2.084 1.939 1.750 1.785 2.009 2.230 2.449 2.665 2.879 3.090 3.299 3.505 3.709 3.909 4.108 4.368 4.645 4.888 5.097 5.271 5.411 5.516 5.587 5.624 5.627 5.595 5.529 5.625 5.851 6.093 6.351 6.626 6.917 7.225 7.548 7.888 8.245 8.618 9.007 9.520 10.107 10.703 11.310 11.927 12.554 13.191 13.838 14.496 15.164 15.842
5.368 5.402 5.026 4.778 4.623 4.483 4.357 4.245 4.147 4.063 3.994 3.938 3.897 3.929 4.024 4.075 4.082 4.046 3.966 3.842 3.675 3.464 3.209 2.911 2.569 2.445 2.660 2.872 3.082 3.289 3.494 3.696 3.896 4.093 4.287 4.479 4.668 4.853 5.010 5.133 5.222 5.277 5.297 5.282 5.234 5.151 5.034 4.883 4.697 4.715 4.998 5.297 5.613 5.945 6.293 6.657 7.038 7.435 7.849 8.279 8.725 9.262 9.884 10.516 11.158 11.811 12.474 13.147 13.846 14.580 15.319 16.064
6.971 7.159 7.026 6.906 6.801 6.710 6.633 6.570 6.521 6.487 6.466 6.460 6.468 6.476 6.417 6.315 6.169 5.980 5.747 5.471 5.150 4.787 4.379 3.928 3.434 3.107 3.313 3.516 3.717 3.915 4.111 4.304 4.494 4.682 4.868 5.050 5.231 5.372 5.410 5.413 5.382 5.317 5.217 5.084 4.915 4.713 4.476 4.206 3.900 3.790 4.130 4.486 4.859 5.248 5.653 6.075 6.513 6.967 7.438 7.924 8.428 9.021 9.734 10.453 11.177 11.908 12.644 13.386 14.134 14.889 15.649 16.415
9.178 9.171 9.086 9.016 8.960 8.918 8.890 8.876 8.877 8.892 8.920 8.963 9.020 9.066 8.854 8.599 8.301 7.958 7.573 7.143 6.670 6.154 5.594 4.990 4.343 3.771 3.967 4.162 4.354 4.543 4.729 4.913 5.095 5.274 5.450 5.624 5.795 5.926 5.844 5.727 5.577 5.392 5.173 4.919 4.632 4.310 3.954 3.564 3.139 2.849 3.246 3.660 4.090 4.536 5.244 6.058 6.781 7.415 7.958 8.410 8.773 9.158 9.891 10.631 11.376 12.127 12.884 13.647 14.416 15.191 15.972 16.759
