DATA/SHG/ECMWF/20170628/EN-25/20170708.en-25.asc
ncols        190
nrows        64
xllcorner    -5100000.000000000000
yllcorner    4130000.000000000000
cellsize     10000.000000000000
NODATA_value  -99999.000
[rows 0 to 32 of 64, columns 74 to 147 of 190]
3.276 3.760 4.260 4.774 5.305 5.850 6.411 7.008 7.610 8.178 8.737 9.287 9.828 10.360 10.884 11.398 11.904 12.400 12.888 13.076 12.299 11.531 10.769 10.014 9.265 8.523 7.788 7.059 6.337 5.621 4.912 4.417 4.602 4.792 4.986 5.185 5.389 5.598 5.811 6.029 6.252 6.479 6.711 6.779 6.321 5.858 5.387 4.911 4.428 3.939 3.443 2.942 2.434 1.919 1.398 1.049 1.222 1.401 1.586 1.776 1.972 2.173 2.380 2.593 2.811 3.035 3.264 3.520 3.843 4.178 4.525 4.885 5.257 5.642
3.374 3.899 4.421 4.939 5.454 5.966 6.476 6.991 7.536 8.073 8.601 9.120 9.630 10.132 10.624 11.108 11.583 12.049 12.506 12.828 12.080 11.341 10.608 9.882 9.163 8.450 7.744 7.045 6.351 5.665 4.985 4.411 4.617 4.828 5.044 5.264 5.489 5.719 5.953 6.192 6.436 6.684 6.938 7.101 6.616 6.123 5.625 5.120 4.609 4.091 3.567 3.037 2.501 1.958 1.409 0.958 1.157 1.361 1.571 1.786 2.007 2.233 2.465 2.703 2.946 3.195 3.450 3.726 4.104 4.494 4.896 5.311 5.738 6.177
3.417 3.931 4.442 4.950 5.456 5.958 6.458 6.955 7.470 7.976 8.473 8.962 9.441 9.912 10.373 10.826 11.270 11.705 12.132 12.549 11.854 11.144 10.441 9.744 9.054 8.370 7.693 7.023 6.359 5.702 5.051 4.407 4.627 4.859 5.096 5.337 5.583 5.834 6.090 6.350 6.615 6.884 7.158 7.430 6.916 6.396 5.869 5.335 4.796 4.250 3.698 3.139 2.574 2.003 1.426 0.862 1.086 1.315 1.550 1.790 2.036 2.287 2.544 2.807 3.076 3.349 3.629 3.917 4.337 4.762 5.189 5.620 6.055 6.494
3.461 3.965 4.466 4.964 5.460 5.952 6.442 6.929 7.412 7.888 8.354 8.811 9.260 9.700 10.131 10.553 10.966 11.370 11.766 12.153 11.621 10.940 10.266 9.599 8.938 8.283 7.635 6.994 6.359 5.731 5.110 4.495 4.632 4.885 5.143 5.405 5.673 5.944 6.221 6.502 6.788 7.078 7.374 7.674 7.223 6.674 6.119 5.557 4.989 4.415 3.835 3.248 2.655 2.055 1.450 0.838 1.009 1.263 1.545 1.846 2.141 2.431 2.716 2.996 3.270 3.540 3.804 4.063 4.487 4.927 5.371 5.818 6.269 6.723
3.508 4.002 4.493 4.981 5.467 5.949 6.429 6.906 7.363 7.807 8.243 8.669 9.087 9.496 9.896 10.288 10.670 11.044 11.409 11.765 11.381 10.729 10.084 9.446 8.814 8.189 7.571 6.958 6.353 5.754 5.161 4.575 4.632 4.906 5.185 5.468 5.756 6.049 6.347 6.649 6.956 7.267 7.584 7.905 7.537 6.959 6.376 5.786 5.189 4.595 4.012 3.437 2.869 2.310 1.759 1.216 1.339 1.627 1.909 2.187 2.459 2.726 2.988 3.245 3.496 3.743 3.984 4.220 4.633 5.089 5.549 6.012 6.479 6.949
3.556 4.041 4.522 5.000 5.476 5.948 6.418 6.885 7.321 7.735 8.139 8.535 8.922 9.301 9.670 10.031 10.383 10.725 11.060 11.385 11.134 10.512 9.896 9.287 8.684 8.088 7.499 6.916 6.339 5.769 5.206 4.649 4.626 4.921 5.221 5.526 5.835 6.149 6.467 6.791 7.102 7.408 7.718 8.034 7.755 7.167 6.587 6.015 5.452 4.896 4.349 3.809 3.277 2.754 2.238 1.731 1.754 2.019 2.278 2.533 2.782 3.026 3.265 3.499 3.727 3.950 4.168 4.381 4.775 5.247 5.723 6.202 6.685 7.171
3.608 4.082 4.553 5.022 5.488 5.950 6.410 6.867 7.287 7.670 8.044 8.409 8.766 9.113 9.452 9.782 10.103 10.415 10.719 11.014 10.880 10.287 9.700 9.120 8.547 7.980 7.419 6.866 6.318 5.777 5.243 4.696 4.570 4.858 5.151 5.450 5.753 6.061 6.374 6.691 7.014 7.341 7.674 8.011 7.869 7.317 6.773 6.237 5.709 5.189 4.677 4.173 3.676 3.189 2.709 2.237 2.174 2.416 2.652 2.884 3.110 3.331 3.547 3.757 3.963 4.163 4.358 4.548 4.913 5.401 5.893 6.388 6.887 7.389
3.662 4.126 4.588 5.046 5.502 5.955 6.405 6.852 7.262 7.614 7.957 8.292 8.618 8.934 9.242 9.542 9.832 10.114 10.387 10.651 10.620 10.056 9.460 8.860 8.271 7.695 7.131 6.578 6.038 5.509 4.992 4.488 4.301 4.611 4.927 5.247 5.572 5.902 6.236 6.576 6.920 7.270 7.624 7.983 7.975 7.458 6.950 6.449 5.957 5.472 4.996 4.527 4.067 3.614 3.170 2.733 2.599 2.817 3.031 3.239 3.442 3.640 3.833 4.021 4.203 4.380 4.552 4.719 5.047 5.551 6.059 6.570 7.085 7.603
3.718 4.173 4.624 5.073 5.519 5.962 6.402 6.839 7.244 7.566 7.878 8.182 8.477 8.764 9.032 9.250 9.448 9.626 9.783 9.920 9.890 9.319 8.760 8.213 7.678 7.155 6.644 6.144 5.657 5.181 4.718 4.266 4.028 4.360 4.697 5.039 5.386 5.737 6.094 6.455 6.821 7.193 7.569 7.949 8.072 7.591 7.118 6.653 6.196 5.747 5.306 4.873 4.448 4.031 3.622 3.221 3.028 3.224 3.414 3.599 3.779 3.954 4.124 4.289 4.448 4.603 4.752 4.896 5.177 5.698 6.221 6.748 7.279 7.814
3.777 4.222 4.663 5.102 5.538 5.971 6.401 6.827 7.224 7.494 7.743 7.971 8.180 8.368 8.536 8.683 8.811 8.918 9.004 9.071 9.071 8.554 8.048 7.554 7.072 6.602 6.144 5.698 5.263 4.841 4.430 4.032 3.749 4.103 4.462 4.826 5.194 5.568 5.946 6.329 6.718 7.110 7.508 7.911 8.161 7.716 7.278 6.849 6.427 6.014 5.608 5.211 4.821 4.440 4.066 3.701 3.462 3.634 3.802 3.964 4.121 4.273 4.420 4.562 4.698 4.830 4.956 5.077 5.304 5.840 6.380 6.923 7.470 8.020
3.851 4.308 4.753 5.186 5.607 6.016 6.414 6.800 7.171 7.370 7.548 7.706 7.844 7.961 8.059 8.135 8.192 8.228 8.244 8.240 8.229 7.776 7.323 6.883 6.454 6.037 5.632 5.239 4.857 4.488 4.130 3.785 3.466 3.841 4.222 4.608 4.998 5.393 5.794 6.199 6.608 7.023 7.443 7.867 8.241 7.831 7.429 7.035 6.649 6.271 5.901 5.539 5.185 4.839 4.501 4.171 3.900 4.050 4.195 4.334 4.468 4.597 4.721 4.840 4.953 5.062 5.165 5.263 5.427 5.979 6.534 7.093 7.656 8.222
4.123 4.538 4.942 5.333 5.713 6.082 6.438 6.782 7.115 7.265 7.373 7.460 7.527 7.574 7.600 7.607 7.593 7.558 7.504 7.429 7.347 6.986 6.587 6.199 5.823 5.459 5.107 4.767 4.439 4.122 3.818 3.525 3.245 3.575 3.977 4.384 4.797 5.214 5.636 6.062 6.494 6.931 7.372 7.818 8.269 7.939 7.572 7.214 6.863 6.520 6.186 5.859 5.541 5.230 4.927 4.632 4.346 4.470 4.592 4.708 4.820 4.926 5.027 5.122 5.213 5.298 5.379 5.474 5.619 6.205 6.770 7.312 7.832 8.330
4.405 4.779 5.141 5.492 5.831 6.158 6.473 6.776 7.068 7.179 7.216 7.232 7.229 7.205 7.161 7.097 7.012 6.908 6.783 6.637 6.485 6.184 5.838 5.503 5.180 4.869 4.570 4.283 4.008 3.744 3.493 3.253 3.025 3.303 3.727 4.156 4.590 5.029 5.473 5.921 6.375 6.833 7.296 7.764 8.237 8.037 7.706 7.383 7.068 6.761 6.462 6.170 5.887 5.612 5.344 5.085 4.834 4.895 4.983 5.065 5.156 5.257 5.367 5.486 5.615 5.752 5.900 6.056 6.222 6.688 7.154 7.598 8.020 8.420
4.697 5.030 5.352 5.661 5.959 6.244 6.518 6.781 7.031 7.111 7.078 7.024 6.950 6.855 6.741 6.606 6.451 6.276 6.081 5.865 5.641 5.370 5.077 4.795 4.525 4.267 4.021 3.787 3.564 3.354 3.155 2.968 2.793 3.026 3.472 3.923 4.379 4.839 5.305 5.775 6.250 6.730 7.215 7.704 8.199 8.128 7.832 7.544 7.264 6.997 6.734 6.466 6.193 5.916 5.633 5.347 5.055 5.067 5.181 5.305 5.437 5.579 5.731 5.892 6.062 6.241 6.430 6.628 6.836 7.192 7.560 7.906 8.230 8.531
5.000 5.292 5.572 5.841 6.097 6.342 6.575 6.796 7.005 7.063 6.958 6.834 6.689 6.525 6.340 6.134 5.909 5.663 5.398 5.112 4.817 4.544 4.303 4.074 3.858 3.652 3.459 3.278 3.108 2.951 2.805 2.671 2.549 2.744 3.212 3.684 4.162 4.644 5.131 5.623 6.149 6.701 7.250 7.797 8.342 8.407 8.141 7.871 7.596 7.316 7.032 6.743 6.449 6.151 5.847 5.540 5.227 5.214 5.369 5.534 5.708 5.892 6.085 6.287 6.499 6.720 6.950 7.190 7.438 7.717 7.987 8.235 8.461 8.664
5.314 5.565 5.804 6.031 6.246 6.450 6.642 6.822 6.990 7.032 6.858 6.663 6.448 6.213 5.957 5.682 5.386 5.070 4.734 4.378 4.013 3.705 3.518 3.342 3.178 3.025 2.885 2.756 2.640 2.535 2.442 2.423 2.440 2.667 3.226 3.783 4.337 4.888 5.436 5.982 6.525 7.065 7.603 8.138 8.670 8.814 8.527 8.236 7.940 7.640 7.334 7.024 6.710 6.390 6.066 5.737 5.404 5.350 5.547 5.754 5.969 6.194 6.429 6.673 6.926 7.188 7.460 7.741 8.031 8.264 8.436 8.585 8.713 8.819
5.638 5.848 6.046 6.232 6.406 6.569 6.720 6.859 6.986 7.021 6.776 6.510 6.225 5.920 5.594 5.248 4.882 4.496 4.089 3.663 3.227 2.855 2.894 3.046 3.168 3.260 3.323 3.355 3.358 3.330 3.273 3.186 3.069 3.129 3.676 4.220 4.762 5.302 5.838 6.372 6.903 7.432 7.958 8.481 9.001 9.226 8.918 8.606 8.289 7.968 7.641 7.310 6.975 6.634 6.289 5.940 5.585 5.477 5.715 5.963 6.220 6.487 6.763 7.048 7.343 7.646 7.960 8.282 8.614 8.831 8.905 8.957 8.987 8.994
5.973 6.142 6.299 6.444 6.577 6.699 6.809 6.907 6.993 7.028 6.712 6.377 6.021 5.645 5.260 5.038 4.875 4.770 4.725 4.738 4.780 4.839 4.888 4.907 4.896 4.854 4.784 4.683 4.552 4.392 4.201 3.981 3.731 3.592 4.128 4.660 5.190 5.718 6.243 6.765 7.284 7.801 8.315 8.826 9.335 9.642 9.314 8.980 8.643 8.300 7.953 7.601 7.244 6.883 6.517 6.147 5.772 5.594 5.874 6.163 6.462 6.770 7.087 7.414 7.750 8.095 8.449 8.813 9.186 9.420 9.396 9.350 9.282 9.192
6.318 6.446 6.562 6.666 6.758 6.839 6.908 6.959 6.959 6.935 6.631 6.378 6.184 6.049 5.972 5.955 5.996 6.096 6.255 6.473 6.721 6.989 6.913 6.799 6.654 6.480 6.276 6.042 5.778 5.485 5.161 4.808 4.425 4.058 4.582 5.103 5.621 6.136 6.649 7.160 7.667 8.172 8.674 9.174 9.671 10.063 9.713 9.359 9.001 8.637 8.269 7.896 7.519 7.137 6.750 6.358 5.962 5.701 6.022 6.353 6.693 7.042 7.401 7.769 8.146 8.533 8.929 9.334 9.749 10.030 9.908 9.764 9.599 9.411
6.675 6.757 6.816 6.851 6.864 6.852 6.818 6.760 6.678 6.574 6.469 6.421 6.432 6.502 6.630 6.817 7.063 7.368 7.731 8.154 8.607 9.082 8.969 8.722 8.444 8.137 7.800 7.433 7.036 6.609 6.153 5.666 5.150 4.604 5.038 5.547 6.053 6.557 7.058 7.557 8.052 8.545 9.036 9.523 10.009 10.488 10.118 9.743 9.363 8.979 8.590 8.196 7.798 7.395 6.987 6.575 6.158 5.798 6.161 6.533 6.915 7.305 7.705 8.115 8.533 8.961 9.399 9.845 10.301 10.661 10.441 10.200 9.936 9.651
7.068 7.068 7.046 7.000 6.931 6.838 6.722 6.583 6.420 6.234 6.254 6.411 6.626 6.900 7.233 7.625 8.075 8.585 9.152 9.779 10.438 11.119 11.056 10.676 10.265 9.825 9.354 8.854 8.325 7.765 7.176 6.557 5.908 5.229 5.496 5.993 6.488 6.980 7.469 7.956 8.440 8.921 9.400 9.876 10.349 10.819 10.526 10.131 9.730 9.325 8.915 8.500 8.081 7.657 7.229 6.796 6.358 5.915 6.290 6.703 7.126 7.558 8.000 8.450 8.910 9.380 9.858 10.346 10.809 11.188 10.995 10.957 11.072 11.340
7.482 7.401 7.297 7.170 7.019 6.845 6.648 6.428 6.184 5.917 5.985 6.347 6.767 7.245 7.783 8.379 9.033 9.747 10.519 11.349 12.214 13.102 13.174 12.660 12.117 11.544 10.941 10.308 9.645 8.953 8.231 7.479 6.697 5.885 5.957 6.442 6.925 7.405 7.883 8.357 8.830 9.299 9.766 10.230 10.691 11.150 10.940 10.523 10.102 9.675 9.245 8.809 8.369 7.925 7.475 7.021 6.562 6.099 6.409 6.875 7.350 7.810 8.256 8.687 9.105 9.507 9.896 10.270 10.630 10.975 11.458 12.100 12.895 13.843
7.917 7.755 7.570 7.361 7.129 6.874 6.596 6.294 5.969 5.621 5.663 6.229 6.853 7.536 8.278 9.078 9.937 10.854 11.830 12.865 13.934 15.028 15.323 14.676 14.000 13.294 12.558 11.792 10.997 10.172 9.317 8.432 7.518 6.574 6.419 6.893 7.364 7.832 8.298 8.761 9.222 9.679 10.134 10.587 11.036 11.483 11.357 10.920 10.478 10.031 9.560 9.073 8.609 8.167 7.748 7.351 6.976 6.624 6.857 7.282 7.693 8.090 8.472 8.841 9.194 9.534 9.859 10.169 10.466 10.748 11.768 13.090 14.564 16.192
8.374 8.130 7.864 7.574 7.261 6.925 6.565 6.182 5.776 5.347 5.288 6.058 6.886 7.773 8.719 9.723 10.786 11.907 13.087 14.326 15.600 16.900 17.502 16.723 15.914 15.075 14.207 13.308 12.380 11.422 10.435 9.418 8.371 7.294 6.884 7.346 7.805 8.262 8.716 9.167 9.616 10.041 10.412 10.754 11.069 11.355 11.217 10.740 10.286 9.853 9.443 9.056 8.691 8.348 8.027 7.729 7.453 7.199 7.342 7.704 8.051 8.384 8.703 9.008 9.298 9.574 9.836 10.083 10.316 10.534 11.926 13.926 16.080 18.387
8.851 8.527 8.179 7.809 7.414 6.997 6.556 6.092 5.605 5.095 4.859 5.833 6.865 7.956 9.106 10.314 11.581 12.906 14.289 15.732 17.211 18.717 19.712 18.800 17.859 16.887 15.886 14.855 13.795 12.705 11.585 10.435 9.246 8.066 7.438 7.882 8.297 8.684 9.042 9.373 9.675 9.949 10.195 10.413 10.602 10.763 10.682 10.304 9.948 9.615 9.304 9.015 8.749 8.505 8.283 8.084 7.906 7.752 7.840 8.139 8.423 8.693 8.948 9.189 9.416 9.629 9.827 10.011 10.180 10.336 11.930 14.609 17.442 20.427
9.351 8.945 8.516 8.064 7.589 7.091 6.569 6.024 5.456 4.865 4.377 5.555 6.791 8.086 9.439 10.851 12.321 13.850 15.437 17.083 18.767 20.479 21.953 20.761 19.361 18.009 16.706 15.450 14.243 13.083 11.972 10.909 9.894 8.927 8.253 8.571 8.861 9.123 9.356 9.562 9.739 9.888 10.009 10.101 10.166 10.202 10.124 9.845 9.588 9.353 9.141 8.951 8.784 8.638 8.515 8.415 8.336 8.280 8.353 8.588 8.809 9.015 9.207 9.385 9.549 9.698 9.833 9.953 10.060 10.151 11.782 15.140 18.650 22.314
9.871 9.384 8.875 8.342 7.785 7.206 6.603 5.977 5.328 4.656 3.961 5.223 6.663 8.162 9.718 11.308 12.734 14.121 15.467 16.774 18.069 19.356 20.611 19.436 18.250 17.111 16.021 14.979 13.984 13.038 12.140 11.290 10.488 9.734 9.097 9.290 9.455 9.592 9.700 9.781 9.833 9.857 9.853 9.821 9.760 9.671 9.543 9.363 9.205 9.069 8.956 8.864 8.795 8.749 8.725 8.722 8.743 8.785 8.880 9.052 9.209 9.352 9.481 9.595 9.695 9.781 9.853 9.910 9.953 9.982 11.482 15.517 19.705 24.046
10.413 9.845 9.254 8.640 8.003 7.343 6.659 5.953 5.222 4.495 3.794 4.871 6.319 7.726 9.094 10.423 11.712 12.961 14.170 15.340 16.497 17.645 18.762 18.060 17.086 16.161 15.284 14.454 13.673 12.940 12.255 11.618 11.029 10.488 9.995 10.039 10.079 10.091 10.074 10.030 9.957 9.856 9.727 9.570 9.385 9.171 8.939 8.858 8.799 8.762 8.747 8.754 8.784 8.836 8.910 9.007 9.125 9.267 9.421 9.529 9.623 9.703 9.768 9.819 9.856 9.879 9.887 9.881 9.861 9.826 11.030 15.742 20.608 25.626
10.975 10.274 9.457 8.665 7.899 7.159 6.444 5.755 5.091 4.454 3.841 4.571 5.881 7.152 8.383 9.574 10.726 11.838 12.910 13.943 14.962 15.972 16.950 16.631 15.870 15.158 14.494 13.878 13.310 12.789 12.317 11.893 11.517 11.189 10.909 10.818 10.733 10.620 10.478 10.309 10.111 9.886 9.632 9.350 9.040 8.702 8.336 8.330 8.369 8.431 8.515 8.621 8.749 8.900 9.073 9.268 9.485 9.724 9.975 10.020 10.051 10.068 10.070 10.058 10.031 9.991 9.936 9.867 9.783 9.685 10.426 15.815 21.357 27.051
10.252 9.498 8.770 8.067 7.390 6.739 6.113 5.512 4.938 4.389 3.865 4.307 5.480 6.614 7.708 8.762 9.777 10.752 11.687 12.583 13.464 14.336 15.176 15.150 14.603 14.103 13.652 13.249 12.893 12.586 12.326 12.115 11.952 11.836 11.769 11.626 11.416 11.178 10.912 10.618 10.296 9.946 9.567 9.161 8.726 8.263 7.772 7.780 7.918 8.078 8.260 8.465 8.691 8.940 9.212 9.505 9.821 10.159 10.519 10.526 10.493 10.446 10.385 10.310 10.221 10.117 9.999 9.866 9.720 9.559 9.653 15.468 21.138 26.661
9.364 8.699 8.060 7.446 6.858 6.295 5.758 5.247 4.761 4.301 3.866 4.080 5.116 6.112 7.069 7.986 8.864 9.702 10.501 11.260 12.004 12.737 13.439 13.618 13.283 12.997 12.758 12.567 12.424 12.330 12.283 12.284 12.333 12.430 12.575 12.464 12.129 11.767 11.376 10.957 10.510 10.035 9.532 9.001 8.442 7.855 7.239 7.206 7.443 7.701 7.982 8.285 8.610 8.958 9.327 9.719 10.133 10.570 11.028 11.045 10.949 11.019 11.342 11.525 11.569 11.474 11.239 10.865 10.351 9.697 8.904 13.682 18.708 23.589
8.453 7.877 7.327 6.802 6.302 5.829 5.380 4.958 4.561 4.189 3.843 3.888 4.787 5.647 6.467 7.247 7.988 8.690 9.352 9.974 10.580 11.175 11.739 12.033 11.912 11.838 11.811 11.833 11.903 12.021 12.186 12.400 12.661 12.971 13.328 13.331 12.872 12.385 11.870 11.326 10.755 10.155 9.528 8.872 8.189 7.477 6.737 6.610 6.945 7.302 7.681 8.083 8.651 9.630 10.701 11.864 13.118 14.464 15.901 16.414 16.399 16.244 15.950 15.517 14.944 14.232 13.380 12.389 11.259 9.989 8.579 12.042 16.425 20.663
7.520 7.033 6.571 6.135 5.724 5.339 4.980 4.646 4.337 4.055 3.797 3.733 4.495 5.218 5.901 6.545 7.149 7.714 8.239 8.725 9.194 9.650 10.076 10.398 10.488 10.627 10.813 11.047 11.329 11.659 12.037 12.463 12.936 13.458 14.027 14.228 13.644 13.033 12.393 11.725 11.029 10.305 9.554 8.830 8.264 7.716 7.186 7.315 8.241 9.259 10.368 11.569 12.861 14.245 15.721 17.288 18.947 20.697 22.539 23.009 22.377 21.606 20.695 19.645 18.455 17.127 15.659 14.051 12.305 10.419 8.393 10.547 14.288 17.883
