DATA/SHG/ECMWF/20170628/EN-25/20170629.en-25.asc
ncols        190
nrows        64
xllcorner    -5100000.000000000000
yllcorner    4130000.000000000000
cellsize     10000.000000000000
NODATA_value  -99999.000
[rows 0 to 32 of 64, columns 0 to 73 of 190]
3.332 3.263 3.185 3.097 3.001 2.897 2.783 2.660 2.529 2.397 2.270 2.144 2.022 1.901 1.783 1.668 1.555 1.444 1.335 1.346 1.387 1.450 1.525 1.599 1.670 1.741 1.809 1.876 1.942 2.005 2.068 2.128 2.187 2.283 2.395 2.495 2.584 2.661 2.727 2.781 2.824 2.856 2.876 2.885 2.882 2.872 2.870 2.874 2.885 2.903 2.927 2.958 2.995 3.039 3.090 3.147 3.211 3.254 3.258 3.252 3.234 3.207 3.168 3.119 3.060 2.989 2.908 2.817 2.715 2.671 2.748 2.842 2.953 3.081
2.621 2.520 2.411 2.293 2.165 2.029 1.884 1.730 1.568 1.428 1.309 1.193 1.269 1.342 1.405 1.460 1.505 1.541 1.567 1.585 1.593 1.632 1.701 1.769 1.835 1.899 1.962 2.024 2.083 2.141 2.198 2.253 2.306 2.371 2.442 2.502 2.550 2.587 2.613 2.627 2.630 2.621 2.601 2.569 2.526 2.501 2.522 2.550 2.584 2.625 2.672 2.726 2.787 2.855 2.929 3.009 3.096 3.151 3.118 3.074 3.020 2.954 2.879 2.792 2.696 2.588 2.470 2.341 2.202 2.121 2.258 2.412 2.582 2.769
1.921 1.789 1.648 1.499 1.372 1.383 1.408 1.447 1.501 1.569 1.637 1.696 1.745 1.785 1.816 1.838 1.851 1.854 1.848 1.833 1.809 1.815 1.878 1.940 2.001 2.060 2.117 2.173 2.226 2.279 2.330 2.379 2.426 2.470 2.501 2.521 2.529 2.526 2.511 2.485 2.447 2.398 2.338 2.266 2.183 2.123 2.168 2.219 2.276 2.340 2.411 2.489 2.573 2.664 2.761 2.865 2.975 3.058 2.988 2.907 2.815 2.713 2.600 2.476 2.342 2.198 2.042 1.876 1.773 1.722 1.978 2.233 2.486 2.738
1.631 1.635 1.653 1.686 1.733 1.793 1.868 1.957 2.061 2.153 2.188 2.214 2.231 2.239 2.237 2.226 2.206 2.177 2.139 2.091 2.034 1.999 2.057 2.114 2.168 2.221 2.273 2.323 2.371 2.418 2.463 2.506 2.548 2.581 2.572 2.551 2.519 2.476 2.421 2.354 2.277 2.187 2.087 1.975 1.851 1.739 1.807 1.881 1.962 2.050 2.144 2.245 2.352 2.466 2.587 2.714 2.848 2.976 2.869 2.750 2.622 2.494 2.375 2.264 2.161 2.067 1.981 1.903 1.834 1.773 2.019 2.270 2.520 2.768
1.775 1.830 1.898 1.980 2.077 2.188 2.313 2.451 2.605 2.746 2.748 2.742 2.726 2.701 2.667 2.623 2.571 2.509 2.438 2.358 2.269 2.185 2.237 2.288 2.337 2.384 2.430 2.474 2.517 2.558 2.598 2.635 2.672 2.703 2.654 2.593 2.521 2.437 2.342 2.236 2.118 1.988 1.848 1.695 1.532 1.357 1.441 1.538 1.643 1.753 1.871 1.995 2.125 2.261 2.394 2.522 2.646 2.766 2.664 2.549 2.443 2.344 2.254 2.172 2.099 2.034 1.977 1.928 1.887 1.855 2.062 2.309 2.554 2.799
1.904 2.009 2.127 2.259 2.405 2.566 2.741 2.929 3.132 3.347 3.317 3.278 3.230 3.172 3.106 3.030 2.945 2.850 2.747 2.634 2.513 2.382 2.419 2.464 2.507 2.549 2.589 2.628 2.665 2.700 2.734 2.766 2.796 2.825 2.748 2.647 2.534 2.411 2.275 2.129 1.971 1.801 1.620 1.428 1.224 1.009 1.081 1.227 1.370 1.508 1.642 1.772 1.898 2.021 2.139 2.253 2.363 2.468 2.419 2.334 2.256 2.187 2.126 2.073 2.028 1.992 1.964 1.944 1.933 1.930 2.105 2.348 2.590 2.830
2.018 2.172 2.340 2.522 2.718 2.928 3.153 3.391 3.644 3.910 3.896 3.824 3.743 3.653 3.554 3.446 3.328 3.201 3.065 2.920 2.766 2.603 2.602 2.641 2.679 2.715 2.749 2.782 2.814 2.843 2.871 2.898 2.923 2.946 2.853 2.712 2.560 2.396 2.220 2.027 1.830 1.637 1.448 1.262 1.081 0.903 0.943 1.076 1.204 1.328 1.448 1.564 1.676 1.784 1.888 1.988 2.084 2.176 2.167 2.110 2.062 2.021 1.989 1.965 1.950 1.943 1.944 1.953 1.970 1.996 2.149 2.388 2.626 2.863
2.115 2.319 2.537 2.768 3.014 3.274 3.549 3.837 4.139 4.455 4.483 4.379 4.265 4.143 4.011 3.870 3.720 3.561 3.393 3.215 3.029 2.833 2.786 2.820 2.852 2.882 2.911 2.938 2.964 2.988 3.010 3.031 3.009 2.972 2.832 2.630 2.431 2.235 2.044 1.857 1.674 1.494 1.318 1.147 0.979 0.815 0.810 0.928 1.042 1.152 1.258 1.360 1.458 1.552 1.642 1.727 1.809 1.887 1.907 1.879 1.860 1.848 1.845 1.850 1.864 1.885 1.915 1.954 2.000 2.055 2.195 2.430 2.663 2.896
2.197 2.450 2.718 2.999 3.295 3.605 3.929 4.266 4.618 4.984 5.079 4.943 4.797 4.642 4.478 4.305 4.122 3.931 3.730 3.520 3.301 3.073 2.972 3.000 3.026 2.998 2.965 2.930 2.895 2.858 2.821 2.782 2.742 2.701 2.590 2.401 2.216 2.034 1.857 1.683 1.513 1.347 1.185 1.027 0.873 0.723 0.680 0.784 0.884 0.980 1.072 1.160 1.244 1.324 1.399 1.471 1.539 1.603 1.639 1.640 1.650 1.667 1.693 1.727 1.770 1.820 1.879 1.946 2.022 2.105 2.241 2.472 2.702 2.931
2.263 2.566 2.883 3.214 3.560 3.919 4.292 4.680 5.082 5.497 5.685 5.516 5.338 5.150 4.954 4.748 4.533 4.298 3.984 3.674 3.368 3.066 2.864 2.830 2.795 2.759 2.722 2.684 2.645 2.605 2.563 2.521 2.477 2.432 2.345 2.169 1.997 1.830 1.666 1.506 1.349 1.197 1.049 0.904 0.764 0.627 0.555 0.645 0.731 0.813 0.891 0.964 1.034 1.100 1.162 1.219 1.273 1.323 1.364 1.394 1.432 1.479 1.534 1.597 1.668 1.747 1.835 1.931 2.035 2.148 2.288 2.515 2.741 2.966
2.313 2.666 3.033 3.414 3.808 4.217 4.640 5.077 5.529 5.994 6.256 5.927 5.603 5.283 4.967 4.655 4.347 4.043 3.744 3.448 3.157 2.869 2.638 2.601 2.562 2.522 2.481 2.440 2.396 2.352 2.307 2.261 2.213 2.165 2.096 1.934 1.776 1.621 1.471 1.325 1.182 1.043 0.908 0.778 0.650 0.527 0.434 0.510 0.582 0.650 0.713 0.773 0.829 0.880 0.928 0.972 1.011 1.047 1.081 1.140 1.207 1.283 1.366 1.458 1.558 1.667 1.783 1.908 2.041 2.183 2.336 2.559 2.781 3.002
2.348 2.750 3.166 3.576 3.959 4.327 4.682 5.023 5.349 5.662 5.897 5.583 5.273 4.967 4.665 4.368 4.074 3.785 3.499 3.218 2.941 2.668 2.414 2.373 2.330 2.287 2.242 2.196 2.150 2.102 2.053 2.003 1.951 1.899 1.843 1.694 1.550 1.409 1.273 1.140 1.011 0.886 0.764 0.647 0.534 0.424 0.318 0.379 0.437 0.490 0.540 0.586 0.628 0.665 0.699 0.728 0.754 0.776 0.793 0.878 0.974 1.079 1.191 1.312 1.441 1.578 1.724 1.866 1.997 2.122 2.241 2.417 2.599 2.782
2.386 2.762 3.123 3.471 3.804 4.123 4.429 4.720 4.997 5.260 5.509 5.234 4.939 4.647 4.360 4.077 3.798 3.522 3.251 2.984 2.721 2.463 2.208 2.146 2.100 2.053 2.004 1.955 1.904 1.852 1.800 1.746 1.691 1.635 1.578 1.452 1.321 1.194 1.071 0.951 0.836 0.725 0.617 0.513 0.413 0.317 0.225 0.252 0.296 0.336 0.371 0.403 0.431 0.454 0.474 0.489 0.501 0.509 0.512 0.609 0.756 0.908 1.055 1.195 1.329 1.457 1.579 1.694 1.804 1.907 2.005 2.170 2.354 2.540
2.445 2.771 3.083 3.381 3.665 3.935 4.191 4.433 4.660 4.874 5.074 4.882 4.601 4.324 4.051 3.782 3.517 3.256 2.999 2.747 2.498 2.254 2.013 1.921 1.871 1.820 1.768 1.715 1.660 1.605 1.548 1.490 1.432 1.372 1.311 1.205 1.088 0.975 0.865 0.759 0.658 0.560 0.466 0.375 0.289 0.206 0.128 0.130 0.159 0.185 0.207 0.224 0.238 0.279 0.324 0.368 0.411 0.453 0.493 0.603 0.740 0.871 0.996 1.115 1.227 1.334 1.434 1.529 1.617 1.699 1.775 1.922 2.109 2.297
2.519 2.796 3.058 3.307 3.541 3.762 3.968 4.161 4.339 4.504 4.654 4.526 4.259 3.996 3.738 3.483 3.232 2.986 2.743 2.505 2.271 2.041 1.814 1.698 1.644 1.589 1.533 1.476 1.418 1.359 1.298 1.237 1.174 1.111 1.046 0.955 0.852 0.752 0.656 0.564 0.476 0.391 0.311 0.234 0.161 0.092 0.056 0.069 0.117 0.164 0.210 0.255 0.298 0.340 0.381 0.421 0.459 0.496 0.532 0.614 0.729 0.839 0.943 1.040 1.131 1.217 1.296 1.369 1.436 1.496 1.551 1.674 1.863 2.054
2.608 2.836 3.049 3.248 3.433 3.604 3.762 3.905 4.034 4.149 4.250 4.166 3.914 3.665 3.421 3.180 2.944 2.712 2.484 2.260 2.040 1.824 1.612 1.476 1.418 1.360 1.300 1.239 1.177 1.114 1.050 0.984 0.918 0.851 0.782 0.702 0.612 0.526 0.450 0.416 0.381 0.345 0.309 0.273 0.236 0.198 0.160 0.158 0.202 0.245 0.286 0.326 0.365 0.403 0.439 0.474 0.508 0.541 0.572 0.631 0.725 0.813 0.896 0.972 1.042 1.106 1.163 1.215 1.261 1.300 1.334 1.425 1.618 1.810
2.713 2.891 3.055 3.205 3.341 3.462 3.570 3.664 3.744 3.810 3.862 3.802 3.564 3.330 3.100 2.874 2.652 2.434 2.220 2.010 1.804 1.603 1.405 1.255 1.194 1.131 1.068 1.003 0.937 0.871 0.803 0.747 0.724 0.706 0.693 0.675 0.640 0.605 0.569 0.533 0.496 0.459 0.421 0.383 0.344 0.305 0.265 0.248 0.288 0.326 0.363 0.399 0.433 0.467 0.499 0.529 0.559 0.587 0.613 0.653 0.726 0.793 0.854 0.909 0.958 1.000 1.037 1.067 1.092 1.110 1.122 1.177 1.371 1.567
2.833 2.962 3.076 3.177 3.263 3.336 3.395 3.439 3.470 3.486 3.489 3.435 3.211 2.991 2.775 2.563 2.356 2.152 1.952 1.757 1.565 1.378 1.195 1.036 0.982 0.944 0.910 0.880 0.855 0.835 0.819 0.808 0.801 0.799 0.801 0.800 0.764 0.727 0.689 0.651 0.613 0.573 0.534 0.494 0.453 0.412 0.370 0.340 0.375 0.409 0.441 0.473 0.503 0.531 0.559 0.585 0.610 0.634 0.656 0.682 0.734 0.779 0.819 0.853 0.880 0.901 0.917 0.926 0.929 0.926 0.916 0.928 1.125 1.322
2.968 3.048 3.113 3.164 3.202 3.225 3.234 3.230 3.211 3.179 3.132 3.064 2.854 2.648 2.447 2.249 2.056 1.879 1.713 1.552 1.395 1.242 1.093 0.954 0.926 0.904 0.886 0.872 0.863 0.859 0.859 0.864 0.873 0.887 0.905 0.926 0.888 0.849 0.809 0.769 0.729 0.688 0.647 0.605 0.562 0.519 0.476 0.433 0.463 0.493 0.521 0.548 0.573 0.598 0.621 0.642 0.663 0.682 0.700 0.717 0.747 0.771 0.790 0.802 0.808 0.808 0.802 0.790 0.772 0.747 0.717 0.680 0.878 1.078
3.119 3.149 3.165 3.167 3.155 3.129 3.090 3.036 2.968 2.886 2.802 2.714 2.547 2.375 2.207 2.043 1.884 1.729 1.579 1.432 1.290 1.152 1.018 0.889 0.866 0.859 0.857 0.859 0.866 0.878 0.894 0.915 0.940 0.970 1.004 1.043 1.012 0.971 0.930 0.888 0.846 0.803 0.760 0.716 0.672 0.627 0.582 0.536 0.553 0.578 0.601 0.624 0.645 0.665 0.683 0.701 0.717 0.731 0.745 0.757 0.766 0.769 0.766 0.757 0.742 0.721 0.694 0.660 0.621 0.575 0.524 0.466 0.630 0.833
3.284 3.265 3.232 3.168 3.098 3.023 2.943 2.858 2.768 2.672 2.572 2.466 2.318 2.161 2.008 1.860 1.715 1.575 1.440 1.308 1.181 1.058 0.939 0.825 0.801 0.810 0.824 0.842 0.865 0.892 0.924 0.961 1.002 1.048 1.098 1.153 1.137 1.094 1.051 1.007 0.963 0.919 0.874 0.828 0.782 0.735 0.688 0.640 0.643 0.664 0.683 0.701 0.718 0.733 0.747 0.760 0.772 0.782 0.791 0.799 0.791 0.773 0.749 0.719 0.682 0.640 0.591 0.544 0.506 0.465 0.422 0.376 0.516 0.720
3.303 3.230 3.153 3.070 2.982 2.889 2.791 2.688 2.579 2.466 2.347 2.223 2.085 1.943 1.805 1.671 1.542 1.417 1.296 1.180 1.068 0.960 0.856 0.756 0.731 0.756 0.786 0.820 0.859 0.902 0.950 1.003 1.060 1.121 1.187 1.258 1.261 1.217 1.172 1.127 1.081 1.034 0.988 0.940 0.892 0.844 0.795 0.745 0.735 0.751 0.766 0.779 0.792 0.803 0.812 0.821 0.828 0.834 0.838 0.842 0.825 0.796 0.763 0.729 0.692 0.652 0.610 0.565 0.518 0.469 0.417 0.363 0.449 0.629
3.265 3.175 3.079 2.978 2.872 2.761 2.645 2.524 2.397 2.265 2.128 1.986 1.848 1.720 1.598 1.479 1.365 1.255 1.149 1.047 0.950 0.857 0.768 0.683 0.656 0.697 0.743 0.793 0.848 0.907 0.971 1.039 1.112 1.190 1.272 1.358 1.387 1.341 1.294 1.247 1.199 1.151 1.102 1.053 1.003 0.953 0.902 0.850 0.828 0.840 0.850 0.859 0.867 0.866 0.864 0.866 0.872 0.882 0.896 0.914 0.909 0.871 0.830 0.787 0.741 0.693 0.642 0.589 0.533 0.475 0.415 0.352 0.390 0.545
3.233 3.125 3.011 2.892 2.768 2.639 2.505 2.365 2.221 2.071 1.916 1.756 1.606 1.494 1.386 1.282 1.183 1.088 0.997 0.910 0.828 0.750 0.676 0.606 0.577 0.634 0.695 0.762 0.832 0.907 0.987 1.072 1.160 1.254 1.352 1.454 1.512 1.464 1.416 1.367 1.317 1.267 1.217 1.166 1.114 1.062 0.988 0.909 0.852 0.844 0.840 0.840 0.844 0.852 0.864 0.880 0.901 0.925 0.953 0.986 0.995 0.948 0.899 0.847 0.793 0.736 0.677 0.615 0.551 0.484 0.415 0.343 0.337 0.467
3.208 3.081 2.949 2.812 2.670 2.523 2.370 2.213 2.050 1.882 1.709 1.531 1.360 1.263 1.170 1.081 0.997 0.917 0.841 0.769 0.701 0.638 0.579 0.524 0.493 0.566 0.643 0.725 0.812 0.903 0.999 1.099 1.204 1.313 1.426 1.545 1.638 1.589 1.538 1.454 1.367 1.283 1.200 1.120 1.042 0.966 0.892 0.820 0.764 0.770 0.780 0.794 0.812 0.834 0.861 0.891 0.925 0.964 1.006 1.053 1.084 1.028 0.970 0.910 0.847 0.781 0.713 0.643 0.570 0.495 0.417 0.337 0.292 0.396
3.186 3.043 2.893 2.738 2.577 2.412 2.242 2.066 1.885 1.699 1.508 1.312 1.111 1.028 0.950 0.876 0.807 0.741 0.680 0.623 0.571 0.522 0.478 0.438 0.404 0.493 0.586 0.684 0.787 0.894 1.005 1.121 1.215 1.306 1.393 1.477 1.554 1.468 1.384 1.303 1.224 1.147 1.072 0.999 0.929 0.860 0.794 0.730 0.671 0.691 0.716 0.744 0.776 0.813 0.853 0.897 0.946 0.999 1.055 1.116 1.174 1.110 1.044 0.974 0.903 0.829 0.752 0.674 0.592 0.508 0.422 0.333 0.253 0.332
3.154 3.010 2.842 2.669 2.491 2.307 2.119 1.925 1.726 1.522 1.313 1.099 0.879 0.789 0.726 0.667 0.612 0.562 0.515 0.474 0.436 0.402 0.373 0.348 0.328 0.419 0.522 0.621 0.717 0.810 0.899 0.985 1.067 1.145 1.221 1.292 1.361 1.300 1.224 1.150 1.079 1.009 0.942 0.877 0.814 0.753 0.694 0.638 0.584 0.609 0.647 0.690 0.736 0.787 0.841 0.900 0.963 1.029 1.100 1.175 1.254 1.194 1.119 1.042 0.961 0.879 0.794 0.706 0.616 0.524 0.429 0.332 0.232 0.275
3.122 2.983 2.797 2.606 2.410 2.208 2.002 1.790 1.573 1.351 1.124 0.892 0.654 0.546 0.497 0.453 0.413 0.389 0.389 0.384 0.376 0.363 0.346 0.324 0.299 0.359 0.449 0.537 0.621 0.701 0.778 0.852 0.922 0.989 1.052 1.111 1.168 1.130 1.062 0.995 0.931 0.869 0.810 0.752 0.697 0.644 0.592 0.543 0.497 0.523 0.575 0.632 0.692 0.757 0.826 0.898 0.975 1.056 1.141 1.230 1.323 1.281 1.197 1.111 1.022 0.931 0.838 0.742 0.643 0.542 0.439 0.333 0.225 0.225
3.091 2.962 2.758 2.549 2.335 2.115 1.891 1.661 1.426 1.186 0.984 0.804 0.590 0.485 0.486 0.484 0.477 0.466 0.451 0.432 0.409 0.382 0.350 0.314 0.274 0.302 0.381 0.456 0.528 0.597 0.662 0.723 0.781 0.836 0.887 0.934 0.978 0.958 0.897 0.839 0.782 0.728 0.676 0.626 0.578 0.532 0.489 0.447 0.408 0.432 0.499 0.570 0.645 0.723 0.806 0.893 0.984 1.079 1.178 1.281 1.388 1.370 1.278 1.183 1.086 0.986 0.884 0.779 0.672 0.562 0.451 0.336 0.219 0.181
3.060 2.947 2.725 2.620 2.560 2.465 2.336 2.173 1.976 1.745 1.479 1.180 0.846 0.625 0.612 0.595 0.573 0.548 0.518 0.485 0.447 0.405 0.358 0.308 0.254 0.250 0.316 0.380 0.439 0.496 0.549 0.598 0.644 0.686 0.725 0.761 0.793 0.784 0.731 0.680 0.631 0.584 0.539 0.497 0.457 0.419 0.383 0.349 0.317 0.338 0.419 0.504 0.593 0.686 0.783 0.884 0.989 1.098 1.211 1.328 1.449 1.461 1.360 1.257 1.151 1.043 0.932 0.819 0.701 0.580 0.464 0.351 0.242 0.205
4.139 4.249 4.137 3.991 3.810 3.596 3.347 3.064 2.748 2.396 2.011 1.592 1.138 0.769 0.741 0.710 0.674 0.634 0.590 0.541 0.489 0.432 0.371 0.307 0.237 0.201 0.255 0.307 0.354 0.398 0.439 0.477 0.510 0.541 0.568 0.591 0.611 0.608 0.563 0.519 0.478 0.438 0.401 0.366 0.334 0.303 0.275 0.248 0.224 0.240 0.335 0.434 0.537 0.644 0.755 0.870 0.989 1.113 1.240 1.371 1.506 1.541 1.407 1.277 1.151 1.029 0.910 0.795 0.684 0.577 0.474 0.374 0.279 0.242
5.771 5.895 5.663 5.397 5.097 4.763 4.394 3.992 3.555 3.084 2.579 2.040 1.467 0.917 0.875 0.829 0.778 0.724 0.665 0.602 0.535 0.464 0.389 0.309 0.226 0.156 0.198 0.237 0.273 0.305 0.334 0.359 0.381 0.399 0.414 0.425 0.433 0.431 0.392 0.356 0.323 0.291 0.261 0.234 0.209 0.186 0.165 0.146 0.129 0.138 0.247 0.360 0.478 0.599 0.733 0.866 0.991 1.106 1.212 1.308 1.396 1.428 1.308 1.191 1.078 0.969 0.864 0.762 0.664 0.570 0.480 0.394 0.311 0.272
7.406 7.535 7.225 6.839 6.419 5.965 5.477 4.955 4.399 3.808 3.184 2.525 1.833 1.106 1.013 0.952 0.887 0.818 0.745 0.668 0.586 0.500 0.411 0.317 0.218 0.116 0.144 0.171 0.195 0.215 0.232 0.245 0.255 0.261 0.264 0.263 0.259 0.251 0.220 0.192 0.165 0.141 0.119 0.099 0.082 0.066 0.053 0.085 0.127 0.166 0.314 0.452 0.582 0.702 0.812 0.914 1.006 1.089 1.162 1.226 1.281 1.313 1.205 1.102 1.002 0.906 0.814 0.726 0.641 0.560 0.483 0.410 0.340 0.296
