DATA/SHG/ECMWF/20170628/EN-25/20170712.en-25.asc
ncols        190
nrows        64
xllcorner    -5100000.000000000000
yllcorner    4130000.000000000000
cellsize     10000.000000000000
NODATA_value  -99999.000
[rows 0 to 32 of 64, columns 75 to 149 of 190]
4.817 5.055 5.297 5.540 5.786 6.034 6.290 6.547 6.786 7.015 7.233 7.440 7.636 7.822 7.996 8.160 8.314 8.456 8.534 8.442 8.360 8.285 8.216 8.153 8.096 8.045 8.000 7.961 7.928 7.901 8.020 8.578 9.107 9.606 10.077 10.518 10.930 11.313 11.667 11.992 12.287 12.553 12.654 12.334 12.027 11.734 11.454 11.188 10.936 10.697 10.472 10.260 10.062 9.878 9.629 9.165 8.717 8.284 7.866 7.464 7.076 6.705 6.348 6.007 5.681 5.371 5.142 5.109 5.079 5.052 5.030 5.011 4.996 4.984 4.976
4.969 5.237 5.489 5.724 5.943 6.146 6.339 6.552 6.753 6.944 7.125 7.294 7.453 7.601 7.738 7.864 7.980 8.085 8.162 8.096 8.042 7.993 7.951 7.915 7.885 7.861 7.843 7.831 7.825 7.825 7.881 8.308 8.707 9.076 9.416 9.727 10.009 10.262 10.485 10.680 10.845 10.981 11.042 10.782 10.536 10.304 10.085 9.880 9.689 9.511 9.347 9.196 9.059 8.936 8.784 8.389 8.009 7.644 7.295 6.961 6.642 6.338 6.050 5.777 5.520 5.278 5.081 5.064 5.051 5.041 5.035 5.032 5.034 5.038 5.047
5.370 5.581 5.775 5.953 6.115 6.260 6.391 6.566 6.730 6.884 7.026 7.158 7.279 7.390 7.489 7.578 7.656 7.724 7.780 7.743 7.716 7.695 7.680 7.671 7.668 7.671 7.680 7.695 7.716 7.743 7.776 8.071 8.340 8.579 8.789 8.969 9.121 9.243 9.337 9.401 9.436 9.442 9.417 9.219 9.034 8.862 8.705 8.560 8.430 8.313 8.210 8.120 8.044 7.981 7.925 7.598 7.286 6.990 6.709 6.443 6.192 5.957 5.737 5.533 5.343 5.169 5.037 5.079 5.125 5.174 5.227 5.284 5.345 5.409 5.477
5.785 5.939 6.076 6.196 6.301 6.388 6.460 6.591 6.717 6.833 6.938 7.033 7.116 7.189 7.251 7.302 7.343 7.373 7.392 7.385 7.385 7.391 7.403 7.420 7.444 7.474 7.510 7.552 7.600 7.654 7.714 7.867 8.005 8.113 8.193 8.244 8.265 8.258 8.221 8.155 8.060 7.936 7.783 7.643 7.519 7.408 7.311 7.228 7.158 7.102 7.060 7.031 7.016 7.014 7.026 6.792 6.549 6.399 6.320 6.232 6.135 6.030 5.915 5.792 5.659 5.518 5.367 5.411 5.473 5.539 5.609 5.683 5.760 5.841 5.926
6.216 6.312 6.391 6.455 6.502 6.532 6.546 6.625 6.714 6.792 6.860 6.917 6.963 6.998 7.023 7.037 7.040 7.032 7.014 7.020 7.047 7.080 7.119 7.164 7.214 7.271 7.334 7.403 7.478 7.559 7.646 7.694 7.702 7.681 7.631 7.551 7.443 7.305 7.139 6.943 6.718 6.464 6.181 6.055 5.992 5.942 5.906 5.883 6.002 6.226 6.449 6.673 6.896 7.119 7.342 7.314 7.213 7.103 6.984 6.856 6.719 6.574 6.419 6.256 6.084 5.903 5.712 5.739 5.818 5.901 5.987 6.077 6.171 6.269 6.370
6.661 6.699 6.722 6.728 6.717 6.691 6.648 6.669 6.721 6.761 6.791 6.811 6.819 6.817 6.804 6.781 6.747 6.702 6.646 6.649 6.703 6.763 6.828 6.900 6.978 7.062 7.152 7.248 7.350 7.457 7.571 7.554 7.432 7.280 7.100 6.891 6.653 6.386 6.089 5.871 5.740 5.633 5.550 5.674 5.898 6.122 6.346 6.569 6.792 7.015 7.238 7.460 7.682 7.904 8.126 8.105 7.964 7.815 7.656 7.488 7.312 7.126 6.932 6.729 6.517 6.296 6.066 6.063 6.158 6.258 6.361 6.467 6.578 6.692 6.810
7.120 7.102 7.067 7.015 6.948 6.864 6.764 6.723 6.737 6.740 6.733 6.715 6.686 6.646 6.596 6.535 6.464 6.381 6.288 6.272 6.352 6.439 6.532 6.631 6.735 6.846 6.963 7.086 7.214 7.349 7.458 7.384 7.166 6.972 6.803 6.658 6.538 6.442 6.371 6.324 6.301 6.303 6.329 6.469 6.692 6.915 7.137 7.360 7.582 7.803 8.025 8.246 8.467 8.688 8.908 8.905 8.724 8.535 8.336 8.129 7.912 7.687 7.453 7.210 6.958 6.698 6.428 6.382 6.494 6.610 6.730 6.853 6.981 7.112 7.246
7.594 7.518 7.426 7.318 7.193 7.052 6.895 6.786 6.763 6.729 6.684 6.629 6.562 6.485 6.398 6.300 6.190 6.071 5.940 5.888 5.996 6.098 6.195 6.291 6.387 6.480 6.573 6.665 6.755 6.845 6.933 6.938 6.829 6.744 6.684 6.648 6.637 6.650 6.687 6.749 6.836 6.946 7.081 7.264 7.486 7.707 7.929 8.150 8.370 8.591 8.811 9.031 9.251 9.470 9.690 9.713 9.492 9.263 9.024 8.777 8.521 8.256 7.982 7.700 7.408 7.108 6.798 6.697 6.826 6.959 7.095 7.235 7.379 7.526 7.678
8.083 7.950 7.801 7.635 7.454 7.255 7.041 6.860 6.799 6.727 6.645 6.552 6.449 6.340 6.235 6.106 5.953 5.777 5.578 5.432 5.526 5.620 5.712 5.803 5.893 5.982 6.070 6.156 6.242 6.326 6.409 6.465 6.465 6.490 6.538 6.612 6.709 6.831 6.977 7.148 7.343 7.562 7.806 8.058 8.278 8.499 8.719 8.939 9.158 9.377 9.597 9.815 10.034 10.252 10.470 10.529 10.268 9.999 9.721 9.434 9.138 8.834 8.520 8.198 7.866 7.526 7.177 7.008 7.154 7.303 7.456 7.613 7.773 7.937 8.105
8.586 8.396 8.190 7.967 7.728 7.473 7.221 7.031 6.985 6.915 6.821 6.704 6.564 6.400 6.212 6.001 5.766 5.508 5.226 4.966 5.056 5.144 5.231 5.317 5.402 5.486 5.569 5.650 5.730 5.809 5.887 5.967 6.076 6.209 6.366 6.548 6.755 6.985 7.240 7.520 7.824 8.152 8.504 8.850 9.070 9.289 9.508 9.727 9.945 10.163 10.381 10.599 10.816 11.033 11.250 11.353 11.052 10.744 10.426 10.099 9.764 9.419 9.066 8.704 8.333 7.953 7.564 7.315 7.477 7.643 7.812 7.986 8.163 8.343 8.528
9.093 8.864 8.641 8.423 8.211 8.003 7.801 7.606 7.477 7.325 7.149 6.950 6.727 6.481 6.211 5.917 5.600 5.260 4.896 4.514 4.587 4.670 4.752 4.833 4.913 4.992 5.069 5.146 5.221 5.295 5.368 5.442 5.660 5.902 6.168 6.459 6.774 7.113 7.477 7.865 8.277 8.714 9.175 9.642 9.861 10.079 10.296 10.514 10.731 10.948 11.165 11.381 11.598 11.813 12.029 12.185 11.845 11.496 11.139 10.772 10.397 10.013 9.620 9.219 8.808 8.388 7.960 7.618 7.796 7.979 8.165 8.355 8.548 8.746 8.947
9.558 9.348 9.143 8.943 8.749 8.560 8.377 8.198 7.990 7.756 7.498 7.216 6.911 6.583 6.231 5.855 5.456 5.033 4.587 4.123 4.120 4.198 4.275 4.351 4.426 4.500 4.572 4.643 4.713 4.782 4.850 4.917 5.218 5.569 5.943 6.343 6.766 7.214 7.687 8.183 8.704 9.249 9.819 10.413 10.650 10.867 11.084 11.300 11.516 11.732 11.948 12.163 12.378 12.593 12.807 13.022 12.645 12.257 11.860 11.454 11.039 10.615 10.183 9.741 9.291 8.832 8.348 7.883 8.035 8.175 8.302 8.417 8.519 8.608 8.685
10.017 9.825 9.639 9.458 9.282 9.111 8.946 8.786 8.525 8.208 7.868 7.504 7.117 6.706 6.272 5.814 5.333 4.828 4.300 3.753 3.655 3.728 3.800 3.871 3.941 4.009 4.077 4.143 4.208 4.272 4.334 4.396 4.750 5.209 5.693 6.200 6.732 7.289 7.870 8.475 9.104 9.758 10.436 11.138 11.439 11.655 11.870 12.086 12.300 12.515 12.730 12.944 13.158 13.371 13.585 13.798 13.454 12.958 12.394 11.847 11.314 10.797 10.296 9.809 9.339 8.883 8.443 8.019 8.080 8.164 8.235 8.293 8.339 8.373 8.394
10.470 10.297 10.129 9.966 9.809 9.657 9.510 9.368 9.080 8.681 8.258 7.813 7.343 6.851 6.334 5.795 5.232 4.645 4.035 3.406 3.192 3.260 3.327 3.393 3.457 3.521 3.583 3.644 3.704 3.763 3.821 3.877 4.256 4.823 5.415 6.032 6.672 7.337 8.026 8.740 9.477 10.239 11.026 11.836 12.228 12.442 12.656 12.870 12.991 13.017 13.051 13.091 13.137 13.191 13.251 13.317 12.933 12.423 11.928 11.448 10.984 10.536 10.102 9.684 9.282 8.895 8.523 8.166 8.137 8.164 8.180 8.182 8.172 8.150 8.115
10.918 10.763 10.614 10.469 10.330 10.197 10.068 9.945 9.656 9.175 8.670 8.142 7.591 7.016 6.418 5.797 5.152 4.483 3.791 3.079 2.731 2.794 2.856 2.916 2.976 3.034 3.092 3.148 3.203 3.256 3.309 3.360 3.736 4.412 5.112 5.837 6.586 7.359 8.156 8.919 9.616 10.297 10.961 11.608 11.880 11.910 11.947 11.990 12.039 12.096 12.159 12.229 12.306 12.389 12.479 12.575 12.314 11.873 11.446 11.035 10.639 10.259 9.894 9.544 9.210 8.891 8.587 8.299 8.206 8.178 8.137 8.084 8.018 7.939 7.848
11.361 11.224 11.093 10.967 10.846 10.731 10.621 10.516 10.252 9.689 9.103 8.493 7.860 7.204 6.523 5.820 5.093 4.343 3.569 2.775 2.272 2.330 2.387 2.442 2.497 2.550 2.602 2.653 2.703 2.752 2.822 2.906 3.265 4.006 4.731 5.438 6.128 6.802 7.458 8.098 8.720 9.325 9.913 10.485 10.804 10.864 10.930 11.003 11.083 11.169 11.262 11.362 11.468 11.581 11.701 11.828 11.681 11.308 10.949 10.606 10.279 9.967 9.670 9.388 9.122 8.871 8.636 8.416 8.287 8.203 8.107 7.998 7.876 7.742 7.595
11.798 11.680 11.567 11.459 11.357 11.260 11.168 11.081 10.870 10.225 9.557 8.865 8.150 7.412 6.650 5.865 5.056 4.224 3.368 2.492 1.815 1.903 2.014 2.119 2.219 2.313 2.401 2.483 2.560 2.630 2.696 2.755 2.991 3.657 4.306 4.938 5.553 6.151 6.732 7.296 7.843 8.373 8.886 9.382 9.722 9.811 9.907 10.010 10.120 10.236 10.359 10.489 10.625 10.768 10.918 11.074 11.033 10.728 10.438 10.163 9.903 9.659 9.431 9.217 9.019 8.836 8.669 8.517 8.382 8.242 8.089 7.924 7.747 7.557 7.354
12.229 12.129 12.035 11.945 11.861 11.783 11.709 11.641 11.508 10.782 10.032 9.258 8.461 7.637 6.759 5.898 5.054 4.227 3.417 2.620 1.922 2.013 2.099 2.178 2.252 2.321 2.383 2.440 2.491 2.536 2.576 2.610 2.736 3.326 3.900 4.457 4.996 5.519 6.024 6.513 6.985 7.439 7.877 8.298 8.634 8.753 8.879 9.012 9.152 9.298 9.450 9.610 9.776 9.949 10.128 10.314 10.370 10.133 9.911 9.704 9.513 9.337 9.176 9.031 8.901 8.786 8.687 8.603 8.488 8.292 8.084 7.864 7.630 7.384 7.126
12.655 12.574 12.497 12.426 12.361 12.300 12.223 12.026 11.805 10.916 10.029 9.158 8.305 7.470 6.651 5.849 5.065 4.297 3.547 2.809 2.083 2.129 2.189 2.244 2.292 2.335 2.372 2.403 2.429 2.449 2.463 2.471 2.500 3.015 3.513 3.994 4.459 4.906 5.336 5.750 6.146 6.525 6.888 7.233 7.541 7.690 7.846 8.008 8.177 8.353 8.536 8.725 8.921 9.123 9.333 9.549 9.693 9.524 9.370 9.231 9.108 9.000 8.907 8.830 8.768 8.721 8.690 8.674 8.607 8.356 8.092 7.815 7.526 7.225 6.910
13.025 12.889 12.729 12.544 12.336 12.103 11.846 11.565 11.260 10.496 9.668 8.857 8.064 7.287 6.528 5.786 5.060 4.352 3.661 2.983 2.316 2.252 2.287 2.315 2.338 2.356 2.367 2.373 2.373 2.368 2.356 2.339 2.316 2.722 3.145 3.551 3.940 4.312 4.667 5.005 5.327 5.631 5.918 6.188 6.442 6.621 6.806 6.999 7.198 7.403 7.616 7.835 8.060 8.292 8.531 8.777 9.000 8.899 8.813 8.743 8.687 8.647 8.623 8.613 8.619 8.641 8.677 8.729 8.738 8.431 8.112 7.779 7.435 7.077 6.708
13.176 12.956 12.711 12.443 12.150 11.833 11.492 11.127 10.738 10.061 9.293 8.541 7.807 7.090 6.390 5.707 5.041 4.392 3.760 3.142 2.535 2.381 2.390 2.393 2.391 2.383 2.369 2.349 2.324 2.293 2.256 2.214 2.165 2.448 2.796 3.126 3.440 3.737 4.017 4.280 4.526 4.755 4.968 5.163 5.341 5.546 5.761 5.983 6.212 6.447 6.690 6.938 7.194 7.456 7.724 8.000 8.282 8.260 8.242 8.239 8.252 8.280 8.323 8.382 8.456 8.545 8.649 8.785 8.913 8.581 8.244 7.902 7.556 7.204 6.848
13.350 13.045 12.717 12.364 11.987 11.586 11.161 10.712 10.239 9.612 8.903 8.211 7.536 6.878 6.237 5.613 5.006 4.416 3.844 3.285 2.738 2.516 2.500 2.478 2.450 2.416 2.377 2.332 2.281 2.225 2.162 2.094 2.021 2.193 2.465 2.721 2.960 3.181 3.386 3.574 3.745 3.899 4.036 4.157 4.260 4.465 4.710 4.962 5.221 5.486 5.758 6.036 6.321 6.613 6.911 7.216 7.528 7.606 7.730 7.955 8.163 8.355 8.530 8.688 8.830 8.955 9.064 9.156 9.231 8.905 8.546 8.183 7.814 7.441 7.062
13.545 13.157 12.744 12.308 11.847 11.362 10.853 10.320 9.763 9.147 8.498 7.865 7.249 6.650 6.069 5.504 4.956 4.426 3.912 3.413 2.926 2.658 2.616 2.568 2.515 2.456 2.391 2.321 2.245 2.163 2.075 1.982 1.883 1.956 2.154 2.334 2.498 2.645 2.774 2.887 2.983 3.062 3.125 3.170 3.198 3.379 3.654 3.935 4.224 4.588 5.073 5.574 6.091 6.625 7.174 7.740 8.322 8.612 8.780 8.931 9.066 9.184 9.285 9.370 9.438 9.490 9.524 9.543 9.544 9.233 8.853 8.467 8.077 7.682 7.282
13.764 13.291 12.794 12.274 11.729 11.160 10.568 9.951 9.310 8.668 8.078 7.504 6.947 6.408 5.885 5.380 4.891 4.420 3.966 3.526 3.098 2.806 2.738 2.665 2.587 2.502 2.412 2.316 2.214 2.107 1.994 1.875 1.751 1.738 1.861 1.966 2.055 2.127 2.182 2.220 2.315 2.500 2.651 2.768 2.850 3.132 3.624 4.133 4.657 5.198 5.754 6.327 6.916 7.521 8.143 8.780 9.434 9.752 9.846 9.924 9.985 10.029 10.056 10.068 10.062 10.040 10.001 9.946 9.874 9.567 9.164 8.757 8.345 7.927 7.505
14.004 13.448 12.867 12.263 11.634 10.981 10.305 9.604 8.879 8.174 7.643 7.128 6.631 6.150 5.687 5.241 4.811 4.399 4.004 3.623 3.255 2.960 2.867 2.768 2.664 2.554 2.439 2.318 2.191 2.058 1.920 1.860 1.961 2.144 2.416 2.654 2.858 3.028 3.164 3.266 3.334 3.368 3.367 3.333 3.265 3.437 4.001 4.581 5.177 5.789 6.418 7.062 7.723 8.400 9.093 9.802 10.527 10.907 10.928 10.932 10.919 10.889 10.844 10.781 10.702 10.606 10.494 10.365 10.219 9.904 9.480 9.051 8.617 8.178 7.734
14.267 13.627 12.962 12.274 11.561 10.825 10.065 9.280 8.472 7.665 7.193 6.738 6.299 5.878 5.474 5.086 4.716 4.363 4.026 3.705 3.397 3.120 3.013 2.948 2.919 2.926 2.969 3.049 3.165 3.318 3.506 3.731 3.993 4.256 4.377 4.464 4.517 4.536 4.520 4.471 4.388 4.271 4.119 3.934 3.715 3.724 4.360 5.012 5.679 6.363 7.063 7.780 8.512 9.261 10.025 10.806 11.603 12.078 12.025 11.955 11.869 11.766 11.646 11.510 11.358 11.188 11.003 10.800 10.581 10.246 9.800 9.349 8.893 8.432 7.967
14.552 13.828 13.080 12.308 11.512 10.691 9.847 8.979 8.087 7.171 6.728 6.332 5.953 5.591 5.248 4.940 4.645 4.363 4.093 3.833 3.582 3.340 3.393 3.488 3.620 3.788 3.993 4.234 4.511 4.824 5.174 5.560 5.982 6.403 6.373 6.309 6.210 6.078 5.912 5.711 5.477 5.209 4.907 4.570 4.200 3.994 4.701 5.425 6.164 6.920 7.691 8.479 9.283 10.103 10.939 11.792 12.660 13.265 13.138 12.994 12.834 12.658 12.465 12.255 12.029 11.786 11.527 11.251 10.959 10.593 10.125 9.652 9.174 8.692 8.204
14.859 14.051 13.220 12.364 11.484 10.580 9.653 8.695 7.724 6.788 6.351 6.037 5.735 5.445 5.169 4.905 4.654 4.415 4.190 3.974 3.767 3.569 3.731 3.987 4.280 4.610 4.975 5.377 5.815 6.289 6.800 7.346 7.929 8.549 8.403 8.188 7.938 7.655 7.338 6.987 6.602 6.182 5.729 5.242 4.721 4.246 5.025 5.820 6.631 7.458 8.301 9.161 10.036 10.928 11.835 12.759 13.699 14.466 14.266 14.049 13.816 13.566 13.299 13.016 12.717 12.400 12.068 11.718 11.353 10.944 10.454 9.960 9.460 8.956 8.446
15.120 14.032 12.978 11.957 10.969 10.014 9.093 8.205 7.351 6.530 6.084 5.814 5.556 5.311 5.078 4.858 4.651 4.457 4.275 4.103 3.940 3.787 4.028 4.445 4.899 5.389 5.916 6.478 7.077 7.712 8.383 9.091 9.834 10.614 10.468 10.101 9.701 9.267 8.799 8.297 7.761 7.191 6.587 5.949 5.278 4.572 5.331 6.197 7.080 7.979 8.893 9.824 10.771 11.734 12.714 13.709 14.720 15.684 15.410 15.120 14.813 14.489 14.149 13.793 13.420 13.030 12.624 12.202 11.763 11.300 10.788 10.272 9.750 9.224 8.693
13.791 12.819 11.880 10.975 10.103 9.264 8.459 7.686 6.947 6.242 5.807 5.580 5.366 5.165 4.976 4.800 4.637 4.486 4.348 4.221 4.103 3.994 4.284 4.862 5.477 6.127 6.814 7.538 8.297 9.093 9.924 10.793 11.697 12.637 12.567 12.050 11.499 10.914 10.295 9.642 8.955 8.235 7.480 6.692 5.869 5.013 5.619 6.557 7.511 8.482 9.468 10.470 11.489 12.523 13.574 14.641 15.723 16.822 16.569 16.205 15.825 15.428 15.015 14.585 14.139 13.676 13.197 12.701 12.188 11.615 10.977 10.351 9.737 9.135 8.546
12.433 11.577 10.754 9.964 9.207 8.484 7.794 7.137 6.514 5.924 5.518 5.335 5.165 5.008 4.863 4.731 4.612 4.505 4.411 4.327 4.253 4.189 4.499 5.238 6.013 6.824 7.672 8.556 9.475 10.432 11.424 12.452 13.517 14.618 14.700 14.032 13.331 12.595 11.826 11.022 10.185 9.314 8.409 7.470 6.497 5.490 5.890 6.900 7.925 8.967 10.024 11.098 12.188 13.294 14.416 15.554 16.708 17.879 17.744 17.307 16.761 16.041 15.339 14.655 13.988 13.340 12.709 12.096 11.502 10.925 10.342 9.770 9.210 8.662 8.127
11.046 10.305 9.598 8.923 8.282 7.675 7.100 6.559 6.051 5.576 5.218 5.079 4.953 4.839 4.739 4.650 4.575 4.512 4.461 4.422 4.392 4.373 4.672 5.572 6.508 7.480 8.488 9.532 10.612 11.729 12.881 14.070 15.295 16.556 16.868 16.049 15.197 14.311 13.391 12.437 11.449 10.428 9.372 8.283 7.160 6.003 6.144 7.224 8.321 9.434 10.563 11.683 12.711 13.680 14.590 15.440 16.231 16.963 16.678 16.002 15.343 14.702 14.079 13.473 12.886 12.317 11.765 11.231 10.716 10.218 9.696 9.178 8.672 8.178 7.697
9.630 9.004 8.412 7.854 7.328 6.836 6.376 5.950 5.558 5.198 4.907 4.812 4.729 4.660 4.603 4.558 4.527 4.507 4.501 4.506 4.520 4.545 4.805 5.865 6.961 8.094 9.262 10.467 11.707 12.984 14.297 15.646 17.031 18.453 19.070 18.101 17.098 16.062 14.991 13.887 12.749 11.577 10.364 9.151 7.992 6.885 6.839 7.902 8.905 9.849 10.734 11.560 12.326 13.034 13.682 14.271 14.801 15.272 15.085 14.488 13.908 13.346 12.802 12.276 11.767 11.277 10.805 10.350 9.913 9.494 9.039 8.575 8.123 7.683 7.255
