DATA/SHG/ECMWF/20170628/EN-47/20170704.en-47.asc
ncols        190
nrows        64
xllcorner    -5100000.000000000000
yllcorner    4130000.000000000000
cellsize     10000.000000000000
NODATA_value  -99999.000
[rows 32 to 63 of 64, columns 0 to 72 of 190]
3.130 2.401 2.667 3.043 3.433 3.838 4.258 4.691 5.139 5.602 6.078 6.570 7.075 7.595 7.154 6.645 6.120 5.580 5.024 4.453 3.867 3.266 2.649 2.017 1.370 0.707 0.691 0.689 0.692 0.698 0.709 0.723 0.742 0.764 0.791 0.821 0.856 0.895 0.961 1.030 1.102 1.177 1.255 1.337 1.421 1.509 1.600 1.719 1.855 2.014 2.437 2.835 3.210 3.560 3.887 4.189 4.468 4.722 4.953 5.160 5.343 5.474 5.327 5.179 5.032 4.883 4.735 4.586 4.437 4.288 4.138 3.988 3.837
3.037 2.352 2.501 2.927 3.368 3.823 4.293 4.777 5.276 5.788 6.316 6.857 7.413 7.983 7.663 7.100 6.521 5.927 5.318 4.693 4.054 3.398 2.728 2.042 1.341 0.625 0.514 0.526 0.543 0.563 0.588 0.616 0.649 0.685 0.726 0.770 0.819 0.871 0.946 1.025 1.125 1.235 1.352 1.477 1.609 1.748 1.895 2.049 2.211 2.380 2.704 3.020 3.311 3.578 3.821 4.040 4.236 4.407 4.555 4.678 4.778 4.854 4.715 4.566 4.417 4.268 4.119 3.969 3.819 3.668 3.517 3.366 3.215
2.931 2.289 2.319 2.796 3.287 3.793 4.313 4.847 5.396 5.959 6.537 7.129 7.735 8.355 8.187 7.570 6.938 6.291 5.628 4.949 4.256 3.547 2.823 2.084 1.329 0.559 0.333 0.360 0.390 0.425 0.463 0.506 0.552 0.693 0.807 0.886 0.930 0.938 1.018 1.139 1.268 1.403 1.546 1.697 1.855 2.020 2.192 2.372 2.560 2.754 2.995 3.227 3.435 3.619 3.779 3.915 4.028 4.116 4.180 4.221 4.237 4.230 4.104 3.954 3.804 3.654 3.503 3.353 3.201 3.050 2.898 2.746 2.594
2.811 2.213 2.121 2.648 3.190 3.746 4.317 4.901 5.501 6.114 6.742 7.384 8.041 8.711 8.728 8.057 7.371 6.670 5.953 5.222 4.474 3.712 2.934 2.141 1.333 0.520 0.398 0.637 0.841 1.009 1.141 1.239 1.300 1.327 1.317 1.273 1.192 1.077 1.102 1.249 1.403 1.564 1.733 1.909 2.093 2.284 2.482 2.687 2.900 3.121 3.310 3.458 3.583 3.684 3.761 3.814 3.843 3.848 3.829 3.787 3.720 3.630 3.493 3.343 3.192 3.041 2.889 2.737 2.585 2.433 2.280 2.127 1.974
2.678 2.123 1.908 2.486 3.078 3.684 4.305 4.940 5.589 6.253 6.931 7.624 8.330 9.051 9.284 8.560 7.820 7.065 6.349 5.874 5.364 4.820 4.243 3.631 2.985 2.306 1.934 2.050 2.129 2.174 2.183 2.156 2.094 1.996 1.863 1.695 1.491 1.251 1.178 1.351 1.530 1.717 1.912 2.114 2.323 2.539 2.763 2.995 3.233 3.479 3.647 3.713 3.754 3.772 3.766 3.736 3.682 3.604 3.502 3.377 3.227 3.054 2.885 2.733 2.581 2.429 2.276 2.123 1.970 1.817 1.663 1.509 1.355
2.531 2.020 1.679 2.307 2.949 3.606 4.277 4.962 5.662 6.376 7.104 7.932 9.009 10.155 11.041 10.582 10.089 9.562 9.002 8.407 7.778 7.115 6.418 5.688 4.923 4.125 3.506 3.497 3.453 3.374 3.259 3.109 2.923 2.702 2.445 2.153 1.825 1.462 1.247 1.445 1.650 1.863 2.083 2.311 2.545 2.788 3.037 3.294 3.558 3.830 4.008 3.990 3.949 3.883 3.794 3.681 3.544 3.383 3.199 2.990 2.758 2.501 2.277 2.124 1.971 1.818 1.664 1.511 1.356 1.202 1.047 0.892 0.737
2.371 1.904 1.449 2.113 2.844 3.677 4.580 5.552 6.593 7.704 8.884 10.133 11.451 12.838 14.203 13.625 13.012 12.366 11.687 10.973 10.225 9.443 8.627 7.778 6.894 5.977 5.113 4.980 4.813 4.610 4.371 4.097 3.787 3.443 3.062 2.647 2.195 1.709 1.308 1.531 1.763 2.001 2.247 2.500 2.760 3.028 3.303 3.586 3.876 4.173 4.392 4.291 4.167 4.018 3.846 3.650 3.430 3.187 2.919 2.627 2.312 1.973 1.670 1.516 1.362 1.208 1.054 0.899 0.744 0.588 0.805 1.279 1.757
3.093 2.459 1.637 2.268 3.274 4.350 5.494 6.708 7.991 9.343 10.764 12.255 13.815 15.444 17.142 16.699 15.968 15.203 14.404 13.572 12.705 11.804 10.870 9.901 8.899 7.863 6.792 6.499 6.207 5.880 5.518 5.120 4.687 4.219 3.715 3.176 2.602 1.992 1.361 1.610 1.867 2.131 2.402 2.681 2.967 3.261 3.561 3.870 4.185 4.508 4.799 4.615 4.408 4.177 3.922 3.643 3.340 3.013 2.663 2.288 1.890 1.468 1.064 1.318 1.775 2.237 2.703 3.174 3.649 4.128 4.613 5.101 5.595
4.858 3.566 2.085 2.380 3.628 4.945 6.331 7.787 9.311 10.905 12.568 14.300 16.101 17.971 19.910 19.807 18.957 18.073 17.155 16.203 15.218 14.198 13.145 12.058 10.937 9.782 8.593 8.052 7.637 7.186 6.701 6.179 5.623 5.031 4.404 3.741 3.043 2.310 1.541 1.682 1.964 2.254 2.551 2.855 3.167 3.486 3.812 4.146 4.487 4.835 5.191 4.963 4.672 4.358 4.020 3.658 3.652 3.776 3.910 4.053 4.206 4.369 4.542 5.010 5.482 5.959 6.440 6.926 7.416 7.911 8.411 8.915 9.423
6.828 4.878 2.740 2.416 3.906 5.464 7.092 8.789 10.555 12.389 14.293 16.267 18.309 20.420 22.601 22.946 21.978 20.975 19.938 18.868 17.764 16.625 15.453 14.247 13.008 11.734 10.427 9.640 9.101 8.527 7.918 7.274 6.594 5.879 5.128 4.342 3.521 2.665 1.773 1.745 2.053 2.369 2.691 3.021 3.358 3.703 4.055 4.414 4.781 5.481 6.274 6.517 6.626 6.744 6.872 7.009 7.157 7.314 7.481 7.657 7.844 8.040 8.246 8.692 9.180 9.672 10.168 10.669 11.175 11.685 12.200 12.719 13.242
9.004 6.397 3.601 2.376 4.107 5.907 7.776 9.714 11.721 13.797 15.942 18.156 20.439 22.792 25.213 26.119 25.031 23.910 22.754 21.565 20.342 19.085 17.795 16.470 15.112 13.720 12.294 11.263 10.601 9.904 9.171 8.403 7.600 6.762 5.888 4.979 4.035 3.055 2.040 1.802 2.135 2.476 3.107 3.789 4.503 5.248 6.024 6.831 7.669 8.538 9.438 9.842 9.983 10.135 10.296 10.467 10.647 10.838 11.038 11.248 11.467 11.697 11.936 12.366 12.869 13.376 13.887 14.404 14.924 15.450 15.979 16.514 17.053
11.386 8.121 4.669 2.260 4.232 6.273 8.383 10.562 12.810 15.127 17.513 19.968 22.492 25.085 27.747 29.324 28.117 26.877 25.603 24.295 22.954 21.579 20.169 18.726 17.250 15.739 14.194 12.921 12.136 11.315 10.459 9.568 8.642 7.680 6.685 5.754 4.878 4.058 3.294 3.191 3.889 4.617 5.376 6.167 6.988 7.841 8.724 9.639 10.584 11.561 12.568 13.152 13.327 13.512 13.706 13.910 14.124 14.348 14.581 14.824 15.077 15.340 15.612 16.031 16.548 17.071 17.598 18.129 18.665 19.205 19.750 20.300 20.854
13.972 10.051 5.942 2.068 4.281 6.563 8.914 11.334 13.822 16.380 19.007 21.703 24.467 27.301 30.204 32.561 31.236 29.877 28.485 27.058 25.598 24.105 22.577 21.016 19.420 17.791 16.129 14.580 13.453 12.380 11.364 10.403 9.498 8.648 7.854 7.116 6.434 5.807 5.236 5.104 5.909 6.745 7.612 8.510 9.439 10.399 11.390 12.412 13.465 14.549 15.663 16.449 16.657 16.875 17.103 17.340 17.587 17.844 18.111 18.387 18.673 18.969 19.274 19.686 20.219 20.757 21.299 21.845 22.396 22.952 23.512 24.077 24.646
16.763 12.186 7.422 2.469 4.254 6.776 9.368 12.029 14.758 17.557 20.424 23.360 26.365 29.439 32.582 35.794 34.387 32.910 31.399 29.854 28.135 25.962 23.854 21.811 19.831 17.917 16.066 14.339 13.405 12.526 11.702 10.935 10.223 9.566 8.966 8.421 7.931 7.497 7.119 6.983 7.895 8.839 9.813 10.819 11.855 12.922 14.021 15.150 16.310 17.501 18.724 19.732 19.973 20.225 20.486 20.756 21.036 21.326 21.626 21.936 22.255 22.584 22.923 23.333 23.881 24.434 24.991 25.553 26.119 26.690 27.265 27.845 28.429
19.759 14.527 9.107 3.499 4.150 6.914 9.746 12.647 15.617 18.656 21.764 24.941 28.186 31.270 33.857 36.346 34.823 32.617 30.475 28.398 26.385 24.436 22.552 20.732 18.976 17.285 15.658 14.096 13.299 12.613 11.983 11.409 10.890 10.426 10.018 9.666 9.370 9.129 8.943 8.828 9.848 10.898 11.980 13.093 14.237 15.411 16.617 17.854 19.121 20.420 21.749 23.001 23.276 23.560 23.855 24.158 24.472 24.795 25.128 25.471 25.823 26.185 26.557 26.971 27.534 28.102 28.674 29.251 29.832 30.418 31.009 31.604 32.203
22.960 17.072 10.997 4.734 3.971 6.975 10.008 12.940 15.774 18.510 21.149 23.690 26.134 28.480 30.728 32.878 32.113 30.131 28.212 26.359 24.569 22.844 21.183 19.587 18.055 16.587 15.184 13.845 13.136 12.644 12.206 11.825 11.498 11.228 11.013 10.854 10.750 10.702 10.709 10.772 11.766 12.924 14.113 15.333 16.584 17.866 19.179 20.523 21.898 23.303 24.740 26.208 26.565 26.883 27.210 27.547 27.893 28.250 28.616 28.992 29.377 29.773 30.177 30.599 31.178 31.761 32.349 32.941 33.537 34.138 34.744 35.354 35.947
25.464 18.854 12.453 6.260 4.218 7.006 9.697 12.290 14.785 17.182 19.482 21.685 23.790 25.797 27.706 29.518 29.338 27.579 25.885 24.254 22.688 21.187 19.750 18.377 17.068 15.823 14.643 13.528 12.916 12.616 12.372 12.183 12.049 11.972 11.949 11.983 12.071 12.216 12.416 12.671 13.650 14.915 16.212 17.539 18.897 20.287 21.707 23.158 24.640 26.152 27.696 29.271 29.840 30.191 30.551 30.922 31.301 31.691 32.090 32.499 32.918 33.346 33.784 34.232 34.813 35.347 35.224 35.125 35.049 34.998 34.970 34.966 34.987
24.716 18.830 13.152 7.682 4.691 7.140 9.492 11.746 13.902 15.961 17.923 19.786 21.553 23.221 24.792 26.266 26.498 24.963 23.492 22.085 20.742 19.464 18.250 17.100 16.015 14.994 14.037 13.144 12.638 12.531 12.479 12.483 12.542 12.657 12.827 13.053 13.335 13.671 14.064 14.512 15.500 16.873 18.277 19.711 21.176 22.673 24.200 25.758 27.347 28.967 30.618 32.299 33.102 33.486 33.879 34.283 34.696 35.118 35.440 35.124 34.819 34.526 34.245 33.975 33.849 33.785 33.744 33.728 33.736 33.767 33.822 33.901 34.004
23.742 18.579 13.623 8.876 5.269 7.380 9.393 11.308 13.126 14.846 16.469 17.995 19.423 20.753 21.986 23.121 23.594 22.282 21.034 19.850 18.731 17.676 16.685 15.758 14.896 14.098 13.364 12.694 12.303 12.389 12.529 12.726 12.978 13.285 13.648 14.066 14.539 15.069 15.653 16.293 17.317 18.796 20.307 21.849 23.421 25.025 26.659 28.324 30.020 31.747 33.505 35.136 35.426 35.081 34.747 34.425 34.115 33.816 33.528 33.252 32.988 32.735 32.493 32.264 32.183 32.201 32.244 32.310 32.401 32.515 32.653 32.815 33.001
22.541 18.100 13.867 9.841 6.024 7.725 9.399 10.976 12.456 13.838 15.123 16.310 17.400 18.392 19.287 20.085 20.625 19.536 18.511 17.551 16.655 15.822 15.054 14.351 13.711 13.136 12.625 12.178 11.911 12.189 12.522 12.911 13.355 13.855 14.410 15.020 15.686 16.407 17.184 18.016 19.099 20.686 22.304 23.953 25.481 26.612 27.716 28.792 29.841 30.862 31.855 32.821 33.265 32.960 32.666 32.384 32.114 31.855 31.608 31.372 31.148 30.935 30.733 30.544 30.495 30.597 30.722 30.871 31.045 31.242 31.463 31.707 31.976
21.114 17.394 13.883 10.579 7.483 8.175 9.511 10.750 11.892 12.936 13.883 14.732 15.484 16.139 16.696 17.156 17.518 16.726 15.924 15.186 14.513 13.904 13.359 12.878 12.461 12.108 11.820 11.595 11.461 11.931 12.457 13.038 13.675 14.366 15.114 15.916 16.774 17.576 18.180 18.771 19.439 20.586 21.705 22.796 23.860 24.897 25.906 26.887 27.841 28.767 29.666 30.537 31.095 30.830 30.577 30.335 30.105 29.886 29.679 29.483 29.298 29.126 28.964 28.814 28.787 28.971 29.179 29.411 29.667 29.947 30.251 30.579 30.930
19.460 16.462 13.672 11.090 8.715 8.731 9.729 10.630 11.434 12.140 12.749 13.261 13.675 13.992 14.212 14.334 14.360 13.850 13.272 12.757 12.306 11.920 11.597 11.339 11.145 11.015 10.949 10.947 11.009 11.617 12.303 12.954 13.591 14.216 14.827 15.426 16.011 16.584 17.143 17.689 18.227 19.279 20.303 21.300 22.269 23.211 24.125 25.011 25.870 26.702 27.506 28.282 28.917 28.692 28.479 28.277 28.087 27.908 27.741 27.585 27.440 27.308 27.186 27.076 27.057 27.324 27.615 27.930 28.269 28.632 29.018 29.428 29.862
17.581 15.304 13.234 11.372 9.718 9.392 10.052 10.615 11.081 11.450 11.722 11.896 11.973 11.953 11.835 11.620 11.308 10.911 10.554 10.262 10.034 9.870 9.770 9.808 9.935 10.069 10.209 10.355 10.508 11.020 11.639 12.245 12.838 13.417 13.984 14.537 15.078 15.605 16.120 16.621 17.110 18.001 18.930 19.832 20.707 21.554 22.373 23.165 23.929 24.666 25.376 26.057 26.712 26.545 26.372 26.210 26.060 25.921 25.794 25.678 25.573 25.481 25.399 25.329 25.307 25.657 26.031 26.428 26.850 27.295 27.764 28.257 28.773
15.476 13.919 12.570 11.428 10.494 10.158 10.481 10.706 10.835 10.866 10.801 10.638 10.377 10.020 9.565 9.014 8.549 8.418 8.530 8.649 8.773 8.904 9.041 9.184 9.333 9.489 9.650 9.818 9.992 10.416 10.989 11.550 12.098 12.633 13.155 13.663 14.159 14.642 15.111 15.568 16.011 16.752 17.587 18.394 19.174 19.926 20.651 21.348 22.018 22.660 23.275 23.862 24.422 24.389 24.256 24.134 24.024 23.925 23.838 23.762 23.698 23.645 23.603 23.573 23.555 23.968 24.425 24.905 25.409 25.937 26.488 27.064 27.663
13.145 12.308 11.679 11.257 11.042 11.029 11.014 10.903 10.694 10.368 10.016 9.662 9.305 8.947 8.586 8.223 7.859 7.660 7.793 7.933 8.079 8.232 8.390 8.555 8.725 8.902 9.085 9.274 9.470 9.825 10.354 10.870 11.373 11.863 12.339 12.803 13.254 13.692 14.117 14.529 14.927 15.532 16.272 16.985 17.670 18.328 18.958 19.560 20.136 20.683 21.204 21.696 22.162 22.225 22.131 22.050 21.979 21.920 21.873 21.837 21.813 21.800 21.798 21.808 21.830 22.259 22.798 23.360 23.947 24.557 25.192 25.850 26.532
10.589 10.472 10.655 10.861 11.036 11.149 10.798 10.444 10.089 9.732 9.372 9.011 8.647 8.281 7.913 7.543 7.171 6.896 7.051 7.212 7.380 7.553 7.733 7.919 8.112 8.310 8.514 8.725 8.942 9.248 9.732 10.203 10.661 11.107 11.539 11.958 12.364 12.757 13.137 13.504 13.858 14.341 14.987 15.605 16.195 16.759 17.294 17.802 18.283 18.736 19.162 19.560 19.931 20.051 19.998 19.956 19.926 19.907 19.900 19.904 19.919 19.946 19.984 20.034 20.096 20.528 21.150 21.795 22.464 23.328 24.167 24.909 25.554
10.022 10.182 10.311 10.409 10.475 10.510 10.186 9.825 9.463 9.098 8.731 8.362 7.992 7.618 7.243 6.866 6.487 6.126 6.302 6.485 6.674 6.870 7.071 7.278 7.492 7.712 7.938 8.170 8.408 8.685 9.125 9.551 9.964 10.365 10.752 11.126 11.488 11.836 12.171 12.493 12.803 13.180 13.731 14.254 14.750 15.219 15.660 16.073 16.460 16.818 17.150 17.454 17.730 17.869 17.856 17.854 17.864 17.885 17.917 17.961 18.016 18.083 18.536 19.127 19.760 20.589 21.482 22.277 22.976 23.577 24.080 24.486 24.795
9.928 9.980 10.001 9.991 9.949 9.876 9.577 9.210 8.840 8.468 8.094 7.718 7.339 6.959 6.577 6.192 5.805 5.417 5.548 5.753 5.963 6.180 6.403 6.632 6.867 7.108 7.355 7.609 7.869 8.137 8.531 8.913 9.281 9.637 9.979 10.309 10.626 10.929 11.220 11.497 11.762 12.047 12.503 12.932 13.334 13.708 14.055 14.374 14.666 14.930 15.167 15.377 15.559 15.679 15.705 16.051 16.498 16.986 17.515 18.084 18.694 19.345 20.036 20.768 21.541 22.272 22.829 23.289 23.652 23.917 24.085 24.155 24.129
9.869 9.813 9.726 9.608 9.458 9.277 8.972 8.597 8.220 7.840 7.459 7.076 6.690 6.303 5.913 5.521 5.127 4.731 4.789 5.015 5.247 5.485 5.729 5.979 6.236 6.498 6.767 7.042 7.323 7.610 7.952 8.289 8.612 8.923 9.221 9.506 9.778 10.037 10.282 10.515 10.735 10.943 11.305 11.639 11.947 12.226 12.479 12.704 13.105 13.549 14.009 14.483 14.974 15.475 15.982 16.529 17.117 17.745 18.414 19.124 19.874 20.664 21.496 22.368 23.280 24.046 24.268 24.392 24.419 24.349 24.182 23.917 23.555
9.845 9.681 9.485 9.259 9.001 8.713 8.369 7.987 7.603 7.216 6.828 6.437 6.044 5.649 5.252 4.853 4.452 4.049 4.023 4.271 4.524 4.784 5.049 5.321 5.599 5.883 6.173 6.470 6.772 7.081 7.387 7.679 7.958 8.224 8.477 8.717 8.944 9.158 9.360 9.548 9.723 9.961 10.331 10.736 11.156 11.592 12.043 12.509 12.991 13.489 14.002 14.530 15.074 15.633 16.280 16.967 17.695 18.463 19.272 20.122 21.012 21.943 22.914 23.926 24.979 25.912 25.798 25.587 25.279 24.873 24.371 23.771 23.074
9.855 9.583 9.279 8.945 8.580 8.183 7.770 7.380 6.989 6.595 6.199 5.801 5.401 4.999 4.595 4.189 3.780 3.370 3.252 3.521 3.796 4.077 4.364 4.657 4.956 5.262 5.573 5.891 6.215 6.545 6.835 7.083 7.317 7.538 7.778 8.019 8.261 8.505 8.750 8.996 9.243 9.491 9.881 10.339 10.813 11.302 11.807 12.327 12.862 13.413 13.979 14.561 15.158 15.771 16.537 17.364 18.232 19.141 20.090 21.079 22.110 23.180 24.292 25.443 26.636 27.868 27.419 26.873 26.230 25.489 24.652 23.717 22.685
9.899 9.519 9.108 8.666 8.192 7.688 7.174 6.777 6.378 5.977 5.574 5.169 4.762 4.352 3.941 3.527 3.112 2.694 2.476 2.766 3.062 3.364 3.673 3.987 4.308 4.635 4.969 5.329 5.677 6.016 6.307 6.547 6.789 7.032 7.277 7.522 7.769 8.017 8.266 8.516 8.768 9.021 9.416 9.928 10.455 10.997 11.555 12.129 12.718 13.322 13.942 14.577 15.228 15.894 16.754 17.721 18.729 19.778 20.867 21.996 23.166 24.377 25.628 26.920 28.252 29.625 29.132 28.251 27.272 26.197 25.025 23.755 22.389
