DATA/SHG/ECMWF/20170628/EN-47/20170712.en-47.asc
ncols        190
nrows        64
xllcorner    -5100000.000000000000
yllcorner    4130000.000000000000
cellsize     10000.000000000000
NODATA_value  -99999.000
[rows 0 to 31 of 64, columns 0 to 71 of 190]
3.668 3.355 3.044 2.734 2.427 2.122 1.818 1.516 1.216 1.063 0.962 0.868 0.781 0.700 0.627 0.560 0.499 0.446 0.399 0.409 0.430 0.466 0.514 0.568 0.628 0.693 0.765 0.842 0.925 1.013 1.108 1.208 1.314 1.351 1.331 1.298 1.251 1.191 1.119 1.033 0.933 0.821 0.696 0.557 0.405 0.322 0.305 0.287 0.266 0.244 0.221 0.195 0.168 0.139 0.109 0.076 0.042 0.028 0.040 0.052 0.064 0.076 0.089 0.102 0.115 0.129 0.143 0.157 0.172 0.195 0.230 0.267
3.343 3.036 2.732 2.429 2.128 1.829 1.532 1.237 0.944 0.780 0.703 0.632 0.678 0.720 0.757 0.787 0.811 0.829 0.842 0.848 0.848 0.880 0.949 1.023 1.103 1.189 1.280 1.378 1.481 1.590 1.705 1.825 1.951 1.995 1.928 1.848 1.755 1.649 1.530 1.397 1.252 1.093 0.921 0.736 0.538 0.403 0.380 0.355 0.329 0.301 0.271 0.240 0.206 0.171 0.135 0.096 0.056 0.032 0.044 0.057 0.070 0.084 0.098 0.112 0.126 0.141 0.156 0.172 0.188 0.209 0.247 0.287
3.016 2.716 2.418 2.122 1.853 1.690 1.532 1.379 1.232 1.174 1.213 1.246 1.273 1.294 1.309 1.318 1.321 1.317 1.308 1.292 1.271 1.288 1.376 1.471 1.571 1.677 1.789 1.907 2.030 2.159 2.294 2.435 2.581 2.650 2.537 2.411 2.272 2.119 1.953 1.775 1.583 1.378 1.159 0.928 0.684 0.485 0.456 0.426 0.393 0.359 0.323 0.285 0.246 0.205 0.162 0.117 0.071 0.034 0.048 0.062 0.077 0.091 0.106 0.122 0.137 0.153 0.169 0.186 0.207 0.221 0.261 0.302
3.101 2.936 2.775 2.620 2.470 2.325 2.185 2.050 1.920 1.840 1.858 1.869 1.875 1.874 1.867 1.855 1.836 1.811 1.780 1.743 1.700 1.689 1.798 1.912 2.033 2.159 2.291 2.429 2.573 2.722 2.877 3.038 3.205 3.319 3.159 2.987 2.801 2.602 2.390 2.165 1.927 1.675 1.411 1.133 0.842 0.570 0.534 0.498 0.459 0.419 0.377 0.333 0.287 0.240 0.191 0.140 0.088 0.037 0.052 0.067 0.087 0.155 0.210 0.251 0.280 0.296 0.298 0.288 0.264 0.227 0.269 0.313
3.641 3.493 3.351 3.213 3.081 2.954 2.832 2.714 2.602 2.512 2.508 2.498 2.482 2.459 2.431 2.397 2.357 2.310 2.258 2.199 2.134 2.083 2.212 2.347 2.488 2.635 2.787 2.945 3.109 3.278 3.453 3.634 3.821 4.000 3.794 3.575 3.343 3.098 2.839 2.568 2.283 1.986 1.675 1.351 1.014 0.664 0.614 0.571 0.527 0.480 0.432 0.382 0.330 0.308 0.369 0.402 0.409 0.388 0.440 0.488 0.523 0.545 0.554 0.549 0.532 0.502 0.459 0.403 0.333 0.251 0.277 0.324
4.174 4.044 3.920 3.800 3.686 3.576 3.472 3.372 3.278 3.189 3.163 3.132 3.094 3.050 3.001 2.945 2.883 2.815 2.741 2.661 2.575 2.483 2.620 2.775 2.936 3.103 3.275 3.453 3.637 3.827 4.023 4.224 4.431 4.643 4.441 4.176 3.898 3.606 3.301 2.984 2.653 2.309 1.952 1.582 1.199 0.803 0.785 0.940 1.068 1.169 1.243 1.289 1.309 1.301 1.266 1.204 1.115 0.998 0.979 0.981 0.970 0.947 0.910 0.860 0.797 0.721 0.632 0.530 0.414 0.286 0.283 0.334
4.701 4.589 4.482 4.380 4.284 4.192 4.105 4.023 3.947 3.875 3.825 3.772 3.712 3.647 3.576 3.499 3.415 3.326 3.230 3.129 3.021 2.908 3.021 3.196 3.378 3.564 3.757 3.955 4.159 4.369 4.585 4.806 5.033 5.266 5.101 4.790 4.465 4.127 3.776 3.452 3.185 2.956 2.767 2.616 2.503 2.430 2.472 2.532 2.564 2.569 2.547 2.498 2.422 2.319 2.189 2.031 1.846 1.634 1.530 1.487 1.430 1.360 1.278 1.182 1.073 0.951 0.817 0.669 0.508 0.334 0.289 0.343
5.222 5.128 5.039 4.954 4.875 4.801 4.732 4.668 4.609 4.555 4.491 4.417 4.336 4.250 4.157 4.058 3.953 3.842 3.725 3.602 3.473 3.338 3.415 3.611 3.812 4.019 4.232 4.451 4.675 4.905 5.140 5.382 5.573 5.745 5.597 5.272 4.986 4.739 4.530 4.360 4.229 4.136 4.082 4.067 4.090 4.152 4.184 4.148 4.085 3.995 3.877 3.733 3.561 3.362 3.137 2.884 2.604 2.296 2.093 2.004 1.902 1.786 1.658 1.516 1.362 1.194 1.014 0.821 0.614 0.395 0.294 0.351
5.737 5.660 5.589 5.522 5.461 5.404 5.353 5.307 5.265 5.229 5.164 5.068 4.966 4.857 4.743 4.623 4.497 4.364 4.226 4.082 3.931 3.775 3.803 4.019 4.240 4.422 4.600 4.776 4.950 5.123 5.294 5.463 5.631 5.797 5.786 5.597 5.447 5.335 5.262 5.228 5.232 5.275 5.357 5.477 5.636 5.834 5.921 5.790 5.631 5.445 5.232 4.992 4.725 4.431 4.110 3.762 3.386 2.984 2.668 2.533 2.385 2.224 2.050 1.863 1.663 1.450 1.223 0.984 0.732 0.467 0.298 0.358
6.245 6.186 6.132 6.083 6.040 6.001 5.967 5.939 5.915 5.896 5.842 5.724 5.601 5.471 5.335 5.194 5.046 4.886 4.677 4.470 4.265 4.061 3.996 4.173 4.348 4.522 4.694 4.864 5.032 5.199 5.365 5.528 5.691 5.851 5.935 5.881 5.867 5.891 5.954 6.055 6.195 6.373 6.591 6.846 7.141 7.474 7.683 7.456 7.201 6.920 6.612 6.277 5.914 5.525 5.109 4.665 4.194 3.697 3.255 3.074 2.881 2.674 2.454 2.221 1.976 1.717 1.445 1.160 0.863 0.552 0.301 0.364
6.747 6.706 6.669 6.638 6.612 6.591 6.575 6.564 6.558 6.557 6.499 6.284 6.071 5.860 5.650 5.443 5.236 5.032 4.829 4.628 4.429 4.232 4.115 4.286 4.455 4.623 4.789 4.953 5.116 5.278 5.437 5.595 5.752 5.906 6.043 6.126 6.247 6.407 6.605 6.842 7.117 7.431 7.784 8.175 8.605 9.073 9.469 9.146 8.797 8.420 8.017 7.586 7.129 6.644 6.132 5.594 5.028 4.435 3.854 3.627 3.388 3.136 2.870 2.592 2.301 1.996 1.679 1.349 1.005 0.649 0.303 0.370
7.242 7.219 7.200 7.151 7.072 6.994 6.917 6.840 6.765 6.690 6.602 6.393 6.186 5.980 5.777 5.575 5.375 5.176 4.980 4.785 4.591 4.400 4.234 4.400 4.563 4.725 4.886 5.045 5.202 5.357 5.511 5.664 5.814 5.963 6.112 6.330 6.587 6.882 7.216 7.588 7.999 8.448 8.936 9.462 10.027 10.631 11.273 10.862 10.417 9.945 9.446 8.921 8.368 7.788 7.182 6.548 5.887 5.199 4.484 4.192 3.907 3.609 3.298 2.974 2.638 2.288 1.925 1.666 1.484 1.292 1.090 1.297
7.444 7.366 7.288 7.211 7.135 7.059 6.985 6.911 6.839 6.767 6.696 6.499 6.298 6.099 5.901 5.705 5.511 5.319 5.128 4.939 4.752 4.566 4.382 4.515 4.673 4.829 4.984 5.137 5.289 5.439 5.587 5.734 5.879 6.022 6.164 6.495 6.887 7.317 7.786 8.294 8.840 9.424 10.047 10.709 11.409 12.148 12.925 12.601 12.062 11.495 10.901 10.280 9.632 8.958 8.256 7.527 6.771 5.989 5.179 4.769 4.576 4.430 4.273 4.107 3.930 3.742 3.545 3.337 3.119 2.891 2.652 2.750
7.494 7.418 7.343 7.269 7.196 7.124 7.052 6.982 6.912 6.843 6.775 6.604 6.409 6.215 6.024 5.834 5.646 5.459 5.274 5.091 4.910 4.731 4.553 4.632 4.784 4.935 5.084 5.231 5.377 5.521 5.664 5.805 5.944 6.082 6.218 6.620 7.147 7.713 8.317 8.959 9.641 10.360 11.118 11.915 12.750 13.623 14.535 14.366 13.731 13.069 12.380 11.665 10.922 10.166 9.446 8.766 8.126 7.524 6.962 6.681 6.509 6.326 6.133 5.930 5.717 5.493 5.260 5.015 4.761 4.497 4.222 4.215
7.542 7.469 7.397 7.326 7.256 7.187 7.119 7.051 6.984 6.918 6.853 6.706 6.517 6.330 6.144 5.960 5.778 5.598 5.419 5.242 5.066 4.893 4.721 4.750 4.897 5.042 5.185 5.327 5.467 5.606 5.743 5.878 6.012 6.144 6.274 6.705 7.367 8.068 8.807 9.585 10.401 11.256 12.149 13.080 14.050 15.058 15.906 15.782 14.964 14.186 13.446 12.746 12.086 11.464 10.882 10.339 9.835 9.371 8.946 8.657 8.448 8.229 8.000 7.761 7.511 7.252 6.982 6.701 6.411 6.110 5.799 5.692
7.589 7.520 7.451 7.383 7.316 7.249 7.184 7.119 7.055 6.992 6.930 6.807 6.624 6.442 6.263 6.085 5.909 5.734 5.561 5.390 5.221 5.053 4.887 4.870 5.011 5.150 5.288 5.424 5.559 5.692 5.823 5.952 6.080 6.207 6.332 6.751 7.548 8.384 9.244 10.045 10.860 11.687 12.527 13.380 14.246 15.124 16.016 16.217 15.537 14.895 14.293 13.730 13.207 12.722 12.277 11.871 11.505 11.177 10.889 10.640 10.395 10.140 9.875 9.599 9.313 9.017 8.711 8.395 8.068 7.731 7.384 7.180
7.636 7.569 7.503 7.438 7.374 7.311 7.248 7.186 7.125 7.065 7.006 6.906 6.728 6.553 6.379 6.207 6.037 5.869 5.702 5.537 5.373 5.212 5.052 4.991 5.127 5.260 5.392 5.523 5.652 5.779 5.904 6.025 6.121 6.194 6.244 6.516 7.325 8.146 8.980 9.827 10.687 11.559 12.444 13.342 14.253 15.176 16.112 16.613 16.069 15.565 15.100 14.674 14.287 13.940 13.632 13.363 13.133 12.942 12.791 12.630 12.349 12.058 11.757 11.445 11.123 10.791 10.448 10.096 9.733 9.360 8.976 8.680
7.681 7.618 7.555 7.493 7.431 7.371 7.311 7.252 7.195 7.138 7.081 7.002 6.831 6.662 6.494 6.328 6.164 6.001 5.840 5.681 5.524 5.368 5.214 5.114 5.274 5.451 5.604 5.735 5.842 5.927 5.988 6.026 6.042 6.034 6.003 6.105 6.958 7.825 8.704 9.596 10.500 11.418 12.348 13.291 14.246 15.215 16.196 16.969 16.562 16.195 15.867 15.578 15.328 15.117 14.946 14.814 14.721 14.667 14.653 14.628 14.311 13.983 13.646 13.298 12.940 12.571 12.193 11.804 11.405 10.996 10.577 10.192
7.726 7.665 7.605 7.546 7.488 7.430 7.373 7.318 7.263 7.209 7.155 7.097 6.932 6.768 6.607 6.447 6.288 6.148 6.033 5.937 5.859 5.801 5.761 5.747 5.865 5.961 6.034 6.083 6.110 6.114 6.094 6.052 5.987 5.898 5.787 5.681 6.579 7.491 8.415 9.351 10.301 11.263 12.238 13.226 14.227 15.240 16.266 17.285 17.015 16.785 16.594 16.442 16.329 16.255 16.220 16.225 16.268 16.351 16.473 16.633 16.280 15.916 15.542 15.158 14.764 14.359 13.945 13.520 13.085 12.640 12.184 11.718
7.769 7.712 7.654 7.598 7.543 7.488 7.435 7.382 7.330 7.279 7.211 7.132 6.978 6.835 6.710 6.605 6.518 6.451 6.402 6.372 6.361 6.369 6.395 6.441 6.480 6.495 6.487 6.455 6.401 6.324 6.224 6.101 5.955 5.786 5.594 5.379 6.187 7.144 8.113 9.094 10.089 11.096 12.116 13.149 14.194 15.252 16.323 17.407 17.429 17.336 17.281 17.266 17.289 17.352 17.454 17.595 17.775 17.995 18.253 18.551 18.256 17.856 17.446 17.026 16.596 16.155 15.704 15.243 14.772 14.291 13.799 13.298
7.812 7.757 7.703 7.660 7.610 7.551 7.484 7.409 7.326 7.234 7.135 7.027 6.929 6.852 6.794 6.754 6.734 6.733 6.750 6.786 6.841 6.915 7.008 7.120 7.117 7.052 6.963 6.851 6.716 6.559 6.378 6.174 5.948 5.698 5.425 5.130 5.783 6.784 7.798 8.824 9.864 10.916 11.981 13.058 14.149 15.252 16.367 17.496 17.803 17.846 17.929 18.050 18.210 18.409 18.648 18.926 19.242 19.598 19.993 20.427 20.239 19.803 19.357 18.901 18.435 17.958 17.471 16.885 16.181 15.520 14.900 14.323
7.983 7.928 7.865 7.794 7.714 7.627 7.531 7.428 7.316 7.196 7.068 6.931 6.859 6.848 6.857 6.884 6.929 6.994 7.078 7.180 7.301 7.442 7.601 7.779 7.778 7.632 7.463 7.270 7.055 6.816 6.555 6.271 5.964 5.634 5.280 4.904 5.365 6.411 7.470 8.542 9.626 10.723 11.832 12.955 14.090 15.238 16.398 17.572 18.138 18.318 18.537 18.794 19.091 19.427 19.802 20.216 20.669 21.161 21.692 22.262 22.020 21.169 20.360 19.592 18.867 18.184 17.543 16.944 16.387 15.872 15.399 14.968
8.210 8.127 8.035 7.935 7.828 7.711 7.587 7.455 7.315 7.166 7.009 6.844 6.769 6.825 6.899 6.992 7.104 7.235 7.385 7.553 7.741 7.947 8.172 8.416 8.463 8.236 7.986 7.713 7.417 7.098 6.756 6.391 6.004 5.593 5.160 4.703 4.935 6.026 7.130 8.246 9.375 10.517 11.671 12.838 14.018 15.211 16.416 17.634 18.434 18.750 19.105 19.499 19.932 20.194 20.344 20.504 20.673 20.852 21.040 21.238 21.014 20.310 19.647 19.026 18.448 17.911 17.417 16.964 16.553 16.185 15.858 15.573
8.447 8.335 8.214 8.086 7.950 7.805 7.652 7.491 7.322 7.145 6.960 6.766 6.659 6.781 6.921 7.081 7.259 7.456 7.671 7.906 8.160 8.432 8.723 9.033 9.170 8.862 8.532 8.178 7.802 7.403 6.980 6.535 6.067 5.576 5.062 4.526 4.492 5.628 6.776 7.938 9.111 10.298 11.497 12.709 13.934 15.171 16.257 17.262 17.970 18.106 18.251 18.406 18.571 18.745 18.929 19.123 19.326 19.539 19.762 19.994 19.969 19.411 18.895 18.421 17.989 17.598 17.250 16.944 16.679 16.457 16.276 16.138
8.692 8.551 8.402 8.245 8.080 7.907 7.726 7.536 7.339 7.133 6.919 6.697 6.529 6.717 6.923 7.149 7.393 7.656 7.938 8.238 8.558 8.896 9.253 9.629 9.901 9.512 9.101 8.668 8.211 7.731 7.229 6.703 6.155 5.583 4.989 4.372 4.037 5.217 6.410 7.570 8.692 9.780 10.836 11.857 12.845 13.800 14.721 15.609 16.344 16.514 16.693 16.882 17.081 17.289 17.507 17.735 17.972 18.219 18.475 18.741 18.885 18.474 18.104 17.776 17.490 17.246 17.044 16.883 16.765 16.689 16.654 16.662
8.948 8.777 8.599 8.414 8.220 8.018 7.808 7.590 7.364 7.130 6.888 6.637 6.379 6.632 6.905 7.196 7.507 7.836 8.183 8.550 8.935 9.340 9.763 10.205 10.654 10.186 9.694 9.180 8.643 8.083 7.500 6.893 6.227 5.568 4.914 4.267 3.667 4.773 5.846 6.885 7.890 8.862 9.801 10.706 11.577 12.415 13.220 13.991 14.710 14.914 15.127 15.350 15.583 15.825 16.077 16.339 16.610 16.891 17.181 17.481 17.762 17.497 17.273 17.091 16.952 16.854 16.798 16.783 16.811 16.881 16.992 17.146
9.243 9.011 8.805 8.590 8.368 8.138 7.900 7.653 7.399 7.136 6.865 6.586 6.299 6.528 6.867 7.224 7.600 7.995 8.409 8.841 9.293 9.763 10.252 10.759 11.261 10.719 10.038 9.363 8.694 8.031 7.374 6.723 6.079 5.440 4.807 4.181 3.560 4.356 5.312 6.234 7.123 7.979 8.801 9.589 10.344 11.066 11.754 12.409 13.030 13.306 13.553 13.811 14.077 14.353 14.639 14.935 15.240 15.555 15.879 16.213 16.557 16.481 16.403 16.368 16.374 16.422 16.512 16.644 16.817 17.033 17.290 17.589
9.566 9.253 9.019 8.776 8.525 8.267 8.000 7.725 7.442 7.150 6.851 6.544 6.228 6.403 6.808 7.231 7.673 8.135 8.591 9.022 9.428 9.811 10.169 10.502 10.812 10.417 9.757 9.103 8.455 7.813 7.177 6.548 5.924 5.306 4.695 4.089 3.490 3.973 4.812 5.618 6.391 7.130 7.835 8.507 9.146 9.751 10.323 10.862 11.367 11.691 11.972 12.263 12.564 12.874 13.194 13.524 13.863 14.211 14.570 14.938 15.315 15.426 15.494 15.605 15.757 15.951 16.186 16.464 16.783 17.145 17.548 17.993
9.915 9.504 9.241 8.970 8.691 8.404 8.108 7.805 7.493 7.174 6.903 6.678 6.433 6.583 7.051 7.494 7.913 8.307 8.678 9.024 9.345 9.642 9.915 10.164 10.388 10.109 9.470 8.837 8.211 7.590 6.975 6.366 5.763 5.167 4.576 3.992 3.413 3.625 4.348 5.037 5.693 6.316 6.905 7.461 7.983 8.472 8.928 9.350 9.739 10.069 10.384 10.709 11.043 11.388 11.741 12.105 12.478 12.860 13.253 13.654 14.066 14.332 14.546 14.802 15.100 15.440 15.821 16.245 16.710 17.217 17.765 18.356
10.292 9.764 9.473 9.277 9.126 8.953 8.760 8.546 8.311 8.056 7.779 7.482 7.163 7.121 7.504 7.862 8.196 8.505 8.790 9.051 9.288 9.500 9.688 9.852 9.991 9.796 9.178 8.566 7.960 7.360 6.767 6.179 5.597 5.021 4.452 3.888 3.331 3.311 3.917 4.490 5.030 5.536 6.009 6.449 6.855 7.228 7.567 7.874 8.146 8.439 8.788 9.147 9.515 9.893 10.281 10.678 11.085 11.501 11.927 12.363 12.808 13.199 13.559 13.961 14.404 14.890 15.417 15.986 16.527 16.960 17.374 17.771
11.426 11.075 10.891 10.687 10.463 10.217 9.951 9.663 9.355 9.026 8.677 8.306 7.915 7.685 7.982 8.255 8.504 8.728 8.929 9.104 9.256 9.383 9.486 9.565 9.619 9.477 8.880 8.289 7.704 7.125 6.552 5.986 5.425 4.870 4.321 3.779 3.242 3.031 3.521 3.978 4.402 4.792 5.149 5.472 5.762 6.019 6.242 6.432 6.589 6.801 7.184 7.577 7.979 8.391 8.813 9.244 9.684 10.135 10.595 11.064 11.543 12.043 12.539 13.017 13.477 13.919 14.343 14.750 15.138 15.508 15.861 16.196
12.880 12.652 12.395 12.118 11.820 11.502 11.162 10.802 10.421 10.019 9.596 9.152 8.688 8.273 8.486 8.674 8.838 8.977 9.092 9.183 9.250 9.293 9.311 9.305 9.274 9.152 8.576 8.006 7.442 6.884 6.333 5.787 5.247 4.713 4.185 3.663 3.148 2.785 3.159 3.500 3.808 4.082 4.322 4.530 4.704 4.845 4.952 5.026 5.067 5.156 5.573 6.000 6.436 6.882 7.450 8.074 8.663 9.218 9.739 10.226 10.679 11.106 11.540 11.956 12.354 12.734 13.097 13.441 13.768 14.076 14.367 14.640
