DATA/SHG/ECMWF/20170628/EN-47/20170628.en-47.asc
ncols        190
nrows        64
xllcorner    -5100000.000000000000
yllcorner    4130000.000000000000
cellsize     10000.000000000000
NODATA_value  -99999.000
[rows 0 to 32 of 64, columns 74 to 147 of 190]
3.730 3.714 3.690 3.660 3.624 3.581 3.531 3.526 3.687 3.872 4.054 4.232 4.408 4.580 4.749 4.916 5.079 5.239 5.396 5.493 5.399 5.303 5.205 5.106 5.005 4.902 4.797 4.690 4.582 4.471 4.359 4.335 4.596 4.842 5.075 5.293 5.497 5.687 5.862 6.024 6.171 6.303 6.422 6.399 5.980 5.568 5.162 4.764 4.372 3.987 3.609 3.237 2.872 2.514 2.163 1.893 1.846 1.798 1.750 1.701 1.651 1.601 1.550 1.498 1.446 1.393 1.340 1.309 1.353 1.414 1.493 1.589 1.703 1.834
3.419 3.426 3.444 3.461 3.478 3.493 3.508 3.551 3.728 3.902 4.073 4.241 4.406 4.567 4.726 4.881 5.034 5.183 5.329 5.447 5.344 5.240 5.135 5.027 4.917 4.806 4.693 4.578 4.461 4.342 4.221 4.136 4.333 4.516 4.685 4.840 4.981 5.107 5.219 5.317 5.400 5.470 5.525 5.512 5.123 4.741 4.366 3.998 3.636 3.281 2.933 2.591 2.257 1.929 1.607 1.329 1.280 1.229 1.178 1.126 1.074 1.021 0.967 0.913 0.858 0.802 0.746 0.715 0.837 0.977 1.134 1.308 1.500 1.710
3.505 3.521 3.536 3.550 3.563 3.576 3.587 3.605 3.772 3.935 4.095 4.252 4.406 4.557 4.705 4.850 4.992 5.130 5.266 5.398 5.293 5.180 5.066 4.950 4.832 4.712 4.591 4.467 4.342 4.215 4.086 3.955 4.087 4.206 4.312 4.403 4.480 4.543 4.592 4.626 4.646 4.652 4.644 4.619 4.260 3.909 3.564 3.225 2.894 2.569 2.251 1.940 1.635 1.337 1.046 0.767 0.715 0.661 0.608 0.553 0.498 0.442 0.386 0.329 0.271 0.213 0.154 0.183 0.529 0.868 1.201 1.527 1.848 2.162
3.604 3.616 3.628 3.639 3.650 3.659 3.667 3.675 3.818 3.971 4.120 4.266 4.410 4.550 4.687 4.821 4.952 5.080 5.205 5.327 5.243 5.122 5.000 4.875 4.749 4.621 4.491 4.359 4.226 4.090 3.953 3.814 3.856 3.912 3.955 3.982 3.996 3.996 3.981 3.952 3.909 3.852 3.780 3.694 3.392 3.070 2.755 2.447 2.146 1.851 1.563 1.282 1.007 0.740 0.479 0.224 0.151 0.095 0.100 0.170 0.249 0.337 0.433 0.539 0.654 0.777 0.910 1.051 1.356 1.667 1.972 2.270 2.562 2.848
3.703 3.713 3.722 3.730 3.737 3.743 3.748 3.752 3.867 4.009 4.148 4.283 4.416 4.546 4.672 4.795 4.916 5.033 5.147 5.259 5.195 5.066 4.936 4.803 4.668 4.532 4.394 4.254 4.112 3.968 3.822 3.675 3.642 3.634 3.613 3.578 3.528 3.464 3.386 3.294 3.188 3.067 2.932 2.783 2.518 2.226 1.941 1.663 1.392 1.199 1.066 0.932 0.796 0.658 0.519 0.379 0.417 0.509 0.609 0.719 0.838 0.965 1.102 1.247 1.402 1.565 1.738 1.919 2.189 2.472 2.748 3.018 3.282 3.539
3.803 3.810 3.816 3.820 3.824 3.827 3.829 3.830 3.919 4.050 4.178 4.303 4.425 4.544 4.660 4.772 4.882 4.989 5.092 5.193 5.150 5.013 4.874 4.733 4.590 4.445 4.299 4.150 4.000 3.848 3.694 3.538 3.443 3.372 3.288 3.189 3.076 2.949 2.808 2.652 2.556 2.511 2.470 2.432 2.335 2.202 2.068 1.933 1.796 1.658 1.518 1.377 1.235 1.091 0.946 0.799 0.836 0.968 1.109 1.258 1.417 1.584 1.760 1.946 2.140 2.343 2.555 2.776 3.026 3.281 3.529 3.771 4.007 4.236
3.904 3.908 3.910 3.912 3.913 3.912 3.911 3.909 3.973 4.094 4.211 4.325 4.437 4.545 4.650 4.752 4.851 4.947 5.040 5.130 5.107 4.961 4.814 4.665 4.514 4.361 4.206 4.049 3.890 3.730 3.568 3.432 3.341 3.281 3.224 3.172 3.125 3.081 3.042 3.006 2.975 2.948 2.925 2.907 2.825 2.686 2.546 2.404 2.261 2.117 1.971 1.823 1.674 1.524 1.373 1.220 1.246 1.418 1.598 1.787 1.986 2.193 2.409 2.634 2.868 3.111 3.363 3.623 3.869 4.096 4.316 4.529 4.737 4.938
4.006 4.006 4.005 4.004 4.002 3.998 3.994 3.989 4.030 4.140 4.247 4.351 4.451 4.549 4.643 4.735 4.823 4.908 4.990 5.070 5.066 4.912 4.768 4.631 4.498 4.370 4.245 4.125 4.009 3.897 3.789 3.685 3.606 3.565 3.527 3.494 3.464 3.439 3.418 3.401 3.389 3.380 3.376 3.376 3.317 3.172 3.025 2.877 2.727 2.576 2.424 2.270 2.115 1.959 1.801 1.641 1.646 1.857 2.077 2.307 2.545 2.791 3.047 3.312 3.586 3.868 4.160 4.460 4.717 4.915 5.107 5.293 5.472 5.645
4.108 4.105 4.101 4.097 4.091 4.085 4.078 4.069 4.090 4.189 4.285 4.378 4.468 4.555 4.645 4.752 4.849 4.936 5.014 5.082 5.100 4.973 4.850 4.732 4.618 4.508 4.402 4.300 4.202 4.109 4.019 3.934 3.867 3.844 3.825 3.810 3.799 3.792 3.790 3.791 3.797 3.807 3.821 3.840 3.809 3.658 3.505 3.350 3.194 3.037 2.878 2.718 2.557 2.394 2.230 2.064 2.036 2.287 2.547 2.816 3.094 3.380 3.676 3.980 4.294 4.616 4.947 5.287 5.570 5.740 5.904 6.061 6.213 6.358
4.211 4.205 4.198 4.190 4.182 4.172 4.162 4.166 4.218 4.348 4.469 4.580 4.682 4.774 4.857 4.930 4.994 5.048 5.093 5.128 5.141 5.032 4.928 4.828 4.733 4.641 4.553 4.470 4.391 4.316 4.245 4.178 4.123 4.118 4.117 4.121 4.128 4.140 4.156 4.176 4.201 4.229 4.262 4.298 4.303 4.145 3.985 3.824 3.662 3.499 3.333 3.167 2.999 2.830 2.659 2.487 2.417 2.707 3.007 3.315 3.633 3.959 4.294 4.638 4.991 5.353 5.724 6.104 6.427 6.570 6.705 6.835 6.958 7.075
4.334 4.371 4.407 4.444 4.482 4.520 4.558 4.597 4.637 4.734 4.822 4.900 4.968 5.027 5.077 5.117 5.148 5.169 5.181 5.183 5.175 5.087 5.002 4.920 4.843 4.769 4.700 4.635 4.574 4.518 4.465 4.417 4.373 4.387 4.405 4.427 4.453 4.483 4.518 4.556 4.599 4.646 4.697 4.752 4.797 4.633 4.467 4.300 4.131 3.961 3.790 3.617 3.443 3.267 3.090 2.912 2.787 3.117 3.457 3.805 4.162 4.528 4.903 5.286 5.679 6.081 6.491 6.910 7.290 7.404 7.512 7.614 7.709 7.798
4.754 4.791 4.829 4.868 4.907 4.946 4.986 5.027 5.067 5.128 5.182 5.227 5.263 5.289 5.305 5.312 5.310 5.298 5.277 5.246 5.205 5.137 5.070 5.007 4.948 4.893 4.842 4.796 4.753 4.715 4.681 4.651 4.625 4.651 4.688 4.728 4.773 4.821 4.874 4.931 4.993 5.058 5.127 5.201 5.279 5.121 4.949 4.776 4.601 4.424 4.246 4.067 3.887 3.705 3.522 3.337 3.151 3.518 3.897 4.285 4.681 5.087 5.501 5.925 6.357 6.798 7.248 7.666 8.019 8.082 8.197 8.364 8.583 8.854
5.172 5.211 5.251 5.291 5.331 5.372 5.413 5.455 5.497 5.530 5.551 5.563 5.566 5.558 5.542 5.516 5.480 5.435 5.381 5.317 5.243 5.183 5.134 5.089 5.048 5.012 4.980 4.951 4.927 4.907 4.892 4.880 4.872 4.911 4.966 5.024 5.087 5.155 5.226 5.301 5.381 5.465 5.553 5.645 5.741 5.611 5.432 5.252 5.071 4.888 4.704 4.519 4.332 4.144 3.954 3.763 3.570 3.909 4.324 4.733 5.132 5.522 5.903 6.275 6.638 6.992 7.337 7.673 8.000 8.297 8.644 9.042 9.492 9.994
5.589 5.630 5.671 5.712 5.754 5.797 5.839 5.883 5.927 5.940 5.929 5.907 5.877 5.836 5.787 5.728 5.659 5.581 5.494 5.397 5.289 5.223 5.193 5.167 5.144 5.126 5.112 5.102 5.097 5.095 5.097 5.104 5.115 5.165 5.238 5.316 5.397 5.483 5.573 5.666 5.764 5.867 5.973 6.083 6.198 6.101 5.916 5.730 5.542 5.341 5.133 4.933 4.743 4.560 4.387 4.222 4.065 4.325 4.702 5.070 5.429 5.779 6.120 6.452 6.775 7.089 7.393 7.689 7.975 8.461 9.038 9.667 10.349 11.082
6.005 6.047 6.090 6.133 6.176 6.220 6.265 6.309 6.355 6.359 6.314 6.260 6.196 6.123 6.040 5.948 5.846 5.735 5.615 5.485 5.344 5.259 5.247 5.239 5.235 5.236 5.240 5.248 5.261 5.278 5.299 5.324 5.353 5.415 5.506 5.602 5.702 5.806 5.914 6.026 6.114 6.179 6.253 6.336 6.426 6.340 6.136 5.940 5.753 5.574 5.405 5.243 5.091 4.947 4.812 4.685 4.567 4.752 5.089 5.417 5.736 6.046 6.346 6.638 6.920 7.194 7.458 7.714 7.960 8.572 9.381 10.241 11.153 12.117
6.420 6.464 6.508 6.553 6.598 6.643 6.689 6.735 6.782 6.785 6.707 6.620 6.523 6.417 6.301 6.176 6.041 5.897 5.744 5.581 5.407 5.291 5.297 5.307 5.322 5.340 5.363 5.390 5.421 5.456 5.495 5.503 5.477 5.476 5.520 5.573 5.634 5.704 5.782 5.868 5.962 6.065 6.176 6.295 6.423 6.411 6.245 6.087 5.939 5.798 5.667 5.544 5.430 5.324 5.227 5.138 5.059 5.188 5.484 5.772 6.051 6.320 6.581 6.832 7.075 7.308 7.533 7.748 7.954 8.632 9.671 10.762 11.904 13.099
6.835 6.880 6.925 6.971 7.018 7.064 7.112 7.160 7.208 7.220 7.109 6.989 6.859 6.719 6.571 6.413 6.245 6.068 5.882 5.686 5.479 5.317 5.325 5.317 5.305 5.289 5.270 5.246 5.218 5.187 5.151 5.111 5.068 5.057 5.138 5.228 5.327 5.433 5.548 5.671 5.802 5.942 6.090 6.246 6.410 6.473 6.345 6.226 6.115 6.013 5.920 5.835 5.759 5.692 5.633 5.583 5.541 5.632 5.889 6.136 6.375 6.604 6.824 7.036 7.238 7.431 7.616 7.791 7.957 8.640 9.909 11.230 12.603 14.028
7.248 7.294 7.341 7.389 7.437 7.485 7.534 7.583 7.633 7.663 7.519 7.365 7.202 7.030 6.848 6.642 6.421 6.185 5.933 5.665 5.384 5.119 5.097 5.072 5.042 5.009 4.972 4.930 4.885 4.836 4.782 4.725 4.664 4.630 4.748 4.875 5.010 5.153 5.305 5.465 5.633 5.810 5.995 6.188 6.389 6.525 6.435 6.355 6.282 6.219 6.163 6.117 6.079 6.050 6.029 6.017 6.014 6.085 6.301 6.509 6.707 6.896 7.077 7.248 7.410 7.563 7.708 7.843 7.969 8.595 10.095 11.647 13.250 14.905
7.660 7.708 7.757 7.806 7.855 7.905 7.955 8.003 8.050 8.117 7.941 7.743 7.530 7.302 7.058 6.798 6.523 6.233 5.927 5.605 5.269 4.921 4.875 4.832 4.785 4.734 4.678 4.620 4.557 4.490 4.419 4.344 4.265 4.194 4.349 4.513 4.685 4.865 5.054 5.251 5.456 5.669 5.891 6.121 6.359 6.568 6.517 6.474 6.440 6.415 6.398 6.389 6.390 6.399 6.416 6.442 6.477 6.546 6.723 6.890 7.048 7.198 7.338 7.469 7.591 7.704 7.808 7.904 7.990 8.499 10.229 12.011 13.844 15.729
8.047 8.021 8.016 8.032 8.068 8.125 8.203 8.301 8.420 8.559 8.381 8.129 7.862 7.579 7.281 6.968 6.639 6.294 5.934 5.559 5.169 4.766 4.657 4.596 4.531 4.463 4.390 4.314 4.233 4.148 4.060 3.968 3.871 3.771 3.942 4.143 4.351 4.569 4.794 5.028 5.270 5.520 5.778 6.045 6.320 6.602 6.589 6.585 6.589 6.601 6.623 6.653 6.691 6.738 6.794 6.858 6.931 7.017 7.153 7.280 7.398 7.508 7.608 7.699 7.781 7.854 7.918 7.973 8.019 8.352 10.311 12.323 14.386 16.501
7.822 7.869 7.935 8.023 8.131 8.260 8.409 8.579 8.770 8.981 8.834 8.528 8.207 7.871 7.519 7.151 6.768 6.370 5.956 5.527 5.082 4.626 4.444 4.366 4.283 4.197 4.107 4.012 3.914 3.812 3.706 3.596 3.482 3.364 3.526 3.763 4.009 4.263 4.525 4.796 5.075 5.362 5.657 5.961 6.272 6.592 6.652 6.686 6.728 6.779 6.838 6.906 6.983 7.068 7.162 7.264 7.375 7.495 7.592 7.679 7.757 7.826 7.886 7.937 7.980 8.013 8.037 8.052 8.200 8.636 10.970 13.195 15.311 17.319
7.578 7.697 7.835 7.995 8.175 8.375 8.596 8.838 9.101 9.384 9.301 8.941 8.566 8.176 7.770 7.349 6.912 6.459 5.992 5.508 5.010 4.499 4.236 4.140 4.040 3.936 3.828 3.716 3.600 3.481 3.357 3.229 3.098 2.962 3.102 3.376 3.658 3.949 4.248 4.556 4.871 5.195 5.527 5.867 6.216 6.573 6.706 6.778 6.858 6.947 7.045 7.151 7.265 7.389 7.520 7.661 7.810 7.968 8.039 8.181 8.467 8.766 9.077 9.402 9.739 10.089 10.452 10.828 11.216 11.617 13.370 15.114 16.749 18.275
7.315 7.505 7.716 7.947 8.199 8.471 8.764 9.078 9.412 9.767 9.782 9.368 8.939 8.495 8.035 7.560 7.069 6.563 6.041 5.504 4.952 4.386 4.032 3.918 3.801 3.679 3.554 3.425 3.291 3.154 3.013 2.868 2.718 2.565 2.669 2.980 3.299 3.627 3.962 4.306 4.659 5.019 5.388 5.765 6.151 6.544 6.751 6.861 6.979 7.106 7.278 7.538 7.839 8.182 8.566 8.992 9.459 9.968 10.343 10.673 11.015 11.371 11.739 12.120 12.513 12.920 13.339 13.771 14.215 14.673 15.876 17.138 18.291 19.336
7.034 7.295 7.578 7.881 8.204 8.548 8.913 9.298 9.704 10.130 10.276 9.808 9.326 8.827 8.314 7.785 7.240 6.680 6.105 5.514 4.907 4.287 3.833 3.702 3.567 3.428 3.285 3.138 2.987 2.832 2.673 2.511 2.344 2.173 2.227 2.575 2.931 3.295 3.668 4.049 4.438 4.863 5.322 5.765 6.192 6.603 6.921 7.198 7.518 7.878 8.281 8.724 9.209 9.736 10.304 10.913 11.564 12.256 12.763 13.149 13.548 13.959 14.384 14.821 15.271 15.734 16.209 16.697 17.198 17.712 18.485 19.266 19.939 20.503
6.733 7.066 7.420 7.795 8.190 8.606 9.042 9.499 9.976 10.474 10.784 10.262 9.726 9.174 8.606 8.023 7.425 6.811 6.182 5.538 4.877 4.202 3.639 3.490 3.338 3.181 3.021 2.856 2.688 2.515 2.339 2.159 2.031 2.003 2.155 2.657 3.142 3.611 4.063 4.500 4.919 5.323 5.710 6.081 6.435 6.774 7.143 7.605 8.108 8.652 9.238 9.866 10.534 11.245 11.996 12.789 13.624 14.500 15.166 15.608 16.063 16.531 17.012 17.506 18.012 18.531 19.063 19.607 20.164 20.734 21.198 21.499 21.691 21.775
6.413 6.818 7.244 7.690 8.157 8.644 9.152 9.680 10.229 10.799 11.305 10.730 10.140 9.534 8.912 8.276 7.624 6.956 6.273 5.575 4.860 4.132 3.450 3.312 3.227 3.154 3.094 3.046 3.011 2.988 2.978 2.980 2.995 3.022 3.140 3.569 3.982 4.378 4.758 5.122 5.469 5.800 6.115 6.413 6.695 6.961 7.321 7.967 8.653 9.382 10.151 10.962 11.814 12.708 13.643 14.620 15.638 16.697 17.553 18.051 18.563 19.087 19.624 20.174 20.736 21.312 21.900 22.500 23.114 23.740 24.016 23.836 23.548 23.152
6.074 6.551 7.048 7.566 8.104 8.663 9.243 9.843 10.463 11.104 11.765 11.211 10.567 9.907 9.232 8.532 7.774 7.047 6.349 5.681 5.038 4.415 3.816 3.761 3.731 3.714 3.709 3.717 3.737 3.770 3.815 3.873 3.943 4.026 4.141 4.498 4.838 5.162 5.470 5.761 6.036 6.294 6.537 6.763 6.972 7.166 7.455 8.284 9.155 10.066 11.019 12.014 13.050 14.127 15.245 16.405 17.606 18.849 19.923 20.478 21.046 21.627 22.220 22.826 23.444 24.076 24.720 25.377 26.047 26.729 26.937 26.278 25.510 24.633
5.716 6.265 6.834 7.423 8.033 8.663 9.314 9.985 10.645 11.185 11.711 11.158 10.384 9.641 8.927 8.243 7.589 6.965 6.371 5.806 5.267 4.750 4.255 4.196 4.221 4.259 4.310 4.373 4.449 4.537 4.637 4.750 4.876 5.014 5.165 5.443 5.711 5.962 6.198 6.416 6.619 6.805 6.975 7.129 7.266 7.387 7.545 8.558 9.612 10.707 11.843 13.021 14.240 15.500 16.802 18.145 19.529 20.955 22.278 22.889 23.513 24.150 24.799 25.461 26.136 26.824 27.524 28.237 28.963 29.701 29.963 28.824 27.576 26.220
5.340 5.949 6.534 7.106 7.665 8.211 8.745 9.266 9.774 10.270 10.753 10.429 9.759 9.119 8.509 7.928 7.378 6.857 6.366 5.905 5.470 5.057 4.667 4.616 4.697 4.790 4.896 5.015 5.146 5.289 5.445 5.613 5.794 5.988 6.194 6.405 6.600 6.779 6.942 7.089 7.219 7.333 7.431 7.512 7.577 7.626 7.658 8.787 10.024 11.302 12.622 13.983 15.385 16.829 18.314 19.840 21.407 23.016 24.616 25.283 25.964 26.656 27.362 28.080 28.811 29.555 30.311 31.081 31.863 32.657 33.092 31.473 29.747 27.912
4.844 5.397 5.938 6.466 6.981 7.484 7.974 8.452 8.916 9.369 9.808 9.673 9.107 8.570 8.064 7.587 7.140 6.722 6.335 5.977 5.646 5.337 5.052 5.021 5.157 5.306 5.467 5.641 5.828 6.026 6.238 6.461 6.698 6.947 7.208 7.383 7.506 7.613 7.704 7.778 7.836 7.878 7.903 7.912 7.905 7.882 7.842 8.972 10.392 11.854 13.356 14.900 16.486 18.112 19.780 21.489 23.240 25.031 26.864 27.662 28.398 29.147 29.908 30.683 31.470 32.270 33.082 33.908 34.746 35.596 36.140 33.672 31.257 28.895
4.348 4.858 5.354 5.839 6.311 6.770 7.216 7.650 8.071 8.480 8.875 8.892 8.429 7.996 7.593 7.219 6.875 6.561 6.277 6.023 5.795 5.591 5.410 5.412 5.603 5.807 6.024 6.253 6.495 6.749 7.016 7.295 7.586 7.890 8.207 8.378 8.428 8.463 8.481 8.484 8.469 8.439 8.392 8.329 8.250 8.154 8.042 9.113 10.716 12.361 14.046 15.773 17.542 19.351 21.202 23.094 25.027 27.001 29.017 30.024 30.816 31.449 31.760 32.090 32.438 32.805 33.189 33.592 34.014 34.454 34.912 32.852 30.669 28.538
3.864 4.330 4.783 5.224 5.652 6.068 6.470 6.861 7.238 7.603 7.955 8.084 7.725 7.395 7.095 6.825 6.584 6.373 6.192 6.041 5.918 5.818 5.741 5.788 6.035 6.294 6.566 6.851 7.148 7.457 7.779 8.113 8.460 8.819 9.191 9.389 9.367 9.330 9.276 9.206 9.120 9.017 8.898 8.763 8.611 8.444 8.260 9.210 10.996 12.823 14.692 16.602 18.565 20.482 22.263 23.909 25.418 26.792 28.029 28.608 28.964 29.338 29.731 30.142 30.572 31.020 31.486 31.970 32.473 32.994 33.534 31.981 30.030 28.130
3.393 3.815 4.225 4.622 5.006 5.378 5.737 6.084 6.418 6.739 7.048 7.251 6.994 6.768 6.571 6.404 6.267 6.159 6.081 6.033 6.013 6.018 6.045 6.149 6.452 6.766 7.094 7.433 7.785 8.150 8.527 8.917 9.318 9.733 10.160 10.416 10.323 10.213 10.087 9.945 9.786 9.612 9.421 9.340 9.620 9.910 10.213 11.362 13.358 15.218 16.942 18.531 19.984 21.300 22.481 23.526 24.436 25.209 25.847 26.319 26.756 27.212 27.686 28.179 28.689 29.219 29.766 30.332 30.916 31.518 32.139 31.060 29.340 27.672
