DATA/SHG/ECMWF/20170628/EN-47/20170706.en-47.asc
ncols        190
nrows        64
xllcorner    -5100000.000000000000
yllcorner    4130000.000000000000
cellsize     10000.000000000000
NODATA_value  -99999.000
[rows 0 to 31 of 64, columns 73 to 145 of 190]
13.652 14.222 14.812 15.423 16.055 16.707 17.379 18.072 18.615 18.609 18.489 18.345 18.175 17.981 17.761 17.517 17.247 16.953 16.633 16.289 15.976 15.869 15.789 15.719 15.660 15.611 15.572 15.544 15.526 15.518 15.521 15.534 15.465 15.104 14.744 14.386 14.028 13.671 13.315 12.961 12.608 12.255 11.904 11.554 11.265 11.166 11.073 10.986 10.904 10.829 10.759 10.695 10.636 10.584 10.537 10.496 10.501 10.634 10.783 10.945 11.123 11.314 11.520 11.741 11.976 12.225 12.489 12.767 12.983 12.994 13.013 13.040 13.076
14.711 15.353 15.937 16.477 16.988 17.470 17.924 18.349 18.649 18.467 18.260 18.028 17.771 17.489 17.182 16.850 16.493 16.111 15.704 15.272 14.855 14.794 14.760 14.737 14.724 14.721 14.729 14.747 14.775 14.814 14.862 14.922 14.942 14.586 14.231 13.877 13.524 13.172 12.821 12.472 12.123 11.776 11.429 11.084 10.773 10.701 10.633 10.572 10.516 10.466 10.422 10.384 10.351 10.325 10.304 10.288 10.306 10.505 10.718 10.945 11.186 11.443 11.713 11.998 12.297 12.611 12.939 13.282 13.591 13.639 13.696 13.761 13.834
15.467 15.964 16.432 16.872 17.283 17.666 18.020 18.346 18.617 18.348 18.053 17.734 17.389 17.020 16.625 16.206 15.762 15.292 14.798 14.279 13.734 13.708 13.721 13.744 13.777 13.821 13.875 13.939 14.014 14.098 14.194 14.299 14.415 14.067 13.717 13.368 13.020 12.673 12.327 11.982 11.638 11.295 10.954 10.613 10.277 10.229 10.188 10.153 10.123 10.099 10.080 10.068 10.061 10.060 10.065 10.075 10.097 10.360 10.638 10.929 11.235 11.556 11.891 12.240 12.604 12.982 13.375 13.782 14.195 14.281 14.357 14.422 14.476
16.187 16.584 16.953 17.293 17.604 17.887 18.142 18.368 18.566 18.252 17.870 17.463 17.032 16.575 16.093 15.586 15.054 14.498 13.916 13.310 12.678 12.613 12.672 12.741 12.821 12.911 13.011 13.121 13.242 13.373 13.514 13.666 13.828 13.548 13.202 12.858 12.515 12.173 11.832 11.492 11.153 10.815 10.478 10.143 9.808 9.753 9.737 9.728 9.724 9.725 9.733 9.746 9.765 9.790 9.820 9.857 9.899 10.201 10.543 10.929 11.352 11.779 12.210 12.646 13.086 13.530 13.979 14.433 14.890 14.959 14.988 15.007 15.015
16.933 17.230 17.499 17.740 17.952 18.135 18.290 18.417 18.515 18.180 17.711 17.216 16.697 16.153 15.584 14.990 14.371 13.727 13.058 12.365 11.646 11.508 11.613 11.728 11.854 11.990 12.137 12.293 12.460 12.637 12.825 13.022 13.230 13.028 12.688 12.348 12.010 11.672 11.336 11.001 10.667 10.334 10.002 9.672 9.342 9.271 9.281 9.297 9.319 9.346 9.411 9.511 9.623 9.746 9.879 10.024 10.180 10.555 10.989 11.426 11.869 12.315 12.766 13.222 13.682 14.146 14.615 15.088 15.565 15.646 15.629 15.601 15.563
17.704 17.902 18.071 18.212 18.325 18.409 18.465 18.492 18.491 18.131 17.574 16.993 16.386 15.755 15.098 14.417 13.711 12.980 12.224 11.443 10.638 10.392 10.544 10.705 10.877 11.059 11.252 11.455 11.668 11.891 12.124 12.368 12.622 12.508 12.173 11.838 11.504 11.172 10.841 10.510 10.181 9.871 9.580 9.296 9.020 8.982 9.077 9.182 9.299 9.427 9.566 9.716 9.877 10.049 10.233 10.427 10.633 11.007 11.460 11.918 12.380 12.846 13.317 13.792 14.272 14.756 15.245 15.738 16.235 16.342 16.279 16.205 16.121
18.501 18.599 18.669 18.711 18.724 18.709 18.665 18.593 18.493 18.105 17.461 16.792 16.098 15.380 14.637 13.868 13.075 12.257 11.414 10.546 9.653 9.267 9.464 9.672 9.890 10.118 10.357 10.606 10.865 11.134 11.414 11.704 12.008 11.994 11.676 11.365 11.062 10.767 10.479 10.199 9.926 9.662 9.404 9.155 8.913 8.876 9.020 9.175 9.342 9.519 9.708 9.908 10.119 10.341 10.574 10.818 11.074 11.454 11.927 12.404 12.886 13.372 13.863 14.358 14.857 15.361 15.869 16.382 16.899 17.048 16.938 16.818 16.688
19.323 19.322 19.293 19.235 19.149 19.034 18.891 18.720 18.521 18.102 17.371 16.615 15.834 15.029 14.198 13.343 12.463 11.558 10.628 9.673 8.693 8.131 8.375 8.687 9.018 9.344 9.663 9.975 10.282 10.582 10.876 11.164 11.446 11.504 11.220 10.944 10.675 10.413 10.160 9.913 9.675 9.444 9.221 9.006 8.798 8.758 8.952 9.157 9.373 9.600 9.838 10.088 10.348 10.620 10.903 11.197 11.502 11.895 12.388 12.885 13.387 13.893 14.403 14.918 15.437 15.960 16.489 17.021 17.558 17.763 17.607 17.441 17.264
20.171 20.070 19.942 19.785 19.599 19.386 19.144 18.873 18.575 18.122 17.304 16.461 15.593 14.700 13.783 12.836 11.877 10.946 10.042 9.167 8.320 7.755 8.072 8.382 8.686 8.983 9.274 9.559 9.838 10.111 10.377 10.637 10.891 11.007 10.757 10.514 10.279 10.052 9.832 9.620 9.416 9.219 9.030 8.848 8.674 8.628 8.872 9.126 9.392 9.669 9.957 10.256 10.566 10.888 11.220 11.564 11.918 12.331 12.844 13.361 13.882 14.408 14.938 15.472 16.011 16.554 17.102 17.654 18.211 18.488 18.285 18.073 17.850
21.044 20.844 20.616 20.360 20.076 19.763 19.422 19.053 18.590 17.920 16.891 15.890 14.916 13.971 13.053 12.164 11.302 10.468 9.662 8.884 8.134 7.514 7.802 8.084 8.360 8.630 8.894 9.151 9.402 9.647 9.886 10.118 10.344 10.502 10.286 10.077 9.876 9.683 9.497 9.319 9.149 8.986 8.831 8.683 8.543 8.487 8.780 9.084 9.400 9.726 10.064 10.412 10.772 11.143 11.525 11.918 12.322 12.762 13.294 13.831 14.372 14.917 15.467 16.021 16.580 17.143 17.711 18.282 18.859 19.221 18.973 18.715 18.446
21.942 21.511 20.905 20.298 19.691 19.083 18.474 17.865 17.255 16.639 15.708 14.804 13.928 13.080 12.260 11.467 10.703 9.966 9.258 8.577 7.924 7.300 7.540 7.794 8.043 8.285 8.520 8.750 8.973 9.191 9.401 9.606 9.804 9.989 9.807 9.632 9.465 9.306 9.154 9.010 8.874 8.745 8.624 8.510 8.404 8.334 8.677 9.030 9.395 9.771 10.158 10.557 10.966 11.386 11.818 12.260 12.714 13.188 13.740 14.296 14.857 15.422 15.991 16.565 17.144 17.726 18.314 18.905 19.501 19.964 19.670 19.366 19.051
20.802 20.194 19.586 18.977 18.367 17.757 17.146 16.534 15.921 15.308 14.501 13.694 12.916 12.165 11.442 10.747 10.080 9.440 8.829 8.245 7.689 7.163 7.285 7.512 7.732 7.947 8.155 8.357 8.552 8.742 8.925 9.102 9.273 9.437 9.320 9.180 9.047 8.922 8.804 8.694 8.591 8.496 8.409 8.329 8.257 8.193 8.561 8.965 9.379 9.805 10.241 10.689 11.148 11.618 12.099 12.591 13.094 13.608 14.180 14.756 15.336 15.921 16.510 17.104 17.702 18.304 18.911 19.522 20.051 20.428 19.931 19.458 19.007
19.490 18.880 18.269 17.658 17.046 16.433 15.820 15.205 14.591 13.975 13.270 12.561 11.880 11.226 10.600 10.002 9.432 8.890 8.376 7.889 7.430 7.001 7.037 7.236 7.429 7.616 7.796 7.970 8.138 8.300 8.456 8.605 8.748 8.885 8.826 8.720 8.621 8.529 8.446 8.369 8.301 8.240 8.186 8.141 8.102 8.072 8.434 8.887 9.351 9.826 10.312 10.809 11.318 11.837 12.368 12.909 13.462 14.025 14.614 15.173 15.679 16.165 16.631 17.077 17.505 17.912 18.300 18.669 19.018 19.347 19.002 18.631 18.283
18.180 17.568 16.955 16.341 15.727 15.112 14.496 13.880 13.263 12.645 12.016 11.404 10.820 10.263 9.735 9.234 8.761 8.316 7.898 7.509 7.147 6.815 6.797 6.968 7.133 7.292 7.445 7.592 7.732 7.866 7.994 8.116 8.231 8.341 8.325 8.252 8.187 8.130 8.080 8.037 8.003 7.975 7.956 7.944 7.940 7.943 8.296 8.798 9.311 9.836 10.370 10.902 11.432 11.958 12.482 13.002 13.519 14.034 14.503 14.941 15.359 15.758 16.138 16.498 16.839 17.160 17.461 17.743 18.006 18.248 18.052 17.782 17.536
16.874 16.259 15.644 15.028 14.411 13.794 13.176 12.557 11.937 11.317 10.739 10.224 9.736 9.277 8.845 8.441 8.065 7.717 7.396 7.104 6.839 6.605 6.564 6.708 6.845 6.976 7.102 7.221 7.333 7.440 7.540 7.634 7.722 7.804 7.816 7.777 7.746 7.722 7.706 7.697 7.697 7.716 7.756 7.806 7.867 7.937 8.285 8.816 9.344 9.870 10.392 10.911 11.427 11.941 12.451 12.958 13.462 13.963 14.377 14.728 15.060 15.373 15.666 15.939 16.193 16.428 16.643 16.838 17.014 17.171 17.080 16.912 16.768
15.569 14.952 14.335 13.717 13.098 12.478 11.858 11.236 10.615 9.992 9.437 9.019 8.629 8.266 7.932 7.625 7.346 7.094 6.870 6.674 6.506 6.369 6.338 6.454 6.564 6.668 6.765 6.857 6.942 7.021 7.093 7.160 7.232 7.301 7.339 7.354 7.379 7.413 7.458 7.513 7.578 7.653 7.738 7.832 7.937 8.052 8.363 8.881 9.396 9.908 10.417 10.923 11.426 11.926 12.423 12.917 13.408 13.896 14.271 14.536 14.781 15.007 15.214 15.401 15.568 15.717 15.845 15.954 16.044 16.114 16.086 16.021 15.979
14.268 13.649 13.029 12.408 11.787 11.165 10.542 9.919 9.295 8.670 8.112 7.791 7.498 7.232 6.994 6.784 6.602 6.447 6.320 6.221 6.149 6.110 6.120 6.241 6.375 6.495 6.600 6.692 6.769 6.832 6.881 6.916 6.937 6.943 6.954 7.014 7.083 7.163 7.252 7.351 7.460 7.580 7.709 7.848 7.997 8.156 8.445 8.949 9.451 9.950 10.446 10.938 11.428 11.915 12.398 12.879 13.357 13.831 14.185 14.364 14.523 14.662 14.782 14.883 14.964 15.026 15.068 15.091 15.094 15.078 15.071 15.108 15.167
12.969 12.347 11.725 11.102 10.479 9.854 9.229 8.604 7.977 7.350 6.764 6.540 6.343 6.174 6.033 5.932 6.004 6.076 6.150 6.226 6.302 6.375 6.445 6.530 6.601 6.658 6.700 6.729 6.743 6.743 6.729 6.700 6.658 6.601 6.560 6.664 6.777 6.901 7.035 7.178 7.332 7.496 7.669 7.853 8.046 8.249 8.529 9.020 9.509 9.994 10.477 10.956 11.433 11.906 12.377 12.844 13.309 13.770 14.120 14.212 14.285 14.338 14.371 14.386 14.380 14.356 14.312 14.248 14.165 14.062 14.035 14.173 14.335
11.673 11.049 10.424 9.799 9.173 8.546 7.919 7.291 6.697 6.291 5.919 5.979 6.050 6.122 6.195 6.270 6.345 6.423 6.501 6.581 6.662 6.739 6.812 6.835 6.843 6.836 6.816 6.781 6.732 6.669 6.592 6.500 6.395 6.275 6.155 6.303 6.461 6.629 6.807 6.995 7.193 7.401 7.619 7.847 8.084 8.332 8.616 9.094 9.570 10.042 10.511 10.977 11.441 11.901 12.358 12.812 13.264 13.712 14.074 14.080 14.066 14.033 13.981 13.909 13.817 13.706 13.576 13.426 13.257 13.068 12.977 13.217 13.480
10.379 9.774 9.248 8.756 8.298 7.875 7.485 7.130 6.809 6.522 6.269 6.296 6.372 6.448 6.526 6.605 6.686 6.767 6.851 6.935 7.021 7.103 7.180 7.156 7.100 7.031 6.947 6.849 6.737 6.611 6.471 6.316 6.148 5.965 5.768 5.932 6.134 6.347 6.569 6.801 7.044 7.296 7.558 7.830 8.112 8.404 8.706 9.171 9.633 10.092 10.548 11.002 11.452 11.899 12.343 12.784 13.222 13.657 14.049 13.968 13.868 13.749 13.610 13.452 13.274 13.077 12.860 12.624 12.369 12.094 11.898 12.240 12.604
9.463 9.021 8.614 8.241 7.903 7.598 7.328 7.091 6.889 6.721 6.587 6.612 6.692 6.773 6.855 6.939 7.024 7.111 7.198 7.287 7.378 7.464 7.546 7.492 7.373 7.241 7.094 6.933 6.758 6.569 6.366 6.148 5.916 5.671 5.411 5.550 5.797 6.054 6.320 6.597 6.883 7.180 7.486 7.803 8.129 8.465 8.811 9.251 9.700 10.146 10.589 11.029 11.465 11.899 12.330 12.758 13.183 13.605 14.023 13.877 13.691 13.485 13.260 13.016 12.752 12.468 12.166 11.844 11.502 11.212 11.014 11.558 12.085
8.560 8.238 7.950 7.696 7.476 7.290 7.139 7.021 6.938 6.888 6.873 6.926 7.010 7.096 7.183 7.271 7.361 7.452 7.544 7.638 7.733 7.824 7.910 7.843 7.662 7.466 7.256 7.033 6.795 6.542 6.276 5.996 5.701 5.393 5.070 5.158 5.449 5.750 6.061 6.382 6.713 7.053 7.404 7.765 8.135 8.515 8.906 9.334 9.770 10.203 10.632 11.059 11.482 11.903 12.321 12.735 13.147 13.556 13.961 13.805 13.654 13.640 13.578 13.468 13.309 13.101 12.845 12.541 12.188 11.787 11.337 11.738 12.183
7.626 7.423 7.254 7.119 7.018 6.951 6.918 6.919 6.955 7.024 7.128 7.238 7.327 7.417 7.509 7.602 7.696 7.792 7.889 7.987 8.086 8.182 8.273 8.210 7.966 7.707 7.434 7.148 6.847 6.532 6.203 5.859 5.502 5.130 4.745 4.756 5.091 5.437 5.792 6.157 6.532 6.916 7.311 7.716 8.131 8.555 8.990 9.420 9.843 10.262 10.678 11.138 11.705 12.327 13.003 13.733 14.518 15.356 16.249 16.392 16.211 15.982 15.705 15.380 15.006 14.583 14.113 13.593 13.026 12.410 11.746 11.936 12.299
6.662 6.577 6.527 6.511 6.529 6.580 6.666 6.786 6.940 7.128 7.351 7.549 7.642 7.737 7.833 7.931 8.030 8.130 8.231 8.334 8.438 8.538 8.634 8.592 8.285 7.964 7.628 7.279 6.915 6.537 6.145 5.739 5.319 4.884 4.436 4.343 4.723 5.112 5.512 5.921 6.340 6.769 7.231 7.716 8.177 8.614 9.028 9.506 10.097 10.743 11.442 12.196 13.004 13.866 14.782 15.752 16.777 17.856 18.989 19.210 18.815 18.371 17.879 17.338 16.750 16.113 15.427 14.693 13.911 13.080 12.201 12.151 12.434
5.667 5.701 5.770 5.872 6.008 6.179 6.383 6.622 6.895 7.201 7.542 7.858 7.956 8.055 8.156 8.258 8.362 8.466 8.572 8.680 8.788 8.893 8.993 8.990 8.620 8.236 7.837 7.425 6.998 6.558 6.103 5.634 5.151 4.720 4.390 4.347 4.892 5.414 5.912 6.387 6.838 7.265 7.669 8.048 8.405 8.737 9.046 9.544 10.376 11.262 12.201 13.195 14.244 15.346 16.502 17.713 18.977 20.296 21.669 22.074 21.464 20.806 20.099 19.344 18.540 17.689 16.789 15.840 14.843 13.798 12.705 12.385 12.586
4.641 4.794 4.981 5.202 5.457 5.746 6.069 6.426 6.817 7.242 7.701 8.165 8.268 8.372 8.477 8.584 8.692 8.801 8.912 9.023 9.137 9.246 9.351 9.404 9.009 8.672 8.337 8.003 7.671 7.341 7.012 6.684 6.358 6.034 5.711 5.544 5.984 6.401 6.795 7.164 7.510 7.832 8.131 8.406 8.658 8.885 9.089 9.525 10.597 11.723 12.903 14.137 15.425 16.767 18.163 19.614 21.118 22.677 24.290 24.984 24.160 23.287 22.365 21.396 20.378 19.312 18.197 17.034 15.823 14.564 13.256 12.636 12.756
3.585 3.856 4.162 4.501 4.875 5.282 5.724 6.199 6.709 7.252 7.829 8.441 8.578 8.687 8.797 8.908 9.019 9.144 9.305 9.503 9.738 9.996 10.272 10.576 10.260 9.930 9.601 9.274 8.949 8.625 8.303 7.982 7.663 7.345 7.029 6.765 7.101 7.413 7.701 7.966 8.207 8.425 8.618 8.789 8.935 9.058 9.157 9.449 10.761 12.126 13.546 15.020 16.548 18.130 19.766 21.456 23.201 24.999 26.851 27.941 26.901 25.814 24.678 23.494 22.262 20.981 19.653 18.276 16.850 15.377 13.855 12.905 12.944
2.498 2.888 3.312 3.770 4.262 4.788 5.347 5.941 6.569 7.227 7.862 8.457 8.623 8.728 8.871 9.049 9.265 9.517 9.806 10.131 10.493 10.880 11.284 11.717 11.508 11.184 10.862 10.542 10.223 9.906 9.590 9.276 8.964 8.653 8.343 8.035 8.242 8.449 8.632 8.792 8.929 9.041 9.130 9.196 9.238 9.256 9.251 9.315 10.866 12.472 14.132 15.845 17.613 19.435 21.310 23.240 25.224 27.262 29.353 30.943 29.689 28.387 27.037 25.639 24.193 22.698 21.155 19.564 17.925 16.237 14.501 13.192 13.150
1.380 1.889 2.504 3.280 4.016 4.712 5.368 5.985 6.561 7.098 7.594 8.051 8.325 8.558 8.828 9.134 9.477 9.856 10.273 10.725 11.215 11.729 12.262 12.824 12.752 12.435 12.120 11.806 11.494 11.184 10.875 10.567 10.261 9.957 9.654 9.353 9.407 9.509 9.588 9.643 9.675 9.683 9.667 9.628 9.565 9.479 9.369 9.235 10.915 12.760 14.659 16.612 18.620 20.681 22.796 24.965 27.188 29.465 31.796 33.991 32.523 31.007 29.443 27.831 26.170 24.461 22.705 20.899 19.046 17.145 15.195 13.497 13.374
1.987 2.704 3.381 4.019 4.616 5.174 5.691 6.169 6.607 7.005 7.363 7.682 7.995 8.355 8.752 9.185 9.656 10.162 10.706 11.286 11.902 12.545 13.206 13.897 13.993 13.683 13.375 13.068 12.762 12.458 12.156 11.855 11.556 11.258 10.962 10.667 10.596 10.593 10.568 10.518 10.445 10.348 10.228 10.084 9.917 9.726 9.511 9.273 10.906 12.990 15.129 17.322 19.568 21.869 24.223 26.632 29.094 31.610 34.180 36.805 35.403 33.673 31.895 30.069 28.194 26.272 24.301 22.282 20.215 18.100 15.936 13.775 13.464
3.177 3.756 4.294 4.793 5.252 5.671 6.050 6.390 6.689 6.949 7.169 7.349 7.631 8.119 8.643 9.203 9.801 10.435 11.105 11.812 12.556 13.326 14.116 14.936 15.231 14.928 14.626 14.325 14.027 13.729 13.434 13.139 12.847 12.556 12.266 11.978 11.809 11.702 11.572 11.418 11.240 11.039 10.814 10.566 10.294 9.998 9.679 9.337 10.839 13.163 15.541 17.973 20.459 22.998 25.592 28.239 30.941 33.696 36.505 39.368 38.328 36.385 34.206 31.677 29.197 26.764 24.380 22.044 19.756 17.517 15.325 13.182 12.736
4.403 4.843 5.243 5.604 5.924 6.205 6.446 6.647 6.808 6.930 7.012 7.054 7.234 7.849 8.500 9.188 9.913 10.674 11.471 12.305 13.176 14.074 14.993 15.940 16.466 16.169 15.874 15.580 15.288 14.997 14.708 14.421 14.135 13.850 13.567 13.286 13.046 12.835 12.600 12.341 12.059 11.754 11.424 11.072 10.695 10.295 9.872 9.425 10.716 13.279 15.896 18.567 21.291 24.031 26.617 29.080 31.420 33.636 35.730 37.701 36.524 34.112 31.747 29.431 27.163 24.943 22.772 20.649 18.573 16.546 14.568 12.637 12.014
