DATA/SHG/ECMWF/20170628/EN-47/20170711.en-47.asc
ncols        190
nrows        64
xllcorner    -5100000.000000000000
yllcorner    4130000.000000000000
cellsize     10000.000000000000
NODATA_value  -99999.000
[rows 32 to 63 of 64, columns 72 to 143 of 190]
8.002 8.120 8.213 8.297 8.371 8.436 8.491 8.536 8.572 8.598 8.615 8.622 8.619 8.666 9.035 9.444 9.893 10.383 10.913 11.484 12.096 12.747 13.435 14.152 14.901 15.653 16.333 17.033 17.752 18.491 19.249 20.027 20.824 21.641 22.477 23.333 24.209 24.596 24.020 23.414 22.780 22.117 21.425 20.704 19.955 19.343 19.174 18.984 18.773 19.952 22.644 25.234 27.724 30.114 32.402 34.589 36.676 38.662 40.546 42.330 44.013 44.417 44.005 43.614 43.245 42.899 42.574 42.271 41.989 41.730 41.493 41.277
7.613 7.673 7.733 7.784 7.824 7.856 7.878 7.890 7.892 7.885 7.868 7.842 7.806 7.780 8.289 8.839 9.429 10.059 10.730 11.442 12.194 12.986 13.815 14.674 15.565 16.470 17.236 18.023 18.828 19.654 20.498 21.363 22.247 23.150 24.073 25.015 26.132 27.323 27.231 27.117 26.981 26.824 26.646 26.446 26.224 25.981 25.717 25.431 25.123 25.727 27.972 30.117 32.162 34.105 35.947 37.689 39.330 40.870 42.310 43.648 44.886 45.334 45.018 44.724 44.452 44.201 43.972 43.765 43.580 43.417 43.276 43.156
7.242 7.241 7.262 7.280 7.287 7.285 7.274 7.253 7.222 7.182 7.132 7.072 7.003 6.924 7.507 8.197 8.928 9.699 10.511 11.363 12.256 13.189 14.159 15.160 16.193 17.258 18.116 19.287 21.508 23.581 25.506 27.284 28.914 30.397 31.732 32.919 33.959 34.745 34.557 34.347 34.115 33.862 33.587 33.291 32.974 32.634 32.274 31.892 31.488 31.600 33.400 35.100 36.698 38.196 39.593 40.890 42.085 43.180 44.174 45.068 45.861 46.228 46.008 45.810 45.634 45.480 45.347 45.236 45.148 45.081 45.035 45.012
6.887 6.827 6.802 6.786 6.760 6.725 6.680 6.626 6.562 6.488 6.405 6.312 6.209 6.097 6.689 7.520 8.391 9.303 10.255 12.153 15.399 18.608 21.546 24.219 26.863 29.477 31.438 33.152 34.718 36.137 37.408 38.531 39.507 40.336 41.017 41.550 41.936 42.175 41.897 41.591 41.263 40.914 40.543 40.151 39.737 39.302 38.846 38.368 37.868 37.572 38.927 40.181 41.334 42.387 43.339 44.190 44.941 45.591 46.140 46.589 46.937 47.098 46.975 46.873 46.793 46.735 46.698 46.684 46.691 46.720 46.771 46.844
6.549 6.429 6.350 6.301 6.242 6.174 6.096 6.008 5.911 5.804 5.688 5.562 6.471 8.832 11.897 15.198 18.462 21.689 24.879 28.031 31.147 34.225 37.032 39.573 42.085 44.568 46.104 47.164 48.076 48.841 49.458 49.928 50.250 50.425 50.452 50.332 50.065 49.650 49.252 48.849 48.426 47.980 47.514 47.026 46.516 45.985 45.432 44.858 44.263 43.646 44.553 45.362 46.070 46.678 47.185 47.592 47.898 48.103 48.208 48.212 48.115 47.945 47.918 47.912 47.928 47.966 48.026 48.107 48.211 48.336 48.483 48.651
6.228 6.048 5.909 5.826 5.734 6.228 7.493 9.068 10.953 13.147 15.651 18.465 21.588 25.021 28.442 31.613 34.746 37.842 40.901 43.923 46.908 49.855 52.531 54.941 57.321 59.672 60.917 61.323 61.581 61.692 61.656 61.472 61.141 60.663 60.038 59.265 58.344 57.277 56.621 56.122 55.603 55.061 54.499 53.915 53.309 52.682 52.034 51.364 50.673 49.960 50.277 50.641 50.905 51.068 51.131 51.093 50.955 50.716 50.376 49.936 49.396 48.769 48.838 48.928 49.040 49.174 49.330 49.507 49.706 49.927 50.170 50.435
7.364 7.731 8.383 9.793 11.512 13.540 15.878 18.525 21.481 24.747 28.322 32.207 36.401 40.905 45.001 48.040 51.043 54.008 56.937 59.828 62.682 65.499 68.043 70.322 72.571 74.791 75.876 75.628 75.234 74.692 74.002 73.166 72.182 71.051 69.773 68.347 66.775 65.055 64.004 63.410 62.794 62.157 61.499 60.819 60.117 59.395 58.650 57.885 57.098 56.289 56.100 56.020 55.839 55.558 55.177 54.695 54.112 53.429 52.646 51.762 50.777 49.692 49.734 49.920 50.128 50.358 50.610 50.883 51.178 51.495 51.834 52.195
10.975 11.386 12.182 14.663 17.454 20.554 23.963 27.682 31.709 36.046 40.692 45.647 50.912 56.486 61.572 64.481 67.353 70.187 72.985 75.746 78.469 81.156 83.569 85.717 87.834 89.923 90.981 90.081 89.033 87.839 86.497 85.008 83.372 81.588 79.658 77.580 75.356 72.984 71.401 70.711 70.000 69.267 68.513 67.737 66.940 66.122 65.282 64.420 63.538 62.633 62.022 61.498 60.873 60.148 59.322 58.396 57.370 56.243 55.016 53.688 52.260 50.732 50.607 50.889 51.193 51.519 51.776 51.814 51.836 51.844 51.836 51.812
14.571 15.025 15.684 19.237 23.100 27.271 31.751 36.540 41.638 47.045 52.761 58.786 65.120 71.763 78.156 80.934 83.675 86.380 89.047 91.677 94.270 96.826 99.109 101.125 103.112 105.069 106.233 104.680 102.980 101.133 99.139 96.998 94.710 92.275 89.693 86.964 84.087 81.064 78.813 78.028 77.220 76.392 75.542 74.670 73.778 72.863 71.928 70.971 69.992 68.993 68.042 67.074 66.006 64.837 63.568 62.198 60.728 59.036 56.914 54.842 52.820 50.847 50.249 50.281 50.297 50.298 50.284 50.255 50.211 50.151 50.076 49.985
18.150 18.647 19.157 23.516 28.449 33.690 39.240 45.099 51.267 57.744 64.529 71.623 79.026 86.738 94.752 97.400 100.011 102.585 105.122 107.622 110.085 112.510 114.662 116.547 118.403 120.229 121.631 119.426 117.074 114.576 111.930 109.137 106.198 103.111 99.878 96.497 92.970 89.295 86.240 85.358 84.455 83.531 82.585 81.618 80.630 79.620 78.589 77.536 76.274 74.056 71.836 69.586 67.385 65.234 63.132 61.080 59.078 57.125 55.221 53.368 51.564 49.809 49.043 49.007 48.957 48.891 48.810 48.714 48.602 48.475 48.333 48.176
21.712 22.252 22.805 27.499 33.501 39.813 46.432 53.361 60.597 68.143 75.997 84.159 92.631 101.410 110.499 113.880 116.360 118.804 121.210 123.580 125.912 128.208 130.229 131.983 133.708 135.403 137.069 134.319 131.315 128.165 124.868 121.425 117.834 114.096 110.212 106.180 102.002 97.677 93.680 92.548 90.087 87.680 85.325 83.024 80.775 78.579 76.436 74.346 72.308 70.324 68.348 66.316 64.334 62.401 60.518 58.684 56.900 55.165 53.480 51.845 50.259 48.722 47.853 47.751 47.633 47.501 47.353 47.189 47.011 46.817 46.608 46.384
25.258 25.842 26.438 31.187 38.259 45.639 53.327 61.324 69.629 78.243 87.165 96.395 105.934 115.781 125.936 130.372 132.722 135.036 137.312 139.552 141.754 143.919 145.810 147.433 149.027 150.591 152.126 149.358 145.704 141.903 137.815 131.115 124.574 118.192 111.970 105.908 100.005 94.261 88.713 86.433 84.206 82.032 79.911 77.842 75.826 73.864 71.954 70.096 68.292 66.540 64.813 62.999 61.235 59.521 57.855 56.240 54.674 53.157 51.690 50.273 48.905 47.586 46.681 46.512 46.327 46.127 45.912 45.682 45.437 45.176 44.900 44.609
28.788 29.415 30.054 34.580 42.720 51.168 59.925 68.990 78.363 88.044 98.033 108.330 118.936 129.849 141.071 146.878 149.098 151.281 153.427 155.537 157.609 159.645 157.918 155.991 154.093 152.224 150.384 145.084 138.609 132.292 126.136 120.138 114.300 108.621 103.102 97.741 92.540 87.498 82.616 80.270 78.276 76.334 74.446 72.611 70.828 69.098 67.421 65.796 64.225 62.706 61.230 59.635 58.089 56.592 55.145 53.747 52.399 51.101 49.851 48.652 47.502 46.401 45.526 45.289 45.038 44.771 44.489 44.192 43.880 43.552 43.209 42.851
32.302 32.971 33.653 37.678 46.886 56.402 66.226 76.358 86.798 97.546 108.602 119.965 131.637 143.617 155.904 159.015 156.495 154.012 151.565 149.155 146.781 144.443 142.378 140.580 138.810 137.070 135.358 131.137 125.364 119.750 114.296 109.001 103.864 98.888 94.070 89.411 84.912 80.572 76.391 74.056 72.295 70.587 68.932 67.329 65.779 64.282 62.837 61.446 60.107 58.821 57.588 56.222 54.894 53.616 52.386 51.207 50.076 48.996 47.964 46.982 46.050 45.167 44.387 44.084 43.766 43.432 43.083 42.719 42.340 41.946 41.536 41.111
35.799 36.512 37.237 40.483 50.758 61.341 72.231 83.430 92.323 100.870 109.112 117.051 124.686 132.017 139.044 142.568 140.176 137.820 135.501 133.218 130.972 128.762 126.825 125.155 123.514 121.901 120.318 117.030 111.959 107.047 102.295 97.701 93.267 88.992 84.875 80.918 77.120 73.481 70.001 67.794 66.266 64.790 63.367 61.997 60.680 59.416 58.204 57.045 55.938 54.885 53.884 52.763 51.652 50.591 49.580 48.618 47.705 46.842 46.028 45.264 44.549 43.884 43.268 42.896 42.510 42.110 41.694 41.264 40.818 40.356 39.880 39.388
39.248 38.968 38.685 39.685 48.703 57.418 65.830 73.938 81.742 89.242 96.439 103.332 109.922 116.208 122.191 126.107 123.843 121.615 119.424 117.269 115.149 113.067 111.258 109.716 108.203 106.719 105.264 102.764 98.394 94.184 90.133 86.241 82.508 78.933 75.518 72.262 69.165 66.226 63.447 61.482 60.186 58.944 57.753 56.616 55.531 54.499 53.520 52.593 51.719 50.898 50.130 49.255 48.362 47.519 46.725 45.981 45.286 44.640 44.044 43.497 43.000 42.552 42.153 41.724 41.272 40.805 40.322 39.825 39.312 38.784 38.241 37.683
35.481 35.191 34.897 34.624 42.597 50.266 57.631 64.693 71.452 77.907 84.059 89.907 95.452 100.694 105.632 109.634 107.498 105.397 103.333 101.305 99.314 97.358 95.677 94.264 92.879 91.523 90.196 88.338 84.670 81.160 77.810 74.619 71.586 68.713 65.998 63.443 61.046 58.808 56.729 55.121 54.058 53.047 52.090 51.185 50.332 49.533 48.786 48.091 47.450 46.861 46.324 45.700 45.025 44.399 43.823 43.296 42.818 42.390 42.011 41.682 41.402 41.171 40.990 40.570 40.051 39.517 38.968 38.403 37.824 37.229 36.601 35.910
31.721 31.421 31.117 30.811 36.779 43.402 49.722 55.740 61.453 66.864 71.972 76.776 81.277 85.475 89.369 92.961 91.139 89.166 87.229 85.329 83.464 81.636 80.083 78.798 77.541 76.313 75.114 73.752 70.785 67.976 65.327 62.836 60.504 58.330 56.316 54.460 52.763 51.225 49.846 48.710 47.880 47.101 46.376 45.703 45.083 44.516 44.001 43.539 43.129 42.772 42.468 42.097 41.640 41.231 40.873 40.563 40.303 40.092 39.930 39.818 39.755 39.743 39.757 39.368 38.739 38.087 37.410 36.710 35.986 35.238 34.466 33.671
27.969 27.658 27.345 27.028 31.249 36.828 42.104 47.076 51.746 56.113 60.177 63.937 67.395 70.550 73.401 75.950 74.767 72.921 71.112 69.339 67.602 65.901 64.475 63.318 62.189 61.089 60.018 58.975 56.740 54.632 52.682 50.892 49.259 47.786 46.471 45.315 44.318 43.479 42.800 42.250 41.652 41.106 40.613 40.172 39.784 39.449 39.166 38.936 38.758 38.633 38.561 38.447 38.234 38.257 38.277 38.296 38.313 38.327 38.340 38.351 38.360 38.367 38.372 37.993 37.260 36.502 35.721 34.916 34.087 33.235 32.358 31.457
24.224 23.903 23.580 23.253 26.008 30.542 34.774 38.703 42.330 45.653 48.674 51.391 53.806 55.918 57.728 59.234 58.382 56.663 54.981 53.335 51.725 50.151 48.853 47.824 46.823 45.851 44.908 43.993 42.536 41.127 39.877 38.786 37.854 37.080 36.464 36.008 35.709 35.570 35.589 35.741 35.375 35.061 34.800 34.603 34.898 35.195 35.492 35.789 36.087 36.386 36.685 36.920 36.936 36.951 36.963 36.973 36.981 36.988 36.992 36.995 36.995 36.994 36.990 36.645 35.806 34.944 34.058 33.149 32.215 31.257 30.276 29.271
20.487 20.156 19.822 19.485 21.054 24.546 27.734 30.620 33.204 35.484 37.462 39.138 40.511 41.581 42.348 42.813 41.983 40.392 38.837 37.318 35.835 34.388 33.217 32.316 31.443 30.599 29.783 28.996 28.172 27.463 26.912 26.520 26.286 26.211 26.295 27.453 28.640 29.796 30.919 32.010 32.370 32.667 32.964 33.262 33.561 33.860 34.160 34.460 34.761 35.062 35.365 35.635 35.642 35.648 35.652 35.654 35.654 35.652 35.648 35.642 35.634 35.624 35.612 35.322 34.379 33.412 32.422 31.407 30.369 29.306 28.220 27.111
16.757 16.416 16.072 15.724 16.389 18.837 20.983 22.827 24.368 25.606 26.543 27.176 27.508 27.536 27.263 26.687 25.571 24.107 22.679 21.286 19.931 18.611 17.567 16.794 16.049 15.332 16.129 17.174 18.374 19.645 20.885 22.092 23.267 24.410 25.521 26.600 27.647 28.661 29.644 30.594 31.022 31.321 31.621 31.922 32.224 32.526 32.828 33.132 33.435 33.740 34.045 34.350 34.352 34.349 34.345 34.338 34.330 34.319 34.307 34.293 34.276 34.258 34.238 34.025 32.978 31.906 30.811 29.692 28.549 27.382 26.191 24.977
13.034 12.683 12.329 11.971 12.010 13.417 14.521 15.322 15.822 16.019 15.914 15.506 14.797 13.785 12.471 10.854 9.146 7.808 8.002 8.981 9.977 10.991 12.024 13.074 14.138 15.215 16.306 17.410 18.543 19.674 20.772 21.839 22.873 23.875 24.845 25.783 26.689 27.563 28.404 29.214 29.674 29.976 30.280 30.583 30.888 31.192 31.498 31.804 32.111 32.418 32.726 33.034 33.065 33.054 33.041 33.026 33.009 32.990 32.970 32.947 32.922 32.896 32.867 32.755 31.602 30.426 29.226 28.002 26.755 25.483 24.188 22.869
9.319 8.958 8.593 8.225 7.919 8.284 8.346 8.107 7.565 6.722 5.576 5.211 5.286 5.351 5.405 5.449 5.665 6.669 7.690 8.729 9.784 10.856 11.948 13.058 14.181 15.317 16.467 17.631 18.748 19.738 20.695 21.621 22.514 23.376 24.205 25.002 25.767 26.501 27.201 27.870 28.327 28.633 28.939 29.245 29.552 29.860 30.168 30.477 30.787 31.097 31.408 31.719 31.782 31.762 31.741 31.717 31.692 31.665 31.636 31.605 31.572 31.537 31.500 31.461 30.253 28.972 27.668 26.339 24.987 23.611 22.212 20.788
5.611 5.240 4.865 4.487 4.497 4.612 4.714 4.805 4.886 4.956 5.016 5.066 5.105 5.134 5.152 5.160 5.221 6.284 7.364 8.461 9.575 10.706 11.857 13.026 14.208 15.404 16.613 17.836 18.988 19.837 20.654 21.439 22.191 22.912 23.601 24.257 24.882 25.474 26.034 26.563 26.981 27.290 27.598 27.908 28.218 28.528 28.840 29.151 29.464 29.777 30.090 30.405 30.502 30.474 30.444 30.412 30.379 30.343 30.306 30.266 30.225 30.181 30.136 30.089 28.929 27.544 26.135 24.702 23.246 21.765 20.261 18.733
3.871 4.039 4.215 4.399 4.592 4.691 4.757 4.812 4.857 4.892 4.916 4.930 4.933 4.926 4.909 4.881 4.843 5.884 7.022 8.178 9.351 10.540 11.750 12.979 14.220 15.475 16.744 18.026 19.263 19.971 20.648 21.292 21.904 22.484 23.032 23.548 24.032 24.484 24.903 25.291 25.636 25.947 26.259 26.571 26.884 27.198 27.512 27.826 28.142 28.457 28.774 29.091 29.225 29.189 29.151 29.111 29.069 29.025 28.979 28.931 28.881 28.829 28.776 28.720 27.632 26.142 24.629 23.091 21.530 19.945 18.337 16.705
3.844 4.040 4.245 4.458 4.679 4.779 4.809 4.829 4.838 4.837 4.825 4.803 4.771 4.728 4.675 4.612 4.538 5.468 6.666 7.880 9.111 10.359 11.629 12.916 14.217 15.531 16.859 18.200 19.555 20.141 20.677 21.181 21.652 22.092 22.499 22.875 23.218 23.529 23.809 24.056 24.292 24.606 24.921 25.236 25.551 25.868 26.185 26.502 26.820 27.139 27.458 27.778 27.952 27.908 27.861 27.813 27.762 27.710 27.656 27.599 27.541 27.481 27.419 27.355 26.360 24.766 23.166 21.637 20.152 18.712 17.317 15.965
3.809 4.034 4.267 4.509 4.758 4.877 4.872 4.855 4.829 4.792 4.745 4.687 4.619 4.540 4.452 4.352 4.243 5.038 6.294 7.567 8.856 10.163 11.491 12.838 14.198 15.572 16.959 18.359 19.773 20.346 20.742 21.105 21.436 21.735 22.002 22.237 22.440 22.611 22.750 22.856 22.949 23.265 23.583 23.901 24.219 24.539 24.858 25.179 25.500 25.821 26.143 26.466 26.683 26.630 26.575 26.518 26.459 26.390 26.273 26.167 26.072 25.988 25.915 25.853 25.095 23.672 22.293 20.958 19.668 18.422 17.221 16.065
3.766 4.019 4.281 4.552 4.830 4.985 4.943 4.891 4.829 4.756 4.673 4.580 4.476 4.362 4.238 4.103 3.957 4.592 5.907 7.238 8.587 9.952 11.339 12.745 14.164 15.597 17.043 18.503 19.976 20.587 20.842 21.064 21.255 21.413 21.540 21.635 21.697 21.728 21.726 21.693 21.628 21.926 22.246 22.567 22.888 23.210 23.533 23.856 24.178 24.426 24.661 24.884 25.038 24.915 24.802 24.701 24.610 24.530 24.461 24.403 24.356 24.320 24.294 24.280 23.789 22.560 21.375 20.235 19.140 18.089 17.082 16.120
3.715 3.997 4.288 4.587 4.894 5.102 5.025 4.937 4.839 4.731 4.612 4.483 4.343 4.194 4.033 3.863 3.682 4.132 5.505 6.895 8.301 9.725 11.171 12.636 14.115 15.607 17.112 18.631 20.163 20.862 20.977 21.059 21.109 21.128 21.114 21.068 20.991 20.881 20.739 20.566 20.343 20.545 20.827 21.096 21.352 21.595 21.826 22.044 22.249 22.441 22.620 22.787 22.930 22.854 22.790 22.736 22.693 22.661 22.640 22.630 22.631 22.642 22.665 22.698 22.439 21.405 20.415 19.469 18.568 17.711 16.899 16.131
3.657 3.968 4.287 4.614 4.949 5.229 5.116 4.992 4.859 4.715 4.560 4.395 4.220 4.035 3.839 3.632 3.416 3.656 5.087 6.536 8.001 9.483 10.988 12.513 14.050 15.601 17.166 18.743 20.335 21.173 21.147 20.966 20.748 20.528 20.306 20.082 19.855 19.626 19.395 19.161 18.925 19.021 19.247 19.461 19.661 19.849 20.023 20.185 20.335 20.471 20.595 20.706 20.804 20.785 20.768 20.762 20.767 20.783 20.810 20.848 20.896 20.955 21.026 21.107 21.046 20.206 19.410 18.659 17.952 17.290 16.671 16.098
3.591 3.930 4.277 4.633 4.997 5.365 5.216 5.057 4.888 4.708 4.518 4.317 4.107 3.885 3.654 3.412 3.160 3.165 4.655 6.162 7.686 9.226 10.745 12.232 13.694 15.132 16.544 17.932 19.296 20.090 19.867 19.642 19.415 19.185 18.953 18.718 18.482 18.243 18.001 17.758 17.512 17.513 17.683 17.841 17.986 18.117 18.237 18.343 18.436 18.517 18.585 18.641 18.683 18.707 18.738 18.780 18.832 18.896 18.971 19.056 19.152 19.259 19.377 19.506 19.610 18.964 18.363 17.805 17.293 16.824 16.400 16.021
