DATA/SHG/ECMWF/20170628/EN-47/20170703.en-47.asc
ncols        190
nrows        64
xllcorner    -5100000.000000000000
yllcorner    4130000.000000000000
cellsize     10000.000000000000
NODATA_value  -99999.000
[rows 32 to 63 of 64, columns 0 to 72 of 190]
8.523 6.682 6.229 5.906 5.567 5.213 4.843 4.458 4.058 3.643 3.212 2.766 2.305 1.828 2.124 2.454 2.776 3.089 3.394 3.690 3.977 4.255 4.525 4.786 5.039 5.282 5.161 5.028 4.891 4.750 4.604 4.453 4.298 4.138 3.974 3.804 3.631 3.456 3.444 3.439 3.441 3.449 3.464 3.485 3.514 3.548 3.590 3.967 4.422 4.806 5.321 5.780 6.183 6.530 6.822 7.057 7.237 7.361 7.429 7.441 7.398 7.332 7.550 7.743 7.910 8.052 8.167 8.258 8.322 8.361 8.374 8.361 8.323
10.372 7.989 7.111 6.733 6.341 5.933 5.510 5.071 4.617 4.148 3.664 3.164 2.649 2.118 2.254 2.554 2.846 3.129 3.403 3.669 3.926 4.174 4.414 4.645 4.867 5.081 4.994 4.846 4.693 4.535 4.373 4.206 4.035 3.859 3.679 3.493 3.304 3.109 3.096 3.114 3.778 4.525 5.188 5.768 6.266 6.680 7.012 7.260 7.425 7.507 7.802 8.066 8.274 8.427 8.524 8.565 8.550 8.480 8.354 8.171 7.934 7.640 7.749 7.853 7.931 7.983 8.009 8.010 7.985 7.935 7.859 7.757 7.629
12.389 9.464 8.008 7.577 7.131 6.669 6.192 5.700 5.192 4.669 4.131 3.577 3.009 2.425 2.394 2.664 2.925 3.178 3.422 3.657 3.884 4.102 4.312 4.512 4.705 4.888 4.832 4.668 4.499 4.325 4.147 3.965 3.777 4.264 4.888 5.596 6.386 7.260 8.016 8.639 9.178 9.635 10.008 10.299 10.506 10.631 10.672 10.631 10.507 10.299 10.334 10.404 10.418 10.376 10.279 10.125 9.916 9.652 9.331 8.955 8.523 8.035 7.972 7.987 7.975 7.938 7.876 7.787 7.674 7.534 7.369 7.178 6.961
14.574 11.109 8.921 8.437 7.936 7.421 6.890 6.344 5.783 5.206 4.614 4.007 3.385 2.747 2.542 2.782 3.013 3.236 3.450 3.655 3.852 4.039 4.219 4.389 4.551 4.722 5.117 5.450 5.865 6.364 6.945 7.610 8.357 9.187 10.100 11.097 12.176 13.338 14.073 14.406 14.655 14.822 14.906 14.906 14.824 14.659 14.411 14.080 13.667 13.170 12.919 12.794 12.614 12.378 12.086 11.738 11.335 10.876 10.362 9.791 9.165 8.484 8.220 8.145 8.045 7.919 7.767 7.590 7.387 7.158 6.904 6.624 6.318
16.928 12.922 9.850 9.312 8.758 8.189 7.604 7.005 6.390 5.759 5.114 4.453 3.777 3.086 2.700 2.909 3.110 3.303 3.570 4.227 4.850 5.438 5.993 6.512 6.998 7.450 7.929 8.550 9.255 10.042 10.912 11.865 12.900 14.019 15.221 16.505 17.872 19.322 20.207 20.249 20.209 20.086 19.880 19.592 19.220 18.766 18.229 17.609 16.906 16.120 15.555 15.237 14.862 14.432 13.946 13.404 12.807 12.154 11.445 10.681 9.861 8.986 8.492 8.328 8.139 7.924 7.683 7.416 7.124 6.807 6.464 6.095 5.700
19.450 14.904 10.795 10.203 9.595 8.972 8.334 7.681 7.012 6.329 5.630 5.028 4.756 4.594 4.679 5.353 5.992 6.598 7.169 7.706 8.209 8.677 9.112 9.512 9.878 10.210 10.651 11.560 12.553 13.629 14.787 16.028 17.352 18.759 20.249 21.821 23.477 25.215 26.416 26.170 25.840 25.428 24.933 24.355 23.694 22.950 22.124 21.215 20.223 19.148 18.244 17.731 17.162 16.538 15.858 15.123 14.331 13.485 12.582 11.624 10.611 9.541 8.789 8.536 8.257 7.953 7.623 7.268 6.887 6.481 6.048 5.591 5.107
22.140 17.054 11.813 11.110 10.417 9.758 9.209 8.771 8.442 8.223 8.114 8.116 8.227 8.448 8.788 9.342 9.861 10.347 10.799 11.216 11.599 11.948 12.263 12.543 12.790 13.002 13.282 14.480 15.761 17.125 18.571 20.101 21.713 23.408 25.185 27.045 28.989 31.014 32.703 32.167 31.548 30.846 30.062 29.195 28.245 27.213 26.097 24.900 23.619 22.255 20.984 20.277 19.515 18.697 17.823 16.893 15.909 14.868 13.772 12.620 11.413 10.150 9.110 8.768 8.400 8.007 7.589 7.144 6.674 6.179 6.066 6.299 6.625
23.513 17.934 12.403 11.083 10.698 10.423 10.258 10.202 10.257 10.422 10.696 11.081 11.575 12.179 12.893 13.362 13.762 14.128 14.460 14.757 15.021 15.250 15.446 15.607 15.734 15.827 15.885 17.309 18.878 20.530 22.265 24.082 25.982 27.964 30.030 32.178 34.408 36.722 39.065 38.240 37.332 36.342 35.269 34.113 32.874 31.553 30.149 28.662 27.093 25.441 23.776 22.876 21.919 20.907 19.840 18.717 17.538 16.304 15.015 13.669 12.269 10.812 9.455 9.201 9.106 9.104 9.194 9.377 9.653 10.021 10.482 11.035 11.682
23.413 17.998 12.631 10.860 10.858 10.966 11.185 11.513 11.951 12.498 13.156 13.923 14.800 15.788 16.884 17.413 17.694 17.940 18.153 18.331 18.475 18.585 18.661 18.702 18.710 18.683 18.623 20.048 21.905 23.845 25.867 27.972 30.160 32.430 34.783 37.218 39.736 42.337 45.021 44.390 43.193 41.914 40.552 39.108 37.581 35.971 34.278 32.503 30.646 28.706 26.683 25.526 24.376 23.170 21.909 20.593 19.331 18.065 16.759 15.414 14.029 12.605 11.144 11.278 11.504 11.822 12.234 12.737 13.334 14.023 14.804 15.678 16.645
23.261 18.011 12.809 10.516 10.898 11.390 11.991 12.702 13.523 14.453 15.494 16.644 17.903 19.273 20.752 21.496 21.657 21.784 21.877 21.936 21.960 21.951 21.907 21.830 21.718 21.572 21.392 22.697 24.842 27.069 29.379 31.771 34.246 36.804 39.444 42.167 44.972 47.860 50.831 50.617 49.131 47.564 45.913 44.180 42.365 40.467 38.486 36.423 34.277 32.018 29.878 28.527 27.320 26.074 24.788 23.462 22.098 20.694 19.250 17.767 16.245 14.684 13.083 13.263 13.809 14.449 15.181 16.005 16.922 17.931 19.033 20.227 21.514
23.059 17.974 12.936 10.053 10.818 11.692 12.677 13.770 14.974 16.287 17.710 19.242 20.884 22.636 24.497 25.610 25.652 25.659 25.633 25.572 25.477 25.349 25.186 24.989 24.758 24.493 24.194 25.256 27.688 30.203 32.800 35.480 38.242 41.087 44.014 47.024 50.117 53.292 56.549 56.920 55.146 53.290 50.567 47.920 45.416 43.056 40.839 38.766 36.837 35.051 33.409 32.017 30.672 29.288 27.865 26.402 24.900 23.358 21.777 20.157 18.497 16.798 15.060 15.156 16.023 16.983 18.035 19.180 20.417 21.747 23.169 24.683 26.290
22.806 17.885 13.012 9.471 10.618 11.875 13.241 14.718 16.303 17.999 19.804 21.718 23.743 25.876 28.120 29.755 29.678 29.566 29.420 29.240 29.026 28.778 28.496 28.180 27.830 27.446 27.027 27.725 30.445 33.247 36.131 39.098 42.147 45.279 48.470 50.714 52.929 55.117 57.276 57.279 54.699 52.263 49.970 47.821 45.815 43.953 42.234 40.659 39.227 37.939 36.794 35.542 34.059 32.538 30.977 29.377 27.737 26.058 24.340 22.582 20.785 18.949 17.073 16.958 18.146 19.426 20.798 22.263 23.820 25.470 27.212 29.046 30.973
22.503 17.746 13.037 8.768 10.298 11.937 13.686 15.544 17.512 19.590 21.776 24.073 26.479 28.994 31.619 33.932 33.735 33.504 33.239 32.940 32.606 32.239 31.838 31.403 30.934 30.430 29.893 30.031 32.375 34.691 36.979 39.239 41.471 43.674 45.849 47.996 50.115 52.205 54.267 55.044 52.962 51.024 49.229 47.578 46.070 44.705 43.484 42.406 41.472 40.681 40.033 39.101 37.482 35.823 34.124 32.387 30.610 28.793 26.938 25.043 23.109 21.135 19.123 18.669 20.176 21.776 23.469 25.254 27.131 29.100 31.162 33.316 35.562
22.148 17.556 13.011 8.513 9.858 11.879 14.010 16.250 18.600 21.059 23.628 26.306 29.093 31.990 34.997 38.113 37.823 37.473 37.089 36.671 36.095 35.057 33.972 32.842 31.664 30.441 29.171 28.122 30.369 32.588 34.779 36.942 39.076 41.182 43.260 45.310 47.332 49.325 51.290 52.667 51.083 49.642 48.345 47.191 46.180 45.313 44.589 44.009 43.571 43.277 43.127 42.696 40.939 39.142 37.307 35.432 33.518 31.564 29.572 27.540 25.468 23.358 21.208 20.288 22.115 24.035 26.048 28.152 30.349 32.638 35.019 37.492 40.058
21.744 17.315 12.934 8.601 9.298 11.701 14.214 16.836 19.567 22.408 25.358 28.417 31.586 34.765 37.722 40.588 40.215 39.201 38.140 37.034 35.880 34.681 33.435 32.143 30.804 29.419 27.988 26.510 28.394 30.516 32.610 34.675 36.713 38.722 40.703 42.656 44.580 46.477 48.345 50.147 49.061 48.118 47.318 46.661 46.147 45.777 45.550 45.466 45.525 45.728 46.074 46.325 44.431 42.497 40.525 38.512 36.461 34.371 32.241 30.072 27.863 25.616 23.329 21.816 23.963 26.203 28.534 30.958 33.475 36.083 38.784 41.576 44.461
21.289 17.024 12.807 8.637 8.619 11.404 14.486 17.763 20.949 24.045 27.050 29.964 32.787 35.520 38.162 40.713 40.696 39.520 38.298 37.030 35.716 34.355 32.948 31.494 29.994 28.448 26.855 25.217 26.450 28.475 30.472 32.440 34.381 36.293 38.177 40.033 41.861 43.660 45.432 47.175 46.897 46.450 46.147 45.987 45.971 46.097 46.366 46.779 47.335 48.033 48.875 49.861 47.958 45.887 43.777 41.628 39.440 37.212 34.946 32.639 30.294 27.910 25.486 23.253 25.720 28.279 30.930 33.673 36.508 39.436 42.456 45.568 48.748
21.483 17.996 14.687 11.557 11.348 14.491 17.543 20.505 23.376 26.156 28.846 31.445 33.954 36.371 38.698 40.935 41.226 39.889 38.506 37.076 35.600 34.078 32.510 30.895 29.234 27.527 25.773 23.973 24.537 26.465 28.365 30.237 32.080 33.896 35.683 37.442 39.173 40.876 42.550 44.196 44.590 44.641 44.834 45.171 45.650 46.273 47.038 47.947 48.999 50.194 51.532 53.012 51.520 49.312 47.066 44.779 42.454 40.090 37.686 35.243 32.761 30.239 27.679 25.079 27.385 30.228 32.746 35.261 37.774 40.285 42.794 45.300 47.804
24.013 21.145 18.455 15.943 15.129 17.957 20.695 23.341 25.897 28.363 30.737 33.022 35.215 37.318 39.330 41.252 41.806 40.307 38.763 37.172 35.535 33.851 32.122 30.346 28.524 26.655 24.741 22.780 22.656 24.487 26.290 28.065 29.811 31.530 33.220 34.882 36.517 38.122 39.700 41.250 42.141 42.688 43.378 44.211 45.186 46.305 47.567 48.971 50.519 52.209 54.042 56.019 55.117 52.773 50.389 47.966 45.503 43.002 40.366 37.208 34.142 31.168 28.285 25.494 26.822 29.335 31.846 34.354 36.861 39.365 41.866 44.366 46.863
26.346 24.096 22.023 20.129 19.005 21.518 23.940 26.272 28.513 30.664 32.724 34.693 36.572 38.360 40.058 41.665 42.434 40.774 39.069 37.317 35.519 33.674 31.783 29.847 27.863 25.834 23.758 21.637 20.805 22.540 24.246 25.924 27.574 29.195 30.789 32.354 33.892 35.401 36.882 38.335 39.551 40.593 41.779 43.108 44.579 46.193 47.951 49.851 51.894 54.079 56.408 58.659 57.474 54.084 50.785 47.577 44.462 41.437 38.505 35.663 32.914 30.256 27.689 25.214 25.939 28.445 30.949 33.450 35.950 38.447 40.942 43.434 45.925
28.480 26.848 25.393 24.115 23.016 25.172 27.280 29.297 31.223 33.059 34.805 36.460 38.024 39.498 40.882 42.175 43.111 41.291 39.424 37.511 35.552 33.546 31.495 29.397 27.253 25.063 22.826 20.544 18.986 20.623 22.233 23.814 25.367 26.892 28.389 29.858 31.298 32.711 34.096 35.452 36.818 38.357 40.038 41.862 43.721 45.324 46.886 48.407 49.887 51.326 52.724 54.081 53.628 50.554 47.571 44.681 41.881 39.173 36.557 34.032 31.599 29.257 27.007 24.848 25.058 27.557 30.054 32.549 35.041 37.531 40.019 42.505 44.989
30.417 29.401 28.563 27.903 27.420 28.920 30.713 32.416 34.028 35.549 36.981 38.321 39.572 40.731 41.801 42.780 43.668 41.856 39.828 37.754 35.634 33.468 31.256 28.997 26.692 24.341 21.944 19.501 17.197 18.738 20.251 21.735 23.192 24.620 26.020 27.393 28.737 30.061 31.364 32.627 33.916 35.542 37.128 38.672 40.175 41.637 43.058 44.438 45.777 47.075 48.332 49.548 49.696 46.939 44.273 41.698 39.215 36.823 34.523 32.314 30.197 28.171 26.237 24.394 24.180 26.672 29.162 31.650 34.136 36.619 39.100 41.579 44.055
32.155 31.756 31.535 31.491 31.625 32.762 34.240 35.628 36.926 38.134 39.251 40.278 41.214 42.060 42.815 43.480 44.055 42.470 40.282 38.047 35.766 33.439 31.066 28.646 26.181 23.669 21.112 18.508 15.858 16.884 18.329 19.777 21.184 22.551 23.876 25.161 26.406 27.609 28.772 29.894 30.980 32.465 33.909 35.312 36.674 37.995 39.275 40.515 41.713 42.870 43.986 45.061 45.680 43.238 40.889 38.630 36.463 34.387 32.403 30.510 28.709 26.999 25.380 23.853 23.304 25.790 28.273 30.754 33.232 35.709 38.183 40.655 43.125
33.696 33.913 34.308 34.881 35.631 36.697 37.861 38.935 39.919 40.813 41.616 42.329 42.951 43.483 43.925 44.277 44.538 43.134 40.784 38.389 35.947 33.459 30.926 28.322 25.687 23.053 20.422 17.793 15.166 15.556 16.904 18.211 19.478 20.704 21.889 23.034 24.138 25.202 26.224 27.207 28.148 29.432 30.735 31.997 33.219 34.399 35.538 36.636 37.693 38.710 39.685 40.620 41.513 39.453 37.419 35.477 33.626 31.866 30.197 28.620 27.134 25.740 24.437 23.225 22.431 24.910 27.386 29.860 32.332 34.801 37.269 39.734 42.197
35.039 35.873 36.884 38.072 39.437 40.725 41.576 42.336 43.006 43.586 44.075 44.475 44.784 45.002 45.130 45.169 44.975 43.536 40.894 38.254 35.617 32.982 30.349 27.718 25.090 22.463 19.839 17.217 14.597 14.314 15.522 16.689 17.815 18.901 19.946 20.951 21.915 22.838 23.721 24.563 25.364 26.444 27.606 28.728 29.808 30.847 31.846 32.803 33.720 34.595 35.430 36.223 36.976 35.583 33.865 32.238 30.702 29.258 27.905 26.644 25.473 24.394 23.407 22.510 21.705 24.032 26.502 28.969 31.434 33.897 36.357 38.815 41.271
36.186 37.635 39.261 41.064 43.045 44.847 45.384 45.831 46.187 45.994 45.601 45.240 44.909 44.610 44.341 44.104 43.898 42.889 40.254 37.621 34.991 32.363 29.737 27.113 24.492 21.872 19.255 16.640 14.028 13.115 14.183 15.210 16.196 17.142 18.047 18.912 19.735 20.519 21.261 21.963 22.625 23.501 24.522 25.502 26.442 27.341 28.198 29.015 29.791 30.526 31.220 31.873 32.485 31.627 30.225 28.914 27.694 26.565 25.528 24.581 23.726 22.962 22.290 21.708 21.218 23.158 25.620 28.080 30.538 32.994 35.448 37.899 40.348
37.135 39.199 40.933 42.534 44.124 45.578 45.168 44.790 44.443 44.127 43.843 43.589 43.367 43.176 43.016 42.887 42.790 42.240 39.613 36.987 34.364 31.743 29.124 26.507 23.893 21.280 18.670 16.062 13.457 11.960 12.888 13.774 14.621 15.426 16.191 16.916 17.600 18.243 18.846 19.408 19.929 20.602 21.482 22.322 23.121 23.879 24.596 25.272 25.907 26.502 27.055 27.568 28.039 27.587 26.500 25.504 24.600 23.786 23.064 22.433 21.893 21.444 21.086 20.820 20.645 22.285 24.741 27.194 29.646 31.924 34.095 36.208 38.265
35.238 36.825 38.402 39.970 41.529 43.078 42.945 42.675 42.437 42.229 42.053 41.907 41.793 41.710 41.659 41.638 41.649 41.591 38.971 36.352 33.736 31.122 28.510 25.900 23.293 20.688 18.084 15.484 12.885 10.848 11.636 12.382 13.089 13.754 14.379 14.964 15.508 16.011 16.474 16.896 17.278 17.747 18.487 19.186 19.844 20.462 21.038 21.574 22.069 22.523 22.935 23.308 23.639 23.462 22.691 22.010 21.420 20.922 20.515 20.198 19.973 19.839 19.803 19.780 19.762 20.981 23.184 25.331 27.420 29.452 31.427 33.346 35.207
32.783 34.338 35.884 37.420 38.947 40.464 40.690 40.529 40.398 40.299 40.231 40.194 40.188 40.213 40.270 40.357 40.476 40.626 38.328 35.716 33.107 30.500 27.895 25.292 22.692 20.094 17.498 14.904 12.312 9.779 10.427 11.034 11.600 12.126 12.611 13.056 13.460 13.823 14.146 14.429 14.671 14.937 15.537 16.095 16.613 17.090 17.526 17.921 18.275 18.589 18.861 19.093 19.284 19.253 18.796 18.696 18.662 18.631 18.604 18.580 18.560 18.543 18.529 18.518 18.511 19.348 21.355 23.306 25.200 27.037 28.817 30.540 32.206
30.342 31.865 33.379 34.883 36.378 37.863 38.404 38.351 38.329 38.338 38.378 38.449 38.551 38.685 38.849 39.045 39.272 39.529 37.684 35.079 32.477 29.877 27.279 24.684 22.090 19.499 16.910 14.323 11.739 9.156 9.261 9.728 10.155 10.541 10.886 11.191 11.455 11.679 11.863 12.006 12.108 12.172 12.630 13.049 13.426 13.762 14.058 14.313 14.882 15.468 16.018 16.532 17.012 17.392 17.363 17.337 17.315 17.296 17.281 17.269 17.260 17.255 17.253 17.255 17.259 17.770 19.582 21.338 23.036 24.678 26.263 27.790 29.261
27.914 29.405 30.886 32.359 33.821 35.275 36.087 36.142 36.228 36.345 36.493 36.673 36.883 37.124 37.397 37.701 38.035 38.401 37.039 34.442 31.847 29.254 26.663 24.074 21.488 18.903 16.321 13.742 11.164 8.589 8.139 8.466 8.753 8.999 9.205 9.370 9.495 9.579 9.623 9.626 9.589 9.867 10.519 11.195 11.835 12.440 13.010 13.544 14.043 14.507 14.935 15.328 15.685 16.007 15.991 15.977 15.967 15.960 15.956 15.956 15.959 15.966 15.976 15.989 16.005 16.248 17.865 19.425 20.929 22.375 23.765 25.098 26.374
25.498 26.957 28.407 29.847 31.278 32.700 33.739 33.902 34.096 34.321 34.577 34.865 35.183 35.532 35.913 36.324 36.767 37.241 36.394 33.803 31.215 28.629 26.045 23.464 20.884 18.307 15.732 13.159 10.588 8.020 7.060 7.247 7.394 7.501 7.797 8.098 8.402 8.706 9.013 9.320 9.629 9.939 10.447 11.000 11.519 12.002 12.450 12.862 13.240 13.582 13.888 14.159 14.395 14.596 14.617 14.615 14.617 14.621 14.630 14.641 14.656 14.675 14.696 14.721 14.750 14.782 16.204 17.569 18.877 20.129 21.323 22.461 23.542
23.095 24.522 25.940 27.349 28.748 30.137 31.360 31.631 31.933 32.266 32.630 33.025 33.451 33.909 34.397 34.917 35.467 36.049 35.747 33.164 30.582 28.003 25.427 22.852 20.280 17.709 15.142 12.627 10.183 7.811 6.620 6.921 7.224 7.528 7.833 8.140 8.448 8.758 9.069 9.381 9.695 10.011 10.409 10.842 11.238 11.600 11.926 12.217 12.472 12.693 12.877 13.027 13.141 13.220 13.241 13.251 13.265 13.281 13.301 13.325 13.352 13.382 13.415 13.452 13.492 13.536 14.598 15.769 16.882 17.938 18.938 19.881 20.767
