DATA/SHG/ECMWF/20170628/EN-47/20170710.en-47.asc
ncols        190
nrows        64
xllcorner    -5100000.000000000000
yllcorner    4130000.000000000000
cellsize     10000.000000000000
NODATA_value  -99999.000
[rows 32 to 63 of 64, columns 71 to 141 of 190]
14.742 15.081 15.308 14.898 14.498 14.107 13.727 13.356 12.995 12.645 12.304 11.973 11.652 11.341 11.128 11.357 11.572 11.775 11.965 12.142 12.306 12.458 12.596 12.734 12.873 13.001 13.458 15.101 16.800 18.555 20.365 22.231 24.152 26.129 28.162 30.251 32.395 34.595 35.671 34.551 33.426 32.295 31.159 30.017 28.869 27.715 26.550 25.354 24.137 22.898 22.192 22.097 21.992 21.877 21.752 21.617 21.472 21.317 21.152 20.977 20.792 20.597 22.274 25.187 28.024 30.785 33.470 36.079 38.612 41.069 43.451
14.062 14.347 14.615 14.241 13.875 13.519 13.173 12.837 12.511 12.195 11.889 11.592 11.306 11.029 10.779 10.963 11.134 11.293 11.438 11.571 11.691 11.798 11.893 11.986 12.080 12.163 12.418 14.308 16.254 18.256 20.313 22.426 24.594 26.818 29.098 31.433 33.824 36.305 37.994 36.874 35.732 34.569 33.385 32.180 30.953 29.705 28.435 27.144 25.832 24.499 23.577 23.437 23.288 23.129 22.959 22.780 22.591 22.392 22.182 21.963 21.734 21.495 22.624 25.202 27.704 30.131 32.482 34.757 36.956 39.079 41.126
13.398 13.628 13.843 13.576 13.245 12.923 12.612 12.310 12.018 11.737 11.465 11.203 10.951 10.709 10.477 10.582 10.709 10.823 10.924 11.012 11.088 11.151 11.201 11.250 11.299 11.338 11.367 13.454 15.941 19.433 22.705 25.756 28.586 31.196 33.585 35.753 37.700 39.427 40.659 39.444 38.207 36.950 35.670 34.370 33.048 31.705 30.341 28.955 27.549 26.120 24.970 24.787 24.593 24.389 24.176 23.952 23.719 23.475 23.222 22.959 22.685 22.402 23.049 25.294 27.462 29.554 31.571 33.512 35.377 37.167 38.880
12.750 12.926 13.086 12.903 12.606 12.319 12.042 11.775 11.517 11.270 11.032 10.805 10.587 10.380 10.182 10.212 10.295 10.365 10.422 10.466 11.082 12.719 14.562 16.431 18.295 20.322 22.512 25.354 28.090 30.605 32.900 34.974 36.827 38.460 39.872 41.064 42.035 42.786 43.316 42.034 40.703 39.350 37.976 36.581 35.164 33.727 32.268 30.787 29.286 27.763 26.373 26.145 25.907 25.659 25.401 25.134 24.856 24.568 24.271 23.963 23.646 23.318 23.552 25.462 27.296 29.055 30.738 32.345 33.877 35.332 36.712
12.117 12.239 12.344 12.221 11.958 11.706 11.463 11.230 11.008 10.795 10.592 10.398 10.215 10.412 11.081 12.072 13.391 14.916 16.647 18.585 20.729 23.079 25.636 28.223 30.809 33.557 36.469 38.711 40.470 42.008 43.326 44.424 45.301 45.958 46.394 46.610 46.606 46.381 45.936 44.644 43.218 41.771 40.302 38.812 37.301 35.768 34.215 32.640 31.043 29.426 27.787 27.512 27.230 26.938 26.636 26.324 26.002 25.670 25.328 24.977 24.615 24.243 24.130 25.707 27.208 28.633 29.982 31.256 32.454 33.576 34.623
11.500 11.567 11.619 11.531 11.303 11.084 11.231 11.735 12.286 12.883 13.527 14.216 14.952 15.735 16.563 17.952 19.985 22.224 24.669 27.320 30.177 33.241 36.511 39.815 43.122 46.592 50.225 52.297 53.079 53.642 53.984 54.106 54.008 53.689 53.150 52.391 51.412 50.212 48.792 47.275 45.754 44.212 42.649 41.064 39.458 37.831 36.182 34.513 32.822 31.110 29.376 28.888 28.562 28.225 27.879 27.523 27.157 26.781 26.395 25.999 25.593 25.178 24.785 26.028 27.196 28.287 29.303 30.244 31.108 31.897 32.611
11.712 12.334 13.016 13.670 14.195 14.767 15.385 16.050 16.760 17.517 18.320 19.170 20.066 21.008 21.996 23.636 26.382 29.335 32.493 35.857 39.427 43.204 47.186 51.208 55.235 59.426 63.780 66.112 65.919 65.506 64.873 64.020 62.947 61.654 60.140 58.407 56.453 54.279 51.885 49.926 48.310 46.673 45.015 43.336 41.636 39.914 38.171 36.407 34.621 32.814 30.986 30.273 29.902 29.522 29.132 28.731 28.321 27.901 27.471 27.031 26.581 26.121 25.651 26.426 27.260 28.019 28.702 29.309 29.841 30.297 30.677
14.686 15.517 16.408 17.296 17.981 18.713 19.491 20.315 21.186 22.103 23.066 24.075 25.130 26.232 27.380 29.125 32.584 36.249 40.120 44.197 48.480 52.968 57.663 62.401 67.149 72.060 77.134 80.157 78.989 77.602 75.994 74.167 72.119 69.852 67.364 64.657 61.729 58.582 55.215 52.597 50.886 49.155 47.402 45.629 43.834 42.017 40.180 38.321 36.441 34.540 32.617 31.666 31.252 30.827 30.393 29.949 29.494 29.030 28.556 28.072 27.578 27.074 26.560 26.901 27.402 27.827 28.177 28.416 28.550 28.692 28.842
17.599 18.639 19.738 20.874 21.720 22.611 23.549 24.533 25.563 26.639 27.762 28.931 30.146 31.407 32.714 34.418 38.590 42.967 47.551 52.340 57.335 62.535 67.941 73.395 78.863 84.494 90.288 94.431 92.289 89.927 87.346 84.545 81.524 78.283 74.822 71.141 67.241 63.120 58.780 55.288 53.483 51.657 49.810 47.942 46.052 44.141 42.209 40.256 38.282 36.286 34.269 33.069 32.610 32.142 31.663 31.175 30.676 30.168 29.571 28.701 27.835 26.973 26.113 25.924 26.061 26.207 26.361 26.524 26.695 26.875 27.063
20.451 21.700 23.008 24.377 25.410 26.461 27.558 28.702 29.891 31.127 32.409 33.738 35.112 36.533 38.000 39.516 44.400 49.490 54.785 60.286 65.992 71.904 78.021 84.191 90.378 96.729 103.242 108.933 105.818 102.483 98.929 95.154 91.160 86.946 82.513 77.860 72.987 67.894 62.582 57.999 56.100 54.179 52.238 50.275 48.291 46.286 44.259 42.212 40.143 37.976 35.444 33.621 32.742 31.867 30.995 30.127 29.262 28.401 27.543 26.689 25.839 24.992 24.149 23.875 24.050 24.233 24.425 24.625 24.834 25.051 25.277
23.243 24.700 26.217 27.794 29.052 30.262 31.519 32.822 34.171 35.567 37.008 38.496 40.030 41.610 43.236 44.908 50.015 55.816 61.823 68.035 74.452 81.075 87.903 94.788 101.695 108.764 115.996 123.390 119.577 115.269 110.742 105.995 101.029 95.843 90.437 84.812 78.967 72.903 66.619 60.730 58.641 55.757 52.950 50.219 47.564 44.986 42.485 40.060 37.712 35.440 33.245 31.482 30.619 29.760 28.903 28.051 27.202 26.357 25.515 24.676 23.842 23.010 22.183 21.819 22.032 22.253 22.482 22.720 22.967 23.222 23.485
25.974 27.639 29.364 31.150 32.646 34.016 35.432 36.895 38.403 39.958 41.559 43.206 44.899 46.638 48.423 50.255 55.435 61.947 68.665 75.588 82.716 90.049 97.588 105.187 112.812 120.600 128.550 136.663 133.565 128.286 122.786 116.942 108.724 100.662 92.756 85.006 77.412 69.973 62.691 55.615 52.992 50.446 47.976 45.582 43.265 41.025 38.860 36.773 34.762 32.827 30.969 29.343 28.495 27.651 26.811 25.974 25.141 24.311 23.485 22.662 21.843 21.028 20.216 19.757 20.008 20.266 20.533 20.809 21.093 21.386 21.687
28.645 30.518 32.451 34.445 36.192 37.721 39.297 40.919 42.587 44.301 46.061 47.867 49.719 51.618 53.562 55.553 60.660 67.883 75.311 82.944 90.782 98.826 107.074 112.936 118.482 123.839 129.006 133.984 129.410 121.411 113.569 105.882 98.351 90.976 83.756 76.693 69.785 63.033 56.437 49.997 47.268 45.059 42.926 40.870 38.890 36.986 35.159 33.409 31.735 30.137 28.616 27.202 26.370 25.542 24.717 23.896 23.079 22.265 21.454 20.647 19.844 19.044 18.248 17.689 17.977 18.273 18.578 18.891 19.213 19.543 19.882
31.255 33.336 35.477 37.679 39.690 41.379 43.114 44.895 46.722 48.595 50.514 52.480 54.491 56.548 58.652 60.801 64.264 70.244 75.984 81.484 86.746 91.768 96.552 101.283 105.996 110.520 114.855 119.000 116.132 108.820 101.664 94.664 87.819 81.131 74.598 68.220 61.999 55.933 50.023 44.268 41.468 39.596 37.800 36.081 34.438 32.871 31.381 29.967 28.630 27.369 26.185 25.076 24.244 23.432 22.623 21.817 21.015 20.217 19.422 18.631 17.843 17.059 16.278 15.615 15.940 16.274 16.617 16.967 17.327 17.694 18.070
33.804 36.093 38.443 40.852 43.141 44.989 46.883 48.823 50.809 51.753 52.632 53.464 54.250 54.990 55.684 56.331 58.606 63.762 68.678 73.355 77.794 81.993 85.954 89.857 93.738 97.429 100.932 104.245 102.698 96.072 89.603 83.288 77.130 71.127 65.280 59.589 54.053 48.672 43.448 38.379 35.593 34.058 32.599 31.216 29.910 28.680 27.526 26.449 25.448 24.524 23.676 22.904 22.117 21.320 20.527 19.737 18.951 18.168 17.389 16.613 15.841 15.073 14.308 13.546 13.897 14.269 14.649 15.037 15.434 15.839 16.253
36.293 38.769 40.574 42.316 43.905 44.855 45.760 46.618 47.430 48.196 48.915 49.588 50.215 50.796 51.331 51.819 53.171 57.503 61.597 65.451 69.067 72.443 75.581 78.657 81.706 84.566 87.237 89.719 89.107 83.168 77.384 71.755 66.283 60.965 55.804 50.797 45.947 41.252 36.712 32.328 29.642 28.444 27.321 26.275 25.306 24.412 23.595 22.854 22.190 21.602 21.090 20.654 19.989 19.208 18.430 17.656 16.886 16.118 15.355 14.595 13.838 13.086 12.336 11.590 11.848 12.257 12.675 13.100 13.535 13.977 14.429
34.959 36.611 38.200 39.727 41.189 41.981 42.726 43.425 44.078 44.685 45.245 45.760 46.228 46.649 47.025 47.354 47.958 51.468 54.739 57.771 60.564 63.119 65.435 67.684 69.902 71.931 73.770 75.421 75.360 70.106 65.008 60.065 55.277 50.645 46.168 41.847 37.682 33.671 29.816 26.117 23.616 22.754 21.968 21.259 20.625 20.068 19.587 19.182 18.854 18.602 18.426 18.327 17.860 17.095 16.333 15.574 14.819 14.068 13.320 12.575 11.834 11.097 10.363 9.633 9.793 10.239 10.694 11.157 11.629 12.109 12.598
33.078 34.514 35.888 37.199 38.447 39.153 39.739 40.279 40.773 41.221 41.622 41.978 42.287 42.550 42.766 42.937 43.061 45.656 48.105 50.315 52.287 54.020 55.514 56.937 58.324 59.522 60.531 61.351 61.458 56.889 52.475 48.217 44.114 40.167 36.375 32.738 29.257 25.931 22.760 19.745 17.515 16.989 16.539 16.166 15.868 15.647 15.502 15.434 15.441 15.525 15.685 15.922 15.730 14.980 14.234 13.491 12.751 12.016 11.283 10.555 9.829 9.108 8.438 7.954 8.218 8.880 9.525 10.153 10.762 11.354 11.928
31.258 32.479 33.637 34.732 35.765 36.371 36.798 37.179 37.514 37.803 38.046 38.243 38.393 38.497 38.555 38.567 38.533 40.067 41.694 43.083 44.233 45.145 45.819 46.416 46.972 47.340 47.519 47.509 47.310 43.514 39.785 36.212 32.793 29.530 26.422 23.470 20.673 18.031 15.544 13.212 11.339 11.149 11.035 10.997 11.036 11.151 11.341 11.609 11.952 12.371 12.867 13.439 13.599 12.898 12.456 12.006 11.546 11.076 10.597 10.109 9.611 9.104 8.588 8.062 8.131 8.716 9.283 9.833 10.364 10.879 11.375
29.499 30.504 31.447 32.327 33.144 33.635 33.904 34.126 34.303 34.433 34.517 34.555 34.546 34.492 34.391 34.245 34.052 34.700 35.506 36.074 36.404 36.495 36.348 36.120 35.847 35.385 34.734 33.894 32.866 29.984 26.939 24.049 21.315 18.736 16.312 14.043 11.929 9.971 8.167 6.519 5.087 5.233 5.455 5.753 6.143 7.198 8.241 9.271 10.289 11.293 12.285 13.264 13.904 13.431 12.948 12.456 11.954 11.443 10.923 10.393 9.854 9.305 8.747 8.180 8.062 8.569 9.059 9.531 9.985 10.421 10.840
27.802 28.591 29.318 29.983 30.585 30.946 31.056 31.120 31.137 31.109 31.034 30.913 30.746 30.533 30.274 29.969 29.618 29.556 29.541 29.289 28.798 28.069 27.103 26.049 24.947 23.655 22.176 20.507 18.650 16.297 13.936 11.730 9.679 7.783 6.042 4.457 4.073 3.776 3.494 3.230 2.983 3.928 4.966 5.991 7.003 8.003 8.990 9.964 10.926 11.874 12.810 13.733 14.488 13.973 13.449 12.915 12.372 11.820 11.258 10.686 10.106 9.516 8.916 8.307 8.011 8.441 8.853 9.247 9.623 9.982 10.323
26.165 26.739 27.251 27.700 28.087 28.303 28.254 28.159 28.018 27.831 27.598 27.319 26.993 26.622 26.204 25.741 25.231 24.633 23.799 22.727 21.416 19.868 18.081 16.204 14.272 12.152 9.844 8.638 7.646 7.044 6.702 6.376 6.068 5.777 5.502 5.245 5.004 4.780 4.573 4.383 4.210 4.968 5.950 6.920 7.876 8.820 9.751 10.670 11.575 12.468 13.348 14.216 15.070 14.525 13.959 13.384 12.799 12.205 11.602 10.989 10.367 9.736 9.095 8.445 7.978 8.330 8.664 8.981 9.280 9.561 9.825
24.588 24.948 25.244 25.479 25.651 25.706 25.499 25.245 24.946 24.600 24.208 23.771 23.287 22.757 22.181 21.559 20.892 19.933 18.279 16.913 15.803 14.726 13.681 12.670 11.688 10.732 9.802 8.898 8.019 7.436 7.168 6.917 6.683 6.465 6.265 6.081 5.915 5.765 5.632 5.516 5.417 6.021 6.947 7.861 8.762 9.650 10.525 11.388 12.237 13.075 13.899 14.711 15.509 15.086 14.478 13.862 13.236 12.600 11.956 11.302 10.638 9.965 9.283 8.591 7.963 8.238 8.494 8.734 8.955 9.159 9.345
23.073 23.217 23.299 23.318 23.275 23.155 22.789 22.377 21.919 21.415 20.865 20.269 19.876 19.592 19.312 19.035 18.761 18.337 17.273 16.243 15.245 14.280 13.347 12.448 11.580 10.737 9.920 9.129 8.364 7.809 7.615 7.438 7.278 7.135 7.008 6.899 6.806 6.731 6.672 6.630 6.605 7.086 7.957 8.815 9.660 10.492 11.311 12.118 12.912 13.694 14.462 15.218 15.961 15.656 15.007 14.349 13.682 13.005 12.319 11.623 10.918 10.204 9.480 8.747 8.005 8.163 8.342 8.504 8.648 8.774 8.883
21.618 21.547 21.414 21.219 20.961 20.775 20.489 20.196 19.908 19.622 19.340 19.061 18.785 18.513 18.244 17.978 17.716 17.414 16.463 15.545 14.659 13.805 12.984 12.198 11.443 10.713 10.010 9.332 8.679 8.163 8.043 7.940 7.854 7.785 7.732 7.697 7.678 7.677 7.692 7.724 7.773 8.164 8.979 9.781 10.570 11.346 12.110 12.861 13.600 14.325 15.038 15.738 16.426 16.236 15.545 14.846 14.137 13.419 12.691 11.955 11.208 10.453 9.687 8.913 8.129 8.106 8.208 8.293 8.359 8.408 8.439
20.358 20.222 20.077 19.923 19.761 19.590 19.328 19.047 18.770 18.496 18.225 17.957 17.693 17.432 17.174 16.920 16.669 16.421 15.624 14.818 14.044 13.302 12.593 11.920 11.277 10.661 10.070 9.505 8.966 8.497 8.452 8.423 8.411 8.415 8.437 8.476 8.531 8.603 8.692 8.798 8.921 9.254 10.013 10.759 11.492 12.213 12.921 13.617 14.299 14.969 15.627 16.271 16.903 16.824 16.093 15.352 14.602 13.842 13.073 12.295 11.507 10.710 9.904 9.088 8.263 8.068 8.092 8.099 8.088 8.060 8.014
19.331 19.165 18.991 18.808 18.616 18.415 18.165 17.896 17.630 17.367 17.108 16.852 16.599 16.349 16.103 15.860 15.620 15.384 14.757 14.063 13.400 12.770 12.173 11.612 11.083 10.579 10.102 9.650 9.223 8.823 8.841 8.886 8.948 9.027 9.122 9.235 9.364 9.510 9.673 9.853 10.050 10.356 11.059 11.750 12.428 13.093 13.745 14.385 15.012 15.626 16.228 16.817 17.393 17.423 16.650 15.868 15.076 14.275 13.465 12.645 11.816 10.978 10.130 9.273 8.406 8.047 7.994 7.919 7.827 7.736 7.647
18.314 18.119 17.914 17.702 17.480 17.250 17.001 16.743 16.488 16.237 15.989 15.744 15.503 15.265 15.030 14.798 14.570 14.345 13.862 13.279 12.728 12.210 11.725 11.276 10.860 10.469 10.104 9.765 9.452 9.164 9.211 9.330 9.466 9.619 9.788 9.975 10.178 10.398 10.635 10.888 11.159 11.471 12.118 12.753 13.375 13.985 14.581 15.166 15.737 16.296 16.842 17.375 17.895 18.030 17.216 16.392 15.560 14.717 13.848 12.874 11.917 10.977 10.054 9.148 8.260 7.778 7.689 7.603 7.518 7.435 7.355
17.306 17.081 16.847 16.605 16.354 16.094 15.835 15.588 15.345 15.105 14.869 14.635 14.405 14.179 13.955 13.735 13.518 13.304 12.938 12.467 12.028 11.622 11.248 10.912 10.608 10.330 10.078 9.852 9.652 9.477 9.563 9.755 9.965 10.192 10.435 10.695 10.972 11.266 11.577 11.904 12.249 12.610 13.189 13.769 14.335 14.889 15.430 15.959 16.474 16.973 17.253 17.530 17.803 17.862 16.877 15.909 14.959 14.025 13.109 12.209 11.326 10.461 9.612 8.781 7.966 7.443 7.363 7.285 7.208 7.134 7.061
16.308 16.053 15.790 15.517 15.237 14.947 14.667 14.432 14.200 13.972 13.747 13.525 13.306 13.091 12.878 12.670 12.464 12.262 11.987 11.627 11.300 11.005 10.743 10.519 10.328 10.163 10.024 9.910 9.822 9.760 9.895 10.161 10.445 10.745 11.062 11.396 11.747 12.115 12.499 12.901 13.319 13.528 13.802 14.093 14.379 14.662 14.941 15.216 15.488 15.756 16.020 16.281 16.538 16.734 15.824 14.931 14.054 13.195 12.353 11.527 10.719 9.928 9.153 8.396 7.656 7.108 7.035 6.965 6.897 6.830 6.766
15.319 15.034 14.741 14.439 14.129 13.810 13.498 13.274 13.054 12.837 12.623 12.412 12.205 12.001 11.800 11.603 11.408 11.217 11.006 10.758 10.543 10.359 10.209 10.097 10.019 9.967 9.940 9.939 9.964 10.015 10.208 10.548 10.784 10.987 11.186 11.380 11.570 11.757 11.938 12.116 12.289 12.458 12.703 12.977 13.247 13.514 13.777 14.037 14.292 14.544 14.793 15.037 15.278 15.515 14.754 13.935 13.133 12.348 11.580 10.829 10.095 9.378 8.678 7.995 7.328 6.770 6.706 6.644 6.584 6.525 6.469
14.339 14.025 13.702 13.371 13.031 12.683 12.327 12.114 11.905 11.700 11.497 11.298 11.102 10.909 10.720 10.534 10.351 10.171 9.998 9.862 9.757 9.686 9.646 9.635 9.625 9.609 9.585 9.553 9.515 9.469 9.504 9.697 9.886 10.071 10.251 10.427 10.599 10.767 10.930 11.089 11.244 11.394 11.608 11.866 12.121 12.371 12.619 12.862 13.102 13.338 13.570 13.799 14.024 14.245 13.669 12.924 12.196 11.485 10.791 10.114 9.454 8.811 8.185 7.576 6.984 6.432 6.376 6.322 6.269 6.219 6.171
