DATA/SHG/ECMWF/20170628/EN-47/20170709.en-47.asc
ncols        190
nrows        64
xllcorner    -5100000.000000000000
yllcorner    4130000.000000000000
cellsize     10000.000000000000
NODATA_value  -99999.000
[rows 0 to 32 of 64, columns 73 to 145 of 190]
0.523 0.462 0.399 0.334 0.267 0.198 0.126 0.053 0.002 0.012 0.025 0.036 0.047 0.057 0.066 0.074 0.082 0.088 0.094 0.099 0.109 0.138 0.166 0.193 0.219 0.243 0.267 0.290 0.312 0.332 0.352 0.371 0.391 0.417 0.445 0.473 0.502 0.532 0.562 0.592 0.624 0.656 0.689 0.722 0.749 0.752 0.754 0.755 0.755 0.753 0.749 0.745 0.738 0.731 0.722 0.712 0.715 0.763 0.816 0.874 0.937 1.005 1.078 1.156 1.239 1.327 1.420 1.518 1.616 1.699 1.780 1.859 1.937
0.589 0.520 0.447 0.375 0.304 0.236 0.169 0.104 0.055 0.065 0.074 0.083 0.091 0.098 0.104 0.109 0.114 0.117 0.120 0.122 0.125 0.150 0.173 0.196 0.217 0.237 0.256 0.275 0.292 0.308 0.323 0.337 0.352 0.382 0.412 0.443 0.475 0.508 0.541 0.574 0.609 0.644 0.679 0.715 0.747 0.745 0.741 0.735 0.729 0.721 0.711 0.700 0.688 0.674 0.659 0.643 0.637 0.708 0.783 0.864 0.949 1.039 1.135 1.235 1.341 1.451 1.567 1.688 1.805 1.880 1.953 2.023 2.092
0.611 0.541 0.474 0.408 0.344 0.282 0.222 0.164 0.111 0.118 0.125 0.130 0.135 0.139 0.142 0.145 0.146 0.147 0.147 0.146 0.144 0.163 0.182 0.200 0.216 0.232 0.247 0.260 0.273 0.284 0.295 0.305 0.313 0.346 0.379 0.413 0.448 0.483 0.519 0.555 0.593 0.630 0.669 0.708 0.748 0.739 0.729 0.717 0.704 0.690 0.675 0.658 0.639 0.619 0.598 0.576 0.555 0.648 0.746 0.848 0.956 1.069 1.187 1.310 1.438 1.571 1.709 1.852 2.066 2.269 2.462 2.645 2.816
0.622 0.559 0.498 0.439 0.382 0.327 0.273 0.222 0.172 0.172 0.176 0.179 0.180 0.181 0.182 0.181 0.180 0.177 0.174 0.170 0.165 0.178 0.192 0.205 0.217 0.228 0.238 0.247 0.255 0.262 0.268 0.273 0.277 0.309 0.345 0.382 0.419 0.457 0.496 0.536 0.576 0.617 0.658 0.700 0.743 0.734 0.718 0.700 0.681 0.661 0.639 0.616 0.592 0.566 0.539 0.510 0.480 0.583 0.703 0.893 1.152 1.420 1.697 1.984 2.279 2.583 2.896 3.218 3.549 3.717 3.862 3.997 4.121
0.632 0.575 0.521 0.469 0.418 0.369 0.323 0.278 0.235 0.227 0.228 0.227 0.226 0.224 0.222 0.218 0.214 0.209 0.203 0.196 0.188 0.193 0.203 0.211 0.219 0.225 0.231 0.235 0.239 0.241 0.243 0.243 0.242 0.271 0.310 0.350 0.390 0.431 0.473 0.516 0.559 0.602 0.647 0.692 0.737 0.731 0.709 0.685 0.660 0.634 0.641 0.689 0.754 0.837 0.936 1.052 1.185 1.432 1.713 2.003 2.302 2.610 2.927 3.253 3.588 3.932 4.285 4.646 5.017 5.173 5.271 5.358 5.434
0.640 0.590 0.542 0.496 0.452 0.410 0.370 0.332 0.295 0.282 0.280 0.277 0.273 0.268 0.262 0.256 0.249 0.240 0.231 0.222 0.211 0.210 0.215 0.219 0.222 0.224 0.225 0.225 0.224 0.221 0.218 0.214 0.209 0.233 0.275 0.317 0.361 0.405 0.449 0.495 0.541 0.597 0.657 0.715 0.771 0.806 0.845 0.901 0.974 1.064 1.171 1.295 1.436 1.594 1.768 1.960 2.168 2.452 2.773 3.103 3.442 3.790 4.146 4.512 4.887 5.270 5.663 6.064 6.474 6.638 6.688 6.727 6.756
0.646 0.603 0.561 0.522 0.485 0.449 0.416 0.384 0.354 0.338 0.333 0.327 0.320 0.312 0.304 0.294 0.284 0.273 0.261 0.248 0.235 0.228 0.228 0.228 0.226 0.223 0.220 0.215 0.209 0.203 0.195 0.186 0.195 0.241 0.310 0.377 0.441 0.503 0.562 0.619 0.674 0.726 0.775 0.822 0.866 0.940 1.055 1.187 1.335 1.501 1.683 1.883 2.099 2.332 2.582 2.849 3.133 3.462 3.822 4.192 4.571 4.958 5.354 5.760 6.174 6.597 7.030 7.471 7.921 8.111 8.113 8.105 8.087
0.650 0.613 0.579 0.546 0.515 0.487 0.460 0.434 0.411 0.395 0.387 0.378 0.368 0.358 0.346 0.334 0.320 0.306 0.292 0.276 0.259 0.247 0.243 0.244 0.250 0.259 0.271 0.287 0.307 0.329 0.355 0.384 0.417 0.461 0.520 0.575 0.629 0.679 0.727 0.773 0.816 0.857 0.895 0.931 0.964 1.057 1.247 1.454 1.678 1.919 2.177 2.451 2.743 3.051 3.377 3.719 4.078 4.460 4.861 5.270 5.688 6.116 6.552 6.997 7.451 7.914 8.385 8.866 9.356 9.593 9.548 9.492 9.426
0.652 0.622 0.595 0.568 0.544 0.522 0.502 0.483 0.467 0.453 0.442 0.430 0.417 0.403 0.389 0.375 0.366 0.355 0.341 0.326 0.309 0.297 0.311 0.329 0.349 0.374 0.401 0.432 0.466 0.503 0.544 0.588 0.635 0.685 0.732 0.776 0.818 0.858 0.895 0.929 0.961 0.991 1.018 1.043 1.065 1.155 1.421 1.703 2.002 2.319 2.652 3.002 3.369 3.752 4.153 4.570 5.005 5.448 5.888 6.338 6.795 7.262 7.738 8.223 8.716 9.219 9.730 10.251 10.780 11.083 10.991 10.888 10.774
0.653 0.630 0.608 0.589 0.571 0.556 0.542 0.530 0.527 0.525 0.521 0.514 0.506 0.496 0.483 0.469 0.453 0.435 0.415 0.393 0.370 0.349 0.378 0.410 0.445 0.484 0.527 0.572 0.621 0.673 0.728 0.787 0.849 0.910 0.946 0.979 1.010 1.039 1.065 1.088 1.109 1.127 1.143 1.157 1.168 1.235 1.576 1.934 2.308 2.700 3.108 3.533 3.975 4.434 4.910 5.403 5.912 6.426 6.906 7.394 7.892 8.398 8.914 9.438 9.971 10.513 11.064 11.624 12.193 12.582 12.442 12.292 12.131
0.652 0.691 0.780 0.843 0.879 0.888 0.871 0.828 0.757 0.661 0.650 0.637 0.622 0.605 0.586 0.565 0.542 0.518 0.491 0.462 0.432 0.398 0.440 0.487 0.538 0.591 0.648 0.708 0.772 0.839 0.909 0.983 1.059 1.138 1.163 1.185 1.205 1.222 1.237 1.249 1.259 1.266 1.271 1.273 1.273 1.297 1.713 2.146 2.596 3.063 3.546 4.047 4.564 5.098 5.649 6.217 6.801 7.393 7.912 8.440 8.977 9.523 10.078 10.642 11.215 11.797 12.387 12.987 13.595 14.089 13.902 13.704 13.496
1.574 1.596 1.593 1.562 1.505 1.422 1.311 1.175 1.011 0.821 0.781 0.761 0.740 0.716 0.690 0.662 0.633 0.601 0.568 0.533 0.496 0.455 0.499 0.561 0.626 0.694 0.766 0.841 0.919 1.001 1.086 1.174 1.266 1.360 1.382 1.393 1.402 1.408 1.412 1.413 1.411 1.408 1.401 1.393 1.381 1.367 1.832 2.340 2.865 3.407 3.966 4.541 5.134 5.743 6.369 7.012 7.671 8.348 8.908 9.476 10.052 10.638 11.232 11.836 12.448 13.069 13.700 14.339 14.967 15.536 15.255 14.964 14.662
2.596 2.526 2.429 2.306 2.156 1.979 1.776 1.546 1.290 1.007 0.914 0.887 0.859 0.828 0.796 0.762 0.725 0.687 0.647 0.605 0.561 0.514 0.554 0.631 0.710 0.794 0.880 0.970 1.063 1.159 1.259 1.362 1.468 1.577 1.604 1.604 1.601 1.596 1.589 1.579 1.566 1.552 1.534 1.514 1.492 1.467 1.933 2.516 3.116 3.733 4.367 5.018 5.685 6.369 7.070 7.788 8.523 9.274 9.893 10.504 11.119 11.733 12.345 12.955 13.563 14.169 14.773 15.376 15.977 16.576 16.311 15.974 15.627
3.643 3.479 3.289 3.073 2.830 2.560 2.264 1.941 1.592 1.216 1.048 1.015 0.980 0.942 0.903 0.862 0.819 0.774 0.727 0.679 0.628 0.574 0.605 0.697 0.791 0.889 0.990 1.095 1.202 1.313 1.428 1.545 1.666 1.790 1.828 1.817 1.803 1.787 1.769 1.747 1.724 1.698 1.669 1.638 1.605 1.569 2.016 2.674 3.349 4.041 4.769 5.530 6.302 7.084 7.876 8.679 9.493 10.317 10.979 11.588 12.195 12.801 13.404 14.006 14.606 15.204 15.800 16.394 16.987 17.577 17.376 16.994 16.601
4.712 4.456 4.173 3.864 3.528 3.165 2.776 2.361 1.919 1.450 1.184 1.144 1.102 1.058 1.012 0.964 0.915 0.863 0.809 0.754 0.697 0.636 0.653 0.759 0.868 0.980 1.096 1.216 1.338 1.464 1.593 1.725 1.861 2.000 2.055 2.032 2.008 1.980 1.951 1.919 1.884 1.866 1.871 1.880 1.895 1.915 2.374 3.139 3.916 4.703 5.500 6.308 7.126 7.954 8.793 9.643 10.503 11.374 12.072 12.673 13.272 13.869 14.464 15.058 15.649 16.239 16.827 17.413 17.997 18.580 18.450 18.022 17.584
5.806 5.456 5.081 4.678 4.250 3.794 3.313 2.804 2.269 1.708 1.322 1.275 1.226 1.175 1.123 1.068 1.012 0.953 0.893 0.831 0.767 0.700 0.696 0.817 0.941 1.068 1.199 1.333 1.470 1.610 1.754 1.901 2.062 2.226 2.312 2.303 2.299 2.301 2.308 2.319 2.336 2.359 2.386 2.418 2.456 2.498 2.905 3.718 4.541 5.374 6.218 7.072 7.937 8.812 9.698 10.594 11.501 12.418 13.165 13.758 14.349 14.938 15.525 16.110 16.693 17.275 17.854 18.432 19.008 19.582 19.533 19.059 18.575
6.923 6.480 6.012 5.517 4.995 4.447 3.873 3.272 2.644 1.990 1.461 1.407 1.352 1.294 1.235 1.174 1.111 1.046 0.979 0.910 0.839 0.765 0.736 0.918 1.130 1.330 1.521 1.701 1.870 2.029 2.177 2.315 2.442 2.559 2.638 2.653 2.672 2.696 2.726 2.760 2.800 2.845 2.895 2.950 3.010 3.076 3.425 4.284 5.153 6.034 6.924 7.825 8.736 9.658 10.591 11.533 12.487 13.450 14.259 14.843 15.426 16.006 16.585 17.162 17.737 18.311 18.882 19.452 20.019 20.585 20.624 20.105 19.576
8.063 7.528 6.967 6.379 5.765 5.124 4.457 3.763 3.043 2.297 1.601 1.541 1.479 1.415 1.349 1.285 1.282 1.294 1.321 1.364 1.422 1.483 1.555 1.730 1.895 2.049 2.192 2.325 2.448 2.560 2.661 2.753 2.833 2.903 2.959 2.996 3.038 3.085 3.137 3.195 3.257 3.325 3.398 3.475 3.558 3.647 3.932 4.838 5.754 6.681 7.618 8.566 9.524 10.492 11.471 12.460 13.460 14.470 15.353 15.929 16.503 17.076 17.646 18.215 18.782 19.347 19.910 20.472 21.031 21.589 21.724 21.160 20.585
9.227 8.599 7.945 7.265 6.558 5.825 5.065 4.279 3.461 2.617 1.790 1.745 1.734 1.738 1.758 1.792 1.842 1.908 1.988 2.085 2.196 2.310 2.425 2.553 2.671 2.778 2.875 2.961 3.037 3.102 3.157 3.201 3.235 3.258 3.274 3.333 3.398 3.468 3.543 3.623 3.708 3.799 3.894 3.995 4.101 4.211 4.428 5.380 6.343 7.316 8.300 9.294 10.298 11.313 12.339 13.374 14.421 15.477 16.447 17.015 17.581 18.145 18.708 19.268 19.827 20.384 20.939 21.492 22.043 22.592 22.833 22.223 21.603
10.414 9.642 8.737 7.849 6.979 6.125 5.289 4.470 3.668 2.884 2.116 2.025 2.067 2.124 2.197 2.285 2.388 2.507 2.641 2.790 2.955 3.123 3.291 3.386 3.457 3.517 3.568 3.607 3.636 3.655 3.663 3.661 3.648 3.625 3.591 3.665 3.752 3.845 3.943 4.045 4.153 4.267 4.385 4.508 4.636 4.770 4.912 5.910 6.920 7.939 8.970 10.010 11.061 12.123 13.194 14.277 15.369 16.472 17.542 18.101 18.659 19.215 19.769 20.322 20.872 21.421 21.967 22.512 23.055 23.597 23.951 23.296 22.630
10.278 9.415 8.570 7.742 6.931 6.137 5.361 4.602 3.859 3.134 2.427 2.290 2.385 2.496 2.622 2.763 2.920 3.091 3.279 3.481 3.699 3.920 4.143 4.230 4.254 4.268 4.271 4.264 4.247 4.219 4.180 4.131 4.072 4.002 3.922 3.990 4.100 4.216 4.336 4.462 4.592 4.728 4.869 5.015 5.166 5.322 5.484 6.429 7.484 8.551 9.627 10.714 11.812 12.920 14.038 15.167 16.306 17.455 18.615 19.188 19.738 20.285 20.831 21.375 21.918 22.458 22.997 23.533 24.068 24.795 25.778 25.542 25.274
9.976 9.173 8.387 7.619 6.868 6.134 5.417 4.717 4.035 3.369 2.721 2.540 2.689 2.853 3.032 3.227 3.436 3.661 3.902 4.157 4.428 4.703 4.979 5.084 5.062 5.029 4.986 4.932 4.868 4.793 4.708 4.613 4.507 4.390 4.264 4.309 4.442 4.580 4.723 4.872 5.025 5.184 5.347 5.516 5.690 5.869 6.053 6.935 8.037 9.150 10.273 11.406 12.550 13.704 14.869 16.044 17.230 18.426 19.632 20.275 20.860 21.561 22.336 23.185 24.109 25.108 26.181 27.328 28.550 29.846 31.217 30.954 30.542
9.658 8.915 8.189 7.480 6.789 6.114 5.457 4.817 4.194 3.588 3.000 2.777 2.979 3.196 3.428 3.676 3.938 4.217 4.510 4.819 5.143 5.471 5.801 5.949 5.880 5.801 5.711 5.611 5.500 5.379 5.247 5.105 4.953 4.790 4.616 4.623 4.778 4.939 5.105 5.276 5.452 5.633 5.819 6.010 6.207 6.409 6.615 7.429 8.578 9.737 10.906 12.102 13.330 14.569 15.817 17.075 18.344 19.621 20.909 21.907 22.863 23.893 24.998 26.178 27.431 28.760 30.162 31.639 33.190 34.816 36.516 36.391 35.835
9.324 8.641 7.975 7.326 6.694 6.079 5.481 4.901 4.338 3.791 3.262 2.999 3.254 3.524 3.809 4.110 4.426 4.757 5.104 5.466 5.843 6.224 6.608 6.825 6.709 6.583 6.447 6.300 6.143 5.975 5.797 5.608 5.409 5.200 4.980 4.930 5.108 5.291 5.480 5.673 5.872 6.076 6.312 6.586 6.853 7.111 7.361 8.127 9.361 10.604 11.857 13.119 14.392 15.674 16.966 18.268 19.580 20.902 22.233 23.501 24.787 26.147 27.582 29.090 30.674 32.331 34.063 35.869 37.750 39.705 41.734 41.853 41.153
8.976 8.352 7.745 7.156 6.583 6.028 5.490 4.969 4.465 3.978 3.509 3.206 3.514 3.838 4.176 4.530 4.899 5.283 5.683 6.098 6.528 6.963 7.400 7.711 7.549 7.377 7.194 7.000 6.797 6.582 6.358 6.123 5.877 5.651 5.496 5.508 5.803 6.090 6.369 6.639 6.902 7.157 7.404 7.643 7.873 8.096 8.311 8.958 10.235 11.522 12.818 14.125 15.441 16.767 18.103 19.449 20.804 22.170 23.545 25.017 26.632 28.322 30.085 31.924 33.836 35.823 37.884 40.019 42.228 44.512 46.870 47.340 46.497
8.611 8.047 7.500 6.970 6.457 5.961 5.483 5.021 4.577 4.150 3.739 3.399 3.761 4.137 4.529 4.935 5.358 5.795 6.248 6.715 7.198 7.687 8.177 8.608 8.346 8.020 7.732 7.482 7.268 7.092 6.953 6.852 6.787 6.760 6.770 6.857 7.116 7.368 7.611 7.846 8.073 8.292 8.503 8.706 8.901 9.088 9.267 9.777 11.098 12.428 13.769 15.119 16.479 17.848 19.228 20.617 22.017 23.426 24.844 26.454 28.399 30.417 32.510 34.677 36.919 39.234 41.624 44.088 46.627 49.239 51.926 52.853 51.866
8.232 7.727 7.239 6.769 6.315 5.879 5.460 5.058 4.673 4.305 3.954 3.621 3.993 4.422 4.867 5.326 5.794 6.201 6.580 6.931 7.255 7.558 7.846 8.111 7.925 7.765 7.643 7.557 7.509 7.498 7.524 7.588 7.688 7.826 8.001 8.214 8.437 8.653 8.860 9.059 9.251 9.434 9.610 9.777 9.936 10.088 10.231 10.584 11.949 13.323 14.707 16.101 17.504 18.918 20.341 21.774 23.217 24.670 26.132 27.813 30.086 32.434 34.856 37.352 39.922 42.566 45.285 48.078 50.945 53.886 56.901 58.390 57.260
7.836 7.391 6.963 6.552 6.158 5.781 5.421 5.078 4.753 4.452 4.203 3.981 4.306 4.728 5.122 5.488 5.826 6.136 6.419 6.674 6.901 7.108 7.297 7.465 7.464 7.469 7.512 7.591 7.708 7.862 8.054 8.282 8.548 8.850 9.190 9.568 9.765 9.944 10.116 10.280 10.436 10.583 10.723 10.855 10.979 11.094 11.202 11.380 12.788 14.206 15.633 17.071 18.518 19.975 21.442 22.919 24.405 25.901 27.407 29.094 31.696 34.372 37.123 39.947 42.846 45.819 48.866 51.987 55.182 58.451 61.795 63.952 62.679
7.426 7.040 6.670 6.322 6.002 5.710 5.446 5.210 5.002 4.822 4.669 4.545 4.749 5.074 5.372 5.641 5.883 6.097 6.284 6.442 6.573 6.682 6.775 6.845 6.961 7.132 7.339 7.584 7.866 8.185 8.541 8.934 9.365 9.832 10.337 10.879 11.099 11.243 11.379 11.508 11.628 11.740 11.844 11.940 12.028 12.108 12.180 12.244 13.615 15.077 16.548 18.029 19.520 21.021 22.531 24.052 25.582 27.121 28.671 30.296 33.227 36.232 39.311 42.463 45.690 48.992 52.367 55.816 59.339 62.937 66.608 69.540 68.123
6.920 6.614 6.335 6.084 5.861 5.666 5.499 5.360 5.249 5.165 5.110 5.082 5.217 5.446 5.647 5.820 5.965 6.083 6.173 6.235 6.270 6.282 6.277 6.251 6.418 6.753 7.125 7.535 7.982 8.465 8.986 9.545 10.140 10.772 11.442 12.148 12.441 12.549 12.650 12.742 12.827 12.903 12.972 13.032 13.085 13.129 13.166 13.194 14.431 15.936 17.451 18.976 20.510 22.055 23.609 25.172 26.746 28.329 29.923 31.525 34.680 38.013 41.420 44.901 48.456 52.085 55.788 59.565 63.417 67.342 71.341 74.610 71.713
6.366 6.156 5.974 5.821 5.695 5.596 5.526 5.484 5.469 5.483 5.524 5.593 5.710 5.842 5.947 6.024 6.073 6.094 6.088 6.054 5.992 5.908 5.806 5.682 5.833 6.333 6.870 7.445 8.056 8.705 9.390 10.113 10.873 11.670 12.504 13.375 13.789 13.862 13.927 13.984 14.033 14.074 14.107 14.132 14.149 14.158 14.159 14.151 15.235 16.784 18.342 19.911 21.489 23.076 24.674 26.281 27.899 29.525 31.162 32.809 36.054 39.715 43.252 46.353 49.346 52.232 55.009 57.678 60.239 62.693 65.038 67.276 65.009
5.786 5.673 5.588 5.531 5.502 5.501 5.527 5.582 5.664 5.774 5.912 6.078 6.227 6.263 6.271 6.252 6.205 6.130 6.028 5.897 5.739 5.558 5.359 5.138 5.207 5.872 6.574 7.313 8.089 8.902 9.752 10.640 11.564 12.526 13.524 14.560 15.145 15.182 15.211 15.233 15.246 15.251 15.249 15.238 15.220 15.193 15.158 15.116 16.027 17.620 19.222 20.834 22.455 24.013 25.389 26.749 28.093 29.421 30.733 32.029 34.479 37.320 40.053 42.678 45.196 47.606 49.907 52.101 54.187 56.166 58.036 59.798 58.241
5.181 5.165 5.177 5.216 5.284 5.379 5.503 5.654 5.833 6.039 6.274 6.536 6.769 6.709 6.621 6.505 6.362 6.191 5.992 5.766 5.512 5.234 4.938 4.619 4.540 5.370 6.236 7.140 8.080 9.058 10.073 11.125 12.213 13.339 14.502 15.702 16.507 16.509 16.503 16.489 16.466 16.436 16.398 16.352 16.249 16.003 15.756 15.508 16.032 17.418 18.787 20.141 21.479 22.801 24.107 25.397 26.671 27.929 29.171 30.397 32.343 34.709 36.967 39.117 41.159 43.094 44.920 46.639 48.250 49.754 51.149 52.437 51.412
