DATA/SHG/ECMWF/20170628/EN-47/20170701.en-47.asc
ncols        190
nrows        64
xllcorner    -5100000.000000000000
yllcorner    4130000.000000000000
cellsize     10000.000000000000
NODATA_value  -99999.000
[rows 32 to 63 of 64, columns 0 to 72 of 190]
12.428 12.704 12.267 11.712 11.109 10.459 9.760 9.014 8.220 7.379 6.490 5.553 4.568 3.536 3.400 3.321 3.248 3.182 3.121 3.067 3.019 2.977 2.942 2.912 2.889 2.871 2.796 2.715 2.628 2.536 2.439 2.337 2.229 2.116 1.998 1.875 1.746 1.615 1.644 1.670 1.692 1.711 1.726 1.737 1.745 1.750 1.751 1.955 2.199 2.386 2.612 2.804 2.962 3.086 3.175 3.231 3.252 3.239 3.192 3.111 2.996 2.897 3.282 3.670 4.060 4.452 4.846 5.243 5.642 6.043 6.446 6.852 7.260
14.374 14.821 14.421 13.698 12.928 12.110 11.244 10.331 9.370 8.361 7.304 6.200 5.048 3.849 3.549 3.492 3.441 3.396 3.357 3.324 3.297 3.277 3.262 3.254 3.252 3.256 3.178 3.078 2.973 2.863 2.747 2.626 2.500 2.369 2.232 2.090 1.943 1.790 1.786 1.799 2.217 2.678 3.077 3.414 3.690 3.903 4.055 4.144 4.172 4.137 4.228 4.301 4.340 4.345 4.315 4.252 4.154 4.022 3.856 3.656 3.422 3.154 3.517 3.913 4.311 4.711 5.113 5.518 5.925 6.334 6.746 7.159 7.576
16.263 16.880 16.625 15.735 14.797 13.812 12.779 11.698 10.570 9.394 8.170 6.899 5.580 4.213 3.692 3.656 3.626 3.602 3.585 3.574 3.568 3.569 3.576 3.589 3.608 3.634 3.564 3.446 3.323 3.194 3.060 2.920 2.776 3.000 3.334 3.750 4.247 4.825 5.303 5.672 5.978 6.223 6.406 6.527 6.586 6.583 6.519 6.392 6.203 5.953 5.876 5.830 5.750 5.636 5.487 5.305 5.088 4.837 4.553 4.234 3.881 3.494 3.750 4.153 4.559 4.967 5.378 5.790 6.205 6.623 7.042 7.464 7.888
18.096 18.883 18.878 17.821 16.716 15.563 14.363 13.115 11.820 10.477 9.086 7.648 6.162 4.628 3.828 3.813 3.805 3.803 3.806 3.816 3.832 3.855 3.883 3.917 3.958 4.008 4.056 4.104 4.233 4.444 4.736 5.109 5.564 6.101 6.718 7.417 8.198 9.059 9.555 9.708 9.798 9.827 9.793 9.698 9.541 9.322 9.041 8.699 8.294 7.828 7.556 7.391 7.192 6.958 6.691 6.390 6.054 5.685 5.281 4.844 4.372 3.866 3.980 4.391 4.805 5.221 5.639 6.060 6.483 6.908 7.336 7.766 8.198
19.872 20.830 21.181 19.957 18.685 17.365 15.998 14.583 13.121 11.611 10.053 8.448 6.795 5.095 3.957 3.964 3.977 3.996 4.031 4.124 4.227 4.339 4.460 4.591 4.731 4.881 5.085 5.417 5.829 6.324 6.899 7.556 8.294 9.114 10.014 10.997 12.060 13.205 13.865 13.801 13.675 13.488 13.238 12.927 12.554 12.120 11.623 11.064 10.444 9.762 9.267 8.983 8.665 8.313 7.927 7.507 7.053 6.565 6.043 5.486 4.896 4.272 4.207 4.626 5.048 5.472 5.899 6.327 6.758 7.191 7.627 8.065 8.505
21.593 22.720 23.534 22.142 20.703 19.217 17.683 16.101 14.472 12.795 11.070 9.267 7.416 5.629 4.254 4.342 4.439 4.546 4.663 4.789 4.924 5.069 5.223 5.387 5.561 5.744 6.028 6.643 7.339 8.116 8.975 9.915 10.936 12.039 13.223 14.488 15.834 17.262 18.232 17.952 17.610 17.207 16.742 16.215 15.626 14.975 14.263 13.489 12.653 11.755 11.010 10.607 10.171 9.700 9.195 8.657 8.084 7.477 6.836 6.161 5.453 4.710 4.431 4.859 5.289 5.721 6.155 6.592 7.031 7.472 7.916 8.361 8.809
23.257 24.554 25.900 24.378 22.553 20.477 18.465 16.518 14.634 12.814 11.057 9.365 7.736 6.172 4.742 4.863 4.994 5.134 5.283 5.442 5.610 5.788 5.976 6.173 6.379 6.595 6.884 7.782 8.761 9.822 10.964 12.187 13.491 14.876 16.343 17.891 19.520 21.230 22.656 22.161 21.603 20.984 20.303 19.560 18.756 17.890 16.962 15.972 14.921 13.808 12.785 12.263 11.708 11.119 10.495 9.838 9.147 8.421 7.662 6.869 6.041 5.180 4.653 5.089 5.527 5.967 6.409 6.854 7.301 7.750 8.708 10.073 11.516
22.957 23.724 24.467 22.942 21.025 19.172 17.383 15.658 13.996 12.398 10.864 9.394 7.988 6.645 5.366 5.374 5.537 5.710 5.893 6.085 6.286 6.497 6.717 6.947 7.186 7.435 7.693 8.835 10.098 11.441 12.866 14.371 15.958 17.626 19.376 21.206 23.117 25.110 27.138 26.427 25.654 24.819 23.922 22.964 21.944 20.863 19.719 18.514 17.248 15.919 14.591 13.951 13.277 12.569 11.827 11.051 10.242 9.398 8.520 7.608 6.663 5.683 4.873 5.705 6.794 7.960 9.205 10.528 11.928 13.407 14.964 16.599 18.312
20.766 21.448 22.107 21.124 19.430 17.799 16.233 14.730 13.290 11.915 10.603 9.355 8.171 7.050 5.993 5.873 6.070 6.276 6.491 6.716 6.951 7.194 7.448 7.710 7.983 8.264 8.555 9.802 11.347 12.973 14.681 16.469 18.338 20.289 22.320 24.433 26.627 28.902 31.258 30.750 29.762 28.711 27.600 26.426 25.191 23.894 22.535 21.115 19.633 18.090 16.485 15.670 14.878 14.051 13.191 12.297 11.487 10.793 10.191 9.681 9.263 8.938 8.707 9.988 11.347 12.784 14.298 15.891 17.562 19.311 21.137 23.042 25.025
18.603 19.202 19.776 19.240 17.768 16.360 15.015 13.734 12.517 11.363 10.274 9.248 8.285 7.386 6.551 6.362 6.592 6.831 7.079 7.337 7.604 7.881 8.167 8.463 8.768 9.082 9.407 10.683 12.511 14.419 16.409 18.479 20.631 22.864 25.178 27.573 30.049 32.606 35.244 35.131 33.927 32.662 31.335 29.946 28.495 26.983 25.410 23.774 22.078 20.063 18.073 16.948 16.112 15.369 14.718 14.158 13.691 13.317 13.034 12.843 12.745 12.739 12.824 14.190 15.819 17.525 19.310 21.173 23.114 25.132 27.229 29.404 31.656
16.470 16.985 17.475 17.289 16.039 14.852 13.730 12.671 11.676 10.744 9.876 9.072 8.331 7.654 7.041 6.840 7.103 7.375 7.656 7.947 8.247 8.556 8.876 9.204 9.542 9.890 10.247 11.478 13.588 15.778 18.050 20.403 22.837 25.352 27.948 30.625 33.383 36.221 39.141 39.570 38.151 36.670 34.358 32.067 29.861 27.740 25.704 23.754 21.888 20.108 18.413 17.462 16.946 16.522 16.191 15.951 15.803 15.747 15.784 15.912 16.133 16.446 16.850 18.311 20.210 22.187 24.241 26.374 28.584 30.872 33.239 35.683 38.205
14.367 14.797 15.203 15.270 14.242 13.278 12.377 11.540 10.767 10.057 9.411 8.828 8.309 7.853 7.462 7.308 7.603 7.908 8.222 8.546 8.879 9.221 9.573 9.935 10.305 10.686 11.076 12.186 14.579 17.051 19.605 22.240 24.956 27.753 30.612 32.731 34.789 36.785 38.721 38.750 36.499 34.333 32.252 30.256 28.346 26.520 24.780 23.124 21.554 20.069 18.669 17.886 17.689 17.584 17.571 17.651 17.822 18.085 18.441 18.888 19.427 20.059 20.782 22.352 24.520 26.767 29.091 31.493 33.973 36.531 39.167 41.880 44.671
12.292 12.638 12.960 13.185 12.379 11.637 10.958 10.342 9.790 9.302 8.877 8.516 8.218 7.984 7.814 7.764 8.093 8.430 8.777 9.134 9.500 9.875 10.260 10.654 11.058 11.471 11.893 12.777 15.111 17.384 19.597 21.748 23.839 25.868 27.837 29.745 31.593 33.379 35.104 35.675 33.720 31.849 30.064 28.363 26.748 25.217 23.772 22.411 21.136 19.945 18.840 18.217 18.340 18.554 18.860 19.258 19.748 20.331 21.005 21.771 22.629 23.578 24.620 26.312 28.750 31.266 33.860 36.531 39.281 42.108 45.013 47.996 51.056
10.247 10.509 10.747 10.961 10.449 9.928 9.470 9.076 8.746 8.479 8.276 8.136 8.060 8.047 8.098 8.212 8.571 8.942 9.322 9.711 10.067 10.276 10.479 10.675 10.865 11.048 11.224 11.541 13.665 15.727 17.729 19.670 21.550 23.369 25.128 26.825 28.462 30.038 31.554 32.518 30.858 29.283 27.792 26.387 25.066 23.831 22.680 21.614 20.634 19.738 18.927 18.458 18.899 19.432 20.057 20.774 21.583 22.483 23.476 24.560 25.737 27.005 28.365 30.192 32.900 35.685 38.548 41.489 44.507 47.604 50.778 54.030 57.359
8.231 8.409 8.563 8.693 8.452 8.152 7.916 7.744 7.634 7.589 7.607 7.688 7.833 8.015 8.165 8.313 8.521 8.734 8.940 9.140 9.333 9.520 9.700 9.873 10.040 10.200 10.354 10.500 12.283 14.135 15.926 17.656 19.326 20.935 22.483 23.971 25.397 26.763 28.068 29.280 27.914 26.634 25.438 24.328 23.302 22.361 21.505 20.734 20.048 19.447 18.930 18.607 19.367 20.218 21.162 22.197 23.324 24.543 25.854 27.257 28.751 30.338 32.016 33.992 36.969 40.023 43.155 46.365 49.653 53.018 56.461 59.982 63.580
6.244 6.338 6.408 6.454 6.388 6.310 6.364 6.521 6.675 6.828 6.979 7.128 7.276 7.421 7.565 7.707 7.886 8.077 8.260 8.437 8.608 8.771 8.929 9.079 9.223 9.360 9.491 9.615 10.965 12.606 14.187 15.708 17.167 18.566 19.904 21.182 22.398 23.554 24.649 25.684 24.889 23.903 23.002 22.186 21.455 20.808 20.247 19.770 19.378 19.071 18.849 18.712 19.743 20.913 22.175 23.528 24.974 26.511 28.140 29.861 31.673 33.577 35.573 37.711 40.957 44.281 47.682 51.161 54.718 58.352 62.064 65.853 69.669
4.619 4.861 5.095 5.320 5.510 5.664 5.816 5.966 6.114 6.261 6.406 6.549 6.691 6.831 6.969 7.105 7.260 7.427 7.588 7.742 7.890 8.031 8.165 8.293 8.414 8.529 8.636 8.738 9.711 11.143 12.514 13.824 15.073 16.262 17.390 18.458 19.464 20.410 21.296 22.120 21.781 21.090 20.483 19.962 19.525 19.173 18.905 18.723 18.625 18.612 18.684 18.841 20.028 21.516 23.096 24.768 26.531 28.386 30.333 32.372 34.502 36.724 39.038 41.443 44.866 48.366 50.889 53.345 55.733 58.054 60.307 62.492 64.609
4.190 4.402 4.605 4.800 4.975 5.123 5.269 5.414 5.556 5.697 5.836 5.973 6.109 6.242 6.374 6.505 6.641 6.786 6.924 7.055 7.180 7.298 7.410 7.515 7.613 7.705 7.790 7.868 8.522 9.744 10.904 12.005 13.044 14.023 14.941 15.799 16.596 17.332 18.008 18.623 18.591 18.194 17.882 17.655 17.512 17.454 17.481 17.592 17.789 18.070 18.435 18.886 20.222 22.028 23.926 25.915 27.997 30.169 32.351 34.062 35.725 37.342 38.912 40.436 42.645 45.003 47.294 49.517 51.673 53.761 55.781 57.733 59.618
3.771 3.952 4.125 4.290 4.444 4.586 4.726 4.864 5.001 5.135 5.268 5.400 5.529 5.657 5.783 5.907 6.030 6.152 6.267 6.376 6.478 6.573 6.662 6.744 6.820 6.889 6.951 7.007 7.397 8.409 9.360 10.250 11.080 11.849 12.557 13.205 13.792 14.319 14.785 15.191 15.320 15.217 15.199 15.265 15.417 15.653 15.973 16.379 16.869 17.443 18.103 18.830 20.154 21.984 23.767 25.504 27.193 28.836 30.432 31.982 33.484 34.940 36.349 37.711 39.584 41.709 43.767 45.758 47.681 49.536 51.324 53.044 54.697
3.362 3.513 3.656 3.790 3.915 4.051 4.185 4.317 4.447 4.576 4.703 4.829 4.952 5.074 5.194 5.312 5.427 5.526 5.619 5.704 5.784 5.856 5.922 5.981 6.034 6.080 6.120 6.153 6.336 7.138 7.879 8.560 9.180 9.739 10.238 10.677 11.054 11.372 11.628 11.824 11.966 12.157 12.433 12.794 13.316 14.058 14.786 15.497 16.193 16.874 17.539 18.189 19.250 20.919 22.541 24.116 25.645 27.126 28.561 29.949 31.291 32.585 33.833 35.034 36.590 38.483 40.309 42.067 43.758 45.381 46.936 48.424 49.844
2.963 3.084 3.197 3.300 3.395 3.518 3.646 3.772 3.897 4.020 4.141 4.260 4.378 4.493 4.607 4.720 4.830 4.908 4.978 5.041 5.097 5.147 5.190 5.227 5.257 5.280 5.297 5.307 5.339 5.932 6.463 6.934 7.345 7.695 7.984 8.213 8.381 8.629 9.118 9.613 10.152 10.903 11.639 12.359 13.064 13.753 14.427 15.085 15.728 16.355 16.967 17.564 18.393 19.901 21.362 22.776 24.143 25.464 26.737 27.965 29.145 30.279 31.366 32.406 33.665 35.325 36.919 38.444 39.903 41.294 42.617 43.873 45.061
2.574 2.665 2.747 2.821 2.885 2.988 3.110 3.230 3.349 3.466 3.581 3.694 3.806 3.915 4.023 4.130 4.234 4.298 4.344 4.385 4.418 4.445 4.466 4.480 4.487 4.488 4.482 4.469 4.450 4.789 5.180 5.648 6.123 6.603 7.089 7.581 8.079 8.582 9.092 9.607 10.129 10.827 11.509 12.176 12.828 13.464 14.084 14.689 15.279 15.853 16.411 16.954 17.583 18.930 20.229 21.482 22.689 23.848 24.961 26.027 27.047 28.019 28.946 29.825 30.807 32.236 33.597 34.890 36.116 37.275 38.366 39.390 40.346
2.196 2.256 2.308 2.351 2.385 2.460 2.576 2.691 2.803 2.914 3.023 3.131 3.236 3.340 3.442 3.542 3.641 3.695 3.719 3.736 3.747 3.752 3.749 3.778 3.842 3.909 3.978 4.050 4.124 4.502 4.985 5.474 5.969 6.470 6.976 7.488 8.006 8.530 9.060 9.595 10.136 10.766 11.395 12.009 12.607 13.190 13.757 14.309 14.845 15.366 15.871 16.361 16.836 18.005 19.144 20.236 21.281 22.280 23.232 24.137 24.996 25.808 26.573 27.292 28.017 29.214 30.342 31.404 32.398 33.325 34.184 34.976 35.701
1.827 1.858 1.879 1.892 1.896 1.935 2.046 2.154 2.260 2.365 2.468 2.570 2.669 2.767 2.863 2.958 3.076 3.172 3.230 3.291 3.354 3.419 3.487 3.558 3.631 3.706 3.784 3.864 3.947 4.282 4.785 5.294 5.809 6.330 6.857 7.389 7.928 8.472 9.022 9.577 10.139 10.721 11.297 11.857 12.402 12.931 13.445 13.944 14.427 14.895 15.347 15.784 16.205 17.127 18.105 19.036 19.921 20.759 21.550 22.295 22.993 23.644 24.248 24.806 25.318 26.259 27.156 27.986 28.748 29.443 30.071 30.631 31.124
1.469 1.469 1.460 1.443 1.417 1.413 1.517 1.619 1.720 1.853 1.999 2.141 2.280 2.415 2.546 2.673 2.797 2.899 2.965 3.035 3.106 3.180 3.257 3.336 3.417 3.501 3.587 3.676 3.767 4.055 4.579 5.109 5.644 6.185 6.732 7.285 7.843 8.408 8.978 9.554 10.135 10.692 11.214 11.721 12.213 12.689 13.150 13.595 14.025 14.439 14.838 15.222 15.590 16.296 17.114 17.884 18.608 19.285 19.915 20.499 21.037 21.527 21.971 22.369 22.719 23.373 24.038 24.636 25.167 25.630 26.026 26.355 26.616
1.121 1.090 1.084 1.086 1.088 1.098 1.246 1.391 1.531 1.668 1.801 1.930 2.056 2.178 2.296 2.411 2.522 2.623 2.699 2.776 2.856 2.939 3.024 3.111 3.201 3.294 3.388 3.485 3.585 3.823 4.367 4.917 5.472 6.034 6.601 7.174 7.753 8.337 8.928 9.524 10.126 10.677 11.147 11.601 12.039 12.462 12.870 13.262 13.638 14.000 14.346 14.676 14.991 15.512 16.169 16.778 17.341 17.858 18.328 18.751 19.128 19.458 19.742 19.979 20.169 20.554 20.988 21.354 21.653 22.163 22.741 23.302 23.846
0.979 0.981 0.981 0.982 0.981 0.981 1.103 1.235 1.362 1.487 1.607 1.724 1.837 1.946 2.051 2.153 2.251 2.346 2.429 2.516 2.604 2.695 2.789 2.885 2.983 3.084 3.187 3.293 3.401 3.585 4.149 4.719 5.295 5.877 6.464 7.057 7.656 8.261 8.872 9.488 10.110 10.679 11.095 11.496 11.881 12.251 12.605 12.944 13.268 13.576 13.869 14.146 14.408 14.775 15.270 15.719 16.122 16.478 16.787 17.050 17.267 17.436 17.704 18.016 18.339 18.818 19.407 19.978 20.531 21.067 21.585 22.085 22.568
0.880 0.880 0.879 0.877 0.875 0.873 0.964 1.083 1.198 1.309 1.417 1.521 1.621 1.718 1.811 1.900 1.985 2.067 2.158 2.252 2.350 2.449 2.551 2.656 2.762 2.872 2.983 3.097 3.214 3.341 3.925 4.516 5.112 5.714 6.321 6.935 7.554 8.179 8.810 9.446 10.089 10.696 11.058 11.406 11.738 12.055 12.356 12.642 12.913 13.168 13.407 13.632 13.841 14.083 14.419 14.691 14.965 15.250 15.546 15.852 16.169 16.497 16.835 17.184 17.544 17.983 18.511 19.021 19.514 19.989 20.446 20.886 21.308
0.782 0.780 0.777 0.774 0.770 0.766 0.830 0.936 1.038 1.136 1.231 1.322 1.410 1.494 1.574 1.650 1.723 1.792 1.884 1.987 2.093 2.201 2.311 2.424 2.539 2.657 2.777 2.900 3.025 3.152 3.696 4.306 4.923 5.545 6.172 6.806 7.446 8.091 8.742 9.399 10.061 10.728 11.038 11.332 11.611 11.875 12.123 12.356 12.474 12.574 12.670 12.762 12.850 12.962 13.252 13.553 13.864 14.187 14.519 14.863 15.217 15.581 15.957 16.343 16.740 17.165 17.633 18.082 18.515 18.929 19.326 19.705 20.066
0.685 0.681 0.676 0.671 0.666 0.660 0.699 0.792 0.882 0.968 1.050 1.128 1.203 1.274 1.341 1.405 1.465 1.521 1.608 1.720 1.834 1.950 2.069 2.190 2.314 2.440 2.569 2.700 2.834 2.970 3.460 4.091 4.727 5.370 6.018 6.672 7.331 7.997 8.668 9.345 10.028 10.576 10.747 10.856 10.962 11.064 11.162 11.257 11.347 11.434 11.516 11.595 11.670 11.741 12.068 12.406 12.755 13.114 13.483 13.864 14.255 14.657 15.069 15.492 15.926 16.366 16.772 17.162 17.533 17.887 18.223 18.542 18.843
0.588 0.582 0.576 0.569 0.562 0.554 0.573 0.653 0.730 0.803 0.872 0.938 1.000 1.058 1.113 1.164 1.211 1.255 1.330 1.450 1.572 1.697 1.825 1.954 2.087 2.221 2.358 2.498 2.640 2.784 3.219 3.870 4.526 5.189 5.789 6.370 6.934 7.482 8.012 8.525 9.021 9.500 9.703 9.800 9.893 9.982 10.067 10.148 10.225 10.299 10.368 10.434 10.496 10.554 10.875 11.250 11.635 12.031 12.438 12.856 13.284 13.722 14.172 14.632 15.102 15.584 15.930 16.258 16.569 16.863 17.138 17.396 17.637
0.492 0.485 0.477 0.468 0.459 0.449 0.450 0.518 0.582 0.642 0.699 0.752 0.802 0.847 0.889 0.927 0.962 0.993 1.049 1.177 1.308 1.442 1.578 1.716 1.857 2.000 2.145 2.285 2.420 2.550 2.880 3.471 4.045 4.602 5.142 5.665 6.170 6.659 7.130 7.584 8.022 8.442 8.665 8.749 8.828 8.904 8.976 9.044 9.108 9.168 9.225 9.278 9.326 9.371 9.673 10.084 10.507 10.940 11.384 11.838 12.303 12.779 13.265 13.762 14.270 14.788 15.105 15.373 15.624 15.856 16.071 16.269 16.449
