DATA/SHG/ECMWF/20170628/EN-47/20170705.en-47.asc
ncols        190
nrows        64
xllcorner    -5100000.000000000000
yllcorner    4130000.000000000000
cellsize     10000.000000000000
NODATA_value  -99999.000
[rows 32 to 63 of 64, columns 0 to 71 of 190]
10.455 10.361 10.077 9.755 9.411 9.044 8.655 8.243 7.809 7.353 6.874 6.373 5.849 5.304 5.090 4.871 4.626 4.354 4.057 3.734 3.384 3.009 2.608 2.180 1.727 1.248 1.364 1.491 1.620 1.748 1.878 2.008 2.139 2.270 2.403 2.536 2.669 2.798 2.651 2.509 2.374 2.244 2.121 2.003 1.891 1.785 1.685 1.743 1.845 1.924 2.095 2.236 2.348 2.430 2.483 2.507 2.501 2.466 2.401 2.307 2.183 2.047 2.070 2.104 2.149 2.205 2.272 2.351 2.440 2.541 2.653 2.776
12.410 12.212 11.871 11.470 11.047 10.601 10.133 9.643 9.131 8.596 8.038 7.458 6.856 6.232 5.873 5.563 5.227 4.864 4.476 4.062 3.621 3.155 2.663 2.145 1.600 1.030 1.043 1.173 1.303 1.435 1.567 1.699 1.833 1.967 2.102 2.237 2.373 2.510 2.416 2.296 2.459 2.665 2.842 2.988 3.105 3.193 3.251 3.279 3.277 3.246 3.303 3.342 3.351 3.331 3.281 3.202 3.094 2.956 2.789 2.592 2.367 2.111 2.158 2.231 2.315 2.410 2.516 2.633 2.761 2.900 3.051 3.213
14.394 14.093 13.687 13.207 12.705 12.181 11.635 11.066 10.475 9.861 9.225 8.567 7.886 7.183 6.683 6.282 5.855 5.401 4.922 4.417 3.886 3.329 2.746 2.136 1.501 0.840 0.721 0.854 0.987 1.121 1.255 1.390 1.526 1.954 2.445 2.974 3.542 4.149 4.455 4.616 4.748 4.851 4.923 4.966 4.980 4.963 4.918 4.842 4.737 4.602 4.539 4.475 4.381 4.259 4.107 3.925 3.715 3.475 3.205 2.906 2.578 2.220 2.236 2.347 2.470 2.603 2.748 2.904 3.071 3.249 3.438 3.638
16.408 16.004 15.525 14.967 14.387 13.784 13.159 12.511 11.841 11.149 10.435 9.698 8.939 8.157 7.520 7.028 6.510 5.966 5.396 4.800 4.178 3.530 2.856 2.156 1.430 0.686 0.587 0.942 1.335 1.766 2.237 2.746 3.294 3.880 4.506 5.170 5.873 6.614 6.978 7.036 7.064 7.063 7.032 6.971 6.881 6.761 6.612 6.433 6.224 5.986 5.802 5.635 5.440 5.215 4.960 4.677 4.363 4.021 3.649 3.248 2.818 2.358 2.302 2.452 2.614 2.786 2.969 3.164 3.369 3.586 3.814 4.053
18.452 17.945 17.386 16.749 16.090 15.409 14.705 13.979 13.231 12.460 11.667 10.852 10.014 9.154 8.384 7.801 7.192 6.557 5.958 5.605 5.175 4.668 4.085 3.424 2.687 1.872 1.527 2.016 2.544 3.110 3.716 4.360 5.043 5.764 6.524 7.323 8.161 9.037 9.528 9.482 9.407 9.302 9.168 9.004 8.810 8.587 8.334 8.052 7.740 7.398 7.092 6.824 6.526 6.198 5.842 5.456 5.040 4.596 4.122 3.618 3.086 2.523 2.358 2.547 2.747 2.957 3.179 3.413 3.657 3.912 4.179 4.456
20.526 19.916 19.268 18.553 17.816 17.056 16.274 15.469 14.643 13.794 12.922 12.112 11.564 11.134 10.823 10.509 10.117 9.649 9.104 8.483 7.784 7.008 6.156 5.227 4.221 3.138 2.424 3.048 3.711 4.412 5.153 5.931 6.749 7.605 8.500 9.434 10.406 11.417 12.105 11.956 11.777 11.569 11.331 11.063 10.766 10.440 10.084 9.698 9.282 8.838 8.411 8.040 7.639 7.210 6.751 6.263 5.745 5.198 4.622 4.016 3.382 2.718 2.403 2.630 2.869 3.118 3.379 3.651 3.933 4.227 4.532 4.849
22.630 21.916 21.173 20.380 19.464 18.499 17.653 16.925 16.316 15.826 15.454 15.201 15.067 15.051 15.123 14.540 13.879 13.143 12.329 11.438 10.471 9.427 8.306 7.108 5.834 4.483 3.280 4.039 4.836 5.673 6.547 7.461 8.413 9.404 10.433 11.502 12.608 13.754 14.708 14.456 14.174 13.862 13.521 13.150 12.750 12.320 11.860 11.371 10.853 10.305 9.756 9.283 8.781 8.249 7.688 7.097 6.478 5.829 5.150 4.443 3.706 2.940 2.437 2.703 2.980 3.268 3.567 3.878 4.199 4.532 5.098 5.806
23.353 22.198 21.038 20.195 19.526 18.975 18.542 18.228 18.033 17.956 17.998 18.159 18.438 18.836 19.352 18.648 17.719 16.713 15.631 14.472 13.236 11.924 10.535 9.069 7.526 5.906 4.210 4.988 5.920 6.891 7.900 8.948 10.035 11.160 12.324 13.527 14.768 16.048 17.339 16.983 16.598 16.183 15.738 15.264 14.761 14.228 13.665 13.073 12.451 11.800 11.129 10.554 9.949 9.315 8.652 7.960 7.238 6.487 5.707 4.897 4.059 3.191 2.460 3.075 3.831 4.574 5.303 6.018 6.719 7.407 8.080 8.740
22.682 21.510 20.333 19.713 19.457 19.320 19.301 19.401 19.619 19.956 20.411 20.985 21.677 22.488 23.417 22.833 21.636 20.362 19.011 17.584 16.080 14.499 12.841 11.107 9.297 7.409 5.445 5.895 6.961 8.067 9.211 10.393 11.615 12.874 14.173 15.510 16.886 18.300 19.753 19.537 19.049 18.530 17.983 17.405 16.799 16.162 15.497 14.801 14.077 13.322 12.538 11.852 11.146 10.410 9.645 8.850 8.201 7.651 7.152 6.706 6.312 5.970 5.681 6.403 7.111 7.806 8.487 9.154 9.807 10.446 11.072 11.684
22.018 20.828 19.634 19.102 19.259 19.536 19.930 20.443 21.074 21.824 22.693 23.679 24.784 26.008 27.350 27.095 25.629 24.087 22.468 20.773 19.001 17.152 15.227 13.225 11.146 8.991 6.759 6.760 7.961 9.201 10.480 11.797 13.152 14.546 15.979 17.450 18.960 20.509 22.096 22.118 21.526 20.905 20.254 19.574 18.864 18.125 17.356 16.558 15.730 14.807 13.947 13.243 12.612 12.034 11.508 11.034 10.611 10.241 9.923 9.656 9.442 9.280 9.169 9.741 10.401 11.047 11.680 12.299 12.904 13.495 14.073 14.637
21.360 20.153 18.942 18.361 18.932 19.622 20.429 21.355 22.399 23.562 24.843 26.242 27.760 29.396 31.151 31.434 29.700 27.890 26.003 24.040 22.000 19.883 17.690 15.420 13.074 10.651 8.152 7.584 8.920 10.294 11.707 13.158 14.648 16.176 17.743 19.349 20.993 22.675 24.396 24.726 24.031 23.307 22.106 20.950 19.878 18.890 17.985 17.163 16.425 15.771 15.201 14.700 14.250 13.851 13.505 13.211 12.968 12.778 12.639 12.553 12.518 12.535 12.604 13.087 13.699 14.297 14.882 15.453 16.010 16.554 17.083 17.599
20.708 19.485 18.257 17.492 18.476 19.578 20.798 22.137 23.594 25.169 26.862 28.674 30.604 32.652 34.819 35.850 33.848 31.770 29.616 27.384 25.077 22.693 20.232 17.694 15.081 12.390 9.623 8.366 9.836 11.345 12.892 14.477 16.101 17.764 19.454 20.670 21.835 22.947 24.007 24.054 22.938 21.905 20.956 20.090 19.308 18.610 17.995 17.463 17.015 16.651 16.370 16.104 15.834 15.615 15.449 15.334 15.272 15.261 15.302 15.395 15.540 15.736 15.985 16.442 17.006 17.557 18.093 18.616 19.125 19.621 20.103 20.571
20.064 18.823 17.578 16.494 17.891 19.405 21.038 22.789 24.658 26.646 28.751 30.975 33.317 35.777 38.356 40.343 38.073 35.728 33.305 30.807 28.231 25.580 22.852 20.047 17.166 14.208 11.174 9.088 10.490 11.839 13.136 14.380 15.573 16.713 17.801 18.836 19.820 20.751 21.630 21.951 21.125 20.382 19.723 19.148 18.655 18.247 17.922 17.680 17.522 17.447 17.456 17.456 17.365 17.326 17.339 17.404 17.521 17.690 17.911 18.183 18.507 18.884 19.312 19.806 20.322 20.825 21.314 21.789 22.250 22.697 23.131 23.551
19.425 18.168 16.906 15.639 17.176 19.103 21.148 23.311 25.593 27.992 30.509 33.145 35.899 38.770 41.760 44.868 42.375 39.762 37.072 34.306 31.290 27.717 24.247 20.881 17.618 14.459 11.403 8.758 9.979 11.147 12.262 13.326 14.337 15.296 16.203 17.058 17.860 18.611 19.308 19.766 19.230 18.777 18.408 18.122 17.920 17.801 17.765 17.813 17.944 18.159 18.457 18.754 18.843 18.984 19.176 19.421 19.717 20.066 20.466 20.918 21.421 21.977 22.584 23.180 23.648 24.102 24.543 24.970 25.383 25.783 26.169 26.541
18.794 17.519 16.240 14.956 16.333 18.672 21.129 23.704 26.397 29.208 32.137 35.184 38.349 41.308 43.590 45.762 42.961 39.334 35.810 32.389 29.071 25.857 22.747 19.740 16.836 14.036 11.339 8.745 9.522 10.509 11.444 12.326 13.157 13.935 14.661 15.335 15.956 16.526 17.043 17.499 17.253 17.090 17.010 17.014 17.101 17.272 17.526 17.863 18.283 18.787 19.375 19.999 20.268 20.588 20.960 21.384 21.860 22.388 22.967 23.598 24.281 25.016 25.802 26.562 26.982 27.389 27.782 28.161 28.526 28.878 29.216 29.541
18.168 16.877 15.580 14.279 15.362 18.112 20.915 23.588 26.151 28.603 30.945 33.176 35.296 37.305 39.204 40.992 39.201 35.932 32.767 29.705 26.747 23.892 21.140 18.492 15.947 13.505 11.167 8.932 9.120 9.926 10.680 11.382 12.031 12.629 13.174 13.667 14.108 14.497 14.834 15.118 15.194 15.320 15.530 15.823 16.200 16.660 17.203 17.829 18.539 19.332 20.208 21.168 21.640 22.140 22.691 23.294 23.949 24.656 25.415 26.225 27.087 28.001 28.967 29.953 30.325 30.684 31.029 31.360 31.678 31.982 32.272 32.549
17.818 16.666 15.497 14.311 14.812 17.323 19.723 22.012 24.191 26.259 28.217 30.064 31.800 33.426 34.941 36.345 35.335 32.426 29.620 26.917 24.317 21.821 19.428 17.138 14.952 12.869 10.889 9.012 8.773 9.398 9.971 10.492 10.961 11.378 11.742 12.055 12.315 12.524 12.680 12.784 13.053 13.469 13.968 14.550 15.216 15.965 16.797 17.712 18.711 19.793 20.958 22.206 22.959 23.638 24.369 25.151 25.985 26.871 27.809 28.798 29.839 30.932 32.077 33.273 33.678 33.925 33.494 33.066 32.641 32.219 31.799 31.383
18.436 17.224 15.996 14.750 14.510 16.637 18.653 20.558 22.353 24.037 25.611 27.074 28.427 29.669 30.801 31.822 31.365 28.814 26.367 24.023 21.782 19.644 17.609 15.678 13.850 12.125 10.503 8.985 8.480 8.925 9.317 9.657 9.946 10.182 10.366 10.498 10.578 10.606 10.581 10.505 10.830 11.535 12.323 13.195 14.149 15.187 16.308 17.512 18.799 20.170 21.624 23.161 24.226 25.084 25.993 26.955 27.968 29.033 30.063 30.602 31.133 31.655 32.169 32.674 32.457 32.033 31.613 31.195 30.779 30.367 29.958 29.551
19.072 17.801 16.513 15.208 14.328 16.071 17.703 19.225 20.636 21.937 23.127 24.207 25.177 26.035 26.784 27.422 27.290 25.098 23.009 21.023 19.141 17.361 15.685 14.112 12.641 11.274 10.011 8.850 8.242 8.505 8.717 8.877 8.985 9.041 9.044 8.996 8.896 8.743 8.539 8.282 8.525 9.519 10.596 11.757 13.000 14.326 15.736 17.229 18.805 20.464 22.206 23.955 24.945 25.507 26.060 26.605 27.141 27.668 28.187 28.697 29.198 29.691 30.175 30.650 30.555 30.142 29.731 29.323 28.918 28.515 28.116 27.719
19.726 18.396 17.049 15.684 14.303 15.626 16.875 18.013 19.041 19.959 20.766 21.463 22.049 22.525 22.890 23.145 23.111 21.278 19.547 17.919 16.394 14.973 13.654 12.439 11.327 10.318 9.411 8.608 8.057 8.141 8.172 8.152 8.079 7.955 7.778 7.549 7.269 6.936 6.551 6.115 6.139 7.422 8.787 10.236 11.794 13.418 14.999 16.536 18.029 19.478 20.883 22.244 23.257 23.789 24.313 24.828 25.335 25.832 26.322 26.802 27.274 27.737 28.192 28.637 28.653 28.250 27.849 27.451 27.055 26.663 26.273 25.886
20.399 19.009 17.602 16.179 14.739 15.302 16.168 16.923 17.568 18.102 18.526 18.840 19.043 19.136 19.119 18.992 18.754 17.352 15.979 14.710 13.543 12.479 11.518 10.661 9.906 9.254 8.705 8.260 7.927 7.831 7.682 7.481 7.228 6.923 6.567 6.158 5.697 5.279 5.027 4.790 4.856 6.504 8.109 9.670 11.187 12.660 14.090 15.475 16.817 18.115 19.369 20.579 21.579 22.082 22.576 23.062 23.539 24.007 24.467 24.918 25.360 25.794 26.219 26.635 26.751 26.357 25.966 25.578 25.193 24.810 24.430 24.053
21.089 19.640 18.175 16.692 15.192 15.098 15.581 15.953 16.215 16.367 16.408 16.339 16.160 15.871 15.471 14.961 14.341 13.322 12.307 11.395 10.586 9.880 9.276 8.776 8.379 8.084 7.893 7.804 7.819 7.575 7.259 6.955 6.666 6.392 6.133 5.888 5.658 5.443 5.242 5.056 4.899 6.396 7.850 9.259 10.625 11.947 13.225 14.459 15.650 16.796 17.899 18.958 19.912 20.385 20.850 21.306 21.754 22.192 22.623 23.044 23.457 23.861 24.257 24.644 24.848 24.464 24.083 23.705 23.330 22.957 22.587 22.220
21.798 20.290 18.765 17.223 15.664 15.015 15.115 15.104 14.984 14.753 14.412 13.961 13.399 12.727 11.945 11.053 10.051 9.188 8.530 7.976 7.524 7.175 6.929 6.931 7.084 7.218 7.335 7.433 7.513 7.319 7.052 6.799 6.561 6.338 6.129 5.935 5.756 5.591 5.441 5.306 5.186 6.332 7.634 8.893 10.107 11.278 12.405 13.488 14.527 15.523 16.475 17.382 18.247 18.699 19.134 19.561 19.979 20.388 20.789 21.181 21.564 21.939 22.305 22.663 22.945 22.571 22.200 21.832 21.466 21.104 20.744 20.386
22.525 20.958 19.374 17.773 16.155 15.052 14.769 14.377 13.873 13.260 12.537 11.704 10.760 9.706 8.542 7.268 6.277 5.996 6.195 6.375 6.538 6.682 6.808 6.916 7.006 7.078 7.131 7.166 7.183 7.047 6.830 6.628 6.441 6.269 6.111 5.968 5.839 5.725 5.626 5.541 5.471 6.312 7.463 8.571 9.634 10.653 11.629 12.561 13.450 14.294 15.095 15.852 16.565 17.023 17.429 17.826 18.214 18.594 18.965 19.328 19.682 20.027 20.364 20.692 21.011 20.678 20.317 19.958 19.602 19.250 18.899 18.552
23.270 21.644 20.000 18.340 16.663 15.209 14.544 13.769 12.884 12.096 11.378 10.649 9.910 9.161 8.401 7.631 6.851 6.379 6.514 6.632 6.732 6.813 6.876 6.921 6.948 6.956 6.947 6.919 6.873 6.760 6.594 6.443 6.306 6.185 6.077 5.985 5.907 5.844 5.795 5.761 5.742 6.337 7.336 8.292 9.205 10.073 10.898 11.679 12.416 13.110 13.760 14.366 14.928 15.357 15.733 16.101 16.460 16.811 17.152 17.486 17.810 18.126 18.433 18.732 19.022 18.784 18.432 18.084 17.738 17.395 17.055 16.718
24.033 22.348 20.662 19.007 17.384 15.848 15.135 14.412 13.678 12.934 12.179 11.415 10.639 9.854 9.058 8.252 7.436 6.780 6.853 6.908 6.944 6.963 6.963 6.945 6.909 6.854 6.782 6.691 6.582 6.458 6.343 6.242 6.157 6.085 6.029 5.987 5.960 5.947 5.949 5.966 5.998 6.405 7.253 8.058 8.820 9.537 10.211 10.842 11.428 11.971 12.470 12.925 13.337 13.702 14.049 14.387 14.717 15.038 15.350 15.654 15.949 16.235 16.513 16.783 17.043 16.889 16.548 16.209 15.873 15.856 15.986 16.163
24.633 23.024 21.447 19.902 18.388 16.906 16.092 15.332 14.562 13.782 12.992 12.191 11.379 10.558 9.726 8.884 8.031 7.201 7.211 7.202 7.176 7.131 7.069 6.988 6.888 6.771 6.636 6.482 6.310 6.141 6.077 6.027 5.992 5.971 5.966 5.974 5.998 6.036 6.089 6.156 6.238 6.517 7.214 7.869 8.479 9.046 9.569 10.048 10.484 10.876 11.224 11.529 11.790 12.057 12.374 12.683 12.983 13.275 13.558 13.832 14.098 14.355 14.821 15.367 15.936 16.239 16.343 16.494 16.693 16.939 17.232 17.573
25.164 23.665 22.197 20.761 19.357 17.984 17.059 16.263 15.457 14.641 13.814 12.977 12.130 11.272 10.404 9.526 8.637 7.738 7.587 7.516 7.427 7.319 7.193 7.049 6.887 6.707 6.509 6.293 6.058 5.809 5.796 5.797 5.812 5.842 5.887 5.947 6.021 6.109 6.213 6.331 6.463 6.672 7.219 7.723 8.182 8.599 8.971 9.300 9.584 9.826 10.023 10.177 10.288 10.422 10.710 11.123 11.584 12.069 12.577 13.110 13.666 14.247 14.851 15.479 16.131 16.622 16.890 17.204 17.566 17.975 18.432 18.936
25.661 24.271 22.912 21.585 20.290 19.026 18.037 17.205 16.362 15.510 14.647 13.774 12.890 11.997 11.092 10.178 9.253 8.318 7.983 7.848 7.696 7.526 7.337 7.130 6.906 6.663 6.401 6.122 5.825 5.509 5.500 5.551 5.618 5.698 5.794 5.904 6.029 6.168 6.322 6.490 6.673 6.872 7.268 7.621 7.930 8.195 8.417 8.595 8.808 9.002 9.165 9.299 9.403 9.536 10.032 10.552 11.095 11.663 12.254 12.869 13.508 14.171 14.857 15.567 16.302 16.960 17.390 17.868 18.393 18.966 19.586 20.253
26.122 24.841 23.592 22.374 21.188 20.033 19.024 18.156 17.278 16.389 15.490 14.581 13.661 12.732 11.791 10.841 9.880 8.909 8.397 8.200 7.985 7.751 7.500 7.230 6.943 6.637 6.313 5.971 5.611 5.232 5.189 5.292 5.408 5.540 5.686 5.846 6.021 6.211 6.416 6.635 6.868 7.155 7.452 7.722 7.962 8.172 8.352 8.502 8.623 8.713 8.774 8.805 8.807 8.778 9.356 9.958 10.584 11.234 11.907 12.605 13.326 14.071 14.840 15.633 16.450 17.251 17.845 18.486 19.174 19.910 20.693 21.523
26.548 25.376 24.236 23.128 22.051 21.005 20.022 19.118 18.204 17.279 16.344 15.399 14.443 13.477 12.501 11.514 10.518 9.510 8.830 8.570 8.292 7.996 7.682 7.349 6.999 6.630 6.244 5.839 5.416 4.975 4.864 5.017 5.184 5.366 5.620 5.886 6.161 6.446 6.740 7.045 7.359 7.683 7.914 8.081 8.218 8.325 8.402 8.450 8.467 8.455 8.413 8.341 8.240 8.109 8.657 9.341 10.050 10.782 11.538 12.318 13.122 13.949 14.800 15.675 16.574 17.497 18.254 19.058 19.909 20.808 21.754 22.747
26.939 25.877 24.845 23.846 22.878 21.941 21.031 20.090 19.140 18.179 17.208 16.227 15.235 14.233 13.221 12.198 11.166 10.122 9.282 8.959 8.618 8.259 7.882 7.487 7.074 6.643 6.194 5.763 5.340 4.926 4.802 5.062 5.332 5.612 5.901 6.200 6.509 6.828 7.156 7.494 7.842 8.200 8.405 8.469 8.503 8.508 8.482 8.427 8.342 8.227 8.082 7.908 7.703 7.469 7.935 8.702 9.493 10.307 11.146 12.008 12.894 13.804 14.737 15.694 16.676 17.680 18.617 19.584 20.598 21.660 22.769 23.925
