DATA/SHG/ECMWF/20170628/EN-47/20170708.en-47.asc
ncols        190
nrows        64
xllcorner    -5100000.000000000000
yllcorner    4130000.000000000000
cellsize     10000.000000000000
NODATA_value  -99999.000
[rows 0 to 32 of 64, columns 74 to 147 of 190]
2.901 3.089 3.282 3.479 3.681 3.887 4.098 4.231 4.123 3.990 3.864 3.744 3.631 3.524 3.423 3.329 3.242 3.161 3.087 3.040 3.065 3.094 3.127 3.163 3.204 3.249 3.298 3.351 3.408 3.470 3.535 3.646 3.891 4.134 4.376 4.615 4.854 5.090 5.325 5.557 5.789 6.018 6.246 6.385 6.252 6.110 5.959 5.800 5.631 5.454 5.268 5.074 4.871 4.659 4.438 4.304 4.448 4.593 4.739 4.887 5.035 5.184 5.335 5.486 5.639 5.792 5.947 6.162 6.535 6.895 7.244 7.581 7.905 8.218
3.208 3.361 3.496 3.628 3.756 3.880 4.001 4.076 3.959 3.849 3.745 3.648 3.558 3.474 3.396 3.325 3.261 3.203 3.151 3.115 3.159 3.206 3.257 3.312 3.371 3.434 3.502 3.573 3.649 3.728 3.812 3.917 4.154 4.390 4.624 4.856 5.086 5.315 5.542 5.767 5.990 6.212 6.432 6.601 6.429 6.247 6.057 5.859 5.651 5.435 5.210 4.977 4.734 4.483 4.223 4.013 4.162 4.312 4.463 4.615 4.768 4.922 5.077 5.234 5.391 5.549 5.709 5.894 6.213 6.521 6.816 7.099 7.370 7.629
3.088 3.214 3.336 3.455 3.570 3.681 3.789 3.883 3.789 3.702 3.621 3.547 3.479 3.418 3.363 3.315 3.273 3.238 3.209 3.187 3.247 3.313 3.382 3.455 3.533 3.615 3.700 3.790 3.884 3.982 4.084 4.191 4.419 4.647 4.873 5.097 5.320 5.541 5.760 5.977 6.193 6.407 6.619 6.826 6.614 6.394 6.165 5.927 5.681 5.425 5.161 4.889 4.607 4.317 4.018 3.722 3.875 4.030 4.186 4.343 4.500 4.659 4.819 4.980 5.142 5.305 5.469 5.667 5.994 6.312 6.621 6.922 7.213 7.497
2.957 3.070 3.180 3.285 3.388 3.486 3.580 3.671 3.614 3.549 3.491 3.440 3.395 3.356 3.324 3.299 3.280 3.267 3.261 3.262 3.331 3.415 3.503 3.594 3.690 3.790 3.894 4.002 4.115 4.231 4.352 4.476 4.686 4.906 5.124 5.341 5.555 5.769 5.980 6.190 6.398 6.604 6.808 7.011 6.809 6.550 6.282 6.005 5.719 5.425 5.122 4.810 4.489 4.160 3.822 3.475 3.588 3.748 3.960 4.216 4.463 4.702 4.932 5.154 5.368 5.573 5.769 5.957 6.238 6.517 6.788 7.050 7.303 7.547
2.830 2.930 3.027 3.120 3.209 3.294 3.376 3.454 3.432 3.391 3.355 3.327 3.304 3.289 3.279 3.277 3.281 3.291 3.308 3.331 3.410 3.512 3.618 3.728 3.843 3.961 4.083 4.210 4.340 4.475 4.614 4.757 4.953 5.166 5.376 5.585 5.792 5.998 6.202 6.403 6.604 6.802 6.999 7.194 7.013 6.715 6.408 6.092 5.767 5.466 5.196 4.936 4.685 4.444 4.213 3.992 4.141 4.376 4.602 4.820 5.030 5.231 5.424 5.608 5.784 5.951 6.110 6.260 6.490 6.731 6.963 7.186 7.401 7.607
2.707 2.794 2.878 2.958 3.034 3.106 3.175 3.240 3.245 3.226 3.214 3.208 3.208 3.215 3.229 3.249 3.275 3.308 3.348 3.394 3.485 3.605 3.729 3.858 3.990 4.127 4.267 4.412 4.561 4.714 4.871 5.032 5.223 5.427 5.630 5.831 6.031 6.229 6.425 6.619 6.822 7.025 7.218 7.401 7.276 7.001 6.736 6.480 6.234 5.997 5.770 5.553 5.346 5.148 4.960 4.782 4.866 5.064 5.252 5.433 5.604 5.768 5.923 6.069 6.207 6.337 6.458 6.571 6.750 6.952 7.146 7.331 7.507 7.674
2.587 2.661 2.732 2.799 2.862 2.922 2.978 3.030 3.053 3.056 3.067 3.083 3.107 3.136 3.173 3.215 3.264 3.320 3.382 3.451 3.554 3.693 3.835 3.982 4.133 4.288 4.447 4.610 4.777 4.948 5.124 5.339 5.580 5.818 6.046 6.264 6.472 6.670 6.859 7.037 7.205 7.363 7.511 7.649 7.581 7.349 7.127 6.914 6.711 6.518 6.334 6.160 5.996 5.841 5.696 5.561 5.599 5.759 5.910 6.053 6.187 6.312 6.430 6.539 6.639 6.731 6.814 6.889 7.019 7.183 7.338 7.484 7.621 7.750
2.471 2.532 2.590 2.644 2.695 2.741 2.784 2.824 2.854 2.881 2.914 2.953 2.999 3.051 3.110 3.176 3.248 3.326 3.411 3.502 3.619 3.776 3.979 4.203 4.430 4.659 4.892 5.127 5.366 5.607 5.852 6.099 6.329 6.523 6.706 6.880 7.043 7.197 7.340 7.474 7.597 7.711 7.815 7.908 7.876 7.687 7.508 7.338 7.178 7.027 6.887 6.756 6.635 6.523 6.421 6.329 6.340 6.462 6.575 6.680 6.777 6.865 6.944 7.016 7.078 7.133 7.179 7.216 7.296 7.421 7.537 7.645 7.744 7.834
2.358 2.407 2.452 2.493 2.531 2.564 2.595 2.621 2.650 2.699 2.755 2.817 2.886 2.961 3.069 3.273 3.468 3.652 3.825 3.988 4.153 4.384 4.618 4.855 5.095 5.337 5.583 5.831 6.083 6.337 6.594 6.855 7.089 7.238 7.377 7.506 7.624 7.733 7.832 7.921 8.000 8.069 8.128 8.177 8.160 8.014 7.877 7.751 7.634 7.526 7.429 7.341 7.262 7.194 7.135 7.085 7.088 7.173 7.248 7.316 7.375 7.425 7.467 7.501 7.526 7.543 7.551 7.551 7.581 7.668 7.746 7.815 7.875 7.927
2.250 2.285 2.317 2.346 2.370 2.391 2.408 2.478 2.677 2.908 3.129 3.339 3.538 3.727 3.906 4.074 4.231 4.378 4.515 4.641 4.762 5.006 5.253 5.502 5.755 6.011 6.270 6.531 6.795 7.063 7.333 7.606 7.859 7.963 8.057 8.141 8.216 8.280 8.334 8.379 8.413 8.438 8.452 8.457 8.433 8.330 8.237 8.153 8.079 8.014 7.960 7.915 7.879 7.854 7.837 7.831 7.844 7.891 7.929 7.959 7.980 7.993 7.997 7.993 7.981 7.960 7.931 7.894 7.875 7.923 7.962 7.993 8.015 8.028
2.195 2.345 2.508 2.683 2.870 3.070 3.282 3.507 3.743 3.938 4.121 4.295 4.457 4.610 4.751 4.882 5.003 5.113 5.213 5.302 5.371 5.623 5.883 6.146 6.412 6.680 6.952 7.226 7.504 7.784 8.067 8.353 8.638 8.698 8.747 8.787 8.817 8.837 8.846 8.846 8.836 8.816 8.786 8.746 8.696 8.635 8.585 8.544 8.513 8.492 8.480 8.478 8.485 8.502 8.529 8.566 8.608 8.617 8.617 8.610 8.593 8.569 8.536 8.494 8.444 8.386 8.319 8.244 8.176 8.186 8.187 8.179 8.163 8.138
2.907 3.101 3.307 3.525 3.756 3.999 4.255 4.523 4.804 4.976 5.123 5.259 5.385 5.500 5.605 5.699 5.783 5.857 5.919 5.972 6.004 6.236 6.509 6.785 7.064 7.345 7.630 7.917 8.208 8.501 8.797 9.096 9.398 9.442 9.447 9.443 9.428 9.403 9.369 9.324 9.269 9.205 9.130 9.046 8.952 8.930 8.923 8.925 8.937 8.958 8.989 9.030 9.080 9.140 9.210 9.289 9.378 9.350 9.313 9.268 9.214 9.152 9.082 9.003 8.915 8.819 8.715 8.587 8.451 8.401 8.347 8.286 8.220 8.148
3.607 3.844 4.093 4.355 4.629 4.916 5.215 5.526 5.850 6.022 6.132 6.232 6.321 6.399 6.467 6.525 6.572 6.608 6.634 6.650 6.645 6.845 7.131 7.420 7.712 8.006 8.304 8.604 8.907 9.214 9.523 9.835 10.150 10.197 10.157 10.108 10.049 9.980 9.901 9.812 9.713 9.604 9.485 9.356 9.217 9.215 9.250 9.295 9.350 9.414 9.488 9.571 9.665 9.768 9.880 10.002 10.134 10.092 9.964 9.782 9.609 9.444 9.290 9.144 9.007 8.880 8.761 8.652 8.552 8.476 8.396 8.310 8.219 8.122
4.293 4.574 4.866 5.171 5.489 5.819 6.162 6.517 6.884 7.076 7.150 7.212 7.265 7.306 7.338 7.358 7.369 7.369 7.358 7.337 7.295 7.450 7.749 8.051 8.355 8.663 8.973 9.287 9.603 9.922 10.244 10.569 10.897 10.961 10.877 10.784 10.680 10.566 10.443 10.310 10.166 10.013 9.850 9.676 9.493 9.488 9.566 9.654 9.752 9.860 9.953 10.019 10.058 10.070 10.056 10.015 9.947 9.805 9.654 9.513 9.380 9.257 9.142 9.037 8.941 8.854 8.776 8.707 8.648 8.556 8.451 8.340 8.224 8.102
4.967 5.291 5.627 5.975 6.336 6.710 7.096 7.494 7.905 8.139 8.175 8.201 8.217 8.222 8.216 8.200 8.174 8.137 8.090 8.032 7.953 8.051 8.362 8.677 8.995 9.315 9.639 9.965 10.294 10.626 10.961 11.299 11.640 11.735 11.607 11.469 11.321 11.163 10.995 10.817 10.633 10.469 10.334 10.225 10.144 10.180 10.261 10.314 10.341 10.342 10.315 10.262 10.182 10.075 9.942 9.781 9.594 9.446 9.336 9.234 9.142 9.060 8.986 8.921 8.866 8.819 8.782 8.754 8.735 8.642 8.512 8.376 8.234 8.087
5.628 5.995 6.375 6.767 7.171 7.588 8.017 8.458 8.912 9.209 9.209 9.198 9.177 9.146 9.103 9.051 8.988 8.914 8.830 8.736 8.620 8.647 8.972 9.299 9.630 9.963 10.300 10.639 10.981 11.326 11.674 11.960 12.179 12.197 11.964 11.758 11.579 11.428 11.304 11.208 11.140 11.099 11.086 11.100 11.141 11.165 11.127 11.061 10.969 10.850 10.705 10.533 10.333 10.108 9.855 9.576 9.270 9.078 9.008 8.947 8.896 8.854 8.820 8.796 8.781 8.775 8.778 8.791 8.812 8.733 8.578 8.417 8.250 8.078
6.277 6.687 7.110 7.545 7.993 8.453 8.925 9.410 9.907 10.288 10.251 10.204 10.146 10.078 9.999 9.909 9.810 9.700 9.579 9.448 9.295 9.239 9.546 9.819 10.081 10.330 10.568 10.794 11.008 11.210 11.400 11.578 11.744 11.817 11.706 11.622 11.566 11.538 11.537 11.563 11.617 11.698 11.807 11.944 12.108 12.178 12.020 11.836 11.625 11.387 11.122 10.831 10.513 10.168 9.797 9.398 8.973 8.701 8.672 8.652 8.641 8.639 8.646 8.662 8.688 8.722 8.766 8.819 8.880 8.830 8.649 8.463 8.272 8.074
6.913 7.366 7.832 8.311 8.802 9.305 9.821 10.349 10.889 11.375 11.301 11.217 11.123 11.018 10.893 10.653 10.421 10.198 9.983 9.777 9.575 9.422 9.654 9.875 10.083 10.280 10.465 10.637 10.798 10.947 11.085 11.210 11.323 11.407 11.419 11.457 11.524 11.617 11.739 11.887 12.064 12.267 12.499 12.757 13.043 13.217 12.941 12.637 12.307 11.950 11.567 11.157 10.720 10.256 9.766 9.249 8.705 8.315 8.326 8.347 8.376 8.415 8.462 8.519 8.585 8.660 8.744 8.837 8.940 8.932 8.726 8.515 8.299 8.076
7.536 8.033 8.542 9.064 9.598 10.144 10.703 11.249 11.669 12.080 11.841 11.597 11.361 11.133 10.914 10.703 10.500 10.307 10.121 9.944 9.773 9.605 9.776 9.943 10.099 10.243 10.375 10.495 10.603 10.699 10.783 10.855 10.916 10.968 11.102 11.263 11.451 11.667 11.911 12.182 12.480 12.806 13.159 13.540 13.948 14.284 13.888 13.466 13.017 12.541 12.039 11.510 10.954 10.372 9.763 9.127 8.465 7.920 7.972 8.033 8.103 8.182 8.270 8.367 8.473 8.589 8.713 8.847 8.989 9.039 8.809 8.573 8.331 8.084
8.126 8.580 9.024 9.458 9.883 10.299 10.706 11.103 11.491 11.869 11.736 11.521 11.314 11.116 10.926 10.745 10.572 10.408 10.252 10.104 9.962 9.824 9.911 10.025 10.128 10.219 10.298 10.365 10.420 10.464 10.495 10.514 10.522 10.518 10.755 11.039 11.349 11.687 12.053 12.446 12.867 13.314 13.790 14.293 14.823 15.377 14.863 14.322 13.754 13.160 12.539 11.891 11.217 10.516 9.788 9.033 8.252 7.517 7.609 7.710 7.821 7.940 8.068 8.206 8.353 8.508 8.673 8.847 9.030 9.153 8.897 8.636 8.370 8.097
8.217 8.638 9.049 9.451 9.844 10.227 10.601 10.966 11.321 11.667 11.624 11.438 11.261 11.092 10.931 10.779 10.636 10.501 10.374 10.256 10.144 10.035 10.059 10.121 10.171 10.209 10.235 10.249 10.251 10.242 10.220 10.187 10.142 10.085 10.379 10.785 11.217 11.678 12.165 12.680 13.223 13.793 14.390 15.015 15.667 16.347 15.864 15.205 14.518 13.805 13.066 12.299 11.506 10.687 9.841 8.968 8.068 7.142 7.237 7.379 7.529 7.689 7.858 8.036 8.223 8.419 8.624 8.839 9.224 9.832 9.945 10.051 10.151 10.246
8.316 8.705 9.084 9.453 9.813 10.164 10.505 10.838 11.160 11.474 11.504 11.347 11.199 11.060 10.929 10.806 10.692 10.586 10.489 10.400 10.317 10.239 10.220 10.229 10.226 10.211 10.185 10.146 10.096 10.033 9.959 9.873 9.775 9.666 9.974 10.501 11.056 11.638 12.248 12.885 13.549 14.241 14.960 15.707 16.481 17.282 16.893 16.115 15.310 14.478 13.620 12.735 11.824 10.886 9.921 8.930 7.912 6.867 6.856 7.147 7.623 8.133 8.677 9.255 9.867 10.513 11.193 11.908 12.656 13.438 13.570 13.649 13.722 13.789
8.424 8.780 9.126 9.463 9.791 10.109 10.418 10.718 11.008 11.289 11.376 11.249 11.130 11.020 10.919 10.825 10.741 10.664 10.596 10.537 10.483 10.434 10.395 10.351 10.295 10.227 10.148 10.057 9.954 9.839 9.712 9.573 9.422 9.260 9.538 10.188 10.864 11.569 12.300 13.059 13.845 14.659 15.500 16.368 17.264 18.187 17.949 17.052 16.129 15.178 14.183 13.187 12.244 11.356 10.522 9.743 9.017 8.345 8.591 9.184 9.810 10.471 11.166 11.895 12.657 13.454 14.285 15.150 16.049 16.982 17.197 17.249 17.294 17.333
8.541 8.864 9.178 9.482 9.778 10.063 10.340 10.607 10.865 11.114 11.241 11.143 11.054 10.973 10.901 10.837 10.781 10.734 10.696 10.666 10.642 10.622 10.582 10.486 10.377 10.257 10.125 9.981 9.825 9.657 9.477 9.286 9.083 8.868 9.074 9.845 10.643 11.469 12.323 13.203 14.111 15.007 15.825 16.611 17.365 18.087 17.875 16.902 15.983 15.119 14.308 13.551 12.848 12.199 11.605 11.064 10.577 10.144 10.440 11.183 11.960 12.772 13.617 14.496 15.410 16.357 17.339 18.354 19.403 20.487 20.826 20.849 20.867 20.879
8.666 8.956 9.238 9.510 9.773 10.026 10.270 10.505 10.731 10.947 11.098 11.030 10.970 10.918 10.875 10.841 10.815 10.797 10.788 10.787 10.792 10.803 10.783 10.634 10.472 10.299 10.115 9.918 9.709 9.489 9.257 9.013 8.788 8.632 8.840 9.741 10.610 11.447 12.252 13.024 13.764 14.472 15.148 15.791 16.402 16.981 16.986 16.253 15.573 14.948 14.376 13.859 13.395 12.985 12.630 12.328 12.080 11.886 12.251 13.145 14.073 15.035 16.031 17.060 18.124 19.222 20.354 21.520 22.719 23.953 24.455 24.452 24.442 24.426
8.799 9.057 9.306 9.546 9.776 9.998 10.209 10.412 10.605 10.788 10.948 10.909 10.878 10.856 10.842 10.837 10.840 10.852 10.872 10.900 10.935 10.975 10.997 10.747 10.442 10.169 9.929 9.722 9.548 9.407 9.298 9.222 9.179 9.169 9.339 10.098 10.824 11.518 12.180 12.809 13.407 13.972 14.505 15.006 15.474 15.911 16.042 15.548 15.108 14.721 14.388 14.110 13.885 13.714 13.597 13.534 13.525 13.570 14.025 15.069 16.148 17.260 18.406 19.586 20.801 22.049 23.331 24.647 25.997 27.381 28.086 28.055 28.018 27.974
8.941 9.167 9.384 9.591 9.789 9.977 10.157 10.327 10.488 10.639 10.781 10.780 10.779 10.786 10.802 10.806 10.682 10.556 10.428 10.298 10.182 10.083 9.981 9.791 9.631 9.504 9.410 9.349 9.321 9.325 9.362 9.432 9.535 9.670 9.873 10.489 11.072 11.624 12.143 12.630 13.085 13.507 13.898 14.256 14.582 14.876 15.042 14.787 14.586 14.438 14.344 14.304 14.318 14.386 14.508 14.684 14.913 15.197 15.761 16.956 18.185 19.447 20.744 22.074 23.439 24.837 26.270 27.736 29.236 30.770 31.719 31.660 31.595 31.524
9.091 9.285 9.469 9.644 9.810 9.966 10.113 10.251 10.352 10.346 10.332 10.230 10.108 9.983 9.856 9.727 9.596 9.463 9.328 9.191 9.069 8.962 8.854 8.800 8.786 8.804 8.856 8.940 9.057 9.207 9.390 9.605 9.853 10.134 10.448 10.914 11.355 11.764 12.141 12.485 12.797 13.077 13.325 13.541 13.725 13.876 13.987 13.970 14.007 14.099 14.243 14.442 14.695 15.001 15.362 15.776 16.244 16.766 17.461 18.806 20.185 21.597 23.044 24.525 26.039 27.588 29.170 30.787 32.437 34.121 35.353 35.266 35.174 35.076
9.250 9.371 9.389 9.399 9.403 9.400 9.390 9.374 9.350 9.320 9.283 9.182 9.053 8.921 8.787 8.652 8.514 8.374 8.232 8.088 7.959 7.845 7.730 7.773 7.904 8.068 8.265 8.495 8.758 9.053 9.381 9.742 10.136 10.562 11.021 11.374 11.672 11.939 12.173 12.375 12.545 12.683 12.788 12.862 12.903 12.912 12.889 13.098 13.373 13.703 14.086 14.524 15.015 15.560 16.158 16.811 17.517 18.277 19.123 20.618 22.147 23.710 25.307 26.937 28.602 30.301 32.033 33.799 35.599 37.433 38.988 38.874 38.755 38.629
8.541 8.542 8.536 8.523 8.503 8.477 8.443 8.403 8.356 8.302 8.242 8.138 8.001 7.863 7.722 7.579 7.435 7.288 7.139 6.988 6.852 6.731 6.609 6.710 6.987 7.297 7.639 8.014 8.422 8.863 9.336 9.843 10.381 10.953 11.557 11.868 12.024 12.148 12.240 12.300 12.327 12.323 12.286 12.217 12.117 11.984 11.819 12.169 12.684 13.252 13.873 14.549 15.278 16.061 16.898 17.789 18.733 19.731 20.783 22.393 24.072 25.785 27.532 29.312 31.127 32.975 34.858 36.774 38.724 40.708 42.374 41.571 40.749 39.907
7.742 7.720 7.690 7.654 7.610 7.560 7.504 7.440 7.369 7.292 7.208 7.096 6.953 6.807 6.660 6.510 6.359 6.205 6.049 5.892 5.749 5.621 5.491 5.612 6.035 6.490 6.977 7.498 8.051 8.637 9.256 9.907 10.591 11.308 12.057 12.396 12.410 12.392 12.341 12.259 12.144 11.998 11.819 11.608 11.365 11.090 10.783 11.185 11.938 12.744 13.604 14.518 15.485 16.506 17.581 18.710 19.892 21.128 22.418 24.131 25.960 27.688 29.149 30.587 32.004 33.399 34.772 36.123 37.452 38.759 40.044 39.295 38.387 37.459
6.951 6.905 6.852 6.792 6.725 6.652 6.571 6.484 6.390 6.290 6.182 6.058 5.908 5.755 5.601 5.444 5.286 5.125 4.963 4.798 4.648 4.514 4.377 4.479 5.047 5.647 6.280 6.946 7.644 8.375 9.139 9.935 10.764 11.626 12.520 12.959 12.831 12.670 12.478 12.253 11.996 11.708 11.387 11.034 10.649 10.232 9.783 10.146 11.136 12.180 13.278 14.430 15.607 16.725 17.825 18.908 19.972 21.019 22.048 23.354 24.763 26.149 27.513 28.856 30.176 31.475 32.751 34.006 35.239 36.450 37.639 37.040 36.047 35.034
6.168 6.098 6.021 5.938 5.848 5.751 5.647 5.536 5.419 5.294 5.163 5.023 4.866 4.707 4.545 4.382 4.217 4.049 3.880 3.708 3.551 3.410 3.266 3.310 4.023 4.769 5.547 6.357 7.201 8.077 8.986 9.927 10.901 11.908 12.947 13.556 13.285 12.983 12.648 12.282 11.883 11.452 10.990 10.501 10.026 9.566 9.121 9.427 10.555 11.666 12.759 13.835 14.892 15.932 16.953 17.957 18.943 19.912 20.862 22.032 23.344 24.634 25.902 27.148 28.372 29.575 30.755 31.914 33.050 34.165 35.258 34.809 33.729 32.630
