DATA/SHG/ECMWF/20170628/EN-47/20170702.en-47.asc
ncols        190
nrows        64
xllcorner    -5100000.000000000000
yllcorner    4130000.000000000000
cellsize     10000.000000000000
NODATA_value  -99999.000
[rows 0 to 31 of 64, columns 0 to 71 of 190]
1.675 1.765 1.860 1.959 2.064 2.174 2.289 2.409 2.534 2.562 2.557 2.551 2.544 2.537 2.528 2.519 2.509 2.498 2.486 2.499 2.519 2.780 3.147 3.505 3.856 4.199 4.533 4.860 5.179 5.489 5.792 6.086 6.373 6.333 6.099 5.881 5.678 5.490 5.318 5.161 5.020 4.894 4.784 4.689 4.610 4.621 4.711 4.814 4.928 5.055 5.194 5.345 5.508 5.684 5.871 6.071 6.283 6.328 6.148 5.951 5.737 5.505 5.256 4.990 4.706 4.404 4.086 3.750 3.396 3.197 3.270 3.343
1.648 1.755 1.868 1.985 2.108 2.236 2.369 2.507 2.650 2.703 2.695 2.686 2.710 2.734 2.757 2.778 2.799 2.818 2.836 2.853 2.869 3.060 3.399 3.729 4.052 4.366 4.673 4.971 5.261 5.544 5.818 6.085 6.343 6.390 6.210 6.046 5.897 5.764 5.646 5.544 5.457 5.386 5.330 5.290 5.265 5.306 5.439 5.584 5.741 5.911 6.093 6.287 6.493 6.711 6.941 7.184 7.439 7.545 7.304 7.046 6.770 6.477 6.167 5.839 5.494 5.131 4.751 4.354 3.939 3.635 3.710 3.786
1.614 1.740 1.870 2.006 2.152 2.328 2.513 2.705 2.905 3.028 3.051 3.073 3.094 3.114 3.133 3.150 3.166 3.181 3.195 3.208 3.219 3.349 3.659 3.961 4.255 4.542 4.820 5.090 5.352 5.607 5.853 6.091 6.322 6.430 6.305 6.195 6.101 6.022 5.959 5.911 5.878 5.861 5.860 5.874 5.903 5.978 6.154 6.341 6.541 6.754 6.978 7.215 7.463 7.724 7.997 8.283 8.580 8.778 8.476 8.156 7.819 7.465 7.093 6.704 6.298 5.874 5.433 4.974 4.522 4.147 4.272 4.403
1.654 1.826 2.007 2.196 2.392 2.596 2.809 3.029 3.257 3.426 3.445 3.463 3.479 3.495 3.509 3.522 3.534 3.545 3.555 3.563 3.570 3.645 3.927 4.201 4.467 4.725 4.975 5.217 5.452 5.678 5.896 6.106 6.308 6.454 6.384 6.328 6.288 6.264 6.255 6.261 6.283 6.321 6.373 6.442 6.525 6.636 6.855 7.085 7.328 7.583 7.850 8.129 8.421 8.724 9.040 9.368 9.708 10.026 9.663 9.282 8.876 8.376 7.890 7.418 6.959 6.514 6.083 5.665 5.260 4.870 5.007 5.160
1.773 1.973 2.182 2.399 2.623 2.855 3.096 3.344 3.600 3.824 3.839 3.853 3.865 3.876 3.887 3.895 3.903 3.910 3.915 3.919 3.922 3.949 4.203 4.449 4.687 4.917 5.139 5.353 5.559 5.757 5.947 6.129 6.303 6.463 6.446 6.445 6.460 6.490 6.535 6.596 6.672 6.763 6.870 6.993 7.131 7.284 7.543 7.816 8.101 8.399 8.709 9.030 9.365 9.679 9.900 10.126 10.357 10.593 10.165 9.686 9.221 8.769 8.330 7.905 7.494 7.097 6.713 6.342 5.985 5.642 5.735 5.909
1.883 2.111 2.348 2.592 2.845 3.105 3.373 3.649 3.934 4.223 4.234 4.243 4.252 4.259 4.265 4.269 4.273 4.275 4.276 4.276 4.275 4.273 4.486 4.704 4.914 5.116 5.310 5.496 5.674 5.844 6.006 6.160 6.306 6.444 6.493 6.547 6.615 6.699 6.799 6.914 7.044 7.190 7.351 7.528 7.720 7.927 8.174 8.378 8.586 8.800 9.018 9.242 9.471 9.704 9.943 10.186 10.435 10.688 10.402 9.970 9.552 9.147 8.756 8.379 8.015 7.665 7.329 7.006 6.696 6.401 6.456 6.652
1.983 2.240 2.505 2.777 3.058 3.346 3.642 3.946 4.258 4.578 4.630 4.635 4.639 4.642 4.643 4.644 4.643 4.641 4.638 4.634 4.628 4.622 4.778 4.968 5.150 5.324 5.489 5.647 5.797 5.939 6.073 6.199 6.317 6.428 6.524 6.632 6.755 6.893 7.047 7.181 7.295 7.410 7.526 7.644 7.763 7.883 8.071 8.292 8.518 8.749 8.985 9.226 9.473 9.724 9.980 10.241 10.507 10.778 10.624 10.240 9.870 9.513 9.169 8.839 8.523 8.220 7.931 7.656 7.394 7.145 7.170 7.388
2.076 2.360 2.653 2.953 3.261 3.577 3.901 4.233 4.573 4.921 5.026 5.027 5.027 5.025 5.023 5.019 5.014 5.008 5.000 4.992 4.982 4.972 5.078 5.240 5.393 5.539 5.677 5.807 5.929 6.043 6.149 6.247 6.320 6.383 6.473 6.585 6.697 6.811 6.927 7.044 7.162 7.282 7.404 7.526 7.650 7.776 7.962 8.201 8.445 8.693 8.947 9.206 9.470 9.738 10.012 10.290 10.574 10.863 10.834 10.497 10.174 9.864 9.568 9.286 9.017 8.761 8.520 8.291 8.077 7.876 7.877 8.116
2.159 2.471 2.792 3.120 3.456 3.800 4.152 4.512 4.879 5.255 5.423 5.420 5.415 5.409 5.403 5.395 5.386 5.375 5.364 5.351 5.337 5.322 5.385 5.519 5.645 5.731 5.810 5.884 5.954 6.019 6.080 6.135 6.187 6.233 6.309 6.426 6.543 6.663 6.783 6.905 7.029 7.154 7.280 7.408 7.537 7.667 7.849 8.105 8.367 8.633 8.904 9.180 9.462 9.748 10.039 10.335 10.636 10.942 11.030 10.740 10.465 10.202 9.954 9.719 9.497 9.289 9.095 8.914 8.746 8.593 8.577 8.838
2.233 2.573 2.921 3.278 3.642 4.013 4.393 4.781 5.176 5.580 5.820 5.813 5.804 5.794 5.783 5.771 5.758 5.746 5.735 5.697 5.633 5.543 5.500 5.577 5.649 5.716 5.779 5.837 5.891 5.939 5.984 6.023 6.058 6.088 6.144 6.266 6.388 6.513 6.638 6.765 6.894 7.024 7.155 7.288 7.422 7.557 7.731 8.005 8.283 8.567 8.856 9.150 9.449 9.752 10.061 10.375 10.693 11.017 11.212 10.970 10.742 10.527 10.326 10.138 9.964 9.803 9.656 9.522 9.402 9.296 9.271 9.553
2.298 2.666 3.042 3.426 3.818 4.218 4.625 5.041 5.464 5.895 6.254 6.335 6.389 6.417 6.419 6.394 6.342 6.265 6.160 6.030 5.873 5.689 5.540 5.600 5.656 5.707 5.753 5.795 5.832 5.865 5.892 5.916 5.934 5.948 5.978 6.104 6.232 6.361 6.492 6.624 6.758 6.892 7.029 7.166 7.306 7.446 7.607 7.899 8.195 8.497 8.803 9.114 9.431 9.752 10.078 10.409 10.746 11.087 11.381 11.187 11.006 10.838 10.684 10.544 10.417 10.303 10.203 10.117 10.044 9.985 9.957 10.261
2.354 2.751 3.154 3.621 4.146 4.682 5.228 5.785 6.351 6.928 7.453 7.441 7.402 7.336 7.244 7.126 6.982 6.811 6.613 6.390 6.139 5.863 5.584 5.628 5.668 5.702 5.732 5.758 5.779 5.795 5.806 5.813 5.815 5.813 5.810 5.942 6.075 6.209 6.345 6.482 6.620 6.760 6.901 7.044 7.188 7.334 7.480 7.788 8.102 8.421 8.745 9.074 9.408 9.747 10.090 10.439 10.793 11.151 11.515 11.390 11.256 11.136 11.029 10.936 10.856 10.790 10.737 10.722 10.731 10.743 10.758 11.069
2.877 3.407 3.949 4.500 5.062 5.633 6.215 6.808 7.410 8.023 8.646 8.573 8.441 8.282 8.097 7.886 7.648 7.384 7.094 6.777 6.434 6.064 5.668 5.661 5.684 5.702 5.716 5.725 5.730 5.730 5.725 5.716 5.702 5.683 5.660 5.778 5.916 6.055 6.196 6.338 6.481 6.626 6.772 6.920 7.069 7.220 7.372 7.673 8.005 8.341 8.682 9.029 9.380 9.736 10.097 10.464 10.835 11.211 11.592 11.580 11.549 11.546 11.546 11.549 11.556 11.567 11.580 11.597 11.617 11.641 11.667 11.936
3.635 4.202 4.779 5.366 5.964 6.572 7.190 7.818 8.457 9.105 9.764 9.733 9.507 9.256 8.978 8.673 8.342 7.985 7.602 7.192 6.756 6.293 5.804 5.699 5.705 5.707 5.705 5.698 5.686 5.670 5.649 5.623 5.593 5.558 5.518 5.613 5.756 5.900 6.046 6.193 6.341 6.491 6.642 6.795 6.949 7.105 7.262 7.553 7.902 8.256 8.615 8.978 9.347 9.880 10.412 10.911 11.378 11.812 12.213 12.334 12.339 12.348 12.359 12.374 12.393 12.414 12.439 12.468 12.499 12.534 12.572 12.803
4.381 4.984 5.597 6.220 6.854 7.498 8.152 8.816 9.490 10.175 10.870 10.919 10.601 10.256 9.885 9.487 9.064 8.614 8.137 7.634 7.105 6.550 5.968 5.741 5.731 5.717 5.699 5.675 5.647 5.615 5.577 5.535 5.489 5.438 5.382 5.447 5.595 5.744 5.894 6.046 6.200 6.355 6.511 6.669 6.828 6.988 7.460 8.032 8.645 9.226 9.774 10.289 10.772 11.222 11.640 12.024 12.376 12.696 12.983 13.109 13.126 13.146 13.169 13.195 13.225 13.258 13.294 13.334 13.377 13.423 13.472 13.669
5.114 5.753 6.402 7.061 7.731 8.411 9.101 9.801 10.511 11.232 11.962 12.132 11.721 11.283 10.819 10.329 9.812 9.269 8.700 8.104 7.483 6.834 6.160 5.788 5.762 5.732 5.697 5.657 5.613 5.564 5.511 5.453 5.390 5.323 5.251 5.279 5.432 5.586 5.781 6.210 6.653 7.107 7.574 8.054 8.546 9.050 9.567 10.092 10.591 11.057 11.490 11.891 12.259 12.595 12.898 13.168 13.406 13.611 13.783 13.880 13.908 13.939 13.974 14.011 14.052 14.097 14.145 14.196 14.250 14.308 14.368 14.534
5.835 6.510 7.195 7.890 8.595 9.311 10.037 10.773 11.519 12.276 13.042 13.372 12.868 12.337 11.780 11.197 10.588 9.952 9.290 8.602 7.887 7.146 6.379 5.840 5.798 5.752 5.700 5.645 5.584 5.519 5.449 5.425 5.539 5.694 5.889 6.181 6.617 7.065 7.526 7.999 8.485 8.983 9.493 10.016 10.551 11.099 11.659 12.181 12.565 12.917 13.236 13.522 13.776 13.997 14.186 14.342 14.465 14.556 14.614 14.646 14.686 14.728 14.774 14.823 14.876 14.932 14.991 15.053 15.119 15.188 15.260 15.399
6.543 7.254 7.975 8.706 9.447 10.199 10.960 11.732 12.514 13.307 14.109 14.638 14.041 13.418 12.769 12.093 11.391 10.662 9.908 9.127 8.319 7.486 6.626 5.897 5.840 5.813 5.826 5.880 5.974 6.109 6.285 6.500 6.757 7.053 7.390 7.781 8.261 8.752 9.256 9.773 10.302 10.843 11.397 11.963 12.541 13.132 13.736 14.300 14.570 14.807 15.012 15.184 15.323 15.430 15.504 15.546 15.555 15.532 15.476 15.409 15.459 15.513 15.570 15.631 15.695 15.762 15.832 15.906 15.983 16.064 16.147 16.263
7.239 7.985 8.742 9.509 10.286 11.074 11.871 12.679 13.497 14.325 15.163 15.932 15.242 14.526 13.784 13.015 12.221 11.271 10.271 9.304 8.371 7.470 6.603 5.804 5.879 5.994 6.149 6.345 6.581 6.858 7.175 7.532 7.930 8.369 8.848 9.367 9.889 10.424 10.971 11.531 12.103 12.688 13.285 13.894 14.516 15.150 15.797 16.448 16.604 16.727 16.817 16.875 16.900 16.893 16.853 16.781 16.676 16.538 16.368 16.166 16.229 16.294 16.363 16.434 16.510 16.588 16.670 16.755 16.843 16.935 17.030 17.128
7.922 8.705 9.497 10.300 11.113 11.936 12.770 13.613 14.467 15.331 15.912 16.401 15.472 14.422 13.406 12.423 11.473 10.556 9.673 8.823 8.006 7.222 6.472 5.755 5.875 6.132 6.429 6.767 7.145 7.563 8.022 8.521 9.061 9.641 10.261 10.922 11.502 12.081 12.671 13.274 13.890 14.517 15.158 15.810 16.475 17.152 17.842 18.544 18.667 18.676 18.652 18.596 18.507 18.386 18.232 18.045 17.827 17.575 17.291 16.975 16.994 17.070 17.150 17.234 17.320 17.410 17.503 17.600 17.699 17.802 17.909 18.018
8.593 9.411 10.240 10.858 11.446 12.006 12.538 13.041 13.516 13.963 14.381 14.771 14.140 13.207 12.308 11.441 10.608 9.808 9.041 8.307 7.607 6.940 6.306 5.705 5.829 6.227 6.666 7.146 7.665 8.225 8.826 9.467 10.148 10.869 11.631 12.434 13.101 13.722 14.356 15.002 15.661 16.332 17.015 17.711 18.419 19.139 19.872 20.618 20.760 20.655 20.517 20.347 20.144 19.909 19.641 19.340 19.008 18.642 18.244 17.814 17.754 17.842 17.934 18.028 18.126 18.227 18.332 18.362 18.261 18.150 18.027 17.893
8.418 8.992 9.538 10.055 10.545 11.005 11.438 11.842 12.217 12.564 12.883 13.174 12.775 11.959 11.175 10.425 9.709 9.025 8.375 7.757 7.173 6.623 6.105 5.621 5.740 6.280 6.861 7.482 8.143 8.845 9.587 10.369 11.191 12.054 12.958 13.902 14.684 15.349 16.026 16.715 17.417 18.131 18.857 19.596 20.347 21.111 21.887 22.675 22.883 22.663 22.412 22.127 21.811 21.461 21.080 20.665 20.219 19.740 19.228 18.684 18.435 18.373 18.300 18.216 18.122 18.016 17.899 17.771 17.632 17.482 17.321 17.149
7.946 8.421 8.867 9.285 9.675 10.036 10.370 10.674 10.951 11.199 11.418 11.609 11.376 10.676 10.009 9.376 8.776 8.208 7.674 7.173 6.706 6.271 5.870 5.501 5.609 6.291 7.013 7.775 8.578 9.421 10.304 11.228 12.192 13.196 14.241 15.326 16.252 16.960 17.680 18.413 19.158 19.915 20.684 21.466 22.261 23.067 23.887 24.718 25.035 24.702 24.336 23.938 23.507 22.791 21.953 21.162 20.419 19.723 19.074 18.472 18.123 18.023 17.912 17.790 17.656 17.512 17.357 17.191 17.014 16.826 16.627 16.416
7.506 7.881 8.229 8.547 8.838 9.100 9.334 9.539 9.716 9.865 9.986 10.078 9.944 9.360 8.810 8.293 7.808 7.358 6.940 6.555 6.204 5.885 5.600 5.348 5.436 6.259 7.122 8.026 8.970 9.954 10.979 12.044 13.149 14.294 15.480 16.706 17.806 18.557 19.320 20.095 20.883 21.684 22.496 23.321 24.159 25.009 25.423 25.673 25.536 24.627 23.765 22.951 22.183 21.463 20.790 20.165 19.586 19.055 18.571 18.134 17.822 17.684 17.534 17.374 17.202 17.020 16.827 16.622 16.407 16.181 15.943 15.695
7.098 7.374 7.622 7.841 8.033 8.195 8.330 8.436 8.514 8.564 8.586 8.579 8.478 8.010 7.576 7.175 6.808 6.473 6.171 5.903 5.667 5.465 5.296 5.160 5.220 6.185 7.189 8.234 9.319 10.445 11.611 12.817 14.063 15.349 16.676 18.043 19.344 20.138 20.944 21.338 21.657 21.956 22.236 22.496 22.737 22.958 23.159 23.340 23.339 22.595 21.898 21.249 20.647 20.091 19.583 19.123 18.709 18.342 18.023 17.751 17.533 17.356 17.168 16.969 16.760 16.539 16.307 16.065 15.811 15.547 15.272 14.985
6.724 6.898 7.047 7.167 7.259 7.323 7.359 7.366 7.345 7.296 7.218 7.112 6.978 6.627 6.309 6.024 5.773 5.554 5.368 5.216 5.097 5.010 4.957 4.937 4.962 6.068 7.214 8.400 9.626 10.893 12.200 13.541 14.623 15.682 16.718 17.730 18.704 19.013 19.303 19.574 19.825 20.056 20.267 20.459 20.631 20.784 20.917 21.030 21.099 20.520 19.988 19.503 19.065 18.675 18.332 18.036 17.787 17.585 17.430 17.322 17.254 17.039 16.813 16.576 16.328 16.069 15.800 15.519 15.227 14.925 14.611 14.287
6.413 6.454 6.504 6.525 6.518 6.483 6.419 6.328 6.208 6.060 5.883 5.678 5.445 5.210 5.009 4.840 4.704 4.601 4.532 4.495 4.492 4.521 4.584 4.680 4.801 5.819 6.961 8.078 9.173 10.244 11.292 12.317 13.318 14.296 15.251 16.182 17.090 17.408 17.630 17.832 18.015 18.178 18.321 18.444 18.548 18.633 18.697 18.742 18.768 18.400 18.033 17.713 17.440 17.214 17.036 16.904 16.819 16.782 16.792 16.849 16.952 16.733 16.469 16.194 15.908 15.611 15.303 14.984 14.654 14.314 13.962 13.599
6.127 6.042 5.992 5.915 5.809 5.675 5.512 5.322 5.103 4.856 4.580 4.277 3.945 3.760 3.674 3.621 3.602 3.647 3.767 3.879 3.982 4.077 4.164 4.243 4.313 5.107 6.167 7.204 8.218 9.208 10.175 11.118 12.038 12.935 13.809 14.659 15.486 15.825 15.979 16.113 16.227 16.322 16.397 16.452 16.488 16.504 16.501 16.477 16.435 16.237 16.034 15.879 15.770 15.709 15.695 15.728 15.808 15.934 16.109 16.330 16.598 16.438 16.136 15.822 15.498 15.163 14.817 14.460 14.093 13.714 13.324 12.923
5.868 5.661 5.513 5.336 5.131 4.898 4.637 4.348 4.030 3.684 3.394 3.182 2.957 2.924 3.048 3.164 3.272 3.372 3.463 3.546 3.620 3.686 3.744 3.794 3.835 4.420 5.399 6.355 7.287 8.196 9.082 9.945 10.784 11.600 12.393 13.162 13.908 14.264 14.350 14.416 14.462 14.488 14.495 14.482 14.450 14.398 14.326 14.235 14.124 14.030 13.992 14.001 14.057 14.160 14.310 14.507 14.751 15.042 15.380 15.766 16.198 16.154 15.814 15.462 15.100 14.727 14.343 13.948 13.542 13.125 12.698 12.259
5.634 5.312 5.065 4.867 4.699 4.519 4.326 4.120 3.902 3.671 3.427 3.171 2.901 2.774 2.869 2.956 3.035 3.106 3.168 3.222 3.267 3.305 3.334 3.354 3.367 3.758 4.656 5.531 6.382 7.210 8.015 8.797 9.555 10.290 11.002 11.691 12.356 12.726 12.743 12.740 12.718 12.677 12.616 12.535 12.434 12.314 12.175 12.015 11.837 11.779 11.905 12.078 12.299 12.566 12.880 13.241 13.650 14.105 14.607 15.156 15.753 15.881 15.503 15.113 14.713 14.302 13.880 13.447 13.008 12.587 12.183 11.796
5.846 5.611 5.424 5.225 5.013 4.788 4.551 4.300 4.038 3.762 3.474 3.173 2.859 2.633 2.700 2.758 2.807 2.849 2.882 2.907 2.924 2.932 2.932 2.924 2.907 3.121 3.938 4.732 5.502 6.250 6.974 7.674 8.352 9.006 9.637 10.245 10.829 11.209 11.158 11.087 10.997 10.888 10.758 10.609 10.441 10.253 10.045 9.818 9.571 9.484 9.774 10.112 10.496 10.928 11.406 11.931 12.504 13.123 13.789 14.502 15.263 15.578 15.098 14.634 14.187 13.757 13.344 12.948 12.568 12.206 11.860 11.531
6.251 6.072 5.841 5.597 5.340 5.071 4.789 4.494 4.187 3.867 3.534 3.189 2.831 2.501 2.539 2.568 2.589 2.601 2.606 2.602 2.590 2.569 2.540 2.503 2.458 2.509 3.245 3.958 4.648 5.314 5.957 6.577 7.174 7.747 8.298 8.824 9.328 9.714 9.595 9.457 9.298 9.121 8.923 8.707 8.470 8.214 7.939 7.643 7.329 7.145 7.600 8.102 8.650 9.246 10.121 11.094 11.970 12.749 13.430 14.015 14.502 14.711 14.290 13.885 13.496 13.125 12.771 12.433 12.113 11.809 11.522 11.252
