DATA/SHG/ECMWF/20170628/EN-47/20170707.en-47.asc
ncols        190
nrows        64
xllcorner    -5100000.000000000000
yllcorner    4130000.000000000000
cellsize     10000.000000000000
NODATA_value  -99999.000
[rows 0 to 32 of 64, columns 74 to 147 of 190]
9.958 10.248 10.537 10.825 11.110 11.394 11.676 11.829 11.552 11.210 10.885 10.575 10.282 10.005 9.743 9.499 9.270 9.057 8.860 8.665 8.433 8.208 7.986 7.768 7.552 7.340 7.131 6.925 6.721 6.521 6.324 6.157 6.078 5.999 5.919 5.839 5.758 5.676 5.594 5.511 5.428 5.344 5.259 5.214 5.286 5.350 5.405 5.452 5.490 5.519 5.541 5.553 5.558 5.553 5.541 5.503 5.408 5.304 5.190 5.066 4.933 4.790 4.637 4.475 4.304 4.122 3.932 3.723 3.497 3.285 3.085 2.898 2.725 2.564
10.554 10.668 10.728 10.784 10.835 10.881 10.922 10.897 10.595 10.310 10.041 9.788 9.551 9.330 9.126 8.937 8.765 8.609 8.469 8.333 8.114 7.904 7.696 7.491 7.289 7.090 6.895 6.702 6.513 6.326 6.143 5.973 5.892 5.810 5.728 5.645 5.561 5.477 5.392 5.306 5.220 5.134 5.047 4.975 5.009 5.035 5.052 5.061 5.061 5.053 5.037 5.012 4.978 4.936 4.885 4.817 4.679 4.532 4.375 4.209 4.033 3.847 3.652 3.447 3.233 3.009 2.775 2.543 2.376 2.221 2.080 1.952 1.837 1.735
9.648 9.696 9.740 9.778 9.812 9.840 9.864 9.870 9.625 9.396 9.184 8.987 8.807 8.643 8.494 8.362 8.247 8.147 8.063 7.995 7.793 7.596 7.402 7.211 7.023 6.838 6.656 6.477 6.301 6.128 5.958 5.791 5.707 5.622 5.537 5.451 5.365 5.278 5.191 5.103 5.014 4.925 4.835 4.745 4.742 4.730 4.709 4.680 4.643 4.597 4.542 4.479 4.408 4.328 4.240 4.141 3.961 3.771 3.571 3.362 3.144 2.915 2.678 2.430 2.173 1.907 1.630 1.458 1.561 1.665 1.770 1.877 1.985 2.095
8.700 8.731 8.757 8.779 8.795 8.806 8.812 8.813 8.641 8.469 8.313 8.173 8.049 7.941 7.849 7.774 7.714 7.671 7.644 7.632 7.470 7.286 7.105 6.928 6.753 6.582 6.414 6.248 6.086 5.927 5.771 5.617 5.522 5.435 5.348 5.259 5.170 5.081 4.991 4.900 4.809 4.717 4.624 4.531 4.484 4.434 4.376 4.309 4.233 4.150 4.058 3.957 3.848 3.730 3.604 3.469 3.254 3.021 2.836 2.713 2.606 2.512 2.433 2.369 2.319 2.284 2.263 2.256 2.358 2.468 2.579 2.692 2.806 2.921
7.758 7.772 7.781 7.785 7.784 7.778 7.767 7.751 7.644 7.528 7.429 7.345 7.278 7.226 7.191 7.172 7.168 7.181 7.210 7.255 7.143 6.973 6.806 6.642 6.481 6.323 6.168 6.017 5.868 5.723 5.580 5.440 5.339 5.249 5.159 5.068 4.976 4.884 4.791 4.698 4.604 4.510 4.415 4.319 4.235 4.147 4.051 3.947 3.834 3.734 3.653 3.575 3.500 3.429 3.361 3.296 3.203 3.117 3.044 2.986 2.943 2.914 2.900 2.900 2.915 2.944 2.988 3.046 3.152 3.268 3.385 3.504 3.624 3.746
6.823 6.819 6.811 6.798 6.779 6.756 6.727 6.694 6.634 6.574 6.531 6.504 6.493 6.498 6.519 6.556 6.609 6.678 6.763 6.864 6.813 6.656 6.503 6.353 6.206 6.062 5.920 5.782 5.647 5.515 5.386 5.260 5.157 5.064 4.971 4.878 4.783 4.689 4.593 4.497 4.401 4.306 4.214 4.125 4.039 3.956 3.876 3.800 3.726 3.657 3.590 3.527 3.467 3.410 3.356 3.306 3.268 3.245 3.238 3.244 3.266 3.301 3.351 3.416 3.495 3.589 3.697 3.819 3.943 4.066 4.189 4.314 4.440 4.567
5.893 5.872 5.847 5.816 5.780 5.740 5.694 5.644 5.610 5.607 5.620 5.649 5.694 5.756 5.833 5.926 6.035 6.161 6.302 6.460 6.480 6.337 6.198 6.061 5.927 5.797 5.669 5.545 5.423 5.305 5.190 5.068 4.952 4.848 4.746 4.647 4.551 4.458 4.367 4.280 4.195 4.113 4.034 3.957 3.885 3.816 3.751 3.689 3.631 3.576 3.524 3.475 3.430 3.388 3.349 3.314 3.317 3.359 3.416 3.487 3.573 3.673 3.787 3.916 4.060 4.218 4.391 4.577 4.733 4.861 4.990 5.121 5.253 5.386
4.969 4.932 4.889 4.841 4.788 4.730 4.667 4.599 4.573 4.626 4.696 4.781 4.882 5.000 5.133 5.283 5.448 5.630 5.828 6.041 6.144 6.015 5.885 5.755 5.626 5.499 5.372 5.246 5.121 4.998 4.875 4.753 4.643 4.551 4.462 4.376 4.292 4.211 4.134 4.058 3.986 3.917 3.850 3.786 3.727 3.673 3.623 3.576 3.532 3.492 3.454 3.420 3.390 3.362 3.338 3.317 3.351 3.458 3.579 3.714 3.865 4.029 4.208 4.402 4.610 4.832 5.069 5.320 5.519 5.653 5.789 5.926 6.064 6.203
4.052 3.997 3.937 3.871 3.801 3.726 3.646 3.561 3.523 3.632 3.758 3.900 4.057 4.231 4.434 4.692 4.941 5.182 5.415 5.639 5.781 5.654 5.527 5.402 5.278 5.155 5.033 4.912 4.792 4.673 4.555 4.438 4.331 4.252 4.175 4.102 4.031 3.963 3.897 3.835 3.775 3.718 3.664 3.613 3.566 3.527 3.491 3.459 3.430 3.404 3.381 3.362 3.346 3.333 3.324 3.318 3.370 3.541 3.727 3.927 4.141 4.370 4.614 4.871 5.144 5.430 5.731 6.047 6.304 6.444 6.585 6.728 6.872 7.017
3.140 3.068 2.990 2.908 2.821 2.728 2.631 2.575 2.647 2.926 3.197 3.459 3.713 3.958 4.195 4.423 4.643 4.855 5.058 5.252 5.413 5.290 5.169 5.048 4.929 4.810 4.693 4.577 4.461 4.347 4.234 4.122 4.017 3.950 3.886 3.825 3.767 3.711 3.658 3.608 3.561 3.517 3.475 3.436 3.402 3.378 3.357 3.339 3.324 3.313 3.305 3.301 3.299 3.301 3.306 3.315 3.374 3.610 3.860 4.124 4.403 4.696 5.004 5.326 5.662 6.013 6.379 6.758 7.085 7.231 7.379 7.527 7.677 7.829
2.297 2.349 2.396 2.440 2.478 2.512 2.542 2.568 2.592 2.842 3.083 3.316 3.540 3.756 3.963 4.162 4.353 4.535 4.709 4.874 5.037 4.926 4.809 4.693 4.579 4.465 4.352 4.241 4.130 4.021 3.913 3.805 3.700 3.646 3.594 3.546 3.500 3.457 3.417 3.379 3.344 3.313 3.284 3.257 3.235 3.225 3.219 3.215 3.216 3.219 3.226 3.236 3.249 3.266 3.285 3.308 3.364 3.664 3.978 4.306 4.649 5.007 5.379 5.765 6.166 6.581 7.010 7.454 7.865 8.016 8.170 8.325 8.481 8.638
2.402 2.438 2.470 2.498 2.521 2.540 2.555 2.565 2.571 2.765 2.977 3.180 3.375 3.562 3.740 3.909 4.071 4.223 4.368 4.503 4.637 4.561 4.449 4.338 4.228 4.119 4.011 3.904 3.799 3.694 3.590 3.488 3.386 3.339 3.300 3.264 3.230 3.200 3.172 3.147 3.125 3.106 3.089 3.076 3.065 3.069 3.077 3.089 3.103 3.122 3.143 3.167 3.195 3.227 3.261 3.299 3.340 3.702 4.081 4.473 4.881 5.302 5.738 6.189 6.654 7.133 7.627 8.086 8.476 8.521 8.567 8.615 8.663 8.713
2.511 2.532 2.548 2.561 2.569 2.572 2.571 2.566 2.556 2.696 2.879 3.053 3.218 3.375 3.524 3.664 3.796 3.920 4.035 4.141 4.245 4.196 4.088 3.982 3.877 3.773 3.669 3.567 3.466 3.366 3.268 3.170 3.073 3.029 3.003 2.979 2.958 2.940 2.925 2.913 2.903 2.896 2.892 2.891 2.893 2.910 2.933 2.959 2.988 3.021 3.057 3.096 3.138 3.184 3.233 3.286 3.341 3.726 4.159 4.581 5.000 5.415 5.826 6.234 6.637 7.037 7.433 7.826 8.214 8.287 8.339 8.392 8.446 8.501
2.623 2.629 2.630 2.627 2.620 2.608 2.592 2.571 2.546 2.635 2.788 2.933 3.069 3.197 3.316 3.427 3.530 3.624 3.710 3.787 3.862 3.830 3.727 3.625 3.525 3.425 3.327 3.230 3.133 3.038 2.944 2.851 2.759 2.717 2.703 2.692 2.684 2.678 2.675 2.675 2.678 2.684 2.693 2.704 2.718 2.747 2.785 2.825 2.869 2.931 3.005 3.073 3.134 3.190 3.239 3.282 3.319 3.643 4.053 4.459 4.861 5.259 5.654 6.044 6.431 6.814 7.194 7.569 7.941 8.053 8.110 8.168 8.227 8.288
2.740 2.730 2.716 2.698 2.675 2.648 2.616 2.580 2.540 2.582 2.706 2.821 2.928 3.027 3.117 3.198 3.271 3.336 3.393 3.441 3.486 3.463 3.365 3.268 3.172 3.078 2.984 2.891 2.800 2.709 2.620 2.531 2.444 2.402 2.400 2.402 2.406 2.413 2.423 2.435 2.481 2.557 2.632 2.706 2.780 2.855 2.926 2.991 3.050 3.102 3.149 3.189 3.223 3.251 3.273 3.289 3.299 3.559 3.952 4.341 4.726 5.107 5.485 5.859 6.229 6.595 6.958 7.317 7.671 7.817 7.879 7.943 8.008 8.074
2.860 2.835 2.806 2.772 2.734 2.692 2.645 2.593 2.538 2.537 2.631 2.717 2.795 2.864 2.925 2.977 3.021 3.057 3.084 3.102 3.118 3.095 3.002 2.910 2.819 2.729 2.640 2.552 2.465 2.380 2.295 2.247 2.237 2.268 2.345 2.422 2.498 2.574 2.648 2.722 2.796 2.868 2.940 3.011 3.082 3.141 3.185 3.222 3.254 3.279 3.298 3.311 3.318 3.319 3.314 3.302 3.284 3.478 3.854 4.226 4.595 4.960 5.320 5.678 6.031 6.380 6.726 7.068 7.406 7.581 7.648 7.717 7.787 7.859
2.985 2.945 2.900 2.851 2.797 2.740 2.677 2.611 2.540 2.499 2.564 2.621 2.669 2.709 2.741 2.764 2.778 2.785 2.783 2.772 2.759 2.727 2.655 2.602 2.559 2.525 2.501 2.486 2.481 2.485 2.498 2.521 2.554 2.605 2.679 2.753 2.825 2.898 2.969 3.040 3.110 3.179 3.248 3.316 3.384 3.434 3.450 3.460 3.465 3.463 3.454 3.440 3.420 3.393 3.360 3.322 3.277 3.401 3.760 4.116 4.468 4.816 5.160 5.500 5.837 6.170 6.499 6.824 7.145 7.343 7.416 7.491 7.566 7.643
3.113 3.058 2.998 2.933 2.865 2.791 2.714 2.632 2.546 2.469 2.505 2.533 2.552 2.562 2.567 2.593 2.610 2.617 2.615 2.603 2.584 2.559 2.539 2.529 2.528 2.536 2.554 2.581 2.618 2.664 2.720 2.785 2.860 2.941 3.013 3.083 3.153 3.222 3.290 3.358 3.425 3.491 3.557 3.622 3.686 3.732 3.722 3.704 3.681 3.652 3.617 3.575 3.527 3.473 3.414 3.347 3.275 3.328 3.671 4.010 4.345 4.676 5.003 5.327 5.647 5.963 6.275 6.583 6.888 7.105 7.184 7.263 7.344 7.426
3.246 3.175 3.100 3.020 2.936 2.847 2.755 2.660 2.587 2.527 2.565 2.596 2.617 2.629 2.632 2.625 2.609 2.583 2.548 2.504 2.451 2.393 2.413 2.445 2.486 2.537 2.597 2.666 2.745 2.834 2.931 3.039 3.156 3.279 3.347 3.414 3.481 3.547 3.612 3.676 3.740 3.803 3.866 3.927 3.988 4.037 3.999 3.955 3.904 3.848 3.785 3.716 3.641 3.560 3.473 3.380 3.280 3.259 3.585 3.907 4.225 4.540 4.851 5.157 5.461 5.760 6.056 6.347 6.635 6.866 6.950 7.035 7.121 7.208
3.370 3.249 3.142 3.048 2.968 2.901 2.847 2.806 2.779 2.765 2.770 2.768 2.757 2.736 2.706 2.666 2.617 2.558 2.490 2.413 2.327 2.236 2.277 2.351 2.434 2.527 2.629 2.740 2.861 2.992 3.132 3.281 3.440 3.608 3.681 3.745 3.809 3.872 3.934 3.995 4.056 4.116 4.175 4.233 4.291 4.348 4.283 4.211 4.133 4.050 3.960 3.863 3.761 3.653 3.539 3.418 3.291 3.194 3.503 3.808 4.110 4.408 4.702 4.992 5.279 5.561 5.840 6.115 6.386 6.626 6.715 6.806 6.897 6.990
3.178 3.104 3.044 2.996 2.962 2.941 2.934 2.940 2.959 2.991 2.984 2.949 2.905 2.851 2.788 2.715 2.633 2.542 2.441 2.330 2.212 2.088 2.130 2.246 2.371 2.506 2.650 2.804 2.967 3.140 3.322 3.513 3.714 3.924 4.016 4.077 4.137 4.197 4.256 4.314 4.371 4.428 4.484 4.540 4.595 4.649 4.572 4.474 4.369 4.258 4.140 4.017 3.888 3.752 3.610 3.463 3.309 3.149 3.425 3.714 3.999 4.280 4.557 4.831 5.100 5.366 5.629 5.887 6.249 6.753 7.132 7.535 7.961 8.410
2.975 2.947 2.933 2.932 2.944 2.970 3.009 3.061 3.126 3.205 3.206 3.138 3.061 2.974 2.878 2.773 2.658 2.534 2.400 2.257 2.106 1.948 1.973 2.131 2.298 2.475 2.661 2.857 3.062 3.277 3.501 3.734 3.977 4.229 4.351 4.409 4.466 4.522 4.578 4.633 4.688 4.741 4.794 4.847 4.898 4.949 4.868 4.742 4.610 4.472 4.327 4.177 4.020 3.858 3.689 3.514 3.333 3.145 3.351 3.705 4.182 4.666 5.158 5.657 6.164 6.677 7.198 7.726 8.262 8.805 9.293 9.799 10.329 10.882
2.759 2.778 2.810 2.855 2.914 2.986 3.071 3.169 3.281 3.406 3.436 3.335 3.225 3.106 2.977 2.839 2.691 2.534 2.368 2.192 2.007 1.816 1.805 2.005 2.215 2.433 2.662 2.899 3.146 3.403 3.669 3.944 4.229 4.523 4.686 4.741 4.795 4.848 4.901 4.953 5.004 5.055 5.105 5.154 5.202 5.250 5.170 5.017 4.858 4.692 4.533 4.417 4.338 4.298 4.295 4.331 4.404 4.515 4.916 5.418 5.927 6.444 6.968 7.499 8.038 8.584 9.137 9.697 10.265 10.840 11.427 12.037 12.671 13.328
2.531 2.596 2.675 2.766 2.871 2.989 3.121 3.265 3.423 3.595 3.675 3.541 3.398 3.246 3.085 2.913 2.733 2.543 2.344 2.135 1.918 1.694 1.627 1.869 2.120 2.381 2.651 2.931 3.220 3.519 3.826 4.144 4.471 4.807 5.022 5.073 5.124 5.174 5.224 5.273 5.321 5.366 5.385 5.376 5.337 5.268 5.157 5.058 4.996 4.972 4.986 5.038 5.127 5.255 5.420 5.623 5.864 6.143 6.587 7.121 7.663 8.212 8.768 9.331 9.902 10.480 11.065 11.658 12.258 12.865 13.535 14.249 14.986 15.747
2.291 2.402 2.527 2.665 2.816 2.980 3.158 3.349 3.553 3.771 3.922 3.755 3.580 3.395 3.200 2.997 2.783 2.561 2.329 2.087 1.837 1.580 1.439 1.722 2.016 2.318 2.631 2.952 3.283 3.624 3.973 4.333 4.735 5.211 5.584 5.679 5.745 5.781 5.788 5.766 5.714 5.632 5.521 5.381 5.211 5.012 4.899 4.967 5.073 5.217 5.399 5.618 5.876 6.171 6.504 6.875 7.284 7.730 8.249 8.815 9.389 9.970 10.558 11.154 11.756 12.367 12.984 13.609 14.241 14.880 15.617 16.434 17.275 18.140
2.039 2.197 2.367 2.551 2.749 2.959 3.183 3.420 3.671 3.934 4.177 3.978 3.770 3.552 3.325 3.088 2.842 2.587 2.322 2.048 1.765 1.474 1.240 1.574 1.940 2.331 2.745 3.184 3.646 4.132 4.642 5.176 5.734 6.316 6.796 6.761 6.696 6.601 6.478 6.324 6.142 5.930 5.689 5.418 5.118 4.788 4.601 4.837 5.111 5.422 5.772 6.159 6.584 7.047 7.547 8.086 8.662 9.276 9.900 10.499 11.105 11.718 12.338 12.966 13.601 14.243 14.893 15.549 16.214 16.885 17.673 18.594 19.538 20.506
1.775 1.978 2.195 2.426 2.669 2.926 3.196 3.479 3.776 4.086 4.409 4.209 3.968 3.717 3.457 3.181 2.863 2.554 2.256 1.967 1.688 1.419 1.157 1.590 2.063 2.560 3.080 3.625 4.193 4.786 5.402 6.042 6.706 7.394 8.039 7.873 7.677 7.452 7.198 6.914 6.601 6.259 5.887 5.486 5.056 4.596 4.263 4.667 5.108 5.587 6.104 6.659 7.252 7.882 8.550 9.256 9.999 10.781 11.542 12.173 12.811 13.456 14.109 14.769 15.436 16.110 16.792 17.480 18.177 18.880 19.703 20.727 21.775 22.846
1.498 1.748 2.011 2.288 2.577 2.880 3.196 3.526 3.854 4.126 4.383 4.159 3.836 3.522 3.218 2.924 2.639 2.365 2.100 1.845 1.600 1.366 1.138 1.579 2.158 2.761 3.388 4.039 4.713 5.412 6.134 6.880 7.650 8.444 9.262 9.015 8.689 8.334 7.949 7.535 7.092 6.619 6.117 5.586 5.025 4.435 3.886 4.457 5.066 5.712 6.397 7.119 7.879 8.676 9.512 10.385 11.296 12.245 13.175 13.837 14.508 15.185 15.869 16.561 17.261 17.967 18.681 19.402 20.130 20.865 21.707 22.834 23.986 25.160
1.210 1.516 1.843 2.154 2.450 2.730 2.995 3.244 3.478 3.697 3.900 3.757 3.468 3.188 2.918 2.658 2.407 2.166 1.935 1.714 1.504 1.303 1.110 1.542 2.227 2.936 3.669 4.425 5.206 6.010 6.839 7.691 8.567 9.467 10.391 10.188 9.732 9.246 8.731 8.187 7.613 7.010 6.378 5.716 5.025 4.305 3.555 4.207 4.984 5.798 6.649 7.539 8.466 9.431 10.433 11.474 12.552 13.668 14.797 15.492 16.194 16.904 17.620 18.344 19.076 19.814 20.560 21.313 22.073 22.840 23.684 24.916 26.170 27.448
1.242 1.531 1.804 2.061 2.303 2.530 2.741 2.937 3.117 3.282 3.431 3.347 3.091 2.845 2.609 2.383 2.166 1.960 1.763 1.575 1.399 1.233 1.074 1.477 2.268 3.083 3.922 4.785 5.671 6.582 7.516 8.474 9.456 10.462 11.491 11.392 10.805 10.189 9.544 8.870 8.166 7.433 6.670 5.878 5.057 4.207 3.327 3.918 4.862 5.843 6.862 7.918 9.013 10.145 11.314 12.522 13.767 15.050 16.370 17.137 17.871 18.613 19.362 20.118 20.881 21.651 22.429 23.214 24.006 24.806 25.458 26.298 27.115 27.908
1.324 1.559 1.779 1.983 2.171 2.344 2.502 2.644 2.770 2.882 2.977 2.928 2.707 2.495 2.292 2.100 1.917 1.744 1.581 1.428 1.286 1.153 1.029 1.386 2.283 3.204 4.148 5.117 6.109 7.126 8.166 9.230 10.317 11.429 12.564 12.626 11.909 11.163 10.388 9.583 8.749 7.886 6.993 6.072 5.121 4.140 3.131 3.589 4.700 5.848 7.034 8.258 9.519 10.818 12.155 13.529 14.941 16.391 17.878 18.773 19.539 20.203 20.639 21.052 21.442 21.809 22.153 22.474 22.773 23.048 23.300 24.007 24.723 25.417
1.421 1.602 1.768 1.918 2.053 2.173 2.277 2.365 2.438 2.496 2.538 2.501 2.313 2.135 1.967 1.809 1.660 1.521 1.391 1.272 1.164 1.066 0.975 1.267 2.270 3.297 4.348 5.422 6.520 7.642 8.788 9.958 11.151 12.369 13.610 13.890 13.044 12.168 11.262 10.328 9.364 8.370 7.348 6.296 5.215 4.105 2.965 3.221 4.498 5.814 7.167 8.557 9.962 11.306 12.624 13.915 15.180 16.419 17.631 18.265 18.646 19.003 19.338 19.650 19.939 20.205 20.448 20.668 20.865 21.040 21.191 21.740 22.357 22.950
1.532 1.660 1.772 1.869 1.950 2.016 2.066 2.101 2.121 2.125 2.114 2.066 1.912 1.768 1.633 1.509 1.394 1.288 1.193 1.107 1.033 0.969 0.913 1.122 2.231 3.364 4.520 5.700 6.904 8.132 9.383 10.659 11.958 13.281 14.628 15.185 14.209 13.203 12.167 11.103 10.009 8.886 7.733 6.552 5.375 4.226 3.105 3.169 4.529 5.862 7.169 8.450 9.704 10.932 12.134 13.309 14.458 15.580 16.676 17.292 17.572 17.829 18.062 18.273 18.461 18.626 18.768 18.887 18.983 19.057 19.107 19.500 20.016 20.509
