DATA/SHG/ECMWF/20170628/EN-47/20170630.en-47.asc
ncols        190
nrows        64
xllcorner    -5100000.000000000000
yllcorner    4130000.000000000000
cellsize     10000.000000000000
NODATA_value  -99999.000
[rows 0 to 32 of 64, columns 0 to 72 of 190]
2.241 2.303 2.363 2.420 2.475 2.528 2.578 2.626 2.672 2.513 2.290 2.067 1.846 1.625 1.405 1.186 0.968 0.751 0.535 0.352 0.184 0.141 0.151 0.159 0.165 0.168 0.168 0.167 0.162 0.156 0.147 0.135 0.122 0.109 0.099 0.089 0.079 0.070 0.061 0.052 0.044 0.036 0.028 0.021 0.014 0.015 0.023 0.030 0.037 0.044 0.050 0.056 0.062 0.067 0.072 0.077 0.081 0.086 0.090 0.094 0.098 0.102 0.107 0.111 0.116 0.120 0.125 0.130 0.135 0.141 0.149 0.157 0.164
2.015 2.068 2.120 2.169 2.216 2.261 2.303 2.343 2.381 2.261 2.041 1.821 1.628 1.442 1.260 1.085 0.914 0.750 0.591 0.437 0.289 0.224 0.226 0.226 0.223 0.217 0.209 0.199 0.186 0.171 0.154 0.134 0.111 0.094 0.085 0.076 0.067 0.059 0.052 0.044 0.037 0.030 0.024 0.018 0.012 0.012 0.018 0.024 0.030 0.036 0.041 0.046 0.050 0.054 0.058 0.062 0.065 0.068 0.073 0.077 0.082 0.086 0.091 0.096 0.100 0.105 0.110 0.115 0.120 0.126 0.134 0.141 0.148
1.791 1.836 1.880 1.921 1.963 2.017 2.069 2.119 2.167 2.106 1.922 1.744 1.571 1.404 1.242 1.086 0.935 0.790 0.651 0.517 0.388 0.311 0.304 0.295 0.283 0.269 0.253 0.234 0.212 0.189 0.163 0.134 0.103 0.078 0.070 0.063 0.056 0.049 0.042 0.036 0.030 0.024 0.019 0.014 0.010 0.008 0.013 0.018 0.023 0.028 0.032 0.035 0.039 0.042 0.044 0.047 0.049 0.051 0.056 0.060 0.065 0.070 0.075 0.080 0.085 0.090 0.096 0.101 0.127 0.158 0.186 0.211 0.234
1.624 1.678 1.731 1.782 1.831 1.878 1.923 1.967 2.008 1.984 1.820 1.661 1.508 1.360 1.218 1.081 0.950 0.825 0.705 0.590 0.481 0.399 0.384 0.366 0.346 0.323 0.298 0.271 0.241 0.209 0.174 0.137 0.098 0.062 0.056 0.049 0.043 0.038 0.032 0.027 0.023 0.018 0.014 0.011 0.007 0.005 0.009 0.013 0.017 0.020 0.023 0.025 0.027 0.029 0.031 0.032 0.033 0.034 0.039 0.044 0.049 0.066 0.086 0.109 0.136 0.165 0.198 0.234 0.274 0.316 0.336 0.353 0.367
1.520 1.568 1.614 1.658 1.700 1.741 1.780 1.817 1.852 1.856 1.712 1.572 1.439 1.311 1.188 1.071 0.959 0.853 0.753 0.658 0.568 0.490 0.466 0.440 0.411 0.380 0.347 0.311 0.272 0.232 0.189 0.143 0.095 0.046 0.041 0.036 0.031 0.026 0.022 0.018 0.015 0.012 0.009 0.006 0.004 0.002 0.005 0.008 0.010 0.012 0.014 0.015 0.017 0.018 0.022 0.027 0.033 0.038 0.056 0.077 0.102 0.130 0.162 0.196 0.234 0.275 0.319 0.366 0.417 0.471 0.488 0.496 0.502
1.417 1.459 1.499 1.536 1.572 1.606 1.639 1.669 1.697 1.723 1.598 1.478 1.364 1.255 1.152 1.054 0.962 0.876 0.795 0.719 0.649 0.585 0.551 0.516 0.479 0.439 0.397 0.353 0.306 0.257 0.205 0.151 0.095 0.036 0.025 0.021 0.018 0.014 0.012 0.009 0.007 0.005 0.003 0.002 0.001 0.000 0.002 0.005 0.008 0.012 0.016 0.020 0.025 0.031 0.037 0.043 0.050 0.058 0.083 0.116 0.152 0.191 0.234 0.280 0.329 0.381 0.436 0.495 0.557 0.622 0.642 0.642 0.640
1.318 1.353 1.386 1.417 1.446 1.474 1.500 1.523 1.545 1.566 1.478 1.378 1.283 1.194 1.110 1.032 0.960 0.893 0.831 0.775 0.725 0.680 0.638 0.595 0.549 0.501 0.451 0.398 0.342 0.285 0.224 0.162 0.097 0.029 0.010 0.007 0.005 0.002 0.001 0.000 0.000 0.000 0.000 0.000 0.000 0.000 0.003 0.007 0.012 0.017 0.023 0.029 0.036 0.043 0.051 0.059 0.068 0.077 0.107 0.151 0.198 0.249 0.303 0.360 0.420 0.484 0.550 0.620 0.693 0.770 0.799 0.790 0.779
1.220 1.248 1.275 1.300 1.323 1.344 1.363 1.380 1.396 1.409 1.353 1.272 1.197 1.127 1.063 1.004 0.951 0.903 0.861 0.825 0.794 0.768 0.728 0.676 0.622 0.565 0.506 0.445 0.381 0.315 0.246 0.175 0.101 0.028 0.000 0.000 0.000 0.000 0.000 0.000 0.000 0.000 0.000 0.000 0.000 0.000 0.003 0.009 0.016 0.023 0.030 0.038 0.046 0.055 0.064 0.074 0.084 0.095 0.127 0.183 0.241 0.303 0.368 0.437 0.508 0.583 0.661 0.742 0.827 0.914 0.957 0.940 0.921
1.124 1.146 1.166 1.185 1.201 1.216 1.228 1.239 1.248 1.255 1.221 1.160 1.104 1.054 1.010 0.970 0.937 0.908 0.886 0.869 0.857 0.851 0.820 0.760 0.697 0.615 0.535 0.456 0.380 0.306 0.235 0.166 0.099 0.034 0.001 0.001 0.001 0.001 0.001 0.000 0.000 0.000 0.000 0.000 0.000 0.000 0.003 0.011 0.019 0.027 0.037 0.046 0.056 0.067 0.077 0.089 0.101 0.113 0.145 0.212 0.281 0.355 0.431 0.511 0.593 0.679 0.769 0.861 0.957 1.056 1.117 1.092 1.065
1.031 1.046 1.060 1.072 1.082 1.090 1.096 1.100 1.103 1.104 1.085 1.043 1.006 0.976 0.950 0.931 0.916 0.906 0.887 0.868 0.848 0.828 0.786 0.707 0.629 0.554 0.482 0.412 0.344 0.278 0.215 0.153 0.095 0.038 0.001 0.001 0.001 0.001 0.001 0.001 0.001 0.001 0.000 0.000 0.000 0.000 0.002 0.012 0.022 0.032 0.043 0.054 0.065 0.077 0.090 0.103 0.117 0.131 0.159 0.237 0.318 0.403 0.490 0.581 0.675 0.772 0.873 0.977 1.083 1.194 1.280 1.246 1.210
0.940 0.949 0.956 0.961 0.964 0.966 0.966 0.964 0.960 0.954 0.944 0.926 0.908 0.889 0.870 0.851 0.832 0.812 0.792 0.772 0.751 0.731 0.699 0.627 0.558 0.491 0.427 0.365 0.305 0.247 0.192 0.139 0.088 0.040 0.001 0.001 0.001 0.001 0.001 0.001 0.001 0.001 0.001 0.000 0.000 0.000 0.001 0.012 0.024 0.036 0.048 0.061 0.074 0.088 0.102 0.117 0.132 0.148 0.170 0.259 0.352 0.448 0.546 0.649 0.754 0.862 0.974 1.089 1.207 1.328 1.444 1.402 1.358
0.851 0.853 0.854 0.858 0.866 0.871 0.873 0.873 0.871 0.866 0.857 0.838 0.819 0.799 0.779 0.759 0.739 0.718 0.698 0.676 0.655 0.633 0.609 0.545 0.484 0.426 0.369 0.315 0.263 0.214 0.167 0.122 0.079 0.039 0.002 0.002 0.002 0.002 0.001 0.001 0.001 0.001 0.001 0.001 0.000 0.000 0.000 0.013 0.026 0.039 0.053 0.068 0.082 0.098 0.114 0.130 0.147 0.164 0.182 0.279 0.382 0.489 0.599 0.713 0.829 0.949 1.072 1.196 1.312 1.418 1.516 1.531 1.571
0.821 0.827 0.830 0.832 0.830 0.826 0.820 0.811 0.800 0.786 0.770 0.750 0.730 0.710 0.689 0.668 0.647 0.625 0.604 0.582 0.559 0.537 0.514 0.461 0.408 0.358 0.310 0.263 0.220 0.178 0.139 0.102 0.068 0.035 0.006 0.002 0.002 0.002 0.002 0.002 0.001 0.001 0.001 0.001 0.001 0.000 0.000 0.012 0.027 0.042 0.058 0.074 0.090 0.107 0.125 0.143 0.161 0.180 0.199 0.295 0.438 0.585 0.723 0.853 0.973 1.084 1.187 1.280 1.365 1.440 1.506 1.618 1.773
0.823 0.820 0.815 0.808 0.797 0.785 0.770 0.752 0.732 0.710 0.685 0.663 0.642 0.621 0.599 0.577 0.555 0.533 0.510 0.487 0.464 0.440 0.417 0.375 0.330 0.288 0.247 0.209 0.174 0.140 0.109 0.081 0.054 0.030 0.008 0.003 0.002 0.002 0.002 0.002 0.002 0.001 0.001 0.001 0.001 0.000 0.000 0.011 0.028 0.044 0.062 0.079 0.098 0.148 0.209 0.275 0.347 0.425 0.508 0.626 0.751 0.867 0.973 1.071 1.160 1.240 1.311 1.373 1.426 1.470 1.505 1.674 1.944
0.828 0.816 0.803 0.786 0.767 0.746 0.722 0.696 0.667 0.636 0.602 0.576 0.554 0.532 0.509 0.486 0.463 0.440 0.417 0.393 0.369 0.345 0.320 0.287 0.250 0.215 0.183 0.153 0.126 0.100 0.077 0.056 0.038 0.022 0.008 0.003 0.003 0.003 0.002 0.002 0.002 0.002 0.001 0.001 0.001 0.000 0.019 0.053 0.100 0.152 0.210 0.274 0.343 0.418 0.498 0.584 0.676 0.773 0.875 0.979 1.072 1.156 1.232 1.298 1.356 1.404 1.444 1.474 1.496 1.509 1.512 1.699 2.084
0.835 0.815 0.793 0.768 0.740 0.710 0.678 0.643 0.605 0.565 0.523 0.489 0.467 0.443 0.420 0.396 0.372 0.348 0.324 0.299 0.274 0.249 0.224 0.196 0.167 0.141 0.116 0.095 0.075 0.058 0.043 0.030 0.020 0.012 0.006 0.004 0.003 0.003 0.004 0.014 0.026 0.041 0.059 0.079 0.102 0.128 0.156 0.200 0.267 0.339 0.416 0.500 0.588 0.682 0.782 0.888 0.999 1.115 1.237 1.340 1.402 1.455 1.499 1.534 1.560 1.577 1.585 1.584 1.574 1.556 1.528 1.692 2.193
0.846 0.817 0.786 0.752 0.716 0.677 0.636 0.592 0.546 0.497 0.446 0.403 0.379 0.355 0.331 0.307 0.282 0.257 0.231 0.206 0.180 0.154 0.128 0.103 0.082 0.064 0.047 0.034 0.022 0.013 0.006 0.004 0.007 0.011 0.016 0.022 0.033 0.047 0.063 0.082 0.104 0.128 0.155 0.185 0.217 0.252 0.290 0.342 0.428 0.520 0.617 0.719 0.827 0.941 1.060 1.185 1.315 1.451 1.593 1.709 1.739 1.761 1.773 1.777 1.772 1.758 1.734 1.702 1.661 1.611 1.552 1.654 2.270
0.859 0.821 0.781 0.739 0.694 0.646 0.597 0.544 0.489 0.432 0.372 0.318 0.293 0.268 0.243 0.217 0.192 0.166 0.140 0.113 0.086 0.059 0.032 0.007 0.001 0.003 0.005 0.008 0.011 0.015 0.019 0.024 0.030 0.036 0.042 0.051 0.072 0.095 0.120 0.149 0.179 0.213 0.249 0.288 0.330 0.374 0.421 0.478 0.584 0.695 0.811 0.933 1.061 1.194 1.332 1.477 1.626 1.782 1.942 2.086 2.085 2.075 2.057 2.029 1.992 1.947 1.892 1.829 1.756 1.675 1.584 1.585 2.316
0.875 0.829 0.780 0.729 0.675 0.619 0.560 0.499 0.435 0.369 0.301 0.232 0.207 0.181 0.155 0.128 0.102 0.086 0.074 0.062 0.049 0.035 0.020 0.005 0.008 0.011 0.016 0.020 0.025 0.031 0.037 0.044 0.052 0.059 0.068 0.077 0.107 0.139 0.174 0.212 0.252 0.295 0.340 0.389 0.440 0.493 0.549 0.609 0.734 0.864 1.000 1.141 1.288 1.441 1.599 1.762 1.931 2.106 2.286 2.471 2.439 2.398 2.348 2.289 2.221 2.144 2.058 1.964 1.860 1.747 1.625 1.495 2.330
0.894 0.839 0.781 0.721 0.659 0.594 0.526 0.457 0.384 0.310 0.245 0.186 0.172 0.163 0.152 0.140 0.128 0.114 0.100 0.084 0.067 0.050 0.031 0.012 0.014 0.020 0.026 0.032 0.039 0.047 0.055 0.064 0.073 0.083 0.093 0.104 0.140 0.181 0.225 0.272 0.322 0.374 0.429 0.486 0.546 0.609 0.674 0.743 0.878 1.027 1.183 1.343 1.510 1.682 1.859 2.042 2.231 2.425 2.624 2.829 2.802 2.729 2.648 2.557 2.458 2.350 2.233 2.107 1.972 1.828 1.675 1.513 2.314
0.915 0.851 0.785 0.715 0.648 0.583 0.520 0.460 0.402 0.346 0.292 0.241 0.219 0.206 0.192 0.177 0.161 0.144 0.126 0.107 0.087 0.066 0.044 0.021 0.020 0.028 0.035 0.044 0.053 0.062 0.072 0.083 0.094 0.105 0.117 0.130 0.169 0.220 0.274 0.330 0.389 0.450 0.514 0.581 0.650 0.722 0.797 0.874 1.016 1.185 1.360 1.540 1.726 1.917 2.114 2.316 2.524 2.737 2.956 3.181 3.172 3.068 2.956 2.834 2.704 2.564 2.416 2.271 2.138 1.997 1.848 1.690 2.367
0.895 0.829 0.765 0.704 0.644 0.587 0.533 0.480 0.430 0.382 0.336 0.293 0.267 0.250 0.233 0.214 0.195 0.174 0.153 0.130 0.107 0.083 0.057 0.031 0.025 0.035 0.044 0.055 0.065 0.077 0.089 0.101 0.114 0.127 0.141 0.156 0.196 0.257 0.319 0.385 0.453 0.523 0.597 0.673 0.751 0.833 0.917 1.003 1.149 1.337 1.531 1.731 1.936 2.146 2.362 2.584 2.811 3.044 3.282 3.526 3.566 3.462 3.350 3.229 3.100 2.963 2.818 2.665 2.503 2.333 2.155 1.969 2.457
0.857 0.799 0.743 0.689 0.638 0.589 0.542 0.498 0.456 0.416 0.378 0.343 0.316 0.296 0.275 0.253 0.230 0.206 0.181 0.155 0.128 0.101 0.072 0.042 0.030 0.041 0.053 0.065 0.078 0.091 0.105 0.119 0.134 0.149 0.165 0.181 0.221 0.290 0.362 0.437 0.514 0.594 0.677 0.762 0.850 0.940 1.033 1.129 1.275 1.483 1.697 1.915 2.140 2.374 2.621 2.881 3.155 3.441 3.740 4.052 4.169 4.036 3.895 3.745 3.588 3.422 3.248 3.066 2.875 2.677 2.470 2.255 2.557
0.816 0.766 0.718 0.673 0.629 0.588 0.550 0.513 0.479 0.447 0.417 0.390 0.365 0.342 0.317 0.292 0.266 0.238 0.210 0.181 0.151 0.119 0.087 0.054 0.034 0.047 0.061 0.075 0.089 0.104 0.120 0.136 0.153 0.170 0.187 0.206 0.242 0.321 0.402 0.486 0.573 0.662 0.754 0.848 0.945 1.045 1.141 1.232 1.361 1.589 1.830 2.084 2.351 2.631 2.923 3.228 3.547 3.878 4.222 4.579 4.779 4.617 4.447 4.269 4.083 3.888 3.685 3.474 3.255 3.027 2.792 2.548 2.666
0.773 0.731 0.691 0.654 0.618 0.585 0.554 0.526 0.500 0.476 0.454 0.435 0.416 0.389 0.361 0.332 0.303 0.272 0.240 0.208 0.174 0.139 0.104 0.067 0.038 0.053 0.068 0.084 0.100 0.117 0.135 0.153 0.171 0.190 0.210 0.230 0.261 0.349 0.440 0.544 0.648 0.747 0.844 0.936 1.025 1.111 1.193 1.271 1.380 1.653 1.939 2.238 2.550 2.874 3.212 3.562 3.926 4.302 4.691 5.093 5.396 5.205 5.007 4.800 4.584 4.361 4.130 3.890 3.642 3.386 3.121 2.849 2.785
0.729 0.694 0.662 0.632 0.605 0.580 0.557 0.536 0.518 0.502 0.488 0.477 0.468 0.437 0.406 0.374 0.341 0.307 0.271 0.235 0.198 0.160 0.121 0.081 0.041 0.058 0.075 0.093 0.111 0.129 0.149 0.169 0.204 0.244 0.289 0.338 0.393 0.494 0.592 0.687 0.778 0.865 0.949 1.029 1.106 1.179 1.248 1.314 1.386 1.704 2.035 2.379 2.736 3.105 3.488 3.883 4.291 4.712 5.146 5.593 6.020 5.801 5.573 5.338 5.094 4.842 4.581 4.313 4.036 3.751 3.458 3.157 2.914
0.706 0.654 0.630 0.608 0.589 0.572 0.557 0.544 0.534 0.526 0.520 0.516 0.515 0.487 0.452 0.416 0.380 0.342 0.304 0.264 0.224 0.182 0.140 0.096 0.052 0.063 0.087 0.116 0.149 0.187 0.229 0.276 0.328 0.383 0.444 0.508 0.578 0.665 0.750 0.832 0.911 0.986 1.057 1.125 1.189 1.250 1.307 1.361 1.411 1.742 2.118 2.507 2.908 3.323 3.750 4.191 4.644 5.110 5.589 6.080 6.585 6.404 6.147 5.883 5.610 5.329 5.040 4.743 4.438 4.124 3.802 3.472 3.134
0.697 0.611 0.595 0.582 0.570 0.561 0.554 0.549 0.547 0.547 0.549 0.554 0.560 0.537 0.499 0.460 0.420 0.380 0.341 0.300 0.257 0.211 0.163 0.113 0.061 0.071 0.111 0.156 0.205 0.258 0.316 0.379 0.446 0.517 0.593 0.674 0.759 0.838 0.911 0.981 1.047 1.110 1.169 1.224 1.276 1.325 1.370 1.411 1.449 1.767 2.188 2.622 3.068 3.528 4.000 4.485 4.983 5.494 6.018 6.554 7.103 7.013 6.729 6.435 6.134 5.824 5.507 5.181 4.847 4.504 4.154 3.795 3.428
0.701 0.566 0.558 0.553 0.549 0.548 0.549 0.552 0.558 0.566 0.592 0.623 0.633 0.611 0.574 0.534 0.491 0.447 0.400 0.351 0.300 0.246 0.190 0.132 0.072 0.075 0.131 0.191 0.256 0.325 0.399 0.477 0.559 0.647 0.738 0.835 0.935 1.015 1.076 1.133 1.187 1.237 1.284 1.327 1.367 1.403 1.435 1.464 1.490 1.779 2.245 2.724 3.215 3.719 4.236 4.766 5.309 5.865 6.433 7.015 7.609 7.631 7.317 6.995 6.665 6.327 5.980 5.626 5.263 4.892 4.513 4.126 3.730
0.719 0.519 0.519 0.593 0.694 0.775 0.836 0.877 0.897 0.897 0.877 0.837 0.776 0.712 0.667 0.619 0.569 0.516 0.461 0.404 0.345 0.283 0.219 0.153 0.085 0.073 0.145 0.221 0.301 0.386 0.476 0.570 0.668 0.771 0.879 0.991 1.107 1.196 1.244 1.289 1.331 1.368 1.403 1.433 1.461 1.484 1.505 1.521 1.534 1.778 2.289 2.813 3.349 3.898 4.460 5.035 5.622 6.223 6.836 7.462 8.101 8.255 7.913 7.562 7.203 6.836 6.461 6.078 5.682 5.289 4.916 4.562 4.229
1.411 1.274 1.345 1.396 1.426 1.436 1.426 1.395 1.345 1.274 1.183 1.072 0.941 0.816 0.762 0.706 0.648 0.588 0.525 0.460 0.393 0.323 0.251 0.177 0.101 0.067 0.155 0.246 0.343 0.443 0.548 0.658 0.772 0.891 1.014 1.142 1.274 1.380 1.416 1.448 1.477 1.503 1.525 1.543 1.558 1.569 1.577 1.581 1.582 1.765 2.320 2.889 3.470 4.064 4.670 5.290 5.922 6.567 7.225 7.896 8.580 8.832 8.369 7.926 7.502 7.099 6.715 6.351 6.008 5.683 5.379 5.095 4.830
2.435 2.239 2.239 2.219 2.178 2.118 2.037 1.936 1.814 1.673 1.511 1.329 1.127 0.922 0.860 0.796 0.730 0.662 0.591 0.518 0.443 0.365 0.285 0.203 0.119 0.057 0.160 0.267 0.379 0.495 0.616 0.741 0.871 1.006 1.144 1.288 1.435 1.567 1.590 1.611 1.627 1.640 1.650 1.656 1.659 1.658 1.653 1.645 1.634 1.738 2.339 2.952 3.578 4.216 4.884 5.542 6.170 6.767 7.335 7.872 8.379 8.656 8.262 7.888 7.533 7.199 6.884 6.589 6.314 6.059 5.823 5.608 5.412
3.462 3.240 3.154 3.063 2.952 2.820 2.669 2.497 2.305 2.093 1.860 1.608 1.335 1.043 0.961 0.889 0.814 0.738 0.659 0.578 0.495 0.410 0.322 0.232 0.139 0.045 0.160 0.283 0.411 0.543 0.679 0.820 0.966 1.116 1.270 1.429 1.592 1.757 1.769 1.776 1.781 1.782 1.779 1.773 1.763 1.750 1.733 1.816 1.933 2.071 2.775 3.448 4.092 4.705 5.289 5.842 6.364 6.857 7.320 7.752 8.154 8.462 8.136 7.831 7.546 7.280 7.034 6.808 6.602 6.415 6.248 6.101 5.974
