DATA/SHG/ECMWF/20170628/EN-13/20170705.en-13.asc
ncols        190
nrows        64
xllcorner    -5100000.000000000000
yllcorner    4130000.000000000000
cellsize     10000.000000000000
NODATA_value  -99999.000
[rows 32 to 63 of 64, columns 73 to 145 of 190]
3.438 4.122 4.841 5.596 6.387 7.213 8.076 8.974 9.909 10.879 11.885 12.927 13.911 14.447 14.988 15.533 16.083 16.638 17.197 17.761 18.330 18.872 19.387 19.906 20.302 20.266 20.229 20.192 20.156 20.118 20.081 20.044 20.006 19.968 19.930 19.892 19.468 18.295 17.084 15.836 14.550 13.227 11.867 10.469 9.172 8.324 7.584 6.952 7.901 10.438 12.839 15.102 17.228 19.218 21.070 22.785 24.364 25.805 27.110 28.277 28.850 29.074 29.289 29.497 29.698 29.891 30.076 30.254 30.424 30.586 30.741 30.888 30.878
3.814 4.618 5.462 6.342 7.257 8.208 9.195 10.218 11.277 12.372 13.502 14.668 15.846 16.398 16.955 17.516 18.082 18.653 19.228 19.808 20.393 20.952 21.483 22.018 22.498 22.461 22.423 22.385 22.347 22.309 22.271 22.232 22.193 22.155 22.115 22.075 21.674 20.438 19.310 18.290 17.379 16.576 15.881 15.294 14.815 14.445 14.183 14.029 14.699 16.631 18.425 20.083 21.604 22.988 24.235 25.345 26.318 27.154 27.853 28.416 28.749 28.938 29.121 29.295 29.462 29.621 29.773 29.917 30.053 30.182 30.303 30.417 30.243
4.295 5.081 6.049 7.053 8.093 9.169 10.280 11.427 12.610 13.829 15.084 16.375 17.701 18.342 18.914 19.492 20.074 20.661 21.252 21.848 22.449 23.024 23.572 24.123 24.678 24.654 24.789 25.474 25.974 26.291 26.423 26.371 26.134 25.714 25.109 24.320 23.372 22.614 21.964 21.422 20.988 20.663 20.446 20.337 20.336 20.443 20.658 20.982 21.633 22.959 24.148 25.201 26.116 26.895 27.537 28.042 28.411 28.642 28.737 28.695 28.655 28.811 28.960 29.101 29.234 29.360 29.478 29.588 29.691 29.786 29.874 29.954 29.673
4.784 5.508 6.601 7.730 8.894 10.094 11.330 12.601 13.909 15.252 16.631 18.046 19.496 20.278 20.867 21.461 22.059 22.662 23.783 25.683 27.590 29.335 30.916 32.503 34.096 34.523 34.576 34.444 34.128 33.629 32.945 32.077 31.024 29.788 28.368 26.763 24.975 24.669 24.497 24.433 24.477 24.629 24.889 25.258 25.734 26.319 27.011 27.812 28.702 29.423 30.008 30.455 30.766 30.940 30.977 30.878 30.642 30.269 29.760 29.114 28.569 28.692 28.807 28.914 29.014 29.106 29.191 29.268 29.337 29.399 29.453 29.499 29.167
5.282 5.902 7.119 8.372 9.660 10.985 12.345 13.741 15.172 16.640 18.143 20.226 23.087 25.355 27.243 29.138 31.040 32.949 34.865 36.787 38.717 40.484 42.089 43.699 45.315 45.319 44.556 43.608 42.477 41.161 39.662 37.979 36.111 34.060 31.824 29.405 26.802 26.604 26.910 27.323 27.845 28.474 29.211 30.057 31.010 32.072 33.241 34.519 35.904 36.023 36.003 35.846 35.553 35.122 34.556 33.852 33.012 32.035 30.922 29.672 28.492 28.581 28.662 28.736 28.802 28.861 28.912 28.955 28.991 29.019 29.039 29.052 28.727
5.788 6.261 7.602 8.980 10.755 12.999 15.417 18.010 20.777 23.718 26.833 30.123 33.587 36.305 38.215 40.133 42.057 43.988 45.926 47.871 49.823 51.614 53.241 54.875 56.513 56.308 54.729 52.966 51.020 48.889 46.575 44.077 41.394 38.528 35.479 32.245 28.827 28.420 29.203 30.093 31.092 32.198 33.412 34.734 36.165 37.703 39.349 41.103 42.965 42.759 42.135 41.374 40.476 39.442 38.272 36.964 35.521 33.940 32.224 30.370 28.422 28.477 28.525 28.565 28.598 28.623 28.641 28.650 28.653 28.647 28.634 28.614 28.350
7.836 8.756 11.082 13.581 16.255 19.103 22.125 25.321 28.691 32.236 35.954 39.847 43.914 47.234 49.167 51.107 53.054 55.007 56.968 58.935 60.910 62.722 64.373 66.030 67.692 67.489 65.096 62.518 59.757 56.812 53.683 50.370 46.874 43.194 39.330 35.282 31.051 30.116 31.376 32.743 34.218 35.801 37.492 39.291 41.197 43.212 45.334 47.564 49.902 49.630 48.402 47.038 45.537 43.899 42.125 40.215 38.168 35.984 33.664 31.208 28.615 28.382 28.396 28.403 28.402 28.393 28.377 28.354 28.322 28.284 28.237 28.183 28.038
11.326 12.276 15.205 18.308 21.585 25.036 28.661 32.461 36.434 40.582 44.903 49.399 54.068 58.143 60.099 62.061 64.030 66.006 67.989 69.979 71.975 73.811 75.485 77.165 78.849 78.863 75.655 72.263 68.688 64.929 60.986 56.860 52.550 48.056 43.379 38.518 33.473 31.693 33.429 35.273 37.224 39.283 41.450 43.725 46.108 48.599 51.197 53.903 56.717 56.637 54.806 52.838 50.734 48.493 46.116 43.603 40.953 38.167 35.244 32.185 28.990 28.294 28.275 28.248 28.214 28.110 27.859 27.612 27.370 27.133 26.899 26.670 26.446
14.756 15.627 19.159 22.865 26.746 30.800 35.028 39.430 44.006 48.756 53.680 58.778 64.050 69.032 71.010 72.995 74.986 76.985 78.990 81.002 83.021 84.880 86.577 88.279 89.987 90.429 86.407 82.202 77.813 73.240 68.484 63.544 58.421 53.115 47.625 41.951 36.094 33.150 35.362 37.682 40.110 42.645 45.288 48.039 50.897 53.864 56.938 60.120 63.409 63.780 61.345 58.774 56.067 53.224 50.244 47.128 43.751 39.895 36.051 32.219 28.398 26.992 26.743 26.498 26.258 26.022 25.791 25.564 25.342 25.124 24.910 24.701 24.497
18.127 19.019 22.945 27.254 31.737 36.394 41.224 46.229 51.407 56.759 62.285 67.985 73.858 79.901 81.901 83.908 85.922 87.943 89.971 92.005 94.047 95.928 97.648 99.374 101.105 102.187 97.352 92.333 87.131 81.746 76.177 70.425 64.489 58.370 52.067 45.581 38.912 34.488 37.176 39.972 42.875 45.886 49.005 52.231 55.566 59.007 62.557 66.049 68.727 68.719 64.833 60.959 57.096 53.245 49.405 45.576 41.759 37.953 34.158 30.375 26.603 24.822 24.593 24.368 24.148 23.932 23.721 23.514 23.311 23.113 22.919 22.730 22.545
21.439 22.531 26.562 31.474 36.559 41.818 47.251 52.857 58.637 64.591 70.719 77.020 83.495 90.143 92.773 94.802 96.838 98.882 100.932 102.989 105.052 106.956 108.700 110.448 112.202 113.962 108.489 102.658 96.643 90.445 84.064 77.500 70.752 63.821 56.707 49.409 41.928 35.707 38.820 41.536 44.243 46.943 49.635 52.318 54.994 57.662 60.322 62.973 65.617 66.374 62.537 58.712 54.899 51.097 47.306 43.526 39.758 36.001 32.256 28.522 24.799 22.651 22.442 22.237 22.036 21.840 21.648 21.461 21.278 21.100 20.926 20.757 20.592
24.692 25.985 30.011 35.525 41.212 47.073 53.107 59.315 65.697 72.252 78.981 85.883 92.959 100.209 103.624 105.676 107.735 109.800 111.873 113.952 116.038 117.965 119.731 121.503 123.280 125.062 119.819 113.176 106.349 99.240 90.296 81.551 73.004 64.657 56.508 48.558 40.808 33.373 36.063 38.744 41.418 44.084 46.741 49.391 52.032 54.666 57.292 59.909 62.519 64.020 60.233 56.457 52.693 48.940 45.198 41.468 37.749 34.042 30.345 26.661 22.987 20.478 20.288 20.103 19.922 19.746 19.574 19.407 19.244 19.085 18.931 18.781 18.636
27.887 29.380 33.292 39.408 45.697 52.159 58.795 65.604 72.586 79.743 87.072 94.575 102.252 110.102 114.456 116.530 118.611 120.699 122.794 124.896 127.004 126.322 125.459 124.573 123.662 122.728 116.054 107.389 98.923 90.656 82.588 74.718 67.048 59.576 52.302 45.228 38.352 31.676 33.317 35.965 38.604 41.236 43.859 46.475 49.082 51.682 54.273 56.857 59.432 61.658 57.920 54.194 50.479 46.775 43.083 39.401 35.732 32.073 28.426 24.790 21.166 18.303 18.133 17.968 17.807 17.650 17.498 17.350 17.207 17.068 16.934 16.804 16.678
31.023 32.716 36.406 43.122 50.012 57.076 64.312 71.722 79.306 87.063 94.993 103.096 111.373 119.823 122.268 121.125 119.953 118.751 117.519 116.257 114.966 113.835 112.869 111.880 110.867 109.831 104.634 96.845 89.255 81.864 74.671 67.677 60.881 54.284 47.886 41.686 35.685 29.883 30.583 33.196 35.802 38.399 40.989 43.570 46.143 48.709 51.266 53.816 56.357 58.891 55.599 51.922 48.256 44.601 40.958 37.326 33.706 30.096 26.498 22.912 19.336 16.126 15.976 15.830 15.689 15.552 15.420 15.292 15.169 15.049 14.935 14.825 14.719
34.100 35.994 39.351 46.669 54.160 61.824 69.661 75.904 81.872 87.595 93.072 98.304 103.290 108.031 110.531 109.287 108.013 106.710 105.377 104.015 102.622 101.390 100.321 99.229 98.114 96.975 93.008 86.095 79.380 72.863 66.545 60.426 54.505 48.782 43.259 37.933 32.807 27.878 27.860 30.439 33.011 35.574 38.129 40.677 43.216 45.748 48.271 50.786 53.294 55.793 53.270 49.642 46.025 42.419 38.825 35.242 31.671 28.111 24.562 21.024 17.498 13.983 13.817 13.691 13.570 13.453 13.340 13.232 13.128 13.029 12.934 12.843 12.757
36.522 37.909 39.931 46.280 52.384 58.242 63.855 69.223 74.346 79.223 83.856 88.242 92.384 96.280 98.835 97.490 96.115 94.711 93.277 91.813 90.320 88.986 87.815 86.621 85.403 84.161 81.177 75.138 69.297 63.655 58.211 52.966 47.919 43.071 38.421 33.969 29.716 25.661 25.148 27.694 30.231 32.760 35.281 37.795 40.300 42.798 45.287 47.769 50.242 52.708 50.932 47.353 43.785 40.229 36.684 33.150 29.628 26.117 22.617 19.128 15.651 12.185 11.656 11.550 11.448 11.351 11.258 11.169 11.085 11.006 10.930 10.860 10.793
35.483 36.626 37.712 43.215 48.473 53.486 58.254 62.777 67.054 71.087 74.874 78.416 81.713 84.765 87.180 85.734 84.258 82.753 81.218 79.654 78.060 76.624 75.350 74.054 72.733 71.389 69.139 63.974 59.007 54.239 49.669 45.298 41.124 37.149 33.373 29.794 26.414 23.233 22.448 24.959 27.462 29.958 32.445 34.924 37.396 39.859 42.315 44.762 47.202 49.633 48.586 45.056 41.537 38.030 34.534 31.049 27.576 24.114 20.663 17.224 13.795 10.379 9.493 9.407 9.325 9.247 9.174 9.105 9.041 9.042 9.189 9.336 9.483
34.510 35.411 36.241 40.382 44.795 48.963 52.886 56.564 59.997 63.185 66.128 68.826 71.279 73.487 75.450 74.019 72.443 70.837 69.201 67.536 65.841 64.303 62.927 61.528 60.105 58.659 56.895 52.604 48.510 44.616 40.919 37.420 34.120 31.018 28.114 25.409 22.901 20.592 19.759 22.236 24.705 27.167 29.620 32.065 34.503 36.932 39.353 41.767 44.173 46.570 46.231 42.750 39.281 35.822 32.375 28.940 25.515 22.102 18.701 15.310 11.977 8.830 7.810 7.955 8.101 8.247 8.394 8.541 8.688 8.836 8.985 9.134 9.283
33.604 34.262 34.850 37.779 41.348 44.671 47.750 50.584 53.173 55.517 57.616 59.471 61.080 62.445 63.565 62.346 60.668 58.961 57.225 55.459 53.663 52.024 50.546 49.044 47.519 45.970 44.398 41.027 37.807 34.785 31.961 29.335 26.907 24.677 22.646 20.812 19.177 17.740 17.081 19.524 21.959 24.387 26.806 29.217 31.621 34.016 36.404 38.783 41.155 43.519 43.868 40.467 37.317 34.167 31.018 27.869 24.720 21.572 18.425 15.278 12.131 8.985 7.589 7.737 7.885 8.033 8.182 8.331 8.480 8.630 8.781 8.932 9.083
32.766 33.181 33.527 35.408 38.132 40.612 42.847 44.837 46.582 48.083 49.339 50.351 51.117 51.639 51.917 50.713 48.935 47.127 45.290 43.423 41.526 39.786 38.205 36.601 34.974 33.323 31.649 29.244 26.896 24.746 22.795 21.041 19.485 18.127 16.968 16.006 15.242 14.676 14.414 16.823 19.225 21.618 24.017 26.928 29.756 32.503 35.167 37.750 40.251 42.670 43.761 40.612 37.463 34.314 31.166 28.018 24.870 21.723 18.577 15.431 12.285 9.140 7.369 7.518 7.668 7.818 7.969 8.120 8.272 8.424 8.576 8.729 8.882
31.994 32.167 32.271 33.267 35.148 36.784 38.176 39.323 40.225 40.883 41.296 41.465 41.389 41.069 40.505 39.121 37.242 35.334 33.396 31.428 29.431 27.589 25.906 24.200 22.470 20.717 18.941 17.255 15.779 14.501 13.421 12.539 11.855 11.368 12.002 12.767 13.602 14.509 15.485 18.208 21.004 23.719 26.352 28.903 31.372 33.759 36.064 38.288 40.429 42.489 43.905 40.756 37.608 34.461 31.313 28.166 25.020 21.874 18.729 15.584 12.439 9.295 7.148 7.300 7.451 7.604 7.756 7.910 8.063 8.217 8.372 8.527 8.682
31.289 31.220 31.082 31.357 32.395 33.188 33.736 34.041 34.101 33.916 33.487 32.814 31.897 30.735 29.328 27.570 25.591 23.581 21.543 19.474 17.376 15.433 13.648 11.840 10.008 9.424 9.015 9.160 9.741 10.393 11.116 11.909 12.772 13.706 14.711 15.786 16.932 18.148 19.435 21.705 24.142 26.497 28.771 30.962 33.072 35.100 37.046 38.910 40.693 42.394 44.013 40.901 37.754 34.607 31.461 28.315 25.170 22.025 18.881 15.737 12.593 9.450 6.927 7.081 7.235 7.389 7.544 7.699 7.854 8.010 8.167 8.324 8.481
30.651 30.340 29.960 29.677 29.872 29.823 29.529 28.991 28.209 27.183 25.912 24.397 22.638 20.635 18.388 16.060 13.980 13.112 12.848 12.553 12.226 11.850 11.431 10.986 10.516 10.021 9.501 9.618 10.509 11.471 12.504 13.607 14.781 16.025 17.340 18.725 20.180 21.706 23.303 25.286 27.364 29.360 31.274 33.106 34.857 36.526 38.113 39.619 41.043 42.384 43.645 41.046 37.900 34.754 31.609 28.464 25.320 22.176 19.032 15.890 12.747 9.605 6.706 6.862 7.017 7.174 7.330 7.488 7.645 7.803 7.962 8.121 8.280
30.080 29.527 28.905 28.228 27.580 26.689 25.553 24.174 22.550 20.682 19.328 18.348 17.446 16.621 15.875 15.272 14.962 14.621 14.248 13.843 13.406 12.920 12.389 11.833 11.252 10.646 10.015 9.996 11.198 12.470 13.813 15.226 16.709 18.263 19.888 21.583 23.348 25.184 27.090 28.950 30.669 32.306 33.862 35.335 36.727 38.037 39.266 40.413 41.478 42.461 43.363 41.190 38.045 34.901 31.757 28.613 25.470 22.327 19.184 16.042 12.901 9.760 6.619 6.642 6.800 6.958 7.117 7.276 7.436 7.596 7.756 7.917 8.079
29.575 28.781 27.917 26.956 25.719 24.540 23.438 22.415 21.469 20.602 19.812 19.100 18.466 17.909 17.431 17.028 16.609 16.157 15.674 15.159 14.613 14.016 13.374 12.708 12.016 11.298 10.556 10.296 11.807 13.389 15.042 16.765 18.558 20.421 22.356 24.360 26.435 28.580 30.796 32.699 34.059 35.337 36.534 37.649 38.682 39.634 40.503 41.292 41.998 42.623 43.166 41.335 38.191 35.048 31.904 28.762 25.619 22.478 19.336 16.195 13.055 9.915 6.775 6.423 6.582 6.743 6.903 7.065 7.226 7.388 7.551 7.714 7.877
28.191 27.253 26.348 25.477 24.521 23.611 22.777 22.022 21.345 20.745 20.223 19.780 19.413 19.125 18.915 18.782 18.282 17.721 17.128 16.503 15.847 15.140 14.387 13.609 12.807 11.978 11.125 10.516 12.337 14.229 16.191 18.224 20.326 22.500 24.743 27.057 29.441 31.896 34.421 36.531 37.532 38.452 39.290 40.046 40.721 41.315 41.826 42.256 42.604 42.871 43.056 41.480 38.337 35.194 32.052 28.911 25.769 22.629 19.488 16.348 13.209 10.070 6.931 6.203 6.365 6.527 6.690 6.853 7.016 7.180 7.345 7.510 7.675
26.337 25.514 24.725 23.969 23.253 22.610 22.045 21.558 21.149 20.817 20.563 20.387 20.289 20.268 20.326 20.461 19.983 19.312 18.609 17.875 17.108 16.291 15.427 14.539 13.625 12.686 11.722 10.733 12.788 14.989 17.261 19.603 22.015 24.498 27.051 29.674 32.367 35.131 37.966 40.446 41.089 41.651 42.131 42.529 42.845 43.080 43.234 43.306 43.296 43.205 43.032 41.625 38.483 35.341 32.200 29.059 25.919 22.779 19.640 16.501 13.363 10.225 7.087 5.983 6.147 6.334 6.594 6.868 7.155 7.455 7.769 8.095 8.435
24.454 23.747 23.073 22.432 21.914 21.539 21.242 21.023 20.881 20.817 20.831 20.923 21.092 21.339 21.664 22.067 21.710 20.929 20.117 19.273 18.397 17.469 16.495 15.495 14.471 13.421 12.346 11.246 13.160 15.671 18.252 20.903 23.624 26.416 29.278 32.210 35.213 38.286 41.429 44.445 44.730 44.934 45.055 45.095 45.054 44.931 44.726 44.440 44.073 43.624 43.093 41.770 38.629 35.488 32.348 29.208 26.044 22.767 19.569 16.449 13.408 10.444 7.559 6.291 6.583 6.889 7.207 7.539 7.884 8.242 8.614 8.999 9.397
22.542 21.950 21.391 20.865 20.504 20.397 20.367 20.416 20.542 20.746 21.027 21.387 21.824 22.338 22.930 23.600 23.464 22.574 21.652 20.698 19.713 18.675 17.590 16.480 15.344 14.184 12.998 11.787 13.453 16.273 19.163 22.123 25.153 28.254 31.425 34.667 37.978 41.360 44.812 48.334 48.455 48.300 48.064 47.746 47.347 46.866 46.304 45.649 44.431 43.207 41.976 40.383 37.058 33.810 30.641 27.550 24.538 21.604 18.747 15.969 13.270 10.648 8.105 6.716 7.066 7.430 7.806 8.196 8.599 9.015 9.445 9.887 10.343
20.601 20.124 19.680 19.269 19.023 19.183 19.422 19.738 20.132 20.603 21.152 21.779 22.483 23.265 24.124 25.061 25.246 24.246 23.214 22.151 21.056 19.908 18.712 17.491 16.245 14.974 13.678 12.356 13.667 16.796 19.995 23.264 26.603 30.013 33.493 37.043 40.663 44.354 48.114 51.207 50.745 49.546 48.340 47.127 45.907 44.680 43.446 42.206 40.958 39.703 38.442 37.088 34.105 31.200 28.373 25.624 22.953 20.361 17.846 15.410 13.052 10.773 8.571 7.127 7.535 7.957 8.391 8.839 9.300 9.774 10.262 10.762 11.276
18.631 18.269 17.940 17.644 17.471 17.899 18.405 18.989 19.650 20.388 21.205 22.099 23.070 24.119 25.246 26.450 27.054 25.945 24.803 23.631 22.426 21.168 19.862 18.530 17.173 15.792 14.385 12.953 13.802 17.240 20.679 24.029 27.290 30.462 33.544 36.537 39.442 42.257 44.983 47.620 47.526 46.296 45.060 43.816 42.566 41.309 40.045 38.774 37.496 36.211 34.919 33.621 31.075 28.511 26.026 23.619 21.290 19.039 16.867 14.772 12.756 10.818 8.957 7.524 7.990 8.469 8.962 9.468 9.987 10.519 11.064 11.623 12.195
16.632 16.384 16.170 15.989 15.849 16.544 17.318 18.168 19.097 20.103 21.186 22.347 23.586 24.902 26.296 27.767 28.889 27.670 26.420 25.138 23.824 22.351 20.850 19.404 18.011 16.673 15.388 14.158 14.509 17.647 20.697 23.657 26.528 29.310 32.003 34.607 37.122 39.548 41.885 44.133 44.317 43.057 41.791 40.517 39.237 37.949 36.655 35.354 34.045 32.730 31.408 30.079 27.967 25.745 23.601 21.536 19.549 17.639 15.808 14.055 12.380 10.783 9.264 7.907 8.431 8.968 9.519 10.083 10.659 11.249 11.853 12.469 13.099
