DATA/SHG/ECMWF/20170628/EN-13/20170702.en-13.asc
ncols        190
nrows        64
xllcorner    -5100000.000000000000
yllcorner    4130000.000000000000
cellsize     10000.000000000000
NODATA_value  -99999.000
[rows 0 to 32 of 64, columns 73 to 145 of 190]
7.684 8.881 10.123 11.410 12.741 14.116 15.536 17.001 17.845 17.026 16.126 15.236 14.358 13.490 12.634 11.789 10.956 10.133 9.322 8.522 7.869 7.676 7.487 7.310 7.144 6.988 6.844 6.712 6.590 6.480 6.381 6.293 6.183 5.964 5.736 5.500 5.256 5.004 4.744 4.476 4.199 3.915 3.622 3.321 3.043 2.850 2.647 2.434 2.211 1.978 1.736 1.483 1.220 0.947 0.664 0.371 0.157 0.201 0.247 0.295 0.345 0.396 0.449 0.504 0.561 0.619 0.680 0.742 0.796 0.822 0.849 0.877 0.905
8.107 9.461 10.751 12.016 13.282 14.548 15.815 17.083 17.971 17.098 16.236 15.386 14.546 13.718 12.900 12.094 11.300 10.516 9.743 8.982 8.295 8.152 8.013 7.886 7.769 7.664 7.570 7.488 7.416 7.356 7.307 7.269 7.216 6.960 6.696 6.423 6.143 5.854 5.557 5.252 4.939 4.618 4.288 3.951 3.620 3.382 3.135 2.877 2.609 2.332 2.044 1.747 1.439 1.121 0.794 0.456 0.165 0.217 0.271 0.327 0.384 0.444 0.505 0.568 0.633 0.699 0.768 0.838 0.903 0.931 0.960 0.989 1.019
7.944 9.211 10.478 11.746 13.014 14.283 15.553 16.823 17.994 17.160 16.337 15.525 14.724 13.935 13.156 12.389 11.633 10.888 10.154 9.432 8.720 8.614 8.525 8.448 8.382 8.327 8.283 8.250 8.228 8.218 8.219 8.231 8.254 7.964 7.663 7.354 7.037 6.711 6.378 6.036 5.687 5.329 4.963 4.589 4.207 3.925 3.632 3.330 3.018 2.695 2.363 2.021 1.668 1.306 0.934 0.551 0.170 0.231 0.293 0.357 0.422 0.490 0.559 0.630 0.703 0.777 0.854 0.932 1.009 1.037 1.064 1.088 1.111
7.665 8.934 10.204 11.475 12.746 14.018 15.290 16.563 17.837 17.211 16.427 15.654 14.892 14.141 13.402 12.673 11.956 11.250 10.555 9.871 9.198 9.063 9.024 8.997 8.981 8.975 8.981 8.999 9.027 9.067 9.117 9.179 9.252 8.975 8.638 8.292 7.938 7.577 7.206 6.828 6.442 6.048 5.645 5.234 4.815 4.477 4.140 3.793 3.436 3.069 2.692 2.305 1.908 1.501 1.084 0.657 0.220 0.242 0.312 0.406 0.515 0.617 0.710 0.796 0.874 0.944 1.007 1.062 1.109 1.131 1.150 1.167 1.182
7.385 8.657 9.930 11.203 12.477 13.751 15.027 16.302 17.579 17.253 16.507 15.773 15.050 14.338 13.637 12.947 12.269 11.601 10.945 10.300 9.666 9.499 9.510 9.532 9.566 9.611 9.667 9.734 9.812 9.902 10.002 10.114 10.237 9.994 9.620 9.238 8.848 8.449 8.043 7.628 7.205 6.774 6.335 5.888 5.432 5.040 4.658 4.266 3.864 3.452 3.032 2.617 2.209 1.808 1.414 1.028 0.649 0.650 0.740 0.822 0.896 0.963 1.022 1.073 1.117 1.153 1.181 1.201 1.214 1.226 1.237 1.247 1.255
7.105 8.379 9.655 10.931 12.207 13.485 14.762 16.041 17.320 17.284 16.577 15.882 15.197 14.524 13.862 13.211 12.571 11.942 11.325 10.718 10.123 9.921 9.982 10.055 10.138 10.233 10.338 10.455 10.584 10.723 10.873 11.035 11.208 11.021 10.610 10.192 9.765 9.330 8.887 8.435 7.976 7.462 6.924 6.396 5.878 5.423 5.003 4.591 4.186 3.788 3.398 3.015 2.639 2.271 1.909 1.555 1.209 1.142 1.197 1.245 1.285 1.317 1.342 1.358 1.367 1.369 1.362 1.348 1.326 1.322 1.326 1.329 1.329
6.824 8.101 9.379 10.658 11.937 13.217 14.498 15.779 17.061 17.305 16.637 15.980 15.335 14.700 14.077 13.464 12.863 12.273 11.694 11.126 10.569 10.330 10.441 10.563 10.697 10.841 10.997 11.164 11.341 11.531 11.731 11.942 12.067 11.805 11.230 10.665 10.111 9.567 9.033 8.510 7.996 7.493 7.000 6.517 6.045 5.619 5.232 4.852 4.479 4.114 3.756 3.405 3.061 2.725 2.396 2.074 1.760 1.641 1.662 1.675 1.681 1.679 1.669 1.651 1.625 1.592 1.551 1.503 1.446 1.420 1.417 1.412 1.405
6.542 7.822 9.103 10.384 11.667 12.949 14.233 15.517 16.801 17.316 16.687 16.069 15.462 14.866 14.281 13.707 13.145 12.593 12.053 11.523 11.005 10.726 10.887 11.037 11.167 11.282 11.382 11.467 11.537 11.592 11.632 11.657 11.668 11.460 10.931 10.412 9.903 9.405 8.916 8.438 7.970 7.513 7.065 6.628 6.201 5.807 5.452 5.105 4.764 4.431 4.105 3.787 3.475 3.171 2.875 2.585 2.303 2.148 2.134 2.113 2.084 2.047 2.003 1.951 1.891 1.823 1.748 1.665 1.574 1.520 1.509 1.497 1.482
6.260 7.543 8.826 10.110 11.395 12.681 13.967 15.254 16.541 17.317 16.727 16.147 15.579 15.021 14.475 13.931 13.370 12.837 12.330 11.851 11.398 11.085 11.178 11.256 11.319 11.367 11.400 11.418 11.422 11.410 11.383 11.342 11.285 11.105 10.621 10.148 9.685 9.232 8.789 8.356 7.934 7.522 7.120 6.728 6.347 5.987 5.665 5.349 5.041 4.741 4.447 4.161 3.882 3.610 3.345 3.088 2.838 2.662 2.614 2.558 2.495 2.423 2.345 2.258 2.164 2.062 1.952 1.834 1.709 1.621 1.603 1.583 1.561
5.977 7.263 8.549 9.836 11.123 12.412 13.700 14.990 16.253 17.184 16.556 15.955 15.381 14.834 14.314 13.820 13.353 12.914 12.501 12.115 11.755 11.453 11.479 11.491 11.487 11.468 11.435 11.386 11.323 11.245 11.151 11.043 10.920 10.739 10.301 9.873 9.455 9.048 8.651 8.263 7.887 7.520 7.163 6.817 6.481 6.160 5.870 5.586 5.311 5.042 4.781 4.526 4.279 4.040 3.807 3.582 3.364 3.183 3.101 3.010 2.912 2.807 2.694 2.573 2.444 2.308 2.163 2.012 1.852 1.723 1.698 1.671 1.642
5.694 6.982 8.253 9.501 10.726 11.928 13.107 14.264 15.397 16.487 15.953 15.446 14.965 14.512 14.085 13.685 13.312 12.966 12.647 12.354 12.089 11.843 11.798 11.742 11.672 11.586 11.486 11.371 11.241 11.096 10.936 10.761 10.572 10.363 9.970 9.588 9.216 8.853 8.502 8.160 7.828 7.507 7.196 6.895 6.604 6.325 6.066 5.815 5.572 5.335 5.106 4.884 4.669 4.462 4.262 4.069 3.883 3.711 3.595 3.470 3.338 3.198 3.050 2.895 2.732 2.561 2.382 2.196 2.002 1.828 1.795 1.760 1.724
5.490 6.705 7.896 9.064 10.210 11.332 12.432 13.509 14.563 15.595 15.326 14.913 14.526 14.166 13.833 13.527 13.247 12.994 12.769 12.570 12.398 12.246 12.132 12.010 11.873 11.721 11.554 11.373 11.176 10.964 10.738 10.496 10.240 9.969 9.629 9.292 8.965 8.648 8.342 8.045 7.759 7.483 7.217 6.962 6.717 6.481 6.255 6.037 5.825 5.621 5.424 5.234 5.051 4.876 4.708 4.547 4.393 4.247 4.096 3.937 3.770 3.596 3.414 3.224 3.027 2.822 2.609 2.389 2.181 2.004 2.014 2.023 2.031
5.314 6.449 7.560 8.649 9.716 10.759 11.779 12.777 13.752 14.704 14.676 14.356 14.062 13.796 13.557 13.344 13.158 12.999 12.866 12.761 12.682 12.624 12.483 12.294 12.091 11.872 11.639 11.391 11.127 10.849 10.556 10.248 9.926 9.588 9.277 8.985 8.704 8.432 8.171 7.920 7.679 7.449 7.228 7.018 6.818 6.628 6.436 6.250 6.070 5.898 5.733 5.575 5.425 5.282 5.146 5.017 4.896 4.781 4.604 4.411 4.217 4.024 3.834 3.646 3.460 3.276 3.094 2.914 2.736 2.561 2.555 2.561 2.567
5.159 6.214 7.247 8.256 9.243 10.207 11.148 12.066 12.962 13.835 14.001 13.775 13.575 13.402 13.256 13.137 13.044 12.979 12.940 12.927 12.942 12.978 12.851 12.595 12.325 12.040 11.740 11.425 11.096 10.751 10.392 10.017 9.628 9.224 8.914 8.668 8.432 8.206 7.990 7.784 7.589 7.403 7.228 7.063 6.908 6.764 6.609 6.455 6.308 6.168 6.029 5.892 5.763 5.642 5.529 5.423 5.325 5.235 5.070 4.883 4.698 4.515 4.333 4.154 3.977 3.802 3.629 3.458 3.289 3.122 3.096 3.100 3.102
5.026 6.001 6.954 7.885 8.792 9.677 10.539 11.378 12.194 12.987 13.304 13.171 13.065 12.985 12.932 12.906 12.907 12.935 12.989 13.070 13.178 13.308 13.234 12.913 12.576 12.224 11.858 11.477 11.081 10.670 10.244 9.803 9.347 8.877 8.541 8.340 8.149 7.968 7.798 7.637 7.487 7.346 7.210 7.080 6.955 6.835 6.705 6.571 6.446 6.328 6.218 6.116 6.021 5.935 5.856 5.785 5.721 5.666 5.531 5.353 5.176 5.002 4.830 4.660 4.492 4.325 4.161 3.999 3.839 3.681 3.637 3.638 3.638
4.913 5.810 6.684 7.535 8.363 9.168 9.951 10.711 11.448 12.162 12.582 12.543 12.530 12.544 12.584 12.652 12.746 12.866 13.014 13.188 13.389 13.613 13.634 13.246 12.843 12.425 11.992 11.545 11.082 10.605 10.113 9.605 9.080 8.559 8.197 8.048 7.904 7.766 7.632 7.504 7.381 7.264 7.151 7.044 6.942 6.845 6.747 6.648 6.557 6.474 6.398 6.331 6.271 6.219 6.174 6.138 6.109 6.088 5.989 5.820 5.652 5.487 5.324 5.162 5.003 4.846 4.691 4.538 4.387 4.238 4.177 4.175 4.173
4.822 5.640 6.434 7.206 7.955 8.681 9.385 10.066 10.724 11.359 11.838 11.891 11.972 12.079 12.213 12.373 12.560 12.774 13.015 13.282 13.576 13.893 14.051 13.516 12.928 12.355 11.796 11.252 10.723 10.208 9.709 9.224 8.754 8.298 7.947 7.821 7.700 7.585 7.475 7.370 7.270 7.176 7.086 7.002 6.923 6.850 6.780 6.716 6.660 6.611 6.570 6.537 6.512 6.494 6.484 6.482 6.488 6.502 6.444 6.284 6.126 5.969 5.815 5.662 5.512 5.364 5.218 5.073 4.931 4.791 4.718 4.713 4.708
4.753 5.491 6.206 6.899 7.569 8.216 8.841 9.442 10.021 10.578 11.069 11.216 11.390 11.590 11.817 12.064 12.233 12.397 12.556 12.710 12.859 13.020 13.122 12.584 12.062 11.554 11.061 10.583 10.119 9.670 9.236 8.816 8.412 8.022 7.691 7.589 7.491 7.399 7.312 7.230 7.154 7.082 7.016 6.955 6.900 6.849 6.806 6.776 6.754 6.740 6.734 6.735 6.744 6.761 6.786 6.818 6.859 6.907 6.897 6.746 6.596 6.449 6.303 6.160 6.018 5.879 5.742 5.606 5.473 5.342 5.258 5.251 5.243
4.704 5.363 6.000 6.613 7.204 7.773 8.318 8.841 9.337 9.797 10.243 10.426 10.598 10.765 10.927 11.083 11.235 11.382 11.524 11.661 11.793 11.937 12.094 11.637 11.180 10.738 10.310 9.898 9.499 9.116 8.747 8.393 8.054 7.730 7.430 7.351 7.277 7.208 7.144 7.085 7.032 6.984 6.941 6.903 6.870 6.843 6.823 6.828 6.840 6.861 6.889 6.925 6.968 7.020 7.079 7.146 7.220 7.303 7.347 7.204 7.064 6.925 6.789 6.654 6.522 6.391 6.263 6.136 6.012 5.890 5.799 5.788 5.778
4.677 5.243 5.753 6.249 6.731 7.199 7.652 8.092 8.517 8.929 9.326 9.520 9.675 9.824 9.969 10.109 10.244 10.374 10.498 10.618 10.733 10.860 10.999 10.675 10.284 9.907 9.545 9.197 8.865 8.547 8.243 7.955 7.681 7.422 7.177 7.108 7.057 7.011 6.970 6.935 6.905 6.880 6.860 6.845 6.835 6.831 6.832 6.871 6.918 6.973 7.036 7.106 7.184 7.270 7.363 7.465 7.574 7.691 7.794 7.661 7.529 7.399 7.272 7.146 7.023 6.901 6.781 6.664 6.548 6.435 6.339 6.326 6.312
4.305 4.780 5.241 5.688 6.121 6.540 6.945 7.335 7.712 8.074 8.422 8.620 8.757 8.890 9.017 9.140 9.258 9.371 9.479 9.581 9.679 9.789 9.911 9.698 9.372 9.060 8.764 8.482 8.214 7.962 7.724 7.501 7.292 7.098 6.919 6.860 6.832 6.809 6.791 6.779 6.772 6.770 6.773 6.781 6.795 6.814 6.838 6.906 6.988 7.077 7.174 7.279 7.391 7.512 7.640 7.775 7.919 8.070 8.229 8.114 7.992 7.871 7.752 7.635 7.521 7.408 7.297 7.189 7.082 6.946 6.768 6.759 6.817
3.905 4.331 4.744 5.142 5.526 5.895 6.251 6.593 6.920 7.233 7.533 7.725 7.845 7.961 8.072 8.177 8.278 8.374 8.464 8.550 8.631 8.724 8.828 8.705 8.444 8.199 7.967 7.751 7.549 7.361 7.189 7.031 6.888 6.759 6.645 6.606 6.601 6.602 6.607 6.618 6.634 6.655 6.681 6.713 6.749 6.791 6.838 6.933 7.049 7.173 7.304 7.443 7.590 7.745 7.907 8.077 8.255 8.441 8.634 8.565 8.445 8.308 8.161 8.003 7.835 7.656 7.467 7.268 7.057 6.837 6.606 6.866 7.226
3.519 3.896 4.259 4.609 4.944 5.264 5.571 5.864 6.142 6.407 6.657 6.836 6.939 7.038 7.131 7.220 7.304 7.382 7.456 7.525 7.589 7.664 7.751 7.698 7.502 7.322 7.156 7.004 6.868 6.746 6.638 6.546 6.468 6.405 6.356 6.347 6.365 6.389 6.417 6.451 6.490 6.534 6.584 6.638 6.698 6.763 6.833 6.952 7.102 7.260 7.426 7.604 7.793 7.985 8.181 8.381 8.584 8.791 9.001 8.937 8.764 8.581 8.387 8.183 7.968 7.743 7.507 7.261 7.005 6.738 6.461 6.905 7.568
3.147 3.475 3.789 4.089 4.375 4.647 4.905 5.149 5.379 5.594 5.796 5.953 6.039 6.121 6.197 6.269 6.335 6.397 6.454 6.505 6.552 6.610 6.680 6.675 6.545 6.429 6.329 6.243 6.171 6.115 6.072 6.045 6.032 6.034 6.051 6.083 6.124 6.171 6.222 6.279 6.341 6.408 6.489 6.588 6.692 6.800 6.912 7.066 7.256 7.450 7.648 7.849 8.054 8.262 8.474 8.689 8.908 9.131 9.357 9.312 9.093 8.863 8.623 8.373 8.112 7.840 7.558 7.266 6.963 6.650 6.326 6.876 7.841
2.788 3.067 3.332 3.584 3.821 4.044 4.253 4.448 4.629 4.796 4.949 5.075 5.144 5.209 5.268 5.323 5.372 5.417 5.457 5.491 5.521 5.562 5.615 5.637 5.572 5.522 5.486 5.466 5.459 5.468 5.491 5.529 5.581 5.661 5.770 5.872 5.960 6.052 6.149 6.250 6.355 6.465 6.579 6.698 6.821 6.948 7.080 7.244 7.450 7.660 7.874 8.091 8.311 8.535 8.763 8.994 9.229 9.467 9.709 9.698 9.433 9.157 8.870 8.573 8.266 7.948 7.620 7.281 6.932 6.572 6.202 6.780 8.046
2.443 2.673 2.890 3.092 3.280 3.455 3.615 3.761 3.893 4.011 4.115 4.203 4.255 4.303 4.345 4.383 4.415 4.443 4.466 4.483 4.496 4.520 4.556 4.584 4.618 4.711 4.807 4.907 5.010 5.116 5.226 5.339 5.455 5.575 5.698 5.820 5.927 6.039 6.155 6.276 6.401 6.530 6.664 6.802 6.945 7.092 7.244 7.418 7.640 7.866 8.095 8.328 8.564 8.804 9.047 9.294 9.545 9.799 10.056 10.095 9.783 9.460 9.127 8.784 8.430 8.066 7.692 7.307 6.911 6.505 6.089 6.616 8.184
2.111 2.293 2.460 2.614 2.754 2.879 2.991 3.088 3.171 3.241 3.296 3.337 3.372 3.403 3.428 3.449 3.481 3.617 3.746 3.867 3.979 4.087 4.192 4.290 4.394 4.502 4.613 4.728 4.845 4.967 5.091 5.219 5.350 5.485 5.622 5.762 5.889 6.021 6.157 6.297 6.442 6.591 6.744 6.902 7.065 7.231 7.403 7.589 7.826 8.068 8.313 8.561 8.813 9.069 9.328 9.590 9.857 10.126 10.400 10.501 10.143 9.774 9.395 9.005 8.605 8.195 7.774 7.343 6.901 6.449 5.986 6.384 8.253
1.793 1.926 2.045 2.150 2.241 2.317 2.380 2.429 2.463 2.508 2.640 2.777 2.923 3.063 3.196 3.321 3.438 3.547 3.648 3.742 3.827 3.908 3.985 4.055 4.167 4.289 4.416 4.545 4.678 4.814 4.953 5.096 5.242 5.391 5.543 5.699 5.847 5.998 6.153 6.313 6.478 6.646 6.819 6.997 7.179 7.365 7.556 7.755 8.008 8.265 8.526 8.790 9.058 9.329 9.604 9.883 10.164 10.450 10.739 10.918 10.513 10.098 9.673 9.237 8.791 8.334 7.867 7.389 6.901 6.403 5.894 6.086 8.255
1.489 1.573 1.657 1.771 1.890 2.014 2.143 2.278 2.417 2.561 2.710 2.864 2.996 3.109 3.215 3.312 3.402 3.484 3.558 3.624 3.682 3.736 3.785 3.828 3.936 4.074 4.215 4.359 4.506 4.657 4.811 4.969 5.129 5.294 5.461 5.632 5.799 5.970 6.145 6.325 6.509 6.697 6.890 7.087 7.289 7.495 7.705 7.920 8.186 8.459 8.736 9.015 9.299 9.586 9.876 10.171 10.468 10.769 11.074 11.345 10.894 10.433 9.961 9.479 8.986 8.483 7.970 7.446 6.912 6.367 5.812 5.719 8.190
1.335 1.456 1.583 1.714 1.851 1.993 2.139 2.291 2.448 2.609 2.776 2.947 3.077 3.163 3.241 3.311 3.374 3.428 3.475 3.514 3.545 3.571 3.592 3.608 3.702 3.854 4.010 4.169 4.331 4.497 4.666 4.838 5.014 5.193 5.375 5.560 5.747 5.938 6.132 6.331 6.535 6.743 6.955 7.172 7.393 7.619 7.849 8.083 8.360 8.649 8.941 9.236 9.536 9.838 10.145 10.454 10.768 11.085 11.405 11.729 11.285 10.777 10.260 9.731 9.192 8.643 8.084 7.514 6.933 6.343 5.741 5.324 8.123
1.221 1.360 1.504 1.653 1.807 1.966 2.131 2.300 2.474 2.653 2.837 3.026 3.164 3.223 3.274 3.317 3.352 3.379 3.399 3.411 3.414 3.413 3.407 3.395 3.464 3.632 3.802 3.976 4.153 4.333 4.517 4.704 4.894 5.088 5.285 5.486 5.690 5.900 6.115 6.333 6.556 6.784 7.016 7.252 7.493 7.738 7.988 8.242 8.530 8.834 9.142 9.453 9.768 10.087 10.409 10.734 11.063 11.396 11.732 12.072 11.686 11.132 10.594 10.100 9.601 9.098 8.589 8.076 7.559 7.036 6.509 5.978 8.410
1.103 1.260 1.421 1.588 1.759 1.936 2.117 2.304 2.495 2.691 2.893 3.099 3.258 3.290 3.314 3.330 3.338 3.338 3.330 3.315 3.291 3.262 3.229 3.189 3.223 3.405 3.591 3.779 3.971 4.166 4.365 4.567 4.772 4.980 5.192 5.407 5.629 5.858 6.092 6.330 6.573 6.820 7.072 7.328 7.588 7.853 8.122 8.395 8.696 9.016 9.339 9.666 9.997 10.386 10.885 11.350 11.781 12.179 12.544 12.875 12.612 12.106 11.596 11.080 10.560 10.036 9.507 8.973 8.434 7.890 7.342 6.790 8.733
0.981 1.155 1.334 1.518 1.706 1.900 2.099 2.303 2.512 2.725 2.944 3.168 3.360 3.364 3.361 3.349 3.330 3.303 3.268 3.226 3.175 3.119 3.058 2.991 2.979 3.176 3.376 3.579 3.786 3.996 4.209 4.426 4.645 4.869 5.095 5.325 5.562 5.811 6.065 6.323 6.585 6.852 7.123 7.398 7.835 8.607 9.207 9.636 10.048 10.566 11.050 11.501 11.918 12.302 12.653 12.970 13.253 13.503 13.720 13.903 13.659 13.132 12.601 12.064 11.523 10.978 10.427 9.872 9.313 8.748 8.179 7.605 9.091
