DATA/SHG/ECMWF/20170628/EN-13/20170630.en-13.asc
ncols        190
nrows        64
xllcorner    -5100000.000000000000
yllcorner    4130000.000000000000
cellsize     10000.000000000000
NODATA_value  -99999.000
[rows 32 to 63 of 64, columns 73 to 145 of 190]
0.771 1.346 1.904 2.443 2.965 3.469 3.955 4.424 4.874 5.307 5.722 6.119 6.475 6.729 7.027 7.369 7.755 8.184 8.658 9.176 9.738 10.336 10.964 11.627 12.218 12.464 12.718 12.982 13.254 13.535 13.825 14.124 14.431 14.748 15.073 15.407 15.390 14.669 13.902 13.087 12.226 11.317 10.362 9.360 8.376 7.517 6.588 5.589 6.657 10.088 13.482 16.839 20.159 23.441 26.686 29.894 33.064 36.198 39.294 42.352 42.299 40.124 37.958 35.802 33.655 31.518 29.390 27.271 25.162 23.062 20.972 18.891 18.127
0.642 1.152 1.648 2.126 2.586 3.029 3.453 3.860 4.249 4.620 4.973 5.309 5.630 6.036 6.487 6.982 7.520 8.102 8.729 9.399 10.113 10.865 11.647 12.463 13.256 13.540 13.834 14.136 14.448 14.768 15.097 15.435 15.781 16.137 16.501 16.954 17.387 16.776 16.095 15.344 14.525 13.635 12.676 11.648 10.550 9.383 8.146 6.839 7.114 10.381 13.612 16.805 19.961 23.079 26.161 29.205 32.212 35.181 38.114 41.009 41.486 39.352 37.227 35.112 33.006 30.910 28.823 26.745 24.677 22.618 20.569 18.529 17.492
0.645 0.975 1.409 1.826 2.224 2.605 2.968 3.313 3.641 3.950 4.242 4.516 4.773 5.305 5.908 6.555 7.246 7.981 8.759 9.582 10.448 11.353 12.289 13.260 14.265 14.606 15.010 15.696 16.391 17.095 17.807 18.529 19.260 19.999 20.748 21.505 22.098 21.178 20.189 19.131 18.003 16.805 15.538 14.202 12.796 11.320 9.775 8.161 7.609 10.713 13.779 16.809 19.801 22.756 25.674 28.554 31.398 34.204 36.973 39.705 40.664 38.571 36.487 34.413 32.349 30.293 28.247 26.211 24.184 22.166 20.158 18.159 16.890
0.654 0.815 1.188 1.542 1.879 2.199 2.500 2.784 3.050 3.298 3.528 3.741 3.936 4.534 5.289 6.089 6.932 7.819 8.934 10.365 11.832 13.282 14.710 16.166 17.651 18.477 19.193 19.918 20.652 21.395 22.147 22.908 23.677 24.456 25.244 26.041 26.846 25.651 24.354 22.988 21.552 20.046 18.471 16.827 15.113 13.330 11.477 9.555 8.142 11.082 13.985 16.851 19.680 22.471 25.225 27.943 30.622 33.265 35.871 38.439 39.834 37.782 35.740 33.707 31.683 29.669 27.664 25.668 23.682 21.705 19.738 17.780 16.319
0.669 0.671 0.983 1.276 1.551 1.809 2.049 2.271 2.476 2.662 2.831 3.222 3.835 4.905 6.280 7.691 9.138 10.622 12.142 13.698 15.290 16.866 18.421 20.004 21.615 22.605 23.360 24.124 24.898 25.680 26.471 27.271 28.080 28.898 29.725 30.560 31.405 30.195 28.589 26.915 25.171 23.358 21.475 19.523 17.502 15.411 13.251 11.022 8.723 11.489 14.229 16.931 19.597 22.225 24.816 27.370 29.886 32.366 34.808 37.213 38.996 36.985 34.984 32.992 31.009 29.035 27.072 25.117 23.172 21.236 19.309 17.392 15.781
0.689 0.545 0.794 1.026 1.619 2.493 3.294 4.020 4.672 5.250 5.754 6.184 6.540 7.449 8.949 10.486 12.058 13.667 15.312 16.993 18.711 20.413 22.094 23.804 25.543 26.717 27.512 28.315 29.128 29.949 30.779 31.619 32.467 33.324 34.190 35.065 35.949 34.808 32.895 30.913 28.862 26.741 24.551 22.291 19.962 17.564 15.097 12.560 9.954 11.935 14.511 17.050 19.552 22.017 24.445 26.835 29.189 31.505 33.784 36.026 38.150 36.180 34.220 32.268 30.327 28.394 26.471 24.557 22.653 20.758 18.873 16.997 15.275
3.488 4.151 4.990 5.755 6.446 7.063 7.606 8.075 8.469 8.790 9.037 9.210 9.309 9.956 11.582 13.243 14.941 16.675 18.446 20.252 22.095 23.923 25.731 27.567 29.432 30.815 31.648 32.491 33.343 34.203 35.073 35.951 36.838 37.734 38.640 39.554 40.477 39.491 37.271 34.981 32.622 30.194 27.697 25.130 22.494 19.789 17.014 14.171 11.257 12.418 14.831 17.207 19.546 21.847 24.112 26.339 28.530 30.683 32.799 34.878 36.920 35.367 33.447 31.537 29.636 27.745 25.862 23.990 22.126 20.272 18.428 16.592 14.802
8.868 9.812 10.394 10.901 11.335 11.695 11.981 12.193 12.330 12.394 12.384 12.300 12.142 12.427 14.178 15.965 17.788 19.647 21.542 23.474 25.442 27.396 29.330 31.293 33.285 34.897 35.770 36.652 37.542 38.442 39.350 40.268 41.194 42.130 43.074 44.027 44.989 44.244 41.717 39.120 36.454 33.719 30.914 28.041 25.098 22.085 19.004 15.853 12.633 12.939 15.189 17.402 19.578 21.716 23.818 25.882 27.910 29.900 31.853 33.769 35.649 34.545 32.667 30.797 28.937 27.037 25.055 23.126 21.249 19.425 17.654 15.936 14.271
14.116 15.536 15.860 16.111 16.288 16.390 16.419 16.374 16.255 16.062 15.795 15.454 15.040 14.861 16.737 18.649 20.598 22.582 24.602 26.659 28.752 30.832 32.892 34.982 37.100 38.964 39.876 40.797 41.727 42.665 43.613 44.570 45.535 46.509 47.493 48.485 49.486 49.067 46.233 43.329 40.356 37.314 34.203 31.022 27.772 24.453 21.065 17.607 14.081 13.498 15.585 17.635 19.648 21.624 23.562 25.464 27.319 29.039 30.616 32.048 33.337 32.367 30.406 28.498 26.643 24.841 23.091 21.394 19.750 18.158 16.620 15.134 13.701
19.230 21.193 21.389 21.383 21.303 21.148 20.920 20.619 20.243 19.793 19.270 18.673 18.001 17.259 19.260 21.298 23.371 25.480 27.626 29.807 32.025 34.230 36.418 38.634 40.878 43.016 43.967 44.927 45.896 46.874 47.860 48.856 49.860 50.874 51.896 52.928 53.968 53.960 50.819 47.608 44.329 40.980 37.562 34.074 30.518 26.892 23.198 19.459 15.932 14.826 16.920 18.869 20.675 22.337 23.855 25.229 26.460 27.546 28.489 29.288 29.943 29.191 27.463 25.787 24.164 22.594 21.076 19.612 18.200 16.841 15.534 14.280 13.079
24.212 26.638 26.981 26.717 26.380 25.970 25.485 24.927 24.294 23.588 22.808 21.955 21.027 20.026 21.747 23.909 26.107 28.342 30.612 32.918 35.261 37.592 39.906 42.248 44.619 47.018 48.043 49.042 50.050 51.066 52.092 53.127 54.171 55.223 56.285 57.355 58.434 58.923 55.372 51.000 46.811 42.806 38.985 35.348 31.894 28.624 25.539 22.637 19.918 18.551 20.010 21.326 22.498 23.527 24.411 25.152 25.750 26.203 26.513 26.679 26.701 25.966 24.470 23.026 21.635 20.297 19.012 17.779 16.599 15.472 14.397 13.376 12.406
29.062 31.950 32.634 32.114 31.521 30.854 30.112 29.298 28.409 27.447 26.410 25.301 24.117 22.859 24.198 26.485 28.808 31.167 33.562 35.993 38.460 40.917 43.357 45.825 48.322 50.848 52.103 53.141 54.188 55.192 55.207 55.205 55.188 55.154 55.104 55.037 54.955 54.812 51.066 47.503 44.125 40.929 37.918 35.090 32.446 29.986 27.709 25.616 23.707 22.422 23.248 23.931 24.470 24.865 25.116 25.224 25.189 25.010 24.687 24.220 23.610 22.691 21.427 20.215 19.056 17.950 16.897 15.896 14.948 14.053 13.210 12.420 11.683
33.779 37.129 38.350 37.574 36.724 35.800 34.803 33.732 32.587 31.369 30.076 28.710 27.271 25.757 26.612 29.024 31.471 33.955 36.475 39.031 41.623 43.390 45.062 46.680 48.245 49.756 50.166 50.159 50.135 50.095 50.039 49.967 49.878 49.773 49.652 49.515 49.361 49.192 46.567 43.814 41.244 38.858 36.656 34.637 32.802 31.150 29.682 28.398 27.297 26.439 26.633 26.682 26.588 26.351 25.970 25.445 24.777 23.966 23.010 21.912 20.669 19.366 18.334 17.354 16.427 15.553 14.732 13.963 13.246 12.583 11.972 11.413 10.908
38.364 42.177 44.128 43.096 41.990 40.810 39.556 38.229 36.828 35.354 33.806 32.184 30.488 28.719 28.367 30.139 31.844 33.481 35.051 36.553 37.989 39.421 40.858 42.242 43.573 44.850 45.306 45.228 45.133 45.022 44.895 44.752 44.593 44.417 44.225 44.017 43.793 43.552 41.875 39.931 38.170 36.593 35.199 33.989 32.962 32.119 31.459 30.982 30.690 30.580 30.164 29.581 28.855 27.985 26.972 25.815 24.515 23.071 21.484 19.753 17.879 15.992 15.191 14.444 13.749 13.106 12.516 11.979 11.494 11.062 10.683 10.356 10.081
42.818 47.092 49.969 48.680 47.318 45.882 44.373 41.909 39.432 36.959 34.490 32.026 29.565 27.108 26.084 27.624 29.097 30.503 31.841 33.113 34.317 35.516 36.719 37.869 38.966 40.010 40.470 40.321 40.155 39.974 39.776 39.562 39.331 39.085 38.822 38.543 38.248 37.937 36.990 35.855 34.902 34.133 33.547 33.145 32.926 32.891 33.039 33.370 33.885 34.583 33.842 32.627 31.268 29.766 28.121 26.333 24.401 22.325 20.107 17.745 15.239 12.591 11.999 11.483 11.020 10.609 10.250 9.945 9.691 9.491 9.343 9.247 9.204
46.190 49.809 52.551 50.068 47.588 45.113 42.641 40.174 37.711 35.251 32.796 30.344 27.897 25.453 23.864 25.173 26.414 27.589 28.696 29.736 30.709 31.675 32.645 33.561 34.424 35.234 35.658 35.438 35.201 34.949 34.680 34.395 34.094 33.777 33.444 33.094 32.728 32.346 31.913 31.585 31.441 31.479 31.701 32.107 32.695 33.467 34.422 35.560 36.882 38.387 37.666 35.819 33.829 31.695 29.419 26.999 24.436 21.729 18.879 15.886 12.750 9.470 8.758 8.473 8.241 8.061 7.934 7.860 7.838 7.869 7.952 8.088 8.276
44.001 47.413 50.748 48.278 45.812 43.350 40.892 38.438 35.988 33.542 31.100 28.661 26.227 23.797 21.707 22.785 23.795 24.739 25.615 26.424 27.166 27.899 28.635 29.318 29.947 30.523 30.869 30.579 30.271 29.948 29.609 29.253 28.881 28.493 28.089 27.669 27.232 26.779 26.644 27.123 27.786 28.632 29.661 30.873 32.269 33.847 35.609 37.554 39.682 41.994 41.636 39.158 36.537 33.772 30.864 27.813 24.619 21.282 17.801 14.177 10.410 6.500 5.467 5.413 5.412 5.464 5.568 5.725 5.935 6.254 6.706 7.129 7.522
41.871 45.075 48.219 46.487 44.035 41.586 39.141 36.701 34.264 31.831 29.403 26.978 24.557 22.140 19.727 20.461 21.240 21.952 22.597 23.175 23.686 24.188 24.690 25.139 25.535 25.878 26.105 25.743 25.365 24.971 24.561 24.135 23.692 23.234 22.759 22.268 21.760 21.237 21.182 22.468 23.938 25.591 27.426 29.445 31.647 34.032 36.600 39.351 42.285 45.403 45.753 42.644 39.391 35.996 32.457 28.776 24.951 20.983 16.872 12.618 8.296 4.250 3.190 3.719 4.219 4.689 5.129 5.540 5.922 6.274 6.596 6.889 7.152
39.799 42.796 45.733 44.695 42.256 39.821 37.390 34.962 32.539 30.120 27.704 25.293 22.886 20.482 18.083 18.200 18.748 19.230 19.644 19.991 20.271 20.541 20.809 21.025 21.187 21.297 21.353 20.932 20.483 20.018 19.538 19.040 18.527 17.998 17.452 16.891 16.313 15.719 15.528 17.621 19.897 22.356 24.998 27.823 30.831 34.022 37.395 40.952 44.692 48.614 50.016 46.214 41.887 37.621 33.416 29.271 25.187 21.163 17.200 13.297 9.455 5.674 4.148 4.547 4.917 5.257 5.568 5.849 6.101 6.323 6.515 6.678 6.812
37.785 40.575 43.305 42.903 40.477 38.055 35.637 33.223 30.813 28.407 26.005 23.607 21.213 18.823 16.437 16.003 16.320 16.571 16.754 16.871 16.920 16.958 16.993 16.975 16.905 16.781 16.604 16.144 15.625 15.089 14.538 13.970 13.386 12.786 12.170 11.538 10.889 10.224 9.682 12.581 15.663 18.928 22.380 26.084 29.743 33.358 36.929 40.455 43.937 47.375 49.048 44.926 40.864 36.863 32.923 29.043 25.224 21.465 17.767 14.129 10.552 7.035 5.134 5.404 5.644 5.855 6.035 6.187 6.309 6.401 6.464 6.497 6.501
35.830 38.413 40.936 41.109 38.696 36.288 33.883 31.483 29.086 26.693 24.305 21.920 19.539 17.163 14.790 13.869 13.956 13.976 13.928 13.814 13.633 13.439 13.241 12.990 12.686 12.329 11.919 11.380 10.790 10.184 9.562 8.923 8.269 7.598 7.480 7.402 7.329 7.262 7.199 10.578 14.221 17.819 21.374 24.884 28.350 31.771 35.148 38.481 41.770 45.014 47.434 43.577 39.780 36.044 32.369 28.754 25.199 21.705 18.272 14.899 11.586 8.334 6.150 6.290 6.400 6.481 6.532 6.554 6.546 6.509 6.442 6.346 6.220
33.933 36.310 38.626 39.314 36.915 34.520 32.128 29.741 27.358 24.979 22.603 20.232 17.865 15.501 13.142 11.798 11.654 11.444 11.166 10.822 10.410 9.984 9.553 9.069 8.533 8.364 8.253 8.148 8.056 7.969 7.888 7.811 7.741 7.675 7.615 7.560 7.511 7.467 7.428 10.200 13.649 17.054 20.415 23.732 27.004 30.232 33.416 36.556 39.651 42.702 45.709 42.167 38.635 35.164 31.753 28.403 25.113 21.883 18.714 15.606 12.558 9.570 7.194 7.205 7.185 7.136 7.058 6.950 6.813 6.646 6.450 6.224 5.969
32.095 34.264 36.374 37.518 35.132 32.750 30.372 27.999 25.629 23.263 20.901 18.543 16.189 13.839 11.492 9.790 9.416 9.229 9.153 9.068 8.974 8.869 8.754 8.633 8.504 8.368 8.225 8.113 8.044 7.981 7.923 7.870 7.823 7.781 7.744 7.713 7.686 7.666 7.650 9.870 13.125 16.337 19.505 22.628 25.707 28.742 31.732 34.678 37.581 40.438 43.252 40.696 37.429 34.222 31.076 27.990 24.965 22.000 19.095 16.251 13.467 10.744 8.268 8.148 7.999 7.821 7.613 7.376 7.109 6.813 6.487 6.131 5.747
30.314 32.277 34.180 35.721 33.348 30.980 28.615 26.255 23.898 21.546 19.345 17.250 15.202 13.200 11.243 9.674 9.585 9.488 9.381 9.265 9.141 9.005 8.859 8.706 8.546 8.380 8.206 8.072 8.027 7.987 7.952 7.923 7.899 7.880 7.867 7.859 7.856 7.859 7.867 9.587 12.649 15.668 18.642 21.572 24.458 27.299 30.097 32.850 35.559 38.223 40.844 39.164 36.161 33.219 30.337 27.516 24.755 22.054 19.414 16.834 14.314 11.855 9.456 9.121 8.842 8.534 8.197 7.830 7.434 7.008 6.553 6.068 5.554
28.592 30.349 32.045 33.729 31.712 29.500 27.335 25.215 23.140 21.112 19.130 17.193 15.303 13.458 11.659 10.002 9.882 9.754 9.616 9.470 9.315 9.148 8.971 8.788 8.597 8.399 8.194 8.025 8.003 7.987 7.975 7.970 7.969 7.974 7.984 7.999 8.020 8.046 8.077 9.351 12.220 15.046 17.827 20.564 23.256 25.905 28.509 31.069 33.585 36.057 38.484 37.571 34.833 32.155 29.538 26.980 24.483 22.047 19.671 17.355 15.099 12.904 10.769 10.122 9.714 9.277 8.810 8.314 7.788 7.233 6.649 6.035 5.391
26.934 28.603 30.254 31.886 30.510 28.456 26.448 24.486 22.569 20.698 18.874 17.095 15.361 13.674 12.033 10.437 10.187 10.028 9.860 9.683 9.497 9.299 9.092 8.877 8.655 8.426 8.191 7.972 7.974 7.981 7.993 8.010 8.033 8.061 8.095 8.133 8.178 8.227 8.282 9.163 11.839 14.471 17.059 19.603 22.103 24.558 26.970 29.337 31.660 33.939 36.174 35.918 33.444 31.030 28.676 26.383 24.150 21.978 19.866 17.814 15.822 13.891 12.020 11.152 10.615 10.048 9.452 8.827 8.172 7.488 6.774 6.031 5.258
25.304 26.909 28.495 30.062 29.267 27.371 25.520 23.715 21.956 20.243 18.576 16.954 15.379 13.849 12.365 10.926 10.500 10.310 10.111 9.903 9.687 9.458 9.220 8.974 8.721 8.462 8.195 7.921 7.939 7.969 8.004 8.045 8.091 8.143 8.200 8.262 8.329 8.402 8.480 9.022 11.505 13.944 16.340 18.690 20.997 23.260 25.478 27.653 29.783 31.869 33.911 34.204 31.994 29.844 27.754 25.725 23.756 21.847 19.999 18.211 16.483 14.815 13.208 12.211 11.545 10.821 10.035 9.297 8.607 7.963 7.368 6.819 6.318
23.693 25.233 26.755 28.258 27.983 26.244 24.551 22.904 21.303 19.747 18.237 16.773 15.354 13.982 12.655 11.374 10.820 10.599 10.370 10.132 9.884 9.625 9.356 9.079 8.795 8.505 8.207 7.902 7.898 7.951 8.010 8.074 8.144 8.219 8.299 8.384 8.475 8.571 8.673 8.928 11.219 13.465 15.667 17.826 19.940 22.009 24.035 26.017 27.954 29.848 31.697 32.429 30.482 28.596 26.771 25.005 23.278 21.469 19.703 17.981 16.303 14.669 13.079 11.947 11.275 10.649 10.071 9.540 9.056 8.620 8.231 7.889 7.595
22.101 23.577 25.034 26.473 26.659 25.077 23.542 22.052 20.607 19.209 17.856 16.550 15.288 14.073 12.903 11.780 11.148 10.896 10.636 10.368 10.090 9.800 9.499 9.192 8.877 8.556 8.227 7.891 7.851 7.927 8.010 8.097 8.190 8.288 8.392 8.501 8.615 8.734 8.859 8.989 10.980 13.033 15.043 17.008 18.930 20.807 22.640 24.427 26.062 27.652 29.196 30.137 28.300 26.507 24.758 23.053 21.391 19.774 18.200 16.670 15.184 13.742 12.343 11.315 10.849 10.430 10.059 9.735 9.458 9.229 9.047 8.912 8.824
20.529 21.940 23.333 24.707 25.293 23.869 22.491 21.158 19.871 18.630 17.435 16.285 15.181 14.123 13.110 12.144 11.483 11.201 10.911 10.611 10.303 9.982 9.651 9.312 8.967 8.614 8.255 7.888 7.798 7.898 8.004 8.114 8.231 8.352 8.479 8.611 8.749 8.891 9.040 9.101 10.592 12.348 14.058 15.722 17.341 18.914 20.441 21.922 23.358 24.748 26.092 27.248 25.603 24.002 22.444 20.931 19.461 18.035 16.653 15.315 14.021 12.770 11.564 10.635 10.376 10.164 10.000 9.882 9.812 9.790 9.814 9.886 10.005
18.976 20.323 21.651 22.961 23.887 22.620 21.399 20.224 19.094 18.010 16.972 15.979 15.032 14.131 13.276 12.466 11.826 11.514 11.193 10.863 10.524 10.173 9.810 9.441 9.065 8.681 8.291 7.893 7.739 7.863 7.958 8.039 8.113 8.178 8.236 8.287 8.329 8.364 8.391 8.411 9.536 11.092 12.603 14.067 15.486 16.860 18.187 19.469 20.705 21.895 23.040 24.139 22.863 21.454 20.088 18.766 17.488 16.254 15.064 13.917 12.815 11.756 10.741 9.907 9.855 9.850 9.893 9.982 10.119 10.303 10.534 10.813 11.138
17.442 18.724 19.989 21.234 22.440 21.330 20.266 19.248 18.275 17.349 16.467 15.632 14.842 14.098 13.399 12.746 12.177 11.835 11.483 11.122 10.753 10.316 9.858 9.409 8.969 8.538 8.115 7.702 7.462 7.524 7.579 7.627 7.666 7.698 7.723 7.739 7.748 7.750 7.743 7.729 8.531 9.887 11.198 12.463 13.682 14.856 15.984 17.066 18.103 19.094 20.039 20.938 20.080 18.863 17.689 16.559 15.473 14.430 13.431 12.476 11.565 10.698 9.874 9.133 9.288 9.489 9.738 10.035 10.378 10.768 11.206 11.691 12.223
