DATA/SHG/ECMWF/20170628/EN-13/20170629.en-13.asc
ncols        190
nrows        64
xllcorner    -5100000.000000000000
yllcorner    4130000.000000000000
cellsize     10000.000000000000
NODATA_value  -99999.000
[rows 0 to 32 of 64, columns 73 to 145 of 190]
5.894 6.212 6.533 6.856 7.182 7.511 7.842 8.176 8.303 7.855 7.364 6.887 6.423 5.973 5.536 5.113 4.704 4.308 3.926 3.557 3.345 3.619 3.891 4.163 4.434 4.703 4.971 5.238 5.503 5.768 6.031 6.293 6.622 7.162 7.685 8.191 8.679 9.150 9.603 10.039 10.458 10.859 11.243 11.609 11.749 11.247 10.763 10.296 9.848 9.417 9.005 8.610 8.233 7.875 7.534 7.211 6.975 6.951 6.930 6.912 6.896 6.883 6.874 6.867 6.863 6.861 6.863 6.867 6.836 6.695 6.553 6.409 6.264
6.350 6.678 6.898 7.084 7.265 7.442 7.614 7.782 7.834 7.377 6.934 6.504 6.088 5.685 5.296 4.920 4.558 4.209 3.874 3.553 3.304 3.572 3.840 4.106 4.371 4.635 4.897 5.159 5.419 5.678 5.936 6.192 6.472 6.935 7.380 7.808 8.219 8.612 8.988 9.347 9.688 10.012 10.318 10.607 10.791 10.369 9.964 9.578 9.210 8.860 8.527 8.213 7.916 7.637 7.377 7.134 6.938 6.926 6.918 6.912 6.909 6.909 6.912 6.918 6.927 6.938 6.953 6.970 6.964 6.817 6.667 6.516 6.363
6.019 6.198 6.373 6.543 6.708 6.869 7.025 7.177 7.297 6.888 6.492 6.109 5.741 5.385 5.043 4.715 4.400 4.098 3.811 3.536 3.275 3.527 3.789 4.050 4.310 4.568 4.825 5.081 5.336 5.590 5.842 6.093 6.343 6.727 7.095 7.446 7.779 8.095 8.393 8.674 8.938 9.184 9.413 9.625 9.814 9.473 9.149 8.842 8.554 8.284 8.032 7.797 7.581 7.382 7.201 7.038 6.897 6.898 6.903 6.910 6.920 6.933 6.948 6.967 6.988 7.012 7.040 7.069 7.135 7.078 7.040 7.022 7.023
5.531 5.694 5.853 6.007 6.156 6.301 6.442 6.577 6.709 6.387 6.039 5.703 5.382 5.073 4.779 4.498 4.230 3.976 3.735 3.508 3.294 3.483 3.740 3.996 4.250 4.503 4.755 5.005 5.255 5.503 5.750 5.996 6.240 6.539 6.829 7.102 7.358 7.596 7.817 8.021 8.207 8.376 8.528 8.662 8.779 8.559 8.315 8.089 7.881 7.690 7.518 7.363 7.227 7.108 7.007 6.925 6.860 6.868 6.885 6.981 7.141 7.289 7.425 7.550 7.664 7.766 7.856 7.934 8.001 8.033 8.081 8.148 8.235
5.047 5.195 5.337 5.476 5.609 5.738 5.863 5.983 6.098 5.875 5.573 5.285 5.011 4.750 4.503 4.269 4.048 3.841 3.648 3.468 3.301 3.441 3.693 3.943 4.192 4.439 4.686 4.931 5.175 5.418 5.659 5.900 6.139 6.370 6.583 6.778 6.957 7.118 7.261 7.388 7.497 7.589 7.663 7.720 7.760 7.627 7.463 7.317 7.189 7.079 7.082 7.180 7.294 7.424 7.572 7.735 7.916 8.067 8.198 8.318 8.426 8.522 8.607 8.680 8.741 8.791 8.829 8.856 8.871 8.967 9.101 9.253 9.425
4.569 4.700 4.827 4.950 5.067 5.181 5.289 5.393 5.493 5.351 5.097 4.856 4.629 4.415 4.215 4.028 3.854 3.694 3.548 3.415 3.296 3.400 3.646 3.891 4.135 4.377 4.618 4.858 5.096 5.334 5.570 5.805 6.039 6.220 6.355 6.474 6.575 6.658 6.725 6.774 6.806 6.909 7.068 7.227 7.386 7.490 7.579 7.684 7.806 7.944 8.099 8.270 8.458 8.662 8.882 9.120 9.373 9.518 9.597 9.665 9.721 9.765 9.798 9.819 9.829 9.826 9.813 9.787 9.751 9.881 10.100 10.338 10.595
4.095 4.211 4.322 4.428 4.530 4.628 4.721 4.809 4.893 4.815 4.608 4.415 4.235 4.068 3.915 3.775 3.649 3.536 3.437 3.351 3.278 3.361 3.601 3.841 4.079 4.316 4.551 4.786 5.019 5.251 5.482 5.712 5.987 6.216 6.375 6.534 6.693 6.852 7.011 7.170 7.329 7.488 7.648 7.807 7.966 8.121 8.283 8.462 8.657 8.868 9.097 9.341 9.602 9.880 10.174 10.485 10.812 10.979 11.006 11.022 11.026 11.019 10.999 10.969 10.926 10.872 10.807 10.730 10.641 10.774 11.079 11.402 11.745
3.626 3.726 3.821 3.912 3.998 4.080 4.157 4.230 4.298 4.268 4.108 3.962 3.829 3.709 3.603 3.510 3.431 3.366 3.313 3.274 3.249 3.323 3.558 3.826 4.110 4.399 4.692 4.989 5.290 5.595 5.904 6.217 6.534 6.792 6.951 7.110 7.270 7.429 7.588 7.748 7.907 8.067 8.226 8.386 8.546 8.733 8.968 9.220 9.489 9.774 10.076 10.394 10.728 11.079 11.447 11.831 12.231 12.450 12.426 12.389 12.341 12.282 12.211 12.128 12.034 11.928 11.811 11.682 11.541 11.647 12.037 12.446 12.874
3.162 3.247 3.326 3.401 3.471 3.537 3.599 3.655 3.707 3.710 3.597 3.497 3.411 3.339 3.280 3.253 3.304 3.355 3.407 3.458 3.509 3.612 3.907 4.206 4.509 4.816 5.126 5.441 5.760 6.083 6.410 6.741 7.076 7.367 7.527 7.686 7.846 8.005 8.165 8.325 8.484 8.644 8.804 8.964 9.124 9.326 9.635 9.961 10.303 10.661 11.036 11.428 11.836 12.260 12.701 13.158 13.632 13.931 13.854 13.766 13.667 13.555 13.433 13.298 13.152 12.995 12.826 12.645 12.453 12.500 12.975 13.469 13.982
2.704 2.772 2.836 2.895 2.949 2.999 3.045 3.086 3.166 3.314 3.365 3.416 3.467 3.518 3.569 3.621 3.672 3.723 3.775 3.827 3.878 3.952 4.264 4.581 4.902 5.227 5.556 5.888 6.225 6.566 6.911 7.260 7.613 7.941 8.101 8.261 8.421 8.581 8.741 8.901 9.061 9.221 9.381 9.541 9.702 9.901 10.284 10.683 11.098 11.530 11.978 12.443 12.924 13.421 13.936 14.466 15.013 15.422 15.293 15.154 15.002 14.839 14.664 14.478 14.281 14.071 13.850 13.618 13.374 13.332 13.892 14.471 15.069
2.250 2.370 2.568 2.757 2.935 3.104 3.263 3.412 3.551 3.680 3.731 3.782 3.833 3.885 3.936 3.988 4.039 4.091 4.143 4.194 4.246 4.293 4.617 4.951 5.290 5.633 5.980 6.330 6.685 7.044 7.407 7.774 8.144 8.515 8.675 8.835 8.995 9.155 9.315 9.476 9.636 9.797 9.957 10.118 10.279 10.458 10.914 11.386 11.875 12.380 12.901 13.439 13.993 14.564 15.151 15.755 16.375 16.922 16.742 16.551 16.347 16.133 15.906 15.668 15.419 15.158 14.885 14.601 14.306 14.144 14.789 15.453 16.136
2.831 3.004 3.168 3.322 3.466 3.601 3.725 3.840 3.945 4.041 4.096 4.148 4.199 4.251 4.302 4.354 4.406 4.458 4.510 4.562 4.614 4.660 4.964 5.316 5.673 6.034 6.398 6.767 7.140 7.516 7.897 8.282 8.671 9.063 9.247 9.408 9.568 9.729 9.889 10.050 10.211 10.371 10.532 10.693 10.854 11.015 11.525 12.071 12.633 13.211 13.805 14.417 15.044 15.688 16.348 17.025 17.718 18.428 18.201 17.958 17.703 17.436 17.158 16.869 16.568 16.255 15.931 15.595 15.299 15.142 15.971 16.785 17.584
3.507 3.647 3.776 3.896 4.006 4.106 4.196 4.277 4.348 4.409 4.461 4.513 4.564 4.616 4.668 4.720 4.772 4.824 4.876 4.928 4.981 5.028 5.306 5.676 6.051 6.429 6.812 7.199 7.589 7.984 8.382 8.785 9.192 9.602 9.819 9.980 10.140 10.301 10.462 10.623 10.784 10.945 11.106 11.268 11.429 11.590 12.118 12.737 13.372 14.023 14.691 15.375 16.076 16.793 17.527 18.276 19.043 19.825 19.670 19.276 18.814 18.408 18.061 17.771 17.540 17.366 17.249 17.191 17.190 17.247 17.963 18.710 19.442
4.192 4.297 4.392 4.478 4.554 4.620 4.676 4.722 4.759 4.785 4.825 4.877 4.929 4.981 5.033 5.085 5.137 5.190 5.242 5.295 5.347 5.394 5.642 6.031 6.423 6.820 7.220 7.625 8.033 8.446 8.862 9.283 9.707 10.136 10.390 10.551 10.712 10.873 11.034 11.195 11.357 11.518 11.680 11.841 12.003 12.165 12.693 13.385 14.093 14.817 15.471 16.030 16.579 17.119 17.650 18.172 18.684 19.187 19.062 18.798 18.592 18.444 18.353 18.320 18.345 18.427 18.568 18.766 19.022 19.335 19.967 20.647 21.312
4.885 4.956 5.017 5.068 5.110 5.141 5.163 5.176 5.178 5.171 5.189 5.241 5.293 5.345 5.398 5.450 5.502 5.555 5.607 5.660 5.713 5.760 5.974 6.381 6.791 7.205 7.624 8.046 8.473 8.903 9.337 9.776 10.218 10.664 10.960 11.121 11.282 11.444 11.605 11.767 11.928 12.025 12.062 12.103 12.149 12.198 12.553 13.108 13.654 14.190 14.717 15.234 15.743 16.242 16.732 17.212 17.683 18.145 18.268 18.261 18.312 18.420 18.586 18.809 19.091 19.430 19.826 20.281 20.793 21.363 21.983 22.597 23.195
5.586 5.623 5.650 5.667 5.674 5.672 5.659 5.637 5.606 5.564 5.552 5.604 5.657 5.709 5.761 5.814 5.867 5.919 5.972 6.025 6.078 6.126 6.301 6.725 7.153 7.586 8.022 8.462 8.906 9.355 9.807 10.263 10.651 10.972 11.167 11.194 11.224 11.259 11.298 11.341 11.388 11.440 11.495 11.556 11.620 11.688 11.973 12.487 12.992 13.487 13.973 14.449 14.917 15.375 15.824 16.263 16.694 17.115 17.417 17.666 17.973 18.337 18.760 19.239 19.777 20.372 21.025 21.735 22.504 23.329 24.011 24.558 25.090
6.296 6.298 6.291 6.274 6.247 6.210 6.164 6.108 6.042 5.966 5.914 5.967 6.019 6.072 6.125 6.178 6.230 6.283 6.336 6.390 6.443 6.490 6.623 7.015 7.364 7.707 8.044 8.375 8.699 9.018 9.330 9.636 9.935 10.229 10.445 10.490 10.540 10.593 10.651 10.713 10.779 10.850 10.925 11.004 11.087 11.175 11.404 11.877 12.340 12.795 13.240 13.675 14.102 14.519 14.927 15.326 15.715 16.095 16.507 17.012 17.575 18.196 18.874 19.610 20.404 21.255 22.164 23.130 24.154 25.236 26.052 26.532 26.997
7.013 6.982 6.940 6.889 6.828 6.757 6.677 6.586 6.486 6.377 6.276 6.329 6.382 6.434 6.487 6.537 6.540 6.524 6.489 6.436 6.364 6.278 6.226 6.554 6.876 7.191 7.501 7.804 8.101 8.392 8.676 8.955 9.227 9.493 9.719 9.783 9.851 9.924 10.001 10.082 10.167 10.257 10.350 10.448 10.550 10.657 10.845 11.277 11.700 12.113 12.517 12.912 13.297 13.674 14.041 14.398 14.747 15.086 15.539 16.300 17.119 17.996 18.930 19.922 20.972 22.079 23.243 24.465 25.745 27.082 28.104 28.517 28.916
7.739 7.673 7.598 7.512 7.417 7.312 7.198 7.073 6.935 6.784 6.657 6.684 6.696 6.689 6.664 6.621 6.558 6.478 6.378 6.260 6.124 5.973 5.811 6.101 6.395 6.683 6.965 7.241 7.510 7.773 8.030 8.281 8.526 8.764 8.989 9.072 9.160 9.251 9.347 9.447 9.551 9.659 9.772 9.889 10.010 10.135 10.297 10.688 11.069 11.442 11.805 12.159 12.504 12.839 13.165 13.482 13.790 14.088 14.512 15.530 16.605 17.737 18.927 20.175 21.480 22.843 24.263 25.740 27.276 28.868 30.168 30.515 30.847
8.473 8.334 8.103 7.894 7.709 7.547 7.407 7.290 7.197 7.126 7.078 7.042 6.990 6.919 6.829 6.720 6.594 6.448 6.284 6.102 5.901 5.685 5.458 5.655 5.922 6.182 6.437 6.685 6.927 7.163 7.392 7.616 7.833 8.044 8.249 8.358 8.464 8.575 8.689 8.808 8.931 9.058 9.190 9.326 9.466 9.610 9.759 10.109 10.450 10.781 11.104 11.417 11.720 12.015 12.300 12.576 12.843 13.101 13.428 14.702 16.032 17.420 18.866 20.369 21.929 23.547 25.223 26.956 28.746 30.594 32.245 32.525 32.791
8.190 8.016 7.865 7.736 7.630 7.548 7.488 7.451 7.437 7.446 7.477 7.417 7.300 7.164 7.010 6.837 6.646 6.436 6.207 5.960 5.695 5.414 5.122 5.217 5.456 5.689 5.916 6.137 6.351 6.560 6.762 6.958 7.147 7.331 7.508 7.640 7.765 7.894 8.028 8.166 8.308 8.454 8.604 8.759 8.918 9.081 9.248 9.541 9.841 10.131 10.413 10.685 10.948 11.202 11.446 11.681 11.907 12.124 12.332 13.815 15.401 17.045 18.746 20.504 22.320 24.193 26.124 28.112 30.157 32.244 34.212 34.384 34.574
7.771 7.677 7.605 7.556 7.531 7.528 7.547 7.590 7.656 7.744 7.855 7.809 7.627 7.427 7.208 6.970 6.714 6.440 6.147 5.835 5.505 5.160 4.802 4.786 4.998 5.203 5.403 5.596 5.783 5.964 6.139 6.308 6.470 6.626 6.776 6.918 7.062 7.210 7.363 7.519 7.680 7.845 8.015 8.188 8.366 8.548 8.734 8.983 9.242 9.492 9.732 9.964 10.186 10.399 10.603 10.797 10.982 11.158 11.325 12.870 14.875 17.108 19.301 21.455 23.569 25.644 27.680 29.676 31.633 33.550 35.428 35.792 36.069
7.332 7.317 7.325 7.356 7.410 7.486 7.586 7.708 7.853 8.021 8.212 8.217 7.971 7.706 7.422 7.120 6.800 6.461 6.103 5.728 5.333 4.923 4.500 4.363 4.547 4.725 4.897 5.063 5.223 5.377 5.524 5.665 5.800 5.929 6.051 6.193 6.355 6.522 6.694 6.869 7.049 7.233 7.421 7.614 7.810 8.011 8.216 8.436 8.654 8.863 9.063 9.329 9.761 10.266 10.843 11.493 12.216 13.012 13.880 15.691 17.789 19.847 21.865 23.845 25.785 27.685 29.547 31.368 33.151 34.894 36.597 37.179 37.542
6.871 6.936 7.024 7.134 7.267 7.424 7.603 7.804 8.029 8.276 8.547 8.642 8.331 8.001 7.653 7.287 6.902 6.499 6.077 5.637 5.178 4.703 4.215 3.947 4.104 4.255 4.400 4.538 4.670 4.796 4.916 5.030 5.138 5.239 5.334 5.463 5.645 5.831 6.021 6.216 6.414 6.617 6.854 7.121 7.357 7.564 7.741 8.030 8.494 9.030 9.639 10.321 11.076 11.903 12.803 13.776 14.821 15.939 17.130 18.815 20.738 22.622 24.466 26.271 28.037 29.763 31.450 33.098 34.706 36.274 37.804 38.545 38.994
6.390 6.534 6.701 6.891 7.104 7.340 7.598 7.880 8.184 8.511 8.860 9.083 8.707 8.313 7.901 7.470 7.021 6.553 6.067 5.562 5.039 4.500 3.947 3.539 3.668 3.792 3.909 4.020 4.125 4.224 4.316 4.403 4.483 4.629 4.899 5.207 5.550 5.863 6.147 6.400 6.624 6.817 6.981 7.115 7.220 7.294 7.338 7.655 8.441 9.300 10.231 11.236 12.313 13.462 14.685 15.980 17.347 18.788 20.301 21.975 23.724 25.433 27.103 28.734 30.325 31.878 33.390 34.864 36.298 37.692 39.048 39.890 40.424
5.887 6.111 6.358 6.628 6.920 7.235 7.573 7.934 8.317 8.723 9.152 9.540 9.100 8.642 8.165 7.670 7.157 6.624 6.074 5.505 4.917 4.313 3.695 3.138 3.277 3.483 3.703 3.937 4.186 4.448 4.724 5.015 5.319 5.638 5.971 6.293 6.503 6.684 6.835 6.956 7.047 7.108 7.140 7.142 7.114 7.056 6.968 7.202 8.311 9.492 10.746 12.073 13.472 14.944 16.488 18.105 19.795 21.557 23.392 25.171 26.745 28.281 29.777 31.233 32.651 34.029 35.367 36.667 37.927 39.147 40.329 41.213 41.834
5.364 5.668 5.994 6.343 6.715 7.109 7.526 7.966 8.429 8.915 9.423 9.954 9.510 8.987 8.446 7.887 7.299 6.659 6.052 5.477 4.936 4.422 3.933 3.469 3.707 3.975 4.258 4.554 4.865 5.190 5.529 5.882 6.249 6.630 7.025 7.409 7.487 7.536 7.554 7.543 7.502 7.431 7.331 7.200 7.040 6.850 6.630 6.673 8.104 9.608 11.184 12.832 14.553 16.347 18.213 20.152 22.164 24.248 26.404 28.402 29.803 31.164 32.486 33.769 35.012 36.216 37.381 38.506 39.593 40.640 41.647 42.516 43.222
4.821 5.203 5.609 6.037 6.488 6.962 7.459 7.978 8.520 9.051 9.458 9.850 9.364 8.706 8.082 7.490 6.931 6.404 5.911 5.450 5.022 4.623 4.248 3.899 4.120 4.451 4.796 5.155 5.528 5.915 6.316 6.732 7.161 7.605 8.062 8.534 8.503 8.419 8.305 8.162 7.989 7.786 7.553 7.290 6.998 6.676 6.324 6.068 7.821 9.646 11.544 13.514 15.557 17.673 19.861 22.121 24.454 26.860 29.338 31.670 32.896 34.084 35.232 36.341 37.410 38.440 39.431 40.383 41.296 42.169 43.003 43.797 44.590
4.256 4.718 5.196 5.656 6.101 6.531 6.946 7.347 7.732 8.102 8.457 8.797 8.512 7.968 7.457 6.979 6.533 6.120 5.740 5.393 5.078 4.793 4.533 4.299 4.516 4.910 5.317 5.739 6.174 6.624 7.087 7.565 8.057 8.563 9.083 9.617 9.549 9.333 9.088 8.812 8.507 8.172 7.807 7.412 6.988 6.534 6.050 5.536 7.461 9.608 11.827 14.119 16.484 18.921 21.430 24.012 26.666 29.393 32.192 34.973 36.026 37.039 38.014 38.949 39.845 40.701 41.518 42.297 43.035 43.735 44.396 45.058 45.936
3.763 4.201 4.624 5.032 5.426 5.804 6.167 6.516 6.849 7.168 7.471 7.760 7.631 7.201 6.804 6.439 6.107 5.808 5.541 5.307 5.106 4.935 4.789 4.670 4.896 5.352 5.822 6.306 6.804 7.316 7.842 8.382 8.936 9.504 10.087 10.683 10.627 10.279 9.901 9.494 9.056 8.589 8.092 7.566 7.009 6.423 5.808 5.162 7.024 9.493 12.034 14.647 17.333 20.091 22.922 25.825 28.800 31.848 34.968 38.161 39.191 40.031 40.832 41.593 42.315 42.998 43.642 44.247 44.812 45.338 45.825 46.131 46.630
3.309 3.696 4.067 4.423 4.765 5.091 5.403 5.700 5.981 6.248 6.500 6.737 6.722 6.405 6.121 5.870 5.652 5.466 5.312 5.192 5.104 5.047 5.016 5.011 5.260 5.778 6.310 6.857 7.417 7.991 8.580 9.182 9.799 10.429 11.074 11.732 11.736 11.256 10.746 10.206 9.637 9.038 8.410 7.751 7.063 6.345 5.598 4.820 6.512 9.301 12.163 15.098 18.105 21.184 24.335 27.559 30.856 34.224 37.665 41.179 42.393 43.059 43.513 43.602 43.669 43.714 43.738 43.740 43.721 43.681 43.619 43.535 43.884
2.870 3.205 3.524 3.829 4.119 4.394 4.654 4.899 5.129 5.344 5.544 5.729 5.784 5.581 5.410 5.273 5.167 5.095 5.055 5.047 5.072 5.129 5.213 5.322 5.607 6.188 6.782 7.391 8.014 8.650 9.301 9.966 10.644 11.337 12.044 12.765 12.876 12.264 11.622 10.951 10.250 9.519 8.758 7.968 7.148 6.299 5.420 4.511 5.922 9.033 12.216 15.471 18.799 22.148 25.374 28.556 31.694 34.790 37.842 40.851 41.766 41.802 41.817 41.811 41.783 41.734 41.663 41.571 41.458 41.323 41.166 40.988 41.168
2.446 2.728 2.996 3.249 3.487 3.711 3.919 4.112 4.290 4.454 4.602 4.736 4.818 4.728 4.671 4.646 4.654 4.695 4.768 4.874 5.012 5.183 5.381 5.604 5.939 6.581 7.238 7.909 8.594 9.293 10.006 10.732 11.473 12.228 12.997 13.780 14.046 13.303 12.529 11.726 10.893 10.031 9.139 8.217 7.289 6.419 5.554 4.695 5.785 9.036 12.244 15.409 18.530 21.609 24.644 27.635 30.584 33.489 36.350 39.169 40.283 40.225 40.145 40.045 39.922 39.778 39.613 39.426 39.218 38.989 38.738 38.465 38.482
