DATA/SHG/ECMWF/20170628/EN-13/20170628.en-13.asc
ncols        190
nrows        64
xllcorner    -5100000.000000000000
yllcorner    4130000.000000000000
cellsize     10000.000000000000
NODATA_value  -99999.000
[rows 0 to 32 of 64, columns 0 to 73 of 190]
3.568 3.635 3.683 3.713 3.724 3.717 3.692 3.648 3.586 3.515 3.444 3.371 3.297 3.220 3.141 3.061 2.978 2.894 2.808 2.828 2.864 3.069 3.351 3.622 3.883 4.134 4.375 4.606 4.827 5.038 5.239 5.430 5.610 5.785 5.959 6.130 6.298 6.464 6.627 6.788 6.945 7.101 7.253 7.403 7.550 7.477 7.231 7.011 6.817 6.648 6.504 6.386 6.294 6.227 6.185 6.170 6.179 6.274 6.436 6.589 6.730 6.861 6.981 7.090 7.188 7.275 7.352 7.418 7.473 7.492 7.467 7.441 7.414 7.386
3.285 3.286 3.269 3.234 3.180 3.108 3.018 2.909 2.782 2.681 2.603 2.524 2.645 2.752 2.839 2.906 2.952 2.978 2.983 2.967 2.932 3.044 3.290 3.526 3.752 3.967 4.173 4.369 4.554 4.730 4.896 5.051 5.196 5.347 5.512 5.674 5.833 5.990 6.144 6.295 6.444 6.590 6.733 6.874 7.012 7.027 6.871 6.741 6.636 6.557 6.503 6.475 6.472 6.495 6.543 6.617 6.717 6.841 6.966 7.080 7.184 7.276 7.358 7.429 7.490 7.539 7.578 7.606 7.623 7.622 7.593 7.564 7.533 7.502
3.022 2.959 2.877 2.776 2.686 2.720 2.778 2.860 2.966 3.084 3.181 3.257 3.312 3.347 3.362 3.356 3.330 3.283 3.216 3.129 3.021 3.030 3.240 3.441 3.631 3.812 3.982 4.142 4.293 4.433 4.563 4.683 4.794 4.913 5.068 5.221 5.371 5.519 5.664 5.806 5.945 6.082 6.217 6.348 6.477 6.551 6.485 6.445 6.430 6.440 6.477 6.538 6.625 6.738 6.876 7.039 7.228 7.418 7.505 7.582 7.647 7.702 7.746 7.779 7.802 7.813 7.814 7.804 7.705 7.606 7.511 7.424 7.345 7.274
2.976 2.998 3.045 3.116 3.211 3.330 3.473 3.640 3.831 3.990 4.014 4.017 4.000 3.963 3.906 3.828 3.729 3.611 3.471 3.312 3.132 3.026 3.201 3.366 3.521 3.666 3.802 3.927 4.042 4.147 4.242 4.327 4.402 4.482 4.628 4.772 4.913 5.051 5.187 5.320 5.450 5.578 5.703 5.826 5.946 6.051 6.075 6.124 6.199 6.299 6.425 6.576 6.753 6.955 7.182 7.435 7.714 8.005 8.054 8.093 8.108 7.970 7.841 7.721 7.610 7.507 7.414 7.330 7.255 7.188 7.122 7.063 7.012 6.970
3.133 3.241 3.373 3.528 3.708 3.913 4.141 4.393 4.669 4.915 4.867 4.799 4.710 4.600 4.471 4.320 4.150 3.959 3.748 3.516 3.264 3.033 3.172 3.302 3.422 3.532 3.632 3.722 3.801 3.871 3.931 3.981 4.020 4.054 4.191 4.326 4.458 4.587 4.713 4.837 4.959 5.078 5.194 5.307 5.418 5.526 5.640 5.779 5.943 6.133 6.348 6.589 6.855 7.118 7.292 7.455 7.607 7.747 7.638 7.514 7.398 7.292 7.194 7.106 7.026 6.955 6.893 6.841 6.797 6.762 6.725 6.694 6.672 6.658
3.263 3.456 3.673 3.914 4.179 4.468 4.781 5.119 5.480 5.862 5.742 5.601 5.440 5.258 5.056 4.834 4.592 4.329 4.045 3.742 3.418 3.073 3.154 3.249 3.334 3.408 3.473 3.527 3.572 3.607 3.631 3.646 3.650 3.645 3.758 3.883 4.006 4.126 4.243 4.358 4.471 4.580 4.687 4.792 4.893 4.993 5.184 5.398 5.601 5.792 5.972 6.140 6.298 6.444 6.579 6.702 6.814 6.915 6.858 6.766 6.682 6.606 6.540 6.483 6.435 6.395 6.365 6.343 6.331 6.327 6.321 6.319 6.325 6.339
3.366 3.644 3.946 4.272 4.622 4.996 5.395 5.817 6.263 6.733 6.637 6.424 6.191 5.937 5.663 5.369 5.055 4.720 4.364 3.989 3.593 3.177 3.147 3.206 3.256 3.295 3.324 3.344 3.353 3.353 3.342 3.321 3.291 3.250 3.327 3.444 3.557 3.668 3.777 3.933 4.109 4.262 4.394 4.503 4.590 4.655 4.798 4.972 5.135 5.287 5.428 5.557 5.675 5.782 5.877 5.961 6.034 6.096 6.071 6.010 5.957 5.913 5.879 5.853 5.836 5.828 5.829 5.839 5.857 5.885 5.910 5.936 5.970 6.012
3.443 3.806 4.193 4.604 5.039 5.498 5.981 6.488 7.019 7.574 7.552 7.268 6.962 6.637 6.291 5.925 5.539 5.132 4.705 4.257 3.789 3.301 3.150 3.174 3.188 3.192 3.187 3.171 3.145 3.109 3.064 3.008 3.039 3.112 3.280 3.489 3.676 3.840 3.982 4.102 4.200 4.276 4.330 4.361 4.370 4.357 4.424 4.559 4.682 4.795 4.896 4.985 5.064 5.131 5.187 5.232 5.266 5.288 5.276 5.246 5.225 5.213 5.209 5.215 5.229 5.253 5.285 5.326 5.376 5.435 5.493 5.547 5.609 5.679
3.493 3.940 4.412 4.908 5.428 5.972 6.539 7.131 7.747 8.387 8.489 8.132 7.755 7.358 6.940 6.502 6.044 5.565 5.066 4.547 4.007 3.448 3.163 3.152 3.131 3.148 3.180 3.223 3.278 3.345 3.423 3.513 3.615 3.728 3.862 3.993 4.101 4.188 4.252 4.294 4.314 4.312 4.288 4.241 4.173 4.082 4.061 4.157 4.241 4.314 4.376 4.426 4.465 4.493 4.510 4.515 4.509 4.492 4.474 4.475 4.485 4.504 4.532 4.569 4.615 4.670 4.733 4.805 4.887 4.977 5.068 5.150 5.241 5.339
3.516 4.048 4.605 5.185 5.790 6.419 7.071 7.747 8.448 9.172 9.446 9.018 8.569 8.099 7.610 7.100 6.570 6.011 5.394 4.790 4.201 3.625 3.276 3.313 3.363 3.424 3.496 3.581 3.677 3.784 3.904 4.035 4.177 4.332 4.465 4.518 4.549 4.557 4.544 4.508 4.450 4.370 4.268 4.144 3.998 3.829 3.710 3.766 3.811 3.845 3.867 3.878 3.878 3.867 3.844 3.810 3.765 3.709 3.664 3.697 3.738 3.789 3.848 3.916 3.993 4.079 4.174 4.277 4.390 4.511 4.636 4.747 4.865 4.992
3.512 4.130 4.771 5.436 6.125 6.838 7.575 8.336 9.121 9.930 10.363 9.697 9.044 8.405 7.781 7.170 6.574 5.992 5.423 4.869 4.329 3.803 3.415 3.494 3.584 3.686 3.800 3.925 4.062 4.211 4.371 4.543 4.727 4.922 5.090 5.065 5.018 4.949 4.858 4.744 4.609 4.451 4.271 4.069 3.845 3.599 3.371 3.388 3.394 3.388 3.371 3.343 3.303 3.253 3.191 3.118 3.033 2.938 2.847 2.911 2.984 3.065 3.156 3.255 3.363 3.480 3.606 3.741 3.885 4.038 4.198 4.336 4.483 4.637
3.482 4.184 4.910 5.621 6.296 6.959 7.611 8.253 8.883 9.503 9.983 9.366 8.763 8.174 7.598 7.037 6.490 5.957 5.438 4.933 4.443 3.966 3.542 3.661 3.793 3.936 4.091 4.257 4.435 4.625 4.826 5.039 5.264 5.500 5.738 5.635 5.510 5.363 5.194 5.003 4.789 4.554 4.297 4.017 3.715 3.392 3.046 3.021 2.988 2.943 2.886 2.819 2.740 2.650 2.549 2.437 2.313 2.179 2.033 2.117 2.221 2.334 2.456 2.587 2.726 2.874 3.032 3.262 3.524 3.764 3.982 4.193 4.405 4.618
3.340 4.009 4.666 5.313 5.949 6.575 7.189 7.792 8.385 8.966 9.537 9.021 8.467 7.927 7.401 6.890 6.392 5.908 5.439 4.983 4.541 4.114 3.700 3.817 3.989 4.173 4.369 4.576 4.795 5.026 5.268 5.522 5.788 6.065 6.354 6.226 6.023 5.799 5.552 5.283 4.992 4.679 4.344 3.987 3.608 3.207 2.783 2.666 2.593 2.509 2.414 2.307 2.189 2.060 1.920 1.768 1.605 1.431 1.246 1.316 1.610 1.952 2.272 2.568 2.842 3.094 3.322 3.528 3.711 3.872 4.010 4.203 4.415 4.627
3.159 3.789 4.409 5.018 5.615 6.202 6.779 7.344 7.898 8.442 8.974 8.661 8.157 7.666 7.190 6.727 6.279 5.844 5.424 5.017 4.625 4.247 3.882 3.959 4.173 4.398 4.634 4.883 5.142 5.414 5.697 5.992 6.299 6.617 6.947 6.839 6.559 6.256 5.932 5.586 5.217 4.827 4.414 3.980 3.523 3.044 2.544 2.323 2.211 2.087 1.953 1.807 1.650 1.653 1.694 1.743 1.799 1.863 1.936 2.168 2.453 2.716 2.956 3.173 3.368 3.540 3.689 3.815 3.919 4.001 4.059 4.213 4.424 4.636
2.989 3.582 4.163 4.734 5.294 5.843 6.381 6.908 7.424 7.929 8.424 8.287 7.832 7.391 6.964 6.550 6.151 5.766 5.395 5.037 4.694 4.365 4.050 4.089 4.344 4.610 4.887 5.176 5.477 5.790 6.114 6.450 6.797 7.156 7.527 7.473 7.116 6.736 6.334 5.910 5.464 4.996 4.506 3.994 3.460 2.904 2.454 2.279 2.300 2.329 2.366 2.411 2.463 2.524 2.592 2.667 2.751 2.843 2.942 3.112 3.317 3.501 3.661 3.799 3.914 4.007 4.077 4.124 4.149 4.151 4.130 4.222 4.434 4.645
2.832 3.386 3.930 4.462 4.984 5.495 5.995 6.484 6.962 7.430 7.886 7.899 7.493 7.101 6.723 6.359 6.009 5.672 5.350 5.042 4.748 4.468 4.202 4.207 4.502 4.809 5.127 5.458 5.799 6.153 6.518 6.894 7.282 7.682 8.094 8.130 7.695 7.237 6.748 6.207 5.692 5.204 4.741 4.304 3.893 3.509 3.150 2.978 3.026 3.082 3.146 3.218 3.298 3.385 3.480 3.583 3.694 3.813 3.939 4.076 4.202 4.306 4.387 4.446 4.482 4.495 4.486 4.454 4.399 4.322 4.222 4.232 4.443 4.654
2.687 3.203 3.708 4.203 4.687 5.159 5.621 6.072 6.513 6.942 7.361 7.496 7.139 6.796 6.467 6.152 5.852 5.565 5.292 5.033 4.788 4.556 4.339 4.312 4.648 4.996 5.355 5.726 6.109 6.503 6.909 7.292 7.597 7.891 8.176 8.194 7.666 7.164 6.688 6.239 5.815 5.417 5.046 4.700 4.381 4.087 3.820 3.668 3.743 3.827 3.918 4.017 4.123 4.238 4.360 4.490 4.628 4.774 4.927 5.060 5.108 5.132 5.134 5.113 5.070 5.004 4.916 4.805 4.671 4.515 4.336 4.242 4.452 4.663
2.554 3.032 3.499 3.956 4.401 4.836 5.260 5.673 6.075 6.467 6.847 7.079 6.771 6.477 6.198 5.932 5.680 5.442 5.218 5.008 4.812 4.630 4.462 4.405 4.766 5.104 5.433 5.752 6.062 6.361 6.651 6.931 7.201 7.461 7.711 7.834 7.398 6.987 6.602 6.244 5.911 5.605 5.324 5.070 4.841 4.639 4.462 4.349 4.451 4.562 4.680 4.806 4.940 5.082 5.231 5.388 5.553 5.726 5.907 6.066 6.034 5.979 5.902 5.802 5.680 5.535 5.367 5.177 4.964 4.728 4.470 4.251 4.462 4.672
2.433 2.873 3.302 3.721 4.128 4.525 4.911 5.286 5.650 6.004 6.347 6.647 6.389 6.144 5.913 5.696 5.494 5.293 5.100 4.919 4.750 4.595 4.452 4.340 4.655 4.959 5.254 5.538 5.813 6.079 6.334 6.580 6.815 7.041 7.257 7.448 7.103 6.783 6.490 6.222 5.981 5.765 5.576 5.412 5.275 5.163 5.078 5.021 5.151 5.289 5.434 5.587 5.748 5.917 6.093 6.278 6.470 6.669 6.877 7.091 6.980 6.847 6.690 6.511 6.310 6.086 5.839 5.570 5.278 4.964 4.627 4.267 4.471 4.681
2.323 2.726 3.117 3.498 3.867 4.226 4.574 4.911 5.238 5.553 5.847 6.126 5.950 5.737 5.537 5.350 5.175 5.014 4.865 4.729 4.606 4.495 4.397 4.313 4.554 4.824 5.084 5.335 5.576 5.806 6.028 6.239 6.441 6.632 6.814 6.986 6.782 6.554 6.351 6.175 6.024 5.900 5.801 5.729 5.682 5.661 5.667 5.698 5.842 6.006 6.179 6.359 6.547 6.743 6.946 7.158 7.377 7.604 7.838 8.081 7.948 7.735 7.499 7.241 6.961 6.658 6.332 5.984 5.613 5.220 4.804 4.365 4.481 4.691
2.226 2.591 2.944 3.278 3.599 3.908 4.206 4.491 4.764 5.025 5.273 5.510 5.432 5.264 5.109 4.967 4.837 4.721 4.617 4.526 4.447 4.382 4.329 4.289 4.463 4.699 4.925 5.142 5.348 5.545 5.732 5.909 6.076 6.234 6.382 6.520 6.435 6.298 6.186 6.101 6.041 6.008 6.000 6.018 6.062 6.133 6.229 6.351 6.524 6.716 6.915 7.122 7.337 7.560 7.791 8.029 8.275 8.529 8.791 9.060 8.935 8.644 8.329 7.992 7.633 7.251 6.846 6.407 5.953 5.517 5.099 4.700 4.784 5.048
2.105 2.420 2.724 3.015 3.294 3.561 3.815 4.058 4.289 4.507 4.713 4.908 4.902 4.779 4.668 4.571 4.487 4.415 4.356 4.309 4.276 4.255 4.247 4.252 4.383 4.585 4.777 4.959 5.131 5.294 5.447 5.589 5.723 5.846 5.960 6.064 6.063 6.016 5.995 6.001 6.032 6.089 6.172 6.281 6.416 6.577 6.764 6.977 7.197 7.416 7.643 7.877 8.119 8.369 8.626 8.892 9.165 9.446 9.734 10.031 9.855 9.338 8.839 8.358 7.894 7.449 7.022 6.613 6.222 5.849 5.494 5.157 5.180 5.443
1.983 2.256 2.517 2.766 3.002 3.227 3.439 3.639 3.827 4.003 4.167 4.319 4.358 4.280 4.215 4.162 4.122 4.096 4.081 4.080 4.091 4.115 4.152 4.202 4.313 4.481 4.639 4.787 4.925 5.053 5.172 5.281 5.380 5.469 5.548 5.618 5.664 5.708 5.778 5.874 5.996 6.144 6.318 6.518 6.744 6.995 7.273 7.576 7.862 8.108 8.361 8.623 8.892 9.045 9.134 9.233 9.343 9.464 9.595 9.737 9.605 9.151 8.714 8.296 7.895 7.513 7.149 6.802 6.474 6.164 5.871 5.597 5.576 5.839
1.875 2.105 2.324 2.530 2.724 2.906 3.076 3.234 3.380 3.513 3.635 3.745 3.801 3.768 3.748 3.740 3.745 3.763 3.794 3.837 3.893 3.962 4.044 4.138 4.254 4.387 4.511 4.625 4.729 4.823 4.907 4.982 5.047 5.102 5.148 5.183 5.239 5.374 5.535 5.722 5.934 6.173 6.437 6.728 7.044 7.386 7.629 7.816 7.953 8.026 8.109 8.203 8.308 8.423 8.549 8.686 8.834 8.992 9.160 9.339 9.338 8.946 8.573 8.217 7.879 7.559 7.258 6.974 6.708 6.461 6.231 6.019 5.972 6.234
1.780 1.968 2.144 2.308 2.460 2.599 2.727 2.842 2.946 3.037 3.117 3.184 3.232 3.244 3.268 3.305 3.355 3.418 3.493 3.581 3.682 3.796 3.922 4.061 4.205 4.304 4.393 4.473 4.543 4.603 4.653 4.694 4.725 4.746 4.757 4.759 4.788 5.014 5.265 5.538 5.793 6.029 6.245 6.442 6.619 6.777 6.915 7.033 7.135 7.245 7.366 7.497 7.639 7.792 7.956 8.130 8.314 8.509 8.715 8.932 9.054 8.725 8.414 8.121 7.846 7.589 7.350 7.129 6.925 6.740 6.573 6.424 6.367 6.629
1.702 1.844 1.978 2.099 2.209 2.306 2.391 2.465 2.526 2.575 2.612 2.637 2.650 2.706 2.775 2.857 2.952 3.059 3.179 3.312 3.458 3.616 3.787 3.971 4.166 4.231 4.286 4.332 4.367 4.394 4.410 4.418 4.472 4.521 4.564 4.603 4.642 4.887 5.113 5.320 5.507 5.675 5.823 5.952 6.061 6.151 6.221 6.272 6.308 6.455 6.613 6.782 6.961 7.151 7.352 7.563 7.785 8.018 8.261 8.514 8.753 8.486 8.238 8.008 7.795 7.601 7.424 7.266 7.125 7.003 6.898 6.811 6.762 7.023
1.688 1.733 1.825 1.904 1.971 2.026 2.069 2.100 2.119 2.126 2.121 2.104 2.074 2.155 2.269 2.396 2.535 2.687 2.852 3.030 3.220 3.423 3.639 3.867 4.116 4.216 4.283 4.345 4.402 4.454 4.500 4.541 4.577 4.608 4.633 4.653 4.668 4.825 4.983 5.122 5.241 5.341 5.421 5.482 5.523 5.545 5.548 5.531 5.494 5.655 5.851 6.057 6.273 6.501 6.739 6.987 7.246 7.516 7.796 8.087 8.389 8.231 8.045 7.877 7.728 7.596 7.482 7.386 7.308 7.247 7.205 7.181 7.175 7.416
1.691 1.636 1.685 1.722 1.747 1.760 1.761 1.750 1.726 1.691 1.644 1.584 1.512 1.592 1.751 1.922 2.106 2.395 2.855 3.256 3.600 3.886 4.113 4.283 4.395 4.455 4.504 4.548 4.586 4.619 4.647 4.670 4.688 4.700 4.707 4.709 4.705 4.783 4.873 4.944 4.995 5.027 5.039 5.032 5.006 4.960 4.895 4.810 4.706 4.846 5.079 5.322 5.576 5.840 6.115 6.401 6.697 7.004 7.322 7.650 7.989 7.959 7.835 7.730 7.643 7.573 7.522 7.488 7.473 7.475 7.495 7.533 7.590 7.810
1.712 1.553 1.559 1.554 1.537 1.508 1.466 1.413 1.347 1.270 1.363 1.696 2.072 2.549 3.037 3.467 3.840 4.154 4.411 4.609 4.750 4.833 4.859 4.826 4.736 4.699 4.729 4.755 4.775 4.790 4.800 4.804 4.803 4.797 4.786 4.770 4.748 4.760 4.783 4.786 4.769 4.733 4.678 4.603 4.509 4.395 4.262 4.110 3.938 4.027 4.297 4.578 4.869 5.170 5.483 5.806 6.139 6.483 6.838 7.203 7.579 7.669 7.609 7.566 7.541 7.534 7.545 7.574 7.621 7.685 7.768 7.868 7.987 8.203
1.751 1.482 1.447 1.519 1.696 1.917 2.183 2.493 2.847 3.246 3.689 4.176 4.707 5.178 5.463 5.691 5.860 5.972 6.026 6.022 5.961 5.841 5.664 5.429 5.136 4.948 4.960 4.967 4.969 4.966 4.957 4.943 4.924 4.900 4.871 4.836 4.796 4.758 4.712 4.647 4.563 4.459 4.336 4.194 4.032 3.850 3.650 3.429 3.190 3.199 3.506 3.824 4.152 4.491 4.840 5.200 5.571 5.952 6.344 6.746 7.160 7.363 7.365 7.384 7.422 7.477 7.551 7.642 7.701 7.683 7.660 7.633 7.602 7.627
2.382 2.178 2.422 2.709 3.041 3.418 3.838 4.303 4.812 5.365 5.963 6.605 7.291 7.865 7.948 7.973 7.940 7.849 7.701 7.494 7.230 6.909 6.529 6.092 5.597 5.202 5.196 5.185 5.169 5.147 5.120 5.088 5.051 5.008 4.960 4.907 4.849 4.775 4.662 4.529 4.377 4.206 4.015 3.805 3.575 3.326 3.058 2.770 2.463 2.361 2.706 3.060 3.426 3.802 4.188 4.585 4.993 5.412 5.840 6.280 6.730 7.016 7.013 7.006 6.995 6.979 6.959 6.934 6.906 6.872 6.835 6.793 6.747 6.747
3.305 3.009 3.407 3.850 4.336 4.867 5.443 6.062 6.726 7.434 8.186 8.983 9.823 10.611 10.491 10.314 10.078 9.785 9.434 9.026 8.560 8.036 7.454 6.815 6.117 5.462 5.437 5.408 5.373 5.333 5.288 5.238 5.182 5.121 5.055 4.984 4.908 4.812 4.631 4.431 4.211 3.972 3.714 3.436 3.138 2.822 2.486 2.130 1.756 1.514 1.895 2.287 2.690 3.103 3.608 4.138 4.624 5.065 5.463 5.817 6.126 6.331 6.313 6.291 6.265 6.234 6.199 6.159 6.115 6.067 6.015 5.958 5.896 5.868
4.234 3.869 4.342 4.940 5.581 6.267 6.997 7.771 8.589 9.452 10.358 11.309 12.304 13.344 13.093 12.713 12.275 11.780 11.227 10.617 9.948 9.222 8.439 7.597 6.698 5.742 5.684 5.636 5.583 5.525 5.461 5.393 5.319 5.240 5.156 5.066 4.971 4.869 4.620 4.352 4.065 3.758 3.432 3.087 2.722 2.338 1.934 1.678 1.511 1.409 2.006 2.559 3.067 3.532 3.953 4.329 4.662 4.950 5.194 5.394 5.551 5.651 5.618 5.581 5.540 5.494 5.444 5.389 5.331 5.267 5.200 5.128 5.051 4.991
