DATA/SHG/ECMWF/20170628/EN-13/20170712.en-13.asc
ncols        190
nrows        64
xllcorner    -5100000.000000000000
yllcorner    4130000.000000000000
cellsize     10000.000000000000
NODATA_value  -99999.000
[rows 0 to 32 of 64, columns 74 to 147 of 190]
5.089 4.611 4.115 3.602 3.071 2.523 1.957 1.594 1.804 2.052 2.292 2.524 2.749 2.965 3.173 3.374 3.567 3.752 3.929 4.082 4.188 4.303 4.422 4.547 4.677 4.811 4.951 5.096 5.246 5.400 5.560 5.692 5.727 5.776 5.839 5.916 6.006 6.110 6.228 6.360 6.506 6.665 6.839 6.988 7.016 7.032 7.036 7.028 7.008 6.976 6.931 6.875 6.806 6.725 6.632 6.508 6.322 6.130 5.934 5.733 5.528 5.317 5.102 4.881 4.656 4.426 4.192 4.067 4.270 4.483 4.708 4.944 5.191 5.450
4.777 4.270 3.781 3.303 2.838 2.385 1.945 1.632 1.860 2.081 2.293 2.498 2.694 2.883 3.064 3.238 3.403 3.560 3.710 3.850 3.978 4.115 4.258 4.405 4.557 4.714 4.877 5.044 5.216 5.393 5.576 5.752 5.849 5.959 6.084 6.222 6.375 6.541 6.720 6.914 7.121 7.343 7.578 7.792 7.766 7.728 7.678 7.615 7.541 7.454 7.355 7.244 7.121 6.986 6.838 6.673 6.465 6.252 6.034 5.812 5.584 5.352 5.115 4.873 4.626 4.375 4.118 3.934 4.186 4.450 4.724 5.010 5.306 5.614
4.654 4.195 3.748 3.313 2.890 2.480 2.081 1.722 1.923 2.116 2.301 2.478 2.648 2.809 2.963 3.108 3.246 3.376 3.498 3.613 3.763 3.923 4.087 4.257 4.432 4.612 4.796 4.986 5.181 5.381 5.586 5.796 5.955 6.127 6.314 6.514 6.728 6.955 7.197 7.452 7.721 8.004 8.301 8.608 8.528 8.435 8.331 8.214 8.085 7.944 7.791 7.626 7.448 7.259 7.057 6.843 6.613 6.379 6.139 5.895 5.646 5.392 5.133 4.870 4.601 4.328 4.050 3.820 4.161 4.483 4.786 5.070 5.336 5.582
4.525 4.108 3.704 3.311 2.931 2.562 2.206 1.862 1.993 2.159 2.316 2.466 2.608 2.742 2.868 2.986 3.097 3.200 3.294 3.381 3.542 3.724 3.912 4.104 4.301 4.503 4.711 4.923 5.140 5.363 5.590 5.822 6.045 6.280 6.528 6.790 7.065 7.355 7.658 7.975 8.306 8.650 9.008 9.381 9.302 9.155 8.996 8.825 8.642 8.446 8.239 8.020 7.788 7.544 7.288 7.020 6.767 6.510 6.265 6.036 5.808 5.582 5.358 5.136 4.916 4.698 4.481 4.267 4.490 4.728 4.948 5.148 5.330 5.493
4.385 4.011 3.649 3.298 2.960 2.634 2.320 2.018 2.070 2.208 2.338 2.461 2.575 2.682 2.781 2.872 2.955 3.030 3.098 3.157 3.316 3.521 3.731 3.945 4.165 4.390 4.620 4.854 5.094 5.339 5.589 5.844 6.121 6.417 6.727 7.050 7.387 7.738 8.103 8.482 8.874 9.280 9.700 10.134 10.087 9.886 9.673 9.448 9.210 8.939 8.654 8.376 8.105 7.841 7.585 7.336 7.106 6.881 6.658 6.436 6.217 5.999 5.784 5.570 5.358 5.148 4.940 4.734 4.838 4.992 5.128 5.245 5.343 5.422
4.235 3.903 3.582 3.274 2.978 2.694 2.422 2.163 2.154 2.265 2.368 2.463 2.550 2.629 2.701 2.764 2.820 2.868 2.908 2.940 3.085 3.312 3.544 3.781 4.023 4.271 4.523 4.780 5.042 5.310 5.582 5.859 6.181 6.539 6.910 7.295 7.694 8.106 8.533 8.973 9.391 9.783 10.166 10.542 10.476 10.186 9.904 9.629 9.362 9.102 8.849 8.603 8.365 8.134 7.911 7.695 7.479 7.262 7.047 6.834 6.623 6.414 6.207 6.002 5.798 5.597 5.397 5.199 5.204 5.274 5.326 5.360 5.374 5.370
4.073 3.783 3.505 3.239 2.985 2.744 2.514 2.296 2.245 2.329 2.404 2.472 2.531 2.583 2.628 2.664 2.692 2.713 2.726 2.731 2.848 3.097 3.352 3.612 3.876 4.146 4.421 4.700 4.985 5.275 5.569 5.891 6.274 6.694 7.105 7.509 7.905 8.292 8.672 9.044 9.408 9.764 10.113 10.453 10.467 10.210 9.960 9.718 9.483 9.256 9.036 8.823 8.618 8.420 8.229 8.046 7.850 7.641 7.435 7.230 7.027 6.827 6.628 6.431 6.236 6.043 5.851 5.662 5.588 5.575 5.543 5.493 5.424 5.336
3.900 3.652 3.417 3.193 2.981 2.782 2.594 2.418 2.344 2.399 2.448 2.488 2.520 2.545 2.562 2.571 2.572 2.565 2.551 2.529 2.605 2.878 3.173 3.482 3.798 4.122 4.451 4.788 5.132 5.483 5.840 6.205 6.582 6.966 7.343 7.711 8.071 8.424 8.768 9.105 9.434 9.754 10.067 10.372 10.450 10.225 10.009 9.799 9.597 9.402 9.215 9.035 8.862 8.697 8.539 8.388 8.218 8.018 7.820 7.623 7.429 7.237 7.046 6.857 6.671 6.486 6.303 6.122 5.990 5.893 5.778 5.645 5.492 5.321
3.717 3.511 3.317 3.135 2.966 2.808 2.663 2.529 2.449 2.477 2.498 2.511 2.516 2.514 2.505 2.499 2.492 2.486 2.480 2.473 2.541 2.868 3.201 3.541 3.888 4.242 4.603 4.970 5.345 5.726 6.114 6.510 6.898 7.247 7.588 7.921 8.246 8.563 8.873 9.174 9.467 9.753 10.030 10.300 10.425 10.233 10.049 9.872 9.703 9.541 9.386 9.239 9.099 8.966 8.841 8.723 8.584 8.392 8.202 8.014 7.828 7.644 7.462 7.282 7.103 6.927 6.752 6.579 6.410 6.230 6.032 5.815 5.579 5.324
3.522 3.358 3.207 3.067 2.939 2.824 2.721 2.625 2.539 2.533 2.527 2.521 2.515 2.508 2.502 2.496 2.489 2.483 2.476 2.470 2.500 2.857 3.221 3.592 3.970 4.354 4.746 5.144 5.550 5.962 6.381 6.807 7.223 7.536 7.842 8.140 8.429 8.711 8.985 9.251 9.509 9.760 10.002 10.236 10.392 10.233 10.082 9.938 9.801 9.672 9.550 9.435 9.328 9.228 9.135 9.049 8.947 8.764 8.582 8.403 8.225 8.049 7.875 7.703 7.533 7.365 7.199 7.034 6.848 6.585 6.304 6.003 5.684 5.346
3.332 3.236 3.139 3.042 2.943 2.843 2.742 2.639 2.537 2.531 2.525 2.519 2.512 2.506 2.499 2.493 2.486 2.480 2.473 2.467 2.460 2.839 3.233 3.635 4.044 4.459 4.881 5.310 5.746 6.189 6.639 7.095 7.555 7.833 8.104 8.366 8.621 8.867 9.106 9.337 9.560 9.775 9.982 10.181 10.352 10.226 10.107 9.995 9.891 9.795 9.705 9.623 9.548 9.481 9.421 9.368 9.308 9.133 8.960 8.789 8.619 8.452 8.286 8.123 7.961 7.801 7.643 7.487 7.305 6.959 6.593 6.210 5.807 5.386
3.373 3.274 3.173 3.072 2.969 2.865 2.760 2.655 2.548 2.529 2.523 2.516 2.510 2.503 2.497 2.490 2.483 2.477 2.470 2.463 2.456 2.812 3.238 3.670 4.109 4.556 5.009 5.468 5.935 6.409 6.889 7.376 7.870 8.139 8.374 8.601 8.821 9.032 9.235 9.431 9.619 9.799 9.970 10.134 10.290 10.210 10.124 10.045 9.974 9.910 9.853 9.803 9.761 9.726 9.699 9.678 9.666 9.500 9.335 9.172 9.011 8.852 8.695 8.539 8.386 8.234 8.085 7.931 7.762 7.343 6.922 6.500 6.077 5.653
3.416 3.313 3.208 3.103 2.996 2.889 2.780 2.671 2.560 2.527 2.521 2.514 2.508 2.501 2.494 2.487 2.481 2.474 2.467 2.460 2.453 2.778 3.234 3.698 4.168 4.644 5.128 5.619 6.116 6.620 7.131 7.649 8.174 8.452 8.652 8.844 9.029 9.205 9.373 9.533 9.686 9.831 9.967 10.096 10.217 10.187 10.133 10.087 10.048 10.017 9.992 9.976 9.966 9.964 9.969 9.981 10.001 9.864 9.701 9.532 9.366 9.202 9.041 8.882 8.725 8.570 8.419 8.269 8.122 7.716 7.289 6.862 6.433 6.003
3.459 3.352 3.244 3.135 3.025 2.913 2.801 2.688 2.573 2.526 2.519 2.512 2.505 2.499 2.492 2.485 2.478 2.471 2.464 2.457 2.450 2.736 3.223 3.717 4.218 4.725 5.240 5.761 6.289 6.824 7.365 7.914 8.469 8.774 8.939 9.096 9.245 9.386 9.519 9.644 9.762 9.871 9.973 10.066 10.152 10.156 10.135 10.121 10.115 10.099 10.077 10.068 10.071 10.087 10.116 10.158 10.212 10.102 9.941 9.783 9.627 9.474 9.323 9.174 9.028 8.884 8.743 8.604 8.467 8.089 7.657 7.224 6.790 6.355
3.504 3.393 3.281 3.168 3.054 2.939 2.823 2.706 2.587 2.524 2.517 2.510 2.503 2.496 2.489 2.482 2.475 2.468 2.461 2.454 2.446 2.687 3.204 3.729 4.260 4.798 5.343 5.895 6.454 7.019 7.591 8.171 8.757 9.104 9.234 9.355 9.469 9.575 9.673 9.763 9.812 9.827 9.842 9.858 9.876 9.868 9.851 9.848 9.857 9.879 9.913 9.960 10.020 10.093 10.178 10.276 10.386 10.329 10.179 10.031 9.886 9.743 9.603 9.464 9.329 9.195 9.064 8.936 8.809 8.463 8.026 7.588 7.148 6.708
3.549 3.434 3.319 3.202 3.084 2.965 2.846 2.725 2.603 2.522 2.515 2.508 2.501 2.494 2.487 2.480 2.472 2.465 2.458 2.450 2.443 2.629 3.177 3.733 4.294 4.863 5.439 6.021 6.611 7.207 7.810 8.375 8.892 9.195 9.207 9.220 9.234 9.249 9.265 9.282 9.300 9.319 9.339 9.359 9.381 9.408 9.448 9.501 9.566 9.645 9.736 9.839 9.956 10.085 10.226 10.381 10.548 10.553 10.414 10.277 10.142 10.009 9.879 9.752 9.626 9.503 9.383 9.265 9.149 8.838 8.396 7.952 7.507 7.061
3.595 3.477 3.358 3.237 3.116 2.993 2.869 2.745 2.619 2.520 2.513 2.506 2.499 2.492 2.484 2.477 2.470 2.462 2.455 2.447 2.440 2.564 3.148 3.728 4.293 4.846 5.384 5.909 6.421 6.919 7.403 7.874 8.332 8.652 8.668 8.686 8.704 8.724 8.744 8.765 8.788 8.811 8.835 8.860 8.886 8.935 9.031 9.141 9.263 9.398 9.545 9.705 9.878 10.063 10.261 10.472 10.696 10.775 10.646 10.519 10.395 10.273 10.153 10.036 9.921 9.809 9.699 9.591 9.486 9.214 8.766 8.317 7.867 7.415
3.642 3.520 3.397 3.273 3.148 3.021 2.894 2.766 2.636 2.519 2.511 2.504 2.497 2.489 2.490 2.576 2.639 2.680 2.699 2.695 2.665 2.672 3.204 3.724 4.229 4.721 5.200 5.665 6.116 6.554 6.978 7.389 7.786 8.109 8.130 8.152 8.174 8.198 8.223 8.248 8.275 8.302 8.331 8.360 8.391 8.449 8.602 8.768 8.946 9.138 9.341 9.558 9.787 10.029 10.283 10.551 10.830 10.994 10.876 10.759 10.646 10.534 10.425 10.318 10.214 10.112 10.012 9.915 9.820 9.591 9.137 8.683 8.227 7.770
3.691 3.565 3.438 3.310 3.181 3.051 2.920 2.812 2.832 2.872 2.989 3.087 3.161 3.214 3.244 3.252 3.237 3.200 3.141 3.059 2.950 2.818 3.276 3.735 4.180 4.612 5.030 5.435 5.826 6.204 6.568 6.919 7.256 7.566 7.591 7.617 7.644 7.672 7.701 7.731 7.762 7.794 7.826 7.860 7.895 7.950 8.160 8.382 8.617 8.865 9.125 9.398 9.683 9.981 10.292 10.616 10.952 11.211 11.102 10.997 10.893 10.792 10.693 10.597 10.503 10.411 10.322 10.235 10.151 9.968 9.509 9.049 8.588 8.125
3.760 3.714 3.688 3.680 3.690 3.720 3.768 3.834 3.920 4.024 4.075 4.094 4.091 4.065 4.017 3.947 3.855 3.740 3.603 3.443 3.256 3.045 3.362 3.761 4.146 4.518 4.876 5.221 5.552 5.870 6.174 6.465 6.742 7.006 7.052 7.082 7.113 7.146 7.179 7.213 7.248 7.285 7.322 7.360 7.399 7.439 7.705 7.984 8.275 8.579 8.895 9.224 9.566 9.921 10.288 10.667 11.060 11.424 11.327 11.231 11.138 11.048 10.959 10.873 10.790 10.709 10.630 10.553 10.479 10.346 9.882 9.416 8.950 8.482
4.309 4.329 4.367 4.424 4.500 4.594 4.707 4.838 4.988 5.157 5.180 5.121 5.040 4.936 4.810 4.662 4.492 4.299 4.084 3.846 3.581 3.291 3.463 3.802 4.127 4.439 4.737 5.022 5.293 5.551 5.795 6.026 6.243 6.447 6.512 6.547 6.583 6.619 6.657 6.695 6.735 6.775 6.816 6.859 6.902 6.946 7.237 7.572 7.920 8.280 8.653 9.038 9.436 9.847 10.270 10.706 11.155 11.616 11.548 11.463 11.380 11.300 11.222 11.147 11.074 11.003 10.935 10.869 10.842 10.838 10.481 10.149 9.843 9.564
4.841 4.925 5.028 5.150 5.291 5.450 5.627 5.824 6.038 6.272 6.303 6.166 6.007 5.826 5.622 5.396 5.148 4.877 4.584 4.269 3.925 3.557 3.579 3.858 4.123 4.375 4.613 4.838 5.049 5.247 5.432 5.602 5.760 5.904 5.972 6.011 6.051 6.092 6.134 6.177 6.221 6.265 6.311 6.358 6.405 6.454 6.757 7.148 7.551 7.968 8.397 8.839 9.293 9.760 10.239 10.731 11.236 11.754 11.767 11.761 11.845 11.914 11.967 12.004 12.026 12.032 12.023 11.998 11.958 11.902 11.671 11.454 11.263 11.097
5.354 5.503 5.671 5.858 6.063 6.287 6.529 6.790 7.070 7.368 7.446 7.231 6.994 6.735 6.453 6.150 5.823 5.475 5.104 4.711 4.289 3.842 3.710 3.929 4.134 4.326 4.505 4.670 4.821 4.959 5.083 5.194 5.292 5.376 5.432 5.475 5.520 5.565 5.611 5.658 5.706 5.755 5.805 5.856 5.908 5.961 6.263 6.710 7.170 7.643 8.158 8.752 9.389 10.069 10.792 11.558 12.367 13.218 13.483 13.513 13.528 13.527 13.511 13.479 13.432 13.369 13.291 13.197 13.087 12.962 12.834 12.731 12.654 12.603
5.849 6.063 6.296 6.547 6.817 7.106 7.413 7.738 8.083 8.446 8.607 8.315 8.000 7.663 7.304 6.922 6.518 6.092 5.644 5.173 4.673 4.148 3.856 4.015 4.161 4.293 4.411 4.516 4.608 4.686 4.750 4.801 4.839 4.863 4.892 4.939 4.988 5.037 5.088 5.139 5.191 5.272 5.376 5.451 5.499 5.518 5.826 6.439 7.094 7.793 8.535 9.320 10.147 11.018 11.931 12.887 13.887 14.929 15.318 15.279 15.225 15.155 15.070 14.969 14.852 14.720 14.573 14.410 14.231 14.037 13.971 13.982 14.019 14.082
6.326 6.605 6.902 7.218 7.553 7.906 8.278 8.668 9.077 9.505 9.788 9.417 9.025 8.610 8.173 7.714 7.232 6.729 6.203 5.654 5.076 4.473 4.017 4.116 4.202 4.274 4.333 4.378 4.410 4.428 4.433 4.424 4.462 4.601 4.765 4.942 5.090 5.210 5.301 5.365 5.400 5.406 5.385 5.335 5.257 5.151 5.395 6.199 7.045 7.935 8.867 9.842 10.860 11.920 13.024 14.171 15.360 16.592 17.166 17.059 16.935 16.796 16.642 16.472 16.286 16.085 15.869 15.637 15.389 15.126 15.080 15.205 15.356 15.533
6.785 7.128 7.490 7.871 8.270 8.688 9.124 9.579 10.053 10.545 10.987 10.539 10.069 9.577 9.062 8.525 7.966 7.385 6.781 6.155 5.499 4.817 4.193 4.248 4.331 4.426 4.534 4.654 4.786 4.930 5.087 5.256 5.437 5.631 5.808 5.859 5.882 5.876 5.842 5.780 5.690 5.571 5.425 5.250 5.046 4.815 4.920 5.914 6.951 8.031 9.153 10.318 11.526 12.777 14.071 15.408 16.787 18.210 19.029 18.852 18.659 18.451 18.228 17.989 17.734 17.464 17.179 16.878 16.561 16.229 16.161 16.401 16.666 16.957
7.225 7.633 8.060 8.505 8.969 9.452 9.952 10.472 11.010 11.567 12.142 11.680 11.132 10.562 9.970 9.333 8.557 7.818 7.113 6.445 5.807 5.194 4.610 4.719 4.856 5.006 5.168 5.342 5.529 5.728 5.939 6.162 6.398 6.645 6.881 6.806 6.703 6.572 6.413 6.226 6.010 5.766 5.494 5.194 4.866 4.509 4.400 5.584 6.811 8.081 9.394 10.749 12.147 13.588 15.072 16.599 18.168 19.780 20.905 20.659 20.397 20.120 19.828 19.520 19.196 18.857 18.503 18.132 17.747 17.346 17.216 17.570 17.949 18.354
7.648 8.120 8.612 9.122 9.650 10.197 10.762 11.346 11.891 12.216 12.523 11.906 11.112 10.354 9.631 8.943 8.291 7.675 7.094 6.549 6.035 5.547 5.088 5.175 5.367 5.571 5.788 6.016 6.257 6.510 6.776 7.053 7.343 7.645 7.960 7.783 7.555 7.298 7.014 6.701 6.361 5.992 5.594 5.169 4.715 4.234 3.836 5.210 6.627 8.086 9.589 11.134 12.722 14.353 16.027 17.743 19.503 21.305 22.794 22.479 22.148 21.803 21.441 21.064 20.672 20.264 19.840 19.401 18.947 18.477 18.244 18.712 19.205 19.724
8.052 8.546 8.933 9.302 9.654 9.988 10.304 10.604 10.885 11.149 11.396 10.992 10.321 9.686 9.086 8.522 7.994 7.501 7.043 6.621 6.231 5.868 5.533 5.617 5.864 6.122 6.393 6.676 6.971 7.278 7.598 7.930 8.274 8.631 8.999 8.789 8.435 8.054 7.644 7.207 6.741 6.247 5.724 5.174 4.595 3.989 3.354 4.790 6.397 8.046 9.739 11.474 13.252 15.072 16.936 18.842 20.791 22.783 24.697 24.313 23.913 23.499 23.068 22.622 22.161 21.684 21.192 20.684 20.161 19.622 19.245 19.826 20.433 21.066
7.638 7.982 8.308 8.616 8.908 9.181 9.437 9.676 9.897 10.101 10.287 10.046 9.498 8.987 8.510 8.070 7.664 7.295 6.960 6.662 6.396 6.157 5.947 6.045 6.346 6.658 6.983 7.321 7.670 8.032 8.406 8.792 9.190 9.601 10.024 9.824 9.346 8.839 8.305 7.742 7.151 6.532 5.885 5.209 4.506 3.774 3.014 4.325 6.122 7.961 9.843 11.768 13.736 15.746 17.799 19.895 22.033 24.214 26.438 26.160 25.692 25.208 24.709 24.195 23.664 23.119 22.558 21.981 21.389 20.781 20.096 20.451 20.803 21.152
7.152 7.435 7.700 7.948 8.179 8.392 8.587 8.766 8.926 9.069 9.195 9.069 8.645 8.256 7.903 7.586 7.304 7.057 6.846 6.670 6.528 6.414 6.328 6.459 6.813 7.180 7.560 7.951 8.355 8.771 9.199 9.639 10.092 10.557 11.034 10.889 10.286 9.654 8.995 8.307 7.591 6.847 6.075 5.275 4.446 3.590 2.705 3.815 5.802 7.831 9.902 12.017 14.174 16.374 18.616 20.901 23.229 25.600 28.013 28.022 27.484 26.778 25.775 24.786 23.812 22.853 21.908 20.977 20.062 19.160 18.274 18.537 18.876 19.212
6.682 6.904 7.109 7.297 7.467 7.620 7.755 7.872 7.973 8.055 8.121 8.061 7.760 7.494 7.265 7.070 6.911 6.788 6.700 6.647 6.629 6.639 6.677 6.858 7.267 7.688 8.121 8.567 9.025 9.495 9.977 10.472 10.979 11.498 12.029 11.983 11.255 10.499 9.714 8.902 8.061 7.192 6.295 5.370 4.417 3.435 2.426 3.261 5.437 7.655 9.916 12.220 14.529 16.716 18.828 20.864 22.825 24.710 26.520 26.345 25.377 24.424 23.485 22.561 21.651 20.756 19.876 19.010 18.159 17.322 16.500 16.628 16.955 17.278
6.229 6.391 6.536 6.663 6.772 6.864 6.939 6.996 7.036 7.059 7.064 7.021 6.844 6.702 6.595 6.523 6.487 6.487 6.522 6.592 6.697 6.832 6.994 7.242 7.706 8.181 8.669 9.168 9.681 10.205 10.741 11.290 11.851 12.424 13.009 13.107 12.254 11.373 10.464 9.526 8.561 7.567 6.545 5.518 4.567 3.655 2.784 3.412 5.643 7.799 9.879 11.884 13.814 15.668 17.447 19.151 20.779 22.332 23.810 23.850 22.947 22.058 21.183 20.324 19.479 18.648 17.832 17.031 16.244 15.471 14.714 14.725 15.038 15.349
