DATA/SHG/ECMWF/20170628/EN-13/20170703.en-13.asc
ncols        190
nrows        64
xllcorner    -5100000.000000000000
yllcorner    4130000.000000000000
cellsize     10000.000000000000
NODATA_value  -99999.000
[rows 0 to 32 of 64, columns 73 to 145 of 190]
3.797 4.256 4.730 5.219 5.724 6.245 6.781 7.333 7.654 7.346 7.001 6.664 6.335 6.014 5.702 5.398 5.103 4.815 4.536 4.265 4.179 4.679 5.171 5.648 6.109 6.555 6.985 7.400 7.799 8.183 8.552 8.905 9.074 8.699 8.339 7.994 7.663 7.347 7.046 6.760 6.488 6.231 5.989 5.761 5.559 5.390 5.219 5.044 4.865 4.683 4.498 4.310 4.118 3.923 3.725 3.523 3.338 3.217 3.103 2.996 2.897 2.805 2.720 2.643 2.574 2.512 2.457 2.410 2.376 2.362 2.349 2.336 2.324
3.510 4.023 4.554 5.061 5.539 5.987 6.406 6.796 7.037 6.712 6.396 6.088 5.788 5.497 5.213 4.938 4.672 4.413 4.163 3.921 3.757 4.189 4.612 5.020 5.412 5.789 6.150 6.496 6.827 7.142 7.442 7.726 7.929 7.620 7.326 7.047 6.782 6.532 6.297 6.077 5.871 5.680 5.504 5.342 5.190 5.007 4.820 4.630 4.437 4.240 4.040 3.837 3.630 3.421 3.207 2.991 2.789 2.700 2.619 2.546 2.480 2.421 2.370 2.326 2.290 2.261 2.240 2.226 2.218 2.206 2.194 2.183 2.172
3.507 3.970 4.404 4.809 5.184 5.530 5.847 6.135 6.367 6.072 5.785 5.506 5.235 4.972 4.718 4.472 4.234 4.005 3.783 3.570 3.365 3.717 4.071 4.410 4.733 5.041 5.334 5.611 5.873 6.120 6.351 6.566 6.766 6.527 6.299 6.085 5.887 5.702 5.533 5.379 5.239 5.113 5.003 4.907 4.825 4.627 4.426 4.221 4.013 3.801 3.586 3.368 3.147 2.922 2.694 2.463 2.232 2.177 2.129 2.089 2.056 2.031 2.013 2.002 1.999 2.004 2.015 2.034 2.074 2.097 2.124 2.155 2.190
3.590 3.950 4.282 4.584 4.858 5.101 5.316 5.502 5.658 5.425 5.167 4.917 4.675 4.441 4.216 3.998 3.790 3.589 3.396 3.212 3.036 3.263 3.548 3.818 4.073 4.312 4.536 4.745 4.938 5.115 5.278 5.425 5.556 5.419 5.257 5.109 4.976 4.858 4.754 4.666 4.592 4.532 4.488 4.458 4.442 4.252 4.035 3.816 3.593 3.366 3.137 2.904 2.668 2.428 2.185 1.939 1.689 1.647 1.633 1.718 1.872 2.002 2.106 2.184 2.238 2.265 2.268 2.244 2.196 2.229 2.274 2.323 2.375
3.699 3.958 4.187 4.387 4.558 4.700 4.813 4.896 4.951 4.772 4.542 4.321 4.108 3.903 3.707 3.518 3.338 3.166 3.003 2.848 2.700 2.826 3.043 3.245 3.431 3.601 3.756 3.896 4.021 4.130 4.224 4.302 4.365 4.296 4.200 4.118 4.051 3.999 3.961 3.938 3.930 3.936 3.957 3.993 4.043 3.880 3.649 3.415 3.177 2.936 2.769 2.684 2.624 2.587 2.575 2.587 2.623 2.725 2.817 2.884 2.925 2.941 2.932 2.897 2.837 2.751 2.640 2.503 2.342 2.358 2.420 2.486 2.556
3.836 3.992 4.120 4.218 4.287 4.327 4.337 4.319 4.271 4.112 3.911 3.719 3.535 3.359 3.191 3.032 2.880 2.737 2.603 2.476 2.358 2.408 2.556 2.689 2.806 2.908 2.995 3.066 3.122 3.163 3.188 3.198 3.192 3.159 3.129 3.113 3.111 3.125 3.153 3.195 3.253 3.387 3.558 3.718 3.867 3.839 3.740 3.667 3.617 3.591 3.590 3.613 3.661 3.732 3.828 3.948 4.092 4.143 4.122 4.075 4.003 3.905 3.783 3.634 3.461 3.262 3.037 2.788 2.512 2.482 2.562 2.646 2.733
4.000 4.054 4.080 4.076 4.043 3.981 3.890 3.769 3.620 3.445 3.273 3.110 2.954 2.807 2.669 2.538 2.416 2.301 2.195 2.098 2.008 2.008 2.088 2.152 2.200 2.234 2.252 2.255 2.242 2.214 2.171 2.112 2.174 2.350 2.559 2.757 2.944 3.121 3.287 3.442 3.586 3.719 3.842 3.954 4.055 4.093 4.103 4.137 4.195 4.278 4.385 4.516 4.671 4.850 5.054 5.281 5.533 5.585 5.450 5.290 5.105 4.894 4.658 4.396 4.110 3.797 3.460 3.097 2.709 2.602 2.699 2.801 2.906
4.191 4.143 4.067 3.961 3.826 3.662 3.469 3.247 2.996 2.772 2.629 2.494 2.368 2.250 2.140 2.038 1.944 1.859 1.781 1.712 1.652 1.626 1.637 1.728 1.858 1.988 2.120 2.252 2.386 2.520 2.656 2.792 2.929 3.079 3.240 3.389 3.529 3.657 3.774 3.881 3.977 4.063 4.137 4.201 4.254 4.322 4.439 4.581 4.748 4.938 5.153 5.391 5.654 5.941 6.253 6.588 6.948 7.051 6.803 6.530 6.231 5.907 5.558 5.183 4.783 4.358 3.907 3.431 2.930 2.717 2.833 2.952 3.075
4.409 4.260 4.081 3.874 3.637 3.371 3.077 2.753 2.400 2.092 1.978 1.872 1.775 1.685 1.604 1.572 1.695 1.809 1.914 2.009 2.094 2.178 2.310 2.443 2.576 2.711 2.847 2.984 3.121 3.260 3.400 3.540 3.682 3.818 3.931 4.033 4.123 4.204 4.273 4.332 4.380 4.417 4.443 4.459 4.464 4.524 4.750 4.999 5.273 5.572 5.894 6.240 6.611 7.006 7.425 7.868 8.335 8.541 8.180 7.794 7.382 6.945 6.482 5.995 5.482 4.943 4.380 3.791 3.176 2.829 2.962 3.099 3.239
4.654 4.403 4.123 3.814 3.475 3.108 2.712 2.286 1.908 1.740 1.888 2.025 2.153 2.272 2.381 2.481 2.571 2.652 2.724 2.785 2.838 2.881 3.018 3.155 3.293 3.432 3.572 3.713 3.855 3.998 4.142 4.287 4.432 4.568 4.633 4.686 4.729 4.761 4.783 4.794 4.793 4.783 4.761 4.728 4.685 4.700 5.034 5.391 5.773 6.179 6.609 7.063 7.541 8.043 8.570 9.120 9.695 10.055 9.581 9.082 8.557 8.007 7.432 6.831 6.205 5.554 4.877 4.175 3.448 2.936 3.087 3.241 3.400
4.926 4.610 4.340 4.086 3.845 3.618 3.406 3.208 3.023 2.857 2.971 3.075 3.170 3.256 3.332 3.398 3.455 3.503 3.541 3.569 3.588 3.587 3.723 3.865 4.007 4.150 4.295 4.440 4.586 4.733 4.881 5.031 5.181 5.329 5.346 5.351 5.346 5.330 5.303 5.266 5.218 5.159 5.089 5.009 4.918 4.851 5.292 5.757 6.246 6.759 7.297 7.859 8.444 9.054 9.688 10.346 11.029 11.594 11.007 10.394 9.757 9.094 8.405 7.692 6.953 6.189 5.399 4.585 3.745 3.040 3.208 3.380 3.556
5.600 5.366 5.146 4.941 4.749 4.572 4.409 4.260 4.125 4.004 4.061 4.133 4.194 4.246 4.289 4.322 4.346 4.360 4.365 4.360 4.346 4.311 4.427 4.572 4.719 4.867 5.015 5.165 5.315 5.467 5.619 5.773 5.927 6.082 6.069 6.027 5.974 5.910 5.835 5.750 5.654 5.547 5.429 5.301 5.162 5.012 5.524 6.096 6.693 7.314 7.959 8.628 9.321 10.038 10.780 11.545 12.335 13.149 12.456 11.731 10.980 10.205 9.404 8.577 7.726 6.849 5.947 5.019 4.082 3.225 3.489 3.772 4.074
6.293 6.109 5.938 5.782 5.639 5.511 5.397 5.297 5.211 5.140 5.159 5.197 5.225 5.244 5.254 5.254 5.244 5.225 5.197 5.159 5.112 5.043 5.128 5.278 5.429 5.581 5.734 5.888 6.042 6.198 6.355 6.512 6.671 6.831 6.803 6.713 6.612 6.500 6.377 6.244 6.100 5.945 5.780 5.604 5.417 5.219 5.730 6.410 7.114 7.842 8.594 9.371 10.171 10.996 11.845 12.718 13.614 14.535 13.930 12.994 11.961 10.957 9.980 9.031 8.110 7.216 6.350 5.511 4.701 3.918 4.191 4.560 4.947
6.972 6.837 6.715 6.608 6.515 6.436 6.371 6.320 6.284 6.261 6.264 6.269 6.264 6.249 6.226 6.192 6.150 6.098 6.036 5.965 5.885 5.783 5.828 5.982 6.137 6.293 6.450 6.608 6.767 6.927 7.088 7.250 7.413 7.577 7.548 7.410 7.261 7.101 6.931 6.750 6.558 6.355 6.142 5.917 5.683 5.437 5.909 6.697 7.508 8.344 9.180 9.972 10.730 11.455 12.147 12.805 13.429 14.020 13.417 12.480 11.570 10.689 9.835 9.008 8.209 7.438 6.695 5.979 5.291 4.631 4.873 5.327 5.800
7.637 7.551 7.478 7.420 7.376 7.346 7.330 7.329 7.341 7.368 7.376 7.347 7.309 7.262 7.205 7.139 7.063 6.977 6.883 6.778 6.665 6.530 6.525 6.683 6.843 7.003 7.164 7.327 7.490 7.654 7.819 7.986 8.153 8.321 8.304 8.118 7.921 7.713 7.495 7.266 7.026 6.809 6.620 6.431 6.240 6.048 6.447 7.224 7.968 8.678 9.354 9.997 10.607 11.183 11.725 12.234 12.710 13.152 12.752 11.938 11.151 10.392 9.661 8.957 8.281 7.633 7.012 6.419 5.853 5.315 5.535 6.075 6.633
8.287 8.250 8.227 8.218 8.223 8.242 8.276 8.323 8.384 8.460 8.495 8.433 8.362 8.281 8.191 8.092 7.983 7.864 7.737 7.599 7.453 7.284 7.220 7.383 7.546 7.711 7.877 8.043 8.211 8.379 8.549 8.719 8.898 9.098 9.149 8.963 8.775 8.587 8.398 8.208 8.016 7.824 7.631 7.436 7.241 7.045 7.252 7.880 8.474 9.036 9.563 10.058 10.518 10.945 11.339 11.699 12.026 12.319 12.061 11.369 10.705 10.069 9.460 8.879 8.325 7.799 7.301 6.830 6.387 5.971 6.177 6.802 7.445
8.924 8.936 8.962 9.002 9.056 9.124 9.206 9.303 9.413 9.538 9.621 9.526 9.422 9.308 9.185 9.052 8.910 8.759 8.598 8.428 8.248 8.046 7.913 8.039 8.150 8.280 8.430 8.600 8.790 8.999 9.229 9.478 9.747 10.036 10.197 10.006 9.814 9.621 9.427 9.232 9.036 8.839 8.641 8.442 8.242 8.041 8.091 8.570 9.016 9.428 9.807 10.153 10.465 10.743 10.988 11.200 11.378 11.523 11.342 10.773 10.231 9.717 9.231 8.772 8.341 7.937 7.561 7.213 6.892 6.599 6.799 7.509 8.238
9.546 9.607 9.682 9.771 9.874 9.991 10.123 10.268 10.428 10.601 10.755 10.627 10.489 10.342 10.186 10.010 9.700 9.391 9.081 8.772 8.463 8.154 7.893 8.072 8.270 8.489 8.727 8.985 9.263 9.561 9.879 10.216 10.573 10.950 11.245 11.049 10.853 10.655 10.456 10.257 10.056 9.854 9.651 9.448 9.243 9.037 8.964 9.295 9.592 9.856 10.086 10.283 10.446 10.576 10.673 10.736 10.765 10.761 10.596 10.149 9.730 9.339 8.975 8.638 8.329 8.048 7.794 7.568 7.369 7.198 7.401 8.196 9.010
10.154 10.264 10.388 10.526 10.678 10.845 11.025 11.219 11.399 11.457 11.530 11.229 10.919 10.609 10.300 9.990 9.681 9.372 9.063 8.754 8.445 8.136 7.828 8.081 8.368 8.675 9.002 9.348 9.714 10.100 10.506 10.931 11.376 11.842 12.293 12.092 11.891 11.688 11.485 11.281 11.075 10.869 10.661 10.453 10.244 10.033 9.872 10.054 10.202 10.317 10.399 10.447 10.462 10.444 10.392 10.307 10.188 10.036 9.823 9.498 9.202 8.932 8.691 8.476 8.290 8.131 7.999 7.895 7.819 7.770 7.983 8.862 9.762
10.748 10.861 10.866 10.886 10.921 10.972 11.037 11.118 11.213 11.324 11.449 11.207 10.898 10.588 10.279 9.970 9.661 9.353 9.044 8.736 8.428 8.119 7.811 8.069 8.444 8.839 9.253 9.688 10.142 10.616 11.110 11.623 12.157 12.710 13.283 13.135 12.929 12.722 12.514 12.305 12.094 11.883 11.671 11.458 11.244 11.029 10.813 10.847 10.847 10.814 10.747 10.647 10.514 10.347 10.146 9.913 9.646 9.345 9.022 8.820 8.645 8.498 8.379 8.287 8.222 8.185 8.176 8.194 8.240 8.313 8.544 9.509 10.493
10.250 10.293 10.351 10.424 10.511 10.614 10.732 10.865 11.013 11.176 11.354 11.185 10.876 10.567 10.259 9.950 9.642 9.334 9.026 8.718 8.410 8.102 7.794 8.034 8.497 8.980 9.483 10.005 10.547 11.109 11.691 12.293 12.914 13.555 14.216 14.177 13.967 13.755 13.542 13.328 13.113 12.898 12.681 12.463 12.244 12.024 11.803 11.675 11.526 11.345 11.130 10.881 10.600 10.285 9.936 9.554 9.139 8.691 8.209 8.115 8.062 8.037 8.040 8.070 8.127 8.212 8.325 8.465 8.632 8.805 8.972 9.947 10.946
9.617 9.712 9.822 9.948 10.088 10.243 10.414 10.599 10.800 11.015 11.246 11.163 10.855 10.546 10.238 9.930 9.622 9.314 9.007 8.699 8.392 8.085 7.777 7.977 8.528 9.099 9.690 10.300 10.930 11.580 12.250 12.939 13.648 14.377 15.126 15.220 15.004 14.788 14.570 14.352 14.132 13.912 13.690 13.468 13.244 13.019 12.794 12.536 12.240 11.910 11.547 11.150 10.720 10.257 9.761 9.231 8.668 8.071 7.441 7.382 7.535 7.798 8.032 8.237 8.412 8.558 8.674 8.762 8.820 8.848 8.848 9.854 10.956
8.970 9.118 9.280 9.458 9.651 9.859 10.082 10.320 10.573 10.841 11.124 11.141 10.833 10.525 10.217 9.910 9.603 9.295 8.988 8.681 8.374 8.068 7.761 7.897 8.536 9.195 9.874 10.572 11.290 12.028 12.786 13.563 14.360 15.177 16.013 16.262 16.041 15.820 15.598 15.375 15.151 14.925 14.699 14.472 14.244 14.015 13.784 13.432 12.988 12.510 11.999 11.443 10.893 10.388 9.929 9.514 9.145 8.821 8.542 8.615 8.777 8.910 9.014 9.089 9.134 9.150 9.137 9.094 9.022 8.921 8.790 9.738 10.943
8.310 8.510 8.725 8.955 9.201 9.461 9.736 10.027 10.332 10.653 10.988 11.119 10.812 10.504 10.197 9.890 9.583 9.276 8.969 8.663 8.357 8.050 7.744 7.796 8.523 9.269 10.036 10.822 11.628 12.454 13.299 14.164 15.049 15.953 16.877 17.303 17.079 16.853 16.626 16.398 16.169 15.939 15.640 15.221 14.786 14.336 13.871 13.347 12.817 12.331 11.891 11.496 11.147 10.842 10.583 10.369 10.200 10.076 9.998 10.015 10.048 10.051 10.025 9.969 9.885 9.771 9.628 9.455 9.254 9.023 8.762 9.599 10.907
7.636 7.889 8.157 8.439 8.737 9.050 9.377 9.720 10.078 10.451 10.838 11.097 10.790 10.483 10.176 9.870 9.563 9.257 8.951 8.645 8.339 8.033 7.727 7.672 8.486 9.321 10.175 11.049 11.943 12.856 13.789 14.742 15.715 16.665 17.557 18.045 17.666 17.271 16.860 16.434 15.993 15.536 15.064 14.576 14.073 13.555 13.021 12.551 12.221 11.936 11.696 11.502 11.352 11.248 11.189 11.176 11.207 11.284 11.405 11.444 11.346 11.220 11.064 10.879 10.664 10.421 10.148 9.846 9.514 9.154 8.764 9.437 10.847
6.949 7.254 7.575 7.910 8.260 8.625 9.005 9.400 9.810 10.235 10.675 11.075 10.768 10.462 10.156 9.849 9.543 9.238 8.932 8.626 8.321 8.015 7.710 7.525 8.419 9.304 10.191 11.079 11.969 12.859 13.752 14.645 15.540 16.436 17.333 17.966 17.518 17.055 16.576 16.081 15.571 15.046 14.505 13.949 13.378 12.791 12.189 11.708 11.578 11.494 11.454 11.460 11.511 11.607 11.748 11.934 12.166 12.443 12.764 12.900 12.673 12.417 12.131 11.816 11.472 11.099 10.697 10.265 9.804 9.314 8.794 9.251 10.765
6.249 6.607 6.979 7.367 7.769 8.186 8.619 9.066 9.529 10.006 10.498 11.005 10.747 10.441 10.135 9.829 9.518 9.172 8.835 8.505 8.183 7.871 7.567 7.270 8.133 9.024 9.917 10.811 11.707 12.604 13.502 14.402 15.302 16.205 17.108 17.904 17.388 16.856 16.308 15.745 15.167 14.573 13.964 13.340 12.700 12.045 11.374 10.819 10.889 11.005 11.165 11.371 11.622 11.918 12.259 12.646 13.077 13.553 14.075 14.385 14.029 13.643 13.227 12.783 12.309 11.806 11.274 10.713 10.122 9.503 8.854 9.043 10.659
5.536 5.946 6.371 6.810 7.265 7.735 8.219 8.719 9.234 9.755 10.247 10.733 10.534 10.184 9.843 9.509 9.182 8.864 8.553 8.249 7.954 7.668 7.392 7.122 7.845 8.743 9.642 10.542 11.444 12.347 13.251 14.157 15.064 15.972 16.882 17.793 17.274 16.674 16.058 15.426 14.780 14.118 13.440 12.748 12.039 11.316 10.577 9.883 10.153 10.469 10.829 11.235 11.686 12.182 12.723 13.309 13.940 14.616 15.338 15.898 15.412 14.896 14.352 13.778 13.174 12.542 11.880 11.190 10.470 9.721 8.942 8.811 10.531
4.809 5.271 5.760 6.275 6.783 7.286 7.782 8.271 8.754 9.231 9.701 10.165 10.086 9.763 9.448 9.141 8.841 8.549 8.264 7.987 7.718 7.459 7.210 6.966 7.556 8.460 9.365 10.272 11.180 12.089 12.999 13.911 14.824 15.738 16.654 17.571 17.178 16.509 15.825 15.125 14.410 13.680 12.934 12.173 11.396 10.604 9.797 8.974 9.370 9.886 10.446 11.052 11.702 12.398 13.139 13.924 14.755 15.631 16.552 17.440 16.824 16.179 15.504 14.801 14.068 13.306 12.515 11.695 10.846 9.968 9.060 8.557 10.379
4.391 4.897 5.397 5.890 6.377 6.857 7.331 7.798 8.259 8.714 9.162 9.604 9.632 9.335 9.047 8.766 8.493 8.227 7.969 7.719 7.476 7.244 7.021 6.804 7.266 8.176 9.087 10.000 10.914 11.829 12.746 13.664 14.583 15.503 16.425 17.348 17.098 16.361 15.608 14.841 14.057 13.259 12.445 11.615 10.771 9.910 9.035 8.144 8.541 9.256 10.016 10.821 11.671 12.567 13.507 14.492 15.523 16.598 17.719 18.884 18.263 17.489 16.685 15.852 14.991 14.099 13.179 12.230 11.251 10.244 9.207 8.288 10.225
4.079 4.563 5.040 5.511 5.976 6.434 6.886 7.332 7.771 8.203 8.629 9.049 9.171 8.901 8.639 8.385 8.138 7.899 7.667 7.443 7.227 7.022 6.826 6.636 6.975 7.891 8.808 9.727 10.647 11.568 12.491 13.415 14.340 15.267 16.195 17.124 17.036 16.230 15.410 14.573 13.722 12.855 11.973 11.075 10.162 9.234 8.290 7.331 7.665 8.579 9.539 10.544 11.594 12.688 13.828 15.013 16.242 17.517 18.837 20.202 19.731 18.828 17.882 16.893 15.886 14.863 13.824 12.768 11.696 10.608 9.502 8.381 10.171
3.773 4.235 4.690 5.139 5.582 6.018 6.448 6.871 7.288 7.699 8.103 8.501 8.704 8.461 8.225 7.997 7.777 7.564 7.359 7.162 6.972 6.793 6.624 6.461 6.682 7.604 8.528 9.452 10.379 11.306 12.235 13.165 14.096 15.029 15.963 16.898 16.990 16.117 15.228 14.323 13.404 12.468 11.518 10.552 9.571 8.575 7.563 6.536 6.742 7.856 9.015 10.219 11.468 12.902 14.604 16.183 17.641 18.978 20.192 21.285 20.865 19.835 18.789 17.726 16.646 15.550 14.438 13.309 12.164 11.002 9.823 8.629 10.104
3.474 3.913 4.347 4.774 5.194 5.608 6.016 6.417 6.812 7.201 7.583 7.959 8.231 8.014 7.805 7.604 7.410 7.224 7.045 6.874 6.711 6.558 6.416 6.279 6.388 7.316 8.246 9.177 10.109 11.042 11.977 12.914 13.851 14.790 15.730 16.671 16.962 16.020 15.063 14.090 13.102 12.099 11.081 10.047 9.294 9.292 9.162 8.905 9.592 11.363 13.013 14.541 15.948 17.233 18.396 19.438 20.358 21.156 21.832 22.387 21.934 20.831 19.711 18.575 17.422 16.253 15.067 13.865 12.647 11.412 10.161 8.893 10.025
