DATA/SHG/ECMWF/20170628/EN-13/20170708.en-13.asc
ncols        190
nrows        64
xllcorner    -5100000.000000000000
yllcorner    4130000.000000000000
cellsize     10000.000000000000
NODATA_value  -99999.000
[rows 32 to 63 of 64, columns 0 to 71 of 190]
4.554 4.779 4.576 4.335 4.098 3.863 3.632 3.404 3.178 2.956 2.737 2.522 2.309 2.099 2.411 2.757 3.109 3.466 3.828 4.197 4.570 4.950 5.334 5.725 6.120 6.522 8.333 10.225 12.176 14.185 16.252 18.377 20.561 22.804 25.104 27.463 29.880 32.282 31.117 29.904 28.643 27.334 25.978 24.574 23.122 21.623 20.076 18.434 16.709 14.989 14.392 13.785 13.168 12.541 11.903 11.256 10.598 9.931 9.253 8.565 7.867 7.239 7.379 7.511 7.635 7.750 7.858 7.957 8.049 8.132 8.207 8.274
4.520 4.701 4.567 4.337 4.110 3.886 3.666 3.448 3.234 3.023 2.815 2.610 2.408 2.209 2.456 2.822 3.193 3.569 3.951 4.339 4.732 5.131 5.535 5.945 6.360 6.781 8.559 10.655 12.810 15.023 17.294 19.624 22.011 24.457 26.962 29.524 32.145 34.824 33.987 32.607 31.173 29.675 28.112 26.484 24.792 23.035 21.214 19.328 17.377 15.362 14.611 13.969 13.317 12.654 11.981 11.299 10.606 9.903 9.190 8.467 7.733 6.990 7.065 7.168 7.264 7.352 7.431 7.502 7.566 7.621 7.668 7.707
4.499 4.636 4.554 4.335 4.119 3.906 3.696 3.490 3.286 3.086 2.889 2.694 2.503 2.315 2.496 2.880 3.271 3.667 4.068 4.475 4.888 5.306 5.729 6.158 6.593 7.033 8.724 11.024 13.382 15.799 18.274 20.807 23.398 26.251 29.087 31.887 34.649 37.375 36.966 35.371 33.711 31.987 30.198 28.345 26.427 24.444 22.397 20.286 18.110 15.869 14.841 14.163 13.475 12.777 12.069 11.351 10.623 9.885 9.137 8.378 7.610 6.831 6.758 6.834 6.902 6.961 7.013 7.056 7.091 7.118 7.137 7.148
4.492 4.586 4.538 4.330 4.124 3.922 3.724 3.528 3.335 3.145 2.959 2.776 2.595 2.418 2.529 2.933 3.343 3.758 4.179 4.605 5.037 5.475 5.917 6.366 6.820 7.303 9.411 12.378 15.308 18.201 21.057 23.875 26.657 29.401 32.109 34.779 37.413 40.009 40.019 38.198 36.312 34.362 32.348 30.269 28.125 25.917 23.645 21.307 18.906 16.440 15.080 14.367 13.644 12.910 12.167 11.414 10.650 9.877 9.093 8.300 7.496 6.682 6.460 6.508 6.547 6.579 6.602 6.618 6.625 6.624 6.615 6.598
4.499 4.549 4.518 4.321 4.127 3.935 3.747 3.562 3.380 3.202 3.026 2.854 2.684 2.518 2.556 2.979 3.409 3.843 4.323 5.055 5.887 6.816 7.844 8.970 10.195 11.518 13.499 16.337 19.137 21.901 24.628 27.317 29.970 32.585 35.164 37.705 40.210 42.677 43.133 41.086 38.975 36.800 34.560 32.255 29.886 27.453 24.955 22.393 19.766 17.075 15.329 14.580 13.822 13.053 12.275 11.486 10.688 9.879 9.060 8.231 7.393 6.544 6.170 6.190 6.201 6.205 6.200 6.188 6.167 6.138 6.101 6.056
4.519 4.526 4.496 4.309 4.125 3.945 3.768 3.594 3.423 3.255 3.090 2.937 2.808 2.684 2.709 3.391 4.172 5.051 6.028 7.104 8.278 9.551 10.921 12.390 13.958 15.624 17.620 20.328 23.000 25.635 28.232 30.793 33.316 35.803 38.252 40.665 43.040 45.379 46.310 44.038 41.701 39.300 36.835 34.305 31.711 29.052 26.329 23.542 20.690 17.774 15.587 14.804 14.010 13.206 12.393 11.569 10.735 9.891 9.037 8.173 7.299 6.415 5.889 5.880 5.864 5.839 5.807 5.766 5.717 5.660 5.595 5.522
4.554 4.517 4.468 4.294 4.132 3.989 3.850 3.715 3.584 3.458 3.335 3.217 3.103 2.993 2.935 3.961 5.085 6.307 7.627 9.046 10.563 12.178 13.891 15.703 17.613 19.621 21.773 24.353 26.895 29.401 31.870 34.301 36.696 39.054 41.374 43.658 45.904 48.114 49.549 47.051 44.489 41.863 39.173 36.418 33.598 30.715 27.767 24.754 21.677 18.536 15.856 15.037 14.208 13.369 12.521 11.662 10.793 9.913 9.024 8.125 7.216 6.297 5.615 5.579 5.534 5.482 5.421 5.352 5.276 5.191 5.188 5.257
4.618 4.585 4.557 4.439 4.306 4.178 4.053 3.932 3.816 3.704 3.596 3.492 3.392 3.297 3.205 4.425 5.891 7.456 9.119 10.880 12.740 14.697 16.753 18.907 21.159 23.509 25.958 28.410 30.824 33.200 35.540 37.843 40.109 42.338 44.529 46.684 48.802 50.883 52.850 50.127 47.340 44.489 41.573 38.593 35.549 32.440 29.267 26.030 22.729 19.363 16.134 15.280 14.416 13.542 12.658 11.764 10.860 9.946 9.021 8.087 7.143 6.188 5.349 5.327 5.338 5.365 5.409 5.469 5.546 5.640 5.750 5.877
4.699 4.686 4.678 4.594 4.476 4.361 4.251 4.145 4.043 3.945 3.852 3.762 3.677 3.596 3.519 4.782 6.592 8.499 10.504 12.608 14.809 17.109 19.507 22.003 24.597 27.289 30.080 32.500 34.785 37.033 39.244 41.418 43.555 45.655 47.718 49.744 51.734 53.686 55.601 53.265 50.253 47.177 44.036 40.831 37.562 34.229 30.831 27.370 23.843 20.253 16.598 15.533 14.634 13.725 12.806 11.877 10.952 10.032 9.110 8.188 7.265 6.341 5.418 5.470 5.538 5.623 5.724 5.842 5.977 6.128 6.296 6.481
4.773 4.780 4.793 4.745 4.641 4.541 4.445 4.353 4.266 4.182 4.103 4.028 3.957 3.890 3.827 5.034 7.186 9.435 11.783 14.229 16.772 19.414 22.154 24.992 27.928 30.962 34.093 36.622 38.778 40.898 42.980 45.025 47.034 49.005 50.940 52.838 54.698 56.522 58.309 56.465 53.228 49.927 46.562 43.132 39.639 36.081 32.459 28.772 25.022 21.104 17.279 15.786 14.866 13.945 13.023 12.101 11.178 10.255 9.330 8.405 7.479 6.553 5.625 5.596 5.722 5.864 6.024 6.199 6.392 6.601 6.826 7.068
4.841 4.868 4.901 4.890 4.801 4.715 4.634 4.556 4.483 4.414 4.349 4.289 4.232 4.179 4.131 5.181 7.674 10.266 12.955 15.743 18.628 21.612 24.693 27.873 31.150 34.525 37.999 40.778 42.805 44.796 46.749 48.666 50.546 52.389 54.195 55.965 57.697 59.392 61.051 59.727 56.266 52.740 48.405 44.133 39.987 35.967 32.073 28.306 24.666 21.152 17.764 16.026 15.103 14.180 13.255 12.330 11.405 10.478 9.551 8.623 7.694 6.765 5.835 5.706 5.890 6.090 6.307 6.540 6.790 7.056 7.340 7.639
4.902 4.949 5.003 5.031 4.956 4.885 4.818 4.755 4.696 4.641 4.591 4.545 4.502 4.464 4.430 5.221 8.057 10.990 14.021 17.150 20.377 23.702 27.125 30.646 34.265 37.981 41.796 44.966 46.865 48.727 50.552 52.340 54.092 55.806 57.456 57.924 58.372 58.800 59.208 57.521 53.308 49.221 45.261 41.427 37.719 34.137 30.682 27.353 24.150 21.074 18.124 16.267 15.341 14.415 13.488 12.560 11.632 10.702 9.772 8.842 7.910 6.978 6.045 5.800 6.041 6.299 6.573 6.864 7.172 7.496 7.836 8.194
4.956 5.024 5.098 5.168 5.107 5.050 4.997 4.949 4.904 4.864 4.828 4.796 4.768 4.744 4.725 5.156 8.333 11.608 14.981 18.451 22.020 25.686 29.450 33.312 37.272 41.330 45.485 49.033 49.572 50.090 50.589 51.068 51.527 51.967 52.387 52.786 53.167 53.527 53.868 52.940 49.165 45.516 41.994 38.598 35.328 32.184 29.167 26.275 23.510 20.872 18.359 16.509 15.580 14.651 13.721 12.791 11.859 10.927 9.995 9.061 8.127 7.192 6.257 5.878 6.177 6.492 6.824 7.172 7.537 7.919 8.317 8.732
5.004 5.092 5.186 5.286 5.253 5.210 5.172 5.138 5.108 5.082 5.060 5.042 5.029 5.019 5.014 5.013 8.505 12.121 15.835 19.646 23.425 26.737 29.955 33.078 36.107 39.042 41.883 44.464 44.935 45.386 45.817 46.228 46.619 46.991 47.343 47.675 47.988 48.281 48.554 48.237 44.900 41.689 38.605 35.646 32.814 30.108 27.528 25.074 22.746 20.545 18.469 16.751 15.820 14.888 13.955 13.022 12.088 11.153 10.217 9.281 8.344 7.407 6.468 5.940 6.296 6.669 7.058 7.464 7.886 8.325 8.781 9.253
5.046 5.154 5.268 5.388 5.394 5.366 5.342 5.322 5.306 5.295 5.287 5.284 5.285 5.258 5.170 5.085 7.976 11.338 14.607 17.781 20.861 23.846 26.737 29.534 32.237 34.845 37.359 39.779 40.324 40.707 41.070 41.414 41.738 42.042 42.326 42.591 42.836 43.061 43.266 43.412 40.513 37.740 35.093 32.572 30.177 27.909 25.766 23.749 21.858 20.094 18.455 16.994 16.060 15.125 14.190 13.253 12.317 11.379 10.441 9.502 8.562 7.622 6.681 5.985 6.399 6.829 7.276 7.739 8.219 8.716 9.229 9.758
5.081 5.209 5.344 5.484 5.530 5.517 5.468 5.374 5.282 5.192 5.104 5.017 4.933 4.850 4.769 4.690 6.821 9.856 12.798 15.646 18.399 21.058 23.622 26.093 28.469 30.751 32.939 35.032 35.739 36.055 36.350 36.626 36.883 37.119 37.336 37.533 37.710 37.868 38.005 38.123 36.005 33.669 31.459 29.376 27.418 25.586 23.880 22.300 20.846 19.518 18.316 17.240 16.300 15.363 14.425 13.486 12.546 11.606 10.665 9.723 8.781 7.838 6.894 6.015 6.486 6.974 7.478 7.999 8.536 9.090 9.660 10.247
5.003 5.073 5.139 5.202 5.194 5.103 5.014 4.926 4.841 4.757 4.675 4.595 4.517 4.441 4.367 4.294 5.767 8.476 11.091 13.612 16.039 18.371 20.610 22.754 24.804 26.760 28.622 30.389 31.181 31.429 31.657 31.865 32.053 32.222 32.371 32.501 32.611 32.701 32.771 32.821 31.375 29.476 27.704 26.057 24.536 23.140 21.871 20.728 19.710 18.819 18.053 17.413 16.542 15.602 14.661 13.719 12.777 11.834 10.890 9.945 9.000 8.054 7.107 6.160 6.557 7.108 7.723 8.331 8.930 9.522 10.106 10.683
4.549 4.607 4.663 4.715 4.725 4.640 4.558 4.477 4.398 4.320 4.245 4.172 4.100 4.030 3.962 3.896 4.814 7.197 9.485 11.680 13.781 15.787 17.700 19.518 21.242 22.872 24.408 25.850 26.648 26.828 26.989 27.129 27.250 27.352 27.433 27.495 27.538 27.560 27.563 27.546 26.624 25.162 23.826 22.615 21.531 20.572 19.739 19.032 18.451 17.995 17.666 17.462 16.784 15.841 14.897 13.953 13.008 12.062 11.110 10.154 9.246 8.386 7.573 6.807 7.108 7.704 8.292 8.873 9.446 10.011 10.568 11.118
4.098 4.146 4.191 4.232 4.254 4.176 4.100 4.026 3.953 3.882 3.814 3.747 3.682 3.618 3.557 3.497 3.961 6.018 7.981 9.850 11.624 13.305 14.891 16.384 17.782 19.087 20.297 21.413 22.142 22.254 22.347 22.420 22.474 22.507 22.522 22.516 22.491 22.446 22.381 22.297 21.751 20.725 19.826 19.052 18.403 17.881 17.484 17.213 17.067 17.048 17.154 17.351 16.804 15.728 14.699 13.718 12.784 11.898 11.059 10.268 9.524 8.827 8.178 7.577 7.737 8.307 8.868 9.422 9.968 10.506 11.037 11.559
3.651 3.688 3.722 3.753 3.781 3.711 3.641 3.573 3.507 3.443 3.381 3.320 3.262 3.205 3.150 3.097 3.210 4.941 6.578 8.121 9.570 10.925 12.185 13.352 14.425 15.404 16.289 17.080 17.661 17.706 17.731 17.737 17.723 17.689 17.636 17.563 17.470 17.358 17.226 17.074 16.757 16.168 15.704 15.366 15.235 15.357 15.476 15.593 15.708 15.819 15.929 16.036 15.722 14.810 13.946 13.129 12.359 11.637 10.962 10.335 9.755 9.222 8.737 8.300 8.374 8.916 9.451 9.978 10.497 11.008 11.512 12.008
3.208 3.235 3.258 3.279 3.296 3.244 3.181 3.119 3.060 3.002 2.946 2.892 2.840 2.790 2.741 2.695 2.650 3.965 5.276 6.493 7.616 8.646 9.581 10.423 11.170 11.824 12.384 12.850 13.206 13.183 13.141 13.080 12.998 12.897 12.776 12.636 12.476 12.490 12.849 13.198 13.504 13.627 13.749 13.867 13.983 14.097 14.208 14.316 14.422 14.526 14.627 14.725 14.595 13.848 13.147 12.494 11.888 11.330 10.819 10.356 9.940 9.571 9.250 8.976 9.017 9.532 10.040 10.540 11.033 11.517 11.994 12.463
2.769 2.785 2.798 2.808 2.814 2.776 2.719 2.664 2.611 2.560 2.510 2.463 2.417 2.373 2.331 2.291 2.253 3.089 4.075 4.967 5.765 6.469 7.079 7.595 8.018 8.346 8.581 8.722 8.769 8.687 8.800 9.197 9.584 9.960 10.325 10.680 11.024 11.357 11.679 11.991 12.290 12.405 12.518 12.628 12.736 12.841 12.943 13.043 13.141 13.236 13.328 13.418 13.423 12.839 12.303 11.814 11.372 10.977 10.630 10.331 10.078 9.874 9.716 9.606 9.666 10.155 10.636 11.109 11.575 12.033 12.483 12.925
2.334 2.340 2.342 2.341 2.337 2.306 2.256 2.207 2.161 2.116 2.073 2.032 1.993 1.955 1.920 1.886 1.854 2.314 2.974 3.541 4.014 4.393 4.678 5.024 5.483 5.929 6.361 6.778 7.181 7.565 7.937 8.297 8.647 8.986 9.314 9.632 9.939 10.236 10.521 10.796 11.061 11.187 11.292 11.393 11.492 11.589 11.683 11.774 11.864 11.950 12.034 12.116 12.195 11.786 11.413 11.088 10.810 10.579 10.396 10.260 10.171 10.130 10.136 10.190 10.322 10.784 11.238 11.685 12.124 12.555 12.978 13.394
1.903 1.898 1.889 1.878 1.863 1.835 1.791 1.749 1.709 1.671 1.634 1.600 1.567 1.536 1.507 1.479 1.477 1.730 2.226 2.708 3.175 3.628 4.068 4.493 4.904 5.301 5.684 6.052 6.407 6.751 7.085 7.409 7.722 8.024 8.316 8.597 8.867 9.127 9.376 9.614 9.841 9.973 10.069 10.162 10.253 10.341 10.427 10.510 10.590 10.668 10.744 10.817 10.887 10.687 10.478 10.316 10.202 10.135 10.115 10.143 10.218 10.340 10.510 10.727 10.991 11.420 11.848 12.267 12.679 13.084 13.480 13.869
1.476 1.460 1.441 1.419 1.393 1.363 1.325 1.290 1.256 1.256 1.270 1.284 1.297 1.310 1.322 1.334 1.345 1.507 1.954 2.387 2.806 3.210 3.601 3.977 4.340 4.688 5.022 5.342 5.648 5.948 6.246 6.533 6.809 7.075 7.329 7.574 7.807 8.030 8.242 8.444 8.634 8.763 8.850 8.935 9.017 9.097 9.174 9.249 9.321 9.390 9.457 9.522 9.584 9.543 9.497 9.499 9.549 9.645 9.789 9.980 10.219 10.505 10.838 11.218 11.646 12.062 12.463 12.856 13.241 13.619 13.989 14.351
1.053 1.026 1.034 1.050 1.066 1.082 1.096 1.110 1.124 1.137 1.149 1.162 1.173 1.184 1.195 1.205 1.215 1.299 1.697 2.081 2.451 2.807 3.149 3.477 3.791 4.091 4.376 4.648 4.905 5.158 5.418 5.669 5.908 6.137 6.355 6.562 6.759 6.945 7.121 7.286 7.440 7.557 7.636 7.712 7.786 7.857 7.926 7.992 8.055 8.117 8.175 8.231 8.285 8.353 8.472 8.637 8.850 9.110 9.417 9.772 10.174 10.623 11.119 11.663 12.254 12.711 13.085 13.452 13.810 13.967 14.058 14.152
0.901 0.917 0.931 0.945 0.958 0.970 0.983 0.995 1.007 1.018 1.029 1.040 1.050 1.060 1.069 1.077 1.085 1.106 1.455 1.791 2.112 2.420 2.713 2.992 3.258 3.509 3.746 3.968 4.177 4.379 4.603 4.816 5.019 5.211 5.393 5.563 5.723 5.873 6.012 6.140 6.257 6.355 6.425 6.493 6.558 6.621 6.681 6.739 6.794 6.847 6.897 6.944 6.990 7.119 7.400 7.729 8.106 8.529 9.000 9.518 10.083 10.695 11.196 11.643 12.070 12.307 12.398 12.491 12.586 12.683 12.783 12.884
0.806 0.819 0.830 0.841 0.851 0.859 0.870 0.881 0.891 0.901 0.910 0.919 0.927 0.935 0.943 0.950 0.956 0.962 1.229 1.516 1.789 2.048 2.292 2.523 2.739 2.942 3.130 3.305 3.465 3.612 3.799 3.976 4.142 4.298 4.442 4.576 4.700 4.812 4.915 5.006 5.087 5.156 5.218 5.278 5.334 5.389 5.440 5.490 5.536 5.581 5.622 5.662 5.698 5.839 6.284 6.804 7.316 7.810 8.285 8.742 9.180 9.600 10.001 10.383 10.748 10.994 11.092 11.192 11.295 11.400 11.506 11.615
0.712 0.722 0.730 0.738 0.744 0.750 0.758 0.767 0.776 0.784 0.792 0.799 0.806 0.812 0.818 0.823 0.828 0.832 1.018 1.256 1.480 1.690 1.887 2.069 2.237 2.391 2.530 2.656 2.768 2.866 3.008 3.148 3.277 3.396 3.504 3.601 3.688 3.764 3.830 3.884 3.928 3.962 4.015 4.066 4.114 4.160 4.204 4.244 4.383 4.531 4.673 4.810 4.942 5.120 5.606 6.073 6.522 6.952 7.363 7.756 8.131 8.487 8.825 9.144 9.444 9.679 9.785 9.893 10.003 10.115 10.229 10.346
0.619 0.626 0.631 0.636 0.639 0.642 0.646 0.654 0.661 0.667 0.674 0.679 0.684 0.689 0.693 0.697 0.700 0.703 0.821 1.011 1.187 1.348 1.496 1.630 1.749 1.854 1.946 2.023 2.086 2.136 2.228 2.331 2.424 2.506 2.578 2.638 2.688 2.728 2.757 2.775 2.782 2.893 3.053 3.214 3.370 3.521 3.666 3.807 3.941 4.071 4.195 4.314 4.428 4.536 4.958 5.361 5.746 6.113 6.461 6.790 7.101 7.394 7.668 7.923 8.160 8.365 8.478 8.593 8.711 8.830 8.952 9.076
0.528 0.531 0.533 0.535 0.535 0.535 0.536 0.541 0.547 0.552 0.556 0.560 0.564 0.567 0.569 0.571 0.573 0.574 0.640 0.781 0.909 1.022 1.121 1.206 1.277 1.334 1.377 1.405 1.420 1.421 1.460 1.527 1.583 1.628 1.762 1.893 2.020 2.143 2.261 2.376 2.486 2.591 2.726 2.869 3.007 3.140 3.267 3.389 3.506 3.617 3.723 3.824 3.919 4.009 4.328 4.668 4.990 5.293 5.577 5.843 6.090 6.319 6.530 6.721 6.895 7.050 7.170 7.293 7.418 7.545 7.674 7.805
0.437 0.437 0.436 0.435 0.432 0.429 0.425 0.430 0.433 0.437 0.440 0.442 0.444 0.445 0.446 0.446 0.446 0.446 0.474 0.567 0.645 0.710 0.761 0.797 0.820 0.828 0.825 0.878 0.927 0.974 1.058 1.192 1.321 1.446 1.567 1.684 1.796 1.904 2.008 2.108 2.203 2.294 2.405 2.530 2.650 2.764 2.873 2.977 3.076 3.169 3.257 3.339 3.417 3.489 3.718 3.994 4.252 4.491 4.712 4.915 5.098 5.264 5.411 5.539 5.649 5.740 5.862 5.992 6.124 6.259 6.395 6.534
