DATA/SHG/ECMWF/20170628/EN-13/20170706.en-13.asc
ncols        190
nrows        64
xllcorner    -5100000.000000000000
yllcorner    4130000.000000000000
cellsize     10000.000000000000
NODATA_value  -99999.000
[rows 32 to 63 of 64, columns 0 to 72 of 190]
4.094 4.436 4.418 4.352 4.272 4.180 4.075 3.956 3.825 3.681 3.524 3.354 3.171 2.975 2.937 2.902 2.861 2.814 2.761 2.703 2.639 2.569 2.493 2.411 2.323 2.230 2.743 3.272 3.807 4.349 4.898 5.453 6.014 6.582 7.156 7.737 8.324 8.902 8.697 8.480 8.251 8.010 7.757 7.492 7.214 6.925 6.624 6.430 6.294 6.174 6.179 6.156 6.105 6.024 5.915 5.778 5.611 5.416 5.192 4.939 4.658 4.391 4.528 4.665 4.801 4.938 5.073 5.209 5.344 5.478 5.612 5.746 5.879
5.070 5.452 5.470 5.358 5.233 5.095 4.945 4.781 4.605 4.415 4.213 3.997 3.769 3.528 3.437 3.381 3.320 3.253 3.180 3.101 3.016 2.926 2.829 2.727 2.619 2.505 2.943 3.495 4.053 4.618 5.189 5.766 6.350 6.941 7.538 8.141 8.751 9.368 9.227 8.968 8.781 8.621 8.467 8.320 8.181 8.048 7.922 7.803 7.691 7.587 7.490 7.367 7.215 7.035 6.826 6.588 6.321 6.026 5.702 5.349 4.968 4.558 4.670 4.805 4.940 5.075 5.210 5.344 5.477 5.610 5.743 5.876 6.008
6.032 6.453 6.535 6.378 6.207 6.024 5.828 5.619 5.397 5.162 4.914 4.653 4.380 4.093 3.943 3.867 3.785 3.697 3.604 3.504 3.399 3.288 3.172 3.049 2.921 2.786 3.136 3.711 4.292 4.879 5.473 6.073 6.680 7.396 8.113 8.819 9.517 10.205 10.272 10.121 9.978 9.841 9.711 9.589 9.473 9.364 9.262 9.168 9.080 8.999 8.828 8.605 8.353 8.073 7.763 7.425 7.059 6.664 6.240 5.787 5.306 4.796 4.812 4.946 5.080 5.213 5.346 5.479 5.611 5.743 5.874 6.005 6.136
6.979 7.441 7.613 7.410 7.194 6.966 6.724 6.470 6.202 5.922 5.629 5.323 5.004 4.672 4.454 4.358 4.255 4.147 4.033 3.914 3.788 3.657 3.520 3.377 3.228 3.080 3.499 4.249 4.989 5.720 6.441 7.153 7.855 8.548 9.231 9.905 10.569 11.224 11.411 11.285 11.165 11.053 10.947 10.849 10.757 10.672 10.594 10.523 10.460 10.403 10.193 9.870 9.518 9.137 8.728 8.290 7.823 7.328 6.805 6.252 5.671 5.061 4.954 5.087 5.219 5.351 5.483 5.614 5.745 5.876 6.006 6.135 6.265
7.913 8.414 8.703 8.455 8.194 7.920 7.633 7.333 7.021 6.695 6.357 6.005 5.641 5.264 4.971 4.854 4.731 4.603 4.485 4.454 4.437 4.435 4.446 4.472 4.512 4.565 4.891 5.608 6.315 7.013 7.701 8.379 9.049 9.708 10.358 10.999 11.629 12.251 12.543 12.440 12.345 12.256 12.174 12.100 12.032 11.971 11.917 11.871 11.831 11.798 11.584 11.161 10.709 10.229 9.719 9.182 8.615 8.020 7.397 6.745 6.064 5.354 5.096 5.227 5.358 5.489 5.620 5.750 5.879 6.008 6.137 6.266 6.394
8.833 9.374 9.807 9.513 9.207 8.888 8.555 8.210 7.852 7.481 7.098 6.707 6.334 5.972 5.678 5.640 5.616 5.606 5.610 5.628 5.660 5.707 5.767 5.842 5.931 6.034 6.292 6.976 7.650 8.314 8.969 9.614 10.250 10.876 11.493 12.100 12.698 13.286 13.665 13.587 13.515 13.451 13.393 13.342 13.299 13.262 13.232 13.209 13.193 13.184 13.002 12.479 11.927 11.347 10.738 10.100 9.434 8.740 8.016 7.264 6.484 5.675 5.238 5.368 5.498 5.628 5.757 5.885 6.013 6.141 6.269 6.396 6.523
9.739 10.319 10.911 10.584 10.205 9.795 9.395 9.005 8.627 8.258 7.901 7.554 7.217 6.891 6.590 6.601 6.626 6.665 6.718 6.785 6.866 6.962 7.072 7.195 7.333 7.485 7.701 8.351 8.992 9.623 10.245 10.857 11.459 12.053 12.636 13.210 13.775 14.330 14.780 14.725 14.678 14.637 14.603 14.576 14.557 14.544 14.538 14.539 14.547 14.562 14.447 13.824 13.172 12.492 11.784 11.046 10.280 9.486 8.663 7.811 6.931 6.022 5.381 5.510 5.638 5.766 5.894 6.021 6.148 6.274 6.827 7.786 8.892
10.318 10.854 11.403 11.167 10.783 10.409 10.046 9.693 9.351 9.019 8.698 8.388 8.088 7.798 7.520 7.545 7.619 7.707 7.809 7.926 8.056 8.201 8.359 8.532 8.719 8.920 9.135 9.735 10.342 10.940 11.529 12.108 12.677 13.237 13.788 14.328 14.860 15.382 15.886 15.855 15.831 15.815 15.805 15.802 15.806 15.817 15.835 15.860 15.892 15.931 15.918 15.196 14.444 13.664 12.856 12.019 11.154 10.260 9.337 8.386 7.406 6.398 5.523 5.777 6.216 6.801 7.534 8.414 9.442 10.616 11.938 13.407 15.024
10.571 11.152 11.746 11.696 11.348 11.011 10.685 10.368 10.063 9.768 9.483 9.209 8.946 8.693 8.451 8.473 8.596 8.733 8.885 9.050 9.229 9.423 9.631 9.853 10.088 10.338 10.603 11.126 11.700 12.265 12.821 13.366 13.903 14.430 14.947 15.455 15.953 16.442 16.921 16.976 16.977 16.984 16.998 17.019 17.047 17.082 17.124 17.173 17.229 17.291 17.361 16.594 15.743 14.864 13.956 13.019 12.146 11.269 10.358 9.412 8.431 7.415 6.368 7.170 8.119 9.216 10.459 11.849 13.387 15.072 16.903 18.882 21.008
10.810 11.435 12.074 12.213 11.902 11.601 11.311 11.032 10.763 10.504 10.256 10.019 9.792 9.576 9.370 9.385 9.557 9.743 9.943 10.158 10.386 10.629 10.885 11.156 11.441 11.740 12.053 12.526 13.067 13.598 14.121 14.633 15.137 15.630 16.115 16.589 17.055 17.510 17.957 18.089 18.113 18.144 18.183 18.228 18.279 18.338 18.404 18.477 18.557 18.815 19.015 18.410 17.586 16.727 15.833 14.905 13.942 12.944 11.912 10.845 9.743 8.607 7.436 8.420 9.879 11.486 13.239 15.139 17.187 19.381 21.723 24.211 26.847
11.034 11.704 12.387 12.718 12.443 12.179 11.925 11.682 11.450 11.228 11.017 10.816 10.625 10.446 10.276 10.280 10.501 10.736 10.986 11.249 11.527 11.818 12.124 12.443 12.777 13.125 13.487 13.933 14.441 14.940 15.429 15.908 16.379 16.839 17.290 17.732 18.164 18.587 19.000 19.193 19.242 19.297 19.904 20.456 20.908 21.260 21.512 21.664 21.716 21.667 21.519 20.842 19.897 18.917 17.902 16.853 15.769 14.651 13.498 12.310 11.088 9.831 8.539 9.526 11.495 13.611 15.875 18.285 20.841 23.545 26.396 29.394 32.538
11.243 11.958 12.686 13.210 12.972 12.745 12.528 12.321 12.125 11.940 11.765 11.601 11.447 11.303 11.171 11.159 11.429 11.714 12.012 12.324 12.650 12.991 13.345 13.714 14.097 14.493 14.904 15.348 15.823 16.289 16.745 17.191 17.629 18.056 18.485 19.435 20.510 21.709 23.032 24.079 24.583 24.987 25.291 25.495 25.599 25.602 25.506 25.309 25.013 24.616 24.119 23.305 22.239 21.138 20.003 18.833 17.629 16.389 15.116 13.807 12.464 11.087 9.675 10.489 12.968 15.593 18.366 21.285 24.351 27.564 30.924 34.430 38.084
11.438 12.198 12.970 13.691 13.489 13.298 13.118 12.948 12.788 12.639 12.501 12.373 12.256 12.149 12.052 12.022 12.341 12.674 13.022 13.383 13.758 14.147 14.551 14.968 15.400 15.845 16.305 16.771 17.281 17.916 18.676 19.560 20.569 21.702 22.960 24.342 25.849 27.481 29.237 30.607 30.763 30.818 30.773 30.629 30.384 30.039 29.595 29.050 28.405 27.660 26.816 25.800 24.613 23.392 22.136 20.845 19.520 18.160 16.766 15.337 13.873 12.375 10.843 11.309 14.297 17.432 20.713 24.141 27.716 31.438 35.306 39.321 43.483
11.619 12.423 13.240 14.069 13.994 13.840 13.696 13.562 13.439 13.327 13.225 13.133 13.052 12.982 12.922 12.872 13.237 13.619 14.015 14.425 14.905 15.542 16.116 16.626 17.073 17.457 17.778 18.084 19.027 20.095 21.287 22.604 24.045 25.610 27.301 29.115 31.054 33.118 35.306 37.228 37.035 36.743 36.350 35.857 35.264 34.571 33.779 32.886 31.893 30.801 29.608 28.326 27.019 25.677 24.300 22.889 21.443 19.963 18.448 16.899 15.315 13.696 12.043 11.986 15.483 19.126 22.916 26.853 30.937 35.167 39.544 44.067 48.737
11.785 12.633 13.495 14.369 14.487 14.369 14.261 14.164 14.078 14.002 13.936 13.881 13.837 13.908 14.275 14.769 15.471 16.141 16.747 17.290 17.770 18.187 18.540 18.831 19.058 19.222 19.323 19.360 20.640 22.141 23.765 25.514 27.388 29.385 31.508 33.754 36.125 38.621 41.240 43.943 43.402 42.761 42.020 41.179 40.239 39.198 38.058 36.817 35.477 34.037 32.497 30.884 29.456 27.993 26.496 24.964 23.398 21.797 20.162 18.492 16.788 15.049 13.276 12.520 16.525 20.677 24.976 29.421 34.013 38.751 43.636 48.667 53.845
11.936 12.829 13.735 14.654 14.968 14.886 14.768 14.686 14.732 14.905 15.205 15.633 16.188 16.871 17.680 18.618 19.280 19.729 20.116 20.439 20.698 20.895 21.029 21.099 21.106 21.050 20.931 20.749 22.122 24.055 26.111 28.292 30.598 33.027 35.581 38.260 41.062 43.989 47.040 50.216 49.862 48.873 47.785 46.596 45.308 43.920 42.432 40.844 39.156 37.369 35.481 33.494 31.924 30.341 28.723 27.071 25.385 23.664 21.908 20.118 18.293 16.434 14.540 12.911 17.425 22.085 26.892 31.845 36.944 42.190 47.583 53.122 58.754
11.769 12.466 13.141 13.793 14.149 14.256 14.490 14.852 15.340 15.956 16.700 17.570 18.568 19.693 20.946 22.325 23.151 23.381 23.547 23.650 23.690 23.666 23.580 23.431 23.218 22.943 22.604 22.202 23.472 25.837 28.325 30.938 33.675 36.536 39.522 42.631 45.865 49.223 52.706 56.312 56.416 55.079 53.643 52.107 50.471 48.736 46.900 44.965 42.931 40.796 38.562 36.227 34.424 32.721 30.983 29.210 27.403 25.562 23.686 21.776 19.831 17.851 15.837 13.789 18.182 23.298 27.860 32.272 36.535 40.648 44.613 48.428 52.094
10.531 11.150 11.746 12.319 12.847 13.397 14.074 14.879 15.810 16.869 18.055 19.368 20.808 22.375 24.070 25.892 27.085 27.094 27.041 26.924 26.744 26.501 26.195 25.826 25.394 24.899 24.341 23.719 24.691 27.487 30.407 33.451 36.620 39.912 43.329 46.870 50.535 54.324 58.237 62.274 63.063 61.379 59.595 57.712 55.729 53.647 51.464 49.182 46.800 44.319 41.738 39.057 36.956 35.132 33.274 31.381 29.454 27.492 25.414 22.882 20.409 17.996 15.642 13.349 16.189 20.385 24.431 28.329 32.078 35.677 39.128 42.429 45.581
9.320 9.860 10.377 10.872 11.408 12.401 13.520 14.767 16.141 17.642 19.270 21.025 22.908 24.917 27.054 29.318 31.081 30.871 30.597 30.261 29.861 29.399 28.873 28.285 27.633 26.919 26.141 25.301 25.779 29.006 32.357 35.833 39.432 43.156 47.003 50.975 55.071 59.290 63.634 68.102 69.803 67.772 65.642 63.412 61.082 58.652 56.123 53.494 50.766 47.937 45.010 41.790 38.496 35.811 33.186 30.621 28.116 25.670 23.284 20.958 18.692 16.485 14.338 12.251 13.934 17.616 21.149 24.533 27.767 30.853 33.790 36.578 39.216
8.136 8.597 9.035 9.451 9.844 11.266 12.828 14.517 16.333 18.276 20.346 22.544 24.868 27.319 29.897 32.603 35.140 34.710 34.217 33.661 33.042 32.360 31.615 30.807 29.936 29.002 28.006 26.946 26.735 30.393 34.176 38.082 42.112 46.266 50.545 54.947 59.473 64.123 68.898 73.796 76.637 74.260 71.782 69.205 66.074 61.795 57.616 53.539 49.562 45.686 41.911 38.237 35.071 32.593 30.175 27.816 25.517 23.278 21.099 18.979 16.919 14.919 12.978 11.097 11.825 14.993 18.012 20.882 23.603 26.176 28.599 30.873 32.999
6.977 7.360 7.720 8.057 8.371 9.994 11.998 14.129 16.387 18.772 21.284 23.923 26.688 29.581 32.601 35.747 39.021 38.611 37.899 37.124 36.285 35.384 34.420 33.393 32.303 31.150 29.934 28.655 27.560 31.649 35.862 40.199 44.660 49.245 53.953 58.786 63.743 68.228 71.565 74.769 76.714 72.381 68.148 64.016 59.985 56.055 52.226 48.497 44.869 41.342 37.916 34.590 31.592 29.321 27.109 24.957 22.864 20.831 18.858 16.945 15.091 13.297 11.563 9.888 9.860 12.515 15.020 17.377 19.585 21.644 23.554 25.316 26.928
5.845 6.149 6.430 6.689 6.925 8.585 11.030 13.603 16.303 19.129 22.082 25.162 28.369 31.703 35.164 38.752 42.466 42.575 41.644 40.649 39.592 38.471 37.288 36.042 34.733 33.361 31.926 30.428 28.867 32.774 37.086 40.895 44.571 48.114 51.524 54.802 57.946 60.957 63.836 66.581 69.137 65.152 61.269 57.486 53.804 50.222 46.742 43.362 40.082 36.904 33.826 30.849 28.059 25.994 23.988 22.043 20.156 18.330 16.563 14.856 13.208 11.620 10.092 8.623 8.040 10.181 12.174 14.018 15.713 17.259 18.656 19.905 21.005
4.740 4.965 5.168 5.348 5.505 7.038 9.925 12.939 16.080 19.347 22.742 26.263 29.911 33.686 37.587 41.616 45.771 46.601 45.451 44.237 42.961 41.621 40.219 38.314 36.018 33.786 31.618 29.515 27.475 29.686 33.169 36.519 39.737 42.821 45.772 48.591 51.277 53.830 56.250 58.537 60.691 57.832 54.297 50.863 47.529 44.296 41.164 38.133 35.202 32.371 29.642 27.013 24.484 22.613 20.813 19.074 17.394 15.773 14.213 12.711 11.270 9.888 8.565 7.303 6.364 7.993 9.472 10.804 11.986 13.020 13.905 14.641 15.229
3.660 3.807 3.931 4.033 4.112 5.354 8.682 12.137 15.719 19.428 23.263 27.225 31.313 35.529 39.871 44.340 48.209 48.691 46.232 43.837 41.507 39.241 37.039 34.901 32.827 30.818 28.873 26.992 25.175 26.370 29.394 32.285 35.044 37.670 40.163 42.523 44.751 46.846 48.808 50.637 52.333 50.419 47.233 44.147 41.162 38.277 35.493 32.810 30.227 27.745 25.363 23.082 20.902 19.177 17.584 16.051 14.577 13.162 11.807 10.512 9.276 8.100 6.984 5.927 4.929 5.949 6.916 7.735 8.405 8.926 9.299 9.524 9.599
2.607 2.675 2.721 2.744 2.745 3.532 7.302 11.198 15.220 19.135 22.861 26.467 29.956 33.325 36.575 39.707 42.720 43.879 41.643 39.471 37.363 35.320 33.340 31.425 29.574 27.787 26.064 24.406 22.811 23.194 25.760 28.193 30.493 32.661 34.696 36.598 38.368 40.005 41.509 42.880 44.119 42.914 40.076 37.339 34.702 32.165 29.729 27.394 25.159 23.025 20.991 19.057 17.225 15.688 14.300 12.973 11.705 10.496 9.347 8.258 7.228 6.257 5.346 4.495 3.703 4.049 4.504 4.811 4.969 4.979 4.840 4.552 4.116
1.580 1.570 1.649 1.756 1.861 2.203 5.993 9.664 13.217 16.651 19.966 23.163 26.240 29.199 32.039 34.760 37.363 39.006 36.992 35.043 33.157 31.336 29.579 27.886 26.257 24.693 23.192 21.756 20.384 20.159 22.266 24.241 26.084 27.794 29.371 30.815 32.127 33.307 34.353 35.267 36.049 35.317 32.827 30.438 28.149 25.960 23.872 21.884 19.997 18.211 16.524 14.938 13.453 12.144 10.962 9.841 8.778 7.775 6.832 5.948 5.124 4.359 3.654 3.008 2.422 2.294 2.237 2.032 1.678 1.565 1.562 1.558 1.553
1.298 1.401 1.503 1.602 1.698 1.793 4.871 8.132 11.274 14.298 17.202 19.989 22.656 25.205 27.635 29.946 32.139 34.070 32.279 30.552 28.889 27.290 25.755 24.285 22.878 21.536 20.257 19.043 17.893 17.264 18.914 20.431 21.816 23.068 24.188 25.175 26.029 26.751 27.341 27.798 28.122 27.628 25.486 23.444 21.503 19.662 17.922 16.282 14.742 13.303 11.964 10.725 9.587 8.546 7.570 6.654 5.797 5.000 4.262 3.584 2.965 2.406 2.108 1.864 1.612 1.495 1.492 1.489 1.484 1.479 1.472 1.464 1.455
1.169 1.265 1.358 1.450 1.538 1.625 3.879 6.730 9.462 12.075 14.569 16.945 19.203 21.342 23.362 25.263 27.046 28.710 27.504 25.999 24.558 23.181 21.869 20.620 19.436 18.315 17.259 16.267 15.338 14.510 15.703 16.762 17.690 18.484 19.147 19.677 20.074 20.339 20.471 20.471 20.339 19.847 18.053 16.358 14.765 13.271 11.878 10.585 9.393 8.301 7.309 6.418 5.627 4.893 4.123 3.825 3.611 3.388 3.157 2.917 2.670 2.414 2.150 1.878 1.597 1.425 1.419 1.412 1.403 1.394 1.383 1.371 1.358
1.043 1.131 1.217 1.300 1.381 1.460 3.017 5.457 7.779 9.982 12.067 14.033 15.881 17.610 19.220 20.712 22.086 23.341 22.667 21.384 20.165 19.010 17.920 16.893 15.931 15.032 14.197 13.427 12.720 12.078 12.632 13.234 13.704 14.042 14.247 14.320 14.261 14.069 13.744 13.288 12.699 11.974 10.527 9.180 7.934 6.787 5.742 4.796 4.639 4.599 4.572 4.558 4.557 4.536 4.309 4.075 3.831 3.580 3.320 3.052 2.776 2.492 2.200 1.899 1.590 1.357 1.347 1.336 1.324 1.310 1.295 1.279 1.262
0.920 1.000 1.078 1.153 1.226 1.297 2.283 4.314 6.226 8.020 9.695 11.251 12.690 14.009 15.210 16.293 17.257 18.103 17.767 16.707 15.710 14.777 13.908 13.103 12.363 11.686 11.073 10.524 10.039 9.618 9.701 9.846 9.860 9.740 9.489 9.105 8.589 7.941 7.160 6.247 5.202 5.024 4.937 4.864 4.804 4.757 4.723 4.702 4.694 4.699 4.717 4.748 4.793 4.850 4.595 4.331 4.060 3.780 3.492 3.195 2.891 2.578 2.257 1.928 1.590 1.291 1.277 1.261 1.245 1.228 1.209 1.189 1.168
0.800 0.872 0.942 1.009 1.074 1.137 1.679 3.300 4.803 6.187 7.453 8.600 9.629 10.539 11.331 12.005 12.560 12.997 12.806 11.967 11.192 10.481 9.834 9.251 8.732 8.277 7.885 7.558 7.295 7.095 6.911 6.599 6.156 5.580 5.442 5.322 5.210 5.105 5.007 4.917 4.834 4.758 4.710 4.682 4.667 4.665 4.676 4.700 4.737 4.787 4.850 4.926 5.015 5.117 4.888 4.596 4.296 3.988 3.671 3.346 3.013 2.672 2.323 1.965 1.599 1.225 1.207 1.188 1.168 1.146 1.124 1.100 1.075
0.682 0.746 0.808 0.868 0.925 0.980 1.205 2.416 3.510 4.484 5.341 6.079 6.699 7.201 7.584 7.848 7.995 8.023 7.783 7.166 6.612 6.123 5.697 5.336 5.038 4.805 4.649 4.899 5.140 5.371 5.443 5.319 5.203 5.094 4.993 4.898 4.811 4.731 4.659 4.594 4.536 4.485 4.470 4.487 4.516 4.559 4.615 4.684 4.766 4.861 4.969 5.090 5.224 5.371 5.189 4.869 4.540 4.203 3.858 3.505 3.144 2.774 2.396 2.010 1.616 1.213 1.139 1.116 1.091 1.066 1.039 1.012 0.983
