DATA/SHG/ECMWF/20170628/EN-13/20170709.en-13.asc
ncols        190
nrows        64
xllcorner    -5100000.000000000000
yllcorner    4130000.000000000000
cellsize     10000.000000000000
NODATA_value  -99999.000
[rows 32 to 63 of 64, columns 72 to 143 of 190]
11.719 11.710 10.959 10.246 9.571 8.933 8.333 7.771 7.246 6.759 6.309 5.897 5.523 5.394 6.352 7.352 8.396 9.483 10.613 11.786 13.002 14.262 15.548 16.855 18.196 19.552 20.872 22.220 23.597 25.002 26.435 27.896 29.386 30.904 32.450 34.024 35.627 36.272 35.049 33.775 32.453 31.081 29.661 28.191 26.671 25.250 24.127 22.846 21.408 20.470 20.197 19.874 19.501 19.079 18.606 18.084 17.512 16.891 16.219 15.498 14.727 14.880 15.700 16.525 17.355 18.190 19.031 19.876 20.727 21.583 22.444 23.310
10.112 10.114 9.496 8.914 8.369 7.862 7.393 6.961 6.567 6.210 5.891 5.610 5.366 5.206 6.314 7.464 8.658 9.894 11.174 12.497 13.863 15.273 16.710 18.169 19.661 21.176 22.622 24.095 25.597 27.127 28.685 30.272 31.887 33.530 35.201 36.900 38.870 40.899 40.338 39.620 38.743 37.710 36.518 35.169 33.663 31.999 30.177 28.198 26.061 24.430 23.936 23.392 22.799 22.155 21.463 20.720 19.927 19.085 18.193 17.251 16.260 16.122 16.965 17.813 18.666 19.524 20.387 21.255 22.129 23.008 23.892 24.781
8.534 8.435 7.999 7.548 7.134 6.757 6.419 6.117 5.854 5.628 5.439 5.288 5.175 5.099 6.236 7.536 8.880 10.266 11.696 13.169 14.685 16.244 17.832 19.441 21.085 22.763 24.337 26.219 29.162 32.063 34.924 37.742 40.520 43.256 45.951 48.605 51.217 53.397 52.137 50.719 49.144 47.412 45.522 43.475 41.270 38.907 36.387 33.710 30.875 28.437 27.723 26.958 26.144 25.281 24.367 23.404 22.391 21.329 20.216 19.054 17.842 17.357 18.223 19.093 19.969 20.850 21.736 22.627 23.524 24.425 25.332 26.244
6.986 6.786 6.469 6.148 5.865 5.619 5.411 5.240 5.107 5.011 4.953 4.932 4.949 5.004 6.119 7.569 9.062 10.599 12.178 14.635 18.329 21.976 25.353 28.467 31.544 34.584 37.450 40.250 43.009 45.726 48.403 51.038 53.631 56.184 58.695 61.165 63.593 65.980 64.092 61.976 59.703 57.272 54.684 51.939 49.036 45.976 42.758 39.383 35.851 32.492 31.557 30.572 29.538 28.454 27.320 26.137 24.904 23.621 22.288 20.906 19.474 18.585 19.473 20.367 21.265 22.169 23.078 23.992 24.911 25.836 26.765 27.700
5.466 5.167 4.906 4.716 4.563 4.447 4.369 4.329 4.326 4.361 4.433 4.543 5.681 8.228 11.665 15.428 19.145 22.816 26.440 30.017 33.548 37.032 40.246 43.196 46.109 48.985 51.692 54.309 56.884 59.418 61.910 64.361 66.771 69.140 71.467 73.754 75.999 78.202 76.204 73.390 70.419 67.290 64.005 60.562 56.962 53.204 49.289 45.217 40.988 36.601 35.439 34.235 32.980 31.676 30.322 28.918 27.465 25.962 24.409 22.807 21.155 19.806 20.717 21.633 22.555 23.481 24.413 25.350 26.292 27.239 28.192 29.149
3.976 3.577 3.310 3.250 3.227 3.844 5.258 6.993 9.047 11.422 14.117 17.133 20.468 24.124 27.884 31.484 35.038 38.546 42.007 45.421 48.789 52.111 55.161 57.947 60.697 63.409 65.963 68.396 70.787 73.137 75.446 77.714 79.940 82.125 84.269 86.372 88.433 90.453 88.472 84.960 81.292 77.466 73.484 69.344 65.047 60.592 55.981 51.212 46.286 41.203 39.370 37.945 36.470 34.945 33.371 31.748 30.075 28.352 26.579 24.757 22.885 21.020 21.954 22.893 23.837 24.787 25.741 26.701 27.666 28.636 29.611 30.591
4.106 4.311 4.909 6.473 8.356 10.559 13.083 15.926 19.089 22.573 26.376 30.500 34.943 39.706 44.124 47.561 50.952 54.297 57.596 60.848 64.053 67.212 70.099 72.721 75.307 77.856 80.261 82.510 84.718 86.885 89.010 91.094 93.137 95.139 97.099 99.019 100.897 102.734 100.896 96.688 92.323 87.800 83.121 78.284 73.291 68.140 62.832 57.367 51.745 45.966 43.347 41.702 40.008 38.263 36.469 34.626 32.733 30.790 28.798 26.756 24.664 22.523 23.184 24.145 25.113 26.085 27.062 28.045 29.032 30.025 31.023 32.026
6.969 7.253 7.991 10.663 13.655 16.967 20.599 24.551 28.822 33.413 38.324 43.555 49.106 54.976 60.385 63.660 66.888 70.071 73.206 76.296 79.339 82.336 85.059 87.518 89.940 92.325 94.588 96.653 98.678 100.661 102.603 104.504 106.363 108.182 109.959 111.695 113.390 115.043 113.477 108.572 103.510 98.292 92.916 87.383 81.693 75.847 69.843 63.683 57.365 50.890 47.373 45.508 43.594 41.629 39.616 37.553 35.440 33.277 31.065 28.804 26.493 24.132 24.406 25.391 26.381 27.376 28.354 29.347 30.441 31.634 32.929 34.324
9.808 10.170 10.768 14.549 18.649 23.069 27.808 32.867 38.246 43.944 49.962 56.299 62.956 69.933 76.668 79.780 82.846 85.866 88.839 91.766 94.647 97.481 100.042 102.337 104.595 106.817 108.942 110.825 112.666 114.466 116.224 117.942 119.618 121.253 122.847 124.400 125.912 127.383 126.214 120.613 114.855 108.940 102.869 96.641 90.255 83.713 77.014 70.158 63.145 55.976 51.446 49.362 47.227 45.044 42.810 40.528 38.195 35.699 32.819 29.984 27.194 24.449 24.211 25.246 26.380 27.615 28.951 30.386 31.923 33.559 35.297 37.134
12.622 13.062 13.525 18.129 23.337 28.864 34.710 40.876 47.361 54.166 61.290 68.733 76.495 84.577 92.972 95.922 98.826 101.683 104.494 107.259 109.977 112.649 115.047 117.179 119.274 121.332 123.325 125.024 126.682 128.299 129.874 131.409 132.902 134.354 135.765 137.135 138.464 139.751 139.106 132.810 126.357 119.747 112.980 106.056 98.976 91.739 84.345 76.794 68.904 60.105 53.745 50.748 47.795 44.888 42.025 39.208 36.436 33.709 31.026 28.389 25.797 23.250 22.934 24.411 25.988 27.666 29.444 31.323 33.302 35.381 37.561 39.841
15.410 15.929 16.470 21.405 27.719 34.353 41.305 48.577 56.168 64.078 72.308 80.856 89.724 98.910 108.416 112.086 114.828 117.523 120.172 122.774 125.330 127.840 130.075 132.044 133.975 135.870 137.728 139.252 140.726 142.160 143.553 144.904 146.215 147.484 148.712 149.899 151.045 152.150 152.155 144.888 135.264 125.819 116.553 107.467 98.561 89.834 81.286 72.918 64.730 56.721 50.324 47.524 44.770 42.061 39.397 36.777 34.203 31.674 29.190 26.751 24.357 22.008 21.555 23.475 25.495 27.615 29.836 32.157 34.579 37.100 39.722 42.445
18.174 18.771 19.390 24.376 31.797 39.536 47.594 55.971 64.668 73.683 83.017 92.669 102.641 112.932 123.542 128.272 130.851 133.384 135.871 138.311 140.706 143.053 145.126 146.931 148.699 150.431 152.126 153.508 154.799 156.050 157.103 155.198 153.316 151.458 149.624 147.813 146.025 144.261 142.436 133.422 124.588 115.933 107.458 99.162 91.045 83.108 75.350 67.772 60.373 53.153 46.860 44.258 41.702 39.191 36.725 34.304 31.927 29.596 27.310 25.069 22.873 20.722 20.075 22.438 24.900 27.463 30.126 32.889 35.752 38.716 41.780 44.945
20.913 21.588 22.285 27.044 35.570 44.414 53.577 63.059 72.859 82.979 93.417 104.173 115.249 126.643 138.355 144.480 146.897 149.268 151.593 153.871 156.103 158.289 156.865 155.226 153.597 151.975 150.362 148.548 146.678 144.831 143.007 141.207 139.431 137.678 135.949 134.243 132.561 130.902 129.267 121.778 113.733 105.868 98.183 90.676 83.349 76.201 69.232 62.443 55.833 49.402 43.353 40.950 38.591 36.278 34.010 31.786 29.608 27.475 25.387 23.343 21.345 19.391 18.495 21.299 24.204 27.208 30.313 33.518 36.824 40.229 43.735 47.341
23.627 24.380 25.155 29.408 39.038 48.987 59.254 69.840 80.744 91.967 103.508 115.368 127.546 140.043 152.858 156.564 154.445 152.337 150.240 148.153 146.076 144.010 142.178 140.578 138.986 137.403 135.827 134.129 132.363 130.622 128.903 127.208 125.537 123.889 122.265 120.664 119.087 117.534 116.003 109.955 102.700 95.624 88.727 82.010 75.471 69.112 62.932 56.931 51.109 45.467 40.004 37.598 35.437 33.322 31.252 29.226 27.245 25.310 23.419 21.573 19.773 18.017 16.813 20.059 23.406 26.852 30.399 34.046 37.793 41.640 45.587 49.634
26.316 27.147 28.001 31.469 42.203 53.255 64.626 76.315 86.178 95.648 104.757 113.506 121.896 129.925 137.594 141.619 139.539 137.469 135.410 133.361 131.322 129.294 127.500 125.938 124.384 122.839 121.301 119.701 118.040 116.404 114.790 113.201 111.634 110.092 108.572 107.077 105.604 104.156 102.730 97.953 91.487 85.200 79.092 73.163 67.413 61.842 56.450 51.237 46.204 41.349 36.673 34.203 32.241 30.323 28.450 26.622 24.839 23.101 21.408 19.760 18.157 16.599 15.085 18.719 22.507 26.395 30.383 34.471 38.659 42.948 47.336 51.825
28.967 29.478 30.013 31.884 41.913 51.581 60.889 69.838 78.427 86.656 94.525 102.035 109.184 115.974 122.404 126.683 124.641 122.609 120.588 118.577 116.577 114.587 112.831 111.307 109.791 108.283 106.784 105.264 103.709 102.177 100.669 99.184 97.722 96.285 94.870 93.480 92.112 90.768 89.448 85.774 80.096 74.597 69.277 64.136 59.174 54.391 49.787 45.361 41.115 37.048 33.160 30.766 29.001 27.281 25.606 23.975 22.390 20.849 19.354 17.903 16.497 15.136 13.820 17.277 21.506 25.836 30.265 34.794 39.424 44.153 48.982 53.912
28.790 29.386 30.007 30.676 39.463 47.891 55.959 63.667 71.016 78.005 84.635 90.905 96.816 102.367 107.558 111.755 109.751 107.758 105.774 103.802 101.840 99.888 98.170 96.684 95.206 93.736 92.275 90.818 89.368 87.941 86.538 85.158 83.801 82.469 81.159 79.873 78.611 77.372 76.156 73.416 68.526 63.815 59.282 54.929 50.754 46.759 42.942 39.304 35.844 32.564 29.462 27.286 25.719 24.196 22.718 21.285 19.897 18.554 17.256 16.002 14.794 13.630 12.511 15.735 20.405 25.175 30.045 35.016 40.086 45.256 50.434 55.325
28.589 29.271 29.978 30.709 37.350 44.538 51.366 57.835 63.945 69.696 75.087 80.118 84.790 89.103 93.057 96.651 94.870 92.915 90.970 89.035 87.111 85.197 83.517 82.069 80.629 79.197 77.774 76.364 75.018 73.696 72.398 71.123 69.871 68.643 67.438 66.257 65.099 63.965 62.854 60.880 56.777 52.853 49.108 45.542 42.154 38.945 35.915 33.064 30.391 27.897 25.582 23.764 22.394 21.068 19.788 18.552 17.361 16.215 15.114 14.058 13.046 12.235 12.054 15.528 20.860 26.024 31.019 35.845 40.502 44.990 49.309 53.460
28.365 29.132 29.925 30.742 35.574 41.523 47.112 52.342 57.214 61.726 65.879 69.673 73.108 76.183 78.900 81.257 79.998 78.080 76.173 74.277 72.391 70.515 68.873 67.462 66.060 64.666 63.281 61.904 60.660 59.443 58.249 57.079 55.932 54.808 53.708 52.632 51.579 50.549 49.543 48.166 44.850 41.713 38.755 35.975 33.374 30.951 28.707 26.642 24.756 23.048 21.518 20.198 19.127 18.887 18.660 18.445 18.244 18.055 17.878 17.715 17.564 17.425 17.300 19.755 24.346 28.769 33.023 37.109 41.026 44.773 48.353 51.763
28.118 28.971 29.849 30.751 34.134 38.844 43.195 47.188 50.821 54.096 57.012 59.569 61.767 63.606 65.086 66.207 65.134 63.254 61.385 59.527 57.678 55.841 54.237 52.864 51.500 50.144 48.796 47.457 46.292 45.180 44.091 43.025 41.983 40.964 39.969 38.997 38.049 37.124 36.222 35.274 32.745 30.394 28.222 26.264 25.831 25.442 25.097 24.795 24.537 24.321 24.150 24.000 23.803 23.618 23.446 23.287 23.140 23.006 22.885 22.776 22.680 22.597 22.526 24.147 27.998 31.681 35.195 38.541 41.717 44.726 47.565 50.236
27.847 28.786 29.749 30.737 33.029 36.502 39.616 42.371 44.768 46.806 48.485 49.806 50.768 51.371 51.616 51.502 50.278 48.436 46.605 44.785 42.974 41.175 39.608 38.274 36.947 35.629 34.319 33.017 31.916 30.908 29.923 28.962 28.025 27.111 26.220 26.916 27.762 28.663 29.618 30.628 30.333 29.961 29.633 29.347 29.105 28.907 28.752 28.640 28.572 28.547 28.566 28.603 28.460 28.331 28.214 28.109 28.018 27.939 27.872 27.819 27.778 27.749 27.734 28.705 31.817 34.760 37.534 40.140 42.577 44.846 46.946 48.877
27.554 28.578 29.626 30.700 32.260 34.496 36.374 37.892 39.053 39.855 40.298 40.384 40.110 39.478 38.488 37.139 35.430 33.626 31.833 30.051 28.278 26.516 24.988 23.691 22.403 21.122 21.177 21.451 21.961 22.665 23.423 24.237 25.105 26.027 27.005 28.037 29.123 30.264 31.460 32.711 32.796 32.614 32.476 32.381 32.329 32.321 32.356 32.435 32.557 32.723 32.931 33.184 33.099 33.024 32.962 32.913 32.876 32.852 32.841 32.842 32.856 32.883 32.922 33.429 35.801 38.004 40.040 41.906 43.604 45.134 46.495 47.688
27.237 28.346 29.480 30.639 31.827 32.826 33.468 33.751 33.676 33.243 32.451 31.302 29.794 27.927 25.703 23.120 20.590 18.825 18.347 18.539 18.745 18.966 19.217 19.497 19.788 20.091 20.405 20.731 21.337 22.282 23.281 24.335 25.443 26.606 27.824 29.096 30.423 31.804 33.240 34.731 35.209 35.217 35.269 35.364 35.503 35.685 35.911 36.179 36.492 36.847 37.246 37.688 37.719 37.700 37.693 37.698 37.717 37.748 37.791 37.848 37.917 37.998 38.092 38.318 39.951 41.416 42.712 43.840 44.799 45.590 46.213 46.667
26.897 28.092 29.311 30.555 31.728 31.492 30.898 29.947 28.637 26.969 24.943 23.268 21.872 20.489 19.119 17.763 16.712 16.925 17.152 17.395 17.652 17.924 18.227 18.558 18.901 19.255 19.621 19.999 20.653 21.838 23.078 24.372 25.721 27.124 28.582 30.094 31.661 33.283 34.959 36.690 37.572 37.770 38.013 38.298 38.627 38.999 39.415 39.873 40.376 40.921 41.510 42.142 42.321 42.356 42.404 42.465 42.538 42.624 42.723 42.834 42.958 43.094 43.243 43.405 44.267 44.993 45.551 45.940 46.161 46.214 46.099 45.815
26.535 27.814 29.119 30.448 31.603 30.311 28.881 27.464 26.060 24.670 23.293 21.929 20.578 19.241 17.918 16.607 15.402 15.666 15.945 16.239 16.547 16.870 17.224 17.607 18.001 18.407 18.825 19.254 19.909 21.334 22.814 24.348 25.937 27.581 29.279 31.031 32.839 34.700 36.616 38.587 39.885 40.274 40.706 41.182 41.701 42.263 42.868 43.517 44.209 44.945 45.724 46.546 46.905 46.995 47.098 47.213 47.341 47.482 47.636 47.802 47.980 48.172 48.376 48.592 48.748 48.736 48.556 48.207 47.691 47.006 46.153 45.132
25.704 26.768 27.779 28.737 29.644 28.687 27.302 25.931 24.573 23.229 21.897 20.579 19.275 17.983 16.705 15.441 14.189 14.396 14.726 15.071 15.430 15.804 16.210 16.644 17.090 17.547 18.017 18.498 19.105 20.770 22.490 24.264 26.093 27.977 29.915 31.907 33.954 36.056 38.212 40.423 42.149 42.728 43.350 44.016 44.725 45.477 46.272 47.111 47.993 48.918 49.886 50.898 51.469 51.615 51.772 51.943 52.126 52.322 52.530 52.751 52.984 53.231 53.489 53.761 53.395 52.645 51.727 50.641 49.387 47.965 46.375 44.616
24.518 25.401 26.232 27.010 27.736 27.052 25.714 24.388 23.076 21.777 20.492 19.219 17.961 16.715 15.483 14.264 13.058 13.114 13.495 13.890 14.301 14.726 15.183 15.669 16.166 16.675 17.196 17.728 18.273 20.146 22.106 24.120 26.189 28.312 30.490 32.722 35.009 37.350 39.746 42.197 44.364 45.133 45.945 46.800 47.699 48.641 49.626 50.654 51.726 52.841 53.999 55.200 56.016 56.216 56.429 56.654 56.892 57.142 57.406 57.681 57.970 58.271 58.585 58.911 58.207 56.720 54.834 52.267 49.762 47.320 44.940 42.623
23.382 24.085 24.735 25.333 25.879 25.408 24.115 22.835 21.568 20.315 19.076 17.849 16.636 15.436 14.250 13.076 11.916 11.819 12.251 12.698 13.160 13.636 14.144 14.681 15.230 15.791 16.363 16.947 17.543 19.461 21.661 23.915 26.223 28.587 31.004 33.476 36.003 38.584 41.219 43.909 46.529 47.488 48.490 49.535 50.623 51.755 52.929 54.147 55.409 56.713 58.061 59.452 60.544 60.799 61.067 61.347 61.639 61.789 60.969 60.143 59.310 58.470 57.623 56.770 55.106 52.687 50.331 48.037 45.806 43.637 41.531 39.487
22.297 22.819 23.290 23.707 24.073 23.752 22.505 21.271 20.051 18.843 17.649 16.468 15.301 14.147 13.006 11.878 10.764 10.513 10.996 11.494 12.006 12.533 13.093 13.682 14.282 14.894 15.518 16.153 16.800 18.716 21.156 23.649 26.198 28.800 31.458 34.169 36.935 39.756 42.631 45.560 48.544 49.794 50.985 52.220 53.498 54.819 56.183 57.591 59.023 59.589 60.095 60.539 60.728 59.913 59.092 58.263 57.428 56.586 55.737 54.881 54.019 53.149 52.273 51.390 49.998 47.853 45.770 43.750 41.792 39.896 38.063 36.292
21.262 21.605 21.895 22.132 22.318 22.087 20.886 19.697 18.522 17.361 16.212 15.077 13.955 12.847 11.752 10.670 9.601 9.195 9.729 10.278 10.841 11.419 12.030 12.670 13.322 13.985 14.661 15.347 16.046 17.911 20.590 23.324 26.111 28.954 31.850 34.801 37.807 40.867 43.981 47.149 49.967 51.090 51.817 52.482 53.087 53.631 54.114 54.536 54.896 55.196 55.435 55.614 55.686 54.841 53.990 53.132 52.267 51.396 50.517 49.632 48.740 47.841 46.936 46.023 44.834 42.962 41.152 39.405 37.720 36.098 34.537 33.039
20.278 20.440 20.550 20.608 20.613 20.412 19.256 18.113 16.984 15.868 14.765 13.676 12.600 11.537 10.487 9.451 8.428 7.865 8.450 9.049 9.664 10.293 10.954 11.646 12.349 13.064 13.791 14.529 15.279 17.046 19.965 23.173 26.349 29.417 32.377 35.229 37.974 40.610 43.139 45.560 47.873 48.899 49.359 49.758 50.096 50.373 50.590 50.745 50.839 50.873 50.846 50.757 50.608 49.782 48.902 48.014 47.120 46.219 45.311 44.396 43.475 42.546 41.611 40.669 39.613 38.014 36.477 35.003 33.591 32.241 30.953 29.728
19.344 19.327 19.257 19.134 18.960 18.726 17.616 16.519 15.435 14.365 13.308 12.264 11.233 10.216 9.212 8.221 7.244 6.523 7.158 7.809 8.474 9.154 10.147 11.317 12.526 13.774 15.061 16.388 17.755 19.712 22.632 25.443 28.147 30.743 33.231 35.611 37.884 40.049 42.106 44.055 45.896 46.775 46.969 47.101 47.173 47.184 47.134 47.023 46.851 46.618 46.325 45.970 45.555 44.736 43.826 42.909 41.985 41.055 40.117 39.173 38.222 37.264 36.300 35.328 34.334 33.008 31.744 30.542 29.403 28.326 27.312 26.359
