DATA/SHG/ECMWF/20170628/EN-13/20170711.en-13.asc
ncols        190
nrows        64
xllcorner    -5100000.000000000000
yllcorner    4130000.000000000000
cellsize     10000.000000000000
NODATA_value  -99999.000
[rows 0 to 32 of 64, columns 75 to 149 of 190]
2.010 2.068 2.133 2.205 2.283 2.369 2.398 2.304 2.223 2.143 2.066 1.991 1.917 1.846 1.776 1.708 1.643 1.579 1.663 2.225 2.774 3.316 3.851 4.379 4.899 5.413 5.920 6.419 6.912 7.397 7.797 7.947 8.113 8.293 8.489 8.699 8.925 9.165 9.421 9.691 9.977 10.277 10.432 10.088 9.732 9.366 8.988 8.599 8.199 7.788 7.366 6.933 6.489 6.033 5.669 5.601 5.538 5.480 5.426 5.377 5.332 5.292 5.257 5.226 5.200 5.179 5.215 5.402 5.588 5.773 5.956 6.139 6.320 6.500 6.678
2.076 2.198 2.322 2.446 2.573 2.701 2.793 2.717 2.642 2.570 2.499 2.430 2.363 2.299 2.236 2.175 2.116 2.059 2.066 2.596 3.113 3.624 4.127 4.623 5.113 5.595 6.070 6.538 6.999 7.452 7.872 8.090 8.323 8.570 8.833 9.111 9.403 9.711 10.034 10.371 10.724 11.091 11.376 10.982 10.576 10.160 9.732 9.294 8.844 8.383 7.911 7.428 6.934 6.429 5.979 5.932 5.889 5.851 5.818 5.789 5.765 5.746 5.731 5.721 5.715 5.714 5.745 5.927 6.107 6.286 6.465 6.642 6.817 6.992 7.166
2.423 2.550 2.679 2.809 2.940 3.073 3.197 3.127 3.059 2.993 2.929 2.867 2.807 2.749 2.693 2.639 2.586 2.536 2.487 2.974 3.460 3.939 4.411 4.876 5.333 5.784 6.227 6.664 7.093 7.515 7.931 8.216 8.516 8.831 9.161 9.505 9.865 10.240 10.629 11.034 11.454 11.888 12.330 11.886 11.431 10.965 10.487 9.999 9.500 8.989 8.467 7.935 7.391 6.836 6.283 6.257 6.235 6.218 6.205 6.197 6.193 6.194 6.200 6.210 6.225 6.244 6.261 6.409 6.555 6.701 6.845 6.988 7.130 7.271 7.410
2.769 2.901 3.034 3.169 3.305 3.443 3.582 3.535 3.474 3.415 3.358 3.302 3.249 3.197 3.148 3.100 3.054 3.011 2.969 3.360 3.815 4.262 4.702 5.135 5.561 5.980 6.392 6.797 7.195 7.586 7.970 8.326 8.693 9.075 9.471 9.883 10.310 10.751 11.208 11.680 12.166 12.668 13.184 12.801 12.296 11.780 11.253 10.715 10.166 9.606 9.034 8.452 7.858 7.254 6.638 6.577 6.576 6.600 6.637 6.664 6.680 6.685 6.679 6.662 6.635 6.597 6.548 6.676 6.818 6.958 7.096 7.234 7.370 7.506 7.640
3.112 3.249 3.387 3.527 3.668 3.811 3.955 3.941 3.887 3.834 3.783 3.735 3.688 3.643 3.600 3.559 3.520 3.483 3.448 3.753 4.176 4.592 5.001 5.402 5.797 6.185 6.565 6.938 7.305 7.664 8.017 8.419 8.853 9.301 9.765 10.244 10.737 11.246 11.769 12.308 12.861 13.430 14.013 13.727 13.172 12.607 12.030 11.442 10.803 10.155 9.540 8.957 8.407 7.890 7.406 7.327 7.338 7.338 7.327 7.305 7.273 7.230 7.175 7.111 7.035 6.948 6.851 6.945 7.081 7.215 7.349 7.481 7.612 7.742 7.870
3.454 3.596 3.739 3.884 4.030 4.177 4.326 4.345 4.297 4.251 4.207 4.165 4.125 4.086 4.050 4.016 3.984 3.953 3.925 4.154 4.545 4.929 5.307 5.677 6.040 6.396 6.745 7.087 7.422 7.750 8.071 8.495 8.996 9.512 10.042 10.588 11.148 11.724 12.314 12.840 13.296 13.728 14.135 13.816 13.150 12.517 11.916 11.349 10.814 10.311 9.842 9.405 9.001 8.630 8.292 8.171 8.134 8.086 8.026 7.957 7.876 7.784 7.682 7.569 7.445 7.311 7.165 7.214 7.344 7.474 7.602 7.728 7.854 7.978 8.101
3.794 3.940 4.089 4.238 4.389 4.542 4.695 4.746 4.704 4.665 4.628 4.592 4.559 4.527 4.498 4.470 4.445 4.421 4.399 4.562 4.921 5.274 5.620 5.959 6.291 6.615 6.933 7.243 7.547 7.843 8.157 8.601 9.145 9.663 10.157 10.627 11.072 11.492 11.888 12.259 12.606 12.928 13.225 13.062 12.542 12.055 11.601 11.179 10.790 10.434 10.110 9.819 9.561 9.336 9.143 9.026 8.940 8.843 8.736 8.618 8.489 8.350 8.199 8.038 7.866 7.683 7.489 7.484 7.609 7.733 7.855 7.977 8.097 8.216 8.334
4.132 4.283 4.436 4.591 4.747 4.904 5.063 5.144 5.110 5.077 5.047 5.018 4.991 4.966 4.943 4.922 4.903 4.886 4.871 4.977 5.305 5.636 5.968 6.299 6.627 6.954 7.278 7.601 7.921 8.240 8.557 8.924 9.358 9.767 10.151 10.511 10.847 11.158 11.444 11.706 11.943 12.155 12.343 12.275 11.901 11.560 11.251 10.975 10.732 10.521 10.343 10.198 10.086 10.006 9.959 9.890 9.756 9.611 9.456 9.290 9.113 8.925 8.726 8.517 8.297 8.066 7.824 7.755 7.874 7.993 8.110 8.226 8.341 8.454 8.567
4.468 4.624 4.782 4.942 5.103 5.265 5.428 5.541 5.513 5.487 5.463 5.441 5.421 5.410 5.423 5.430 5.430 5.423 5.409 5.463 5.790 6.116 6.439 6.761 7.081 7.398 7.714 8.028 8.340 8.650 8.958 9.273 9.597 9.897 10.172 10.423 10.648 10.850 11.027 11.179 11.307 11.410 11.489 11.454 11.226 11.030 10.867 10.737 10.639 10.575 10.542 10.543 10.576 10.642 10.740 10.764 10.582 10.389 10.186 9.971 9.746 9.510 9.264 9.006 8.738 8.459 8.169 8.026 8.140 8.253 8.365 8.476 8.585 8.694 8.801
4.802 4.964 5.127 5.291 5.457 5.624 5.813 6.017 6.049 6.073 6.090 6.100 6.103 6.099 6.089 6.071 6.046 6.015 5.976 5.961 6.280 6.597 6.912 7.225 7.536 7.845 8.152 8.457 8.760 9.062 9.361 9.649 9.864 10.054 10.219 10.360 10.477 10.569 10.637 10.680 10.698 10.692 10.661 10.600 10.517 10.467 10.450 10.465 10.513 10.594 10.707 10.853 11.031 11.243 11.486 11.648 11.418 11.177 10.925 10.663 10.390 10.106 9.811 9.506 9.189 8.862 8.525 8.298 8.407 8.515 8.621 8.727 8.831 8.934 9.035
5.245 5.484 5.719 5.953 6.184 6.412 6.638 6.859 6.866 6.866 6.858 6.844 6.823 6.795 6.759 6.717 6.668 6.612 6.549 6.470 6.771 7.079 7.385 7.690 7.992 8.292 8.591 8.888 9.182 9.475 9.766 10.051 10.156 10.237 10.293 10.325 10.332 10.315 10.273 10.207 10.116 10.001 9.861 9.712 9.774 9.870 9.998 10.159 10.352 10.578 10.837 11.128 11.452 11.809 12.198 12.542 12.264 11.975 11.675 11.365 11.043 10.712 10.369 10.015 9.651 9.276 8.890 8.572 8.675 8.777 8.879 8.978 9.077 9.175 9.271
6.123 6.353 6.580 6.805 7.028 7.247 7.465 7.680 7.689 7.664 7.632 7.593 7.548 7.495 7.435 7.369 7.295 7.215 7.127 7.024 7.263 7.563 7.860 8.156 8.450 8.742 9.032 9.319 9.605 9.890 10.172 10.452 10.475 10.447 10.394 10.316 10.214 10.088 9.937 9.762 9.562 9.338 9.089 8.815 8.998 9.239 9.513 9.819 10.158 10.529 10.933 11.370 11.839 12.340 12.875 13.442 13.120 12.783 12.435 12.077 11.707 11.327 10.937 10.535 10.123 9.700 9.266 8.865 9.001 9.155 9.326 9.517 9.725 9.952 10.197
7.003 7.224 7.442 7.659 7.872 8.084 8.292 8.499 8.517 8.467 8.411 8.348 8.278 8.201 8.117 8.026 7.928 7.823 7.711 7.583 7.757 8.048 8.337 8.624 8.909 9.192 9.474 9.753 10.030 10.306 10.579 10.851 10.821 10.683 10.521 10.334 10.123 9.888 9.628 9.343 9.034 8.701 8.343 7.961 8.189 8.575 8.994 9.445 9.929 10.446 10.995 11.576 12.191 12.837 13.517 14.229 13.986 13.536 13.025 12.534 12.061 11.608 11.173 10.758 10.361 9.984 9.625 9.286 9.466 9.701 9.953 10.225 10.514 10.821 11.147
7.883 8.095 8.305 8.513 8.718 8.921 9.121 9.319 9.350 9.276 9.196 9.108 9.013 8.912 8.803 8.688 8.566 8.436 8.300 8.148 8.252 8.535 8.815 9.094 9.370 9.645 9.917 10.188 10.456 10.723 10.988 11.251 11.192 10.946 10.674 10.379 10.059 9.714 9.345 8.952 8.534 8.092 7.625 7.134 7.345 7.877 8.441 9.037 9.653 10.260 10.860 11.456 12.045 12.630 13.208 13.781 13.561 13.116 12.689 12.282 11.894 11.525 11.175 10.844 10.532 10.239 9.965 9.710 9.912 10.228 10.561 10.913 11.283 11.672 12.078
8.764 8.968 9.169 9.368 9.565 9.759 9.951 10.140 10.188 10.090 9.985 9.873 9.754 9.628 9.495 9.356 9.209 9.055 8.895 8.718 8.749 9.023 9.295 9.564 9.832 10.098 10.362 10.624 10.884 11.142 11.399 11.653 11.590 11.235 10.854 10.450 10.021 9.567 9.090 8.572 8.046 7.539 7.049 6.578 6.752 7.356 7.954 8.547 9.135 9.717 10.293 10.864 11.430 11.989 12.544 13.093 13.037 12.676 12.335 12.012 11.709 11.424 11.158 10.912 10.684 10.476 10.286 10.115 10.340 10.736 11.151 11.583 12.034 12.503 12.990
9.646 9.842 10.034 10.225 10.413 10.598 10.781 10.962 11.032 10.910 10.780 10.644 10.500 10.350 10.193 10.029 9.858 9.680 9.495 9.294 9.247 9.512 9.776 10.037 10.296 10.553 10.809 11.062 11.313 11.563 11.713 11.769 11.556 10.985 10.431 9.896 9.379 8.879 8.397 7.934 7.488 7.060 6.650 6.258 6.337 6.917 7.491 8.060 8.623 9.180 9.732 10.279 10.820 11.356 11.886 12.410 12.495 12.219 11.961 11.723 11.504 11.304 11.122 10.960 10.817 10.692 10.587 10.501 10.749 11.226 11.721 12.234 12.766 13.315 13.883
10.530 10.716 10.900 11.082 11.262 11.438 11.613 11.785 11.881 11.734 11.580 11.419 11.252 11.077 10.896 10.707 10.512 10.310 10.100 9.875 9.747 9.923 10.028 10.123 10.206 10.279 10.341 10.392 10.432 10.462 10.481 10.489 10.341 9.850 9.376 8.921 8.483 8.063 7.661 7.277 6.911 6.563 6.233 5.920 5.929 6.484 7.034 7.578 8.117 8.650 9.178 9.700 10.217 10.728 11.234 11.734 11.934 11.742 11.569 11.415 11.280 11.164 11.067 10.989 10.930 10.890 10.869 10.867 11.139 11.697 12.272 12.866 13.479 14.109 14.757
11.414 11.592 11.768 11.941 12.111 12.280 12.446 12.609 12.735 12.564 12.386 12.201 12.009 11.794 11.381 10.972 10.567 10.167 9.772 9.390 9.067 9.135 9.192 9.239 9.274 9.299 9.313 9.317 9.309 9.291 9.262 9.222 9.109 8.697 8.303 7.927 7.569 7.229 6.907 6.603 6.316 6.047 5.797 5.564 5.527 6.058 6.583 7.103 7.618 8.127 8.630 9.128 9.621 10.108 10.589 11.065 11.354 11.246 11.158 11.088 11.037 11.006 10.993 10.999 11.024 11.068 11.131 11.213 11.510 12.149 12.805 13.480 14.172 14.883 15.612
12.299 12.469 12.636 12.800 12.962 13.122 13.237 13.148 13.061 12.648 12.233 11.822 11.415 11.013 10.615 10.221 9.832 9.448 9.067 8.701 8.349 8.360 8.370 8.368 8.356 8.333 8.299 8.255 8.199 8.133 8.057 7.969 7.859 7.527 7.213 6.916 6.638 6.377 6.134 5.910 5.703 5.513 5.342 5.189 5.131 5.637 6.139 6.634 7.125 7.609 8.089 8.562 9.031 9.493 9.950 10.402 10.755 10.732 10.728 10.742 10.776 10.828 10.899 10.990 11.099 11.227 11.374 11.541 11.863 12.582 13.319 14.074 14.847 15.638 16.448
12.852 12.756 12.664 12.573 12.485 12.400 12.316 12.236 12.158 11.803 11.403 11.007 10.616 10.229 9.846 9.468 9.094 8.725 8.360 8.009 7.673 7.599 7.560 7.511 7.451 7.380 7.298 7.206 7.103 6.989 6.865 6.729 6.583 6.338 6.104 5.887 5.688 5.507 5.344 5.198 5.071 4.961 4.869 4.795 4.741 5.224 5.701 6.172 6.638 7.098 7.553 8.003 8.447 8.885 9.318 9.746 10.138 10.199 10.279 10.377 10.495 10.631 10.787 10.961 11.155 11.367 11.598 11.848 12.197 12.996 13.814 14.649 15.503 16.375 17.265
11.878 11.792 11.707 11.626 11.546 11.469 11.395 11.323 11.253 10.955 10.570 10.190 9.814 9.442 9.075 8.712 8.354 7.999 7.650 7.315 6.993 6.850 6.764 6.667 6.559 6.440 6.311 6.171 6.020 5.859 5.686 5.503 5.309 5.132 4.977 4.840 4.720 4.619 4.535 4.469 4.421 4.391 4.378 4.384 4.407 4.816 5.269 5.716 6.158 6.594 7.025 7.450 7.869 8.284 8.692 9.096 9.493 9.647 9.811 9.994 10.195 10.416 10.656 10.914 11.191 11.488 11.803 12.180 12.657 13.563 14.425 15.242 16.016 16.745 17.430
10.904 10.826 10.750 10.677 10.606 10.538 10.472 10.409 10.348 10.104 9.735 9.370 9.009 8.653 8.301 7.953 7.610 7.271 6.937 6.617 6.311 6.115 5.981 5.836 5.680 5.514 5.337 5.149 4.951 4.741 4.521 4.290 4.049 3.908 3.832 3.775 3.734 3.712 3.708 3.721 3.752 3.802 3.868 3.953 4.056 4.415 4.843 5.266 5.684 6.096 6.502 6.903 7.299 7.689 8.073 8.452 8.825 9.077 9.359 9.713 10.089 10.488 10.910 11.354 11.820 12.309 12.821 13.355 13.912 14.611 15.278 15.900 16.477 17.011 17.501
9.928 9.859 9.792 9.728 9.666 9.606 9.549 9.494 9.442 9.250 8.896 8.546 8.201 7.860 7.523 7.191 6.863 6.540 6.221 5.916 5.626 5.392 5.211 5.018 4.815 4.601 4.376 4.141 3.894 3.637 3.370 3.091 2.802 2.666 2.670 2.691 2.731 2.788 2.863 2.955 3.066 3.194 3.340 3.504 3.686 4.020 4.424 4.823 5.216 5.625 6.067 6.510 6.955 7.403 7.852 8.303 8.756 9.179 9.611 10.065 10.541 11.040 11.561 12.105 12.672 13.261 13.872 14.506 15.163 15.702 16.173 16.599 16.982 17.320 17.615
8.952 8.891 8.833 8.777 8.724 8.673 8.624 8.578 8.535 8.394 8.055 7.721 7.391 7.065 6.743 6.426 6.114 5.806 5.502 5.213 4.938 4.683 4.454 4.213 3.963 3.701 3.428 3.145 2.851 2.547 2.232 1.905 1.569 1.407 1.490 1.590 1.709 1.845 1.999 2.171 2.412 2.722 3.008 3.268 3.504 3.840 4.283 4.727 5.173 5.622 6.072 6.524 6.978 7.434 7.892 8.352 8.814 9.308 9.839 10.393 10.969 11.568 12.189 12.833 13.499 14.188 14.899 15.633 16.389 16.834 17.110 17.342 17.529 17.672 17.772
7.975 7.923 7.873 7.826 7.781 7.739 7.699 7.662 7.626 7.535 7.211 6.892 6.577 6.267 5.961 5.659 5.362 5.069 4.780 4.506 4.247 3.987 3.710 3.422 3.123 2.814 2.494 2.163 1.822 1.470 1.107 0.833 0.735 0.807 1.182 1.531 1.856 2.155 2.429 2.679 2.904 3.103 3.278 3.428 3.552 3.800 4.251 4.704 5.159 5.616 6.075 6.536 6.999 7.463 7.930 8.399 8.869 9.413 10.044 10.698 11.374 12.072 12.793 13.537 14.303 15.091 15.902 16.736 17.592 18.009 18.090 18.126 18.119 18.067 17.972
6.996 6.953 6.912 6.873 6.837 6.804 6.772 6.744 6.717 6.673 6.364 6.060 5.761 5.466 5.175 4.888 4.606 4.329 4.055 3.797 3.553 3.304 3.015 2.799 2.608 2.443 2.304 2.191 2.104 2.042 2.007 1.997 2.013 2.100 2.364 2.602 2.816 3.005 3.169 3.307 3.421 3.510 3.574 3.613 3.627 3.758 4.218 4.680 5.143 5.609 6.076 6.546 7.017 7.491 7.966 8.443 8.922 9.495 10.226 10.979 11.755 12.553 13.374 14.217 15.083 15.971 16.881 17.815 18.770 19.226 19.112 18.953 18.751 18.505 18.214
6.017 5.982 5.950 5.920 5.893 5.868 5.845 5.825 5.807 5.792 5.515 5.226 4.942 4.662 4.395 4.197 4.010 3.834 3.670 3.518 3.376 3.244 3.117 3.015 2.939 2.889 2.864 2.866 2.894 2.947 3.026 3.131 3.262 3.419 3.572 3.699 3.802 3.880 3.934 3.962 3.965 3.943 3.897 3.825 3.729 3.714 4.182 4.653 5.125 5.599 6.075 6.554 7.034 7.516 7.999 8.485 8.973 9.553 10.384 11.237 12.112 13.010 13.931 14.873 15.839 16.826 17.837 18.869 19.925 20.485 20.176 19.823 19.426 18.985 18.500
5.037 5.011 4.987 4.966 4.947 4.930 4.916 4.918 4.966 5.006 4.838 4.634 4.441 4.259 4.089 3.930 3.782 3.645 3.519 3.406 3.304 3.211 3.189 3.202 3.240 3.305 3.396 3.512 3.654 3.822 4.016 4.236 4.481 4.752 4.805 4.822 4.814 4.782 4.724 4.642 4.535 4.402 4.245 4.063 3.856 3.668 4.145 4.624 5.105 5.588 6.072 6.559 7.048 7.538 8.031 8.525 9.022 9.588 10.519 11.471 12.446 13.444 14.464 15.506 16.571 17.658 18.768 19.900 21.055 21.786 21.282 20.735 20.143 19.507 18.828
4.085 4.161 4.228 4.288 4.340 4.385 4.421 4.450 4.470 4.483 4.366 4.201 4.047 3.904 3.773 3.652 3.543 3.445 3.358 3.285 3.222 3.169 3.232 3.359 3.513 3.692 3.897 4.128 4.385 4.667 4.976 5.310 5.670 6.056 6.064 5.970 5.852 5.709 5.541 5.348 5.130 4.888 4.620 4.328 4.010 3.668 4.105 4.593 5.082 5.574 6.067 6.563 7.060 7.559 8.060 8.563 9.068 9.600 10.630 11.682 12.757 13.854 14.973 16.115 17.280 18.466 19.675 20.907 22.161 23.129 22.431 21.689 20.903 20.073 19.199
3.814 3.862 3.903 3.936 3.961 3.978 3.987 3.989 3.983 3.968 3.885 3.759 3.643 3.540 3.447 3.365 3.295 3.236 3.188 3.153 3.130 3.116 3.246 3.488 3.756 4.050 4.369 4.715 5.086 5.483 5.906 6.355 6.829 7.329 7.348 7.144 6.916 6.662 6.384 6.080 5.752 5.399 5.021 4.618 4.191 3.738 4.063 4.560 5.058 5.558 6.060 6.564 7.070 7.578 8.087 8.599 9.113 9.628 10.718 11.870 13.044 14.240 15.459 16.701 17.964 19.250 20.559 21.890 23.243 24.359 23.108 21.879 20.673 19.489 18.327
3.551 3.572 3.585 3.591 3.589 3.579 3.561 3.536 3.503 3.461 3.394 3.306 3.230 3.165 3.111 3.069 3.037 3.017 3.008 3.012 3.028 3.053 3.231 3.587 3.970 4.378 4.812 5.272 5.758 6.269 6.806 7.369 7.958 8.573 8.658 8.344 8.005 7.641 7.252 6.838 6.400 5.936 5.448 4.935 4.397 3.834 4.019 4.524 5.031 5.540 6.051 6.563 7.078 7.594 8.113 8.633 9.155 9.679 10.783 12.034 13.322 14.596 15.792 16.912 17.956 18.922 19.812 20.626 21.362 22.022 20.985 19.855 18.747 17.661 16.598
3.295 3.289 3.276 3.254 3.225 3.188 3.143 3.091 3.030 2.962 2.893 2.844 2.807 2.781 2.766 2.762 2.770 2.788 2.818 2.862 2.917 2.981 3.187 3.658 4.155 4.677 5.226 5.800 6.400 7.026 7.677 8.355 9.058 9.787 9.993 9.568 9.119 8.645 8.146 7.622 7.073 6.500 5.901 5.278 4.630 3.957 3.974 4.487 5.003 5.520 6.039 6.587 7.220 7.884 8.579 9.306 10.065 10.855 11.907 12.995 14.007 14.941 15.800 16.581 17.286 17.914 18.466 18.941 19.339 19.661 18.842 17.811 16.801 15.814 14.850
3.047 3.014 2.973 2.925 2.869 2.805 2.733 2.653 2.566 2.471 2.383 2.373 2.375 2.387 2.411 2.446 2.492 2.550 2.618 2.701 2.795 2.899 3.114 3.699 4.310 4.947 5.610 6.298 7.013 7.753 8.519 9.310 10.127 10.970 11.354 10.819 10.259 9.675 9.066 8.432 7.773 7.089 6.361 5.581 4.825 4.090 3.987 4.602 5.247 5.925 6.634 7.374 8.146 8.949 9.784 10.650 11.548 12.477 13.345 14.095 14.768 15.364 15.884 16.327 16.694 16.984 17.198 17.334 17.395 17.379 16.680 15.747 14.837 13.948 13.082
