DATA/SHG/ECMWF/20170628/EN-13/20170701.en-13.asc
ncols        190
nrows        64
xllcorner    -5100000.000000000000
yllcorner    4130000.000000000000
cellsize     10000.000000000000
NODATA_value  -99999.000
[rows 0 to 31 of 64, columns 73 to 145 of 190]
5.107 5.050 4.994 4.938 4.882 4.827 4.771 4.716 4.675 4.637 4.584 4.535 4.489 4.447 4.408 4.372 4.339 4.309 4.283 4.260 4.264 4.361 4.474 4.601 4.743 4.899 5.070 5.254 5.453 5.666 5.893 6.135 6.453 6.971 7.474 7.959 8.429 8.883 9.320 9.741 10.146 10.535 10.907 11.263 11.442 11.115 10.786 10.457 10.126 9.794 9.461 9.127 8.792 8.456 8.118 7.780 7.491 7.345 7.186 7.014 6.829 6.631 6.420 6.195 5.958 5.707 5.444 5.167 4.885 4.630 4.390 4.167 3.961
5.132 5.077 4.979 4.871 4.766 4.664 4.564 4.467 4.381 4.337 4.296 4.258 4.224 4.193 4.165 4.140 4.119 4.101 4.087 4.075 4.083 4.243 4.420 4.612 4.817 5.037 5.271 5.519 5.782 6.058 6.349 6.654 6.989 7.434 7.864 8.278 8.675 9.056 9.421 9.770 10.102 10.419 10.719 11.003 11.196 10.863 10.530 10.195 9.859 9.523 9.185 8.845 8.505 8.164 7.821 7.477 7.153 6.949 6.732 6.501 6.258 6.002 5.732 5.450 5.154 4.845 4.524 4.189 3.866 3.683 3.517 3.366 3.233
4.820 4.716 4.615 4.517 4.421 4.328 4.237 4.150 4.067 4.034 4.005 3.978 3.956 3.936 3.920 3.907 3.897 3.890 3.887 3.887 3.891 4.110 4.350 4.605 4.875 5.158 5.456 5.768 6.094 6.434 6.789 7.158 7.541 7.914 8.272 8.613 8.938 9.247 9.539 9.816 10.076 10.320 10.548 10.760 10.951 10.614 10.275 9.935 9.595 9.253 8.909 8.565 8.220 7.873 7.526 7.177 6.829 6.567 6.291 6.003 5.701 5.387 5.059 4.718 4.365 3.998 3.618 3.225 2.917 2.979 3.050 3.131 3.221
4.436 4.342 4.250 4.161 4.074 3.990 3.909 3.830 3.754 3.729 3.711 3.696 3.685 3.677 3.672 3.670 3.672 3.677 3.685 3.697 3.712 3.960 4.265 4.583 4.916 5.264 5.625 6.000 6.390 6.794 7.212 7.645 8.091 8.411 8.696 8.965 9.218 9.455 9.675 9.879 10.068 10.240 10.395 10.535 10.658 10.366 10.022 9.677 9.331 8.984 8.636 8.287 7.936 7.585 7.232 6.878 6.523 6.199 5.865 5.553 5.280 5.017 4.766 4.525 4.296 4.078 3.871 3.674 3.490 3.573 3.686 3.808 3.939
4.051 3.965 3.883 3.803 3.725 3.651 3.578 3.509 3.442 3.421 3.414 3.411 3.411 3.415 3.421 3.431 3.445 3.461 3.481 3.504 3.530 3.795 4.163 4.545 4.942 5.353 5.778 6.217 6.670 7.137 7.619 8.115 8.625 8.925 9.138 9.335 9.515 9.680 9.828 9.960 10.076 10.176 10.260 10.327 10.379 10.119 9.771 9.421 9.070 8.718 8.375 8.044 7.715 7.390 7.067 6.748 6.432 6.163 5.917 5.682 5.457 5.244 5.042 4.851 4.671 4.502 4.344 4.197 4.062 4.157 4.311 4.474 4.646
3.663 3.587 3.514 3.443 3.375 3.309 3.246 3.186 3.128 3.111 3.116 3.124 3.135 3.150 3.168 3.190 3.214 3.242 3.273 3.308 3.345 3.613 4.045 4.491 4.951 5.426 5.914 6.417 6.933 7.464 8.010 8.569 9.142 9.456 9.597 9.721 9.830 9.922 9.998 10.058 10.102 10.130 10.146 10.149 10.141 9.916 9.583 9.252 8.925 8.601 8.280 7.962 7.647 7.335 7.027 6.721 6.418 6.182 5.984 5.798 5.623 5.459 5.307 5.165 5.034 4.914 4.806 4.708 4.622 4.731 4.926 5.130 5.344
3.274 3.207 3.143 3.081 3.022 2.966 2.912 2.861 2.812 2.798 2.814 2.834 2.857 2.883 2.913 2.946 2.982 3.021 3.063 3.109 3.158 3.416 3.912 4.421 4.945 5.482 6.034 6.600 7.181 7.775 8.384 9.006 9.633 9.974 10.031 10.076 10.109 10.131 10.141 10.139 10.126 10.100 10.064 10.015 9.955 9.750 9.431 9.114 8.800 8.490 8.182 7.878 7.576 7.278 6.983 6.691 6.401 6.188 6.041 5.904 5.778 5.663 5.560 5.467 5.386 5.315 5.256 5.208 5.170 5.295 5.531 5.776 6.031
2.882 2.825 2.770 2.717 2.667 2.620 2.576 2.534 2.494 2.482 2.510 2.541 2.576 2.614 2.655 2.699 2.746 2.797 2.851 2.908 2.969 3.203 3.762 4.367 4.988 5.609 6.232 6.855 7.479 8.104 8.730 9.356 9.984 10.375 10.379 10.372 10.353 10.322 10.280 10.226 10.161 10.083 9.994 9.894 9.782 9.582 9.276 8.972 8.672 8.375 8.081 7.791 7.503 7.218 6.936 6.657 6.382 6.184 6.085 5.998 5.921 5.856 5.801 5.758 5.726 5.704 5.694 5.695 5.707 5.849 6.126 6.412 6.708
2.489 2.441 2.395 2.352 2.311 2.273 2.237 2.205 2.174 2.164 2.204 2.246 2.292 2.341 2.394 2.461 2.582 2.713 2.854 3.005 3.166 3.435 4.058 4.682 5.306 5.932 6.558 7.185 7.813 8.442 9.071 9.701 10.333 10.787 10.740 10.680 10.609 10.526 10.432 10.326 10.208 10.079 9.938 9.785 9.621 9.410 9.118 8.828 8.542 8.258 7.978 7.700 7.426 7.155 6.886 6.621 6.359 6.168 6.118 6.080 6.053 6.036 6.031 6.037 6.054 6.082 6.121 6.171 6.232 6.393 6.711 7.038 7.375
2.094 2.055 2.018 1.984 1.953 1.924 1.897 1.874 1.865 1.893 1.989 2.095 2.211 2.337 2.473 2.619 2.774 2.940 3.116 3.302 3.497 3.741 4.367 4.995 5.623 6.253 6.883 7.513 8.145 8.778 9.411 10.045 10.680 11.212 11.112 11.001 10.878 10.743 10.596 10.438 10.269 10.087 9.894 9.689 9.473 9.236 8.957 8.681 8.408 8.138 7.871 7.607 7.346 7.088 6.833 6.582 6.333 6.140 6.140 6.151 6.173 6.206 6.250 6.305 6.371 6.448 6.536 6.635 6.745 6.926 7.286 7.654 8.032
1.697 1.687 1.703 1.720 1.737 1.755 1.773 1.792 1.811 1.832 1.963 2.104 2.255 2.416 2.586 2.767 2.957 3.158 3.368 3.589 3.819 4.054 4.675 5.307 5.939 6.572 7.206 7.840 8.476 9.112 9.749 10.387 11.026 11.649 11.497 11.334 11.159 10.972 10.773 10.563 10.341 10.108 9.863 9.606 9.337 9.059 8.793 8.530 8.271 8.014 7.761 7.511 7.263 7.019 6.777 6.539 6.304 6.102 6.151 6.211 6.281 6.363 6.456 6.560 6.676 6.802 6.939 7.087 7.246 7.450 7.850 8.260 8.678
1.602 1.619 1.637 1.656 1.675 1.695 1.715 1.736 1.757 1.779 1.928 2.104 2.289 2.485 2.690 2.906 3.131 3.366 3.611 3.866 4.131 4.401 4.982 5.617 6.253 6.890 7.527 8.166 8.805 9.445 10.086 10.728 11.370 12.014 11.895 11.679 11.452 11.213 10.962 10.700 10.426 10.141 9.844 9.535 9.215 8.883 8.626 8.377 8.131 7.888 7.648 7.411 7.177 6.946 6.719 6.494 6.272 6.053 6.150 6.259 6.379 6.510 6.652 6.805 6.969 7.144 7.330 7.527 7.731 7.950 8.446 9.001 9.617
1.532 1.551 1.571 1.592 1.613 1.635 1.657 1.679 1.703 1.726 1.884 2.095 2.315 2.545 2.785 3.035 3.295 3.565 3.845 4.135 4.434 4.739 5.287 5.925 6.565 7.206 7.847 8.489 9.133 9.776 10.421 11.067 11.713 12.360 12.304 12.037 11.757 11.467 11.164 10.850 10.524 10.187 9.838 9.477 9.105 8.721 8.457 8.221 7.988 7.759 7.532 7.309 7.088 6.871 6.657 6.445 6.237 6.032 6.137 6.292 6.454 6.627 6.809 7.002 7.205 7.419 7.642 7.876 8.120 8.375 9.106 9.930 10.814
1.462 1.483 1.505 1.527 1.550 1.574 1.598 1.623 1.648 1.673 1.831 2.076 2.331 2.596 2.871 3.156 3.450 3.755 4.069 4.394 4.728 5.068 5.590 6.233 6.876 7.521 8.166 8.812 9.459 10.106 10.755 11.404 12.054 12.705 12.726 12.406 12.075 11.732 11.378 11.012 10.634 10.245 9.844 9.432 9.008 8.572 8.284 8.062 7.843 7.627 7.442 7.277 7.098 6.904 6.695 6.471 6.232 5.979 6.062 6.259 6.467 6.685 6.914 7.152 7.401 7.660 7.929 8.209 8.499 8.799 9.706 10.797 11.949
1.391 1.414 1.438 1.463 1.487 1.513 1.539 1.565 1.592 1.620 1.769 2.049 2.338 2.638 2.947 3.267 3.596 3.935 4.284 4.643 5.012 5.387 5.892 6.538 7.186 7.834 8.483 9.133 9.783 10.435 11.087 11.740 12.394 13.049 13.160 12.788 12.405 12.011 11.604 11.187 10.757 10.325 9.918 9.537 9.182 8.854 8.633 8.462 8.275 8.075 7.859 7.628 7.383 7.123 6.848 6.558 6.254 5.934 5.973 6.216 6.469 6.733 7.007 7.291 7.586 7.891 8.206 8.531 8.867 9.213 10.244 11.603 13.023
1.320 1.345 1.371 1.397 1.424 1.451 1.479 1.508 1.537 1.566 1.698 2.012 2.336 2.670 3.015 3.368 3.732 4.106 4.490 4.883 5.287 5.696 6.192 6.842 7.494 8.146 8.798 9.452 10.106 10.762 11.418 12.075 12.670 13.204 13.309 12.835 12.388 11.966 11.571 11.202 10.859 10.542 10.251 9.987 9.749 9.537 9.328 9.091 8.839 8.572 8.290 7.994 7.683 7.357 7.016 6.661 6.290 5.905 5.873 6.162 6.461 6.771 7.090 7.420 7.760 8.111 8.472 8.843 9.224 9.615 10.721 12.348 14.036
1.248 1.276 1.303 1.331 1.360 1.389 1.419 1.450 1.480 1.512 1.617 1.966 2.325 2.694 3.073 3.461 3.860 4.268 4.686 5.114 5.552 5.997 6.491 7.104 7.678 8.244 8.800 9.348 9.887 10.417 10.938 11.450 11.953 12.447 12.683 12.326 11.994 11.689 11.410 11.158 10.931 10.731 10.557 10.409 10.287 10.191 10.039 9.735 9.417 9.085 8.737 8.375 7.998 7.606 7.200 6.778 6.342 5.891 5.763 6.097 6.442 6.797 7.163 7.538 7.924 8.320 8.727 9.143 9.570 10.007 11.138 13.032 14.987
1.177 1.206 1.235 1.265 1.296 1.327 1.359 1.391 1.424 1.457 1.528 1.911 2.305 2.708 3.121 3.546 3.981 4.397 4.792 5.167 5.521 5.860 6.208 6.752 7.287 7.813 8.330 8.839 9.338 9.829 10.310 10.783 11.247 11.702 12.029 11.788 11.573 11.385 11.222 11.086 10.975 10.891 10.833 10.802 10.796 10.816 10.763 10.394 10.011 9.612 9.199 8.771 8.328 7.871 7.398 6.911 6.409 5.893 5.642 6.022 6.413 6.814 7.225 7.646 8.077 8.519 8.971 9.433 9.905 10.388 11.494 13.656 15.877
1.104 1.135 1.167 1.199 1.231 1.264 1.298 1.332 1.381 1.507 1.644 2.103 2.549 2.975 3.380 3.766 4.131 4.476 4.801 5.106 5.390 5.658 5.913 6.411 6.906 7.393 7.871 8.340 8.800 9.251 9.693 10.127 10.551 10.967 11.347 11.223 11.124 11.052 11.006 10.985 10.991 11.024 11.082 11.166 11.277 11.413 11.503 11.068 10.619 10.155 9.676 9.182 8.673 8.150 7.612 7.059 6.492 5.910 5.511 5.937 6.373 6.819 7.276 7.742 8.219 8.707 9.204 9.712 10.230 10.758 11.789 14.218 16.706
1.031 1.076 1.160 1.256 1.364 1.483 1.615 1.758 1.913 2.080 2.259 2.621 2.997 3.353 3.688 4.004 4.299 4.574 4.828 5.063 5.278 5.475 5.658 6.080 6.536 6.983 7.422 7.851 8.272 8.684 9.087 9.481 9.866 10.243 10.610 10.630 10.647 10.691 10.761 10.857 10.979 11.128 11.302 11.502 11.729 11.981 12.258 11.757 11.242 10.712 10.167 9.608 9.034 8.445 7.841 7.223 6.590 5.942 5.370 5.841 6.323 6.814 7.316 7.829 8.351 8.884 9.427 9.980 10.544 11.117 12.024 14.719 17.474
1.195 1.308 1.433 1.570 1.719 1.880 2.053 2.237 2.433 2.642 2.862 3.158 3.463 3.749 4.014 4.259 4.484 4.689 4.874 5.038 5.183 5.310 5.423 5.759 6.176 6.584 6.983 7.373 7.755 8.128 8.491 8.846 9.192 9.529 9.857 10.009 10.143 10.303 10.489 10.701 10.939 11.203 11.494 11.810 12.153 12.521 12.916 12.461 11.880 11.284 10.674 10.049 9.409 8.754 8.085 7.401 6.703 5.989 5.261 5.734 6.262 6.799 7.346 7.904 8.472 9.051 9.639 10.238 10.847 11.457 12.127 14.979 17.841
1.374 1.528 1.695 1.873 2.063 2.265 2.479 2.705 2.942 3.191 3.452 3.711 3.947 4.162 4.357 4.533 4.688 4.822 4.937 5.032 5.106 5.163 5.205 5.449 5.826 6.195 6.555 6.906 7.248 7.581 7.906 8.222 8.528 8.826 9.115 9.361 9.610 9.886 10.188 10.516 10.871 11.251 11.657 12.089 12.548 13.032 13.543 13.179 12.532 11.871 11.195 10.505 9.799 9.079 8.345 7.595 6.831 6.052 5.258 5.618 6.292 7.084 7.826 8.520 9.164 9.760 10.306 10.803 11.250 11.649 11.999 14.724 17.630
1.541 1.737 1.945 2.164 2.396 2.639 2.894 3.161 3.439 3.730 4.032 4.283 4.448 4.593 4.719 4.824 4.909 4.974 5.019 5.043 5.048 5.034 5.006 5.148 5.487 5.816 6.137 6.449 6.752 7.046 7.331 7.608 7.875 8.134 8.384 8.685 9.050 9.442 9.860 10.304 10.774 11.270 11.792 12.340 12.914 13.515 14.141 13.912 13.200 12.473 11.732 11.000 10.338 9.728 9.170 8.665 8.212 7.811 7.463 7.869 8.493 9.066 9.591 10.067 10.493 10.871 11.199 11.478 11.709 11.890 12.022 14.459 17.408
1.698 1.935 2.184 2.444 2.717 3.001 3.297 3.605 3.925 4.256 4.599 4.872 4.967 5.043 5.098 5.133 5.148 5.143 5.118 5.073 5.008 4.924 4.824 4.859 5.158 5.448 5.729 6.002 6.266 6.521 6.767 7.004 7.232 7.452 7.663 7.981 8.462 8.970 9.504 10.064 10.649 11.261 11.895 12.523 13.140 13.745 14.338 14.250 13.610 13.023 12.488 12.005 11.574 11.196 10.870 10.596 10.375 10.206 10.089 10.335 10.740 11.096 11.403 11.661 11.870 12.030 12.141 12.203 12.215 12.179 12.093 14.184 17.177
1.843 2.121 2.411 2.713 3.026 3.351 3.689 4.038 4.398 4.771 5.155 5.478 5.504 5.509 5.495 5.460 5.405 5.330 5.235 5.120 4.985 4.831 4.661 4.579 4.839 5.090 5.332 5.566 5.790 6.006 6.213 6.411 6.600 6.827 7.128 7.546 8.204 8.850 9.485 10.108 10.719 11.319 11.907 12.484 13.049 13.602 14.144 14.272 13.864 13.508 13.205 12.954 12.755 12.608 12.513 12.471 12.481 12.543 12.658 12.848 13.035 13.174 13.263 13.304 13.295 13.237 13.131 12.975 12.770 12.517 12.214 13.900 16.936
1.976 2.296 2.627 2.969 3.324 3.691 4.069 4.459 4.861 5.274 5.699 6.102 6.058 5.994 5.909 5.805 5.680 5.535 5.371 5.186 4.981 4.757 4.516 4.310 4.560 4.854 5.150 5.448 5.746 6.046 6.346 6.649 6.952 7.257 7.562 7.930 8.537 9.132 9.715 10.287 10.847 11.395 11.932 12.457 12.971 13.473 13.963 14.239 14.063 13.938 13.866 13.847 13.879 13.964 14.100 14.290 14.531 14.824 15.170 15.407 15.377 15.298 15.170 14.994 14.768 14.493 14.169 13.796 13.374 12.903 12.383 13.605 16.686
2.099 2.459 2.831 3.215 3.611 4.018 4.437 4.868 5.311 5.766 6.232 6.710 6.630 6.496 6.341 6.167 5.973 5.774 5.580 5.391 5.207 5.022 4.834 4.650 4.937 5.237 5.539 5.842 6.145 6.451 6.757 7.065 7.374 7.684 7.995 8.327 8.882 9.425 9.957 10.477 10.986 11.483 11.969 12.442 12.905 13.355 13.794 14.151 14.206 14.313 14.472 14.684 14.947 15.263 15.631 16.051 16.524 17.048 17.625 18.014 17.766 17.470 17.125 16.731 16.288 15.796 15.255 14.665 14.026 13.338 12.601 13.301 16.425
2.210 2.611 3.024 3.449 3.886 4.334 4.794 5.266 5.750 6.238 6.696 7.144 7.059 6.858 6.661 6.470 6.283 6.101 5.924 5.752 5.584 5.416 5.245 5.078 5.313 5.618 5.925 6.233 6.543 6.854 7.166 7.479 7.793 8.109 8.426 8.744 9.239 9.731 10.212 10.681 11.138 11.584 12.018 12.440 12.851 13.250 13.638 14.008 14.294 14.632 15.022 15.465 15.960 16.507 17.106 17.757 18.460 19.216 20.023 20.667 20.203 19.689 19.127 18.516 17.856 17.147 16.389 15.582 14.726 13.821 12.867 12.986 16.154
2.309 2.752 3.218 3.713 4.197 4.670 5.134 5.587 6.030 6.463 6.885 7.297 7.297 7.112 6.933 6.758 6.588 6.423 6.263 6.107 5.957 5.805 5.651 5.501 5.686 5.997 6.310 6.623 6.938 7.255 7.572 7.891 8.211 8.532 8.854 9.178 9.608 10.049 10.478 10.896 11.302 11.696 12.079 12.450 12.810 13.158 13.494 13.819 14.326 14.896 15.517 16.191 16.916 17.694 18.524 19.406 20.340 21.326 22.365 23.367 22.686 21.956 21.176 20.348 19.471 18.545 17.570 16.547 15.474 14.352 13.182 12.662 15.874
2.753 3.233 3.701 4.160 4.609 5.047 5.475 5.892 6.300 6.697 7.084 7.460 7.530 7.362 7.199 7.041 6.888 6.740 6.596 6.458 6.324 6.189 6.053 5.920 6.058 6.374 6.692 7.012 7.332 7.654 7.977 8.301 8.626 8.953 9.281 9.610 9.989 10.379 10.757 11.123 11.478 11.821 12.153 12.473 12.781 13.078 13.363 13.637 14.304 15.104 15.956 16.860 17.817 18.825 19.886 20.999 22.163 23.380 24.649 25.970 25.216 24.269 23.273 22.228 21.134 19.992 18.800 17.560 16.271 14.932 13.545 12.370 15.657
3.317 3.760 4.193 4.616 5.029 5.432 5.824 6.206 6.578 6.940 7.291 7.632 7.758 7.607 7.461 7.320 7.184 7.052 6.926 6.804 6.687 6.569 6.449 6.333 6.427 6.749 7.073 7.398 7.724 8.051 8.379 8.709 9.040 9.372 9.706 10.040 10.383 10.721 11.048 11.363 11.666 11.958 12.239 12.507 12.764 13.010 13.244 13.467 14.226 15.257 16.340 17.475 18.662 19.901 21.192 22.535 23.930 25.378 26.877 28.428 27.793 26.630 25.345 23.920 22.516 21.135 19.776 18.439 17.124 15.832 14.562 13.314 15.896
3.889 4.296 4.694 5.082 5.459 5.826 6.183 6.529 6.865 7.191 7.507 7.813 7.981 7.847 7.718 7.594 7.474 7.360 7.250 7.145 7.045 6.944 6.841 6.742 6.795 7.123 7.452 7.782 8.113 8.446 8.780 9.115 9.452 9.789 10.128 10.468 10.788 11.075 11.351 11.614 11.867 12.107 12.337 12.554 12.760 12.955 13.138 13.309 14.093 15.355 16.668 18.034 19.451 20.964 22.536 24.015 25.402 26.695 27.895 29.001 28.326 26.954 25.604 24.276 22.970 21.687 20.425 19.186 17.970 16.775 15.603 14.452 16.232
