DATA/SHG/ECMWF/20170628/EN-13/20170710.en-13.asc
ncols        190
nrows        64
xllcorner    -5100000.000000000000
yllcorner    4130000.000000000000
cellsize     10000.000000000000
NODATA_value  -99999.000
[rows 0 to 31 of 64, columns 73 to 145 of 190]
2.037 2.132 2.224 2.313 2.401 2.486 2.569 2.650 2.661 2.631 2.672 2.722 2.779 2.846 2.920 3.003 3.093 3.193 3.300 3.415 3.549 3.691 3.801 3.898 3.984 4.057 4.118 4.166 4.203 4.227 4.239 4.239 4.339 4.793 5.235 5.664 6.081 6.486 6.879 7.259 7.628 7.983 8.327 8.659 8.930 9.066 9.231 9.424 9.645 9.894 10.171 10.476 10.809 11.171 11.560 11.978 12.308 12.307 12.301 12.291 12.276 12.256 12.232 12.204 12.171 12.133 12.091 12.044 11.988 11.913 11.831 11.742 11.646
1.792 1.879 2.096 2.349 2.602 2.853 3.104 3.353 3.568 3.630 3.700 3.778 3.865 3.959 4.062 4.174 4.293 4.421 4.557 4.701 4.849 4.936 4.991 5.034 5.064 5.082 5.088 5.082 5.064 5.033 4.990 4.935 4.922 5.322 5.708 6.083 6.446 6.796 7.134 7.459 7.773 8.074 8.363 8.640 8.902 9.165 9.455 9.773 10.120 10.494 10.897 11.327 11.786 12.273 12.788 13.331 13.818 13.796 13.770 13.739 13.704 13.664 13.619 13.570 13.516 13.458 13.395 13.328 13.252 13.145 13.032 12.912 12.785
2.549 2.801 3.052 3.302 3.551 3.799 4.046 4.292 4.529 4.620 4.719 4.825 4.941 5.064 5.196 5.335 5.484 5.640 5.804 5.977 6.158 6.193 6.193 6.181 6.157 6.120 6.071 6.010 5.937 5.852 5.754 5.644 5.522 5.863 6.195 6.515 6.823 7.118 7.401 7.672 7.931 8.177 8.412 8.634 8.845 9.233 9.648 10.092 10.564 11.064 11.592 12.148 12.732 13.344 13.985 14.653 15.331 15.288 15.241 15.190 15.134 15.073 15.008 14.939 14.864 14.786 14.702 14.615 14.504 14.322 14.119 13.896 13.652
3.512 3.760 4.007 4.254 4.499 4.744 4.987 5.230 5.471 5.601 5.728 5.864 6.007 6.159 6.320 6.488 6.665 6.850 7.043 7.244 7.454 7.462 7.407 7.340 7.261 7.170 7.066 6.950 6.822 6.682 6.530 6.365 6.189 6.416 6.694 6.959 7.212 7.453 7.682 7.898 8.102 8.294 8.473 8.641 8.796 9.271 9.812 10.381 10.978 11.603 12.257 12.938 13.647 14.385 15.150 15.944 16.765 16.783 16.715 16.528 16.260 16.029 15.835 15.678 15.558 15.476 15.430 15.422 15.451 15.199 14.905 14.590 14.255
4.473 4.718 4.962 5.205 5.447 5.688 5.928 6.167 6.405 6.573 6.729 6.893 7.065 7.246 7.435 7.632 7.837 8.050 8.272 8.502 8.740 8.743 8.634 8.512 8.378 8.232 8.074 7.903 7.720 7.525 7.318 7.099 6.868 6.983 7.206 7.416 7.615 7.801 7.975 8.136 8.286 8.423 8.548 8.661 8.762 9.279 9.945 10.639 11.362 12.112 12.826 13.472 14.094 14.690 15.261 15.806 16.327 16.262 16.085 15.945 15.843 15.777 15.749 15.757 15.803 15.886 16.006 16.163 16.357 16.095 15.709 15.303 14.877
5.435 5.676 5.917 6.156 6.395 6.632 6.869 7.104 7.339 7.536 7.720 7.913 8.114 8.323 8.540 8.766 9.000 9.242 9.492 9.750 10.017 10.036 9.872 9.696 9.507 9.306 9.093 8.868 8.630 8.381 8.119 7.845 7.559 7.562 7.730 7.886 8.030 8.161 8.281 8.388 8.483 8.563 8.649 8.746 8.854 9.341 10.001 10.637 11.247 11.831 12.391 12.925 13.434 13.917 14.375 14.808 15.216 15.311 15.300 15.325 15.388 15.488 15.625 15.799 16.010 16.258 16.543 16.865 17.224 17.011 16.534 16.036 15.519
6.396 6.633 6.870 7.106 7.341 7.575 7.809 8.041 8.272 8.490 8.703 8.924 9.154 9.391 9.637 9.891 10.153 10.424 10.702 10.989 11.284 11.341 11.122 10.891 10.648 10.392 10.125 9.845 9.553 9.249 8.932 8.604 8.192 7.990 8.035 8.093 8.161 8.241 8.332 8.434 8.547 8.672 8.808 8.956 9.114 9.496 10.044 10.567 11.064 11.536 11.983 12.404 12.801 13.172 13.517 13.837 14.132 14.323 14.477 14.668 14.896 15.161 15.463 15.802 16.178 16.592 17.042 17.529 18.054 17.945 17.377 16.789 16.180
7.356 7.590 7.824 8.056 8.288 8.518 8.748 8.977 9.204 9.435 9.676 9.926 10.184 10.450 10.725 11.007 11.298 11.597 11.904 12.219 12.543 12.658 12.385 11.957 11.476 11.003 10.537 10.079 9.629 9.186 8.751 8.323 7.903 7.683 7.779 7.887 8.006 8.136 8.277 8.430 8.594 8.769 8.955 9.153 9.362 9.679 10.114 10.524 10.909 11.268 11.602 11.911 12.195 12.453 12.686 12.894 13.077 13.298 13.617 13.973 14.367 14.797 15.264 15.768 16.309 16.888 17.503 18.155 18.844 18.899 18.240 17.560 16.860
8.316 8.546 8.776 9.005 9.234 9.461 9.687 9.912 10.136 10.371 10.641 10.919 11.206 11.500 11.803 12.066 12.140 12.205 12.261 12.309 12.347 12.272 11.810 11.355 10.908 10.469 10.037 9.613 9.197 8.788 8.387 7.993 7.607 7.364 7.511 7.669 7.838 8.019 8.210 8.413 8.628 8.853 9.090 9.338 9.597 9.887 10.210 10.508 10.780 11.027 11.249 11.445 11.616 11.762 11.883 11.978 12.049 12.237 12.721 13.242 13.800 14.395 15.027 15.697 16.403 17.146 17.926 18.743 19.597 19.872 19.122 18.351 17.560
9.275 9.502 9.729 9.954 10.179 10.402 10.625 10.847 11.010 11.057 11.154 11.241 11.320 11.390 11.451 11.503 11.546 11.580 11.606 11.622 11.629 11.594 11.166 10.745 10.333 9.927 9.529 9.139 8.757 8.382 8.015 7.655 7.303 7.034 7.231 7.439 7.659 7.890 8.132 8.385 8.649 8.925 9.212 9.511 9.820 10.123 10.333 10.518 10.678 10.812 10.922 11.006 11.065 11.098 11.107 11.090 11.048 11.138 11.787 12.473 13.196 13.957 14.753 15.587 16.458 17.366 18.311 19.293 20.311 20.865 20.023 19.162 18.279
10.233 10.379 10.424 10.467 10.509 10.549 10.586 10.622 10.656 10.689 10.754 10.811 10.859 10.898 10.928 10.949 10.961 10.964 10.959 10.944 10.921 10.900 10.515 10.128 9.749 9.378 9.014 8.658 8.309 7.968 7.635 7.309 6.991 6.691 6.939 7.197 7.467 7.748 8.041 8.344 8.659 8.985 9.322 9.671 10.031 10.385 10.483 10.555 10.603 10.625 10.622 10.594 10.540 10.462 10.358 10.229 10.075 10.003 10.817 11.668 12.556 13.480 14.442 15.441 16.476 17.549 18.658 19.804 20.988 21.876 20.944 19.991 19.018
10.032 10.073 10.111 10.148 10.183 10.216 10.248 10.277 10.305 10.331 10.364 10.389 10.406 10.414 10.413 10.403 10.385 10.357 10.321 10.275 10.221 10.169 9.856 9.503 9.158 8.821 8.491 8.169 7.854 7.547 7.247 6.955 6.671 6.394 6.635 6.944 7.264 7.595 7.937 8.291 8.656 9.033 9.420 9.819 10.229 10.650 10.659 10.619 10.554 10.464 10.349 10.209 10.043 9.852 9.637 9.395 9.129 8.838 9.810 10.825 11.878 12.967 14.093 15.257 16.457 17.693 18.967 20.278 21.514 22.514 21.350 20.268 19.268
9.734 9.768 9.801 9.831 9.860 9.887 9.912 9.935 9.956 9.975 9.981 9.976 9.962 9.939 9.907 9.867 9.817 9.759 9.691 9.615 9.530 9.447 9.190 8.871 8.560 8.256 7.960 7.672 7.391 7.117 6.852 6.594 6.343 6.100 6.319 6.678 7.048 7.429 7.822 8.226 8.641 9.068 9.506 9.954 10.415 10.886 10.861 10.709 10.532 10.330 10.103 9.851 9.573 9.270 8.942 8.589 8.211 7.807 8.766 9.971 11.194 12.389 13.557 14.698 15.812 16.899 17.958 18.991 19.996 20.974 20.298 19.582 18.948
9.439 9.467 9.492 9.516 9.539 9.559 9.577 9.594 9.609 9.622 9.608 9.572 9.527 9.473 9.411 9.339 9.259 9.169 9.071 8.964 8.848 8.734 8.516 8.231 7.954 7.684 7.422 7.167 6.920 6.680 6.449 6.224 6.007 5.798 5.991 6.400 6.820 7.252 7.695 8.149 8.614 9.091 9.579 10.078 10.588 11.110 11.090 10.826 10.537 10.223 9.879 9.529 9.188 8.856 8.533 8.220 7.915 7.619 8.434 9.564 10.666 11.741 12.789 13.810 14.804 15.770 16.710 17.622 18.508 19.366 19.167 18.815 18.546
9.145 9.167 9.186 9.204 9.220 9.234 9.246 9.256 9.264 9.271 9.243 9.176 9.101 9.016 8.922 8.820 8.709 8.589 8.460 8.322 8.175 8.031 7.835 7.584 7.340 7.104 6.876 6.655 6.441 6.236 6.038 5.847 5.664 5.489 5.651 6.110 6.581 7.062 7.555 8.060 8.575 9.074 9.546 10.011 10.472 10.926 10.900 10.555 10.218 9.890 9.571 9.261 8.960 8.669 8.386 8.111 7.846 7.590 8.175 9.185 10.167 11.122 12.050 12.950 13.824 14.671 15.490 16.283 17.048 17.786 17.955 17.969 18.064
8.854 8.869 8.882 8.893 8.903 8.910 8.916 8.920 8.921 8.922 8.887 8.789 8.683 8.567 8.443 8.310 8.168 8.017 7.857 7.689 7.511 7.335 7.146 6.929 6.719 6.517 6.322 6.135 5.955 5.783 5.619 5.462 5.321 5.188 5.313 5.798 6.278 6.752 7.221 7.685 8.143 8.595 9.042 9.484 9.919 10.350 10.425 10.119 9.822 9.534 9.255 8.985 8.724 8.472 8.229 7.994 7.769 7.553 7.945 8.834 9.696 10.531 11.339 12.119 12.873 13.600 14.299 14.972 15.617 16.236 16.663 17.041 17.502
8.565 8.574 8.580 8.585 8.588 8.589 8.588 8.586 8.581 8.575 8.540 8.411 8.274 8.127 7.972 7.808 7.636 7.454 7.264 7.064 6.856 6.649 6.449 6.292 6.158 6.024 5.890 5.757 5.624 5.492 5.360 5.229 5.098 4.967 5.010 5.471 5.927 6.377 6.822 7.261 7.694 8.122 8.545 8.962 9.374 9.780 9.941 9.675 9.417 9.169 8.930 8.700 8.478 8.266 8.063 7.868 7.683 7.506 7.741 8.511 9.253 9.968 10.656 11.317 11.951 12.557 13.137 13.690 14.216 14.714 15.292 16.034 16.858
8.278 8.280 8.281 8.279 8.275 8.270 8.263 8.254 8.243 8.230 8.201 8.041 7.873 7.696 7.510 7.317 7.135 6.960 6.791 6.628 6.471 6.324 6.185 6.052 5.920 5.788 5.656 5.525 5.394 5.263 5.133 5.004 4.874 4.746 4.714 5.151 5.582 6.008 6.428 6.843 7.252 7.656 8.054 8.447 8.834 9.216 9.448 9.221 9.004 8.795 8.596 8.405 8.224 8.051 7.888 7.733 7.587 7.450 7.566 8.216 8.838 9.433 10.001 10.542 11.056 11.544 12.004 12.437 12.842 13.221 13.840 14.947 16.135
7.993 7.989 7.983 7.975 7.965 7.953 7.940 7.924 7.903 7.861 7.815 7.628 7.444 7.265 7.093 6.927 6.766 6.612 6.464 6.322 6.186 6.060 5.943 5.812 5.682 5.551 5.421 5.292 5.163 5.034 4.906 4.778 4.651 4.524 4.424 4.836 5.243 5.645 6.041 6.432 6.817 7.196 7.570 7.939 8.302 8.659 8.946 8.759 8.582 8.413 8.253 8.102 7.960 7.827 7.703 7.588 7.482 7.385 7.419 7.949 8.451 8.926 9.375 9.796 10.191 10.558 10.899 11.212 11.498 11.758 12.309 13.779 15.331
7.711 7.696 7.668 7.636 7.600 7.560 7.517 7.469 7.417 7.361 7.301 7.149 6.985 6.828 6.677 6.532 6.393 6.259 6.132 6.011 5.897 5.792 5.696 5.572 5.443 5.315 5.187 5.059 4.932 4.805 4.679 4.553 4.428 4.303 4.178 4.529 4.911 5.289 5.660 6.027 6.387 6.743 7.092 7.437 7.776 8.109 8.435 8.288 8.150 8.021 7.901 7.790 7.688 7.595 7.510 7.435 7.369 7.311 7.300 7.709 8.092 8.448 8.777 9.079 9.353 9.601 9.822 10.016 10.183 10.323 10.698 12.531 14.447
7.348 7.311 7.269 7.223 7.173 7.120 7.062 7.000 6.935 6.865 6.792 6.664 6.522 6.386 6.256 6.132 6.014 5.902 5.796 5.696 5.602 5.518 5.444 5.332 5.205 5.078 4.952 4.826 4.701 4.576 4.452 4.328 4.204 4.081 3.958 4.227 4.586 4.939 5.286 5.628 5.965 6.296 6.621 6.941 7.256 7.565 7.868 7.809 7.710 7.621 7.541 7.469 7.407 7.353 7.308 7.273 7.246 7.228 7.219 7.498 7.761 7.998 8.207 8.389 8.545 8.673 8.774 8.849 8.896 9.074 9.551 11.992 14.402
6.981 6.929 6.874 6.814 6.751 6.683 6.612 6.536 6.457 6.374 6.286 6.175 6.054 5.939 5.830 5.727 5.630 5.539 5.454 5.375 5.302 5.240 5.186 5.091 4.966 4.841 4.717 4.593 4.470 4.347 4.224 4.102 3.980 3.859 3.738 3.932 4.266 4.595 4.918 5.236 5.548 5.855 6.156 6.452 6.743 7.027 7.307 7.320 7.261 7.212 7.171 7.139 7.116 7.102 7.097 7.101 7.114 7.136 7.166 7.315 7.550 7.915 8.283 8.656 9.034 9.416 9.802 10.193 10.588 10.987 11.391 13.568 15.841
6.618 6.552 6.483 6.410 6.332 6.251 6.166 6.077 5.984 5.887 5.786 5.681 5.581 5.487 5.399 5.317 5.241 5.171 5.107 5.050 4.998 4.956 4.924 4.851 4.727 4.604 4.482 4.360 4.239 4.117 3.997 3.876 3.756 3.637 3.518 3.643 3.953 4.257 4.556 4.850 5.138 5.421 5.698 5.970 6.236 6.496 6.752 6.823 6.804 6.794 6.793 6.843 6.985 7.160 7.369 7.610 7.884 8.192 8.532 8.904 9.283 9.667 10.055 10.447 10.844 11.245 11.651 12.061 12.475 12.894 13.317 15.173 17.309
6.259 6.179 6.096 6.009 5.918 5.823 5.724 5.621 5.515 5.404 5.289 5.182 5.103 5.030 4.963 4.903 4.848 4.799 4.756 4.719 4.688 4.668 4.657 4.610 4.488 4.367 4.247 4.127 4.007 3.888 3.769 3.650 3.532 3.415 3.298 3.360 3.646 3.926 4.201 4.471 4.735 4.993 5.279 5.602 5.905 6.187 6.448 6.634 6.790 6.980 7.202 7.458 7.747 8.068 8.423 8.811 9.232 9.685 10.172 10.610 11.009 11.412 11.819 12.231 12.647 13.068 13.493 13.922 14.356 14.794 15.236 16.806 18.805
5.904 5.811 5.714 5.613 5.509 5.400 5.287 5.170 5.050 4.925 4.797 4.679 4.621 4.569 4.523 4.483 4.449 4.421 4.399 4.383 4.374 4.374 4.385 4.369 4.249 4.130 4.012 3.893 3.775 3.658 3.541 3.424 3.308 3.243 3.268 3.415 3.791 4.146 4.480 4.794 5.088 5.361 5.614 5.846 6.058 6.250 6.421 6.628 6.931 7.267 7.636 8.038 8.473 8.941 9.442 9.976 10.543 11.143 11.776 12.310 12.728 13.151 13.577 14.008 14.444 14.884 15.328 15.776 16.229 16.687 17.149 18.468 20.329
5.553 5.447 5.336 5.221 5.103 4.980 4.854 4.724 4.589 4.451 4.309 4.170 4.133 4.102 4.077 4.058 4.046 4.039 4.038 4.043 4.054 4.076 4.107 4.128 4.043 4.019 4.005 4.002 4.010 4.028 4.057 4.097 4.148 4.210 4.282 4.406 4.691 4.955 5.199 5.423 5.626 5.808 5.971 6.112 6.234 6.335 6.415 6.586 7.036 7.518 8.033 8.582 9.163 9.777 10.425 11.105 11.818 12.565 13.344 14.003 14.441 14.882 15.328 15.779 16.233 16.692 17.156 17.624 18.096 18.573 19.054 20.157 21.881
5.207 5.086 4.962 4.834 4.702 4.565 4.425 4.281 4.133 3.981 3.825 3.665 3.641 3.631 3.627 3.629 3.647 3.742 3.849 3.970 4.104 4.246 4.393 4.551 4.567 4.590 4.624 4.669 4.724 4.790 4.867 4.955 5.053 5.162 5.282 5.418 5.613 5.786 5.939 6.072 6.185 6.277 6.349 6.400 6.431 6.441 6.431 6.510 7.106 7.735 8.396 9.091 9.818 10.579 11.372 12.198 13.058 13.950 14.875 15.690 16.146 16.607 17.072 17.542 18.016 18.494 18.977 19.464 19.956 20.452 20.952 21.875 23.462
4.865 4.731 4.593 4.451 4.305 4.155 4.001 3.843 3.681 3.526 3.410 3.300 3.341 3.429 3.530 3.643 3.770 3.910 4.064 4.230 4.410 4.597 4.791 4.995 5.078 5.149 5.231 5.323 5.426 5.540 5.664 5.800 5.946 6.102 6.270 6.448 6.555 6.638 6.701 6.743 6.765 6.767 6.748 6.709 6.649 6.569 6.469 6.399 7.141 7.916 8.723 9.564 10.438 11.344 12.284 13.256 14.261 15.300 16.371 17.369 17.845 18.325 18.810 19.299 19.792 20.290 20.792 21.298 21.809 22.324 22.844 23.621 25.072
4.527 4.379 4.231 4.096 3.966 3.842 3.723 3.610 3.503 3.401 3.305 3.214 3.270 3.403 3.549 3.709 3.881 4.067 4.266 4.478 4.703 4.937 5.177 5.427 5.577 5.695 5.824 5.964 6.115 6.276 6.448 6.631 6.825 7.029 7.244 7.470 7.518 7.511 7.483 7.435 7.367 7.278 7.169 7.039 6.889 6.719 6.528 6.317 7.141 8.062 9.016 10.002 11.022 12.074 13.160 14.278 15.429 16.613 17.831 19.042 19.537 20.037 20.540 21.049 21.561 22.078 22.599 23.125 23.655 24.189 24.728 25.395 26.709
4.215 4.087 3.966 3.850 3.740 3.635 3.535 3.442 3.354 3.271 3.194 3.123 3.186 3.365 3.557 3.762 3.980 4.212 4.456 4.714 4.985 5.264 5.550 5.846 6.062 6.228 6.405 6.593 6.791 7.000 7.219 7.450 7.691 7.943 8.206 8.479 8.502 8.405 8.287 8.148 7.989 7.810 7.611 7.391 7.150 6.890 6.609 6.307 7.106 8.173 9.273 10.405 11.571 12.769 14.000 15.264 16.561 17.891 19.254 20.650 21.223 21.741 22.264 22.792 23.323 23.860 24.400 24.945 25.494 26.048 26.606 27.083 27.985
3.906 3.798 3.696 3.599 3.508 3.423 3.343 3.268 3.200 3.136 3.079 3.027 3.091 3.315 3.553 3.803 4.067 4.344 4.634 4.938 5.254 5.579 5.911 6.254 6.535 6.749 6.973 7.208 7.454 7.710 7.978 8.256 8.544 8.844 9.154 9.475 9.508 9.320 9.111 8.882 8.633 8.364 8.074 7.764 7.433 7.082 6.711 6.320 7.037 8.249 9.495 10.773 12.084 13.428 14.805 16.215 17.658 19.133 20.642 22.183 22.901 23.439 23.892 24.170 24.444 24.716 24.985 25.252 25.515 25.776 26.034 26.289 27.142
3.592 3.504 3.421 3.343 3.272 3.206 3.145 3.090 3.041 2.997 2.958 2.926 2.983 3.253 3.536 3.833 4.142 4.465 4.800 5.149 5.511 5.882 6.260 6.648 6.995 7.256 7.528 7.811 8.104 8.408 8.723 9.049 9.385 9.732 10.089 10.458 10.534 10.255 9.957 9.638 9.298 8.939 8.559 8.158 7.737 7.296 6.835 6.353 6.932 8.290 9.682 11.106 12.563 14.063 15.563 17.002 18.383 19.703 20.964 22.166 22.700 22.971 23.240 23.505 23.767 24.027 24.284 24.539 24.790 25.039 25.285 25.528 26.302
