DATA/SHG/ECMWF/20170628/EN-21/20170705.en-21.asc
ncols        190
nrows        64
xllcorner    -5100000.000000000000
yllcorner    4130000.000000000000
cellsize     10000.000000000000
NODATA_value  -99999.000
[rows 0 to 32 of 64, columns 0 to 72 of 190]
0.492 0.466 0.440 0.415 0.391 0.367 0.344 0.322 0.301 0.291 0.283 0.273 0.263 0.250 0.237 0.222 0.205 0.188 0.168 0.173 0.186 0.211 0.242 0.272 0.301 0.329 0.356 0.381 0.406 0.429 0.451 0.472 0.492 0.608 0.794 0.990 1.197 1.413 1.640 1.877 2.124 2.381 2.648 2.925 3.213 3.453 3.653 3.863 4.083 4.314 4.554 4.805 5.067 5.339 5.620 5.913 6.215 6.368 6.317 6.245 6.151 6.036 5.900 5.743 5.564 5.364 5.143 4.900 4.637 4.791 5.679 6.606 7.573
0.306 0.282 0.259 0.236 0.215 0.194 0.174 0.154 0.136 0.121 0.108 0.094 0.106 0.118 0.130 0.143 0.156 0.168 0.181 0.194 0.207 0.228 0.255 0.281 0.306 0.330 0.352 0.374 0.395 0.414 0.432 0.450 0.466 0.574 0.796 1.028 1.270 1.522 1.784 2.057 2.339 2.632 2.935 3.248 3.571 3.862 4.098 4.344 4.601 4.867 5.144 5.431 5.729 6.036 6.354 6.683 7.021 7.221 7.095 6.948 6.780 6.590 6.379 6.147 5.893 5.618 5.322 5.005 4.666 4.647 5.674 6.741 7.847
0.118 0.097 0.077 0.057 0.043 0.051 0.059 0.067 0.076 0.087 0.099 0.112 0.124 0.137 0.150 0.162 0.175 0.188 0.201 0.214 0.228 0.245 0.268 0.291 0.312 0.332 0.350 0.368 0.385 0.401 0.415 0.428 0.441 0.529 0.787 1.054 1.332 1.620 1.918 2.226 2.545 2.873 3.212 3.560 3.919 4.261 4.533 4.815 5.107 5.410 5.723 6.046 6.379 6.723 7.077 7.441 7.816 8.094 7.893 7.671 7.428 7.163 6.877 6.570 6.242 5.892 5.521 5.129 4.675 4.393 5.434 6.456 7.457
0.022 0.029 0.037 0.045 0.054 0.063 0.073 0.083 0.093 0.105 0.117 0.130 0.143 0.156 0.169 0.182 0.195 0.208 0.222 0.235 0.249 0.264 0.283 0.301 0.319 0.335 0.350 0.364 0.376 0.388 0.399 0.408 0.417 0.474 0.767 1.071 1.384 1.708 2.041 2.385 2.739 3.103 3.477 3.861 4.256 4.648 4.956 5.274 5.603 5.941 6.290 6.650 7.019 7.399 7.789 8.189 8.599 8.987 8.711 8.414 8.086 7.622 7.161 6.700 6.241 5.783 5.327 4.872 4.418 3.965 4.912 5.864 6.795
0.026 0.035 0.044 0.054 0.064 0.075 0.086 0.098 0.110 0.122 0.135 0.148 0.161 0.175 0.188 0.201 0.215 0.228 0.242 0.256 0.269 0.283 0.299 0.313 0.327 0.339 0.350 0.360 0.369 0.377 0.384 0.389 0.394 0.408 0.737 1.076 1.425 1.785 2.154 2.533 2.923 3.323 3.732 4.152 4.582 5.022 5.369 5.723 6.087 6.462 6.847 7.242 7.647 8.034 8.323 8.599 8.862 9.112 8.712 8.250 7.791 7.332 6.875 6.419 5.965 5.511 5.060 4.609 4.160 3.712 4.410 5.291 6.152
0.029 0.040 0.051 0.062 0.074 0.086 0.099 0.112 0.126 0.140 0.153 0.166 0.180 0.193 0.207 0.221 0.234 0.248 0.262 0.276 0.290 0.304 0.316 0.326 0.336 0.344 0.351 0.358 0.363 0.367 0.370 0.371 0.372 0.372 0.697 1.072 1.456 1.851 2.256 2.671 3.096 3.531 3.977 4.432 4.897 5.373 5.755 6.090 6.412 6.721 7.016 7.299 7.568 7.824 8.067 8.297 8.514 8.717 8.407 7.950 7.495 7.041 6.588 6.137 5.687 5.239 4.792 4.346 3.901 3.458 3.927 4.738 5.529
0.033 0.045 0.057 0.070 0.083 0.097 0.112 0.126 0.141 0.157 0.171 0.184 0.198 0.212 0.226 0.240 0.254 0.268 0.282 0.296 0.310 0.325 0.334 0.341 0.346 0.351 0.354 0.356 0.358 0.358 0.357 0.355 0.352 0.347 0.646 1.056 1.477 1.907 2.348 2.801 3.258 3.715 4.171 4.626 5.080 5.534 5.881 6.170 6.446 6.708 6.958 7.194 7.417 7.628 7.825 8.008 8.179 8.337 8.101 7.649 7.198 6.749 6.301 5.855 5.409 4.965 4.523 4.082 3.642 3.203 3.464 4.204 4.925
0.035 0.049 0.063 0.077 0.092 0.108 0.123 0.140 0.156 0.174 0.188 0.202 0.216 0.230 0.244 0.259 0.273 0.287 0.302 0.316 0.331 0.346 0.353 0.356 0.358 0.358 0.358 0.356 0.354 0.350 0.345 0.339 0.356 0.386 0.676 1.135 1.592 2.049 2.506 2.961 3.416 3.870 4.323 4.776 5.227 5.678 6.020 6.262 6.492 6.709 6.912 7.103 7.280 7.444 7.595 7.733 7.858 7.969 7.794 7.347 6.901 6.457 6.013 5.571 5.131 4.691 4.253 3.817 3.381 2.947 3.020 3.690 4.341
0.037 0.053 0.068 0.084 0.101 0.118 0.135 0.153 0.171 0.190 0.206 0.220 0.234 0.249 0.263 0.277 0.292 0.307 0.321 0.336 0.351 0.366 0.373 0.372 0.370 0.378 0.390 0.408 0.430 0.457 0.489 0.525 0.566 0.612 0.849 1.305 1.760 2.215 2.669 3.122 3.574 4.025 4.476 4.926 5.375 5.823 6.171 6.368 6.552 6.722 6.880 7.024 7.155 7.274 7.379 7.470 7.549 7.615 7.487 7.045 6.603 6.163 5.725 5.287 4.851 4.416 3.983 3.551 3.120 2.691 2.595 3.196 3.777
0.039 0.056 0.073 0.090 0.109 0.127 0.146 0.165 0.185 0.205 0.223 0.238 0.252 0.267 0.281 0.296 0.311 0.326 0.342 0.358 0.374 0.391 0.406 0.421 0.441 0.465 0.495 0.529 0.568 0.611 0.660 0.713 0.771 0.833 1.023 1.476 1.929 2.381 2.832 3.282 3.732 4.181 4.629 5.076 5.523 5.969 6.336 6.486 6.624 6.749 6.860 6.959 7.044 7.116 7.175 7.221 7.254 7.274 7.179 6.741 6.305 5.869 5.435 5.002 4.571 4.141 3.712 3.285 2.858 2.434 2.190 2.721 3.232
0.040 0.058 0.077 0.096 0.116 0.136 0.156 0.177 0.198 0.220 0.241 0.256 0.271 0.286 0.302 0.318 0.334 0.351 0.367 0.384 0.401 0.418 0.438 0.470 0.507 0.548 0.594 0.645 0.700 0.761 0.826 0.896 0.970 1.049 1.197 1.648 2.098 2.547 2.996 3.444 3.891 4.337 4.782 5.227 5.671 6.115 6.513 6.618 6.710 6.788 6.854 6.906 6.946 6.972 6.985 6.985 6.972 6.946 6.871 6.437 6.005 5.574 5.145 4.717 4.290 3.864 3.440 3.017 2.596 2.176 1.804 2.265 2.707
0.041 0.061 0.081 0.103 0.127 0.150 0.173 0.195 0.217 0.239 0.259 0.275 0.291 0.308 0.324 0.341 0.358 0.375 0.392 0.410 0.428 0.446 0.466 0.514 0.568 0.626 0.688 0.756 0.828 0.905 0.987 1.073 1.164 1.260 1.371 1.820 2.267 2.714 3.160 3.605 4.050 4.493 4.936 5.379 5.820 6.261 6.701 6.762 6.808 6.841 6.860 6.867 6.860 6.841 6.808 6.763 6.704 6.632 6.547 6.133 5.705 5.279 4.854 4.430 4.008 3.587 3.168 2.771 2.399 2.039 1.690 2.073 2.501
0.061 0.084 0.107 0.130 0.152 0.174 0.195 0.217 0.237 0.258 0.278 0.295 0.311 0.329 0.346 0.363 0.381 0.399 0.417 0.435 0.454 0.473 0.492 0.553 0.623 0.698 0.777 0.862 0.950 1.044 1.142 1.245 1.353 1.466 1.583 1.992 2.437 2.881 3.325 3.767 4.209 4.650 5.091 5.530 5.969 6.408 6.845 6.919 6.919 6.906 6.880 6.841 6.788 6.723 6.644 6.553 6.448 6.331 6.200 5.827 5.406 4.995 4.595 4.206 3.829 3.463 3.109 2.765 2.433 2.112 1.803 2.036 2.398
0.092 0.114 0.136 0.157 0.178 0.198 0.219 0.239 0.258 0.277 0.296 0.314 0.331 0.349 0.367 0.385 0.404 0.423 0.442 0.461 0.480 0.500 0.519 0.588 0.674 0.765 0.861 0.962 1.068 1.178 1.293 1.412 1.537 1.666 1.800 2.165 2.607 3.049 3.489 3.930 4.369 4.808 5.246 5.683 6.119 6.555 6.990 7.089 7.043 6.984 6.912 6.827 6.729 6.602 6.463 6.315 6.159 5.995 5.822 5.497 5.114 4.742 4.382 4.033 3.695 3.368 3.053 2.749 2.456 2.175 1.904 2.017 2.313
0.123 0.144 0.164 0.184 0.204 0.223 0.242 0.261 0.279 0.297 0.315 0.333 0.351 0.370 0.388 0.407 0.427 0.446 0.466 0.486 0.506 0.526 0.547 0.617 0.720 0.828 0.940 1.058 1.180 1.307 1.438 1.574 1.715 1.861 2.012 2.338 2.777 3.217 3.655 4.092 4.529 4.965 5.401 5.835 6.269 6.702 7.106 7.206 7.089 6.963 6.828 6.685 6.533 6.373 6.204 6.026 5.840 5.646 5.443 5.155 4.812 4.480 4.158 3.849 3.550 3.263 2.987 2.722 2.468 2.226 1.995 2.016 2.245
0.155 0.174 0.193 0.212 0.230 0.249 0.266 0.284 0.301 0.317 0.334 0.351 0.370 0.390 0.409 0.429 0.449 0.469 0.490 0.510 0.531 0.552 0.574 0.641 0.760 0.885 1.014 1.148 1.287 1.430 1.578 1.731 1.889 2.051 2.218 2.511 2.948 3.385 3.830 4.318 4.781 5.220 5.636 6.027 6.394 6.738 7.057 7.165 7.018 6.862 6.697 6.524 6.342 6.152 5.953 5.746 5.530 5.306 5.073 4.804 4.499 4.206 3.925 3.654 3.395 3.147 2.910 2.684 2.470 2.267 2.075 2.032 2.195
0.186 0.205 0.222 0.240 0.257 0.274 0.291 0.307 0.322 0.338 0.353 0.370 0.389 0.410 0.430 0.450 0.471 0.492 0.513 0.535 0.556 0.578 0.600 0.660 0.796 0.937 1.083 1.234 1.389 1.549 1.714 1.907 2.170 2.452 2.753 3.125 3.600 4.051 4.478 4.881 5.261 5.616 5.947 6.254 6.538 6.797 7.032 7.133 6.955 6.769 6.575 6.372 6.160 5.940 5.712 5.475 5.229 4.975 4.712 4.441 4.176 3.923 3.680 3.449 3.229 3.020 2.823 2.636 2.461 2.297 2.145 2.066 2.164
0.218 0.235 0.252 0.268 0.284 0.300 0.315 0.330 0.345 0.359 0.373 0.388 0.408 0.429 0.450 0.472 0.493 0.515 0.537 0.559 0.581 0.604 0.627 0.674 0.840 1.037 1.252 1.487 1.741 2.013 2.305 2.615 2.945 3.293 3.660 4.048 4.440 4.807 5.150 5.469 5.764 6.035 6.282 6.505 6.705 6.880 7.031 7.109 6.902 6.686 6.461 6.229 5.987 5.737 5.479 5.212 4.936 4.652 4.360 4.069 3.843 3.629 3.426 3.234 3.053 2.883 2.725 2.578 2.442 2.317 2.203 2.118 2.150
0.251 0.267 0.282 0.297 0.312 0.326 0.340 0.354 0.367 0.380 0.393 0.405 0.427 0.448 0.470 0.492 0.515 0.542 0.576 0.614 0.657 0.704 0.755 0.818 1.062 1.326 1.608 1.909 2.229 2.568 2.926 3.303 3.698 4.113 4.547 4.995 5.302 5.585 5.844 6.080 6.291 6.478 6.641 6.780 6.896 6.987 7.054 7.094 6.857 6.611 6.357 6.094 5.823 5.543 5.255 4.958 4.653 4.339 4.017 3.686 3.500 3.324 3.160 3.008 2.866 2.735 2.616 2.508 2.411 2.326 2.251 2.188 2.153
0.284 0.298 0.313 0.326 0.340 0.353 0.366 0.378 0.390 0.402 0.412 0.415 0.436 0.463 0.494 0.530 0.571 0.616 0.665 0.719 0.777 0.840 0.907 0.978 1.264 1.594 1.943 2.310 2.697 3.102 3.526 3.969 4.431 4.913 5.412 5.931 6.189 6.388 6.563 6.714 6.841 6.944 7.024 7.079 7.110 7.118 7.101 7.061 6.820 6.545 6.261 5.968 5.667 5.357 5.039 4.713 4.378 4.034 3.682 3.322 3.146 3.010 2.885 2.771 2.669 2.577 2.497 2.428 2.371 2.324 2.289 2.265 2.175
0.317 0.330 0.343 0.378 0.405 0.426 0.440 0.447 0.446 0.439 0.425 0.404 0.427 0.470 0.517 0.568 0.624 0.685 0.750 0.819 0.893 0.971 1.053 1.140 1.446 1.842 2.257 2.691 3.144 3.615 4.106 4.615 5.144 5.691 6.257 6.842 7.098 7.213 7.304 7.371 7.415 7.434 7.430 7.401 7.349 7.272 7.172 7.048 6.792 6.487 6.173 5.851 5.520 5.181 4.833 4.477 4.112 3.738 3.357 2.966 2.782 2.685 2.599 2.524 2.461 2.409 2.368 2.332 2.290 2.248 2.207 2.167 2.052
0.519 0.543 0.560 0.570 0.573 0.569 0.559 0.541 0.516 0.485 0.446 0.401 0.413 0.472 0.534 0.601 0.673 0.749 0.829 0.914 1.003 1.097 1.195 1.297 1.608 2.070 2.551 3.052 3.571 4.109 4.665 5.241 5.836 6.449 7.082 7.733 8.030 8.062 8.069 8.052 8.012 7.947 7.859 7.747 7.611 7.451 7.267 7.059 6.773 6.438 6.094 5.742 5.382 5.012 4.635 4.249 3.854 3.451 3.040 2.620 2.418 2.374 2.331 2.288 2.246 2.204 2.163 2.122 2.082 2.042 2.003 1.965 1.876
0.792 0.791 0.784 0.770 0.748 0.720 0.685 0.643 0.594 0.538 0.475 0.405 0.395 0.469 0.547 0.630 0.717 0.808 0.904 1.004 1.109 1.218 1.332 1.450 1.749 2.278 2.825 3.392 3.977 4.581 5.204 5.846 6.507 7.186 7.885 8.602 8.986 8.934 8.857 8.757 8.632 8.484 8.312 8.116 7.897 7.653 7.386 7.094 6.762 6.397 6.024 5.642 5.252 4.841 4.426 4.016 3.611 3.211 2.815 2.425 2.196 2.154 2.112 2.071 2.031 1.991 1.952 1.913 1.874 1.836 1.799 1.762 1.694
1.072 1.047 1.015 0.977 0.931 0.878 0.819 0.752 0.678 0.598 0.511 0.416 0.372 0.461 0.555 0.653 0.756 0.863 0.974 1.090 1.210 1.335 1.464 1.597 1.870 2.465 3.079 3.712 4.363 5.033 5.723 6.431 7.157 7.903 8.668 9.451 9.965 9.829 9.668 9.484 9.276 9.045 8.789 8.510 8.206 7.879 7.469 7.040 6.613 6.191 5.773 5.360 4.952 4.550 4.152 3.759 3.371 2.988 2.610 2.237 1.973 1.933 1.893 1.854 1.816 1.778 1.740 1.703 1.666 1.630 1.595 1.560 1.508
1.360 1.311 1.254 1.191 1.121 1.044 0.960 0.869 0.771 0.666 0.554 0.435 0.344 0.449 0.558 0.672 0.790 0.912 1.039 1.170 1.306 1.446 1.591 1.740 1.972 2.633 3.313 4.011 4.729 5.465 6.220 6.995 7.788 8.599 9.430 10.279 10.967 10.747 10.503 10.082 9.643 9.206 8.772 8.341 7.913 7.488 7.065 6.646 6.231 5.825 5.425 5.029 4.639 4.253 3.873 3.497 3.127 2.761 2.400 2.044 1.751 1.712 1.674 1.637 1.600 1.564 1.528 1.493 1.458 1.424 1.390 1.357 1.317
1.655 1.581 1.500 1.413 1.318 1.217 1.108 0.993 0.870 0.741 0.605 0.462 0.312 0.432 0.557 0.686 0.819 0.957 1.100 1.246 1.397 1.553 1.713 1.877 2.053 2.780 3.526 4.291 5.074 5.877 6.698 7.535 8.248 8.944 9.625 10.289 10.912 10.474 10.038 9.606 9.176 8.750 8.326 7.905 7.487 7.071 6.659 6.250 5.844 5.456 5.072 4.694 4.321 3.953 3.589 3.231 2.878 2.529 2.186 1.847 1.528 1.491 1.455 1.420 1.385 1.350 1.316 1.283 1.250 1.217 1.185 1.154 1.122
1.957 1.859 1.754 1.642 1.523 1.397 1.264 1.124 0.977 0.824 0.663 0.496 0.321 0.410 0.550 0.695 0.844 0.997 1.155 1.317 1.484 1.655 1.830 2.010 2.194 2.882 3.634 4.371 5.092 5.796 6.485 7.158 7.815 8.455 9.080 9.689 10.282 9.975 9.550 9.127 8.708 8.291 7.877 7.466 7.058 6.653 6.251 5.851 5.455 5.082 4.716 4.355 3.999 3.648 3.302 2.961 2.624 2.293 1.967 1.646 1.329 1.270 1.236 1.202 1.169 1.136 1.104 1.072 1.041 1.010 0.980 0.951 0.921
2.268 2.144 2.014 1.878 1.735 1.584 1.427 1.263 1.092 0.914 0.729 0.537 0.338 0.384 0.539 0.699 0.864 1.059 1.298 1.518 1.718 1.897 2.057 2.196 2.314 2.855 3.552 4.233 4.898 5.547 6.180 6.797 7.398 7.983 8.553 9.106 9.643 9.474 9.059 8.646 8.237 7.830 7.426 7.025 6.627 6.232 5.840 5.451 5.064 4.703 4.355 4.011 3.672 3.339 3.010 2.686 2.367 2.053 1.744 1.440 1.141 1.049 1.016 0.984 0.953 0.922 0.891 0.862 0.832 0.803 0.775 0.747 0.720
2.588 2.436 2.282 2.122 1.954 1.779 1.598 1.409 1.214 1.012 0.967 0.976 0.806 0.816 1.066 1.296 1.505 1.695 1.864 2.013 2.142 2.251 2.339 2.408 2.456 2.844 3.485 4.111 4.720 5.314 5.891 6.453 6.999 7.528 8.042 8.540 9.022 8.971 8.566 8.163 7.764 7.367 6.973 6.582 6.194 5.809 5.427 5.048 4.671 4.321 3.989 3.663 3.341 3.025 2.713 2.407 2.105 1.808 1.516 1.229 0.947 0.827 0.796 0.766 0.737 0.707 0.679 0.651 0.623 0.596 0.570 0.544 0.518
2.916 2.736 2.558 2.980 3.617 4.075 4.353 4.451 4.370 4.109 3.668 3.047 2.247 1.755 1.935 2.094 2.233 2.352 2.450 2.529 2.587 2.625 2.643 2.641 2.619 2.850 3.436 4.006 4.560 5.098 5.620 6.126 6.616 7.090 7.548 7.991 8.417 8.466 8.070 7.678 7.289 6.902 6.518 6.137 5.759 5.384 5.012 4.642 4.276 3.934 3.620 3.310 3.006 2.707 2.412 2.123 1.838 1.559 1.284 1.014 0.750 0.605 0.576 0.548 0.520 0.493 0.466 0.440 0.449 0.497 0.521 0.519 0.493
8.533 9.730 10.096 10.282 10.289 10.117 9.764 9.232 8.521 7.630 6.559 5.309 3.879 2.715 2.824 2.912 2.981 3.029 3.057 3.065 3.053 3.020 2.968 2.895 2.802 2.873 3.403 3.917 4.416 4.898 5.365 5.815 6.250 6.669 7.071 7.458 7.829 7.958 7.573 7.191 6.811 6.435 6.061 5.690 5.322 4.957 4.594 4.235 3.879 3.542 3.246 2.953 2.666 2.384 2.107 1.835 1.567 1.305 1.048 0.795 0.547 0.471 0.606 0.716 0.802 0.863 0.899 0.910 0.897 0.859 0.795 0.707 0.595
16.599 18.480 18.216 17.772 17.149 16.346 15.364 14.202 12.861 11.341 9.641 7.761 5.703 3.696 3.734 3.752 3.749 3.727 3.684 3.622 3.539 3.436 3.313 3.170 3.007 2.912 3.387 3.845 4.288 4.715 5.126 5.522 5.901 6.264 6.612 6.943 7.259 7.449 7.073 6.701 6.332 5.965 5.601 5.240 4.882 4.527 4.175 3.825 3.479 3.147 2.867 2.592 2.322 2.057 1.942 1.920 1.884 1.836 1.773 1.698 1.609 1.546 1.595 1.619 1.618 1.593 1.543 1.468 1.368 1.243 1.094 0.919 0.720
24.461 27.100 26.522 25.448 24.196 22.763 21.152 19.361 17.391 15.242 12.913 10.405 7.718 4.851 4.664 4.611 4.538 4.445 4.332 4.199 4.046 3.873 3.679 3.466 3.232 2.979 3.387 3.790 4.178 4.549 4.905 5.245 5.568 5.876 6.168 6.445 6.705 6.937 6.572 6.209 5.850 5.493 5.139 4.789 4.440 4.095 3.753 3.593 3.546 3.538 3.536 3.520 3.491 3.449 3.394 3.325 3.243 3.147 3.038 2.916 2.781 2.644 2.607 2.545 2.457 2.346 2.209 2.048 1.861 1.650 1.415 1.154 0.869
