DATA/SHG/ECMWF/20170628/EN-21/20170709.en-21.asc
ncols        190
nrows        64
xllcorner    -5100000.000000000000
yllcorner    4130000.000000000000
cellsize     10000.000000000000
NODATA_value  -99999.000
[rows 32 to 63 of 64, columns 0 to 70 of 190]
21.879 22.699 22.294 21.688 21.000 20.230 19.378 18.443 17.426 16.327 15.145 13.881 12.535 11.107 11.235 11.462 11.700 11.949 12.209 12.480 12.761 13.053 13.356 13.670 13.995 14.330 14.065 13.764 13.437 13.083 12.704 12.299 11.868 11.410 10.927 10.418 9.882 9.326 9.002 8.671 8.333 7.987 7.634 7.274 6.906 6.531 6.150 6.012 5.839 5.525 5.642 5.711 5.730 5.699 5.619 5.489 5.310 5.081 4.803 4.475 4.098 3.698 3.546 3.416 3.309 3.223 3.160 3.119 3.100 3.103 3.128
26.573 27.488 27.092 26.197 25.221 24.162 23.021 21.797 20.492 19.104 17.633 16.081 14.446 12.730 12.574 12.839 13.115 13.402 13.699 14.007 14.326 14.656 14.996 15.348 15.710 16.082 15.836 15.444 15.025 14.581 14.111 13.614 13.092 12.543 11.969 11.369 10.742 10.090 9.701 9.344 9.749 10.185 10.447 10.536 10.452 10.194 9.763 9.158 8.380 7.429 7.290 7.185 7.032 6.828 6.576 6.273 5.922 5.521 5.070 4.570 4.021 3.422 3.323 3.271 3.240 3.232 3.245 3.281 3.339 3.419 3.521
31.230 32.240 31.975 30.791 29.526 28.178 26.749 25.237 23.643 21.966 20.208 18.367 16.444 14.439 13.901 14.203 14.516 14.840 15.175 15.521 15.877 16.245 16.622 17.011 17.411 17.821 17.632 17.149 16.639 16.104 15.542 14.955 14.341 14.756 15.258 15.758 16.254 16.747 17.118 17.295 17.299 17.129 16.786 16.270 15.581 14.718 13.682 12.473 11.091 9.535 8.984 8.707 8.381 8.005 7.580 7.105 6.582 6.008 5.385 4.713 3.992 3.220 3.080 3.104 3.150 3.219 3.309 3.422 3.557 3.714 3.893
35.850 36.955 36.941 35.470 33.916 32.280 30.562 28.761 26.879 24.914 22.868 20.739 18.528 16.235 15.214 15.554 15.904 16.266 16.638 17.021 17.415 17.820 18.235 18.661 19.098 19.590 20.560 21.072 21.580 22.085 22.587 23.087 23.583 24.076 24.566 25.053 25.537 26.018 26.043 25.615 25.014 24.239 23.292 22.171 20.878 19.411 17.771 15.958 13.971 11.812 10.725 10.275 9.777 9.229 8.632 7.985 7.289 6.543 5.749 4.904 4.011 3.067 2.815 2.917 3.040 3.185 3.352 3.542 3.753 3.987 4.243
40.434 41.634 41.992 40.232 38.390 36.466 34.460 32.371 30.201 27.948 25.614 23.197 20.699 18.118 16.513 16.891 17.279 17.678 18.247 19.630 21.053 22.515 24.017 25.558 27.139 28.760 29.956 30.455 30.951 31.444 31.935 32.422 32.906 33.387 33.865 34.340 34.812 35.280 35.133 34.101 32.895 31.516 29.964 28.240 26.342 24.271 22.027 19.611 17.021 14.258 12.512 11.891 11.220 10.500 9.731 8.912 8.044 7.126 6.159 5.143 4.078 2.963 2.530 2.708 2.908 3.130 3.374 3.640 3.928 4.239 4.571
44.981 46.277 47.127 45.079 42.949 40.737 38.442 36.066 33.608 31.068 28.446 25.958 23.967 22.009 20.720 22.082 23.483 24.924 26.404 27.924 29.484 31.083 32.721 34.400 36.118 37.875 39.342 39.829 40.313 40.795 41.273 41.748 42.219 42.688 43.154 43.617 44.077 44.534 44.388 42.751 40.942 38.959 36.803 34.475 31.974 29.299 26.452 23.432 20.239 16.873 14.347 13.553 12.711 11.819 10.877 9.886 8.846 7.757 6.618 5.430 4.193 2.906 2.223 2.478 2.755 3.054 3.374 3.717 4.082 4.469 4.878
49.493 50.883 52.300 50.010 47.726 45.616 43.540 41.497 39.487 37.511 35.568 33.658 31.781 29.938 28.275 29.774 31.313 32.890 34.508 36.165 37.861 39.597 41.373 43.188 45.043 46.937 48.720 49.195 49.667 50.136 50.602 51.065 51.524 51.981 52.435 52.886 53.334 53.778 53.808 51.567 49.154 46.567 43.809 40.877 37.772 34.495 31.045 27.422 23.627 19.658 16.228 15.263 14.248 13.184 12.071 10.908 9.696 8.435 7.125 5.765 4.356 2.898 1.896 2.227 2.581 2.956 3.354 3.773 4.215 4.678 5.635
54.239 56.046 57.989 56.608 54.579 52.584 50.622 48.694 46.798 44.936 43.108 41.312 39.550 37.821 36.126 37.414 39.090 40.804 42.559 44.353 46.186 48.059 49.971 51.923 53.915 55.945 58.016 58.551 59.011 59.468 59.922 60.373 60.821 61.265 61.707 62.146 62.582 63.014 63.392 60.548 57.531 54.342 50.980 47.445 43.738 39.858 35.806 31.581 27.183 22.613 18.156 17.019 15.833 14.597 13.312 11.977 10.594 9.161 7.679 6.147 4.567 2.937 1.548 2.353 3.420 4.565 5.787 7.087 8.465 9.920 11.453
59.129 61.408 63.821 63.302 61.388 59.507 57.660 55.846 54.065 52.317 50.603 48.922 47.274 45.659 44.078 45.002 46.814 48.666 50.557 52.487 54.458 56.467 58.516 60.605 62.733 64.901 67.108 67.899 68.347 68.792 69.233 69.672 70.108 70.541 70.970 71.397 71.821 72.241 72.659 69.693 66.074 62.282 58.317 54.181 49.871 45.389 40.734 35.907 30.908 25.736 20.391 18.822 17.464 16.056 14.600 13.094 11.922 10.841 9.728 8.582 7.403 6.191 4.951 6.210 7.546 8.959 10.450 12.019 13.665 15.388 17.190
63.864 66.613 69.497 69.952 68.152 66.386 64.653 62.953 61.286 59.653 58.053 56.486 54.952 53.452 51.985 52.537 54.486 56.475 58.502 60.570 62.676 64.823 67.008 69.234 71.498 73.802 76.146 77.238 77.674 78.106 78.536 78.963 79.387 79.807 80.225 80.640 81.051 81.460 81.866 79.003 74.782 70.387 65.821 61.082 56.171 51.087 45.831 40.402 34.801 29.229 23.859 21.996 20.964 19.900 18.803 17.673 16.510 15.315 14.086 12.826 11.532 10.206 8.847 9.987 11.592 13.274 15.033 16.870 18.784 20.776 22.845
68.443 71.663 75.017 76.557 74.872 73.220 71.601 70.015 68.463 66.944 65.458 64.005 62.586 61.200 59.847 60.020 62.106 64.231 66.395 68.599 70.843 73.125 75.448 77.809 80.210 82.651 85.131 86.568 86.992 87.412 87.830 88.245 88.657 89.065 89.471 89.874 90.273 90.670 91.064 88.478 83.654 78.658 72.501 66.448 60.588 54.921 49.447 44.167 39.080 34.186 29.486 27.184 26.038 24.859 23.647 22.402 21.125 19.815 18.472 17.096 15.688 14.247 12.774 13.685 15.558 17.508 19.536 21.641 23.823 26.083 28.420
72.866 76.556 80.381 83.118 81.547 80.009 78.505 77.033 75.595 74.190 72.818 71.480 70.174 68.902 67.663 67.451 69.673 71.935 74.236 76.576 78.956 81.375 83.834 86.332 88.870 91.447 94.063 95.889 96.301 96.710 97.116 97.518 97.918 98.315 98.663 97.166 95.762 94.450 93.229 89.887 83.924 78.154 72.577 67.193 62.003 57.005 52.201 47.589 43.171 38.946 34.915 32.399 31.138 29.844 28.517 27.158 25.766 24.341 22.884 21.394 19.871 18.316 16.728 17.303 19.444 21.663 23.958 26.331 28.782 31.310 33.915
77.135 81.295 85.590 89.635 88.178 86.754 85.364 84.007 82.682 81.392 80.134 78.909 77.718 76.560 75.435 74.830 77.189 79.587 82.024 84.501 87.017 89.573 92.168 94.802 97.476 100.189 102.942 104.922 103.102 101.374 99.738 98.194 96.742 95.381 94.113 92.937 91.853 90.860 89.960 87.761 82.468 77.367 72.459 67.745 63.223 58.895 54.759 50.816 47.067 43.510 40.147 37.640 36.264 34.855 33.414 31.940 30.434 28.895 27.323 25.718 24.081 22.411 20.709 20.842 23.251 25.737 28.301 30.942 33.660 36.456 39.329
81.249 85.878 90.642 95.541 94.765 93.455 92.179 90.936 89.725 88.548 87.405 86.294 85.217 84.172 83.161 82.183 84.652 87.186 89.760 92.373 94.540 95.069 95.595 96.120 96.642 97.162 97.680 98.043 96.543 95.135 93.819 92.595 91.463 90.423 89.475 88.618 87.854 87.182 86.601 85.444 80.819 76.387 72.149 68.103 64.250 60.589 57.122 53.848 50.766 47.877 45.182 42.907 41.416 39.893 38.338 36.749 35.128 33.475 31.788 30.069 28.318 26.534 24.717 24.302 26.979 29.733 32.564 35.473 38.458 41.521 44.662
85.207 90.306 95.539 100.907 101.308 100.112 98.949 97.820 96.724 95.661 94.631 93.634 92.671 91.043 88.096 85.224 85.226 85.757 86.286 86.813 87.337 87.860 88.380 88.899 89.415 89.929 90.441 90.950 89.897 88.809 87.813 86.909 86.097 85.377 84.748 84.212 83.767 83.414 83.153 82.934 78.978 75.215 71.645 68.267 65.082 62.090 59.290 56.683 54.269 52.048 50.020 48.200 46.595 44.958 43.287 41.585 39.849 38.081 36.281 34.448 32.582 30.683 28.752 27.682 30.627 33.648 36.747 39.923 43.176 46.507 49.915
89.012 94.579 100.281 106.118 107.806 106.724 104.679 101.472 98.340 95.282 92.297 89.387 86.551 83.789 81.100 78.486 78.059 78.584 79.107 79.628 80.146 80.663 81.177 81.689 82.199 82.707 83.212 83.716 83.163 82.395 81.719 81.135 80.643 80.242 79.933 79.716 79.591 79.557 79.616 79.766 76.945 73.850 70.948 68.238 65.720 63.396 61.264 59.324 57.577 56.023 54.662 53.493 51.800 50.048 48.264 46.447 44.597 42.715 40.800 38.853 36.873 34.860 32.815 30.983 34.195 37.484 40.851 44.294 47.815 51.412 55.087
89.812 93.702 97.471 101.120 101.667 98.571 95.549 92.601 89.727 86.926 84.200 81.548 78.969 76.465 74.034 71.678 70.903 71.422 71.939 72.453 72.966 73.476 73.984 74.490 74.994 75.496 75.995 76.492 76.343 75.895 75.538 75.274 75.101 75.019 75.030 75.132 75.326 75.612 75.989 76.458 74.721 72.293 70.058 68.015 66.165 64.508 63.043 61.770 60.690 59.802 59.107 58.605 57.032 55.165 53.267 51.335 49.372 47.375 45.346 43.284 41.190 39.063 36.904 34.712 37.685 41.182 44.044 46.826 49.530 52.155 54.701
80.535 84.009 87.363 90.596 91.953 89.115 86.351 83.660 81.044 78.502 76.033 73.639 71.318 69.071 66.899 64.800 63.758 64.271 64.781 65.290 65.796 66.300 66.802 67.302 67.800 68.295 68.789 69.280 69.436 69.307 69.270 69.324 69.471 69.709 70.038 70.460 70.973 71.577 72.274 73.062 72.304 70.544 68.976 67.600 66.417 65.426 64.627 64.021 63.607 63.386 63.357 63.520 62.289 60.309 58.296 56.251 54.173 52.062 49.789 46.803 43.918 41.135 38.453 35.872 37.423 40.091 42.681 45.192 47.623 49.976 52.250
71.402 74.460 77.398 80.215 82.170 79.590 77.084 74.651 72.293 70.008 67.798 65.661 63.598 61.608 59.693 57.852 56.624 57.131 57.635 58.137 58.638 59.136 59.631 60.125 60.617 61.106 61.593 62.078 62.441 62.632 62.914 63.288 63.753 64.310 64.959 65.699 66.531 67.454 68.469 69.576 69.696 68.602 67.701 66.992 66.475 66.150 66.018 66.078 66.330 66.774 67.411 67.969 66.004 62.760 59.618 56.576 53.637 50.798 48.061 45.425 42.891 40.458 38.126 35.895 36.681 39.077 41.395 43.634 45.793 47.874 49.876
62.412 65.054 67.576 69.978 72.260 69.997 67.749 65.574 63.473 61.446 59.493 57.613 55.807 54.076 52.418 50.833 49.501 50.001 50.500 50.996 51.490 51.982 52.471 52.959 53.444 53.928 54.409 54.888 55.360 55.870 56.471 57.164 57.948 58.823 59.791 60.850 62.000 63.242 64.576 66.001 66.896 66.469 66.234 66.191 66.169 65.776 65.387 65.000 64.616 64.235 63.858 63.483 62.078 59.185 56.393 53.702 51.113 48.625 46.238 43.952 41.767 39.684 37.702 35.821 36.015 38.140 40.185 42.152 44.040 45.849 47.579
53.564 55.791 57.898 59.885 61.752 60.336 58.345 56.428 54.584 52.815 51.119 49.496 47.948 46.473 45.072 43.745 42.492 42.883 43.375 43.865 44.353 44.839 45.322 45.804 46.283 46.760 47.235 47.708 48.192 49.021 49.941 50.952 52.055 53.249 54.535 55.912 57.381 58.943 60.500 61.999 63.166 62.772 62.381 61.994 61.609 61.227 60.849 60.473 60.100 59.730 59.363 59.000 58.058 55.515 53.073 50.733 48.493 46.355 44.318 42.382 40.547 38.814 37.182 35.650 35.426 37.278 39.052 40.747 42.363 43.901 45.359
44.858 46.670 48.362 49.934 51.386 50.607 48.873 47.213 45.627 44.114 42.675 41.310 40.019 38.801 37.657 36.587 35.591 35.775 36.261 36.745 37.227 37.706 38.184 38.659 39.132 39.603 40.072 40.538 41.003 42.085 43.552 45.312 47.014 48.660 50.248 51.779 53.253 54.670 56.030 57.332 58.564 58.181 57.802 57.425 57.051 56.681 56.313 55.948 55.586 55.228 54.872 54.519 53.944 51.751 49.659 47.668 45.779 43.990 42.303 40.716 39.231 37.847 36.564 35.383 34.912 36.493 37.995 39.418 40.763 42.029 43.216
36.295 37.692 38.969 40.127 41.164 40.809 39.333 37.930 36.601 35.345 34.163 33.055 32.021 31.060 30.173 29.359 28.620 28.678 29.158 29.636 30.111 30.584 31.056 31.899 33.083 34.243 35.379 36.491 37.578 39.100 40.720 42.282 43.788 45.236 46.628 47.962 49.240 50.460 51.623 52.729 53.778 53.593 53.225 52.859 52.496 52.137 51.780 51.426 51.075 50.727 50.382 50.041 49.702 47.892 46.150 44.508 42.968 41.529 40.192 38.955 37.819 36.784 35.851 35.018 34.474 35.783 37.014 38.166 39.239 40.234 41.150
27.874 28.856 29.719 30.462 31.085 30.944 29.724 28.578 27.506 26.507 25.582 24.731 23.953 23.249 22.618 22.061 22.067 22.869 24.115 25.337 26.534 27.708 28.857 29.983 31.084 32.161 33.214 34.243 35.248 36.526 37.949 39.315 40.624 41.876 43.070 44.208 45.289 46.312 47.279 48.189 49.041 49.008 48.650 48.295 47.944 47.595 47.249 46.906 46.566 46.229 45.896 45.565 45.237 43.938 42.545 41.254 40.063 38.974 37.985 37.097 36.311 35.625 35.040 34.557 34.174 35.150 36.109 36.990 37.792 38.516 39.161
19.594 20.162 20.611 20.940 21.149 21.010 20.047 19.158 18.342 18.313 18.635 18.968 19.314 19.671 20.040 20.421 20.814 21.479 22.642 23.780 24.895 25.986 27.052 28.094 29.113 30.107 31.077 32.023 32.944 34.014 35.241 36.410 37.522 38.577 39.575 40.516 41.401 42.228 42.998 43.711 44.367 44.425 44.078 43.734 43.394 43.056 42.721 42.389 42.060 41.734 41.411 41.091 40.774 39.890 38.847 37.904 37.063 36.322 35.683 35.144 34.706 34.370 34.134 33.999 33.965 34.592 35.280 35.890 36.421 36.874 37.248
11.456 11.610 12.461 13.499 14.501 15.425 15.741 16.069 16.409 16.760 17.123 17.498 17.885 18.283 18.694 19.116 19.549 20.116 21.196 22.251 23.283 24.291 25.274 26.233 27.169 28.080 28.967 29.830 30.668 31.564 32.594 33.566 34.482 35.341 36.143 36.887 37.575 38.206 38.780 39.297 39.757 39.844 39.509 39.176 38.846 38.519 38.195 37.874 37.556 37.241 36.929 36.620 36.314 35.748 35.053 34.460 33.967 33.576 33.285 33.095 33.006 33.018 33.131 33.345 33.659 34.110 34.527 34.866 35.127 35.581 36.111
9.095 10.080 11.028 11.940 12.816 13.655 14.054 14.423 14.804 15.196 15.601 16.017 16.445 16.884 17.336 17.799 18.274 18.780 19.777 20.750 21.698 22.623 23.523 24.400 25.252 26.080 26.884 27.664 28.420 29.176 30.009 30.785 31.504 32.167 32.772 33.321 33.812 34.247 34.624 34.945 35.209 35.266 34.941 34.619 34.300 33.984 33.671 33.361 33.054 32.750 32.449 32.151 31.855 31.511 31.165 30.921 30.777 30.734 30.792 30.951 31.210 31.570 32.261 33.043 33.844 34.508 35.041 35.570 36.092 36.610 37.122
7.957 8.816 9.638 10.423 11.172 11.885 12.355 12.766 13.188 13.621 14.067 14.524 14.993 15.474 15.967 16.471 16.987 17.515 18.385 19.275 20.140 20.982 21.800 22.593 23.363 24.108 24.829 25.526 26.199 26.849 27.486 28.066 28.589 29.055 29.464 29.816 30.112 30.350 30.532 30.656 30.724 30.690 30.376 30.065 29.757 29.452 29.150 28.851 28.555 28.262 27.971 27.684 27.400 27.179 27.183 27.768 28.479 29.210 29.961 30.732 31.522 32.332 33.162 34.012 34.881 35.616 36.131 36.640 37.144 37.642 38.135
6.860 7.593 8.289 8.948 9.571 10.157 10.646 11.097 11.561 12.035 12.522 13.021 13.531 14.053 14.587 15.132 15.689 16.258 17.020 17.827 18.610 19.369 20.103 20.814 21.500 22.163 22.801 23.416 24.006 24.572 25.024 25.408 25.735 26.005 26.218 26.374 26.473 26.516 26.502 26.430 26.302 26.117 25.814 25.514 25.217 24.922 24.631 24.343 24.542 24.859 25.229 25.649 26.122 26.671 27.412 28.172 28.951 29.751 30.570 31.408 32.267 33.145 34.043 34.960 35.898 36.728 37.224 37.714 38.199 38.679 39.153
5.805 6.411 6.981 7.514 8.011 8.471 8.926 9.418 9.923 10.439 10.966 11.506 12.057 12.620 13.195 13.782 14.380 14.990 15.682 16.406 17.106 17.782 18.434 19.062 19.665 20.245 20.801 21.332 21.840 22.324 22.624 22.812 22.943 23.017 23.034 22.994 22.898 22.744 22.534 22.267 21.943 21.913 22.031 22.217 22.454 22.744 23.085 23.477 23.922 24.418 24.966 25.565 26.216 26.919 27.727 28.555 29.403 30.271 31.158 32.065 32.991 33.937 34.903 35.889 36.894 37.844 38.321 38.793 39.259 39.720 40.175
4.792 5.271 5.715 6.122 6.492 6.826 7.194 7.728 8.273 8.831 9.400 9.980 10.573 11.177 11.793 12.421 13.060 13.711 14.371 15.012 15.629 16.222 16.792 17.337 17.858 18.355 18.828 19.277 19.702 20.102 20.286 20.278 20.212 20.090 20.091 20.094 20.094 20.092 20.087 20.081 20.072 20.061 20.288 20.652 21.069 21.537 22.056 22.628 23.251 23.925 24.652 25.430 26.259 27.141 28.023 28.919 29.835 30.771 31.726 32.701 33.695 34.710 35.744 36.797 37.871 38.964 39.422 39.875 40.322 40.764 41.201
3.819 4.173 4.490 4.771 5.015 5.223 5.452 6.027 6.613 7.212 7.822 8.444 9.077 9.722 10.379 11.048 11.729 12.421 13.087 13.645 14.180 14.690 15.176 15.639 16.077 16.491 16.883 17.297 17.695 18.079 18.293 18.297 18.299 18.298 18.295 18.290 18.283 18.273 18.262 18.248 18.232 18.214 18.494 19.037 19.632 20.279 20.977 21.727 22.529 23.382 24.287 25.243 26.251 27.311 28.299 29.263 30.247 31.251 32.274 33.317 34.380 35.462 36.564 37.685 38.827 39.988 40.527 40.961 41.389 41.813 42.230
