DATA/SHG/ECMWF/20170628/EN-21/20170628.en-21.asc
ncols        190
nrows        64
xllcorner    -5100000.000000000000
yllcorner    4130000.000000000000
cellsize     10000.000000000000
NODATA_value  -99999.000
[rows 0 to 32 of 64, columns 0 to 74 of 190]
2.567 2.647 2.734 2.829 2.930 3.039 3.155 3.277 3.407 3.438 3.440 3.447 3.459 3.477 3.499 3.527 3.559 3.597 3.640 3.670 3.696 3.758 3.830 3.895 3.951 4.000 4.042 4.076 4.102 4.121 4.132 4.135 4.131 4.117 4.110 4.113 4.128 4.153 4.190 4.237 4.295 4.364 4.444 4.535 4.637 4.697 4.704 4.698 4.679 4.647 4.602 4.544 4.473 4.389 4.292 4.182 4.059 4.005 4.031 4.037 4.024 3.991 3.939 3.868 3.777 3.666 3.537 3.388 3.219 3.018 2.790 2.566 2.345 2.128 1.915
2.051 2.157 2.269 2.389 2.516 2.650 2.791 2.939 3.094 3.166 3.187 3.212 3.231 3.251 3.273 3.297 3.322 3.349 3.378 3.409 3.441 3.484 3.529 3.567 3.597 3.619 3.634 3.641 3.640 3.632 3.616 3.593 3.562 3.553 3.584 3.627 3.680 3.744 3.819 3.904 4.001 4.109 4.227 4.357 4.497 4.576 4.537 4.485 4.421 4.343 4.252 4.149 4.032 3.903 3.761 3.605 3.437 3.306 3.264 3.202 3.121 3.020 2.900 2.761 2.602 2.424 2.227 2.010 1.773 1.529 1.315 1.103 0.896 0.692 0.492
1.529 1.660 1.798 1.943 2.100 2.277 2.447 2.610 2.765 2.856 2.877 2.900 2.925 2.951 2.979 3.009 3.041 3.074 3.109 3.146 3.185 3.218 3.237 3.248 3.251 3.246 3.234 3.215 3.187 3.152 3.110 3.060 3.002 2.979 3.049 3.129 3.221 3.323 3.437 3.561 3.696 3.842 3.999 4.167 4.346 4.467 4.383 4.286 4.176 4.053 3.917 3.768 3.606 3.431 3.243 3.042 2.829 2.627 2.517 2.387 2.238 2.069 1.882 1.674 1.448 1.202 0.937 0.652 0.573 0.534 0.591 0.653 0.720 0.791 0.867
1.195 1.376 1.549 1.716 1.874 2.026 2.170 2.307 2.436 2.530 2.557 2.586 2.617 2.650 2.684 2.720 2.758 2.798 2.839 2.882 2.927 2.961 2.953 2.937 2.913 2.882 2.843 2.797 2.743 2.681 2.612 2.535 2.451 2.394 2.502 2.621 2.752 2.892 3.044 3.207 3.381 3.565 3.761 3.967 4.184 4.372 4.242 4.100 3.944 3.776 3.594 3.400 3.192 2.972 2.739 2.493 2.234 1.968 1.789 1.592 1.384 1.283 1.192 1.114 1.046 0.990 0.945 0.912 0.890 0.879 0.952 1.030 1.113 1.202 1.294
1.081 1.236 1.384 1.524 1.657 1.783 1.901 2.012 2.115 2.202 2.236 2.271 2.308 2.347 2.388 2.430 2.474 2.520 2.567 2.617 2.668 2.712 2.677 2.634 2.584 2.526 2.461 2.388 2.307 2.219 2.123 2.019 1.908 1.799 1.946 2.103 2.272 2.451 2.641 2.843 3.055 3.278 3.511 3.756 4.012 4.278 4.115 3.927 3.726 3.512 3.285 3.045 2.793 2.535 2.303 2.075 1.853 1.635 1.529 1.445 1.372 1.310 1.260 1.221 1.193 1.177 1.172 1.178 1.196 1.225 1.307 1.402 1.502 1.607 1.717
0.976 1.105 1.227 1.342 1.449 1.548 1.641 1.725 1.803 1.873 1.913 1.955 1.998 2.043 2.090 2.138 2.189 2.241 2.294 2.350 2.407 2.466 2.410 2.341 2.264 2.179 2.087 1.987 1.880 1.765 1.642 1.512 1.374 1.229 1.378 1.575 1.781 1.999 2.228 2.468 2.718 2.979 3.251 3.534 3.828 4.133 3.989 3.739 3.494 3.255 3.020 2.790 2.565 2.345 2.129 1.919 1.714 1.513 1.427 1.382 1.349 1.327 1.316 1.317 1.329 1.352 1.387 1.433 1.490 1.559 1.658 1.769 1.886 2.007 2.134
0.880 0.983 1.079 1.167 1.248 1.322 1.388 1.447 1.499 1.544 1.589 1.637 1.686 1.737 1.790 1.845 1.902 1.960 2.020 2.081 2.145 2.210 2.151 2.055 1.951 1.840 1.721 1.595 1.461 1.319 1.170 1.013 0.849 0.677 0.801 1.035 1.281 1.537 1.804 2.100 2.404 2.697 2.979 3.251 3.512 3.762 3.673 3.440 3.213 2.990 2.773 2.560 2.352 2.149 1.951 1.758 1.570 1.387 1.313 1.308 1.315 1.332 1.361 1.402 1.453 1.516 1.591 1.676 1.773 1.882 2.003 2.131 2.265 2.403 2.546
0.791 0.868 0.938 1.001 1.056 1.104 1.145 1.178 1.204 1.222 1.263 1.317 1.373 1.431 1.490 1.551 1.613 1.678 1.744 1.811 1.881 1.952 1.901 1.778 1.648 1.510 1.364 1.211 1.051 0.883 0.707 0.523 0.396 0.294 0.454 0.774 1.083 1.381 1.669 1.946 2.212 2.467 2.712 2.946 3.169 3.382 3.352 3.137 2.927 2.722 2.521 2.326 2.135 1.950 1.769 1.593 1.422 1.256 1.189 1.224 1.270 1.327 1.396 1.476 1.567 1.670 1.784 1.909 2.045 2.193 2.343 2.488 2.638 2.793 2.952
0.711 0.762 0.806 0.843 0.872 0.894 0.909 0.917 0.917 0.909 0.937 0.997 1.059 1.122 1.188 1.255 1.323 1.394 1.466 1.540 1.616 1.693 1.659 1.510 1.353 1.220 1.096 0.979 0.867 0.762 0.663 0.571 0.485 0.405 0.498 0.781 1.052 1.313 1.563 1.802 2.031 2.249 2.456 2.652 2.838 3.013 3.027 2.829 2.636 2.448 2.265 2.087 1.914 1.745 1.582 1.423 1.270 1.121 1.054 1.128 1.214 1.311 1.419 1.539 1.670 1.812 1.965 2.130 2.306 2.494 2.678 2.840 3.007 3.178 3.354
0.638 0.664 0.682 0.693 0.697 0.693 0.682 0.664 0.638 0.605 0.608 0.675 0.743 0.812 0.884 0.957 1.032 1.112 1.213 1.309 1.399 1.484 1.491 1.370 1.255 1.147 1.045 0.950 0.861 0.778 0.701 0.631 0.567 0.510 0.554 0.798 1.032 1.255 1.468 1.670 1.861 2.041 2.211 2.369 2.518 2.655 2.698 2.517 2.342 2.171 2.005 1.844 1.688 1.537 1.390 1.249 1.112 0.981 0.908 1.022 1.147 1.284 1.432 1.591 1.761 1.943 2.136 2.340 2.556 2.783 3.009 3.187 3.370 3.558 3.751
0.574 0.574 0.567 0.552 0.530 0.500 0.463 0.419 0.368 0.309 0.295 0.415 0.529 0.638 0.741 0.840 0.933 1.020 1.103 1.180 1.251 1.318 1.344 1.246 1.153 1.068 0.988 0.915 0.848 0.787 0.733 0.685 0.643 0.607 0.620 0.827 1.023 1.209 1.384 1.548 1.702 1.844 1.976 2.098 2.208 2.308 2.364 2.201 2.042 1.889 1.740 1.596 1.457 1.323 1.194 1.070 0.951 0.836 0.751 0.904 1.069 1.246 1.433 1.632 1.842 2.063 2.296 2.539 2.794 3.061 3.334 3.529 3.729 3.933 4.121
0.519 0.492 0.459 0.429 0.409 0.391 0.375 0.360 0.348 0.337 0.340 0.440 0.536 0.626 0.711 0.791 0.865 0.934 0.998 1.056 1.109 1.157 1.191 1.115 1.045 0.981 0.924 0.873 0.828 0.790 0.757 0.732 0.712 0.699 0.697 0.867 1.025 1.174 1.311 1.438 1.554 1.659 1.753 1.837 1.911 1.973 2.025 1.880 1.739 1.602 1.471 1.344 1.222 1.106 0.994 0.887 0.785 0.687 0.595 0.776 0.981 1.197 1.424 1.662 1.911 2.172 2.444 2.714 2.977 3.237 3.497 3.666 3.829 3.993 4.158
0.501 0.482 0.464 0.449 0.436 0.424 0.414 0.406 0.400 0.396 0.394 0.472 0.549 0.620 0.687 0.748 0.803 0.854 0.899 0.939 0.973 1.002 1.026 0.978 0.930 0.889 0.854 0.825 0.802 0.786 0.776 0.772 0.774 0.783 0.799 0.917 1.038 1.149 1.249 1.338 1.417 1.484 1.542 1.588 1.624 1.649 1.663 1.555 1.431 1.311 1.197 1.088 0.983 0.883 0.789 0.699 0.614 0.534 0.459 0.638 0.897 1.164 1.430 1.694 1.957 2.218 2.479 2.737 2.995 3.251 3.506 3.690 3.857 4.025 4.194
0.499 0.486 0.475 0.467 0.460 0.455 0.451 0.450 0.451 0.453 0.457 0.509 0.567 0.620 0.668 0.710 0.747 0.779 0.806 0.827 0.843 0.853 0.859 0.835 0.809 0.790 0.777 0.770 0.769 0.775 0.787 0.806 0.830 0.861 0.899 0.978 1.062 1.135 1.198 1.250 1.291 1.321 1.341 1.350 1.348 1.336 1.313 1.225 1.118 1.016 0.919 0.827 0.739 0.696 0.661 0.626 0.590 0.555 0.521 0.691 0.954 1.217 1.478 1.737 1.995 2.252 2.507 2.762 3.014 3.266 3.516 3.713 3.884 4.056 4.230
0.494 0.488 0.484 0.482 0.482 0.483 0.487 0.492 0.499 0.508 0.519 0.552 0.591 0.626 0.655 0.678 0.697 0.710 0.718 0.721 0.718 0.710 0.697 0.685 0.681 0.684 0.693 0.709 0.730 0.758 0.792 0.833 0.880 0.933 0.992 1.051 1.097 1.133 1.158 1.172 1.176 1.169 1.151 1.123 1.084 1.034 1.033 1.013 0.977 0.942 0.906 0.871 0.836 0.800 0.765 0.731 0.696 0.661 0.627 0.754 1.013 1.270 1.526 1.781 2.035 2.287 2.537 2.787 3.035 3.282 3.527 3.735 3.910 4.086 4.264
0.488 0.489 0.491 0.495 0.502 0.510 0.520 0.531 0.545 0.561 0.578 0.600 0.621 0.637 0.647 0.652 0.652 0.647 0.636 0.620 0.599 0.573 0.541 0.529 0.547 0.572 0.603 0.641 0.685 0.735 0.791 0.854 0.922 0.998 1.079 1.134 1.142 1.141 1.130 1.126 1.123 1.121 1.120 1.120 1.121 1.124 1.127 1.114 1.079 1.044 1.009 0.974 0.939 0.904 0.870 0.835 0.801 0.767 0.733 0.818 1.072 1.325 1.576 1.826 2.075 2.323 2.569 2.813 3.057 3.299 3.539 3.755 3.934 4.115 4.296
0.480 0.487 0.496 0.507 0.520 0.534 0.551 0.569 0.589 0.611 0.635 0.654 0.656 0.654 0.645 0.632 0.613 0.589 0.560 0.526 0.486 0.441 0.391 0.366 0.407 0.454 0.507 0.567 0.633 0.705 0.783 0.869 0.960 1.050 1.140 1.199 1.196 1.193 1.192 1.191 1.192 1.194 1.197 1.201 1.206 1.213 1.220 1.216 1.181 1.146 1.111 1.077 1.042 1.008 0.974 0.940 0.906 0.872 0.838 0.883 1.132 1.381 1.627 1.873 2.117 2.360 2.601 2.841 3.080 3.317 3.553 3.774 3.958 4.142 4.328
0.469 0.483 0.499 0.516 0.535 0.557 0.580 0.605 0.631 0.660 0.690 0.714 0.697 0.676 0.649 0.617 0.580 0.538 0.490 0.437 0.379 0.315 0.246 0.197 0.273 0.366 0.458 0.550 0.641 0.732 0.822 0.911 1.000 1.088 1.176 1.248 1.248 1.249 1.252 1.255 1.260 1.266 1.273 1.281 1.290 1.300 1.312 1.317 1.282 1.248 1.213 1.179 1.145 1.111 1.078 1.044 1.011 0.977 0.944 0.949 1.194 1.438 1.680 1.921 2.160 2.398 2.635 2.870 3.104 3.337 3.568 3.793 3.980 4.169 4.358
0.457 0.477 0.499 0.523 0.549 0.577 0.606 0.638 0.671 0.706 0.744 0.779 0.744 0.704 0.659 0.608 0.553 0.499 0.450 0.403 0.358 0.314 0.273 0.238 0.330 0.421 0.511 0.600 0.690 0.778 0.866 0.953 1.040 1.126 1.212 1.295 1.299 1.304 1.311 1.318 1.327 1.336 1.347 1.359 1.372 1.386 1.402 1.417 1.383 1.349 1.315 1.282 1.248 1.215 1.181 1.148 1.115 1.082 1.049 1.017 1.257 1.496 1.733 1.969 2.204 2.437 2.669 2.900 3.129 3.357 3.584 3.809 4.001 4.194 4.388
0.442 0.469 0.498 0.528 0.561 0.595 0.631 0.669 0.709 0.751 0.788 0.822 0.777 0.725 0.675 0.627 0.580 0.536 0.494 0.453 0.415 0.378 0.343 0.310 0.387 0.475 0.564 0.651 0.738 0.825 0.911 0.996 1.081 1.166 1.249 1.332 1.349 1.358 1.369 1.380 1.392 1.406 1.421 1.437 1.453 1.472 1.491 1.511 1.484 1.451 1.417 1.384 1.351 1.317 1.285 1.252 1.219 1.186 1.154 1.122 1.321 1.555 1.788 2.019 2.249 2.478 2.705 2.931 3.156 3.379 3.601 3.822 4.021 4.218 4.412
0.426 0.459 0.494 0.537 0.577 0.616 0.652 0.687 0.720 0.751 0.780 0.807 0.779 0.733 0.690 0.649 0.609 0.571 0.536 0.502 0.470 0.440 0.411 0.385 0.444 0.531 0.617 0.703 0.788 0.872 0.956 1.040 1.123 1.205 1.287 1.368 1.398 1.411 1.425 1.440 1.457 1.474 1.493 1.513 1.533 1.555 1.578 1.603 1.585 1.552 1.519 1.486 1.453 1.420 1.388 1.355 1.323 1.291 1.259 1.227 1.386 1.616 1.844 2.071 2.296 2.520 2.743 2.959 3.165 3.368 3.568 3.765 3.958 4.153 4.353
0.464 0.504 0.541 0.577 0.611 0.643 0.673 0.701 0.727 0.752 0.774 0.795 0.779 0.740 0.703 0.669 0.636 0.605 0.575 0.548 0.523 0.499 0.478 0.458 0.502 0.586 0.671 0.754 0.838 0.920 1.002 1.084 1.165 1.245 1.325 1.404 1.445 1.462 1.480 1.500 1.520 1.541 1.564 1.587 1.612 1.638 1.665 1.693 1.685 1.652 1.620 1.587 1.555 1.523 1.490 1.458 1.426 1.395 1.363 1.331 1.449 1.665 1.878 2.088 2.295 2.500 2.701 2.900 3.096 3.289 3.480 3.667 3.865 4.075 4.290
0.526 0.559 0.590 0.619 0.647 0.672 0.696 0.717 0.737 0.755 0.771 0.785 0.777 0.745 0.715 0.686 0.660 0.636 0.613 0.592 0.574 0.557 0.542 0.529 0.560 0.643 0.725 0.807 0.888 0.969 1.049 1.128 1.207 1.286 1.363 1.441 1.492 1.513 1.535 1.558 1.582 1.607 1.633 1.661 1.690 1.719 1.750 1.782 1.785 1.753 1.721 1.689 1.657 1.616 1.573 1.531 1.492 1.454 1.418 1.384 1.461 1.667 1.871 2.071 2.269 2.463 2.655 2.844 3.030 3.214 3.394 3.572 3.769 3.994 4.223
0.591 0.617 0.641 0.664 0.685 0.703 0.720 0.735 0.748 0.760 0.769 0.777 0.773 0.747 0.724 0.702 0.683 0.665 0.649 0.635 0.622 0.612 0.604 0.597 0.619 0.699 0.780 0.860 0.939 1.018 1.096 1.173 1.250 1.327 1.403 1.478 1.537 1.562 1.587 1.614 1.642 1.672 1.702 1.733 1.766 1.800 1.822 1.840 1.836 1.790 1.746 1.703 1.662 1.624 1.587 1.552 1.519 1.487 1.458 1.431 1.477 1.673 1.866 2.057 2.245 2.430 2.612 2.791 2.967 3.141 3.312 3.480 3.668 3.908 4.152
0.657 0.677 0.694 0.710 0.724 0.737 0.747 0.755 0.762 0.767 0.770 0.771 0.767 0.748 0.731 0.716 0.703 0.692 0.682 0.675 0.669 0.666 0.664 0.664 0.678 0.757 0.835 0.913 0.990 1.067 1.143 1.219 1.294 1.368 1.442 1.515 1.581 1.609 1.639 1.664 1.688 1.709 1.729 1.748 1.765 1.780 1.794 1.807 1.809 1.769 1.731 1.695 1.661 1.629 1.599 1.570 1.544 1.519 1.497 1.476 1.495 1.681 1.865 2.046 2.223 2.399 2.571 2.740 2.907 3.071 3.232 3.390 3.564 3.818 4.077
0.725 0.738 0.749 0.759 0.766 0.772 0.776 0.778 0.778 0.776 0.772 0.766 0.759 0.747 0.736 0.728 0.721 0.717 0.714 0.713 0.714 0.717 0.722 0.728 0.737 0.814 0.891 0.967 1.042 1.117 1.191 1.265 1.364 1.449 1.518 1.573 1.613 1.635 1.656 1.676 1.693 1.710 1.724 1.738 1.749 1.759 1.768 1.775 1.779 1.746 1.715 1.685 1.658 1.632 1.609 1.587 1.567 1.549 1.533 1.519 1.516 1.692 1.866 2.037 2.205 2.370 2.533 2.693 2.849 3.003 3.155 3.303 3.456 3.725 3.998
0.795 0.802 0.806 0.809 0.810 0.809 0.806 0.802 0.795 0.787 0.776 0.764 0.750 0.743 0.740 0.738 0.738 0.740 0.743 0.749 0.757 0.766 0.777 0.791 0.819 0.962 1.098 1.219 1.325 1.417 1.494 1.556 1.603 1.636 1.654 1.658 1.646 1.659 1.674 1.688 1.701 1.712 1.721 1.729 1.735 1.740 1.743 1.745 1.745 1.721 1.696 1.674 1.653 1.634 1.617 1.602 1.588 1.577 1.567 1.560 1.554 1.706 1.870 2.031 2.189 2.345 2.498 2.647 2.794 2.939 3.080 3.219 3.355 3.627 3.915
0.862 0.867 0.865 0.862 0.856 0.848 0.839 0.828 0.815 0.800 0.783 0.764 0.744 0.738 0.741 0.746 0.752 0.774 0.834 0.907 0.992 1.091 1.203 1.327 1.465 1.576 1.660 1.730 1.785 1.825 1.850 1.861 1.857 1.838 1.805 1.757 1.695 1.684 1.694 1.703 1.710 1.715 1.719 1.722 1.723 1.722 1.720 1.716 1.711 1.694 1.676 1.660 1.646 1.633 1.623 1.614 1.608 1.603 1.600 1.599 1.600 1.722 1.876 2.028 2.176 2.322 2.465 2.605 2.742 2.877 3.009 3.137 3.263 3.526 3.829
0.927 0.935 0.926 0.916 0.904 0.890 0.874 0.856 0.836 0.815 0.809 0.809 0.789 0.797 0.851 0.917 0.996 1.088 1.194 1.312 1.443 1.587 1.744 1.914 2.097 2.204 2.237 2.255 2.259 2.247 2.222 2.181 2.126 2.056 1.971 1.872 1.758 1.711 1.715 1.719 1.720 1.720 1.719 1.716 1.711 1.705 1.698 1.689 1.678 1.666 1.654 1.645 1.637 1.631 1.627 1.625 1.625 1.627 1.631 1.636 1.644 1.741 1.885 2.027 2.166 2.302 2.435 2.565 2.693 2.818 2.940 3.059 3.175 3.421 3.738
0.990 1.004 0.989 1.035 1.103 1.151 1.179 1.189 1.178 1.149 1.100 1.031 0.943 0.916 1.015 1.127 1.251 1.389 1.539 1.703 1.879 2.068 2.270 2.486 2.714 2.847 2.829 2.795 2.748 2.685 2.608 2.516 2.409 2.288 2.152 2.001 1.836 1.739 1.738 1.736 1.732 1.727 1.720 1.712 1.702 1.691 1.678 1.663 1.647 1.635 1.630 1.627 1.626 1.627 1.630 1.635 1.641 1.649 1.660 1.672 1.686 1.762 1.897 2.029 2.158 2.284 2.408 2.528 2.641 2.739 2.833 2.921 3.004 3.187 3.457
1.640 1.767 1.805 1.824 1.823 1.803 1.763 1.704 1.626 1.528 1.411 1.274 1.118 1.021 1.165 1.322 1.492 1.675 1.871 2.079 2.301 2.535 2.783 3.043 3.316 3.505 3.435 3.350 3.251 3.137 3.008 2.865 2.707 2.535 2.347 2.145 1.929 1.769 1.762 1.755 1.746 1.735 1.723 1.709 1.694 1.677 1.659 1.639 1.618 1.603 1.605 1.608 1.614 1.621 1.631 1.642 1.655 1.670 1.687 1.706 1.726 1.784 1.902 2.015 2.122 2.223 2.320 2.411 2.496 2.576 2.651 2.721 2.785 2.919 3.162
2.585 2.712 2.682 2.632 2.564 2.475 2.368 2.240 2.094 1.928 1.743 1.538 1.314 1.112 1.302 1.504 1.719 1.947 2.188 2.442 2.708 2.988 3.281 3.586 3.904 4.177 4.056 3.920 3.769 3.604 3.424 3.229 3.020 2.796 2.558 2.305 2.037 1.800 1.788 1.775 1.761 1.745 1.727 1.708 1.688 1.666 1.642 1.617 1.590 1.569 1.577 1.587 1.600 1.614 1.659 1.714 1.755 1.781 1.794 1.791 1.775 1.776 1.875 1.969 2.057 2.140 2.218 2.290 2.357 2.419 2.475 2.526 2.571 2.659 2.875
3.531 3.658 3.579 3.461 3.324 3.168 2.992 2.797 2.582 2.348 2.095 1.822 1.530 1.218 1.424 1.671 1.931 2.205 2.491 2.790 3.101 3.426 3.764 4.115 4.478 4.855 4.691 4.504 4.302 4.085 3.854 3.608 3.348 3.073 2.783 2.479 2.160 1.832 1.816 1.797 1.778 1.756 1.733 1.709 1.683 1.655 1.626 1.669 1.731 1.780 1.857 1.919 1.968 2.001 2.021 2.026 2.017 1.994 1.956 1.904 1.838 1.773 1.853 1.928 1.998 2.063 2.122 2.175 2.223 2.266 2.304 2.336 2.363 2.407 2.596
