DATA/SHG/ECMWF/20170628/EN-21/20170710.en-21.asc
ncols        190
nrows        64
xllcorner    -5100000.000000000000
yllcorner    4130000.000000000000
cellsize     10000.000000000000
NODATA_value  -99999.000
[rows 32 to 63 of 64, columns 0 to 71 of 190]
22.558 19.074 18.197 17.551 16.863 16.132 15.358 14.541 13.682 12.780 11.835 10.847 9.817 8.744 8.565 8.426 8.277 8.118 7.948 7.768 7.578 7.378 7.167 6.946 6.715 6.473 6.369 6.260 6.146 6.026 5.900 5.768 5.630 5.486 5.336 5.181 5.019 4.854 4.811 4.765 4.714 4.660 4.601 4.539 4.473 4.403 4.328 4.469 4.709 4.953 5.218 5.465 5.694 5.906 6.099 6.276 6.434 6.575 6.698 6.803 6.891 6.962 7.026 7.075 7.108 7.126 7.128 7.116 7.087 7.043 6.984 6.910
27.652 23.072 21.338 20.542 19.704 18.822 17.898 16.932 15.922 14.870 13.775 12.638 11.458 10.235 9.849 9.675 9.489 9.294 9.088 8.872 8.646 8.409 8.162 7.905 7.638 7.360 7.210 7.081 6.946 6.805 6.658 6.505 6.347 6.182 6.011 5.835 5.652 5.464 5.391 5.330 5.499 5.727 5.958 6.192 6.430 6.671 6.915 7.163 7.414 7.668 7.874 8.059 8.226 8.376 8.508 8.622 8.719 8.798 8.859 8.903 8.929 8.937 8.946 8.941 8.920 8.884 8.833 8.766 8.684 8.587 8.474 8.345
33.085 27.411 24.523 23.577 22.588 21.557 20.483 19.366 18.207 17.005 15.760 14.473 13.143 11.770 11.144 10.933 10.711 10.480 10.238 9.986 9.723 9.450 9.167 8.874 8.570 8.257 8.057 7.907 7.751 7.589 7.422 7.248 7.069 7.224 7.362 7.451 7.492 7.483 7.641 7.873 8.109 8.348 8.590 8.835 9.084 9.336 9.591 9.850 10.112 10.377 10.545 10.668 10.773 10.861 10.931 10.983 11.018 11.035 11.035 11.016 10.981 10.927 10.879 10.820 10.745 10.655 10.550 10.430 10.294 10.142 9.976 9.794
38.856 32.089 27.750 26.654 25.515 24.334 23.110 21.844 20.534 19.183 17.788 16.351 14.872 13.349 12.447 12.200 11.943 11.675 11.397 11.108 10.810 10.501 10.182 9.852 9.513 9.185 9.455 9.764 10.025 10.236 10.399 10.512 10.577 10.593 10.560 10.478 10.347 10.167 10.222 10.465 10.712 10.962 11.215 11.472 11.731 11.995 12.261 12.531 12.804 13.080 13.229 13.290 13.334 13.360 13.368 13.358 13.331 13.287 13.224 13.145 13.047 12.932 12.823 12.710 12.582 12.439 12.280 12.105 11.916 11.711 11.490 11.255
44.965 37.105 31.020 29.774 28.486 27.155 25.781 24.365 22.906 21.404 19.860 18.274 16.645 14.973 13.760 13.477 13.183 12.879 12.618 12.639 12.709 12.828 12.995 13.211 13.475 13.787 14.067 14.205 14.295 14.335 14.326 14.269 14.163 14.007 13.804 13.551 13.249 12.898 12.796 13.051 13.308 13.569 13.834 14.101 14.372 14.646 14.924 15.204 15.488 15.776 15.928 15.927 15.909 15.873 15.819 15.748 15.659 15.553 15.429 15.287 15.128 14.951 14.780 14.614 14.432 14.235 14.022 13.794 13.551 13.292 13.018 12.728
51.412 42.460 34.333 32.937 31.499 30.019 28.495 26.929 25.321 23.670 21.976 20.296 18.702 17.065 15.708 15.705 15.749 15.843 15.984 16.174 16.413 16.700 17.035 17.419 17.852 18.333 18.725 18.692 18.610 18.479 18.300 18.071 17.794 17.468 17.093 16.670 16.197 15.676 15.364 15.629 15.898 16.170 16.445 16.724 17.006 17.291 17.580 17.871 18.166 18.465 18.640 18.578 18.498 18.400 18.285 18.152 18.001 17.833 17.648 17.444 17.223 16.985 16.750 16.530 16.294 16.043 15.777 15.495 15.198 14.886 14.558 14.215
58.196 48.154 37.800 36.144 34.640 33.200 31.715 30.187 28.615 26.999 25.338 23.633 21.885 20.092 18.345 18.510 18.723 18.985 19.295 19.654 20.060 20.516 21.020 21.572 22.172 22.821 23.427 23.223 22.970 22.669 22.318 21.919 21.471 20.975 20.429 19.835 19.192 18.500 17.925 18.201 18.481 18.764 19.050 19.340 19.633 19.929 20.229 20.531 20.838 21.147 21.367 21.242 21.101 20.941 20.764 20.570 20.358 20.128 19.881 19.616 19.333 19.033 18.732 18.458 18.168 17.864 17.544 17.209 16.858 16.492 16.764 17.467
63.167 53.111 43.477 40.656 39.105 37.510 35.871 34.188 32.461 30.689 28.874 27.014 25.111 23.163 21.172 21.260 21.641 22.071 22.550 23.077 23.652 24.275 24.947 25.668 26.436 27.254 28.119 27.799 27.376 26.904 26.383 25.813 25.194 24.527 23.811 23.046 22.232 21.370 20.479 20.767 21.057 21.352 21.649 21.950 22.254 22.561 22.871 23.185 23.502 23.822 24.107 23.921 23.718 23.497 23.258 23.002 22.728 22.437 22.128 21.802 21.458 21.096 20.726 21.120 21.856 22.583 23.299 24.006 24.703 25.390 26.067 26.734
65.729 57.143 48.979 45.320 43.614 41.864 40.070 38.232 36.350 34.424 32.453 30.439 28.381 26.279 24.132 23.954 24.504 25.102 25.749 26.444 27.187 27.979 28.819 29.707 30.644 31.629 32.663 32.421 31.827 31.184 30.492 29.752 28.963 28.125 27.239 26.303 25.319 24.287 23.205 23.325 23.627 23.932 24.241 24.552 24.867 25.186 25.507 25.832 26.160 26.491 26.826 26.614 26.349 26.067 25.767 25.449 25.817 26.438 27.087 27.764 28.468 29.200 29.959 30.670 31.370 32.061 32.742 33.413 34.074 34.726 35.368 36.000
67.825 60.709 54.014 50.027 48.166 46.261 44.312 42.319 40.282 38.201 36.076 33.908 31.695 29.438 27.137 26.593 27.312 28.078 28.893 29.756 30.667 31.627 32.635 33.691 34.796 35.949 37.150 37.088 36.323 35.510 34.647 33.737 32.777 31.769 30.712 29.607 28.452 27.250 25.998 25.877 26.190 26.506 26.826 27.149 27.474 27.804 28.136 28.472 28.811 29.838 30.974 31.643 32.221 32.826 33.459 34.120 34.808 35.524 36.267 37.038 37.836 38.662 39.516 40.216 40.881 41.537 42.182 42.818 43.444 44.060 44.666 45.262
69.457 63.808 58.582 54.776 52.760 50.701 48.597 46.450 44.258 42.023 39.743 37.420 35.052 32.641 30.186 29.178 30.064 30.998 31.981 33.012 34.091 35.219 36.394 37.618 38.891 40.211 41.580 41.800 40.864 39.881 38.848 37.767 36.637 35.459 34.232 32.956 31.632 30.259 28.837 28.423 28.747 29.074 30.255 31.477 32.675 33.848 34.997 36.120 37.219 38.293 39.343 40.123 40.796 41.496 42.223 42.978 43.760 44.570 45.408 46.273 47.166 48.086 49.034 49.761 50.390 51.010 51.620 52.220 52.811 53.391 53.962 54.523
70.623 66.442 62.682 59.568 57.398 55.183 52.925 50.623 48.277 45.887 43.453 40.975 38.453 35.888 33.278 31.706 32.761 33.863 35.013 36.212 37.459 38.755 40.098 41.490 42.930 44.418 45.955 46.556 45.451 44.297 43.094 41.843 40.543 39.194 37.816 37.196 36.607 36.047 35.518 35.780 36.989 38.174 39.334 40.470 41.580 42.666 43.728 44.764 45.776 46.763 47.725 48.566 49.333 50.127 50.949 51.798 52.675 53.579 54.511 55.470 56.457 57.471 58.513 59.303 59.897 60.481 61.056 61.620 62.175 62.721 63.256 63.782
71.325 68.610 66.316 64.403 62.078 59.709 57.296 54.840 52.339 49.795 47.207 44.575 41.898 39.178 36.415 34.180 35.402 36.672 37.991 39.357 40.772 42.235 43.746 45.305 46.913 48.569 50.273 51.420 50.693 49.996 49.328 48.691 48.084 47.507 46.961 46.444 45.957 45.501 45.074 45.134 46.257 47.354 48.427 49.476 50.499 51.498 52.472 53.421 54.346 55.246 56.121 56.971 57.832 58.721 59.637 60.580 61.551 62.549 63.575 64.629 65.710 66.818 67.954 68.842 69.401 69.950 70.489 71.018 71.538 72.048 72.548 73.038
71.564 70.314 69.485 69.076 66.801 64.278 61.711 59.100 56.445 53.746 51.004 48.217 45.387 42.513 39.595 36.633 37.989 39.427 40.913 42.447 44.020 45.704 47.591 49.681 51.975 54.471 57.170 59.803 59.178 58.584 58.020 57.486 56.981 56.507 56.063 55.649 55.266 54.912 54.588 54.502 55.537 56.548 57.534 58.495 59.431 60.343 61.230 62.093 62.930 63.743 64.531 65.339 66.294 67.276 68.286 69.324 70.389 71.482 72.602 73.749 74.924 76.127 77.357 78.379 78.902 79.416 79.920 80.414 80.898 81.373 81.837 82.292
71.339 71.553 72.188 73.243 71.566 68.889 66.168 63.403 60.594 57.741 54.844 51.904 48.919 45.675 42.092 38.668 39.312 40.891 42.672 44.656 46.843 49.234 51.826 54.622 57.621 60.823 64.227 67.834 67.622 67.131 66.669 66.238 65.837 65.465 65.124 64.813 64.532 64.281 64.060 63.883 64.831 65.755 66.654 67.528 68.377 69.202 70.002 70.778 71.528 72.254 72.956 73.668 74.718 75.794 76.899 78.030 79.189 80.376 81.590 82.832 84.101 85.398 86.722 87.914 88.402 88.880 89.349 89.807 90.256 90.696 91.125 91.545
70.651 72.329 74.426 76.944 76.375 73.543 70.056 65.921 61.942 58.120 54.456 50.948 47.598 44.405 41.369 38.490 39.094 41.379 43.866 46.556 49.449 52.544 55.842 59.343 63.047 66.953 71.063 75.375 76.025 75.636 75.277 74.949 74.650 74.382 74.143 73.935 73.756 73.608 73.489 73.401 74.139 74.975 75.787 76.574 77.337 78.075 78.788 79.476 80.140 80.779 81.394 81.984 83.104 84.275 85.473 86.699 87.952 89.233 90.541 91.876 93.239 94.630 96.048 97.447 97.899 98.342 98.775 99.199 99.612 100.016 100.410 100.795
68.333 70.094 71.780 73.393 72.448 68.545 64.798 61.209 57.776 54.501 51.382 48.421 45.616 42.969 40.479 38.145 38.660 41.650 44.843 48.238 51.835 55.636 59.639 63.844 68.252 72.863 77.677 82.693 84.386 84.100 83.844 83.618 83.422 83.256 83.120 83.014 82.938 82.893 82.877 82.891 83.460 84.209 84.934 85.634 86.310 86.961 87.587 88.189 88.766 89.319 89.846 90.349 91.453 92.717 94.010 95.329 96.677 98.051 99.453 100.883 102.340 103.824 105.336 106.876 107.394 107.589 105.572 103.612 101.708 99.861 98.070 96.336
61.747 63.252 64.684 66.041 65.934 62.577 59.376 56.333 53.446 50.717 48.144 45.728 43.469 41.367 39.422 37.634 38.010 41.704 45.602 49.702 54.004 58.509 63.216 68.126 73.238 78.553 84.070 89.790 92.705 92.522 92.369 92.246 92.152 92.089 92.056 92.052 92.079 92.136 92.222 92.339 92.794 93.457 94.095 94.708 95.297 95.861 96.401 96.916 97.406 97.872 98.313 98.729 99.764 101.123 102.509 103.923 105.364 106.832 107.973 107.050 106.122 105.190 104.252 103.310 101.605 99.728 97.908 96.144 94.437 92.786 91.192 89.655
55.251 56.500 57.676 58.779 59.258 56.446 53.792 51.294 48.953 46.768 44.741 42.870 41.156 39.599 38.199 36.956 37.143 41.542 46.144 50.948 55.954 61.163 66.574 72.188 78.004 84.022 90.242 96.665 100.984 100.903 100.853 100.832 100.841 100.880 100.950 101.049 101.178 101.337 101.526 101.745 102.142 102.718 103.269 103.796 104.298 104.775 105.228 105.657 106.060 106.439 106.794 106.632 105.222 104.312 103.398 102.479 101.555 100.626 99.692 98.754 97.811 96.863 95.910 94.952 93.503 91.823 90.199 88.632 87.121 85.667 84.269 82.928
48.843 49.838 50.758 51.606 52.379 50.153 48.043 46.091 44.295 42.656 41.173 39.847 38.678 37.666 36.810 36.111 36.060 41.164 46.469 51.977 57.687 63.599 69.714 76.031 82.550 89.271 96.195 103.320 109.221 109.243 109.295 109.377 109.489 109.630 109.802 110.004 110.235 110.497 110.788 111.110 111.503 111.993 112.457 112.897 112.582 110.400 108.275 106.207 104.195 102.239 100.340 98.497 97.048 96.123 95.193 94.259 93.319 92.375 91.426 90.472 89.513 88.550 87.582 86.609 85.357 83.873 82.445 81.075 79.760 78.502 77.301 76.156
42.524 43.264 43.930 44.522 45.040 43.697 42.132 40.725 39.473 38.379 37.441 36.660 36.035 35.567 35.255 35.101 35.102 40.569 46.578 52.789 59.202 65.818 72.635 79.655 86.877 94.300 101.926 109.754 117.417 117.542 117.696 117.880 118.095 118.339 118.613 118.917 119.251 118.655 116.285 113.902 111.531 109.320 107.166 105.068 103.027 101.042 99.113 97.241 95.425 93.666 91.963 90.316 88.889 87.949 87.004 86.053 85.099 84.139 83.174 82.205 81.231 80.252 79.269 78.280 77.166 75.878 74.647 73.473 72.355 71.293 70.288 69.339
36.294 36.779 37.190 37.527 37.791 37.078 36.058 35.195 34.488 33.938 33.545 33.307 33.227 33.303 33.535 33.924 34.469 39.758 46.470 53.384 60.500 67.818 75.338 83.060 90.984 99.110 107.438 115.968 124.700 125.800 124.953 122.630 120.295 117.946 115.585 113.210 110.823 108.422 106.008 103.581 101.145 99.131 97.173 95.272 93.427 91.638 89.906 88.230 86.610 85.047 83.540 82.090 80.745 79.789 78.828 77.863 76.892 75.917 74.937 73.953 72.963 71.969 70.970 69.966 68.931 67.840 66.805 65.826 64.904 64.039 63.230 62.477
30.152 30.382 30.539 30.621 30.631 30.297 29.821 29.502 29.340 29.334 29.484 29.790 30.253 30.873 31.649 32.581 33.670 38.731 46.146 53.763 61.581 69.601 77.823 85.467 92.272 98.896 105.341 111.605 117.689 117.409 115.056 112.689 110.310 107.917 105.511 103.092 100.661 98.216 95.758 93.287 90.803 88.897 87.136 85.431 83.782 82.189 80.653 79.173 77.750 76.383 75.072 73.818 72.620 71.644 70.668 69.687 68.701 67.710 66.715 65.715 64.710 63.700 62.686 61.667 60.652 59.756 58.918 58.135 57.409 56.739 56.126 55.569
24.099 24.074 23.976 23.805 23.560 23.353 23.422 23.647 24.028 24.565 25.259 26.109 27.115 28.278 29.597 31.072 32.578 36.919 44.183 51.267 58.171 64.894 71.438 77.802 83.985 89.989 95.812 101.455 106.919 107.582 105.185 102.774 100.350 97.913 95.463 93.000 90.524 88.035 85.533 83.018 80.490 78.619 77.054 75.545 74.092 72.696 71.356 70.072 68.844 67.673 66.558 65.500 64.498 63.513 62.522 61.525 60.524 59.518 58.507 57.492 56.471 55.446 54.416 53.382 52.342 51.629 50.986 50.399 49.869 49.395 48.978 48.617
18.134 17.855 17.503 17.077 16.577 16.248 16.860 17.628 18.553 19.993 21.583 23.122 24.612 26.051 27.440 28.779 30.067 33.178 39.820 46.283 52.565 58.668 64.590 70.333 75.896 81.278 86.481 91.504 96.347 97.781 95.340 92.885 90.417 87.935 85.441 82.934 80.414 77.881 75.334 72.775 70.203 68.297 66.927 65.614 64.358 63.157 62.013 60.925 59.894 58.918 57.999 57.136 56.330 55.397 54.390 53.378 52.361 51.340 50.314 49.283 48.247 47.207 46.161 45.111 44.056 43.457 43.009 42.619 42.284 42.006 41.784 41.619
12.257 11.724 11.767 11.998 12.241 12.584 14.201 15.767 17.284 18.750 20.167 21.533 22.849 24.115 25.331 26.497 27.613 29.631 35.652 41.494 47.155 52.637 57.939 63.061 68.003 72.765 77.348 81.750 85.973 88.006 85.520 83.021 80.509 77.983 75.445 72.894 70.329 67.752 65.162 62.558 59.942 57.930 56.756 55.639 54.578 53.574 52.625 51.733 50.897 50.118 49.394 48.727 48.116 47.295 46.273 45.245 44.213 43.176 42.135 41.088 40.037 38.981 37.921 36.855 35.785 35.240 34.989 34.793 34.655 35.458 36.485 37.420
10.836 11.084 11.344 11.616 11.899 12.194 13.532 14.926 16.269 17.563 18.806 19.999 21.142 22.235 23.278 24.271 25.214 26.278 31.678 36.899 41.940 46.801 51.483 55.985 60.307 64.449 68.412 72.195 75.798 78.257 75.726 73.183 70.626 68.057 65.475 62.879 60.271 57.649 55.015 52.367 49.706 47.518 46.541 45.619 44.754 43.945 43.192 42.496 41.856 41.272 40.744 40.272 39.856 39.208 38.170 37.127 36.079 35.027 33.970 32.908 31.842 30.770 30.783 31.193 31.717 32.620 33.698 34.683 35.577 36.378 37.087 37.703
10.320 10.609 10.909 11.221 11.545 11.880 12.919 14.140 15.310 16.430 17.500 18.521 19.491 20.411 21.281 22.101 22.871 23.591 27.899 32.499 36.920 41.161 45.223 49.105 52.807 56.330 59.673 62.836 65.820 68.532 65.958 63.370 60.770 58.156 55.530 52.890 50.238 47.572 44.893 42.202 39.497 37.062 36.280 35.554 34.885 34.272 33.714 33.213 32.769 32.380 32.047 31.771 31.551 31.134 30.081 29.819 29.825 29.945 30.178 30.526 30.987 31.561 32.250 33.052 33.968 34.899 35.659 36.326 36.901 37.384 37.775 38.073
9.792 10.121 10.462 10.814 11.178 11.553 12.361 13.408 14.406 15.353 16.250 17.098 17.895 18.642 19.340 19.987 20.584 21.131 24.313 28.293 32.094 35.716 39.158 42.420 45.503 48.407 51.131 53.675 56.040 58.225 56.215 53.583 50.939 48.281 45.610 42.927 40.230 37.520 34.798 32.062 29.313 26.561 25.975 25.445 24.971 24.553 24.191 23.886 24.577 25.364 26.103 26.794 27.439 27.970 28.142 28.427 28.825 29.338 29.964 30.704 31.557 32.524 33.604 34.799 36.107 37.265 37.706 38.055 38.312 38.477 38.549 38.529
9.252 9.621 10.002 10.395 10.799 11.215 11.857 12.732 13.556 14.331 15.055 15.730 16.355 16.929 17.454 17.929 18.353 18.728 20.921 24.282 27.463 30.465 33.288 35.932 38.395 40.680 42.785 44.711 46.457 48.024 46.498 43.822 41.133 38.431 35.717 32.989 30.248 27.494 24.727 21.948 19.155 17.685 18.306 19.214 20.074 20.886 21.652 22.370 23.040 23.664 24.240 24.768 25.250 25.684 26.248 26.925 27.716 28.621 29.639 30.771 32.016 33.375 34.848 36.434 38.134 39.716 39.839 39.870 39.809 39.656 39.410 39.072
8.699 9.109 9.530 9.963 10.408 10.864 11.408 12.110 12.762 13.364 13.916 14.418 14.870 15.272 15.624 15.926 16.178 16.380 17.722 20.464 23.026 25.410 27.614 29.638 31.483 33.149 34.636 35.943 37.071 38.020 36.806 34.086 31.353 28.607 27.640 26.593 25.424 24.134 22.722 21.188 19.533 17.756 17.796 18.540 19.237 19.887 20.489 21.044 21.552 22.012 22.426 22.791 23.110 23.381 24.244 25.314 26.497 27.793 29.204 30.727 32.365 34.115 35.980 37.957 40.049 42.253 42.058 41.771 41.392 40.921 40.357 39.702
8.135 8.585 9.046 9.519 10.004 10.500 11.014 11.543 12.022 12.452 12.831 13.160 13.440 13.669 13.849 13.979 14.058 14.088 14.717 16.840 18.784 20.548 22.134 23.540 24.767 25.815 26.742 29.198 31.721 34.311 35.434 34.453 33.349 32.125 30.778 29.310 27.721 26.010 24.177 22.223 20.148 17.951 17.334 17.915 18.449 18.936 19.375 19.767 20.112 20.410 20.660 20.863 21.019 21.128 22.131 23.592 25.167 26.856 28.658 30.573 32.602 34.745 37.000 39.370 41.852 44.448 44.362 43.758 43.061 42.272 41.391 40.418
