DATA/SHG/ECMWF/20170628/EN-21/20170712.en-21.asc
ncols        190
nrows        64
xllcorner    -5100000.000000000000
yllcorner    4130000.000000000000
cellsize     10000.000000000000
NODATA_value  -99999.000
[rows 0 to 32 of 64, columns 0 to 75 of 190]
4.248 4.489 4.736 4.992 5.254 5.523 5.800 6.084 6.375 6.423 6.383 6.331 6.267 6.191 6.104 6.005 5.894 5.771 5.636 5.573 5.546 5.619 5.733 5.847 5.962 6.077 6.192 6.308 6.423 6.539 6.656 6.772 6.889 7.129 7.428 7.704 7.954 8.180 8.382 8.559 8.712 8.840 8.944 9.023 9.078 9.166 9.313 9.478 9.662 9.863 10.083 10.321 10.577 10.852 11.144 11.455 11.784 11.832 11.518 11.189 10.847 10.490 10.119 9.734 9.334 8.921 8.493 8.051 7.595 7.131 6.679 6.233 5.794 5.362 4.937 4.519
4.323 4.589 4.862 5.143 5.431 5.725 6.027 6.336 6.652 6.734 6.652 6.558 6.473 6.401 6.343 6.297 6.264 6.245 6.238 6.245 6.265 6.340 6.455 6.570 6.686 6.801 6.917 7.034 7.150 7.267 7.384 7.501 7.619 7.789 8.003 8.192 8.356 8.496 8.611 8.702 8.769 8.811 8.828 8.821 8.790 8.837 9.048 9.278 9.525 9.791 10.075 10.377 10.697 11.035 11.392 11.767 12.160 12.323 11.959 11.581 11.188 10.781 10.360 9.925 9.476 9.012 8.534 8.042 7.536 7.039 6.610 6.188 5.773 5.365 4.964 4.548
4.390 4.682 4.980 5.286 5.595 5.896 6.201 6.511 6.825 6.964 6.899 6.847 6.809 6.783 6.770 6.771 6.784 6.811 6.850 6.903 6.968 7.060 7.176 7.292 7.408 7.525 7.641 7.758 7.876 7.993 8.111 8.229 8.348 8.474 8.601 8.704 8.782 8.836 8.865 8.870 8.850 8.806 8.738 8.645 8.527 8.490 8.766 9.059 9.370 9.700 10.048 10.414 10.798 11.201 11.621 12.060 12.517 12.828 12.414 11.985 11.543 11.086 10.615 10.130 9.630 9.117 8.589 8.047 7.455 6.886 6.453 6.027 5.609 5.197 4.793 4.395
4.403 4.702 5.005 5.312 5.625 5.942 6.264 6.591 6.923 7.147 7.128 7.122 7.130 7.150 7.183 7.230 7.289 7.361 7.447 7.545 7.657 7.778 7.895 8.012 8.129 8.246 8.364 8.482 8.600 8.718 8.837 8.956 9.075 9.183 9.224 9.240 9.232 9.200 9.143 9.062 8.956 8.826 8.672 8.493 8.289 8.126 8.465 8.822 9.198 9.592 10.003 10.433 10.882 11.348 11.832 12.335 12.855 13.346 12.882 12.403 11.901 11.275 10.659 10.050 9.451 8.860 8.277 7.703 7.138 6.582 6.171 5.770 5.376 4.989 4.609 4.236
4.360 4.675 4.995 5.320 5.649 5.983 6.322 6.666 7.015 7.315 7.342 7.383 7.436 7.502 7.581 7.674 7.779 7.897 8.029 8.173 8.331 8.496 8.613 8.731 8.848 8.967 9.085 9.204 9.323 9.442 9.561 9.681 9.801 9.916 9.871 9.801 9.707 9.589 9.446 9.279 9.087 8.871 8.631 8.366 8.077 7.763 8.147 8.568 9.008 9.465 9.941 10.435 10.947 11.466 11.933 12.359 12.745 13.089 12.552 11.940 11.336 10.741 10.154 9.576 9.006 8.445 7.893 7.349 6.814 6.287 5.883 5.507 5.137 4.774 4.419 4.070
4.311 4.643 4.980 5.322 5.668 6.019 6.375 6.736 7.101 7.469 7.543 7.629 7.728 7.840 7.965 8.103 8.255 8.419 8.596 8.786 8.990 9.206 9.329 9.448 9.567 9.686 9.805 9.924 10.044 10.164 10.284 10.405 10.525 10.646 10.542 10.386 10.206 10.002 9.773 9.520 9.242 8.940 8.614 8.264 7.889 7.489 7.877 8.486 9.055 9.583 10.070 10.516 10.922 11.287 11.611 11.894 12.136 12.338 11.920 11.337 10.764 10.198 9.642 9.093 8.554 8.023 7.501 6.987 6.481 5.985 5.589 5.237 4.892 4.554 4.223 3.899
4.257 4.606 4.960 5.318 5.681 6.050 6.422 6.800 7.182 7.569 7.728 7.860 8.005 8.163 8.334 8.518 8.715 8.926 9.149 9.385 9.634 9.896 10.045 10.164 10.283 10.403 10.523 10.643 10.764 10.885 11.006 11.127 11.249 11.370 11.237 10.995 10.729 10.439 10.124 9.784 9.466 9.184 8.940 8.732 8.561 8.427 8.740 9.206 9.632 10.016 10.360 10.663 10.926 11.147 11.328 11.468 11.568 11.626 11.280 10.728 10.184 9.649 9.122 8.604 8.094 7.593 7.101 6.617 6.142 5.675 5.289 4.961 4.640 4.327 4.020 3.721
4.197 4.563 4.934 5.309 5.690 6.075 6.464 6.859 7.258 7.662 7.899 8.077 8.268 8.472 8.689 8.919 9.162 9.418 9.686 9.968 10.263 10.571 10.758 10.879 10.999 11.119 11.240 11.361 11.483 11.604 11.726 11.848 11.836 11.781 11.516 11.144 10.808 10.509 10.246 10.020 9.831 9.679 9.563 9.484 9.442 9.437 9.642 9.965 10.248 10.489 10.690 10.850 10.970 11.048 11.086 11.084 11.040 10.956 10.633 10.111 9.597 9.092 8.595 8.107 7.627 7.156 6.694 6.240 5.794 5.358 4.982 4.679 4.383 4.094 3.812 3.536
4.133 4.515 4.903 5.295 5.692 6.094 6.501 6.912 7.328 7.749 8.056 8.280 8.517 8.766 9.029 9.305 9.593 9.895 10.210 10.537 10.878 11.231 11.471 11.592 11.713 11.660 11.598 11.537 11.479 11.423 11.369 11.317 11.268 11.220 11.071 10.827 10.620 10.450 10.317 10.220 10.159 10.136 10.149 10.199 10.285 10.408 10.584 10.764 10.903 11.002 11.060 11.077 11.054 10.990 10.885 10.739 10.553 10.326 9.979 9.487 9.003 8.528 8.061 7.603 7.153 6.712 6.279 5.855 5.440 5.033 4.670 4.391 4.119 3.855 3.597 3.346
4.063 4.462 4.867 5.276 5.690 6.109 6.532 6.960 7.393 7.831 8.199 8.468 8.751 9.046 9.355 9.676 10.010 10.337 10.530 10.723 10.917 11.112 11.214 11.153 11.094 11.037 10.982 10.929 10.879 10.830 10.784 10.740 10.698 10.658 10.588 10.474 10.396 10.354 10.349 10.381 10.450 10.555 10.697 10.875 11.090 11.342 11.565 11.602 11.598 11.554 11.469 11.344 11.178 10.971 10.724 10.435 10.107 9.737 9.318 8.855 8.401 7.956 7.519 7.091 6.671 6.260 5.857 5.463 5.077 4.700 4.352 4.097 3.850 3.609 3.376 3.149
3.987 4.404 4.825 5.251 5.682 6.118 6.558 7.003 7.453 7.907 8.289 8.479 8.669 8.860 9.052 9.245 9.439 9.634 9.830 10.026 10.223 10.422 10.566 10.512 10.461 10.412 10.365 10.320 10.277 10.236 10.198 10.161 10.127 10.095 10.069 10.083 10.134 10.221 10.345 10.505 10.702 10.936 11.206 11.513 11.857 12.237 12.585 12.479 12.333 12.146 11.918 11.650 11.342 10.992 10.602 10.172 9.701 9.189 8.649 8.217 7.793 7.377 6.970 6.572 6.182 5.801 5.428 5.063 4.708 4.360 4.027 3.797 3.574 3.358 3.165 3.000
3.907 4.340 4.778 5.210 5.616 5.999 6.359 6.696 7.010 7.301 7.563 7.756 7.949 8.144 8.339 8.535 8.733 8.931 9.129 9.329 9.530 9.731 9.917 9.871 9.827 9.785 9.746 9.709 9.674 9.641 9.610 9.581 9.555 9.530 9.513 9.655 9.835 10.051 10.303 10.592 10.918 11.280 11.679 12.114 12.586 13.094 13.639 13.396 13.107 12.777 12.407 11.997 11.546 11.054 10.522 9.949 9.335 8.681 7.987 7.571 7.177 6.791 6.414 6.045 5.685 5.334 4.991 4.671 4.373 4.089 3.818 3.641 3.481 3.330 3.187 3.053
3.929 4.322 4.693 5.041 5.367 5.669 5.948 6.205 6.439 6.650 6.838 7.033 7.230 7.427 7.626 7.826 8.026 8.227 8.429 8.632 8.836 9.041 9.246 9.228 9.192 9.158 9.126 9.096 9.069 9.044 9.021 9.000 8.981 8.964 8.950 9.191 9.499 9.843 10.224 10.642 11.095 11.586 12.113 12.677 13.277 13.913 14.587 14.351 13.920 13.448 12.936 12.383 11.789 11.155 10.481 9.766 9.010 8.214 7.377 6.918 6.559 6.216 5.886 5.569 5.265 4.974 4.696 4.432 4.180 3.942 3.717 3.562 3.433 3.313 3.201 3.098
4.026 4.340 4.630 4.898 5.143 5.364 5.563 5.740 5.893 6.023 6.131 6.310 6.510 6.711 6.913 7.116 7.319 7.524 7.729 7.935 8.143 8.351 8.559 8.583 8.555 8.529 8.505 8.483 8.463 8.446 8.430 8.417 8.406 8.397 8.390 8.690 9.126 9.599 10.108 10.654 11.236 11.855 12.510 13.202 13.930 14.695 15.496 15.347 14.773 14.159 13.504 12.809 12.073 11.158 10.235 9.336 8.459 7.605 6.775 6.297 5.987 5.689 5.405 5.134 4.876 4.631 4.399 4.181 3.975 3.783 3.603 3.475 3.377 3.287 3.207 3.135
4.149 4.382 4.592 4.779 4.944 5.085 5.204 5.300 5.373 5.423 5.450 5.587 5.790 5.995 6.200 6.406 6.613 6.820 7.029 7.239 7.449 7.660 7.872 7.938 7.917 7.898 7.882 7.868 7.856 7.846 7.838 7.833 7.829 7.828 7.829 8.152 8.716 9.317 9.954 10.628 11.339 12.086 12.869 13.689 14.545 15.438 16.006 15.666 14.686 13.729 12.795 11.884 10.996 10.131 9.288 8.469 7.673 6.900 6.149 5.667 5.402 5.151 4.913 4.687 4.475 4.276 4.090 3.917 3.758 3.611 3.478 3.380 3.312 3.254 3.204 3.163
4.297 4.450 4.579 4.686 4.770 4.831 4.870 4.885 4.878 4.848 4.795 4.864 5.071 5.278 5.487 5.696 5.906 6.117 6.329 6.542 6.755 6.970 7.185 7.290 7.277 7.267 7.258 7.252 7.247 7.245 7.245 7.247 7.251 7.258 7.266 7.577 8.269 8.998 9.749 10.414 11.051 11.659 12.240 12.792 13.316 13.813 14.281 14.135 13.236 12.359 11.506 10.675 9.867 9.082 8.321 7.582 6.866 6.173 5.502 5.025 4.806 4.601 4.408 4.229 4.063 3.909 3.769 3.642 3.528 3.427 3.340 3.276 3.239 3.212 3.193 3.183
4.470 4.542 4.591 4.618 4.622 4.603 4.561 4.496 4.409 4.299 4.165 4.141 4.351 4.562 4.774 4.986 5.199 5.414 5.629 5.845 6.062 6.279 6.498 6.642 6.637 6.634 6.633 6.634 6.637 6.643 6.650 6.691 6.773 6.808 6.795 6.969 7.620 8.243 8.838 9.404 9.943 10.454 10.936 11.391 11.817 12.215 12.586 12.584 11.765 10.969 10.196 9.445 8.718 8.013 7.332 6.673 6.037 5.424 4.834 4.371 4.198 4.039 3.892 3.758 3.638 3.530 3.436 3.355 3.287 3.232 3.190 3.164 3.158 3.162 3.174 3.195
4.667 4.659 4.628 4.575 4.498 4.399 4.277 4.132 3.965 3.775 3.562 3.418 3.632 3.846 4.061 4.276 4.493 4.710 4.929 5.148 5.368 5.589 5.811 5.992 6.125 6.372 6.572 6.724 6.830 6.887 6.898 6.861 6.778 6.646 6.468 6.381 6.934 7.459 7.956 8.424 8.865 9.278 9.663 10.019 10.348 10.648 10.921 11.013 10.274 9.558 8.865 8.195 7.548 6.923 6.322 5.743 5.188 4.655 4.145 3.706 3.579 3.465 3.364 3.276 3.201 3.140 3.091 3.056 3.033 3.024 3.027 3.044 3.069 3.103 3.146 3.198
4.890 4.802 4.691 4.557 4.400 4.221 4.019 3.794 3.547 3.276 2.983 2.696 2.912 3.129 3.348 3.567 3.786 4.132 4.581 5.068 5.593 6.156 6.758 7.377 7.506 7.586 7.620 7.607 7.546 7.438 7.283 7.080 6.831 6.534 6.190 5.823 6.278 6.704 7.103 7.474 7.817 8.132 8.419 8.678 8.909 9.112 9.286 9.421 8.763 8.127 7.514 6.924 6.357 5.813 5.291 4.793 4.317 3.864 3.435 3.028 2.947 2.879 2.824 2.782 2.753 2.737 2.734 2.744 2.767 2.804 2.853 2.916 2.972 3.037 3.111 3.193
5.137 4.969 4.778 4.564 4.327 4.068 3.786 3.481 3.153 2.803 2.488 2.183 2.473 2.864 3.294 3.762 4.269 4.813 5.396 6.017 6.676 7.374 8.110 8.884 8.933 8.848 8.716 8.537 8.311 8.037 7.716 7.348 6.933 6.470 5.961 5.404 5.650 5.979 6.281 6.554 6.799 7.016 7.205 7.366 7.500 7.605 7.682 7.731 7.231 6.675 6.142 5.632 5.145 4.681 4.240 3.821 3.426 3.053 2.703 2.376 2.304 2.281 2.272 2.276 2.292 2.322 2.365 2.421 2.490 2.572 2.667 2.775 2.866 2.962 3.059 3.141
5.409 5.161 4.890 4.592 4.293 3.992 3.690 3.385 3.078 2.770 2.460 2.147 2.440 2.966 3.530 4.132 4.773 5.452 6.169 6.924 7.718 8.550 9.420 10.328 10.409 10.158 9.860 9.515 9.123 8.684 8.198 7.664 7.083 6.455 5.780 5.058 5.053 5.284 5.487 5.663 5.810 5.930 6.021 6.085 6.120 6.128 6.108 6.060 5.678 5.203 4.750 4.320 3.913 3.529 3.167 2.829 2.513 2.220 1.950 1.703 1.649 1.672 1.708 1.758 1.820 1.895 1.984 2.095 2.222 2.342 2.456 2.562 2.651 2.735 2.821 2.909
5.518 5.218 4.916 4.612 4.307 3.999 3.690 3.378 3.065 2.750 2.433 2.114 2.365 3.026 3.724 4.461 5.236 6.049 6.900 7.790 8.718 9.684 10.688 11.730 11.932 11.515 11.052 10.542 9.984 9.379 8.727 8.028 7.282 6.489 5.649 4.762 4.484 4.618 4.723 4.801 4.851 4.873 4.867 4.833 4.771 4.682 4.564 4.418 4.105 3.709 3.337 2.987 2.660 2.355 2.074 1.815 1.579 1.366 1.176 1.009 1.030 1.180 1.324 1.460 1.591 1.714 1.831 1.942 2.045 2.142 2.233 2.317 2.401 2.491 2.583 2.675
5.560 5.254 4.945 4.635 4.322 4.008 3.692 3.374 3.054 2.732 2.409 2.083 2.250 3.044 3.877 4.748 5.657 6.604 7.590 8.613 9.675 10.775 11.913 13.090 13.502 12.920 12.292 11.616 10.893 10.123 9.306 8.441 7.530 6.572 5.566 4.514 3.945 3.981 3.989 3.969 3.922 3.846 3.743 3.611 3.452 3.265 3.050 2.807 2.512 2.196 1.903 1.633 1.386 1.274 1.233 1.191 1.148 1.103 1.057 1.010 1.044 1.171 1.292 1.405 1.513 1.613 1.707 1.794 1.875 1.949 2.017 2.077 2.151 2.246 2.342 2.441
5.605 5.291 4.976 4.659 4.340 4.019 3.696 3.371 3.045 2.717 2.386 2.054 2.093 3.021 3.988 4.993 6.036 7.118 8.237 9.395 10.590 11.824 13.096 14.407 15.120 14.373 13.579 12.738 11.849 10.914 9.932 8.903 7.826 6.703 5.532 4.315 3.435 3.373 3.284 3.167 3.022 2.849 2.648 2.419 2.163 1.878 1.730 1.637 1.564 1.526 1.486 1.444 1.402 1.358 1.313 1.266 1.218 1.169 1.118 1.066 1.065 1.169 1.266 1.357 1.441 1.519 1.589 1.654 1.711 1.762 1.807 1.845 1.899 1.999 2.101 2.205
5.651 5.331 5.009 4.685 4.359 4.032 3.703 3.371 3.038 2.703 2.366 2.028 1.895 2.958 4.058 5.197 6.374 7.590 8.843 10.134 11.464 12.831 14.237 15.681 16.785 15.873 14.913 13.907 12.854 11.754 10.606 9.412 8.171 6.883 5.547 4.165 2.954 2.795 2.609 2.483 2.371 2.266 2.165 2.069 1.979 1.893 1.813 1.738 1.673 1.630 1.585 1.539 1.492 1.443 1.393 1.342 1.289 1.235 1.180 1.123 1.092 1.173 1.247 1.315 1.376 1.430 1.478 1.519 1.554 1.582 1.604 1.618 1.646 1.752 1.859 1.968
5.698 5.372 5.044 4.713 4.381 4.047 3.711 3.373 3.033 2.692 2.348 2.003 1.656 2.852 4.087 5.360 6.671 8.020 9.407 10.832 12.295 13.797 15.336 16.914 18.497 17.420 16.296 15.124 13.906 12.641 11.329 9.966 8.421 6.923 5.473 4.071 2.745 2.637 2.533 2.435 2.342 2.254 2.171 2.094 2.021 1.954 1.892 1.835 1.783 1.735 1.686 1.635 1.583 1.530 1.475 1.419 1.362 1.303 1.243 1.182 1.125 1.183 1.234 1.279 1.317 1.349 1.373 1.392 1.403 1.409 1.407 1.399 1.392 1.503 1.616 1.730
5.748 5.416 5.081 4.744 4.405 4.064 3.722 3.377 3.031 2.683 2.333 1.981 1.627 2.706 4.075 5.481 6.926 8.409 9.929 11.488 13.085 14.720 16.393 18.104 19.769 18.458 16.794 15.177 13.607 12.085 10.611 9.185 7.806 6.474 5.191 3.955 2.766 2.548 2.462 2.382 2.307 2.237 2.172 2.113 2.058 2.009 1.965 1.926 1.892 1.841 1.787 1.732 1.675 1.617 1.558 1.497 1.435 1.372 1.307 1.241 1.174 1.200 1.228 1.250 1.265 1.273 1.275 1.270 1.259 1.241 1.217 1.186 1.148 1.253 1.371 1.491
5.821 5.462 5.120 4.777 4.431 4.084 3.734 3.383 3.030 2.676 2.319 1.960 1.600 2.519 4.021 5.561 7.140 8.710 10.150 11.526 12.839 14.088 15.272 16.393 17.450 16.631 15.133 13.682 12.279 10.923 9.616 8.355 7.143 5.978 4.860 3.790 2.768 2.454 2.387 2.324 2.267 2.215 2.168 2.127 2.090 2.059 2.033 2.011 1.995 1.949 1.890 1.830 1.769 1.706 1.642 1.577 1.510 1.442 1.373 1.302 1.230 1.223 1.228 1.227 1.219 1.204 1.183 1.156 1.121 1.081 1.033 0.979 0.919 1.002 1.125 1.250
5.920 5.510 5.162 4.811 4.459 4.105 3.749 3.392 3.032 2.671 2.343 2.063 1.795 2.514 3.987 5.395 6.740 8.021 9.239 10.392 11.481 12.507 13.469 14.366 15.200 14.756 13.424 12.140 10.903 9.714 8.572 7.478 6.432 5.433 4.481 3.578 2.721 2.355 2.306 2.261 2.222 2.188 2.159 2.136 2.117 2.103 2.095 2.092 2.094 2.058 1.994 1.930 1.864 1.796 1.728 1.658 1.586 1.514 1.440 1.364 1.288 1.252 1.234 1.210 1.179 1.142 1.098 1.047 0.990 0.926 0.856 0.779 0.696 0.750 0.879 1.018
6.042 5.560 5.205 4.864 4.542 4.232 3.934 3.648 3.374 3.112 2.863 2.626 2.400 2.786 4.036 5.222 6.343 7.402 8.396 9.326 10.193 10.996 11.735 12.410 13.021 12.835 11.669 10.551 9.480 8.457 7.482 6.554 5.673 4.840 4.055 3.317 2.626 2.251 2.220 2.193 2.172 2.156 2.145 2.139 2.138 2.143 2.153 2.167 2.187 2.168 2.100 2.030 1.960 1.888 1.814 1.740 1.664 1.586 1.508 1.428 1.346 1.288 1.247 1.200 1.146 1.086 1.019 0.945 0.872 0.811 0.752 0.696 0.643 0.700 0.848 0.990
6.199 5.670 5.366 5.074 4.794 4.527 4.271 4.027 3.796 3.577 3.370 3.175 2.992 3.127 4.153 5.116 6.015 6.850 7.622 8.329 8.973 9.553 10.070 10.522 10.911 10.867 9.867 8.915 8.010 7.153 6.344 5.581 4.867 4.200 3.580 3.008 2.483 2.142 2.128 2.120 2.117 2.119 2.125 2.138 2.155 2.177 2.205 2.237 2.275 2.279 2.206 2.132 2.057 1.980 1.902 1.823 1.742 1.660 1.577 1.492 1.406 1.322 1.250 1.181 1.115 1.052 0.991 0.934 0.879 0.828 0.779 0.734 0.691 0.719 0.846 0.968
6.369 5.783 5.521 5.271 5.034 4.808 4.595 4.394 4.204 4.027 3.863 3.710 3.569 3.535 4.338 5.078 5.755 6.367 6.916 7.401 7.823 8.180 8.474 8.704 8.871 8.852 8.018 7.232 6.493 5.802 5.158 4.562 4.013 3.511 3.057 2.651 2.291 2.028 2.032 2.042 2.056 2.076 2.101 2.131 2.166 2.206 2.252 2.302 2.358 2.391 2.314 2.235 2.155 2.074 2.032 1.998 1.936 1.848 1.732 1.589 1.419 1.255 1.193 1.134 1.078 1.025 0.975 0.928 0.884 0.842 0.804 0.768 0.736 0.743 0.850 0.952
6.545 5.917 5.662 5.455 5.259 5.076 4.905 4.746 4.599 4.465 4.342 4.231 4.133 4.047 4.591 5.109 5.562 5.952 6.279 6.542 6.741 6.876 6.948 6.956 6.900 6.781 6.122 5.502 4.929 4.403 3.925 3.494 3.111 2.775 2.487 2.245 2.052 1.908 1.931 1.958 1.991 2.028 2.071 2.119 2.172 2.230 2.293 2.444 2.652 2.872 2.878 2.858 2.810 2.736 2.634 2.505 2.349 2.166 1.955 1.718 1.454 1.185 1.134 1.085 1.039 0.996 0.956 0.919 0.885 0.854 0.826 0.800 0.778 0.773 0.860 0.941
