DATA/SHG/ECMWF/20170628/EN-21/20170711.en-21.asc
ncols        190
nrows        64
xllcorner    -5100000.000000000000
yllcorner    4130000.000000000000
cellsize     10000.000000000000
NODATA_value  -99999.000
[rows 0 to 32 of 64, columns 0 to 74 of 190]
6.778 6.605 6.439 6.278 6.123 5.975 5.833 5.696 5.566 5.420 5.260 5.094 4.920 4.740 4.552 4.357 4.155 3.946 3.729 3.468 3.184 2.936 2.711 2.490 2.273 2.059 1.850 1.644 1.442 1.244 1.050 0.860 0.673 0.587 0.564 0.539 0.512 0.484 0.454 0.422 0.389 0.354 0.318 0.279 0.239 0.210 0.190 0.172 0.153 0.136 0.119 0.103 0.088 0.073 0.059 0.045 0.033 0.028 0.033 0.037 0.041 0.044 0.047 0.050 0.052 0.054 0.055 0.056 0.057 0.054 0.048 0.042 0.036 0.031 0.026
7.192 7.041 6.896 6.757 6.624 6.497 6.376 6.261 6.152 6.003 5.818 5.626 5.389 5.141 4.883 4.614 4.335 4.046 3.746 3.436 3.116 2.849 2.638 2.430 2.226 2.026 1.830 1.638 1.450 1.265 1.084 0.908 0.735 0.630 0.601 0.570 0.538 0.504 0.468 0.430 0.391 0.351 0.308 0.264 0.219 0.183 0.166 0.150 0.134 0.119 0.105 0.091 0.078 0.065 0.053 0.042 0.032 0.026 0.029 0.032 0.035 0.036 0.038 0.039 0.040 0.040 0.040 0.039 0.038 0.036 0.031 0.026 0.021 0.017 0.013
7.599 7.469 7.346 7.228 7.105 6.949 6.809 6.686 6.580 6.416 6.163 5.898 5.624 5.340 5.045 4.739 4.424 4.098 3.762 3.416 3.059 2.758 2.560 2.366 2.176 1.989 1.807 1.628 1.453 1.282 1.115 0.952 0.792 0.675 0.640 0.603 0.565 0.525 0.484 0.440 0.395 0.349 0.301 0.251 0.200 0.156 0.142 0.128 0.114 0.101 0.089 0.078 0.067 0.057 0.047 0.038 0.030 0.024 0.026 0.028 0.028 0.029 0.029 0.029 0.028 0.027 0.025 0.023 0.026 0.027 0.028 0.027 0.026 0.025 0.024
7.727 7.563 7.415 7.284 7.170 7.073 6.992 6.928 6.881 6.771 6.481 6.181 5.870 5.549 5.217 4.876 4.524 4.162 3.789 3.406 3.013 2.663 2.479 2.298 2.122 1.949 1.780 1.614 1.453 1.295 1.142 0.992 0.846 0.721 0.680 0.638 0.594 0.548 0.501 0.452 0.401 0.349 0.295 0.240 0.182 0.129 0.116 0.105 0.093 0.083 0.073 0.064 0.056 0.048 0.041 0.034 0.028 0.023 0.024 0.023 0.024 0.034 0.043 0.049 0.054 0.056 0.057 0.055 0.052 0.046 0.045 0.043 0.041 0.038 0.035
7.537 7.432 7.343 7.272 7.217 7.178 7.157 7.152 7.164 7.137 6.810 6.473 6.126 5.769 5.401 5.023 4.634 4.236 3.827 3.408 2.978 2.565 2.394 2.227 2.063 1.904 1.748 1.597 1.449 1.305 1.164 1.028 0.895 0.769 0.723 0.674 0.624 0.573 0.520 0.465 0.409 0.351 0.291 0.230 0.167 0.102 0.090 0.081 0.072 0.064 0.057 0.050 0.044 0.042 0.055 0.067 0.077 0.085 0.094 0.102 0.107 0.111 0.112 0.112 0.109 0.104 0.098 0.089 0.079 0.066 0.062 0.059 0.055 0.051 0.047
7.328 7.282 7.253 7.241 7.245 7.266 7.303 7.358 7.429 7.513 7.150 6.777 6.393 5.999 5.595 5.181 4.756 4.321 3.876 3.420 2.955 2.479 2.305 2.151 2.001 1.855 1.713 1.575 1.440 1.310 1.183 1.060 0.941 0.825 0.766 0.712 0.657 0.599 0.540 0.480 0.418 0.354 0.288 0.221 0.153 0.082 0.074 0.092 0.108 0.123 0.136 0.148 0.159 0.168 0.176 0.182 0.187 0.191 0.194 0.194 0.192 0.189 0.183 0.176 0.166 0.155 0.141 0.126 0.108 0.089 0.080 0.075 0.070 0.065 0.059
7.102 7.115 7.145 7.191 7.255 7.335 7.431 7.545 7.675 7.821 7.501 7.091 6.671 6.241 5.801 5.350 4.889 4.417 3.936 3.444 2.942 2.430 2.212 2.072 1.935 1.803 1.674 1.549 1.428 1.311 1.198 1.088 0.982 0.880 0.812 0.752 0.690 0.627 0.563 0.509 0.463 0.418 0.373 0.328 0.284 0.239 0.235 0.248 0.259 0.269 0.277 0.285 0.290 0.295 0.298 0.299 0.300 0.299 0.295 0.288 0.279 0.269 0.256 0.242 0.225 0.207 0.186 0.164 0.139 0.113 0.098 0.092 0.085 0.079 0.071
6.857 6.929 7.018 7.124 7.246 7.385 7.541 7.713 7.902 8.108 7.862 7.416 6.960 6.493 6.017 5.529 5.032 4.525 4.007 3.479 2.940 2.392 2.115 1.989 1.866 1.747 1.631 1.520 1.412 1.308 1.208 1.112 1.039 0.964 0.905 0.859 0.814 0.768 0.723 0.678 0.634 0.589 0.544 0.500 0.456 0.412 0.397 0.405 0.411 0.416 0.420 0.422 0.423 0.423 0.421 0.418 0.413 0.407 0.397 0.384 0.368 0.351 0.331 0.310 0.286 0.261 0.233 0.203 0.172 0.139 0.116 0.109 0.101 0.093 0.084
6.594 6.726 6.874 7.038 7.219 7.417 7.632 7.863 8.111 8.375 8.235 7.752 7.259 6.757 6.243 5.720 5.186 4.643 4.089 3.524 2.950 2.365 2.015 1.901 1.792 1.752 1.708 1.655 1.593 1.523 1.443 1.355 1.259 1.153 1.072 1.027 0.982 0.937 0.892 0.848 0.803 0.759 0.715 0.671 0.627 0.584 0.560 0.563 0.564 0.565 0.563 0.561 0.557 0.552 0.545 0.537 0.527 0.517 0.502 0.482 0.459 0.434 0.408 0.379 0.349 0.316 0.282 0.245 0.207 0.166 0.135 0.126 0.117 0.107 0.097
6.314 6.504 6.711 6.934 7.174 7.431 7.704 7.994 8.301 8.625 8.617 8.099 7.570 7.031 6.481 5.922 5.352 4.783 4.284 3.774 3.256 2.728 2.370 2.321 2.264 2.197 2.122 2.038 1.946 1.844 1.734 1.615 1.488 1.351 1.239 1.194 1.150 1.105 1.061 1.017 0.973 0.929 0.886 0.842 0.799 0.755 0.724 0.722 0.719 0.714 0.708 0.701 0.692 0.682 0.670 0.657 0.643 0.628 0.609 0.581 0.551 0.520 0.486 0.451 0.413 0.374 0.332 0.289 0.243 0.196 0.154 0.144 0.133 0.122 0.111
6.015 6.264 6.530 6.812 7.111 7.426 7.759 8.107 8.473 8.855 9.039 8.573 8.096 7.611 7.116 6.611 6.096 5.573 5.039 4.496 3.943 3.381 2.917 2.837 2.749 2.652 2.546 2.431 2.307 2.175 2.034 1.884 1.725 1.558 1.405 1.361 1.317 1.273 1.229 1.186 1.142 1.099 1.056 1.013 0.970 0.927 0.889 0.882 0.874 0.865 0.854 0.842 0.828 0.813 0.797 0.779 0.760 0.740 0.717 0.682 0.646 0.607 0.567 0.524 0.480 0.433 0.385 0.334 0.282 0.227 0.173 0.162 0.150 0.138 0.129
5.698 6.006 6.330 6.709 7.141 7.595 8.070 8.567 9.086 9.626 10.076 9.575 9.065 8.545 8.016 7.477 6.929 6.371 5.804 5.227 4.640 4.044 3.473 3.362 3.243 3.114 2.977 2.832 2.677 2.514 2.342 2.161 1.971 1.773 1.571 1.527 1.484 1.440 1.397 1.354 1.311 1.268 1.225 1.183 1.140 1.098 1.056 1.044 1.031 1.017 1.001 0.984 0.965 0.946 0.924 0.902 0.878 0.853 0.826 0.785 0.742 0.696 0.649 0.599 0.548 0.494 0.439 0.380 0.321 0.262 0.203 0.196 0.198 0.202 0.211
5.661 6.105 6.570 7.057 7.565 8.095 8.647 9.219 9.814 10.430 11.068 10.587 10.043 9.489 8.926 8.353 7.771 7.179 6.578 5.967 5.347 4.717 4.077 3.895 3.745 3.586 3.418 3.241 3.056 2.862 2.659 2.447 2.227 1.997 1.759 1.694 1.651 1.608 1.565 1.522 1.479 1.437 1.395 1.352 1.310 1.268 1.227 1.206 1.189 1.170 1.149 1.127 1.104 1.079 1.053 1.026 0.997 0.967 0.936 0.890 0.832 0.770 0.709 0.649 0.589 0.530 0.471 0.413 0.355 0.297 0.241 0.237 0.251 0.268 0.289
5.757 6.277 6.818 7.381 7.965 8.571 9.198 9.847 10.518 11.210 11.923 11.607 11.029 10.442 9.845 9.238 8.622 7.996 7.361 6.716 6.062 5.398 4.725 4.437 4.256 4.066 3.867 3.659 3.443 3.218 2.984 2.742 2.490 2.230 1.962 1.859 1.817 1.774 1.732 1.689 1.647 1.605 1.563 1.522 1.480 1.439 1.397 1.370 1.348 1.324 1.298 1.272 1.244 1.272 1.281 1.257 1.203 1.116 0.997 0.911 0.851 0.791 0.732 0.674 0.616 0.558 0.501 0.444 0.388 0.333 0.278 0.274 0.300 0.330 0.364
5.829 6.425 7.042 7.681 8.341 9.022 9.726 10.450 11.197 11.964 12.754 12.637 12.025 11.404 10.773 10.132 9.482 8.823 8.154 7.475 6.787 6.089 5.382 4.987 4.775 4.554 4.324 4.086 3.839 3.583 3.318 3.045 2.763 2.472 2.172 2.025 1.983 1.941 1.899 1.857 1.815 1.773 1.732 1.691 1.650 1.609 1.737 1.857 1.946 2.002 2.027 2.020 1.980 1.909 1.806 1.671 1.505 1.306 1.075 0.928 0.870 0.812 0.755 0.698 0.641 0.586 0.530 0.476 0.421 0.368 0.314 0.308 0.347 0.389 0.435
5.877 6.548 7.241 7.956 8.692 9.450 10.229 11.029 11.851 12.695 13.560 13.676 13.030 12.375 11.710 11.035 10.352 9.658 8.955 8.243 7.521 6.789 6.048 5.546 5.303 5.051 4.791 4.521 4.243 3.957 3.661 3.357 3.044 2.722 2.392 2.190 2.148 2.107 2.089 2.216 2.343 2.472 2.600 2.730 2.860 2.991 3.122 3.197 3.173 3.118 3.031 2.911 2.760 2.577 2.363 2.116 1.837 1.527 1.185 0.945 0.888 0.832 0.777 0.721 0.667 0.613 0.559 0.506 0.454 0.402 0.350 0.338 0.390 0.444 0.503
5.901 6.648 7.417 8.207 9.019 9.852 10.707 11.583 12.481 13.400 14.341 14.723 14.044 13.354 12.656 11.948 11.230 10.503 9.766 9.020 8.264 7.499 6.724 6.113 5.839 5.557 5.265 4.965 4.656 4.339 4.013 3.708 3.489 3.297 3.131 3.072 3.199 3.327 3.455 3.584 3.713 3.844 3.975 4.106 4.239 4.372 4.505 4.566 4.431 4.264 4.065 3.834 3.571 3.276 2.950 2.591 2.201 1.779 1.325 0.961 0.906 0.852 0.798 0.745 0.692 0.640 0.588 0.537 0.486 0.436 0.386 0.365 0.429 0.496 0.567
5.900 6.724 7.568 8.434 9.322 10.231 11.161 12.113 13.087 14.081 15.098 15.780 15.066 14.343 13.611 12.869 12.117 11.357 10.586 9.806 9.017 8.218 7.409 6.689 6.372 6.058 5.772 5.512 5.279 5.073 4.894 4.742 4.616 4.518 4.446 4.429 4.558 4.687 4.818 4.949 5.081 5.213 5.346 5.480 5.615 5.750 5.886 5.966 5.719 5.440 5.129 4.786 4.412 4.005 3.567 3.097 2.595 2.062 1.496 0.976 0.923 0.871 0.819 0.767 0.716 0.666 0.616 0.566 0.517 0.469 0.421 0.389 0.465 0.545 0.628
5.876 6.775 7.696 8.637 9.600 10.585 11.591 12.619 13.668 14.738 15.830 16.845 16.098 15.341 14.575 13.799 13.014 12.125 11.202 10.302 9.426 8.574 7.747 6.965 6.719 6.499 6.307 6.141 6.002 5.890 5.805 5.746 5.715 5.710 5.732 5.782 5.914 6.046 6.178 6.311 6.445 6.580 6.715 6.851 6.988 7.126 7.264 7.395 7.036 6.646 6.223 5.769 5.283 4.765 4.215 3.634 3.020 2.375 1.698 0.991 0.940 0.889 0.839 0.789 0.740 0.691 0.643 0.596 0.548 0.502 0.456 0.410 0.497 0.590 0.685
5.828 6.803 7.799 8.816 9.855 10.915 11.997 13.100 14.224 15.370 16.361 17.280 16.482 15.522 14.586 13.675 12.787 11.923 11.084 10.268 9.477 8.709 7.966 7.247 7.037 6.911 6.813 6.741 6.696 6.678 6.686 6.721 6.784 6.872 6.988 7.131 7.267 7.401 7.536 7.671 7.807 7.944 8.082 8.220 8.359 8.498 8.639 8.780 8.384 7.882 7.348 6.782 6.184 5.555 4.894 4.201 3.476 2.720 1.931 1.111 0.956 0.907 0.859 0.811 0.763 0.717 0.670 0.624 0.579 0.534 0.490 0.446 0.526 0.631 0.741
5.757 6.807 7.878 8.962 10.009 11.019 11.993 12.931 13.832 14.696 15.525 16.316 15.833 14.958 14.106 13.279 12.475 11.696 10.941 10.210 9.502 8.819 8.160 7.525 7.326 7.295 7.290 7.312 7.361 7.436 7.538 7.668 7.823 8.006 8.215 8.451 8.618 8.754 8.891 9.028 9.167 9.306 9.446 9.586 9.727 9.869 10.011 10.154 9.761 9.148 8.502 7.825 7.116 6.375 5.603 4.799 3.963 3.095 2.195 1.264 0.972 0.925 0.878 0.832 0.786 0.741 0.697 0.678 0.684 0.666 0.625 0.561 0.620 0.731 0.839
6.084 7.113 8.105 9.060 9.979 10.862 11.708 12.518 13.291 14.028 14.729 15.393 15.160 14.369 13.601 12.858 12.139 11.444 10.773 10.126 9.502 8.903 8.328 7.777 7.588 7.650 7.739 7.854 7.997 8.166 8.362 8.585 8.834 9.110 9.413 9.743 9.966 10.104 10.243 10.383 10.524 10.665 10.807 10.949 11.093 11.237 11.381 11.527 11.169 10.444 9.687 8.898 8.078 7.226 6.342 5.427 4.480 3.501 2.490 1.448 1.063 1.151 1.216 1.257 1.275 1.269 1.240 1.187 1.111 1.012 0.889 0.743 0.738 0.840 0.939
6.606 7.506 8.370 9.198 9.990 10.745 11.463 12.145 12.791 13.400 13.973 14.510 14.462 13.755 13.072 12.413 11.778 11.167 10.580 10.016 9.477 8.962 8.471 8.004 7.820 7.976 8.159 8.368 8.604 8.867 9.157 9.473 9.816 10.186 10.582 11.005 11.311 11.452 11.593 11.735 11.878 12.021 12.165 12.310 12.456 12.602 12.748 12.896 12.606 11.770 10.902 10.002 9.070 8.026 6.973 5.976 5.036 4.152 3.324 2.552 2.168 2.174 2.156 2.116 2.051 1.964 1.853 1.719 1.561 1.380 1.175 0.947 0.857 0.950 1.041
7.166 7.939 8.676 9.376 10.039 10.667 11.258 11.812 12.330 12.812 13.258 13.667 13.739 13.116 12.517 11.942 11.391 10.864 10.361 9.882 9.427 8.996 8.589 8.206 8.025 8.274 8.550 8.853 9.183 9.539 9.922 10.332 10.768 11.232 11.721 12.238 12.654 12.797 12.940 13.085 13.229 13.375 13.521 13.668 13.816 13.964 13.840 13.620 13.096 11.958 10.876 9.851 8.881 7.968 7.111 6.311 5.567 4.879 4.247 3.671 3.293 3.217 3.118 2.996 2.850 2.680 2.488 2.271 2.032 1.769 1.483 1.173 0.979 1.063 1.145
7.766 8.411 9.020 9.593 10.129 10.629 11.092 11.519 11.910 12.264 12.582 12.864 12.992 12.453 11.938 11.447 10.980 10.537 10.118 9.723 9.352 9.004 8.681 8.382 8.201 8.544 8.913 9.310 9.733 10.183 10.659 11.162 11.692 12.249 12.832 13.442 13.994 14.139 14.285 14.128 13.926 13.719 13.507 13.290 13.068 12.841 12.609 12.372 12.002 11.060 10.174 9.345 8.572 7.855 7.194 6.590 6.042 5.550 5.114 4.734 4.440 4.282 4.101 3.897 3.669 3.418 3.144 2.846 2.525 2.180 1.812 1.421 1.103 1.179 1.252
8.415 8.923 9.404 9.849 10.258 10.630 10.966 11.266 11.530 11.757 11.947 12.102 12.220 11.765 11.334 10.927 10.544 10.185 9.850 9.538 9.251 8.988 8.748 8.533 8.348 8.785 9.248 9.738 10.254 10.797 11.367 11.959 12.335 12.694 13.035 13.359 13.652 13.448 13.239 13.024 12.805 12.581 12.351 12.117 11.878 11.634 11.385 11.130 10.853 10.107 9.418 8.785 8.208 7.687 7.222 6.814 6.461 6.165 5.925 5.741 5.608 5.368 5.106 4.820 4.510 4.177 3.821 3.442 3.039 2.613 2.163 1.691 1.229 1.296 1.360
9.203 9.473 9.827 10.145 10.426 10.671 10.880 11.053 11.189 11.289 11.352 11.380 11.371 11.053 10.705 10.382 10.083 9.808 9.556 9.329 9.125 8.946 8.790 8.658 8.539 8.895 9.315 9.718 10.104 10.471 10.822 11.154 11.469 11.766 12.046 12.308 12.553 12.385 12.159 11.927 11.691 11.449 11.203 10.951 10.695 10.433 10.167 9.896 9.619 9.101 8.607 8.170 7.789 7.464 7.195 6.982 6.826 6.725 6.681 6.692 6.760 6.476 6.131 5.764 5.373 4.958 4.521 4.060 3.575 3.068 2.536 1.982 1.404 1.415 1.471
10.001 10.063 10.290 10.480 10.634 10.752 10.834 10.879 10.888 10.861 10.797 10.698 10.562 10.315 10.052 9.813 9.597 9.413 9.254 9.092 8.928 8.763 8.596 8.427 8.257 8.477 8.836 9.178 9.502 9.808 10.097 10.368 10.622 10.858 11.077 11.277 11.461 11.329 11.086 10.837 10.583 10.324 10.061 9.792 9.518 9.240 8.956 8.668 8.374 8.039 7.742 7.500 7.315 7.186 7.113 7.095 7.134 7.229 7.381 7.588 7.851 7.604 7.178 6.729 6.256 5.760 5.241 4.699 4.133 3.544 2.931 2.295 1.636 1.537 1.584
10.807 10.692 10.791 10.854 10.881 10.872 10.827 10.745 10.627 10.473 10.297 10.134 9.978 9.823 9.664 9.504 9.341 9.177 9.011 8.843 8.673 8.502 8.328 8.153 7.976 8.078 8.376 8.656 8.919 9.164 9.392 9.602 9.794 9.969 10.126 10.266 10.388 10.280 10.019 9.753 9.482 9.206 8.925 8.639 8.348 8.053 7.752 7.446 7.135 6.924 6.822 6.776 6.787 6.853 6.975 7.154 7.388 7.678 8.025 8.428 8.886 8.754 8.246 7.716 7.161 6.584 5.983 5.359 4.712 4.042 3.348 2.631 1.890 1.661 1.699
11.622 11.359 11.332 11.192 11.006 10.826 10.653 10.487 10.328 10.175 10.028 9.889 9.756 9.614 9.449 9.282 9.113 8.942 8.770 8.596 8.420 8.242 8.063 7.882 7.699 7.698 7.935 8.154 8.355 8.539 8.705 8.854 8.985 9.099 9.195 9.274 9.335 9.237 8.959 8.676 8.387 8.094 7.796 7.493 7.185 6.872 6.554 6.231 5.903 5.755 5.848 5.998 6.204 6.465 6.783 7.157 7.586 8.072 8.614 9.212 9.865 9.925 9.336 8.723 8.088 7.429 6.747 6.042 5.259 4.400 3.567 2.758 1.975 1.620 1.632
11.638 11.099 10.922 10.753 10.590 10.434 10.284 10.141 10.005 9.876 9.753 9.636 9.527 9.407 9.235 9.062 8.887 8.710 8.531 8.351 8.169 7.985 7.799 7.612 7.423 7.337 7.512 7.670 7.810 7.933 8.038 8.126 8.196 8.248 8.283 8.301 8.301 8.201 7.905 7.605 7.299 6.989 6.674 6.354 6.028 5.698 5.363 5.023 4.678 4.531 4.820 5.165 5.566 6.023 6.536 7.105 7.730 8.411 9.147 9.940 10.789 10.965 10.018 9.097 8.200 7.328 6.481 5.660 4.863 4.092 3.345 2.624 1.928 1.526 1.544
11.272 10.606 10.453 10.307 10.168 10.035 9.908 9.789 9.676 9.570 9.470 9.377 9.291 9.201 9.024 8.844 8.663 8.480 8.295 8.109 7.920 7.730 7.538 7.345 7.149 6.994 7.108 7.205 7.284 7.346 7.390 7.416 7.425 7.417 7.391 7.347 7.286 7.171 6.858 6.541 6.218 5.890 5.558 5.221 4.878 4.531 4.179 3.821 3.459 3.253 3.738 4.278 4.874 5.526 6.314 7.108 7.822 8.457 9.013 9.489 9.886 9.937 9.078 8.243 7.433 6.648 5.889 5.154 4.445 3.760 3.101 2.466 1.857 1.430 1.454
10.926 10.164 9.977 9.855 9.738 9.629 9.526 9.430 9.340 9.257 9.181 9.111 9.048 8.992 8.815 8.629 8.442 8.252 8.061 7.869 7.674 7.478 7.280 7.080 6.878 6.675 6.724 6.759 6.777 6.778 6.761 6.726 6.674 6.604 6.517 6.413 6.291 6.147 5.818 5.483 5.143 4.798 4.449 4.094 3.735 3.370 3.001 2.931 3.034 3.224 4.139 4.973 5.729 6.405 7.002 7.519 7.958 8.317 8.597 8.797 8.918 8.887 8.114 7.366 6.643 5.946 5.273 4.626 4.003 3.405 2.833 2.285 1.763 1.332 1.362
