DATA/SHG/ECMWF/20170628/EN-21/20170629.en-21.asc
ncols        190
nrows        64
xllcorner    -5100000.000000000000
yllcorner    4130000.000000000000
cellsize     10000.000000000000
NODATA_value  -99999.000
[rows 0 to 32 of 64, columns 74 to 147 of 190]
0.320 0.315 0.308 0.301 0.294 0.286 0.277 0.279 0.315 0.352 0.387 0.420 0.451 0.480 0.507 0.531 0.554 0.574 0.592 0.676 0.986 1.301 1.619 1.940 2.265 2.592 2.923 3.257 3.594 3.934 4.278 4.513 4.386 4.260 4.134 4.009 3.885 3.761 3.638 3.515 3.393 3.271 3.150 3.077 3.150 3.222 3.293 3.362 3.431 3.498 3.564 3.629 3.693 3.756 3.818 3.852 3.811 3.770 3.731 3.694 3.657 3.623 3.589 3.557 3.527 3.498 3.471 3.522 3.796 4.078 4.368 4.665 4.969 5.282
0.301 0.299 0.299 0.300 0.302 0.304 0.307 0.316 0.348 0.378 0.406 0.432 0.455 0.477 0.496 0.513 0.528 0.541 0.552 0.594 0.918 1.247 1.580 1.915 2.254 2.596 2.941 3.289 3.640 3.995 4.353 4.658 4.534 4.410 4.287 4.165 4.043 3.921 3.801 3.680 3.561 3.442 3.323 3.229 3.297 3.364 3.430 3.494 3.558 3.620 3.681 3.741 3.800 3.858 3.915 3.958 3.922 3.888 3.855 3.824 3.794 3.766 3.739 3.713 3.689 3.667 3.646 3.675 3.983 4.299 4.622 4.953 5.292 5.638
0.329 0.331 0.334 0.338 0.342 0.347 0.352 0.359 0.384 0.407 0.427 0.445 0.461 0.475 0.487 0.497 0.505 0.511 0.514 0.516 0.847 1.191 1.537 1.887 2.240 2.596 2.955 3.318 3.683 4.052 4.424 4.798 4.681 4.560 4.439 4.319 4.200 4.081 3.963 3.845 3.728 3.612 3.496 3.382 3.445 3.507 3.567 3.627 3.685 3.743 3.799 3.854 3.908 3.961 4.012 4.061 4.032 4.004 3.978 3.953 3.930 3.908 3.887 3.868 3.850 3.834 3.819 3.829 4.192 4.565 4.948 5.342 5.746 6.160
0.358 0.363 0.368 0.374 0.381 0.388 0.396 0.405 0.422 0.437 0.450 0.461 0.470 0.476 0.481 0.483 0.484 0.482 0.478 0.472 0.773 1.130 1.491 1.855 2.222 2.592 2.966 3.342 3.722 4.105 4.491 4.880 4.827 4.708 4.590 4.473 4.356 4.240 4.124 4.009 3.894 3.780 3.667 3.554 3.594 3.650 3.706 3.761 3.814 3.866 3.917 3.968 4.017 4.064 4.111 4.157 4.140 4.119 4.098 4.081 4.069 4.064 4.065 4.072 4.085 4.104 4.129 4.160 4.543 4.962 5.391 5.831 6.280 6.741
0.387 0.394 0.401 0.410 0.419 0.429 0.440 0.451 0.461 0.469 0.475 0.478 0.480 0.479 0.476 0.471 0.464 0.455 0.444 0.431 0.694 1.066 1.441 1.819 2.201 2.585 2.973 3.363 3.757 4.154 4.554 4.958 4.972 4.856 4.740 4.626 4.511 4.398 4.284 4.172 4.060 3.948 3.838 3.727 3.743 3.795 3.846 3.895 3.944 3.995 4.044 4.086 4.123 4.154 4.179 4.197 4.194 4.192 4.195 4.205 4.221 4.242 4.270 4.304 4.343 4.389 4.441 4.499 4.883 5.348 5.823 6.308 6.804 7.310
0.414 0.424 0.434 0.445 0.457 0.469 0.482 0.496 0.502 0.503 0.501 0.497 0.491 0.483 0.473 0.461 0.447 0.430 0.412 0.391 0.613 0.999 1.388 1.780 2.176 2.574 2.976 3.381 3.789 4.200 4.614 5.032 5.116 5.003 4.890 4.778 4.666 4.555 4.444 4.334 4.237 4.150 4.062 3.975 3.982 4.035 4.081 4.121 4.155 4.183 4.205 4.220 4.230 4.234 4.231 4.223 4.232 4.256 4.287 4.323 4.366 4.414 4.469 4.529 4.596 4.668 4.746 4.831 5.212 5.723 6.244 6.775 7.316 7.868
0.441 0.453 0.466 0.479 0.494 0.509 0.524 0.541 0.546 0.539 0.530 0.518 0.505 0.490 0.472 0.453 0.431 0.407 0.381 0.354 0.527 0.928 1.331 1.737 2.147 2.560 2.976 3.395 3.817 4.242 4.671 5.119 5.298 5.209 5.121 5.033 4.945 4.857 4.770 4.683 4.596 4.509 4.423 4.336 4.312 4.337 4.356 4.369 4.376 4.377 4.372 4.361 4.343 4.320 4.290 4.255 4.264 4.315 4.372 4.435 4.504 4.580 4.661 4.748 4.841 4.940 5.045 5.157 5.531 6.087 6.654 7.231 7.818 8.415
0.467 0.482 0.497 0.513 0.530 0.547 0.565 0.584 0.591 0.576 0.560 0.542 0.521 0.498 0.473 0.446 0.417 0.386 0.353 0.318 0.439 0.853 1.317 1.797 2.270 2.737 3.199 3.655 4.104 4.548 4.987 5.419 5.648 5.561 5.473 5.386 5.299 5.212 5.126 5.040 4.954 4.868 4.782 4.697 4.648 4.646 4.638 4.624 4.604 4.578 4.545 4.507 4.462 4.412 4.355 4.293 4.289 4.367 4.451 4.541 4.637 4.739 4.847 4.960 5.080 5.206 5.338 5.476 5.838 6.440 7.053 7.675 8.308 8.951
0.493 0.510 0.528 0.546 0.565 0.585 0.606 0.627 0.638 0.616 0.592 0.566 0.539 0.508 0.498 0.568 0.632 0.693 0.748 0.798 0.934 1.399 1.858 2.311 2.758 3.200 3.635 4.065 4.489 4.907 5.319 5.725 5.998 5.911 5.825 5.738 5.652 5.567 5.481 5.396 5.311 5.226 5.141 5.057 4.990 4.961 4.926 4.885 4.837 4.784 4.725 4.659 4.588 4.510 4.427 4.337 4.308 4.413 4.524 4.640 4.763 4.891 5.026 5.167 5.313 5.466 5.624 5.789 6.135 6.783 7.441 8.109 8.788 9.476
0.517 0.537 0.557 0.578 0.600 0.622 0.646 0.704 0.837 0.918 0.995 1.067 1.134 1.196 1.254 1.307 1.355 1.398 1.436 1.470 1.533 1.971 2.404 2.831 3.252 3.668 4.077 4.481 4.879 5.271 5.657 6.037 6.347 6.261 6.175 6.090 6.005 5.920 5.836 5.751 5.667 5.583 5.499 5.416 5.338 5.282 5.220 5.151 5.077 4.997 4.910 4.818 4.719 4.615 4.504 4.387 4.321 4.453 4.590 4.733 4.882 5.038 5.199 5.366 5.539 5.719 5.904 6.095 6.421 7.115 7.818 8.532 9.256 9.991
0.568 0.661 0.767 0.887 1.022 1.170 1.332 1.508 1.697 1.762 1.822 1.877 1.927 1.972 2.013 2.049 2.080 2.106 2.128 2.145 2.147 2.549 2.956 3.357 3.752 4.142 4.525 4.903 5.275 5.641 6.001 6.355 6.695 6.610 6.526 6.441 6.357 6.273 6.189 6.106 6.022 5.939 5.857 5.774 5.692 5.608 5.519 5.424 5.323 5.215 5.102 4.982 4.857 4.725 4.588 4.444 4.328 4.486 4.650 4.820 4.996 5.178 5.366 5.560 5.759 5.965 6.177 6.395 6.697 7.436 8.185 8.944 9.714 10.494
1.017 1.158 1.313 1.482 1.665 1.862 2.073 2.299 2.538 2.608 2.651 2.690 2.723 2.752 2.776 2.795 2.809 2.818 2.823 2.823 2.808 3.133 3.513 3.888 4.258 4.621 4.979 5.330 5.676 6.016 6.351 6.679 7.002 6.959 6.875 6.791 6.708 6.625 6.542 6.460 6.377 6.295 6.213 6.132 6.050 5.941 5.825 5.703 5.574 5.440 5.300 5.153 5.001 4.842 4.678 4.507 4.330 4.513 4.704 4.900 5.103 5.312 5.526 5.747 5.973 6.205 6.444 6.690 6.964 7.738 8.513 9.289 10.065 10.841
1.451 1.641 1.845 2.063 2.295 2.541 2.801 3.075 3.362 3.458 3.484 3.506 3.522 3.534 3.541 3.543 3.541 3.534 3.522 3.505 3.473 3.722 4.077 4.426 4.769 5.106 5.438 5.764 6.084 6.398 6.706 7.009 7.306 7.306 7.224 7.141 7.059 6.976 6.895 6.813 6.731 6.650 6.569 6.488 6.408 6.280 6.137 5.987 5.832 5.671 5.504 5.330 5.151 4.965 4.774 4.576 4.373 4.534 4.757 4.990 5.227 5.469 5.714 5.964 6.218 6.476 6.738 7.004 7.274 8.017 8.794 9.572 10.351 11.129
1.872 2.111 2.364 2.630 2.911 3.206 3.514 3.837 4.173 4.311 4.321 4.325 4.325 4.320 4.310 4.296 4.276 4.252 4.223 4.190 4.141 4.317 4.646 4.969 5.286 5.598 5.903 6.203 6.497 6.785 7.068 7.345 7.615 7.653 7.571 7.490 7.408 7.327 7.246 7.165 7.085 7.005 6.924 6.845 6.765 6.625 6.454 6.278 6.096 5.890 5.668 5.455 5.249 5.051 4.862 4.680 4.506 4.653 4.901 5.152 5.408 5.668 5.932 6.200 6.472 6.748 7.029 7.313 7.602 8.294 9.074 9.854 10.635 11.416
2.279 2.567 2.868 3.184 3.513 3.856 4.213 4.585 4.970 5.168 5.160 5.148 5.131 5.109 5.082 5.051 5.015 4.974 4.928 4.878 4.812 4.917 5.220 5.517 5.809 6.094 6.374 6.648 6.916 7.179 7.435 7.686 7.931 8.000 7.919 7.838 7.757 7.677 7.597 7.517 7.408 7.267 7.120 6.967 6.810 6.611 6.393 6.183 5.981 5.787 5.601 5.422 5.252 5.090 4.935 4.788 4.650 4.774 5.040 5.310 5.584 5.862 6.145 6.431 6.722 7.017 7.315 7.618 7.925 8.571 9.353 10.135 10.919 11.702
2.673 3.009 3.359 3.723 4.101 4.493 4.899 5.319 5.752 6.027 6.003 5.974 5.940 5.901 5.858 5.810 5.757 5.699 5.637 5.570 5.487 5.523 5.800 6.072 6.337 6.597 6.851 7.099 7.341 7.578 7.809 8.013 8.195 8.250 8.122 7.989 7.850 7.706 7.557 7.402 7.242 7.076 6.905 6.728 6.547 6.359 6.177 6.002 5.835 5.676 5.525 5.382 5.247 5.119 5.000 4.889 4.785 4.891 5.175 5.463 5.756 6.053 6.353 6.658 6.967 7.280 7.597 7.919 8.244 8.846 9.630 10.416 11.201 11.987
3.052 3.437 3.836 4.249 4.675 5.116 5.570 6.039 6.521 6.890 6.849 6.803 6.752 6.697 6.637 6.572 6.502 6.428 6.349 6.265 6.165 6.135 6.357 6.553 6.746 6.937 7.124 7.308 7.489 7.667 7.842 8.014 8.183 8.257 8.106 7.948 7.786 7.618 7.444 7.265 7.081 6.891 6.696 6.496 6.290 6.100 5.952 5.813 5.681 5.557 5.441 5.333 5.233 5.141 5.057 4.981 4.912 5.003 5.306 5.612 5.923 6.238 6.557 6.880 7.208 7.539 7.875 8.214 8.558 9.120 9.907 10.695 11.483 12.271
3.418 3.852 4.299 4.761 5.236 5.725 6.228 6.745 7.276 7.756 7.698 7.635 7.568 7.496 7.410 7.219 7.038 6.866 6.703 6.550 6.404 6.296 6.482 6.665 6.845 7.021 7.195 7.366 7.533 7.698 7.860 8.018 8.174 8.271 8.095 7.914 7.727 7.535 7.338 7.135 6.926 6.712 6.493 6.269 6.039 5.832 5.720 5.615 5.519 5.430 5.349 5.277 5.212 5.155 5.106 5.064 5.031 5.111 5.432 5.757 6.086 6.419 6.757 7.098 7.444 7.794 8.148 8.506 8.868 9.393 10.183 10.973 11.763 12.554
3.771 4.253 4.749 5.259 5.782 6.320 6.872 7.414 7.847 8.278 8.087 7.891 7.704 7.527 7.360 7.202 7.054 6.915 6.785 6.665 6.552 6.445 6.610 6.780 6.946 7.109 7.270 7.427 7.581 7.733 7.881 8.026 8.168 8.291 8.091 7.886 7.675 7.459 7.237 7.010 6.778 6.540 6.297 6.048 5.794 5.557 5.479 5.410 5.349 5.295 5.249 5.212 5.182 5.160 5.146 5.140 5.141 5.214 5.553 5.897 6.244 6.596 6.952 7.312 7.676 8.044 8.416 8.792 9.173 9.665 10.457 11.250 12.042 12.836
4.088 4.531 4.971 5.409 5.843 6.276 6.705 7.132 7.556 7.978 7.896 7.733 7.580 7.436 7.301 7.176 7.061 6.955 6.858 6.771 6.691 6.617 6.742 6.898 7.051 7.200 7.347 7.491 7.632 7.770 7.905 8.037 8.166 8.292 8.093 7.863 7.629 7.388 7.143 6.892 6.635 6.373 6.106 5.834 5.556 5.273 5.231 5.197 5.170 5.152 5.141 5.139 5.144 5.157 5.178 5.207 5.244 5.313 5.670 6.032 6.398 6.768 7.142 7.520 7.903 8.289 8.680 9.074 9.473 9.936 10.731 11.526 12.321 13.117
3.873 4.306 4.737 5.166 5.592 6.015 6.435 6.853 7.268 7.681 7.697 7.567 7.447 7.336 7.234 7.142 7.059 6.986 6.923 6.868 6.821 6.780 6.876 7.019 7.158 7.295 7.428 7.559 7.687 7.811 7.933 8.051 8.167 8.279 8.100 7.847 7.588 7.324 7.054 6.779 6.499 6.213 5.922 5.625 5.323 5.016 4.974 4.975 4.984 5.001 5.025 5.057 5.098 5.146 5.202 5.266 5.337 5.417 5.783 6.163 6.547 6.936 7.328 7.725 8.125 8.530 8.939 9.352 10.029 11.120 12.402 13.558 14.586 15.487
3.660 4.084 4.506 4.926 5.342 5.757 6.168 6.577 6.983 7.387 7.490 7.393 7.305 7.227 7.159 7.099 7.050 7.009 6.978 6.957 6.943 6.936 7.014 7.143 7.269 7.392 7.513 7.630 7.744 7.855 7.964 8.069 8.171 8.270 8.114 7.837 7.554 7.265 6.972 6.673 6.368 6.058 5.743 5.423 5.097 4.765 4.710 4.746 4.789 4.841 4.901 4.968 5.043 5.126 5.217 5.316 5.423 5.538 5.891 6.412 7.164 7.988 8.884 9.851 10.890 12.001 13.184 14.438 15.764 17.162 17.925 18.517 18.983 19.321
3.449 3.865 4.278 4.688 5.096 5.501 5.904 6.303 6.701 7.095 7.274 7.210 7.156 7.110 7.075 7.048 7.031 7.024 7.026 7.037 7.056 7.082 7.154 7.270 7.383 7.493 7.600 7.704 7.805 7.903 7.998 8.089 8.178 8.264 8.133 7.832 7.525 7.213 6.895 6.572 6.244 5.910 5.571 5.226 4.877 4.521 4.437 4.508 4.587 4.674 4.816 5.062 5.348 5.675 6.043 6.451 6.899 7.387 8.212 9.210 10.280 11.422 12.635 13.920 15.277 16.705 18.205 19.777 21.420 23.135 23.566 23.596 23.499 23.275
3.242 3.648 4.052 4.454 4.852 5.248 5.642 6.033 6.421 6.806 7.051 7.019 6.997 6.985 6.982 6.989 7.004 7.030 7.065 7.109 7.161 7.220 7.298 7.401 7.501 7.597 7.691 7.781 7.869 7.953 8.035 8.113 8.189 8.262 8.159 7.833 7.503 7.166 6.825 6.478 6.126 5.776 5.442 5.113 4.790 4.472 4.448 4.712 5.016 5.361 5.746 6.171 6.637 7.143 7.689 8.276 8.903 9.570 10.615 11.931 13.319 14.778 16.308 17.911 19.585 21.330 23.147 25.036 26.997 29.029 29.326 28.793 28.134 27.348
3.037 3.434 3.829 4.222 4.611 4.998 5.383 5.765 6.144 6.520 6.818 6.820 6.831 6.851 6.881 6.920 6.969 7.027 7.095 7.172 7.257 7.349 7.446 7.535 7.621 7.704 7.785 7.862 7.936 8.007 8.075 8.141 8.192 8.232 8.151 7.803 7.460 7.123 6.791 6.465 6.143 5.828 5.517 5.212 4.912 4.618 4.619 5.062 5.545 6.069 6.632 7.237 7.881 8.566 9.291 10.057 10.863 11.709 12.942 14.575 16.280 18.056 19.904 21.823 23.814 25.877 28.011 30.217 32.494 34.843 35.204 34.109 32.888 31.541
2.834 3.223 3.609 3.992 4.373 4.751 5.126 5.499 5.869 6.237 6.578 6.612 6.656 6.709 6.772 6.844 6.925 7.016 7.117 7.226 7.344 7.469 7.596 7.642 7.646 7.658 7.678 7.705 7.740 7.783 7.833 7.891 7.958 8.031 8.031 7.707 7.388 7.074 6.766 6.463 6.166 5.873 5.587 5.305 5.029 4.758 4.747 5.368 6.030 6.733 7.475 8.258 9.082 9.945 10.849 11.793 12.778 13.803 15.191 17.142 19.163 21.257 23.422 25.658 27.966 30.345 32.796 35.319 37.913 40.578 41.200 39.544 37.762 35.853
2.635 3.014 3.391 3.766 4.137 4.506 4.873 5.236 5.598 5.956 6.312 6.396 6.473 6.559 6.654 6.752 6.803 6.850 6.892 6.929 6.971 7.016 7.058 7.089 7.128 7.174 7.228 7.290 7.359 7.436 7.521 7.614 7.714 7.823 7.906 7.605 7.310 7.020 6.735 6.456 6.182 5.914 5.650 5.392 5.140 4.892 4.831 5.632 6.472 7.354 8.275 9.237 10.239 11.281 12.363 13.486 14.649 15.853 17.364 19.632 21.970 24.380 26.862 29.415 32.040 34.736 37.503 40.342 43.253 46.234 47.314 45.098 42.755 40.285
2.438 2.808 3.176 3.541 3.904 4.264 4.622 4.976 5.325 5.656 5.983 6.091 6.145 6.195 6.240 6.279 6.315 6.345 6.370 6.391 6.415 6.444 6.468 6.528 6.601 6.682 6.770 6.866 6.970 7.082 7.201 7.328 7.463 7.606 7.756 7.498 7.226 6.960 6.699 6.443 6.193 5.948 5.708 5.474 5.245 5.021 4.873 5.852 6.871 7.931 9.031 10.171 11.352 12.573 13.833 15.135 16.476 17.858 19.461 22.045 24.700 27.427 30.225 33.094 36.035 39.048 42.132 45.287 48.513 51.812 53.547 50.770 47.866 44.836
2.243 2.602 2.951 3.295 3.634 3.968 4.297 4.622 4.941 5.256 5.565 5.691 5.728 5.761 5.789 5.812 5.831 5.844 5.853 5.857 5.864 5.876 5.884 5.959 6.066 6.181 6.304 6.435 6.573 6.719 6.873 7.034 7.203 7.380 7.565 7.385 7.137 6.894 6.657 6.425 6.198 5.977 5.760 5.550 5.344 5.144 4.949 6.029 7.227 8.465 9.744 11.063 12.421 13.820 15.260 16.739 18.259 19.819 21.481 24.381 27.353 30.396 33.510 36.696 39.953 43.282 46.682 50.153 53.696 57.310 59.897 56.560 53.096 49.506
2.005 2.342 2.674 3.001 3.323 3.640 3.952 4.260 4.562 4.860 5.153 5.295 5.316 5.332 5.344 5.350 5.352 5.349 5.341 5.328 5.319 5.314 5.305 5.382 5.523 5.673 5.830 5.995 6.168 6.348 6.536 6.732 6.936 7.147 7.366 7.267 7.042 6.823 6.609 6.401 6.197 6.000 5.807 5.620 5.438 5.261 5.090 6.164 7.540 8.957 10.413 11.910 13.447 15.025 16.642 18.300 19.998 21.736 23.514 26.641 29.929 33.288 36.719 40.221 43.794 47.438 51.154 54.941 58.800 62.730 65.883 60.875 55.950 51.107
1.766 2.086 2.401 2.711 3.017 3.317 3.612 3.903 4.188 4.469 4.745 4.905 4.909 4.908 4.903 4.893 4.878 4.858 4.833 4.804 4.778 4.756 4.731 4.797 4.973 5.157 5.348 5.547 5.754 5.969 6.192 6.422 6.660 6.905 7.159 7.143 6.942 6.746 6.556 6.371 6.191 6.017 5.848 5.684 5.526 5.372 5.225 6.255 7.810 9.405 11.040 12.715 14.430 16.185 17.981 19.817 21.693 23.609 25.565 28.825 32.428 36.058 39.504 42.773 45.865 48.781 51.520 54.082 56.468 58.677 60.709 56.492 51.930 47.450
1.532 1.836 2.134 2.427 2.715 2.999 3.277 3.551 3.819 4.083 4.342 4.519 4.507 4.489 4.467 4.441 4.409 4.372 4.331 4.285 4.242 4.204 4.161 4.204 4.414 4.632 4.858 5.092 5.333 5.582 5.839 6.103 6.376 6.655 6.943 7.014 6.836 6.664 6.497 6.336 6.179 6.028 5.883 5.743 5.608 5.478 5.354 6.304 8.037 9.809 11.622 13.476 15.406 17.481 19.626 21.840 24.123 26.476 28.897 31.860 34.879 37.722 40.387 42.876 45.189 47.325 49.284 51.067 52.673 54.103 55.356 52.034 47.835 43.718
1.303 1.590 1.871 2.147 2.419 2.685 2.947 3.203 3.455 3.702 3.944 4.138 4.109 4.075 4.037 3.993 3.945 3.892 3.834 3.771 3.712 3.656 3.597 3.603 3.848 4.100 4.360 4.628 4.904 5.187 5.478 5.777 6.083 6.397 6.719 6.878 6.725 6.576 6.432 6.294 6.162 6.034 5.912 5.815 5.766 5.705 5.630 6.519 8.555 10.660 12.835 15.078 17.391 19.773 22.224 24.744 27.333 29.991 32.719 35.260 37.499 39.562 41.448 43.158 44.691 46.048 47.228 48.232 49.059 49.710 50.185 47.500 43.664 39.911
