DATA/SHG/ECMWF/20170628/EN-21/20170704.en-21.asc
ncols        190
nrows        64
xllcorner    -5100000.000000000000
yllcorner    4130000.000000000000
cellsize     10000.000000000000
NODATA_value  -99999.000
[rows 0 to 31 of 64, columns 0 to 72 of 190]
1.203 1.297 1.384 1.463 1.534 1.598 1.655 1.704 1.746 1.734 1.700 1.658 1.608 1.551 1.485 1.412 1.331 1.243 1.146 1.116 1.108 1.399 1.819 2.226 2.623 3.007 3.379 3.739 4.088 4.424 4.749 5.061 5.362 5.567 5.716 5.865 6.015 6.164 6.314 6.464 6.614 6.764 6.915 7.066 7.216 6.997 6.463 5.942 5.433 4.938 4.455 3.985 3.527 3.083 2.651 2.232 1.826 1.566 1.466 1.366 1.265 1.163 1.060 0.957 0.852 0.747 0.641 0.534 0.426 0.469 0.766 1.074 1.396
0.951 1.018 1.079 1.132 1.177 1.215 1.245 1.269 1.284 1.255 1.193 1.124 1.120 1.117 1.112 1.106 1.099 1.090 1.079 1.067 1.053 1.254 1.632 1.998 2.352 2.694 3.025 3.343 3.650 3.944 4.227 4.498 4.757 4.960 5.110 5.260 5.410 5.561 5.711 5.862 6.013 6.164 6.315 6.467 6.618 6.515 6.026 5.549 5.086 4.635 4.197 3.772 3.359 2.960 2.573 2.199 1.837 1.567 1.464 1.361 1.257 1.152 1.047 0.940 0.833 0.724 0.615 0.505 0.395 0.394 0.733 1.086 1.450
0.707 0.748 0.782 0.809 0.837 0.899 0.962 1.026 1.091 1.126 1.122 1.117 1.110 1.101 1.092 1.080 1.067 1.053 1.037 1.019 1.000 1.122 1.458 1.782 2.095 2.395 2.683 2.960 3.225 3.478 3.719 3.948 4.165 4.354 4.505 4.655 4.806 4.958 5.109 5.260 5.412 5.564 5.716 5.868 6.021 6.021 5.576 5.145 4.726 4.320 3.927 3.547 3.179 2.824 2.482 2.153 1.836 1.568 1.463 1.357 1.250 1.142 1.033 0.924 0.814 0.702 0.590 0.478 0.549 0.703 1.227 1.721 2.182
0.564 0.626 0.688 0.752 0.817 0.882 0.950 1.018 1.087 1.134 1.124 1.114 1.101 1.088 1.072 1.056 1.037 1.017 0.996 0.973 0.949 1.002 1.297 1.579 1.850 2.108 2.355 2.590 2.813 3.024 3.223 3.411 3.586 3.748 3.900 4.051 4.203 4.355 4.507 4.660 4.812 4.965 5.118 5.271 5.424 5.514 5.115 4.728 4.354 3.993 3.645 3.310 2.987 2.677 2.379 2.095 1.823 1.571 1.463 1.354 1.253 1.273 1.312 1.370 1.446 1.540 1.654 1.786 1.936 2.105 2.514 2.897 3.247
0.526 0.592 0.658 0.726 0.795 0.865 0.936 1.009 1.082 1.143 1.128 1.112 1.095 1.075 1.055 1.033 1.009 0.984 0.957 0.929 0.899 0.896 1.148 1.389 1.618 1.834 2.040 2.233 2.414 2.583 2.741 2.887 3.020 3.144 3.296 3.448 3.601 3.753 3.906 4.060 4.213 4.366 4.520 4.674 4.828 4.982 4.641 4.300 3.971 3.654 3.351 3.060 2.782 2.541 2.386 2.239 2.100 1.969 1.986 2.034 2.101 2.186 2.290 2.413 2.554 2.713 2.891 3.088 3.304 3.537 3.829 4.101 4.340
0.487 0.556 0.627 0.699 0.772 0.846 0.921 0.998 1.076 1.154 1.134 1.112 1.089 1.065 1.039 1.011 0.982 0.952 0.920 0.886 0.851 0.815 1.012 1.211 1.398 1.573 1.737 1.888 2.028 2.156 2.271 2.375 2.468 2.548 2.692 2.846 2.999 3.152 3.306 3.460 3.614 3.768 3.923 4.078 4.232 4.387 4.204 4.022 3.848 3.682 3.523 3.373 3.230 3.095 2.967 2.848 2.736 2.632 2.684 2.798 2.929 3.080 3.249 3.436 3.642 3.866 4.110 4.371 4.651 4.950 5.172 5.333 5.461
0.446 0.520 0.595 0.671 0.748 0.826 0.905 0.986 1.068 1.151 1.141 1.114 1.086 1.056 1.025 0.992 0.957 0.922 0.884 0.845 0.805 0.763 0.889 1.046 1.192 1.325 1.447 1.557 1.655 1.741 1.815 1.877 1.928 1.967 2.090 2.244 2.398 2.552 2.707 2.919 3.181 3.448 3.722 4.002 4.288 4.580 4.559 4.404 4.258 4.119 3.987 3.864 3.748 3.640 3.540 3.447 3.363 3.286 3.364 3.542 3.739 3.954 4.188 4.440 4.711 5.000 5.308 5.635 5.980 6.343 6.543 6.593 6.611
0.404 0.482 0.561 0.641 0.722 0.805 0.888 0.973 1.059 1.146 1.150 1.118 1.084 1.049 1.012 0.974 0.934 0.893 0.850 0.806 0.760 0.713 0.778 0.894 0.998 1.090 1.170 1.238 1.294 1.339 1.371 1.392 1.458 1.541 1.724 1.976 2.235 2.499 2.770 3.047 3.330 3.619 3.914 4.216 4.524 4.838 4.906 4.779 4.659 4.547 4.443 4.347 4.258 4.177 4.104 4.039 3.981 3.931 4.024 4.267 4.529 4.809 5.108 5.425 5.760 6.115 6.487 6.878 7.288 7.716 7.942 7.881 7.788
0.361 0.443 0.526 0.610 0.695 0.782 0.870 0.958 1.048 1.139 1.160 1.123 1.084 1.043 1.001 0.958 0.913 0.866 0.818 0.768 0.717 0.665 0.680 0.754 0.816 0.894 0.974 1.055 1.137 1.221 1.305 1.390 1.477 1.564 1.736 2.010 2.290 2.576 2.869 3.167 3.472 3.783 4.100 4.424 4.753 5.089 5.245 5.145 5.052 4.967 4.890 4.821 4.759 4.706 4.660 4.621 4.591 4.568 4.666 4.974 5.300 5.645 6.008 6.390 6.790 7.209 7.647 8.103 8.577 9.070 9.368 9.197 8.993
0.317 0.403 0.490 0.578 0.667 0.758 0.850 0.943 1.037 1.132 1.172 1.129 1.085 1.039 0.992 0.943 0.893 0.841 0.794 0.746 0.696 0.645 0.641 0.721 0.803 0.886 0.970 1.054 1.140 1.227 1.315 1.404 1.494 1.586 1.741 2.037 2.339 2.647 2.961 3.281 3.608 3.941 4.280 4.625 4.976 5.334 5.576 5.503 5.437 5.379 5.329 5.287 5.253 5.226 5.207 5.196 5.192 5.196 5.288 5.661 6.052 6.461 6.890 7.336 7.801 8.285 8.787 9.307 9.846 10.404 10.823 10.540 10.227
0.271 0.361 0.452 0.545 0.638 0.733 0.829 0.926 1.024 1.123 1.188 1.145 1.101 1.055 1.009 0.961 0.911 0.861 0.809 0.756 0.702 0.647 0.620 0.704 0.790 0.876 0.964 1.052 1.142 1.233 1.325 1.417 1.511 1.606 1.740 2.057 2.381 2.711 3.047 3.389 3.737 4.092 4.453 4.819 5.192 5.572 5.898 5.852 5.814 5.783 5.760 5.745 5.738 5.738 5.746 5.762 5.785 5.816 5.891 6.329 6.785 7.259 7.752 8.263 8.793 9.341 9.908 10.493 11.096 11.718 12.305 11.912 11.488
0.224 0.318 0.414 0.518 0.628 0.736 0.843 0.948 1.052 1.155 1.240 1.193 1.144 1.094 1.043 0.991 0.937 0.882 0.826 0.768 0.710 0.650 0.598 0.686 0.776 0.866 0.957 1.049 1.143 1.237 1.333 1.429 1.527 1.625 1.732 2.071 2.417 2.768 3.126 3.490 3.860 4.236 4.619 5.007 5.402 5.803 6.210 6.193 6.182 6.179 6.183 6.195 6.214 6.241 6.276 6.319 6.370 6.428 6.494 6.978 7.498 8.037 8.595 9.171 9.765 10.378 11.009 11.525 11.919 12.278 12.604 11.970 11.269
0.265 0.374 0.481 0.587 0.692 0.795 0.896 0.996 1.095 1.192 1.287 1.242 1.189 1.134 1.079 1.022 0.964 0.904 0.843 0.782 0.718 0.654 0.588 0.667 0.760 0.854 0.949 1.045 1.142 1.240 1.340 1.440 1.541 1.643 1.747 2.079 2.446 2.820 3.199 3.585 3.976 4.374 4.778 5.189 5.605 6.028 6.456 6.527 6.542 6.566 6.597 6.636 6.682 6.737 6.799 6.868 6.946 7.031 7.124 7.608 8.160 8.673 9.151 9.596 10.006 10.383 10.726 11.035 11.310 11.551 11.758 11.273 10.620
0.352 0.456 0.558 0.659 0.758 0.855 0.951 1.046 1.139 1.230 1.320 1.292 1.235 1.176 1.116 1.054 0.992 0.928 0.863 0.796 0.728 0.660 0.589 0.647 0.744 0.842 0.940 1.040 1.141 1.243 1.345 1.449 1.554 1.660 1.767 2.080 2.469 2.864 3.265 3.673 4.086 4.506 4.932 5.363 5.801 6.246 6.696 6.852 6.894 6.945 7.003 7.069 7.142 7.230 7.324 7.424 7.529 7.639 7.755 8.105 8.532 8.926 9.286 9.612 9.904 10.162 10.387 10.577 10.734 10.856 10.945 10.564 9.959
0.441 0.539 0.636 0.731 0.825 0.917 1.008 1.097 1.184 1.270 1.355 1.344 1.282 1.219 1.154 1.088 1.021 0.953 0.883 0.812 0.740 0.667 0.592 0.626 0.726 0.828 0.930 1.034 1.138 1.244 1.350 1.458 1.566 1.676 1.787 2.075 2.486 2.902 3.325 3.754 4.189 4.631 5.078 5.532 5.991 6.457 6.946 7.198 7.279 7.365 7.457 7.554 7.656 7.763 7.876 7.995 8.118 8.247 8.381 8.628 8.937 9.212 9.453 9.661 9.835 9.974 10.080 10.152 10.191 10.195 10.165 9.843 9.287
0.532 0.625 0.716 0.806 0.894 0.981 1.066 1.150 1.232 1.312 1.391 1.397 1.330 1.263 1.194 1.123 1.052 0.979 0.905 0.829 0.753 0.675 0.596 0.604 0.708 0.813 0.919 1.026 1.134 1.243 1.354 1.465 1.577 1.691 1.805 2.064 2.496 2.934 3.385 3.878 4.370 4.861 5.350 5.839 6.326 6.813 7.298 7.614 7.713 7.818 7.928 8.044 8.165 8.291 8.422 8.559 8.701 8.849 9.002 9.183 9.373 9.530 9.653 9.742 9.798 9.819 9.807 9.761 9.681 9.567 9.419 9.111 8.602
0.624 0.711 0.797 0.882 0.964 1.046 1.126 1.204 1.281 1.356 1.429 1.451 1.380 1.308 1.235 1.160 1.084 1.006 0.928 0.848 0.767 0.685 0.601 0.580 0.688 0.797 0.907 1.017 1.129 1.242 1.356 1.483 1.646 1.820 2.005 2.294 2.786 3.278 3.768 4.257 4.745 5.232 5.718 6.203 6.686 7.169 7.651 8.023 8.142 8.265 8.394 8.528 8.667 8.812 8.962 9.118 9.279 9.445 9.616 9.770 9.842 9.880 9.885 9.856 9.793 9.696 9.566 9.402 9.203 8.972 8.706 8.366 7.906
0.717 0.799 0.880 0.959 1.036 1.112 1.187 1.260 1.331 1.401 1.469 1.507 1.432 1.355 1.277 1.198 1.117 1.035 0.952 0.868 0.782 0.696 0.608 0.556 0.668 0.791 0.926 1.071 1.228 1.397 1.576 1.767 1.970 2.184 2.409 2.688 3.177 3.664 4.151 4.636 5.121 5.604 6.086 6.567 7.047 7.526 8.004 8.427 8.564 8.706 8.853 9.006 9.164 9.328 9.496 9.670 9.850 10.034 10.224 10.389 10.343 10.263 10.149 10.002 9.821 9.606 9.358 9.075 8.759 8.409 8.026 7.610 7.197
0.813 0.889 0.964 1.038 1.110 1.181 1.250 1.317 1.383 1.447 1.510 1.564 1.484 1.403 1.320 1.237 1.152 1.058 0.961 0.865 0.772 0.680 0.589 0.509 0.661 0.824 0.998 1.183 1.380 1.589 1.808 2.039 2.282 2.536 2.801 3.083 3.568 4.051 4.534 5.016 5.496 5.976 6.454 6.932 7.408 7.883 8.357 8.825 8.981 9.141 9.307 9.478 9.655 9.837 10.024 10.217 10.415 10.618 10.826 11.039 10.875 10.678 10.446 10.181 9.882 9.549 9.182 8.782 8.348 7.880 7.378 6.843 6.477
0.909 0.981 1.050 1.119 1.185 1.250 1.314 1.376 1.436 1.495 1.540 1.572 1.483 1.384 1.286 1.190 1.095 1.002 0.911 0.821 0.733 0.647 0.562 0.479 0.641 0.844 1.058 1.284 1.520 1.769 2.028 2.299 2.581 2.875 3.180 3.496 3.959 4.439 4.918 5.396 5.873 6.348 6.823 7.297 7.769 8.241 8.711 9.180 9.391 9.570 9.755 9.945 10.140 10.340 10.546 10.757 10.974 11.196 11.423 11.655 11.440 11.124 10.775 10.391 9.974 9.524 9.039 8.521 7.969 7.384 6.764 6.111 5.745
1.008 1.073 1.138 1.218 1.288 1.347 1.395 1.432 1.459 1.474 1.479 1.472 1.397 1.304 1.211 1.121 1.032 0.945 0.859 0.775 0.693 0.612 0.533 0.456 0.610 0.852 1.106 1.372 1.648 1.936 2.236 2.547 2.869 3.202 3.547 3.903 4.351 4.827 5.302 5.776 6.249 6.721 7.192 7.662 8.131 8.599 9.065 9.531 9.796 9.994 10.197 10.405 10.619 10.838 11.062 11.292 11.527 11.767 12.013 12.263 12.037 11.603 11.136 10.635 10.100 9.531 8.929 8.292 7.654 7.032 6.427 5.838 5.545
1.276 1.340 1.394 1.436 1.468 1.488 1.498 1.497 1.485 1.463 1.429 1.384 1.310 1.222 1.135 1.051 0.967 0.886 0.806 0.728 0.651 0.576 0.503 0.431 0.566 0.849 1.143 1.448 1.764 2.092 2.431 2.782 3.144 3.517 3.901 4.297 4.743 5.215 5.687 6.157 6.627 7.095 7.562 8.028 8.493 8.957 9.420 9.882 10.195 10.411 10.633 10.860 11.092 11.329 11.572 11.820 12.074 12.333 12.597 12.866 12.575 11.879 11.200 10.537 9.891 9.261 8.647 8.050 7.469 6.904 6.356 5.824 5.513
1.620 1.646 1.661 1.666 1.659 1.641 1.613 1.574 1.524 1.463 1.391 1.308 1.221 1.138 1.058 0.978 0.901 0.825 0.751 0.678 0.607 0.538 0.471 0.404 0.511 0.833 1.167 1.512 1.868 2.236 2.615 3.005 3.407 3.820 4.244 4.680 5.135 5.604 6.072 6.539 7.004 7.469 7.932 8.395 8.856 9.316 9.775 10.233 10.588 10.822 11.063 11.308 11.559 11.716 11.810 11.897 11.979 12.054 12.122 12.185 11.919 11.280 10.658 10.052 9.463 8.890 8.333 7.793 7.268 6.761 6.269 5.794 5.476
1.976 1.964 1.940 1.906 1.862 1.806 1.739 1.662 1.574 1.475 1.365 1.244 1.130 1.053 0.978 0.905 0.833 0.763 0.694 0.628 0.562 0.499 0.437 0.376 0.444 0.806 1.179 1.564 1.960 2.367 2.786 3.216 3.657 4.110 4.574 5.049 5.528 5.994 6.458 6.921 7.382 7.843 8.303 8.762 9.219 9.676 10.042 10.369 10.621 10.725 10.822 10.912 10.997 11.075 11.147 11.213 11.273 11.326 11.373 11.414 11.248 10.667 10.101 9.553 9.020 8.504 8.004 7.520 7.053 6.602 6.168 5.749 5.435
2.343 2.292 2.231 2.159 2.076 1.982 1.878 1.762 1.636 1.499 1.351 1.192 1.037 0.966 0.897 0.829 0.763 0.699 0.636 0.575 0.516 0.458 0.401 0.347 0.365 0.767 1.180 1.604 2.040 2.487 2.945 3.415 3.896 4.388 4.892 5.407 5.922 6.383 6.844 7.226 7.589 7.941 8.284 8.616 8.939 9.252 9.554 9.847 10.096 10.177 10.253 10.322 10.385 10.441 10.492 10.536 10.574 10.605 10.631 10.650 10.563 10.038 9.530 9.038 8.562 8.103 7.660 7.233 6.823 6.428 6.051 5.689 5.388
2.718 2.633 2.533 2.423 2.302 2.170 2.027 1.874 1.709 1.534 1.348 1.151 0.943 0.878 0.815 0.753 0.692 0.633 0.576 0.521 0.467 0.415 0.364 0.315 0.274 0.715 1.168 1.632 2.108 2.594 3.093 3.601 4.087 4.565 5.035 5.497 5.949 6.307 6.655 6.992 7.320 7.638 7.946 8.244 8.532 8.810 9.077 9.335 9.577 9.637 9.690 9.738 9.779 9.814 9.843 9.866 9.882 9.892 9.896 9.893 9.863 9.395 8.943 8.508 8.089 7.687 7.301 6.931 6.577 6.240 5.918 5.614 5.337
3.053 2.984 2.847 2.699 2.540 2.370 2.189 1.997 1.795 1.581 1.357 1.122 0.877 0.788 0.730 0.674 0.619 0.566 0.515 0.465 0.417 0.370 0.326 0.282 0.247 0.691 1.196 1.693 2.183 2.665 3.139 3.605 4.063 4.514 4.957 5.392 5.819 6.153 6.466 6.769 7.062 7.346 7.619 7.882 8.135 8.378 8.611 8.834 9.048 9.103 9.135 9.161 9.181 9.194 9.201 9.202 9.197 9.186 9.168 9.144 9.114 8.737 8.342 7.964 7.602 7.256 6.926 6.613 6.316 6.036 5.771 5.523 5.291
3.383 3.348 3.172 2.986 2.789 2.581 2.362 2.132 1.892 1.640 1.378 1.105 0.822 0.697 0.644 0.594 0.545 0.511 0.507 0.504 0.503 0.504 0.506 0.510 0.515 0.865 1.343 1.813 2.276 2.730 3.177 3.616 4.047 4.471 4.887 5.295 5.695 6.010 6.288 6.557 6.815 7.063 7.302 7.530 7.749 7.957 8.155 8.344 8.522 8.576 8.587 8.591 8.589 8.581 8.567 8.546 8.519 8.486 8.447 8.401 8.350 8.064 7.726 7.404 7.099 6.810 6.537 6.281 6.040 5.816 5.609 5.417 5.242
3.707 3.723 3.509 3.285 3.049 2.803 2.546 2.279 2.000 1.711 1.428 1.156 0.879 0.748 0.743 0.740 0.738 0.738 0.740 0.743 0.747 0.753 0.761 0.770 0.781 1.047 1.498 1.941 2.376 2.804 3.223 3.635 4.040 4.436 4.825 5.206 5.579 5.877 6.121 6.354 6.578 6.792 6.995 7.189 7.373 7.546 7.710 7.864 8.008 8.057 8.045 8.028 8.005 7.975 7.939 7.897 7.848 7.794 7.733 7.666 7.592 7.376 7.095 6.830 6.582 6.349 6.133 5.933 5.749 5.582 5.431 5.296 5.178
4.026 4.109 3.857 3.606 3.355 3.099 2.836 2.567 2.293 2.012 1.726 1.433 1.135 0.952 0.953 0.955 0.959 0.964 0.971 0.979 0.989 1.000 1.014 1.028 1.044 1.237 1.660 2.076 2.485 2.885 3.278 3.663 4.040 4.409 4.771 5.124 5.470 5.755 5.963 6.162 6.351 6.530 6.699 6.858 7.007 7.146 7.275 7.395 7.504 7.544 7.511 7.472 7.427 7.376 7.318 7.254 7.184 7.108 7.026 6.937 6.842 6.674 6.449 6.241 6.049 5.873 5.714 5.571 5.497 5.528 5.581 5.656 5.752
4.423 4.583 4.323 4.057 3.785 3.507 3.224 2.934 2.638 2.337 2.030 1.716 1.397 1.154 1.160 1.168 1.177 1.188 1.200 1.214 1.229 1.246 1.264 1.284 1.306 1.434 1.831 2.220 2.601 2.974 3.340 3.698 4.048 4.390 4.725 5.051 5.370 5.642 5.816 5.981 6.135 6.279 6.413 6.538 6.652 6.757 6.851 6.936 7.010 7.037 6.983 6.923 6.856 6.783 6.704 6.619 6.527 6.430 6.326 6.216 6.099 6.013 5.967 5.942 5.940 5.959 6.000 6.064 6.149 6.256 6.385 6.537 6.710
4.867 5.081 4.800 4.513 4.221 3.922 3.617 3.307 2.990 2.668 2.340 2.005 1.665 1.354 1.366 1.379 1.393 1.409 1.427 1.446 1.467 1.489 1.513 1.539 1.566 1.639 2.009 2.371 2.725 3.071 3.410 3.741 4.064 4.379 4.686 4.986 5.278 5.540 5.680 5.809 5.929 6.038 6.138 6.228 6.308 6.378 6.437 6.487 6.527 6.538 6.462 6.380 6.292 6.198 6.364 6.634 6.797 6.853 6.803 6.646 6.382 6.109 6.139 6.191 6.264 6.360 6.478 6.618 6.779 6.963 7.168 7.396 7.645
