DATA/SHG/ECMWF/20170628/EN-21/20170706.en-21.asc
ncols        190
nrows        64
xllcorner    -5100000.000000000000
yllcorner    4130000.000000000000
cellsize     10000.000000000000
NODATA_value  -99999.000
[rows 0 to 32 of 64, columns 0 to 73 of 190]
0.339 0.364 0.389 0.414 0.439 0.464 0.489 0.515 0.541 0.563 0.585 0.609 0.633 0.659 0.685 0.713 0.742 0.772 0.803 0.828 0.850 0.868 0.885 0.901 0.916 0.932 0.947 0.961 0.975 0.988 1.001 1.014 1.026 1.002 0.956 0.912 0.868 0.826 0.785 0.745 0.706 0.669 0.632 0.597 0.563 0.536 0.516 0.495 0.475 0.456 0.437 0.418 0.399 0.381 0.364 0.346 0.329 0.321 0.324 0.326 0.328 0.329 0.331 0.332 0.333 0.333 0.334 0.334 0.334 0.376 0.491 0.608 0.729 0.852
0.260 0.285 0.311 0.336 0.362 0.387 0.413 0.439 0.465 0.491 0.517 0.544 0.572 0.598 0.622 0.646 0.669 0.690 0.710 0.729 0.746 0.762 0.777 0.792 0.806 0.820 0.833 0.846 0.858 0.870 0.881 0.892 0.903 0.888 0.847 0.806 0.767 0.729 0.692 0.656 0.621 0.588 0.556 0.524 0.494 0.469 0.450 0.431 0.412 0.394 0.376 0.359 0.341 0.325 0.308 0.292 0.277 0.267 0.269 0.270 0.271 0.272 0.272 0.272 0.272 0.272 0.272 0.271 0.270 0.300 0.425 0.554 0.685 0.820
0.181 0.207 0.233 0.258 0.286 0.317 0.347 0.376 0.404 0.431 0.456 0.480 0.503 0.525 0.546 0.565 0.583 0.601 0.616 0.631 0.644 0.657 0.671 0.684 0.696 0.708 0.720 0.731 0.742 0.752 0.762 0.771 0.780 0.774 0.736 0.700 0.665 0.631 0.598 0.566 0.535 0.506 0.478 0.451 0.425 0.402 0.383 0.366 0.349 0.332 0.315 0.299 0.283 0.268 0.253 0.238 0.224 0.213 0.214 0.214 0.214 0.214 0.214 0.213 0.213 0.212 0.210 0.209 0.216 0.240 0.385 0.532 0.682 0.834
0.130 0.162 0.192 0.222 0.250 0.278 0.304 0.329 0.354 0.377 0.398 0.418 0.437 0.454 0.471 0.486 0.500 0.513 0.524 0.535 0.544 0.553 0.565 0.576 0.587 0.598 0.608 0.617 0.627 0.635 0.643 0.651 0.658 0.658 0.625 0.592 0.561 0.531 0.502 0.475 0.448 0.423 0.399 0.376 0.354 0.334 0.317 0.301 0.285 0.269 0.254 0.239 0.225 0.211 0.197 0.184 0.171 0.159 0.159 0.159 0.159 0.169 0.179 0.188 0.196 0.205 0.212 0.219 0.225 0.231 0.382 0.538 0.696 0.856
0.111 0.139 0.165 0.191 0.216 0.240 0.262 0.284 0.305 0.324 0.341 0.357 0.371 0.385 0.397 0.408 0.418 0.426 0.434 0.440 0.445 0.449 0.460 0.469 0.479 0.488 0.496 0.504 0.512 0.519 0.525 0.532 0.537 0.541 0.512 0.484 0.457 0.431 0.406 0.383 0.360 0.339 0.319 0.300 0.282 0.266 0.250 0.235 0.221 0.207 0.193 0.179 0.166 0.157 0.160 0.161 0.160 0.157 0.166 0.175 0.184 0.192 0.200 0.207 0.214 0.220 0.225 0.230 0.235 0.238 0.377 0.541 0.707 0.876
0.093 0.117 0.140 0.162 0.183 0.203 0.222 0.240 0.257 0.273 0.285 0.297 0.307 0.316 0.324 0.331 0.337 0.341 0.344 0.346 0.347 0.347 0.355 0.363 0.371 0.378 0.385 0.392 0.398 0.403 0.408 0.413 0.417 0.420 0.398 0.374 0.351 0.329 0.309 0.289 0.271 0.254 0.238 0.223 0.209 0.197 0.193 0.202 0.209 0.214 0.217 0.219 0.219 0.217 0.213 0.208 0.200 0.191 0.195 0.203 0.210 0.216 0.222 0.227 0.232 0.236 0.239 0.242 0.245 0.246 0.369 0.542 0.717 0.894
0.076 0.096 0.116 0.134 0.151 0.168 0.183 0.197 0.210 0.222 0.231 0.238 0.245 0.250 0.253 0.256 0.257 0.258 0.257 0.254 0.251 0.246 0.251 0.258 0.264 0.270 0.275 0.280 0.284 0.288 0.291 0.294 0.297 0.299 0.284 0.264 0.245 0.227 0.211 0.206 0.213 0.223 0.235 0.250 0.268 0.289 0.298 0.301 0.302 0.301 0.298 0.293 0.287 0.278 0.268 0.256 0.243 0.227 0.225 0.231 0.236 0.240 0.244 0.247 0.250 0.252 0.254 0.255 0.255 0.255 0.359 0.540 0.723 0.909
0.060 0.077 0.092 0.107 0.121 0.133 0.145 0.155 0.165 0.173 0.178 0.181 0.183 0.184 0.184 0.182 0.179 0.175 0.170 0.164 0.156 0.147 0.148 0.153 0.157 0.161 0.165 0.168 0.171 0.173 0.175 0.177 0.189 0.204 0.211 0.213 0.218 0.227 0.238 0.251 0.268 0.287 0.309 0.334 0.362 0.392 0.406 0.402 0.396 0.389 0.380 0.369 0.356 0.341 0.325 0.307 0.287 0.265 0.256 0.259 0.262 0.265 0.266 0.268 0.269 0.269 0.268 0.267 0.266 0.264 0.347 0.536 0.728 0.922
0.045 0.058 0.070 0.081 0.091 0.100 0.108 0.115 0.120 0.125 0.127 0.126 0.123 0.120 0.115 0.110 0.103 0.095 0.085 0.075 0.063 0.050 0.045 0.048 0.051 0.067 0.083 0.100 0.115 0.131 0.146 0.162 0.176 0.191 0.204 0.216 0.231 0.249 0.270 0.293 0.320 0.349 0.381 0.415 0.453 0.493 0.514 0.504 0.492 0.479 0.463 0.446 0.427 0.406 0.383 0.359 0.333 0.305 0.287 0.288 0.289 0.290 0.290 0.289 0.288 0.286 0.284 0.281 0.277 0.273 0.333 0.530 0.730 0.933
0.032 0.041 0.050 0.057 0.063 0.068 0.072 0.075 0.077 0.078 0.077 0.071 0.065 0.057 0.049 0.039 0.027 0.016 0.014 0.012 0.010 0.008 0.013 0.029 0.045 0.061 0.076 0.092 0.107 0.121 0.136 0.150 0.164 0.178 0.194 0.216 0.241 0.269 0.299 0.333 0.369 0.408 0.449 0.494 0.541 0.591 0.625 0.608 0.590 0.570 0.548 0.525 0.499 0.472 0.443 0.413 0.380 0.346 0.318 0.318 0.317 0.315 0.313 0.311 0.308 0.304 0.300 0.295 0.289 0.283 0.316 0.522 0.730 0.941
0.020 0.025 0.030 0.034 0.036 0.038 0.038 0.037 0.036 0.033 0.030 0.028 0.026 0.024 0.022 0.020 0.018 0.016 0.014 0.012 0.010 0.008 0.010 0.025 0.040 0.055 0.070 0.084 0.098 0.112 0.126 0.139 0.153 0.166 0.181 0.213 0.248 0.286 0.326 0.369 0.415 0.463 0.515 0.569 0.626 0.686 0.737 0.714 0.690 0.663 0.635 0.605 0.574 0.540 0.505 0.468 0.429 0.389 0.350 0.348 0.345 0.342 0.338 0.333 0.328 0.322 0.316 0.309 0.302 0.294 0.297 0.512 0.728 0.947
0.009 0.011 0.012 0.013 0.016 0.019 0.021 0.024 0.026 0.027 0.029 0.026 0.024 0.022 0.020 0.018 0.017 0.015 0.013 0.011 0.009 0.007 0.006 0.021 0.035 0.049 0.063 0.077 0.090 0.103 0.116 0.129 0.141 0.153 0.166 0.208 0.252 0.300 0.350 0.402 0.458 0.516 0.577 0.641 0.708 0.778 0.850 0.821 0.791 0.758 0.724 0.688 0.650 0.610 0.569 0.525 0.480 0.433 0.385 0.378 0.374 0.368 0.362 0.356 0.349 0.341 0.333 0.340 0.358 0.376 0.394 0.602 0.816 1.021
0.009 0.012 0.014 0.017 0.019 0.021 0.022 0.024 0.025 0.026 0.027 0.025 0.023 0.021 0.019 0.017 0.015 0.014 0.012 0.010 0.008 0.006 0.005 0.017 0.031 0.044 0.057 0.070 0.082 0.094 0.106 0.118 0.130 0.141 0.152 0.199 0.254 0.311 0.370 0.433 0.498 0.566 0.637 0.711 0.787 0.867 0.949 0.930 0.893 0.855 0.814 0.772 0.727 0.681 0.634 0.584 0.533 0.480 0.425 0.410 0.421 0.441 0.460 0.479 0.497 0.516 0.534 0.551 0.569 0.586 0.603 0.756 0.938 1.110
0.015 0.017 0.019 0.020 0.022 0.023 0.024 0.024 0.025 0.025 0.025 0.024 0.022 0.020 0.018 0.016 0.014 0.013 0.011 0.009 0.007 0.006 0.004 0.014 0.026 0.039 0.051 0.063 0.074 0.086 0.097 0.108 0.119 0.129 0.140 0.188 0.252 0.319 0.388 0.461 0.536 0.613 0.694 0.777 0.864 0.953 1.044 1.041 0.998 0.953 0.906 0.857 0.807 0.763 0.725 0.691 0.662 0.636 0.615 0.622 0.640 0.659 0.677 0.695 0.712 0.729 0.746 0.763 0.779 0.795 0.811 0.919 1.068 1.207
0.021 0.023 0.024 0.024 0.025 0.025 0.025 0.025 0.025 0.025 0.024 0.022 0.020 0.019 0.017 0.015 0.013 0.012 0.010 0.008 0.007 0.005 0.003 0.010 0.022 0.034 0.045 0.056 0.067 0.078 0.088 0.098 0.108 0.118 0.127 0.174 0.248 0.324 0.403 0.485 0.570 0.658 0.748 0.841 0.937 1.036 1.129 1.138 1.090 1.046 1.006 0.970 0.938 0.910 0.887 0.867 0.852 0.841 0.834 0.842 0.859 0.877 0.894 0.910 0.927 0.943 0.959 0.974 0.989 1.004 1.019 1.090 1.206 1.313
0.028 0.028 0.028 0.028 0.028 0.028 0.027 0.026 0.025 0.024 0.023 0.021 0.019 0.017 0.016 0.014 0.012 0.011 0.009 0.007 0.006 0.004 0.003 0.007 0.018 0.029 0.039 0.050 0.060 0.070 0.079 0.088 0.098 0.106 0.115 0.157 0.240 0.327 0.418 0.520 0.620 0.718 0.812 0.904 0.994 1.080 1.164 1.194 1.160 1.131 1.105 1.084 1.066 1.053 1.044 1.039 1.038 1.041 1.049 1.062 1.078 1.094 1.110 1.126 1.141 1.156 1.171 1.185 1.200 1.213 1.227 1.270 1.354 1.428
0.034 0.034 0.034 0.033 0.032 0.031 0.029 0.028 0.026 0.024 0.022 0.019 0.018 0.016 0.014 0.013 0.011 0.010 0.008 0.006 0.005 0.003 0.002 0.004 0.015 0.024 0.034 0.044 0.053 0.062 0.071 0.084 0.112 0.143 0.177 0.235 0.336 0.435 0.531 0.624 0.715 0.803 0.888 0.971 1.050 1.127 1.202 1.246 1.227 1.211 1.200 1.193 1.190 1.191 1.197 1.206 1.220 1.237 1.259 1.282 1.297 1.312 1.327 1.342 1.356 1.370 1.383 1.397 1.410 1.423 1.435 1.459 1.510 1.551
0.041 0.040 0.039 0.037 0.036 0.034 0.032 0.029 0.027 0.024 0.021 0.018 0.016 0.015 0.013 0.012 0.010 0.009 0.007 0.006 0.004 0.003 0.001 0.002 0.014 0.031 0.051 0.075 0.101 0.131 0.163 0.199 0.237 0.279 0.324 0.379 0.471 0.561 0.647 0.731 0.812 0.891 0.966 1.039 1.110 1.177 1.242 1.294 1.289 1.288 1.291 1.298 1.310 1.325 1.345 1.369 1.397 1.429 1.465 1.502 1.516 1.530 1.544 1.557 1.570 1.583 1.596 1.608 1.620 1.632 1.643 1.656 1.674 1.683
0.048 0.047 0.045 0.042 0.040 0.037 0.034 0.031 0.028 0.024 0.020 0.016 0.015 0.013 0.012 0.010 0.009 0.009 0.010 0.011 0.014 0.017 0.020 0.025 0.050 0.078 0.109 0.143 0.180 0.220 0.264 0.310 0.359 0.412 0.467 0.526 0.609 0.689 0.766 0.840 0.912 0.981 1.047 1.111 1.172 1.230 1.285 1.337 1.347 1.360 1.378 1.400 1.425 1.455 1.489 1.528 1.570 1.616 1.667 1.721 1.735 1.748 1.760 1.773 1.785 1.797 1.808 1.819 1.830 1.841 1.851 1.861 1.847 1.823
0.056 0.053 0.050 0.047 0.044 0.041 0.037 0.033 0.029 0.025 0.020 0.015 0.014 0.014 0.015 0.016 0.018 0.021 0.024 0.028 0.033 0.038 0.044 0.050 0.083 0.122 0.163 0.208 0.256 0.307 0.361 0.418 0.478 0.541 0.607 0.676 0.749 0.819 0.887 0.952 1.014 1.074 1.130 1.185 1.236 1.285 1.331 1.374 1.400 1.428 1.460 1.496 1.537 1.581 1.629 1.682 1.739 1.800 1.864 1.933 1.954 1.965 1.977 1.988 1.999 2.010 2.021 2.031 2.041 2.050 2.059 2.068 2.029 1.972
0.063 0.060 0.056 0.051 0.047 0.042 0.037 0.032 0.028 0.023 0.019 0.014 0.014 0.017 0.020 0.023 0.028 0.032 0.038 0.044 0.051 0.059 0.067 0.075 0.113 0.162 0.214 0.270 0.329 0.390 0.455 0.522 0.593 0.667 0.744 0.824 0.892 0.953 1.011 1.066 1.119 1.169 1.216 1.261 1.303 1.342 1.379 1.413 1.450 1.492 1.539 1.589 1.644 1.702 1.765 1.832 1.903 1.978 2.058 2.141 2.172 2.183 2.194 2.204 2.214 2.224 2.233 2.221 2.178 2.136 2.095 2.056 1.972 1.871
0.063 0.058 0.053 0.049 0.044 0.039 0.035 0.030 0.026 0.022 0.017 0.013 0.014 0.018 0.024 0.029 0.036 0.043 0.051 0.060 0.069 0.078 0.089 0.100 0.139 0.199 0.262 0.328 0.398 0.470 0.545 0.624 0.705 0.789 0.877 0.968 1.037 1.088 1.137 1.183 1.226 1.267 1.305 1.340 1.373 1.403 1.430 1.454 1.495 1.552 1.613 1.678 1.747 1.820 1.897 1.978 2.063 2.153 2.247 2.344 2.361 2.313 2.266 2.220 2.176 2.133 2.092 2.052 2.013 1.976 1.940 1.906 1.835 1.740
0.060 0.055 0.050 0.046 0.041 0.037 0.033 0.028 0.024 0.020 0.016 0.012 0.013 0.019 0.027 0.035 0.044 0.053 0.063 0.074 0.086 0.098 0.110 0.124 0.162 0.233 0.307 0.384 0.464 0.547 0.632 0.722 0.814 0.909 1.007 1.108 1.185 1.227 1.266 1.303 1.336 1.368 1.396 1.422 1.445 1.466 1.483 1.499 1.537 1.608 1.683 1.762 1.845 1.919 1.978 2.031 2.076 2.114 2.144 2.167 2.156 2.112 2.070 2.029 1.990 1.952 1.916 1.881 1.847 1.815 1.784 1.755 1.698 1.607
0.056 0.052 0.047 0.043 0.039 0.034 0.030 0.026 0.022 0.018 0.014 0.011 0.011 0.020 0.029 0.040 0.051 0.063 0.075 0.088 0.102 0.116 0.131 0.147 0.182 0.264 0.348 0.436 0.526 0.620 0.716 0.816 0.919 1.025 1.133 1.245 1.335 1.367 1.397 1.425 1.449 1.471 1.490 1.506 1.520 1.531 1.542 1.557 1.593 1.664 1.728 1.784 1.833 1.874 1.908 1.935 1.954 1.966 1.971 1.968 1.949 1.911 1.873 1.838 1.803 1.770 1.739 1.709 1.680 1.653 1.627 1.603 1.559 1.474
0.052 0.048 0.044 0.040 0.036 0.032 0.028 0.024 0.020 0.017 0.013 0.009 0.008 0.019 0.031 0.044 0.057 0.071 0.086 0.101 0.117 0.134 0.151 0.169 0.199 0.291 0.386 0.484 0.586 0.690 0.797 0.907 1.021 1.137 1.257 1.379 1.488 1.511 1.531 1.533 1.536 1.543 1.553 1.566 1.582 1.602 1.625 1.652 1.685 1.730 1.768 1.798 1.821 1.837 1.845 1.846 1.840 1.826 1.805 1.776 1.741 1.708 1.676 1.645 1.615 1.588 1.561 1.536 1.512 1.490 1.469 1.450 1.419 1.339
0.050 0.045 0.041 0.037 0.033 0.029 0.026 0.022 0.018 0.015 0.011 0.008 0.004 0.018 0.032 0.047 0.063 0.079 0.096 0.114 0.132 0.151 0.170 0.191 0.212 0.315 0.421 0.530 0.642 0.756 0.874 0.995 1.099 1.202 1.305 1.407 1.507 1.511 1.519 1.531 1.546 1.564 1.585 1.610 1.638 1.670 1.705 1.743 1.784 1.803 1.815 1.820 1.817 1.807 1.790 1.765 1.733 1.693 1.647 1.592 1.533 1.504 1.477 1.451 1.426 1.403 1.382 1.362 1.343 1.326 1.310 1.295 1.278 1.203
0.066 0.041 0.037 0.034 0.030 0.027 0.023 0.020 0.016 0.013 0.010 0.006 0.003 0.016 0.033 0.050 0.068 0.087 0.106 0.126 0.146 0.167 0.189 0.211 0.234 0.327 0.432 0.536 0.640 0.743 0.846 0.949 1.051 1.153 1.254 1.355 1.455 1.482 1.502 1.525 1.551 1.581 1.614 1.651 1.691 1.734 1.780 1.830 1.884 1.883 1.870 1.849 1.820 1.785 1.742 1.691 1.633 1.568 1.496 1.416 1.329 1.299 1.277 1.256 1.236 1.218 1.202 1.186 1.173 1.160 1.149 1.140 1.131 1.066
0.090 0.038 0.034 0.031 0.027 0.024 0.021 0.017 0.014 0.011 0.008 0.005 0.002 0.014 0.033 0.052 0.072 0.104 0.151 0.189 0.216 0.233 0.239 0.236 0.222 0.290 0.394 0.497 0.599 0.701 0.803 0.904 1.004 1.104 1.204 1.303 1.402 1.449 1.481 1.515 1.554 1.595 1.640 1.688 1.740 1.795 1.853 1.914 1.979 1.971 1.932 1.885 1.831 1.769 1.701 1.625 1.541 1.450 1.352 1.247 1.134 1.093 1.076 1.060 1.045 1.032 1.020 1.010 1.001 0.994 0.988 0.983 0.980 0.928
0.121 0.034 0.031 0.027 0.024 0.021 0.018 0.015 0.012 0.009 0.029 0.082 0.142 0.204 0.257 0.300 0.332 0.354 0.366 0.367 0.358 0.339 0.310 0.271 0.221 0.255 0.356 0.458 0.559 0.659 0.759 0.859 0.958 1.056 1.154 1.252 1.349 1.413 1.456 1.503 1.552 1.606 1.662 1.722 1.785 1.852 1.922 1.995 2.072 2.066 2.001 1.928 1.849 1.762 1.667 1.565 1.456 1.340 1.216 1.085 0.946 0.886 0.873 0.862 0.853 0.845 0.838 0.833 0.829 0.826 0.825 0.825 0.827 0.788
0.160 0.030 0.027 0.038 0.064 0.098 0.139 0.188 0.244 0.307 0.379 0.457 0.544 0.609 0.626 0.632 0.629 0.615 0.590 0.556 0.511 0.457 0.392 0.316 0.231 0.219 0.320 0.419 0.519 0.618 0.716 0.814 0.912 1.009 1.105 1.201 1.297 1.373 1.428 1.486 1.548 1.613 1.681 1.753 1.828 1.906 1.987 2.072 2.161 2.168 2.077 1.979 1.874 1.761 1.641 1.513 1.379 1.237 1.087 0.930 0.766 0.678 0.670 0.664 0.659 0.656 0.654 0.654 0.674 0.713 0.737 0.747 0.741 0.711
0.245 0.113 0.150 0.195 0.247 0.307 0.374 0.449 0.532 0.622 0.719 0.824 0.937 1.024 1.005 0.975 0.936 0.886 0.826 0.756 0.675 0.585 0.484 0.373 0.251 0.185 0.283 0.382 0.479 0.577 0.674 0.770 0.866 0.962 1.057 1.151 1.246 1.330 1.397 1.467 1.540 1.617 1.696 1.780 1.866 1.956 2.049 2.146 2.246 2.277 2.160 2.037 1.906 1.767 1.622 1.469 1.308 1.141 0.966 0.783 0.594 0.520 0.613 0.690 0.752 0.799 0.831 0.848 0.850 0.837 0.809 0.766 0.708 0.651
0.344 0.207 0.271 0.342 0.421 0.507 0.601 0.702 0.811 0.928 1.051 1.183 1.322 1.449 1.394 1.329 1.253 1.168 1.072 0.966 0.850 0.723 0.587 0.440 0.283 0.150 0.248 0.344 0.440 0.536 0.632 0.727 0.821 0.915 1.009 1.102 1.194 1.284 1.362 1.444 1.529 1.617 1.708 1.803 1.902 2.003 2.108 2.216 2.328 2.393 2.251 2.102 1.945 1.781 1.623 1.488 1.371 1.272 1.192 1.131 1.088 1.078 1.118 1.143 1.153 1.148 1.127 1.092 1.041 0.976 0.895 0.800 0.689 0.590
0.434 0.312 0.384 0.481 0.587 0.699 0.819 0.947 1.082 1.225 1.375 1.533 1.698 1.871 1.794 1.693 1.582 1.460 1.329 1.187 1.035 0.873 0.700 0.517 0.325 0.122 0.212 0.307 0.402 0.496 0.590 0.684 0.776 0.869 0.961 1.053 1.144 1.234 1.324 1.417 1.514 1.614 1.717 1.824 1.933 2.047 2.163 2.262 2.343 2.399 2.236 2.091 1.964 1.856 1.767 1.695 1.643 1.608 1.592 1.595 1.616 1.650 1.638 1.610 1.568 1.510 1.437 1.349 1.246 1.129 0.996 0.848 0.685 0.528
