DATA/SHG/ECMWF/20170628/EN-21/20170701.en-21.asc
ncols        190
nrows        64
xllcorner    -5100000.000000000000
yllcorner    4130000.000000000000
cellsize     10000.000000000000
NODATA_value  -99999.000
[rows 0 to 31 of 64, columns 0 to 73 of 190]
1.357 1.393 1.429 1.465 1.500 1.535 1.569 1.603 1.637 1.620 1.584 1.541 1.493 1.439 1.380 1.315 1.244 1.168 1.086 1.035 0.992 0.969 0.957 0.948 0.939 0.933 0.928 0.925 0.923 0.923 0.925 0.928 0.933 1.009 1.127 1.239 1.345 1.445 1.539 1.627 1.709 1.785 1.855 1.920 1.978 2.010 2.020 2.025 2.026 2.021 2.011 1.996 1.976 1.952 1.922 1.888 1.848 1.799 1.742 1.684 1.624 1.563 1.501 1.437 1.372 1.306 1.238 1.169 1.099 1.046 1.026 1.012 1.003 0.999
1.198 1.233 1.268 1.302 1.336 1.369 1.402 1.434 1.466 1.447 1.390 1.328 1.301 1.271 1.237 1.199 1.158 1.113 1.064 1.010 0.953 0.922 0.916 0.912 0.910 0.909 0.910 0.912 0.916 0.922 0.929 0.938 0.949 1.002 1.099 1.190 1.275 1.354 1.427 1.494 1.555 1.610 1.659 1.702 1.740 1.758 1.751 1.738 1.721 1.699 1.672 1.639 1.602 1.560 1.513 1.462 1.405 1.344 1.282 1.219 1.155 1.089 1.022 0.954 0.884 0.813 0.741 0.667 0.592 0.534 0.532 0.536 0.545 0.558
1.041 1.075 1.108 1.140 1.178 1.240 1.307 1.378 1.454 1.483 1.452 1.416 1.376 1.333 1.285 1.234 1.179 1.120 1.057 0.990 0.919 0.874 0.874 0.876 0.879 0.884 0.890 0.898 0.908 0.919 0.932 0.947 0.963 1.000 1.076 1.146 1.210 1.268 1.320 1.367 1.407 1.441 1.469 1.491 1.508 1.511 1.486 1.456 1.422 1.382 1.338 1.288 1.234 1.174 1.110 1.041 0.967 0.891 0.824 0.757 0.688 0.618 0.546 0.473 0.399 0.323 0.246 0.168 0.155 0.158 0.238 0.315 0.390 0.463
0.947 1.007 1.072 1.141 1.215 1.293 1.375 1.461 1.552 1.604 1.559 1.509 1.456 1.399 1.337 1.272 1.204 1.131 1.054 0.974 0.889 0.824 0.830 0.837 0.846 0.857 0.869 0.883 0.898 0.915 0.934 0.954 0.976 1.005 1.060 1.109 1.152 1.189 1.220 1.246 1.265 1.278 1.285 1.287 1.282 1.269 1.227 1.180 1.128 1.071 1.009 0.942 0.871 0.794 0.712 0.626 0.534 0.439 0.368 0.296 0.227 0.217 0.207 0.198 0.190 0.183 0.177 0.172 0.168 0.165 0.236 0.307 0.375 0.442
0.918 0.994 1.074 1.159 1.247 1.341 1.438 1.540 1.645 1.729 1.670 1.607 1.540 1.469 1.394 1.315 1.233 1.146 1.056 0.962 0.864 0.773 0.784 0.797 0.812 0.828 0.846 0.865 0.886 0.909 0.933 0.959 0.986 1.016 1.050 1.078 1.100 1.116 1.126 1.131 1.129 1.122 1.108 1.089 1.063 1.032 0.973 0.909 0.839 0.765 0.686 0.602 0.513 0.430 0.381 0.334 0.288 0.243 0.230 0.220 0.212 0.205 0.198 0.193 0.188 0.185 0.183 0.181 0.181 0.181 0.237 0.301 0.362 0.422
0.885 0.976 1.072 1.171 1.275 1.383 1.496 1.613 1.734 1.858 1.785 1.708 1.627 1.543 1.454 1.362 1.266 1.165 1.061 0.954 0.842 0.726 0.737 0.755 0.776 0.798 0.821 0.846 0.873 0.901 0.931 0.963 0.996 1.030 1.046 1.053 1.054 1.049 1.039 1.022 1.000 0.971 0.937 0.896 0.850 0.798 0.734 0.680 0.628 0.577 0.528 0.480 0.433 0.388 0.344 0.301 0.260 0.220 0.206 0.200 0.196 0.192 0.189 0.187 0.186 0.186 0.187 0.189 0.192 0.196 0.240 0.296 0.351 0.404
0.847 0.953 1.064 1.179 1.298 1.422 1.549 1.681 1.818 1.958 1.904 1.814 1.719 1.621 1.519 1.413 1.303 1.189 1.071 0.950 0.824 0.695 0.688 0.712 0.738 0.765 0.795 0.825 0.858 0.892 0.927 0.965 1.003 1.044 1.048 1.034 1.014 0.989 0.957 0.921 0.884 0.847 0.811 0.774 0.738 0.702 0.656 0.607 0.560 0.514 0.469 0.426 0.384 0.344 0.305 0.267 0.231 0.196 0.182 0.180 0.178 0.178 0.178 0.180 0.182 0.186 0.191 0.196 0.203 0.210 0.244 0.294 0.342 0.388
0.805 0.926 1.052 1.182 1.316 1.455 1.598 1.745 1.896 2.052 2.027 1.923 1.815 1.703 1.587 1.468 1.344 1.217 1.085 0.950 0.811 0.668 0.637 0.667 0.699 0.732 0.767 0.803 0.841 0.881 0.922 0.965 1.001 1.030 1.018 0.981 0.944 0.907 0.870 0.834 0.797 0.761 0.725 0.689 0.653 0.618 0.577 0.533 0.490 0.449 0.410 0.371 0.334 0.299 0.265 0.232 0.201 0.171 0.157 0.158 0.160 0.163 0.167 0.172 0.178 0.185 0.193 0.202 0.212 0.223 0.250 0.293 0.334 0.374
0.757 0.894 1.035 1.180 1.330 1.483 1.641 1.804 1.970 2.141 2.155 2.037 1.915 1.789 1.660 1.527 1.389 1.248 1.103 0.955 0.802 0.646 0.585 0.620 0.658 0.709 0.756 0.799 0.835 0.867 0.894 0.915 0.931 0.941 0.928 0.892 0.855 0.819 0.783 0.747 0.711 0.675 0.639 0.604 0.569 0.533 0.496 0.457 0.420 0.384 0.349 0.315 0.283 0.253 0.224 0.196 0.169 0.144 0.130 0.135 0.141 0.147 0.155 0.163 0.173 0.183 0.195 0.207 0.221 0.236 0.258 0.294 0.329 0.361
0.705 0.857 1.013 1.174 1.338 1.507 1.680 1.858 2.040 2.226 2.286 2.154 2.019 1.880 1.737 1.590 1.439 1.285 1.135 0.990 0.852 0.719 0.655 0.699 0.739 0.773 0.802 0.826 0.844 0.857 0.865 0.868 0.866 0.858 0.839 0.802 0.767 0.731 0.695 0.660 0.624 0.589 0.554 0.519 0.484 0.449 0.415 0.381 0.348 0.317 0.287 0.258 0.231 0.205 0.181 0.158 0.136 0.116 0.103 0.111 0.120 0.130 0.142 0.154 0.167 0.181 0.196 0.212 0.229 0.247 0.268 0.297 0.325 0.350
0.649 0.816 0.987 1.162 1.342 1.526 1.715 1.907 2.104 2.305 2.411 2.241 2.077 1.919 1.766 1.619 1.478 1.342 1.213 1.088 0.970 0.857 0.779 0.805 0.826 0.842 0.853 0.858 0.858 0.853 0.843 0.827 0.807 0.781 0.749 0.713 0.678 0.643 0.607 0.572 0.538 0.503 0.468 0.434 0.399 0.365 0.332 0.302 0.275 0.248 0.223 0.200 0.177 0.156 0.137 0.119 0.102 0.087 0.075 0.087 0.099 0.113 0.127 0.143 0.159 0.177 0.195 0.215 0.235 0.257 0.279 0.302 0.323 0.342
0.587 0.769 0.956 1.148 1.339 1.524 1.703 1.875 2.041 2.201 2.322 2.173 2.029 1.890 1.758 1.631 1.510 1.394 1.284 1.180 1.082 0.989 0.909 0.917 0.919 0.917 0.909 0.896 0.878 0.854 0.826 0.792 0.753 0.708 0.659 0.624 0.589 0.555 0.520 0.485 0.451 0.417 0.383 0.349 0.315 0.281 0.247 0.223 0.200 0.179 0.158 0.140 0.122 0.106 0.092 0.078 0.067 0.056 0.047 0.061 0.077 0.094 0.112 0.131 0.151 0.172 0.194 0.229 0.276 0.326 0.379 0.434 0.494 0.560
0.619 0.806 0.988 1.163 1.332 1.495 1.651 1.802 1.946 2.084 2.216 2.098 1.974 1.856 1.743 1.636 1.535 1.440 1.350 1.266 1.188 1.115 1.048 1.033 1.017 0.996 0.970 0.939 0.902 0.861 0.814 0.762 0.704 0.642 0.574 0.535 0.501 0.466 0.432 0.398 0.364 0.331 0.297 0.263 0.230 0.197 0.164 0.142 0.124 0.108 0.092 0.079 0.066 0.055 0.045 0.037 0.030 0.024 0.020 0.035 0.063 0.099 0.138 0.180 0.225 0.273 0.324 0.379 0.436 0.497 0.562 0.633 0.710 0.792
0.705 0.871 1.031 1.184 1.331 1.472 1.607 1.736 1.858 1.974 2.084 2.017 1.913 1.815 1.722 1.636 1.555 1.479 1.409 1.345 1.287 1.234 1.188 1.155 1.121 1.082 1.037 0.988 0.933 0.873 0.807 0.737 0.661 0.580 0.494 0.446 0.412 0.378 0.345 0.311 0.278 0.244 0.211 0.178 0.145 0.113 0.080 0.061 0.047 0.036 0.025 0.016 0.008 0.012 0.019 0.027 0.036 0.046 0.057 0.089 0.132 0.179 0.228 0.281 0.338 0.397 0.459 0.525 0.594 0.666 0.741 0.827 0.921 1.019
0.799 0.943 1.081 1.212 1.338 1.457 1.570 1.676 1.777 1.871 1.959 1.930 1.846 1.768 1.696 1.629 1.568 1.513 1.463 1.419 1.380 1.348 1.321 1.282 1.230 1.172 1.109 1.042 0.968 0.890 0.806 0.718 0.624 0.525 0.420 0.357 0.324 0.290 0.257 0.224 0.191 0.158 0.126 0.093 0.061 0.029 0.010 0.003 0.008 0.013 0.019 0.027 0.035 0.044 0.055 0.066 0.079 0.093 0.107 0.143 0.197 0.255 0.316 0.380 0.447 0.518 0.591 0.668 0.748 0.831 0.917 1.016 1.126 1.242
0.899 1.021 1.137 1.247 1.350 1.448 1.539 1.624 1.702 1.775 1.841 1.838 1.774 1.716 1.663 1.616 1.575 1.540 1.510 1.486 1.468 1.455 1.448 1.415 1.344 1.268 1.187 1.101 1.009 0.913 0.811 0.704 0.592 0.474 0.352 0.268 0.235 0.202 0.172 0.157 0.140 0.123 0.105 0.086 0.065 0.044 0.022 0.012 0.020 0.029 0.039 0.050 0.062 0.075 0.090 0.105 0.121 0.138 0.157 0.194 0.260 0.328 0.400 0.476 0.554 0.635 0.720 0.808 0.899 0.993 1.090 1.200 1.327 1.460
1.006 1.106 1.201 1.288 1.370 1.446 1.515 1.578 1.635 1.686 1.730 1.739 1.695 1.657 1.624 1.597 1.576 1.561 1.551 1.547 1.549 1.556 1.569 1.552 1.463 1.369 1.270 1.165 1.056 0.941 0.821 0.696 0.574 0.456 0.343 0.263 0.247 0.230 0.212 0.194 0.174 0.153 0.132 0.109 0.086 0.061 0.036 0.020 0.032 0.044 0.058 0.073 0.088 0.105 0.123 0.142 0.162 0.183 0.205 0.242 0.319 0.399 0.482 0.568 0.657 0.750 0.846 0.945 1.047 1.152 1.260 1.379 1.524 1.673
1.120 1.198 1.270 1.337 1.396 1.450 1.498 1.539 1.574 1.603 1.626 1.634 1.610 1.592 1.579 1.573 1.572 1.576 1.586 1.602 1.624 1.651 1.684 1.695 1.573 1.435 1.302 1.173 1.048 0.928 0.813 0.702 0.595 0.493 0.395 0.314 0.295 0.275 0.254 0.231 0.208 0.184 0.159 0.133 0.107 0.079 0.050 0.027 0.042 0.059 0.076 0.094 0.114 0.134 0.155 0.178 0.202 0.226 0.252 0.287 0.375 0.466 0.560 0.657 0.757 0.861 0.968 1.078 1.191 1.307 1.427 1.554 1.715 1.881
1.240 1.297 1.347 1.391 1.430 1.461 1.487 1.507 1.520 1.527 1.528 1.523 1.519 1.521 1.529 1.542 1.561 1.576 1.585 1.592 1.597 1.599 1.599 1.592 1.465 1.343 1.225 1.112 1.003 0.898 0.798 0.703 0.612 0.525 0.443 0.366 0.344 0.320 0.296 0.270 0.244 0.216 0.188 0.159 0.129 0.097 0.065 0.033 0.052 0.072 0.093 0.115 0.138 0.162 0.187 0.213 0.240 0.269 0.298 0.328 0.427 0.529 0.635 0.743 0.854 0.969 1.087 1.208 1.332 1.460 1.590 1.724 1.901 2.084
1.367 1.402 1.430 1.453 1.469 1.480 1.484 1.481 1.473 1.459 1.442 1.428 1.440 1.452 1.462 1.470 1.476 1.480 1.481 1.480 1.476 1.471 1.463 1.453 1.353 1.246 1.144 1.046 0.953 0.864 0.779 0.699 0.624 0.552 0.486 0.424 0.394 0.367 0.339 0.310 0.280 0.249 0.218 0.185 0.152 0.117 0.081 0.045 0.060 0.084 0.108 0.134 0.161 0.188 0.217 0.247 0.278 0.310 0.343 0.377 0.477 0.590 0.706 0.826 0.948 1.074 1.203 1.335 1.470 1.609 1.750 1.895 2.083 2.282
1.500 1.513 1.520 1.495 1.472 1.452 1.434 1.418 1.406 1.395 1.387 1.382 1.386 1.390 1.393 1.393 1.391 1.386 1.379 1.370 1.359 1.345 1.330 1.311 1.236 1.145 1.058 0.976 0.898 0.825 0.756 0.691 0.631 0.575 0.524 0.478 0.444 0.414 0.383 0.351 0.317 0.283 0.248 0.212 0.175 0.137 0.099 0.059 0.067 0.095 0.123 0.152 0.183 0.214 0.246 0.280 0.314 0.350 0.387 0.424 0.523 0.647 0.775 0.905 1.039 1.176 1.315 1.446 1.553 1.654 1.750 1.841 1.963 2.094
1.434 1.412 1.393 1.376 1.362 1.351 1.342 1.335 1.331 1.329 1.330 1.333 1.335 1.331 1.326 1.318 1.307 1.295 1.280 1.263 1.244 1.223 1.199 1.173 1.114 1.039 0.968 0.901 0.839 0.781 0.727 0.678 0.634 0.594 0.558 0.527 0.496 0.462 0.428 0.392 0.356 0.318 0.280 0.241 0.200 0.159 0.117 0.074 0.074 0.105 0.136 0.169 0.203 0.238 0.275 0.312 0.350 0.389 0.429 0.471 0.565 0.691 0.811 0.926 1.036 1.140 1.239 1.333 1.421 1.504 1.582 1.654 1.752 1.867
1.286 1.273 1.263 1.255 1.250 1.247 1.247 1.249 1.254 1.261 1.270 1.282 1.286 1.274 1.261 1.245 1.227 1.207 1.184 1.159 1.132 1.102 1.071 1.037 0.988 0.928 0.873 0.822 0.775 0.733 0.695 0.661 0.632 0.608 0.587 0.572 0.549 0.512 0.474 0.435 0.395 0.354 0.312 0.270 0.226 0.181 0.136 0.089 0.079 0.113 0.149 0.186 0.223 0.262 0.302 0.342 0.384 0.426 0.469 0.513 0.588 0.695 0.797 0.893 0.984 1.070 1.150 1.225 1.295 1.359 1.418 1.471 1.545 1.645
1.136 1.132 1.130 1.131 1.135 1.141 1.149 1.160 1.174 1.190 1.208 1.229 1.240 1.220 1.199 1.175 1.149 1.121 1.090 1.057 1.022 0.985 0.945 0.903 0.858 0.814 0.773 0.738 0.707 0.680 0.657 0.639 0.626 0.617 0.612 0.612 0.602 0.562 0.520 0.478 0.435 0.391 0.346 0.300 0.253 0.205 0.155 0.106 0.085 0.123 0.163 0.203 0.244 0.286 0.328 0.372 0.416 0.461 0.508 0.554 0.616 0.705 0.788 0.866 0.938 1.005 1.067 1.123 1.174 1.219 1.260 1.294 1.343 1.427
0.983 0.988 0.995 1.005 1.017 1.032 1.049 1.069 1.091 1.116 1.143 1.173 1.196 1.169 1.139 1.107 1.073 1.037 0.999 0.958 0.915 0.869 0.822 0.772 0.723 0.694 0.670 0.650 0.634 0.623 0.616 0.613 0.615 0.622 0.632 0.648 0.656 0.613 0.568 0.517 0.466 0.415 0.365 0.316 0.267 0.219 0.171 0.124 0.093 0.134 0.177 0.220 0.264 0.308 0.354 0.401 0.448 0.496 0.545 0.595 0.650 0.719 0.784 0.843 0.897 0.945 0.988 1.026 1.058 1.085 1.107 1.123 1.146 1.213
0.829 0.842 0.858 0.876 0.897 0.921 0.947 0.975 1.006 1.039 1.075 1.114 1.155 1.119 1.082 1.042 1.000 0.956 0.910 0.861 0.810 0.757 0.701 0.644 0.584 0.571 0.561 0.557 0.557 0.561 0.569 0.582 0.599 0.616 0.634 0.652 0.669 0.618 0.568 0.518 0.469 0.421 0.373 0.325 0.279 0.232 0.187 0.142 0.100 0.145 0.190 0.236 0.283 0.330 0.379 0.428 0.479 0.530 0.582 0.635 0.688 0.739 0.785 0.826 0.861 0.890 0.915 0.934 0.947 0.956 0.959 0.956 0.953 1.005
0.694 0.693 0.717 0.745 0.774 0.807 0.841 0.879 0.918 0.960 1.005 1.052 1.102 1.073 1.027 0.980 0.930 0.878 0.824 0.767 0.708 0.647 0.583 0.518 0.452 0.457 0.472 0.487 0.503 0.520 0.538 0.556 0.574 0.594 0.614 0.634 0.656 0.615 0.567 0.519 0.472 0.425 0.379 0.334 0.289 0.245 0.201 0.158 0.116 0.154 0.202 0.251 0.301 0.352 0.403 0.455 0.509 0.563 0.618 0.673 0.730 0.764 0.792 0.813 0.830 0.841 0.847 0.847 0.842 0.832 0.816 0.795 0.769 0.800
0.571 0.541 0.575 0.611 0.649 0.690 0.734 0.780 0.828 0.879 0.932 0.988 1.047 1.029 0.975 0.920 0.862 0.804 0.748 0.693 0.638 0.583 0.528 0.474 0.419 0.416 0.433 0.451 0.469 0.488 0.508 0.528 0.549 0.571 0.593 0.616 0.639 0.611 0.565 0.519 0.474 0.430 0.386 0.342 0.299 0.257 0.216 0.174 0.134 0.162 0.213 0.265 0.318 0.372 0.426 0.482 0.538 0.595 0.653 0.711 0.771 0.795 0.803 0.806 0.804 0.797 0.784 0.766 0.742 0.713 0.679 0.640 0.595 0.601
0.459 0.387 0.429 0.474 0.521 0.571 0.623 0.678 0.735 0.795 0.881 0.966 1.010 0.987 0.931 0.876 0.820 0.765 0.710 0.656 0.602 0.547 0.493 0.440 0.386 0.374 0.394 0.414 0.434 0.456 0.478 0.500 0.523 0.547 0.572 0.597 0.623 0.607 0.563 0.519 0.476 0.433 0.391 0.350 0.309 0.269 0.229 0.190 0.152 0.170 0.224 0.279 0.334 0.391 0.448 0.507 0.566 0.626 0.687 0.748 0.811 0.830 0.820 0.804 0.784 0.757 0.726 0.689 0.647 0.600 0.547 0.489 0.426 0.405
0.359 0.230 0.282 0.463 0.689 0.874 1.019 1.124 1.188 1.213 1.197 1.141 1.044 0.945 0.890 0.835 0.781 0.727 0.673 0.619 0.565 0.512 0.459 0.406 0.353 0.332 0.354 0.376 0.399 0.422 0.447 0.471 0.497 0.523 0.550 0.577 0.605 0.602 0.560 0.518 0.477 0.436 0.396 0.357 0.318 0.280 0.242 0.205 0.169 0.176 0.233 0.291 0.350 0.410 0.470 0.531 0.593 0.656 0.720 0.784 0.850 0.870 0.841 0.808 0.768 0.724 0.674 0.618 0.583 0.594 0.615 0.647 0.690 0.754
1.519 1.519 1.684 1.809 1.893 1.938 1.942 1.906 1.829 1.713 1.556 1.359 1.122 0.903 0.849 0.795 0.741 0.688 0.635 0.582 0.529 0.476 0.424 0.372 0.320 0.289 0.313 0.337 0.363 0.389 0.415 0.442 0.470 0.498 0.527 0.557 0.587 0.596 0.556 0.516 0.477 0.439 0.401 0.363 0.326 0.290 0.255 0.219 0.185 0.182 0.242 0.303 0.365 0.427 0.490 0.555 0.620 0.685 0.752 0.819 0.888 0.920 0.893 0.878 0.872 0.877 0.893 0.920 0.957 1.004 1.062 1.131 1.210 1.280
3.320 3.190 3.214 3.197 3.141 3.044 2.907 2.730 2.513 2.255 1.958 1.620 1.242 0.861 0.808 0.755 0.702 0.649 0.597 0.544 0.492 0.440 0.389 0.338 0.286 0.246 0.272 0.298 0.326 0.354 0.383 0.412 0.442 0.473 0.504 0.536 0.569 0.590 0.552 0.514 0.477 0.440 0.405 0.369 0.334 0.300 0.266 0.233 0.201 0.187 0.250 0.314 0.378 0.444 0.607 0.801 0.950 1.053 1.109 1.120 1.084 1.026 1.036 1.057 1.088 1.130 1.183 1.246 1.320 1.404 1.499 1.604 1.720 1.815
