DATA/SHG/ECMWF/20170628/EN-21/20170708.en-21.asc
ncols        190
nrows        64
xllcorner    -5100000.000000000000
yllcorner    4130000.000000000000
cellsize     10000.000000000000
NODATA_value  -99999.000
[rows 32 to 63 of 64, columns 73 to 145 of 190]
9.433 9.463 9.495 9.530 9.567 9.607 9.648 9.693 9.739 9.788 9.840 9.893 9.920 9.793 9.653 9.499 9.330 9.148 8.953 8.743 8.520 8.285 8.040 7.784 7.745 8.481 9.214 9.946 10.677 11.406 12.133 12.859 13.584 14.307 15.029 15.749 16.236 16.300 16.380 16.474 16.584 16.710 16.850 17.006 17.310 17.966 18.576 19.142 19.558 19.837 20.108 20.370 20.623 20.867 21.103 21.329 21.547 21.755 21.955 22.146 22.912 23.979 24.922 25.742 26.436 27.007 27.454 27.776 27.974 28.048 27.997 27.823 31.138
9.591 9.629 9.669 9.712 9.758 9.805 9.855 9.908 9.963 10.020 10.079 10.141 10.197 10.022 9.834 9.632 9.416 9.186 8.942 8.685 8.413 8.130 7.837 7.533 7.324 8.053 8.780 9.506 10.230 10.953 11.674 12.394 13.112 13.829 14.544 15.441 16.763 17.579 18.350 19.076 19.757 20.393 20.984 21.529 22.030 22.486 22.896 23.262 23.561 23.801 24.032 24.254 24.468 24.672 24.868 25.055 25.233 25.402 25.562 25.714 26.081 26.599 26.994 27.264 27.411 27.433 27.331 27.105 26.755 26.281 25.683 24.960 27.044
9.734 9.792 9.841 9.892 9.946 10.002 10.060 10.121 10.184 10.249 10.317 10.387 10.459 10.264 10.027 9.777 9.513 9.236 8.944 8.639 8.320 7.988 7.647 7.295 6.931 7.628 8.590 10.422 12.170 13.836 15.418 16.917 18.333 19.666 20.916 22.083 23.124 23.740 24.311 24.837 25.318 25.754 26.145 26.491 26.792 27.048 27.258 27.424 27.569 27.769 27.960 28.143 28.317 28.482 28.638 28.785 28.924 29.053 29.174 29.286 29.372 29.342 29.189 28.911 28.510 27.984 27.334 26.560 25.662 24.641 23.495 22.225 23.122
9.861 9.953 10.010 10.069 10.131 10.195 10.262 10.331 10.402 10.476 10.552 10.630 10.711 10.517 10.233 9.935 9.623 9.298 9.343 10.093 11.029 12.018 13.030 14.189 15.495 17.083 18.629 20.092 21.472 22.769 23.983 25.113 26.161 27.126 28.008 28.807 29.522 29.942 30.314 30.640 30.921 31.157 31.348 31.495 31.596 31.652 31.663 31.629 31.581 31.741 31.893 32.036 32.170 32.296 32.412 32.520 32.619 32.709 32.790 32.862 32.786 32.209 31.507 30.682 29.732 28.659 27.462 26.140 24.695 23.126 21.433 19.616 19.372
9.973 10.112 10.177 10.244 10.314 10.387 10.461 10.538 10.618 10.700 10.784 11.048 11.524 11.895 12.360 13.010 13.845 14.866 16.073 17.465 19.043 20.677 22.338 24.146 26.101 27.569 28.747 29.842 30.854 31.782 32.628 33.391 34.071 34.668 35.182 35.613 35.961 36.186 36.357 36.484 36.565 36.602 36.593 36.540 36.442 36.298 36.110 35.876 35.598 35.718 35.830 35.934 36.029 36.114 36.191 36.259 36.319 36.369 36.411 36.443 36.323 35.198 33.949 32.576 31.079 29.459 27.714 25.846 23.853 21.737 19.497 17.133 15.794
10.069 10.268 10.341 10.417 10.694 11.155 11.620 12.090 12.564 13.042 13.524 14.010 14.501 15.240 16.346 17.638 19.116 20.779 22.627 24.661 26.880 29.159 31.469 33.926 36.529 38.135 38.945 39.672 40.316 40.877 41.354 41.750 42.062 42.291 42.437 42.500 42.481 42.470 42.442 42.369 42.251 42.088 41.880 41.627 41.329 40.987 40.599 40.166 39.688 39.699 39.772 39.836 39.891 39.937 39.975 40.003 40.023 40.034 40.036 40.029 39.983 38.310 36.514 34.594 32.550 30.383 28.091 25.676 23.137 20.474 17.688 14.777 12.387
11.535 12.148 12.611 13.078 13.549 14.024 14.504 14.987 15.475 15.967 16.464 16.965 17.470 18.411 20.159 22.093 24.212 26.516 29.006 31.681 34.541 37.465 40.423 43.528 46.779 48.781 49.223 49.582 49.858 50.051 50.162 50.189 50.134 49.995 49.774 49.470 49.084 48.796 48.569 48.296 47.979 47.616 47.209 46.757 46.259 45.717 45.130 44.498 43.821 43.685 43.718 43.742 43.758 43.765 43.763 43.752 43.732 43.704 43.666 43.620 43.565 41.545 39.202 36.735 34.145 31.431 28.593 25.631 22.546 19.337 16.004 12.548 9.152
14.344 14.952 15.429 15.910 16.396 16.885 17.379 17.877 18.379 18.886 19.397 19.911 20.431 21.409 23.798 26.373 29.133 32.079 35.209 38.524 42.025 45.593 49.200 52.952 56.852 59.506 59.580 59.572 59.481 59.306 59.049 58.710 58.287 57.782 57.193 56.522 55.769 55.163 54.736 54.264 53.747 53.186 52.579 51.928 51.231 50.490 49.704 48.873 47.997 47.675 47.668 47.653 47.630 47.597 47.555 47.505 47.446 47.378 47.301 47.215 47.121 44.903 42.013 39.000 35.863 32.585 29.247 25.949 22.689 19.469 16.289 13.148 10.047
17.161 17.749 18.240 18.735 19.235 19.739 20.247 20.759 21.276 21.796 22.321 22.851 23.384 24.233 27.264 30.480 33.881 37.466 41.237 45.193 49.334 53.546 57.799 62.200 66.746 70.311 70.018 69.642 69.183 68.642 68.018 67.311 66.522 65.649 64.694 63.656 62.536 61.571 60.944 60.273 59.557 58.797 57.991 57.140 56.245 55.305 54.320 53.290 52.215 51.669 51.623 51.569 51.506 51.433 51.352 51.263 51.028 50.360 49.755 49.212 48.732 46.320 42.997 39.713 36.469 33.264 30.099 26.973 23.887 20.840 17.832 14.864 11.936
19.987 20.535 21.043 21.553 22.067 22.585 23.107 23.634 24.165 24.700 25.239 25.782 26.330 26.885 30.556 34.413 38.453 42.679 47.090 51.686 56.466 61.322 66.223 71.270 76.463 81.195 80.535 79.792 78.966 78.058 77.067 75.994 74.837 73.598 72.276 70.872 69.385 68.019 67.194 66.324 65.409 64.449 63.445 62.395 61.301 60.162 58.978 57.595 55.427 53.815 52.986 52.219 51.514 50.872 50.292 49.775 49.320 48.928 48.598 48.330 48.125 46.268 43.118 40.007 36.936 33.904 30.911 27.958 25.044 22.170 19.335 16.540 13.783
22.821 23.324 23.839 24.363 24.891 25.423 25.960 26.501 27.046 27.595 28.149 28.706 29.268 29.834 33.676 38.172 42.853 47.718 52.768 58.003 63.423 68.922 74.470 80.163 86.003 91.989 91.131 90.022 88.830 87.555 86.197 84.757 83.234 81.628 79.940 78.169 76.316 74.509 73.337 70.899 68.520 66.200 63.938 61.736 59.592 57.508 55.483 53.516 51.609 50.118 49.564 49.072 48.643 48.276 47.972 47.730 47.550 47.433 47.378 47.385 47.455 46.176 43.199 40.261 37.362 34.503 31.683 28.902 26.161 23.459 20.797 18.174 15.591
25.665 26.121 26.627 27.165 27.708 28.255 28.805 29.360 29.920 30.483 31.051 31.623 32.199 32.779 36.622 41.758 47.078 52.583 58.272 64.146 70.205 76.347 82.540 88.880 95.366 101.998 101.808 100.332 98.773 97.032 93.406 89.818 86.267 82.755 79.281 75.844 72.446 69.098 66.861 64.683 62.564 60.504 58.502 56.560 54.677 52.852 51.087 49.381 47.733 46.359 46.081 45.864 45.710 45.619 45.589 45.622 45.718 45.875 46.095 46.378 46.723 46.045 43.240 40.475 37.749 35.062 32.415 29.807 27.238 24.709 22.219 19.768 17.357
28.517 28.928 29.408 29.961 30.517 31.078 31.643 32.212 32.786 33.364 33.946 34.532 35.122 35.717 39.396 45.170 51.130 57.273 63.602 70.114 76.812 82.001 86.967 91.795 96.486 101.039 99.646 96.073 92.538 89.042 85.583 82.162 78.780 75.435 72.128 68.859 65.627 62.434 60.329 58.411 56.552 54.752 53.010 51.328 49.705 48.140 46.635 45.188 43.800 42.540 42.536 42.595 42.716 42.899 43.145 43.453 43.823 44.255 44.750 45.307 45.927 45.875 43.242 40.649 38.096 35.581 33.107 30.671 28.275 25.918 23.600 21.322 19.083
31.378 31.743 32.181 32.748 33.319 33.894 34.473 35.057 35.645 36.237 36.833 37.433 38.038 38.647 41.300 46.623 51.772 56.748 61.550 66.178 70.633 75.029 79.390 83.614 87.700 91.649 91.122 87.716 84.349 81.020 77.729 74.475 71.260 68.082 64.942 61.840 58.776 55.750 53.741 52.083 50.484 48.944 47.462 46.040 44.676 43.371 42.125 40.938 39.810 38.741 38.930 39.264 39.660 40.118 40.638 41.221 41.866 42.573 43.343 44.174 45.068 45.665 43.205 40.784 38.403 36.061 33.759 31.495 29.271 27.087 24.941 22.836 20.769
34.248 34.567 34.947 35.528 36.114 36.703 37.296 37.384 37.425 37.430 37.397 37.327 37.220 37.076 38.677 43.402 47.953 52.331 56.536 60.566 64.424 68.218 71.976 75.595 79.078 82.423 82.566 79.328 76.129 72.967 69.842 66.756 63.708 60.697 57.725 54.790 51.893 49.034 47.098 45.700 44.360 43.080 41.858 40.695 39.591 38.546 37.559 36.631 35.763 34.953 35.263 35.872 36.542 37.275 38.070 38.927 39.847 40.828 41.872 42.979 44.147 45.378 43.128 40.880 38.671 36.501 34.371 32.280 30.228 28.215 26.242 24.308 22.414
36.678 36.543 36.453 36.552 36.613 36.638 36.626 36.576 36.489 36.366 36.205 36.007 35.772 35.500 36.214 40.341 44.295 48.076 51.683 55.116 58.377 61.571 64.724 67.740 70.619 73.360 73.980 70.909 67.876 64.881 61.924 59.005 56.124 53.280 50.475 47.707 44.977 42.285 40.399 39.261 38.181 37.160 36.197 35.294 34.449 33.663 32.936 32.268 31.658 31.108 31.535 32.418 33.363 34.370 35.440 36.571 37.765 39.021 40.340 41.720 43.163 44.668 43.012 40.935 38.899 36.901 34.943 33.024 31.144 29.304 27.503 25.741 24.019
36.487 36.397 36.321 36.291 36.225 36.121 35.981 35.803 35.589 35.337 35.048 34.722 34.360 33.960 33.911 37.441 40.797 43.981 46.991 49.828 52.492 55.086 57.636 60.048 62.324 64.462 65.362 62.458 59.592 56.764 53.974 51.222 48.508 45.831 43.193 40.592 38.029 35.504 33.645 32.766 31.945 31.183 30.480 29.836 29.251 28.724 28.256 27.847 27.497 27.205 27.746 28.903 30.123 31.404 32.748 34.154 35.622 37.152 38.744 40.399 42.116 43.895 42.856 40.952 39.087 37.262 35.475 33.729 32.021 30.260 28.317 26.405 24.525
36.284 36.239 36.208 36.065 35.871 35.640 35.371 35.066 34.723 34.344 33.927 33.473 32.983 32.455 31.890 34.700 37.460 40.047 42.460 44.701 46.768 48.763 50.709 52.519 54.192 55.727 56.712 53.975 51.277 48.616 45.993 43.407 40.860 38.350 35.878 33.444 31.048 28.690 26.835 26.215 25.654 25.151 24.708 24.322 23.996 23.729 23.520 23.370 23.278 23.245 23.896 25.327 26.821 28.376 29.994 31.674 33.416 35.221 37.087 39.016 40.977 42.767 42.045 40.021 38.028 36.066 34.135 32.235 30.367 28.530 26.724 24.949 23.205
36.069 36.070 36.083 35.875 35.552 35.193 34.797 34.363 33.893 33.386 32.841 32.260 31.641 30.986 30.294 32.119 34.283 36.273 38.091 39.735 41.207 42.601 43.946 45.153 46.223 47.155 47.951 45.461 42.930 40.435 37.979 35.561 33.180 30.837 28.532 26.264 24.035 21.843 19.970 19.609 19.307 19.063 18.879 18.752 18.685 18.676 18.726 18.835 19.002 19.229 19.984 21.773 24.178 26.450 28.588 30.594 32.466 34.205 35.810 37.282 38.621 39.827 39.330 37.442 35.586 33.761 31.967 30.204 28.472 26.771 25.102 23.463 21.856
35.842 35.888 35.946 35.719 35.268 34.781 34.257 33.696 33.098 32.463 31.791 31.082 30.336 29.553 28.733 29.698 31.265 32.660 33.882 34.931 35.806 36.602 37.344 37.949 38.416 38.747 38.941 36.916 34.551 32.223 29.934 27.682 25.468 23.291 21.153 19.052 16.989 14.964 13.049 12.947 12.904 12.919 13.016 14.064 15.160 16.302 17.492 18.729 20.013 21.344 22.869 24.821 26.641 28.328 29.881 31.301 32.588 33.742 34.763 35.650 36.405 37.026 36.587 34.836 33.116 31.427 29.770 28.143 26.548 24.984 23.451 21.949 20.478
35.604 35.694 35.797 35.598 35.020 34.405 33.753 33.064 32.338 31.576 30.776 29.939 29.066 28.155 27.208 27.436 28.408 29.207 29.833 30.287 30.567 30.764 30.904 30.907 30.773 30.502 30.094 28.339 26.140 23.979 21.856 19.771 17.723 15.714 14.645 13.662 12.710 11.788 10.897 11.807 12.921 14.082 15.291 16.547 17.849 19.199 20.596 22.040 23.532 25.070 26.637 28.005 29.240 30.342 31.310 32.146 32.848 33.417 33.854 34.157 34.327 34.363 33.816 32.201 30.618 29.066 27.545 26.055 24.596 23.168 21.771 20.406 19.071
35.353 35.488 35.636 35.511 34.806 34.063 33.284 32.467 31.614 30.723 29.796 28.832 27.831 26.793 25.718 25.333 25.710 25.914 25.945 25.804 25.489 25.088 24.626 24.027 23.292 23.187 23.197 22.548 21.486 20.455 19.453 18.483 17.542 16.632 15.753 14.903 14.085 13.296 12.538 13.407 14.728 16.097 17.513 18.975 20.485 22.042 23.646 25.298 26.996 28.741 30.534 31.325 31.975 32.492 32.876 33.127 33.245 33.230 33.082 32.801 32.387 31.840 31.016 29.538 28.091 26.675 25.291 23.937 22.615 21.323 20.063 18.834 17.636
35.090 35.270 35.463 35.460 34.626 33.756 32.849 31.905 30.924 29.907 28.852 27.760 26.632 25.466 24.264 23.390 23.172 23.052 23.045 23.041 23.041 23.047 23.057 23.071 23.087 23.106 23.128 22.689 21.760 20.862 19.994 19.156 18.349 17.572 16.826 16.110 15.425 14.770 14.145 14.954 16.482 18.058 19.681 21.351 23.068 24.832 26.643 28.501 30.406 32.359 34.358 34.779 34.845 34.778 34.578 34.245 33.779 33.180 32.448 31.583 30.585 29.455 28.189 26.847 25.536 24.257 23.009 21.791 20.605 19.450 18.326 17.233 16.171
34.815 35.040 35.278 35.443 34.482 33.484 32.450 31.378 30.270 29.125 27.974 26.857 25.769 24.711 23.682 22.869 22.867 22.868 22.873 22.882 22.895 22.913 22.936 22.962 22.991 23.023 23.057 22.795 22.000 21.235 20.500 19.796 19.122 18.478 17.865 17.283 16.730 16.208 15.717 16.448 18.183 19.966 21.796 23.673 25.597 27.568 29.586 31.651 33.763 35.922 38.128 38.369 37.851 37.200 36.416 35.499 34.450 33.267 31.952 30.503 28.922 27.208 25.361 24.127 22.953 21.810 20.698 19.617 18.567 17.548 16.560 15.603 14.677
34.529 34.799 35.081 35.242 34.102 32.909 31.746 30.613 29.508 28.434 27.388 26.373 25.386 24.429 23.502 22.657 22.668 22.682 22.699 22.720 22.745 22.776 22.811 22.850 22.891 22.936 22.983 22.867 22.205 21.574 20.972 20.401 19.860 19.350 18.870 18.421 18.001 17.613 17.254 17.889 19.831 21.821 23.858 25.941 28.072 30.250 32.475 34.746 37.065 39.431 41.844 42.094 40.992 39.758 38.390 36.890 35.257 33.491 31.593 29.561 27.397 25.100 22.670 21.380 20.342 19.335 18.359 17.414 16.500 15.617 14.765 13.945 13.155
33.136 33.296 33.494 33.732 32.881 31.790 30.728 29.696 28.693 27.720 26.776 25.862 24.977 24.122 23.296 22.499 22.466 22.492 22.522 22.555 22.593 22.636 22.684 22.735 22.789 22.846 22.905 22.906 22.377 21.879 21.410 20.973 20.565 20.188 19.841 19.524 19.238 18.982 18.757 19.277 21.427 23.623 25.866 28.157 30.494 32.879 35.310 37.789 40.314 42.886 45.506 45.954 44.269 42.451 40.501 38.417 36.201 33.853 31.371 28.757 26.010 23.130 20.118 18.604 17.702 16.831 15.991 15.182 14.405 13.658 12.942 12.257 11.604
31.186 31.481 31.814 32.187 31.635 30.645 29.685 28.754 27.853 26.981 26.138 25.325 24.541 23.787 23.063 22.367 22.261 22.299 22.342 22.388 22.437 22.492 22.553 22.617 22.683 22.752 22.825 22.899 22.515 22.150 21.815 21.510 21.235 20.991 20.777 20.594 20.441 20.318 20.225 20.613 22.969 25.372 27.822 30.319 32.863 35.454 38.092 40.777 43.509 46.288 49.114 49.949 47.681 45.280 42.747 40.081 37.282 34.351 31.287 28.090 24.760 21.298 17.703 15.800 15.034 14.338 13.774 13.225 12.691 12.172 11.668 11.179 10.705
29.201 29.631 30.100 30.608 30.362 29.474 28.615 27.786 26.986 26.215 25.474 24.762 24.080 23.427 22.803 22.209 22.052 22.104 22.158 22.217 22.278 22.346 22.419 22.496 22.575 22.656 22.741 22.828 22.620 22.387 22.185 22.013 21.872 21.761 21.680 21.629 21.609 21.619 21.659 21.895 24.458 27.068 29.724 32.428 35.178 37.976 40.820 43.712 46.650 49.635 52.668 54.079 51.229 48.245 45.129 41.881 38.427 34.512 30.678 26.924 23.251 19.659 16.148 14.157 13.628 13.115 12.617 12.134 11.666 11.212 10.774 10.351 9.943
27.181 27.746 28.350 28.994 29.064 28.277 27.520 26.791 26.093 25.423 24.783 24.173 23.592 23.040 22.518 22.025 21.841 21.905 21.972 22.043 22.117 22.197 22.283 22.371 22.463 22.557 22.654 22.754 22.691 22.591 22.522 22.483 22.474 22.496 22.548 22.630 22.742 22.885 23.058 23.262 25.895 28.711 31.574 34.484 37.441 40.444 43.495 46.575 48.835 50.999 53.067 54.050 50.084 46.200 42.396 38.672 35.029 31.467 27.986 24.585 21.266 18.026 14.868 12.788 12.326 11.878 11.446 11.029 10.626 10.239 9.867 9.509 9.167
25.127 25.827 26.566 27.345 27.740 27.055 26.398 25.771 25.174 24.606 24.067 23.557 23.077 22.627 22.205 21.814 21.627 21.703 21.782 21.865 21.952 22.045 22.143 22.244 22.348 22.455 22.564 22.677 22.728 22.761 22.825 22.918 23.043 23.197 23.382 23.597 23.842 24.117 24.423 24.537 26.695 29.205 31.620 33.939 36.163 38.291 40.324 42.262 44.105 45.851 47.503 48.809 45.196 41.664 38.213 34.843 31.553 28.344 25.215 22.167 19.200 16.314 13.508 11.406 11.010 10.628 10.261 9.910 9.573 9.252 8.945 8.654 8.377
23.038 23.873 24.747 25.661 26.391 25.806 25.251 24.725 24.229 23.762 23.324 22.916 22.537 22.187 21.867 21.576 21.410 21.498 21.590 21.685 21.784 21.889 22.000 22.114 22.230 22.349 22.471 22.596 22.731 22.897 22.994 23.072 23.154 23.240 23.331 23.425 23.524 23.626 23.733 23.844 25.406 27.499 29.496 31.398 33.205 34.917 36.533 38.054 39.480 40.810 42.045 43.185 40.230 37.051 33.953 30.935 27.998 25.141 22.365 19.670 17.055 14.521 12.068 10.011 9.680 9.364 9.063 8.777 8.506 8.250 8.010 7.784 7.573
20.915 21.885 22.894 23.942 25.015 24.532 24.078 23.653 23.258 22.892 22.555 22.248 21.970 21.722 21.502 21.313 21.190 21.290 21.395 21.502 21.613 21.623 21.607 21.613 21.640 21.690 21.761 21.853 21.955 22.043 22.135 22.231 22.331 22.436 22.544 22.656 22.773 22.893 23.018 23.146 24.220 25.896 27.477 28.962 30.353 31.647 32.847 33.952 34.961 35.875 36.693 37.416 35.186 32.359 29.613 26.948 24.363 21.859 19.436 17.093 14.830 12.649 10.547 8.601 8.336 8.086 7.851 7.631 7.426 7.236 7.060 6.900 6.755
