DATA/SHG/ECMWF/20170628/EN-21/20170630.en-21.asc
ncols        190
nrows        64
xllcorner    -5100000.000000000000
yllcorner    4130000.000000000000
cellsize     10000.000000000000
NODATA_value  -99999.000
[rows 0 to 32 of 64, columns 73 to 145 of 190]
0.409 0.436 0.462 0.487 0.511 0.535 0.558 0.580 0.636 0.785 0.944 1.107 1.273 1.443 1.615 1.790 1.969 2.150 2.335 2.523 2.771 3.211 3.645 4.077 4.506 4.931 5.353 5.773 6.189 6.602 7.012 7.419 7.671 7.430 7.192 6.957 6.725 6.496 6.270 6.046 5.826 5.608 5.394 5.182 5.041 5.106 5.171 5.236 5.301 5.365 5.430 5.493 5.557 5.620 5.683 5.745 5.763 5.638 5.491 5.324 5.136 4.926 4.696 4.445 4.172 3.879 3.565 3.230 2.962 2.937 2.915 2.897 2.883
0.350 0.374 0.409 0.450 0.491 0.533 0.576 0.620 0.687 0.855 1.025 1.199 1.376 1.556 1.739 1.925 2.115 2.307 2.502 2.701 2.926 3.352 3.773 4.191 4.606 5.018 5.426 5.832 6.235 6.634 7.031 7.424 7.744 7.516 7.291 7.069 6.850 6.634 6.421 6.210 6.003 5.799 5.597 5.399 5.236 5.300 5.364 5.428 5.491 5.554 5.617 5.679 5.741 5.803 5.864 5.925 5.949 5.730 5.490 5.229 4.947 4.644 4.320 3.975 3.609 3.222 2.815 2.386 2.005 1.996 1.991 1.989 1.992
0.375 0.417 0.460 0.503 0.548 0.594 0.641 0.688 0.743 0.922 1.103 1.288 1.476 1.666 1.860 2.057 2.258 2.461 2.667 2.876 3.089 3.497 3.904 4.308 4.710 5.108 5.503 5.895 6.284 6.670 7.052 7.432 7.809 7.599 7.387 7.178 6.972 6.769 6.568 6.371 6.177 5.986 5.797 5.612 5.431 5.494 5.557 5.619 5.681 5.742 5.804 5.865 5.925 5.986 6.046 6.105 6.156 5.843 5.509 5.155 4.779 4.383 3.966 3.527 3.068 2.588 2.087 1.565 1.113 1.267 1.430 1.603 1.785
0.417 0.462 0.509 0.556 0.604 0.654 0.704 0.755 0.807 0.986 1.178 1.374 1.572 1.774 1.979 2.186 2.397 2.611 2.828 3.049 3.272 3.645 4.038 4.429 4.816 5.201 5.582 5.961 6.336 6.708 7.077 7.444 7.807 7.678 7.479 7.283 7.090 6.900 6.713 6.529 6.347 6.169 5.994 5.821 5.652 5.688 5.749 5.810 5.871 5.931 5.991 6.050 6.109 6.168 6.227 6.285 6.344 5.978 5.551 5.107 4.668 4.238 3.816 3.403 2.998 2.602 2.214 1.834 1.463 1.621 1.826 2.042 2.267
0.458 0.507 0.557 0.608 0.659 0.712 0.766 0.821 0.877 1.047 1.250 1.456 1.666 1.878 2.094 2.312 2.534 2.759 2.987 3.218 3.452 3.796 4.176 4.553 4.927 5.297 5.665 6.030 6.392 6.750 7.106 7.458 7.808 7.754 7.568 7.385 7.205 7.028 6.854 6.683 6.515 6.349 6.187 6.027 5.871 5.882 5.942 6.001 6.060 6.119 6.172 6.214 6.248 6.273 6.290 6.299 6.300 5.961 5.543 5.133 4.732 4.339 3.955 3.580 3.212 2.853 2.503 2.161 1.828 1.965 2.213 2.471 2.738
0.498 0.551 0.604 0.658 0.714 0.770 0.827 0.886 0.945 1.105 1.319 1.536 1.756 1.980 2.206 2.435 2.668 2.904 3.142 3.384 3.629 3.950 4.316 4.679 5.040 5.397 5.751 6.102 6.450 6.795 7.137 7.476 7.812 7.826 7.654 7.484 7.317 7.153 6.992 6.834 6.678 6.530 6.389 6.256 6.129 6.122 6.168 6.206 6.236 6.258 6.271 6.276 6.273 6.262 6.243 6.216 6.180 5.903 5.523 5.151 4.787 4.432 4.085 3.747 3.417 3.096 2.783 2.479 2.183 2.298 2.589 2.889 3.199
0.537 0.593 0.650 0.708 0.767 0.827 0.887 0.949 1.012 1.160 1.385 1.613 1.844 2.078 2.315 2.555 2.799 3.045 3.294 3.547 3.803 4.107 4.460 4.809 5.156 5.500 5.840 6.178 6.513 6.844 7.172 7.498 7.814 7.880 7.715 7.558 7.407 7.263 7.125 6.995 6.872 6.755 6.645 6.542 6.445 6.412 6.421 6.423 6.416 6.401 6.378 6.347 6.308 6.260 6.205 6.141 6.069 5.837 5.494 5.160 4.834 4.516 4.207 3.906 3.614 3.330 3.055 2.788 2.529 2.622 2.955 3.298 3.650
0.575 0.635 0.695 0.756 0.819 0.882 0.946 1.012 1.078 1.212 1.448 1.686 1.928 2.173 2.421 2.672 2.926 3.183 3.444 3.707 3.973 4.267 4.606 4.959 5.309 5.649 5.979 6.299 6.609 6.908 7.198 7.478 7.747 7.854 7.720 7.593 7.472 7.359 7.252 7.152 7.059 6.972 6.893 6.820 6.754 6.710 6.683 6.648 6.605 6.554 6.494 6.427 6.351 6.267 6.175 6.074 5.966 5.762 5.457 5.160 4.871 4.591 4.320 4.056 3.802 3.555 3.317 3.088 2.867 2.936 3.311 3.696 4.091
0.612 0.675 0.739 0.804 0.870 0.937 1.005 1.073 1.143 1.261 1.508 1.757 2.010 2.266 2.524 2.803 3.143 3.471 3.786 4.089 4.380 4.668 4.993 5.308 5.613 5.908 6.193 6.468 6.733 6.987 7.232 7.467 7.691 7.822 7.718 7.621 7.531 7.447 7.371 7.301 7.238 7.182 7.133 7.090 7.055 7.016 6.953 6.882 6.802 6.714 6.618 6.514 6.402 6.282 6.153 6.017 5.872 5.679 5.411 5.152 4.900 4.658 4.424 4.198 3.981 3.772 3.571 3.379 3.196 3.240 3.658 4.085 4.522
0.648 0.715 0.782 0.850 0.920 0.990 1.062 1.134 1.248 1.480 1.851 2.209 2.555 2.889 3.210 3.519 3.816 4.101 4.373 4.634 4.881 5.117 5.398 5.668 5.928 6.178 6.418 6.648 6.868 7.078 7.277 7.467 7.646 7.781 7.708 7.641 7.582 7.529 7.482 7.443 7.410 7.384 7.365 7.353 7.348 7.331 7.231 7.124 7.008 6.883 6.751 6.611 6.462 6.305 6.140 5.967 5.786 5.587 5.357 5.135 4.921 4.716 4.519 4.331 4.151 3.979 3.816 3.662 3.515 3.534 3.994 4.463 4.943
0.683 0.784 0.936 1.105 1.290 1.492 1.710 1.944 2.195 2.463 2.791 3.106 3.409 3.700 3.979 4.245 4.499 4.741 4.971 5.188 5.394 5.580 5.813 6.038 6.254 6.459 6.654 6.839 7.014 7.179 7.333 7.478 7.613 7.734 7.691 7.654 7.625 7.602 7.586 7.577 7.575 7.579 7.590 7.608 7.633 7.654 7.518 7.374 7.221 7.061 6.892 6.715 6.530 6.337 6.136 5.927 5.709 5.487 5.294 5.109 4.933 4.765 4.606 4.455 4.312 4.178 4.053 3.935 3.826 3.817 4.320 4.832 5.353
1.120 1.314 1.523 1.749 1.992 2.251 2.526 2.818 3.126 3.451 3.740 4.013 4.273 4.521 4.757 4.981 5.192 5.392 5.578 5.753 5.916 6.059 6.240 6.420 6.590 6.750 6.900 7.041 7.171 7.291 7.400 7.500 7.590 7.670 7.666 7.660 7.661 7.668 7.683 7.704 7.732 7.766 7.808 7.856 7.911 7.973 7.813 7.632 7.444 7.247 7.042 6.828 6.607 6.378 6.140 5.894 5.641 5.379 5.222 5.075 4.936 4.806 4.684 4.570 4.465 4.369 4.280 4.200 4.122 4.062 4.579 5.097 5.618
1.576 1.827 2.094 2.377 2.677 2.993 3.326 3.675 4.040 4.422 4.700 4.930 5.147 5.353 5.546 5.727 5.895 6.052 6.196 6.328 6.448 6.548 6.677 6.812 6.937 7.053 7.158 7.253 7.338 7.414 7.479 7.534 7.579 7.614 7.634 7.658 7.689 7.727 7.772 7.823 7.881 7.946 8.018 8.096 8.181 8.273 8.116 7.899 7.674 7.441 7.200 6.950 6.692 6.427 6.153 5.871 5.581 5.283 5.143 5.047 4.968 4.888 4.806 4.723 4.639 4.553 4.466 4.378 4.288 4.197 4.681 5.209 5.740
2.016 2.324 2.648 2.989 3.346 3.719 4.109 4.515 4.938 5.377 5.669 5.856 6.031 6.194 6.344 6.483 6.609 6.722 6.824 6.914 6.991 7.048 7.124 7.215 7.295 7.366 7.426 7.477 7.517 7.547 7.568 7.578 7.578 7.568 7.595 7.649 7.710 7.778 7.853 7.935 8.023 8.118 8.220 8.328 8.444 8.566 8.427 8.174 7.913 7.643 7.390 7.152 6.903 6.643 6.372 6.089 5.795 5.489 5.353 5.270 5.185 5.098 5.010 4.921 4.831 4.739 4.646 4.551 4.455 4.358 4.781 5.319 5.860
2.439 2.804 3.186 3.584 3.998 4.429 4.876 5.340 5.819 6.316 6.649 6.793 6.925 7.045 7.153 7.248 7.332 7.403 7.462 7.509 7.544 7.558 7.583 7.628 7.664 7.690 7.706 7.711 7.707 7.692 7.668 7.633 7.589 7.534 7.548 7.633 7.724 7.822 7.927 8.039 8.157 8.304 8.483 8.677 8.884 9.104 9.059 8.817 8.562 8.297 8.020 7.732 7.433 7.122 6.800 6.467 6.123 5.768 5.583 5.493 5.402 5.310 5.216 5.120 5.024 4.926 4.826 4.725 4.623 4.520 4.878 5.427 5.978
2.847 3.269 3.708 4.163 4.635 5.122 5.627 6.147 6.684 7.238 7.637 7.739 7.829 7.906 7.971 8.024 8.065 8.094 8.110 8.114 8.106 8.078 8.052 8.053 8.044 8.025 7.996 7.956 7.907 7.848 7.779 7.700 7.608 7.524 7.537 7.682 7.840 8.012 8.198 8.397 8.610 8.837 9.078 9.333 9.601 9.883 9.901 9.608 9.304 8.988 8.661 8.323 7.973 7.612 7.240 6.857 6.463 6.057 5.814 5.718 5.621 5.522 5.422 5.321 5.218 5.114 5.008 4.901 4.793 4.683 4.973 5.531 6.093
3.238 3.718 4.214 4.726 5.255 5.800 6.361 6.939 7.533 8.143 8.636 8.695 8.742 8.777 8.800 8.810 8.808 8.794 8.768 8.730 8.680 8.608 8.532 8.420 8.265 8.126 8.003 7.895 7.802 7.725 7.663 7.617 7.586 7.571 7.626 7.832 8.052 8.285 8.532 8.793 9.067 9.355 9.658 9.973 10.303 10.646 10.754 10.411 10.056 9.690 9.313 8.924 8.525 8.114 7.692 7.258 6.814 6.358 6.047 5.945 5.841 5.736 5.630 5.522 5.413 5.303 5.191 5.078 4.964 4.848 5.065 5.634 6.205
3.613 4.150 4.703 5.273 5.858 6.460 7.079 7.714 8.365 9.032 9.645 9.661 9.666 9.658 9.638 9.588 9.317 9.051 8.792 8.540 8.293 8.065 7.863 7.762 7.676 7.606 7.551 7.512 7.488 7.480 7.487 7.509 7.547 7.600 7.700 7.967 8.248 8.543 8.851 9.173 9.508 9.858 10.221 10.598 10.989 11.393 11.618 11.224 10.819 10.403 9.976 9.537 9.087 8.626 8.154 7.670 7.176 6.670 6.280 6.172 6.062 5.951 5.839 5.725 5.610 5.493 5.375 5.256 5.135 5.013 5.155 5.734 6.315
3.973 4.567 5.177 5.803 6.446 7.105 7.781 8.472 9.139 9.596 10.030 9.764 9.489 9.221 8.959 8.703 8.454 8.210 7.974 7.743 7.519 7.312 7.123 7.087 7.070 7.069 7.083 7.112 7.157 7.217 7.293 7.384 7.491 7.613 7.759 8.087 8.429 8.785 9.154 9.537 9.934 10.345 10.769 11.207 11.659 12.125 12.492 12.049 11.593 11.127 10.650 10.161 9.661 9.150 8.628 8.094 7.549 6.993 6.515 6.400 6.284 6.167 6.049 5.929 5.807 5.685 5.561 5.435 5.308 5.180 5.242 5.831 6.422
4.316 4.940 5.485 6.004 6.499 6.970 7.416 7.837 8.234 8.607 8.954 8.786 8.533 8.287 8.047 7.813 7.586 7.365 7.150 6.942 6.740 6.556 6.388 6.396 6.448 6.515 6.598 6.696 6.810 6.939 7.083 7.243 7.418 7.609 7.815 8.192 8.595 9.012 9.442 9.887 10.345 10.816 11.302 11.801 12.314 12.841 13.378 12.884 12.379 11.862 11.335 10.796 10.246 9.685 9.112 8.529 7.934 7.328 6.750 6.630 6.508 6.384 6.260 6.134 6.006 5.877 5.747 5.616 5.483 5.348 5.327 5.926 6.527
4.173 4.657 5.116 5.550 5.960 6.345 6.706 7.042 7.354 7.641 7.903 7.803 7.573 7.349 7.131 6.919 6.714 6.515 6.323 6.136 5.957 5.794 5.649 5.688 5.809 5.945 6.096 6.263 6.445 6.643 6.856 7.084 7.328 7.587 7.862 8.281 8.745 9.223 9.715 10.220 10.739 11.272 11.819 12.379 12.953 13.541 14.142 13.730 13.175 12.608 12.031 11.442 10.842 10.230 9.608 8.974 8.329 7.673 7.006 6.860 6.732 6.603 6.472 6.340 6.206 6.071 5.935 5.797 5.658 6.011 7.194 8.795 10.183
3.998 4.396 4.770 5.119 5.443 5.743 6.019 6.270 6.496 6.698 6.876 6.816 6.608 6.406 6.210 6.021 5.837 5.661 5.490 5.326 5.168 5.029 4.906 4.964 5.154 5.358 5.578 5.814 6.064 6.331 6.612 6.909 7.221 7.549 7.892 8.355 8.881 9.420 9.972 10.539 11.119 11.713 12.320 12.942 13.577 14.225 14.888 14.587 13.982 13.365 12.738 12.099 11.449 10.787 10.115 9.431 8.736 8.030 7.313 7.092 7.044 7.267 7.695 8.330 9.169 10.215 11.466 12.923 14.586 16.454 18.528 19.282 19.729
3.846 4.159 4.448 4.711 4.951 5.166 5.356 5.522 5.663 5.780 5.872 5.824 5.638 5.458 5.285 5.117 4.956 4.802 4.653 4.511 4.376 4.258 4.157 4.224 4.482 4.755 5.044 5.347 5.667 6.001 6.352 6.717 7.098 7.494 7.906 8.414 9.001 9.601 10.214 10.842 11.483 12.138 12.806 13.489 14.185 14.894 15.617 15.455 14.799 14.133 13.455 12.724 11.942 11.183 10.449 9.739 9.053 8.391 7.754 8.142 9.071 10.205 11.545 13.090 14.841 16.797 18.959 21.327 23.900 26.678 29.662 29.965 29.472
3.718 3.945 4.148 4.327 4.481 4.611 4.716 4.797 4.853 4.885 4.893 4.828 4.664 4.506 4.355 4.210 4.071 3.938 3.812 3.692 3.578 3.483 3.405 3.467 3.794 4.135 4.492 4.865 5.253 5.656 6.074 6.508 6.957 7.422 7.902 8.458 9.105 9.766 10.441 11.130 11.832 12.547 13.237 13.851 14.440 15.003 15.540 15.363 14.590 13.842 13.118 12.418 11.743 11.092 10.465 9.862 9.283 8.729 8.199 9.045 10.884 12.929 15.180 17.635 20.297 23.163 26.235 29.513 32.995 36.683 40.577 40.845 39.412
3.612 3.755 3.873 3.966 4.035 4.080 4.100 4.096 4.067 4.014 3.937 3.828 3.686 3.550 3.421 3.298 3.181 3.070 2.966 2.868 2.777 2.703 2.647 2.694 3.089 3.499 3.925 4.366 4.822 5.293 5.780 6.282 6.800 7.357 7.951 8.575 9.254 9.908 10.536 11.139 11.716 12.268 12.795 13.296 13.772 14.222 14.647 14.602 13.937 13.296 12.680 12.087 11.519 10.975 10.455 9.960 9.488 9.041 8.618 9.735 12.485 15.440 18.601 21.966 25.537 29.313 33.294 37.481 41.873 46.470 51.272 51.922 49.550
3.530 3.587 3.620 3.629 3.613 3.572 3.508 3.419 3.305 3.167 3.005 2.823 2.703 2.589 2.482 2.381 2.286 2.198 2.116 2.040 1.970 1.919 1.885 1.905 2.430 3.053 3.670 4.281 4.885 5.483 6.076 6.662 7.241 7.815 8.383 8.949 9.515 10.056 10.572 11.062 11.527 11.966 12.380 12.769 13.132 13.470 13.782 13.818 13.260 12.726 12.217 11.732 11.271 10.834 10.421 10.033 9.668 9.328 9.012 10.214 13.874 17.738 21.808 26.082 30.562 35.247 40.137 45.233 50.533 56.038 61.749 63.194 59.884
3.470 3.443 3.391 3.314 3.213 3.088 2.939 2.765 2.566 2.343 2.096 1.824 1.716 1.624 1.539 1.460 1.418 1.584 1.751 1.919 2.090 2.249 2.399 2.549 3.140 3.736 4.325 4.909 5.486 6.057 6.622 7.181 7.733 8.280 8.820 9.349 9.803 10.232 10.635 11.012 11.365 11.692 11.993 12.269 12.520 12.746 12.946 13.009 12.558 12.131 11.729 11.351 10.997 10.667 10.362 10.080 9.823 9.590 9.381 10.481 15.050 19.823 24.801 29.985 35.373 40.966 46.764 52.767 58.975 65.388 72.006 74.662 70.414
3.434 3.321 3.184 3.023 2.837 2.627 2.393 2.134 1.851 1.586 1.479 1.391 1.509 1.674 1.840 2.007 2.177 2.348 2.520 2.694 2.869 3.034 3.188 3.344 3.856 4.425 4.987 5.543 6.093 6.637 7.174 7.706 8.231 8.750 9.263 9.770 10.118 10.434 10.725 10.990 11.230 11.445 11.634 11.798 11.936 12.049 12.137 12.175 11.831 11.512 11.217 10.946 10.699 10.476 10.278 10.103 9.953 9.827 9.725 10.537 16.014 21.695 27.581 33.673 39.969 46.469 53.175 60.085 67.201 74.521 82.046 86.327 81.141
3.420 3.223 3.016 2.849 2.699 2.566 2.450 2.352 2.272 2.209 2.163 2.135 2.244 2.414 2.586 2.759 2.933 3.109 3.286 3.465 3.646 3.816 3.976 4.137 4.578 5.119 5.654 6.183 6.706 7.222 7.733 8.237 8.735 9.227 9.713 10.192 10.461 10.664 10.843 10.996 11.123 11.225 11.302 11.354 11.380 11.381 11.356 11.306 11.080 10.868 10.680 10.516 10.376 10.260 10.168 10.101 10.058 10.038 10.043 10.381 16.766 23.355 30.149 37.147 44.350 51.758 59.370 67.188 75.209 83.436 91.867 98.187 92.065
3.466 3.324 3.200 3.092 3.003 2.930 2.875 2.838 2.818 2.815 2.829 2.861 2.978 3.153 3.329 3.507 3.687 3.868 4.051 4.235 4.420 4.596 4.761 4.927 5.306 5.820 6.327 6.829 7.324 7.814 8.297 8.774 9.245 9.710 10.168 10.621 10.830 10.922 10.988 11.028 11.043 11.033 10.998 10.937 10.851 10.740 10.603 10.441 10.305 10.199 10.118 10.061 10.028 10.019 10.034 10.074 10.137 10.225 10.336 10.472 17.306 24.802 32.503 40.408 48.518 56.832 65.350 74.074 83.001 92.134 101.470 109.304 100.132
3.512 3.430 3.366 3.320 3.290 3.278 3.284 3.306 3.347 3.404 3.479 3.571 3.709 3.889 4.070 4.254 4.438 4.625 4.812 5.002 5.193 5.373 5.543 5.715 6.039 6.526 7.006 7.481 7.949 8.411 8.867 9.317 9.761 10.198 10.630 11.055 11.227 11.206 11.160 11.088 10.991 10.869 10.721 10.549 10.350 10.127 9.878 9.604 9.505 9.506 9.532 9.582 9.655 9.753 9.875 10.021 10.192 10.386 10.604 10.847 17.636 26.038 34.460 42.443 50.211 57.764 65.102 72.226 79.134 85.828 92.307 98.571 91.460
3.541 3.520 3.517 3.530 3.561 3.609 3.675 3.758 3.859 3.977 4.112 4.265 4.437 4.622 4.809 4.998 5.188 5.379 5.572 5.766 5.962 6.148 6.324 6.500 6.778 7.238 7.691 8.139 8.580 9.015 9.444 9.866 10.283 10.693 11.097 11.496 11.651 11.517 11.359 11.175 10.966 10.732 10.472 10.187 9.877 9.542 9.181 8.795 8.681 8.789 8.921 9.078 9.258 9.551 10.025 10.443 10.804 11.108 11.355 11.545 16.992 24.457 31.708 38.744 45.565 52.172 58.564 64.741 70.703 76.451 81.984 87.302 82.546
3.555 3.594 3.650 3.724 3.816 3.924 4.050 4.194 4.354 4.533 4.728 4.941 5.163 5.354 5.546 5.739 5.934 6.131 6.329 6.529 6.730 6.921 7.101 7.283 7.524 7.956 8.382 8.802 9.216 9.624 10.026 10.421 10.811 11.194 11.571 11.942 12.101 11.856 11.586 11.290 10.969 10.622 10.251 9.854 9.611 9.793 9.856 9.801 9.982 10.489 10.939 11.332 11.669 11.948 12.172 12.338 12.448 12.500 12.497 12.436 16.354 22.872 29.177 35.266 41.142 46.802 52.248 57.479 62.496 67.298 71.886 76.259 73.390
