DATA/SHG/ECMWF/20170628/EN-0/20170712.en-0.asc
ncols        190
nrows        64
xllcorner    -5100000.000000000000
yllcorner    4130000.000000000000
cellsize     10000.000000000000
NODATA_value  -99999.000
[rows 0 to 31 of 64, columns 73 to 145 of 190]
0.497 0.462 0.424 0.385 0.343 0.299 0.253 0.205 0.175 0.214 0.265 0.313 0.358 0.401 0.442 0.481 0.517 0.551 0.582 0.611 0.636 0.652 0.667 0.681 0.694 0.706 0.718 0.729 0.740 0.749 0.758 0.767 0.785 0.840 0.897 0.956 1.018 1.081 1.147 1.215 1.286 1.358 1.433 1.510 1.565 1.544 1.521 1.497 1.471 1.443 1.414 1.383 1.351 1.317 1.281 1.244 1.248 1.383 1.526 1.676 1.834 1.999 2.171 2.350 2.537 2.731 2.933 3.141 3.303 3.315 3.325 3.334 3.342
0.459 0.416 0.389 0.369 0.351 0.337 0.325 0.316 0.319 0.363 0.405 0.445 0.482 0.517 0.550 0.580 0.608 0.634 0.657 0.678 0.696 0.709 0.720 0.731 0.741 0.751 0.759 0.767 0.775 0.782 0.788 0.793 0.804 0.869 0.936 1.005 1.077 1.150 1.226 1.305 1.385 1.468 1.553 1.640 1.714 1.686 1.656 1.624 1.591 1.556 1.519 1.481 1.442 1.400 1.357 1.312 1.296 1.464 1.639 1.822 2.012 2.210 2.415 2.627 2.847 3.073 3.308 3.549 3.761 3.767 3.772 3.776 3.778
0.526 0.510 0.497 0.487 0.479 0.474 0.472 0.473 0.478 0.514 0.548 0.580 0.609 0.635 0.660 0.682 0.701 0.718 0.733 0.746 0.756 0.766 0.774 0.782 0.789 0.796 0.801 0.806 0.811 0.815 0.818 0.820 0.822 0.896 0.973 1.052 1.133 1.217 1.303 1.391 1.482 1.574 1.669 1.767 1.865 1.829 1.792 1.753 1.712 1.670 1.626 1.581 1.534 1.485 1.435 1.383 1.336 1.537 1.745 1.960 2.183 2.414 2.651 2.896 3.148 3.408 3.674 3.949 4.221 4.237 4.261 4.295 4.339
0.612 0.606 0.602 0.602 0.604 0.609 0.617 0.627 0.641 0.667 0.693 0.716 0.737 0.755 0.771 0.785 0.796 0.805 0.812 0.816 0.818 0.824 0.829 0.834 0.838 0.841 0.844 0.846 0.848 0.848 0.848 0.847 0.846 0.920 1.007 1.096 1.188 1.281 1.377 1.476 1.576 1.679 1.784 1.891 2.000 1.974 1.929 1.883 1.835 1.786 1.735 1.682 1.628 1.572 1.514 1.455 1.394 1.602 1.843 2.103 2.379 2.658 2.941 3.228 3.518 3.812 4.109 4.410 4.714 4.789 4.855 4.931 5.017
0.695 0.698 0.705 0.714 0.726 0.741 0.758 0.779 0.802 0.822 0.839 0.854 0.867 0.877 0.885 0.890 0.893 0.894 0.892 0.888 0.882 0.883 0.885 0.887 0.888 0.888 0.888 0.887 0.885 0.883 0.879 0.876 0.871 0.941 1.038 1.138 1.239 1.343 1.449 1.557 1.668 1.780 1.895 2.012 2.132 2.120 2.069 2.015 1.960 1.903 1.855 1.816 1.779 1.744 1.710 1.678 1.647 1.865 2.150 2.438 2.730 3.025 3.324 3.626 3.932 4.241 4.554 4.871 5.191 5.331 5.439 5.557 5.685
0.775 0.788 0.804 0.823 0.845 0.870 0.897 0.927 0.960 0.979 0.988 0.995 0.999 1.001 1.000 0.998 0.992 0.985 0.975 0.963 0.948 0.942 0.941 0.940 0.938 0.935 0.932 0.928 0.923 0.918 0.911 0.905 0.897 0.960 1.067 1.177 1.288 1.402 1.518 1.636 1.757 1.891 2.031 2.167 2.299 2.317 2.277 2.239 2.203 2.168 2.135 2.103 2.073 2.045 2.018 1.992 1.969 2.164 2.465 2.769 3.076 3.387 3.702 4.020 4.341 4.666 4.995 5.327 5.663 5.862 6.013 6.173 6.342
0.852 0.876 0.902 0.930 0.962 0.996 1.033 1.073 1.115 1.138 1.138 1.137 1.133 1.127 1.118 1.107 1.093 1.078 1.060 1.039 1.016 1.002 0.998 0.994 0.989 0.983 0.977 0.970 0.962 0.953 0.944 0.934 0.953 1.051 1.205 1.355 1.501 1.643 1.781 1.915 2.045 2.171 2.294 2.412 2.526 2.559 2.527 2.496 2.466 2.438 2.412 2.388 2.365 2.343 2.323 2.305 2.288 2.459 2.776 3.095 3.418 3.745 4.076 4.409 4.747 5.087 5.432 5.780 6.131 6.384 6.576 6.778 6.989
0.927 0.960 0.996 1.034 1.075 1.119 1.166 1.216 1.268 1.298 1.291 1.281 1.269 1.254 1.237 1.218 1.196 1.172 1.146 1.118 1.086 1.063 1.056 1.059 1.070 1.088 1.112 1.142 1.179 1.221 1.269 1.323 1.384 1.477 1.614 1.746 1.874 1.998 2.118 2.235 2.347 2.455 2.560 2.660 2.756 2.800 2.774 2.750 2.728 2.707 2.688 2.670 2.654 2.640 2.627 2.616 2.606 2.750 3.082 3.418 3.757 4.099 4.445 4.795 5.148 5.504 5.864 6.228 6.595 6.895 7.130 7.373 7.626
0.999 1.042 1.087 1.135 1.186 1.240 1.297 1.356 1.418 1.461 1.445 1.427 1.407 1.384 1.359 1.339 1.339 1.327 1.304 1.268 1.220 1.179 1.206 1.238 1.277 1.322 1.373 1.431 1.494 1.563 1.638 1.720 1.807 1.907 2.026 2.140 2.250 2.357 2.459 2.558 2.652 2.743 2.830 2.912 2.991 3.038 3.019 3.002 2.987 2.973 2.961 2.951 2.942 2.934 2.928 2.924 2.921 3.037 3.385 3.736 4.091 4.449 4.811 5.176 5.545 5.917 6.293 6.672 7.055 7.397 7.673 7.958 8.253
1.069 1.121 1.176 1.234 1.295 1.358 1.424 1.493 1.586 1.712 1.743 1.761 1.767 1.761 1.744 1.714 1.672 1.619 1.553 1.475 1.385 1.298 1.351 1.411 1.477 1.549 1.627 1.712 1.802 1.898 2.000 2.109 2.223 2.341 2.441 2.538 2.631 2.719 2.804 2.885 2.962 3.035 3.104 3.169 3.229 3.274 3.263 3.253 3.244 3.238 3.232 3.229 3.227 3.227 3.228 3.231 3.235 3.320 3.684 4.050 4.421 4.795 5.172 5.553 5.937 6.325 6.717 7.112 7.510 7.888 8.206 8.533 8.870
1.135 1.225 1.352 1.483 1.618 1.757 1.900 2.047 2.197 2.350 2.338 2.315 2.279 2.231 2.172 2.100 2.016 1.920 1.813 1.693 1.561 1.415 1.490 1.577 1.670 1.769 1.874 1.985 2.103 2.226 2.355 2.490 2.632 2.778 2.861 2.940 3.015 3.086 3.153 3.216 3.275 3.330 3.381 3.429 3.472 3.508 3.504 3.501 3.500 3.500 3.502 3.505 3.510 3.517 3.525 3.535 3.546 3.599 3.978 4.360 4.747 5.136 5.529 5.926 6.326 6.729 7.136 7.547 7.961 8.369 8.728 9.098 9.476
1.598 1.735 1.876 2.021 2.170 2.322 2.479 2.640 2.804 2.973 2.945 2.879 2.801 2.711 2.610 2.496 2.370 2.232 2.083 1.921 1.747 1.559 1.622 1.736 1.856 1.982 2.114 2.252 2.396 2.546 2.703 2.865 3.033 3.208 3.284 3.345 3.402 3.456 3.505 3.550 3.592 3.629 3.663 3.692 3.718 3.740 3.743 3.747 3.753 3.760 3.769 3.780 3.792 3.805 3.820 3.837 3.856 3.875 4.268 4.666 5.068 5.473 5.882 6.294 6.710 7.129 7.552 7.978 8.476 9.065 9.656 10.287 10.957
2.091 2.242 2.396 2.555 2.717 2.884 3.054 3.228 3.407 3.589 3.561 3.453 3.333 3.202 3.058 2.902 2.735 2.555 2.363 2.160 1.944 1.714 1.747 1.888 2.035 2.187 2.347 2.512 2.683 2.860 3.043 3.232 3.427 3.629 3.711 3.754 3.794 3.830 3.861 3.889 3.913 3.932 3.948 3.960 3.968 3.972 3.980 3.992 4.004 4.019 4.034 4.052 4.071 4.091 4.114 4.137 4.163 4.190 4.555 4.999 5.493 6.008 6.544 7.102 7.680 8.280 8.901 9.544 10.207 10.892 11.654 12.458 13.301
2.579 2.744 2.912 3.084 3.260 3.440 3.624 3.812 4.004 4.200 4.187 4.038 3.876 3.702 3.517 3.319 3.110 2.888 2.655 2.409 2.152 1.879 1.864 2.032 2.206 2.386 2.572 2.764 2.962 3.166 3.376 3.592 3.814 4.042 4.141 4.167 4.189 4.207 4.221 4.231 4.237 4.239 4.238 4.232 4.222 4.208 4.216 4.234 4.253 4.275 4.311 4.368 4.431 4.501 4.578 4.662 4.752 4.849 5.293 5.860 6.448 7.057 7.688 8.339 9.012 9.706 10.421 11.157 11.915 12.694 13.609 14.587 15.604
3.063 3.241 3.423 3.609 3.799 3.993 4.190 4.392 4.598 4.807 4.824 4.632 4.429 4.213 3.986 3.746 3.495 3.232 2.956 2.669 2.370 2.055 1.975 2.170 2.371 2.577 2.790 3.009 3.234 3.465 3.702 3.945 4.194 4.449 4.576 4.584 4.588 4.589 4.585 4.577 4.566 4.569 4.579 4.576 4.560 4.530 4.547 4.606 4.672 4.746 4.825 4.912 5.005 5.105 5.211 5.325 5.445 5.571 6.037 6.698 7.380 8.083 8.808 9.553 10.320 11.108 11.917 12.748 13.599 14.472 15.522 16.674 17.864
3.542 3.734 3.930 4.129 4.333 4.540 4.752 4.967 5.186 5.409 5.471 5.237 4.992 4.734 4.465 4.184 3.891 3.585 3.268 2.939 2.598 2.241 2.079 2.300 2.528 2.762 3.002 3.247 3.499 3.757 4.021 4.291 4.605 4.958 5.190 5.234 5.265 5.282 5.286 5.277 5.255 5.219 5.170 5.109 5.033 4.945 4.933 5.023 5.119 5.222 5.331 5.448 5.571 5.700 5.837 5.980 6.129 6.286 6.758 7.513 8.289 9.086 9.905 10.745 11.605 12.487 13.390 14.314 15.260 16.226 17.394 18.719 20.083
4.017 4.223 4.432 4.645 4.862 5.084 5.309 5.538 5.770 6.007 6.128 5.852 5.565 5.266 4.955 4.632 4.296 3.950 3.591 3.220 2.837 2.438 2.175 2.464 2.790 3.122 3.459 3.803 4.154 4.510 4.872 5.240 5.615 5.995 6.267 6.251 6.223 6.181 6.127 6.059 5.977 5.883 5.775 5.655 5.520 5.373 5.313 5.432 5.558 5.690 5.830 5.976 6.128 6.288 6.454 6.627 6.806 6.993 7.456 8.305 9.175 10.066 10.979 11.912 12.867 13.843 14.840 15.858 16.897 17.957 19.225 20.723 22.260
4.488 4.707 4.930 5.157 5.388 5.622 5.861 6.104 6.350 6.601 6.795 6.477 6.148 5.807 5.454 5.097 4.820 4.528 4.221 3.899 3.561 3.194 2.875 3.222 3.575 3.934 4.299 4.670 5.047 5.430 5.820 6.215 6.617 7.024 7.356 7.282 7.195 7.094 6.980 6.854 6.713 6.560 6.394 6.214 6.021 5.815 5.684 5.833 5.989 6.151 6.320 6.496 6.678 6.868 7.064 7.266 7.475 7.691 8.131 9.074 10.038 11.023 12.030 13.057 14.105 15.175 16.266 17.377 18.510 19.664 21.014 22.685 24.395
4.954 5.187 5.423 5.664 5.908 6.157 6.409 6.665 6.943 7.315 7.697 7.457 7.188 6.904 6.604 6.290 5.959 5.614 5.253 4.878 4.486 4.066 3.618 3.972 4.352 4.738 5.130 5.528 5.933 6.343 6.760 7.182 7.611 8.045 8.458 8.325 8.179 8.020 7.847 7.662 7.463 7.251 7.025 6.787 6.535 6.270 6.048 6.227 6.412 6.604 6.803 7.009 7.221 7.440 7.665 7.898 8.137 8.382 8.784 9.821 10.878 11.957 13.057 14.178 15.321 16.484 17.668 18.874 20.100 21.348 22.761 24.605 26.488
5.416 5.685 6.022 6.370 6.727 7.093 7.470 7.856 8.252 8.658 9.074 8.876 8.553 8.216 7.863 7.494 7.111 6.712 6.298 5.869 5.424 4.950 4.448 4.714 5.121 5.534 5.954 6.379 6.810 7.248 7.691 8.141 8.596 9.058 9.526 9.382 9.177 8.959 8.727 8.483 8.225 7.954 7.670 7.373 7.063 6.739 6.404 6.613 6.828 7.050 7.278 7.513 7.755 8.004 8.259 8.521 8.790 9.065 9.414 10.544 11.696 12.868 14.062 15.277 16.513 17.770 19.047 20.347 21.667 23.008 24.467 26.484 28.539
6.383 6.745 7.116 7.498 7.888 8.289 8.700 9.120 9.550 9.990 10.439 10.307 9.931 9.539 9.133 8.711 8.274 7.822 7.355 6.872 6.375 5.847 5.291 5.448 5.883 6.323 6.769 7.221 7.680 8.144 8.615 9.091 9.574 10.063 10.558 10.452 10.188 9.911 9.621 9.317 9.001 8.671 8.329 7.973 7.603 7.221 6.826 6.991 7.236 7.487 7.746 8.010 8.282 8.560 8.845 9.137 9.435 9.740 10.052 11.245 12.490 13.756 15.044 16.352 17.682 19.032 20.403 21.796 23.210 24.608 25.956 27.862 29.674
7.399 7.794 8.200 8.615 9.040 9.474 9.919 10.373 10.837 11.310 11.794 11.749 11.320 10.875 10.416 9.941 9.450 8.945 8.424 7.889 7.338 6.756 6.147 6.175 6.636 7.103 7.576 8.056 8.541 9.033 9.530 10.034 10.544 11.059 11.581 11.534 11.212 10.876 10.527 10.165 9.790 9.402 9.000 8.586 8.158 7.717 7.263 7.361 7.636 7.917 8.205 8.500 8.801 9.109 9.424 9.745 10.073 10.408 10.749 11.923 13.363 14.921 16.426 17.879 19.280 20.628 21.925 23.168 24.360 25.499 26.586 28.045 29.442
8.403 8.833 9.272 9.721 10.180 10.648 11.127 11.615 12.113 12.620 13.138 13.204 12.721 12.224 11.710 11.182 10.639 10.080 9.506 8.917 8.313 7.678 7.015 6.893 7.381 7.875 8.376 8.882 9.395 9.913 10.438 10.968 11.505 12.048 12.597 12.630 12.249 11.854 11.447 11.026 10.592 10.145 9.685 9.212 8.726 8.226 7.713 7.725 8.029 8.340 8.657 9.020 9.492 10.031 10.636 11.308 12.046 12.851 13.722 15.011 16.389 17.715 18.989 20.210 21.380 22.496 23.561 24.573 25.533 26.441 27.297 28.321 29.303
9.397 9.861 10.334 10.817 11.310 11.812 12.324 12.846 13.378 13.919 14.470 14.671 14.135 13.584 13.018 12.436 11.839 11.227 10.600 9.958 9.301 8.612 7.896 7.604 8.119 8.640 9.167 9.701 10.240 10.785 11.337 11.895 12.458 13.028 13.604 13.738 13.298 12.845 12.379 11.900 11.408 10.902 10.357 9.766 9.174 8.582 7.990 7.951 8.452 9.020 9.654 10.354 11.122 11.955 12.855 13.822 14.855 15.955 17.121 18.319 19.465 20.559 21.602 22.591 23.529 24.414 25.248 26.029 26.757 27.434 28.058 28.689 29.256
10.381 10.878 11.385 11.902 12.429 12.965 13.511 14.067 14.632 15.207 15.792 16.150 15.561 14.956 14.337 13.702 13.052 12.387 11.707 11.012 10.301 9.559 8.789 8.306 8.848 9.396 9.951 10.511 11.077 11.650 12.228 12.813 13.404 13.958 14.445 14.589 13.999 13.408 12.817 12.225 11.633 11.040 10.448 9.854 9.261 8.667 8.072 8.034 8.830 9.692 10.621 11.617 12.679 13.807 15.002 16.264 17.592 18.986 20.447 21.675 22.590 23.453 24.264 25.022 25.728 26.383 26.985 27.534 28.032 28.477 28.871 29.150 29.302
11.354 11.885 12.426 12.976 13.537 14.107 14.687 15.276 15.876 16.485 17.104 17.641 16.999 16.341 15.669 14.981 14.278 13.559 12.826 12.077 11.314 10.518 9.694 9.001 9.535 10.017 10.500 10.985 11.470 11.958 12.446 12.936 13.427 13.920 14.414 14.693 14.101 13.508 12.915 12.321 11.727 11.133 10.538 9.943 9.348 8.752 8.156 8.045 9.136 10.294 11.517 12.808 14.164 15.588 17.077 18.633 20.255 21.944 23.699 25.080 25.764 26.396 26.975 27.502 27.978 28.401 28.771 29.090 29.357 29.571 29.734 29.702 29.441
12.316 12.881 13.456 14.040 14.634 15.238 15.852 16.475 17.109 17.751 18.404 19.066 18.449 17.738 17.012 16.271 15.473 14.416 13.403 12.434 11.508 10.629 9.790 8.985 9.441 9.929 10.419 10.909 11.401 11.894 12.389 12.885 13.382 13.881 14.381 14.798 14.204 13.609 13.014 12.418 11.823 11.226 10.630 10.033 9.435 8.838 8.239 7.986 9.372 10.824 12.342 13.927 15.578 17.296 19.080 20.930 22.847 24.830 26.879 28.535 28.987 29.388 29.736 30.032 30.276 30.469 30.608 30.696 30.732 30.716 30.647 30.347 29.672
13.268 13.866 14.475 15.093 15.721 16.359 17.007 17.664 18.331 18.914 19.148 19.367 18.496 17.416 16.379 15.387 14.438 13.534 12.673 11.856 11.083 10.357 9.671 9.021 9.346 9.840 10.336 10.832 11.330 11.830 12.330 12.832 13.336 13.840 14.346 14.854 14.307 13.710 13.113 12.516 11.918 11.320 10.721 10.123 9.523 8.924 8.324 7.857 9.537 11.284 13.096 14.975 16.921 18.933 21.011 23.155 25.366 27.643 29.986 32.038 32.259 32.429 32.546 32.612 32.625 32.586 32.496 32.353 32.158 31.911 31.612 31.084 29.995
14.209 14.841 15.379 15.661 15.930 16.184 16.425 16.652 16.865 17.065 17.250 17.421 16.813 15.886 15.002 14.162 13.365 12.613 11.904 11.240 10.619 10.046 9.514 9.017 9.250 9.750 10.251 10.754 11.258 11.763 12.270 12.778 13.287 13.798 14.310 14.824 14.410 13.812 13.213 12.614 12.014 11.414 10.814 10.213 9.612 9.010 8.408 7.806 9.632 11.672 13.779 15.952 18.192 20.498 22.870 25.308 27.813 30.383 33.021 35.590 35.580 35.519 35.406 35.241 35.023 34.754 34.433 34.059 33.634 33.156 32.627 31.912 30.411
13.368 13.630 13.878 14.113 14.334 14.541 14.734 14.913 15.078 15.230 15.367 15.491 15.093 14.318 13.586 12.898 12.254 11.654 11.098 10.585 10.116 9.696 9.318 8.975 9.151 9.658 10.165 10.674 11.184 11.695 12.208 12.722 13.238 13.754 14.273 14.792 14.514 13.914 13.313 12.712 12.110 11.508 10.906 10.303 9.700 9.097 8.493 7.889 9.656 11.990 14.391 16.858 19.392 21.991 24.657 27.389 30.187 33.052 35.983 38.980 38.951 38.659 38.315 37.919 37.471 36.971 36.420 35.816 35.160 34.452 33.692 32.708 30.573
11.978 12.192 12.393 12.580 12.753 12.912 13.057 13.189 13.306 13.410 13.500 13.576 13.336 12.712 12.133 11.597 11.105 10.657 10.253 9.892 9.575 9.308 9.084 8.894 9.052 9.564 10.078 10.592 11.109 11.626 12.145 12.665 13.186 13.709 14.233 14.759 14.618 14.016 13.414 12.810 12.207 11.603 10.999 10.395 9.790 9.184 8.579 7.972 9.609 12.238 14.932 17.693 20.520 23.413 26.373 29.398 32.490 35.648 38.872 42.162 42.370 41.847 41.059 39.845 38.645 37.461 36.292 35.138 34.000 32.876 31.768 30.675 28.854
10.603 10.770 10.923 11.062 11.187 11.298 11.396 11.480 11.549 11.606 11.648 11.676 11.540 11.069 10.642 10.258 9.918 9.622 9.370 9.161 8.996 8.881 8.811 8.774 8.951 9.469 9.989 10.510 11.032 11.555 12.080 12.606 13.134 13.663 14.193 14.724 14.723 14.119 13.515 12.910 12.304 11.699 11.093 10.486 9.879 9.272 8.664 8.056 9.492 12.414 15.403 18.457 21.577 24.684 27.572 30.381 33.111 35.762 38.334 40.826 40.703 39.525 38.363 37.215 36.083 34.966 33.864 32.778 31.707 30.651 29.610 28.584 27.079
