DATA/SHG/ECMWF/20170628/EN-0/20170710.en-0.asc
ncols        190
nrows        64
xllcorner    -5100000.000000000000
yllcorner    4130000.000000000000
cellsize     10000.000000000000
NODATA_value  -99999.000
[rows 0 to 32 of 64, columns 73 to 145 of 190]
3.441 3.583 3.727 3.874 4.023 4.175 4.330 4.487 4.610 4.669 4.741 4.816 4.895 4.979 5.067 5.158 5.254 5.354 5.458 5.567 5.655 5.664 5.672 5.685 5.704 5.727 5.756 5.789 5.828 5.872 5.921 5.976 6.049 6.163 6.264 6.353 6.428 6.490 6.539 6.575 6.599 6.609 6.606 6.591 6.592 6.680 6.765 6.849 6.930 7.010 7.087 7.162 7.236 7.307 7.376 7.444 7.466 7.353 7.230 7.097 6.953 6.799 6.634 6.459 6.273 6.077 5.870 5.653 5.509 5.608 5.728 5.870 6.034
3.386 3.536 3.749 3.965 4.164 4.348 4.516 4.668 4.795 4.876 4.962 5.052 5.145 5.243 5.345 5.451 5.562 5.676 5.794 5.917 6.034 6.065 6.096 6.132 6.174 6.220 6.271 6.328 6.390 6.457 6.529 6.606 6.686 6.742 6.785 6.815 6.832 6.836 6.828 6.806 6.771 6.724 6.663 6.590 6.525 6.604 6.680 6.754 6.827 6.897 6.966 7.032 7.096 7.159 7.219 7.277 7.305 7.146 6.976 6.796 6.605 6.404 6.193 5.971 5.739 5.496 5.242 4.979 4.774 4.970 5.186 5.425 5.685
3.896 4.087 4.263 4.423 4.567 4.694 4.806 4.902 4.983 5.079 5.179 5.283 5.391 5.503 5.620 5.740 5.865 5.993 6.126 6.263 6.404 6.460 6.514 6.573 6.637 6.706 6.781 6.860 6.945 7.035 7.130 7.230 7.335 7.334 7.319 7.291 7.250 7.196 7.130 7.050 6.958 6.852 6.734 6.602 6.460 6.530 6.597 6.663 6.726 6.787 6.847 6.904 6.960 7.013 7.064 7.114 7.155 6.949 6.733 6.506 6.269 6.021 5.763 5.494 5.215 4.926 4.626 4.315 4.131 4.651 5.188 5.741 6.311
4.536 4.672 4.791 4.895 4.983 5.055 5.111 5.151 5.175 5.278 5.392 5.510 5.633 5.759 5.890 6.025 6.164 6.306 6.453 6.605 6.760 6.848 6.925 7.007 7.094 7.186 7.283 7.386 7.493 7.606 7.724 7.847 7.975 7.939 7.866 7.780 7.681 7.570 7.445 7.308 7.158 6.994 6.818 6.629 6.427 6.458 6.516 6.573 6.627 6.680 6.730 6.779 6.825 6.869 6.912 6.952 6.990 6.763 6.501 6.261 6.070 5.905 5.767 5.655 5.569 5.509 5.476 5.469 5.488 6.043 6.654 7.282 7.927
5.190 5.270 5.334 5.382 5.414 5.430 5.430 5.414 5.383 5.472 5.601 5.734 5.870 6.011 6.156 6.305 6.458 6.615 6.777 6.942 7.112 7.230 7.330 7.435 7.545 7.660 7.780 7.905 8.035 8.171 8.311 8.457 8.608 8.557 8.426 8.283 8.126 7.957 7.775 7.579 7.371 7.150 6.916 6.669 6.410 6.388 6.438 6.485 6.531 6.574 6.620 6.668 6.716 6.763 6.809 6.855 6.900 6.790 6.663 6.563 6.489 6.441 6.420 6.424 6.455 6.512 6.595 6.705 6.840 7.417 8.102 8.805 9.524
5.858 5.882 5.890 5.882 5.859 5.819 5.763 5.692 5.604 5.663 5.806 5.953 6.104 6.259 6.418 6.581 6.749 6.920 7.096 7.275 7.459 7.606 7.728 7.856 7.989 8.127 8.270 8.418 8.571 8.729 8.893 9.061 9.235 9.189 9.000 8.799 8.585 8.358 8.117 7.864 7.599 7.326 7.042 6.741 6.423 6.341 6.390 6.438 6.485 6.532 6.578 6.623 6.668 6.712 6.755 6.798 6.840 6.831 6.822 6.838 6.881 6.950 7.045 7.166 7.313 7.487 7.687 7.913 8.165 8.772 9.531 10.308 11.101
6.540 6.508 6.461 6.397 6.318 6.222 6.111 5.984 5.841 5.849 6.007 6.168 6.333 6.503 6.676 6.854 7.035 7.221 7.411 7.605 7.802 7.975 8.120 8.271 8.426 8.587 8.753 8.924 9.100 9.281 9.467 9.658 9.874 9.880 9.656 9.415 9.157 8.882 8.590 8.281 7.954 7.611 7.251 6.873 6.479 6.315 6.361 6.406 6.450 6.494 6.537 6.579 6.621 6.662 6.702 6.741 6.780 6.846 6.953 7.086 7.245 7.431 7.642 7.880 8.144 8.434 8.750 9.093 9.461 10.108 10.942 11.793 12.660
7.236 7.149 7.045 6.926 6.791 6.640 6.473 6.290 6.091 6.032 6.203 6.379 6.558 6.742 6.930 7.122 7.317 7.517 7.721 7.930 8.142 8.338 8.506 8.705 8.917 9.134 9.354 9.578 9.805 10.037 10.272 10.511 10.754 10.794 10.493 10.176 9.842 9.490 9.122 8.736 8.334 7.914 7.477 7.023 6.553 6.289 6.332 6.374 6.415 6.456 6.496 6.535 6.574 6.612 6.649 6.686 6.722 6.834 7.057 7.307 7.583 7.885 8.213 8.567 8.947 9.354 9.786 10.245 10.730 11.425 12.333 13.259 14.201
7.946 7.803 7.644 7.469 7.278 7.071 6.849 6.610 6.356 6.210 6.396 6.586 6.780 6.977 7.179 7.394 7.649 7.909 8.174 8.444 8.720 8.981 9.203 9.428 9.658 9.891 10.128 10.368 10.613 10.861 11.113 11.368 11.628 11.725 11.348 10.955 10.544 10.116 9.671 9.209 8.731 8.235 7.722 7.192 6.645 6.264 6.304 6.343 6.381 6.419 6.456 6.492 6.528 6.563 6.597 6.631 6.664 6.794 7.134 7.500 7.893 8.311 8.755 9.226 9.722 10.245 10.794 11.369 11.970 12.723 13.706 14.706 15.722
8.670 8.471 8.256 8.026 7.779 7.517 7.239 6.945 6.644 6.438 6.679 6.925 7.177 7.434 7.697 7.964 8.237 8.515 8.799 9.087 9.381 9.666 9.905 10.147 10.393 10.643 10.896 11.154 11.415 11.680 11.948 12.220 12.497 12.673 12.221 11.751 11.264 10.760 10.239 9.701 9.146 8.574 7.984 7.378 6.755 6.240 6.277 6.313 6.348 6.383 6.417 6.450 6.483 6.515 6.546 6.577 6.607 6.728 7.184 7.667 8.175 8.710 9.271 9.857 10.470 11.109 11.774 12.465 13.182 14.003 15.060 16.134 17.224
9.408 9.125 8.809 8.504 8.208 7.923 7.648 7.384 7.130 6.892 7.151 7.416 7.687 7.962 8.243 8.529 8.820 9.116 9.418 9.725 10.037 10.345 10.601 10.860 11.123 11.390 11.660 11.934 12.212 12.493 12.778 13.067 13.360 13.640 13.110 12.564 12.001 11.421 10.824 10.210 9.579 8.930 8.265 7.583 6.884 6.217 6.250 6.283 6.316 6.347 6.379 6.409 6.439 6.468 6.496 6.524 6.551 6.635 7.208 7.806 8.431 9.082 9.758 10.461 11.190 11.945 12.726 13.534 14.367 15.265 16.396 17.544 18.708
9.641 9.350 9.070 8.800 8.541 8.291 8.052 7.823 7.605 7.396 7.619 7.902 8.190 8.484 8.783 9.087 9.397 9.712 10.032 10.357 10.687 11.013 11.293 11.568 11.848 12.131 12.418 12.708 13.003 13.301 13.603 13.909 14.218 14.531 14.018 13.396 12.756 12.100 11.427 10.737 10.029 9.305 8.564 7.806 7.030 6.238 6.225 6.255 6.284 6.313 6.341 6.368 6.395 6.421 6.446 6.471 6.495 6.518 7.204 7.918 8.659 9.426 10.219 11.038 11.883 12.754 13.651 14.574 15.497 16.398 17.471 18.513 19.524
9.821 9.566 9.322 9.087 8.863 8.650 8.446 8.253 8.070 7.897 8.080 8.382 8.688 9.001 9.318 9.640 9.968 10.301 10.639 10.983 11.332 11.676 11.979 12.271 12.567 12.867 13.171 13.478 13.789 14.104 14.422 14.744 15.070 15.400 14.943 14.244 13.529 12.797 12.048 11.281 10.498 9.698 8.881 8.046 7.195 6.327 6.200 6.227 6.253 6.279 6.304 6.328 6.352 6.375 6.398 6.419 6.440 6.461 7.173 8.053 8.987 9.913 10.829 11.736 12.634 13.523 14.402 15.273 16.134 16.986 17.917 18.823 19.700
9.991 9.772 9.563 9.364 9.176 8.998 8.830 8.672 8.525 8.388 8.536 8.856 9.181 9.511 9.847 10.188 10.534 10.885 11.242 11.603 11.971 12.333 12.659 12.968 13.281 13.598 13.918 14.242 14.570 14.901 15.236 15.575 15.918 16.264 15.885 15.111 14.320 13.511 12.686 11.844 10.985 10.108 9.215 8.305 7.378 6.434 6.176 6.200 6.223 6.246 6.339 6.505 6.667 6.826 6.981 7.134 7.283 7.428 8.160 9.063 9.957 10.842 11.718 12.584 13.441 14.290 15.129 15.959 16.780 17.591 18.392 19.164 19.905
10.151 9.968 9.794 9.632 9.479 9.336 9.204 9.082 8.970 8.869 8.987 9.325 9.668 10.017 10.371 10.730 11.094 11.463 11.838 12.218 12.604 12.985 13.335 13.661 13.990 14.323 14.660 15.001 15.345 15.693 16.045 16.400 16.760 17.122 16.845 15.995 15.127 14.243 13.342 12.424 11.489 10.552 9.655 8.796 7.976 7.194 6.986 7.150 7.311 7.468 7.622 7.773 7.920 8.064 8.205 8.342 8.476 8.607 9.219 10.081 10.935 11.779 12.614 13.440 14.257 15.065 15.863 16.653 17.433 18.204 18.897 19.534 20.140
10.302 10.154 10.016 9.889 9.772 9.665 9.568 9.482 9.405 9.339 9.432 9.788 10.150 10.516 10.889 11.266 11.648 12.036 12.429 12.828 13.231 13.631 14.005 14.348 14.694 15.043 15.397 15.754 16.115 16.480 16.848 17.220 17.510 17.711 17.398 16.402 15.444 14.526 13.645 12.804 12.001 11.236 10.510 9.823 9.174 8.564 8.331 8.480 8.625 8.768 8.907 9.043 9.175 9.304 9.430 9.552 9.671 9.787 10.285 11.107 11.920 12.724 13.518 14.304 15.080 15.848 16.606 17.355 18.095 18.825 19.431 19.933 20.405
10.442 10.330 10.228 10.136 10.055 9.983 9.922 9.871 9.830 9.800 9.871 10.246 10.626 11.011 11.401 11.797 12.197 12.603 13.015 13.431 13.853 14.271 14.671 14.993 15.275 15.539 15.785 16.013 16.224 16.417 16.592 16.750 16.890 17.012 16.840 16.016 15.230 14.482 13.773 13.103 12.471 11.878 11.323 10.807 10.329 9.890 9.677 9.811 9.942 10.069 10.193 10.314 10.432 10.546 10.657 10.764 10.868 10.969 11.359 12.141 12.913 13.676 14.431 15.176 15.912 16.639 17.356 18.065 18.764 19.455 19.995 20.362 20.699
10.573 10.497 10.430 10.374 10.328 10.292 10.266 10.251 10.245 10.250 10.305 10.698 11.096 11.499 11.908 12.329 12.825 13.278 13.686 14.052 14.374 14.648 14.881 15.102 15.305 15.490 15.657 15.807 15.939 16.053 16.150 16.229 16.290 16.334 16.242 15.588 14.974 14.398 13.860 13.361 12.900 12.478 12.094 11.749 11.442 11.174 11.025 11.144 11.260 11.372 11.482 11.587 11.690 11.789 11.885 11.978 12.067 12.153 12.441 13.182 13.914 14.637 15.351 16.056 16.751 17.437 18.115 18.783 19.442 20.092 20.588 20.820 21.023
10.694 10.653 10.622 10.602 10.591 10.591 10.600 10.620 10.682 10.932 11.233 11.789 12.307 12.782 13.213 13.601 13.946 14.247 14.504 14.719 14.890 15.011 15.091 15.230 15.354 15.461 15.550 15.621 15.674 15.710 15.728 15.728 15.711 15.676 15.602 15.120 14.676 14.271 13.904 13.576 13.287 13.035 12.823 12.648 12.513 12.415 12.374 12.479 12.580 12.677 12.772 12.863 12.950 13.035 13.116 13.193 13.268 13.339 13.531 14.231 14.923 15.606 16.279 16.943 17.598 18.244 18.881 19.509 20.128 20.738 21.210 21.308 21.376
10.806 10.811 10.878 10.998 11.169 11.392 11.667 11.993 12.371 12.800 13.281 13.704 14.071 14.394 14.674 14.911 15.104 15.254 15.360 15.423 15.443 15.413 15.340 15.378 15.424 15.452 15.462 15.454 15.429 15.386 15.326 15.248 15.152 15.038 14.907 14.610 14.337 14.103 13.907 13.750 13.631 13.551 13.509 13.506 13.541 13.614 13.726 13.815 13.901 13.984 14.063 14.139 14.212 14.282 14.348 14.411 14.470 14.526 14.628 15.288 15.940 16.582 17.215 17.839 18.454 19.059 19.656 20.243 20.822 21.391 21.862 21.825 21.759
10.993 11.190 11.438 11.737 12.088 12.491 12.945 13.451 14.009 14.618 15.279 15.656 15.871 16.043 16.172 16.258 16.300 16.298 16.254 16.166 16.035 15.853 15.627 15.546 15.513 15.462 15.394 15.308 15.204 15.083 14.944 14.787 14.613 14.421 14.211 14.059 13.957 13.894 13.869 13.882 13.934 14.025 14.153 14.321 14.526 14.770 15.053 15.153 15.224 15.292 15.357 15.418 15.476 15.531 15.582 15.630 15.674 15.716 15.754 16.353 16.964 17.566 18.159 18.742 19.317 19.882 20.438 20.986 21.524 21.985 22.291 21.990 21.697
11.144 11.520 11.948 12.427 12.958 13.540 14.174 14.860 15.597 16.386 17.226 17.645 17.709 17.730 17.708 17.642 17.533 17.381 17.185 16.947 16.665 16.331 15.953 15.733 15.622 15.493 15.346 15.181 14.999 14.799 14.582 14.347 14.094 13.824 13.536 13.466 13.535 13.643 13.789 13.973 14.195 14.456 14.756 15.093 15.469 15.884 16.337 16.493 16.549 16.602 16.652 16.698 16.741 16.781 16.818 16.851 16.881 16.907 16.930 17.426 18.004 18.558 19.063 19.521 19.929 20.290 20.602 20.866 21.082 21.250 21.369 21.129 20.872
11.245 11.801 12.409 13.068 13.778 14.540 15.354 16.219 17.136 18.104 19.124 19.670 19.584 19.454 19.280 19.064 18.804 18.501 18.155 17.765 17.332 16.847 16.316 15.940 15.750 15.543 15.317 15.074 14.814 14.536 14.240 13.926 13.595 13.247 12.880 12.833 13.072 13.350 13.667 14.021 14.415 14.846 15.316 15.824 16.370 16.955 17.578 17.835 17.876 17.914 17.949 17.925 17.850 17.825 17.852 17.930 18.058 18.238 18.468 18.854 19.242 19.582 19.873 20.117 20.312 20.459 20.557 20.608 20.610 20.564 20.470 20.260 20.040
11.298 12.034 12.821 13.659 14.549 15.491 16.484 17.528 18.624 19.772 20.971 21.733 21.496 21.215 20.891 20.523 20.113 19.659 19.162 18.622 18.038 17.401 16.718 16.167 15.899 15.612 15.309 14.987 14.649 14.292 13.918 13.526 13.117 12.690 12.245 12.158 12.568 13.017 13.504 14.029 14.592 15.194 15.792 16.312 16.800 17.255 17.678 17.817 17.763 17.761 17.810 17.910 18.061 18.262 18.515 18.818 19.173 19.578 20.035 20.353 20.527 20.653 20.731 20.761 20.742 20.675 20.561 20.397 20.186 19.927 19.619 19.385 19.201
11.302 12.217 13.184 14.202 15.271 16.392 17.564 18.788 20.063 21.390 22.768 23.833 23.444 23.013 22.538 22.020 21.459 20.854 20.207 19.516 18.782 17.994 17.159 16.413 16.066 15.702 15.320 14.920 14.503 14.068 13.616 13.146 12.659 12.203 11.829 11.781 12.384 12.954 13.493 13.999 14.473 14.914 15.324 15.701 16.045 16.358 16.638 16.844 17.017 17.241 17.516 17.841 18.218 18.645 19.124 19.653 20.233 20.864 21.546 21.900 21.860 21.773 21.637 21.453 21.221 20.941 20.612 20.236 19.811 19.338 18.818 18.503 18.355
11.258 12.352 13.498 14.695 15.944 17.244 18.595 19.998 21.452 22.958 24.515 25.970 25.430 24.848 24.223 23.554 22.842 22.087 21.289 20.448 19.564 18.624 17.637 16.679 16.252 15.824 15.408 15.004 14.612 14.231 13.862 13.505 13.160 12.826 12.504 12.349 12.809 13.237 13.632 13.995 14.326 14.624 14.891 15.125 15.327 15.496 15.634 15.819 16.218 16.667 17.168 17.719 18.322 18.975 19.679 20.434 21.240 22.096 23.004 23.493 23.240 22.939 22.590 22.193 21.748 21.254 20.713 20.123 19.485 18.799 18.065 17.614 17.502
11.165 12.439 13.764 15.140 16.568 18.047 19.577 21.159 22.792 24.477 26.212 28.000 27.453 26.721 25.945 25.126 24.209 22.953 21.763 20.639 19.582 18.595 17.667 16.792 16.394 16.019 15.655 15.303 14.962 14.633 14.316 14.011 13.717 13.435 13.165 12.952 13.269 13.553 13.806 14.026 14.214 14.369 14.493 14.584 14.643 14.670 14.664 14.741 15.366 16.041 16.767 17.544 18.372 19.251 20.180 21.161 22.192 23.274 24.407 25.134 24.668 24.154 23.592 22.981 22.323 21.616 20.861 20.058 19.208 18.309 17.362 16.718 16.642
11.024 12.476 13.980 15.535 17.142 18.800 20.509 22.270 24.082 25.824 27.106 28.336 27.462 26.171 24.946 23.788 22.696 21.670 20.711 19.818 18.991 18.236 17.541 16.899 16.524 16.200 15.888 15.587 15.299 15.022 14.757 14.503 14.261 14.031 13.813 13.606 13.763 13.905 14.014 14.091 14.136 14.149 14.130 14.078 13.995 13.879 13.731 13.611 14.461 15.362 16.314 17.316 18.369 19.473 20.628 21.834 23.090 24.397 25.755 26.823 26.143 25.416 24.641 23.817 22.946 22.026 21.058 20.043 18.979 17.867 16.707 15.816 15.775
10.834 12.465 14.086 15.545 16.954 18.313 19.621 20.879 22.087 23.244 24.351 25.408 24.969 23.908 22.914 21.986 21.124 20.329 19.601 18.938 18.342 17.818 17.357 16.947 16.640 16.368 16.108 15.859 15.622 15.397 15.184 14.982 14.792 14.614 14.447 14.292 14.291 14.290 14.257 14.192 14.094 13.964 13.802 13.608 13.382 13.123 12.832 12.509 13.504 14.630 15.807 17.034 18.313 19.642 21.022 22.453 23.934 25.467 27.050 28.558 27.666 26.726 25.737 24.701 23.616 22.484 21.304 20.075 18.799 17.474 16.102 14.906 14.902
10.053 11.439 12.774 14.059 15.294 16.478 17.612 18.696 19.730 20.713 21.646 22.529 22.418 21.588 20.824 20.127 19.496 18.931 18.432 18.000 17.634 17.342 17.113 16.936 16.743 16.522 16.314 16.117 15.932 15.759 15.597 15.447 15.309 15.183 15.068 14.965 14.854 14.711 14.535 14.327 14.086 13.814 13.509 13.173 12.804 12.403 11.969 11.504 12.494 13.845 15.247 16.700 18.203 19.758 21.363 23.018 24.725 26.482 28.290 30.149 29.236 28.083 26.882 25.632 24.335 22.990 21.597 20.156 18.667 17.130 15.545 13.992 14.046
9.138 10.349 11.511 12.621 13.682 14.692 15.652 16.562 17.422 18.231 18.990 19.699 19.810 19.210 18.677 18.210 17.809 17.474 17.206 17.004 16.868 16.807 16.810 16.866 16.832 16.664 16.507 16.362 16.229 16.107 15.998 15.899 15.813 15.738 15.675 15.623 15.451 15.165 14.847 14.496 14.113 13.698 13.251 12.772 12.261 11.717 11.142 10.534 11.431 13.008 14.635 16.312 18.041 19.820 21.650 23.530 25.462 27.443 29.476 31.559 30.853 29.487 27.968 26.241 24.537 22.854 21.195 19.557 17.942 16.349 14.778 13.230 13.305
8.271 9.308 10.295 11.232 12.119 12.955 13.741 14.477 15.163 15.799 16.384 16.919 17.145 16.775 16.472 16.235 16.064 15.960 15.921 15.949 16.043 16.213 16.449 16.737 16.909 16.792 16.687 16.594 16.512 16.443 16.384 16.338 16.303 16.280 16.268 16.268 16.083 15.654 15.193 14.700 14.175 13.618 13.028 12.407 11.753 11.067 10.350 9.600 10.316 12.117 13.969 15.872 17.825 19.784 21.633 23.450 25.236 26.991 28.714 30.405 29.701 28.028 26.377 24.749 23.142 21.559 19.997 18.458 16.941 15.446 13.974 12.524 12.536
7.452 8.315 9.128 9.891 10.604 11.267 11.879 12.442 12.954 13.416 13.827 14.189 14.423 14.283 14.210 14.203 14.262 14.387 14.579 14.836 15.160 15.561 16.029 16.550 16.972 16.907 16.854 16.812 16.782 16.764 16.758 16.763 16.780 16.808 16.848 16.900 16.749 16.178 15.574 14.939 14.271 13.572 12.840 12.076 11.288 10.506 9.719 8.928 9.396 11.264 13.100 14.905 16.678 18.420 20.131 21.809 23.457 25.073 26.657 28.210 27.893 26.318 24.765 23.235 21.728 20.242 18.779 17.338 15.920 14.523 13.149 11.798 11.738
