DATA/SHG/ECMWF/20170628/EN-0/20170706.en-0.asc
ncols        190
nrows        64
xllcorner    -5100000.000000000000
yllcorner    4130000.000000000000
cellsize     10000.000000000000
NODATA_value  -99999.000
[rows 0 to 31 of 64, columns 0 to 72 of 190]
2.822 3.299 3.792 4.299 4.821 5.357 5.908 6.474 7.054 7.260 7.334 7.394 7.441 7.475 7.496 7.504 7.498 7.480 7.449 7.445 7.461 7.381 7.246 7.102 6.950 6.788 6.619 6.440 6.253 6.057 5.853 5.639 5.418 5.330 5.351 5.395 5.462 5.552 5.665 5.802 5.962 6.144 6.350 6.579 6.832 7.065 7.258 7.437 7.604 7.758 7.898 8.026 8.140 8.242 8.331 8.406 8.469 8.430 8.265 8.077 7.867 7.634 7.379 7.100 6.800 6.476 6.130 5.761 5.370 5.129 5.170 5.227 5.298
2.830 3.360 3.904 4.463 5.037 5.625 6.228 6.845 7.477 7.752 7.779 7.792 7.769 7.754 7.748 7.751 7.763 7.784 7.814 7.853 7.901 7.841 7.675 7.500 7.317 7.125 6.925 6.716 6.498 6.271 6.036 5.792 5.540 5.441 5.543 5.668 5.817 5.989 6.184 6.401 6.642 6.907 7.194 7.504 7.837 8.112 8.259 8.393 8.514 8.621 8.716 8.798 8.867 8.923 8.965 8.995 9.012 8.943 8.698 8.431 8.141 7.828 7.493 7.135 6.755 6.352 5.926 5.478 5.007 4.660 4.753 4.862 4.985
2.822 3.404 4.000 4.611 5.233 5.843 6.447 7.045 7.638 7.949 7.939 7.938 7.945 7.962 7.988 8.022 8.066 8.119 8.180 8.251 8.330 8.309 8.112 7.907 7.693 7.471 7.239 7.000 6.751 6.494 6.228 5.954 5.671 5.528 5.711 5.918 6.148 6.401 6.677 6.976 7.299 7.644 8.012 8.404 8.819 9.171 9.272 9.360 9.435 9.497 9.546 9.582 9.605 9.615 9.612 9.596 9.567 9.477 9.153 8.806 8.436 8.044 7.630 7.192 6.732 6.250 5.745 5.217 4.778 4.433 4.667 4.886 5.089
2.880 3.493 4.100 4.701 5.296 5.886 6.471 7.049 7.622 8.020 8.042 8.072 8.112 8.160 8.217 8.283 8.359 8.443 8.536 8.638 8.749 8.785 8.558 8.322 8.078 7.825 7.563 7.292 7.013 6.725 6.429 6.124 5.810 5.591 5.856 6.144 6.455 6.789 7.147 7.527 7.930 8.357 8.807 9.279 9.775 10.241 10.296 10.338 10.367 10.383 10.387 10.377 10.354 10.319 10.270 10.209 10.134 10.032 9.629 9.202 8.753 8.289 7.835 7.391 6.955 6.529 6.112 5.704 5.305 4.915 5.085 5.249 5.397
3.029 3.622 4.209 4.790 5.366 5.936 6.500 7.059 7.612 8.082 8.135 8.197 8.268 8.348 8.437 8.535 8.641 8.757 8.882 9.016 9.158 9.271 9.013 8.746 8.471 8.187 7.895 7.594 7.284 6.966 6.639 6.303 5.959 5.630 5.976 6.345 6.738 7.153 7.592 8.053 8.538 9.045 9.576 10.130 10.706 11.306 11.332 11.328 11.311 11.282 11.239 11.184 11.116 11.004 10.802 10.623 10.466 10.331 9.903 9.453 9.013 8.582 8.160 7.747 7.344 6.949 6.564 6.188 5.822 5.464 5.517 5.626 5.720
3.183 3.756 4.324 4.885 5.441 5.991 6.536 7.075 7.608 8.133 8.218 8.311 8.414 8.526 8.646 8.776 8.914 9.061 9.218 9.383 9.557 9.740 9.476 9.179 8.873 8.558 8.235 7.904 7.564 7.215 6.857 6.491 6.116 5.733 6.073 6.523 6.997 7.493 8.013 8.555 9.121 9.709 10.321 10.956 11.613 12.294 12.277 11.997 11.740 11.505 11.292 11.102 10.934 10.789 10.665 10.564 10.485 10.429 10.089 9.672 9.264 8.865 8.475 8.095 7.723 7.361 7.008 6.664 6.329 6.004 5.962 6.017 6.056
3.344 3.897 4.444 4.986 5.522 6.053 6.578 7.097 7.611 8.118 8.291 8.416 8.550 8.694 8.846 9.007 9.177 9.355 9.543 9.740 9.946 10.160 9.947 9.620 9.283 8.938 8.585 8.223 7.852 7.472 7.084 6.688 6.282 5.868 6.145 6.677 7.231 7.809 8.409 8.942 9.401 9.849 10.286 10.710 11.122 11.523 11.491 11.290 11.111 10.955 10.821 10.709 10.619 10.552 10.507 10.484 10.483 10.505 10.267 9.882 9.506 9.139 8.781 8.433 8.093 7.763 7.442 7.130 6.827 6.534 6.422 6.422 6.407
3.510 4.043 4.571 5.093 5.609 6.120 6.625 7.125 7.619 8.107 8.355 8.511 8.677 8.852 9.035 9.228 9.429 9.640 9.859 10.087 10.324 10.570 10.427 10.069 9.702 9.327 8.943 8.550 8.149 7.739 7.320 6.893 6.402 5.902 6.002 6.480 6.945 7.399 7.841 8.272 8.690 9.097 9.492 9.875 10.246 10.606 10.685 10.562 10.462 10.383 10.327 10.294 10.282 10.293 10.326 10.382 10.459 10.559 10.436 10.083 9.739 9.404 9.078 8.761 8.454 8.156 7.867 7.587 7.316 7.055 6.896 6.842 6.772
3.682 4.196 4.703 5.206 5.702 6.193 6.679 7.158 7.633 8.101 8.408 8.596 8.794 9.000 9.215 9.439 9.672 9.914 10.164 10.424 10.693 10.970 10.916 10.527 10.130 9.586 9.044 8.514 7.997 7.491 6.997 6.516 6.046 5.588 5.551 5.988 6.412 6.825 7.226 7.615 7.992 8.357 8.711 9.053 9.383 9.701 9.857 9.813 9.791 9.791 9.813 9.857 9.924 10.013 10.124 10.258 10.413 10.591 10.596 10.274 9.962 9.659 9.366 9.081 8.806 8.539 8.282 8.034 7.796 7.566 7.383 7.275 7.151
3.860 4.354 4.842 5.324 5.801 6.272 6.738 7.198 7.652 8.101 8.452 8.672 8.900 9.138 9.385 9.640 9.904 10.158 10.277 10.394 10.508 10.620 10.493 9.958 9.434 8.923 8.423 7.936 7.460 6.997 6.545 6.105 5.678 5.262 5.113 5.508 5.892 6.263 6.623 6.970 7.306 7.631 7.943 8.244 8.533 8.810 9.009 9.042 9.098 9.177 9.277 9.400 9.544 9.711 9.901 10.112 10.346 10.602 10.746 10.457 10.177 9.906 9.644 9.392 9.148 8.914 8.689 8.472 8.266 8.068 7.885 7.722 7.544
4.044 4.518 4.986 5.449 5.906 6.357 6.803 7.244 7.678 8.107 8.449 8.576 8.701 8.824 8.944 9.062 9.178 9.291 9.402 9.510 9.616 9.720 9.692 9.199 8.717 8.248 7.791 7.345 6.912 6.490 6.081 5.684 5.298 4.925 4.688 5.042 5.384 5.714 6.032 6.339 6.634 6.917 7.188 7.448 7.695 7.931 8.139 8.251 8.385 8.541 8.720 8.921 9.143 9.388 9.656 9.945 10.257 10.591 10.888 10.631 10.382 10.143 9.914 9.693 9.481 9.279 9.086 8.901 8.726 8.560 8.401 8.184 7.952
4.233 4.687 5.136 5.568 5.965 6.329 6.659 6.956 7.221 7.452 7.643 7.763 7.879 7.994 8.106 8.216 8.323 8.428 8.530 8.631 8.728 8.824 8.879 8.428 7.989 7.562 7.147 6.743 6.352 5.973 5.606 5.250 4.907 4.575 4.276 4.588 4.889 5.178 5.455 5.720 5.974 6.216 6.446 6.664 6.871 7.066 7.249 7.439 7.651 7.885 8.141 8.420 8.721 9.044 9.389 9.756 10.146 10.558 10.991 10.795 10.579 10.372 10.174 9.985 9.805 9.635 9.473 9.246 8.976 8.721 8.482 8.167 7.859
4.539 4.918 5.265 5.578 5.858 6.105 6.319 6.500 6.647 6.762 6.844 6.953 7.061 7.168 7.271 7.373 7.472 7.569 7.663 7.755 7.844 7.931 8.016 7.646 7.249 6.864 6.491 6.130 5.781 5.444 5.118 4.805 4.504 4.214 3.937 4.147 4.406 4.654 4.890 5.115 5.327 5.528 5.717 5.894 6.060 6.213 6.355 6.605 6.895 7.207 7.542 7.898 8.277 8.678 9.101 9.546 10.013 10.503 11.015 10.951 10.657 10.332 10.023 9.730 9.452 9.190 8.943 8.712 8.496 8.297 8.112 7.865 7.611
4.934 5.197 5.426 5.623 5.787 5.917 6.015 6.079 6.111 6.109 6.075 6.146 6.247 6.345 6.440 6.534 6.625 6.713 6.799 6.883 6.964 7.043 7.119 6.853 6.498 6.155 5.824 5.505 5.198 4.903 4.620 4.348 4.089 3.842 3.606 3.718 3.937 4.143 4.338 4.521 4.693 4.853 5.001 5.137 5.261 5.374 5.475 5.751 6.119 6.509 6.921 7.355 7.812 8.239 8.645 9.035 9.409 9.768 10.111 10.012 9.727 9.457 9.202 8.963 8.740 8.533 8.341 8.164 8.003 7.858 7.728 7.548 7.349
5.365 5.511 5.624 5.705 5.752 5.766 5.748 5.696 5.611 5.493 5.342 5.344 5.436 5.526 5.613 5.698 5.781 5.861 5.939 6.014 6.087 6.158 6.226 6.049 5.736 5.435 5.146 4.869 4.604 4.351 4.109 3.880 3.663 3.457 3.264 3.302 3.479 3.645 3.799 3.941 4.072 4.190 4.297 4.392 4.476 4.547 4.675 4.985 5.430 5.858 6.272 6.670 7.052 7.419 7.771 8.106 8.427 8.732 9.021 9.013 8.782 8.567 8.367 8.183 8.015 7.862 7.724 7.602 7.496 7.405 7.330 7.218 7.073
5.831 5.861 5.858 5.822 5.753 5.651 5.516 5.349 5.148 4.914 4.647 4.545 4.629 4.711 4.790 4.867 4.941 5.013 5.083 5.150 5.215 5.277 5.337 5.233 4.962 4.703 4.456 4.221 3.998 3.787 3.587 3.400 3.225 3.061 2.910 2.899 3.035 3.160 3.289 3.498 3.684 3.847 3.987 4.104 4.197 4.268 4.315 4.506 4.896 5.271 5.630 5.974 6.303 6.615 6.913 7.194 7.461 7.712 7.947 8.001 7.825 7.664 7.519 7.389 7.275 7.177 7.094 7.026 6.975 6.938 6.918 6.873 6.783
6.333 6.247 6.128 5.976 5.791 5.573 5.322 5.038 4.721 4.371 3.988 3.750 3.826 3.899 3.970 4.039 4.105 4.169 4.230 4.289 4.346 4.400 4.452 4.406 4.177 3.960 3.755 3.562 3.381 3.211 3.054 2.953 2.961 2.975 2.994 3.077 3.275 3.449 3.600 3.729 3.834 3.915 3.974 4.010 4.022 4.012 3.978 4.043 4.379 4.700 5.005 5.295 5.569 5.828 6.071 6.299 6.511 6.708 6.889 6.975 6.853 6.747 6.656 6.581 6.522 6.478 6.449 6.437 6.439 6.457 6.491 6.515 6.478
6.871 6.669 6.434 6.166 5.864 5.530 5.163 4.763 4.331 3.865 3.366 2.959 3.026 3.091 3.154 3.214 3.272 3.328 3.381 3.432 3.480 3.526 3.570 3.567 3.460 3.450 3.445 3.445 3.451 3.462 3.478 3.500 3.527 3.560 3.597 3.655 3.771 3.865 3.935 3.982 4.006 4.007 3.985 3.939 3.871 3.780 3.665 3.595 3.878 4.144 4.396 4.631 4.852 5.057 5.246 5.420 5.578 5.721 5.848 5.935 5.868 5.816 5.780 5.760 5.755 5.765 5.791 5.833 5.890 5.962 6.051 6.142 6.159
7.445 7.127 6.775 6.391 5.974 5.524 5.041 4.525 3.977 3.395 2.781 2.171 2.230 2.287 2.342 2.394 2.444 2.594 2.803 3.014 3.227 3.441 3.658 3.867 3.870 3.878 3.892 3.911 3.936 3.965 4.000 4.041 4.086 4.138 4.194 4.255 4.291 4.303 4.292 4.258 4.202 4.122 4.019 3.892 3.743 3.571 3.376 3.164 3.393 3.605 3.803 3.984 4.151 4.302 4.437 4.557 4.661 4.750 4.824 4.882 4.869 4.872 4.890 4.924 4.973 5.038 5.119 5.215 5.326 5.453 5.596 5.754 5.826
8.054 7.620 7.153 6.653 6.120 5.554 4.955 4.324 3.659 2.962 2.339 1.734 1.860 2.066 2.274 2.484 2.696 2.910 3.126 3.343 3.562 3.783 4.006 4.230 4.274 4.301 4.333 4.371 4.414 4.462 4.516 4.575 4.640 4.709 4.784 4.865 4.833 4.764 4.673 4.558 4.420 4.259 4.076 3.869 3.639 3.386 3.110 2.811 2.923 3.082 3.226 3.353 3.466 3.563 3.644 3.710 3.761 3.796 3.816 3.820 3.857 3.914 3.987 4.075 4.179 4.298 4.433 4.583 4.749 4.930 5.127 5.339 5.479
8.699 8.149 7.566 6.972 6.376 5.777 5.176 4.573 3.967 3.359 2.749 2.136 2.142 2.355 2.569 2.786 3.004 3.224 3.446 3.670 3.895 4.122 4.351 4.582 4.672 4.718 4.769 4.825 4.886 4.953 5.026 5.103 5.186 5.275 5.368 5.467 5.398 5.249 5.076 4.881 4.662 4.421 4.156 3.868 3.558 3.224 2.867 2.488 2.470 2.575 2.665 2.739 2.797 2.840 2.868 2.880 2.877 2.858 2.824 2.775 2.830 2.942 3.069 3.212 3.370 3.543 3.732 3.957 4.209 4.451 4.681 4.901 5.046
9.244 8.647 8.047 7.444 6.839 6.232 5.623 5.011 4.396 3.780 3.161 2.539 2.422 2.641 2.862 3.085 3.309 3.536 3.764 3.994 4.226 4.459 4.695 4.932 5.064 5.128 5.197 5.272 5.353 5.438 5.529 5.625 5.727 5.834 5.946 6.063 5.986 5.756 5.502 5.226 4.927 4.605 4.260 3.891 3.500 3.086 2.648 2.188 2.033 2.084 2.120 2.140 2.145 2.134 2.108 2.066 2.009 1.937 1.849 1.746 1.863 2.155 2.435 2.704 2.962 3.210 3.446 3.671 3.886 4.089 4.282 4.463 4.593
9.745 9.138 8.530 7.919 7.305 6.689 6.071 5.451 4.828 4.203 3.575 2.945 2.699 2.925 3.152 3.381 3.612 3.845 4.079 4.316 4.554 4.794 5.036 5.279 5.449 5.532 5.620 5.714 5.813 5.917 6.026 6.141 6.261 6.387 6.517 6.653 6.596 6.286 5.952 5.595 5.215 4.812 4.386 3.937 3.466 2.971 2.453 1.912 1.612 1.609 1.591 1.557 1.508 1.532 1.597 1.650 1.690 1.719 1.735 1.739 1.856 2.109 2.351 2.582 2.802 3.011 3.210 3.397 3.573 3.738 3.893 4.036 4.145
10.247 9.632 9.015 8.395 7.773 7.149 6.522 5.893 5.262 4.628 3.992 3.353 2.974 3.206 3.440 3.675 3.912 4.152 4.392 4.635 4.880 5.126 5.374 5.624 5.828 5.930 6.037 6.149 6.266 6.389 6.517 6.650 6.789 6.933 7.082 7.237 7.230 6.838 6.424 5.986 5.526 5.043 4.536 4.007 3.454 2.879 2.351 1.864 1.573 1.656 1.727 1.785 1.832 1.867 1.889 1.900 1.898 1.884 1.859 1.821 1.859 2.074 2.278 2.471 2.653 2.824 2.984 3.133 3.271 3.398 3.515 3.620 3.704
10.751 10.128 9.502 8.874 8.243 7.610 6.975 6.337 5.697 5.055 4.410 3.763 3.247 3.485 3.725 3.967 4.210 4.456 4.703 4.952 5.203 5.456 5.710 5.966 6.202 6.322 6.447 6.578 6.714 6.855 7.002 7.154 7.311 7.473 7.641 7.814 7.886 7.414 6.919 6.340 5.773 5.229 4.707 4.209 3.733 3.279 2.849 2.441 2.130 2.171 2.200 2.216 2.221 2.213 2.193 2.161 2.118 2.062 1.994 1.913 1.873 2.050 2.215 2.370 2.514 2.647 2.769 2.880 2.980 3.069 3.148 3.215 3.269
11.250 10.626 9.992 9.355 8.716 8.074 7.430 6.784 6.135 5.484 4.831 4.175 3.517 3.762 4.008 4.256 4.506 4.758 5.011 5.267 5.524 5.783 6.044 6.306 6.569 6.707 6.851 7.001 7.155 7.315 7.480 7.648 7.687 7.729 7.774 7.822 7.859 7.303 6.770 6.260 5.772 5.307 4.865 4.445 4.048 3.674 3.323 2.994 2.699 2.697 2.684 2.658 2.620 2.570 2.509 2.435 2.348 2.250 2.140 2.018 1.897 2.036 2.163 2.280 2.386 2.481 2.565 2.638 2.700 2.751 2.791 2.821 2.839
11.664 11.126 10.483 9.838 9.190 8.540 7.888 7.233 6.576 5.916 5.254 4.590 3.923 4.036 4.288 4.543 4.799 5.057 5.317 5.579 5.842 6.108 6.375 6.643 6.893 6.937 6.969 7.003 7.041 7.081 7.125 7.172 7.222 7.275 7.331 7.390 7.452 7.041 6.588 6.156 5.748 5.362 4.999 4.659 4.341 4.046 3.774 3.524 3.297 3.235 3.179 3.111 3.031 2.939 2.835 2.719 2.591 2.451 2.298 2.134 1.957 2.032 2.122 2.201 2.269 2.325 2.371 2.406 2.430 2.444 2.446 2.437 2.417
12.094 11.628 10.977 10.323 9.667 9.008 8.347 7.684 7.018 6.350 5.679 5.006 4.331 4.308 4.567 4.827 5.090 5.342 5.551 5.739 5.904 6.048 6.170 6.269 6.347 6.393 6.435 6.481 6.529 6.581 6.635 6.693 6.754 6.818 6.885 6.955 7.028 6.757 6.382 6.030 5.701 5.395 5.111 4.849 4.611 4.395 4.202 4.031 3.883 3.784 3.686 3.576 3.454 3.320 3.174 3.015 2.845 2.663 2.468 2.262 2.043 2.040 2.091 2.132 2.162 2.181 2.188 2.186 2.172 2.147 2.111 2.064 2.007
12.538 12.133 11.473 10.810 10.145 9.478 8.809 8.137 7.462 6.786 6.117 5.453 4.782 4.606 4.827 5.026 5.202 5.357 5.490 5.600 5.689 5.756 5.800 5.823 5.824 5.846 5.900 5.956 6.015 6.078 6.143 6.212 6.283 6.358 6.436 6.517 6.601 6.450 6.155 5.882 5.632 5.404 5.199 5.017 4.857 4.720 4.606 4.514 4.445 4.345 4.204 4.052 3.888 3.712 3.523 3.323 3.110 2.886 2.649 2.401 2.140 2.058 2.071 2.074 2.066 2.046 2.016 1.975 1.924 1.861 1.787 1.703 1.607
12.998 12.639 11.971 11.327 10.691 10.048 9.396 8.737 8.069 7.393 6.708 6.016 5.315 4.953 5.097 5.218 5.318 5.396 5.451 5.485 5.497 5.487 5.455 5.401 5.325 5.297 5.361 5.428 5.499 5.572 5.648 5.728 5.811 5.896 5.985 6.077 6.172 6.121 5.904 5.710 5.539 5.391 5.265 5.161 5.081 5.023 4.987 4.975 4.985 4.916 4.734 4.540 4.333 4.115 3.884 3.642 3.387 3.121 2.842 2.552 2.249 2.086 2.061 2.026 1.980 1.923 1.855 1.776 1.693 1.618 1.545 1.473 1.404
13.832 13.433 12.785 12.129 11.464 10.792 10.112 9.423 8.726 8.021 7.308 6.586 5.857 5.322 5.389 5.434 5.457 5.458 5.437 5.394 5.329 5.242 5.133 5.002 4.849 4.745 4.820 4.898 4.980 5.064 5.151 5.242 5.335 5.432 5.531 5.634 5.740 5.768 5.631 5.516 5.424 5.354 5.307 5.283 5.281 5.302 5.346 5.412 5.500 5.499 5.275 5.038 4.790 4.529 4.257 3.972 3.676 3.367 3.047 2.714 2.369 2.111 2.030 1.951 1.874 1.798 1.724 1.652 1.581 1.512 1.445 1.379 1.315
14.917 14.301 13.624 12.939 12.246 11.544 10.835 10.117 9.391 8.657 7.915 7.165 6.406 5.715 5.705 5.673 5.619 5.543 5.445 5.326 5.184 5.020 4.834 4.627 4.397 4.191 4.277 4.366 4.458 4.553 4.651 4.753 4.857 4.964 5.075 5.189 5.305 5.394 5.335 5.299 5.286 5.295 5.327 5.382 5.459 5.558 5.681 5.826 5.993 6.093 5.827 5.548 5.258 4.955 4.660 4.353 4.014 3.645 3.245 2.814 2.352 1.957 1.882 1.809 1.738 1.668 1.600 1.533 1.468 1.405 1.344 1.284 1.226
