DATA/SHG/ECMWF/20170628/EN-0/20170628.en-0.asc
ncols        190
nrows        64
xllcorner    -5100000.000000000000
yllcorner    4130000.000000000000
cellsize     10000.000000000000
NODATA_value  -99999.000
[rows 0 to 32 of 64, columns 74 to 147 of 190]
8.465 8.483 8.494 8.498 8.494 8.483 8.463 8.383 8.190 8.010 7.841 7.681 7.531 7.391 7.260 7.139 7.028 6.927 6.835 6.826 7.061 7.287 7.509 7.727 7.941 8.151 8.356 8.558 8.756 8.950 9.139 9.229 9.006 8.780 8.552 8.321 8.088 7.853 7.615 7.375 7.133 6.888 6.641 6.417 6.271 6.128 5.986 5.848 5.711 5.577 5.446 5.316 5.190 5.065 4.943 4.789 4.538 4.288 4.039 3.791 3.544 3.299 3.055 2.812 2.570 2.329 2.090 1.953 2.103 2.259 2.421 2.590 2.765 2.946
8.463 8.464 8.460 8.448 8.429 8.402 8.366 8.303 8.148 8.003 7.868 7.742 7.626 7.519 7.422 7.335 7.258 7.191 7.133 7.112 7.329 7.536 7.740 7.940 8.136 8.328 8.516 8.699 8.879 9.054 9.226 9.348 9.114 8.878 8.639 8.398 8.154 7.908 7.660 7.409 7.156 6.901 6.643 6.399 6.263 6.131 6.000 5.872 5.746 5.622 5.501 5.383 5.266 5.152 5.041 4.912 4.666 4.421 4.178 3.935 3.694 3.454 3.215 2.977 2.741 2.506 2.272 2.101 2.278 2.462 2.652 2.849 3.052 3.260
8.550 8.526 8.495 8.456 8.409 8.354 8.292 8.219 8.098 7.987 7.885 7.793 7.711 7.639 7.576 7.523 7.479 7.445 7.421 7.407 7.601 7.790 7.976 8.158 8.336 8.509 8.679 8.845 9.006 9.164 9.317 9.466 9.225 8.978 8.728 8.476 8.222 7.966 7.707 7.445 7.182 6.916 6.648 6.378 6.253 6.131 6.011 5.893 5.778 5.665 5.555 5.446 5.341 5.237 5.136 5.034 4.793 4.554 4.315 4.078 3.842 3.607 3.374 3.141 2.910 2.680 2.452 2.286 2.569 2.838 3.092 3.333 3.559 3.771
8.646 8.595 8.536 8.470 8.396 8.314 8.225 8.127 8.039 7.962 7.894 7.836 7.788 7.749 7.720 7.701 7.691 7.691 7.701 7.720 7.877 8.048 8.216 8.380 8.539 8.695 8.847 8.994 9.138 9.277 9.412 9.544 9.338 9.080 8.820 8.558 8.293 8.026 7.756 7.484 7.210 6.934 6.655 6.373 6.241 6.129 6.020 5.912 5.808 5.705 5.605 5.508 5.412 5.320 5.229 5.141 4.919 4.684 4.481 4.312 4.152 4.002 3.860 3.727 3.604 3.489 3.383 3.287 3.484 3.690 3.881 4.059 4.222 4.371
8.749 8.671 8.585 8.492 8.391 8.282 8.165 8.040 7.972 7.928 7.894 7.870 7.855 7.851 7.855 7.870 7.894 7.928 7.971 8.025 8.157 8.311 8.460 8.606 8.747 8.885 9.019 9.148 9.273 9.395 9.512 9.625 9.454 9.185 8.915 8.642 8.366 8.088 7.808 7.526 7.241 6.954 6.664 6.372 6.226 6.124 6.026 5.929 5.835 5.765 5.717 5.673 5.634 5.598 5.567 5.541 5.413 5.266 5.128 5.000 4.880 4.769 4.667 4.575 4.491 4.416 4.350 4.294 4.412 4.555 4.683 4.798 4.898 4.985
8.860 8.755 8.642 8.521 8.392 8.256 8.112 7.960 7.895 7.885 7.885 7.895 7.914 7.943 7.982 8.030 8.088 8.155 8.233 8.320 8.441 8.577 8.709 8.836 8.960 9.079 9.195 9.306 9.413 9.517 9.616 9.711 9.572 9.293 9.012 8.728 8.442 8.153 7.863 7.570 7.282 7.008 6.744 6.490 6.369 6.318 6.272 6.230 6.193 6.159 6.130 6.106 6.085 6.069 6.057 6.050 5.970 5.864 5.766 5.677 5.597 5.526 5.465 5.412 5.368 5.333 5.307 5.290 5.352 5.432 5.498 5.550 5.587 5.611
8.977 8.845 8.705 8.557 8.401 8.238 8.067 7.888 7.810 7.834 7.868 7.911 7.964 8.027 8.099 8.181 8.273 8.374 8.485 8.606 8.730 8.848 8.961 9.071 9.176 9.277 9.375 9.468 9.558 9.643 9.724 9.775 9.632 9.322 9.022 8.732 8.452 8.183 7.923 7.673 7.434 7.204 6.984 6.775 6.663 6.631 6.604 6.581 6.563 6.549 6.539 6.533 6.532 6.535 6.542 6.553 6.518 6.451 6.393 6.344 6.304 6.273 6.251 6.239 6.235 6.240 6.254 6.277 6.305 6.322 6.325 6.314 6.289 6.250
9.102 8.943 8.775 8.600 8.417 8.227 8.029 7.823 7.716 7.774 7.841 7.918 8.005 8.101 8.208 8.323 8.449 8.584 8.728 8.883 9.023 9.122 9.176 9.213 9.250 9.286 9.322 9.358 9.393 9.428 9.463 9.498 9.414 9.149 8.894 8.649 8.414 8.189 7.974 7.769 7.574 7.389 7.214 7.049 6.952 6.939 6.931 6.928 6.928 6.933 6.942 6.955 6.973 6.995 7.021 7.052 7.055 7.028 7.010 7.001 7.001 7.010 7.028 7.055 7.091 7.136 7.190 7.252 7.271 7.225 7.166 7.092 7.004 6.903
9.234 9.047 8.853 8.651 8.441 8.223 7.998 7.765 7.613 7.705 7.806 7.917 8.037 8.167 8.298 8.396 8.492 8.585 8.674 8.762 8.838 8.874 8.910 8.945 8.981 9.016 9.051 9.085 9.120 9.154 9.188 9.221 9.186 8.966 8.755 8.555 8.365 8.184 8.014 7.854 7.703 7.563 7.433 7.313 7.236 7.242 7.253 7.269 7.288 7.312 7.340 7.373 7.409 7.450 7.496 7.545 7.583 7.596 7.618 7.648 7.688 7.737 7.795 7.861 7.937 8.022 8.115 8.218 8.249 8.141 8.019 7.883 7.732 7.568
9.373 9.159 8.938 8.708 8.471 8.227 7.974 7.712 7.494 7.599 7.702 7.802 7.899 7.993 8.084 8.173 8.259 8.342 8.422 8.499 8.574 8.609 8.644 8.678 8.712 8.746 8.780 8.814 8.847 8.880 8.913 8.946 8.948 8.772 8.606 8.450 8.305 8.169 8.043 7.928 7.822 7.726 7.641 7.565 7.515 7.541 7.571 7.605 7.644 7.686 7.734 7.785 7.841 7.901 7.965 8.033 8.100 8.153 8.215 8.285 8.365 8.454 8.551 8.658 8.773 8.897 9.031 9.173 9.241 9.070 8.885 8.686 8.473 8.246
9.508 9.244 8.978 8.710 8.440 8.167 7.893 7.616 7.341 7.437 7.530 7.620 7.707 7.792 7.873 7.952 8.028 8.102 8.172 8.240 8.309 8.344 8.378 8.411 8.445 8.478 8.511 8.543 8.575 8.607 8.639 8.671 8.698 8.567 8.446 8.335 8.234 8.143 8.062 7.991 7.929 7.878 7.837 7.806 7.789 7.834 7.883 7.936 7.994 8.056 8.122 8.192 8.267 8.346 8.429 8.517 8.608 8.700 8.802 8.912 9.032 9.160 9.297 9.444 9.599 9.763 9.936 10.118 10.244 10.011 9.763 9.502 9.226 8.937
9.469 9.198 8.924 8.648 8.370 8.089 7.807 7.522 7.235 7.277 7.360 7.441 7.518 7.593 7.665 7.734 7.801 7.865 7.925 7.984 8.043 8.080 8.113 8.146 8.178 8.210 8.241 8.273 8.304 8.335 8.366 8.396 8.426 8.352 8.275 8.209 8.152 8.106 8.069 8.043 8.026 8.020 8.023 8.036 8.060 8.122 8.190 8.262 8.339 8.420 8.505 8.594 8.688 8.786 8.888 8.995 9.105 9.238 9.379 9.529 9.688 9.856 10.033 10.219 10.414 10.618 10.831 11.011 11.131 10.777 10.434 10.102 9.781 9.471
9.433 9.153 8.872 8.588 8.302 8.014 7.723 7.431 7.136 7.120 7.193 7.264 7.332 7.397 7.460 7.519 7.576 7.630 7.681 7.730 7.780 7.817 7.849 7.880 7.911 7.942 7.973 8.003 8.033 8.063 8.093 8.122 8.151 8.126 8.094 8.072 8.060 8.058 8.066 8.084 8.112 8.150 8.198 8.256 8.324 8.405 8.492 8.584 8.679 8.779 8.883 8.991 9.104 9.221 9.342 9.468 9.597 9.765 9.900 9.995 10.100 10.216 10.341 10.477 10.624 10.781 10.948 11.125 11.313 11.042 10.748 10.464 10.192 9.930
9.398 9.111 8.822 8.530 8.236 7.940 7.642 7.341 7.039 6.966 7.029 7.091 7.149 7.204 7.257 7.307 7.354 7.399 7.440 7.479 7.519 7.555 7.585 7.616 7.646 7.675 7.705 7.734 7.763 7.792 7.821 7.849 7.877 7.889 7.902 7.925 7.957 8.000 8.052 8.114 8.187 8.269 8.362 8.464 8.576 8.684 8.790 8.900 9.014 9.112 9.180 9.238 9.285 9.321 9.347 9.362 9.367 9.460 9.590 9.731 9.882 10.043 10.215 10.397 10.590 10.793 11.006 11.230 11.464 11.296 11.050 10.815 10.591 10.378
9.367 9.072 8.774 8.475 8.173 7.869 7.563 7.254 6.944 6.814 6.868 6.920 6.968 7.014 7.057 7.098 7.135 7.170 7.202 7.231 7.262 7.293 7.322 7.352 7.381 7.409 7.438 7.466 7.494 7.522 7.549 7.576 7.603 7.642 7.699 7.766 7.843 7.930 8.027 8.134 8.247 8.366 8.495 8.633 8.779 8.885 8.948 9.001 9.043 9.075 9.096 9.107 9.107 9.096 9.075 9.043 9.000 9.093 9.269 9.456 9.653 9.861 10.079 10.307 10.546 10.795 11.054 11.323 11.603 11.540 11.342 11.155 10.979 10.815
9.337 9.034 8.729 8.421 8.112 7.800 7.486 7.170 6.851 6.665 6.710 6.752 6.791 6.827 6.860 6.891 6.919 6.944 6.966 6.986 7.007 7.032 7.060 7.088 7.116 7.144 7.171 7.198 7.225 7.252 7.278 7.304 7.325 7.373 7.468 7.573 7.687 7.811 7.943 8.085 8.236 8.397 8.566 8.745 8.933 9.047 9.064 9.069 9.065 9.049 9.023 8.987 8.940 8.882 8.814 8.735 8.645 8.716 8.938 9.171 9.414 9.668 9.932 10.206 10.491 10.786 11.091 11.407 11.733 11.771 11.622 11.484 11.356 11.240
9.309 8.999 8.686 8.370 8.053 7.733 7.411 7.087 6.761 6.519 6.554 6.586 6.616 6.642 6.666 6.687 6.705 6.721 6.734 6.744 6.755 6.771 6.807 6.847 6.882 6.914 6.942 6.965 6.985 7.001 7.013 7.020 7.024 7.063 7.200 7.346 7.501 7.666 7.839 8.023 8.215 8.417 8.628 8.848 9.077 9.221 9.190 9.149 9.097 9.035 8.962 8.878 8.784 8.679 8.564 8.438 8.302 8.329 8.597 8.876 9.165 9.465 9.775 10.095 10.426 10.767 11.118 11.479 11.851 11.992 11.891 11.801 11.722 11.654
9.284 8.965 8.645 8.322 7.996 7.669 7.339 7.007 6.673 6.376 6.401 6.424 6.443 6.460 6.481 6.573 6.642 6.689 6.713 6.714 6.693 6.661 6.687 6.709 6.727 6.741 6.751 6.757 6.759 6.757 6.752 6.742 6.728 6.743 6.921 7.108 7.305 7.511 7.726 7.950 8.184 8.427 8.679 8.940 9.211 9.406 9.328 9.240 9.141 9.031 8.911 8.781 8.640 8.488 8.326 8.153 7.969 7.931 8.246 8.571 8.906 9.252 9.607 9.974 10.350 10.737 11.134 11.542 11.959 12.202 12.149 12.108 12.077 12.057
9.261 8.934 8.606 8.275 7.942 7.607 7.269 6.948 6.733 6.549 6.668 6.772 6.853 6.911 6.946 6.960 6.950 6.918 6.863 6.786 6.686 6.567 6.572 6.576 6.577 6.573 6.565 6.554 6.538 6.519 6.495 6.468 6.436 6.413 6.633 6.861 7.099 7.346 7.602 7.868 8.143 8.427 8.720 9.023 9.334 9.601 9.477 9.341 9.195 9.039 8.872 8.695 8.506 8.308 8.099 7.879 7.648 7.524 7.884 8.255 8.636 9.028 9.430 9.842 10.264 10.697 11.140 11.593 12.057 12.401 12.396 12.403 12.420 12.449
9.238 8.916 8.625 8.364 8.134 7.934 7.765 7.626 7.517 7.439 7.468 7.493 7.495 7.474 7.431 7.366 7.278 7.167 7.034 6.878 6.699 6.501 6.462 6.448 6.431 6.410 6.384 6.355 6.322 6.285 6.244 6.199 6.150 6.097 6.335 6.604 6.883 7.172 7.469 7.776 8.092 8.417 8.751 9.095 9.448 9.808 9.636 9.454 9.261 9.058 8.844 8.620 8.385 8.139 7.883 7.616 7.339 7.106 7.513 7.929 8.357 8.794 9.242 9.700 10.168 10.646 11.135 11.634 12.144 12.588 12.632 12.687 12.752 12.829
9.146 8.930 8.745 8.590 8.466 8.371 8.308 8.274 8.271 8.299 8.287 8.233 8.157 8.058 7.936 7.792 7.626 7.436 7.225 6.991 6.733 6.455 6.356 6.325 6.290 6.251 6.208 6.161 6.110 6.056 5.997 5.934 5.868 5.797 6.027 6.338 6.658 6.987 7.326 7.674 8.031 8.397 8.772 9.157 9.551 9.954 9.807 9.578 9.338 9.088 8.827 8.556 8.274 7.981 7.678 7.365 7.041 6.706 7.131 7.593 8.066 8.550 9.043 9.547 10.061 10.585 11.120 11.665 12.251 12.841 12.960 13.068 13.164 13.250
9.026 8.916 8.836 8.787 8.768 8.780 8.822 8.894 8.997 9.130 9.126 8.993 8.838 8.661 8.461 8.238 7.993 7.726 7.435 7.123 6.786 6.429 6.254 6.206 6.153 6.097 6.036 5.972 5.903 5.831 5.755 5.675 5.590 5.502 5.709 6.061 6.422 6.793 7.173 7.562 7.960 8.367 8.784 9.210 9.645 10.089 9.989 9.713 9.426 9.129 8.821 8.503 8.174 7.835 7.485 7.125 6.754 6.372 6.739 7.341 8.067 8.768 9.443 10.094 10.720 11.321 11.897 12.448 12.973 13.474 13.571 13.629 13.675 13.711
8.877 8.873 8.899 8.956 9.043 9.160 9.308 9.485 9.694 9.932 9.984 9.773 9.540 9.284 9.005 8.704 8.381 8.035 7.666 7.275 6.860 6.423 6.158 6.091 6.021 5.947 5.869 5.787 5.701 5.611 5.517 5.420 5.318 5.212 5.382 5.775 6.177 6.589 7.010 7.440 7.879 8.327 8.785 9.252 9.728 10.213 10.181 9.858 9.525 9.181 8.842 8.559 8.328 8.148 8.019 7.942 7.916 7.941 8.443 9.083 9.698 10.288 10.853 11.393 11.909 12.399 12.864 13.305 13.720 14.111 14.192 14.200 14.197 14.182
8.700 8.802 8.934 9.096 9.288 9.511 9.764 10.048 10.361 10.705 10.862 10.572 10.260 9.926 9.569 9.190 8.788 8.364 7.917 7.448 6.953 6.438 6.065 5.982 5.894 5.802 5.707 5.607 5.504 5.396 5.285 5.169 5.050 4.927 5.045 5.479 5.922 6.375 6.837 7.308 7.788 8.267 8.714 9.136 9.533 9.905 9.912 9.651 9.442 9.285 9.178 9.123 9.119 9.166 9.265 9.415 9.616 9.868 10.319 10.848 11.352 11.832 12.286 12.716 13.121 13.500 13.855 14.185 14.490 14.770 14.823 14.781 14.728 14.664
8.495 8.702 8.940 9.208 9.506 9.834 10.192 10.581 11.000 11.450 11.759 11.391 11.001 10.588 10.153 9.695 9.215 8.713 8.188 7.640 7.067 6.473 5.978 5.877 5.771 5.662 5.549 5.432 5.311 5.186 5.057 4.924 4.819 4.774 4.919 5.430 5.915 6.376 6.812 7.224 7.610 7.972 8.309 8.621 8.908 9.171 9.285 9.252 9.270 9.339 9.460 9.632 9.855 10.130 10.455 10.832 11.261 11.740 12.217 12.636 13.030 13.399 13.743 14.062 14.356 14.626 14.870 15.090 15.284 15.454 15.465 15.373 15.270 15.156
8.262 8.575 8.918 9.291 9.694 10.128 10.592 11.086 11.610 12.165 12.676 12.230 11.761 11.270 10.756 10.221 9.662 9.081 8.478 7.852 7.201 6.527 5.895 5.779 5.677 5.587 5.510 5.445 5.393 5.353 5.326 5.311 5.309 5.320 5.420 5.821 6.197 6.548 6.874 7.175 7.452 7.704 7.931 8.133 8.311 8.464 8.604 8.798 9.044 9.340 9.688 10.087 10.537 11.039 11.591 12.195 12.850 13.557 14.138 14.447 14.730 14.989 15.223 15.431 15.615 15.774 15.909 16.018 16.102 16.162 16.117 15.976 15.823 15.659
8.001 8.419 8.867 9.346 9.854 10.393 10.962 11.562 12.192 12.851 13.542 13.088 12.541 11.971 11.380 10.742 9.959 9.202 8.473 7.771 7.099 6.451 5.825 5.753 5.706 5.672 5.651 5.642 5.645 5.661 5.690 5.731 5.785 5.852 5.948 6.238 6.504 6.745 6.962 7.153 7.320 7.463 7.580 7.673 7.740 7.784 7.870 8.291 8.764 9.287 9.862 10.488 11.165 11.893 12.673 13.503 14.385 15.318 16.083 16.281 16.454 16.602 16.726 16.824 16.898 16.947 16.971 16.970 16.944 16.893 16.780 16.588 16.386 16.172
7.711 8.235 8.788 9.372 9.986 10.630 11.305 12.009 12.692 13.181 13.655 13.074 12.276 11.505 10.761 10.045 9.356 8.694 8.059 7.452 6.874 6.322 5.792 5.713 5.722 5.743 5.778 5.824 5.884 5.956 6.040 6.137 6.247 6.369 6.503 6.682 6.838 6.970 7.076 7.158 7.216 7.248 7.256 7.239 7.197 7.131 7.083 7.731 8.430 9.181 9.982 10.835 11.739 12.694 13.700 14.757 15.865 17.025 18.050 18.138 18.201 18.239 18.252 18.240 18.204 18.142 18.056 17.945 17.809 17.649 17.453 17.211 16.959 16.695
7.394 7.997 8.540 9.067 9.580 10.078 10.560 11.028 11.480 11.918 12.340 11.974 11.271 10.594 9.945 9.323 8.729 8.161 7.621 7.108 6.625 6.169 5.734 5.658 5.723 5.800 5.890 5.993 6.108 6.235 6.376 6.528 6.694 6.871 7.062 7.152 7.199 7.221 7.218 7.190 7.138 7.061 6.959 6.832 6.681 6.505 6.304 7.117 8.043 9.020 10.048 11.128 12.258 13.439 14.672 15.956 17.290 18.676 20.040 20.018 19.970 19.898 19.801 19.680 19.533 19.362 19.166 18.944 18.699 18.428 18.136 17.845 17.543 17.229
6.659 7.165 7.656 8.132 8.592 9.038 9.469 9.884 10.285 10.670 11.040 10.852 10.243 9.661 9.106 8.579 8.078 7.605 7.160 6.741 6.353 5.992 5.653 5.590 5.710 5.843 5.989 6.147 6.318 6.501 6.697 6.905 7.126 7.360 7.606 7.649 7.586 7.498 7.385 7.248 7.086 6.900 6.688 6.452 6.192 5.906 5.596 6.450 7.603 8.806 10.061 11.366 12.723 14.131 15.590 17.100 18.661 20.273 21.936 21.921 21.763 21.581 21.374 21.142 20.886 20.604 20.298 19.967 19.611 19.231 18.834 18.506 18.165 17.811
5.894 6.348 6.787 7.211 7.620 8.013 8.392 8.755 9.104 9.437 9.756 9.706 9.191 8.704 8.243 7.810 7.404 7.026 6.674 6.350 6.057 5.791 5.547 5.507 5.683 5.872 6.073 6.287 6.513 6.752 7.004 7.268 7.544 7.833 8.135 8.172 7.999 7.802 7.580 7.333 7.062 6.766 6.445 6.100 5.729 5.335 4.915 5.730 7.108 8.538 10.019 11.551 13.134 14.768 16.453 18.189 19.976 21.814 23.703 23.847 23.579 23.201 22.668 22.169 21.705 21.276 20.882 20.523 20.198 19.908 19.653 19.277 18.879 18.468
5.145 5.547 5.933 6.305 6.662 7.004 7.330 7.642 7.939 8.220 8.487 8.536 8.116 7.723 7.357 7.018 6.707 6.422 6.165 5.935 5.737 5.566 5.417 5.410 5.642 5.887 6.144 6.413 6.695 6.989 7.296 7.616 7.948 8.293 8.650 8.721 8.439 8.132 7.800 7.444 7.064 6.658 6.228 5.774 5.294 4.790 4.261 4.956 6.561 8.217 9.924 11.682 13.482 15.247 16.965 18.637 20.261 21.838 23.368 23.471 23.021 22.607 22.227 21.882 21.572 21.296 21.055 20.849 20.677 20.541 20.439 20.059 19.604 19.136
4.410 4.760 5.095 5.415 5.719 6.009 6.284 6.544 6.789 7.018 7.233 7.344 7.018 6.719 6.448 6.203 5.986 5.795 5.632 5.496 5.393 5.317 5.264 5.300 5.587 5.887 6.200 6.525 6.862 7.212 7.575 7.950 8.338 8.738 9.150 9.296 8.904 8.488 8.048 7.582 7.092 6.578 6.038 5.523 5.140 4.765 4.397 5.064 6.857 8.603 10.302 11.954 13.558 15.116 16.627 18.091 19.508 20.878 22.200 22.535 22.240 21.979 21.752 21.560 21.403 21.281 21.193 21.140 21.122 21.138 21.189 20.853 20.341 19.816
