DATA/SHG/ECMWF/20170628/EN-0/20170708.en-0.asc
ncols        190
nrows        64
xllcorner    -5100000.000000000000
yllcorner    4130000.000000000000
cellsize     10000.000000000000
NODATA_value  -99999.000
[rows 0 to 31 of 64, columns 0 to 72 of 190]
1.981 2.051 2.113 2.168 2.216 2.257 2.290 2.317 2.336 2.590 2.940 3.309 3.699 4.109 4.540 4.991 5.463 5.955 6.467 6.901 7.286 7.022 6.477 5.949 5.438 4.943 4.466 4.005 3.561 3.134 2.723 2.330 1.953 1.877 1.989 2.103 2.219 2.338 2.458 2.581 2.706 2.833 2.963 3.094 3.228 3.473 3.834 4.218 4.627 5.060 5.517 5.998 6.503 7.032 7.585 8.162 8.763 9.059 8.951 8.818 8.660 8.477 8.268 8.034 7.775 7.490 7.181 6.846 6.486 6.385 6.745 7.118 7.503
1.841 1.885 1.922 1.952 1.974 1.990 1.998 1.998 1.992 2.234 2.655 3.097 3.583 4.048 4.490 4.908 5.304 5.677 6.027 6.353 6.657 6.523 6.037 5.569 5.117 4.681 4.263 3.861 3.476 3.108 2.757 2.422 2.104 1.996 2.115 2.237 2.361 2.487 2.615 2.746 2.878 3.013 3.150 3.289 3.431 3.686 4.131 4.600 5.094 5.611 6.152 6.718 7.307 7.921 8.559 9.220 9.906 10.328 10.131 9.909 9.662 9.390 9.092 8.770 8.422 8.048 7.650 7.226 6.777 6.522 6.925 7.341 7.769
1.710 1.728 1.740 1.744 1.761 1.856 1.943 2.021 2.090 2.339 2.792 3.221 3.628 4.011 4.372 4.710 5.024 5.316 5.585 5.830 6.053 6.007 5.581 5.171 4.778 4.402 4.043 3.700 3.374 3.065 2.773 2.497 2.238 2.112 2.239 2.369 2.500 2.634 2.770 2.908 3.048 3.191 3.335 3.482 3.631 3.874 4.403 4.957 5.535 6.137 6.763 7.413 8.087 8.785 9.507 10.254 11.024 11.620 11.334 11.023 10.688 10.326 9.940 9.529 9.092 8.630 8.143 7.630 7.099 6.699 7.184 7.690 8.216
1.959 2.057 2.148 2.230 2.303 2.368 2.424 2.472 2.511 2.652 3.023 3.372 3.697 4.000 4.279 4.536 4.769 4.980 5.168 5.333 5.474 5.475 5.108 4.757 4.423 4.106 3.806 3.522 3.255 3.005 2.771 2.554 2.354 2.226 2.361 2.498 2.637 2.779 2.922 3.068 3.216 3.366 3.518 3.672 3.828 4.037 4.651 5.290 5.952 6.639 7.349 8.084 8.842 9.625 10.431 11.261 12.116 12.934 12.560 12.161 11.722 11.120 10.538 9.976 9.433 8.910 8.407 7.924 7.460 7.017 7.557 8.134 8.732
2.630 2.699 2.759 2.810 2.853 2.888 2.914 2.931 2.940 2.988 3.279 3.546 3.791 4.012 4.211 4.387 4.539 4.669 4.776 4.860 4.921 4.926 4.617 4.326 4.051 3.793 3.551 3.327 3.119 2.927 2.753 2.595 2.454 2.338 2.480 2.625 2.772 2.921 3.072 3.225 3.381 3.538 3.698 3.860 4.024 4.190 4.875 5.598 6.345 7.115 7.910 8.729 9.572 10.405 11.121 11.813 12.478 13.119 12.635 12.063 11.510 10.977 10.465 9.971 9.498 9.044 8.611 8.197 7.802 7.428 7.909 8.558 9.228
3.310 3.348 3.378 3.399 3.412 3.416 3.412 3.399 3.378 3.349 3.559 3.745 3.909 4.050 4.167 4.262 4.334 4.383 4.409 4.412 4.392 4.350 4.111 3.878 3.662 3.463 3.280 3.114 2.965 2.833 2.717 2.618 2.535 2.470 2.597 2.750 2.904 3.060 3.219 3.380 3.543 3.708 3.875 4.045 4.216 4.390 5.087 5.892 6.672 7.426 8.156 8.859 9.538 10.191 10.818 11.420 11.997 12.549 12.265 11.762 11.279 10.816 10.372 9.948 9.544 9.160 8.795 8.450 8.125 7.820 8.242 8.962 9.703
3.998 4.006 4.006 3.997 3.979 3.953 3.919 3.876 3.824 3.764 3.863 3.969 4.052 4.111 4.148 4.162 4.153 4.122 4.067 3.989 3.889 3.765 3.587 3.413 3.256 3.116 2.992 2.885 2.794 2.721 2.664 2.623 2.600 2.593 2.712 2.872 3.034 3.198 3.364 3.582 3.831 4.071 4.303 4.526 4.741 4.947 5.520 6.237 6.927 7.593 8.233 8.848 9.437 10.001 10.540 11.053 11.541 12.004 11.877 11.444 11.030 10.636 10.261 9.906 9.571 9.256 8.961 8.685 8.429 8.193 8.554 9.346 10.158
4.695 4.673 4.642 4.603 4.555 4.499 4.434 4.361 4.279 4.189 4.192 4.217 4.219 4.198 4.154 4.087 3.998 3.885 3.750 3.592 3.410 3.206 3.046 2.931 2.833 2.752 2.687 2.638 2.607 2.592 2.593 2.612 2.740 2.907 3.137 3.398 3.651 3.895 4.131 4.358 4.577 4.787 4.989 5.183 5.368 5.544 5.978 6.606 7.208 7.784 8.336 8.862 9.362 9.837 10.287 10.712 11.111 11.485 11.471 11.106 10.762 10.436 10.131 9.846 9.580 9.334 9.107 8.901 8.714 8.547 8.847 9.710 10.594
5.400 5.347 5.287 5.217 5.139 5.053 4.958 4.854 4.743 4.622 4.545 4.489 4.410 4.308 4.184 4.037 3.866 3.673 3.457 3.219 2.957 2.673 2.489 2.433 2.394 2.521 2.666 2.817 2.975 3.139 3.309 3.485 3.667 3.856 4.070 4.301 4.524 4.738 4.944 5.142 5.331 5.511 5.684 5.847 6.002 6.149 6.461 7.000 7.513 8.000 8.463 8.900 9.312 9.698 10.059 10.395 10.706 10.991 11.046 10.750 10.475 10.219 9.983 9.766 9.569 9.392 9.235 9.097 8.979 8.881 9.119 10.054 11.009
6.113 6.031 5.940 5.840 5.732 5.615 5.490 5.357 5.215 5.064 4.922 4.785 4.626 4.444 4.238 4.011 3.760 3.506 3.374 3.228 3.067 2.892 2.825 2.973 3.127 3.288 3.454 3.627 3.807 3.992 4.184 4.382 4.587 4.797 5.010 5.212 5.405 5.589 5.765 5.933 6.092 6.243 6.385 6.519 6.644 6.761 6.968 7.418 7.842 8.241 8.615 8.963 9.286 9.584 9.857 10.104 10.326 10.523 10.602 10.376 10.169 9.982 9.815 9.668 9.540 9.432 9.343 9.275 9.226 9.196 9.372 10.378 11.404
6.835 6.722 6.601 6.471 6.333 6.186 6.031 5.868 5.695 5.515 5.365 5.282 5.185 5.074 4.948 4.808 4.654 4.486 4.303 4.106 3.895 3.669 3.517 3.687 3.863 4.046 4.235 4.430 4.631 4.838 5.052 5.272 5.498 5.731 5.958 6.130 6.293 6.448 6.594 6.732 6.861 6.982 7.094 7.198 7.294 7.381 7.500 7.861 8.196 8.507 8.792 9.051 9.286 9.495 9.679 9.838 9.971 10.079 10.140 9.983 9.845 9.727 9.629 9.550 9.492 9.452 9.433 9.433 9.453 9.493 9.605 10.682 11.780
7.565 7.422 7.271 7.095 6.931 6.805 6.716 6.664 6.650 6.673 6.712 6.579 6.431 6.270 6.093 5.903 5.698 5.479 5.246 4.998 4.736 4.460 4.202 4.394 4.592 4.797 5.007 5.224 5.447 5.676 5.912 6.154 6.402 6.656 6.913 7.055 7.188 7.313 7.430 7.538 7.637 7.728 7.811 7.885 7.951 8.008 8.057 8.328 8.575 8.797 8.993 9.164 9.310 9.431 9.527 9.597 9.642 9.662 9.656 9.571 9.502 9.454 9.424 9.415 9.425 9.454 9.504 9.615 9.774 9.947 10.134 11.119 12.124
7.816 7.672 7.565 7.496 7.463 7.469 7.511 7.591 7.709 7.864 8.056 7.890 7.691 7.479 7.252 7.011 6.756 6.486 6.202 5.904 5.592 5.265 4.924 5.093 5.313 5.540 5.772 6.011 6.256 6.507 6.764 7.028 7.298 7.574 7.856 7.987 8.091 8.186 8.273 8.351 8.421 8.482 8.535 8.579 8.616 8.643 8.662 8.820 8.978 9.111 9.219 9.302 9.360 9.392 9.399 9.381 9.337 9.269 9.175 9.141 9.207 9.315 9.438 9.575 9.727 9.893 10.073 10.267 10.476 10.700 10.937 11.677 12.504
7.780 7.768 7.792 7.855 7.954 8.091 8.265 8.477 8.726 9.012 9.336 9.214 8.965 8.702 8.425 8.133 7.827 7.507 7.173 6.824 6.461 6.084 5.693 5.785 6.027 6.275 6.529 6.790 7.057 7.329 7.609 7.894 8.186 8.484 8.788 8.927 9.001 9.066 9.123 9.172 9.212 9.243 9.266 9.281 9.288 9.286 9.275 9.336 9.406 9.451 9.470 9.465 9.434 9.410 9.387 9.362 9.334 9.303 9.270 9.350 9.494 9.653 9.826 10.013 10.215 10.430 10.661 10.905 11.164 11.437 11.725 12.281 12.932
7.703 7.822 7.978 8.172 8.403 8.672 8.977 9.320 9.701 10.118 10.573 10.552 10.252 9.939 9.611 9.269 8.913 8.542 8.157 7.758 7.345 6.917 6.475 6.469 6.733 7.003 7.279 7.561 7.850 8.144 8.445 8.753 9.066 9.386 9.712 9.874 9.918 9.954 9.981 10.000 10.010 10.012 10.005 9.991 9.967 9.936 9.852 9.813 9.797 9.778 9.756 9.732 9.705 9.676 9.644 9.610 9.573 9.534 9.492 9.573 9.767 9.976 10.199 10.436 10.688 10.954 11.234 11.529 11.837 12.161 12.498 12.932 13.406
7.585 7.835 8.123 8.448 8.811 9.210 9.648 10.122 10.634 11.182 11.769 11.903 11.553 11.189 10.811 10.418 10.012 9.591 9.155 8.706 8.242 7.764 7.272 7.146 7.431 7.723 8.021 8.325 8.635 8.952 9.274 9.603 9.939 10.280 10.628 10.828 10.843 10.849 10.825 10.684 10.559 10.450 10.358 10.282 10.223 10.180 10.154 10.136 10.110 10.082 10.052 10.019 9.983 9.945 9.904 9.861 9.815 9.767 9.716 9.781 10.026 10.284 10.557 10.845 11.146 11.462 11.793 12.137 12.496 12.869 13.257 13.630 13.928
7.425 7.807 8.226 8.683 9.177 9.708 10.276 10.882 11.524 12.204 12.922 13.268 12.868 12.453 12.024 11.582 11.124 10.653 10.167 9.668 9.154 8.625 8.083 7.815 8.122 8.435 8.755 9.081 9.413 9.751 10.096 10.394 10.572 10.749 10.925 11.000 10.867 10.751 10.651 10.567 10.499 10.448 10.414 10.395 10.393 10.408 10.439 10.460 10.426 10.389 10.350 10.307 10.263 10.216 10.166 10.114 10.059 10.002 9.942 9.975 10.270 10.579 10.902 11.239 11.591 11.957 12.337 12.731 13.140 13.563 14.000 14.374 14.496
7.225 7.738 8.289 8.876 9.501 10.163 10.863 11.599 12.373 13.184 14.033 14.646 14.196 13.731 13.252 12.758 12.251 11.729 11.193 10.643 10.079 9.500 8.908 8.476 8.736 8.918 9.099 9.279 9.458 9.636 9.813 9.989 10.163 10.337 10.510 10.637 10.562 10.503 10.460 10.433 10.423 10.430 10.452 10.491 10.547 10.618 10.707 10.787 10.744 10.698 10.649 10.598 10.545 10.489 10.430 10.369 10.305 10.239 10.170 10.155 10.500 10.859 11.232 11.619 12.020 12.436 12.866 13.311 13.769 14.242 14.730 15.165 15.110
6.984 7.628 8.310 9.028 9.784 10.578 11.408 12.276 13.180 14.122 15.102 16.038 15.537 15.022 14.493 13.949 13.391 12.642 11.816 11.020 10.255 9.521 8.817 8.178 8.358 8.536 8.714 8.890 9.065 9.240 9.413 9.585 9.756 9.926 10.095 10.258 10.240 10.238 10.253 10.284 10.331 10.394 10.474 10.571 10.683 10.812 10.958 11.116 11.064 11.009 10.952 10.892 10.829 10.764 10.696 10.626 10.553 10.478 10.400 10.321 10.716 11.124 11.547 11.984 12.436 12.901 13.381 13.876 14.384 14.907 15.444 15.995 15.772
6.701 7.477 8.289 9.139 10.026 10.950 11.912 12.910 13.946 15.018 15.823 16.533 15.788 14.916 14.075 13.264 12.484 11.735 11.016 10.328 9.671 9.044 8.448 7.883 7.981 8.156 8.330 8.503 8.675 8.845 9.015 9.184 9.351 9.518 9.683 9.847 9.902 9.957 10.029 10.117 10.222 10.343 10.480 10.634 10.804 10.990 11.192 11.411 11.386 11.322 11.256 11.187 11.115 11.041 10.965 10.886 10.804 10.720 10.633 10.544 10.917 11.376 11.848 12.335 12.837 13.352 13.882 14.426 14.984 15.557 16.144 16.745 16.480
6.378 7.285 8.228 9.078 9.897 10.685 11.442 12.168 12.863 13.526 14.159 14.761 14.311 13.547 12.813 12.110 11.438 10.796 10.185 9.604 9.054 8.535 8.047 7.589 7.606 7.778 7.948 8.117 8.285 8.452 8.618 8.783 8.947 9.110 9.272 9.433 9.547 9.660 9.789 9.935 10.097 10.275 10.469 10.680 10.907 11.150 11.410 11.686 11.710 11.637 11.562 11.484 11.404 11.321 11.235 11.147 11.056 10.963 10.868 10.769 11.104 11.613 12.135 12.672 13.223 13.789 14.368 14.899 15.330 15.753 16.168 16.576 16.229
5.893 6.696 7.468 8.209 8.920 9.599 10.247 10.865 11.451 12.007 12.531 13.024 12.803 12.146 11.520 10.925 10.360 9.826 9.322 8.849 8.407 7.995 7.614 7.264 7.233 7.401 7.567 7.733 7.898 8.061 8.224 8.385 8.545 8.705 8.863 9.020 9.177 9.347 9.533 9.736 9.955 10.190 10.442 10.710 10.994 11.295 11.611 11.945 12.037 11.955 11.870 11.784 11.694 11.602 11.508 11.411 11.311 11.209 11.105 10.997 11.235 11.691 12.141 12.582 13.017 13.443 13.863 14.275 14.679 15.077 15.466 15.849 15.653
5.384 6.079 6.743 7.375 7.977 8.548 9.088 9.597 10.075 10.522 10.938 11.324 11.264 10.715 10.197 9.709 9.251 8.825 8.428 8.063 7.728 7.424 7.150 6.907 6.861 7.025 7.188 7.351 7.511 7.671 7.830 7.988 8.145 8.300 8.455 8.609 8.790 9.017 9.261 9.520 9.797 10.089 10.398 10.723 11.064 11.422 11.796 12.186 12.365 12.274 12.181 12.085 11.987 11.802 11.578 11.369 11.174 10.993 10.827 10.675 10.798 11.229 11.652 12.068 12.477 12.878 13.272 13.658 14.037 14.409 14.773 15.129 15.067
4.910 5.497 6.052 6.576 7.070 7.532 7.964 8.365 8.735 9.073 9.381 9.658 9.695 9.253 8.842 8.462 8.112 7.792 7.504 7.245 7.018 6.821 6.654 6.518 6.491 6.652 6.811 6.970 7.127 7.283 7.438 7.593 7.746 7.898 8.049 8.199 8.387 8.671 8.972 9.289 9.622 9.972 10.337 10.720 11.118 11.533 11.845 12.111 12.207 11.961 11.730 11.513 11.311 11.123 10.949 10.790 10.646 10.515 10.399 10.298 10.369 10.774 11.172 11.562 11.945 12.321 12.689 13.049 13.403 13.748 14.087 14.418 14.471
4.471 4.949 5.396 5.812 6.197 6.552 6.875 7.168 7.429 7.660 7.860 8.029 8.095 7.761 7.457 7.184 6.941 6.729 6.548 6.397 6.276 6.186 6.127 6.098 6.123 6.280 6.435 6.590 6.744 6.897 7.048 7.199 7.348 7.497 7.644 7.791 7.967 8.309 8.667 8.984 9.286 9.577 9.859 10.130 10.391 10.642 10.883 11.115 11.262 11.067 10.886 10.719 10.568 10.430 10.307 10.198 10.104 10.024 9.959 9.908 9.947 10.327 10.699 11.064 11.421 11.771 12.113 12.448 12.776 13.096 13.409 13.714 13.865
4.076 4.436 4.775 5.083 5.360 5.606 5.821 6.006 6.159 6.282 6.374 6.435 6.465 6.238 6.041 5.875 5.740 5.635 5.560 5.517 5.503 5.520 5.568 5.646 5.756 5.909 6.061 6.212 6.363 6.512 6.660 6.806 6.932 7.056 7.178 7.297 7.418 7.715 8.002 8.278 8.545 8.801 9.048 9.284 9.511 9.727 9.933 10.129 10.304 10.159 10.029 9.913 9.811 9.724 9.651 9.593 9.549 9.520 9.504 9.504 9.534 9.887 10.234 10.573 10.905 11.229 11.546 11.855 12.157 12.451 12.739 13.018 13.249
3.812 3.957 4.188 4.388 4.557 4.695 4.802 4.879 4.924 4.939 4.923 4.876 4.798 4.684 4.594 4.536 4.507 4.510 4.542 4.605 4.699 4.823 4.978 5.163 5.377 5.522 5.653 5.783 5.910 6.035 6.158 6.278 6.397 6.513 6.626 6.738 6.847 7.090 7.342 7.584 7.815 8.037 8.248 8.450 8.641 8.823 8.994 9.156 9.307 9.238 9.158 9.093 9.042 9.005 8.982 8.974 8.981 9.002 9.037 9.086 9.150 9.456 9.776 10.090 10.396 10.694 10.986 11.269 11.546 11.815 12.076 12.331 12.577
3.553 3.514 3.636 3.728 3.789 3.819 3.818 3.787 3.725 3.631 3.507 3.353 3.167 3.099 3.117 3.165 3.244 3.414 3.711 3.980 4.223 4.438 4.626 4.787 4.920 5.043 5.167 5.289 5.408 5.526 5.641 5.754 5.864 5.972 6.078 6.182 6.284 6.476 6.693 6.900 7.097 7.283 7.460 7.627 7.783 7.930 8.067 8.193 8.310 8.305 8.275 8.260 8.259 8.272 8.300 8.343 8.399 8.470 8.556 8.656 8.770 9.031 9.327 9.614 9.895 10.168 10.433 10.692 10.942 11.186 11.422 11.650 11.872
3.299 3.104 3.119 3.103 3.056 2.978 2.870 2.730 2.560 2.359 2.279 2.344 2.383 2.574 2.884 3.167 3.423 3.652 3.853 4.028 4.175 4.295 4.388 4.454 4.492 4.568 4.684 4.798 4.910 5.019 5.127 5.232 5.334 5.435 5.533 5.629 5.723 5.873 6.055 6.227 6.389 6.541 6.683 6.815 6.937 7.048 7.150 7.242 7.323 7.358 7.379 7.414 7.463 7.527 7.605 7.698 7.804 7.926 8.061 8.211 8.376 8.615 8.884 9.147 9.401 9.649 9.889 10.122 10.347 10.565 10.775 10.978 11.174
3.051 2.729 2.636 2.704 2.859 2.989 3.092 3.170 3.222 3.248 3.248 3.222 3.170 3.220 3.435 3.623 3.784 3.918 4.024 4.104 4.156 4.181 4.179 4.150 4.093 4.095 4.204 4.310 4.414 4.516 4.615 4.713 4.808 4.900 4.991 5.079 5.165 5.281 5.428 5.566 5.693 5.810 5.917 6.014 6.101 6.178 6.245 6.302 6.349 6.398 6.469 6.554 6.654 6.768 6.896 7.039 7.196 7.368 7.554 7.754 7.968 8.206 8.450 8.687 8.916 9.138 9.352 9.559 9.754 9.929 10.086 10.227 10.351
4.219 4.129 4.245 4.336 4.400 4.439 4.451 4.438 4.399 4.334 4.244 4.127 3.985 3.895 4.015 4.108 4.173 4.212 4.224 4.208 4.165 4.096 3.999 3.875 3.723 3.626 3.726 3.825 3.921 4.015 4.107 4.197 4.284 4.369 4.452 4.532 4.611 4.700 4.813 4.915 5.007 5.089 5.162 5.224 5.276 5.318 5.351 5.373 5.385 5.425 5.546 5.682 5.832 5.996 6.175 6.368 6.575 6.797 7.033 7.283 7.547 7.815 8.048 8.264 8.464 8.647 8.813 8.963 9.096 9.212 9.312 9.395 9.461
6.078 5.969 5.994 5.993 5.967 5.915 5.837 5.733 5.603 5.448 5.266 5.059 4.826 4.597 4.622 4.620 4.591 4.535 4.452 4.341 4.204 4.039 3.847 3.628 3.382 3.159 3.252 3.343 3.431 3.518 3.602 3.684 3.763 3.841 3.916 3.989 4.059 4.130 4.208 4.275 4.333 4.380 4.418 4.445 4.463 4.470 4.468 4.455 4.433 4.439 4.611 4.797 4.997 5.211 5.599 6.056 6.454 6.792 7.071 7.291 7.452 7.578 7.753 7.912 8.053 8.178 8.287 8.379 8.454 8.512 8.554 8.580 8.588
