DATA/SHG/ECMWF/20170628/EN-0/20170629.en-0.asc
ncols        190
nrows        64
xllcorner    -5100000.000000000000
yllcorner    4130000.000000000000
cellsize     10000.000000000000
NODATA_value  -99999.000
[rows 0 to 32 of 64, columns 0 to 73 of 190]
3.394 3.166 2.948 2.738 2.539 2.349 2.168 1.998 1.836 1.772 1.731 1.684 1.630 1.569 1.502 1.428 1.347 1.260 1.167 1.117 1.080 1.153 1.279 1.406 1.534 1.663 1.793 1.924 2.056 2.189 2.324 2.459 2.595 2.700 2.782 2.862 2.940 3.015 3.087 3.157 3.224 3.289 3.352 3.412 3.469 3.647 3.935 4.229 4.529 4.834 5.145 5.461 5.783 6.110 6.443 6.782 7.126 7.206 6.964 6.722 6.479 6.235 5.990 5.744 5.497 5.249 5.000 4.751 4.500 4.337 4.318 4.300 4.285 4.272
2.868 2.673 2.488 2.313 2.148 1.991 1.845 1.708 1.580 1.497 1.433 1.362 1.343 1.320 1.294 1.263 1.227 1.188 1.144 1.096 1.043 1.086 1.216 1.347 1.478 1.611 1.745 1.880 2.015 2.152 2.290 2.429 2.569 2.680 2.753 2.824 2.893 2.959 3.023 3.084 3.143 3.199 3.253 3.304 3.353 3.501 3.809 4.123 4.442 4.767 5.097 5.433 5.775 6.122 6.475 6.833 7.197 7.369 7.125 6.879 6.633 6.385 6.137 5.887 5.637 5.385 5.133 4.880 4.626 4.431 4.418 4.407 4.399 4.392
2.331 2.171 2.020 1.878 1.760 1.706 1.653 1.603 1.555 1.519 1.495 1.466 1.432 1.395 1.353 1.307 1.256 1.201 1.142 1.078 1.011 1.019 1.152 1.286 1.422 1.558 1.696 1.834 1.974 2.114 2.256 2.399 2.542 2.662 2.727 2.789 2.849 2.906 2.961 3.014 3.064 3.111 3.157 3.199 3.239 3.349 3.677 4.011 4.350 4.694 5.045 5.400 5.762 6.128 6.501 6.879 7.263 7.534 7.286 7.037 6.787 6.536 6.284 6.031 5.777 5.522 5.267 5.010 4.737 4.507 4.493 4.482 4.473 4.467
2.085 2.029 1.976 1.924 1.875 1.828 1.782 1.739 1.698 1.659 1.620 1.575 1.527 1.474 1.417 1.355 1.289 1.219 1.145 1.066 0.983 0.950 1.087 1.225 1.364 1.504 1.646 1.788 1.931 2.075 2.221 2.367 2.514 2.646 2.703 2.756 2.808 2.856 2.903 2.946 2.988 3.026 3.063 3.097 3.128 3.193 3.540 3.893 4.252 4.616 4.986 5.362 5.743 6.129 6.521 6.919 7.322 7.699 7.448 7.195 6.935 6.598 6.280 5.979 5.695 5.429 5.180 4.949 4.736 4.540 4.531 4.529 4.528 4.531
2.168 2.119 2.073 2.029 1.987 1.947 1.909 1.873 1.839 1.804 1.749 1.689 1.625 1.557 1.485 1.408 1.327 1.242 1.152 1.058 0.960 0.880 1.021 1.163 1.306 1.449 1.594 1.740 1.887 2.035 2.184 2.334 2.485 2.634 2.681 2.726 2.769 2.809 2.846 2.881 2.914 2.944 2.972 2.997 3.020 3.040 3.398 3.770 4.149 4.533 4.922 5.317 5.718 6.103 6.417 6.721 7.016 7.300 7.027 6.718 6.425 6.151 5.893 5.654 5.431 5.227 5.040 4.870 4.718 4.583 4.567 4.573 4.581 4.592
2.248 2.207 2.168 2.131 2.097 2.064 2.033 2.004 1.978 1.953 1.883 1.808 1.729 1.645 1.558 1.466 1.369 1.269 1.164 1.055 0.941 0.823 0.954 1.100 1.246 1.394 1.542 1.692 1.842 1.994 2.147 2.300 2.455 2.611 2.662 2.699 2.732 2.764 2.793 2.819 2.843 2.864 2.883 2.900 2.914 2.925 3.236 3.584 3.922 4.251 4.570 4.879 5.178 5.468 5.748 6.018 6.278 6.529 6.379 6.131 5.900 5.687 5.491 5.313 5.152 5.008 4.883 4.774 4.683 4.610 4.601 4.615 4.632 4.651
2.326 2.293 2.261 2.231 2.204 2.178 2.155 2.133 2.114 2.097 2.021 1.931 1.836 1.738 1.635 1.528 1.416 1.300 1.180 1.056 0.927 0.794 0.886 1.035 1.185 1.337 1.489 1.642 1.796 1.952 2.108 2.265 2.424 2.583 2.646 2.673 2.699 2.721 2.741 2.742 2.727 2.711 2.694 2.675 2.655 2.633 2.849 3.163 3.468 3.762 4.047 4.322 4.587 4.843 5.088 5.325 5.551 5.767 5.715 5.528 5.358 5.206 5.072 4.955 4.856 4.774 4.709 4.662 4.632 4.620 4.633 4.655 4.680 4.708
2.402 2.376 2.351 2.329 2.309 2.290 2.274 2.260 2.248 2.238 2.164 2.058 1.949 1.835 1.717 1.594 1.468 1.337 1.201 1.062 0.918 0.770 0.817 0.970 1.124 1.279 1.435 1.591 1.749 1.908 2.068 2.229 2.370 2.499 2.541 2.529 2.515 2.500 2.484 2.465 2.446 2.425 2.402 2.378 2.353 2.326 2.473 2.753 3.023 3.283 3.534 3.775 4.006 4.228 4.440 4.642 4.834 5.017 5.034 4.909 4.801 4.710 4.637 4.581 4.543 4.522 4.519 4.533 4.565 4.614 4.662 4.693 4.726 4.762
2.476 2.456 2.439 2.424 2.411 2.400 2.391 2.384 2.379 2.376 2.311 2.190 2.066 1.937 1.803 1.666 1.524 1.377 1.227 1.072 0.913 0.750 0.747 0.903 1.061 1.214 1.361 1.503 1.639 1.771 1.897 2.017 2.133 2.243 2.293 2.275 2.256 2.236 2.214 2.191 2.166 2.140 2.113 2.084 2.053 2.021 2.106 2.352 2.588 2.815 3.032 3.239 3.436 3.624 3.801 3.970 4.128 4.277 4.338 4.274 4.227 4.198 4.186 4.191 4.214 4.255 4.313 4.388 4.481 4.591 4.688 4.728 4.770 4.814
2.547 2.535 2.525 2.517 2.511 2.507 2.505 2.506 2.508 2.513 2.462 2.327 2.187 2.043 1.894 1.741 1.584 1.421 1.246 1.074 0.907 0.743 0.695 0.839 0.978 1.112 1.241 1.364 1.482 1.595 1.702 1.804 1.901 1.993 2.046 2.023 1.999 1.974 1.947 1.919 1.889 1.858 1.825 1.791 1.755 1.718 1.750 1.962 2.164 2.357 2.540 2.713 2.876 3.030 3.174 3.308 3.432 3.547 3.626 3.623 3.637 3.669 3.718 3.785 3.869 3.971 4.090 4.226 4.380 4.552 4.713 4.761 4.811 4.864
2.615 2.611 2.608 2.607 2.609 2.612 2.618 2.625 2.635 2.646 2.604 2.415 2.230 2.048 1.871 1.697 1.528 1.363 1.201 1.044 0.890 0.741 0.654 0.780 0.901 1.016 1.126 1.231 1.331 1.425 1.514 1.597 1.676 1.749 1.801 1.773 1.744 1.714 1.682 1.648 1.613 1.577 1.539 1.500 1.459 1.417 1.404 1.582 1.750 1.909 2.058 2.197 2.326 2.446 2.556 2.657 2.747 2.828 2.898 2.956 3.032 3.125 3.235 3.363 3.508 3.671 3.851 4.048 4.263 4.496 4.735 4.791 4.850 4.912
2.682 2.684 2.689 2.674 2.642 2.610 2.579 2.548 2.518 2.488 2.443 2.268 2.097 1.929 1.766 1.607 1.451 1.300 1.153 1.009 0.870 0.735 0.620 0.727 0.829 0.926 1.017 1.104 1.185 1.260 1.331 1.396 1.456 1.511 1.557 1.525 1.491 1.455 1.418 1.380 1.340 1.298 1.255 1.211 1.165 1.118 1.069 1.212 1.346 1.471 1.586 1.691 1.787 1.873 1.949 2.016 2.072 2.120 2.157 2.273 2.410 2.564 2.735 2.924 3.131 3.354 3.595 3.863 4.134 4.397 4.650 4.738 4.829 4.937
2.569 2.537 2.506 2.475 2.444 2.414 2.385 2.356 2.328 2.300 2.272 2.117 1.960 1.807 1.657 1.512 1.371 1.234 1.100 0.971 0.846 0.724 0.607 0.679 0.763 0.841 0.914 0.982 1.045 1.102 1.154 1.200 1.242 1.278 1.309 1.278 1.239 1.198 1.156 1.113 1.068 1.021 0.973 0.924 0.873 0.821 0.767 0.852 0.953 1.044 1.125 1.196 1.258 1.310 1.352 1.385 1.408 1.421 1.425 1.574 1.849 2.152 2.446 2.731 3.007 3.273 3.531 3.780 4.020 4.251 4.473 4.626 4.777 4.945
2.364 2.334 2.304 2.275 2.246 2.218 2.191 2.164 2.137 2.111 2.085 1.962 1.819 1.680 1.545 1.413 1.286 1.163 1.043 0.928 0.817 0.709 0.606 0.637 0.702 0.762 0.817 0.866 0.910 0.949 0.982 1.010 1.033 1.051 1.063 1.034 0.990 0.944 0.897 0.848 0.798 0.746 0.693 0.639 0.583 0.525 0.466 0.503 0.569 0.626 0.674 0.711 0.739 0.843 0.964 1.087 1.214 1.343 1.475 1.714 1.994 2.266 2.528 2.782 3.026 3.262 3.488 3.706 3.915 4.114 4.305 4.498 4.709 4.937
2.158 2.130 2.102 2.075 2.048 2.022 1.996 1.971 1.946 1.922 1.898 1.803 1.674 1.549 1.428 1.311 1.197 1.088 0.983 0.881 0.784 0.691 0.601 0.601 0.647 0.689 0.725 0.756 0.781 0.801 0.817 0.826 0.831 0.830 0.824 0.791 0.742 0.691 0.639 0.585 0.530 0.473 0.415 0.355 0.294 0.232 0.226 0.288 0.401 0.518 0.637 0.760 0.885 1.013 1.143 1.277 1.413 1.552 1.694 1.899 2.148 2.388 2.619 2.841 3.054 3.259 3.454 3.640 3.818 3.986 4.145 4.353 4.624 4.913
1.952 1.926 1.900 1.874 1.849 1.825 1.801 1.778 1.755 1.733 1.711 1.641 1.525 1.414 1.307 1.204 1.104 1.009 0.918 0.830 0.747 0.668 0.592 0.570 0.598 0.621 0.639 0.651 0.658 0.660 0.656 0.648 0.634 0.615 0.590 0.550 0.496 0.440 0.389 0.378 0.368 0.359 0.353 0.348 0.344 0.342 0.342 0.396 0.519 0.646 0.775 0.907 1.042 1.179 1.320 1.463 1.609 1.758 1.909 2.092 2.310 2.519 2.718 2.909 3.091 3.264 3.428 3.583 3.729 3.866 3.995 4.193 4.524 4.872
1.746 1.721 1.697 1.674 1.651 1.628 1.606 1.584 1.563 1.543 1.523 1.474 1.372 1.275 1.182 1.093 1.007 0.926 0.849 0.775 0.706 0.640 0.579 0.545 0.554 0.559 0.558 0.552 0.540 0.524 0.502 0.484 0.485 0.487 0.489 0.486 0.476 0.467 0.459 0.453 0.449 0.446 0.445 0.446 0.448 0.452 0.457 0.501 0.634 0.770 0.909 1.051 1.196 1.343 1.493 1.646 1.802 1.961 2.122 2.294 2.480 2.657 2.826 2.986 3.136 3.278 3.411 3.535 3.650 3.756 3.853 4.016 4.407 4.816
1.540 1.517 1.495 1.473 1.452 1.431 1.411 1.391 1.372 1.353 1.335 1.303 1.215 1.132 1.053 0.977 0.906 0.839 0.775 0.716 0.661 0.609 0.562 0.525 0.521 0.521 0.522 0.523 0.524 0.526 0.527 0.529 0.531 0.534 0.536 0.538 0.533 0.529 0.527 0.527 0.528 0.531 0.536 0.542 0.550 0.559 0.570 0.603 0.746 0.892 1.041 1.192 1.347 1.504 1.664 1.827 1.992 2.160 2.332 2.503 2.659 2.805 2.942 3.071 3.190 3.301 3.402 3.495 3.578 3.653 3.719 3.824 4.275 4.743
1.333 1.312 1.292 1.272 1.252 1.233 1.215 1.197 1.180 1.163 1.146 1.128 1.054 0.985 0.920 0.858 0.801 0.758 0.723 0.688 0.654 0.621 0.589 0.559 0.560 0.561 0.563 0.564 0.566 0.569 0.571 0.574 0.577 0.580 0.584 0.587 0.588 0.590 0.594 0.599 0.606 0.615 0.625 0.637 0.650 0.665 0.682 0.702 0.855 1.011 1.169 1.330 1.495 1.662 1.831 2.004 2.179 2.357 2.538 2.722 2.846 2.961 3.067 3.164 3.252 3.332 3.402 3.463 3.516 3.560 3.594 3.620 4.126 4.654
1.126 1.107 1.088 1.070 1.053 1.036 1.019 1.003 0.987 0.972 0.980 0.991 0.959 0.922 0.886 0.851 0.817 0.784 0.751 0.719 0.688 0.658 0.628 0.600 0.598 0.600 0.603 0.605 0.608 0.611 0.615 0.618 0.622 0.626 0.631 0.635 0.641 0.649 0.659 0.670 0.682 0.696 0.712 0.729 0.748 0.769 0.791 0.815 0.961 1.126 1.295 1.466 1.640 1.816 1.996 2.178 2.363 2.551 2.742 2.935 3.041 3.125 3.200 3.266 3.323 3.371 3.410 3.441 3.462 3.474 3.478 3.473 3.961 4.549
0.919 0.901 0.885 0.899 0.914 0.927 0.940 0.952 0.963 0.974 0.984 0.993 0.970 0.936 0.903 0.870 0.839 0.808 0.778 0.749 0.721 0.693 0.667 0.641 0.636 0.639 0.643 0.646 0.650 0.654 0.658 0.663 0.667 0.672 0.677 0.683 0.693 0.707 0.722 0.738 0.756 0.776 0.797 0.820 0.845 0.871 0.899 0.928 1.064 1.239 1.417 1.598 1.782 1.968 2.157 2.349 2.544 2.742 2.942 3.145 3.245 3.297 3.341 3.376 3.402 3.419 3.427 3.411 3.368 3.324 3.281 3.238 3.633 4.193
0.882 0.896 0.909 0.922 0.933 0.944 0.955 0.964 0.973 0.982 0.989 0.996 0.980 0.948 0.918 0.889 0.860 0.832 0.805 0.779 0.753 0.728 0.704 0.681 0.674 0.678 0.682 0.687 0.691 0.696 0.701 0.706 0.712 0.718 0.724 0.730 0.743 0.762 0.783 0.805 0.829 0.854 0.881 0.910 0.940 0.972 1.005 1.040 1.164 1.349 1.537 1.727 1.921 2.117 2.316 2.518 2.722 2.929 3.139 3.352 3.421 3.378 3.334 3.291 3.248 3.205 3.161 3.118 3.075 3.032 2.989 2.946 3.257 3.811
0.912 0.924 0.934 0.944 0.954 0.962 0.970 0.978 0.984 0.990 0.995 1.000 0.989 0.960 0.933 0.906 0.880 0.855 0.831 0.807 0.784 0.762 0.741 0.721 0.712 0.716 0.721 0.727 0.732 0.738 0.744 0.750 0.756 0.763 0.770 0.777 0.792 0.816 0.842 0.870 0.900 0.931 0.963 0.997 1.033 1.070 1.109 1.150 1.261 1.455 1.653 1.853 2.057 2.235 2.393 2.544 2.689 2.827 2.958 3.082 3.128 3.084 3.041 2.998 2.955 2.912 2.869 2.826 2.783 2.740 2.697 2.654 2.883 3.431
0.943 0.952 0.960 0.968 0.975 0.981 0.987 0.991 0.996 0.999 1.002 1.004 0.997 0.971 0.947 0.923 0.899 0.877 0.855 0.835 0.814 0.795 0.777 0.759 0.749 0.755 0.760 0.766 0.773 0.779 0.786 0.793 0.800 0.808 0.816 0.824 0.838 0.869 0.900 0.934 0.969 1.005 1.043 1.083 1.124 1.167 1.200 1.228 1.302 1.470 1.631 1.786 1.933 2.075 2.209 2.337 2.459 2.574 2.682 2.783 2.835 2.792 2.749 2.706 2.663 2.620 2.577 2.534 2.491 2.448 2.406 2.363 2.511 3.053
0.975 0.981 0.987 0.992 0.997 1.001 1.004 1.006 1.008 1.009 1.009 1.009 1.004 0.981 0.959 0.938 0.918 0.898 0.879 0.861 0.844 0.827 0.812 0.797 0.786 0.792 0.799 0.806 0.813 0.820 0.828 0.836 0.844 0.852 0.861 0.870 0.883 0.919 0.956 0.985 1.012 1.040 1.068 1.096 1.125 1.154 1.183 1.213 1.263 1.408 1.546 1.678 1.802 1.921 2.032 2.137 2.236 2.327 2.412 2.491 2.542 2.499 2.456 2.413 2.371 2.328 2.285 2.242 2.200 2.157 2.115 2.072 2.141 2.677
1.008 1.011 1.015 1.017 1.019 1.021 1.021 1.021 1.021 1.019 1.017 1.014 1.011 0.991 0.971 0.953 0.935 0.918 0.902 0.887 0.872 0.859 0.846 0.834 0.822 0.830 0.837 0.845 0.853 0.861 0.870 0.878 0.877 0.876 0.875 0.876 0.877 0.905 0.933 0.961 0.989 1.018 1.047 1.077 1.106 1.136 1.166 1.197 1.231 1.353 1.468 1.576 1.678 1.773 1.862 1.944 2.019 2.088 2.150 2.205 2.250 2.207 2.164 2.122 2.079 2.036 1.994 1.951 1.909 1.866 1.824 1.781 1.773 2.303
1.050 1.042 1.043 1.043 1.043 1.042 1.040 1.037 1.034 1.030 1.026 1.021 1.015 0.999 0.983 0.967 0.952 0.938 0.924 0.912 0.900 0.889 0.879 0.870 0.859 0.853 0.849 0.846 0.844 0.843 0.842 0.842 0.843 0.844 0.846 0.849 0.853 0.878 0.907 0.936 0.966 0.996 1.026 1.056 1.087 1.118 1.149 1.181 1.213 1.304 1.396 1.482 1.560 1.633 1.698 1.757 1.809 1.855 1.894 1.926 1.952 1.915 1.873 1.830 1.788 1.745 1.703 1.660 1.618 1.576 1.533 1.491 1.449 1.931
1.094 1.073 1.072 1.070 1.067 1.063 1.059 1.054 1.049 1.042 1.035 1.028 1.019 1.007 0.993 0.980 0.968 0.959 0.954 0.943 0.928 0.907 0.881 0.850 0.814 0.802 0.801 0.800 0.801 0.802 0.803 0.806 0.809 0.813 0.817 0.822 0.828 0.851 0.881 0.912 0.942 0.973 1.004 1.036 1.068 1.100 1.132 1.165 1.198 1.262 1.331 1.394 1.449 1.498 1.541 1.577 1.606 1.629 1.645 1.654 1.657 1.624 1.582 1.539 1.497 1.455 1.412 1.370 1.328 1.286 1.243 1.201 1.159 1.562
1.141 1.105 1.101 1.097 1.092 1.086 1.079 1.072 1.064 1.055 1.065 1.086 1.090 1.087 1.085 1.077 1.064 1.045 1.022 0.994 0.960 0.921 0.878 0.829 0.775 0.750 0.752 0.754 0.756 0.760 0.764 0.769 0.774 0.780 0.787 0.794 0.803 0.824 0.855 0.887 0.918 0.950 0.983 1.015 1.048 1.081 1.115 1.148 1.182 1.227 1.273 1.312 1.345 1.371 1.391 1.404 1.410 1.410 1.403 1.389 1.369 1.333 1.291 1.249 1.206 1.164 1.122 1.080 1.038 0.996 0.954 0.912 0.870 1.194
1.190 1.138 1.132 1.186 1.263 1.323 1.368 1.397 1.409 1.405 1.385 1.349 1.297 1.251 1.230 1.204 1.173 1.137 1.096 1.049 0.998 0.941 0.879 0.812 0.740 0.698 0.702 0.706 0.711 0.717 0.724 0.731 0.739 0.747 0.756 0.766 0.777 0.797 0.829 0.862 0.894 0.927 0.961 0.994 1.028 1.062 1.097 1.132 1.167 1.198 1.221 1.238 1.247 1.250 1.247 1.237 1.220 1.197 1.167 1.131 1.088 1.043 1.000 0.958 0.916 0.874 0.832 0.790 0.774 0.803 0.836 0.875 0.919 1.232
1.769 1.830 1.883 1.919 1.939 1.943 1.931 1.903 1.859 1.799 1.722 1.630 1.521 1.420 1.381 1.337 1.288 1.234 1.175 1.110 1.041 0.966 0.887 0.802 0.712 0.645 0.651 0.658 0.666 0.674 0.683 0.692 0.702 0.713 0.725 0.737 0.750 0.769 0.803 0.836 0.870 0.904 0.938 0.973 1.008 1.043 1.079 1.114 1.151 1.176 1.176 1.169 1.156 1.136 1.110 1.077 1.037 0.991 0.938 0.879 0.813 0.776 0.786 0.802 0.823 0.848 0.879 0.915 0.956 1.002 1.054 1.110 1.171 1.409
2.599 2.693 2.689 2.669 2.633 2.580 2.512 2.427 2.326 2.209 2.076 1.927 1.762 1.594 1.537 1.475 1.408 1.336 1.259 1.177 1.089 0.997 0.899 0.797 0.689 0.592 0.600 0.610 0.619 0.630 0.641 0.653 0.666 0.679 0.693 0.707 0.723 0.742 0.776 0.810 0.845 0.880 0.916 0.951 0.987 1.024 1.060 1.097 1.134 1.161 1.138 1.108 1.072 1.029 1.040 1.074 1.085 1.073 1.038 0.981 0.900 0.829 0.857 0.890 0.929 0.972 1.021 1.074 1.133 1.197 1.266 1.340 1.419 1.599
3.415 3.555 3.512 3.436 3.343 3.234 3.109 2.967 2.810 2.637 2.447 2.242 2.020 1.782 1.698 1.618 1.534 1.444 1.349 1.248 1.143 1.033 0.917 0.797 0.671 0.540 0.549 0.560 0.572 0.585 0.599 0.613 0.628 0.644 0.660 0.677 0.695 0.713 0.749 0.784 0.820 0.856 0.893 0.929 0.967 1.004 1.041 1.181 1.365 1.540 1.609 1.655 1.677 1.677 1.654 1.609 1.540 1.449 1.334 1.197 1.037 0.876 0.922 0.973 1.030 1.091 1.157 1.228 1.305 1.386 1.473 1.565 1.662 1.802
