DATA/SHG/ECMWF/20170628/EN-0/20170711.en-0.asc
ncols        190
nrows        64
xllcorner    -5100000.000000000000
yllcorner    4130000.000000000000
cellsize     10000.000000000000
NODATA_value  -99999.000
[rows 32 to 63 of 64, columns 0 to 71 of 190]
17.881 19.376 18.843 18.024 17.117 16.123 15.041 13.872 12.615 11.271 9.840 8.321 6.715 5.021 4.984 5.022 5.041 5.041 5.020 4.980 4.921 4.842 4.743 4.625 4.487 4.330 5.140 6.009 6.920 7.875 8.874 9.915 10.999 12.127 13.297 14.511 15.768 17.052 17.598 18.150 18.708 19.273 19.844 20.422 21.006 21.597 22.194 22.707 23.137 23.468 22.960 22.432 21.882 21.311 20.718 20.105 19.471 18.815 18.138 17.440 16.721 16.020 15.700 15.398 15.114 14.847 14.598 14.367 14.153 13.957 13.778 13.617
21.684 23.532 23.202 22.076 20.862 19.561 18.173 16.697 15.134 13.483 11.746 9.921 8.008 6.008 5.582 5.552 5.502 5.433 5.344 5.236 5.108 4.960 4.793 4.607 4.401 4.175 4.957 5.976 7.039 8.144 9.293 10.485 11.720 12.998 14.319 15.684 17.091 18.541 19.221 19.796 20.436 21.045 21.603 22.111 22.567 22.972 23.326 23.629 23.881 24.083 23.563 22.961 22.337 21.692 21.026 20.339 19.631 18.901 18.151 17.379 16.586 15.772 15.490 15.249 15.026 14.820 14.632 14.462 14.309 14.174 14.057 13.957
25.369 27.571 27.651 26.218 24.698 23.090 21.396 19.614 17.744 15.788 13.744 11.613 9.394 7.089 6.199 6.101 5.983 5.845 5.688 5.511 5.315 5.100 4.864 4.609 4.335 4.041 4.728 5.899 7.112 8.368 9.667 11.010 12.395 14.161 15.904 17.592 19.224 20.802 21.637 22.170 22.652 23.084 23.464 23.793 24.072 24.299 24.476 24.601 24.676 24.699 24.187 23.510 22.813 22.094 21.354 20.593 19.811 19.008 18.184 17.339 16.472 15.584 15.262 15.083 14.921 14.776 14.649 14.540 14.449 14.375 14.318 14.279
28.938 31.493 32.190 30.451 28.625 26.711 24.710 22.622 20.447 18.184 15.834 13.397 10.873 8.262 6.837 6.670 6.484 6.278 6.053 5.808 5.543 5.259 4.956 4.633 4.290 3.958 5.201 7.138 9.019 10.846 12.617 14.333 15.994 17.600 19.150 20.646 22.087 23.472 24.258 24.613 24.917 25.171 25.373 25.525 25.626 25.676 25.674 25.622 25.519 25.365 24.830 24.080 23.309 22.516 21.703 20.868 20.012 19.136 18.238 17.319 16.379 15.418 15.018 14.900 14.799 14.715 14.650 14.602 14.571 14.558 14.563 14.585
32.390 35.298 36.820 34.775 32.642 30.423 28.116 25.722 23.241 20.672 18.017 15.274 12.444 9.528 7.495 7.260 7.005 6.731 6.506 6.649 6.861 7.142 7.493 7.913 8.403 8.962 10.039 11.783 13.472 15.106 16.685 18.208 19.677 21.091 22.449 23.753 25.001 26.194 26.927 27.104 27.231 27.307 27.332 27.306 27.229 27.101 26.923 26.693 26.413 26.081 25.494 24.670 23.825 22.959 22.072 21.164 20.234 19.284 18.312 17.320 16.306 15.272 14.757 14.700 14.660 14.638 14.633 14.646 14.677 14.725 14.790 14.873
35.725 38.986 41.540 39.189 36.751 34.225 31.613 28.913 26.126 23.253 20.292 17.207 14.106 11.153 8.898 9.005 9.182 9.427 9.742 10.127 10.580 11.103 11.695 12.356 13.086 13.886 14.927 16.479 17.976 19.417 20.804 22.135 23.412 24.633 25.800 26.911 27.968 28.969 29.644 29.644 29.593 29.492 29.339 29.136 28.882 28.576 28.220 27.814 27.356 26.847 26.178 25.281 24.362 23.422 22.462 21.480 20.477 19.453 18.408 17.342 16.255 15.146 14.480 14.484 14.505 14.544 14.600 14.674 14.765 14.874 15.001 15.145
38.943 42.557 46.272 43.694 40.528 36.902 33.425 30.097 26.919 23.889 21.009 18.277 15.695 13.262 11.092 11.441 11.858 12.345 12.901 13.526 14.221 14.984 15.817 16.719 17.691 18.731 19.867 21.226 22.531 23.780 24.974 26.114 27.198 28.228 29.202 30.122 30.986 31.796 32.410 32.233 32.004 31.725 31.395 31.015 30.583 30.101 29.567 28.983 28.348 27.663 26.882 25.911 24.919 23.906 22.872 21.816 20.740 19.642 18.524 17.384 16.224 15.042 14.186 14.251 14.333 14.433 14.550 14.685 14.837 15.007 15.276 15.631
38.523 41.053 43.486 41.053 37.798 34.692 31.735 28.927 26.268 23.759 21.398 19.186 17.124 15.210 13.445 13.799 14.457 15.185 15.982 16.848 17.784 18.788 19.862 21.004 22.216 23.498 24.848 26.024 27.136 28.194 29.196 30.144 31.037 31.874 32.657 33.385 34.058 34.675 35.224 34.869 34.464 34.007 33.500 32.942 32.333 31.674 30.964 30.203 29.391 28.528 27.607 26.562 25.497 24.410 23.302 22.173 21.023 19.852 18.660 17.447 16.213 14.958 13.876 14.049 14.278 14.543 14.844 15.180 15.553 15.961 16.405 16.885
34.648 36.842 38.938 37.644 34.909 32.323 29.886 27.597 25.458 23.468 21.626 19.934 18.390 16.995 15.750 16.080 16.979 17.948 18.985 20.092 21.268 22.513 23.828 25.211 26.664 28.185 29.776 30.873 31.793 32.659 33.470 34.225 34.926 35.572 36.163 36.699 37.181 37.607 37.978 37.554 36.972 36.338 35.654 34.919 34.133 33.296 32.409 31.471 30.482 29.443 28.352 27.234 26.095 24.934 23.753 22.551 21.264 19.978 18.719 17.486 16.282 15.104 13.956 14.273 14.627 15.016 15.441 15.902 16.398 16.931 17.499 18.103
30.885 32.742 34.502 34.078 31.862 29.795 27.877 26.108 24.488 23.016 21.694 20.520 19.495 18.619 17.892 18.283 19.424 20.633 21.911 23.259 24.675 26.161 27.715 29.339 31.032 32.794 34.625 35.772 36.501 37.175 37.794 38.358 38.868 39.322 39.722 40.066 40.356 40.591 40.771 40.288 39.528 38.717 37.856 36.944 35.981 34.968 33.904 32.789 31.623 30.162 28.703 27.335 26.007 24.706 23.433 22.186 20.966 19.774 18.609 17.471 16.360 15.276 14.219 14.463 14.941 15.454 16.003 16.588 17.209 17.865 18.557 19.285
27.232 28.753 30.177 30.353 28.657 27.109 25.710 24.459 23.358 22.405 21.601 20.946 20.439 20.081 19.872 20.410 21.791 23.241 24.760 26.347 28.004 29.730 31.525 33.389 35.322 37.324 39.395 40.723 41.260 41.742 42.170 42.543 42.860 43.123 43.332 43.485 43.583 43.627 43.616 43.069 42.133 41.145 39.479 37.817 36.213 34.666 33.176 31.743 30.367 29.049 27.787 26.542 25.308 24.101 22.921 21.769 20.643 19.544 18.473 17.429 16.411 15.421 14.458 14.618 15.220 15.857 16.530 17.239 17.984 18.764 19.580 20.432
23.689 24.875 25.964 26.471 25.293 24.264 23.383 22.652 22.068 21.634 21.348 21.211 21.222 21.382 21.690 22.460 24.081 25.772 27.531 29.359 31.256 33.222 35.257 37.361 39.534 41.776 44.087 45.724 46.070 46.361 46.597 46.778 46.905 46.976 46.968 45.910 44.883 43.886 42.920 41.653 40.018 38.441 36.921 35.458 34.052 32.703 31.412 30.177 29.000 27.880 26.817 25.724 24.583 23.470 22.384 21.325 20.293 19.289 18.311 17.361 16.437 15.541 14.671 14.738 15.464 16.225 17.022 17.855 18.724 19.628 20.568 21.544
20.257 21.107 21.861 22.431 21.772 21.261 20.898 20.685 20.619 20.703 20.935 21.315 21.844 22.521 23.347 24.434 26.295 28.225 30.225 32.293 34.430 36.636 38.911 41.255 43.667 46.149 48.700 50.608 49.443 48.310 47.206 46.133 45.090 44.078 43.096 42.144 41.223 40.332 39.471 38.445 37.010 35.631 34.309 33.045 31.837 30.687 29.594 28.557 27.578 26.656 25.791 24.880 23.833 22.814 21.822 20.856 19.918 19.007 18.123 17.266 16.437 15.634 14.858 14.824 15.673 16.559 17.480 18.436 19.429 20.457 21.521 22.620
16.936 17.451 17.869 18.191 18.092 18.099 18.255 18.559 19.011 19.612 20.361 21.259 22.305 23.500 24.843 26.334 28.432 30.602 32.841 35.149 37.327 38.808 40.214 41.545 42.801 43.983 45.089 45.967 44.909 43.881 42.883 41.916 40.979 40.073 39.197 38.351 37.536 36.751 35.996 35.185 33.947 32.767 31.643 30.577 29.568 28.616 27.721 26.882 26.101 25.377 24.711 24.010 23.057 22.132 21.233 20.362 19.517 18.700 17.910 17.146 16.410 15.701 15.019 14.874 15.848 16.857 17.902 18.982 20.099 21.250 22.438 23.661
13.725 13.904 13.988 13.975 14.255 14.780 15.453 16.274 17.244 18.362 19.628 21.043 22.606 24.212 25.633 27.012 28.565 30.086 31.532 32.903 34.199 35.421 36.567 37.639 38.636 39.558 40.405 41.177 40.348 39.426 38.535 37.673 36.843 36.042 35.272 34.532 33.822 33.143 32.494 31.870 30.831 29.849 28.924 28.055 27.244 26.490 25.793 25.153 24.570 24.044 23.575 23.115 22.256 21.424 20.619 19.841 19.091 18.367 17.670 17.001 16.358 15.742 15.154 14.890 15.988 17.121 18.289 19.494 20.733 22.009 23.320 24.667
10.624 10.468 10.217 9.869 10.261 11.303 12.658 14.226 15.753 17.238 18.681 20.082 21.442 22.760 24.036 25.270 26.558 27.820 29.006 30.118 31.155 32.117 33.004 33.816 34.554 35.216 35.804 36.317 35.762 34.946 34.160 33.405 32.680 31.985 31.321 30.687 30.083 29.510 28.966 28.454 27.661 26.877 26.150 25.480 24.866 24.310 23.811 23.369 22.983 22.655 22.384 22.169 21.429 20.691 19.980 19.295 18.638 18.008 17.405 16.829 16.280 15.757 15.262 14.872 16.093 17.350 18.642 19.970 21.333 22.732 24.167 25.637
8.295 8.366 8.450 8.545 9.292 10.799 12.264 13.688 15.070 16.410 17.708 18.965 20.180 21.353 22.485 23.574 24.634 25.636 26.563 27.415 28.193 28.895 29.523 30.076 30.555 30.958 31.287 31.541 31.150 30.440 29.760 29.110 28.491 27.902 27.344 26.815 26.317 25.849 25.412 25.005 24.437 23.851 23.322 22.850 22.434 22.076 21.774 21.530 21.342 21.212 21.138 21.121 20.577 19.932 19.314 18.724 18.160 17.623 17.114 16.631 16.175 15.746 15.345 14.970 16.164 17.523 18.653 19.740 20.783 21.781 22.735 23.646
8.349 8.461 8.585 8.721 9.233 10.596 11.916 13.195 14.432 15.628 16.782 17.894 18.964 19.993 20.980 21.925 22.791 23.534 24.202 24.795 25.313 25.757 26.125 26.420 26.639 26.784 26.854 26.849 26.512 25.908 25.334 24.790 24.276 23.793 23.340 22.917 22.525 22.163 21.831 21.530 21.160 20.772 20.440 20.166 19.948 19.787 19.684 19.637 19.647 19.713 19.837 20.018 19.699 19.148 18.624 18.126 17.656 17.213 16.779 16.259 15.749 15.249 14.758 14.278 14.992 16.015 16.994 17.929 18.819 19.666 20.469 21.227
8.390 8.543 8.708 8.884 9.220 10.438 11.614 12.748 13.841 14.892 15.901 16.869 17.795 18.679 19.521 20.322 21.030 21.514 21.922 22.256 22.516 22.701 22.810 22.846 22.806 22.692 22.504 22.240 21.849 21.350 20.882 20.444 20.036 19.658 19.311 18.994 18.707 18.450 18.224 18.028 17.829 17.639 17.505 17.428 17.408 17.445 17.538 17.689 17.896 18.160 18.482 18.850 18.713 18.169 17.634 17.109 16.593 16.088 15.592 15.106 14.631 14.164 13.708 13.262 13.681 14.552 15.379 16.162 16.900 17.595 18.246 18.853
8.419 8.612 8.818 9.035 9.263 10.325 11.357 12.347 13.295 14.201 15.066 15.889 16.671 17.411 18.109 18.766 19.351 19.575 19.725 19.800 19.801 19.727 19.578 19.355 19.057 18.684 18.237 17.715 17.160 16.767 16.404 16.071 15.769 15.497 15.255 15.044 14.862 14.711 14.590 14.500 14.445 14.452 14.516 14.636 14.867 15.251 15.624 15.986 16.339 16.680 17.011 17.332 17.314 16.803 16.303 15.812 15.330 14.859 14.398 13.946 13.504 13.072 12.650 12.238 12.412 13.132 13.807 14.438 15.025 15.569 16.068 16.523
8.434 8.668 8.914 9.172 9.441 10.258 11.145 11.991 12.794 13.556 14.277 14.956 15.593 16.189 16.743 17.255 17.726 17.719 17.610 17.426 17.168 16.836 16.428 15.947 15.390 14.759 14.053 13.273 12.445 12.158 11.900 11.673 11.476 11.310 11.173 11.067 10.991 11.089 11.448 11.787 12.118 12.507 12.886 13.255 13.613 13.961 14.298 14.625 14.941 15.247 15.542 15.827 15.907 15.430 14.963 14.507 14.060 13.622 13.195 12.777 12.370 11.972 11.583 11.205 11.188 11.755 12.279 12.759 13.194 13.586 13.934 14.237
8.436 8.711 8.998 9.296 9.606 10.236 10.979 11.680 12.339 12.957 13.534 14.068 14.561 15.013 15.423 15.791 16.118 15.944 15.576 15.134 14.618 14.027 13.361 12.621 11.806 10.917 9.953 8.915 7.802 7.523 7.623 8.055 8.466 8.857 9.227 9.577 9.906 10.215 10.503 10.771 11.020 11.373 11.716 12.049 12.371 12.683 12.984 13.275 13.555 13.825 14.085 14.334 14.492 14.049 13.616 13.194 12.781 12.377 11.984 11.601 11.227 10.863 10.509 10.165 10.007 10.423 10.795 11.123 11.407 11.647 11.843 11.996
8.426 8.741 9.069 9.407 9.758 10.259 10.858 11.415 11.930 12.404 12.836 13.226 13.575 13.883 14.149 14.373 14.555 14.251 13.625 12.924 12.149 11.300 10.376 9.577 8.967 8.375 7.802 7.248 6.713 6.884 7.265 7.626 7.967 8.287 8.586 8.865 9.124 9.362 9.580 9.777 9.954 10.251 10.558 10.855 11.141 11.417 11.682 11.937 12.182 12.416 12.639 12.853 13.055 12.660 12.261 11.873 11.494 11.125 10.765 10.416 10.076 9.746 9.426 9.116 8.869 9.134 9.354 9.531 9.664 9.752 9.797 9.798
8.402 8.759 9.126 9.506 9.897 10.328 10.782 11.195 11.566 11.895 12.184 12.430 12.635 12.798 12.920 13.001 13.084 12.805 12.146 11.506 10.885 10.284 9.701 9.137 8.592 8.065 7.558 7.070 6.601 6.619 6.929 7.219 7.489 7.739 7.968 8.176 8.364 8.532 8.679 8.806 8.912 9.140 9.411 9.672 9.923 10.163 10.392 10.611 10.820 11.018 11.206 11.383 11.550 11.263 10.899 10.544 10.199 9.864 9.539 9.223 8.917 8.621 8.335 8.059 7.793 7.888 7.957 7.983 7.964 7.902 7.795 7.645
8.366 8.763 9.171 9.591 10.022 10.441 10.751 11.020 11.247 11.429 11.586 11.724 11.844 11.945 12.028 12.091 12.137 11.951 11.358 10.784 10.229 9.693 9.175 8.677 8.197 7.737 7.295 6.872 6.469 6.374 6.614 6.834 7.033 7.212 7.370 7.508 7.626 7.723 7.799 7.856 7.891 8.041 8.277 8.502 8.716 8.920 9.114 9.297 9.470 9.633 9.785 9.926 10.057 9.858 9.528 9.207 8.896 8.595 8.304 8.022 7.750 7.489 7.236 6.994 6.762 6.686 6.604 6.478 6.308 6.095 5.837 5.536
8.317 8.754 9.176 9.591 10.002 10.397 10.564 10.713 10.843 10.954 11.047 11.120 11.176 11.212 11.230 11.229 11.210 11.079 10.552 10.043 9.553 9.083 8.631 8.198 7.784 7.389 7.012 6.655 6.317 6.152 6.321 6.470 6.599 6.707 6.795 6.862 6.909 6.936 6.942 6.927 6.893 6.954 7.154 7.343 7.522 7.690 7.848 7.995 8.133 8.259 8.375 8.481 8.576 8.445 8.149 7.862 7.585 7.318 7.061 6.813 6.575 6.348 6.129 5.921 5.722 5.527 5.294 5.017 4.696 4.497 4.350 4.204
8.144 8.555 8.964 9.370 9.774 10.176 10.305 10.388 10.454 10.500 10.528 10.537 10.528 10.500 10.453 10.388 10.304 10.188 9.726 9.283 8.859 8.453 8.067 7.699 7.351 7.021 6.711 6.419 6.146 5.950 6.049 6.128 6.186 6.224 6.241 6.238 6.214 6.170 6.106 6.021 5.916 5.879 6.043 6.196 6.339 6.472 6.594 6.705 6.807 6.897 6.978 7.048 7.108 7.025 6.762 6.509 6.266 6.033 5.810 5.596 5.392 5.198 5.117 5.061 5.003 4.893 4.745 4.598 4.453 4.310 4.168 4.028
7.949 8.353 8.753 9.152 9.548 9.943 10.065 10.085 10.085 10.067 10.031 9.975 9.901 9.809 9.697 9.567 9.419 9.252 8.881 8.503 8.145 7.805 7.484 7.182 6.899 6.635 6.389 6.163 5.955 5.771 5.799 5.807 5.794 5.762 5.708 5.635 5.541 5.426 5.292 5.137 4.961 4.815 4.943 5.061 5.168 5.265 5.351 5.427 5.493 5.548 5.592 5.627 5.651 5.596 5.367 5.293 5.248 5.200 5.149 5.095 5.038 4.978 4.916 4.850 4.782 4.681 4.539 4.398 4.259 4.121 3.985 3.851
7.757 8.153 8.546 8.937 9.325 9.712 9.847 9.801 9.737 9.655 9.554 9.434 9.295 9.138 8.962 8.768 8.555 8.323 8.017 7.705 7.412 7.137 6.882 6.645 6.428 6.229 6.049 5.888 5.746 5.622 5.570 5.507 5.425 5.321 5.198 5.054 4.889 4.704 4.499 4.274 4.028 3.763 3.856 3.937 4.009 4.070 4.120 4.161 4.342 4.541 4.736 4.927 5.114 5.266 5.217 5.164 5.109 5.051 4.990 4.926 4.859 4.790 4.718 4.642 4.564 4.468 4.331 4.196 4.063 3.931 3.801 3.672
7.568 7.956 8.341 8.724 9.105 9.484 9.648 9.539 9.410 9.263 9.097 8.913 8.710 8.489 8.248 7.989 7.712 7.416 7.135 6.888 6.660 6.451 6.261 6.090 5.937 5.804 5.689 5.593 5.516 5.458 5.362 5.229 5.076 4.902 4.708 4.494 4.259 4.004 3.729 3.433 3.117 2.916 3.073 3.281 3.486 3.687 3.884 4.077 4.267 4.453 4.635 4.814 4.988 5.160 5.100 5.038 4.973 4.905 4.834 4.761 4.684 4.605 4.523 4.438 4.350 4.253 4.122 3.993 3.865 3.739 3.615 3.493
7.381 7.761 8.139 8.514 8.887 9.258 9.471 9.296 9.104 8.892 8.662 8.413 8.146 7.860 7.555 7.232 6.890 6.529 6.233 6.051 5.889 5.745 5.621 5.515 5.428 5.359 5.310 5.280 5.268 5.275 5.176 4.973 4.749 4.505 4.282 4.068 3.864 3.668 3.482 3.305 3.138 2.979 3.079 3.274 3.466 3.654 3.839 4.019 4.196 4.369 4.539 4.704 4.866 5.025 4.987 4.915 4.840 4.762 4.682 4.598 4.512 4.423 4.331 4.236 4.138 4.037 3.912 3.789 3.667 3.547 3.428 3.311
7.197 7.569 7.939 8.307 8.672 9.035 9.314 9.075 8.818 8.542 8.247 7.934 7.602 7.252 6.883 6.495 6.089 5.664 5.312 5.196 5.099 5.021 4.961 4.921 4.899 4.896 4.912 4.952 4.987 5.016 4.933 4.714 4.505 4.305 4.113 3.932 3.759 3.595 3.441 3.296 3.160 3.033 3.089 3.271 3.450 3.625 3.797 3.965 4.129 4.289 4.446 4.599 4.748 4.893 4.876 4.795 4.710 4.622 4.532 4.438 4.342 4.243 4.142 4.037 3.929 3.819 3.701 3.583 3.467 3.353 3.240 3.129
