DATA/SHG/ECMWF/20170628/EN-0/20170701.en-0.asc
ncols        190
nrows        64
xllcorner    -5100000.000000000000
yllcorner    4130000.000000000000
cellsize     10000.000000000000
NODATA_value  -99999.000
[rows 0 to 31 of 64, columns 0 to 72 of 190]
6.662 6.903 7.159 7.431 7.718 8.020 8.338 8.671 9.020 8.942 8.719 8.487 8.246 7.996 7.738 7.471 7.196 6.912 6.619 6.299 5.968 5.997 6.191 6.383 6.573 6.761 6.946 7.130 7.311 7.491 7.668 7.843 8.017 7.966 7.777 7.596 7.422 7.255 7.095 6.943 6.797 6.659 6.529 6.405 6.289 6.168 6.040 5.911 5.782 5.653 5.524 5.394 5.265 5.136 5.006 4.876 4.747 4.696 4.732 4.758 4.774 4.780 4.777 4.764 4.741 4.708 4.665 4.613 4.551 4.503 4.488 4.469 4.444
6.994 7.289 7.600 7.926 8.268 8.624 8.997 9.384 9.787 9.798 9.544 9.281 8.964 8.643 8.319 7.993 7.663 7.331 6.996 6.659 6.318 6.260 6.447 6.632 6.814 6.995 7.173 7.349 7.523 7.695 7.865 8.033 8.199 8.209 8.045 7.889 7.741 7.599 7.465 7.338 7.218 7.105 7.000 6.902 6.811 6.708 6.579 6.450 6.320 6.191 6.061 5.931 5.801 5.672 5.542 5.412 5.281 5.195 5.197 5.188 5.170 5.142 5.104 5.056 4.999 4.932 4.855 4.768 4.671 4.585 4.553 4.517 4.475
7.309 7.658 8.023 8.404 8.796 9.180 9.561 9.940 10.316 10.372 10.050 9.724 9.396 9.065 8.731 8.395 8.055 7.713 7.369 7.021 6.671 6.526 6.705 6.883 7.058 7.231 7.402 7.570 7.737 7.902 8.064 8.225 8.383 8.444 8.306 8.175 8.052 7.936 7.827 7.725 7.630 7.543 7.463 7.390 7.324 7.247 7.117 6.988 6.858 6.728 6.598 6.468 6.337 6.207 6.077 5.946 5.815 5.704 5.671 5.628 5.575 5.512 5.440 5.358 5.266 5.164 5.053 4.932 4.772 4.620 4.554 4.491 4.430
7.674 8.059 8.441 8.821 9.199 9.574 9.946 10.317 10.684 10.836 10.503 10.168 9.830 9.489 9.145 8.799 8.450 8.098 7.743 7.386 7.026 6.793 6.965 7.135 7.303 7.468 7.632 7.793 7.953 8.110 8.265 8.418 8.569 8.671 8.559 8.453 8.355 8.264 8.181 8.104 8.035 7.973 7.918 7.870 7.830 7.786 7.655 7.525 7.395 7.264 7.134 7.003 6.872 6.742 6.611 6.480 6.349 6.221 6.153 6.076 5.984 5.828 5.670 5.510 5.349 5.186 5.021 4.854 4.685 4.515 4.456 4.400 4.347
8.112 8.489 8.862 9.234 9.603 9.969 10.334 10.695 11.055 11.302 10.959 10.614 10.266 9.915 9.562 9.206 8.847 8.485 8.121 7.753 7.383 7.062 7.227 7.389 7.550 7.708 7.864 8.018 8.170 8.320 8.468 8.614 8.757 8.891 8.804 8.724 8.651 8.585 8.527 8.476 8.432 8.395 8.365 8.343 8.328 8.320 8.193 8.062 7.931 7.800 7.669 7.538 7.407 7.251 7.023 6.809 6.611 6.427 6.268 6.109 5.949 5.786 5.622 5.456 5.289 5.119 4.948 4.775 4.601 4.424 4.355 4.308 4.262
8.552 8.920 9.285 9.648 10.009 10.367 10.723 11.076 11.427 11.770 11.418 11.063 10.705 10.344 9.981 9.615 9.246 8.875 8.500 8.123 7.743 7.361 7.490 7.645 7.798 7.949 8.098 8.245 8.389 8.532 8.672 8.811 8.947 9.081 9.041 8.986 8.939 8.898 8.865 8.839 8.821 8.809 8.805 8.808 8.818 8.835 8.665 8.386 8.120 7.870 7.635 7.414 7.208 7.017 6.841 6.680 6.533 6.401 6.247 6.082 5.915 5.747 5.576 5.404 5.231 5.055 4.878 4.698 4.518 4.335 4.253 4.213 4.175
8.994 9.354 9.710 10.065 10.417 10.766 11.114 11.458 11.801 12.141 11.879 11.514 11.146 10.776 10.403 10.027 9.648 9.267 8.882 8.495 8.106 7.713 7.756 7.903 8.049 8.192 8.334 8.473 8.610 8.746 8.879 9.010 9.139 9.266 9.271 9.241 9.219 9.204 9.196 9.113 8.970 8.828 8.686 8.545 8.404 8.263 8.053 7.825 7.612 7.414 7.231 7.062 6.908 6.769 6.645 6.536 6.441 6.362 6.228 6.057 5.884 5.709 5.532 5.354 5.174 4.992 4.809 4.624 4.436 4.248 4.149 4.117 4.087
9.438 9.789 10.137 10.483 10.827 11.168 11.507 11.843 12.177 12.508 12.342 11.967 11.590 11.210 10.827 10.441 10.052 9.661 9.267 8.870 8.471 8.069 8.022 8.163 8.301 8.437 8.571 8.703 8.833 8.961 9.087 9.211 9.238 9.235 9.147 9.004 8.861 8.719 8.577 8.436 8.294 8.153 8.013 7.872 7.732 7.593 7.427 7.251 7.090 6.944 6.812 6.696 6.594 6.507 6.435 6.378 6.335 6.307 6.210 6.033 5.854 5.673 5.490 5.306 5.120 4.932 4.742 4.550 4.357 4.162 4.043 4.018 3.996
9.884 10.226 10.566 10.904 11.239 11.571 11.902 12.229 12.555 12.878 12.808 12.423 12.036 11.646 11.253 10.857 10.459 10.058 9.654 9.248 8.838 8.426 8.291 8.424 8.555 8.561 8.559 8.556 8.552 8.549 8.545 8.541 8.537 8.532 8.464 8.322 8.181 8.040 7.899 7.759 7.619 7.479 7.340 7.201 7.062 6.923 6.787 6.663 6.554 6.460 6.380 6.316 6.266 6.231 6.211 6.205 6.215 6.239 6.195 6.011 5.826 5.639 5.450 5.259 5.067 4.873 4.677 4.479 4.280 4.079 3.935 3.918 3.904
10.332 10.665 10.997 11.326 11.652 11.977 12.298 12.618 12.935 13.249 13.276 12.882 12.484 12.084 11.682 11.276 10.868 10.435 9.853 9.288 8.739 8.207 7.875 7.873 7.870 7.866 7.863 7.859 7.855 7.851 7.846 7.841 7.836 7.830 7.782 7.642 7.501 7.362 7.222 7.083 6.944 6.806 6.667 6.529 6.392 6.254 6.133 6.061 6.004 5.962 5.934 5.922 5.924 5.941 5.972 6.019 6.080 6.156 6.181 5.991 5.800 5.606 5.411 5.214 5.016 4.816 4.613 4.410 4.204 3.997 3.825 3.816 3.809
10.781 11.106 11.429 11.750 12.068 12.384 12.697 13.008 13.317 13.623 13.667 13.027 12.405 11.799 11.209 10.636 10.080 9.540 9.016 8.510 8.019 7.545 7.184 7.181 7.177 7.173 7.168 7.164 7.159 7.154 7.148 7.143 7.137 7.130 7.101 6.961 6.823 6.684 6.546 6.408 6.270 6.133 5.996 5.859 5.722 5.586 5.465 5.445 5.440 5.450 5.474 5.513 5.567 5.636 5.720 5.818 5.931 6.059 6.169 5.973 5.775 5.576 5.374 5.171 4.967 4.760 4.552 4.342 4.130 3.917 3.713 3.712 3.713
11.233 11.549 11.864 12.075 12.179 12.264 12.331 12.378 12.407 12.417 12.347 11.767 11.202 10.654 10.123 9.608 9.110 8.629 8.163 7.715 7.283 6.867 6.494 6.490 6.485 6.481 6.475 6.470 6.464 6.458 6.452 6.445 6.439 6.432 6.420 6.282 6.144 6.007 5.870 5.733 5.597 5.460 5.325 5.189 5.054 4.919 4.784 4.815 4.862 4.924 5.000 5.091 5.197 5.318 5.453 5.603 5.768 5.947 6.141 5.957 5.753 5.547 5.340 5.130 4.919 4.707 4.492 4.356 4.290 4.235 4.193 4.319 4.449
10.897 10.992 11.068 11.124 11.162 11.181 11.181 11.162 11.124 11.068 10.992 10.490 9.984 9.494 9.021 8.565 8.125 7.701 7.294 6.904 6.530 6.173 5.832 5.801 5.795 5.790 5.784 5.777 5.771 5.764 5.757 5.750 5.742 5.734 5.726 5.603 5.467 5.331 5.195 5.059 4.924 4.789 4.654 4.520 4.386 4.252 4.119 4.172 4.271 4.384 4.512 4.655 4.812 4.985 5.172 5.374 5.590 5.821 6.067 5.942 5.796 5.687 5.591 5.506 5.433 5.372 5.323 5.286 5.262 5.249 5.248 5.331 5.426
10.168 10.196 10.206 10.196 10.167 10.120 10.053 9.968 9.864 9.741 9.599 9.197 8.749 8.318 7.903 7.505 7.123 6.758 6.409 6.077 5.761 5.462 5.179 5.113 5.106 5.100 5.093 5.086 5.079 5.071 5.063 5.055 5.046 5.038 5.029 4.925 4.790 4.655 4.520 4.386 4.252 4.118 3.985 3.852 3.719 3.586 3.454 3.515 3.665 3.830 4.010 4.205 4.414 4.725 5.057 5.396 5.741 6.091 6.447 6.500 6.421 6.354 6.299 6.256 6.225 6.206 6.199 6.204 6.221 6.250 6.291 6.352 6.412
9.461 9.423 9.366 9.290 9.195 9.081 8.948 8.797 8.626 8.437 8.229 7.889 7.499 7.126 6.769 6.429 6.106 5.798 5.508 5.234 4.976 4.735 4.510 4.426 4.419 4.412 4.404 4.396 4.388 4.379 4.371 4.362 4.352 4.343 4.333 4.248 4.114 3.980 3.847 3.713 3.581 3.448 3.316 3.184 3.052 2.921 2.918 3.101 3.420 3.744 4.074 4.409 4.751 5.098 5.452 5.811 6.176 6.547 6.924 7.070 7.033 7.008 6.995 6.994 7.004 7.027 7.062 7.109 7.167 7.238 7.320 7.381 7.405
8.776 8.671 8.548 8.405 8.244 8.064 7.865 7.647 7.411 7.155 6.881 6.565 6.233 5.918 5.620 5.338 5.072 4.823 4.590 4.374 4.174 3.991 3.824 3.740 3.733 3.724 3.716 3.707 3.698 3.689 3.679 3.669 3.659 3.649 3.638 3.572 3.439 3.306 3.186 3.148 3.119 3.102 3.095 3.099 3.114 3.139 3.175 3.346 3.684 4.029 4.380 4.736 5.098 5.466 5.840 6.220 6.605 6.996 7.394 7.629 7.633 7.650 7.678 7.719 7.771 7.836 7.912 8.001 8.101 8.213 8.338 8.418 8.406
8.112 7.941 7.752 7.543 7.316 7.069 6.804 6.520 6.218 5.896 5.555 5.225 4.951 4.694 4.454 4.230 4.022 3.831 3.657 3.498 3.357 3.231 3.122 3.056 3.047 3.038 3.029 3.020 3.010 3.000 2.989 3.003 3.067 3.126 3.180 3.201 3.167 3.144 3.132 3.131 3.140 3.160 3.191 3.233 3.285 3.347 3.421 3.584 3.943 4.308 4.679 5.056 5.439 5.827 6.221 6.622 7.028 7.439 7.857 8.174 8.221 8.279 8.349 8.431 8.526 8.632 8.750 8.880 9.022 9.176 9.342 9.463 9.416
7.471 7.234 6.978 6.703 6.409 6.097 5.766 5.415 5.047 4.659 4.252 3.869 3.654 3.455 3.272 3.106 2.957 2.823 2.707 2.606 2.523 2.455 2.404 2.373 2.409 2.492 2.570 2.642 2.709 2.771 2.827 2.878 2.924 2.964 2.999 3.023 3.027 3.042 3.068 3.104 3.151 3.208 3.276 3.355 3.444 3.545 3.656 3.816 4.196 4.581 4.973 5.370 5.773 6.182 6.597 7.017 7.444 7.876 8.314 8.708 8.796 8.896 9.008 9.131 9.267 9.415 9.575 9.746 9.930 10.126 10.333 10.516 10.434
6.851 6.547 6.225 5.884 5.525 5.146 4.749 4.333 3.898 3.444 2.971 2.498 2.340 2.199 2.075 1.967 1.875 1.890 1.962 2.036 2.112 2.190 2.270 2.352 2.422 2.486 2.545 2.599 2.647 2.690 2.727 2.760 2.786 2.808 2.824 2.836 2.877 2.929 2.992 3.066 3.150 3.245 3.350 3.466 3.593 3.731 3.879 4.041 4.442 4.848 5.260 5.677 6.101 6.530 6.966 7.407 7.854 8.306 8.765 9.228 9.358 9.500 9.653 9.819 9.996 10.186 10.387 10.601 10.826 11.063 11.312 11.573 11.459
6.253 5.883 5.495 5.088 4.662 4.218 3.754 3.272 2.771 2.251 1.852 1.489 1.513 1.582 1.652 1.725 1.800 1.877 1.956 2.038 2.121 2.207 2.295 2.385 2.440 2.486 2.526 2.561 2.590 2.615 2.633 2.647 2.655 2.657 2.655 2.647 2.716 2.806 2.906 3.017 3.138 3.271 3.413 3.567 3.731 3.906 4.092 4.288 4.682 5.108 5.541 5.979 6.423 6.873 7.328 7.790 8.257 8.730 9.209 9.694 9.908 10.092 10.287 10.494 10.713 10.944 11.187 11.442 11.709 11.987 12.278 12.581 12.493
5.676 5.241 4.786 4.391 4.003 3.622 3.248 2.882 2.522 2.170 1.824 1.486 1.459 1.535 1.613 1.694 1.776 1.861 1.948 2.037 2.128 2.222 2.318 2.416 2.464 2.491 2.513 2.529 2.539 2.545 2.545 2.539 2.529 2.513 2.491 2.465 2.544 2.671 2.809 2.957 3.116 3.286 3.466 3.657 3.858 4.070 4.293 4.527 4.915 5.362 5.815 6.274 6.738 7.208 7.684 8.166 8.654 9.148 9.647 10.152 10.446 10.671 10.908 11.157 11.417 11.690 11.974 12.179 12.238 12.291 12.337 12.378 12.138
5.314 4.929 4.552 4.182 3.819 3.463 3.114 2.772 2.437 2.110 1.789 1.476 1.402 1.486 1.572 1.660 1.750 1.843 1.937 2.034 2.133 2.235 2.338 2.444 2.494 2.502 2.505 2.502 2.494 2.481 2.462 2.438 2.409 2.374 2.334 2.288 2.362 2.526 2.701 2.886 3.083 3.290 3.507 3.735 3.974 4.224 4.484 4.755 5.143 5.610 6.083 6.562 7.047 7.538 8.034 8.537 9.045 9.559 10.078 10.604 10.885 10.965 11.040 11.108 11.170 11.225 11.275 11.319 11.357 11.389 11.414 11.434 11.308
5.022 4.663 4.310 3.965 3.627 3.296 2.972 2.655 2.345 2.042 1.746 1.458 1.343 1.435 1.528 1.624 1.722 1.822 1.925 2.029 2.136 2.245 2.356 2.469 2.529 2.518 2.502 2.481 2.454 2.422 2.385 2.342 2.294 2.241 2.182 2.118 2.168 2.370 2.582 2.805 3.039 3.283 3.538 3.803 4.079 4.366 4.663 4.971 5.364 5.852 6.345 6.845 7.350 7.795 8.191 8.574 8.944 9.301 9.645 9.976 10.179 10.238 10.291 10.338 10.379 10.414 10.443 10.466 10.483 10.493 10.498 10.497 10.447
4.723 4.389 4.061 3.741 3.427 3.121 2.822 2.530 2.245 1.967 1.696 1.433 1.282 1.381 1.482 1.586 1.691 1.799 1.909 2.022 2.136 2.253 2.372 2.492 2.570 2.540 2.506 2.466 2.420 2.369 2.313 2.252 2.185 2.113 2.035 1.953 1.965 2.203 2.453 2.713 2.984 3.265 3.558 3.860 4.174 4.497 4.803 5.093 5.423 5.839 6.241 6.631 7.008 7.372 7.722 8.060 8.384 8.696 8.994 9.279 9.479 9.518 9.550 9.576 9.596 9.610 9.618 9.620 9.615 9.605 9.589 9.566 9.555
4.417 4.108 3.805 3.509 3.221 2.939 2.665 2.398 2.138 1.885 1.639 1.400 1.218 1.325 1.434 1.545 1.659 1.774 1.892 2.012 2.134 2.258 2.385 2.513 2.616 2.568 2.515 2.456 2.392 2.322 2.247 2.167 2.082 1.991 1.895 1.793 1.750 2.026 2.313 2.631 2.946 3.254 3.555 3.850 4.137 4.418 4.692 4.958 5.240 5.610 5.968 6.312 6.643 6.961 7.267 7.559 7.838 8.104 8.357 8.597 8.787 8.804 8.815 8.820 8.819 8.812 8.799 8.780 8.755 8.724 8.687 8.643 8.632
4.108 3.819 3.541 3.271 3.007 2.750 2.501 2.258 2.023 1.795 1.573 1.359 1.152 1.267 1.383 1.502 1.623 1.747 1.872 2.000 2.129 2.261 2.396 2.532 2.668 2.601 2.529 2.452 2.369 2.281 2.187 2.089 2.005 1.932 1.869 1.815 1.780 2.092 2.397 2.694 2.985 3.270 3.547 3.817 4.081 4.338 4.587 4.830 5.070 5.395 5.707 6.006 6.292 6.564 6.824 7.071 7.305 7.525 7.733 7.927 8.101 8.097 8.087 8.071 8.049 8.021 7.988 7.948 7.902 7.849 7.791 7.727 7.677
3.864 3.523 3.270 3.024 2.785 2.554 2.329 2.111 1.901 1.697 1.501 1.311 1.129 1.206 1.331 1.457 1.586 1.717 1.850 1.985 2.123 2.262 2.404 2.548 2.688 2.601 2.493 2.395 2.307 2.228 2.160 2.101 2.053 2.014 1.985 1.966 1.957 2.210 2.491 2.765 3.032 3.292 3.545 3.792 4.031 4.264 4.490 4.709 4.921 5.193 5.459 5.713 5.953 6.181 6.395 6.597 6.785 6.960 7.123 7.272 7.408 7.397 7.366 7.329 7.286 7.238 7.183 7.122 7.055 6.982 6.903 6.818 6.727
3.658 3.220 2.992 2.771 2.557 2.350 2.150 1.957 1.771 1.592 1.421 1.256 1.098 1.143 1.275 1.410 1.546 1.690 1.836 1.970 2.090 2.197 2.291 2.371 2.438 2.396 2.322 2.259 2.205 2.162 2.128 2.104 2.090 2.086 2.092 2.107 2.133 2.335 2.592 2.842 3.085 3.321 3.551 3.773 3.989 4.198 4.400 4.595 4.783 5.004 5.225 5.433 5.628 5.810 5.980 6.136 6.279 6.409 6.526 6.630 6.720 6.703 6.652 6.594 6.530 6.461 6.385 6.303 6.215 6.121 6.021 5.916 5.804
3.490 2.910 2.706 2.510 2.321 2.138 1.963 1.795 1.634 1.480 1.376 1.304 1.207 1.245 1.398 1.538 1.665 1.779 1.879 1.966 2.040 2.100 2.148 2.182 2.203 2.181 2.142 2.113 2.094 2.085 2.086 2.096 2.117 2.147 2.187 2.238 2.298 2.466 2.699 2.925 3.145 3.357 3.563 3.761 3.953 4.138 4.316 4.488 4.652 4.828 5.004 5.167 5.317 5.453 5.577 5.688 5.786 5.870 5.942 6.001 6.047 6.017 5.944 5.866 5.781 5.690 5.594 5.491 5.382 5.268 5.147 5.020 4.887
3.359 2.592 2.413 2.372 2.388 2.379 2.345 2.285 2.201 2.091 1.956 1.796 1.611 1.534 1.641 1.734 1.815 1.882 1.936 1.977 2.004 2.018 2.019 2.007 1.981 1.956 1.952 1.957 1.973 1.998 2.033 2.079 2.134 2.198 2.273 2.358 2.452 2.605 2.814 3.016 3.211 3.400 3.582 3.756 3.924 4.085 4.240 4.387 4.528 4.665 4.796 4.913 5.018 5.110 5.188 5.254 5.306 5.346 5.372 5.386 5.386 5.337 5.243 5.144 5.038 4.927 4.809 4.686 4.585 4.528 4.476 4.428 4.383
4.357 3.666 3.644 3.597 3.525 3.428 3.305 3.158 2.985 2.787 2.563 2.315 2.041 1.836 1.897 1.944 1.978 1.999 2.007 2.001 1.982 1.950 1.905 1.846 1.774 1.721 1.751 1.791 1.841 1.901 1.971 2.051 2.140 2.239 2.349 2.468 2.596 2.750 2.935 3.113 3.285 3.450 3.607 3.758 3.902 4.040 4.170 4.294 4.411 4.516 4.601 4.673 4.733 4.779 4.812 4.833 4.840 4.834 4.815 4.784 4.739 4.682 4.612 4.546 4.484 4.426 4.372 4.321 4.275 4.232 4.193 4.158 4.127
5.891 5.095 4.985 4.849 4.689 4.503 4.292 4.056 3.795 3.508 3.197 2.860 2.498 2.152 2.167 2.168 2.155 2.130 2.091 2.039 1.974 1.896 1.804 1.699 1.581 1.476 1.540 1.615 1.700 1.794 1.898 2.012 2.136 2.270 2.414 2.567 2.730 2.902 3.063 3.218 3.365 3.506 3.640 3.767 3.887 4.001 4.107 4.207 4.300 4.379 4.419 4.446 4.461 4.462 4.551 4.667 4.730 4.739 4.694 4.595 4.442 4.275 4.218 4.166 4.117 4.073 4.032 3.995 3.962 3.932 3.907 3.885 3.867
