DATA/SHG/ECMWF/20170628/EN-0/20170705.en-0.asc
ncols        190
nrows        64
xllcorner    -5100000.000000000000
yllcorner    4130000.000000000000
cellsize     10000.000000000000
NODATA_value  -99999.000
[rows 32 to 63 of 64, columns 72 to 143 of 190]
11.575 12.160 11.888 11.580 11.239 10.863 10.452 10.007 9.528 9.014 8.466 7.883 7.266 6.787 7.179 7.609 8.076 8.580 9.121 9.700 10.315 10.968 11.651 12.358 13.094 13.878 14.752 15.656 16.590 17.554 18.547 19.569 20.622 21.704 22.815 23.957 25.128 25.491 24.266 22.997 21.685 20.329 18.930 17.487 16.001 14.649 13.799 12.968 12.158 12.811 14.984 17.004 18.869 20.581 22.138 23.542 24.792 25.888 26.830 27.618 28.253 27.757 26.566 25.389 24.224 23.073 21.935 20.810 19.698 18.600 17.514 16.442
12.309 13.073 12.684 12.257 11.796 11.300 10.770 10.206 9.607 8.973 8.306 7.603 6.867 6.143 6.665 7.224 7.820 8.453 9.123 9.830 10.575 11.356 12.169 13.006 13.873 14.777 15.783 16.819 17.884 18.979 20.103 21.257 22.441 23.654 24.897 26.170 27.573 28.706 27.782 26.877 25.994 25.130 24.287 23.463 22.661 21.878 21.115 20.373 19.651 19.756 21.249 22.587 23.772 24.804 25.681 26.404 26.974 27.390 27.652 27.761 27.715 27.085 25.952 24.832 23.726 22.632 21.552 20.485 19.430 18.389 17.361 16.347
13.028 13.845 13.513 12.966 12.385 11.770 11.120 10.436 9.717 8.965 8.177 7.356 6.500 5.609 6.117 6.805 7.530 8.292 9.091 9.927 10.800 11.711 12.653 13.621 14.618 15.644 16.780 18.086 19.920 21.733 23.525 25.294 27.042 28.768 30.473 32.156 33.818 35.197 34.361 33.545 32.750 31.975 31.220 30.485 29.770 29.076 28.402 27.748 27.114 26.855 27.667 28.325 28.830 29.181 29.379 29.423 29.313 29.049 28.632 28.061 27.336 26.401 25.326 24.263 23.215 22.179 21.156 20.146 19.150 18.166 17.196 16.239
13.731 14.601 14.372 13.706 13.006 12.271 11.501 10.698 9.860 8.988 8.081 7.140 6.165 5.155 5.536 6.352 7.206 8.097 9.025 10.412 12.440 14.459 16.357 18.137 19.909 21.674 23.451 25.211 26.949 28.666 30.361 32.035 33.686 35.316 36.925 38.512 40.077 41.621 40.911 40.183 39.476 38.789 38.122 37.476 36.849 36.243 35.657 35.092 34.546 34.106 34.239 34.218 34.043 33.714 33.232 32.597 31.808 30.865 29.769 28.519 27.115 25.704 24.687 23.682 22.691 21.713 20.748 19.796 18.857 17.931 17.018 16.118
14.419 15.341 15.263 14.478 13.658 12.803 11.915 10.992 10.034 9.043 8.017 6.957 6.381 6.447 7.812 9.853 11.885 13.907 15.921 17.925 19.921 21.907 23.773 25.520 27.260 28.993 30.688 32.351 33.993 35.614 37.213 38.790 40.346 41.880 43.392 44.883 46.352 47.799 47.430 46.791 46.172 45.573 44.995 44.437 43.899 43.381 42.883 42.405 41.948 41.511 40.964 40.264 39.410 38.402 37.241 35.927 34.459 32.838 31.063 29.134 27.052 24.995 24.036 23.089 22.155 21.234 20.327 19.432 18.551 17.683 16.827 15.985
15.092 16.067 16.185 15.280 14.341 13.787 13.649 13.568 13.545 13.579 13.671 13.820 14.027 14.292 15.485 17.494 19.493 21.484 23.465 25.437 27.400 29.354 31.187 32.902 34.610 36.310 37.939 39.506 41.052 42.577 44.079 45.561 47.020 48.458 49.874 51.269 52.642 53.994 53.920 53.369 52.838 52.328 51.837 51.367 50.917 50.488 50.078 49.689 49.319 48.970 47.843 46.464 44.931 43.245 41.406 39.413 37.266 34.967 32.514 29.907 27.147 24.274 23.372 22.483 21.607 20.743 19.893 19.056 18.232 17.422 16.624 15.839
17.221 18.973 20.150 20.037 19.982 19.985 20.045 20.162 20.337 20.570 20.859 21.207 21.612 22.074 23.157 25.133 27.100 29.058 31.007 32.947 34.878 36.799 38.600 40.283 41.958 43.626 45.205 46.676 48.126 49.554 50.961 52.346 53.710 55.052 56.372 57.671 58.948 60.204 60.380 59.917 59.475 59.052 58.650 58.268 57.906 57.564 57.243 56.942 56.660 56.399 54.875 52.818 50.607 48.242 45.725 43.054 40.230 37.252 34.121 30.837 27.400 23.809 22.696 21.864 21.046 20.240 19.448 18.668 17.902 17.148 16.408 15.681
21.813 23.920 25.691 25.777 25.920 26.121 26.379 26.694 27.068 27.498 27.986 28.531 29.134 29.795 30.827 32.771 34.706 36.631 38.548 40.455 42.354 44.243 46.012 47.662 49.304 50.940 52.485 53.861 55.215 56.547 57.858 59.147 60.415 61.661 62.886 64.088 65.270 66.430 66.810 66.436 66.081 65.747 65.433 65.139 64.865 64.611 64.378 64.164 63.971 63.798 62.061 59.325 56.436 53.394 50.199 46.851 43.349 39.694 35.886 31.925 27.810 23.543 22.008 21.234 20.473 19.724 18.958 18.141 17.356 16.603 15.883 15.194
26.302 28.764 31.172 31.456 31.797 32.196 32.652 33.165 33.736 34.365 35.051 35.794 36.595 37.453 38.496 40.407 42.310 44.203 46.087 47.962 49.828 51.685 53.422 55.040 56.650 58.253 59.781 61.061 62.319 63.555 64.770 65.964 67.135 68.286 69.414 70.521 71.607 72.671 73.211 72.924 72.658 72.411 72.185 71.979 71.793 71.628 71.482 71.357 71.252 71.167 69.399 65.986 62.420 58.701 54.828 50.803 46.624 42.149 37.167 32.255 27.412 22.640 20.547 19.744 18.972 18.232 17.524 16.848 16.204 15.592 15.011 14.463
30.688 33.505 36.423 37.074 37.613 38.210 38.864 39.575 40.344 41.170 42.054 42.995 43.993 45.049 46.163 48.042 49.912 51.773 53.625 55.468 57.302 59.127 60.831 62.416 63.994 65.565 67.092 68.276 69.438 70.578 71.697 72.795 73.871 74.925 75.958 76.970 77.959 78.928 79.582 79.383 79.205 79.046 78.908 78.790 78.692 78.614 78.557 78.519 78.269 76.809 73.807 68.643 63.549 58.524 53.569 48.685 43.870 39.125 34.449 29.844 25.309 20.843 18.521 17.858 17.227 16.628 16.060 15.525 15.021 14.549 14.109 13.701
34.972 38.143 41.416 42.631 43.368 44.162 45.014 45.923 46.890 47.914 48.995 50.134 51.330 52.583 53.893 55.675 57.513 59.342 61.162 62.972 64.774 66.566 68.238 69.791 71.337 72.876 74.407 75.505 76.572 77.617 78.640 79.642 80.622 81.581 82.518 83.434 84.328 85.200 85.923 85.682 84.313 82.923 81.514 80.085 78.637 77.169 75.681 74.173 72.645 71.098 68.566 63.708 58.921 54.204 49.556 44.978 40.470 36.032 31.664 27.366 23.137 18.978 16.465 15.942 15.452 14.993 14.566 14.171 13.807 13.476 13.176 12.909
39.153 42.678 46.306 48.127 49.062 50.054 51.104 52.211 53.375 54.596 55.875 57.211 58.604 60.055 61.563 63.307 65.113 66.909 68.697 70.475 72.245 74.005 75.645 77.165 78.679 80.185 81.684 82.750 83.721 84.670 85.520 84.938 84.408 83.930 83.504 83.129 82.807 82.536 82.303 80.867 79.410 77.934 76.438 74.923 73.388 71.833 70.258 68.663 67.049 65.416 63.258 58.708 54.227 49.817 45.476 41.205 37.004 32.872 28.811 24.819 20.897 17.045 14.379 13.997 13.646 13.328 13.041 12.786 12.563 12.372 12.213 12.086
43.232 47.112 51.093 53.563 54.696 55.886 57.133 58.437 59.799 61.217 62.694 64.227 65.818 67.465 69.171 70.937 72.711 74.475 76.231 77.977 79.714 81.442 81.355 81.165 80.978 80.794 80.615 80.165 79.657 79.201 78.796 78.444 78.144 77.895 77.698 77.554 77.461 77.420 77.431 76.078 74.535 72.973 71.390 69.788 68.166 66.524 64.863 63.182 61.481 59.761 57.883 53.640 49.467 45.363 41.329 37.365 33.470 29.645 25.890 22.205 18.589 15.043 12.263 12.021 11.811 11.633 11.486 11.372 11.289 11.238 11.219 11.232
47.209 51.442 55.778 58.939 60.269 61.656 63.101 64.602 66.161 67.777 69.451 71.181 72.969 74.814 76.716 76.511 76.069 75.632 75.199 74.771 74.347 73.928 73.632 73.458 73.288 73.121 72.958 72.702 72.424 72.198 72.023 71.900 71.829 71.811 71.843 71.928 72.065 72.253 72.494 71.318 69.688 68.038 66.369 64.680 62.972 61.244 59.496 57.728 55.941 54.134 52.307 48.507 44.640 40.842 37.115 33.457 29.869 26.350 22.902 19.523 16.213 12.973 10.117 10.015 9.946 9.908 9.901 9.927 9.984 10.074 10.195 10.347
51.084 55.671 60.360 64.254 65.781 67.366 69.008 70.707 70.663 70.534 70.353 70.120 69.834 69.496 69.106 68.675 68.250 67.829 67.414 67.002 66.595 66.193 65.914 65.757 65.604 65.454 65.307 65.191 65.142 65.145 65.200 65.307 65.466 65.676 65.938 66.253 66.619 67.036 67.506 66.584 64.868 63.132 61.376 59.601 57.806 55.991 54.156 52.302 50.428 48.535 46.622 43.307 39.746 36.255 32.834 29.482 26.200 22.988 19.846 16.773 13.769 10.836 7.972 7.980 8.050 8.152 8.286 8.452 8.649 8.879 9.140 9.432
54.818 58.433 61.911 64.806 64.759 64.659 64.508 64.304 64.048 63.740 63.379 62.966 62.501 61.984 61.414 60.844 60.436 60.033 59.634 59.239 58.849 58.464 58.201 58.061 57.924 57.791 57.662 57.631 57.811 58.044 58.328 58.664 59.052 59.492 59.984 60.527 61.122 61.769 62.468 61.878 60.075 58.252 56.410 54.548 52.667 50.765 48.845 46.904 44.944 42.964 40.964 38.041 34.786 31.602 28.486 25.441 22.465 19.559 16.722 13.955 11.257 8.630 6.071 5.914 6.125 6.367 6.641 6.946 7.284 7.653 8.054 8.487
50.121 53.267 56.278 59.145 58.919 58.640 58.308 57.925 57.489 57.002 56.461 55.869 55.225 54.528 53.779 53.019 52.628 52.241 51.859 51.481 51.108 50.739 50.494 50.370 50.250 50.134 50.021 50.021 50.431 50.893 51.407 51.972 52.589 53.258 53.979 54.751 55.576 56.452 57.379 57.199 55.310 53.400 51.472 49.523 47.555 45.568 43.560 41.533 39.487 37.420 35.334 32.708 29.760 26.881 24.072 21.332 18.662 16.062 13.531 11.069 8.678 6.356 4.103 3.819 4.169 4.551 4.965 5.411 5.888 6.397 6.965 7.595
45.556 48.235 50.779 53.187 53.134 52.676 52.165 51.602 50.987 50.320 49.600 48.829 48.005 47.129 46.201 45.221 44.824 44.455 44.089 43.728 43.372 43.020 42.791 42.684 42.581 42.481 42.385 42.363 43.002 43.693 44.436 45.230 46.077 46.975 47.924 48.926 49.979 51.084 52.240 52.547 50.571 48.576 46.561 44.526 42.471 40.397 38.304 36.190 34.057 31.905 29.732 27.310 24.667 22.094 19.591 17.157 14.792 12.498 10.272 8.116 6.030 4.083 2.418 2.267 2.940 3.597 4.237 4.862 5.470 6.061 6.636 7.195
41.124 43.336 45.413 47.354 47.405 46.767 46.077 45.335 44.541 43.694 42.796 41.845 40.842 39.787 38.679 37.520 37.026 36.673 36.325 35.980 35.641 35.306 35.094 35.004 34.917 34.834 34.754 34.678 35.525 36.444 37.416 38.439 39.514 40.641 41.820 43.050 44.332 45.666 47.051 47.922 45.860 43.778 41.677 39.556 37.415 35.254 33.074 30.875 28.655 26.416 24.158 21.845 19.594 18.044 16.469 14.869 13.244 11.594 9.919 8.219 6.494 4.744 2.969 2.456 3.057 3.643 4.212 4.764 5.301 5.821 6.324 6.812
36.824 38.569 40.179 41.654 41.732 40.915 40.046 39.124 38.151 37.125 36.047 34.917 33.735 32.501 31.215 29.876 29.233 28.897 28.565 28.238 27.915 27.597 27.401 27.328 27.258 27.191 27.129 27.069 27.998 29.146 30.347 31.599 32.903 34.258 35.665 37.124 38.635 40.197 41.811 43.325 41.176 39.008 36.820 34.628 33.042 31.493 29.981 28.506 27.068 25.668 24.305 22.908 21.272 19.612 17.926 16.216 14.481 12.721 10.935 9.125 7.290 5.430 3.545 2.661 3.191 3.705 4.202 4.684 5.148 5.597 6.029 6.445
32.657 33.935 35.079 36.087 36.114 35.118 34.069 32.969 31.816 30.611 29.355 28.046 26.685 25.272 23.806 22.289 21.446 21.126 20.811 20.500 20.194 19.892 19.714 19.657 19.604 19.554 19.508 19.465 20.422 21.799 23.228 24.709 26.241 27.825 29.461 31.741 34.046 36.338 38.617 40.883 39.627 38.092 36.594 35.134 33.710 32.324 30.975 29.663 28.388 27.150 25.949 24.721 22.975 21.205 19.409 17.588 15.743 13.872 11.977 10.057 8.112 6.142 4.147 2.883 3.341 3.784 4.210 4.619 5.013 5.390 5.750 6.095
28.621 29.434 30.111 30.653 30.552 29.377 28.149 26.869 25.538 24.154 22.718 21.230 19.691 18.099 16.455 14.759 13.663 13.360 13.061 12.767 12.478 12.193 12.031 11.991 11.954 11.921 12.652 13.503 15.255 17.595 19.921 22.235 24.536 26.823 29.098 31.360 33.608 35.844 38.066 40.276 39.604 38.232 36.897 35.600 34.339 33.115 31.928 30.779 29.667 28.591 27.553 26.552 24.702 22.822 20.916 18.985 17.030 15.049 13.044 11.013 8.958 6.878 4.773 3.121 3.508 3.879 4.233 4.571 4.893 5.199 5.488 5.761
24.718 25.065 25.276 25.352 25.045 23.691 22.284 20.826 19.315 17.752 16.138 14.471 12.753 10.982 9.159 7.284 5.885 5.599 6.067 6.922 7.776 8.631 9.485 10.336 11.188 12.040 12.893 13.745 15.283 17.567 19.837 22.094 24.338 26.569 28.787 30.992 33.185 35.364 37.530 39.683 39.543 38.333 37.161 36.025 34.927 33.866 32.842 31.855 30.905 29.992 29.116 28.277 26.454 24.463 22.447 20.407 18.341 16.251 14.135 11.995 9.830 7.640 5.425 3.375 3.690 3.990 4.273 4.540 4.790 5.024 5.242 5.444
20.947 20.828 20.574 20.184 19.594 18.060 16.475 14.837 13.148 11.407 9.613 8.459 7.615 6.774 5.935 5.099 4.584 5.439 6.294 7.150 8.006 8.863 9.718 10.571 11.424 12.278 13.132 13.987 15.326 17.552 19.766 21.967 24.154 26.329 28.491 30.640 32.775 34.898 37.008 39.105 39.441 38.394 37.384 36.411 35.475 34.577 33.715 32.890 32.103 31.352 30.639 29.962 28.230 26.129 24.004 21.853 19.677 17.477 15.252 13.001 10.726 8.426 6.101 3.752 3.889 4.117 4.329 4.524 4.704 4.866 5.013 5.143
17.307 16.723 16.003 15.149 14.739 13.925 13.075 12.227 11.381 10.538 9.697 8.859 8.024 7.191 6.360 5.532 4.806 5.663 6.520 7.377 8.235 9.094 9.950 10.805 11.660 12.515 13.371 14.227 15.382 17.552 19.709 21.853 23.985 26.103 28.208 30.301 32.380 34.447 36.500 38.540 39.300 38.415 37.568 36.757 35.984 35.247 34.548 33.886 33.260 32.672 32.121 31.606 30.031 27.820 25.584 23.324 21.038 18.728 16.393 14.033 11.648 9.238 6.803 4.344 4.105 4.261 4.402 4.526 4.633 4.725 4.800 4.859
16.046 15.838 15.597 15.324 15.017 14.273 13.431 12.591 11.754 10.919 10.087 9.257 8.430 7.605 6.783 5.963 5.145 5.886 6.745 7.604 8.464 9.323 10.182 11.038 11.895 12.752 13.609 14.466 15.452 17.565 19.666 21.754 23.829 25.891 27.940 29.976 31.999 34.009 36.006 37.990 39.119 38.397 37.711 37.063 36.452 35.878 35.341 34.840 34.377 33.951 33.562 33.210 31.856 29.535 27.190 24.819 22.424 20.004 17.559 15.089 12.594 10.074 7.530 4.961 4.336 4.421 4.490 4.543 4.580 4.600 4.604 4.591
16.807 16.485 16.132 15.745 15.325 14.618 13.784 12.953 12.124 11.298 10.474 9.652 8.833 8.017 7.202 6.391 5.582 6.109 6.969 7.830 8.691 9.552 10.412 11.270 12.129 12.987 13.846 14.705 15.565 17.593 19.637 21.669 23.688 25.693 27.686 29.666 31.632 33.586 35.527 37.455 38.898 38.338 37.815 37.329 36.880 36.468 36.093 35.755 35.454 35.190 34.963 34.773 33.706 31.275 28.820 26.339 23.834 21.304 18.749 16.170 13.565 10.936 8.282 5.603 4.584 4.598 4.592 4.567 4.539 4.508 4.475 4.438
17.598 17.163 16.696 16.197 15.664 14.961 14.136 13.312 12.492 11.673 10.858 10.045 9.234 8.426 7.620 6.817 6.016 6.331 7.193 8.055 8.918 9.781 10.642 11.502 12.362 13.222 14.082 14.943 15.804 17.634 19.623 21.598 23.560 25.509 27.446 29.369 31.280 33.177 35.062 36.933 38.638 38.240 37.880 37.556 37.269 37.019 36.806 36.630 36.491 36.389 36.323 36.295 35.580 33.039 30.474 27.884 25.269 22.581 19.620 16.732 13.919 11.179 8.513 5.921 4.642 4.610 4.575 4.538 4.497 4.454 4.408 4.359
18.419 17.871 17.291 16.679 16.033 15.301 14.484 13.669 12.857 12.047 11.239 10.435 9.632 8.832 8.035 7.240 6.447 6.552 7.416 8.279 9.144 10.008 10.871 11.732 12.594 13.456 14.318 15.180 16.043 17.690 19.622 21.541 23.447 25.340 27.220 29.087 30.941 32.782 34.610 36.426 38.228 38.103 37.904 37.742 37.617 37.529 37.478 37.464 37.475 36.977 36.477 35.975 35.048 32.041 29.108 26.248 23.462 20.750 18.112 15.547 13.056 10.639 8.295 6.025 4.654 4.609 4.562 4.512 4.459 4.403 4.344 4.282
19.270 18.610 17.917 17.191 16.432 15.639 14.830 14.023 13.219 12.418 11.619 10.822 10.028 9.236 8.447 7.660 6.876 6.773 7.637 8.503 9.369 10.235 11.099 11.962 12.825 13.689 14.552 15.417 16.281 17.759 19.635 21.497 23.347 25.184 27.008 28.819 30.616 32.401 34.174 35.933 37.336 37.160 36.666 36.171 35.674 35.175 34.675 34.173 33.669 33.164 32.658 32.150 31.532 28.848 26.237 23.700 21.236 18.846 16.530 14.288 12.119 10.024 8.002 6.055 4.669 4.612 4.552 4.489 4.423 4.354 4.283 4.208
20.151 19.378 18.572 17.733 16.862 15.974 15.174 14.375 13.579 12.786 11.995 11.207 10.421 9.638 8.857 8.078 7.302 6.992 7.859 8.726 9.593 10.461 11.327 12.191 13.056 13.921 14.786 15.652 16.518 17.842 19.661 21.508 23.268 24.921 26.468 27.908 29.241 30.468 31.588 32.602 33.509 33.407 32.906 32.404 31.900 31.395 30.888 30.380 29.870 29.358 28.845 28.330 27.813 25.582 23.293 21.078 18.937 16.869 14.875 12.955 11.108 9.335 7.635 6.009 4.687 4.617 4.544 4.468 4.390 4.309 4.224 4.137
21.062 20.176 19.257 18.306 17.322 16.307 15.515 14.724 13.937 13.152 12.369 11.589 10.812 10.036 9.264 8.494 7.726 7.211 8.079 8.947 9.816 10.686 11.730 12.826 13.897 14.942 15.962 16.956 17.924 19.092 20.599 21.998 23.291 24.478 25.558 26.531 27.398 28.159 28.813 29.360 29.801 29.660 29.152 28.644 28.133 27.621 27.108 26.593 26.076 25.557 25.038 24.516 23.993 22.243 20.276 18.383 16.564 14.818 13.146 11.548 10.023 8.571 7.194 5.889 4.707 4.625 4.540 4.451 4.360 4.266 4.169 4.069
