DATA/SHG/ECMWF/20170628/EN-0/20170630.en-0.asc
ncols        190
nrows        64
xllcorner    -5100000.000000000000
yllcorner    4130000.000000000000
cellsize     10000.000000000000
NODATA_value  -99999.000
[rows 32 to 63 of 64, columns 0 to 72 of 190]
5.781 5.533 5.278 5.012 4.733 4.443 4.140 3.826 3.500 3.161 2.811 2.449 2.075 1.690 1.632 1.590 1.547 1.501 1.453 1.403 1.351 1.297 1.241 1.183 1.123 1.060 1.080 1.099 1.116 1.131 1.143 1.154 1.163 1.170 1.175 1.178 1.179 1.179 1.243 1.309 1.376 1.444 1.515 1.586 1.659 1.734 1.810 2.127 2.543 2.946 3.255 3.500 3.682 3.800 3.855 3.846 3.774 3.638 3.438 3.175 2.849 2.495 2.467 2.443 2.422 2.406 2.394 2.385 2.380 2.380 2.383 2.390 2.401
6.501 6.290 6.015 5.707 5.386 5.054 4.709 4.353 3.985 3.605 3.213 2.809 2.393 1.966 1.840 1.791 1.740 1.687 1.632 1.575 1.516 1.454 1.391 1.325 1.258 1.188 1.188 1.200 1.210 1.218 1.224 1.228 1.229 1.229 1.227 1.223 1.217 1.209 1.269 1.340 1.721 2.170 2.610 3.039 3.460 3.871 4.272 4.664 5.047 5.420 5.528 5.552 5.512 5.409 5.242 5.012 4.718 4.361 3.941 3.457 2.909 2.298 2.256 2.246 2.239 2.236 2.237 2.242 2.251 2.264 2.281 2.302 2.326
7.208 7.035 6.764 6.414 6.051 5.677 5.291 4.893 4.483 4.061 3.627 3.182 2.724 2.255 2.051 1.994 1.936 1.876 1.813 1.749 1.682 1.613 1.543 1.470 1.395 1.318 1.298 1.303 1.306 1.307 1.306 1.303 1.298 1.627 1.998 2.385 2.785 3.201 3.638 4.073 4.497 4.913 5.319 5.715 6.102 6.480 6.848 7.207 7.556 7.896 7.861 7.663 7.402 7.078 6.690 6.239 5.724 5.146 4.504 3.799 3.031 2.199 2.042 2.045 2.052 2.063 2.078 2.096 2.119 2.145 2.175 2.210 2.248
7.903 7.767 7.525 7.133 6.729 6.313 5.885 5.445 4.993 4.529 4.054 3.566 3.067 2.556 2.263 2.200 2.134 2.066 1.996 1.925 1.851 1.774 1.696 1.616 1.534 1.462 1.728 2.049 2.384 2.734 3.098 3.476 3.869 4.277 4.699 5.135 5.586 6.051 6.487 6.888 7.279 7.661 8.034 8.397 8.751 9.096 9.430 9.756 10.072 10.379 10.254 9.835 9.353 8.807 8.199 7.526 6.791 5.991 5.129 4.203 3.214 2.161 1.824 1.841 1.861 1.886 1.914 1.946 1.983 2.023 2.066 2.114 2.166
8.584 8.487 8.298 7.864 7.418 6.960 6.491 6.009 5.516 5.010 4.493 3.964 3.423 2.870 2.478 2.407 2.334 2.259 2.207 2.299 2.429 2.598 2.805 3.050 3.333 3.655 4.010 4.381 4.766 5.166 5.580 6.008 6.451 6.909 7.380 7.867 8.367 8.883 9.341 9.709 10.067 10.416 10.755 11.085 11.406 11.717 12.019 12.311 12.594 12.867 12.707 12.067 11.364 10.597 9.768 8.874 7.918 6.898 5.815 4.668 3.459 2.185 1.603 1.633 1.667 1.705 1.747 1.793 1.843 1.896 1.954 2.015 2.080
9.253 9.193 9.084 8.608 8.120 7.620 7.109 6.586 6.050 5.503 4.944 4.378 3.833 3.306 2.907 2.979 3.090 3.239 3.426 3.652 3.915 4.217 4.557 4.935 5.351 5.805 6.274 6.694 7.130 7.579 8.043 8.522 9.015 9.522 10.044 10.580 11.131 11.696 12.201 12.536 12.861 13.176 13.483 13.779 14.067 14.345 14.613 14.872 15.122 15.362 15.219 14.359 13.435 12.448 11.397 10.283 9.106 7.866 6.562 5.195 3.765 2.271 1.378 1.422 1.470 1.521 1.577 1.636 1.700 1.767 1.838 1.913 1.991
9.909 9.886 9.875 9.364 8.792 8.178 7.583 7.008 6.452 5.915 5.398 4.901 4.423 3.964 3.553 3.758 4.002 4.284 4.604 4.962 5.359 5.793 6.266 6.777 7.325 7.912 8.519 8.990 9.475 9.975 10.489 11.017 11.560 12.117 12.689 13.275 13.876 14.490 15.067 15.369 15.660 15.943 16.216 16.479 16.733 16.978 17.213 17.439 17.656 17.863 17.792 16.710 15.566 14.358 13.087 11.753 10.355 8.894 7.370 5.783 4.132 2.418 1.150 1.208 1.269 1.334 1.403 1.476 1.553 1.633 1.911 2.351 2.831
10.146 10.020 9.893 9.385 8.819 8.273 7.746 7.238 6.750 6.281 5.832 5.402 4.991 4.600 4.229 4.496 4.872 5.287 5.740 6.231 6.760 7.327 7.933 8.576 9.258 9.977 10.735 11.267 11.802 12.352 12.916 13.494 14.087 14.694 15.316 15.952 16.602 17.267 17.939 18.207 18.466 18.715 18.955 19.185 19.406 19.618 19.820 20.013 20.196 20.370 20.424 19.122 17.757 16.329 14.837 13.282 11.664 9.983 8.239 6.431 4.561 2.627 0.919 1.121 1.422 1.762 2.141 2.560 3.019 3.517 4.055 4.632 5.248
9.976 9.847 9.715 9.323 8.825 8.346 7.887 7.447 7.026 6.625 6.243 5.881 5.538 5.215 4.911 5.191 5.700 6.248 6.834 7.457 8.119 8.819 9.557 10.333 11.147 11.999 12.889 13.527 14.112 14.711 15.325 15.953 16.596 17.253 17.924 18.610 19.310 20.025 20.754 21.052 21.277 21.493 21.700 21.897 22.085 22.263 22.432 22.592 22.742 22.883 23.014 21.593 20.008 18.359 16.648 14.873 12.862 10.849 8.909 7.040 5.243 3.518 1.868 2.266 2.704 3.181 3.697 4.253 4.849 5.484 6.158 6.872 7.625
9.808 9.674 9.539 9.240 8.810 8.399 8.007 7.634 7.281 6.948 6.634 6.339 6.064 5.808 5.572 5.845 6.487 7.167 7.885 8.642 9.436 10.268 11.139 12.047 12.994 13.979 15.001 15.768 16.403 17.052 17.716 18.394 19.086 19.793 20.514 21.250 22.000 22.764 23.543 23.902 24.095 24.278 24.451 24.615 24.770 24.915 25.051 25.178 25.295 24.875 24.343 22.490 20.367 18.316 16.337 14.430 12.594 10.831 9.139 7.519 5.971 4.495 3.090 3.372 3.946 4.560 5.213 5.906 6.638 7.410 8.221 9.072 9.962
9.642 9.504 9.364 9.136 8.773 8.430 8.106 7.801 7.515 7.249 7.003 6.776 6.568 6.380 6.211 6.457 7.231 8.044 8.895 9.784 10.711 11.676 12.678 13.719 14.798 15.915 17.070 17.991 18.676 19.375 20.089 20.817 21.559 22.315 23.086 23.872 24.672 25.486 26.314 26.759 26.918 27.068 26.630 26.136 25.632 25.117 24.591 24.053 23.506 22.947 22.377 20.908 19.034 17.232 15.502 13.844 12.257 10.742 9.299 7.928 6.629 5.401 4.245 4.438 5.149 5.899 6.690 7.519 8.388 9.297 10.245 11.232 12.259
9.477 9.335 9.191 9.011 8.716 8.440 8.183 7.946 7.728 7.530 7.351 7.191 7.051 6.930 6.828 7.027 7.934 8.879 9.863 10.884 11.943 13.041 14.176 15.349 16.560 17.810 19.097 20.197 20.931 21.680 22.443 23.221 24.013 24.819 25.627 25.894 26.147 26.384 26.606 26.507 26.008 25.499 24.978 24.447 23.905 23.352 22.788 22.214 21.628 21.032 20.424 19.258 17.633 16.080 14.599 13.189 11.851 10.585 9.390 8.267 7.216 6.237 5.329 5.464 6.312 7.199 8.126 9.092 10.098 11.143 12.228 13.352 14.515
9.314 9.168 9.020 8.865 8.637 8.429 8.240 8.070 7.919 7.788 7.677 7.585 7.512 7.458 7.424 7.556 8.595 9.673 10.789 11.942 13.134 14.363 15.631 16.936 18.280 19.661 21.081 22.329 22.649 22.955 23.245 23.520 23.781 24.026 24.257 24.472 24.673 24.859 25.029 24.981 24.445 23.898 23.340 22.771 22.192 21.601 21.000 20.387 19.764 19.130 18.485 17.539 16.163 14.859 13.626 12.465 11.375 10.357 9.411 8.537 7.734 7.003 6.344 6.451 7.436 8.460 9.523 10.626 11.768 12.950 14.171 15.431 16.731
9.153 9.002 8.850 8.697 8.538 8.397 8.275 8.173 8.090 8.026 7.982 7.957 7.952 7.965 7.999 8.051 9.215 10.425 11.673 12.959 14.233 15.337 16.414 17.463 18.485 19.479 20.446 21.338 21.606 21.860 22.098 22.322 22.531 22.725 22.903 23.067 23.216 23.350 23.469 23.469 22.896 22.311 21.715 21.109 20.491 19.863 19.224 18.574 17.913 17.241 16.559 15.752 14.625 13.569 12.584 11.671 10.830 10.061 9.363 8.737 8.182 7.699 7.288 7.399 8.520 9.681 10.881 12.120 13.398 14.716 16.074 17.471 18.907
8.992 8.837 8.681 8.524 8.417 8.343 8.289 8.254 8.239 8.242 8.266 8.308 8.370 8.445 8.504 8.550 9.519 10.638 11.729 12.793 13.830 14.839 15.821 16.775 17.702 18.602 19.474 20.319 20.580 20.782 20.969 21.141 21.298 21.440 21.567 21.679 21.776 21.859 21.926 21.970 21.359 20.736 20.103 19.459 18.804 18.138 17.462 16.774 16.075 15.366 14.646 13.897 13.018 12.210 11.474 10.809 10.216 9.695 9.245 8.867 8.560 8.325 8.162 8.307 9.565 10.862 12.198 13.574 14.989 16.443 17.937 19.470 21.042
8.834 8.675 8.515 8.353 8.275 8.269 8.326 8.433 8.526 8.606 8.673 8.726 8.765 8.792 8.804 8.804 9.525 10.549 11.545 12.514 13.456 14.370 15.257 16.117 16.949 17.754 18.531 19.282 19.570 19.720 19.856 19.976 20.081 20.172 20.247 20.308 20.354 20.384 20.400 20.401 19.835 19.175 18.504 17.823 17.130 16.427 15.712 14.987 14.251 13.504 12.746 11.978 11.342 10.782 10.294 9.878 9.533 9.259 9.057 8.927 8.868 8.881 8.965 9.176 10.570 12.004 13.476 14.988 16.540 18.130 19.760 21.430 23.122
8.917 8.898 8.870 8.834 8.855 8.941 9.015 9.075 9.121 9.154 9.174 9.180 9.173 9.153 9.119 9.071 9.559 10.488 11.390 12.264 13.111 13.930 14.723 15.487 16.225 16.935 17.618 18.274 18.577 18.676 18.760 18.828 18.882 18.921 18.945 18.954 18.948 18.927 18.891 18.841 18.325 17.627 16.919 16.199 15.469 14.728 13.976 13.214 12.440 11.655 10.860 10.054 9.598 9.286 9.046 8.878 8.781 8.755 8.801 8.918 9.107 9.367 9.699 10.102 11.537 13.083 14.387 15.662 16.908 18.125 19.313 20.472 21.602
9.855 9.807 9.751 9.686 9.650 9.690 9.717 9.730 9.730 9.716 9.689 9.649 9.595 9.527 9.447 9.353 9.622 10.456 11.263 12.043 12.795 13.520 14.217 14.888 15.531 16.146 16.734 17.295 17.601 17.648 17.680 17.697 17.699 17.687 17.659 17.617 17.559 17.487 17.400 17.297 16.827 16.092 15.346 14.589 13.821 13.043 12.253 11.453 10.642 9.820 8.987 8.144 7.786 7.722 7.730 7.809 7.959 8.181 8.479 8.826 9.154 9.463 9.753 10.025 11.059 12.292 13.496 14.671 15.817 16.935 18.023 19.082 20.112
10.802 10.725 10.640 10.546 10.460 10.453 10.433 10.399 10.352 10.292 10.218 10.131 10.030 9.916 9.789 9.648 9.714 10.453 11.166 11.850 12.508 13.138 13.741 14.317 14.865 15.386 15.880 16.347 16.642 16.637 16.618 16.583 16.534 16.469 16.390 16.296 16.187 16.063 15.925 15.771 15.343 14.570 13.786 12.992 12.187 11.371 10.544 9.706 8.857 7.998 7.127 6.316 6.280 6.673 7.048 7.405 7.743 8.062 8.363 8.645 8.908 9.153 9.380 9.587 10.396 11.529 12.633 13.709 14.755 15.772 16.761 17.720 18.650
11.756 11.650 11.536 11.414 11.284 11.229 11.162 11.082 10.988 10.881 10.761 10.627 10.480 10.319 10.145 9.958 9.835 10.479 11.097 11.687 12.250 12.786 13.295 13.776 14.230 14.656 15.055 15.427 15.699 15.643 15.572 15.486 15.385 15.269 15.138 14.993 14.832 14.657 14.467 14.262 13.871 13.061 12.240 11.408 10.639 10.064 9.496 8.934 8.378 7.829 7.286 6.750 6.567 6.896 7.207 7.499 7.773 8.028 8.264 8.482 8.682 8.862 9.024 9.168 9.761 10.795 11.799 12.775 13.721 14.639 15.527 16.387 17.217
12.718 12.584 12.441 12.290 12.131 12.019 11.906 11.779 11.638 11.485 11.317 11.137 10.943 10.736 10.515 10.281 10.034 10.534 11.057 11.553 12.022 12.463 12.877 13.264 13.623 13.955 14.260 14.538 14.773 14.665 14.542 14.405 14.253 14.085 13.903 13.706 13.494 13.346 13.331 13.306 13.188 12.609 12.037 11.471 10.912 10.359 9.813 9.273 8.739 8.212 7.692 7.178 6.872 7.137 7.384 7.612 7.821 8.012 8.184 8.338 8.473 8.589 8.687 8.767 9.155 10.089 10.993 11.869 12.716 13.534 14.323 15.083 15.813
13.688 13.525 13.354 13.174 12.986 12.823 12.663 12.489 12.302 12.102 11.888 11.661 11.420 11.166 10.899 10.618 10.324 10.618 11.047 11.448 11.822 12.169 12.488 12.781 13.046 13.283 13.494 13.677 13.833 13.704 13.618 13.638 13.648 13.648 13.638 13.618 13.588 13.548 13.498 13.439 13.365 12.808 12.258 11.715 11.177 10.647 10.123 9.605 9.094 8.589 8.090 7.599 7.195 7.396 7.578 7.742 7.887 8.014 8.122 8.212 8.282 8.335 8.369 8.384 8.577 9.411 10.216 10.992 11.739 12.457 13.147 13.807 14.438
14.667 14.475 14.274 14.066 13.849 13.640 13.433 13.213 12.979 12.732 12.472 12.198 11.911 11.611 11.297 10.970 10.629 10.731 11.065 11.372 11.651 11.904 12.129 12.381 12.686 12.998 13.320 13.649 13.988 14.076 14.071 14.057 14.032 13.998 13.953 13.899 13.834 13.760 13.676 13.582 13.477 13.001 12.473 11.951 11.436 10.928 10.426 9.930 9.441 8.959 8.482 8.013 7.549 7.673 7.791 7.891 7.972 8.034 8.078 8.103 8.110 8.098 8.068 8.019 8.028 8.762 9.467 10.144 10.791 11.410 11.999 12.560 13.092
15.653 15.432 15.203 14.966 14.720 14.471 14.218 13.951 13.671 13.377 13.070 12.750 12.416 12.069 11.709 11.335 10.940 10.867 11.150 11.441 11.741 12.050 12.366 12.692 13.025 13.368 13.718 14.078 14.445 14.574 14.535 14.485 14.426 14.357 14.278 14.189 14.091 13.982 13.863 13.734 13.596 13.187 12.681 12.182 11.689 11.202 10.723 10.249 9.782 9.322 8.868 8.420 7.979 7.968 8.022 8.057 8.074 8.072 8.052 8.013 7.956 7.880 7.786 7.673 7.542 8.141 8.747 9.324 9.872 10.391 10.881 11.342 11.774
16.647 16.397 16.140 15.874 15.600 15.316 15.016 14.702 14.376 14.013 13.631 13.242 12.844 12.439 12.026 11.605 11.176 10.992 11.304 11.625 11.954 12.292 12.638 12.993 13.356 13.728 14.108 14.496 14.893 15.081 15.008 14.924 14.830 14.727 14.614 14.490 14.357 14.214 14.060 13.897 13.724 13.366 12.882 12.405 11.934 11.470 11.013 10.561 10.116 9.678 9.246 8.821 8.402 8.280 8.270 8.242 8.194 8.129 8.044 7.942 7.820 7.680 7.522 7.345 7.150 7.548 8.055 8.532 8.980 9.400 9.791 10.152 10.485
17.649 17.370 17.032 16.684 16.343 16.006 15.628 15.243 14.849 14.448 14.039 13.622 13.197 12.765 12.325 11.876 11.420 11.107 11.449 11.799 12.158 12.525 12.901 13.285 13.677 14.078 14.488 14.905 15.332 15.599 15.491 15.372 15.244 15.106 14.959 14.801 14.633 14.455 14.268 14.070 13.863 13.538 13.077 12.622 12.174 11.731 11.296 10.867 10.444 10.028 9.618 9.214 8.817 8.611 8.537 8.444 8.333 8.203 8.055 7.888 7.703 7.499 7.276 7.035 6.776 6.984 7.391 7.769 8.118 8.533 8.979 9.429 9.883
18.173 17.835 17.504 17.179 16.861 16.550 16.153 15.740 15.320 14.891 14.455 14.011 13.559 13.099 12.631 12.156 11.673 11.214 11.585 11.964 12.352 12.749 13.154 13.567 13.989 14.419 14.858 15.305 15.761 16.126 15.983 15.831 15.668 15.496 15.313 15.121 14.919 14.707 14.485 14.253 14.011 13.704 13.265 12.832 12.406 11.986 11.572 11.165 10.765 10.371 9.983 9.602 9.227 8.959 8.821 8.664 8.489 8.295 8.083 7.852 7.603 7.335 7.066 6.804 6.546 6.671 7.116 7.564 8.016 8.472 8.932 9.395 9.863
18.590 18.275 17.967 17.666 17.371 17.083 16.686 16.246 15.798 15.342 14.879 14.407 13.928 13.441 12.946 12.444 11.933 11.415 11.711 12.120 12.538 12.963 13.398 13.840 14.292 14.751 15.219 15.696 16.181 16.663 16.485 16.298 16.102 15.895 15.678 15.451 15.215 14.968 14.712 14.446 14.169 13.864 13.447 13.036 12.632 12.234 11.842 11.457 11.079 10.707 10.341 9.982 9.629 9.326 9.123 8.855 8.578 8.306 8.037 7.773 7.512 7.256 7.003 6.755 6.510 6.554 7.012 7.474 7.939 8.408 8.881 9.358 9.839
18.999 18.707 18.422 18.144 17.873 17.608 17.227 16.760 16.285 15.802 15.311 14.812 14.306 13.791 13.269 12.740 12.202 11.656 11.828 12.267 12.713 13.169 13.632 14.104 14.585 15.074 15.571 16.077 16.591 17.114 16.997 16.776 16.545 16.304 16.052 15.791 15.520 15.240 14.949 14.648 14.338 14.017 13.622 13.233 12.851 12.475 12.106 11.743 11.336 10.918 10.497 10.071 9.640 9.229 8.958 8.691 8.428 8.169 7.915 7.664 7.417 7.175 6.936 6.701 6.471 6.433 6.904 7.379 7.858 8.340 8.827 9.317 9.811
19.400 19.132 18.870 18.615 18.367 18.126 17.776 17.282 16.779 16.269 15.751 15.225 14.691 14.150 13.601 13.044 12.479 11.906 11.937 12.404 12.880 13.365 13.857 14.359 14.869 15.387 15.913 16.449 16.992 17.544 17.519 17.263 16.998 16.722 16.437 16.141 15.836 15.521 15.196 14.861 14.516 14.142 13.742 13.335 12.924 12.508 12.089 11.665 11.237 10.805 10.368 9.927 9.483 9.034 8.776 8.523 8.275 8.030 7.789 7.552 7.319 7.090 6.865 6.644 6.427 6.309 6.793 7.282 7.773 8.269 8.769 9.272 9.779
19.793 19.548 19.310 19.078 18.853 18.635 18.333 17.811 17.282 16.744 16.199 15.646 15.085 14.516 13.940 13.356 12.764 12.164 12.035 12.532 13.038 13.551 14.073 14.604 15.143 15.691 16.247 16.811 17.384 17.965 18.051 17.761 17.460 17.151 16.796 16.435 16.068 15.695 15.317 14.933 14.543 14.147 13.735 13.313 12.887 12.457 12.023 11.584 11.142 10.695 10.244 9.789 9.329 8.866 8.592 8.352 8.117 7.886 7.659 7.436 7.217 7.001 6.790 6.583 6.380 6.181 6.679 7.180 7.685 8.194 8.707 9.224 9.744
20.179 19.957 19.742 19.533 19.332 19.137 18.898 18.349 17.792 17.228 16.655 16.075 15.487 14.891 14.287 13.676 13.057 12.430 12.125 12.651 13.186 13.729 14.280 14.840 15.408 15.985 16.569 17.131 17.691 18.248 18.413 18.055 17.691 17.321 16.946 16.565 16.178 15.785 15.387 14.984 14.574 14.159 13.732 13.295 12.855 12.410 11.962 11.509 11.051 10.590 10.124 9.655 9.181 8.703 8.403 8.177 7.956 7.739 7.525 7.316 7.111 6.909 6.712 6.519 6.329 6.144 6.560 7.075 7.593 8.116 8.642 9.171 9.705
