DATA/SHG/ECMWF/20170628/EN-0/20170704.en-0.asc
ncols        190
nrows        64
xllcorner    -5100000.000000000000
yllcorner    4130000.000000000000
cellsize     10000.000000000000
NODATA_value  -99999.000
[rows 32 to 63 of 64, columns 0 to 71 of 190]
7.073 7.039 6.984 6.919 6.847 6.767 6.679 6.584 6.481 6.369 6.251 6.124 5.990 5.847 5.648 5.424 5.177 4.907 4.613 4.297 3.957 3.595 3.209 2.800 2.369 1.914 2.141 2.389 2.648 2.916 3.194 3.483 3.781 4.089 4.407 4.735 5.072 5.409 5.215 5.015 4.808 4.594 4.374 4.147 3.913 3.673 3.426 3.509 3.714 3.931 4.855 5.703 6.475 7.171 7.790 8.333 8.799 9.189 9.504 9.741 9.903 10.041 10.680 11.356 12.070 12.822 13.610 14.437 15.300 16.201 17.140 18.115
8.380 8.355 8.285 8.193 8.093 7.986 7.871 7.748 7.617 7.478 7.332 7.178 7.016 6.847 6.585 6.280 5.952 5.601 5.226 4.829 4.409 3.966 3.499 3.010 2.498 1.962 2.102 2.385 2.678 2.981 3.294 3.617 3.950 4.293 4.645 5.008 5.381 5.763 5.620 5.396 5.632 5.951 6.238 6.492 6.713 6.901 7.056 7.179 7.268 7.325 7.929 8.511 9.017 9.447 9.800 10.077 10.278 10.403 10.452 10.424 10.320 10.140 10.868 11.674 12.518 13.400 14.319 15.275 16.269 17.300 18.368 19.474
9.681 9.666 9.593 9.473 9.346 9.211 9.069 8.918 8.760 8.594 8.421 8.239 8.050 7.853 7.545 7.159 6.750 6.318 5.863 5.385 4.885 4.361 3.814 3.244 2.651 2.035 2.053 2.371 2.699 3.036 3.384 3.741 4.109 4.914 5.835 6.837 7.920 9.084 9.627 9.897 10.134 10.339 10.510 10.649 10.755 10.828 10.868 10.876 10.851 10.793 11.074 11.390 11.631 11.795 11.883 11.894 11.830 11.690 11.473 11.180 10.811 10.366 11.019 11.955 12.930 13.941 14.990 16.077 17.200 18.361 19.560 20.795
10.978 10.972 10.907 10.761 10.606 10.444 10.274 10.096 9.911 9.717 9.516 9.308 9.091 8.867 8.528 8.061 7.572 7.060 6.524 5.966 5.384 4.780 4.152 3.502 2.828 2.139 2.213 2.849 3.566 4.364 5.243 6.203 7.244 8.366 9.569 10.853 12.218 13.664 14.387 14.542 14.664 14.753 14.810 14.834 14.825 14.783 14.709 14.601 14.461 14.289 14.290 14.341 14.316 14.215 14.037 13.784 13.454 13.049 12.567 12.009 11.375 10.665 11.133 12.200 13.304 14.446 15.625 16.841 18.095 19.386 20.714 22.080
12.269 12.274 12.229 12.055 11.873 11.683 11.486 11.281 11.068 10.847 10.619 10.383 10.139 9.887 9.535 8.988 8.418 7.825 7.202 6.559 5.954 5.386 4.857 4.364 3.910 3.493 3.601 4.520 5.519 6.599 7.760 9.002 10.325 11.729 13.214 14.780 16.427 18.154 19.174 19.214 19.221 19.195 19.137 19.046 18.922 18.766 18.577 18.355 18.100 17.813 17.577 17.363 17.073 16.707 16.264 15.746 15.151 14.481 13.734 12.911 12.013 11.038 11.211 12.408 13.642 14.914 16.223 17.569 18.952 20.373 21.831 23.326
13.556 13.571 13.558 13.356 13.147 12.930 12.705 12.473 12.232 11.984 11.729 11.402 10.937 10.495 10.020 9.358 8.733 8.146 7.597 7.085 6.611 6.175 5.776 5.415 5.092 4.806 4.903 6.103 7.385 8.747 10.190 11.714 13.319 15.004 16.771 18.618 20.547 22.556 23.988 23.913 23.805 23.665 23.492 23.286 23.048 22.777 22.473 22.136 21.767 21.365 20.936 20.457 19.902 19.270 18.563 17.780 16.920 15.985 14.974 13.887 12.723 11.484 11.253 12.580 13.944 15.345 16.784 18.260 19.773 21.323 22.911 24.536
14.838 14.862 14.890 14.664 14.290 13.751 13.234 12.738 12.263 11.809 11.377 10.966 10.576 10.207 9.850 9.319 8.826 8.370 7.952 7.571 7.228 6.923 6.655 6.425 6.233 6.078 6.118 7.601 9.164 10.808 12.532 14.338 16.225 18.192 20.240 22.369 24.579 26.869 28.829 28.639 28.417 28.162 27.874 27.554 27.201 26.815 26.397 25.945 25.462 24.945 24.366 23.622 22.802 21.906 20.934 19.886 18.762 17.562 16.286 14.935 13.507 12.003 11.258 12.715 14.209 15.740 17.308 18.914 20.557 22.237 24.333 26.774
14.942 14.615 14.276 13.798 13.312 12.848 12.405 11.983 11.582 11.203 10.844 10.507 10.192 9.897 9.624 9.240 8.878 8.553 8.266 8.017 7.805 7.630 7.493 7.394 7.333 7.309 7.322 9.011 10.856 12.782 14.788 16.875 19.043 21.291 23.621 26.031 28.522 31.094 33.697 33.393 33.056 32.686 32.284 31.849 31.382 30.881 30.348 29.783 29.184 28.553 27.867 26.858 25.774 24.613 23.376 22.064 20.676 19.211 17.671 16.055 14.363 12.596 11.227 13.089 15.175 17.362 19.648 22.036 24.523 27.112 29.800 32.589
13.889 13.521 13.140 12.724 12.313 11.923 11.554 11.206 10.879 10.574 10.290 10.027 9.785 9.565 9.366 9.122 8.890 8.696 8.540 8.422 8.341 8.297 8.291 8.323 8.392 8.499 8.643 10.335 12.462 14.669 16.956 19.325 21.774 24.303 26.914 29.605 32.377 35.230 38.163 38.174 37.723 37.238 36.722 36.172 35.590 34.975 34.328 33.648 32.935 32.190 31.412 30.166 28.817 27.392 25.891 24.314 22.526 20.779 19.141 17.611 16.191 14.879 13.682 16.016 18.450 20.985 23.620 26.356 29.192 32.128 35.165 38.302
12.851 12.441 12.019 11.629 11.292 10.975 10.681 10.407 10.154 9.923 9.713 9.524 9.357 9.210 9.085 8.963 8.862 8.800 8.774 8.786 8.836 8.923 9.048 9.211 9.410 9.648 9.923 11.573 13.981 16.469 19.038 21.687 24.417 27.228 30.119 33.092 36.144 39.278 42.492 42.982 42.416 41.818 41.187 40.523 39.826 39.097 38.335 37.541 36.714 35.213 33.613 31.688 29.775 27.970 26.273 24.686 23.207 21.837 20.576 19.423 18.380 17.444 16.618 18.842 21.625 24.508 27.491 30.575 33.758 37.043 40.427 43.912
11.826 11.375 10.912 10.512 10.249 10.007 9.786 9.586 9.408 9.250 9.114 9.000 8.906 8.833 8.782 8.764 8.795 8.863 8.968 9.111 9.291 9.509 9.765 10.058 10.388 10.756 11.162 12.725 15.413 18.182 21.032 23.963 26.974 30.065 33.237 36.490 39.823 43.237 46.732 47.818 47.137 46.425 44.760 43.053 41.377 39.730 38.114 36.529 34.973 33.448 31.953 30.378 28.841 27.414 26.094 24.884 23.782 22.789 21.904 21.128 20.461 19.902 19.452 21.568 24.698 27.929 31.260 34.692 38.223 41.855 45.587 49.419
10.817 10.324 9.820 9.373 9.184 9.016 8.869 8.743 8.639 8.556 8.494 8.453 8.433 8.434 8.457 8.526 8.687 8.885 9.122 9.395 9.706 10.055 10.441 10.864 11.325 11.824 12.360 13.790 16.760 19.810 22.940 26.151 29.443 32.815 36.250 38.963 41.597 44.153 46.632 47.220 45.527 43.865 42.233 40.631 39.059 37.518 36.007 34.526 33.076 31.655 30.265 28.962 27.803 26.752 25.809 24.975 24.250 23.633 23.125 22.725 22.434 22.252 22.178 24.192 27.671 31.249 34.928 38.707 42.586 46.565 50.645 54.824
9.822 9.288 8.742 8.212 8.097 8.003 7.930 7.879 7.848 7.839 7.851 7.884 7.938 8.013 8.109 8.248 8.539 8.868 9.235 9.639 10.081 10.560 11.076 11.630 12.222 12.850 13.517 14.748 17.737 20.647 23.480 26.234 28.911 31.509 34.029 36.472 38.836 41.122 43.331 44.350 42.763 41.205 39.678 38.182 36.715 35.279 33.872 32.496 31.151 29.835 28.550 27.441 26.658 25.984 25.418 24.960 24.611 24.370 24.238 24.215 24.300 24.493 24.795 26.717 30.543 34.469 38.495 42.621 46.847 51.174 55.600 60.127
8.841 8.266 7.679 7.080 6.989 6.969 6.970 6.992 7.035 7.100 7.186 7.292 7.420 7.569 7.740 7.931 8.352 8.811 9.308 9.843 10.407 10.961 11.517 12.076 12.638 13.202 13.769 14.501 17.219 19.859 22.421 24.906 27.312 29.640 31.891 34.063 36.157 38.174 40.112 41.454 39.971 38.519 37.097 35.705 34.343 33.012 31.711 30.439 29.199 27.988 26.807 25.815 25.408 25.110 24.920 24.839 24.866 25.001 25.245 25.597 26.058 26.627 27.305 29.141 33.314 37.587 41.961 46.434 51.007 55.681 60.454 65.327
7.875 7.258 6.630 5.990 5.859 5.913 5.988 6.084 6.201 6.339 6.498 6.679 6.881 7.129 7.435 7.740 8.251 8.804 9.359 9.917 10.477 11.040 11.606 12.174 12.745 13.318 13.894 14.473 16.782 19.152 21.444 23.659 25.795 27.854 29.834 31.737 33.561 35.308 36.977 38.531 37.153 35.806 34.489 33.202 31.945 30.718 29.522 28.355 27.219 26.113 25.037 24.084 24.053 24.131 24.317 24.611 25.014 25.525 26.145 26.873 27.709 28.654 29.707 31.465 35.985 40.605 45.325 50.146 55.066 60.086 65.206 70.426
6.923 6.265 5.596 4.915 4.707 4.835 5.054 5.364 5.674 5.982 6.288 6.594 6.898 7.201 7.502 7.803 8.282 8.844 9.408 9.975 10.545 11.117 11.691 12.269 12.849 13.431 14.016 14.604 16.426 18.527 20.549 22.493 24.360 26.149 27.860 29.492 31.048 32.525 33.924 35.246 34.308 33.066 31.853 30.671 29.519 28.397 27.305 26.244 25.212 24.211 23.240 22.299 22.593 23.046 23.608 24.278 25.056 25.943 26.938 28.041 29.253 30.573 32.001 33.688 38.556 43.523 48.590 53.756 59.023 64.390 69.856 75.423
6.208 5.683 5.171 4.671 4.541 4.849 5.157 5.463 5.768 6.071 6.374 6.675 6.974 7.273 7.570 7.866 8.309 8.880 9.454 10.030 10.609 11.190 11.774 12.360 12.949 13.541 14.135 14.732 16.151 17.982 19.734 21.409 23.006 24.525 25.967 27.330 28.616 29.824 30.954 32.006 31.437 30.299 29.191 28.114 27.066 26.049 25.062 24.105 23.178 22.281 21.414 20.578 21.027 21.856 22.793 23.839 24.992 26.254 27.624 29.103 30.689 32.384 34.187 36.099 41.026 46.261 50.659 54.952 59.140 63.224 67.203 71.077
6.278 5.797 5.330 4.876 4.653 4.958 5.261 5.563 5.863 6.162 6.460 6.757 7.052 7.347 7.639 7.931 8.334 8.914 9.497 10.082 10.670 11.260 11.853 12.449 13.047 13.648 14.251 14.857 15.957 17.518 19.001 20.407 21.734 22.984 24.156 25.250 26.267 27.206 28.067 28.850 28.538 27.505 26.502 25.529 24.586 23.674 22.791 21.939 21.116 20.324 19.562 18.830 19.356 20.560 21.873 23.293 24.822 26.459 28.163 29.638 31.059 32.427 33.741 35.001 38.556 42.698 46.735 50.668 54.496 58.220 61.839 65.353
6.333 5.898 5.475 5.066 4.767 5.067 5.366 5.663 5.960 6.254 6.548 6.840 7.131 7.421 7.710 7.997 8.356 8.945 9.537 10.131 10.728 11.328 11.930 12.535 13.142 13.752 14.365 14.980 15.844 17.135 18.349 19.485 20.543 21.524 22.427 23.252 24.000 24.669 25.261 25.776 25.613 24.685 23.786 22.918 22.080 21.271 20.493 19.745 19.027 18.340 17.682 17.108 17.837 19.450 21.008 22.513 23.964 25.362 26.705 27.995 29.231 30.412 31.541 32.615 35.457 39.238 42.916 46.488 49.956 53.320 56.579 59.733
6.374 5.984 5.606 5.242 4.891 5.178 5.472 5.765 6.057 6.348 6.637 6.925 7.212 7.497 7.781 8.064 8.374 8.973 9.574 10.177 10.783 11.392 12.003 12.617 13.234 13.853 14.475 15.099 15.811 16.833 17.778 18.644 19.434 20.145 20.779 21.336 21.814 22.215 22.539 22.784 22.661 21.837 21.043 20.279 19.615 19.161 18.738 18.348 17.990 17.664 17.369 17.107 17.548 18.975 20.348 21.667 22.932 24.144 25.302 26.406 27.456 28.452 29.394 30.283 32.460 35.882 39.200 42.412 45.521 48.524 51.424 54.218
6.401 6.055 5.723 5.404 5.097 5.290 5.580 5.869 6.156 6.442 6.727 7.011 7.293 7.574 7.854 8.133 8.410 8.998 9.608 10.220 10.836 11.454 12.074 12.697 13.323 13.951 14.582 15.215 15.858 16.611 17.287 17.885 18.405 18.848 19.213 19.501 19.711 19.891 20.132 20.372 20.501 20.030 19.590 19.183 18.808 18.464 18.153 17.873 17.626 17.410 17.226 17.075 17.312 18.553 19.741 20.874 21.954 22.980 23.952 24.870 25.735 26.546 27.303 28.006 29.567 32.629 35.587 38.440 41.189 43.833 46.373 48.808
6.413 6.113 5.825 5.551 5.289 5.403 5.689 5.973 6.256 6.538 6.818 7.098 7.376 7.653 7.928 8.202 8.475 9.019 9.639 10.261 10.885 11.512 12.142 12.774 13.408 14.046 14.686 15.328 15.973 16.471 16.818 17.063 17.308 17.551 17.793 18.034 18.275 18.514 18.752 18.989 19.220 18.860 18.531 18.234 17.970 17.737 17.536 17.367 17.230 17.125 17.052 17.011 17.130 18.185 19.187 20.134 21.029 21.869 22.656 23.389 24.068 24.693 25.265 25.783 26.777 29.480 32.078 34.572 36.961 39.246 41.426 43.502
6.412 6.156 5.914 5.684 5.467 5.517 5.799 6.079 6.357 6.635 6.911 7.186 7.460 7.732 8.003 8.273 8.542 9.038 9.667 10.298 10.931 11.567 12.206 12.764 13.230 13.681 14.117 14.537 14.942 15.223 15.467 15.709 15.950 16.190 16.429 16.667 16.904 17.140 17.375 17.609 17.842 17.659 17.441 17.255 17.100 16.978 16.888 16.830 16.803 16.809 16.846 16.915 17.017 17.870 18.686 19.448 20.157 20.812 21.413 21.961 22.455 22.895 23.281 23.614 24.090 26.433 28.672 30.806 32.837 34.762 36.584 38.301
6.396 6.185 5.988 5.803 5.631 5.633 5.910 6.185 6.460 6.733 7.005 7.275 7.545 7.813 8.080 8.345 8.548 8.881 9.387 9.877 10.352 10.811 11.255 11.684 12.098 12.496 12.878 13.245 13.597 13.878 14.118 14.357 14.594 14.831 15.067 15.302 15.535 15.768 16.000 16.231 16.460 16.427 16.319 16.244 16.200 16.189 16.209 16.261 16.345 16.461 16.609 16.788 17.000 17.607 18.238 18.815 19.339 19.808 20.225 20.587 20.896 21.151 21.352 21.500 21.594 23.490 25.369 27.145 28.816 30.383 31.845 33.204
6.366 6.200 6.047 5.907 5.780 5.749 6.022 6.293 6.563 6.774 6.952 7.123 7.289 7.449 7.602 7.749 7.890 8.137 8.589 9.026 9.448 9.855 10.246 10.622 10.982 11.327 11.657 11.971 12.270 12.535 12.771 13.007 13.242 13.475 13.708 13.939 14.170 14.399 14.628 14.855 15.082 15.164 15.167 15.202 15.269 15.368 15.499 15.661 15.856 16.082 16.340 16.630 16.952 17.398 17.844 18.236 18.574 18.858 19.089 19.267 19.390 19.460 19.477 19.439 19.348 20.649 22.170 23.586 24.899 26.107 27.211 28.211
6.322 6.201 6.050 5.888 5.725 5.583 5.764 5.939 6.108 6.271 6.428 6.579 6.723 6.861 6.994 7.120 7.240 7.409 7.809 8.193 8.562 8.915 9.254 9.577 9.884 10.176 10.453 10.715 10.961 11.194 11.428 11.660 11.891 12.122 12.351 12.579 12.807 13.033 13.258 13.482 13.706 13.871 13.984 14.130 14.307 14.516 14.757 15.030 15.335 15.671 16.040 16.440 16.872 17.242 17.502 17.709 17.862 17.962 18.008 18.000 17.938 17.824 17.655 17.433 17.157 17.911 19.073 20.131 21.085 22.357 23.733 25.081
6.031 5.867 5.702 5.536 5.370 5.202 5.332 5.486 5.634 5.776 5.911 6.041 6.164 6.281 6.392 6.497 6.596 6.699 7.045 7.377 7.693 7.993 8.279 8.549 8.803 9.043 9.267 9.475 9.669 9.856 10.086 10.316 10.544 10.771 10.997 11.222 11.446 11.669 11.891 12.112 12.332 12.547 12.771 13.027 13.314 13.634 13.985 14.368 14.783 15.230 15.708 16.219 16.761 17.139 17.214 17.236 17.204 17.118 16.979 16.787 16.540 16.241 16.145 16.110 16.070 16.823 18.215 19.578 20.913 22.218 23.495 24.743
5.691 5.524 5.356 5.186 5.016 4.845 4.908 5.040 5.167 5.288 5.402 5.511 5.613 5.709 5.799 5.882 5.960 6.031 6.299 6.577 6.840 7.088 7.321 7.538 7.740 7.926 8.097 8.253 8.394 8.521 8.748 8.974 9.199 9.423 9.645 9.867 10.088 10.308 10.527 10.745 10.961 11.192 11.526 11.892 12.290 12.720 13.181 13.675 14.200 14.757 15.346 15.966 16.619 17.088 16.978 16.941 16.922 16.898 16.869 16.836 16.799 16.757 16.710 16.659 16.604 17.107 18.400 19.665 20.900 22.107 23.285 24.434
5.353 5.182 5.011 4.838 4.664 4.490 4.490 4.602 4.707 4.807 4.900 4.987 5.068 5.143 5.212 5.275 5.331 5.381 5.570 5.795 6.006 6.201 6.380 6.545 6.694 6.827 6.946 7.049 7.136 7.209 7.412 7.634 7.856 8.077 8.296 8.515 8.733 8.949 9.165 9.379 9.593 9.807 10.251 10.727 11.235 11.775 12.347 12.950 13.720 14.519 15.326 16.140 16.964 17.676 17.649 17.619 17.583 17.544 17.500 17.451 17.398 17.341 17.279 17.213 17.142 17.419 18.613 19.778 20.915 22.022 23.101 24.151
5.016 4.842 4.667 4.491 4.314 4.136 4.080 4.170 4.255 4.333 4.405 4.471 4.531 4.585 4.633 4.674 4.710 4.739 4.857 5.030 5.188 5.330 5.457 5.568 5.665 5.745 5.811 5.861 5.896 5.916 6.078 6.298 6.516 6.734 6.950 7.165 7.380 7.593 7.806 8.017 8.227 8.655 9.380 10.158 10.944 11.739 12.541 13.352 14.170 14.997 15.832 16.676 17.527 18.387 18.346 18.300 18.249 18.194 18.134 18.070 18.002 17.929 17.851 17.770 17.683 17.757 18.852 19.919 20.956 21.965 22.945 23.896
4.681 4.504 4.325 4.146 3.965 3.784 3.677 3.746 3.809 3.867 3.918 3.962 4.001 4.034 4.060 4.081 4.095 4.103 4.162 4.282 4.387 4.476 4.550 4.609 4.653 4.681 4.694 4.691 4.674 4.641 4.747 4.963 5.179 5.393 5.868 6.339 6.801 7.253 7.695 8.127 8.550 8.963 9.652 10.458 11.272 12.095 12.926 13.765 14.612 15.467 16.330 17.202 18.082 18.969 19.046 18.984 18.918 18.847 18.772 18.693 18.609 18.520 18.428 18.330 18.229 18.123 19.119 20.086 21.025 21.935 22.816 23.668
4.348 4.167 3.985 3.802 3.618 3.433 3.281 3.329 3.371 3.407 3.437 3.461 3.479 3.490 3.496 3.495 3.488 3.475 3.484 3.551 3.603 3.640 3.661 3.667 3.658 3.634 3.602 3.789 3.996 4.224 4.572 5.048 5.515 5.973 6.420 6.858 7.286 7.704 8.113 8.512 8.901 9.280 9.914 10.749 11.592 12.443 13.302 14.169 15.044 15.928 16.819 17.719 18.627 19.543 19.749 19.672 19.591 19.505 19.414 19.319 19.220 19.116 19.007 18.895 18.777 18.656 19.412 20.281 21.121 21.932 22.714 23.467
