DATA/SHG/ECMWF/20170628/EN-0/20170703.en-0.asc
ncols        190
nrows        64
xllcorner    -5100000.000000000000
yllcorner    4130000.000000000000
cellsize     10000.000000000000
NODATA_value  -99999.000
[rows 32 to 63 of 64, columns 0 to 72 of 190]
5.418 5.213 5.196 5.187 5.170 5.143 5.108 5.063 5.010 4.948 4.877 4.797 4.708 4.611 4.492 4.344 4.168 3.964 3.730 3.469 3.178 2.859 2.512 2.135 1.730 1.297 1.506 1.743 1.998 2.269 2.559 2.866 3.190 3.532 3.891 4.268 4.662 5.067 5.145 5.193 5.209 5.195 5.149 5.072 4.964 4.825 4.655 4.688 4.841 5.045 5.696 6.287 6.819 7.292 7.705 8.059 8.354 8.589 8.764 8.880 8.937 8.956 9.175 9.419 9.688 9.983 10.303 10.649 11.020 11.417 11.839 12.286 12.759
6.657 6.516 6.460 6.420 6.371 6.313 6.246 6.171 6.086 5.993 5.891 5.779 5.659 5.530 5.326 5.079 4.802 4.498 4.164 3.803 3.412 2.993 2.546 2.069 1.565 1.031 1.178 1.476 1.791 2.124 2.475 2.843 3.228 3.631 4.051 4.488 4.943 5.416 5.447 5.386 5.412 5.484 5.579 5.697 5.838 6.001 6.188 6.397 6.629 6.884 7.311 7.696 8.021 8.286 8.493 8.640 8.727 8.756 8.725 8.634 8.484 8.275 8.559 8.891 9.249 9.633 10.042 10.476 10.936 11.421 11.931 12.467 13.029
7.873 7.797 7.732 7.661 7.581 7.492 7.393 7.287 7.171 7.046 6.912 6.770 6.619 6.458 6.190 5.842 5.466 5.062 4.628 4.167 3.676 3.157 2.610 2.034 1.429 0.796 0.832 1.191 1.567 1.961 2.373 2.801 3.247 3.835 4.421 4.994 5.553 6.099 6.306 6.412 6.540 6.692 6.866 7.063 7.284 7.526 7.792 8.081 8.392 8.726 8.983 9.161 9.279 9.338 9.338 9.278 9.159 8.981 8.743 8.446 8.089 7.674 7.919 8.340 8.787 9.259 9.756 10.279 10.827 11.401 12.000 12.624 13.274
9.068 9.055 9.013 8.910 8.798 8.678 8.549 8.410 8.263 8.107 7.943 7.769 7.586 7.395 7.083 6.636 6.160 5.655 5.122 4.560 3.970 3.352 2.704 2.028 1.324 0.601 0.723 1.357 1.976 2.583 3.176 3.756 4.322 4.875 5.414 5.940 6.452 6.951 7.250 7.436 7.644 7.875 8.128 8.405 8.704 9.027 9.372 9.739 10.130 10.544 10.712 10.683 10.594 10.447 10.240 9.974 9.648 9.263 8.819 8.315 7.753 7.131 7.255 7.765 8.300 8.861 9.446 10.058 10.694 11.356 12.043 12.756 13.494
10.241 10.292 10.301 10.167 10.024 9.873 9.712 9.543 9.364 9.177 8.981 8.776 8.562 8.339 8.006 7.459 6.883 6.279 5.642 5.002 4.406 3.853 3.343 2.877 2.455 2.075 2.103 2.690 3.263 3.822 4.369 4.901 5.421 5.926 6.419 6.898 7.363 7.815 8.171 8.435 8.723 9.033 9.366 9.722 10.100 10.502 10.926 11.373 11.843 12.336 12.497 12.262 11.967 11.612 11.199 10.726 10.194 9.603 8.953 8.243 7.474 6.646 6.568 7.166 7.790 8.439 9.113 9.812 10.537 11.287 12.063 12.864 13.690
11.392 11.507 11.598 11.433 11.259 11.076 10.884 10.683 10.473 10.255 10.028 9.728 9.286 8.862 8.399 7.737 7.118 6.543 6.011 5.522 5.077 4.675 4.317 4.002 3.730 3.502 3.496 4.035 4.561 5.074 5.573 6.059 6.532 6.991 7.436 7.868 8.287 8.692 9.066 9.410 9.777 10.166 10.579 11.014 11.472 11.952 12.456 12.982 13.531 14.103 14.339 13.897 13.396 12.835 12.215 11.537 10.798 10.001 9.144 8.229 7.254 6.219 5.857 6.544 7.255 7.993 8.755 9.543 10.356 11.194 12.058 12.947 13.862
12.521 12.700 12.898 12.706 12.368 11.867 11.383 10.916 10.467 10.034 9.618 9.219 8.837 8.473 8.116 7.605 7.138 6.714 6.333 5.995 5.701 5.451 5.243 5.079 4.959 4.881 4.900 5.393 5.872 6.338 6.790 7.229 7.655 8.067 8.466 8.851 9.223 9.581 9.938 10.361 10.807 11.275 11.767 12.281 12.818 13.378 13.961 14.566 15.194 15.845 16.237 15.589 14.881 14.115 13.289 12.404 11.460 10.456 9.394 8.272 7.091 5.851 5.123 5.897 6.697 7.523 8.373 9.249 10.151 11.077 12.175 13.397 14.644
12.563 12.440 12.304 11.885 11.427 10.985 10.561 10.153 9.763 9.389 9.033 8.693 8.371 8.065 7.777 7.428 7.111 6.838 6.608 6.422 6.279 6.179 6.123 6.110 6.140 6.214 6.331 6.763 7.195 7.614 8.020 8.412 8.790 9.156 9.508 9.846 10.171 10.483 10.785 11.287 11.812 12.360 12.930 13.524 14.140 14.779 15.440 16.125 16.832 17.562 18.192 17.338 16.424 15.451 14.419 13.328 12.178 10.969 9.700 8.373 6.986 5.540 4.364 5.389 6.519 7.675 8.857 10.065 11.300 12.560 13.846 15.158 16.496
11.550 11.385 11.208 10.868 10.468 10.086 9.721 9.373 9.042 8.728 8.430 8.150 7.887 7.640 7.411 7.204 7.039 6.916 6.838 6.802 6.810 6.861 6.956 7.094 7.275 7.499 7.767 8.145 8.530 8.902 9.261 9.606 9.938 10.257 10.562 10.854 11.132 11.397 11.649 12.189 12.793 13.420 14.069 14.742 15.437 16.155 16.896 17.659 18.445 19.254 20.086 19.143 18.023 16.844 15.607 14.310 12.922 11.547 10.208 8.904 7.635 6.401 5.207 6.401 7.622 8.868 10.140 11.439 12.763 14.113 15.490 16.892 18.320
10.550 10.344 10.126 9.833 9.493 9.170 8.864 8.575 8.303 8.048 7.810 7.589 7.385 7.198 7.028 6.934 6.920 6.949 7.021 7.136 7.295 7.497 7.742 8.030 8.362 8.737 9.156 9.538 9.877 10.203 10.515 10.813 11.098 11.370 11.629 11.874 12.105 12.324 12.529 13.066 13.749 14.455 15.184 15.935 16.709 17.506 18.326 19.168 20.033 20.671 21.247 20.197 18.768 17.374 16.016 14.693 13.404 12.152 10.934 9.752 8.604 7.492 6.416 7.387 8.697 10.034 11.397 12.785 14.200 15.640 17.107 18.599 20.118
9.565 9.318 9.059 8.781 8.501 8.237 7.990 7.761 7.548 7.352 7.173 7.011 6.866 6.738 6.627 6.619 6.755 6.935 7.158 7.424 7.733 8.086 8.481 8.921 9.403 9.929 10.497 10.945 11.237 11.515 11.781 12.032 12.271 12.496 12.708 12.906 13.091 13.263 13.421 13.919 14.681 15.466 16.125 16.757 17.374 17.975 18.559 19.128 19.681 20.218 20.739 20.035 18.728 17.457 16.220 15.018 13.852 12.721 11.625 10.564 9.539 8.549 7.594 8.346 9.746 11.173 12.626 14.105 15.609 17.140 18.697 20.279 21.888
8.594 8.306 8.006 7.712 7.491 7.286 7.099 6.928 6.775 6.638 6.518 6.415 6.329 6.260 6.208 6.257 6.544 6.875 7.248 7.665 8.125 8.628 9.174 9.764 10.397 11.073 11.792 12.363 12.608 12.840 13.059 13.264 13.456 13.634 13.796 13.822 13.855 13.893 13.937 14.246 14.871 15.481 16.074 16.652 17.213 17.759 18.288 18.802 19.300 19.782 20.248 19.840 18.654 17.504 16.389 15.310 14.265 13.256 12.282 11.342 10.439 9.570 8.736 9.278 10.769 12.286 13.829 15.398 16.993 18.613 20.260 21.932 23.631
7.638 7.309 6.967 6.626 6.464 6.319 6.190 6.079 5.984 5.906 5.846 5.802 5.775 5.765 5.772 5.850 6.288 6.769 7.293 7.860 8.470 9.124 9.821 10.561 11.344 12.170 13.040 13.768 13.773 13.785 13.802 13.825 13.855 13.890 13.931 13.978 14.031 14.090 14.154 14.377 14.947 15.501 16.039 16.562 17.068 17.559 18.033 18.492 18.935 19.362 19.773 19.610 18.546 17.518 16.525 15.566 14.644 13.756 12.903 12.086 11.303 10.556 9.844 10.184 11.765 13.372 15.005 16.664 18.349 20.059 21.796 23.559 25.347
6.696 6.325 5.943 5.549 5.420 5.334 5.264 5.212 5.176 5.158 5.156 5.171 5.203 5.252 5.318 5.401 5.985 6.617 7.291 8.009 8.764 9.510 10.248 10.977 11.696 12.407 13.109 13.752 13.778 13.810 13.848 13.892 13.942 13.998 14.059 14.127 14.200 14.280 14.365 14.524 15.039 15.538 16.021 16.488 16.940 17.375 17.795 18.198 18.586 18.958 19.314 19.346 18.404 17.497 16.625 15.789 14.987 14.221 13.490 12.794 12.133 11.507 10.916 11.063 12.735 14.432 16.155 17.904 19.678 21.479 23.306 25.158 27.036
5.768 5.357 4.933 4.498 4.359 4.331 4.321 4.328 4.351 4.391 4.449 4.523 4.614 4.762 4.997 5.235 5.913 6.664 7.407 8.140 8.865 9.580 10.287 10.984 11.673 12.353 13.024 13.685 13.777 13.829 13.888 13.952 14.023 14.099 14.181 14.270 14.364 14.464 14.570 14.686 15.146 15.590 16.018 16.430 16.827 17.207 17.572 17.921 18.253 18.570 18.871 19.047 18.227 17.442 16.691 15.976 15.296 14.652 14.042 13.467 12.928 12.423 11.954 11.916 13.678 15.465 17.278 19.116 20.981 22.872 24.788 26.731 28.699
4.855 4.402 3.938 3.462 3.280 3.312 3.436 3.661 3.888 4.118 4.352 4.589 4.828 5.071 5.317 5.566 6.147 6.867 7.578 8.281 8.974 9.659 10.335 11.001 11.659 12.308 12.948 13.579 13.769 13.842 13.922 14.007 14.098 14.195 14.297 14.406 14.521 14.641 14.768 14.900 15.269 15.658 16.031 16.389 16.730 17.056 17.365 17.659 17.937 18.199 18.445 18.675 18.016 17.352 16.723 16.130 15.571 15.048 14.559 14.106 13.688 13.304 12.956 12.743 14.594 16.471 18.374 20.303 22.257 24.238 26.244 28.276 30.318
4.188 3.871 3.563 3.265 3.206 3.435 3.667 3.902 4.140 4.381 4.625 4.872 5.123 5.376 5.633 5.892 6.389 7.079 7.759 8.431 9.094 9.747 10.392 11.028 11.655 12.272 12.881 13.481 13.756 13.849 13.949 14.055 14.166 14.284 14.407 14.536 14.672 14.813 14.960 15.113 15.408 15.742 16.060 16.363 16.649 16.920 17.175 17.413 17.636 17.844 18.035 18.210 17.771 17.228 16.721 16.249 15.811 15.409 15.042 14.710 14.413 14.151 13.924 13.732 15.485 17.432 19.161 20.834 22.451 24.013 25.519 26.970 28.366
4.348 4.063 3.788 3.523 3.411 3.651 3.893 4.139 4.388 4.640 4.895 5.153 5.414 5.678 5.945 6.215 6.641 7.300 7.949 8.590 9.222 9.844 10.458 11.063 11.659 12.246 12.824 13.393 13.736 13.850 13.970 14.097 14.229 14.367 14.511 14.660 14.816 14.978 15.146 15.319 15.563 15.842 16.105 16.353 16.584 16.800 17.000 17.184 17.352 17.504 17.641 17.761 17.491 17.070 16.684 16.333 16.017 15.736 15.485 15.215 14.940 14.659 14.371 14.077 15.281 16.873 18.410 19.892 21.318 22.689 24.004 25.264 26.468
4.497 4.245 4.003 3.770 3.612 3.863 4.116 4.372 4.632 4.895 5.160 5.429 5.701 5.976 6.254 6.535 6.902 7.530 8.148 8.758 9.359 9.951 10.534 11.108 11.673 12.229 12.776 13.315 13.710 13.845 13.985 14.132 14.285 14.443 14.608 14.778 14.955 15.137 15.325 15.519 15.734 15.958 16.166 16.359 16.536 16.696 16.841 16.971 17.084 17.181 17.263 17.348 17.288 17.034 16.774 16.508 16.235 15.957 15.673 15.382 15.086 14.783 14.475 14.160 14.967 16.368 17.714 19.004 20.239 21.418 22.542 23.611 24.624
4.636 4.417 4.207 4.007 3.816 4.071 4.335 4.602 4.873 5.146 5.422 5.702 5.984 6.270 6.558 6.850 7.172 7.769 8.357 8.936 9.505 10.066 10.619 11.162 11.696 12.221 12.738 13.245 13.677 13.833 13.994 14.162 14.335 14.514 14.699 14.890 15.087 15.289 15.498 15.712 15.920 16.090 16.243 16.381 16.490 16.575 16.683 16.814 16.969 17.146 17.347 17.570 17.608 17.333 17.052 16.764 16.471 16.172 15.866 15.555 15.237 14.914 14.584 14.248 14.706 15.916 17.070 18.170 19.213 20.202 21.135 22.013 22.835
4.764 4.577 4.400 4.233 4.075 4.276 4.551 4.829 5.109 5.393 5.680 5.971 6.264 6.560 6.859 7.162 7.467 8.017 8.574 9.122 9.661 10.191 10.712 11.225 11.728 12.223 12.708 13.185 13.639 13.815 13.997 14.185 14.379 14.578 14.784 14.995 15.212 15.397 15.508 15.610 15.699 15.772 15.868 15.987 16.129 16.294 16.483 16.694 16.928 17.185 17.466 17.769 17.934 17.638 17.335 17.027 16.713 16.392 16.066 15.733 15.395 15.050 14.699 14.342 14.498 15.517 16.481 17.389 18.242 19.039 19.781 20.468 21.099
4.881 4.728 4.583 4.448 4.323 4.477 4.762 5.051 5.343 5.637 5.935 6.236 6.540 6.847 7.157 7.470 7.786 8.274 8.800 9.317 9.826 10.325 10.815 11.297 11.769 12.233 12.688 13.134 13.571 13.791 13.969 14.110 14.242 14.366 14.482 14.588 14.687 14.777 14.858 14.931 14.996 15.149 15.325 15.524 15.746 15.991 16.259 16.550 16.864 17.202 17.562 17.945 18.265 17.948 17.624 17.295 16.960 16.618 16.271 15.917 15.558 15.192 14.820 14.442 14.344 15.172 15.944 16.661 17.323 17.930 18.482 18.978 19.418
4.988 4.867 4.756 4.654 4.561 4.674 4.971 5.270 5.572 5.877 6.186 6.497 6.812 7.129 7.450 7.774 8.101 8.540 9.036 9.522 9.999 10.468 10.927 11.338 11.712 12.090 12.472 12.859 13.249 13.443 13.563 13.674 13.777 13.872 13.958 14.036 14.105 14.165 14.217 14.261 14.296 14.503 14.759 15.038 15.340 15.665 16.013 16.384 16.778 17.195 17.635 18.098 18.584 18.264 17.919 17.569 17.212 16.850 16.481 16.107 15.726 15.340 14.947 14.548 14.242 14.879 15.461 15.988 16.459 16.875 17.236 17.541 17.791
5.085 4.997 4.918 4.848 4.788 4.868 5.175 5.485 5.798 6.114 6.433 6.755 7.080 7.409 7.740 8.074 8.341 8.627 8.990 9.357 9.729 10.105 10.485 10.869 11.258 11.651 12.048 12.449 12.855 13.075 13.166 13.248 13.322 13.387 13.444 13.492 13.532 13.563 13.586 13.601 13.606 13.835 14.170 14.529 14.911 15.316 15.743 16.194 16.668 17.165 17.685 18.228 18.794 18.585 18.220 17.848 17.471 17.088 16.698 16.302 15.901 15.493 15.079 14.660 14.234 14.640 15.031 15.367 15.648 15.873 16.043 16.158 16.218
5.171 5.115 5.069 5.032 5.005 5.058 5.376 5.696 6.020 6.288 6.525 6.755 6.978 7.196 7.407 7.611 7.810 8.064 8.442 8.824 9.211 9.602 9.997 10.396 10.799 11.207 11.619 12.036 12.456 12.717 12.778 12.831 12.876 12.911 12.939 12.958 12.969 12.971 12.964 12.949 12.926 13.144 13.559 13.998 14.459 14.944 15.451 15.982 16.535 17.112 17.712 18.334 18.980 18.913 18.526 18.134 17.735 17.331 16.920 16.504 16.081 15.652 15.218 14.777 14.330 14.454 14.655 14.800 14.890 14.925 14.905 14.829 14.699
5.247 5.224 5.168 5.103 5.039 4.996 5.236 5.469 5.697 5.917 6.132 6.340 6.542 6.737 6.926 7.109 7.286 7.497 7.890 8.287 8.689 9.095 9.505 9.919 10.337 10.760 11.187 11.618 12.053 12.367 12.400 12.423 12.438 12.445 12.443 12.433 12.415 12.387 12.352 12.308 12.255 12.430 12.925 13.444 13.985 14.549 15.136 15.747 16.380 17.036 17.716 18.418 19.143 19.245 18.838 18.425 18.005 17.580 17.148 16.711 16.267 15.817 15.362 14.900 14.432 14.321 14.331 14.286 14.186 14.106 14.042 13.975 13.907
5.048 4.985 4.923 4.863 4.803 4.745 4.938 5.150 5.355 5.554 5.746 5.933 6.113 6.286 6.453 6.614 6.769 6.927 7.335 7.747 8.163 8.584 9.008 9.437 9.871 10.308 10.750 11.196 11.646 12.027 12.030 12.025 12.011 11.988 11.957 11.918 11.870 11.813 11.749 11.675 11.593 11.694 12.269 12.867 13.488 14.132 14.799 15.489 16.202 16.938 17.697 18.478 19.283 19.584 19.156 18.721 18.281 17.834 17.382 16.923 16.459 15.988 15.476 14.965 14.464 14.207 14.145 14.080 14.012 13.942 13.870 13.796 13.719
4.793 4.734 4.677 4.621 4.566 4.512 4.647 4.837 5.020 5.197 5.368 5.533 5.691 5.842 5.988 6.127 6.259 6.386 6.775 7.202 7.633 8.069 8.508 8.952 9.400 9.853 10.309 10.770 11.236 11.696 11.670 11.635 11.592 11.540 11.480 11.411 11.334 11.249 11.155 11.052 10.941 10.935 11.590 12.268 12.968 13.692 14.438 15.208 16.001 16.816 17.655 18.516 19.400 19.928 19.479 18.935 18.383 17.842 17.312 16.794 16.287 15.792 15.308 14.835 14.374 14.078 14.008 13.934 13.859 13.781 13.702 13.619 13.535
4.537 4.483 4.430 4.378 4.328 4.279 4.364 4.531 4.693 4.848 4.997 5.140 5.276 5.406 5.529 5.647 5.757 5.862 6.211 6.653 7.099 7.549 8.004 8.463 8.926 9.393 9.865 10.341 10.821 11.305 11.319 11.255 11.183 11.102 11.012 10.914 10.808 10.693 10.570 10.438 10.298 10.154 10.888 11.646 12.426 13.229 14.055 14.904 15.740 16.560 17.369 18.166 18.951 19.542 19.006 18.482 17.969 17.467 16.977 16.497 16.030 15.573 15.128 14.695 14.272 13.952 13.873 13.792 13.709 13.623 13.535 13.445 13.352
4.279 4.230 4.181 4.134 4.088 4.044 4.087 4.233 4.373 4.506 4.633 4.754 4.868 4.977 5.078 5.174 5.263 5.345 5.643 6.100 6.561 7.026 7.496 7.970 8.448 8.930 9.416 9.907 10.402 10.901 10.977 10.884 10.782 10.672 10.554 10.427 10.291 10.147 9.995 9.834 9.665 9.559 10.288 11.139 11.978 12.805 13.620 14.424 15.216 15.996 16.764 17.521 18.266 18.999 18.504 18.018 17.544 17.082 16.630 16.190 15.762 15.344 14.938 14.544 14.161 13.827 13.741 13.652 13.560 13.467 13.371 13.273 13.172
4.021 3.976 3.932 3.889 3.848 3.808 3.818 3.942 4.060 4.172 4.277 4.376 4.468 4.555 4.634 4.708 4.775 4.836 5.072 5.543 6.019 6.499 6.984 7.472 7.965 8.462 8.963 9.469 9.979 10.492 10.645 10.522 10.391 10.252 10.123 10.002 9.889 9.784 9.688 9.599 9.519 9.447 10.018 10.828 11.627 12.413 13.189 13.952 14.704 15.444 16.172 16.888 17.593 18.286 17.990 17.544 17.109 16.686 16.273 15.872 15.483 15.105 14.738 14.382 14.038 13.705 13.611 13.514 13.415 13.313 13.209 13.103 12.995
3.761 3.720 3.681 3.643 3.606 3.571 3.556 3.658 3.754 3.844 3.927 4.005 4.075 4.140 4.198 4.250 4.295 4.334 4.496 4.983 5.473 5.968 6.468 6.971 7.479 7.990 8.506 9.019 9.527 10.030 10.257 10.132 10.015 9.906 9.805 9.712 9.627 9.551 9.483 9.423 9.371 9.327 9.759 10.529 11.288 12.034 12.769 13.492 14.204 14.904 15.592 16.268 16.932 17.585 17.467 17.060 16.664 16.279 15.906 15.544 15.193 14.854 14.526 14.210 13.905 13.611 13.483 13.378 13.271 13.162 13.050 12.936 12.820
