DATA/SHG/ECMWF/20170628/EN-0/20170709.en-0.asc
ncols        190
nrows        64
xllcorner    -5100000.000000000000
yllcorner    4130000.000000000000
cellsize     10000.000000000000
NODATA_value  -99999.000
[rows 0 to 32 of 64, columns 0 to 72 of 190]
3.009 2.942 2.867 2.782 2.688 2.586 2.475 2.355 2.226 2.316 2.465 2.599 2.719 2.824 2.915 2.992 3.054 3.102 3.135 3.245 3.384 3.460 3.516 3.582 3.658 3.745 3.843 3.951 4.069 4.197 4.336 4.486 4.646 4.746 4.789 4.815 4.824 4.816 4.791 4.749 4.689 4.613 4.519 4.408 4.280 4.244 4.305 4.375 4.455 4.544 4.643 4.751 4.868 4.995 5.131 5.276 5.431 5.348 4.968 4.580 4.185 3.783 3.373 2.955 2.530 2.097 1.657 1.209 0.754 0.572 0.853 1.148 1.456
3.002 2.904 2.797 2.681 2.556 2.423 2.280 2.129 1.969 1.971 2.068 2.152 2.288 2.426 2.564 2.702 2.841 2.980 3.119 3.259 3.399 3.509 3.601 3.704 3.817 3.941 4.075 4.220 4.375 4.540 4.716 4.902 5.098 5.206 5.188 5.154 5.103 5.034 4.949 4.846 4.727 4.590 4.436 4.265 4.077 3.988 4.082 4.186 4.299 4.421 4.553 4.693 4.844 5.003 5.172 5.350 5.538 5.542 5.135 4.721 4.300 3.870 3.434 2.989 2.538 2.078 1.611 1.137 0.655 0.368 0.696 1.038 1.393
3.005 2.876 2.737 2.590 2.435 2.285 2.143 2.008 1.881 1.879 2.017 2.156 2.294 2.433 2.572 2.712 2.852 2.992 3.132 3.272 3.413 3.547 3.676 3.815 3.965 4.126 4.296 4.478 4.669 4.871 5.083 5.306 5.539 5.682 5.605 5.510 5.398 5.270 5.124 4.961 4.781 4.584 4.370 4.139 3.890 3.724 3.851 3.988 4.133 4.288 4.453 4.627 4.810 5.002 5.204 5.415 5.635 5.743 5.310 4.869 4.421 3.965 3.502 3.031 2.553 2.067 1.573 1.072 0.700 0.450 0.935 1.403 1.852
2.916 2.762 2.616 2.478 2.347 2.225 2.110 2.003 1.904 1.883 2.022 2.161 2.301 2.441 2.581 2.721 2.862 3.003 3.144 3.285 3.427 3.573 3.739 3.915 4.102 4.299 4.506 4.724 4.952 5.191 5.440 5.699 5.969 6.176 6.038 5.883 5.711 5.522 5.316 5.093 4.853 4.596 4.321 4.030 3.721 3.451 3.611 3.780 3.959 4.147 4.344 4.551 4.767 4.992 5.226 5.470 5.724 5.951 5.492 5.024 4.554 4.140 3.741 3.356 2.987 2.633 2.293 1.968 1.658 1.363 1.773 2.177 2.563
2.709 2.583 2.465 2.354 2.251 2.156 2.069 1.990 1.918 1.886 2.026 2.166 2.307 2.448 2.589 2.730 2.872 3.014 3.156 3.298 3.441 3.589 3.791 4.004 4.227 4.461 4.705 4.959 5.224 5.499 5.785 6.081 6.387 6.686 6.488 6.273 6.041 5.792 5.525 5.242 4.942 4.624 4.290 3.939 3.570 3.184 3.362 3.564 3.775 3.996 4.226 4.466 4.714 4.987 5.305 5.612 5.909 6.195 5.850 5.458 5.081 4.719 4.372 4.040 3.722 3.420 3.132 2.859 2.601 2.358 2.627 2.968 3.290
2.495 2.396 2.305 2.222 2.147 2.079 2.020 1.968 1.924 1.889 2.030 2.171 2.313 2.454 2.596 2.739 2.881 3.024 3.167 3.310 3.454 3.598 3.832 4.082 4.342 4.612 4.892 5.183 5.485 5.796 6.118 6.451 6.794 7.147 6.955 6.680 6.387 6.078 5.752 5.408 5.048 4.671 4.276 3.865 3.436 2.991 3.157 3.511 3.855 4.188 4.511 4.823 5.125 5.417 5.698 5.968 6.228 6.477 6.258 5.919 5.594 5.283 4.988 4.708 4.442 4.191 3.955 3.734 3.528 3.337 3.496 3.774 4.033
2.272 2.201 2.137 2.082 2.034 1.994 1.962 1.938 1.921 1.912 2.033 2.175 2.318 2.461 2.604 2.747 2.890 3.034 3.178 3.322 3.467 3.612 3.862 4.148 4.445 4.752 5.069 5.396 5.734 6.082 6.441 6.810 7.189 7.578 7.439 7.103 6.751 6.382 5.995 5.591 5.204 4.845 4.515 4.214 3.941 3.697 3.853 4.171 4.478 4.774 5.060 5.336 5.601 5.856 6.100 6.334 6.557 6.769 6.652 6.364 6.091 5.833 5.589 5.361 5.147 4.948 4.764 4.594 4.440 4.300 4.381 4.595 4.792
2.040 1.997 1.961 1.933 1.913 1.900 1.896 1.899 1.910 1.929 2.036 2.180 2.323 2.467 2.611 2.755 2.899 3.044 3.189 3.334 3.480 3.625 3.881 4.204 4.537 4.880 5.234 5.598 5.972 6.357 6.752 7.157 7.484 7.773 7.612 7.182 6.782 6.409 6.065 5.750 5.463 5.205 4.975 4.773 4.600 4.455 4.560 4.840 5.111 5.370 5.620 5.858 6.087 6.304 6.512 6.709 6.895 7.071 7.031 6.794 6.573 6.367 6.175 5.998 5.836 5.689 5.557 5.439 5.336 5.249 5.281 5.433 5.567
1.801 1.785 1.777 1.776 1.783 1.798 1.821 1.852 1.890 1.936 2.039 2.183 2.328 2.472 2.617 2.762 2.908 3.053 3.199 3.345 3.492 3.639 3.889 4.249 4.618 4.957 5.283 5.598 5.903 6.198 6.482 6.756 7.019 7.272 7.242 6.913 6.612 6.340 6.096 5.880 5.693 5.535 5.405 5.303 5.230 5.185 5.275 5.519 5.753 5.976 6.188 6.390 6.582 6.763 6.933 7.094 7.243 7.383 7.394 7.210 7.041 6.886 6.746 6.621 6.511 6.415 6.334 6.269 6.218 6.181 6.197 6.286 6.357
1.553 1.565 1.584 1.611 1.646 1.688 1.738 1.796 1.862 1.936 2.042 2.187 2.332 2.478 2.624 2.770 2.916 3.065 3.226 3.375 3.512 3.637 3.829 4.150 4.460 4.760 5.049 5.328 5.596 5.854 6.102 6.339 6.565 6.781 6.844 6.615 6.414 6.241 6.097 5.982 5.894 5.836 5.805 5.803 5.830 5.884 6.001 6.208 6.404 6.590 6.766 6.931 7.086 7.231 7.365 7.488 7.601 7.704 7.743 7.611 7.493 7.390 7.302 7.228 7.170 7.126 7.097 7.083 7.083 7.099 7.129 7.155 7.163
1.298 1.336 1.383 1.437 1.500 1.569 1.647 1.732 1.826 1.927 2.065 2.266 2.457 2.635 2.801 2.956 3.098 3.229 3.348 3.455 3.551 3.634 3.754 4.038 4.311 4.574 4.827 5.069 5.301 5.522 5.733 5.933 6.123 6.302 6.417 6.288 6.187 6.114 6.070 6.054 6.066 6.107 6.176 6.274 6.400 6.555 6.735 6.905 7.065 7.215 7.354 7.482 7.600 7.708 7.805 7.892 7.969 8.035 8.077 7.996 7.930 7.879 7.842 7.821 7.814 7.822 7.844 7.882 7.934 8.001 8.076 8.040 7.985
1.034 1.100 1.174 1.302 1.475 1.650 1.825 2.001 2.178 2.355 2.533 2.693 2.841 2.978 3.103 3.215 3.316 3.406 3.483 3.548 3.602 3.644 3.689 3.937 4.173 4.400 4.616 4.821 5.016 5.201 5.375 5.539 5.692 5.835 5.962 5.932 5.931 5.958 6.013 6.097 6.209 6.350 6.519 6.716 6.941 7.195 7.478 7.612 7.735 7.848 7.951 8.043 8.124 8.195 8.256 8.306 8.346 8.375 8.394 8.367 8.353 8.353 8.368 8.398 8.443 8.502 8.576 8.586 8.537 8.486 8.434 8.255 8.081
1.232 1.406 1.580 1.756 1.932 2.109 2.288 2.467 2.647 2.829 3.011 3.132 3.239 3.333 3.416 3.487 3.547 3.594 3.630 3.654 3.666 3.666 3.654 3.846 4.047 4.236 4.416 4.585 4.743 4.891 5.029 5.156 5.273 5.379 5.475 5.548 5.647 5.773 5.928 6.112 6.323 6.563 6.832 7.128 7.453 7.807 8.188 8.329 8.415 8.491 8.557 8.612 8.657 8.692 8.716 8.729 8.733 8.725 8.708 8.723 8.704 8.662 8.618 8.573 8.525 8.475 8.424 8.370 8.314 8.257 8.197 8.079 7.959
1.674 1.851 2.028 2.207 2.387 2.568 2.749 2.932 3.116 3.300 3.486 3.583 3.648 3.701 3.742 3.772 3.789 3.795 3.789 3.771 3.742 3.701 3.647 3.767 3.931 4.084 4.227 4.359 4.481 4.593 4.694 4.784 4.865 4.934 4.994 5.136 5.334 5.560 5.814 6.097 6.408 6.748 7.116 7.512 7.936 8.389 8.870 9.054 9.104 9.144 9.173 9.192 9.200 9.127 9.037 8.945 8.849 8.750 8.649 8.585 8.538 8.490 8.439 8.386 8.332 8.275 8.217 8.156 8.094 8.030 7.963 7.888 7.822
2.114 2.294 2.475 2.657 2.840 3.024 3.209 3.395 3.582 3.770 3.959 4.046 4.069 4.081 4.080 4.068 4.044 4.008 3.961 3.902 3.830 3.748 3.653 3.700 3.827 3.943 4.049 4.145 4.230 4.305 4.370 4.424 4.468 4.501 4.524 4.695 4.992 5.318 5.672 6.054 6.464 6.903 7.370 7.866 8.389 8.941 9.424 9.577 9.495 9.410 9.322 9.231 9.137 9.040 8.940 8.836 8.730 8.621 8.509 8.428 8.375 8.319 8.262 8.202 8.141 8.077 8.012 7.945 7.876 7.804 7.731 7.683 7.671
2.552 2.735 2.920 3.105 3.292 3.479 3.667 3.856 4.047 4.238 4.430 4.521 4.502 4.472 4.430 4.377 4.311 4.234 4.145 4.044 3.931 3.807 3.671 3.643 3.733 3.813 3.883 3.942 3.991 4.029 4.057 4.075 4.082 4.079 4.065 4.226 4.622 5.047 5.514 6.059 6.587 7.096 7.587 8.060 8.514 8.950 9.368 9.557 9.464 9.369 9.270 9.168 9.063 8.956 8.845 8.731 8.614 8.494 8.372 8.274 8.213 8.151 8.087 8.020 7.952 7.882 7.810 7.736 7.660 7.582 7.502 7.464 7.506
2.988 3.175 3.363 3.552 3.741 3.932 4.123 4.316 4.509 4.704 4.899 5.008 4.948 4.876 4.793 4.698 4.591 4.472 4.341 4.199 4.045 3.879 3.701 3.597 3.651 3.694 3.727 3.750 3.762 3.764 3.756 3.779 3.899 4.027 4.163 4.433 4.970 5.488 5.988 6.470 6.933 7.378 7.805 8.214 8.605 8.977 9.331 9.540 9.436 9.330 9.221 9.108 8.993 8.875 8.753 8.629 8.502 8.371 8.238 8.121 8.054 7.985 7.913 7.840 7.765 7.688 7.609 7.529 7.446 7.361 7.274 7.230 7.326
3.423 3.613 3.804 3.996 4.189 4.383 4.578 4.774 4.970 5.168 5.367 5.507 5.405 5.292 5.167 5.031 4.882 4.722 4.550 4.366 4.171 3.963 3.744 3.562 3.612 3.704 3.804 3.912 4.028 4.152 4.284 4.424 4.572 4.728 4.892 5.117 5.589 6.044 6.480 6.898 7.297 7.679 8.042 8.386 8.713 9.022 9.312 9.525 9.411 9.295 9.175 9.052 8.926 8.797 8.665 8.530 8.392 8.251 8.107 7.971 7.897 7.821 7.743 7.663 7.581 7.497 7.411 7.324 7.234 7.142 7.049 6.982 7.132
3.856 4.049 4.244 4.439 4.635 4.833 5.031 5.230 5.430 5.631 5.833 6.018 5.875 5.720 5.554 5.376 5.186 4.982 4.782 4.592 4.412 4.241 4.080 3.939 4.051 4.171 4.299 4.435 4.579 4.731 4.891 5.059 5.235 5.420 5.612 5.818 6.227 6.617 6.989 7.343 7.679 7.997 8.296 8.577 8.840 9.084 9.311 9.514 9.390 9.262 9.132 8.998 8.862 8.722 8.580 8.434 8.286 8.134 7.980 7.822 7.741 7.659 7.574 7.487 7.399 7.308 7.215 7.121 7.024 6.926 6.826 6.723 6.924
4.287 4.484 4.682 4.880 5.080 5.280 5.482 5.684 5.887 6.092 6.241 6.378 6.190 5.976 5.771 5.577 5.391 5.216 5.050 4.894 4.748 4.611 4.484 4.367 4.481 4.629 4.785 4.949 5.121 5.301 5.489 5.686 5.890 6.102 6.323 6.551 6.882 7.208 7.517 7.807 8.079 8.333 8.568 8.785 8.984 9.165 9.328 9.472 9.371 9.233 9.092 8.948 8.801 8.651 8.498 8.342 8.183 8.020 7.855 7.687 7.588 7.499 7.407 7.314 7.218 7.121 7.022 6.920 6.817 6.712 6.605 6.496 6.702
4.717 4.917 5.118 5.250 5.383 5.517 5.652 5.789 5.927 6.067 6.208 6.350 6.244 6.064 5.893 5.732 5.581 5.440 5.308 5.186 5.073 4.971 4.878 4.794 4.901 5.077 5.261 5.454 5.654 5.862 6.078 6.303 6.535 6.776 7.024 7.280 7.555 7.817 8.062 8.288 8.496 8.686 8.858 9.012 9.147 9.264 9.363 9.444 9.355 9.207 9.055 8.901 8.743 8.582 8.419 8.252 8.082 7.910 7.734 7.555 7.438 7.341 7.243 7.142 7.040 6.936 6.830 6.704 6.546 6.385 6.220 6.052 6.200
4.777 4.911 5.046 5.182 5.320 5.459 5.599 5.741 5.884 6.028 6.174 6.321 6.287 6.141 6.004 5.877 5.760 5.653 5.555 5.467 5.388 5.319 5.260 5.211 5.312 5.517 5.729 5.949 6.178 6.414 6.658 6.911 7.171 7.440 7.716 8.001 8.245 8.444 8.625 8.787 8.932 9.058 9.166 9.256 9.328 9.382 9.417 9.434 9.343 9.184 9.021 8.856 8.688 8.517 8.343 8.166 7.985 7.802 7.616 7.427 7.268 7.123 6.975 6.822 6.667 6.507 6.344 6.178 6.008 5.834 5.657 5.476 5.597
4.694 4.833 4.972 5.113 5.256 5.399 5.545 5.691 5.839 5.988 6.138 6.290 6.320 6.208 6.105 6.012 5.929 5.855 5.791 5.737 5.692 5.657 5.632 5.617 5.715 5.947 6.188 6.436 6.692 6.957 7.229 7.510 7.798 8.094 8.399 8.711 8.953 9.088 9.205 9.304 9.385 9.448 9.492 9.519 9.527 9.517 9.489 9.442 9.333 9.163 8.991 8.815 8.636 8.417 8.177 7.940 7.707 7.476 7.249 7.024 6.833 6.676 6.515 6.350 6.182 6.010 5.835 5.656 5.474 5.288 5.098 4.905 4.979
4.610 4.753 4.897 5.043 5.190 5.339 5.488 5.640 5.792 5.946 6.101 6.257 6.342 6.264 6.195 6.136 6.087 6.047 6.017 5.996 5.986 5.985 5.993 6.012 6.108 6.369 6.637 6.913 7.198 7.490 7.791 8.099 8.416 8.740 9.072 9.413 9.678 9.750 9.803 9.839 9.856 9.855 9.836 9.799 9.744 9.670 9.506 9.320 9.118 8.873 8.632 8.393 8.158 7.926 7.697 7.471 7.248 7.029 6.812 6.599 6.402 6.232 6.059 5.882 5.701 5.517 5.330 5.138 4.944 4.745 4.544 4.338 4.346
4.524 4.672 4.821 4.971 5.123 5.276 5.431 5.587 5.744 5.903 6.062 6.224 6.354 6.310 6.275 6.250 6.234 6.228 6.232 6.245 6.269 6.301 6.344 6.396 6.493 6.781 7.077 7.382 7.694 8.015 8.343 8.679 9.024 9.376 9.737 10.105 10.421 10.429 10.419 10.233 10.030 9.831 9.638 9.449 9.266 9.088 8.914 8.746 8.570 8.336 8.106 7.878 7.654 7.433 7.214 6.999 6.788 6.579 6.373 6.171 5.975 5.792 5.607 5.417 5.225 5.028 4.828 4.625 4.418 4.207 3.993 3.775 3.696
4.441 4.589 4.743 4.898 5.055 5.213 5.372 5.533 5.695 5.858 6.022 6.188 6.356 6.345 6.344 6.353 6.371 6.399 6.437 6.484 6.541 6.608 6.684 6.770 6.868 7.184 7.509 7.841 8.182 8.530 8.886 9.247 9.421 9.595 9.768 9.939 10.101 9.900 9.704 9.513 9.328 9.147 8.971 8.800 8.635 8.474 8.318 8.168 8.019 7.797 7.577 7.360 7.147 6.937 6.729 6.525 6.324 6.127 5.932 5.740 5.552 5.357 5.159 4.957 4.752 4.543 4.331 4.115 3.896 3.673 3.447 3.217 3.032
4.422 4.505 4.664 4.824 4.985 5.148 5.312 5.477 5.644 5.812 5.981 6.152 6.324 6.370 6.403 6.445 6.497 6.559 6.631 6.712 6.803 6.903 7.013 7.133 7.236 7.386 7.563 7.739 7.915 8.089 8.262 8.435 8.606 8.777 8.946 9.115 9.282 9.141 8.963 8.790 8.622 8.458 8.300 8.147 7.999 7.856 7.718 7.585 7.457 7.255 7.046 6.840 6.638 6.438 6.242 6.049 5.859 5.672 5.488 5.307 5.130 4.926 4.715 4.501 4.284 4.063 3.838 3.610 3.378 3.143 2.904 2.662 2.416
4.420 4.420 4.583 4.748 4.914 5.081 5.250 5.420 5.591 5.764 5.938 6.114 6.290 6.384 6.451 6.527 6.613 6.702 6.759 6.788 6.788 6.760 6.704 6.619 6.506 6.595 6.769 6.942 7.114 7.285 7.455 7.625 7.793 7.960 8.127 8.292 8.456 8.378 8.217 8.062 7.911 7.766 7.625 7.490 7.360 7.234 7.114 6.999 6.888 6.711 6.513 6.318 6.126 5.938 5.752 5.570 5.391 5.215 5.042 4.872 4.705 4.498 4.275 4.049 3.819 3.586 3.349 3.109 2.865 2.617 2.366 2.112 1.854
4.436 4.333 4.501 4.671 4.841 5.014 5.187 5.362 5.538 5.715 5.936 6.193 6.430 6.582 6.654 6.697 6.711 6.698 6.655 6.585 6.486 6.359 6.204 6.020 5.807 5.806 5.977 6.146 6.315 6.483 6.650 6.817 6.982 7.146 7.309 7.471 7.633 7.611 7.468 7.330 7.197 7.069 6.946 6.829 6.716 6.608 6.505 6.408 6.315 6.164 5.977 5.793 5.613 5.435 5.260 5.089 4.921 4.756 4.594 4.435 4.279 4.075 3.840 3.601 3.359 3.114 2.864 2.612 2.355 2.096 1.832 1.565 1.295
4.470 4.245 4.418 4.694 5.017 5.320 5.605 5.871 6.117 6.345 6.554 6.744 6.915 7.005 6.977 6.921 6.837 6.724 6.582 6.413 6.215 5.988 5.734 5.451 5.139 5.019 5.186 5.353 5.519 5.684 5.848 6.011 6.173 6.334 6.494 6.653 6.811 6.839 6.714 6.594 6.479 6.368 6.263 6.163 6.068 5.978 5.893 5.813 5.738 5.615 5.439 5.266 5.096 4.930 4.766 4.606 4.448 4.294 4.143 3.995 3.850 3.656 3.408 3.157 2.903 2.645 2.384 2.119 1.880 1.693 1.515 1.344 1.181
5.463 5.227 5.521 5.796 6.052 6.289 6.507 6.707 6.887 7.048 7.191 7.315 7.419 7.458 7.331 7.176 6.992 6.780 6.539 6.271 5.973 5.648 5.294 4.912 4.502 4.234 4.398 4.562 4.724 4.886 5.047 5.207 5.365 5.523 5.680 5.836 5.991 6.064 5.956 5.854 5.756 5.663 5.576 5.493 5.416 5.343 5.276 5.213 5.156 5.064 4.899 4.737 4.578 4.422 4.269 4.120 3.973 3.830 3.689 3.552 3.418 3.258 3.044 2.837 2.639 2.448 2.265 2.090 1.923 1.764 1.612 1.468 1.333
6.961 6.481 6.708 6.917 7.106 7.277 7.429 7.562 7.676 7.771 7.848 7.905 7.943 7.941 7.715 7.460 7.177 6.866 6.527 6.159 5.763 5.338 4.886 4.404 3.895 3.450 3.612 3.772 3.932 4.090 4.248 4.405 4.560 4.715 4.869 5.021 5.173 5.284 5.194 5.109 5.029 4.954 4.884 4.819 4.759 4.705 4.655 4.610 4.570 4.511 4.356 4.205 4.057 3.912 3.860 3.847 3.802 3.725 3.616 3.475 3.302 3.103 2.916 2.737 2.565 2.402 2.246 2.098 1.958 1.826 1.702 1.585 1.477
8.501 7.830 7.914 8.056 8.180 8.284 8.370 8.437 8.485 8.514 8.524 8.515 8.487 8.441 8.129 7.775 7.393 6.983 6.544 6.077 5.582 5.059 4.507 3.927 3.319 2.683 2.828 2.985 3.141 3.297 3.451 3.605 3.757 3.909 4.059 4.209 4.358 4.501 4.428 4.361 4.299 4.241 4.189 4.141 4.099 4.062 4.029 4.179 4.402 4.610 4.645 4.648 4.619 4.559 4.466 4.342 4.185 3.997 3.777 3.525 3.241 2.940 2.780 2.628 2.484 2.348 2.220 2.099 1.986 1.881 1.784 1.695 1.613
