DATA/SHG/ECMWF/20170628/EN-43/20170630.en-43.asc
ncols        190
nrows        64
xllcorner    -5100000.000000000000
yllcorner    4130000.000000000000
cellsize     10000.000000000000
NODATA_value  -99999.000
[rows 32 to 63 of 64, columns 0 to 72 of 190]
22.156 20.303 19.276 18.274 17.204 16.065 14.857 13.580 12.235 10.821 9.338 7.787 6.167 4.478 4.310 4.216 4.109 3.989 3.855 3.708 3.547 3.373 3.186 2.985 2.772 2.544 2.652 2.772 2.898 3.031 3.171 3.317 3.469 3.629 3.794 3.966 4.145 4.326 4.309 4.287 4.258 4.225 4.185 4.141 4.090 4.035 3.973 4.017 4.068 4.069 4.026 3.961 3.875 3.766 3.636 3.484 3.311 3.115 2.898 2.659 2.399 2.134 2.033 1.936 1.843 1.756 1.672 1.593 1.518 1.448 1.382 1.321 1.264
26.692 24.196 22.666 21.423 20.111 18.731 17.282 15.764 14.178 12.523 10.800 9.007 7.146 5.217 4.714 4.574 4.420 4.253 4.072 3.878 3.671 3.450 3.217 2.970 2.709 2.435 2.504 2.647 2.796 2.952 3.114 3.283 3.458 3.640 3.829 4.024 4.225 4.433 4.427 4.385 4.592 4.816 4.990 5.115 5.191 5.218 5.195 5.124 5.003 4.832 4.706 4.565 4.403 4.219 4.013 3.785 3.536 3.264 2.971 2.657 2.320 1.962 1.864 1.782 1.705 1.633 1.565 1.501 1.442 1.387 1.336 1.290 1.249
31.425 28.286 26.127 24.643 23.091 21.469 19.779 18.021 16.194 14.298 12.334 10.301 8.199 6.029 5.132 4.945 4.744 4.530 4.303 4.063 3.809 3.542 3.262 2.968 2.661 2.340 2.349 2.515 2.687 2.865 3.051 3.242 3.441 4.033 4.647 5.247 5.833 6.406 6.698 6.848 6.949 7.001 7.004 6.957 6.861 6.716 6.522 6.278 5.985 5.643 5.407 5.190 4.952 4.692 4.410 4.107 3.781 3.434 3.066 2.675 2.263 1.829 1.691 1.625 1.563 1.506 1.453 1.405 1.361 1.321 1.286 1.256 1.229
36.355 32.573 29.660 27.935 26.141 24.279 22.349 20.349 18.282 16.145 13.941 11.667 9.325 6.915 5.563 5.330 5.082 4.822 4.548 4.261 3.961 3.647 3.320 2.980 2.627 2.280 2.701 3.362 4.010 4.643 5.264 5.870 6.463 7.043 7.608 8.161 8.699 9.224 9.446 9.424 9.353 9.233 9.064 8.846 8.578 8.261 7.895 7.480 7.016 6.502 6.128 5.836 5.522 5.186 4.829 4.449 4.048 3.625 3.181 2.715 2.227 1.717 1.514 1.464 1.417 1.375 1.338 1.305 1.276 1.252 1.232 1.217 1.206
41.481 37.058 33.263 31.298 29.264 27.161 24.990 22.750 20.442 18.065 15.620 13.106 10.524 7.874 6.009 5.728 5.434 5.127 4.848 4.793 4.793 4.848 4.958 5.122 5.342 5.616 6.055 6.668 7.268 7.854 8.426 8.985 9.530 10.062 10.580 11.084 11.575 12.052 12.240 12.047 11.804 11.512 11.171 10.781 10.342 9.854 9.316 8.730 8.094 7.409 6.871 6.503 6.113 5.701 5.268 4.813 4.336 3.838 3.318 2.776 2.212 1.627 1.334 1.298 1.267 1.241 1.219 1.201 1.187 1.179 1.174 1.174 1.178
46.804 41.739 36.938 34.732 32.457 30.114 27.703 25.223 22.674 20.057 17.372 14.580 11.731 8.970 6.790 6.707 6.679 6.705 6.787 6.923 7.114 7.360 7.660 8.015 8.425 8.890 9.418 9.984 10.535 11.074 11.598 12.109 12.607 13.091 13.561 14.018 14.461 14.891 15.081 14.716 14.302 13.838 13.326 12.764 12.154 11.494 10.785 10.027 9.220 8.363 7.634 7.190 6.724 6.237 5.728 5.197 4.645 4.071 3.475 2.858 2.219 1.558 1.149 1.129 1.113 1.102 1.095 1.093 1.095 1.101 1.112 1.127 1.147
52.322 46.616 40.728 38.237 35.422 32.263 29.192 26.209 23.315 20.508 17.790 15.159 12.617 10.163 7.905 8.013 8.176 8.393 8.665 8.992 9.374 9.810 10.301 10.847 11.447 12.103 12.791 13.309 13.813 14.304 14.780 15.244 15.694 16.130 16.553 16.962 17.357 17.739 17.968 17.432 16.846 16.211 15.527 14.794 14.012 13.181 12.301 11.372 10.393 9.366 8.417 7.898 7.356 6.794 6.209 5.603 4.975 4.325 3.654 2.961 2.246 1.510 0.960 0.955 0.955 0.959 0.967 0.980 0.998 1.019 1.207 1.496 1.772
53.615 46.864 40.292 36.699 33.759 30.907 28.143 25.467 22.879 20.379 17.968 15.644 13.408 11.260 9.201 9.259 9.612 10.020 10.483 11.000 11.572 12.199 12.881 13.617 14.408 15.254 16.154 16.644 17.100 17.543 17.973 18.388 18.790 19.179 19.554 19.916 20.263 20.598 20.902 20.194 19.437 18.631 17.776 16.871 15.918 14.916 13.864 12.764 11.615 10.416 9.222 8.626 8.010 7.371 6.711 6.029 5.326 4.600 3.854 3.085 2.295 1.483 0.767 1.000 1.333 1.653 1.960 2.255 2.538 2.808 3.065 3.311 3.544
50.408 44.284 38.341 34.636 32.003 29.457 27.000 24.631 22.350 20.156 18.051 16.034 14.104 12.263 10.509 10.444 10.988 11.587 12.240 12.948 13.710 14.528 15.399 16.326 17.307 18.343 19.434 19.989 20.398 20.793 21.174 21.543 21.897 22.238 22.565 22.879 23.180 23.467 23.740 23.003 22.075 21.097 20.071 18.996 17.871 16.698 15.475 14.204 12.883 11.514 10.095 9.376 8.683 7.969 7.234 6.476 5.751 5.101 4.518 4.004 3.558 3.180 2.870 3.172 3.461 3.737 4.001 4.253 4.492 4.719 4.933 5.135 5.324
47.007 41.512 36.196 32.480 30.153 27.914 25.764 23.701 21.726 19.839 18.040 16.329 14.705 13.170 11.722 11.570 12.304 13.093 13.937 14.835 15.788 16.795 17.857 18.974 20.145 21.371 22.652 23.344 23.705 24.052 24.386 24.707 25.014 25.307 25.587 25.853 26.106 26.345 26.571 25.859 24.759 23.611 22.413 21.167 19.871 18.527 17.134 15.691 14.200 12.452 10.696 9.695 8.941 8.254 7.636 7.085 6.603 6.188 5.841 5.563 5.352 5.209 5.135 5.352 5.598 5.831 6.051 6.260 6.455 6.639 6.810 6.968 7.114
43.415 38.546 33.857 30.231 28.211 26.278 24.434 22.677 21.008 19.427 17.934 16.529 15.211 13.982 12.840 12.635 13.560 14.539 15.573 16.661 17.804 19.002 20.254 21.561 22.922 24.338 25.808 26.708 27.022 27.321 27.608 27.881 28.140 28.386 28.618 28.837 29.043 29.234 29.413 28.760 27.490 26.170 24.277 22.380 20.523 18.706 16.929 15.193 13.496 11.840 10.223 9.301 8.782 8.331 7.948 7.634 7.387 7.208 7.097 7.053 7.078 7.171 7.332 7.542 7.744 7.934 8.111 8.276 8.428 8.569 8.696 8.811 8.914
39.630 35.388 31.326 27.889 26.175 24.549 23.010 21.560 20.197 18.922 17.734 16.635 15.623 14.699 13.863 13.641 14.756 15.925 17.149 18.427 19.760 21.148 22.590 24.086 25.638 27.243 28.903 30.082 30.348 30.601 30.840 31.065 31.277 31.475 31.644 31.119 30.565 29.981 29.367 28.168 26.290 24.452 22.654 20.896 19.178 17.500 15.862 14.264 12.706 11.189 9.711 8.839 8.556 8.341 8.194 8.115 8.103 8.160 8.284 8.476 8.736 9.064 9.460 9.741 9.900 10.046 10.180 10.302 10.411 10.508 10.592 10.664 10.723
35.653 32.037 28.601 25.455 24.047 22.726 21.493 20.348 19.291 18.322 17.440 16.646 15.940 15.321 14.790 14.587 15.891 17.251 18.665 20.133 21.656 23.233 24.865 26.551 28.292 30.087 31.937 33.389 32.968 32.517 32.038 31.528 30.989 30.421 29.823 29.196 28.540 27.853 27.138 26.090 24.351 22.652 20.993 19.373 17.794 16.255 14.756 13.297 11.878 10.499 9.160 8.312 8.264 8.285 8.373 8.529 8.753 9.044 9.404 9.831 10.327 10.890 11.521 11.949 12.065 12.168 12.258 12.337 12.402 12.456 12.497 12.526 12.542
31.483 28.493 25.683 23.052 21.825 20.810 19.883 19.044 18.292 17.628 17.052 16.563 16.162 15.848 15.623 15.485 16.967 18.516 20.120 21.778 23.437 24.900 26.304 27.648 28.934 30.160 31.327 32.317 31.794 31.241 30.659 30.047 29.406 28.736 28.036 27.306 26.547 25.759 24.941 23.975 22.374 20.814 19.294 17.813 16.373 14.973 13.612 12.292 11.012 9.771 8.571 7.718 7.905 8.161 8.485 8.876 9.335 9.862 10.456 11.119 11.849 12.647 13.513 14.167 14.239 14.299 14.346 14.381 14.404 14.414 14.412 14.397 14.370
27.122 24.758 22.573 20.567 19.511 18.802 18.180 17.646 17.199 16.840 16.569 16.386 16.289 16.327 16.489 16.656 17.987 19.481 20.915 22.291 23.608 24.865 26.064 27.203 28.283 29.305 30.267 31.170 30.652 29.997 29.313 28.599 27.856 27.083 26.281 25.449 24.588 23.697 22.778 21.822 20.360 18.938 17.557 16.215 14.913 13.652 12.430 11.248 10.106 9.005 7.943 7.057 7.480 7.971 8.529 9.156 9.850 10.612 11.441 12.339 13.304 14.337 15.437 16.393 16.422 16.439 16.443 16.435 16.414 16.381 16.336 16.278 16.208
22.570 20.830 19.270 17.889 17.104 16.700 16.577 16.720 16.869 17.022 17.181 17.345 17.515 17.690 17.870 18.056 19.040 20.328 21.558 22.729 23.840 24.893 25.886 26.821 27.696 28.512 29.270 29.968 29.543 28.786 27.999 27.183 26.337 25.463 24.558 23.624 22.661 21.669 20.647 19.595 18.308 17.025 15.782 14.579 13.416 12.293 11.209 10.166 9.163 8.200 7.276 6.393 6.988 7.714 8.508 9.369 10.298 11.295 12.359 13.491 14.691 15.958 17.294 18.629 18.615 18.588 18.549 18.498 18.434 18.358 18.269 18.168 18.041
19.047 18.537 18.070 17.647 17.497 17.648 17.804 17.965 18.132 18.304 18.481 18.664 18.852 19.045 19.244 19.448 20.154 21.237 22.262 23.228 24.134 24.982 25.771 26.500 27.171 27.782 28.335 28.829 28.466 27.606 26.718 25.799 24.852 23.875 22.868 21.832 20.767 19.673 18.549 17.395 16.218 15.074 13.969 12.905 11.880 10.896 9.951 9.046 8.181 7.356 6.571 5.826 6.430 7.391 8.419 9.515 10.679 11.910 13.209 14.576 16.010 17.512 19.082 20.719 20.816 20.697 20.064 19.455 18.869 18.306 17.767 17.250 16.757
19.749 19.389 19.072 18.798 18.680 18.849 19.023 19.203 19.388 19.578 19.774 19.975 20.181 20.393 20.610 20.832 21.329 22.208 23.028 23.788 24.490 25.133 25.717 26.242 26.708 27.115 27.463 27.752 27.421 26.459 25.468 24.448 23.398 22.319 21.211 20.073 18.906 17.709 16.483 15.228 14.091 13.085 12.119 11.193 10.307 9.460 8.654 7.887 7.161 6.474 5.827 5.220 5.806 7.001 8.264 9.595 10.993 12.459 13.950 15.192 16.383 17.521 18.606 19.639 19.404 18.829 18.277 17.748 17.243 16.761 16.302 15.866 15.453
20.403 20.193 20.026 19.901 19.855 20.042 20.235 20.433 20.637 20.845 21.059 21.278 21.503 21.733 21.968 22.209 22.566 23.240 23.855 24.411 24.908 25.346 25.726 26.046 26.307 26.510 26.654 26.738 26.408 25.344 24.251 23.129 21.977 20.796 19.586 18.346 17.077 15.779 14.451 13.094 11.926 11.058 10.231 9.443 8.695 7.987 7.319 6.691 6.102 5.554 5.045 4.600 5.210 6.585 7.909 9.180 10.399 11.566 12.680 13.742 14.752 15.709 16.614 17.467 17.436 16.941 16.470 16.021 15.596 15.195 14.816 14.461 14.129
21.009 20.948 20.931 20.956 21.024 21.229 21.440 21.656 21.878 22.105 22.337 22.575 22.818 23.066 23.319 23.578 23.864 24.333 24.743 25.095 25.387 25.621 25.796 25.912 25.969 25.967 25.907 25.787 25.426 24.261 23.066 21.842 20.588 19.306 17.993 16.652 15.281 13.881 12.451 10.992 9.724 8.994 8.305 7.655 7.101 6.717 6.348 5.996 5.660 5.340 5.037 4.749 5.075 6.270 7.413 8.504 9.542 10.528 11.462 12.344 13.173 13.950 14.675 15.347 15.447 15.033 14.642 14.275 13.930 13.609 13.311 13.036 12.785
21.567 21.655 21.787 21.962 22.180 22.408 22.637 22.872 23.112 23.357 23.608 23.864 24.125 24.391 24.663 24.940 25.223 25.487 25.693 25.840 25.928 25.958 25.928 25.840 25.693 25.487 25.222 24.899 24.477 23.210 21.913 20.587 19.232 17.847 16.433 14.990 13.517 12.120 10.865 9.546 8.317 7.924 7.546 7.185 6.841 6.512 6.200 5.904 5.624 5.361 5.113 4.882 4.992 6.007 6.969 7.879 8.737 9.543 10.297 10.998 11.647 12.244 12.788 13.280 13.439 13.105 12.795 12.508 12.244 12.003 11.786 11.591 11.420
22.076 22.314 22.596 22.920 23.287 23.579 23.827 24.080 24.338 24.602 24.871 25.145 25.425 25.709 26.000 26.295 26.596 26.703 26.704 26.647 26.531 26.356 26.123 25.830 25.479 25.069 24.600 24.072 23.486 22.191 20.973 19.942 18.847 17.689 16.467 15.182 13.834 12.422 10.946 9.407 7.815 7.478 7.157 6.852 6.564 6.292 6.035 5.796 5.572 5.365 5.174 4.999 4.961 5.795 6.577 7.307 7.984 8.610 9.183 9.704 10.173 10.590 10.954 11.266 11.410 11.157 10.927 10.721 10.537 10.377 10.240 10.126 10.035
22.538 22.925 23.356 23.829 24.346 24.744 25.010 25.281 25.558 25.839 26.127 26.419 26.717 27.020 27.329 27.642 27.961 27.979 27.777 27.515 27.195 26.816 26.379 25.924 25.559 25.275 25.074 24.955 24.918 24.070 22.882 21.630 20.315 18.937 17.495 15.989 14.420 12.788 11.092 9.332 7.510 7.017 6.752 6.504 6.271 6.055 5.855 5.672 5.504 5.353 5.218 5.099 4.997 5.634 6.236 6.786 7.283 7.728 8.122 8.462 8.751 8.988 9.172 9.304 9.362 9.190 9.040 8.914 8.811 8.731 8.674 8.640 8.630
22.951 23.488 24.068 24.691 25.356 25.901 26.185 26.475 26.770 27.070 27.375 27.686 28.002 28.324 28.650 28.982 29.101 28.758 28.184 27.692 27.282 26.955 26.709 26.546 26.465 26.467 26.551 26.717 26.965 26.264 24.855 23.383 21.848 20.249 18.586 16.860 15.071 13.218 11.302 9.323 7.280 6.540 6.331 6.139 5.963 5.803 5.659 5.531 5.420 5.325 5.246 5.184 5.137 5.525 5.947 6.316 6.634 6.899 7.112 7.273 7.382 7.438 7.443 7.395 7.295 7.202 7.133 7.087 7.064 7.064 7.088 7.135 7.205
23.317 24.003 24.732 25.503 26.318 27.051 27.353 27.661 27.974 28.209 28.353 28.434 28.452 28.406 28.297 28.125 27.890 27.583 27.294 27.087 26.962 26.919 26.959 27.081 27.285 27.571 27.940 28.390 28.923 28.521 26.892 25.200 23.444 21.625 19.742 17.796 15.787 13.714 11.578 9.378 7.116 6.047 5.894 5.758 5.638 5.534 5.447 5.375 5.320 5.281 5.258 5.252 5.262 5.467 5.709 5.898 6.036 6.121 6.154 6.135 6.064 5.941 5.766 5.538 5.259 5.195 5.206 5.240 5.298 5.378 5.482 5.609 5.759
23.634 24.469 25.406 26.371 27.342 28.270 28.448 28.562 28.613 28.601 28.526 28.387 28.186 27.921 27.593 27.202 26.747 26.321 26.317 26.395 26.555 26.798 27.122 27.529 28.017 28.588 29.241 29.976 30.794 30.842 28.993 27.080 25.104 23.065 20.962 18.796 16.567 14.274 11.918 9.499 7.016 5.538 5.442 5.362 5.298 5.250 5.219 5.203 5.204 5.221 5.254 5.304 5.370 5.461 5.523 5.532 5.490 5.395 5.248 5.050 4.799 4.496 4.141 3.734 3.275 3.167 3.259 3.373 3.511 3.865 4.266 4.644 4.997
24.578 25.552 26.533 27.521 28.515 29.515 29.565 29.460 29.292 29.061 28.767 28.409 27.988 27.504 26.957 26.347 25.674 24.974 25.255 25.617 26.062 26.589 27.198 27.889 28.662 29.518 30.455 31.475 32.576 33.226 31.157 29.024 26.828 24.569 22.246 19.860 17.411 14.899 12.323 9.684 6.981 5.014 4.974 4.949 4.942 4.950 4.974 5.015 5.072 5.145 5.234 5.340 5.462 5.506 5.388 5.217 4.995 4.721 4.394 4.016 3.585 3.103 2.790 2.548 2.325 2.467 2.881 3.272 3.638 3.980 4.299 4.593 4.864
25.650 26.647 27.651 28.662 29.679 30.702 30.750 30.426 30.039 29.589 29.075 28.499 27.859 27.156 26.390 25.561 24.669 23.713 24.106 24.753 25.483 26.294 27.188 28.163 29.220 30.360 31.582 32.885 34.271 35.673 33.384 31.032 28.616 26.137 23.594 20.989 18.320 15.588 12.792 9.934 7.012 4.474 4.489 4.521 4.569 4.634 4.714 4.811 4.924 5.053 5.198 5.360 5.537 5.602 5.304 4.977 4.668 4.377 4.106 3.854 3.620 3.406 3.210 3.034 2.877 2.935 3.267 3.575 3.859 4.118 4.354 4.566 4.754
26.713 27.734 28.760 29.794 30.834 31.881 32.003 31.459 30.853 30.184 29.452 28.656 27.798 26.876 25.891 24.843 23.733 22.559 22.872 23.803 24.817 25.913 27.090 28.350 29.692 31.115 32.621 34.209 35.878 37.630 35.675 33.103 30.467 27.769 25.007 22.181 19.293 16.341 13.326 10.248 7.107 3.918 3.989 4.077 4.182 4.302 4.438 4.591 4.786 4.969 5.134 5.281 5.410 5.466 5.184 4.921 4.677 4.453 4.247 4.060 3.892 3.743 3.613 3.501 3.409 3.426 3.675 3.900 4.102 4.279 4.432 4.561 4.666
27.768 28.811 29.861 30.917 31.980 33.050 33.322 32.560 31.735 30.847 29.896 28.882 27.805 26.664 25.461 24.195 22.865 21.473 21.551 22.767 24.065 25.445 26.907 28.450 30.076 31.783 33.573 35.444 37.398 39.433 38.030 35.238 32.383 29.465 26.483 23.438 20.330 17.159 13.925 10.627 7.267 3.972 3.732 3.960 4.171 4.363 4.538 4.695 4.834 4.955 5.058 5.144 5.211 5.261 5.045 4.847 4.669 4.509 4.369 4.247 4.144 4.061 3.996 3.950 3.923 3.940 4.106 4.249 4.367 4.462 4.532 4.579 4.601
28.814 29.880 30.953 32.032 33.118 34.210 34.709 33.728 32.685 31.578 30.408 29.175 27.880 26.521 25.099 23.614 22.066 20.455 20.145 21.645 23.227 24.891 26.636 28.464 30.373 32.365 34.438 36.593 38.830 41.149 40.448 37.437 34.362 31.224 27.690 24.219 20.818 17.489 14.231 11.044 7.928 4.883 4.168 4.334 4.483 4.614 4.727 4.822 4.900 4.959 5.001 5.025 5.031 5.019 4.887 4.755 4.642 4.547 4.472 4.416 4.378 4.360 4.360 4.380 4.418 4.476 4.559 4.619 4.655 4.667 4.655 4.619 4.559
29.851 30.940 32.035 33.138 34.247 35.362 36.163 34.964 33.702 32.376 30.988 29.537 28.023 26.445 24.805 23.102 21.336 19.507 18.653 20.437 22.303 24.250 26.280 28.391 30.584 32.859 35.202 37.177 39.089 40.938 40.434 36.923 33.483 30.114 26.817 23.590 20.434 17.350 14.336 11.394 8.523 5.723 4.621 4.726 4.813 4.882 4.934 4.967 4.983 4.981 4.961 4.923 4.868 4.794 4.711 4.644 4.596 4.567 4.557 4.566 4.594 4.641 4.706 4.791 4.895 5.017 5.035 5.012 4.966 4.895 4.800 4.682 4.540
