DATA/SHG/ECMWF/20170628/EN-43/20170706.en-43.asc
ncols        190
nrows        64
xllcorner    -5100000.000000000000
yllcorner    4130000.000000000000
cellsize     10000.000000000000
NODATA_value  -99999.000
[rows 0 to 32 of 64, columns 0 to 73 of 190]
0.001 0.001 0.001 0.001 0.001 0.001 0.001 0.001 0.001 0.002 0.003 0.003 0.003 0.003 0.003 0.003 0.002 0.001 0.000 0.000 0.000 0.001 0.002 0.003 0.006 0.009 0.012 0.016 0.020 0.025 0.031 0.037 0.043 0.057 0.075 0.092 0.108 0.123 0.138 0.152 0.165 0.178 0.190 0.201 0.211 0.300 0.462 0.626 0.795 0.966 1.141 1.320 1.501 1.687 1.875 2.067 2.263 2.446 2.612 2.776 2.940 3.103 3.265 3.426 3.586 3.746 3.905 4.063 4.220 4.398 4.613 4.827 5.041 5.254
0.000 0.000 0.001 0.001 0.001 0.001 0.000 0.000 0.000 0.000 0.000 0.000 0.000 0.000 0.000 0.000 0.000 0.000 0.000 0.000 0.000 0.001 0.005 0.008 0.012 0.017 0.022 0.028 0.035 0.041 0.049 0.057 0.065 0.077 0.092 0.107 0.120 0.133 0.145 0.157 0.168 0.178 0.187 0.195 0.203 0.275 0.448 0.625 0.805 0.989 1.176 1.366 1.560 1.757 1.958 2.162 2.370 2.565 2.727 2.889 3.050 3.210 3.369 3.527 3.685 3.841 3.997 4.152 4.307 4.475 4.689 4.902 5.115 5.327
0.000 0.000 0.000 0.000 0.000 0.000 0.000 0.000 0.000 0.000 0.000 0.000 0.000 0.000 0.000 0.000 0.000 0.000 0.000 0.000 0.000 0.002 0.007 0.012 0.018 0.025 0.032 0.040 0.048 0.057 0.066 0.076 0.087 0.098 0.111 0.122 0.134 0.144 0.154 0.162 0.171 0.178 0.185 0.191 0.196 0.246 0.431 0.620 0.813 1.008 1.207 1.410 1.615 1.825 2.037 2.253 2.473 2.684 2.843 3.002 3.160 3.317 3.474 3.629 3.784 3.938 4.091 4.243 4.436 4.647 4.884 5.105 5.308 5.495
0.000 0.000 0.000 0.000 0.000 0.000 0.000 0.000 0.000 0.000 0.000 0.000 0.000 0.000 0.000 0.000 0.000 0.000 0.000 0.000 0.000 0.002 0.009 0.016 0.024 0.033 0.042 0.051 0.061 0.072 0.083 0.095 0.107 0.120 0.130 0.139 0.147 0.155 0.162 0.169 0.174 0.179 0.184 0.187 0.190 0.214 0.411 0.612 0.816 1.024 1.235 1.449 1.667 1.888 2.113 2.341 2.572 2.803 2.960 3.116 3.271 3.429 3.597 3.777 3.968 4.169 4.382 4.605 4.840 5.085 5.264 5.425 5.569 5.695
0.000 0.000 0.000 0.000 0.000 0.000 0.000 0.000 0.000 0.000 0.000 0.000 0.000 0.000 0.000 0.000 0.000 0.000 0.000 0.000 0.000 0.001 0.010 0.019 0.029 0.039 0.050 0.062 0.074 0.086 0.100 0.113 0.127 0.142 0.149 0.156 0.162 0.167 0.172 0.176 0.179 0.181 0.183 0.184 0.184 0.184 0.388 0.600 0.817 1.036 1.259 1.486 1.715 1.946 2.167 2.388 2.609 2.828 2.997 3.171 3.357 3.553 3.760 3.978 4.207 4.447 4.698 4.960 5.233 5.516 5.659 5.760 5.845 5.912
0.000 0.000 0.000 0.000 0.000 0.000 0.000 0.000 0.000 0.000 0.000 0.000 0.000 0.000 0.000 0.000 0.000 0.000 0.000 0.000 0.000 0.000 0.010 0.021 0.033 0.046 0.058 0.072 0.086 0.100 0.115 0.131 0.147 0.164 0.170 0.174 0.177 0.180 0.182 0.184 0.184 0.184 0.183 0.182 0.179 0.177 0.362 0.586 0.809 1.032 1.254 1.476 1.697 1.917 2.136 2.354 2.572 2.789 2.995 3.208 3.432 3.666 3.912 4.168 4.436 4.714 5.003 5.303 5.614 5.936 6.070 6.111 6.136 6.144
0.000 0.000 0.000 0.000 0.000 0.000 0.000 0.000 0.000 0.000 0.000 0.000 0.000 0.000 0.000 0.000 0.000 0.000 0.000 0.000 0.000 0.000 0.010 0.023 0.037 0.051 0.066 0.081 0.097 0.114 0.130 0.148 0.166 0.184 0.191 0.193 0.194 0.194 0.193 0.193 0.194 0.194 0.195 0.195 0.196 0.196 0.350 0.572 0.793 1.014 1.233 1.452 1.671 1.888 2.105 2.321 2.536 2.751 2.983 3.234 3.496 3.769 4.053 4.348 4.653 4.970 5.297 5.636 5.985 6.345 6.496 6.478 6.443 6.392
0.000 0.000 0.000 0.000 0.000 0.000 0.000 0.000 0.000 0.000 0.000 0.000 0.000 0.000 0.000 0.000 0.000 0.000 0.000 0.000 0.000 0.000 0.010 0.025 0.040 0.056 0.073 0.090 0.108 0.126 0.145 0.164 0.184 0.205 0.213 0.214 0.215 0.215 0.216 0.216 0.216 0.217 0.217 0.217 0.218 0.218 0.340 0.559 0.778 0.996 1.213 1.429 1.645 1.860 2.075 2.288 2.501 2.713 2.960 3.250 3.550 3.861 4.183 4.516 4.860 5.215 5.581 5.957 6.345 6.743 6.937 6.860 6.766 6.655
0.000 0.000 0.000 0.000 0.000 0.000 0.000 0.000 0.000 0.000 0.000 0.000 0.000 0.000 0.000 0.000 0.000 0.000 0.000 0.000 0.000 0.000 0.008 0.025 0.043 0.062 0.081 0.101 0.121 0.141 0.162 0.182 0.204 0.225 0.237 0.237 0.238 0.238 0.238 0.239 0.239 0.239 0.240 0.240 0.240 0.240 0.330 0.547 0.763 0.978 1.193 1.407 1.621 1.833 2.045 2.256 2.467 2.677 2.926 3.254 3.593 3.942 4.303 4.674 5.056 5.449 5.853 6.268 6.694 7.130 7.394 7.257 7.104 6.934
0.000 0.000 0.000 0.000 0.000 0.000 0.000 0.000 0.000 0.000 0.000 0.000 0.000 0.000 0.000 0.000 0.000 0.000 0.001 0.002 0.004 0.006 0.014 0.033 0.053 0.073 0.094 0.114 0.135 0.157 0.178 0.200 0.222 0.245 0.260 0.261 0.261 0.261 0.261 0.262 0.262 0.262 0.262 0.262 0.262 0.262 0.321 0.535 0.749 0.962 1.174 1.386 1.597 1.807 2.016 2.225 2.433 2.640 2.882 3.248 3.625 4.013 4.411 4.821 5.241 5.672 6.114 6.567 7.031 7.506 7.866 7.670 7.458 7.228
0.000 0.000 0.000 0.000 0.000 0.000 0.000 0.000 0.000 0.000 0.000 0.000 0.001 0.001 0.002 0.003 0.005 0.006 0.008 0.010 0.013 0.015 0.022 0.042 0.063 0.084 0.106 0.127 0.150 0.172 0.195 0.217 0.241 0.264 0.284 0.284 0.284 0.284 0.284 0.284 0.284 0.284 0.284 0.284 0.284 0.284 0.312 0.524 0.735 0.946 1.156 1.365 1.573 1.781 1.988 2.194 2.400 2.605 2.827 3.231 3.646 4.072 4.509 4.957 5.415 5.885 6.365 6.856 7.358 7.871 8.354 8.099 7.827 7.538
0.000 0.000 0.000 0.000 0.000 0.000 0.000 0.000 0.000 0.000 0.000 0.001 0.002 0.004 0.006 0.008 0.010 0.012 0.015 0.018 0.021 0.024 0.029 0.051 0.073 0.095 0.118 0.140 0.163 0.187 0.210 0.234 0.259 0.283 0.307 0.307 0.307 0.307 0.307 0.307 0.307 0.307 0.307 0.306 0.306 0.306 0.305 0.514 0.722 0.931 1.138 1.345 1.551 1.756 1.961 2.165 2.368 2.570 2.772 3.204 3.657 4.121 4.596 5.082 5.579 6.086 6.605 7.099 7.555 7.994 8.414 8.099 7.722 7.346
0.000 0.000 0.000 0.000 0.000 0.000 0.000 0.000 0.000 0.000 0.000 0.002 0.004 0.006 0.009 0.012 0.015 0.018 0.021 0.025 0.029 0.033 0.038 0.059 0.082 0.105 0.129 0.153 0.177 0.201 0.226 0.251 0.276 0.302 0.328 0.331 0.331 0.331 0.330 0.330 0.330 0.329 0.329 0.329 0.328 0.328 0.327 0.504 0.710 0.916 1.121 1.325 1.529 1.732 1.934 2.135 2.336 2.536 2.735 3.166 3.687 4.206 4.708 5.191 5.657 6.104 6.534 6.946 7.339 7.715 8.073 7.853 7.481 7.111
0.000 0.000 0.000 0.000 0.000 0.000 0.000 0.000 0.000 0.000 0.000 0.002 0.005 0.008 0.012 0.015 0.019 0.023 0.028 0.032 0.037 0.042 0.048 0.067 0.091 0.115 0.140 0.165 0.190 0.216 0.241 0.268 0.294 0.321 0.348 0.354 0.354 0.354 0.353 0.353 0.352 0.352 0.351 0.351 0.350 0.350 0.349 0.495 0.699 0.902 1.105 1.307 1.508 1.753 2.011 2.274 2.542 2.814 3.091 3.515 3.989 4.446 4.885 5.305 5.708 6.093 6.460 6.809 7.141 7.454 7.749 7.606 7.239 6.874
0.000 0.000 0.000 0.000 0.000 0.000 0.000 0.000 0.000 0.000 0.000 0.002 0.006 0.010 0.014 0.019 0.024 0.029 0.034 0.039 0.045 0.051 0.057 0.075 0.100 0.125 0.151 0.177 0.203 0.230 0.256 0.284 0.311 0.339 0.367 0.378 0.377 0.377 0.376 0.376 0.375 0.375 0.374 0.373 0.372 0.372 0.406 0.560 0.806 1.058 1.313 1.574 1.839 2.109 2.384 2.663 2.947 3.235 3.529 3.896 4.308 4.702 5.078 5.437 5.777 6.099 6.404 6.690 6.959 7.210 7.443 7.358 6.997 6.636
0.000 0.000 0.000 0.000 0.000 0.000 0.000 0.000 0.000 0.000 0.000 0.002 0.007 0.012 0.017 0.022 0.028 0.033 0.039 0.046 0.052 0.059 0.066 0.082 0.108 0.135 0.161 0.188 0.216 0.243 0.271 0.299 0.328 0.356 0.385 0.401 0.401 0.400 0.405 0.441 0.476 0.512 0.546 0.581 0.615 0.648 0.681 0.812 1.075 1.343 1.615 1.892 2.173 2.460 2.751 3.046 3.347 3.652 3.961 4.295 4.644 4.976 5.289 5.585 5.863 6.122 6.364 6.588 6.795 6.983 7.153 7.110 6.753 6.398
0.000 0.000 0.000 0.000 0.000 0.000 0.000 0.000 0.000 0.000 0.000 0.002 0.007 0.013 0.019 0.025 0.031 0.038 0.045 0.052 0.059 0.067 0.075 0.089 0.116 0.144 0.171 0.199 0.228 0.256 0.285 0.323 0.384 0.450 0.522 0.587 0.622 0.658 0.693 0.727 0.761 0.795 0.828 0.861 0.893 0.925 0.956 1.059 1.338 1.622 1.911 2.204 2.502 2.805 3.112 3.424 3.741 4.063 4.389 4.710 4.997 5.266 5.517 5.750 5.965 6.163 6.342 6.504 6.647 6.773 6.881 6.860 6.508 6.158
0.000 0.000 0.000 0.000 0.000 0.000 0.000 0.000 0.000 0.000 0.000 0.001 0.008 0.014 0.021 0.028 0.035 0.042 0.050 0.058 0.066 0.075 0.083 0.096 0.128 0.168 0.215 0.267 0.325 0.389 0.458 0.533 0.614 0.701 0.793 0.880 0.914 0.948 0.981 1.014 1.046 1.078 1.110 1.141 1.171 1.201 1.231 1.301 1.597 1.897 2.202 2.512 2.826 3.145 3.469 3.797 4.131 4.468 4.811 5.142 5.366 5.573 5.761 5.932 6.085 6.220 6.337 6.436 6.517 6.581 6.627 6.609 6.263 5.917
0.000 0.000 0.000 0.000 0.000 0.000 0.000 0.000 0.000 0.000 0.000 0.000 0.007 0.015 0.022 0.030 0.038 0.048 0.060 0.073 0.087 0.102 0.117 0.136 0.191 0.252 0.318 0.391 0.469 0.552 0.642 0.737 0.838 0.945 1.057 1.173 1.205 1.237 1.269 1.300 1.331 1.361 1.391 1.421 1.450 1.478 1.506 1.538 1.850 2.167 2.488 2.814 3.145 3.480 3.820 4.165 4.515 4.869 5.228 5.591 5.752 5.896 6.023 6.131 6.221 6.294 6.349 6.386 6.405 6.406 6.389 6.355 6.016 5.676
0.000 0.000 0.000 0.000 0.000 0.000 0.000 0.000 0.000 0.000 0.001 0.000 0.009 0.019 0.030 0.043 0.056 0.070 0.086 0.102 0.120 0.138 0.158 0.178 0.248 0.329 0.415 0.508 0.606 0.710 0.819 0.935 1.056 1.182 1.315 1.453 1.497 1.527 1.557 1.587 1.616 1.645 1.673 1.701 1.728 1.755 1.781 1.807 2.098 2.431 2.769 3.111 3.459 3.810 4.167 4.528 4.894 5.264 5.639 6.019 6.155 6.237 6.301 6.347 6.375 6.385 6.377 6.352 6.309 6.248 6.169 6.072 5.768 5.433
0.000 0.000 0.000 0.003 0.005 0.007 0.008 0.008 0.008 0.007 0.005 0.003 0.012 0.026 0.041 0.057 0.074 0.092 0.111 0.131 0.152 0.174 0.197 0.221 0.299 0.400 0.506 0.619 0.737 0.861 0.991 1.126 1.267 1.414 1.567 1.725 1.788 1.817 1.846 1.874 1.901 1.928 1.955 1.981 2.006 2.032 2.056 2.081 2.341 2.691 3.045 3.404 3.767 4.135 4.508 4.885 5.267 5.654 6.046 6.442 6.575 6.594 6.596 6.579 6.545 6.493 6.423 6.327 6.223 6.134 6.059 5.999 5.785 5.513
0.022 0.024 0.025 0.026 0.026 0.025 0.023 0.021 0.019 0.015 0.011 0.006 0.014 0.031 0.050 0.069 0.090 0.111 0.134 0.158 0.182 0.208 0.235 0.262 0.343 0.465 0.591 0.724 0.862 1.006 1.156 1.311 1.472 1.639 1.812 1.990 2.080 2.107 2.134 2.160 2.186 2.212 2.237 2.261 2.285 2.309 2.332 2.354 2.579 2.945 3.315 3.691 4.070 4.455 4.844 5.238 5.636 6.039 6.447 6.859 6.943 6.787 6.646 6.520 6.408 6.311 6.229 6.161 6.108 6.069 6.045 6.036 5.882 5.625
0.052 0.052 0.051 0.049 0.046 0.043 0.039 0.035 0.030 0.024 0.017 0.010 0.015 0.036 0.058 0.081 0.105 0.130 0.156 0.184 0.212 0.241 0.271 0.303 0.382 0.523 0.670 0.823 0.981 1.145 1.315 1.490 1.671 1.858 2.051 2.249 2.372 2.397 2.422 2.447 2.471 2.495 2.518 2.541 2.564 2.586 2.607 2.628 2.812 3.194 3.581 3.972 4.369 4.731 5.054 5.355 5.636 5.895 6.132 6.349 6.405 6.301 6.211 6.136 6.075 6.029 5.998 5.981 5.979 5.991 6.018 6.060 5.976 5.733
0.083 0.080 0.077 0.073 0.068 0.062 0.056 0.049 0.042 0.033 0.024 0.015 0.015 0.039 0.065 0.092 0.119 0.148 0.178 0.208 0.240 0.273 0.307 0.342 0.415 0.576 0.743 0.915 1.094 1.278 1.468 1.663 1.864 2.071 2.284 2.502 2.663 2.687 2.711 2.734 2.757 2.779 2.800 2.822 2.842 2.863 2.888 2.916 3.054 3.408 3.742 4.055 4.346 4.616 4.864 5.092 5.298 5.483 5.647 5.790 5.854 5.801 5.762 5.738 5.728 5.733 5.753 5.787 5.836 5.899 5.977 6.070 6.065 5.837
0.115 0.110 0.104 0.097 0.090 0.082 0.074 0.064 0.054 0.043 0.032 0.020 0.013 0.041 0.071 0.101 0.132 0.165 0.198 0.232 0.268 0.304 0.341 0.380 0.441 0.622 0.809 1.002 1.200 1.404 1.614 1.830 2.051 2.278 2.510 2.749 2.955 2.978 2.999 3.017 3.037 3.060 3.085 3.112 3.142 3.174 3.209 3.246 3.330 3.611 3.870 4.109 4.326 4.522 4.696 4.850 4.982 5.093 5.183 5.252 5.290 5.288 5.300 5.327 5.368 5.424 5.494 5.580 5.679 5.794 5.923 6.066 6.151 5.937
0.148 0.140 0.132 0.123 0.113 0.103 0.092 0.080 0.067 0.054 0.040 0.026 0.011 0.043 0.075 0.109 0.144 0.180 0.217 0.255 0.294 0.334 0.375 0.417 0.462 0.663 0.870 1.082 1.301 1.525 1.755 1.990 2.224 2.464 2.708 2.957 3.205 3.226 3.249 3.275 3.304 3.335 3.368 3.404 3.442 3.483 3.527 3.572 3.627 3.833 4.019 4.183 4.326 4.448 4.549 4.629 4.687 4.724 4.740 4.735 4.712 4.761 4.824 4.902 4.994 5.101 5.222 5.358 5.509 5.674 5.854 6.048 6.232 6.033
0.177 0.171 0.160 0.149 0.137 0.124 0.111 0.096 0.082 0.066 0.050 0.033 0.015 0.043 0.079 0.116 0.155 0.194 0.235 0.276 0.319 0.362 0.407 0.452 0.499 0.693 0.916 1.143 1.375 1.612 1.854 2.101 2.352 2.608 2.869 3.135 3.405 3.464 3.496 3.530 3.568 3.607 3.649 3.694 3.740 3.790 3.842 3.896 3.953 4.077 4.188 4.279 4.348 4.396 4.423 4.429 4.413 4.377 4.319 4.240 4.139 4.221 4.335 4.463 4.607 4.764 4.937 5.124 5.325 5.541 5.772 6.017 6.277 6.125
0.207 0.203 0.190 0.176 0.161 0.146 0.130 0.114 0.096 0.078 0.060 0.040 0.020 0.042 0.082 0.123 0.165 0.228 0.324 0.403 0.465 0.509 0.535 0.544 0.535 0.698 0.938 1.182 1.431 1.685 1.943 2.206 2.474 2.747 3.025 3.307 3.594 3.699 3.740 3.783 3.828 3.876 3.927 3.980 4.036 4.093 4.154 4.217 4.282 4.341 4.379 4.395 4.391 4.365 4.318 4.250 4.160 4.050 3.918 3.765 3.591 3.667 3.832 4.012 4.206 4.414 4.637 4.875 5.127 5.394 5.676 5.972 6.282 6.213
0.236 0.235 0.220 0.203 0.186 0.169 0.150 0.131 0.112 0.091 0.113 0.192 0.285 0.397 0.502 0.590 0.660 0.712 0.747 0.765 0.765 0.747 0.712 0.660 0.590 0.698 0.954 1.215 1.481 1.751 2.027 2.307 2.591 2.881 3.175 3.474 3.778 3.931 3.980 4.032 4.086 4.143 4.202 4.264 4.328 4.394 4.463 4.535 4.609 4.626 4.590 4.532 4.454 4.354 4.234 4.092 3.929 3.744 3.539 3.313 3.065 3.100 3.316 3.546 3.791 4.051 4.325 4.613 4.916 5.234 5.566 5.913 6.274 6.297
0.264 0.268 0.250 0.256 0.287 0.332 0.391 0.463 0.549 0.649 0.763 0.890 1.031 1.145 1.189 1.215 1.224 1.215 1.189 1.145 1.083 1.004 0.908 0.794 0.662 0.693 0.966 1.244 1.526 1.813 2.105 2.402 2.703 3.010 3.321 3.636 3.957 4.160 4.218 4.279 4.341 4.407 4.474 4.544 4.617 4.692 4.770 4.850 4.932 4.931 4.821 4.690 4.538 4.365 4.170 3.955 3.718 3.460 3.181 2.881 2.560 2.520 2.787 3.068 3.363 3.674 3.998 4.337 4.680 5.003 5.316 5.620 5.915 5.947
0.399 0.437 0.489 0.554 0.634 0.727 0.833 0.954 1.088 1.236 1.397 1.573 1.762 1.911 1.894 1.858 1.806 1.735 1.648 1.543 1.420 1.280 1.122 0.946 0.754 0.683 0.973 1.267 1.566 1.870 2.179 2.492 2.810 3.133 3.461 3.793 4.131 4.387 4.453 4.522 4.594 4.667 4.744 4.822 4.904 4.987 5.073 5.162 5.253 5.257 5.074 4.869 4.643 4.396 4.128 3.839 3.528 3.197 2.844 2.470 2.075 1.954 2.311 2.658 2.995 3.323 3.642 3.951 4.250 4.540 4.821 5.092 5.353 5.449
0.588 0.624 0.724 0.837 0.965 1.106 1.260 1.429 1.611 1.807 2.016 2.239 2.476 2.695 2.616 2.520 2.406 2.274 2.125 1.958 1.774 1.573 1.354 1.117 0.863 0.668 0.974 1.285 1.601 1.922 2.247 2.577 2.912 3.252 3.596 3.945 4.299 4.611 4.686 4.763 4.843 4.925 5.010 5.097 5.187 5.279 5.374 5.471 5.571 5.604 5.347 5.068 4.769 4.448 4.099 3.742 3.385 3.028 2.672 2.317 1.962 1.764 2.088 2.402 2.707 3.002 3.287 3.563 3.830 4.087 4.335 4.573 4.802 4.938
0.778 0.806 0.943 1.105 1.280 1.469 1.672 1.888 2.118 2.362 2.619 2.890 3.175 3.474 3.357 3.199 3.023 2.830 2.620 2.392 2.147 1.884 1.604 1.306 0.991 0.658 0.971 1.298 1.631 1.968 2.310 2.657 3.009 3.365 3.726 4.092 4.462 4.832 4.915 5.001 5.090 5.180 5.274 5.370 5.468 5.569 5.672 5.730 5.771 5.790 5.432 5.074 4.717 4.360 4.004 3.648 3.293 2.938 2.583 2.230 1.876 1.584 1.874 2.156 2.427 2.690 2.942 3.186 3.419 3.644 3.858 4.064 4.259 4.416
