DATA/SHG/ECMWF/20170628/EN-43/20170705.en-43.asc
ncols        190
nrows        64
xllcorner    -5100000.000000000000
yllcorner    4130000.000000000000
cellsize     10000.000000000000
NODATA_value  -99999.000
[rows 0 to 32 of 64, columns 0 to 73 of 190]
0.027 0.029 0.031 0.032 0.033 0.033 0.033 0.033 0.032 0.029 0.026 0.023 0.020 0.017 0.014 0.011 0.008 0.004 0.001 0.000 0.000 0.000 0.000 0.000 0.000 0.000 0.000 0.000 0.000 0.000 0.000 0.000 0.000 0.004 0.010 0.017 0.026 0.035 0.044 0.055 0.066 0.078 0.091 0.105 0.120 0.181 0.288 0.401 0.522 0.650 0.785 0.927 1.076 1.232 1.395 1.565 1.742 1.810 1.735 1.652 1.559 1.456 1.344 1.223 1.093 0.953 0.804 0.645 0.477 0.429 0.573 0.700 0.808 0.899
0.016 0.017 0.017 0.017 0.016 0.015 0.013 0.012 0.009 0.006 0.003 0.000 0.000 0.000 0.000 0.000 0.000 0.000 0.000 0.000 0.000 0.000 0.000 0.000 0.000 0.000 0.000 0.000 0.000 0.000 0.000 0.000 0.000 0.004 0.013 0.024 0.035 0.046 0.059 0.072 0.087 0.101 0.117 0.134 0.151 0.212 0.343 0.482 0.627 0.780 0.940 1.106 1.280 1.460 1.648 1.843 2.044 2.153 2.046 1.929 1.803 1.668 1.523 1.369 1.206 1.033 0.851 0.660 0.459 0.325 0.407 0.470 0.516 0.543
0.005 0.005 0.003 0.002 0.000 0.000 0.000 0.000 0.000 0.000 0.000 0.000 0.000 0.000 0.000 0.000 0.000 0.000 0.000 0.000 0.000 0.000 0.000 0.000 0.000 0.000 0.000 0.000 0.000 0.000 0.000 0.000 0.000 0.004 0.016 0.029 0.043 0.057 0.073 0.089 0.106 0.124 0.142 0.162 0.182 0.236 0.392 0.555 0.726 0.903 1.087 1.278 1.477 1.682 1.894 2.114 2.340 2.505 2.365 2.215 2.056 1.888 1.711 1.524 1.328 1.122 0.907 0.683 0.479 0.311 0.395 0.480 0.566 0.653
0.000 0.000 0.000 0.000 0.000 0.000 0.000 0.000 0.000 0.000 0.000 0.000 0.000 0.000 0.000 0.000 0.000 0.000 0.000 0.000 0.000 0.000 0.000 0.000 0.000 0.000 0.000 0.000 0.000 0.000 0.000 0.000 0.000 0.003 0.018 0.033 0.050 0.067 0.086 0.105 0.124 0.145 0.166 0.189 0.212 0.253 0.434 0.622 0.816 1.018 1.227 1.443 1.666 1.896 2.133 2.377 2.628 2.866 2.693 2.510 2.317 2.107 1.898 1.692 1.488 1.287 1.088 0.891 0.697 0.505 0.587 0.676 0.765 0.855
0.000 0.000 0.000 0.000 0.000 0.000 0.000 0.000 0.000 0.000 0.000 0.000 0.000 0.000 0.000 0.000 0.000 0.000 0.000 0.000 0.000 0.000 0.000 0.000 0.000 0.000 0.000 0.000 0.000 0.000 0.000 0.000 0.000 0.001 0.018 0.037 0.056 0.077 0.098 0.120 0.142 0.166 0.190 0.215 0.241 0.267 0.468 0.681 0.900 1.127 1.360 1.601 1.849 2.099 2.339 2.578 2.815 3.051 2.881 2.674 2.469 2.266 2.066 1.868 1.672 1.479 1.288 1.099 0.913 0.729 0.778 0.870 0.962 1.056
0.000 0.000 0.000 0.000 0.000 0.000 0.000 0.000 0.000 0.000 0.000 0.000 0.000 0.000 0.000 0.000 0.000 0.000 0.000 0.000 0.000 0.000 0.000 0.000 0.000 0.000 0.000 0.000 0.000 0.000 0.000 0.000 0.000 0.000 0.018 0.040 0.062 0.085 0.109 0.134 0.159 0.185 0.212 0.240 0.269 0.298 0.501 0.745 0.989 1.231 1.471 1.711 1.948 2.185 2.420 2.654 2.887 3.118 3.014 2.815 2.618 2.423 2.231 2.041 1.853 1.668 1.485 1.304 1.126 0.950 0.968 1.063 1.159 1.256
0.000 0.000 0.000 0.000 0.000 0.000 0.000 0.000 0.000 0.000 0.000 0.000 0.000 0.000 0.000 0.000 0.000 0.000 0.000 0.000 0.000 0.000 0.000 0.000 0.000 0.000 0.000 0.000 0.000 0.000 0.000 0.000 0.000 0.000 0.018 0.042 0.067 0.093 0.119 0.156 0.201 0.246 0.293 0.340 0.389 0.438 0.620 0.860 1.099 1.336 1.572 1.807 2.040 2.272 2.503 2.732 2.960 3.187 3.145 2.954 2.765 2.578 2.394 2.212 2.032 1.855 1.680 1.507 1.337 1.169 1.157 1.255 1.354 1.454
0.000 0.000 0.000 0.000 0.000 0.000 0.000 0.000 0.000 0.000 0.000 0.000 0.000 0.000 0.000 0.000 0.000 0.000 0.000 0.000 0.000 0.000 0.000 0.000 0.000 0.000 0.000 0.000 0.000 0.000 0.000 0.000 0.011 0.027 0.060 0.104 0.148 0.193 0.239 0.286 0.334 0.382 0.432 0.482 0.534 0.586 0.741 0.976 1.210 1.443 1.674 1.904 2.133 2.360 2.586 2.811 3.034 3.256 3.273 3.090 2.909 2.730 2.554 2.380 2.209 2.039 1.872 1.708 1.545 1.385 1.344 1.446 1.548 1.652
0.000 0.000 0.000 0.000 0.000 0.000 0.000 0.000 0.000 0.000 0.000 0.000 0.000 0.000 0.000 0.000 0.000 0.000 0.000 0.000 0.000 0.000 0.000 0.000 0.000 0.004 0.012 0.022 0.034 0.050 0.067 0.088 0.111 0.137 0.173 0.220 0.267 0.315 0.364 0.414 0.465 0.517 0.570 0.624 0.678 0.733 0.862 1.093 1.322 1.550 1.777 2.002 2.226 2.449 2.670 2.891 3.109 3.327 3.399 3.224 3.051 2.880 2.712 2.546 2.383 2.221 2.062 1.906 1.751 1.599 1.530 1.635 1.741 1.848
0.000 0.000 0.000 0.000 0.000 0.000 0.000 0.000 0.000 0.000 0.000 0.000 0.000 0.000 0.000 0.000 0.000 0.000 0.000 0.000 0.000 0.000 0.003 0.012 0.023 0.037 0.054 0.073 0.095 0.119 0.146 0.176 0.209 0.244 0.285 0.334 0.385 0.436 0.489 0.542 0.596 0.651 0.707 0.763 0.821 0.880 0.985 1.211 1.436 1.659 1.881 2.102 2.321 2.539 2.756 2.971 3.186 3.398 3.523 3.355 3.191 3.028 2.868 2.710 2.554 2.401 2.250 2.101 1.955 1.811 1.715 1.823 1.933 2.043
0.000 0.000 0.000 0.000 0.000 0.000 0.000 0.000 0.000 0.000 0.000 0.000 0.000 0.000 0.000 0.000 0.000 0.001 0.001 0.001 0.001 0.001 0.005 0.023 0.044 0.067 0.093 0.121 0.152 0.186 0.223 0.262 0.303 0.348 0.396 0.448 0.502 0.556 0.612 0.668 0.725 0.783 0.842 0.902 0.963 1.025 1.109 1.330 1.550 1.769 1.986 2.202 2.417 2.631 2.843 3.054 3.263 3.471 3.644 3.485 3.328 3.173 3.021 2.871 2.723 2.578 2.435 2.294 2.156 2.020 1.899 2.010 2.123 2.236
0.000 0.000 0.000 0.000 0.001 0.001 0.001 0.001 0.001 0.001 0.000 0.000 0.000 0.000 0.000 0.001 0.001 0.001 0.001 0.001 0.002 0.002 0.004 0.031 0.061 0.094 0.129 0.167 0.207 0.250 0.296 0.344 0.395 0.449 0.505 0.561 0.618 0.675 0.734 0.793 0.854 0.915 0.977 1.040 1.104 1.169 1.234 1.450 1.666 1.880 2.093 2.304 2.514 2.723 2.931 3.137 3.342 3.545 3.747 3.611 3.463 3.316 3.172 3.030 2.890 2.753 2.618 2.461 2.289 2.120 1.955 2.010 2.086 2.162
0.004 0.005 0.005 0.005 0.005 0.004 0.004 0.003 0.002 0.001 0.000 0.000 0.000 0.001 0.001 0.001 0.001 0.001 0.002 0.002 0.002 0.003 0.003 0.037 0.076 0.118 0.162 0.209 0.259 0.312 0.366 0.424 0.484 0.547 0.613 0.673 0.733 0.793 0.855 0.917 0.981 1.045 1.110 1.177 1.244 1.311 1.380 1.572 1.782 1.992 2.200 2.407 2.613 2.817 3.020 3.221 3.421 3.620 3.818 3.736 3.562 3.378 3.198 3.021 2.847 2.677 2.510 2.346 2.186 2.030 1.876 1.905 1.984 2.063
0.011 0.011 0.010 0.010 0.009 0.008 0.007 0.005 0.004 0.002 0.000 0.000 0.000 0.001 0.001 0.001 0.002 0.002 0.002 0.003 0.003 0.004 0.004 0.040 0.088 0.139 0.193 0.249 0.308 0.370 0.434 0.501 0.570 0.643 0.717 0.783 0.846 0.910 0.975 1.041 1.107 1.175 1.243 1.312 1.382 1.453 1.525 1.694 1.900 2.105 2.309 2.511 2.712 2.880 3.038 3.191 3.338 3.480 3.616 3.536 3.361 3.189 3.020 2.855 2.693 2.535 2.380 2.229 2.080 1.936 1.795 1.800 1.882 1.964
0.018 0.017 0.016 0.014 0.013 0.011 0.010 0.008 0.006 0.003 0.001 0.000 0.001 0.001 0.001 0.002 0.002 0.002 0.003 0.003 0.004 0.004 0.005 0.040 0.097 0.158 0.221 0.286 0.355 0.425 0.499 0.575 0.654 0.735 0.819 0.893 0.959 1.026 1.094 1.162 1.232 1.303 1.374 1.446 1.520 1.594 1.648 1.769 1.940 2.106 2.266 2.422 2.572 2.716 2.855 2.989 3.118 3.241 3.359 3.320 3.156 2.996 2.840 2.687 2.537 2.390 2.247 2.108 1.972 1.839 1.710 1.693 1.778 1.865
0.025 0.023 0.021 0.020 0.018 0.015 0.013 0.010 0.008 0.005 0.002 0.000 0.001 0.001 0.001 0.002 0.002 0.003 0.003 0.004 0.004 0.005 0.005 0.037 0.104 0.174 0.246 0.321 0.398 0.478 0.561 0.646 0.734 0.825 0.918 1.001 1.070 1.140 1.214 1.300 1.377 1.444 1.502 1.552 1.592 1.623 1.645 1.721 1.874 2.021 2.163 2.300 2.431 2.557 2.678 2.793 2.904 3.008 3.108 3.101 2.949 2.801 2.656 2.515 2.377 2.243 2.112 1.984 1.860 1.739 1.622 1.586 1.675 1.764
0.032 0.030 0.027 0.025 0.022 0.019 0.016 0.013 0.010 0.006 0.003 0.000 0.001 0.001 0.002 0.002 0.003 0.003 0.004 0.004 0.005 0.006 0.006 0.032 0.108 0.187 0.268 0.352 0.439 0.528 0.620 0.725 0.857 0.994 1.134 1.260 1.341 1.413 1.476 1.529 1.574 1.610 1.636 1.654 1.662 1.661 1.651 1.679 1.813 1.942 2.065 2.184 2.296 2.404 2.506 2.603 2.695 2.781 2.862 2.878 2.739 2.603 2.470 2.340 2.215 2.092 1.973 1.857 1.745 1.636 1.531 1.478 1.570 1.663
0.039 0.036 0.033 0.030 0.027 0.024 0.020 0.016 0.012 0.008 0.004 0.000 0.001 0.001 0.002 0.002 0.003 0.004 0.004 0.005 0.006 0.006 0.007 0.023 0.122 0.241 0.363 0.490 0.620 0.755 0.893 1.035 1.181 1.332 1.486 1.626 1.675 1.715 1.746 1.768 1.781 1.784 1.779 1.764 1.741 1.708 1.666 1.642 1.758 1.868 1.973 2.073 2.167 2.256 2.340 2.418 2.491 2.559 2.621 2.653 2.525 2.401 2.280 2.163 2.049 1.938 1.831 1.727 1.627 1.530 1.437 1.369 1.464 1.561
0.047 0.043 0.040 0.036 0.032 0.028 0.024 0.019 0.015 0.010 0.005 0.000 0.001 0.001 0.002 0.003 0.003 0.014 0.035 0.060 0.088 0.121 0.158 0.202 0.331 0.463 0.600 0.740 0.884 1.032 1.185 1.341 1.501 1.665 1.833 2.001 2.018 2.026 2.025 2.015 1.996 1.968 1.931 1.884 1.829 1.764 1.691 1.611 1.708 1.799 1.886 1.967 2.043 2.113 2.179 2.238 2.293 2.342 2.386 2.425 2.309 2.197 2.088 1.982 1.880 1.782 1.686 1.595 1.506 1.421 1.339 1.261 1.358 1.458
0.054 0.050 0.046 0.042 0.037 0.033 0.028 0.023 0.017 0.012 0.010 0.008 0.017 0.032 0.050 0.073 0.100 0.131 0.165 0.204 0.248 0.295 0.346 0.401 0.535 0.681 0.831 0.986 1.144 1.306 1.472 1.642 1.816 1.994 2.176 2.362 2.370 2.346 2.313 2.271 2.220 2.160 2.091 2.013 1.926 1.829 1.724 1.610 1.663 1.736 1.804 1.867 1.924 1.976 2.023 2.064 2.100 2.131 2.157 2.177 2.090 1.989 1.892 1.799 1.709 1.622 1.538 1.459 1.382 1.309 1.239 1.173 1.251 1.354
0.062 0.058 0.053 0.053 0.053 0.053 0.052 0.050 0.048 0.046 0.043 0.039 0.057 0.086 0.119 0.156 0.197 0.242 0.291 0.345 0.402 0.464 0.529 0.599 0.734 0.894 1.059 1.227 1.399 1.575 1.755 1.938 2.126 2.318 2.514 2.713 2.731 2.675 2.610 2.537 2.454 2.362 2.261 2.151 2.032 1.904 1.767 1.620 1.624 1.678 1.728 1.772 1.811 1.844 1.873 1.896 1.913 1.926 1.933 1.935 1.867 1.779 1.694 1.612 1.534 1.459 1.388 1.337 1.321 1.314 1.316 1.327 1.469 1.668
0.101 0.101 0.100 0.099 0.097 0.095 0.092 0.089 0.085 0.081 0.076 0.071 0.092 0.136 0.183 0.234 0.290 0.349 0.413 0.480 0.552 0.628 0.708 0.792 0.929 1.103 1.281 1.463 1.649 1.839 2.033 2.230 2.432 2.638 2.847 3.061 3.100 3.013 2.916 2.811 2.696 2.572 2.440 2.298 2.147 1.987 1.818 1.640 1.589 1.626 1.657 1.682 1.703 1.718 1.728 1.732 1.731 1.725 1.714 1.697 1.655 1.608 1.570 1.540 1.520 1.508 1.506 1.512 1.527 1.551 1.584 1.626 1.781 2.019
0.152 0.150 0.148 0.145 0.141 0.137 0.133 0.128 0.122 0.116 0.110 0.103 0.123 0.181 0.242 0.308 0.378 0.452 0.530 0.612 0.698 0.788 0.882 0.981 1.120 1.308 1.500 1.695 1.895 2.099 2.306 2.518 2.733 2.953 3.176 3.403 3.478 3.359 3.231 3.093 2.947 2.792 2.627 2.454 2.271 2.079 1.879 1.669 1.561 1.578 1.591 1.598 1.600 1.604 1.610 1.615 1.618 1.619 1.618 1.616 1.604 1.588 1.581 1.583 1.593 1.613 1.641 1.679 1.725 1.780 1.844 1.917 2.083 2.359
0.204 0.200 0.196 0.191 0.186 0.180 0.174 0.167 0.160 0.152 0.144 0.135 0.150 0.221 0.297 0.377 0.461 0.550 0.642 0.738 0.839 0.943 1.052 1.164 1.306 1.508 1.713 1.923 2.136 2.354 2.575 2.801 3.030 3.263 3.500 3.742 3.865 3.714 3.554 3.385 3.207 3.020 2.824 2.618 2.404 2.181 1.944 1.705 1.544 1.553 1.560 1.565 1.569 1.571 1.571 1.570 1.567 1.562 1.556 1.548 1.545 1.560 1.584 1.616 1.658 1.709 1.768 1.836 1.914 2.000 2.095 2.199 2.374 2.689
0.256 0.250 0.244 0.238 0.231 0.223 0.215 0.207 0.198 0.189 0.179 0.168 0.172 0.258 0.348 0.442 0.541 0.643 0.750 0.860 0.975 1.094 1.217 1.344 1.488 1.703 1.923 2.146 2.373 2.605 2.840 3.079 3.322 3.569 3.820 4.075 4.261 4.078 3.886 3.651 3.411 3.171 2.932 2.692 2.453 2.214 1.976 1.737 1.542 1.545 1.546 1.545 1.543 1.540 1.534 1.527 1.518 1.508 1.496 1.482 1.477 1.523 1.578 1.641 1.714 1.796 1.886 1.985 2.094 2.211 2.337 2.471 2.654 3.007
0.308 0.301 0.293 0.285 0.276 0.267 0.257 0.247 0.237 0.225 0.214 0.202 0.189 0.289 0.394 0.503 0.615 0.732 0.853 0.978 1.107 1.240 1.377 1.518 1.665 1.894 2.127 2.365 2.606 2.851 3.100 3.352 3.560 3.769 3.980 4.193 4.396 4.156 3.917 3.677 3.438 3.199 2.960 2.721 2.483 2.245 2.007 1.770 1.541 1.538 1.534 1.527 1.519 1.510 1.498 1.485 1.471 1.455 1.437 1.417 1.400 1.477 1.563 1.658 1.762 1.874 1.995 2.126 2.265 2.413 2.570 2.735 2.923 3.314
0.359 0.352 0.343 0.333 0.322 0.311 0.300 0.288 0.276 0.263 0.249 0.236 0.221 0.317 0.436 0.559 0.686 0.817 0.952 1.091 1.234 1.382 1.533 1.689 1.842 2.033 2.236 2.441 2.648 2.857 3.067 3.279 3.493 3.708 3.925 4.144 4.365 4.180 3.941 3.703 3.464 3.226 2.988 2.750 2.513 2.276 2.039 1.802 1.566 1.533 1.523 1.511 1.497 1.482 1.464 1.446 1.425 1.403 1.380 1.354 1.327 1.423 1.540 1.666 1.800 1.944 2.096 2.257 2.427 2.606 2.794 2.991 3.196 3.611
0.410 0.404 0.393 0.381 0.369 0.356 0.343 0.330 0.315 0.301 0.286 0.270 0.254 0.340 0.473 0.610 0.751 0.918 1.114 1.286 1.432 1.553 1.649 1.719 1.764 1.922 2.131 2.343 2.556 2.770 2.987 3.205 3.424 3.646 3.869 4.094 4.320 4.204 3.966 3.728 3.491 3.253 3.016 2.779 2.543 2.306 2.070 1.834 1.599 1.530 1.514 1.496 1.476 1.455 1.432 1.408 1.381 1.354 1.324 1.293 1.260 1.361 1.509 1.665 1.831 2.005 2.188 2.380 2.581 2.791 3.010 3.237 3.474 3.896
0.462 0.456 0.443 0.430 0.416 0.402 0.387 0.371 0.355 0.339 0.378 0.489 0.613 0.799 1.008 1.192 1.351 1.485 1.593 1.676 1.734 1.767 1.774 1.756 1.713 1.810 2.025 2.242 2.461 2.682 2.904 3.128 3.354 3.581 3.811 4.041 4.274 4.228 3.991 3.753 3.517 3.280 3.044 2.808 2.572 2.336 2.101 1.866 1.631 1.528 1.506 1.483 1.457 1.430 1.402 1.371 1.339 1.306 1.270 1.233 1.195 1.290 1.468 1.656 1.852 2.058 2.272 2.495 2.727 2.967 3.217 3.475 3.742 4.171
0.514 0.509 0.494 0.524 0.591 0.670 0.763 0.868 0.985 1.116 1.259 1.415 1.583 1.746 1.866 1.962 2.032 2.078 2.098 2.093 2.062 2.007 1.926 1.820 1.689 1.695 1.917 2.140 2.365 2.592 2.820 3.050 3.282 3.515 3.751 3.987 4.226 4.251 4.015 3.778 3.542 3.307 3.071 2.836 2.601 2.366 2.132 1.898 1.664 1.528 1.501 1.471 1.440 1.407 1.373 1.337 1.299 1.259 1.218 1.175 1.131 1.210 1.420 1.638 1.865 2.102 2.347 2.600 2.862 3.123 3.383 3.639 3.894 4.251
0.834 0.895 0.981 1.079 1.191 1.315 1.451 1.601 1.763 1.937 2.125 2.325 2.537 2.718 2.750 2.758 2.740 2.697 2.629 2.535 2.417 2.273 2.104 1.910 1.691 1.580 1.807 2.036 2.267 2.500 2.734 2.971 3.208 3.448 3.689 3.932 4.176 4.274 4.039 3.803 3.568 3.333 3.098 2.864 2.630 2.396 2.162 1.929 1.696 1.530 1.497 1.461 1.424 1.386 1.346 1.304 1.260 1.215 1.168 1.119 1.069 1.140 1.409 1.676 1.941 2.204 2.464 2.722 2.978 3.232 3.483 3.732 3.979 4.283
1.285 1.347 1.477 1.620 1.776 1.944 2.125 2.319 2.525 2.744 2.976 3.220 3.477 3.716 3.660 3.579 3.473 3.342 3.186 3.004 2.798 2.566 2.309 2.027 1.719 1.462 1.696 1.931 2.168 2.407 2.647 2.889 3.133 3.378 3.625 3.874 4.125 4.297 4.062 3.828 3.593 3.359 3.125 2.892 2.659 2.425 2.193 1.960 1.728 1.534 1.494 1.453 1.410 1.366 1.332 1.309 1.290 1.275 1.263 1.256 1.252 1.312 1.573 1.832 2.090 2.344 2.597 2.847 3.096 3.342 3.585 3.827 4.066 4.330
1.736 1.794 1.959 2.146 2.346 2.559 2.784 3.022 3.273 3.536 3.812 4.100 4.402 4.715 4.595 4.427 4.232 4.013 3.769 3.499 3.204 2.885 2.540 2.170 1.774 1.354 1.583 1.824 2.067 2.312 2.558 2.806 3.056 3.307 3.560 3.815 4.072 4.320 4.086 3.852 3.619 3.385 3.152 2.919 2.687 2.455 2.223 2.012 1.790 1.556 1.528 1.503 1.482 1.465 1.451 1.441 1.436 1.433 1.435 1.441 1.450 1.485 1.739 1.991 2.240 2.487 2.732 2.975 3.215 3.454 3.690 3.923 4.155 4.392
