DATA/SHG/ECMWF/20170628/EN-43/20170712.en-43.asc
ncols        190
nrows        64
xllcorner    -5100000.000000000000
yllcorner    4130000.000000000000
cellsize     10000.000000000000
NODATA_value  -99999.000
[rows 0 to 31 of 64, columns 0 to 72 of 190]
5.398 5.261 5.109 4.942 4.759 4.561 4.347 4.118 3.874 4.081 4.449 4.833 5.233 5.649 6.081 6.530 6.994 7.475 7.972 8.463 8.937 9.022 8.916 8.796 8.660 8.509 8.343 8.161 7.964 7.752 7.525 7.283 7.025 6.687 6.311 5.945 5.589 5.242 4.905 4.578 4.261 3.953 3.655 3.367 3.088 2.867 2.695 2.531 2.375 2.226 2.085 1.952 1.826 1.707 1.597 1.494 1.398 1.422 1.585 1.756 1.935 2.121 2.314 2.514 2.722 2.938 3.160 3.390 3.628 3.790 3.821 3.852 3.883
5.552 5.361 5.154 4.932 4.695 4.442 4.174 3.891 3.592 3.722 4.147 4.588 5.117 5.637 6.143 6.637 7.117 7.585 8.040 8.482 8.912 9.027 8.868 8.694 8.504 8.299 8.080 7.844 7.594 7.328 7.048 6.752 6.441 6.106 5.764 5.432 5.110 4.798 4.495 4.203 3.919 3.646 3.382 3.128 2.884 2.681 2.536 2.399 2.270 2.148 2.033 1.926 1.827 1.736 1.652 1.575 1.507 1.523 1.713 1.910 2.114 2.326 2.545 2.772 3.006 3.247 3.495 3.751 4.015 4.225 4.256 4.286 4.317
5.722 5.477 5.216 4.939 4.653 4.397 4.170 3.974 3.808 3.969 4.482 4.981 5.468 5.942 6.403 6.851 7.287 7.709 8.119 8.516 8.900 9.049 8.836 8.608 8.365 8.106 7.833 7.544 7.240 6.921 6.587 6.237 5.872 5.516 5.208 4.911 4.623 4.345 4.076 3.818 3.569 3.330 3.100 2.880 2.670 2.488 2.370 2.260 2.157 2.062 1.974 1.894 1.821 1.757 1.699 1.650 1.607 1.618 1.833 2.056 2.286 2.524 2.769 3.021 3.281 3.548 3.823 4.105 4.375 4.605 4.620 4.642 4.672
5.670 5.400 5.160 4.950 4.770 4.620 4.499 4.408 4.347 4.469 4.936 5.390 5.832 6.260 6.676 7.079 7.469 7.846 8.211 8.562 8.901 9.087 8.820 8.538 8.242 7.930 7.603 7.260 6.903 6.530 6.142 5.739 5.321 4.916 4.643 4.380 4.126 3.883 3.648 3.424 3.209 3.004 2.809 2.623 2.447 2.288 2.197 2.113 2.037 1.968 1.907 1.854 1.808 1.770 1.739 1.716 1.701 1.704 1.946 2.195 2.455 2.762 3.058 3.343 3.618 3.882 4.135 4.377 4.609 4.830 4.876 4.926 4.985
5.333 5.169 5.034 4.930 4.855 4.810 4.794 4.809 4.853 4.982 5.403 5.812 6.208 6.592 6.962 7.320 7.665 7.997 8.316 8.622 8.916 9.140 8.820 8.485 8.135 7.769 7.389 6.993 6.582 6.156 5.714 5.258 4.786 4.308 4.069 3.840 3.621 3.411 3.211 3.021 2.840 2.669 2.508 2.356 2.215 2.082 2.016 1.959 1.910 1.868 1.833 1.807 1.787 1.797 1.880 1.966 2.054 2.146 2.429 2.719 2.999 3.268 3.527 3.775 4.012 4.238 4.454 4.659 4.853 5.037 5.124 5.203 5.290
4.963 4.904 4.875 4.876 4.907 4.967 5.057 5.177 5.326 5.507 5.884 6.247 6.598 6.936 7.262 7.574 7.874 8.160 8.434 8.696 8.944 9.180 8.836 8.448 8.044 7.625 7.191 6.741 6.277 5.797 5.303 4.793 4.268 3.728 3.486 3.291 3.106 2.930 2.765 2.608 2.462 2.325 2.198 2.081 1.973 1.875 1.871 1.943 2.018 2.097 2.178 2.263 2.350 2.440 2.533 2.629 2.729 2.831 3.058 3.311 3.553 3.785 4.006 4.216 4.415 4.604 4.783 4.950 5.107 5.253 5.365 5.472 5.587
4.561 4.608 4.684 4.790 4.926 5.091 5.287 5.512 5.766 6.051 6.377 6.696 7.001 7.294 7.574 7.842 8.096 8.338 8.567 8.783 8.986 9.176 8.869 8.427 7.969 7.497 7.009 6.507 5.989 5.456 4.908 4.345 3.766 3.173 2.894 2.733 2.582 2.441 2.309 2.264 2.279 2.295 2.313 2.333 2.353 2.375 2.438 2.520 2.606 2.695 2.787 2.881 2.979 3.079 3.183 3.289 3.399 3.511 3.696 3.911 4.116 4.310 4.494 4.667 4.829 4.980 5.121 5.251 5.371 5.479 5.597 5.732 5.876
4.127 4.279 4.460 4.671 4.912 5.183 5.483 5.813 6.173 6.563 6.884 7.157 7.417 7.665 7.900 8.122 8.332 8.528 8.712 8.883 9.041 9.186 8.917 8.421 7.911 7.385 6.844 6.288 5.717 5.131 4.529 3.913 3.380 2.898 2.720 2.734 2.748 2.764 2.781 2.800 2.819 2.841 2.863 2.887 2.912 2.938 3.001 3.094 3.190 3.289 3.391 3.496 3.604 3.715 3.829 3.945 4.065 4.188 4.344 4.522 4.689 4.846 4.992 5.127 5.252 5.366 5.469 5.562 5.644 5.715 5.821 5.985 6.156
3.661 3.918 4.204 4.520 4.866 5.242 5.647 6.082 6.547 7.041 7.403 7.631 7.847 8.049 8.239 8.416 8.580 8.732 8.871 8.996 9.110 9.210 8.981 8.432 7.868 7.291 6.734 6.199 5.685 5.192 4.721 4.270 3.842 3.434 3.231 3.249 3.268 3.288 3.310 3.333 3.358 3.383 3.410 3.439 3.469 3.500 3.560 3.664 3.770 3.879 3.992 4.107 4.225 4.346 4.470 4.598 4.728 4.861 5.001 5.141 5.271 5.390 5.499 5.597 5.684 5.761 5.827 5.882 5.927 5.961 6.037 6.229 6.429
3.162 3.524 3.916 4.337 4.788 5.268 5.778 6.318 6.888 7.487 7.935 8.118 8.289 8.446 8.591 8.723 8.842 8.937 8.945 8.954 8.964 8.974 8.779 8.233 7.709 7.206 6.724 6.263 5.824 5.406 5.010 4.634 4.280 3.948 3.740 3.762 3.786 3.811 3.837 3.865 3.894 3.924 3.956 3.989 4.023 4.059 4.116 4.230 4.346 4.466 4.589 4.714 4.843 4.974 5.108 5.246 5.386 5.529 5.667 5.770 5.863 5.944 6.016 6.076 6.126 6.165 6.194 6.212 6.219 6.216 6.246 6.466 6.694
2.632 3.098 3.595 4.121 4.676 5.262 5.877 6.521 7.196 7.900 8.435 8.440 8.445 8.452 8.460 8.468 8.478 8.488 8.499 8.512 8.525 8.539 8.447 7.976 7.526 7.098 6.691 6.305 5.941 5.598 5.276 4.976 4.697 4.439 4.247 4.273 4.302 4.331 4.362 4.394 4.428 4.463 4.499 4.536 4.575 4.616 4.668 4.792 4.919 5.049 5.182 5.317 5.456 5.598 5.743 5.890 6.041 6.194 6.343 6.409 6.464 6.508 6.542 6.565 6.578 6.580 6.571 6.552 6.522 6.481 6.446 6.694 6.950
2.069 2.640 3.241 3.877 4.514 5.135 5.742 6.333 6.910 7.471 7.962 7.970 7.979 7.989 8.000 8.012 8.025 8.039 8.053 8.069 8.085 8.103 8.092 7.696 7.322 6.968 6.636 6.325 6.036 5.767 5.520 5.295 5.090 4.907 4.751 4.783 4.815 4.849 4.885 4.922 4.960 4.999 5.040 5.082 5.125 5.170 5.216 5.350 5.487 5.628 5.771 5.917 6.066 6.218 6.373 6.531 6.692 6.855 7.022 7.056 7.074 7.081 7.078 7.064 7.039 7.004 6.958 6.849 6.694 6.535 6.370 6.505 6.660
1.853 2.482 3.095 3.694 4.278 4.847 5.401 5.940 6.464 6.973 7.467 7.500 7.512 7.526 7.540 7.555 7.572 7.589 7.607 7.626 7.646 7.667 7.688 7.395 7.095 6.817 6.559 6.323 6.108 5.915 5.742 5.591 5.462 5.353 5.266 5.289 5.327 5.366 5.406 5.447 5.490 5.534 5.579 5.626 5.674 5.723 5.773 5.905 6.052 6.203 6.356 6.512 6.672 6.834 6.999 7.167 7.339 7.513 7.690 7.714 7.616 7.479 7.337 7.190 7.038 6.881 6.719 6.552 6.379 6.202 6.020 6.090 6.223
1.844 2.420 2.981 3.527 4.059 4.575 5.076 5.563 6.034 6.491 6.933 7.030 7.045 7.062 7.080 7.099 7.118 7.139 7.160 7.182 7.206 7.230 7.255 7.072 6.847 6.643 6.460 6.299 6.159 6.040 5.942 5.866 5.810 5.776 5.764 5.794 5.836 5.880 5.924 5.970 6.017 6.066 6.116 6.167 6.219 6.273 6.328 6.455 6.613 6.774 6.938 7.104 7.274 7.381 7.466 7.539 7.600 7.649 7.687 7.597 7.448 7.293 7.134 6.969 6.799 6.624 6.445 6.260 6.070 5.875 5.675 5.681 5.793
1.851 2.374 2.883 3.377 3.856 4.320 4.769 5.203 5.622 6.026 6.416 6.559 6.578 6.598 6.619 6.641 6.664 6.688 6.713 6.739 6.765 6.793 6.821 6.727 6.577 6.447 6.339 6.252 6.187 6.142 6.119 6.117 6.137 6.177 6.239 6.297 6.344 6.391 6.441 6.491 6.543 6.596 6.650 6.706 6.763 6.822 6.849 6.939 7.053 7.155 7.245 7.324 7.391 7.447 7.490 7.522 7.542 7.550 7.547 7.452 7.285 7.113 6.935 6.753 6.566 6.373 6.176 5.973 5.765 5.553 5.335 5.278 5.369
1.874 2.345 2.802 3.243 3.669 4.081 4.478 4.859 5.226 5.578 5.915 6.088 6.111 6.134 6.158 6.184 6.210 6.237 6.266 6.295 6.325 6.356 6.387 6.360 6.284 6.230 6.196 6.184 6.193 6.223 6.274 6.347 6.441 6.556 6.692 6.798 6.849 6.901 6.937 6.883 6.852 6.844 6.860 6.899 6.961 7.046 7.155 7.262 7.335 7.396 7.446 7.483 7.509 7.524 7.526 7.517 7.496 7.463 7.419 7.312 7.128 6.938 6.743 6.542 6.337 6.127 5.912 5.692 5.466 5.236 5.000 4.882 4.952
1.914 2.333 2.736 3.126 3.500 3.859 4.203 4.533 4.847 5.147 5.431 5.617 5.643 5.669 5.697 5.726 5.756 5.786 5.818 5.850 5.883 5.918 5.953 5.972 5.970 5.990 6.031 6.094 6.177 6.282 6.407 6.528 6.584 6.621 6.640 6.624 6.582 6.563 6.567 6.594 6.645 6.719 6.816 6.937 7.080 7.247 7.438 7.597 7.629 7.649 7.658 7.654 7.639 7.612 7.574 7.523 7.461 7.387 7.302 7.178 6.975 6.768 6.555 6.337 6.114 5.886 5.654 5.416 5.173 4.924 4.671 4.493 4.541
1.970 2.336 2.688 3.024 3.346 3.653 3.945 4.222 4.485 4.732 4.964 5.145 5.174 5.204 5.236 5.268 5.301 5.335 5.369 5.405 5.442 5.480 5.518 5.562 5.660 5.780 5.882 5.965 6.030 6.076 6.104 6.114 6.105 6.078 6.033 5.986 6.025 6.087 6.173 6.282 6.414 6.570 6.749 6.951 7.176 7.424 7.696 7.944 7.934 7.913 7.881 7.836 7.780 7.712 7.632 7.541 7.438 7.323 7.197 7.048 6.828 6.603 6.372 6.137 5.896 5.651 5.400 5.145 4.884 4.618 4.348 4.110 4.136
2.042 2.356 2.655 2.940 3.209 3.464 3.704 3.929 4.139 4.334 4.514 4.673 4.706 4.739 4.774 4.809 4.845 4.926 5.036 5.149 5.267 5.389 5.515 5.643 5.717 5.772 5.809 5.828 5.829 5.811 5.774 5.720 5.647 5.555 5.445 5.324 5.445 5.589 5.756 5.947 6.161 6.398 6.658 6.941 7.248 7.578 7.931 8.301 8.251 8.189 8.115 8.029 7.932 7.823 7.703 7.570 7.426 7.271 7.103 6.924 6.686 6.443 6.195 5.942 5.684 5.421 5.152 4.879 4.601 4.317 4.029 3.736 3.738
2.130 2.392 2.639 2.871 3.089 3.291 3.479 3.651 3.809 3.952 4.130 4.300 4.405 4.508 4.615 4.726 4.842 4.962 5.086 5.214 5.346 5.483 5.624 5.769 5.792 5.784 5.756 5.711 5.647 5.564 5.464 5.345 5.207 5.052 4.878 4.685 4.842 5.068 5.316 5.588 5.884 6.202 6.544 6.909 7.297 7.708 8.143 8.600 8.578 8.475 8.361 8.234 8.096 7.946 7.784 7.611 7.426 7.230 7.021 6.801 6.549 6.289 6.023 5.752 5.476 5.196 4.910 4.619 4.323 4.022 3.716 3.405 3.345
2.234 2.444 2.639 2.900 3.141 3.362 3.562 3.741 3.900 4.039 4.157 4.255 4.361 4.479 4.601 4.727 4.858 4.993 5.131 5.274 5.422 5.573 5.729 5.889 5.887 5.814 5.722 5.613 5.484 5.338 5.173 4.990 4.788 4.568 4.330 4.073 4.216 4.523 4.853 5.207 5.583 5.983 6.406 6.852 7.322 7.814 8.330 8.869 8.917 8.773 8.617 8.450 8.271 8.080 7.878 7.663 7.438 7.200 6.951 6.690 6.417 6.139 5.856 5.567 5.274 4.976 4.672 4.404 4.206 4.018 3.838 3.668 3.745
2.823 3.053 3.263 3.452 3.621 3.770 3.898 4.006 4.093 4.159 4.206 4.231 4.314 4.446 4.583 4.724 4.869 5.019 5.172 5.330 5.492 5.659 5.829 6.004 6.001 5.864 5.708 5.534 5.341 5.130 4.901 4.654 4.388 4.104 3.801 3.481 3.567 3.956 4.367 4.802 5.260 5.741 6.245 6.773 7.324 7.897 8.494 9.114 9.267 9.082 8.886 8.677 8.457 8.226 7.982 7.727 7.460 7.182 6.892 6.590 6.318 6.087 5.865 5.653 5.450 5.256 5.072 4.897 4.731 4.575 4.428 4.291 4.379
3.612 3.771 3.909 4.026 4.123 4.200 4.256 4.292 4.307 4.302 4.276 4.230 4.261 4.409 4.560 4.716 4.876 5.040 5.209 5.381 5.558 5.739 5.925 6.114 6.134 5.932 5.712 5.474 5.217 4.942 4.649 4.337 4.007 3.659 3.293 2.908 2.896 3.365 3.858 4.374 4.913 5.476 6.061 6.670 7.302 7.957 8.635 9.336 9.629 9.403 9.165 8.916 8.655 8.361 8.064 7.781 7.511 7.256 7.014 6.785 6.573 6.375 6.186 6.006 5.835 5.674 5.522 5.380 5.247 5.123 5.009 4.904 4.993
4.423 4.510 4.576 4.621 4.647 4.651 4.636 4.600 4.543 4.466 4.369 4.251 4.204 4.367 4.533 4.704 4.878 5.057 5.241 5.428 5.620 5.815 6.015 6.220 6.286 6.020 5.736 5.434 5.113 4.774 4.416 4.040 3.646 3.234 2.804 2.355 2.201 2.752 3.326 3.923 4.544 5.187 5.854 6.544 7.257 7.993 8.709 9.387 9.729 9.411 9.107 8.817 8.540 8.277 8.028 7.793 7.571 7.364 7.170 6.989 6.820 6.654 6.497 6.350 6.212 6.083 5.964 5.854 5.753 5.662 5.580 5.507 5.588
5.256 5.270 5.264 5.238 5.192 5.125 5.037 4.929 4.801 4.653 4.484 4.294 4.143 4.320 4.501 4.687 4.876 5.070 5.268 5.470 5.677 5.887 6.102 6.321 6.457 6.127 5.779 5.412 5.027 4.624 4.203 3.763 3.305 2.829 2.334 1.821 1.484 2.116 2.771 3.571 4.360 5.117 5.842 6.536 7.198 7.829 8.428 8.996 9.391 9.121 8.865 8.623 8.394 8.180 7.978 7.791 7.618 7.458 7.312 7.180 7.056 6.923 6.799 6.684 6.578 6.482 6.395 6.318 6.249 6.191 6.141 6.101 6.162
6.108 6.052 5.975 5.877 5.758 5.620 5.461 5.281 5.081 4.861 4.620 4.359 4.077 4.269 4.465 4.665 4.870 5.078 5.291 5.508 5.729 5.954 6.184 6.417 6.648 6.253 5.841 5.410 4.961 4.494 4.009 3.507 3.109 2.744 2.411 2.111 1.867 2.640 3.382 4.091 4.770 5.417 6.032 6.616 7.168 7.689 8.179 8.637 9.040 8.818 8.610 8.416 8.235 8.069 7.915 7.776 7.651 7.539 7.441 7.356 7.284 7.183 7.091 7.009 6.935 6.872 6.817 6.772 6.736 6.710 6.693 6.685 6.717
6.952 6.856 6.706 6.537 6.347 6.136 5.906 5.654 5.383 5.091 4.779 4.446 4.093 4.214 4.424 4.639 4.858 5.082 5.309 5.541 5.776 6.016 6.261 6.509 6.749 6.332 5.853 5.406 4.992 4.611 4.261 3.944 3.660 3.408 3.188 3.001 2.846 3.411 4.043 4.643 5.211 5.748 6.254 6.728 7.170 7.581 7.961 8.309 8.626 8.502 8.342 8.196 8.063 7.944 7.839 7.748 7.670 7.606 7.556 7.520 7.497 7.433 7.374 7.324 7.283 7.252 7.230 7.217 7.214 7.220 7.235 7.259 7.293
7.802 7.680 7.459 7.218 6.957 6.675 6.372 6.049 5.706 5.343 4.959 4.555 4.130 4.154 4.379 4.609 4.843 5.087 5.334 5.556 5.755 5.930 6.082 6.210 6.314 6.056 5.691 5.357 5.056 4.788 4.552 4.348 4.176 4.037 3.931 3.856 3.814 4.213 4.735 5.225 5.683 6.111 6.506 6.871 7.204 7.505 7.775 8.014 8.221 8.173 8.060 7.962 7.877 7.806 7.749 7.706 7.676 7.660 7.658 7.669 7.694 7.675 7.648 7.630 7.622 7.623 7.633 7.653 7.682 7.720 7.767 7.824 7.891
8.658 8.526 8.234 7.921 7.588 7.234 6.860 6.466 6.052 5.617 5.198 4.806 4.401 4.366 4.624 4.859 5.069 5.256 5.420 5.560 5.676 5.768 5.837 5.882 5.904 5.747 5.495 5.274 5.087 4.931 4.808 4.717 4.659 4.633 4.639 4.678 4.748 5.046 5.458 5.838 6.187 6.504 6.790 7.045 7.268 7.460 7.621 7.750 7.847 7.830 7.766 7.715 7.678 7.655 7.646 7.650 7.669 7.700 7.746 7.805 7.878 7.907 7.912 7.927 7.951 7.984 8.027 8.079 8.140 8.211 8.291 8.380 8.478
9.519 9.394 9.030 8.676 8.327 7.966 7.592 7.206 6.807 6.396 5.973 5.538 5.090 4.891 5.066 5.218 5.346 5.450 5.531 5.588 5.622 5.632 5.618 5.580 5.520 5.405 5.265 5.158 5.083 5.041 5.031 5.053 5.107 5.194 5.313 5.465 5.648 5.909 6.211 6.482 6.721 6.929 7.106 7.251 7.365 7.447 7.498 7.517 7.505 7.474 7.458 7.455 7.466 7.491 7.530 7.582 7.648 7.727 7.821 7.928 8.049 8.129 8.167 8.214 8.271 8.336 8.411 8.496 8.558 8.577 8.599 8.626 8.657
10.628 10.517 10.149 9.769 9.376 8.971 8.554 8.124 7.682 7.228 6.761 6.282 5.791 5.440 5.533 5.602 5.647 5.669 5.667 5.642 5.593 5.520 5.424 5.304 5.160 5.029 5.003 5.008 5.046 5.117 5.219 5.354 5.522 5.721 5.953 6.217 6.514 6.804 6.996 7.157 7.287 7.385 7.452 7.488 7.492 7.465 7.407 7.317 7.195 7.105 7.137 7.182 7.241 7.313 7.400 7.500 7.614 7.741 7.882 8.037 8.205 8.313 8.317 8.325 8.337 8.354 8.375 8.400 8.429 8.462 8.499 8.540 8.586
11.887 11.709 11.297 10.874 10.437 9.989 9.528 9.055 8.570 8.072 7.562 7.040 6.505 6.014 6.024 6.010 5.973 5.912 5.828 5.720 5.588 5.433 5.255 5.052 4.827 4.620 4.706 4.825 4.976 5.159 5.375 5.622 5.902 6.215 6.559 6.936 7.345 7.729 7.812 7.863 7.884 7.872 7.830 7.756 7.651 7.515 7.347 7.148 6.917 6.723 6.802 6.895 7.002 7.123 7.289 7.465 7.620 7.755 7.868 7.961 8.033 8.079 8.097 8.120 8.147 8.178 8.213 8.252 8.295 8.343 8.395 8.450 8.510
