DATA/SHG/ECMWF/20170628/EN-43/20170704.en-43.asc
ncols        190
nrows        64
xllcorner    -5100000.000000000000
yllcorner    4130000.000000000000
cellsize     10000.000000000000
NODATA_value  -99999.000
[rows 0 to 32 of 64, columns 73 to 145 of 190]
3.091 3.313 3.543 3.781 4.026 4.278 4.538 4.805 5.121 5.537 5.933 6.303 6.647 6.965 7.257 7.522 7.762 7.975 8.162 8.324 8.472 8.668 8.874 9.082 9.292 9.503 9.716 9.930 10.146 10.364 10.583 10.804 11.073 11.496 11.918 12.339 12.760 13.179 13.597 14.014 14.430 14.846 15.260 15.673 15.776 14.919 14.060 13.197 12.331 11.463 10.591 9.717 8.839 7.958 7.075 6.188 5.417 4.998 4.586 4.180 3.781 3.388 3.002 2.622 2.248 1.881 1.520 1.166 0.891 0.828 0.772 0.723 0.682
3.248 3.496 3.792 4.098 4.401 4.702 5.001 5.297 5.600 5.931 6.236 6.514 6.767 6.994 7.194 7.369 7.517 7.639 7.735 7.805 7.866 8.069 8.282 8.498 8.715 8.933 9.153 9.375 9.598 9.823 10.049 10.277 10.528 10.947 11.365 11.782 12.198 12.613 13.027 13.440 13.852 14.263 14.673 15.082 15.329 14.459 13.586 12.709 11.830 10.948 10.063 9.175 8.283 7.389 6.492 5.592 4.759 4.370 3.986 3.609 3.239 2.874 2.517 2.166 1.821 1.483 1.151 0.825 0.549 0.520 0.497 0.483 0.475
3.759 4.061 4.361 4.658 4.953 5.246 5.536 5.824 6.109 6.348 6.562 6.749 6.911 7.046 7.155 7.239 7.296 7.327 7.332 7.311 7.264 7.469 7.690 7.912 8.136 8.362 8.589 8.818 9.049 9.281 9.514 9.749 9.986 10.400 10.813 11.226 11.638 12.049 12.459 12.867 13.275 13.682 14.088 14.493 14.886 14.002 13.116 12.226 11.333 10.437 9.538 8.637 7.732 6.824 5.913 4.999 4.096 3.735 3.380 3.032 2.690 2.355 2.026 1.704 1.388 1.078 0.775 0.479 0.233 0.302 0.374 0.449 0.527
4.346 4.640 4.931 5.220 5.507 5.792 6.074 6.353 6.631 6.789 6.911 7.007 7.078 7.122 7.140 7.133 7.099 7.039 6.953 6.841 6.703 6.868 7.096 7.326 7.557 7.790 8.024 8.261 8.498 8.738 8.978 9.221 9.465 9.854 10.264 10.672 11.080 11.486 11.892 12.297 12.701 13.103 13.505 13.906 14.306 13.550 12.650 11.746 10.840 9.930 9.018 8.103 7.184 6.263 5.339 4.411 3.481 3.095 2.769 2.517 2.324 2.124 1.917 1.702 1.480 1.250 1.012 0.768 0.515 0.575 0.661 0.751 0.843
4.934 5.219 5.502 5.783 6.062 6.338 6.612 6.884 7.153 7.253 7.284 7.289 7.268 7.222 7.149 7.050 6.925 6.775 6.598 6.395 6.167 6.266 6.501 6.738 6.977 7.217 7.459 7.702 7.947 8.193 8.442 8.691 8.942 9.310 9.716 10.120 10.523 10.926 11.327 11.728 12.128 12.526 12.924 13.320 13.716 13.102 12.188 11.271 10.351 9.428 8.558 7.743 6.942 6.153 5.376 4.613 3.863 3.548 3.337 3.119 2.893 2.659 2.419 2.170 1.914 1.651 1.380 1.102 0.816 0.844 0.945 1.049 1.156
5.523 5.800 6.075 6.348 6.618 6.886 7.152 7.415 7.676 7.740 7.680 7.594 7.483 7.345 7.181 6.992 6.776 6.534 6.267 5.973 5.654 5.663 5.905 6.150 6.395 6.643 6.892 7.142 7.395 7.648 7.904 8.161 8.419 8.768 9.169 9.570 9.969 10.367 10.765 11.161 11.556 11.990 12.444 12.892 13.334 12.939 12.118 11.309 10.512 9.729 8.958 8.201 7.456 6.724 6.005 5.298 4.605 4.224 3.980 3.728 3.468 3.201 2.927 2.645 2.356 2.060 1.755 1.444 1.125 1.110 1.225 1.343 1.465
6.113 6.382 6.649 6.913 7.176 7.436 7.693 7.948 8.201 8.250 8.099 7.923 7.720 7.492 7.237 6.957 6.650 6.318 5.960 5.575 5.165 5.059 5.309 5.560 5.813 6.068 6.324 6.582 6.841 7.102 7.365 7.629 7.955 8.373 8.850 9.321 9.786 10.244 10.695 11.140 11.579 12.011 12.436 12.855 13.268 13.041 12.276 11.524 10.785 10.058 9.345 8.644 7.956 7.281 6.619 5.969 5.332 4.906 4.629 4.343 4.050 3.750 3.443 3.127 2.805 2.475 2.137 1.793 1.440 1.372 1.502 1.634 1.770
6.705 6.966 7.224 7.481 7.735 7.986 8.236 8.483 8.727 8.783 8.542 8.274 7.981 7.662 7.317 6.945 6.548 6.125 5.676 5.201 4.701 4.454 4.711 5.083 5.491 5.885 6.266 6.634 6.989 7.331 7.660 7.975 8.278 8.632 9.080 9.522 9.958 10.387 10.810 11.226 11.636 12.039 12.436 12.826 13.209 13.129 12.421 11.726 11.044 10.374 9.717 9.073 8.442 7.824 7.219 6.626 6.046 5.596 5.284 4.966 4.640 4.306 3.965 3.617 3.261 2.897 2.527 2.148 1.763 1.631 1.774 1.921 2.072
7.297 7.550 7.801 8.049 8.295 8.538 8.779 9.018 9.255 9.340 9.008 8.649 8.265 7.855 7.419 6.971 6.582 6.222 5.892 5.592 5.322 5.211 5.586 5.948 6.297 6.632 6.955 7.264 7.561 7.844 8.114 8.371 8.615 8.898 9.317 9.731 10.137 10.538 10.931 11.319 11.699 12.074 12.441 12.803 13.158 13.203 12.552 11.914 11.289 10.676 10.076 9.489 8.915 8.353 7.805 7.269 6.746 6.292 5.947 5.595 5.236 4.869 4.494 4.113 3.723 3.327 2.923 2.511 2.092 1.885 2.044 2.205 2.370
7.892 8.136 8.378 8.618 8.856 9.091 9.324 9.555 9.749 9.780 9.316 8.881 8.477 8.102 7.757 7.441 7.156 6.900 6.674 6.478 6.311 6.207 6.523 6.826 7.116 7.393 7.657 7.908 8.146 8.370 8.582 8.780 8.966 9.170 9.561 9.945 10.323 10.695 11.059 11.418 11.770 12.115 12.454 12.787 13.113 13.264 12.670 12.089 11.520 10.964 10.421 9.891 9.373 8.869 8.377 7.897 7.431 6.994 6.616 6.231 5.838 5.438 5.031 4.616 4.193 3.763 3.326 2.881 2.429 2.137 2.309 2.485 2.664
8.487 8.682 8.819 8.950 9.075 9.194 9.306 9.412 9.512 9.600 9.239 8.909 8.608 8.337 8.096 7.884 7.702 7.550 7.428 7.335 7.272 7.223 7.473 7.718 7.950 8.168 8.373 8.566 8.745 8.911 9.064 9.204 9.330 9.449 9.811 10.167 10.516 10.858 11.194 11.524 11.847 12.164 12.474 12.778 13.075 13.312 12.774 12.250 11.738 11.239 10.752 10.279 9.818 9.370 8.935 8.512 8.103 7.704 7.293 6.874 6.448 6.015 5.574 5.125 4.670 4.207 3.736 3.258 2.773 2.384 2.571 2.761 2.955
8.482 8.604 8.719 8.829 8.932 9.028 9.119 9.203 9.281 9.353 9.136 8.909 8.712 8.545 8.407 8.299 8.221 8.173 8.154 8.165 8.206 8.260 8.437 8.623 8.796 8.956 9.103 9.237 9.357 9.465 9.559 9.641 9.709 9.764 10.068 10.395 10.715 11.029 11.336 11.637 11.931 12.219 12.501 12.775 13.044 13.306 12.865 12.397 11.942 11.499 11.070 10.653 10.249 9.857 9.479 9.113 8.760 8.420 7.976 7.524 7.065 6.598 6.124 5.642 5.153 4.657 4.153 3.642 3.174 2.822 3.177 3.554 3.953
8.432 8.532 8.625 8.713 8.794 8.869 8.938 9.000 9.056 9.106 9.005 8.882 8.789 8.725 8.691 8.687 8.712 8.767 8.852 8.967 9.111 9.269 9.414 9.542 9.656 9.758 9.846 9.921 9.984 10.033 10.069 10.092 10.101 10.098 10.332 10.630 10.921 11.206 11.485 11.757 12.022 12.281 12.534 12.780 13.020 13.253 12.942 12.530 12.132 11.746 11.373 11.013 10.666 10.331 10.009 9.700 9.403 9.120 8.666 8.133 7.573 7.052 6.570 6.127 5.722 5.356 5.029 4.740 4.490 4.279 4.687 5.159 5.653
8.387 8.465 8.537 8.603 8.662 8.716 8.763 8.803 8.838 8.866 8.848 8.828 8.839 8.878 8.948 9.047 9.176 9.334 9.523 9.740 9.988 10.251 10.405 10.474 10.530 10.573 10.603 10.620 10.623 10.614 10.592 10.556 10.508 10.446 10.602 10.871 11.134 11.390 11.640 11.883 12.120 12.350 12.574 12.792 13.003 13.207 13.005 12.650 12.309 11.979 11.605 11.176 10.754 10.337 9.927 9.522 9.124 8.731 8.287 7.861 7.473 7.125 6.814 6.543 6.310 6.116 5.960 5.844 5.766 5.726 6.173 6.741 7.330
8.349 8.405 8.455 8.499 8.537 8.568 8.594 8.613 8.625 8.632 8.663 8.747 8.861 9.004 9.177 9.380 9.612 9.874 10.165 10.487 10.837 11.204 11.409 11.419 11.417 11.402 11.373 11.332 11.277 11.209 11.129 11.035 10.928 10.808 10.879 11.119 11.353 11.581 11.802 12.016 12.224 12.372 12.462 12.546 12.625 12.700 12.473 12.047 11.627 11.214 10.806 10.404 10.008 9.618 9.234 8.856 8.484 8.117 7.805 7.550 7.335 7.158 7.019 6.919 6.858 6.836 6.852 6.907 7.001 7.133 7.636 8.299 8.983
8.316 8.351 8.379 8.401 8.417 8.427 8.431 8.428 8.419 8.404 8.452 8.639 8.856 9.103 9.379 9.685 10.021 10.386 10.781 11.205 11.659 12.129 12.426 12.378 12.318 12.244 12.157 12.057 11.944 11.818 11.679 11.527 11.296 11.006 10.881 10.984 11.081 11.174 11.261 11.344 11.421 11.493 11.560 11.621 11.678 11.729 11.563 11.163 10.770 10.383 10.001 9.626 9.256 8.893 8.535 8.184 7.838 7.498 7.283 7.200 7.156 7.151 7.184 7.256 7.367 7.516 7.704 7.930 8.195 8.499 9.075 9.833 10.613
8.289 8.302 8.309 8.309 8.304 8.292 8.273 8.249 8.218 8.182 8.214 8.504 8.825 9.175 9.554 9.963 10.402 10.870 11.368 11.896 12.453 13.027 13.456 13.241 12.941 12.643 12.348 12.054 11.763 11.474 11.187 10.902 10.620 10.340 10.167 10.247 10.322 10.392 10.457 10.516 10.571 10.620 10.664 10.703 10.737 10.766 10.647 10.274 9.908 9.547 9.192 8.843 8.500 8.163 7.832 7.507 7.188 6.874 6.722 6.811 6.939 7.105 7.310 7.553 7.835 8.156 8.515 8.913 9.350 9.825 10.491 11.344 12.219
8.268 8.260 8.245 8.223 8.196 8.162 8.122 8.076 8.024 7.965 7.948 8.342 8.766 9.219 9.702 10.204 10.595 10.978 11.355 11.725 12.088 12.457 12.766 12.474 12.184 11.896 11.610 11.326 11.045 10.766 10.489 10.215 9.942 9.672 9.460 9.517 9.570 9.617 9.659 9.696 9.728 9.754 9.776 9.792 9.803 9.809 9.727 9.381 9.040 8.706 8.378 8.055 7.738 7.428 7.123 6.825 6.532 6.245 6.123 6.383 6.682 7.020 7.396 7.811 8.264 8.756 9.287 9.856 10.464 11.110 11.884 12.832 13.801
8.253 8.223 8.186 8.143 8.094 8.039 7.977 7.910 7.827 7.704 7.586 7.975 8.370 8.757 9.138 9.511 9.878 10.237 10.590 10.936 11.274 11.620 11.972 11.705 11.425 11.147 10.871 10.597 10.326 10.057 9.790 9.526 9.263 9.003 8.759 8.794 8.824 8.848 8.868 8.882 8.891 8.895 8.894 8.887 8.876 8.860 8.802 8.482 8.168 7.860 7.558 7.262 6.972 6.688 6.409 6.137 5.871 5.610 5.484 5.916 6.386 6.895 7.443 8.029 8.654 9.317 10.018 10.759 11.537 12.355 13.253 14.296 15.360
8.244 8.168 8.030 7.896 7.767 7.641 7.521 7.404 7.292 7.184 7.081 7.385 7.756 8.119 8.476 8.825 9.168 9.503 9.832 10.154 10.468 10.790 11.118 10.935 10.664 10.396 10.130 9.867 9.606 9.346 9.090 8.835 8.582 8.332 8.084 8.077 8.084 8.086 8.083 8.074 8.061 8.042 8.018 7.990 7.956 7.916 7.871 7.578 7.290 7.009 6.733 6.464 6.200 5.942 5.690 5.445 5.205 4.971 4.807 5.410 6.051 6.732 7.450 8.207 9.003 9.837 10.710 11.621 12.571 13.559 14.599 15.737 16.896
7.650 7.523 7.400 7.281 7.167 7.057 6.952 6.850 6.754 6.661 6.573 6.803 7.149 7.488 7.821 8.146 8.465 8.777 9.081 9.379 9.670 9.967 10.271 10.163 9.902 9.644 9.389 9.135 8.884 8.634 8.387 8.143 7.900 7.660 7.422 7.367 7.352 7.331 7.305 7.274 7.238 7.196 7.150 7.098 7.042 6.980 6.913 6.669 6.408 6.153 5.904 5.660 5.423 5.192 4.966 4.747 4.533 4.325 4.124 4.865 5.677 6.529 7.418 8.347 9.313 10.318 11.362 12.444 13.565 14.715 15.844 16.977 18.094
6.986 6.874 6.766 6.663 6.564 6.470 6.379 6.294 6.212 6.135 6.062 6.227 6.549 6.865 7.173 7.475 7.769 8.057 8.338 8.611 8.878 9.151 9.431 9.389 9.139 8.891 8.645 8.402 8.160 7.921 7.684 7.449 7.217 6.986 6.758 6.664 6.625 6.582 6.533 6.480 6.421 6.357 6.288 6.214 6.135 6.050 5.961 5.755 5.520 5.292 5.069 4.852 4.641 4.436 4.237 4.044 3.857 3.675 3.500 4.281 5.383 6.650 7.886 9.092 10.268 11.413 12.528 13.613 14.668 15.692 16.685 17.741 18.787
6.319 6.222 6.130 6.042 5.958 5.879 5.804 5.733 5.667 5.605 5.548 5.658 5.957 6.248 6.533 6.810 7.081 7.344 7.601 7.851 8.094 8.343 8.598 8.615 8.374 8.136 7.900 7.667 7.435 7.206 6.979 6.754 6.532 6.311 6.093 5.966 5.906 5.839 5.768 5.692 5.611 5.524 5.433 5.336 5.234 5.127 5.015 4.836 4.628 4.425 4.229 4.123 4.182 4.285 4.432 4.624 4.860 5.141 5.466 6.434 7.597 8.729 9.831 10.903 11.944 12.955 13.936 14.887 15.807 16.697 17.556 18.519 19.494
5.648 5.567 5.490 5.417 5.349 5.285 5.225 5.170 5.119 5.072 5.030 5.097 5.371 5.639 5.899 6.153 6.399 6.639 6.872 7.098 7.317 7.542 7.773 7.839 7.608 7.380 7.154 6.930 6.709 6.490 6.272 6.058 5.845 5.635 5.426 5.276 5.192 5.104 5.010 4.911 4.807 4.698 4.640 4.661 4.668 4.661 4.640 4.650 4.727 4.849 5.016 5.227 5.482 5.782 6.126 6.515 6.948 7.425 7.947 8.810 9.839 10.837 11.804 12.742 13.649 14.526 15.373 16.189 16.975 17.731 18.456 19.312 20.216
4.975 4.909 4.847 4.789 4.736 4.688 4.643 4.603 4.567 4.536 4.509 4.542 4.792 5.036 5.273 5.502 5.725 5.941 6.150 6.352 6.547 6.748 6.955 7.061 6.841 6.623 6.406 6.193 5.981 5.772 5.565 5.360 5.157 5.018 4.994 5.011 5.067 5.109 5.137 5.151 5.152 5.140 5.113 5.073 5.020 4.952 4.871 4.918 5.193 5.512 5.875 6.283 6.735 7.231 7.772 8.357 8.987 9.660 10.379 11.214 12.108 12.972 13.805 14.609 15.382 16.125 16.837 17.520 18.172 18.793 19.385 20.120 20.953
4.298 4.247 4.201 4.158 4.121 4.087 4.058 4.033 4.013 3.997 3.985 3.994 4.221 4.441 4.653 4.859 5.058 5.250 5.435 5.613 5.784 5.961 6.144 6.282 6.098 5.971 5.867 5.785 5.726 5.690 5.676 5.684 5.715 5.769 5.845 5.923 5.918 5.899 5.867 5.821 5.761 5.688 5.601 5.500 5.386 5.258 5.116 5.139 5.611 6.126 6.686 7.291 7.939 8.632 9.369 10.151 10.977 11.847 12.762 13.645 14.405 15.135 15.835 16.504 17.143 17.752 18.330 18.879 19.397 19.885 20.342 20.943 21.704
3.618 3.583 3.551 3.524 3.502 3.483 3.469 3.460 3.455 3.454 3.457 3.465 3.656 3.852 4.041 4.223 4.405 4.627 4.848 5.068 5.287 5.510 5.738 5.965 5.923 5.896 5.892 5.910 5.951 6.015 6.101 6.209 6.340 6.494 6.670 6.848 6.783 6.703 6.610 6.504 6.383 6.249 6.102 5.941 5.766 5.578 5.376 5.313 5.981 6.693 7.450 8.250 9.095 9.985 10.918 11.896 12.918 13.985 15.096 16.104 16.730 17.326 17.892 18.427 18.932 19.407 19.852 20.266 20.651 21.005 21.328 21.780 22.471
2.935 2.915 2.899 2.887 2.879 2.876 2.878 2.883 2.893 2.917 2.975 3.030 3.222 3.444 3.666 3.887 4.106 4.325 4.543 4.760 4.976 5.196 5.421 5.644 5.722 5.796 5.892 6.010 6.151 6.314 6.500 6.709 6.940 7.193 7.469 7.768 7.661 7.521 7.367 7.200 7.020 6.825 6.617 6.396 6.160 5.912 5.649 5.440 6.304 7.213 8.166 9.163 10.204 11.289 12.419 13.593 14.811 16.074 17.381 18.591 19.083 19.545 19.977 20.378 20.750 21.091 21.402 21.682 21.933 22.153 22.343 22.632 23.252
2.249 2.244 2.264 2.334 2.401 2.464 2.525 2.581 2.635 2.685 2.731 2.774 2.938 3.157 3.376 3.593 3.810 4.025 4.240 4.453 4.666 4.883 5.104 5.325 5.497 5.670 5.866 6.084 6.325 6.589 6.875 7.183 7.514 7.867 8.243 8.641 8.553 8.353 8.139 7.911 7.670 7.415 7.147 6.864 6.569 6.260 5.937 5.600 6.580 7.685 8.834 10.027 11.264 12.546 13.872 15.242 16.656 18.115 19.618 21.105 21.464 21.792 22.090 22.358 22.595 22.803 22.980 23.127 23.244 23.330 23.387 23.499 24.048
1.990 2.055 2.117 2.175 2.230 2.282 2.331 2.376 2.417 2.455 2.490 2.522 2.655 2.871 3.086 3.301 3.514 3.726 3.938 4.148 4.358 4.571 4.789 5.007 5.246 5.520 5.815 6.134 6.474 6.838 7.223 7.631 8.062 8.515 8.991 9.489 9.459 9.198 8.924 8.636 8.334 8.019 7.690 7.347 6.991 6.622 6.238 5.842 6.809 8.109 9.454 10.844 12.277 13.754 15.276 16.842 18.453 20.107 21.806 23.548 23.872 24.066 24.231 24.365 24.469 24.543 24.586 24.600 24.583 24.536 24.459 24.326 24.654
1.869 1.923 1.973 2.020 2.063 2.103 2.140 2.173 2.203 2.230 2.253 2.273 2.373 2.586 2.798 3.009 3.219 3.429 3.637 3.844 4.050 4.261 4.476 4.690 4.971 5.344 5.740 6.158 6.598 7.061 7.547 8.055 8.585 9.138 9.713 10.311 10.379 10.057 9.722 9.374 9.012 8.636 8.247 7.844 7.428 6.998 6.554 6.097 6.990 8.487 10.027 11.613 13.242 14.915 16.633 18.395 20.201 22.051 23.945 25.883 26.308 26.369 26.488 26.692 26.776 26.741 26.588 26.315 25.923 25.413 24.783 24.034 24.169
1.752 1.794 1.832 1.867 1.899 1.928 1.953 1.974 1.992 2.007 2.019 2.027 2.093 2.302 2.511 2.719 2.926 3.132 3.337 3.541 3.744 3.951 4.163 4.374 4.671 5.144 5.639 6.157 6.697 7.259 7.845 8.452 9.082 9.735 10.410 11.107 11.312 10.930 10.535 10.126 9.704 9.268 8.818 8.355 7.878 7.388 6.884 6.367 7.124 8.816 10.553 12.334 14.159 16.294 18.999 21.587 24.056 26.408 28.642 30.758 31.368 31.283 31.079 30.756 30.314 29.753 29.073 28.274 27.356 26.320 25.164 23.890 23.712
1.638 1.668 1.695 1.718 1.739 1.755 1.769 1.778 1.785 1.788 1.788 1.785 1.813 2.020 2.226 2.430 2.634 2.837 3.038 3.239 3.439 3.643 3.851 4.059 4.345 4.918 5.513 6.130 6.770 7.432 8.117 8.824 9.554 10.306 11.081 11.878 12.259 11.817 11.361 10.892 10.409 9.913 9.403 8.880 8.687 9.464 10.246 11.032 12.795 15.567 18.222 20.759 23.178 25.480 27.663 29.729 31.677 33.508 35.220 36.815 37.126 36.515 35.785 34.935 33.967 32.880 31.675 30.350 28.907 27.345 25.663 23.864 23.285
