DATA/SHG/ECMWF/20170628/EN-43/20170711.en-43.asc
ncols        190
nrows        64
xllcorner    -5100000.000000000000
yllcorner    4130000.000000000000
cellsize     10000.000000000000
NODATA_value  -99999.000
[rows 32 to 63 of 64, columns 73 to 145 of 190]
6.486 6.468 6.465 6.478 6.505 6.548 6.606 6.680 6.768 6.872 6.991 7.126 7.242 7.215 7.215 7.244 7.301 7.386 7.499 7.641 7.810 7.999 8.204 8.431 8.798 9.587 10.393 11.216 12.056 12.914 13.788 14.680 15.589 16.515 17.458 18.418 18.821 18.136 17.423 16.681 15.911 15.113 14.286 13.431 12.645 12.083 11.458 10.771 10.961 12.146 13.265 14.320 15.309 16.233 17.092 17.885 18.613 19.275 19.873 20.405 20.422 20.141 19.890 19.670 19.480 19.322 19.194 19.096 19.030 18.994 18.989 19.015 19.309
5.493 5.528 5.578 5.643 5.724 5.820 5.931 6.058 6.199 6.356 6.528 6.715 6.912 6.983 7.081 7.207 7.362 7.544 7.755 7.994 8.261 8.548 8.851 9.176 9.574 10.439 11.321 12.220 13.137 14.070 15.021 15.988 16.973 17.975 18.994 20.155 21.291 20.951 20.549 20.084 19.557 18.968 18.316 17.602 16.825 15.986 15.084 14.120 13.793 14.689 15.520 16.286 16.987 17.622 18.192 18.697 19.136 19.510 19.819 20.063 20.084 19.938 19.823 19.738 19.685 19.662 19.669 19.707 19.776 19.876 20.007 20.168 20.458
4.529 4.574 4.677 4.796 4.930 5.079 5.243 5.422 5.617 5.827 6.052 6.292 6.547 6.725 6.921 7.145 7.397 7.677 7.985 8.321 8.685 9.071 9.472 9.896 10.342 11.272 12.412 14.216 15.965 17.657 19.294 20.876 22.401 23.870 25.284 26.642 27.749 27.132 26.453 25.711 24.907 24.041 23.112 22.120 21.067 19.951 18.772 17.531 16.690 17.298 17.840 18.318 18.730 19.077 19.358 19.575 19.726 19.812 19.833 19.788 19.715 19.704 19.725 19.776 19.858 19.970 20.113 20.287 20.491 20.727 20.992 21.289 21.613
3.577 3.608 3.764 3.935 4.122 4.324 4.541 4.774 5.021 5.284 5.562 5.855 6.163 6.443 6.736 7.057 7.406 7.784 8.800 10.690 12.502 14.081 15.439 16.736 17.971 19.566 21.179 22.735 24.236 25.681 27.071 28.404 29.682 30.904 32.071 33.181 34.236 33.373 32.417 31.398 30.317 29.174 27.968 26.700 25.370 23.977 22.522 21.005 19.652 19.972 20.226 20.415 20.539 20.598 20.591 20.519 20.383 20.181 19.913 19.581 19.315 19.440 19.596 19.782 19.999 20.247 20.526 20.835 21.175 21.545 21.946 22.378 22.773
2.639 2.628 2.837 3.062 3.301 3.556 3.826 4.111 4.412 4.728 5.058 6.182 8.391 10.566 12.575 14.505 16.357 18.131 19.826 21.444 22.983 24.288 25.372 26.393 27.353 28.631 29.996 31.306 32.559 33.757 34.899 35.985 37.016 37.990 38.909 39.773 40.580 39.674 38.441 37.146 35.789 34.369 32.886 31.342 29.735 28.066 26.334 24.540 22.684 22.711 22.677 22.578 22.414 22.185 21.890 21.531 21.106 20.616 20.061 19.441 18.884 19.144 19.436 19.757 20.110 20.493 20.907 21.351 21.827 22.332 22.869 23.436 23.940
1.714 1.635 1.897 2.175 2.951 4.344 5.967 7.821 9.906 12.221 14.767 17.544 20.551 23.011 24.747 26.405 27.984 29.486 30.909 32.254 33.521 34.552 35.361 36.108 36.793 37.748 38.865 39.927 40.933 41.884 42.778 43.618 44.401 45.129 45.801 46.417 46.977 46.036 44.526 42.955 41.320 39.624 37.865 36.044 34.161 32.215 30.208 28.137 26.005 25.516 25.194 24.807 24.355 23.838 23.255 22.608 21.896 21.118 20.275 19.368 18.422 18.818 19.244 19.701 20.189 20.708 21.257 21.836 22.447 23.088 23.759 24.461 25.112
2.671 3.307 4.807 6.537 8.499 10.690 13.112 15.765 18.648 21.761 25.105 28.680 32.485 35.512 36.975 38.361 39.668 40.897 42.048 43.121 44.115 44.873 45.407 45.880 46.290 46.914 47.785 48.600 49.359 50.062 50.710 51.302 51.838 52.319 52.744 53.113 53.427 52.458 50.672 48.823 46.913 44.940 42.905 40.808 38.649 36.427 34.143 31.797 29.388 28.385 27.776 27.101 26.361 25.556 24.687 23.752 22.752 21.687 20.557 19.361 18.101 18.460 19.022 19.614 20.237 20.891 21.575 22.290 23.035 23.811 24.618 25.455 26.290
5.390 6.236 8.535 11.064 13.824 16.814 20.034 23.485 27.165 31.076 35.218 39.590 44.192 48.068 49.259 50.372 51.407 52.364 53.243 54.044 54.767 55.251 55.511 55.709 55.845 56.132 56.756 57.323 57.835 58.292 58.693 59.038 59.327 59.561 59.740 59.862 59.929 58.939 56.877 54.753 52.566 50.317 48.006 45.633 43.198 40.700 38.140 35.518 32.834 31.320 30.423 29.461 28.433 27.341 26.184 24.961 23.674 22.322 20.905 19.422 17.875 18.072 18.769 19.496 20.254 21.021 21.750 22.488 23.237 23.995 24.763 25.541 26.329
8.041 8.946 12.043 15.370 18.928 22.715 26.733 30.981 35.459 40.167 45.106 50.274 55.673 60.680 61.599 62.440 63.203 63.888 64.495 65.024 65.475 65.687 65.672 65.595 65.457 65.401 65.777 66.098 66.363 66.573 66.727 66.826 66.869 66.856 66.788 66.664 66.484 65.481 63.143 60.742 58.280 55.755 53.168 50.519 47.808 45.034 42.199 39.301 36.341 34.320 33.135 31.886 30.571 29.191 27.747 26.238 24.612 22.803 21.021 19.267 17.539 17.476 18.209 18.952 19.705 20.468 21.240 22.022 22.814 23.616 24.427 25.248 26.079
10.625 11.619 15.330 19.455 23.810 28.394 33.209 38.254 43.529 49.034 54.769 60.734 66.928 73.347 73.994 74.563 75.054 75.468 75.803 76.061 76.240 76.179 75.890 75.539 75.127 74.720 74.850 74.924 74.943 74.906 74.813 74.665 74.462 74.203 73.888 73.518 73.092 72.083 69.469 66.792 64.054 61.254 58.391 55.466 52.479 49.430 46.319 43.041 39.212 36.189 34.309 32.456 30.631 28.833 27.062 25.318 23.601 21.912 20.249 18.614 17.005 16.741 17.517 18.304 19.100 19.906 20.721 21.547 22.382 23.227 24.081 24.945 25.819
13.143 14.370 18.397 23.318 28.470 33.852 39.463 45.304 51.376 57.677 64.207 70.968 77.958 85.179 86.445 86.742 86.962 87.104 87.168 87.154 87.062 86.728 86.165 85.541 84.854 84.107 83.973 83.801 83.573 83.290 82.951 82.557 82.107 81.602 81.041 80.424 79.752 78.745 75.741 71.747 67.788 63.866 59.979 56.129 52.314 48.535 44.793 41.086 37.416 34.316 32.556 30.823 29.117 27.438 25.786 24.161 22.564 20.993 19.450 17.934 16.444 15.996 16.816 17.646 18.485 19.334 20.193 21.062 21.940 22.828 23.726 24.633 25.551
15.593 17.054 21.243 26.962 32.910 39.088 45.495 52.132 58.999 66.096 73.422 80.978 88.763 96.779 98.951 98.978 98.926 98.796 98.589 98.304 97.941 97.334 96.497 95.599 94.639 93.618 93.148 92.729 92.255 91.644 89.498 87.414 85.393 83.435 81.540 79.706 77.936 76.202 72.330 68.493 64.693 60.928 57.200 53.507 49.851 46.230 42.645 39.097 35.584 32.418 30.777 29.163 27.576 26.016 24.484 22.978 21.500 20.048 18.624 17.227 15.857 15.243 16.106 16.979 17.861 18.754 19.656 20.567 21.489 22.420 23.361 24.312 25.272
17.977 19.671 23.870 30.384 37.128 44.102 51.305 58.737 66.400 74.291 82.412 90.763 99.343 108.153 111.514 111.269 110.946 110.545 110.066 109.510 108.876 105.867 102.761 99.724 96.753 93.851 91.534 89.477 87.482 85.550 83.680 81.873 80.128 78.446 76.826 75.269 73.774 72.342 68.884 65.206 61.563 57.957 54.386 50.851 47.352 43.890 40.463 37.072 33.717 30.494 28.972 27.477 26.009 24.569 23.155 21.769 20.409 19.077 17.772 16.494 15.243 14.480 15.386 16.302 17.228 18.163 19.109 20.064 21.028 22.003 22.987 23.981 24.984
20.295 22.221 26.277 33.587 41.126 48.895 56.893 65.121 73.577 82.264 91.179 100.324 109.698 119.302 121.060 117.420 113.866 110.397 107.013 103.714 100.500 97.496 94.689 91.949 89.277 86.672 84.551 82.770 81.051 79.395 77.801 76.270 74.801 73.394 72.050 70.769 69.550 68.394 65.405 61.884 58.399 54.950 51.538 48.161 44.820 41.515 38.246 35.012 31.815 28.654 27.141 25.765 24.417 23.095 21.800 20.533 19.293 18.079 16.893 15.734 14.602 13.708 14.657 15.617 16.585 17.564 18.552 19.551 20.558 21.576 22.603 23.640 24.687
22.546 24.705 28.465 36.570 44.904 53.467 62.260 69.538 76.554 83.335 89.881 96.192 102.269 108.112 110.557 107.213 103.953 100.779 97.690 94.686 91.768 89.060 86.551 84.109 81.735 79.427 77.507 76.002 74.559 73.178 71.860 70.605 69.411 68.281 67.212 66.207 65.263 64.382 61.891 58.528 55.201 51.910 48.655 45.436 42.252 39.105 35.994 32.918 29.878 26.875 25.284 24.027 22.798 21.595 20.419 19.271 18.149 17.055 15.987 14.947 13.934 12.948 13.919 14.922 15.934 16.955 17.987 19.028 20.079 21.140 22.210 23.290 24.380
24.273 26.102 28.660 36.040 43.186 50.097 56.773 63.215 69.423 75.396 81.134 86.638 91.908 96.943 99.990 96.941 93.976 91.097 88.303 85.594 82.970 80.559 78.347 76.203 74.126 72.116 70.402 69.172 68.005 66.900 65.858 64.878 63.960 63.105 62.312 61.582 60.913 60.308 58.343 55.138 51.969 48.835 45.738 42.676 39.651 36.661 33.707 30.789 27.907 25.060 23.401 22.263 21.153 20.069 19.012 17.982 16.980 16.004 15.056 14.134 13.239 12.372 13.172 14.218 15.273 16.337 17.412 18.496 19.590 20.694 21.807 22.931 24.063
23.332 24.985 26.600 33.171 39.509 45.612 51.481 57.115 62.515 67.681 72.612 77.309 81.772 86.000 89.359 86.604 83.935 81.350 78.851 76.436 74.107 71.992 70.078 68.231 66.451 64.739 63.236 62.282 61.390 60.560 59.793 59.089 58.447 57.867 57.349 56.894 56.501 56.171 54.762 51.714 48.702 45.727 42.787 39.882 37.014 34.182 31.385 28.625 25.900 23.211 21.493 20.474 19.482 18.517 17.579 16.668 15.784 14.927 14.097 13.294 12.518 11.770 12.416 13.504 14.602 15.710 16.828 17.955 19.092 20.208 21.243 22.255 23.246
22.440 23.916 25.341 30.523 36.053 41.349 46.410 51.238 55.831 60.190 64.314 68.205 71.861 75.284 78.472 76.203 73.828 71.538 69.333 67.213 65.178 63.359 61.742 60.193 58.710 57.295 56.009 55.330 54.714 54.159 53.668 53.238 52.871 52.566 52.324 52.144 52.026 51.971 51.146 48.256 45.402 42.583 39.801 37.054 34.343 31.668 29.029 26.426 23.858 21.326 19.558 18.658 17.784 16.938 16.119 15.327 14.562 13.823 13.112 12.428 11.786 11.182 11.671 12.762 13.832 14.880 15.906 16.910 17.893 18.854 19.794 20.712 21.608
21.597 22.897 24.146 28.096 32.819 37.308 41.562 45.583 49.370 52.922 56.241 59.325 62.176 64.792 67.175 65.738 63.657 61.662 59.751 57.925 56.185 54.661 53.341 52.089 50.903 49.786 48.735 48.317 47.976 47.697 47.480 47.326 47.234 47.204 47.237 47.332 47.489 47.708 47.497 44.764 42.067 39.406 36.781 34.191 31.638 29.120 26.638 24.192 21.781 19.407 17.597 16.865 16.509 16.098 15.634 15.116 14.544 13.919 13.239 12.505 11.718 10.877 11.003 11.999 12.974 13.927 14.858 15.768 16.656 17.523 18.368 19.191 19.993
20.802 21.926 23.000 25.889 29.805 33.487 36.936 40.150 43.131 45.878 48.391 50.670 52.715 54.526 56.104 55.208 53.422 51.720 50.104 48.572 47.125 45.897 44.875 43.919 43.031 42.209 41.455 41.243 41.177 41.173 41.231 41.352 41.535 41.780 42.087 42.457 42.889 43.383 43.813 41.238 38.698 36.194 33.732 31.582 29.532 27.581 25.729 23.977 22.324 20.771 19.525 18.985 18.392 17.744 17.043 16.288 15.479 14.616 13.700 12.730 11.705 10.627 10.357 11.258 12.138 12.997 13.834 14.649 15.443 16.215 16.965 17.694 18.401
20.056 21.005 21.902 23.902 27.012 29.888 32.531 34.940 37.115 39.057 40.764 42.238 43.478 44.485 45.258 44.614 43.122 41.714 40.392 39.154 38.001 37.068 36.342 35.683 35.092 34.567 34.110 34.109 34.317 34.588 34.921 35.316 35.774 36.293 37.143 37.994 38.828 39.643 40.440 38.571 36.559 34.647 32.834 31.121 29.507 27.993 26.578 25.262 24.045 22.929 21.936 21.159 20.329 19.444 18.506 17.514 16.469 15.369 14.216 13.009 11.748 10.433 9.733 10.540 11.326 12.090 12.832 13.553 14.252 14.929 15.585 16.219 16.832
19.359 20.132 20.853 22.135 24.439 26.510 28.348 29.951 31.322 32.458 33.361 34.031 34.466 34.669 34.637 33.956 32.757 31.643 30.615 29.671 28.811 28.174 27.744 27.382 27.087 27.429 27.839 28.543 29.441 30.321 31.183 32.028 32.854 33.663 34.454 35.227 35.982 36.720 37.440 36.258 34.683 33.208 31.831 30.554 29.377 28.299 27.320 26.440 25.660 24.979 24.397 23.387 22.320 21.199 20.024 18.795 17.513 16.177 14.787 13.343 11.846 10.294 9.132 9.845 10.536 11.205 11.853 12.479 13.084 13.667 14.228 14.768 15.286
18.710 19.307 19.853 20.587 22.087 23.353 24.385 25.185 25.750 26.082 26.181 26.046 25.678 25.077 24.241 23.233 22.328 22.387 22.881 23.339 23.762 24.170 24.569 24.941 25.284 25.598 25.885 26.421 27.241 28.043 28.827 29.594 30.343 31.074 31.787 32.482 33.160 33.820 34.462 33.841 32.703 31.663 30.723 29.883 29.141 28.499 27.956 27.512 27.168 26.923 26.777 25.669 24.365 23.008 21.596 20.131 18.612 17.039 15.413 13.733 11.999 10.211 8.553 9.172 9.768 10.343 10.896 11.428 11.938 12.427 12.894 13.339 13.763
18.110 18.532 18.902 19.260 19.954 20.416 20.644 20.639 20.401 19.929 19.835 19.989 20.150 20.317 20.490 20.723 21.165 21.573 21.944 22.281 22.581 22.867 23.143 23.391 23.610 23.802 23.965 24.320 25.063 25.787 26.494 27.183 27.854 28.507 29.142 29.760 30.360 30.942 31.506 31.321 30.618 30.015 29.510 29.105 28.800 28.593 28.486 28.478 28.569 28.760 29.049 28.005 26.465 24.870 23.222 21.521 19.765 17.956 16.093 14.177 12.207 10.183 8.105 8.521 9.023 9.504 9.963 10.400 10.816 11.210 11.583 11.934 12.263
17.558 17.804 18.000 18.174 18.309 18.447 18.592 18.743 18.900 19.064 19.234 19.410 19.592 19.781 19.976 20.186 20.506 20.792 21.041 21.256 21.434 21.597 21.750 21.874 21.970 22.038 22.078 22.242 22.907 23.554 24.182 24.794 25.387 25.962 26.520 27.060 27.582 28.087 28.573 28.695 28.429 28.261 28.193 28.223 28.353 28.582 28.910 29.338 29.864 30.490 31.215 30.395 28.618 26.787 24.903 22.965 20.973 18.928 16.829 14.676 12.470 10.210 7.896 7.893 8.301 8.687 9.052 9.395 9.716 10.016 10.294 10.551 10.787
16.899 17.074 17.246 17.414 17.571 17.731 17.898 18.071 18.250 18.436 18.627 18.825 19.030 19.241 19.458 19.681 19.880 20.043 20.171 20.263 20.320 20.360 20.390 20.391 20.363 20.308 20.225 20.186 20.773 21.342 21.893 22.427 22.942 23.440 23.920 24.382 24.827 25.254 25.663 25.966 26.135 26.403 26.770 27.236 27.801 28.466 29.229 30.092 31.053 32.114 33.274 32.839 30.826 28.759 26.638 24.464 22.236 19.954 17.619 15.230 12.788 10.292 7.742 7.288 7.601 7.893 8.163 8.412 8.639 8.845 9.029 9.192 9.333
16.174 16.339 16.500 16.658 16.828 17.011 17.199 17.394 17.595 17.802 18.016 18.236 18.462 18.695 18.934 19.179 19.287 19.328 19.334 19.304 19.239 19.157 19.063 18.940 18.790 18.612 18.405 18.171 18.661 19.153 19.626 20.082 20.520 20.940 21.343 21.727 22.094 22.443 22.775 23.133 23.737 24.440 25.243 26.144 27.144 28.244 29.442 30.739 32.136 33.632 35.226 35.336 33.087 30.784 28.427 26.017 23.553 21.035 18.464 15.840 13.161 10.429 7.643 6.705 6.924 7.158 7.488 7.816 8.142 8.466 8.789 9.110 9.428
15.454 15.608 15.759 15.906 16.081 16.285 16.495 16.712 16.935 17.164 17.399 17.641 17.889 18.144 18.404 18.671 18.726 18.646 18.530 18.378 18.191 17.986 17.769 17.524 17.250 16.949 16.619 16.261 16.571 16.985 17.381 17.759 18.120 18.462 18.787 19.094 19.384 19.655 19.909 20.196 21.235 22.374 23.611 24.947 26.382 27.916 29.549 31.282 33.113 35.043 37.072 37.888 35.402 32.863 30.271 27.624 24.879 21.878 18.958 16.121 13.366 10.692 8.101 7.003 7.329 7.652 7.974 8.294 8.612 8.929 9.243 9.556 9.867
14.737 14.881 15.021 15.158 15.328 15.554 15.786 16.024 16.269 16.520 16.778 17.041 17.311 17.587 17.870 18.159 18.199 17.996 17.758 17.485 17.176 16.849 16.509 16.140 15.743 15.319 14.866 14.385 14.504 14.840 15.158 15.459 15.742 16.007 16.254 16.484 16.695 16.889 17.066 17.224 18.629 20.202 21.874 23.645 25.515 27.484 29.551 31.709 33.503 35.246 36.937 37.791 34.738 31.768 28.879 26.072 23.347 20.704 18.143 15.664 13.267 10.952 8.719 7.514 7.832 8.148 8.461 8.773 9.084 9.392 9.699 10.004 10.307
14.024 14.157 14.287 14.413 14.570 14.817 15.071 15.332 15.598 15.871 16.151 16.436 16.728 17.026 17.330 17.641 17.703 17.379 17.020 16.625 16.194 15.745 15.281 14.790 14.270 13.722 13.147 12.543 12.458 12.716 12.957 13.180 13.386 13.573 13.743 13.895 14.029 14.146 14.245 14.510 16.187 18.116 19.993 21.820 23.595 25.319 26.991 28.612 30.182 31.701 33.168 34.384 31.689 29.077 26.547 24.099 21.732 19.448 17.245 15.125 13.086 11.129 9.255 8.027 8.336 8.644 8.950 9.254 9.556 9.857 10.156 10.453 10.748
13.315 13.437 13.556 13.672 13.807 14.076 14.352 14.634 14.923 15.218 15.519 15.826 16.140 16.459 16.786 17.118 17.241 16.795 16.314 15.797 15.245 14.673 14.087 13.472 12.830 12.159 11.460 10.734 10.434 10.615 10.943 11.294 11.626 11.940 12.235 12.511 12.768 13.007 13.228 13.429 14.715 16.420 18.073 19.676 21.227 22.727 24.175 25.572 26.918 28.213 29.456 30.649 28.559 26.305 24.133 22.043 20.035 18.109 16.265 14.502 12.822 11.223 9.706 8.540 8.842 9.142 9.440 9.736 10.030 10.323 10.614 10.903 11.190
12.610 12.721 12.829 12.935 13.038 13.330 13.628 13.932 14.242 14.558 14.881 15.211 15.546 15.888 16.236 16.590 16.811 16.244 15.641 15.003 14.329 13.702 13.117 12.537 11.963 11.394 10.830 10.272 10.024 10.330 10.618 10.887 11.138 11.370 11.583 11.778 11.954 12.111 12.250 12.370 13.299 14.780 16.210 17.589 18.916 20.192 21.416 22.590 23.712 24.783 25.803 26.771 25.347 23.451 21.637 19.905 18.255 16.687 15.201 13.797 12.474 11.233 10.074 9.055 9.349 9.641 9.931 10.219 10.506 10.790 11.073 11.354 11.633
