DATA/SHG/ECMWF/20170628/EN-43/20170703.en-43.asc
ncols        190
nrows        64
xllcorner    -5100000.000000000000
yllcorner    4130000.000000000000
cellsize     10000.000000000000
NODATA_value  -99999.000
[rows 0 to 31 of 64, columns 73 to 145 of 190]
6.238 6.137 6.039 5.944 5.852 5.763 5.676 5.593 5.434 5.125 4.845 4.581 4.332 4.099 3.880 3.678 3.490 3.318 3.161 3.019 2.978 3.199 3.383 3.547 3.690 3.813 3.915 3.997 4.059 4.101 4.122 4.123 4.107 4.095 4.075 4.048 4.013 3.971 3.921 3.864 3.800 3.729 3.650 3.563 3.488 3.468 3.449 3.429 3.409 3.390 3.370 3.350 3.330 3.311 3.291 3.271 3.279 3.365 3.448 3.527 3.602 3.673 3.741 3.805 3.865 3.922 3.975 4.024 3.978 3.682 3.397 3.123 2.861
6.396 6.306 6.241 6.187 6.139 6.097 6.061 6.030 5.964 5.723 5.497 5.286 5.090 4.910 4.745 4.596 4.461 4.342 4.238 4.150 4.100 4.230 4.323 4.395 4.447 4.479 4.490 4.481 4.452 4.402 4.332 4.242 4.140 4.095 4.042 3.981 3.914 3.838 3.756 3.666 3.569 3.464 3.352 3.233 3.120 3.100 3.081 3.061 3.041 3.022 3.002 2.982 2.963 2.943 2.923 2.904 2.897 2.967 3.033 3.095 3.154 3.209 3.260 3.307 3.351 3.391 3.428 3.460 3.447 3.200 2.965 2.741 2.528
6.707 6.662 6.622 6.588 6.560 6.538 6.521 6.509 6.494 6.306 6.133 5.976 5.834 5.707 5.595 5.499 5.417 5.351 5.301 5.265 5.245 5.283 5.285 5.266 5.227 5.167 5.087 4.987 4.867 4.726 4.565 4.384 4.182 4.103 4.017 3.923 3.823 3.714 3.599 3.476 3.346 3.208 3.063 2.911 2.752 2.733 2.713 2.694 2.674 2.654 2.635 2.615 2.595 2.576 2.556 2.537 2.519 2.572 2.622 2.668 2.710 2.748 2.783 2.814 2.842 2.865 2.885 2.901 2.952 2.844 2.735 2.627 2.518
7.044 7.018 6.998 6.984 6.975 6.972 6.975 6.983 6.996 6.875 6.755 6.651 6.562 6.488 6.430 6.386 6.358 6.346 6.348 6.366 6.399 6.357 6.268 6.158 6.028 5.877 5.706 5.515 5.304 5.072 4.820 4.548 4.256 4.119 4.000 3.873 3.740 3.599 3.450 3.294 3.131 2.961 2.783 2.597 2.405 2.366 2.346 2.327 2.307 2.287 2.268 2.248 2.229 2.209 2.190 2.170 2.151 2.182 2.215 2.308 2.451 2.586 2.711 2.827 2.933 3.031 3.118 3.197 3.266 3.169 3.061 2.952 2.843
7.375 7.369 7.368 7.374 7.384 7.401 7.423 7.450 7.484 7.428 7.362 7.311 7.275 7.254 7.249 7.259 7.284 7.324 7.380 7.451 7.537 7.453 7.272 7.071 6.850 6.609 6.347 6.065 5.763 5.440 5.097 4.734 4.351 4.143 3.991 3.831 3.665 3.491 3.309 3.121 2.925 2.721 2.510 2.292 2.067 1.999 1.980 1.960 1.941 1.921 1.958 2.047 2.146 2.254 2.371 2.497 2.633 2.764 2.885 2.997 3.099 3.192 3.275 3.349 3.414 3.470 3.516 3.553 3.580 3.495 3.386 3.276 3.167
7.700 7.714 7.733 7.758 7.788 7.824 7.865 7.912 7.965 7.967 7.954 7.956 7.973 8.006 8.054 8.117 8.195 8.288 8.397 8.521 8.660 8.570 8.298 8.006 7.694 7.362 7.010 6.637 6.244 5.830 5.397 4.943 4.469 4.175 3.990 3.798 3.598 3.391 3.177 2.955 2.726 2.524 2.346 2.171 2.000 1.992 2.076 2.170 2.272 2.384 2.506 2.636 2.776 2.925 3.083 3.251 3.428 3.545 3.624 3.694 3.755 3.806 3.848 3.880 3.903 3.917 3.922 3.917 3.903 3.820 3.710 3.601 3.491
8.020 8.053 8.091 8.136 8.185 8.241 8.302 8.368 8.440 8.491 8.531 8.586 8.657 8.742 8.843 8.959 9.090 9.237 9.398 9.575 9.767 9.708 9.345 8.963 8.560 8.137 7.694 7.230 6.746 6.242 5.718 5.174 4.610 4.238 4.048 3.861 3.678 3.498 3.321 3.148 2.978 2.811 2.648 2.488 2.331 2.323 2.449 2.583 2.727 2.881 3.043 3.215 3.396 3.586 3.785 3.994 4.212 4.335 4.372 4.400 4.419 4.429 4.429 4.420 4.402 4.374 4.337 4.291 4.235 4.144 4.034 3.924 3.814
8.334 8.386 8.444 8.508 8.577 8.652 8.733 8.819 8.910 9.001 9.094 9.202 9.325 9.464 9.618 9.787 9.971 10.170 10.385 10.615 10.860 10.867 10.414 9.823 9.195 8.584 7.989 7.411 6.849 6.304 5.775 5.263 4.768 4.403 4.228 4.056 3.887 3.722 3.560 3.401 3.246 3.094 2.946 2.800 2.658 2.644 2.811 2.987 3.172 3.367 3.570 3.783 4.005 4.236 4.477 4.727 4.986 5.132 5.128 5.115 5.092 5.060 5.019 4.968 4.908 4.839 4.761 4.673 4.576 4.468 4.358 4.248 4.137
8.642 8.714 8.792 8.875 8.963 9.058 9.157 9.263 9.374 9.495 9.641 9.803 9.979 10.171 10.377 10.556 10.572 10.583 10.590 10.592 10.589 10.455 9.868 9.297 8.743 8.206 7.685 7.180 6.692 6.221 5.766 5.328 4.907 4.564 4.403 4.246 4.093 3.942 3.795 3.651 3.510 3.373 3.239 3.109 2.982 2.955 3.163 3.380 3.606 3.842 4.087 4.341 4.604 4.876 5.158 5.449 5.749 5.939 5.893 5.838 5.774 5.700 5.618 5.525 5.424 5.313 5.193 5.064 4.925 4.792 4.682 4.571 4.460
8.944 9.036 9.133 9.235 9.344 9.457 9.577 9.702 9.788 9.780 9.808 9.831 9.849 9.863 9.872 9.877 9.876 9.871 9.862 9.847 9.828 9.764 9.250 8.754 8.273 7.810 7.363 6.932 6.518 6.121 5.740 5.375 5.027 4.721 4.576 4.433 4.294 4.158 4.026 3.897 3.771 3.648 3.529 3.413 3.301 3.256 3.505 3.763 4.030 4.307 4.593 4.888 5.192 5.505 5.828 6.160 6.501 6.754 6.666 6.570 6.464 6.349 6.225 6.091 5.948 5.796 5.635 5.464 5.284 5.116 5.005 4.894 4.782
9.241 9.329 9.375 9.404 9.415 9.408 9.383 9.341 9.280 9.203 9.215 9.222 9.224 9.222 9.214 9.202 9.186 9.165 9.139 9.108 9.072 9.044 8.615 8.192 7.786 7.396 7.023 6.666 6.325 6.002 5.695 5.404 5.130 4.875 4.744 4.616 4.492 4.371 4.253 4.139 4.027 3.920 3.815 3.714 3.616 3.546 3.836 4.135 4.444 4.761 5.088 5.424 5.769 6.124 6.488 6.860 7.242 7.577 7.448 7.310 7.163 7.006 6.841 6.666 6.481 6.288 6.085 5.872 5.651 5.439 5.328 5.216 5.104
9.272 9.274 9.259 9.225 9.174 9.105 9.017 8.913 8.790 8.649 8.627 8.618 8.604 8.585 8.562 8.533 8.500 8.463 8.421 8.374 8.322 8.277 7.962 7.613 7.280 6.964 6.665 6.381 6.115 5.865 5.631 5.415 5.214 5.030 4.908 4.795 4.686 4.579 4.476 4.376 4.280 4.187 4.097 4.011 3.928 3.848 4.157 4.498 4.847 5.206 5.573 5.950 6.337 6.732 7.137 7.550 7.973 8.406 8.238 8.059 7.870 7.672 7.465 7.249 7.023 6.788 6.544 6.290 6.009 5.718 5.609 5.527 5.472
9.297 9.237 9.159 9.063 8.949 8.818 8.668 8.501 8.316 8.114 8.045 8.019 7.989 7.954 7.914 7.869 7.820 7.767 7.708 7.645 7.577 7.516 7.291 7.016 6.757 6.515 6.289 6.079 5.886 5.710 5.550 5.407 5.280 5.170 5.069 4.970 4.876 4.784 4.696 4.611 4.529 4.450 4.375 4.304 4.235 4.170 4.468 4.849 5.240 5.639 6.048 6.466 6.893 7.330 7.775 8.230 8.694 9.167 9.037 8.757 8.416 8.084 7.761 7.448 7.145 6.851 6.567 6.293 6.028 5.772 5.766 5.802 5.866
9.339 9.216 9.076 8.918 8.742 8.548 8.337 8.107 7.860 7.595 7.467 7.425 7.379 7.327 7.271 7.211 7.145 7.075 7.001 6.921 6.837 6.760 6.603 6.401 6.216 6.047 5.895 5.759 5.640 5.537 5.451 5.381 5.328 5.291 5.225 5.142 5.062 4.985 4.911 4.841 4.774 4.710 4.649 4.592 4.539 4.488 4.769 5.191 5.622 6.063 6.488 6.877 7.251 7.607 7.948 8.272 8.579 8.871 8.694 8.385 8.086 7.796 7.517 7.246 6.985 6.734 6.492 6.260 6.037 5.824 5.895 6.051 6.233
9.397 9.212 9.010 8.789 8.551 8.295 8.022 7.730 7.421 7.094 6.895 6.837 6.774 6.706 6.634 6.557 6.476 6.389 6.298 6.203 6.102 6.009 5.897 5.769 5.657 5.562 5.483 5.421 5.375 5.346 5.333 5.337 5.357 5.394 5.378 5.310 5.244 5.182 5.123 5.067 5.015 4.965 4.923 4.888 4.861 4.842 5.071 5.453 5.819 6.169 6.502 6.819 7.119 7.403 7.671 7.922 8.157 8.376 8.270 8.004 7.747 7.500 7.262 7.034 6.816 6.607 6.408 6.218 6.037 5.867 5.998 6.272 6.573
9.472 9.225 8.960 8.678 8.378 8.060 7.724 7.370 6.999 6.610 6.328 6.253 6.174 6.090 6.002 5.909 5.811 5.709 5.601 5.490 5.373 5.263 5.174 5.119 5.081 5.059 5.054 5.065 5.093 5.137 5.198 5.275 5.363 5.456 5.486 5.423 5.369 5.322 5.283 5.251 5.228 5.212 5.205 5.205 5.212 5.228 5.392 5.702 5.995 6.272 6.533 6.777 7.005 7.216 7.411 7.590 7.753 7.899 7.837 7.613 7.399 7.194 6.999 6.813 6.637 6.471 6.314 6.166 6.028 5.900 6.074 6.467 6.886
9.563 9.254 8.928 8.583 8.221 7.841 7.443 7.027 6.594 6.143 5.766 5.675 5.580 5.480 5.375 5.266 5.152 5.033 4.910 4.782 4.649 4.523 4.433 4.470 4.531 4.599 4.674 4.757 4.846 4.942 5.045 5.156 5.273 5.398 5.480 5.453 5.433 5.421 5.416 5.420 5.431 5.450 5.477 5.512 5.555 5.606 5.731 5.968 6.188 6.393 6.581 6.752 6.908 7.047 7.169 7.276 7.366 7.439 7.395 7.213 7.042 6.879 6.726 6.583 6.449 6.325 6.210 6.105 6.009 5.923 6.123 6.634 7.173
9.672 9.301 8.912 8.505 8.081 7.639 7.179 6.701 6.206 5.693 5.209 5.102 4.990 4.874 4.753 4.630 4.532 4.436 4.340 4.246 4.153 4.067 4.004 4.089 4.182 4.281 4.388 4.502 4.622 4.750 4.885 5.026 5.175 5.331 5.466 5.473 5.488 5.511 5.541 5.580 5.626 5.680 5.742 5.811 5.889 5.974 6.086 6.250 6.398 6.530 6.646 6.745 6.828 6.894 6.944 6.978 6.996 6.997 6.944 6.805 6.675 6.555 6.444 6.343 6.252 6.170 6.097 6.034 5.981 5.937 6.145 6.775 7.432
9.797 9.363 8.913 8.444 7.958 7.454 6.932 6.392 5.832 5.257 4.699 4.590 4.492 4.395 4.299 4.204 4.110 4.018 3.926 3.836 3.746 3.664 3.589 3.701 3.825 3.956 4.094 4.239 4.391 4.550 4.716 4.889 5.070 5.257 5.443 5.485 5.535 5.592 5.658 5.731 5.812 5.900 5.997 6.101 6.214 6.334 6.458 6.550 6.625 6.685 6.728 6.754 6.765 6.759 6.737 6.698 6.643 6.572 6.483 6.386 6.299 6.221 6.153 6.094 6.045 6.005 5.975 5.954 5.943 5.941 6.141 6.889 7.664
9.938 9.404 8.770 8.153 7.553 6.970 6.403 5.853 5.320 4.803 4.304 4.149 4.054 3.961 3.869 3.778 3.688 3.599 3.512 3.425 3.339 3.261 3.189 3.305 3.461 3.623 3.792 3.969 4.152 4.343 4.540 4.745 4.956 5.175 5.401 5.489 5.573 5.665 5.765 5.873 5.989 6.112 6.244 6.383 6.530 6.684 6.846 6.866 6.869 6.856 6.827 6.781 6.719 6.641 6.546 6.435 6.308 6.165 6.014 5.959 5.914 5.878 5.852 5.836 5.829 5.831 5.843 5.865 5.896 5.936 6.110 6.977 7.870
9.061 8.469 7.894 7.335 6.793 6.268 5.760 5.268 4.794 4.335 3.894 3.707 3.617 3.527 3.439 3.352 3.266 3.181 3.097 3.014 2.932 2.857 2.789 2.902 3.089 3.283 3.483 3.691 3.906 4.128 4.357 4.593 4.836 5.086 5.342 5.484 5.603 5.730 5.864 6.007 6.157 6.316 6.482 6.655 6.837 7.026 7.224 7.199 7.130 7.044 6.943 6.825 6.690 6.540 6.373 6.190 5.990 5.775 5.543 5.523 5.520 5.526 5.543 5.568 5.603 5.648 5.702 5.766 5.839 5.962 6.171 7.296 8.495
8.054 7.520 7.003 6.503 6.020 5.553 5.103 4.669 4.252 3.852 3.469 3.265 3.178 3.093 3.008 2.925 2.843 2.761 2.681 2.602 2.524 2.453 2.389 2.492 2.710 2.935 3.167 3.406 3.652 3.905 4.166 4.433 4.707 4.988 5.277 5.470 5.624 5.785 5.955 6.132 6.317 6.510 6.711 6.919 7.136 7.360 7.591 7.549 7.407 7.250 7.076 6.885 6.679 6.456 6.217 5.962 5.690 5.402 5.098 5.077 5.210 5.469 5.707 5.926 6.125 6.303 6.462 6.600 6.719 6.818 6.896 8.258 9.783
7.033 6.557 6.099 5.657 5.231 4.823 4.431 4.055 3.697 3.355 3.030 2.823 2.740 2.658 2.577 2.498 2.419 2.342 2.265 2.190 2.116 2.049 1.989 2.074 2.323 2.580 2.843 3.113 3.391 3.675 3.967 4.265 4.571 4.884 5.203 5.448 5.636 5.833 6.037 6.249 6.468 6.696 6.931 7.174 7.425 7.684 7.950 7.916 7.702 7.472 7.226 6.980 6.786 6.634 6.525 6.459 6.436 6.455 6.518 6.694 6.884 7.054 7.203 7.333 7.443 7.533 7.602 7.652 7.682 7.692 7.681 9.145 10.996
5.997 5.580 5.179 4.796 4.429 4.078 3.744 3.427 3.127 2.843 2.576 2.380 2.301 2.223 2.146 2.070 1.995 1.922 1.849 1.778 1.707 1.644 1.587 1.648 1.929 2.217 2.512 2.813 3.122 3.438 3.761 4.090 4.427 4.771 5.122 5.417 5.640 5.871 6.110 6.357 6.611 6.873 7.139 7.380 7.592 7.774 7.927 7.877 7.701 7.568 7.478 7.431 7.426 7.464 7.545 7.668 7.835 8.044 8.296 8.475 8.576 8.657 8.718 8.759 8.780 8.781 8.762 8.722 8.663 8.584 8.485 9.958 12.135
4.948 4.588 4.246 3.920 3.611 3.319 3.043 2.784 2.542 2.316 2.107 1.937 1.862 1.788 1.714 1.642 1.571 1.501 1.432 1.365 1.298 1.238 1.186 1.216 1.528 1.847 2.173 2.506 2.846 3.193 3.547 3.908 4.276 4.705 5.218 5.670 5.987 6.275 6.533 6.761 6.960 7.129 7.269 7.379 7.460 7.511 7.532 7.524 7.538 7.594 7.694 7.836 8.021 8.248 8.518 8.831 9.187 9.586 10.027 10.274 10.286 10.278 10.250 10.203 10.135 10.047 9.939 9.811 9.664 9.496 9.308 10.697 13.199
3.884 3.583 3.298 3.031 2.780 2.546 2.328 2.127 1.943 1.775 1.624 1.494 1.422 1.352 1.282 1.214 1.147 1.081 1.015 0.951 0.888 0.833 0.784 0.775 1.199 1.745 2.284 2.815 3.340 3.857 4.366 4.868 5.363 5.850 6.331 6.751 6.936 7.093 7.219 7.317 7.384 7.422 7.431 7.410 7.359 7.279 7.169 7.126 7.329 7.575 7.864 8.196 8.570 8.987 9.446 9.949 10.494 11.082 11.712 12.091 12.015 11.918 11.802 11.665 11.508 11.332 11.136 10.919 10.683 10.426 10.150 11.361 14.188
2.806 2.563 2.337 2.127 1.934 1.758 1.598 1.455 1.329 1.219 1.126 1.050 0.982 0.915 0.850 0.785 0.752 0.923 1.108 1.307 1.521 1.727 1.923 2.131 2.645 3.158 3.664 4.163 4.655 5.139 5.616 6.085 6.548 7.002 7.450 7.862 7.916 7.942 7.937 7.903 7.840 7.746 7.624 7.472 7.290 7.079 6.838 6.683 7.076 7.511 7.989 8.510 9.074 9.680 10.329 11.020 11.755 12.532 13.351 13.927 13.761 13.576 13.371 13.146 12.901 12.636 12.351 12.046 11.721 11.376 11.011 11.951 15.103
1.713 1.529 1.360 1.209 1.074 0.956 0.854 0.769 0.701 0.692 0.855 1.025 1.181 1.344 1.522 1.714 1.919 2.139 2.374 2.622 2.884 3.139 3.385 3.642 4.097 4.578 5.051 5.518 5.976 6.428 6.872 7.309 7.739 8.161 8.576 8.983 8.927 8.821 8.686 8.521 8.326 8.102 7.848 7.565 7.253 6.910 6.539 6.195 6.778 7.402 8.070 8.780 9.532 10.328 11.166 12.046 12.969 13.935 14.944 15.780 15.526 15.252 14.959 14.645 14.311 13.958 13.584 13.191 12.777 12.344 11.890 12.466 15.944
0.607 0.480 0.441 0.581 0.728 0.881 1.041 1.207 1.380 1.560 1.746 1.939 2.139 2.351 2.578 2.818 3.073 3.342 3.625 3.922 4.233 4.537 4.833 5.139 5.555 6.003 6.444 6.878 7.304 7.723 8.135 8.539 8.936 9.326 9.708 10.083 9.969 9.732 9.466 9.170 8.844 8.489 8.104 7.690 7.247 6.774 6.271 5.739 6.434 7.248 8.105 9.004 9.945 10.930 11.957 13.026 14.138 15.293 16.491 17.652 17.309 16.947 16.565 16.162 15.740 15.298 14.836 14.354 13.852 13.330 12.789 12.908 16.710
0.835 0.985 1.141 1.304 1.474 1.650 1.832 2.022 2.218 2.420 2.630 2.845 3.082 3.344 3.619 3.909 4.212 4.530 4.862 5.207 5.567 5.921 6.266 6.621 7.020 7.436 7.844 8.245 8.639 9.025 9.404 9.776 10.140 10.497 10.847 11.189 11.042 10.674 10.277 9.850 9.393 8.907 8.392 7.847 7.273 6.669 6.035 5.372 6.047 7.049 8.095 9.183 10.313 11.487 12.702 13.961 15.262 16.605 17.991 19.420 19.111 18.660 18.189 17.698 17.188 16.657 16.107 15.536 14.946 14.336 13.706 13.531 18.195
1.482 1.655 1.834 2.020 2.212 2.411 2.617 2.829 3.048 3.274 3.506 3.744 4.012 4.322 4.647 4.985 5.337 5.704 6.084 6.479 6.887 7.290 7.684 8.089 8.491 8.874 9.250 9.618 9.979 10.333 10.679 11.019 11.350 11.675 11.992 12.302 12.145 11.647 11.118 10.561 9.973 9.357 8.711 8.035 7.330 6.595 5.831 5.038 5.614 6.806 8.040 9.317 10.636 11.998 13.402 14.849 16.339 17.871 19.446 21.063 20.930 20.391 20.163 20.521 20.788 20.966 21.054 21.052 20.960 20.778 20.507 20.146 24.036
2.122 2.318 2.520 2.729 2.944 3.166 3.394 3.629 3.871 4.120 4.375 4.636 4.928 5.287 5.660 6.047 6.448 6.863 7.292 7.736 8.193 8.644 9.088 9.542 9.968 10.318 10.662 10.997 11.326 11.647 11.961 12.268 12.567 12.859 13.144 13.421 13.280 12.650 11.991 11.303 10.585 9.837 9.061 8.254 7.419 6.554 5.659 4.735 5.137 6.517 7.940 9.406 10.914 12.895 15.865 18.759 21.576 24.318 26.984 29.574 30.472 30.611 30.660 30.619 30.488 30.268 29.958 29.558 29.068 28.489 27.820 27.061 29.975
