DATA/SHG/ECMWF/20170628/EN-43/20170701.en-43.asc
ncols        190
nrows        64
xllcorner    -5100000.000000000000
yllcorner    4130000.000000000000
cellsize     10000.000000000000
NODATA_value  -99999.000
[rows 0 to 32 of 64, columns 0 to 72 of 190]
1.762 1.685 1.601 1.510 1.412 1.307 1.194 1.075 0.949 1.006 1.123 1.241 1.360 1.479 1.600 1.722 1.844 1.968 2.092 2.212 2.327 2.476 2.638 2.795 2.947 3.095 3.237 3.375 3.508 3.636 3.760 3.878 3.992 4.011 3.968 3.921 3.870 3.815 3.757 3.695 3.628 3.558 3.484 3.406 3.325 3.240 3.157 3.080 3.007 2.938 2.874 2.814 2.759 2.709 2.663 2.621 2.585 2.499 2.357 2.221 2.091 1.968 1.852 1.742 1.638 1.541 1.450 1.366 1.288 1.311 1.496 1.690 1.893
1.893 1.791 1.682 1.566 1.443 1.313 1.176 1.033 0.882 0.893 1.014 1.135 1.265 1.391 1.515 1.635 1.751 1.865 1.975 2.081 2.184 2.311 2.456 2.596 2.731 2.862 2.988 3.108 3.225 3.336 3.442 3.544 3.641 3.666 3.609 3.549 3.485 3.416 3.344 3.268 3.189 3.105 3.018 2.926 2.831 2.744 2.678 2.616 2.559 2.507 2.459 2.415 2.376 2.342 2.312 2.286 2.265 2.214 2.094 1.981 1.874 1.774 1.680 1.593 1.512 1.437 1.369 1.308 1.252 1.268 1.484 1.710 1.945
2.032 1.905 1.771 1.630 1.479 1.316 1.161 1.012 0.871 0.856 0.981 1.102 1.221 1.336 1.447 1.555 1.660 1.761 1.859 1.954 2.045 2.151 2.279 2.402 2.521 2.634 2.743 2.847 2.947 3.041 3.131 3.215 3.295 3.325 3.255 3.181 3.103 3.022 2.936 2.847 2.754 2.657 2.556 2.451 2.342 2.245 2.195 2.149 2.108 2.072 2.040 2.012 1.989 1.971 1.957 1.947 1.942 1.923 1.826 1.735 1.651 1.574 1.502 1.438 1.379 1.327 1.282 1.243 1.306 1.401 1.699 1.974 2.225
2.019 1.853 1.694 1.542 1.397 1.260 1.130 1.007 0.891 0.851 0.964 1.074 1.180 1.283 1.383 1.479 1.572 1.662 1.748 1.831 1.910 1.996 2.107 2.214 2.315 2.412 2.504 2.591 2.674 2.751 2.824 2.892 2.955 2.989 2.906 2.818 2.727 2.632 2.533 2.430 2.323 2.213 2.098 1.980 1.858 1.742 1.708 1.678 1.653 1.633 1.617 1.605 1.598 1.596 1.598 1.604 1.615 1.626 1.552 1.484 1.433 1.517 1.597 1.674 1.746 1.815 1.880 1.941 1.999 2.052 2.266 2.459 2.629
1.826 1.686 1.552 1.426 1.307 1.195 1.091 0.994 0.904 0.850 0.951 1.049 1.144 1.235 1.323 1.407 1.488 1.566 1.641 1.712 1.779 1.847 1.941 2.031 2.115 2.195 2.271 2.341 2.406 2.467 2.523 2.574 2.621 2.658 2.561 2.460 2.355 2.246 2.134 2.017 1.897 1.773 1.645 1.514 1.378 1.239 1.217 1.204 1.195 1.190 1.190 1.194 1.203 1.257 1.442 1.626 1.810 1.993 2.084 2.162 2.236 2.307 2.373 2.436 2.496 2.551 2.602 2.650 2.694 2.735 2.853 2.965 3.053
1.626 1.511 1.403 1.303 1.209 1.123 1.044 0.973 0.909 0.853 0.942 1.028 1.111 1.190 1.266 1.339 1.408 1.474 1.537 1.596 1.652 1.704 1.780 1.853 1.921 1.984 2.042 2.096 2.145 2.188 2.228 2.262 2.292 2.316 2.220 2.106 1.987 1.865 1.739 1.610 1.476 1.338 1.197 1.052 0.903 0.750 0.798 0.985 1.172 1.357 1.543 1.727 1.911 2.095 2.278 2.460 2.642 2.823 2.916 2.981 3.042 3.099 3.152 3.201 3.247 3.289 3.327 3.362 3.392 3.419 3.462 3.492 3.499
1.418 1.328 1.246 1.171 1.104 1.043 0.990 0.944 0.906 0.874 0.936 1.011 1.082 1.149 1.213 1.274 1.332 1.386 1.436 1.484 1.528 1.569 1.625 1.680 1.732 1.778 1.819 1.856 1.888 1.915 1.937 1.955 1.968 1.976 1.884 1.756 1.624 1.489 1.349 1.291 1.302 1.323 1.353 1.393 1.443 1.502 1.651 1.835 2.020 2.203 2.386 2.569 2.751 2.932 3.113 3.293 3.472 3.651 3.751 3.802 3.849 3.893 3.933 3.969 4.001 4.030 4.055 4.076 4.093 4.107 4.092 4.041 3.967
1.202 1.138 1.082 1.032 0.990 0.955 0.928 0.908 0.894 0.889 0.934 0.997 1.056 1.112 1.164 1.213 1.259 1.301 1.340 1.376 1.408 1.437 1.474 1.513 1.547 1.577 1.602 1.622 1.637 1.647 1.653 1.653 1.730 1.831 1.864 1.861 1.867 1.884 1.909 1.945 1.989 2.044 2.108 2.181 2.264 2.357 2.502 2.685 2.867 3.048 3.229 3.410 3.589 3.769 3.947 4.125 4.303 4.479 4.588 4.626 4.660 4.690 4.716 4.739 4.758 4.773 4.785 4.793 4.797 4.797 4.743 4.611 4.455
0.979 0.940 0.909 0.886 0.869 0.860 0.858 0.863 0.876 0.895 0.936 0.987 1.034 1.078 1.118 1.156 1.189 1.220 1.247 1.271 1.292 1.309 1.329 1.351 1.369 1.472 1.579 1.685 1.789 1.891 1.991 2.089 2.185 2.279 2.340 2.370 2.410 2.460 2.519 2.588 2.666 2.754 2.851 2.958 3.074 3.200 3.353 3.534 3.714 3.893 4.072 4.250 4.427 4.604 4.781 4.957 5.132 5.307 5.427 5.452 5.472 5.489 5.502 5.512 5.518 5.519 5.518 5.512 5.502 5.489 5.415 5.201 4.965
0.748 0.735 0.729 0.731 0.740 0.757 0.780 0.811 0.849 0.894 0.941 0.980 1.015 1.048 1.076 1.102 1.124 1.153 1.254 1.355 1.456 1.558 1.662 1.768 1.873 1.975 2.076 2.175 2.272 2.367 2.460 2.551 2.641 2.728 2.805 2.869 2.943 3.026 3.118 3.220 3.332 3.453 3.584 3.724 3.874 4.033 4.203 4.382 4.560 4.737 4.913 5.089 5.265 5.440 5.614 5.788 5.961 6.133 6.269 6.280 6.288 6.291 6.291 6.287 6.279 6.268 6.253 6.234 6.211 6.184 6.108 5.813 5.495
0.509 0.522 0.542 0.569 0.604 0.646 0.695 0.751 0.814 0.885 0.973 1.073 1.174 1.274 1.375 1.476 1.577 1.679 1.780 1.881 1.983 2.085 2.186 2.286 2.384 2.480 2.574 2.666 2.756 2.844 2.931 3.015 3.098 3.179 3.260 3.357 3.464 3.581 3.707 3.842 3.987 4.142 4.306 4.479 4.662 4.855 5.053 5.229 5.405 5.580 5.754 5.928 6.101 6.274 6.446 6.618 6.789 6.959 7.113 7.111 7.105 7.095 7.082 7.065 7.044 7.019 6.990 6.958 6.922 6.882 6.822 6.446 6.047
0.262 0.301 0.347 0.443 0.582 0.726 0.873 1.025 1.180 1.339 1.495 1.595 1.696 1.797 1.899 2.000 2.101 2.203 2.305 2.407 2.509 2.611 2.712 2.805 2.896 2.985 3.073 3.158 3.242 3.323 3.403 3.481 3.557 3.631 3.705 3.835 3.976 4.125 4.285 4.453 4.632 4.820 5.017 5.224 5.440 5.666 5.901 6.076 6.249 6.422 6.595 6.766 6.937 7.108 7.278 7.448 7.616 7.785 7.952 7.945 7.925 7.902 7.875 7.845 7.811 7.772 7.731 7.660 7.579 7.508 7.448 7.077 6.689
0.423 0.564 0.710 0.859 1.013 1.170 1.330 1.495 1.663 1.836 2.012 2.117 2.218 2.319 2.421 2.523 2.625 2.726 2.829 2.931 3.033 3.136 3.238 3.326 3.410 3.492 3.573 3.652 3.728 3.803 3.876 3.947 4.017 4.084 4.149 4.303 4.476 4.659 4.852 5.054 5.266 5.487 5.718 5.958 6.207 6.466 6.735 6.922 7.093 7.264 7.434 7.604 7.773 7.941 8.109 8.276 8.443 8.609 8.775 8.781 8.682 8.564 8.456 8.359 8.272 8.196 8.130 8.075 8.030 7.996 7.972 7.688 7.342
0.794 0.949 1.108 1.271 1.438 1.608 1.782 1.961 2.142 2.328 2.518 2.637 2.739 2.840 2.942 3.044 3.147 3.249 3.352 3.454 3.557 3.660 3.763 3.847 3.925 4.001 4.074 4.146 4.216 4.285 4.351 4.415 4.478 4.538 4.597 4.760 4.967 5.183 5.409 5.644 5.889 6.144 6.407 6.681 6.964 7.256 7.558 7.767 7.936 8.105 8.273 8.441 8.607 8.670 8.719 8.773 8.832 8.897 8.967 8.921 8.829 8.748 8.677 8.616 8.566 8.527 8.497 8.479 8.471 8.473 8.486 8.287 7.983
1.161 1.330 1.502 1.678 1.858 2.042 2.230 2.421 2.616 2.816 3.018 3.156 3.258 3.361 3.463 3.565 3.668 3.771 3.874 3.977 4.080 4.183 4.286 4.370 4.441 4.510 4.577 4.642 4.706 4.767 4.827 4.884 4.940 4.994 5.046 5.206 5.446 5.696 5.955 6.224 6.502 6.790 7.087 7.393 7.709 8.035 8.232 8.332 8.367 8.407 8.453 8.505 8.562 8.624 8.691 8.764 8.842 8.926 9.015 9.022 8.967 8.922 8.887 8.863 8.850 8.847 8.854 8.872 8.900 8.939 8.989 8.874 8.612
1.523 1.705 1.891 2.080 2.274 2.471 2.672 2.877 3.086 3.298 3.514 3.675 3.777 3.880 3.983 4.085 4.188 4.291 4.395 4.498 4.601 4.705 4.809 4.894 4.958 5.021 5.081 5.140 5.196 5.251 5.304 5.355 5.404 5.451 5.496 5.642 5.916 6.199 6.480 6.699 6.911 7.117 7.316 7.509 7.695 7.876 8.049 8.167 8.221 8.280 8.345 8.415 8.491 8.572 8.658 8.750 8.847 8.950 9.058 9.113 9.094 9.086 9.088 9.100 9.123 9.157 9.201 9.255 9.320 9.395 9.481 9.450 9.229
1.880 2.076 2.275 2.478 2.685 2.895 3.110 3.328 3.550 3.776 4.005 4.192 4.295 4.398 4.501 4.604 4.708 4.811 4.915 5.019 5.122 5.226 5.331 5.420 5.477 5.533 5.586 5.638 5.688 5.736 5.782 5.812 5.808 5.802 5.794 5.856 6.071 6.280 6.483 6.679 6.869 7.052 7.229 7.400 7.564 7.722 7.873 7.997 8.070 8.148 8.232 8.321 8.415 8.515 8.620 8.731 8.847 8.968 9.095 9.193 9.211 9.239 9.278 9.327 9.386 9.456 9.536 9.627 9.729 9.840 9.963 10.013 9.834
2.233 2.441 2.654 2.870 3.091 3.315 3.542 3.774 4.009 4.249 4.492 4.709 4.812 4.916 5.019 5.123 5.226 5.330 5.434 5.538 5.643 5.747 5.851 5.946 5.976 5.979 5.980 5.979 5.976 5.971 5.964 5.954 5.943 5.929 5.913 5.931 6.124 6.311 6.491 6.665 6.833 6.994 7.149 7.297 7.439 7.574 7.704 7.822 7.913 8.011 8.113 8.221 8.334 8.453 8.577 8.706 8.841 8.981 9.127 9.263 9.317 9.382 9.457 9.543 9.639 9.745 9.862 9.989 10.127 10.275 10.434 10.564 10.427
2.580 2.802 3.028 3.258 3.492 3.729 3.970 4.215 4.464 4.716 4.973 5.225 5.328 5.432 5.536 5.640 5.744 5.808 5.855 5.908 5.967 6.031 6.101 6.175 6.172 6.168 6.162 6.153 6.143 6.130 6.115 6.098 6.079 6.057 6.034 6.014 6.184 6.349 6.507 6.658 6.803 6.942 7.075 7.201 7.320 7.434 7.541 7.641 7.752 7.868 7.989 8.116 8.248 8.386 8.529 8.677 8.830 8.989 9.153 9.323 9.413 9.515 9.626 9.748 9.881 10.023 10.177 10.340 10.515 10.699 10.894 11.100 11.007
2.923 3.159 3.398 3.641 3.888 4.139 4.393 4.652 4.914 5.180 5.399 5.581 5.627 5.665 5.709 5.758 5.814 5.876 5.943 6.017 6.096 6.181 6.272 6.369 6.371 6.359 6.346 6.329 6.311 6.291 6.268 6.244 6.217 6.188 6.157 6.124 6.251 6.393 6.528 6.658 6.781 6.897 7.007 7.111 7.209 7.300 7.384 7.463 7.586 7.720 7.861 8.006 8.157 8.313 8.475 8.642 8.814 8.992 9.175 9.363 9.499 9.637 9.785 9.943 10.112 10.291 10.481 10.681 10.892 11.113 11.344 11.586 11.576
3.261 3.510 3.763 4.078 4.364 4.620 4.847 5.043 5.209 5.346 5.453 5.529 5.584 5.643 5.707 5.778 5.854 5.937 6.025 6.119 6.219 6.325 6.437 6.554 6.572 6.553 6.531 6.508 6.482 6.454 6.424 6.392 6.357 6.321 6.282 6.241 6.323 6.443 6.556 6.663 6.764 6.858 6.946 7.028 7.103 7.172 7.234 7.291 7.414 7.567 7.726 7.891 8.060 8.235 8.416 8.601 8.793 8.989 9.191 9.398 9.575 9.749 9.933 10.128 10.334 10.549 10.775 10.980 11.140 11.304 11.473 11.647 11.576
4.177 4.447 4.688 4.899 5.080 5.231 5.352 5.443 5.505 5.536 5.538 5.510 5.535 5.615 5.700 5.791 5.888 5.991 6.100 6.215 6.335 6.462 6.594 6.733 6.775 6.748 6.719 6.688 6.654 6.619 6.581 6.541 6.500 6.456 6.409 6.361 6.402 6.500 6.591 6.676 6.754 6.826 6.892 6.951 7.004 7.051 7.091 7.125 7.237 7.409 7.587 7.770 7.959 8.152 8.352 8.556 8.766 8.981 9.201 9.427 9.609 9.753 9.901 10.054 10.212 10.374 10.541 10.713 10.889 11.070 11.255 11.446 11.405
5.344 5.509 5.645 5.751 5.827 5.873 5.889 5.875 5.832 5.759 5.655 5.522 5.480 5.580 5.686 5.798 5.916 6.039 6.169 6.304 6.446 6.593 6.746 6.905 6.979 6.945 6.908 6.870 6.829 6.786 6.741 6.693 6.644 6.592 6.539 6.483 6.488 6.563 6.632 6.694 6.751 6.800 6.844 6.881 6.912 6.936 6.954 6.966 7.055 7.246 7.443 7.645 7.852 8.031 8.193 8.359 8.528 8.700 8.875 9.054 9.223 9.383 9.548 9.717 9.891 10.070 10.253 10.441 10.634 10.831 11.033 11.240 11.244
6.542 6.603 6.633 6.634 6.605 6.546 6.458 6.339 6.191 6.013 5.805 5.567 5.418 5.539 5.666 5.798 5.937 6.081 6.231 6.387 6.549 6.717 6.891 7.070 7.186 7.144 7.100 7.054 7.005 6.955 6.902 6.847 6.790 6.731 6.670 6.607 6.579 6.632 6.679 6.720 6.754 6.781 6.802 6.817 6.826 6.828 6.787 6.729 6.736 6.894 7.055 7.220 7.387 7.557 7.731 7.908 8.088 8.271 8.458 8.647 8.833 9.010 9.191 9.376 9.567 9.762 9.961 10.166 10.375 10.589 10.807 11.030 11.093
7.772 7.728 7.653 7.549 7.415 7.252 7.058 6.835 6.582 6.299 5.987 5.644 5.351 5.492 5.639 5.793 5.952 6.117 6.287 6.464 6.647 6.835 7.029 7.229 7.395 7.345 7.294 7.240 7.184 7.126 7.066 7.003 6.939 6.872 6.803 6.732 6.678 6.708 6.733 6.697 6.651 6.602 6.549 6.493 6.433 6.370 6.304 6.235 6.205 6.374 6.546 6.721 6.900 7.082 7.266 7.454 7.646 7.840 8.037 8.238 8.439 8.632 8.829 9.031 9.238 9.450 9.666 9.886 10.112 10.342 10.576 10.816 10.952
9.024 8.883 8.704 8.496 8.257 7.989 7.691 7.363 7.005 6.618 6.200 5.753 5.277 5.439 5.607 5.780 5.960 6.146 6.337 6.534 6.737 6.947 7.161 7.382 7.605 7.548 7.489 7.428 7.364 7.299 7.231 7.162 7.116 7.021 6.878 6.687 6.453 6.405 6.354 6.300 6.242 6.181 6.116 6.049 5.978 5.904 5.826 5.745 5.670 5.851 6.034 6.221 6.410 6.603 6.799 6.998 7.201 7.406 7.615 7.827 8.041 8.250 8.464 8.682 8.905 9.133 9.366 9.603 9.844 10.091 10.342 10.597 10.821
10.178 10.071 9.787 9.473 9.130 8.757 8.355 7.922 7.460 6.968 6.446 5.895 5.313 5.379 5.568 5.762 5.962 6.168 6.380 6.598 6.822 7.052 7.287 7.528 7.811 7.976 8.050 8.076 8.054 7.983 7.865 7.698 7.482 7.219 6.907 6.547 6.139 6.034 5.972 5.906 5.836 5.764 5.688 5.609 5.526 5.441 5.352 5.259 5.164 5.325 5.520 5.717 5.918 6.122 6.329 6.540 6.753 6.970 7.189 7.412 7.638 7.864 8.094 8.329 8.569 8.813 9.061 9.315 9.573 9.836 10.103 10.375 10.651
11.315 11.289 10.901 10.483 10.035 9.557 9.050 8.513 7.946 7.350 6.724 6.068 5.382 5.313 5.522 5.737 5.958 6.297 6.860 7.389 7.884 8.344 8.770 9.161 9.518 9.574 9.479 9.336 9.145 8.906 8.618 8.282 7.898 7.466 6.985 6.456 5.879 5.667 5.593 5.516 5.435 5.351 5.264 5.173 5.079 4.982 4.881 4.777 4.670 4.797 5.003 5.212 5.424 5.639 5.857 6.078 6.303 6.531 6.762 6.996 7.233 7.474 7.721 7.972 8.228 8.488 8.753 9.023 9.297 9.576 9.860 10.148 10.441
12.436 12.539 12.046 11.523 10.971 10.389 9.777 9.136 8.465 7.764 7.197 6.848 6.552 6.768 7.349 7.895 8.406 8.883 9.326 9.734 10.108 10.447 10.752 11.023 11.259 11.221 10.957 10.645 10.285 9.877 9.421 8.916 8.363 7.762 7.113 6.416 5.670 5.304 5.219 5.130 5.037 4.942 4.843 4.741 4.636 4.527 4.415 4.299 4.181 4.266 4.483 4.703 4.926 5.153 5.382 5.615 5.850 6.089 6.331 6.576 6.825 7.081 7.343 7.611 7.883 8.160 8.441 8.727 9.017 9.313 9.613 9.917 10.226
13.539 13.819 13.222 12.630 12.095 11.614 11.185 10.809 10.486 10.215 9.998 9.833 9.721 9.871 10.331 10.756 11.147 11.503 11.825 12.112 12.365 12.584 12.768 12.918 13.034 12.916 12.483 12.003 11.474 10.897 10.272 9.599 8.877 8.108 7.290 6.424 5.511 4.945 4.848 4.748 4.644 4.537 4.427 4.313 4.196 4.076 3.952 3.826 3.695 3.733 3.961 4.193 4.427 4.664 4.905 5.148 5.395 5.645 5.898 6.155 6.414 6.683 6.962 7.245 7.534 7.827 8.124 8.427 8.699 8.907 9.102 9.283 9.451
14.702 14.937 14.481 14.079 13.729 13.432 13.187 12.996 12.857 12.771 12.737 12.757 12.829 13.007 13.346 13.650 13.920 14.156 14.357 14.524 14.656 14.754 14.818 14.847 14.842 14.659 14.058 13.409 12.711 11.966 11.172 10.331 9.441 8.503 7.517 6.483 5.401 4.590 4.481 4.369 4.254 4.136 4.014 3.889 3.760 3.629 3.494 3.356 3.214 3.198 3.437 3.679 3.925 4.173 4.425 4.680 4.937 5.199 5.463 5.730 6.001 6.268 6.524 6.766 6.995 7.211 7.413 7.602 7.777 7.939 8.087 8.222 8.343
16.024 15.957 15.686 15.468 15.303 15.190 15.130 15.122 15.167 15.266 15.416 15.620 15.876 16.176 16.394 16.577 16.727 16.841 16.922 16.968 16.980 16.958 16.901 16.810 16.685 16.451 15.681 14.863 13.997 13.084 12.122 11.112 10.054 8.947 7.793 6.591 5.340 4.238 4.118 3.995 3.868 3.738 3.605 3.469 3.329 3.186 3.039 2.890 2.737 2.660 2.910 3.163 3.420 3.680 3.963 4.251 4.524 4.784 5.030 5.261 5.479 5.687 5.896 6.092 6.274 6.443 6.599 6.741 6.869 6.984 7.086 7.174 7.249
17.493 16.963 16.832 16.798 16.817 16.888 17.012 17.189 17.418 17.700 18.035 18.422 18.862 19.355 19.474 19.537 19.566 19.560 19.520 19.446 19.338 19.195 19.018 18.806 18.560 18.280 17.352 16.366 15.332 14.250 13.120 11.942 10.715 9.441 8.119 6.748 5.330 3.891 3.759 3.624 3.486 3.345 3.200 3.052 2.901 2.746 2.589 2.499 2.418 2.333 2.643 2.938 3.219 3.486 3.739 3.978 4.203 4.414 4.611 4.793 4.962 5.119 5.282 5.431 5.567 5.689 5.798 5.894 5.976 6.044 6.099 6.141 6.169
