DATA/SHG/ECMWF/20170628/EN-43/20170708.en-43.asc
ncols        190
nrows        64
xllcorner    -5100000.000000000000
yllcorner    4130000.000000000000
cellsize     10000.000000000000
NODATA_value  -99999.000
[rows 0 to 31 of 64, columns 73 to 145 of 190]
16.999 17.087 17.157 17.208 17.239 17.252 17.246 17.220 17.170 16.898 16.516 16.130 15.741 15.349 14.954 14.556 14.155 13.751 13.344 12.934 12.574 12.412 12.273 12.139 12.013 11.892 11.779 11.672 11.571 11.478 11.390 11.310 11.177 10.869 10.584 10.320 10.078 9.858 9.660 9.484 9.329 9.196 9.085 8.996 8.808 8.245 7.670 7.080 6.477 5.861 5.232 4.589 3.932 3.262 2.579 1.882 1.365 1.416 1.473 1.536 1.604 1.678 1.757 1.842 1.933 2.030 2.132 2.240 2.309 2.249 2.188 2.124 2.059
18.835 18.857 18.623 18.303 17.965 17.608 17.231 16.836 16.429 16.038 15.645 15.249 14.849 14.447 14.041 13.632 13.221 12.806 12.388 11.967 11.571 11.439 11.329 11.225 11.128 11.037 10.953 10.876 10.805 10.741 10.683 10.632 10.566 10.357 10.169 10.003 9.858 9.736 9.635 9.556 9.499 9.464 9.450 9.459 9.406 8.783 8.147 7.497 6.834 6.158 5.468 4.765 4.048 3.318 2.575 1.818 1.166 1.242 1.325 1.413 1.506 1.605 1.711 1.821 1.938 2.060 2.188 2.321 2.429 2.360 2.289 2.216 2.141
18.889 18.541 18.175 17.789 17.385 16.962 16.520 16.059 15.584 15.183 14.779 14.372 13.961 13.548 13.132 12.713 12.290 11.865 11.436 11.004 10.569 10.460 10.379 10.305 10.237 10.176 10.122 10.074 10.032 9.997 9.969 9.947 9.932 9.821 9.730 9.662 9.615 9.590 9.587 9.605 9.645 9.707 9.791 9.897 10.017 9.334 8.638 7.928 7.205 6.469 5.719 4.955 4.179 3.388 2.585 1.768 0.961 1.063 1.170 1.284 1.403 1.528 1.658 1.794 1.936 2.084 2.237 2.396 2.557 2.494 2.429 2.362 2.294
18.591 18.177 17.744 17.293 16.823 16.334 15.826 15.300 14.755 14.331 13.917 13.499 13.078 12.654 12.227 11.797 11.364 10.928 10.488 10.046 9.601 9.475 9.424 9.379 9.341 9.309 9.284 9.266 9.254 9.248 9.249 9.257 9.271 9.262 9.269 9.298 9.348 9.421 9.515 9.630 9.768 9.927 10.108 10.311 10.536 9.899 9.143 8.373 7.590 6.793 5.983 5.160 4.323 3.473 2.609 1.732 0.842 0.877 1.011 1.181 1.380 1.574 1.763 1.946 2.125 2.299 2.468 2.632 2.791 2.737 2.666 2.593 2.519
18.311 17.831 17.333 16.815 16.280 15.725 15.152 14.560 13.949 13.484 13.059 12.630 12.199 11.764 11.326 10.886 10.442 9.995 9.545 9.092 8.636 8.484 8.462 8.447 8.438 8.436 8.440 8.451 8.469 8.493 8.523 8.560 8.604 8.680 8.784 8.910 9.058 9.228 9.419 9.632 9.867 10.123 10.402 10.702 11.024 10.478 9.661 8.832 7.988 7.131 6.240 5.347 4.478 3.633 2.812 2.016 1.243 1.241 1.427 1.609 1.785 1.957 2.124 2.285 2.442 2.594 2.741 2.883 3.020 2.982 2.904 2.825 2.744
18.048 17.503 16.939 16.356 15.755 15.135 14.496 13.838 13.161 12.641 12.205 11.766 11.324 10.878 10.430 9.979 9.524 9.066 8.606 8.142 7.675 7.487 7.495 7.509 7.529 7.557 7.590 7.631 7.678 7.731 7.791 7.857 7.930 8.075 8.276 8.500 8.745 9.012 9.300 9.610 9.942 10.245 10.506 10.752 10.982 10.452 9.546 8.664 7.806 6.972 6.162 5.376 4.614 3.877 3.163 2.474 1.808 1.716 1.881 2.040 2.195 2.344 2.489 2.629 2.764 2.894 3.019 3.139 3.254 3.227 3.143 3.058 2.971
17.804 17.193 16.564 15.915 15.248 14.562 13.858 13.135 12.393 11.802 11.355 10.905 10.453 9.997 9.538 9.076 8.610 8.142 7.671 7.197 6.719 6.484 6.521 6.564 6.615 6.671 6.734 6.804 6.880 6.963 7.052 7.148 7.303 7.555 7.870 8.170 8.455 8.725 8.979 9.217 9.441 9.649 9.842 10.019 10.181 9.813 9.014 8.239 7.488 6.761 6.058 5.380 4.725 4.095 3.488 2.906 2.348 2.196 2.339 2.476 2.609 2.737 2.859 2.977 3.090 3.198 3.301 3.399 3.492 3.474 3.384 3.292 3.198
17.578 16.902 16.206 15.493 14.760 14.009 13.239 12.450 11.642 10.967 10.510 10.049 9.586 9.119 8.650 8.177 7.701 7.222 6.740 6.255 5.767 5.475 5.541 5.745 5.989 6.217 6.429 6.625 6.804 6.968 7.115 7.246 7.361 7.522 7.769 8.001 8.218 8.419 8.604 8.775 8.930 9.070 9.195 9.304 9.398 9.149 8.457 7.789 7.145 6.526 5.930 5.359 4.811 4.288 3.788 3.313 2.862 2.681 2.801 2.917 3.027 3.133 3.234 3.329 3.420 3.506 3.587 3.663 3.734 3.722 3.625 3.527 3.427
17.370 16.628 15.868 15.088 14.290 13.473 12.638 11.784 10.911 10.136 9.668 9.197 8.723 8.246 7.766 7.327 7.068 6.825 6.596 6.381 6.182 6.078 6.282 6.470 6.642 6.798 6.938 7.061 7.168 7.259 7.334 7.393 7.436 7.506 7.685 7.849 7.997 8.130 8.247 8.350 8.437 8.508 8.565 8.606 8.632 8.460 7.875 7.315 6.778 6.266 5.777 5.312 4.872 4.455 4.063 3.695 3.350 3.170 3.268 3.362 3.450 3.534 3.613 3.686 3.755 3.819 3.878 3.932 3.981 3.971 3.868 3.763 3.657
17.181 16.373 15.547 14.702 13.838 12.956 12.055 11.136 10.244 9.524 9.229 8.948 8.681 8.430 8.193 7.971 7.764 7.572 7.394 7.231 7.083 6.965 7.097 7.213 7.312 7.396 7.463 7.515 7.550 7.569 7.571 7.558 7.528 7.507 7.618 7.713 7.793 7.858 7.907 7.941 7.960 7.964 7.952 7.925 7.883 7.747 7.269 6.816 6.386 5.981 5.599 5.241 4.908 4.598 4.312 4.051 3.813 3.663 3.740 3.811 3.878 3.939 3.996 4.048 4.095 4.137 4.174 4.206 4.233 4.221 4.111 4.000 3.888
17.009 16.147 15.304 14.478 13.666 12.870 12.090 11.325 10.575 9.847 9.602 9.373 9.158 8.958 8.772 8.602 8.446 8.305 8.178 8.067 7.970 7.873 7.929 7.972 8.000 8.011 8.006 7.985 7.948 7.895 7.826 7.740 7.639 7.525 7.567 7.594 7.606 7.603 7.584 7.550 7.501 7.437 7.357 7.262 7.152 7.010 6.639 6.292 5.969 5.671 5.396 5.145 4.918 4.715 4.537 4.382 4.251 4.161 4.215 4.265 4.309 4.349 4.384 4.414 4.439 4.459 4.474 4.484 4.489 4.472 4.356 4.239 4.120
16.891 16.087 15.299 14.526 13.768 13.026 12.299 11.587 10.891 10.210 9.962 9.784 9.620 9.471 9.337 9.218 9.113 9.023 8.948 8.888 8.842 8.797 8.777 8.749 8.704 8.644 8.567 8.474 8.365 8.239 8.098 7.941 7.767 7.577 7.533 7.493 7.436 7.365 7.278 7.176 7.059 6.927 6.779 6.616 6.437 6.244 5.984 5.744 5.528 5.336 5.168 5.024 4.904 4.808 4.736 4.687 4.663 4.663 4.695 4.723 4.746 4.763 4.776 4.784 4.787 4.785 4.778 4.767 4.744 4.711 4.595 4.489 4.394
16.764 16.014 15.279 14.559 13.855 13.166 12.493 11.835 11.192 10.565 10.308 10.181 10.068 9.971 9.888 9.820 9.766 9.728 9.704 9.694 9.700 9.706 9.643 9.543 9.426 9.293 9.144 8.979 8.798 8.601 8.388 8.158 7.913 7.651 7.516 7.407 7.283 7.144 6.989 6.819 6.634 6.434 6.218 5.987 5.741 5.479 5.304 5.171 5.062 4.977 4.915 4.878 4.865 4.875 4.909 4.968 5.050 5.156 5.180 5.168 5.136 5.105 5.074 5.044 5.014 4.985 4.956 4.928 4.900 4.872 4.807 4.749 4.703
16.623 15.926 15.245 14.579 13.928 13.293 12.673 12.069 11.479 10.906 10.639 10.564 10.502 10.456 10.424 10.408 10.405 10.418 10.445 10.487 10.543 10.601 10.526 10.354 10.165 9.960 9.739 9.502 9.249 8.980 8.695 8.393 8.076 7.742 7.516 7.339 7.147 6.940 6.717 6.479 6.226 5.958 5.674 5.375 5.061 4.732 4.601 4.574 4.571 4.593 4.682 4.816 4.936 5.044 5.139 5.221 5.290 5.346 5.334 5.304 5.274 5.245 5.216 5.188 5.160 5.133 5.106 5.080 5.054 5.029 5.008 4.999 5.000
16.468 15.825 15.197 14.584 13.987 13.405 12.839 12.288 11.752 11.232 10.957 10.933 10.923 10.927 10.947 10.981 11.030 11.094 11.172 11.265 11.372 11.481 11.426 11.181 10.921 10.644 10.351 10.042 9.717 9.376 9.019 8.646 8.257 7.851 7.533 7.288 7.028 6.752 6.462 6.156 5.835 5.568 5.367 5.170 4.976 4.787 4.793 4.920 5.035 5.137 5.226 5.302 5.365 5.415 5.453 5.478 5.489 5.488 5.466 5.438 5.411 5.384 5.357 5.331 5.305 5.280 5.256 5.232 5.208 5.185 5.199 5.237 5.286
16.299 15.709 15.134 14.575 14.032 13.503 12.990 12.493 12.010 11.543 11.261 11.288 11.329 11.385 11.455 11.541 11.641 11.755 11.885 12.029 12.187 12.348 12.343 12.026 11.694 11.345 10.981 10.600 10.203 9.790 9.361 8.916 8.481 8.067 7.738 7.526 7.319 7.116 6.916 6.721 6.529 6.341 6.157 5.977 5.801 5.629 5.578 5.648 5.706 5.750 5.782 5.801 5.807 5.800 5.780 5.747 5.702 5.644 5.598 5.572 5.547 5.522 5.497 5.474 5.450 5.427 5.405 5.383 5.361 5.340 5.378 5.464 5.561
16.115 15.579 15.058 14.552 14.062 13.587 13.127 12.683 12.254 11.840 11.551 11.629 11.721 11.828 11.950 12.086 12.237 12.403 12.583 12.778 12.988 13.199 13.276 12.866 12.438 12.013 11.592 11.173 10.757 10.345 9.935 9.529 9.125 8.725 8.386 8.192 8.002 7.816 7.633 7.455 7.280 7.110 6.943 6.780 6.621 6.466 6.376 6.389 6.389 6.376 6.351 6.312 6.261 6.197 6.120 6.030 5.928 5.812 5.729 5.706 5.682 5.659 5.637 5.615 5.594 5.573 5.553 5.533 5.513 5.494 5.546 5.680 5.825
15.918 15.435 14.967 14.515 14.078 13.656 13.250 12.859 12.483 12.123 11.827 11.956 12.099 12.257 12.430 12.614 12.768 12.931 13.104 13.285 13.476 13.669 13.803 13.385 12.971 12.559 12.151 11.746 11.343 10.944 10.548 10.155 9.765 9.379 9.029 8.853 8.680 8.510 8.345 8.184 8.026 7.873 7.723 7.577 7.435 7.297 7.186 7.142 7.085 7.015 6.932 6.837 6.728 6.607 6.473 6.326 6.166 5.994 5.860 5.838 5.817 5.796 5.776 5.756 5.737 5.718 5.700 5.682 5.665 5.648 5.704 5.885 6.077
15.706 15.277 14.863 14.464 14.080 13.712 13.359 13.021 12.693 12.355 12.033 12.163 12.312 12.471 12.638 12.815 13.001 13.196 13.400 13.613 13.835 14.061 14.289 13.900 13.499 13.101 12.706 12.314 11.926 11.540 11.157 10.778 10.401 10.028 9.668 9.508 9.352 9.200 9.052 8.908 8.767 8.631 8.498 8.370 8.245 8.124 8.009 7.908 7.794 7.667 7.527 7.374 7.208 7.030 6.839 6.635 6.418 6.188 5.990 5.970 5.951 5.933 5.915 5.897 5.880 5.863 5.847 5.831 5.816 5.801 5.850 6.079 6.319
15.481 15.096 14.703 14.325 13.964 13.617 13.287 12.972 12.673 12.389 12.122 12.229 12.410 12.600 12.799 13.008 13.225 13.452 13.687 13.932 14.186 14.444 14.704 14.411 14.023 13.639 13.257 12.879 12.504 12.131 11.762 11.396 11.033 10.673 10.316 10.158 10.020 9.885 9.754 9.627 9.503 9.384 9.268 9.157 9.049 8.945 8.845 8.686 8.515 8.331 8.134 7.924 7.701 7.466 7.217 6.956 6.682 6.396 6.119 6.102 6.085 6.068 6.052 6.037 6.022 6.007 5.993 5.980 5.967 5.954 5.986 6.263 6.550
15.034 14.680 14.341 14.018 13.711 13.419 13.143 12.883 12.638 12.409 12.196 12.286 12.499 12.721 12.952 13.192 13.441 13.699 13.966 14.243 14.528 14.818 15.110 14.917 14.543 14.172 13.804 13.439 13.077 12.719 12.363 12.010 11.661 11.314 10.971 10.804 10.682 10.564 10.450 10.340 10.234 10.132 10.033 9.939 9.848 9.761 9.678 9.477 9.249 9.008 8.753 8.487 8.207 7.914 7.609 7.291 6.960 6.616 6.260 6.232 6.217 6.203 6.189 6.176 6.163 6.151 6.139 6.127 6.116 6.108 6.113 6.413 6.702
14.549 14.250 13.966 13.697 13.444 13.207 12.986 12.780 12.589 12.415 12.256 12.335 12.579 12.833 13.095 13.367 13.648 13.938 14.237 14.545 14.862 15.183 15.507 15.420 15.059 14.702 14.347 13.996 13.647 13.302 12.960 12.620 12.284 11.951 11.621 11.444 11.339 11.238 11.142 11.049 10.959 10.874 10.793 10.715 10.642 10.572 10.506 10.281 9.995 9.697 9.386 9.062 8.725 8.376 8.013 7.638 7.250 6.850 6.436 6.362 6.366 6.390 6.406 6.416 6.417 6.412 6.399 6.379 6.351 6.317 6.275 6.507 6.749
14.051 13.806 13.576 13.362 13.164 12.981 12.814 12.662 12.526 12.406 12.301 12.375 12.651 12.936 13.231 13.534 13.846 14.168 14.498 14.838 15.187 15.540 15.896 15.918 15.571 15.227 14.886 14.548 14.213 13.881 13.552 13.226 12.904 12.584 12.267 12.079 11.991 11.908 11.828 11.752 11.680 11.612 11.547 11.487 11.430 11.378 11.329 11.097 10.754 10.399 10.031 9.660 9.295 8.924 8.547 8.164 7.775 7.380 6.978 6.875 6.873 6.865 6.849 6.825 6.795 6.757 6.712 6.659 6.599 6.532 6.458 6.612 6.806
13.539 13.348 13.172 13.013 12.869 12.740 12.627 12.530 12.449 12.383 12.332 12.407 12.715 13.031 13.357 13.692 14.036 14.389 14.752 15.123 15.503 15.888 16.276 16.413 16.079 15.749 15.421 15.096 14.775 14.456 14.141 13.828 13.519 13.213 12.910 12.709 12.639 12.572 12.509 12.450 12.395 12.344 12.297 12.258 12.225 12.200 12.182 11.983 11.616 11.242 10.862 10.476 10.084 9.686 9.282 8.871 8.454 8.032 7.603 7.421 7.388 7.346 7.298 7.242 7.179 7.109 7.031 6.946 6.854 6.755 6.648 6.727 6.874
13.012 12.876 12.755 12.649 12.560 12.486 12.427 12.384 12.357 12.345 12.349 12.430 12.770 13.118 13.476 13.842 14.218 14.602 14.996 15.399 15.811 16.227 16.647 16.904 16.583 16.266 15.952 15.640 15.332 15.027 14.725 14.426 14.130 13.826 13.522 13.309 13.250 13.199 13.155 13.118 13.089 13.067 13.052 13.044 13.044 13.051 13.065 12.915 12.520 12.119 11.712 11.298 10.879 10.453 10.021 9.583 9.139 8.689 8.232 7.975 7.908 7.835 7.754 7.666 7.571 7.468 7.358 7.241 7.116 6.984 6.845 6.853 6.952
12.472 12.390 12.323 12.272 12.237 12.217 12.213 12.224 12.251 12.293 12.351 12.445 12.816 13.196 13.585 13.983 14.391 14.807 15.232 15.666 16.110 16.558 17.009 17.390 17.033 16.616 16.223 15.855 15.512 15.193 14.899 14.631 14.387 14.167 13.973 13.829 13.803 13.784 13.772 13.767 13.770 13.780 13.797 13.822 13.854 13.893 13.939 13.852 13.430 13.001 12.567 12.126 11.679 11.226 10.766 10.301 9.829 9.352 8.868 8.534 8.436 8.330 8.217 8.096 7.969 7.834 7.691 7.542 7.385 7.221 7.050 6.989 7.040
11.918 11.890 11.877 11.881 11.900 11.934 11.984 12.049 12.130 12.227 12.339 12.467 12.855 13.266 13.687 14.116 14.533 14.813 15.098 15.388 15.684 15.999 16.334 16.673 16.357 16.049 15.767 15.509 15.276 15.067 14.883 14.725 14.591 14.481 14.397 14.341 14.347 14.360 14.380 14.408 14.443 14.485 14.534 14.591 14.655 14.726 14.804 14.795 14.345 13.889 13.427 12.959 12.484 12.004 11.517 11.024 10.525 10.020 9.509 9.101 8.970 8.832 8.687 8.534 8.374 8.206 8.032 7.850 7.661 7.464 7.261 7.135 7.139
11.349 11.376 11.418 11.475 11.548 11.637 11.741 11.861 11.996 12.118 12.136 12.152 12.377 12.654 12.937 13.224 13.517 13.816 14.119 14.428 14.742 15.077 15.430 15.788 15.654 15.456 15.284 15.136 15.012 14.914 14.840 14.791 14.767 14.768 14.793 14.843 14.882 14.928 14.980 15.040 15.107 15.181 15.262 15.351 15.447 15.550 15.661 15.743 15.266 14.782 14.293 13.797 13.295 12.787 12.273 11.753 11.227 10.694 10.156 9.675 9.511 9.341 9.163 8.978 8.786 8.586 8.379 8.165 7.944 7.715 7.479 7.292 7.249
10.767 10.848 10.921 10.943 10.964 10.984 11.003 11.020 11.037 11.052 11.067 11.080 11.283 11.579 11.880 12.187 12.498 12.815 13.137 13.465 13.798 14.151 14.523 14.899 14.924 14.836 14.773 14.735 14.722 14.733 14.769 14.830 14.916 15.026 15.162 15.321 15.409 15.487 15.571 15.663 15.762 15.868 15.982 16.102 16.231 16.366 16.508 16.658 16.192 15.681 15.164 14.641 14.112 13.576 13.035 12.487 11.934 11.374 10.808 10.255 10.059 9.857 9.646 9.429 9.205 8.973 8.734 8.487 8.233 7.973 7.704 7.459 7.369
9.843 9.864 9.883 9.902 9.919 9.935 9.951 9.965 9.978 9.990 10.000 10.010 10.186 10.500 10.820 11.145 11.475 11.811 12.152 12.498 12.849 13.221 13.612 14.007 14.167 14.189 14.236 14.308 14.405 14.526 14.672 14.842 15.038 15.258 15.502 15.772 15.928 16.037 16.154 16.277 16.408 16.547 16.692 16.845 17.005 17.173 17.347 17.529 17.123 16.585 16.040 15.490 14.934 14.371 13.802 13.227 12.646 12.059 11.466 10.866 10.614 10.379 10.137 9.887 9.630 9.366 9.095 8.816 8.530 8.237 7.937 7.638 7.506
8.815 8.832 8.848 8.863 8.877 8.889 8.901 8.911 8.921 8.929 8.936 8.942 9.085 9.418 9.757 10.100 10.449 10.803 11.163 11.527 11.897 12.287 12.697 13.111 13.384 13.516 13.672 13.854 14.060 14.291 14.546 14.827 15.132 15.461 15.816 16.195 16.437 16.579 16.727 16.883 17.046 17.217 17.394 17.579 17.771 17.971 18.177 18.391 18.060 17.494 16.923 16.345 15.761 15.171 14.575 13.973 13.364 12.750 12.129 11.503 11.176 10.908 10.607 10.257 9.918 9.590 9.273 8.966 8.671 8.386 8.112 7.849 7.683
7.789 7.803 7.815 7.826 7.837 7.846 7.854 7.861 7.866 7.871 7.875 7.877 7.981 8.333 8.690 9.052 9.419 9.792 10.170 10.553 10.941 11.350 11.779 12.212 12.573 12.815 13.081 13.373 13.688 14.029 14.394 14.784 15.198 15.638 16.102 16.590 16.938 17.112 17.293 17.480 17.676 17.878 18.088 18.304 18.529 18.760 18.998 19.244 19.002 18.409 17.810 17.205 16.594 16.020 15.493 14.879 14.178 13.390 12.516 11.554 11.020 10.697 10.384 10.082 9.791 9.511 9.241 8.983 8.735 8.499 8.273 8.058 7.866
