DATA/SHG/ECMWF/20170628/EN-43/20170707.en-43.asc
ncols        190
nrows        64
xllcorner    -5100000.000000000000
yllcorner    4130000.000000000000
cellsize     10000.000000000000
NODATA_value  -99999.000
[rows 0 to 32 of 64, columns 75 to 149 of 190]
12.184 11.889 11.567 11.220 10.846 10.448 10.144 10.190 10.256 10.288 10.288 10.255 10.189 10.091 9.960 9.796 9.600 9.370 9.115 8.872 8.632 8.392 8.149 7.906 7.661 7.414 7.167 6.918 6.667 6.416 6.246 6.342 6.429 6.509 6.580 6.643 6.698 6.745 6.784 6.814 6.836 6.850 6.738 6.263 5.798 5.344 4.901 4.468 4.046 3.635 3.234 2.843 2.464 2.095 1.886 2.122 2.354 2.584 2.809 3.032 3.251 3.468 3.680 3.890 4.096 4.300 4.424 4.341 4.267 4.201 4.144 4.095 4.055 4.024 4.001
12.760 12.425 12.113 11.825 11.560 11.318 11.137 11.120 11.071 10.989 10.874 10.726 10.546 10.333 10.088 9.809 9.498 9.154 8.792 8.544 8.298 8.051 7.803 7.553 7.302 7.049 6.796 6.541 6.284 6.026 5.804 5.863 5.914 5.957 5.992 6.019 6.037 6.048 6.050 6.044 6.029 6.007 5.926 5.498 5.081 4.674 4.278 3.893 3.518 3.154 2.801 2.458 2.125 1.803 1.566 1.787 2.005 2.220 2.431 2.639 2.844 3.046 3.245 3.440 3.632 3.821 3.971 3.926 3.890 3.862 3.843 3.833 3.831 3.837 3.853
13.380 13.126 12.896 12.690 12.506 12.347 12.211 12.079 11.915 11.719 11.489 11.227 10.932 10.605 10.245 9.852 9.426 8.968 8.477 8.217 7.965 7.712 7.458 7.202 6.945 6.687 6.427 6.165 5.903 5.639 5.374 5.394 5.409 5.416 5.414 5.404 5.386 5.360 5.326 5.283 5.233 5.174 5.104 4.724 4.354 3.995 3.646 3.308 2.980 2.663 2.357 2.061 1.776 1.501 1.249 1.456 1.659 1.860 2.057 2.251 2.441 2.629 2.813 2.994 3.171 3.346 3.554 3.630 3.701 3.769 3.832 3.890 3.945 3.995 4.041
13.977 13.805 13.657 13.532 13.430 13.352 13.298 13.067 12.788 12.477 12.133 11.757 11.347 10.905 10.431 9.924 9.384 8.812 8.206 7.893 7.635 7.376 7.115 6.854 6.590 6.326 6.060 5.792 5.524 5.254 4.983 4.935 4.913 4.883 4.845 4.799 4.745 4.682 4.611 4.533 4.446 4.350 4.247 3.939 3.616 3.304 3.003 2.712 2.432 2.162 1.903 1.655 1.417 1.189 0.972 1.128 1.318 1.545 1.810 2.074 2.338 2.601 2.863 3.125 3.386 3.646 3.906 3.977 4.029 4.078 4.122 4.162 4.197 4.229 4.256
14.551 14.461 14.394 14.351 14.331 14.335 14.362 14.083 13.690 13.265 12.806 12.315 11.792 11.236 10.647 10.025 9.371 8.685 7.965 7.571 7.307 7.041 6.775 6.507 6.238 5.967 5.695 5.422 5.147 4.871 4.593 4.485 4.427 4.361 4.287 4.204 4.113 4.014 3.907 3.792 3.669 3.537 3.397 3.144 2.869 2.604 2.350 2.106 1.927 1.797 1.671 1.548 1.429 1.313 1.202 1.389 1.653 1.915 2.178 2.439 2.700 2.960 3.219 3.478 3.736 3.994 4.251 4.328 4.361 4.391 4.416 4.437 4.453 4.466 4.474
15.102 15.094 15.109 15.147 15.209 15.294 15.403 15.128 14.621 14.081 13.508 12.903 12.265 11.595 10.892 10.156 9.388 8.588 7.754 7.250 6.980 6.709 6.436 6.162 5.887 5.610 5.332 5.053 4.772 4.490 4.206 4.045 3.951 3.848 3.737 3.618 3.491 3.356 3.213 3.127 3.081 3.031 2.977 2.869 2.737 2.608 2.484 2.362 2.245 2.131 2.021 1.915 1.812 1.713 1.617 1.766 2.026 2.286 2.545 2.804 3.062 3.319 3.576 3.832 4.087 4.342 4.596 4.683 4.697 4.708 4.714 4.716 4.713 4.707 4.696
15.631 15.704 15.801 15.921 16.064 16.231 16.421 16.202 15.580 14.926 14.239 13.520 12.768 11.983 11.166 10.317 9.435 8.520 7.573 6.932 6.656 6.379 6.100 5.820 5.539 5.256 4.972 4.686 4.399 4.111 3.881 3.771 3.740 3.704 3.665 3.621 3.573 3.522 3.466 3.405 3.341 3.272 3.200 3.101 2.985 2.873 2.764 2.660 2.559 2.461 2.367 2.277 2.191 2.108 2.029 2.142 2.400 2.657 2.913 3.169 3.424 3.678 3.932 4.185 4.438 4.690 4.941 5.041 5.037 5.028 5.015 4.998 4.977 4.952 4.922
16.137 16.292 16.470 16.671 16.896 17.144 17.416 17.304 16.568 15.800 14.999 14.165 13.299 12.401 11.470 10.506 9.510 8.482 7.421 6.616 6.334 6.084 5.855 5.634 5.421 5.217 5.020 4.832 4.652 4.480 4.316 4.202 4.152 4.098 4.040 3.978 3.911 3.841 3.766 3.688 3.605 3.518 3.426 3.329 3.229 3.133 3.041 2.953 2.868 2.787 2.709 2.635 2.565 2.499 2.436 2.519 2.774 3.028 3.281 3.534 3.786 4.038 4.289 4.539 4.789 5.038 5.286 5.403 5.380 5.353 5.321 5.285 5.245 5.200 5.152
16.620 16.856 17.116 17.399 17.705 18.035 18.388 18.435 17.585 16.702 15.787 14.840 13.860 12.823 11.694 10.589 9.509 8.454 7.423 6.592 6.383 6.182 5.990 5.805 5.629 5.461 5.301 5.149 5.005 4.870 4.742 4.637 4.568 4.496 4.419 4.338 4.253 4.164 4.071 3.974 3.872 3.767 3.657 3.552 3.469 3.389 3.313 3.241 3.173 3.108 3.047 2.989 2.935 2.885 2.839 2.895 3.147 3.399 3.649 3.899 4.149 4.397 4.645 4.893 5.139 5.386 5.631 5.769 5.727 5.681 5.630 5.575 5.516 5.453 5.385
17.081 17.399 17.740 18.104 18.492 18.903 19.248 19.205 18.014 16.847 15.705 14.587 13.494 12.426 11.383 10.364 9.370 8.401 7.457 6.608 6.436 6.271 6.115 5.967 5.827 5.695 5.572 5.456 5.349 5.250 5.159 5.075 4.988 4.897 4.802 4.703 4.599 4.492 4.380 4.264 4.144 4.020 3.892 3.771 3.704 3.641 3.581 3.526 3.473 3.425 3.380 3.339 3.301 3.267 3.237 3.272 3.521 3.770 4.017 4.264 4.511 4.757 5.002 5.247 5.491 5.734 5.976 6.139 6.078 6.013 5.943 5.869 5.791 5.709 5.623
17.348 17.565 17.755 17.917 18.051 18.157 18.235 18.270 17.165 16.084 15.028 13.997 12.990 12.008 11.051 10.118 9.210 8.327 7.468 6.631 6.479 6.351 6.231 6.119 6.016 5.920 5.833 5.754 5.683 5.620 5.566 5.518 5.413 5.303 5.189 5.071 4.949 4.823 4.693 4.559 4.420 4.277 4.131 3.986 3.936 3.889 3.845 3.806 3.770 3.738 3.709 3.684 3.663 3.645 3.631 3.649 3.895 4.141 4.386 4.630 4.873 5.116 5.359 5.601 5.842 6.082 6.322 6.512 6.432 6.348 6.260 6.167 6.070 5.969 5.864
16.946 17.066 17.158 17.223 17.259 17.268 17.249 17.202 16.295 15.300 14.330 13.385 12.464 11.568 10.697 9.850 9.028 8.230 7.458 6.707 6.512 6.421 6.337 6.262 6.195 6.136 6.085 6.042 6.008 5.981 5.963 5.953 5.841 5.713 5.580 5.444 5.304 5.159 5.010 4.857 4.700 4.539 4.374 4.204 4.163 4.132 4.105 4.082 4.062 4.046 4.034 4.025 4.020 4.019 4.021 4.027 4.269 4.512 4.754 4.995 5.236 5.476 5.716 5.955 6.193 6.431 6.666 6.889 6.827 6.791 6.781 6.798 6.840 6.909 7.004
16.570 16.593 16.588 16.555 16.495 16.406 16.290 16.145 15.404 14.495 13.611 12.752 11.917 11.107 10.321 9.560 8.824 8.112 7.425 6.761 6.537 6.482 6.435 6.396 6.365 6.342 6.328 6.321 6.323 6.333 6.351 6.377 6.273 6.126 5.976 5.821 5.662 5.498 5.331 5.160 4.984 4.804 4.621 4.433 4.385 4.371 4.360 4.353 4.350 4.350 4.354 4.362 4.373 4.388 4.406 4.428 4.643 4.876 5.103 5.332 5.563 5.795 6.030 6.267 6.505 6.746 6.988 7.233 7.301 7.381 7.488 7.620 7.779 7.963 8.174
16.221 16.147 16.045 15.915 15.757 15.571 15.358 15.116 14.492 13.669 12.871 12.097 11.348 10.624 9.924 9.249 8.598 7.972 7.371 6.793 6.552 6.533 6.523 6.520 6.525 6.539 6.561 6.591 6.629 6.675 6.729 6.792 6.709 6.544 6.375 6.201 6.024 5.842 5.656 5.466 5.272 5.074 4.872 4.665 4.604 4.606 4.612 4.621 4.665 4.729 4.774 4.801 4.809 4.798 4.768 4.720 4.883 5.117 5.352 5.590 5.830 6.071 6.315 6.560 6.807 7.057 7.308 7.561 7.749 7.945 8.167 8.415 8.690 8.991 9.317
15.899 15.727 15.528 15.301 15.046 14.763 14.453 14.114 13.559 12.822 12.109 11.421 10.758 10.119 9.505 8.916 8.351 7.811 7.295 6.803 6.559 6.576 6.601 6.635 6.677 6.727 6.785 6.851 6.925 7.008 7.098 7.197 7.149 6.965 6.778 6.586 6.390 6.190 5.985 5.807 5.673 5.561 5.472 5.405 5.426 5.482 5.519 5.537 5.536 5.517 5.478 5.422 5.346 5.251 5.138 5.006 5.113 5.355 5.599 5.846 6.094 6.344 6.597 6.851 7.107 7.365 7.625 7.887 8.169 8.482 8.820 9.184 9.574 9.991 10.433
15.603 15.334 15.038 14.714 14.362 13.982 13.575 13.139 12.605 11.953 11.326 10.724 10.147 9.594 9.065 8.561 8.082 7.627 7.197 6.791 6.556 6.609 6.671 6.741 6.819 6.905 6.999 7.102 7.212 7.331 7.437 7.531 7.502 7.311 7.142 6.996 6.872 6.770 6.691 6.634 6.600 6.588 6.598 6.631 6.650 6.622 6.576 6.510 6.426 6.323 6.201 6.061 5.902 5.724 5.527 5.312 5.340 5.591 5.844 6.099 6.356 6.615 6.876 7.139 7.404 7.671 7.940 8.211 8.564 8.992 9.446 9.926 10.432 10.964 11.522
15.333 14.968 14.574 14.153 13.704 13.228 12.724 12.191 11.629 11.063 10.522 10.006 9.514 9.046 8.603 8.185 7.791 7.422 7.077 6.757 6.543 6.621 6.695 6.773 6.855 6.942 7.033 7.128 7.228 7.333 7.442 7.555 7.607 7.515 7.446 7.399 7.375 7.373 7.393 7.436 7.501 7.589 7.699 7.831 7.893 7.781 7.651 7.502 7.334 7.148 6.943 6.719 6.476 6.215 5.935 5.636 5.564 5.824 6.086 6.350 6.616 6.884 7.154 7.425 7.699 7.975 8.252 8.532 8.932 9.475 10.045 10.640 11.262 11.910 12.584
15.090 14.628 14.137 13.620 13.074 12.501 11.899 11.271 10.633 10.153 9.697 9.266 8.860 8.484 8.198 7.903 7.600 7.289 6.970 6.644 6.355 6.444 6.537 6.635 6.737 6.843 6.954 7.069 7.189 7.313 7.441 7.574 7.687 7.695 7.726 7.778 7.853 7.951 8.071 8.213 8.378 8.565 8.774 9.006 9.153 8.958 8.745 8.512 8.261 7.991 7.703 7.396 7.070 6.725 6.362 5.979 5.787 6.055 6.326 6.599 6.873 7.150 7.428 7.709 7.991 8.276 8.562 8.851 9.273 9.932 10.617 11.329 12.066 12.829 13.618
14.873 14.314 13.727 13.112 12.470 11.800 11.121 10.541 9.995 9.716 9.433 9.143 8.844 8.538 8.222 7.899 7.568 7.228 6.880 6.525 6.164 6.261 6.374 6.492 6.613 6.740 6.870 7.005 7.144 7.288 7.436 7.589 7.743 7.850 7.980 8.132 8.307 8.504 8.723 8.965 9.229 9.515 9.824 10.155 10.432 10.154 9.857 9.541 9.207 8.853 8.482 8.091 7.682 7.254 6.807 6.342 6.007 6.284 6.564 6.845 7.128 7.414 7.701 7.990 8.281 8.574 8.870 9.167 9.588 10.363 11.163 11.990 12.843 13.721 14.626
14.577 13.908 13.275 12.677 12.114 11.585 11.092 10.633 10.210 9.891 9.580 9.261 8.934 8.598 8.255 7.903 7.542 7.174 6.797 6.413 6.024 6.075 6.207 6.344 6.486 6.631 6.782 6.936 7.095 7.259 7.426 7.599 7.775 7.981 8.210 8.462 8.736 9.032 9.351 9.692 10.055 10.441 10.849 11.279 11.729 11.368 10.987 10.588 10.170 9.734 9.279 8.805 8.313 7.801 7.272 6.723 6.224 6.510 6.799 7.089 7.381 7.675 7.971 8.269 8.569 8.871 9.175 9.480 9.876 10.766 11.683 12.625 13.593 14.587 15.607
13.785 13.239 12.728 12.251 11.809 11.403 11.031 10.694 10.392 10.074 9.735 9.387 9.031 8.667 8.294 7.913 7.525 7.128 6.722 6.310 5.891 5.883 6.035 6.192 6.353 6.518 6.688 6.862 7.041 7.224 7.411 7.603 7.800 8.087 8.415 8.766 9.140 9.535 9.953 10.393 10.856 11.341 11.848 12.378 12.930 12.599 12.136 11.654 11.153 10.633 10.095 9.538 8.962 8.368 7.755 7.123 6.473 6.734 7.031 7.330 7.631 7.934 8.239 8.545 8.854 9.165 9.477 9.860 10.375 11.466 12.517 13.527 14.497 15.427 16.317
12.963 12.538 12.148 11.793 11.473 11.188 10.938 10.722 10.542 10.265 9.896 9.520 9.135 8.742 8.341 7.932 7.514 7.089 6.655 6.213 5.766 5.687 5.858 6.035 6.215 6.400 6.590 6.784 6.982 7.185 7.392 7.603 7.819 8.168 8.596 9.046 9.519 10.013 10.531 11.070 11.632 12.216 12.822 13.451 14.102 13.850 13.303 12.737 12.153 11.550 10.929 10.289 9.630 8.953 8.257 7.542 6.809 6.956 7.299 7.708 8.135 8.579 9.039 9.517 10.012 10.523 11.052 11.598 12.160 13.049 13.922 14.754 15.546 16.298 17.009
12.109 11.806 11.537 11.304 11.105 10.942 10.813 10.719 10.660 10.462 10.065 9.660 9.247 8.825 8.396 7.958 7.512 7.057 6.595 6.125 5.648 5.486 5.677 5.873 6.073 6.278 6.487 6.700 6.918 7.140 7.367 7.598 7.834 8.225 8.752 9.301 9.873 10.467 11.083 11.722 12.383 13.066 13.771 14.499 15.249 15.118 14.488 13.839 13.172 12.439 11.653 10.902 10.187 9.507 8.863 8.255 7.683 7.871 8.339 8.824 9.326 9.845 10.381 10.934 11.504 12.091 12.695 13.316 13.954 14.670 15.364 16.019 16.633 17.207 17.740
11.223 11.042 10.895 10.783 10.706 10.663 10.656 10.683 10.745 10.667 10.242 9.808 9.366 8.916 8.457 7.991 7.516 7.033 6.542 6.043 5.538 5.280 5.491 5.706 5.926 6.150 6.379 6.612 6.850 7.091 7.338 7.588 7.843 8.257 8.883 9.532 10.202 10.895 11.611 12.348 13.054 13.662 14.246 14.805 15.340 15.158 14.387 13.651 12.951 12.287 11.659 11.066 10.508 9.987 9.501 9.050 8.636 8.817 9.361 9.921 10.498 11.092 11.704 12.332 12.977 13.639 14.319 15.015 15.728 16.329 16.845 17.321 17.757 18.153 18.509
10.307 10.246 10.221 10.230 10.274 10.353 10.467 10.615 10.799 10.880 10.425 9.963 9.492 9.014 8.527 8.032 7.529 7.017 6.497 5.970 5.435 5.069 5.300 5.535 5.774 6.018 6.267 6.519 6.776 7.038 7.303 7.585 7.892 8.324 8.995 9.642 10.265 10.862 11.436 11.985 12.509 13.009 13.485 13.936 14.362 14.337 13.724 13.146 12.604 12.098 11.627 11.192 10.793 10.429 10.101 9.808 9.551 9.745 10.363 10.999 11.652 12.321 13.007 13.711 14.431 15.169 15.923 16.694 17.483 18.025 18.363 18.662 18.920 19.138 19.316
9.359 9.419 9.515 9.646 9.811 10.011 10.246 10.516 10.820 11.099 10.617 10.126 9.626 9.119 8.604 8.080 7.548 7.008 6.460 5.904 5.341 4.854 5.110 5.383 5.663 5.951 6.246 6.548 6.858 7.176 7.501 7.833 8.172 8.565 9.128 9.666 10.180 10.669 11.134 11.575 11.991 12.383 12.750 13.093 13.412 13.480 13.024 12.605 12.220 11.872 11.559 11.282 11.040 10.834 10.663 10.528 10.429 10.654 11.347 12.058 12.786 13.531 14.292 15.071 15.866 16.679 17.508 18.355 19.218 19.758 19.919 20.040 20.121 20.161 20.162
8.379 8.561 8.778 9.030 9.316 9.637 9.993 10.384 10.809 11.269 10.815 10.295 9.768 9.232 8.676 8.053 7.452 6.872 6.315 5.782 5.268 4.772 5.052 5.358 5.671 5.992 6.320 6.655 6.998 7.349 7.707 8.072 8.445 8.831 9.286 9.716 10.122 10.503 10.860 11.192 11.500 11.784 12.043 12.278 12.488 12.586 12.288 12.026 11.800 11.609 11.453 11.334 11.250 11.201 11.188 11.211 11.269 11.544 12.313 13.099 13.901 14.721 15.558 16.412 17.282 18.170 19.074 19.996 20.934 21.530 21.513 21.456 21.359 21.222 21.045
7.368 7.672 8.010 8.382 8.790 9.232 9.709 10.197 10.604 10.998 10.537 9.902 9.289 8.699 8.130 7.583 7.058 6.556 6.075 5.618 5.182 4.763 4.985 5.324 5.670 6.024 6.385 6.754 7.130 7.514 7.904 8.303 8.708 9.122 9.471 9.792 10.090 10.363 10.612 10.836 11.036 11.211 11.362 11.489 11.591 11.655 11.516 11.411 11.342 11.309 11.311 11.349 11.422 11.531 11.675 11.855 12.071 12.415 13.259 14.120 14.998 15.893 16.805 17.733 18.679 19.642 20.621 21.618 22.631 23.338 23.144 22.910 22.636 22.321 21.967
6.345 6.802 7.245 7.674 8.088 8.489 8.876 9.249 9.608 9.954 9.666 9.107 8.571 8.057 7.564 7.094 6.646 6.219 5.815 5.435 5.077 4.735 4.910 5.282 5.661 6.048 6.442 6.844 7.253 7.670 8.094 8.525 8.964 9.410 9.681 9.895 10.085 10.250 10.390 10.506 10.598 10.666 10.709 10.727 10.722 10.691 10.706 10.759 10.848 10.972 11.132 11.327 11.558 11.824 12.126 12.463 12.836 13.268 14.187 15.123 16.076 17.046 18.033 19.036 20.057 21.095 22.149 23.221 24.309 25.184 24.813 24.401 23.950 23.458 22.927
5.749 6.157 6.552 6.932 7.299 7.652 7.991 8.316 8.627 8.924 8.775 8.293 7.833 7.395 6.980 6.586 6.214 5.864 5.536 5.233 4.952 4.687 4.827 5.232 5.644 6.064 6.491 6.926 7.368 7.817 8.274 8.738 9.210 9.689 9.919 10.024 10.106 10.163 10.195 10.203 10.187 10.147 10.082 9.993 9.879 9.741 9.861 10.071 10.317 10.599 10.915 11.268 11.656 12.079 12.538 13.033 13.563 14.128 15.096 16.107 17.135 18.180 19.242 20.320 21.416 22.528 23.658 24.804 25.967 26.875 25.867 24.881 23.916 22.973 22.052
5.166 5.526 5.873 6.205 6.524 6.828 7.119 7.396 7.659 7.908 7.866 7.460 7.077 6.715 6.376 6.058 5.763 5.489 5.238 5.012 4.807 4.620 4.735 5.173 5.618 6.071 6.531 6.999 7.474 7.956 8.446 8.944 9.448 9.960 10.182 10.180 10.153 10.102 10.027 9.927 9.803 9.655 9.482 9.285 9.063 8.817 8.979 9.346 9.749 10.188 10.662 11.172 11.717 12.298 12.914 13.565 14.252 14.975 15.987 17.072 18.107 18.981 19.806 20.580 21.305 21.981 22.606 23.182 23.709 24.186 23.363 22.472 21.604 20.757 19.932
4.597 4.909 5.207 5.492 5.762 6.018 6.261 6.490 6.705 6.905 6.937 6.608 6.301 6.016 5.753 5.512 5.293 5.096 4.920 4.771 4.644 4.534 4.635 5.106 5.584 6.070 6.563 7.064 7.572 8.087 8.610 9.140 9.678 10.223 10.472 10.361 10.227 10.068 9.885 9.677 9.445 9.189 8.909 8.604 8.275 7.921 8.060 8.585 9.145 9.741 10.372 11.051 11.764 12.465 13.154 13.831 14.497 15.151 15.903 16.657 17.362 18.017 18.622 19.178 19.684 20.141 20.548 20.905 21.213 21.471 20.840 20.046 19.273 18.523 17.794
4.041 4.305 4.556 4.792 5.014 5.223 5.417 5.598 5.765 5.917 5.990 5.737 5.507 5.298 5.111 4.946 4.803 4.683 4.584 4.511 4.460 4.427 4.527 5.031 5.542 6.061 6.587 7.120 7.661 8.209 8.765 9.328 9.899 10.477 10.787 10.569 10.327 10.060 9.769 9.454 9.114 8.751 8.408 8.171 7.907 7.616 7.794 8.513 9.221 9.917 10.601 11.274 11.935 12.584 13.222 13.848 14.462 15.064 15.647 16.182 16.668 17.104 17.490 17.827 18.115 18.353 18.541 18.680 18.769 18.808 18.299 17.601 16.925 16.270 15.637
