DATA/SHG/ECMWF/20170628/EN-43/20170702.en-43.asc
ncols        190
nrows        64
xllcorner    -5100000.000000000000
yllcorner    4130000.000000000000
cellsize     10000.000000000000
NODATA_value  -99999.000
[rows 32 to 63 of 64, columns 73 to 145 of 190]
1.527 1.678 1.819 1.952 2.074 2.187 2.291 2.385 2.470 2.546 2.612 2.668 2.764 3.110 3.468 3.841 4.227 4.627 5.041 5.468 5.909 6.363 6.827 7.301 7.811 8.418 9.038 9.673 10.322 10.985 11.663 12.354 13.060 13.781 14.515 15.264 15.567 14.988 14.378 13.735 13.060 12.352 11.612 10.840 10.280 10.516 10.934 11.536 14.119 18.628 22.928 27.021 30.906 34.584 38.054 41.316 44.370 47.216 49.855 52.286 52.785 52.158 51.663 51.301 51.071 50.973 51.008 51.174 51.474 51.905 52.469 53.165 54.970
1.639 1.756 1.865 1.964 2.054 2.135 2.206 2.267 2.320 2.363 2.396 2.420 2.448 2.841 3.247 3.668 4.101 4.549 5.010 5.485 5.973 6.475 6.987 7.510 8.056 8.725 9.409 10.107 10.820 11.546 12.287 13.042 13.812 14.595 15.393 16.217 16.758 16.337 16.098 16.044 16.172 16.484 16.979 17.658 18.520 19.565 20.793 22.205 24.530 28.120 31.502 34.677 37.644 40.403 42.955 45.299 47.436 49.365 51.087 52.601 53.242 53.199 53.289 53.510 53.864 54.350 54.968 55.719 56.602 57.617 58.764 60.044 61.854
1.779 1.843 1.919 1.986 2.043 2.091 2.129 2.158 2.178 2.188 2.189 2.180 2.162 2.560 3.014 3.482 3.963 4.458 4.967 5.489 6.025 6.574 7.135 7.705 8.287 9.017 9.815 10.797 11.750 12.675 13.572 14.440 15.280 16.091 16.874 17.629 18.311 18.700 19.272 20.028 20.966 22.088 23.393 24.881 26.553 28.407 30.445 32.666 35.146 37.818 40.283 42.540 44.589 46.431 48.066 49.493 50.713 51.725 52.530 53.127 53.563 54.104 54.777 55.583 56.520 57.590 58.791 60.125 61.591 63.189 64.920 66.782 68.755
1.909 1.939 1.982 2.016 2.041 2.056 2.062 2.058 2.045 2.023 1.991 1.950 1.899 2.267 2.769 3.284 3.813 4.355 5.306 6.724 7.954 8.921 9.655 10.239 10.675 11.502 12.387 13.243 14.070 14.870 15.641 16.383 17.097 17.783 18.441 19.070 19.670 20.861 22.243 23.808 25.557 27.488 29.602 31.900 34.380 37.044 39.890 42.920 45.968 47.722 49.270 50.610 51.742 52.668 53.386 53.896 54.200 54.296 54.184 53.866 53.749 54.873 56.130 57.518 59.039 60.692 62.476 64.393 66.442 68.623 70.936 73.381 75.672
2.028 2.043 2.054 2.055 2.047 2.030 2.003 1.967 1.921 1.866 1.802 2.378 3.878 5.663 7.369 8.886 10.216 11.358 12.312 13.078 13.656 13.968 14.042 13.968 13.746 14.228 14.986 15.717 16.419 17.093 17.738 18.355 18.944 19.504 20.036 20.540 21.015 22.820 25.012 27.386 29.943 32.684 35.607 38.713 42.002 45.474 49.129 52.967 56.988 57.832 58.463 58.886 59.103 59.112 58.914 58.509 57.896 57.077 56.050 54.816 53.799 55.506 57.346 59.317 61.421 63.656 66.024 68.523 71.154 73.918 76.813 79.841 82.607
2.137 2.156 2.134 2.103 2.374 3.093 4.032 5.192 6.572 8.174 9.995 12.038 14.301 16.088 17.142 18.007 18.685 19.175 19.478 19.592 19.519 19.176 18.592 17.860 16.980 16.981 17.614 18.219 18.796 19.344 19.864 20.356 20.819 21.254 21.660 22.038 22.388 24.578 27.579 30.761 34.127 37.676 41.407 45.322 49.419 53.699 58.161 62.807 67.635 68.147 67.862 67.370 66.670 65.764 64.651 63.330 61.803 60.068 58.126 55.978 53.713 56.003 58.426 60.980 63.666 66.483 69.433 72.515 75.728 79.074 82.551 86.160 89.558
3.056 3.348 4.169 5.211 6.473 7.956 9.659 11.583 13.727 16.092 18.677 21.482 24.508 26.671 27.073 27.287 27.313 27.152 26.803 26.267 25.543 24.546 23.304 21.915 20.376 19.763 20.271 20.750 21.201 21.624 22.019 22.385 22.723 23.032 23.313 23.566 23.791 26.135 29.943 33.934 38.108 42.465 47.004 51.726 56.630 61.718 66.988 72.440 78.076 78.668 77.467 76.060 74.445 72.624 70.596 68.361 65.919 63.270 60.414 57.351 54.081 56.365 59.370 62.506 65.774 69.174 72.705 76.369 80.164 84.091 88.150 92.341 96.526
4.825 4.944 6.530 8.335 10.362 12.608 15.075 17.762 20.669 23.796 27.144 30.712 34.501 37.412 37.162 36.725 36.101 35.289 34.290 33.103 31.728 30.077 28.178 26.131 23.936 22.573 22.955 23.309 23.635 23.933 24.202 24.443 24.655 24.839 24.995 25.123 25.222 27.490 32.106 36.905 41.886 47.050 52.397 57.926 63.637 69.531 75.608 81.868 88.310 89.393 87.278 84.956 82.427 79.692 76.749 73.600 70.244 66.681 62.911 58.935 54.752 56.592 60.178 63.896 67.746 71.443 74.449 77.365 80.191 82.929 85.577 88.136 90.605
6.675 6.332 8.681 11.250 14.039 17.049 20.278 23.728 27.398 31.288 35.398 39.728 44.279 48.311 47.410 46.323 45.048 43.585 41.936 40.099 38.074 35.769 33.214 30.510 27.658 25.411 25.668 25.897 26.097 26.269 26.413 26.529 26.616 26.675 26.706 26.709 26.683 28.645 34.068 39.674 45.462 51.433 57.586 63.921 70.440 77.140 84.023 91.089 98.337 100.324 97.295 94.059 90.616 86.967 83.110 79.048 74.550 69.224 63.959 58.755 53.612 54.018 56.988 59.870 62.662 65.364 67.978 70.502 72.938 75.284 77.540 79.708 81.786
8.607 7.770 10.623 13.955 17.507 21.279 25.271 29.483 33.915 38.567 43.439 48.531 53.843 59.367 57.816 56.078 54.153 52.041 49.742 47.255 44.581 41.623 38.411 35.051 31.542 28.277 28.409 28.512 28.588 28.635 28.654 28.644 28.606 28.540 28.446 28.323 28.173 29.599 35.829 42.241 48.835 55.612 62.572 69.713 77.038 84.544 92.233 99.814 105.909 107.216 101.733 96.309 90.947 85.645 80.404 75.224 70.104 65.045 60.047 55.110 50.233 49.602 52.181 54.670 57.071 59.382 61.604 63.738 65.781 67.736 69.602 71.378 73.066
10.620 9.476 12.355 16.450 20.764 25.298 30.052 35.026 40.220 45.633 51.266 57.120 63.193 69.485 68.380 65.992 63.418 60.656 57.707 54.571 51.248 47.637 43.769 39.753 35.589 31.277 31.178 31.156 31.107 31.029 30.922 30.788 30.625 30.434 30.215 29.967 29.691 30.352 37.334 43.873 50.316 56.662 62.913 69.068 75.127 81.090 86.957 92.728 98.402 100.847 95.630 90.474 85.378 80.343 75.369 70.455 65.602 60.810 56.078 51.407 46.797 45.281 47.469 49.567 51.576 53.497 55.328 57.070 58.723 60.286 61.761 63.147 64.443
12.714 11.262 13.879 18.735 23.811 29.107 34.622 40.358 46.312 52.487 58.881 65.495 72.328 79.382 79.102 76.065 72.841 69.430 65.833 62.048 58.076 53.813 49.289 44.618 39.798 34.831 33.975 33.829 33.654 33.422 32.656 31.910 31.184 30.477 29.791 29.124 28.478 27.931 34.145 40.262 46.284 52.210 58.040 63.774 69.412 74.954 80.400 85.750 91.005 94.423 89.473 84.583 79.754 74.985 70.278 65.630 61.044 56.518 52.052 47.648 43.303 41.056 42.853 44.560 46.178 47.707 49.148 50.499 51.761 52.934 54.018 55.013 55.919
14.889 13.130 15.194 20.812 26.649 32.706 38.982 45.478 52.194 59.129 66.283 73.657 81.251 89.064 89.982 86.296 82.423 78.364 74.117 69.684 65.064 58.887 52.734 46.716 40.834 35.088 32.989 32.251 31.533 30.835 30.157 29.499 28.861 28.242 27.644 27.066 26.507 25.969 31.062 36.759 42.360 47.865 53.274 58.588 63.805 68.927 73.952 78.882 83.716 87.944 83.260 78.637 74.074 69.572 65.130 60.749 56.429 52.169 47.970 43.831 39.753 36.927 38.332 39.649 40.876 42.015 43.064 44.025 44.896 45.679 46.373 46.977 47.493
17.145 15.079 16.301 22.679 29.277 36.095 43.132 50.388 57.864 65.559 73.473 81.607 89.960 98.533 98.327 91.464 84.771 78.250 71.900 65.722 59.714 53.945 48.389 42.969 37.684 32.535 30.118 29.469 28.839 28.229 27.639 27.069 26.519 25.988 25.478 24.988 24.517 24.067 28.086 33.362 38.543 43.627 48.616 53.509 58.306 63.007 67.613 72.122 76.536 80.854 76.992 72.635 68.338 64.103 59.927 55.812 51.758 47.764 43.831 39.959 36.147 32.892 33.907 34.833 35.670 36.418 37.077 37.648 38.129 38.521 38.824 39.039 39.164
19.481 17.110 17.199 24.338 31.697 39.274 47.071 53.575 59.848 65.912 71.768 77.417 82.857 88.090 89.099 82.827 76.726 70.796 65.037 59.449 54.032 48.857 43.898 39.075 34.387 29.835 27.229 26.667 26.126 25.604 25.102 24.620 24.158 23.715 23.293 22.891 22.508 22.146 25.216 30.072 34.832 39.496 44.065 48.538 52.915 57.196 61.381 65.471 69.465 73.363 70.669 66.578 62.547 58.578 54.668 50.819 47.031 43.303 39.636 36.029 32.483 28.997 29.578 30.113 30.560 30.918 31.187 31.367 31.458 31.460 31.374 31.198 30.934
21.392 18.306 16.546 23.141 29.529 35.708 41.680 47.444 53.001 58.349 63.490 68.423 73.149 77.666 79.727 74.046 68.536 63.197 58.028 53.031 48.205 43.623 39.261 35.035 30.943 26.987 24.321 23.847 23.394 22.960 22.546 22.152 21.778 21.423 21.089 20.774 20.480 20.205 22.452 26.888 31.228 35.472 39.621 43.674 47.631 51.492 55.258 58.928 62.502 65.981 64.290 60.465 56.701 52.997 49.353 45.770 42.248 38.786 35.384 32.043 28.762 25.542 25.344 25.489 25.546 25.514 25.393 25.183 24.884 24.496 24.020 23.455 22.801
20.383 17.278 14.192 20.071 25.743 31.207 36.463 41.512 46.353 50.986 55.412 59.630 63.640 67.443 70.213 65.122 60.202 55.453 50.875 46.468 42.232 38.244 34.478 30.847 27.352 23.992 21.395 21.009 20.643 20.297 19.971 19.665 19.379 19.112 18.866 18.639 18.432 18.246 19.794 23.810 27.730 31.555 35.284 38.917 42.455 45.896 49.243 52.493 55.648 58.707 57.857 54.297 50.799 47.360 43.983 40.665 37.408 34.212 31.076 28.000 24.985 22.030 21.205 20.960 20.627 20.205 19.694 19.095 18.406 17.888 17.923 17.930 17.911
19.382 16.257 13.126 17.197 22.154 26.902 31.443 35.777 39.903 43.822 47.533 51.036 54.333 57.421 60.302 56.055 51.725 47.566 43.578 39.761 36.114 32.719 29.549 26.514 23.614 20.850 18.449 18.151 17.874 17.615 17.377 17.159 16.961 16.782 16.623 16.485 16.366 16.267 17.242 20.838 24.339 27.744 31.053 34.267 37.386 40.408 43.335 46.167 48.902 51.543 51.368 48.074 44.841 41.668 38.556 35.504 32.513 29.581 26.711 23.900 21.282 19.213 18.567 18.671 18.748 18.798 18.822 18.819 18.789 18.733 18.650 18.540 18.404
18.388 15.242 12.092 14.520 18.761 22.795 26.621 30.240 33.652 36.856 39.853 42.642 45.225 47.599 49.767 46.844 43.104 39.534 36.136 32.908 29.851 27.048 24.473 22.034 19.730 17.561 15.527 15.275 15.085 14.915 14.765 14.634 14.524 14.433 14.362 14.311 14.280 14.269 14.795 17.972 21.054 24.040 26.930 29.725 32.424 35.027 37.535 39.948 42.265 44.486 44.824 41.886 39.710 37.556 35.426 33.319 31.236 29.175 27.138 25.125 23.134 21.167 20.257 20.244 20.204 20.137 20.043 19.923 19.776 19.603 19.403 19.176 18.923
17.400 14.235 11.065 12.038 15.564 18.884 21.996 24.901 27.598 30.089 32.372 34.448 36.316 37.978 39.432 37.489 34.339 31.359 28.549 25.910 23.442 21.231 19.252 17.408 15.699 14.125 12.686 12.381 12.278 12.196 12.133 12.090 12.068 12.065 12.081 12.118 12.175 12.251 12.455 15.212 17.875 20.442 22.925 25.825 28.723 31.617 34.507 37.395 40.279 43.159 44.897 42.799 40.724 38.672 36.643 34.638 32.656 30.698 28.762 26.850 24.961 23.096 21.973 21.842 21.684 21.500 21.290 21.053 20.789 20.498 20.181 19.838 19.467
16.420 13.236 10.045 9.752 12.564 15.169 17.568 19.759 21.743 23.520 25.089 26.452 27.607 28.556 29.297 27.992 25.430 23.039 20.818 18.768 16.888 15.270 13.885 12.636 11.522 10.542 9.698 9.467 9.453 9.458 9.483 9.528 9.593 9.677 10.084 10.516 10.952 11.394 11.841 14.540 17.437 20.331 23.221 26.108 28.991 31.871 34.748 37.621 40.491 43.357 45.683 43.686 41.713 39.763 37.836 35.932 34.052 32.195 30.361 28.550 26.763 24.999 23.713 23.465 23.191 22.890 22.562 22.208 21.827 21.420 20.986 20.525 20.038
15.447 12.243 9.033 7.661 9.760 11.651 13.336 14.814 16.085 17.149 18.005 18.655 19.098 19.334 19.363 18.351 16.378 14.576 12.943 11.481 10.190 9.162 8.373 7.718 7.198 7.220 7.317 7.604 8.022 8.445 8.873 9.307 9.745 10.189 10.638 11.093 11.552 12.016 12.486 14.881 17.764 20.644 23.520 26.392 29.262 32.128 34.991 37.850 40.706 43.559 46.408 44.549 42.677 40.828 39.003 37.201 35.422 33.666 31.934 30.225 28.539 26.877 25.478 25.114 24.722 24.304 23.860 23.388 22.891 22.366 21.816 21.238 20.634
14.482 11.257 8.027 5.766 7.151 8.330 9.301 10.066 10.624 10.975 11.120 11.057 10.788 10.311 9.628 8.567 7.183 6.822 6.927 7.033 7.140 7.242 7.339 7.436 7.534 7.632 7.731 7.992 8.432 8.878 9.330 9.786 10.247 10.714 11.186 11.663 12.145 12.632 13.125 15.225 18.094 20.959 23.821 26.680 29.535 32.387 35.236 38.082 40.924 43.762 46.598 45.386 43.616 41.869 40.145 38.444 36.767 35.113 33.482 31.874 30.290 28.729 27.269 26.787 26.279 25.744 25.182 24.594 23.980 23.339 22.671 21.977 21.256
13.523 10.279 7.029 4.065 4.738 5.204 5.463 5.515 5.361 5.000 5.107 5.492 5.879 6.268 6.658 6.997 7.103 7.211 7.319 7.428 7.538 7.642 7.742 7.842 7.942 8.043 8.145 8.373 8.837 9.305 9.779 10.259 10.743 11.232 11.727 12.227 12.732 13.242 13.757 15.571 18.426 21.277 24.125 26.970 29.812 32.650 35.485 38.316 41.144 43.969 46.790 46.199 44.530 42.884 41.262 39.663 38.087 36.534 35.004 33.498 32.015 30.555 29.119 28.486 27.861 27.209 26.531 25.826 25.094 24.337 23.552 22.741 21.904
12.571 9.307 6.038 2.937 3.110 3.490 3.873 4.257 4.643 5.031 5.420 5.812 6.205 6.600 6.997 7.379 7.488 7.599 7.710 7.821 7.934 8.041 8.143 8.246 8.349 8.453 8.558 8.748 9.235 9.726 10.223 10.725 11.232 11.744 12.262 12.784 13.312 13.845 14.383 15.919 18.760 21.598 24.432 27.263 30.091 32.915 35.736 38.553 41.367 44.178 46.985 46.987 45.419 43.875 42.354 40.856 39.381 37.930 36.501 35.097 33.715 32.356 31.021 30.210 29.468 28.699 27.904 27.083 26.235 25.360 24.459 23.531 22.577
12.113 9.189 6.351 3.596 3.383 3.769 4.158 4.549 4.941 5.335 5.732 6.129 6.529 6.931 7.334 7.740 7.872 7.985 8.099 8.213 8.329 8.439 8.544 8.649 8.755 8.862 8.969 9.117 9.626 10.141 10.660 11.185 11.715 12.250 12.790 13.335 13.886 14.441 15.002 16.271 19.098 21.921 24.742 27.559 30.372 33.182 35.989 38.793 41.593 44.390 47.183 47.749 46.283 44.840 43.420 42.024 40.650 39.300 37.973 36.670 35.389 34.132 32.898 31.959 31.100 30.215 29.303 28.365 27.400 26.409 25.391 24.347 23.276
11.824 9.190 6.641 4.176 3.653 4.046 4.442 4.839 5.237 5.638 6.041 6.445 6.851 7.259 7.669 8.081 8.255 8.371 8.487 8.604 8.722 8.835 8.943 9.051 9.160 9.269 9.379 9.490 10.012 10.549 11.091 11.639 12.191 12.749 13.312 13.880 14.453 15.032 15.615 16.625 19.438 22.247 25.054 27.857 30.656 33.453 36.246 39.035 41.822 44.604 47.384 48.487 47.122 45.781 44.462 43.167 41.895 40.646 39.420 38.218 37.038 35.882 34.749 33.733 32.757 31.629 30.158 28.727 27.337 25.986 24.676 23.406 22.176
11.456 9.113 6.853 4.678 3.921 4.321 4.723 5.126 5.531 5.939 6.348 6.758 7.171 7.586 8.002 8.420 8.637 8.755 8.874 8.994 9.115 9.230 9.341 9.452 9.563 9.675 9.788 9.902 10.391 10.951 11.516 12.086 12.661 13.242 13.828 14.418 15.014 15.616 16.222 16.981 19.780 22.576 25.368 28.158 30.943 33.726 36.505 39.280 42.053 44.822 47.587 49.201 47.937 46.696 45.479 44.285 43.032 41.297 39.590 37.913 36.265 34.647 33.057 31.571 30.195 28.860 27.565 26.310 25.095 23.920 22.786 21.691 20.637
11.011 8.957 6.987 5.101 4.188 4.594 5.002 5.412 5.823 6.237 6.652 7.070 7.489 7.910 8.332 8.757 9.018 9.138 9.260 9.383 9.506 9.624 9.737 9.851 9.965 10.080 10.196 10.312 10.764 11.346 11.934 12.527 13.125 13.728 14.337 14.950 15.569 16.193 16.822 17.456 20.125 22.907 25.686 28.461 31.233 34.001 36.766 39.519 41.793 43.977 46.071 47.452 45.699 43.975 42.280 40.614 38.977 37.369 35.791 34.242 32.721 31.230 29.768 28.412 27.212 26.053 24.933 23.854 22.815 21.817 20.858 19.940 19.061
10.487 8.722 7.042 5.445 4.452 4.865 5.279 5.695 6.113 6.533 6.955 7.379 7.804 8.232 8.661 9.092 9.397 9.520 9.645 9.770 9.896 10.017 10.133 10.249 10.367 10.484 10.603 10.721 11.130 11.736 12.346 12.962 13.583 14.209 14.840 15.476 16.117 16.764 17.416 17.990 20.226 22.738 25.160 27.491 29.732 31.882 33.943 35.912 37.792 39.581 41.280 42.733 41.108 39.511 37.944 36.406 34.897 33.417 31.966 30.544 29.152 27.788 26.454 25.216 24.192 23.209 22.265 21.362 20.499 19.676 18.893 18.150 17.447
9.885 8.410 7.018 5.710 4.714 5.133 5.554 5.977 6.401 6.827 7.256 7.686 8.118 8.551 8.987 9.424 9.775 9.901 10.028 10.156 10.285 10.409 10.527 10.647 10.766 10.887 11.008 11.130 11.491 12.119 12.774 13.416 14.038 14.638 15.218 15.777 16.315 16.832 17.328 17.804 19.483 21.600 23.627 25.563 27.409 29.165 30.830 32.405 33.890 35.285 36.589 37.803 36.491 35.023 33.583 32.172 30.791 29.439 28.116 26.822 25.557 24.321 23.114 21.983 21.135 20.327 19.560 18.832 18.144 17.497 16.890 16.323 15.796
9.205 8.019 6.916 5.897 4.974 5.399 5.827 6.256 6.687 7.119 7.554 7.991 8.429 8.869 9.311 9.755 10.152 10.281 10.411 10.542 10.673 10.822 10.983 11.152 11.331 11.518 11.714 11.918 12.268 12.861 13.433 13.984 14.514 15.023 15.511 15.979 16.426 16.851 17.256 17.640 18.838 20.560 22.191 23.733 25.184 26.546 27.817 28.997 30.088 31.088 31.998 32.817 31.850 30.509 29.197 27.914 26.660 25.435 24.240 23.073 21.936 20.828 19.748 18.713 18.041 17.409 16.817 16.265 15.753 15.281 14.849 14.458 14.106
