DATA/SHG/ECMWF/20170628/EN-43/20170628.en-43.asc
ncols        190
nrows        64
xllcorner    -5100000.000000000000
yllcorner    4130000.000000000000
cellsize     10000.000000000000
NODATA_value  -99999.000
[rows 0 to 32 of 64, columns 74 to 147 of 190]
8.121 8.612 9.129 9.671 10.238 10.831 11.449 11.825 11.472 11.068 10.693 10.346 10.027 9.736 9.473 9.239 9.033 8.855 8.705 8.585 8.465 8.324 8.169 7.999 7.815 7.615 7.401 7.172 6.929 6.670 6.397 6.206 6.321 6.430 6.532 6.627 6.715 6.797 6.873 6.941 7.003 7.059 7.108 7.052 6.696 6.345 5.998 5.657 5.322 4.991 4.665 4.345 4.029 3.719 3.414 3.135 2.928 2.732 2.547 2.372 2.208 2.055 1.912 1.781 1.660 1.550 1.451 1.423 1.576 1.738 1.907 2.084 2.270 2.463
8.139 8.658 9.140 9.598 10.031 10.440 10.824 11.061 10.728 10.423 10.146 9.898 9.678 9.485 9.322 9.186 9.078 8.999 8.948 8.908 8.722 8.515 8.294 8.058 7.807 7.542 7.262 6.967 6.657 6.332 5.993 5.690 5.776 5.855 5.927 5.993 6.052 6.104 6.150 6.190 6.222 6.248 6.268 6.237 5.903 5.575 5.252 4.934 4.621 4.313 4.010 3.713 3.420 3.133 2.851 2.589 2.430 2.282 2.145 2.018 1.902 1.797 1.703 1.619 1.546 1.484 1.433 1.426 1.615 1.813 2.018 2.231 2.452 2.682
7.782 8.204 8.600 8.973 9.320 9.644 9.943 10.193 9.959 9.753 9.575 9.425 9.303 9.210 9.145 9.108 9.099 9.118 9.165 9.241 8.995 8.723 8.435 8.133 7.816 7.485 7.139 6.778 6.402 6.011 5.606 5.186 5.238 5.288 5.331 5.367 5.397 5.420 5.436 5.446 5.449 5.446 5.436 5.417 5.106 4.801 4.501 4.205 3.915 3.631 3.351 3.076 2.807 2.542 2.283 2.032 1.921 1.821 1.732 1.654 1.586 1.529 1.482 1.447 1.422 1.408 1.405 1.444 1.725 2.023 2.339 2.672 3.023 3.392
7.437 7.773 8.084 8.371 8.633 8.871 9.085 9.274 9.165 9.058 8.978 8.927 8.904 8.909 8.942 9.004 9.093 9.211 9.357 9.531 9.285 8.947 8.593 8.225 7.842 7.445 7.032 6.605 6.163 5.707 5.236 4.750 4.709 4.729 4.742 4.749 4.749 4.743 4.730 4.711 4.684 4.652 4.612 4.566 4.305 4.023 3.745 3.473 3.206 2.944 2.687 2.435 2.189 1.947 1.711 1.480 1.402 1.350 1.366 1.436 1.503 1.567 1.628 1.685 1.739 1.790 1.838 1.882 2.220 2.597 2.991 3.404 3.834 4.281
7.115 7.365 7.591 7.792 7.970 8.122 8.251 8.355 8.347 8.338 8.357 8.404 8.480 8.583 8.715 8.875 9.063 9.279 9.523 9.795 9.592 9.187 8.767 8.333 7.884 7.421 6.943 6.450 5.942 5.419 4.882 4.330 4.187 4.178 4.162 4.139 4.110 4.075 4.032 3.983 3.928 3.866 3.797 3.722 3.500 3.240 2.986 2.736 2.492 2.328 2.229 2.134 2.042 1.954 1.869 1.787 1.823 1.885 1.944 2.000 2.052 2.102 2.148 2.191 2.231 2.268 2.301 2.331 2.697 3.152 3.626 4.117 4.625 5.151
6.815 6.981 7.121 7.238 7.330 7.397 7.440 7.459 7.504 7.593 7.711 7.857 8.031 8.232 8.462 8.720 9.007 9.321 9.663 10.034 9.914 9.443 8.958 8.458 7.943 7.414 6.870 6.311 5.737 5.149 4.546 3.928 3.674 3.635 3.590 3.538 3.479 3.414 3.342 3.264 3.251 3.290 3.334 3.385 3.335 3.235 3.137 3.043 2.953 2.866 2.783 2.703 2.626 2.553 2.483 2.417 2.431 2.479 2.524 2.566 2.604 2.639 2.671 2.700 2.725 2.748 2.767 2.783 3.155 3.689 4.241 4.811 5.398 6.003
6.540 6.620 6.675 6.706 6.713 6.696 6.654 6.588 6.636 6.824 7.040 7.284 7.556 7.856 8.185 8.541 8.925 9.338 9.778 10.247 10.253 9.716 9.165 8.599 8.019 7.423 6.813 6.188 5.549 4.895 4.226 3.581 3.282 3.300 3.324 3.353 3.389 3.430 3.477 3.530 3.589 3.654 3.725 3.802 3.792 3.706 3.624 3.546 3.471 3.399 3.331 3.267 3.205 3.148 3.094 3.043 3.043 3.076 3.107 3.134 3.158 3.179 3.196 3.211 3.222 3.230 3.235 3.237 3.595 4.208 4.838 5.487 6.152 6.836
6.287 6.282 6.252 6.198 6.120 6.018 5.891 5.739 5.744 6.030 6.344 6.687 7.057 7.455 7.882 8.336 8.819 9.329 9.868 10.434 10.608 10.006 9.330 8.643 7.971 7.316 6.677 6.054 5.447 4.856 4.282 3.724 3.404 3.448 3.498 3.553 3.615 3.683 3.756 3.835 3.921 4.012 4.109 4.212 4.244 4.174 4.107 4.044 3.984 3.928 3.876 3.826 3.781 3.738 3.699 3.664 3.656 3.675 3.692 3.705 3.714 3.721 3.724 3.725 3.722 3.716 3.706 3.694 4.016 4.708 5.417 6.144 6.888 7.650
6.058 5.967 5.853 5.714 5.551 5.363 5.151 4.915 4.827 5.212 5.624 6.064 6.533 7.029 7.547 8.040 8.522 8.991 9.447 9.892 10.086 9.438 8.806 8.191 7.591 7.008 6.441 5.890 5.356 4.837 4.335 3.848 3.518 3.588 3.665 3.747 3.835 3.928 4.028 4.134 4.245 4.362 4.486 4.615 4.691 4.637 4.586 4.538 4.494 4.453 4.415 4.382 4.351 4.324 4.301 4.281 4.272 4.277 4.279 4.278 4.273 4.266 4.255 4.241 4.224 4.203 4.180 4.153 4.420 5.190 5.977 6.782 7.605 8.446
5.851 5.676 5.476 5.253 5.005 4.732 4.435 4.140 4.004 4.529 5.041 5.542 6.029 6.505 6.968 7.419 7.857 8.283 8.697 9.099 9.401 8.825 8.265 7.722 7.194 6.683 6.188 5.709 5.247 4.800 4.370 3.955 3.626 3.723 3.825 3.933 4.047 4.167 4.293 4.425 4.563 4.706 4.856 5.011 5.135 5.095 5.060 5.027 4.998 4.973 4.951 4.932 4.917 4.906 4.898 4.893 4.890 4.881 4.869 4.853 4.835 4.813 4.788 4.760 4.728 4.694 4.656 4.615 4.805 5.653 6.519 7.403 8.304 9.223
5.656 5.390 5.130 4.876 4.627 4.383 4.145 3.913 3.695 4.177 4.646 5.104 5.548 5.981 6.401 6.809 7.205 7.588 7.959 8.318 8.677 8.194 7.707 7.235 6.780 6.341 5.918 5.511 5.120 4.746 4.387 4.045 3.727 3.850 3.979 4.113 4.254 4.400 4.552 4.710 4.874 5.043 5.219 5.400 5.574 5.550 5.529 5.512 5.499 5.489 5.482 5.479 5.479 5.483 5.490 5.501 5.511 5.488 5.461 5.431 5.399 5.362 5.323 5.281 5.235 5.186 5.135 5.079 5.171 6.098 7.043 8.004 8.984 9.981
5.289 5.042 4.802 4.566 4.337 4.112 3.894 3.680 3.473 3.836 4.263 4.677 5.079 5.469 5.847 6.212 6.564 6.905 7.233 7.549 7.865 7.547 7.131 6.732 6.348 5.981 5.630 5.295 4.976 4.673 4.387 4.116 3.862 3.971 4.126 4.286 4.453 4.625 4.804 4.988 5.178 5.374 5.575 5.783 5.997 6.000 5.995 5.993 5.995 6.000 6.009 6.021 6.037 6.056 6.078 6.104 6.134 6.097 6.056 6.012 5.965 5.915 5.861 5.805 5.745 5.682 5.616 5.540 5.513 6.476 7.426 8.362 9.285 10.195
4.917 4.690 4.468 4.252 4.042 3.837 3.638 3.444 3.255 3.507 3.891 4.263 4.622 4.969 5.304 5.626 5.936 6.234 6.519 6.792 7.065 6.882 6.538 6.211 5.899 5.604 5.325 5.061 4.814 4.583 4.368 4.170 3.987 4.085 4.266 4.453 4.646 4.844 5.049 5.259 5.475 5.697 5.925 6.159 6.398 6.446 6.456 6.470 6.487 6.507 6.531 6.559 6.590 6.624 6.662 6.703 6.748 6.708 6.604 6.457 6.326 6.213 6.115 6.035 5.971 5.924 5.894 5.880 5.883 6.726 7.617 8.495 9.360 10.211
4.540 4.333 4.131 3.934 3.743 3.557 3.377 3.202 3.033 3.190 3.531 3.860 4.176 4.481 4.772 5.052 5.319 5.574 5.817 6.047 6.277 6.200 5.928 5.672 5.433 5.209 5.002 4.810 4.635 4.476 4.333 4.206 4.095 4.193 4.400 4.613 4.832 5.057 5.287 5.524 5.766 6.014 6.268 6.528 6.793 6.887 6.913 6.942 6.974 6.972 6.925 6.869 6.803 6.729 6.647 6.555 6.454 6.350 6.260 6.187 6.131 6.091 6.068 6.061 6.072 6.099 6.142 6.202 6.279 6.988 7.821 8.641 9.447 10.240
4.159 3.971 3.788 3.611 3.439 3.272 3.111 2.956 2.806 2.885 3.183 3.469 3.743 4.004 4.253 4.490 4.714 4.927 5.127 5.314 5.502 5.501 5.301 5.117 4.949 4.797 4.661 4.542 4.438 4.351 4.279 4.224 4.184 4.294 4.527 4.766 5.011 5.262 5.519 5.781 6.038 6.281 6.518 6.749 6.973 7.036 6.985 6.924 6.855 6.777 6.691 6.595 6.491 6.377 6.255 6.125 5.985 5.915 5.899 5.901 5.918 5.952 6.003 6.071 6.155 6.256 6.374 6.508 6.659 7.264 8.038 8.799 9.547 10.282
3.774 3.605 3.441 3.283 3.130 2.983 2.841 2.705 2.574 2.591 2.846 3.090 3.321 3.539 3.746 3.940 4.122 4.291 4.448 4.593 4.738 4.785 4.656 4.544 4.448 4.368 4.304 4.256 4.224 4.208 4.208 4.240 4.296 4.441 4.700 4.952 5.199 5.439 5.673 5.901 6.122 6.338 6.547 6.750 6.947 7.007 6.917 6.817 6.709 6.592 6.466 6.331 6.187 6.035 5.874 5.704 5.525 5.464 5.522 5.597 5.689 5.797 5.922 6.064 6.222 6.397 6.588 6.796 7.021 7.551 8.267 8.970 9.660 10.336
3.384 3.234 3.089 2.950 2.817 2.689 2.566 2.449 2.338 2.309 2.521 2.722 2.910 3.086 3.250 3.401 3.541 3.667 3.782 3.884 3.986 4.051 4.032 4.051 4.079 4.114 4.157 4.209 4.268 4.336 4.411 4.494 4.586 4.724 4.955 5.180 5.399 5.612 5.818 6.019 6.213 6.400 6.582 6.757 6.927 6.988 6.858 6.719 6.572 6.416 6.251 6.077 5.894 5.702 5.502 5.293 5.075 4.996 5.129 5.278 5.443 5.625 5.824 6.040 6.272 6.520 6.786 7.068 7.366 7.851 8.509 9.154 9.785 10.404
2.989 2.858 2.733 2.613 2.499 2.390 2.287 2.189 2.097 2.038 2.208 2.366 2.512 2.645 2.772 2.965 3.148 3.321 3.484 3.636 3.781 3.909 3.956 4.011 4.074 4.145 4.224 4.311 4.406 4.510 4.621 4.740 4.867 5.014 5.217 5.415 5.606 5.791 5.970 6.143 6.309 6.470 6.624 6.772 6.913 6.978 6.809 6.631 6.444 6.249 6.045 5.832 5.610 5.379 5.140 4.892 4.635 4.512 4.718 4.941 5.181 5.437 5.709 5.999 6.305 6.627 6.966 7.322 7.694 8.164 8.764 9.350 9.923 10.484
2.589 2.478 2.372 2.271 2.176 2.087 2.003 1.938 1.944 1.952 2.156 2.354 2.542 2.720 2.888 3.046 3.194 3.332 3.459 3.577 3.686 3.788 3.871 3.962 4.061 4.167 4.282 4.405 4.536 4.674 4.821 4.976 5.139 5.310 5.486 5.656 5.820 5.977 6.129 6.274 6.413 6.546 6.672 6.793 6.907 6.977 6.769 6.552 6.327 6.092 5.849 5.597 5.336 5.066 4.788 4.500 4.204 4.012 4.292 4.588 4.902 5.231 5.578 5.941 6.321 6.717 7.130 7.559 8.005 8.489 9.031 9.559 10.074 10.576
2.212 2.213 2.215 2.219 2.224 2.231 2.239 2.249 2.260 2.273 2.421 2.584 2.737 2.880 3.013 3.136 3.249 3.351 3.444 3.526 3.600 3.667 3.777 3.904 4.038 4.181 4.331 4.489 4.656 4.830 5.013 5.203 5.401 5.608 5.761 5.903 6.039 6.169 6.293 6.411 6.523 6.628 6.727 6.820 6.907 6.986 6.739 6.483 6.218 5.944 5.662 5.371 5.071 4.762 4.445 4.118 3.783 3.495 3.848 4.219 4.606 5.009 5.430 5.866 6.320 6.790 7.276 7.779 8.299 8.827 9.310 9.781 10.238 10.682
2.486 2.491 2.499 2.508 2.518 2.530 2.543 2.558 2.574 2.592 2.695 2.823 2.941 3.049 3.147 3.235 3.312 3.380 3.438 3.485 3.524 3.555 3.675 3.837 4.007 4.185 4.371 4.565 4.767 4.977 5.195 5.421 5.655 5.897 6.042 6.157 6.266 6.368 6.465 6.555 6.639 6.717 6.788 6.854 6.913 6.966 6.718 6.423 6.119 5.806 5.485 5.155 4.816 4.468 4.111 3.746 3.372 2.989 3.389 3.833 4.293 4.771 5.265 5.775 6.302 6.846 7.406 7.983 8.613 9.289 9.827 10.381 10.951 11.537
2.757 2.768 2.781 2.795 2.810 2.827 2.845 2.865 2.886 2.909 2.978 3.071 3.154 3.227 3.290 3.342 3.385 3.418 3.440 3.453 3.456 3.452 3.563 3.761 3.966 4.180 4.402 4.631 4.869 5.114 5.368 5.629 5.899 6.177 6.329 6.417 6.498 6.573 6.642 6.705 6.762 6.812 6.856 6.894 6.926 6.952 6.707 6.372 6.030 5.678 5.317 4.948 4.570 4.183 3.788 3.384 2.971 2.549 2.912 3.509 4.220 4.925 5.623 6.315 7.001 7.680 8.352 9.018 9.678 10.331 10.943 11.567 12.208 12.864
3.028 3.044 3.061 3.080 3.101 3.122 3.146 3.171 3.197 3.224 3.270 3.328 3.376 3.414 3.441 3.459 3.467 3.464 3.452 3.429 3.398 3.358 3.443 3.676 3.917 4.166 4.423 4.689 4.962 5.243 5.532 5.829 6.134 6.447 6.623 6.683 6.737 6.785 6.826 6.862 6.891 6.914 6.931 6.941 6.946 6.944 6.704 6.331 5.949 5.559 5.194 4.897 4.627 4.383 4.165 3.973 3.807 3.667 4.146 4.835 5.518 6.194 6.864 7.527 8.184 8.835 9.478 10.116 10.747 11.371 12.041 12.736 13.447 14.174
3.296 3.317 3.340 3.364 3.389 3.416 3.444 3.474 3.505 3.538 3.571 3.594 3.606 3.609 3.602 3.585 3.557 3.520 3.473 3.415 3.348 3.273 3.313 3.582 3.859 4.143 4.436 4.737 5.046 5.362 5.687 6.020 6.360 6.709 6.923 6.956 6.982 7.003 7.017 7.025 7.026 7.029 7.033 7.025 7.007 6.977 6.796 6.511 6.252 6.019 5.813 5.632 5.477 5.348 5.246 5.170 5.119 5.095 5.507 6.167 6.821 7.469 8.110 8.744 9.373 9.994 10.610 11.218 11.821 12.417 13.122 13.887 14.668 15.465
3.563 3.589 3.617 3.646 3.676 3.708 3.741 3.776 3.812 3.850 3.880 3.868 3.846 3.814 3.772 3.719 3.657 3.585 3.502 3.410 3.308 3.198 3.175 3.479 3.792 4.112 4.440 4.776 5.120 5.473 5.833 6.201 6.590 7.010 7.316 7.348 7.369 7.380 7.378 7.366 7.342 7.307 7.261 7.204 7.135 7.055 6.925 6.756 6.612 6.495 6.403 6.338 6.299 6.286 6.299 6.338 6.403 6.494 6.872 7.503 8.129 8.748 9.360 9.966 10.566 11.159 11.746 12.326 12.900 13.467 14.186 15.022 15.873 16.740
3.828 3.859 3.892 3.926 3.961 3.998 4.037 4.076 4.118 4.160 4.198 4.151 4.094 4.027 3.950 3.863 3.766 3.658 3.541 3.414 3.277 3.131 3.028 3.374 3.741 4.119 4.509 4.911 5.325 5.751 6.188 6.637 7.098 7.570 7.955 7.938 7.909 7.869 7.818 7.756 7.682 7.597 7.501 7.394 7.275 7.145 7.026 6.972 6.944 6.942 6.966 7.016 7.092 7.195 7.323 7.477 7.658 7.864 8.241 8.844 9.441 10.032 10.616 11.193 11.764 12.329 12.887 13.439 13.984 14.523 15.233 16.138 17.060 17.997
4.091 4.128 4.165 4.204 4.245 4.287 4.330 4.375 4.421 4.469 4.518 4.443 4.351 4.249 4.137 4.009 3.843 3.683 3.532 3.389 3.254 3.125 3.003 3.398 3.817 4.247 4.690 5.144 5.610 6.088 6.578 7.079 7.592 8.117 8.607 8.539 8.461 8.371 8.270 8.157 8.034 7.899 7.753 7.596 7.427 7.247 7.099 7.160 7.248 7.361 7.501 7.666 7.858 8.075 8.319 8.589 8.884 9.206 9.616 10.190 10.758 11.320 11.876 12.425 12.967 13.503 14.033 14.556 15.073 15.583 16.262 17.238 18.229 19.236
4.353 4.394 4.437 4.481 4.526 4.573 4.622 4.672 4.706 4.675 4.635 4.482 4.311 4.148 3.992 3.845 3.705 3.574 3.450 3.333 3.226 3.124 3.030 3.408 3.879 4.362 4.857 5.364 5.882 6.412 6.954 7.507 8.072 8.649 9.238 9.152 9.024 8.884 8.733 8.571 8.397 8.212 8.016 7.809 7.591 7.361 7.145 7.321 7.524 7.753 8.008 8.288 8.595 8.928 9.287 9.672 10.082 10.519 10.995 11.541 12.080 12.614 13.141 13.661 14.175 14.682 15.184 15.678 16.166 16.648 17.274 18.320 19.381 20.459
4.613 4.647 4.647 4.638 4.621 4.594 4.559 4.515 4.461 4.399 4.329 4.202 4.058 3.922 3.794 3.674 3.561 3.457 3.360 3.271 3.190 3.117 3.050 3.405 3.929 4.464 5.011 5.570 6.140 6.722 7.316 7.922 8.539 9.169 9.809 9.777 9.598 9.409 9.208 8.995 8.772 8.537 8.292 8.035 7.766 7.487 7.196 7.454 7.772 8.116 8.486 8.882 9.304 9.752 10.226 10.726 11.252 11.804 12.378 12.896 13.407 13.912 14.410 14.902 15.388 15.867 16.339 16.805 17.265 17.718 18.269 19.385 20.516 21.664
4.648 4.626 4.595 4.556 4.507 4.450 4.384 4.309 4.225 4.132 4.031 3.915 3.798 3.689 3.588 3.495 3.410 3.333 3.263 3.202 3.148 3.102 3.063 3.389 3.965 4.552 5.151 5.762 6.385 7.019 7.665 8.323 8.993 9.674 10.367 10.413 10.184 9.945 9.694 9.432 9.159 8.874 8.579 8.272 7.954 7.624 7.284 7.560 7.993 8.452 8.937 9.448 9.985 10.548 11.137 11.752 12.393 13.060 13.753 14.256 14.739 15.215 15.685 16.148 16.605 17.056 17.500 17.937 18.369 18.794 19.225 20.298 21.309 22.256
4.666 4.613 4.552 4.481 4.402 4.314 4.217 4.111 3.997 3.873 3.741 3.621 3.531 3.450 3.376 3.310 3.252 3.202 3.160 3.125 3.099 3.081 3.069 3.359 3.987 4.627 5.278 5.941 6.616 7.303 8.001 8.711 9.432 10.166 10.911 11.060 10.782 10.492 10.192 9.880 9.557 9.223 8.877 8.521 8.153 7.774 7.383 7.638 8.186 8.760 9.360 9.986 10.638 11.316 12.020 12.750 13.506 14.288 15.096 15.621 16.075 16.484 16.821 17.163 17.512 17.867 18.229 18.597 18.971 19.351 19.738 20.506 21.238 21.907
4.692 4.609 4.516 4.415 4.305 4.187 4.059 3.923 3.777 3.623 3.460 3.320 3.258 3.204 3.157 3.119 3.088 3.065 3.050 3.042 3.044 3.052 3.068 3.317 3.997 4.688 5.392 6.107 6.834 7.572 8.323 9.085 9.858 10.644 11.441 11.719 11.391 11.051 10.701 10.339 9.967 9.583 9.188 8.781 8.364 7.935 7.495 7.688 8.351 9.040 9.755 10.496 11.254 11.996 12.731 13.460 14.184 14.901 15.612 16.064 16.415 16.773 17.137 17.508 17.885 18.268 18.658 19.054 19.456 19.864 20.279 20.775 21.229 21.621
4.727 4.612 4.489 4.358 4.217 4.068 3.909 3.742 3.566 3.381 3.188 3.013 2.978 2.951 2.931 2.920 2.916 2.920 2.932 2.952 2.981 3.017 3.060 3.261 3.993 4.737 5.492 6.259 7.038 7.829 8.631 9.445 10.271 11.108 11.958 12.389 12.011 11.622 11.222 10.811 10.388 9.954 9.510 9.059 8.627 8.205 7.792 7.930 8.675 9.414 10.147 10.874 11.595 12.309 13.018 13.720 14.416 15.107 15.791 16.290 16.669 17.055 17.447 17.846 18.251 18.662 19.080 19.503 19.933 20.370 20.813 21.105 21.282 21.396
