DATA/RAW-RASTER/ECMWF/20170628/EN-24/20170628.en-24.asc
ncols			31
nrows			16
xllcorner		69.5
yllcorner		19.5
cellsize		1.0
NODATA_value	-99999
4.51374 5.05161 7.07912 7.61318 12.19082 9.97448 4.35925 2.50530 2.69699 0.54073 0.94318 7.38907 5.27287 4.21810 4.89616 10.94151 3.57056 1.29414 0.88501 1.77860 1.95885 0.94986 0.74577 1.29509 1.26362 1.26457 0.44918 1.07384 1.20354 1.90163 5.68485
4.24385 8.61454 19.52648 4.77791 8.83865 3.78513 9.91631 3.34644 4.70924 1.25504 3.83186 10.56099 17.85660 11.59573 13.18550 9.43756 3.13759 8.35133 14.70280 10.05936 11.08074 4.82178 5.90992 2.38419 1.71089 0.94509 1.00708 1.15299 0.70477 0.63038 1.13487
4.09317 18.05687 15.67459 17.92526 26.56269 34.71565 24.91379 8.12149 3.74889 1.83201 0.81062 1.30844 5.68867 5.03063 7.60651 7.43294 11.70826 8.15582 9.68647 17.70973 20.40482 30.60246 5.13172 12.89845 12.55608 3.97491 0.93365 2.55299 1.41907 0.18120 0.96226
15.35797 27.82631 10.38456 12.90607 4.04072 53.12061 22.17293 30.83324 10.23483 1.35803 2.69604 1.77193 1.34182 0.79727 4.63390 4.33064 4.43268 6.28281 3.23963 9.13143 11.27148 15.03372 17.19284 11.26003 8.78716 0.74863 4.00639 1.12915 0.53883 1.26362 3.84808
19.32716 16.83712 16.23631 28.35846 56.41460 46.24557 25.07782 14.44817 43.28346 13.55171 1.25885 0.68855 2.07138 0.34809 3.44658 3.59631 7.96890 2.85149 2.39277 6.75583 6.50311 3.48663 2.96593 1.96171 2.32220 2.06375 4.32873 3.19386 5.05733 2.09522 6.46496
14.55498 27.71473 22.98546 30.75504 17.86900 18.04638 30.37453 42.23633 14.99367 50.08888 11.07979 4.18854 3.20530 1.23215 1.72901 3.50285 2.15530 3.42751 2.99931 3.30639 4.19521 3.48377 7.37095 5.91755 9.59969 9.74369 1.59264 3.67260 13.01765 4.27532 6.73676
18.71204 58.24471 32.86076 8.19206 3.12424 13.24272 8.65173 13.82923 40.32516 52.27470 10.53047 15.23781 27.31323 3.27969 9.49764 5.10979 1.68800 2.76756 3.03650 5.76305 6.44207 1.60408 8.89111 1.31130 9.09805 16.97922 9.36222 5.19180 1.41621 8.84247 6.56414
4.00639 16.56437 8.54206 22.04990 21.37756 15.80906 39.22939 15.44666 24.71924 17.81559 15.82241 13.63945 0.69618 20.43629 62.27589 37.47463 12.17365 2.11716 0.38910 1.38855 6.19030 16.32977 4.71306 22.18056 27.09770 50.93384 17.51518 6.13403 45.70293 13.84640 12.56561
4.92191 8.37326 2.23923 0.76008 14.40239 10.40649 9.13143 29.39606 37.56905 31.05450 20.39909 7.78103 1.75285 1.46580 1.97697 3.24059 4.12464 14.57787 54.47388 20.95699 56.07796 19.04583 8.89111 21.90971 6.25992 9.34696 9.40323 25.57659 34.17206 6.31046 3.99590
3.72696 0.76675 0.43011 0.63133 5.81360 0.93460 10.68974 18.91613 11.71875 33.85735 9.91058 17.56287 4.88853 0.06199 0.06676 0.38528 0.57793 1.00231 2.71320 10.21194 13.83972 10.24628 19.25182 6.52599 11.96384 25.30193 62.61444 16.33930 41.12816 6.87122 7.29275
2.31934 1.00803 0.88692 0.72861 3.47614 2.91443 5.06687 18.10932 22.83478 36.86714 36.51237 17.15088 10.43701 3.92151 1.16158 0.40150 1.35708 1.07670 2.12002 4.08840 10.03742 5.99861 18.19897 28.99837 16.35361 16.97254 10.36930 16.45565 18.13221 1.99223 4.74262
1.23787 1.57642 1.29604 1.71089 2.36225 0.96893 1.21117 6.77299 15.90633 27.77386 37.78553 23.69022 11.70635 11.46984 4.45747 1.89590 3.88527 3.30257 4.66156 5.17941 2.64645 1.49632 3.28541 14.25076 9.88197 11.07979 2.95544 21.66939 8.53825 21.52157 21.49487
2.22588 2.67410 0.89169 1.86729 3.86906 0.68951 0.23937 1.84155 1.60027 7.05147 16.80660 36.50379 20.43915 8.93879 11.07597 3.89290 12.76398 19.60659 7.90977 3.95298 16.78562 3.63445 1.84250 10.19287 40.45391 1.77860 6.91605 11.33251 21.20113 22.75562 21.06857
11.94191 6.84643 1.26076 6.19316 3.56483 0.00000 0.00000 0.35000 0.46062 7.62272 18.84365 20.85972 10.17761 14.50539 19.61708 43.08224 13.46874 10.67352 9.58443 9.21917 4.48322 3.13950 0.84591 5.38158 3.84617 0.17262 0.20981 25.25616 28.82385 22.56870 23.24009
18.58044 14.87923 10.40936 10.05363 0.44823 2.55489 0.00000 0.19932 1.33419 8.42857 14.53400 11.68442 14.62650 8.59737 28.79333 13.29803 22.11475 33.28896 4.90475 4.08268 2.13051 7.72381 3.94917 2.92206 4.78268 0.18024 3.46375 4.38786 10.64491 21.08192 20.10632
19.53888 41.17107 18.49937 27.71282 7.91550 12.31098 5.15556 1.30844 1.60503 7.91168 6.13880 8.37326 3.01933 11.16467 7.64275 30.07126 19.10019 17.26627 10.93769 3.43037 3.88622 4.28867 5.99861 11.79314 12.74014 0.34904 1.20258 2.53296 4.14848 5.95474 17.95578
