DATA/RAW-RASTER/ECMWF/20170628/EN-24/20170712.en-24.asc
ncols			31
nrows			16
xllcorner		69.5
yllcorner		19.5
cellsize		1.0
NODATA_value	-99999
0.45013 0.61798 1.86920 3.04413 9.60541 2.38800 1.77765 4.47845 0.21362 0.00000 0.30518 0.83160 1.84631 2.92969 8.75854 9.30786 5.41687 6.45447 5.43976 5.34058 5.98145 11.70349 8.23212 7.15637 6.43158 4.05121 1.15967 5.56946 0.06104 0.00000 0.09918
0.20599 1.36566 5.35583 4.35638 3.80707 0.45013 0.16785 0.00763 0.69427 0.04578 0.26703 1.18256 2.53296 5.36346 8.97217 7.67517 2.47192 2.97546 7.62177 3.14331 5.22614 8.07953 4.72260 6.51550 6.28662 6.55365 4.89044 2.42615 2.58636 0.32806 0.06866
0.07629 0.14496 2.04468 3.76129 7.24792 2.84576 3.47900 0.15259 0.09155 0.02289 1.28937 1.27411 1.10626 1.77765 8.33130 16.65497 9.21631 5.35583 11.98578 8.10242 4.77600 6.52313 2.92206 5.09644 2.04468 1.34277 6.76727 14.80103 16.93726 14.64081 11.36780
0.19073 0.01526 0.12207 0.40436 1.28937 2.07520 1.95312 6.84357 0.72479 1.06812 1.59454 1.11389 3.28064 4.11224 9.87244 11.66534 6.42395 6.38580 5.27954 6.10352 4.25720 7.87354 13.25989 7.78961 7.26318 3.85284 0.51880 4.83704 8.30078 13.33618 6.32477
0.00000 0.00000 0.00000 0.01526 0.55695 0.83160 2.42615 9.26971 5.26428 2.15912 0.10681 0.90790 2.26593 3.21198 5.65338 15.61737 13.74054 15.88440 8.68225 5.15747 9.37653 5.88226 0.88501 4.61578 1.41144 4.66156 0.26703 10.55145 11.52039 3.73077 4.95911
1.20544 0.00000 0.00000 0.00000 0.03815 0.03815 3.97491 4.52423 0.35858 11.22284 4.15802 4.25720 5.81360 6.20270 5.66864 19.60754 13.80920 6.49261 6.29425 0.85449 5.79071 6.01959 4.24194 8.20160 7.82776 7.01904 2.34222 6.21033 7.65991 4.69971 5.65338
0.00000 0.00000 0.00000 0.00000 0.00000 0.44250 4.69971 1.25885 0.50354 5.96619 7.01141 13.24463 5.58472 15.09857 1.59454 3.70789 3.70026 6.22559 5.11932 5.37109 5.52368 6.24084 10.00214 6.25610 15.49530 10.45227 6.66046 9.40704 2.45667 1.85394 7.17163
0.00000 0.00000 0.00000 0.00000 0.02289 0.05341 0.54932 0.94604 3.07465 9.65881 12.28333 13.37433 8.29315 51.33057 33.95081 8.32367 15.48004 0.36621 1.06812 3.47900 7.94220 9.92584 5.95856 26.56555 77.07214 1.18256 8.37708 16.85333 6.75964 6.98090 7.46155
0.00000 0.00000 0.00000 0.00000 0.12970 1.18256 1.09863 1.05286 9.34601 1.35803 8.63647 6.29425 15.43427 20.76721 20.67566 18.60809 4.73785 11.66534 6.69098 10.37598 3.92151 6.10352 16.37268 10.58960 2.43378 3.79944 1.21307 12.80975 5.00488 7.23267 9.42230
0.00000 0.00000 0.04578 0.61798 8.30841 2.87628 5.24139 11.18469 13.51166 19.04297 17.37976 9.45282 22.43042 15.50293 6.30951 8.33893 8.33130 14.12964 22.36938 29.79279 10.97107 8.91113 22.14050 2.59399 12.54272 2.56348 3.18146 16.31165 18.81409 4.16565 5.92804
0.04578 0.92316 7.19452 5.65338 4.68445 3.40271 4.72260 11.45935 14.40430 32.61566 22.54486 13.58795 16.22009 5.92804 2.96021 7.63702 6.59180 3.58582 9.54437 5.95093 7.29370 10.84900 11.57379 15.09094 1.47247 1.56403 5.03540 1.11389 8.64410 6.59943 4.73785
0.99945 6.15692 7.75909 9.17816 13.81683 22.99500 26.45111 101.77612 32.43256 13.73291 10.65063 4.85992 20.29419 11.47461 7.43866 2.16675 3.96729 6.39343 3.68500 1.33514 2.84576 0.96130 2.18201 5.08118 19.24896 10.93292 4.35638 2.81525 14.17542 2.65503 19.70673
5.00488 5.56183 5.66864 16.10565 34.91974 51.53656 70.00732 57.76978 70.54901 40.71808 19.11926 11.70349 7.36237 6.40869 4.79889 5.24902 3.73840 1.29700 1.83105 2.92206 2.47192 4.35638 3.36456 18.02826 16.49475 12.52747 19.12689 8.20160 8.17871 2.13623 5.59998
5.14221 2.95258 4.20380 7.81250 5.67627 13.20648 11.13129 10.38361 12.28333 4.81415 8.38470 22.81189 1.55640 7.38525 5.27191 0.29755 2.16675 4.14276 11.16180 2.75421 8.15582 15.99884 1.13678 9.53674 3.73077 8.59833 7.48444 11.42883 0.69427 6.27136 4.38690
6.32477 2.71606 4.40979 6.59943 1.29700 2.03705 2.74658 11.35254 8.91876 35.51483 204.04053 59.13544 10.16998 1.78528 2.07520 4.22668 6.07300 5.87463 4.40216 3.64685 5.98145 5.94330 13.76343 3.43323 6.16455 3.79181 2.43378 7.75146 1.50299 5.34821 6.43158
4.95148 3.97491 13.41248 11.27625 1.64032 1.40381 1.80817 3.20435 2.55585 34.53064 53.81775 9.81140 3.49426 9.97925 26.84784 2.92969 4.83704 5.76019 1.14441 6.46973 7.17926 6.27899 6.01196 11.81030 17.95197 3.69263 1.03760 4.53186 3.31116 5.82123 8.85773
