DATA/RAW-RASTER/ECMWF/20170628/EN-24/20170709.en-24.asc
ncols			31
nrows			16
xllcorner		69.5
yllcorner		19.5
cellsize		1.0
NODATA_value	-99999
0.00000 0.00000 0.01526 0.00000 0.01526 0.01526 0.00000 0.01526 0.16022 0.28992 0.45776 1.08337 0.53406 0.01526 0.01526 0.00000 0.03815 0.02289 0.27466 0.00000 0.12207 1.90735 4.40216 8.70514 10.35309 5.14221 8.27789 15.66315 23.77319 18.53943 15.37323
0.00000 0.00000 0.00000 0.00000 0.14496 0.00000 0.00763 0.03815 0.00763 0.02289 0.50354 0.38910 0.35095 0.22125 0.12970 0.07629 0.04578 0.02289 0.22125 0.22888 0.64850 1.64032 3.14331 6.79779 6.28662 16.67786 24.36829 22.93396 23.04840 12.39777 4.54712
0.00000 0.00000 0.01526 0.01526 0.00000 0.02289 1.28174 0.01526 0.00000 0.00000 1.10626 0.22125 0.00000 0.00000 0.02289 0.11444 0.09155 0.02289 0.52643 0.44250 2.74658 6.01196 6.96564 9.50623 13.04626 12.09259 11.29150 16.63971 12.26044 6.81305 8.06427
0.00000 0.00000 0.00000 0.00000 0.00000 0.00000 0.40436 2.67029 0.00000 0.03052 0.00000 0.14496 0.01526 0.15259 0.05341 0.25177 4.31061 3.31116 6.63757 0.84686 2.64740 2.92206 6.88934 24.52087 11.73401 7.90405 3.57819 2.34985 10.42175 40.82489 13.89313
0.00000 0.00000 0.00000 0.00000 0.00000 0.00000 0.00000 0.04578 2.96021 1.35040 0.11444 1.04523 2.30408 5.60760 7.53021 20.28656 17.47894 27.65656 17.48657 4.49371 3.21198 6.68335 11.68823 6.71387 3.68500 1.07574 0.05341 10.68115 6.68335 12.93945 20.37811
0.00000 0.00000 0.00000 0.00000 0.00000 0.01526 0.00000 0.17548 0.09918 3.47900 20.09583 9.24683 5.48553 11.76453 8.52966 13.16071 8.36182 18.44788 15.09857 18.17322 14.32037 20.30182 13.68713 8.50677 0.30518 6.40869 1.14441 0.30518 14.78577 5.71442 11.76453
0.01526 0.00000 0.00000 0.01526 0.00000 0.00000 0.00000 0.00000 0.19073 1.18256 3.20435 60.12726 43.59436 18.02063 1.84631 3.00598 4.47845 5.31006 2.77710 9.41467 1.34277 7.75909 9.46808 1.52588 3.37982 14.82391 8.32367 5.82886 0.26703 2.00653 15.47241
0.00000 0.00000 0.01526 0.00000 0.00000 0.00000 0.00000 0.04578 0.00000 0.09155 0.84686 2.21252 35.35461 23.57483 39.52026 98.22083 20.37048 3.20435 0.98419 0.46539 4.02832 18.20374 1.81580 22.34650 19.50836 5.39398 2.81525 6.68335 13.65662 4.12750 13.74817
0.01526 0.00000 0.00000 0.00000 0.00000 0.01526 0.01526 0.00000 0.06104 0.00763 0.03052 3.48663 8.14056 14.24408 6.77490 10.23865 7.69043 18.49365 65.07874 38.86414 9.01031 12.86316 11.78741 5.69153 9.11713 0.90027 5.80597 19.02771 28.51868 7.73621 15.64789
0.01526 0.02289 0.15259 0.09155 0.00763 0.00000 0.01526 0.00000 0.00000 0.00000 0.02289 2.63977 5.25665 2.86865 8.07953 3.39508 3.63159 4.21906 2.28882 2.17438 3.34167 2.06757 9.39941 10.19287 19.37103 39.71863 21.67511 19.08112 84.75494 25.03967 21.04187
0.08392 0.31281 0.28992 0.14496 0.00000 0.01526 0.00000 0.01526 0.09918 0.09155 0.45776 0.48065 13.77106 25.23804 13.01575 5.59235 1.17493 9.01031 1.26648 2.25830 1.12152 6.29425 16.35742 17.44080 4.06647 19.79065 16.23535 41.80145 31.02112 16.35742 5.86700
0.09155 0.10681 0.47302 1.40381 0.74768 0.00763 0.01526 0.01526 0.34332 1.09100 4.10461 4.14276 13.09204 25.88654 25.96283 5.13458 7.14874 8.45337 1.51825 1.80054 1.64795 2.41852 12.18414 26.13068 3.90625 8.62885 5.66101 15.76996 13.60321 12.01630 16.85333
0.26703 0.77057 0.37384 0.83923 1.14441 0.57220 0.06104 0.05341 1.83868 0.74768 2.66266 6.91986 11.71875 51.10168 41.60309 44.59381 12.80212 3.08990 6.48499 4.83704 1.18256 18.75305 3.88336 6.06537 3.33405 3.92914 2.00653 5.22614 4.02832 3.19672 7.21741
1.26648 0.58746 0.08392 0.55695 1.33514 0.07629 1.14441 1.77002 0.35095 0.59509 12.11548 3.65448 21.75903 6.42395 29.35791 13.36670 29.28925 13.76343 5.95856 4.95911 2.35748 4.95148 3.86047 9.19342 2.96783 1.39618 2.83813 1.79291 1.91498 4.63104 3.31116
2.19727 1.49536 1.09863 6.02722 4.31061 0.79346 0.48828 0.49591 0.42725 0.90790 6.72150 37.33063 51.50604 17.16614 56.82373 28.80096 49.94965 5.97382 5.62286 7.02667 3.08990 8.03375 13.85498 5.43976 1.58691 1.11389 2.04468 1.14441 2.30408 2.33459 3.35693
1.44196 3.63922 4.97437 9.22394 1.06812 1.27411 0.31281 0.54932 0.47302 1.29700 5.14984 21.56067 31.80695 57.64008 14.67896 29.96826 68.49670 15.83099 10.12421 12.32910 4.53186 6.59180 9.20868 17.70782 4.85992 1.02997 1.59454 4.07410 2.31934 1.59454 1.19019
