DATA/RAW-RASTER/ECMWF/20170628/EN-24/20170705.en-24.asc
ncols			31
nrows			16
xllcorner		69.5
yllcorner		19.5
cellsize		1.0
NODATA_value	-99999
0.78964 0.95367 1.41525 5.15366 6.69861 2.88391 2.80380 2.74277 0.44250 0.01526 1.04904 2.45285 2.42233 0.54169 0.40817 1.72424 1.26266 1.39618 0.59509 2.19345 1.33896 0.44250 0.63705 2.49863 1.14441 2.12479 3.68118 1.84631 1.52969 2.36130 8.85773
0.00000 0.12589 11.33728 2.63214 1.17111 2.04468 2.07901 0.37766 0.94604 0.50735 0.55313 0.26321 0.08774 0.04196 0.07629 0.13733 1.02234 0.37766 0.92697 1.50299 0.93842 1.07193 0.50735 0.76294 2.63596 6.15692 4.24576 2.30408 6.00433 4.98962 5.65338
0.63705 6.18744 2.86484 2.86102 0.67902 0.78201 4.03595 2.73132 0.24033 0.02289 0.12207 0.00381 0.00000 0.00000 0.04196 0.11826 0.52261 1.06430 5.28336 2.22778 1.67084 2.19727 2.31934 6.30569 3.45612 8.39615 14.42337 8.08334 8.46100 6.68335 9.73892
3.62396 1.01089 1.94168 9.37271 1.99890 2.23541 1.31989 4.36020 0.69809 0.26703 0.01526 0.00000 0.00000 0.16403 0.58365 1.91879 2.10190 6.03867 7.05338 10.82611 5.35202 5.17654 13.91220 8.07571 6.98090 2.43759 2.39563 8.75473 18.91327 8.89969 5.94711
2.53677 0.01907 0.00000 0.00000 0.05341 2.19345 5.43594 1.02615 1.73950 0.28610 0.01526 0.23651 0.30518 1.44196 1.35040 1.68991 2.90680 14.81628 11.56616 12.33673 16.06750 11.36398 9.17816 3.57437 1.81961 1.20163 1.43051 3.97873 3.96729 4.72641 8.95309
0.01526 0.00000 0.00000 0.00000 0.00000 0.00000 1.59836 1.41525 1.18256 2.74658 12.06970 2.42615 3.73077 1.30844 1.68610 4.13132 1.46484 6.71768 3.46756 1.65176 2.83051 6.66809 7.71713 6.93893 10.06699 5.47028 2.98691 0.75531 1.80817 1.14441 2.08282
0.00000 0.00000 0.00000 0.00000 0.00000 0.00000 0.00000 0.04196 0.16785 1.05667 4.16565 8.01849 10.37216 6.74820 1.03760 3.96729 4.72641 2.42996 1.25885 0.68283 2.42996 0.83923 1.12534 3.20053 8.70514 28.03040 16.13235 11.16562 1.01852 0.91171 2.65121
0.00000 0.00000 0.00000 0.00000 0.01526 0.02289 0.00000 0.02289 0.01144 0.07629 1.57547 3.46375 8.82721 19.68765 9.90295 50.65155 36.96060 2.04849 4.05884 14.90784 6.31714 10.59723 5.68771 21.61407 95.07370 29.60587 7.19452 14.59122 36.40747 2.00653 1.62506
0.00000 0.00000 0.07248 0.10300 0.07629 0.00381 0.00000 0.04578 0.03052 0.03052 0.38910 1.19019 2.15149 13.64517 22.69363 16.67786 13.98087 61.69510 32.27234 78.62854 26.29471 19.35959 19.51981 35.35080 11.79123 10.34164 10.83755 15.83481 40.45105 2.37274 1.50299
0.18692 0.56458 1.78909 1.77765 0.81253 0.10681 0.00381 0.01907 0.02289 0.11826 0.04196 1.81961 4.97055 14.74380 9.43756 14.54163 17.84897 7.02667 33.05817 12.90512 9.38034 14.02664 15.75470 4.04739 13.40103 11.71112 22.02606 4.72260 11.64246 4.39835 0.62561
0.34332 0.80872 0.87738 1.57547 0.10681 0.86212 0.00381 0.25177 0.42725 0.61035 1.05286 10.05173 15.72037 32.37534 6.51169 3.10516 3.31879 10.97488 13.11111 23.71597 21.59882 14.99939 28.62549 9.00269 11.21140 33.85544 8.41522 12.00104 22.70126 1.63269 1.04523
0.24796 0.46158 1.61362 3.07846 1.32751 0.88120 0.77820 2.01035 0.97656 1.27411 6.66046 9.62830 16.78467 24.97482 113.77335 0.97656 7.69043 12.49313 9.77707 13.14545 27.23694 9.57870 5.78308 7.14493 12.85172 2.70844 2.24686 3.71170 12.77924 13.39722 6.25229
0.62180 0.80872 0.35477 1.90353 1.58310 1.14059 0.76675 0.59509 2.36511 22.42661 34.06525 22.72797 30.44891 31.71158 23.50616 5.18799 6.21414 5.04303 10.73074 25.39825 30.07889 17.45605 5.09262 34.20258 15.05661 2.61307 0.71716 7.48444 6.30951 9.05228 2.92587
0.86212 3.19672 3.46756 2.62833 4.92096 3.09753 0.84686 3.49808 5.03922 8.34656 10.54382 8.63647 18.81790 48.11859 44.26956 11.42120 3.55530 6.16074 10.34546 31.94809 11.21521 36.43036 6.95801 29.04129 3.86810 2.45285 1.39618 0.88120 6.20651 9.51385 9.54437
3.63159 6.48880 2.54440 10.04028 1.27029 1.81580 1.14059 1.07574 3.49808 6.62613 6.66428 16.37650 15.44952 12.56180 4.91714 9.43756 0.98038 1.63269 11.35254 25.05875 32.69196 25.95520 39.21127 20.41626 4.03976 1.00708 1.51825 0.46158 1.90735 8.12912 12.57706
2.30026 2.70462 19.37103 40.11536 4.18091 3.67355 3.14713 3.20053 0.56076 3.22342 8.53348 14.51111 5.74875 11.11984 1.66321 1.60980 2.96783 10.36835 13.95035 16.68167 17.72690 33.21075 26.43967 34.72900 32.21893 9.11331 10.61630 1.54495 1.10626 1.88065 11.80267
