DATA/RAW-RASTER/ECMWF/20170628/EN-24/20170708.en-24.asc
ncols			31
nrows			16
xllcorner		69.5
yllcorner		19.5
cellsize		1.0
NODATA_value	-99999
0.00000 0.00000 0.00000 0.00000 0.00000 0.01526 0.03052 0.08392 0.27466 0.02289 0.00000 0.01526 0.16022 0.49591 0.65613 0.29755 4.66919 5.08118 16.12091 9.48334 11.52039 8.78906 14.38141 8.69751 2.97546 1.98364 7.15637 8.55255 4.73022 3.83759 10.18524
0.00000 0.00000 0.00000 0.00000 0.00000 0.00000 0.03052 0.00763 0.00000 0.00000 0.00000 0.00000 0.04578 0.04578 0.05341 0.83923 2.61688 4.28009 17.02881 13.32855 6.27136 13.38196 9.76562 4.28772 3.72314 1.23596 1.93787 9.47571 12.61902 3.63922 10.31494
0.00000 0.00000 0.00000 0.00000 0.00000 0.03815 0.00000 0.00000 0.00000 0.00000 0.00000 0.00000 0.00000 0.00000 0.00000 0.00000 0.19073 1.31989 6.95038 9.47571 7.05719 15.47241 7.04193 4.11987 1.04523 1.15967 1.54114 2.39563 5.99670 6.23322 6.76727
0.00000 0.00000 0.00000 0.00000 0.00000 0.03815 0.16785 0.97656 0.00000 0.00000 0.00000 0.00000 0.00000 0.00000 0.00000 0.99945 2.31934 6.45447 7.37762 9.80377 12.95471 5.34821 1.64032 2.03705 0.90790 0.02289 0.44250 0.59509 3.06702 8.43048 9.06372
0.00000 0.00000 0.00000 0.00000 0.01526 0.16022 0.09155 0.03815 0.55695 0.00763 0.00000 0.00000 0.15259 0.83923 0.20599 0.13733 4.29535 10.38361 8.91876 7.28607 7.36237 0.99182 1.02234 1.12152 0.04578 0.12207 0.13733 0.70190 3.00598 1.15204 9.78851
0.00000 0.00000 0.00000 0.00000 0.00000 0.09155 1.17493 0.22125 0.23651 0.96130 9.97925 0.73242 0.55695 0.44250 3.16620 10.20050 21.43097 9.07898 3.37982 2.40326 1.28937 4.87518 2.15149 0.82397 0.38147 2.67029 1.14441 0.13733 0.90790 0.60272 2.68555
0.00000 0.00000 0.00000 0.00000 0.00000 0.00000 0.00000 0.01526 0.50354 0.85449 2.67029 9.24683 8.90350 7.73621 1.23596 6.17218 2.01416 1.09100 0.96893 0.45013 3.21960 6.72913 3.56293 1.35040 1.02234 2.70844 5.30243 3.36456 0.28229 0.45776 9.97925
0.00000 0.00000 0.00000 0.00000 0.00000 0.00000 0.00000 0.00000 0.00000 0.04578 1.06812 3.38745 3.28827 15.80811 5.77545 4.11987 23.68927 3.58582 12.81738 0.44250 5.56183 11.35254 11.31439 10.95581 6.54602 7.06482 11.93237 2.22015 2.75421 0.45776 4.06647
0.00000 0.00000 0.00000 0.00000 0.00000 0.00000 0.00763 0.01526 0.28229 0.04578 0.03052 0.52643 3.30353 14.08386 10.82611 4.06647 10.07080 9.65881 32.85980 16.25824 37.01019 49.40033 38.16223 10.06317 3.07465 1.68610 14.85443 12.24518 8.04138 1.70898 1.81580
0.00000 0.05341 0.07629 0.00763 0.00000 0.00000 0.00000 0.11444 0.21362 0.12970 0.03052 0.00000 2.37274 17.60101 25.55847 17.26532 13.58795 1.83868 3.19672 5.68390 2.92969 2.99072 15.67841 3.18909 2.14386 14.00757 12.26044 26.43585 31.87561 1.68610 2.25830
0.07629 0.19836 0.34332 0.09918 0.00000 0.00000 0.00000 0.05341 0.24414 0.43488 0.42725 0.26703 2.44904 11.13129 14.23645 22.61353 8.99506 4.96674 4.11987 3.44086 4.01306 2.63977 15.39612 1.62506 4.21143 11.42120 17.63916 7.62939 20.55359 13.26752 3.17383
0.19073 0.34332 0.51880 0.61798 0.04578 0.12970 0.03052 0.02289 0.03052 0.05341 2.02179 4.30298 0.79346 14.93073 2.80762 16.00647 6.27136 4.57764 8.11005 5.80597 1.89972 1.49536 2.35748 5.21851 11.38306 17.15851 10.10132 12.77161 11.28387 12.99286 8.94165
0.24414 1.14441 0.44250 0.80109 0.29755 0.96130 0.81635 0.52643 0.83923 0.95367 1.34277 3.10516 2.27356 12.34436 6.03485 9.41467 18.68439 2.40326 19.32526 6.57654 2.60162 4.70734 5.13458 7.11823 11.00922 8.56781 3.90625 7.81250 6.32477 19.47784 8.72040
1.31226 0.90027 0.03815 0.93079 0.77820 0.81635 2.22778 1.77002 1.08337 0.32043 0.67902 2.27356 9.63593 9.96399 11.91711 13.96942 12.34436 12.94708 6.13403 5.05829 3.11279 1.80054 2.07520 2.08282 3.23486 1.60980 1.09863 7.12585 12.84027 14.17542 6.87408
1.65558 1.06049 1.57166 3.55530 1.15967 1.28937 0.29755 1.04523 0.43488 0.21362 2.62451 9.87244 12.35962 2.58636 9.33838 10.27679 21.05713 6.99615 8.14819 7.64465 2.27356 3.95966 8.58307 9.12476 6.08826 0.95367 4.59290 3.54004 4.02832 6.14166 18.59283
3.38745 3.94440 3.70789 9.29260 1.00708 1.70135 1.38092 1.57928 0.83160 0.68665 4.85992 1.53351 1.71661 6.89697 0.57220 6.21033 55.54962 40.51208 13.11493 17.71545 5.54657 7.54547 9.29260 13.78632 7.40814 2.54059 2.70081 6.72913 1.80054 12.98523 8.31604
