DATA/RAW-RASTER/ECMWF/20170628/EN-24/20170703.en-24.asc
ncols			31
nrows			16
xllcorner		69.5
yllcorner		19.5
cellsize		1.0
NODATA_value	-99999
0.00381 1.85394 1.48010 7.39670 1.84631 0.27084 1.64413 0.45013 0.47684 0.03052 0.64850 0.56839 1.25885 1.54877 0.93842 5.13840 3.69263 5.33295 5.92041 1.60217 1.97983 1.52969 2.55203 3.29590 3.67355 5.66864 13.99612 8.89587 5.08118 0.69046 0.20981
0.04578 0.87738 1.00708 1.85776 3.09372 0.24796 0.43106 0.10300 0.08011 0.05722 0.09155 0.12207 1.78146 1.41144 1.66702 2.86484 4.87900 2.04086 0.11826 0.83542 4.41742 6.75964 5.61905 4.15802 6.38580 1.73569 5.30243 9.44519 5.85938 1.12915 0.73242
0.49210 4.55475 0.00000 2.80762 2.05994 3.39890 1.95694 0.12207 0.01526 0.00000 0.00000 0.24414 0.01144 0.78201 1.75476 0.81253 3.63159 0.62943 1.19400 2.28882 3.18909 2.85721 6.25229 6.05392 11.89423 7.56454 6.27899 2.47192 2.19345 1.88446 0.49591
4.48990 0.27847 3.62778 0.61417 1.04904 2.25449 3.87955 11.56235 0.06485 0.01526 0.02289 0.27466 0.03433 0.88882 0.93079 2.86865 4.45175 1.91116 4.97055 3.67737 6.36673 7.33948 5.33676 7.68280 6.19888 1.58310 9.13239 15.79666 6.33240 3.49045 2.47574
6.84738 0.47302 6.34766 2.31171 9.64737 3.55148 6.82831 3.33405 4.45175 0.11063 0.08011 0.51117 1.77002 5.77927 5.17273 5.24521 12.77924 8.05283 5.79453 5.88989 8.79288 11.16562 19.98138 7.68661 3.66211 2.88773 1.70898 9.03702 18.08548 15.48386 7.07245
0.74768 0.00000 0.00000 0.04578 1.18637 5.09644 8.96072 14.16016 3.80707 7.59888 22.68982 10.34927 5.96237 3.74985 3.80325 0.53024 1.22070 5.90897 10.00214 5.25665 9.85718 20.89691 17.71927 8.57162 8.19016 14.67133 6.90079 1.92261 11.33347 12.53128 17.51328
0.08011 0.00000 0.00000 0.00000 0.54932 5.59235 2.67029 10.60486 10.73456 4.39072 7.54929 77.65198 6.60324 5.81741 3.01361 3.80707 1.89590 4.11606 2.51770 8.03757 5.13840 7.79343 7.07245 5.66483 15.11002 48.84338 34.10721 8.88062 10.05173 3.97873 7.19833
0.00000 0.00000 0.00000 0.00000 1.28937 1.99890 10.12802 13.32474 16.10184 23.45657 12.39777 18.65005 1.73187 3.30734 10.95581 8.93021 13.40485 6.66046 6.91605 3.70026 8.21686 13.96942 2.05231 19.43588 32.48215 39.07013 94.13528 46.00143 23.14758 15.07950 14.58359
0.00000 0.00000 0.00000 0.00000 0.24033 1.93405 7.67517 12.17651 16.59393 10.14709 6.42014 6.42776 1.49918 8.78906 47.82104 54.07715 43.81180 17.62009 19.58466 35.02655 50.49133 92.35764 86.03287 57.93762 17.95197 31.68488 6.16455 34.22928 25.67673 14.67896 19.32526
0.03433 0.20599 0.81635 1.37711 0.58746 0.11826 1.59454 7.09152 15.44952 10.70404 10.40268 11.38687 9.99832 6.56509 14.65607 8.88443 7.74765 10.50186 12.46643 9.18198 14.07242 5.37109 30.17426 4.72260 4.14276 13.22937 13.13782 70.25146 70.88852 15.47241 4.94003
0.51498 1.11008 1.40762 1.20544 0.31662 0.74005 5.04684 19.18411 28.64838 29.39606 12.92801 12.99667 8.48007 16.38031 12.35580 11.10458 4.69208 5.39398 11.71494 10.61249 7.36618 13.32092 58.20847 8.75092 3.86047 11.93237 8.70514 20.85876 48.49243 11.00159 2.18964
0.55695 0.60272 3.06702 4.14658 2.20108 0.73242 1.80817 6.50024 7.77817 8.31223 26.88217 22.50671 10.94818 9.60541 10.21957 4.34113 12.02774 7.48444 3.54767 2.28500 11.48605 6.74820 2.20490 2.09808 10.74600 8.84628 7.69806 17.81082 12.66479 8.97598 4.86374
0.92697 0.38528 0.47684 1.73187 4.04739 3.76129 1.29700 3.34930 8.88443 10.83374 13.73672 6.99234 6.36292 7.33948 4.55093 3.13187 6.60324 4.97437 5.57709 7.66754 22.77374 15.82336 3.33405 12.93945 8.07571 4.60052 5.13077 16.83044 9.30786 7.31277 7.89642
0.82397 1.96457 2.36511 10.73074 8.25882 2.03705 1.12152 17.15469 3.09372 4.95148 10.89859 2.57492 7.58362 5.21851 7.05338 1.70898 0.91934 2.15149 12.90894 23.75793 30.28107 25.05112 19.53506 17.14706 1.06049 0.04959 1.60217 1.65176 16.33835 24.38736 8.03375
3.72314 1.93024 4.21906 20.40482 3.56293 15.68985 12.39395 5.41687 1.85776 4.65012 5.82504 9.72748 7.74384 6.90460 5.37109 0.75531 0.56839 1.30463 3.11661 20.56885 24.23859 18.19229 38.38348 21.21353 1.60980 4.99344 3.40271 24.05930 37.39929 18.74542 15.74326
2.83813 2.30408 14.61792 23.68546 6.98853 17.01355 3.32260 2.91443 1.73950 1.17111 2.26212 5.52750 1.28174 4.30679 0.48828 0.25558 2.68936 1.13678 2.68936 6.80161 16.31165 38.76495 42.07230 37.39166 50.52948 12.14600 63.78174 12.90894 10.23102 3.67355 2.26974
