DATA/RAW-RASTER/ECMWF/20170628/EN-24/20170701.en-24.asc
ncols			31
nrows			16
xllcorner		69.5
yllcorner		19.5
cellsize		1.0
NODATA_value	-99999
0.03052 1.79291 0.79155 1.81198 1.15204 0.63705 0.38147 0.20599 0.56458 0.13924 0.33760 1.19972 1.08337 0.69046 0.67711 0.49782 1.64032 1.76239 1.44386 3.25394 5.12123 4.47655 4.10652 2.37274 1.55640 3.29590 3.91579 7.54547 17.22145 15.65933 17.73071
0.01335 0.00763 0.29182 0.18311 3.13377 0.05531 0.01335 0.10872 0.02480 0.01907 0.02480 0.16785 0.30136 0.96512 0.64468 0.63705 0.62180 1.11771 1.75095 0.80872 1.02615 2.48528 2.13623 0.92888 0.63515 3.26729 4.20952 6.26183 4.60243 14.71901 19.01054
0.02670 0.39101 0.03433 0.05150 0.75912 6.76727 0.49019 0.00763 0.04768 0.00000 0.00191 0.00000 0.22888 0.37956 0.47112 1.19209 1.06621 1.33514 1.78146 2.88010 1.32370 0.83542 1.21307 1.95694 3.06892 5.13268 4.66728 10.72121 5.54276 9.44138 15.64789
0.74577 1.52397 0.76485 0.02861 0.04005 3.36838 0.90027 0.52452 0.04578 0.00763 0.19264 0.15068 0.03815 0.43297 0.60844 0.41771 1.25885 1.37138 7.41386 4.77409 9.42993 8.59451 10.43892 13.79585 10.98824 6.54602 6.74629 7.31468 9.33647 8.68988 13.19313
1.92070 0.21553 1.03188 0.01907 0.01335 0.41580 1.21117 2.85721 4.07410 0.23079 0.00000 0.24986 0.66948 0.89073 0.77629 2.50435 3.47137 7.85828 11.14082 6.59370 6.58607 13.35907 8.63457 3.00598 6.19507 7.08580 5.00870 2.57111 7.41386 9.59015 12.13646
1.16539 0.01335 1.08719 0.79346 0.00000 0.27275 1.68991 1.88828 3.04794 6.79016 13.81111 4.52042 1.93787 0.79155 1.44958 7.85065 12.31384 11.05118 9.67216 7.34329 7.75146 3.63159 0.94795 4.20570 8.37898 19.80782 7.39098 1.27029 7.55692 2.22397 3.33405
0.00000 0.00000 0.15831 1.10054 0.25749 0.60844 1.81007 3.59154 5.93376 3.24059 3.54195 19.28139 22.23969 1.96075 0.78201 2.52914 3.88145 10.62775 15.18631 22.86339 4.98962 3.72887 4.50706 6.00052 13.95416 88.31978 46.06247 15.44762 3.82805 2.42233 6.62613
0.00000 0.00191 0.07439 0.26894 1.12534 1.57166 1.34468 5.54085 8.15773 13.41438 5.23567 16.71410 8.31413 11.46889 74.31984 16.53862 8.45146 4.26102 3.95393 7.26128 12.20512 18.48412 15.63454 26.61705 28.90205 38.93471 28.74947 25.85793 24.20425 9.58252 3.37219
0.00000 0.00572 0.28610 1.14441 1.74332 2.12288 3.34549 4.24767 18.34679 11.97052 6.02150 10.54764 9.44519 4.88091 8.50487 19.86694 8.38852 72.01195 185.38666 99.27750 92.77153 199.90730 70.80650 12.18987 23.67783 4.55475 54.47578 110.15511 142.97104 35.23254 6.29616
0.00000 0.08011 0.54169 1.58691 2.04468 12.20131 9.25827 0.93079 10.79941 17.58766 14.34326 14.87923 14.59694 18.83316 21.62933 5.36537 3.30734 12.03918 18.17513 3.36838 5.65338 2.86674 15.29312 3.42178 7.93648 16.85715 13.85307 14.12773 68.88390 14.12201 12.31575
0.04005 1.16730 4.49181 25.44403 15.15007 5.96046 3.43513 1.68610 5.72968 11.54137 25.35057 23.46420 28.96881 5.43022 6.59180 15.59639 6.18553 8.74329 11.77406 3.29971 7.49397 9.10759 51.28860 11.02829 12.07733 8.96835 2.50816 5.73158 42.50526 6.63948 13.57651
1.26839 9.60922 112.41722 286.84045 33.51212 3.65067 1.55258 1.62888 1.32370 2.22588 12.19749 23.91434 46.68236 10.32066 3.53813 6.26564 5.35774 6.63757 7.45010 3.91579 7.43103 5.24902 2.47383 4.91142 7.96509 3.44276 2.11906 21.25168 6.68907 5.80406 6.97899
3.57628 5.10597 5.61714 21.66748 7.57599 8.86917 14.10484 5.88417 4.84085 3.32069 3.58582 15.79285 2.51007 5.22995 7.54356 4.28581 2.41089 2.44141 3.15666 12.49504 11.77216 11.73210 5.65147 5.07355 3.46184 12.53319 0.28419 1.72997 6.53458 6.33240 5.89561
4.30870 4.97246 1.99890 6.11877 7.80106 1.15776 2.03514 4.66537 3.67355 8.70705 10.36835 9.02557 6.92749 2.50244 10.70786 16.33644 3.38554 1.68610 4.74358 12.87079 21.57784 22.49908 10.13756 15.98740 8.46672 1.01089 1.17874 0.62752 4.65775 4.64249 16.84761
3.83568 4.03595 3.48091 9.20868 5.70869 1.44958 3.15094 3.75366 3.30544 12.87460 24.34158 67.18445 69.15474 6.11496 1.16920 3.59154 10.62775 13.77678 25.21133 20.48302 17.87186 23.69118 34.16443 40.34615 8.85010 2.09236 2.03896 1.62506 2.44904 21.84486 25.63667
2.93541 5.13077 11.40785 20.19882 2.50816 2.61497 1.06812 8.95691 2.11143 0.76103 2.65121 6.54602 14.41002 4.47845 3.30925 8.52966 7.26509 39.40773 24.77455 21.77620 11.16562 21.05904 28.29933 36.04126 45.64285 17.00211 17.12799 6.14548 5.17082 3.93867 9.48334
