DATA/RAW-RASTER/ECMWF/20170628/EN-24/20170702.en-24.asc
ncols			31
nrows			16
xllcorner		69.5
yllcorner		19.5
cellsize		1.0
NODATA_value	-99999
0.30518 5.93185 4.53949 4.57382 3.63922 1.75476 1.79672 0.74387 0.22125 0.01526 0.00381 0.00381 0.05341 0.14877 0.71335 2.08664 1.43814 1.62125 1.70517 1.50299 1.73950 3.33405 3.35312 1.93787 1.18637 1.16348 0.37766 1.12152 1.89590 1.22070 2.07901
1.34277 0.35477 3.82996 2.94876 4.79507 0.86975 0.19836 0.55313 0.00763 0.00000 0.00000 0.00000 0.09537 0.30136 1.33514 1.45340 3.21198 2.15530 2.47955 0.61798 1.25122 1.87302 0.67520 0.62561 1.77383 1.72806 0.82397 1.87302 1.08337 0.61798 1.06049
3.22342 6.06155 3.41415 5.79071 3.01743 1.89972 3.19672 0.12207 0.00000 0.00763 0.00000 0.00000 0.00763 0.00000 0.38147 1.64413 4.20380 3.55911 2.01035 3.20435 3.34549 1.98746 6.01578 4.26483 8.42667 2.75803 1.99890 0.05722 0.36621 0.37384 1.74332
0.70953 6.80923 14.42719 6.22559 3.15857 1.75095 3.81851 7.93457 0.03052 0.07629 0.00000 0.00000 0.00000 0.90408 0.61417 0.48828 3.44849 4.10461 5.19562 13.17215 4.70352 2.55585 4.51279 3.48282 7.80106 5.22232 2.70844 0.64850 0.28229 0.78964 0.60654
0.75150 1.77383 7.33185 1.79291 3.77274 6.53076 1.48392 2.52151 7.36618 0.04578 0.00763 0.53406 2.02942 1.77765 3.40271 3.54767 4.42505 9.51385 2.92206 4.47464 5.20325 5.92041 6.07681 7.00760 6.03104 16.54816 10.80322 20.70236 10.84518 10.86426 1.29318
2.21634 0.00000 1.39236 0.98801 0.43488 3.12042 2.51007 3.58582 2.96021 9.35745 14.99939 10.42175 3.53622 1.72043 9.17816 17.69638 17.05933 12.31003 15.54489 5.08118 1.69373 2.23541 5.78690 13.91602 17.46368 20.13397 4.03214 0.55695 24.71542 15.04135 11.07407
0.00000 0.00000 0.01526 1.01852 2.61688 0.91553 3.21960 1.41144 2.77328 6.81305 12.24899 31.13556 39.56985 19.24896 7.56836 4.81033 4.39835 5.27954 7.64084 2.04849 4.50897 3.65829 6.38962 11.80267 12.48550 35.25543 30.84946 10.57053 2.36511 25.74158 32.29141
0.00000 0.00000 0.15640 0.00763 1.78146 4.53186 6.62994 3.25394 0.76294 16.99066 10.52856 20.54214 14.38904 90.69824 96.67969 5.96619 9.38416 8.71658 6.24084 5.84412 19.59610 22.19009 12.00485 21.32797 25.39062 57.83081 56.06461 37.26959 29.54483 3.96347 7.72858
0.00000 0.00763 0.00763 0.08774 0.43869 1.94931 3.38745 10.98251 5.88608 3.19290 20.92361 12.01630 9.09424 40.95459 89.71786 82.61108 206.61545 30.81512 12.76016 53.39050 103.39355 179.30603 169.19708 46.60797 27.79388 16.42990 15.50674 96.88950 117.42020 14.82773 3.57056
0.00000 0.01144 0.02289 0.42725 0.62180 3.35693 5.87082 11.17706 7.61414 8.94928 15.30457 13.98468 15.44189 17.75742 26.08490 17.73453 13.10730 15.56015 13.25989 13.79013 18.30673 9.90677 45.76874 3.95966 5.48553 7.32803 30.59769 78.27377 51.29242 10.47134 5.68390
0.05722 0.15640 0.54169 5.88226 3.49808 7.95746 3.25775 15.06805 5.24139 5.53131 19.63425 33.34427 37.09793 12.08878 24.26529 18.73016 12.76398 17.26532 28.62930 12.85934 14.45389 19.37866 79.50211 27.59933 11.03210 10.94437 6.05392 19.96994 81.91299 20.12253 14.61411
0.30518 0.55695 10.32257 40.89355 2.04849 1.14441 0.80490 0.72861 0.42725 6.08444 15.30457 10.70023 29.83475 2.07901 4.23813 13.31711 9.41467 6.81686 12.34055 19.59991 15.32745 17.07077 7.73239 5.16891 2.76184 2.99835 4.43649 14.93835 24.53613 30.62057 15.54108
0.25177 1.05286 2.23160 3.85666 4.34494 1.74713 0.48828 1.14059 0.64468 0.74768 1.41144 3.26920 15.76614 10.20432 13.90457 4.56619 17.05551 23.75412 19.98901 9.80759 9.29642 23.52905 6.86264 24.33395 8.36182 0.65613 0.27847 6.03485 25.65002 37.17422 14.83154
1.43051 1.43814 3.75748 10.28061 1.47629 0.45776 0.51117 1.41907 0.91553 1.70517 7.04193 13.10349 11.40213 33.77914 6.24084 8.08716 6.16455 6.81305 15.31601 14.20975 12.24518 32.03583 22.94922 25.36392 1.15967 0.19836 1.07574 1.17493 21.24023 25.73013 21.74759
4.53568 3.38745 9.19724 18.68439 4.81415 1.31989 0.93842 0.46539 1.64032 0.35095 4.47464 9.55200 46.29135 3.20816 1.13678 2.97928 7.98416 12.35962 14.02664 13.59177 11.71875 11.30676 30.36499 21.46530 11.71875 1.25504 10.87952 1.48010 0.97275 14.69803 22.64786
3.74603 7.62558 13.87405 15.28168 1.78909 2.22778 1.60980 0.59891 0.13351 0.09918 4.11606 5.44357 3.18909 1.83487 4.15802 10.42175 5.08118 10.71930 12.56561 4.00543 5.55801 7.03049 13.43536 20.54596 39.43253 6.75964 8.79669 6.54984 6.77490 6.28662 6.87790
