DATA/RAW-RASTER/ECMWF/20170628/EN-24/20170711.en-24.asc
ncols			31
nrows			16
xllcorner		69.5
yllcorner		19.5
cellsize		1.0
NODATA_value	-99999
1.93024 3.37219 5.94330 3.73077 6.66809 1.28174 1.11389 1.89972 0.15259 0.05341 0.50354 1.59454 1.02997 1.72424 2.72369 1.07574 1.09863 0.72479 1.64032 2.36511 1.08337 1.22070 3.53241 0.00000 0.00000 0.00000 0.00763 0.00000 0.00000 0.00000 0.00000
3.98254 8.15582 6.02722 18.90564 2.98309 1.05286 0.45776 0.03052 0.65613 0.10681 0.47302 0.50354 3.29590 4.53186 6.75964 1.73187 1.61743 1.91498 0.67139 7.24030 2.98309 0.25940 0.00000 0.00000 0.00000 0.00000 0.00000 0.00000 0.00000 0.00000 0.00000
1.91498 0.28229 2.01416 1.47247 5.55420 2.99072 4.03595 0.22888 0.00000 0.00000 0.46539 0.36621 0.80109 1.84631 7.32422 9.24683 10.61249 2.15149 1.71661 1.67847 1.34277 0.47302 2.86865 0.78583 1.09100 1.19019 0.00000 0.00000 0.00000 0.00000 0.00000
1.53351 0.00000 0.00000 0.32043 1.47247 0.75531 3.60870 7.11060 0.17548 0.22125 0.66376 0.86975 1.48010 4.33350 6.83594 2.86102 1.31226 1.81580 0.50354 2.81525 0.08392 2.49481 4.34113 10.79559 13.73291 5.31006 0.00000 0.00000 0.01526 0.01526 0.00000
1.09100 0.00000 0.00000 0.00000 0.00763 1.28937 2.77710 6.88171 16.99829 3.07465 3.64685 2.97546 3.81470 3.54004 1.62506 1.75476 2.67029 4.18854 0.24414 7.30133 1.68610 6.27899 9.06372 6.59943 8.63647 7.90405 0.19836 0.12207 0.00763 0.02289 1.32751
0.00000 0.00000 0.00000 0.00000 0.03815 0.35858 0.87738 5.76782 9.75037 11.37543 41.89301 8.52203 4.96674 1.10626 2.17438 1.95312 21.68274 2.61688 7.43103 5.39398 6.53839 12.61902 10.17761 8.55255 11.39832 5.54657 1.87683 1.18256 0.93079 0.49591 5.16510
0.00000 0.00000 0.00000 0.00000 0.00763 0.00000 0.68665 10.47516 16.02173 77.44598 23.94104 10.68878 21.11816 10.26154 1.21307 3.13568 2.86865 18.53943 26.52740 19.43970 6.14166 5.94330 14.18304 5.56946 6.82831 6.64520 5.79834 9.33838 6.05011 14.49585 3.82996
0.00000 0.00000 0.00000 0.00000 0.06866 0.57983 0.24414 0.50354 22.31598 14.19830 14.61029 8.22449 4.86755 22.51434 4.07410 9.13239 18.62335 5.23376 1.40381 1.63269 6.35529 11.55853 3.58582 18.61572 16.99829 8.34656 10.11658 11.87897 9.10950 14.35089 3.63922
0.00000 0.00000 0.00000 0.00000 0.08392 0.83160 4.69971 3.17383 18.17322 12.93945 14.07623 8.92639 6.25610 1.17493 1.69373 1.09100 1.63269 2.47955 4.15802 9.77325 4.40979 4.28009 10.74219 4.28009 15.51819 9.56726 19.63043 9.76562 12.93945 16.24298 21.93451
0.04578 0.12970 0.16022 0.16785 0.23651 2.89154 3.82233 12.79449 39.59656 28.98407 14.44244 14.15253 3.63159 2.41852 2.33459 0.82397 1.39618 3.65448 2.89917 8.27789 4.60815 17.02881 14.17542 3.89862 7.04956 11.40594 28.53394 33.65326 14.80865 19.73724 27.38953
0.48828 1.61743 1.01471 0.36621 0.06104 4.69971 4.02069 5.72205 18.90564 51.74255 13.00049 4.26483 6.66046 6.71387 2.86865 2.06757 0.90027 2.02942 1.67847 2.76947 2.30408 2.06757 2.05231 1.64032 2.51770 8.71277 22.10999 18.98956 12.48932 5.05066 4.00543
0.73242 1.19019 5.62286 7.68280 6.17981 1.54114 1.69373 11.56616 14.83154 40.95459 19.46259 15.22064 16.28876 17.22717 0.89264 1.99127 3.86047 5.19562 3.14331 3.54004 2.38037 4.63867 1.44958 6.95801 9.19342 1.84631 1.34277 3.90625 3.70026 7.69806 2.15912
1.86920 1.70135 0.84686 2.73895 5.78308 3.28064 1.05286 12.23755 32.39441 51.29242 34.63745 8.67462 16.30402 30.49469 2.77710 10.27679 3.39508 10.58960 4.46320 10.55145 10.41412 8.79669 15.99121 10.23102 30.76172 0.32043 0.16785 4.22668 10.42938 15.38849 8.28552
2.85339 1.19781 0.27466 2.43378 3.37219 1.37329 1.38092 3.24249 18.06641 16.87622 27.20642 10.58197 42.53387 3.47900 5.73730 3.19672 5.40161 10.01740 10.29205 10.24628 13.86261 18.35632 4.06647 6.75201 1.38092 1.71661 0.29755 4.10461 8.18634 10.78033 7.48444
4.89807 3.93677 4.64630 5.80597 6.43921 2.12097 0.64850 1.19781 0.63324 25.91705 180.14526 48.46954 142.34161 2.65503 0.30518 3.95203 10.55908 12.68768 9.10187 9.04846 4.90570 16.69312 13.61847 5.66864 9.31549 3.31879 0.61798 5.55420 7.76672 17.75360 29.64783
2.95258 5.54657 8.07190 8.58307 0.98419 3.57819 1.79291 2.57874 2.34222 12.46643 43.59436 11.48224 11.48987 3.51715 13.57269 1.80054 4.32587 2.10571 2.20490 7.92694 12.61139 5.63049 22.24731 29.64020 8.05664 5.80597 3.81470 2.09045 4.69208 9.11713 18.21136
