DATA/RAW-RASTER/ECMWF/20170628/EN-24/20170630.en-24.asc
ncols			31
nrows			16
xllcorner		69.5
yllcorner		19.5
cellsize		1.0
NODATA_value	-99999
1.80244 1.50681 0.62180 1.58501 7.77435 3.86429 6.20461 4.31442 3.01361 4.05693 6.15883 3.99780 5.01060 3.89481 5.30815 3.66402 7.16400 2.50626 1.86539 5.32341 10.50758 9.14383 7.05338 7.17735 13.73863 4.61960 1.92642 2.25258 1.19400 0.32234 0.06485
0.08392 0.07629 0.59128 0.70190 5.51796 1.37138 0.74387 2.67601 2.71606 1.78528 1.84250 2.08282 1.83487 2.27165 0.76675 2.82288 1.27029 2.84004 1.22643 5.41687 5.96809 4.84467 5.44357 4.25529 4.47083 3.34740 1.73378 0.50735 1.72806 0.77820 0.34332
0.33569 0.80872 0.00191 0.33569 0.52071 1.16920 1.23024 1.41525 0.53215 0.33760 0.27275 0.07248 0.83733 1.52016 1.11198 0.84686 1.82343 0.84114 5.06973 0.74196 2.85339 3.21960 1.00327 1.08719 0.98419 3.28636 4.31061 3.10898 5.31960 3.05939 0.26703
1.15013 0.08392 0.00572 0.00191 0.28038 2.04849 0.56839 5.68962 1.69754 0.18692 0.10490 0.08774 0.12589 0.70190 2.82288 1.48582 0.93651 0.92888 1.83296 3.75175 6.13594 9.32121 6.94466 6.08635 4.03595 1.40762 3.19290 2.59972 5.07164 11.89041 5.02205
2.87628 0.21362 0.00000 0.00000 0.00000 0.34523 1.43433 9.12476 6.05965 0.46730 0.25368 1.21498 3.58582 5.57518 4.93431 2.63786 2.13051 2.78854 9.34601 6.87218 2.82478 6.62422 8.20732 4.64249 3.31497 3.70979 4.45366 10.27679 11.50513 14.76288 9.74274
1.12724 0.33379 0.04959 0.00000 0.20218 0.30708 8.51631 5.84602 12.35008 31.10313 3.37982 5.46074 8.79860 0.78201 2.85530 1.55258 3.18146 15.76996 10.66971 10.42938 16.16287 10.39124 11.33347 8.55827 13.20267 22.32742 18.30482 11.72638 12.19559 11.32584 12.66479
0.01144 0.01907 0.37003 0.88882 1.14250 2.51198 9.68933 12.14790 25.77782 8.67844 21.25168 12.23564 8.73184 4.60052 4.72260 4.63486 4.65965 3.37029 8.74710 13.50975 15.81001 18.35251 18.85986 10.47325 24.09172 154.56390 93.90640 21.25740 10.47707 15.57732 13.70811
0.03433 0.09346 0.40627 0.31471 8.53729 18.54515 14.23645 11.33156 20.50018 27.79579 14.20975 22.43233 6.92940 23.69308 81.26068 30.58624 60.98557 3.61061 9.91631 13.79967 26.04485 34.78813 15.21301 39.65378 22.19391 29.53720 69.15092 34.36089 33.30994 27.86064 14.64272
0.08011 0.74387 1.02234 5.44167 10.80513 3.42369 12.12120 4.69398 4.51469 12.12311 19.96994 16.31355 14.09912 10.37788 21.14487 16.87241 14.54544 15.49530 46.96083 211.18546 117.00058 86.38191 49.63875 38.05161 34.10721 8.58116 25.16556 211.21407 235.51750 64.99863 24.19853
0.87166 13.59177 5.69344 3.82423 4.45557 4.99725 1.86157 0.82397 0.91934 0.73242 11.70731 21.66939 19.15359 26.57700 16.88957 16.52145 8.76617 2.15340 6.82068 10.17189 12.37679 12.86507 29.81949 2.02942 4.92859 16.02173 27.96745 16.17622 48.90823 24.98055 19.43398
27.08626 41.31889 56.13899 11.96480 2.71606 2.17438 2.29454 1.19400 1.01089 0.43678 2.85912 13.16071 17.64488 23.42606 30.95245 21.61217 3.14713 1.59454 2.62260 5.98145 3.23486 11.65962 21.32416 9.42612 11.27052 10.39314 3.02887 16.45088 54.77905 22.25685 14.49776
17.40837 35.03609 66.37192 57.51801 14.89067 4.15039 9.14764 8.39424 5.59616 1.20354 1.00899 10.75172 12.63237 17.97676 12.78496 7.11250 2.38419 2.45667 6.48880 9.64165 2.02751 3.08990 1.07002 3.92914 21.07239 3.35693 1.66321 35.36224 10.30540 18.65959 15.81001
9.12857 15.99503 88.67264 22.67456 4.98390 5.71442 4.50706 25.85030 44.83032 4.99535 4.38118 5.51224 6.82259 22.16148 22.90916 7.49588 3.55911 1.58501 4.03976 5.14030 8.00514 12.02011 4.56047 5.89180 8.46481 1.56403 1.57356 4.28581 10.80894 9.56917 9.51385
2.27928 2.30598 1.20735 3.66020 9.78279 0.96512 2.47765 12.96997 7.66754 26.87454 9.39941 3.62778 0.76675 22.10045 26.03149 12.60185 8.98552 1.94931 4.48418 7.36427 3.19290 12.80785 5.12886 10.64491 6.62422 0.81825 0.52834 0.53787 11.56616 11.73782 29.50668
6.52885 5.36537 4.23622 11.53946 4.89044 1.68991 0.33188 2.06375 11.78169 8.29124 5.65720 4.43077 14.58168 7.48444 48.35129 26.94893 23.04077 7.94792 6.53267 5.07545 7.48825 11.31248 20.53452 29.97398 7.30324 1.20735 1.19019 0.55122 6.38199 15.82336 9.16100
4.26483 5.34630 9.09996 25.20370 2.38609 1.75285 0.48828 0.47112 0.26512 0.93460 6.34384 2.27356 10.21194 8.02231 23.18382 74.27216 47.55402 67.16347 52.75536 16.42990 12.31194 7.86972 13.28087 34.38950 25.43831 2.07710 3.63350 2.88010 2.33078 3.14713 12.91847
