DATA/RAW-RASTER/ECMWF/20170628/EN-24/20170704.en-24.asc
ncols			31
nrows			16
xllcorner		69.5
yllcorner		19.5
cellsize		1.0
NODATA_value	-99999
0.23270 0.23651 4.68063 1.27411 7.69424 1.62888 2.62833 5.75256 0.73242 0.01526 0.15640 1.11389 2.22015 1.00708 1.31226 5.03922 3.34549 1.40762 2.12860 7.16019 4.97055 11.87897 7.35474 6.58798 1.07193 2.34604 2.34985 1.68610 9.01413 8.04138 1.22833
0.00000 0.30899 0.16403 4.55093 2.26974 0.56839 1.16730 0.03433 0.43869 0.04959 0.01144 0.02670 1.02997 0.97656 1.41907 3.20816 1.36948 4.16946 3.36075 2.03323 6.80542 7.81631 9.09424 4.16183 4.23813 10.74219 9.67407 9.20868 16.87241 13.88931 14.77051
0.01526 4.57382 1.59836 3.36075 5.10788 1.32751 2.32697 0.16785 0.04959 0.00000 0.00000 0.00000 0.08011 0.30136 0.39291 1.84250 2.09427 7.48062 4.65775 2.21634 9.02557 10.87570 7.30133 5.68390 3.68881 12.15744 6.44684 16.02554 12.06207 11.97815 8.15582
1.42288 4.42123 7.33566 10.79941 8.98361 2.55966 0.97275 6.51550 0.03815 0.00000 0.00000 0.03433 0.00000 0.34332 0.45013 1.77002 7.77435 7.20215 10.23483 6.83212 8.02994 9.12476 9.34601 3.12424 4.88663 4.29153 8.23975 12.59613 10.03265 14.09531 4.77219
4.59290 0.25940 3.01361 2.35367 12.62283 5.19180 2.17438 1.70898 0.86594 0.03052 0.02289 0.03815 1.09100 1.25122 0.51498 3.41797 5.73349 7.09152 11.82556 9.98306 15.61356 14.19449 4.19998 6.53458 3.56293 1.64413 2.30408 2.03323 8.80051 10.50949 9.47952
1.11389 0.00000 0.11444 0.00000 1.39236 0.91934 1.29700 2.51770 1.36566 6.28281 16.30783 2.32315 4.87137 1.22833 2.18964 4.07410 4.47845 4.16565 8.41522 7.72476 7.64847 9.94873 7.26700 5.14603 11.33347 13.08060 7.01141 0.93842 10.56671 3.29208 7.66754
0.00000 0.00000 0.00000 0.00000 0.00000 0.00000 0.15640 2.33841 8.44574 3.42560 2.18201 26.14975 3.88336 3.82233 0.28229 2.97928 3.47519 3.08609 2.96783 3.41415 8.19016 4.92477 10.28061 12.90131 17.52472 20.36667 17.99011 5.63812 1.21307 4.17328 7.82394
0.00000 0.00000 0.00000 0.00000 0.00000 0.00000 0.39291 1.13678 3.29590 7.74002 3.60870 10.68878 14.83536 8.26645 5.77927 16.20865 3.39508 1.00327 8.28934 6.24466 32.58896 18.63861 10.91003 32.91321 22.90344 8.25882 18.23044 10.71930 31.37589 5.26428 10.17380
0.00763 0.00381 0.03433 0.00000 0.00000 0.03052 1.07193 3.04794 2.65121 5.22232 9.75037 15.51819 10.16998 10.58578 7.27844 19.55795 5.76782 73.18878 70.24002 75.10376 172.14203 162.31537 57.54471 33.90121 5.17654 12.39777 32.53937 68.90106 9.65118 8.65173 22.05276
0.14114 0.10300 0.81253 0.55695 0.53406 0.03052 0.22125 1.35040 11.52039 4.70352 4.00162 9.89532 7.46155 15.81573 9.69696 10.85663 3.02505 5.51605 6.76727 31.43311 12.22610 21.73615 21.72089 2.55966 15.48004 64.17465 44.41833 62.38937 47.20688 6.93893 9.44138
0.20981 0.66757 0.67139 0.69046 0.06485 0.71716 0.49210 6.03104 6.94275 14.19067 18.29147 18.15033 22.53342 12.40158 4.66156 5.15747 3.79181 1.12152 10.97488 16.61682 18.04733 44.33823 28.77808 22.93015 13.46588 30.25436 7.44629 16.18576 16.09421 12.79831 4.38690
0.30136 0.51117 2.47574 3.14331 0.61035 1.23215 0.31281 1.39618 14.54926 16.32309 41.90445 23.20862 14.13727 14.44626 5.90134 2.39944 1.40381 11.70731 23.34595 29.31595 8.02231 9.81522 4.23431 12.35199 27.28653 1.73950 2.14767 2.85339 43.67447 10.60867 11.63101
0.62561 0.86212 0.50735 2.15530 1.55640 0.96893 0.32043 4.81033 18.50510 27.47726 35.35461 55.94635 29.41513 33.42438 2.38419 3.57819 9.65500 5.08881 2.42615 5.61905 20.86639 19.34814 9.93347 35.19058 33.48160 1.15204 0.35477 21.06857 5.63812 9.06754 12.98904
1.18637 1.33514 0.96893 1.90735 4.35638 1.55258 0.82779 4.13132 1.81198 8.09860 28.25165 27.82059 40.82108 34.99985 12.24899 5.85556 4.39453 7.46155 7.35092 10.54764 31.49796 18.44025 20.55740 26.71432 15.28168 1.28937 1.90735 4.32587 27.85873 10.10895 36.59058
3.74603 1.28174 2.65503 6.76346 2.63596 2.09427 1.39999 3.68118 1.04141 0.55313 9.06754 11.90567 34.11865 12.49313 8.82339 10.06699 3.45230 0.96130 16.45279 28.57590 33.67615 31.13174 43.39218 35.96115 7.06863 1.82343 21.57593 14.19067 3.57437 11.13510 14.67514
3.38364 3.07083 4.73785 12.10403 1.01471 1.17874 7.49207 3.82614 5.47409 4.24957 8.22067 9.03702 6.72150 13.46588 4.11987 3.00217 8.54492 22.33887 8.38470 10.69641 23.96393 36.17477 52.28043 37.28485 127.17819 9.75800 16.68167 2.94876 2.36511 5.87463 4.37927
