DATA/RAW-RASTER/ECMWF/20170628/EN-24/20170706.en-24.asc
ncols			31
nrows			16
xllcorner		69.5
yllcorner		19.5
cellsize		1.0
NODATA_value	-99999
2.44141 7.69424 9.84192 8.91113 7.56836 3.57819 1.28937 1.27792 0.56076 0.01144 0.00381 0.41580 1.75858 0.12207 0.11444 0.00000 0.00000 0.38147 0.40054 0.66757 4.74167 9.43375 10.97870 11.65009 3.24249 0.30899 0.29755 0.21744 0.16785 0.22888 1.33133
2.47574 6.79398 6.66809 11.28769 2.45667 2.59781 0.53406 0.34332 0.53787 0.41580 0.08011 0.03052 0.00000 0.00381 0.00000 0.00000 0.00000 0.24796 0.69046 1.09482 3.54767 1.95694 2.80380 7.03049 2.22397 0.61035 1.17874 1.11771 1.67465 0.54932 0.86212
24.21188 17.36832 29.53720 10.38361 0.20599 0.21744 0.99182 0.03052 0.03052 0.00000 0.00000 0.00381 0.00000 0.00000 0.00000 0.00000 0.09537 0.61035 0.61798 1.41907 4.21906 8.88062 9.00269 4.57382 8.21304 2.14005 4.06265 2.86865 1.41144 1.13297 0.91934
5.94330 14.75906 24.20425 8.85010 4.68063 0.43488 0.33569 2.89917 0.01526 0.00000 0.02289 0.00000 0.00763 0.00000 0.01144 0.35477 0.90790 2.28882 0.56839 2.23541 6.05774 5.18417 14.47296 5.33295 7.96127 4.25720 10.74600 5.57327 2.21252 3.71552 6.35147
7.68661 0.40436 0.08392 0.03433 0.18692 1.83487 3.21579 1.70898 0.82397 0.30899 0.00763 0.00000 0.08011 0.00381 0.37766 0.84305 0.16022 3.89481 15.59067 4.86374 5.47028 9.47571 12.92801 9.10187 12.49695 3.59344 4.74548 7.48062 9.83810 4.73785 9.15146
1.27411 0.00381 0.24033 0.01144 0.03815 0.25177 0.45776 0.19836 1.38855 1.82724 2.52533 0.07629 0.38147 0.58746 1.09482 7.10678 4.69971 6.38580 3.01361 1.35803 0.83923 15.84244 12.19559 9.97162 6.32858 4.27246 2.55203 1.28174 14.62936 16.72363 9.72748
0.00000 0.00000 0.00763 0.00381 0.00000 0.01526 0.11063 0.23651 0.30136 0.65231 1.59454 3.47137 8.87680 7.56073 0.89264 7.06863 2.05231 0.89264 0.60654 1.67847 6.35529 7.21741 12.32147 10.13565 9.89914 19.47403 4.59290 6.53076 5.79071 14.65988 13.77487
0.00000 0.00381 0.00381 0.00000 0.00000 0.00000 0.00000 0.00000 0.00381 0.08011 0.69809 1.80435 6.98090 12.31766 4.10461 28.32413 4.44794 6.20651 5.36346 8.28171 3.73077 8.38089 6.74820 22.96448 26.45111 94.82574 31.22330 16.53671 41.69083 10.82230 5.59235
0.00000 0.01526 0.00000 0.00000 0.00000 0.00381 0.00381 0.00000 0.00000 0.00000 0.00381 0.11063 3.09372 21.21353 7.45010 21.43860 2.60925 63.52234 38.12027 53.23792 65.84549 37.72736 29.04129 13.95035 16.73126 11.89804 9.05609 21.08765 33.98514 5.37872 1.04141
0.21744 0.20981 0.33569 0.77438 0.57602 0.00763 0.15259 0.05341 0.00000 0.00000 0.00000 0.58365 1.89209 22.34650 33.82492 11.92474 11.23047 7.27844 10.45609 10.63538 7.26318 3.34930 38.26523 6.99997 7.40433 19.42062 15.64026 3.31497 25.13885 9.90677 2.04849
0.17166 0.54169 0.63705 0.65231 0.04959 0.03052 0.00381 0.68665 0.09918 0.00763 0.02670 0.00000 4.47845 9.29642 71.01059 24.87183 18.87131 8.45337 18.73398 2.40707 8.11768 18.90945 33.25272 8.68225 14.85825 13.33618 4.48990 3.29208 12.03156 1.60599 3.58963
0.24033 0.59128 1.87683 2.41089 0.45013 0.85449 1.72424 2.60544 1.41525 0.16403 0.74387 0.18311 2.83051 15.10620 75.05035 93.14728 7.62939 7.02667 1.65558 3.34167 1.56021 7.09152 1.56403 3.55911 16.99066 1.78528 1.01852 4.07410 12.38632 2.77328 1.26648
0.78201 0.93079 0.26703 0.77820 1.21307 0.96512 0.90027 3.09753 2.23160 0.40054 0.86212 0.31662 0.84305 4.57382 1.24359 10.54764 2.79236 2.93350 3.07465 7.77817 10.45609 7.93457 12.58469 4.49371 12.50839 1.31226 1.06812 2.79617 3.41797 5.00107 0.36240
0.69809 2.46429 0.86212 2.24304 2.62833 1.00708 1.09100 2.06757 1.56021 0.41580 2.18964 1.22833 3.08228 6.99997 13.34381 20.72906 2.95258 0.65613 1.88065 2.12097 5.20706 9.10950 9.88007 8.29315 3.88718 1.01852 0.28229 0.30899 0.99564 1.53732 1.90353
4.27628 6.98853 3.52097 12.63046 0.90408 0.81253 2.05994 1.35040 0.81253 8.83102 2.38800 3.62015 4.68063 3.35693 3.57437 3.48663 0.20218 0.03052 2.58636 3.72314 8.57925 4.83704 31.49796 26.95847 1.36185 3.13187 1.92261 1.14059 1.11008 2.30789 1.75858
3.68500 4.92477 17.38739 20.99228 0.86212 4.93240 3.36075 2.28119 3.16238 12.67624 4.52805 1.83487 1.42670 4.49371 2.41089 0.41199 1.28937 6.46210 5.27191 4.97055 5.69153 6.57272 20.96176 33.43964 24.12415 0.48065 29.63257 1.16348 2.23923 0.17166 1.00708
