DATA/RAW-RASTER/ECMWF/20170628/EN-48/20170706.en-48.asc
ncols			31
nrows			16
xllcorner		69.5
yllcorner		19.5
cellsize		1.0
NODATA_value	-99999
1.02234 0.44250 0.63324 0.45013 1.41907 1.41907 0.59509 0.37384 0.16785 0.15259 1.25885 1.38855 4.49371 1.31226 1.35803 0.85449 1.23596 1.21307 0.88501 0.74768 3.71552 3.05176 1.88446 2.25830 2.25067 4.65393 2.25067 2.57111 2.74658 5.20325 17.26532
0.03815 0.45776 5.30243 0.38910 6.41632 0.20599 0.07629 1.19781 0.03052 0.00763 1.78528 0.40436 2.60162 1.22833 0.73242 1.24359 1.08337 1.02997 0.72479 2.48718 11.84845 3.83759 3.60870 2.54822 4.07410 6.79016 4.40216 3.22723 6.85120 15.23590 3.76129
0.87738 1.32751 0.15259 1.66321 2.63214 2.33459 2.88391 0.16785 0.28992 0.05341 0.22125 0.85449 1.77765 1.07574 6.59180 6.07300 2.47192 0.65613 1.36566 5.63812 10.93292 1.42670 6.66809 20.50781 3.86047 5.04303 3.92151 7.47681 3.73077 6.98853 9.10950
0.54169 0.58746 0.35858 0.86212 0.76294 2.60162 2.21252 16.00647 0.03052 0.45776 0.44250 0.26703 0.22888 0.77057 5.24139 5.37109 11.01685 10.19287 7.47681 10.97107 4.65393 5.73730 7.72858 8.36945 8.42285 7.82013 12.87842 20.62988 24.97101 5.90515 9.20868
1.47247 0.30518 0.28229 0.02289 0.22888 1.38855 2.63977 3.20435 1.68610 0.45776 0.06104 0.45776 1.25885 5.02777 3.60870 8.23975 5.90515 7.13348 5.43213 10.45990 0.96130 3.86810 4.40979 2.21252 0.08392 0.84686 9.33838 28.47290 20.85114 10.51331 16.34216
1.10626 0.00000 0.00000 0.00000 0.00000 0.19073 1.16730 8.59070 1.59454 9.07135 14.90784 4.57764 4.08173 0.55695 0.97656 10.35309 8.56781 5.88226 0.68665 2.22778 1.64795 3.47137 1.02234 3.74603 2.44904 3.39508 1.24359 0.10681 7.77435 15.65552 15.94543
0.00000 0.00000 0.00000 0.00000 0.00000 0.03815 0.53406 0.74768 5.79834 4.92096 3.36456 9.13239 7.84302 4.32587 0.13733 0.52643 2.39563 0.76294 0.33569 0.73242 0.35858 3.49426 11.14655 2.87628 13.87787 12.16888 3.75366 2.84576 1.12152 8.38470 7.24792
0.00000 0.00000 0.00000 0.00000 0.00000 0.00000 0.00000 0.01526 1.41907 5.47791 6.59943 8.69751 4.53186 10.07843 1.78528 4.41742 3.63922 0.67902 0.09155 0.46539 1.31226 7.40051 4.92096 16.72363 11.58142 35.66742 66.99371 5.56183 53.40576 4.08936 8.78143
0.00000 0.00000 0.00763 0.00763 0.00000 0.03815 0.00763 0.00000 0.04578 0.48828 1.29700 0.92316 0.94604 0.90790 1.19781 8.36945 25.02441 13.03101 7.98035 8.17871 21.42334 66.65039 13.93127 30.73883 4.50897 1.29700 55.33600 42.99927 41.87775 7.85065 10.41412
0.00763 0.28229 0.29755 0.18311 0.25177 0.00763 0.05341 0.33569 0.03815 0.00000 0.00000 0.00000 0.00000 0.00000 0.33569 0.48828 4.58527 8.93402 26.91650 12.07733 14.73236 4.44794 3.34930 0.90027 5.33295 2.53296 65.86456 29.21295 26.83258 16.51001 8.01849
0.22125 0.19073 0.17548 0.33569 0.00000 0.00000 0.00000 0.12970 0.01526 0.09918 0.12207 0.03815 0.00763 0.00763 0.00763 0.15259 0.03052 0.28229 0.76294 0.96893 2.75421 15.64789 26.62659 38.58185 3.09753 3.79944 4.36401 16.89148 50.58289 10.48279 2.36511
0.81635 0.10681 0.61035 0.93842 0.74768 0.75531 1.39618 0.53406 0.42725 0.66376 0.57983 0.03815 0.00000 0.00000 0.00763 0.48828 0.92316 0.50354 0.27466 0.47302 1.42670 1.85394 1.35803 10.76508 3.12805 7.46155 8.68225 10.09369 9.71222 18.05878 28.41187
0.70190 1.22070 1.54877 1.04523 1.71661 1.05286 1.12152 0.74005 0.33569 0.14496 0.12207 0.74005 0.41199 0.21362 0.52643 1.20544 0.21362 0.28229 0.57983 1.38092 5.84412 7.37762 16.01410 6.69098 21.39282 3.21960 11.27625 7.15637 8.76617 52.81067 9.15527
3.05939 3.54767 5.34821 3.55530 1.85394 1.52588 0.90790 1.50299 1.57166 0.12207 0.10681 0.22888 0.40436 0.16785 2.57874 1.54114 0.70953 1.02997 3.45612 8.06427 4.66156 15.73944 10.67352 23.45276 4.50134 0.14496 2.61688 2.03705 23.36121 17.08984 14.45007
3.60107 2.73132 4.66156 8.68225 2.12097 2.14386 3.12805 0.92316 1.80054 2.72369 1.75476 5.84412 5.74493 2.54822 0.62561 1.48773 2.37274 0.61035 1.89209 3.61633 5.88226 8.01086 15.60211 6.85120 4.05884 0.73242 0.83923 2.18201 10.71167 30.14374 13.40485
5.31769 9.65881 21.56830 22.72797 2.47192 15.51819 2.17438 0.93842 0.17548 2.15912 10.42175 5.48553 8.36945 4.28009 7.20215 6.67572 3.89099 3.06702 4.39453 4.07410 5.74493 6.21796 9.49860 11.37543 16.10565 5.53894 3.82233 1.77002 1.67847 2.69318 18.86749
