DATA/RAW-RASTER/ECMWF/20170628/EN-48/20170710.en-48.asc
ncols			31
nrows			16
xllcorner		69.5
yllcorner		19.5
cellsize		1.0
NODATA_value	-99999
3.88336 42.19818 44.53278 26.29852 0.99182 2.10571 0.00000 0.10681 0.06104 0.09918 0.06104 0.12970 0.00000 0.01526 0.03052 0.00763 0.09155 0.45776 2.54822 5.22614 5.98145 6.79016 2.73895 1.40381 0.80872 1.15967 2.47192 0.13733 0.17548 0.54169 0.32806
4.08936 3.89099 47.56165 29.72412 14.45007 2.20490 1.16730 0.28992 0.03815 0.00000 1.20544 0.28229 0.12970 0.03052 0.07629 0.72479 0.52643 1.05286 2.01416 7.53021 8.43048 10.16235 12.64954 5.79834 1.26648 1.97601 1.36566 1.15967 0.94604 0.86212 0.96130
27.32086 5.67627 14.30511 28.18298 31.74591 90.37018 25.52795 1.71661 5.82886 0.77820 3.58582 0.56458 0.09155 0.47302 0.32043 0.81635 0.22888 0.51117 3.85284 5.96619 7.94220 9.49097 9.20105 8.52203 6.49261 7.24792 8.91876 7.05719 9.04083 7.96509 6.24084
2.89154 0.07629 0.47302 1.18256 83.90808 98.19031 105.64423 26.77155 7.83539 7.62939 5.87463 4.26483 1.08337 1.83105 0.48828 0.64850 2.25830 1.93024 1.23596 1.06049 0.38910 4.17328 14.96124 17.71545 18.09692 16.99829 20.73669 26.48163 24.46747 22.10999 18.31055
3.35693 0.01526 0.01526 0.00000 1.93024 13.56506 32.55463 15.38086 25.61188 8.40759 4.81415 4.12750 11.07788 4.92859 1.80054 0.67902 0.81635 0.77820 2.03705 1.91498 4.03595 5.76019 9.75800 10.78796 10.42175 12.75635 13.61084 13.16833 13.08441 21.17157 14.96887
0.00000 0.00000 0.00000 0.00000 0.00000 1.24359 5.42450 3.63922 162.08649 162.14752 44.19708 11.03973 3.21198 2.07520 6.18744 5.43976 5.58472 3.44849 7.09534 10.56671 4.46320 12.19177 16.96777 18.82172 20.85876 38.88702 33.19550 6.49261 5.78308 8.27789 10.55145
0.01526 0.00000 0.00000 0.00000 0.00000 0.76294 0.76294 10.68878 9.72748 19.61517 11.81030 1.25885 6.13403 7.77435 5.73730 3.96729 7.17926 13.18359 17.75360 22.07947 18.33344 6.85883 13.61084 14.59503 29.79279 122.15424 77.89612 32.78351 6.46210 11.70349 7.73621
0.00000 0.00000 0.01526 0.01526 0.00000 0.22888 0.03052 0.44250 2.13623 3.93677 4.15039 4.03595 2.08282 1.44196 69.94629 17.71545 18.18085 17.44080 25.44403 18.63861 28.19824 39.54315 15.64789 40.80963 14.38141 19.37866 22.11761 12.84027 100.92163 19.85931 6.07300
0.00000 0.00000 0.00000 0.01526 0.00000 0.11444 0.15259 0.53406 1.62506 4.59290 2.97546 0.93842 0.81635 0.65613 13.95416 34.09576 31.03638 66.15448 104.19464 100.31891 84.99908 30.41840 14.03809 20.09583 8.36945 7.91931 18.07404 46.44012 39.37531 11.88660 11.19232
0.01526 0.13733 0.00000 0.01526 0.09155 1.98364 1.93787 4.38690 2.98309 1.60217 0.78583 2.63214 5.56183 2.15149 13.77106 25.87891 14.21356 11.22284 11.54327 25.59662 17.81464 5.38635 23.50616 3.66974 3.64685 8.53729 20.37048 91.87317 21.81244 9.39941 8.39996
0.17548 0.61798 0.19836 0.20599 0.03815 3.45612 4.61578 1.12915 0.18311 1.53351 4.62341 4.08173 3.55530 8.36182 5.69916 5.63812 1.79291 2.43378 12.81738 14.01520 7.84302 14.36615 26.54266 15.54871 7.87354 24.86420 14.03809 15.09857 5.25665 3.19672 5.76782
0.25940 0.51117 0.53406 1.80054 1.28937 6.10352 7.47681 9.20105 2.15149 5.68390 2.55585 4.27246 8.67462 2.54822 5.03540 0.43488 0.32043 7.09534 5.24902 6.46210 8.47626 10.41412 14.63318 7.30896 30.58624 18.18085 7.39288 4.50134 5.38635 8.23212 7.21741
0.78583 2.51007 0.46539 1.11389 1.99890 1.54114 5.45502 7.71332 2.68555 1.96075 2.42615 9.66644 1.03760 0.25177 1.69373 0.21362 0.83923 0.83160 4.64630 8.45337 12.71820 10.02502 13.68713 22.02606 12.34436 3.31116 0.16785 5.32532 4.00543 4.79126 2.08282
4.77600 7.04193 6.48499 2.73895 2.04468 2.86865 12.73346 11.63483 6.95038 8.46863 5.64575 11.97052 1.51062 0.38910 1.08337 3.88336 7.33948 1.36566 4.62341 4.02069 6.42395 8.02612 2.95258 12.12311 4.57764 0.06104 0.12207 3.92151 10.76508 6.98090 4.04358
2.64740 4.94385 8.65173 6.98853 4.07410 4.79126 8.76617 10.16235 12.06207 5.76019 2.56348 4.08936 1.93787 2.21252 1.05286 2.71606 4.35638 2.94495 0.54169 1.50299 2.43378 2.40326 4.26483 7.78198 10.64301 0.19836 0.12970 2.44904 4.72260 3.87573 2.67029
3.09753 45.38727 107.90253 21.82770 3.13568 4.34113 10.68115 9.49860 11.77216 16.54053 13.16833 10.52856 2.31171 2.44904 3.03650 1.66321 1.52588 1.10626 0.94604 1.60980 2.99835 3.01361 3.80707 7.33948 2.96021 0.04578 5.90515 1.81580 5.11169 11.91711 2.64740
