DATA/RAW-RASTER/ECMWF/20170628/EN-48/20170705.en-48.asc
ncols			31
nrows			16
xllcorner		69.5
yllcorner		19.5
cellsize		1.0
NODATA_value	-99999
0.93079 0.71716 1.85394 1.72424 2.70844 0.19836 0.24414 0.13733 0.10681 0.05341 1.27411 0.88501 2.03705 1.83868 1.81580 3.41034 5.57709 1.56403 7.57599 1.86157 0.41199 1.22833 3.57056 3.08990 3.26538 3.72314 1.28937 5.33295 3.18909 10.96344 9.78851
0.77820 0.92316 2.12860 9.86481 3.86810 0.94604 0.16022 1.06049 0.09155 0.02289 0.28992 0.16022 0.71716 0.76294 0.86975 1.35040 1.64032 1.99890 2.57111 1.28174 1.86157 8.07953 20.42389 7.23267 9.01031 23.08655 4.66919 10.50568 13.30566 7.00378 17.02118
6.16455 2.03705 0.64087 2.00653 3.09753 4.35638 5.56183 0.12207 0.13733 0.12207 0.05341 0.22125 0.28229 0.02289 0.16785 0.96130 0.71716 3.48663 3.37219 8.70514 6.02722 14.12201 5.56183 9.25446 7.53021 10.88715 18.05878 3.40271 10.61249 4.93622 19.19556
2.74658 7.87354 1.89972 4.89807 2.51007 5.18036 2.68555 7.66754 0.01526 0.01526 0.03815 0.07629 0.09155 0.11444 0.29755 0.03052 0.17548 1.25122 6.37817 14.08386 9.47571 11.03973 12.22229 16.47186 9.26208 9.17816 2.06757 11.81793 7.33185 20.04242 22.53723
4.18091 0.30518 0.03815 2.11334 3.60107 4.89807 7.65228 2.85339 3.44849 0.11444 0.03052 0.00000 0.06104 0.01526 0.32043 1.21307 5.97382 6.97327 19.76013 9.49097 5.63049 6.22559 2.96783 0.28992 0.34332 0.35858 0.82397 0.83923 3.60870 17.33398 15.36560
1.29700 0.00000 0.19836 0.00000 0.00000 1.56403 4.18091 7.59888 5.13458 3.50952 6.45447 2.97546 2.28882 0.00000 0.66376 6.94275 15.41901 4.61578 4.03595 2.63214 3.08990 1.80817 4.53949 5.32532 8.42285 3.60870 0.59509 0.24414 0.65613 5.05829 18.13507
0.00000 0.00000 0.00000 0.00000 0.00000 0.00000 1.18256 0.31281 1.15967 3.73840 1.80817 8.20923 5.92804 0.43488 1.03760 11.79504 4.94385 2.94495 7.60651 2.05231 7.30896 3.11279 10.81848 1.66321 2.42615 2.96783 12.42065 2.70081 0.94604 0.55695 2.73132
0.00000 0.00000 0.00000 0.00000 0.00000 0.00000 0.00000 0.00763 0.04578 0.51880 0.95367 4.76837 7.07245 8.51440 36.14807 70.07599 12.32147 6.95038 22.28546 13.17596 12.74109 13.19885 4.37164 7.51495 13.41248 29.62494 10.91766 6.50787 26.68762 2.71606 3.53241
0.00000 0.00000 0.00000 0.22125 0.14496 0.00000 0.00000 0.03815 0.01526 0.06866 0.07629 0.58746 1.05286 1.41144 3.28827 26.50452 213.49335 85.99091 80.81818 48.45428 56.61774 80.13916 26.67999 10.51331 1.90735 0.83923 4.03595 16.89911 10.85663 4.85992 0.88501
0.35858 0.27466 0.85449 0.66376 0.61035 0.04578 0.09155 0.19836 0.00000 0.00000 0.05341 0.03815 0.05341 0.17548 1.51825 3.93677 20.91217 16.58630 25.75684 43.96057 59.68475 45.76111 14.68658 1.64795 2.42615 5.63049 37.76550 9.03320 46.74530 5.32532 1.99127
0.14496 1.13678 0.32043 0.74768 0.00000 0.01526 0.00000 0.18311 0.01526 0.05341 0.00763 0.00000 0.03815 0.02289 0.05341 0.13733 8.95691 16.13617 18.50891 27.26746 5.65338 47.95074 67.81769 34.85107 1.15204 8.20923 7.70569 11.56616 12.67242 8.17108 6.07300
0.03052 0.38910 0.71716 1.63269 0.94604 0.53406 0.19836 0.30518 0.02289 0.01526 0.12207 0.76294 0.03052 0.12207 0.02289 0.10681 2.63977 12.80975 18.21899 21.30890 12.17651 28.51105 6.16455 1.30463 1.59454 3.29590 0.61798 26.64185 8.86536 5.88226 12.16888
0.28229 1.02234 1.04523 0.80109 2.60925 4.98962 1.53351 2.49481 1.92261 1.73187 0.70190 0.67902 0.08392 0.25177 0.06104 0.55695 5.97382 1.56403 3.57819 4.94385 17.83752 36.80420 12.32910 2.10571 19.53125 0.49591 0.58746 3.12042 15.83862 12.35962 10.87189
1.79291 1.85394 1.50299 5.33295 2.65503 0.46539 0.68665 1.77765 4.51660 1.25122 0.60272 0.18311 0.16022 0.27466 3.04413 2.63977 0.37384 0.10681 7.56073 19.18030 16.67023 20.27893 6.43921 6.87408 9.04083 0.88501 1.11389 2.44904 0.81635 2.86865 6.72913
2.41852 5.85938 3.23486 7.20978 3.82233 2.96783 0.48828 0.60272 0.59509 1.64795 1.67847 0.54169 0.03052 0.27466 0.68665 3.44086 13.32092 2.81525 11.78741 8.44574 16.14380 21.77429 28.17535 6.59943 0.56458 1.81580 13.19122 2.19727 26.95465 13.55743 14.89258
3.72314 4.35638 8.41522 26.91650 2.02179 6.52313 5.10406 1.48010 0.64850 0.33569 23.47565 1.56403 3.23486 2.45667 1.38855 1.57166 11.65771 3.44849 9.09424 17.05933 33.41675 22.72034 19.14978 17.44080 20.73669 7.14111 17.80701 1.36566 0.85449 0.97656 13.16071
