DATA/RAW-RASTER/ECMWF/20170628/EN-48/20170711.en-48.asc
ncols			31
nrows			16
xllcorner		69.5
yllcorner		19.5
cellsize		1.0
NODATA_value	-99999
3.60870 6.13403 8.08716 11.59668 14.51874 7.11823 7.43103 5.08881 1.38855 2.59399 5.43976 1.77765 1.72424 1.12152 1.92261 2.86865 0.56458 1.30463 1.06049 0.61035 0.34332 1.67847 1.76239 0.77057 0.68665 0.66376 0.38910 0.31281 0.19073 0.38147 1.24359
0.29755 1.48773 16.12854 65.49835 12.96997 15.39612 9.97162 4.64630 7.72858 4.05884 3.00598 4.36401 1.72424 2.78473 1.81580 0.38147 0.77820 0.32806 0.08392 0.03052 0.34332 3.60107 3.50952 1.55640 5.97382 5.27954 2.80762 1.98364 1.43433 0.53406 0.56458
2.79999 1.54877 1.54877 6.48499 23.57483 29.44183 10.68878 12.13837 9.86481 1.64032 10.31494 15.31219 10.39886 14.62555 13.22174 7.26318 1.40381 0.11444 0.11444 0.38147 0.36621 1.84631 5.50079 4.82941 2.45667 4.40216 3.18146 1.48773 0.67139 2.38800 0.61035
13.03864 5.08881 8.26263 8.58307 18.53943 141.90674 50.84229 40.68756 11.28387 4.61578 7.97272 5.63049 6.42395 11.16180 6.54602 1.79291 1.97601 0.44250 0.78583 1.04523 0.74768 3.42560 0.47302 1.07574 3.06702 0.68665 0.41199 0.80109 1.28174 2.13623 1.64795
1.66321 0.01526 0.05341 0.80872 20.79010 5.33295 20.27130 11.08551 10.33783 8.62885 0.49591 9.36890 5.90515 1.03760 1.57928 4.44794 2.60162 2.32697 1.79291 1.23596 1.50299 3.00598 2.15149 5.47791 3.61633 5.51605 7.40051 7.30133 8.57544 7.65228 5.24902
0.00000 0.00000 0.00000 0.21362 0.09155 0.73242 11.17706 14.09912 90.78979 4.76837 0.79346 7.61414 16.16669 4.69208 11.53564 3.20435 4.11987 4.54712 5.11932 8.91876 3.70026 4.61578 2.99072 8.48389 8.07953 25.08545 16.73889 6.89697 11.96289 23.75031 15.25116
0.00000 0.00000 0.00763 0.04578 0.13733 1.14441 19.18793 10.30731 14.98413 6.27136 7.72858 28.12195 10.68115 12.21466 1.72424 2.35748 3.84521 6.39343 4.84467 3.34167 2.58636 4.09698 10.89478 14.75525 24.71161 109.97009 49.98779 21.91162 5.50842 5.05829 4.40979
0.00000 0.00000 0.00763 0.43488 0.16785 2.46429 16.15143 15.14435 3.88336 12.15363 27.86255 9.31549 0.86212 10.82611 29.96063 15.99121 17.38739 3.08228 1.31226 1.93024 10.50568 16.09802 8.57544 48.64502 28.07617 19.46259 30.08270 15.71655 51.47552 14.82391 8.83484
0.00000 0.38147 0.34332 2.17438 1.77002 7.24792 6.29425 17.21954 20.23315 12.45880 43.75458 25.93231 12.18414 3.23486 97.45026 22.30835 8.47626 13.37433 24.26910 85.11353 81.38275 75.08850 59.69238 25.69580 20.85876 16.30402 27.17590 71.73157 21.19446 4.86755 19.67621
0.00000 0.01526 0.61035 5.88226 8.40759 17.85278 12.22229 12.92419 13.98468 27.90070 4.47083 33.09631 5.52368 13.47351 9.23157 1.51062 4.79889 5.55420 20.04242 27.56500 8.18634 12.00104 19.18030 7.44629 4.53949 13.45825 25.55084 12.53510 9.72748 8.07953 5.24902
0.00000 0.12970 0.37384 0.99945 3.14331 7.56073 13.22174 8.70514 20.04242 10.55145 16.94489 8.22449 4.54712 9.49097 3.89099 0.58746 0.90790 12.45880 33.96606 10.10132 14.52637 12.40540 32.89032 30.12085 44.30389 12.70294 14.17542 23.11707 20.44678 7.08008 2.43378
0.16785 0.11444 0.70953 3.93677 4.67682 5.21088 6.18744 3.34930 9.65118 15.43427 6.87408 1.67847 4.19617 6.73676 0.81635 0.91553 1.77765 5.62286 6.27136 12.25281 11.81030 15.39612 63.71307 38.00201 18.26477 16.20483 16.52527 25.11597 13.54980 9.65881 14.68658
0.03815 1.54877 1.59454 0.33569 0.48828 0.85449 7.05719 8.96454 11.81793 19.62280 6.73676 5.32532 1.60980 1.19019 3.51715 1.33514 2.25067 1.57166 9.18579 3.45612 6.04248 10.89478 11.44409 25.86365 12.03156 14.89258 10.35309 10.24628 13.49640 6.69098 14.25171
1.43433 13.52692 102.30255 1.52588 0.48065 0.35858 3.92151 8.43048 13.23700 8.35419 12.73346 11.43646 4.11224 2.53296 5.32532 2.47955 2.41852 1.52588 3.83759 2.65503 2.93732 8.25500 9.19342 32.20367 9.39941 2.33459 7.70569 19.59229 23.20099 9.81140 8.16345
7.25555 18.19611 56.15234 8.72803 1.56403 1.27411 2.49481 9.25446 6.84357 16.28113 14.32800 7.10297 1.96838 0.60272 1.86157 7.10297 7.44629 3.97491 1.25122 1.28174 1.58691 4.39453 11.55853 20.99609 3.78418 0.67139 3.07465 2.34222 17.41791 5.92804 5.02777
4.28772 12.12311 11.71875 17.22717 0.69427 7.78198 2.41852 17.88330 12.62665 8.65936 14.93073 17.63916 2.12097 1.63269 2.80762 2.18201 3.68500 1.38855 0.99945 1.06812 1.25885 2.95258 5.82123 7.51495 13.37433 0.83160 3.26538 6.52313 9.39178 3.24249 1.42670
