DATA/RAW-RASTER/ECMWF/20170628/EN-48/20170709.en-48.asc
ncols			31
nrows			16
xllcorner		69.5
yllcorner		19.5
cellsize		1.0
NODATA_value	-99999
0.06866 2.27356 1.83105 1.88446 0.00000 0.00000 0.05341 0.07629 0.35095 2.10571 0.38147 1.38092 0.96893 1.41144 1.29700 0.84686 0.47302 2.31171 8.07190 5.18036 4.71497 4.40979 2.03705 0.25940 0.33569 0.10681 0.01526 0.00763 0.00763 0.00000 0.31281
0.02289 0.30518 3.61633 16.05225 7.41577 0.93079 0.13733 1.34277 0.11444 0.90027 3.18146 2.84576 4.30298 4.74548 6.70624 4.69208 4.85992 12.98523 24.23096 16.99829 6.67572 4.07410 0.59509 0.03815 0.07629 0.13733 0.03815 0.19073 0.00000 0.00000 0.06866
0.00763 0.66376 0.13733 2.90680 14.09912 44.20471 5.88226 0.03052 2.46429 1.56403 2.66266 1.72424 2.09808 1.28937 0.74005 15.02228 15.10620 21.24786 15.85388 9.81903 5.61523 3.29590 2.28882 0.90027 0.12970 0.01526 0.00000 0.02289 0.00000 0.25940 1.20544
0.00000 0.00000 0.00000 0.00000 0.25177 11.25336 83.57239 192.83295 3.68500 10.33020 8.39996 7.89642 0.08392 1.73187 6.58417 5.17273 12.72583 13.96942 11.64246 14.25934 25.81024 10.05554 5.95093 5.57709 6.72150 1.99890 0.48828 0.61798 0.74005 3.47900 4.83704
0.00000 0.00000 0.00000 0.00000 0.00000 0.00000 1.12915 40.26031 44.41071 13.58032 7.82013 18.76068 15.60211 16.63208 9.18579 9.39941 16.76178 11.69586 8.81958 8.75092 9.30023 10.23865 7.98798 10.45990 5.17273 7.96509 11.42883 21.92688 13.23700 8.26263 6.06537
0.00000 0.00000 0.00000 0.00000 0.00000 0.00000 0.00000 2.18964 68.39752 104.72107 86.93695 21.08765 17.07458 7.37000 16.00647 13.16833 11.22284 9.78088 11.66534 11.28387 12.46643 7.19452 11.99341 16.38031 16.21246 33.54645 21.85059 16.76941 6.83594 13.16833 9.68933
0.00000 0.00000 0.00000 0.00000 0.00000 0.00000 0.00000 0.13733 2.51770 24.61243 56.54144 175.46844 36.13281 17.92908 12.69531 15.24353 6.13403 7.94983 7.01904 19.73724 8.31604 7.78961 14.38904 20.85876 28.25928 117.03491 59.09729 24.42169 19.86694 22.38464 18.81409
0.00000 0.00000 0.00000 0.00000 0.00000 0.00000 0.00000 0.00000 0.35095 0.00000 3.43323 22.72034 21.04950 36.93390 115.92865 22.05658 24.26147 17.76123 17.75360 10.02502 21.85822 22.77374 9.03320 20.82825 20.41626 24.24622 41.45813 41.76331 37.20093 14.59503 19.27185
0.00000 0.00000 0.00000 0.00000 0.00000 0.00000 0.00000 0.00000 0.11444 1.24359 0.28229 0.38910 0.67902 12.28333 16.51001 26.90125 65.18555 214.72931 112.52594 145.22552 131.98853 106.21643 34.03473 22.65930 3.59344 2.14386 25.13123 34.95789 29.95300 14.35089 30.21240
0.00000 0.03815 0.00000 0.00000 0.00000 0.00000 0.00000 0.00000 0.11444 15.13672 0.34332 17.11273 24.65057 22.50671 24.05548 10.45227 26.99280 12.95471 7.17926 11.63483 9.66644 2.25830 14.83154 1.49536 0.90027 38.67340 37.89520 78.58276 57.12128 17.64679 11.34491
0.18311 0.12207 0.03052 0.00000 0.00000 0.00000 0.00000 0.00000 0.07629 1.95312 20.50018 33.00476 37.91046 15.78522 12.73346 3.79944 13.00049 1.57928 1.06049 1.24359 1.16730 6.05774 15.31982 5.11932 0.99945 15.26642 8.68988 11.25336 20.10345 2.12860 1.14441
0.29755 0.00000 0.01526 0.11444 0.01526 0.23651 0.14496 0.70190 13.57269 21.01135 15.78522 17.99774 10.28442 3.63922 8.13293 1.41907 0.11444 0.26703 2.93732 0.61035 2.88391 0.70953 0.74005 1.78528 4.50134 3.82233 1.49536 11.42120 14.15253 4.59290 4.45557
0.38147 0.61798 0.42725 0.12207 0.74005 1.86157 6.07300 2.22015 1.42670 3.76892 1.65558 13.45825 3.37219 3.59344 5.65338 0.46539 0.07629 2.50244 1.57166 10.62775 2.33459 1.83105 1.62506 6.79779 23.03314 4.52423 0.03815 1.78528 12.77161 6.84357 6.47736
2.51770 2.91443 1.90735 3.97491 37.31537 16.82281 11.63483 7.19452 5.02014 2.38800 4.08173 10.96344 2.00653 1.62506 0.60272 7.08771 4.15039 3.53241 1.69373 5.60760 3.37219 4.82941 2.36511 7.33185 13.58795 0.00000 0.03815 3.37219 12.93945 9.41467 4.21906
2.23541 3.77655 2.96021 13.32855 76.73645 18.14270 2.57874 4.70734 0.75531 4.94385 8.69751 4.00543 0.54169 0.83923 0.57983 15.09094 9.23920 4.58527 0.80109 1.57928 1.69373 2.15912 5.27191 12.24518 1.30463 0.13733 0.58746 0.22888 3.16620 3.15857 12.52747
8.11005 19.65332 36.49902 71.83075 2.27356 4.87518 6.06537 1.39618 7.72858 3.99780 5.29480 4.37927 2.59399 1.47247 3.28064 9.97162 2.85339 0.94604 0.53406 0.61798 1.02234 0.86212 2.51770 10.20050 10.20813 4.87518 2.63214 0.27466 0.43488 0.74768 0.61035
