DATA/RAW-RASTER/ECMWF/20170628/EN-48/20170630.en-48.asc
ncols			31
nrows			16
xllcorner		69.5
yllcorner		19.5
cellsize		1.0
NODATA_value	-99999
3.91579 3.41797 9.41658 6.16646 10.77271 9.37462 4.51851 7.61604 3.78418 2.17438 5.99098 6.96373 9.63020 9.98688 11.56998 7.04002 3.43513 4.03023 2.57683 2.80952 4.72450 7.30705 4.09698 15.32745 6.06537 3.95203 2.23160 3.37601 0.62752 1.14822 0.84305
0.01526 0.10490 7.49969 2.47192 12.80403 2.40707 17.63535 12.05063 10.46753 5.15747 5.59807 7.44247 11.02257 2.52724 3.08228 6.89507 6.75583 1.77956 0.74005 3.35693 7.50542 7.00188 13.34953 11.04546 17.45033 15.86342 5.32913 7.00760 0.71144 1.09100 9.28688
0.18311 0.06866 0.01144 0.45586 0.13161 14.34135 44.93904 20.91217 7.16782 4.05312 1.45149 0.67139 3.99399 1.51825 2.92969 5.33485 3.60489 9.05228 5.27382 0.88882 8.06808 11.10458 11.23810 7.91931 14.93073 15.67268 8.69560 4.87900 3.17574 2.01225 5.61142
6.47354 0.13542 0.00191 0.06485 2.21062 41.25977 123.77548 32.40776 14.82773 7.65419 7.95746 1.98936 1.57738 0.90218 3.39127 1.01471 3.18146 5.16891 5.54848 5.64003 6.57272 9.22775 14.22119 12.21657 7.81822 11.00349 12.14027 4.40598 8.93593 6.09016 4.13322
4.87328 0.13733 0.12970 0.21553 0.64659 9.11713 36.91864 35.96115 96.83800 14.51302 1.62125 2.28310 4.06456 2.40898 0.91171 0.27275 2.34795 1.57356 2.70844 7.45964 6.48689 6.36864 8.51250 5.72777 4.20761 10.71739 6.04820 2.70271 4.48036 8.25119 10.88524
4.57764 3.80135 0.02289 0.02480 1.64223 4.27246 8.07381 49.41177 42.92679 38.28621 10.03075 18.52608 8.23212 1.88255 3.12424 0.76675 2.34795 6.27708 10.31876 4.37737 8.12149 6.33621 6.91223 8.01659 11.92665 15.32173 10.71358 6.53458 6.50787 7.30515 7.77817
0.26512 1.53732 1.10626 2.23160 10.32639 12.70676 20.39146 29.05846 38.42545 15.35034 23.65875 22.13097 20.74623 5.10216 1.84822 0.70190 1.17111 3.44467 2.79808 16.66832 4.40598 9.32884 5.81551 5.68199 21.70181 129.48418 58.36678 15.15579 11.01494 8.27217 7.09343
2.03514 1.27602 4.72069 1.88828 10.34927 7.97844 24.88708 23.83804 12.63046 55.08614 51.59569 17.46368 13.98659 24.06311 9.45091 34.70039 10.91194 1.69754 0.93079 4.69398 15.30266 24.67346 8.02612 25.36201 16.51382 32.60422 44.95811 23.13614 74.88441 19.68956 13.79204
0.33569 0.62752 1.70135 1.24168 6.17599 8.54111 9.59206 8.89015 8.58116 20.04433 37.18567 47.76001 24.73450 12.61139 5.75638 9.92966 2.48337 8.31223 42.16766 58.67577 116.08124 29.53911 47.09625 15.41710 20.12825 19.13643 74.09668 138.29041 77.09312 30.04456 11.66153
0.58174 13.64708 1.24550 1.28746 0.85831 0.41580 0.39482 1.32370 2.84958 8.88824 21.98410 37.76932 14.91928 28.25165 16.09802 10.34164 4.10271 5.50270 6.09589 5.42831 10.25581 8.27217 51.26953 7.58934 17.66586 8.02803 48.89679 9.95255 25.61760 16.45660 13.91792
35.50529 20.15114 13.98659 9.43947 1.99890 0.75531 0.78011 0.83160 1.37329 1.75667 8.54874 20.11871 20.55740 27.69852 14.04572 13.33427 16.09230 5.57137 13.30948 6.22368 9.02367 17.29774 64.62097 16.92009 27.70233 34.65843 6.77490 13.47351 21.95740 8.93402 8.07953
11.40022 26.96228 95.48759 16.41655 1.70135 1.22070 0.22316 0.51308 0.63515 0.72861 1.66321 17.69066 32.39059 29.91486 16.64925 6.63376 8.44574 7.88116 5.92613 10.35118 5.43022 9.58633 3.79944 2.48337 26.99661 12.12692 4.33731 21.32416 13.78822 28.88489 37.86087
24.81651 33.84972 10.90431 4.08936 3.18336 1.35040 1.17111 2.44331 1.11389 0.67329 2.15530 13.43727 19.42444 29.00314 19.70100 19.37485 12.60757 8.65555 13.19122 8.15582 9.09233 13.94653 3.14903 9.41086 25.44975 3.48854 0.12016 1.88637 5.10216 9.67598 4.41551
23.36311 28.26691 7.65610 14.47868 11.60431 1.66702 0.58937 3.16238 1.48773 0.34904 0.24414 1.64032 2.77710 21.97266 29.98924 25.55466 8.64601 9.35364 17.72690 8.93021 7.87544 23.29826 2.81143 22.57919 3.29208 1.79100 0.43106 0.90408 16.04652 12.01820 12.31766
5.24330 8.85773 3.11470 15.49149 5.12314 2.18391 0.57602 0.72479 3.03459 0.18501 0.41199 0.54169 12.89177 49.03221 27.61459 27.95410 13.89694 13.79395 20.60890 23.42415 24.35684 18.67867 32.03201 14.15253 9.97353 4.00925 2.47574 1.04904 6.60515 24.33205 7.92122
4.22478 4.49562 3.76701 16.14761 3.36838 8.25119 1.38855 2.38609 0.82207 1.22261 9.24110 12.25471 5.46074 13.36861 15.11002 32.04536 8.60214 17.14706 43.22243 37.99248 14.54926 15.25307 19.36722 37.62054 42.15813 11.98959 10.77461 1.44577 1.55258 3.26157 6.85692
