DATA/RAW-RASTER/ECMWF/20170628/EN-48/20170628.en-48.asc
ncols			31
nrows			16
xllcorner		69.5
yllcorner		19.5
cellsize		1.0
NODATA_value	-99999
2.19154 5.95856 14.45198 14.66179 5.45502 2.81906 2.22778 3.91388 1.12152 0.00000 1.81770 4.50325 4.88663 3.26157 5.86510 4.76074 4.11606 3.74985 6.89697 7.26318 4.17519 0.74005 0.61226 1.00708 0.58556 0.46921 0.80872 2.05421 2.06566 2.68173 6.66809
1.21689 5.58662 8.15582 6.69098 4.90761 7.90977 5.82123 2.20871 9.25636 1.47057 2.24113 1.93405 6.87218 8.31413 7.07626 5.49507 6.10542 8.06236 5.08308 0.93651 0.64850 0.33760 0.58937 0.42915 1.00708 0.53787 0.71716 1.52969 0.74959 1.44768 2.89345
9.11522 16.07895 17.56859 8.96072 8.92067 19.62852 15.10811 10.07080 6.50978 2.78091 0.54932 1.38664 1.49918 4.12369 8.57925 14.35661 11.40213 6.90842 10.90050 2.99644 3.16429 2.99454 0.36621 0.68665 0.40054 1.16730 1.10435 0.66376 1.62506 0.84496 4.07219
14.27269 107.23495 11.85417 7.91550 16.30402 31.95572 17.96150 31.91376 10.05554 0.64087 1.05286 1.17302 0.27084 6.60324 7.93839 6.17409 10.84137 12.63428 13.67188 7.30515 14.39667 8.57735 7.58934 0.64087 0.21362 0.00000 0.79155 0.52071 1.17493 2.25258 9.80568
3.85666 14.37569 20.21980 6.37627 4.57191 18.60619 18.07213 7.00760 20.00618 10.30731 0.35858 1.19019 1.96266 2.65121 1.58310 9.28307 5.83267 5.12695 8.55446 11.81793 17.05551 14.85062 7.33185 0.63515 0.28992 4.64249 2.89154 4.44794 0.89073 2.92397 5.98145
35.30121 5.09071 6.80351 5.84030 72.88551 22.71461 34.89685 18.43071 9.10378 17.16805 55.51529 3.47328 8.25882 0.42725 5.36156 3.46756 3.18527 1.32561 7.58171 5.97000 4.51469 10.06699 6.13213 5.99098 6.64520 10.40077 0.92316 3.87001 11.86752 8.37517 7.79533
2.62451 21.90208 5.68199 5.04875 5.90515 12.52556 26.92032 79.40674 69.74602 12.64572 2.62642 14.81438 18.56804 11.41357 15.80238 11.42502 1.91689 1.84250 1.94168 4.63867 3.01743 3.70789 13.42583 3.48854 5.96619 9.31740 9.37843 2.87628 2.57492 12.03537 7.27844
6.39343 127.03323 7.45583 16.36124 10.83755 19.10591 9.78279 41.28075 81.56586 48.17772 3.06702 2.62260 3.19672 12.87842 36.49712 27.82440 21.64841 1.93024 1.21689 1.77765 4.08173 10.65445 3.09944 14.47868 12.88033 10.81657 22.85767 7.65038 96.78459 19.50073 10.37788
8.41904 4.40216 4.00162 9.29832 17.66968 5.03159 11.38496 22.84431 24.23477 84.02061 40.96222 6.75774 8.69751 3.00598 4.38309 6.28471 2.18391 10.68306 10.90813 10.98061 7.31277 16.96396 8.57162 10.30731 18.23807 22.94159 17.18903 45.47310 60.58502 11.23428 6.05965
1.73569 2.02942 2.15340 11.85799 10.24437 2.32887 1.38283 9.97162 6.37436 7.50351 46.14449 5.18417 14.97650 5.46265 1.77574 0.84877 0.87166 1.80626 3.18146 13.05962 11.94572 12.11929 35.59685 6.19316 6.86073 50.82703 17.70210 18.21709 24.46365 5.40161 7.38525
4.01306 1.72043 5.00679 0.51498 3.96538 0.84496 1.87683 3.39890 15.95879 5.12886 10.17761 23.09990 10.17380 9.24683 0.64278 1.61171 4.34685 1.37520 1.78337 5.99861 3.39127 13.24844 18.61763 26.93939 9.99641 10.75745 11.82556 17.07649 24.62769 11.69777 1.23215
15.21111 4.70734 2.70653 4.05502 10.59914 1.08147 4.74930 2.04086 10.59532 14.22691 3.02315 42.39655 14.71138 7.68661 6.72722 3.54576 7.66182 11.48796 9.05037 15.68031 7.37762 6.30569 6.66809 21.61598 10.57816 21.34514 2.95448 11.18851 13.76534 23.07320 14.72664
12.41112 12.46643 16.28494 17.48085 6.00052 1.31798 6.26755 1.99509 6.92749 4.55284 66.08391 13.09395 16.49475 15.68985 4.18854 5.44357 7.14874 4.12941 11.45172 10.86426 17.67731 3.66974 16.23154 10.24628 19.19746 3.35693 1.06430 18.90945 11.73019 13.03482 18.92090
5.66864 19.50264 13.61275 24.86992 8.63075 1.65749 5.06210 7.49207 13.78059 18.36014 16.84380 42.74368 12.18796 6.47926 5.27573 10.06699 20.97130 11.09695 7.28416 2.37465 10.70976 7.95746 11.11412 8.27980 4.69208 6.75964 1.03951 23.09608 41.78810 7.70378 3.86810
5.63049 15.51628 36.93199 27.50587 3.56674 2.26593 6.38962 15.85197 7.24411 9.36699 4.40025 3.50571 3.32451 22.92442 56.79131 11.55663 12.66098 12.51602 6.89316 3.80898 4.93431 11.44791 20.70808 19.15932 21.42715 1.39809 1.39809 5.96237 3.47137 17.52853 12.46452
14.78195 46.93222 26.61324 22.58110 4.15802 4.62723 7.30133 12.38060 3.17001 7.22694 5.83649 12.25090 5.30624 28.87154 33.63228 1.54495 6.00052 8.78716 31.72874 9.29451 4.29726 13.76915 21.24977 23.50235 33.21648 9.73892 10.85472 2.50244 6.16074 3.27873 10.17952
