DATA/RAW-RASTER/ECMWF/20170628/EN-48/20170703.en-48.asc
ncols			31
nrows			16
xllcorner		69.5
yllcorner		19.5
cellsize		1.0
NODATA_value	-99999
0.09918 0.38147 1.19019 1.13678 6.69861 6.56128 2.49481 2.80762 0.94604 0.53406 0.22888 0.39673 0.57220 0.83160 0.56458 0.61798 2.18964 1.12915 2.96783 8.15582 5.11169 3.23486 5.75256 6.99615 12.39014 11.13892 12.72583 14.18304 8.87299 7.40814 5.87463
0.00000 0.00000 0.77057 4.00543 6.11115 0.03052 0.06104 0.26703 0.00763 0.00763 0.00000 0.00763 0.16785 0.24414 0.23651 0.15259 1.20544 0.48065 3.58582 11.67297 10.17761 7.93457 10.03265 13.62610 15.04517 7.46918 5.11932 0.86212 0.48065 3.37982 1.64032
0.00000 0.72479 1.86157 2.34985 3.82233 3.22723 1.66321 0.16022 0.00763 0.00000 0.00763 0.00000 0.00000 0.00000 0.01526 0.35095 1.73187 2.85339 3.66211 2.14386 9.81903 8.33130 11.96289 7.30896 7.42340 2.80762 1.82343 0.71716 1.22833 0.85449 1.28937
2.82288 0.61035 0.35095 0.23651 6.64520 4.97437 3.22723 14.16779 0.02289 0.02289 0.00763 0.02289 0.00000 1.26648 1.18256 2.34985 1.60980 2.57874 1.40381 6.14166 5.66864 6.52313 6.69098 2.99072 1.97601 0.19836 5.02777 2.01416 0.92316 0.75531 1.07574
1.41144 0.22888 0.65613 1.69373 22.73560 19.08112 5.45502 3.14331 0.89264 0.05341 0.10681 0.44250 3.10516 3.34930 6.43158 3.93677 7.05719 7.77435 2.35748 5.73730 7.40814 3.35693 3.42560 1.06049 1.48010 1.30463 0.68665 9.71985 0.47302 0.49591 0.23651
1.92261 0.00763 0.00000 0.00000 0.74005 6.41632 5.63049 1.75476 1.95312 7.68280 5.72205 6.60706 3.63922 1.89972 2.58636 4.37927 12.27570 4.11224 5.95093 4.34113 6.52313 3.47900 1.97601 7.20215 6.23322 10.62775 5.39398 1.09863 7.14111 2.17438 1.86157
0.00000 0.00000 0.00763 0.00763 0.03052 0.47302 1.89972 1.36566 2.99835 4.38690 3.87573 16.85333 10.65826 6.77490 1.42670 3.73840 4.85229 1.60980 12.28333 2.38800 2.09808 3.37982 9.58252 4.40216 9.88770 51.65100 21.67511 8.07190 3.57819 1.10626 5.08118
0.00000 0.00000 0.00000 0.00000 0.00763 0.22125 0.11444 0.45013 2.12097 1.96075 9.75800 14.60266 12.45880 14.31274 26.82495 14.41193 7.22504 4.73022 15.15198 9.05609 8.89587 13.21411 6.82068 31.89850 37.91809 39.14642 87.07428 25.29144 21.46149 3.96729 12.53510
0.00000 0.00000 0.02289 0.02289 0.00000 0.00763 0.13733 1.06049 0.20599 1.27411 9.54437 12.44354 17.70782 24.84131 39.11591 26.00098 31.67725 27.91595 138.33618 117.74445 150.10834 179.21448 244.30084 71.30432 65.70435 28.10669 62.36267 131.75964 98.89984 10.64301 12.80975
0.50354 1.04523 0.95367 0.77057 1.58691 0.35095 0.39673 0.75531 0.36621 0.99182 0.92316 11.29150 14.35089 17.73071 18.02826 15.68604 12.79449 13.51929 13.10730 13.91602 16.40320 10.30731 72.63947 107.84912 49.62921 9.45282 19.08112 13.59558 47.53876 13.12256 10.30731
0.98419 1.76239 1.12152 0.91553 0.51880 0.37384 0.40436 1.03760 0.21362 0.32806 3.98254 1.99890 3.29590 10.08606 14.52637 20.89691 9.29260 7.34711 20.12634 15.17487 22.34650 46.76819 93.55164 65.28473 24.71924 34.10339 13.97705 15.77759 43.25104 20.27130 19.04297
0.32806 0.74768 2.34985 3.86047 1.65558 4.63104 1.39618 0.72479 1.11389 0.24414 0.50354 4.98962 2.64740 3.44849 5.52368 7.59888 10.93292 10.78033 12.44354 8.92639 23.20862 45.98999 23.59009 13.19122 21.18683 14.19067 18.73779 26.10779 20.89691 24.42932 27.15302
1.21307 1.33514 0.42725 0.66376 0.57220 1.16730 0.27466 0.10681 0.25940 1.53351 2.60925 3.04413 1.40381 3.28064 5.78308 0.79346 0.40436 0.10681 3.08228 4.12750 27.25983 26.78680 21.93451 14.56451 22.33887 3.58582 4.87518 13.54980 24.15466 24.41406 26.20697
0.93079 2.13623 0.37384 1.38855 2.25067 2.35748 0.79346 1.04523 4.57764 3.12042 4.60052 2.89154 1.96075 9.25446 9.57489 6.88171 1.15204 0.45013 1.48773 1.80817 16.28113 26.13831 30.50995 48.16437 3.98254 0.69427 1.06049 14.73236 24.97101 21.19446 14.36615
1.15204 0.64087 1.24359 6.05774 3.02887 1.35040 1.60217 1.44196 5.85175 0.07629 2.15912 0.59509 1.47247 1.62506 0.52643 0.07629 0.00763 0.00763 2.65503 3.30353 4.50897 10.29205 46.10443 35.89630 29.23584 1.47247 1.89972 2.87628 15.83099 23.25439 10.94055
2.04468 2.12097 3.41034 8.86536 1.92261 2.84576 0.57983 2.98309 1.15967 0.03815 0.10681 0.06866 0.03052 0.24414 0.32806 0.00763 0.11444 0.00000 2.59399 5.05829 4.01306 9.97925 24.84894 37.60529 66.02478 6.17981 10.70404 8.94928 27.42004 15.41901 10.16235
