DATA/RAW-RASTER/ECMWF/20170628/EN-48/20170701.en-48.asc
ncols			31
nrows			16
xllcorner		69.5
yllcorner		19.5
cellsize		1.0
NODATA_value	-99999
0.45204 0.18692 0.21744 0.83160 19.19365 3.56102 1.39618 0.18501 0.18311 0.01907 0.05722 0.08774 0.57793 3.63159 0.58365 1.43623 1.17874 0.57411 0.70000 2.68936 4.86946 2.64359 1.12724 1.49918 1.46866 4.00352 7.62939 8.72612 21.51108 12.50458 10.70976
0.00000 0.00954 0.00381 0.01335 1.96266 0.48065 0.00763 0.11635 0.11253 0.09346 0.12779 0.43106 0.78773 2.84767 2.42615 0.73624 0.45776 0.98801 0.29373 0.46539 2.11334 1.11961 1.13869 1.26266 0.94032 1.84059 3.64876 8.06046 7.68280 12.26616 14.33372
0.10681 0.19264 0.00000 0.02861 0.01335 0.49210 1.11198 0.48447 0.41389 1.04141 3.14522 3.20625 5.75066 5.16319 6.74438 3.00980 2.69508 0.55695 0.22697 0.10872 0.29182 0.93460 2.76947 8.08907 3.46184 6.39153 4.91714 3.83949 5.89180 5.12886 8.35991
2.59972 0.79155 0.00000 0.00000 0.01335 0.79727 0.55313 0.53215 3.20816 10.72884 10.85854 4.53949 3.92342 10.00595 7.65800 4.23241 2.23732 6.46973 1.78909 0.39101 2.51770 2.05231 11.08170 16.74461 5.64957 7.05719 8.22258 7.71713 6.09016 10.45609 9.84192
2.01988 0.27084 0.00191 0.12589 0.01526 1.22261 2.41470 7.00378 56.98586 14.92691 1.25504 3.51715 2.75993 4.91142 4.74167 6.76918 14.68849 13.13782 2.08855 2.56538 3.63159 12.90131 12.01248 9.06181 8.92258 11.69014 15.63072 6.75011 5.88608 12.58278 12.19940
0.96703 0.74768 0.00763 0.00191 0.00000 0.60081 1.23405 3.98827 19.46068 9.01985 7.96318 16.09421 2.48909 0.87738 1.43623 7.01332 16.10947 8.23021 8.44193 8.34084 6.43921 15.04135 7.69615 9.80759 8.84056 35.12383 10.34355 1.19400 3.25012 2.51389 7.73239
0.03815 1.14441 1.27220 1.51634 0.52261 1.30272 0.69046 0.69237 8.19588 4.92859 7.62749 8.21877 14.73618 15.44571 7.20978 2.57301 3.18146 3.92151 1.84631 1.30463 3.47137 5.99670 16.51573 11.56998 14.54163 52.79732 46.29135 19.83833 2.90489 1.69563 4.69208
0.03624 0.32425 0.39101 0.63896 1.44577 2.79236 1.62888 3.26920 7.21169 6.05583 12.28714 7.06673 19.94514 77.68440 22.82143 25.48599 18.85986 4.02069 5.60951 3.80898 16.25061 21.20209 14.63127 38.83743 40.98701 37.91809 92.35954 62.63161 29.97208 3.41034 1.95122
0.01526 0.05531 0.45586 1.50490 2.62070 5.38445 4.98772 6.51169 15.39230 20.19691 10.53810 14.00948 19.42253 21.98219 2.78664 3.38173 1.64223 31.12984 68.42422 134.99832 52.48451 16.61491 55.60493 38.91945 45.93468 50.96245 38.74016 74.28932 56.34117 16.09612 6.05202
0.02289 0.58365 1.03569 2.73705 6.18362 4.61197 2.17819 2.65503 4.84467 10.30922 33.52165 8.55255 23.22388 58.13217 10.43701 71.86890 2.66457 7.56073 39.84642 11.49750 6.29997 13.06915 35.25734 32.31049 25.10071 10.13947 37.94289 48.99025 118.82973 37.80174 12.75063
0.09918 1.24359 12.10403 24.46747 8.72421 5.20134 10.40077 10.89478 2.46429 2.82097 5.04303 40.78102 9.82285 19.09828 54.77905 25.37537 35.71129 5.26619 3.12996 28.24211 7.45583 12.60567 44.04831 26.93176 33.81920 5.65529 5.73349 9.35555 56.76460 31.73447 15.88249
0.35667 7.21550 12.07161 26.55983 3.08037 0.71335 0.78392 3.34930 5.97382 4.60052 13.00049 14.26506 19.44923 8.50677 46.99516 8.19778 15.95306 11.08742 4.49944 9.47571 5.27954 9.13239 8.55064 3.62968 29.33311 4.53949 2.61879 4.83322 15.40565 39.30664 35.22301
0.52261 4.10080 8.95691 11.46317 6.80161 7.58553 2.55775 4.04549 1.06049 4.37546 19.40918 11.23238 14.44244 97.29385 25.23804 18.39828 11.78551 3.04031 4.09508 7.72285 4.07600 13.58986 14.78004 19.47594 7.07245 3.03650 1.06049 6.17981 14.90021 44.36302 33.50449
0.88501 1.92261 1.18637 33.63419 15.93781 1.60217 6.75011 15.02037 8.57353 17.25388 14.42909 23.76556 17.07840 55.22156 81.52580 7.38525 4.24194 23.89717 7.45773 5.41496 6.56700 20.33043 36.36551 46.80252 12.80785 2.15912 1.77956 1.55640 10.98633 12.88223 20.46776
2.68745 1.45721 8.02231 22.90344 10.29015 6.07872 6.01387 8.31032 9.61876 6.46019 5.96046 30.69687 9.65881 21.18683 29.29497 5.13840 13.45444 2.28691 3.51334 9.20105 10.52475 14.34326 35.92300 21.25931 11.51085 3.38554 4.40216 1.37329 1.84059 4.54330 24.93668
3.23486 4.12750 6.24847 16.06369 5.42259 1.23787 1.14822 7.38525 2.37083 1.15776 16.42609 63.72643 3.09753 1.44577 11.80840 15.27214 2.53868 5.78690 6.77490 13.86070 18.56232 10.70404 17.10320 24.79362 47.75620 3.72696 9.01604 3.30925 1.28365 0.55122 0.22888
