DATA/RAW-RASTER/ECMWF/20170628/EN-48/20170629.en-48.asc
ncols			31
nrows			16
xllcorner		69.5
yllcorner		19.5
cellsize		1.0
NODATA_value	-99999
2.21062 9.04083 15.87296 15.05280 9.81712 5.18417 10.48470 12.82883 4.05502 1.06812 5.91278 10.27679 12.59613 14.49585 11.51848 5.64575 4.54521 2.68936 5.25665 10.49232 8.82530 8.83293 3.34930 1.54495 1.08528 0.62752 1.13678 0.81253 0.27847 0.32806 1.24931
0.43678 1.35231 2.63596 7.35283 9.01985 25.06828 39.99710 27.44102 19.96613 7.64465 4.18282 5.57327 5.04494 3.45039 3.27301 2.89917 1.84059 1.24741 2.62260 6.88744 8.72612 9.33266 1.44386 1.08719 0.48447 1.19400 0.80681 3.81088 3.06320 1.02997 0.50926
6.05583 2.19917 2.09045 0.33569 5.80788 154.89960 74.07951 28.05328 10.91385 2.20299 1.07574 0.85831 0.53978 2.94304 1.03378 0.60654 2.18010 3.18909 2.83241 5.19943 4.95148 6.70624 7.44629 4.69017 2.08473 8.29315 7.30133 8.85582 7.91168 2.18010 0.96512
7.80487 4.58145 1.10245 1.80817 29.54865 139.39285 43.00117 24.73450 26.80588 2.44141 1.66130 0.83923 1.12915 0.56648 0.73051 1.16730 1.58119 5.18417 8.21114 3.33023 6.37436 6.23131 6.26564 10.60486 11.14845 4.43077 14.54353 7.73048 10.33401 4.38309 1.32751
2.59399 1.34850 1.23215 1.91498 13.99231 40.16876 51.50414 18.06641 18.09120 12.40730 1.06812 0.98228 1.67274 0.13733 2.43759 0.71907 3.39127 2.99644 2.83432 4.18854 8.19969 14.93645 9.27544 12.91466 10.81467 4.68826 9.97543 18.81027 17.96722 7.04956 2.06566
4.60243 1.72043 2.26021 1.87302 12.77351 20.40863 34.01184 87.10098 23.64731 10.49995 18.85605 1.83868 2.38609 0.38719 0.19836 1.58501 1.95122 0.56267 2.54250 8.44193 12.53319 14.18686 17.90237 17.12036 20.02716 32.00722 11.88660 2.92397 9.94110 15.77187 12.20512
0.88692 6.26945 17.09366 14.91165 23.14758 21.30508 22.39037 14.39667 29.66690 19.26041 8.54111 9.39369 8.08716 2.55013 0.03433 0.01335 0.22316 0.82397 0.59319 1.67656 5.78690 9.33266 16.82854 15.29312 18.00537 70.40215 66.39099 23.22197 12.73346 15.01846 7.57790
3.42178 12.39586 14.73427 20.10155 10.73837 20.17593 16.75987 5.93758 14.53209 66.38527 18.73207 12.70294 2.84576 14.34135 7.30705 4.33922 1.56593 0.43869 0.07439 1.93787 8.31795 29.41513 9.31168 35.69794 25.47836 38.82408 53.15781 21.86966 57.13654 17.08031 8.26454
12.40158 10.93674 55.19676 21.11626 2.62070 6.85692 11.31248 3.81851 5.21278 7.67326 72.26372 38.08975 14.04762 15.24925 3.90053 3.18146 1.35422 4.33731 10.96153 34.74808 31.84700 68.58063 43.40935 26.40152 9.85718 9.47189 27.93312 90.98816 75.58441 18.85796 3.18527
0.46349 0.62370 0.69237 2.02751 0.33379 0.67711 4.19998 0.11826 1.20926 0.73814 7.36618 18.45551 30.26581 12.66098 11.99913 4.77791 2.77138 8.88824 9.72176 5.91850 8.14629 4.48418 37.75024 18.52798 6.55556 18.72826 37.93335 10.50949 39.36386 20.12062 22.91489
4.61388 2.47383 2.33078 0.53978 0.58937 0.09537 0.10681 0.13733 0.05913 0.92888 1.01852 18.98956 95.76035 10.49232 12.86507 15.16724 5.79262 2.62260 2.96021 4.54521 3.35312 4.61578 27.48299 4.82750 4.85611 7.45010 19.48547 25.27237 35.29930 14.48631 14.60457
1.64604 4.11797 1.74141 4.06265 2.25449 1.31798 3.08228 10.42747 0.19836 1.34850 5.55611 9.23157 5.76782 8.75473 16.11900 11.99913 7.29561 2.53296 4.12941 2.89917 3.07274 1.82724 6.74248 12.64954 13.61656 28.12767 9.20105 15.92255 17.54570 8.44383 7.41196
9.31168 2.13814 7.14302 5.89180 5.82314 8.76617 13.55171 5.50461 1.00327 0.93460 3.52287 51.75209 13.92746 22.47620 66.97655 22.97592 3.72124 9.77898 5.57137 2.57301 2.49481 7.68852 10.20050 12.17842 7.66373 2.21443 0.26894 16.17241 13.84163 8.02994 11.85036
25.19798 6.11687 5.02968 10.74982 10.54192 3.41225 9.19724 4.70543 0.59891 0.92506 13.14545 1.01471 18.10455 23.35167 12.47406 7.73621 2.51007 5.83076 5.69725 11.95908 3.31306 27.06528 4.20952 22.00127 10.84709 1.85204 0.40054 0.66185 22.95303 25.75302 7.31087
4.52423 7.05910 6.84357 18.61763 8.02040 4.94766 1.36757 3.22342 1.73187 7.32613 22.23206 0.94986 13.52692 15.73181 25.28763 3.53813 3.29208 8.35991 19.37294 22.96066 21.24977 20.57838 34.22737 12.55608 2.04849 4.71115 4.53377 1.44577 5.40161 6.05965 6.19888
3.53432 5.37300 7.16400 48.33412 4.91905 2.72560 3.26920 1.52588 2.55585 4.81224 6.21986 4.61769 4.20570 10.17380 3.99017 7.90787 8.48579 8.95500 28.18298 23.29826 14.60457 11.89804 19.36340 26.84975 14.40811 9.10950 12.81548 2.55394 2.92397 4.74167 14.91165
