DATA/RAW-RASTER/ECMWF/20170628/EN-43/20170707.en-43.asc
ncols			31
nrows			16
xllcorner		69.5
yllcorner		19.5
cellsize		1.0
NODATA_value	-99999
0.00000 0.00000 0.00000 0.00000 0.06104 0.09918 0.13733 0.03052 0.06866 0.00000 0.00000 0.00000 0.01526 0.09155 0.02289 0.03815 0.25940 0.16785 0.64087 2.36511 22.27020 9.91058 4.82941 6.78253 3.90625 3.65448 9.27734 6.37054 5.69916 2.40326 10.27679
0.00000 0.00000 0.00000 0.00000 0.08392 0.00763 0.00000 0.00000 0.00000 0.00000 0.00000 0.00000 0.00000 0.00000 0.00000 0.01526 0.02289 0.74005 1.36566 5.31769 6.87408 12.29858 3.84521 6.15692 5.11932 2.54059 2.90680 1.50299 1.26648 0.74005 1.33514
0.00000 0.00000 0.00000 0.00000 0.00000 0.16785 0.00000 0.00000 0.00000 0.00000 0.00000 0.00000 0.00000 0.00000 0.00000 0.00000 0.19836 2.73132 5.71442 10.25391 9.83429 5.96619 4.23431 5.06592 7.01141 4.18854 11.36780 0.97656 2.67029 3.61633 2.92969
0.00000 0.00000 0.00000 0.00000 0.00000 0.00000 1.19781 6.50787 0.00000 0.00000 0.00000 0.00000 0.00000 0.04578 0.00000 0.00000 0.51117 2.04468 15.42664 10.15472 9.72748 7.46155 10.55145 3.44086 7.66754 3.99780 13.47351 2.90680 5.99670 5.49316 6.89697
0.00000 0.00000 0.00000 0.00000 0.00000 0.00000 0.04578 0.06104 1.73187 0.10681 0.00000 0.00000 0.00000 1.56403 0.23651 0.42725 0.42725 8.49915 15.88440 19.55414 6.65283 3.73077 2.86865 0.87738 3.53241 3.99017 6.46210 4.53949 8.01086 12.60376 5.18799
0.07629 0.00000 0.00000 0.00000 0.00000 0.00000 0.00763 0.03052 0.17548 2.83051 2.99835 0.74768 0.28229 0.47302 0.05341 1.67084 17.15851 10.92529 16.99829 9.93347 6.52313 7.57599 4.69971 4.49371 6.83594 5.23376 6.98853 20.34760 15.46478 5.98907 10.29968
0.00000 0.00000 0.00000 0.00000 0.00000 0.00000 0.00000 0.00000 2.43378 3.80707 4.03595 2.72369 2.43378 9.19342 0.41199 5.11169 5.12695 8.30841 4.92859 11.40594 4.81415 8.02612 16.10565 6.73676 10.04028 21.17920 23.57483 13.47351 13.74817 18.48602 12.93182
0.00000 0.00000 0.00000 0.00000 0.00000 0.00000 0.00000 0.00000 0.23651 0.23651 12.29095 6.89697 12.31384 5.82123 4.77600 5.59998 10.10132 3.91388 1.24359 2.28119 4.28772 11.16180 7.20215 15.36560 27.02332 18.40973 33.02765 24.98627 31.60095 10.51331 9.12476
0.00000 0.00000 0.00000 0.00000 0.00000 0.00000 0.00000 0.21362 5.05066 8.01086 5.14221 10.98633 6.05011 13.28278 7.94220 11.67297 20.43915 5.81360 12.69531 42.44995 21.69800 29.87671 12.68005 15.05280 2.18201 4.30298 12.20703 35.50720 31.84509 12.47406 20.73669
0.00000 0.09155 0.00763 0.03052 0.09918 0.00000 0.07629 0.03815 0.25177 0.21362 3.73840 8.88062 9.59015 21.85822 10.52094 6.73676 4.35638 4.47845 7.22504 3.47900 4.91333 6.39343 14.91547 0.80872 1.30463 3.29590 28.50342 19.09637 53.58887 2.28119 18.09692
0.11444 0.20599 0.04578 0.09155 0.00000 0.00000 0.03052 0.00763 0.04578 0.05341 7.73621 9.12476 24.50562 45.96710 29.38080 14.55688 2.97546 1.93024 1.39618 3.43323 5.05829 9.01794 6.87408 1.22833 2.07520 12.14600 4.37164 5.96619 11.09314 7.91931 18.36395
0.51117 0.08392 0.57220 0.93079 0.01526 0.06104 0.11444 0.80872 1.48773 0.55695 3.41034 10.60486 5.98907 43.16711 26.17645 5.25665 2.73132 2.47192 2.92206 2.16675 2.73132 27.22931 1.81580 2.19727 6.73676 1.51062 0.96130 11.29150 15.23590 5.53131 10.95581
0.08392 0.22888 0.01526 0.02289 0.82397 3.13568 2.17438 1.23596 0.38910 3.83759 6.33240 28.10669 15.15961 33.41675 115.41748 14.62555 15.82336 2.37274 6.66046 6.05011 3.33405 3.36456 1.90735 1.63269 2.32697 0.91553 0.67902 7.53784 10.71167 23.26202 11.26099
0.28229 0.35858 0.03052 0.61035 0.92316 0.06104 1.14441 6.05774 1.97601 0.72479 4.56238 2.06757 19.98901 7.86591 11.88660 24.87183 16.41083 18.82172 14.28223 13.90839 11.09314 13.19122 1.55640 1.61743 0.55695 1.02997 1.35040 0.72479 5.37109 15.24353 6.60706
1.35803 1.14441 0.72479 3.92151 2.70844 0.78583 0.31281 3.12805 4.28009 2.72369 8.13293 9.20868 2.01416 0.61035 1.84631 2.71606 1.53351 10.11658 25.16174 23.65875 16.03699 13.70239 14.86969 2.55585 1.54114 0.77057 0.83923 0.80872 4.13513 1.80054 14.04572
0.91553 1.64032 3.82996 7.62939 1.35803 1.37329 1.38855 3.18146 6.19507 2.88391 4.51660 1.73950 1.61743 1.68610 2.66266 5.08118 0.00763 4.95148 10.45990 21.26312 19.82117 20.10345 14.77814 14.54163 9.23920 6.76727 7.76672 2.02942 1.78528 0.88501 1.48773
