DATA/RAW-RASTER/ECMWF/20170628/EN-43/20170708.en-43.asc
ncols			31
nrows			16
xllcorner		69.5
yllcorner		19.5
cellsize		1.0
NODATA_value	-99999
0.00000 0.00763 0.00000 0.00000 0.00763 0.00000 0.00000 0.00763 0.09918 0.00763 0.00763 0.02289 0.00000 0.01526 0.03815 0.06104 0.75531 0.22125 0.16022 1.53351 8.56018 5.89752 5.88226 7.35474 4.74548 0.97656 1.64795 1.00708 4.28772 1.19019 7.02667
0.01526 0.00763 0.00763 0.00000 0.00763 0.00763 0.00000 0.00763 0.00763 0.00000 0.00000 0.00000 0.00763 0.00763 0.03052 0.51880 0.36621 0.38910 0.78583 1.30463 3.55530 5.50842 8.79669 12.46643 8.25500 1.67084 0.91553 0.79346 0.38910 0.40436 1.22833
0.00000 0.00763 0.00000 0.00000 0.00000 2.10571 0.00000 0.00000 0.00000 0.00000 0.00763 0.00000 0.00763 0.00000 0.00000 0.33569 0.08392 0.19073 1.53351 5.95856 12.55035 9.18579 15.06805 11.79504 2.05994 1.64032 1.63269 0.68665 1.19781 0.60272 1.35803
0.00000 0.00763 0.00000 0.00000 0.00000 0.12207 4.63867 5.14221 0.00000 0.00763 0.00763 0.00000 0.00763 0.28992 1.00708 0.94604 1.66321 13.61084 20.14160 17.31110 14.23645 13.17596 6.66046 2.44904 1.53351 1.48773 3.29590 1.51062 1.04523 1.53351 1.77765
0.37384 0.00000 0.00000 0.00763 0.00763 0.00000 0.43488 2.83051 0.22888 0.00763 0.00763 0.00000 1.27411 0.46539 3.05176 12.85553 14.46533 21.05713 19.52362 9.52148 5.27191 7.38525 11.40594 0.70953 2.54822 1.48010 5.65338 0.80872 1.45721 1.36566 1.09100
0.02289 0.00000 0.00000 0.00763 0.00763 0.00000 0.00000 0.83160 1.64032 3.45612 4.12750 1.05286 4.76074 1.25122 7.69806 16.31165 12.57324 8.64410 16.08276 12.00867 13.42773 7.68280 4.26483 5.24902 4.69208 2.93732 5.67627 4.55475 2.77710 17.03644 5.45502
0.00000 0.00000 0.00000 0.00000 0.00763 0.00763 0.00000 0.00763 0.04578 2.15912 2.69318 2.76947 11.46698 12.86316 17.23480 34.10339 19.41681 8.10242 10.52094 12.51221 17.45605 13.21411 11.69586 6.39343 6.07300 9.58252 6.57654 9.35364 5.92041 7.12585 8.62885
0.00000 0.00000 0.00000 0.00000 0.00000 0.00000 0.00763 0.00000 0.02289 0.51117 2.21252 11.07788 8.22449 26.06964 85.75439 21.40045 26.44348 7.53021 1.26648 2.83051 9.83429 17.80701 19.86694 11.54327 7.63702 5.86700 14.03809 6.02722 14.80865 11.33728 6.82068
0.00763 0.00000 0.00763 0.01526 0.00763 0.00000 0.00000 0.00000 0.09155 0.09155 1.63269 11.24573 1.77002 6.03485 8.04901 8.61359 10.36072 8.34656 21.49963 27.79388 82.61108 16.12854 59.16595 7.90405 9.36890 4.49371 6.99615 14.96124 20.55359 9.24683 19.43207
0.00000 0.06104 0.00000 0.15259 0.06104 0.00000 0.00763 0.00000 0.16785 0.39673 0.73242 4.44794 5.53131 2.41852 9.86481 3.52478 5.85938 3.71552 11.90186 7.27081 5.68390 12.31384 46.98181 10.90240 14.67896 15.97595 44.03687 22.88055 13.69476 7.59125 24.36829
0.00000 0.22125 0.31281 0.53406 0.00000 0.00763 0.00000 0.00763 0.09918 0.64850 0.51117 14.02283 17.31873 5.53894 9.43756 8.49152 11.81793 7.78961 5.67627 5.31006 9.07898 9.09424 16.75415 12.84790 11.07788 11.23047 19.44733 34.80530 30.50995 16.47949 11.60431
0.44250 0.21362 0.31281 0.86212 0.28992 0.01526 0.00000 0.01526 0.72479 0.93079 3.89099 8.01086 85.15167 16.57867 5.92041 6.97327 3.71552 6.41632 6.04248 7.78961 1.38855 2.53296 3.75366 16.28113 19.04297 8.48389 9.71985 8.65173 20.44678 4.00543 15.23590
0.18311 0.64087 0.22125 0.05341 0.55695 0.30518 0.03052 1.42670 1.06812 8.67462 4.32587 12.30621 17.42554 43.26630 6.59943 5.42450 4.38690 3.27301 24.32251 7.53784 6.48499 2.60925 6.11877 30.99060 18.11218 7.77435 5.27954 5.02014 8.00323 10.62775 12.12311
0.70190 0.51117 0.47302 0.45013 2.21252 0.04578 0.01526 0.17548 2.06757 0.00000 3.71552 7.98035 27.22931 27.38953 9.33838 1.18256 1.02234 1.39618 4.01306 8.79669 3.60107 19.49310 17.63153 40.26794 5.32532 2.29645 0.85449 15.41901 11.28387 12.68005 27.96936
1.92261 1.73950 0.69427 4.66156 4.53949 0.91553 0.13733 0.03815 0.24414 6.23322 2.36511 5.13458 34.37042 43.86139 53.74146 10.64301 0.05341 0.13733 7.98798 9.13239 11.20758 19.27948 28.37372 18.91327 7.53021 3.10516 1.04523 2.75421 5.14984 7.69043 36.47614
0.88501 1.32751 4.69971 7.56073 0.38910 0.55695 0.81635 1.45721 0.54932 1.04523 0.59509 2.95258 4.52423 12.74109 1.88446 1.86920 1.38855 6.19507 4.79126 7.25555 5.89752 12.74872 51.57471 68.98499 47.22595 7.86591 2.40326 4.03595 3.69263 4.07410 4.88281
