DATA/RAW-RASTER/ECMWF/20170628/EN-43/20170701.en-43.asc
ncols			31
nrows			16
xllcorner		69.5
yllcorner		19.5
cellsize		1.0
NODATA_value	-99999
0.00000 2.27737 4.01688 6.43921 10.76126 1.68610 1.99127 1.49918 0.19455 0.06485 1.02997 0.59128 1.28555 0.38147 0.15259 1.30844 2.63214 1.89590 4.47083 5.16510 6.52695 5.47409 2.13623 0.48065 1.42288 1.92261 6.99997 9.28879 6.53458 3.02887 0.44250
0.00000 0.05341 6.17981 12.84027 9.46426 4.67300 0.49591 2.02942 0.75531 0.53787 2.66647 3.44849 0.79727 1.61743 2.88010 3.18909 3.96729 0.75912 0.60272 2.08282 5.40161 11.58142 6.15692 3.84140 4.71497 10.62012 11.00922 16.88766 13.98849 6.27899 3.97873
0.17929 2.65503 7.37000 8.76617 5.93567 4.31824 7.38525 0.28992 0.19836 1.97601 0.87738 3.36456 2.63596 0.78583 2.39944 4.69971 5.12695 4.20761 1.43814 0.85449 1.60599 3.22342 5.96237 12.33673 9.08279 13.88168 9.97162 10.09369 14.78577 14.90021 10.76889
6.25229 20.45822 17.33780 14.63699 9.34219 1.58691 2.30789 4.25339 0.24414 0.03433 0.23651 0.00381 0.01526 0.94223 1.27029 1.73569 0.69427 1.50299 1.19400 4.07410 11.05118 5.35583 13.13782 27.77863 12.28333 6.25610 7.80487 13.85880 8.91876 10.01358 8.90350
2.45667 0.33951 6.96182 15.66315 15.41138 0.05341 1.76239 4.64249 5.64957 0.61798 0.04196 0.93842 3.21198 5.61142 5.98907 5.72586 8.34656 8.93402 7.17926 1.17874 4.81415 4.35638 7.07626 12.19559 6.70242 3.50952 5.67245 15.17105 13.97324 13.36670 10.35690
1.64032 0.11826 2.17056 3.52478 5.81360 0.97656 0.88882 3.66974 1.26648 1.76620 1.04141 6.73294 14.33182 5.13840 7.80106 6.70624 6.85883 9.52148 11.80649 10.42938 12.62665 12.67242 14.00375 7.62558 8.52585 13.40103 8.69370 5.73349 6.64139 11.91711 17.47513
0.00000 0.00381 0.24414 0.46158 3.55530 2.74658 2.88773 1.70517 1.98364 1.87302 4.20761 68.23730 22.67075 34.09958 23.32687 3.42560 2.28882 6.17981 10.27679 4.93622 5.76782 3.18909 10.68497 11.36780 14.21738 35.33554 44.66248 25.97427 7.28226 4.56238 14.68277
0.00000 0.00763 0.30518 1.13678 0.68283 5.18799 4.81415 2.95639 4.02451 4.90952 1.06049 8.34274 13.90457 202.16370 50.09460 14.90784 2.95258 1.35422 0.19073 3.80707 3.62396 13.84735 3.04031 28.51868 45.42160 168.14041 177.87933 67.41333 85.33096 9.18961 4.96674
0.00000 0.00000 0.07248 0.13351 1.99127 4.62723 5.32913 4.50897 6.99997 7.33948 5.00870 17.21191 27.54211 19.95468 15.98358 11.15417 2.60162 5.44739 12.77542 8.52966 6.87790 21.18683 14.61792 30.92957 13.50403 26.22604 30.47562 39.68430 67.73376 28.77045 4.90570
0.00381 0.01526 0.12589 0.80490 1.05286 1.77383 6.15692 10.48279 10.36453 8.28171 6.06537 17.73453 19.95468 18.13507 20.35904 15.46860 3.14713 5.48935 4.42505 6.25992 8.74710 6.40488 18.39828 8.51822 3.94440 7.41196 47.15347 80.70374 75.34409 23.72360 9.68933
0.09918 0.28610 1.10626 1.09482 1.39618 1.17111 4.90189 9.38034 8.07190 13.43918 17.69257 18.47458 14.72855 14.09912 16.88766 19.35196 7.59888 4.43649 5.52750 6.80542 16.06750 14.63699 34.61075 7.93457 3.94058 11.21140 3.23868 7.91931 40.53116 9.41849 5.75638
0.37766 0.35858 2.55203 4.71878 2.62070 1.57928 14.35471 17.29965 13.12637 12.10022 11.91330 5.53513 23.60153 21.33942 97.22519 39.66904 10.18524 12.42065 19.78302 8.02612 8.62885 6.71005 3.00598 2.84195 21.65604 4.30679 0.51498 3.63922 5.75638 5.86700 2.88010
0.41962 0.89264 0.57220 1.22833 39.71481 42.88483 4.39072 2.39182 1.82343 3.18909 10.14328 2.59018 11.69586 43.78510 12.76016 5.50842 16.08276 8.23593 14.64081 5.28336 5.90134 16.96014 4.18854 4.41742 5.06973 1.23596 0.24796 1.25885 2.46811 1.72424 1.28174
1.81198 1.57547 0.26321 10.42938 14.64081 13.89694 0.51117 0.54550 0.75150 0.37766 4.68063 20.10345 31.89468 22.30453 34.67560 26.35574 12.43973 9.36127 22.99118 12.70676 18.03970 23.75412 21.45386 15.16724 5.38635 0.70572 0.88882 0.51880 6.69098 7.36237 2.90680
3.40271 3.25775 12.74109 37.23907 14.93073 4.01688 2.88391 1.23596 3.63541 2.66266 3.23105 5.92422 6.67953 5.52750 7.23267 4.51279 6.28662 19.39011 31.97861 32.68433 26.02386 24.71161 49.64066 22.90726 7.03430 3.03268 1.96838 2.68555 0.76294 7.84683 12.52365
5.36346 5.10788 19.54651 26.72958 6.46591 3.12424 2.31934 5.81360 12.09641 2.59781 1.14059 0.64087 1.35803 4.77982 2.40707 4.06265 13.19885 48.47336 22.41898 15.70129 23.85712 22.02606 26.56174 36.04889 47.95074 3.62778 9.19342 2.51007 1.50681 0.91553 1.94550
