DATA/RAW-RASTER/ECMWF/20170628/EN-43/20170702.en-43.asc
ncols			31
nrows			16
xllcorner		69.5
yllcorner		19.5
cellsize		1.0
NODATA_value	-99999
0.30518 1.52206 2.12097 2.97928 7.48444 3.87192 5.96237 9.27353 0.62180 0.02670 1.15967 2.44904 5.13077 2.74658 7.41959 3.56293 0.53024 2.87628 3.25394 1.68610 0.30518 0.44632 0.99564 0.37384 0.71716 0.41199 0.82016 2.47574 4.55856 7.58743 10.92529
0.00000 0.62943 0.06866 5.54276 5.09262 2.27356 0.57602 1.81580 0.51880 0.20599 0.58365 1.89590 0.98801 5.87845 4.00925 4.21524 7.72858 5.83267 1.01852 0.11063 0.45013 0.78964 1.48010 0.20218 1.27792 0.93079 1.15585 1.64795 4.20380 7.59888 8.83102
5.30624 0.14877 0.45013 1.67084 3.56674 1.50681 2.56729 0.15259 0.03433 0.02289 0.11444 0.70190 1.22070 2.02942 4.86755 3.96729 4.76074 8.48389 2.51770 3.03650 2.42996 3.38364 3.22723 4.12750 1.57547 2.06757 0.78964 1.11771 1.48773 3.02505 9.85718
4.85611 3.86810 1.81580 3.30353 3.00217 4.70734 0.46539 8.91113 0.05341 0.01526 0.44632 0.22125 1.30081 1.67084 2.54440 8.22830 16.83426 3.85666 4.35257 4.40216 12.24136 15.91492 11.64246 6.84738 1.19019 0.27847 3.00598 5.61905 4.32968 5.86319 4.53949
2.41089 3.66974 13.69476 5.26428 11.01303 9.78088 0.65231 2.07520 3.46756 0.15259 0.26703 0.77057 0.15640 3.63159 1.33514 10.66589 6.62231 7.19070 4.72641 7.83157 16.47568 14.83154 12.48169 4.40979 0.28992 1.15967 0.90790 3.21960 9.81522 5.11551 10.45609
3.08990 0.06485 0.04578 3.94058 3.78036 2.33459 2.78854 1.04523 5.42831 6.85501 12.77161 12.17651 3.52478 1.60980 1.95312 3.12805 8.66318 13.27133 15.43808 20.90454 10.11658 7.30133 12.55417 8.59451 4.00925 3.62778 0.66376 3.09372 5.56564 6.39725 9.45663
0.00000 0.00381 0.00000 0.00000 0.26321 2.72369 2.75040 2.37656 0.94986 2.91061 7.32803 15.16724 27.87399 12.54654 0.51880 1.86920 1.87683 4.72641 1.02234 4.17709 5.50079 6.79779 13.26752 7.69424 13.92746 18.98575 19.70291 12.82120 13.45062 5.95474 7.33566
0.00000 0.00381 0.00000 0.00000 0.01526 0.87357 2.38037 8.24738 2.87247 5.22614 6.96182 7.68280 124.30573 17.51709 11.70349 4.82941 8.03757 1.63651 2.21634 1.68228 8.36182 16.72363 7.21359 53.06244 31.46362 52.67334 103.93906 47.27936 47.69897 10.84137 8.52585
0.00000 0.00000 0.00763 0.01907 0.00000 0.03433 0.51498 4.15039 4.90570 4.25720 11.25336 20.99609 9.88007 60.32944 55.85098 13.79013 64.84222 50.54855 16.22391 102.35977 35.29358 29.58679 110.84747 53.89404 97.78214 106.16684 30.62057 96.74835 91.57181 27.68707 10.55145
0.01144 0.25940 0.37003 0.29373 0.16785 0.01907 0.95749 2.53296 1.77765 4.48227 7.10678 14.58740 15.71655 7.11823 5.88226 2.70462 61.00464 39.24179 2.71988 6.67191 7.24792 11.48605 44.92569 18.18085 17.69257 12.74109 59.37958 28.22495 42.83524 28.67889 12.18033
0.33951 1.22833 0.72098 0.49210 0.01907 0.04959 0.72098 10.55908 4.65393 8.46100 2.56729 2.43378 5.02777 6.19125 23.87619 14.89258 22.39990 8.66318 5.69153 10.37979 11.27243 18.10455 49.86191 34.77859 20.96939 17.52090 4.31824 16.44135 12.63809 15.58685 15.94925
0.33951 0.51498 0.63324 1.97601 0.87357 0.86212 2.31934 3.54385 3.41797 3.44086 2.89536 2.55585 12.93564 5.32150 6.05774 26.64185 3.04794 5.51224 7.08008 15.09857 20.40100 16.71600 3.00217 2.58636 8.98361 5.24902 2.51770 8.46481 7.84683 8.27026 7.74384
0.59891 0.68283 1.21689 0.85068 1.91498 8.36563 18.54324 2.04468 5.24902 4.32205 6.14166 7.97653 17.44843 10.73456 16.17050 4.12369 7.05719 11.35635 11.42883 15.74707 6.98853 23.61298 12.43591 18.97430 7.91168 0.67902 0.47684 2.27737 5.16891 2.11716 1.25504
0.40436 3.05939 1.63651 2.79999 5.21851 4.24194 6.05774 5.89371 1.34659 5.14221 23.14377 34.12247 61.67984 12.12311 5.63812 9.05991 2.70844 1.99890 5.95856 10.95200 6.48499 28.07236 28.17154 37.99820 3.44467 1.54114 1.12152 3.97873 12.67242 2.00653 1.86157
4.90570 3.68500 4.57382 10.68878 7.42722 19.98901 18.43643 4.80270 1.17493 5.69534 2.55585 5.56946 7.25174 3.13568 1.75095 0.14114 1.04141 1.87683 12.10785 8.63266 9.79996 13.09204 58.41064 28.91159 6.04248 1.94931 1.38474 1.26266 7.19452 5.04684 18.69583
3.28064 4.44794 28.53012 58.42209 10.17761 3.30353 5.50461 13.99994 8.33893 6.22177 8.17108 3.53622 1.27792 1.82343 0.70953 0.25558 0.42725 0.07248 3.31497 4.39072 5.64194 10.97107 33.75244 37.78076 54.88586 7.70569 6.99234 3.64304 0.78201 0.87738 2.70462
