DATA/RAW-RASTER/ECMWF/20170628/EN-43/20170628.en-43.asc
ncols			31
nrows			16
xllcorner		69.5
yllcorner		19.5
cellsize		1.0
NODATA_value	-99999
3.53622 4.59480 6.70052 1.72424 8.78906 1.92833 3.65257 5.59044 1.08719 0.00000 0.27657 3.31879 5.36537 6.05583 4.96674 6.28853 1.98746 2.91061 6.52313 3.21770 2.76566 2.34604 2.81334 2.69508 1.14822 0.45586 0.24033 0.90981 2.19536 0.99564 10.03838
4.11415 13.59558 20.65659 15.63072 7.03239 6.93512 6.50787 1.75476 7.41386 2.01035 8.19206 5.28526 15.66315 11.23047 12.64381 10.40840 2.51961 10.89478 17.36069 13.95226 6.20651 1.52779 0.68474 1.14250 1.54114 1.12343 0.60272 1.38855 0.85640 0.57983 1.98746
3.97682 26.69716 17.92526 12.18414 9.28879 25.26665 12.93564 9.92966 1.79482 2.05803 0.58937 0.63133 6.97327 7.87926 9.29451 8.20732 12.43973 11.74355 8.70132 5.79262 5.62096 9.17435 0.09155 2.75993 1.99127 0.57983 1.13678 0.68283 2.46048 0.62561 1.08528
6.74248 22.95494 22.55821 35.03036 3.40271 8.78143 15.95497 12.81929 5.24902 0.61035 1.03951 0.76485 0.59700 4.58717 4.85039 4.38690 6.11877 7.25174 5.20706 11.95717 8.11005 7.62939 10.77843 6.39153 1.28937 0.00000 0.69046 0.25368 0.69237 2.98882 4.40025
2.93922 31.55327 24.36447 17.10320 1.81580 44.80171 22.63832 16.20865 23.32878 7.58743 0.85068 0.82588 1.07002 1.25122 2.29645 5.39017 1.40762 11.93237 6.54984 3.96729 10.87189 3.26157 3.21579 1.30844 1.41144 4.01688 4.21715 4.09889 4.63867 0.81253 9.12857
5.29671 21.57593 23.08464 7.44438 8.18825 42.05322 11.84273 29.91104 18.15605 34.17397 20.06531 14.65607 9.76372 1.61171 5.93376 3.67928 4.14276 3.60870 2.30980 1.85394 4.01115 4.25720 7.07054 6.84929 5.40733 16.57104 0.75340 2.77328 8.69751 8.61549 8.73184
3.70407 9.67979 27.41623 16.66069 10.82802 15.99884 14.37569 136.19041 45.50171 18.96667 14.70947 34.87778 13.15117 11.17134 0.27084 2.13814 1.07193 1.14632 4.62341 4.73404 2.98500 7.15446 6.93512 2.40707 9.09615 13.82446 10.97298 3.06892 0.52834 3.44658 3.37029
11.50513 20.73288 12.54082 20.54214 37.01019 5.38445 6.91605 37.94861 54.83437 22.20345 17.49611 5.73349 1.73187 4.83322 10.11848 6.85120 16.71600 4.68063 5.16891 1.82152 3.13187 13.09395 7.33566 15.63835 19.15169 31.67343 19.10591 23.42415 41.10146 14.31084 2.94876
7.13158 31.17561 34.04045 15.88440 41.11290 29.33121 18.15224 16.68739 18.14461 45.84122 20.45441 10.55336 2.63977 0.66185 1.77002 0.90790 0.84686 32.47070 13.07487 7.69043 23.76938 13.57460 12.65144 17.92336 24.56284 5.97382 12.77351 54.55589 50.53329 8.71277 2.10953
3.53241 2.44331 4.41551 9.50432 3.87001 1.79100 11.06453 25.60234 13.78059 32.58514 15.17296 14.21738 5.64957 0.66757 1.37520 0.66757 1.52588 1.40762 2.65312 5.52177 31.12030 12.97569 39.87122 15.72037 15.91110 21.40808 23.06557 26.46446 18.39447 3.24249 9.42993
33.52165 1.89400 1.02806 0.54741 0.73814 2.66457 5.92041 6.23894 19.94896 14.09912 16.72745 18.24760 3.17764 1.11389 1.49155 0.55885 1.65558 4.99153 3.78418 3.09753 8.42857 24.20044 26.16882 45.93468 7.62939 21.16776 7.71141 11.81793 21.37756 5.40161 4.32205
6.81114 1.44768 1.03188 5.50461 2.36511 2.95639 1.19591 3.92532 3.19099 18.26286 11.19232 23.76175 12.76588 6.02913 2.71225 1.29128 3.46756 1.75285 9.91058 6.94466 3.39317 2.00653 13.51929 21.20018 19.84787 25.43068 11.46126 10.88715 8.47626 23.83614 7.81059
3.78990 0.26131 1.13297 2.89154 5.21088 2.17438 3.19862 4.18282 5.11742 3.52097 15.47813 35.61020 19.90700 14.69803 11.84845 7.15828 6.31142 5.74875 6.47736 7.74956 10.99586 8.52966 14.09340 21.46721 21.98601 25.83504 6.50978 23.75031 14.49013 12.48741 22.64786
0.95749 3.34358 2.91634 6.65855 2.38037 1.35612 1.78146 4.73213 2.63786 5.39970 9.62257 23.65494 14.42337 15.22827 6.24084 10.66017 16.11900 3.13187 9.32884 8.64792 14.82201 14.38713 17.09557 25.67291 33.93745 9.72939 5.80597 34.03664 29.36363 20.05959 17.71736
5.86128 5.92995 8.54683 15.34653 2.49863 2.74277 2.30789 3.45612 5.43404 10.08606 10.31113 35.11047 26.01624 10.67543 18.82744 10.69450 10.62012 19.39392 8.55637 7.19833 13.97705 16.78085 18.48793 21.87729 23.26775 4.63104 7.68471 16.61491 13.94653 12.31194 6.50215
12.00676 41.85677 25.93040 37.17232 1.64223 3.58391 2.99072 8.32748 11.43646 21.39091 28.64075 84.83505 29.77562 31.24619 21.67320 15.88249 14.47487 11.83891 23.56529 9.80759 7.83157 9.95636 16.76178 21.42143 26.76582 3.78418 9.80377 7.91359 2.81906 7.89261 12.10213
