DATA/RAW-RASTER/ECMWF/20170628/EN-43/20170629.en-43.asc
ncols			31
nrows			16
xllcorner		69.5
yllcorner		19.5
cellsize		1.0
NODATA_value	-99999
1.41335 1.59645 2.96021 1.41525 7.17926 9.94301 7.28416 6.37245 3.81851 1.19781 5.18227 7.18689 11.12175 7.10869 7.03621 11.90376 6.50406 4.14467 5.08308 7.44057 5.31387 8.35419 2.04468 1.06239 0.49782 0.34332 1.08910 0.22697 0.11253 0.00000 0.88310
0.03052 0.06294 3.76892 13.78822 2.23541 10.88142 11.80267 11.95717 12.05254 6.51741 3.65829 5.91087 13.02528 6.69098 6.33812 5.37682 6.52122 5.73921 7.50160 5.12505 5.95665 10.68687 8.76999 5.99861 2.81143 1.44005 0.57220 0.91743 0.77438 0.39864 0.60654
0.83542 4.04930 0.57030 11.22284 4.69208 58.46786 18.50891 12.83646 6.23322 2.90298 0.93269 0.53787 5.31197 3.03268 2.36702 2.50626 3.65448 4.18282 2.82288 2.29454 5.46455 5.31387 5.11169 6.45828 12.45689 10.78796 13.52310 2.70271 1.87111 0.44632 1.69182
2.56348 3.79372 2.68364 3.17955 4.01688 57.48558 6.77681 9.59587 27.27509 5.13077 3.81660 0.85449 0.90981 2.02942 3.76892 0.67711 0.50926 6.53839 4.40025 6.52695 16.59393 14.69421 12.53128 29.12903 18.74542 10.89096 14.15253 7.55882 11.23047 7.85828 3.15857
4.14467 1.76430 1.42097 1.14441 106.29654 31.41022 17.73262 57.79076 35.86960 18.48602 5.02777 1.37711 2.07710 2.85530 0.54359 1.22261 0.11063 2.04659 1.68037 6.31332 12.39204 14.01901 14.26888 18.68629 16.16478 5.70107 5.72968 18.03017 19.80209 7.08199 7.93266
3.12233 2.11334 0.83542 8.25500 2.53105 16.03317 13.91983 206.59447 53.62892 22.51053 16.50047 7.90024 7.59125 0.85831 1.66321 2.77710 3.09181 2.17056 4.85229 3.61252 5.32341 11.35063 9.87625 18.06831 23.00453 27.62985 29.01649 9.09042 17.46941 25.28381 8.67081
1.10626 4.52232 18.95142 24.99580 8.56972 14.45007 33.00285 24.25194 43.85567 28.56064 33.74863 15.83099 15.11955 5.17082 0.47302 1.37520 0.53024 1.06049 1.36757 1.31989 2.68936 4.24957 5.83839 13.66806 27.38380 123.87848 73.57025 20.61462 11.11984 18.05305 17.14325
1.69945 2.26593 8.49533 2.42996 14.80103 9.15146 5.85175 19.44733 26.33476 8.69370 16.67786 22.31979 2.87247 5.80025 36.61537 7.10297 1.60408 0.72289 0.22888 1.95503 9.19914 16.60728 3.64304 45.10689 21.74568 43.49709 46.50879 19.79065 33.54263 13.21030 9.86862
2.12288 6.66809 3.97682 2.65312 6.61850 30.60341 55.88150 67.48199 19.06395 37.21619 3.92151 16.99448 13.03101 18.81599 2.44141 7.57027 3.32451 9.06563 34.25217 72.73293 65.17029 52.28806 35.71320 29.49333 14.61411 6.79970 13.10158 27.65846 56.22864 18.61954 4.36211
16.83617 4.22859 1.89209 1.80435 0.87738 1.09673 0.56839 1.82533 1.27411 6.95419 12.83836 15.54489 23.96584 10.60486 4.11224 6.44684 4.47464 1.97601 4.20189 1.66130 5.39589 4.73976 22.23587 13.62419 5.38826 12.84027 36.89575 31.55708 23.84567 16.60156 13.12447
13.37433 4.54140 2.65884 0.39101 0.90408 1.48392 0.49210 0.94604 0.19455 5.58662 5.45311 15.27977 2.38419 20.48492 15.82336 8.57162 2.01035 4.73785 2.58446 1.78146 2.61688 5.01633 12.44926 3.28827 1.96266 7.82967 15.87677 18.24951 29.41895 10.42938 2.78854
11.59096 8.73375 6.28090 4.23050 3.13568 1.67656 0.90790 1.04332 1.26266 2.64740 28.07808 21.62361 21.57974 15.91682 6.42776 2.29263 1.42860 3.45802 1.93024 2.71416 2.57492 2.20490 1.58882 10.86235 15.71083 14.11629 2.30217 10.70976 17.16232 4.59480 8.04710
57.69730 1.83296 1.66321 4.16946 4.81987 2.45857 2.09618 1.42860 1.27220 2.25639 7.96509 53.67470 9.07135 8.43239 2.64931 3.66592 2.87628 1.89781 2.17628 1.56021 4.67873 10.81467 2.83623 1.87683 7.48062 2.54822 0.25749 8.76808 8.66890 4.52614 3.62015
3.31116 1.58119 0.47112 5.03922 11.63864 1.11198 1.23024 2.92587 1.56593 11.20567 9.00650 6.21033 18.59665 8.91685 4.49944 5.80025 2.15912 5.04875 6.71005 4.87709 16.78658 20.21980 12.97188 10.09369 3.42751 0.45776 0.24986 0.96321 10.73265 4.16374 21.01517
10.04791 5.81551 4.98962 10.41412 2.56920 1.02425 0.32616 1.01852 0.65041 0.97084 9.47571 4.75502 17.25388 25.14648 5.90134 3.57437 0.50735 3.34930 10.13374 12.85362 11.88278 13.98468 20.63179 8.21304 65.49454 1.26648 0.25368 1.43623 6.53458 3.10516 13.78632
6.23131 8.92067 7.94983 22.22824 2.09236 3.08609 0.45204 1.28937 8.29315 7.19643 44.66057 37.54044 50.30823 65.37056 15.10620 12.18033 4.40788 5.10788 4.00543 5.09644 8.71658 12.00485 13.73291 23.11516 18.15605 2.60544 2.18010 2.17438 8.08907 1.45340 1.68037
