DATA/RAW-RASTER/ECMWF/20170628/EN-43/20170711.en-43.asc
ncols			31
nrows			16
xllcorner		69.5
yllcorner		19.5
cellsize		1.0
NODATA_value	-99999
0.00000 0.65613 12.63428 9.76562 5.19562 2.77710 2.38037 0.86212 0.16785 0.02289 0.03815 0.01526 0.00763 0.02289 0.05341 0.00763 0.04578 0.37384 2.02179 1.39618 2.11334 4.22668 4.56238 2.05994 0.59509 0.96130 2.24304 1.10626 2.77710 3.99780 12.77924
0.64850 0.89264 8.53729 5.08881 14.09149 10.48279 6.21796 2.70081 0.12207 0.06866 0.41962 0.10681 0.80109 0.61798 1.02997 1.29700 1.64795 0.60272 0.61798 2.54822 0.93842 1.01471 1.23596 2.63977 8.16345 7.83539 6.48499 10.60486 9.68933 14.23645 26.61896
2.16675 3.25012 2.79999 6.04248 1.89972 22.52197 43.19000 7.21741 2.25830 2.45667 5.43976 0.61798 0.20599 0.47302 1.23596 1.75476 3.92151 5.89752 3.50952 1.65558 0.86975 1.41907 4.55475 3.57819 6.35529 7.47681 15.20538 12.26807 16.92200 20.14160 13.07678
1.20544 0.00000 0.50354 0.48828 0.38910 3.56293 104.99573 34.43909 3.95203 0.49591 1.77765 2.04468 3.57819 2.80762 3.61633 5.99670 7.26318 12.58850 7.71332 8.10242 3.60870 5.94330 19.50836 30.79224 17.93671 4.05884 12.36725 15.57922 16.19720 11.52802 6.89697
0.14496 0.00000 0.00000 0.00000 0.27466 1.25122 48.78998 3.70789 6.60706 5.37872 1.68610 6.14929 8.57544 18.98956 8.17108 10.52856 9.59015 6.18744 4.31061 6.53076 15.26642 14.92310 14.38904 7.40051 3.68500 0.80109 0.40436 1.77002 2.16675 3.98254 2.15149
0.00000 0.00000 0.00000 0.00000 0.00000 0.90027 3.92914 8.83484 0.14496 6.65283 24.36829 6.34003 11.81793 4.24194 15.28931 6.94275 13.29041 9.09424 19.78302 26.92413 10.72693 12.04681 6.60706 7.14111 5.33295 3.84521 7.49207 1.45721 1.78528 0.97656 3.19672
0.00000 0.00000 0.00000 0.00000 0.30518 4.24957 17.82990 7.96509 0.02289 0.38910 5.31769 5.32532 37.57477 11.47461 1.20544 5.98145 4.18091 8.23212 10.16235 9.06372 2.59399 4.24194 6.69098 2.79999 8.20923 24.45221 10.56671 13.90839 3.44086 1.21307 3.95966
0.00000 0.00000 0.00000 0.03815 0.81635 1.76239 32.55463 10.45990 3.04413 0.07629 2.16675 15.61737 7.59125 17.21191 68.31360 50.27008 38.96332 4.08936 1.11389 5.98145 10.52094 20.64514 9.09424 21.36230 15.33508 19.64569 6.07300 17.57812 17.27295 2.27356 15.39612
0.00000 0.00000 0.00000 0.13733 0.61035 1.64795 9.29260 6.03485 8.14819 1.19781 1.34277 12.69531 13.71002 19.33289 14.90784 16.59393 11.60431 4.47845 28.06854 123.55042 97.38159 79.84924 37.37640 17.32635 26.50452 27.19116 4.27246 12.38251 12.34436 5.91278 5.00488
0.00000 0.01526 0.03052 0.21362 0.78583 0.32806 0.14496 2.74658 5.52368 3.86047 10.32257 12.37488 11.75690 9.87244 8.49152 17.28821 10.08606 14.91547 18.26477 20.99609 28.48816 42.12952 17.58575 11.03973 25.07019 19.81354 5.92041 9.02557 9.76562 2.78473 5.00488
0.00000 0.20599 0.25177 0.80109 0.85449 0.37384 0.61035 0.96893 0.95367 1.88446 6.17981 27.50397 17.23480 19.08112 10.02502 8.78143 2.73895 9.25446 11.36017 16.60156 9.97925 14.68658 39.93225 6.43158 9.63593 27.77863 2.18964 9.05609 9.18579 16.15906 4.94385
0.44250 0.19073 1.23596 4.53949 3.47137 1.06812 0.08392 0.96893 1.06812 2.99072 17.78412 15.96832 16.64734 13.84735 9.12476 6.08826 8.84247 15.39612 9.52911 13.10730 9.19342 4.50897 3.92914 11.67297 13.96179 1.93787 2.62451 5.09644 23.18573 12.80212 10.00977
2.12097 0.90790 0.33569 1.96075 3.33405 3.60107 3.24249 2.83813 5.74493 25.06256 86.99799 23.65112 12.68768 18.80646 11.13129 1.79291 1.57166 1.30463 2.41852 5.36346 13.46588 10.66589 5.43976 2.54059 8.23975 2.92969 0.67902 10.45227 7.58362 3.02887 6.25610
1.98364 1.70135 0.32806 1.02234 2.88391 1.64795 0.65613 4.98962 15.15198 99.18976 111.45020 1.42670 4.37927 5.53894 10.51331 2.12097 0.97656 0.83160 5.29480 5.59235 5.43213 23.46039 2.51770 13.29803 8.32367 1.31989 1.51062 1.96838 1.84631 0.57220 6.97327
1.29700 2.82288 1.67084 3.10516 6.27899 4.39453 3.40271 8.20160 3.06702 4.39453 3.31879 1.48010 3.22723 1.43433 3.07465 0.90027 0.11444 0.10681 6.18744 1.93024 4.82178 14.93835 28.92303 12.18414 3.44086 5.02014 1.49536 3.73840 1.09100 5.82123 8.58307
1.16730 4.44794 3.36456 5.89752 1.03760 1.60217 0.83160 1.32751 1.96075 1.30463 7.74384 11.77979 4.22668 10.44464 0.95367 0.60272 0.67902 0.67902 1.44958 2.09808 8.59833 12.35962 15.51056 29.14429 33.82111 8.28552 10.16998 4.07410 1.65558 1.70898 1.02997
