DATA/RAW-RASTER/ECMWF/20170628/EN-43/20170630.en-43.asc
ncols			31
nrows			16
xllcorner		69.5
yllcorner		19.5
cellsize		1.0
NODATA_value	-99999
0.57030 0.80109 1.09673 2.83813 0.58746 1.37711 1.39618 3.13950 2.05994 0.82397 2.97546 3.36075 4.09698 4.79889 5.38063 6.45828 6.29425 2.85530 2.21443 3.69644 6.56509 8.60596 8.37135 7.80487 11.12556 7.16209 6.64330 3.35693 1.97220 0.09918 0.47302
0.00191 0.21553 1.27411 1.54114 2.21443 0.70000 3.61252 3.61443 2.47192 3.04222 3.39317 6.03104 12.56371 7.33566 7.62939 10.92529 14.04572 14.83345 11.82365 11.29532 7.98607 8.12912 6.56700 5.13840 6.92368 10.68878 5.55801 5.00679 2.68745 1.95503 4.90570
0.06294 0.00000 0.00000 0.39673 0.85831 6.91032 4.25720 5.93567 12.18987 14.78386 7.88498 5.52940 5.65147 5.76591 8.77380 11.06071 8.56400 11.34491 11.23810 10.60104 16.07513 11.52039 4.53186 2.31361 3.86620 7.24030 11.78360 3.90053 7.34138 8.93784 1.50299
0.55885 0.16403 0.00000 0.00954 1.38474 1.44768 0.93842 50.25864 35.25543 10.28442 7.37762 3.37791 2.20871 4.27818 5.72777 5.77354 3.79372 7.53021 3.92723 4.56429 8.35419 10.60104 18.05305 7.76100 6.54984 6.54602 13.04245 8.14438 10.74028 14.21928 13.81874
1.31607 0.04196 0.00572 0.02861 2.10953 6.53267 9.60541 33.46825 22.58492 20.78247 16.91437 18.20564 6.35147 2.06566 1.68419 1.75285 2.01035 3.51524 2.68364 1.37329 1.98555 7.97272 18.83888 8.12340 8.55827 9.51576 10.02693 6.44302 8.48389 13.94463 18.35060
0.64850 0.00381 0.02861 0.09727 0.65994 0.84305 0.67711 40.10201 27.19879 115.96489 66.40053 17.50946 10.62584 2.48909 3.45802 3.29781 4.76646 4.98199 9.58443 5.22995 6.21414 22.83669 13.58223 29.31976 32.56607 33.56934 19.78683 8.97217 6.10924 11.08742 19.99283
0.04578 0.19073 0.51498 0.00381 0.00381 0.12207 15.33508 9.22394 15.48195 75.38223 102.87094 120.09048 41.37802 6.34766 2.09808 4.49753 3.79944 2.54250 1.24168 2.43378 2.57301 4.30107 5.44167 6.25229 24.07455 89.54239 83.77266 21.95930 4.09126 12.57706 17.28630
0.31090 0.43488 2.09618 4.53186 2.69318 7.80296 3.22723 9.74274 6.05392 27.39906 20.46013 24.37210 16.58630 16.19148 33.46252 30.52902 10.53429 0.75340 1.18256 5.00870 11.23238 24.14322 20.88547 28.89633 28.97263 65.43541 87.76665 16.54625 51.14555 10.96153 13.98468
0.10300 0.27275 1.77765 3.87764 1.96266 10.06889 14.16206 28.07426 13.03482 1.76620 11.17325 18.27812 27.56500 29.27780 23.19717 8.62694 4.43459 21.43669 16.97350 45.61043 72.30377 29.91676 29.05083 34.01947 18.97812 17.04979 39.93225 60.20355 84.12170 33.55408 16.92009
0.05150 0.80872 0.58174 3.33214 2.78664 9.42993 1.84441 3.27301 3.32069 3.41797 12.26044 28.13339 40.05241 16.60919 43.22624 3.44467 5.70297 1.97601 6.72531 3.89481 12.39204 11.77216 21.67892 2.64931 4.22096 7.34711 28.99361 22.59445 38.36823 20.95413 20.73097
13.41057 1.80817 5.67055 4.06265 1.10054 1.72234 1.72424 3.67165 1.50871 11.91139 18.99147 30.01404 20.00809 18.15414 19.65714 8.27217 3.40271 7.23839 2.42805 7.36237 9.42421 15.61356 48.79951 6.63948 14.07051 4.37355 5.68962 11.56616 45.56656 14.42719 10.55145
3.44086 1.21307 2.82288 28.09906 2.89917 0.43678 0.22697 0.56648 0.61989 1.15013 3.60298 13.15498 29.71077 38.32245 9.94873 18.57567 9.29451 2.28119 2.89154 5.82123 8.05092 11.85226 2.72942 8.75473 25.02632 1.88065 1.16730 6.99425 22.38083 12.52365 21.64841
2.32506 0.31662 0.30518 1.76239 2.59590 1.60408 1.38855 1.80054 1.77765 0.47874 2.19536 3.07655 20.95604 43.55049 15.77187 10.95390 5.80406 4.57573 6.04439 7.84111 5.24521 8.36182 6.22940 2.75230 0.74959 0.94795 1.07193 2.01225 7.68280 14.89258 4.22287
2.29263 2.17056 0.45013 2.43187 1.62506 0.90027 1.42097 1.25313 6.50787 6.46210 5.97191 6.81305 27.87018 54.91066 28.53584 10.44083 5.46455 4.64058 5.14030 5.68199 6.78635 12.71439 8.90732 11.52802 2.12097 0.58556 1.15776 0.61798 6.49643 11.32584 2.97356
4.93813 2.22778 2.76375 6.41632 2.75993 0.72289 0.11635 0.30518 2.51007 2.32506 10.01358 5.14793 12.42447 23.78654 24.67155 25.28191 17.16614 2.91824 6.07491 6.48308 9.10568 13.38196 24.00970 7.71332 1.02043 0.64468 1.35040 0.89264 2.24686 2.40898 17.52281
3.85284 6.62613 8.39424 9.26399 1.25885 1.01280 0.21935 0.53787 9.57108 5.80978 7.08199 24.40262 10.65636 69.17763 53.41911 24.15276 34.83582 13.85307 10.30540 4.45557 8.92258 13.24844 19.63425 25.66528 12.72964 6.62231 4.73976 1.52397 1.36757 0.77438 1.33514
