DATA/RAW-RASTER/ECMWF/20170628/EN-43/20170703.en-43.asc
ncols			31
nrows			16
xllcorner		69.5
yllcorner		19.5
cellsize		1.0
NODATA_value	-99999
0.49973 3.82233 1.49918 2.89154 5.33295 3.21960 3.17383 3.29590 0.32806 0.02289 0.24033 0.53406 1.39236 0.68665 0.99182 1.02615 0.56076 0.97656 1.59836 1.04141 3.05939 4.61197 3.83377 1.24741 2.48718 3.75366 0.05722 2.64359 0.62943 0.85449 1.41907
0.05722 0.00763 0.24033 3.10516 3.00980 1.61743 0.19836 0.04578 0.41580 0.00381 0.06104 0.06485 0.40436 1.27792 1.36566 1.07956 0.46921 0.45776 1.65939 0.56839 2.73514 2.26593 1.19781 2.55966 4.03595 2.38419 5.43594 5.33676 5.33295 3.08228 0.80109
0.00000 1.79672 0.27847 5.59235 2.75040 1.49536 2.22015 0.09155 0.02289 0.00000 0.00763 0.00000 0.46539 0.94604 1.34277 1.37711 1.11771 4.53568 6.01959 3.57437 4.13895 9.72748 2.64359 3.40271 4.57764 5.22995 4.57764 3.41415 3.70407 0.38910 0.74005
1.41525 0.58746 0.28992 4.41360 2.70081 3.28445 0.67520 5.64194 0.04578 0.00000 0.01144 0.00763 0.00381 0.24033 0.37384 0.86975 5.61142 5.52750 6.88934 5.55801 1.08719 4.00543 5.05829 5.30624 7.98798 0.89264 2.67029 0.93460 3.79944 1.40381 0.65994
3.18527 0.57983 2.88010 4.24194 6.72150 6.45065 5.37109 2.17056 0.09155 0.00000 0.02289 0.08011 0.15640 1.67465 1.41907 2.46048 6.40869 4.07028 9.05991 9.86862 11.22665 4.31824 1.80435 2.05231 2.94113 1.23215 0.51880 1.11008 4.48227 5.91278 4.82941
1.40381 0.03433 0.12970 0.39291 0.46921 0.92316 2.40707 3.05939 1.89972 2.48337 8.09860 0.87738 4.81415 0.74768 3.14331 5.16129 16.79993 17.71927 10.88333 4.82559 4.37546 5.51987 4.61960 9.34982 5.71823 3.97491 1.89972 0.67902 2.87628 1.02997 11.46317
0.00000 0.00000 0.00000 0.00000 0.00000 0.00000 0.53406 0.49973 2.97546 5.03159 3.86047 5.83649 4.85992 4.98962 1.27792 3.50952 4.33731 2.99835 0.31662 0.74387 0.70953 5.30243 8.23212 4.97437 6.00433 17.31110 5.47791 3.95584 1.52588 5.72968 2.97928
0.00000 0.00000 0.00000 0.00000 0.03815 0.07629 0.00000 0.59891 2.49100 1.49918 3.18909 4.77219 4.80652 70.64056 31.55899 4.40979 7.07245 7.46918 6.25610 9.26971 14.73999 15.71274 4.08173 21.86203 13.05771 60.48584 57.04498 9.43756 24.04785 2.55966 3.74603
0.00000 0.00000 0.00000 0.05341 0.11444 0.01144 0.00763 0.00381 0.19455 2.12097 0.77820 7.63702 6.23703 8.28934 17.65060 12.37869 51.31912 78.99094 27.29797 96.70258 116.26053 144.06586 148.48328 128.70407 75.52338 69.85474 27.30179 136.98578 89.50424 10.54001 0.89264
0.10300 0.72479 0.46158 0.66757 0.71716 0.04959 0.02670 0.03815 0.04196 1.22833 1.34277 3.78036 9.12476 9.23157 2.56348 3.60489 11.86371 15.39230 8.22449 8.88824 4.76074 3.93295 52.81448 23.01788 40.17639 15.23590 15.07187 11.03210 15.43427 9.55582 1.93787
0.59128 1.27792 0.60272 0.42343 0.12589 0.12589 0.00000 0.08392 0.03433 10.46753 4.98199 7.28989 29.54483 19.42062 8.76236 5.22995 11.11603 14.77432 20.73288 18.65005 21.17157 15.27023 56.28967 16.40320 9.07516 16.83044 3.27301 24.23096 24.57428 11.73782 4.53568
0.22888 0.35858 1.04141 2.12479 1.44577 0.32806 0.24796 1.12534 2.88391 6.84357 5.94711 19.72961 17.43698 27.19116 37.70447 11.98196 7.86972 27.78244 19.72198 11.07788 12.06207 19.85931 3.39508 17.07840 9.13620 1.68228 1.84250 13.53836 7.56073 10.31494 8.62885
0.90408 0.07629 0.10300 0.32806 1.97601 1.41525 1.26266 1.27411 9.02176 10.30731 5.44357 10.48660 9.36127 54.10767 18.83316 13.52692 0.85449 0.18692 4.97437 7.96509 5.58472 22.53342 5.12314 9.27734 9.47952 0.24414 0.90790 5.08881 5.47409 6.08444 7.31659
2.12097 1.41525 0.12207 2.16675 1.25504 0.80490 0.86975 3.21198 7.37000 12.41302 19.50455 12.65717 12.99286 34.69849 32.26852 1.11389 0.24796 3.43323 3.82996 1.79291 7.43103 23.87238 6.48499 16.29257 5.97763 2.27356 3.05557 7.62939 2.41089 1.36566 0.60272
2.52151 1.17111 2.83051 4.61197 2.51770 2.01035 2.10953 0.84305 5.87845 5.70297 21.60263 96.80939 54.20303 30.65109 3.79944 3.29208 0.26321 0.88120 4.88281 4.29535 8.09479 17.41028 25.83694 11.55853 0.57220 1.80435 2.70081 2.46048 1.17111 1.02234 1.22070
2.45285 3.37982 7.22504 13.98468 2.46429 8.45337 9.51385 13.88550 10.52094 2.85339 9.16290 71.24329 42.99545 12.16888 14.16779 6.09970 0.94223 10.79559 2.73514 6.65665 10.23483 12.86316 22.23587 23.88763 49.98779 4.62341 3.27301 2.33078 2.10190 0.44250 0.57983
