DATA/RAW-RASTER/ECMWF/20170628/EN-43/20170704.en-43.asc
ncols			31
nrows			16
xllcorner		69.5
yllcorner		19.5
cellsize		1.0
NODATA_value	-99999
0.01526 0.00000 0.00000 0.06104 0.94223 0.37384 2.76947 0.56839 0.06104 0.00763 0.00000 0.00000 0.06485 0.34714 0.43488 0.85449 1.55640 0.51498 3.09372 2.52533 1.74713 6.53076 4.44031 4.68445 11.33347 9.02176 13.05771 7.90787 6.91605 1.02997 5.52750
0.00000 0.00000 0.03815 0.21744 0.08774 0.01144 0.00000 0.00763 0.00000 0.00000 0.00000 0.00000 0.00000 0.13351 0.03815 0.08392 0.40817 0.65994 2.15530 0.94604 0.72861 3.44086 7.73621 9.57489 11.21140 11.56235 11.82175 16.26205 7.61032 4.03214 2.97546
0.00000 0.18311 0.00000 0.00000 3.34167 1.52969 0.98419 0.00763 0.01144 0.00000 0.07629 0.00000 0.00381 0.00000 0.00000 0.00381 0.05722 0.63705 1.71661 1.57928 2.75040 5.06592 5.02014 10.84518 10.21957 4.32587 4.41360 4.08936 6.09207 4.58145 6.06155
0.80490 0.06866 0.01526 0.98801 0.09155 0.17548 0.30136 0.59128 0.03052 0.00000 0.00381 0.00381 0.00000 0.00000 0.00381 0.06485 1.09863 0.90408 2.32697 5.03159 9.34982 12.40921 18.29147 9.46045 3.34549 0.12970 0.86212 1.18256 6.28662 5.06210 7.94601
4.52042 0.07629 0.17929 0.27084 1.68228 1.69373 0.19836 0.42725 0.01907 0.01907 0.00763 0.01907 0.15259 0.01526 0.00000 0.54550 0.40054 3.24249 8.07571 9.88770 4.26102 8.08716 13.49640 3.21198 0.21744 0.65994 0.37766 0.42725 14.86206 13.45062 4.17709
1.66702 0.01526 0.00381 0.03433 0.23270 0.40436 5.72205 2.36130 0.78964 0.46539 7.81250 0.37384 1.22833 0.02670 0.63705 1.89209 1.59073 2.23160 8.33511 7.74002 13.55362 10.99777 13.25226 9.18961 2.57874 4.58908 3.01361 0.20599 3.07846 3.21198 1.28174
0.00000 0.00381 0.00000 0.00000 0.00000 0.00763 0.00763 0.71716 0.45776 1.92642 1.52588 11.57379 5.68390 3.73077 2.09427 9.84192 5.33676 3.42560 2.02560 3.12424 6.24084 4.77982 4.52423 3.37219 15.64789 28.13339 10.96344 5.67627 1.07956 2.22778 1.64032
0.00000 0.00000 0.00381 0.00000 0.01907 0.01144 0.00000 0.01526 0.09918 0.34332 1.62125 2.04086 4.11987 16.05988 38.85651 11.01303 5.48172 6.24084 1.06049 0.83923 3.58200 13.22937 6.25992 26.93939 24.32251 28.90015 34.45816 5.13458 20.22552 1.48773 2.49863
0.00000 0.00000 0.00381 0.11444 0.14114 0.00763 0.20599 0.00381 0.04959 0.04578 0.70190 2.74277 5.08499 14.64081 5.61905 27.96173 49.39651 47.07336 14.98413 30.39551 23.89145 124.96185 120.34607 82.73697 21.30890 11.64246 38.94806 16.43753 41.70609 1.67084 1.73187
0.01526 0.19455 0.42343 0.97275 0.77438 0.00000 0.00381 0.02289 0.00000 0.01144 0.09918 1.18637 5.18036 24.20425 17.26151 16.74271 12.82883 12.57324 40.72952 14.91547 15.46478 8.35037 13.69095 2.93732 9.47571 2.75040 21.22116 50.72021 85.36911 9.57108 6.92749
0.27084 0.68283 0.41199 0.57983 0.13351 0.41199 0.05722 0.08011 0.06485 0.00000 0.05341 0.92697 2.74277 18.92471 28.40042 20.63751 41.83578 8.01468 19.37103 5.69534 12.60757 12.21466 16.81519 3.90244 5.65338 16.96777 1.02997 9.30786 24.92142 3.72314 0.91171
0.32806 0.21362 0.78201 2.79999 2.00272 1.23215 0.24033 0.68665 0.52261 0.30136 1.04523 0.90408 2.69699 12.16888 11.87515 28.01132 20.39337 10.46753 11.65771 8.56781 10.82230 2.88391 1.27792 2.18964 18.25333 4.88281 2.40326 8.21304 6.38580 3.71552 1.04904
1.05286 0.85068 0.41580 0.62561 1.75095 1.59836 0.78201 0.90027 0.81635 0.69046 2.67410 7.94601 1.58691 7.27844 1.55640 13.64136 12.45117 8.68607 10.79941 6.69479 13.84354 6.23322 2.14386 7.52640 5.71060 0.83542 0.55313 3.19290 11.03973 14.38141 1.23596
1.81198 1.54877 0.47302 1.31989 3.89099 0.45395 1.28174 0.91553 0.63324 0.77057 0.52643 4.54712 3.43323 18.49747 11.46317 15.33508 18.15033 18.58139 9.93729 7.11441 7.94220 13.40103 7.04193 5.89752 5.01633 0.83542 0.87357 0.86975 6.34766 9.99069 5.74112
4.66919 1.93024 2.20490 4.33350 5.40543 1.94931 1.84250 1.43051 1.75858 1.14441 2.80762 4.58908 10.37979 19.67621 9.86099 23.00644 16.62827 19.47403 22.13669 15.65170 13.19504 10.08224 27.79770 18.46313 1.90735 1.27411 5.66864 1.63269 1.29318 6.59561 10.07080
3.92151 3.66592 3.28445 7.65991 1.73950 2.15530 1.68228 5.92804 2.54059 2.50626 8.19016 2.29645 1.53732 6.03104 6.20270 16.24680 24.87564 22.05658 10.75745 13.63754 14.30893 8.74329 21.51108 27.79007 27.62985 5.10406 12.76779 4.53949 2.22397 1.22452 4.05121
