DATA/RAW-RASTER/ECMWF/20170628/EN-43/20170709.en-43.asc
ncols			31
nrows			16
xllcorner		69.5
yllcorner		19.5
cellsize		1.0
NODATA_value	-99999
0.00000 0.00763 0.53406 1.35040 0.00000 0.00000 0.00000 0.00000 0.13733 0.03052 0.02289 0.31281 0.37384 0.65613 0.16022 0.00000 0.03815 0.00763 0.16785 1.15967 9.73511 9.37653 7.79724 2.70081 5.35583 6.94275 6.37054 3.21960 1.25885 3.89862 16.65497
0.05341 0.00763 0.00000 0.00763 0.27466 0.14496 0.00000 0.00000 0.00763 0.02289 0.00763 0.30518 0.29755 0.46539 0.00000 0.00000 0.01526 0.05341 0.96893 7.72095 13.05389 5.82886 2.86102 7.33185 1.60980 5.51605 3.89099 1.68610 1.80054 0.10681 0.84686
0.00000 0.00000 0.00763 0.00763 0.22888 4.37927 3.48663 0.00000 0.00000 0.00000 0.03052 0.77057 0.14496 0.00000 0.00763 0.02289 0.76294 3.88336 9.85718 12.50458 13.27515 3.72314 4.04358 2.73132 4.53186 2.00653 3.67737 1.11389 1.70135 0.45013 0.07629
0.00000 0.00763 0.00000 0.00000 0.00000 0.34332 7.59888 72.51740 1.41907 0.00000 0.00000 0.69427 0.06104 0.00000 0.00763 0.54169 4.92859 9.55963 8.53729 2.45667 8.43048 8.17108 3.65448 1.66321 3.92914 1.87683 3.52478 1.54877 3.62396 1.49536 4.10461
0.00000 0.00000 0.00000 0.00000 0.00000 0.00000 0.09918 8.11768 7.27081 0.54169 0.00000 1.06049 1.50299 3.25012 3.68500 6.18744 15.68604 7.36237 6.48499 3.78418 10.21576 1.38855 12.26807 1.08337 4.32587 3.32642 8.23975 0.85449 2.21252 8.37708 6.66809
0.00763 0.00000 0.00000 0.00000 0.00000 0.00000 0.00000 0.15259 7.94220 22.78137 45.77637 7.37000 20.80536 9.82666 13.21411 15.00702 10.33783 4.97437 9.17816 1.60217 3.01361 8.57544 8.91876 5.69916 4.32587 6.24084 6.31714 5.27191 2.47192 14.23645 8.28552
0.00000 0.00000 0.00000 0.00000 0.00763 0.00000 0.00000 0.00000 0.71716 10.30731 126.51825 108.26111 38.70392 32.58514 21.83533 8.92639 10.57434 6.59943 10.33020 3.12042 17.44080 16.90674 11.20758 1.93787 8.97217 20.21027 12.37488 20.86639 11.13129 17.65442 17.15088
0.00000 0.00000 0.00000 0.00000 0.00000 0.00000 0.00000 0.00000 0.00000 4.57764 18.38684 39.11591 96.70258 116.35590 145.50781 28.52631 14.22882 10.49805 6.76727 2.85339 3.37982 3.25012 5.95093 4.32587 11.44409 17.11273 2.90680 24.11652 31.25763 22.68219 6.68335
0.00000 0.00000 0.00000 0.00000 0.00000 0.00000 0.00763 0.00000 0.00763 1.50299 9.61304 38.85651 27.46582 9.25446 20.16449 12.81738 4.05884 4.15802 5.25665 2.52533 7.53784 11.15417 20.30182 23.28491 29.33502 16.39557 23.43750 42.90771 28.97644 18.47839 14.60266
0.00000 0.03815 0.24414 0.03052 0.05341 0.00000 0.00000 0.00000 0.21362 0.51880 1.75476 2.43378 20.99609 27.54974 18.31818 11.44409 5.40161 6.08063 11.42120 13.93127 8.17871 29.74701 21.53778 7.76672 30.70068 13.32855 17.95959 27.67944 16.48712 31.99768 15.95306
0.11444 0.32043 0.28229 0.24414 0.00000 0.00763 0.00000 0.00000 0.00000 0.00000 0.22125 4.53186 26.22223 10.81085 13.04626 12.65717 16.38794 9.49097 9.27734 29.74701 15.51056 15.48767 78.78876 10.68878 6.95801 19.14215 27.38190 54.24500 17.92908 21.70563 10.02502
0.21362 0.20599 0.67139 1.24359 0.65613 0.04578 0.00000 0.00000 0.00000 0.09918 5.74493 9.23157 34.11865 14.11438 4.63104 5.88226 6.39343 5.53894 7.44629 7.24030 10.55145 10.83374 17.89093 20.82062 4.18854 4.18854 23.62061 24.84894 3.59344 14.11438 32.34100
0.67902 0.16022 0.10681 0.37384 1.63269 1.43433 0.03052 0.03815 1.22833 1.19019 22.97211 26.06201 27.29797 13.74817 16.34979 5.18799 9.22394 4.87518 12.10022 7.85065 7.15637 30.74646 5.98145 32.16553 4.98962 3.45612 8.37708 27.91595 19.24896 5.27954 17.36450
1.39618 0.78583 0.05341 0.70190 1.61743 0.38147 0.06866 1.06049 1.12915 6.01959 14.30511 41.47339 167.87720 19.78302 9.80377 6.28662 9.24683 11.55090 13.34381 13.67188 9.58252 11.72638 22.01843 15.54108 5.17273 3.30353 2.34222 63.02643 12.07733 7.11060 9.30786
3.17383 2.47955 3.02887 3.60107 1.77002 1.25122 1.28937 1.42670 1.33514 9.19342 21.70563 103.46222 107.72705 24.12415 15.95306 9.64355 7.96509 11.41357 9.30023 8.22449 11.61957 7.80487 12.42065 27.62604 18.14270 3.11279 0.66376 4.82941 5.72205 7.31659 11.63483
2.98309 3.15094 5.31769 8.71277 0.42725 1.86157 0.65613 0.90790 1.29700 7.39288 19.32526 40.22980 74.98932 206.40564 5.46265 6.06537 8.55255 17.71545 26.29852 18.12744 27.51160 19.11926 12.71820 18.32581 12.98523 3.24249 4.79126 6.53076 3.25012 6.99615 10.42175
