DATA/RAW-RASTER/ECMWF/20170628/EN-43/20170705.en-43.asc
ncols			31
nrows			16
xllcorner		69.5
yllcorner		19.5
cellsize		1.0
NODATA_value	-99999
0.00000 0.00000 0.04578 0.35095 2.47192 1.14441 0.93842 5.08118 0.13733 0.00000 0.00763 0.09155 0.25940 0.00763 0.57220 0.74005 0.54169 0.25940 0.40436 1.31989 4.39453 1.65558 8.16345 5.42450 2.15912 1.14441 4.53186 9.85718 6.93512 11.77979 11.21521
0.00000 0.00000 0.00000 0.00000 0.06866 0.00000 0.16785 0.22125 0.04578 0.16022 0.17548 0.03052 0.04578 0.19836 0.22125 0.01526 0.01526 0.00763 1.13678 0.52643 4.91333 1.73187 7.68280 2.88391 3.68500 1.71661 2.57111 5.89752 7.77435 10.87189 13.19122
0.00000 0.00000 0.00000 0.00000 0.00000 0.13733 0.43488 0.02289 0.01526 0.00000 0.03815 0.00000 0.00000 0.00000 0.00000 0.00000 0.00000 0.03052 0.83160 8.34656 1.96838 8.49915 0.93842 1.79291 5.70679 4.36401 1.36566 2.92206 9.20105 9.32312 18.80646
0.48828 0.00000 0.00763 0.15259 0.03815 0.31281 3.15094 6.69861 0.03052 0.00000 0.00000 0.00000 0.00000 0.00000 0.00000 0.00000 0.30518 3.01361 0.25177 0.91553 2.62451 8.52966 9.14001 5.59235 3.02887 0.64850 2.87628 2.63214 2.47192 13.96179 17.28058
0.54932 0.00000 0.00000 0.00763 0.46539 0.27466 0.61798 0.87738 2.41852 0.09155 0.00000 0.00000 0.06866 0.00000 0.00763 1.02234 1.67084 3.86810 1.99127 3.02124 6.81305 4.66919 4.66919 2.71606 2.98309 1.25122 1.35803 0.68665 8.32367 5.93567 6.95801
0.00000 0.00000 0.00000 0.00000 0.00000 0.01526 0.66376 0.33569 0.47302 2.57111 4.24194 0.61035 0.52643 0.26703 1.86157 4.40979 1.54114 1.68610 1.12915 2.52533 3.38745 11.45935 3.94440 5.04303 8.57544 5.82886 1.99890 0.35858 3.66211 1.16730 4.66156
0.00000 0.00000 0.00000 0.00000 0.00000 0.00000 0.00763 0.75531 0.35858 4.35638 3.02887 4.62341 4.64630 9.34601 1.09863 4.31061 1.54114 1.03760 3.93677 9.62830 4.50134 7.11060 5.68390 5.81360 7.35474 34.01947 13.47351 6.69098 1.25122 1.22070 3.19672
0.00000 0.00000 0.00000 0.00000 0.00000 0.01526 0.10681 0.00000 0.30518 0.77820 1.57166 2.79236 2.45667 7.56836 5.51605 14.54926 1.96075 2.93732 4.96674 4.57764 7.04193 9.76562 6.37054 11.19995 15.35034 56.65588 37.66632 4.95911 15.36560 2.54059 4.58527
0.00000 0.00000 0.00000 0.00000 0.00000 0.00000 0.00000 0.08392 0.09155 0.45013 0.93842 2.83813 2.92206 0.98419 16.22009 23.35358 13.74817 19.77539 27.51923 28.90778 26.82495 21.42334 23.58246 11.33728 1.02997 21.88110 111.03058 64.47601 41.50391 2.78473 1.98364
0.00000 0.27466 0.13733 0.54169 0.17548 0.05341 0.11444 0.04578 0.20599 0.00763 0.18311 0.83923 2.99072 2.70081 10.84900 12.42065 6.02722 12.33673 11.89423 3.05176 3.70026 1.91498 9.80377 7.59125 5.37109 17.53235 33.57697 32.82166 72.07489 7.67517 1.06812
0.23651 0.62561 0.32806 0.49591 0.00000 0.00763 0.03815 0.86975 0.05341 0.01526 0.09918 0.06866 0.69427 3.64685 20.08820 5.53131 2.29645 2.11334 3.90625 7.85065 9.27734 11.87897 20.59937 8.40759 6.49261 3.18909 8.28552 10.14709 48.59161 2.32697 1.02997
0.21362 0.23651 0.86212 1.51062 1.19019 0.41199 0.09918 0.76294 0.22125 0.12970 0.19836 0.16022 0.35095 8.58307 12.03156 12.39777 2.95258 4.72260 5.55420 4.45557 6.91223 11.65771 2.20490 7.77435 12.10785 10.68878 0.71716 12.03156 39.47449 5.24139 2.60925
0.55695 0.22888 0.04578 0.39673 1.39618 0.73242 0.25177 0.45776 1.38855 2.20490 0.38910 0.08392 1.07574 1.89209 0.06866 3.30353 14.08386 5.86700 15.68604 12.09259 13.10730 5.83649 2.96783 8.39233 9.52911 2.18201 0.61798 10.02502 26.18408 34.76715 15.80048
0.93842 0.51117 0.33569 1.16730 2.03705 1.31226 1.69373 1.25885 1.38092 1.09863 0.90027 0.09155 0.21362 0.69427 1.24359 1.30463 21.50726 29.71649 17.70020 25.87891 13.94653 24.81842 13.28278 6.90460 6.44684 0.15259 1.33514 0.42725 5.48553 13.19122 32.44781
1.74713 1.97601 1.86157 3.44849 4.72260 1.77002 0.79346 0.83160 0.39673 0.82397 0.46539 1.51825 2.54059 4.70734 9.74274 1.38855 2.91443 18.28766 35.65216 35.24017 25.92468 9.66644 18.85986 16.09802 0.99182 0.90790 0.74768 1.41144 1.71661 8.14056 22.54486
1.41144 4.28009 4.09698 4.50134 0.61798 1.41907 2.43378 2.18201 0.90790 0.96893 0.91553 0.78583 1.90735 13.45825 5.82123 4.31061 12.80212 14.83154 28.25928 28.59497 13.48877 5.25665 15.09094 26.10016 11.28387 2.07520 5.42450 1.15967 0.84686 0.41199 0.55695
