DATA/RAW-RASTER/ECMWF/20170628/EN-43/20170712.en-43.asc
ncols			31
nrows			16
xllcorner		69.5
yllcorner		19.5
cellsize		1.0
NODATA_value	-99999
0.16022 0.31281 4.08173 4.17328 6.89697 4.35638 8.27026 3.86047 0.48828 0.12207 0.74005 1.12915 5.70679 4.94385 1.70898 0.99182 1.55640 0.67139 0.38910 0.69427 0.73242 0.03052 0.37384 1.14441 6.75201 8.46863 4.61578 0.87738 0.22125 0.03815 0.64850
0.79346 0.39673 5.73730 4.43268 6.00433 1.22070 0.32043 0.13733 0.67139 0.12970 1.80817 3.63159 3.87573 6.27136 5.86700 10.82611 5.68390 0.48065 0.55695 0.34332 0.20599 0.04578 0.57983 0.99945 1.08337 5.88226 7.23267 11.13892 8.28552 13.57269 13.17596
1.05286 19.39392 3.21198 6.01959 2.41089 2.03705 9.17053 0.04578 0.08392 0.54169 4.35638 3.00598 6.80542 3.34930 9.07898 8.17871 3.75366 0.74768 0.74005 0.40436 0.57983 1.20544 6.41632 4.40979 2.67029 5.79071 7.22504 8.17871 11.21521 14.43481 12.55035
1.21307 0.00000 3.97491 4.68445 5.24139 0.19836 2.29645 23.01788 0.09918 0.04578 0.87738 1.64032 0.48828 8.43811 9.26208 2.56348 1.84631 1.73950 4.54712 4.18854 4.82178 4.26483 4.12750 3.71552 9.17816 4.97437 9.00269 3.57819 7.79724 9.38416 12.05444
1.02234 0.02289 0.00000 0.07629 1.52588 2.17438 0.25177 5.39398 8.01849 2.09045 0.46539 1.07574 2.13623 4.32587 5.50842 7.00378 6.79779 7.82776 6.54602 9.27734 13.29041 4.76837 5.59998 8.23212 5.02777 6.27899 4.53949 3.82996 2.88391 1.49536 4.69971
2.54059 0.00763 0.00763 0.03052 0.43488 3.34930 1.08337 0.34332 2.06757 6.24847 47.69897 11.10840 9.72748 3.97491 6.79016 1.17493 9.96399 6.46210 3.22723 3.57819 8.90350 18.43262 11.03210 10.81085 7.56073 7.45392 4.37164 1.49536 1.23596 4.58527 3.82233
0.00000 0.00000 0.00000 0.03815 0.35095 2.67792 1.82343 1.16730 4.88281 8.52203 14.79340 34.52301 19.90509 9.33075 2.92206 9.93347 6.46210 8.31604 8.71277 16.86096 8.63647 13.55743 3.02887 2.90680 5.90515 23.48328 4.72260 5.23376 1.45721 0.81635 4.53186
0.00000 0.00000 0.00000 0.00000 0.26703 3.97491 7.52258 1.26648 29.05273 3.50952 21.55304 21.69800 24.15466 78.15552 59.55505 30.13611 12.44354 6.17218 8.18634 10.35309 14.56451 10.74219 2.87628 24.87946 24.55139 13.48114 25.83313 4.34875 5.82123 1.24359 8.11005
0.00000 0.00000 0.00000 0.26703 0.01526 7.85828 3.80707 2.51770 5.51605 24.65057 6.50787 14.31274 20.20264 14.64844 13.45062 11.89423 7.12585 10.10132 47.14203 68.54248 44.42596 10.81848 13.00812 4.40216 8.94165 15.47241 9.17053 17.16614 11.70349 3.15857 2.89154
0.00000 0.00000 0.00000 0.96893 23.30017 9.74274 2.87628 4.89807 8.25500 26.93939 10.78033 23.46039 13.93890 24.92523 14.58740 9.86481 2.90680 2.66266 8.52203 4.93622 6.91986 2.62451 18.96667 5.99670 7.02667 29.54102 7.20215 13.19885 18.90564 0.41962 0.58746
0.03052 0.00000 0.22888 14.64844 2.23541 1.41907 6.53839 14.70184 9.11713 15.11383 17.36450 25.10071 20.18738 8.59070 29.84619 21.56830 1.23596 2.26593 5.14984 6.88171 5.03540 8.17108 29.53339 5.02014 2.96783 6.91986 27.52686 10.65063 6.27899 1.37329 0.51880
0.12970 0.03052 1.12152 10.74982 5.41687 3.29590 4.08173 11.16180 3.63922 15.12909 29.89197 22.84241 12.16888 22.17865 35.14099 26.09253 1.49536 2.71606 5.47028 4.39453 6.81305 1.49536 1.10626 6.69861 3.25775 6.01196 3.82996 19.67621 1.78528 2.22015 1.27411
0.24414 0.19073 0.28992 2.04468 6.99615 3.60107 4.82178 17.25769 9.62830 16.07513 166.34369 24.14703 26.61133 24.90234 69.41223 6.11115 3.82996 18.63861 11.98578 2.45667 2.71606 2.62451 3.14331 4.94385 13.34381 4.21143 0.53406 5.34821 10.66589 2.36511 1.57928
0.54169 0.82397 0.25177 1.52588 6.34766 4.04358 2.21252 4.37927 17.16614 13.93127 14.54926 12.21466 6.70624 20.65277 60.60028 5.09644 2.82288 6.59180 8.17871 2.55585 4.19617 9.38416 0.90027 7.22504 6.32477 0.35095 4.28772 0.68665 14.35089 6.59943 1.48773
1.16730 1.96075 1.57928 4.50134 6.11877 2.57111 3.50952 2.49481 2.13623 1.02234 3.83759 4.49371 4.81415 1.40381 2.99072 6.85120 1.31989 10.27679 25.23804 9.98688 7.46918 11.77979 12.17651 5.69916 0.39673 0.38910 2.92206 1.48010 1.06049 10.01740 6.75201
0.61035 1.46484 4.31061 8.96454 0.90027 1.89209 2.47192 1.75476 2.60162 2.17438 6.66809 2.17438 5.50079 8.52966 16.92200 10.33783 8.23212 8.92639 11.39832 6.81305 4.93622 6.66046 10.03265 8.27026 19.78302 1.61743 6.55365 1.26648 3.23486 0.64087 3.54004
