DATA/SHG/ECMWF/20170628/EN-30/20170629.en-30.asc
ncols        190
nrows        64
xllcorner    -5100000.000000000000
yllcorner    4130000.000000000000
cellsize     10000.000000000000
NODATA_value  -99999.000
[rows 0 to 32 of 64, columns 0 to 72 of 190]
2.788 2.815 2.843 2.872 2.902 2.933 2.966 2.999 3.034 2.988 2.909 2.822 2.727 2.623 2.510 2.389 2.260 2.122 1.975 1.880 1.806 1.775 1.764 1.757 1.752 1.749 1.749 1.751 1.757 1.764 1.774 1.787 1.802 1.910 2.068 2.215 2.351 2.477 2.591 2.694 2.787 2.868 2.939 2.998 3.047 3.136 3.265 3.392 3.516 3.639 3.759 3.877 3.993 4.107 4.218 4.328 4.435 4.462 4.401 4.349 4.305 4.270 4.244 4.226 4.216 4.215 4.223 4.239 4.264 4.259 4.193 4.125 4.056
2.433 2.464 2.496 2.528 2.563 2.598 2.634 2.671 2.709 2.663 2.554 2.437 2.345 2.258 2.175 2.095 2.019 1.948 1.879 1.815 1.755 1.726 1.725 1.726 1.730 1.737 1.745 1.757 1.771 1.788 1.807 1.828 1.853 1.926 2.045 2.154 2.252 2.338 2.414 2.479 2.533 2.576 2.609 2.630 2.640 2.689 2.811 2.930 3.047 3.162 3.275 3.386 3.494 3.600 3.704 3.806 3.906 3.961 3.930 3.908 3.895 3.890 3.893 3.905 3.926 3.955 3.992 4.039 4.093 4.122 4.050 3.977 3.902
2.077 2.112 2.148 2.184 2.226 2.281 2.335 2.388 2.440 2.427 2.341 2.260 2.183 2.109 2.039 1.973 1.911 1.852 1.797 1.747 1.700 1.675 1.683 1.693 1.706 1.721 1.739 1.760 1.783 1.808 1.836 1.867 1.900 1.953 2.034 2.104 2.163 2.212 2.249 2.276 2.291 2.296 2.290 2.273 2.245 2.246 2.360 2.471 2.581 2.689 2.794 2.897 2.998 3.097 3.193 3.288 3.380 3.453 3.452 3.460 3.476 3.501 3.535 3.577 3.627 3.686 3.754 3.830 3.953 4.064 4.040 4.024 4.016
1.800 1.856 1.911 1.965 2.017 2.067 2.117 2.164 2.211 2.220 2.148 2.080 2.016 1.956 1.899 1.847 1.798 1.753 1.712 1.674 1.641 1.621 1.638 1.657 1.679 1.704 1.730 1.760 1.792 1.826 1.864 1.903 1.945 1.991 2.033 2.065 2.086 2.096 2.095 2.083 2.061 2.027 1.982 1.927 1.861 1.805 1.911 2.016 2.118 2.218 2.316 2.411 2.505 2.596 2.685 2.772 2.857 2.937 2.966 3.004 3.055 3.167 3.283 3.403 3.527 3.655 3.786 3.922 4.062 4.205 4.212 4.224 4.245
1.612 1.663 1.713 1.762 1.809 1.855 1.900 1.943 1.984 2.009 1.951 1.896 1.846 1.799 1.756 1.717 1.681 1.650 1.622 1.598 1.578 1.565 1.591 1.619 1.650 1.683 1.719 1.757 1.798 1.842 1.888 1.936 1.988 2.040 2.044 2.037 2.020 1.992 1.952 1.902 1.841 1.769 1.687 1.593 1.488 1.373 1.466 1.563 1.657 1.750 1.840 1.928 2.014 2.112 2.256 2.401 2.546 2.692 2.809 2.927 3.049 3.175 3.305 3.439 3.576 3.718 3.864 4.013 4.167 4.325 4.376 4.417 4.465
1.426 1.473 1.518 1.561 1.604 1.645 1.684 1.722 1.759 1.794 1.749 1.708 1.671 1.638 1.608 1.583 1.561 1.543 1.528 1.518 1.511 1.508 1.541 1.578 1.618 1.660 1.705 1.752 1.802 1.855 1.910 1.967 2.027 2.090 2.066 2.021 1.965 1.899 1.821 1.733 1.633 1.523 1.402 1.270 1.128 0.974 1.044 1.186 1.328 1.472 1.615 1.760 1.905 2.050 2.197 2.343 2.491 2.639 2.771 2.903 3.039 3.179 3.323 3.470 3.622 3.778 3.937 4.101 4.268 4.440 4.533 4.601 4.678
1.242 1.283 1.324 1.363 1.400 1.436 1.471 1.504 1.536 1.567 1.544 1.517 1.493 1.473 1.457 1.445 1.436 1.432 1.431 1.433 1.440 1.451 1.488 1.534 1.583 1.634 1.688 1.744 1.803 1.865 1.929 1.995 2.064 2.136 2.099 2.016 1.922 1.817 1.701 1.578 1.458 1.341 1.226 1.114 1.005 0.899 0.966 1.110 1.255 1.400 1.546 1.693 1.840 1.988 2.136 2.285 2.434 2.585 2.730 2.876 3.026 3.179 3.337 3.498 3.664 3.833 4.007 4.184 4.366 4.551 4.682 4.778 4.882
1.059 1.096 1.131 1.165 1.198 1.229 1.259 1.288 1.315 1.341 1.336 1.322 1.311 1.305 1.302 1.303 1.308 1.317 1.329 1.345 1.365 1.389 1.433 1.488 1.546 1.606 1.669 1.734 1.802 1.872 1.945 2.020 2.076 2.124 2.066 1.942 1.820 1.702 1.586 1.473 1.362 1.254 1.149 1.047 0.947 0.850 0.888 1.035 1.181 1.329 1.477 1.626 1.775 1.925 2.075 2.226 2.378 2.530 2.685 2.844 3.008 3.176 3.347 3.522 3.702 3.885 4.073 4.264 4.459 4.658 4.822 4.947 5.079
0.878 0.910 0.941 0.970 0.998 1.024 1.050 1.073 1.095 1.116 1.123 1.123 1.126 1.133 1.143 1.158 1.176 1.198 1.224 1.253 1.287 1.324 1.375 1.439 1.506 1.560 1.612 1.662 1.711 1.760 1.807 1.852 1.897 1.941 1.910 1.795 1.683 1.574 1.468 1.364 1.263 1.165 1.069 0.976 0.886 0.799 0.810 0.958 1.107 1.257 1.407 1.558 1.709 1.861 2.014 2.167 2.321 2.475 2.636 2.809 2.987 3.168 3.353 3.543 3.736 3.933 4.134 4.339 4.548 4.761 4.956 5.108 5.268
0.700 0.727 0.752 0.777 0.800 0.821 0.842 0.860 0.878 0.894 0.907 0.920 0.936 0.956 0.981 1.008 1.040 1.076 1.117 1.155 1.191 1.223 1.261 1.312 1.362 1.411 1.459 1.505 1.550 1.594 1.637 1.679 1.720 1.759 1.751 1.646 1.544 1.444 1.348 1.253 1.162 1.073 0.987 0.903 0.823 0.745 0.731 0.881 1.033 1.184 1.337 1.489 1.643 1.797 1.952 2.107 2.263 2.419 2.583 2.770 2.961 3.157 3.356 3.559 3.766 3.977 4.192 4.411 4.634 4.861 5.081 5.261 5.449
0.522 0.545 0.566 0.585 0.603 0.620 0.635 0.649 0.662 0.673 0.696 0.747 0.795 0.840 0.883 0.922 0.959 0.993 1.024 1.052 1.077 1.100 1.126 1.173 1.219 1.263 1.307 1.349 1.391 1.431 1.470 1.507 1.544 1.579 1.591 1.495 1.402 1.312 1.225 1.140 1.058 0.979 0.902 0.828 0.757 0.688 0.651 0.804 0.957 1.111 1.266 1.421 1.576 1.732 1.889 2.046 2.204 2.363 2.526 2.727 2.932 3.141 3.354 3.571 3.792 4.017 4.246 4.479 4.715 4.956 5.198 5.406 5.623
0.347 0.364 0.381 0.414 0.462 0.507 0.549 0.587 0.623 0.655 0.686 0.727 0.765 0.800 0.833 0.862 0.889 0.913 0.934 0.952 0.967 0.980 0.992 1.035 1.077 1.117 1.157 1.195 1.232 1.268 1.303 1.337 1.369 1.401 1.427 1.341 1.258 1.177 1.099 1.024 0.951 0.881 0.814 0.750 0.688 0.629 0.573 0.726 0.882 1.037 1.194 1.351 1.509 1.667 1.826 1.986 2.146 2.306 2.467 2.680 2.899 3.122 3.349 3.580 3.815 4.053 4.296 4.561 4.849 5.148 5.460 5.737 6.017
0.356 0.403 0.446 0.486 0.523 0.557 0.588 0.615 0.640 0.661 0.680 0.710 0.738 0.763 0.786 0.805 0.822 0.836 0.847 0.855 0.860 0.863 0.863 0.898 0.936 0.973 1.008 1.042 1.076 1.107 1.138 1.168 1.196 1.223 1.250 1.185 1.111 1.040 0.971 0.905 0.842 0.782 0.724 0.669 0.617 0.567 0.520 0.648 0.805 0.963 1.122 1.281 1.441 1.601 1.762 1.924 2.086 2.249 2.412 2.630 2.866 3.113 3.372 3.643 3.925 4.219 4.525 4.842 5.170 5.511 5.863 6.170 6.469
0.465 0.500 0.532 0.561 0.587 0.610 0.630 0.647 0.660 0.671 0.678 0.696 0.714 0.729 0.742 0.751 0.758 0.762 0.763 0.761 0.757 0.749 0.739 0.763 0.797 0.830 0.861 0.891 0.920 0.948 0.975 1.000 1.025 1.048 1.070 1.026 0.961 0.900 0.841 0.784 0.731 0.680 0.631 0.586 0.543 0.503 0.465 0.569 0.728 0.889 1.049 1.211 1.373 1.539 1.705 1.868 2.028 2.187 2.343 2.574 2.851 3.139 3.439 3.750 4.073 4.407 4.754 5.111 5.481 5.861 6.254 6.597 6.915
0.576 0.600 0.622 0.640 0.655 0.667 0.676 0.681 0.684 0.684 0.680 0.685 0.693 0.698 0.701 0.700 0.697 0.691 0.682 0.671 0.656 0.639 0.619 0.630 0.659 0.688 0.715 0.741 0.766 0.790 0.813 0.834 0.854 0.874 0.892 0.864 0.809 0.757 0.707 0.661 0.616 0.575 0.536 0.500 0.467 0.436 0.422 0.517 0.688 0.856 1.023 1.187 1.349 1.509 1.666 1.821 1.974 2.124 2.272 2.507 2.825 3.153 3.494 3.846 4.209 4.584 4.971 5.369 5.779 6.201 6.634 7.019 7.356
0.691 0.704 0.715 0.722 0.726 0.727 0.725 0.719 0.711 0.700 0.685 0.677 0.675 0.671 0.663 0.653 0.640 0.624 0.605 0.583 0.559 0.531 0.501 0.497 0.523 0.547 0.571 0.593 0.614 0.633 0.652 0.669 0.686 0.701 0.715 0.700 0.655 0.612 0.575 0.556 0.538 0.522 0.508 0.496 0.485 0.476 0.468 0.536 0.699 0.860 1.018 1.174 1.328 1.480 1.629 1.777 1.921 2.064 2.204 2.429 2.787 3.157 3.538 3.930 4.334 4.750 5.177 5.616 6.066 6.528 7.002 7.434 7.790
0.809 0.811 0.811 0.807 0.800 0.790 0.777 0.761 0.742 0.719 0.694 0.672 0.660 0.646 0.628 0.608 0.585 0.559 0.530 0.499 0.464 0.427 0.387 0.366 0.388 0.408 0.428 0.446 0.462 0.478 0.493 0.513 0.547 0.579 0.609 0.623 0.604 0.588 0.573 0.559 0.548 0.538 0.529 0.522 0.517 0.514 0.512 0.557 0.712 0.865 1.016 1.164 1.310 1.454 1.595 1.734 1.871 2.006 2.138 2.340 2.739 3.148 3.570 4.003 4.448 4.904 5.372 5.851 6.342 6.844 7.358 7.843 8.219
0.930 0.922 0.910 0.895 0.878 0.857 0.833 0.806 0.775 0.742 0.706 0.670 0.649 0.624 0.597 0.567 0.534 0.498 0.459 0.418 0.373 0.326 0.276 0.237 0.266 0.306 0.344 0.381 0.415 0.448 0.479 0.509 0.536 0.562 0.586 0.602 0.590 0.579 0.569 0.562 0.556 0.551 0.549 0.547 0.548 0.550 0.554 0.581 0.728 0.873 1.016 1.156 1.294 1.430 1.563 1.695 1.823 1.950 2.074 2.240 2.679 3.129 3.591 4.065 4.550 5.046 5.555 6.074 6.606 7.149 7.703 8.247 8.642
1.055 1.035 1.013 0.987 0.958 0.926 0.892 0.854 0.812 0.768 0.721 0.672 0.640 0.606 0.568 0.528 0.485 0.450 0.420 0.390 0.360 0.330 0.299 0.272 0.307 0.341 0.373 0.403 0.432 0.458 0.483 0.506 0.527 0.547 0.565 0.580 0.573 0.568 0.564 0.562 0.562 0.563 0.566 0.571 0.577 0.585 0.594 0.607 0.746 0.883 1.018 1.150 1.280 1.408 1.534 1.657 1.778 1.897 2.013 2.128 2.608 3.098 3.601 4.115 4.641 5.178 5.726 6.286 6.858 7.442 8.036 8.643 9.058
1.182 1.152 1.119 1.082 1.042 1.000 0.954 0.905 0.853 0.798 0.744 0.693 0.661 0.631 0.601 0.571 0.541 0.511 0.481 0.450 0.420 0.389 0.358 0.328 0.350 0.378 0.404 0.428 0.450 0.470 0.489 0.506 0.521 0.534 0.545 0.555 0.555 0.556 0.558 0.561 0.567 0.574 0.582 0.592 0.604 0.618 0.633 0.649 0.766 0.895 1.022 1.146 1.269 1.389 1.506 1.622 1.735 1.845 1.954 2.060 2.525 3.057 3.599 4.154 4.720 5.297 5.887 6.487 7.099 7.723 8.358 9.005 9.470
1.313 1.272 1.228 1.166 1.107 1.050 0.996 0.943 0.893 0.846 0.800 0.757 0.724 0.694 0.663 0.633 0.603 0.572 0.541 0.510 0.480 0.449 0.418 0.386 0.395 0.417 0.436 0.454 0.470 0.484 0.496 0.507 0.516 0.523 0.528 0.531 0.535 0.542 0.549 0.559 0.570 0.582 0.597 0.612 0.630 0.649 0.670 0.692 0.789 0.910 1.028 1.145 1.259 1.371 1.481 1.588 1.694 1.796 1.897 1.995 2.432 3.003 3.587 4.182 4.788 5.406 6.035 6.632 7.148 7.648 8.130 8.594 8.913
1.332 1.274 1.218 1.164 1.113 1.064 1.018 0.973 0.931 0.891 0.854 0.819 0.787 0.756 0.726 0.695 0.664 0.633 0.602 0.571 0.540 0.508 0.477 0.445 0.442 0.457 0.470 0.482 0.492 0.499 0.506 0.510 0.512 0.513 0.512 0.509 0.514 0.526 0.539 0.554 0.571 0.589 0.609 0.631 0.654 0.679 0.705 0.733 0.813 0.926 1.037 1.146 1.252 1.356 1.458 1.558 1.655 1.750 1.842 1.933 2.321 2.899 3.459 4.002 4.528 5.037 5.528 6.002 6.458 6.897 7.319 7.723 8.046
1.303 1.253 1.205 1.160 1.117 1.076 1.037 1.001 0.967 0.935 0.905 0.878 0.850 0.819 0.788 0.757 0.725 0.694 0.663 0.631 0.599 0.568 0.536 0.504 0.491 0.500 0.507 0.512 0.515 0.517 0.517 0.515 0.511 0.506 0.498 0.489 0.491 0.509 0.528 0.548 0.571 0.595 0.620 0.647 0.676 0.707 0.739 0.772 0.840 0.945 1.048 1.149 1.247 1.338 1.424 1.510 1.595 1.679 1.762 1.844 2.130 2.648 3.148 3.631 4.096 4.545 4.975 5.389 5.785 6.163 6.525 6.869 7.178
1.272 1.230 1.191 1.153 1.118 1.085 1.054 1.026 0.999 0.975 0.954 0.934 0.913 0.881 0.850 0.819 0.787 0.755 0.723 0.691 0.659 0.627 0.595 0.563 0.541 0.544 0.545 0.544 0.541 0.536 0.530 0.522 0.512 0.500 0.487 0.471 0.467 0.490 0.514 0.541 0.569 0.598 0.630 0.662 0.697 0.733 0.763 0.789 0.835 0.923 1.009 1.095 1.181 1.265 1.349 1.431 1.513 1.594 1.674 1.754 1.957 2.414 2.854 3.277 3.682 4.070 4.440 4.793 5.129 5.447 5.748 6.032 6.309
1.239 1.205 1.173 1.144 1.116 1.091 1.068 1.048 1.030 1.014 1.000 0.989 0.976 0.944 0.912 0.880 0.848 0.816 0.784 0.752 0.719 0.687 0.654 0.622 0.594 0.590 0.584 0.577 0.568 0.557 0.545 0.530 0.514 0.496 0.476 0.455 0.440 0.469 0.500 0.530 0.559 0.587 0.615 0.642 0.668 0.694 0.719 0.743 0.777 0.862 0.946 1.029 1.111 1.193 1.274 1.353 1.432 1.510 1.588 1.664 1.801 2.198 2.577 2.940 3.284 3.612 3.922 4.215 4.490 4.748 4.989 5.213 5.439
1.204 1.177 1.153 1.132 1.112 1.095 1.080 1.068 1.058 1.049 1.044 1.040 1.039 1.007 0.975 0.942 0.910 0.878 0.845 0.812 0.779 0.747 0.714 0.680 0.648 0.638 0.626 0.612 0.597 0.580 0.561 0.541 0.514 0.488 0.464 0.441 0.420 0.449 0.477 0.505 0.531 0.557 0.582 0.607 0.631 0.654 0.676 0.697 0.720 0.802 0.883 0.964 1.043 1.122 1.199 1.276 1.352 1.428 1.502 1.576 1.662 1.998 2.317 2.619 2.904 3.171 3.421 3.654 3.869 4.067 4.248 4.411 4.567
1.173 1.147 1.131 1.118 1.106 1.097 1.090 1.085 1.083 1.083 1.085 1.089 1.096 1.070 1.037 1.004 0.972 0.939 0.906 0.873 0.840 0.806 0.773 0.739 0.703 0.670 0.641 0.612 0.585 0.559 0.534 0.510 0.488 0.466 0.446 0.427 0.409 0.430 0.455 0.480 0.504 0.528 0.550 0.572 0.593 0.614 0.634 0.653 0.671 0.743 0.822 0.899 0.976 1.051 1.126 1.200 1.274 1.346 1.418 1.488 1.558 1.815 2.074 2.316 2.541 2.748 2.937 3.110 3.265 3.403 3.523 3.627 3.712
1.151 1.115 1.107 1.101 1.097 1.096 1.097 1.100 1.106 1.114 1.124 1.136 1.150 1.132 1.099 1.066 1.033 1.004 0.977 0.942 0.900 0.851 0.793 0.728 0.656 0.615 0.590 0.565 0.542 0.520 0.499 0.479 0.461 0.443 0.427 0.412 0.398 0.412 0.435 0.457 0.478 0.499 0.519 0.539 0.557 0.575 0.592 0.609 0.624 0.685 0.761 0.835 0.909 0.982 1.054 1.125 1.196 1.265 1.334 1.402 1.469 1.650 1.848 2.030 2.194 2.341 2.471 2.583 2.678 2.756 2.816 2.859 2.885
1.136 1.080 1.079 1.082 1.086 1.093 1.102 1.113 1.126 1.142 1.193 1.260 1.294 1.289 1.266 1.236 1.198 1.152 1.098 1.037 0.968 0.892 0.808 0.716 0.616 0.559 0.537 0.517 0.498 0.480 0.463 0.447 0.432 0.419 0.406 0.395 0.385 0.394 0.414 0.434 0.453 0.471 0.489 0.506 0.522 0.537 0.552 0.565 0.578 0.628 0.701 0.773 0.843 0.913 0.983 1.051 1.118 1.185 1.251 1.316 1.380 1.501 1.639 1.761 1.865 1.952 2.021 2.073 2.108 2.126 2.127 2.110 2.076
1.129 1.042 1.050 1.182 1.361 1.508 1.622 1.705 1.755 1.773 1.759 1.712 1.633 1.553 1.503 1.446 1.381 1.308 1.228 1.140 1.044 0.941 0.830 0.711 0.585 0.501 0.484 0.468 0.452 0.438 0.425 0.414 0.403 0.393 0.385 0.378 0.372 0.377 0.395 0.412 0.429 0.444 0.459 0.473 0.487 0.500 0.512 0.523 0.533 0.572 0.642 0.711 0.779 0.846 0.912 0.977 1.042 1.106 1.169 1.231 1.292 1.369 1.447 1.508 1.553 1.579 1.589 1.581 1.588 1.635 1.672 1.699 1.717
2.240 2.344 2.474 2.572 2.638 2.672 2.674 2.643 2.580 2.485 2.358 2.199 2.007 1.824 1.747 1.663 1.571 1.472 1.365 1.250 1.128 0.998 0.860 0.715 0.562 0.443 0.429 0.417 0.406 0.396 0.387 0.379 0.372 0.367 0.362 0.359 0.357 0.361 0.376 0.391 0.405 0.418 0.430 0.442 0.453 0.463 0.473 0.481 0.489 0.517 0.584 0.650 0.715 0.779 0.842 0.905 0.967 1.028 1.088 1.147 1.206 1.280 1.360 1.431 1.492 1.543 1.585 1.617 1.640 1.654 1.657 1.651 1.636
3.897 3.994 4.011 3.996 3.949 3.870 3.759 3.615 3.440 3.232 2.992 2.719 2.415 2.103 2.000 1.889 1.770 1.644 1.510 1.369 1.220 1.063 0.899 0.727 0.547 0.383 0.374 0.365 0.358 0.352 0.347 0.343 0.341 0.339 0.339 0.339 0.341 0.346 0.358 0.370 0.382 0.392 0.402 0.411 0.420 0.427 0.434 0.440 0.446 0.462 0.526 0.589 0.652 0.713 0.836 0.991 1.129 1.250 1.356 1.445 1.517 1.574 1.620 1.658 1.685 1.704 1.712 1.712 1.701 1.681 1.652 1.613 1.565
5.549 5.660 5.581 5.454 5.294 5.102 4.878 4.621 4.333 4.012 3.659 3.274 2.857 2.408 2.260 2.122 1.977 1.824 1.663 1.495 1.319 1.136 0.945 0.746 0.540 0.326 0.317 0.313 0.310 0.307 0.306 0.306 0.308 0.310 0.314 0.318 0.324 0.331 0.341 0.351 0.360 0.368 0.375 0.381 0.387 0.392 0.397 0.564 0.726 0.804 0.984 1.147 1.293 1.423 1.537 1.634 1.715 1.779 1.827 1.859 1.874 1.876 1.889 1.893 1.888 1.873 1.849 1.815 1.771 1.718 1.656 1.584 1.502
