DATA/SHG/ECMWF/20170628/EN-30/20170712.en-30.asc
ncols        190
nrows        64
xllcorner    -5100000.000000000000
yllcorner    4130000.000000000000
cellsize     10000.000000000000
NODATA_value  -99999.000
[rows 32 to 63 of 64, columns 73 to 145 of 190]
8.155 8.032 7.904 7.772 7.635 7.494 7.348 7.198 7.043 6.884 6.720 6.552 6.423 6.518 6.623 6.738 6.861 6.995 7.138 7.291 7.453 7.623 7.799 7.983 8.173 8.370 8.581 8.805 9.043 9.295 9.561 9.841 10.135 10.442 10.763 11.098 11.242 10.996 10.737 10.463 10.175 9.873 9.557 9.227 8.871 8.476 8.081 7.687 8.116 9.451 10.754 12.024 13.262 14.468 15.641 16.782 17.891 18.968 20.012 21.023 21.387 21.349 21.349 21.386 21.461 21.574 21.724 21.912 22.138 22.401 22.702 23.041 22.331
8.194 8.055 7.912 7.764 7.611 7.454 7.293 7.127 6.957 6.782 6.602 6.418 6.241 6.370 6.508 6.655 6.812 6.979 7.155 7.341 7.536 7.739 7.949 8.166 8.394 8.652 8.924 9.209 9.509 9.822 10.149 10.490 10.845 11.214 11.596 11.970 12.112 11.716 11.320 10.925 10.529 10.134 9.740 9.346 8.952 8.558 8.165 7.772 7.944 9.137 10.297 11.425 12.520 13.584 14.615 15.613 16.580 17.514 18.415 19.285 19.774 19.903 20.069 20.273 20.515 20.794 21.110 21.465 21.857 22.286 22.753 23.258 22.713
8.219 8.082 7.923 7.760 7.592 7.419 7.242 7.060 6.874 6.684 6.489 6.289 6.085 6.213 6.384 6.565 6.755 6.954 7.163 7.382 7.610 7.847 8.090 8.341 8.599 8.917 9.255 9.607 9.947 10.276 10.593 10.898 11.192 11.474 11.744 12.003 12.183 11.788 11.393 10.999 10.605 10.211 9.818 9.425 9.032 8.640 8.248 7.856 7.806 8.856 9.874 10.860 11.813 12.734 13.622 14.479 15.303 16.094 16.854 17.581 18.125 18.420 18.753 19.123 19.531 19.976 20.459 20.980 21.538 22.134 22.767 23.438 23.120
8.231 8.114 7.939 7.760 7.576 7.388 7.195 6.998 6.796 6.590 6.380 6.164 5.945 6.048 6.252 6.465 6.688 6.921 7.281 7.773 8.198 8.536 8.797 9.005 9.160 9.453 9.765 10.066 10.354 10.631 10.897 11.150 11.392 11.623 11.841 12.048 12.244 11.860 11.466 11.073 10.680 10.288 9.896 9.504 9.113 8.721 8.331 7.940 7.702 8.610 9.485 10.329 11.140 11.918 12.665 13.379 14.061 14.710 15.328 15.913 16.440 16.901 17.400 17.936 18.510 19.122 19.771 20.458 21.182 21.944 22.743 23.580 23.552
8.230 8.150 7.959 7.764 7.565 7.361 7.153 6.940 6.723 6.501 6.275 6.261 6.543 7.076 7.670 8.198 8.658 9.052 9.380 9.640 9.834 9.939 9.966 9.941 9.862 10.028 10.288 10.537 10.774 10.999 11.213 11.415 11.605 11.784 11.951 12.107 12.250 11.931 11.539 11.147 10.755 10.364 9.973 9.583 9.193 8.803 8.413 8.024 7.635 8.398 9.131 9.832 10.501 11.137 11.741 12.314 12.853 13.361 13.836 14.279 14.718 15.345 16.010 16.713 17.453 18.231 19.046 19.899 20.789 21.717 22.682 23.685 24.009
8.215 8.190 7.984 7.773 7.692 7.773 7.910 8.105 8.356 8.663 9.027 9.448 9.925 10.390 10.752 11.048 11.278 11.440 11.536 11.566 11.528 11.401 11.194 10.935 10.622 10.614 10.823 11.020 11.206 11.379 11.542 11.692 11.831 11.958 12.074 12.177 12.269 12.002 11.611 11.220 10.830 10.440 10.051 9.661 9.272 8.883 8.495 8.107 7.719 8.220 8.811 9.370 9.896 10.391 10.853 11.283 11.681 12.046 12.380 12.681 12.960 13.753 14.584 15.453 16.359 17.302 18.283 19.302 20.358 21.452 22.583 23.752 24.491
8.738 8.960 9.067 9.231 9.452 9.729 10.062 10.452 10.899 11.403 11.963 12.579 13.252 13.760 13.891 13.956 13.954 13.886 13.750 13.549 13.280 12.920 12.480 11.987 11.441 11.213 11.370 11.516 11.650 11.772 11.883 11.982 12.069 12.145 12.208 12.261 12.301 12.072 11.683 11.294 10.904 10.516 10.127 9.739 9.351 8.964 8.577 8.190 7.803 8.075 8.524 8.941 9.326 9.678 9.999 10.287 10.543 10.766 10.958 11.117 11.244 12.124 13.121 14.156 15.228 16.337 17.484 18.669 19.891 21.150 22.447 23.781 24.999
9.789 10.077 10.381 10.740 11.157 11.630 12.159 12.745 13.387 14.086 14.842 15.654 16.523 17.187 17.087 16.921 16.688 16.388 16.022 15.589 15.089 14.498 13.824 13.097 12.318 11.824 11.930 12.024 12.106 12.177 12.236 12.284 12.319 12.344 12.356 12.357 12.346 12.143 11.754 11.366 10.979 10.591 10.204 9.817 9.430 9.044 8.658 8.273 7.887 7.965 8.272 8.547 8.790 9.001 9.179 9.325 9.439 9.521 9.571 9.588 9.574 10.459 11.622 12.822 14.060 15.335 16.618 17.894 19.164 20.427 21.683 22.932 24.175
10.840 11.140 11.639 12.195 12.807 13.475 14.200 14.982 15.820 16.715 17.666 18.674 19.738 20.671 20.340 19.942 19.478 18.947 18.350 17.687 16.957 16.132 15.226 14.266 13.254 12.448 12.502 12.545 12.575 12.595 12.602 12.598 12.582 12.555 12.516 12.465 12.403 12.213 11.826 11.439 11.052 10.666 10.280 9.894 9.509 9.124 8.739 8.355 7.971 7.889 8.054 8.187 8.288 8.357 8.394 8.398 8.398 8.457 8.474 8.451 8.387 9.227 10.508 11.782 13.049 14.310 15.564 16.811 18.052 19.286 20.513 21.733 22.947
11.891 12.174 12.843 13.594 14.402 15.266 16.187 17.164 18.198 19.288 20.434 21.637 22.897 24.211 23.649 23.020 22.325 21.564 20.736 19.842 18.881 17.825 16.685 15.492 14.247 13.084 13.086 13.077 13.057 13.025 12.981 12.925 12.858 12.779 12.689 12.587 12.473 12.282 11.896 11.511 11.126 10.741 10.356 9.971 9.587 9.204 8.820 8.467 8.249 8.181 8.345 8.469 8.551 8.593 8.594 8.554 8.473 8.351 8.188 7.985 7.740 8.326 9.578 10.823 12.061 13.293 14.518 15.736 16.948 18.152 19.350 20.542 21.726
12.942 13.220 13.993 14.939 15.943 17.002 18.118 19.291 20.520 21.805 23.147 24.545 26.000 27.511 27.014 26.155 25.230 24.238 23.179 22.054 20.863 19.576 18.203 16.777 15.299 13.768 13.683 13.622 13.550 13.467 13.371 13.264 13.146 13.016 12.874 12.720 12.555 12.352 12.005 11.962 11.882 11.763 11.606 11.410 11.176 10.903 10.592 10.243 9.855 9.559 9.543 9.487 9.389 9.250 9.071 8.851 8.590 8.288 7.945 7.561 7.137 7.434 8.656 9.872 11.081 12.284 13.480 14.669 15.851 17.027 18.196 19.358 20.513
13.993 14.266 15.088 16.230 17.428 18.683 19.995 21.363 22.787 24.267 25.804 27.398 29.047 30.753 30.436 29.347 28.191 26.968 25.680 24.324 22.903 21.383 19.778 18.119 16.408 14.645 14.292 14.180 14.056 13.923 13.854 13.861 13.946 14.108 14.348 14.664 15.057 15.520 15.346 15.134 14.884 14.595 14.268 13.902 13.499 13.056 12.576 12.057 11.499 10.979 10.783 10.546 10.268 9.949 9.590 9.190 8.749 8.267 7.744 7.180 6.576 6.548 7.742 8.929 10.109 11.282 12.449 13.609 14.762 15.909 17.049 18.182 19.309
15.044 15.312 16.128 17.466 18.860 20.310 21.816 23.379 24.999 26.674 28.406 30.194 32.039 33.940 33.915 32.595 31.209 29.756 28.237 26.652 25.000 22.953 20.893 18.852 16.831 14.831 14.267 14.306 14.423 14.616 14.887 15.235 15.660 16.161 16.740 17.396 18.129 18.939 18.725 18.343 17.923 17.465 16.968 16.433 15.860 15.248 14.598 13.909 13.182 12.440 12.064 11.647 11.189 10.690 10.151 9.571 8.950 8.288 7.585 6.841 6.057 5.671 6.835 7.993 9.144 10.288 11.426 12.557 13.681 14.799 15.910 17.014 18.111
16.095 16.358 17.114 18.647 20.236 21.881 23.583 25.341 27.155 29.026 30.953 32.936 34.975 37.071 36.794 34.631 32.493 30.380 28.293 26.231 24.195 22.192 20.219 18.266 16.334 14.421 13.855 14.234 14.691 15.224 15.834 16.522 17.286 18.127 19.046 20.041 21.113 22.262 22.142 21.590 21.001 20.373 19.707 19.002 18.259 17.478 16.658 15.800 14.904 13.969 13.387 12.790 12.152 11.473 10.754 9.994 9.193 8.351 7.468 6.545 5.581 4.801 5.936 7.065 8.187 9.302 10.411 11.513 12.608 13.697 14.779 15.854 16.922
17.146 17.404 18.046 19.774 21.558 23.398 25.295 26.774 28.228 29.667 31.089 32.496 33.887 35.262 35.401 33.325 31.274 29.249 27.249 25.274 23.324 21.409 19.524 17.659 15.815 13.990 13.357 14.076 14.872 15.745 16.695 17.722 18.825 20.006 21.264 22.598 24.010 25.498 25.596 24.875 24.116 23.319 22.483 21.609 20.697 19.746 18.757 17.730 16.664 15.561 14.750 13.974 13.156 12.297 11.398 10.458 9.478 8.456 7.394 6.291 5.147 3.963 5.045 6.144 7.238 8.324 9.403 10.476 11.543 12.602 13.655 14.701 15.741
17.883 17.844 18.022 19.502 20.965 22.413 23.845 25.261 26.661 28.046 29.414 30.766 32.103 33.424 33.987 31.998 30.034 28.096 26.183 24.295 22.433 20.605 18.808 17.031 15.274 13.538 12.774 13.833 14.968 16.180 17.469 18.835 20.278 21.798 23.395 25.068 26.819 28.646 29.088 28.197 27.269 26.302 25.297 24.254 23.172 22.053 20.894 19.698 18.463 17.190 16.156 15.199 14.202 13.163 12.085 10.965 9.805 8.604 7.362 6.079 4.756 3.392 4.161 5.232 6.296 7.353 8.404 9.448 10.485 11.516 12.539 13.557 14.567
16.784 16.784 16.797 18.223 19.632 21.026 22.403 23.765 25.111 26.441 27.755 29.053 30.336 31.602 32.552 30.650 28.774 26.922 25.096 23.295 21.520 19.779 18.070 16.381 14.712 13.064 12.106 13.504 14.978 16.529 18.158 19.863 21.645 23.503 25.439 27.451 29.541 31.707 32.617 31.557 30.460 29.324 28.150 26.937 25.686 24.397 23.070 21.705 20.301 18.859 17.602 16.466 15.289 14.071 12.813 11.514 10.174 8.793 7.372 5.910 4.407 2.864 3.285 4.327 5.362 6.390 7.412 8.427 9.435 10.457 11.515 12.556 13.581
15.677 15.714 15.761 16.960 18.315 19.654 20.977 22.285 23.577 24.852 26.112 27.356 28.584 29.797 30.993 29.282 27.492 25.728 23.988 22.274 20.586 18.933 17.311 15.710 14.129 12.568 11.353 13.089 14.903 16.793 18.760 20.804 22.924 25.122 27.396 29.747 32.175 34.680 36.184 34.955 33.688 32.383 31.040 29.658 28.238 26.780 25.284 23.750 22.177 20.566 19.090 17.774 16.418 15.020 13.582 12.104 10.585 9.025 7.424 5.783 4.121 2.503 2.640 3.740 4.823 5.890 6.942 7.977 8.996 10.000 10.987 11.959 12.914
14.561 14.635 14.720 15.713 17.014 18.299 19.568 20.821 22.058 23.280 24.486 25.676 26.850 28.008 29.150 27.892 26.189 24.512 22.860 21.232 19.631 18.065 16.531 15.018 13.525 12.051 10.598 12.589 14.741 16.970 19.276 21.658 24.118 26.654 29.266 31.956 34.722 37.565 39.788 38.390 36.954 35.480 33.968 32.417 30.829 29.202 27.536 25.833 24.091 22.311 20.619 19.132 17.673 16.180 14.652 13.089 11.491 9.858 8.190 6.487 4.750 2.977 2.689 3.718 4.732 5.729 6.710 7.676 8.625 9.559 10.476 11.378 12.263
13.436 13.548 13.670 14.482 15.728 16.959 18.174 19.373 20.556 21.724 22.875 24.011 25.131 26.235 27.323 26.482 24.866 23.275 21.710 20.169 18.654 17.176 15.730 14.304 12.898 11.513 10.147 12.004 14.494 17.062 19.706 22.427 25.225 28.099 31.050 34.078 37.182 40.363 43.430 41.863 40.258 38.615 36.928 35.001 33.118 31.279 29.485 27.735 26.028 24.366 22.758 21.181 19.568 17.921 16.239 14.522 12.770 10.983 9.162 7.305 5.414 3.487 2.753 3.713 4.656 5.584 6.495 7.391 8.270 9.134 9.981 10.813 11.629
12.303 12.451 12.611 13.267 14.459 15.636 16.797 17.942 19.071 20.184 21.281 22.363 23.429 24.478 25.513 25.051 23.521 22.017 20.539 19.085 17.657 16.265 14.907 13.569 12.251 10.953 9.675 11.333 14.162 17.068 20.050 23.110 26.245 29.458 32.497 35.526 38.558 41.593 44.631 43.128 41.262 39.440 37.663 35.929 34.240 32.594 30.993 29.436 27.923 26.454 24.996 23.264 21.498 19.697 17.861 15.990 14.084 12.144 10.168 8.158 6.113 4.033 2.834 3.724 4.597 5.455 6.296 7.122 7.932 8.725 9.503 10.265 11.011
11.160 11.346 11.543 12.068 13.206 14.328 15.435 16.526 17.601 18.660 19.703 20.731 21.742 22.738 23.718 23.598 22.156 20.739 19.347 17.980 16.638 15.334 14.063 12.813 11.582 10.379 9.211 10.567 13.589 16.614 19.642 22.673 25.707 28.744 31.785 34.828 37.875 40.925 43.978 43.235 41.563 39.934 38.350 36.810 35.313 33.861 32.453 31.089 29.770 28.494 27.262 25.382 23.462 21.507 19.517 17.493 15.433 13.339 11.210 9.046 6.847 4.613 2.931 3.750 4.554 5.342 6.114 6.869 7.609 8.333 9.041 9.733 10.409
10.009 10.232 10.466 10.884 11.969 13.037 14.090 15.126 16.147 17.152 18.142 19.115 20.073 21.014 21.940 22.125 20.770 19.401 18.051 16.744 15.480 14.272 13.117 11.994 10.905 9.850 8.828 9.749 12.786 15.825 18.868 21.914 24.962 28.014 31.070 34.128 37.189 40.254 43.321 43.295 41.816 40.380 38.989 37.642 36.339 35.080 33.865 32.694 31.568 30.485 29.447 27.534 25.460 23.352 21.208 19.030 16.817 14.569 12.286 9.969 7.617 5.230 3.043 3.793 4.527 5.245 5.947 6.633 7.303 7.957 8.595 9.217 9.823
8.849 9.110 9.381 9.717 10.747 11.762 12.760 13.743 14.710 15.661 16.719 17.728 18.614 19.377 20.018 20.198 18.910 17.664 16.460 15.299 14.179 13.118 12.110 11.134 10.192 9.284 8.409 8.928 11.979 15.033 18.091 21.151 24.215 27.281 30.351 33.424 36.500 39.579 42.661 43.307 42.021 40.779 39.581 38.427 37.317 36.251 35.229 34.251 33.318 32.428 31.582 29.721 27.493 25.231 22.934 20.602 18.236 15.834 13.398 10.927 8.421 5.881 3.305 3.852 4.516 5.164 5.796 6.412 7.013 7.597 8.165 8.718 9.254
7.680 7.978 8.286 9.005 10.412 11.735 12.935 14.012 14.966 15.797 16.506 17.092 17.555 17.895 18.112 18.135 16.992 15.892 14.833 13.817 12.843 11.928 11.066 10.238 9.443 8.681 7.953 8.104 11.170 14.238 17.310 20.385 23.464 26.545 29.629 32.717 35.807 38.901 41.998 43.272 42.179 41.130 40.125 39.164 38.247 37.374 36.545 35.760 35.019 34.322 33.669 31.942 29.561 27.145 24.695 22.209 19.689 17.134 14.545 11.920 9.261 6.567 3.839 3.926 4.521 5.099 5.662 6.208 6.739 7.253 7.752 8.235 8.702
9.079 9.983 10.907 11.851 12.851 13.750 14.526 15.180 15.711 16.120 16.405 16.568 16.608 16.526 16.321 15.993 15.039 14.084 13.170 12.299 11.471 10.702 9.987 9.305 8.657 8.042 7.460 7.276 10.357 13.440 16.527 19.616 22.709 25.805 28.904 32.006 35.112 38.220 41.332 43.190 42.290 41.434 40.621 39.853 39.129 38.449 37.813 37.220 36.672 36.168 35.708 34.197 31.663 29.094 26.490 23.851 21.178 18.469 15.726 12.949 10.136 7.289 4.407 4.017 4.542 5.050 5.543 6.020 6.481 6.926 7.355 7.768 8.165
11.699 12.672 13.664 14.676 15.400 15.877 16.230 16.461 16.569 16.555 16.418 16.158 15.776 15.271 14.643 13.893 13.050 12.239 11.472 10.746 10.062 9.439 8.871 8.336 7.834 7.366 6.931 6.530 9.541 12.639 15.740 18.844 21.952 25.062 28.176 31.293 34.413 37.536 40.662 43.060 42.353 41.690 41.070 40.495 39.963 39.476 39.032 38.633 38.277 37.966 37.698 36.487 33.799 31.077 28.320 25.528 22.701 19.839 16.943 14.012 11.046 8.046 5.011 4.124 4.579 5.020 5.465 5.912 6.361 6.813 7.267 7.724 8.183
14.298 15.338 16.398 17.478 18.061 18.115 18.045 17.854 17.539 17.102 16.543 15.861 15.056 14.129 13.079 11.907 11.024 10.360 9.737 9.156 8.618 8.141 7.719 7.331 6.976 6.654 6.366 6.111 8.721 11.834 14.950 18.069 21.191 24.316 27.444 30.576 33.710 36.848 39.989 42.884 42.369 41.898 41.472 41.089 40.750 40.455 40.204 39.997 39.834 39.715 39.640 38.811 35.970 33.094 30.184 27.239 24.213 20.922 17.695 14.530 11.428 8.389 5.413 4.178 4.628 5.081 5.536 5.994 6.454 6.917 7.382 7.849 8.319
16.874 17.982 19.111 20.259 20.834 20.464 19.973 19.358 18.622 17.762 16.781 15.676 14.450 13.100 11.629 10.034 8.964 8.444 7.966 7.530 7.137 6.806 6.531 6.289 6.080 5.905 5.763 5.655 7.899 11.026 14.157 17.290 20.427 23.567 26.710 29.856 33.005 36.157 39.313 42.471 42.338 42.060 41.826 41.635 41.489 41.387 41.328 41.305 40.876 40.398 39.871 38.835 35.504 32.237 29.033 25.891 22.813 19.797 16.844 13.954 11.127 8.363 5.661 4.214 4.675 5.139 5.605 6.074 6.545 7.018 7.494 7.972 8.453
19.428 20.605 21.802 23.018 23.717 22.925 22.011 20.975 19.816 18.535 17.131 15.605 13.956 12.185 10.292 8.276 6.867 6.492 6.159 5.869 5.620 5.435 5.306 5.211 5.149 5.120 5.125 5.163 7.073 10.215 13.360 16.508 19.660 22.814 25.972 29.132 32.296 35.463 38.633 41.768 42.105 41.804 41.453 41.055 40.607 40.111 39.565 38.972 38.329 37.638 36.897 35.998 32.943 29.950 27.021 24.154 21.350 18.609 15.931 13.315 10.763 8.273 5.846 4.248 4.720 5.194 5.671 6.151 6.633 7.117 7.603 8.093 8.584
21.961 23.206 24.470 25.755 26.711 25.498 24.162 22.703 21.122 19.419 17.594 15.646 13.576 11.383 9.068 6.631 4.735 4.505 4.317 4.171 4.067 4.028 4.045 4.096 4.181 4.298 4.450 4.634 6.244 9.401 12.577 15.748 18.908 22.059 25.198 28.327 31.446 34.554 37.652 40.739 41.321 40.806 40.242 39.630 38.969 38.259 37.500 36.693 35.836 34.932 33.978 32.976 30.319 27.601 24.946 22.354 19.824 17.358 14.954 12.613 10.335 8.119 5.967 4.279 4.762 5.247 5.735 6.225 6.718 7.213 7.710 8.210 8.713
24.472 25.785 27.118 28.470 29.817 28.181 26.423 24.543 22.541 20.416 18.169 15.800 13.308 10.694 7.958 5.100 2.567 2.482 2.439 2.438 2.479 2.754 3.108 3.433 3.731 3.999 4.240 4.452 5.680 8.827 11.964 15.090 18.206 21.311 24.405 27.490 30.563 33.627 36.679 39.722 40.590 39.862 39.084 38.259 37.384 36.461 35.489 34.468 33.398 32.280 31.113 29.898 27.633 25.190 22.809 20.491 18.236 16.044 13.914 11.848 9.844 7.903 6.024 4.308 4.801 5.297 5.796 6.297 6.800 7.306 7.815 8.325 8.838
