DATA/SHG/ECMWF/20170628/EN-30/20170706.en-30.asc
ncols        190
nrows        64
xllcorner    -5100000.000000000000
yllcorner    4130000.000000000000
cellsize     10000.000000000000
NODATA_value  -99999.000
[rows 0 to 32 of 64, columns 74 to 147 of 190]
3.913 3.893 3.900 3.935 3.998 4.088 4.206 4.247 4.085 3.935 3.781 3.622 3.458 3.290 3.117 2.939 2.756 2.569 2.377 2.236 2.276 2.314 2.358 2.408 2.464 2.526 2.594 2.668 2.748 2.834 2.926 3.018 3.092 3.159 3.220 3.274 3.322 3.364 3.400 3.429 3.452 3.468 3.479 3.541 3.784 4.031 4.281 4.535 4.793 5.054 5.319 5.588 5.860 6.136 6.416 6.655 6.763 6.868 6.970 7.070 7.167 7.261 7.352 7.441 7.527 7.610 7.690 7.662 7.333 6.996 6.652 6.302 5.944 5.579
3.634 3.816 4.028 4.237 4.444 4.648 4.849 4.985 4.823 4.657 4.486 4.310 4.130 3.945 3.755 3.560 3.361 3.157 2.948 2.765 2.831 2.896 2.967 3.043 3.126 3.215 3.309 3.410 3.516 3.629 3.747 3.863 3.908 3.947 3.979 4.005 4.025 4.039 4.046 4.047 4.041 4.029 4.011 4.023 4.282 4.545 4.812 5.083 5.357 5.634 5.916 6.201 6.489 6.782 7.078 7.349 7.445 7.537 7.627 7.715 7.799 7.881 7.960 8.037 8.110 8.181 8.250 8.251 7.890 7.522 7.146 6.764 6.375 5.978
4.381 4.586 4.789 4.988 5.186 5.380 5.572 5.743 5.565 5.382 5.194 5.002 4.805 4.603 4.396 4.185 3.969 3.748 3.523 3.292 3.379 3.470 3.568 3.671 3.780 3.895 4.017 4.144 4.277 4.416 4.561 4.712 4.730 4.740 4.744 4.742 4.734 4.719 4.698 4.670 4.636 4.596 4.550 4.500 4.776 5.055 5.338 5.625 5.916 6.210 6.507 6.809 7.114 7.422 7.735 8.045 8.128 8.209 8.287 8.362 8.434 8.504 8.570 8.635 8.696 8.755 8.811 8.796 8.333 7.907 7.517 7.164 6.848 6.567
5.162 5.358 5.551 5.741 5.929 6.113 6.295 6.475 6.310 6.110 5.906 5.697 5.483 5.264 5.041 4.813 4.580 4.343 4.101 3.854 3.919 4.037 4.161 4.291 4.427 4.568 4.716 4.870 5.030 5.195 5.367 5.545 5.557 5.540 5.515 5.485 5.448 5.405 5.355 5.300 5.238 5.169 5.095 5.014 5.265 5.561 5.860 6.163 6.470 6.780 7.094 7.412 7.733 8.058 8.387 8.719 8.814 8.882 8.921 8.923 8.911 8.885 8.845 8.791 8.723 8.641 8.546 8.436 8.150 7.886 7.659 7.469 7.315 7.197
5.945 6.131 6.314 6.495 6.673 6.848 7.020 7.190 7.058 6.842 6.621 6.395 6.164 5.929 5.689 5.445 5.195 4.941 4.682 4.419 4.451 4.596 4.746 4.903 5.065 5.234 5.408 5.588 5.775 5.967 6.165 6.369 6.391 6.345 6.292 6.233 6.168 6.097 6.019 5.935 5.845 5.748 5.645 5.536 5.749 6.061 6.377 6.696 7.019 7.325 7.619 7.916 8.218 8.524 8.833 9.147 9.196 9.164 9.117 9.057 8.983 8.895 8.792 8.676 8.546 8.402 8.244 8.073 7.930 7.829 7.765 7.737 7.746 7.791
6.729 6.906 7.079 7.250 7.419 7.584 7.747 7.907 7.810 7.577 7.339 7.097 6.849 6.598 6.341 6.080 5.814 5.543 5.268 4.987 4.976 5.147 5.324 5.507 5.697 5.891 6.092 6.299 6.512 6.731 6.956 7.186 7.230 7.155 7.075 6.988 6.894 6.795 6.689 6.576 6.420 6.244 6.076 5.917 6.053 6.344 6.639 6.939 7.242 7.550 7.861 8.177 8.497 8.821 9.149 9.481 9.531 9.436 9.328 9.205 9.069 8.919 8.754 8.576 8.384 8.178 7.958 7.724 7.674 7.736 7.834 7.969 8.140 8.347
7.515 7.681 7.846 8.007 8.166 8.322 8.475 8.626 8.565 8.315 8.061 7.802 7.538 7.269 6.996 6.718 6.435 6.148 5.856 5.559 5.493 5.691 5.895 6.104 6.320 6.542 6.769 7.002 7.242 7.487 7.738 7.913 7.870 7.663 7.465 7.275 7.094 6.922 6.758 6.603 6.457 6.319 6.190 6.070 6.181 6.491 6.804 7.122 7.444 7.770 8.099 8.433 8.771 9.114 9.460 9.810 9.880 9.723 9.553 9.368 9.169 8.957 8.730 8.490 8.236 7.968 7.685 7.389 7.383 7.607 7.867 8.164 8.497 8.867
8.301 8.459 8.613 8.765 8.914 9.061 9.204 9.345 9.323 9.057 8.786 8.510 8.229 7.944 7.654 7.360 7.061 6.757 6.448 6.135 6.003 6.228 6.387 6.518 6.650 6.782 6.913 7.045 7.178 7.310 7.442 7.575 7.590 7.421 7.261 7.110 6.968 6.834 6.709 6.592 6.485 6.385 6.295 6.213 6.305 6.633 6.965 7.301 7.641 7.985 8.333 8.685 9.041 9.401 9.766 10.134 10.243 10.024 9.791 9.544 9.284 9.009 8.721 8.418 8.102 7.772 7.428 7.070 7.055 7.441 7.864 8.323 8.818 9.350
9.090 9.237 9.382 9.525 9.664 9.801 9.935 10.066 10.085 9.802 9.514 9.221 8.924 8.623 8.285 7.828 7.378 6.935 6.500 6.072 5.778 5.910 6.042 6.174 6.306 6.439 6.571 6.704 6.837 6.970 7.104 7.237 7.300 7.170 7.049 6.936 6.832 6.737 6.650 6.572 6.503 6.442 6.390 6.347 6.425 6.771 7.121 7.475 7.833 8.195 8.561 8.932 9.306 9.684 10.067 10.454 10.620 10.339 10.044 9.735 9.412 9.076 8.725 8.361 7.982 7.590 7.184 6.764 6.691 7.240 7.824 8.445 9.103 9.796
9.879 10.017 10.153 10.285 10.415 10.543 10.667 10.729 10.599 10.124 9.655 9.195 8.741 8.295 7.856 7.424 7.000 6.583 6.173 5.771 5.432 5.564 5.697 5.830 5.963 6.096 6.230 6.363 6.497 6.631 6.765 6.899 7.001 6.910 6.827 6.753 6.687 6.631 6.582 6.543 6.512 6.490 6.476 6.471 6.539 6.904 7.272 7.644 8.020 8.401 8.785 9.174 9.566 9.963 10.364 10.768 11.010 10.667 10.311 9.940 9.555 9.156 8.744 8.318 7.877 7.423 6.955 6.473 6.292 7.002 7.749 8.531 9.351 10.206
10.593 10.545 10.489 10.427 10.359 10.283 10.201 10.112 10.012 9.562 9.119 8.684 8.256 7.835 7.422 7.015 6.616 6.225 5.840 5.463 5.097 5.219 5.352 5.486 5.620 5.754 5.888 6.023 6.157 6.292 6.427 6.562 6.693 6.640 6.596 6.560 6.533 6.515 6.505 6.504 6.512 6.528 6.553 6.586 6.650 7.032 7.418 7.809 8.203 8.602 9.004 9.411 9.822 10.237 10.655 11.078 11.415 11.010 10.591 10.158 9.712 9.251 8.777 8.288 7.786 7.270 6.740 6.196 5.856 6.728 7.637 8.581 9.562 10.580
10.148 10.076 9.997 9.912 9.820 9.721 9.615 9.503 9.383 8.995 8.577 8.167 7.765 7.369 6.981 6.600 6.227 5.860 5.501 5.150 4.809 4.874 5.008 5.143 5.277 5.412 5.547 5.682 5.818 5.953 6.089 6.225 6.360 6.362 6.356 6.359 6.370 6.390 6.419 6.456 6.502 6.557 6.620 6.692 6.772 7.156 7.560 7.969 8.382 8.798 9.219 9.644 10.073 10.506 10.943 11.384 11.829 11.366 10.886 10.391 9.882 9.360 8.824 8.274 7.710 7.132 6.540 5.973 5.527 6.691 7.919 9.211 10.567 11.987
9.710 9.614 9.512 9.403 9.288 9.165 9.036 8.900 8.758 8.421 8.030 7.645 7.268 6.898 6.535 6.179 5.831 5.490 5.157 4.830 4.515 4.529 4.664 4.799 4.935 5.071 5.206 5.342 5.478 5.615 5.751 5.888 6.024 6.074 6.107 6.148 6.198 6.256 6.324 6.399 6.484 6.576 6.678 6.788 6.907 7.275 7.698 8.125 8.555 8.990 9.429 9.872 10.319 10.770 11.225 11.684 12.147 11.737 11.173 10.592 10.025 9.472 8.934 8.409 7.898 7.402 6.919 6.451 5.996 7.318 8.831 10.407 12.048 13.752
9.279 9.160 9.034 8.902 8.763 8.617 8.464 8.305 8.139 7.842 7.476 7.117 6.765 6.420 6.083 5.753 5.430 5.114 4.806 4.505 4.215 4.184 4.320 4.456 4.593 4.729 4.866 5.002 5.139 5.276 5.414 5.551 5.688 5.778 5.849 5.928 6.017 6.113 6.219 6.333 6.456 6.587 6.727 6.875 7.032 7.390 7.831 8.276 8.724 9.162 9.580 9.991 10.394 10.791 11.181 11.564 11.939 11.609 11.076 10.558 10.053 9.563 9.086 8.624 8.175 7.741 7.321 6.914 6.522 7.881 9.678 11.539 13.463 15.452
8.855 8.712 8.563 8.407 8.245 8.076 7.900 7.717 7.528 7.258 6.917 6.583 6.256 5.937 5.625 5.320 5.022 4.732 4.449 4.173 3.909 3.840 3.977 4.114 4.251 4.388 4.525 4.663 4.801 4.938 5.076 5.215 5.353 5.472 5.582 5.700 5.826 5.961 6.105 6.257 6.423 6.598 6.774 6.952 7.131 7.454 7.869 8.276 8.677 9.071 9.457 9.837 10.210 10.576 10.935 11.286 11.631 11.436 10.965 10.509 10.067 9.638 9.224 8.824 8.438 8.066 7.707 7.363 7.033 8.379 10.460 12.605 14.813 17.086
8.437 8.271 8.099 7.920 7.734 7.541 7.342 7.136 6.923 6.667 6.352 6.043 5.742 5.448 5.161 4.881 4.609 4.344 4.086 3.835 3.597 3.496 3.634 3.771 3.909 4.047 4.185 4.324 4.462 4.601 4.739 4.898 5.073 5.245 5.415 5.587 5.760 5.935 6.112 6.291 6.471 6.653 6.837 7.022 7.210 7.493 7.877 8.254 8.624 8.986 9.342 9.691 10.033 10.368 10.696 11.017 11.331 11.248 10.840 10.446 10.066 9.700 9.348 9.010 8.686 8.376 8.080 7.798 7.530 8.813 11.177 13.606 16.098 18.654
8.027 7.838 7.642 7.439 7.230 7.014 6.791 6.562 6.326 6.071 5.781 5.497 5.221 4.953 4.691 4.437 4.190 3.950 3.717 3.492 3.279 3.152 3.314 3.492 3.669 3.846 4.022 4.198 4.372 4.546 4.720 4.892 5.064 5.237 5.415 5.594 5.775 5.958 6.143 6.329 6.517 6.707 6.898 7.091 7.286 7.540 7.893 8.239 8.577 8.909 9.234 9.552 9.863 10.167 10.464 10.754 11.037 11.047 10.701 10.369 10.051 9.747 9.457 9.181 8.919 8.671 8.437 8.218 8.012 9.182 11.830 14.542 17.318 20.157
7.623 7.411 7.192 6.966 6.733 6.494 6.248 5.995 5.735 5.469 5.204 4.946 4.695 4.452 4.220 4.058 3.898 3.740 3.585 3.432 3.280 3.161 3.337 3.512 3.687 3.860 4.033 4.206 4.377 4.548 4.718 4.887 5.056 5.227 5.412 5.599 5.788 5.979 6.171 6.365 6.561 6.758 6.957 7.158 7.361 7.594 7.916 8.231 8.539 8.840 9.134 9.421 9.701 9.974 10.240 10.500 10.752 10.832 10.548 10.278 10.022 9.780 9.552 9.339 9.139 8.953 8.781 8.623 8.479 9.486 12.418 15.413 18.472 21.595
7.227 6.991 6.748 6.499 6.243 5.980 5.711 5.446 5.237 5.040 4.874 4.710 4.549 4.390 4.233 4.079 3.927 3.777 3.629 3.484 3.340 3.196 3.361 3.533 3.705 3.875 4.045 4.214 4.382 4.550 4.717 4.883 5.049 5.215 5.408 5.603 5.799 5.998 6.198 6.399 6.603 6.808 7.014 7.223 7.433 7.655 7.946 8.230 8.507 8.777 9.041 9.297 9.546 9.789 10.024 10.252 10.474 10.603 10.381 10.173 9.979 9.799 9.633 9.481 9.344 9.220 9.110 9.014 8.932 9.727 12.941 16.220 19.562 22.967
6.836 6.584 6.344 6.117 5.901 5.698 5.508 5.329 5.163 5.009 4.853 4.698 4.544 4.393 4.244 4.098 3.953 3.811 3.672 3.534 3.398 3.262 3.386 3.555 3.723 3.891 4.057 4.223 4.389 4.553 4.717 4.880 5.042 5.204 5.402 5.605 5.809 6.015 6.222 6.431 6.642 6.855 7.070 7.286 7.504 7.723 7.984 8.237 8.483 8.722 8.955 9.180 9.399 9.610 9.815 10.013 10.203 10.359 10.199 10.054 9.922 9.804 9.700 9.610 9.534 9.472 9.424 9.390 9.370 9.902 13.400 16.961 20.586 24.275
6.409 6.200 6.003 5.818 5.646 5.486 5.338 5.202 5.079 4.968 4.831 4.683 4.537 4.394 4.253 4.114 3.978 3.844 3.712 3.582 3.453 3.326 3.412 3.578 3.743 3.907 4.070 4.233 4.395 4.557 4.718 4.878 5.037 5.195 5.394 5.604 5.816 6.030 6.245 6.462 6.680 6.901 7.123 7.347 7.572 7.799 8.028 8.251 8.466 8.675 8.876 9.071 9.259 9.440 9.613 9.780 9.940 10.093 10.004 9.920 9.850 9.794 9.752 9.724 9.710 9.710 9.724 9.752 9.834 10.136 13.809 17.385 20.864 24.248
5.972 5.806 5.651 5.509 5.380 5.262 5.157 5.064 4.983 4.914 4.806 4.666 4.529 4.393 4.260 4.129 4.000 3.874 3.750 3.628 3.507 3.388 3.438 3.601 3.763 3.924 4.084 4.244 4.403 4.561 4.719 4.876 5.032 5.187 5.384 5.602 5.822 6.043 6.266 6.490 6.717 6.945 7.174 7.406 7.639 7.874 8.080 8.272 8.457 8.635 8.805 8.969 9.126 9.276 9.419 9.555 9.684 9.807 9.795 9.830 9.955 10.084 10.217 10.354 10.494 10.638 10.786 10.938 11.093 11.253 14.292 17.442 20.496 23.454
5.524 5.400 5.289 5.189 5.102 5.027 4.965 4.914 4.876 4.850 4.780 4.648 4.518 4.390 4.265 4.142 4.021 3.902 3.786 3.672 3.559 3.447 3.466 3.625 3.784 3.942 4.099 4.256 4.411 4.567 4.721 4.875 5.028 5.180 5.372 5.598 5.825 6.054 6.284 6.517 6.751 6.986 7.224 7.463 7.704 7.946 8.140 8.301 8.455 8.602 8.745 8.914 9.115 9.347 9.612 9.909 10.237 10.597 10.797 10.935 11.077 11.223 11.372 11.525 11.682 11.843 12.007 12.175 12.347 12.523 14.869 17.594 20.223 22.756
5.065 4.984 4.915 4.858 4.814 4.782 4.762 4.754 4.758 4.775 4.751 4.627 4.505 4.385 4.268 4.152 4.039 3.929 3.820 3.714 3.609 3.505 3.493 3.650 3.805 3.960 4.114 4.268 4.421 4.573 4.724 4.874 5.024 5.173 5.359 5.592 5.827 6.063 6.301 6.541 6.783 7.014 7.212 7.389 7.546 7.682 7.823 8.006 8.221 8.467 8.746 9.056 9.399 9.773 10.179 10.617 11.087 11.588 11.881 12.035 12.194 12.356 12.522 12.691 12.865 13.042 13.223 13.408 13.596 13.788 15.540 17.840 20.044 22.152
4.595 4.557 4.530 4.516 4.514 4.525 4.547 4.582 4.629 4.688 4.721 4.604 4.490 4.378 4.268 4.161 4.056 3.953 3.852 3.754 3.656 3.560 3.522 3.675 3.828 3.979 4.130 4.281 4.430 4.579 4.727 4.875 5.039 5.234 5.455 5.706 5.935 6.145 6.333 6.502 6.650 6.777 6.884 6.971 7.037 7.082 7.225 7.549 7.905 8.293 8.713 9.165 9.649 10.164 10.712 11.291 11.902 12.545 12.959 13.130 13.305 13.484 13.666 13.852 14.042 14.236 14.433 14.634 14.839 15.048 16.306 18.181 19.960 21.644
4.115 4.119 4.135 4.163 4.204 4.257 4.322 4.400 4.489 4.591 4.688 4.580 4.473 4.369 4.267 4.167 4.070 3.975 3.882 3.791 3.702 3.614 3.551 3.707 3.874 4.048 4.228 4.414 4.606 4.805 5.009 5.220 5.436 5.659 5.876 6.036 6.175 6.293 6.391 6.469 6.526 6.563 6.579 6.575 6.550 6.505 6.593 7.059 7.556 8.086 8.647 9.240 9.865 10.522 11.211 11.931 12.683 13.467 14.032 14.219 14.411 14.606 14.805 15.008 15.214 15.424 15.638 15.856 16.077 16.303 17.165 18.616 19.971 21.230
3.623 3.670 3.729 3.800 3.883 3.978 4.086 4.206 4.338 4.482 4.639 4.553 4.454 4.358 4.264 4.169 4.060 3.964 3.881 3.812 3.754 3.706 3.669 3.852 4.047 4.248 4.455 4.669 4.888 5.113 5.345 5.583 5.826 6.076 6.319 6.387 6.436 6.464 6.471 6.458 6.425 6.371 6.296 6.202 6.087 5.951 5.929 6.536 7.175 7.845 8.548 9.282 10.048 10.846 11.676 12.537 13.431 14.356 15.099 15.304 15.512 15.723 15.939 16.158 16.381 16.607 16.838 17.072 17.310 17.552 18.118 19.145 20.076 20.911
3.121 3.210 3.311 3.425 3.551 3.689 3.839 4.001 4.169 4.314 4.451 4.372 4.257 4.154 4.065 3.988 3.924 3.873 3.836 3.811 3.799 3.796 3.805 3.991 4.213 4.441 4.675 4.916 5.162 5.415 5.674 5.938 6.209 6.486 6.770 6.761 6.719 6.656 6.573 6.469 6.345 6.201 6.036 5.851 5.645 5.419 5.231 5.979 6.760 7.571 8.415 9.290 10.198 11.137 12.107 13.110 14.144 15.210 16.162 16.383 16.607 16.835 17.067 17.303 17.542 17.785 18.032 18.283 18.537 18.795 19.164 19.768 20.275 20.686
2.608 2.751 2.922 3.085 3.241 3.389 3.530 3.664 3.790 3.910 4.021 4.000 3.929 3.872 3.827 3.796 3.777 3.771 3.779 3.799 3.832 3.875 3.929 4.122 4.372 4.627 4.888 5.156 5.429 5.709 5.995 6.287 6.585 6.889 7.199 7.156 7.023 6.870 6.696 6.502 6.288 6.053 5.797 5.522 5.226 4.909 4.572 5.390 6.311 7.264 8.249 9.265 10.313 11.393 12.505 13.649 14.824 16.031 17.219 17.456 17.697 17.942 18.190 18.442 18.698 18.958 19.221 19.488 19.759 20.033 20.305 20.484 20.568 20.556
2.405 2.557 2.702 2.840 2.971 3.094 3.209 3.318 3.419 3.513 3.599 3.616 3.590 3.578 3.578 3.592 3.618 3.657 3.710 3.775 3.853 3.942 4.041 4.247 4.523 4.805 5.094 5.389 5.689 5.996 6.309 6.628 6.953 7.285 7.622 7.573 7.350 7.106 6.842 6.557 6.252 5.927 5.581 5.215 4.829 4.422 3.994 4.768 5.830 6.924 8.049 9.207 10.396 11.617 12.869 14.153 15.469 16.817 18.197 18.525 18.782 19.043 19.308 19.576 19.849 20.125 20.405 20.688 20.975 21.266 21.389 20.830 20.280 19.739
2.244 2.371 2.490 2.603 2.708 2.805 2.896 2.979 3.055 3.123 3.184 3.220 3.240 3.273 3.318 3.377 3.448 3.532 3.629 3.740 3.863 3.997 4.142 4.364 4.667 4.977 5.293 5.614 5.942 6.276 6.616 6.962 7.314 7.673 8.037 8.012 7.698 7.364 7.009 6.634 6.239 5.823 5.387 4.931 4.454 3.957 3.439 4.113 5.316 6.550 7.817 9.115 10.445 11.806 13.200 14.625 16.081 17.570 19.090 19.588 19.862 20.049 20.044 20.016 19.964 19.890 19.792 19.671 19.526 19.358 19.168 18.671 18.162 17.664
2.089 2.191 2.285 2.372 2.452 2.524 2.589 2.647 2.698 2.741 2.776 2.814 2.878 2.956 3.046 3.150 3.266 3.395 3.538 3.693 3.861 4.041 4.231 4.474 4.805 5.141 5.484 5.833 6.188 6.549 6.916 7.289 7.668 8.054 8.445 8.473 8.068 7.644 7.199 6.734 6.248 5.742 5.215 4.669 4.102 3.514 2.906 3.425 4.769 6.144 7.551 8.990 10.445 11.857 13.245 14.609 15.948 17.264 18.554 18.900 18.839 18.755 18.647 18.516 18.362 18.185 17.985 17.761 17.514 17.244 16.950 16.505 16.038 15.582
1.942 2.018 2.087 2.149 2.203 2.250 2.290 2.322 2.348 2.365 2.376 2.396 2.506 2.628 2.763 2.912 3.073 3.247 3.434 3.634 3.848 4.073 4.308 4.577 4.935 5.299 5.668 6.044 6.426 6.814 7.208 7.609 8.015 8.427 8.846 8.955 8.460 7.945 7.410 6.855 6.279 5.682 5.066 4.449 3.878 3.301 2.719 3.088 4.515 5.917 7.296 8.650 9.979 11.284 12.565 13.822 15.054 16.262 17.446 17.836 17.673 17.486 17.276 17.043 16.786 16.506 16.203 15.877 15.528 15.155 14.759 14.333 13.908 13.493
