DATA/SHG/ECMWF/20170628/EN-30/20170711.en-30.asc
ncols        190
nrows        64
xllcorner    -5100000.000000000000
yllcorner    4130000.000000000000
cellsize     10000.000000000000
NODATA_value  -99999.000
[rows 0 to 32 of 64, columns 0 to 73 of 190]
1.208 1.425 1.641 1.855 2.067 2.277 2.485 2.692 2.897 2.965 2.982 2.988 2.984 2.970 2.946 2.912 2.868 2.813 2.749 2.705 2.668 2.726 2.825 2.920 3.010 3.097 3.179 3.257 3.331 3.401 3.466 3.528 3.585 3.644 3.709 3.776 3.846 3.920 3.996 4.076 4.158 4.244 4.332 4.424 4.519 4.461 4.269 4.077 3.886 3.696 3.507 3.318 3.131 2.944 2.758 2.573 2.389 2.426 2.718 3.001 3.274 3.538 3.792 4.037 4.273 4.499 4.716 4.923 5.121 5.106 4.756 4.402 4.043 3.680
1.099 1.311 1.520 1.728 1.933 2.137 2.340 2.540 2.739 2.809 2.790 2.760 2.727 2.692 2.657 2.622 2.586 2.549 2.512 2.474 2.436 2.465 2.550 2.630 2.706 2.778 2.845 2.909 2.968 3.024 3.075 3.122 3.165 3.221 3.296 3.374 3.455 3.539 3.626 3.717 3.810 3.906 4.006 4.108 4.214 4.205 4.015 3.826 3.638 3.451 3.265 3.080 2.895 2.711 2.528 2.346 2.165 2.128 2.387 2.637 2.877 3.108 3.329 3.541 3.744 3.937 4.121 4.295 4.460 4.487 4.122 3.752 3.377 2.998
0.993 1.198 1.401 1.602 1.801 1.993 2.180 2.362 2.538 2.616 2.581 2.546 2.510 2.474 2.437 2.400 2.362 2.323 2.285 2.245 2.205 2.209 2.279 2.344 2.406 2.463 2.517 2.566 2.611 2.652 2.689 2.721 2.750 2.794 2.880 2.969 3.061 3.156 3.254 3.355 3.459 3.566 3.677 3.790 3.906 3.948 3.761 3.575 3.390 3.206 3.023 2.840 2.659 2.478 2.298 2.119 1.941 1.839 2.065 2.282 2.489 2.687 2.876 3.055 3.224 3.385 3.536 3.677 3.854 3.971 3.655 3.346 3.043 2.746
0.901 1.095 1.284 1.468 1.647 1.821 1.989 2.152 2.310 2.405 2.369 2.332 2.294 2.256 2.218 2.178 2.139 2.099 2.058 2.017 1.975 1.957 2.013 2.064 2.111 2.154 2.193 2.228 2.258 2.285 2.307 2.325 2.340 2.365 2.462 2.562 2.664 2.770 2.879 2.991 3.106 3.224 3.345 3.469 3.596 3.690 3.507 3.324 3.142 2.961 2.780 2.601 2.422 2.244 2.067 1.891 1.716 1.559 1.753 1.936 2.114 2.322 2.522 2.714 2.899 3.076 3.245 3.407 3.561 3.708 3.421 3.133 2.851 2.576
0.826 1.002 1.173 1.339 1.499 1.654 1.804 1.949 2.088 2.196 2.157 2.119 2.079 2.039 1.999 1.958 1.917 1.875 1.832 1.789 1.746 1.710 1.751 1.788 1.821 1.849 1.874 1.894 1.910 1.922 1.930 1.934 1.934 1.934 2.041 2.152 2.265 2.382 2.502 2.624 2.750 2.879 3.010 3.145 3.283 3.424 3.252 3.072 2.893 2.715 2.537 2.361 2.185 2.017 1.876 1.740 1.609 1.483 1.657 1.854 2.042 2.223 2.396 2.562 2.720 2.871 3.013 3.149 3.276 3.396 3.182 2.915 2.655 2.400
0.757 0.915 1.067 1.215 1.357 1.493 1.625 1.751 1.872 1.987 1.947 1.907 1.865 1.824 1.782 1.739 1.696 1.652 1.608 1.563 1.518 1.472 1.494 1.517 1.535 1.549 1.559 1.565 1.567 1.565 1.558 1.548 1.533 1.515 1.618 1.739 1.864 1.991 2.121 2.255 2.391 2.531 2.673 2.819 2.968 3.119 3.002 2.843 2.688 2.539 2.395 2.256 2.122 1.994 1.871 1.753 1.640 1.533 1.646 1.816 1.978 2.132 2.279 2.418 2.549 2.673 2.789 2.898 2.999 3.092 2.937 2.692 2.452 2.219
0.694 0.834 0.968 1.097 1.220 1.339 1.452 1.560 1.662 1.760 1.738 1.695 1.652 1.609 1.565 1.520 1.475 1.430 1.384 1.337 1.290 1.243 1.242 1.250 1.254 1.254 1.250 1.241 1.229 1.212 1.191 1.166 1.138 1.104 1.192 1.324 1.459 1.598 1.739 1.919 2.116 2.300 2.471 2.630 2.775 2.908 2.845 2.704 2.568 2.437 2.311 2.191 2.076 1.966 1.861 1.761 1.667 1.578 1.643 1.785 1.921 2.048 2.168 2.281 2.386 2.483 2.572 2.654 2.729 2.796 2.687 2.463 2.245 2.033
0.637 0.758 0.874 0.984 1.090 1.190 1.285 1.374 1.459 1.538 1.529 1.485 1.440 1.395 1.349 1.303 1.256 1.209 1.161 1.113 1.064 1.014 0.995 0.989 0.978 0.964 0.945 0.922 0.895 0.864 0.829 0.790 0.822 0.884 1.047 1.263 1.466 1.656 1.834 1.998 2.150 2.290 2.416 2.530 2.630 2.719 2.683 2.560 2.443 2.330 2.223 2.121 2.024 1.932 1.846 1.765 1.689 1.618 1.646 1.762 1.871 1.972 2.065 2.151 2.230 2.300 2.363 2.419 2.466 2.507 2.432 2.229 2.032 1.841
0.586 0.689 0.786 0.878 0.965 1.047 1.123 1.194 1.261 1.321 1.321 1.275 1.229 1.182 1.134 1.086 1.038 0.989 0.939 0.889 0.838 0.787 0.753 0.732 0.707 0.739 0.780 0.828 0.881 0.940 1.005 1.075 1.152 1.234 1.364 1.535 1.693 1.839 1.971 2.091 2.198 2.292 2.374 2.443 2.499 2.542 2.516 2.412 2.312 2.218 2.129 2.045 1.967 1.894 1.826 1.763 1.705 1.653 1.657 1.747 1.829 1.903 1.970 2.029 2.081 2.125 2.162 2.190 2.212 2.225 2.171 1.990 1.814 1.644
0.541 0.625 0.704 0.778 0.846 0.909 0.968 1.021 1.068 1.111 1.115 1.067 1.018 0.970 0.920 0.870 0.820 0.775 0.768 0.762 0.758 0.755 0.768 0.813 0.863 0.920 0.982 1.049 1.123 1.202 1.288 1.379 1.475 1.578 1.694 1.820 1.933 2.034 2.122 2.197 2.259 2.308 2.345 2.369 2.380 2.378 2.345 2.258 2.177 2.101 2.031 1.965 1.905 1.850 1.800 1.756 1.717 1.683 1.675 1.738 1.794 1.842 1.882 1.915 1.940 1.957 1.967 1.970 1.965 1.952 1.905 1.745 1.590 1.442
0.501 0.567 0.627 0.683 0.733 0.778 0.818 0.853 0.882 0.907 0.921 0.910 0.900 0.891 0.884 0.878 0.873 0.869 0.867 0.865 0.865 0.867 0.882 0.947 1.017 1.094 1.176 1.265 1.359 1.458 1.564 1.675 1.792 1.915 2.037 2.118 2.186 2.242 2.285 2.315 2.332 2.337 2.329 2.308 2.274 2.228 2.168 2.100 2.037 1.979 1.927 1.880 1.838 1.802 1.770 1.744 1.723 1.707 1.701 1.738 1.766 1.788 1.802 1.808 1.806 1.797 1.781 1.757 1.725 1.686 1.634 1.495 1.361 1.234
0.467 0.514 0.557 0.606 0.664 0.721 0.777 0.832 0.886 0.938 0.983 0.977 0.971 0.967 0.964 0.962 0.961 0.962 0.964 0.967 0.971 0.977 0.989 1.074 1.165 1.262 1.365 1.473 1.588 1.708 1.834 1.965 2.103 2.246 2.392 2.428 2.452 2.462 2.460 2.446 2.418 2.378 2.325 2.260 2.181 2.090 1.986 1.936 1.892 1.853 1.819 1.790 1.766 1.748 1.735 1.727 1.724 1.726 1.734 1.744 1.746 1.741 1.728 1.708 1.680 1.645 1.602 1.582 1.566 1.528 1.466 1.379 1.294 1.215
0.518 0.575 0.632 0.687 0.741 0.794 0.846 0.897 0.947 0.995 1.043 1.042 1.041 1.041 1.042 1.045 1.049 1.054 1.060 1.067 1.076 1.086 1.097 1.195 1.307 1.424 1.547 1.676 1.810 1.951 2.097 2.249 2.407 2.570 2.740 2.751 2.730 2.696 2.649 2.590 2.517 2.433 2.335 2.225 2.101 1.966 1.817 1.768 1.742 1.721 1.705 1.695 1.689 1.689 1.694 1.705 1.720 1.741 1.767 1.758 1.810 1.874 1.916 1.934 1.930 1.903 1.852 1.780 1.684 1.566 1.424 1.335 1.269 1.208
0.611 0.665 0.718 0.769 0.819 0.868 0.916 0.963 1.009 1.053 1.097 1.107 1.110 1.114 1.120 1.126 1.134 1.144 1.154 1.166 1.179 1.193 1.208 1.310 1.442 1.579 1.723 1.872 2.027 2.188 2.354 2.526 2.704 2.888 3.078 3.086 3.020 2.942 2.850 2.746 2.629 2.500 2.357 2.202 2.034 1.854 1.661 1.594 1.587 1.584 1.586 1.594 1.607 1.777 1.960 2.126 2.277 2.411 2.530 2.582 2.589 2.573 2.534 2.472 2.388 2.281 2.151 1.999 1.823 1.625 1.404 1.288 1.239 1.196
0.706 0.756 0.805 0.852 0.898 0.943 0.987 1.030 1.072 1.112 1.152 1.169 1.177 1.185 1.195 1.206 1.219 1.232 1.247 1.263 1.280 1.299 1.318 1.418 1.571 1.729 1.892 2.062 2.237 2.418 2.605 2.797 2.996 3.200 3.409 3.434 3.324 3.200 3.064 2.915 2.754 2.580 2.393 2.193 1.980 1.755 1.766 1.903 2.125 2.332 2.523 2.697 2.855 2.998 3.124 3.234 3.328 3.406 3.468 3.461 3.388 3.292 3.173 3.032 2.868 2.681 2.471 2.239 1.984 1.706 1.405 1.235 1.204 1.179
0.802 0.848 0.893 0.936 0.978 1.019 1.059 1.098 1.136 1.173 1.208 1.231 1.243 1.255 1.270 1.285 1.302 1.319 1.339 1.359 1.380 1.403 1.427 1.521 1.693 1.871 2.055 2.245 2.441 2.642 2.849 3.062 3.280 3.505 3.735 3.795 3.640 3.472 3.326 3.374 3.412 3.439 3.456 3.462 3.458 3.443 3.418 3.477 3.643 3.793 3.927 4.045 4.147 4.233 4.303 4.356 4.394 4.416 4.421 4.361 4.208 4.032 3.834 3.613 3.369 3.102 2.813 2.501 2.166 1.808 1.428 1.178 1.165 1.157
0.900 0.941 0.982 1.021 1.060 1.097 1.133 1.168 1.201 1.234 1.266 1.291 1.307 1.324 1.343 1.362 1.383 1.405 1.429 1.453 1.479 1.506 1.534 1.617 1.809 2.008 2.212 2.422 2.638 2.859 3.087 3.371 3.801 4.274 4.791 5.186 5.229 5.261 5.282 5.293 5.294 5.284 5.264 5.234 5.192 5.141 5.079 5.064 5.174 5.268 5.345 5.407 5.452 5.482 5.495 5.493 5.474 5.439 5.388 5.282 5.049 4.794 4.516 4.215 3.891 3.545 3.176 2.784 2.370 1.932 1.472 1.116 1.121 1.131
0.998 1.036 1.072 1.108 1.142 1.175 1.207 1.238 1.268 1.297 1.324 1.349 1.370 1.391 1.414 1.438 1.463 1.490 1.517 1.546 1.576 1.607 1.640 1.706 1.935 2.214 2.537 2.903 3.312 3.764 4.259 4.798 5.380 6.005 6.673 7.262 7.267 7.262 7.247 7.221 7.185 7.138 7.081 7.013 6.935 6.847 6.748 6.666 6.719 6.756 6.778 6.783 6.772 6.745 6.702 6.643 6.568 6.477 6.370 6.223 5.911 5.576 5.218 4.838 4.435 4.009 3.560 3.089 2.595 2.078 1.538 1.049 1.072 1.100
1.097 1.131 1.164 1.195 1.225 1.255 1.283 1.310 1.336 1.360 1.384 1.407 1.431 1.457 1.484 1.512 1.542 1.587 1.639 1.687 1.733 1.776 1.817 1.867 2.255 2.686 3.160 3.677 4.238 4.841 5.488 6.178 6.911 7.687 8.507 9.345 9.313 9.271 9.219 9.156 9.083 8.999 8.905 8.801 8.686 8.561 8.425 8.281 8.278 8.259 8.224 8.173 8.105 8.022 7.923 7.808 7.676 7.529 7.366 7.186 6.794 6.379 5.942 5.482 4.999 4.494 3.966 3.415 2.841 2.245 1.626 0.984 1.018 1.064
1.198 1.227 1.256 1.284 1.310 1.335 1.359 1.382 1.404 1.425 1.482 1.529 1.585 1.641 1.694 1.744 1.791 1.835 1.877 1.916 1.952 1.985 2.015 2.043 2.529 3.111 3.737 4.406 5.117 5.872 6.670 7.512 8.396 9.323 10.294 11.308 11.367 11.288 11.199 11.099 10.989 10.869 10.738 10.597 10.445 10.283 10.110 9.927 9.851 9.775 9.684 9.576 9.453 9.313 9.158 8.986 8.799 8.595 8.376 8.140 7.698 7.204 6.687 6.147 5.585 5.000 4.392 3.762 3.109 2.434 1.735 1.014 0.960 1.023
1.299 1.325 1.350 1.484 1.599 1.694 1.770 1.827 1.864 1.881 1.879 1.857 1.885 1.931 1.974 2.014 2.052 2.086 2.118 2.147 2.173 2.196 2.216 2.234 2.757 3.491 4.268 5.088 5.951 6.857 7.806 8.799 9.834 10.912 12.034 13.199 13.429 13.313 13.187 13.051 12.904 12.746 12.579 12.401 12.212 12.013 11.804 11.584 11.437 11.306 11.158 10.994 10.814 10.619 10.407 10.179 9.935 9.676 9.400 9.108 8.622 8.049 7.452 6.833 6.192 5.527 4.840 4.117 3.382 2.672 1.985 1.322 1.216 1.306
2.126 2.231 2.316 2.382 2.428 2.455 2.463 2.450 2.419 2.368 2.297 2.207 2.188 2.224 2.257 2.287 2.315 2.339 2.361 2.380 2.396 2.410 2.420 2.428 2.940 3.825 4.753 5.724 6.738 7.795 8.896 10.039 11.225 12.455 13.727 15.043 15.498 15.346 15.183 15.010 14.826 14.632 14.427 14.212 13.987 13.751 13.505 13.249 13.038 12.850 12.646 12.426 12.190 11.938 11.670 11.386 11.086 10.770 10.439 10.091 9.467 8.647 7.851 7.080 6.332 5.609 4.910 4.235 3.583 2.957 2.354 1.775 1.582 1.634
3.251 3.287 3.303 3.301 3.278 3.237 3.175 3.095 2.994 2.875 2.735 2.577 2.494 2.520 2.543 2.563 2.581 2.595 2.607 2.616 2.623 2.626 2.627 2.625 3.077 4.113 5.192 6.314 7.479 8.687 9.938 11.233 12.570 13.950 15.373 16.840 17.576 17.387 17.187 16.977 16.756 16.525 16.284 16.032 15.770 15.498 15.215 14.922 14.652 14.408 14.147 13.871 13.579 13.065 12.438 11.831 11.244 10.676 10.127 9.597 8.974 8.238 7.526 6.839 6.175 5.536 4.920 4.329 3.762 3.218 2.699 2.204 1.957 1.973
4.395 4.363 4.311 4.239 4.148 4.038 3.908 3.759 3.590 3.402 3.194 2.967 2.802 2.818 2.831 2.842 2.849 2.854 2.856 2.855 2.852 2.845 2.836 2.824 3.168 4.355 5.585 6.858 8.174 9.533 10.935 12.380 13.868 15.399 16.973 18.590 19.661 19.435 19.199 18.952 18.694 18.427 18.149 17.860 17.562 17.252 16.599 15.842 15.120 14.465 13.829 13.212 12.614 12.036 11.478 10.938 10.418 9.918 9.437 8.975 8.458 7.806 7.179 6.575 5.995 5.439 4.908 4.400 3.917 3.457 3.022 2.611 2.342 2.321
5.559 5.458 5.338 5.198 5.039 4.860 4.661 4.444 4.206 3.950 3.674 3.378 3.113 3.119 3.122 3.123 3.121 3.115 3.108 3.097 3.083 3.067 3.048 3.026 3.214 4.552 5.932 7.356 8.823 10.333 11.885 13.481 15.119 16.801 18.525 20.293 21.754 21.491 21.218 20.473 19.676 18.891 18.117 17.355 16.604 15.865 15.138 14.422 13.735 13.148 12.579 12.030 11.500 10.990 10.499 10.028 9.575 9.142 8.729 8.335 7.921 7.352 6.808 6.288 5.792 5.320 4.873 4.449 4.049 3.673 3.321 2.994 2.737 2.678
6.737 6.574 6.385 6.177 5.949 5.702 5.435 5.149 4.843 4.518 4.173 3.810 3.426 3.422 3.416 3.407 3.394 3.379 3.362 3.341 3.318 3.292 3.263 3.231 3.214 4.703 6.234 7.808 9.426 11.086 12.789 14.529 15.949 17.317 18.633 19.895 21.058 20.267 19.487 18.720 17.963 17.219 16.485 15.764 15.054 14.355 13.668 12.993 12.333 11.813 11.312 10.831 10.369 9.926 9.503 9.099 8.714 8.349 8.003 7.677 7.360 6.876 6.416 5.979 5.567 5.179 4.814 4.474 4.158 3.866 3.598 3.354 3.141 3.045
7.836 7.710 7.452 7.175 6.879 6.564 6.228 5.874 5.500 5.107 4.694 4.261 3.810 3.728 3.712 3.693 3.671 3.646 3.618 3.588 3.555 3.519 3.480 3.438 3.397 4.779 6.332 7.832 9.280 10.675 12.018 13.307 14.544 15.728 16.860 17.938 18.964 18.424 17.685 16.957 16.241 15.537 14.844 14.163 13.493 12.835 12.189 11.554 10.930 10.461 10.028 9.614 9.220 8.845 8.489 8.153 7.836 7.538 7.260 7.001 6.761 6.377 6.000 5.648 5.319 5.014 4.734 4.477 4.244 4.036 3.851 3.690 3.554 3.421
8.921 8.865 8.539 8.194 7.830 7.446 7.042 6.619 6.177 5.715 5.234 4.734 4.214 4.037 4.011 3.982 3.950 3.933 3.945 3.943 3.927 3.897 3.853 3.795 3.723 4.716 6.085 7.402 8.666 9.877 11.036 12.142 13.195 14.195 15.143 16.038 16.881 16.571 15.873 15.186 14.510 13.846 13.194 12.553 11.924 11.306 10.700 10.105 9.522 9.092 8.727 8.381 8.054 7.746 7.458 7.189 6.940 6.710 6.499 6.307 6.135 5.855 5.562 5.293 5.048 4.827 4.630 4.457 4.308 4.183 4.081 4.004 3.951 3.807
9.993 10.041 9.647 9.233 8.800 8.348 7.876 7.385 6.875 6.345 5.826 5.333 4.836 4.626 4.645 4.650 4.641 4.618 4.581 4.530 4.465 4.385 4.292 4.185 4.064 4.708 5.894 7.027 8.107 9.134 10.109 11.032 11.901 12.718 13.483 14.194 14.853 14.710 14.052 13.405 12.770 12.147 11.535 10.934 10.345 9.768 9.202 8.647 8.104 7.706 7.408 7.129 6.870 6.630 6.409 6.208 6.026 5.863 5.720 5.596 5.491 5.312 5.102 4.916 4.755 4.617 4.504 4.414 4.348 4.307 4.289 4.295 4.325 4.203
11.052 11.236 10.774 10.299 9.821 9.339 8.853 8.362 7.867 7.367 6.863 6.354 5.841 5.522 5.492 5.447 5.389 5.317 5.231 5.130 5.016 4.888 4.746 4.589 4.419 4.756 5.757 6.707 7.603 8.447 9.239 9.977 10.663 11.297 11.878 12.406 12.882 12.839 12.222 11.615 11.021 10.438 9.866 9.306 8.757 8.220 7.694 7.180 6.677 6.302 6.072 5.861 5.669 5.496 5.343 5.209 5.094 4.999 4.923 4.866 4.829 4.745 4.619 4.517 4.439 4.385 4.355 4.348 4.366 4.395 4.427 4.462 4.502 4.404
12.111 12.424 11.939 11.450 10.957 10.459 9.957 9.450 8.939 8.423 7.903 7.379 6.850 6.432 6.352 6.259 6.151 6.030 5.895 5.745 5.582 5.404 5.213 5.008 4.788 4.857 5.676 6.441 7.155 7.815 8.423 8.979 9.481 9.932 10.330 10.675 10.967 10.960 10.382 9.817 9.262 8.719 8.188 7.668 7.159 6.663 6.177 5.703 5.241 4.881 4.718 4.574 4.450 4.345 4.259 4.193 4.145 4.117 4.109 4.119 4.149 4.192 4.208 4.227 4.250 4.277 4.307 4.340 4.378 4.419 4.463 4.512 4.563 4.530
13.184 13.611 13.110 12.605 12.096 11.582 11.064 10.542 10.015 9.483 8.947 8.407 7.862 7.355 7.226 7.084 6.927 6.757 6.572 6.374 6.161 5.935 5.695 5.440 5.172 5.014 5.649 6.231 6.761 7.238 7.663 8.035 8.355 8.622 8.837 8.999 9.109 9.071 8.534 8.008 7.494 6.992 6.501 6.021 5.553 5.096 4.651 4.217 3.795 3.443 3.347 3.271 3.214 3.176 3.271 3.438 3.590 3.727 3.849 3.955 4.046 4.112 4.140 4.172 4.208 4.247 4.290 4.336 4.386 4.439 4.497 4.557 4.622 4.641
14.271 14.716 14.285 13.764 13.239 12.709 12.175 11.637 11.094 10.547 9.995 9.439 8.878 8.313 8.115 7.923 7.717 7.498 7.264 7.017 6.755 6.480 6.190 5.887 5.570 5.238 5.677 6.076 6.422 6.717 6.958 7.147 7.284 7.368 7.400 7.379 7.306 7.173 6.677 6.191 5.717 5.255 4.804 4.365 3.937 3.520 3.115 2.912 2.812 2.747 2.937 3.112 3.272 3.417 3.547 3.661 3.760 3.844 3.912 3.966 4.004 4.029 4.070 4.114 4.162 4.214 4.269 4.328 4.391 4.457 4.526 4.600 4.677 4.738
