DATA/SHG/ECMWF/20170628/EN-30/20170702.en-30.asc
ncols        190
nrows        64
xllcorner    -5100000.000000000000
yllcorner    4130000.000000000000
cellsize     10000.000000000000
NODATA_value  -99999.000
[rows 32 to 63 of 64, columns 72 to 143 of 190]
8.904 8.636 8.481 8.311 8.125 7.923 7.706 7.472 7.223 6.958 6.678 6.382 6.070 5.827 6.019 6.235 6.476 6.742 7.032 7.347 7.687 8.051 8.448 8.875 9.321 9.693 9.768 9.868 9.994 10.146 10.322 10.525 10.752 11.006 11.284 11.589 11.918 12.130 12.072 12.001 11.916 11.817 11.705 11.579 11.440 11.382 11.512 11.524 11.415 11.745 12.666 13.576 14.475 15.364 16.243 17.111 17.968 18.816 19.653 20.479 21.295 21.233 20.553 19.850 19.126 18.380 17.611 16.821 16.009 15.175 14.319 13.442
8.362 8.049 7.840 7.615 7.374 7.118 6.846 6.558 6.255 5.935 5.600 5.250 4.883 4.525 4.802 5.104 5.431 5.782 6.158 6.558 6.983 7.432 7.915 8.428 8.961 9.474 9.661 9.875 10.113 10.378 10.667 10.982 11.323 11.689 12.080 12.497 13.116 14.251 14.807 15.245 15.562 15.761 15.840 15.800 15.641 15.362 14.964 14.447 13.810 13.644 14.518 15.382 16.235 17.078 17.911 18.733 19.545 20.346 21.137 21.917 22.687 22.722 21.944 21.145 20.323 19.480 18.614 17.727 16.818 15.887 14.934 13.959
7.827 7.490 7.214 6.935 6.640 6.329 6.002 5.660 5.302 4.928 4.539 4.133 3.712 3.276 3.565 3.952 4.364 4.801 5.262 5.747 6.258 6.792 7.361 7.961 8.579 9.217 9.527 9.898 10.536 11.319 12.246 13.318 14.534 15.895 17.400 19.049 20.843 22.580 22.608 22.517 22.306 21.976 21.527 20.958 20.271 19.464 18.538 17.493 16.328 15.551 16.379 17.197 18.004 18.801 19.587 20.364 21.129 21.885 22.629 23.364 24.088 24.232 23.357 22.460 21.541 20.601 19.638 18.654 17.648 16.619 15.569 14.497
7.300 6.938 6.605 6.271 5.921 5.556 5.174 4.778 4.365 3.937 3.493 3.033 2.558 2.067 2.306 2.779 3.276 3.798 4.345 5.254 6.533 7.602 8.417 9.011 9.439 9.701 10.577 11.710 12.987 14.409 15.975 17.686 19.540 21.539 23.682 25.970 28.402 30.978 30.528 29.909 29.170 28.312 27.335 26.238 25.023 23.688 22.235 20.662 18.970 17.466 18.248 19.020 19.781 20.532 21.273 22.003 22.723 23.432 24.131 24.819 25.498 25.762 24.790 23.796 22.781 21.743 20.683 19.602 18.498 17.373 16.226 15.057
6.781 6.393 6.010 5.622 5.218 4.798 4.362 3.911 3.444 2.961 2.463 1.949 2.052 3.041 4.585 6.185 7.575 8.756 9.727 10.489 11.041 11.384 11.468 11.328 11.021 10.549 11.587 13.359 15.275 17.335 19.539 21.888 24.380 27.017 29.799 32.724 35.794 39.007 38.568 37.421 36.154 34.768 33.263 31.640 29.897 28.035 26.054 23.954 21.734 19.396 20.126 20.852 21.567 22.272 22.967 23.651 24.325 24.988 25.641 26.284 26.916 27.313 26.244 25.153 24.041 22.906 21.749 20.571 19.370 18.148 16.904 15.638
6.269 5.856 5.432 4.989 4.530 4.378 4.665 5.150 5.833 6.715 7.795 9.073 10.549 12.224 13.636 14.509 15.173 15.627 15.872 15.907 15.733 15.349 14.703 13.829 12.788 11.582 12.434 14.844 17.398 20.096 22.938 25.925 29.055 32.330 35.748 39.311 43.018 46.869 46.728 45.053 43.259 41.346 39.313 37.162 34.892 32.503 29.995 27.368 24.622 21.757 22.012 22.692 23.362 24.021 24.669 25.308 25.935 26.553 27.160 27.757 28.343 28.885 27.719 26.531 25.321 24.090 22.836 21.561 20.263 18.944 17.603 16.241
6.293 6.142 6.146 6.524 7.102 7.877 8.851 10.022 11.392 12.960 14.727 16.691 18.854 21.215 22.868 23.014 22.951 22.679 22.197 21.506 20.606 19.497 18.121 16.513 14.740 12.800 13.118 16.166 19.357 22.693 26.173 29.797 33.564 37.476 41.532 45.732 50.075 54.563 55.007 52.805 50.483 48.043 45.484 42.806 40.009 37.094 34.059 30.905 27.633 24.242 23.907 24.541 25.165 25.778 26.380 26.973 27.555 28.126 28.688 29.239 29.779 30.309 29.215 27.930 26.623 25.295 23.944 22.572 21.178 19.762 18.324 16.864
7.203 7.189 7.395 8.461 9.725 11.187 12.847 14.705 16.761 19.015 21.467 24.118 26.966 30.013 32.278 31.698 30.909 29.911 28.704 27.288 25.662 23.828 21.723 19.382 16.875 14.203 13.640 17.325 21.154 25.126 29.243 33.504 37.908 42.457 47.149 51.986 56.966 62.090 63.405 60.676 57.828 54.862 51.776 48.571 45.248 41.806 38.245 34.565 30.767 26.849 25.810 26.398 26.976 27.543 28.100 28.647 29.183 29.709 30.224 30.729 31.224 31.708 30.731 29.349 27.946 26.520 25.016 23.368 21.717 20.063 18.408 16.751
8.074 8.197 8.457 10.209 12.159 14.308 16.654 19.198 21.939 24.879 28.017 31.352 34.886 38.618 41.868 40.562 39.048 37.325 35.392 33.251 30.901 28.341 25.508 22.434 19.195 15.790 13.999 18.321 22.786 27.396 32.149 37.046 42.087 47.272 52.601 58.073 63.690 69.450 71.923 68.668 65.293 61.800 58.188 54.458 50.608 46.640 42.553 38.347 34.023 29.580 27.722 28.264 28.796 29.317 29.829 30.329 30.820 31.274 31.595 31.847 32.030 32.144 31.052 29.402 27.749 26.095 24.438 22.780 21.119 19.456 17.791 16.124
8.907 9.167 9.467 11.770 14.406 17.240 20.271 23.500 26.928 30.553 34.375 38.396 42.614 47.030 51.637 49.606 47.367 44.918 42.261 39.395 36.321 33.037 29.475 25.669 21.698 17.562 14.195 19.154 24.256 29.502 34.891 40.424 46.101 51.922 57.887 63.995 70.247 76.643 80.560 76.779 72.878 68.859 64.721 60.465 56.090 51.596 46.983 42.252 37.376 32.444 29.850 30.349 30.780 31.142 31.434 31.658 31.813 31.899 31.916 31.864 31.743 31.553 30.516 28.856 27.194 25.530 23.863 22.195 20.524 18.852 17.177 15.500
9.702 10.099 10.535 13.143 16.464 19.983 23.700 27.614 31.726 36.036 40.543 45.248 50.150 55.251 60.549 58.829 55.865 52.693 49.311 45.722 41.923 37.916 33.626 29.088 24.386 19.518 14.485 19.824 25.562 31.444 37.469 43.638 49.951 56.407 63.007 69.751 76.639 83.670 89.317 84.835 78.912 73.204 67.712 62.435 57.374 52.529 47.899 43.484 39.285 35.301 32.674 32.869 32.996 33.053 33.042 32.961 32.812 32.594 32.307 31.951 31.526 31.032 29.984 28.314 26.642 24.968 23.292 21.613 19.933 18.250 16.566 14.879
10.459 10.992 11.565 14.328 18.334 22.538 26.939 31.538 36.335 41.328 46.520 51.909 57.495 63.279 69.261 68.232 64.544 60.647 56.542 52.229 47.707 42.976 37.959 32.690 27.257 21.658 15.894 20.332 26.706 33.223 39.850 45.826 51.646 57.309 62.816 68.166 73.360 78.398 83.162 77.973 72.999 68.241 63.698 59.370 55.258 51.362 47.680 44.214 40.963 37.928 35.567 35.458 35.281 35.034 34.719 34.335 33.882 33.360 32.769 32.109 31.381 30.583 29.454 27.775 26.093 24.409 22.723 21.035 19.345 17.653 15.958 14.261
11.177 11.847 12.556 15.326 20.017 24.905 29.990 35.273 40.754 46.431 52.306 58.379 64.649 71.116 77.781 77.814 73.402 68.782 63.954 58.917 53.672 48.219 41.692 35.235 28.934 22.790 16.803 19.467 25.225 30.826 36.270 41.558 46.690 51.666 56.485 61.148 65.654 70.005 74.198 70.886 66.862 63.052 59.458 56.079 52.915 49.967 47.234 44.716 42.413 40.326 38.529 38.116 37.635 37.085 36.466 35.778 35.021 34.196 33.301 32.338 31.306 30.205 28.928 27.239 25.547 23.854 22.158 20.460 18.760 17.058 15.353 13.647
11.858 12.664 13.509 16.137 21.512 27.084 32.853 38.820 44.983 51.345 57.903 64.659 71.611 78.762 86.109 85.291 78.111 71.128 64.343 57.755 51.365 45.173 39.208 33.440 27.829 22.374 17.076 18.127 23.197 28.110 32.867 37.468 41.912 46.200 50.332 54.308 58.128 61.791 65.298 63.576 60.500 57.639 54.993 52.562 50.346 48.345 46.560 44.989 43.634 42.493 41.568 40.844 40.059 39.205 38.283 37.291 36.231 35.102 33.904 32.638 31.302 29.898 28.405 26.706 25.005 23.301 21.596 19.888 18.178 16.466 14.752 13.036
12.500 13.442 14.424 16.761 22.819 29.075 35.527 42.177 47.806 53.223 58.448 63.481 68.321 72.970 77.427 77.857 71.358 65.058 58.955 53.049 47.341 41.831 36.551 31.472 26.550 21.784 17.174 16.962 21.344 25.570 29.640 33.553 37.311 40.912 44.357 47.646 50.779 53.756 56.577 56.043 53.914 52.001 50.302 48.818 47.550 46.496 45.658 45.034 44.625 44.432 44.453 43.641 42.552 41.395 40.169 38.874 37.511 36.079 34.578 33.008 31.370 29.662 27.886 26.176 24.465 22.752 21.037 19.319 17.600 15.878 14.154 12.428
13.099 14.003 14.901 16.463 22.179 27.702 33.033 38.173 43.120 47.876 52.439 56.811 60.991 64.978 68.774 70.253 64.436 58.817 53.396 48.172 43.145 38.316 33.721 29.331 25.097 21.020 17.099 15.971 19.666 23.205 26.589 29.816 32.887 35.801 38.560 41.163 43.610 45.900 48.035 48.286 47.104 46.138 45.386 44.849 44.528 44.421 44.528 44.851 45.389 46.141 47.108 46.506 45.115 43.654 42.125 40.527 38.861 37.126 35.322 33.449 31.508 29.497 27.418 25.650 23.929 22.206 20.481 18.753 17.024 15.293 13.559 11.823
12.615 13.500 14.381 15.268 20.321 25.183 29.853 34.331 38.617 42.711 46.614 50.324 53.843 57.170 60.306 62.479 57.344 52.407 47.667 43.124 38.778 34.630 30.719 27.017 23.472 20.082 16.849 15.155 18.164 21.016 23.713 26.254 28.639 30.868 32.940 34.857 36.618 38.223 39.672 40.305 40.071 40.051 40.245 40.655 41.279 42.118 43.172 44.440 45.923 47.621 49.534 49.441 47.746 45.983 44.151 42.250 40.281 38.243 36.136 33.960 31.716 29.403 27.022 25.126 23.396 21.663 19.928 18.191 16.452 14.710 13.011 11.404
12.136 13.003 13.866 14.723 18.644 22.844 26.853 30.670 34.295 37.729 40.971 44.021 46.880 49.547 52.022 54.305 50.083 45.826 41.767 37.904 34.239 30.771 27.545 24.531 21.673 18.971 16.426 14.513 16.836 19.003 21.013 22.868 24.567 26.110 27.498 28.729 29.805 30.724 31.488 32.102 32.813 33.739 34.880 36.235 37.805 39.589 41.588 43.802 46.230 48.873 51.730 52.445 50.447 48.381 46.246 44.043 41.770 39.430 37.020 34.542 31.995 29.412 26.906 24.996 23.418 21.829 20.229 18.618 16.995 15.361 13.716 12.060
11.662 12.512 13.356 14.196 17.146 20.686 24.034 27.191 30.155 32.929 35.511 37.901 40.099 42.106 43.922 45.546 42.652 39.076 35.697 32.515 29.530 26.742 24.199 21.873 19.702 17.687 15.829 14.126 15.683 17.164 18.489 19.658 20.672 21.530 22.232 22.779 23.169 23.404 23.483 23.675 25.332 27.204 29.289 31.590 34.105 36.834 39.778 42.936 46.309 49.896 53.698 55.518 53.219 50.884 48.511 46.101 43.654 41.169 38.647 36.087 33.491 30.856 28.185 26.060 24.432 22.794 21.144 19.483 17.810 16.127 14.433 12.727
11.194 12.025 12.852 13.673 15.829 18.708 21.396 23.892 26.197 28.310 30.232 31.963 33.502 34.850 36.006 36.970 35.051 32.155 29.456 26.954 24.649 22.540 20.682 19.042 17.558 16.230 15.058 14.042 14.704 15.500 16.140 16.624 16.953 17.126 17.144 17.005 16.711 16.261 15.656 15.026 17.628 20.444 23.475 26.742 31.002 35.237 39.448 43.635 47.797 51.936 56.049 58.650 56.187 53.686 51.148 48.573 45.960 43.311 40.623 37.899 35.137 32.337 29.501 27.134 25.457 23.768 22.069 20.358 18.637 16.904 15.160 13.404
10.731 11.545 12.353 13.157 14.691 16.910 18.938 20.775 22.420 23.874 25.136 26.208 27.088 27.776 28.273 28.579 27.282 25.065 23.046 21.223 19.597 18.168 16.992 16.039 15.241 14.600 14.114 13.784 13.899 14.010 13.966 13.766 13.410 12.899 12.232 12.382 12.613 12.870 13.153 13.461 17.389 21.616 25.818 29.996 34.149 38.279 42.384 46.465 50.521 54.553 58.561 61.819 59.190 56.525 53.822 51.081 48.304 45.489 42.636 39.747 36.820 33.856 30.854 28.218 26.492 24.754 23.005 21.245 19.473 17.691 15.897 14.092
10.273 11.069 11.860 12.645 13.733 15.293 16.661 17.838 18.824 19.619 20.222 20.635 20.856 20.886 20.724 20.372 19.343 17.806 16.465 15.322 14.375 13.624 13.131 12.864 12.752 12.797 13.353 14.014 14.375 14.539 14.728 14.943 15.184 15.451 15.743 16.062 16.406 16.776 17.172 17.593 20.982 25.102 29.199 33.271 37.318 41.342 45.341 49.316 53.267 57.193 61.095 64.973 62.230 59.399 56.531 53.626 50.683 47.704 44.686 41.632 38.540 35.411 32.244 29.313 27.537 25.750 23.951 22.141 20.320 18.488 16.645 14.791
9.820 10.599 11.372 12.139 12.954 13.855 14.564 15.082 15.409 15.545 15.490 15.244 14.806 14.178 13.358 12.348 11.235 10.377 10.454 10.985 11.568 12.201 12.861 13.538 14.256 15.014 15.813 16.652 17.230 17.507 17.810 18.138 18.492 18.872 19.277 19.709 20.166 20.649 21.158 21.693 24.596 28.610 32.601 36.567 40.509 44.426 48.320 52.189 56.034 59.854 63.651 67.423 65.306 62.310 59.277 56.207 53.100 49.955 46.773 43.554 40.297 37.003 33.672 30.419 28.593 26.756 24.908 23.049 21.178 19.297 17.404 15.500
9.373 10.134 10.889 11.639 12.355 12.596 12.647 12.506 12.175 11.652 10.939 10.607 10.503 10.396 10.285 10.171 10.185 10.790 11.446 12.154 12.913 13.722 14.559 15.414 16.310 17.247 18.223 19.241 20.054 20.443 20.859 21.300 21.767 22.260 22.779 23.323 23.894 24.490 25.112 25.759 28.231 32.140 36.024 39.885 43.721 47.533 51.320 55.084 58.823 62.538 66.228 69.895 68.418 65.258 62.060 58.825 55.553 52.243 48.896 45.512 42.091 38.632 35.136 31.603 29.659 27.773 25.875 23.967 22.047 20.116 18.174 16.220
8.932 9.674 10.411 11.143 11.992 11.960 11.865 11.767 11.665 11.559 11.451 11.338 11.222 11.103 10.980 10.854 10.777 11.559 12.391 13.275 14.210 15.196 16.209 17.243 18.317 19.431 20.586 21.781 22.845 23.347 23.876 24.430 25.011 25.616 26.248 26.906 27.589 28.298 29.033 29.793 31.887 35.690 39.469 43.224 46.954 50.660 54.342 58.000 61.633 65.243 68.828 72.388 71.566 68.241 64.879 61.479 58.042 54.568 51.056 47.507 43.921 40.298 36.638 32.940 30.736 28.800 26.853 24.895 22.926 20.945 18.954 16.951
9.107 10.002 10.896 11.788 12.678 12.767 12.660 12.549 12.435 12.317 12.197 12.072 11.944 11.813 11.678 11.540 11.398 12.280 13.289 14.349 15.459 16.621 17.812 19.023 20.275 21.568 22.900 24.274 25.604 26.219 26.861 27.528 28.221 28.940 29.685 30.455 31.252 32.073 32.921 33.795 35.565 39.262 42.935 46.584 50.209 53.809 57.386 60.938 64.466 67.969 71.449 74.904 74.751 71.261 67.734 64.169 60.568 56.929 53.253 49.539 45.789 42.001 38.176 34.314 31.823 29.838 27.841 25.834 23.815 21.785 19.744 17.692
9.820 10.709 11.597 12.482 13.366 13.575 13.456 13.334 13.207 13.078 12.945 12.808 12.668 12.525 12.378 12.228 12.074 12.955 14.139 15.375 16.662 17.999 19.367 20.756 22.186 23.656 25.167 26.718 28.309 29.060 29.814 30.594 31.400 32.232 33.090 33.973 34.882 35.817 36.777 37.763 39.264 42.855 46.423 49.966 53.485 56.980 60.451 63.897 67.320 70.718 74.092 77.441 77.971 74.317 70.625 66.896 63.130 59.326 55.486 51.608 47.693 43.741 39.752 35.725 32.921 30.886 28.751 26.390 24.077 21.813 19.597 17.429
10.534 11.417 12.298 13.176 14.054 14.387 14.255 14.121 13.982 13.841 13.696 13.547 13.395 13.240 13.081 12.918 12.753 13.582 14.942 16.354 17.816 19.329 20.874 22.441 24.048 25.696 27.385 29.113 30.882 31.868 32.735 33.628 34.547 35.492 36.462 37.458 38.480 39.527 40.600 41.699 42.984 46.470 49.932 53.369 56.783 60.172 63.538 66.879 70.195 73.488 76.756 80.001 81.228 77.409 73.552 69.659 65.728 61.643 56.867 52.186 47.598 43.104 38.705 34.400 31.144 28.897 26.699 24.549 22.448 20.394 18.390 16.433
11.249 12.125 12.999 13.872 14.742 15.200 15.057 14.910 14.760 14.606 14.449 14.288 14.124 13.957 13.786 13.611 13.433 14.161 15.698 17.285 18.923 20.612 22.333 24.078 25.863 27.689 29.555 31.461 33.408 34.644 35.624 36.630 37.662 38.719 39.802 40.911 42.045 43.205 44.391 45.603 46.840 50.106 53.462 56.794 60.102 63.386 66.646 69.881 73.073 75.282 77.315 79.172 79.771 74.936 70.195 65.549 60.996 56.538 52.173 47.903 43.727 39.645 35.658 31.764 28.623 26.588 24.601 22.662 20.772 18.930 17.136 15.390
11.964 12.834 13.702 14.568 15.432 16.016 15.860 15.702 15.539 15.373 15.204 15.032 14.856 14.676 14.493 14.306 14.117 14.694 16.406 18.169 19.982 21.847 23.745 25.667 27.630 29.633 31.676 33.760 35.884 37.388 38.481 39.600 40.744 41.914 43.110 44.331 45.579 46.851 48.150 49.474 50.552 53.075 55.745 58.240 60.558 62.700 64.667 66.458 68.073 69.511 70.774 71.862 72.516 68.093 63.764 59.529 55.388 51.341 47.388 43.530 39.765 36.095 32.518 29.036 26.056 24.232 22.456 20.729 19.049 17.418 15.836 14.301
12.680 13.544 14.405 15.265 16.123 16.834 16.666 16.496 16.321 16.143 15.962 15.777 15.589 15.398 15.203 15.004 14.802 15.180 17.067 19.005 20.995 23.035 25.109 27.209 29.349 31.530 33.750 36.012 38.313 40.101 41.306 42.234 43.128 44.065 45.046 46.069 47.136 48.246 49.400 50.597 51.836 53.654 55.554 57.278 58.827 60.200 61.397 62.418 63.263 63.932 64.426 64.744 64.886 61.160 57.242 53.419 49.689 46.054 42.513 39.065 35.712 32.453 29.287 26.216 23.444 21.830 20.266 18.749 17.281 15.861 14.489 13.165
13.398 14.255 15.110 15.963 16.814 17.654 17.475 17.292 17.106 16.916 16.722 16.526 16.325 16.122 15.915 15.704 15.490 15.618 17.681 19.795 21.959 24.175 26.251 28.239 30.222 32.201 34.176 36.146 38.111 39.724 40.721 41.762 42.846 43.973 45.143 46.357 47.613 48.913 50.256 51.643 53.072 54.421 55.552 56.507 57.286 57.889 58.316 58.568 58.645 58.545 58.270 57.819 57.192 54.137 50.631 47.219 43.900 40.676 37.546 34.510 31.567 28.719 25.965 23.304 20.785 19.383 18.029 16.724 15.466 14.257 13.096 11.983
