DATA/SHG/ECMWF/20170628/EN-30/20170708.en-30.asc
ncols        190
nrows        64
xllcorner    -5100000.000000000000
yllcorner    4130000.000000000000
cellsize     10000.000000000000
NODATA_value  -99999.000
[rows 32 to 63 of 64, columns 0 to 71 of 190]
1.718 1.643 1.603 1.561 1.516 1.467 1.414 1.356 1.294 1.229 1.159 1.085 1.007 0.925 0.904 0.885 0.866 0.846 0.825 0.804 0.782 0.759 0.735 0.711 0.686 0.660 0.848 1.035 1.217 1.395 1.569 1.739 1.904 2.065 2.222 2.375 2.523 2.680 3.433 4.197 4.972 5.757 6.552 7.358 8.174 9.001 9.837 10.732 11.646 12.563 13.533 14.452 15.320 16.138 16.904 17.620 18.286 18.900 19.464 19.977 20.439 20.779 20.414 20.064 19.730 19.412 19.109 18.822 18.551 18.295 18.055 17.831
1.982 1.915 1.860 1.805 1.745 1.682 1.614 1.542 1.466 1.386 1.302 1.214 1.121 1.025 0.989 0.968 0.946 0.923 0.900 0.876 0.852 0.826 0.800 0.774 0.746 0.718 0.861 1.032 1.200 1.363 1.523 1.677 1.828 1.974 2.116 2.254 2.388 2.517 3.226 4.026 4.928 5.852 6.772 7.691 8.607 9.520 10.432 11.340 12.247 13.151 13.951 14.694 15.386 16.027 16.617 17.157 17.646 18.084 18.471 18.808 19.094 19.329 19.041 18.746 18.467 18.203 17.955 17.723 17.506 17.305 17.120 16.950
2.243 2.185 2.122 2.052 1.978 1.900 1.818 1.732 1.642 1.547 1.449 1.346 1.240 1.129 1.074 1.051 1.026 1.001 0.976 0.949 0.922 0.894 0.866 0.837 0.807 0.776 0.878 1.035 1.187 1.336 1.480 1.620 1.756 1.978 2.219 2.471 2.734 3.008 3.759 4.678 5.596 6.511 7.423 8.333 9.241 10.147 11.050 11.951 12.849 13.745 14.419 14.985 15.501 15.966 16.380 16.743 17.056 17.318 17.529 17.690 17.800 17.859 17.656 17.415 17.190 16.981 16.788 16.610 16.448 16.302 16.171 16.056
2.501 2.451 2.388 2.304 2.216 2.123 2.027 1.926 1.822 1.713 1.600 1.483 1.362 1.237 1.160 1.134 1.107 1.080 1.052 1.023 0.993 0.963 0.932 0.901 0.868 0.837 0.945 1.147 1.360 1.584 1.819 2.065 2.322 2.590 2.869 3.160 3.461 3.773 4.443 5.355 6.264 7.171 8.075 8.977 9.877 10.775 11.669 12.562 13.452 14.340 14.937 15.326 15.666 15.954 16.192 16.380 16.516 16.602 16.638 16.622 16.556 16.440 16.256 16.071 15.900 15.746 15.607 15.484 15.376 15.285 15.208 15.148
2.757 2.715 2.658 2.560 2.457 2.351 2.240 2.125 2.006 1.883 1.756 1.625 1.489 1.350 1.247 1.218 1.189 1.159 1.139 1.163 1.182 1.195 1.203 1.204 1.201 1.191 1.275 1.515 1.767 2.029 2.303 2.587 2.883 3.189 3.507 3.836 4.176 4.526 5.129 6.033 6.934 7.833 8.729 9.623 10.514 11.404 12.290 13.175 14.057 14.937 15.503 15.717 15.880 15.993 16.055 16.066 16.027 15.937 15.796 15.605 15.364 15.071 14.844 14.713 14.597 14.497 14.413 14.344 14.291 14.254 14.232 14.226
3.009 2.975 2.933 2.820 2.703 2.582 2.457 2.328 2.194 2.057 1.916 1.783 1.690 1.610 1.562 1.589 1.611 1.627 1.637 1.642 1.641 1.634 1.622 1.604 1.580 1.551 1.593 1.872 2.162 2.463 2.775 3.098 3.432 3.777 4.133 4.500 4.878 5.267 5.817 6.712 7.605 8.496 9.384 10.270 11.153 12.034 12.913 13.789 14.663 15.535 16.120 16.157 16.144 16.081 15.967 15.803 15.588 15.322 15.006 14.639 14.222 13.754 13.418 13.342 13.281 13.235 13.205 13.191 13.193 13.210 13.243 13.291
3.258 3.233 3.210 3.084 2.944 2.802 2.674 2.560 2.459 2.372 2.299 2.239 2.194 2.162 2.144 2.152 2.154 2.150 2.140 2.125 2.104 2.078 2.046 2.008 1.965 1.916 1.899 2.216 2.545 2.884 3.234 3.596 3.968 4.352 4.746 5.152 5.568 5.996 6.505 7.393 8.277 9.160 10.040 10.918 11.793 12.666 13.536 14.405 15.271 16.134 16.785 16.647 16.458 16.219 15.929 15.589 15.198 14.757 14.265 13.723 13.130 12.487 11.979 11.957 11.951 11.960 11.984 12.025 12.081 12.152 12.982 14.459
3.391 3.331 3.268 3.157 3.049 2.955 2.875 2.808 2.756 2.717 2.691 2.680 2.682 2.698 2.728 2.720 2.702 2.679 2.649 2.614 2.574 2.528 2.476 2.418 2.355 2.286 2.212 2.549 2.915 3.293 3.682 4.082 4.493 4.915 5.347 5.791 6.246 6.712 7.195 8.074 8.951 9.825 10.697 11.567 12.434 13.299 14.161 15.022 15.879 16.735 17.500 17.186 16.822 16.407 15.941 15.426 14.859 14.242 13.575 12.857 12.089 11.270 10.527 11.010 11.863 12.893 14.099 15.481 17.040 18.775 20.686 22.774
3.413 3.344 3.271 3.199 3.139 3.093 3.060 3.042 3.037 3.046 3.068 3.105 3.155 3.219 3.296 3.294 3.256 3.213 3.164 3.109 3.049 2.983 2.911 2.834 2.751 2.662 2.568 2.869 3.274 3.690 4.118 4.556 5.005 5.465 5.936 6.419 6.912 7.416 7.931 8.758 9.626 10.492 11.356 12.218 13.077 13.933 14.788 15.640 16.490 17.337 18.182 17.774 17.234 16.644 16.003 15.312 14.829 14.450 14.099 13.775 13.478 13.209 12.970 14.259 15.724 17.365 19.182 21.175 23.345 25.691 28.214 30.913
3.438 3.359 3.277 3.225 3.213 3.215 3.231 3.260 3.303 3.360 3.430 3.514 3.612 3.724 3.849 3.873 3.815 3.752 3.683 3.609 3.529 3.443 3.352 3.255 3.152 3.044 2.930 3.178 3.621 4.076 4.541 5.018 5.505 6.004 6.513 7.034 7.565 8.108 8.661 9.442 10.303 11.161 12.016 12.870 13.721 14.569 15.416 16.260 17.101 18.026 18.981 18.821 18.399 18.005 17.638 17.299 16.987 16.703 16.447 16.218 16.017 15.843 15.697 17.333 19.409 21.661 24.090 26.694 29.475 32.432 35.564 38.874
3.466 3.377 3.286 3.237 3.273 3.323 3.386 3.463 3.554 3.658 3.777 3.909 4.054 4.214 4.387 4.457 4.379 4.297 4.208 4.114 4.014 3.909 3.798 3.681 3.559 3.431 3.297 3.474 3.956 4.449 4.953 5.467 5.993 6.530 7.078 7.637 8.206 8.787 9.379 10.128 10.980 11.830 12.714 13.615 14.532 15.464 16.411 17.373 18.351 19.345 20.354 20.473 20.146 19.847 19.576 19.332 19.116 18.927 18.766 18.632 18.526 18.447 18.396 20.234 22.921 25.784 28.823 32.037 35.428 38.995 42.738 46.657
3.497 3.399 3.298 3.233 3.317 3.415 3.526 3.651 3.789 3.942 4.108 4.288 4.481 4.688 4.909 5.046 4.949 4.847 4.738 4.625 4.505 4.380 4.249 4.113 3.971 3.823 3.670 3.759 4.279 4.810 5.352 5.905 6.469 7.044 7.630 8.206 8.809 9.438 10.095 10.870 11.779 12.702 13.642 14.596 15.566 16.552 17.552 18.568 19.600 20.647 21.709 22.096 21.865 21.661 21.485 21.336 21.215 21.121 21.055 21.016 21.005 21.021 21.065 22.961 26.258 29.732 33.381 37.205 41.206 45.383 49.736 54.264
3.531 3.423 3.313 3.215 3.347 3.492 3.651 3.823 4.010 4.210 4.424 4.651 4.893 5.147 5.416 5.641 5.524 5.402 5.274 5.140 5.001 4.856 4.706 4.550 4.388 4.221 4.048 4.021 4.502 5.011 5.546 6.109 6.698 7.313 7.956 8.625 9.322 10.045 10.794 11.621 12.583 13.560 14.553 15.561 16.584 17.623 18.677 19.746 20.831 21.931 23.047 23.690 23.554 23.445 23.364 23.310 23.284 23.285 23.314 23.370 23.454 23.565 23.704 25.515 29.422 33.505 37.764 42.198 46.809 51.595 56.557 61.695
3.568 3.450 3.331 3.208 3.361 3.554 3.761 3.981 4.215 4.463 4.724 5.000 5.289 5.591 5.907 6.237 6.105 5.963 5.815 5.662 5.481 5.220 4.957 4.692 4.423 4.153 3.879 3.666 4.241 4.843 5.471 6.127 6.809 7.518 8.254 9.017 9.806 10.622 11.465 12.355 13.370 14.401 15.447 16.508 17.585 18.677 19.785 20.907 22.045 23.199 24.368 25.255 25.214 25.200 25.214 25.255 25.324 25.420 25.544 25.695 25.874 26.080 26.314 27.895 32.412 37.104 41.973 47.016 52.236 57.631 63.202 68.949
3.607 3.481 3.351 3.219 3.360 3.601 3.855 4.123 4.405 4.701 5.010 5.333 5.669 5.990 6.255 6.518 6.343 6.084 5.822 5.558 5.291 5.022 4.750 4.475 4.198 3.919 3.636 3.352 3.951 4.647 5.369 6.117 6.893 7.695 8.524 9.380 10.262 11.172 12.108 13.072 14.141 15.225 16.324 17.439 18.569 19.714 20.875 22.051 23.243 24.449 25.671 26.791 26.844 26.926 27.035 27.171 27.335 27.526 27.744 27.990 28.264 28.565 28.894 30.103 35.229 40.530 46.007 51.660 57.488 63.492 69.671 76.026
3.650 3.514 3.375 3.234 3.344 3.633 3.921 4.195 4.466 4.735 5.002 5.266 5.528 5.787 6.044 6.299 6.193 5.925 5.654 5.381 5.105 4.827 4.546 4.262 3.976 3.688 3.396 3.103 3.634 4.423 5.238 6.080 6.948 7.844 8.766 9.715 10.691 11.693 12.722 13.778 14.894 16.032 17.185 18.353 19.536 20.735 21.949 23.178 24.423 25.683 26.958 28.249 28.446 28.622 28.826 29.057 29.316 29.602 29.915 30.256 30.625 31.020 31.444 32.137 37.872 43.782 49.868 56.129 62.565 69.178 75.965 82.928
3.672 3.515 3.359 3.203 3.240 3.510 3.778 4.043 4.306 4.567 4.826 5.082 5.335 5.587 5.836 6.082 6.046 5.768 5.489 5.207 4.922 4.635 4.345 4.052 3.757 3.460 3.159 2.857 3.290 4.171 5.079 6.015 6.976 7.965 8.980 10.022 11.091 12.186 13.308 14.457 15.631 16.822 18.028 19.250 20.486 21.738 23.005 24.288 25.586 26.899 28.227 29.571 30.019 30.290 30.588 30.914 31.268 31.649 32.057 32.492 32.956 33.446 33.964 34.509 40.342 46.767 52.191 57.417 62.446 67.278 71.912 76.350
3.609 3.454 3.299 3.146 3.115 3.377 3.637 3.894 4.149 4.402 4.652 4.900 5.146 5.389 5.630 5.868 5.901 5.615 5.327 5.035 4.742 4.445 4.147 3.845 3.541 3.235 2.926 2.614 2.917 3.892 4.893 5.921 6.976 8.058 9.166 10.301 11.463 12.651 13.866 15.108 16.352 17.596 18.855 20.130 21.420 22.725 24.045 25.381 26.732 28.098 29.480 30.877 31.562 31.928 32.322 32.742 33.190 33.666 34.070 33.917 33.777 33.651 33.539 33.439 37.378 42.319 47.062 51.609 55.958 60.111 64.067 67.825
3.545 3.392 3.240 3.088 2.993 3.247 3.499 3.748 3.995 4.240 4.482 4.722 4.959 5.194 5.427 5.657 5.760 5.465 5.167 4.867 4.564 4.259 3.951 3.641 3.328 3.013 2.695 2.374 2.517 3.585 4.680 5.801 6.948 8.123 9.324 10.552 11.807 13.088 14.396 15.730 17.056 18.353 19.665 20.993 22.336 23.694 25.068 26.457 27.861 29.281 30.716 32.036 32.312 32.125 31.952 31.792 31.646 31.513 31.393 31.287 31.194 31.115 31.049 30.997 33.801 38.062 42.127 45.994 49.665 53.139 56.416 59.496
3.481 3.330 3.179 3.029 2.880 3.120 3.364 3.605 3.844 4.080 4.314 4.546 4.775 5.002 5.226 5.448 5.621 5.317 5.011 4.702 4.390 4.076 3.759 3.440 3.118 2.794 2.467 2.137 2.090 3.251 4.438 5.652 6.893 8.160 9.454 10.775 12.122 13.496 14.897 16.325 17.743 19.093 20.459 21.840 23.125 24.100 25.030 25.915 26.754 27.549 28.297 29.001 29.343 29.203 29.077 28.964 28.865 28.779 28.706 28.647 28.601 28.569 28.550 28.545 30.417 33.999 37.385 40.574 43.566 46.361 48.960 51.362
3.417 3.267 3.119 2.970 2.823 2.996 3.231 3.464 3.695 3.923 4.149 4.372 4.593 4.812 5.029 5.243 5.454 5.173 4.858 4.540 4.219 3.896 3.570 3.242 2.911 2.578 2.242 1.904 1.635 2.889 4.169 5.476 6.809 8.170 9.556 10.970 12.410 13.818 15.096 16.332 17.502 18.502 19.457 20.367 21.231 22.050 22.824 23.552 24.235 24.873 25.466 26.014 26.364 26.272 26.192 26.126 26.074 26.035 26.009 25.997 25.998 26.013 26.041 26.083 27.224 30.128 32.835 35.346 37.660 39.778 41.699 43.423
3.352 3.204 3.057 2.911 2.765 2.874 3.101 3.326 3.548 3.769 3.986 4.202 4.415 4.625 4.834 5.040 5.243 5.032 4.707 4.380 4.051 3.719 3.384 3.047 2.707 2.365 2.020 1.673 1.323 2.499 3.906 5.336 6.724 8.068 9.370 10.629 11.845 13.018 14.149 15.236 16.280 17.124 17.923 18.676 19.384 20.047 20.665 21.237 21.764 22.246 22.683 23.075 23.376 23.330 23.298 23.279 23.273 23.281 23.302 23.337 23.385 23.447 23.522 23.610 24.223 26.449 28.479 30.312 31.948 33.388 34.632 35.679
3.286 3.141 2.996 2.851 2.707 2.755 2.974 3.191 3.405 3.617 3.827 4.034 4.239 4.441 4.641 4.839 5.035 4.893 4.560 4.224 3.886 3.545 3.201 2.891 2.635 2.405 2.201 2.023 1.870 2.861 4.186 5.468 6.707 7.904 9.058 10.169 11.237 12.263 13.245 14.185 15.083 15.793 16.435 17.033 17.585 18.092 18.553 18.970 19.341 19.667 19.948 20.184 20.374 20.379 20.393 20.421 20.463 20.517 20.586 20.667 20.762 20.871 20.993 21.128 21.414 22.963 24.315 25.470 26.430 27.193 27.759 28.129
3.221 3.077 2.933 2.791 2.648 2.638 2.849 3.058 3.264 3.468 3.669 3.869 4.065 4.260 4.452 4.642 4.816 4.732 4.411 4.115 3.845 3.601 3.383 3.191 3.024 2.884 2.769 2.680 2.616 3.331 4.508 5.643 6.734 7.783 8.789 9.753 10.673 11.551 12.387 13.179 13.929 14.509 14.995 15.437 15.833 16.184 16.489 16.750 16.965 17.136 17.261 17.341 17.375 17.418 17.479 17.554 17.642 17.744 17.859 17.987 18.129 18.285 18.453 18.635 18.831 19.668 20.343 20.822 21.104 21.190 21.080 20.774
3.154 3.012 2.871 2.730 2.590 2.525 2.727 2.928 3.126 3.318 3.501 3.678 3.849 4.012 4.169 4.318 4.461 4.468 4.236 4.030 3.849 3.695 3.566 3.463 3.386 3.334 3.309 3.309 3.335 3.846 4.875 5.862 6.805 7.707 8.565 9.381 10.154 10.884 11.572 12.217 12.819 13.272 13.602 13.888 14.128 14.323 14.473 14.578 14.638 14.652 14.621 14.546 14.425 14.447 14.555 14.677 14.812 14.961 15.122 15.298 15.486 15.689 15.904 16.133 16.375 16.565 16.563 16.365 15.971 15.381 14.595 13.612
3.087 2.947 2.806 2.668 2.534 2.426 2.614 2.794 2.968 3.135 3.295 3.449 3.596 3.735 3.868 3.995 4.114 4.177 4.034 3.917 3.826 3.761 3.721 3.708 3.720 3.758 3.821 3.911 4.026 4.403 5.285 6.124 6.920 7.674 8.385 9.053 9.678 10.261 10.801 11.299 11.754 12.082 12.257 12.386 12.471 12.510 12.504 12.453 12.357 12.216 12.030 11.799 11.522 11.466 11.622 11.790 11.972 12.167 12.376 12.598 12.834 13.082 13.345 13.620 13.909 13.654 12.976 12.101 11.031 10.337 9.829 9.345
2.978 2.847 2.720 2.599 2.482 2.370 2.509 2.666 2.817 2.960 3.097 3.227 3.350 3.466 3.576 3.679 3.775 3.858 3.805 3.777 3.776 3.800 3.849 3.925 4.026 4.153 4.306 4.485 4.689 5.004 5.738 6.430 7.079 7.685 8.248 8.769 9.247 9.682 10.075 10.425 10.733 10.939 10.958 10.932 10.861 10.744 10.583 10.376 10.125 9.828 9.486 9.099 8.667 8.476 8.678 8.893 9.122 9.364 9.620 9.888 10.171 10.466 11.001 11.583 12.149 12.107 11.586 11.089 10.615 10.164 9.736 9.331
2.854 2.740 2.630 2.525 2.425 2.329 2.412 2.546 2.673 2.793 2.906 3.013 3.112 3.205 3.291 3.370 3.443 3.509 3.549 3.610 3.698 3.811 3.950 4.115 4.305 4.522 4.763 5.031 5.325 5.649 6.235 6.779 7.281 7.739 8.155 8.529 8.860 9.148 9.393 9.596 9.756 9.843 9.706 9.524 9.298 9.026 8.709 8.347 7.940 7.488 6.990 6.448 5.861 5.476 5.725 6.313 6.955 7.581 8.189 8.781 9.356 9.915 10.456 10.981 11.489 11.594 11.154 10.736 10.341 9.970 9.621 9.295
2.726 2.628 2.535 2.446 2.362 2.283 2.323 2.433 2.536 2.633 2.723 2.806 2.882 2.951 3.014 3.070 3.119 3.161 3.266 3.416 3.593 3.795 4.024 4.277 4.557 4.862 5.193 5.550 5.933 6.341 6.776 7.172 7.526 7.838 8.106 8.333 8.516 8.657 8.755 8.811 8.824 8.794 8.501 8.164 7.782 7.354 6.882 6.365 6.104 5.874 5.633 5.381 5.118 4.969 5.587 6.189 6.773 7.341 7.892 8.426 8.944 9.445 9.929 10.396 10.846 11.061 10.699 10.361 10.046 9.754 9.484 9.238
2.592 2.511 2.434 2.362 2.295 2.232 2.241 2.328 2.408 2.481 2.547 2.606 2.659 2.705 2.744 2.777 2.802 2.821 2.955 3.195 3.461 3.753 4.070 4.413 4.781 5.176 5.596 6.042 6.513 7.010 7.359 7.609 7.815 7.980 8.101 8.180 8.217 8.210 8.162 8.070 7.936 7.965 7.808 7.606 7.393 7.169 6.934 6.687 6.430 6.162 5.882 5.591 5.290 4.977 5.536 6.080 6.607 7.117 7.611 8.087 8.548 8.991 9.417 9.827 10.220 10.506 10.224 9.965 9.729 9.516 9.326 9.159
2.454 2.389 2.328 2.273 2.222 2.176 2.167 2.230 2.286 2.336 2.379 2.415 2.444 2.466 2.482 2.491 2.493 2.488 2.618 2.947 3.302 3.683 4.089 4.521 4.978 5.462 5.971 6.506 7.066 7.652 7.987 8.089 8.148 8.165 8.118 8.095 8.099 8.127 8.182 8.262 8.367 8.499 8.375 8.134 7.883 7.620 7.347 7.062 6.766 6.460 6.142 5.813 5.473 5.121 5.502 5.988 6.457 6.910 7.346 7.765 8.168 8.554 8.923 9.275 9.611 9.929 9.727 9.547 9.391 9.257 9.147 9.059
2.310 2.261 2.218 2.179 2.144 2.115 2.100 2.139 2.172 2.198 2.218 2.230 2.236 2.235 2.228 2.213 2.192 2.164 2.254 2.672 3.116 3.585 4.081 4.602 5.148 5.721 6.314 6.803 7.283 7.756 7.998 7.961 7.950 7.965 8.005 8.071 8.163 8.280 8.423 8.592 8.786 9.006 8.952 8.673 8.384 8.083 7.771 7.448 7.114 6.768 6.412 6.045 5.666 5.277 5.484 5.912 6.324 6.720 7.098 7.460 7.805 8.133 8.445 8.740 9.018 9.279 9.208 9.108 9.031 8.977 8.945 8.937
