DATA/SHG/ECMWF/20170628/EN-30/20170704.en-30.asc
ncols        190
nrows        64
xllcorner    -5100000.000000000000
yllcorner    4130000.000000000000
cellsize     10000.000000000000
NODATA_value  -99999.000
[rows 0 to 31 of 64, columns 72 to 143 of 190]
10.419 10.364 10.305 10.243 10.177 10.109 10.036 9.961 9.882 10.010 10.569 11.086 11.583 12.059 12.514 12.949 13.364 13.759 14.133 14.487 14.820 14.941 14.434 13.947 13.462 12.981 12.502 12.027 11.554 11.084 10.617 10.153 9.691 9.251 8.876 8.509 8.150 7.800 7.458 7.124 6.798 6.481 6.172 5.871 5.579 5.302 5.053 4.804 4.558 4.312 4.068 3.826 3.585 3.345 3.107 2.870 2.635 2.425 2.286 2.151 2.021 1.895 1.774 1.657 1.545 1.436 1.332 1.233 1.138 1.052 0.987 0.927
10.589 10.522 10.452 10.314 10.163 10.017 9.876 9.740 9.608 9.588 10.054 10.500 10.925 11.330 11.715 12.079 12.423 12.746 13.049 13.332 13.594 13.758 13.263 12.789 12.318 11.849 11.384 10.921 10.461 10.003 9.549 9.098 8.649 8.215 7.877 7.547 7.225 6.912 6.607 6.310 6.021 5.741 5.469 5.205 4.950 4.702 4.459 4.217 3.977 3.738 3.501 3.265 3.030 2.797 2.565 2.335 2.106 1.893 1.774 1.659 1.548 1.442 1.340 1.243 1.150 1.061 0.977 0.897 0.821 0.753 0.711 0.674
10.300 10.151 10.008 9.869 9.735 9.606 9.482 9.363 9.249 9.164 9.559 9.933 10.288 10.621 10.935 11.228 11.501 11.754 11.986 12.198 12.389 12.560 12.092 11.631 11.172 10.716 10.263 9.813 9.366 8.921 8.480 8.041 7.605 7.172 6.870 6.577 6.292 6.016 5.748 5.488 5.237 4.993 4.758 4.531 4.313 4.102 3.865 3.630 3.396 3.163 2.932 2.703 2.474 2.248 2.022 1.798 1.576 1.358 1.258 1.162 1.071 0.985 0.902 0.825 0.751 0.682 0.617 0.556 0.500 0.496 0.584 0.688
9.799 9.667 9.541 9.419 9.303 9.191 9.084 8.982 8.885 8.793 9.082 9.386 9.669 9.932 10.175 10.397 10.599 10.781 10.942 11.083 11.203 11.304 10.919 10.471 10.025 9.582 9.141 8.704 8.270 7.838 7.409 6.983 6.560 6.140 5.856 5.600 5.352 5.113 4.882 4.659 4.444 4.237 4.039 3.849 3.668 3.494 3.270 3.041 2.814 2.588 2.363 2.140 1.918 1.698 1.479 1.261 1.045 0.830 0.738 0.662 0.645 0.682 0.721 0.763 0.807 0.853 0.902 0.954 1.008 1.064 1.221 1.401
9.294 9.180 9.070 8.966 8.867 8.772 8.682 8.598 8.518 8.443 8.625 8.858 9.070 9.262 9.434 9.586 9.717 9.827 9.918 9.988 10.038 10.067 9.745 9.309 8.876 8.446 8.018 7.594 7.172 6.753 6.337 5.923 5.513 5.105 4.834 4.615 4.404 4.202 4.008 3.822 3.644 3.474 3.313 3.160 3.015 2.878 2.675 2.453 2.232 2.012 1.794 1.639 1.536 1.432 1.329 1.224 1.120 1.015 1.025 1.068 1.113 1.161 1.211 1.264 1.318 1.376 1.436 1.498 1.563 1.630 1.840 2.096
8.785 8.688 8.596 8.509 8.427 8.349 8.277 8.209 8.146 8.088 8.188 8.349 8.491 8.612 8.713 8.794 8.854 8.894 8.914 8.913 8.892 8.851 8.569 8.146 7.726 7.308 6.894 6.482 6.073 5.666 5.263 4.862 4.465 4.070 3.805 3.623 3.449 3.283 3.126 2.977 2.836 2.703 2.650 2.654 2.664 2.681 2.622 2.519 2.415 2.311 2.207 2.102 1.997 1.892 1.787 1.681 1.574 1.468 1.469 1.522 1.578 1.637 1.698 1.761 1.827 1.895 1.966 2.039 2.115 2.193 2.441 2.773
8.272 8.193 8.118 8.048 7.983 7.922 7.867 7.817 7.771 7.730 7.769 7.860 7.931 7.981 8.011 8.021 8.011 7.980 7.929 7.858 7.766 7.655 7.392 6.982 6.574 6.169 5.767 5.368 4.972 4.578 4.188 3.800 3.415 3.113 2.975 2.954 2.939 2.932 2.931 2.938 2.951 2.972 2.999 3.034 3.076 3.124 3.093 2.988 2.883 2.777 2.672 2.565 2.459 2.352 2.244 2.137 2.029 1.920 1.909 1.973 2.040 2.109 2.181 2.255 2.332 2.411 2.493 2.577 2.663 2.752 3.024 3.432
7.756 7.693 7.636 7.583 7.535 7.492 7.453 7.420 7.392 7.368 7.370 7.390 7.390 7.370 7.329 7.268 7.187 7.086 6.964 6.823 6.660 6.478 6.214 5.816 5.492 5.204 4.924 4.653 4.389 4.134 3.887 3.649 3.418 3.196 3.066 3.075 3.092 3.116 3.147 3.185 3.229 3.281 3.340 3.406 3.479 3.559 3.564 3.457 3.351 3.243 3.136 3.028 2.920 2.811 2.702 2.593 2.483 2.373 2.346 2.421 2.499 2.579 2.662 2.747 2.834 2.924 3.016 3.111 3.208 3.308 3.589 4.073
7.236 7.190 7.150 7.114 7.083 7.057 7.036 7.020 7.008 7.002 6.990 6.939 6.869 6.778 6.667 6.535 6.395 6.293 6.192 6.092 5.994 5.896 5.762 5.495 5.235 4.984 4.741 4.506 4.279 4.061 3.851 3.649 3.455 3.270 3.148 3.189 3.237 3.292 3.355 3.424 3.500 3.583 3.673 3.770 3.874 3.985 4.035 3.926 3.818 3.709 3.600 3.490 3.380 3.270 3.159 3.048 2.937 2.825 2.780 2.866 2.954 3.045 3.139 3.235 3.333 3.434 3.537 3.642 3.750 3.861 4.137 4.696
6.712 6.683 6.660 6.641 6.627 6.619 6.615 6.615 6.621 6.630 6.618 6.513 6.410 6.307 6.206 6.105 6.006 5.908 5.811 5.715 5.620 5.526 5.423 5.192 4.969 4.755 4.549 4.350 4.161 3.979 3.805 3.640 3.483 3.335 3.223 3.295 3.375 3.461 3.554 3.655 3.762 3.876 3.998 4.126 4.261 4.404 4.505 4.395 4.285 4.174 4.064 3.952 3.841 3.729 3.616 3.504 3.391 3.277 3.210 3.307 3.407 3.508 3.613 3.719 3.828 3.940 4.054 4.170 4.289 4.411 4.667 5.301
6.184 6.172 6.178 6.196 6.210 6.220 6.226 6.228 6.225 6.218 6.206 6.105 6.005 5.906 5.809 5.712 5.617 5.522 5.429 5.337 5.246 5.156 5.072 4.881 4.695 4.517 4.347 4.186 4.033 3.888 3.751 3.622 3.502 3.390 3.290 3.394 3.504 3.622 3.746 3.878 4.016 4.162 4.315 4.474 4.641 4.814 4.975 4.864 4.752 4.640 4.527 4.414 4.301 4.187 4.073 3.959 3.844 3.729 3.638 3.746 3.856 3.968 4.083 4.201 4.321 4.443 4.568 4.695 4.825 4.957 5.178 5.888
5.853 5.865 5.873 5.877 5.876 5.872 5.863 5.850 5.832 5.811 5.785 5.696 5.600 5.505 5.411 5.319 5.227 5.137 5.047 4.959 4.871 4.785 4.706 4.561 4.412 4.270 4.137 4.013 3.896 3.788 3.688 3.596 3.512 3.436 3.369 3.484 3.626 3.775 3.930 4.093 4.263 4.440 4.623 4.814 5.012 5.216 5.428 5.332 5.219 5.105 4.990 4.876 4.761 4.645 4.530 4.414 4.297 4.181 4.064 4.181 4.302 4.425 4.551 4.679 4.810 4.943 5.079 5.217 5.357 5.582 5.963 7.014
5.582 5.579 5.573 5.562 5.547 5.527 5.504 5.476 5.444 5.408 5.367 5.287 5.195 5.104 5.014 4.925 4.837 4.750 4.665 4.580 4.497 4.414 4.338 4.232 4.119 4.015 3.919 3.830 3.750 3.679 3.615 3.560 3.513 3.474 3.443 3.567 3.740 3.920 4.107 4.301 4.501 4.709 4.924 5.146 5.375 5.610 5.853 5.800 5.685 5.569 5.453 5.337 5.220 5.103 4.986 4.868 4.750 4.632 4.513 4.613 4.726 4.856 5.036 5.264 5.541 5.868 6.244 6.669 7.143 7.666 8.238 9.559
5.315 5.298 5.277 5.251 5.221 5.187 5.149 5.107 5.060 5.009 4.954 4.877 4.789 4.702 4.615 4.530 4.446 4.363 4.282 4.201 4.121 4.043 3.971 3.895 3.819 3.751 3.691 3.639 3.596 3.561 3.534 3.515 3.504 3.502 3.508 3.642 3.846 4.057 4.275 4.500 4.732 4.971 5.217 5.470 5.730 5.997 6.270 6.268 6.151 6.034 5.916 5.776 5.604 5.422 5.229 5.026 4.813 4.589 4.354 4.494 4.793 5.142 5.539 5.986 6.482 7.027 7.621 8.264 8.957 9.698 10.489 12.028
5.053 5.021 4.985 4.945 4.900 4.852 4.799 4.742 4.681 4.616 4.546 4.467 4.382 4.299 4.217 4.136 4.055 3.976 3.898 3.821 3.745 3.671 3.603 3.548 3.509 3.477 3.454 3.439 3.432 3.434 3.443 3.461 3.487 3.521 3.564 3.709 3.944 4.186 4.435 4.692 4.955 5.225 5.504 5.785 6.059 6.328 6.592 6.598 6.421 6.234 6.037 5.829 5.611 5.382 5.143 4.893 4.633 4.362 4.081 4.292 4.810 5.376 5.992 6.657 7.372 8.135 8.947 9.808 10.719 11.678 12.687 14.422
4.795 4.748 4.698 4.643 4.584 4.521 4.453 4.382 4.306 4.226 4.142 4.056 3.976 3.896 3.818 3.740 3.664 3.589 3.514 3.441 3.369 3.298 3.234 3.193 3.190 3.195 3.209 3.230 3.260 3.298 3.344 3.398 3.461 3.562 3.694 3.895 4.189 4.477 4.760 5.038 5.310 5.577 5.838 6.093 6.343 6.588 6.827 6.848 6.625 6.391 6.147 5.893 5.628 5.353 5.067 4.771 4.464 4.147 3.819 4.039 4.775 5.560 6.395 7.278 8.210 9.191 10.221 11.301 12.429 13.606 14.833 16.741
4.541 4.480 4.415 4.345 4.272 4.194 4.112 4.026 3.935 3.841 3.742 3.646 3.569 3.493 3.418 3.345 3.272 3.201 3.130 3.061 2.993 2.925 2.865 2.830 2.915 3.044 3.173 3.303 3.433 3.565 3.696 3.829 3.962 4.095 4.230 4.405 4.675 4.939 5.197 5.450 5.698 5.940 6.177 6.408 6.633 6.853 7.068 7.109 6.839 6.559 6.269 5.968 5.656 5.334 5.002 4.660 4.306 3.943 3.569 3.737 4.691 5.694 6.746 7.847 8.997 10.196 11.444 12.741 14.087 15.483 16.927 18.986
4.292 4.216 4.136 4.052 3.964 3.872 3.775 3.674 3.569 3.460 3.347 3.234 3.161 3.089 3.018 2.949 2.889 2.944 3.001 3.059 3.119 3.180 3.234 3.291 3.421 3.553 3.685 3.817 3.951 4.085 4.219 4.355 4.491 4.627 4.764 4.921 5.166 5.406 5.640 5.868 6.091 6.309 6.521 6.727 6.928 7.124 7.314 7.381 7.065 6.738 6.401 6.054 5.696 5.327 4.949 4.559 4.160 3.750 3.329 3.384 4.556 5.777 7.047 8.366 9.733 11.150 12.616 14.131 15.694 17.307 18.969 21.155
4.047 3.956 3.862 3.763 3.661 3.554 3.443 3.327 3.208 3.102 3.090 3.088 3.140 3.195 3.251 3.308 3.367 3.427 3.488 3.551 3.616 3.682 3.741 3.794 3.926 4.060 4.195 4.331 4.467 4.604 4.741 4.879 5.018 5.157 5.297 5.442 5.663 5.878 6.087 6.291 6.490 6.683 6.870 7.053 7.229 7.400 7.566 7.663 7.301 6.928 6.544 6.150 5.746 5.331 4.906 4.470 4.024 3.568 3.101 2.981 4.371 5.809 7.297 8.833 10.419 12.053 13.736 15.468 17.250 19.080 20.959 23.250
3.806 3.701 3.608 3.560 3.522 3.494 3.477 3.469 3.472 3.485 3.508 3.541 3.596 3.656 3.717 3.779 3.842 3.907 3.974 4.042 4.111 4.182 4.246 4.304 4.429 4.566 4.704 4.842 4.981 5.121 5.261 5.402 5.544 5.686 5.829 5.972 6.164 6.355 6.540 6.720 6.894 7.062 7.225 7.383 7.535 7.682 7.823 7.957 7.548 7.128 6.698 6.258 5.807 5.346 4.874 4.392 3.900 3.397 2.884 2.528 4.135 5.791 7.496 9.250 11.053 12.905 14.805 16.755 18.753 20.800 22.897 25.270
3.788 3.756 3.733 3.720 3.718 3.725 3.743 3.771 3.809 3.858 3.916 3.985 4.051 4.115 4.181 4.248 4.316 4.386 4.458 4.530 4.604 4.680 4.749 4.812 4.931 5.071 5.211 5.352 5.494 5.637 5.780 5.924 6.068 6.213 6.359 6.505 6.672 6.838 6.998 7.153 7.303 7.447 7.586 7.719 7.847 7.969 8.086 8.197 7.805 7.339 6.863 6.376 5.879 5.372 4.854 4.326 3.787 3.238 2.678 2.108 3.850 5.723 7.646 9.617 11.637 13.706 15.823 17.990 20.205 22.470 24.728 26.969
3.833 3.836 3.848 3.871 3.904 3.947 4.000 4.063 4.137 4.220 4.314 4.418 4.503 4.573 4.643 4.715 4.788 4.863 4.939 5.017 5.096 5.176 5.250 5.318 5.431 5.574 5.717 5.861 6.006 6.151 6.297 6.444 6.591 6.739 6.887 7.037 7.184 7.326 7.462 7.593 7.718 7.837 7.952 8.060 8.164 8.261 8.354 8.440 8.074 7.562 7.039 6.506 5.962 5.409 4.844 4.270 3.685 3.089 2.483 1.867 3.514 5.707 8.039 10.337 12.600 14.828 17.022 19.181 21.305 23.395 25.449 27.470
3.868 3.906 3.954 4.012 4.080 4.159 4.247 4.346 4.454 4.573 4.702 4.841 4.954 5.028 5.103 5.180 5.258 5.338 5.419 5.501 5.585 5.670 5.750 5.822 5.930 6.076 6.222 6.369 6.516 6.664 6.813 6.962 7.112 7.263 7.415 7.567 7.702 7.819 7.931 8.037 8.138 8.233 8.323 8.407 8.486 8.559 8.627 8.690 8.353 7.794 7.226 6.646 6.122 5.720 5.353 5.019 4.719 4.452 4.220 4.022 5.627 7.840 10.019 12.164 14.273 16.348 18.389 20.395 22.366 24.302 26.204 28.071
3.894 3.967 4.050 4.144 4.247 4.361 4.484 4.618 4.762 4.916 5.080 5.255 5.403 5.482 5.562 5.643 5.726 5.811 5.897 5.984 6.073 6.163 6.247 6.324 6.427 6.576 6.725 6.875 7.025 7.176 7.327 7.480 7.633 7.786 7.940 8.095 8.225 8.317 8.405 8.487 8.563 8.634 8.700 8.794 8.930 9.050 9.153 9.239 9.055 8.668 8.314 7.995 7.709 7.457 7.239 7.055 6.905 6.788 6.706 6.657 7.946 10.006 12.032 14.023 15.980 17.901 19.789 21.642 23.460 25.243 26.992 28.706
3.910 4.018 4.137 4.265 4.404 4.553 4.712 4.881 5.060 5.249 5.449 5.658 5.849 5.933 6.018 6.105 6.193 6.282 6.373 6.465 6.558 6.653 6.742 6.825 6.923 7.075 7.226 7.379 7.532 7.686 7.840 7.995 8.151 8.308 8.513 8.800 9.058 9.236 9.398 9.543 9.672 9.784 9.880 9.959 10.022 10.069 10.099 10.113 10.005 9.768 9.564 9.394 9.258 9.156 9.088 9.053 9.053 9.086 9.153 9.254 10.297 12.204 14.077 15.915 17.718 19.487 21.221 22.921 24.586 26.217 27.813 29.374
3.916 4.060 4.214 4.377 4.551 4.735 4.930 5.134 5.348 5.573 5.807 6.052 6.294 6.383 6.473 6.564 6.657 6.751 6.846 6.943 7.042 7.142 7.235 7.323 7.418 7.615 7.884 8.157 8.433 8.714 8.998 9.287 9.580 9.876 10.177 10.481 10.751 10.856 10.945 11.017 11.073 11.112 11.135 11.141 11.131 11.105 11.062 11.003 10.918 10.831 10.777 10.757 10.770 10.818 10.899 11.014 11.163 11.346 11.562 11.812 12.679 14.434 16.154 17.839 19.489 21.105 22.687 24.234 25.746 27.224 28.667 30.076
3.935 4.092 4.281 4.480 4.689 4.908 5.138 5.377 5.627 5.886 6.156 6.436 6.726 6.831 6.925 7.022 7.119 7.219 7.347 7.514 7.721 7.966 8.234 8.516 8.830 9.113 9.400 9.690 9.984 10.282 10.585 10.891 11.201 11.515 11.834 12.156 12.460 12.492 12.508 12.507 12.489 12.456 12.405 12.339 12.256 12.156 12.041 11.908 11.795 11.857 11.952 12.082 12.245 12.442 12.673 12.937 13.236 13.568 13.934 14.333 15.094 16.696 18.263 19.795 21.293 22.756 24.185 25.579 26.939 28.264 29.554 30.810
3.970 4.114 4.339 4.573 4.817 5.071 5.336 5.610 5.895 6.190 6.478 6.710 6.943 7.045 7.152 7.299 7.484 7.710 7.974 8.278 8.621 9.003 9.407 9.828 10.279 10.605 10.909 11.216 11.528 11.844 12.164 12.488 12.816 13.148 13.484 13.824 14.168 14.144 14.086 14.012 13.922 13.815 13.692 13.553 13.397 13.224 13.036 12.831 12.634 12.846 13.091 13.370 13.682 14.029 14.409 14.823 15.270 15.752 16.267 16.816 17.541 18.990 20.404 21.784 23.129 24.439 25.715 26.957 28.164 29.336 30.474 31.578
4.008 4.127 4.387 4.641 4.866 5.093 5.322 5.552 5.784 6.019 6.255 6.493 6.733 6.953 7.197 7.480 7.802 8.164 8.565 9.005 9.484 10.003 10.544 11.102 11.692 12.090 12.411 12.737 13.066 13.400 13.737 14.079 14.424 14.774 15.128 15.485 15.847 15.811 15.680 15.534 15.370 15.191 14.995 14.783 14.554 14.309 14.047 13.769 13.475 13.798 14.192 14.621 15.083 15.578 16.108 16.671 17.268 17.898 18.562 19.260 20.020 21.316 22.578 23.805 24.997 26.155 27.279 28.368 29.422 30.442 31.428 32.379
3.878 3.912 4.140 4.370 4.601 4.835 5.070 5.307 5.546 5.787 6.030 6.275 6.522 6.826 7.206 7.626 8.084 8.582 9.119 9.695 10.311 10.966 11.644 12.340 13.067 13.568 13.907 14.250 14.597 14.949 15.304 15.663 16.026 16.393 16.765 17.140 17.519 17.494 17.291 17.071 16.835 16.582 16.314 16.028 15.727 15.409 15.075 14.724 14.357 14.713 15.257 15.834 16.445 17.090 17.769 18.481 19.227 20.007 20.820 21.667 22.548 23.674 24.783 25.858 26.898 27.903 28.874 29.811 30.713 31.581 32.414 33.213
3.645 3.626 3.860 4.097 4.335 4.575 4.817 5.061 5.307 5.554 5.804 6.056 6.309 6.663 7.179 7.735 8.330 8.964 9.637 10.350 11.101 11.892 12.708 13.541 14.406 15.040 15.397 15.757 16.122 16.491 16.864 17.241 17.621 18.006 18.395 18.788 19.185 19.193 18.916 18.624 18.315 17.990 17.648 17.290 16.916 16.525 16.118 15.695 15.255 15.591 16.284 17.011 17.771 18.565 19.393 20.254 21.149 22.078 23.040 24.036 25.066 26.065 27.021 27.888 28.577 29.184 29.706 30.146 30.501 30.773 30.962 31.067
3.413 3.338 3.579 3.822 4.067 4.314 4.563 4.813 5.066 5.320 5.576 5.834 6.095 6.464 7.117 7.809 8.540 9.310 10.119 10.968 11.855 12.782 13.735 14.706 15.708 16.505 16.880 17.258 17.641 18.027 18.417 18.812 19.210 19.613 20.019 20.429 20.844 20.907 20.558 20.193 19.811 19.413 18.999 18.568 18.121 17.658 17.178 16.682 16.170 16.433 17.275 18.151 19.060 20.003 20.983 21.982 22.980 23.979 24.978 25.976 26.974 27.662 28.150 28.554 28.875 29.112 29.266 29.337 29.324 29.227 29.047 28.784
