DATA/SHG/ECMWF/20170628/EN-30/20170705.en-30.asc
ncols        190
nrows        64
xllcorner    -5100000.000000000000
yllcorner    4130000.000000000000
cellsize     10000.000000000000
NODATA_value  -99999.000
[rows 32 to 63 of 64, columns 74 to 147 of 190]
5.085 5.779 6.513 7.285 8.097 8.948 9.839 10.769 11.738 12.746 13.794 14.753 15.084 15.416 15.751 16.088 16.426 16.767 17.110 17.454 17.774 18.069 18.365 18.644 18.859 19.073 19.287 19.500 19.713 19.925 20.137 20.348 20.558 20.768 20.978 20.848 20.067 19.264 18.439 17.591 16.721 15.829 14.915 14.086 13.499 12.829 12.076 12.115 13.066 13.948 14.762 15.506 16.181 16.787 17.324 17.792 18.190 18.520 18.780 19.231 19.836 20.425 20.998 21.555 22.097 22.623 23.134 23.629 24.109 24.573 25.021 24.043 22.494 20.945
5.200 6.031 6.900 7.810 8.758 9.746 10.773 11.840 12.945 14.090 15.275 16.465 16.803 17.142 17.483 17.827 18.172 18.519 18.869 19.220 19.546 19.848 20.151 20.446 20.658 20.870 21.081 21.292 21.502 21.712 21.921 22.129 22.337 22.545 22.918 23.523 23.231 22.857 22.400 21.859 21.236 20.531 19.742 18.870 17.916 16.879 15.759 15.232 15.878 16.455 16.962 17.401 17.771 18.071 18.302 18.465 18.558 18.582 18.537 18.748 19.283 19.803 20.308 20.797 21.270 21.728 22.170 22.596 23.007 23.403 23.782 22.993 21.438 19.881
5.277 6.244 7.251 8.297 9.382 10.506 11.670 12.873 14.115 15.396 16.717 18.077 18.517 18.864 19.212 19.561 19.913 20.267 20.623 20.981 21.315 21.623 21.933 22.244 22.456 22.943 24.401 25.723 26.909 27.960 28.875 29.654 30.297 30.805 31.176 31.329 30.670 29.928 29.103 28.196 27.205 26.132 24.976 23.737 22.416 21.011 19.524 18.419 18.759 19.030 19.233 19.366 19.430 19.425 19.351 19.209 18.997 18.716 18.366 18.280 18.747 19.199 19.635 20.055 20.460 20.849 21.222 21.580 21.923 22.250 22.561 21.946 20.384 18.821
5.317 6.421 7.564 8.746 9.968 11.229 12.529 13.868 15.246 16.664 18.121 19.617 20.228 20.581 20.936 21.292 21.651 22.786 25.071 27.334 29.342 31.100 32.840 34.561 35.766 36.758 37.613 38.333 38.917 39.366 39.679 39.856 39.897 39.803 39.573 39.207 38.189 37.080 35.888 34.613 33.256 31.815 30.292 28.687 26.998 25.227 23.373 21.674 21.709 21.675 21.572 21.400 21.159 20.849 20.471 20.023 19.506 18.920 18.266 17.829 18.228 18.611 18.978 19.330 19.666 19.987 20.292 20.581 20.855 21.113 21.356 20.902 19.333 17.764
5.320 6.560 7.840 9.158 10.516 11.913 13.350 14.825 16.340 17.894 20.329 23.987 26.861 29.180 31.476 33.748 35.998 38.224 40.427 42.607 44.533 46.208 47.865 49.504 50.318 50.707 50.960 51.078 51.061 50.907 50.619 50.194 49.634 48.938 48.107 47.140 45.790 44.313 42.754 41.112 39.388 37.581 35.691 33.719 31.664 29.526 27.305 25.002 24.728 24.389 23.981 23.504 22.958 22.344 21.660 20.907 20.086 19.195 18.236 17.395 17.725 18.039 18.338 18.621 18.889 19.141 19.377 19.598 19.804 19.994 20.168 19.861 18.286 16.709
5.286 6.662 8.078 9.999 12.581 15.467 18.657 22.151 25.949 30.052 34.458 39.168 42.712 44.948 47.162 49.352 51.519 53.663 55.784 57.882 59.725 61.318 62.893 64.449 65.002 64.790 64.442 63.958 63.339 62.585 61.694 60.669 59.508 58.211 56.779 55.211 53.470 51.627 49.701 47.693 45.602 43.428 41.172 38.833 36.412 33.907 31.321 28.651 27.816 27.172 26.459 25.678 24.827 23.908 22.919 21.862 20.736 19.541 18.277 16.977 17.238 17.484 17.714 17.929 18.128 18.312 18.480 18.633 18.770 18.891 18.997 18.823 17.241 15.658
7.378 10.102 13.130 16.461 20.097 24.036 28.279 32.826 37.676 42.831 48.289 54.051 58.564 60.718 62.849 64.957 67.042 69.103 71.142 73.158 74.919 76.429 77.921 79.395 79.820 79.007 78.057 76.973 75.753 74.397 72.906 71.280 69.518 67.621 65.588 63.420 61.232 59.022 56.730 54.355 51.898 49.358 46.735 44.030 41.242 38.372 35.419 32.384 30.973 30.024 29.007 27.921 26.766 25.542 24.249 22.887 21.457 19.958 18.390 16.753 16.768 16.945 17.107 17.253 17.384 17.499 17.599 17.683 17.752 17.805 17.843 17.788 16.199 14.615
10.390 14.167 18.248 22.632 27.320 32.312 37.607 43.206 49.108 55.314 61.823 68.636 74.416 76.488 78.537 80.563 82.566 84.545 86.502 88.435 90.114 91.542 92.952 94.343 94.772 93.357 91.808 90.122 88.302 86.346 84.254 82.027 79.665 77.168 74.535 71.767 69.074 66.498 63.839 61.098 58.275 55.369 52.380 49.309 46.155 42.919 39.600 36.199 34.198 32.945 31.623 30.233 28.774 27.245 25.649 23.983 22.248 20.445 18.573 16.632 16.314 16.423 16.516 16.594 16.655 16.688 16.691 16.664 16.607 16.520 16.403 16.256 14.960 13.653
13.112 17.942 23.075 28.512 34.252 40.295 46.641 53.291 60.245 67.501 75.061 82.925 90.270 92.260 94.226 96.170 98.091 99.988 101.863 103.714 105.311 106.656 107.984 109.293 109.857 107.842 105.692 103.406 100.985 98.429 95.738 92.911 89.949 86.852 83.619 80.251 76.997 74.054 71.030 67.923 64.733 61.461 58.107 54.670 51.151 47.549 43.865 40.098 37.492 35.935 34.309 32.615 30.851 29.019 27.118 25.152 23.135 21.054 18.911 16.705 16.009 16.030 16.021 15.981 15.912 15.813 15.684 15.524 15.335 15.115 14.866 14.587 13.645 12.627
15.858 21.427 27.612 34.100 40.891 47.985 55.382 63.083 71.087 79.393 88.003 96.917 106.125 108.032 109.917 111.779 113.617 115.433 117.226 118.995 120.509 121.773 123.018 124.245 125.076 122.460 119.710 116.825 113.804 110.648 107.357 103.931 100.369 96.673 92.841 88.874 85.000 81.692 78.302 74.829 71.274 67.636 63.916 60.114 56.229 52.262 48.170 43.964 40.846 38.990 37.071 35.090 33.046 30.939 28.770 26.538 24.243 21.886 19.466 16.983 15.826 15.714 15.573 15.401 15.200 14.968 14.707 14.416 14.094 13.743 13.361 12.949 12.266 11.538
18.786 24.623 31.858 39.397 47.238 55.383 63.830 72.581 81.634 90.990 100.650 110.612 120.877 123.806 125.609 127.389 129.146 130.879 132.590 134.277 135.710 136.891 138.054 139.199 140.325 137.213 133.863 130.378 126.758 123.002 119.112 115.087 110.926 106.630 102.200 97.634 93.084 89.233 83.945 78.892 74.075 69.493 65.147 61.036 57.161 53.521 50.117 46.949 44.235 42.102 39.906 37.648 35.327 32.943 30.496 27.987 25.416 22.781 20.084 17.325 15.673 15.430 15.156 14.852 14.519 14.155 13.762 13.338 12.885 12.401 11.888 11.344 10.824 10.386
21.642 27.529 35.815 44.403 53.295 62.489 71.986 81.785 91.888 102.293 113.001 124.011 135.325 139.582 141.303 143.001 144.675 146.327 147.956 149.562 150.912 152.011 153.092 154.154 155.199 152.098 148.149 144.065 139.705 132.682 125.749 118.907 112.156 105.495 98.925 92.445 86.077 81.591 77.341 73.326 69.547 66.003 62.694 59.621 56.783 54.181 51.814 49.682 47.687 45.277 42.804 40.268 37.670 35.010 32.286 29.500 26.652 23.741 20.767 17.731 15.552 15.176 14.770 14.335 13.869 13.373 12.848 12.292 11.707 11.091 10.446 9.770 9.319 9.171
24.426 30.146 39.482 49.120 59.060 69.303 79.849 90.697 101.848 113.301 125.057 137.115 149.476 155.359 156.998 158.614 160.207 161.777 163.324 164.848 162.762 160.494 158.266 156.078 153.930 148.285 141.390 134.585 127.870 121.246 114.713 108.270 101.918 95.656 89.485 83.404 77.414 73.704 70.492 67.514 64.772 62.265 59.994 57.957 56.156 54.590 53.260 52.164 51.201 48.514 45.764 42.952 40.077 37.139 34.139 31.077 27.952 24.764 21.514 18.201 15.461 14.953 14.415 13.848 13.250 12.623 11.965 11.278 10.560 9.813 9.036 8.228 7.751 7.892
27.138 32.475 42.859 53.546 64.535 75.826 87.420 99.316 111.514 124.015 136.818 149.924 163.331 166.913 164.028 161.195 158.412 155.679 152.998 150.367 148.010 145.920 143.870 141.860 139.891 135.168 128.672 122.266 115.950 109.726 103.591 97.547 91.594 85.731 79.959 74.277 68.686 65.573 63.397 61.456 59.751 58.280 57.045 56.045 55.280 54.750 54.455 54.395 54.571 51.813 48.787 45.698 42.546 39.332 36.056 32.717 29.315 25.851 22.324 18.735 15.401 14.761 14.092 13.392 12.663 11.903 11.114 10.294 9.445 8.566 7.657 6.718 6.120 6.550
29.777 34.516 45.948 57.683 69.720 82.059 92.531 102.574 112.222 121.475 130.333 138.795 146.863 150.894 148.187 145.530 142.924 140.369 137.864 135.410 133.231 131.319 129.447 127.616 125.824 121.967 115.870 109.863 103.946 98.120 92.385 86.739 81.185 75.720 70.347 65.063 59.870 57.197 56.057 55.153 54.483 54.049 53.849 53.884 54.155 54.660 55.400 56.376 57.586 55.175 51.872 48.506 45.079 41.588 38.035 34.420 30.742 27.002 23.199 19.333 15.405 14.600 13.799 12.967 12.106 11.215 10.293 9.342 8.361 7.350 6.310 5.239 4.426 5.145
31.638 34.998 45.654 55.915 65.781 75.253 84.329 93.011 101.297 109.189 116.686 123.788 130.495 134.849 132.319 129.839 127.410 125.031 122.703 120.426 118.424 116.690 114.997 113.343 111.730 108.683 102.984 97.375 91.857 86.430 81.093 75.846 70.690 65.624 60.648 55.763 50.968 48.576 48.473 48.603 48.969 49.570 50.405 51.476 52.781 54.321 56.096 58.105 60.350 58.599 55.020 51.378 47.674 43.907 40.078 36.186 32.232 28.216 24.137 19.996 15.792 14.470 13.536 12.573 11.580 10.557 9.504 8.422 7.309 6.166 4.994 3.792 2.669 3.677
31.718 33.977 43.271 52.171 60.675 68.785 76.501 83.821 90.748 97.279 103.416 109.158 114.505 118.778 116.424 114.121 111.868 109.667 107.515 105.414 103.590 102.035 100.519 99.043 97.608 95.314 90.014 84.804 79.684 74.655 69.716 64.867 60.109 55.441 50.863 46.376 41.979 39.712 40.643 41.809 43.209 44.845 46.715 48.819 51.159 53.733 56.541 59.585 62.863 62.085 58.230 54.312 50.332 46.289 42.184 38.016 33.786 29.494 25.139 20.722 16.242 14.370 13.305 12.210 11.085 9.931 8.746 7.532 6.311 5.149 4.007 2.886 1.785 2.893
31.782 34.080 41.258 48.796 55.940 62.690 69.045 75.006 80.572 85.744 90.522 94.905 98.893 102.488 100.503 98.376 96.300 94.275 92.300 90.376 88.729 87.351 86.013 84.716 83.458 81.861 76.959 72.147 67.426 62.795 58.254 53.803 49.443 45.173 40.993 36.903 32.904 30.604 32.569 34.769 37.204 39.873 42.777 45.915 49.288 52.896 56.738 60.814 65.125 65.634 61.502 57.309 53.052 48.734 44.353 39.909 35.403 30.835 26.205 21.479 16.602 14.078 12.861 11.665 10.490 9.335 8.201 7.088 5.995 4.923 3.872 2.841 1.831 2.619
31.829 34.186 39.613 45.792 51.576 56.966 61.962 66.563 70.771 74.584 78.003 81.028 83.659 85.895 84.555 82.605 80.705 78.856 77.058 75.310 73.840 72.640 71.480 70.360 69.280 68.240 63.821 59.407 55.083 50.850 46.706 42.653 38.691 34.818 31.036 27.344 23.742 21.252 24.251 27.485 30.953 34.655 38.592 42.764 47.169 51.810 56.684 61.794 67.137 69.245 64.788 59.910 55.033 50.155 45.276 40.398 35.519 30.640 25.760 20.881 16.001 13.108 11.982 10.876 9.791 8.727 7.684 6.661 5.659 4.677 3.716 2.776 1.857 2.366
31.860 34.275 38.338 43.157 47.582 51.613 55.250 58.493 61.343 63.798 65.860 67.527 68.801 69.681 68.580 66.807 65.083 63.411 61.789 60.217 58.924 57.902 56.919 55.977 55.074 54.212 50.598 46.582 42.656 38.820 35.074 31.419 27.853 24.378 20.993 17.698 14.494 11.656 15.688 19.955 24.456 29.205 34.612 39.980 45.309 50.600 55.852 61.065 66.241 69.093 64.214 59.334 54.453 49.573 44.692 39.811 34.930 30.048 25.166 20.284 15.402 12.118 11.082 10.067 9.073 8.099 7.146 6.214 5.302 4.411 3.541 2.691 1.862 2.133
31.874 34.348 37.430 40.891 43.958 46.631 48.910 50.796 52.288 53.386 54.091 54.402 54.320 53.843 52.579 50.981 49.434 47.938 46.492 45.096 43.980 43.136 42.331 41.566 40.841 40.156 37.292 33.673 30.144 26.705 23.357 20.098 16.930 14.959 13.123 11.353 9.650 8.013 12.832 18.186 23.501 28.778 34.017 39.217 44.378 49.502 54.586 59.632 64.640 68.523 63.641 58.759 53.876 48.993 44.110 39.226 34.343 29.459 24.574 19.690 14.805 11.108 10.163 9.239 8.335 7.452 6.589 5.747 4.926 4.125 3.345 2.586 1.847 1.920
31.872 34.405 36.891 38.994 40.703 42.019 42.941 43.471 43.606 43.348 42.697 41.653 40.214 38.383 36.550 35.129 33.758 32.438 31.168 29.948 29.009 28.342 27.714 27.127 27.751 28.479 27.506 25.497 23.554 21.678 19.868 18.124 16.447 14.836 13.291 11.813 10.401 9.055 12.948 18.135 23.282 28.392 33.463 38.495 43.489 48.445 53.362 58.240 63.080 67.882 63.071 58.186 53.301 48.415 43.530 38.644 33.757 28.871 23.984 19.097 14.210 10.079 9.225 8.391 7.577 6.784 6.012 5.260 4.529 3.819 3.129 2.460 1.812 1.728
31.853 34.445 36.719 37.465 37.818 37.777 37.344 36.517 35.297 33.684 31.677 29.278 26.485 23.299 20.495 19.250 19.634 20.741 21.737 22.619 23.399 24.091 24.695 25.210 25.635 25.971 25.271 23.554 21.902 20.317 18.799 17.346 15.960 14.640 13.387 12.199 11.078 10.024 13.105 18.124 23.104 28.046 32.949 37.814 42.641 47.429 52.178 56.889 61.562 66.196 62.502 57.615 52.727 47.839 42.951 38.063 33.174 28.285 23.396 18.507 13.617 9.031 8.266 7.522 6.799 6.097 5.415 4.754 4.113 3.493 2.894 2.315 1.757 1.556
31.819 34.469 36.915 36.305 35.301 33.905 32.116 29.934 27.359 25.337 23.774 22.315 20.960 19.709 18.961 19.907 20.739 21.459 22.067 22.562 22.952 23.253 23.465 23.588 23.621 23.566 22.966 21.540 20.180 18.886 17.658 16.497 15.402 14.373 13.410 12.514 11.684 10.920 13.302 18.154 22.966 27.741 32.477 37.174 41.833 46.454 51.036 55.580 60.085 64.552 61.935 57.046 52.156 47.265 42.375 37.484 32.593 27.701 22.810 17.918 13.026 8.134 7.288 6.635 6.002 5.390 4.798 4.227 3.677 3.147 2.638 2.149 1.681 1.404
31.767 34.477 36.933 35.262 33.433 31.708 30.087 28.570 27.156 25.847 24.642 23.541 22.544 21.651 20.942 21.500 21.945 22.278 22.498 22.606 22.606 22.516 22.336 22.067 21.710 21.263 20.590 19.455 18.386 17.383 16.446 15.576 14.771 14.033 13.361 12.756 12.216 11.743 13.540 18.224 22.869 27.476 32.044 36.575 41.066 45.520 49.935 54.311 58.649 62.949 61.371 56.478 51.586 46.693 41.800 36.907 32.013 27.120 22.226 17.331 12.437 7.542 6.290 5.727 5.185 4.663 4.161 3.681 3.220 2.781 2.362 1.963 1.585 1.273
29.950 32.186 34.371 33.527 32.056 30.689 29.426 28.267 27.212 26.261 25.414 24.671 24.031 23.496 23.065 23.193 23.251 23.197 23.030 22.751 22.361 21.879 21.309 20.649 19.900 19.062 18.144 17.299 16.521 15.809 15.163 14.583 14.069 13.622 13.241 12.926 12.677 12.494 13.817 18.334 22.812 27.252 31.653 36.016 40.340 44.626 48.874 53.084 57.254 61.387 60.808 55.913 51.018 46.123 41.227 36.332 31.436 26.540 21.643 16.746 11.849 6.952 5.273 4.800 4.348 3.916 3.505 3.114 2.744 2.395 2.066 1.757 1.470 1.222
27.784 29.847 31.859 31.698 30.585 29.576 28.671 27.870 27.173 26.579 26.090 25.704 25.423 25.245 25.171 24.986 24.657 24.216 23.662 22.996 22.218 21.345 20.383 19.332 18.192 16.963 15.645 15.072 14.585 14.163 13.808 13.519 13.296 13.139 13.048 13.023 13.065 13.173 14.135 18.485 22.795 27.068 31.302 35.498 39.655 43.774 47.855 51.897 55.901 59.866 60.247 55.350 50.452 45.555 40.657 35.759 30.860 25.961 21.063 16.163 11.264 6.364 4.236 3.853 3.510 3.241 2.986 2.747 2.523 2.314 2.120 1.942 1.779 1.631
25.669 27.558 29.396 29.774 29.019 28.368 27.820 27.377 27.037 26.802 26.670 26.642 26.717 26.897 27.180 26.879 26.163 25.335 24.394 23.342 22.175 20.911 19.558 18.116 16.586 14.966 13.257 12.775 12.578 12.447 12.382 12.383 12.450 12.584 12.783 13.049 13.381 13.779 14.493 18.676 22.819 26.925 30.992 35.020 39.011 42.963 46.876 50.752 54.588 58.387 59.688 54.788 49.888 44.988 40.088 35.148 30.029 25.021 20.126 15.342 10.670 6.110 3.755 3.522 3.304 3.100 2.912 2.740 2.582 2.440 2.313 2.201 2.105 2.024
23.602 25.318 26.983 27.755 27.358 27.064 26.875 26.789 26.807 26.928 27.154 27.483 27.916 28.453 29.093 28.871 27.769 26.554 25.227 23.788 22.232 20.578 18.834 17.002 15.081 13.071 10.972 10.407 10.500 10.659 10.885 11.176 11.534 11.957 12.447 13.003 13.625 14.313 15.067 18.907 22.883 26.822 30.722 34.584 38.407 42.192 45.931 49.219 52.357 55.343 56.843 51.653 46.576 41.610 36.756 32.014 27.383 22.865 18.458 14.164 9.981 5.909 3.400 3.233 3.081 2.945 2.824 2.718 2.627 2.551 2.491 2.446 2.416 2.401
21.585 23.128 24.620 25.642 25.602 25.666 25.834 26.106 26.481 26.960 27.542 28.229 29.019 29.912 30.910 30.963 29.474 27.873 26.160 24.335 22.391 20.346 18.212 15.989 13.678 11.277 8.788 7.968 8.351 8.800 9.316 9.898 10.545 11.259 12.038 12.884 13.796 14.774 15.896 19.249 22.933 26.466 29.849 33.081 36.162 39.092 41.872 44.501 46.980 49.308 51.152 46.452 41.863 37.386 33.021 28.768 24.627 20.597 16.679 12.873 9.179 5.596 3.030 2.929 2.844 2.774 2.720 2.680 2.656 2.647 2.654 2.675 2.712 2.764
19.618 20.987 22.306 23.435 23.752 24.174 24.699 25.327 26.060 26.895 27.835 28.878 30.025 31.275 32.630 33.155 31.280 29.293 27.194 24.983 22.650 20.215 17.691 15.078 12.376 9.585 6.706 5.458 6.131 7.054 8.060 9.101 10.177 11.288 12.433 13.613 14.828 16.077 17.362 19.967 22.991 25.865 28.589 31.162 33.584 35.856 37.977 39.947 41.767 43.437 44.956 41.140 37.041 33.053 29.176 25.412 21.759 18.217 14.788 11.470 8.264 5.170 2.644 2.611 2.592 2.589 2.601 2.628 2.670 2.728 2.801 2.889 2.992 3.110
17.699 18.896 20.042 21.133 21.808 22.586 23.468 24.454 25.543 26.736 28.032 29.432 30.935 32.542 34.253 35.446 33.185 30.812 28.327 25.730 22.848 19.917 17.048 14.241 11.496 8.812 6.189 4.893 5.982 7.106 8.265 9.459 10.687 11.950 13.248 14.581 15.949 17.351 18.788 20.845 23.210 25.426 27.490 29.405 31.169 32.782 34.245 35.557 36.719 37.730 38.591 35.719 32.108 28.608 25.220 21.944 18.779 15.726 12.785 9.955 7.238 4.631 2.244 2.277 2.325 2.388 2.467 2.560 2.669 2.793 2.933 3.087 3.257 3.442
