DATA/SHG/ECMWF/20170628/EN-30/20170709.en-30.asc
ncols        190
nrows        64
xllcorner    -5100000.000000000000
yllcorner    4130000.000000000000
cellsize     10000.000000000000
NODATA_value  -99999.000
[rows 0 to 32 of 64, columns 73 to 145 of 190]
4.161 4.741 5.342 5.963 6.605 7.268 7.951 8.654 9.123 8.938 8.721 8.520 8.335 8.165 8.012 7.873 7.751 7.644 7.552 7.476 7.527 7.934 8.322 8.698 9.063 9.416 9.758 10.088 10.407 10.715 11.011 11.295 11.514 11.572 11.664 11.788 11.946 12.137 12.361 12.618 12.909 13.232 13.589 13.979 14.393 14.786 15.176 15.561 15.943 16.320 16.694 17.064 17.430 17.792 18.150 18.505 18.694 18.385 18.039 17.656 17.237 16.781 16.289 15.760 15.194 14.592 13.953 13.277 12.567 11.838 11.096 10.342 9.574
4.430 5.082 5.730 6.361 6.976 7.577 8.163 8.734 9.160 8.983 8.821 8.675 8.544 8.429 8.330 8.246 8.178 8.125 8.089 8.067 8.101 8.457 8.793 9.118 9.432 9.734 10.024 10.304 10.571 10.827 11.072 11.305 11.524 11.731 11.970 12.243 12.549 12.889 13.261 13.667 14.105 14.577 15.082 15.620 16.165 16.541 16.913 17.281 17.645 18.005 18.361 18.713 19.061 19.406 19.746 20.083 20.306 19.833 19.324 18.777 18.195 17.575 16.919 16.226 15.497 14.731 13.929 13.090 12.231 11.444 10.644 9.831 9.005
4.713 5.321 5.914 6.493 7.057 7.606 8.141 8.661 9.136 9.013 8.906 8.814 8.738 8.678 8.633 8.604 8.591 8.593 8.610 8.643 8.692 8.992 9.277 9.551 9.813 10.064 10.303 10.531 10.747 10.952 11.146 11.328 11.499 11.852 12.240 12.662 13.116 13.603 14.124 14.677 15.264 15.884 16.537 17.223 17.939 18.297 18.652 19.002 19.348 19.691 20.029 20.364 20.694 21.021 21.344 21.663 21.955 21.318 20.645 19.935 19.188 18.405 17.586 16.729 15.837 14.907 13.941 12.939 11.899 11.062 10.249 9.460 8.695
5.013 5.570 6.112 6.639 7.151 7.649 8.133 8.601 9.055 9.029 8.977 8.940 8.918 8.912 8.922 8.947 8.988 9.045 9.117 9.205 9.308 9.539 9.773 9.996 10.207 10.406 10.594 10.771 10.936 11.090 11.232 11.363 11.483 11.937 12.474 13.043 13.645 14.281 14.949 15.651 16.386 17.154 17.954 18.789 19.656 20.055 20.392 20.725 21.053 21.378 21.699 22.016 22.329 22.638 22.943 23.245 23.542 22.838 22.002 21.043 19.991 18.935 17.874 16.809 15.740 14.666 13.588 12.505 11.418 10.664 9.958 9.276 8.618
5.326 5.832 6.322 6.798 7.259 7.706 8.138 8.555 8.958 9.031 9.033 9.051 9.084 9.132 9.196 9.276 9.372 9.483 9.609 9.751 9.909 10.099 10.281 10.453 10.612 10.761 10.898 11.023 11.137 11.240 11.331 11.411 11.479 11.986 12.670 13.387 14.138 14.921 15.738 16.587 17.470 18.385 19.334 20.316 21.331 21.815 22.134 22.449 22.760 23.067 23.227 23.277 23.339 23.413 23.498 23.595 23.704 22.885 21.822 20.755 19.683 18.607 17.527 16.442 15.353 14.259 13.161 12.059 10.952 10.243 9.643 9.068 8.517
5.653 6.107 6.546 6.971 7.381 7.776 8.157 8.523 8.874 9.019 9.075 9.147 9.235 9.338 9.456 9.590 9.740 9.906 10.086 10.283 10.495 10.670 10.802 10.922 11.030 11.128 11.213 11.288 11.351 11.402 11.443 11.471 11.489 11.998 12.830 13.695 14.593 15.524 16.489 17.486 18.516 19.457 20.300 21.117 21.907 22.196 22.241 22.297 22.365 22.444 22.535 22.637 22.751 22.877 23.014 23.163 23.323 22.641 21.559 20.472 19.380 18.284 17.184 16.079 14.970 13.857 12.739 11.617 10.490 9.798 9.306 8.837 8.393
5.992 6.395 6.783 7.157 7.515 7.859 8.189 8.504 8.804 8.992 9.103 9.229 9.371 9.529 9.701 9.890 10.094 10.314 10.549 10.800 11.066 11.254 11.334 11.403 11.461 11.507 11.541 11.565 11.577 11.577 11.566 11.544 11.539 12.033 12.970 13.880 14.764 15.622 16.453 17.258 18.036 18.788 19.513 20.212 20.885 21.234 21.330 21.438 21.558 21.689 21.832 21.986 22.152 22.329 22.518 22.719 22.931 22.403 21.301 20.194 19.083 17.967 16.847 15.722 14.594 13.460 12.323 11.181 10.034 9.330 8.945 8.583 8.246
6.345 6.697 7.034 7.356 7.663 7.956 8.234 8.498 8.747 8.951 9.116 9.297 9.493 9.705 9.932 10.175 10.433 10.707 10.997 11.302 11.622 11.849 11.878 11.826 11.761 11.715 11.689 11.682 11.696 11.729 11.782 11.855 11.947 12.336 13.155 13.948 14.714 15.454 16.167 16.854 17.515 18.149 18.756 19.337 19.892 20.261 20.409 20.569 20.740 20.923 21.117 21.323 21.541 21.770 22.011 22.263 22.527 22.170 21.048 19.921 18.790 17.655 16.515 15.371 14.222 13.069 11.912 10.750 9.584 8.839 8.560 8.305 8.075
6.711 7.012 7.297 7.568 7.825 8.066 8.293 8.506 8.704 8.896 9.115 9.350 9.601 9.867 10.148 10.435 10.673 10.883 11.066 11.223 11.352 11.432 11.415 11.418 11.441 11.483 11.546 11.628 11.729 11.851 11.992 12.153 12.333 12.668 13.369 14.044 14.693 15.315 15.910 16.479 17.022 17.538 18.028 18.492 18.929 19.276 19.476 19.688 19.911 20.146 20.392 20.650 20.919 21.200 21.492 21.797 22.112 21.942 20.800 19.653 18.503 17.347 16.188 15.024 13.855 12.683 11.506 10.324 9.138 8.325 8.153 8.004 7.880
7.090 7.340 7.574 7.794 7.999 8.190 8.366 8.527 8.698 8.933 9.238 9.517 9.768 9.992 10.189 10.359 10.502 10.618 10.707 10.769 10.804 10.826 10.898 10.989 11.100 11.230 11.381 11.551 11.741 11.950 12.179 12.428 12.697 13.028 13.612 14.169 14.700 15.204 15.682 16.133 16.559 16.957 17.329 17.675 17.995 18.281 18.533 18.796 19.071 19.357 19.655 19.965 20.286 20.618 20.963 21.318 21.686 21.719 20.557 19.391 18.220 17.045 15.866 14.682 13.494 12.302 11.105 9.904 8.698 7.787 7.722 7.680 7.662
7.483 7.676 7.867 8.066 8.274 8.491 8.717 8.952 9.196 9.448 9.659 9.843 9.999 10.129 10.232 10.308 10.357 10.378 10.373 10.341 10.281 10.204 10.358 10.538 10.737 10.955 11.194 11.452 11.730 12.028 12.345 12.682 13.039 13.417 13.883 14.322 14.735 15.122 15.483 15.816 16.124 16.405 16.660 16.888 17.090 17.275 17.578 17.893 18.220 18.558 18.907 19.269 19.641 20.025 20.421 20.829 21.248 21.501 20.320 19.134 17.943 16.749 15.549 14.346 13.138 11.926 10.709 9.488 8.263 7.227 7.268 7.332 7.421
7.735 7.948 8.169 8.400 8.639 8.887 9.144 9.410 9.685 9.968 10.103 10.193 10.255 10.291 10.299 10.281 10.235 10.163 10.063 9.937 9.784 9.612 9.797 10.065 10.352 10.659 10.985 11.332 11.697 12.083 12.488 12.913 13.358 13.822 14.182 14.504 14.800 15.069 15.312 15.528 15.719 15.882 16.020 16.131 16.215 16.274 16.613 16.979 17.357 17.747 18.148 18.561 18.985 19.421 19.869 20.328 20.798 21.280 20.087 18.881 17.671 16.457 15.238 14.015 12.787 11.555 10.319 9.078 7.869 6.793 7.100 7.479 7.929
7.967 8.211 8.463 8.725 8.995 9.274 9.562 9.859 10.165 10.479 10.572 10.567 10.536 10.477 10.391 10.279 10.139 9.972 9.779 9.558 9.311 9.044 9.215 9.571 9.946 10.340 10.755 11.189 11.643 12.116 12.610 13.123 13.655 14.207 14.510 14.715 14.893 15.045 15.170 15.269 15.342 15.388 15.409 15.402 15.370 15.311 15.636 16.054 16.484 16.925 17.378 17.843 18.318 18.806 19.305 19.815 20.337 20.871 19.860 18.565 17.224 15.928 14.677 13.471 12.309 11.193 10.121 9.094 8.112 7.175 7.698 8.394 9.161
8.190 8.465 8.748 9.041 9.342 9.652 9.971 10.299 10.636 10.981 11.065 10.966 10.840 10.687 10.507 10.301 10.067 9.806 9.519 9.204 8.863 8.502 8.611 9.055 9.518 10.000 10.503 11.025 11.567 12.128 12.709 13.310 13.930 14.570 14.866 14.953 15.014 15.049 15.057 15.039 14.994 14.923 14.826 14.703 14.553 14.377 14.649 15.118 15.600 16.092 16.602 17.086 17.525 17.920 18.270 18.575 18.836 19.052 18.157 16.971 15.830 14.733 13.681 12.674 11.712 10.794 9.921 9.094 8.311 7.572 8.223 9.236 10.320
8.405 8.710 9.025 9.348 9.680 10.021 10.371 10.730 11.098 11.474 11.582 11.389 11.169 10.922 10.648 10.347 10.020 9.665 9.283 8.875 8.439 7.984 7.986 8.517 9.068 9.639 10.229 10.839 11.468 12.117 12.786 13.475 14.183 14.910 15.250 15.220 15.164 15.081 14.972 14.837 14.675 14.502 14.355 14.234 14.137 14.065 14.339 14.803 15.223 15.598 15.928 16.214 16.455 16.652 16.804 16.912 16.974 16.993 16.321 15.334 14.392 13.494 12.641 11.833 11.069 10.351 9.677 9.048 8.464 7.924 8.677 10.007 11.407
8.611 8.947 9.293 9.647 10.010 10.382 10.763 11.152 11.551 11.958 12.123 11.836 11.522 11.181 10.813 10.418 9.997 9.548 9.073 8.570 8.041 7.491 7.339 7.958 8.597 9.255 9.933 10.631 11.348 12.085 12.841 13.618 14.339 14.991 15.274 15.064 14.878 14.718 14.582 14.472 14.386 14.326 14.290 14.280 14.294 14.333 14.506 14.772 14.993 15.170 15.303 15.390 15.434 15.432 15.387 15.296 15.161 14.982 14.442 13.654 12.910 12.211 11.557 10.948 10.383 9.863 9.388 8.958 8.572 8.231 9.059 10.705 12.422
8.808 9.175 9.551 9.937 10.331 10.733 11.145 11.566 11.995 12.433 12.688 12.307 11.899 11.464 11.002 10.514 9.998 9.456 8.887 8.290 7.667 7.023 6.671 7.381 8.087 8.782 9.464 10.135 10.794 11.441 12.076 12.699 13.310 13.910 14.293 14.194 14.120 14.071 14.046 14.047 14.072 14.123 14.198 14.299 14.424 14.575 14.719 14.787 14.811 14.790 14.724 14.614 14.460 14.261 14.017 13.729 13.397 13.020 12.519 11.930 11.385 10.885 10.429 10.019 9.653 9.331 9.055 8.823 8.636 8.493 9.370 11.332 13.365
8.996 9.394 9.802 10.218 10.643 11.076 11.519 11.970 12.431 12.900 13.277 12.802 12.300 11.771 11.216 10.628 9.960 9.295 8.635 7.978 7.325 6.680 6.175 6.841 7.494 8.136 8.766 9.384 9.990 10.584 11.167 11.737 12.296 12.842 13.286 13.298 13.335 13.397 13.484 13.595 13.732 13.894 14.080 14.291 14.528 14.789 14.980 14.850 14.676 14.457 14.194 13.886 13.534 13.137 12.696 12.211 11.681 11.106 10.553 10.162 9.816 9.514 9.258 9.045 8.878 8.755 8.677 8.643 8.654 8.710 9.609 11.886 14.235
9.176 9.605 10.043 10.490 10.946 11.410 11.884 12.366 12.833 13.185 13.532 12.881 12.210 11.544 10.881 10.222 9.568 8.917 8.270 7.626 6.987 6.355 5.731 6.315 6.916 7.505 8.082 8.647 9.201 9.742 10.272 10.790 11.295 11.789 12.254 12.376 12.524 12.697 12.895 13.118 13.365 13.638 13.935 14.257 14.604 14.976 15.287 14.960 14.588 14.172 13.711 13.206 12.656 12.062 11.423 10.740 10.013 9.241 8.544 8.352 8.204 8.101 8.042 8.028 8.059 8.134 8.254 8.419 8.628 8.882 9.776 12.370 15.034
9.347 9.782 10.153 10.518 10.878 11.233 11.583 11.928 12.267 12.601 12.929 12.419 11.762 11.109 10.460 9.814 9.173 8.535 7.902 7.272 6.646 6.028 5.417 5.803 6.351 6.887 7.412 7.924 8.425 8.914 9.391 9.856 10.309 10.751 11.180 11.429 11.688 11.971 12.280 12.613 12.972 13.355 13.763 14.196 14.654 15.137 15.641 15.117 14.547 13.933 13.275 12.573 11.825 11.034 10.198 9.318 8.393 7.424 6.492 6.498 6.548 6.643 6.783 6.967 7.196 7.470 7.788 8.150 8.558 9.010 9.872 12.781 15.761
8.990 9.348 9.700 10.048 10.390 10.727 11.058 11.385 11.706 12.022 12.333 11.954 11.311 10.671 10.035 9.403 8.775 8.151 7.531 6.914 6.302 5.697 5.100 5.304 5.800 6.284 6.756 7.216 7.664 8.100 8.525 8.937 9.338 9.726 10.103 10.455 10.825 11.219 11.639 12.083 12.552 13.046 13.565 14.109 14.677 15.271 15.889 15.320 14.553 13.742 12.887 11.987 11.043 10.054 9.021 7.944 6.822 5.656 4.446 4.600 4.849 5.142 5.480 5.862 6.289 6.761 7.277 7.837 8.442 9.086 9.809 12.809 15.746
8.579 8.919 9.253 9.583 9.907 10.225 10.539 10.847 11.151 11.448 11.741 11.487 10.856 10.230 9.608 8.989 8.375 7.764 7.157 6.554 5.955 5.364 4.780 4.820 5.263 5.694 6.114 6.521 6.917 7.300 7.672 8.032 8.380 8.716 9.041 9.455 9.936 10.441 10.971 11.526 12.106 12.711 13.340 13.995 14.674 15.378 16.107 15.571 14.607 13.598 12.546 11.449 10.308 9.122 7.892 6.618 5.299 3.936 2.529 2.660 3.271 4.102 4.886 5.623 6.312 6.953 7.546 8.092 8.590 9.041 9.444 12.009 14.669
8.173 8.495 8.812 9.123 9.429 9.730 10.025 10.315 10.601 10.881 11.155 11.016 10.400 9.787 9.178 8.573 7.971 7.374 6.781 6.191 5.605 5.027 4.457 4.350 4.740 5.119 5.486 5.841 6.184 6.515 6.834 7.142 7.437 7.721 7.993 8.430 9.021 9.637 10.277 10.943 11.634 12.349 13.089 13.854 14.644 15.458 16.298 15.868 14.707 13.502 12.252 10.989 9.810 8.698 7.656 6.682 5.777 4.940 4.173 4.504 5.172 5.792 6.365 6.891 7.368 7.799 8.181 8.516 8.804 9.043 9.236 11.272 13.654
7.773 8.077 8.375 8.668 8.956 9.239 9.517 9.789 10.056 10.318 10.575 10.543 9.940 9.341 8.745 8.153 7.565 6.981 6.401 5.825 5.253 4.688 4.132 3.894 4.231 4.558 4.872 5.174 5.465 5.743 6.010 6.265 6.508 6.739 6.959 7.378 8.080 8.806 9.558 10.334 11.135 11.961 12.785 13.556 14.301 15.020 15.713 15.389 14.239 13.157 12.144 11.200 10.324 9.517 8.779 8.109 7.508 6.975 6.511 6.662 7.119 7.529 7.891 8.205 8.472 8.691 8.863 8.987 9.064 9.093 9.075 10.598 12.703
7.378 7.664 7.944 8.219 8.489 8.754 9.014 9.268 9.517 9.761 10.000 10.068 9.478 8.892 8.309 7.731 7.156 6.586 6.019 5.456 4.897 4.346 3.803 3.451 3.736 4.010 4.272 4.522 4.760 4.986 5.200 5.403 5.593 5.818 6.106 6.568 7.406 8.218 9.004 9.764 10.498 11.206 11.888 12.544 13.174 13.777 14.355 14.311 13.465 12.688 11.979 11.338 10.767 10.263 9.829 9.463 9.165 8.937 8.776 8.866 9.112 9.311 9.462 9.566 9.622 9.631 9.592 9.506 9.372 9.191 8.962 9.986 11.814
6.989 7.256 7.519 7.776 8.028 8.275 8.516 8.753 8.984 9.210 9.430 9.589 9.013 8.440 7.871 7.306 6.745 6.187 5.634 5.084 4.539 4.001 3.471 3.022 3.302 3.642 3.971 4.288 4.594 4.888 5.170 5.440 5.699 5.946 6.181 6.508 7.231 7.928 8.598 9.243 9.862 10.454 11.021 11.561 12.075 12.564 13.026 13.162 12.620 12.147 11.742 11.405 11.137 10.938 10.807 10.744 10.750 10.825 10.968 11.115 11.151 11.139 11.080 10.973 10.819 10.617 10.368 10.071 9.727 9.335 8.896 9.437 10.988
6.604 6.854 7.099 7.338 7.572 7.801 8.024 8.243 8.456 8.664 8.867 9.064 8.545 7.985 7.430 6.878 6.337 5.862 5.418 5.007 4.628 4.272 3.935 3.624 3.910 4.198 4.475 4.740 4.994 5.236 5.466 5.685 5.891 6.086 6.270 6.477 7.084 7.665 8.221 8.750 9.253 9.731 10.182 10.607 11.006 11.379 11.726 11.943 11.704 11.534 11.433 11.400 11.435 11.539 11.712 11.953 12.262 12.640 13.086 13.411 13.236 13.014 12.744 12.427 12.062 11.650 11.190 10.683 10.129 9.527 8.878 8.950 10.225
6.226 6.457 6.684 6.905 7.121 7.332 7.538 7.738 7.933 8.125 8.304 8.454 8.055 7.563 7.103 6.674 6.278 5.914 5.582 5.282 5.014 4.770 4.546 4.346 4.530 4.766 4.991 5.205 5.407 5.597 5.775 5.941 6.096 6.239 6.371 6.491 6.966 7.432 7.872 8.286 8.674 9.036 9.372 9.682 9.966 10.224 10.456 10.652 10.717 10.851 11.053 11.323 11.662 12.069 12.545 13.089 13.701 14.382 15.132 15.752 15.367 14.934 14.454 13.927 13.352 12.730 12.060 11.343 10.578 9.766 8.907 8.526 9.524
5.852 6.066 6.301 6.578 6.828 7.049 7.243 7.408 7.546 7.655 7.737 7.790 7.523 7.141 6.792 6.475 6.190 5.937 5.717 5.528 5.371 5.239 5.127 5.040 5.162 5.347 5.520 5.682 5.831 5.970 6.096 6.211 6.314 6.405 6.485 6.553 6.875 7.226 7.551 7.850 8.123 8.370 8.591 8.786 8.955 9.098 9.215 9.306 9.659 10.096 10.601 11.175 11.816 12.527 13.305 14.152 15.068 16.052 17.104 18.139 17.543 16.901 16.210 15.473 14.688 13.856 12.976 12.049 11.074 10.052 8.983 8.165 8.886
6.094 6.330 6.538 6.719 6.871 6.995 7.091 7.160 7.200 7.212 7.197 7.153 6.961 6.691 6.453 6.248 6.074 5.932 5.822 5.744 5.699 5.678 5.679 5.704 5.807 5.940 6.061 6.171 6.269 6.355 6.430 6.492 6.544 6.583 6.611 6.627 6.814 7.050 7.259 7.443 7.601 7.733 7.839 7.919 7.973 8.001 8.003 7.979 8.530 9.270 10.078 10.954 11.899 12.912 13.994 15.143 16.362 17.648 19.003 20.426 19.766 18.913 18.013 17.065 16.070 15.028 13.939 12.802 11.617 10.386 9.107 7.914 8.508
6.552 6.691 6.802 6.885 6.940 6.967 6.966 6.937 6.880 6.795 6.683 6.542 6.371 6.212 6.086 5.991 5.928 5.898 5.899 5.932 5.997 6.089 6.201 6.339 6.464 6.545 6.614 6.672 6.718 6.753 6.776 6.787 6.786 6.774 6.750 6.715 6.780 6.901 6.996 7.065 7.108 7.125 7.116 7.081 7.020 6.933 6.820 6.682 7.331 8.373 9.484 10.663 11.910 13.226 14.610 16.062 17.583 19.172 20.829 22.554 22.034 20.971 19.802 18.513 17.244 15.994 14.764 13.552 12.360 11.188 10.034 8.900 9.249
7.036 7.078 7.092 7.077 7.035 6.965 6.867 6.741 6.587 6.405 6.195 5.957 5.753 5.705 5.690 5.706 5.754 5.834 5.947 6.091 6.267 6.470 6.694 6.944 7.133 7.162 7.180 7.186 7.180 7.163 7.134 7.094 7.041 6.977 6.902 6.814 6.775 6.781 6.761 6.715 6.643 6.545 6.421 6.272 6.096 5.894 5.667 5.413 6.060 7.405 8.818 10.300 11.850 13.505 15.234 16.906 18.521 20.080 21.582 23.028 22.553 21.311 20.088 18.884 17.700 16.535 15.389 14.263 13.156 12.068 11.000 9.951 10.022
7.546 7.490 7.407 7.295 7.156 6.989 6.794 6.571 6.320 6.041 5.734 5.399 5.106 5.169 5.265 5.392 5.551 5.742 5.966 6.221 6.508 6.822 7.159 7.520 7.814 7.792 7.758 7.712 7.655 7.586 7.505 7.413 7.309 7.193 7.066 6.927 6.798 6.689 6.554 6.394 6.207 5.994 5.756 5.491 5.360 5.603 5.743 5.781 6.606 8.368 10.073 11.722 13.314 14.849 16.328 17.750 19.115 20.424 21.676 22.871 22.649 21.492 20.354 19.235 18.136 17.056 15.995 14.954 13.932 12.929 11.945 10.981 10.825
