DATA/SHG/ECMWF/20170628/EN-30/20170703.en-30.asc
ncols        190
nrows        64
xllcorner    -5100000.000000000000
yllcorner    4130000.000000000000
cellsize     10000.000000000000
NODATA_value  -99999.000
[rows 32 to 63 of 64, columns 72 to 143 of 190]
3.497 2.790 3.149 3.532 3.938 4.368 4.821 5.297 5.797 6.319 6.866 7.435 8.028 8.611 9.030 9.442 9.847 10.244 10.634 11.016 11.390 11.757 12.109 12.449 12.782 12.893 12.257 11.621 10.983 10.346 9.707 9.068 8.428 7.787 7.146 6.504 5.861 5.433 5.400 5.358 5.306 5.245 5.174 5.093 5.003 4.956 5.001 4.956 4.822 5.665 7.685 9.697 11.702 13.700 15.691 17.675 19.652 21.622 23.585 25.540 27.489 27.390 25.870 24.334 22.781 21.213 19.627 18.026 16.408 14.774 13.124 11.457
3.324 2.515 2.952 3.416 3.903 4.414 4.948 5.505 6.086 6.689 7.317 7.967 8.641 9.327 9.720 10.106 10.485 10.856 11.219 11.575 11.923 12.264 12.590 12.903 13.210 13.416 12.777 12.138 11.497 10.856 10.214 9.571 8.928 8.284 7.639 6.994 6.468 6.483 6.848 7.124 7.309 7.405 7.412 7.329 7.156 6.894 6.542 6.101 5.570 5.879 7.868 9.849 11.824 13.791 15.751 17.705 19.651 21.590 23.522 25.447 27.364 27.610 26.017 24.409 22.784 21.142 19.485 17.811 16.121 14.415 12.693 10.954
3.136 2.382 2.732 3.277 3.846 4.438 5.053 5.691 6.353 7.037 7.746 8.477 9.232 10.010 10.416 10.776 11.128 11.473 11.810 12.140 12.462 12.777 13.077 13.363 13.644 13.919 13.298 12.714 12.382 12.102 11.873 11.695 11.569 11.493 11.469 11.496 11.573 11.688 11.656 11.535 11.324 11.023 10.633 10.153 9.584 8.925 8.177 7.339 6.412 6.100 8.058 10.009 11.952 13.889 15.818 17.741 19.656 21.565 23.466 25.360 27.247 27.846 26.181 24.500 22.803 21.089 19.360 17.614 15.851 14.073 12.278 10.467
2.934 2.234 2.491 3.118 3.767 4.440 5.136 5.855 6.597 7.363 8.152 8.965 9.800 10.659 11.118 11.452 11.778 12.097 12.408 12.778 13.269 13.794 14.320 14.843 15.393 15.968 15.883 15.726 15.621 15.567 15.563 15.611 15.710 15.860 16.061 16.314 16.617 16.971 16.555 16.037 15.430 14.733 13.946 13.070 12.105 11.050 9.905 8.671 7.348 6.327 8.255 10.175 12.087 13.993 15.892 17.784 19.669 21.546 23.417 25.280 27.137 28.098 26.361 24.608 22.839 21.053 19.251 17.433 15.599 13.748 11.881 9.998
2.717 2.072 2.229 2.936 3.666 4.420 5.197 5.997 6.820 7.667 8.537 9.430 10.372 11.361 11.979 12.419 12.893 13.399 13.939 14.512 15.119 15.758 16.400 17.040 17.705 18.397 18.609 18.679 18.799 18.970 19.192 19.466 19.790 20.165 20.592 21.070 21.598 22.178 21.546 20.631 19.627 18.534 17.351 16.079 14.718 13.267 11.727 10.097 8.378 6.569 8.458 10.347 12.230 14.105 15.973 17.834 19.688 21.535 23.375 25.207 27.033 28.368 26.558 24.733 22.891 21.034 19.160 17.269 15.363 13.440 11.501 9.546
2.487 1.896 1.944 2.732 3.544 4.427 5.370 6.326 7.295 8.277 9.271 10.278 11.298 12.330 13.107 13.662 14.250 14.872 15.527 16.215 16.936 17.690 18.448 19.203 19.985 20.793 21.275 21.570 21.916 22.312 22.760 23.259 23.808 24.409 25.061 25.764 26.518 27.323 26.627 25.316 23.917 22.427 20.849 19.181 17.424 15.577 13.641 11.616 9.501 7.297 8.668 10.527 12.378 14.223 16.060 17.891 19.714 21.530 23.340 25.142 26.937 28.653 26.772 24.875 22.961 21.031 19.085 17.122 15.144 13.149 11.138 9.111
2.547 2.115 2.143 3.092 4.054 5.029 6.017 7.017 8.030 9.056 10.095 11.146 12.210 13.287 14.203 14.873 15.576 16.313 17.082 17.885 18.721 19.590 20.463 21.335 22.232 23.157 23.881 24.401 24.972 25.594 26.267 26.990 27.765 28.591 29.468 30.396 31.375 32.405 31.799 30.093 28.298 26.413 24.439 22.375 20.222 17.980 15.649 13.228 10.718 8.119 8.885 10.713 12.534 14.348 16.155 17.954 19.747 21.533 23.311 25.083 26.847 28.605 27.003 25.033 23.047 21.045 19.027 16.993 14.942 12.875 10.792 8.693
3.123 2.720 2.599 3.593 4.599 5.618 6.650 7.695 8.752 9.823 10.906 12.001 13.110 14.231 15.267 16.052 16.870 17.721 18.606 19.523 20.474 21.458 22.446 23.434 24.447 25.487 26.426 27.171 27.967 28.814 29.712 30.661 31.661 32.712 33.814 34.967 36.171 37.426 37.063 34.961 32.770 30.490 28.120 25.662 23.114 20.476 17.750 14.934 12.029 9.035 9.109 10.906 12.697 14.480 16.256 18.025 19.787 21.542 23.290 25.031 26.765 28.492 27.250 25.208 23.150 21.076 19.081 17.340 15.647 14.003 12.408 10.862
3.691 3.316 3.042 4.080 5.131 6.195 7.271 8.360 9.462 10.576 11.703 12.843 13.996 15.161 16.300 17.200 18.132 19.098 20.097 21.129 22.195 23.293 24.397 25.500 26.630 27.786 28.910 29.881 30.902 31.974 33.097 34.271 35.496 36.772 38.098 39.476 40.905 42.384 42.417 39.920 37.334 34.658 31.894 29.040 26.097 23.065 19.944 16.733 13.433 10.045 9.340 11.106 12.866 14.619 16.364 18.103 19.834 21.595 23.478 25.356 27.227 29.093 28.504 26.782 25.108 23.483 21.907 20.379 18.900 17.470 16.088 14.755
4.250 3.904 3.567 4.555 5.650 6.758 7.879 9.012 10.158 11.317 12.488 13.672 14.869 16.079 17.301 18.315 19.363 20.443 21.557 22.703 23.883 25.096 26.315 27.534 28.780 30.051 31.335 32.530 33.776 35.073 36.421 37.820 39.269 40.770 42.321 43.924 45.577 47.281 47.862 44.970 41.989 38.919 35.759 32.511 29.173 25.746 22.230 18.625 14.930 11.260 9.923 11.821 13.713 15.600 17.481 19.356 21.225 23.089 24.947 26.800 28.646 30.487 30.424 28.915 27.455 26.043 24.680 23.366 22.101 20.884 19.715 18.595
4.801 4.484 4.175 5.017 6.157 7.309 8.474 9.651 10.841 12.044 13.260 14.488 15.729 16.983 18.250 19.399 20.561 21.756 22.984 24.245 25.540 26.867 28.201 29.536 30.897 32.285 33.698 35.119 36.590 38.111 39.684 41.307 42.982 44.707 46.483 48.310 50.187 52.116 53.398 50.011 45.778 41.667 37.679 33.814 30.072 26.451 22.954 19.579 16.327 13.197 11.594 13.468 15.335 17.197 19.053 20.903 22.748 24.587 26.420 28.247 30.069 31.885 32.292 30.996 29.750 28.552 27.402 26.301 25.249 24.245 23.290 22.383
5.343 5.055 4.775 5.467 6.650 7.847 9.056 10.277 11.512 12.759 14.019 15.291 16.577 17.875 19.185 20.451 21.728 23.037 24.380 25.755 27.164 28.606 30.055 31.506 32.983 34.486 36.015 37.648 39.343 41.089 42.848 43.887 44.895 45.872 46.818 47.733 48.617 49.469 50.237 46.421 42.728 39.157 35.709 32.384 29.180 26.100 23.142 20.306 17.593 15.003 13.270 15.118 16.961 18.797 20.629 22.454 24.274 26.088 27.896 29.699 31.496 33.287 34.108 33.026 31.993 31.008 30.072 29.184 28.345 27.554 26.812 26.118
5.877 5.617 5.366 5.903 7.131 8.372 9.625 10.891 12.169 13.461 14.765 16.082 17.411 18.753 20.108 21.472 22.863 24.287 25.744 27.233 28.756 30.312 31.373 32.389 33.381 34.349 35.294 36.291 37.287 38.252 39.186 40.089 40.961 41.802 42.612 43.390 44.138 44.855 45.541 42.704 39.550 36.519 33.610 30.824 28.160 25.619 23.200 20.903 18.729 16.677 14.949 16.772 18.590 20.402 22.208 24.009 25.804 27.593 29.376 31.154 32.926 34.693 35.873 35.005 34.184 33.413 32.689 32.015 31.388 30.811 30.282 29.801
6.402 6.171 5.949 6.327 7.599 8.884 10.181 11.492 12.814 14.150 15.498 16.859 18.232 19.619 21.017 22.073 23.103 24.104 25.075 26.016 26.928 27.811 28.706 29.619 30.508 31.373 32.216 33.077 33.937 34.766 35.563 36.330 37.066 37.771 38.444 39.087 39.699 40.279 40.829 38.859 36.245 33.753 31.383 29.136 27.011 25.008 23.128 21.370 19.734 18.221 16.830 18.430 20.223 22.010 23.791 25.567 27.337 29.102 30.860 32.613 34.361 36.102 37.587 36.931 36.324 35.765 35.255 34.793 34.380 34.015 33.699 33.431
6.919 6.717 6.523 6.739 8.055 9.384 10.725 12.079 13.218 14.316 15.376 16.399 17.384 18.332 19.242 20.146 21.075 21.974 22.844 23.684 24.494 25.275 26.068 26.878 27.665 28.428 29.167 29.901 30.624 31.317 31.979 32.610 33.209 33.778 34.316 34.823 35.298 35.743 36.157 34.887 32.812 30.858 29.027 27.319 25.732 24.268 22.926 21.707 20.609 19.634 18.782 20.091 21.859 23.621 25.378 27.129 28.875 30.614 32.348 34.076 35.799 37.516 39.227 38.807 38.412 38.066 37.769 37.520 37.319 37.167 37.064 37.009
7.426 7.190 6.921 6.824 7.980 9.098 10.179 11.223 12.229 13.197 14.129 15.022 15.879 16.697 17.479 18.249 19.076 19.873 20.641 21.380 22.089 22.768 23.460 24.167 24.851 25.511 26.148 26.763 27.351 27.907 28.433 28.928 29.392 29.824 30.226 30.597 30.937 31.246 31.524 30.788 29.251 27.836 26.543 25.373 24.325 23.399 22.595 21.914 21.354 20.917 20.602 21.756 23.499 25.237 26.969 28.695 30.416 32.130 33.839 35.543 37.241 38.933 40.619 40.631 40.449 40.316 40.231 40.195 40.207 40.267 40.376 40.534
7.645 7.299 6.921 6.515 7.542 8.531 9.483 10.398 11.275 12.115 12.917 13.682 14.409 15.099 15.751 16.380 17.106 17.802 18.468 19.106 19.713 20.291 20.881 21.485 22.067 22.624 23.159 23.663 24.115 24.536 24.926 25.284 25.612 25.909 26.175 26.410 26.615 26.788 26.930 26.561 25.563 24.686 23.931 23.299 22.789 22.400 22.135 21.991 21.969 22.069 22.292 23.425 25.143 26.856 28.563 30.265 31.960 33.650 35.335 37.013 38.686 40.354 42.015 42.403 42.434 42.514 42.642 42.818 43.042 43.315 43.610 43.823
7.894 7.438 6.950 6.431 7.140 8.000 8.823 9.608 10.357 11.067 11.741 12.377 12.975 13.536 14.060 14.546 15.164 15.759 16.325 16.860 17.367 17.843 18.331 18.833 19.312 19.767 20.199 20.601 20.917 21.202 21.456 21.679 21.872 22.033 22.163 22.262 22.331 22.368 22.375 22.208 21.747 21.408 21.191 21.096 21.124 21.273 21.545 21.938 22.454 23.092 23.851 25.097 26.791 28.479 30.161 31.838 33.509 35.174 36.834 38.488 40.136 41.845 43.795 44.739 45.095 45.397 45.643 45.834 45.970 46.051 46.077 46.047
8.173 7.607 7.010 6.380 6.772 7.504 8.198 8.854 9.474 10.056 10.600 11.107 11.577 12.009 12.404 12.762 13.252 13.746 14.210 14.644 15.049 15.425 15.810 16.210 16.586 16.939 17.269 17.575 17.758 17.907 18.026 18.113 18.169 18.195 18.189 18.153 18.086 17.988 17.859 17.727 17.804 18.002 18.323 18.766 19.330 20.017 20.825 21.756 22.809 23.983 25.280 26.773 28.488 30.550 32.587 34.601 36.590 38.555 40.496 42.412 44.305 46.173 48.016 48.955 49.069 49.127 49.131 49.080 48.974 48.812 48.596 48.324
8.482 7.806 7.099 6.360 6.440 7.043 7.608 8.136 8.626 9.080 9.495 9.874 10.215 10.518 10.785 11.014 11.369 11.761 12.124 12.457 12.761 13.035 13.319 13.616 13.890 14.141 14.368 14.572 14.637 14.650 14.633 14.585 14.505 14.395 14.254 14.082 13.880 13.646 13.381 13.120 13.734 14.469 15.327 16.324 18.105 19.931 21.803 23.720 25.683 27.691 29.744 31.815 33.795 35.750 37.681 39.588 41.471 43.329 45.163 46.973 48.759 50.520 52.257 53.222 53.093 52.910 52.671 52.377 52.029 51.625 51.167 50.653
8.820 8.035 7.218 6.369 6.143 6.617 7.054 7.453 7.815 8.139 8.426 8.676 8.888 9.063 9.201 9.302 9.514 9.805 10.067 10.299 10.502 10.675 10.857 11.052 11.224 11.372 11.497 11.599 11.553 11.431 11.278 11.095 10.880 10.634 10.358 10.677 11.103 11.599 12.165 12.802 14.511 16.355 18.245 20.180 22.161 24.187 26.258 28.375 30.537 32.745 34.998 37.248 39.121 40.970 42.794 44.595 46.371 48.122 49.850 51.553 53.232 54.887 56.518 57.539 57.169 56.743 56.262 55.727 55.136 54.490 53.790 53.034
9.188 8.293 7.366 6.408 5.882 6.227 6.535 6.805 7.038 7.234 7.393 7.514 7.598 7.644 7.653 7.625 7.689 7.878 8.039 8.170 8.272 8.344 8.424 8.517 8.586 8.632 8.878 9.156 9.379 9.622 9.934 10.317 10.771 11.295 11.889 12.554 13.289 14.095 14.971 15.918 17.715 19.759 21.848 23.983 26.163 28.388 30.659 32.976 35.337 37.744 40.197 42.694 44.466 46.208 47.926 49.620 51.290 52.935 54.556 56.153 57.725 59.274 60.798 61.908 61.296 60.628 59.905 59.128 58.295 57.407 56.465 55.467
9.585 8.581 7.545 6.477 5.655 5.871 6.051 6.192 6.297 6.364 6.394 6.387 6.343 6.261 6.142 5.985 5.892 5.980 6.177 6.439 6.701 6.963 7.233 7.512 7.791 8.069 8.347 8.625 9.009 9.561 10.184 10.876 11.640 12.473 13.377 14.352 15.396 16.512 17.697 18.953 20.865 23.109 25.398 27.732 30.111 32.536 35.007 37.522 40.083 42.690 45.341 48.038 49.830 51.466 53.077 54.665 56.228 57.766 59.281 60.771 62.238 63.680 65.097 66.328 65.474 64.564 63.599 62.580 61.506 60.376 59.192 57.952
10.012 8.898 7.753 6.576 5.463 5.551 5.602 5.615 5.591 5.530 5.432 5.358 5.305 5.249 5.190 5.129 5.127 5.389 5.651 5.912 6.174 6.435 6.705 6.984 7.262 7.540 7.818 8.095 8.561 9.423 10.355 11.357 12.430 13.573 14.786 16.070 17.424 18.848 20.343 21.908 23.963 26.406 28.894 31.428 34.006 36.631 39.300 42.015 44.775 47.581 50.432 53.328 55.213 56.742 58.247 59.728 61.185 62.617 64.025 65.410 66.769 68.105 69.417 70.704 69.703 68.552 67.345 66.084 64.768 63.397 61.971 60.490
10.469 9.245 7.991 6.704 5.362 5.239 5.192 5.143 5.091 5.037 4.980 4.920 4.857 4.793 4.725 4.655 4.602 4.864 5.125 5.386 5.647 5.908 6.178 6.456 6.733 7.011 7.288 7.566 8.035 9.206 10.447 11.759 13.141 14.593 16.116 17.709 19.372 21.106 22.910 24.784 27.007 29.649 32.337 35.070 37.848 40.672 43.540 46.454 49.414 52.418 55.468 58.564 60.615 62.038 63.436 64.811 66.161 67.487 68.789 70.067 71.321 72.550 73.755 74.936 73.983 72.590 71.142 69.640 68.082 66.469 64.802 63.079
10.301 8.955 7.645 6.372 5.136 4.857 4.802 4.743 4.683 4.619 4.553 4.484 4.413 4.339 4.263 4.183 4.102 4.339 4.600 4.861 5.121 5.382 5.651 5.929 6.206 6.483 6.760 7.037 7.431 8.911 10.462 12.083 13.774 15.535 17.367 19.269 21.241 23.284 25.396 27.580 29.999 32.840 35.727 38.659 41.636 44.659 47.727 50.840 53.998 57.202 60.451 63.745 66.036 67.352 68.645 69.913 71.157 72.377 73.572 74.744 75.891 77.014 78.113 79.188 78.315 76.680 74.991 73.247 71.447 69.593 67.685 65.721
9.541 8.320 7.136 5.988 4.876 4.479 4.414 4.347 4.277 4.205 4.130 4.052 3.972 3.889 3.803 3.715 3.624 3.815 4.075 4.336 4.596 4.856 5.125 5.402 5.679 5.956 6.232 6.509 6.785 8.539 10.398 12.328 14.328 16.398 18.539 20.750 23.031 25.382 27.804 30.295 32.938 35.978 39.064 42.195 45.371 48.593 51.860 55.172 58.529 61.932 65.380 68.873 71.475 72.686 73.872 75.034 76.171 77.285 78.375 79.440 80.481 81.498 82.491 83.460 82.697 80.821 78.601 75.556 72.546 69.571 66.631 63.726
8.748 7.652 6.593 5.570 4.583 4.103 4.029 3.953 3.874 3.793 3.709 3.622 3.533 3.441 3.347 3.250 3.150 3.291 3.552 3.812 4.072 4.331 4.600 4.876 5.153 5.429 5.705 5.981 6.257 8.088 10.256 12.495 14.804 17.183 19.632 22.152 24.742 27.401 30.132 32.932 35.823 39.063 42.348 45.678 49.053 52.474 55.939 59.450 63.006 66.608 70.254 73.946 76.934 78.038 79.118 80.174 81.205 82.033 81.730 81.422 81.111 80.796 80.477 80.154 78.493 75.531 72.605 69.713 66.857 64.035 61.249 58.497
7.922 6.951 6.017 5.118 4.256 3.730 3.647 3.562 3.474 3.384 3.291 3.196 3.097 2.997 2.893 2.787 2.679 2.769 3.029 3.288 3.548 3.807 4.075 4.351 4.627 4.903 5.179 5.454 5.730 7.559 10.036 12.584 15.201 17.889 20.647 23.475 26.373 29.341 32.380 35.489 38.667 42.095 45.579 49.108 52.682 56.301 59.965 63.675 67.406 70.046 72.595 75.055 76.987 76.687 76.383 76.075 75.763 75.447 75.127 74.803 74.475 74.144 73.808 73.468 72.162 69.354 66.581 63.843 61.139 58.471 55.838 53.240
7.063 6.217 5.407 4.634 3.897 3.360 3.268 3.174 3.078 2.978 2.876 2.772 2.665 2.555 2.443 2.328 2.210 2.247 2.506 2.766 3.025 3.284 3.551 3.827 4.102 4.378 4.653 4.928 5.203 6.953 9.738 12.594 15.520 18.516 21.583 24.719 27.926 31.202 34.549 37.966 40.957 43.909 46.785 49.571 52.267 54.874 57.390 59.817 62.154 64.401 66.558 68.626 70.494 70.178 69.857 69.532 69.204 68.872 68.535 68.195 67.851 67.503 67.151 66.795 65.804 63.149 60.529 57.944 55.394 52.879 50.399 47.954
6.171 5.450 4.765 4.116 3.503 2.993 2.892 2.789 2.683 2.575 2.464 2.351 2.235 2.116 1.995 1.871 1.745 1.725 1.985 2.243 2.502 2.761 3.028 3.303 3.578 3.853 4.128 4.403 4.677 6.268 9.363 12.459 15.518 18.546 21.543 24.509 27.444 30.348 33.221 36.063 38.875 41.503 43.987 46.380 48.684 50.898 53.023 55.057 57.002 58.857 60.622 62.298 63.883 63.680 63.343 63.002 62.657 62.308 61.955 61.598 61.238 60.873 60.505 60.132 59.417 56.915 54.448 52.017 49.620 47.258 44.931 42.639
5.246 4.649 4.089 3.565 3.077 2.628 2.519 2.407 2.292 2.175 2.055 1.933 1.808 1.680 1.550 1.417 1.282 1.205 1.463 1.722 1.980 2.238 2.538 2.859 3.178 3.494 3.808 4.119 4.428 5.682 8.668 11.623 14.547 17.440 20.303 23.134 25.935 28.704 31.443 34.151 36.828 39.196 41.287 43.289 45.201 47.022 48.755 50.397 51.950 53.413 54.787 56.070 57.264 57.193 56.840 56.482 56.121 55.756 55.386 55.013 54.636 54.255 53.870 53.481 53.002 50.654 48.340 46.061 43.818 41.609 39.435 37.296
