DATA/SHG/ECMWF/20170628/EN-30/20170628.en-30.asc
ncols        190
nrows        64
xllcorner    -5100000.000000000000
yllcorner    4130000.000000000000
cellsize     10000.000000000000
NODATA_value  -99999.000
[rows 0 to 32 of 64, columns 73 to 145 of 190]
10.157 9.639 9.110 8.570 8.019 7.457 6.884 6.300 6.261 7.572 8.903 10.205 11.479 12.724 13.941 15.129 16.288 17.419 18.521 19.595 20.189 19.277 18.375 17.480 16.591 15.710 14.835 13.967 13.106 12.251 11.404 10.563 9.900 9.793 9.687 9.580 9.474 9.367 9.259 9.152 9.044 8.936 8.828 8.720 8.497 7.916 7.334 6.751 6.165 5.577 4.988 4.397 3.804 3.209 2.612 2.013 1.534 1.411 1.290 1.171 1.052 0.936 0.820 0.706 0.594 0.483 0.374 0.266 0.214 0.319 0.429 0.543 0.662
10.345 9.788 9.259 8.760 8.284 7.830 7.399 6.991 6.898 8.158 9.389 10.592 11.766 12.911 14.028 15.116 16.176 17.207 18.209 19.183 19.938 19.056 18.185 17.320 16.461 15.610 14.765 13.928 13.097 12.273 11.455 10.645 9.920 9.813 9.706 9.598 9.490 9.382 9.274 9.166 9.057 8.948 8.839 8.730 8.560 7.971 7.381 6.788 6.194 5.598 5.001 4.401 3.799 3.196 2.591 1.984 1.444 1.328 1.213 1.100 0.988 0.878 0.769 0.662 0.556 0.451 0.348 0.246 0.180 0.305 0.434 0.567 0.705
10.623 10.158 9.716 9.296 8.900 8.526 8.174 7.846 7.610 8.770 9.901 11.004 12.078 13.124 14.141 15.129 16.089 17.021 17.924 18.798 19.644 18.828 17.987 17.152 16.324 15.503 14.689 13.881 13.081 12.287 11.500 10.719 9.946 9.833 9.724 9.616 9.507 9.398 9.289 9.179 9.070 8.960 8.850 8.739 8.625 8.028 7.429 6.828 6.226 5.621 5.015 4.407 3.797 3.186 2.572 1.957 1.352 1.243 1.134 1.028 0.922 0.819 0.716 0.615 0.516 0.418 0.321 0.226 0.167 0.367 0.578 0.801 1.034
10.899 10.514 10.151 9.811 9.494 9.199 8.927 8.678 8.452 9.406 10.438 11.441 12.416 13.362 14.279 15.168 16.029 16.861 17.664 18.439 19.186 18.593 17.782 16.977 16.180 15.389 14.605 13.827 13.057 12.293 11.536 10.786 10.043 9.853 9.743 9.634 9.524 9.414 9.304 9.193 9.083 8.972 8.861 8.749 8.638 8.087 7.479 6.870 6.259 5.647 5.032 4.416 3.798 3.177 2.556 1.932 1.306 1.156 1.054 0.982 0.938 0.894 0.850 0.808 0.766 0.724 0.683 0.643 0.604 0.834 1.095 1.366 1.649
11.154 10.848 10.564 10.304 10.066 9.850 9.658 9.488 9.341 10.068 11.000 11.904 12.779 13.625 14.443 15.233 15.994 16.726 17.430 18.106 18.753 18.351 17.570 16.795 16.028 15.267 14.513 13.766 13.026 12.293 11.566 10.846 10.133 9.873 9.762 9.652 9.541 9.430 9.319 9.208 9.096 8.984 8.872 8.760 8.647 8.147 7.532 6.914 6.295 5.674 5.058 4.457 3.868 3.290 2.725 2.173 1.632 1.488 1.445 1.402 1.361 1.320 1.279 1.239 1.200 1.161 1.124 1.086 1.050 1.289 1.599 1.920 2.252
11.386 11.160 10.956 10.774 10.616 10.480 10.367 10.276 10.208 10.755 11.587 12.391 13.167 13.914 14.632 15.323 15.984 16.617 17.222 17.798 18.346 18.101 17.350 16.606 15.869 15.138 14.415 13.698 12.988 12.285 11.588 10.898 10.215 9.893 9.782 9.670 9.559 9.447 9.334 9.222 9.109 8.980 8.840 8.699 8.558 8.105 7.497 6.901 6.317 5.745 5.186 4.638 4.103 3.579 3.068 2.569 2.082 1.901 1.861 1.821 1.782 1.744 1.706 1.669 1.633 1.597 1.562 1.528 1.494 1.732 2.091 2.462 2.843
11.598 11.450 11.326 11.223 11.144 11.087 11.053 11.042 11.053 11.466 12.199 12.904 13.580 14.228 14.847 15.438 16.000 16.534 17.040 17.517 17.966 17.844 17.124 16.410 15.703 15.002 14.309 13.622 12.942 12.269 11.603 10.943 10.273 9.869 9.729 9.589 9.449 9.308 9.168 9.027 8.886 8.745 8.603 8.461 8.319 7.951 7.397 6.855 6.325 5.807 5.301 4.807 4.325 3.855 3.398 2.952 2.519 2.313 2.276 2.239 2.203 2.167 2.133 2.098 2.065 2.032 2.000 1.968 1.937 2.164 2.572 2.992 3.422
11.787 11.719 11.674 11.651 11.650 11.673 11.718 11.786 11.876 12.203 12.837 13.442 14.019 14.567 15.087 15.579 16.042 16.477 16.883 17.261 17.611 17.580 16.890 16.196 15.501 14.811 14.126 13.444 12.767 12.094 11.425 10.761 10.100 9.642 9.501 9.360 9.219 9.078 8.936 8.794 8.652 8.510 8.367 8.224 8.081 7.785 7.284 6.796 6.320 5.855 5.403 4.963 4.535 4.119 3.715 3.323 2.943 2.724 2.689 2.656 2.622 2.590 2.558 2.526 2.495 2.465 2.436 2.407 2.379 2.584 3.041 3.510 3.990
11.955 11.966 12.000 12.056 12.135 12.237 12.361 12.508 12.677 12.965 13.499 14.005 14.483 14.932 15.353 15.733 16.045 16.345 16.632 16.907 17.169 17.213 16.529 15.850 15.174 14.503 13.836 13.173 12.515 11.861 11.211 10.565 9.923 9.416 9.274 9.132 8.990 8.847 8.705 8.562 8.419 8.275 8.132 7.988 7.844 7.606 7.159 6.725 6.302 5.891 5.493 5.106 4.731 4.369 4.019 3.680 3.354 3.134 3.102 3.071 3.040 3.010 2.981 2.953 2.925 2.898 2.871 2.845 2.820 2.992 3.499 4.016 4.545
12.102 12.192 12.305 12.440 12.598 12.778 12.982 13.207 13.422 13.605 13.949 14.280 14.599 14.905 15.199 15.480 15.749 16.006 16.250 16.481 16.701 16.826 16.161 15.500 14.843 14.191 13.543 12.898 12.259 11.623 10.992 10.365 9.742 9.190 9.048 8.905 8.761 8.618 8.474 8.330 8.186 8.042 7.897 7.752 7.607 7.415 7.022 6.641 6.272 5.914 5.569 5.236 4.915 4.606 4.310 4.025 3.752 3.542 3.513 3.485 3.457 3.430 3.404 3.378 3.353 3.328 3.305 3.282 3.259 3.388 3.944 4.511 5.089
12.227 12.370 12.494 12.627 12.769 12.921 13.082 13.253 13.434 13.625 13.925 14.213 14.488 14.751 15.002 15.240 15.465 15.678 15.879 16.068 16.243 16.415 15.788 15.146 14.508 13.874 13.245 12.619 11.998 11.381 10.769 10.160 9.556 8.965 8.822 8.678 8.533 8.389 8.244 8.099 7.954 7.808 7.663 7.517 7.371 7.212 6.872 6.544 6.229 5.925 5.634 5.354 5.087 4.831 4.588 4.356 4.137 3.949 3.923 3.897 3.873 3.848 3.825 3.802 3.780 3.758 3.737 3.717 3.697 3.773 4.378 4.994 5.621
11.994 12.141 12.297 12.464 12.639 12.824 13.019 13.223 13.436 13.659 13.912 14.157 14.389 14.609 14.816 15.010 15.193 15.363 15.520 15.665 15.798 15.926 15.411 14.788 14.169 13.554 12.943 12.336 11.734 11.136 10.542 9.952 9.366 8.785 8.596 8.451 8.306 8.160 8.015 7.869 7.722 7.576 7.429 7.282 7.135 6.988 6.709 6.435 6.173 5.923 5.685 5.459 5.245 5.043 4.853 4.675 4.509 4.355 4.331 4.309 4.287 4.265 4.245 4.225 4.205 4.186 4.168 4.151 4.140 4.160 4.805 5.445 6.080
11.722 11.903 12.093 12.292 12.501 12.719 12.947 13.184 13.431 13.687 13.911 14.112 14.301 14.477 14.641 14.793 14.932 15.059 15.173 15.275 15.364 15.449 15.030 14.426 13.825 13.229 12.637 12.049 11.465 10.885 10.310 9.739 9.172 8.610 8.372 8.226 8.079 7.933 7.786 7.639 7.492 7.344 7.196 7.048 6.900 6.752 6.534 6.314 6.105 5.909 5.724 5.551 5.391 5.242 5.106 4.981 4.869 4.768 4.739 4.735 4.745 4.751 4.753 4.752 4.746 4.737 4.724 4.707 4.686 4.662 5.242 5.861 6.477
11.443 11.656 11.879 12.112 12.354 12.605 12.866 13.136 13.416 13.705 13.921 14.079 14.225 14.358 14.478 14.587 14.683 14.766 14.837 14.896 14.942 14.984 14.645 14.059 13.477 12.900 12.326 11.757 11.192 10.631 10.075 9.522 8.974 8.430 8.147 8.000 7.853 7.705 7.558 7.410 7.261 7.113 6.964 6.815 6.666 6.516 6.347 6.180 6.025 5.881 5.768 5.684 5.614 5.555 5.509 5.475 5.453 5.443 5.443 5.440 5.432 5.421 5.407 5.388 5.365 5.339 5.308 5.274 5.236 5.194 5.682 6.282 6.877
11.154 11.401 11.657 11.923 12.198 12.482 12.776 13.080 13.392 13.715 13.942 14.057 14.160 14.249 14.327 14.392 14.445 14.485 14.513 14.529 14.532 14.530 14.256 13.689 13.126 12.567 12.012 11.461 10.915 10.373 9.835 9.301 8.771 8.246 7.924 7.776 7.627 7.479 7.330 7.181 7.032 6.894 6.772 6.655 6.543 6.435 6.341 6.264 6.198 6.145 6.104 6.075 6.059 6.055 6.063 6.084 6.116 6.161 6.168 6.148 6.123 6.095 6.063 6.027 5.987 5.943 5.896 5.844 5.789 5.730 6.126 6.706 7.281
10.858 11.137 11.427 11.725 12.033 12.351 12.678 13.014 13.360 13.716 13.975 14.047 14.106 14.153 14.187 14.209 14.219 14.216 14.201 14.173 14.134 14.088 13.863 13.315 12.770 12.230 11.693 11.161 10.634 10.110 9.591 9.076 8.565 8.062 7.715 7.581 7.451 7.327 7.207 7.092 6.982 6.877 6.776 6.681 6.590 6.505 6.446 6.423 6.412 6.414 6.427 6.453 6.491 6.541 6.604 6.679 6.766 6.865 6.897 6.859 6.817 6.772 6.722 6.669 6.612 6.551 6.486 6.418 6.345 6.269 6.575 7.134 7.689
10.552 10.865 11.187 11.519 11.860 12.211 12.571 12.940 13.319 13.708 14.019 14.047 14.064 14.067 14.059 14.037 14.004 13.958 13.900 13.829 13.747 13.658 13.466 12.920 12.371 11.832 11.304 10.786 10.278 9.780 9.293 8.816 8.349 7.892 7.541 7.428 7.320 7.217 7.119 7.026 6.938 6.854 6.775 6.702 6.633 6.569 6.538 6.570 6.613 6.669 6.737 6.817 6.910 7.014 7.131 7.261 7.402 7.556 7.628 7.573 7.514 7.451 7.385 7.314 7.240 7.162 7.080 6.994 6.904 6.811 7.026 7.566 8.101
10.238 10.584 10.940 11.304 11.679 12.062 12.455 12.858 13.270 13.691 14.074 14.060 14.033 13.993 13.941 13.868 13.684 13.511 13.348 13.196 13.055 12.937 12.796 12.283 11.779 11.286 10.803 10.331 9.868 9.416 8.975 8.543 8.122 7.711 7.362 7.270 7.184 7.103 7.026 6.955 6.888 6.826 6.769 6.717 6.670 6.627 6.617 6.703 6.801 6.911 7.033 7.168 7.315 7.474 7.645 7.829 8.025 8.233 8.363 8.290 8.214 8.134 8.050 7.963 7.871 7.776 7.676 7.573 7.466 7.356 7.482 8.002 8.517
9.916 10.295 10.683 11.081 11.488 11.905 12.331 12.766 13.185 13.471 13.741 13.551 13.361 13.182 13.014 12.857 12.710 12.574 12.449 12.335 12.232 12.152 12.092 11.634 11.176 10.729 10.292 9.865 9.448 9.042 8.646 8.260 7.884 7.519 7.177 7.108 7.043 6.983 6.928 6.879 6.833 6.793 6.758 6.727 6.702 6.681 6.683 6.823 6.975 7.140 7.317 7.506 7.707 7.920 8.146 8.384 8.634 8.896 9.100 9.010 8.917 8.820 8.719 8.614 8.505 8.393 8.276 8.156 8.032 7.904 7.942 8.441 8.937
9.585 9.981 10.326 10.654 10.966 11.261 11.540 11.801 12.046 12.274 12.486 12.379 12.227 12.086 11.956 11.836 11.728 11.630 11.542 11.466 11.400 11.358 11.337 10.975 10.563 10.161 9.770 9.388 9.017 8.656 8.306 7.965 7.635 7.316 7.006 6.940 6.897 6.859 6.825 6.797 6.774 6.755 6.741 6.732 6.728 6.729 6.735 6.930 7.137 7.355 7.587 7.830 8.085 8.353 8.633 8.925 9.230 9.546 9.840 9.734 9.623 9.509 9.390 9.268 9.142 9.013 8.879 8.742 8.600 8.455 8.405 8.885 9.360
8.960 9.264 9.551 9.822 10.076 10.313 10.533 10.737 10.924 11.095 11.248 11.200 11.086 10.982 10.890 10.808 10.737 10.676 10.627 10.588 10.560 10.556 10.572 10.306 9.939 9.583 9.237 8.901 8.576 8.260 7.955 7.660 7.376 7.102 6.837 6.767 6.745 6.729 6.717 6.711 6.709 6.712 6.719 6.732 6.750 6.772 6.799 7.024 7.285 7.558 7.843 8.141 8.451 8.773 9.107 9.453 9.812 10.183 10.566 10.460 10.332 10.201 10.065 9.926 9.783 9.636 9.485 9.330 9.172 9.123 9.276 9.948 10.556
8.319 8.564 8.794 9.006 9.202 9.381 9.544 9.690 9.819 9.932 10.028 10.012 9.936 9.870 9.815 9.771 9.737 9.715 9.703 9.702 9.712 9.745 9.799 9.626 9.305 8.994 8.694 8.403 8.123 7.853 7.594 7.345 7.105 6.877 6.658 6.588 6.589 6.594 6.604 6.619 6.639 6.663 6.693 6.727 6.766 6.810 6.859 7.104 7.420 7.747 8.087 8.439 8.803 9.179 9.567 9.968 10.381 10.806 11.243 11.189 11.077 11.037 11.035 11.068 11.139 11.246 11.390 11.570 11.787 12.040 12.331 12.714 13.041
7.693 7.881 8.052 8.207 8.345 8.467 8.571 8.659 8.731 8.786 8.824 8.816 8.777 8.749 8.732 8.725 8.730 8.745 8.770 8.807 8.854 8.925 9.018 8.935 8.660 8.395 8.140 7.895 7.660 7.436 7.222 7.018 6.824 6.641 6.468 6.405 6.427 6.454 6.486 6.522 6.563 6.609 6.660 6.716 6.777 6.842 6.913 7.172 7.542 7.923 8.317 8.727 9.160 9.616 10.093 10.592 11.112 11.654 12.217 12.410 12.496 12.618 12.778 12.974 13.206 13.475 13.781 14.123 14.502 14.917 15.369 15.539 15.585
7.084 7.214 7.328 7.425 7.505 7.569 7.615 7.646 7.659 7.656 7.637 7.612 7.610 7.620 7.641 7.672 7.714 7.766 7.830 7.904 7.989 8.097 8.228 8.234 8.004 7.785 7.575 7.376 7.186 7.008 6.839 6.680 6.532 6.394 6.266 6.217 6.261 6.309 6.362 6.420 6.483 6.551 6.629 6.712 6.788 6.857 6.919 7.172 7.615 8.080 8.567 9.075 9.605 10.156 10.729 11.323 11.939 12.577 13.236 13.627 13.875 14.160 14.481 14.839 15.233 15.664 16.132 16.636 17.177 17.754 18.368 18.423 18.188
6.491 6.564 6.620 6.659 6.681 6.687 6.676 6.649 6.605 6.544 6.467 6.399 6.436 6.483 6.541 6.610 6.689 6.779 6.880 6.992 7.114 7.261 7.430 7.523 7.338 7.164 7.000 6.846 6.702 6.569 6.445 6.332 6.229 6.162 6.141 6.162 6.264 6.359 6.446 6.526 6.599 6.665 6.723 6.774 6.818 6.854 6.883 7.114 7.653 8.214 8.796 9.400 10.026 10.673 11.341 12.032 12.743 13.477 14.232 14.806 15.216 15.662 16.145 16.665 17.221 17.814 18.443 19.109 19.811 20.550 21.326 21.366 20.851
5.915 5.930 5.928 5.909 5.874 5.822 5.754 5.669 5.567 5.448 5.313 5.178 5.252 5.337 5.433 5.539 5.656 5.784 5.922 6.072 6.232 6.416 6.622 6.801 6.703 6.676 6.650 6.625 6.601 6.579 6.558 6.539 6.520 6.504 6.488 6.491 6.561 6.623 6.678 6.726 6.767 6.800 6.826 6.844 6.855 6.859 6.856 7.033 7.668 8.324 9.002 9.702 10.423 11.166 11.930 12.716 13.524 14.353 15.203 15.945 16.517 17.125 17.770 18.451 19.169 19.924 20.715 21.542 22.406 23.307 24.244 24.369 23.573
5.356 5.312 5.253 5.176 5.083 4.974 4.848 4.705 4.546 4.370 4.177 3.968 4.061 4.183 4.316 4.460 4.634 4.942 5.260 5.590 5.931 6.281 6.638 7.003 6.990 6.968 6.948 6.929 6.911 6.895 6.880 6.866 6.854 6.843 6.833 6.828 6.866 6.896 6.918 6.934 6.942 6.942 6.936 6.922 6.901 6.872 6.836 6.929 7.660 8.412 9.186 9.981 10.798 11.636 12.496 13.378 14.281 15.205 16.151 17.045 17.779 18.549 19.355 20.198 21.078 21.994 22.946 23.935 24.961 26.023 27.121 27.430 26.354
4.812 4.711 4.594 4.460 4.309 4.142 3.958 3.758 3.541 3.333 3.217 3.101 3.318 3.620 3.933 4.257 4.592 4.938 5.295 5.663 6.041 6.429 6.824 7.228 7.275 7.259 7.244 7.231 7.219 7.209 7.200 7.192 7.185 7.180 7.176 7.174 7.178 7.175 7.166 7.149 7.124 7.092 7.053 7.007 6.953 6.893 6.824 6.802 7.629 8.476 9.346 10.237 11.149 12.083 13.039 14.016 15.014 16.034 17.076 18.106 19.001 19.933 20.901 21.906 22.947 24.024 25.138 26.288 27.475 28.699 29.958 30.550 29.194
4.285 4.127 3.969 3.847 3.726 3.607 3.489 3.373 3.259 3.145 3.034 2.923 3.115 3.455 3.807 4.169 4.541 4.925 5.320 5.725 6.141 6.567 7.001 7.443 7.557 7.547 7.539 7.532 7.526 7.521 7.517 7.515 7.515 7.515 7.517 7.521 7.498 7.463 7.421 7.371 7.314 7.250 7.179 7.100 7.014 6.921 6.820 6.712 7.575 8.518 9.483 10.469 11.477 12.507 13.558 14.630 15.724 16.840 17.977 19.129 20.185 21.278 22.408 23.574 24.776 26.015 27.290 28.602 29.950 31.335 32.756 33.730 32.093
3.982 3.862 3.744 3.627 3.511 3.397 3.285 3.174 3.064 2.956 2.850 2.745 2.903 3.281 3.670 4.070 4.480 4.902 5.334 5.778 6.232 6.695 7.167 7.648 7.838 7.834 7.832 7.830 7.830 7.831 7.834 7.837 7.842 7.849 7.857 7.866 7.825 7.758 7.683 7.601 7.512 7.416 7.312 7.201 7.083 6.957 6.824 6.684 7.498 8.537 9.597 10.679 11.782 12.907 14.054 15.222 16.411 17.622 18.854 20.108 21.330 22.584 23.875 25.202 26.566 27.966 29.403 30.875 32.385 33.930 35.513 36.743 34.321
3.745 3.631 3.517 3.406 3.295 3.187 3.079 2.973 2.869 2.766 2.665 2.565 2.681 3.097 3.524 3.961 4.410 4.869 5.339 5.820 6.312 6.814 7.324 7.842 8.118 8.119 8.122 8.127 8.132 8.139 8.148 8.157 8.168 8.181 8.194 8.209 8.160 8.060 7.953 7.839 7.718 7.589 7.453 7.309 7.159 7.001 6.835 6.663 7.398 8.533 9.688 10.866 12.065 13.285 14.526 15.790 17.074 18.381 19.708 21.057 22.436 23.852 25.248 26.511 27.716 28.866 29.958 30.994 31.972 32.895 33.760 34.569 32.553
3.508 3.398 3.290 3.184 3.078 2.975 2.873 2.772 2.673 2.575 2.478 2.384 2.450 2.903 3.368 3.843 4.329 4.826 5.334 5.853 6.382 6.922 7.470 8.027 8.395 8.402 8.411 8.421 8.433 8.446 8.460 8.475 8.492 8.510 8.530 8.550 8.503 8.371 8.231 8.085 7.931 7.770 7.601 7.425 7.242 7.052 6.855 6.650 7.276 8.506 9.757 11.029 12.324 13.709 15.227 16.682 18.072 19.398 20.660 21.859 23.027 24.153 25.222 26.234 27.190 28.089 28.931 29.717 30.445 31.118 31.733 32.292 30.739
3.269 3.165 3.062 2.961 2.860 2.762 2.665 2.569 2.475 2.382 2.291 2.201 2.208 2.700 3.202 3.715 4.239 4.774 5.319 5.876 6.443 7.020 7.607 8.201 8.670 8.684 8.698 8.714 8.732 8.750 8.770 8.792 8.814 8.838 8.863 8.890 8.853 8.688 8.517 8.338 8.151 7.958 7.757 7.549 7.496 7.842 8.098 8.264 9.069 10.624 12.115 13.542 14.905 16.205 17.440 18.612 19.719 20.763 21.743 22.659 23.559 24.434 25.253 26.015 26.721 27.370 27.962 28.498 28.977 29.399 29.765 30.074 28.882
