DATA/SHG/ECMWF/20170628/EN-30/20170630.en-30.asc
ncols        190
nrows        64
xllcorner    -5100000.000000000000
yllcorner    4130000.000000000000
cellsize     10000.000000000000
NODATA_value  -99999.000
[rows 32 to 63 of 64, columns 0 to 72 of 190]
11.479 10.839 10.585 10.351 10.096 9.819 9.521 9.201 8.859 8.495 8.110 7.702 7.274 6.823 6.678 6.535 6.375 6.199 6.006 5.796 5.570 5.327 5.068 4.792 4.500 4.191 4.094 3.994 3.887 3.773 3.652 3.524 3.389 3.247 3.098 2.942 2.779 2.610 2.496 2.382 2.269 2.156 2.044 1.932 1.821 1.710 1.600 1.700 1.899 2.108 2.319 2.490 2.620 2.708 2.756 2.762 2.728 2.652 2.535 2.377 2.178 1.967 2.012 2.061 2.113 2.167 2.224 2.285 2.348 2.414 2.483 2.555 2.630
13.716 12.855 12.417 12.107 11.776 11.422 11.048 10.651 10.233 9.793 9.331 8.848 8.343 7.817 7.558 7.357 7.139 6.905 6.654 6.386 6.102 5.801 5.484 5.150 4.800 4.433 4.273 4.148 4.017 3.879 3.733 3.581 3.421 3.255 3.082 2.902 2.714 2.520 2.397 2.285 2.398 2.573 2.754 2.943 3.139 3.342 3.552 3.769 3.993 4.225 4.305 4.333 4.319 4.264 4.169 4.032 3.854 3.636 3.376 3.075 2.733 2.350 2.386 2.445 2.506 2.571 2.638 2.708 2.782 2.858 2.937 3.019 3.104
16.020 14.939 14.270 13.884 13.476 13.047 12.596 12.123 11.629 11.113 10.575 10.016 9.435 8.832 8.455 8.196 7.920 7.627 7.318 6.993 6.651 6.292 5.917 5.525 5.117 4.693 4.459 4.310 4.154 3.991 3.822 3.645 3.461 3.469 3.511 3.572 3.652 3.750 3.910 4.095 4.287 4.486 4.692 4.905 5.126 5.353 5.587 5.829 6.077 6.333 6.329 6.214 6.057 5.859 5.620 5.341 5.020 4.658 4.255 3.812 3.327 2.801 2.756 2.825 2.897 2.971 3.049 3.129 3.212 3.298 3.387 3.479 3.574
18.390 17.089 16.145 15.683 15.199 14.693 14.166 13.617 13.047 12.455 11.841 11.206 10.549 9.870 9.368 9.051 8.717 8.367 8.000 7.616 7.216 6.800 6.367 5.918 5.451 4.974 4.781 4.758 4.754 4.768 4.800 4.852 4.921 5.010 5.117 5.242 5.386 5.549 5.741 5.950 6.167 6.390 6.620 6.858 7.102 7.354 7.613 7.879 8.151 8.431 8.391 8.132 7.833 7.492 7.110 6.688 6.224 5.719 5.174 4.587 3.960 3.291 3.123 3.202 3.284 3.368 3.456 3.546 3.639 3.735 3.835 3.936 4.041
20.826 19.305 18.041 17.503 16.943 16.361 15.758 15.133 14.487 13.819 13.129 12.417 11.684 10.930 10.298 9.923 9.531 9.123 8.694 8.249 7.825 7.422 7.040 6.679 6.340 6.020 5.849 5.891 5.951 6.030 6.127 6.242 6.377 6.530 6.701 6.891 7.099 7.327 7.562 7.796 8.036 8.284 8.539 8.801 9.070 9.346 9.629 9.919 10.216 10.520 10.491 10.090 9.647 9.163 8.639 8.073 7.467 6.819 6.131 5.402 4.631 3.820 3.487 3.576 3.668 3.762 3.860 3.960 4.063 4.169 4.278 4.390 4.505
23.329 21.588 19.959 19.344 18.708 18.051 17.372 16.671 15.948 15.204 14.438 13.617 12.698 11.762 10.905 10.449 10.014 9.600 9.208 8.836 8.485 8.155 7.846 7.558 7.290 7.044 6.897 7.003 7.127 7.270 7.432 7.612 7.811 8.028 8.264 8.518 8.791 9.083 9.374 9.632 9.897 10.169 10.448 10.734 11.027 11.327 11.635 11.949 12.271 12.599 12.629 12.085 11.499 10.873 10.206 9.497 8.748 7.958 7.127 6.255 5.342 4.389 3.848 3.946 4.048 4.153 4.260 4.370 4.484 4.600 4.719 4.841 4.966
25.898 23.938 21.915 21.208 20.440 19.582 18.707 17.814 16.904 15.976 15.031 14.068 13.088 12.091 11.104 10.721 10.359 10.018 9.698 9.399 9.121 8.864 8.628 8.413 8.218 8.045 7.923 8.094 8.283 8.490 8.717 8.961 9.224 9.506 9.806 10.125 10.462 10.818 11.176 11.458 11.747 12.043 12.347 12.657 12.975 13.299 13.631 13.970 14.315 14.668 14.806 14.118 13.390 12.621 11.811 10.960 10.068 9.136 8.162 7.148 6.092 4.996 4.205 4.314 4.425 4.540 4.657 4.778 4.901 5.027 5.262 5.604 5.989
27.623 25.449 23.327 22.241 21.339 20.420 19.483 18.529 17.558 16.569 15.562 14.538 13.497 12.438 11.361 10.971 10.682 10.414 10.167 9.940 9.735 9.551 9.387 9.245 9.123 9.022 8.943 9.164 9.418 9.690 9.980 10.289 10.617 10.963 11.327 11.710 12.112 12.532 12.968 13.274 13.588 13.909 14.236 14.571 14.913 15.262 15.618 15.981 16.351 16.728 17.020 16.190 15.319 14.407 13.455 12.461 11.427 10.352 9.236 8.079 6.881 5.643 4.559 4.701 4.892 5.125 5.401 5.720 6.082 6.487 6.934 7.425 7.958
28.415 26.420 24.476 23.220 22.257 21.276 20.278 19.263 18.230 17.179 16.112 15.026 13.924 12.804 11.666 11.198 10.982 10.786 10.612 10.458 10.326 10.214 10.124 10.054 10.005 9.977 9.970 10.214 10.532 10.868 11.223 11.596 11.988 12.398 12.827 13.274 13.740 14.224 14.727 15.082 15.419 15.764 16.116 16.475 16.842 17.215 17.595 17.982 18.376 18.778 19.186 18.299 17.286 16.232 15.137 14.001 12.600 11.176 9.814 8.515 7.278 6.104 4.994 5.290 5.629 6.011 6.436 6.904 7.414 7.968 8.564 9.203 9.885
29.150 27.333 25.567 24.217 23.192 22.150 21.091 20.014 18.920 17.809 16.680 15.533 14.369 13.188 11.989 11.402 11.259 11.136 11.035 10.954 10.894 10.855 10.837 10.840 10.863 10.908 10.973 11.243 11.625 12.026 12.445 12.882 13.338 13.813 14.306 14.817 15.347 15.896 16.463 16.879 17.241 17.611 17.987 18.370 18.760 19.158 19.562 19.974 20.392 20.326 20.147 18.851 17.332 15.874 14.480 13.147 11.877 10.669 9.524 8.441 7.420 6.462 5.566 5.837 6.325 6.856 7.429 8.045 8.704 9.406 10.150 10.938 11.768
29.828 28.189 26.602 25.232 24.146 23.043 21.922 20.784 19.629 18.456 17.266 16.058 14.833 13.591 12.331 11.584 11.513 11.463 11.434 11.426 11.439 11.473 11.527 11.603 11.699 11.816 11.954 12.251 12.698 13.162 13.646 14.148 14.668 15.207 15.764 16.339 16.934 17.546 18.177 18.667 19.054 19.447 19.394 19.287 19.159 19.012 18.843 18.655 18.446 18.217 17.967 16.986 15.683 14.442 13.264 12.147 11.093 10.102 9.173 8.306 7.501 6.759 6.079 6.343 6.979 7.658 8.379 9.144 9.951 10.801 11.694 12.630 13.608
30.449 28.988 27.579 26.265 25.118 23.953 22.772 21.573 20.356 19.122 17.871 16.602 15.316 14.012 12.691 11.743 11.745 11.768 11.812 11.876 11.962 12.068 12.195 12.343 12.512 12.701 12.912 13.239 13.750 14.279 14.826 15.392 15.976 16.579 17.194 17.510 17.780 18.002 18.178 18.211 18.094 17.957 17.800 17.622 17.424 17.206 16.968 16.709 16.430 16.130 15.811 15.062 13.975 12.950 11.988 11.088 10.250 9.475 8.762 8.111 7.522 6.996 6.532 6.806 7.590 8.418 9.288 10.201 11.156 12.154 13.196 14.279 15.406
31.013 29.731 28.499 27.316 26.108 24.882 23.639 22.379 21.102 19.806 18.494 17.164 15.817 14.452 13.070 11.880 11.955 12.050 12.166 12.303 12.461 12.640 12.840 13.060 13.301 13.564 13.847 14.199 14.681 15.115 15.503 15.844 16.138 16.386 16.586 16.740 16.847 16.907 16.920 16.850 16.663 16.456 16.228 15.980 15.712 15.424 15.115 14.786 14.436 14.067 13.677 13.079 12.208 11.400 10.653 9.969 9.348 8.788 8.291 7.856 7.483 7.173 6.925 7.227 8.160 9.135 10.154 11.215 12.318 13.465 14.654 15.886 17.161
31.521 30.416 29.362 28.360 27.116 25.829 24.525 23.204 21.865 20.509 19.136 17.745 16.336 14.911 13.468 12.007 12.142 12.310 12.498 12.708 12.967 13.315 13.632 13.919 14.176 14.402 14.598 14.778 15.097 15.369 15.594 15.773 15.904 15.989 16.027 16.019 15.963 15.861 15.712 15.511 15.254 14.976 14.679 14.361 14.022 13.664 13.285 12.885 12.466 12.026 11.566 11.037 10.382 9.789 9.259 8.791 8.385 8.042 7.760 7.541 7.384 7.289 7.256 7.606 8.687 9.811 10.978 12.187 13.439 14.733 16.070 17.450 18.873
31.972 31.045 30.169 29.343 28.142 26.795 25.430 24.047 22.647 21.230 19.796 18.344 16.874 15.467 14.210 12.954 13.085 13.448 13.781 14.084 14.356 14.598 14.810 14.991 15.143 15.264 15.354 15.415 15.561 15.671 15.734 15.750 15.719 15.641 15.517 15.346 15.128 14.864 14.552 14.195 13.868 13.520 13.152 12.763 12.355 11.926 11.477 11.008 10.518 10.008 9.478 8.936 8.497 8.120 7.806 7.553 7.363 7.235 7.169 7.166 7.224 7.345 7.528 7.944 9.173 10.445 11.759 13.117 14.516 15.959 17.444 18.972 20.542
32.367 31.617 30.918 30.270 29.187 27.778 26.428 25.169 23.910 22.651 21.394 20.137 18.881 17.625 16.370 15.117 14.926 15.183 15.411 15.608 15.775 15.912 16.018 16.094 16.140 16.156 16.142 16.097 16.074 16.021 15.921 15.775 15.582 15.342 15.055 14.722 14.342 13.915 13.442 12.922 12.503 12.085 11.647 11.189 10.710 10.211 9.692 9.152 8.593 8.013 7.412 6.792 6.553 6.392 6.293 6.256 6.282 6.369 6.519 6.731 7.005 7.341 7.739 8.240 9.617 11.037 12.499 14.004 15.552 17.142 18.775 20.451 22.156
32.855 32.415 32.055 31.775 31.089 29.829 28.571 27.313 26.056 24.799 23.543 22.288 21.034 19.780 18.528 17.276 16.796 16.948 17.071 17.162 17.224 17.255 17.257 17.228 17.168 17.079 16.959 16.809 16.634 16.419 16.157 15.849 15.493 15.091 14.642 14.147 13.605 13.016 12.380 11.698 11.161 10.673 10.165 9.637 9.088 8.519 7.929 7.320 6.690 6.040 5.370 4.679 4.550 4.604 4.721 4.900 5.141 5.444 5.809 6.236 6.725 7.276 7.890 8.565 10.019 11.574 13.003 14.399 15.764 17.097 18.397 19.666 20.903
33.796 33.634 33.552 33.549 33.224 31.967 30.710 29.454 28.199 26.944 25.690 24.437 23.184 21.933 20.682 19.431 18.697 18.744 18.760 18.747 18.703 18.630 18.526 18.391 18.227 18.032 17.807 17.552 17.243 16.865 16.441 15.970 15.453 14.889 14.278 13.620 12.916 12.166 11.368 10.524 9.842 9.284 8.705 8.107 7.488 6.849 6.189 5.510 4.810 4.090 3.350 2.589 2.488 2.758 3.090 3.484 3.940 4.458 5.057 5.780 6.491 7.191 7.879 8.554 9.773 11.123 12.441 13.728 14.982 16.205 17.395 18.554 19.680
34.649 34.764 34.960 35.234 35.357 34.101 32.846 31.592 30.338 29.086 27.834 26.582 25.332 24.082 22.833 21.584 20.627 20.569 20.480 20.362 20.213 20.034 19.825 19.585 19.316 19.016 18.686 18.326 17.899 17.360 16.773 16.140 15.461 14.735 13.962 13.143 12.277 11.364 10.405 9.399 8.544 7.916 7.268 6.599 5.910 5.201 4.472 3.722 2.953 2.163 1.352 0.599 0.791 1.545 2.287 3.017 3.735 4.441 5.135 5.817 6.488 7.146 7.793 8.428 9.462 10.702 11.911 13.087 14.231 15.344 16.424 17.473 18.489
35.413 35.806 36.278 36.830 37.462 36.233 34.979 33.727 32.475 31.224 29.974 28.725 27.476 26.228 24.981 23.734 22.587 22.424 22.230 22.006 21.752 21.468 21.154 20.810 20.435 20.030 19.596 19.131 18.603 17.902 17.153 16.359 15.517 14.629 13.694 12.713 11.685 10.611 9.490 8.322 7.269 6.571 5.853 5.114 4.433 3.949 3.469 2.992 2.518 2.048 1.581 1.117 1.127 1.839 2.540 3.229 3.906 4.571 5.224 5.866 6.495 7.113 7.719 8.312 9.182 10.313 11.411 12.477 13.512 14.514 15.485 16.423 17.330
36.088 36.758 37.507 38.336 39.245 38.361 37.109 35.859 34.609 33.360 32.112 30.864 29.617 28.371 27.125 25.881 24.637 24.308 24.010 23.681 23.322 22.933 22.514 22.064 21.585 21.075 20.535 19.966 19.355 18.492 17.582 16.625 15.622 14.572 13.475 12.332 11.143 9.978 8.911 7.816 6.791 6.306 5.823 5.344 4.868 4.396 3.927 3.461 2.999 2.540 2.084 1.631 1.473 2.145 2.805 3.453 4.089 4.713 5.325 5.926 6.514 7.091 7.656 8.208 8.934 9.954 10.942 11.898 12.823 13.715 14.576 15.405 16.201
36.674 37.621 38.647 39.753 40.938 40.486 39.237 37.988 36.740 35.493 34.246 33.000 31.755 30.511 29.267 28.024 26.782 26.223 25.819 25.386 24.922 24.428 23.904 23.349 22.765 22.151 21.506 20.831 20.126 19.129 18.116 17.147 16.150 15.126 14.073 12.992 11.884 10.747 9.583 8.391 7.177 6.703 6.232 5.764 5.300 4.839 4.381 3.926 3.475 3.028 2.583 2.142 1.831 2.462 3.081 3.688 4.283 4.866 5.437 5.997 6.545 7.080 7.604 8.116 8.715 9.625 10.504 11.350 12.165 12.948 13.698 14.417 15.104
37.171 38.395 39.698 41.080 42.542 42.608 41.361 40.114 38.868 37.622 36.378 35.134 33.890 32.648 31.406 30.165 28.925 28.168 27.659 27.121 26.552 25.953 25.324 24.678 24.042 23.411 22.784 22.163 21.546 20.632 19.593 18.527 17.433 16.311 15.162 13.984 12.778 11.545 10.283 8.994 7.677 7.097 6.637 6.180 5.727 5.278 4.831 4.388 3.948 3.512 3.079 2.649 2.222 2.790 3.368 3.934 4.488 5.031 5.561 6.079 6.586 7.081 7.564 8.035 8.528 9.328 10.097 10.833 11.538 12.211 12.852 13.461 14.038
37.580 39.080 40.660 42.319 44.057 44.727 43.482 42.237 40.992 39.749 38.506 37.264 36.022 34.782 33.542 32.303 30.999 30.013 29.365 28.721 28.081 27.447 26.818 26.193 25.573 24.958 24.348 23.743 23.143 22.234 21.098 19.935 18.744 17.525 16.278 15.003 13.700 12.370 11.011 9.625 8.211 7.487 7.038 6.593 6.151 5.713 5.278 4.846 4.417 3.992 3.570 3.152 2.737 3.129 3.666 4.192 4.705 5.206 5.696 6.173 6.639 7.093 7.535 7.965 8.384 9.061 9.720 10.347 10.942 11.505 12.036 12.536 13.004
37.900 39.677 41.533 43.468 45.483 46.844 45.600 44.357 43.114 41.594 40.015 38.520 37.109 35.782 34.539 33.379 32.304 31.423 30.791 30.163 29.540 28.922 28.309 27.701 27.098 26.499 25.906 25.317 24.733 23.863 22.631 21.370 20.082 18.766 17.422 16.050 14.650 13.223 11.767 10.284 8.773 7.873 7.436 7.002 6.571 6.144 5.720 5.300 4.883 4.469 4.058 3.651 3.247 3.480 3.976 4.460 4.933 5.393 5.842 6.279 6.703 7.117 7.518 7.907 8.285 8.825 9.374 9.891 10.377 10.830 11.252 11.642 12.000
38.132 40.185 42.002 43.700 45.358 46.767 45.144 43.604 42.148 40.776 39.488 38.284 37.163 36.126 35.173 34.304 33.519 32.826 32.210 31.599 30.993 30.391 29.794 29.203 28.616 28.033 27.456 26.884 26.316 25.520 24.190 22.833 21.448 20.034 18.593 17.125 15.628 14.103 12.551 10.971 9.362 8.255 7.829 7.407 6.988 6.572 6.159 5.750 5.344 4.942 4.543 4.147 3.754 3.841 4.297 4.740 5.171 5.591 5.999 6.395 6.779 7.151 7.512 7.860 8.197 8.620 9.059 9.467 9.842 10.224 10.609 10.987 11.359
36.657 38.296 39.895 41.452 42.968 44.444 43.366 42.116 40.951 39.869 38.871 37.957 37.127 36.380 35.717 35.138 34.643 34.222 33.623 33.028 32.438 31.853 31.273 30.697 30.127 29.561 29.000 28.444 27.893 27.204 25.777 24.323 22.841 21.330 19.793 18.227 16.633 15.012 13.362 11.685 9.980 8.634 8.220 7.808 7.401 6.996 6.595 6.197 5.802 5.411 5.023 4.638 4.257 4.214 4.628 5.031 5.422 5.801 6.168 6.523 6.866 7.198 7.501 7.797 8.091 8.439 8.828 9.210 9.585 9.954 10.316 10.672 11.021
34.880 36.378 37.835 39.251 40.626 41.960 41.499 40.540 39.665 38.873 38.165 37.541 37.001 36.544 36.171 35.882 35.676 35.554 35.029 34.451 33.877 33.308 32.744 32.185 31.631 31.081 30.537 29.997 29.462 28.915 27.392 25.840 24.261 22.654 21.019 19.357 17.666 15.948 14.202 12.428 10.626 9.009 8.606 8.206 7.810 7.416 7.026 6.640 6.256 5.876 5.500 5.126 4.756 4.598 4.971 5.287 5.590 5.891 6.190 6.487 6.782 7.076 7.367 7.657 7.945 8.266 8.632 8.991 9.344 9.690 10.030 10.362 10.689
33.150 34.507 35.822 37.097 38.330 39.523 39.544 38.875 38.290 37.788 37.370 37.036 36.785 36.618 36.535 36.535 36.619 36.787 36.428 35.866 35.309 34.757 34.209 33.666 33.129 32.595 32.067 31.544 31.025 30.512 29.033 27.385 25.709 24.005 22.274 20.514 18.727 16.912 15.069 13.198 11.300 9.381 8.989 8.600 8.215 7.833 7.454 7.079 6.683 6.272 5.848 5.410 4.959 4.601 4.901 5.200 5.496 5.791 6.084 6.374 6.663 6.950 7.236 7.519 7.800 8.099 8.442 8.779 9.109 9.433 9.749 10.060 10.364
31.467 32.682 33.856 34.990 36.082 37.134 37.500 37.121 36.825 36.614 36.485 36.441 36.480 36.603 36.809 37.099 37.472 37.929 37.821 37.276 36.735 36.199 35.667 35.141 34.620 34.103 33.591 33.084 32.582 32.084 30.702 28.957 27.184 25.384 23.555 21.699 19.815 17.903 15.964 13.996 12.001 10.006 9.415 9.037 8.647 8.242 7.825 7.394 6.950 6.493 6.022 5.538 5.040 4.530 4.823 5.115 5.405 5.693 5.979 6.264 6.546 6.827 7.106 7.383 7.658 7.938 8.259 8.573 8.881 9.182 9.476 9.764 10.045
29.830 30.904 31.937 32.930 33.881 34.791 35.367 35.278 35.272 35.350 35.512 35.757 36.085 36.497 36.993 37.572 38.235 38.981 39.208 38.678 38.154 37.634 37.119 36.609 36.104 35.603 35.108 34.617 34.131 33.650 32.399 30.557 28.687 26.790 24.830 22.859 20.879 18.890 16.892 14.884 12.867 10.841 9.972 9.548 9.111 8.661 8.197 7.720 7.230 6.727 6.210 5.679 5.136 4.579 4.746 5.031 5.315 5.597 5.877 6.155 6.431 6.706 6.978 7.249 7.517 7.784 8.082 8.374 8.659 8.937 9.209 9.474 9.733
28.240 29.173 30.065 30.916 31.727 32.496 33.146 33.347 33.631 33.998 34.449 34.983 35.601 36.302 37.087 37.955 38.907 39.943 40.587 40.074 39.566 39.063 38.564 38.070 37.582 37.097 36.612 35.998 35.438 34.930 33.823 31.856 29.881 27.896 25.902 23.899 21.886 19.865 17.834 15.793 13.744 11.685 10.542 10.072 9.589 9.093 8.583 8.060 7.523 6.973 6.410 5.834 5.244 4.641 4.671 4.950 5.227 5.503 5.776 6.048 6.318 6.586 6.852 7.116 7.378 7.639 7.912 8.181 8.443 8.699 8.948 9.191 9.427
