DATA/SHG/ECMWF/20170628/EN-30/20170710.en-30.asc
ncols        190
nrows        64
xllcorner    -5100000.000000000000
yllcorner    4130000.000000000000
cellsize     10000.000000000000
NODATA_value  -99999.000
[rows 0 to 32 of 64, columns 73 to 145 of 190]
0.530 0.486 0.440 0.393 0.344 0.293 0.240 0.186 0.143 0.137 0.135 0.135 0.137 0.140 0.144 0.151 0.158 0.168 0.178 0.191 0.207 0.230 0.249 0.266 0.281 0.294 0.306 0.315 0.322 0.328 0.332 0.333 0.375 0.554 0.740 0.931 1.128 1.331 1.540 1.755 1.976 2.202 2.435 2.673 2.884 2.995 3.109 3.226 3.346 3.469 3.595 3.723 3.855 3.989 4.127 4.267 4.380 4.406 4.429 4.450 4.468 4.484 4.497 4.508 4.517 4.523 4.526 4.527 4.664 5.199 5.750 6.318 6.902
0.557 0.507 0.455 0.404 0.355 0.308 0.262 0.217 0.182 0.184 0.188 0.193 0.200 0.209 0.219 0.231 0.244 0.259 0.275 0.293 0.312 0.326 0.336 0.345 0.351 0.356 0.358 0.359 0.358 0.355 0.350 0.343 0.358 0.564 0.776 0.993 1.217 1.446 1.681 1.922 2.169 2.422 2.680 2.945 3.196 3.320 3.448 3.578 3.710 3.846 3.985 4.126 4.271 4.418 4.568 4.721 4.858 4.872 4.885 4.894 4.901 4.906 4.909 4.909 4.906 4.901 4.894 4.884 4.965 5.573 6.198 6.839 7.497
0.564 0.516 0.469 0.424 0.380 0.338 0.297 0.258 0.222 0.230 0.239 0.250 0.263 0.277 0.292 0.309 0.328 0.348 0.370 0.393 0.418 0.424 0.425 0.425 0.423 0.419 0.413 0.405 0.395 0.384 0.370 0.354 0.337 0.567 0.805 1.049 1.299 1.554 1.816 2.083 2.356 2.635 2.920 3.210 3.505 3.643 3.783 3.925 4.071 4.220 4.371 4.526 4.683 4.843 5.006 5.172 5.337 5.341 5.342 5.341 5.337 5.331 5.322 5.311 5.297 5.281 5.263 5.242 5.287 6.016 6.718 7.392 8.039
0.567 0.523 0.482 0.442 0.404 0.367 0.331 0.297 0.265 0.274 0.289 0.305 0.323 0.343 0.364 0.386 0.410 0.436 0.463 0.492 0.522 0.523 0.517 0.508 0.497 0.484 0.470 0.453 0.435 0.414 0.392 0.368 0.342 0.564 0.828 1.098 1.374 1.656 1.943 2.237 2.536 2.841 3.152 3.469 3.792 3.961 4.114 4.270 4.428 4.590 4.754 4.921 5.092 5.265 5.441 5.619 5.801 5.811 5.801 5.811 5.845 5.886 5.932 5.985 6.044 6.108 6.179 6.255 6.338 6.907 7.485 8.036 8.559
0.567 0.530 0.493 0.459 0.425 0.394 0.364 0.335 0.308 0.317 0.337 0.359 0.382 0.407 0.434 0.462 0.491 0.522 0.555 0.589 0.625 0.625 0.610 0.592 0.573 0.552 0.529 0.504 0.476 0.447 0.417 0.384 0.349 0.554 0.844 1.141 1.443 1.751 2.064 2.384 2.709 3.041 3.378 3.721 4.070 4.276 4.442 4.610 4.782 4.956 5.144 5.347 5.556 5.772 5.993 6.221 6.455 6.539 6.588 6.643 6.704 6.772 6.845 6.924 7.009 7.100 7.198 7.301 7.410 7.824 8.279 8.706 9.106
0.567 0.534 0.503 0.474 0.446 0.420 0.395 0.371 0.350 0.359 0.384 0.411 0.440 0.470 0.502 0.536 0.570 0.607 0.645 0.685 0.726 0.729 0.705 0.679 0.651 0.621 0.590 0.556 0.520 0.483 0.443 0.402 0.358 0.538 0.854 1.177 1.505 1.839 2.179 2.525 2.876 3.251 3.635 4.013 4.385 4.639 4.839 5.044 5.256 5.474 5.699 5.930 6.167 6.410 6.660 6.915 7.178 7.311 7.386 7.468 7.556 7.650 7.750 7.856 7.967 8.085 8.209 8.339 8.475 8.767 9.099 9.403 9.679
0.565 0.537 0.512 0.488 0.465 0.444 0.424 0.406 0.390 0.398 0.429 0.462 0.496 0.532 0.569 0.608 0.648 0.690 0.734 0.779 0.825 0.835 0.803 0.768 0.731 0.693 0.653 0.610 0.566 0.520 0.472 0.422 0.420 0.640 1.044 1.442 1.834 2.221 2.602 2.977 3.347 3.710 4.069 4.421 4.768 5.046 5.274 5.507 5.747 5.993 6.246 6.505 6.770 7.041 7.318 7.602 7.892 8.075 8.178 8.286 8.400 8.521 8.647 8.780 8.918 9.062 9.213 9.369 9.532 9.736 9.945 10.126 10.279
0.561 0.539 0.519 0.500 0.483 0.467 0.453 0.440 0.429 0.437 0.473 0.511 0.551 0.592 0.635 0.679 0.725 0.772 0.821 0.871 0.923 0.943 0.902 0.881 0.876 0.879 0.890 0.909 0.935 0.970 1.012 1.062 1.121 1.307 1.686 2.058 2.425 2.786 3.142 3.492 3.836 4.175 4.508 4.835 5.157 5.446 5.701 5.963 6.231 6.505 6.785 7.072 7.365 7.664 7.970 8.281 8.599 8.832 8.962 9.097 9.238 9.385 9.538 9.696 9.861 10.032 10.209 10.392 10.581 10.732 10.818 10.876 10.906
0.556 0.540 0.525 0.511 0.499 0.488 0.479 0.472 0.466 0.474 0.516 0.559 0.604 0.650 0.699 0.755 0.838 0.920 1.001 1.081 1.160 1.220 1.234 1.256 1.287 1.325 1.371 1.424 1.486 1.556 1.633 1.719 1.812 1.979 2.332 2.680 3.021 3.357 3.688 4.012 4.331 4.645 4.952 5.254 5.551 5.839 6.122 6.411 6.707 7.009 7.318 7.632 7.953 8.280 8.613 8.953 9.299 9.583 9.738 9.900 10.067 10.241 10.420 10.606 10.797 10.995 11.198 11.408 11.623 11.754 11.716 11.651 11.559
0.550 0.539 0.529 0.521 0.514 0.509 0.505 0.503 0.515 0.564 0.649 0.734 0.818 0.900 0.981 1.062 1.141 1.219 1.296 1.372 1.447 1.515 1.565 1.622 1.687 1.761 1.842 1.931 2.027 2.132 2.245 2.365 2.493 2.657 2.984 3.306 3.623 3.934 4.239 4.538 4.832 5.120 5.402 5.679 5.950 6.224 6.535 6.852 7.176 7.506 7.842 8.185 8.534 8.888 9.250 9.617 9.991 10.325 10.507 10.696 10.890 11.090 11.296 11.508 11.726 11.950 12.180 12.416 12.658 12.801 12.641 12.454 12.238
0.542 0.550 0.577 0.609 0.646 0.687 0.732 0.781 0.835 0.894 0.976 1.056 1.136 1.215 1.292 1.369 1.445 1.519 1.592 1.665 1.736 1.802 1.886 1.978 2.079 2.187 2.303 2.427 2.559 2.699 2.846 3.002 3.165 3.339 3.642 3.938 4.230 4.515 4.795 5.069 5.338 5.600 5.858 6.109 6.355 6.602 6.941 7.286 7.638 7.996 8.360 8.730 9.107 9.489 9.879 10.274 10.676 11.061 11.270 11.484 11.705 11.931 12.164 12.402 12.647 12.897 13.154 13.416 13.685 13.875 13.592 13.282 12.944
0.720 0.759 0.802 0.849 0.901 0.957 1.017 1.082 1.151 1.224 1.302 1.379 1.455 1.530 1.604 1.677 1.749 1.819 1.889 1.957 2.025 2.087 2.198 2.325 2.461 2.604 2.755 2.914 3.081 3.256 3.439 3.629 3.828 4.034 4.304 4.576 4.842 5.102 5.356 5.605 5.849 6.086 6.318 6.545 6.765 6.980 7.339 7.713 8.092 8.478 8.870 9.268 9.672 10.083 10.500 10.923 11.353 11.788 12.024 12.266 12.513 12.766 13.025 13.290 13.561 13.838 14.121 14.409 14.619 14.684 14.138 13.611 13.103
0.910 0.964 1.022 1.085 1.151 1.223 1.298 1.378 1.462 1.551 1.629 1.703 1.775 1.846 1.916 1.985 2.053 2.120 2.186 2.250 2.314 2.372 2.500 2.663 2.833 3.012 3.198 3.392 3.594 3.804 4.021 4.247 4.480 4.721 4.972 5.218 5.459 5.694 5.923 6.147 6.365 6.578 6.784 6.986 7.181 7.371 7.731 8.132 8.539 8.953 9.372 9.798 10.231 10.669 11.114 11.565 12.022 12.486 12.772 13.031 13.259 13.458 13.627 13.766 13.875 13.954 14.003 14.023 14.013 13.973 13.539 13.097 12.673
1.096 1.165 1.238 1.316 1.398 1.484 1.575 1.670 1.769 1.873 1.957 2.027 2.095 2.162 2.229 2.294 2.358 2.421 2.483 2.544 2.604 2.658 2.793 2.991 3.197 3.410 3.631 3.860 4.097 4.342 4.595 4.855 5.123 5.399 5.644 5.866 6.081 6.291 6.495 6.694 6.887 7.074 7.256 7.432 7.602 7.767 8.115 8.544 8.979 9.420 9.932 10.494 11.030 11.539 12.023 12.480 12.910 13.315 13.522 13.648 13.744 13.810 13.846 13.852 13.829 13.776 13.692 13.580 13.437 13.265 12.922 12.564 12.226
1.277 1.361 1.449 1.542 1.639 1.741 1.847 1.957 2.072 2.191 2.285 2.351 2.416 2.479 2.542 2.603 2.664 2.723 2.781 2.838 2.894 2.945 3.077 3.310 3.550 3.799 4.055 4.319 4.591 4.871 5.158 5.454 5.757 6.068 6.322 6.518 6.709 6.894 7.073 7.246 7.414 7.629 7.925 8.263 8.643 9.064 9.586 10.137 10.660 11.158 11.629 12.075 12.494 12.887 13.253 13.594 13.908 14.196 14.302 14.295 14.258 14.191 14.095 13.969 13.813 13.628 13.412 13.167 12.892 12.587 12.287 12.014 11.760
1.453 1.553 1.656 1.764 1.877 1.993 2.114 2.240 2.370 2.504 2.614 2.676 2.737 2.797 2.855 2.913 2.970 3.025 3.080 3.133 3.185 3.232 3.352 3.619 3.895 4.178 4.469 4.768 5.075 5.390 5.712 6.043 6.348 6.620 6.842 7.032 7.263 7.536 7.851 8.208 8.607 9.047 9.529 10.053 10.618 11.225 11.776 12.209 12.616 12.997 13.352 13.681 13.983 14.259 14.509 14.733 14.931 15.102 15.110 14.971 14.802 14.603 14.374 14.116 13.828 13.510 13.162 12.785 12.377 11.940 11.635 11.446 11.276
1.626 1.740 1.859 1.982 2.110 2.242 2.378 2.518 2.663 2.812 2.943 3.001 3.058 3.114 3.169 3.223 3.276 3.328 3.379 3.428 3.477 3.520 3.617 3.927 4.237 4.539 4.833 5.118 5.395 5.663 5.923 6.174 6.416 6.651 6.913 7.289 7.706 8.165 8.666 9.208 9.792 10.418 11.086 11.795 12.546 13.339 13.990 14.307 14.597 14.862 15.100 15.312 15.498 15.658 15.791 15.899 15.980 16.035 15.949 15.677 15.376 15.044 14.683 14.293 13.872 13.422 12.942 12.433 11.893 11.324 10.964 10.859 10.773
1.794 1.923 2.057 2.196 2.338 2.485 2.637 2.792 2.952 3.117 3.273 3.327 3.381 3.433 3.484 3.534 3.583 3.641 3.708 3.784 3.869 3.956 4.063 4.344 4.617 4.881 5.137 5.384 5.623 5.854 6.075 6.289 6.494 6.690 6.938 7.500 8.103 8.747 9.434 10.162 10.931 11.743 12.596 13.491 14.427 15.405 16.229 16.429 16.603 16.751 16.873 16.968 17.038 17.081 17.098 17.089 17.054 16.993 16.817 16.413 15.979 15.516 15.023 14.500 13.947 13.365 12.753 12.111 11.440 10.739 10.275 10.254 10.253
1.957 2.102 2.251 2.405 2.562 2.725 2.891 3.062 3.234 3.389 3.534 3.572 3.616 3.669 3.732 3.803 3.883 3.972 4.070 4.177 4.293 4.411 4.529 4.770 5.005 5.232 5.450 5.659 5.861 6.053 6.238 6.413 6.581 6.739 6.918 7.665 8.453 9.283 10.155 11.069 12.024 13.020 14.059 15.139 16.261 17.424 18.492 18.576 18.634 18.665 18.671 18.650 18.603 18.530 18.431 18.306 18.154 17.977 17.714 17.178 16.612 16.017 15.391 14.737 14.052 13.338 12.594 11.820 11.017 10.184 9.568 9.632 9.715
2.117 2.287 2.477 2.658 2.828 2.988 3.138 3.278 3.407 3.526 3.636 3.708 3.784 3.868 3.961 4.064 4.175 4.295 4.424 4.561 4.708 4.857 5.007 5.205 5.402 5.591 5.772 5.944 6.107 6.262 6.409 6.547 6.677 6.798 6.910 7.784 8.758 9.773 10.831 11.929 13.070 14.251 15.475 16.740 18.047 19.395 20.781 20.748 20.689 20.604 20.494 20.356 20.193 20.004 19.789 19.547 19.280 18.986 18.641 17.973 17.275 16.547 15.790 15.003 14.187 13.341 12.465 11.560 10.624 9.660 8.843 8.991 9.158
2.552 2.718 2.873 3.018 3.152 3.277 3.391 3.495 3.589 3.673 3.747 3.837 3.943 4.058 4.183 4.316 4.458 4.609 4.769 4.937 5.115 5.295 5.476 5.649 5.808 5.960 6.102 6.237 6.363 6.480 6.589 6.689 6.782 6.865 6.940 7.858 9.017 10.217 11.460 12.743 14.069 15.436 16.844 18.295 19.786 21.320 22.895 22.945 22.770 22.569 22.341 22.088 21.809 21.504 21.172 20.814 20.431 20.021 19.585 18.797 17.967 17.108 16.219 15.300 14.352 13.374 12.366 11.329 10.262 9.349 8.790 9.403 9.950
3.028 3.158 3.277 3.387 3.486 3.575 3.654 3.722 3.781 3.829 3.867 3.957 4.094 4.240 4.396 4.560 4.733 4.914 5.105 5.305 5.513 5.725 5.937 6.101 6.223 6.337 6.442 6.539 6.627 6.707 6.778 6.841 6.896 6.942 6.979 7.885 9.229 10.615 12.042 13.511 15.022 16.574 18.167 19.802 21.479 23.197 24.957 25.166 24.875 24.558 24.214 23.845 23.450 23.028 22.581 22.107 21.607 21.082 20.530 19.651 18.647 17.635 16.710 15.873 15.123 14.460 13.884 13.395 12.994 12.680 12.454 12.738 12.992
3.512 3.607 3.691 3.764 3.828 3.882 3.925 3.958 3.981 3.994 3.997 4.068 4.237 4.414 4.600 4.795 4.999 5.212 5.433 5.664 5.903 6.145 6.389 6.563 6.647 6.723 6.791 6.850 6.901 6.943 6.977 7.002 7.019 7.028 7.028 7.867 9.396 10.967 12.579 14.233 15.928 17.665 19.443 21.263 23.124 25.027 26.971 27.412 27.005 26.572 26.112 25.475 24.610 23.767 22.947 22.149 21.375 20.622 19.893 19.124 18.411 17.785 17.247 16.796 16.432 16.155 15.966 15.863 15.848 15.920 16.080 16.135 16.096
4.006 4.064 4.113 4.151 4.180 4.198 4.206 4.203 4.191 4.168 4.135 4.172 4.371 4.579 4.796 5.022 5.257 5.500 5.753 6.014 6.284 6.558 6.833 7.033 7.080 7.118 7.149 7.170 7.183 7.188 7.184 7.172 7.151 7.122 7.085 7.804 9.517 11.273 13.070 14.908 16.788 18.709 20.578 22.259 23.867 25.401 26.862 27.058 26.202 25.370 24.559 23.772 23.007 22.264 21.545 20.847 20.173 19.521 18.891 18.412 18.086 17.847 17.694 17.629 17.652 17.761 17.957 18.241 18.611 19.069 19.614 19.592 19.260
4.508 4.531 4.544 4.547 4.540 4.523 4.495 4.457 4.410 4.351 4.283 4.267 4.497 4.736 4.984 5.241 5.506 5.781 6.064 6.356 6.657 6.961 7.267 7.512 7.522 7.523 7.515 7.499 7.475 7.442 7.401 7.351 7.293 7.282 7.382 8.085 9.954 11.749 13.472 15.121 16.697 18.200 19.630 20.987 22.271 23.481 24.618 24.932 24.177 23.445 22.735 22.047 21.383 20.740 20.121 19.524 18.949 18.398 17.868 17.613 17.672 17.819 18.053 18.374 18.781 19.276 19.858 20.528 21.284 22.127 23.057 23.110 22.486
5.019 5.007 4.985 4.952 4.909 4.857 4.794 4.721 4.637 4.544 4.440 4.354 4.615 4.884 5.163 5.451 5.747 6.052 6.366 6.689 7.021 7.357 7.694 8.001 7.947 7.878 7.846 7.851 7.894 7.973 8.090 8.244 8.435 8.664 8.930 9.485 11.029 12.501 13.899 15.224 16.476 17.656 18.762 19.794 20.754 21.641 22.455 22.786 22.131 21.499 20.889 20.302 19.737 19.195 18.676 18.179 17.704 17.253 16.823 16.725 17.170 17.703 18.322 19.028 19.822 20.702 21.669 22.724 23.865 25.094 26.409 26.689 25.773
5.539 5.491 5.434 5.366 5.288 5.200 5.101 4.993 4.874 4.745 4.607 4.458 4.724 5.025 5.334 5.652 5.974 6.259 6.532 6.792 7.039 7.279 7.513 7.737 7.801 7.896 8.030 8.200 8.408 8.652 8.934 9.254 9.610 10.003 10.434 10.962 12.182 13.330 14.404 15.406 16.334 17.190 17.972 18.681 19.318 19.881 20.371 20.619 20.064 19.532 19.022 18.535 18.070 17.628 17.209 16.812 16.438 16.086 15.757 15.749 16.580 17.497 18.502 19.594 20.772 22.038 23.390 24.830 26.356 27.970 29.670 30.329 29.121
6.068 5.985 5.892 5.789 5.675 5.552 5.418 5.274 5.120 4.957 4.792 4.625 4.839 5.130 5.409 5.675 5.930 6.172 6.402 6.619 6.824 7.021 7.212 7.393 7.612 7.873 8.171 8.507 8.880 9.289 9.736 10.221 10.742 11.300 11.896 12.529 13.413 14.237 14.988 15.666 16.271 16.803 17.262 17.648 17.961 18.201 18.368 18.430 17.976 17.543 17.134 16.747 16.382 16.040 15.721 15.424 15.149 14.897 14.668 14.685 15.901 17.204 18.593 20.070 21.634 23.284 25.022 26.846 28.757 30.755 32.840 34.029 32.530
6.606 6.487 6.353 6.199 6.043 5.883 5.719 5.553 5.384 5.211 5.035 4.856 4.976 5.224 5.461 5.685 5.896 6.096 6.283 6.457 6.620 6.774 6.922 7.060 7.382 7.808 8.272 8.772 9.310 9.884 10.496 11.145 11.831 12.555 13.315 14.113 14.722 15.222 15.650 16.004 16.286 16.495 16.630 16.693 16.683 16.600 16.444 16.215 15.866 15.534 15.225 14.937 14.673 14.431 14.211 14.014 13.839 13.687 13.558 13.533 15.134 16.821 18.596 20.457 22.406 24.441 26.563 28.771 31.067 33.449 35.919 37.791 36.000
7.007 6.849 6.687 6.522 6.354 6.183 6.009 5.832 5.651 5.467 5.280 5.090 5.124 5.330 5.523 5.705 5.874 6.031 6.175 6.307 6.427 6.539 6.643 6.738 7.111 7.702 8.330 8.995 9.698 10.437 11.214 12.027 12.878 13.766 14.691 15.654 16.108 16.285 16.390 16.421 16.380 16.265 16.078 15.818 15.485 15.079 14.601 14.049 13.736 13.504 13.294 13.107 12.942 12.800 12.680 12.583 12.508 12.456 12.426 12.419 14.278 16.351 18.510 20.756 23.089 25.508 28.014 30.607 33.287 36.053 38.907 41.377 38.755
7.366 7.196 7.024 6.848 6.669 6.487 6.301 6.113 5.921 5.726 5.528 5.327 5.283 5.446 5.597 5.736 5.863 5.977 6.079 6.168 6.246 6.314 6.376 6.428 6.798 7.554 8.347 9.177 10.044 10.948 11.889 12.868 13.883 14.936 16.025 17.152 17.572 17.426 17.207 16.916 16.552 16.115 15.605 15.022 14.367 13.638 12.837 11.963 11.585 11.452 11.342 11.255 11.190 11.147 11.128 11.130 11.155 11.202 11.272 11.365 13.335 15.792 18.363 20.972 23.513 25.987 28.393 30.731 33.001 35.204 37.339 39.406 37.266
7.727 7.547 7.363 7.176 6.986 6.793 6.596 6.397 6.194 5.988 5.779 5.567 5.453 5.574 5.682 5.778 5.862 5.934 5.993 6.040 6.075 6.101 6.120 6.129 6.444 7.364 8.322 9.316 10.348 11.417 12.523 13.665 14.845 16.062 17.317 18.608 19.113 18.644 18.103 17.489 16.802 16.043 15.210 14.305 13.327 12.276 11.153 9.957 9.413 9.380 9.370 9.382 9.417 9.634 10.205 10.721 11.184 11.592 11.947 12.247 14.093 16.539 18.917 21.227 23.470 25.645 27.752 29.792 31.764 33.668 35.505 37.274 35.737
8.091 7.900 7.705 7.507 7.306 7.101 6.894 6.683 6.469 6.252 6.032 5.809 5.634 5.712 5.778 5.832 5.873 5.902 5.919 5.924 5.916 5.899 5.875 5.841 6.048 7.133 8.255 9.414 10.610 11.844 13.114 14.421 15.765 17.147 18.565 20.021 20.731 19.940 19.077 18.140 17.131 16.049 14.894 13.667 12.497 11.713 11.001 10.362 10.354 10.955 11.502 11.996 12.435 12.821 13.152 13.429 13.653 13.822 13.938 13.999 15.311 17.459 19.538 21.550 23.495 25.371 27.180 28.922 30.596 32.202 33.740 35.211 34.166
