DATA/RAW-RASTER/ECMWF/20170628/EN-46/20170708.en-46.asc
ncols			31
nrows			16
xllcorner		69.5
yllcorner		19.5
cellsize		1.0
NODATA_value	-99999
0.08392 0.06866 1.96838 0.45013 5.50842 2.51007 3.47900 0.28229 0.19836 0.00000 0.02289 0.12970 0.21362 0.23651 0.20599 0.77057 2.91443 1.19019 4.11224 10.13184 6.25610 0.91553 0.88501 3.53241 7.41577 12.78687 12.64191 6.27899 7.66754 7.62177 10.50568
0.12207 0.43488 0.00000 0.19836 1.61743 0.24414 0.00000 0.01526 0.00763 0.01526 0.01526 0.00000 0.01526 0.09918 0.28992 0.41199 0.77820 1.57166 9.64355 3.44849 5.79071 3.35693 12.58087 14.16016 10.09369 9.62830 6.68335 15.38849 8.25500 16.67786 6.86646
0.00000 0.25177 0.65613 1.67084 0.00000 0.79346 0.06104 0.01526 0.00000 0.00000 0.00000 0.00000 0.00000 0.00000 0.46539 0.20599 1.20544 4.59290 6.30188 5.91278 5.90515 13.31329 17.13562 14.70947 8.34656 8.09479 8.06427 6.28662 8.86536 1.82343 5.55420
1.41144 0.52643 0.16785 1.18256 2.27356 3.66211 0.27466 14.25171 0.00000 0.00000 0.00000 0.00000 0.01526 0.42725 0.35858 0.71716 4.17328 9.63593 11.36780 11.98578 10.04028 12.52747 13.93127 3.66211 1.67084 0.12207 7.28607 6.50787 13.33618 15.01465 5.85175
3.05939 0.00000 0.31281 0.01526 0.70190 3.84521 1.99127 0.16022 0.13733 0.15259 0.01526 0.50354 0.65613 1.30463 0.79346 0.63324 5.42450 15.65552 17.73071 12.60376 10.22339 11.93237 1.61743 1.01471 2.44904 1.67847 0.68665 2.06757 21.05713 9.28497 16.02936
2.76184 0.00000 0.00000 0.00000 0.10681 1.09100 2.58636 2.05231 1.42670 7.99561 6.70624 1.74713 3.60107 0.67902 3.12805 10.43701 12.98523 16.34979 26.58081 8.86536 2.20490 8.75854 5.05829 11.19995 5.24139 9.58252 1.87683 1.17493 10.23102 7.37762 18.10455
0.00000 0.01526 0.01526 0.00000 0.03815 0.37384 0.73242 0.17548 1.24359 4.07410 4.37927 14.03809 4.87518 6.99615 1.98364 10.36835 13.77106 9.37653 3.98254 2.77710 5.45502 3.39508 2.11334 6.44684 27.65656 37.17804 10.83374 9.26208 8.23212 6.51550 11.31439
0.00000 0.00000 0.00000 0.00000 0.09155 0.19073 0.05341 0.17548 0.29755 3.24249 5.02777 5.19562 11.00922 9.91058 29.66309 29.72412 11.60431 1.99890 2.23541 7.28607 11.84845 14.78577 8.02612 36.00311 84.65576 53.85590 133.00323 23.50616 33.20312 6.14929 17.47131
0.00000 0.00000 0.00000 0.00000 0.00000 0.00000 0.11444 0.01526 0.00763 0.65613 2.62451 6.10352 13.96942 20.00427 13.74054 31.84509 18.02826 12.22229 20.88165 61.30219 53.97797 81.26831 56.12183 72.86835 50.59814 9.76562 114.53247 35.62164 15.64789 5.93567 12.54272
0.04578 0.24414 0.11444 1.48010 1.06049 0.04578 0.76294 1.15204 0.06866 0.00000 0.58746 2.48718 9.98688 12.81738 14.27460 12.13074 14.22119 22.36176 16.28876 18.40210 19.51599 20.82825 90.58380 24.94812 3.52478 47.90497 33.05817 68.29071 23.61298 12.07733 6.45447
0.34332 0.92316 0.82397 1.33514 0.01526 0.03815 0.02289 1.14441 1.26648 0.32043 0.17548 0.12207 1.80817 4.77600 2.22778 11.29913 12.43591 12.17651 16.18958 19.99664 24.37592 25.94757 108.48999 6.46210 10.10895 10.58960 11.29150 14.69421 20.76721 9.68933 20.91217
0.95367 0.42725 0.97656 1.73187 1.27411 1.64795 0.25940 0.67139 0.64087 0.80109 0.06866 0.38147 1.60217 6.30188 6.58417 6.40869 9.35364 15.56396 12.36725 18.61572 19.24133 14.44244 0.51880 0.45776 5.36346 4.00543 3.00598 11.75690 15.11383 14.67133 16.83807
0.53406 1.50299 1.18256 1.14441 2.57874 4.40979 2.75421 0.91553 0.37384 0.86975 1.02997 0.63324 2.25830 10.22339 7.56073 19.09637 10.42175 13.94653 30.73883 11.38306 25.97046 10.97107 2.04468 3.74603 10.87952 1.27411 6.05011 12.92419 12.45117 29.65546 17.66205
1.59454 2.54822 2.34985 2.87628 2.31171 0.27466 0.46539 6.52313 4.16565 0.39673 0.18311 1.63269 11.19232 16.51764 20.43915 12.96234 12.00104 22.84241 19.51599 20.03479 12.80975 15.95306 10.42938 5.39398 4.95148 2.95258 1.58691 6.72913 27.97699 18.39447 26.74103
2.57111 2.24304 3.60870 10.84137 3.90625 4.62341 0.13733 1.48773 5.18036 0.62561 3.55530 16.15906 16.67786 6.11115 14.59503 17.01355 6.79779 13.97705 9.85718 12.35199 6.65283 10.24628 25.45166 7.21741 0.96130 1.72424 1.38092 4.25720 14.75525 10.69641 19.94324
2.07520 2.72369 8.72803 27.43530 2.22778 2.86102 4.40216 6.63757 10.60486 25.26093 19.32526 20.69092 34.45435 35.50720 19.73724 41.46576 17.17377 26.33667 11.89423 5.69916 6.65283 13.00812 17.50946 28.22113 25.96283 13.87787 9.77325 5.66101 12.64191 6.43158 7.32422
