DATA/RAW-RASTER/ECMWF/20170628/EN-46/20170705.en-46.asc
ncols			31
nrows			16
xllcorner		69.5
yllcorner		19.5
cellsize		1.0
NODATA_value	-99999
3.51715 0.41962 12.05444 5.59998 6.30188 2.15149 9.08661 3.25775 1.26648 0.05341 2.43378 2.93732 4.98199 4.04358 4.86755 13.32855 11.41357 6.49261 5.09644 9.42993 7.48444 15.22827 9.78088 6.59943 0.53406 0.70953 1.98364 1.73950 3.18909 7.58362 3.49426
0.16785 0.76294 11.28387 8.07953 3.66211 2.27356 1.50299 0.48828 0.99945 1.02234 3.40271 6.30188 8.95691 7.70569 18.05878 12.04681 11.37543 8.19397 4.05884 5.89752 10.39124 5.87463 3.38745 0.95367 3.70789 4.97437 2.41089 7.01904 8.41522 12.86316 7.11060
0.38910 7.08008 7.21741 9.65118 15.34271 12.12311 7.01141 1.11389 2.38800 2.31171 6.03485 11.94000 12.87079 11.48987 6.97327 4.18854 2.12860 3.27301 2.28882 2.31934 8.38470 9.01031 5.62286 6.53076 9.17053 8.61359 5.32532 4.82941 12.65717 11.81793 10.17761
3.50189 6.38580 8.51440 10.86426 10.28442 3.89862 1.80817 8.27789 9.32312 3.73840 7.22504 1.79291 1.93787 2.15912 0.96893 0.82397 1.83868 1.50299 1.08337 8.27026 2.88391 9.68933 11.07788 17.90619 12.68768 3.50952 2.89917 6.02722 14.61029 12.06970 19.40918
11.52039 5.72205 11.70349 22.20917 40.78674 2.61688 1.65558 27.75574 12.34436 14.17542 0.86212 2.97546 2.38037 1.30463 2.89917 0.43488 1.99890 1.33514 3.33405 6.16455 7.56073 3.66974 7.91168 3.79181 3.65448 3.15094 1.69373 1.84631 4.05121 15.83099 23.19336
3.25012 0.00000 1.27411 1.51062 4.46320 1.73950 1.73950 5.02014 41.56494 42.19055 10.05554 24.81079 5.18799 2.39563 1.99890 6.81305 4.18854 4.01306 7.08008 6.36292 4.76837 4.18091 6.05774 9.65118 8.80432 12.71057 6.81305 0.21362 1.85394 2.34985 3.50189
0.00000 0.00000 0.03052 0.80109 1.15967 4.01306 3.41797 9.40704 9.82666 7.56073 43.19000 123.68774 11.91711 18.62335 1.10626 1.80817 1.08337 5.54657 1.08337 2.97546 6.72150 3.82233 3.10516 9.40704 18.55469 39.64233 23.12469 10.41412 1.59454 1.02234 5.26428
0.00000 0.00000 0.00000 0.38147 1.27411 3.14331 10.87952 15.19012 38.90228 10.74219 2.75421 8.47626 17.60864 46.71478 12.38251 16.51001 8.62122 0.93842 1.52588 11.74164 7.09534 10.66589 8.20923 19.70673 30.33447 46.24176 71.78497 19.12689 26.35956 4.03595 3.10516
0.00000 0.00000 0.00000 0.32043 1.73950 3.92151 7.04193 19.61517 28.21350 11.29150 18.69202 3.62396 4.21906 8.41522 15.15961 8.75854 15.53345 8.46863 38.46741 74.99695 5.45502 68.58826 52.65808 46.82159 12.69531 34.04999 13.09967 84.67102 29.87671 4.45557 3.02887
0.13733 0.09155 0.00763 0.08392 0.58746 1.67084 14.12964 27.21405 22.43042 5.87463 2.06757 2.59399 0.96893 3.69263 14.80103 11.00159 9.79614 16.60919 6.07300 7.06482 16.17432 34.22546 41.47339 9.99451 34.61456 32.11975 19.53125 3.53241 35.72845 1.41907 1.17493
0.27466 0.43488 0.41962 0.12207 0.01526 1.88446 83.22144 35.42328 6.54602 3.50189 1.12915 1.57166 4.87518 0.42725 1.19019 0.77820 8.83484 38.10883 4.59290 12.84027 31.39496 36.30066 90.30914 15.68604 58.77686 18.07404 2.20490 4.02832 23.13232 1.67847 0.92316
0.22888 0.58746 0.57983 1.24359 0.73242 0.54169 0.67902 1.98364 1.91498 1.10626 1.39618 1.02997 1.28174 0.64850 1.83868 0.19836 3.06702 0.57220 12.55035 27.45056 64.93378 48.97308 8.33130 5.23376 42.96112 1.12152 1.04523 2.21252 1.80054 14.99176 2.29645
0.46539 0.96130 0.29755 1.12915 0.35858 1.11389 1.26648 1.09863 0.17548 0.35095 0.47302 3.47137 3.87573 2.43378 2.11334 0.43488 0.77057 3.28827 3.23486 18.79120 74.08905 5.58472 5.40924 4.95148 12.22229 1.45721 0.25177 2.14386 3.79944 2.24304 0.20599
1.86157 1.99890 0.43488 1.63269 2.84576 1.25122 0.21362 1.25122 0.29755 1.04523 1.25885 2.36511 0.31281 0.26703 0.14496 0.98419 1.68610 0.92316 20.82062 27.93884 4.71497 11.59668 9.93347 14.50348 2.51770 3.37219 1.43433 0.48065 3.25012 4.82178 1.95312
2.18201 1.90735 1.06049 3.82996 2.33459 2.61688 0.90027 1.67084 0.44250 0.02289 0.31281 0.09918 0.14496 0.53406 0.09155 0.18311 0.04578 0.00000 4.60815 8.97217 11.71875 24.14703 30.08270 28.30505 2.49481 4.96674 0.68665 1.09100 0.61798 5.50079 13.82446
1.48773 3.12042 3.04413 7.45392 1.06812 1.78528 1.09100 1.57928 0.34332 0.81635 2.50244 2.08282 1.83105 2.03705 0.90027 0.74768 7.32422 1.33514 4.27246 4.45557 11.21521 10.71930 18.98193 25.04730 27.70996 3.70026 11.25336 0.67139 1.52588 0.74005 0.69427
