DATA/RAW-RASTER/ECMWF/20170628/EN-46/20170712.en-46.asc
ncols			31
nrows			16
xllcorner		69.5
yllcorner		19.5
cellsize		1.0
NODATA_value	-99999
0.59509 8.05664 4.19617 4.80652 3.11279 3.95203 2.48718 0.90027 0.03052 0.09155 2.19727 4.56238 2.05994 7.06482 13.53455 4.85229 1.34277 1.15967 1.03760 1.37329 1.19019 0.50354 0.15259 0.15259 0.09155 0.03052 0.41199 1.00708 1.00708 1.87683 0.36621
0.53406 2.53296 10.29968 13.76343 9.67407 1.63269 1.60217 1.83105 1.44958 0.54932 0.65613 1.06812 0.97656 6.27136 8.57544 7.26318 1.17493 0.70190 1.14441 0.13733 0.18311 0.47302 0.07629 0.13733 0.03052 0.03052 0.10681 0.16785 1.25122 1.00708 1.55640
1.86157 2.77710 4.73022 1.31226 5.06592 5.66101 5.40161 1.28174 1.00708 0.04578 0.56458 1.11389 0.62561 3.18909 9.81140 5.55420 5.78308 2.10571 3.92151 1.43433 2.28882 1.14441 1.35803 1.15967 0.22888 1.40381 4.11987 2.27356 4.66919 13.59558 9.85718
13.03101 2.13623 0.90027 2.60925 12.39014 5.73730 4.22668 6.13403 1.22070 0.24414 0.45776 0.56458 0.53406 10.29968 9.71985 4.77600 8.78906 4.82178 6.91223 4.24194 3.50952 13.54980 11.90186 15.82336 9.99451 4.59290 5.43213 6.19507 13.44299 30.73120 16.57104
6.16455 0.76294 0.48828 0.13733 1.12915 4.31824 2.02942 1.02234 14.69421 2.88391 0.71716 0.85449 2.80762 18.11218 2.27356 9.41467 7.09534 6.56128 7.01904 12.39014 21.31653 8.39233 11.59668 30.80750 12.40540 6.98853 2.82288 3.12805 8.75854 9.46045 12.37488
13.90076 1.72424 0.64087 0.00000 0.19836 0.15259 2.76184 8.16345 9.21631 11.50513 6.43921 7.40051 4.56238 15.42664 17.04407 5.06592 11.73401 12.72583 5.27954 5.79834 1.77002 9.14001 2.48718 25.19226 6.95801 16.22009 2.47192 1.00708 8.62122 8.45337 6.27136
0.70190 0.00000 0.00000 0.00000 0.01526 0.50354 1.40381 13.03101 6.24084 24.39880 7.81250 2.73132 27.28271 18.08167 6.31714 8.89587 9.35364 5.05066 0.42725 0.38147 0.74768 6.63757 20.14160 1.06812 3.75366 7.33948 4.10461 9.33838 4.05884 4.92859 8.20923
0.00000 0.00000 0.00000 0.01526 0.01526 0.00000 1.57166 1.75476 4.16565 1.52588 4.30298 2.82288 1.64795 4.16565 9.97925 22.78137 29.41895 1.15967 1.06812 0.28992 9.21631 4.34875 6.16455 21.02661 9.78088 4.86755 3.08228 5.92041 41.44287 5.44739 9.90295
0.00000 0.00000 0.00000 0.00000 0.30518 0.24414 2.82288 12.72583 6.59180 2.30408 6.02722 1.63269 0.51880 0.54932 3.43323 22.18628 17.05933 15.83862 20.21790 37.62817 5.75256 7.23267 6.19507 24.29199 26.15356 11.85608 5.58472 14.26697 29.03748 16.89148 14.28223
0.00000 0.04578 0.00000 0.01526 0.97656 0.59509 4.82178 7.49207 9.04846 5.26428 1.22070 0.59509 2.33459 2.79236 2.73132 10.74219 14.40430 9.03320 10.51331 15.67078 19.62280 30.44128 33.90503 26.18408 31.05164 10.22339 17.27295 41.82434 8.14819 6.42395 3.00598
0.06104 0.85449 0.06104 0.06104 2.13623 8.08716 7.29370 15.93018 6.92749 2.89917 5.43213 2.25830 0.42725 3.11279 4.79126 9.67407 10.54382 12.14600 12.52747 8.57544 4.62341 11.85608 31.44836 16.23535 5.11169 14.32800 8.52966 18.96667 8.19397 3.90625 1.90735
0.25940 1.26648 1.09863 0.82397 6.24084 17.97485 28.50342 14.26697 13.65662 15.36560 5.64575 4.73022 5.98145 1.26648 2.27356 3.15857 4.28772 3.43323 3.69263 4.73022 5.72205 5.98145 24.82605 33.34045 6.46973 12.51221 5.35583 20.00427 8.80432 5.18799 1.98364
0.86975 0.67139 0.97656 5.12695 8.66699 24.90234 98.37341 60.83679 22.35413 34.56116 8.95691 7.35474 4.91333 3.40271 5.82886 5.02014 5.66101 4.91333 5.47791 3.66211 6.62231 7.93457 7.98035 31.05164 9.36890 17.31873 6.07300 2.42615 2.96021 1.08337 2.56348
1.38855 0.25940 0.25940 8.22449 16.43372 41.04614 96.86279 76.88904 58.05969 70.48035 37.04834 17.50183 9.36890 15.99121 14.81628 21.69800 10.22339 16.61682 13.42773 12.14600 6.30188 18.20374 11.33728 8.80432 8.97217 8.80432 6.16455 12.58850 1.17493 1.00708 3.86047
1.60217 1.66321 1.32751 6.02722 8.23975 7.90405 10.54382 22.84241 9.97925 10.00977 26.87073 26.41296 23.49854 43.48755 34.71375 28.33557 39.41345 45.92896 29.26636 13.41248 18.76831 18.70728 17.59338 9.20105 8.07190 6.28662 1.49536 0.80872 3.12805 1.54114 1.20544
1.73950 3.21960 7.32422 17.97485 0.96130 3.18909 2.89917 6.91223 20.90454 7.04956 5.87463 5.56946 3.90625 21.16394 38.02490 34.01184 22.44568 28.45764 21.62170 18.72253 18.67676 18.20374 21.19446 36.54480 18.60046 4.21143 13.18359 5.76782 3.44849 3.87573 3.64685
