DATA/RAW-RASTER/ECMWF/20170628/EN-46/20170711.en-46.asc
ncols			31
nrows			16
xllcorner		69.5
yllcorner		19.5
cellsize		1.0
NODATA_value	-99999
2.67792 6.30951 2.58636 0.91553 0.57220 0.13733 0.01526 0.03052 0.09155 0.51117 0.07629 0.25177 0.83160 0.44250 0.45776 0.30518 0.48065 0.50354 0.67902 2.05231 5.18799 2.86865 1.95312 0.21362 0.38910 1.71661 5.71442 5.69153 4.82178 8.72040 8.17108
0.56458 2.76184 7.65228 6.27899 2.67792 0.03052 0.00763 0.06104 0.03815 0.06866 0.47302 0.35095 0.20599 0.36621 0.46539 0.74768 1.12915 0.73242 0.72479 5.63812 5.00488 2.40326 0.32806 0.23651 0.53406 2.80762 3.26538 1.91498 6.35529 4.37164 11.83319
0.39673 10.59723 0.83923 15.22827 10.89478 7.16400 5.37109 0.00000 0.26703 0.04578 0.19073 0.16022 0.12207 0.15259 0.15259 0.32806 1.53351 3.87573 3.66974 5.56183 7.14874 6.41632 6.22559 2.89917 3.80707 6.69861 8.31604 13.06152 20.88928 24.00970 13.67950
4.40216 0.92316 7.57599 4.35638 20.75958 19.64569 8.34656 2.56348 0.11444 0.08392 0.21362 0.00000 0.04578 1.47247 0.71716 2.12860 11.55090 12.55035 8.74329 14.49585 10.53619 7.78198 22.61353 25.89417 20.17212 12.66479 5.40924 6.85120 7.00378 5.03540 12.41302
0.93842 3.11279 2.02942 0.60272 1.58691 1.70135 14.45007 3.60107 2.34222 0.19836 0.00000 0.02289 1.35040 1.64032 7.65228 8.11005 17.04407 17.21954 20.58411 19.50836 13.99994 8.51440 11.02448 7.97272 4.03595 0.16785 0.22125 1.49536 6.49261 5.93567 10.45990
1.56403 0.00000 0.00763 0.19073 0.27466 0.07629 1.06812 4.37927 5.58472 18.02063 11.87897 2.15912 7.88879 2.47192 6.17981 6.53076 2.84576 5.69153 4.89807 1.24359 2.01416 6.28662 5.29480 13.59558 2.55585 8.73566 2.56348 0.18311 4.92096 0.34332 1.47247
0.00000 0.00000 0.00763 0.00763 0.06866 0.05341 0.10681 7.94220 1.71661 2.34222 10.09369 12.52747 15.79285 11.12366 1.30463 3.37219 5.34821 2.54059 3.08228 2.22015 1.99127 0.98419 4.82178 1.96838 7.29370 7.27081 8.97217 8.33130 1.30463 3.18909 2.06757
0.00000 0.00000 0.00763 0.00000 0.00000 0.00000 0.25177 0.96893 2.57874 2.49481 11.86371 2.07520 2.54822 23.64349 16.91437 6.88934 25.37537 2.66266 7.85065 7.53021 6.34766 14.61792 6.37817 5.88226 6.17218 2.47192 3.96729 17.98248 21.79718 6.13403 15.21301
0.00000 0.00000 0.00000 0.00000 0.00000 0.00000 0.33569 0.31281 2.06757 4.65393 5.59998 2.81525 2.60162 4.11224 3.13568 8.04138 57.51801 2.20490 20.53833 18.47076 14.77051 2.63977 3.15857 2.43378 0.45013 0.99945 10.20813 21.40045 10.55908 12.44354 13.77106
0.07629 0.01526 0.01526 0.05341 0.00000 0.00000 0.02289 0.01526 3.64685 4.05884 3.59344 11.02448 4.02069 7.28607 26.90125 7.91931 11.01685 5.47028 1.74713 0.90790 1.66321 1.32751 2.19727 1.16730 10.81848 6.95801 5.76782 6.14929 6.02722 15.38849 8.72040
0.38147 0.03052 0.24414 0.09918 0.00000 0.10681 0.30518 0.56458 3.41797 7.66754 1.28937 8.05664 13.01575 7.94220 3.27301 4.14276 3.55530 0.57220 1.02234 1.89209 3.82996 13.25226 2.92969 0.60272 1.34277 13.21411 12.14600 12.36725 15.94543 12.55035 9.06372
0.38910 0.77057 0.61035 1.41144 0.07629 0.07629 0.85449 0.91553 4.86755 13.38196 21.66748 25.00153 34.43146 13.32855 18.59283 0.80109 2.54059 1.44196 1.98364 2.75421 3.91388 12.08496 9.59778 4.98962 4.11987 36.18622 27.17590 20.51544 13.76343 10.23102 8.81195
0.57983 0.40436 2.45667 2.19727 4.86755 2.59399 1.54877 0.61035 4.44031 12.21466 33.05054 37.70447 51.92566 13.27515 4.36401 2.41089 9.04083 7.24030 11.60431 10.67352 1.63269 0.48065 6.43158 43.70117 8.82721 27.54974 12.59613 7.02667 14.48059 9.55200 10.26917
0.57220 2.90680 0.79346 1.12152 2.63214 1.09100 1.70898 4.51660 10.88715 13.09967 18.47076 19.59991 51.01013 19.02008 19.86694 3.85284 8.78906 12.74872 11.35254 10.27679 4.47083 7.89642 3.82996 28.26691 3.74603 19.41681 29.51050 10.03265 1.45721 3.51715 9.03320
2.07520 1.46484 1.83868 3.18909 5.96619 1.82343 1.65558 10.44464 10.16998 16.79230 34.88922 131.87408 95.34454 13.80157 11.83319 10.46753 17.74597 18.66913 15.98358 7.08771 7.58362 8.40759 10.70404 12.75635 10.80322 9.59778 8.06427 14.80103 6.36292 3.31879 15.93781
3.36456 3.77655 4.14276 10.31494 1.68610 2.78473 3.09753 5.19562 6.23322 21.91162 19.22607 32.33337 54.01611 19.64569 3.37982 16.89148 11.88660 22.56775 46.95892 15.80811 8.16345 13.58032 18.24188 21.70563 70.29724 11.53564 31.82983 12.64191 7.30133 5.67627 36.88049
