DATA/RAW-RASTER/ECMWF/20170628/EN-46/20170703.en-46.asc
ncols			31
nrows			16
xllcorner		69.5
yllcorner		19.5
cellsize		1.0
NODATA_value	-99999
2.23541 5.53513 1.31607 2.22778 2.99072 1.50681 1.84631 0.50735 0.14496 0.00381 0.75531 0.93842 0.76675 4.83322 2.59399 1.93787 1.01471 5.50461 4.28772 1.33133 0.87357 1.47629 2.48718 2.07901 0.89645 0.41199 0.53024 0.06866 0.02289 0.16022 0.13351
0.61798 0.67139 6.25229 2.61688 2.39944 0.01144 0.19073 0.16022 0.06104 0.00763 1.07956 1.76620 1.91879 6.08826 8.93784 3.91006 1.48010 10.45990 14.63699 2.39944 0.72479 1.87302 1.20926 1.50681 1.04904 0.77438 0.99945 0.09537 0.14877 0.00000 0.23270
2.83813 1.22833 1.62506 2.94113 3.92532 3.32642 6.93130 0.34332 0.08774 0.45013 1.51062 3.93677 7.75528 9.14764 6.95038 7.01523 4.79507 5.27954 7.79724 5.25284 10.77652 9.71222 17.94052 3.29208 0.72479 1.07956 1.44196 0.88120 0.28229 0.10300 2.61688
3.96347 2.50244 4.43268 3.24249 0.53787 1.69754 5.77164 13.07297 0.28610 0.17548 10.61249 5.66864 3.34549 10.35309 10.60486 7.48444 2.77710 7.48444 2.83432 1.48010 3.38364 7.94220 11.23047 8.20541 3.08228 1.77002 5.12695 2.12479 0.15640 0.26703 1.63269
5.73349 11.52802 2.30789 5.42068 4.17709 3.00980 2.78091 31.42166 13.08823 2.83051 2.26593 6.54602 3.58582 5.82886 4.54330 1.35040 4.42123 4.59671 5.88989 2.45667 3.39890 12.01248 7.20596 4.01306 1.41144 9.05609 12.69913 4.16565 1.97983 0.18692 0.25558
5.75256 3.01743 2.20490 2.41852 2.34222 1.71661 0.43106 2.42996 7.90024 17.53616 8.02231 10.29587 3.80325 1.46484 2.83432 2.23923 5.08499 2.76566 7.41959 13.76724 9.75418 13.25226 17.14706 8.87299 9.87244 17.89093 10.41412 9.78851 3.90625 2.91061 3.29590
1.20926 1.06430 1.59073 12.47406 2.32315 7.86972 5.20325 23.70834 18.94760 12.66098 12.93564 47.17636 12.35580 4.08936 1.46103 1.23978 0.52261 1.39236 1.12915 3.54385 7.03049 5.41687 10.13947 12.00485 19.10019 15.38086 36.43417 8.85010 9.15527 15.46478 10.16235
0.28610 0.70190 2.67792 14.83536 4.44031 32.66907 14.33182 13.45062 3.31497 4.07028 7.38907 29.36172 12.44736 13.88168 25.15030 14.61792 4.65012 0.55695 0.06104 1.68610 4.53568 16.54434 6.38962 22.49146 18.71872 47.63412 113.69324 58.84171 10.36453 19.55795 30.63583
0.00000 0.13351 14.11057 26.66092 15.89203 31.97479 49.37363 12.90894 5.27573 10.38361 29.22440 6.41251 14.02283 17.99774 7.75528 10.06699 12.38632 28.42712 25.32959 132.30133 61.14578 54.46243 28.24020 39.56223 17.36832 5.19943 11.26862 50.23575 30.42984 12.31766 15.42282
0.00000 0.00000 0.56458 7.26318 27.58026 68.79044 13.25607 15.75851 2.07138 4.98199 1.94168 1.22070 2.12097 4.80270 8.69751 15.27405 10.07462 31.56281 4.92859 5.06973 3.42560 2.03323 14.80865 2.37274 8.90732 16.81900 43.68973 95.27969 254.67682 24.30344 7.27463
0.12970 0.03052 1.16348 6.47736 72.53647 48.70605 7.04193 9.20868 9.41467 1.92642 0.41962 1.10626 0.98038 1.83868 7.59125 12.40540 3.61633 0.48447 0.46158 4.79126 4.69589 7.83539 44.19327 15.73181 6.11877 13.86642 9.05228 18.29910 77.77405 37.22000 15.30457
0.46539 0.71335 0.70190 4.74167 5.71442 24.34921 29.19006 77.84271 51.21231 2.29645 1.71280 1.38474 0.60272 1.57547 5.22614 10.04028 3.15857 1.56403 1.81198 8.85010 8.84628 9.30023 9.86099 17.44080 22.15576 6.61469 8.44574 17.37213 19.09637 20.06531 23.97537
0.06104 1.67465 4.13895 143.15414 46.77582 43.56766 1.63651 0.80872 0.51880 0.46539 1.52969 3.51715 0.73624 2.89154 9.22394 1.20544 1.13678 1.53732 3.50189 11.05499 4.52042 24.05548 17.89474 22.12906 12.41302 4.49371 5.02014 20.03860 15.16724 22.67456 14.21738
0.65231 0.77057 2.22015 1.57166 2.96783 2.36130 0.97275 1.28937 3.33405 21.96121 1.19019 1.43814 0.33951 1.17493 7.42340 8.01468 1.64795 0.67520 9.15146 11.65009 13.20648 27.55737 21.21735 32.73010 5.02396 2.54822 4.29916 4.18854 10.20813 10.15854 7.91550
2.50244 0.62561 1.34277 7.01904 18.62717 7.64084 5.99670 5.34058 2.11716 0.62943 0.77057 3.25012 0.19073 2.00653 2.42615 1.00327 0.50354 3.09753 3.12042 14.34326 22.27020 34.66034 43.85757 15.02228 1.56784 5.80978 3.59344 1.10626 3.45612 7.71332 7.76291
2.60925 6.17981 7.43866 14.09531 18.13126 7.17163 9.51767 2.59018 0.25558 0.48828 1.28937 1.00708 1.43433 0.30518 0.29755 0.88501 0.80872 1.25122 7.73621 4.09698 13.94653 26.83258 48.62595 44.26956 26.31760 8.80432 4.58145 2.56348 0.89264 0.79727 4.34494
