DATA/RAW-RASTER/ECMWF/20170628/EN-46/20170702.en-46.asc
ncols			31
nrows			16
xllcorner		69.5
yllcorner		19.5
cellsize		1.0
NODATA_value	-99999
0.54550 2.49481 1.85394 3.84903 3.37601 1.79672 2.12479 0.28610 0.06104 0.00000 0.84686 0.38147 0.30518 0.69427 1.27029 1.38855 0.19073 0.25940 0.03433 0.24033 0.61417 1.33896 2.39563 0.26703 1.49155 0.48828 1.26266 0.88501 0.83542 1.28937 5.51987
0.03433 1.96838 0.83160 0.75150 3.67355 1.93405 0.18311 0.04959 0.06104 0.00763 0.30518 1.83868 1.09863 1.46866 2.18964 2.05231 4.73404 0.71716 0.40436 0.14877 0.07248 0.37766 1.13297 0.88501 1.27411 0.97656 2.06375 2.12479 1.05667 2.02942 3.57056
1.25122 5.45883 3.41415 1.60599 3.05557 4.09317 2.47574 0.15259 0.01526 0.25940 0.32043 2.88773 2.05994 6.74438 5.61523 9.44519 8.28552 0.72861 0.77057 0.73242 3.64304 1.89972 0.70190 0.72098 1.24741 0.96893 0.41580 1.32751 2.55966 0.46921 2.59399
3.49045 1.06430 5.65720 4.97055 5.72586 2.70081 3.58582 3.18527 0.07629 0.32806 0.27847 0.81635 0.50354 7.82013 3.23486 5.63812 3.45993 2.48718 2.14767 6.33621 15.66315 6.80161 5.13077 2.22015 0.93079 0.53024 4.09317 2.16675 4.72260 3.41034 10.75363
2.40326 7.33185 6.02341 2.38419 1.43433 0.84686 1.25122 7.72095 1.37329 1.89209 3.10135 3.66592 1.90735 3.71552 4.89426 4.33731 2.56729 3.29208 5.08881 3.71170 8.23975 13.65280 6.56128 8.20160 5.79453 5.80978 4.22668 2.83051 6.98090 6.44684 7.84683
1.94931 6.20270 4.32587 0.27847 2.18964 0.24033 0.04578 0.23651 39.05106 10.83755 37.20474 6.43921 1.83487 1.62888 5.07355 4.21143 5.90897 3.99780 4.49753 8.10623 9.04465 18.59665 16.57104 15.72418 14.39667 20.45059 5.36728 1.45340 14.90021 16.73889 8.04901
0.11444 1.35803 3.61252 0.78201 2.26974 1.07574 0.91934 8.36945 10.24628 37.92191 58.67767 18.31818 9.80759 3.69263 0.39291 2.83432 0.91171 0.92697 0.51117 0.20218 0.74387 1.26648 5.77164 13.80920 19.82117 57.90710 30.20859 12.97379 1.88065 10.39505 13.93890
0.00000 0.01907 0.82779 1.77002 1.22452 1.68228 5.32150 8.02994 15.87677 6.62994 13.89694 10.62393 1.36566 9.92966 55.73273 6.08826 8.11386 0.11826 2.67029 1.02234 2.77710 10.69260 3.54767 28.47672 34.83963 38.95187 70.44601 51.44119 53.37143 4.34875 11.53564
0.00381 0.00381 4.26865 8.28934 4.05502 4.45557 17.59338 9.44519 11.63483 28.96881 8.68225 2.37656 10.90240 6.37817 2.70081 3.40652 0.63705 20.27130 39.24942 34.78241 56.65207 56.46896 43.77747 34.60693 13.18359 18.08167 31.37589 56.05316 67.63458 18.25333 5.42068
0.00000 0.00381 0.65994 4.49371 9.94873 6.64139 20.62988 7.97653 4.56238 9.38416 2.31552 16.62445 2.25067 8.79288 16.07895 1.82343 6.85883 42.40417 9.58633 5.68390 14.48822 19.48929 39.66141 11.67297 3.65067 9.86099 21.91162 34.81293 93.50586 27.61841 9.83810
0.00000 0.08392 1.04904 2.58636 7.09534 15.95688 39.48593 11.19232 25.93994 27.14157 19.87839 4.77219 7.72095 10.20813 5.72205 4.49371 4.53949 3.20053 14.13345 5.87082 12.60757 12.35580 73.86398 25.52032 14.27078 2.39944 1.28174 6.17218 52.18887 32.87125 13.60321
0.06485 0.48065 1.85394 11.53183 8.57925 29.24347 48.65646 69.00406 18.26096 14.21738 1.46484 0.65231 31.21567 38.56277 9.57870 3.62015 50.90332 7.71332 6.16455 9.70840 9.86862 6.44302 4.92477 6.34384 16.92200 2.84958 1.75858 3.66974 8.66318 15.41519 14.64462
4.44794 2.90680 14.15253 61.37848 5.41687 11.48605 220.16907 18.24188 2.92206 2.46811 5.26428 1.29700 3.95966 9.12857 42.38129 3.58963 3.83377 10.34164 11.36017 11.44028 17.98630 19.88983 13.62228 27.82059 9.82285 1.68991 0.93842 3.47519 8.02994 10.99396 3.11279
2.33459 5.28717 102.43607 71.97571 15.02228 7.66754 11.37543 27.25601 38.22708 14.02664 2.67410 1.08719 7.97272 7.82013 45.62378 7.49588 0.66757 0.60654 9.62067 17.45605 27.89307 19.40155 29.40369 40.03906 7.37000 1.65176 2.44141 12.18796 10.43320 8.90350 5.89371
8.76999 26.32904 73.40240 43.02979 12.77161 9.78470 11.76071 7.04575 0.67520 3.84140 5.64957 9.38797 12.38251 11.44028 69.66782 5.88226 2.85339 0.83923 8.35800 17.66586 17.20810 21.81244 34.74045 16.51382 1.96457 4.02069 5.07355 3.34549 2.93350 21.50345 23.94485
14.34326 20.38574 44.35349 42.16766 23.85330 7.37000 3.11279 1.49536 1.11389 3.82233 10.05554 6.61087 4.95148 16.91055 34.00421 17.62009 2.30789 2.76184 7.92313 11.98578 12.76016 22.22443 27.44675 30.49850 29.00314 5.17654 6.62231 1.11771 8.15964 7.54929 6.67191
