DATA/RAW-RASTER/ECMWF/20170628/EN-46/20170710.en-46.asc
ncols			31
nrows			16
xllcorner		69.5
yllcorner		19.5
cellsize		1.0
NODATA_value	-99999
0.04578 2.17438 0.80109 0.30518 0.16022 0.23651 0.03052 0.11444 0.09155 0.93079 0.63324 0.44250 0.73242 0.48828 1.19019 3.37219 1.56403 2.36511 3.73840 2.88391 1.53351 1.88446 1.28174 1.96075 1.19019 2.61688 3.04413 3.90625 5.74493 3.65448 8.20923
0.05341 0.51117 2.27356 0.39673 2.25830 0.11444 0.01526 0.52643 0.02289 0.01526 0.00763 0.00763 0.03052 0.03052 0.88501 1.74713 2.10571 3.72314 2.19727 6.69861 1.83105 3.58582 5.72968 4.26483 11.36017 9.16290 9.42993 9.52148 9.18579 11.25336 15.67078
0.38147 0.12207 1.39618 3.68500 7.08771 1.43433 1.10626 0.06104 0.00000 0.00000 0.00000 0.00000 0.00000 0.00000 0.01526 0.80872 2.67029 6.50024 8.42285 3.21198 4.64630 7.24792 10.04028 19.82117 20.13397 16.67786 13.46588 16.05225 7.89642 21.56830 10.79559
0.04578 0.00000 0.00000 0.66376 4.41742 7.33948 5.09644 0.94604 0.00000 0.00000 0.00000 0.00000 0.00000 0.00000 0.45013 0.93842 2.64740 9.15527 33.08105 24.34540 9.45282 19.48547 22.37701 21.16394 7.70569 0.28229 0.86212 0.33569 4.13513 2.25830 4.56238
0.01526 0.00000 0.00000 0.36621 0.00000 1.82343 5.75256 2.53296 0.09918 0.04578 0.00000 0.00763 0.09155 0.09918 1.02997 9.26208 11.95526 3.54004 9.59778 2.71606 10.24628 5.61523 4.09698 1.73187 0.67902 0.12970 0.48065 0.67139 0.55695 1.09863 1.14441
0.00000 0.00000 0.00000 0.00000 0.00000 0.02289 1.64795 2.56348 1.48010 1.31989 5.28717 1.70135 3.84521 0.00000 1.93024 5.50842 15.74707 6.61469 4.53186 3.66211 2.38800 3.22723 2.47955 5.52368 2.08282 7.03430 1.59454 0.29755 0.26703 0.32043 0.91553
0.30518 0.00000 0.00000 0.00000 0.00000 0.00000 0.30518 1.67847 1.73187 2.07520 2.48718 8.01086 8.95691 5.03540 10.20050 5.92041 4.20380 7.16400 8.72803 13.32092 9.88007 4.69971 3.82996 4.52423 6.18744 6.40106 3.30353 4.58527 0.31281 0.62561 2.19727
0.00000 0.00000 0.00000 0.00000 0.00000 0.00000 0.00000 0.02289 1.21307 3.31879 1.75476 5.33295 4.60052 16.48712 8.40759 29.26636 22.24731 16.41846 47.32513 35.92682 19.01245 20.50781 12.10022 29.08325 16.77704 2.11334 2.35748 4.95911 19.53125 2.86102 3.68500
0.00000 0.00000 0.00000 0.00000 0.00000 0.00000 0.00763 0.00763 0.08392 0.47302 1.83105 5.02014 15.93018 4.12750 6.59180 33.59222 37.33063 62.68311 183.06732 129.47083 182.41882 77.42310 36.23199 18.95142 16.69312 2.81525 14.52637 47.19543 26.95465 3.82996 10.05554
0.00000 0.03815 0.11444 0.62561 0.23651 0.00763 0.13733 0.22888 0.00000 0.18311 0.96130 1.76239 16.98303 24.62769 16.42609 9.91058 5.92041 43.86902 17.21954 7.80487 1.25885 9.99451 9.97925 9.12476 3.60870 23.05603 9.87244 53.45154 22.59064 18.16559 6.98853
0.05341 0.14496 0.22888 0.42725 0.36621 0.51117 0.41199 1.54877 0.77057 0.16785 0.71716 4.32587 10.39886 17.66968 8.65936 4.57764 7.88879 15.59448 14.66370 19.09637 3.08990 9.49860 21.81244 2.80762 1.77002 12.22229 10.73456 12.72583 14.55688 5.33295 2.86865
0.48828 0.35858 2.30408 2.95258 1.16730 1.21307 0.80872 1.28174 0.96893 1.02234 1.80817 9.24683 4.29535 12.13074 3.77655 2.52533 37.27722 15.06805 39.03961 4.79889 2.63977 1.74713 3.66974 6.55365 3.54767 2.92969 1.18256 2.98309 7.22504 1.73187 2.87628
0.67139 4.34875 2.50244 2.44904 5.00488 4.23431 2.04468 1.87683 1.47247 2.41089 16.31165 18.18085 23.65112 17.89093 23.55194 7.56073 20.84351 14.57214 19.73724 14.48822 2.15912 2.02942 12.57324 24.93286 14.12964 0.62561 0.64850 3.05176 28.98407 1.99890 7.78198
1.39618 1.78528 0.59509 1.73187 2.52533 3.11279 2.41852 9.45282 5.41687 2.57874 19.37866 12.60376 24.23096 11.86371 9.98688 2.66266 25.58899 13.61847 3.13568 5.13458 5.63049 6.43921 0.86975 14.39667 0.82397 5.88989 3.18909 7.64465 7.00378 8.13293 6.43921
4.74548 5.50842 3.05939 4.47845 1.73187 1.48010 0.45776 3.83759 0.72479 6.59180 14.06097 49.78943 32.02820 91.07208 8.99506 19.90509 10.62775 7.83539 6.37054 5.83649 3.24249 7.80487 15.79285 11.61194 9.75800 3.85284 3.71552 5.79071 13.51166 10.59723 5.66864
3.08228 3.55530 8.07190 15.09094 1.04523 2.06757 1.31989 9.20868 17.40265 8.20923 17.43317 8.01086 24.91760 57.61719 65.30762 23.83423 32.56226 4.97437 5.76019 8.04138 5.76019 6.70624 7.94220 12.94708 15.34271 3.34930 0.73242 5.55420 4.05884 28.77808 18.95142
