DATA/RAW-RASTER/ECMWF/20170628/EN-46/20170630.en-46.asc
ncols			31
nrows			16
xllcorner		69.5
yllcorner		19.5
cellsize		1.0
NODATA_value	-99999
1.57928 0.35286 1.32561 1.92642 1.26457 1.43433 8.44193 2.30980 3.58582 3.49617 7.89070 7.39479 9.67979 5.40733 7.71904 6.37817 6.35147 9.53865 14.88113 12.73918 9.92012 6.27899 5.11551 8.69751 4.85611 5.05447 4.60625 3.47328 0.19646 0.09918 0.00000
0.22697 0.35858 0.06104 0.91171 4.24385 0.91362 5.88989 19.91272 12.80975 6.77109 6.01196 7.75337 6.45256 6.13594 11.89232 7.92694 9.95827 9.24110 10.89287 15.79285 14.99748 13.47351 10.44846 5.73349 3.49998 7.19833 3.17192 1.84631 0.94604 0.05341 0.00191
0.30136 0.24796 0.01526 0.03242 0.09537 1.76239 50.13466 18.48602 11.29150 6.62422 4.08936 3.32451 3.70026 8.04901 3.83949 4.11415 3.49998 8.33702 5.01060 6.78444 3.32832 13.80730 0.73242 1.78528 1.65367 3.43513 0.92506 0.97084 0.52071 0.77438 0.06104
0.65231 0.27466 0.00763 0.02670 1.60027 15.40756 33.91647 29.10233 18.63098 5.02014 6.91605 6.00815 4.48418 3.41797 2.70081 3.71933 1.67274 7.37381 2.26021 0.80681 2.16103 1.12534 1.84631 1.47247 1.18828 0.58746 2.60544 3.19481 3.68118 4.02260 0.82588
2.77328 0.78011 0.97656 2.08473 9.93347 14.37187 38.24806 15.02991 36.03172 32.12357 6.99997 6.21033 4.28581 1.05476 0.39291 0.97466 0.19455 1.92833 1.01662 4.05312 4.02641 2.65503 6.74248 3.98827 1.12534 2.76566 1.15395 1.96648 2.35748 1.84631 8.80241
4.36401 0.30518 1.70517 3.86810 13.09586 14.39095 26.40724 23.87047 98.80829 34.24263 5.59425 7.31850 8.08716 2.75040 0.81253 1.18256 2.02751 0.98038 4.52805 5.24330 11.17897 10.29205 10.36644 3.67737 5.10788 6.86264 4.13132 2.30980 4.95338 4.42696 2.58636
0.36621 2.61497 2.41852 12.41875 17.18521 14.36615 27.16255 29.13284 14.56642 25.04349 50.72021 40.98129 37.84370 10.13947 0.24414 0.74387 1.38855 2.51198 1.42860 9.99832 6.89888 6.74438 6.59370 6.20461 16.76369 72.79205 31.99959 10.73456 3.27301 7.42149 8.05855
0.25177 1.27602 1.15013 3.60489 12.39014 8.95119 11.66916 13.44299 20.87402 22.52960 22.39227 11.01303 7.45964 12.37488 16.52718 5.03731 6.79588 1.64413 0.15259 5.41115 12.02011 18.42880 4.40788 20.57838 13.13400 78.20702 33.02574 6.52695 31.73828 8.53729 9.46045
0.40436 1.24168 0.76485 0.22316 1.98555 0.72479 6.72150 11.25717 13.98659 10.05745 10.47897 7.91550 16.98303 12.86888 24.16992 11.69777 5.85365 8.52585 17.06886 132.27081 125.87547 119.79485 54.34036 17.65060 27.97699 9.99260 13.35526 36.77940 61.05423 25.62714 10.82802
10.74219 5.67245 2.59018 2.03896 2.32315 1.20354 2.79808 9.28497 24.88136 16.39938 16.37650 17.68684 24.79362 18.62526 27.63748 13.91029 5.69534 3.54576 4.12750 16.08658 10.14709 8.83102 19.76967 2.41089 2.84195 10.97870 72.64709 22.43805 17.91954 9.05418 9.05037
13.44681 18.81790 4.13704 0.82016 1.05858 0.85449 0.32234 3.42751 3.37029 25.84839 21.80672 42.65213 20.64133 21.34895 12.33864 9.99832 12.49123 8.42667 3.40843 4.02641 1.64604 13.86642 27.68326 11.41357 4.79698 16.70456 15.02609 15.20348 42.34314 7.86400 8.54874
2.95639 16.51192 8.47626 3.83186 2.91252 1.23215 0.16212 0.21935 2.99263 8.81767 21.20209 18.98575 24.10126 26.32904 10.56862 8.39233 2.25830 11.14655 13.56316 16.14189 10.31113 1.55067 0.88120 1.74713 18.42880 3.24249 2.05612 9.77325 10.33020 15.73372 6.96564
11.02638 13.81874 2.73514 6.22940 3.01743 0.98610 0.39101 0.89836 1.01852 5.03922 16.79802 77.88277 37.69875 25.78926 21.75713 5.32150 5.08499 8.66127 5.90706 7.87544 4.47655 3.69263 1.46484 1.54686 17.42363 2.22969 0.98038 2.89154 6.21796 3.94058 2.54440
24.73831 7.43675 7.25555 3.54767 1.42670 0.41771 0.95367 2.20299 1.31607 6.35910 14.48822 24.62387 77.23808 78.02010 9.18770 4.17137 3.97873 12.35580 5.37491 7.10487 5.31578 14.62555 1.86539 4.64249 6.71768 1.06239 0.90790 1.13869 17.01546 13.02719 5.06210
36.37123 29.01840 6.93321 20.73479 3.34167 1.28174 3.13759 0.49782 0.77820 4.74358 8.73375 25.33340 60.88638 22.68410 13.44490 12.19749 5.58281 6.23131 15.04326 12.34055 11.55472 17.84706 33.71620 8.75664 1.17683 1.97792 0.24986 1.65749 5.81551 17.55142 6.08635
8.34084 4.88853 5.22041 13.13591 1.79863 4.13895 12.01248 9.93347 25.15602 23.93913 9.28688 6.76346 9.82094 37.14371 28.50914 25.39253 20.03479 33.56934 14.95552 15.43808 9.50623 24.18137 25.10262 24.88708 15.07568 2.83813 6.98853 7.27081 4.81796 8.49342 8.27217
