DATA/RAW-RASTER/ECMWF/20170628/EN-46/20170701.en-46.asc
ncols			31
nrows			16
xllcorner		69.5
yllcorner		19.5
cellsize		1.0
NODATA_value	-99999
4.86755 6.82449 1.72806 2.30408 5.33295 2.34604 2.47955 0.26703 0.07629 0.17548 0.75150 0.49591 0.68665 2.12479 0.24033 0.13733 0.72479 0.64468 0.77820 2.35367 5.71442 6.87790 3.19290 3.72696 2.06757 1.38092 1.61362 4.11606 7.09534 13.44299 12.71439
0.29755 0.93079 12.53510 8.72421 3.39890 0.03433 0.44250 0.31662 0.10681 0.16403 2.01416 1.11771 2.24686 2.72369 1.49918 1.75858 0.63324 1.38474 1.32751 0.88120 0.66757 5.33295 2.91443 2.51770 3.88718 9.26590 5.37109 7.28989 7.31277 10.53238 23.01407
9.47571 16.08276 3.25012 2.99072 3.50189 1.51443 9.59778 0.14496 0.35095 0.75531 0.93079 2.41089 1.56021 2.76184 3.14713 5.86700 7.17926 15.11383 6.08063 1.71280 2.40707 4.88281 6.09589 8.35037 11.01685 11.48605 13.00430 24.37973 11.86752 10.56671 5.89371
18.34106 6.71768 0.44632 1.18637 0.23651 1.28937 1.20163 2.55966 0.04578 0.32043 5.70679 3.37601 3.08990 11.00922 19.83261 11.77216 13.71002 12.84790 12.09641 9.51385 6.56891 13.34381 10.17380 10.65826 8.45337 7.57599 10.02121 15.42282 27.91214 12.56561 14.37378
3.33405 11.92093 5.44357 0.41962 0.64087 1.54495 1.88065 3.07083 0.04578 9.74274 9.78470 11.55853 11.64246 3.78799 2.81525 9.39941 7.32040 10.42557 9.55200 11.07025 14.40430 14.82391 7.96509 5.40924 2.37656 3.91006 8.38852 1.77383 7.24030 17.76886 19.91272
3.54767 13.58414 7.65610 2.49481 1.57166 1.62506 1.68610 8.01086 51.62811 82.19528 43.06412 14.48059 7.51114 1.93024 5.07736 4.25720 4.77982 1.68991 3.86810 4.69971 3.50952 8.78906 5.72968 6.22940 9.62067 18.13507 5.05447 0.29373 1.99509 4.51660 13.23318
0.20218 2.34985 3.45993 1.31226 1.67084 2.77710 3.33405 13.50403 23.04077 6.00433 44.20853 12.61139 15.84244 3.71170 0.48828 1.86157 0.93460 1.64413 0.90027 3.80325 4.33350 6.05774 12.45117 10.60486 15.11765 69.28253 23.92197 9.12857 0.82016 1.72424 5.16129
0.03433 0.06104 0.78964 0.88501 0.78583 2.45667 8.18634 12.21848 33.81348 8.89969 10.79178 9.88388 2.39563 6.81305 7.71713 39.16931 6.82068 1.08719 0.41962 6.84357 12.00485 14.77432 4.06647 23.86856 22.07565 43.49518 18.84460 7.01523 48.41232 6.65283 2.73132
0.00381 0.01907 0.66757 1.10626 2.54822 3.44467 5.09644 3.84521 1.79291 8.81958 10.66208 11.05118 7.88879 7.27463 8.39996 8.07571 5.05829 16.33453 135.44083 108.84857 27.51923 53.33328 12.15744 10.89096 15.64407 4.81415 30.50613 41.18729 17.97485 11.39450 1.58691
0.02670 0.49591 0.23651 0.15259 2.07520 1.40762 2.58255 3.84903 1.32751 5.29480 30.41077 12.45499 12.35199 27.17972 17.48657 6.02722 8.25882 4.59671 9.17435 4.29535 5.18036 18.73016 6.35529 5.45883 3.63541 6.09589 34.82056 28.37372 54.12674 7.51877 2.25830
0.78583 1.82724 0.99945 2.48718 2.57492 1.58310 0.56076 1.44196 2.70081 6.12640 13.44681 19.64188 7.87354 13.14163 16.55579 6.81686 3.82233 5.03159 6.86264 3.32260 3.54385 9.53293 23.99063 7.80106 4.21906 3.34167 0.36240 5.68390 37.28867 14.30893 2.41852
13.46970 23.97537 8.72040 9.41849 7.34329 2.60162 1.69754 0.90408 2.41470 1.60217 1.98746 5.92804 37.85706 22.29691 27.02713 11.84464 4.64249 8.70514 5.68008 3.86810 7.47299 6.48499 2.53677 1.52206 8.44193 1.44196 0.43488 1.90353 3.17764 6.15692 2.14005
51.42212 9.90295 15.22064 20.06149 12.34436 26.63040 116.48560 2.57874 0.96893 4.72641 6.22559 12.04681 12.82120 74.30649 75.79422 3.72696 3.31497 13.61084 9.68170 17.19284 12.80975 28.38898 6.12640 8.15582 3.21960 1.65939 0.55313 2.30408 3.38745 4.02832 3.74603
17.53235 4.60434 8.67462 8.91495 4.07028 5.34058 42.99164 65.86838 17.17758 2.41089 4.05884 7.81250 20.58029 87.57019 6.06155 3.84140 1.68991 12.35580 10.34546 11.61575 12.16888 29.16336 8.78143 16.80374 5.88989 2.19727 1.62506 1.04141 6.69479 34.14917 15.07187
26.31760 15.20920 9.78470 21.14487 8.46100 2.99072 12.12692 11.84082 3.27301 1.19781 1.31607 4.24576 3.99399 3.13568 3.21960 2.59018 3.17764 2.89917 12.52365 13.15308 15.20538 31.15082 32.97424 21.17157 14.09531 5.12314 4.04358 0.89645 0.67520 11.85226 28.27835
3.45230 4.00543 19.79065 22.04132 9.39178 3.40271 0.73624 1.32370 1.12152 2.15149 3.99017 4.86374 3.57056 5.22995 8.85391 4.25720 4.75311 9.79996 10.14328 8.77762 12.82501 24.03259 31.23856 33.16498 53.87878 14.46533 6.06918 1.14059 1.01089 0.71335 2.49100
