DATA/RAW-RASTER/ECMWF/20170628/EN-46/20170709.en-46.asc
ncols			31
nrows			16
xllcorner		69.5
yllcorner		19.5
cellsize		1.0
NODATA_value	-99999
0.18311 0.02289 0.00000 0.68665 1.65558 0.61798 1.22070 0.23651 0.43488 0.01526 0.61798 0.50354 0.30518 1.09100 0.77820 1.15204 1.52588 0.83160 1.76239 1.16730 1.65558 0.94604 0.75531 4.41742 7.85828 8.18634 14.90021 5.74493 2.17438 5.43976 10.36072
0.01526 0.00000 0.00000 0.00000 1.01471 0.28992 0.01526 0.16785 0.01526 0.00000 0.00000 0.01526 0.01526 0.14496 0.28229 0.24414 1.02234 1.94550 1.19019 1.55640 3.79944 2.23541 1.85394 3.18146 7.55310 18.28766 17.10510 16.52527 14.03046 9.65881 5.65338
0.00000 0.00000 0.01526 0.01526 0.00000 1.48773 0.91553 0.06104 0.00000 0.00000 0.01526 0.00000 0.01526 0.00000 0.06866 0.69427 0.17548 4.48608 3.89862 1.80054 6.85883 16.92963 8.56018 19.13452 13.27515 11.97815 17.68494 15.31219 14.30511 4.98962 14.80103
0.00000 0.00000 0.15259 0.21362 1.12152 0.04578 0.67902 6.46210 0.01526 0.00000 0.01526 0.01526 0.00000 0.36621 0.08392 0.30518 0.62561 1.27411 13.16833 17.58575 10.07080 15.42664 17.73834 7.66754 4.14276 0.37384 1.31226 2.70081 12.55035 10.18524 6.84357
3.55530 0.10681 0.01526 0.00000 0.51117 1.22833 1.37329 0.12207 0.47302 0.27466 0.01526 0.03052 0.18311 1.82343 2.12097 6.72150 10.86426 10.67352 12.45880 14.64844 7.70569 17.72308 4.73785 0.38910 0.62561 0.99945 0.61798 15.47241 10.13184 4.07410 2.09045
0.00000 0.00000 0.00000 0.00000 0.01526 0.19073 1.28174 2.21252 2.60162 1.39618 9.05609 1.23596 6.28662 0.20599 4.98199 11.87897 14.25934 2.82288 8.62122 11.42883 11.24573 13.88550 2.46429 3.33405 6.56891 4.66919 7.66754 0.77057 4.54712 3.25775 2.34985
0.00000 0.00000 0.00000 0.00000 0.00000 0.01526 0.12970 0.39673 0.91553 2.02942 2.28119 7.91931 12.73346 14.70947 11.03210 7.27844 7.82776 11.16180 11.38306 12.71820 14.06097 9.70459 8.97980 10.84900 12.23755 28.94592 17.12036 10.07080 2.68555 7.74384 6.16455
0.01526 0.01526 0.00000 0.00000 0.01526 0.18311 0.11444 0.02289 0.31281 0.93079 0.96130 2.86102 3.67737 10.38361 30.41077 15.40375 27.77863 30.29633 28.22876 38.88702 24.68109 26.21460 13.35144 53.94745 43.04504 35.33173 54.86298 17.25769 29.44183 3.68500 8.10242
0.00000 0.00000 0.01526 0.00000 0.00763 0.04578 0.00000 0.09155 0.00000 0.15259 0.36621 1.21307 2.47955 9.11713 10.97870 83.57239 91.67480 110.13031 190.08636 245.49866 113.74664 160.11810 182.64008 186.69128 44.18182 7.51495 24.21570 32.97424 49.40033 4.03595 3.68500
0.00000 0.12970 0.10681 0.27466 0.21362 0.06104 0.06104 0.02289 0.02289 0.01526 0.01526 0.03052 0.15259 4.18854 12.63428 18.04352 18.55469 17.86041 35.16388 4.53186 13.32855 3.46375 73.21167 10.49805 12.26044 8.60596 10.66589 24.91760 7.51495 10.74982 4.48608
0.63324 0.61798 0.57220 1.62506 0.19073 0.71716 0.41962 1.02234 0.03052 0.01526 0.00000 0.43488 0.59509 1.20544 2.67029 17.63153 36.73553 22.75085 11.27625 6.07300 9.84955 8.11005 22.65167 10.52856 13.60321 21.82007 12.29858 35.85052 9.41467 3.83759 4.13513
0.28229 0.72479 1.06812 1.67084 0.35095 1.90735 0.51117 1.95312 0.84686 0.37384 0.06104 0.09918 1.14441 2.78473 11.67297 5.78308 26.70288 16.96777 3.17383 5.88989 4.13513 1.70898 0.51117 1.55640 13.44299 6.39343 10.98633 9.43756 5.04303 5.57709 19.14215
0.77057 2.57874 1.47247 1.57166 4.27246 1.84631 1.03760 1.48773 2.92969 1.93787 1.24359 1.81580 0.45013 31.38733 17.59338 24.23859 21.46912 11.10840 13.34381 7.17163 12.68768 9.51385 1.78528 3.01361 12.43591 11.72638 7.49207 17.80701 23.17047 13.58032 9.63593
2.90680 1.51825 0.71716 2.24304 4.45557 0.93079 2.27356 5.25665 4.93622 2.72369 2.54822 8.06427 10.20050 2.43378 11.93237 11.42120 16.84570 4.61578 11.03973 14.23645 17.96722 19.37103 8.19397 4.25720 11.94763 1.15967 1.73187 33.15735 22.29309 22.75848 8.05664
4.51660 3.37219 4.11224 5.11169 2.67792 0.84686 1.39618 1.82343 6.52313 3.96729 15.22064 2.43378 14.85443 24.18518 10.72693 25.16174 7.92694 9.49860 13.47351 8.59070 7.93457 5.56946 29.28162 11.52039 1.96838 5.33295 2.71606 9.59015 26.34430 23.88000 9.82666
2.92206 5.53131 11.69586 16.12091 0.90027 1.23596 0.72479 6.83594 6.17218 15.67841 11.50513 14.09149 10.20813 24.16992 23.09418 24.48273 8.64410 9.75800 15.72418 10.05554 10.20050 13.87787 11.42120 27.62604 12.93945 8.88062 13.56506 9.00269 11.87897 9.40704 11.99341
