DATA/RAW-RASTER/ECMWF/20170628/EN-46/20170706.en-46.asc
ncols			31
nrows			16
xllcorner		69.5
yllcorner		19.5
cellsize		1.0
NODATA_value	-99999
3.36456 4.94385 3.34167 4.69971 5.86700 4.52423 6.51550 8.34656 2.89917 0.45013 0.94604 4.06647 5.10406 7.30133 9.65118 6.37817 4.32587 1.95312 2.24304 4.01306 5.71442 9.14001 14.94598 10.42938 5.31769 7.39288 2.90680 0.63324 2.40326 3.63922 3.64685
1.62506 4.32587 0.96130 5.11932 4.45557 4.02832 3.59344 1.40381 1.39618 0.77820 1.48773 1.24359 2.92969 7.73621 5.14984 6.47736 2.20490 3.55530 2.60925 3.59344 9.58252 3.08228 13.34381 16.84570 14.70947 14.61792 6.18744 3.59344 1.19781 0.54169 0.93842
24.15466 4.79126 4.26483 1.11389 1.60217 2.73895 1.42670 1.37329 0.48065 0.29755 1.80054 1.31226 5.19562 4.86755 8.30078 4.19617 5.08881 6.96564 6.72913 2.45667 4.16565 6.08826 2.39563 4.91333 10.45227 9.68933 8.32367 4.94385 3.63922 1.37329 0.47302
10.00977 3.92151 2.89154 5.72968 3.24249 2.90680 1.57166 2.97546 0.49591 0.96130 3.45612 0.96130 1.30463 0.95367 2.98309 1.64032 4.80652 7.01904 1.26648 5.55420 8.24738 6.30951 8.76617 5.18036 4.03595 0.39673 8.31604 4.48608 12.56561 5.85175 0.25940
10.04028 15.19012 6.65283 1.81580 2.68555 8.88824 5.02777 2.36511 10.22339 2.39563 0.39673 2.90680 3.30353 1.73187 0.73242 1.57928 4.91333 3.42560 5.79071 11.15417 10.63538 8.16345 10.03265 0.61798 0.10681 0.77057 0.82397 1.38855 12.66479 8.43048 6.43921
3.92914 0.28992 0.35858 0.27466 0.76294 5.04303 4.52423 6.21033 3.34930 0.54932 6.46210 9.92584 2.01416 1.12915 1.03760 1.41144 10.32257 11.84845 9.62067 5.80597 5.08118 2.40326 6.85883 5.39398 9.32312 6.79016 1.61743 0.47302 10.20050 6.59943 6.78253
0.00000 0.00000 0.00000 0.00000 0.00763 0.64087 3.60870 2.63214 7.13348 13.00049 21.28601 41.05377 6.35529 4.21143 0.55695 4.65393 2.26593 2.54822 1.67847 2.68555 1.99127 3.28064 10.04028 6.58417 5.65338 21.75140 14.05334 2.76947 1.49536 5.05066 4.87518
0.00000 0.00000 0.00000 0.00763 0.00763 0.06104 0.74005 5.53131 10.36072 9.94110 110.93903 38.42163 10.77271 10.58197 7.29370 30.06744 13.38196 2.17438 0.42725 2.69318 14.90021 20.85876 4.88281 19.10400 28.76282 18.37921 26.75629 3.66211 18.07404 4.88281 3.32642
0.00763 0.00000 0.09918 0.09918 0.00000 0.00000 0.07629 2.48718 8.72803 11.67297 24.92523 5.30243 4.50897 7.27844 8.20923 15.18250 19.99664 42.18292 10.53619 72.75391 18.40973 118.92700 27.67181 19.15741 9.46045 6.78253 20.14160 32.95135 42.19055 8.95691 4.11987
1.30463 0.60272 1.34277 0.16785 0.16785 0.00000 0.00763 1.54114 1.93787 2.00653 2.77710 12.47406 2.35748 0.68665 12.80212 8.88824 37.10938 18.72253 14.80103 32.11975 3.86047 9.07898 34.04999 16.08276 58.25806 6.38580 66.58173 16.47949 26.57318 11.33728 5.47028
0.93842 1.89972 0.25940 1.14441 0.01526 0.02289 0.02289 0.22125 2.30408 9.46808 7.01904 5.66864 1.72424 4.28009 8.94928 7.08771 3.73840 13.99994 35.09521 24.69635 14.55688 17.17377 64.70490 106.60553 32.52411 5.44739 2.38800 5.40161 26.55029 5.91278 9.73511
0.49591 0.67139 2.31934 1.57166 0.43488 0.44250 0.51880 1.04523 2.45667 14.83917 12.96234 1.25885 4.40216 5.92804 1.12915 0.54169 10.58960 25.44403 27.05383 11.78741 66.66565 29.12903 1.39618 6.29425 13.60321 2.94495 1.12915 5.59235 8.20923 8.68988 4.99725
0.70953 1.18256 0.89264 1.38855 1.46484 2.30408 0.42725 0.55695 1.57166 15.02228 17.70020 11.37543 7.08008 7.33185 8.40759 1.83868 8.28552 5.55420 7.39288 15.96069 32.31812 34.65271 3.86810 2.16675 3.76892 0.53406 1.35803 9.51385 10.53619 11.11603 2.48718
1.58691 2.34985 0.76294 1.69373 2.37274 1.68610 1.41907 1.47247 2.25067 4.86755 5.99670 1.13678 2.44904 1.81580 0.35858 17.66968 13.22174 5.44739 14.47296 14.69421 15.83099 18.74542 16.34979 11.23810 2.11334 1.00708 0.48828 6.04248 8.30078 13.71765 5.11932
2.32697 1.22833 1.57928 4.34875 2.07520 1.80054 1.05286 0.99182 0.70953 3.73840 5.36346 3.89099 4.02069 1.75476 0.45013 2.18964 0.57220 5.24139 3.85284 12.49695 9.30023 12.68768 24.59717 17.64679 0.61035 0.32043 0.80109 0.53406 1.43433 10.67352 11.73401
1.35040 1.86920 1.67084 9.76562 1.99127 4.18091 2.13623 2.23541 0.74768 2.42615 6.33240 5.37872 4.95911 5.82123 4.22668 0.87738 4.60052 4.39453 7.63702 9.81903 11.74927 16.88385 11.68060 21.40045 24.00208 1.48010 12.62665 2.13623 4.48608 2.77710 0.70190
