DATA/RAW-RASTER/ECMWF/20170628/EN-46/20170704.en-46.asc
ncols			31
nrows			16
xllcorner		69.5
yllcorner		19.5
cellsize		1.0
NODATA_value	-99999
0.75531 2.73132 1.45721 2.51007 3.97491 2.24304 3.36456 1.77765 0.41199 0.10681 1.10245 1.90353 1.63651 2.47192 3.78036 3.74985 2.44522 6.34003 4.68063 7.32803 5.71823 7.08389 6.94656 7.53021 12.48932 7.58743 8.54874 3.95966 1.31607 0.80109 0.74387
0.00000 0.03815 0.34332 0.42725 3.06320 1.33514 0.19836 1.34277 0.93460 1.04141 2.01416 2.97165 2.57492 4.29916 4.52042 9.77707 9.14383 4.63104 2.46429 2.15912 1.02997 4.95148 18.14651 8.65555 15.76614 13.95798 8.79288 4.73785 6.28281 3.97873 4.49753
0.04959 1.60980 0.08392 0.62943 2.15912 2.34604 5.77164 0.36621 0.45776 0.60272 4.74167 9.11331 9.21249 8.87299 3.94058 2.57874 9.22394 4.40979 7.37000 6.35529 3.85666 3.17001 6.71005 9.65500 16.83044 6.00815 5.90897 7.38907 4.18854 3.53241 1.46103
0.96130 0.42343 0.55695 0.83542 3.39127 4.92096 3.26538 16.54816 4.36401 0.95367 6.80161 2.72751 9.77325 7.24792 6.03104 8.44193 2.34222 7.04575 3.11279 4.81033 3.71552 6.58035 20.66803 12.67624 7.62558 0.68665 7.06482 7.93076 2.31171 1.09482 3.74222
1.17493 0.76675 0.30899 0.81253 3.62778 7.03049 8.38089 12.11548 4.98199 3.41034 0.81253 7.68280 3.78036 1.47629 3.17001 2.42233 11.25717 8.51440 5.55038 4.57001 7.41196 8.46481 4.71115 2.05612 1.11771 3.64304 1.19400 6.61469 10.49805 7.62558 2.84958
1.17493 0.37384 0.27084 2.26593 2.96021 3.74603 5.79834 11.85608 25.85983 23.46039 15.11765 5.42068 4.41360 3.05176 1.17493 0.65613 1.02997 8.32748 10.54382 13.25989 7.27081 8.73566 4.48608 7.34711 7.32803 11.09695 12.57706 9.28116 8.38089 5.59616 10.96725
0.62943 1.54495 0.36240 3.55911 4.71115 9.38797 3.63541 6.28281 8.38852 31.64291 20.73288 36.68594 13.04245 11.59668 5.33676 1.85394 1.82724 8.65555 4.58527 2.76947 10.03265 4.58527 11.17706 10.29587 27.02332 63.61008 44.19327 14.82010 2.60925 13.37433 15.70892
0.47684 0.04196 2.92969 8.50296 12.24136 17.72690 12.23755 20.42770 2.89536 5.34439 2.91443 11.26099 32.98187 56.46133 41.45813 24.21951 14.16779 1.21689 14.74762 23.92578 33.24127 35.27069 13.55362 27.22168 45.47882 24.88708 35.25925 20.84351 18.33344 13.08060 23.52524
0.00000 0.13351 1.79672 15.37704 28.91922 38.50555 36.53717 20.12253 9.68552 1.14059 1.44958 0.69427 9.78088 22.45712 17.57812 34.43909 24.89090 58.27713 38.07831 354.10690 232.97882 35.63309 61.81335 14.22119 6.83975 36.76224 13.13782 24.60480 21.60263 9.40323 22.63641
0.00000 0.01907 0.67902 22.38846 22.36176 36.82327 20.50018 4.39072 2.41089 3.62396 0.43869 0.92316 3.31497 2.26593 8.39615 30.18570 33.22601 16.58630 43.46085 13.90457 6.63757 27.98843 38.52081 2.68936 15.65933 35.13718 14.36615 18.60046 43.62106 2.82288 8.28934
0.04196 0.06485 0.29755 4.22287 25.39825 52.65427 30.72739 13.14545 12.19559 7.02286 0.13733 0.41580 4.17328 0.74768 3.23105 17.34543 26.44730 44.68918 34.52301 16.99448 21.22116 20.87021 19.80972 6.78253 22.74704 23.96011 2.67410 26.53122 24.26910 2.39563 2.17819
0.27084 0.51498 1.73950 2.26974 0.77057 1.91879 11.39069 42.38892 14.20593 3.25012 1.25504 0.30899 0.80872 0.80872 4.31824 13.02719 25.31433 39.89792 29.85764 37.47940 23.08273 15.02609 2.33459 7.12967 14.11819 1.82724 12.73727 3.48663 3.84140 9.59396 4.45557
0.63705 1.92261 2.38037 2.18964 3.94821 11.43646 1.97601 1.80817 1.07956 2.45667 1.07574 0.37003 0.19836 1.01471 19.32144 15.08713 11.76071 19.12689 11.21902 14.77051 34.13010 33.43582 11.74545 14.04190 10.40649 2.26974 0.74768 1.60980 0.73624 2.06375 5.11932
2.55966 1.91879 0.98801 1.76239 6.47354 0.77820 1.78146 2.54822 1.16348 1.16348 0.91553 1.54114 2.46048 5.74493 5.28717 10.99777 3.85284 11.29532 9.09805 19.08112 10.42175 15.56778 89.01596 32.89413 6.48117 1.56784 1.04141 5.68771 13.51547 7.74002 6.74438
2.52151 1.92642 1.55640 2.59781 3.17764 1.97220 0.82779 1.19019 0.14114 0.04578 1.14822 1.58310 0.72479 1.38855 2.86102 3.84140 0.50735 0.29755 8.22067 30.31921 9.04465 18.47076 45.10880 25.22278 27.79770 1.19400 0.77057 2.15912 8.88443 7.48444 9.31931
1.64413 2.86484 3.08609 10.44846 0.63324 1.29318 0.28229 0.57983 0.54550 0.48447 0.98801 2.50244 0.55313 0.87738 1.36566 1.38474 4.10080 3.03268 26.54648 43.91479 8.66699 18.55469 25.66910 32.19223 15.56015 1.84250 4.98962 1.44577 2.34222 2.05231 1.78909
