DATA/RAW-RASTER/ECMWF/20170628/EN-44/20170702.en-44.asc
ncols			31
nrows			16
xllcorner		69.5
yllcorner		19.5
cellsize		1.0
NODATA_value	-99999
0.23270 4.17709 0.35095 2.34222 0.79346 1.93024 2.78091 0.18692 0.13733 0.03052 1.63269 0.78964 1.46103 0.14877 0.21744 1.01089 1.48392 0.78583 0.69809 1.32370 0.06485 0.03815 0.07248 0.15259 0.08011 1.54495 1.28174 0.30518 0.86975 1.06430 6.74438
0.24414 0.01526 0.18311 0.19836 3.57819 1.17111 0.40817 1.73950 0.26703 0.09537 2.55203 3.94058 5.36728 3.50189 3.94440 2.16293 7.98035 6.42014 5.54276 2.89536 1.96075 1.17111 0.11444 0.10300 0.21744 1.20544 1.07574 1.62506 2.50626 1.38855 3.64685
0.75531 0.35095 0.14114 0.10681 0.52261 1.57547 7.56454 0.02289 0.02289 0.01144 0.59128 3.02887 1.87302 1.64032 4.02832 5.24521 7.27081 8.88824 8.39996 13.65662 4.69208 1.32751 0.28229 0.33951 0.36621 0.30518 0.72479 1.45340 4.15802 6.34003 8.14056
0.91553 0.02289 0.01144 0.00000 0.99182 1.19019 4.14658 3.78036 0.09918 0.59128 1.21307 2.52533 1.46103 2.09427 2.15149 1.54114 3.70407 4.57382 5.00488 3.33405 1.38855 0.25940 0.29373 0.06104 0.01144 0.02670 1.43433 1.37329 1.25504 5.68008 10.10895
1.52206 0.03052 0.03433 0.00763 1.59454 3.31497 17.05933 1.57166 1.43051 0.32043 0.30518 3.63159 1.57166 5.47028 4.21143 2.37274 5.53894 3.30734 4.90952 7.77817 8.75092 3.03268 1.41144 0.06104 0.72098 1.14059 1.21689 1.87683 3.02505 4.81415 3.71552
2.03705 0.54932 0.00000 0.06485 2.87628 3.07465 12.27570 9.74274 1.33896 12.29477 7.69806 6.58035 2.13623 1.99127 0.79346 3.20053 13.98468 4.55475 6.03867 7.00760 7.67517 9.43756 4.42505 4.52423 3.92914 3.89481 1.94168 2.26974 3.96729 10.47897 7.24411
0.15640 0.11063 0.30136 0.00381 1.02997 5.32532 9.24301 5.85175 15.06805 6.96945 6.20651 10.57434 11.03210 4.26102 1.53351 3.17001 7.19833 8.75854 7.30515 8.68225 12.52747 10.75745 9.91821 16.52527 16.95633 43.27774 10.33020 6.80542 1.94550 5.64194 6.13022
0.00000 0.01907 0.91934 0.19836 0.86594 11.72256 12.47406 8.34656 11.79123 5.50842 9.07135 7.20978 9.97162 12.72202 18.39447 14.63699 10.42557 3.59344 1.99890 5.71823 8.88062 20.48111 16.50620 28.98788 19.10019 86.78436 143.79120 46.94748 30.94864 5.06973 3.17001
0.00000 0.28610 1.65558 5.67245 3.28064 18.74542 20.20645 18.80264 10.79178 17.65823 22.03751 20.41626 19.40918 17.16232 6.70624 9.02939 4.75693 24.29581 101.23444 60.40192 69.86237 198.58170 100.41809 39.31808 18.59283 21.90018 23.76175 111.35864 77.79312 12.84027 2.96783
0.00000 0.00000 0.98419 1.08337 4.69971 31.48270 24.40262 15.24734 9.51767 4.36020 12.10785 18.99719 16.52908 11.26862 12.51984 11.15036 8.18634 6.64902 7.98416 15.86533 9.99069 17.86041 59.30328 34.12247 28.67889 15.85770 40.71045 26.18408 98.01865 17.64679 3.33023
0.00381 0.07248 0.57602 3.76511 0.23270 31.91757 38.62762 14.00375 6.21796 3.24249 1.28937 10.02502 15.86533 17.13943 19.76395 8.39233 8.66699 2.84195 12.27188 3.73840 11.33347 23.93723 98.77396 17.57050 8.86154 5.95093 5.63049 12.67242 67.94739 15.32745 14.10294
0.35477 0.30136 1.12915 5.90515 5.03159 8.54874 42.08374 10.67734 14.93073 2.04086 5.30624 5.29861 9.41086 11.68823 8.29315 14.03046 14.29749 4.16946 1.14059 8.20923 4.37164 18.61954 4.08554 2.00653 1.33133 1.81198 8.95309 22.20154 24.80698 19.58847 17.47131
0.39291 1.15204 1.32751 4.20761 5.28336 11.68442 18.67676 20.55359 19.08493 2.92969 4.76837 9.77325 9.78470 9.67026 23.35739 4.18472 3.00217 1.08337 4.48608 4.94766 5.77927 18.11981 9.64355 20.19882 1.27792 1.45721 4.19998 8.78906 10.86807 24.05167 7.25937
2.93350 3.05939 0.44250 8.51822 35.40039 37.10175 199.05472 140.35797 26.28326 2.84195 1.70517 6.72531 7.40051 29.35791 43.54095 18.36014 1.19400 0.12970 7.90024 2.94495 8.10623 10.24628 16.51764 22.93396 1.47629 6.76346 3.30353 2.66266 12.26044 6.36673 8.92639
2.84195 0.34332 0.85831 5.61523 15.62881 26.18790 20.98083 4.07410 4.62341 1.56403 3.02124 5.57709 8.91113 4.78745 17.82990 21.36230 11.77216 11.26480 11.37924 6.22559 3.18527 4.78363 23.25058 33.01239 7.35092 0.93460 2.16675 2.08282 5.05066 8.73184 5.16510
2.88010 3.34549 8.62503 15.85388 14.99176 3.85284 2.12479 3.63159 3.86810 4.56238 8.79669 7.34711 2.79617 0.58746 2.02560 4.25720 0.85068 4.44794 5.13840 2.88391 2.34222 2.43378 14.75143 25.93994 62.01172 6.02341 14.45389 1.89209 1.29700 0.76294 3.11661
