DATA/RAW-RASTER/ECMWF/20170628/EN-44/20170712.en-44.asc
ncols			31
nrows			16
xllcorner		69.5
yllcorner		19.5
cellsize		1.0
NODATA_value	-99999
2.89154 4.08173 3.78418 14.26697 8.78906 18.36395 20.28656 16.77704 8.31604 4.82941 5.69153 12.26807 10.94055 9.09424 5.53894 4.03595 3.77655 5.17273 7.31659 10.44464 4.09698 0.60272 0.04578 0.00763 0.99182 1.52588 1.26648 2.35748 15.06805 2.43378 2.34985
0.92316 1.42670 2.09808 9.23920 48.79761 48.40851 28.42712 14.57214 12.93182 12.36725 7.51495 9.55963 5.45502 5.39398 4.96674 5.66864 3.02124 3.41797 7.50732 13.39722 3.31116 0.05341 0.11444 0.01526 0.92316 0.99182 0.42725 7.59125 5.79834 12.90131 5.73730
2.76947 1.44196 1.02997 3.25775 178.00140 62.95776 24.79553 15.44952 8.90350 5.31769 4.89807 2.79236 2.63977 2.18964 1.50299 1.96075 2.06757 2.84576 8.62885 8.00323 3.64685 0.87738 1.22070 0.23651 0.58746 7.26318 17.95959 17.82990 13.04626 6.85120 4.72260
4.29535 0.16022 0.63324 8.04901 58.00629 72.54028 22.71271 20.69092 19.73724 4.54712 2.02179 0.70190 1.00708 2.34985 3.79181 7.95746 6.25610 5.05066 4.65393 10.10895 5.20325 5.29480 3.28827 1.17493 0.79346 1.67847 7.14111 7.53021 3.57056 7.05719 21.54541
2.22778 0.02289 0.79346 8.33893 12.39014 7.17163 53.79486 25.93994 13.45062 8.58307 0.89264 1.30463 0.68665 1.56403 0.49591 1.19019 2.22015 8.59833 5.55420 14.54926 10.39886 9.88770 5.47028 3.92914 6.78253 1.15204 3.63922 11.97052 7.72858 9.29260 5.95093
11.23047 1.83105 1.84631 1.77765 5.05066 15.38849 14.13727 52.43683 12.03156 17.62390 3.23486 2.54059 1.05286 0.76294 0.83923 1.35803 0.71716 3.57056 7.01141 16.84570 9.81903 4.98962 6.19507 8.31604 5.99670 8.02612 1.80817 4.42505 15.12909 14.23645 12.03918
0.84686 0.62561 1.06812 4.23431 12.07733 13.44299 30.41077 23.29254 8.51440 6.98853 3.31879 3.26538 3.23486 2.58636 3.16620 4.44031 1.53351 5.31006 4.51660 13.94653 11.84845 12.55798 12.65717 8.04901 4.77600 6.52313 8.28552 10.00977 10.16235 10.23102 9.14764
2.15149 4.60815 5.56183 8.03375 23.41461 9.23920 7.56073 11.61957 15.11383 3.86810 1.46484 1.68610 0.12207 8.48389 9.98688 2.18201 7.21741 2.93732 4.95148 3.02124 2.44141 12.68768 2.77710 11.85608 8.98743 2.15912 3.54004 8.48389 4.16565 5.24139 12.23755
0.01526 0.01526 3.60107 8.75854 3.34167 21.31653 15.61737 48.05756 5.73730 9.29260 1.47247 1.52588 1.37329 0.70953 0.99945 0.80109 0.50354 3.29590 6.22559 14.06097 8.11768 17.05933 17.18140 7.48444 16.67023 25.78735 3.46375 11.02448 28.61786 3.76129 9.09424
0.02289 0.58746 0.48828 6.71387 2.95258 5.14984 83.82416 28.09143 10.07843 2.91443 7.37762 2.47192 5.88989 1.09100 1.53351 3.25775 1.95312 2.39563 3.02887 5.14221 5.19562 8.94165 10.00977 8.23212 15.18250 22.20154 14.70184 24.04022 3.49426 9.45282 7.69806
0.47302 1.13678 0.80872 5.82886 3.30353 11.23810 28.59497 17.29584 2.67792 1.22833 1.45721 2.43378 4.01306 4.37927 2.08282 2.04468 1.83868 1.77765 2.15912 3.35693 2.25067 4.35638 15.25116 8.41522 1.74713 7.85828 34.08813 13.74817 7.15637 8.76617 9.05609
0.37384 1.42670 4.92096 5.04303 12.58850 4.03595 15.22064 8.65173 13.13782 1.99890 5.97382 2.25830 15.47241 9.42993 3.74603 1.62506 2.54059 2.09045 1.53351 4.95911 4.50134 6.45447 2.15149 19.85168 9.32312 4.62341 17.56287 46.83685 12.03918 12.74872 11.29150
2.76184 2.44141 1.21307 1.51825 14.06097 57.79266 99.94507 12.46643 2.64740 2.14386 11.48987 4.87518 6.89697 23.75031 14.38141 7.08008 6.40106 13.99994 1.95312 1.46484 0.68665 2.25067 11.76453 9.94873 2.09045 0.86975 2.52533 13.07678 15.76233 11.60431 11.03210
2.91443 2.69318 0.73242 11.27625 16.34216 22.87292 8.96454 1.83868 2.86102 3.63159 1.28937 11.89423 12.20703 26.32141 34.82056 11.63483 4.53186 4.21906 8.44574 6.66046 14.97650 8.85773 9.39178 4.44031 1.52588 0.72479 0.52643 12.07733 9.33075 12.47406 12.31384
6.61469 7.76672 33.70667 92.49115 124.20654 55.06897 36.57532 14.60266 12.96234 18.98956 24.39117 56.09131 8.89587 24.25385 35.38513 14.65607 19.01245 5.72205 6.63757 8.11768 8.33893 5.28717 4.57001 3.00598 1.07574 1.03760 0.68665 5.53894 17.18903 15.20538 19.01245
6.11877 18.38684 55.05371 115.28778 69.80133 25.93231 20.27893 8.28552 1.39618 11.11603 23.47565 28.97644 8.04138 18.20374 5.40924 7.33185 6.32477 10.74982 7.76672 8.15582 8.27026 8.17871 6.98853 5.21851 13.53455 2.18964 1.46484 9.30786 9.28497 6.95801 9.59015
