DATA/RAW-RASTER/ECMWF/20170628/EN-44/20170710.en-44.asc
ncols			31
nrows			16
xllcorner		69.5
yllcorner		19.5
cellsize		1.0
NODATA_value	-99999
1.06812 1.79291 3.52478 1.49536 0.00000 0.05341 0.07629 0.22888 0.61035 1.81580 0.86212 0.12970 0.74768 0.06866 0.38910 0.19073 0.51880 0.35095 0.19836 0.71716 1.73950 2.22778 4.39453 2.66266 0.67139 3.25775 1.38092 0.51117 1.25122 2.99835 8.30078
0.04578 0.42725 11.00159 13.19885 7.58362 0.68665 2.19727 0.45013 0.04578 0.73242 1.11389 0.20599 0.25177 0.20599 0.93842 0.66376 0.99182 1.29700 1.54877 1.09100 6.01959 0.36621 1.56403 0.86975 0.64087 0.63324 1.86157 1.01471 1.12152 3.19672 6.07300
1.10626 10.50568 11.84845 18.47839 22.33124 47.92786 23.38409 3.98254 1.04523 2.70844 1.11389 0.02289 0.09918 0.19073 0.11444 0.69427 1.54877 0.55695 1.28937 4.02069 0.74768 0.03052 0.16785 0.91553 0.96130 0.82397 0.67139 1.39618 2.47955 3.25012 6.63757
5.50842 2.26593 5.73730 19.21082 18.18848 34.79767 24.97864 34.61456 6.52313 8.43811 2.48718 0.37384 0.00763 0.07629 0.13733 0.09155 0.26703 0.43488 0.73242 0.46539 0.61035 0.41199 0.89264 0.74005 1.09100 0.57220 1.77765 1.49536 1.94550 4.70734 4.38690
1.25885 0.01526 1.18256 10.92529 20.19501 15.67841 18.04352 5.85175 25.84839 5.09644 8.77380 7.44629 3.75366 1.12915 1.23596 1.46484 1.03760 1.89972 0.04578 0.12970 0.03052 0.03815 0.89264 1.11389 1.73187 2.36511 1.69373 1.09863 2.21252 9.26208 8.87299
2.50244 0.32806 0.21362 0.62561 9.16290 17.77649 18.21899 7.75909 10.23102 32.20367 38.16986 12.58087 17.63153 23.56720 21.79718 7.80487 7.01904 9.47571 2.44141 0.19073 0.25177 0.06866 0.77820 0.97656 1.51825 13.00812 6.53076 5.37872 9.41467 15.86151 4.83704
0.00000 0.00000 0.28229 0.22125 1.35040 14.75525 14.10675 15.85388 6.31714 82.96967 78.91846 19.97375 7.60651 20.70618 4.99725 3.01361 5.11169 13.26752 7.33948 1.38092 6.27899 3.99780 1.88446 1.32751 7.69806 33.22601 20.24841 11.39832 16.48712 25.86365 11.29913
0.00000 0.00000 0.00000 0.08392 0.06866 0.56458 8.54492 18.86749 32.02820 66.38336 33.84399 13.35907 3.31879 129.77600 57.20520 10.94055 11.65771 5.73730 6.69098 8.80432 13.46588 14.08386 6.50024 20.75958 35.18677 14.58740 20.94269 12.41302 20.58411 9.58252 14.74762
0.00000 0.00000 0.00000 0.00000 0.00000 0.42725 0.58746 37.30774 5.96619 47.05811 11.32202 5.62286 38.73444 7.61414 29.25110 24.47510 12.17651 10.65826 11.91711 12.93182 50.15564 6.32477 11.62720 10.08606 8.92639 10.31494 19.95087 17.11273 31.08978 17.42554 18.30292
0.15259 0.18311 0.16022 0.21362 0.12207 0.07629 2.92206 4.10461 14.82391 96.03119 6.17218 9.08661 14.60266 25.92468 20.24078 11.69586 9.17053 3.12042 2.37274 3.66211 2.22015 1.93024 1.28174 2.47192 8.80432 28.45764 9.40704 9.02557 10.36835 1.64032 3.38745
1.35803 1.06812 0.38147 0.88501 0.06866 1.21307 8.43048 15.80811 128.78418 13.87024 0.88501 1.34277 6.74438 13.09967 7.10297 4.72260 0.77820 2.29645 0.71716 0.96130 1.93024 1.69373 4.97437 2.15912 3.66211 0.42725 1.67847 1.57928 4.63104 0.94604 7.98035
0.36621 0.54932 2.24304 4.57001 0.96130 1.12152 3.89099 4.82941 6.64520 3.37219 8.62122 13.51166 2.34222 6.01196 6.69098 2.87628 1.38855 1.63269 2.25830 0.81635 1.20544 1.28174 1.20544 9.07898 1.96075 1.01471 0.41962 1.96075 7.69043 7.69806 6.41632
1.80817 1.61743 1.30463 7.92694 24.53613 25.00916 4.29535 8.35419 12.59613 12.58850 17.21954 15.04517 7.52258 2.08282 14.09912 2.15912 2.51007 2.46429 2.31934 1.29700 1.83105 1.39618 2.79236 6.61469 0.96893 2.40326 0.32806 2.58636 7.23267 8.74329 10.83374
1.35040 2.38037 1.14441 5.59235 1.54114 0.45013 0.45013 11.68060 4.63104 2.78473 12.73346 9.94873 7.91931 9.03320 15.06042 4.28009 7.37000 9.00269 3.74603 5.21851 4.88281 9.60541 2.38800 14.04572 1.06812 0.69427 0.33569 3.34930 3.85284 2.31171 3.99017
3.43323 5.47028 14.45007 7.93457 2.31171 1.16730 9.05609 3.47137 3.47900 4.34113 19.81354 16.76941 27.95410 15.66315 32.98187 16.12091 16.42609 11.76453 6.50024 5.42450 9.27734 11.26099 11.64246 21.65985 6.30951 1.26648 1.80817 6.46973 0.77820 4.42505 5.32532
3.44849 9.58252 18.69965 25.21515 2.88391 3.12805 2.87628 2.92206 4.05121 10.66589 19.82117 24.77264 35.81238 32.85980 49.16382 29.23584 27.77100 30.60150 13.74054 12.90131 16.94489 22.68219 22.78900 22.95685 19.64569 2.30408 59.12781 1.73187 0.70953 6.59180 1.13678
