DATA/RAW-RASTER/ECMWF/20170628/EN-44/20170708.en-44.asc
ncols			31
nrows			16
xllcorner		69.5
yllcorner		19.5
cellsize		1.0
NODATA_value	-99999
2.51007 0.18311 0.12970 0.89264 0.00000 0.00000 0.00000 0.03052 0.18311 0.06104 0.00000 0.94604 1.38092 1.12915 1.32751 1.22070 1.43433 2.49481 2.09045 3.92151 6.42395 9.35364 12.69531 14.39667 6.37817 0.90027 0.64087 0.11444 0.12207 1.79291 6.17218
0.00763 0.00000 0.20599 0.35858 0.70190 0.01526 0.03815 0.35858 0.19073 0.60272 1.51062 1.64795 2.83051 3.89862 2.58636 1.90735 2.92206 2.33459 3.37219 5.19562 14.44244 19.85168 8.24738 5.68390 4.44794 1.44958 1.65558 1.27411 1.88446 5.61523 6.93512
0.06104 1.48010 0.03052 0.98419 3.34167 9.08661 2.16675 0.06866 1.04523 0.22125 1.13678 1.66321 2.18964 1.91498 6.58417 8.33130 4.80652 4.20380 12.16888 20.46204 46.11206 23.67401 6.29425 2.55585 1.29700 2.26593 2.09045 2.31171 3.92151 3.92914 9.47571
0.94604 0.23651 0.00000 0.22125 0.44250 0.63324 3.95966 6.26373 0.45776 2.40326 4.15802 6.85883 5.06592 7.88879 9.38416 5.15747 2.56348 3.21960 4.26483 4.11224 21.55304 10.29968 4.55475 1.22070 0.47302 1.99127 5.19562 7.40051 1.57166 4.37164 6.31714
1.62506 0.06104 0.05341 0.09155 1.48773 1.53351 2.58636 1.59454 12.26807 1.63269 1.50299 7.42340 4.38690 29.51813 9.31549 6.37817 3.96729 8.11768 3.83759 11.35254 7.53784 4.95148 4.34875 1.23596 5.26428 12.86316 9.75800 10.18524 10.32257 8.85773 6.42395
5.54657 0.02289 0.09918 0.09155 0.33569 0.38147 3.41034 9.75800 4.79126 6.27899 18.05878 8.04138 8.73566 3.94440 19.72961 24.64294 14.01520 9.25446 10.91766 10.47516 10.20813 10.02502 5.76782 9.73511 25.92468 28.54156 9.50623 9.62067 19.48547 20.91980 10.88715
0.00000 0.00000 0.15259 0.00763 1.42670 1.14441 0.62561 0.78583 0.45776 1.54114 2.12860 60.20355 13.82446 11.42120 1.36566 6.74438 16.88385 12.87079 29.80804 15.89966 17.82990 19.05060 6.91223 8.30078 13.15308 31.12793 19.34814 6.46210 7.94983 2.64740 2.25830
0.00000 0.00000 0.09918 0.22888 0.16785 1.02234 0.75531 2.77710 1.01471 0.14496 0.19073 0.37384 1.56403 4.19617 5.33295 7.90405 39.97803 8.86536 3.46375 8.57544 11.38306 19.63043 4.73022 33.08105 19.76013 10.33783 5.83649 8.97980 14.24408 2.38800 5.50079
0.00000 0.00000 0.02289 0.30518 0.26703 1.89972 9.70459 5.17273 1.66321 1.28937 0.49591 0.55695 0.12970 0.96893 9.52911 14.67133 32.28760 11.01685 19.40155 36.03363 13.13782 27.63367 8.85773 18.79883 8.04138 15.28168 9.15527 11.74164 10.17761 2.51770 4.60052
0.09918 0.13733 0.32043 0.79346 0.47302 6.08063 7.20215 40.79437 7.53021 10.86426 1.31989 1.35803 0.31281 0.28992 0.53406 10.89478 13.09204 13.59558 12.23755 7.52258 12.87842 21.95740 19.36340 5.13458 9.42993 3.56293 2.33459 11.22284 7.23267 9.76562 2.36511
0.70190 0.81635 0.64850 0.64850 1.04523 3.36456 19.06586 19.25659 22.52197 2.27356 3.03650 0.90027 1.40381 0.22888 0.46539 0.22888 5.24139 14.22882 6.04248 12.34436 15.04517 16.91437 8.31604 20.15686 13.19885 5.66864 0.54169 8.56781 15.70892 2.98309 1.25122
1.15967 0.91553 1.76239 4.49371 3.87573 2.92206 1.89209 18.96667 38.58185 18.10455 3.54004 0.37384 0.43488 0.58746 0.31281 0.94604 18.36395 11.71112 8.20923 4.91333 3.60107 5.09644 2.68555 14.97650 16.60919 0.44250 0.96130 7.41577 13.00812 4.61578 0.99945
0.69427 1.05286 0.91553 1.63269 0.19836 1.35040 0.50354 3.18146 1.52588 1.59454 2.82288 0.85449 0.78583 0.61798 0.13733 2.45667 1.93024 4.18854 13.31329 6.15692 3.71552 1.45721 2.10571 19.99664 2.67792 0.36621 0.71716 5.82123 12.88605 5.24139 8.81195
1.20544 0.83160 0.80109 3.21960 2.17438 1.24359 1.78528 0.88501 1.99890 1.22833 4.32587 1.59454 0.57220 0.28992 0.57983 0.33569 8.44574 9.10187 10.39886 8.34656 2.31171 8.21686 4.23431 2.70081 2.86102 0.56458 0.64087 17.57050 8.35419 7.50732 10.78796
2.29645 4.59290 2.22778 4.48608 2.60162 0.86975 1.57166 1.35803 4.26483 0.45013 0.69427 0.87738 0.46539 0.52643 0.59509 7.77435 2.94495 5.34058 12.00867 12.78687 11.07788 4.57764 5.66864 3.57056 12.11548 1.04523 0.45776 8.70514 6.05011 2.41852 5.76782
4.27246 3.43323 7.80487 15.95306 1.93787 2.03705 4.45557 1.77002 1.52588 5.52368 11.08551 3.25012 0.67902 4.82941 0.76294 4.63104 21.45386 34.80530 8.20923 19.52362 8.94165 7.30896 6.68335 7.74384 2.11334 1.17493 0.90027 1.44196 5.56183 5.31006 15.65552
