DATA/RAW-RASTER/ECMWF/20170628/EN-44/20170707.en-44.asc
ncols			31
nrows			16
xllcorner		69.5
yllcorner		19.5
cellsize		1.0
NODATA_value	-99999
0.88501 2.92969 0.13733 0.67902 0.00000 0.24414 0.19836 0.01526 0.16785 0.33569 2.47192 2.00653 3.48663 0.40436 0.33569 0.82397 1.46484 0.61035 0.45776 2.63214 4.42505 2.22778 2.44141 1.59454 0.92316 4.14276 9.46045 9.93347 9.51385 15.37323 27.58789
0.44250 1.31989 1.89209 1.35803 1.19781 0.16785 0.01526 1.37329 0.08392 0.06866 2.16675 1.66321 2.97546 0.87738 1.06812 0.73242 0.64087 0.27466 0.96130 2.72369 3.61633 7.05719 10.68115 6.46210 4.16565 7.82013 4.00543 10.97870 19.47021 22.27783 13.54218
0.93842 3.89099 0.52643 0.13733 3.02887 1.73187 0.99182 0.15259 0.00000 0.00000 1.96075 4.33350 4.15039 6.14166 10.20050 3.80707 0.35095 0.12970 0.35858 0.69427 2.08282 4.41742 9.83429 14.22119 14.36615 16.92963 10.56671 17.34161 26.67999 13.29803 7.94983
1.50299 1.10626 0.18311 0.09155 0.32043 3.88336 6.52313 4.81415 0.24414 0.16022 6.46210 5.88226 7.50732 17.82990 10.19287 4.40979 2.06757 0.95367 0.40436 0.43488 1.99890 4.66156 12.48932 9.07898 22.97211 13.21411 15.38849 16.74652 27.51160 13.43536 10.96344
4.51660 2.73895 1.64032 0.37384 1.15967 1.19781 1.62506 1.89972 8.82721 8.43811 1.95312 9.47571 7.77435 6.02722 3.12805 3.96729 3.32642 2.64740 2.18964 0.50354 0.67139 2.02942 11.91711 9.88007 11.71875 9.81140 10.67352 14.21356 16.28876 11.75690 12.84027
2.77710 0.03052 0.03052 0.25940 0.93842 0.70190 1.77765 1.67847 7.05719 22.27020 10.19287 13.78632 11.15417 7.54547 5.79071 1.19781 12.42065 5.79834 9.68170 7.25555 11.78741 7.09534 5.14984 5.93567 2.44904 13.12256 4.57764 0.61035 4.77600 2.44141 5.96619
0.00000 0.00000 0.00000 0.19836 0.52643 5.95093 2.73895 12.45117 150.65765 10.07843 13.21411 21.36230 27.03857 15.83099 0.59509 3.36456 3.76892 1.25122 5.30243 2.62451 1.73187 2.69318 3.24249 3.37219 6.56128 15.02228 14.36615 8.27789 6.91223 5.37872 0.60272
0.00000 0.00000 0.00000 0.00000 0.00763 1.51825 4.44031 3.41034 6.29425 12.63428 14.19067 7.24792 1.77002 21.20209 22.17102 46.16547 19.40155 0.28229 3.82233 1.31226 2.68555 7.33185 1.60980 14.90021 42.71698 32.31812 18.90564 18.98956 56.92291 10.16235 5.95093
0.06866 0.11444 0.00000 0.00763 0.27466 0.35858 1.73950 13.32855 8.23212 12.45880 3.49426 1.20544 0.42725 2.31171 5.74493 4.37164 18.46313 7.36237 17.16614 29.96063 6.94275 6.82831 9.65881 15.33508 8.65173 3.81470 16.26587 26.37482 56.52618 9.61304 11.26099
0.45776 0.57983 1.42670 1.21307 1.02997 2.70844 11.68060 36.84235 164.11591 47.04285 10.05554 0.81635 0.29755 0.16785 0.33569 1.37329 3.85284 1.14441 1.65558 2.33459 8.47626 11.20758 18.09692 2.65503 3.59344 8.21686 13.09204 17.43317 17.28058 3.63922 2.27356
1.25885 1.38855 0.98419 0.41199 0.50354 4.18091 0.12970 7.43103 19.63806 56.50330 71.92993 5.22614 0.28229 1.15204 4.97437 0.23651 1.42670 4.99725 7.17926 5.31006 2.75421 7.28607 18.89801 1.64032 8.23975 10.51331 6.60706 3.87573 16.94489 12.80975 9.11713
0.70190 0.99945 1.64795 1.72424 0.62561 1.34277 0.27466 0.54169 2.38037 6.27136 18.79883 1.73950 7.95746 48.89679 1.58691 1.93787 0.25940 9.49860 31.93665 5.53894 2.49481 2.75421 2.48718 20.59937 83.96149 6.62994 1.37329 3.25012 1.33514 2.77710 8.24738
0.62561 0.34332 0.06866 0.40436 0.35858 0.51880 0.55695 0.83160 0.59509 4.36401 8.45337 15.19012 12.16125 15.54871 2.21252 0.96130 1.27411 0.32043 9.66644 14.41956 17.21954 10.49042 5.38635 13.52692 3.63922 2.30408 2.23541 3.42560 1.55640 0.83923 2.10571
0.82397 0.91553 0.34332 1.18256 1.95312 0.22125 0.86212 2.11334 1.26648 1.25885 8.72803 5.54657 8.19397 7.67517 0.50354 1.08337 14.29749 9.14001 2.28882 4.97437 9.40704 11.24573 7.67517 15.33508 4.56238 0.72479 1.35040 0.70953 1.24359 1.05286 0.46539
1.99127 2.25067 2.86102 3.21960 2.79236 1.21307 1.41144 1.90735 0.49591 0.67139 0.83923 0.95367 1.35803 1.51062 0.61035 0.22888 1.04523 7.08771 16.61682 3.87573 3.92151 10.84900 20.74432 6.73676 0.57983 2.81525 1.60217 0.49591 0.64087 1.26648 0.69427
2.97546 3.02124 4.41742 7.78961 0.54932 1.98364 2.33459 2.13623 0.80872 0.17548 0.37384 0.41962 0.16785 0.41199 0.28992 0.93079 10.17761 1.38092 7.40051 7.60651 5.43213 17.47894 30.25055 17.87567 4.61578 4.76074 13.44299 2.65503 0.86212 0.70190 1.83868
