DATA/RAW-RASTER/ECMWF/20170628/EN-44/20170705.en-44.asc
ncols			31
nrows			16
xllcorner		69.5
yllcorner		19.5
cellsize		1.0
NODATA_value	-99999
0.00000 1.22833 0.07629 0.77820 3.73840 3.92914 4.18854 2.57874 1.42670 0.51117 0.09918 0.28992 1.68610 1.33514 3.49426 7.66754 6.80542 5.26428 16.17432 4.61578 3.55530 1.42670 0.92316 1.96838 5.52368 2.92969 7.94983 5.54657 7.68280 7.74384 3.41797
0.00000 0.00000 0.57220 0.89264 10.00977 2.70081 0.54932 0.18311 0.66376 0.01526 0.00000 1.01471 2.44904 4.58527 12.04681 8.04138 5.94330 4.49371 4.42505 0.54169 5.22614 9.99451 3.72314 4.18091 4.27246 8.76617 2.78473 4.10461 9.81903 7.76672 5.83649
0.01526 1.53351 2.14386 4.95148 11.48987 3.63159 2.22778 0.15259 0.03052 0.01526 1.12152 1.54114 2.51770 3.31879 9.46045 7.62939 12.00867 4.73785 2.04468 3.63922 7.83539 11.52802 9.17816 7.15637 10.72693 7.30896 7.31659 7.43866 12.71820 10.77271 7.84302
3.25012 0.02289 0.04578 2.91443 4.55475 9.84192 2.51770 13.90839 0.03052 0.00763 2.80762 1.70135 1.86920 5.63049 11.63483 6.34766 10.13184 8.42285 3.57819 8.97980 9.70459 9.94110 12.39777 9.15527 6.08826 0.82397 8.61359 7.59888 15.20538 9.88770 12.87842
1.20544 0.00000 0.00763 0.00000 1.55640 8.14056 3.44849 2.20490 2.47192 0.67139 1.67847 3.25012 2.74658 3.21198 2.24304 8.48389 7.63702 11.22284 2.50244 4.04358 10.87189 2.92969 2.70081 3.10516 1.54114 0.54932 1.08337 2.11334 15.44952 3.32642 4.98962
0.73242 0.00000 0.00000 0.00000 0.17548 1.17493 3.66974 2.47955 4.21143 20.01953 37.18567 5.21851 6.53076 1.15204 3.38745 6.38580 1.66321 4.00543 1.19781 1.77765 2.68555 3.34930 7.20215 6.09589 4.56238 8.53729 5.08118 0.74005 8.85773 6.33240 6.14166
0.00000 0.00000 0.00000 0.00000 0.00000 0.08392 2.25067 6.00433 5.63049 20.27130 15.51819 27.64893 24.20044 13.36670 10.00977 5.96619 6.98853 2.69318 1.64795 2.31934 1.35803 0.56458 1.57166 2.43378 7.08008 20.78247 6.25610 13.81683 7.49969 0.90790 1.64795
0.00000 0.00000 0.00000 0.00000 0.00000 0.01526 2.60925 7.34711 16.09039 14.06860 26.14594 16.56342 13.10730 48.05756 110.44312 42.68646 16.13617 12.62665 4.86755 3.70026 3.40271 13.32855 3.52478 22.78900 17.52472 11.51276 21.67511 18.51654 11.84845 0.72479 4.11987
0.00000 0.00000 0.00000 0.03052 0.00763 0.00763 3.44849 5.79834 23.59772 10.75745 25.79498 21.78192 65.25421 53.77960 11.02448 18.28766 11.66534 6.88171 31.21948 42.56439 13.43536 13.05389 6.78253 7.98798 10.41412 1.96838 18.15796 40.75623 21.10291 2.73132 0.74768
0.00763 0.04578 0.33569 0.92316 0.25177 0.00000 2.57111 12.89368 32.42493 27.41241 47.11151 5.85938 11.52039 66.77246 4.90570 9.43756 15.09094 15.07568 10.85663 84.27429 7.79724 13.09204 10.87189 7.23267 20.56885 26.02386 30.12848 11.52802 4.58527 1.06049 6.38580
0.38910 0.80109 0.77820 0.57983 0.00000 0.00000 0.00000 9.58252 47.34039 30.22766 28.68652 3.14331 35.93445 123.69537 55.37415 10.52856 2.45667 18.48602 17.95959 40.26031 17.83752 15.83099 17.46368 4.41742 4.77600 11.90948 15.01465 3.81470 14.44244 4.21906 3.41797
0.22888 0.12207 0.46539 2.02942 0.62561 0.51880 0.44250 0.55695 1.41144 1.99890 4.40216 0.70190 11.90186 16.64734 3.85284 5.72968 2.28119 14.13727 23.81897 42.33551 39.08539 19.59229 1.09863 6.26373 33.95081 42.92297 40.66467 9.39941 1.83868 3.71552 24.16992
0.25940 0.47302 0.14496 1.46484 3.02887 1.81580 0.61035 1.06049 2.09045 1.00708 2.88391 2.37274 0.65613 1.25122 2.54822 0.99945 8.86536 11.93237 16.35742 21.79718 50.85754 74.76044 8.75854 6.24847 22.93396 23.10181 65.45258 24.08600 5.54657 3.36456 8.18634
0.35858 0.78583 1.59454 2.13623 1.31989 1.64032 0.75531 0.83923 0.22125 0.14496 0.55695 0.37384 0.24414 0.24414 0.67902 0.64087 3.79944 6.27136 10.20813 8.03375 11.16943 61.53107 25.50507 24.69635 33.97369 19.48547 11.38306 8.10242 19.37866 6.98090 3.54767
0.41199 0.51880 0.93079 3.43323 4.73022 0.86975 1.36566 1.42670 0.60272 0.01526 0.44250 0.16022 0.08392 0.19836 0.38147 0.42725 0.83923 5.09644 9.08661 19.26422 10.58197 27.25220 29.60968 11.03210 9.45282 6.67572 31.48651 9.99451 20.33997 7.19452 10.04028
2.00653 0.88501 2.45667 9.42230 0.74768 1.34277 1.02234 0.77057 0.22125 0.34332 0.36621 0.25940 0.11444 0.20599 0.54932 0.15259 0.80109 1.65558 4.44031 6.28662 8.62122 20.30182 25.53558 37.13226 43.39600 9.78851 40.12299 28.64075 24.36066 24.33777 48.83575
