DATA/RAW-RASTER/ECMWF/20170628/EN-44/20170709.en-44.asc
ncols			31
nrows			16
xllcorner		69.5
yllcorner		19.5
cellsize		1.0
NODATA_value	-99999
0.97656 0.19073 1.20544 3.44086 0.00000 0.00000 0.00000 0.01526 0.11444 0.38147 0.10681 0.00000 0.00000 0.00000 0.00000 0.00763 0.00763 0.04578 0.08392 0.16022 0.25177 1.96838 3.02887 5.51605 7.27844 6.21033 9.01794 9.12476 10.97870 19.82117 22.60590
0.00000 0.01526 6.21033 4.80652 3.64685 0.13733 0.06866 0.00000 0.36621 0.01526 0.13733 0.00000 0.00000 0.00000 0.00000 0.00000 0.00763 0.00000 0.06866 0.32043 0.23651 6.44684 8.84247 7.89642 8.46100 14.41956 18.44025 18.15796 21.89636 21.62933 10.60486
0.34332 0.48065 0.12207 5.56183 12.03156 19.53125 3.17383 0.44250 2.60925 0.19836 1.47247 0.03052 0.00000 0.00000 0.00000 0.00000 0.00000 0.00000 0.00000 0.09918 1.28174 5.12695 11.37543 14.95361 11.19232 16.27350 20.11871 18.18085 19.43970 10.44464 4.75311
0.16022 0.00000 0.44250 3.41797 7.63702 19.55414 31.48651 16.45660 5.46265 2.12860 0.82397 0.10681 0.05341 0.06104 0.25177 0.04578 0.00763 0.19073 0.06104 0.45013 0.15259 2.19727 5.79071 9.81140 8.31604 22.10999 21.00372 13.77869 12.45880 5.56946 3.96729
1.16730 0.00000 0.00763 1.23596 6.20270 4.24957 5.29480 4.89044 4.63867 6.26373 1.97601 1.82343 0.89264 1.46484 2.05994 1.99127 0.73242 0.55695 1.13678 1.82343 1.31226 3.50952 8.98743 7.24030 8.97217 8.07190 7.55310 7.91168 9.00269 4.97437 7.79724
0.09918 0.00000 0.00000 0.00000 0.09918 0.12970 4.54712 17.93671 9.59015 36.13281 32.45544 13.98468 14.38141 3.18146 1.34277 1.75476 10.28442 8.10242 8.17108 4.83704 3.99780 7.44629 6.62994 16.45660 20.62225 20.72906 5.55420 3.02887 21.90399 8.77380 9.91821
0.00000 0.00000 0.01526 0.00000 0.06866 0.61035 1.37329 7.19452 9.97925 4.04358 58.93707 38.54370 34.02710 25.71106 21.75140 23.96393 23.24677 16.85333 11.52039 13.51929 10.80322 15.25116 22.82715 18.93616 15.92255 30.79987 18.47076 7.17926 3.71552 15.35034 8.34656
0.00000 0.00000 0.02289 0.00000 0.12207 0.71716 0.58746 10.42175 16.19720 8.99506 8.06427 28.12195 17.76123 53.38287 113.94501 28.91541 14.20593 11.87134 11.36780 14.35852 23.21625 23.49854 10.09369 20.42389 24.91760 33.85925 22.45331 6.33240 33.26416 5.70679 17.43317
0.00000 0.00000 0.00000 0.00000 0.57220 0.33569 5.00488 14.25171 14.25934 14.77814 1.06049 0.77057 0.81635 2.98309 21.62170 10.10895 13.42010 27.61078 13.64899 132.37000 183.32672 45.25757 102.69928 31.44836 10.50568 11.23047 18.66150 23.13995 13.66425 3.63159 9.83429
0.01526 0.03052 0.00763 0.03815 0.14496 0.50354 3.73077 12.70294 16.16669 10.36072 0.54169 0.51117 0.34332 0.52643 3.27301 10.84137 9.67407 17.76123 16.08276 15.26642 5.35583 3.38745 16.25824 0.64087 4.11987 4.60052 1.42670 2.74658 13.91602 1.99127 6.94275
0.33569 0.40436 0.17548 0.43488 0.19073 1.33514 4.89807 15.17487 100.50201 5.84412 2.09045 1.32751 0.08392 0.09918 0.06866 11.52039 12.19940 14.20593 6.59943 10.10132 2.61688 3.44849 5.56946 15.55634 3.18146 1.67847 1.34277 6.27899 6.53839 4.76074 3.92151
0.49591 0.37384 1.00708 1.93024 8.88824 2.54822 13.69476 39.02435 111.77063 6.97327 1.38092 0.64850 0.12207 0.22125 3.84521 26.70288 8.21686 16.72363 5.26428 4.26483 1.28174 1.92261 0.10681 22.97211 3.82996 0.71716 0.10681 2.60162 3.99780 6.66809 5.43976
1.35803 1.77765 0.32806 2.03705 2.12097 1.83868 6.25610 2.38800 0.08392 0.67139 1.52588 0.74768 0.46539 0.20599 6.21033 9.04083 12.61139 6.02722 3.86047 1.32751 2.11334 0.90790 0.64850 0.48828 2.95258 0.28992 0.02289 4.38690 1.83105 11.48224 8.23212
1.42670 1.80817 0.49591 2.62451 2.50244 0.54169 2.52533 9.66644 4.11987 0.41962 1.76239 0.56458 0.36621 2.02942 29.23584 13.15308 21.46149 15.60211 3.87573 4.76074 2.72369 3.73077 0.86975 4.51660 0.57983 0.17548 0.50354 0.80109 2.28119 2.15149 2.68555
2.31934 3.02887 2.23541 4.63104 1.77765 0.75531 1.23596 1.00708 1.57928 0.71716 1.44196 2.60925 16.27350 7.47681 12.24518 15.36560 30.87616 3.90625 3.22723 1.68610 1.93787 2.44141 4.98199 2.98309 0.51117 0.43488 0.22888 0.29755 2.91443 1.76239 10.84900
1.70898 2.53296 5.83649 5.97382 1.85394 1.68610 0.65613 0.74768 0.32043 4.18854 13.35907 19.67621 43.77747 48.95782 7.46918 19.76013 30.76935 7.94220 6.28662 5.83649 3.25012 4.98962 8.54492 11.62720 6.61469 3.78418 10.24628 6.61469 1.54114 7.28607 2.41852
