DATA/RAW-RASTER/ECMWF/20170628/EN-44/20170628.en-44.asc
ncols			31
nrows			16
xllcorner		69.5
yllcorner		19.5
cellsize		1.0
NODATA_value	-99999
4.43268 22.74895 18.10646 12.85362 13.21220 12.21657 13.39722 9.12857 3.03268 0.08392 1.47820 5.80215 9.56917 3.18527 2.00081 9.36317 3.32642 2.25830 0.62561 2.67792 1.01662 0.54741 0.49400 0.60272 0.84686 0.47493 0.55122 1.35803 0.32616 0.40627 4.40598
4.91905 11.67297 25.43068 20.19882 7.01141 20.22552 9.65118 1.31607 4.40025 0.38528 1.50871 2.64740 2.63214 3.27682 2.80190 7.99370 11.68251 14.55498 6.79588 1.25122 1.07574 4.38309 1.10054 0.70381 0.67139 1.47247 0.70572 2.70844 1.42097 0.11635 0.25177
28.59497 31.29959 35.23827 28.77426 23.84567 19.56177 23.41461 9.68933 4.35638 2.05803 0.74005 0.44250 5.83076 6.61278 7.46727 7.74002 4.33922 6.59561 11.78932 9.55772 9.95827 11.54327 5.85938 4.54903 0.48828 0.47684 0.11826 0.00000 0.19646 0.16785 0.20409
58.79784 64.74113 27.35710 20.69092 11.55090 26.18599 13.08441 19.73343 6.78635 0.45395 1.10626 1.00136 1.25885 3.22342 6.25229 7.49016 9.31931 10.13184 10.58388 15.75470 21.02470 18.13698 17.95769 8.72040 2.34413 0.12970 0.74005 0.92316 0.46921 3.18527 3.41606
23.33069 43.91861 34.91020 33.34808 47.14394 35.70747 20.77293 5.88989 5.18036 4.43649 0.50163 1.02615 2.79236 1.31226 2.84004 2.78282 5.49316 9.24301 13.25989 11.43265 17.71545 16.10184 9.71603 4.43649 1.66512 8.46672 3.43323 3.15857 7.23267 5.33295 7.43866
51.63765 33.37097 31.36063 11.80267 18.10646 34.16634 27.71759 8.41141 5.09453 12.21275 6.07491 3.01361 3.71552 0.71144 6.65665 1.97220 4.03786 8.95500 18.78929 16.68930 9.77898 12.44354 9.05228 10.65636 11.74545 8.56972 3.73077 5.95474 11.16562 17.82608 9.67216
14.42719 24.52850 10.25200 12.57896 4.47083 23.81706 26.43013 12.87460 10.48279 13.12256 14.34898 17.04979 7.48253 5.99670 6.71577 5.47409 1.82152 7.47681 3.77083 8.86345 5.32341 0.92316 6.45638 6.61278 18.77213 7.27272 7.57599 9.94301 2.26974 18.13126 11.42311
16.94679 9.43756 4.56238 2.13814 3.45039 21.14296 7.60460 12.01248 28.15247 18.91327 14.51111 21.43860 9.26781 31.19278 32.07397 20.09583 14.49966 3.51906 1.50490 4.67873 12.12502 21.15440 7.55310 29.89197 37.27150 13.84354 15.98740 2.89154 92.33475 18.05687 14.48441
7.23457 75.23346 6.85883 1.21117 4.85420 3.01552 2.65694 23.69881 26.73531 22.62115 32.32574 12.12883 11.44218 13.13210 9.91821 10.54001 2.05994 6.11115 57.02591 51.21803 66.60461 35.01320 16.54434 12.43019 8.96835 17.82608 14.51874 91.46309 62.81090 15.36751 5.03159
7.27272 4.50897 3.87001 3.46947 7.27463 3.04604 3.76129 1.47820 15.65742 32.45163 41.32271 14.29749 27.37617 12.29095 4.72450 6.35147 8.07381 5.50461 8.40759 20.08438 17.33208 54.75616 43.76221 1.03569 15.27214 14.09531 13.49068 5.26237 27.06909 3.04985 9.58061
9.63020 5.31578 3.53241 4.60815 1.22643 1.86539 0.41008 2.96211 9.22203 10.06317 29.48952 36.79085 22.27020 15.62309 12.94327 8.42476 18.54324 3.19290 2.24876 2.39944 7.63130 21.92879 22.67075 10.81085 8.65936 15.43617 14.14299 17.74788 11.32011 3.66974 4.41742
12.35962 1.06812 1.28746 17.85469 11.45935 1.06239 0.90981 3.79562 5.72014 13.37433 15.00511 15.09857 16.44707 17.29012 10.53429 11.84654 3.48091 11.76834 7.59697 10.12993 8.32367 3.04413 4.16756 22.22252 7.30896 19.62852 5.92804 22.72606 12.31766 23.67973 13.34953
10.81467 18.21327 11.60812 3.37219 1.45912 1.01280 0.33951 2.59972 3.53622 7.02286 16.20483 8.59070 10.36644 34.61647 14.25171 18.47267 14.39857 18.90755 4.55475 1.99127 7.03430 4.70161 2.96402 23.09799 11.54900 2.28310 1.44577 12.68768 19.10400 13.61465 16.79611
14.53781 30.41458 5.85747 4.09126 4.25911 0.94414 0.06104 0.38910 0.77820 3.98254 11.29150 19.05251 9.24683 11.13701 14.49203 14.86969 5.08690 3.95966 9.98878 5.25093 4.78554 3.67737 11.18279 2.10762 2.42615 0.29755 1.22833 7.17926 23.26393 37.30583 9.51385
55.95016 34.13963 10.12802 39.21890 4.65202 1.10435 0.00000 0.56839 0.50545 1.95122 4.15421 9.69315 4.88091 10.86998 14.82391 22.21489 32.77779 6.24084 6.30379 6.19125 3.15475 3.02124 6.10733 9.74274 2.95448 0.93651 0.74768 4.06456 4.51279 8.62503 16.62827
36.41891 61.14197 68.49098 33.38623 9.45663 6.98280 2.77519 1.11389 0.93269 0.82016 1.53351 1.87874 4.43077 2.97356 7.24983 27.42195 37.83798 27.42958 30.33829 4.07028 3.06892 3.51906 6.63185 13.97705 12.93564 2.69127 4.81796 7.20024 2.12669 2.96211 10.08415
