DATA/RAW-RASTER/ECMWF/20170628/EN-44/20170630.en-44.asc
ncols			31
nrows			16
xllcorner		69.5
yllcorner		19.5
cellsize		1.0
NODATA_value	-99999
0.45586 1.48773 2.89154 2.39754 8.63457 1.86157 11.21521 7.47299 6.59180 1.97601 5.18799 9.79996 6.58035 10.99968 14.26315 13.37433 8.89587 6.67000 7.97653 6.77681 14.22882 9.32884 10.27870 7.52258 5.29480 4.62723 2.54631 3.88718 3.38173 0.19264 0.00191
0.08965 1.09100 0.00000 0.87738 2.23923 20.24269 18.78548 7.74002 8.43048 6.99234 4.50134 2.91634 5.77545 6.93893 15.85388 14.16016 11.37924 8.67271 7.30133 3.35312 6.05392 4.81796 9.69124 9.07516 8.47244 6.35719 4.70924 2.35367 3.07465 0.81825 0.12398
0.00572 0.00572 0.00000 0.13542 23.82851 61.96976 20.77866 19.90891 8.26263 1.62888 0.72861 3.10707 2.72179 9.53484 7.92313 4.09889 4.89235 3.10707 4.08173 5.49889 7.86209 11.31248 2.02179 7.45773 6.08063 8.50868 2.98500 2.14386 2.07329 3.02696 0.93651
0.21744 0.00000 0.00381 1.61171 4.43268 65.01198 16.96587 13.38577 5.17654 1.75858 6.20270 2.34222 3.77274 3.43704 2.84958 1.50108 0.89264 0.23079 0.21553 0.73433 4.98581 4.99153 4.89616 2.54440 2.99835 3.01552 10.45227 8.45337 1.93787 3.73459 1.67465
0.44250 0.00000 0.00381 0.04578 2.26593 46.82922 117.87415 9.72366 5.79262 33.78296 7.67899 3.78799 2.54631 1.91689 1.27411 0.65613 0.06294 0.03624 0.96130 0.38719 2.17819 6.24084 8.78716 1.68800 1.19209 2.47002 1.26648 21.06667 15.50484 6.26183 1.98555
0.80872 0.00572 0.00381 0.02289 6.69861 32.66907 42.68646 13.75008 129.21333 94.20204 45.39680 5.88226 4.61578 1.05286 0.47493 0.66948 0.65994 1.05476 0.26131 1.61171 0.66948 9.58061 8.06236 11.65009 14.58168 7.22122 7.37572 3.99399 12.90321 4.08936 4.24767
0.00000 0.00572 0.05531 0.83923 2.10762 8.33893 8.93974 6.37245 10.42175 7.07626 32.16362 30.08461 15.39230 3.43132 0.12398 1.88255 0.47493 0.16594 1.82533 2.41852 1.43433 8.28552 12.75063 10.86998 9.63402 52.86407 51.75972 16.56342 10.02884 5.93948 9.07516
0.01526 0.28419 0.94223 2.88582 6.83212 5.31197 2.02179 1.26266 1.16158 4.39644 9.21440 16.03889 12.88795 4.41933 7.01332 6.41251 6.44875 0.70190 0.28038 4.23050 5.84793 18.93806 10.95390 26.45683 15.95306 52.91939 50.25101 34.73473 70.75500 30.09987 8.57353
0.23079 0.87738 2.49290 2.09236 6.23512 12.92992 1.67656 0.34904 0.36240 3.70598 7.18880 10.62965 14.84299 7.24411 0.67902 3.57246 1.87111 3.05939 8.14819 17.01546 27.13013 27.81677 27.38190 49.99161 22.14432 18.10265 30.57098 162.23335 97.92328 30.36690 14.99748
0.61607 1.11580 9.35364 13.87787 129.90761 13.55362 2.59018 1.52588 0.76866 0.53406 5.34439 8.51059 24.27101 8.17299 3.55911 1.76430 2.47955 3.01170 5.13077 6.60133 6.41823 7.53212 14.67514 7.27272 2.08282 13.87978 19.08302 11.93619 51.49269 29.09279 21.03424
8.21877 15.01083 12.14790 51.95808 17.77077 11.40404 3.78990 1.79482 1.12915 0.44823 2.13623 12.42256 23.02933 11.09314 0.95749 2.90680 1.87683 3.72124 5.75066 4.06647 3.14331 7.45392 14.96506 9.59778 2.30980 11.26671 8.57353 10.08797 36.36360 18.53180 19.96613
19.61327 36.30257 32.37343 104.63142 16.41273 7.70187 6.99615 0.58937 0.90027 0.62180 0.62943 3.62968 20.54405 20.33615 3.03268 5.14984 6.30951 5.04303 3.79181 6.49834 3.56674 16.49666 2.54440 5.56946 10.50949 1.85394 1.82724 34.62982 8.40569 13.64136 18.16750
36.32164 48.32458 27.28653 27.55356 31.20041 3.72314 1.84250 3.29971 1.70135 1.66512 2.12097 3.32451 6.39725 33.20503 15.98167 2.52914 6.00243 3.81088 5.02968 8.52776 3.66592 5.15556 3.58391 13.59558 14.33182 1.95885 0.51689 3.82423 5.23758 12.22992 12.57706
10.50949 8.95882 1.87683 15.78903 2.20108 0.46539 1.42479 1.30081 2.74658 1.64795 11.02066 3.14331 4.10461 27.06909 26.52931 8.26263 2.62642 8.95500 6.79779 8.00896 5.92613 15.76614 4.96483 12.23946 8.39615 1.62888 2.06566 4.05693 23.53287 8.95691 25.39253
7.02858 3.32451 7.70760 9.87053 4.09889 1.36375 0.74005 4.19807 0.30327 1.13106 10.62393 3.72505 12.94136 15.97404 97.89467 33.72574 4.60625 6.13022 4.06647 6.22749 7.55882 12.13074 35.15434 22.05086 12.01248 1.48010 1.24168 2.15721 2.05612 6.96945 9.70840
2.89345 4.86183 11.47842 10.30540 1.96648 1.47629 1.95122 9.92584 7.37572 10.89287 16.81519 14.47868 5.57327 23.16856 55.39894 36.19957 46.60034 13.68904 16.81709 10.22911 9.42993 9.71985 27.59743 39.62898 32.36771 9.83429 4.99153 2.76184 1.18637 0.97656 1.83105
