DATA/RAW-RASTER/ECMWF/20170628/EN-44/20170706.en-44.asc
ncols			31
nrows			16
xllcorner		69.5
yllcorner		19.5
cellsize		1.0
NODATA_value	-99999
6.06537 0.03815 1.06049 0.95367 0.54169 0.67902 0.37384 0.19073 1.28937 0.26703 1.93024 2.22015 2.48718 3.05176 6.21033 4.55475 7.88116 2.33459 1.64032 2.04468 9.16290 8.74329 5.15747 7.43866 5.83649 12.39777 14.93073 4.02832 4.88281 1.80817 3.18146
0.09918 0.24414 2.06757 0.64087 3.43323 0.96130 0.64850 2.80762 1.89209 0.12207 1.04523 1.80817 2.89917 4.49371 4.87518 8.01849 7.33948 11.08551 13.45062 14.41193 15.77759 11.93237 11.73401 14.05334 17.47131 14.33563 18.98193 14.90784 13.42773 10.40649 14.17542
0.70190 6.71387 0.86212 3.03650 5.40924 5.84412 0.79346 0.26703 0.01526 0.00000 0.46539 0.80109 3.75366 7.97272 8.97217 12.69531 11.76453 10.32257 7.98035 6.10352 14.83917 14.74762 12.55035 7.40814 17.25006 14.18304 9.39178 6.58417 13.08441 6.98853 6.59180
2.67792 0.06104 1.15204 3.89099 12.32910 19.18030 5.94330 4.21906 0.04578 0.06104 1.41144 0.84686 9.46808 9.77325 15.19775 8.85773 9.69696 7.48444 7.50732 4.88281 3.99017 13.71765 16.83807 18.11981 5.79071 0.86212 0.69427 0.47302 3.33405 7.95746 5.56946
2.89154 0.18311 2.56348 0.54932 8.28552 5.63812 10.17761 2.79999 8.68988 3.95966 7.16400 17.41028 9.89532 4.89807 1.68610 2.05231 3.12805 4.69971 4.73022 4.97437 3.92151 2.13623 1.95312 1.33514 0.61798 0.24414 0.30518 0.45013 5.88226 4.76837 10.01740
1.76239 0.00000 0.00763 0.25177 0.60272 0.24414 2.09808 3.84521 3.33405 92.01813 81.65741 23.94867 19.21844 2.16675 7.06482 2.42615 0.59509 2.15149 2.00653 1.38855 1.70898 1.06812 0.87738 6.88934 5.00488 6.79016 3.90625 0.28229 4.50897 1.06049 3.47137
0.05341 0.00000 0.35858 0.10681 0.03815 0.00000 1.64032 3.30353 13.69476 20.62988 30.57098 23.61298 14.22119 12.45880 0.86212 2.29645 3.82996 1.06812 0.17548 1.08337 0.67902 0.36621 0.68665 4.17328 6.34766 8.34656 4.87518 11.62720 5.39398 0.78583 0.45013
0.00763 0.00000 0.00763 0.00000 0.00000 0.00763 2.18964 5.79071 14.40430 25.10071 10.75745 9.75037 4.34875 6.69098 20.30182 11.07025 8.40759 2.36511 1.73187 0.84686 2.35748 8.59833 0.99945 9.17816 5.39398 13.93890 10.68878 10.67352 12.96997 4.41742 8.81958
0.01526 0.00763 0.00000 0.03052 0.00000 0.00000 0.11444 8.09479 8.02612 25.97046 11.13129 10.82611 2.72369 1.77002 0.35858 1.92261 15.19012 20.53833 25.03204 27.39716 12.15363 19.07349 17.47894 18.85223 24.55902 7.20978 2.59399 4.37164 46.26465 9.30786 14.14490
0.16785 0.22888 0.51880 0.56458 0.21362 0.00000 0.22888 12.17651 14.77814 67.47437 24.82605 8.98743 8.14819 12.58850 3.33405 0.20599 9.91058 25.26855 17.50946 7.24030 9.59015 21.25549 20.82062 14.68658 13.24463 18.44788 13.12256 17.66968 12.96997 3.94440 5.09644
0.38147 0.56458 0.19836 0.14496 0.03815 0.00763 0.00000 1.27411 23.01788 67.88635 153.51868 20.63751 8.65936 3.14331 5.65338 1.70898 0.36621 0.88501 3.72314 13.63373 14.37378 4.91333 22.12524 19.09637 43.47992 14.81628 5.65338 6.39343 22.77374 5.27191 3.25012
0.14496 0.31281 1.12915 1.64795 0.57983 1.25122 0.23651 0.04578 3.57819 16.63208 12.45117 3.18909 0.59509 0.90790 0.41199 3.20435 1.83868 1.32751 1.10626 8.20923 24.75739 23.16284 9.89532 8.98743 12.70294 23.81134 24.20044 19.19556 5.59235 10.02502 12.81738
0.74005 0.56458 0.12207 0.61798 1.28174 0.70190 0.25940 0.76294 0.63324 1.22833 3.99780 2.32697 0.46539 2.68555 4.20380 2.75421 0.68665 0.74005 1.33514 9.14001 14.20593 29.70886 20.82062 5.63812 9.96399 4.57001 0.92316 26.13068 12.49695 9.89532 8.01849
1.02234 1.54877 0.36621 0.99182 1.35803 0.57220 1.20544 0.83160 0.38147 1.38855 2.73132 2.51007 0.85449 3.63159 2.72369 5.83649 4.53186 2.90680 2.35748 4.28009 16.63971 47.92023 36.68976 13.99231 10.35309 1.06812 1.27411 34.59167 22.45331 7.56073 4.98199
1.58691 2.44141 2.24304 4.52423 2.01416 0.29755 1.44196 0.32806 0.36621 0.27466 1.04523 2.53296 0.81635 0.35858 0.70953 1.76239 0.12970 1.57928 1.95312 6.11877 17.39502 31.13556 66.94794 9.33838 0.19836 0.24414 1.93787 1.07574 0.93842 1.94550 25.19226
1.12152 2.43378 2.84576 9.29260 0.36621 1.50299 0.61798 0.52643 0.10681 0.23651 0.48065 1.67847 0.61798 0.69427 0.96130 0.35858 0.45776 1.28174 3.39508 6.07300 10.23865 13.16833 11.74164 19.46259 13.20648 1.33514 29.30450 4.20380 6.58417 6.24847 4.06647
