DATA/RAW-RASTER/ECMWF/20170628/EN-44/20170629.en-44.asc
ncols			31
nrows			16
xllcorner		69.5
yllcorner		19.5
cellsize		1.0
NODATA_value	-99999
2.25258 6.63948 3.21388 7.93839 5.68390 15.09285 17.24243 13.15689 7.40433 2.06757 6.39534 8.98743 9.77898 7.72285 11.26671 7.22694 5.97763 3.89290 5.68008 12.17079 7.53212 3.04031 0.47302 0.33188 0.39673 0.07820 0.14114 0.01526 0.00000 0.00000 0.15068
2.87628 7.08008 0.68092 3.71170 23.39935 59.78966 27.67372 9.96399 7.64275 3.00598 3.77846 2.21825 1.77383 4.09698 4.59099 7.27272 4.30870 4.59290 8.24547 4.56238 11.91711 6.64902 3.16238 2.22588 1.28555 1.53160 0.90981 0.93842 0.45204 0.00000 0.01717
11.54900 13.84163 3.36075 15.56587 197.66808 84.54132 35.47668 13.18741 3.16620 2.99263 0.69427 1.02043 1.09863 0.21362 0.55122 1.63841 1.17111 3.86620 6.23131 6.15311 11.18279 3.85475 2.57874 2.45857 5.70297 5.94902 1.87874 1.04904 0.80490 1.22643 1.31607
3.92342 24.07837 13.03291 25.22087 49.11804 88.88245 51.59569 10.97488 9.84192 0.81635 2.46048 2.12669 1.11008 0.78964 0.53024 0.78964 0.81253 5.43022 6.53458 6.16646 3.09181 3.45612 5.70297 8.19016 9.22203 5.81169 5.45883 4.56619 1.59836 1.54114 2.34795
2.63596 25.62904 17.60674 15.00702 49.36028 61.51390 51.15700 12.95090 9.06563 15.09857 1.29509 0.88120 1.36375 1.67656 0.62370 0.82588 0.05913 0.95177 4.65775 9.09615 12.90131 12.52365 12.06017 5.92232 5.68771 8.04138 6.91986 18.20564 21.16203 0.90599 0.96321
2.55013 4.36592 8.26263 10.42938 18.24379 37.70256 27.55737 17.84325 102.61536 49.06082 22.59445 7.37381 4.67300 0.46730 1.16920 1.47820 0.89073 0.78201 2.06757 8.83675 8.14056 11.51466 12.61330 17.35115 14.12010 23.16856 9.20677 11.66916 13.08632 10.80704 3.13187
0.14877 0.62752 1.54495 8.93974 25.63286 16.17241 10.29587 11.64436 6.54984 27.13394 31.55518 37.23907 10.55336 1.15395 0.05722 0.64659 0.05341 0.89455 0.46921 1.52779 3.66402 5.80597 17.33017 9.31549 19.06395 47.02950 37.46223 17.18712 15.44952 13.14926 18.12172
3.48854 11.47270 7.19833 8.05664 13.43727 14.55688 6.34575 15.38849 16.67976 13.40294 16.13045 18.91136 3.31497 9.58443 26.04866 30.46417 6.16264 0.68855 0.39291 3.00026 9.05418 19.18030 8.78716 53.73573 43.17284 68.47191 59.87930 16.78658 46.29898 15.10620 8.72231
8.31604 9.90295 8.26836 19.31381 16.17050 6.02722 1.33896 0.37003 16.27541 18.93806 29.21867 9.14383 14.04762 8.01277 4.50516 2.53868 1.55449 5.92041 56.09131 32.41348 17.72308 8.11958 8.73566 19.53697 23.98682 28.46336 14.65988 33.37479 45.32814 12.08878 7.73048
13.17596 3.22533 29.93584 21.57402 2.71797 2.88963 0.89645 3.51143 2.87628 13.07678 17.92336 12.10403 8.43430 20.93697 6.67381 2.97356 2.27547 1.84059 2.26212 3.11089 3.73840 5.27382 10.55145 6.30188 6.23512 9.44328 34.62219 13.21220 73.69804 18.97812 14.02092
16.01028 24.51515 7.32231 24.04213 3.48282 2.64549 0.62561 2.70081 0.86784 5.05257 14.89449 19.09637 30.39551 13.48686 8.13675 1.40953 3.25394 1.36757 3.02505 1.62506 4.26674 6.44112 6.83594 1.85776 17.51518 11.89041 29.36172 15.41519 33.24890 7.00378 5.17273
45.44640 23.30208 9.83810 15.49530 5.13268 0.78392 0.65422 0.74196 0.93651 5.58472 6.12450 17.11082 27.81296 20.68901 25.37727 2.04659 1.38664 3.92914 2.44331 3.71933 3.25775 2.78282 1.61171 15.18059 7.58362 8.92448 5.14221 17.75551 29.14619 30.63774 19.23370
95.91866 47.38808 14.44244 6.82449 2.69127 1.34850 0.76294 1.25694 0.19836 0.94032 11.21521 27.79961 22.80617 34.85870 21.09337 12.84599 2.96783 2.24495 3.98827 2.98500 2.56348 5.63812 1.69563 4.87518 4.49181 1.86539 0.68855 14.88686 23.50235 10.06699 5.85556
54.53491 63.94005 8.17299 4.37355 2.15340 0.10109 0.53596 0.73624 0.37384 1.77002 6.38962 11.04546 7.48444 34.37996 48.06709 8.12149 5.49698 3.25203 7.88689 7.68280 4.10461 10.23865 2.29645 6.55365 4.46320 1.08337 2.21825 2.01225 27.09007 54.81529 26.22414
65.06538 13.45444 9.54628 13.10539 3.45612 1.08337 0.77438 0.24986 0.65613 0.29755 6.27518 4.44984 15.87677 17.92145 22.04704 20.29228 7.45392 4.04358 11.61766 18.54134 11.52992 7.30896 20.31898 7.73048 3.56483 1.34087 3.90053 5.53513 9.07135 24.58954 12.96997
7.11632 9.51576 9.30977 20.71953 3.22533 3.39699 0.94986 0.09155 0.77438 2.11525 1.35040 7.84302 8.27599 15.43427 8.23593 16.83807 21.54541 27.60696 28.96690 14.32610 7.94792 9.92012 26.77536 27.27318 14.30511 10.33974 3.41988 3.45802 4.55284 6.22749 18.08739
