DATA/RAW-RASTER/ECMWF/20170628/EN-44/20170711.en-44.asc
ncols			31
nrows			16
xllcorner		69.5
yllcorner		19.5
cellsize		1.0
NODATA_value	-99999
4.18854 6.71387 11.23810 7.72858 1.09100 1.53351 0.19073 1.08337 2.38037 5.73730 15.02991 9.10187 6.26373 0.61798 0.03815 0.06866 0.04578 0.11444 0.61035 2.61688 1.19019 3.02124 7.49207 1.97601 2.42615 7.26318 5.05066 2.38800 1.74713 0.02289 1.51062
0.04578 1.65558 2.19727 10.56671 7.43103 4.76837 10.43701 9.49097 5.90515 4.03595 5.24902 4.74548 1.99890 2.26593 1.59454 1.67084 0.20599 0.50354 0.61798 0.61035 1.35040 0.54932 0.48828 0.29755 0.79346 2.79999 6.02722 5.70679 5.13458 0.00000 0.31281
1.45721 1.65558 3.82996 6.06537 31.18134 48.78235 29.62494 12.03156 7.70569 7.11060 10.25391 7.01141 7.37000 12.04681 6.24084 2.18964 1.13678 0.59509 0.68665 0.61798 0.03052 0.22125 0.29755 0.85449 1.49536 4.72260 0.77057 4.25720 1.35803 1.06049 0.12970
5.20325 0.79346 0.55695 3.50189 120.09430 172.31750 14.98413 4.60052 5.08118 5.42450 14.97650 8.46100 9.56726 7.02667 5.68390 7.83539 3.09753 0.86975 1.12152 0.77820 0.31281 0.51117 2.14386 1.25122 1.25885 0.00763 1.15967 0.99945 0.33569 0.06104 0.03052
11.24573 2.44904 3.76129 2.87628 11.31439 5.65338 16.25824 16.18195 7.86591 12.29095 3.57819 5.77545 5.88226 3.21960 9.02557 3.66211 8.75854 10.94818 12.71057 7.86591 4.60815 1.80054 2.97546 2.87628 0.80109 1.22833 0.99945 0.57220 0.05341 0.67139 0.43488
6.58417 8.72040 5.18799 6.01959 22.77374 5.57709 16.31927 20.64514 6.27899 35.68268 15.28168 13.59558 9.25446 4.07410 4.78363 1.35803 0.89264 3.98254 6.67572 5.16510 10.87952 4.23431 5.34058 3.15094 1.30463 5.62286 3.14331 1.82343 0.16785 0.41962 1.21307
0.04578 0.22125 0.26703 0.54932 5.94330 5.96619 5.92041 27.70996 32.50122 55.53436 17.69257 17.85278 8.05664 22.62878 2.96783 3.12805 1.06812 3.73840 8.27789 14.45007 11.07788 20.33997 10.48279 2.22015 6.30188 18.42499 8.48389 9.10950 9.75037 2.18201 10.48279
0.00000 0.00000 0.00000 0.06866 11.29150 12.82501 9.94873 13.80157 6.95801 16.61682 28.52631 25.31433 16.67023 54.56543 30.66254 48.15674 16.92200 4.88281 4.98962 6.00433 4.99725 7.59125 6.27136 15.60974 15.86151 9.68933 3.63159 14.90021 13.06915 13.45825 17.32635
0.00000 0.07629 0.01526 0.03815 0.45776 62.22534 22.81952 101.49384 5.72205 4.92859 26.38245 23.81134 11.63483 5.24902 3.86047 1.42670 0.67902 2.09808 11.63483 7.52258 4.88281 5.45502 12.49695 6.50787 7.54547 7.59888 5.88989 13.90839 29.97589 12.26044 4.87518
0.22888 0.61798 0.55695 0.32043 0.74005 2.09045 51.41449 30.71594 3.28827 51.97906 0.75531 9.33838 7.53784 3.29590 1.19781 2.29645 2.69318 1.20544 6.34003 6.10352 12.32147 12.86316 15.81573 1.50299 11.39069 15.19775 13.64899 19.27185 6.74438 8.90350 17.31873
1.86157 0.93079 0.70953 1.47247 3.28827 5.62286 10.42938 21.34705 4.87518 13.75580 15.38086 8.68988 12.10022 5.24902 1.25885 2.31934 0.76294 1.58691 4.00543 3.74603 11.09314 3.56293 13.31329 6.20270 2.47955 8.06427 6.43158 13.83209 7.80487 10.30731 7.33948
0.80109 0.84686 2.28882 8.43811 17.73071 10.74219 20.47729 78.07159 28.00751 16.32690 17.89093 20.70618 8.20160 6.98090 1.79291 1.45721 3.21960 4.32587 3.91388 5.55420 5.55420 6.98090 7.26318 3.95203 4.06647 3.62396 3.41797 8.37708 5.92804 11.84845 33.58459
2.86102 1.35803 2.70081 8.68988 17.55524 45.24231 49.75128 19.89746 59.16595 7.33948 11.93237 39.15405 4.00543 9.48334 5.67627 4.19617 6.95038 12.58850 3.60107 7.89642 7.46918 2.60162 5.38635 11.22284 8.07190 1.03760 2.98309 6.95038 21.23260 7.54547 12.12311
3.45612 1.38855 7.94220 13.99994 9.45282 11.86371 6.06537 6.81305 1.63269 6.30188 31.86035 23.39935 48.18726 15.60974 8.30078 12.71057 5.47791 13.87024 17.12036 9.22394 9.46045 19.96613 2.80762 3.25775 1.74713 0.90790 3.40271 10.48279 6.09589 4.95911 16.46423
4.66919 7.27081 11.53564 25.07019 48.41614 25.05493 12.81738 16.04462 21.78955 18.99719 14.70947 22.17865 26.39008 54.88586 42.53387 20.06531 19.65332 22.22443 22.85767 22.34650 13.99231 19.06586 26.77155 9.24683 12.48932 8.62122 4.89044 6.40106 15.53345 9.11713 7.74384
3.79944 20.22552 37.23145 39.84833 18.49365 4.92859 15.81573 20.27893 27.44293 22.52960 37.20856 11.74164 9.59015 53.06244 21.33179 30.47943 20.59174 20.45441 17.83752 10.19287 19.84406 21.81244 24.39117 21.11816 11.87897 17.65442 5.21088 1.44196 6.36292 9.83429 18.26477
