DATA/SHG/ECMWF/20170628/EN-22/20170628.en-22.asc
ncols        190
nrows        64
xllcorner    -5100000.000000000000
yllcorner    4130000.000000000000
cellsize     10000.000000000000
NODATA_value  -99999.000
[rows 32 to 63 of 64, columns 74 to 147 of 190]
6.707 6.876 7.032 7.174 7.304 7.420 7.523 7.613 7.690 7.753 7.804 7.836 7.855 7.893 7.953 8.033 8.134 8.256 8.398 8.561 8.742 8.938 9.150 9.414 9.818 10.238 10.675 11.129 11.599 12.087 12.590 13.111 13.648 14.202 14.773 14.932 14.261 13.541 12.771 11.953 11.084 10.167 9.200 8.210 7.280 6.355 5.436 6.638 10.177 13.644 17.039 20.363 23.615 26.796 29.905 32.942 35.908 38.802 41.624 41.419 39.215 37.081 35.015 33.019 31.092 29.235 27.447 25.728 24.078 22.498 20.986 21.608 23.000 24.313
6.732 6.855 6.965 7.062 7.146 7.216 7.274 7.318 7.349 7.367 7.372 7.367 7.457 7.567 7.699 7.851 8.023 8.216 8.430 8.665 8.918 9.187 9.471 9.788 10.266 10.760 11.271 11.799 12.344 12.905 13.482 14.077 14.688 15.316 15.934 16.124 15.172 14.226 13.286 12.352 11.424 10.501 9.584 8.673 7.767 6.867 5.974 6.548 9.771 12.923 16.003 19.011 21.948 24.813 27.607 30.329 32.980 35.559 38.066 38.418 36.520 34.691 32.931 31.241 29.620 28.068 26.585 25.172 23.828 22.553 21.347 21.554 22.597 23.561
6.769 6.847 6.911 6.962 7.000 7.025 7.037 7.036 7.021 6.993 6.953 6.899 7.040 7.223 7.426 7.649 7.894 8.159 8.444 8.750 9.076 9.416 9.774 10.147 10.695 11.274 11.890 12.485 13.060 13.615 14.150 14.665 15.159 15.633 16.087 16.378 15.452 14.531 13.616 12.707 11.804 10.906 10.014 9.128 8.248 7.373 6.505 6.533 9.441 12.277 15.042 17.735 20.357 22.907 25.386 27.793 30.129 32.393 34.585 35.350 33.758 32.234 30.780 29.395 28.080 26.833 25.656 24.548 23.509 22.539 21.638 21.578 22.273 22.888
6.818 6.850 6.869 6.875 6.867 6.846 6.813 6.766 6.706 6.632 6.546 6.446 6.606 6.860 7.135 7.430 7.746 8.216 8.857 9.447 9.961 10.406 10.811 11.176 11.708 12.254 12.780 13.286 13.772 14.237 14.683 15.108 15.512 15.897 16.261 16.605 15.725 14.829 13.939 13.055 12.177 11.305 10.438 9.577 8.722 7.873 7.029 6.593 9.186 11.707 14.157 16.535 18.842 21.077 23.241 25.333 27.354 29.304 31.182 32.216 30.929 29.711 28.562 27.482 26.472 25.530 24.658 23.855 23.121 22.457 21.861 21.680 22.026 22.294
6.880 6.866 6.839 6.799 6.746 6.680 6.601 6.508 6.403 6.284 6.374 6.773 7.423 8.142 8.810 9.427 9.994 10.510 10.976 11.390 11.728 11.995 12.222 12.410 12.798 13.255 13.692 14.108 14.505 14.881 15.236 15.572 15.887 16.183 16.458 16.712 15.991 15.121 14.256 13.398 12.544 11.697 10.856 10.020 9.190 8.366 7.547 6.734 9.006 11.212 13.347 15.410 17.402 19.323 21.172 22.950 24.656 26.291 27.855 29.015 28.033 27.120 26.276 25.502 24.796 24.160 23.593 23.095 22.666 22.306 22.015 21.859 21.858 21.777
6.953 6.894 6.822 6.832 6.981 7.200 7.490 7.850 8.282 8.785 9.358 10.002 10.639 11.182 11.674 12.116 12.507 12.847 13.137 13.376 13.537 13.627 13.677 13.687 13.910 14.278 14.625 14.952 15.259 15.545 15.812 16.058 16.284 16.490 16.676 16.841 16.251 15.406 14.567 13.733 12.905 12.083 11.267 10.456 9.651 8.852 8.058 7.271 8.900 10.792 12.612 14.361 16.039 17.645 19.180 20.643 22.035 23.356 24.605 25.747 25.070 24.463 23.924 23.454 23.054 22.722 22.459 22.266 22.142 22.086 22.100 22.117 21.768 21.339
7.275 7.456 7.708 8.031 8.424 8.889 9.424 10.030 10.707 11.455 12.273 13.162 13.897 14.264 14.581 14.847 15.062 15.227 15.342 15.405 15.389 15.302 15.175 15.007 15.043 15.321 15.579 15.817 16.034 16.232 16.409 16.566 16.703 16.819 16.916 16.992 16.505 15.685 14.871 14.062 13.260 12.462 11.671 10.886 10.106 9.332 8.563 7.801 8.870 10.447 11.953 13.388 14.751 16.043 17.263 18.413 19.491 20.497 21.433 22.297 22.041 21.738 21.504 21.339 21.243 21.216 21.258 21.369 21.550 21.799 22.117 22.452 21.755 20.940
7.669 8.096 8.593 9.162 9.801 10.510 11.291 12.142 13.064 14.056 15.120 16.254 17.197 17.389 17.530 17.620 17.660 17.650 17.589 17.477 17.285 17.020 16.716 16.371 16.197 16.386 16.554 16.703 16.831 16.939 17.027 17.095 17.143 17.170 17.177 17.165 16.753 15.958 15.169 14.385 13.607 12.835 12.069 11.309 10.554 9.805 9.062 8.324 8.914 10.177 11.369 12.489 13.538 14.516 15.423 16.258 17.022 17.715 18.336 18.887 18.945 18.947 19.017 19.157 19.409 19.765 20.084 20.367 20.613 20.822 20.995 21.130 20.401 19.653
7.997 8.669 9.412 10.225 11.109 12.064 13.089 14.185 15.352 16.590 17.898 19.277 20.539 20.555 20.521 20.436 20.301 20.115 19.878 19.591 19.223 18.781 18.300 17.778 17.372 17.472 17.551 17.610 17.649 17.668 17.667 17.646 17.604 17.543 17.461 17.359 16.994 16.224 15.460 14.702 13.949 13.202 12.461 11.725 10.996 10.272 9.553 8.841 9.033 9.982 10.860 11.666 12.401 13.066 13.658 14.248 15.028 15.782 16.510 17.213 17.686 18.027 18.332 18.600 18.831 19.026 19.183 19.304 19.389 19.436 19.447 19.421 18.907 18.329
8.303 9.175 10.163 11.221 12.350 13.549 14.820 16.161 17.572 19.054 20.607 22.231 23.923 23.764 23.554 23.294 22.983 22.622 22.211 21.749 21.204 20.585 19.927 19.228 18.568 18.579 18.569 18.539 18.489 18.419 18.329 18.218 18.088 17.937 17.766 17.575 17.229 16.484 15.745 15.012 14.284 13.562 12.846 12.135 11.431 10.732 10.054 9.487 9.528 10.375 11.196 11.991 12.760 13.504 14.222 14.914 15.581 16.221 16.836 17.426 17.793 17.973 18.116 18.222 18.291 18.324 18.320 18.280 18.203 18.089 17.938 17.751 17.376 16.968
8.645 9.614 10.847 12.150 13.523 14.968 16.483 18.068 19.724 21.451 23.248 25.116 27.055 27.014 26.630 26.194 25.709 25.172 24.586 23.949 23.228 22.433 21.597 20.722 19.806 19.707 19.608 19.489 19.350 19.191 19.011 18.812 18.592 18.352 18.093 17.812 17.457 16.726 15.927 15.178 14.480 13.832 13.235 12.689 12.193 11.748 11.353 11.009 11.014 11.747 12.454 13.136 13.792 14.423 15.027 15.606 16.160 16.687 17.189 17.665 17.937 17.955 17.937 17.881 17.789 17.661 17.495 17.293 17.055 16.779 16.467 16.119 15.809 15.572
8.995 9.986 11.463 13.011 14.629 16.318 18.078 19.908 21.808 23.779 25.821 27.933 30.116 30.307 29.747 29.137 28.476 27.765 27.003 26.192 25.295 24.323 23.311 22.258 21.166 20.856 20.668 20.460 20.223 19.802 19.372 18.932 18.483 18.024 17.556 17.079 16.591 15.964 15.388 14.862 14.387 13.962 13.588 13.264 12.992 12.769 12.598 12.477 12.524 13.144 13.738 14.307 14.850 15.367 15.858 16.324 16.764 17.178 17.567 17.930 18.118 17.975 17.795 17.578 17.325 17.035 16.708 16.345 15.945 15.508 15.035 14.525 14.205 14.139
9.355 10.291 12.013 13.805 15.668 17.601 19.605 21.680 23.824 26.040 28.326 30.682 33.109 33.642 32.907 32.122 31.286 30.400 29.464 28.477 26.988 25.524 24.122 22.782 21.504 20.855 20.420 19.977 19.524 19.061 18.590 18.109 17.618 17.119 16.610 16.091 15.564 15.148 14.795 14.492 14.239 14.038 13.886 13.786 13.736 13.736 13.787 13.889 14.059 14.566 15.047 15.502 15.932 16.336 16.715 17.067 17.394 17.696 17.971 18.221 18.337 18.032 17.691 17.313 16.898 16.447 15.959 15.434 14.873 14.275 13.640 12.969 12.566 12.669
9.724 10.530 12.496 14.532 16.640 18.817 21.065 23.384 25.773 28.232 30.762 33.362 36.033 36.096 34.324 32.631 31.015 29.477 28.016 26.634 25.353 24.161 23.031 21.963 20.956 20.290 19.815 19.330 18.836 18.332 17.819 17.297 16.765 16.225 15.674 15.115 14.546 14.278 14.148 14.068 14.038 14.059 14.130 14.252 14.425 14.648 14.921 15.246 15.620 16.013 16.381 16.724 17.040 17.331 17.597 17.836 18.050 18.238 18.401 18.538 18.593 18.127 17.624 17.084 16.508 15.896 15.247 14.561 13.839 13.080 12.284 11.452 10.890 11.163
10.102 10.701 12.912 15.193 17.544 19.965 21.926 23.805 25.612 27.347 29.010 30.600 32.118 32.510 31.008 29.583 28.236 26.967 25.775 24.662 23.651 22.731 21.872 21.076 20.340 19.737 19.220 18.694 18.159 17.614 17.060 16.497 15.924 15.342 14.751 14.150 13.540 13.355 13.447 13.590 13.783 14.026 14.320 14.665 15.060 15.505 16.001 16.547 17.144 17.486 17.741 17.970 18.174 18.352 18.504 18.631 18.732 18.807 18.857 18.881 18.879 18.258 17.594 16.894 16.157 15.383 14.573 13.726 12.842 11.922 10.966 9.972 9.178 9.621
10.140 10.275 12.267 14.186 16.033 17.808 19.511 21.142 22.700 24.186 25.600 26.942 28.211 28.858 27.625 26.469 25.390 24.390 23.467 22.622 21.881 21.233 20.646 20.120 19.657 19.195 18.637 18.070 17.493 16.907 16.312 15.708 15.094 14.471 13.838 13.196 12.545 12.378 12.693 13.058 13.473 13.939 14.456 15.022 15.640 16.308 17.026 17.794 18.614 18.984 19.125 19.242 19.332 19.397 19.437 19.451 19.439 19.401 19.338 19.249 19.135 18.427 17.602 16.740 15.842 14.907 13.936 12.928 11.884 10.803 9.685 8.531 7.430 8.043
9.316 9.174 10.917 12.587 14.186 15.712 17.166 18.548 19.857 21.095 22.260 23.353 24.374 25.140 24.175 23.288 22.478 21.746 21.092 20.515 20.044 19.667 19.352 19.097 18.905 18.664 18.065 17.456 16.839 16.212 15.575 14.930 14.275 13.611 12.937 12.254 11.562 11.348 11.885 12.472 13.110 13.798 14.537 15.326 16.165 17.055 17.996 18.987 20.028 20.506 20.535 20.539 20.516 20.469 20.395 20.296 20.171 20.021 19.845 19.644 19.416 18.633 17.647 16.624 15.565 14.470 13.337 12.169 10.995 9.910 8.870 7.875 6.924 7.745
8.488 8.357 9.635 11.057 12.407 13.684 14.890 16.023 17.084 18.073 18.990 19.835 20.608 21.308 20.660 20.041 19.500 19.036 18.650 18.342 18.141 18.034 17.990 18.007 18.085 18.144 17.504 16.854 16.196 15.528 14.850 14.163 13.467 12.762 12.048 11.324 10.590 10.264 11.023 11.833 12.693 13.603 14.564 15.575 16.637 17.749 18.911 20.124 21.387 22.054 21.970 21.861 21.726 21.565 21.379 21.167 20.930 20.667 20.378 20.020 19.470 18.472 17.271 16.115 15.003 13.936 12.913 11.935 11.001 10.111 9.266 8.465 7.709 8.337
7.657 7.541 8.422 9.596 10.697 11.726 12.683 13.568 14.381 15.122 15.790 16.387 16.911 17.364 17.078 16.728 16.455 16.259 16.141 16.101 16.169 16.334 16.561 16.848 17.198 17.608 16.954 16.263 15.564 14.855 14.136 13.408 12.671 11.925 11.169 10.404 9.630 9.127 10.108 11.140 12.222 13.354 14.537 15.770 17.054 18.387 19.772 21.206 22.691 23.627 23.403 22.937 22.453 21.950 21.429 20.891 20.333 19.758 19.165 18.553 17.923 17.069 16.063 15.102 14.186 13.313 12.485 11.702 10.963 10.268 9.618 9.012 8.450 8.933
6.822 6.723 7.278 8.203 9.056 9.836 10.545 11.182 11.747 12.239 12.660 13.008 13.285 13.489 13.430 13.348 13.343 13.416 13.566 13.793 14.131 14.567 15.064 15.622 16.242 16.924 16.415 15.684 14.943 14.193 13.433 12.664 11.886 11.099 10.302 9.496 8.681 7.936 9.139 10.393 11.697 13.053 14.482 15.880 17.246 18.580 19.882 21.151 22.389 23.204 22.676 22.130 21.566 20.983 20.383 19.764 19.127 18.471 17.798 17.106 16.396 15.623 14.812 14.046 13.324 12.647 12.014 11.425 10.880 10.380 9.925 9.514 9.147 9.535
5.985 5.901 6.202 6.879 7.483 8.016 8.476 8.865 9.182 9.426 9.599 9.699 9.728 9.685 9.716 9.902 10.165 10.505 10.923 11.419 12.026 12.732 13.500 14.329 15.219 16.171 15.888 15.115 14.333 13.542 12.742 11.932 11.113 10.405 9.746 9.128 8.554 8.021 9.279 10.665 12.018 13.340 14.629 15.887 17.112 18.306 19.467 20.597 21.694 22.578 21.970 21.344 20.700 20.037 19.356 18.657 17.940 17.205 16.452 15.680 14.890 14.134 13.518 12.946 12.419 11.936 11.498 11.104 10.754 10.449 10.188 9.971 9.799 10.141
5.144 5.076 5.195 5.623 5.979 6.264 6.477 6.617 6.686 6.683 6.607 6.460 6.241 5.950 5.936 6.390 6.920 7.529 8.214 8.977 9.853 10.830 11.868 12.968 14.121 15.252 15.213 14.443 13.716 13.031 12.388 11.787 11.229 10.713 10.239 9.808 9.418 9.071 10.021 11.266 12.479 13.660 14.809 15.927 17.012 18.065 19.087 20.076 21.034 21.959 21.283 20.577 19.853 19.111 18.350 17.571 16.774 15.959 15.126 14.274 13.405 12.601 12.180 11.803 11.471 11.182 10.939 10.739 10.584 10.473 10.406 10.384 10.406 10.752
4.299 4.247 4.255 4.436 4.544 4.581 4.546 4.438 4.259 4.008 3.686 3.291 2.824 2.285 2.090 2.811 3.905 5.134 6.328 7.487 8.625 9.745 10.837 11.902 12.939 13.949 14.175 13.591 13.049 12.550 12.093 11.678 11.305 10.975 10.686 10.440 10.236 10.075 10.795 11.900 12.973 14.014 15.024 16.001 16.946 17.859 18.741 19.590 20.407 21.193 20.617 19.831 19.027 18.204 17.364 16.505 15.628 14.733 13.820 12.889 11.939 11.025 10.799 10.616 10.478 10.385 10.335 10.330 10.369 10.453 10.581 10.753 10.969 11.368
3.452 3.416 3.384 3.317 3.178 2.966 2.683 2.329 1.902 1.665 1.544 1.432 1.329 1.236 1.393 2.572 3.717 4.826 5.901 6.941 7.958 8.957 9.929 10.873 11.790 12.679 13.091 12.693 12.337 12.023 11.751 11.522 11.335 11.190 11.087 11.026 11.008 11.031 11.603 12.568 13.501 14.402 15.271 16.108 16.914 17.687 18.428 19.138 19.815 20.461 19.970 19.104 18.220 17.318 16.398 15.459 14.503 13.528 12.535 11.524 10.494 9.447 9.374 9.386 9.443 9.543 9.688 9.878 10.111 10.389 10.711 11.077 11.488 11.989
2.601 2.581 2.633 2.494 2.350 2.215 2.089 1.972 1.864 1.765 1.676 1.595 1.524 1.462 1.475 2.535 3.560 4.550 5.505 6.426 7.323 8.201 9.052 9.876 10.672 11.440 11.962 11.750 11.579 11.450 11.364 11.320 11.318 11.358 11.441 11.565 11.732 11.941 12.445 13.270 14.063 14.824 15.553 16.250 16.915 17.549 18.150 18.720 19.257 19.763 19.344 18.398 17.434 16.452 15.452 14.434 13.397 12.343 11.270 10.179 9.070 7.943 7.906 8.113 8.363 8.658 8.998 9.381 9.809 10.281 10.797 11.358 11.963 12.615
2.358 2.424 2.485 2.398 2.285 2.181 2.087 2.001 1.925 1.857 1.799 1.750 1.710 1.679 1.657 2.529 3.434 4.305 5.141 5.942 6.719 7.477 8.208 8.911 9.586 10.234 10.788 10.760 10.775 10.832 10.931 11.072 11.255 11.481 11.748 12.058 12.410 12.804 13.320 14.004 14.657 15.279 15.868 16.425 16.951 17.444 17.906 18.335 18.733 19.099 18.737 17.711 16.668 15.606 14.526 13.428 12.312 11.178 10.025 8.854 7.666 6.459 6.395 6.796 7.241 7.730 8.263 8.841 9.463 10.129 10.839 11.594 12.393 13.231
2.257 2.302 2.342 2.294 2.212 2.140 2.076 2.022 1.977 1.941 1.914 1.896 1.887 1.888 1.897 2.554 3.340 4.092 4.809 5.491 6.148 6.785 7.395 7.977 8.532 9.059 9.559 9.725 9.925 10.167 10.451 10.778 11.146 11.557 12.009 12.504 13.041 13.620 14.228 14.773 15.286 15.767 16.217 16.634 17.020 17.373 17.695 17.985 18.243 18.470 18.150 17.045 15.921 14.780 13.620 12.443 11.247 10.033 8.800 7.550 6.282 4.995 4.841 5.435 6.145 7.061 7.958 8.837 9.698 10.541 11.365 12.171 12.958 13.727
2.161 2.186 2.205 2.181 2.131 2.090 2.058 2.035 2.021 2.016 2.020 2.034 2.056 2.088 2.128 2.611 3.278 3.910 4.507 5.070 5.607 6.124 6.613 7.075 7.510 7.916 8.296 8.644 9.030 9.457 9.926 10.437 10.991 11.587 12.224 12.904 13.626 14.390 15.169 15.574 15.948 16.289 16.599 16.877 17.123 17.337 17.519 17.669 17.788 17.874 17.583 16.398 15.195 13.974 12.734 11.494 10.383 9.324 8.318 7.364 6.462 5.613 5.653 6.525 7.379 8.215 9.032 9.831 10.612 11.375 12.119 12.845 13.552 14.242
2.072 2.076 2.074 2.060 2.041 2.031 2.030 2.039 2.056 2.083 2.118 2.163 2.217 2.279 2.351 2.698 3.246 3.759 4.238 4.681 5.099 5.495 5.864 6.205 6.519 6.806 7.065 7.518 8.088 8.700 9.355 10.051 10.790 11.570 12.393 13.257 14.164 15.113 16.104 16.409 16.643 16.845 17.015 17.153 17.259 17.334 17.374 17.278 17.182 17.086 16.809 15.665 14.573 13.534 12.547 11.613 10.731 9.901 9.124 8.400 7.727 7.107 7.065 7.857 8.631 9.386 10.124 10.843 11.543 12.226 12.890 13.536 14.164 14.773
1.987 1.971 1.949 1.931 1.943 1.964 1.995 2.035 2.083 2.141 2.208 2.284 2.369 2.463 2.566 2.817 3.246 3.640 3.999 4.324 4.622 4.897 5.146 5.367 5.561 5.727 5.865 6.346 7.101 7.898 8.738 9.619 10.542 11.507 12.515 13.564 14.656 15.790 16.747 16.833 16.740 16.646 16.551 16.455 16.359 16.262 16.165 16.066 15.967 15.868 15.727 14.812 13.950 13.140 12.383 11.677 11.025 10.424 9.877 9.381 8.938 8.547 8.493 9.205 9.899 10.575 11.232 11.871 12.492 13.094 13.679 14.245 14.792 15.322
1.909 1.872 1.829 1.793 1.837 1.889 1.951 2.022 2.102 2.191 2.289 2.396 2.512 2.637 2.772 2.967 3.277 3.552 3.792 3.998 4.176 4.331 4.460 4.560 4.634 4.679 4.698 5.129 6.069 7.088 8.102 9.095 10.068 11.020 11.951 12.861 13.750 14.618 15.466 15.646 15.550 15.453 15.355 15.257 15.158 15.058 14.958 14.857 14.755 14.652 14.549 13.906 13.273 12.692 12.164 11.688 11.264 10.893 10.574 10.308 10.094 9.932 9.938 10.570 11.184 11.780 12.357 12.916 13.457 13.980 14.484 14.970 15.438 15.888
1.836 1.779 1.715 1.647 1.722 1.806 1.899 2.001 2.112 2.232 2.361 2.500 2.647 2.804 2.969 3.149 3.339 3.495 3.616 3.703 3.783 3.873 3.964 4.056 4.148 4.241 4.335 4.739 5.704 6.648 7.571 8.474 9.355 10.216 11.056 11.876 12.674 13.452 14.209 14.462 14.363 14.263 14.162 14.061 13.959 13.856 13.753 13.649 13.544 13.439 13.333 12.946 12.542 12.191 11.891 11.644 11.450 11.308 11.218 11.180 11.195 11.262 11.400 11.952 12.486 13.002 13.499 13.979 14.440 14.882 15.307 15.713 16.101 16.471
