DATA/SHG/ECMWF/20170628/EN-22/20170712.en-22.asc
ncols        190
nrows        64
xllcorner    -5100000.000000000000
yllcorner    4130000.000000000000
cellsize     10000.000000000000
NODATA_value  -99999.000
[rows 0 to 31 of 64, columns 73 to 145 of 190]
3.575 4.067 4.576 5.104 5.649 6.213 6.795 7.394 7.677 7.133 6.568 6.022 5.497 4.991 4.505 4.039 3.592 3.166 2.759 2.373 2.114 2.209 2.289 2.360 2.423 2.478 2.525 2.565 2.596 2.619 2.634 2.641 2.627 2.566 2.497 2.422 2.341 2.253 2.158 2.058 1.950 1.836 1.716 1.589 1.463 1.358 1.256 1.156 1.059 0.964 0.872 0.782 0.695 0.610 0.528 0.448 0.393 0.405 0.420 0.437 0.456 0.479 0.503 0.531 0.561 0.593 0.628 0.666 0.727 0.850 0.976 1.105 1.238
3.572 4.127 4.666 5.189 5.705 6.212 6.711 7.201 7.505 6.989 6.493 6.017 5.561 5.124 4.708 4.311 3.934 3.577 3.239 2.922 2.662 2.722 2.765 2.800 2.827 2.847 2.858 2.861 2.856 2.844 2.823 2.794 2.752 2.661 2.564 2.460 2.349 2.232 2.109 1.979 1.842 1.699 1.550 1.394 1.241 1.147 1.056 0.967 0.881 0.798 0.717 0.638 0.562 0.488 0.417 0.349 0.295 0.318 0.344 0.373 0.404 0.438 0.474 0.513 0.554 0.598 0.645 0.694 0.758 0.896 1.036 1.180 1.327
3.459 3.971 4.474 4.968 5.455 5.933 6.403 6.864 7.275 6.828 6.401 5.994 5.607 5.240 4.893 4.565 4.257 3.969 3.701 3.452 3.223 3.242 3.249 3.249 3.240 3.224 3.199 3.166 3.126 3.077 3.021 2.956 2.883 2.764 2.637 2.504 2.365 2.219 2.066 1.907 1.742 1.570 1.391 1.206 1.016 0.934 0.854 0.776 0.701 0.629 0.559 0.492 0.427 0.364 0.304 0.247 0.194 0.229 0.266 0.306 0.349 0.394 0.442 0.492 0.545 0.601 0.659 0.720 0.836 1.070 1.282 1.472 1.638
3.333 3.815 4.290 4.755 5.213 5.662 6.103 6.536 6.960 6.649 6.291 5.954 5.636 5.337 5.059 4.801 4.562 4.343 4.144 3.964 3.804 3.771 3.742 3.706 3.661 3.609 3.548 3.480 3.404 3.319 3.227 3.126 3.018 2.873 2.718 2.556 2.387 2.212 2.031 1.843 1.648 1.447 1.240 1.026 0.806 0.718 0.649 0.583 0.519 0.458 0.399 0.343 0.289 0.237 0.188 0.142 0.098 0.137 0.186 0.297 0.465 0.633 0.800 0.966 1.132 1.298 1.463 1.628 1.793 1.928 2.039 2.128 2.195
3.215 3.668 4.113 4.550 4.979 5.399 5.811 6.215 6.611 6.452 6.163 5.895 5.646 5.417 5.207 5.018 4.848 4.698 4.568 4.458 4.367 4.308 4.243 4.171 4.091 4.003 3.906 3.802 3.690 3.570 3.442 3.305 3.161 2.990 2.805 2.614 2.417 2.213 2.002 1.785 1.562 1.332 1.096 0.853 0.603 0.500 0.442 0.387 0.334 0.284 0.301 0.374 0.451 0.531 0.614 0.701 0.791 0.943 1.109 1.276 1.441 1.607 1.772 1.936 2.100 2.264 2.427 2.590 2.752 2.807 2.818 2.807 2.773
3.104 3.529 3.945 4.353 4.753 5.144 5.528 5.903 6.269 6.237 6.017 5.818 5.638 5.478 5.338 5.217 5.116 5.035 4.974 4.933 4.911 4.853 4.753 4.645 4.529 4.405 4.273 4.133 3.985 3.829 3.665 3.493 3.313 3.113 2.900 2.680 2.453 2.220 1.981 1.735 1.483 1.283 1.124 0.969 0.815 0.808 0.879 0.954 1.031 1.113 1.197 1.286 1.377 1.472 1.571 1.672 1.778 1.924 2.089 2.253 2.417 2.580 2.743 2.905 3.067 3.229 3.389 3.550 3.710 3.707 3.618 3.506 3.372
3.002 3.398 3.785 4.164 4.535 4.898 5.252 5.598 5.936 6.004 5.854 5.723 5.612 5.521 5.450 5.398 5.367 5.354 5.362 5.389 5.436 5.407 5.271 5.127 4.975 4.815 4.648 4.472 4.288 4.096 3.897 3.689 3.508 3.346 3.177 3.012 2.849 2.688 2.531 2.376 2.224 2.075 1.928 1.784 1.643 1.624 1.710 1.800 1.893 1.989 2.089 2.192 2.299 2.409 2.522 2.639 2.760 2.905 3.068 3.230 3.391 3.552 3.713 3.873 4.033 4.192 4.351 4.509 4.667 4.628 4.439 4.227 3.993
2.907 3.274 3.633 3.983 4.325 4.659 4.984 5.301 5.610 5.753 5.672 5.611 5.569 5.547 5.544 5.561 5.598 5.655 5.732 5.828 5.943 5.968 5.797 5.565 5.327 5.109 4.911 4.732 4.574 4.435 4.316 4.216 4.137 4.036 3.880 3.726 3.575 3.427 3.282 3.139 2.999 2.862 2.728 2.596 2.467 2.435 2.536 2.641 2.749 2.861 2.976 3.094 3.216 3.341 3.469 3.601 3.737 3.885 4.045 4.205 4.365 4.524 4.682 4.840 4.998 5.155 5.312 5.468 5.624 5.571 5.281 4.969 4.635
2.820 3.158 3.488 3.809 4.123 4.428 4.724 5.013 5.293 5.485 5.473 5.480 5.507 5.554 5.620 5.692 5.715 5.734 5.751 5.763 5.773 5.736 5.547 5.378 5.228 5.098 4.988 4.898 4.827 4.777 4.746 4.734 4.743 4.723 4.579 4.437 4.298 4.162 4.029 3.898 3.771 3.646 3.523 3.404 3.287 3.241 3.358 3.477 3.601 3.727 3.857 3.991 4.128 4.268 4.411 4.559 4.709 4.864 5.022 5.180 5.337 5.494 5.651 5.807 5.962 6.117 6.272 6.426 6.579 6.534 6.145 5.733 5.298
2.741 3.050 3.351 3.644 3.928 4.205 4.473 4.732 4.986 5.201 5.233 5.261 5.285 5.306 5.324 5.339 5.350 5.358 5.362 5.364 5.361 5.350 5.249 5.168 5.107 5.065 5.043 5.041 5.059 5.096 5.153 5.230 5.326 5.406 5.273 5.144 5.017 4.893 4.772 4.654 4.538 4.425 4.315 4.207 4.103 4.043 4.174 4.309 4.447 4.589 4.734 4.883 5.035 5.190 5.349 5.511 5.676 5.842 5.998 6.154 6.309 6.464 6.618 6.772 6.925 7.078 7.230 7.382 7.534 7.519 7.030 6.518 5.983
2.670 2.963 3.260 3.542 3.809 4.061 4.299 4.522 4.730 4.921 4.941 4.957 4.970 4.980 4.986 4.989 4.989 4.985 4.978 4.967 4.953 4.943 4.930 4.937 4.964 5.010 5.077 5.162 5.268 5.393 5.538 5.703 5.887 6.084 5.964 5.847 5.732 5.620 5.511 5.405 5.301 5.200 5.102 5.007 4.914 4.839 4.986 5.136 5.289 5.446 5.606 5.770 5.937 6.107 6.281 6.458 6.639 6.819 6.973 7.127 7.280 7.432 7.584 7.736 7.887 8.038 8.188 8.338 8.488 8.525 7.936 7.324 6.690
2.822 3.082 3.327 3.558 3.773 3.974 4.160 4.332 4.489 4.631 4.653 4.658 4.659 4.657 4.652 4.643 4.631 4.616 4.597 4.575 4.549 4.527 4.589 4.684 4.799 4.934 5.088 5.261 5.455 5.668 5.901 6.153 6.426 6.717 6.651 6.546 6.443 6.344 6.247 6.152 6.061 5.972 5.886 5.802 5.722 5.644 5.793 5.958 6.127 6.298 6.474 6.652 6.834 7.020 7.208 7.401 7.596 7.795 7.947 8.099 8.250 8.400 8.550 8.700 8.849 8.997 9.146 9.293 9.366 9.318 8.524 7.752 7.001
3.006 3.214 3.408 3.587 3.751 3.901 4.036 4.156 4.261 4.352 4.369 4.362 4.351 4.338 4.321 4.300 4.277 4.250 4.219 4.186 4.149 4.114 4.227 4.410 4.612 4.835 5.077 5.338 5.619 5.920 6.241 6.582 6.942 7.321 7.334 7.241 7.150 7.063 6.978 6.896 6.816 6.739 6.665 6.594 6.525 6.460 6.595 6.775 6.959 7.146 7.336 7.530 7.727 7.927 8.131 8.338 8.549 8.763 8.920 8.996 8.989 8.980 8.970 8.958 8.945 8.931 8.915 8.898 8.879 8.859 8.209 7.534 6.881
3.203 3.360 3.503 3.630 3.743 3.841 3.925 3.993 4.047 4.087 4.088 4.069 4.047 4.022 3.993 3.961 3.926 3.887 3.845 3.800 3.751 3.706 3.842 4.113 4.404 4.714 5.043 5.393 5.762 6.151 6.559 6.987 7.435 7.902 8.013 7.932 7.854 7.778 7.705 7.635 7.567 7.503 7.441 7.382 7.325 7.271 7.393 7.588 7.787 7.988 8.160 8.281 8.382 8.463 8.525 8.567 8.589 8.591 8.580 8.568 8.554 8.539 8.523 8.505 8.486 8.465 8.443 8.420 8.395 8.368 7.872 7.295 6.739
3.414 3.520 3.611 3.687 3.749 3.795 3.828 3.845 3.848 3.835 3.810 3.780 3.746 3.710 3.669 3.626 3.579 3.529 3.475 3.418 3.358 3.300 3.436 3.795 4.173 4.571 4.988 5.426 5.882 6.359 6.855 7.371 7.906 8.461 8.688 8.619 8.553 8.489 8.428 8.370 8.315 8.247 8.173 8.107 8.051 8.003 8.062 8.174 8.266 8.339 8.391 8.424 8.438 8.431 8.404 8.358 8.292 8.206 8.160 8.142 8.122 8.101 8.078 8.054 8.029 8.002 7.973 7.943 7.912 7.880 7.515 7.034 6.575
3.639 3.693 3.733 3.758 3.768 3.763 3.744 3.710 3.662 3.598 3.536 3.494 3.449 3.401 3.349 3.294 3.235 3.173 3.108 3.040 2.968 2.899 3.008 3.455 3.921 4.406 4.911 5.436 5.981 6.545 7.128 7.732 8.340 8.931 9.230 9.133 9.044 8.965 8.894 8.833 8.780 8.736 8.701 8.675 8.657 8.649 8.666 8.690 8.695 8.679 8.644 8.589 8.514 8.419 8.305 8.170 8.016 7.842 7.743 7.718 7.692 7.664 7.635 7.605 7.573 7.540 7.505 7.469 7.432 7.393 7.136 6.753 6.390
3.877 3.880 3.868 3.842 3.801 3.745 3.674 3.589 3.489 3.375 3.265 3.212 3.155 3.095 3.032 2.965 2.895 2.822 2.745 2.665 2.581 2.501 2.559 3.154 3.793 4.421 5.039 5.646 6.243 6.830 7.406 7.971 8.526 9.071 9.432 9.375 9.326 9.286 9.254 9.232 9.219 9.214 9.219 9.232 9.254 9.285 9.291 9.227 9.144 9.040 8.917 8.773 8.611 8.428 8.225 8.003 7.761 7.499 7.327 7.296 7.263 7.230 7.194 7.158 7.120 7.080 7.040 6.997 6.954 6.908 6.737 6.450 6.185
4.129 4.080 4.017 3.940 3.847 3.740 3.618 3.482 3.331 3.165 2.998 2.933 2.865 2.793 2.718 2.647 2.676 2.719 2.776 2.847 2.933 3.023 3.166 3.769 4.361 4.943 5.515 6.076 6.626 7.166 7.696 8.215 8.724 9.223 9.625 9.606 9.597 9.596 9.604 9.622 9.648 9.682 9.726 9.779 9.840 9.910 9.936 9.784 9.613 9.421 9.210 8.979 8.728 8.457 8.167 7.857 7.527 7.177 6.913 6.876 6.837 6.797 6.756 6.713 6.669 6.623 6.576 6.527 6.477 6.426 6.316 6.126 5.957
4.393 4.294 4.180 4.051 3.907 3.749 3.576 3.389 3.194 3.028 2.858 2.860 2.881 2.916 2.966 3.030 3.108 3.201 3.308 3.430 3.566 3.706 3.848 4.395 4.941 5.476 6.001 6.516 7.020 7.514 7.998 8.471 8.933 9.386 9.807 9.828 9.858 9.897 9.944 10.001 10.066 10.140 10.223 10.315 10.416 10.526 10.602 10.362 10.102 9.823 9.523 9.205 8.866 8.507 8.129 7.731 7.314 6.876 6.501 6.458 6.413 6.367 6.319 6.270 6.219 6.168 6.114 6.059 6.003 5.946 5.874 5.780 5.709
4.672 4.524 4.373 4.218 4.059 3.895 3.727 3.554 3.377 3.195 3.009 3.029 3.100 3.185 3.285 3.399 3.528 3.670 3.828 3.999 4.185 4.375 4.568 5.031 5.531 6.020 6.499 6.967 7.425 7.873 8.310 8.737 9.153 9.559 9.955 10.040 10.109 10.187 10.274 10.370 10.475 10.588 10.711 10.842 10.982 11.131 11.287 10.959 10.612 10.244 9.857 9.451 9.024 8.578 8.112 7.627 7.121 6.596 6.091 6.042 5.991 5.938 5.884 5.829 5.772 5.714 5.655 5.594 5.531 5.467 5.411 5.414 5.439
4.983 4.821 4.655 4.484 4.309 4.130 3.946 3.757 3.564 3.366 3.164 3.185 3.306 3.441 3.591 3.755 3.933 4.126 4.333 4.554 4.790 5.031 5.274 5.678 6.132 6.575 7.007 7.430 7.841 8.243 8.634 9.014 9.384 9.744 10.094 10.241 10.350 10.467 10.594 10.729 10.873 11.026 11.188 11.358 11.537 11.726 11.923 11.577 11.142 10.687 10.212 9.717 9.203 8.669 8.116 7.542 6.949 6.337 5.704 5.628 5.571 5.512 5.452 5.390 5.327 5.263 5.197 5.130 5.061 5.130 5.405 5.751 6.046
5.300 5.122 4.940 4.754 4.563 4.368 4.168 3.964 3.755 3.541 3.323 3.327 3.498 3.683 3.883 4.097 4.325 4.568 4.825 5.096 5.382 5.673 5.966 6.336 6.743 7.140 7.527 7.903 8.268 8.623 8.968 9.303 9.627 9.940 10.243 10.433 10.581 10.738 10.903 11.078 11.261 11.453 11.654 11.864 12.083 12.310 12.547 12.215 11.692 11.149 10.587 10.004 9.403 8.781 8.140 7.479 6.798 6.098 5.378 5.216 5.238 5.403 5.591 5.802 6.037 6.295 6.576 6.881 7.209 7.560 7.934 8.068 8.134
5.621 5.428 5.230 5.028 4.821 4.610 4.394 4.174 3.949 3.720 3.487 3.455 3.676 3.912 4.161 4.425 4.703 4.996 5.303 5.624 5.960 6.301 6.645 7.005 7.366 7.716 8.057 8.386 8.706 9.015 9.314 9.602 9.880 10.147 10.404 10.615 10.802 10.998 11.203 11.417 11.639 11.871 12.111 12.360 12.618 12.885 13.160 12.873 12.262 11.632 10.982 10.310 9.654 9.031 8.442 7.886 7.363 6.875 6.419 6.470 6.715 6.982 7.273 7.588 7.925 8.286 8.671 9.078 9.509 9.963 10.441 10.432 10.270
5.945 5.737 5.523 5.305 5.083 4.856 4.624 4.389 4.148 3.903 3.654 3.571 3.842 4.127 4.426 4.740 5.068 5.411 5.767 6.138 6.524 6.915 7.309 7.684 7.999 8.303 8.598 8.881 9.155 9.417 9.670 9.912 10.144 10.365 10.576 10.787 11.013 11.249 11.493 11.746 12.008 12.278 12.510 12.674 12.845 13.022 13.206 12.939 12.297 11.689 11.114 10.572 10.064 9.590 9.149 8.741 8.368 8.027 7.720 7.817 8.165 8.536 8.930 9.347 9.788 10.252 10.739 11.249 11.783 12.340 12.920 12.845 12.454
6.274 6.049 5.820 5.587 5.348 5.106 4.859 4.607 4.351 4.090 3.825 3.673 3.994 4.329 4.678 5.041 5.419 5.812 6.218 6.639 7.074 7.515 7.960 8.374 8.643 8.901 9.149 9.387 9.614 9.831 10.037 10.233 10.419 10.551 10.602 10.675 10.823 10.976 11.137 11.304 11.477 11.658 11.845 12.038 12.238 12.445 12.658 12.572 12.079 11.619 11.192 10.799 10.439 10.113 9.821 9.561 9.336 9.144 8.985 9.139 9.589 10.063 10.560 11.080 11.624 12.191 12.781 13.394 14.031 14.691 15.374 15.306 14.687
6.607 6.366 6.121 5.872 5.618 5.360 5.097 4.829 4.557 4.281 4.000 3.762 4.132 4.517 4.916 5.329 5.757 6.199 6.655 7.126 7.611 8.102 8.597 9.075 9.258 9.366 9.462 9.545 9.616 9.674 9.720 9.752 9.773 9.780 9.775 9.797 9.973 10.157 10.347 10.543 10.746 10.956 11.172 11.395 11.625 11.861 12.104 12.171 11.825 11.514 11.235 10.991 10.779 10.601 10.457 10.346 10.268 10.224 10.214 10.435 10.988 11.565 12.165 12.788 13.434 14.104 14.797 15.513 16.252 17.015 17.801 17.814 16.968
6.943 6.687 6.426 6.161 5.891 5.617 5.339 5.056 4.768 4.476 4.179 3.878 4.257 4.692 5.141 5.604 6.073 6.487 6.898 7.307 7.712 8.118 8.526 8.931 9.004 9.056 9.096 9.124 9.139 9.141 9.131 9.108 9.072 9.024 8.964 8.912 9.118 9.331 9.550 9.776 10.009 10.248 10.494 10.747 11.006 11.271 11.544 11.734 11.537 11.374 11.243 11.147 11.084 11.054 11.057 11.094 11.165 11.269 11.406 11.705 12.361 13.041 13.743 14.469 15.219 15.991 16.787 17.606 18.448 19.313 20.201 20.371 19.296
7.283 7.011 6.735 6.454 6.169 5.879 5.585 5.286 4.982 4.670 4.335 3.992 4.268 4.684 5.097 5.507 5.914 6.318 6.719 7.117 7.512 7.907 8.304 8.699 8.764 8.761 8.745 8.717 8.676 8.623 8.556 8.478 8.387 8.283 8.166 8.037 8.257 8.499 8.748 9.003 9.266 9.534 9.810 10.092 10.380 10.675 10.977 11.263 11.214 11.198 11.216 11.268 11.353 11.471 11.622 11.807 12.026 12.278 12.563 12.949 13.709 14.491 15.296 16.125 16.977 17.852 18.750 19.672 20.617 21.585 22.576 22.975 21.673
7.627 7.340 7.044 6.732 6.414 6.089 5.757 5.418 5.072 4.720 4.360 3.993 4.155 4.561 4.963 5.363 5.759 6.153 6.543 6.930 7.315 7.700 8.086 8.470 8.539 8.480 8.409 8.325 8.228 8.119 7.997 7.863 7.716 7.556 7.384 7.199 7.389 7.661 7.939 8.224 8.516 8.814 9.119 9.430 9.748 10.073 10.404 10.742 10.856 10.988 11.154 11.354 11.586 11.853 12.152 12.485 12.851 13.251 13.684 14.169 15.030 15.915 16.824 17.755 18.709 19.687 20.688 21.712 22.760 23.830 24.924 25.627 24.098
7.919 7.597 7.269 6.933 6.591 6.242 5.885 5.522 5.152 4.775 4.392 4.001 4.045 4.440 4.832 5.221 5.607 5.990 6.370 6.746 7.120 7.495 7.870 8.243 8.329 8.214 8.087 7.947 7.794 7.630 7.452 7.262 7.059 6.844 6.617 6.376 6.515 6.817 7.124 7.439 7.760 8.087 8.422 8.762 9.110 9.464 9.824 10.192 10.463 10.743 11.057 11.404 11.785 12.199 12.646 13.127 13.641 14.188 14.769 15.383 16.327 17.314 18.325 19.359 20.416 21.496 22.600 23.726 24.876 26.049 27.245 28.104 25.844
8.198 7.853 7.500 7.140 6.774 6.400 6.020 5.633 5.239 4.838 4.430 4.015 3.937 4.322 4.704 5.082 5.458 5.830 6.199 6.566 6.929 7.293 7.658 8.020 8.132 7.962 7.779 7.584 7.376 7.155 6.922 6.676 6.418 6.147 5.864 5.568 5.636 5.966 6.303 6.647 6.998 7.355 7.718 8.088 8.465 8.849 9.239 9.635 10.035 10.463 10.925 11.420 11.948 12.510 13.105 13.733 14.395 15.090 15.818 16.580 17.597 18.688 19.686 20.447 21.177 21.878 22.548 23.189 23.799 24.380 24.930 25.450 23.608
8.484 8.114 7.737 7.354 6.963 6.565 6.161 5.750 5.331 4.906 4.474 4.035 3.833 4.207 4.578 4.946 5.311 5.673 6.032 6.387 6.740 7.094 7.448 7.800 7.950 7.724 7.486 7.235 6.971 6.695 6.406 6.105 5.791 5.465 5.126 4.774 4.750 5.110 5.476 5.850 6.229 6.616 7.009 7.408 7.814 8.227 8.646 9.072 9.573 10.149 10.758 11.401 12.077 12.781 13.456 14.085 14.669 15.207 15.699 16.146 16.772 17.461 18.119 18.747 19.346 19.914 20.452 20.960 21.439 21.887 22.305 22.693 21.318
