DATA/SHG/ECMWF/20170628/EN-22/20170706.en-22.asc
ncols        190
nrows        64
xllcorner    -5100000.000000000000
yllcorner    4130000.000000000000
cellsize     10000.000000000000
NODATA_value  -99999.000
[rows 0 to 32 of 64, columns 74 to 147 of 190]
3.510 3.589 3.667 3.744 3.821 3.897 3.973 4.157 4.580 4.985 5.382 5.769 6.147 6.515 6.874 7.224 7.565 7.896 8.218 8.566 9.028 9.483 9.922 10.345 10.753 11.144 11.519 11.879 12.223 12.551 12.862 13.021 12.749 12.511 12.308 12.138 12.003 11.902 11.836 11.804 11.806 11.843 11.913 11.967 11.883 11.811 11.749 11.699 11.660 11.633 11.617 11.612 11.619 11.637 11.666 11.546 10.950 10.342 9.722 9.091 8.448 7.794 7.129 6.451 5.763 5.063 4.351 3.780 3.626 3.465 3.297 3.121 2.937 2.746
3.550 3.606 3.658 3.713 3.772 3.833 3.898 4.023 4.405 4.779 5.143 5.497 5.843 6.179 6.506 6.823 7.132 7.431 7.720 8.013 8.404 8.788 9.156 9.508 9.845 10.165 10.470 10.759 11.032 11.288 11.530 11.714 11.596 11.511 11.461 11.445 11.464 11.516 11.603 11.725 11.880 12.070 12.294 12.513 12.479 12.457 12.446 12.447 12.458 12.482 12.516 12.562 12.619 12.687 12.767 12.756 12.107 11.447 10.776 10.093 9.399 8.693 7.976 7.247 6.507 5.755 4.991 4.307 4.120 3.926 3.724 3.514 3.297 3.073
3.388 3.448 3.511 3.578 3.648 3.721 3.797 3.890 4.240 4.581 4.912 5.235 5.548 5.852 6.146 6.432 6.708 6.974 7.232 7.480 7.799 8.112 8.409 8.691 8.956 9.206 9.440 9.658 9.860 10.046 10.216 10.371 10.406 10.475 10.579 10.716 10.888 11.094 11.334 11.608 11.917 12.260 12.637 13.045 13.062 13.090 13.130 13.181 13.243 13.317 13.402 13.498 13.606 13.724 13.855 13.975 13.275 12.564 11.841 11.106 10.360 9.603 8.834 8.053 7.261 6.458 5.643 4.818 4.566 4.329 4.106 3.899 3.706 3.528
3.216 3.288 3.362 3.440 3.521 3.606 3.693 3.784 4.083 4.391 4.691 4.981 5.262 5.533 5.796 6.049 6.292 6.527 6.752 6.968 7.212 7.455 7.681 7.892 8.087 8.265 8.428 8.576 8.707 8.822 8.922 9.006 9.181 9.403 9.660 9.951 10.276 10.635 11.028 11.456 11.917 12.413 12.943 13.508 13.632 13.711 13.801 13.902 14.015 14.139 14.274 14.421 14.579 14.748 14.929 15.120 14.453 13.690 12.868 11.996 11.122 10.247 9.370 8.491 7.611 6.729 5.845 4.960 4.726 4.555 4.398 4.257 4.131 4.019
3.042 3.124 3.210 3.299 3.392 3.487 3.586 3.688 3.935 4.211 4.478 4.736 4.984 5.224 5.454 5.675 5.886 6.088 6.281 6.465 6.645 6.816 6.972 7.112 7.236 7.344 7.436 7.513 7.574 7.618 7.647 7.660 7.920 8.296 8.705 9.149 9.627 10.139 10.685 11.266 11.880 12.529 13.212 13.930 14.189 14.319 14.459 14.611 14.774 14.868 14.919 14.992 15.089 15.209 15.352 15.519 14.859 13.983 13.105 12.225 11.344 10.461 9.577 8.690 7.803 6.913 6.022 5.129 4.871 4.766 4.676 4.600 4.540 4.495
2.864 2.958 3.056 3.156 3.260 3.366 3.476 3.590 3.795 4.039 4.274 4.499 4.716 4.923 5.121 5.309 5.489 5.659 5.820 5.971 6.096 6.197 6.282 6.351 6.404 6.442 6.463 6.469 6.459 6.434 6.392 6.334 6.623 7.152 7.714 8.311 8.942 9.607 10.306 11.039 11.753 12.423 13.073 13.703 13.929 13.966 14.028 14.112 14.219 14.350 14.504 14.682 14.882 15.106 15.353 15.624 15.113 14.229 13.344 12.456 11.568 10.677 9.785 8.891 7.996 7.099 6.200 5.300 5.001 4.962 4.938 4.929 4.934 4.955
2.684 2.790 2.898 3.010 3.125 3.243 3.364 3.488 3.664 3.876 4.078 4.272 4.456 4.631 4.796 4.953 5.100 5.238 5.367 5.486 5.565 5.596 5.610 5.609 5.591 5.558 5.509 5.445 5.364 5.268 5.156 5.117 5.503 6.242 6.961 7.661 8.341 9.001 9.643 10.264 10.866 11.449 12.012 12.556 12.868 13.009 13.174 13.362 13.574 13.809 14.066 14.348 14.652 14.979 15.330 15.704 15.369 14.477 13.584 12.689 11.793 10.895 9.995 9.094 8.191 7.286 6.380 5.472 5.115 5.143 5.185 5.242 5.313 5.400
2.502 2.618 2.738 2.861 2.987 3.116 3.249 3.384 3.542 3.721 3.892 4.053 4.205 4.348 4.481 4.605 4.720 4.826 4.923 5.010 5.054 5.013 4.995 4.992 4.991 4.994 4.999 5.006 5.017 5.030 5.045 5.064 5.333 5.984 6.617 7.230 7.823 8.397 8.951 9.486 10.002 10.497 10.974 11.431 11.783 12.029 12.298 12.589 12.905 13.243 13.605 13.989 14.397 14.829 15.283 15.761 15.626 14.726 13.826 12.923 12.019 11.114 10.207 9.298 8.387 7.475 6.561 5.646 5.215 5.308 5.417 5.539 5.677 5.830
2.316 2.444 2.575 2.709 2.846 2.987 3.130 3.277 3.428 3.575 3.714 3.843 3.962 4.073 4.182 4.313 4.435 4.549 4.653 4.750 4.820 4.824 4.830 4.839 4.851 4.865 4.882 4.902 4.924 4.949 4.977 5.008 5.184 5.749 6.294 6.821 7.327 7.814 8.282 8.730 9.159 9.568 9.958 10.328 10.676 11.025 11.397 11.793 12.212 12.654 13.119 13.607 14.119 14.654 15.212 15.793 15.884 14.977 14.069 13.159 12.248 11.335 10.420 9.503 8.585 7.666 6.744 5.821 5.300 5.459 5.633 5.822 6.026 6.244
2.128 2.267 2.409 2.554 2.703 2.854 3.009 3.180 3.371 3.524 3.668 3.803 3.930 4.048 4.157 4.257 4.349 4.432 4.507 4.573 4.629 4.644 4.663 4.684 4.707 4.734 4.763 4.794 4.829 4.866 4.906 4.948 5.056 5.535 5.994 6.433 6.853 7.253 7.634 7.996 8.338 8.661 8.964 9.247 9.545 9.998 10.474 10.973 11.495 12.041 12.610 13.202 13.817 14.455 15.116 15.801 16.144 15.230 14.314 13.397 12.477 11.557 10.634 9.710 8.785 7.858 6.929 5.998 5.370 5.595 5.835 6.090 6.359 6.644
1.958 2.153 2.349 2.546 2.743 2.940 3.138 3.337 3.535 3.658 3.771 3.876 3.973 4.060 4.139 4.210 4.271 4.324 4.369 4.404 4.434 4.462 4.492 4.525 4.561 4.599 4.641 4.684 4.731 4.780 4.832 4.886 4.951 5.342 5.714 6.067 6.400 6.714 7.009 7.284 7.539 7.775 7.992 8.189 8.391 8.947 9.527 10.130 10.756 11.405 12.077 12.772 13.491 14.232 14.997 15.785 16.406 15.484 14.560 13.635 12.709 11.781 10.851 9.919 8.986 8.051 7.115 6.177 5.425 5.716 6.022 6.342 6.678 7.028
2.102 2.299 2.497 2.695 2.894 3.093 3.293 3.494 3.695 3.799 3.883 3.957 4.023 4.081 4.130 4.170 4.201 4.224 4.238 4.243 4.243 4.277 4.319 4.364 4.412 4.462 4.516 4.571 4.630 4.691 4.755 4.821 4.891 5.171 5.457 5.723 5.970 6.197 6.405 6.593 6.762 6.912 7.042 7.153 7.244 7.874 8.557 9.263 9.992 10.745 11.520 12.319 13.141 13.986 14.854 15.745 16.659 15.739 14.808 13.876 12.942 12.006 11.069 10.129 9.189 8.246 7.303 6.376 5.548 5.951 6.361 6.777 7.201 7.631
2.245 2.444 2.644 2.844 3.045 3.246 3.448 3.650 3.853 3.948 4.002 4.046 4.082 4.109 4.128 4.138 4.139 4.132 4.115 4.091 4.060 4.089 4.143 4.200 4.260 4.323 4.388 4.455 4.526 4.599 4.675 4.754 4.835 5.021 5.221 5.400 5.561 5.701 5.823 5.925 6.007 6.071 6.114 6.139 6.144 6.777 7.563 8.373 9.205 10.061 10.940 11.842 12.767 13.715 14.686 15.681 16.698 15.996 15.009 13.988 12.997 12.037 11.107 10.207 9.337 8.498 7.689 6.910 6.161 6.516 6.956 7.403 7.857 8.317
2.387 2.588 2.790 2.992 3.194 3.397 3.601 3.805 4.010 4.105 4.128 4.143 4.148 4.145 4.134 4.114 4.085 4.047 4.001 3.946 3.885 3.898 3.965 4.034 4.105 4.180 4.257 4.337 4.419 4.504 4.592 4.683 4.776 4.893 5.006 5.099 5.173 5.227 5.263 5.278 5.274 5.251 5.209 5.147 5.065 5.657 6.546 7.459 8.395 9.351 10.300 11.238 12.163 13.076 13.976 14.864 15.740 15.221 14.304 13.417 12.561 11.735 10.939 10.173 9.438 8.733 8.058 7.413 6.798 7.073 7.543 8.021 8.505 8.995
2.529 2.732 2.935 3.139 3.344 3.548 3.754 3.960 4.166 4.270 4.263 4.247 4.223 4.189 4.148 4.097 4.038 3.970 3.894 3.809 3.718 3.705 3.783 3.864 3.948 4.034 4.124 4.215 4.310 4.407 4.507 4.609 4.714 4.786 4.813 4.820 4.807 4.775 4.724 4.653 4.580 4.519 4.458 4.398 4.338 4.880 5.824 6.756 7.676 8.584 9.479 10.363 11.234 12.092 12.939 13.773 14.595 14.352 13.569 12.817 12.095 11.403 10.741 10.109 9.508 8.937 8.396 7.885 7.405 7.622 8.123 8.631 9.145 9.666
2.670 2.875 3.080 3.286 3.492 3.699 3.906 4.113 4.322 4.443 4.405 4.359 4.305 4.241 4.169 4.089 4.000 3.902 3.795 3.680 3.559 3.509 3.599 3.692 3.788 3.886 3.987 4.091 4.197 4.307 4.418 4.516 4.592 4.607 4.545 4.483 4.421 4.361 4.300 4.240 4.180 4.121 4.062 4.004 3.946 4.343 5.234 6.112 6.977 7.831 8.672 9.501 10.318 11.123 11.915 12.695 13.463 13.453 12.805 12.186 11.598 11.040 10.513 10.015 9.548 9.111 8.703 8.327 7.980 8.164 8.695 9.233 9.778 10.329
2.811 3.017 3.224 3.431 3.639 3.848 4.057 4.267 4.477 4.623 4.555 4.479 4.394 4.301 4.199 4.088 3.969 3.841 3.705 3.559 3.408 3.310 3.424 3.542 3.650 3.749 3.839 3.921 3.993 4.056 4.110 4.155 4.191 4.193 4.133 4.073 4.014 3.955 3.896 3.838 3.781 3.723 3.667 3.610 3.554 3.820 4.656 5.480 6.292 7.091 7.879 8.654 9.416 10.167 10.905 11.631 12.345 12.525 12.011 11.526 11.072 10.648 10.254 9.891 9.557 9.254 8.980 8.737 8.525 8.699 9.260 9.828 10.403 10.984
2.950 3.158 3.367 3.576 3.786 3.997 4.207 4.419 4.631 4.810 4.713 4.607 4.492 4.368 4.234 4.069 3.916 3.775 3.647 3.531 3.427 3.350 3.436 3.513 3.581 3.640 3.690 3.731 3.763 3.786 3.800 3.805 3.800 3.780 3.722 3.664 3.606 3.549 3.493 3.437 3.381 3.326 3.271 3.216 3.162 3.311 4.093 4.863 5.620 6.366 7.099 7.820 8.529 9.225 9.909 10.582 11.241 11.567 11.187 10.836 10.516 10.226 9.966 9.736 9.536 9.366 9.227 9.118 9.038 9.226 9.817 10.415 11.020 11.632
3.089 3.299 3.510 3.721 3.932 4.145 4.357 4.557 4.688 4.806 4.630 4.458 4.299 4.152 4.018 3.896 3.785 3.688 3.602 3.528 3.467 3.414 3.458 3.495 3.523 3.542 3.551 3.552 3.544 3.527 3.500 3.465 3.420 3.367 3.311 3.255 3.199 3.144 3.089 3.035 2.981 2.928 2.875 2.823 2.771 2.814 3.543 4.258 4.962 5.654 6.333 7.000 7.655 8.297 8.928 9.546 10.152 10.580 10.333 10.116 9.930 9.773 9.647 9.551 9.485 9.449 9.443 9.467 9.521 9.745 10.366 10.995 11.630 12.272
3.218 3.390 3.549 3.697 3.834 3.959 4.072 4.173 4.263 4.341 4.233 4.104 3.988 3.883 3.791 3.712 3.644 3.589 3.546 3.515 3.496 3.487 3.490 3.487 3.475 3.453 3.423 3.383 3.335 3.277 3.211 3.135 3.051 2.957 2.899 2.845 2.792 2.739 2.686 2.634 2.582 2.531 2.480 2.429 2.379 2.332 3.006 3.668 4.317 4.955 5.580 6.193 6.794 7.383 7.959 8.524 9.076 9.563 9.450 9.367 9.314 9.291 9.298 9.336 9.403 9.501 9.628 9.786 9.974 10.257 10.908 11.567 12.232 12.904
3.129 3.260 3.379 3.487 3.583 3.667 3.739 3.800 3.849 3.886 3.825 3.739 3.665 3.604 3.554 3.517 3.492 3.479 3.479 3.490 3.514 3.548 3.533 3.489 3.437 3.375 3.304 3.225 3.136 3.039 2.932 2.816 2.691 2.558 2.488 2.436 2.385 2.334 2.283 2.233 2.183 2.133 2.084 2.036 1.987 1.940 2.483 3.091 3.686 4.270 4.841 5.401 5.948 6.482 7.005 7.515 8.014 8.500 8.537 8.587 8.668 8.779 8.919 9.090 9.291 9.522 9.783 10.074 10.460 10.946 11.744 12.537 13.325 14.109
3.052 3.142 3.221 3.287 3.343 3.386 3.418 3.438 3.447 3.443 3.407 3.364 3.332 3.313 3.306 3.312 3.329 3.359 3.401 3.455 3.521 3.598 3.585 3.501 3.409 3.307 3.196 3.077 2.948 2.810 2.663 2.507 2.343 2.169 2.077 2.027 1.978 1.929 1.880 1.831 1.783 1.736 1.689 1.642 1.596 1.550 1.973 2.527 3.069 3.599 4.116 4.622 5.115 5.596 6.064 6.521 6.965 7.398 7.594 7.925 8.467 8.994 9.505 10.001 10.480 10.944 11.392 11.824 12.240 12.640 13.391 14.164 14.931 15.694
2.985 3.035 3.073 3.099 3.114 3.117 3.108 3.087 3.055 3.012 2.979 2.978 2.989 3.012 3.048 3.095 3.155 3.227 3.312 3.408 3.517 3.637 3.648 3.524 3.391 3.249 3.098 2.938 2.770 2.592 2.405 2.209 2.004 1.790 1.667 1.618 1.571 1.523 1.477 1.430 1.384 1.339 1.293 1.249 1.204 1.161 1.477 1.977 2.465 2.941 3.496 4.212 4.964 5.750 6.571 7.427 8.317 9.242 9.862 10.350 10.823 11.279 11.720 12.145 12.554 12.948 13.325 13.687 14.033 14.363 15.042 15.793 16.540 17.282
2.930 2.939 2.936 2.922 2.896 2.858 2.809 2.748 2.676 2.591 2.540 2.581 2.635 2.700 2.778 2.869 2.971 3.085 3.212 3.351 3.503 3.665 3.720 3.556 3.383 3.201 3.011 2.811 2.602 2.384 2.157 1.921 1.676 1.422 1.256 1.210 1.164 1.119 1.074 1.029 0.985 0.992 1.077 1.160 1.239 1.314 1.724 2.455 3.222 4.023 4.859 5.730 6.636 7.576 8.551 9.561 10.606 11.685 12.371 12.789 13.191 13.577 13.948 14.302 14.641 14.964 15.272 15.563 15.839 16.099 16.694 17.424 18.150 18.871
2.885 2.853 2.810 2.756 2.689 2.611 2.521 2.420 2.307 2.182 2.090 2.174 2.270 2.378 2.498 2.631 2.776 2.932 3.102 3.283 3.477 3.682 3.803 3.599 3.386 3.164 2.933 2.693 2.444 2.186 1.919 1.643 1.404 1.250 1.188 1.282 1.372 1.459 1.543 1.624 1.701 1.776 1.847 1.915 1.980 2.041 2.432 3.318 4.239 5.194 6.185 7.210 8.269 9.364 10.493 11.657 12.856 14.089 14.892 15.240 15.572 15.888 16.188 16.473 16.742 16.995 17.232 17.453 17.659 17.849 18.349 19.058 19.763 20.464
2.851 2.779 2.696 2.600 2.493 2.375 2.245 2.103 1.949 1.784 1.629 1.756 1.894 2.045 2.208 2.382 2.570 2.769 2.980 3.204 3.441 3.689 3.896 3.644 3.393 3.163 2.954 2.767 2.601 2.456 2.333 2.231 2.150 2.090 2.074 2.153 2.229 2.302 2.372 2.439 2.502 2.562 2.619 2.673 2.723 2.770 3.103 4.143 5.218 6.327 7.472 8.651 9.864 11.113 12.396 13.714 15.067 16.454 17.427 17.704 17.966 18.212 18.442 18.656 18.855 19.038 19.205 19.356 19.492 19.612 20.006 20.695 21.379 22.058
2.829 2.716 2.592 2.456 2.309 2.150 1.979 1.797 1.603 1.398 1.181 1.327 1.508 1.701 1.906 2.135 2.431 2.701 2.945 3.164 3.358 3.532 3.685 3.515 3.358 3.223 3.109 3.016 2.945 2.894 2.865 2.858 2.871 2.906 2.962 3.027 3.089 3.148 3.203 3.256 3.305 3.350 3.393 3.433 3.469 3.502 3.735 4.930 6.158 7.422 8.720 10.053 11.421 12.823 14.260 15.732 17.239 18.780 19.974 20.181 20.373 20.549 20.709 20.853 20.982 21.094 21.191 21.273 21.338 21.388 21.665 22.334 22.997 23.656
2.817 2.664 2.500 2.323 2.136 1.936 1.725 1.503 1.299 1.219 1.160 1.423 1.732 2.016 2.274 2.506 2.712 2.892 3.046 3.175 3.279 3.362 3.425 3.363 3.300 3.259 3.240 3.241 3.264 3.308 3.374 3.460 3.568 3.698 3.848 3.904 3.951 3.996 4.037 4.075 4.110 4.141 4.170 4.195 4.217 4.236 4.330 5.678 7.061 8.479 9.931 11.418 12.939 14.495 16.086 17.711 19.372 21.066 22.534 22.671 22.793 22.899 22.989 23.063 23.121 23.164 23.191 23.203 23.198 23.178 23.327 23.975 24.617 25.255
2.816 2.631 2.474 2.339 2.225 2.134 2.064 2.015 1.989 1.984 2.001 2.176 2.395 2.589 2.757 2.899 3.016 3.106 3.171 3.209 3.223 3.216 3.188 3.186 3.219 3.272 3.347 3.443 3.560 3.698 3.858 4.039 4.241 4.465 4.710 4.783 4.816 4.846 4.873 4.897 4.917 4.935 4.949 4.960 4.968 4.973 4.974 6.389 7.926 9.497 11.103 12.744 14.419 16.129 17.873 19.652 21.466 23.314 25.107 25.174 25.226 25.261 25.281 25.286 25.274 25.247 25.204 25.146 25.071 24.981 24.992 25.618 26.240 26.857
2.875 2.772 2.690 2.631 2.593 2.576 2.582 2.609 2.657 2.728 2.820 2.951 3.081 3.185 3.263 3.316 3.342 3.343 3.318 3.267 3.190 3.092 2.974 2.987 3.113 3.261 3.430 3.620 3.832 4.064 4.318 4.594 4.890 5.208 5.547 5.664 5.683 5.699 5.711 5.721 5.727 5.731 5.731 5.727 5.721 5.711 5.699 7.063 8.753 10.478 12.237 14.031 15.860 17.723 19.621 21.554 23.521 25.523 27.560 27.690 27.671 27.637 27.587 27.522 27.440 27.343 27.231 27.102 26.958 26.798 26.584 26.977 27.338 27.667
2.920 2.893 2.886 2.902 2.939 2.998 3.079 3.181 3.305 3.451 3.618 3.749 3.789 3.804 3.792 3.755 3.692 3.603 3.488 3.348 3.181 2.992 2.783 2.763 2.984 3.226 3.489 3.774 4.079 4.406 4.754 5.124 5.514 5.926 6.359 6.547 6.552 6.554 6.552 6.548 6.540 6.529 6.515 6.497 6.477 6.453 6.426 7.698 9.542 11.420 13.333 15.281 17.263 19.280 21.331 23.417 25.538 27.693 29.883 30.219 30.130 29.958 29.638 29.304 28.956 28.594 28.219 27.830 27.427 27.011 26.580 26.787 27.006 27.193
2.945 2.993 3.062 3.153 3.265 3.400 3.555 3.733 3.932 4.153 4.396 4.570 4.520 4.445 4.344 4.217 4.064 3.886 3.682 3.451 3.195 2.915 2.616 2.516 2.831 3.167 3.525 3.903 4.303 4.724 5.166 5.630 6.115 6.621 7.148 7.433 7.424 7.411 7.395 7.376 7.354 7.329 7.301 7.269 7.235 7.197 7.156 8.296 10.293 12.325 14.391 16.492 18.698 21.014 23.224 25.329 27.328 29.222 31.010 31.274 30.920 30.553 30.172 29.777 29.368 28.945 28.509 28.059 27.596 27.118 26.627 26.628 26.706 26.752
2.950 3.072 3.217 3.383 3.571 3.780 4.011 4.264 4.538 4.834 5.152 5.413 5.274 5.109 4.918 4.702 4.460 4.192 3.898 3.578 3.232 2.862 2.472 2.245 2.655 3.085 3.536 4.009 4.503 5.018 5.555 6.112 6.691 7.291 7.912 8.321 8.297 8.271 8.241 8.208 8.172 8.132 8.090 8.219 8.824 9.402 9.953 11.386 13.763 16.034 18.200 20.260 22.215 24.065 25.809 27.448 28.982 30.410 31.733 32.004 31.589 31.161 30.719 30.263 29.793 29.310 28.813 28.302 27.777 27.239 26.687 26.501 26.438 26.342
