DATA/SHG/ECMWF/20170628/EN-22/20170703.en-22.asc
ncols        190
nrows        64
xllcorner    -5100000.000000000000
yllcorner    4130000.000000000000
cellsize     10000.000000000000
NODATA_value  -99999.000
[rows 0 to 32 of 64, columns 0 to 72 of 190]
1.979 2.006 2.035 2.069 2.105 2.144 2.187 2.232 2.281 2.424 2.598 2.775 2.955 3.137 3.322 3.510 3.700 3.893 4.089 4.295 4.502 4.480 4.348 4.210 4.068 3.920 3.768 3.610 3.446 3.278 3.105 2.926 2.742 2.615 2.534 2.461 2.397 2.342 2.296 2.258 2.229 2.208 2.196 2.193 2.199 2.291 2.450 2.605 2.757 2.905 3.050 3.191 3.329 3.463 3.594 3.721 3.844 3.947 4.016 4.070 4.109 4.133 4.141 4.135 4.113 4.076 4.023 3.956 3.873 3.860 3.991 4.141 4.308
2.023 2.061 2.102 2.147 2.194 2.244 2.298 2.355 2.415 2.549 2.733 2.920 3.139 3.356 3.570 3.782 3.990 4.195 4.397 4.596 4.791 4.803 4.652 4.496 4.336 4.170 3.999 3.822 3.641 3.454 3.262 3.065 2.863 2.726 2.676 2.634 2.600 2.576 2.560 2.553 2.554 2.564 2.583 2.611 2.647 2.731 2.878 3.021 3.160 3.296 3.428 3.557 3.682 3.804 3.922 4.037 4.148 4.230 4.246 4.247 4.232 4.203 4.158 4.098 4.022 3.932 3.826 3.705 3.569 3.503 3.698 3.912 4.143
2.065 2.114 2.166 2.221 2.285 2.379 2.481 2.592 2.712 2.880 3.096 3.308 3.518 3.724 3.927 4.128 4.325 4.519 4.710 4.898 5.083 5.130 4.962 4.788 4.609 4.424 4.235 4.040 3.840 3.635 3.425 3.210 2.990 2.829 2.809 2.797 2.794 2.800 2.815 2.838 2.870 2.911 2.960 3.018 3.085 3.175 3.309 3.439 3.566 3.690 3.810 3.926 4.039 4.148 4.254 4.356 4.455 4.528 4.490 4.438 4.370 4.287 4.189 4.075 3.947 3.803 3.644 3.470 3.375 3.344 3.676 4.001 4.319
2.161 2.251 2.349 2.456 2.571 2.696 2.829 2.970 3.121 3.294 3.498 3.700 3.899 4.094 4.287 4.476 4.663 4.846 5.027 5.204 5.378 5.463 5.276 5.084 4.886 4.684 4.476 4.263 4.045 3.822 3.593 3.360 3.121 2.922 2.932 2.951 2.979 3.016 3.061 3.115 3.177 3.248 3.328 3.417 3.514 3.621 3.743 3.861 3.975 4.086 4.194 4.298 4.398 4.495 4.589 4.679 4.765 4.840 4.749 4.643 4.522 4.399 4.287 4.183 4.090 4.007 3.933 3.869 3.815 3.771 4.070 4.368 4.659
2.314 2.435 2.564 2.701 2.848 3.003 3.166 3.339 3.520 3.710 3.904 4.095 4.283 4.467 4.649 4.828 5.003 5.176 5.346 5.512 5.675 5.801 5.596 5.385 5.169 4.949 4.722 4.491 4.255 4.013 3.767 3.515 3.258 3.006 3.047 3.097 3.155 3.222 3.297 3.382 3.475 3.576 3.687 3.806 3.933 4.070 4.179 4.285 4.387 4.486 4.581 4.673 4.761 4.841 4.898 4.942 4.973 4.990 4.884 4.777 4.678 4.590 4.511 4.443 4.384 4.334 4.295 4.265 4.245 4.235 4.471 4.742 5.005
2.458 2.609 2.769 2.937 3.114 3.300 3.494 3.697 3.909 4.129 4.312 4.492 4.669 4.843 5.014 5.182 5.347 5.509 5.667 5.823 5.976 6.125 5.920 5.692 5.457 5.218 4.974 4.724 4.470 4.210 3.945 3.675 3.400 3.119 3.153 3.233 3.321 3.419 3.525 3.640 3.763 3.895 4.036 4.185 4.343 4.510 4.626 4.730 4.820 4.898 4.962 5.012 5.049 5.073 5.083 5.081 5.064 5.035 4.963 4.889 4.825 4.771 4.727 4.692 4.667 4.652 4.647 4.652 4.666 4.690 4.878 5.122 5.359
2.592 2.773 2.964 3.163 3.370 3.587 3.812 4.045 4.288 4.539 4.723 4.892 5.058 5.222 5.382 5.539 5.693 5.844 5.992 6.137 6.279 6.417 6.250 6.003 5.751 5.493 5.231 4.963 4.690 4.412 4.129 3.840 3.547 3.248 3.249 3.360 3.479 3.607 3.743 3.899 4.072 4.255 4.447 4.649 4.861 5.082 5.199 5.256 5.300 5.330 5.347 5.351 5.341 5.318 5.281 5.232 5.169 5.092 5.031 4.992 4.962 4.942 4.932 4.932 4.941 4.960 4.989 5.028 5.076 5.135 5.292 5.509 5.719
2.715 2.928 3.149 3.378 3.617 3.864 4.119 4.383 4.656 4.938 5.136 5.295 5.450 5.603 5.752 5.898 6.042 6.182 6.319 6.453 6.584 6.712 6.585 6.319 6.049 5.773 5.492 5.206 4.915 4.619 4.317 4.011 3.707 3.407 3.381 3.539 3.708 3.886 4.073 4.271 4.478 4.694 4.920 5.156 5.402 5.657 5.785 5.795 5.792 5.775 5.745 5.702 5.645 5.575 5.492 5.396 5.286 5.163 5.090 5.085 5.089 5.104 5.128 5.162 5.205 5.259 5.322 5.395 5.477 5.570 5.713 5.903 6.086
2.829 3.072 3.324 3.584 3.853 4.131 4.417 4.712 5.015 5.327 5.552 5.700 5.845 5.986 6.125 6.260 6.393 6.522 6.649 6.772 6.893 7.010 6.924 6.641 6.352 6.045 5.739 5.434 5.132 4.831 4.532 4.234 3.939 3.645 3.573 3.766 3.968 4.180 4.401 4.632 4.873 5.123 5.383 5.653 5.932 6.220 6.383 6.346 6.296 6.232 6.156 6.066 5.962 5.846 5.716 5.572 5.416 5.246 5.139 5.168 5.207 5.256 5.314 5.382 5.460 5.547 5.644 5.751 5.868 5.994 6.140 6.303 6.459
2.934 3.207 3.489 3.780 4.080 4.388 4.704 5.030 5.364 5.707 5.971 6.108 6.242 6.373 6.500 6.625 6.747 6.863 6.954 7.041 7.125 7.205 7.143 6.838 6.534 6.232 5.932 5.634 5.337 5.042 4.749 4.458 4.168 3.881 3.755 3.982 4.218 4.463 4.718 4.983 5.258 5.542 5.835 6.139 6.451 6.774 6.993 6.910 6.813 6.703 6.579 6.442 6.292 6.129 5.952 5.762 5.559 5.342 5.179 5.242 5.315 5.398 5.490 5.592 5.704 5.826 5.957 6.098 6.249 6.409 6.573 6.710 6.839
3.028 3.332 3.645 3.966 4.296 4.635 4.982 5.338 5.703 6.076 6.385 6.489 6.589 6.686 6.779 6.868 6.953 7.035 7.113 7.187 7.258 7.324 7.310 7.010 6.713 6.417 6.123 5.831 5.540 5.252 4.965 4.679 4.396 4.114 3.927 4.187 4.457 4.736 5.025 5.324 5.632 5.950 6.277 6.614 6.961 7.317 7.616 7.486 7.342 7.185 7.015 6.831 6.635 6.424 6.201 5.964 5.714 5.451 5.210 5.307 5.414 5.530 5.657 5.793 5.939 6.095 6.260 6.435 6.620 6.815 7.014 7.123 7.225
3.113 3.447 3.791 4.145 4.505 4.866 5.228 5.590 5.953 6.317 6.653 6.744 6.831 6.914 6.994 7.070 7.142 7.211 7.276 7.337 7.394 7.448 7.475 7.181 6.890 6.600 6.312 6.026 5.742 5.459 5.178 4.899 4.621 4.346 4.089 4.383 4.686 5.000 5.322 5.654 5.996 6.348 6.709 7.079 7.459 7.849 8.248 8.075 7.884 7.680 7.463 7.233 6.990 6.733 6.463 6.179 5.883 5.573 5.250 5.362 5.503 5.653 5.814 5.984 6.164 6.354 6.553 6.768 6.986 7.197 7.402 7.513 7.624
3.273 3.633 3.994 4.356 4.719 5.083 5.447 5.812 6.177 6.544 6.911 7.002 7.076 7.146 7.213 7.276 7.335 7.390 7.442 7.490 7.534 7.575 7.612 7.350 7.065 6.781 6.499 6.219 5.941 5.664 5.389 5.116 4.845 4.575 4.307 4.568 4.906 5.252 5.609 5.974 6.350 6.735 7.130 7.534 7.947 8.371 8.804 8.676 8.438 8.188 7.924 7.648 7.357 7.054 6.737 6.407 6.064 5.708 5.338 5.407 5.629 5.867 6.099 6.326 6.546 6.760 6.968 7.170 7.366 7.556 7.740 7.881 8.018
3.474 3.838 4.202 4.566 4.932 5.298 5.664 6.032 6.400 6.770 7.139 7.264 7.324 7.382 7.435 7.485 7.531 7.574 7.612 7.647 7.678 7.706 7.730 7.517 7.238 6.960 6.684 6.410 6.138 5.867 5.598 5.331 5.066 4.802 4.541 4.744 5.114 5.495 5.885 6.284 6.693 7.112 7.540 7.978 8.425 8.882 9.349 9.289 9.005 8.708 8.398 8.075 7.738 7.359 7.001 6.674 6.377 6.110 5.873 5.960 6.183 6.400 6.611 6.816 7.016 7.209 7.396 7.577 7.751 7.920 8.083 8.241 8.404
3.675 4.041 4.407 4.775 5.143 5.512 5.881 6.251 6.622 6.994 7.367 7.529 7.577 7.621 7.661 7.698 7.731 7.760 7.786 7.808 7.826 7.841 7.851 7.682 7.409 7.137 6.867 6.599 6.333 6.068 5.806 5.545 5.285 5.028 4.772 4.909 5.313 5.727 6.151 6.584 7.026 7.479 7.940 8.412 8.893 9.383 9.709 9.582 9.149 8.747 8.374 8.032 7.719 7.437 7.185 6.963 6.771 6.609 6.477 6.541 6.743 6.939 7.129 7.312 7.490 7.662 7.828 7.988 8.142 8.290 8.432 8.593 8.783
3.874 4.243 4.612 4.982 5.353 5.724 6.096 6.469 6.843 7.217 7.592 7.798 7.833 7.864 7.891 7.915 7.935 7.951 7.964 7.972 7.978 7.979 7.977 7.845 7.578 7.312 7.048 6.786 6.526 6.268 6.011 5.756 5.503 5.251 5.001 5.064 5.502 5.949 6.393 6.758 7.111 7.453 7.783 8.103 8.411 8.708 8.994 8.999 8.672 8.374 8.107 7.870 7.663 7.486 7.339 7.222 7.135 7.078 7.051 7.126 7.307 7.482 7.651 7.813 7.970 8.121 8.266 8.405 8.538 8.665 8.786 8.938 9.154
4.072 4.444 4.815 5.188 5.561 5.936 6.310 6.686 7.062 7.439 7.817 8.071 8.092 8.110 8.125 8.135 8.142 8.145 8.145 8.141 8.133 8.121 8.106 8.006 7.745 7.485 7.228 6.972 6.717 6.465 6.214 5.943 5.629 5.327 5.037 4.960 5.318 5.666 6.002 6.328 6.642 6.944 7.236 7.517 7.786 8.044 8.291 8.387 8.165 7.973 7.811 7.679 7.577 7.505 7.463 7.451 7.469 7.517 7.596 7.716 7.876 8.030 8.178 8.320 8.455 8.585 8.709 8.827 8.939 9.045 9.145 9.276 9.517
4.269 4.643 5.018 5.393 5.769 6.146 6.523 6.901 7.280 7.660 8.041 8.347 8.355 8.360 8.362 8.359 8.353 8.343 8.330 8.312 8.291 8.267 8.239 8.165 7.858 7.503 7.159 6.827 6.507 6.199 5.903 5.619 5.347 5.087 4.839 4.698 5.018 5.326 5.623 5.910 6.185 6.448 6.701 6.942 7.173 7.392 7.600 7.746 7.629 7.542 7.485 7.458 7.461 7.494 7.557 7.651 7.774 7.927 8.110 8.311 8.450 8.583 8.710 8.831 8.945 9.054 9.157 9.254 9.345 9.430 9.509 9.605 9.873
4.465 4.841 5.219 5.597 5.975 6.355 6.735 7.116 7.497 7.880 8.263 8.626 8.622 8.614 8.602 8.587 8.568 8.457 8.300 8.145 7.995 7.847 7.704 7.556 7.230 6.916 6.614 6.324 6.046 5.780 5.526 5.284 5.054 4.836 4.629 4.448 4.728 4.998 5.256 5.503 5.739 5.964 6.178 6.380 6.572 6.752 6.921 7.076 7.064 7.082 7.130 7.208 7.316 7.454 7.622 7.820 8.048 8.306 8.594 8.912 9.029 9.141 9.247 9.347 9.441 9.528 9.610 9.686 9.756 9.820 9.878 9.930 10.221
4.659 5.038 5.418 5.799 6.180 6.562 6.945 7.329 7.713 8.098 8.362 8.584 8.455 8.293 8.133 7.978 7.825 7.676 7.531 7.389 7.251 7.116 6.984 6.856 6.590 6.318 6.058 5.810 5.574 5.350 5.138 4.937 4.749 4.572 4.408 4.255 4.451 4.682 4.901 5.109 5.306 5.492 5.667 5.830 5.983 6.124 6.254 6.373 6.470 6.593 6.746 6.929 7.142 7.385 7.658 7.960 8.293 8.656 9.049 9.471 9.613 9.704 9.789 9.868 9.941 10.008 10.068 10.123 10.172 10.215 10.252 10.283 10.562
4.853 5.234 5.617 5.908 6.183 6.443 6.688 6.918 7.132 7.332 7.517 7.686 7.610 7.460 7.313 7.170 7.030 6.893 6.760 6.630 6.504 6.382 6.262 6.147 5.939 5.709 5.490 5.284 5.090 4.907 4.737 4.578 4.432 4.297 4.174 4.063 4.185 4.377 4.557 4.727 4.885 5.032 5.167 5.292 5.405 5.508 5.599 5.679 5.847 6.075 6.333 6.620 6.938 7.286 7.663 8.071 8.508 8.976 9.473 10.000 10.203 10.272 10.336 10.394 10.446 10.492 10.532 10.506 10.389 10.281 10.182 10.093 10.221
4.693 4.960 5.213 5.450 5.672 5.879 6.071 6.248 6.410 6.557 6.689 6.805 6.763 6.625 6.490 6.359 6.231 6.107 5.986 5.869 5.755 5.645 5.538 5.435 5.276 5.087 4.911 4.747 4.594 4.453 4.325 4.208 4.103 4.010 3.929 3.860 3.932 4.084 4.226 4.356 4.475 4.583 4.680 4.766 4.840 4.904 4.956 4.997 5.195 5.527 5.890 6.283 6.705 7.157 7.640 8.152 8.694 9.266 9.868 10.499 10.692 10.544 10.405 10.275 10.154 10.042 9.938 9.844 9.758 9.682 9.614 9.555 9.662
4.411 4.625 4.825 5.009 5.179 5.333 5.472 5.596 5.706 5.800 5.878 5.942 5.913 5.787 5.665 5.546 5.431 5.319 5.210 5.105 5.004 4.905 4.811 4.720 4.601 4.455 4.320 4.197 4.087 3.988 3.901 3.826 3.762 3.711 3.672 3.644 3.689 3.803 3.906 3.997 4.077 4.147 4.205 4.251 4.287 4.312 4.325 4.328 4.514 4.951 5.418 5.915 6.443 6.959 7.445 7.915 8.371 8.810 9.235 9.644 9.804 9.687 9.580 9.481 9.391 9.310 9.238 9.174 9.120 9.075 9.038 9.011 9.102
4.146 4.308 4.454 4.586 4.703 4.804 4.890 4.962 5.018 5.059 5.085 5.097 5.061 4.947 4.837 4.730 4.627 4.528 4.431 4.339 4.249 4.163 4.081 4.002 3.915 3.810 3.718 3.637 3.567 3.510 3.465 3.432 3.410 3.400 3.403 3.417 3.459 3.534 3.597 3.650 3.691 3.722 3.741 3.749 3.746 3.732 3.750 3.772 3.945 4.454 4.947 5.426 5.889 6.337 6.769 7.187 7.589 7.976 8.348 8.704 8.908 8.823 8.746 8.679 8.620 8.570 8.529 8.497 8.474 8.460 8.455 8.458 8.541
3.898 4.007 4.101 4.180 4.243 4.292 4.326 4.344 4.348 4.336 4.310 4.268 4.206 4.104 4.006 3.912 3.821 3.734 3.650 3.569 3.492 3.419 3.349 3.282 3.218 3.155 3.103 3.064 3.037 3.021 3.018 3.026 3.046 3.078 3.122 3.177 3.240 3.276 3.301 3.365 3.425 3.475 3.513 3.541 3.557 3.563 3.558 3.542 3.603 4.059 4.499 4.925 5.335 5.730 6.110 6.474 6.823 7.157 7.476 7.780 8.005 7.951 7.906 7.869 7.842 7.823 7.813 7.812 7.821 7.837 7.863 7.898 7.979
3.672 3.723 3.764 3.790 3.801 3.797 3.778 3.744 3.695 3.631 3.552 3.457 3.348 3.259 3.173 3.091 3.013 2.938 2.866 2.798 2.733 2.672 2.614 2.559 2.509 2.487 2.478 2.480 2.494 2.520 2.558 2.610 2.734 2.867 3.009 3.160 3.318 3.373 3.417 3.450 3.472 3.483 3.484 3.473 3.452 3.420 3.377 3.324 3.276 3.679 4.067 4.439 4.797 5.139 5.466 5.777 6.074 6.355 6.621 6.872 7.095 7.072 7.058 7.052 7.056 7.068 7.090 7.120 7.159 7.207 7.264 7.330 7.415
3.526 3.456 3.445 3.418 3.376 3.320 3.248 3.161 3.059 2.943 2.811 2.664 2.502 2.411 2.338 2.268 2.202 2.139 2.079 2.023 1.971 1.922 1.876 1.834 1.808 1.894 1.996 2.107 2.227 2.356 2.493 2.640 2.795 2.960 3.133 3.315 3.506 3.544 3.550 3.545 3.529 3.503 3.465 3.417 3.358 3.288 3.208 3.116 3.014 3.315 3.650 3.970 4.274 4.563 4.837 5.096 5.340 5.568 5.781 5.979 6.162 6.185 6.202 6.228 6.263 6.306 6.359 6.420 6.491 6.570 6.658 6.755 6.861
3.405 3.206 3.142 3.063 2.968 2.859 2.735 2.595 2.441 2.272 2.087 1.888 1.673 1.561 1.500 1.442 1.388 1.382 1.465 1.533 1.586 1.623 1.645 1.652 1.643 1.728 1.862 2.004 2.155 2.315 2.484 2.661 2.848 3.043 3.247 3.461 3.683 3.726 3.694 3.651 3.598 3.533 3.458 3.372 3.275 3.168 3.049 2.920 2.780 2.967 3.249 3.516 3.767 4.004 4.225 4.431 4.621 4.797 4.957 5.102 5.232 5.291 5.339 5.396 5.462 5.537 5.620 5.713 5.814 5.924 6.044 6.172 6.309
3.309 2.973 2.856 2.724 2.577 2.416 2.239 2.047 1.840 1.618 1.457 1.382 1.311 1.336 1.427 1.502 1.563 1.608 1.637 1.652 1.651 1.635 1.603 1.557 1.495 1.554 1.718 1.891 2.074 2.265 2.464 2.673 2.891 3.117 3.352 3.597 3.850 3.919 3.849 3.768 3.677 3.575 3.462 3.338 3.203 3.058 2.902 2.735 2.557 2.634 2.863 3.077 3.276 3.459 3.628 3.781 3.919 4.042 4.149 4.242 4.319 4.389 4.468 4.557 4.654 4.759 4.874 4.998 5.130 5.271 5.422 5.581 5.749
3.237 2.757 2.588 2.464 2.377 2.293 2.213 2.136 2.063 1.993 1.927 1.865 1.806 1.791 1.829 1.851 1.857 1.849 1.825 1.786 1.732 1.663 1.578 1.478 1.363 1.370 1.566 1.770 1.983 2.205 2.436 2.676 2.924 3.182 3.448 3.723 4.007 4.122 4.015 3.896 3.767 3.627 3.476 3.315 3.142 2.959 2.765 2.560 2.345 2.317 2.493 2.654 2.800 2.931 3.046 3.147 3.232 3.302 3.357 3.397 3.422 3.480 3.591 3.710 3.838 3.975 4.120 4.275 4.475 4.711 4.909 5.070 5.194
3.539 3.004 2.922 2.843 2.768 2.697 2.629 2.565 2.504 2.447 2.393 2.343 2.296 2.262 2.246 2.215 2.168 2.106 2.029 1.937 1.830 1.707 1.569 1.416 1.247 1.178 1.404 1.639 1.884 2.137 2.398 2.669 2.949 3.237 3.535 3.841 4.156 4.337 4.191 4.035 3.868 3.691 3.502 3.303 3.092 2.872 2.640 2.397 2.144 2.015 2.138 2.247 2.340 2.418 2.481 2.529 2.561 2.579 2.581 2.568 2.540 2.689 3.055 3.384 3.676 3.930 4.148 4.328 4.472 4.578 4.647 4.679 4.674
4.031 3.354 3.284 3.218 3.155 3.096 3.041 2.989 2.941 2.896 2.854 2.817 2.782 2.749 2.679 2.595 2.495 2.380 2.249 2.104 1.943 1.767 1.576 1.369 1.148 0.976 1.233 1.500 1.775 2.059 2.352 2.653 2.964 3.283 3.612 3.949 4.295 4.562 4.379 4.185 3.980 3.765 3.538 3.301 3.054 2.795 2.525 2.245 1.954 1.728 1.799 1.855 1.895 1.920 2.036 2.230 2.436 2.652 2.879 3.117 3.366 3.624 3.861 4.061 4.224 4.349 4.438 4.489 4.503 4.481 4.421 4.324 4.190
4.541 3.765 3.642 3.589 3.538 3.492 3.449 3.409 3.373 3.340 3.311 3.286 3.264 3.246 3.128 2.990 2.837 2.669 2.485 2.286 2.072 1.843 1.599 1.339 1.064 0.774 1.053 1.351 1.657 1.972 2.296 2.628 2.970 3.320 3.679 4.048 4.424 4.798 4.577 4.345 4.103 3.850 3.586 3.311 3.025 2.729 2.422 2.198 1.984 1.760 1.938 2.127 2.327 2.538 2.760 2.992 3.235 3.488 3.753 4.028 4.314 4.594 4.702 4.773 4.806 4.803 4.762 4.685 4.570 4.419 4.230 4.004 3.741
