DATA/SHG/ECMWF/20170628/EN-22/20170708.en-22.asc
ncols        190
nrows        64
xllcorner    -5100000.000000000000
yllcorner    4130000.000000000000
cellsize     10000.000000000000
NODATA_value  -99999.000
[rows 0 to 31 of 64, columns 72 to 143 of 190]
0.312 0.328 0.346 0.366 0.387 0.410 0.435 0.461 0.489 0.561 0.718 0.870 1.021 1.172 1.322 1.471 1.620 1.768 1.915 2.062 2.208 2.307 2.249 2.192 2.133 2.073 2.012 1.950 1.887 1.823 1.758 1.692 1.625 1.563 1.525 1.490 1.459 1.432 1.409 1.390 1.375 1.363 1.356 1.352 1.352 1.347 1.314 1.281 1.248 1.215 1.183 1.150 1.117 1.085 1.052 1.020 0.987 0.999 1.143 1.293 1.449 1.610 1.776 1.948 2.125 2.307 2.495 2.688 2.887 3.094 3.312 3.536
0.309 0.331 0.355 0.375 0.394 0.412 0.430 0.447 0.465 0.505 0.656 0.805 0.954 1.103 1.251 1.398 1.544 1.690 1.836 1.980 2.124 2.246 2.184 2.121 2.058 1.993 1.928 1.861 1.794 1.725 1.655 1.584 1.512 1.445 1.424 1.406 1.393 1.383 1.377 1.376 1.378 1.383 1.393 1.407 1.424 1.438 1.406 1.373 1.340 1.308 1.275 1.243 1.210 1.178 1.145 1.113 1.080 1.076 1.244 1.419 1.598 1.783 1.974 2.169 2.370 2.577 2.789 3.006 3.229 3.459 3.703 3.952
0.285 0.304 0.322 0.339 0.357 0.374 0.391 0.407 0.424 0.446 0.594 0.742 0.889 1.035 1.180 1.325 1.470 1.614 1.757 1.899 2.041 2.182 2.120 2.053 1.984 1.915 1.845 1.773 1.701 1.628 1.553 1.477 1.401 1.323 1.319 1.319 1.322 1.330 1.342 1.357 1.376 1.399 1.426 1.457 1.492 1.530 1.497 1.465 1.432 1.400 1.367 1.335 1.303 1.270 1.238 1.206 1.174 1.147 1.340 1.538 1.742 1.951 2.165 2.385 2.610 2.841 3.077 3.318 3.565 3.850 4.186 4.527
0.253 0.270 0.287 0.304 0.320 0.336 0.352 0.368 0.383 0.398 0.533 0.678 0.823 0.967 1.111 1.254 1.396 1.538 1.679 1.819 1.959 2.098 2.057 1.985 1.912 1.838 1.763 1.687 1.610 1.532 1.452 1.372 1.291 1.208 1.209 1.227 1.248 1.273 1.301 1.334 1.371 1.411 1.455 1.504 1.556 1.611 1.589 1.556 1.524 1.492 1.459 1.427 1.395 1.363 1.331 1.299 1.267 1.234 1.429 1.652 1.929 2.253 2.577 2.899 3.220 3.540 3.859 4.177 4.494 4.809 5.166 5.532
0.221 0.237 0.253 0.269 0.284 0.299 0.314 0.328 0.343 0.356 0.473 0.616 0.759 0.901 1.042 1.183 1.323 1.462 1.601 1.739 1.877 2.014 1.996 1.919 1.841 1.763 1.683 1.602 1.520 1.437 1.353 1.268 1.182 1.095 1.096 1.131 1.169 1.211 1.257 1.307 1.361 1.419 1.480 1.546 1.615 1.688 1.680 1.648 1.616 1.583 1.551 1.577 1.650 1.723 1.797 1.871 1.945 2.020 2.292 2.614 2.935 3.254 3.572 3.890 4.206 4.521 4.834 5.147 5.459 5.769 6.140 6.529
0.189 0.204 0.219 0.234 0.248 0.262 0.276 0.289 0.302 0.315 0.413 0.554 0.695 0.834 0.974 1.112 1.250 1.387 1.524 1.660 1.796 1.930 1.935 1.854 1.772 1.688 1.604 1.518 1.431 1.344 1.255 1.165 1.074 0.983 0.979 1.030 1.086 1.146 1.209 1.276 1.347 1.422 1.576 1.774 1.962 2.141 2.247 2.319 2.392 2.466 2.539 2.613 2.688 2.763 2.838 2.914 2.990 3.067 3.308 3.624 3.940 4.254 4.567 4.880 5.191 5.500 5.809 6.117 6.423 6.729 7.107 7.520
0.157 0.172 0.186 0.199 0.212 0.225 0.238 0.251 0.263 0.275 0.354 0.493 0.631 0.769 0.906 1.042 1.178 1.313 1.448 1.582 1.715 1.848 1.876 1.790 1.703 1.615 1.526 1.436 1.344 1.252 1.158 1.064 0.968 0.990 1.158 1.391 1.615 1.828 2.031 2.224 2.408 2.581 2.744 2.898 3.041 3.175 3.273 3.347 3.422 3.497 3.572 3.648 3.724 3.801 3.878 3.955 4.033 4.111 4.323 4.634 4.945 5.254 5.562 5.869 6.175 6.480 6.784 7.086 7.388 7.688 8.067 8.504
0.126 0.139 0.152 0.165 0.177 0.189 0.201 0.212 0.223 0.234 0.295 0.432 0.568 0.704 0.839 0.973 1.107 1.240 1.372 1.504 1.635 1.766 1.819 1.728 1.722 1.761 1.813 1.877 1.954 2.043 2.145 2.259 2.386 2.525 2.692 2.881 3.059 3.228 3.387 3.535 3.674 3.803 3.921 4.030 4.129 4.218 4.297 4.373 4.449 4.526 4.603 4.680 4.758 4.837 4.915 4.995 5.074 5.154 5.337 5.644 5.949 6.254 6.557 6.859 7.159 7.459 7.758 8.055 8.352 8.647 9.020 9.481
0.095 0.108 0.119 0.131 0.142 0.153 0.164 0.174 0.184 0.194 0.238 0.372 0.506 0.640 0.772 0.905 1.055 1.287 1.533 1.791 2.064 2.349 2.586 2.656 2.739 2.834 2.941 3.061 3.194 3.339 3.496 3.666 3.849 4.044 4.235 4.379 4.513 4.637 4.751 4.855 4.949 5.033 5.107 5.172 5.226 5.270 5.319 5.396 5.474 5.553 5.632 5.711 5.791 5.871 5.951 6.032 6.114 6.195 6.352 6.653 6.954 7.253 7.551 7.848 8.143 8.438 8.732 9.024 9.315 9.606 9.967 10.452
0.065 0.076 0.087 0.097 0.108 0.117 0.127 0.136 0.145 0.169 0.246 0.445 0.657 0.882 1.120 1.372 1.638 1.916 2.208 2.514 2.832 3.164 3.476 3.602 3.740 3.891 4.054 4.230 4.418 4.619 4.832 5.058 5.296 5.547 5.787 5.886 5.975 6.055 6.124 6.184 6.233 6.273 6.303 6.322 6.332 6.332 6.339 6.418 6.498 6.578 6.659 6.740 6.821 6.903 6.985 7.068 7.151 7.234 7.366 7.662 7.957 8.252 8.545 8.836 9.127 9.417 9.705 9.993 10.279 10.564 10.907 11.415
0.035 0.045 0.071 0.120 0.171 0.225 0.282 0.341 0.403 0.467 0.536 0.781 1.040 1.312 1.597 1.895 2.207 2.532 2.871 3.223 3.588 3.966 4.346 4.532 4.726 4.932 5.151 5.383 5.626 5.883 6.152 6.433 6.727 7.033 7.347 7.402 7.446 7.481 7.506 7.521 7.526 7.521 7.507 7.482 7.447 7.403 7.357 7.438 7.520 7.602 7.684 7.767 7.850 7.933 8.017 8.102 8.186 8.272 8.380 8.671 8.961 9.250 9.538 9.825 10.111 10.395 10.679 10.961 11.242 11.522 11.840 12.372
0.195 0.248 0.303 0.361 0.421 0.484 0.550 0.618 0.689 0.762 0.838 1.106 1.411 1.729 2.061 2.405 2.764 3.135 3.520 3.919 4.330 4.755 5.181 5.447 5.696 5.958 6.233 6.520 6.819 7.131 7.456 7.793 8.142 8.504 8.879 8.926 8.926 8.917 8.897 8.868 8.828 8.779 8.720 8.651 8.572 8.483 8.384 8.456 8.540 8.623 8.707 8.792 8.876 8.962 9.047 9.133 9.220 9.307 9.394 9.679 9.964 10.248 10.531 10.813 11.094 11.373 11.652 11.929 12.205 12.455 12.653 13.142
0.406 0.468 0.532 0.599 0.668 0.740 0.815 0.892 0.972 1.054 1.139 1.417 1.768 2.133 2.511 2.903 3.307 3.725 4.157 4.602 5.059 5.531 6.004 6.346 6.651 6.969 7.299 7.642 7.997 8.364 8.744 9.137 9.542 9.959 10.389 10.459 10.415 10.361 10.297 10.223 10.139 10.046 9.942 9.828 9.705 9.572 9.428 9.473 9.558 9.643 9.729 9.815 9.901 9.988 10.076 10.163 10.252 10.340 10.429 10.687 11.045 11.453 11.812 12.122 12.382 12.594 12.757 12.871 12.936 12.951 12.918 13.425
0.615 0.685 0.759 0.834 0.913 0.994 1.077 1.164 1.252 1.344 1.438 1.715 2.113 2.525 2.949 3.387 3.838 4.303 4.780 5.271 5.776 6.293 6.813 7.230 7.590 7.964 8.349 8.748 9.158 9.581 10.017 10.465 10.926 11.399 11.884 12.001 11.913 11.814 11.706 11.587 11.459 11.321 11.173 11.015 10.847 10.670 10.482 10.487 10.574 10.661 10.748 10.883 11.091 11.330 11.601 11.903 12.237 12.603 12.999 13.313 13.551 13.741 13.882 13.974 14.016 14.010 13.955 13.851 13.698 13.496 13.245 13.694
0.820 0.900 0.982 1.067 1.154 1.244 1.337 1.432 1.530 1.630 1.733 2.001 2.446 2.903 3.374 3.858 4.356 4.867 5.391 5.928 6.479 7.043 7.609 8.098 8.514 8.943 9.384 9.838 10.304 10.783 11.274 11.778 12.294 12.822 13.363 13.552 13.419 13.276 13.123 12.961 12.788 12.606 12.416 12.226 12.034 11.839 11.643 11.679 11.901 12.154 12.439 12.755 13.103 13.482 13.893 14.335 14.808 15.313 15.849 16.083 16.104 16.076 15.999 15.873 15.698 15.474 15.201 14.880 14.509 14.089 13.621 13.949
1.023 1.112 1.203 1.297 1.393 1.492 1.594 1.698 1.805 1.914 2.026 2.274 2.765 3.269 3.786 4.317 4.861 5.418 5.988 6.572 7.169 7.779 8.392 8.951 9.423 9.907 10.404 10.913 11.435 11.969 12.515 13.074 13.646 14.216 14.788 15.055 14.869 14.682 14.492 14.301 14.107 13.912 13.714 13.515 13.314 13.110 12.905 12.957 13.319 13.712 14.136 14.592 15.079 15.598 16.148 16.730 17.343 17.987 18.663 18.901 18.704 18.458 18.163 17.819 17.427 16.985 16.495 15.956 15.368 14.731 14.045 14.191
1.223 1.321 1.421 1.524 1.629 1.737 1.848 1.961 2.077 2.195 2.316 2.535 3.072 3.622 4.186 4.763 5.353 5.956 6.573 7.203 7.846 8.503 9.162 9.789 10.296 10.801 11.321 11.856 12.406 12.970 13.549 14.142 14.751 15.374 16.012 16.416 16.222 16.025 15.827 15.626 15.424 15.219 15.013 14.804 14.594 14.382 14.168 14.200 14.701 15.234 15.798 16.393 17.020 17.678 18.368 19.089 19.841 20.625 21.440 21.764 21.350 20.886 20.374 19.813 19.203 18.544 17.836 17.080 16.274 15.420 14.517 14.419
1.421 1.527 1.637 1.748 1.863 1.980 2.099 2.221 2.346 2.473 2.603 2.782 3.366 3.963 4.572 5.196 5.835 6.508 7.169 7.820 8.460 9.088 9.699 10.289 10.846 11.417 12.002 12.603 13.218 13.848 14.492 15.152 15.826 16.514 17.218 17.778 17.575 17.369 17.161 16.952 16.740 16.527 16.312 16.094 15.875 15.654 15.430 15.408 16.049 16.721 17.424 18.159 18.925 19.723 20.552 21.412 22.304 23.227 24.181 24.675 24.043 23.362 22.632 21.854 21.026 20.150 19.225 18.252 17.229 16.158 15.038 14.634
1.616 1.731 1.849 1.970 2.093 2.219 2.348 2.479 2.612 2.765 3.000 3.242 3.921 4.600 5.267 5.924 6.569 7.203 7.826 8.439 9.040 9.630 10.202 10.757 11.378 12.014 12.666 13.332 14.012 14.708 15.418 16.143 16.882 17.637 18.405 19.140 18.928 18.713 18.497 18.278 18.058 17.835 17.611 17.385 17.156 16.926 16.694 16.581 17.361 18.172 19.015 19.889 20.795 21.732 22.700 23.699 24.730 25.792 26.886 27.631 26.782 25.884 24.937 23.942 22.897 21.804 20.662 19.471 18.232 16.944 15.607 14.835
1.808 1.932 2.083 2.299 2.520 2.748 2.980 3.219 3.462 3.712 3.967 4.227 4.818 5.458 6.087 6.705 7.312 7.908 8.493 9.066 9.629 10.180 10.714 11.231 11.893 12.595 13.312 14.043 14.789 15.550 16.326 17.116 17.921 18.741 19.575 20.424 20.281 20.058 19.832 19.605 19.375 19.144 18.911 18.675 18.438 18.199 17.958 17.718 18.638 19.588 20.571 21.584 22.629 23.705 24.812 25.951 27.121 28.322 29.555 30.634 29.568 28.453 27.289 26.076 24.815 23.505 22.146 20.739 19.283 17.778 16.224 15.023
2.435 2.659 2.889 3.124 3.365 3.612 3.864 4.121 4.384 4.652 4.926 5.206 5.724 6.326 6.916 7.496 8.064 8.621 9.168 9.703 10.227 10.740 11.235 11.713 12.390 13.158 13.940 14.737 15.549 16.375 17.216 18.072 18.942 19.828 20.727 21.642 21.635 21.403 21.168 20.932 20.693 20.453 20.211 19.966 19.720 19.472 19.222 18.970 19.880 20.970 22.091 23.243 24.427 25.642 26.889 28.166 29.475 30.816 32.187 33.590 32.400 31.069 29.688 28.258 26.780 25.254 23.678 22.054 20.381 18.659 16.930 15.378
3.197 3.441 3.689 3.944 4.204 4.469 4.740 5.017 5.299 5.586 5.879 6.178 6.639 7.202 7.754 8.295 8.825 9.344 9.851 10.348 10.834 11.308 11.765 12.204 12.870 13.703 14.551 15.414 16.291 17.182 18.089 19.010 19.946 20.896 21.861 22.841 22.989 22.748 22.505 22.259 22.012 21.763 21.511 21.258 21.003 20.746 20.487 20.226 21.087 22.316 23.576 24.867 26.190 27.544 28.930 30.346 31.794 33.273 34.784 36.326 35.279 33.656 31.918 30.193 28.481 26.782 25.096 23.423 21.763 20.116 18.482 16.861
3.953 4.215 4.483 4.757 5.036 5.321 5.611 5.906 6.207 6.514 6.826 7.144 7.563 8.087 8.601 9.103 9.595 10.075 10.544 11.003 11.450 11.886 12.304 12.704 13.333 14.232 15.145 16.073 17.015 17.972 18.944 19.930 20.931 21.947 22.978 24.023 24.344 24.094 23.841 23.587 23.331 23.072 22.812 22.550 22.286 22.020 21.752 21.482 22.258 23.626 25.026 26.456 27.818 29.060 30.336 31.648 32.994 34.375 35.791 37.242 36.375 34.681 33.000 31.332 29.677 28.035 26.405 24.789 23.186 21.596 20.019 18.455
4.702 4.984 5.271 5.564 5.862 6.166 6.475 6.790 7.110 7.435 7.767 8.103 8.495 8.981 9.456 9.920 10.373 10.815 11.246 11.666 12.075 12.473 12.852 13.214 13.779 14.742 15.721 16.714 17.722 18.744 19.781 20.833 21.899 22.980 24.076 25.186 25.699 25.440 25.179 24.915 24.650 24.383 24.114 23.737 23.192 22.652 22.115 21.583 21.990 23.247 24.539 25.866 27.228 28.624 30.056 31.522 33.023 34.560 36.130 37.736 37.328 35.691 34.067 32.456 30.858 29.273 27.700 26.141 24.595 23.062 21.541 20.034
5.445 5.746 6.052 6.364 6.682 7.004 7.333 7.666 8.006 8.350 8.701 9.056 9.436 9.884 10.320 10.746 11.161 11.564 11.957 12.339 12.709 13.069 13.409 13.732 14.207 15.236 16.280 17.338 18.411 19.499 20.601 21.718 22.850 23.996 25.054 25.937 26.347 25.792 25.241 24.694 24.151 23.613 23.078 22.548 22.022 21.500 20.982 20.469 20.743 22.155 23.603 25.085 26.601 28.153 29.739 31.361 33.017 34.708 36.433 38.194 38.268 36.687 35.120 33.566 32.025 30.496 28.981 27.479 25.989 24.513 23.049 21.599
6.182 6.502 6.828 7.158 7.495 7.837 8.184 8.537 8.895 9.259 9.628 10.003 10.386 10.795 11.193 11.581 11.957 12.322 12.677 13.020 13.352 13.673 13.975 14.260 14.618 15.672 16.653 17.612 18.550 19.467 20.362 21.236 22.089 22.920 23.729 24.517 25.027 24.490 23.958 23.429 22.905 22.385 21.869 21.357 20.849 20.346 19.846 19.351 19.461 21.028 22.630 24.267 25.939 27.645 29.387 31.163 32.974 34.819 36.700 38.615 39.193 37.669 36.159 34.662 33.177 31.706 30.247 28.801 27.369 25.949 24.542 23.149
6.959 7.252 7.596 7.946 8.302 8.663 9.029 9.401 9.778 10.161 10.550 10.943 11.343 11.715 12.075 12.424 12.762 13.068 13.232 13.400 13.573 13.751 13.938 14.134 14.333 15.224 16.110 16.974 17.818 18.640 19.441 20.220 20.978 21.714 22.429 23.123 23.704 23.186 22.672 22.162 21.656 21.154 20.657 20.163 19.674 19.188 18.707 18.230 18.144 19.866 21.622 23.414 25.241 27.102 28.998 30.928 32.894 34.894 36.929 38.999 40.104 38.637 37.184 35.743 34.315 32.901 31.499 30.110 28.734 27.371 26.021 24.684
7.777 7.996 8.359 8.728 9.103 9.482 9.868 10.259 10.655 11.057 11.423 11.637 11.855 12.024 12.186 12.352 12.523 12.698 12.878 13.063 13.252 13.446 13.649 13.861 14.076 14.799 15.591 16.361 17.110 17.838 18.544 19.228 19.892 20.534 21.154 21.754 22.331 21.879 21.383 20.892 20.404 19.921 19.441 18.966 18.495 18.028 17.566 17.107 16.791 18.667 20.579 22.525 24.506 26.522 28.573 30.658 32.778 34.933 37.122 39.347 41.001 39.591 38.194 36.810 35.439 34.081 32.736 31.404 30.085 28.779 27.485 26.205
8.603 8.733 9.115 9.447 9.650 9.855 10.065 10.278 10.494 10.714 10.937 11.164 11.394 11.586 11.764 11.946 12.133 12.325 12.521 12.721 12.927 13.137 13.356 13.584 13.816 14.400 15.097 15.772 16.427 17.060 17.671 18.262 18.831 19.378 19.904 20.409 20.893 20.570 20.092 19.619 19.150 18.685 18.224 17.767 17.314 16.866 16.421 15.981 15.545 17.433 19.500 21.600 23.736 25.906 28.111 30.351 32.626 34.935 37.279 39.658 41.883 40.530 39.190 37.863 36.549 35.248 33.959 32.684 31.421 30.172 28.935 27.711
8.611 8.454 8.662 8.873 9.088 9.306 9.528 9.753 9.981 10.213 10.449 10.688 10.930 11.145 11.338 11.537 11.740 11.947 12.159 12.376 12.598 12.824 13.059 13.304 13.552 14.024 14.627 15.208 15.768 16.307 16.824 17.320 17.794 18.247 18.679 19.090 19.479 19.257 18.798 18.343 17.892 17.446 17.003 16.565 16.130 15.700 15.274 14.852 14.434 16.164 18.385 20.640 22.930 25.255 27.614 30.008 32.437 34.901 37.399 39.932 42.500 41.456 40.172 38.902 37.644 36.400 35.168 33.949 32.743 31.550 30.370 29.203
8.116 7.854 8.074 8.297 8.524 8.754 8.988 9.225 9.466 9.710 9.958 10.209 10.463 10.699 10.909 11.124 11.343 11.566 11.795 12.027 12.265 12.507 12.759 13.019 13.284 13.673 14.181 14.668 15.134 15.578 16.001 16.402 16.783 17.142 17.479 17.795 18.090 17.942 17.502 17.065 16.632 16.204 15.780 15.359 14.943 14.531 14.124 13.720 13.320 14.859 17.234 19.644 22.088 24.567 27.081 29.629 32.212 34.830 37.483 40.170 42.891 42.367 41.140 39.888 38.550 37.190 35.809 34.406 32.982 31.537 30.070 28.581
7.625 7.250 7.482 7.718 7.957 8.200 8.446 8.695 8.948 9.204 9.464 9.727 9.994 10.250 10.476 10.707 10.942 11.182 11.426 11.675 11.928 12.186 12.454 12.731 13.012 13.346 13.760 14.153 14.524 14.874 15.202 15.510 15.796 16.060 16.304 16.526 16.727 16.625 16.202 15.784 15.370 14.959 14.553 14.152 13.754 13.360 12.971 12.585 12.204 13.519 16.048 18.612 21.210 23.844 26.725 29.984 33.030 35.860 38.476 40.877 43.064 42.697 41.306 39.894 38.461 37.006 35.530 34.032 32.512 30.972 29.409 27.826
