DATA/SHG/ECMWF/20170628/EN-22/20170630.en-22.asc
ncols        190
nrows        64
xllcorner    -5100000.000000000000
yllcorner    4130000.000000000000
cellsize     10000.000000000000
NODATA_value  -99999.000
[rows 0 to 32 of 64, columns 0 to 72 of 190]
4.495 4.520 4.548 4.579 4.613 4.650 4.690 4.733 4.779 4.648 4.457 4.263 4.067 3.868 3.665 3.460 3.252 3.042 2.828 2.609 2.393 2.339 2.355 2.368 2.379 2.386 2.389 2.390 2.388 2.382 2.373 2.362 2.347 2.255 2.117 1.984 1.855 1.730 1.610 1.493 1.380 1.272 1.167 1.067 0.970 0.896 0.839 0.785 0.733 0.682 0.634 0.587 0.543 0.500 0.460 0.421 0.385 0.361 0.352 0.341 0.331 0.320 0.308 0.296 0.283 0.270 0.256 0.242 0.227 0.222 0.232 0.243 0.254
4.331 4.367 4.406 4.447 4.492 4.540 4.590 4.644 4.701 4.603 4.402 4.198 3.963 3.731 3.504 3.282 3.064 2.850 2.641 2.436 2.236 2.149 2.154 2.157 2.156 2.152 2.145 2.134 2.121 2.104 2.084 2.062 2.036 1.962 1.839 1.721 1.606 1.495 1.389 1.287 1.188 1.094 1.004 0.918 0.836 0.768 0.719 0.672 0.626 0.583 0.541 0.502 0.464 0.429 0.395 0.364 0.334 0.312 0.300 0.288 0.276 0.263 0.250 0.236 0.221 0.206 0.191 0.175 0.158 0.149 0.161 0.173 0.186
4.165 4.211 4.260 4.313 4.365 4.402 4.429 4.447 4.455 4.349 4.120 3.895 3.675 3.459 3.248 3.041 2.839 2.641 2.448 2.259 2.075 1.963 1.957 1.948 1.936 1.921 1.903 1.882 1.857 1.830 1.799 1.765 1.728 1.666 1.557 1.453 1.353 1.257 1.165 1.077 0.993 0.913 0.837 0.766 0.698 0.639 0.597 0.556 0.518 0.481 0.447 0.415 0.384 0.356 0.329 0.305 0.282 0.263 0.250 0.236 0.222 0.207 0.192 0.176 0.160 0.143 0.126 0.108 0.103 0.104 0.134 0.166 0.198
4.034 4.075 4.107 4.129 4.142 4.145 4.139 4.123 4.098 4.009 3.795 3.586 3.382 3.182 2.987 2.796 2.609 2.428 2.250 2.077 1.909 1.780 1.764 1.744 1.721 1.695 1.666 1.633 1.598 1.559 1.517 1.473 1.425 1.366 1.272 1.182 1.096 1.014 0.937 0.863 0.793 0.728 0.667 0.609 0.556 0.508 0.473 0.439 0.408 0.378 0.351 0.326 0.302 0.281 0.261 0.243 0.228 0.214 0.199 0.184 0.168 0.160 0.153 0.147 0.142 0.139 0.137 0.136 0.137 0.139 0.173 0.209 0.247
3.955 3.963 3.961 3.950 3.929 3.899 3.860 3.811 3.752 3.664 3.467 3.274 3.085 2.901 2.722 2.546 2.376 2.210 2.048 1.891 1.738 1.601 1.574 1.543 1.509 1.472 1.432 1.388 1.342 1.292 1.239 1.184 1.125 1.062 0.982 0.907 0.835 0.768 0.705 0.645 0.590 0.539 0.492 0.449 0.410 0.375 0.347 0.321 0.296 0.274 0.253 0.235 0.218 0.206 0.200 0.194 0.189 0.183 0.175 0.169 0.163 0.159 0.157 0.156 0.156 0.157 0.160 0.164 0.169 0.176 0.211 0.251 0.293
3.886 3.861 3.826 3.781 3.727 3.664 3.591 3.509 3.417 3.315 3.134 2.957 2.784 2.616 2.452 2.293 2.138 1.987 1.842 1.700 1.563 1.431 1.387 1.346 1.301 1.252 1.201 1.147 1.089 1.029 0.965 0.898 0.828 0.755 0.689 0.628 0.571 0.518 0.469 0.424 0.383 0.346 0.314 0.285 0.261 0.240 0.225 0.220 0.215 0.209 0.203 0.198 0.192 0.186 0.181 0.175 0.169 0.163 0.159 0.157 0.157 0.158 0.160 0.163 0.168 0.174 0.182 0.190 0.200 0.212 0.247 0.292 0.339
3.828 3.769 3.701 3.623 3.536 3.439 3.333 3.218 3.093 2.958 2.797 2.635 2.478 2.326 2.178 2.034 1.895 1.761 1.631 1.505 1.384 1.267 1.205 1.152 1.096 1.037 0.975 0.909 0.841 0.769 0.694 0.617 0.536 0.452 0.392 0.345 0.303 0.264 0.229 0.216 0.216 0.216 0.215 0.215 0.213 0.212 0.208 0.202 0.196 0.191 0.185 0.179 0.173 0.167 0.162 0.156 0.149 0.143 0.142 0.145 0.149 0.155 0.161 0.169 0.179 0.190 0.202 0.215 0.230 0.246 0.282 0.332 0.383
3.780 3.688 3.587 3.476 3.355 3.225 3.086 2.937 2.779 2.612 2.455 2.310 2.168 2.032 1.900 1.772 1.649 1.530 1.415 1.306 1.200 1.099 1.025 0.962 0.895 0.825 0.751 0.675 0.596 0.513 0.427 0.339 0.276 0.224 0.205 0.206 0.206 0.206 0.205 0.205 0.204 0.203 0.201 0.199 0.197 0.194 0.190 0.184 0.178 0.173 0.167 0.161 0.155 0.149 0.142 0.136 0.130 0.124 0.124 0.131 0.140 0.150 0.162 0.175 0.189 0.204 0.221 0.239 0.258 0.279 0.315 0.370 0.426
3.743 3.618 3.483 3.339 3.185 3.022 2.849 2.668 2.476 2.276 2.109 1.980 1.854 1.733 1.617 1.505 1.397 1.294 1.196 1.102 1.012 0.927 0.850 0.775 0.697 0.635 0.577 0.520 0.466 0.413 0.363 0.314 0.267 0.223 0.200 0.199 0.198 0.197 0.196 0.194 0.192 0.190 0.187 0.184 0.181 0.177 0.172 0.166 0.160 0.154 0.148 0.142 0.136 0.130 0.123 0.117 0.111 0.104 0.104 0.116 0.130 0.145 0.161 0.178 0.197 0.217 0.239 0.261 0.286 0.311 0.348 0.407 0.467
3.717 3.558 3.390 3.212 3.025 2.829 2.624 2.409 2.184 1.950 1.759 1.645 1.536 1.431 1.330 1.234 1.142 1.058 0.995 0.932 0.869 0.805 0.742 0.684 0.629 0.575 0.524 0.474 0.427 0.381 0.338 0.296 0.257 0.219 0.194 0.193 0.191 0.189 0.186 0.183 0.180 0.177 0.173 0.169 0.165 0.160 0.155 0.149 0.142 0.136 0.130 0.124 0.117 0.111 0.104 0.098 0.091 0.085 0.083 0.100 0.118 0.138 0.159 0.181 0.204 0.229 0.255 0.283 0.311 0.341 0.379 0.443 0.508
3.700 3.508 3.307 3.097 2.877 2.647 2.408 2.160 1.903 1.636 1.418 1.358 1.298 1.236 1.174 1.112 1.048 0.984 0.920 0.855 0.789 0.723 0.659 0.608 0.560 0.513 0.469 0.426 0.386 0.348 0.311 0.277 0.244 0.214 0.190 0.187 0.184 0.181 0.177 0.173 0.169 0.165 0.160 0.155 0.149 0.143 0.137 0.131 0.125 0.118 0.112 0.105 0.099 0.092 0.086 0.079 0.072 0.065 0.061 0.083 0.105 0.130 0.155 0.182 0.210 0.239 0.270 0.302 0.336 0.371 0.408 0.477 0.547
3.694 3.469 3.235 2.993 2.753 2.514 2.276 2.041 1.807 1.574 1.361 1.299 1.236 1.173 1.108 1.043 0.978 0.912 0.845 0.778 0.710 0.641 0.574 0.530 0.489 0.449 0.412 0.377 0.343 0.312 0.282 0.255 0.230 0.206 0.185 0.181 0.177 0.173 0.168 0.163 0.158 0.152 0.147 0.140 0.134 0.127 0.120 0.113 0.107 0.100 0.094 0.087 0.080 0.074 0.067 0.060 0.053 0.046 0.039 0.064 0.091 0.120 0.150 0.182 0.214 0.249 0.284 0.369 0.501 0.648 0.809 1.003 1.207
3.636 3.396 3.158 2.921 2.686 2.453 2.222 1.992 1.764 1.537 1.312 1.241 1.175 1.110 1.043 0.976 0.909 0.840 0.771 0.702 0.632 0.561 0.489 0.450 0.416 0.383 0.353 0.325 0.298 0.274 0.252 0.231 0.213 0.196 0.182 0.176 0.171 0.166 0.160 0.154 0.147 0.141 0.134 0.126 0.119 0.111 0.103 0.096 0.089 0.082 0.076 0.069 0.062 0.055 0.048 0.041 0.034 0.027 0.020 0.044 0.102 0.184 0.280 0.391 0.516 0.656 0.809 0.978 1.160 1.357 1.568 1.796 2.033
3.544 3.310 3.078 2.847 2.618 2.391 2.165 1.941 1.719 1.498 1.279 1.183 1.116 1.048 0.979 0.910 0.840 0.769 0.698 0.626 0.554 0.481 0.408 0.368 0.341 0.316 0.292 0.271 0.251 0.234 0.219 0.205 0.194 0.185 0.177 0.171 0.165 0.159 0.152 0.145 0.137 0.129 0.121 0.113 0.104 0.095 0.086 0.078 0.072 0.065 0.058 0.051 0.044 0.054 0.069 0.086 0.105 0.125 0.147 0.227 0.345 0.477 0.623 0.784 0.960 1.149 1.353 1.572 1.804 2.052 2.313 2.579 2.849
3.451 3.223 2.996 2.771 2.548 2.327 2.107 1.889 1.672 1.458 1.245 1.126 1.056 0.986 0.915 0.844 0.772 0.699 0.626 0.552 0.477 0.402 0.326 0.284 0.264 0.246 0.229 0.215 0.203 0.192 0.184 0.178 0.173 0.171 0.171 0.167 0.159 0.152 0.144 0.136 0.127 0.118 0.109 0.100 0.090 0.080 0.084 0.091 0.101 0.114 0.128 0.144 0.161 0.181 0.202 0.225 0.250 0.277 0.305 0.405 0.573 0.755 0.952 1.163 1.389 1.629 1.883 2.151 2.434 2.731 3.043 3.352 3.655
3.356 3.134 2.913 2.694 2.477 2.261 2.047 1.835 1.624 1.415 1.208 1.070 0.998 0.926 0.853 0.779 0.705 0.630 0.554 0.478 0.402 0.324 0.246 0.198 0.185 0.174 0.164 0.157 0.152 0.148 0.147 0.148 0.150 0.155 0.162 0.162 0.154 0.145 0.138 0.143 0.148 0.152 0.156 0.160 0.164 0.167 0.170 0.178 0.195 0.214 0.234 0.256 0.280 0.306 0.334 0.363 0.394 0.427 0.462 0.569 0.787 1.020 1.267 1.528 1.803 2.093 2.398 2.716 3.049 3.397 3.758 4.115 4.451
3.259 3.043 2.828 2.615 2.404 2.194 1.986 1.779 1.574 1.371 1.170 1.015 0.941 0.866 0.791 0.715 0.638 0.561 0.484 0.405 0.326 0.247 0.167 0.110 0.104 0.100 0.097 0.097 0.099 0.103 0.108 0.120 0.144 0.169 0.197 0.219 0.223 0.228 0.232 0.236 0.239 0.243 0.246 0.249 0.252 0.254 0.256 0.264 0.287 0.312 0.339 0.367 0.397 0.429 0.463 0.499 0.536 0.575 0.616 0.718 0.987 1.269 1.567 1.878 2.204 2.544 2.898 3.267 3.650 4.047 4.459 4.868 5.237
3.161 2.951 2.742 2.534 2.329 2.125 1.923 1.722 1.523 1.326 1.130 0.960 0.884 0.807 0.730 0.652 0.573 0.494 0.414 0.333 0.252 0.170 0.088 0.020 0.027 0.044 0.062 0.083 0.105 0.130 0.156 0.185 0.216 0.249 0.283 0.315 0.318 0.322 0.325 0.328 0.331 0.334 0.336 0.338 0.340 0.341 0.343 0.348 0.377 0.408 0.441 0.476 0.512 0.551 0.591 0.632 0.676 0.721 0.769 0.854 1.172 1.505 1.852 2.214 2.589 2.980 3.384 3.803 4.236 4.683 5.145 5.610 6.012
3.062 2.857 2.654 2.452 2.252 2.054 1.858 1.663 1.470 1.278 1.089 0.906 0.828 0.749 0.669 0.589 0.508 0.430 0.355 0.283 0.213 0.145 0.079 0.018 0.040 0.063 0.089 0.116 0.146 0.178 0.212 0.248 0.286 0.326 0.368 0.411 0.414 0.416 0.419 0.421 0.423 0.424 0.426 0.427 0.428 0.429 0.429 0.430 0.465 0.503 0.542 0.583 0.625 0.670 0.716 0.764 0.814 0.866 0.919 0.975 1.343 1.726 2.124 2.535 2.961 3.401 3.856 4.324 4.807 5.305 5.816 6.342 6.778
2.960 2.761 2.564 2.368 2.174 1.982 1.791 1.602 1.415 1.229 1.046 0.858 0.767 0.689 0.613 0.540 0.468 0.399 0.332 0.267 0.205 0.144 0.086 0.030 0.050 0.080 0.113 0.148 0.185 0.224 0.265 0.308 0.353 0.401 0.450 0.501 0.509 0.511 0.512 0.514 0.515 0.515 0.516 0.516 0.516 0.516 0.516 0.515 0.552 0.595 0.640 0.688 0.737 0.787 0.840 0.894 0.950 1.008 1.067 1.129 1.501 1.933 2.381 2.842 3.318 3.808 4.313 4.831 5.364 5.912 6.473 7.049 7.534
2.857 2.664 2.473 2.306 2.135 1.960 1.779 1.593 1.403 1.207 1.007 0.802 0.696 0.626 0.558 0.492 0.428 0.366 0.307 0.250 0.195 0.142 0.091 0.042 0.057 0.095 0.135 0.177 0.222 0.268 0.316 0.366 0.419 0.473 0.530 0.588 0.605 0.606 0.606 0.607 0.607 0.607 0.606 0.606 0.605 0.604 0.602 0.601 0.636 0.686 0.737 0.791 0.846 0.903 0.961 1.022 1.084 1.148 1.214 1.281 1.643 2.126 2.624 3.135 3.661 4.201 4.755 5.327 5.917 6.523 7.145 7.782 8.281
2.929 2.756 2.577 2.394 2.206 2.013 1.815 1.612 1.404 1.192 0.974 0.752 0.623 0.560 0.500 0.441 0.385 0.331 0.279 0.230 0.182 0.137 0.094 0.053 0.063 0.108 0.155 0.205 0.256 0.309 0.365 0.422 0.482 0.544 0.607 0.673 0.700 0.700 0.700 0.700 0.699 0.698 0.697 0.695 0.694 0.692 0.689 0.687 0.718 0.774 0.832 0.892 0.953 1.016 1.081 1.148 1.216 1.286 1.358 1.432 1.774 2.310 2.863 3.430 4.013 4.611 5.225 5.854 6.499 7.159 7.834 8.525 9.039
3.074 2.883 2.687 2.487 2.281 2.071 1.856 1.636 1.411 1.181 0.946 0.707 0.548 0.493 0.440 0.389 0.340 0.294 0.250 0.207 0.168 0.130 0.094 0.061 0.066 0.119 0.173 0.230 0.288 0.349 0.412 0.476 0.543 0.612 0.683 0.756 0.796 0.795 0.794 0.793 0.791 0.789 0.787 0.785 0.782 0.779 0.776 0.773 0.799 0.861 0.925 0.991 1.058 1.125 1.193 1.265 1.341 1.421 1.506 1.594 1.909 2.500 3.106 3.727 4.364 5.016 5.684 6.367 7.065 7.779 8.508 9.252 9.812
3.223 3.015 2.802 2.585 2.362 2.135 1.902 1.665 1.423 1.176 0.924 0.667 0.470 0.423 0.377 0.334 0.293 0.254 0.218 0.183 0.151 0.120 0.092 0.066 0.067 0.127 0.189 0.252 0.318 0.386 0.456 0.528 0.602 0.678 0.756 0.836 0.892 0.890 0.888 0.886 0.884 0.881 0.878 0.875 0.871 0.867 0.856 0.840 0.847 0.909 0.975 1.045 1.119 1.197 1.279 1.366 1.457 1.551 1.650 1.753 2.029 2.673 3.333 4.009 4.699 5.405 6.126 6.863 7.615 8.383 9.166 9.964 10.599
3.378 3.153 2.923 2.688 2.448 2.204 1.954 1.700 1.440 1.176 0.907 0.633 0.390 0.351 0.313 0.277 0.244 0.212 0.183 0.156 0.131 0.109 0.088 0.070 0.066 0.133 0.202 0.273 0.346 0.421 0.498 0.577 0.658 0.742 0.827 0.914 0.988 0.985 0.983 0.974 0.963 0.950 0.937 0.922 0.905 0.887 0.868 0.848 0.843 0.919 1.000 1.084 1.173 1.265 1.362 1.463 1.568 1.677 1.791 1.908 2.134 2.832 3.546 4.275 5.019 5.779 6.554 7.344 8.150 8.971 9.808 10.660 11.400
3.539 3.296 3.049 2.797 2.540 2.278 2.011 1.740 1.463 1.182 0.896 0.605 0.309 0.276 0.246 0.218 0.192 0.168 0.147 0.127 0.110 0.095 0.082 0.071 0.063 0.137 0.213 0.292 0.372 0.454 0.538 0.624 0.711 0.798 0.886 0.974 1.060 1.048 1.035 1.021 1.005 0.988 0.970 0.950 0.929 0.906 0.883 0.857 0.835 0.926 1.020 1.119 1.222 1.329 1.440 1.556 1.675 1.799 1.927 2.059 2.223 2.975 3.743 4.526 5.324 6.137 6.966 7.810 8.669 9.544 10.435 11.340 12.215
3.716 3.444 3.180 2.911 2.636 2.357 2.074 1.785 1.491 1.193 0.889 0.581 0.268 0.200 0.177 0.157 0.138 0.122 0.108 0.096 0.086 0.079 0.073 0.070 0.070 0.144 0.230 0.316 0.403 0.490 0.577 0.665 0.753 0.842 0.931 1.020 1.110 1.106 1.089 1.069 1.049 1.027 1.004 0.980 0.954 0.927 0.898 0.868 0.837 0.928 1.037 1.150 1.268 1.389 1.515 1.644 1.778 1.916 2.058 2.205 2.355 3.104 3.925 4.761 5.613 6.480 7.362 8.260 9.173 10.102 11.046 12.005 12.979
3.894 3.598 3.316 3.030 2.738 2.442 2.141 1.835 1.525 1.209 0.889 0.563 0.233 0.121 0.106 0.093 0.082 0.087 0.117 0.139 0.152 0.157 0.153 0.141 0.120 0.175 0.262 0.350 0.438 0.526 0.615 0.705 0.794 0.884 0.975 1.066 1.157 1.166 1.143 1.119 1.094 1.068 1.040 1.011 0.980 0.948 0.915 0.880 0.844 0.926 1.049 1.177 1.309 1.445 1.585 1.729 1.877 2.030 2.186 2.347 2.511 3.216 4.091 4.981 5.887 6.807 7.743 8.695 9.662 10.644 11.641 12.654 13.682
4.073 3.756 3.458 3.154 2.846 2.532 2.214 1.891 1.563 1.231 0.930 0.661 0.378 0.268 0.303 0.329 0.346 0.355 0.356 0.347 0.331 0.306 0.272 0.230 0.179 0.205 0.294 0.383 0.473 0.563 0.653 0.744 0.835 0.927 1.019 1.111 1.204 1.226 1.199 1.171 1.141 1.109 1.077 1.043 1.008 0.971 0.933 0.894 0.853 0.920 1.058 1.200 1.346 1.496 1.651 1.809 1.972 2.139 2.309 2.484 2.664 3.314 4.242 5.186 6.145 7.119 8.109 9.114 10.134 11.170 12.221 13.287 14.369
4.253 3.920 3.604 3.354 3.133 2.899 2.650 2.388 2.111 1.821 1.517 1.199 0.867 0.664 0.669 0.665 0.653 0.632 0.602 0.565 0.518 0.463 0.400 0.328 0.247 0.235 0.325 0.416 0.507 0.599 0.690 0.783 0.875 0.968 1.062 1.156 1.250 1.288 1.256 1.223 1.188 1.153 1.115 1.077 1.036 0.995 0.952 0.908 0.863 0.910 1.062 1.218 1.379 1.544 1.712 1.885 2.062 2.243 2.429 2.618 2.811 3.397 4.379 5.376 6.388 7.416 8.459 9.518 10.513 11.372 12.208 13.021 13.810
5.000 4.795 4.553 4.297 4.028 3.744 3.447 3.135 2.810 2.471 2.118 1.751 1.370 1.069 1.044 1.010 0.968 0.917 0.858 0.790 0.714 0.629 0.536 0.434 0.324 0.265 0.356 0.448 0.541 0.634 0.727 0.821 0.915 1.010 1.105 1.200 1.296 1.352 1.315 1.277 1.238 1.197 1.155 1.111 1.067 1.021 0.973 0.924 0.874 0.895 1.062 1.233 1.408 1.587 1.770 1.957 2.149 2.344 2.544 2.747 2.955 3.433 4.375 5.293 6.188 7.060 7.909 8.734 9.535 10.314 11.069 11.800 12.508
6.017 5.850 5.559 5.255 4.936 4.604 4.257 3.897 3.523 3.135 2.733 2.317 1.887 1.482 1.427 1.364 1.292 1.211 1.122 1.025 0.919 0.804 0.681 0.550 0.410 0.294 0.387 0.480 0.574 0.669 0.763 0.859 0.954 1.050 1.147 1.244 1.341 1.416 1.375 1.332 1.288 1.243 1.196 1.148 1.098 1.047 0.995 0.942 0.887 0.877 1.058 1.243 1.433 1.626 1.847 2.065 2.259 2.428 2.573 2.693 2.788 3.045 3.906 4.743 5.558 6.348 7.116 7.860 8.581 9.278 9.952 10.603 11.231
7.021 6.900 6.580 6.226 5.859 5.477 5.082 4.673 4.250 3.813 3.362 2.897 2.419 1.926 1.819 1.726 1.624 1.514 1.395 1.268 1.132 0.988 0.835 0.674 0.505 0.326 0.417 0.512 0.607 0.703 0.799 0.896 0.993 1.091 1.189 1.287 1.386 1.482 1.436 1.389 1.340 1.290 1.238 1.185 1.131 1.076 1.019 1.068 1.128 1.161 1.417 1.648 1.855 2.037 2.194 2.327 2.435 2.518 2.576 2.610 2.619 2.680 3.460 4.217 4.950 5.660 6.347 7.010 7.650 8.266 8.860 9.430 9.976
