DATA/SHG/ECMWF/20170628/EN-22/20170710.en-22.asc
ncols        190
nrows        64
xllcorner    -5100000.000000000000
yllcorner    4130000.000000000000
cellsize     10000.000000000000
NODATA_value  -99999.000
[rows 32 to 63 of 64, columns 72 to 143 of 190]
7.990 7.733 7.908 8.058 8.184 8.285 8.362 8.414 8.441 8.445 8.423 8.377 8.307 8.282 8.612 8.970 9.357 9.771 10.214 10.684 11.183 11.710 12.260 12.828 13.418 13.981 14.390 14.812 15.248 15.697 16.159 16.635 17.124 17.626 18.142 18.670 19.213 19.587 19.617 19.633 19.634 19.622 19.595 19.553 19.498 19.830 21.159 22.280 23.192 24.367 25.884 27.222 28.379 29.356 30.152 30.769 31.205 31.461 31.537 31.433 31.149 30.528 29.729 28.885 27.998 27.066 26.091 25.072 24.009 22.902 21.751 20.557
8.691 8.314 8.402 8.467 8.507 8.523 8.515 8.482 8.425 8.343 8.237 8.106 7.950 7.793 8.221 8.676 9.160 9.672 10.213 10.781 11.377 12.002 12.649 13.316 14.005 14.690 15.158 15.639 16.134 16.642 17.163 17.698 18.245 18.807 19.381 19.969 21.086 23.898 25.970 27.833 29.488 30.935 32.174 33.205 34.027 34.642 35.048 35.247 35.237 35.416 36.136 36.675 37.035 37.215 37.214 37.033 36.673 36.132 35.411 34.510 33.429 32.334 31.340 30.302 29.220 28.095 26.925 25.712 24.454 23.153 21.808 20.419
9.407 8.975 8.918 8.898 8.853 8.784 8.691 8.573 8.431 8.264 8.073 7.857 7.617 7.352 7.804 8.357 8.939 9.548 10.186 10.852 11.546 12.267 13.013 13.779 14.566 15.376 15.910 16.617 18.158 20.025 22.216 24.731 27.572 30.737 34.227 38.042 42.181 46.294 47.442 48.382 49.115 49.639 49.956 50.064 49.965 49.657 49.142 48.418 47.487 46.641 46.564 46.306 45.869 45.252 44.454 43.477 42.320 40.983 39.466 37.769 35.892 34.182 32.994 31.762 30.486 29.166 27.802 26.395 24.943 23.448 21.909 20.326
10.136 9.651 9.456 9.351 9.221 9.068 8.889 8.686 8.459 8.207 7.931 7.631 7.306 6.956 7.362 8.013 8.692 9.399 10.134 11.352 13.165 14.840 16.278 17.499 18.611 19.614 21.757 24.411 27.388 30.691 34.318 38.269 42.545 47.146 52.071 57.320 62.894 68.793 69.113 69.131 68.941 68.544 67.939 67.125 66.104 64.876 63.439 61.795 59.942 58.042 57.168 56.114 54.880 53.467 51.873 50.100 48.147 46.014 43.702 41.209 38.537 36.073 34.691 33.265 31.794 30.281 28.723 27.121 25.476 23.787 22.054 20.277
10.880 10.340 10.016 9.826 9.612 9.373 9.110 8.822 8.510 8.174 7.813 7.428 7.685 8.880 10.738 12.762 14.648 16.396 18.007 19.479 20.814 22.011 22.967 23.705 24.334 24.854 27.743 31.832 36.245 40.982 46.044 51.431 57.141 63.176 69.535 76.218 83.226 90.558 90.983 90.079 88.968 87.649 86.123 84.389 82.447 80.297 77.940 75.375 72.602 69.622 67.949 66.099 64.069 61.860 59.471 56.902 54.154 51.226 48.118 44.830 41.363 38.007 36.431 34.810 33.146 31.439 29.687 27.892 26.052 24.169 22.243 20.272
11.637 11.043 10.599 10.324 10.025 10.010 10.435 11.077 11.937 13.014 14.309 15.822 17.553 19.501 21.372 22.917 24.325 25.594 26.726 27.720 28.577 29.296 29.771 30.026 30.172 30.208 33.357 38.880 44.728 50.900 57.396 64.216 71.360 78.828 86.620 94.737 103.177 111.942 113.051 111.227 109.195 106.955 104.508 101.854 98.991 95.922 92.644 89.159 85.467 81.567 78.906 76.260 73.436 70.431 67.247 63.883 60.340 56.617 52.715 48.632 44.371 39.984 38.213 36.399 34.541 32.640 30.694 28.705 26.672 24.596 22.475 20.311
12.887 12.388 12.162 12.687 13.430 14.391 15.570 16.965 18.579 20.410 22.458 24.725 27.208 29.909 32.118 33.185 34.114 34.905 35.559 36.075 36.454 36.695 36.690 36.462 36.125 35.679 38.600 45.557 52.839 60.444 68.373 76.626 85.202 94.103 103.327 112.876 122.748 132.944 135.318 132.574 129.621 126.462 123.095 119.520 115.738 111.749 107.552 103.148 98.536 93.717 90.039 86.599 82.979 79.180 75.201 71.043 66.705 62.188 57.492 52.615 47.560 42.325 40.039 38.031 35.979 33.884 31.745 29.562 27.336 25.065 22.751 20.394
14.990 14.368 14.073 15.352 16.849 18.564 20.496 22.645 25.011 27.595 30.397 33.415 36.652 40.105 42.977 43.565 44.016 44.329 44.505 44.544 44.445 44.208 43.723 43.013 42.193 41.265 43.473 51.863 60.577 69.614 78.975 88.660 98.669 109.001 119.657 130.636 141.939 153.566 157.784 154.119 150.248 146.169 141.882 137.388 132.687 127.779 122.663 117.341 111.810 106.073 101.348 97.114 92.700 88.106 83.334 78.381 73.250 67.939 62.449 56.779 50.930 44.902 41.907 39.706 37.460 35.172 32.728 30.041 27.415 24.849 22.345 19.901
17.124 16.378 15.778 17.811 20.061 22.528 25.213 28.115 31.234 34.571 38.124 41.895 45.883 50.089 53.947 54.057 54.031 53.866 53.565 53.126 52.550 51.836 50.871 49.678 48.377 46.966 47.976 57.797 67.943 78.412 89.204 100.320 111.759 123.522 135.608 148.018 160.751 173.808 180.448 175.864 171.073 166.075 160.870 155.458 149.838 144.012 137.978 131.737 125.289 118.633 112.834 107.805 102.597 97.210 91.644 85.898 79.973 73.562 66.121 58.842 51.726 44.773 40.721 38.058 35.456 32.915 30.435 28.015 25.657 23.359 21.122 18.945
19.288 18.420 17.517 20.062 23.065 26.285 29.722 33.376 37.247 41.336 45.641 50.164 54.904 59.861 65.029 64.662 64.158 63.516 62.738 61.822 60.768 59.577 58.133 56.459 54.675 52.783 52.109 63.361 74.937 86.837 99.059 111.605 124.475 137.667 151.183 165.022 179.184 193.670 203.310 197.808 192.099 186.183 180.059 173.729 167.191 160.447 153.495 146.337 138.489 128.174 118.916 111.053 103.352 95.814 88.438 81.225 74.174 67.286 60.559 53.996 47.594 41.355 37.300 34.905 32.570 30.297 28.084 25.932 23.840 21.810 19.840 17.931
21.484 20.493 19.466 22.106 25.861 29.833 34.023 38.429 43.052 47.892 52.949 58.222 63.713 69.421 75.346 75.378 74.397 73.279 72.023 70.631 69.100 67.433 65.510 63.354 61.089 58.715 56.233 68.555 81.561 94.890 108.542 122.517 136.815 151.437 166.381 181.648 197.239 213.153 226.371 219.442 208.134 197.042 186.166 175.507 165.064 154.838 144.828 135.034 125.456 116.095 107.477 100.329 93.343 86.520 79.859 73.361 67.025 60.851 54.839 48.989 43.302 37.778 33.822 31.694 29.627 27.621 25.675 23.790 21.966 20.202 18.499 16.857
23.710 22.596 21.447 23.944 28.451 33.175 38.115 43.273 48.647 54.238 60.046 66.070 72.312 78.770 85.445 86.207 84.749 83.154 81.422 79.553 77.546 75.403 73.001 70.363 67.617 64.763 61.800 73.379 87.814 102.571 117.525 130.079 142.292 154.165 165.698 176.892 187.745 198.258 208.191 197.620 187.266 177.127 167.205 157.499 148.009 138.736 129.679 120.837 112.212 103.804 95.882 89.449 83.178 77.070 71.123 65.339 59.717 54.257 48.959 43.824 38.850 34.039 30.287 28.426 26.626 24.887 23.208 21.590 20.033 18.536 17.100 15.725
25.967 24.730 23.458 25.576 30.834 36.309 42.000 47.909 54.034 60.375 66.933 73.708 80.700 87.908 95.333 97.148 95.214 93.142 90.934 88.589 86.106 83.487 78.942 74.368 69.889 65.506 61.217 69.040 81.119 92.857 104.255 115.314 126.033 136.412 146.451 156.150 165.510 174.530 183.209 175.593 166.191 157.006 148.036 139.283 130.746 122.425 114.320 106.431 98.758 91.301 84.132 78.413 72.857 67.462 62.229 57.159 52.251 47.504 42.920 38.498 34.238 30.140 26.694 25.101 23.567 22.095 20.683 19.332 18.042 16.812 15.642 14.534
28.255 26.895 25.501 27.001 33.010 39.236 45.678 52.337 59.212 66.303 73.611 81.136 88.877 96.835 105.009 105.368 100.180 95.113 90.165 85.338 80.631 76.044 71.683 67.528 63.469 59.505 55.636 60.643 71.227 81.471 91.376 100.941 110.166 119.052 127.598 135.804 143.671 151.198 158.385 153.359 144.910 136.677 128.660 120.859 113.274 105.904 98.751 91.813 85.092 78.586 72.297 67.222 62.379 57.698 53.179 48.822 44.627 40.594 36.722 33.013 29.466 26.081 23.044 21.718 20.451 19.246 18.101 17.016 15.992 15.029 14.126 13.284
30.573 29.091 27.574 28.221 34.981 41.956 49.148 56.557 62.535 68.279 73.816 79.146 84.268 89.182 93.889 95.102 90.330 85.678 81.146 76.734 72.442 68.270 64.326 60.591 56.951 53.406 49.957 52.633 61.723 70.474 78.885 86.958 94.690 102.083 109.137 115.852 122.226 128.262 133.958 130.921 123.423 116.142 109.076 102.227 95.593 89.175 82.972 76.986 71.215 65.660 60.321 55.874 51.745 47.777 43.971 40.327 36.844 33.524 30.366 27.369 24.535 21.862 19.352 18.277 17.278 16.338 15.460 14.642 13.885 13.188 12.552 11.976
32.901 30.662 28.469 27.450 33.517 39.376 45.028 50.472 55.710 60.740 65.563 70.178 74.586 78.787 82.781 84.740 80.383 76.147 72.030 68.033 64.156 60.399 56.871 53.555 50.334 47.209 44.178 45.008 52.606 59.865 66.784 73.364 79.605 85.507 91.070 96.293 101.177 105.721 109.927 108.276 101.730 95.400 89.286 83.387 77.704 72.236 66.984 61.948 57.128 52.523 48.134 44.371 40.954 37.699 34.606 31.674 28.904 26.297 23.850 21.566 19.444 17.483 15.684 14.780 14.046 13.374 12.762 12.210 11.719 11.288 10.918 10.609
30.475 28.395 26.361 24.394 29.746 34.891 39.829 44.559 49.083 53.399 57.508 61.410 65.105 68.593 71.874 74.283 70.341 66.519 62.817 59.234 55.772 52.429 49.319 46.422 43.620 40.913 38.300 37.770 43.876 49.644 55.072 60.161 64.911 69.322 73.394 77.127 80.521 83.576 86.292 85.427 79.831 74.452 69.288 64.339 59.606 55.089 50.787 46.700 42.830 39.174 35.735 32.712 30.008 27.465 25.084 22.864 20.807 18.911 17.176 15.604 14.193 12.944 11.857 11.225 10.758 10.351 10.005 9.720 9.495 9.331 9.271 9.326
28.009 26.088 24.213 22.384 26.172 30.603 34.827 38.844 42.655 46.258 49.654 52.843 55.825 58.600 61.168 63.529 60.202 56.795 53.507 50.339 47.291 44.363 41.669 39.190 36.807 34.518 32.324 30.917 35.533 39.810 43.747 47.346 50.607 53.528 56.110 58.354 60.259 61.825 63.052 62.371 57.726 53.297 49.082 45.084 41.300 37.732 34.380 31.243 28.321 25.615 23.124 20.898 18.905 17.074 15.405 13.897 12.551 11.367 10.344 9.483 8.783 8.362 8.436 8.517 8.608 8.686 8.749 8.799 8.835 8.857 8.865 8.860
25.502 23.741 22.025 20.355 22.795 26.513 30.023 33.327 36.425 39.315 41.998 44.475 46.744 48.807 50.663 52.312 49.967 46.974 44.101 41.347 38.713 36.199 33.921 31.861 29.895 28.025 26.249 24.569 27.576 30.363 32.811 34.921 36.692 38.124 39.218 39.973 40.390 40.467 40.207 39.111 35.415 31.935 28.670 25.620 22.786 20.167 17.763 15.575 13.602 11.844 10.301 8.928 7.818 8.110 8.355 8.552 8.702 8.805 8.860 8.868 8.828 8.741 8.607 8.549 8.580 8.597 8.600 8.589 8.564 8.526 8.473 8.407
22.956 21.353 19.796 18.285 19.614 22.619 25.417 28.008 30.393 32.570 34.542 36.306 37.863 39.214 40.358 41.296 39.636 37.057 34.598 32.258 30.038 27.938 26.076 24.433 22.886 21.434 20.076 18.813 20.004 21.302 22.262 22.883 23.166 23.111 22.717 21.984 20.913 19.504 17.756 15.645 12.899 10.367 8.051 6.007 6.359 6.757 7.202 7.692 8.228 8.810 9.438 9.990 10.121 10.205 10.241 10.230 10.172 10.066 9.913 9.712 9.464 9.168 8.826 8.596 8.565 8.522 8.464 8.393 8.307 8.209 8.096 7.969
20.370 18.926 17.527 16.175 16.629 18.921 21.007 22.886 24.559 26.024 27.284 28.336 29.182 29.822 30.254 30.480 29.209 27.044 24.998 23.072 21.266 19.579 18.133 16.908 15.779 14.744 13.804 12.958 12.817 12.628 12.100 11.234 10.029 8.487 6.606 6.222 5.954 5.699 5.455 5.225 5.549 5.965 6.428 6.936 7.490 8.090 8.736 9.428 10.165 10.949 11.778 12.549 12.471 12.347 12.175 11.955 11.688 11.374 11.012 10.603 10.147 9.643 9.092 8.655 8.565 8.461 8.343 8.211 8.065 7.906 7.733 7.546
17.744 16.459 15.218 14.024 13.840 15.420 16.794 17.961 18.922 19.676 20.224 20.566 20.700 20.629 20.350 19.866 18.686 16.935 15.302 13.790 12.397 11.123 10.092 9.285 8.573 7.956 8.003 8.147 8.018 7.717 7.429 7.154 6.891 6.640 6.402 6.176 5.963 5.762 5.573 5.397 5.823 6.441 7.105 7.815 8.571 9.372 10.220 11.113 12.052 13.037 14.068 15.144 14.869 14.536 14.155 13.727 13.252 12.730 12.160 11.543 10.878 10.167 9.407 8.729 8.578 8.414 8.235 8.043 7.837 7.617 7.383 7.136
15.079 13.951 12.870 11.834 11.247 12.116 12.778 13.234 13.483 13.526 13.363 12.994 12.418 11.635 10.646 9.451 8.067 6.729 6.383 6.505 6.629 6.754 6.888 7.032 7.178 7.324 7.471 7.619 7.575 7.329 7.096 6.875 6.667 6.471 6.287 6.116 5.958 5.812 5.678 5.557 6.047 6.867 7.733 8.644 9.601 10.604 11.653 12.747 13.888 15.074 16.306 17.584 17.313 16.771 16.183 15.547 14.863 14.133 13.355 12.530 11.657 10.737 9.770 8.817 8.606 8.381 8.142 7.889 7.623 7.342 7.049 6.741
12.373 11.404 10.481 9.603 8.849 9.007 8.958 8.703 8.242 7.574 6.700 6.277 6.123 5.970 5.818 5.666 5.568 5.692 5.817 5.944 6.072 6.200 6.339 6.488 6.637 6.787 6.938 7.090 7.119 6.928 6.750 6.584 6.430 6.289 6.160 6.043 5.939 5.848 5.769 5.702 6.222 7.243 8.310 9.422 10.581 11.785 13.035 14.331 15.673 17.060 18.493 19.972 19.804 19.054 18.257 17.413 16.522 15.584 14.598 13.565 12.484 11.356 10.181 8.959 8.647 8.362 8.062 7.749 7.423 7.082 6.728 6.360
9.627 8.816 8.052 7.332 6.821 6.646 6.490 6.335 6.180 6.027 5.874 5.722 5.571 5.422 5.273 5.125 4.994 5.122 5.252 5.382 5.514 5.647 5.790 5.942 6.096 6.250 6.405 6.561 6.650 6.514 6.390 6.278 6.179 6.093 6.018 5.957 5.907 5.870 5.846 5.834 6.346 7.569 8.837 10.151 11.510 12.916 14.367 15.864 17.407 18.995 20.629 22.309 22.341 21.384 20.379 19.327 18.228 17.082 15.888 14.647 13.359 12.023 10.640 9.210 8.703 8.357 7.997 7.624 7.237 6.836 6.421 5.993
7.940 7.503 7.079 6.669 6.272 6.072 5.919 5.767 5.616 5.465 5.316 5.167 5.020 4.873 4.727 4.582 4.439 4.552 4.685 4.820 4.956 5.093 5.240 5.397 5.554 5.713 5.872 6.032 6.168 6.086 6.017 5.960 5.916 5.883 5.864 5.857 5.862 5.879 5.909 5.952 6.421 7.845 9.314 10.829 12.390 13.996 15.649 17.346 19.090 20.880 22.715 24.596 24.926 23.761 22.548 21.288 19.981 18.627 17.226 15.777 14.281 12.738 11.147 9.510 8.772 8.366 7.946 7.512 7.065 6.603 6.129 5.640
7.196 6.805 6.427 6.062 5.711 5.498 5.348 5.199 5.051 4.904 4.757 4.612 4.468 4.324 4.182 4.040 3.900 3.981 4.119 4.257 4.397 4.539 4.690 4.850 5.012 5.175 5.338 5.502 5.668 5.645 5.631 5.628 5.638 5.661 5.696 5.743 5.803 5.875 5.959 6.056 6.446 8.071 9.741 11.457 13.219 15.026 16.880 18.778 20.723 22.713 24.749 26.831 27.557 26.184 24.764 23.296 21.782 20.220 18.611 16.954 15.251 13.500 11.702 9.857 8.855 8.388 7.895 7.365 6.842 6.327 5.819 5.319
6.441 6.096 5.763 5.444 5.139 4.923 4.776 4.631 4.486 4.342 4.199 4.057 3.916 3.775 3.636 3.498 3.360 3.410 3.552 3.694 3.839 3.984 4.139 4.304 4.469 4.636 4.804 4.972 5.142 5.191 5.231 5.283 5.348 5.425 5.514 5.616 5.730 5.857 5.996 6.147 6.421 8.247 10.118 12.035 13.998 16.006 18.060 20.160 22.305 24.496 26.733 29.015 30.235 28.655 27.027 25.352 23.629 21.809 19.675 17.584 15.534 13.527 11.562 9.639 8.436 7.924 7.419 6.922 6.432 5.950 5.476 5.009
5.674 5.375 5.088 4.815 4.555 4.348 4.205 4.062 3.921 3.780 3.640 3.501 3.363 3.226 3.090 2.955 2.821 2.838 2.984 3.131 3.279 3.428 3.588 3.757 3.926 4.097 4.269 4.442 4.615 4.723 4.818 4.925 5.044 5.175 5.319 5.475 5.644 5.825 6.019 6.225 6.443 8.374 10.446 12.563 14.727 16.936 19.190 21.491 23.828 25.751 27.623 29.446 30.563 28.403 26.285 24.209 22.176 20.184 18.235 16.327 14.462 12.639 10.858 9.120 7.887 7.408 6.936 6.472 6.015 5.566 5.125 4.691
4.896 4.642 4.401 4.174 3.959 3.773 3.633 3.494 3.355 3.218 3.081 2.946 2.811 2.677 2.544 2.412 2.281 2.266 2.416 2.567 2.719 2.873 3.036 3.209 3.383 3.558 3.734 3.910 4.088 4.243 4.391 4.553 4.726 4.912 5.111 5.321 5.545 5.780 6.028 6.289 6.527 8.299 10.354 12.359 14.313 16.217 18.072 19.876 21.630 23.335 24.989 26.593 27.976 26.000 24.066 22.175 20.325 18.518 16.753 15.029 13.348 11.710 10.113 8.558 7.331 6.884 6.446 6.015 5.591 5.175 4.767 4.366
4.107 3.898 3.703 3.521 3.352 3.198 3.061 2.925 2.790 2.655 2.522 2.390 2.258 2.128 1.998 1.869 1.741 1.694 1.848 2.003 2.159 2.316 2.484 2.661 2.839 3.018 3.198 3.379 3.561 3.749 3.952 4.190 4.433 4.674 4.912 5.149 5.383 5.616 5.846 6.074 6.300 7.687 9.523 11.309 13.045 14.731 16.367 17.952 19.488 20.974 22.409 23.795 25.130 23.556 21.806 20.099 18.433 16.810 15.229 13.690 12.193 10.738 9.326 7.955 6.767 6.354 5.949 5.550 5.160 4.777 4.402 4.034
3.305 3.142 2.993 2.856 2.733 2.623 2.489 2.356 2.224 2.093 1.963 1.834 1.705 1.578 1.452 1.326 1.201 1.121 1.279 1.438 1.598 1.760 1.978 2.220 2.458 2.690 2.916 3.138 3.354 3.575 3.813 4.049 4.282 4.514 4.744 4.971 5.196 5.419 5.640 5.859 6.076 7.130 8.747 10.314 11.832 13.299 14.716 16.083 17.401 18.668 19.885 21.052 22.170 21.071 19.505 17.982 16.501 15.061 13.664 12.309 10.996 9.725 8.496 7.310 6.197 5.817 5.444 5.079 4.722 4.372 4.029 3.694
