DATA/SHG/ECMWF/20170628/EN-22/20170701.en-22.asc
ncols        190
nrows        64
xllcorner    -5100000.000000000000
yllcorner    4130000.000000000000
cellsize     10000.000000000000
NODATA_value  -99999.000
[rows 0 to 31 of 64, columns 73 to 145 of 190]
7.010 6.922 6.842 6.769 6.704 6.647 6.598 6.556 6.507 6.382 6.240 6.102 5.968 5.839 5.714 5.593 5.476 5.364 5.256 5.153 5.076 5.075 5.072 5.064 5.051 5.033 5.010 4.982 4.950 4.912 4.869 4.822 4.778 4.766 4.766 4.777 4.798 4.831 4.876 4.931 4.997 5.075 5.164 5.264 5.326 5.244 5.163 5.084 5.005 4.928 4.852 4.777 4.703 4.630 4.559 4.489 4.392 4.210 4.021 3.824 3.621 3.410 3.193 2.968 2.736 2.497 2.252 1.999 1.821 1.867 1.909 1.948 1.982
6.870 6.809 6.724 6.631 6.537 6.444 6.350 6.256 6.155 6.023 5.896 5.773 5.655 5.540 5.430 5.325 5.223 5.126 5.033 4.945 4.867 4.844 4.819 4.789 4.753 4.713 4.668 4.619 4.564 4.504 4.439 4.369 4.307 4.345 4.395 4.456 4.527 4.610 4.704 4.810 4.926 5.053 5.192 5.342 5.472 5.395 5.320 5.245 5.172 5.100 5.029 4.960 4.891 4.824 4.758 4.693 4.610 4.396 4.175 3.947 3.712 3.469 3.220 2.964 2.701 2.431 2.153 1.869 1.627 1.656 1.681 1.702 1.720
6.531 6.437 6.343 6.249 6.156 6.061 5.967 5.873 5.777 5.661 5.549 5.441 5.337 5.238 5.143 5.053 4.967 4.885 4.807 4.734 4.665 4.619 4.572 4.519 4.462 4.400 4.333 4.261 4.184 4.102 4.015 3.923 3.826 3.913 4.012 4.123 4.245 4.377 4.521 4.676 4.843 5.020 5.208 5.408 5.616 5.545 5.474 5.405 5.337 5.271 5.205 5.141 5.078 5.016 4.956 4.896 4.834 4.588 4.336 4.076 3.810 3.536 3.255 2.968 2.673 2.371 2.062 1.746 1.460 1.522 1.586 1.652 1.719
6.151 6.057 5.963 5.869 5.774 5.680 5.585 5.491 5.396 5.295 5.198 5.105 5.017 4.933 4.853 4.778 4.706 4.640 4.577 4.519 4.465 4.400 4.330 4.256 4.177 4.092 4.003 3.909 3.810 3.706 3.597 3.483 3.364 3.469 3.618 3.779 3.950 4.133 4.326 4.531 4.747 4.974 5.212 5.462 5.722 5.693 5.628 5.564 5.501 5.440 5.380 5.321 5.263 5.207 5.152 5.098 5.045 4.788 4.504 4.197 3.882 3.576 3.280 2.994 2.718 2.451 2.195 1.948 1.711 1.760 1.831 1.904 1.979
5.772 5.678 5.583 5.489 5.394 5.299 5.204 5.109 5.014 4.926 4.844 4.766 4.693 4.624 4.559 4.499 4.443 4.391 4.344 4.300 4.262 4.187 4.095 3.999 3.897 3.791 3.680 3.563 3.442 3.316 3.185 3.049 2.908 3.013 3.213 3.423 3.644 3.876 4.120 4.374 4.640 4.917 5.205 5.504 5.814 5.839 5.779 5.721 5.664 5.608 5.528 5.426 5.323 5.218 5.111 5.003 4.894 4.632 4.340 4.059 3.787 3.525 3.273 3.030 2.798 2.575 2.362 2.159 1.965 1.995 2.074 2.155 2.237
5.394 5.299 5.204 5.109 5.014 4.919 4.823 4.728 4.632 4.553 4.486 4.424 4.366 4.312 4.262 4.217 4.176 4.139 4.107 4.078 4.055 3.980 3.866 3.747 3.624 3.495 3.362 3.224 3.080 2.932 2.779 2.621 2.458 2.546 2.795 3.055 3.326 3.608 3.901 4.205 4.521 4.843 5.159 5.468 5.768 5.805 5.704 5.601 5.497 5.391 5.284 5.176 5.065 4.953 4.840 4.725 4.608 4.397 4.149 3.911 3.683 3.464 3.256 3.057 2.868 2.689 2.519 2.360 2.210 2.228 2.315 2.403 2.493
5.017 4.921 4.826 4.731 4.635 4.539 4.444 4.348 4.252 4.177 4.125 4.078 4.035 3.996 3.961 3.931 3.905 3.883 3.866 3.853 3.844 3.779 3.643 3.502 3.356 3.206 3.050 2.890 2.725 2.554 2.379 2.199 2.063 2.183 2.526 2.862 3.190 3.510 3.823 4.127 4.424 4.714 4.995 5.269 5.535 5.598 5.490 5.381 5.270 5.157 5.043 4.927 4.810 4.691 4.571 4.449 4.325 4.151 3.947 3.753 3.568 3.394 3.229 3.073 2.928 2.792 2.667 2.551 2.444 2.460 2.554 2.650 2.747
4.640 4.544 4.448 4.353 4.257 4.161 4.064 3.968 3.872 3.798 3.761 3.729 3.701 3.677 3.657 3.642 3.631 3.624 3.622 3.624 3.630 3.583 3.425 3.326 3.244 3.155 3.058 2.953 2.840 2.719 2.590 2.454 2.309 2.338 2.646 2.948 3.241 3.527 3.805 4.075 4.337 4.592 4.839 5.078 5.310 5.393 5.278 5.162 5.044 4.924 4.803 4.681 4.557 4.431 4.304 4.175 4.044 3.897 3.736 3.585 3.444 3.313 3.192 3.080 2.978 2.886 2.804 2.731 2.669 2.689 2.791 2.894 2.999
4.264 4.168 4.072 3.975 3.879 3.783 3.686 3.589 3.492 3.415 3.393 3.376 3.363 3.354 3.350 3.374 3.496 3.622 3.753 3.887 4.025 4.108 4.007 3.898 3.781 3.657 3.524 3.384 3.236 3.080 2.916 2.744 2.564 2.500 2.775 3.041 3.300 3.552 3.795 4.031 4.259 4.479 4.692 4.896 5.094 5.190 5.069 4.945 4.820 4.694 4.566 4.436 4.305 4.173 4.039 3.903 3.765 3.632 3.515 3.408 3.310 3.223 3.145 3.077 3.018 2.970 2.931 2.902 2.883 2.916 3.025 3.136 3.249
3.888 3.792 3.695 3.599 3.502 3.405 3.308 3.211 3.152 3.186 3.299 3.415 3.535 3.659 3.788 3.920 4.056 4.196 4.340 4.488 4.639 4.758 4.622 4.478 4.326 4.166 3.999 3.823 3.640 3.448 3.249 3.042 2.827 2.671 2.911 3.144 3.368 3.585 3.794 3.995 4.189 4.375 4.553 4.723 4.886 4.990 4.861 4.731 4.599 4.465 4.331 4.194 4.056 3.917 3.775 3.633 3.489 3.358 3.284 3.221 3.167 3.123 3.088 3.064 3.049 3.044 3.048 3.063 3.087 3.142 3.258 3.376 3.496
3.514 3.475 3.507 3.536 3.562 3.585 3.604 3.621 3.634 3.646 3.772 3.902 4.036 4.174 4.315 4.461 4.611 4.765 4.922 5.084 5.249 5.410 5.246 5.066 4.879 4.684 4.481 4.270 4.052 3.825 3.591 3.349 3.099 2.850 3.056 3.254 3.444 3.626 3.801 3.968 4.127 4.278 4.422 4.558 4.687 4.791 4.655 4.518 4.379 4.239 4.097 3.954 3.809 3.662 3.514 3.365 3.214 3.074 3.044 3.024 3.013 3.013 3.022 3.040 3.069 3.107 3.156 3.213 3.281 3.365 3.489 3.615 3.742
4.012 4.037 4.058 4.076 4.090 4.102 4.110 4.116 4.118 4.117 4.240 4.384 4.532 4.683 4.839 4.998 5.162 5.329 5.501 5.676 5.855 6.029 5.877 5.663 5.440 5.210 4.972 4.726 4.472 4.211 3.941 3.664 3.379 3.085 3.209 3.372 3.528 3.676 3.816 3.949 4.074 4.191 4.300 4.402 4.496 4.582 4.451 4.307 4.162 4.014 3.866 3.715 3.564 3.410 3.255 3.099 2.941 2.781 2.794 2.817 2.850 2.893 2.945 3.008 3.080 3.161 3.253 3.354 3.454 3.543 3.678 3.841 4.033
4.587 4.600 4.610 4.617 4.621 4.621 4.619 4.613 4.604 4.592 4.704 4.862 5.023 5.189 5.358 5.531 5.708 5.889 6.074 6.263 6.456 6.644 6.517 6.267 6.010 5.744 5.471 5.190 4.901 4.604 4.299 3.987 3.667 3.338 3.370 3.499 3.620 3.734 3.840 3.938 4.029 4.111 4.186 4.254 4.313 4.365 4.249 4.098 3.946 3.792 3.636 3.479 3.320 3.160 2.998 2.835 2.670 2.503 2.534 2.622 2.732 2.838 2.938 3.032 3.122 3.206 3.286 3.360 3.428 3.492 3.741 4.031 4.350
5.164 5.166 5.165 5.161 5.153 5.143 5.129 5.112 5.092 5.069 5.164 5.335 5.511 5.690 5.873 6.059 6.250 6.445 6.644 6.846 7.053 7.254 7.165 6.880 6.587 6.287 5.978 5.662 5.338 5.006 4.666 4.319 3.963 3.600 3.539 3.634 3.721 3.800 3.872 3.936 3.992 4.040 4.081 4.114 4.140 4.157 4.050 3.892 3.732 3.571 3.426 3.304 3.185 3.072 2.963 2.859 2.759 2.664 2.717 2.809 2.897 2.979 3.056 3.127 3.194 3.255 3.311 3.362 3.408 3.448 3.776 4.192 4.638
5.744 5.734 5.722 5.707 5.688 5.667 5.642 5.614 5.583 5.548 5.620 5.805 5.994 6.186 6.383 6.583 6.788 6.996 7.209 7.425 7.645 7.861 7.820 7.500 7.173 6.837 6.493 6.142 5.783 5.416 5.041 4.658 4.268 3.870 3.717 3.777 3.830 3.875 3.912 3.942 3.964 3.983 4.003 4.021 4.037 4.052 3.983 3.862 3.746 3.635 3.528 3.426 3.328 3.235 3.147 3.063 2.984 2.910 2.933 3.002 3.066 3.125 3.179 3.227 3.271 3.309 3.342 3.370 3.392 3.410 3.782 4.325 4.897
6.325 6.305 6.281 6.255 6.225 6.193 6.157 6.118 6.075 6.030 6.071 6.270 6.472 6.679 6.889 7.103 7.321 7.543 7.769 7.999 8.233 8.462 8.484 8.129 7.766 7.395 7.017 6.630 6.236 5.834 5.424 5.006 4.564 4.118 3.875 3.901 3.924 3.946 3.965 3.982 3.998 4.011 4.022 4.032 4.039 4.044 3.997 3.897 3.801 3.710 3.624 3.542 3.465 3.393 3.325 3.262 3.204 3.150 3.153 3.200 3.241 3.277 3.307 3.333 3.353 3.368 3.378 3.383 3.382 3.376 3.760 4.430 5.128
6.909 6.877 6.843 6.805 6.765 6.721 6.674 6.624 6.570 6.514 6.518 6.731 6.947 7.167 7.391 7.619 7.850 8.086 8.326 8.569 8.817 9.060 9.156 8.680 8.151 7.640 7.147 6.673 6.217 5.779 5.359 4.958 4.575 4.211 3.969 3.985 4.000 4.012 4.023 4.031 4.037 4.042 4.044 4.044 4.043 4.039 4.006 3.926 3.851 3.781 3.715 3.654 3.598 3.546 3.499 3.456 3.418 3.385 3.379 3.402 3.420 3.433 3.441 3.443 3.440 3.432 3.419 3.401 3.377 3.348 3.710 4.506 5.330
7.494 7.452 7.406 7.358 7.306 7.251 7.193 7.132 7.068 7.000 6.961 7.187 7.417 7.650 7.888 8.118 8.197 8.264 8.318 8.361 8.391 8.422 8.405 7.939 7.491 7.062 6.651 6.258 5.883 5.527 5.188 4.869 4.567 4.284 4.064 4.072 4.077 4.081 4.082 4.082 4.079 4.074 4.068 4.059 4.049 4.036 4.010 3.951 3.897 3.847 3.802 3.761 3.725 3.694 3.667 3.645 3.628 3.615 3.610 3.610 3.605 3.595 3.579 3.558 3.533 3.501 3.465 3.424 3.377 3.325 3.631 4.553 5.503
8.082 8.029 7.972 7.912 7.850 7.784 7.715 7.642 7.545 7.344 7.154 7.245 7.331 7.404 7.465 7.514 7.551 7.575 7.587 7.587 7.575 7.563 7.554 7.179 6.812 6.464 6.134 5.823 5.529 5.254 4.998 4.759 4.539 4.337 4.162 4.160 4.157 4.151 4.144 4.134 4.123 4.109 4.094 4.076 4.057 4.035 4.009 3.971 3.937 3.908 3.883 3.863 3.848 3.837 3.831 3.829 3.832 3.840 3.846 3.823 3.795 3.761 3.723 3.679 3.630 3.576 3.517 3.452 3.382 3.308 3.524 4.572 5.649
8.672 8.558 8.320 8.093 7.876 7.670 7.475 7.290 7.116 6.952 6.800 6.823 6.866 6.897 6.916 6.922 6.916 6.898 6.868 6.825 6.770 6.716 6.665 6.399 6.114 5.847 5.599 5.368 5.156 4.962 4.787 4.630 4.490 4.370 4.267 4.251 4.238 4.224 4.207 4.189 4.169 4.146 4.122 4.095 4.067 4.036 4.004 3.986 3.972 3.964 3.960 3.960 3.965 3.975 3.989 4.008 4.032 4.060 4.087 4.041 3.989 3.933 3.871 3.805 3.733 3.656 3.573 3.486 3.393 3.295 3.389 4.563 5.765
8.072 7.861 7.660 7.470 7.290 7.121 6.963 6.815 6.678 6.552 6.436 6.413 6.414 6.402 6.378 6.342 6.294 6.233 6.160 6.075 5.978 5.881 5.787 5.600 5.396 5.210 5.043 4.894 4.763 4.651 4.556 4.480 4.422 4.383 4.361 4.343 4.322 4.299 4.273 4.246 4.217 4.185 4.152 4.116 4.079 4.040 3.998 3.996 4.003 4.015 4.031 4.052 4.078 4.108 4.143 4.182 4.226 4.275 4.328 4.264 4.189 4.110 4.025 3.935 3.840 3.740 3.635 3.524 3.409 3.362 3.476 4.988 6.560
7.328 7.154 6.990 6.837 6.695 6.563 6.442 6.331 6.231 6.142 6.063 6.014 5.973 5.918 5.852 5.774 5.683 5.580 5.465 5.338 5.198 5.059 4.921 4.781 4.659 4.554 4.468 4.400 4.350 4.319 4.306 4.311 4.334 4.375 4.435 4.438 4.408 4.375 4.341 4.305 4.267 4.226 4.184 4.140 4.093 4.045 3.995 4.001 4.028 4.061 4.098 4.139 4.185 4.236 4.291 4.351 4.416 4.485 4.559 4.491 4.464 4.533 4.598 4.659 4.715 4.767 4.814 4.856 4.894 4.928 4.957 6.616 8.448
6.576 6.439 6.312 6.196 6.090 5.996 5.911 5.838 5.775 5.722 5.680 5.628 5.543 5.447 5.338 5.217 5.084 4.939 4.781 4.612 4.430 4.248 4.068 3.943 3.902 3.879 3.874 3.887 3.918 3.968 4.035 4.121 4.226 4.348 4.489 4.535 4.496 4.454 4.411 4.366 4.319 4.270 4.218 4.165 4.110 4.053 3.993 4.001 4.049 4.102 4.159 4.249 4.404 4.593 4.813 5.066 5.351 5.669 6.019 6.159 6.213 6.262 6.307 6.348 6.384 6.415 6.442 6.465 6.483 6.496 6.505 8.183 10.275
5.814 5.714 5.624 5.545 5.477 5.419 5.372 5.335 5.309 5.294 5.289 5.252 5.126 4.987 4.836 4.673 4.497 4.310 4.110 3.898 3.674 3.449 3.226 3.086 3.126 3.183 3.259 3.354 3.466 3.597 3.745 3.912 4.098 4.301 4.523 4.634 4.586 4.535 4.483 4.429 4.373 4.315 4.262 4.215 4.159 4.096 4.024 4.065 4.235 4.437 4.672 4.939 5.238 5.570 5.934 6.330 6.758 7.219 7.712 7.931 7.964 7.994 8.018 8.039 8.055 8.066 8.073 8.075 8.073 8.067 8.056 9.690 12.041
5.044 4.981 4.928 4.886 4.855 4.834 4.823 4.824 4.835 4.856 4.888 4.889 4.720 4.539 4.345 4.140 3.922 3.692 3.450 3.196 2.930 2.663 2.397 2.209 2.330 2.469 2.626 2.801 2.994 3.206 3.435 3.683 3.949 4.259 4.607 4.831 4.804 4.769 4.726 4.675 4.616 4.549 4.474 4.391 4.300 4.201 4.094 4.147 4.461 4.806 5.184 5.594 6.037 6.512 7.019 7.558 8.130 8.734 9.370 9.704 9.718 9.727 9.732 9.732 9.728 9.719 9.706 9.688 9.666 9.640 9.608 11.136 13.747
4.264 4.238 4.223 4.218 4.223 4.239 4.266 4.303 4.351 4.409 4.478 4.537 4.326 4.102 3.867 3.619 3.359 3.087 2.803 2.506 2.197 1.888 1.579 1.313 1.592 1.989 2.376 2.752 3.117 3.471 3.815 4.147 4.469 4.780 5.080 5.302 5.239 5.169 5.090 5.003 4.909 4.806 4.695 4.576 4.449 4.315 4.172 4.195 4.652 5.141 5.662 6.215 6.801 7.419 8.069 8.752 9.466 10.214 10.993 11.481 11.474 11.463 11.448 11.428 11.404 11.375 11.342 11.304 11.262 11.215 11.164 12.521 15.392
3.476 3.487 3.508 3.540 3.583 3.636 3.699 3.773 3.858 3.953 4.059 4.176 3.944 3.678 3.400 3.110 2.825 2.662 2.528 2.422 2.345 2.284 2.233 2.204 2.556 2.905 3.244 3.572 3.889 4.195 4.490 4.775 5.049 5.312 5.564 5.781 5.682 5.576 5.462 5.339 5.209 5.071 4.924 4.770 4.607 4.437 4.258 4.208 4.808 5.440 6.104 6.801 7.530 8.291 9.084 9.910 10.768 11.658 12.580 13.259 13.233 13.202 13.166 13.126 13.082 13.033 12.980 12.922 12.860 12.793 12.722 13.847 16.976
2.679 2.727 2.785 2.854 2.933 3.023 3.123 3.235 3.356 3.498 3.678 3.850 3.716 3.538 3.389 3.269 3.176 3.113 3.078 3.072 3.094 3.131 3.181 3.252 3.530 3.832 4.122 4.402 4.671 4.930 5.177 5.414 5.640 5.855 6.060 6.253 6.134 5.992 5.842 5.684 5.518 5.344 5.161 4.971 4.773 4.567 4.353 4.188 4.930 5.705 6.513 7.352 8.224 9.128 10.064 11.033 12.034 13.067 14.132 15.040 14.993 14.942 14.887 14.827 14.762 14.693 14.620 14.542 14.460 14.373 14.282 15.111 18.500
1.873 1.957 2.085 2.288 2.484 2.674 2.857 3.033 3.202 3.365 3.521 3.670 3.645 3.567 3.517 3.495 3.502 3.538 3.602 3.694 3.815 3.953 4.102 4.274 4.515 4.769 5.012 5.244 5.465 5.676 5.875 6.064 6.242 6.410 6.566 6.712 6.593 6.416 6.230 6.036 5.835 5.625 5.407 5.181 4.948 4.706 4.456 4.198 5.018 5.936 6.886 7.869 8.884 9.930 11.010 12.121 13.264 14.440 15.648 16.823 16.756 16.685 16.610 16.530 16.445 16.356 16.263 16.165 16.063 15.956 15.845 16.316 19.964
1.742 1.935 2.122 2.301 2.474 2.641 2.800 2.953 3.099 3.238 3.370 3.496 3.549 3.569 3.618 3.696 3.802 3.936 4.099 4.290 4.510 4.747 4.996 5.268 5.512 5.717 5.912 6.096 6.270 6.432 6.584 6.725 6.856 6.975 7.084 7.182 7.061 6.848 6.626 6.397 6.160 5.914 5.661 5.400 5.131 4.853 4.568 4.274 5.072 6.133 7.226 8.351 9.508 10.698 11.920 13.174 14.460 15.779 17.129 18.512 18.522 18.431 18.335 18.235 18.131 18.022 17.908 17.790 17.668 17.541 17.410 17.412 21.131
1.832 2.002 2.165 2.321 2.471 2.613 2.749 2.879 3.001 3.117 3.226 3.329 3.427 3.546 3.694 3.870 4.075 4.308 4.570 4.860 5.179 5.515 5.864 6.236 6.518 6.676 6.823 6.960 7.085 7.200 7.304 7.397 7.480 7.551 7.612 7.663 7.537 7.288 7.031 6.766 6.493 6.212 5.924 5.627 5.322 5.009 4.688 4.359 5.091 6.295 7.530 8.798 10.098 11.431 12.795 14.192 15.621 17.082 18.575 20.100 20.289 20.178 20.075 19.967 19.819 19.633 19.406 19.140 18.835 18.490 18.106 17.682 21.000
1.928 2.074 2.214 2.347 2.473 2.593 2.705 2.811 2.910 3.003 3.089 3.168 3.278 3.496 3.743 4.018 4.322 4.654 5.015 5.404 5.821 6.256 6.705 7.177 7.536 7.646 7.745 7.834 7.912 7.979 8.035 8.080 8.115 8.139 8.152 8.155 8.021 7.736 7.444 7.143 6.835 6.519 6.194 5.862 5.521 5.173 4.816 4.452 5.076 6.422 7.801 9.211 10.654 12.212 13.958 15.675 17.362 19.019 20.647 22.245 22.588 22.385 22.141 21.859 21.536 21.175 20.774 20.333 19.854 19.334 18.775 18.177 20.900
