DATA/SHG/ECMWF/20170628/EN-22/20170711.en-22.asc
ncols        190
nrows        64
xllcorner    -5100000.000000000000
yllcorner    4130000.000000000000
cellsize     10000.000000000000
NODATA_value  -99999.000
[rows 0 to 31 of 64, columns 0 to 71 of 190]
0.489 0.486 0.484 0.482 0.481 0.481 0.481 0.482 0.484 0.456 0.419 0.381 0.342 0.303 0.263 0.222 0.181 0.139 0.097 0.062 0.030 0.028 0.039 0.047 0.055 0.061 0.065 0.068 0.070 0.070 0.069 0.066 0.062 0.062 0.065 0.069 0.072 0.076 0.079 0.083 0.086 0.089 0.092 0.095 0.098 0.118 0.152 0.188 0.225 0.263 0.303 0.344 0.387 0.430 0.475 0.522 0.569 0.637 0.724 0.808 0.888 0.966 1.041 1.113 1.181 1.246 1.309 1.368 1.424 1.461 1.474 1.489
0.484 0.484 0.484 0.484 0.486 0.488 0.490 0.493 0.497 0.475 0.435 0.395 0.357 0.321 0.286 0.253 0.220 0.189 0.160 0.131 0.104 0.096 0.101 0.105 0.107 0.108 0.107 0.105 0.101 0.096 0.090 0.082 0.072 0.068 0.072 0.075 0.078 0.081 0.085 0.088 0.091 0.094 0.097 0.100 0.103 0.119 0.158 0.199 0.240 0.284 0.328 0.374 0.421 0.469 0.519 0.570 0.622 0.683 0.760 0.833 0.903 0.970 1.033 1.094 1.152 1.206 1.258 1.306 1.351 1.388 1.408 1.430
0.479 0.481 0.483 0.486 0.489 0.492 0.497 0.502 0.509 0.496 0.461 0.426 0.393 0.362 0.332 0.303 0.275 0.249 0.223 0.200 0.177 0.165 0.165 0.163 0.160 0.156 0.150 0.143 0.134 0.124 0.112 0.099 0.084 0.075 0.078 0.081 0.084 0.087 0.090 0.093 0.096 0.099 0.101 0.104 0.107 0.119 0.163 0.208 0.255 0.302 0.351 0.402 0.454 0.507 0.561 0.616 0.673 0.733 0.799 0.861 0.920 0.976 1.029 1.079 1.125 1.169 1.210 1.247 1.300 1.351 1.400 1.451
0.465 0.468 0.472 0.477 0.483 0.490 0.498 0.508 0.519 0.517 0.486 0.457 0.428 0.401 0.376 0.351 0.328 0.306 0.286 0.267 0.249 0.235 0.230 0.223 0.215 0.206 0.195 0.182 0.168 0.153 0.136 0.118 0.098 0.081 0.084 0.087 0.090 0.093 0.096 0.098 0.101 0.104 0.106 0.109 0.111 0.118 0.167 0.217 0.268 0.320 0.374 0.429 0.485 0.543 0.602 0.662 0.723 0.786 0.840 0.892 0.942 1.010 1.074 1.134 1.191 1.244 1.294 1.339 1.382 1.420 1.477 1.537
0.442 0.448 0.456 0.465 0.475 0.487 0.499 0.513 0.528 0.537 0.510 0.485 0.462 0.439 0.418 0.398 0.380 0.362 0.347 0.332 0.319 0.307 0.296 0.285 0.271 0.257 0.241 0.223 0.204 0.183 0.161 0.138 0.113 0.088 0.091 0.093 0.096 0.099 0.101 0.104 0.106 0.108 0.111 0.113 0.115 0.117 0.169 0.223 0.279 0.336 0.394 0.454 0.515 0.581 0.665 0.752 0.844 0.940 1.009 1.071 1.129 1.184 1.236 1.283 1.327 1.367 1.404 1.437 1.466 1.492 1.552 1.621
0.416 0.427 0.439 0.452 0.467 0.482 0.499 0.516 0.535 0.555 0.533 0.513 0.494 0.476 0.459 0.444 0.430 0.417 0.406 0.396 0.387 0.379 0.364 0.347 0.329 0.309 0.288 0.265 0.241 0.215 0.188 0.160 0.130 0.098 0.097 0.100 0.102 0.104 0.107 0.109 0.111 0.113 0.116 0.118 0.120 0.121 0.173 0.240 0.313 0.389 0.470 0.555 0.645 0.739 0.837 0.940 1.047 1.159 1.225 1.275 1.320 1.362 1.401 1.435 1.466 1.494 1.517 1.537 1.554 1.566 1.624 1.703
0.390 0.405 0.421 0.438 0.457 0.476 0.497 0.519 0.542 0.566 0.555 0.539 0.524 0.511 0.499 0.488 0.479 0.471 0.464 0.458 0.454 0.451 0.434 0.412 0.388 0.363 0.337 0.309 0.280 0.249 0.217 0.183 0.148 0.111 0.104 0.106 0.108 0.110 0.112 0.145 0.189 0.217 0.230 0.228 0.210 0.177 0.218 0.302 0.389 0.481 0.577 0.678 0.783 0.892 1.006 1.124 1.246 1.373 1.445 1.482 1.514 1.544 1.569 1.591 1.609 1.623 1.634 1.641 1.645 1.645 1.694 1.781
0.363 0.382 0.402 0.423 0.445 0.469 0.494 0.520 0.547 0.575 0.575 0.563 0.553 0.545 0.537 0.531 0.526 0.522 0.520 0.519 0.519 0.521 0.505 0.478 0.449 0.419 0.387 0.354 0.320 0.284 0.247 0.208 0.233 0.291 0.366 0.433 0.484 0.519 0.540 0.544 0.534 0.508 0.467 0.410 0.338 0.251 0.260 0.358 0.461 0.568 0.680 0.796 0.916 1.041 1.170 1.303 1.441 1.583 1.668 1.692 1.712 1.728 1.741 1.750 1.755 1.756 1.754 1.749 1.739 1.726 1.761 1.857
0.334 0.357 0.381 0.406 0.433 0.461 0.489 0.519 0.551 0.583 0.593 0.586 0.581 0.577 0.574 0.572 0.572 0.573 0.575 0.579 0.583 0.590 0.577 0.545 0.511 0.505 0.515 0.539 0.577 0.629 0.695 0.775 0.868 0.976 1.051 1.063 1.060 1.042 1.008 0.959 0.894 0.814 0.719 0.608 0.482 0.341 0.297 0.410 0.529 0.651 0.778 0.909 1.045 1.185 1.329 1.478 1.630 1.788 1.895 1.905 1.912 1.916 1.916 1.912 1.904 1.893 1.878 1.859 1.837 1.811 1.825 1.931
0.304 0.331 0.359 0.389 0.419 0.451 0.484 0.518 0.553 0.590 0.610 0.608 0.607 0.608 0.609 0.612 0.616 0.625 0.652 0.672 0.684 0.687 0.689 0.706 0.737 0.782 0.841 0.914 1.001 1.102 1.217 1.346 1.489 1.646 1.751 1.709 1.652 1.579 1.491 1.388 1.269 1.135 0.986 0.821 0.641 0.446 0.329 0.458 0.592 0.729 0.872 1.018 1.169 1.324 1.484 1.647 1.816 1.988 2.124 2.122 2.116 2.107 2.094 2.077 2.057 2.033 2.005 1.973 1.938 1.900 1.887 2.002
0.272 0.304 0.336 0.370 0.404 0.440 0.477 0.515 0.554 0.595 0.645 0.700 0.747 0.786 0.817 0.841 0.856 0.863 0.863 0.855 0.839 0.815 0.802 0.869 0.949 1.043 1.151 1.274 1.410 1.560 1.724 1.902 2.094 2.300 2.465 2.369 2.258 2.131 1.990 1.832 1.660 1.472 1.268 1.050 0.816 0.566 0.357 0.502 0.650 0.803 0.961 1.122 1.289 1.459 1.634 1.813 1.996 2.184 2.357 2.342 2.323 2.301 2.275 2.246 2.212 2.175 2.135 2.091 2.043 1.991 1.946 2.070
0.240 0.275 0.312 0.372 0.459 0.551 0.648 0.752 0.861 0.976 1.087 1.114 1.133 1.144 1.147 1.143 1.130 1.110 1.082 1.046 1.002 0.950 0.902 1.017 1.146 1.290 1.447 1.618 1.803 2.002 2.216 2.443 2.684 2.939 3.195 3.045 2.879 2.699 2.503 2.291 2.065 1.823 1.566 1.293 1.005 0.702 0.384 0.540 0.704 0.873 1.045 1.222 1.404 1.589 1.779 1.974 2.172 2.376 2.583 2.565 2.534 2.499 2.460 2.418 2.371 2.322 2.268 2.217 2.172 2.131 2.093 2.223
0.380 0.470 0.565 0.665 0.772 0.884 1.001 1.125 1.254 1.389 1.530 1.535 1.526 1.510 1.485 1.453 1.413 1.364 1.308 1.244 1.173 1.093 1.005 1.150 1.329 1.521 1.727 1.948 2.182 2.430 2.692 2.968 3.258 3.562 3.880 3.735 3.515 3.281 3.031 2.766 2.485 2.189 1.878 1.552 1.210 0.853 0.481 0.575 0.754 0.938 1.126 1.318 1.514 1.715 1.921 2.130 2.344 2.562 2.785 2.792 2.737 2.680 2.626 2.576 2.529 2.486 2.446 2.409 2.376 2.347 2.321 2.426
0.606 0.716 0.831 0.951 1.078 1.210 1.348 1.491 1.641 1.795 1.956 1.965 1.928 1.884 1.831 1.771 1.703 1.627 1.543 1.451 1.352 1.244 1.129 1.269 1.496 1.737 1.993 2.262 2.545 2.842 3.153 3.478 3.817 4.170 4.537 4.439 4.166 3.878 3.574 3.255 2.920 2.571 2.206 1.826 1.430 1.019 0.593 0.605 0.799 0.998 1.201 1.409 1.621 1.845 2.064 2.276 2.481 2.677 2.867 2.890 2.841 2.796 2.754 2.716 2.681 2.650 2.622 2.598 2.577 2.559 2.545 2.630
0.826 0.955 1.090 1.231 1.377 1.530 1.687 1.851 2.020 2.195 2.376 2.402 2.337 2.265 2.185 2.097 2.001 1.898 1.786 1.667 1.539 1.404 1.261 1.372 1.648 1.939 2.243 2.561 2.893 3.239 3.599 3.973 4.361 4.763 5.178 5.159 4.832 4.489 4.132 3.759 3.371 2.967 2.549 2.115 1.665 1.201 0.763 0.722 0.961 1.191 1.414 1.630 1.838 2.039 2.232 2.417 2.595 2.766 2.929 2.979 2.942 2.909 2.879 2.853 2.830 2.811 2.795 2.783 2.774 2.768 2.766 2.835
1.038 1.188 1.343 1.504 1.670 1.842 2.020 2.204 2.393 2.588 2.789 2.847 2.755 2.655 2.547 2.431 2.308 2.176 2.037 1.890 1.735 1.572 1.401 1.461 1.786 2.125 2.478 2.845 3.226 3.621 4.030 4.453 4.889 5.340 5.804 5.893 5.512 5.116 4.690 4.181 3.692 3.224 2.776 2.348 1.940 1.553 1.185 1.081 1.293 1.497 1.694 1.883 2.065 2.239 2.406 2.565 2.717 2.861 2.998 3.064 3.040 3.019 3.001 2.987 2.976 2.969 2.965 2.964 2.967 2.974 2.984 3.041
1.244 1.414 1.589 1.770 1.956 2.149 2.346 2.550 2.759 2.974 3.195 3.300 3.180 3.052 2.917 2.773 2.622 2.463 2.296 2.121 1.938 1.748 1.549 1.534 1.909 2.297 2.699 3.115 3.545 3.988 4.446 4.895 5.276 5.621 5.931 5.962 5.463 4.985 4.527 4.089 3.671 3.273 2.895 2.538 2.201 1.884 1.587 1.446 1.632 1.810 1.981 2.144 2.299 2.447 2.588 2.721 2.846 2.964 3.075 3.146 3.134 3.125 3.119 3.117 3.118 3.123 3.131 3.142 3.157 3.176 3.197 3.247
1.444 1.633 1.828 2.029 2.236 2.448 2.666 2.889 3.119 3.354 3.594 3.761 3.613 3.458 3.295 3.123 2.944 2.758 2.563 2.360 2.150 1.932 1.705 1.593 2.064 2.568 3.036 3.469 3.867 4.230 4.557 4.849 5.106 5.327 5.514 5.566 5.139 4.731 4.343 3.976 3.629 3.302 2.995 2.708 2.441 2.195 1.969 1.819 1.978 2.130 2.274 2.411 2.540 2.662 2.776 2.883 2.982 3.074 3.159 3.225 3.224 3.227 3.234 3.243 3.256 3.273 3.293 3.317 3.344 3.374 3.408 3.455
1.637 1.846 2.061 2.282 2.509 2.741 2.979 3.222 3.471 3.726 3.987 4.230 4.054 3.871 3.680 3.481 3.275 3.152 3.070 2.976 2.870 2.753 2.623 2.505 2.920 3.299 3.644 3.954 4.228 4.467 4.671 4.839 4.973 5.071 5.134 5.151 4.794 4.457 4.140 3.843 3.566 3.310 3.073 2.857 2.661 2.485 2.330 2.198 2.331 2.457 2.575 2.685 2.788 2.884 2.972 3.053 3.126 3.191 3.249 3.300 3.311 3.326 3.345 3.366 3.391 3.420 3.452 3.487 3.526 3.569 3.614 3.664
1.823 2.052 2.287 2.528 2.775 3.027 3.285 3.548 3.817 4.092 4.514 4.945 4.937 4.873 4.797 4.708 4.608 4.496 4.372 4.236 4.088 3.928 3.756 3.572 3.810 4.067 4.288 4.474 4.625 4.740 4.821 4.866 4.876 4.851 4.790 4.695 4.429 4.163 3.916 3.690 3.484 3.298 3.132 2.986 2.861 2.755 2.670 2.605 2.691 2.790 2.882 2.967 3.043 3.113 3.175 3.229 3.276 3.316 3.348 3.372 3.395 3.422 3.452 3.486 3.523 3.564 3.608 3.655 3.706 3.760 3.818 3.879
2.002 2.252 2.507 3.059 3.585 4.084 4.555 4.998 5.414 5.802 6.163 6.497 6.503 6.396 6.278 6.147 6.005 5.850 5.684 5.506 5.316 5.114 4.900 4.674 4.737 4.870 4.967 5.030 5.057 5.050 5.007 4.929 4.815 4.667 4.484 4.265 4.044 3.848 3.672 3.517 3.381 3.265 3.170 3.095 3.039 3.004 2.989 2.995 3.058 3.131 3.197 3.255 3.306 3.349 3.385 3.413 3.434 3.447 3.453 3.451 3.475 3.514 3.556 3.602 3.651 3.704 3.759 3.832 3.935 4.048 4.170 4.302
3.961 4.473 4.957 5.413 5.842 6.244 6.618 6.965 7.284 7.575 7.840 8.076 8.079 7.930 7.770 7.597 7.412 7.216 7.008 6.787 6.555 6.311 6.055 5.787 5.699 5.708 5.683 5.622 5.526 5.395 5.229 5.028 4.791 4.520 4.213 3.872 3.640 3.514 3.408 3.323 3.258 3.213 3.188 3.183 3.198 3.233 3.289 3.364 3.432 3.479 3.518 3.550 3.575 3.592 3.601 3.603 3.598 3.585 3.565 3.537 3.559 3.627 3.705 3.793 3.890 3.998 4.115 4.242 4.379 4.525 4.682 4.848
6.633 7.048 7.435 7.794 8.126 8.431 8.709 8.958 9.181 9.376 9.543 9.683 9.666 9.475 9.272 9.057 8.831 8.592 8.342 8.079 7.805 7.519 7.221 6.911 6.696 6.583 6.434 6.250 6.031 5.777 5.487 5.163 4.804 4.409 3.980 3.515 3.215 3.160 3.125 3.109 3.115 3.140 3.185 3.250 3.336 3.441 3.567 3.713 3.812 3.833 3.847 3.852 3.851 3.839 3.822 3.802 3.780 3.754 3.726 3.694 3.719 3.822 3.934 4.056 4.188 4.329 4.480 4.641 4.812 4.993 5.183 5.383
9.331 9.649 9.939 10.202 10.437 10.645 10.826 10.979 11.105 11.203 11.274 11.317 11.264 11.031 10.786 10.529 10.260 9.979 9.687 9.383 9.066 8.738 8.398 8.046 7.729 7.492 7.220 6.913 6.571 6.194 5.782 5.335 4.852 4.335 3.783 3.195 2.770 2.785 2.820 2.876 2.951 3.047 3.162 3.298 3.453 3.629 3.827 4.026 4.156 4.144 4.128 4.110 4.089 4.064 4.037 4.007 3.974 3.939 3.900 3.859 3.870 4.007 4.153 4.309 4.475 4.651 4.836 5.031 5.236 5.451 5.675 5.909
12.055 12.276 12.470 12.636 12.775 12.886 12.970 13.027 13.056 13.058 13.032 12.979 12.872 12.597 12.310 12.011 11.700 11.377 11.043 10.697 10.338 9.968 9.586 9.192 8.798 8.438 8.043 7.613 7.148 6.648 6.113 5.542 4.937 4.297 3.622 2.911 2.306 2.391 2.496 2.697 2.907 3.113 3.316 3.516 3.713 3.907 4.098 4.286 4.435 4.412 4.386 4.358 4.326 4.292 4.255 4.215 4.172 4.126 4.077 4.026 4.012 4.182 4.363 4.553 4.753 4.962 5.182 5.411 5.650 5.898 6.157 6.425
14.800 14.931 15.028 15.097 15.139 15.154 15.141 15.101 15.034 14.939 14.817 14.668 14.491 14.174 13.845 13.504 13.151 12.786 12.410 12.021 11.621 11.209 10.785 10.349 9.901 9.419 8.901 8.348 7.760 7.137 6.479 5.787 5.110 4.434 3.758 3.084 2.431 2.639 2.843 3.045 3.244 3.439 3.632 3.821 4.008 4.191 4.371 4.549 4.716 4.683 4.647 4.608 4.567 4.522 4.475 4.425 4.372 4.316 4.257 4.195 4.143 4.348 4.562 4.787 5.020 5.264 5.518 5.781 6.054 6.336 6.629 6.931
17.454 17.611 17.612 17.585 17.530 17.449 17.340 17.203 17.039 16.848 16.630 16.384 16.110 15.761 15.390 15.007 14.613 14.206 13.788 13.357 12.915 12.461 11.995 11.518 11.012 10.345 9.665 8.987 8.309 7.632 6.956 6.281 5.607 4.933 4.260 3.588 2.917 3.010 3.204 3.395 3.583 3.768 3.950 4.129 4.305 4.478 4.647 4.814 4.978 4.956 4.910 4.861 4.810 4.755 4.698 4.637 4.574 4.508 4.439 4.368 4.293 4.504 4.752 5.011 5.278 5.556 5.844 6.141 6.448 6.764 7.091 7.427
20.056 20.318 20.222 20.099 19.948 19.770 19.565 19.332 19.072 18.784 18.469 18.127 17.758 17.359 16.946 16.522 16.085 15.547 14.837 14.167 13.538 12.951 12.404 11.897 11.432 10.822 10.145 9.469 8.794 8.120 7.446 6.774 6.102 5.431 4.761 4.092 3.423 3.384 3.568 3.748 3.926 4.100 4.271 4.439 4.605 4.767 4.926 5.082 5.235 5.232 5.176 5.117 5.055 4.990 4.923 4.853 4.779 4.703 4.624 4.542 4.458 4.650 4.933 5.225 5.527 5.838 6.160 6.491 6.832 7.182 7.543 7.913
22.606 23.052 22.860 22.640 22.393 22.118 21.816 21.487 21.131 20.747 20.116 19.243 18.396 17.603 16.872 16.182 15.532 14.924 14.356 13.830 13.344 12.899 12.495 12.131 11.809 11.298 10.624 9.950 9.278 8.606 7.935 7.265 6.596 5.928 5.260 4.593 3.927 3.761 3.934 4.104 4.270 4.434 4.595 4.752 4.907 5.059 5.207 5.353 5.495 5.510 5.444 5.375 5.303 5.228 5.151 5.070 4.987 4.901 4.812 4.720 4.625 4.787 5.103 5.429 5.765 6.111 6.466 6.831 7.206 7.591 7.985 8.389
25.104 25.812 25.523 24.796 23.838 22.904 21.995 21.111 20.251 19.415 18.605 17.818 17.057 16.365 15.777 15.230 14.723 14.258 13.833 13.449 13.106 12.804 12.543 12.322 12.142 11.772 11.101 10.430 9.760 9.091 8.423 7.755 7.089 6.423 5.758 5.094 4.431 4.140 4.303 4.462 4.618 4.771 4.921 5.068 5.212 5.353 5.491 5.626 5.758 5.791 5.714 5.635 5.553 5.469 5.381 5.291 5.197 5.101 5.002 4.900 4.795 4.914 5.264 5.624 5.994 6.374 6.763 7.162 7.537 7.854 8.158 8.450
24.316 24.476 23.555 22.658 21.786 20.939 20.116 19.317 18.544 17.794 17.070 16.369 15.694 15.085 14.640 14.236 13.872 13.549 13.267 13.026 12.826 12.667 12.548 12.470 12.433 12.245 11.577 10.908 10.241 9.575 8.909 8.244 7.580 6.917 6.255 5.593 4.932 4.522 4.674 4.822 4.968 5.110 5.250 5.386 5.520 5.650 5.778 5.902 6.023 6.074 5.988 5.898 5.807 5.712 5.614 5.513 5.410 5.304 5.194 5.082 4.967 5.028 5.389 5.737 6.073 6.397 6.707 7.006 7.292 7.565 7.826 8.074
21.979 22.142 21.307 20.497 19.711 18.949 18.212 17.500 16.812 16.149 15.510 14.896 14.306 13.763 13.461 13.199 12.979 12.799 12.659 12.561 12.503 12.486 12.510 12.574 12.680 12.717 12.051 11.386 10.721 10.057 9.394 8.732 8.070 7.410 6.750 6.091 5.433 4.906 5.047 5.185 5.320 5.452 5.581 5.707 5.830 5.950 6.067 6.181 6.291 6.360 6.263 6.164 6.062 5.957 5.887 5.826 5.742 5.634 5.504 5.351 5.175 5.099 5.416 5.721 6.014 6.294 6.561 6.816 7.058 7.288 7.506 7.710
