DATA/SHG/ECMWF/20170628/EN-22/20170709.en-22.asc
ncols        190
nrows        64
xllcorner    -5100000.000000000000
yllcorner    4130000.000000000000
cellsize     10000.000000000000
NODATA_value  -99999.000
[rows 0 to 31 of 64, columns 0 to 70 of 190]
4.666 5.245 5.846 6.469 7.113 7.780 8.469 9.180 9.912 10.032 9.938 9.826 9.698 9.552 9.389 9.208 9.011 8.796 8.565 8.276 7.992 7.742 7.512 7.296 7.094 6.905 6.731 6.570 6.424 6.291 6.172 6.067 5.975 6.257 6.759 7.243 7.710 8.160 8.592 9.007 9.405 9.785 10.148 10.494 10.822 10.747 10.324 9.895 9.459 9.016 8.566 8.110 7.646 7.176 6.699 6.216 5.725 5.391 5.254 5.126 5.006 4.895 4.793 4.700 4.616 4.540 4.472 4.414 4.364 4.558 5.125
4.760 5.417 6.096 6.796 7.519 8.264 9.030 9.819 10.630 10.867 10.712 10.540 10.160 9.796 9.456 9.138 8.843 8.571 8.323 8.097 7.893 7.704 7.523 7.356 7.203 7.063 6.938 6.826 6.728 6.644 6.574 6.517 6.475 6.668 7.109 7.532 7.938 8.327 8.698 9.052 9.389 9.708 10.010 10.294 10.562 10.542 10.096 9.642 9.182 8.715 8.242 7.761 7.274 6.780 6.279 5.772 5.257 4.868 4.762 4.664 4.576 4.495 4.424 4.361 4.307 4.262 4.225 4.198 4.178 4.302 4.828
4.829 5.564 6.321 7.099 7.867 8.494 9.100 9.684 10.247 10.375 10.024 9.695 9.390 9.108 8.848 8.611 8.398 8.207 8.039 7.893 7.771 7.652 7.520 7.402 7.297 7.207 7.130 7.067 7.017 6.982 6.960 6.953 6.959 7.096 7.476 7.838 8.183 8.511 8.821 9.114 9.390 9.648 9.889 10.113 10.319 10.344 9.874 9.397 8.913 8.422 7.924 7.420 6.909 6.391 5.866 5.335 4.797 4.338 4.262 4.195 4.137 4.088 4.047 4.015 3.991 3.977 3.971 3.973 4.039 4.163 4.702
4.602 5.239 5.855 6.449 7.022 7.574 8.105 8.614 9.101 9.339 9.069 8.822 8.597 8.396 8.217 8.061 7.928 7.818 7.731 7.666 7.625 7.586 7.503 7.433 7.377 7.335 7.307 7.293 7.292 7.305 7.332 7.373 7.428 7.542 7.860 8.162 8.446 8.712 8.962 9.194 9.409 9.606 9.786 9.949 10.094 10.154 9.659 9.158 8.650 8.136 7.614 7.086 6.551 6.009 5.461 4.906 4.344 3.800 3.755 3.719 3.698 3.772 3.845 3.917 3.988 4.057 4.126 4.194 4.260 4.326 4.815
4.082 4.644 5.185 5.704 6.202 6.679 7.134 7.568 7.981 8.280 8.091 7.925 7.781 7.660 7.562 7.487 7.435 7.406 7.399 7.415 7.454 7.505 7.471 7.450 7.442 7.449 7.470 7.504 7.552 7.614 7.690 7.779 7.882 8.004 8.262 8.502 8.725 8.931 9.120 9.291 9.445 9.581 9.701 9.803 9.887 9.955 9.452 8.927 8.395 7.857 7.312 6.760 6.201 5.655 5.174 4.701 4.236 3.779 3.806 3.878 3.950 4.020 4.089 4.157 4.224 4.290 4.356 4.420 4.483 4.545 4.940
3.586 4.073 4.539 4.983 5.406 5.808 6.188 6.547 6.885 7.198 7.090 7.004 6.941 6.901 6.884 6.890 6.918 6.969 7.043 7.140 7.260 7.403 7.424 7.452 7.493 7.548 7.618 7.700 7.797 7.908 8.032 8.170 8.322 8.487 8.681 8.860 9.022 9.167 9.295 9.405 9.498 9.574 9.633 9.674 9.698 9.705 9.264 8.755 8.254 7.761 7.276 6.799 6.330 5.869 5.417 4.972 4.535 4.106 4.065 4.134 4.201 4.268 4.334 4.398 4.462 4.524 4.586 4.646 4.706 4.764 5.076
3.115 3.527 3.917 4.286 4.634 4.961 5.267 5.551 5.814 6.055 6.066 6.061 6.079 6.119 6.183 6.269 6.378 6.510 6.664 6.842 7.042 7.265 7.363 7.439 7.529 7.633 7.751 7.882 8.027 8.186 8.359 8.546 8.746 8.960 9.116 9.235 9.336 9.421 9.487 9.504 9.500 9.503 9.515 9.535 9.563 9.600 9.274 8.793 8.321 7.856 7.399 6.950 6.509 6.076 5.651 5.235 4.826 4.425 4.325 4.390 4.454 4.517 4.579 4.640 4.700 4.759 4.816 4.873 4.929 4.984 5.222
2.667 3.004 3.320 3.614 3.887 4.139 4.370 4.579 4.767 4.934 5.018 5.094 5.192 5.314 5.458 5.624 5.814 6.026 6.261 6.519 6.800 7.103 7.287 7.412 7.551 7.703 7.869 8.049 8.243 8.451 8.672 8.907 9.085 9.208 9.232 9.215 9.206 9.206 9.214 9.230 9.254 9.287 9.327 9.376 9.434 9.499 9.277 8.824 8.379 7.942 7.513 7.093 6.680 6.275 5.878 5.489 5.109 4.736 4.585 4.646 4.707 4.766 4.824 4.882 4.938 4.994 5.048 5.101 5.154 5.205 5.380
2.244 2.506 2.747 2.966 3.164 3.341 3.497 3.632 3.745 3.837 3.948 4.104 4.283 4.485 4.709 4.956 5.226 5.519 5.835 6.173 6.534 6.918 7.197 7.371 7.558 7.845 8.102 8.321 8.501 8.642 8.745 8.810 8.836 8.824 8.804 8.816 8.837 8.865 8.902 8.947 9.001 9.062 9.132 9.210 9.296 9.391 9.272 8.847 8.430 8.021 7.620 7.227 6.842 6.466 6.097 5.736 5.383 5.038 4.845 4.903 4.960 5.016 5.071 5.125 5.177 5.229 5.280 5.330 5.378 5.426 5.549
1.845 2.032 2.198 2.342 2.466 2.568 2.649 2.709 2.747 2.765 2.855 3.091 3.351 3.633 3.938 4.265 4.615 5.014 5.605 6.213 6.836 7.476 7.987 8.224 8.422 8.582 8.704 8.787 8.832 8.838 8.806 8.736 8.627 8.480 8.369 8.410 8.459 8.517 8.583 8.657 8.739 8.830 8.928 9.035 9.150 9.274 9.258 8.862 8.473 8.092 7.719 7.354 6.997 6.648 6.307 5.974 5.650 5.333 5.107 5.161 5.214 5.266 5.318 5.368 5.417 5.465 5.512 5.559 5.604 5.648 5.728
1.469 1.582 1.673 1.743 1.791 1.819 1.825 1.811 1.774 1.717 1.810 2.346 2.898 3.466 4.050 4.650 5.266 5.898 6.545 7.209 7.889 8.585 9.169 9.270 9.334 9.358 9.345 9.293 9.203 9.074 8.907 8.702 8.458 8.176 7.926 7.996 8.074 8.161 8.255 8.358 8.470 8.589 8.717 8.853 8.997 9.149 9.237 8.868 8.508 8.155 7.810 7.473 7.144 6.823 6.510 6.205 5.908 5.619 5.369 5.419 5.469 5.518 5.565 5.612 5.658 5.702 5.746 5.788 5.830 5.870 5.918
1.118 1.155 1.172 1.236 1.360 1.492 1.629 1.772 1.921 2.076 2.282 2.874 3.482 4.107 4.747 5.403 6.075 6.763 7.467 8.187 8.923 9.675 10.389 10.356 10.284 10.173 10.025 9.838 9.613 9.349 9.047 8.707 8.329 7.912 7.475 7.574 7.681 7.796 7.920 8.052 8.192 8.341 8.497 8.662 8.835 9.016 9.205 8.867 8.534 8.209 7.892 7.583 7.282 6.989 6.704 6.427 6.158 5.897 5.644 5.678 5.724 5.769 5.813 5.857 5.899 5.940 5.980 6.054 6.154 6.255 6.354
1.202 1.330 1.464 1.605 1.751 1.903 2.062 2.226 2.397 2.573 2.756 3.384 4.048 4.729 5.425 6.138 6.866 7.610 8.370 9.146 9.938 10.746 11.570 11.479 11.273 11.027 10.744 10.422 10.062 9.664 9.227 8.753 8.239 7.688 7.098 7.144 7.280 7.424 7.577 7.738 7.907 8.084 8.269 8.463 8.665 8.875 9.093 8.859 8.554 8.256 7.967 7.686 7.413 7.148 6.891 6.641 6.400 6.167 5.942 5.938 6.022 6.123 6.225 6.325 6.426 6.526 6.626 6.725 6.825 6.924 7.022
1.500 1.649 1.805 1.966 2.134 2.308 2.487 2.673 2.865 3.063 3.267 3.876 4.596 5.333 6.085 6.854 7.638 8.439 9.255 10.087 10.935 11.799 12.679 12.642 12.300 11.920 11.502 11.046 10.551 10.018 9.447 8.838 8.190 7.504 6.780 6.706 6.871 7.044 7.226 7.416 7.613 7.819 8.034 8.256 8.487 8.726 8.973 8.842 8.565 8.295 8.034 7.781 7.536 7.285 7.066 6.882 6.735 6.623 6.548 6.600 6.701 6.801 6.901 7.001 7.100 7.199 7.298 7.396 7.494 7.592 7.690
1.790 1.961 2.138 2.321 2.510 2.705 2.906 3.113 3.326 3.545 3.770 4.349 5.126 5.919 6.727 7.552 8.392 9.249 10.121 11.009 11.914 12.834 13.770 13.843 13.367 12.852 12.299 11.708 11.079 10.412 9.706 8.962 8.180 7.360 6.501 6.260 6.454 6.657 6.867 7.085 7.312 7.547 7.790 8.041 8.301 8.568 8.740 8.615 8.306 8.033 7.796 7.595 7.429 7.300 7.206 7.148 7.127 7.141 7.191 7.280 7.379 7.478 7.577 7.676 7.774 7.872 7.969 8.067 8.164 8.260 8.357
2.074 2.266 2.464 2.668 2.878 3.095 3.317 3.545 3.780 4.020 4.267 4.805 5.637 6.486 7.351 8.232 9.128 10.041 10.969 11.913 12.873 13.849 14.841 15.083 14.472 13.823 13.136 12.410 11.646 10.844 10.004 9.126 8.210 7.255 6.262 5.807 6.030 6.261 6.499 6.722 6.931 7.125 7.304 7.468 7.617 7.751 7.870 7.840 7.657 7.510 7.398 7.323 7.283 7.279 7.311 7.379 7.483 7.622 7.798 7.958 8.057 8.155 8.252 8.350 8.447 8.543 8.640 8.736 8.832 8.927 9.023
2.350 2.564 2.783 3.008 3.240 3.477 3.721 3.971 4.226 4.488 4.756 5.242 6.131 7.036 7.957 8.893 9.846 10.814 11.798 12.799 13.815 14.847 15.894 16.361 15.616 14.832 14.011 13.151 12.253 11.317 10.342 9.302 8.202 7.131 6.087 5.458 5.675 5.876 6.063 6.234 6.391 6.532 6.659 6.771 6.868 6.949 7.016 7.031 6.973 6.951 6.965 7.015 7.101 7.223 7.381 7.574 7.803 8.068 8.369 8.636 8.733 8.830 8.927 9.023 9.119 9.215 9.310 9.405 9.500 9.594 9.688
2.619 2.854 3.095 3.341 3.594 3.853 4.118 4.388 4.665 4.948 5.237 5.661 6.606 7.567 8.544 9.536 10.545 11.569 12.609 13.666 14.737 15.825 16.929 17.678 16.645 15.447 14.278 13.137 12.023 10.938 9.880 8.850 7.848 6.875 5.929 5.195 5.359 5.509 5.643 5.762 5.866 5.956 6.030 6.090 6.134 6.164 6.178 6.186 6.254 6.358 6.498 6.673 6.885 7.132 7.415 7.734 8.088 8.478 8.905 9.314 9.410 9.505 9.601 9.696 9.790 9.885 9.979 10.073 10.167 10.260 10.353
2.882 3.137 3.399 3.667 3.941 4.221 4.507 4.799 5.097 5.401 5.711 6.063 7.064 8.080 9.113 10.162 11.226 12.141 12.950 13.737 14.504 15.250 15.976 16.608 15.480 14.381 13.309 12.266 11.250 10.262 9.303 8.371 7.467 6.591 5.743 4.948 5.060 5.157 5.239 5.306 5.358 5.395 5.417 5.424 5.417 5.394 5.356 5.307 5.501 5.730 5.995 6.296 6.633 7.005 7.414 7.858 8.337 8.853 9.404 9.990 10.085 10.180 10.274 10.368 10.461 10.555 10.648 10.741 10.833 10.925 11.017
3.137 3.414 3.697 3.986 4.281 4.582 4.889 5.203 5.522 5.847 6.071 6.251 7.042 7.882 8.701 9.499 10.276 11.033 11.769 12.484 13.179 13.853 14.507 15.140 14.288 13.287 12.313 11.367 10.450 9.560 8.697 7.863 7.057 6.279 5.528 4.806 4.776 4.820 4.850 4.865 4.865 4.850 4.820 4.775 4.715 4.640 4.551 4.446 4.713 5.068 5.458 5.884 6.346 6.844 7.377 7.946 8.551 9.192 9.869 10.581 10.760 10.853 10.946 11.039 11.132 11.224 11.316 11.407 11.499 11.590 11.680
3.385 3.683 3.987 4.266 4.524 4.759 4.972 5.163 5.332 5.478 5.603 5.705 6.318 7.085 7.832 8.558 9.263 9.948 10.612 11.255 11.878 12.480 13.062 13.623 13.069 12.165 11.289 10.441 9.621 8.829 8.065 7.328 6.619 5.939 5.286 4.661 4.507 4.500 4.477 4.440 4.388 4.320 4.238 4.141 4.030 3.903 3.761 3.604 3.890 4.370 4.886 5.437 6.024 6.647 7.306 8.000 8.730 9.496 10.297 11.134 11.434 11.526 11.618 11.710 11.801 11.892 11.983 12.031 12.017 12.012 12.014
3.694 3.940 4.164 4.365 4.545 4.703 4.838 4.951 5.043 5.112 5.159 5.184 5.616 6.311 6.986 7.640 8.273 8.886 9.478 10.049 10.600 11.130 11.640 12.129 11.823 11.016 10.238 9.488 8.765 8.071 7.404 6.765 6.154 5.570 5.015 4.487 4.254 4.195 4.120 4.031 3.926 3.807 3.673 3.524 3.360 3.181 2.987 2.779 3.033 3.638 4.279 4.956 5.668 6.415 7.199 8.018 8.873 9.764 10.690 11.652 12.037 11.994 11.959 11.933 11.915 11.905 11.903 11.910 11.925 11.949 11.981
4.049 4.218 4.364 4.488 4.590 4.670 4.728 4.764 4.778 4.770 4.740 4.688 4.937 5.561 6.163 6.745 7.306 7.847 8.367 8.867 9.346 9.804 10.242 10.659 10.549 9.840 9.160 8.507 7.882 7.285 6.715 6.174 5.660 5.174 4.716 4.286 4.017 3.905 3.779 3.637 3.481 3.310 3.123 2.922 2.706 2.475 2.230 1.969 2.142 2.872 3.637 4.439 5.276 6.191 7.115 8.011 8.877 9.715 10.523 11.303 11.705 11.691 11.685 11.688 11.699 11.718 11.746 11.781 11.826 11.878 11.939
4.429 4.519 4.588 4.635 4.660 4.662 4.643 4.602 4.538 4.453 4.345 4.216 4.282 4.833 5.363 5.873 6.363 6.832 7.280 7.708 8.115 8.501 8.867 9.212 9.248 8.637 8.054 7.498 6.971 6.471 5.999 5.555 5.139 4.750 4.390 4.057 3.796 3.632 3.453 3.259 3.051 2.828 2.590 2.337 2.069 1.786 1.660 1.592 1.858 2.826 3.765 4.675 5.557 6.409 7.233 8.027 8.793 9.530 10.238 10.917 11.365 11.380 11.404 11.435 11.475 11.524 11.580 11.645 11.718 11.800 11.889
4.832 4.845 4.836 4.806 4.753 4.678 4.582 4.463 4.322 4.160 3.975 3.768 3.649 4.128 4.587 5.025 5.442 5.839 6.216 6.572 6.907 7.222 7.516 7.789 7.920 7.406 6.920 6.462 6.032 5.630 5.255 4.908 4.589 4.298 4.035 3.799 3.589 3.374 3.143 3.046 2.970 2.896 2.824 2.755 2.688 2.623 2.560 2.500 2.607 3.475 4.313 5.123 5.903 6.655 7.378 8.072 8.737 9.374 9.981 10.560 11.018 11.062 11.115 11.175 11.244 11.321 11.407 11.501 11.603 11.713 11.832
5.254 5.194 5.108 5.000 4.871 4.719 4.545 4.349 4.131 3.891 3.629 3.345 3.039 3.446 3.833 4.199 4.545 4.870 5.175 5.459 5.723 5.966 6.188 6.390 6.564 6.148 5.760 5.399 5.066 4.761 4.484 4.240 4.261 4.258 4.231 4.181 4.107 4.032 3.959 3.889 3.820 3.754 3.690 3.629 3.569 3.512 3.457 3.405 3.384 4.151 4.888 5.597 6.277 6.929 7.551 8.145 8.710 9.246 9.753 10.231 10.663 10.736 10.818 10.907 11.005 11.112 11.226 11.349 11.480 11.619 11.767
5.634 5.567 5.404 5.219 5.012 4.783 4.532 4.258 3.963 3.646 3.307 2.946 2.563 2.787 3.102 3.397 3.671 3.924 4.157 4.370 4.562 4.733 4.884 5.014 5.197 5.359 5.439 5.495 5.527 5.536 5.521 5.483 5.421 5.335 5.226 5.093 4.936 4.856 4.791 4.728 4.668 4.609 4.553 4.499 4.447 4.398 4.351 4.306 4.263 4.854 5.491 6.100 6.680 7.230 7.753 8.246 8.710 9.146 9.553 9.931 10.280 10.403 10.513 10.632 10.759 10.894 11.037 11.189 11.349 11.517 11.694
6.008 5.964 5.724 5.462 5.177 4.871 4.543 4.192 3.820 3.426 3.010 2.572 2.111 2.151 2.394 2.617 2.820 3.139 3.742 4.326 4.892 5.440 5.970 6.481 6.974 7.122 7.119 7.092 7.042 6.968 6.870 6.749 6.604 6.435 6.243 6.027 5.788 5.677 5.620 5.564 5.511 5.461 5.412 5.366 5.322 5.280 5.241 5.203 5.168 5.585 6.122 6.630 7.109 7.560 7.982 8.375 8.739 9.074 9.381 9.659 9.908 10.062 10.201 10.349 10.505 10.669 10.841 11.022 11.210 11.408 11.613
6.377 6.385 6.067 5.728 5.366 4.983 4.578 4.150 3.701 3.230 2.966 2.908 2.781 3.045 3.657 4.250 4.825 5.382 5.921 6.441 6.943 7.427 7.892 8.339 8.768 8.908 8.822 8.712 8.579 8.422 8.241 8.037 7.810 7.558 7.283 6.985 6.663 6.495 6.445 6.397 6.352 6.309 6.268 6.229 6.193 6.159 6.127 6.097 6.070 6.343 6.780 7.188 7.567 7.917 8.239 8.531 8.795 9.031 9.237 9.415 9.564 9.714 9.882 10.058 10.243 10.436 10.637 10.846 11.064 11.290 11.525
6.740 6.829 6.435 6.430 6.611 6.723 6.767 6.743 6.649 6.488 6.258 5.959 5.592 5.561 6.108 6.638 7.148 7.641 8.116 8.572 9.010 9.429 9.831 10.214 10.579 10.716 10.547 10.354 10.138 9.899 9.635 9.349 9.038 8.704 8.347 7.965 7.561 7.309 7.266 7.226 7.189 7.153 7.120 7.089 7.061 7.034 7.010 6.988 6.968 7.129 7.466 7.773 8.052 8.302 8.523 8.716 8.880 9.015 9.121 9.199 9.248 9.357 9.554 9.760 9.973 10.195 10.425 10.664 10.948 11.281 11.594
10.890 11.390 11.467 11.476 11.416 11.288 11.091 10.826 10.492 10.090 9.619 9.080 8.472 8.093 8.576 9.041 9.488 9.917 10.327 10.719 11.093 11.448 11.786 12.105 12.406 12.546 12.295 12.019 11.720 11.398 11.052 10.683 10.290 9.873 9.433 8.969 8.482 8.119 8.085 8.052 8.022 7.995 7.969 7.946 7.925 7.906 7.890 7.875 7.863 7.943 8.179 8.386 8.565 8.715 8.836 8.928 8.992 9.027 9.034 9.011 8.960 9.091 9.496 9.881 10.245 10.589 10.912 11.215 11.497 11.759 12.000
17.094 16.986 16.822 16.590 16.290 15.921 15.484 14.978 14.404 13.761 13.050 12.271 11.423 10.641 11.060 11.461 11.844 12.208 12.554 12.882 13.192 13.484 13.757 14.013 14.250 14.399 14.064 13.706 13.325 12.920 12.491 12.039 11.564 11.065 10.542 9.996 9.426 8.926 8.900 8.875 8.853 8.833 8.815 8.799 8.786 8.775 8.766 8.759 8.755 8.783 8.919 9.027 9.105 9.155 9.309 9.524 9.703 9.848 9.958 10.033 10.073 10.159 10.493 10.806 11.099 11.371 11.623 11.854 12.065 12.255 12.425
