DATA/SHG/ECMWF/20170628/EN-22/20170705.en-22.asc
ncols        190
nrows        64
xllcorner    -5100000.000000000000
yllcorner    4130000.000000000000
cellsize     10000.000000000000
NODATA_value  -99999.000
[rows 0 to 31 of 64, columns 72 to 143 of 190]
3.838 4.194 4.559 4.934 5.319 5.714 6.118 6.532 6.956 7.245 7.164 7.067 6.977 6.894 6.818 6.749 6.687 6.633 6.585 6.544 6.511 6.564 6.865 7.143 7.404 7.647 7.873 8.082 8.273 8.448 8.605 8.745 8.868 8.948 8.943 8.939 8.937 8.938 8.940 8.945 8.951 8.960 8.970 8.983 8.997 9.067 9.295 9.508 9.708 9.893 10.064 10.221 10.364 10.492 10.607 10.707 10.793 10.788 10.552 10.322 10.099 9.881 9.670 9.464 9.265 9.071 8.884 8.702 8.527 8.302 7.929 7.561
4.180 4.570 4.969 5.416 5.847 6.248 6.619 6.960 7.271 7.489 7.410 7.337 7.272 7.214 7.162 7.118 7.081 7.051 7.028 7.012 7.004 7.027 7.252 7.452 7.636 7.802 7.951 8.083 8.197 8.295 8.375 8.438 8.484 8.510 8.514 8.519 8.527 8.536 8.548 8.561 8.577 8.594 8.614 8.636 8.659 8.703 8.868 9.018 9.155 9.277 9.385 9.479 9.559 9.624 9.676 9.713 9.736 9.716 9.507 9.304 9.108 8.917 8.732 8.554 8.381 8.215 8.054 7.900 7.751 7.576 7.227 6.883
5.052 5.468 5.854 6.210 6.535 6.831 7.097 7.333 7.538 7.703 7.648 7.601 7.560 7.526 7.500 7.480 7.468 7.463 7.464 7.473 7.489 7.512 7.657 7.781 7.887 7.976 8.048 8.103 8.141 8.161 8.164 8.151 8.119 8.071 8.083 8.098 8.114 8.133 8.154 8.176 8.201 8.228 8.256 8.287 8.320 8.355 8.457 8.544 8.617 8.677 8.722 8.753 8.769 8.772 8.761 8.735 8.696 8.639 8.457 8.281 8.112 7.948 7.790 7.639 7.493 7.354 7.220 7.092 6.971 6.910 6.723 6.550
6.189 6.500 6.780 7.031 7.251 7.442 7.602 7.733 7.833 7.903 7.880 7.857 7.841 7.832 7.830 7.836 7.848 7.867 7.894 7.927 7.968 8.015 8.081 8.128 8.157 8.170 8.165 8.143 8.103 8.047 7.973 7.883 7.775 7.649 7.651 7.675 7.700 7.728 7.758 7.790 7.823 7.859 7.897 7.937 7.978 8.022 8.061 8.085 8.096 8.092 8.074 8.042 7.996 7.936 7.862 7.774 7.671 7.555 7.403 7.254 7.190 7.202 7.216 7.232 7.249 7.267 7.287 7.308 7.330 7.354 7.239 7.126
7.353 7.558 7.733 7.878 7.994 8.079 8.134 8.160 8.155 8.120 8.105 8.107 8.116 8.131 8.154 8.184 8.221 8.265 8.316 8.374 8.439 8.511 8.524 8.494 8.447 8.382 8.300 8.201 8.085 7.952 7.802 7.634 7.449 7.247 7.217 7.250 7.285 7.322 7.360 7.401 7.444 7.489 7.536 7.585 7.636 7.688 7.681 7.642 7.590 7.523 7.443 7.389 7.376 7.376 7.389 7.415 7.455 7.508 7.533 7.549 7.566 7.585 7.605 7.627 7.650 7.675 7.701 7.728 7.757 7.788 7.740 7.688
8.543 8.643 8.713 8.753 8.763 8.743 8.694 8.614 8.504 8.365 8.324 8.350 8.383 8.423 8.471 8.525 8.587 8.655 8.731 8.814 8.903 9.000 8.986 8.879 8.755 8.613 8.455 8.279 8.086 7.876 7.649 7.405 7.143 6.865 6.782 6.824 6.868 6.913 6.961 7.011 7.063 7.117 7.170 7.223 7.278 7.336 7.336 7.315 7.308 7.314 7.334 7.367 7.413 7.472 7.544 7.630 7.729 7.841 7.894 7.917 7.940 7.966 7.992 8.020 8.050 8.081 8.113 8.147 8.182 8.219 8.227 8.235
9.759 9.754 9.719 9.654 9.559 9.435 9.280 9.095 8.881 8.636 8.535 8.586 8.644 8.709 8.781 8.860 8.946 9.039 9.139 9.246 9.361 9.482 9.466 9.283 9.082 8.863 8.628 8.376 8.106 7.820 7.516 7.195 6.857 6.493 6.334 6.378 6.425 6.475 6.526 6.580 6.637 6.696 6.757 6.821 6.887 6.956 7.004 7.042 7.095 7.160 7.238 7.330 7.435 7.554 7.686 7.830 7.989 8.160 8.254 8.283 8.313 8.344 8.377 8.412 8.448 8.485 8.524 8.564 8.605 8.648 8.700 8.769
11.002 10.892 10.752 10.582 10.382 10.153 9.893 9.604 9.284 8.935 8.740 8.815 8.898 8.987 9.084 9.187 9.298 9.416 9.540 9.672 9.811 9.957 9.966 9.705 9.337 8.937 8.545 8.160 7.783 7.414 7.053 6.699 6.354 6.016 5.833 5.888 5.946 6.006 6.069 6.133 6.201 6.271 6.343 6.417 6.494 6.573 6.658 6.756 6.867 6.991 7.129 7.280 7.445 7.622 7.813 8.017 8.234 8.465 8.612 8.647 8.683 8.721 8.760 8.801 8.843 8.887 8.932 8.978 9.026 9.075 9.159 9.288
12.271 12.056 11.812 11.537 11.232 10.898 10.533 10.139 9.715 9.261 8.938 9.038 9.145 9.259 9.380 9.508 9.609 9.578 9.543 9.504 9.460 9.412 9.292 8.911 8.538 8.173 7.815 7.465 7.124 6.789 6.463 6.145 5.834 5.531 5.330 5.396 5.465 5.536 5.609 5.685 5.763 5.843 5.926 6.011 6.099 6.189 6.298 6.455 6.626 6.809 7.006 7.216 7.440 7.676 7.926 8.189 8.465 8.755 8.967 9.009 9.051 9.096 9.141 9.188 9.237 9.287 9.338 9.391 9.445 9.501 9.603 9.792
13.567 13.247 12.898 12.518 12.109 11.670 11.201 10.702 10.173 9.567 8.955 8.935 8.911 8.883 8.850 8.813 8.772 8.726 8.676 8.622 8.563 8.500 8.416 8.070 7.731 7.401 7.078 6.763 6.456 6.157 5.866 5.582 5.306 5.038 4.825 4.902 4.981 5.063 5.147 5.234 5.323 5.414 5.507 5.603 5.702 5.803 5.925 6.141 6.371 6.613 6.869 7.138 7.421 7.716 8.025 8.347 8.683 9.031 9.321 9.369 9.418 9.468 9.520 9.574 9.628 9.685 9.742 9.801 9.862 9.924 10.034 10.283
14.889 14.465 13.882 13.138 12.404 11.679 10.964 10.259 9.564 8.879 8.212 8.177 8.138 8.095 8.047 7.995 7.939 7.879 7.814 7.745 7.671 7.593 7.525 7.220 6.917 6.621 6.334 6.054 5.781 5.517 5.261 5.012 4.771 4.538 4.319 4.406 4.496 4.589 4.684 4.781 4.880 4.982 5.087 5.194 5.303 5.414 5.538 5.813 6.102 6.404 6.719 7.047 7.388 7.743 8.110 8.491 8.886 9.293 9.673 9.727 9.782 9.839 9.897 9.957 10.018 10.081 10.144 10.210 10.277 10.345 10.450 10.759
14.395 13.665 12.945 12.236 11.536 10.845 10.165 9.495 8.834 8.184 7.543 7.425 7.371 7.312 7.250 7.183 7.112 7.036 6.957 6.873 6.784 6.692 6.609 6.364 6.095 5.834 5.581 5.336 5.099 4.869 4.648 4.434 4.228 4.029 3.839 3.908 4.009 4.112 4.218 4.326 4.436 4.549 4.664 4.782 4.902 5.024 5.149 5.472 5.820 6.180 6.554 6.941 7.341 7.755 8.182 8.622 9.075 9.541 10.021 10.083 10.145 10.208 10.272 10.338 10.406 10.474 10.545 10.616 10.689 10.745 10.801 11.218
13.381 12.686 12.001 11.325 10.660 10.004 9.358 8.722 8.096 7.480 6.873 6.677 6.608 6.535 6.457 6.376 6.290 6.199 6.105 6.006 5.903 5.795 5.697 5.499 5.265 5.040 4.821 4.611 4.409 4.214 4.027 3.848 3.676 3.513 3.357 3.409 3.520 3.634 3.750 3.869 3.990 4.114 4.239 4.368 4.498 4.631 4.767 5.117 5.523 5.943 6.376 6.822 7.281 7.753 8.239 8.738 9.250 9.775 10.313 10.437 10.466 10.458 10.462 10.476 10.501 10.537 10.583 10.641 10.709 10.788 10.877 11.612
12.360 11.699 11.048 10.407 9.776 9.155 8.543 7.942 7.350 6.768 6.196 5.934 5.850 5.762 5.670 5.573 5.473 5.367 5.258 5.144 5.026 4.904 4.791 4.627 4.428 4.237 4.054 3.878 3.711 3.551 3.399 3.254 3.118 2.989 2.868 2.907 3.029 3.154 3.281 3.410 3.542 3.676 3.813 3.952 4.093 4.237 4.383 4.748 5.214 5.692 6.184 6.680 7.164 7.641 8.110 8.573 9.029 9.477 9.918 10.036 10.066 10.107 10.158 10.220 10.293 10.377 10.471 10.577 10.693 10.819 10.957 11.924
11.331 10.705 10.088 9.482 8.885 8.298 7.721 7.154 6.596 6.049 5.511 5.196 5.097 4.995 4.887 4.776 4.660 4.540 4.416 4.288 4.155 4.018 3.890 3.748 3.584 3.427 3.279 3.138 3.005 2.880 2.762 2.653 2.551 2.457 2.370 2.403 2.536 2.671 2.809 2.949 3.092 3.237 3.407 3.596 3.780 3.959 4.134 4.492 4.973 5.447 5.914 6.373 6.826 7.272 7.710 8.141 8.565 8.982 9.392 9.578 9.656 9.745 9.844 9.954 10.075 10.207 10.349 10.502 10.666 10.841 11.026 12.154
10.294 9.702 9.120 8.548 7.986 7.433 6.890 6.357 5.834 5.321 4.818 4.463 4.350 4.232 4.110 3.984 3.853 3.719 3.580 3.436 3.289 3.137 2.994 2.861 2.732 2.610 2.496 2.390 2.292 2.201 2.119 2.044 1.977 1.959 1.979 2.075 2.277 2.473 2.665 2.852 3.034 3.211 3.383 3.551 3.714 3.872 4.025 4.319 4.769 5.212 5.647 6.075 6.496 6.910 7.317 7.717 8.110 8.496 8.874 9.110 9.236 9.372 9.519 9.677 9.846 10.025 10.216 10.417 10.628 10.851 11.084 12.304
9.250 8.692 8.145 7.607 7.079 6.560 6.052 5.553 5.064 4.585 4.116 3.735 3.607 3.474 3.338 3.197 3.051 2.902 2.748 2.590 2.427 2.261 2.103 1.966 1.939 1.965 1.989 2.013 2.035 2.056 2.075 2.094 2.111 2.128 2.143 2.206 2.386 2.561 2.732 2.897 3.058 3.214 3.365 3.511 3.653 3.789 3.921 4.155 4.573 4.984 5.388 5.785 6.174 6.557 6.933 7.301 7.662 8.017 8.364 8.631 8.805 8.989 9.184 9.390 9.606 9.834 10.072 10.321 10.580 10.850 11.131 12.372
8.198 7.675 7.161 6.658 6.164 5.680 5.206 4.741 4.287 3.842 3.407 3.012 2.869 2.722 2.570 2.414 2.266 2.264 2.256 2.244 2.225 2.202 2.169 2.134 2.156 2.176 2.195 2.214 2.230 2.246 2.261 2.274 2.287 2.298 2.308 2.342 2.501 2.655 2.804 2.948 3.087 3.222 3.352 3.477 3.597 3.712 3.823 3.997 4.384 4.764 5.136 5.502 5.860 6.211 6.556 6.893 7.223 7.546 7.862 8.142 8.363 8.596 8.838 9.092 9.356 9.631 9.917 10.214 10.521 10.839 11.168 12.360
7.138 6.649 6.170 5.701 5.241 4.792 4.352 3.922 3.501 3.117 2.875 2.658 2.659 2.659 2.654 2.644 2.628 2.607 2.581 2.550 2.513 2.471 2.419 2.359 2.373 2.389 2.403 2.416 2.427 2.438 2.447 2.456 2.463 2.469 2.473 2.484 2.621 2.753 2.881 3.004 3.122 3.235 3.344 3.447 3.546 3.640 3.730 3.848 4.203 4.551 4.893 5.227 5.554 5.874 6.187 6.492 6.791 7.083 7.367 7.642 7.912 8.191 8.482 8.783 9.096 9.418 9.752 10.096 10.451 10.817 11.193 12.266
6.071 5.616 5.198 4.869 4.565 4.286 4.031 3.801 3.596 3.416 3.260 3.128 3.099 3.081 3.058 3.029 2.995 2.955 2.910 2.860 2.805 2.744 2.674 2.595 2.592 2.602 2.611 2.619 2.625 2.631 2.635 2.638 2.640 2.640 2.640 2.638 2.746 2.857 2.963 3.065 3.162 3.254 3.341 3.423 3.501 3.574 3.642 3.706 4.030 4.347 4.657 4.959 5.255 5.544 5.825 6.100 6.367 6.628 6.881 7.132 7.449 7.777 8.115 8.464 8.824 9.195 9.576 9.968 10.371 10.784 11.208 12.092
5.432 5.140 4.873 4.630 4.412 4.218 4.050 3.906 3.786 3.692 3.622 3.576 3.545 3.508 3.466 3.418 3.365 3.307 3.244 3.175 3.101 3.021 2.932 2.835 2.812 2.817 2.820 2.823 2.824 2.824 2.823 2.821 2.818 2.813 2.808 2.801 2.876 2.965 3.050 3.131 3.206 3.277 3.343 3.404 3.460 3.512 3.559 3.601 3.864 4.150 4.428 4.700 4.964 5.222 5.472 5.715 5.951 6.180 6.402 6.617 6.977 7.352 7.738 8.135 8.542 8.960 9.389 9.829 10.279 10.740 11.226 11.851
4.912 4.706 4.524 4.368 4.236 4.128 4.045 3.987 3.953 3.945 3.960 4.001 3.994 3.939 3.878 3.812 3.740 3.664 3.582 3.494 3.402 3.304 3.196 3.080 3.032 3.032 3.030 3.028 3.024 3.019 3.013 3.006 2.997 2.987 2.977 2.965 3.010 3.079 3.143 3.202 3.256 3.306 3.350 3.390 3.425 3.456 3.481 3.502 3.706 3.960 4.208 4.448 4.681 4.907 5.126 5.338 5.543 5.741 5.931 6.115 6.493 7.011 7.646 8.248 8.817 9.354 9.858 10.329 10.767 11.173 11.545 11.885
4.369 4.249 4.154 4.083 4.036 4.015 4.018 4.045 4.098 4.174 4.276 4.402 4.448 4.374 4.294 4.210 4.120 4.024 3.924 3.818 3.707 3.590 3.464 3.329 3.254 3.248 3.242 3.234 3.225 3.215 3.203 3.191 3.177 3.163 3.147 3.129 3.150 3.198 3.240 3.278 3.311 3.339 3.363 3.381 3.395 3.404 3.409 3.408 3.556 3.779 3.995 4.204 4.461 4.822 5.212 5.631 6.078 6.555 7.061 7.596 8.148 8.670 9.160 9.617 10.041 10.432 10.790 11.116 11.409 11.669 11.896 12.091
3.804 3.770 3.760 3.775 3.815 3.879 3.968 4.081 4.219 4.381 4.568 4.780 4.906 4.813 4.715 4.612 4.503 4.390 4.270 4.146 4.016 3.881 3.736 3.582 3.477 3.466 3.454 3.441 3.427 3.412 3.395 3.377 3.359 3.339 3.318 3.295 3.295 3.321 3.343 3.359 3.371 3.378 3.380 3.424 3.516 3.576 3.604 3.598 3.771 4.145 4.547 4.979 5.439 5.929 6.447 6.995 7.571 8.177 8.811 9.475 9.984 10.361 10.705 11.017 11.295 11.541 11.755 11.935 12.083 12.198 12.280 12.329
3.217 3.269 3.345 3.445 3.570 3.720 3.894 4.093 4.317 4.565 4.838 5.135 5.368 5.257 5.140 5.019 4.891 4.759 4.621 4.478 4.330 4.176 4.013 3.840 3.700 3.684 3.667 3.649 3.630 3.609 3.588 3.565 3.541 3.516 3.570 3.762 3.965 4.141 4.284 4.395 4.473 4.519 4.532 4.512 4.460 4.375 4.258 4.108 4.204 4.706 5.237 5.797 6.386 7.004 7.651 8.327 9.032 9.766 10.529 11.321 11.851 12.083 12.282 12.448 12.582 12.683 12.751 12.786 12.788 12.758 12.695 12.599
2.607 2.745 2.906 3.092 3.303 3.539 3.799 4.083 4.392 4.726 5.084 5.467 5.835 5.705 5.570 5.430 5.284 5.133 4.977 4.815 4.648 4.476 4.294 4.102 3.925 3.956 4.078 4.216 4.369 4.538 4.722 4.921 5.135 5.365 5.610 5.871 6.100 6.131 6.130 6.096 6.029 5.930 5.798 5.634 5.437 5.208 4.946 4.651 4.605 5.236 5.895 6.584 7.301 8.048 8.823 9.627 10.461 11.323 12.214 13.134 13.750 13.836 13.890 13.911 13.900 13.855 13.778 13.668 13.526 13.351 13.143 12.902
2.011 2.198 2.445 2.717 3.014 3.334 3.680 4.050 4.444 4.864 5.307 5.775 6.268 6.157 6.004 5.845 5.681 5.512 5.371 5.267 5.199 5.169 5.158 5.162 5.195 5.367 5.557 5.763 5.984 6.220 6.472 6.739 7.021 7.318 7.631 7.959 8.268 8.155 8.009 7.830 7.619 7.375 7.098 6.790 6.448 6.074 5.668 5.229 4.975 5.734 6.522 7.339 8.185 9.059 9.963 10.896 11.857 12.848 13.867 14.916 15.680 15.621 15.530 15.406 15.249 15.060 14.838 14.583 14.295 13.975 13.622 13.237
1.443 1.629 1.962 2.319 2.701 3.108 3.539 3.994 4.474 4.978 5.496 5.973 6.438 6.366 6.205 6.082 5.995 5.944 5.931 5.955 6.015 6.112 6.230 6.363 6.525 6.759 7.017 7.291 7.579 7.883 8.203 8.537 8.887 9.252 9.633 10.029 10.440 10.211 9.920 9.597 9.241 8.853 8.432 7.978 7.493 6.974 6.423 5.840 5.314 6.201 7.117 8.062 9.036 10.039 11.071 12.132 13.222 14.341 15.488 16.665 17.640 17.437 17.200 16.931 16.630 16.296 15.929 15.529 15.097 14.632 14.134 13.604
0.881 1.038 1.456 1.922 2.442 2.950 3.446 3.930 4.401 4.861 5.308 5.743 6.165 6.253 6.220 6.224 6.265 6.343 6.457 6.608 6.796 7.021 7.267 7.529 7.820 8.132 8.458 8.799 9.156 9.527 9.914 10.317 10.734 11.167 11.615 12.078 12.557 12.300 11.865 11.397 10.897 10.364 9.799 9.201 8.571 7.908 7.213 6.485 5.725 6.636 7.681 8.754 9.857 10.988 12.148 13.337 14.555 15.801 17.077 18.382 19.632 19.283 18.902 18.488 18.042 17.563 17.051 16.507 15.930 15.320 14.678 14.003
0.878 1.048 1.550 2.040 2.518 2.984 3.438 3.879 4.309 4.726 5.131 5.524 5.904 6.107 6.202 6.333 6.502 6.707 6.949 7.228 7.543 7.896 8.270 8.661 9.081 9.486 9.880 10.289 10.713 11.152 11.607 12.076 12.562 13.062 13.578 14.109 14.655 14.422 13.842 13.230 12.585 11.908 11.199 10.457 9.682 8.875 8.036 7.164 6.259 7.041 8.213 9.415 10.645 11.904 13.193 14.510 15.855 17.230 18.634 20.066 21.528 21.161 20.635 20.077 19.486 18.862 18.206 17.517 16.795 16.041 15.254 14.434
1.220 1.262 1.722 2.170 2.606 3.029 3.441 3.840 4.227 4.602 4.965 5.316 5.654 5.927 6.149 6.409 6.705 7.038 7.407 7.814 8.257 8.736 9.239 9.759 10.308 10.821 11.282 11.759 12.251 12.758 13.280 13.817 14.370 14.938 15.521 16.120 16.733 16.576 15.852 15.096 14.307 13.486 12.632 11.746 10.827 9.876 8.892 7.876 6.828 7.414 8.715 10.044 11.402 12.790 14.206 15.651 17.124 18.627 20.158 21.719 23.308 23.070 22.400 21.583 20.551 19.542 18.558 17.599 16.663 15.752 14.866 14.004
1.568 1.487 1.905 2.311 2.704 3.086 3.455 3.812 4.157 4.490 4.811 5.119 5.416 5.714 6.064 6.451 6.874 7.335 7.832 8.365 8.936 9.543 10.174 10.822 11.500 12.138 12.666 13.210 13.769 14.344 14.934 15.539 16.159 16.794 17.445 18.111 18.792 18.764 17.895 16.995 16.062 15.096 14.098 13.068 12.005 10.910 9.783 8.623 7.430 7.756 9.184 10.642 12.128 13.643 15.165 16.592 17.940 19.209 20.399 21.510 22.542 22.128 21.154 20.205 19.279 18.379 17.502 16.650 15.822 15.019 14.240 13.485
