DATA/SHG/ECMWF/20170628/EN-22/20170702.en-22.asc
ncols        190
nrows        64
xllcorner    -5100000.000000000000
yllcorner    4130000.000000000000
cellsize     10000.000000000000
NODATA_value  -99999.000
[rows 0 to 32 of 64, columns 0 to 73 of 190]
6.254 6.546 6.816 7.062 7.286 7.486 7.663 7.817 7.947 7.776 7.507 7.228 6.941 6.645 6.341 6.028 5.707 5.377 5.038 4.765 4.510 4.674 5.038 5.407 5.779 6.155 6.535 6.919 7.307 7.699 8.095 8.495 8.899 9.173 9.345 9.495 9.625 9.734 9.822 9.890 9.936 9.962 9.966 9.950 9.913 9.620 9.118 8.621 8.130 7.644 7.163 6.687 6.216 5.750 5.290 4.835 4.385 4.193 4.301 4.408 4.513 4.616 4.716 4.815 4.912 5.006 5.099 5.189 5.278 5.320 5.284 5.239 5.186 5.125
6.443 6.654 6.842 7.007 7.148 7.266 7.362 7.434 7.483 7.317 7.017 6.708 6.476 6.241 6.000 5.753 5.501 5.242 4.977 4.707 4.431 4.502 4.881 5.263 5.649 6.040 6.434 6.832 7.234 7.640 8.050 8.464 8.882 9.160 9.258 9.335 9.392 9.428 9.442 9.436 9.409 9.362 9.293 9.204 9.094 8.825 8.342 7.863 7.390 6.922 6.459 6.002 5.549 5.102 4.659 4.222 3.790 3.533 3.635 3.735 3.832 3.928 4.022 4.114 4.203 4.291 4.377 4.461 4.542 4.588 4.522 4.449 4.367 4.278
6.659 6.788 6.894 6.976 7.042 7.123 7.205 7.286 7.366 7.303 7.065 6.820 6.570 6.314 6.052 5.785 5.511 5.232 4.947 4.656 4.359 4.326 4.719 5.115 5.515 5.920 6.328 6.740 7.156 7.577 8.001 8.429 8.861 9.168 9.193 9.197 9.180 9.143 9.084 9.005 8.905 8.784 8.642 8.479 8.296 8.027 7.562 7.102 6.647 6.197 5.752 5.312 4.878 4.449 4.025 3.606 3.192 2.876 2.971 3.064 3.155 3.244 3.331 3.415 3.498 3.579 3.658 3.735 3.944 4.149 4.205 4.253 4.294 4.328
6.842 6.923 7.004 7.085 7.166 7.247 7.328 7.408 7.488 7.465 7.206 6.941 6.670 6.394 6.111 5.823 5.528 5.228 4.922 4.610 4.293 4.146 4.553 4.963 5.378 5.796 6.218 6.645 7.075 7.509 7.947 8.389 8.835 9.198 9.150 9.080 8.990 8.879 8.748 8.595 8.422 8.228 8.013 7.777 7.521 7.225 6.778 6.336 5.899 5.467 5.041 4.619 4.203 3.792 3.386 2.985 2.590 2.222 2.310 2.396 2.489 2.694 2.903 3.116 3.334 3.556 3.782 4.013 4.248 4.487 4.521 4.544 4.560 4.568
6.968 7.049 7.130 7.210 7.290 7.371 7.451 7.531 7.610 7.634 7.354 7.068 6.776 6.479 6.176 5.867 5.552 5.231 4.904 4.572 4.233 3.962 4.383 4.807 5.236 5.668 6.105 6.545 6.989 7.437 7.889 8.345 8.805 9.249 9.128 8.985 8.822 8.638 8.433 8.207 7.961 7.694 7.406 7.097 6.768 6.417 5.990 5.566 5.148 4.734 4.326 3.922 3.524 3.155 2.871 2.596 2.330 2.074 2.240 2.451 2.667 2.887 3.111 3.340 3.573 3.810 4.051 4.297 4.547 4.802 4.844 4.842 4.832 4.815
7.095 7.175 7.255 7.335 7.415 7.494 7.574 7.653 7.732 7.808 7.508 7.201 6.889 6.571 6.247 5.917 5.581 5.240 4.892 4.539 4.180 3.815 4.209 4.647 5.090 5.536 5.987 6.441 6.899 7.361 7.827 8.297 8.771 9.249 9.127 8.911 8.675 8.418 8.140 7.841 7.522 7.182 6.821 6.439 6.036 5.613 5.234 4.918 4.611 4.313 4.025 3.746 3.475 3.214 2.962 2.719 2.485 2.260 2.383 2.609 2.840 3.075 3.315 3.559 3.807 4.059 4.316 4.577 4.842 5.112 5.173 5.146 5.111 5.068
7.221 7.301 7.380 7.459 7.539 7.618 7.697 7.775 7.854 7.932 7.668 7.341 7.008 6.669 6.324 5.973 5.617 5.255 4.887 4.513 4.133 3.748 4.031 4.483 4.940 5.400 5.865 6.333 6.805 7.281 7.761 8.245 8.733 9.225 9.148 8.859 8.550 8.219 7.868 7.479 7.084 6.706 6.344 5.998 5.669 5.356 5.061 4.777 4.502 4.236 3.979 3.732 3.493 3.264 3.043 2.832 2.630 2.437 2.521 2.763 3.009 3.259 3.514 3.773 4.036 4.304 4.576 4.852 5.132 5.417 5.509 5.456 5.396 5.328
7.347 7.426 7.505 7.584 7.663 7.741 7.820 7.898 7.976 8.054 7.834 7.486 7.133 6.773 6.408 6.036 5.659 5.276 4.888 4.493 4.093 3.687 3.849 4.315 4.786 5.260 5.739 6.221 6.707 7.197 7.691 8.189 8.598 8.963 8.843 8.424 8.022 7.636 7.266 6.913 6.575 6.254 5.949 5.660 5.388 5.131 4.879 4.627 4.384 4.150 3.925 3.709 3.502 3.305 3.116 2.937 2.766 2.605 2.655 2.912 3.173 3.439 3.709 3.983 4.261 4.544 4.831 5.122 5.418 5.718 5.851 5.773 5.687 5.594
7.474 7.552 7.630 7.709 7.787 7.865 7.942 8.020 8.097 8.175 8.007 7.638 7.264 6.883 6.497 6.105 5.708 5.304 4.895 4.480 4.059 3.632 3.663 4.143 4.628 5.063 5.480 5.882 6.269 6.642 7.000 7.343 7.671 7.985 7.976 7.614 7.269 6.940 6.627 6.331 6.050 5.786 5.538 5.306 5.091 4.891 4.688 4.468 4.257 4.055 3.862 3.678 3.503 3.337 3.180 3.032 2.893 2.764 2.785 3.057 3.333 3.614 3.899 4.188 4.482 4.779 5.082 5.388 5.699 6.014 6.200 6.096 5.985 5.867
7.600 7.678 7.756 7.833 7.911 7.988 8.065 8.142 8.219 8.296 8.185 7.796 7.401 7.000 6.593 6.181 5.762 5.330 4.846 4.372 3.911 3.460 3.330 3.740 4.135 4.515 4.880 5.230 5.566 5.887 6.193 6.485 6.761 7.023 7.093 6.789 6.501 6.229 5.973 5.733 5.510 5.303 5.112 4.937 4.778 4.636 4.489 4.301 4.121 3.951 3.790 3.637 3.494 3.360 3.235 3.119 3.012 2.914 2.910 3.197 3.488 3.784 4.084 4.389 4.697 5.010 5.328 5.649 5.975 6.306 6.554 6.425 6.289 6.145
7.726 7.803 7.881 7.958 8.035 8.112 8.188 8.265 8.341 8.417 8.329 7.805 7.292 6.790 6.300 5.821 5.354 4.898 4.454 4.021 3.599 3.189 2.954 3.311 3.654 3.983 4.296 4.595 4.879 5.148 5.403 5.643 5.868 6.078 6.196 5.948 5.717 5.502 5.303 5.120 4.954 4.804 4.669 4.551 4.450 4.364 4.281 4.125 3.977 3.838 3.709 3.588 3.477 3.374 3.281 3.196 3.121 3.055 3.030 3.333 3.639 3.950 4.265 4.585 4.909 5.237 5.569 5.906 6.247 6.593 6.916 6.761 6.600 6.431
7.852 7.929 8.006 8.022 7.981 7.936 7.887 7.833 7.776 7.714 7.604 7.120 6.647 6.186 5.736 5.298 4.871 4.455 4.051 3.658 3.276 2.906 2.593 2.899 3.190 3.467 3.729 3.976 4.208 4.426 4.629 4.817 4.991 5.149 5.283 5.092 4.918 4.760 4.618 4.492 4.382 4.289 4.212 4.150 4.105 4.077 4.064 3.940 3.824 3.717 3.619 3.530 3.450 3.379 3.318 3.265 3.221 3.187 3.161 3.464 3.786 4.112 4.442 4.777 5.116 5.459 5.806 6.194 6.605 7.013 7.417 7.346 7.236 7.127
7.467 7.424 7.377 7.326 7.270 7.211 7.147 7.079 7.008 6.932 6.852 6.424 5.992 5.571 5.161 4.763 4.376 4.000 3.636 3.283 2.942 2.612 2.294 2.503 2.742 2.967 3.178 3.373 3.554 3.720 3.871 4.008 4.130 4.237 4.329 4.221 4.104 4.002 3.917 3.848 3.795 3.759 3.738 3.734 3.745 3.773 3.817 3.746 3.662 3.586 3.520 3.463 3.415 3.376 3.346 3.325 3.313 3.309 3.316 3.591 3.992 4.417 4.838 5.256 5.669 6.079 6.485 6.887 7.285 7.679 8.069 8.067 7.961 7.855
6.819 6.762 6.700 6.634 6.565 6.491 6.413 6.331 6.245 6.154 6.060 5.717 5.325 4.944 4.574 4.216 3.869 3.534 3.210 2.897 2.596 2.306 2.028 2.122 2.310 2.484 2.642 2.786 2.916 3.030 3.130 3.215 3.285 3.341 3.382 3.334 3.274 3.229 3.201 3.189 3.193 3.213 3.249 3.301 3.370 3.454 3.555 3.544 3.491 3.447 3.413 3.387 3.371 3.474 3.596 3.714 3.828 3.939 4.047 4.367 4.782 5.194 5.601 6.005 6.405 6.801 7.194 7.582 7.967 8.347 8.724 8.786 8.683 8.582
6.176 6.105 6.029 5.949 5.865 5.777 5.684 5.588 5.487 5.383 5.274 4.999 4.647 4.306 3.977 3.658 3.352 3.056 2.773 2.500 2.239 1.989 1.751 1.758 1.894 2.016 2.123 2.216 2.293 2.356 2.405 2.438 2.457 2.462 2.451 2.433 2.429 2.441 2.469 2.514 2.575 2.651 2.744 2.853 2.978 3.120 3.451 3.670 3.800 3.926 4.049 4.168 4.284 4.397 4.506 4.612 4.715 4.814 4.909 5.173 5.575 5.973 6.367 6.757 7.144 7.526 7.905 8.280 8.651 9.018 9.382 9.502 9.404 9.306
5.539 5.453 5.363 5.269 5.170 5.068 4.961 4.851 4.736 4.617 4.494 4.270 3.958 3.657 3.367 3.089 2.823 2.568 2.324 2.091 1.870 1.660 1.462 1.409 1.494 1.565 1.620 1.661 1.688 1.699 1.696 1.678 1.646 1.598 1.537 1.516 1.568 1.637 1.754 2.068 2.388 2.712 3.042 3.377 3.718 4.063 4.414 4.667 4.785 4.899 5.010 5.117 5.221 5.322 5.419 5.513 5.603 5.690 5.773 5.982 6.370 6.755 7.135 7.512 7.885 8.254 8.619 8.981 9.338 9.692 10.042 10.217 10.122 10.028
4.908 4.807 4.703 4.594 4.481 4.365 4.244 4.119 3.990 3.856 3.719 3.529 3.257 2.997 2.747 2.509 2.283 2.067 1.863 1.671 1.490 1.320 1.162 1.077 1.110 1.129 1.133 1.123 1.098 1.058 1.003 0.992 1.117 1.251 1.395 1.598 1.915 2.237 2.564 2.897 3.234 3.577 3.925 4.279 4.638 5.002 5.371 5.667 5.772 5.874 5.973 6.068 6.160 6.249 6.334 6.415 6.494 6.568 6.640 6.793 7.168 7.539 7.906 8.270 8.629 8.985 9.336 9.684 10.028 10.368 10.705 10.929 10.838 10.749
4.282 4.167 4.048 3.925 3.798 3.667 3.532 3.392 3.249 3.102 2.950 2.778 2.546 2.325 2.116 1.918 1.731 1.556 1.392 1.239 1.098 0.968 0.850 0.760 0.791 0.880 0.979 1.088 1.207 1.336 1.475 1.624 1.784 1.953 2.133 2.346 2.681 3.022 3.367 3.718 4.074 4.435 4.802 5.174 5.551 5.934 6.321 6.668 6.761 6.851 6.938 7.021 7.101 7.177 7.250 7.320 7.386 7.449 7.508 7.607 7.969 8.326 8.680 9.029 9.375 9.717 10.056 10.390 10.721 11.047 11.370 11.639 11.552 11.467
3.661 3.532 3.399 3.261 3.120 2.975 2.825 2.672 2.514 2.352 2.186 2.015 1.823 1.642 1.473 1.315 1.168 1.098 1.073 1.054 1.042 1.037 1.038 1.050 1.164 1.289 1.423 1.567 1.722 1.886 2.061 2.245 2.440 2.645 2.859 3.088 3.441 3.800 4.164 4.533 4.907 5.287 5.672 6.062 6.458 6.859 7.265 7.671 7.752 7.830 7.905 7.976 8.044 8.108 8.169 8.227 8.281 8.332 8.379 8.424 8.771 9.115 9.456 9.792 10.124 10.453 10.778 11.099 11.416 11.729 12.038 12.344 12.265 12.183
3.046 2.902 2.755 2.603 2.448 2.288 2.124 1.956 1.784 1.608 1.521 1.454 1.410 1.375 1.346 1.324 1.308 1.300 1.298 1.303 1.314 1.333 1.358 1.389 1.527 1.687 1.856 2.036 2.225 2.425 2.635 2.855 3.084 3.324 3.574 3.834 4.194 4.571 4.954 5.341 5.734 6.132 6.535 6.944 7.358 7.777 8.201 8.631 8.746 8.811 8.874 8.933 8.989 9.041 9.090 9.135 9.178 9.216 9.252 9.284 9.577 9.907 10.234 10.557 10.876 11.191 11.502 11.810 12.113 12.413 12.709 13.001 12.975 12.897
2.436 2.278 2.116 2.051 1.986 1.920 1.854 1.788 1.721 1.653 1.585 1.517 1.486 1.475 1.469 1.471 1.479 1.494 1.516 1.544 1.579 1.621 1.670 1.725 1.879 2.073 2.278 2.493 2.718 2.953 3.198 3.453 3.718 3.993 4.278 4.573 4.941 5.336 5.737 6.143 6.554 6.971 7.392 7.819 8.251 8.689 9.132 9.579 9.741 9.795 9.845 9.892 9.936 9.976 10.013 10.046 10.076 10.103 10.126 10.146 10.385 10.702 11.015 11.325 11.630 11.932 12.230 12.425 12.455 12.474 12.482 12.479 12.251 11.953
2.325 2.259 2.193 2.127 2.060 1.993 1.925 1.857 1.788 1.719 1.650 1.580 1.555 1.567 1.585 1.610 1.642 1.681 1.726 1.778 1.836 1.902 1.974 2.053 2.219 2.449 2.689 2.939 3.199 3.469 3.749 4.039 4.340 4.650 4.970 5.301 5.681 6.095 6.514 6.938 7.368 7.802 8.242 8.688 9.138 9.594 10.055 10.521 10.738 10.780 10.818 10.853 10.885 10.913 10.938 10.959 10.977 10.992 11.003 11.011 11.080 11.149 11.207 11.254 11.289 11.314 11.328 11.331 11.322 11.303 11.273 11.232 11.059 10.811
2.405 2.338 2.271 2.203 2.134 2.065 1.996 1.926 1.856 1.785 1.714 1.643 1.617 1.652 1.694 1.743 1.798 1.860 1.929 2.004 2.086 2.175 2.271 2.373 2.548 2.814 3.089 3.374 3.669 3.974 4.290 4.615 4.950 5.296 5.651 6.017 6.415 6.847 7.284 7.727 8.175 8.628 9.086 9.550 10.018 10.492 10.972 11.456 11.737 11.767 11.793 11.816 11.836 11.684 11.437 11.200 10.972 10.755 10.548 10.350 10.265 10.295 10.315 10.324 10.321 10.308 10.284 10.248 10.202 10.145 10.076 9.997 9.854 9.656
2.486 2.418 2.349 2.279 2.209 2.138 2.068 1.996 1.925 1.852 1.780 1.707 1.671 1.730 1.796 1.868 1.947 2.032 2.124 2.223 2.329 2.441 2.560 2.686 2.867 3.167 3.477 3.798 4.128 4.468 4.819 5.179 5.550 5.930 6.321 6.721 7.142 7.592 8.048 8.509 8.975 9.446 9.923 10.405 10.892 11.384 11.662 11.858 11.901 11.639 11.388 11.146 10.914 10.691 10.479 10.277 10.084 9.902 9.729 9.566 9.461 9.454 9.435 9.405 9.365 9.314 9.251 9.178 9.093 8.998 8.892 8.774 8.638 8.490
2.568 2.497 2.427 2.356 2.284 2.212 2.140 2.067 1.993 1.920 1.845 1.771 1.719 1.801 1.890 1.985 2.088 2.197 2.312 2.435 2.564 2.699 2.842 2.991 3.174 3.509 3.855 4.210 4.576 4.951 5.337 5.732 6.138 6.553 6.979 7.414 7.863 8.331 8.805 9.077 9.311 9.534 9.746 9.948 10.139 10.319 10.488 10.646 10.727 10.500 10.283 10.076 9.879 9.691 9.513 9.346 9.188 9.040 8.902 8.774 8.669 8.623 8.567 8.499 8.421 8.331 8.231 8.119 7.997 7.863 7.719 7.564 7.410 7.312
2.649 2.578 2.505 2.433 2.360 2.286 2.212 2.137 2.062 1.987 1.911 1.835 1.758 1.864 1.976 2.095 2.221 2.354 2.493 2.639 2.791 2.950 3.116 3.289 3.470 3.841 4.221 4.612 5.012 5.423 5.843 6.271 6.566 6.838 7.088 7.316 7.523 7.752 7.970 8.177 8.374 8.559 8.734 8.898 9.051 9.194 9.325 9.446 9.545 9.353 9.170 8.998 8.835 8.682 8.539 8.406 8.283 8.169 8.066 7.972 7.889 7.805 7.710 7.604 7.488 7.360 7.222 7.072 6.912 6.741 6.558 6.365 6.170 6.122
2.733 2.658 2.585 2.510 2.435 2.360 2.285 2.209 2.132 2.055 1.978 1.900 1.822 1.920 2.056 2.198 2.348 2.503 2.666 2.835 3.011 3.194 3.383 3.579 3.779 4.125 4.475 4.803 5.109 5.393 5.654 5.893 6.111 6.306 6.479 6.629 6.758 6.940 7.120 7.290 7.449 7.597 7.734 7.861 7.976 8.081 8.176 8.259 8.331 8.197 8.050 7.912 7.783 7.665 7.557 7.458 7.369 7.291 7.222 7.163 7.113 6.998 6.865 6.722 6.567 6.401 6.225 6.037 5.839 5.630 5.409 5.178 4.936 4.920
2.825 2.739 2.664 2.588 2.512 2.435 2.358 2.280 2.202 2.124 2.045 1.965 1.885 1.969 2.128 2.294 2.466 2.660 2.879 3.088 3.287 3.476 3.655 3.824 3.982 4.235 4.507 4.758 4.986 5.193 5.377 5.539 5.679 5.797 5.892 5.966 6.017 6.139 6.282 6.415 6.536 6.647 6.746 6.836 6.914 6.981 7.038 7.084 7.119 7.034 6.920 6.817 6.723 6.640 6.566 6.502 6.448 6.403 6.369 6.344 6.330 6.203 6.032 5.851 5.658 5.454 5.240 5.014 4.778 4.531 4.273 4.003 3.723 3.706
2.925 2.821 2.744 2.666 2.589 2.510 2.431 2.352 2.273 2.192 2.146 2.144 2.151 2.284 2.509 2.723 2.927 3.121 3.305 3.479 3.642 3.796 3.939 4.073 4.196 4.367 4.562 4.736 4.887 5.016 5.123 5.208 5.270 5.311 5.330 5.326 5.300 5.351 5.457 5.551 5.635 5.709 5.771 5.822 5.863 5.893 5.913 5.921 5.919 5.862 5.783 5.714 5.655 5.606 5.567 5.537 5.517 5.508 5.508 5.518 5.538 5.420 5.211 4.991 4.761 4.519 4.267 4.003 3.729 3.444 3.148 2.840 2.522 2.481
3.034 2.903 2.824 2.769 2.736 2.712 2.696 2.690 2.693 2.704 2.725 2.754 2.792 2.898 3.087 3.265 3.434 3.593 3.741 3.879 4.008 4.126 4.234 4.332 4.420 4.522 4.640 4.736 4.810 4.862 4.892 4.900 4.885 4.849 4.790 4.709 4.607 4.575 4.643 4.700 4.747 4.782 4.807 4.822 4.825 4.818 4.800 4.771 4.731 4.681 4.637 4.603 4.578 4.564 4.559 4.564 4.579 4.604 4.638 4.683 4.737 4.648 4.401 4.143 3.875 3.595 3.305 3.004 2.738 2.545 2.357 2.174 1.996 2.053
3.263 3.150 3.130 3.119 3.117 3.124 3.140 3.165 3.199 3.241 3.293 3.354 3.423 3.521 3.674 3.818 3.951 4.074 4.187 4.290 4.383 4.466 4.539 4.601 4.654 4.700 4.741 4.760 4.757 4.732 4.684 4.615 4.523 4.410 4.274 4.117 3.937 3.811 3.841 3.861 3.870 3.869 3.856 3.833 3.799 3.754 3.699 3.632 3.555 3.493 3.483 3.483 3.493 3.513 3.543 3.582 3.632 3.691 3.760 3.839 3.928 3.918 3.709 3.504 3.304 3.109 2.918 2.733 2.552 2.376 2.205 2.039 1.877 1.882
3.548 3.427 3.438 3.459 3.488 3.526 3.573 3.629 3.694 3.768 3.851 3.943 4.044 4.154 4.272 4.380 4.478 4.566 4.644 4.711 4.769 4.816 4.853 4.881 4.898 4.901 4.865 4.807 4.727 4.624 4.500 4.353 4.185 3.994 3.782 3.547 3.290 3.058 3.052 3.034 3.006 2.967 2.917 2.856 2.785 2.703 2.610 2.507 2.392 2.296 2.321 2.356 2.400 2.454 2.607 2.811 2.998 3.168 3.321 3.457 3.576 3.611 3.418 3.230 3.047 2.869 2.695 2.526 2.362 2.203 2.048 1.898 1.754 1.714
3.830 3.708 3.736 3.788 3.849 3.918 3.996 4.083 4.180 4.285 4.399 4.522 4.654 4.794 4.880 4.953 5.015 5.068 5.110 5.142 5.165 5.177 5.179 5.171 5.152 5.124 5.012 4.877 4.719 4.540 4.339 4.115 3.870 3.602 3.313 3.001 2.667 2.318 2.274 2.219 2.153 2.077 1.990 1.892 1.783 1.664 1.534 1.564 1.636 1.683 1.912 2.125 2.320 2.499 2.661 2.806 2.934 3.045 3.139 3.216 3.277 3.300 3.124 2.952 2.786 2.624 2.467 2.315 2.167 2.025 1.887 1.754 1.626 1.548
