DATA/SHG/ECMWF/20170628/EN-22/20170704.en-22.asc
ncols        190
nrows        64
xllcorner    -5100000.000000000000
yllcorner    4130000.000000000000
cellsize     10000.000000000000
NODATA_value  -99999.000
[rows 32 to 63 of 64, columns 72 to 143 of 190]
3.293 3.271 3.899 4.553 5.231 5.934 6.663 7.416 8.194 8.997 9.825 10.678 11.556 12.551 14.053 15.622 17.256 18.957 20.724 22.557 24.456 26.421 28.399 30.379 32.411 33.955 33.651 33.319 32.957 32.566 32.146 31.696 31.218 30.710 30.173 29.607 29.012 28.470 28.051 27.602 27.122 26.611 26.068 25.495 24.890 24.476 24.640 24.746 24.794 25.062 25.565 25.983 26.315 26.563 26.726 26.804 26.797 26.704 26.527 26.265 25.918 27.247 29.673 31.974 34.148 36.197 38.119 39.916 41.586 43.131 44.550 45.843
4.037 3.906 4.618 5.358 6.123 6.913 7.728 8.568 9.433 10.323 11.237 12.177 13.142 14.157 15.889 17.686 19.550 21.481 23.477 25.539 27.667 29.862 32.070 34.282 36.545 38.583 38.149 37.687 37.195 36.674 36.124 35.545 34.936 34.299 33.632 32.936 32.443 32.682 33.049 33.359 33.612 33.807 33.945 34.025 34.048 34.013 33.921 33.772 33.565 33.465 33.591 33.632 33.588 33.460 33.246 32.947 32.564 32.095 31.542 30.904 30.180 30.705 32.576 34.320 35.939 37.431 38.798 40.039 41.154 42.144 43.007 43.745
4.784 4.639 5.313 6.139 6.991 7.868 8.769 9.696 10.647 11.623 12.625 13.651 14.702 15.778 17.661 19.688 21.781 23.941 26.166 28.457 30.815 33.238 35.677 38.120 40.615 43.163 42.674 42.398 43.223 43.906 44.447 44.845 45.101 45.214 45.184 45.012 44.698 44.311 44.422 44.477 44.474 44.414 44.296 44.121 43.889 43.599 43.252 42.848 42.386 41.947 41.697 41.361 40.941 40.436 39.846 39.171 38.412 37.567 36.638 35.623 34.524 34.288 35.602 36.791 37.854 38.792 39.603 40.289 40.849 41.283 41.591 41.774
5.535 5.375 5.982 6.896 7.834 8.797 9.785 10.798 11.836 12.899 13.987 15.100 16.237 17.400 19.371 21.627 23.949 26.337 28.792 32.051 36.538 41.162 45.663 50.022 54.488 59.063 60.150 60.486 60.678 60.729 60.636 60.402 60.025 59.506 58.844 58.040 57.093 56.004 55.844 55.643 55.385 55.070 54.697 54.267 53.780 53.235 52.633 51.974 51.257 50.508 49.882 49.170 48.374 47.493 46.527 45.476 44.341 43.120 41.815 40.425 38.950 37.994 38.753 39.387 39.895 40.277 40.534 40.665 40.670 40.549 40.303 39.931
6.288 6.113 6.628 7.628 8.653 9.702 10.777 11.876 13.001 14.150 15.324 16.523 18.512 21.404 25.119 29.394 33.807 38.356 43.041 47.864 52.824 57.920 62.897 67.733 72.678 77.731 79.007 78.710 78.270 77.688 76.963 76.097 75.088 73.937 72.643 71.207 69.629 67.908 67.313 66.857 66.344 65.774 65.146 64.461 63.719 62.920 62.063 61.149 60.178 59.149 58.146 57.059 55.887 54.630 53.288 51.862 50.350 48.754 47.074 45.308 43.458 41.824 42.028 42.107 42.060 41.888 41.590 41.166 40.617 39.942 39.142 38.216
7.045 6.855 7.249 8.335 9.447 11.505 14.400 17.294 20.187 23.078 25.968 28.856 31.743 34.628 38.426 43.174 48.059 53.080 58.238 63.533 68.965 74.533 79.986 85.300 90.722 96.253 97.999 97.070 95.998 94.784 93.428 91.930 90.289 88.506 86.581 84.514 82.305 79.953 78.830 78.120 77.352 76.527 75.644 74.705 73.708 72.654 71.543 70.374 69.148 67.865 66.490 65.027 63.479 61.846 60.129 58.327 56.441 54.470 52.414 50.273 48.047 45.778 45.427 44.952 44.350 43.624 42.771 41.794 40.690 39.462 38.107 36.627
12.007 13.809 16.091 18.985 21.876 24.767 27.656 30.543 33.429 36.314 39.197 42.078 44.958 47.837 51.590 56.811 62.168 67.661 73.292 79.059 84.962 91.003 96.930 102.722 108.622 114.630 117.127 115.566 113.863 112.018 110.030 107.901 105.629 103.215 100.659 97.961 95.121 92.138 90.396 89.431 88.408 87.328 86.191 84.997 83.746 82.437 81.072 79.649 78.168 76.631 74.913 73.074 71.151 69.143 67.051 64.874 62.612 60.266 57.835 55.319 52.719 50.034 48.950 47.921 46.765 45.485 44.078 42.547 40.890 39.107 37.199 35.166
24.071 26.603 29.357 32.244 35.129 38.013 40.895 43.776 46.655 49.533 52.410 55.285 58.158 61.030 64.612 70.305 76.134 82.100 88.202 94.441 100.816 107.327 113.729 119.998 126.376 132.861 136.391 134.199 131.865 129.388 126.770 124.010 121.107 118.062 114.876 111.547 108.077 104.464 102.009 100.790 99.513 98.179 96.787 95.339 93.833 92.270 90.650 88.973 87.239 85.447 83.415 81.201 78.903 76.520 74.053 71.500 68.864 66.143 63.337 60.446 57.471 54.412 52.597 51.014 49.305 47.470 45.455 43.250 41.024 38.775 36.506 34.215
35.920 39.181 42.608 45.488 48.366 51.244 54.119 56.993 59.866 62.737 65.607 68.476 71.343 74.208 77.493 83.657 89.958 96.395 102.969 109.679 116.526 123.508 130.384 137.131 143.985 150.947 155.791 152.968 150.003 146.896 143.647 140.256 136.723 133.049 129.232 125.273 121.172 116.930 113.671 112.197 110.666 109.077 107.432 105.729 103.969 102.152 100.278 98.347 96.359 94.313 91.996 89.407 86.734 83.977 81.134 78.208 75.196 71.922 68.050 64.259 60.547 56.916 54.272 52.057 49.821 47.564 45.285 42.985 40.664 38.321 35.957 33.571
47.555 51.545 55.746 58.716 61.588 64.458 67.328 70.195 73.061 75.926 78.789 81.651 84.511 87.370 90.232 96.868 103.640 110.548 117.593 124.774 132.092 139.546 146.896 154.119 161.450 168.888 175.327 171.873 168.278 164.541 160.662 156.641 152.478 148.173 143.727 139.139 134.408 129.536 125.381 123.653 121.868 120.025 118.125 116.169 114.155 112.084 109.956 107.771 105.274 101.520 97.678 93.598 89.597 85.677 81.837 78.078 74.398 70.798 67.279 63.840 60.481 57.202 54.503 52.193 49.863 47.510 45.137 42.742 40.326 37.889 35.430 32.950
58.976 63.695 68.625 71.929 74.794 77.658 80.520 83.381 86.241 89.099 91.956 94.811 97.665 100.517 103.368 109.936 117.180 124.559 132.075 139.727 147.515 155.440 163.263 170.963 178.770 186.685 194.708 190.915 186.690 182.323 177.814 173.163 168.371 163.437 158.361 153.143 147.784 142.283 137.139 134.899 130.479 126.203 122.073 118.088 114.248 110.553 107.003 103.599 100.339 97.225 94.006 90.278 86.630 83.063 79.575 76.168 72.841 69.594 66.427 63.340 60.333 57.407 54.755 52.351 49.926 47.479 45.011 42.522 40.011 37.479 34.926 32.351
70.183 75.631 81.289 85.126 87.985 90.842 93.698 96.552 99.405 102.257 105.107 107.956 110.803 113.649 116.493 122.864 130.578 138.428 146.414 154.537 162.796 171.190 179.487 187.663 195.946 204.337 212.836 210.092 205.238 200.241 194.906 185.908 177.089 168.450 159.990 151.709 143.607 135.684 127.984 124.058 120.278 116.643 113.152 109.807 106.607 103.552 100.642 97.877 95.257 92.782 90.254 86.879 83.583 80.368 77.233 74.178 71.203 68.309 65.494 62.759 60.105 57.530 55.030 52.531 50.011 47.470 44.907 42.323 39.718 37.092 34.444 31.774
81.178 87.353 93.738 98.308 101.160 104.011 106.860 109.708 112.554 115.400 118.243 121.085 123.926 126.765 129.603 135.650 143.834 152.155 160.612 169.204 177.933 186.798 191.683 196.166 200.464 204.577 208.503 203.085 194.340 185.774 177.388 169.180 161.152 153.303 145.633 138.142 130.830 123.698 116.745 113.074 109.934 106.938 104.088 101.382 98.821 96.406 94.135 92.009 90.028 88.192 86.423 83.400 80.457 77.594 74.811 72.108 69.486 66.943 64.480 62.097 59.794 57.572 55.327 52.733 50.119 47.483 44.826 42.147 39.447 36.726 33.984 31.220
91.959 98.862 105.974 111.474 114.320 117.164 120.007 122.848 125.688 128.527 131.364 134.200 137.034 139.866 142.698 144.921 149.614 154.072 158.296 162.285 166.040 169.561 173.139 176.807 180.289 183.586 186.697 183.020 175.065 167.290 159.693 152.276 145.038 137.979 131.098 124.397 117.875 111.532 105.369 101.947 99.446 97.090 94.878 92.812 90.890 89.113 87.481 85.994 84.652 83.455 82.403 79.842 77.251 74.740 72.309 69.958 67.687 65.496 63.385 61.354 59.403 57.532 55.645 52.957 50.248 47.518 44.766 41.993 39.199 36.384 33.547 30.689
102.528 110.157 117.996 124.626 127.465 130.303 133.139 135.974 135.291 134.563 133.854 133.166 132.497 131.848 131.219 132.255 136.141 139.793 143.211 146.395 149.344 152.059 154.826 157.679 160.346 162.828 165.124 162.780 155.616 148.630 141.823 135.196 128.747 122.477 116.386 110.475 104.742 99.188 93.813 90.677 88.815 87.097 85.525 84.097 82.814 81.676 80.682 79.834 79.130 78.571 78.157 76.205 73.966 71.807 69.728 67.728 65.809 63.969 62.210 60.530 58.930 57.411 55.971 53.203 50.400 47.575 44.729 41.861 38.973 36.063 33.132 30.179
112.788 117.895 122.791 126.748 125.991 125.253 124.536 123.839 123.161 122.503 121.865 121.247 120.649 120.070 119.512 119.816 122.897 125.743 128.355 130.733 132.877 134.787 136.743 138.782 140.634 142.302 143.784 142.367 135.992 129.795 123.778 117.939 112.280 106.799 101.497 96.374 91.430 86.664 82.078 79.263 78.040 76.961 76.027 75.237 74.593 74.093 73.737 73.527 73.461 73.540 73.763 72.489 70.602 68.794 67.066 65.418 63.850 62.362 60.954 59.625 58.377 57.208 56.120 53.471 50.573 47.654 44.714 41.752 38.769 35.765 32.739 29.692
101.771 106.150 110.317 114.261 113.575 112.908 112.261 111.634 111.027 110.440 109.872 109.325 108.797 108.289 107.801 107.604 109.879 111.920 113.727 115.300 116.639 117.744 118.892 120.116 121.154 122.008 122.676 121.779 116.193 110.786 105.557 100.507 95.636 90.943 86.430 82.095 77.939 73.962 70.163 67.707 67.122 66.681 66.385 66.233 66.227 66.364 66.647 67.074 67.646 68.362 69.223 68.694 67.158 65.701 64.325 63.028 61.811 60.674 59.617 58.640 57.742 56.925 56.187 53.761 50.769 47.755 44.720 41.664 38.587 35.488 32.352 29.227
90.965 94.616 98.056 101.285 101.155 100.559 99.982 99.426 98.889 98.372 97.875 97.398 96.941 96.503 96.085 95.687 97.090 98.326 99.328 100.096 100.631 100.932 101.270 101.680 101.906 101.946 101.800 101.018 96.220 91.601 87.161 82.899 78.816 74.911 71.186 67.638 64.270 61.080 58.069 56.008 56.060 56.257 56.599 57.085 57.716 58.491 59.411 60.475 61.684 63.037 64.535 64.819 63.634 62.529 61.504 60.558 59.692 58.906 58.200 57.574 57.027 56.488 55.641 53.108 49.757 46.492 43.314 40.222 37.217 34.299 31.467 28.722
80.371 83.294 86.007 88.509 88.732 88.206 87.700 87.214 86.748 86.301 85.874 85.467 85.080 84.713 84.366 84.038 84.527 84.958 85.157 85.121 84.852 84.349 83.878 83.476 82.888 82.115 81.156 80.013 76.072 72.241 68.589 65.115 61.819 58.702 55.764 53.004 50.423 48.020 45.796 44.166 44.856 45.690 46.669 47.792 49.060 50.472 52.029 53.730 55.576 57.566 59.700 60.866 60.081 59.668 59.161 58.559 57.864 57.075 56.191 55.213 54.142 52.976 51.716 49.479 46.508 43.623 40.825 38.113 35.488 32.950 30.498 28.132
69.987 72.184 74.170 75.945 76.305 75.849 75.414 74.998 74.602 74.226 73.869 73.533 73.216 72.919 72.642 72.384 72.190 71.818 71.213 70.374 69.301 67.995 66.716 65.501 64.100 62.514 60.744 58.788 55.751 52.707 49.842 47.155 44.646 42.317 40.165 38.192 36.398 34.782 33.344 32.181 33.508 34.979 36.595 38.384 41.395 44.387 47.360 50.313 53.247 56.161 59.056 61.123 60.390 59.563 58.643 57.628 56.519 55.316 54.020 52.629 51.144 49.565 47.892 45.767 43.175 40.670 38.252 35.920 33.674 31.515 29.443 27.457
59.814 61.284 62.544 63.592 63.874 63.489 63.123 62.778 62.452 62.146 61.860 61.594 61.347 61.120 60.913 60.726 60.081 58.905 57.497 55.854 53.979 51.870 49.783 47.755 45.543 43.145 40.563 37.795 35.254 32.998 30.919 29.019 27.297 25.754 24.389 24.948 25.634 26.335 27.051 27.783 30.601 33.586 36.551 39.497 42.424 45.332 48.220 51.089 53.939 56.769 59.580 61.944 60.798 59.558 58.223 56.795 55.274 53.658 51.948 50.144 48.246 46.254 44.168 41.972 39.760 37.634 35.595 33.643 31.777 29.997 28.304 26.697
49.852 50.596 51.129 51.452 51.439 51.124 50.829 50.554 50.298 50.063 49.847 49.651 49.474 49.318 49.181 49.064 48.197 46.219 44.007 41.563 38.884 35.973 33.079 30.240 27.215 24.006 22.629 21.580 21.551 22.197 22.859 23.536 24.229 24.936 25.658 26.396 27.148 27.916 28.699 29.497 31.985 34.886 37.767 40.629 43.472 46.295 49.099 51.884 54.650 57.396 60.123 62.830 61.303 59.650 57.903 56.062 54.127 52.098 49.975 47.759 45.448 43.043 40.545 38.093 36.261 34.514 32.855 31.281 29.794 28.394 27.080 25.852
40.099 40.118 39.926 39.523 39.000 38.755 38.531 38.326 38.140 37.975 37.829 37.703 37.597 37.510 37.444 37.397 36.540 33.759 31.987 30.841 29.727 28.646 27.589 26.551 25.539 24.553 23.593 22.660 22.515 23.228 23.957 24.700 25.459 26.233 27.021 27.825 28.644 29.479 30.328 31.192 33.388 36.205 39.002 41.780 44.538 47.278 49.998 52.698 55.380 58.042 60.685 63.308 61.907 59.841 57.681 55.427 53.079 50.638 48.102 45.473 42.750 39.933 37.022 34.132 32.678 31.311 30.030 28.836 27.728 26.707 25.771 24.923
30.557 29.850 28.933 27.805 26.557 26.383 26.228 26.093 25.978 25.883 25.807 26.870 28.443 30.011 31.572 33.127 34.173 33.074 32.008 30.974 29.974 29.007 28.064 27.141 26.244 25.373 24.528 23.709 23.461 24.241 25.036 25.846 26.671 27.511 28.366 29.237 30.122 31.023 31.938 32.869 34.810 37.542 40.256 42.949 45.624 48.279 50.915 53.532 56.129 58.707 61.266 63.806 62.609 60.130 57.557 54.891 52.131 49.277 46.329 43.287 40.152 36.923 33.600 30.183 29.013 28.024 27.122 26.307 25.578 24.935 24.378 23.908
21.224 19.792 18.150 16.298 15.461 16.936 18.525 20.108 21.684 23.255 24.821 26.380 27.933 29.480 31.022 32.557 33.937 32.951 31.998 31.079 30.192 29.338 28.510 27.701 26.918 26.162 25.432 24.728 24.390 25.236 26.097 26.974 27.865 28.772 29.693 30.630 31.582 32.548 33.530 34.527 36.250 38.899 41.528 44.138 46.728 49.299 51.851 54.384 56.897 59.391 61.866 64.322 63.408 60.517 57.532 54.453 51.281 48.015 44.655 41.201 37.654 34.012 30.277 26.448 25.264 24.654 24.131 23.694 23.343 23.079 22.901 22.809
16.732 16.358 16.005 15.672 15.359 16.570 18.139 19.702 21.259 22.810 24.355 25.895 27.428 28.956 30.477 31.993 33.503 32.798 31.959 31.153 30.380 29.640 28.925 28.231 27.563 26.922 26.306 25.717 25.300 26.213 27.140 28.083 29.041 30.014 31.002 32.005 33.023 34.056 35.104 36.167 37.709 40.274 42.819 45.345 47.851 50.338 52.806 55.255 57.684 60.095 62.486 64.857 64.306 61.002 57.605 54.114 50.530 46.852 43.080 39.214 35.255 31.202 27.055 22.815 21.432 21.201 21.056 20.997 21.025 21.139 21.339 21.626
16.334 16.030 15.746 15.482 15.239 16.210 17.759 19.302 20.839 22.371 23.896 25.415 26.929 28.437 29.939 31.434 32.924 32.616 31.890 31.198 30.538 29.911 29.310 28.731 28.178 27.651 27.150 26.675 26.227 27.171 28.165 29.174 30.198 31.238 32.292 33.361 34.445 35.545 36.659 37.789 39.187 41.667 44.128 46.570 48.993 51.396 53.780 56.145 58.491 60.817 63.124 65.412 65.301 61.586 57.777 53.874 49.878 45.788 41.604 37.327 32.956 28.491 23.933 19.281 17.517 17.664 17.971 18.536 19.123 19.731 20.362 21.014
15.917 15.683 15.468 15.274 15.100 15.855 17.385 18.908 20.425 21.937 23.442 24.942 26.436 27.923 29.405 30.881 32.352 32.404 31.792 31.213 30.666 30.153 29.666 29.201 28.763 28.350 27.964 27.604 27.270 28.112 29.172 30.248 31.338 32.443 33.564 34.699 35.850 37.016 38.196 39.392 40.683 43.080 45.457 47.815 50.153 52.473 54.773 57.054 59.316 61.558 63.782 65.986 66.394 62.267 58.046 53.732 49.324 44.788 40.056 35.418 30.877 26.431 22.080 17.825 16.040 16.657 17.296 17.957 18.640 19.345 20.071 20.820
15.482 15.317 15.172 15.047 14.942 15.506 17.016 18.519 20.017 21.508 22.994 24.474 25.948 27.416 28.878 30.334 31.785 32.163 31.664 31.198 30.765 30.365 29.992 29.642 29.318 29.020 28.748 28.502 28.282 29.035 30.161 31.303 32.459 33.631 34.818 36.019 37.236 38.468 39.715 40.977 42.254 44.511 46.804 49.078 51.333 53.568 55.785 57.982 60.148 61.688 63.119 64.441 64.653 59.861 55.163 50.562 46.056 41.645 37.330 33.110 28.986 24.957 21.024 17.187 15.151 15.865 16.600 17.357 18.136 18.937 19.759 20.604
15.028 14.933 14.857 14.801 14.766 15.163 16.652 18.136 19.614 21.085 22.551 24.011 25.465 26.914 28.356 29.793 31.223 31.893 31.507 31.154 30.834 30.547 30.288 30.052 29.843 29.659 29.501 29.370 29.265 29.939 31.132 32.340 33.563 34.800 36.053 37.321 38.604 39.902 41.215 42.543 43.690 45.476 47.301 49.018 50.626 52.125 53.516 54.798 55.971 57.035 57.991 58.837 59.327 54.952 50.673 46.489 42.400 38.407 34.509 30.707 27.001 23.389 19.873 16.453 14.241 15.051 15.882 16.735 17.610 18.507 19.426 20.366
14.557 14.530 14.524 14.537 14.571 14.825 16.294 17.758 19.216 20.668 22.114 23.554 24.989 26.417 27.840 29.257 30.667 31.593 31.320 31.080 30.873 30.699 30.554 30.433 30.338 30.268 30.225 30.208 30.217 30.826 32.085 33.230 34.347 35.467 36.590 37.717 38.846 39.979 41.115 42.253 43.395 44.749 46.098 47.339 48.471 49.495 50.410 51.216 51.913 52.502 52.982 53.353 53.616 49.951 46.089 42.322 38.651 35.075 31.595 28.210 24.920 21.726 18.627 15.624 13.310 14.215 15.143 16.092 17.063 18.056 19.070 20.107
14.066 14.109 14.172 14.255 14.358 14.492 15.942 17.386 18.824 20.256 21.683 23.103 24.518 25.926 27.329 28.726 30.117 31.263 31.104 30.977 30.883 30.822 30.733 30.626 30.527 30.435 30.350 30.272 30.202 30.553 31.678 32.806 33.937 35.071 36.209 37.349 38.492 39.639 40.788 41.941 43.097 44.139 45.013 45.778 46.435 46.983 47.422 47.753 47.975 48.089 48.094 47.990 47.777 44.856 41.411 38.062 34.807 31.649 28.585 25.617 22.745 19.967 17.285 14.699 12.357 13.358 14.382 15.427 16.494 17.583 18.693 19.826
