DATA/RAW-RASTER/ECMWF/20170628/EN-5/20170712.en-5.asc
ncols			31
nrows			16
xllcorner		69.5
yllcorner		19.5
cellsize		1.0
NODATA_value	-99999
0.54932 2.56348 1.48773 11.80267 5.19562 3.22723 4.07410 12.10785 2.13623 0.26703 2.94495 2.28119 2.74658 1.54877 1.78528 1.86920 4.60815 2.66266 6.94275 10.04791 14.87732 16.54053 16.39557 16.32690 10.29968 7.78198 4.29535 4.24957 0.50354 0.50354 0.08392
1.28937 8.14056 8.49915 31.48651 4.21143 3.81470 1.65558 1.93024 7.96509 0.34332 2.99072 2.41852 2.34222 4.81415 2.52533 2.40326 6.55365 8.01849 8.59070 5.76019 10.80322 12.89368 14.01520 6.30188 2.23541 2.20490 1.22833 0.50354 1.54114 0.20599 0.64850
1.19781 2.54822 2.05231 25.06256 41.42761 3.66974 7.37762 0.48065 0.14496 0.05341 1.86920 1.69373 1.18256 2.96783 2.56348 3.34930 7.67517 6.79016 7.01904 7.98035 20.79010 10.81085 6.14166 2.87628 2.58636 4.04358 1.12152 0.03815 0.26703 0.83923 0.16785
0.31281 3.49426 0.24414 2.69318 7.46155 21.84296 10.06317 9.24683 0.23651 2.35748 2.96021 1.02997 0.56458 2.01416 2.23541 7.59125 2.76947 6.09589 4.77600 6.86646 10.02502 5.55420 7.61414 8.30841 7.12585 0.26703 0.97656 0.01526 0.45776 0.00763 0.00763
3.74603 0.16022 0.55695 0.00000 0.17548 2.21252 7.36237 9.39178 33.50067 9.86481 0.19836 1.06049 2.91443 3.38745 11.14655 9.52148 13.58795 6.47736 10.93292 9.30786 6.21796 6.34766 4.10461 13.49640 4.13513 0.05341 0.03052 0.00000 0.00000 0.03052 0.00000
0.41962 0.00000 0.00000 0.00000 0.18311 0.02289 0.92316 13.48114 2.66266 35.55298 23.07129 19.14978 15.20538 5.79834 6.01196 7.56836 6.08063 9.97925 6.69098 7.87354 6.75201 11.07025 18.42499 14.93073 8.13293 1.92261 0.71716 0.00763 0.00000 0.00000 0.01526
0.00000 0.00000 0.00000 0.03815 0.09918 0.00000 0.08392 0.73242 2.34985 18.53943 187.83569 54.13818 54.29077 8.97217 3.45612 9.36890 6.04248 9.14764 3.20435 2.83051 6.59943 16.00647 11.09314 5.43213 11.71875 28.57208 4.32587 1.96075 0.28992 0.54932 0.06104
0.00000 0.00000 0.00000 0.16022 0.37384 1.02997 0.70953 1.38855 0.87738 23.87238 20.54596 8.09479 4.47845 18.34106 77.43073 73.24982 31.95190 17.36450 13.84735 4.08173 6.35529 12.46643 8.37708 14.48059 25.54321 16.12854 11.24573 2.43378 2.63214 1.97601 4.21906
0.00000 0.00000 0.00000 0.00000 0.00763 2.40326 6.83594 9.88770 4.66156 10.16998 16.63971 4.50897 5.31769 2.94495 8.27026 8.60596 10.83374 19.93561 48.17963 23.80371 14.67896 9.60541 9.78851 3.52478 8.17871 8.38470 4.68445 15.19775 9.17053 6.35529 17.51709
0.00000 0.00000 0.30518 0.54932 0.64087 2.20490 11.92474 25.62714 5.31006 24.73450 24.80316 8.27026 11.84845 5.36346 6.25610 5.82886 5.44739 3.55530 4.95911 4.54712 5.85175 8.72040 25.66528 5.69916 9.12476 16.22772 14.99176 52.65808 39.27612 12.95471 16.90674
0.30518 0.42725 0.96130 1.02234 0.38147 11.42120 30.65491 240.17334 27.05383 20.66040 12.45880 1.35803 0.54169 1.59454 9.20868 6.21796 1.35803 2.12097 4.78363 2.33459 3.39508 4.41742 8.39233 3.76129 4.09698 7.63702 15.00702 11.91711 13.99231 2.13623 0.82397
0.47302 0.45013 1.67084 3.76892 1.42670 7.92694 27.22168 27.54974 31.53992 19.41681 33.07343 1.96838 1.44958 0.54169 1.64795 3.50189 2.36511 10.33783 2.68555 3.97491 5.92041 2.89917 5.17273 21.98792 17.42554 10.01740 10.62775 13.19122 3.61633 4.10461 0.99182
1.10626 1.10626 0.38147 0.57220 0.56458 1.98364 2.36511 24.82605 15.83862 19.15741 120.02563 4.21906 7.27844 3.37982 2.12097 1.15967 3.46375 8.79669 12.86316 8.58307 4.18091 10.16235 6.11115 7.37000 5.95093 1.91498 0.41199 6.85883 2.48718 2.02942 2.84576
1.51062 2.14386 0.48828 1.36566 3.95203 3.75366 1.80054 3.54004 5.03540 3.38745 33.12683 3.22723 2.50244 3.13568 3.76129 1.19781 0.81635 5.01251 7.69043 19.51599 16.44897 15.82336 2.20490 6.70624 3.16620 2.18201 1.16730 1.22070 3.28064 5.42450 11.05499
1.33514 2.17438 2.10571 3.29590 4.54712 1.29700 9.93347 6.77490 16.02936 87.34131 15.92255 1.33514 0.98419 2.10571 1.58691 2.67792 0.77057 0.22888 3.50189 6.02722 14.24408 14.89258 17.93671 7.04956 0.53406 0.89264 2.75421 3.96729 11.68060 12.69531 23.20099
1.06812 1.22070 3.89099 5.05066 0.86212 4.45557 3.61633 3.86810 7.46918 24.23859 26.47400 9.10950 1.56403 2.50244 3.96729 4.76837 1.19781 2.77710 5.57709 10.49805 12.39777 22.13287 23.17810 30.40314 12.72583 8.61359 12.37488 9.77325 10.59723 4.31824 14.36615
