DATA/RAW-RASTER/ECMWF/20170628/EN-5/20170630.en-5.asc
ncols			31
nrows			16
xllcorner		69.5
yllcorner		19.5
cellsize		1.0
NODATA_value	-99999
3.42560 1.79672 0.40054 0.94223 8.25500 4.40979 4.68445 3.98254 4.59290 1.04904 6.06918 3.90244 3.96347 4.35638 5.80215 1.22452 4.17709 1.91879 1.76239 0.50735 1.43814 1.30463 1.91116 5.89752 4.11606 2.04849 0.16022 2.10571 0.24414 0.00000 0.02670
0.00000 0.52261 18.92090 3.74603 3.72696 0.75912 5.19943 4.99725 4.14658 1.81198 1.29318 3.38364 8.55637 2.72369 4.64630 4.15421 3.16238 3.53241 2.46811 1.33133 1.42288 2.64740 2.75421 9.16290 4.89807 10.99014 4.67300 3.54385 0.53406 0.00381 0.20981
0.05722 0.31281 1.60599 3.47900 8.88443 35.96497 15.48004 4.31061 1.37711 2.74658 5.13077 5.80215 9.73511 9.12094 9.26971 10.41031 10.23483 9.17053 6.33621 0.70953 2.44522 1.88065 4.19235 4.85229 2.73514 3.66592 6.45065 6.06918 2.64740 0.60272 2.12479
0.12970 0.22888 0.32043 0.70953 17.13562 34.40475 11.98959 8.77762 25.04730 7.78961 8.82721 4.43268 1.65558 3.28827 4.60815 5.35583 1.11008 1.73187 1.86539 5.00870 7.53784 4.98199 13.27133 15.68604 8.77762 4.08173 5.48553 10.53619 12.36343 14.48822 3.42560
0.32806 0.38528 0.38147 1.70517 5.84412 7.72476 39.23798 90.69443 41.45432 18.13126 3.76511 2.05612 1.90353 2.39563 0.84686 0.49973 2.58255 0.67902 0.37766 1.39999 3.71170 3.46756 7.22885 5.43213 3.37982 6.05774 12.87079 9.11331 13.63373 16.90674 13.76343
2.31171 0.19836 0.96130 1.48392 2.33078 5.05829 121.64307 78.81546 30.10178 42.13715 34.24835 6.66428 6.37436 2.25449 1.18637 1.04141 2.90680 3.65829 2.05994 6.03485 7.37381 5.01633 6.57272 11.68442 17.84515 32.64236 18.48602 9.88007 9.87244 17.34543 19.88602
0.09537 1.02997 0.98038 1.20926 3.15094 4.10843 7.83157 36.56769 23.59009 15.62119 60.77957 38.70010 7.63702 7.90024 0.31662 1.19781 0.86594 0.95749 4.97818 3.96729 3.76511 8.40759 11.94382 13.46970 27.79388 168.14041 71.28906 25.58899 12.15363 16.20483 16.82281
0.78583 0.41199 1.54495 6.27518 6.76727 6.82449 21.43478 39.88647 30.07507 28.90396 31.98624 31.67343 5.69153 3.20053 1.73950 3.95203 13.82446 0.62943 0.33569 4.78745 6.51932 15.75851 11.96671 72.07108 47.71805 58.50983 50.84991 25.66147 76.78604 17.42554 28.89633
0.80490 1.96838 17.79175 17.61246 33.64563 12.08115 33.18405 6.91223 21.96121 15.76233 10.44464 15.89203 5.50461 26.63803 8.86536 2.41089 1.97220 2.84576 6.78635 7.49207 29.63257 41.10718 54.34036 53.67279 16.09802 10.01358 34.70993 114.98260 108.36411 29.43039 20.18738
6.60324 17.39502 4.89426 9.26971 47.87064 110.98862 27.39334 11.45935 1.06430 7.09915 4.37546 39.52026 16.02173 17.94815 34.25217 15.18250 7.16400 4.30679 8.34274 10.06317 17.96341 12.67242 47.38235 11.97433 4.77982 30.94864 46.10825 19.82498 47.71423 20.45059 19.69910
23.37646 17.62772 14.63318 30.80368 56.33545 65.86075 8.58688 1.95312 0.34714 1.37329 3.41034 5.90897 7.92313 15.63263 17.28821 21.18683 12.20322 9.89151 5.94330 31.27670 17.28821 14.87350 40.20309 7.90024 31.85654 26.40915 6.95419 16.92963 34.65271 17.78793 13.03101
16.10947 14.77432 13.76343 70.07599 28.44238 7.19070 2.82288 3.86810 1.23978 1.74332 1.08719 4.16946 6.42014 7.54929 16.36505 18.93997 6.71387 9.96780 16.45660 9.63211 14.31656 9.14383 3.12042 1.59073 7.45010 7.08008 2.19727 17.57431 10.82230 28.49197 9.09805
24.35303 16.04080 79.66614 128.70407 35.90393 3.28064 4.19235 5.06973 9.55963 1.17493 5.47028 2.47574 10.03647 4.85992 10.70023 38.82980 17.53616 7.87735 5.45883 13.17978 7.24411 16.55960 7.22885 3.47900 5.69534 4.67300 0.59509 13.58795 11.31821 10.24246 7.38525
34.01184 13.66806 8.52203 18.07785 4.67300 6.08063 4.02832 3.98636 4.04739 3.79181 11.78360 0.46921 2.96021 2.74658 15.45715 15.00702 1.01089 1.43433 7.19833 14.66751 11.00159 25.12741 11.24954 6.53839 3.78799 5.24902 1.13297 1.26648 38.09738 7.77054 10.04410
5.31769 6.61087 5.21469 17.15469 5.13840 0.48447 1.18637 6.16837 3.14713 2.87628 2.71988 0.37766 12.94327 5.24139 12.42828 12.60757 12.30621 4.58527 14.44244 30.34592 27.79388 18.81027 31.84891 26.26038 2.46048 1.04523 0.46158 0.94986 1.59073 13.70621 16.37650
4.21143 5.23758 5.76401 20.21027 2.95639 2.09427 5.80978 0.96130 2.76947 1.43814 1.77002 4.82559 5.38635 6.78635 3.91769 5.06592 4.19998 29.04129 22.28928 16.34598 13.63373 15.04898 21.11816 27.80914 26.78299 15.20920 18.44406 12.62283 1.65939 2.80762 11.78360
