DATA/RAW-RASTER/ECMWF/20170628/EN-5/20170708.en-5.asc
ncols			31
nrows			16
xllcorner		69.5
yllcorner		19.5
cellsize		1.0
NODATA_value	-99999
0.10681 0.02289 0.52643 0.65613 0.00000 0.00000 0.00000 0.05341 0.01526 0.24414 1.19019 0.55695 0.59509 0.17548 0.14496 0.12207 1.31989 0.47302 0.54932 1.05286 2.57111 2.70081 1.11389 0.35858 0.17548 0.67139 1.96075 2.72369 1.80817 1.55640 5.19562
0.00000 0.00000 0.18311 0.11444 1.28174 0.01526 0.44250 1.10626 0.06104 0.61798 1.22833 0.41199 0.78583 1.14441 1.48773 2.10571 3.80707 1.06812 0.47302 5.87463 2.56348 0.76294 0.35095 0.06104 0.12207 0.70190 1.11389 0.67902 1.05286 0.75531 1.48010
0.00000 0.00000 0.00000 0.52643 2.70844 8.18634 2.97546 0.20599 0.32043 0.12207 2.24304 1.67847 0.20599 0.45013 0.16022 1.93787 4.07410 2.93732 3.16620 3.73077 8.50677 1.34277 1.20544 0.32043 2.14386 1.00708 0.30518 3.57819 11.84082 1.31226 1.99890
0.00000 0.00000 0.00000 0.00000 0.30518 1.25122 3.20435 4.85992 0.01526 0.79346 1.94550 1.80054 0.17548 1.48010 1.70898 2.34222 3.37982 4.69208 9.04083 11.57379 4.29535 1.70135 2.49481 1.17493 0.14496 0.70190 1.22070 7.65228 4.16565 11.58905 30.12085
0.00000 0.00000 0.00000 0.00000 0.27466 0.52643 1.60980 2.36511 2.07520 1.34277 0.06866 2.57874 0.74005 1.58691 5.72205 17.42554 11.67297 7.59125 7.00378 5.98907 3.04413 5.69153 6.82068 2.71606 2.08282 4.41742 1.28174 8.20160 8.75092 23.13232 25.97809
0.00000 0.00000 0.00000 0.00000 0.00000 0.20599 0.17548 1.73187 5.59235 4.76837 30.41840 8.71277 7.63702 12.44354 26.77917 18.05115 13.00812 7.43866 5.91278 2.22015 12.46643 0.92316 0.61035 0.28992 1.99890 2.34222 1.96075 7.23267 19.09637 18.44025 16.52527
0.00000 0.00000 0.00000 0.00000 0.00000 0.00000 0.14496 0.02289 1.28174 6.10352 16.96014 9.94873 44.53278 13.56506 5.11169 6.16455 7.80487 12.90131 8.53729 2.12097 1.96075 2.82288 0.61798 0.22125 3.13568 2.74658 5.83649 6.17218 3.22723 5.92804 7.08008
0.00000 0.00000 0.00000 0.00000 0.00000 0.00000 0.02289 0.03052 0.21362 1.63269 11.09314 43.01453 7.05719 7.49207 51.30005 21.88873 6.39343 1.04523 6.17981 3.33405 3.37982 10.60486 6.68335 7.14874 9.71222 12.93182 2.15912 2.25067 8.81195 1.48773 3.56293
0.00000 0.00000 0.03815 0.00763 0.00000 0.00000 0.00000 0.21362 0.05341 0.17548 3.06702 7.74384 21.11816 14.05334 8.82721 19.83643 14.52637 12.19177 17.90619 7.25555 12.54272 3.12805 6.95038 2.01416 2.44141 2.18964 10.93292 4.80652 3.55530 2.70844 10.37598
0.02289 0.27466 0.60272 0.44250 0.13733 0.01526 0.00763 0.06104 0.66376 0.05341 0.27466 2.20490 7.13348 5.43213 28.41187 18.56232 27.29797 19.54651 17.73834 14.54926 7.39288 5.31006 4.84467 6.64520 0.99945 13.79395 3.72314 14.35852 14.86969 4.77600 4.06647
0.29755 0.64850 0.81635 0.57983 0.03815 0.00763 0.16785 0.48828 0.44250 0.06866 0.32806 0.75531 6.92749 9.22394 3.53241 35.61401 16.47949 7.73621 5.75256 4.35638 2.13623 7.98798 5.84412 7.21741 5.63812 10.29968 6.80542 9.63593 3.71552 1.29700 0.86212
0.51880 0.47302 2.15912 2.51007 2.13623 1.08337 0.04578 0.72479 0.10681 0.93842 2.86865 5.96619 3.74603 16.93726 10.09369 9.10950 0.89264 0.65613 1.93787 2.33459 3.42560 7.18689 6.14166 8.82721 10.28442 11.23047 15.60974 13.58032 3.01361 4.62341 6.24847
1.51825 1.80054 1.36566 2.16675 3.02124 2.13623 1.29700 1.90735 0.64087 0.64850 1.44196 2.31171 5.47791 7.34711 1.03760 1.47247 0.53406 0.76294 6.77490 16.28876 8.31604 11.68060 6.79016 11.60431 5.17273 4.70734 1.15204 12.81738 6.24847 9.24683 3.82233
3.37982 2.01416 1.19019 3.38745 4.07410 0.38910 0.99945 2.87628 1.60980 1.77002 5.24139 4.95148 3.92151 10.41412 6.68335 3.03650 0.70953 3.77655 5.63049 28.86200 22.63641 16.80756 10.58197 28.16772 11.74927 7.73621 6.21796 8.70514 71.04492 29.85382 6.53076
2.72369 4.31824 5.44739 8.30841 2.64740 1.35803 4.66919 2.16675 3.01361 3.83759 4.60815 9.23920 6.76727 10.11658 7.09534 1.41144 17.81464 0.62561 3.10516 8.37708 16.73889 2.96021 7.49969 15.28168 24.79553 5.77545 1.06049 5.43213 1.01471 10.22339 15.36560
4.98962 6.01959 8.88824 9.36127 3.05176 4.10461 0.99182 2.99072 5.31769 1.88446 4.94385 11.10077 5.21088 11.38306 3.96729 5.53894 4.56238 0.86212 11.79504 13.90076 23.42224 9.17053 11.02448 6.69098 10.42938 4.85229 2.83813 18.29529 10.28442 5.13458 1.57166
