DATA/RAW-RASTER/ECMWF/20170628/EN-5/20170706.en-5.asc
ncols			31
nrows			16
xllcorner		69.5
yllcorner		19.5
cellsize		1.0
NODATA_value	-99999
4.92096 0.40436 0.77820 1.95312 6.72913 7.00378 4.24957 11.52039 4.48608 2.18964 1.31989 2.75421 2.22778 1.23596 1.11389 2.52533 1.70135 1.58691 5.76782 4.60052 1.78528 1.02234 1.85394 0.19073 1.58691 8.18634 9.26208 10.16998 16.19720 8.17108 5.81360
0.02289 0.01526 1.06049 3.72314 3.28064 1.20544 2.94495 3.05176 2.18964 0.50354 1.05286 1.52588 1.09863 0.58746 1.42670 1.38855 4.40979 3.77655 5.21088 3.73840 2.02179 6.07300 9.67407 2.59399 0.90027 3.92914 8.66699 12.03156 12.81738 9.10187 4.76837
0.03815 0.70953 0.21362 7.14874 4.89807 3.41034 4.23431 1.13678 0.11444 0.01526 1.13678 0.65613 0.06104 0.39673 0.69427 1.54877 2.41089 1.89972 5.37109 5.07355 5.41687 11.95526 5.83649 4.18854 5.19562 5.91278 6.14166 2.70081 6.35529 9.13239 7.74384
0.76294 0.58746 1.33514 5.31006 7.20215 11.55853 1.54877 7.33948 0.12207 0.03052 1.06049 0.90027 0.19073 1.64032 0.78583 1.02234 6.23322 3.79181 2.08282 5.14984 8.93402 1.99127 5.08881 6.47736 5.30243 2.14386 1.57928 3.27301 5.76019 7.35474 12.54272
3.08990 0.54169 0.13733 0.09918 1.52588 3.51715 4.43268 4.18091 5.76782 7.37762 1.19781 0.80109 1.18256 2.86865 0.64850 3.84521 1.94550 7.79724 5.75256 2.48718 3.02887 1.09863 1.37329 1.02234 1.20544 0.36621 0.93079 1.80817 7.23267 13.41248 11.66534
1.23596 0.00000 0.00000 0.00000 0.00000 0.12970 2.68555 2.69318 2.83051 36.39984 10.57434 5.88989 4.37927 1.65558 2.83051 1.87683 5.74493 7.67517 2.62451 0.57220 0.81635 1.79291 0.16785 1.91498 2.37274 10.23865 3.61633 0.19836 4.92859 4.24194 4.51660
0.00000 0.00000 0.00000 0.00000 0.00000 0.00000 0.01526 0.21362 1.28937 4.07410 3.88336 5.34058 6.26373 3.99017 6.29425 2.09045 1.41144 2.62451 0.28992 0.12970 0.35095 0.22125 7.47681 0.92316 2.27356 16.21246 5.72205 4.61578 1.33514 1.19019 7.92694
0.00000 0.00000 0.02289 0.00763 0.00000 0.00000 0.00000 0.00763 0.13733 0.06866 0.93842 2.02179 1.51062 4.28772 25.33722 5.96619 6.57654 0.70190 0.13733 0.74005 1.48010 12.90894 1.15204 8.12531 12.90131 7.26318 53.95508 14.09912 16.72363 3.00598 3.84521
0.00000 0.05341 0.05341 0.16022 0.02289 0.01526 0.08392 0.00000 0.00000 0.00000 0.00000 0.01526 0.04578 0.02289 2.26593 1.90735 2.04468 29.07562 27.61078 11.87897 7.56836 17.08984 11.16180 59.29565 14.51111 7.78198 11.48987 21.12579 33.43964 4.21143 10.84137
0.25177 1.31989 1.48010 0.57220 0.98419 0.02289 0.03052 1.31226 0.47302 0.17548 0.05341 0.03052 0.00763 0.03052 0.18311 0.06866 0.49591 0.74768 5.90515 6.38580 16.02936 10.69641 13.73291 5.74493 5.01251 35.79712 11.74164 11.13129 19.02771 4.33350 1.65558
0.90790 0.78583 0.72479 0.88501 0.11444 0.29755 1.02997 1.99127 0.54169 0.28229 0.51880 0.22888 0.02289 0.01526 0.00763 0.00763 0.00000 0.19073 0.95367 3.70026 8.84247 12.45117 32.60040 4.89044 1.47247 7.72095 1.21307 4.94385 9.44519 1.48010 1.10626
0.39673 0.45013 1.81580 2.41089 0.99945 0.79346 0.46539 1.05286 0.84686 2.07520 1.31226 0.47302 0.09918 0.00000 0.11444 0.24414 0.10681 0.00000 0.30518 0.99182 18.14270 12.68005 9.88770 1.66321 22.34650 1.84631 1.58691 10.58197 1.38092 1.40381 1.44196
0.86975 0.61035 0.93842 0.91553 2.55585 1.02234 0.22125 0.62561 0.90790 1.33514 1.31989 0.56458 0.00000 0.16785 0.05341 0.01526 0.16022 0.90027 0.73242 16.42609 25.30670 28.77808 19.70673 8.93402 1.80817 3.21960 0.41199 17.22717 2.36511 3.73077 3.57056
1.89972 1.72424 0.21362 2.95258 5.66864 2.31171 1.58691 1.70135 1.50299 1.29700 0.76294 0.99182 0.01526 0.23651 0.31281 0.13733 0.21362 2.05231 1.02234 9.84955 19.92035 41.92352 28.83148 14.32800 12.29095 0.86975 0.79346 7.32422 3.64685 3.62396 5.55420
2.47192 2.25830 3.73077 4.90570 3.24249 1.03760 0.96130 0.23651 0.03052 0.41962 0.87738 0.64850 0.67902 0.03815 0.64850 1.01471 4.73022 0.44250 2.42615 7.78198 25.77972 20.32471 26.83258 12.96234 13.53455 1.31989 8.99506 3.36456 27.48108 3.08990 3.54767
1.04523 1.88446 3.12042 11.48987 2.24304 1.75476 0.61798 0.45013 0.83160 0.00000 0.34332 1.43433 2.04468 1.48010 0.24414 0.73242 0.32806 2.03705 7.69043 8.24738 8.28552 18.34869 19.53125 20.71381 23.12469 5.23376 8.92639 0.85449 2.57111 4.15039 18.21136
