DATA/RAW-RASTER/ECMWF/20170628/EN-5/20170701.en-5.asc
ncols			31
nrows			16
xllcorner		69.5
yllcorner		19.5
cellsize		1.0
NODATA_value	-99999
0.11444 0.41199 4.78745 1.69754 1.54877 0.94604 4.38309 2.59781 3.15857 2.44904 3.07846 2.37274 10.53619 8.11386 0.54169 0.53787 1.59454 3.38364 7.90787 14.06097 4.84467 8.69751 2.01416 3.92914 1.06049 0.81635 1.80817 2.47955 2.65503 3.54767 0.41580
0.00381 0.19836 2.18201 1.32751 7.32803 7.08008 19.84024 16.98303 5.72205 4.50134 7.13730 9.01794 4.35638 6.34384 11.09314 6.34384 2.29263 2.36893 5.37491 6.70624 8.32367 8.46481 3.33786 1.29318 1.56403 2.77328 1.65176 3.02505 8.44955 8.68607 2.72369
0.98038 1.22070 0.35095 1.42288 49.44229 71.70868 42.06467 5.24139 4.85992 7.42340 6.74057 5.37491 4.26102 5.36346 3.46375 10.79941 5.11551 2.67792 2.09427 5.45502 5.36728 11.01303 21.42334 22.20535 7.43103 2.48718 7.58743 7.13730 7.12585 4.17328 3.79562
3.04031 1.28174 0.19073 0.54932 20.60699 66.38336 21.34323 19.93179 23.26202 12.39014 12.25281 6.50787 3.09753 3.18909 3.52097 3.06320 4.19998 9.95255 5.13077 8.69751 3.36075 7.30515 14.14871 7.15637 3.86047 0.59509 2.62451 4.26102 4.92096 7.75146 2.69699
2.02179 3.92532 0.02289 0.00763 1.34277 10.46753 14.29749 23.12469 88.53912 29.50287 6.28281 4.76074 2.29645 2.74658 1.17874 2.41089 8.51440 6.86264 8.14438 10.38742 23.66257 17.21954 9.42230 1.90353 1.76239 1.04523 0.66376 4.09698 4.53949 6.59180 9.38797
2.05612 0.74387 0.53024 0.01526 0.29373 2.93732 8.02612 12.99667 23.73886 125.59128 24.13940 6.66046 2.90298 0.59891 0.68283 1.02234 4.59290 6.06918 9.59015 9.22394 3.84521 8.41522 5.33676 6.31332 4.41360 4.73404 5.63812 4.77219 4.82178 11.49368 10.28442
0.00000 0.19073 9.15527 3.06702 1.14441 1.58691 3.90244 20.16068 16.40320 10.08606 16.15906 23.27728 28.98407 3.48663 0.32043 1.89209 1.32370 1.14822 1.72424 5.86319 5.05829 2.39182 7.09915 5.50461 16.88766 38.99384 72.50214 25.41733 11.96289 9.07898 10.30731
0.00000 0.00763 0.82016 2.84958 1.96075 5.39398 9.78470 10.02502 2.08664 2.85721 6.45447 5.58472 11.93237 13.18741 10.22339 18.41736 57.40738 8.84247 7.20596 2.68173 11.29532 13.03864 11.15417 43.75076 32.92084 150.35629 90.56854 38.56659 54.18396 17.11655 10.60486
0.00000 0.00381 0.82016 2.20108 3.84521 5.98907 30.36499 20.30563 2.96402 2.46048 2.31171 1.94168 5.78308 35.32791 27.02332 10.20813 9.99451 13.38959 18.39828 130.61142 93.68896 116.97769 107.15866 92.15546 45.47882 12.55798 33.47778 213.29117 180.30548 49.36600 14.79721
0.00000 0.04578 0.10681 1.78909 9.94492 10.12421 27.17209 60.23026 12.18414 0.88882 0.53787 0.89264 1.71661 3.40271 33.41675 3.78799 20.35904 14.36234 16.18195 32.03201 9.20868 4.04739 16.74271 13.56125 11.91711 14.50729 64.96048 37.83417 49.13330 26.02005 14.90402
0.05722 0.06866 0.27466 2.11334 6.85883 17.58957 21.16394 11.81030 3.55530 3.42941 7.32422 1.56403 1.05667 1.79291 0.97656 8.75092 9.45282 13.59558 21.85822 14.04953 5.24521 5.29099 40.88593 6.26755 8.83102 17.69638 5.27191 11.55853 53.37143 23.36502 15.46860
0.02670 0.22888 0.51498 2.10190 3.81470 1.72424 2.72751 3.78418 1.61743 1.20926 0.31662 0.16785 0.05341 0.37766 0.62561 5.18417 19.91272 59.91745 11.76834 24.05167 11.66534 2.32315 0.91553 2.01035 12.37869 6.05011 2.42996 10.50949 7.63321 26.62277 19.25659
0.06104 0.92697 0.49973 1.41907 11.39069 9.99451 5.39017 1.72424 1.04523 0.16022 1.08337 1.87683 0.29755 0.34714 3.52478 14.30511 57.55234 17.53616 27.75574 7.53403 6.77109 5.88608 9.35364 6.44302 10.28824 2.17438 1.21689 8.28552 15.84625 9.01413 7.09534
0.49210 0.53406 1.11771 5.55420 3.24249 3.08609 0.86594 1.59073 2.63596 0.88120 0.78201 0.49591 0.14496 0.29755 1.99127 27.17590 34.64508 96.39359 34.53827 28.18680 5.64194 12.11929 35.27832 29.15573 7.83539 3.55530 1.81580 3.31116 7.49969 6.72913 4.65393
3.96729 2.99454 3.96347 10.69641 3.10135 1.46484 0.61035 2.13623 3.05176 1.60980 0.32806 0.67902 0.20218 0.58746 3.72696 7.08389 7.74002 26.51215 37.59384 8.80814 12.26425 21.70563 35.80093 31.95572 30.66254 9.38034 5.06973 1.81961 0.94986 7.20596 8.26263
5.86319 11.14273 10.68115 13.15689 2.46429 1.58691 0.56839 1.20926 0.60654 0.24414 0.43869 0.61417 0.14877 0.17548 4.45557 11.62338 41.42380 14.09531 41.96930 25.51651 10.50949 11.16180 24.08218 36.17859 67.76428 17.54761 8.77380 5.60760 3.75366 1.14441 1.97983
