DATA/RAW-RASTER/ECMWF/20170628/EN-5/20170628.en-5.asc
ncols			31
nrows			16
xllcorner		69.5
yllcorner		19.5
cellsize		1.0
NODATA_value	-99999
2.99263 5.52750 2.67410 5.34821 8.00323 1.87874 3.37791 8.75473 0.75150 0.32043 1.24168 6.73676 6.53076 4.50134 0.90408 5.51414 3.27492 12.39014 5.74493 3.16811 1.33705 0.90218 0.91743 1.58501 1.25313 0.81635 0.90408 1.09291 3.34549 0.78773 8.15392
1.84250 1.46103 3.23486 8.59833 4.38499 1.45340 5.74875 2.24113 1.72424 0.57793 1.94931 2.43759 7.46727 6.39725 13.68713 4.17328 1.15776 12.55035 18.44406 2.31934 1.17111 0.69809 0.37384 0.80872 1.09100 1.42479 1.16539 1.19400 0.96130 1.18637 2.43759
5.84030 10.41603 6.92177 8.46100 4.69208 2.50244 7.09915 2.73132 2.40707 0.68283 1.39427 1.83487 0.84877 2.89154 2.15340 9.85527 8.86917 5.39970 9.49478 12.54272 4.64630 0.99373 0.20027 0.63705 0.49591 1.14822 1.19591 1.09100 0.38719 0.40436 7.16972
13.87787 7.64465 6.76918 3.52478 7.64847 2.70653 5.47218 10.06317 1.76620 0.62561 0.38910 0.20409 0.49400 3.16238 2.80571 4.98962 6.84357 11.36017 15.81383 9.16672 11.17706 6.05202 9.94301 2.32315 0.67329 0.00000 1.43051 0.35477 1.93024 1.63269 7.41768
5.26428 14.99176 11.38496 13.50975 12.38251 10.47134 13.61847 10.53047 10.04982 1.82915 0.00000 1.32561 2.31171 4.41551 1.31416 6.07109 6.16837 6.11115 16.37459 14.25552 13.90839 15.46669 11.67870 1.58691 1.84250 4.00734 2.75421 2.02751 1.85394 6.12640 8.18062
25.52795 21.73424 9.96971 9.35555 7.85446 7.78770 12.64000 26.84021 10.06126 15.61546 19.65141 6.24847 4.74930 1.20735 7.19833 6.71196 3.59917 8.04329 11.55472 10.94246 23.18954 12.44164 7.65610 5.92613 6.65283 6.58417 1.51634 0.95558 14.36234 6.93893 10.56290
7.66945 34.09195 10.16235 1.16920 3.54004 18.70728 25.23041 23.80753 13.53645 9.17435 11.26671 20.24460 10.08415 9.17244 8.23975 2.50053 2.92397 7.33566 5.64575 10.19287 7.80487 4.89235 9.05037 3.90816 12.06207 16.68549 14.40620 6.66618 0.74768 9.51576 6.46782
22.26830 41.94832 9.94110 7.42531 5.69916 3.08609 34.52873 78.90129 33.82683 21.37947 10.38742 3.09372 2.83241 11.63864 12.51602 24.54758 11.06644 5.29289 5.37109 6.35529 11.79123 14.05716 12.63809 31.93665 40.52353 70.38689 17.05551 8.84819 66.64085 18.67485 5.27573
17.02690 23.13995 19.63806 6.15883 16.25824 13.24272 5.79834 51.55945 40.93933 70.52803 29.10042 5.21278 3.08609 1.36566 0.45967 1.98364 3.64685 42.81235 95.31212 134.00650 81.23398 74.90158 117.22565 58.55370 18.53943 8.73375 7.45773 31.79741 47.77336 9.89723 2.26974
12.08496 7.97844 4.87328 7.69615 9.88197 4.48418 8.97217 21.33179 51.65863 69.17953 23.81897 7.16019 12.54082 5.54276 0.59700 0.94604 1.70326 6.52504 19.10591 12.39014 3.81660 22.73178 36.33690 4.33731 25.49362 13.54218 23.98109 14.03046 29.08707 4.43268 7.74574
7.22122 3.02505 4.82368 0.58174 2.75421 3.49998 8.64410 6.67000 44.88945 46.43059 44.05022 44.71779 31.18324 1.04713 1.15776 2.90680 2.38991 3.61824 3.34740 5.33104 29.18816 8.07953 54.00848 48.14148 16.69884 17.96722 9.84001 28.36800 30.90286 6.20270 2.18391
16.27350 1.61934 2.13432 17.77840 7.56645 1.41335 5.92422 7.25937 9.41277 28.56445 39.03008 12.72202 3.96538 7.72667 1.33324 2.71225 5.30624 4.65202 10.46181 7.92503 1.89781 2.43950 8.89206 12.57324 3.46184 18.36014 5.84984 16.47186 25.07210 33.17642 25.30098
9.52530 6.11877 1.16539 6.15311 3.46756 1.67465 5.19943 13.01765 57.10793 14.86397 33.66089 19.31572 7.02477 7.76863 37.03690 15.11002 10.24818 5.95474 3.84521 6.55174 25.04730 2.10381 12.84599 10.96344 4.12750 3.78609 1.98555 19.92226 11.90376 21.99745 29.77753
12.26044 5.00488 5.37491 4.25720 2.04468 2.64168 2.36130 3.58772 68.37845 89.46419 75.88005 29.23584 14.64653 4.90189 25.39253 30.51376 8.72803 1.08528 4.69017 6.06346 5.59616 9.19914 0.35858 2.61307 7.32803 0.52452 4.76646 7.19261 27.50969 20.95032 24.42360
14.56261 3.51143 10.58578 41.48293 2.58446 2.13623 1.32561 2.37465 30.42030 28.44620 58.85124 75.69122 5.72205 2.43187 14.12773 21.89445 7.92503 6.17027 5.49126 5.76401 3.50189 9.61685 12.64000 3.28636 8.25500 0.00000 1.13678 1.54877 1.39046 11.90376 10.51903
115.96680 37.71782 23.15712 29.74319 3.30353 2.08855 1.85394 3.25394 6.06537 11.83891 39.18648 16.73698 6.55556 15.86914 32.54128 5.56374 2.80380 22.61162 14.99939 3.43323 3.47710 4.87900 11.06262 23.03696 9.58633 1.23596 2.83813 3.21007 5.40733 5.24330 7.27272
