DATA/RAW-RASTER/ECMWF/20170628/EN-5/20170629.en-5.asc
ncols			31
nrows			16
xllcorner		69.5
yllcorner		19.5
cellsize		1.0
NODATA_value	-99999
0.84114 1.04904 2.21252 1.90735 11.96671 7.11250 4.74358 7.13348 4.02451 1.25885 4.62151 7.64465 11.40213 8.33130 13.96561 15.21873 9.63783 5.98907 5.30624 16.61491 9.61494 5.89561 3.14140 1.45531 0.37956 0.12207 0.36240 0.00572 0.00000 0.00191 1.13106
0.43869 0.30136 1.83487 12.98904 8.36754 12.85172 7.54547 5.46074 11.74545 6.08635 4.28772 6.17981 9.28688 11.74927 12.42447 10.37979 6.54030 5.43976 3.20435 7.77817 6.19125 15.39230 11.52039 9.49478 3.32260 11.38878 1.42860 0.31281 0.00000 0.01144 0.31662
2.22778 7.28798 8.98933 8.12912 19.14978 12.56180 10.77652 5.47028 3.91388 2.59399 1.13869 0.28610 1.01662 1.73950 3.06511 8.00896 4.76456 4.49944 8.87299 5.44357 6.42395 13.12828 10.12611 10.83755 15.25497 14.30130 6.78444 5.06973 0.81825 0.01907 0.11635
4.02832 8.18634 21.34514 31.17371 25.51651 9.18007 8.54683 9.37271 12.38632 4.21906 2.16293 0.95177 0.18501 1.47247 0.33379 1.98746 3.44086 5.75638 8.22258 10.65445 7.05719 7.39098 16.37840 12.45499 15.11192 11.96671 12.48932 11.94382 11.62720 1.11008 1.04713
1.52588 8.87680 19.26613 19.43779 22.04514 11.62720 50.89188 10.63728 19.78874 14.19258 1.81580 2.58064 2.46048 1.85585 0.39101 0.51308 0.87738 2.12097 5.96428 12.52747 24.45984 35.41374 28.86009 13.46207 11.46698 9.46999 7.91168 22.66502 19.96994 6.37436 3.13759
12.26044 5.82695 10.54955 18.75114 13.46207 42.05132 35.45189 44.48318 25.06065 52.38914 29.04701 19.92035 5.47028 0.61989 0.98038 0.37575 0.68474 4.01115 4.61960 3.55721 8.19397 17.16805 19.41299 19.80400 22.22443 29.89960 13.37624 6.46400 12.64572 18.31436 14.13345
3.70598 8.17490 22.95303 28.08952 22.54105 20.30563 20.59937 19.84406 56.02455 24.98627 25.93803 22.70126 30.57289 6.06346 0.69046 0.88692 1.13869 1.33133 2.34604 0.81253 4.19235 4.51088 10.20622 12.67433 16.20865 85.99854 26.04103 13.72337 7.87354 12.62093 10.49995
17.46559 38.41591 37.31918 16.08467 20.99609 44.76166 18.62907 25.48409 53.23219 18.80836 22.50290 13.87787 3.64113 5.58472 10.56671 20.71762 10.88715 1.29128 0.74387 4.43268 14.49203 15.71655 7.61795 30.68924 36.67831 25.66338 59.73434 19.93370 62.49046 20.31898 12.34818
18.74352 25.56610 15.65933 23.56911 9.81140 8.40950 6.61087 4.76837 26.21841 29.36363 24.58382 12.40730 4.98199 2.29645 3.68690 1.62888 0.76675 12.68387 30.42412 24.58191 6.81686 7.11441 6.83975 27.58980 13.14926 7.21931 10.10132 46.82350 67.22069 23.55003 8.41904
14.46152 26.95274 16.08849 8.03947 4.72450 4.23622 2.16293 14.69421 9.84192 11.28006 51.40305 17.92526 6.22368 1.70517 0.94414 1.46866 2.50435 2.12669 4.87328 7.01141 10.84328 7.96509 24.82414 4.61578 4.34494 30.28870 24.34349 18.33725 64.10599 8.01086 5.84602
22.01462 35.39276 13.70049 3.09181 1.50299 4.35066 0.46921 3.00789 9.78661 9.81712 26.98708 43.52379 20.14351 6.91795 1.57738 0.55695 0.93269 1.69563 6.16264 5.10597 3.76701 7.63321 17.34924 1.12915 6.49452 32.13882 21.09337 28.77617 39.65378 7.84302 2.85912
53.73001 16.77513 2.02751 4.68254 6.98662 0.79536 0.32425 0.03433 2.68364 9.60541 41.73470 34.88159 20.40291 3.39317 3.69072 2.21634 2.50244 5.33485 4.74358 3.78990 11.96861 9.19151 9.19342 10.94437 23.43941 20.83206 7.44438 22.42279 7.97844 11.45935 11.98006
42.57202 12.62665 9.15718 12.47406 12.07352 3.32260 0.63705 0.83351 6.40297 29.03557 178.73764 27.52876 42.51289 7.82967 6.44302 3.39508 2.11143 2.83813 9.01794 13.63564 12.71820 13.82256 7.52831 18.31818 41.19492 4.53758 1.89018 11.21330 24.51515 10.24437 4.30298
42.83905 8.88443 4.18091 5.79834 0.83923 0.52452 0.97275 1.77574 5.80215 17.51137 11.50703 10.47897 6.98280 3.76129 3.06892 1.48010 3.31497 16.44707 8.66890 26.28136 9.18579 24.79744 9.55963 23.97919 27.08435 3.53050 1.29128 7.46727 23.68736 14.87732 15.01274
69.92149 7.66945 5.84793 13.41057 4.43077 0.50735 0.03624 0.28419 3.04985 0.42725 1.39427 1.22833 1.08337 0.61607 3.61443 11.38115 5.97191 9.46236 9.58443 16.38794 34.44672 39.36386 37.38594 45.00389 18.81790 4.50134 2.13242 3.55530 9.80186 11.99532 29.67644
8.66699 11.31248 15.38277 17.19284 4.62341 1.94740 0.55695 0.58746 0.91934 2.73705 15.45143 4.23622 2.74467 7.09915 1.27220 1.65749 6.24847 7.00951 10.31494 14.51874 15.06233 15.10239 26.95465 36.63635 34.58786 3.94821 4.23431 14.29176 6.89125 11.62529 17.63725
