DATA/RAW-RASTER/ECMWF/20170628/EN-5/20170709.en-5.asc
ncols			31
nrows			16
xllcorner		69.5
yllcorner		19.5
cellsize		1.0
NODATA_value	-99999
0.10681 0.60272 2.60162 4.54712 0.01526 0.00000 0.00000 0.12207 0.10681 0.10681 0.39673 0.49591 1.18256 1.19781 1.39618 1.42670 1.31989 1.67084 4.11224 6.22559 13.93127 13.22937 9.22394 3.60870 2.96783 0.24414 0.01526 0.14496 0.09918 0.00000 0.00000
0.00000 0.00763 0.02289 1.21307 4.66919 2.52533 0.90027 0.85449 0.04578 0.01526 0.52643 0.78583 2.18964 1.71661 1.97601 1.76239 2.15149 3.28827 12.00104 11.52802 7.08008 5.88989 3.25775 3.58582 0.71716 0.41962 0.10681 0.04578 0.00763 0.06104 0.03815
0.05341 0.00000 0.00000 0.10681 3.21960 16.32690 3.59344 0.13733 0.04578 0.00000 0.54169 1.87683 0.74768 0.82397 1.04523 1.25885 4.95148 2.42615 13.54980 9.28497 9.23920 18.95905 3.01361 0.59509 1.98364 0.09155 0.22125 0.12207 0.34332 0.28229 0.35858
0.00000 0.00000 0.00000 0.00000 0.07629 1.94550 24.42932 19.05060 0.19836 0.48065 1.09863 0.85449 1.51825 0.99945 1.13678 2.71606 4.60815 4.99725 6.17218 11.23810 21.40045 13.57269 21.70563 5.41687 2.89917 0.03815 0.22888 0.53406 0.19073 0.69427 1.57928
0.00763 0.00000 0.00000 0.00000 0.00763 0.31281 1.29700 5.79071 4.23431 1.56403 0.67902 4.52423 2.34222 25.10834 2.44904 1.63269 0.41962 0.97656 1.83868 3.04413 3.21960 4.40979 10.84900 12.24518 5.53894 0.35095 0.40436 0.74768 0.81635 1.12915 1.30463
0.00000 0.00000 0.00000 0.00000 0.00000 0.00000 0.06104 0.77057 6.72150 33.17261 28.16772 5.60760 2.09045 3.15094 2.24304 0.17548 0.16022 0.38147 1.37329 2.44904 1.21307 4.37164 1.14441 4.21143 13.90839 2.89917 2.54822 13.05389 6.33240 2.06757 3.17383
0.00000 0.00000 0.00000 0.00000 0.03052 0.00763 0.00000 0.22125 2.87628 7.88116 5.05829 9.83429 2.10571 4.79889 0.25177 1.30463 1.08337 1.32751 0.58746 0.98419 1.96838 2.55585 1.53351 2.35748 8.26263 16.90674 19.11926 12.11548 21.99554 10.20813 10.24628
0.00000 0.00000 0.00000 0.00000 0.02289 0.02289 0.00000 0.15259 0.03815 1.38092 10.38361 7.88116 18.34106 11.68823 3.66211 2.43378 5.92804 2.25067 0.92316 1.10626 4.78363 7.79724 4.18091 22.00317 6.08063 24.49799 29.06036 35.91919 20.34760 20.32471 18.11981
0.01526 0.00000 0.00763 0.16785 0.17548 0.06104 0.01526 0.00763 0.09155 0.03052 3.17383 4.82178 12.96997 2.90680 4.69208 8.29315 10.70404 11.71112 39.74152 24.32251 11.08551 12.81738 9.02557 9.90295 4.75311 7.59888 9.65118 71.59424 54.84009 14.03809 24.71161
0.19073 0.81635 1.70135 1.00708 1.08337 0.37384 0.22125 0.48065 0.35095 1.19781 0.64087 2.25830 12.50458 10.57434 5.88989 6.85120 9.36890 13.83209 12.11548 15.03754 11.48224 15.60211 12.14600 4.92859 5.97382 20.88165 7.08008 15.79285 32.79114 10.95581 18.79883
1.07574 1.06049 1.12152 1.01471 0.10681 0.48065 0.17548 0.85449 0.18311 0.31281 1.14441 3.74603 17.05933 30.06744 11.74164 11.04736 4.97437 8.59070 7.50732 10.14709 16.93726 8.27789 11.09314 8.05664 8.05664 2.57874 6.10352 6.50024 27.87018 2.56348 15.37323
0.80872 0.64850 1.92261 1.93787 0.73242 1.28937 0.57983 1.29700 1.33514 0.42725 3.51715 8.87299 17.50183 21.85059 9.03320 8.68988 10.60486 7.17926 10.58197 9.23157 7.94983 11.12366 4.09698 8.51440 3.81470 1.90735 1.25885 5.57709 5.93567 15.84625 11.29150
1.31226 1.13678 0.67902 2.05994 2.28119 1.36566 2.57874 2.39563 3.20435 3.95966 5.35583 16.05225 15.44952 20.25604 11.15417 20.78247 6.44684 13.00812 24.56665 31.85272 10.22339 29.24347 10.13184 8.92639 4.30298 1.35040 0.30518 4.42505 19.90509 13.28278 7.18689
2.76947 0.96130 0.83160 2.45667 1.91498 1.38855 1.78528 6.37054 5.64575 1.77002 4.47083 4.75311 25.79498 19.46259 27.04620 5.01251 7.71332 8.97217 27.17590 37.62054 12.24518 8.70514 3.87573 21.61407 2.25067 0.74005 0.57220 5.34821 23.98682 4.90570 7.91931
4.22668 3.46375 2.46429 5.90515 0.86975 1.11389 1.22070 2.22015 11.83319 5.78308 3.92151 12.09259 33.85162 29.32739 12.01630 7.75909 40.73334 7.03430 13.54980 19.81354 12.42828 6.50024 11.48987 8.17108 8.14056 1.40381 0.72479 1.89972 4.62341 2.93732 9.66644
3.79181 3.50189 8.49152 16.79230 1.24359 1.21307 4.81415 1.44196 10.60486 17.76886 23.78082 7.91931 22.04132 32.76825 5.95093 18.39447 20.55359 26.03149 27.41241 41.14532 31.21185 22.65930 12.02393 15.04517 17.82227 26.11542 2.53296 2.61688 2.38037 2.21252 1.20544
