DATA/RAW-RASTER/ECMWF/20170628/EN-5/20170704.en-5.asc
ncols			31
nrows			16
xllcorner		69.5
yllcorner		19.5
cellsize		1.0
NODATA_value	-99999
1.94550 7.84302 9.14764 2.45667 7.07245 0.53406 1.52588 0.77057 0.27466 0.19073 2.50244 1.81580 3.86810 2.14386 1.73950 2.16675 1.64795 1.27411 0.33569 1.35040 0.06866 0.10681 0.09155 0.25940 0.74005 1.78528 3.15857 4.45557 10.99396 15.07568 13.99231
0.77820 0.00000 11.00159 4.53186 1.32751 0.08392 0.51880 0.80872 0.44250 0.32043 1.57928 1.93787 3.37219 3.45612 3.53241 6.23322 6.19507 5.84412 2.83813 0.38147 0.16785 0.21362 0.18311 0.57983 1.51825 3.95203 8.20923 8.52966 9.15527 7.27844 16.65497
0.13733 2.49481 0.28229 4.83704 5.97382 6.06537 1.00708 0.10681 0.03052 0.01526 0.03052 0.03052 0.95367 1.40381 1.22070 1.40381 3.60107 4.57001 0.96130 1.07574 1.10626 1.35803 2.45667 2.42615 7.80487 8.49152 4.49371 6.47736 5.65338 7.75909 9.19342
0.00000 0.04578 0.00000 0.46539 1.22070 5.61523 2.95258 16.83044 0.12970 0.00000 0.00000 0.00000 0.00000 1.48010 0.86975 4.04358 6.05011 12.45880 3.63159 7.33948 3.73840 9.46045 8.48389 6.59180 10.62775 13.68713 12.49695 3.53241 8.42285 7.50732 2.88391
3.17383 0.00000 0.00000 0.00000 0.06866 0.80872 2.44904 3.10516 0.96893 0.36621 0.03052 0.12207 0.89264 5.80597 5.69153 7.53021 2.74658 9.12476 4.37164 5.54657 8.67462 4.63104 3.98254 5.87463 6.54602 2.31934 1.18256 1.16730 2.83813 3.41797 4.69208
1.46484 0.00000 0.00000 0.00000 0.00000 0.04578 0.19073 2.24304 9.17816 11.71112 25.72632 12.55798 11.32202 1.96075 2.73895 4.31061 21.66748 11.10840 14.06097 3.12042 5.26428 8.97980 11.48224 11.49750 9.65881 2.83813 3.76892 1.30463 8.17108 9.01794 6.67572
0.00000 0.00000 0.00000 0.00000 0.00000 0.00000 0.42725 0.47302 0.41962 3.48663 7.35474 13.17596 11.69586 9.68933 5.08118 5.85175 2.01416 13.11493 3.40271 7.69043 6.78253 1.44958 6.39343 4.32587 5.75256 28.21350 16.83044 5.07355 1.90735 2.47192 10.58960
0.00000 0.00000 0.00000 0.00000 0.00000 0.00000 0.15259 0.14496 0.48065 1.46484 1.27411 8.37708 26.74866 92.84973 15.38086 20.98083 11.71112 5.73730 28.25165 12.40540 9.23157 10.68115 4.26483 13.48877 14.38904 25.82550 43.17474 10.74982 12.48932 8.27789 11.67297
0.01526 0.01526 0.06104 0.13733 0.05341 0.04578 0.19836 0.12970 0.02289 0.28229 0.55695 1.73187 13.00812 32.52411 26.48163 18.13507 5.60760 4.92096 198.17352 81.71844 71.02203 113.12866 71.80786 100.01373 30.61676 10.16235 6.79016 14.80103 17.33398 2.73895 16.71600
0.06104 0.51880 0.59509 0.86975 1.15967 0.10681 0.03815 0.09918 0.24414 0.01526 0.03052 0.05341 4.14276 22.48383 151.81732 38.94043 24.68109 40.05432 21.59882 15.44952 76.52283 99.84589 87.82196 5.50842 10.68115 17.18903 99.02191 41.67175 172.50061 16.37268 1.02234
0.35858 0.43488 0.98419 0.76294 0.00000 0.18311 0.04578 0.02289 0.04578 0.05341 0.27466 0.16022 1.70898 4.76837 32.66144 98.42682 94.30695 2.41089 30.89905 6.04248 31.11267 33.56171 37.52136 6.27136 9.44519 6.48499 13.13782 13.31329 34.60693 34.43146 13.04626
0.68665 0.25940 1.52588 2.31171 1.06049 1.06812 0.39673 0.35858 0.06866 0.29755 0.91553 0.68665 2.07520 1.70898 6.22559 19.43970 5.91278 2.74658 24.55902 11.42120 16.26587 19.18030 3.21198 15.78522 25.81787 2.73895 2.48718 4.28009 10.57434 23.31543 17.15088
0.52643 0.60272 0.05341 0.38147 2.18201 1.43433 0.90027 0.64087 0.19073 0.85449 0.67902 1.79291 0.41962 4.27246 5.18036 10.45990 10.72693 16.96014 40.26794 18.90564 31.60095 26.78680 12.50458 26.08490 6.82068 1.13678 1.50299 6.98090 18.49365 27.19879 26.73340
2.39563 0.74005 0.06104 0.45013 1.60217 0.93842 0.68665 1.12152 1.99127 0.40436 1.30463 0.44250 0.14496 12.55798 16.50238 19.25659 3.69263 22.50671 24.94812 17.21191 23.06366 23.55194 42.07611 41.29028 9.71222 2.25067 2.50244 4.85992 10.78033 16.47186 9.96399
2.19727 0.59509 1.11389 2.77710 1.96075 1.59454 1.01471 1.12915 0.30518 0.25177 0.25177 0.70190 0.46539 1.92261 32.66907 14.24408 2.38037 31.96716 8.79669 9.52911 11.50513 18.55469 44.79218 51.61285 19.08875 3.95203 3.52478 1.96838 1.17493 3.16620 7.51495
4.65393 3.12805 3.15857 8.76617 1.67847 2.95258 0.94604 1.82343 0.74005 0.42725 1.05286 0.99945 4.82941 20.24841 9.76562 19.66858 6.26373 2.96021 9.35364 9.05609 6.72150 12.03156 20.75195 25.94757 26.55029 2.76947 7.03430 2.33459 4.93622 2.49481 3.44849
