DATA/RAW-RASTER/ECMWF/20170628/EN-5/20170711.en-5.asc
ncols			31
nrows			16
xllcorner		69.5
yllcorner		19.5
cellsize		1.0
NODATA_value	-99999
0.00000 0.09918 5.10406 7.56836 1.66321 0.45013 0.08392 0.58746 0.31281 0.04578 1.27411 0.74005 1.22833 0.97656 0.73242 0.28992 0.00000 0.00000 0.64850 1.86157 2.26593 0.67139 0.82397 0.55695 0.19073 0.03052 0.12207 0.27466 0.26703 0.13733 1.17493
0.00000 0.06866 0.62561 1.31989 3.62396 3.47137 1.06812 0.21362 0.51880 0.09918 1.55640 1.97601 1.25122 2.83813 4.04358 0.68665 1.08337 2.46429 1.85394 5.84412 8.27026 5.07355 1.70135 0.16785 0.04578 0.00763 0.01526 0.37384 0.26703 0.16785 1.02997
0.70190 0.01526 0.00000 0.06104 0.64850 4.57764 2.69318 0.15259 0.90027 0.00000 2.93732 8.39996 12.72583 19.21082 16.52527 2.98309 7.98798 4.89807 3.39508 10.95581 3.96729 0.56458 1.00708 0.45013 0.00000 0.00000 0.04578 0.02289 0.27466 1.25885 2.28882
0.00763 0.00000 0.00000 0.01526 0.00000 0.12970 1.82343 21.89636 0.64850 2.15912 0.76294 8.39233 3.36456 3.10516 4.14276 3.26538 7.43866 2.39563 0.90790 0.38910 0.45013 0.01526 0.06104 0.03815 0.00000 0.05341 0.00763 0.04578 1.26648 1.86920 4.38690
0.03052 0.00000 0.00000 0.00000 0.00000 0.01526 0.22125 2.96783 8.39233 2.31171 1.14441 9.26208 5.20325 4.44794 2.52533 8.02612 9.62067 5.75256 5.37109 2.05994 0.07629 0.14496 0.48828 0.01526 0.33569 0.06866 0.00000 0.00000 0.71716 1.72424 5.66101
0.00000 0.01526 0.00000 0.00000 0.00000 0.00000 0.00000 0.80872 19.18793 27.04620 68.85529 11.46698 14.51111 5.02777 7.32422 7.08008 13.90839 8.20160 13.22174 9.20868 0.81635 2.70844 1.25122 1.73187 6.13403 0.94604 0.29755 2.43378 1.61743 4.65393 4.19617
0.00000 0.00000 0.00000 0.01526 0.01526 0.00000 0.00000 0.00763 0.61798 9.86481 34.76715 49.35455 50.43030 11.60431 11.25336 4.92096 11.24573 23.95630 18.61572 4.96674 10.80322 3.35693 6.14929 8.07953 30.93719 33.56934 39.15405 12.09259 12.22229 9.87244 10.47516
0.00000 0.00000 0.01526 0.00000 0.01526 0.00000 0.04578 0.01526 0.01526 0.45776 6.44684 6.51550 25.86365 70.75500 38.53607 88.68408 42.92297 30.73883 13.54980 5.99670 7.22504 23.56720 25.66528 32.38678 33.56934 69.79370 90.89661 34.61456 30.59387 9.93347 18.60046
0.00000 0.00000 0.00000 0.05341 0.09918 0.00000 0.14496 1.04523 0.28229 0.67139 4.72260 9.39941 11.20758 8.55255 8.56018 9.81140 13.25226 71.18225 78.99475 150.75684 69.70978 62.56104 21.85059 12.43591 2.45667 1.87683 17.08984 70.21332 29.99115 12.36725 16.22009
0.00000 0.03815 0.41962 0.88501 0.99945 0.23651 0.05341 4.40979 0.27466 3.99780 28.99933 12.50458 2.17438 7.50732 12.77924 8.22449 6.27899 8.83484 11.04736 10.68115 15.02228 12.39014 14.36615 14.44244 6.79016 30.22766 36.61346 25.28381 65.23895 4.05121 12.15363
0.03815 0.38147 0.87738 1.49536 0.88501 0.85449 0.52643 7.30133 4.08173 24.17755 23.67401 9.59015 7.07245 4.38690 12.42828 2.70844 5.77545 8.33130 12.19177 5.18036 6.64520 12.06970 19.31763 9.59778 6.69098 11.58905 14.76288 18.85223 23.52905 13.99994 8.20160
0.46539 0.85449 1.95312 4.72260 4.66919 3.75366 10.29968 116.95099 43.07556 6.69098 7.70569 7.83539 3.25012 18.11218 7.04193 15.83862 1.27411 4.11987 3.20435 2.70844 1.93787 3.51715 2.14386 5.21851 13.38196 7.82013 4.22668 6.99615 7.58362 4.89044 7.88116
1.49536 1.90735 3.71552 4.28772 8.09479 12.47406 40.15350 80.81818 127.68555 28.48053 33.92792 19.09637 5.02014 17.34924 11.98578 4.35638 2.67792 5.51605 11.74927 2.73895 1.68610 7.77435 1.91498 5.32532 7.97272 3.41034 1.08337 2.92206 4.35638 3.34930 2.18201
2.42615 2.48718 1.44958 1.83105 1.81580 6.17981 11.23047 37.39929 61.53107 107.75757 11.73401 14.38141 12.91656 1.87683 2.39563 3.62396 4.79126 7.49969 16.94489 11.66534 3.73840 7.25555 1.69373 9.68170 12.71820 0.40436 2.47955 1.07574 3.93677 3.21960 9.11713
1.95312 2.67792 1.74713 7.82013 7.87354 3.92151 5.74493 12.70294 27.45819 63.38501 127.70081 13.83209 2.57874 1.14441 1.40381 19.59229 4.31824 15.76233 8.93402 9.47571 6.69861 8.20923 16.81519 8.95691 2.54822 2.43378 4.75311 1.79291 0.89264 1.73187 5.58472
3.02887 3.72314 6.39343 13.55743 1.85394 4.65393 3.49426 8.41522 17.86041 35.41565 44.10553 3.36456 0.75531 0.95367 4.04358 14.57214 8.21686 13.70239 13.64899 10.24628 9.59778 13.77106 22.94922 34.68323 18.96667 6.75201 8.48389 9.79614 5.55420 6.70624 2.22778
