DATA/RAW-RASTER/ECMWF/20170628/EN-5/20170703.en-5.asc
ncols			31
nrows			16
xllcorner		69.5
yllcorner		19.5
cellsize		1.0
NODATA_value	-99999
0.34714 1.07193 1.65939 2.46811 4.26865 1.45340 2.34985 4.65012 1.11771 0.02670 0.23270 0.95749 0.42725 0.29373 0.96130 1.61743 2.97546 8.41141 7.80869 3.44467 5.76782 8.27408 17.97867 16.40701 13.60703 13.81683 8.30460 8.13293 1.94550 0.48065 0.82397
0.00381 0.00000 1.18256 0.64087 0.04578 0.31281 1.09482 2.48337 0.78964 0.23270 0.41580 3.13950 3.01361 3.32260 1.73187 2.97928 4.52042 3.03650 7.17545 4.58145 1.71661 7.88879 5.43976 4.69208 10.05936 6.90460 5.24521 5.97763 2.08664 0.77438 4.24957
0.24414 1.78528 0.08011 5.45120 3.62396 5.69153 7.66373 0.50735 0.14496 0.10300 0.12207 0.82397 1.48392 1.55640 1.25504 0.85831 2.72369 1.19019 4.55093 2.00653 6.84357 4.33731 1.81198 1.49918 2.05231 4.92859 6.75964 4.98581 1.68610 2.50626 5.72968
0.04959 0.09537 1.54877 1.31226 7.77435 6.88171 2.89917 7.75146 0.06104 0.03815 0.04196 0.04959 0.36621 1.33514 2.09808 3.19290 2.81906 4.83704 4.24194 6.52313 4.16183 2.37274 3.09753 1.83487 1.45340 0.57220 10.92911 3.66211 9.20868 5.55038 3.17001
3.29590 0.00000 0.16785 0.29373 0.62943 1.77765 3.19290 3.66211 4.95529 0.19455 0.25558 0.28610 0.32806 0.28992 2.01797 1.11008 2.96783 7.68661 6.43921 4.64630 6.45065 4.19235 1.36185 0.74005 1.03760 2.88391 4.91333 9.13620 5.34821 4.40598 1.07193
3.04031 0.00763 0.00381 0.09537 0.08392 0.45776 2.18964 4.97437 4.38309 3.72314 14.55307 2.32697 0.77057 0.21744 0.02670 1.63651 12.54272 7.60651 3.61633 14.83917 10.31876 6.27899 6.01578 5.87082 8.94165 10.26917 2.34985 2.31934 7.40433 6.03104 5.58853
0.00381 0.00000 0.00000 0.02289 0.07248 0.04578 0.48828 1.29318 3.13187 7.87354 3.72314 18.85605 6.17218 2.68555 4.66537 6.14929 3.41415 8.99506 12.59613 12.56943 11.84464 11.40213 8.66318 3.91769 5.49698 29.39987 7.43866 7.46155 3.00598 13.01575 7.14111
0.00000 0.00000 0.01907 0.14877 0.39291 0.45013 0.07629 0.03052 1.98364 7.83920 8.78906 17.43317 10.55908 8.55255 23.22388 21.84296 52.49786 7.80869 22.74704 8.27408 8.65936 21.06857 6.22177 33.32138 35.52628 18.51654 27.19879 12.68387 28.88107 5.55038 20.96176
0.00381 0.01144 0.02670 0.04959 0.07248 0.08392 0.09918 0.00000 0.54169 9.31168 4.81415 7.14874 23.81897 16.66260 12.85934 8.44574 13.65662 84.57184 96.16852 30.95627 69.17572 111.99188 37.01401 59.94797 35.80475 12.69531 11.39069 86.24649 58.22372 13.09967 13.48114
0.23651 0.40817 0.35858 0.44250 0.85068 0.14496 0.21362 0.36621 0.03433 0.01907 7.62177 29.14810 64.25858 22.01080 27.69089 5.74493 4.57382 33.72574 33.43201 34.91592 64.59045 55.03082 79.81491 49.20578 26.30234 12.29477 22.03751 19.15359 54.89731 32.79495 28.02658
0.47684 0.67902 0.61417 0.34332 0.01907 0.18692 0.08392 1.10245 0.23651 0.12589 1.40381 4.73404 7.57217 4.44031 10.07843 26.99280 6.34766 4.64630 20.83969 46.25702 25.92468 62.81662 99.29276 69.64874 22.45712 3.60489 7.34711 14.75143 28.01514 22.49146 17.19284
0.61417 0.77820 1.61743 2.84576 0.77438 0.58365 0.49973 1.38855 1.82343 1.94168 0.96512 1.42288 5.85556 7.20978 10.86426 23.64349 23.27347 10.00214 26.05438 11.56616 9.23920 52.66571 6.25992 6.96945 13.57651 5.66483 8.56018 23.17810 19.18411 24.34921 7.71332
0.35095 0.75531 0.45013 1.00327 1.68610 1.53351 0.66376 2.26974 2.10571 2.59399 3.73840 3.13568 2.79617 2.48718 26.65329 6.56891 20.88165 16.69693 5.28717 4.27246 13.00049 61.86295 23.48709 30.33066 3.37982 8.72421 12.13837 15.36179 13.32855 18.17322 7.64084
0.94223 0.95749 0.08011 1.72806 3.11661 1.13297 1.54877 3.13568 1.22452 3.55911 3.10135 5.53894 6.15692 16.86478 48.06900 15.01083 6.22559 4.76456 16.88766 10.81085 14.14108 23.83041 41.85486 41.48865 2.88010 10.23102 3.65067 5.30243 19.39392 9.76181 14.46915
2.47192 3.25394 2.50626 4.13895 5.08881 1.54877 1.43814 2.73132 0.54932 2.36130 4.23050 16.17050 13.41248 5.63431 16.03317 6.11496 13.86642 7.63321 12.50076 19.68002 17.55524 18.56232 48.07663 29.79660 2.34604 3.76511 4.33731 6.98853 8.57544 11.41739 10.77271
5.68771 6.00433 5.38635 7.48825 1.14822 6.94275 2.46429 1.82724 2.64740 1.24741 5.71442 6.21033 7.79724 2.86102 4.15421 4.02451 3.81851 8.89587 16.37650 5.92804 8.60214 6.42014 18.51654 19.69910 32.81403 1.56403 8.07571 6.78635 13.56506 19.69910 9.01031
