DATA/RAW-RASTER/ECMWF/20170628/EN-5/20170710.en-5.asc
ncols			31
nrows			16
xllcorner		69.5
yllcorner		19.5
cellsize		1.0
NODATA_value	-99999
0.00000 0.11444 1.38855 1.04523 1.28174 0.21362 0.00000 0.19073 0.16785 0.02289 0.07629 0.80109 0.80109 0.45776 0.83923 1.41907 0.77820 0.93842 0.45013 0.74005 1.51825 1.24359 0.58746 1.52588 1.96075 5.07355 2.40326 4.37164 4.67682 12.92419 15.95306
0.00000 0.00000 0.06104 1.48773 1.01471 2.25067 0.48828 0.17548 0.00763 0.12207 1.44196 1.19781 2.54822 1.91498 2.02179 4.28772 1.69373 1.97601 1.87683 0.86975 0.67139 0.35858 0.27466 0.16785 2.12860 3.26538 8.94928 9.53674 11.17706 9.87244 3.85284
0.00000 0.05341 0.03052 0.28992 0.36621 7.01141 2.81525 0.25940 0.78583 0.71716 0.49591 3.05939 1.60980 2.13623 0.98419 2.53296 10.42175 0.90790 1.71661 1.37329 1.00708 0.31281 1.08337 0.95367 1.85394 7.56836 5.33295 9.37653 7.82013 4.65393 3.10516
0.00000 0.00000 0.00000 0.00000 0.01526 0.98419 2.83813 12.09259 0.69427 0.37384 0.45776 1.92261 1.97601 13.21411 4.68445 1.93024 2.72369 5.37109 4.15802 1.16730 1.02234 4.11987 4.15039 4.25720 6.10352 3.30353 9.95636 18.05878 9.10187 11.69586 9.91821
0.00000 0.00000 0.00000 0.00000 0.00000 0.03052 0.79346 9.14764 31.02875 2.00653 0.27466 2.38037 4.20380 17.57812 4.33350 4.46320 3.80707 7.73621 9.74274 4.97437 2.73132 5.89752 10.09369 8.89587 8.40759 10.71930 12.85553 15.88440 10.74219 6.21796 1.65558
0.00000 0.00000 0.00000 0.00000 0.00000 0.67139 0.16022 1.07574 8.72040 5.14984 13.33618 7.56836 1.76239 0.60272 1.63269 1.31989 7.87354 4.81415 2.95258 9.80377 20.75958 9.19342 7.13348 19.40918 13.17596 10.91766 8.51440 5.44739 18.26477 6.52313 3.21198
0.00000 0.00000 0.00000 0.00000 0.00000 0.01526 0.03052 0.69427 1.35040 31.28815 20.79773 8.58307 10.12421 1.38855 0.42725 2.08282 2.07520 2.98309 4.95911 1.93787 9.10950 3.47900 7.16400 12.01630 30.73120 48.33984 19.11926 8.63647 8.75854 9.71985 16.17432
0.00000 0.00000 0.00000 0.00000 0.00000 0.00000 0.09155 0.44250 0.90790 1.64032 15.31219 10.99396 3.69263 5.59235 2.60162 6.59943 17.81464 2.62451 2.12860 13.66425 17.76886 14.86206 10.63538 23.85712 32.01294 37.61292 113.00659 37.96387 55.90057 11.46698 17.25769
0.00000 0.00000 0.01526 0.00000 0.02289 0.02289 0.06104 0.09155 0.09155 0.10681 2.36511 13.17596 10.89478 7.82013 4.73022 8.47626 7.25555 19.36340 60.73761 68.10760 49.69788 32.52411 20.48492 19.43970 17.73834 7.00378 32.74536 114.37988 102.06604 40.88593 26.19171
0.06104 0.18311 0.76294 0.43488 0.53406 0.01526 0.05341 0.19073 0.11444 0.16785 0.96893 7.17163 8.20160 4.11987 11.90948 6.13403 3.19672 4.91333 6.52313 6.05774 1.37329 1.49536 16.14380 4.53949 7.53784 28.48816 24.30725 9.35364 42.29736 24.06311 34.20258
0.49591 0.86975 0.35095 1.70898 0.08392 0.35095 0.05341 0.32806 0.43488 3.20435 4.92096 7.10297 12.08496 6.08826 2.08282 8.77380 3.18909 9.65118 2.63214 2.64740 3.67737 4.49371 17.57812 3.47900 3.82996 16.91437 1.38092 4.84467 13.19885 6.90460 4.19617
0.56458 0.86975 2.31934 3.26538 0.84686 0.86975 2.34985 0.51117 1.54877 8.43048 20.70618 13.06152 15.12909 13.19122 5.16510 10.68878 7.41577 2.29645 3.36456 1.28174 3.70789 1.00708 0.51117 2.74658 8.80432 1.36566 0.54169 2.84576 3.79944 3.80707 15.48767
1.31226 1.62506 1.16730 1.59454 2.26593 2.22778 0.64087 2.87628 3.94440 25.06256 39.03961 17.25769 19.84406 16.43372 8.35419 7.91931 7.06482 7.01141 4.81415 3.73077 5.63812 3.68500 1.62506 2.23541 4.28009 0.72479 0.54932 3.66974 4.73022 6.59943 5.95093
2.81525 2.11334 0.44250 1.66321 2.89154 0.74768 1.86920 6.05774 20.05005 44.62433 44.58618 32.24182 19.59229 18.78357 9.52148 8.38470 1.73950 18.12744 12.90894 14.22882 11.01685 23.14758 2.68555 1.59454 3.84521 0.56458 0.86975 1.67847 10.90240 23.50616 23.53668
5.71442 4.57001 2.84576 8.10242 2.41089 2.84576 2.67792 6.04248 22.25494 33.76007 130.18799 56.51855 33.82111 11.71112 21.27838 2.75421 6.95038 12.53510 9.26208 5.76019 9.54437 54.57306 8.89587 2.91443 0.69427 1.40381 2.28119 0.77820 9.62830 13.50403 11.49750
4.57001 3.31116 5.53894 14.97650 2.96783 15.93781 12.00867 5.84412 11.73401 25.54321 80.18494 36.89575 100.08240 14.25934 1.71661 2.55585 7.55310 11.34491 20.09583 11.00922 8.45337 10.45227 5.15747 12.26807 8.77380 8.78143 7.44629 1.51825 1.92261 6.07300 4.01306
