DATA/RAW-RASTER/ECMWF/20170628/EN-5/20170702.en-5.asc
ncols			31
nrows			16
xllcorner		69.5
yllcorner		19.5
cellsize		1.0
NODATA_value	-99999
0.00000 0.41962 3.60870 6.87027 10.27679 3.22723 6.88171 4.23813 1.55258 0.53406 6.23322 8.52966 9.68933 3.60107 4.44412 6.16074 4.95148 4.07791 0.84305 3.81470 2.16675 5.45883 1.98364 1.74713 1.27411 1.52206 4.65775 2.50244 1.86539 3.43704 2.08282
3.57056 0.00000 0.14114 1.51443 14.46915 15.49911 9.85718 6.11115 7.58743 2.63596 2.54822 2.94876 5.64194 6.47354 4.65012 4.79889 2.90298 0.94223 2.36511 0.65994 0.70572 2.78854 1.13297 1.77765 4.96674 10.28061 5.39780 1.29700 5.81360 2.37656 7.54929
2.85721 4.48990 0.03433 0.58365 7.65228 66.86783 10.16998 4.16946 2.62451 3.64685 2.46429 1.62506 2.12479 3.36075 0.41580 0.90027 0.65613 1.67465 1.66321 1.31607 0.33569 0.24033 0.57602 3.49426 9.14764 10.60867 6.40869 8.90350 6.88171 6.73676 8.94928
1.28174 0.63705 2.09808 0.22888 0.18311 2.79617 6.96182 3.20053 16.08276 4.09698 5.19562 3.70026 5.39398 1.15585 1.31226 0.66757 1.11771 0.85449 4.89426 2.84958 1.64032 2.75040 3.83759 4.89426 7.70569 8.41904 6.70624 10.63156 8.76236 10.60486 9.54819
1.83105 5.44739 1.76620 0.01144 0.00763 1.65558 3.28064 15.95306 18.95142 2.00653 0.88120 1.50299 4.02069 5.93567 7.88498 0.81635 0.48828 13.35907 10.10132 2.40707 1.46103 10.71930 6.18362 9.95636 4.90189 9.81522 3.72314 19.69528 11.34872 14.07623 8.70132
0.06104 0.02289 0.34714 0.11444 0.41199 0.27084 11.84464 6.86264 15.09857 25.26093 5.60379 3.68118 0.92697 0.77820 0.79727 2.73895 2.75803 2.02942 8.52203 10.61630 11.40213 12.69913 7.03049 8.87299 9.80759 9.60541 6.46973 1.98364 8.96072 6.97708 15.89203
0.00000 0.00000 0.00000 0.04196 0.54932 2.82288 5.78308 10.54001 9.95636 14.22882 6.85883 11.52802 13.64136 5.87082 0.89645 2.92969 0.83160 0.93079 3.51715 22.60971 10.80704 7.25937 14.31656 16.33453 14.11819 46.56982 36.28159 11.58142 9.99451 6.47354 11.11603
0.00000 0.00000 0.00000 0.00000 0.01907 1.04523 1.96457 4.63867 33.03146 24.04022 15.05661 16.38031 3.75748 13.34000 14.69040 10.87952 11.07025 5.20325 0.64468 5.76401 9.17816 17.58194 11.17706 47.60742 38.44452 71.18988 28.06854 30.01022 26.08109 4.46320 10.45227
0.00763 0.00000 0.00381 0.02289 0.01144 0.00381 1.77002 17.29202 11.27243 66.30707 37.80746 9.91058 8.08716 3.63159 16.28876 9.82285 6.56128 12.74872 29.35410 161.52573 54.52728 24.86801 30.37262 17.52090 15.33127 13.67569 23.36884 72.56317 49.61777 6.25610 0.92697
0.03815 0.19836 0.37384 0.16785 0.22125 0.09537 0.42343 5.93948 8.40759 6.87790 21.03806 9.82285 4.35638 5.22995 2.13623 9.91058 28.41568 7.90787 4.74930 8.79669 5.02777 7.06482 7.29370 6.96564 14.07623 36.70883 11.97433 19.78683 61.11526 7.96890 2.91061
0.24414 0.47302 0.76675 0.61798 0.06485 0.13351 0.01526 1.02234 0.41199 3.24631 22.24731 15.35797 3.43323 4.19617 3.87192 2.54059 5.83649 17.87567 27.57263 12.22992 7.08008 35.88104 74.79095 97.31293 24.44077 10.92529 29.09851 4.11606 22.41898 11.82556 7.88116
0.38910 0.24033 1.56403 2.39944 1.31226 0.39291 0.25177 1.70898 1.80054 1.76620 1.82724 3.23105 2.08282 8.09097 3.73459 8.64410 3.15857 6.04248 9.28879 18.81027 36.84235 11.59286 22.43805 23.84949 12.02774 10.08224 10.41412 13.82446 22.22824 36.97968 12.24518
0.64468 0.49591 0.35477 1.34659 2.55585 1.06812 1.09100 0.85831 1.04904 0.43488 1.49918 5.51224 12.46643 14.03809 7.21741 8.39233 4.73785 7.96509 4.08554 17.09747 68.36700 26.81732 22.46475 22.13287 1.08719 3.94440 7.00760 15.91110 23.78082 20.97321 11.31058
1.62506 1.13297 0.75150 6.65283 1.69373 1.84631 1.16348 1.32751 7.15256 1.74332 1.30844 3.99017 9.90295 0.72479 0.25940 4.77600 2.54059 4.99725 5.54657 14.75906 11.31821 44.87228 86.69662 29.23584 3.97873 4.94003 4.12750 6.81686 12.51221 20.85114 12.10022
2.59781 1.60980 2.46048 8.80432 2.64359 1.09863 1.47629 3.80707 1.69754 12.32910 3.42178 0.41199 0.03052 0.14496 0.61417 0.80872 1.01852 2.42233 0.33569 3.99780 14.45389 19.85550 31.65054 13.32474 1.45340 3.03650 2.57874 5.95856 4.88281 8.90350 22.87292
3.76129 3.76511 10.60486 35.78949 9.24683 7.20596 7.21741 2.24686 1.25885 0.98038 1.16730 1.24359 0.27847 0.44250 0.74005 3.82614 0.56458 0.01907 1.70898 2.67792 3.15094 3.20435 14.03427 19.45877 45.61234 0.32806 10.61249 5.47028 8.51059 3.69263 1.57166
