DATA/SHG/ECMWF/20170628/EN-36/20170708.en-36.asc
ncols        190
nrows        64
xllcorner    -5100000.000000000000
yllcorner    4130000.000000000000
cellsize     10000.000000000000
NODATA_value  -99999.000
[rows 0 to 31 of 64, columns 73 to 145 of 190]
14.611 15.086 15.513 15.892 16.224 16.507 16.744 16.932 16.846 16.330 15.873 15.427 14.994 14.573 14.163 13.765 13.380 13.006 12.644 12.294 12.096 12.395 12.732 13.103 13.508 13.948 14.422 14.930 15.472 16.049 16.660 17.306 17.783 17.615 17.452 17.294 17.140 16.991 16.847 16.707 16.572 16.441 16.315 16.194 16.185 16.514 16.850 17.193 17.543 17.900 18.263 18.633 19.010 19.394 19.785 20.182 20.561 20.859 21.140 21.405 21.654 21.887 22.103 22.304 22.488 22.655 22.807 22.942 22.948 22.629 22.301 21.965 21.620
14.249 14.557 14.846 15.126 15.392 15.644 15.882 16.105 16.201 15.774 15.358 14.955 14.563 14.183 13.815 13.459 13.115 12.783 12.463 12.154 11.933 12.386 12.876 13.401 13.960 14.553 15.181 15.843 16.539 17.270 18.034 18.833 19.553 19.406 19.263 19.126 18.992 18.863 18.739 18.620 18.505 18.395 18.289 18.188 18.149 18.508 18.875 19.248 19.628 20.014 20.408 20.808 21.215 21.629 22.049 22.476 22.882 23.107 23.316 23.508 23.684 23.844 23.988 24.115 24.227 24.322 24.400 24.463 24.450 24.093 23.728 23.355 22.973
13.945 14.204 14.449 14.679 14.896 15.098 15.286 15.460 15.593 15.208 14.834 14.472 14.122 13.784 13.457 13.143 12.841 12.550 12.271 12.004 11.749 12.338 12.982 13.660 14.373 15.120 15.901 16.716 17.566 18.450 19.368 20.321 21.307 21.189 21.067 20.950 20.837 20.728 20.624 20.525 20.431 20.341 20.256 20.175 20.103 20.493 20.889 21.292 21.702 22.119 22.542 22.972 23.409 23.853 24.303 24.761 25.217 25.369 25.505 25.625 25.728 25.815 25.886 25.941 25.980 26.002 26.008 25.998 25.816 25.156 24.524 23.919 23.342
13.661 13.870 14.065 14.246 14.413 14.566 14.704 14.829 14.939 14.632 14.299 13.979 13.671 13.374 13.089 12.817 12.556 12.306 12.069 11.844 11.631 12.250 13.048 13.880 14.746 15.646 16.581 17.550 18.553 19.590 20.662 21.768 22.908 22.965 22.863 22.766 22.673 22.585 22.502 22.423 22.349 22.279 22.214 22.154 22.098 22.467 22.893 23.326 23.766 24.213 24.666 25.126 25.593 26.067 26.547 27.034 27.528 27.645 27.708 27.536 27.164 26.805 26.458 26.125 25.805 25.497 25.203 24.921 24.653 24.136 23.626 23.144 22.690
13.390 13.550 13.696 13.827 13.944 14.048 14.137 14.212 14.272 14.046 13.755 13.476 13.209 12.954 12.711 12.480 12.260 12.053 11.857 11.673 11.501 12.124 13.076 14.061 15.080 16.134 17.222 18.344 19.500 20.691 21.916 23.175 24.468 24.733 24.652 24.575 24.502 24.435 24.372 24.313 24.259 24.210 24.165 24.125 24.090 24.430 24.887 25.350 25.820 26.296 26.536 26.579 26.620 26.659 26.697 26.733 26.767 26.494 26.154 25.826 25.512 25.211 24.922 24.647 24.384 24.135 23.898 23.675 23.464 23.090 22.703 22.343 22.011
13.133 13.243 13.340 13.422 13.490 13.543 13.583 13.608 13.620 13.450 13.200 12.963 12.738 12.524 12.323 12.133 11.955 11.789 11.634 11.492 11.362 11.960 13.064 14.203 15.375 16.582 17.823 19.099 20.408 21.752 23.130 24.542 25.988 26.494 26.433 26.376 26.324 26.276 26.234 26.195 26.162 25.878 25.432 24.997 24.572 24.458 24.501 24.543 24.584 24.623 24.660 24.695 24.729 24.762 24.792 24.821 24.849 24.657 24.375 24.106 23.849 23.606 23.375 23.158 22.953 22.762 22.583 22.417 22.264 22.018 21.753 21.516 21.306
12.890 12.951 12.997 13.030 13.048 13.053 13.043 13.019 12.981 12.844 12.636 12.440 12.256 12.084 11.924 11.776 11.639 11.514 11.402 11.301 11.212 11.756 13.014 14.305 15.631 16.991 18.385 19.814 21.276 22.773 24.303 25.868 27.184 27.503 27.019 26.545 26.083 25.631 25.190 24.760 24.341 23.932 23.534 23.147 22.771 22.620 22.657 22.692 22.726 22.758 22.788 22.816 22.843 22.869 22.892 22.914 22.935 22.810 22.586 22.374 22.176 21.990 21.817 21.658 21.511 21.377 21.256 21.148 21.053 20.920 20.778 20.662 20.574
12.660 12.671 12.669 12.652 12.621 12.576 12.517 12.444 12.356 12.227 12.061 11.907 11.765 11.634 11.515 11.408 11.313 11.230 11.158 11.099 11.051 11.514 12.925 14.272 15.557 16.811 18.034 19.226 20.386 21.514 22.612 23.678 24.712 25.162 24.727 24.302 23.887 23.484 23.091 22.709 22.338 21.977 21.628 21.289 20.960 20.788 20.817 20.845 20.872 20.897 20.920 20.942 20.961 20.980 20.996 21.011 21.025 20.952 20.785 20.632 20.491 20.363 20.248 20.146 20.058 19.981 19.918 19.868 19.831 19.797 19.776 19.783 19.817
12.444 12.406 12.354 12.288 12.208 12.113 12.005 11.882 11.746 11.602 11.477 11.364 11.263 11.174 11.096 11.022 10.919 10.816 10.713 10.609 10.505 10.707 11.916 13.093 14.239 15.354 16.437 17.489 18.509 19.499 20.456 21.383 22.278 22.814 22.426 22.049 21.683 21.328 20.983 20.650 20.326 20.014 19.712 19.422 19.141 18.959 18.982 19.003 19.022 19.040 19.056 19.071 19.084 19.095 19.105 19.113 19.120 19.083 18.974 18.879 18.796 18.726 18.669 18.624 18.593 18.575 18.569 18.577 18.597 18.648 18.749 18.878 19.034
12.241 12.154 12.053 11.937 11.808 11.664 11.507 11.335 11.148 10.960 10.858 10.755 10.653 10.550 10.447 10.343 10.239 10.135 10.031 9.926 9.821 9.844 10.913 11.951 12.957 13.933 14.876 15.789 16.670 17.520 18.339 19.126 19.882 20.457 20.117 19.789 19.471 19.164 18.867 18.581 18.306 18.042 17.788 17.546 17.313 17.135 17.151 17.165 17.177 17.188 17.197 17.205 17.211 17.215 17.218 17.219 17.218 17.204 17.153 17.115 17.089 17.077 17.078 17.091 17.118 17.157 17.209 17.274 17.352 17.473 17.696 17.947 18.225
12.052 11.911 11.752 11.580 11.396 11.199 10.989 10.767 10.533 10.288 10.185 10.082 9.978 9.874 9.770 9.665 9.561 9.455 9.350 9.244 9.138 9.042 9.947 10.845 11.713 12.549 13.353 14.126 14.868 15.579 16.259 16.907 17.524 18.091 17.800 17.520 17.250 16.991 16.742 16.504 16.277 16.061 15.856 15.661 15.477 15.315 15.324 15.331 15.336 15.340 15.342 15.343 15.342 15.339 15.335 15.329 15.322 15.314 15.320 15.340 15.372 15.418 15.476 15.547 15.631 15.728 15.838 15.961 16.097 16.272 16.617 16.990 17.389
11.806 11.615 11.412 11.197 10.968 10.728 10.475 10.209 9.931 9.640 9.513 9.409 9.305 9.200 9.094 8.989 8.883 8.777 8.670 8.564 8.456 8.359 9.017 9.776 10.504 11.201 11.867 12.501 13.104 13.675 14.216 14.725 15.203 15.649 15.474 15.242 15.020 14.809 14.609 14.419 14.240 14.072 13.914 13.767 13.631 13.506 13.501 13.501 13.500 13.497 13.492 13.485 13.478 13.468 13.457 13.444 13.429 13.413 13.477 13.554 13.645 13.748 13.863 13.992 14.134 14.288 14.456 14.636 14.876 15.181 15.747 16.346 16.979
11.566 11.331 11.085 10.825 10.553 10.269 9.972 9.663 9.341 9.007 8.843 8.738 8.632 8.526 8.420 8.314 8.207 8.100 7.992 7.884 7.776 7.678 8.124 8.744 9.333 9.891 10.417 10.912 11.376 11.809 12.210 12.580 12.919 13.227 13.140 12.956 12.782 12.619 12.466 12.325 12.194 12.073 11.964 11.865 11.777 11.699 11.682 11.676 11.667 11.657 11.646 11.632 11.617 11.601 11.583 11.563 11.541 11.518 11.623 11.841 12.151 12.458 12.761 13.060 13.356 13.648 13.937 14.222 14.504 14.782 15.467 16.213 16.994
11.338 11.060 10.769 10.466 10.151 9.823 9.482 9.129 8.764 8.386 8.174 8.068 7.961 7.854 7.747 7.640 7.532 7.424 7.315 7.206 7.097 6.998 7.267 7.748 8.198 8.617 9.004 9.360 9.685 9.979 10.242 10.473 10.673 10.842 10.798 10.661 10.535 10.420 10.316 10.222 10.139 10.066 10.005 9.954 9.913 9.884 9.868 9.854 9.839 9.822 9.910 10.102 10.285 10.459 10.622 10.777 10.921 11.056 11.317 11.615 11.910 12.200 12.488 12.771 13.051 13.328 13.600 13.870 14.135 14.397 15.154 16.048 16.976
11.122 10.801 10.466 10.120 9.761 9.389 9.005 8.608 8.199 7.777 7.506 7.399 7.292 7.184 7.075 6.967 6.858 6.749 6.639 6.530 6.420 6.319 6.446 6.788 7.099 7.379 7.628 7.845 8.032 8.187 8.310 8.403 8.465 8.495 8.447 8.358 8.280 8.213 8.156 8.110 8.075 8.166 8.383 8.615 8.862 9.124 9.351 9.539 9.718 9.887 10.046 10.196 10.337 10.468 10.589 10.701 10.803 10.896 11.112 11.394 11.672 11.947 12.218 12.486 12.750 13.011 13.268 13.521 13.771 14.017 14.808 15.850 16.925
10.919 10.554 10.176 9.785 9.382 8.967 8.539 8.099 7.646 7.181 6.840 6.732 6.623 6.514 6.405 6.295 6.186 6.075 5.965 5.854 5.743 5.642 5.662 5.865 6.037 6.178 6.288 6.367 6.415 6.431 6.416 6.370 6.396 6.498 6.623 6.802 6.996 7.205 7.428 7.667 7.921 8.190 8.474 8.773 9.087 9.416 9.667 9.813 9.949 10.076 10.193 10.301 10.398 10.487 10.566 10.635 10.695 10.745 10.910 11.176 11.439 11.698 11.953 12.205 12.453 12.698 12.939 13.177 13.411 13.641 14.429 15.618 16.841
10.728 10.319 9.897 9.463 9.017 8.558 8.086 7.602 7.106 6.597 6.175 6.065 5.956 5.846 5.736 5.625 5.514 5.403 5.292 5.180 5.068 4.966 4.913 5.027 5.164 5.294 5.417 5.531 5.637 5.736 5.826 5.909 5.984 6.051 6.163 6.409 6.669 6.945 7.236 7.542 7.863 8.198 8.549 8.915 9.296 9.692 9.993 10.097 10.191 10.275 10.349 10.414 10.470 10.516 10.552 10.579 10.597 10.605 10.712 10.962 11.209 11.452 11.692 11.928 12.161 12.389 12.615 12.836 13.055 13.269 14.018 15.354 16.724
10.548 10.096 9.631 9.153 8.663 8.161 7.646 7.118 6.578 6.026 5.511 5.400 5.290 5.179 5.068 4.963 4.940 4.917 4.895 4.874 4.853 4.833 4.828 4.939 5.041 5.137 5.224 5.303 5.374 5.438 5.494 5.542 5.582 5.614 5.687 5.999 6.327 6.670 7.027 7.400 7.788 8.190 8.608 9.041 9.489 9.951 10.329 10.390 10.442 10.483 10.516 10.538 10.551 10.555 10.549 10.534 10.509 10.474 10.518 10.752 10.983 11.211 11.435 11.655 11.872 12.085 12.294 12.500 12.702 12.901 13.574 15.058 16.574
10.381 9.885 9.376 8.855 8.322 7.776 7.217 6.646 6.072 5.548 5.046 5.011 4.988 4.966 4.943 4.922 4.901 4.880 4.860 4.840 4.821 4.803 4.786 4.859 4.927 4.988 5.040 5.084 5.121 5.150 5.170 5.183 5.189 5.186 5.194 5.574 5.968 6.378 6.803 7.242 7.697 8.166 8.651 9.150 9.665 10.194 10.675 10.693 10.702 10.702 10.691 10.672 10.643 10.604 10.556 10.498 10.430 10.354 10.328 10.546 10.762 10.973 11.181 11.386 11.587 11.784 11.978 12.168 12.354 12.537 13.098 14.728 16.392
10.226 9.668 9.071 8.495 7.940 7.406 6.892 6.399 5.927 5.476 5.045 4.963 4.942 4.921 4.900 4.881 4.861 4.842 4.824 4.806 4.789 4.773 4.757 4.789 4.822 4.848 4.865 4.875 4.876 4.870 4.856 4.834 4.805 4.767 4.722 5.133 5.594 6.070 6.562 7.068 7.590 8.126 8.677 9.243 9.825 10.421 11.030 11.006 10.973 10.930 10.877 10.815 10.744 10.663 10.572 10.472 10.362 10.243 10.141 10.344 10.544 10.739 10.932 11.120 11.305 11.487 11.665 11.839 12.010 12.177 12.589 14.366 16.177
9.544 8.999 8.474 7.971 7.488 7.026 6.584 6.163 5.763 5.384 5.026 4.914 4.895 4.876 4.857 4.839 4.821 4.804 4.788 4.772 4.756 4.742 4.728 4.728 4.726 4.717 4.699 4.674 4.641 4.600 4.551 4.494 4.430 4.358 4.277 4.676 5.204 5.747 6.305 6.878 7.466 8.069 8.687 9.320 9.968 10.631 11.309 11.329 11.253 11.167 11.073 10.968 10.854 10.731 10.598 10.456 10.304 10.143 9.972 10.146 10.330 10.510 10.686 10.859 11.028 11.194 11.356 11.515 11.670 11.840 12.095 14.078 16.114
8.784 8.311 7.859 7.427 7.017 6.627 6.257 5.909 5.581 5.274 4.987 4.865 4.847 4.830 4.813 4.797 4.781 4.766 4.751 4.737 4.723 4.710 4.699 4.676 4.639 4.595 4.542 4.482 4.414 4.338 4.255 4.163 4.064 3.957 3.842 4.203 4.798 5.407 6.032 6.672 7.327 7.997 8.681 9.381 10.096 10.825 11.570 11.661 11.543 11.415 11.278 11.131 10.975 10.810 10.634 10.450 10.256 10.052 9.839 9.952 10.176 10.465 10.729 10.968 11.183 11.372 11.537 11.677 11.792 11.882 11.948 14.028 16.305
8.005 7.605 7.225 6.865 6.527 6.209 5.912 5.635 5.380 5.145 4.930 4.815 4.799 4.784 4.769 4.754 4.740 4.727 4.714 4.702 4.690 4.679 4.669 4.632 4.561 4.482 4.394 4.299 4.197 4.086 3.968 3.842 3.708 3.566 3.416 3.714 4.375 5.052 5.744 6.450 7.171 7.908 8.659 9.425 10.206 11.003 11.814 12.002 11.842 11.672 11.493 11.306 11.141 11.010 10.912 10.847 10.815 10.816 10.850 11.031 11.234 11.413 11.567 11.696 11.800 11.880 11.935 11.965 11.970 11.950 11.906 13.925 16.441
7.208 6.880 6.572 6.285 6.018 5.773 5.548 5.343 5.159 4.996 4.854 4.765 4.751 4.738 4.724 4.712 4.699 4.688 4.676 4.666 4.656 4.646 4.638 4.598 4.491 4.377 4.255 4.126 3.988 3.843 3.690 3.529 3.360 3.183 2.999 3.209 3.937 4.681 5.439 6.212 7.000 7.803 8.633 9.459 10.243 10.984 11.684 11.904 11.754 11.637 11.554 11.503 11.485 11.501 11.549 11.631 11.746 11.894 12.075 12.222 12.316 12.385 12.429 12.448 12.442 12.412 12.357 12.277 12.172 12.042 11.888 13.768 16.524
6.393 6.137 5.901 5.686 5.492 5.318 5.165 5.032 4.921 4.830 4.759 4.715 4.703 4.691 4.679 4.668 4.658 4.648 4.639 4.630 4.621 4.614 4.607 4.572 4.431 4.282 4.125 3.961 3.789 3.609 3.421 3.225 3.022 2.896 2.917 3.248 4.182 5.073 5.923 6.730 7.496 8.219 8.901 9.541 10.139 10.695 11.209 11.480 11.476 11.506 11.569 11.665 11.794 11.956 12.152 12.380 12.641 12.936 13.263 13.438 13.422 13.380 13.314 13.224 13.108 12.968 12.803 12.613 12.398 12.159 11.895 13.557 16.552
5.560 5.376 5.212 5.069 4.946 4.845 4.763 4.703 4.663 4.644 4.645 4.664 4.654 4.643 4.634 4.625 4.616 4.608 4.600 4.593 4.586 4.581 4.576 4.555 4.424 4.373 4.338 4.318 4.314 4.327 4.354 4.398 4.458 4.533 4.625 4.862 5.610 6.315 6.979 7.600 8.180 8.718 9.214 9.668 10.080 10.450 10.778 11.020 11.164 11.340 11.550 11.793 12.068 12.377 12.719 13.094 13.502 13.942 14.417 14.678 14.551 14.400 14.224 14.024 13.799 13.548 13.274 12.974 12.650 12.301 11.927 13.292 16.526
4.708 4.596 4.504 4.433 4.382 4.353 4.343 4.355 4.387 4.439 4.513 4.607 4.604 4.596 4.588 4.581 4.585 4.669 4.767 4.879 5.006 5.135 5.264 5.404 5.411 5.430 5.465 5.515 5.582 5.664 5.762 5.876 6.005 6.151 6.312 6.520 7.081 7.601 8.079 8.514 8.908 9.260 9.571 9.839 10.065 10.250 10.393 10.527 10.817 11.140 11.496 11.885 12.307 12.762 13.251 13.772 14.326 14.914 15.534 15.941 15.705 15.444 15.158 14.848 14.513 14.153 13.769 13.359 12.925 12.467 11.983 12.974 16.447
3.839 3.798 3.778 3.779 3.800 3.842 3.905 3.988 4.092 4.230 4.430 4.637 4.728 4.805 4.895 5.000 5.119 5.253 5.400 5.562 5.738 5.917 6.096 6.286 6.379 6.468 6.573 6.693 6.830 6.982 7.150 7.334 7.533 7.749 7.980 8.227 8.597 8.930 9.222 9.473 9.681 9.847 9.972 10.055 10.096 10.095 10.052 9.999 10.435 10.905 11.407 11.943 12.511 13.113 13.748 14.415 15.116 15.849 16.616 17.228 16.882 16.512 16.116 15.696 15.252 14.782 14.288 13.769 13.226 12.657 12.064 12.601 16.314
2.950 2.982 3.068 3.248 3.433 3.624 3.822 4.026 4.235 4.451 4.673 4.900 5.052 5.177 5.317 5.472 5.640 5.823 6.020 6.231 6.457 6.685 6.914 7.154 7.327 7.486 7.661 7.852 8.058 8.280 8.518 8.772 9.042 9.327 9.628 9.945 10.155 10.304 10.410 10.475 10.497 10.478 10.418 10.315 10.170 9.984 9.756 9.486 10.019 10.635 11.284 11.966 12.681 13.428 14.209 15.023 15.870 16.750 17.663 18.539 18.083 17.603 17.098 16.569 16.014 15.435 14.832 14.203 13.550 12.872 12.170 12.176 16.126
2.753 2.941 3.136 3.336 3.543 3.755 3.974 4.198 4.429 4.666 4.909 5.158 5.362 5.537 5.726 5.930 6.148 6.380 6.626 6.887 7.161 7.439 7.718 8.008 8.257 8.486 8.731 8.991 9.268 9.560 9.868 10.192 10.531 10.886 11.257 11.644 11.757 11.720 11.641 11.521 11.358 11.154 10.907 10.620 10.290 9.918 9.505 9.050 9.569 10.331 11.126 11.954 12.815 13.709 14.636 15.596 16.589 17.615 18.674 19.766 19.308 18.719 18.104 17.465 16.801 16.113 15.400 14.662 13.899 13.112 12.300 11.721 15.890
2.773 2.982 3.197 3.419 3.647 3.880 4.120 4.366 4.617 4.875 5.139 5.409 5.658 5.883 6.121 6.374 6.642 6.923 7.219 7.528 7.852 8.180 8.509 8.849 9.168 9.467 9.781 10.112 10.458 10.820 11.198 11.592 12.001 12.426 12.867 13.324 13.403 13.181 12.916 12.610 12.262 11.873 11.442 10.969 10.454 9.897 9.299 8.659 9.084 9.992 10.933 11.907 12.915 13.955 15.028 16.134 17.273 18.445 19.649 20.887 20.557 19.858 19.084 18.219 17.377 16.558 15.761 14.986 14.235 13.506 12.800 12.116 15.695
2.786 3.017 3.253 3.496 3.745 3.999 4.260 4.527 4.800 5.078 5.363 5.654 5.941 6.215 6.503 6.805 7.122 7.453 7.797 8.156 8.530 8.907 9.285 9.675 10.060 10.428 10.813 11.213 11.629 12.061 12.509 12.972 13.451 13.946 14.457 14.984 15.092 14.685 14.235 13.744 13.211 12.636 12.020 11.362 10.662 9.920 9.137 8.312 8.564 9.619 10.706 11.826 12.980 14.156 15.305 16.429 17.528 18.602 19.651 20.676 20.386 19.576 18.789 18.024 17.281 16.562 15.865 15.190 14.538 13.909 13.303 12.719 15.565
