DATA/SHG/ECMWF/20170628/EN-36/20170706.en-36.asc
ncols        190
nrows        64
xllcorner    -5100000.000000000000
yllcorner    4130000.000000000000
cellsize     10000.000000000000
NODATA_value  -99999.000
[rows 0 to 32 of 64, columns 74 to 147 of 190]
4.043 3.853 3.660 3.462 3.260 3.053 2.843 2.656 2.527 2.404 2.291 2.188 2.094 2.010 1.935 1.870 1.814 1.768 1.732 1.791 2.125 2.442 2.751 3.050 3.340 3.621 3.893 4.155 4.408 4.653 4.888 5.186 5.709 6.219 6.715 7.197 7.665 8.120 8.561 8.988 9.401 9.801 10.187 10.520 10.713 10.892 11.056 11.204 11.338 11.457 11.561 11.649 11.723 11.782 11.826 11.730 11.266 10.808 10.356 9.910 9.469 9.035 8.606 8.184 7.767 7.357 6.952 6.535 6.079 5.642 5.224 4.826 4.447 4.087
4.413 4.184 3.950 3.719 3.491 3.266 3.044 2.845 2.746 2.657 2.578 2.508 2.447 2.396 2.355 2.323 2.301 2.288 2.285 2.322 2.615 2.892 3.159 3.418 3.667 3.906 4.137 4.359 4.571 4.775 4.969 5.187 5.649 6.097 6.532 6.953 7.360 7.753 8.133 8.500 8.852 9.191 9.516 9.806 9.933 10.045 10.142 10.224 10.291 10.343 10.380 10.403 10.410 10.402 10.380 10.287 9.849 9.418 8.992 8.573 8.159 7.751 7.349 6.953 6.563 6.179 5.801 5.427 5.057 4.706 4.374 4.062 3.768 3.494
4.539 4.313 4.089 3.869 3.651 3.436 3.224 3.022 2.957 2.901 2.855 2.818 2.791 2.773 2.765 2.767 2.777 2.798 2.828 2.867 3.116 3.351 3.577 3.795 4.003 4.202 4.392 4.572 4.744 4.906 5.060 5.204 5.603 5.990 6.364 6.724 7.070 7.402 7.721 8.027 8.318 8.596 8.861 9.110 9.170 9.215 9.246 9.261 9.262 9.247 9.218 9.174 9.114 9.040 8.951 8.840 8.429 8.024 7.625 7.232 6.845 6.463 6.088 5.719 5.355 4.998 4.647 4.380 4.244 4.109 3.976 3.846 3.718 3.592
4.655 4.439 4.225 4.015 3.808 3.603 3.402 3.204 3.158 3.136 3.123 3.119 3.126 3.141 3.166 3.201 3.245 3.299 3.362 3.435 3.625 3.820 4.005 4.182 4.349 4.507 4.656 4.796 4.926 5.048 5.160 5.264 5.572 5.898 6.211 6.510 6.795 7.067 7.325 7.569 7.800 8.017 8.220 8.410 8.424 8.403 8.366 8.315 8.249 8.168 8.073 7.962 7.836 7.695 7.540 7.369 7.004 6.625 6.321 6.092 5.875 5.670 5.478 5.297 5.128 4.971 4.826 4.693 4.566 4.441 4.319 4.198 4.080 3.964
4.767 4.561 4.359 4.159 3.962 3.768 3.577 3.388 3.351 3.362 3.382 3.412 3.451 3.500 3.558 3.626 3.703 3.790 3.887 3.993 4.144 4.298 4.443 4.578 4.705 4.822 4.930 5.029 5.119 5.200 5.271 5.334 5.556 5.821 6.073 6.311 6.535 6.746 6.943 7.127 7.297 7.453 7.596 7.725 7.695 7.607 7.504 7.387 7.254 7.166 7.115 7.055 6.985 6.905 6.816 6.717 6.529 6.329 6.142 5.966 5.803 5.652 5.512 5.385 5.270 5.166 5.075 4.996 4.887 4.771 4.658 4.547 4.439 4.332
4.877 4.681 4.489 4.299 4.113 3.929 3.748 3.570 3.534 3.578 3.632 3.695 3.767 3.849 3.941 4.042 4.152 4.272 4.402 4.541 4.673 4.786 4.890 4.984 5.070 5.146 5.214 5.272 5.321 5.361 5.392 5.414 5.555 5.759 5.950 6.127 6.291 6.441 6.577 6.700 6.845 7.015 7.191 7.373 7.413 7.367 7.312 7.247 7.173 7.089 6.995 6.892 6.779 6.657 6.525 6.383 6.230 6.084 5.950 5.828 5.718 5.620 5.535 5.461 5.399 5.349 5.311 5.286 5.204 5.099 4.995 4.894 4.795 4.698
4.984 4.799 4.616 4.437 4.261 4.087 3.917 3.749 3.709 3.786 3.873 3.969 4.074 4.190 4.314 4.448 4.592 4.745 4.908 5.080 5.211 5.283 5.346 5.400 5.445 5.481 5.507 5.525 5.533 5.532 5.522 5.487 5.537 5.687 5.842 6.004 6.171 6.345 6.524 6.708 6.899 7.095 7.297 7.505 7.559 7.471 7.373 7.265 7.148 7.021 6.885 6.739 6.584 6.418 6.244 6.059 5.919 5.827 5.746 5.678 5.622 5.577 5.545 5.525 5.516 5.520 5.535 5.563 5.519 5.423 5.330 5.238 5.149 5.062
5.088 4.913 4.741 4.572 4.406 4.243 4.082 3.925 3.874 3.984 4.104 4.234 4.372 4.521 4.679 4.846 5.023 5.209 5.405 5.610 5.759 5.790 5.787 5.767 5.740 5.706 5.666 5.618 5.564 5.503 5.435 5.361 5.378 5.554 5.735 5.923 6.116 6.315 6.520 6.730 6.946 7.168 7.396 7.630 7.716 7.585 7.444 7.294 7.134 6.964 6.785 6.597 6.398 6.191 5.973 5.746 5.596 5.557 5.531 5.516 5.513 5.522 5.543 5.576 5.621 5.678 5.747 5.828 5.832 5.746 5.662 5.580 5.500 5.423
5.189 5.024 4.862 4.704 4.548 4.395 4.245 4.098 4.030 4.174 4.327 4.489 4.661 4.843 5.037 5.241 5.431 5.609 5.773 5.924 6.023 5.986 5.942 5.891 5.834 5.770 5.699 5.621 5.536 5.445 5.347 5.242 5.212 5.414 5.622 5.835 6.054 6.279 6.509 6.746 6.988 7.236 7.489 7.749 7.883 7.709 7.525 7.332 7.130 6.917 6.696 6.464 6.223 5.973 5.713 5.443 5.262 5.276 5.303 5.341 5.392 5.454 5.529 5.615 5.714 5.824 5.947 6.081 6.142 6.065 5.991 5.919 5.849 5.781
5.287 5.133 4.981 4.833 4.687 4.545 4.405 4.295 4.292 4.528 4.751 4.962 5.159 5.343 5.513 5.671 5.816 5.947 6.065 6.171 6.245 6.178 6.104 6.023 5.935 5.840 5.739 5.631 5.516 5.394 5.266 5.131 5.041 5.269 5.502 5.741 5.986 6.236 6.493 6.755 7.023 7.296 7.576 7.861 8.060 7.843 7.617 7.381 7.136 6.881 6.616 6.342 6.059 5.766 5.463 5.151 4.915 4.983 5.063 5.155 5.259 5.375 5.503 5.642 5.794 5.958 6.134 6.321 6.449 6.382 6.317 6.255 6.194 6.136
5.398 5.298 5.215 5.147 5.096 5.061 5.042 5.039 5.054 5.245 5.422 5.587 5.738 5.876 6.001 6.113 6.211 6.297 6.369 6.429 6.472 6.377 6.273 6.161 6.043 5.919 5.787 5.649 5.503 5.351 5.193 5.027 4.864 5.117 5.376 5.641 5.912 6.188 6.470 6.758 7.052 7.351 7.656 7.967 8.246 7.987 7.718 7.440 7.152 6.854 6.547 6.231 5.904 5.569 5.223 4.869 4.557 4.678 4.812 4.957 5.114 5.283 5.464 5.657 5.862 6.079 6.308 6.549 6.753 6.696 6.641 6.588 6.538 6.489
5.733 5.690 5.662 5.651 5.656 5.677 5.714 5.767 5.836 5.973 6.104 6.223 6.328 6.420 6.499 6.565 6.618 6.658 6.685 6.698 6.695 6.584 6.449 6.308 6.159 6.004 5.842 5.674 5.498 5.316 5.127 4.931 4.729 4.959 5.244 5.535 5.831 6.133 6.441 6.755 7.074 7.399 7.730 8.067 8.409 8.141 7.830 7.509 7.178 6.838 6.488 6.129 5.760 5.382 4.994 4.597 4.190 4.361 4.548 4.747 4.957 5.179 5.414 5.660 5.918 6.189 6.471 6.747 6.990 6.924 6.881 6.862 6.866 6.893
6.053 6.066 6.095 6.139 6.200 6.277 6.370 6.480 6.605 6.711 6.797 6.870 6.929 6.976 7.009 7.029 7.036 7.031 7.012 6.979 6.930 6.798 6.633 6.461 6.283 6.097 5.905 5.706 5.501 5.288 5.069 4.843 4.610 4.795 5.106 5.422 5.744 6.072 6.406 6.745 7.090 7.441 7.797 8.160 8.528 8.305 7.951 7.587 7.214 6.832 6.439 6.038 5.626 5.205 4.775 4.335 3.886 4.033 4.282 4.544 4.805 5.065 5.324 5.582 5.840 6.097 6.353 6.608 6.862 6.914 6.975 7.059 7.166 7.296
6.357 6.426 6.511 6.612 6.729 6.862 7.011 7.176 7.357 7.461 7.501 7.528 7.542 7.542 7.530 7.504 7.466 7.414 7.350 7.272 7.177 7.020 6.825 6.623 6.414 6.198 5.976 5.747 5.511 5.268 5.019 4.763 4.500 4.625 4.962 5.304 5.651 6.005 6.364 6.729 7.100 7.476 7.859 8.247 8.640 8.479 8.082 7.676 7.261 6.830 6.394 5.960 5.527 5.097 4.669 4.243 3.818 3.918 4.177 4.435 4.693 4.949 5.205 5.459 5.713 5.966 6.218 6.469 6.720 6.882 7.045 7.232 7.443 7.676
6.646 6.771 6.912 7.069 7.242 7.431 7.636 7.857 8.094 8.222 8.216 8.197 8.165 8.120 8.062 7.991 7.907 7.809 7.699 7.575 7.435 7.249 7.023 6.791 6.552 6.306 6.054 5.794 5.528 5.256 4.976 4.690 4.396 4.449 4.811 5.179 5.552 5.931 6.316 6.707 7.101 7.487 7.864 8.233 8.592 8.477 8.041 7.608 7.176 6.747 6.319 5.894 5.470 5.048 4.629 4.211 3.796 3.818 4.074 4.328 4.582 4.834 5.086 5.337 5.587 5.836 6.085 6.332 6.579 6.826 7.093 7.383 7.696 8.033
6.920 7.100 7.297 7.510 7.739 7.984 8.245 8.522 8.815 8.993 8.942 8.877 8.800 8.709 8.605 8.488 8.358 8.215 8.059 7.890 7.704 7.485 7.230 6.967 6.698 6.422 6.139 5.850 5.553 5.250 4.941 4.649 4.375 4.385 4.794 5.193 5.585 5.967 6.340 6.705 7.060 7.407 7.745 8.074 8.395 8.356 7.929 7.504 7.082 6.661 6.242 5.825 5.411 4.998 4.587 4.178 3.772 3.720 3.971 4.222 4.472 4.720 4.969 5.216 5.462 5.708 5.952 6.196 6.439 6.747 7.117 7.510 7.926 8.366
7.178 7.414 7.667 7.936 8.221 8.521 8.838 9.171 9.520 9.776 9.679 9.568 9.445 9.309 9.159 8.997 8.821 8.633 8.431 8.217 7.984 7.729 7.457 7.192 6.925 6.656 6.385 6.113 5.838 5.561 5.283 5.002 4.720 4.628 4.998 5.358 5.710 6.053 6.387 6.713 7.029 7.337 7.636 7.926 8.207 8.233 7.815 7.399 6.985 6.573 6.163 5.755 5.349 4.945 4.543 4.143 3.745 3.622 3.869 4.116 4.362 4.608 4.852 5.096 5.338 5.580 5.821 6.061 6.300 6.645 7.118 7.614 8.133 8.676
7.420 7.713 8.021 8.346 8.687 9.043 9.416 9.804 10.209 10.569 10.427 10.271 10.102 9.920 9.724 9.513 9.298 9.081 8.862 8.640 8.408 8.163 7.891 7.618 7.342 7.064 6.785 6.503 6.220 5.935 5.647 5.358 5.067 4.881 5.211 5.532 5.845 6.149 6.444 6.730 7.007 7.276 7.536 7.786 8.029 8.109 7.699 7.292 6.887 6.484 6.083 5.683 5.286 4.891 4.498 4.106 3.717 3.525 3.769 4.012 4.254 4.496 4.736 4.976 5.215 5.453 5.690 5.927 6.162 6.520 7.096 7.695 8.317 8.963
7.647 7.996 8.360 8.740 9.137 9.549 9.978 10.416 10.841 11.282 11.089 10.878 10.665 10.450 10.232 10.011 9.787 9.561 9.332 9.100 8.859 8.607 8.327 8.045 7.761 7.474 7.186 6.896 6.603 6.309 6.013 5.715 5.415 5.143 5.434 5.716 5.989 6.254 6.510 6.757 6.995 7.224 7.445 7.657 7.860 7.982 7.582 7.183 6.787 6.392 6.000 5.610 5.221 4.835 4.450 4.068 3.687 3.429 3.669 3.908 4.147 4.385 4.622 4.858 5.093 5.327 5.561 5.794 6.025 6.372 7.051 7.753 8.478 9.226
7.850 8.223 8.611 9.014 9.431 9.864 10.312 10.774 11.252 11.744 11.636 11.416 11.194 10.969 10.741 10.511 10.277 10.042 9.803 9.562 9.311 9.051 8.765 8.474 8.181 7.886 7.589 7.290 6.989 6.686 6.381 6.074 5.765 5.455 5.666 5.909 6.143 6.369 6.585 6.793 6.992 7.183 7.364 7.537 7.701 7.854 7.462 7.073 6.685 6.299 5.915 5.534 5.154 4.776 4.401 4.027 3.655 3.334 3.570 3.806 4.041 4.275 4.508 4.741 4.972 5.203 5.432 5.661 5.889 6.201 6.982 7.787 8.615 9.466
7.829 8.254 8.694 9.149 9.619 10.103 10.603 11.118 11.647 12.192 12.185 11.955 11.724 11.489 11.252 11.012 10.770 10.525 10.277 10.027 9.766 9.496 9.205 8.905 8.603 8.299 7.993 7.685 7.376 7.064 6.750 6.435 6.117 5.798 5.907 6.111 6.306 6.492 6.670 6.839 6.999 7.150 7.293 7.426 7.551 7.667 7.341 6.960 6.581 6.204 5.829 5.456 5.085 4.716 4.349 3.984 3.621 3.260 3.472 3.704 3.936 4.166 4.396 4.624 4.852 5.079 5.305 5.530 5.956 6.690 8.008 9.310 10.598 11.870
7.793 8.271 8.763 9.270 9.792 10.329 10.880 11.447 12.029 12.625 12.735 12.496 12.255 12.011 11.765 11.516 11.264 11.009 10.752 10.492 10.222 9.943 9.646 9.337 9.026 8.714 8.399 8.083 7.764 7.444 7.122 6.797 6.471 6.143 6.157 6.322 6.478 6.625 6.764 6.894 7.015 7.127 7.230 7.325 7.411 7.488 7.218 6.845 6.475 6.107 5.741 5.377 5.014 4.654 4.296 3.940 3.585 3.233 3.376 3.766 4.404 5.057 5.725 6.408 7.106 7.819 8.548 9.292 10.050 10.824 12.044 13.280 14.501 15.708
7.744 8.273 8.817 9.376 9.950 10.539 11.143 11.762 12.395 13.044 13.287 13.039 12.789 12.535 12.280 12.021 11.760 11.496 11.229 10.960 10.681 10.392 10.089 9.771 9.452 9.130 8.807 8.482 8.155 7.826 7.494 7.161 6.827 6.490 6.417 6.542 6.660 6.768 6.867 6.958 7.040 7.113 7.178 7.233 7.280 7.318 7.092 6.729 6.368 6.008 5.702 5.526 5.421 5.388 5.427 5.538 5.720 5.974 6.551 7.240 7.945 8.664 9.399 10.149 10.913 11.693 12.489 13.299 14.124 14.964 16.089 17.259 18.415 19.555
7.680 8.262 8.858 9.469 10.095 10.736 11.392 12.062 12.748 13.448 13.841 13.584 13.324 13.061 12.796 12.528 12.257 11.984 11.708 11.430 11.141 10.842 10.533 10.207 9.879 9.549 9.217 8.883 8.547 8.209 7.869 7.527 7.184 6.838 6.685 6.772 6.850 6.920 6.980 7.032 7.075 7.109 7.125 7.118 7.088 7.035 6.896 6.751 6.677 6.676 6.745 6.887 7.100 7.385 7.741 8.170 8.669 9.241 9.938 10.694 11.465 12.251 13.053 13.869 14.701 15.547 16.409 17.286 18.177 19.084 20.144 21.248 22.337 23.412
7.603 8.236 8.884 9.547 10.225 10.918 11.626 12.349 13.086 13.839 14.397 14.130 13.861 13.589 13.314 13.037 12.757 12.474 12.189 11.901 11.603 11.295 10.979 10.644 10.308 9.969 9.628 9.285 8.940 8.594 8.245 7.895 7.559 7.257 7.085 7.160 7.212 7.241 7.247 7.230 7.190 7.127 7.041 6.931 6.799 6.644 6.593 6.765 7.009 7.325 7.713 8.172 8.702 9.305 9.978 10.724 11.541 12.430 13.306 14.128 14.966 15.819 16.686 17.569 18.467 19.380 20.309 21.252 22.210 23.184 24.207 25.245 26.269 27.277
7.511 8.196 8.897 9.612 10.342 11.086 11.846 12.621 13.410 14.214 14.955 14.678 14.400 14.118 13.834 13.548 13.258 12.966 12.672 12.374 12.067 11.749 11.427 11.081 10.735 10.399 10.072 9.755 9.447 9.148 8.859 8.579 8.309 8.048 7.843 7.816 7.765 7.692 7.596 7.476 7.334 7.169 6.981 6.769 6.535 6.277 6.213 6.704 7.265 7.899 8.603 9.380 10.228 11.147 12.138 13.201 14.335 15.541 16.653 17.542 18.446 19.366 20.300 21.249 22.214 23.193 24.188 25.198 26.223 27.262 28.280 29.253 30.210 31.153
7.405 8.143 8.895 9.662 10.444 11.240 12.052 12.878 13.720 14.576 15.447 15.228 14.940 14.649 14.356 14.040 13.610 13.215 12.857 12.534 12.246 11.987 11.756 11.445 11.141 10.846 10.561 10.285 10.019 9.762 9.514 9.276 9.047 8.828 8.625 8.495 8.343 8.167 7.969 7.747 7.503 7.236 6.945 6.632 6.295 5.936 5.759 6.567 7.445 8.396 9.418 10.511 11.676 12.913 14.221 15.600 17.051 18.574 19.980 20.936 21.907 22.892 23.893 24.909 25.940 26.986 28.047 29.123 30.214 31.321 32.363 33.269 34.161 35.037
7.286 8.075 8.879 9.698 10.532 11.380 12.244 13.122 13.971 14.648 15.305 15.034 14.585 14.172 13.794 13.453 13.147 12.877 12.643 12.444 12.281 12.147 12.042 11.798 11.535 11.282 11.039 10.805 10.580 10.364 10.158 9.962 9.774 9.596 9.428 9.199 8.944 8.667 8.366 8.043 7.696 7.327 6.934 6.519 6.081 5.619 5.229 6.354 7.550 8.817 10.156 11.567 13.048 14.602 16.226 17.923 19.690 21.529 23.288 24.310 25.347 26.399 27.467 28.549 29.646 30.759 31.886 33.029 34.186 35.359 36.454 37.295 38.121 38.932
7.152 7.969 8.722 9.454 10.164 10.853 11.521 12.168 12.793 13.397 13.980 13.918 13.593 13.305 13.051 12.834 12.653 12.507 12.397 12.322 12.284 12.276 12.296 12.140 11.919 11.708 11.506 11.313 11.130 10.956 10.791 10.636 10.490 10.354 10.227 9.927 9.570 9.191 8.788 8.363 7.914 7.443 6.948 6.431 5.891 5.328 4.741 6.066 7.579 9.163 10.818 12.545 14.344 16.214 18.155 20.168 22.252 24.407 26.576 27.664 28.768 29.886 31.020 32.168 33.332 34.511 35.705 36.914 38.137 39.376 40.555 41.330 42.090 42.835
6.626 7.327 8.006 8.664 9.301 9.917 10.511 11.085 11.637 12.167 12.677 12.771 12.571 12.406 12.277 12.184 12.127 12.105 12.119 12.169 12.255 12.372 12.518 12.472 12.292 12.122 11.962 11.810 11.668 11.536 11.413 11.299 11.195 11.100 11.014 10.679 10.220 9.739 9.234 8.707 8.157 7.583 6.987 6.368 5.726 5.061 4.373 5.703 7.532 9.433 11.405 13.448 15.563 17.749 20.007 22.336 24.736 27.207 29.750 30.998 32.168 33.353 34.553 35.768 36.998 38.243 39.503 40.778 42.068 43.374 44.460 44.599 44.672 44.680
6.078 6.705 7.311 7.896 8.459 9.001 9.522 10.022 10.501 10.958 11.395 11.593 11.517 11.476 11.471 11.502 11.569 11.671 11.809 11.983 12.194 12.437 12.708 12.792 12.654 12.526 12.406 12.297 12.196 12.105 12.024 11.951 11.888 11.835 11.791 11.455 10.894 10.311 9.705 9.076 8.423 7.748 7.050 6.330 5.586 4.819 4.029 5.264 7.410 9.627 11.915 14.275 16.706 19.208 21.782 24.426 27.143 29.930 32.789 34.313 35.549 36.656 37.480 38.296 39.103 39.902 40.691 41.473 42.245 43.009 43.764 43.670 43.454 43.173
5.550 6.104 6.636 7.147 7.638 8.106 8.554 8.981 9.386 9.770 10.133 10.384 10.431 10.515 10.634 10.789 10.980 11.206 11.468 11.766 12.101 12.469 12.865 13.102 13.005 12.918 12.840 12.772 12.713 12.663 12.623 12.592 12.571 12.558 12.556 12.255 11.593 10.908 10.200 9.469 8.715 7.938 7.138 6.316 5.470 4.602 3.710 4.750 7.212 9.745 12.350 15.025 17.745 20.411 23.052 25.668 28.259 30.826 33.368 34.683 35.487 36.282 37.068 37.846 38.615 39.376 40.128 40.871 41.606 42.332 43.050 42.808 42.303 41.733
5.042 5.523 5.982 6.420 6.837 7.232 7.607 7.960 8.292 8.603 8.893 9.143 9.315 9.523 9.766 10.045 10.359 10.709 11.095 11.517 11.977 12.470 12.991 13.400 13.345 13.300 13.263 13.236 13.219 13.210 13.212 13.222 13.242 13.271 13.310 13.079 12.315 11.529 10.719 9.886 9.031 8.152 7.251 6.437 5.824 5.051 4.116 4.823 7.503 10.159 12.790 15.397 17.978 20.535 23.068 25.575 28.058 30.516 32.949 34.393 35.159 35.916 36.665 37.405 38.136 38.859 39.573 40.279 40.976 41.664 42.344 42.011 41.217 40.359
