DATA/SHG/ECMWF/20170628/EN-36/20170630.en-36.asc
ncols        190
nrows        64
xllcorner    -5100000.000000000000
yllcorner    4130000.000000000000
cellsize     10000.000000000000
NODATA_value  -99999.000
[rows 0 to 32 of 64, columns 73 to 145 of 190]
0.847 0.779 0.709 0.635 0.559 0.479 0.396 0.310 0.253 0.271 0.295 0.324 0.357 0.394 0.435 0.481 0.530 0.584 0.641 0.703 0.763 0.801 0.840 0.881 0.925 0.972 1.022 1.075 1.130 1.189 1.250 1.314 1.402 1.562 1.728 1.900 2.077 2.259 2.446 2.639 2.837 3.041 3.250 3.464 3.592 3.431 3.259 3.075 2.879 2.672 2.453 2.222 1.980 1.726 1.460 1.182 0.964 0.947 0.927 0.906 0.883 0.858 0.831 0.802 0.771 0.738 0.703 0.666 0.654 0.723 0.796 0.873 0.955
0.909 0.831 0.749 0.665 0.581 0.497 0.413 0.329 0.265 0.300 0.339 0.382 0.429 0.481 0.537 0.596 0.660 0.728 0.800 0.877 0.954 1.005 1.056 1.110 1.167 1.227 1.289 1.355 1.423 1.494 1.567 1.644 1.735 1.919 2.109 2.305 2.506 2.712 2.923 3.140 3.362 3.590 3.822 4.061 4.247 4.034 3.809 3.573 3.325 3.065 2.794 2.511 2.216 1.910 1.592 1.262 0.966 0.940 0.912 0.882 0.850 0.816 0.780 0.742 0.702 0.660 0.616 0.570 0.542 0.630 0.723 0.820 0.921
0.946 0.862 0.778 0.694 0.609 0.524 0.440 0.354 0.275 0.325 0.379 0.436 0.498 0.564 0.634 0.708 0.787 0.869 0.956 1.046 1.141 1.206 1.269 1.336 1.405 1.478 1.553 1.631 1.711 1.795 1.881 1.970 2.062 2.270 2.484 2.703 2.928 3.158 3.393 3.634 3.880 4.132 4.388 4.651 4.914 4.648 4.371 4.083 3.783 3.471 3.147 2.812 2.465 2.107 1.736 1.354 0.970 0.935 0.898 0.859 0.818 0.775 0.731 0.684 0.635 0.584 0.531 0.476 0.446 0.617 0.822 1.062 1.336
0.977 0.892 0.808 0.723 0.637 0.552 0.466 0.380 0.295 0.346 0.414 0.486 0.563 0.643 0.728 0.816 0.909 1.006 1.107 1.212 1.321 1.402 1.479 1.558 1.640 1.725 1.813 1.903 1.996 2.093 2.191 2.293 2.398 2.614 2.852 3.095 3.344 3.598 3.857 4.122 4.392 4.667 4.948 5.234 5.525 5.274 4.945 4.604 4.252 3.888 3.512 3.125 2.726 2.315 1.892 1.458 1.013 0.932 0.887 0.867 0.870 0.867 0.860 0.847 0.828 0.805 0.776 0.742 0.702 1.003 1.362 1.756 2.184
1.008 0.923 0.837 0.752 0.666 0.580 0.493 0.407 0.320 0.364 0.446 0.533 0.624 0.718 0.817 0.920 1.027 1.139 1.254 1.374 1.497 1.596 1.685 1.777 1.871 1.969 2.069 2.172 2.278 2.387 2.498 2.612 2.730 2.952 3.214 3.481 3.754 4.031 4.315 4.603 4.897 5.196 5.501 5.811 6.126 5.912 5.530 5.137 4.733 4.317 3.874 3.428 3.000 2.587 2.192 1.812 1.450 1.373 1.363 1.348 1.327 1.301 1.269 1.233 1.191 1.144 1.091 1.034 0.971 1.354 1.867 2.415 2.997
1.039 0.953 0.867 0.781 0.694 0.607 0.520 0.433 0.346 0.377 0.474 0.575 0.680 0.790 0.903 1.020 1.142 1.268 1.397 1.531 1.669 1.786 1.887 1.992 2.099 2.209 2.322 2.437 2.556 2.677 2.801 2.928 3.058 3.283 3.569 3.860 4.157 4.458 4.765 5.078 5.396 5.674 5.912 6.135 6.342 6.104 5.650 5.212 4.791 4.386 3.998 3.626 3.271 2.932 2.610 2.304 2.014 1.906 1.872 1.833 1.788 1.739 1.684 1.624 1.558 1.488 1.412 1.331 1.244 1.669 2.336 3.038 3.774
1.071 0.984 0.897 0.810 0.723 0.635 0.547 0.460 0.371 0.387 0.499 0.614 0.733 0.857 0.985 1.117 1.253 1.393 1.537 1.685 1.838 1.972 2.086 2.203 2.323 2.446 2.571 2.699 2.830 2.964 3.101 3.240 3.391 3.623 3.915 4.191 4.452 4.698 4.929 5.145 5.346 5.531 5.701 5.856 5.996 5.845 5.464 5.100 4.752 4.420 4.105 3.807 3.525 3.259 3.010 2.778 2.561 2.443 2.385 2.323 2.255 2.182 2.103 2.019 1.931 1.836 1.737 1.632 1.522 1.950 2.771 3.626 4.516
1.103 1.015 0.927 0.840 0.752 0.663 0.575 0.486 0.397 0.393 0.519 0.649 0.783 0.921 1.063 1.209 1.359 1.514 1.672 1.835 2.002 2.155 2.282 2.405 2.532 2.666 2.809 2.959 3.117 3.283 3.456 3.638 3.827 4.037 4.261 4.470 4.663 4.842 5.005 5.153 5.286 5.404 5.507 5.594 5.667 5.568 5.261 4.970 4.695 4.437 4.195 3.970 3.761 3.569 3.393 3.234 3.091 2.984 2.903 2.817 2.726 2.629 2.527 2.420 2.308 2.190 2.067 1.939 1.805 2.196 3.170 4.179 5.222
1.134 1.046 0.958 0.869 0.781 0.692 0.602 0.513 0.424 0.396 0.536 0.680 0.828 0.980 1.137 1.315 1.543 1.739 1.902 2.033 2.133 2.219 2.365 2.519 2.681 2.850 3.027 3.212 3.405 3.606 3.814 4.030 4.254 4.467 4.624 4.765 4.891 5.002 5.097 5.178 5.243 5.294 5.329 5.349 5.354 5.275 5.040 4.823 4.621 4.436 4.268 4.116 3.980 3.861 3.758 3.672 3.602 3.531 3.426 3.317 3.202 3.081 2.956 2.825 2.689 2.548 2.402 2.250 2.093 2.407 3.535 4.697 5.893
1.166 1.077 0.988 0.899 0.810 0.720 0.630 0.540 0.510 0.653 0.961 1.237 1.481 1.693 1.873 2.021 2.136 2.220 2.271 2.290 2.277 2.255 2.436 2.625 2.821 3.025 3.237 3.457 3.684 3.919 4.162 4.413 4.672 4.913 5.002 5.076 5.134 5.177 5.206 5.219 5.217 5.200 5.167 5.120 5.057 4.964 4.803 4.658 4.530 4.418 4.323 4.244 4.182 4.136 4.106 4.093 4.096 4.082 3.954 3.821 3.682 3.539 3.390 3.235 3.076 2.911 2.742 2.566 2.386 2.583 3.864 5.180 6.529
1.198 1.146 1.161 1.204 1.276 1.376 1.505 1.662 1.847 2.061 2.257 2.420 2.552 2.652 2.719 2.755 2.758 2.729 2.668 2.575 2.450 2.292 2.498 2.721 2.952 3.191 3.438 3.692 3.954 4.224 4.502 4.787 5.080 5.375 5.397 5.403 5.394 5.370 5.330 5.276 5.207 5.122 5.022 4.908 4.778 4.636 4.548 4.477 4.422 4.383 4.361 4.355 4.366 4.393 4.436 4.496 4.572 4.637 4.486 4.329 4.168 4.000 3.828 3.650 3.468 3.279 3.086 2.887 2.684 2.725 4.159 5.627 7.130
1.676 1.762 1.876 2.018 2.189 2.388 2.616 2.872 3.156 3.469 3.580 3.631 3.651 3.638 3.594 3.517 3.408 3.267 3.094 2.889 2.652 2.381 2.551 2.809 3.075 3.348 3.629 3.918 4.215 4.519 4.832 5.152 5.479 5.815 5.807 5.746 5.669 5.578 5.471 5.349 5.213 5.061 4.894 4.712 4.514 4.302 4.277 4.279 4.297 4.331 4.382 4.449 4.532 4.632 4.749 4.881 5.031 5.196 5.023 4.843 4.658 4.467 4.271 4.070 3.864 3.652 3.435 3.213 3.069 3.131 5.112 7.280 9.635
2.165 2.350 2.563 2.804 3.074 3.372 3.699 4.054 4.437 4.849 4.930 4.870 4.777 4.652 4.496 4.307 4.086 3.833 3.548 3.231 2.882 2.498 2.595 2.888 3.188 3.496 3.812 4.136 4.467 4.806 5.153 5.507 5.870 6.240 6.233 6.105 5.961 5.802 5.628 5.439 5.235 5.016 4.782 4.532 4.268 3.988 3.988 4.063 4.154 4.261 4.385 4.525 4.682 4.855 5.044 5.250 5.472 5.710 5.565 5.334 5.107 4.925 4.790 4.700 4.656 4.657 4.705 4.799 4.938 5.124 7.766 10.767 13.956
2.626 2.910 3.222 3.563 3.932 4.329 4.754 5.208 5.691 6.201 6.309 6.136 5.931 5.694 5.426 5.125 4.792 4.427 4.030 3.602 3.141 2.644 2.630 2.957 3.292 3.635 3.986 4.344 4.710 5.083 5.465 5.854 6.251 6.655 6.676 6.480 6.269 6.043 5.801 5.545 5.274 4.987 4.686 4.369 4.038 3.691 3.683 3.830 3.994 4.175 4.384 4.597 4.790 4.963 5.116 5.249 5.363 5.457 5.392 5.322 5.299 5.321 5.389 5.503 5.662 5.868 6.119 6.416 6.759 7.148 10.230 14.064 18.085
3.060 3.443 3.854 4.294 4.761 5.258 5.782 6.335 6.916 7.525 7.714 7.430 7.113 6.764 6.384 5.971 5.526 5.050 4.541 4.000 3.428 2.819 2.657 3.018 3.388 3.765 4.150 4.543 4.943 5.352 5.768 6.191 6.623 7.062 7.134 6.871 6.593 6.299 5.991 5.667 5.329 5.002 4.706 4.421 4.149 3.888 3.915 4.118 4.302 4.467 4.611 4.736 4.841 4.926 4.991 5.037 5.062 5.069 5.129 5.263 5.443 5.669 5.940 6.258 6.621 7.030 7.485 7.986 8.532 9.124 12.504 17.170 22.022
3.467 3.949 4.459 4.997 5.564 6.159 6.782 7.433 8.113 8.821 9.148 8.751 8.323 7.862 7.369 6.845 6.289 5.700 5.080 4.427 3.743 3.022 2.674 3.071 3.475 3.886 4.306 4.733 5.168 5.611 6.061 6.519 6.963 7.389 7.501 7.176 6.862 6.559 6.268 5.989 5.721 5.465 5.221 4.988 4.767 4.557 4.514 4.630 4.726 4.802 4.858 4.895 4.912 4.909 4.887 4.845 4.783 4.701 4.819 5.157 5.540 5.970 6.445 6.966 7.532 8.145 8.803 9.507 10.256 11.052 14.588 20.084 25.768
3.847 4.427 5.036 5.673 6.338 7.032 7.754 8.504 9.282 10.089 10.608 10.100 9.560 8.987 8.383 7.747 7.079 6.379 5.647 4.883 4.087 3.254 2.683 3.111 3.539 3.966 4.393 4.820 5.246 5.672 6.098 6.523 6.948 7.373 7.592 7.318 7.055 6.804 6.565 6.337 6.121 5.916 5.723 5.542 5.372 5.214 5.133 5.161 5.169 5.157 5.126 5.075 5.004 4.914 4.804 4.674 4.524 4.355 4.463 5.004 5.591 6.224 6.902 7.626 8.396 9.211 10.073 10.980 11.932 12.931 16.481 22.809 29.323
4.199 4.878 5.586 6.321 7.085 7.877 8.698 9.547 10.423 11.329 12.097 11.476 10.824 10.140 9.425 8.662 7.711 6.786 5.889 5.019 4.176 3.357 2.682 3.108 3.535 3.961 4.386 4.812 5.237 5.661 6.086 6.510 6.934 7.357 7.669 7.447 7.235 7.036 6.848 6.672 6.507 6.354 6.212 6.082 5.964 5.857 5.772 5.712 5.633 5.533 5.414 5.275 5.117 4.939 4.741 4.523 4.286 4.029 4.060 4.804 5.594 6.430 7.312 8.239 9.212 10.230 11.295 12.404 13.560 14.761 18.185 25.343 32.686
4.524 5.302 6.108 6.942 7.805 8.695 9.614 10.562 11.490 12.173 12.808 11.852 10.887 9.949 9.037 8.153 7.295 6.465 5.661 4.885 4.135 3.410 2.707 3.105 3.530 3.955 4.380 4.804 5.227 5.651 6.074 6.497 6.919 7.341 7.734 7.563 7.403 7.255 7.119 6.994 6.880 6.778 6.688 6.610 6.543 6.487 6.431 6.284 6.116 5.929 5.723 5.496 5.250 4.984 4.699 4.394 4.069 3.724 3.610 4.558 5.551 6.590 7.674 8.804 9.980 11.202 12.469 13.781 15.140 16.544 19.700 27.686 35.859
4.822 5.699 6.555 7.362 8.120 8.829 9.489 10.100 10.662 11.175 11.639 10.945 10.073 9.229 8.411 7.620 6.857 6.120 5.410 4.727 4.071 3.440 2.831 3.103 3.527 3.950 4.373 4.796 5.218 5.641 6.062 6.484 6.905 7.326 7.746 7.666 7.558 7.461 7.376 7.303 7.241 7.190 7.151 7.124 7.108 7.104 7.111 6.875 6.620 6.346 6.051 5.737 5.404 5.050 4.677 4.285 3.872 3.440 3.114 4.265 5.461 6.702 7.990 9.323 10.701 12.125 13.595 15.110 16.672 18.278 21.025 29.841 38.842
5.378 6.112 6.797 7.434 8.021 8.560 9.049 9.489 9.881 10.223 10.516 10.014 9.236 8.486 7.762 7.064 6.394 5.751 5.134 4.545 3.982 3.446 2.931 3.101 3.523 3.945 4.367 4.789 5.210 5.631 6.051 6.471 6.891 7.311 7.730 7.757 7.700 7.655 7.621 7.599 7.588 7.589 7.601 7.625 7.661 7.708 7.767 7.487 7.145 6.782 6.401 5.999 5.578 5.137 4.676 4.196 3.696 3.177 2.637 3.925 5.324 6.768 8.258 9.794 11.375 13.001 14.674 16.392 18.155 20.122 22.675 32.036 41.053
6.007 6.571 7.085 7.551 7.968 8.336 8.655 8.924 9.145 9.317 9.440 9.061 8.376 7.719 7.089 6.485 5.908 5.358 4.835 4.339 3.870 3.427 3.007 3.099 3.520 3.941 4.361 4.781 5.201 5.621 6.040 6.459 6.877 7.296 7.714 7.835 7.829 7.835 7.853 7.882 7.923 7.975 8.038 8.114 8.200 8.299 8.409 8.119 7.689 7.239 6.770 6.281 5.772 5.244 4.696 4.128 3.541 2.934 2.307 3.538 5.278 7.271 9.315 11.411 13.558 15.757 18.007 20.308 22.661 25.066 27.522 34.997 42.495
6.682 7.075 7.419 7.714 7.960 8.158 8.306 8.406 8.456 8.458 8.410 8.084 7.493 6.929 6.392 5.882 5.399 4.942 4.513 4.110 3.734 3.385 3.059 3.097 3.517 3.936 4.356 4.775 5.193 5.611 6.029 6.447 6.864 7.281 7.698 7.900 7.946 8.003 8.072 8.152 8.244 8.347 8.462 8.589 8.727 8.876 9.037 8.771 8.254 7.716 7.160 6.619 6.161 5.751 5.388 5.073 4.806 4.586 4.414 5.941 8.111 10.332 12.604 14.928 17.303 19.730 22.208 24.738 27.319 29.951 32.635 38.294 44.274
7.401 7.624 7.797 7.922 7.998 8.025 8.003 7.933 7.813 7.644 7.427 7.084 6.587 6.116 5.672 5.256 4.866 4.503 4.166 3.857 3.574 3.319 3.088 3.096 3.514 3.932 4.350 4.768 5.185 5.602 6.019 6.435 6.851 7.267 7.682 7.953 8.050 8.158 8.278 8.410 8.553 8.707 8.889 9.075 9.224 9.338 9.416 9.188 8.751 8.361 8.019 7.724 7.477 7.278 7.126 7.023 6.966 6.958 6.997 8.489 10.886 13.335 15.836 18.388 20.991 23.646 26.352 29.110 31.919 34.779 37.691 41.925 46.388
8.165 8.218 8.221 8.176 8.082 7.938 7.746 7.506 7.216 6.877 6.490 6.061 5.657 5.280 4.929 4.606 4.309 4.039 3.796 3.580 3.391 3.229 3.092 3.095 3.512 3.929 4.345 4.762 5.178 5.593 6.008 6.423 6.838 7.331 7.959 8.492 8.769 9.011 9.216 9.386 9.520 9.618 9.680 9.706 9.697 9.651 9.570 9.398 9.171 8.993 8.862 8.778 8.742 8.754 8.813 8.920 9.075 9.277 9.526 10.979 13.605 16.282 19.011 21.791 24.622 27.504 30.438 33.424 36.460 39.549 42.688 45.891 48.838
8.975 8.857 8.690 8.475 8.210 7.897 7.535 7.124 6.665 6.156 5.599 5.015 4.704 4.420 4.163 3.933 3.729 3.553 3.403 3.280 3.183 3.116 3.072 3.094 3.560 4.117 4.689 5.278 5.882 6.501 7.137 7.788 8.455 9.138 9.836 10.435 10.553 10.636 10.682 10.692 10.667 10.606 10.508 10.376 10.207 10.002 9.762 9.557 9.542 9.574 9.653 9.781 9.956 10.178 10.448 10.766 11.131 11.544 12.004 13.414 16.267 19.172 22.129 25.136 28.195 31.305 34.467 37.680 40.944 44.260 47.627 50.190 51.622
9.829 9.541 9.204 8.819 8.384 7.901 7.369 6.789 6.159 5.481 4.754 3.978 3.728 3.537 3.373 3.236 3.151 3.249 3.365 3.498 3.648 3.801 3.953 4.118 4.719 5.345 5.988 6.646 7.320 8.009 8.715 9.436 10.173 10.925 11.694 12.415 12.374 12.297 12.184 12.035 11.851 11.630 11.374 11.082 10.754 10.391 9.991 9.666 9.861 10.104 10.394 10.732 11.118 11.551 12.032 12.560 13.135 13.759 14.429 15.792 18.873 22.006 25.190 28.425 31.711 35.049 38.438 41.879 45.370 48.913 52.508 54.823 54.742
10.728 10.270 9.763 9.208 8.604 7.951 7.249 6.499 5.700 4.881 4.161 3.461 3.392 3.481 3.588 3.712 3.853 4.012 4.187 4.381 4.591 4.804 5.016 5.243 5.858 6.554 7.267 7.995 8.738 9.498 10.273 11.064 11.871 12.693 13.531 14.385 14.231 13.995 13.723 13.415 13.072 12.692 12.277 11.826 11.340 10.817 10.259 9.724 10.130 10.583 11.084 11.633 12.229 12.872 13.563 14.302 15.088 15.922 16.803 18.113 21.422 24.782 28.194 31.656 35.170 38.736 42.352 46.020 49.739 53.509 57.330 59.790 58.195
11.672 11.044 10.335 9.546 8.776 8.026 7.295 6.585 5.894 5.223 4.572 3.941 3.838 3.987 4.154 4.338 4.539 4.758 4.993 5.247 5.517 5.790 6.063 6.350 6.978 7.744 8.526 9.324 10.138 10.967 11.812 12.673 13.549 14.441 15.349 16.273 16.125 15.730 15.299 14.833 14.330 13.792 13.218 12.608 11.962 11.281 10.564 9.811 10.348 11.012 11.723 12.482 13.289 14.142 15.044 15.993 16.989 18.033 19.124 20.379 23.915 27.503 31.141 34.831 38.573 42.365 46.209 50.103 54.049 58.047 62.095 65.089 61.983
11.680 10.920 10.179 9.458 8.757 8.075 7.414 6.772 6.150 5.548 4.965 4.403 4.267 4.476 4.703 4.947 5.208 5.487 5.783 6.096 6.426 6.760 7.094 7.441 8.079 8.915 9.767 10.634 11.517 12.416 13.331 14.262 15.208 16.170 17.147 18.140 18.056 17.502 16.912 16.287 15.625 14.928 14.195 13.427 12.623 11.783 10.907 9.995 10.516 11.390 12.312 13.281 14.297 15.361 16.473 17.632 18.838 20.092 21.393 22.742 26.352 30.166 34.032 37.949 41.918 45.937 50.008 54.130 58.303 62.527 66.802 70.273 64.788
11.369 10.677 10.004 9.352 8.720 8.107 7.514 6.941 6.387 5.854 5.340 4.846 4.680 4.949 5.236 5.540 5.861 6.200 6.555 6.928 7.319 7.712 8.107 8.515 9.160 10.066 10.987 11.925 12.878 13.846 14.831 15.831 16.847 17.878 18.925 19.988 20.023 19.310 18.562 17.777 16.957 16.102 15.210 14.283 13.320 12.322 11.287 10.217 10.633 11.717 12.849 14.028 15.255 16.529 17.850 19.219 20.636 22.099 23.610 25.169 28.732 32.774 36.647 40.062 43.413 46.701 49.924 53.083 56.178 59.209 62.177 65.080 60.494
11.039 10.415 9.812 9.228 8.664 8.120 7.596 7.091 6.606 6.141 5.696 5.270 5.076 5.406 5.752 6.116 6.497 6.896 7.311 7.744 8.194 8.648 9.103 9.572 10.222 11.198 12.189 13.196 14.219 15.257 16.311 17.381 18.466 19.567 20.684 21.816 22.027 21.155 20.248 19.305 18.327 17.312 16.263 15.177 14.056 12.899 11.706 10.477 10.699 11.994 13.336 14.725 16.161 17.575 18.816 20.025 21.202 22.346 23.459 24.540 27.193 30.455 33.652 36.786 39.856 42.862 45.804 48.682 51.495 54.245 56.931 59.553 56.120
10.691 10.136 9.601 9.086 8.591 8.115 7.659 7.223 6.807 6.410 6.033 5.676 5.456 5.846 6.252 6.676 7.117 7.575 8.051 8.543 9.053 9.568 10.083 10.612 11.265 12.310 13.371 14.448 15.540 16.648 17.772 18.911 20.066 21.237 22.423 23.625 24.067 23.037 21.971 20.870 19.733 18.560 17.352 16.108 14.802 13.415 12.041 10.679 10.565 11.825 13.053 14.249 15.413 16.545 17.644 18.712 19.748 20.751 21.722 22.662 24.830 27.810 30.726 33.579 36.367 39.092 41.752 44.349 46.882 49.351 51.756 54.097 51.667
