DATA/SHG/ECMWF/20170628/EN-36/20170705.en-36.asc
ncols        190
nrows        64
xllcorner    -5100000.000000000000
yllcorner    4130000.000000000000
cellsize     10000.000000000000
NODATA_value  -99999.000
[rows 0 to 32 of 64, columns 0 to 72 of 190]
2.667 2.528 2.383 2.232 2.073 1.908 1.737 1.558 1.374 1.358 1.404 1.455 1.512 1.575 1.643 1.718 1.798 1.885 1.977 2.066 2.145 2.062 1.908 1.755 1.605 1.456 1.309 1.165 1.022 0.881 0.742 0.605 0.470 0.429 0.447 0.465 0.482 0.498 0.513 0.527 0.540 0.553 0.565 0.575 0.585 0.627 0.698 0.774 0.853 0.935 1.022 1.111 1.204 1.301 1.402 1.506 1.613 1.762 1.958 2.155 2.355 2.557 2.760 2.966 3.174 3.384 3.596 3.810 4.025 4.193 4.281 4.372 4.466
2.754 2.592 2.424 2.248 2.067 1.878 1.683 1.482 1.273 1.227 1.293 1.365 1.484 1.595 1.697 1.790 1.874 1.948 2.013 2.069 2.115 2.054 1.906 1.761 1.617 1.475 1.335 1.197 1.061 0.926 0.794 0.664 0.535 0.475 0.490 0.505 0.519 0.532 0.544 0.555 0.565 0.575 0.584 0.591 0.598 0.634 0.719 0.807 0.898 0.993 1.092 1.194 1.300 1.410 1.523 1.639 1.759 1.908 2.110 2.315 2.522 2.731 2.942 3.155 3.369 3.586 3.805 4.026 4.249 4.442 4.542 4.644 4.750
2.849 2.663 2.471 2.273 2.075 1.911 1.753 1.602 1.457 1.434 1.540 1.637 1.725 1.803 1.873 1.933 1.984 2.025 2.058 2.081 2.095 2.044 1.903 1.764 1.627 1.492 1.358 1.227 1.098 0.970 0.844 0.721 0.599 0.521 0.534 0.546 0.556 0.566 0.575 0.584 0.591 0.598 0.603 0.608 0.612 0.639 0.736 0.836 0.940 1.048 1.159 1.274 1.392 1.514 1.640 1.769 1.902 2.051 2.261 2.473 2.687 2.903 3.121 3.341 3.563 3.787 4.013 4.241 4.497 4.744 4.890 5.044 5.207
2.993 2.825 2.664 2.510 2.362 2.221 2.087 1.959 1.837 1.782 1.855 1.920 1.975 2.021 2.058 2.085 2.104 2.113 2.113 2.103 2.085 2.032 1.898 1.765 1.635 1.506 1.380 1.255 1.132 1.011 0.893 0.775 0.660 0.569 0.578 0.587 0.595 0.602 0.608 0.613 0.618 0.621 0.624 0.626 0.627 0.639 0.749 0.862 0.978 1.099 1.223 1.350 1.481 1.615 1.753 1.895 2.040 2.192 2.409 2.628 2.851 3.103 3.357 3.613 3.870 4.130 4.391 4.654 4.919 5.186 5.362 5.545 5.735
3.180 3.036 2.898 2.767 2.642 2.524 2.413 2.308 2.210 2.139 2.180 2.212 2.235 2.248 2.252 2.247 2.233 2.210 2.177 2.135 2.084 2.018 1.890 1.765 1.641 1.519 1.399 1.281 1.165 1.051 0.939 0.828 0.720 0.617 0.624 0.629 0.634 0.638 0.641 0.644 0.645 0.646 0.645 0.644 0.642 0.639 0.758 0.884 1.013 1.146 1.282 1.422 1.566 1.723 1.913 2.100 2.283 2.462 2.708 2.963 3.219 3.478 3.738 4.000 4.264 4.530 4.797 5.067 5.338 5.612 5.825 6.036 6.255
3.359 3.238 3.124 3.016 2.914 2.819 2.731 2.649 2.574 2.506 2.514 2.514 2.504 2.485 2.456 2.419 2.372 2.316 2.251 2.177 2.093 2.001 1.881 1.762 1.645 1.530 1.417 1.305 1.196 1.088 0.983 0.879 0.777 0.677 0.670 0.672 0.674 0.675 0.675 0.675 0.673 0.671 0.667 0.663 0.658 0.653 0.792 0.996 1.196 1.392 1.584 1.773 1.957 2.138 2.315 2.488 2.657 2.822 3.060 3.321 3.584 3.849 4.116 4.385 4.655 4.927 5.202 5.478 5.755 6.035 6.281 6.520 6.767
3.532 3.434 3.342 3.257 3.179 3.107 3.042 2.983 2.931 2.885 2.858 2.825 2.782 2.731 2.670 2.600 2.521 2.432 2.335 2.228 2.112 1.987 1.870 1.758 1.647 1.539 1.432 1.328 1.225 1.124 1.025 0.928 0.833 0.740 0.717 0.716 0.715 0.713 0.710 0.746 0.811 0.878 0.944 1.012 1.081 1.150 1.305 1.495 1.682 1.864 2.043 2.218 2.389 2.556 2.719 2.879 3.034 3.186 3.410 3.678 3.947 4.219 4.492 4.767 5.044 5.323 5.603 5.886 6.170 6.456 6.728 6.995 7.270
3.697 3.622 3.553 3.491 3.436 3.387 3.345 3.309 3.280 3.258 3.211 3.146 3.071 2.987 2.893 2.791 2.679 2.558 2.428 2.289 2.141 1.983 1.857 1.751 1.647 1.546 1.446 1.348 1.252 1.158 1.065 0.975 0.932 0.910 0.942 1.006 1.071 1.136 1.203 1.270 1.338 1.407 1.476 1.547 1.618 1.689 1.821 1.998 2.171 2.340 2.505 2.666 2.824 2.977 3.127 3.273 3.415 3.553 3.758 4.032 4.308 4.586 4.865 5.147 5.430 5.715 6.002 6.291 6.582 6.875 7.166 7.461 7.764
3.854 3.802 3.757 3.718 3.686 3.660 3.641 3.628 3.622 3.622 3.574 3.476 3.368 3.252 3.126 2.991 2.847 2.694 2.532 2.360 2.179 1.989 1.842 1.743 1.646 1.595 1.553 1.517 1.486 1.461 1.442 1.429 1.421 1.419 1.451 1.518 1.585 1.654 1.723 1.793 1.863 1.935 2.007 2.080 2.153 2.228 2.340 2.503 2.663 2.818 2.970 3.118 3.261 3.402 3.538 3.670 3.799 3.924 4.103 4.384 4.666 4.950 5.236 5.524 5.814 6.106 6.399 6.695 6.992 7.291 7.597 7.920 8.251
4.004 3.975 3.953 3.937 3.928 3.925 3.929 3.939 3.956 3.979 3.946 3.815 3.675 3.527 3.368 3.201 3.025 2.839 2.653 2.476 2.308 2.149 2.037 1.998 1.965 1.937 1.915 1.899 1.888 1.884 1.885 1.891 1.904 1.922 1.959 2.029 2.099 2.170 2.241 2.314 2.387 2.461 2.535 2.611 2.687 2.764 2.862 3.012 3.158 3.300 3.438 3.572 3.702 3.829 3.952 4.071 4.186 4.297 4.446 4.733 5.022 5.313 5.605 5.900 6.196 6.494 6.794 7.095 7.399 7.704 8.019 8.370 8.729
4.146 4.141 4.141 4.148 4.162 4.182 4.209 4.242 4.282 4.329 4.306 4.088 3.879 3.679 3.489 3.307 3.135 2.972 2.818 2.673 2.537 2.410 2.313 2.293 2.280 2.273 2.271 2.274 2.284 2.299 2.320 2.347 2.379 2.417 2.466 2.538 2.610 2.684 2.758 2.833 2.909 2.985 3.063 3.141 3.220 3.299 3.387 3.523 3.656 3.784 3.909 4.030 4.146 4.260 4.369 4.474 4.576 4.674 4.787 5.080 5.375 5.672 5.971 6.272 6.575 6.879 7.186 7.494 7.804 8.116 8.432 8.812 9.199
4.281 4.299 4.322 4.319 4.290 4.266 4.248 4.234 4.226 4.223 4.205 4.019 3.842 3.675 3.516 3.367 3.226 3.095 2.973 2.860 2.756 2.662 2.581 2.582 2.589 2.602 2.620 2.644 2.673 2.708 2.749 2.796 2.848 2.906 2.970 3.045 3.120 3.196 3.273 3.351 3.429 3.508 3.588 3.669 3.750 3.833 3.916 4.038 4.157 4.272 4.383 4.490 4.594 4.693 4.789 4.881 4.969 5.054 5.134 5.425 5.726 6.030 6.335 6.643 6.952 7.263 7.575 7.976 8.420 8.837 9.226 9.634 10.009
4.115 4.089 4.068 4.052 4.042 4.036 4.036 4.041 4.050 4.065 4.086 3.940 3.795 3.660 3.533 3.416 3.308 3.209 3.119 3.038 2.966 2.903 2.849 2.865 2.892 2.924 2.962 3.006 3.056 3.111 3.172 3.239 3.311 3.389 3.473 3.551 3.629 3.708 3.787 3.867 3.948 4.030 4.113 4.196 4.280 4.365 4.450 4.556 4.661 4.762 4.860 4.954 5.044 5.130 5.213 5.291 5.366 5.437 5.504 5.767 6.254 6.793 7.305 7.789 8.247 8.677 9.080 9.456 9.805 10.126 10.421 10.700 10.946
3.789 3.781 3.778 3.781 3.788 3.801 3.819 3.841 3.869 3.903 3.941 3.852 3.739 3.636 3.541 3.456 3.379 3.312 3.254 3.205 3.165 3.134 3.113 3.141 3.188 3.240 3.299 3.362 3.432 3.507 3.588 3.675 3.767 3.865 3.969 4.055 4.136 4.217 4.299 4.382 4.466 4.550 4.635 4.721 4.808 4.895 4.983 5.076 5.168 5.256 5.340 5.421 5.497 5.772 6.094 6.428 6.773 7.130 7.498 7.955 8.425 8.869 9.285 9.675 10.037 10.372 10.680 10.960 11.214 11.440 11.639 11.799 11.916
3.458 3.468 3.484 3.504 3.530 3.560 3.596 3.637 3.683 3.734 3.791 3.754 3.673 3.601 3.539 3.486 3.441 3.406 3.380 3.363 3.355 3.356 3.366 3.411 3.478 3.550 3.628 3.712 3.801 3.897 3.997 4.104 4.216 4.334 4.458 4.558 4.641 4.725 4.810 4.895 4.982 5.068 5.156 5.245 5.334 5.424 5.694 5.981 6.274 6.578 6.894 7.221 7.560 7.911 8.273 8.647 9.033 9.430 9.838 10.244 10.620 10.968 11.289 11.583 11.850 12.090 12.303 12.488 12.646 12.778 12.882 12.931 12.919
3.122 3.150 3.183 3.222 3.266 3.314 3.368 3.427 3.492 3.561 3.635 3.646 3.597 3.558 3.527 3.506 3.493 3.490 3.496 3.510 3.534 3.567 3.609 3.674 3.761 3.853 3.951 4.055 4.165 4.280 4.400 4.527 4.659 4.797 4.941 5.060 5.145 5.232 5.330 5.509 5.714 5.946 6.204 6.490 6.801 7.139 7.504 7.863 8.196 8.541 8.897 9.265 9.644 10.035 10.438 10.852 11.278 11.715 12.164 12.557 12.837 13.090 13.316 13.515 13.687 13.832 13.949 14.040 14.103 14.139 14.148 14.096 13.956
2.780 2.827 2.878 2.935 2.997 3.063 3.135 3.212 3.295 3.382 3.474 3.529 3.512 3.504 3.506 3.516 3.536 3.564 3.602 3.648 3.704 3.769 3.843 3.931 4.038 4.150 4.268 4.392 4.521 4.656 4.797 4.942 5.101 5.286 5.497 5.712 5.904 6.122 6.367 6.639 6.937 7.262 7.613 7.991 8.396 8.827 9.284 9.731 10.104 10.489 10.886 11.294 11.714 12.145 12.588 13.042 13.508 13.986 14.475 14.893 15.078 15.236 15.367 15.471 15.547 15.597 15.619 15.615 15.583 15.524 15.439 15.294 15.026
2.434 2.498 2.568 2.642 2.722 2.807 2.897 2.992 3.092 3.198 3.308 3.402 3.417 3.441 3.474 3.517 3.568 3.628 3.698 3.776 3.864 3.961 4.066 4.182 4.272 4.341 4.436 4.557 4.703 4.876 5.074 5.298 5.548 5.824 6.126 6.441 6.726 7.038 7.376 7.740 8.132 8.549 8.993 9.464 9.961 10.485 11.036 11.584 11.998 12.423 12.860 13.309 13.769 14.240 14.723 15.218 15.724 16.242 16.772 17.252 17.342 17.405 17.440 17.449 17.431 17.386 17.313 17.214 17.087 16.933 16.753 16.526 16.129
2.082 2.164 2.252 2.345 2.443 2.546 2.654 2.767 2.885 3.008 3.137 3.265 3.312 3.368 3.434 3.508 3.591 3.651 3.691 3.727 3.758 3.786 3.809 3.833 3.967 4.126 4.312 4.523 4.761 5.024 5.313 5.627 5.968 6.334 6.727 7.143 7.521 7.925 8.356 8.813 9.297 9.808 10.345 10.908 11.498 12.115 12.758 13.424 13.878 14.343 14.820 15.309 15.809 16.321 16.844 17.379 17.926 18.484 19.054 19.633 19.628 19.596 19.537 19.451 19.338 19.198 19.030 18.836 18.615 18.366 18.091 17.788 17.265
1.725 1.825 1.931 2.042 2.158 2.279 2.405 2.536 2.672 2.814 2.956 3.094 3.152 3.198 3.241 3.279 3.312 3.342 3.367 3.389 3.406 3.419 3.428 3.432 3.634 3.885 4.161 4.463 4.791 5.145 5.524 5.929 6.361 6.817 7.300 7.808 8.287 8.784 9.308 9.858 10.434 11.038 11.667 12.323 13.006 13.715 14.451 15.213 15.743 16.249 16.766 17.295 17.835 18.387 18.951 19.526 20.113 20.711 21.321 21.942 21.938 21.811 21.657 21.476 21.268 21.033 20.771 20.482 20.166 19.823 19.453 19.056 18.435
1.363 1.481 1.605 1.760 1.911 2.058 2.202 2.342 2.478 2.610 2.739 2.864 2.921 2.953 2.980 3.004 3.023 3.038 3.049 3.056 3.058 3.057 3.051 3.041 3.276 3.617 3.984 4.376 4.794 5.239 5.709 6.204 6.726 7.273 7.846 8.445 9.024 9.614 10.231 10.874 11.543 12.239 12.961 13.710 14.485 15.287 16.115 16.969 17.594 18.140 18.698 19.267 19.847 20.439 21.043 21.659 22.285 22.924 23.574 24.235 24.271 24.050 23.801 23.525 23.222 22.892 22.536 21.990 21.180 20.370 19.561 18.753 17.819
1.202 1.352 1.497 1.639 1.777 1.911 2.042 2.169 2.292 2.411 2.527 2.639 2.695 2.712 2.725 2.734 2.738 2.739 2.735 2.728 2.716 2.700 2.679 2.655 2.890 3.322 3.779 4.262 4.771 5.306 5.866 6.452 7.064 7.701 8.365 9.054 9.734 10.416 11.125 11.861 12.623 13.411 14.226 15.067 15.935 16.829 17.750 18.697 19.431 20.017 20.615 21.224 21.845 22.477 23.121 23.777 24.443 25.122 25.812 26.514 26.368 25.555 24.742 23.931 23.120 22.310 21.500 20.692 19.884 19.077 18.271 17.466 16.608
1.125 1.261 1.394 1.522 1.647 1.769 1.886 2.000 2.110 2.216 2.319 2.418 2.473 2.476 2.474 2.468 2.459 2.445 2.426 2.404 2.378 2.347 2.312 2.273 2.478 3.000 3.548 4.121 4.720 5.345 5.996 6.673 7.375 8.103 8.856 9.636 10.415 11.190 11.992 12.820 13.674 14.555 15.462 16.396 17.356 18.343 19.356 20.395 21.254 21.880 22.518 23.167 23.828 24.241 24.480 24.699 24.896 25.071 25.226 25.359 25.051 24.241 23.431 22.622 21.814 21.007 20.200 19.395 18.590 17.786 16.982 16.180 15.375
1.052 1.175 1.294 1.410 1.522 1.630 1.735 1.835 1.932 2.026 2.115 2.201 2.256 2.244 2.228 2.208 2.184 2.155 2.122 2.086 2.045 2.000 1.950 1.897 2.039 2.652 3.290 3.954 4.643 5.358 6.099 6.866 7.658 8.476 9.320 10.190 11.068 11.936 12.830 13.750 14.697 15.671 16.670 17.696 18.749 19.828 20.713 21.516 22.148 22.420 22.671 22.900 23.108 23.295 23.460 23.604 23.727 23.828 23.908 23.967 23.736 22.928 22.121 21.315 20.510 19.705 18.902 18.099 17.296 16.495 15.695 14.895 14.121
0.983 1.093 1.199 1.302 1.401 1.496 1.587 1.675 1.759 1.839 1.916 1.989 2.044 2.018 1.987 1.952 1.913 1.870 1.823 1.772 1.717 1.657 1.593 1.525 1.574 2.277 3.005 3.759 4.539 5.344 6.176 7.032 7.915 8.823 9.757 10.717 11.693 12.653 13.640 14.524 15.379 16.220 17.045 17.856 18.652 19.433 20.199 20.951 21.596 21.794 21.970 22.125 22.259 22.372 22.463 22.533 22.581 22.608 22.614 22.598 22.421 21.617 20.812 20.009 19.207 18.405 17.604 16.804 16.004 15.206 14.408 13.611 12.845
0.921 1.015 1.108 1.198 1.284 1.366 1.444 1.519 1.590 1.657 1.721 1.780 1.837 1.796 1.751 1.701 1.648 1.591 1.529 1.463 1.393 1.319 1.241 1.159 1.083 1.875 2.694 3.538 4.408 5.304 6.225 7.172 8.130 9.080 10.023 10.959 11.886 12.734 13.567 14.385 15.189 15.978 16.752 17.511 18.256 18.985 19.700 20.400 21.066 21.190 21.292 21.373 21.432 21.470 21.487 21.483 21.457 21.410 21.342 21.252 21.108 20.306 19.505 18.704 17.905 17.106 16.308 15.510 14.713 13.918 13.123 12.328 11.549
0.902 0.941 1.021 1.098 1.171 1.240 1.305 1.367 1.425 1.479 1.530 1.577 1.620 1.579 1.519 1.455 1.388 1.316 1.240 1.159 1.075 0.986 0.894 0.797 0.715 1.568 2.545 3.514 4.476 5.430 6.377 7.317 8.249 9.174 10.092 11.002 11.904 12.712 13.494 14.261 15.013 15.751 16.473 17.181 17.875 18.553 19.217 19.865 20.499 20.608 20.636 20.642 20.628 20.592 20.534 20.456 20.356 20.235 20.092 19.928 19.743 18.997 18.199 17.401 16.604 15.808 15.012 14.218 13.424 12.631 11.838 11.047 10.256
0.895 0.872 0.939 1.002 1.062 1.118 1.171 1.219 1.264 1.306 1.343 1.377 1.407 1.366 1.292 1.214 1.132 1.071 1.070 1.074 1.084 1.099 1.120 1.146 1.177 1.875 2.826 3.769 4.705 5.634 6.556 7.470 8.376 9.275 10.167 11.052 11.929 12.706 13.436 14.152 14.853 15.539 16.210 16.867 17.509 18.136 18.748 19.346 19.928 20.048 20.001 19.934 19.845 19.735 19.603 19.451 19.277 19.081 18.865 18.627 18.368 17.689 16.894 16.098 15.304 14.511 13.718 12.926 12.135 11.345 10.555 9.767 8.979
0.901 0.806 0.860 0.911 0.958 1.001 1.040 1.076 1.108 1.136 1.192 1.277 1.351 1.377 1.373 1.374 1.381 1.393 1.411 1.434 1.463 1.497 1.537 1.582 1.633 2.188 3.114 4.031 4.942 5.845 6.741 7.629 8.510 9.384 10.250 11.109 11.960 12.714 13.393 14.058 14.707 15.342 15.962 16.567 17.158 17.734 18.295 18.841 19.373 19.509 19.389 19.247 19.084 18.900 18.695 18.468 18.220 17.950 17.660 17.348 17.015 16.383 15.590 14.797 14.006 13.215 12.425 11.636 10.848 10.060 9.273 8.487 7.702
0.919 0.745 0.786 0.879 0.997 1.105 1.203 1.292 1.371 1.440 1.500 1.551 1.592 1.616 1.631 1.652 1.678 1.709 1.746 1.788 1.836 1.889 1.948 2.013 2.082 2.509 3.409 4.301 5.186 6.063 6.933 7.796 8.652 9.499 10.340 11.173 11.999 12.737 13.365 13.978 14.577 15.160 15.729 16.283 16.822 17.347 17.857 18.352 18.832 18.993 18.798 18.583 18.346 18.087 17.808 17.507 17.185 16.842 16.477 16.092 15.685 15.077 14.287 13.497 12.708 11.921 11.133 10.347 9.602 8.941 8.311 7.709 7.138
1.380 1.236 1.339 1.432 1.516 1.590 1.655 1.710 1.756 1.792 1.818 1.835 1.842 1.849 1.883 1.923 1.968 2.019 2.075 2.136 2.203 2.275 2.353 2.436 2.525 2.837 3.711 4.577 5.437 6.288 7.133 7.970 8.800 9.622 10.437 11.245 12.045 12.776 13.352 13.914 14.461 14.993 15.511 16.014 16.502 16.975 17.434 17.878 18.307 18.498 18.230 17.940 17.629 17.297 16.943 16.569 16.173 15.756 15.317 14.858 14.377 13.773 13.009 12.274 11.568 10.893 10.246 9.630 9.043 8.485 7.957 7.459 6.990
2.054 1.866 1.935 1.995 2.045 2.086 2.117 2.139 2.151 2.153 2.146 2.129 2.103 2.076 2.129 2.188 2.252 2.322 2.397 2.477 2.563 2.655 2.752 2.854 2.962 3.171 4.020 4.861 5.694 6.521 7.340 8.151 8.956 9.752 10.542 11.324 12.099 12.828 13.354 13.864 14.360 14.841 15.308 15.759 16.196 16.619 17.026 17.419 17.797 18.025 17.683 17.319 16.934 16.528 16.115 15.685 15.224 14.735 14.216 13.667 13.089 12.467 11.805 11.173 10.571 9.998 9.454 8.940 8.456 8.001 7.576 7.180 6.814
2.723 2.526 2.541 2.568 2.584 2.591 2.589 2.577 2.556 2.524 2.484 2.434 2.374 2.305 2.369 2.447 2.530 2.619 2.713 2.812 2.917 3.028 3.144 3.265 3.392 3.524 4.336 5.151 5.960 6.760 7.554 8.340 9.118 9.890 10.654 11.410 12.159 12.896 13.370 13.830 14.274 14.704 15.120 15.520 15.906 16.277 16.634 16.989 17.358 17.698 17.312 16.896 16.451 15.977 15.473 14.940 14.377 13.784 13.163 12.511 11.830 11.134 10.575 10.046 9.546 9.076 8.635 8.224 7.842 7.490 7.168 6.875 6.611
