DATA/SHG/ECMWF/20170628/EN-36/20170709.en-36.asc
ncols        190
nrows        64
xllcorner    -5100000.000000000000
yllcorner    4130000.000000000000
cellsize     10000.000000000000
NODATA_value  -99999.000
[rows 0 to 32 of 64, columns 73 to 145 of 190]
6.581 6.887 7.205 7.534 7.875 8.228 8.592 8.968 9.279 9.290 9.233 9.181 9.134 9.091 9.052 9.018 8.988 8.963 8.942 8.925 8.811 8.379 7.970 7.576 7.198 6.835 6.487 6.155 5.838 5.536 5.250 4.979 4.791 4.827 4.856 4.878 4.894 4.903 4.905 4.900 4.889 4.871 4.846 4.814 4.776 4.745 4.727 4.722 4.729 4.750 4.782 4.828 4.886 4.957 5.040 5.136 5.271 5.486 5.703 5.922 6.143 6.365 6.590 6.817 7.046 7.276 7.509 7.743 8.053 8.579 9.122 9.680 10.255
6.831 7.178 7.456 7.692 7.907 8.100 8.271 8.421 8.520 8.475 8.434 8.398 8.366 8.338 8.315 8.297 8.283 8.273 8.268 8.267 8.229 7.865 7.525 7.200 6.890 6.595 6.316 6.052 5.804 5.570 5.352 5.150 4.984 4.989 4.988 4.980 4.966 4.944 4.916 4.881 4.839 4.791 4.736 4.674 4.617 4.643 4.681 4.733 4.797 4.874 4.963 5.065 5.180 5.307 5.447 5.600 5.773 5.997 6.222 6.450 6.679 6.911 7.144 7.380 7.617 7.856 8.097 8.340 8.638 9.236 9.850 10.481 11.127
6.664 6.868 7.050 7.211 7.350 7.467 7.563 7.637 7.686 7.657 7.632 7.611 7.595 7.583 7.576 7.573 7.574 7.580 7.590 7.605 7.624 7.335 7.063 6.806 6.565 6.339 6.128 5.933 5.752 5.587 5.438 5.303 5.184 5.159 5.128 5.089 5.045 4.993 4.935 4.869 4.798 4.719 4.634 4.541 4.444 4.527 4.622 4.730 4.851 4.984 5.130 5.289 5.460 5.644 5.841 6.050 6.272 6.505 6.739 6.975 7.213 7.453 7.696 7.939 8.185 8.433 8.683 8.935 9.257 10.043 10.860 11.708 12.586
6.431 6.559 6.666 6.751 6.814 6.856 6.876 6.875 6.852 6.836 6.827 6.822 6.821 6.825 6.833 6.846 6.863 6.884 6.910 6.940 6.975 6.788 6.585 6.397 6.224 6.066 5.923 5.796 5.684 5.588 5.506 5.440 5.389 5.336 5.274 5.206 5.131 5.049 4.960 4.865 4.763 4.654 4.539 4.416 4.287 4.397 4.549 4.714 4.891 5.081 5.284 5.499 5.727 5.967 6.221 6.486 6.765 7.010 7.253 7.524 7.831 8.152 8.487 8.836 9.199 9.576 9.966 10.371 10.790 11.678 12.631 13.614 14.628
6.218 6.271 6.302 6.311 6.299 6.266 6.210 6.133 6.035 6.013 6.019 6.030 6.044 6.064 6.088 6.116 6.148 6.185 6.227 6.273 6.323 6.225 6.090 5.970 5.865 5.776 5.702 5.643 5.599 5.571 5.558 5.560 5.577 5.520 5.428 5.329 5.224 5.112 4.993 4.868 4.736 4.597 4.451 4.299 4.140 4.255 4.463 4.684 4.918 5.165 5.488 5.856 6.209 6.549 6.874 7.185 7.482 7.803 8.144 8.499 8.868 9.251 9.648 10.059 10.484 10.923 11.376 11.843 12.323 13.281 14.369 15.488 16.637
6.026 6.003 5.959 5.893 5.805 5.696 5.565 5.413 5.239 5.186 5.208 5.234 5.265 5.300 5.339 5.383 5.431 5.484 5.541 5.602 5.668 5.646 5.579 5.527 5.491 5.470 5.464 5.473 5.497 5.537 5.592 5.663 5.748 5.711 5.589 5.460 5.325 5.183 5.034 4.878 4.716 4.645 4.648 4.661 4.686 4.950 5.325 5.686 6.033 6.366 6.685 6.989 7.279 7.556 7.818 8.066 8.299 8.638 9.041 9.458 9.890 10.335 10.794 11.267 11.754 12.255 12.769 13.298 13.841 14.850 16.074 17.328 18.612
5.855 5.757 5.637 5.495 5.332 5.147 4.941 4.713 4.464 4.357 4.395 4.436 4.482 4.533 4.588 4.647 4.711 4.779 4.851 4.928 5.010 5.050 5.051 5.068 5.099 5.146 5.209 5.286 5.379 5.487 5.610 5.748 5.959 6.061 6.025 6.000 5.986 5.982 5.990 6.008 6.038 6.078 6.129 6.192 6.265 6.476 6.788 7.085 7.369 7.639 7.894 8.136 8.363 8.576 8.775 8.960 9.130 9.457 9.923 10.402 10.895 11.402 11.923 12.458 13.007 13.570 14.147 14.737 15.342 16.386 17.746 19.135 20.555
5.704 5.530 5.335 5.118 4.879 4.619 4.338 4.035 3.710 3.525 3.578 3.635 3.697 3.763 3.833 3.908 3.988 4.071 4.159 4.252 4.348 4.438 4.507 4.647 4.826 5.023 5.237 5.469 5.718 5.984 6.267 6.568 6.886 7.092 7.104 7.128 7.162 7.207 7.263 7.330 7.408 7.497 7.597 7.708 7.830 8.014 8.263 8.498 8.718 8.925 9.117 9.295 9.459 9.609 9.745 9.867 9.974 10.262 10.789 11.330 11.885 12.454 13.037 13.634 14.245 14.869 15.508 16.160 16.827 17.890 19.385 20.909 22.464
5.574 5.325 5.054 4.762 4.448 4.112 3.756 3.377 2.977 2.690 2.759 2.831 2.909 2.990 3.076 3.209 3.489 3.734 3.945 4.121 4.263 4.396 4.618 4.858 5.115 5.389 5.680 5.989 6.315 6.658 7.019 7.397 7.792 8.108 8.170 8.241 8.324 8.418 8.523 8.639 8.765 8.903 9.051 9.211 9.381 9.565 9.751 9.922 10.080 10.223 10.353 10.468 10.569 10.656 10.729 10.787 10.832 11.050 11.639 12.242 12.859 13.490 14.135 14.794 15.466 16.153 16.853 17.568 18.296 19.362 20.991 22.651 24.340
5.464 5.139 4.793 4.426 4.037 3.626 3.194 2.741 2.366 2.285 2.651 2.983 3.280 3.543 3.771 3.965 4.124 4.248 4.338 4.394 4.415 4.433 4.732 5.049 5.383 5.735 6.103 6.489 6.892 7.313 7.751 8.206 8.678 9.112 9.221 9.342 9.473 9.616 9.769 9.933 10.109 10.295 10.492 10.699 10.918 11.129 11.252 11.360 11.455 11.535 11.601 11.654 11.692 11.716 11.726 11.721 11.703 11.823 12.474 13.139 13.818 14.511 15.217 15.938 16.672 17.420 18.183 18.959 19.749 20.800 22.564 24.359 26.184
5.374 5.051 4.832 4.630 4.446 4.279 4.130 3.999 3.886 3.795 4.040 4.251 4.428 4.570 4.677 4.750 4.789 4.793 4.762 4.697 4.598 4.462 4.827 5.221 5.632 6.060 6.506 6.969 7.450 7.947 8.462 8.994 9.544 10.102 10.260 10.429 10.609 10.800 11.002 11.214 11.438 11.673 11.918 12.174 12.442 12.706 12.765 12.811 12.843 12.860 12.863 12.853 12.828 12.789 12.736 12.669 12.587 12.580 13.293 14.020 14.761 15.515 16.284 17.066 17.862 18.672 19.496 20.334 21.185 22.206 24.105 26.035 27.994
6.297 6.122 5.964 5.823 5.701 5.596 5.509 5.439 5.387 5.353 5.459 5.549 5.605 5.626 5.613 5.566 5.484 5.367 5.216 5.031 4.811 4.555 4.901 5.372 5.861 6.366 6.889 7.429 7.987 8.561 9.153 9.763 10.389 11.033 11.285 11.503 11.731 11.970 12.221 12.482 12.754 13.037 13.331 13.636 13.951 14.278 14.292 14.275 14.243 14.198 14.138 14.065 13.977 13.875 13.759 13.629 13.485 13.327 14.097 14.886 15.688 16.504 17.334 18.178 19.036 19.908 20.793 21.693 22.544 23.384 25.411 27.571 29.863
7.288 7.174 7.077 6.999 6.938 6.894 6.868 6.860 6.870 6.897 6.907 6.877 6.812 6.713 6.580 6.412 6.209 5.972 5.701 5.395 5.055 4.678 4.956 5.504 6.069 6.652 7.252 7.869 8.504 9.155 9.824 10.511 11.214 11.935 12.297 12.563 12.840 13.127 13.426 13.736 14.056 14.388 14.730 15.083 15.447 15.822 15.831 15.751 15.657 15.549 15.426 15.290 15.139 14.974 14.796 14.603 14.396 14.175 14.885 15.689 16.449 17.216 17.990 18.770 19.556 20.349 21.148 21.954 22.767 23.586 26.084 28.833 31.714
8.261 8.208 8.173 8.156 8.156 8.174 8.210 8.263 8.335 8.423 8.385 8.234 8.049 7.830 7.576 7.287 6.965 6.608 6.216 5.790 5.330 4.832 4.991 5.616 6.259 6.918 7.595 8.289 9.001 9.729 10.475 11.238 12.019 12.816 13.295 13.609 13.935 14.271 14.618 14.976 15.345 15.725 16.115 16.517 16.929 17.353 17.384 17.241 17.083 16.912 16.638 16.275 15.923 15.582 15.252 14.934 14.627 14.331 14.859 15.642 16.432 17.228 18.031 18.840 19.655 20.477 21.306 22.141 22.982 23.830 26.624 29.962 33.431
9.215 9.224 9.251 9.295 9.357 9.436 9.533 9.648 9.781 9.931 9.892 9.621 9.316 8.976 8.602 8.193 7.751 7.273 6.762 6.216 5.635 5.016 5.006 5.709 6.428 7.165 7.918 8.690 9.478 10.283 11.106 11.946 12.803 13.677 14.280 14.643 15.016 15.401 15.796 16.203 16.620 16.935 17.144 17.355 17.569 17.786 17.657 17.299 16.951 16.616 16.291 15.978 15.676 15.385 15.105 14.837 14.580 14.334 14.777 15.589 16.408 17.233 18.065 18.903 19.747 20.598 21.456 22.320 23.191 24.068 27.031 30.957 35.014
10.152 10.222 10.310 10.416 10.539 10.680 10.839 11.015 11.209 11.420 11.429 11.038 10.612 10.152 9.658 9.129 8.566 7.969 7.337 6.671 5.971 5.231 5.002 5.781 6.578 7.391 8.222 9.070 9.935 10.817 11.717 12.633 13.476 14.235 14.759 14.961 15.166 15.374 15.584 15.797 16.012 16.230 16.450 16.674 16.900 17.128 17.099 16.790 16.493 16.207 15.933 15.669 15.417 15.176 14.947 14.728 14.521 14.325 14.688 15.529 16.377 17.231 18.092 18.959 19.833 20.713 21.600 22.493 23.393 24.299 27.305 31.818 36.464
11.071 11.202 11.352 11.519 11.703 11.906 12.126 12.363 12.618 12.891 12.995 12.484 11.938 11.358 10.744 10.095 9.412 8.695 7.943 7.158 6.337 5.477 4.978 5.802 6.599 7.388 8.168 8.940 9.704 10.460 11.207 11.946 12.677 13.400 13.969 14.183 14.400 14.619 14.841 15.066 15.293 15.523 15.755 15.990 16.228 16.468 16.529 16.271 16.024 15.788 15.563 15.350 15.147 14.956 14.777 14.608 14.451 14.305 14.592 15.462 16.339 17.222 18.112 19.008 19.911 20.820 21.736 22.658 23.587 24.522 27.446 32.547 37.780
11.972 12.165 12.375 12.604 12.850 13.113 13.394 13.693 14.010 14.343 14.591 13.960 13.294 12.594 11.860 11.071 10.031 9.021 8.039 7.086 6.162 5.271 4.571 5.340 6.101 6.853 7.597 8.333 9.060 9.780 10.491 11.194 11.889 12.576 13.177 13.403 13.632 13.863 14.097 14.333 14.572 14.814 15.058 15.305 15.555 15.807 15.949 15.740 15.543 15.357 15.182 15.019 14.866 14.725 14.595 14.477 14.369 14.273 14.489 15.388 16.294 17.207 18.125 19.051 19.983 20.921 21.866 22.817 23.775 24.739 27.455 33.143 38.962
12.855 13.109 13.381 13.671 13.978 14.303 14.645 15.005 15.314 15.290 15.253 14.192 13.138 12.112 11.115 10.147 9.208 8.298 7.417 6.565 5.742 4.952 4.190 4.887 5.612 6.328 7.036 7.735 8.427 9.110 9.785 10.452 11.111 11.761 12.384 12.622 12.862 13.105 13.351 13.599 13.850 14.103 14.359 14.618 14.879 15.143 15.357 15.199 15.051 14.915 14.790 14.676 14.574 14.483 14.402 14.334 14.276 14.229 14.379 15.308 16.243 17.184 18.132 19.087 20.047 21.015 21.988 22.969 23.955 24.949 27.331 33.605 40.011
13.720 13.956 13.979 13.989 13.985 13.968 13.938 13.895 13.838 13.768 13.685 12.839 11.885 10.960 10.065 9.198 8.360 7.550 6.770 6.019 5.297 4.608 3.949 4.444 5.132 5.812 6.484 7.147 7.803 8.450 9.089 9.720 10.342 10.957 11.563 11.838 12.090 12.345 12.602 12.862 13.125 13.390 13.658 13.929 14.202 14.477 14.754 14.646 14.548 14.462 14.387 14.323 14.270 14.229 14.198 14.179 14.171 14.175 14.263 15.221 16.185 17.155 18.132 19.115 20.105 21.102 22.104 23.114 24.129 25.151 27.075 33.935 40.927
12.827 12.817 12.794 12.758 12.708 12.646 12.569 12.480 12.377 12.261 12.132 11.462 10.609 9.785 8.990 8.223 7.486 6.778 6.099 5.448 4.827 4.239 3.681 4.011 4.663 5.307 5.942 6.569 7.189 7.800 8.402 8.997 9.584 10.162 10.732 11.053 11.317 11.583 11.852 12.124 12.399 12.676 12.955 13.238 13.522 13.810 14.100 14.082 14.034 13.998 13.972 13.958 13.955 13.963 13.983 14.013 14.055 14.108 14.172 15.127 16.120 17.119 18.125 19.137 20.156 21.182 22.213 23.251 24.296 25.346 26.646 33.772 40.789
11.749 11.693 11.624 11.542 11.446 11.337 11.215 11.079 10.930 10.768 10.593 10.060 9.308 8.584 7.890 7.225 6.588 5.981 5.402 4.852 4.332 3.845 3.389 3.587 4.203 4.810 5.410 6.001 6.584 7.159 7.726 8.284 8.835 9.377 9.911 10.265 10.541 10.819 11.100 11.384 11.670 11.959 12.250 12.545 12.841 13.140 13.442 13.507 13.509 13.522 13.546 13.582 13.629 13.687 13.756 13.836 13.928 14.030 14.144 15.026 16.126 17.317 18.472 19.589 20.671 21.716 22.725 23.697 24.633 25.532 26.395 32.654 39.192
10.685 10.583 10.468 10.339 10.197 10.042 9.874 9.692 9.497 9.289 9.068 8.633 7.982 7.359 6.766 6.201 5.665 5.158 4.680 4.231 3.811 3.426 3.071 3.173 3.753 4.324 4.887 5.443 5.990 6.528 7.059 7.582 8.096 8.602 9.100 9.476 9.764 10.054 10.347 10.642 10.940 11.241 11.544 11.850 12.158 12.469 12.783 12.921 12.972 13.035 13.109 13.223 13.422 13.677 13.986 14.351 14.771 15.246 15.777 16.734 17.800 18.829 19.822 20.779 21.699 22.582 23.430 24.241 25.015 25.754 26.455 31.643 37.703
9.634 9.486 9.325 9.151 8.963 8.762 8.547 8.320 8.079 7.825 7.557 7.183 6.632 6.110 5.617 5.153 4.717 4.311 3.933 3.585 3.265 2.981 2.728 2.768 3.312 3.847 4.375 4.894 5.405 5.908 6.402 6.889 7.367 7.837 8.299 8.685 8.984 9.286 9.591 9.898 10.208 10.520 10.851 11.187 11.494 11.772 12.021 12.223 12.447 12.725 13.059 13.448 13.892 14.391 14.945 15.555 16.220 16.940 17.715 18.603 19.507 20.376 21.207 22.003 22.762 23.484 24.171 24.820 25.434 26.011 26.552 30.740 36.322
8.598 8.404 8.197 7.976 7.742 7.495 7.235 6.961 6.675 6.375 6.061 5.707 5.257 4.836 4.443 4.080 3.745 3.439 3.162 2.914 2.694 2.511 2.359 2.373 2.881 3.380 3.872 4.355 4.830 5.296 5.755 6.205 6.648 7.139 7.722 8.259 8.670 9.052 9.404 9.728 10.022 10.288 10.524 10.731 10.909 11.057 11.177 11.411 11.879 12.402 12.981 13.614 14.303 15.047 15.846 16.700 17.609 18.574 19.593 20.507 21.250 21.957 22.628 23.262 23.860 24.422 24.947 25.436 25.888 26.304 26.684 29.945 35.048
7.576 7.336 7.082 6.816 6.536 6.243 5.937 5.617 5.284 4.938 4.579 4.208 3.858 3.537 3.245 2.982 2.747 2.542 2.365 2.217 2.098 2.016 1.966 1.988 2.495 3.060 3.628 4.200 4.777 5.358 5.943 6.532 7.125 7.722 8.324 8.868 9.150 9.403 9.626 9.820 9.986 10.122 10.229 10.306 10.355 10.375 10.365 10.541 11.254 12.022 12.845 13.723 14.656 15.644 16.688 17.786 18.940 20.149 21.412 22.445 23.028 23.574 24.083 24.557 24.994 25.394 25.759 26.087 26.378 26.634 26.853 29.257 33.883
6.567 6.281 5.982 5.669 5.344 5.005 4.652 4.287 3.908 3.517 3.111 2.693 2.434 2.214 2.022 1.859 1.748 1.805 1.873 1.951 2.041 2.135 2.233 2.340 2.907 3.490 4.077 4.668 5.263 5.862 6.465 7.073 7.685 8.300 8.920 9.509 9.662 9.785 9.879 9.944 9.980 9.987 9.965 9.914 9.833 9.724 9.585 9.613 10.571 11.583 12.651 13.773 14.951 16.183 17.471 18.814 20.212 21.665 23.172 24.419 24.840 25.225 25.574 25.886 26.162 26.402 26.606 26.773 26.904 26.999 27.057 28.676 32.825
5.572 5.240 4.895 4.537 4.165 3.780 3.382 2.971 2.546 2.150 1.906 1.668 1.658 1.710 1.772 1.844 1.928 2.022 2.128 2.244 2.370 2.503 2.639 2.783 3.314 3.915 4.520 5.130 5.743 6.361 6.983 7.609 8.239 8.873 9.511 10.154 10.204 10.198 10.163 10.100 10.006 9.884 9.733 9.553 9.343 9.105 8.837 8.629 9.830 11.087 12.399 13.766 15.187 16.664 18.196 19.783 21.424 23.121 24.873 26.426 26.687 26.911 27.099 27.251 27.366 27.445 27.488 27.495 27.465 27.399 27.297 28.203 31.874
4.591 4.213 3.859 3.591 3.329 3.075 2.827 2.586 2.352 2.125 1.904 1.690 1.678 1.767 1.867 1.977 2.098 2.230 2.373 2.526 2.690 2.860 3.034 3.216 3.715 4.335 4.959 5.586 6.218 6.854 7.495 8.139 8.787 9.440 10.097 10.758 10.778 10.643 10.479 10.286 10.064 9.813 9.533 9.223 8.885 8.517 8.121 7.695 9.033 10.534 12.089 13.700 15.366 17.086 18.862 20.693 22.579 24.519 26.515 28.469 28.568 28.632 28.659 28.650 28.605 28.524 28.406 28.252 28.062 27.836 27.573 27.836 31.031
4.172 3.914 3.663 3.418 3.180 2.949 2.725 2.508 2.297 2.093 1.896 1.706 1.688 1.815 1.952 2.099 2.258 2.427 2.607 2.798 3.000 3.208 3.419 3.640 4.111 4.749 5.391 6.038 6.688 7.343 8.001 8.664 9.331 10.002 10.677 11.356 11.382 11.118 10.825 10.504 10.153 9.773 9.364 8.925 8.458 7.962 7.437 6.882 8.178 9.922 11.722 13.577 15.486 17.451 19.470 21.545 23.674 25.858 28.098 30.392 30.485 30.388 30.254 30.085 29.879 29.637 29.359 29.045 28.694 28.308 27.885 27.485 29.985
3.923 3.688 3.461 3.240 3.025 2.818 2.617 2.423 2.236 2.056 1.882 1.715 1.689 1.852 2.027 2.212 2.408 2.615 2.832 3.060 3.300 3.545 3.794 4.052 4.502 5.158 5.819 6.484 7.152 7.825 8.502 9.183 9.869 10.558 11.252 11.949 12.017 11.625 11.203 10.752 10.273 9.764 9.226 8.659 8.063 7.438 6.784 6.101 7.265 9.254 11.297 13.396 15.549 17.757 20.020 22.338 24.711 27.139 29.621 32.159 32.436 32.178 31.778 31.145 30.492 29.821 29.130 28.420 27.691 26.943 26.175 25.389 27.338
3.668 3.457 3.252 3.055 2.864 2.680 2.503 2.332 2.169 2.012 1.862 1.718 1.679 1.880 2.092 2.314 2.548 2.792 3.047 3.313 3.589 3.872 4.159 4.455 4.888 5.562 6.241 6.924 7.611 8.303 8.998 9.698 10.401 11.109 11.821 12.537 12.684 12.162 11.612 11.032 10.424 9.786 9.120 8.424 7.700 6.946 6.164 5.352 6.296 8.528 10.815 13.157 15.553 18.004 20.437 22.819 25.149 27.429 29.657 31.833 31.995 31.315 30.616 29.898 29.161 28.405 27.629 26.835 26.021 25.188 24.336 23.465 24.774
3.407 3.219 3.038 2.864 2.697 2.536 2.383 2.236 2.095 1.962 1.835 1.715 1.659 1.898 2.147 2.407 2.678 2.959 3.252 3.555 3.868 4.189 4.514 4.848 5.268 5.961 6.658 7.360 8.065 8.775 9.489 10.207 10.929 11.655 12.385 13.119 13.381 12.731 12.052 11.344 10.606 9.840 9.045 8.221 7.502 7.052 6.449 5.694 6.407 8.870 11.282 13.643 15.953 18.211 20.418 22.574 24.678 26.732 28.734 30.685 31.023 30.259 29.475 28.673 27.851 27.010 26.150 25.271 24.373 23.455 22.519 21.563 22.294
