DATA/SHG/ECMWF/20170628/EN-36/20170710.en-36.asc
ncols        190
nrows        64
xllcorner    -5100000.000000000000
yllcorner    4130000.000000000000
cellsize     10000.000000000000
NODATA_value  -99999.000
[rows 0 to 31 of 64, columns 0 to 72 of 190]
6.590 6.983 7.395 7.826 8.278 8.749 9.239 9.749 10.279 10.584 10.805 11.016 11.216 11.406 11.585 11.754 11.913 12.061 12.199 12.201 12.159 11.835 11.390 10.955 10.530 10.115 9.709 9.314 8.929 8.554 8.189 7.834 7.489 7.179 6.895 6.620 6.353 6.094 5.844 5.602 5.369 5.144 4.927 4.719 4.519 4.311 4.104 3.913 3.739 3.583 3.443 3.320 3.213 3.124 3.052 2.996 2.958 2.950 2.961 2.969 2.975 2.978 2.979 2.978 2.974 2.967 2.958 2.946 2.932 2.885 2.784 2.676 2.561
6.321 6.783 7.264 7.766 8.287 8.827 9.387 9.967 10.566 10.924 11.108 11.282 11.252 11.215 11.177 11.137 11.096 11.054 11.010 10.965 10.919 10.673 10.263 9.863 9.473 9.094 8.724 8.364 8.014 7.675 7.345 7.025 6.715 6.433 6.179 5.933 5.696 5.467 5.246 5.034 4.830 4.635 4.448 4.269 4.099 3.937 3.789 3.658 3.544 3.446 3.366 3.302 3.255 3.225 3.212 3.216 3.237 3.262 3.264 3.263 3.260 3.255 3.247 3.236 3.223 3.208 3.190 3.169 3.146 3.097 2.971 2.839 2.699
6.030 6.561 7.113 7.683 8.249 8.709 9.150 9.572 9.975 10.168 10.131 10.092 10.052 10.010 9.967 9.923 9.878 9.831 9.782 9.733 9.682 9.501 9.127 8.763 8.408 8.064 7.730 7.405 7.091 6.786 6.492 6.208 5.933 5.679 5.454 5.238 5.031 4.831 4.640 4.458 4.284 4.118 3.961 3.812 3.671 3.547 3.458 3.386 3.331 3.293 3.272 3.268 3.280 3.309 3.356 3.419 3.499 3.576 3.569 3.559 3.547 3.533 3.516 3.497 3.475 3.450 3.423 3.394 3.405 3.413 3.341 3.281 3.231
5.560 6.029 6.480 6.910 7.322 7.715 8.088 8.442 8.777 8.985 8.943 8.899 8.855 8.809 8.761 8.712 8.662 8.611 8.558 8.504 8.448 8.321 7.982 7.654 7.335 7.026 6.727 6.437 6.158 5.889 5.630 5.381 5.142 4.917 4.723 4.536 4.358 4.188 4.027 3.874 3.730 3.594 3.466 3.347 3.236 3.140 3.111 3.098 3.102 3.124 3.162 3.217 3.288 3.377 3.483 3.605 3.744 3.892 3.876 3.858 3.838 3.830 3.829 3.834 3.845 3.862 3.885 3.915 3.950 3.992 3.961 3.940 3.930
4.926 5.328 5.710 6.073 6.417 6.742 7.048 7.334 7.601 7.804 7.758 7.710 7.661 7.610 7.558 7.505 7.450 7.394 7.337 7.278 7.218 7.133 6.829 6.536 6.252 5.978 5.715 5.461 5.217 4.983 4.759 4.546 4.342 4.148 3.983 3.827 3.678 3.538 3.406 3.283 3.168 3.062 2.963 2.874 2.792 2.719 2.747 2.794 2.857 2.938 3.035 3.149 3.280 3.449 3.674 3.872 4.044 4.188 4.196 4.198 4.206 4.220 4.240 4.266 4.299 4.337 4.382 4.432 4.489 4.552 4.568 4.587 4.616
4.314 4.648 4.963 5.258 5.535 5.792 6.030 6.249 6.449 6.628 6.577 6.524 6.470 6.415 6.359 6.301 6.241 6.181 6.119 6.056 5.991 5.925 5.667 5.409 5.161 4.922 4.694 4.475 4.267 4.068 3.880 3.701 3.532 3.374 3.237 3.109 2.991 2.880 2.778 2.684 2.599 2.522 2.453 2.393 2.341 2.298 2.464 2.783 3.075 3.341 3.579 3.790 3.975 4.132 4.263 4.367 4.444 4.494 4.515 4.538 4.567 4.603 4.644 4.692 4.745 4.805 4.871 4.943 5.021 5.105 5.165 5.222 5.291
3.724 3.991 4.238 4.466 4.675 4.864 5.035 5.186 5.318 5.431 5.398 5.341 5.283 5.223 5.162 5.100 5.036 4.971 4.904 4.837 4.767 4.697 4.497 4.273 4.060 3.857 3.664 3.481 3.308 3.144 2.991 2.847 2.714 2.591 2.482 2.385 2.296 2.215 2.142 2.195 2.358 2.548 2.764 3.006 3.274 3.569 3.836 4.060 4.257 4.428 4.572 4.688 4.778 4.841 4.878 4.887 4.869 4.825 4.828 4.872 4.923 4.979 5.042 5.111 5.186 5.267 5.354 5.447 5.547 5.652 5.749 5.846 5.955
3.156 3.355 3.535 3.695 3.837 3.959 4.062 4.146 4.211 4.256 4.223 4.162 4.099 4.035 3.969 3.902 3.834 3.764 3.693 3.621 3.547 3.472 3.317 3.129 2.951 2.784 2.626 2.478 2.340 2.211 2.093 1.985 2.004 2.068 2.157 2.282 2.432 2.609 2.812 3.041 3.296 3.578 3.886 4.220 4.581 4.967 5.232 5.362 5.464 5.540 5.590 5.612 5.607 5.576 5.518 5.433 5.321 5.182 5.134 5.200 5.271 5.349 5.433 5.524 5.620 5.722 5.831 5.945 6.066 6.192 6.322 6.459 6.607
2.610 2.741 2.854 2.947 3.021 3.076 3.111 3.128 3.125 3.104 3.052 2.986 2.918 2.849 2.779 2.708 2.635 2.561 2.485 2.408 2.330 2.250 2.129 1.977 1.834 1.859 1.901 1.950 2.005 2.066 2.134 2.208 2.288 2.374 2.514 2.730 2.973 3.242 3.537 3.858 4.206 4.580 4.980 5.406 5.859 6.337 6.653 6.688 6.696 6.678 6.633 6.561 6.462 6.336 6.183 6.004 5.798 5.565 5.433 5.521 5.614 5.713 5.818 5.930 6.047 6.171 6.301 6.436 6.578 6.726 6.884 7.060 7.247
2.086 2.150 2.195 2.221 2.227 2.215 2.183 2.132 2.062 1.973 1.883 1.813 1.741 1.667 1.593 1.516 1.439 1.382 1.475 1.568 1.660 1.752 1.826 1.872 1.924 1.982 2.047 2.117 2.194 2.278 2.367 2.463 2.565 2.673 2.843 3.152 3.487 3.848 4.235 4.648 5.088 5.554 6.046 6.564 7.109 7.679 8.099 8.039 7.953 7.841 7.701 7.535 7.341 7.121 6.875 6.601 6.300 5.973 5.727 5.835 5.950 6.070 6.197 6.330 6.468 6.613 6.764 6.921 7.084 7.253 7.434 7.649 7.875
1.584 1.580 1.558 1.516 1.456 1.376 1.277 1.159 1.022 0.866 0.772 0.866 0.959 1.052 1.145 1.238 1.331 1.423 1.516 1.608 1.699 1.791 1.877 1.944 2.018 2.099 2.185 2.278 2.377 2.482 2.593 2.711 2.835 2.965 3.145 3.545 3.972 4.425 4.905 5.410 5.942 6.499 7.083 7.694 8.330 8.993 9.569 9.416 9.235 9.028 8.794 8.534 8.246 7.932 7.591 7.223 6.829 6.407 6.014 6.144 6.279 6.421 6.569 6.723 6.883 7.049 7.221 7.399 7.583 7.774 7.973 8.227 8.492
1.103 1.032 0.943 0.883 0.864 0.848 0.835 0.824 0.816 0.811 0.819 0.911 1.004 1.097 1.189 1.281 1.373 1.465 1.557 1.648 1.739 1.830 1.920 2.010 2.106 2.208 2.317 2.431 2.552 2.680 2.813 2.953 3.099 3.251 3.419 3.912 4.430 4.975 5.547 6.144 6.768 7.417 8.093 8.795 9.523 10.278 11.058 10.817 10.542 10.241 9.913 9.558 9.176 8.768 8.333 7.871 7.382 6.867 6.325 6.446 6.602 6.765 6.934 7.110 7.291 7.478 7.671 7.847 8.019 8.207 8.409 8.675 8.956
0.920 0.903 0.889 0.877 0.868 0.861 0.857 0.856 0.858 0.862 0.869 0.957 1.049 1.141 1.233 1.324 1.416 1.507 1.598 1.688 1.779 1.869 1.959 2.069 2.187 2.311 2.442 2.578 2.721 2.870 3.026 3.187 3.355 3.529 3.709 4.250 4.861 5.498 6.161 6.850 7.566 8.307 9.075 9.868 10.688 11.534 12.407 12.242 11.874 11.478 11.056 10.607 10.132 9.629 9.100 8.544 7.962 7.352 6.716 6.741 6.867 6.985 7.119 7.268 7.432 7.611 7.806 8.017 8.242 8.484 8.740 9.044 9.369
0.884 0.876 0.871 0.868 0.868 0.871 0.877 0.885 0.896 0.910 0.926 1.003 1.095 1.186 1.277 1.367 1.458 1.548 1.639 1.729 1.818 1.908 1.997 2.122 2.261 2.408 2.560 2.718 2.883 3.054 3.232 3.415 3.605 3.801 4.003 4.562 5.264 5.993 6.748 7.529 8.336 9.169 10.028 10.914 11.825 12.763 13.727 13.693 13.230 12.741 12.224 11.682 11.112 10.332 9.539 8.770 8.024 7.303 6.605 6.488 6.645 6.817 7.004 7.207 7.425 7.658 7.907 8.171 8.451 8.745 9.056 9.401 9.769
0.844 0.845 0.850 0.857 0.866 0.879 0.894 0.911 0.932 0.955 0.980 1.049 1.140 1.230 1.321 1.411 1.501 1.590 1.680 1.769 1.858 1.947 2.036 2.167 2.329 2.497 2.671 2.852 3.039 3.231 3.431 3.636 3.848 4.065 4.289 4.845 5.640 6.460 7.307 8.179 9.078 10.003 10.954 11.931 12.934 13.963 14.650 14.427 13.574 12.745 11.940 11.158 10.401 9.667 8.958 8.272 7.610 6.973 6.359 6.198 6.408 6.634 6.875 7.132 7.403 7.690 7.993 8.311 8.644 8.992 9.356 9.745 10.156
0.801 0.812 0.826 0.842 0.861 0.883 0.907 0.934 0.964 0.997 1.032 1.095 1.185 1.275 1.365 1.454 1.543 1.632 1.721 1.810 1.898 1.987 2.075 2.206 2.390 2.580 2.776 2.978 3.187 3.402 3.623 3.850 4.084 4.323 4.569 5.102 5.988 6.900 7.825 8.662 9.455 10.204 10.910 11.573 12.191 12.767 13.298 13.238 12.469 11.723 11.002 10.304 9.630 8.980 8.354 7.752 7.174 6.620 6.089 5.893 6.157 6.436 6.731 7.041 7.367 7.708 8.064 8.435 8.822 9.224 9.642 10.078 10.532
0.755 0.776 0.799 0.825 0.853 0.884 0.918 0.955 0.994 1.035 1.080 1.142 1.231 1.320 1.409 1.498 1.586 1.675 1.763 1.851 1.939 2.026 2.113 2.239 2.444 2.656 2.874 3.098 3.329 3.566 3.808 4.071 4.366 4.662 4.957 5.424 6.239 7.010 7.737 8.422 9.062 9.659 10.213 10.723 11.189 11.613 11.992 12.027 11.341 10.680 10.042 9.428 8.837 8.271 7.729 7.210 6.715 6.244 5.797 5.573 5.891 6.224 6.573 6.937 7.316 7.710 8.120 8.545 8.986 9.441 9.912 10.398 10.895
0.707 0.737 0.769 0.804 0.842 0.883 0.926 0.972 1.020 1.071 1.125 1.188 1.277 1.365 1.453 1.541 1.629 1.717 1.804 1.892 1.979 2.066 2.152 2.265 2.523 2.819 3.115 3.410 3.706 4.001 4.296 4.591 4.886 5.181 5.475 5.837 6.499 7.118 7.694 8.226 8.714 9.159 9.560 9.918 10.233 10.504 10.731 10.794 10.192 9.614 9.059 8.529 8.022 7.539 7.080 6.645 6.234 5.846 5.483 5.239 5.610 5.997 6.400 6.817 7.250 7.698 8.161 8.640 9.134 9.643 10.168 10.706 11.246
0.656 0.695 0.737 0.781 0.828 0.878 0.931 0.986 1.044 1.104 1.168 1.235 1.322 1.410 1.498 1.585 1.672 1.777 1.903 2.043 2.198 2.367 2.550 2.751 3.047 3.342 3.637 3.932 4.227 4.522 4.816 5.111 5.405 5.700 5.994 6.294 6.804 7.271 7.694 8.074 8.410 8.703 8.952 9.158 9.321 9.440 9.515 9.539 9.021 8.526 8.055 7.608 7.185 6.785 6.410 6.058 5.730 5.426 5.145 4.890 5.315 5.756 6.212 6.683 7.169 7.671 8.188 8.720 9.268 9.830 10.408 11.002 11.585
0.601 0.650 0.701 0.755 0.812 0.871 0.933 0.997 1.065 1.134 1.198 1.253 1.340 1.445 1.564 1.697 1.845 2.007 2.183 2.374 2.578 2.797 3.031 3.278 3.569 3.864 4.159 4.453 4.748 5.042 5.336 5.630 5.924 6.218 6.511 6.805 7.153 7.467 7.738 7.966 8.150 8.291 8.389 8.443 8.454 8.421 8.345 8.225 7.828 7.416 7.029 6.665 6.325 6.009 5.716 5.448 5.203 4.982 4.785 4.612 5.006 5.500 6.009 6.534 7.074 7.629 8.199 8.785 9.386 10.002 10.634 11.281 11.911
0.544 0.602 0.663 0.747 0.825 0.896 0.961 1.020 1.072 1.117 1.157 1.189 1.304 1.459 1.628 1.811 2.009 2.221 2.448 2.688 2.943 3.212 3.496 3.793 4.091 4.385 4.680 4.974 5.267 5.561 5.855 6.148 6.442 6.735 7.028 7.321 7.545 7.708 7.827 7.903 7.935 7.924 7.870 7.772 7.631 7.447 7.219 6.948 6.612 6.284 5.980 5.700 5.443 5.210 5.001 4.816 4.654 4.516 4.402 4.312 4.682 5.229 5.792 6.370 6.964 7.572 8.196 8.816 9.409 10.001 10.593 11.184 11.704
0.667 0.741 0.810 0.871 0.926 0.975 1.018 1.053 1.083 1.106 1.123 1.133 1.252 1.457 1.676 1.910 2.158 2.420 2.696 2.987 3.292 3.611 3.945 4.293 4.612 4.906 5.200 5.493 5.787 6.080 6.373 6.666 6.959 7.252 7.544 7.837 7.981 7.992 7.960 7.884 7.764 7.602 7.396 7.146 6.854 6.518 6.138 5.716 5.375 5.131 4.910 4.712 4.539 4.389 4.263 4.161 4.083 4.028 3.997 3.990 4.346 4.941 5.535 6.129 6.722 7.315 7.907 8.499 9.090 9.681 10.271 10.861 11.346
0.866 0.918 0.963 1.002 1.035 1.061 1.081 1.094 1.101 1.102 1.096 1.083 1.184 1.440 1.709 1.993 2.291 2.603 2.930 3.271 3.626 3.995 4.378 4.776 5.133 5.426 5.719 6.012 6.305 6.598 6.891 7.183 7.476 7.768 8.060 8.352 8.461 8.320 8.136 7.908 7.638 7.323 6.966 6.565 6.121 5.633 5.103 4.529 4.116 3.955 3.817 3.703 3.613 3.601 3.628 3.654 3.680 3.706 3.731 3.756 4.040 4.633 5.226 5.818 6.410 7.001 7.592 8.182 8.772 9.362 9.950 10.539 11.010
1.071 1.101 1.124 1.140 1.150 1.154 1.151 1.142 1.126 1.104 1.076 1.041 1.102 1.407 1.727 2.060 2.409 2.771 3.147 3.538 3.943 4.363 4.796 5.244 5.653 5.946 6.238 6.531 6.823 7.115 7.408 7.700 7.991 8.283 8.575 8.866 8.985 8.692 8.356 7.977 7.555 7.089 6.580 6.028 5.433 4.794 4.192 3.623 3.250 3.277 3.303 3.330 3.356 3.382 3.407 3.432 3.457 3.481 3.506 3.529 3.735 4.327 4.918 5.509 6.099 6.689 7.278 7.867 8.455 9.043 9.630 10.217 10.695
1.284 1.291 1.291 1.285 1.272 1.253 1.228 1.196 1.158 1.114 1.063 1.005 1.004 1.359 1.729 2.113 2.511 2.923 3.350 3.790 4.245 4.715 5.198 5.696 6.172 6.464 6.757 7.049 7.340 7.632 7.924 8.215 8.507 8.798 9.089 9.380 9.552 9.108 8.621 8.008 7.395 6.794 6.205 5.630 5.067 4.517 3.979 3.454 3.036 3.062 3.088 3.113 3.138 3.163 3.187 3.211 3.235 3.258 3.281 3.304 3.431 4.021 4.611 5.200 5.789 6.377 6.965 7.552 8.139 8.725 9.311 9.896 10.402
1.502 1.487 1.465 1.436 1.401 1.360 1.312 1.258 1.197 1.130 1.057 0.977 0.891 1.296 1.716 2.149 2.597 3.060 3.536 4.027 4.532 5.051 5.585 6.132 6.691 6.983 7.274 7.566 7.857 8.148 8.439 8.727 8.850 8.967 9.076 9.178 9.257 8.649 8.055 7.472 6.903 6.346 5.803 5.271 4.753 4.247 3.754 3.274 2.823 2.848 2.873 2.897 2.921 2.944 2.968 2.990 3.013 3.035 3.057 3.078 3.127 3.716 4.304 4.892 5.479 6.066 6.652 7.238 7.823 8.408 8.992 9.576 10.130
1.716 1.691 1.646 1.595 1.537 1.473 1.403 1.326 1.243 1.154 1.058 0.955 0.847 1.217 1.687 2.171 2.669 3.181 3.707 4.248 4.803 5.372 5.955 6.553 7.142 7.333 7.474 7.608 7.735 7.855 7.967 8.074 8.173 8.265 8.350 8.428 8.500 8.013 7.462 6.925 6.400 5.887 5.388 4.901 4.427 3.965 3.516 3.080 2.657 2.635 2.658 2.681 2.704 2.727 2.749 2.770 2.792 2.813 2.834 2.854 2.874 3.411 3.998 4.584 5.170 5.755 6.340 6.924 7.508 8.091 8.674 9.257 9.838
1.931 1.901 1.833 1.760 1.680 1.594 1.501 1.402 1.296 1.184 1.066 0.941 0.810 1.124 1.643 2.177 2.725 3.301 3.890 4.441 4.956 5.434 5.875 6.280 6.647 6.832 6.949 7.059 7.161 7.257 7.346 7.428 7.503 7.571 7.632 7.687 7.734 7.364 6.858 6.365 5.884 5.416 4.961 4.518 4.088 3.671 3.267 2.875 2.496 2.422 2.444 2.466 2.488 2.509 2.530 2.551 2.571 2.591 2.611 2.630 2.649 3.107 3.693 4.277 4.862 5.445 6.029 6.612 7.194 7.776 8.357 8.938 9.518
2.145 2.118 2.028 1.932 1.829 1.721 1.605 1.484 1.356 1.221 1.146 1.153 1.176 1.540 2.147 2.717 3.250 3.746 4.206 4.629 5.015 5.365 5.677 5.953 6.192 6.339 6.432 6.517 6.596 6.668 6.733 6.790 6.841 6.885 6.923 6.953 6.976 6.703 6.242 5.793 5.356 4.933 4.522 4.123 3.738 3.365 3.004 2.657 2.322 2.210 2.231 2.252 2.273 2.293 2.313 2.332 2.351 2.370 2.389 2.407 2.425 2.804 3.388 3.971 4.554 5.136 5.718 6.300 6.880 7.461 8.041 8.620 9.199
2.360 2.341 2.229 2.151 2.107 2.078 2.064 2.064 2.079 2.109 2.153 2.212 2.286 2.538 3.016 3.458 3.862 4.230 4.561 4.856 5.113 5.334 5.518 5.665 5.776 5.854 5.923 5.984 6.039 6.086 6.127 6.161 6.188 6.208 6.221 6.227 6.226 6.031 5.613 5.209 4.817 4.437 4.070 3.716 3.375 3.046 2.730 2.427 2.136 1.999 2.019 2.038 2.058 2.077 2.096 2.114 2.132 2.150 2.167 2.184 2.201 2.502 3.084 3.666 4.247 4.828 5.408 5.988 6.548 7.060 7.549 8.016 8.460
2.776 2.811 2.789 2.782 2.790 2.812 2.849 2.901 2.967 3.048 3.144 3.254 3.379 3.575 3.925 4.237 4.513 4.753 4.955 5.121 5.250 5.342 5.398 5.417 5.399 5.377 5.421 5.459 5.489 5.513 5.529 5.539 5.542 5.538 5.527 5.509 5.485 5.346 4.973 4.613 4.265 3.930 3.607 3.297 3.000 2.715 2.444 2.184 1.938 1.788 1.807 1.825 1.844 1.861 1.879 1.896 1.913 1.930 1.946 1.962 1.978 2.214 2.806 3.376 3.923 4.447 4.948 5.427 5.883 6.317 6.727 7.115 7.480
3.298 3.323 3.353 3.397 3.456 3.529 3.617 3.720 3.838 3.970 4.117 4.278 4.455 4.650 4.871 5.055 5.202 5.313 5.387 5.425 5.425 5.389 5.317 5.207 5.061 4.907 4.928 4.941 4.948 4.947 4.940 4.926 4.905 4.877 4.842 4.800 4.751 4.650 4.321 4.005 3.701 3.410 3.132 2.866 2.613 2.373 2.145 1.930 1.727 1.577 1.595 1.613 1.630 1.647 1.683 1.732 1.781 1.829 1.876 1.922 1.968 2.123 2.637 3.128 3.596 4.041 4.464 4.864 5.241 5.596 5.928 6.237 6.523
