DATA/SHG/ECMWF/20170628/EN-36/20170704.en-36.asc
ncols        190
nrows        64
xllcorner    -5100000.000000000000
yllcorner    4130000.000000000000
cellsize     10000.000000000000
NODATA_value  -99999.000
[rows 0 to 32 of 64, columns 0 to 73 of 190]
2.383 2.458 2.528 2.595 2.658 2.718 2.773 2.824 2.872 2.777 2.637 2.497 2.356 2.214 2.072 1.929 1.786 1.643 1.498 1.395 1.307 1.325 1.390 1.453 1.517 1.579 1.641 1.701 1.762 1.821 1.879 1.937 1.994 1.961 1.870 1.778 1.685 1.591 1.496 1.400 1.303 1.205 1.106 1.007 0.906 0.979 1.205 1.430 1.654 1.877 2.099 2.319 2.539 2.757 2.974 3.190 3.405 3.679 4.027 4.382 4.741 5.106 5.476 5.851 6.232 6.618 7.009 7.406 7.808 8.020 7.925 7.838 7.761 7.693
2.062 2.123 2.180 2.233 2.283 2.328 2.370 2.408 2.441 2.368 2.226 2.084 1.981 1.883 1.788 1.696 1.607 1.521 1.439 1.359 1.282 1.281 1.343 1.405 1.465 1.525 1.584 1.642 1.699 1.756 1.812 1.867 1.922 1.907 1.812 1.717 1.620 1.523 1.424 1.325 1.225 1.124 1.022 0.919 0.815 0.839 1.061 1.282 1.502 1.721 1.939 2.155 2.371 2.585 2.798 3.010 3.221 3.481 3.848 4.221 4.599 4.983 5.372 5.766 6.166 6.570 6.980 7.396 7.817 8.119 8.055 8.001 7.956 7.920
1.745 1.793 1.836 1.876 1.917 1.981 2.042 2.102 2.160 2.146 2.050 1.956 1.866 1.779 1.695 1.613 1.535 1.460 1.389 1.320 1.254 1.239 1.298 1.357 1.414 1.472 1.528 1.583 1.638 1.692 1.746 1.798 1.850 1.853 1.755 1.656 1.557 1.456 1.354 1.252 1.148 1.044 0.938 0.832 0.725 0.699 0.917 1.135 1.351 1.566 1.780 1.992 2.204 2.414 2.624 2.832 3.039 3.278 3.664 4.056 4.453 4.855 5.263 5.676 6.094 6.518 6.946 7.381 7.783 8.120 8.039 7.964 7.896 7.834
1.519 1.583 1.646 1.706 1.766 1.823 1.879 1.934 1.987 1.995 1.910 1.827 1.748 1.671 1.598 1.528 1.461 1.396 1.335 1.277 1.223 1.197 1.254 1.310 1.365 1.419 1.473 1.526 1.578 1.629 1.680 1.730 1.779 1.801 1.700 1.597 1.494 1.390 1.285 1.179 1.072 0.965 0.856 0.746 0.636 0.561 0.775 0.989 1.201 1.412 1.622 1.831 2.039 2.245 2.451 2.655 2.858 3.070 3.475 3.886 4.303 4.733 5.155 5.568 5.973 6.369 6.757 7.136 7.506 7.868 7.817 7.764 7.719 7.679
1.391 1.450 1.507 1.562 1.616 1.668 1.718 1.767 1.815 1.841 1.767 1.695 1.626 1.561 1.498 1.439 1.383 1.329 1.279 1.232 1.188 1.156 1.210 1.263 1.316 1.368 1.419 1.469 1.518 1.567 1.615 1.662 1.709 1.749 1.645 1.539 1.433 1.325 1.217 1.108 0.998 0.887 0.775 0.662 0.548 0.433 0.635 0.844 1.052 1.260 1.466 1.671 1.875 2.087 2.327 2.566 2.802 3.037 3.446 3.864 4.273 4.673 5.065 5.449 5.823 6.190 6.547 6.897 7.237 7.569 7.588 7.559 7.536 7.519
1.265 1.318 1.370 1.419 1.467 1.514 1.559 1.603 1.645 1.684 1.620 1.560 1.502 1.447 1.395 1.347 1.301 1.259 1.220 1.183 1.150 1.120 1.167 1.218 1.268 1.317 1.365 1.413 1.460 1.506 1.551 1.596 1.640 1.683 1.591 1.482 1.373 1.262 1.150 1.038 0.924 0.810 0.694 0.578 0.461 0.343 0.512 0.759 1.005 1.248 1.490 1.730 1.967 2.203 2.437 2.669 2.899 3.127 3.484 3.872 4.251 4.622 4.984 5.337 5.682 6.019 6.347 6.666 6.977 7.279 7.354 7.347 7.347 7.353
1.141 1.189 1.234 1.279 1.321 1.362 1.402 1.440 1.477 1.511 1.471 1.421 1.374 1.330 1.289 1.252 1.217 1.186 1.157 1.132 1.109 1.090 1.125 1.173 1.221 1.267 1.313 1.358 1.402 1.445 1.488 1.530 1.571 1.612 1.539 1.426 1.313 1.199 1.084 0.978 0.885 0.798 0.719 0.647 0.583 0.526 0.678 0.918 1.157 1.394 1.629 1.861 2.092 2.321 2.548 2.773 2.996 3.218 3.530 3.888 4.237 4.578 4.910 5.234 5.549 5.856 6.154 6.444 6.725 6.997 7.114 7.130 7.152 7.181
1.019 1.061 1.101 1.140 1.177 1.213 1.247 1.279 1.310 1.340 1.319 1.280 1.243 1.210 1.180 1.154 1.130 1.109 1.091 1.077 1.065 1.056 1.084 1.130 1.174 1.218 1.261 1.304 1.345 1.386 1.426 1.465 1.499 1.530 1.475 1.370 1.273 1.183 1.101 1.026 0.958 0.897 0.843 0.797 0.758 0.727 0.845 1.079 1.311 1.541 1.769 1.995 2.219 2.441 2.661 2.880 3.096 3.310 3.584 3.912 4.232 4.543 4.845 5.139 5.425 5.702 5.970 6.230 6.481 6.724 6.869 6.907 6.952 7.003
0.898 0.935 0.970 1.003 1.035 1.065 1.094 1.121 1.146 1.170 1.163 1.135 1.110 1.087 1.068 1.052 1.039 1.029 1.022 1.018 1.018 1.020 1.044 1.087 1.129 1.169 1.206 1.242 1.275 1.307 1.337 1.364 1.390 1.414 1.387 1.308 1.237 1.172 1.115 1.065 1.023 0.988 0.960 0.939 0.926 0.920 1.014 1.241 1.466 1.689 1.911 2.130 2.347 2.563 2.776 2.988 3.197 3.405 3.647 3.945 4.235 4.516 4.789 5.053 5.309 5.556 5.794 6.024 6.246 6.459 6.617 6.678 6.746 6.819
0.780 0.811 0.840 0.868 0.894 0.919 0.942 0.964 0.984 1.002 1.005 0.987 0.973 0.961 0.953 0.948 0.945 0.947 0.956 0.966 0.976 0.986 1.007 1.043 1.078 1.111 1.141 1.170 1.197 1.221 1.244 1.265 1.283 1.300 1.292 1.238 1.192 1.154 1.122 1.098 1.081 1.071 1.069 1.074 1.086 1.105 1.185 1.405 1.623 1.840 2.054 2.267 2.477 2.686 2.892 3.097 3.300 3.501 3.717 3.986 4.246 4.497 4.740 4.975 5.201 5.418 5.627 5.827 6.019 6.203 6.360 6.444 6.534 6.630
0.663 0.689 0.713 0.735 0.756 0.775 0.793 0.809 0.824 0.837 0.849 0.857 0.865 0.874 0.883 0.893 0.902 0.913 0.923 0.934 0.945 0.956 0.972 1.002 1.029 1.055 1.079 1.100 1.120 1.138 1.153 1.167 1.179 1.188 1.189 1.161 1.141 1.128 1.122 1.123 1.132 1.147 1.170 1.201 1.238 1.283 1.357 1.570 1.782 1.991 2.199 2.405 2.609 2.811 3.011 3.209 3.405 3.599 3.796 4.035 4.265 4.487 4.700 4.905 5.101 5.288 5.468 5.638 5.801 5.954 6.098 6.204 6.316 6.435
0.549 0.569 0.587 0.615 0.650 0.682 0.712 0.740 0.765 0.787 0.806 0.815 0.825 0.835 0.845 0.856 0.867 0.878 0.889 0.901 0.913 0.926 0.939 0.962 0.983 1.001 1.018 1.033 1.045 1.056 1.065 1.071 1.076 1.079 1.079 1.077 1.082 1.094 1.114 1.141 1.175 1.216 1.265 1.320 1.383 1.454 1.531 1.737 1.942 2.145 2.346 2.545 2.742 2.937 3.130 3.322 3.511 3.698 3.884 4.092 4.292 4.484 4.668 4.843 5.009 5.167 5.317 5.528 5.801 6.090 6.393 6.699 7.018 7.351
0.540 0.574 0.605 0.634 0.660 0.683 0.704 0.723 0.739 0.752 0.763 0.773 0.784 0.795 0.806 0.818 0.830 0.843 0.855 0.868 0.882 0.895 0.909 0.925 0.938 0.950 0.960 0.967 0.973 0.977 0.978 0.978 0.976 0.972 0.965 0.985 1.016 1.054 1.099 1.151 1.210 1.277 1.351 1.432 1.521 1.617 1.720 1.906 2.104 2.300 2.494 2.687 2.877 3.065 3.252 3.436 3.619 3.800 3.978 4.157 4.355 4.576 4.812 5.063 5.329 5.610 5.906 6.216 6.542 6.882 7.238 7.596 7.965 8.348
0.589 0.614 0.636 0.655 0.673 0.687 0.699 0.709 0.715 0.720 0.722 0.731 0.743 0.755 0.768 0.781 0.794 0.807 0.821 0.835 0.850 0.864 0.879 0.889 0.896 0.901 0.903 0.904 0.903 0.899 0.894 0.887 0.878 0.866 0.853 0.887 0.942 1.006 1.076 1.154 1.239 1.331 1.430 1.537 1.651 1.772 1.900 2.076 2.268 2.457 2.644 2.830 3.014 3.238 3.457 3.662 3.852 4.028 4.189 4.405 4.664 4.937 5.225 5.528 5.846 6.179 6.527 6.890 7.267 7.660 8.067 8.478 8.897 9.330
0.640 0.656 0.669 0.680 0.688 0.694 0.697 0.697 0.695 0.690 0.683 0.689 0.702 0.715 0.729 0.743 0.757 0.771 0.786 0.802 0.817 0.833 0.849 0.856 0.856 0.854 0.849 0.843 0.835 0.824 0.812 0.798 0.782 0.764 0.743 0.780 0.862 0.950 1.046 1.149 1.260 1.377 1.502 1.634 1.773 1.920 2.164 2.425 2.680 2.921 3.147 3.358 3.556 3.738 3.907 4.061 4.201 4.326 4.438 4.647 4.957 5.283 5.623 5.978 6.348 6.733 7.133 7.548 7.977 8.422 8.881 9.345 9.814 10.296
0.695 0.701 0.706 0.707 0.706 0.703 0.697 0.689 0.678 0.664 0.648 0.646 0.660 0.674 0.689 0.704 0.720 0.735 0.751 0.768 0.785 0.802 0.819 0.825 0.818 0.809 0.797 0.784 0.769 0.752 0.732 0.711 0.688 0.663 0.636 0.667 0.774 0.888 1.017 1.209 1.415 1.637 1.874 2.126 2.393 2.675 2.973 3.241 3.446 3.636 3.812 3.973 4.120 4.252 4.371 4.474 4.564 4.639 4.700 4.874 5.236 5.614 6.006 6.413 6.835 7.272 7.724 8.191 8.672 9.169 9.680 10.197 10.716 11.248
0.752 0.749 0.745 0.737 0.728 0.715 0.700 0.683 0.663 0.640 0.615 0.603 0.618 0.634 0.650 0.666 0.682 0.699 0.716 0.734 0.752 0.770 0.788 0.796 0.782 0.766 0.748 0.727 0.705 0.681 0.655 0.637 0.645 0.656 0.670 0.742 0.941 1.155 1.384 1.629 1.889 2.164 2.454 2.759 3.079 3.415 3.766 4.071 4.225 4.364 4.490 4.601 4.697 4.779 4.847 4.901 4.940 4.965 4.976 5.086 5.500 5.930 6.374 6.833 7.307 7.796 8.300 8.819 9.352 9.900 10.463 11.035 11.603 12.186
0.811 0.800 0.786 0.770 0.751 0.730 0.706 0.680 0.651 0.619 0.585 0.559 0.576 0.593 0.610 0.627 0.645 0.663 0.681 0.699 0.718 0.738 0.757 0.770 0.755 0.749 0.748 0.750 0.755 0.765 0.778 0.794 0.815 0.838 0.866 0.933 1.185 1.453 1.735 2.033 2.346 2.674 3.017 3.376 3.750 4.138 4.543 4.913 5.017 5.106 5.181 5.242 5.288 5.320 5.338 5.341 5.330 5.305 5.265 5.283 5.749 6.231 6.727 7.238 7.764 8.305 8.861 9.431 10.016 10.617 11.232 11.858 12.476 13.108
0.874 0.854 0.831 0.806 0.778 0.748 0.715 0.679 0.641 0.601 0.558 0.516 0.533 0.551 0.569 0.588 0.607 0.629 0.656 0.684 0.714 0.747 0.780 0.815 0.819 0.826 0.837 0.852 0.870 0.893 0.918 0.948 0.981 1.017 1.058 1.108 1.414 1.735 2.070 2.421 2.787 3.169 3.565 3.977 4.404 4.845 5.303 5.769 5.822 5.861 5.886 5.896 5.892 5.874 5.841 5.794 5.733 5.658 5.568 5.465 5.984 6.517 7.065 7.628 8.206 8.799 9.406 10.028 10.666 11.318 11.984 12.666 13.334 14.015
0.939 0.910 0.878 0.844 0.807 0.768 0.726 0.682 0.635 0.586 0.537 0.482 0.496 0.520 0.545 0.573 0.602 0.633 0.666 0.701 0.738 0.776 0.817 0.859 0.879 0.899 0.923 0.950 0.982 1.016 1.055 1.097 1.143 1.192 1.245 1.302 1.626 2.000 2.389 2.793 3.213 3.647 4.097 4.561 5.041 5.536 6.046 6.572 6.640 6.629 6.604 6.564 6.510 6.441 6.358 6.261 6.150 6.024 5.884 5.730 6.203 6.788 7.388 8.003 8.633 9.277 9.937 10.611 11.300 12.003 12.722 13.455 14.177 14.908
1.007 0.969 0.928 0.905 0.876 0.838 0.794 0.743 0.684 0.618 0.545 0.465 0.466 0.496 0.528 0.562 0.598 0.635 0.675 0.716 0.759 0.804 0.851 0.900 0.935 0.968 1.004 1.045 1.089 1.136 1.187 1.242 1.301 1.363 1.429 1.498 1.823 2.250 2.692 3.149 3.622 4.109 4.612 5.130 5.663 6.211 6.774 7.352 7.472 7.410 7.335 7.245 7.140 7.022 6.889 6.742 6.580 6.404 6.214 6.010 6.408 7.045 7.697 8.363 9.045 9.741 10.452 11.134 11.739 12.329 12.906 13.467 13.975 14.445
1.221 1.188 1.147 1.099 1.044 0.981 0.912 0.835 0.751 0.660 0.562 0.456 0.433 0.470 0.509 0.549 0.591 0.635 0.681 0.729 0.779 0.830 0.883 0.938 0.987 1.033 1.082 1.135 1.192 1.252 1.316 1.384 1.455 1.530 1.608 1.690 2.004 2.484 2.979 3.489 4.015 4.555 5.111 5.682 6.268 6.869 7.485 8.116 8.316 8.205 8.079 7.939 7.784 7.616 7.433 7.235 7.024 6.798 6.558 6.303 6.592 7.248 7.890 8.517 9.130 9.728 10.312 10.881 11.436 11.976 12.503 13.014 13.461 13.851
1.498 1.439 1.373 1.300 1.219 1.132 1.037 0.935 0.826 0.709 0.586 0.455 0.399 0.442 0.487 0.534 0.583 0.633 0.686 0.740 0.796 0.854 0.914 0.975 1.035 1.094 1.156 1.221 1.291 1.364 1.441 1.521 1.605 1.693 1.784 1.879 2.169 2.702 3.250 3.813 4.392 4.985 5.594 6.218 6.857 7.511 8.180 8.864 9.174 9.012 8.837 8.646 8.442 8.144 7.815 7.510 7.229 6.971 6.737 6.527 6.705 7.311 7.902 8.479 9.042 9.590 10.123 10.643 11.147 11.638 12.114 12.575 12.969 13.279
1.782 1.698 1.607 1.508 1.402 1.290 1.170 1.042 0.908 0.766 0.618 0.462 0.363 0.413 0.464 0.517 0.572 0.629 0.688 0.749 0.811 0.876 0.942 1.010 1.079 1.151 1.225 1.304 1.386 1.472 1.561 1.654 1.751 1.851 1.955 2.063 2.318 2.904 3.505 4.122 4.753 5.399 6.061 6.738 7.429 8.136 8.706 9.212 9.428 9.063 8.722 8.405 8.111 7.842 7.596 7.374 7.176 7.001 6.850 6.723 6.832 7.387 7.929 8.455 8.968 9.465 9.949 10.418 10.873 11.313 11.739 12.150 12.499 12.730
2.074 1.965 1.848 1.724 1.593 1.455 1.310 1.157 0.998 0.831 0.657 0.476 0.325 0.381 0.439 0.499 0.560 0.624 0.689 0.756 0.825 0.896 0.968 1.043 1.120 1.204 1.291 1.383 1.477 1.576 1.678 1.784 1.893 2.006 2.123 2.243 2.451 3.090 3.744 4.336 4.903 5.452 5.984 6.498 6.996 7.476 7.939 8.385 8.687 8.406 8.148 7.914 7.703 7.517 7.354 7.215 7.099 7.008 6.940 6.896 6.972 7.478 7.969 8.445 8.907 9.355 9.788 10.207 10.612 11.002 11.378 11.739 12.052 12.202
2.375 2.239 2.097 1.948 1.792 1.629 1.458 1.280 1.096 0.904 0.704 0.498 0.285 0.347 0.412 0.478 0.546 0.616 0.687 0.761 0.836 0.914 0.993 1.074 1.156 1.253 1.353 1.457 1.565 1.676 1.791 1.909 1.999 2.091 2.184 2.278 2.384 2.942 3.483 4.007 4.513 5.002 5.474 5.929 6.367 6.787 7.190 7.576 7.924 7.726 7.551 7.400 7.272 7.168 7.089 7.032 7.000 6.991 7.006 7.045 7.126 7.581 8.022 8.449 8.861 9.259 9.642 10.011 10.365 10.705 11.031 11.342 11.627 11.697
2.699 2.521 2.354 2.179 1.998 1.809 1.614 1.411 1.201 0.984 0.760 0.528 0.289 0.312 0.382 0.455 0.530 0.606 0.684 0.764 0.846 0.930 1.015 1.102 1.188 1.272 1.360 1.449 1.539 1.631 1.723 1.817 1.911 2.007 2.104 2.202 2.301 2.751 3.231 3.695 4.142 4.571 4.983 5.378 5.756 6.116 6.459 6.786 7.095 7.023 6.931 6.863 6.818 6.797 6.800 6.827 6.877 6.952 7.049 7.171 7.316 7.699 8.090 8.466 8.828 9.176 9.509 9.828 10.132 10.422 10.698 10.959 11.206 11.215
3.039 2.810 2.618 2.418 2.212 1.998 1.777 1.549 1.314 1.072 0.822 0.566 0.302 0.274 0.351 0.430 0.511 0.604 0.712 0.806 0.888 0.956 1.012 1.054 1.084 1.155 1.247 1.340 1.434 1.529 1.626 1.723 1.822 1.922 2.022 2.124 2.228 2.576 2.997 3.401 3.788 4.157 4.509 4.844 5.162 5.463 5.747 6.013 6.262 6.298 6.289 6.303 6.342 6.404 6.489 6.599 6.732 6.889 7.069 7.274 7.502 7.830 8.171 8.497 8.809 9.107 9.390 9.659 9.913 10.154 10.379 10.591 10.788 10.754
3.396 3.107 2.889 2.665 2.433 2.194 1.948 1.695 1.435 1.167 0.919 0.699 0.483 0.453 0.567 0.668 0.756 0.831 0.893 0.942 0.978 1.001 1.012 1.009 0.993 1.037 1.133 1.230 1.328 1.427 1.527 1.629 1.732 1.835 1.940 2.046 2.153 2.419 2.781 3.125 3.451 3.761 4.054 4.329 4.587 4.828 5.052 5.259 5.448 5.550 5.624 5.721 5.842 5.987 6.155 6.348 6.563 6.803 7.066 7.353 7.664 7.975 8.266 8.542 8.804 9.052 9.285 9.504 9.708 9.899 10.074 10.236 10.383 10.316
3.769 3.411 3.169 2.932 2.704 2.479 2.256 2.035 1.817 1.601 1.388 1.177 0.968 0.875 0.943 0.999 1.041 1.071 1.088 1.092 1.082 1.060 1.025 0.978 0.917 0.918 1.018 1.119 1.221 1.324 1.428 1.534 1.640 1.748 1.857 1.967 2.078 2.280 2.582 2.866 3.133 3.383 3.616 3.831 4.030 4.211 4.375 4.522 4.652 4.780 4.936 5.116 5.320 5.547 5.799 6.073 6.372 6.694 7.040 7.409 7.802 8.133 8.374 8.601 8.813 9.010 9.194 9.363 9.487 9.545 9.584 9.603 9.603 9.479
4.421 3.787 3.563 3.341 3.121 2.904 2.689 2.477 2.267 2.059 1.854 1.651 1.451 1.309 1.333 1.343 1.340 1.325 1.296 1.255 1.200 1.133 1.053 0.960 0.854 0.798 0.901 1.006 1.112 1.219 1.328 1.437 1.548 1.659 1.772 1.886 2.001 2.159 2.401 2.625 2.832 3.023 3.196 3.352 3.490 3.612 3.717 3.804 3.874 3.987 4.226 4.489 4.775 5.085 5.419 5.776 6.157 6.562 6.990 7.442 7.918 8.276 8.403 8.511 8.599 8.668 8.717 8.746 8.756 8.747 8.718 8.670 8.602 8.494
5.325 4.176 3.960 3.746 3.535 3.326 3.119 2.915 2.713 2.514 2.317 2.122 1.930 1.757 1.735 1.700 1.652 1.592 1.518 1.431 1.332 1.219 1.094 0.955 0.804 0.676 0.784 0.893 1.003 1.114 1.226 1.340 1.454 1.570 1.686 1.804 1.923 2.055 2.237 2.402 2.549 2.680 2.793 2.890 2.969 3.031 3.076 3.104 3.115 3.171 3.493 3.838 4.207 4.600 5.053 5.527 5.989 6.438 6.876 7.301 7.713 8.039 8.098 8.138 8.159 8.159 8.141 8.103 8.045 7.968 7.872 7.756 7.620 7.491
6.372 4.698 4.354 4.148 3.945 3.744 3.546 3.350 3.157 2.966 2.777 2.590 2.406 2.225 2.151 2.071 1.978 1.872 1.753 1.621 1.476 1.319 1.148 0.965 0.768 0.559 0.666 0.778 0.892 1.007 1.124 1.241 1.359 1.479 1.600 1.722 1.844 1.969 2.091 2.196 2.284 2.355 2.409 2.446 2.465 2.468 2.453 2.514 2.618 2.750 3.243 3.724 4.192 4.648 5.092 5.523 5.942 6.349 6.744 7.126 7.496 7.821 7.813 7.785 7.737 7.671 7.584 7.479 7.354 7.209 7.045 6.862 6.659 6.467
