DATA/SHG/ECMWF/20170628/EN-36/20170701.en-36.asc
ncols        190
nrows        64
xllcorner    -5100000.000000000000
yllcorner    4130000.000000000000
cellsize     10000.000000000000
NODATA_value  -99999.000
[rows 32 to 63 of 64, columns 0 to 72 of 190]
6.539 6.756 6.687 6.574 6.444 6.298 6.135 5.955 5.759 5.546 5.316 5.069 4.805 4.525 4.488 4.439 4.364 4.265 4.139 3.988 3.811 3.609 3.381 3.128 2.849 2.544 2.819 3.123 3.444 3.784 4.143 4.519 4.914 5.328 5.760 6.210 6.678 7.151 6.979 6.797 6.605 6.404 6.192 5.970 5.739 5.498 5.247 5.037 4.858 4.696 4.619 4.532 4.433 4.323 4.202 4.070 3.927 3.773 3.608 3.432 3.244 3.065 3.074 3.082 3.090 3.096 3.102 3.108 3.113 3.117 3.120 3.123 3.125
7.767 7.965 7.894 7.722 7.534 7.329 7.107 6.868 6.613 6.341 6.052 5.747 5.425 5.086 4.923 4.785 4.621 4.432 4.217 3.976 3.710 3.419 3.101 2.759 2.390 1.996 2.223 2.591 2.976 3.381 3.803 4.244 4.703 5.181 5.676 6.191 6.723 7.274 7.161 6.945 6.717 6.498 6.291 6.095 5.910 5.736 5.574 5.424 5.284 5.157 5.040 4.914 4.777 4.628 4.469 4.298 4.116 3.924 3.720 3.505 3.279 3.042 3.038 3.043 3.048 3.053 3.057 3.060 3.063 3.064 3.066 3.066 3.066
8.999 9.178 9.117 8.887 8.640 8.376 8.095 7.798 7.484 7.154 6.806 6.442 6.062 5.664 5.386 5.158 4.905 4.626 4.322 3.992 3.637 3.256 2.849 2.417 1.959 1.476 1.608 2.040 2.490 2.958 3.445 3.950 4.473 5.208 5.868 6.434 6.904 7.279 7.208 7.006 6.815 6.636 6.468 6.311 6.166 6.032 5.910 5.799 5.699 5.610 5.472 5.307 5.131 4.944 4.745 4.536 4.316 4.085 3.842 3.589 3.324 3.049 3.002 3.005 3.008 3.010 3.012 3.013 3.013 3.013 3.012 3.010 3.008
10.235 10.396 10.358 10.068 9.763 9.440 9.101 8.745 8.373 7.983 7.578 7.155 6.716 6.260 5.876 5.559 5.216 4.848 4.454 4.035 3.590 3.120 2.624 2.103 1.556 1.011 1.615 2.609 3.508 4.313 5.022 5.636 6.155 6.579 6.909 7.143 7.282 7.326 7.216 7.053 6.902 6.762 6.634 6.517 6.411 6.317 6.233 6.162 6.101 6.052 5.913 5.710 5.495 5.270 5.033 4.785 4.526 4.257 3.976 3.684 3.381 3.067 2.966 2.968 2.968 2.968 2.968 2.966 2.965 2.962 2.959 2.955 2.951
11.475 11.617 11.615 11.267 10.903 10.522 10.124 9.709 9.278 8.830 8.366 7.885 7.387 6.872 6.392 5.986 5.554 5.096 4.701 4.732 4.770 4.815 4.867 4.926 4.993 5.066 5.403 6.065 6.633 7.106 7.483 7.766 7.954 8.047 8.045 7.949 7.757 7.470 7.212 7.089 6.977 6.877 6.788 6.710 6.644 6.589 6.545 6.513 6.492 6.483 6.366 6.124 5.870 5.606 5.331 5.045 4.747 4.439 4.120 3.789 3.448 3.095 2.932 2.931 2.929 2.927 2.924 2.921 2.917 2.912 2.907 2.901 2.894
12.719 12.843 12.889 12.482 12.059 11.620 11.163 10.690 10.201 9.694 9.171 8.714 8.514 8.420 8.427 8.454 8.487 8.528 8.576 8.631 8.693 8.762 8.838 8.921 9.012 9.109 9.284 9.615 9.852 9.993 10.040 9.992 9.849 9.611 9.278 8.850 8.328 7.711 7.197 7.113 7.041 6.980 6.931 6.892 6.865 6.850 6.846 6.853 6.871 6.901 6.828 6.548 6.256 5.953 5.640 5.315 4.979 4.632 4.274 3.905 3.525 3.134 2.898 2.895 2.891 2.886 2.881 2.876 2.869 2.862 2.855 2.847 2.838
13.967 14.073 14.173 13.715 13.160 12.583 12.113 11.750 11.495 11.346 11.305 11.371 11.544 11.824 12.193 12.244 12.301 12.366 12.438 12.517 12.603 12.696 12.796 12.904 13.018 13.139 13.260 13.260 13.165 12.976 12.691 12.312 11.839 11.270 10.607 9.848 8.996 8.048 7.170 7.126 7.093 7.072 7.061 7.063 7.075 7.099 7.134 7.181 7.238 7.307 7.302 6.982 6.652 6.311 5.959 5.595 5.221 4.836 4.439 4.032 3.614 3.184 2.864 2.859 2.853 2.846 2.839 2.831 2.823 2.814 3.334 4.285 5.324
14.100 13.922 13.759 13.393 13.082 12.879 12.783 12.794 12.912 13.137 13.469 13.908 14.454 15.108 15.868 16.021 16.103 16.192 16.288 16.391 16.501 16.618 16.742 16.873 17.012 17.157 17.309 16.998 16.573 16.053 15.438 14.728 13.924 13.025 12.031 10.943 9.759 8.481 7.132 7.127 7.134 7.152 7.181 7.221 7.273 7.336 7.411 7.497 7.594 7.702 7.785 7.427 7.059 6.679 6.288 5.887 5.474 5.050 4.615 4.169 3.713 3.245 2.832 3.209 3.847 4.573 5.388 6.291 7.283 8.362 9.530 10.786 12.131
13.107 12.983 12.874 12.825 12.888 13.059 13.336 13.720 14.211 14.810 15.515 16.327 17.246 18.272 19.405 19.786 19.892 20.005 20.125 20.252 20.386 20.527 20.675 20.830 20.993 21.162 21.339 20.831 20.075 19.224 18.279 17.239 16.104 14.875 13.551 12.133 10.619 9.012 7.309 7.117 7.163 7.220 7.289 7.368 7.460 7.562 7.676 7.801 7.937 8.085 8.244 7.883 7.476 7.058 6.628 6.188 5.877 5.699 5.622 5.645 5.768 5.993 6.318 7.174 8.118 9.150 10.271 11.479 12.776 14.161 15.634 17.196 18.845
12.098 12.028 11.974 12.141 12.577 13.121 13.771 14.529 15.393 16.364 17.442 18.627 19.919 21.318 22.823 23.539 23.669 23.805 23.949 24.100 24.258 24.424 24.596 24.775 24.961 25.155 25.355 24.758 23.671 22.490 21.215 19.845 18.380 16.821 15.167 13.419 11.576 9.638 7.606 7.095 7.180 7.277 7.385 7.504 7.634 7.776 7.929 8.094 8.269 8.339 8.390 8.063 7.731 7.500 7.369 7.339 7.409 7.580 7.851 8.223 8.695 9.268 9.941 11.050 12.299 13.637 15.063 16.577 18.179 19.869 21.647 23.514 25.468
11.073 11.058 11.058 11.340 12.150 13.066 14.090 15.220 16.457 17.801 19.251 20.809 22.473 24.244 26.122 27.279 27.433 27.594 27.762 27.937 28.119 28.308 28.504 28.707 28.917 29.135 29.359 28.778 27.362 25.851 24.245 22.545 20.751 18.862 16.878 14.800 12.628 10.361 7.999 7.062 7.186 7.322 7.370 7.413 7.458 7.505 7.555 7.606 7.660 7.716 7.774 7.751 7.768 7.885 8.103 8.421 8.840 9.360 9.979 10.700 11.520 12.442 13.463 14.836 16.390 18.033 19.764 21.583 23.490 25.485 27.569 29.740 31.999
10.033 10.072 10.126 10.424 11.606 12.895 14.291 15.794 17.403 19.119 20.942 22.872 24.908 27.052 29.301 31.007 31.185 31.370 31.562 31.761 31.967 32.180 32.400 32.627 32.861 33.102 33.351 32.893 31.146 29.306 27.371 25.341 23.217 20.998 18.678 16.023 13.362 10.696 8.025 6.553 6.597 6.643 6.691 6.742 6.795 6.849 6.907 6.966 7.027 7.091 7.156 7.339 7.704 8.171 8.737 9.404 10.171 11.039 12.007 13.076 14.245 15.514 16.884 18.531 20.391 22.339 24.375 26.499 28.711 31.011 33.399 35.875 38.439
8.976 9.069 9.178 9.391 10.946 12.607 14.375 16.250 18.232 20.320 22.515 24.817 27.225 29.740 32.362 34.723 34.925 35.133 35.349 35.572 35.802 36.039 36.283 36.534 36.793 37.058 37.330 37.026 34.388 31.745 29.097 26.443 23.785 21.121 18.452 15.777 13.097 10.413 7.722 5.850 5.901 5.955 6.011 6.069 6.130 6.192 6.257 6.324 6.393 6.464 6.538 6.828 7.542 8.357 9.272 10.287 11.402 12.618 13.935 15.351 16.868 18.485 20.203 22.138 24.302 26.555 28.896 31.324 33.841 36.445 39.138 41.918 44.787
7.904 8.051 8.215 8.393 10.169 12.203 14.343 16.590 18.944 21.404 23.971 26.644 29.424 32.311 35.304 38.404 38.652 38.885 39.125 39.372 39.435 38.898 38.430 38.031 37.702 37.441 37.250 36.938 34.281 31.619 28.952 26.280 23.602 20.919 18.231 15.538 12.839 10.136 7.427 5.145 5.205 5.266 5.330 5.396 5.464 5.534 5.606 5.681 5.757 5.836 5.917 6.218 7.281 8.444 9.707 11.070 12.534 14.097 15.762 17.526 19.391 21.356 23.421 25.654 28.124 30.681 33.326 36.059 38.880 41.789 44.786 47.871 51.044
6.816 7.017 7.235 7.468 9.276 11.682 14.194 16.813 19.538 22.370 25.308 28.353 31.505 34.497 36.947 39.319 39.151 38.578 38.074 37.639 37.274 36.977 36.750 36.592 36.503 36.483 36.532 36.650 34.180 31.500 28.814 26.122 23.426 20.724 18.017 15.305 12.588 9.865 7.137 4.439 4.506 4.575 4.647 4.720 4.796 4.874 4.954 5.036 5.120 5.207 5.296 5.510 6.921 8.431 10.042 11.754 13.565 15.477 17.488 19.600 21.813 24.125 26.538 29.081 31.855 34.717 37.667 40.704 43.829 47.042 50.344 53.732 57.209
5.712 5.968 6.239 6.527 8.267 11.045 13.871 16.598 19.247 21.818 24.310 26.724 29.059 31.316 33.494 35.594 35.956 35.624 35.361 35.167 35.042 34.986 34.999 35.081 35.233 35.453 35.742 36.101 34.086 31.386 28.681 25.971 23.256 20.535 17.810 15.079 12.342 9.601 6.854 4.102 3.807 3.884 3.963 4.044 4.127 4.213 4.300 4.390 4.482 4.576 4.673 4.771 6.462 8.320 10.279 12.338 14.497 16.756 19.115 21.574 24.134 26.793 29.553 32.419 35.497 38.663 41.917 45.259 48.688 52.205 55.810 59.503 63.225
4.819 5.251 5.679 6.103 7.534 10.146 12.680 15.135 17.513 19.811 22.032 24.174 26.237 28.223 30.129 31.958 32.692 32.601 32.578 32.624 32.740 32.924 33.178 33.500 33.892 34.352 34.882 35.480 33.998 31.279 28.556 25.827 23.092 20.353 17.608 14.858 12.103 9.343 6.577 3.807 3.106 3.190 3.277 3.366 3.457 3.550 3.645 3.743 3.842 3.944 4.048 4.154 5.904 8.110 10.416 12.822 15.329 17.935 20.641 23.448 26.354 29.361 32.468 35.675 39.050 42.416 44.679 46.858 48.952 50.963 52.888 54.730 56.487
4.730 5.149 5.565 5.978 6.972 9.313 11.575 13.759 15.864 17.891 19.840 21.711 23.503 25.216 26.852 28.409 29.359 29.507 29.725 30.012 30.367 30.792 31.286 31.848 32.480 33.181 33.950 34.789 33.916 31.179 28.436 25.688 22.935 20.177 17.413 14.645 11.871 9.092 6.307 3.518 2.404 2.496 2.590 2.686 2.785 2.886 2.989 3.094 3.201 3.311 3.422 3.536 5.248 7.801 10.454 13.208 16.061 19.014 21.987 24.481 26.890 29.215 31.456 33.613 35.739 37.796 39.769 41.658 43.462 45.182 46.817 48.369 49.835
4.643 5.051 5.456 5.857 6.497 8.566 10.556 12.469 14.302 16.058 17.735 19.334 20.855 22.298 23.662 24.948 25.956 26.345 26.802 27.329 27.925 28.590 29.323 30.126 30.997 31.938 32.947 34.025 33.840 31.084 28.323 25.556 22.784 20.007 17.225 14.437 11.644 8.846 6.043 3.235 1.700 1.800 1.902 2.006 2.112 2.220 2.331 2.444 2.559 2.676 2.795 2.930 4.507 7.215 9.839 12.380 14.835 17.207 19.495 21.698 23.817 25.853 27.803 29.670 31.496 33.263 34.946 36.544 38.058 39.488 40.833 42.094 43.271
4.561 4.957 5.350 5.740 6.126 7.904 9.624 11.264 12.827 14.311 15.717 17.045 18.295 19.466 20.559 21.574 22.483 23.112 23.810 24.577 25.412 26.317 27.290 28.333 29.444 30.624 31.873 33.191 33.771 30.996 28.216 25.430 22.640 19.844 17.043 14.236 11.425 8.608 5.786 2.958 0.995 1.102 1.212 1.324 1.467 1.682 1.887 2.082 2.268 2.444 2.609 2.765 3.841 6.259 8.593 10.843 13.008 15.090 17.087 19.000 20.830 22.575 24.235 25.812 27.339 28.816 30.208 31.516 32.740 33.880 34.935 35.907 36.794
4.482 4.867 5.248 5.626 6.001 7.329 8.777 10.146 11.437 12.651 13.786 14.842 15.821 16.722 17.544 18.288 18.954 19.810 20.748 21.754 22.830 23.974 25.187 26.469 27.820 29.240 30.728 32.286 33.708 30.914 28.115 25.311 22.501 19.686 16.867 14.041 11.211 8.378 5.603 2.911 0.728 0.948 1.159 1.359 1.550 1.731 1.902 2.064 2.215 2.357 2.489 2.611 3.259 5.386 7.430 9.390 11.265 13.057 14.764 16.387 17.926 19.381 20.752 22.039 23.267 24.454 25.556 26.574 27.508 28.358 29.124 29.806 30.403
4.407 4.780 5.150 5.516 5.879 6.839 8.015 9.114 10.134 11.076 11.941 12.726 13.434 14.064 14.616 15.089 15.484 16.438 17.616 18.862 20.177 21.561 23.014 24.535 26.125 27.784 29.512 31.309 33.175 30.839 27.889 24.820 21.835 18.932 16.112 13.375 10.722 8.151 5.663 3.257 0.957 1.143 1.319 1.486 1.643 1.790 1.927 2.055 2.172 2.280 2.378 2.467 2.760 4.597 6.351 8.020 9.606 11.107 12.525 13.858 15.108 16.273 17.354 18.352 19.281 20.177 20.990 21.718 22.363 22.923 23.399 23.791 24.099
4.336 4.697 5.055 5.410 5.761 6.434 7.340 8.167 8.917 9.588 10.182 10.697 11.134 11.493 11.774 11.977 12.102 12.997 14.414 15.900 17.454 19.078 20.770 22.526 24.237 25.870 27.427 28.906 30.309 28.436 25.571 22.790 20.091 17.475 14.942 12.492 10.124 7.840 5.638 3.520 1.484 1.347 1.490 1.622 1.745 1.859 1.962 2.056 2.139 2.213 2.278 2.332 2.377 3.891 5.355 6.734 8.030 9.242 10.370 11.413 12.373 13.249 14.041 14.749 15.379 15.986 16.509 16.948 17.303 17.574 17.761 17.863 17.882
4.268 4.618 4.964 5.308 5.647 6.115 6.750 7.307 7.786 8.186 8.509 8.754 8.921 9.009 9.020 8.953 9.083 10.187 12.094 13.923 15.676 17.351 18.950 20.471 21.915 23.283 24.573 25.786 26.922 25.750 23.172 20.677 18.264 15.935 13.689 11.525 9.444 7.446 5.530 3.698 1.948 1.561 1.670 1.768 1.858 1.937 2.006 2.066 2.116 2.156 2.187 2.207 2.218 3.268 4.442 5.532 6.538 7.460 8.299 9.053 9.723 10.310 10.812 11.231 11.566 11.881 12.114 12.264 12.329 12.311 12.208 12.022 11.751
4.204 4.542 4.877 5.209 5.537 5.881 6.245 6.532 6.740 7.086 7.490 7.856 8.186 8.480 8.736 8.957 9.140 9.814 11.454 13.017 14.503 15.912 17.244 18.499 19.677 20.778 21.802 22.749 23.619 22.981 20.690 18.481 16.355 14.312 12.352 10.475 8.680 6.968 5.339 3.792 2.329 1.784 1.859 1.924 1.979 2.025 2.061 2.086 2.103 2.109 2.106 2.092 2.069 2.728 3.613 4.413 5.130 5.762 6.311 6.776 7.158 7.455 7.669 7.798 7.844 7.860 7.804 7.665 7.441 7.133 6.742 6.266 5.707
4.144 4.471 4.981 5.534 6.075 6.599 7.022 7.408 7.757 8.070 8.346 8.586 8.789 8.956 9.086 9.180 9.237 9.522 10.896 12.193 13.412 14.555 15.621 16.610 17.522 18.357 19.115 19.796 20.400 20.131 18.126 16.203 14.364 12.607 10.933 9.342 7.833 6.407 5.064 3.803 2.625 2.017 2.058 2.089 2.111 2.123 2.124 2.117 2.099 2.071 2.034 1.987 1.930 2.271 2.866 3.377 3.805 4.148 4.408 4.584 4.676 4.685 4.609 4.450 4.207 3.925 3.580 3.151 2.639 2.650 2.836 3.000 3.141
5.557 6.092 6.616 7.127 7.626 8.113 8.424 8.683 8.906 9.092 9.241 9.354 9.431 9.471 9.474 9.441 9.372 9.312 10.420 11.451 12.404 13.281 14.081 14.804 15.450 16.019 16.511 16.926 17.265 17.198 15.479 13.843 12.290 10.819 9.431 8.125 6.903 5.762 4.705 3.730 2.838 2.260 2.267 2.264 2.252 2.230 2.198 2.156 2.105 2.044 1.973 1.892 1.801 1.897 2.203 2.425 2.563 2.618 2.589 2.476 2.279 1.998 2.136 2.348 2.498 2.664 2.862 3.038 3.192 3.323 3.433 3.520 3.585
7.287 7.780 8.261 8.731 9.188 9.633 9.864 9.996 10.092 10.152 10.174 10.161 10.111 10.024 9.901 9.741 9.545 9.313 10.026 10.791 11.479 12.089 12.623 13.081 13.461 13.764 13.991 14.140 14.213 14.184 12.751 11.401 10.133 8.948 7.846 6.826 5.889 5.035 4.263 3.573 2.967 2.512 2.485 2.449 2.403 2.347 2.281 2.206 2.121 2.026 1.921 1.806 1.682 1.606 1.623 2.016 2.442 2.808 3.113 3.357 3.541 3.664 3.727 3.728 3.670 3.663 3.784 3.884 3.961 4.016 4.049 4.060 4.049
9.028 9.479 9.918 10.346 10.761 11.164 11.342 11.348 11.317 11.250 11.146 11.006 10.829 10.616 10.366 10.080 9.758 9.399 9.714 10.213 10.635 10.980 11.248 11.440 11.554 11.592 11.553 11.437 11.245 10.975 9.941 8.876 7.894 6.995 6.178 5.444 4.793 4.224 3.737 3.333 3.012 2.774 2.713 2.643 2.563 2.474 2.374 2.265 2.445 2.731 3.084 3.503 3.990 4.514 4.852 5.130 5.346 5.502 5.598 5.633 5.607 5.521 5.374 5.166 4.898 4.681 4.727 4.750 4.751 4.730 4.686 4.621 4.534
10.780 11.189 11.586 11.972 12.345 12.706 12.858 12.737 12.580 12.386 12.156 11.889 11.586 11.246 10.870 10.458 10.009 9.524 9.484 9.717 9.874 9.953 9.956 9.882 9.731 9.503 9.199 8.818 8.360 7.825 7.048 6.270 5.573 4.959 4.428 3.979 3.613 3.329 3.128 3.010 2.973 3.098 3.156 3.271 3.453 3.702 4.017 4.400 4.850 5.366 5.950 6.600 7.318 8.102 8.231 8.299 8.306 8.253 8.139 7.964 7.729 7.433 7.077 6.661 6.183 5.720 5.689 5.636 5.560 5.463 5.344 5.202 5.038
12.543 12.910 13.266 13.609 13.940 14.260 14.412 14.165 13.881 13.561 13.204 12.811 12.381 11.915 11.413 10.874 10.299 9.687 9.336 9.303 9.194 9.008 8.746 8.406 7.990 7.497 6.927 6.281 5.558 4.758 4.074 3.581 3.170 2.841 3.208 3.521 3.765 3.939 4.043 4.078 4.044 3.941 4.106 4.452 4.864 5.344 5.891 6.504 7.185 7.932 8.746 9.627 10.575 11.590 11.665 11.524 11.322 11.059 10.736 10.352 9.908 9.403 8.838 8.212 7.525 6.779 6.671 6.542 6.390 6.217 6.021 5.803 5.563
14.317 14.642 14.956 15.258 15.547 15.825 16.004 15.630 15.220 14.773 14.290 13.771 13.215 12.623 11.994 11.329 10.628 9.890 9.269 8.971 8.597 8.145 7.618 7.013 6.332 5.574 4.774 4.840 4.827 4.733 4.815 5.165 5.446 5.658 5.800 5.873 5.876 5.810 5.675 5.470 5.196 4.853 4.987 5.563 6.207 6.917 7.695 8.539 9.450 10.428 11.473 12.584 13.763 15.008 15.155 14.804 14.393 13.921 13.389 12.796 12.143 11.429 10.654 9.820 8.924 7.968 7.674 7.468 7.240 6.990 6.719 6.425 6.109
