DATA/SHG/ECMWF/20170628/EN-36/20170711.en-36.asc
ncols        190
nrows        64
xllcorner    -5100000.000000000000
yllcorner    4130000.000000000000
cellsize     10000.000000000000
NODATA_value  -99999.000
[rows 0 to 32 of 64, columns 0 to 73 of 190]
1.600 1.659 1.716 1.771 1.825 1.876 1.925 1.972 2.018 2.107 2.214 2.327 2.445 2.568 2.696 2.830 2.968 3.112 3.261 3.360 3.438 3.386 3.278 3.173 3.072 2.973 2.877 2.785 2.695 2.609 2.525 2.445 2.368 2.397 2.493 2.586 2.677 2.767 2.854 2.940 3.024 3.105 3.185 3.262 3.338 3.438 3.550 3.649 3.733 3.804 3.861 3.903 3.932 3.947 3.948 3.936 3.909 3.793 3.599 3.426 3.274 3.144 3.034 2.946 2.879 2.833 2.809 2.806 2.823 2.888 3.007 3.134 3.269 3.413
1.675 1.727 1.777 1.825 1.872 1.916 1.958 1.999 2.037 2.126 2.252 2.383 2.476 2.565 2.651 2.734 2.813 2.890 2.963 3.033 3.099 3.076 2.979 2.885 2.794 2.706 2.621 2.539 2.461 2.385 2.313 2.243 2.177 2.184 2.273 2.359 2.444 2.526 2.607 2.685 2.762 2.837 2.909 2.980 3.049 3.118 3.182 3.231 3.267 3.289 3.297 3.291 3.271 3.238 3.190 3.129 3.053 2.952 2.832 2.734 2.656 2.600 2.566 2.552 2.559 2.588 2.638 2.709 2.801 2.920 3.068 3.224 3.388 3.560
1.752 1.797 1.840 1.881 1.914 1.920 1.925 1.930 1.935 1.979 2.066 2.151 2.232 2.310 2.384 2.456 2.524 2.589 2.651 2.710 2.765 2.763 2.677 2.594 2.514 2.436 2.362 2.292 2.224 2.159 2.097 2.038 1.983 1.973 2.055 2.134 2.212 2.288 2.362 2.433 2.503 2.571 2.637 2.700 2.762 2.813 2.828 2.829 2.816 2.789 2.748 2.694 2.625 2.543 2.447 2.337 2.213 2.091 2.046 2.022 2.019 2.038 2.077 2.138 2.220 2.323 2.447 2.593 2.778 2.956 3.118 3.275 3.427 3.573
1.704 1.710 1.715 1.721 1.726 1.731 1.735 1.740 1.745 1.772 1.848 1.921 1.991 2.058 2.121 2.181 2.238 2.292 2.343 2.390 2.435 2.447 2.372 2.300 2.230 2.164 2.101 2.041 1.984 1.930 1.879 1.831 1.786 1.765 1.840 1.912 1.983 2.052 2.119 2.183 2.246 2.307 2.366 2.423 2.478 2.522 2.488 2.440 2.379 2.303 2.214 2.111 1.994 1.863 1.718 1.559 1.387 1.211 1.240 1.291 1.373 1.593 1.804 2.005 2.198 2.381 2.555 2.720 2.876 3.023 3.166 3.304 3.436 3.563
1.518 1.523 1.528 1.533 1.537 1.542 1.546 1.551 1.555 1.568 1.633 1.695 1.754 1.809 1.862 1.911 1.957 1.999 2.039 2.075 2.108 2.129 2.064 2.003 1.944 1.889 1.837 1.787 1.741 1.698 1.658 1.620 1.586 1.559 1.627 1.692 1.756 1.818 1.878 1.936 1.992 2.046 2.098 2.148 2.196 2.242 2.163 2.066 1.956 1.832 1.694 1.542 1.377 1.228 1.184 1.154 1.139 1.137 1.333 1.539 1.736 1.924 2.103 2.272 2.432 2.584 2.726 2.859 2.982 3.097 3.219 3.338 3.451 3.559
1.332 1.337 1.341 1.345 1.350 1.354 1.358 1.361 1.365 1.369 1.423 1.473 1.521 1.565 1.606 1.644 1.679 1.710 1.738 1.763 1.785 1.804 1.754 1.703 1.656 1.611 1.569 1.531 1.495 1.463 1.434 1.407 1.384 1.364 1.416 1.475 1.532 1.587 1.640 1.691 1.740 1.787 1.832 1.875 1.917 1.956 1.865 1.772 1.693 1.628 1.577 1.540 1.517 1.509 1.514 1.534 1.567 1.615 1.769 1.943 2.108 2.263 2.410 2.547 2.675 2.795 2.905 3.006 3.097 3.180 3.277 3.376 3.470 3.559
1.147 1.151 1.155 1.159 1.162 1.166 1.169 1.173 1.176 1.179 1.216 1.255 1.291 1.324 1.354 1.381 1.404 1.425 1.442 1.456 1.466 1.474 1.441 1.401 1.364 1.330 1.299 1.272 1.247 1.225 1.207 1.191 1.179 1.169 1.207 1.260 1.310 1.358 1.404 1.464 1.532 1.596 1.656 1.711 1.763 1.810 1.785 1.741 1.711 1.696 1.694 1.707 1.734 1.775 1.829 1.898 1.981 2.078 2.212 2.354 2.487 2.611 2.725 2.831 2.927 3.014 3.092 3.161 3.221 3.272 3.340 3.420 3.495 3.565
0.961 0.965 0.969 0.972 0.975 0.979 0.982 0.984 0.987 0.990 1.012 1.041 1.066 1.087 1.106 1.122 1.134 1.143 1.149 1.152 1.151 1.148 1.125 1.096 1.070 1.047 1.027 1.010 0.996 0.985 0.977 0.972 0.998 1.032 1.093 1.168 1.238 1.304 1.366 1.424 1.477 1.526 1.571 1.612 1.648 1.681 1.691 1.697 1.716 1.750 1.798 1.860 1.936 2.026 2.130 2.249 2.381 2.527 2.664 2.774 2.875 2.966 3.049 3.122 3.187 3.242 3.288 3.325 3.353 3.372 3.408 3.469 3.525 3.576
0.777 0.780 0.783 0.786 0.789 0.792 0.794 0.797 0.799 0.801 0.813 0.830 0.844 0.854 0.862 0.866 0.867 0.865 0.860 0.852 0.840 0.826 0.807 0.788 0.773 0.803 0.837 0.871 0.905 0.940 0.975 1.011 1.047 1.083 1.131 1.191 1.247 1.298 1.345 1.388 1.426 1.461 1.491 1.517 1.538 1.556 1.583 1.638 1.707 1.790 1.888 1.999 2.124 2.264 2.417 2.585 2.766 2.962 3.124 3.202 3.271 3.330 3.381 3.422 3.455 3.478 3.492 3.497 3.493 3.480 3.481 3.523 3.560 3.591
0.593 0.595 0.598 0.600 0.603 0.605 0.607 0.609 0.611 0.613 0.617 0.623 0.625 0.625 0.621 0.615 0.605 0.597 0.625 0.654 0.682 0.710 0.740 0.774 0.808 0.842 0.877 0.913 0.948 0.985 1.021 1.058 1.095 1.133 1.174 1.219 1.259 1.296 1.328 1.356 1.380 1.399 1.415 1.426 1.433 1.436 1.461 1.566 1.684 1.817 1.963 2.124 2.298 2.487 2.690 2.907 3.137 3.382 3.592 3.638 3.675 3.703 3.721 3.731 3.731 3.723 3.705 3.678 3.642 3.597 3.559 3.582 3.600 3.612
0.409 0.411 0.413 0.415 0.417 0.419 0.421 0.422 0.423 0.425 0.435 0.464 0.493 0.521 0.550 0.578 0.606 0.634 0.662 0.690 0.718 0.745 0.774 0.810 0.845 0.881 0.917 0.954 0.991 1.029 1.066 1.105 1.143 1.182 1.220 1.250 1.276 1.298 1.315 1.328 1.338 1.342 1.343 1.339 1.332 1.320 1.325 1.479 1.647 1.829 2.025 2.234 2.458 2.696 2.948 3.214 3.494 3.788 4.069 4.083 4.087 4.083 4.070 4.048 4.016 3.976 3.926 3.867 3.800 3.723 3.642 3.646 3.645 3.638
0.225 0.227 0.229 0.247 0.280 0.312 0.345 0.378 0.410 0.443 0.475 0.504 0.532 0.560 0.588 0.616 0.644 0.672 0.699 0.727 0.754 0.781 0.809 0.845 0.882 0.919 0.957 0.995 1.033 1.072 1.111 1.151 1.191 1.231 1.271 1.286 1.297 1.304 1.307 1.305 1.300 1.290 1.276 1.257 1.235 1.208 1.177 1.379 1.596 1.827 2.072 2.331 2.604 2.891 3.192 3.507 3.837 4.180 4.537 4.535 4.508 4.472 4.427 4.373 4.309 4.237 4.155 4.067 3.979 3.891 3.804 3.828 3.870 3.920
0.189 0.221 0.254 0.287 0.319 0.352 0.385 0.417 0.450 0.483 0.516 0.544 0.572 0.599 0.627 0.654 0.682 0.709 0.736 0.763 0.790 0.817 0.844 0.881 0.919 0.957 0.996 1.036 1.075 1.115 1.156 1.197 1.238 1.280 1.321 1.326 1.323 1.315 1.303 1.287 1.266 1.242 1.213 1.180 1.142 1.101 1.055 1.265 1.531 1.811 2.105 2.413 2.736 3.072 3.422 3.786 4.165 4.557 4.963 4.996 4.916 4.826 4.736 4.647 4.558 4.470 4.383 4.296 4.209 4.123 4.037 4.068 4.138 4.215
0.228 0.261 0.294 0.326 0.359 0.392 0.424 0.457 0.490 0.523 0.555 0.584 0.611 0.639 0.666 0.693 0.720 0.747 0.773 0.800 0.826 0.853 0.879 0.915 0.955 0.995 1.035 1.076 1.117 1.158 1.200 1.242 1.285 1.327 1.371 1.371 1.353 1.330 1.303 1.272 1.237 1.198 1.154 1.106 1.054 0.998 0.938 1.136 1.452 1.781 2.125 2.482 2.853 3.239 3.624 4.010 4.394 4.778 5.161 5.221 5.132 5.043 4.956 4.868 4.781 4.695 4.609 4.524 4.439 4.354 4.270 4.301 4.398 4.502
0.268 0.301 0.333 0.366 0.399 0.431 0.464 0.497 0.529 0.562 0.595 0.624 0.651 0.678 0.705 0.731 0.758 0.784 0.811 0.837 0.863 0.889 0.915 0.950 0.990 1.032 1.073 1.115 1.158 1.200 1.243 1.287 1.331 1.375 1.420 1.420 1.387 1.349 1.308 1.262 1.212 1.158 1.100 1.037 0.971 0.900 0.871 1.084 1.472 1.859 2.245 2.631 3.016 3.400 3.783 4.166 4.548 4.930 5.311 5.435 5.347 5.261 5.174 5.089 5.003 4.919 4.834 4.751 4.667 4.585 4.502 4.525 4.649 4.782
0.307 0.340 0.373 0.405 0.438 0.471 0.504 0.536 0.569 0.602 0.634 0.664 0.691 0.717 0.744 0.770 0.796 0.822 0.848 0.874 0.899 0.925 0.950 0.983 1.026 1.068 1.111 1.154 1.198 1.242 1.287 1.331 1.377 1.422 1.468 1.473 1.425 1.373 1.316 1.261 1.214 1.174 1.142 1.118 1.101 1.092 1.090 1.260 1.645 2.030 2.414 2.797 3.180 3.562 3.943 4.323 4.703 5.082 5.461 5.648 5.562 5.477 5.392 5.308 5.225 5.142 5.059 4.977 4.895 4.814 4.734 4.742 4.894 5.054
0.347 0.380 0.412 0.445 0.478 0.510 0.543 0.576 0.608 0.641 0.674 0.704 0.731 0.757 0.783 0.808 0.834 0.860 0.885 0.910 0.936 0.961 0.986 1.017 1.060 1.104 1.148 1.193 1.238 1.283 1.329 1.370 1.398 1.423 1.447 1.444 1.393 1.350 1.314 1.286 1.265 1.252 1.247 1.249 1.259 1.276 1.301 1.436 1.819 2.202 2.583 2.964 3.344 3.724 4.103 4.481 4.858 5.235 5.611 5.860 5.776 5.693 5.610 5.527 5.445 5.364 5.283 5.203 5.123 5.043 4.964 4.950 5.130 5.317
0.386 0.419 0.452 0.484 0.517 0.550 0.582 0.615 0.648 0.681 0.713 0.745 0.770 0.796 0.822 0.847 0.872 0.897 0.922 0.947 0.972 0.997 1.022 1.050 1.090 1.125 1.158 1.189 1.217 1.244 1.269 1.291 1.312 1.330 1.347 1.354 1.330 1.313 1.304 1.302 1.308 1.322 1.343 1.372 1.408 1.452 1.504 1.613 1.993 2.373 2.753 3.131 3.509 3.886 4.263 4.638 5.013 5.388 5.762 6.071 5.989 5.907 5.826 5.745 5.665 5.585 5.506 5.427 5.349 5.271 5.194 5.152 5.359 5.573
0.426 0.458 0.491 0.524 0.556 0.589 0.622 0.655 0.687 0.720 0.753 0.785 0.810 0.836 0.861 0.886 0.911 0.927 0.941 0.956 0.973 0.991 1.012 1.034 1.064 1.091 1.117 1.141 1.162 1.182 1.199 1.215 1.228 1.240 1.249 1.256 1.258 1.268 1.286 1.311 1.344 1.384 1.432 1.487 1.550 1.621 1.699 1.790 2.168 2.545 2.922 3.299 3.674 4.049 4.423 4.796 5.169 5.541 5.913 6.282 6.202 6.121 6.042 5.963 5.884 5.806 5.729 5.651 5.575 5.499 5.423 5.348 5.579 5.822
0.465 0.498 0.530 0.563 0.596 0.628 0.661 0.694 0.727 0.759 0.778 0.792 0.802 0.813 0.826 0.840 0.856 0.874 0.894 0.915 0.937 0.962 0.988 1.016 1.039 1.060 1.078 1.095 1.109 1.121 1.132 1.140 1.147 1.151 1.153 1.154 1.179 1.216 1.260 1.312 1.371 1.438 1.513 1.595 1.684 1.782 1.887 1.999 2.343 2.718 3.093 3.466 3.840 4.212 4.584 4.955 5.325 5.695 6.064 6.432 6.413 6.335 6.257 6.179 6.103 6.026 5.950 5.875 5.800 5.725 5.651 5.578 5.792 6.062
0.504 0.537 0.569 0.594 0.617 0.637 0.654 0.669 0.682 0.692 0.700 0.705 0.718 0.735 0.753 0.774 0.796 0.819 0.845 0.872 0.900 0.931 0.963 0.996 1.016 1.030 1.041 1.051 1.058 1.063 1.067 1.068 1.067 1.065 1.060 1.053 1.093 1.156 1.227 1.305 1.391 1.485 1.586 1.694 1.811 1.935 2.066 2.205 2.518 2.891 3.263 3.634 4.005 4.375 4.745 5.114 5.482 5.849 6.216 6.582 6.624 6.547 6.471 6.395 6.320 6.245 6.171 6.060 5.893 5.730 5.572 5.418 5.503 5.675
0.523 0.544 0.563 0.579 0.593 0.604 0.613 0.620 0.624 0.625 0.624 0.621 0.632 0.655 0.679 0.705 0.733 0.763 0.794 0.827 0.861 0.898 0.935 0.975 0.996 1.002 1.007 1.009 1.009 1.008 1.004 0.998 0.990 0.980 0.969 0.955 0.999 1.088 1.186 1.291 1.403 1.523 1.651 1.786 1.929 2.080 2.238 2.403 2.693 3.064 3.434 3.803 4.171 4.539 4.906 5.273 5.638 6.003 6.368 6.732 6.779 6.596 6.418 6.244 6.075 5.910 5.749 5.593 5.441 5.294 5.151 5.013 5.056 5.220
0.536 0.549 0.559 0.566 0.572 0.574 0.575 0.572 0.568 0.561 0.551 0.539 0.544 0.573 0.603 0.635 0.669 0.704 0.741 0.780 0.821 0.863 0.907 0.952 0.978 0.977 0.974 0.970 0.963 0.954 0.943 0.930 0.915 0.899 0.880 0.859 0.897 1.013 1.137 1.268 1.408 1.554 1.709 1.870 2.040 2.217 2.401 2.594 2.869 3.237 3.605 3.972 4.338 4.651 4.925 5.190 5.445 5.692 5.929 6.158 6.200 6.033 5.870 5.712 5.558 5.408 5.263 5.123 4.986 4.855 4.727 4.604 4.612 4.768
0.552 0.556 0.557 0.556 0.553 0.547 0.539 0.528 0.515 0.499 0.481 0.460 0.455 0.489 0.526 0.564 0.603 0.644 0.687 0.732 0.778 0.826 0.876 0.927 0.962 0.954 0.944 0.932 0.918 0.903 0.885 0.865 0.843 0.819 0.793 0.765 0.787 0.930 1.081 1.239 1.404 1.577 1.758 1.947 2.143 2.346 2.526 2.683 2.874 3.161 3.440 3.709 3.970 4.221 4.463 4.697 4.921 5.136 5.342 5.539 5.618 5.466 5.319 5.176 5.038 4.903 4.774 4.649 4.528 4.411 4.299 4.192 4.170 4.318
0.571 0.566 0.559 0.549 0.537 0.523 0.506 0.486 0.465 0.440 0.414 0.384 0.364 0.404 0.446 0.490 0.536 0.583 0.632 0.682 0.734 0.788 0.843 0.901 0.948 0.933 0.916 0.897 0.876 0.853 0.828 0.801 0.772 0.741 0.708 0.673 0.670 0.839 1.016 1.237 1.449 1.645 1.825 1.990 2.139 2.272 2.390 2.492 2.611 2.867 3.114 3.352 3.581 3.800 4.011 4.213 4.406 4.589 4.764 4.929 5.032 4.896 4.764 4.637 4.514 4.395 4.281 4.171 4.066 3.965 3.868 3.776 3.732 3.872
0.593 0.579 0.563 0.545 0.524 0.501 0.475 0.448 0.417 0.384 0.349 0.311 0.271 0.317 0.365 0.415 0.466 0.519 0.574 0.630 0.688 0.748 0.809 0.872 0.936 0.914 0.890 0.864 0.836 0.806 0.774 0.741 0.762 0.791 0.829 0.876 0.935 1.139 1.327 1.500 1.657 1.798 1.924 2.034 2.128 2.207 2.270 2.318 2.357 2.582 2.797 3.004 3.201 3.389 3.569 3.739 3.900 4.052 4.196 4.330 4.443 4.322 4.206 4.094 3.986 3.883 3.784 3.690 3.600 3.515 3.433 3.357 3.297 3.428
0.636 0.594 0.570 0.543 0.514 0.482 0.448 0.411 0.372 0.331 0.287 0.241 0.192 0.229 0.283 0.338 0.395 0.454 0.515 0.577 0.641 0.706 0.774 0.842 0.915 0.918 0.917 0.924 0.940 0.965 0.999 1.041 1.092 1.152 1.221 1.299 1.385 1.526 1.660 1.778 1.880 1.967 2.038 2.093 2.133 2.157 2.166 2.159 2.136 2.306 2.490 2.665 2.831 2.988 3.136 3.274 3.404 3.525 3.637 3.739 3.833 3.745 3.644 3.547 3.455 3.368 3.284 3.205 3.131 3.061 2.995 2.934 2.877 2.987
0.685 0.612 0.579 0.544 0.506 0.466 0.423 0.378 0.330 0.280 0.228 0.173 0.115 0.138 0.198 0.260 0.323 0.398 0.495 0.588 0.676 0.761 0.841 0.918 0.990 1.025 1.054 1.092 1.139 1.195 1.259 1.332 1.414 1.504 1.604 1.712 1.828 1.929 2.008 2.071 2.119 2.151 2.168 2.169 2.154 2.124 2.078 2.016 1.939 2.039 2.192 2.335 2.470 2.595 2.712 2.819 2.918 3.007 3.087 3.159 3.221 3.164 3.079 2.998 2.921 2.849 2.781 2.717 2.658 2.603 2.553 2.507 2.466 2.549
0.741 0.633 0.591 0.547 0.501 0.452 0.401 0.347 0.291 0.232 0.197 0.185 0.163 0.207 0.306 0.400 0.491 0.578 0.660 0.738 0.813 0.883 0.949 1.011 1.069 1.123 1.182 1.251 1.328 1.414 1.509 1.613 1.725 1.847 1.976 2.115 2.263 2.347 2.371 2.380 2.373 2.351 2.313 2.259 2.190 2.105 2.005 1.889 1.757 1.782 1.903 2.015 2.118 2.212 2.297 2.374 2.441 2.499 2.547 2.587 2.618 2.580 2.510 2.444 2.383 2.326 2.274 2.225 2.182 2.142 2.107 2.077 2.051 2.113
0.802 0.656 0.606 0.604 0.623 0.634 0.635 0.627 0.610 0.584 0.548 0.504 0.450 0.448 0.532 0.613 0.689 0.761 0.829 0.893 0.953 1.009 1.061 1.108 1.152 1.211 1.301 1.400 1.508 1.625 1.751 1.885 2.028 2.179 2.340 2.509 2.687 2.780 2.750 2.704 2.643 2.566 2.474 2.366 2.242 2.103 1.948 1.778 1.592 1.534 1.624 1.704 1.776 1.839 1.893 1.937 1.973 1.999 2.017 2.026 2.025 1.992 1.938 1.887 1.842 1.800 1.763 1.730 1.719 1.734 1.748 1.759 1.768 1.835
1.263 1.187 1.193 1.190 1.177 1.155 1.124 1.084 1.035 0.976 0.909 0.832 0.746 0.693 0.763 0.829 0.891 0.949 1.003 1.052 1.098 1.139 1.177 1.210 1.239 1.290 1.411 1.540 1.679 1.826 1.982 2.147 2.321 2.503 2.694 2.893 3.102 3.229 3.144 3.044 2.928 2.797 2.650 2.488 2.310 2.116 1.907 1.682 1.442 1.295 1.354 1.403 1.443 1.475 1.497 1.510 1.515 1.510 1.496 1.473 1.442 1.434 1.457 1.478 1.497 1.514 1.528 1.541 1.551 1.558 1.564 1.568 1.569 1.610
1.909 1.847 1.820 1.785 1.740 1.686 1.623 1.550 1.469 1.378 1.278 1.169 1.051 0.942 0.998 1.050 1.097 1.141 1.180 1.215 1.247 1.274 1.297 1.316 1.331 1.359 1.511 1.671 1.840 2.018 2.205 2.400 2.604 2.817 3.038 3.268 3.507 3.693 3.554 3.399 3.229 3.043 2.842 2.625 2.393 2.145 1.881 1.602 1.307 1.066 1.093 1.111 1.120 1.120 1.154 1.209 1.253 1.286 1.309 1.322 1.324 1.322 1.337 1.351 1.362 1.371 1.378 1.382 1.385 1.385 1.383 1.379 1.372 1.390
2.543 2.513 2.457 2.389 2.312 2.226 2.131 2.026 1.912 1.789 1.657 1.516 1.366 1.206 1.237 1.274 1.307 1.337 1.362 1.383 1.400 1.412 1.421 1.426 1.426 1.423 1.602 1.793 1.992 2.200 2.417 2.643 2.878 3.121 3.373 3.634 3.903 4.172 3.979 3.770 3.545 3.305 3.049 2.778 2.491 2.189 1.871 1.570 1.295 1.055 1.126 1.186 1.236 1.275 1.303 1.321 1.328 1.325 1.311 1.287 1.252 1.211 1.219 1.225 1.229 1.230 1.229 1.226 1.221 1.214 1.204 1.192 1.178 1.174
