DATA/SHG/ECMWF/20170628/EN-36/20170629.en-36.asc
ncols        190
nrows        64
xllcorner    -5100000.000000000000
yllcorner    4130000.000000000000
cellsize     10000.000000000000
NODATA_value  -99999.000
[rows 0 to 32 of 64, columns 74 to 147 of 190]
3.405 3.452 3.496 3.538 3.577 3.615 3.650 3.632 3.545 3.488 3.435 3.386 3.340 3.298 3.259 3.224 3.192 3.164 3.140 3.199 3.503 3.780 4.039 4.281 4.506 4.713 4.903 5.076 5.232 5.371 5.492 5.635 5.902 6.169 6.437 6.704 6.972 7.240 7.508 7.776 8.045 8.314 8.583 8.834 9.028 9.220 9.410 9.599 9.786 9.971 10.155 10.337 10.517 10.695 10.872 10.971 10.837 10.685 10.516 10.329 10.125 9.904 9.665 9.408 9.135 8.844 8.535 8.301 8.335 8.398 8.488 8.607 8.753 8.928
3.527 3.595 3.680 3.774 3.878 3.991 4.113 4.211 4.164 4.119 4.079 4.042 4.008 3.978 3.952 3.929 3.910 3.895 3.883 3.901 4.128 4.328 4.510 4.674 4.822 4.952 5.065 5.161 5.239 5.300 5.344 5.399 5.667 5.935 6.204 6.473 6.741 7.010 7.280 7.549 7.819 8.089 8.359 8.619 8.805 8.990 9.173 9.354 9.533 9.711 9.887 10.061 10.234 10.405 10.574 10.690 10.478 10.248 10.002 9.737 9.456 9.157 8.840 8.506 8.155 7.787 7.401 7.081 7.241 7.429 7.645 7.889 8.162 8.462
3.872 3.980 4.097 4.224 4.360 4.505 4.659 4.813 4.778 4.746 4.718 4.693 4.672 4.655 4.641 4.631 4.624 4.621 4.621 4.626 4.772 4.894 4.999 5.086 5.157 5.210 5.245 5.264 5.265 5.249 5.216 5.166 5.432 5.702 5.971 6.241 6.511 6.781 7.051 7.322 7.593 7.864 8.135 8.406 8.585 8.762 8.937 9.111 9.283 9.453 9.621 9.788 9.953 10.117 10.278 10.427 10.138 9.831 9.506 9.164 8.805 8.429 8.035 7.623 7.195 6.749 6.285 5.964 6.493 7.023 7.553 8.082 8.612 9.143
4.215 4.355 4.505 4.664 4.832 5.010 5.196 5.392 5.388 5.369 5.353 5.341 5.332 5.327 5.326 5.328 5.333 5.343 5.356 5.372 5.435 5.479 5.507 5.517 5.510 5.486 5.445 5.386 5.310 5.217 5.107 4.980 5.197 5.468 5.738 6.009 6.280 6.552 6.823 7.095 7.367 7.639 7.912 8.184 8.366 8.536 8.704 8.870 9.034 9.197 9.358 9.517 9.675 9.831 9.985 10.137 9.816 9.431 9.114 8.876 8.643 8.415 8.192 7.973 7.759 7.550 7.346 7.146 7.625 8.156 8.686 9.216 9.747 10.278
4.549 4.721 4.904 5.095 5.295 5.505 5.724 5.952 5.994 5.987 5.984 5.984 5.988 5.995 6.006 6.020 6.039 6.060 6.086 6.115 6.115 6.083 6.033 5.967 5.883 5.782 5.663 5.528 5.375 5.205 5.017 4.813 4.962 5.234 5.506 5.778 6.050 6.322 6.595 6.868 7.141 7.414 7.688 7.962 8.150 8.312 8.472 8.631 8.788 8.993 9.247 9.513 9.791 10.081 10.383 10.697 10.580 10.353 10.132 9.915 9.703 9.496 9.294 9.096 8.903 8.715 8.531 8.353 8.756 9.287 9.818 10.349 10.880 11.411
4.873 5.078 5.293 5.516 5.749 5.991 6.243 6.503 6.596 6.601 6.610 6.623 6.639 6.659 6.682 6.709 6.739 6.774 6.811 6.853 6.815 6.705 6.579 6.435 6.274 6.096 5.900 5.688 5.458 5.211 4.947 4.666 4.728 5.000 5.273 5.546 5.819 6.093 6.367 6.641 6.961 7.300 7.623 7.929 8.187 8.435 8.694 8.966 9.249 9.545 9.853 10.173 10.504 10.848 11.204 11.572 11.549 11.344 11.144 10.948 10.757 10.571 10.389 10.213 10.041 9.873 9.711 9.553 9.884 10.416 10.947 11.479 12.011 12.543
5.189 5.426 5.673 5.929 6.194 6.468 6.752 7.044 7.193 7.211 7.232 7.257 7.286 7.318 7.354 7.393 7.436 7.483 7.533 7.586 7.533 7.346 7.143 6.922 6.684 6.429 6.156 5.867 5.560 5.236 4.895 4.629 4.731 5.128 5.508 5.872 6.220 6.551 6.866 7.165 7.448 7.714 7.964 8.198 8.457 8.759 9.072 9.397 9.735 10.084 10.446 10.819 11.205 11.602 12.012 12.433 12.513 12.329 12.149 11.974 11.804 11.639 11.479 11.323 11.172 11.025 10.884 10.747 11.011 11.543 12.075 12.608 13.140 13.672
5.495 5.765 6.044 6.332 6.629 6.936 7.251 7.576 7.787 7.817 7.851 7.888 7.929 7.974 8.022 8.073 8.129 8.187 8.250 8.316 8.269 8.005 7.729 7.462 7.207 6.966 6.737 6.521 6.317 6.126 5.948 5.782 5.816 6.139 6.447 6.738 7.013 7.272 7.515 7.741 7.951 8.145 8.322 8.483 8.715 9.070 9.437 9.816 10.207 10.610 11.025 11.452 11.891 12.342 12.805 13.281 13.470 13.307 13.148 12.995 12.845 12.701 12.562 12.427 12.297 12.171 12.051 11.935 12.136 12.669 13.201 13.734 14.267 14.800
5.792 6.094 6.405 6.726 7.055 7.394 7.742 8.099 8.376 8.418 8.465 8.514 8.568 8.625 8.677 8.704 8.733 8.767 8.803 8.844 8.818 8.582 8.359 8.148 7.951 7.765 7.593 7.433 7.286 7.151 7.029 6.920 6.916 7.167 7.402 7.621 7.823 8.010 8.180 8.333 8.471 8.592 8.697 8.786 8.959 9.367 9.788 10.221 10.665 11.122 11.591 12.071 12.564 13.069 13.585 14.114 14.422 14.279 14.141 14.009 13.880 13.757 13.638 13.524 13.415 13.311 13.211 13.116 13.259 13.792 14.326 14.859 15.393 15.926
6.080 6.415 6.758 7.110 7.472 7.843 8.223 8.601 8.912 8.929 8.950 8.975 9.003 9.034 9.069 9.107 9.149 9.194 9.243 9.295 9.320 9.141 8.974 8.820 8.678 8.549 8.433 8.330 8.239 8.160 8.095 8.042 8.033 8.212 8.374 8.520 8.650 8.764 8.861 8.942 9.007 9.056 9.089 9.105 9.189 9.652 10.126 10.612 11.110 11.621 12.143 12.677 13.223 13.782 14.352 14.934 15.367 15.245 15.128 15.016 14.909 14.806 14.709 14.616 14.527 14.444 14.365 14.291 14.380 14.914 15.448 15.982 16.516 17.051
6.358 6.715 7.073 7.431 7.790 8.150 8.510 8.871 9.228 9.257 9.290 9.327 9.367 9.410 9.457 9.507 9.561 9.618 9.679 9.743 9.803 9.685 9.574 9.476 9.391 9.318 9.259 9.211 9.177 9.154 9.145 9.148 9.166 9.272 9.362 9.436 9.493 9.534 9.559 9.568 9.561 9.537 9.497 9.441 9.407 9.923 10.450 10.990 11.542 12.106 12.682 13.269 13.869 14.481 15.105 15.740 16.305 16.205 16.109 16.018 15.931 15.850 15.773 15.701 15.633 15.570 15.512 15.459 15.500 16.034 16.569 17.103 17.638 18.173
6.612 6.971 7.331 7.691 8.052 8.414 8.776 9.139 9.503 9.582 9.627 9.675 9.727 9.783 9.841 9.904 9.969 10.038 10.111 10.187 10.260 10.213 10.159 10.118 10.089 10.072 10.069 10.077 10.099 10.133 10.180 10.239 10.311 10.349 10.366 10.368 10.353 10.321 10.274 10.210 10.131 10.035 9.922 9.794 9.649 10.181 10.762 11.355 11.960 12.578 13.207 13.848 14.501 15.167 15.844 16.533 17.234 17.158 17.083 17.013 16.948 16.887 16.831 16.779 16.733 16.691 16.654 16.600 16.570 17.099 17.649 18.222 18.817 19.433
6.864 7.225 7.587 7.950 8.313 8.677 9.041 9.406 9.772 9.903 9.960 10.020 10.084 10.151 10.222 10.296 10.374 10.455 10.539 10.627 10.712 10.727 10.729 10.744 10.771 10.811 10.863 10.929 11.006 11.097 11.199 11.315 11.443 11.442 11.387 11.316 11.228 11.125 11.005 10.869 10.717 10.549 10.364 10.164 9.947 10.425 11.060 11.707 12.366 13.036 13.719 14.414 15.120 15.839 16.569 17.312 18.066 18.106 17.971 17.771 17.604 17.468 17.364 17.292 17.253 17.245 17.269 17.325 17.413 18.004 18.652 19.322 20.014 20.728
7.115 7.479 7.843 8.208 8.573 8.939 9.306 9.673 10.040 10.220 10.289 10.361 10.437 10.516 10.599 10.685 10.775 10.868 10.964 11.064 11.161 11.226 11.284 11.355 11.439 11.535 11.643 11.764 11.898 12.045 12.204 12.375 12.560 12.551 12.424 12.280 12.121 11.945 11.753 11.545 11.320 11.080 10.823 10.550 10.261 10.657 11.345 12.045 12.757 13.474 14.157 14.803 15.411 15.981 16.513 17.007 17.463 17.474 17.385 17.327 17.302 17.308 17.346 17.417 17.519 17.653 17.819 18.017 18.247 18.887 19.632 20.399 21.188 21.999
7.366 7.731 8.098 8.464 8.832 9.200 9.569 9.938 10.308 10.534 10.614 10.699 10.787 10.878 10.972 11.070 11.172 11.277 11.385 11.497 11.605 11.710 11.824 11.951 12.091 12.243 12.408 12.585 12.775 12.977 13.193 13.420 13.660 13.677 13.477 13.261 13.029 12.781 12.517 12.237 11.953 11.691 11.448 11.224 11.019 11.354 12.021 12.649 13.240 13.793 14.309 14.786 15.226 15.627 15.991 16.317 16.606 16.714 16.767 16.851 16.968 17.116 17.296 17.508 17.753 18.029 18.336 18.676 19.048 19.747 20.589 21.453 22.339 23.246
7.615 7.983 8.351 8.720 9.090 9.460 9.831 10.202 10.574 10.844 10.936 11.033 11.132 11.235 11.342 11.452 11.565 11.682 11.802 11.926 12.047 12.179 12.350 12.533 12.728 12.936 13.157 13.390 13.636 13.895 14.166 14.389 14.578 14.566 14.256 13.965 13.693 13.440 13.205 12.989 12.792 12.614 12.455 12.314 12.192 12.386 12.884 13.344 13.767 14.152 14.499 14.809 15.080 15.314 15.510 15.668 15.788 15.922 16.117 16.343 16.602 16.892 17.214 17.568 17.954 18.371 18.821 19.303 19.816 20.583 21.522 22.483 23.466 24.471
7.863 8.233 8.604 8.975 9.347 9.719 10.092 10.466 10.840 11.150 11.255 11.363 11.475 11.590 11.708 11.830 11.955 12.084 12.216 12.352 12.484 12.633 12.772 12.862 12.974 13.108 13.263 13.441 13.640 13.861 14.103 14.368 14.654 14.800 14.574 14.366 14.178 14.008 13.857 13.724 13.610 13.516 13.439 13.382 13.343 13.456 13.786 14.078 14.333 14.550 14.729 14.871 14.974 15.040 15.068 15.058 15.011 15.099 15.435 15.803 16.203 16.635 17.099 17.595 18.122 18.682 19.273 19.896 20.551 21.397 22.433 23.491 24.570 25.672
8.111 8.483 8.855 9.229 9.603 9.977 10.352 10.728 11.104 11.453 11.570 11.690 11.813 11.940 12.056 11.991 11.927 11.864 11.802 11.741 11.697 11.688 11.853 12.041 12.250 12.481 12.733 13.008 13.304 13.621 13.961 14.322 14.705 15.014 14.871 14.747 14.641 14.555 14.487 14.438 14.407 14.396 14.403 14.429 14.474 14.565 14.727 14.851 14.938 14.987 14.998 14.972 14.908 14.806 14.666 14.489 14.273 14.243 14.721 15.231 15.773 16.347 16.952 17.589 18.258 18.959 19.692 20.457 21.253 22.187 23.320 24.475 25.651 26.850
8.357 8.731 9.106 9.481 9.857 10.234 10.611 10.958 11.149 11.331 11.269 11.204 11.139 11.076 11.014 10.953 10.893 10.834 10.776 10.719 10.679 10.656 10.912 11.196 11.502 11.830 12.179 12.551 12.944 13.358 13.795 14.253 14.733 15.206 15.147 15.106 15.084 15.081 15.096 15.130 15.183 15.255 15.345 15.454 15.582 15.712 15.706 15.663 15.582 15.463 15.307 15.113 14.881 14.611 14.304 13.959 13.576 13.356 13.976 14.627 15.311 16.026 16.773 17.552 18.362 19.205 20.079 20.985 21.923 22.955 24.185 25.436 26.709 28.004
8.563 8.789 9.005 9.211 9.408 9.594 9.771 9.938 10.096 10.243 10.212 10.150 10.090 10.030 9.972 9.915 9.859 9.804 9.750 9.698 9.662 9.642 9.947 10.328 10.731 11.156 11.602 12.070 12.560 13.072 13.605 14.160 14.736 15.335 15.402 15.444 15.506 15.585 15.684 15.801 15.938 16.092 16.266 16.458 16.669 16.898 16.724 16.513 16.265 15.978 15.654 15.292 14.893 14.456 13.981 13.468 12.918 12.438 13.199 13.992 14.816 15.673 16.561 17.481 18.433 19.417 20.433 21.480 22.559 23.700 25.026 26.374 27.744 29.135
7.791 7.983 8.166 8.338 8.500 8.653 8.796 8.929 9.052 9.166 9.154 9.097 9.040 8.985 8.931 8.878 8.826 8.775 8.725 8.677 8.645 8.629 8.959 9.437 9.937 10.458 11.001 11.566 12.153 12.761 13.391 14.043 14.716 15.411 15.636 15.762 15.906 16.069 16.251 16.452 16.671 16.909 17.166 17.441 17.735 18.048 17.781 17.402 16.986 16.532 16.041 15.512 14.945 14.340 13.698 13.018 12.300 11.545 12.390 13.324 14.290 15.288 16.318 17.379 18.472 19.597 20.754 21.943 23.177 24.421 25.757 27.042 28.278 29.462
7.030 7.188 7.337 7.475 7.603 7.722 7.831 7.930 8.020 8.099 8.097 8.044 7.991 7.940 7.890 7.841 7.793 7.746 7.700 7.656 7.628 7.617 7.948 8.522 9.119 9.737 10.377 11.039 11.722 12.427 13.153 13.902 14.672 15.463 15.850 16.059 16.286 16.532 16.797 17.081 17.383 17.704 18.044 18.402 18.779 19.175 18.876 18.330 17.747 17.125 16.466 15.770 15.036 14.264 13.454 12.607 11.723 10.800 11.549 12.760 14.154 15.515 16.841 18.133 19.390 20.614 21.803 22.959 24.080 25.167 26.275 27.338 28.351 29.314
6.279 6.403 6.518 6.622 6.717 6.802 6.877 6.942 6.997 7.043 7.040 6.991 6.943 6.896 6.849 6.804 6.761 6.718 6.676 6.635 6.612 6.604 6.913 7.585 8.278 8.993 9.729 10.487 11.267 12.069 12.892 13.737 14.603 15.492 16.043 16.335 16.645 16.974 17.322 17.689 18.074 18.478 18.901 19.342 19.802 20.281 20.010 19.297 18.546 17.757 16.912 16.083 15.339 14.680 14.105 13.615 13.209 12.888 13.779 15.056 16.299 17.508 18.683 19.824 20.930 22.003 23.041 24.045 25.015 25.951 26.843 27.683 28.474 29.214
5.539 5.629 5.709 5.780 5.840 5.891 5.932 5.964 5.985 5.997 5.984 5.939 5.895 5.851 5.809 5.768 5.728 5.690 5.652 5.616 5.596 5.592 5.855 6.624 7.413 8.225 9.058 9.913 10.789 11.687 12.607 13.548 14.511 15.496 16.215 16.590 16.983 17.396 17.826 18.276 18.744 19.162 19.440 19.668 19.847 19.975 19.563 18.772 18.065 17.442 16.903 16.450 16.080 15.795 15.594 15.478 15.446 15.499 16.258 17.384 18.476 19.534 20.557 21.547 22.502 23.424 24.311 25.164 25.983 26.768 27.459 28.077 28.646 29.164
4.808 4.864 4.911 4.947 4.974 4.991 4.998 4.996 4.984 4.962 4.928 4.887 4.847 4.808 4.770 4.733 4.697 4.662 4.628 4.596 4.580 4.581 4.775 5.639 6.526 7.434 8.363 9.314 10.287 11.282 12.298 13.336 14.430 15.588 16.518 16.924 17.279 17.586 17.842 18.049 18.206 18.313 18.370 18.378 18.336 18.244 17.970 17.553 17.220 16.971 16.807 16.727 16.732 16.821 16.994 17.252 17.594 18.020 18.769 19.744 20.684 21.591 22.464 23.302 24.107 24.877 25.613 26.316 26.984 27.618 28.124 28.520 28.867 29.163
4.088 4.110 4.122 4.125 4.118 4.101 4.075 4.038 3.992 3.936 3.873 3.836 3.799 3.764 3.730 3.697 3.666 3.635 3.605 3.577 3.565 3.570 3.671 4.701 5.847 6.996 8.148 9.303 10.460 11.620 12.782 13.947 15.115 16.285 17.268 17.453 17.588 17.673 17.709 17.695 17.632 17.518 17.355 17.143 16.880 16.568 16.289 16.246 16.287 16.413 16.622 16.916 17.295 17.757 18.304 18.936 19.651 20.451 21.311 22.135 22.924 23.680 24.402 25.090 25.743 26.363 26.948 27.500 28.017 28.500 28.838 29.012 29.137 29.212
3.377 3.366 3.344 3.313 3.272 3.222 3.161 3.091 3.011 2.921 2.822 2.785 2.752 2.721 2.691 2.689 2.868 3.060 3.262 3.477 3.694 3.912 4.140 5.274 6.432 7.594 8.757 9.924 11.093 12.265 13.439 14.616 15.796 16.978 18.071 18.035 17.950 17.815 17.630 17.396 17.112 16.778 16.395 15.962 15.479 14.947 14.521 14.852 15.267 15.766 16.350 17.017 17.769 18.605 19.526 20.530 21.619 22.792 23.884 24.557 25.196 25.801 26.372 26.909 27.412 27.880 28.315 28.716 29.083 29.415 29.600 29.553 29.457 29.310
2.677 2.631 2.576 2.511 2.437 2.352 2.258 2.154 2.075 2.122 2.169 2.310 2.483 2.668 2.865 3.073 3.293 3.525 3.768 4.023 4.281 4.540 4.808 5.843 7.014 8.187 9.362 10.541 11.722 12.905 14.092 15.281 16.472 17.667 18.863 18.671 18.365 18.010 17.605 17.151 16.646 16.092 15.489 14.836 14.133 13.380 12.667 13.371 14.159 15.032 15.989 17.030 18.155 19.364 20.658 22.035 23.497 25.043 26.489 27.011 27.500 27.954 28.374 28.760 29.112 29.430 29.715 29.965 30.181 30.363 30.411 30.143 29.825 29.457
1.987 1.946 1.992 2.039 2.085 2.132 2.179 2.226 2.273 2.320 2.367 2.522 2.736 2.961 3.198 3.447 3.707 3.979 4.262 4.557 4.856 5.156 5.465 6.408 7.591 8.776 9.963 11.154 12.347 13.542 14.741 15.942 17.145 18.351 19.560 19.360 18.834 18.259 17.634 16.959 16.235 15.461 14.637 13.764 12.841 11.869 10.847 11.803 12.964 14.210 15.540 16.954 18.452 20.034 21.701 23.451 25.286 27.205 29.126 29.497 29.835 30.138 30.408 30.643 30.845 31.013 31.146 31.246 31.312 31.343 31.271 30.782 30.242 29.653
2.094 2.141 2.188 2.235 2.282 2.329 2.376 2.423 2.471 2.518 2.566 2.723 2.977 3.243 3.520 3.809 4.110 4.422 4.746 5.081 5.420 5.761 6.111 6.970 8.164 9.361 10.561 11.763 12.968 14.175 15.385 16.598 17.814 19.032 20.252 20.103 19.357 18.561 17.716 16.821 15.877 14.883 13.840 12.747 11.604 10.412 9.171 10.148 11.682 13.301 15.003 16.790 18.661 20.616 22.655 24.778 26.985 29.276 31.652 32.014 32.201 32.354 32.473 32.559 32.610 32.627 32.610 32.559 32.475 32.356 32.116 31.260 30.384 29.489
2.289 2.336 2.383 2.430 2.478 2.525 2.573 2.620 2.668 2.716 2.764 2.913 3.207 3.513 3.831 4.160 4.501 4.854 5.218 5.593 5.973 6.355 6.745 7.527 8.733 9.942 11.154 12.368 13.585 14.804 16.026 17.251 18.478 19.708 20.941 20.898 19.933 18.917 17.852 16.738 15.574 14.360 13.097 11.784 10.422 9.010 7.549 8.405 10.313 12.304 14.379 16.539 18.782 21.109 23.521 26.016 28.595 31.259 34.006 34.563 34.600 34.462 34.053 33.665 33.297 32.951 32.625 32.320 32.035 31.772 31.529 30.630 29.666 28.682
2.483 2.531 2.578 2.626 2.673 2.721 2.769 2.817 2.865 2.913 2.961 3.092 3.426 3.773 4.131 4.500 4.882 5.274 5.679 6.095 6.515 6.937 7.368 8.080 9.299 10.519 11.743 12.969 14.198 15.429 16.663 17.900 19.139 20.381 21.625 21.747 20.562 19.326 18.042 16.708 15.324 13.891 12.408 10.876 9.294 7.663 5.982 6.576 8.856 11.220 13.667 16.199 18.792 21.330 23.819 26.262 28.656 31.002 33.301 33.701 33.343 33.005 32.688 32.391 32.116 31.861 31.627 31.413 31.221 31.049 30.898 30.021 28.969 27.896
2.677 2.725 2.773 2.821 2.869 2.917 2.965 3.013 3.061 3.110 3.158 3.260 3.635 4.022 4.420 4.830 5.251 5.684 6.129 6.585 7.045 7.508 7.980 8.630 9.860 11.093 12.328 13.566 14.807 16.050 17.296 18.544 19.796 21.049 22.306 22.649 21.244 19.789 18.285 16.731 15.128 13.476 11.774 10.067 8.480 6.912 5.363 5.771 8.337 10.856 13.326 15.749 18.124 20.451 22.730 24.962 27.146 29.282 31.370 32.041 31.774 31.528 31.303 31.098 30.914 30.751 30.609 30.487 30.387 30.307 30.247 29.432 28.292 27.131
