DATA/SHG/ECMWF/20170628/EN-36/20170702.en-36.asc
ncols        190
nrows        64
xllcorner    -5100000.000000000000
yllcorner    4130000.000000000000
cellsize     10000.000000000000
NODATA_value  -99999.000
[rows 32 to 63 of 64, columns 0 to 73 of 190]
8.406 8.495 8.134 7.727 7.319 6.910 6.501 6.091 5.680 5.269 4.856 4.443 4.030 3.616 3.570 3.521 3.449 3.352 3.231 3.086 2.917 2.724 2.507 2.266 2.001 1.711 1.625 1.545 1.470 1.400 1.333 1.270 1.212 1.158 1.108 1.062 1.020 0.986 1.141 1.305 1.478 1.659 1.849 2.047 2.254 2.470 2.694 2.998 3.322 3.622 3.730 3.819 3.888 3.939 3.970 3.983 3.976 3.951 3.906 3.842 3.759 3.649 3.450 3.259 3.076 2.901 2.734 2.575 2.424 2.281 2.146 2.018 1.899 1.816
8.879 9.018 8.744 8.334 7.924 7.512 7.100 6.688 6.274 5.860 5.445 5.029 4.613 4.196 4.023 3.890 3.733 3.552 3.347 3.118 2.865 2.588 2.287 1.961 1.612 1.239 1.118 1.054 0.993 0.937 0.885 0.837 0.793 0.754 0.718 0.687 0.659 0.636 0.797 0.991 1.340 1.714 2.073 2.419 2.751 3.069 3.373 3.663 3.939 4.201 4.260 4.282 4.285 4.269 4.234 4.180 4.107 4.015 3.904 3.774 3.625 3.457 3.286 3.123 2.967 2.820 2.681 2.549 2.426 2.310 2.203 2.103 2.012 1.928
9.337 9.525 9.355 8.942 8.529 8.115 7.700 7.285 6.868 6.451 6.034 5.615 5.196 4.776 4.500 4.284 4.043 3.778 3.489 3.175 2.838 2.477 2.092 1.683 1.250 0.792 0.609 0.559 0.513 0.471 0.433 0.400 0.371 0.553 0.752 0.951 1.149 1.346 1.666 2.019 2.358 2.683 2.994 3.291 3.574 3.844 4.099 4.341 4.569 4.782 4.807 4.763 4.700 4.618 4.517 4.396 4.257 4.099 3.922 3.725 3.510 3.276 3.114 2.979 2.851 2.731 2.620 2.516 2.420 2.332 2.252 2.180 2.116 2.060
9.778 10.015 9.966 9.550 9.134 8.717 8.300 7.882 7.463 7.043 6.623 6.202 5.780 5.357 5.004 4.703 4.378 4.029 3.655 3.258 2.837 2.392 1.923 1.430 0.913 0.381 0.348 0.550 0.751 0.951 1.151 1.350 1.548 1.745 1.942 2.138 2.333 2.528 2.793 3.098 3.388 3.664 3.927 4.176 4.411 4.632 4.839 5.032 5.211 5.376 5.373 5.262 5.133 4.985 4.817 4.631 4.425 4.201 3.957 3.695 3.413 3.113 2.936 2.828 2.728 2.635 2.551 2.475 2.407 2.347 2.294 2.250 2.213 2.185
10.203 10.490 10.577 10.158 9.740 9.320 8.900 8.479 8.057 7.635 7.212 6.788 6.363 5.938 5.532 5.147 4.738 4.305 3.859 3.469 3.102 2.759 2.439 2.142 1.869 1.619 1.558 1.757 1.956 2.154 2.350 2.547 2.742 2.937 3.131 3.324 3.517 3.709 3.933 4.189 4.431 4.659 4.873 5.073 5.260 5.432 5.591 5.736 5.867 5.984 5.957 5.780 5.584 5.370 5.136 4.883 4.612 4.321 4.012 3.683 3.335 2.969 2.749 2.669 2.596 2.532 2.475 2.427 2.386 2.353 2.329 2.312 2.303 2.302
10.612 10.948 11.188 10.767 10.345 9.923 9.500 9.076 8.652 8.227 7.801 7.358 6.885 6.420 5.971 5.569 5.190 4.835 4.503 4.194 3.909 3.646 3.407 3.192 3.000 2.831 2.768 2.964 3.160 3.355 3.549 3.743 3.936 4.128 4.319 4.510 4.699 4.889 5.086 5.293 5.486 5.666 5.832 5.984 6.122 6.246 6.356 6.453 6.535 6.604 6.559 6.316 6.054 5.773 5.473 5.155 4.817 4.460 4.084 3.690 3.276 2.843 2.556 2.503 2.458 2.421 2.392 2.371 2.358 2.353 2.355 2.366 2.385 2.411
11.005 11.390 11.788 11.375 10.913 10.408 9.912 9.424 8.946 8.476 8.016 7.564 7.121 6.687 6.265 5.945 5.647 5.373 5.122 4.894 4.689 4.508 4.350 4.216 4.104 4.016 3.977 4.171 4.364 4.556 4.747 4.938 5.128 5.318 5.506 5.694 5.881 6.068 6.251 6.409 6.555 6.686 6.803 6.907 6.996 7.072 7.134 7.182 7.217 7.237 7.179 6.870 6.542 6.195 5.829 5.444 5.040 4.617 4.176 3.715 3.235 2.736 2.355 2.329 2.312 2.303 2.301 2.308 2.322 2.344 2.573 2.969 3.403 3.875
11.105 11.421 11.734 11.376 10.893 10.419 9.954 9.497 9.050 8.611 8.181 7.760 7.347 6.944 6.550 6.295 6.078 5.885 5.715 5.568 5.445 5.345 5.268 5.214 5.183 5.176 5.192 5.376 5.566 5.756 5.945 6.133 6.320 6.507 6.693 6.878 7.062 7.246 7.428 7.539 7.635 7.718 7.787 7.843 7.884 7.911 7.925 7.925 7.911 7.883 7.817 7.442 7.048 6.635 6.203 5.752 5.282 4.793 4.285 3.759 3.213 2.648 2.146 2.299 2.560 2.858 3.195 3.570 3.984 4.435 4.925 5.453 6.020 6.624
10.928 11.232 11.533 11.316 10.864 10.421 9.986 9.560 9.143 8.735 8.336 7.946 7.564 7.192 6.828 6.620 6.485 6.372 6.283 6.217 6.175 6.155 6.159 6.186 6.237 6.310 6.407 6.580 6.768 6.955 7.141 7.326 7.511 7.695 7.878 8.061 8.243 8.424 8.604 8.681 8.729 8.764 8.784 8.791 8.784 8.763 8.729 8.680 8.618 8.542 8.452 8.032 7.572 7.093 6.595 6.078 5.912 5.766 5.507 5.133 4.645 4.044 3.331 3.685 4.078 4.509 4.979 5.486 6.032 6.616 7.238 7.898 8.597 9.334
10.756 11.048 11.337 11.247 10.825 10.413 10.009 9.614 9.228 8.850 8.482 8.122 7.771 7.429 7.096 6.920 6.865 6.834 6.826 6.841 6.879 6.940 7.025 7.133 7.264 7.418 7.596 7.784 7.969 8.153 8.337 8.519 8.701 8.883 9.063 9.243 9.422 9.601 9.778 9.835 9.835 9.821 9.794 9.752 9.697 9.628 9.545 9.449 9.338 9.960 10.533 10.727 10.754 10.667 10.467 10.152 9.724 9.183 8.527 7.758 6.875 5.878 4.767 5.033 5.558 6.121 6.723 7.363 8.041 8.757 9.511 10.304 11.135 12.004
10.587 10.867 11.144 11.168 10.777 10.395 10.022 9.658 9.302 8.956 8.618 8.289 7.969 7.658 7.355 7.195 7.221 7.270 7.343 7.439 7.558 7.700 7.865 8.054 8.266 8.501 8.759 8.987 9.169 9.351 9.532 9.712 9.891 10.069 10.247 10.424 10.601 10.777 10.952 11.002 10.954 10.892 12.289 13.598 14.697 15.588 16.270 16.742 17.006 17.060 16.906 16.624 16.256 15.773 15.177 14.467 13.643 12.706 11.655 10.490 9.212 7.820 6.314 6.341 6.999 7.695 8.428 9.201 10.011 10.859 11.746 12.670 13.633 14.634
10.422 10.690 10.955 11.080 10.720 10.368 10.026 9.692 9.368 9.052 8.744 8.446 8.157 7.876 7.604 7.444 7.551 7.681 7.835 8.011 8.211 8.434 8.680 8.950 9.242 9.558 9.897 10.189 10.369 10.547 10.726 10.903 11.080 11.255 11.457 12.922 14.751 16.943 19.500 21.683 22.891 23.889 24.679 25.260 25.632 25.795 25.749 25.495 25.032 24.359 23.478 22.627 21.863 20.985 19.993 18.887 17.668 16.336 14.890 13.330 11.656 9.869 7.969 7.611 8.401 9.229 10.095 10.999 11.942 12.922 13.941 14.998 16.092 17.226
10.262 10.518 10.770 10.982 10.653 10.332 10.020 9.717 9.423 9.138 8.861 8.594 8.335 8.085 7.844 7.669 7.857 8.067 8.301 8.559 8.839 9.143 9.469 9.819 10.193 10.589 11.008 11.366 11.550 12.097 13.007 14.281 15.919 17.920 20.284 23.011 26.103 29.557 33.375 36.450 36.930 37.202 37.264 37.118 36.763 36.199 35.427 34.445 33.255 31.857 30.249 28.735 27.575 26.302 24.915 23.414 21.800 20.073 18.231 16.277 14.209 12.027 9.731 8.843 9.765 10.725 11.723 12.760 13.834 14.946 16.097 17.286 18.513 19.777
10.105 10.349 10.590 10.826 10.576 10.286 10.005 9.733 9.469 9.214 8.969 8.732 8.503 8.284 8.073 7.872 8.137 8.428 8.743 9.081 9.411 9.641 9.865 10.082 10.294 10.499 10.699 10.971 12.418 14.228 16.401 18.938 21.837 25.100 28.726 32.716 37.068 41.783 46.862 51.412 51.164 50.709 50.044 49.171 48.090 46.799 45.301 43.593 41.677 39.553 37.220 34.948 33.393 31.725 29.943 28.047 26.038 23.916 21.680 19.331 16.868 14.292 11.602 10.037 11.091 12.183 13.313 14.481 15.687 16.932 18.214 19.535 20.893 22.290
9.952 10.184 10.413 10.638 10.490 10.231 9.980 9.738 9.506 9.282 9.066 8.860 8.662 8.462 8.231 7.980 8.140 8.373 8.601 8.822 9.037 9.246 9.448 9.645 9.835 10.020 10.198 10.370 12.907 15.979 19.414 23.212 27.373 31.898 36.785 42.035 47.647 53.623 59.962 66.566 65.592 64.410 63.019 61.420 59.612 57.596 55.372 52.939 50.297 47.447 44.389 41.266 39.316 37.253 35.077 32.786 30.383 27.866 25.236 22.492 19.635 16.665 13.581 11.192 12.377 13.601 14.864 16.164 17.502 18.878 20.292 21.745 23.235 24.764
9.804 10.024 10.240 10.453 10.394 10.166 9.976 9.811 9.628 9.425 9.203 8.963 8.703 8.424 8.126 7.809 7.858 8.070 8.276 8.476 8.670 8.857 9.039 9.214 9.383 9.547 9.704 9.854 13.017 17.350 22.047 27.106 32.527 38.312 44.459 50.969 57.841 65.077 72.675 80.635 80.214 78.306 76.189 73.864 71.331 68.590 65.640 62.481 59.115 55.540 51.757 47.765 45.345 42.887 40.316 37.632 34.834 31.923 28.898 25.761 22.510 19.145 15.668 12.308 13.626 14.982 16.376 17.808 19.278 20.786 22.332 23.916 25.518 26.524
9.801 10.109 10.419 10.733 10.827 10.634 10.422 10.191 9.941 9.672 9.384 9.077 8.751 8.406 8.042 7.659 7.582 7.773 7.958 8.137 8.309 8.476 8.636 8.790 8.938 9.080 9.216 9.346 12.748 18.342 24.299 30.618 37.300 44.344 51.750 59.519 67.650 76.144 85.001 94.219 95.030 92.396 89.554 86.504 83.246 79.779 76.104 72.221 68.130 63.831 59.323 54.608 51.479 48.627 45.661 42.583 39.391 36.086 32.667 29.136 25.491 21.733 17.862 13.877 14.836 16.299 17.488 18.625 19.711 20.745 21.727 22.657 23.536 24.364
10.302 10.621 10.943 11.268 11.426 11.167 10.889 10.592 10.275 9.940 9.586 9.212 8.820 8.409 7.978 7.529 7.313 7.483 7.647 7.804 7.956 8.101 8.240 8.374 8.500 8.621 8.736 8.845 12.102 18.956 26.172 33.750 41.690 49.993 58.658 67.685 77.075 86.827 96.941 107.417 110.039 106.680 103.113 99.339 95.356 91.164 86.765 82.158 77.343 72.320 67.088 61.649 57.717 54.471 51.112 47.640 44.054 40.355 36.458 32.031 27.638 23.279 18.953 14.660 14.552 15.614 16.625 17.584 18.492 19.348 20.152 20.904 21.605 22.255
10.798 11.129 11.462 11.799 12.046 11.720 11.376 11.012 10.630 10.228 9.808 9.368 8.909 8.432 7.935 7.419 7.051 7.200 7.343 7.479 7.609 7.734 7.852 7.964 8.069 8.169 8.263 8.350 11.078 19.190 27.665 36.502 45.700 55.261 65.184 75.468 86.115 97.124 108.495 120.227 125.242 121.159 116.867 112.368 107.661 102.746 97.623 92.292 86.753 81.006 75.052 68.641 62.809 58.296 53.817 49.371 44.959 40.580 36.235 31.923 27.645 23.400 19.189 15.011 14.096 14.980 15.813 16.594 17.323 18.001 18.627 19.202 19.725 20.197
11.291 11.632 11.977 12.325 12.676 12.294 11.883 11.453 11.004 10.537 10.050 9.544 9.019 8.475 7.912 7.331 6.796 6.924 7.045 7.160 7.270 7.373 7.470 7.561 7.645 7.724 7.796 7.863 9.676 19.047 28.779 38.874 49.330 60.148 71.327 82.869 94.772 107.037 119.663 132.652 140.638 135.831 130.816 125.593 119.381 111.232 103.329 95.674 88.265 81.103 74.188 67.520 61.866 57.468 53.104 48.773 44.476 40.212 35.981 31.784 27.621 23.491 19.394 15.331 13.690 14.396 15.050 15.653 16.205 16.705 17.153 17.550 17.895 18.189
11.778 12.131 12.487 12.847 13.210 12.887 12.410 11.914 11.399 10.865 10.312 9.740 9.149 8.539 7.910 7.262 6.596 6.654 6.755 6.849 6.937 7.019 7.095 7.164 7.228 7.286 7.337 7.382 7.898 18.526 29.515 40.866 52.579 64.653 77.089 89.886 103.045 115.556 126.136 136.446 143.694 135.411 127.376 119.587 112.044 104.749 97.700 90.898 84.343 78.034 71.973 66.158 60.893 56.610 52.360 48.144 43.961 39.812 35.696 31.614 27.565 23.550 19.568 15.619 13.333 13.861 14.338 14.763 15.137 15.459 15.730 15.949 16.116 16.233
12.262 12.626 12.994 13.365 13.739 13.501 12.958 12.396 11.814 11.214 10.595 9.957 9.300 8.624 7.929 7.215 6.482 6.392 6.471 6.544 6.611 6.672 6.726 6.775 6.818 6.854 6.884 6.909 6.927 17.627 29.610 41.151 52.422 63.422 74.152 84.611 94.799 104.717 114.364 123.741 132.704 125.275 118.094 111.158 104.470 98.028 91.832 85.883 80.181 74.726 69.517 64.555 59.889 55.721 51.586 47.484 43.416 39.381 35.380 31.412 27.478 23.577 19.710 15.875 13.027 13.377 13.676 13.923 14.119 14.264 14.357 14.398 14.388 14.327
12.741 13.117 13.496 13.878 14.263 14.135 13.525 12.897 12.250 11.584 10.898 10.194 9.471 8.729 7.968 7.188 6.389 6.136 6.194 6.246 6.292 6.331 6.365 6.388 6.399 6.402 6.396 6.382 6.359 14.711 25.589 36.196 46.534 56.600 66.397 75.923 85.179 94.164 102.879 111.324 119.498 114.904 108.576 102.493 96.658 91.069 85.726 80.630 75.781 71.178 66.821 62.711 58.847 54.800 50.780 46.793 42.840 38.920 35.033 31.179 27.360 23.573 19.820 16.100 12.770 12.942 13.063 13.133 13.152 13.119 13.034 12.898 12.711 12.472
13.216 13.603 13.993 14.387 14.784 14.789 14.113 13.419 12.705 11.973 11.222 10.452 9.662 8.854 8.027 7.181 6.311 5.883 5.915 5.939 5.955 5.962 5.960 5.951 5.933 5.907 5.872 5.830 5.778 11.904 21.849 31.524 40.928 50.063 58.927 67.520 75.844 83.897 91.680 99.193 106.436 104.297 98.822 93.592 88.609 83.873 79.382 75.138 71.141 67.390 63.885 60.626 57.614 53.849 49.944 46.071 42.232 38.426 34.654 30.915 27.210 23.538 19.899 16.294 12.722 12.557 12.501 12.393 12.234 12.024 11.762 11.448 11.083 10.667
13.687 14.085 14.487 14.892 15.300 15.463 14.721 13.961 13.181 12.299 11.386 10.486 9.598 8.723 7.860 7.010 6.173 5.628 5.631 5.626 5.613 5.591 5.561 5.523 5.476 5.421 5.358 5.287 5.207 9.379 18.391 27.134 35.606 43.808 51.740 59.402 66.794 73.916 80.768 87.350 93.662 93.455 88.832 84.455 80.324 76.439 72.801 69.408 66.262 63.362 60.708 58.301 56.139 52.868 49.076 45.318 41.594 37.902 34.245 30.620 27.029 23.471 19.947 16.455 12.998 12.222 11.988 11.703 11.367 10.979 10.539 10.049 9.507 8.913
14.153 14.563 14.963 15.258 15.440 15.447 14.527 13.620 12.725 11.843 10.974 10.117 9.273 8.441 7.622 6.815 6.022 5.382 5.357 5.323 5.281 5.230 5.171 5.104 5.029 4.945 4.853 4.753 4.645 7.135 15.215 23.025 30.566 37.837 44.837 51.568 58.029 64.220 70.141 75.793 81.174 82.378 78.607 75.081 71.802 68.769 65.981 63.440 61.145 59.096 57.292 55.735 54.424 51.855 48.178 44.534 40.924 37.347 33.804 30.293 26.817 23.373 19.963 16.586 13.242 11.937 11.526 11.063 10.549 10.471 10.539 10.594 10.637 10.668
15.258 15.386 15.400 15.300 15.087 14.760 13.928 13.064 12.213 11.374 10.548 9.735 8.934 8.146 7.371 6.608 5.857 5.145 5.091 5.028 4.957 4.878 4.791 4.695 4.591 4.479 4.358 4.229 4.092 5.171 12.320 19.199 25.808 32.148 38.218 44.018 49.549 54.809 59.800 64.522 68.973 71.066 68.146 65.472 63.043 60.861 58.924 57.234 55.789 54.590 53.637 52.930 52.469 50.812 47.249 43.720 40.224 36.761 33.332 29.936 26.573 23.244 20.219 17.457 14.902 13.856 13.930 13.991 14.040 14.077 14.102 14.114 14.114 14.102
16.609 16.342 15.962 15.467 14.859 14.137 13.315 12.495 11.688 10.893 10.110 9.340 8.583 7.839 7.107 6.387 5.680 4.986 4.834 4.743 4.643 4.535 4.419 4.295 4.162 4.021 3.872 3.714 3.548 3.487 9.705 15.654 21.333 26.742 31.882 36.752 41.352 45.683 49.745 53.537 57.059 59.519 57.450 55.627 54.049 52.717 51.630 50.790 50.195 49.846 49.742 49.885 50.273 49.738 46.289 42.648 39.151 35.861 32.778 29.901 27.231 24.768 22.511 20.461 18.618 17.643 17.673 17.692 17.698 17.692 17.673 17.642 17.599 17.543
18.084 17.422 16.647 15.758 14.756 13.640 12.690 11.914 11.150 10.398 9.659 8.933 8.219 7.518 6.829 6.154 5.490 4.839 4.587 4.467 4.338 4.202 4.057 3.904 3.742 3.573 3.395 3.208 3.014 2.811 7.371 12.390 17.138 21.618 25.828 29.769 33.440 36.842 39.974 42.837 45.431 47.738 46.519 45.546 44.818 44.336 44.099 44.108 44.525 44.958 45.367 45.751 46.111 45.941 42.744 39.753 36.969 34.392 32.020 29.856 27.898 26.147 24.602 23.263 22.131 21.437 21.425 21.400 21.363 21.313 21.252 21.177 21.091 20.992
19.682 18.627 17.457 16.174 14.778 13.267 12.052 11.319 10.599 9.891 9.195 8.512 7.842 7.184 6.539 5.907 5.287 4.680 4.348 4.200 4.043 3.878 3.704 3.522 3.332 3.134 2.927 2.712 2.489 2.257 5.318 9.406 13.226 16.776 20.057 23.069 25.811 28.284 30.488 32.423 34.088 36.518 37.306 37.802 38.274 38.722 39.145 39.543 39.917 40.267 40.592 40.892 41.168 41.420 38.938 36.660 34.588 32.722 31.063 29.611 28.364 27.324 26.491 25.864 25.443 25.239 25.183 25.115 25.035 24.943 24.838 24.721 24.591 24.449
21.405 19.955 18.391 16.714 14.924 13.019 11.402 10.712 10.035 9.370 8.718 8.079 7.452 6.838 6.236 5.647 5.071 4.507 4.119 3.942 3.756 3.562 3.360 3.150 2.931 2.704 2.468 2.225 1.973 1.713 3.544 6.704 9.594 12.216 15.035 17.772 20.420 22.979 25.447 27.826 30.115 32.314 33.229 33.642 34.030 34.394 34.733 35.048 35.339 35.605 35.846 36.063 36.256 36.424 34.935 33.368 32.008 30.854 29.907 29.165 28.630 28.301 28.179 28.262 28.552 29.048 28.950 28.839 28.715 28.580 28.432 28.271 28.099 27.914
23.250 21.406 19.449 17.378 15.194 12.896 10.738 10.092 9.458 8.837 8.229 7.633 7.049 6.479 5.920 5.375 4.841 4.321 3.899 3.693 3.479 3.256 3.025 2.786 2.539 2.283 2.030 2.000 1.823 1.500 2.475 5.262 7.960 10.568 13.087 15.516 17.855 20.104 22.264 24.334 26.314 28.205 29.182 29.511 29.816 30.096 30.352 30.583 30.790 30.972 31.130 31.263 31.372 31.457 30.734 29.879 29.230 28.787 28.550 28.520 28.696 29.078 29.666 30.460 31.460 32.667 32.724 32.570 32.403 32.224 32.033 31.830 31.614 31.386
