DATA/SHG/ECMWF/20170628/EN-36/20170707.en-36.asc
ncols        190
nrows        64
xllcorner    -5100000.000000000000
yllcorner    4130000.000000000000
cellsize     10000.000000000000
NODATA_value  -99999.000
[rows 0 to 31 of 64, columns 0 to 71 of 190]
4.529 4.683 4.831 4.973 5.110 5.241 5.367 5.487 5.601 5.549 5.448 5.350 5.255 5.164 5.076 4.991 4.909 4.830 4.755 4.674 4.584 4.368 4.103 3.847 3.599 3.359 3.129 2.906 2.693 2.488 2.291 2.103 1.924 1.919 2.026 2.139 2.257 2.380 2.509 2.643 2.782 2.926 3.076 3.232 3.392 3.492 3.537 3.585 3.635 3.689 3.745 3.803 3.865 3.929 3.996 4.065 4.138 4.361 4.771 5.193 5.626 6.072 6.528 6.997 7.477 7.969 8.472 8.988 9.514 9.975 10.315 10.658
4.672 4.806 4.934 5.056 5.173 5.284 5.389 5.489 5.583 5.562 5.473 5.386 5.334 5.274 5.205 5.128 5.042 4.947 4.843 4.731 4.610 4.422 4.187 3.961 3.743 3.534 3.333 3.141 2.958 2.783 2.616 2.458 2.309 2.289 2.415 2.547 2.684 2.825 2.973 3.125 3.283 3.446 3.615 3.789 3.968 4.100 4.154 4.212 4.272 4.334 4.400 4.468 4.538 4.612 4.688 4.767 4.849 5.048 5.499 5.961 6.436 6.922 7.420 7.929 8.450 8.983 9.528 10.084 10.652 11.172 11.521 11.873
4.820 4.934 5.042 5.145 5.241 5.343 5.465 5.606 5.767 5.835 5.771 5.697 5.615 5.524 5.425 5.317 5.200 5.074 4.940 4.797 4.646 4.467 4.262 4.066 3.878 3.699 3.528 3.366 3.213 3.068 2.932 2.804 2.685 2.654 2.799 2.949 3.104 3.265 3.431 3.602 3.778 3.960 4.147 4.339 4.537 4.704 4.768 4.835 4.904 4.976 5.051 5.128 5.208 5.291 5.377 5.465 5.556 5.722 6.214 6.717 7.233 7.760 8.298 8.849 9.411 9.984 10.570 11.167 11.622 12.004 12.170 12.335
4.784 4.877 4.990 5.122 5.274 5.445 5.636 5.846 6.075 6.218 6.122 6.018 5.905 5.784 5.654 5.515 5.367 5.211 5.046 4.872 4.690 4.502 4.328 4.162 4.004 3.855 3.715 3.583 3.459 3.345 3.238 3.141 3.051 3.013 3.176 3.345 3.519 3.698 3.882 4.072 4.267 4.467 4.673 4.884 5.100 5.305 5.378 5.454 5.533 5.614 5.698 5.785 5.875 5.967 6.062 6.159 6.260 6.383 6.916 7.460 8.019 8.589 9.123 9.621 10.083 10.509 10.899 11.254 11.572 11.855 12.021 12.184
4.521 4.683 4.865 5.066 5.286 5.526 5.785 6.064 6.362 6.610 6.483 6.348 6.205 6.052 5.892 5.722 5.544 5.357 5.161 4.956 4.743 4.529 4.385 4.248 4.121 4.002 3.892 3.790 3.696 3.612 3.535 3.468 3.408 3.366 3.547 3.735 3.927 4.125 4.328 4.536 4.750 4.969 5.193 5.422 5.657 5.897 5.984 6.070 6.158 6.249 6.342 6.438 6.537 6.665 6.878 7.087 7.293 7.495 8.014 8.530 9.010 9.453 9.861 10.234 10.570 10.870 11.135 11.364 11.557 11.714 11.872 12.033
4.237 4.467 4.718 4.988 5.277 5.585 5.913 6.261 6.628 7.010 6.853 6.687 6.513 6.330 6.138 5.938 5.729 5.511 5.285 5.050 4.806 4.554 4.432 4.326 4.229 4.140 4.060 3.988 3.924 3.870 3.823 3.785 3.756 3.736 3.913 4.118 4.330 4.546 4.767 4.994 5.226 5.464 5.707 5.955 6.208 6.466 6.641 6.866 7.087 7.305 7.519 7.730 7.937 8.141 8.341 8.538 8.731 8.921 9.290 9.679 10.033 10.351 10.634 10.880 11.091 11.266 11.405 11.508 11.575 11.607 11.724 11.883
3.931 4.231 4.550 4.888 5.246 5.623 6.020 6.436 6.871 7.326 7.232 7.035 6.830 6.617 6.394 6.163 5.923 5.675 5.418 5.152 4.878 4.595 4.471 4.395 4.328 4.269 4.218 4.176 4.143 4.118 4.102 4.094 4.095 4.104 4.272 4.496 4.726 4.961 5.201 5.504 5.865 6.243 6.637 7.047 7.474 7.917 8.206 8.418 8.627 8.832 9.034 9.232 9.427 9.618 9.806 9.990 10.170 10.348 10.598 10.862 11.090 11.283 11.439 11.560 11.645 11.695 11.708 11.686 11.628 11.534 11.577 11.734
3.605 3.973 4.361 4.768 5.194 5.640 6.105 6.590 7.094 7.617 7.619 7.392 7.156 6.912 6.659 6.397 6.127 5.848 5.560 5.264 4.959 4.646 4.501 4.455 4.417 4.388 4.368 4.356 4.352 4.358 4.371 4.393 4.479 4.586 4.824 5.161 5.514 5.883 6.269 6.671 7.090 7.525 7.977 8.445 8.930 9.431 9.772 9.972 10.168 10.361 10.550 10.735 10.917 11.096 11.271 11.443 11.611 11.776 11.939 12.078 12.180 12.247 12.278 12.274 12.233 12.157 12.045 11.898 11.714 11.495 11.430 11.586
3.257 3.694 4.151 4.626 5.121 5.635 6.169 6.722 7.294 7.886 8.015 7.758 7.491 7.216 6.933 6.640 6.340 6.030 5.712 5.385 5.049 4.705 4.521 4.505 4.498 4.588 4.688 4.789 4.893 4.998 5.107 5.217 5.329 5.444 5.683 6.077 6.488 6.915 7.359 7.819 8.295 8.789 9.298 9.824 10.367 10.925 11.339 11.526 11.710 11.890 12.067 12.240 12.410 12.576 12.738 12.897 13.053 13.205 13.313 13.326 13.303 13.245 13.150 13.020 12.855 12.653 12.416 12.143 11.835 11.490 11.284 11.438
2.889 3.394 3.919 4.463 5.027 5.609 6.211 6.833 7.473 8.134 8.421 8.132 7.835 7.530 7.215 6.893 6.561 6.229 5.953 5.687 5.433 5.189 5.074 5.174 5.277 5.381 5.488 5.597 5.709 5.822 5.938 6.056 6.176 6.299 6.524 6.976 7.444 7.929 8.430 8.948 9.483 10.033 10.601 11.184 11.785 12.401 12.908 13.082 13.253 13.421 13.585 13.746 13.903 14.056 14.207 14.353 14.496 14.636 14.720 14.608 14.459 14.275 14.056 13.801 13.510 13.183 12.821 12.423 11.989 11.520 11.139 11.291
2.500 3.074 3.667 4.279 4.911 5.562 6.232 6.922 7.631 8.360 8.832 8.519 8.217 7.925 7.644 7.374 7.114 6.864 6.625 6.397 6.180 5.973 5.840 5.948 6.058 6.171 6.285 6.402 6.521 6.642 6.766 6.891 7.019 7.150 7.346 7.856 8.382 8.925 9.484 10.059 10.651 11.260 11.885 12.526 13.184 13.858 14.478 14.640 14.798 14.953 15.105 15.253 15.397 15.538 15.676 15.810 15.941 16.068 16.160 15.922 15.648 15.339 14.994 14.614 14.198 13.746 13.259 12.736 12.177 11.583 10.995 11.145
2.090 2.732 3.393 4.099 4.835 5.573 6.314 7.058 7.804 8.553 9.196 8.920 8.655 8.400 8.156 7.923 7.700 7.488 7.286 7.095 6.914 6.744 6.603 6.719 6.837 6.957 7.079 7.203 7.330 7.459 7.590 7.723 7.859 7.997 8.150 8.717 9.301 9.902 10.519 11.152 11.802 12.468 13.150 13.849 14.565 15.296 16.045 16.198 16.344 16.486 16.626 16.761 16.893 17.022 17.147 17.269 17.387 17.501 17.612 17.269 16.870 16.436 15.966 15.461 14.920 14.343 13.730 13.031 12.300 11.586 10.889 10.914
2.011 2.748 3.487 4.230 4.975 5.723 6.473 7.226 7.982 8.741 9.502 9.309 9.081 8.863 8.656 8.460 8.274 8.099 7.934 7.780 7.637 7.504 7.381 7.486 7.611 7.739 7.869 8.001 8.135 8.272 8.411 8.552 8.695 8.841 8.988 9.561 10.202 10.861 11.535 12.226 12.933 13.657 14.397 15.154 15.927 16.716 17.522 17.757 17.891 18.021 18.148 18.271 18.390 18.506 18.619 18.728 18.834 18.936 19.035 18.649 17.929 17.137 16.363 15.605 14.865 14.142 13.436 12.748 12.076 11.422 10.785 10.654
2.109 2.856 3.605 4.357 5.112 5.869 6.629 7.392 8.157 8.925 9.696 9.686 9.495 9.314 9.144 8.985 8.836 8.698 8.570 8.453 8.347 8.251 8.166 8.249 8.383 8.518 8.656 8.795 8.937 9.082 9.228 9.377 9.528 9.681 9.836 10.386 11.085 11.801 12.533 13.281 14.046 14.828 15.625 16.439 17.270 18.117 18.980 19.318 19.439 19.557 19.671 19.782 19.889 19.709 19.478 19.247 19.016 18.784 18.553 17.957 17.208 16.477 15.762 15.065 14.385 13.722 13.076 12.448 11.837 11.243 10.666 10.417
2.205 2.961 3.720 4.481 5.246 6.012 6.782 7.554 8.329 9.106 9.886 10.050 9.896 9.753 9.620 9.498 9.386 9.285 9.194 9.114 9.045 8.986 8.938 9.009 9.150 9.293 9.439 9.586 9.736 9.888 10.042 10.198 10.357 10.518 10.681 11.193 11.950 12.723 13.513 14.319 15.141 15.980 16.835 17.707 18.595 19.499 20.087 20.194 19.963 19.732 19.501 19.270 19.038 18.807 18.576 18.345 18.113 17.882 17.650 17.161 16.472 15.801 15.146 14.509 13.889 13.286 12.701 12.132 11.581 11.047 10.531 10.203
2.297 3.063 3.831 4.602 5.376 6.152 6.931 7.713 8.497 9.284 10.073 10.403 10.286 10.180 10.084 9.999 9.924 9.860 9.806 9.763 9.731 9.709 9.697 9.766 9.915 10.065 10.218 10.373 10.531 10.690 10.852 11.016 11.182 11.351 11.521 11.982 12.796 13.627 14.455 15.159 15.829 16.466 17.069 17.638 18.174 18.675 19.144 19.293 19.062 18.831 18.600 18.369 18.138 17.906 17.675 17.444 17.212 16.981 16.749 16.349 15.720 15.109 14.515 13.938 13.378 12.835 12.309 11.801 11.310 10.836 10.379 10.012
2.386 3.161 3.939 4.719 5.503 6.288 7.077 7.868 8.662 9.458 10.257 10.745 10.665 10.595 10.536 10.488 10.450 10.423 10.406 10.400 10.405 10.419 10.445 10.519 10.675 10.834 10.994 11.157 11.322 11.490 11.659 11.835 12.002 12.140 12.248 12.528 13.215 13.868 14.488 15.074 15.626 16.145 16.630 17.082 17.500 17.885 18.235 18.395 18.163 17.932 17.701 17.470 17.239 17.007 16.776 16.544 16.313 16.081 15.849 15.522 14.953 14.402 13.868 13.351 12.851 12.368 11.902 11.454 11.023 10.609 10.212 9.843
2.471 3.256 4.044 4.834 5.626 6.421 7.219 8.020 8.823 9.629 10.437 11.074 11.031 10.999 10.977 10.965 10.964 10.974 10.994 11.025 11.066 11.118 11.180 11.269 11.493 11.763 12.003 12.214 12.396 12.548 12.670 12.763 12.827 12.861 12.865 12.947 13.516 14.052 14.554 15.023 15.458 15.859 16.227 16.561 16.861 17.128 17.362 17.497 17.266 17.035 16.803 16.572 16.341 16.109 15.878 15.646 15.414 15.183 14.951 14.679 14.171 13.679 13.205 12.748 12.308 11.885 11.480 11.091 10.720 10.366 10.029 9.696
2.554 3.348 4.145 4.944 5.746 6.551 7.359 8.169 8.981 9.797 10.615 11.392 11.385 11.390 11.405 11.430 11.466 11.506 11.595 11.747 11.962 12.241 12.583 12.980 13.176 13.342 13.479 13.586 13.664 13.712 13.731 13.721 13.681 13.611 13.512 13.400 13.852 14.270 14.655 15.006 15.323 15.607 15.857 16.074 16.257 16.407 16.523 16.601 16.370 16.138 15.907 15.676 15.444 15.213 14.981 14.749 14.517 14.286 14.054 13.821 13.373 12.941 12.527 12.130 11.750 11.387 11.041 10.713 10.401 10.107 9.830 9.570
2.633 3.437 4.243 5.052 5.863 6.678 7.494 8.314 9.136 9.961 10.675 11.313 11.314 11.309 11.367 11.488 11.673 11.920 12.232 12.606 13.043 13.544 14.108 14.736 14.887 14.950 14.983 14.987 14.961 14.906 14.821 14.707 14.564 14.391 14.188 13.956 14.221 14.522 14.789 15.023 15.223 15.389 15.522 15.622 15.688 15.720 15.719 15.684 15.475 15.244 15.012 14.781 14.549 14.317 14.085 13.854 13.622 13.390 13.158 12.926 12.559 12.188 11.833 11.496 11.176 10.873 10.587 10.318 10.067 9.832 9.615 9.414
2.709 3.522 4.338 5.228 6.062 6.840 7.562 8.228 8.837 9.390 9.887 10.328 10.550 10.767 11.047 11.391 11.797 12.267 12.800 13.396 14.056 14.779 15.564 16.413 16.628 16.587 16.516 16.417 16.287 16.129 15.941 15.723 15.476 15.200 14.894 14.559 14.624 14.807 14.957 15.074 15.156 15.206 15.221 15.204 15.152 15.068 14.949 14.798 14.582 14.350 14.118 13.887 13.655 13.423 13.191 12.960 12.728 12.496 12.264 12.031 11.730 11.419 11.124 10.847 10.586 10.343 10.117 9.936 9.810 9.691 9.581 9.479
3.634 4.440 5.189 5.882 6.519 7.100 7.624 8.093 8.505 8.861 9.161 9.404 9.719 10.158 10.661 11.226 11.854 12.546 13.301 14.119 15.000 15.944 16.952 18.022 18.396 18.252 18.078 17.875 17.642 17.380 17.089 16.768 16.418 16.038 15.629 15.190 15.061 15.127 15.159 15.158 15.124 15.056 14.955 14.820 14.651 14.450 14.214 13.946 13.689 13.458 13.226 12.994 12.763 12.531 12.299 12.067 11.835 11.603 11.370 11.138 10.938 10.784 10.637 10.499 10.368 10.246 10.131 10.025 9.927 9.837 9.755 9.681
4.941 5.549 6.101 6.597 7.037 7.420 7.747 8.019 8.234 8.393 8.496 8.542 8.822 9.482 10.206 10.993 11.844 12.757 13.733 14.773 15.875 17.041 18.270 19.562 20.193 19.946 19.668 19.362 19.026 18.660 18.266 17.842 17.388 16.905 16.393 15.851 15.531 15.480 15.395 15.277 15.126 14.941 14.722 14.470 14.185 13.866 13.514 13.128 12.799 12.567 12.335 12.103 11.871 11.700 11.567 11.437 11.310 11.186 11.065 10.947 10.823 10.696 10.578 10.468 10.365 10.271 10.185 10.107 10.037 9.975 9.921 9.875
6.308 6.719 7.074 7.372 7.615 7.801 7.932 8.006 8.024 7.986 7.892 7.742 7.857 8.740 9.685 10.694 11.765 12.900 14.098 15.359 16.683 18.070 19.520 21.033 22.019 21.668 21.287 20.877 20.438 19.970 19.472 18.945 18.388 17.802 17.187 16.542 16.035 15.867 15.665 15.430 15.161 14.859 14.524 14.155 13.753 13.317 12.874 12.462 12.154 12.017 11.883 11.751 11.623 11.497 11.375 11.255 11.138 11.024 10.913 10.805 10.700 10.602 10.511 10.429 10.355 10.289 10.231 10.181 10.139 10.105 10.079 10.061
7.735 7.948 8.106 8.208 8.253 8.243 8.177 8.054 7.876 7.641 7.350 7.004 6.826 7.930 9.097 10.327 11.620 12.976 14.395 15.877 17.422 19.030 20.701 22.435 23.873 23.419 22.935 22.422 21.879 21.308 20.707 20.076 19.417 18.728 18.009 17.262 16.572 16.287 15.968 15.445 14.926 14.438 13.980 13.553 13.157 12.790 12.455 12.150 11.899 11.772 11.647 11.526 11.408 11.292 11.180 11.070 10.964 10.860 10.759 10.661 10.569 10.499 10.437 10.383 10.337 10.299 10.269 10.247 10.233 10.227 10.229 10.240
9.214 9.238 9.199 9.104 8.953 8.745 8.482 8.163 7.788 7.357 6.870 6.327 5.728 7.053 8.441 9.892 11.406 12.984 14.624 16.327 18.093 19.921 21.813 23.768 25.755 25.198 24.611 23.995 23.349 22.675 21.971 21.229 20.075 18.941 17.827 16.731 15.668 15.165 14.692 14.249 13.837 13.456 13.105 12.784 12.494 12.235 12.006 11.807 11.640 11.524 11.410 11.298 11.190 11.085 10.983 10.883 10.787 10.693 10.602 10.514 10.431 10.389 10.355 10.329 10.311 10.301 10.299 10.305 10.319 10.341 10.372 10.410
10.621 10.587 10.352 10.060 9.712 9.308 8.849 8.333 7.762 7.134 6.451 5.711 4.916 6.109 7.719 9.391 11.126 12.924 14.785 16.709 18.695 20.745 22.858 25.033 27.177 26.348 25.147 23.964 22.801 21.658 20.533 19.428 18.343 17.276 16.229 15.202 14.193 13.726 13.360 13.024 12.719 12.444 12.199 11.985 11.802 11.649 11.527 11.435 11.373 11.273 11.169 11.068 10.970 10.875 10.783 10.693 10.607 10.523 10.443 10.365 10.290 10.271 10.265 10.267 10.277 10.295 10.321 10.356 10.398 10.448 10.506 10.573
12.005 11.997 11.564 11.076 10.532 9.932 9.276 8.564 7.796 6.972 6.093 5.157 4.166 5.099 6.929 8.822 10.778 12.801 14.787 16.673 18.457 20.140 21.721 23.202 24.581 24.125 22.991 21.876 20.781 19.705 18.648 17.611 16.593 15.594 14.615 13.654 12.714 12.258 11.999 11.770 11.571 11.402 11.265 11.157 11.080 11.034 11.018 11.032 11.077 11.020 10.926 10.835 10.747 10.662 10.580 10.501 10.425 10.351 10.281 10.213 10.148 10.146 10.168 10.198 10.236 10.282 10.336 10.398 10.469 10.547 10.633 10.728
13.367 13.465 12.837 12.152 11.412 10.616 9.763 8.855 7.891 6.872 5.998 5.278 4.474 5.245 7.283 9.219 11.054 12.788 14.421 15.953 17.383 18.713 19.941 21.068 22.094 21.885 20.819 19.771 18.744 17.735 16.746 15.776 14.826 13.894 12.982 12.090 11.216 10.762 10.609 10.486 10.394 10.332 10.300 10.299 10.329 10.389 10.479 10.600 10.751 10.764 10.681 10.600 10.522 10.447 10.375 10.306 10.240 10.177 10.116 10.059 10.004 10.013 10.063 10.121 10.187 10.261 10.343 10.433 10.532 10.638 10.752 10.875
14.707 14.994 14.169 13.622 13.194 12.683 12.088 11.409 10.646 9.800 8.869 7.855 6.756 6.754 8.438 10.021 11.502 12.883 14.162 15.341 16.418 17.394 18.269 19.043 19.716 19.628 18.629 17.650 16.689 15.748 14.827 13.924 13.041 12.177 11.333 10.508 9.702 9.236 9.189 9.173 9.187 9.232 9.307 9.412 9.548 9.714 9.911 10.138 10.395 10.506 10.433 10.362 10.294 10.230 10.168 10.109 10.053 9.999 9.949 9.901 9.857 9.872 9.950 10.036 10.130 10.232 10.342 10.461 10.595 10.756 10.936 11.135
18.598 19.834 19.280 18.641 17.919 17.113 16.224 15.250 14.193 13.052 11.827 10.519 9.126 8.369 9.700 10.929 12.057 13.085 14.011 14.836 15.560 16.183 16.706 17.127 17.447 17.354 16.423 15.511 14.618 13.744 12.890 12.055 11.240 10.443 9.666 8.908 8.169 7.681 7.741 7.831 7.951 8.102 8.284 8.495 8.737 9.010 9.313 9.646 10.010 10.246 10.182 10.122 10.064 10.009 9.958 9.909 9.863 9.819 9.779 9.742 9.707 9.715 9.811 9.925 10.058 10.210 10.381 10.570 10.778 11.004 11.250 11.514
23.672 25.528 24.679 23.746 22.730 21.629 20.445 19.178 17.826 16.391 14.872 13.270 11.583 10.090 11.068 11.944 12.719 13.393 13.967 14.439 14.811 15.081 15.251 15.319 15.287 15.063 14.199 13.355 12.529 11.723 10.936 10.169 9.421 8.691 7.982 7.291 6.620 6.097 6.263 6.460 6.687 6.944 7.231 7.549 7.897 8.276 8.685 9.124 9.594 9.983 9.929 9.879 9.831 9.787 9.847 9.938 9.973 9.954 9.880 9.752 9.569 9.425 9.586 9.765 9.963 10.180 10.416 10.670 10.943 11.234 11.545 11.873
