DATA/SHG/ECMWF/20170628/EN-36/20170703.en-36.asc
ncols        190
nrows        64
xllcorner    -5100000.000000000000
yllcorner    4130000.000000000000
cellsize     10000.000000000000
NODATA_value  -99999.000
[rows 32 to 63 of 64, columns 74 to 147 of 190]
1.586 1.784 1.973 2.155 2.330 2.496 2.655 2.805 2.948 3.084 3.211 3.321 3.383 3.451 3.527 3.610 3.701 3.798 3.902 4.014 4.137 4.270 4.409 4.672 5.352 6.042 6.742 7.453 8.175 8.906 9.649 10.401 11.164 11.938 12.722 13.143 12.872 12.609 12.354 12.106 11.866 11.633 11.408 11.440 12.162 12.856 13.522 14.454 15.632 16.703 17.668 18.527 19.281 19.928 20.469 20.904 21.233 21.456 21.572 22.289 23.380 24.358 25.221 25.971 26.607 27.130 27.538 27.833 28.014 28.081 28.035 27.536 26.879 26.217
1.385 1.555 1.718 1.873 2.020 2.160 2.291 2.415 2.531 2.639 2.740 2.832 2.918 3.012 3.113 3.221 3.336 3.458 3.587 3.723 3.871 4.029 4.192 4.417 5.143 5.880 6.627 7.384 8.152 8.930 9.719 10.518 11.327 12.147 13.221 14.922 15.741 16.533 17.297 18.033 18.742 19.423 20.077 20.703 21.301 21.872 22.416 23.028 23.735 24.337 24.833 25.222 25.506 25.684 25.756 25.721 25.581 25.335 24.983 25.078 25.666 26.141 26.502 26.750 26.883 26.904 26.810 26.603 26.282 25.847 25.299 24.641 23.960 23.274
1.191 1.335 1.471 1.599 1.719 1.831 1.936 2.033 2.121 2.203 2.276 2.342 2.448 2.567 2.692 2.825 2.964 3.111 3.265 3.426 3.598 3.781 3.970 4.164 4.923 5.800 7.122 8.585 10.190 11.937 13.825 15.855 18.027 20.340 22.795 25.187 25.883 26.551 27.192 27.805 28.391 28.950 29.480 29.983 30.459 30.907 31.328 31.702 31.940 32.073 32.099 32.020 31.834 31.543 31.146 30.643 30.033 29.318 28.498 27.979 28.065 28.038 27.897 27.642 27.274 26.792 26.197 25.488 24.665 23.729 22.679 21.757 21.051 20.340
1.005 1.122 1.231 1.332 1.425 1.510 1.588 1.658 1.720 1.774 1.820 1.859 1.973 2.116 2.266 2.423 2.587 2.959 3.617 4.251 4.818 5.320 5.804 6.270 7.764 9.571 11.519 13.609 15.840 18.213 20.728 23.384 26.182 29.121 32.202 35.424 36.042 36.587 37.105 37.595 38.058 38.494 38.901 39.282 39.634 39.960 40.257 40.478 40.247 39.910 39.468 38.919 38.265 37.505 36.639 35.667 34.590 33.406 32.117 30.992 30.577 30.048 29.405 28.649 27.779 26.795 25.698 24.488 23.164 21.726 20.175 18.881 18.151 17.414
0.827 0.916 0.998 1.072 1.138 1.197 1.247 1.290 1.325 1.352 1.644 2.245 2.915 3.609 4.279 4.925 5.549 6.148 6.724 7.277 7.762 8.181 8.583 8.965 10.745 13.178 15.753 18.469 21.326 24.325 27.466 30.747 34.171 37.735 41.442 45.289 46.218 46.640 47.035 47.403 47.743 48.055 48.340 48.598 48.828 49.030 49.205 49.352 48.654 47.849 46.938 45.921 44.798 43.570 42.235 40.795 39.249 37.598 35.840 34.119 33.201 32.171 31.026 29.769 28.398 26.913 25.315 23.603 21.778 19.840 17.788 16.015 15.260 14.499
0.656 0.718 0.773 1.141 1.787 2.420 3.040 3.647 4.241 4.821 5.388 5.942 6.531 7.143 7.731 8.296 8.837 9.355 9.849 10.320 10.722 11.060 11.378 11.678 13.564 16.623 19.823 23.165 26.648 30.272 34.038 37.945 41.994 46.184 50.515 54.987 56.411 56.710 56.983 57.227 57.445 57.634 57.797 57.931 58.039 58.118 58.171 58.195 57.163 55.889 54.510 53.025 51.434 49.737 47.935 46.027 44.013 41.893 39.668 37.357 35.939 34.407 32.761 31.003 29.130 27.145 25.046 22.834 20.508 18.069 15.516 13.158 12.378 11.592
3.337 3.976 4.602 5.216 5.816 6.403 6.976 7.537 8.084 8.618 9.140 9.647 10.164 10.694 11.200 11.683 12.143 12.579 12.991 13.381 13.700 13.955 14.191 14.409 16.220 19.904 23.730 27.697 31.805 36.055 40.446 44.978 49.651 54.466 59.422 64.519 66.621 66.798 66.947 67.069 67.164 67.231 67.271 67.283 67.268 67.225 67.154 67.057 65.773 64.031 62.184 60.230 58.172 56.007 53.737 51.361 48.880 46.293 43.600 40.802 38.788 36.756 34.609 32.350 29.977 27.491 24.891 22.179 19.352 16.413 13.360 10.310 9.505 8.807
7.557 8.150 8.730 9.297 9.851 10.392 10.919 11.434 11.935 12.423 12.898 13.360 13.814 14.262 14.686 15.088 15.465 15.820 16.151 16.458 16.696 16.868 17.022 17.157 18.714 23.024 27.474 32.066 36.799 41.673 46.689 51.845 57.143 62.582 68.162 73.883 76.849 76.903 76.930 76.929 76.901 76.846 76.763 76.652 76.514 76.349 76.156 75.936 74.484 72.274 69.959 67.538 65.012 62.380 59.642 56.799 53.850 50.796 47.636 44.371 41.751 39.217 36.571 33.811 30.872 27.759 24.679 21.632 18.619 15.640 12.694 9.781 9.131 8.634
11.784 12.331 12.865 13.386 13.893 14.388 14.870 15.338 15.793 16.235 16.664 17.080 17.480 17.847 18.190 18.509 18.805 19.078 19.327 19.553 19.709 19.798 19.870 19.922 21.046 25.980 31.056 36.272 41.629 47.128 52.767 58.548 64.470 70.533 76.737 83.082 87.093 87.025 86.930 86.806 86.656 86.478 86.272 86.040 85.779 85.492 85.176 84.834 83.296 80.619 77.836 74.948 71.954 68.855 65.650 62.149 57.964 53.801 49.658 45.536 42.090 38.990 35.923 32.889 29.889 26.922 23.989 21.090 18.223 15.391 12.592 9.826 8.945 8.458
16.091 16.519 17.007 17.481 17.943 18.392 18.827 19.249 19.658 20.054 20.437 20.807 21.164 21.448 21.710 21.947 22.162 22.353 22.520 22.665 22.738 22.746 22.735 22.705 23.216 28.775 34.474 40.315 46.296 52.418 58.682 65.086 71.632 78.318 85.145 92.114 97.356 97.165 96.947 96.701 96.428 96.128 95.800 95.445 95.062 94.652 93.980 92.157 89.407 85.166 80.947 76.748 72.571 68.415 64.280 60.166 56.073 52.001 47.951 43.921 40.488 37.534 34.614 31.727 28.874 26.054 23.267 20.515 17.795 15.109 12.457 9.838 8.756 8.280
20.533 20.714 21.155 21.584 22.000 22.402 22.792 23.168 23.531 23.881 24.218 24.542 24.852 25.067 25.247 25.403 25.536 25.645 25.731 25.794 25.786 25.711 25.617 25.505 25.375 31.407 37.730 44.194 50.799 57.545 64.432 71.460 78.628 85.938 93.388 100.980 107.635 107.094 104.640 102.323 100.144 98.103 96.199 94.433 92.805 91.314 89.962 88.747 86.760 82.612 78.484 74.378 70.293 66.229 62.186 58.164 54.163 50.183 46.225 42.287 38.853 36.046 33.273 30.533 27.826 25.153 22.514 19.907 17.335 14.795 12.289 9.817 8.565 8.100
25.058 24.915 25.311 25.694 26.064 26.420 26.763 27.094 27.411 27.715 28.006 28.283 28.548 28.702 28.800 28.875 28.926 28.954 28.959 28.940 28.850 28.693 28.517 28.323 28.111 33.878 40.824 47.912 55.089 61.284 67.296 73.125 78.772 84.236 89.517 94.616 99.452 97.468 95.621 93.912 92.341 90.907 89.611 88.453 87.432 86.549 85.803 85.195 84.095 80.039 76.004 71.990 67.996 64.024 60.073 56.143 52.235 48.347 44.480 40.634 37.187 34.527 31.900 29.307 26.747 24.221 21.727 19.268 16.842 14.449 12.089 9.763 8.373 7.918
29.663 29.124 29.474 29.811 30.135 30.445 30.742 31.027 31.298 31.556 31.801 32.033 32.252 32.355 32.371 32.364 32.334 32.281 32.204 32.104 31.476 30.817 30.173 29.545 28.933 33.194 39.133 44.889 50.463 55.855 61.063 66.090 70.933 75.594 80.073 84.369 88.482 87.705 86.465 85.364 84.400 83.573 82.884 82.333 81.919 81.643 81.504 81.503 81.412 77.448 73.505 69.583 65.681 61.801 57.942 54.104 50.287 46.491 42.717 38.963 35.490 32.976 30.496 28.049 25.636 23.256 20.909 18.596 16.316 14.070 11.857 9.678 8.178 7.734
34.350 33.341 33.644 33.935 34.213 34.477 34.729 34.967 35.192 35.405 35.604 35.790 35.963 35.339 34.585 33.850 33.135 32.441 31.765 31.110 30.489 29.899 29.324 28.766 28.222 31.184 36.320 41.273 46.044 50.633 55.039 59.262 63.303 67.162 70.838 74.332 77.643 77.804 77.172 76.678 76.321 76.101 76.019 76.074 76.267 76.597 77.064 77.669 78.412 74.839 70.988 67.157 63.348 59.560 55.793 52.047 48.322 44.618 40.935 37.273 33.761 31.394 29.060 26.760 24.493 22.259 20.059 17.892 15.759 13.659 11.592 9.559 7.981 7.547
39.119 37.564 37.822 38.067 38.298 38.517 37.800 37.112 36.470 35.876 35.328 34.827 34.372 33.856 33.170 32.504 31.858 31.231 30.625 30.038 29.485 28.964 28.459 27.969 27.495 29.380 33.713 37.863 41.832 45.618 49.221 52.643 55.882 58.939 61.813 64.505 67.015 67.767 67.742 67.854 68.103 68.490 69.014 69.676 70.475 71.411 72.484 73.695 75.044 72.212 68.452 64.714 60.997 57.300 53.625 49.971 46.337 42.725 39.134 35.564 32.014 29.780 27.593 25.439 23.318 21.231 19.177 17.156 15.169 13.216 11.295 9.408 7.782 7.359
41.577 38.483 37.723 37.010 36.343 35.724 35.151 34.624 34.145 33.712 33.326 32.986 32.693 32.357 31.739 31.142 30.564 30.006 29.467 28.949 28.465 28.013 27.577 27.156 26.751 27.779 31.310 34.659 37.825 40.809 43.611 46.231 48.668 50.924 52.997 54.887 56.596 57.593 58.174 58.892 59.748 60.741 61.871 63.138 64.543 66.085 67.764 69.581 71.535 69.566 65.899 62.252 58.627 55.022 51.438 47.876 44.334 40.814 37.314 33.836 30.378 28.134 26.093 24.086 22.111 20.170 18.263 16.388 14.547 12.740 10.966 9.225 7.581 7.168
38.099 34.985 34.387 33.836 33.331 32.873 32.462 32.097 31.779 31.508 31.283 31.105 30.973 30.841 30.292 29.763 29.254 28.764 28.294 27.844 27.429 27.046 26.679 26.327 25.991 26.384 29.113 31.660 34.025 36.207 38.208 40.026 41.663 43.117 44.389 45.479 46.387 47.282 48.469 49.793 51.255 52.853 54.589 56.462 58.472 60.620 62.904 65.326 67.885 66.903 63.327 59.772 56.238 52.725 49.233 45.763 42.313 38.884 35.476 32.089 28.723 26.457 24.562 22.701 20.873 19.078 17.316 15.588 13.898 12.239 10.597 8.971 7.362 6.887
34.538 31.745 31.012 30.622 30.279 29.983 29.733 29.530 29.373 29.263 29.200 29.183 29.213 29.290 28.829 28.368 27.927 27.506 27.104 26.722 26.376 26.062 25.764 25.481 25.214 25.192 27.120 28.866 30.430 31.812 33.011 34.029 34.865 35.519 35.990 36.280 36.388 36.835 38.627 40.557 42.624 44.828 47.169 49.647 52.262 55.015 57.904 60.931 64.095 64.221 60.737 57.274 53.831 50.410 47.010 43.631 40.273 36.935 33.619 30.338 27.143 24.914 23.213 21.528 19.859 18.207 16.571 14.951 13.347 11.760 10.188 8.633 7.094 6.538
30.891 28.427 27.597 27.369 27.187 27.052 26.964 26.922 26.927 26.979 27.077 27.221 27.412 27.650 27.350 26.958 26.585 26.232 25.898 25.584 25.307 25.062 24.832 24.619 24.421 24.238 25.332 26.277 27.040 27.622 28.021 28.239 28.274 28.128 27.800 27.290 26.598 26.251 28.648 31.183 33.855 36.664 39.610 42.693 45.913 49.270 52.764 56.395 60.164 61.521 58.128 54.765 51.437 48.147 44.893 41.675 38.494 35.349 32.241 29.170 26.135 23.853 22.222 20.609 19.011 17.429 15.864 14.315 12.782 11.265 9.764 8.280 6.812 6.179
27.161 25.025 24.143 24.076 24.056 24.082 24.155 24.275 24.441 24.654 24.913 25.219 25.571 25.970 25.855 25.531 25.226 24.941 24.676 24.430 24.221 24.045 23.885 23.740 23.611 23.497 23.748 23.893 23.857 23.638 23.237 22.655 21.891 20.945 19.818 18.508 17.017 15.530 18.532 21.672 24.948 28.382 32.651 36.840 40.950 44.981 48.933 52.805 56.598 58.726 55.486 52.282 49.115 45.984 42.890 39.832 36.811 33.826 30.878 27.966 25.091 22.777 21.217 19.674 18.147 16.636 15.142 13.663 12.201 10.755 9.325 7.911 6.514 5.810
23.346 21.538 20.649 20.744 20.885 21.073 21.307 21.588 21.915 22.289 22.709 23.176 23.690 24.250 24.344 24.087 23.851 23.634 23.437 23.260 23.119 23.012 22.921 22.845 22.784 22.740 22.369 21.714 20.878 19.860 18.660 17.278 15.715 14.742 13.847 12.987 12.165 11.378 15.204 19.363 23.443 27.444 31.365 35.208 38.971 42.655 46.260 49.785 53.232 55.889 52.809 49.765 46.757 43.786 40.852 37.954 35.092 32.267 29.479 26.727 24.011 21.686 20.197 18.725 17.268 15.828 14.404 12.997 11.605 10.230 8.870 7.527 6.201 5.431
19.448 17.967 17.116 17.372 17.674 18.023 18.419 18.860 19.349 19.884 20.465 21.093 21.768 22.489 22.816 22.628 22.460 22.311 22.182 22.073 22.001 21.963 21.940 21.933 21.918 21.922 21.317 20.327 19.373 18.456 17.575 16.730 15.921 15.148 14.412 13.712 13.048 12.421 15.391 19.203 22.936 26.590 30.165 33.661 37.077 40.415 43.673 46.852 49.952 52.973 50.097 47.213 44.365 41.554 38.779 36.041 33.339 30.674 28.045 25.452 22.896 20.580 19.162 17.760 16.375 15.005 13.652 12.315 10.994 9.689 8.401 7.128 5.872 5.042
15.465 14.312 13.543 13.960 14.424 14.934 15.490 16.093 16.743 17.439 18.181 18.970 19.805 20.687 21.273 21.153 21.009 20.869 20.757 20.672 20.638 20.650 20.684 20.740 20.818 20.917 20.570 19.739 18.945 18.186 17.464 16.778 16.128 15.515 14.938 14.396 13.892 13.423 15.663 19.128 22.515 25.822 29.050 32.199 35.269 38.260 41.172 44.005 46.758 49.433 47.351 44.626 41.938 39.287 36.671 34.093 31.551 29.045 26.575 24.143 21.746 19.459 18.112 16.781 15.466 14.167 12.884 11.618 10.368 9.133 7.915 6.714 5.528 4.643
11.398 10.572 9.931 10.510 11.134 11.805 12.523 13.286 14.097 15.038 15.995 16.916 17.802 18.651 19.291 19.192 19.119 19.075 19.058 19.068 19.130 19.238 19.368 19.520 19.694 19.889 19.784 19.112 18.476 17.877 17.314 16.787 16.296 15.841 15.423 15.041 14.695 14.385 16.019 19.138 22.178 25.139 28.021 30.823 33.547 36.192 38.757 41.244 43.651 45.979 44.570 42.005 39.477 36.985 34.529 32.110 29.727 27.381 25.071 22.797 20.560 18.360 17.047 15.786 14.542 13.314 12.102 10.906 9.726 8.562 7.415 6.284 5.169 4.235
7.247 6.749 6.644 7.664 8.713 9.726 10.704 11.645 12.551 13.420 14.254 15.052 15.814 16.540 17.189 17.184 17.207 17.258 17.335 17.441 17.598 17.802 18.029 18.277 18.546 18.838 18.958 18.445 17.969 17.528 17.124 16.756 16.424 16.128 15.868 15.645 15.458 15.307 16.460 19.232 21.926 24.540 27.076 29.533 31.910 34.209 36.428 38.569 40.630 42.613 41.755 39.350 36.981 34.648 32.352 30.092 27.869 25.682 23.531 21.417 19.339 17.298 15.967 14.777 13.603 12.445 11.304 10.179 9.069 7.976 6.899 5.839 4.794 3.816
6.154 6.121 6.062 6.820 7.746 8.636 9.490 10.309 11.091 11.837 12.548 13.222 13.861 14.464 15.031 15.154 15.272 15.418 15.591 15.791 16.044 16.344 16.666 17.010 17.376 17.764 18.093 17.739 17.422 17.140 16.894 16.685 16.512 16.375 16.274 16.209 16.181 16.188 16.984 19.411 21.758 24.027 26.217 28.327 30.359 32.311 34.185 35.980 37.695 39.332 38.905 36.659 34.450 32.277 30.140 28.039 25.975 23.948 21.956 20.001 18.083 16.201 14.872 13.753 12.649 11.562 10.491 9.436 8.398 7.375 6.369 5.378 4.404 3.463
5.779 5.656 5.506 6.012 6.814 7.581 8.312 9.007 9.666 10.289 10.876 11.427 11.943 12.422 12.866 13.101 13.314 13.555 13.823 14.118 14.466 14.863 15.281 15.721 16.183 16.666 17.172 16.994 16.835 16.712 16.625 16.575 16.560 16.582 16.640 16.734 16.864 17.030 17.593 19.674 21.676 23.598 25.442 27.207 28.893 30.500 32.027 33.477 34.847 36.138 36.021 33.935 31.884 29.870 27.893 25.952 24.047 22.178 20.346 18.551 16.791 15.068 13.762 12.713 11.688 10.702 9.735 8.787 7.859 6.950 6.060 5.190 4.339 3.508
5.430 5.215 4.975 5.237 5.916 6.560 7.167 7.739 8.275 8.775 9.239 9.667 10.060 10.416 10.737 11.026 11.334 11.669 12.032 12.423 12.866 13.359 13.873 14.409 14.966 15.546 16.147 16.210 16.209 16.245 16.317 16.425 16.569 16.749 16.965 17.218 17.506 17.831 18.286 20.021 21.677 23.254 24.752 26.171 27.512 28.773 29.956 31.059 32.084 33.030 33.103 31.176 29.284 27.430 25.611 23.832 22.107 20.419 18.769 17.157 15.583 14.046 12.816 11.875 10.954 10.052 9.170 8.307 7.463 6.639 5.834 5.048 4.281 3.534
5.105 4.800 4.469 4.497 5.053 5.573 6.057 6.506 6.919 7.295 7.637 7.942 8.211 8.445 8.642 8.928 9.331 9.761 10.219 10.704 11.243 11.832 12.441 13.073 13.727 14.402 15.099 15.386 15.544 15.739 15.969 16.235 16.538 16.877 17.252 17.662 18.109 18.592 19.112 20.453 21.763 22.995 24.147 25.221 26.216 27.132 27.969 28.734 29.426 30.047 30.215 28.466 26.755 25.082 23.446 21.848 20.288 18.765 17.281 15.834 14.424 13.053 11.894 11.038 10.202 9.384 8.586 7.808 7.048 6.308 5.588 4.886 4.204 3.542
4.806 4.410 3.988 3.790 4.223 4.620 4.982 5.307 5.597 5.851 6.069 6.251 6.397 6.508 6.583 6.807 7.305 7.830 8.383 8.963 9.597 10.281 10.987 11.715 12.464 13.235 14.028 14.523 14.840 15.193 15.582 16.006 16.467 16.965 17.498 18.067 18.672 19.314 19.968 20.925 21.877 22.758 23.567 24.304 24.970 25.563 26.086 26.536 26.915 27.222 27.369 25.786 24.240 22.731 21.261 19.828 18.433 17.075 15.755 14.473 13.229 12.022 10.955 10.183 9.431 8.698 7.984 7.290 6.615 5.960 5.323 4.706 4.109 3.530
4.532 4.045 3.532 3.118 3.428 3.702 3.940 4.143 4.309 4.440 4.535 4.595 4.618 4.606 4.558 4.664 5.257 5.877 6.524 7.199 7.929 8.708 9.510 10.333 11.178 12.045 12.933 13.621 14.096 14.606 15.147 15.718 16.321 16.954 17.618 18.313 19.039 19.796 20.584 21.316 21.954 22.521 23.016 23.439 23.791 24.071 24.280 24.416 24.481 24.475 24.396 23.069 21.688 20.345 19.039 17.771 16.541 15.348 14.194 13.076 11.997 10.955 9.996 9.309 8.642 7.993 7.364 6.754 6.163 5.592 5.040 4.507 3.994 3.500
4.283 3.706 3.102 2.480 2.667 2.818 2.933 3.013 3.056 3.064 3.037 2.973 2.874 2.739 2.568 2.498 3.185 3.900 4.642 5.412 6.328 7.302 8.260 9.202 10.127 11.036 11.928 12.708 13.322 13.968 14.644 15.351 16.089 16.858 17.658 18.489 19.350 20.243 21.166 21.784 22.108 22.361 22.542 22.652 22.690 22.657 22.551 22.374 22.126 21.806 21.414 20.317 19.101 17.922 16.781 15.678 14.613 13.585 12.595 11.642 10.728 9.850 9.020 8.417 7.834 7.270 6.725 6.199 5.693 5.206 4.738 4.290 3.861 3.451
