DATA/RAW-RASTER/ECMWF/20170628/EN-47/20170701.en-47.asc
ncols			31
nrows			16
xllcorner		69.5
yllcorner		19.5
cellsize		1.0
NODATA_value	-99999
0.03433 3.46375 3.28827 4.97818 8.14056 5.50079 4.50134 0.06104 0.20599 0.14877 2.03705 0.72861 0.21362 0.91934 1.21689 1.20544 1.42288 1.28174 2.42615 4.14658 2.42233 2.14386 4.94003 5.68008 3.15857 0.58365 0.74768 2.39563 4.16565 12.74109 5.52750
0.00000 0.03052 2.14386 2.27356 6.03867 0.00763 1.08337 1.62506 0.40436 0.86975 2.07138 2.56729 5.95093 5.82886 2.17438 3.23868 2.55585 1.59073 6.36673 5.94330 5.27573 9.27353 7.82776 11.41739 15.65552 16.81519 11.81412 12.36725 17.37976 12.38632 8.29697
0.67520 0.21362 0.00000 0.07629 0.07248 2.17056 2.84195 0.45013 0.51117 0.67902 1.86920 2.92206 5.10788 15.63263 7.32803 7.50732 5.76019 4.05121 8.40759 3.00217 7.16019 4.54712 2.45667 10.79941 10.47897 12.95471 13.70239 20.01190 7.78961 12.18033 9.62067
0.84686 0.04578 0.00000 0.01526 0.10300 3.01743 5.08118 10.20050 0.13733 1.64032 2.27356 2.16675 6.89697 9.10568 6.71768 8.14056 18.63480 11.41357 5.29861 2.22778 3.73077 10.80704 5.57327 8.77380 13.45062 11.32965 10.63538 9.49860 10.44846 10.76126 9.66644
0.80872 0.59509 0.00000 0.00000 1.14059 3.23868 10.89478 10.91003 12.29858 8.95691 5.42068 4.28772 4.28772 2.72369 5.95856 6.94656 7.81631 7.56073 7.83157 5.69153 2.07520 1.99127 11.56616 11.88278 7.74384 3.43323 2.20490 4.59290 8.37326 12.03537 12.37488
0.97275 0.07248 0.85068 0.09918 0.86212 3.77655 8.91113 10.02884 21.84677 48.27499 19.18030 12.48932 6.62613 2.95258 0.52643 0.40436 1.70517 3.73459 9.60159 10.20050 16.57867 19.26804 17.81845 8.15201 9.21631 9.35745 6.22559 0.91934 6.94656 1.70517 2.08664
0.02289 0.01526 0.19073 0.36240 1.01852 3.76892 17.40265 14.31656 12.39395 4.15039 15.59067 13.14545 26.38245 4.02451 4.00162 1.81580 1.73187 2.29645 6.22559 4.94766 2.25449 7.92694 5.70297 8.81958 13.01575 97.62192 22.98737 11.07788 2.43378 2.29263 3.76892
0.05722 1.22833 1.81198 0.75531 3.42941 16.54434 17.16995 14.25171 3.37601 1.27029 2.05231 2.12860 5.79834 8.53729 12.24136 41.98837 17.63153 4.82941 9.65500 6.58798 3.11279 14.01901 17.31110 42.16003 71.55991 22.44568 39.15405 19.71054 39.55841 3.60870 2.70844
0.00000 0.38910 0.84686 6.16455 6.02341 16.75415 51.36490 16.62064 2.45285 0.93079 0.92697 0.94604 1.14441 3.18527 4.27246 9.99832 19.20319 42.70172 78.23563 44.71970 47.79816 146.11816 69.38934 38.69629 10.06699 59.61227 29.81949 72.37625 64.52560 6.33621 3.27682
0.00000 0.32043 1.16730 5.06592 16.12854 15.35797 51.89133 11.15417 2.76566 2.27737 1.15204 0.14877 0.14114 0.70953 2.76566 10.79941 13.86642 18.81790 27.57263 23.28110 32.94754 27.37808 94.35654 27.59171 11.21521 12.44354 34.27887 51.95999 33.98514 11.75690 12.29858
0.04578 0.08774 0.45776 7.80106 34.00803 38.71918 48.45428 16.78467 2.16675 0.38910 0.87357 0.54550 0.25940 0.12970 0.06866 1.28174 2.80762 12.00867 13.72147 34.40094 26.00098 41.25595 54.10767 7.49588 16.79993 21.21735 4.72260 11.11221 28.26691 10.24246 19.21844
0.22507 0.29373 1.64032 129.22668 38.81073 16.06750 20.69092 24.93668 4.75311 1.01852 1.53732 0.98419 1.20163 1.12915 1.72424 9.03702 6.12640 13.59940 33.19931 38.05161 30.03693 31.45981 6.10733 5.45883 16.04843 10.32639 2.19727 11.58524 12.43591 57.44171 19.47403
0.40817 1.46484 2.72369 12.68005 4.13132 1.53732 1.94931 2.91824 1.33133 0.35095 1.16348 0.51117 1.02234 2.07138 2.12097 8.86154 16.61682 45.01724 38.09738 21.03806 32.94373 32.84836 7.82013 6.66428 12.53128 10.16235 1.87683 4.63867 14.60266 23.20480 14.29367
0.59891 0.69046 0.03052 2.38419 5.13840 0.68283 2.14005 3.62396 0.38910 0.11826 3.02124 0.04196 0.09537 0.92697 5.80597 7.35092 8.12149 20.17975 18.24951 33.32901 23.73505 39.41345 16.59775 26.04675 14.67896 5.94330 1.03378 8.51822 24.12033 17.70782 24.90616
3.15857 0.64087 1.22452 9.87625 6.85883 4.50134 2.59018 2.03323 0.19455 1.22452 0.14877 0.00763 0.02289 0.15640 2.57492 7.08008 10.33401 6.47354 16.65115 38.23090 26.67618 28.58353 56.22864 45.78400 10.99014 4.39072 1.75095 3.47137 6.46210 27.96555 18.37540
7.20978 14.87350 26.12305 37.67395 12.31766 7.33948 7.81631 7.83920 1.75095 0.21744 1.48392 3.39508 1.13297 0.38528 0.21362 7.46918 20.58792 10.67734 25.51651 18.43262 26.45111 45.53986 48.68698 52.92892 75.16098 5.74112 9.09424 7.36618 5.31769 1.94550 8.67844
