DATA/RAW-RASTER/ECMWF/20170628/EN-47/20170706.en-47.asc
ncols			31
nrows			16
xllcorner		69.5
yllcorner		19.5
cellsize		1.0
NODATA_value	-99999
8.01849 0.45395 2.90298 0.58746 4.47845 2.54822 1.62506 0.06485 0.12589 0.03052 0.63324 1.03378 2.41089 2.85339 2.59018 2.95258 3.24631 1.15585 0.93460 1.85394 2.37656 1.31226 5.95093 9.02176 1.22070 0.98419 1.17111 0.67139 1.01852 0.66757 1.17874
0.61417 1.17111 7.37762 0.77057 2.51770 2.66266 1.43814 2.28882 0.62943 0.14496 0.91171 0.30899 0.43869 1.47247 3.45230 2.43759 2.63977 3.16620 3.87573 8.12149 6.02341 3.11661 1.92261 13.44299 5.26810 3.94440 0.49210 1.88446 0.82397 0.38528 1.17493
0.78583 4.26102 2.66647 1.20544 3.91388 7.08771 1.27792 0.32043 0.85449 0.04196 0.25558 0.62561 0.20218 0.04196 0.69046 1.57166 1.75858 6.05774 5.74493 3.82614 8.74710 16.68167 6.88171 9.84192 8.78143 3.17001 3.13568 6.19125 7.99179 5.94711 9.56726
3.46375 1.00708 4.88281 5.65720 5.37491 6.35529 1.05667 6.37817 0.03052 0.00381 0.00763 0.00381 0.00381 0.46539 1.68991 3.02505 12.80594 8.67462 12.82501 18.72253 17.80701 17.20428 13.43155 11.51657 8.84628 4.91333 8.18634 6.21033 10.89859 14.48822 15.20157
7.09534 3.88336 1.42670 5.62286 8.65936 10.68878 2.71225 3.28445 1.63651 0.60654 0.01526 0.86594 1.66321 4.26102 7.03049 9.52530 12.17651 18.86749 23.26965 18.29910 7.84683 12.22610 8.97980 9.85336 14.15634 14.32037 8.71277 5.89752 12.76016 9.72366 10.63919
5.73730 0.00000 0.69427 0.06485 0.54169 3.28064 4.80652 3.17764 4.74167 9.47189 22.12906 9.04083 5.83267 4.37927 11.32965 15.39993 16.87241 5.05066 11.05118 5.81360 6.08444 7.42722 7.88879 14.16779 20.61844 15.75851 12.57706 1.01089 6.32858 7.84302 8.79288
0.52261 0.09155 0.24033 0.04578 0.00000 0.16022 3.88336 3.71170 8.18634 3.41034 29.66309 34.15298 31.19278 14.96887 2.79236 1.80435 3.17383 5.21469 0.68665 8.68988 9.47571 3.87573 9.21249 14.01901 10.94055 17.28821 15.30075 10.89096 1.94550 1.14059 3.52859
0.00000 0.00381 0.00000 0.00000 0.03815 0.14114 1.35422 2.24686 1.91116 2.97546 9.00269 38.26904 24.99771 16.36505 23.41461 20.17975 14.39285 7.53021 12.84790 5.28336 20.37430 15.54489 9.23538 40.68375 13.81683 11.13510 33.26416 13.81302 27.74811 2.87628 1.73950
0.00000 0.00000 0.00763 0.16785 0.43488 0.22888 0.58365 3.69263 4.13132 8.49915 7.60651 24.55139 21.43097 9.40323 13.34381 17.70401 9.54819 53.58887 126.38855 29.90723 65.86838 10.97488 39.41727 10.02884 6.99615 2.08282 35.58350 54.66843 5.02014 2.14767 0.61035
0.01907 0.81635 0.85831 0.97275 0.59891 0.00000 0.59891 1.73950 6.80923 27.30942 35.68268 29.01077 13.02338 7.93076 11.39832 19.46259 4.39072 12.40540 13.16071 17.12418 10.85281 11.38306 77.57950 19.33670 33.48541 3.13568 14.91165 5.42450 8.05283 15.37704 7.58743
0.55313 1.22452 1.85013 1.56784 0.75531 0.59128 0.35477 3.34549 4.96292 16.53290 19.41681 23.49854 42.51099 8.53729 4.53949 6.87027 12.42065 17.55142 23.34595 7.91931 13.59940 14.75525 32.62329 40.41672 25.54703 9.49478 1.33133 8.98743 26.76010 5.10788 2.25449
1.20163 1.97601 2.89154 2.81525 1.38474 1.37711 0.69427 1.04904 0.59891 7.36618 6.03867 16.41846 26.29852 10.19287 2.73514 13.08441 15.12527 9.47571 14.04190 18.09692 23.03314 2.27356 1.62125 43.23196 12.20322 1.81961 1.65176 1.53351 6.74438 3.79562 4.05884
1.57928 1.39999 1.14059 4.21143 22.51816 6.97327 2.59399 4.34113 3.94058 12.45499 29.82330 19.76776 19.10400 8.68607 21.11053 22.89581 0.90790 8.70132 6.45065 13.38577 3.98636 17.30728 3.86810 24.23477 34.87778 1.81580 0.70953 1.64795 3.31497 3.62396 1.62506
1.57166 1.03760 1.14441 3.73459 4.79889 0.61035 0.99564 1.45721 11.48224 19.02008 14.51492 6.04248 8.54874 7.94220 14.18686 6.46973 7.48062 12.39777 16.27731 35.68268 14.53781 25.91324 21.12198 51.55182 2.12479 1.79672 0.48828 0.46921 6.56891 1.71280 0.51498
2.97928 2.70462 2.72751 5.35202 1.62506 1.74713 0.41962 4.84848 18.32962 36.89194 25.63095 12.25662 9.09042 3.73077 7.40433 6.61850 4.21143 1.24359 9.87244 14.99557 10.62775 11.83701 37.84180 27.70233 1.53732 0.92316 0.27847 0.29373 1.76620 0.90790 0.86212
2.00272 1.31607 5.08118 15.80429 0.78964 0.96893 6.05011 15.19394 24.28436 17.51709 16.52145 34.77478 3.22723 0.47684 2.36130 2.16293 1.86157 5.55801 4.63486 5.06973 10.00214 17.26532 41.98456 19.74106 8.25500 3.14713 1.57928 0.84686 0.38528 0.28992 0.95367
