DATA/RAW-RASTER/ECMWF/20170628/EN-47/20170630.en-47.asc
ncols			31
nrows			16
xllcorner		69.5
yllcorner		19.5
cellsize		1.0
NODATA_value	-99999
1.53732 2.57111 2.49863 3.10135 6.01196 5.74875 4.01306 8.31985 7.90024 2.47574 3.98636 6.97708 6.25610 8.82721 8.90350 11.12366 7.02667 4.31061 2.44522 4.03595 5.88608 1.46866 0.79727 3.50952 9.21249 9.47571 1.31607 8.48007 1.12534 0.60654 0.62180
0.33569 1.31989 0.03052 1.29700 1.17493 8.33130 30.26581 12.98904 6.69098 6.22559 3.18146 0.89645 3.01743 4.75311 2.23923 1.86539 0.36240 0.25558 0.77820 2.86865 1.88446 2.43759 2.52914 3.58963 2.37274 8.55255 7.54547 11.52802 3.15475 1.53351 1.15585
0.33569 0.18311 0.00000 0.22507 0.24033 195.00732 27.63367 6.86264 1.18637 0.70953 0.35477 1.35803 1.42670 2.29263 0.10681 0.14877 0.01907 0.17166 0.22888 0.40817 1.07956 1.59836 0.61417 4.13513 7.40051 4.25720 10.49805 6.54602 9.22775 4.20380 3.56674
2.10953 0.12589 0.00381 0.03052 4.73785 40.27939 10.02502 2.19727 5.43213 0.87738 0.87357 0.74005 0.79346 0.94986 0.88120 0.00000 0.00000 0.02670 0.11444 0.22125 1.59073 1.08337 3.31116 4.04358 5.25665 5.53513 5.00107 8.74329 12.47787 10.47134 3.70407
1.85394 0.11063 0.00763 0.41199 4.43649 11.26480 8.77380 6.77109 1.49918 6.38199 0.32806 0.16022 0.96893 0.16785 0.00000 0.00381 0.00000 0.20599 1.52588 0.72098 1.45340 6.83975 9.19724 7.41959 10.54764 4.76074 5.85556 17.25769 18.15796 8.22067 9.02176
4.36401 0.04196 0.00381 0.49210 13.13782 25.45547 5.56564 9.79996 54.35944 29.62112 10.06699 4.39072 0.50735 0.59128 0.04578 0.25558 1.27792 3.63159 1.48773 13.38959 9.70840 13.13019 4.60052 5.58853 6.02341 14.15253 6.99997 0.73242 13.40485 25.43259 12.57706
0.02670 0.03815 0.32806 3.60107 21.20590 12.65717 13.42773 1.79672 18.48984 51.83792 38.59329 14.46915 9.28497 1.47629 0.04196 2.00653 1.64795 9.01031 3.67355 11.40213 11.29532 10.84137 9.39560 6.49261 6.77109 34.95789 16.25061 10.84137 1.31989 8.89969 12.52747
0.07629 0.48065 1.40762 10.30350 17.53235 14.28986 18.35251 8.17871 7.40814 9.54056 14.07623 17.86423 13.84735 7.12967 13.22174 17.15851 11.13892 6.69098 9.10950 11.87897 6.31332 11.95526 5.82504 26.24893 26.10016 29.34647 97.31293 25.68817 9.23157 3.78418 4.12369
0.01526 1.19781 4.55475 23.07129 15.61356 7.91931 16.13998 0.89645 9.78470 13.26752 6.51932 12.33673 17.78793 10.74982 15.83481 21.99936 8.44193 12.27951 19.47403 27.74429 23.00644 25.98190 7.64084 11.85608 59.12399 28.57208 48.08426 31.42548 35.12192 9.83047 5.36346
0.13351 6.96945 6.64520 17.63916 4.38309 34.24454 7.54166 1.35040 0.90790 3.85666 0.70190 6.72150 7.74765 6.49261 16.04080 12.40540 16.18195 11.68823 8.72040 23.24295 18.63861 8.07571 52.20795 8.31985 1.93024 6.13022 33.39767 202.06070 72.66998 19.51599 8.60596
0.52643 10.90240 30.77698 19.71436 5.87845 1.34277 11.75308 1.77765 0.66376 0.38147 0.57602 32.67670 1.60599 1.42288 2.18582 5.18417 5.11551 9.71603 8.77762 6.23322 10.94055 13.46588 32.20367 12.47787 9.46808 6.55365 2.63214 9.51385 23.81897 9.94873 8.03375
0.72098 9.04846 40.92407 225.81482 93.20450 29.94919 42.58347 1.67465 0.22125 0.43488 0.42725 26.38626 1.83868 0.59509 2.07520 4.70734 6.54984 19.99283 19.34814 14.62555 18.45932 9.85718 1.30844 1.81961 10.99396 11.05499 5.98145 15.72418 11.10840 24.07837 4.05502
1.11389 5.27954 15.17868 23.20099 26.85928 14.14490 9.14001 2.56348 0.33188 0.31662 1.48010 1.06049 4.97055 4.49371 7.14874 5.44739 9.14001 18.87131 13.67950 19.55414 6.98853 12.17651 1.77765 6.30188 11.05881 0.49591 1.07574 10.47134 19.72961 23.57483 6.84738
2.95258 4.66919 19.37485 12.97760 5.03540 2.01416 1.73569 1.54114 0.82016 0.51117 2.73132 0.99564 1.44577 5.31769 6.24084 14.96124 4.06647 17.81464 7.59125 25.85983 8.65173 16.09802 4.89807 4.87137 6.99234 1.31989 1.04523 4.02832 13.95416 20.19501 26.45493
5.94330 10.66589 3.92914 7.18307 4.65393 0.41199 0.36240 0.64468 0.45395 2.94113 8.22067 0.76294 1.05286 5.62668 17.84515 6.66046 6.72531 2.84958 7.60269 21.86584 16.30783 17.07840 28.29361 11.76834 0.63324 0.37003 11.47842 0.92316 15.44952 9.74655 43.63251
13.82446 8.24356 23.45657 13.30185 3.65829 4.96292 1.52588 0.46158 0.55695 1.77765 3.42178 3.81470 4.34875 4.40979 3.47900 13.85498 13.79776 6.80923 17.38358 9.64355 21.13342 22.97211 21.12579 30.58243 26.54648 4.78745 16.67404 3.99780 4.82178 6.22559 21.51489
