DATA/RAW-RASTER/ECMWF/20170628/EN-47/20170704.en-47.asc
ncols			31
nrows			16
xllcorner		69.5
yllcorner		19.5
cellsize		1.0
NODATA_value	-99999
0.44632 3.22342 0.82016 0.20599 1.19019 0.32043 1.50299 0.63705 0.26703 0.01907 1.26266 0.89645 1.89590 6.37436 7.52640 3.48282 1.15967 4.72641 1.96838 8.79669 2.24686 5.79071 1.21307 4.97437 2.57492 2.19345 2.45667 3.69644 2.55585 3.14331 12.13455
0.66376 0.18311 0.00381 0.06485 2.03705 0.09155 0.41962 0.12589 0.14496 0.01526 0.78583 2.21634 2.79236 11.52420 5.67627 0.35095 1.07574 1.81961 4.45175 1.67465 4.82178 8.72040 4.55856 8.80432 9.23157 9.52148 10.37216 7.70187 10.32639 8.21304 4.93622
3.22723 1.88065 0.32043 1.23596 0.58746 2.07901 2.09427 0.38147 0.15259 0.00763 0.98038 2.11334 1.28174 4.64630 2.62070 1.67084 6.33621 4.58908 8.03757 5.45120 3.46756 5.03540 5.05066 11.87897 4.55856 1.13678 4.96292 4.42505 6.09970 16.59775 14.59503
0.77438 8.22449 1.06049 2.46048 0.89264 3.08228 2.36130 13.69476 0.10681 0.13351 0.08011 3.41797 1.88446 5.89752 5.05829 8.02994 5.60760 6.97708 5.51605 3.76129 9.33075 3.73459 5.13840 8.99887 3.73077 3.18909 2.87247 6.50024 13.16452 13.17215 5.61905
3.96347 2.12479 1.60217 0.34332 2.20871 2.63214 2.02942 4.04739 21.31271 3.85666 0.34332 2.12860 0.85449 0.25177 1.90353 2.86865 9.76562 10.68497 13.62228 9.23920 11.35254 11.91711 6.73676 3.71933 5.08118 5.75256 3.12805 8.49533 10.44083 11.26099 9.17053
4.23431 0.00763 0.13733 0.09537 0.71716 2.84958 8.15964 5.67627 15.83099 41.61835 8.75854 12.65335 2.75040 5.51224 1.84631 1.01471 0.74387 3.39890 5.18036 4.79889 1.88828 8.68607 7.53784 10.57053 9.65881 16.89529 5.55420 0.92697 8.49915 8.37708 11.53564
0.00000 0.00000 0.00000 0.01144 0.00381 0.47302 4.28009 7.54166 23.24677 10.00214 39.13116 6.41251 1.41144 9.80377 0.14114 0.87357 1.84250 6.76346 6.07681 4.63867 4.24194 17.81464 14.61411 9.63593 14.42337 53.57742 43.19763 8.61740 2.23541 5.00488 12.22992
0.00000 0.00763 0.00763 0.00763 0.05341 0.28229 0.77057 4.14276 26.62659 16.83426 7.40814 81.36749 2.22015 37.83417 14.83154 1.64032 5.50079 1.04523 0.23651 5.51605 7.85065 29.02985 20.95413 30.17426 18.61572 28.48434 22.00699 7.99179 10.65445 9.97925 16.02936
0.00000 0.00763 0.00763 0.06485 0.03433 0.68283 7.35855 33.69141 196.69724 8.81577 7.10297 8.19778 11.50894 8.48007 10.93292 19.72580 35.82382 35.20966 36.18622 63.28583 126.17493 248.04306 147.54868 31.44836 20.62607 14.22119 11.49368 11.30295 19.29092 11.18088 21.24786
0.04959 0.70572 0.89264 1.54114 1.11008 0.48447 1.37329 13.77106 5.86319 10.35690 22.82715 14.52637 5.40924 1.54495 6.44684 10.05936 15.22827 19.17648 29.62112 32.56989 11.40213 5.22995 18.17703 12.02774 14.34326 17.86041 24.84512 56.30493 103.43170 11.34872 11.17706
0.22888 0.59891 1.36185 0.67520 0.20599 0.22125 0.10300 2.91443 0.49973 1.89209 3.34930 19.42825 1.51443 1.28937 1.90353 6.00433 17.33780 37.47559 9.14764 5.32913 8.09860 21.58356 42.59872 18.62335 4.42123 27.69089 18.03970 26.14975 30.45654 21.27838 3.85666
0.35858 0.77057 3.16238 3.82614 2.36511 1.06049 1.88065 2.19345 3.62396 0.40436 2.55585 16.81519 6.56128 3.89099 3.54385 11.13892 25.76828 7.90405 5.05447 12.37869 11.62338 7.41959 1.10245 5.96237 9.97925 17.60864 9.75037 33.92410 21.74377 8.12912 11.29532
0.62180 0.82016 0.34714 2.15912 2.86865 1.66702 2.99072 4.32205 5.32913 7.98798 4.53949 4.33731 5.96619 7.40814 2.78854 12.08878 5.17273 8.22449 0.88882 11.11221 18.21518 18.39447 11.99722 29.85382 4.78745 3.54004 7.53403 16.50620 10.88333 14.99557 11.92474
1.75476 1.12915 0.16403 0.81635 5.22995 1.79291 4.02832 5.58853 3.79944 0.40054 0.51498 19.63806 20.84732 36.31210 7.42340 1.45340 1.04141 0.44632 3.35693 11.69205 10.32257 28.03421 25.63477 51.49460 6.61850 3.96729 3.43704 4.59671 26.23367 23.54431 28.50723
3.02505 4.07410 2.08664 4.12750 3.15094 1.40762 1.49155 3.25012 2.61307 2.96021 6.49643 1.61743 1.16730 3.73077 3.34549 20.86639 0.74387 0.14114 4.02451 3.52859 8.51822 21.34323 50.41122 49.09515 32.10831 2.26212 3.47519 3.72314 10.20813 47.68372 43.24722
1.87683 2.87247 3.73459 7.16400 0.56458 1.44958 0.94223 3.74222 4.81033 7.41196 16.19720 16.57486 1.94168 3.11661 7.26700 19.21082 13.71384 7.12585 2.48718 1.35040 7.11441 23.87238 27.16446 49.95728 50.29678 3.03268 5.80978 9.67407 7.29370 17.21573 12.08496
