DATA/RAW-RASTER/ECMWF/20170628/EN-47/20170708.en-47.asc
ncols			31
nrows			16
xllcorner		69.5
yllcorner		19.5
cellsize		1.0
NODATA_value	-99999
1.22070 0.25940 2.31934 4.11224 0.02289 0.01526 0.06104 0.03052 0.09155 0.19836 0.89264 0.02289 0.00000 0.00000 0.00000 0.00000 0.02289 0.09155 0.49591 0.97656 1.64795 2.00653 2.89917 3.46375 2.17438 4.45557 7.82776 4.38690 0.67902 0.51880 0.91553
0.00763 0.06866 3.89099 1.66321 3.03650 0.00000 0.60272 1.45721 0.12207 1.44958 3.67737 0.67139 0.77057 0.16022 0.28229 0.25940 0.06104 0.10681 0.14496 0.24414 0.62561 3.63922 3.70026 4.53949 6.66809 8.66699 5.56946 2.07520 0.29755 2.09808 3.35693
0.26703 2.10571 0.30518 0.86975 5.95093 2.84576 4.83704 0.04578 0.64087 2.69318 5.21088 4.26483 1.23596 1.57166 10.42175 11.01685 2.76947 0.22125 0.25940 0.43488 1.51825 3.05176 7.94983 16.16669 16.92963 12.81738 3.66974 0.88501 1.64795 2.24304 5.93567
0.50354 0.35095 0.01526 1.48010 2.87628 1.59454 3.33405 9.67407 1.82343 4.93622 9.33838 10.51331 2.20490 5.05066 7.88879 2.43378 8.48389 3.73840 2.39563 4.28772 2.91443 2.70844 5.54657 5.79071 7.55310 16.95251 10.94055 2.31171 4.57764 6.66809 2.73132
3.49426 1.14441 0.25177 0.40436 2.25067 3.14331 6.72150 17.63153 7.72095 6.05774 2.63214 3.18146 8.37708 11.25336 8.08716 16.48712 1.57928 3.33405 1.99127 2.46429 3.57819 5.35583 7.35474 3.37219 5.63812 9.21631 4.79126 5.46265 6.30188 15.04517 10.77271
1.18256 2.57874 0.61035 0.57983 1.96075 3.49426 19.63043 2.60925 7.46918 12.35199 3.95203 7.20978 2.60925 3.70789 4.53949 6.88934 7.46918 4.88281 6.86646 12.13837 9.20868 12.40540 9.55200 10.26917 8.43811 7.81250 3.79181 1.64032 10.53619 12.68768 20.05768
0.00000 5.64575 1.54877 0.28992 1.80817 4.37927 10.10132 6.36292 3.78418 4.18091 5.21088 14.19830 14.42719 9.56726 3.23486 5.56183 11.02448 11.42120 9.04083 10.68115 11.03210 8.39996 19.00482 6.64520 9.26971 5.88989 5.05066 2.56348 7.36237 27.27509 11.03973
0.00000 0.12970 0.26703 0.28229 2.46429 10.82611 20.55359 22.35413 6.69098 2.18201 1.43433 4.99725 3.02124 2.82288 3.93677 9.78851 10.50568 4.37164 2.13623 1.11389 0.67139 14.20593 8.94928 23.14758 42.49573 36.11755 9.39178 4.01306 11.41357 12.23755 10.35309
0.00000 0.00000 0.09155 0.54169 2.85339 6.28662 64.75067 23.23151 19.14215 3.97491 2.73132 2.94495 7.98798 4.20380 4.38690 12.80975 4.46320 2.70844 6.59180 9.95636 7.89642 5.80597 7.65228 13.03101 21.53778 5.55420 42.25159 15.81573 29.14429 4.01306 10.51331
0.00000 0.00000 0.00000 0.99945 3.07465 4.72260 23.83423 16.65497 16.85333 1.75476 1.11389 3.19672 6.82831 4.46320 7.40051 2.86865 6.21796 8.14819 7.74384 10.03265 7.04956 4.04358 8.81195 9.81140 3.76892 10.03265 16.96777 19.96613 14.53400 3.18146 0.91553
0.00000 0.03052 2.39563 1.86157 6.79779 5.26428 2.98309 37.62054 17.83752 1.35040 0.98419 1.51062 2.10571 5.76019 7.48444 1.15967 10.91003 6.51550 6.15692 18.73016 28.54156 17.60101 18.38684 8.14819 2.76947 27.06909 15.98358 22.87292 23.55194 2.86102 2.73132
0.05341 0.12970 0.19836 1.00708 0.83923 1.04523 0.68665 9.38416 4.38690 2.31934 1.17493 0.70190 2.83813 2.80762 6.03485 1.03760 0.58746 1.03760 31.86035 5.58472 3.75366 1.82343 3.81470 8.12531 4.65393 40.22217 11.26099 14.93835 8.19397 7.27844 12.96234
1.15204 2.21252 2.05231 2.19727 4.08173 1.86920 2.22015 4.31061 9.76562 0.59509 5.55420 0.91553 1.19781 1.57928 2.93732 0.24414 0.58746 1.51062 3.48663 4.24194 5.32532 3.59344 6.01959 6.62994 9.42230 4.07410 3.74603 13.00049 10.83374 19.79065 12.89368
3.47900 3.66974 3.70026 9.04846 14.67896 6.88934 3.42560 36.04889 22.43042 5.33295 11.90186 0.66376 0.32043 1.25885 0.98419 0.51880 2.57874 5.62286 1.41907 5.76019 1.27411 4.09698 4.91333 8.48389 1.54114 2.28882 1.20544 3.27301 13.88550 18.63861 7.20978
5.82123 9.86481 7.52258 41.30554 123.30627 37.38403 7.91168 7.86591 26.40533 11.70349 6.66046 2.92969 0.03815 0.80109 1.57166 2.15149 6.35529 1.72424 2.19727 2.02179 4.19617 3.00598 10.28442 5.81360 3.97491 0.98419 2.49481 2.79236 3.99780 16.87622 10.42175
10.14709 19.68384 31.61621 88.76038 87.60071 23.07892 10.20813 4.69208 24.70398 16.63971 9.63593 2.00653 0.51880 0.76294 3.27301 8.09479 5.88226 1.10626 2.38037 1.94550 2.09045 4.72260 6.27899 10.76508 12.98523 7.48444 14.18304 5.11932 1.54877 20.22552 18.99719
