DATA/RAW-RASTER/ECMWF/20170628/EN-47/20170710.en-47.asc
ncols			31
nrows			16
xllcorner		69.5
yllcorner		19.5
cellsize		1.0
NODATA_value	-99999
0.18311 0.32043 3.12042 1.69373 0.00000 0.00000 0.00000 0.02289 0.38147 1.95312 2.83051 3.59344 5.14984 4.75311 11.52039 16.90674 7.94220 2.08282 0.45776 0.44250 0.67139 0.77820 0.57983 1.25885 1.50299 1.66321 2.31934 2.05994 4.92859 1.35040 2.61688
0.00000 0.06104 6.04248 4.47083 4.32587 3.99780 2.35748 2.15912 1.11389 2.83813 10.49042 3.82996 5.00488 16.93726 18.76831 8.34656 4.29535 0.40436 0.41199 0.29755 0.25940 0.64087 0.01526 0.61035 0.99182 0.49591 0.57220 1.48773 1.25122 0.49591 1.34277
0.31281 0.44250 0.80872 2.35748 7.08008 6.18744 7.85828 1.14441 10.48279 5.94330 10.04791 9.52148 7.58362 8.72803 13.16071 6.94275 1.80817 0.06104 0.09918 0.06866 0.00000 0.00000 0.00000 0.00763 0.17548 0.45776 0.21362 0.70190 0.70953 2.47192 1.19781
0.96893 0.30518 0.58746 2.42615 7.21741 9.70459 11.03973 9.26971 2.77710 1.60980 10.97870 11.55090 10.86426 3.89099 3.21198 5.07355 7.65991 0.41199 0.67902 0.05341 0.00000 0.00000 0.00000 0.00000 0.00000 0.01526 0.84686 1.11389 0.92316 0.36621 0.47302
1.20544 0.03052 0.04578 0.94604 2.44141 6.48499 15.26642 17.95197 13.35144 0.92316 0.83160 7.84302 5.66101 4.61578 2.02179 8.67462 4.17328 3.41797 6.76727 1.40381 0.64087 0.01526 0.00000 0.00000 0.05341 0.14496 1.31226 0.61798 2.38800 3.21198 9.56726
1.03760 0.01526 0.00000 0.06104 2.12860 3.36456 15.51056 30.21240 30.49469 10.82611 26.67236 18.17322 8.98743 3.47137 12.71820 17.11273 8.76617 12.87842 12.52747 24.74213 14.48822 9.02557 2.29645 3.23486 8.68988 1.62506 2.18964 2.30408 4.90570 15.31982 18.31818
0.00763 0.00763 0.16022 0.68665 2.05994 6.10352 13.93127 3.80707 6.98853 10.13184 19.80591 25.10834 38.08594 32.62329 11.49750 9.84192 14.60266 10.58960 18.11218 12.78687 19.10400 18.33344 4.85992 5.12695 25.36774 18.92090 20.48492 10.08606 5.41687 12.79449 13.22937
0.98419 1.96838 2.11334 2.35748 7.43103 2.65503 0.85449 3.04413 8.19397 11.31439 12.29858 8.19397 14.01520 48.27881 43.39600 42.54913 21.39282 9.95636 11.33728 9.90295 11.19995 37.96387 21.65222 19.04297 60.56976 46.07391 37.14752 47.18018 59.02863 30.33447 15.45715
0.03052 1.19019 0.85449 4.09698 2.60925 1.76239 1.07574 0.85449 3.06702 8.23212 15.58685 24.54376 13.17596 23.18573 37.27722 21.82007 15.66315 19.70673 44.81506 61.57684 143.87512 61.27930 34.41620 26.87073 30.84564 31.63147 30.09796 90.84320 73.41766 46.29517 34.77478
0.05341 7.48444 4.05121 1.77002 2.52533 2.88391 1.57166 0.90790 1.81580 3.62396 6.83594 26.19171 28.48053 16.86096 13.79395 18.01300 20.58411 20.58411 20.89691 19.36340 7.17926 2.28882 13.54980 7.77435 15.96832 24.99390 29.02222 29.46472 31.93665 19.51599 29.26636
0.07629 0.02289 0.14496 1.06049 1.37329 0.83160 1.44196 1.02997 1.23596 3.60107 5.06592 4.65393 7.41577 11.45172 18.51654 20.15686 8.48389 12.71057 9.58252 9.35364 10.10895 13.68713 18.56232 8.07953 7.40051 6.10352 4.81415 8.85010 59.05151 24.49799 5.13458
0.07629 0.35858 1.02234 1.09100 0.63324 0.69427 0.77820 1.97601 1.54877 2.12860 6.40869 3.25012 12.18414 14.31274 13.83972 20.82825 3.76892 2.76184 1.02234 5.14221 2.25830 3.69263 6.70624 4.77600 5.02777 0.86975 2.75421 14.92310 31.92902 15.05280 11.23047
0.64850 0.62561 1.29700 2.13623 1.15967 1.79291 1.27411 1.54877 1.03760 1.01471 9.67407 9.07135 5.59998 18.55469 4.88281 12.37488 0.50354 2.49481 5.56946 5.76019 9.36890 2.77710 9.56726 10.80322 2.56348 0.17548 3.28827 3.64685 12.81738 8.49152 22.09473
2.00653 1.70135 1.95312 1.71661 1.32751 0.77820 0.76294 0.60272 1.04523 2.54059 10.92529 13.06915 8.23975 14.17542 17.59338 6.24847 4.79126 2.51770 2.38800 4.08173 1.19781 5.36346 2.69318 14.01520 1.81580 0.16022 0.35858 6.56891 6.32477 6.29425 7.19452
2.70081 2.62451 1.77002 5.68390 1.54877 0.87738 0.46539 0.21362 0.22125 7.58362 26.25275 9.08661 2.32697 5.39398 21.01135 18.67676 5.42450 5.11932 2.19727 1.67084 2.85339 7.24792 4.94385 2.15912 2.24304 1.15204 0.32043 0.19073 1.30463 2.71606 1.71661
3.97491 6.93512 8.02612 13.19885 1.38855 3.15094 1.56403 0.86975 0.46539 4.61578 20.95795 17.10510 14.38904 37.14752 15.83099 9.92584 3.38745 5.36346 5.35583 6.40869 8.32367 8.72803 8.19397 15.76233 6.94275 3.36456 2.67029 0.82397 0.99182 2.96021 1.24359
