DATA/RAW-RASTER/ECMWF/20170628/EN-47/20170705.en-47.asc
ncols			31
nrows			16
xllcorner		69.5
yllcorner		19.5
cellsize		1.0
NODATA_value	-99999
1.22833 4.53186 1.10626 0.31281 6.68716 0.84305 2.55203 2.83432 0.52643 0.00000 0.31662 1.84250 3.62015 2.05231 2.54440 1.87302 0.74768 0.14877 0.48447 2.90680 2.09045 4.15039 2.02179 0.48828 0.89264 7.95364 1.15204 0.33569 0.54169 1.11771 0.82016
0.74387 9.99451 2.20108 0.85449 0.49591 0.00381 0.34714 0.43488 0.66376 0.11063 0.14114 3.92532 2.38037 4.08936 4.92859 1.73187 2.57874 1.85776 4.27628 7.75528 2.81906 2.63214 1.04141 0.46158 9.07898 13.04626 5.51605 7.44629 7.77817 9.90677 13.30948
1.58310 4.95148 2.64740 5.89752 6.96945 7.64084 1.56784 0.09155 0.01526 0.00000 0.12207 0.23651 2.65121 1.91116 1.27411 0.69046 1.68228 2.04086 5.39780 2.94495 3.95966 4.89807 1.82343 0.68283 6.86264 18.15414 23.33832 14.85825 10.34927 18.74161 22.05276
5.03159 5.43213 5.87463 6.87790 13.64899 8.66318 4.53186 12.17270 0.03052 0.03052 0.01907 0.82779 1.15967 5.04684 1.96838 1.22833 3.00598 4.59671 6.62613 7.70187 6.78635 6.58417 8.11005 13.96179 21.81625 13.71384 12.95090 13.88168 12.19177 13.63754 11.92093
2.60925 0.00000 0.00000 0.19073 6.61087 7.41577 5.40924 0.69427 1.80817 0.26321 0.18692 1.99127 6.06155 6.71387 4.96292 14.34708 13.81683 17.85660 7.37762 7.36237 14.25934 18.78738 13.24844 9.27734 6.00815 4.24194 2.58636 5.48553 11.19614 16.52145 14.85825
1.28555 0.00000 0.00000 0.00000 0.18692 0.80490 3.37601 2.21634 2.82669 8.62122 16.45279 6.08063 5.34439 1.61743 3.08990 4.91714 1.60599 7.38144 12.72583 9.23157 6.77490 10.25391 7.32422 15.35034 6.49261 19.01627 10.65826 2.83813 10.06317 11.89804 9.20868
0.19836 0.00000 0.00000 0.00000 0.00000 0.13733 1.25122 2.22778 5.38254 10.02121 17.55524 33.80966 21.54541 9.05228 0.34714 2.44904 1.43051 1.93787 1.06812 3.44086 9.77707 12.32529 5.22232 6.85883 10.75363 56.75125 46.87119 23.44894 12.35962 14.66751 12.99667
0.00000 0.00000 0.00000 0.00000 0.01144 0.05341 0.27466 2.25830 4.17328 8.37326 36.96060 27.66800 13.50021 47.66846 8.76999 26.06964 13.43155 2.42233 5.91660 23.08655 19.21082 31.58951 16.42990 34.21021 18.05878 15.36179 48.49243 30.99060 41.09192 15.42282 21.12198
0.00000 0.00000 0.00381 0.00763 0.06485 0.04196 0.08774 4.22287 10.93292 20.84732 24.11652 36.31973 15.44189 5.82504 7.80487 4.47464 24.78790 34.25598 32.33719 155.29251 186.05042 145.37048 84.37347 13.71002 25.31052 6.80923 45.96710 100.77667 52.30331 18.72253 16.32309
0.02289 0.22507 0.30518 0.67520 0.68665 0.00763 0.01907 0.21362 9.24683 22.09854 19.74487 31.85654 23.59390 9.86481 4.61197 7.11060 10.02121 16.05606 15.25116 15.81955 13.57651 22.45712 21.12579 2.80380 13.84735 21.03806 71.46835 111.37009 26.80588 17.10892 11.44409
0.38528 0.42725 1.15585 0.80109 0.06485 0.34332 0.15640 1.58691 6.92368 14.52637 15.00702 22.97211 25.09689 7.94601 6.13785 12.53510 3.55148 19.08875 37.15897 18.14651 10.96725 15.36179 26.51215 10.26154 14.70566 33.05054 10.91766 24.55521 14.59122 14.42719 9.89532
0.39673 0.28992 1.14059 3.49426 1.00708 1.64032 0.88120 1.30463 0.76675 1.25504 13.57651 16.79993 9.68552 7.64847 4.64249 4.62723 14.26315 24.07074 31.60477 19.87076 27.41241 11.37543 0.85068 9.85336 16.38031 7.49588 4.10080 10.89478 6.42014 6.74820 13.85498
0.46158 1.87683 0.24033 1.37711 2.22015 2.96402 3.92532 18.01300 16.45660 2.91824 2.89917 4.53568 3.49045 6.99997 4.66919 1.65558 9.25827 32.16934 28.12576 34.77478 38.30719 15.27786 2.49481 5.49698 19.97757 2.91824 0.53024 8.27408 7.88498 4.28009 20.51163
0.70572 2.73132 0.79727 1.33896 4.92477 1.06812 0.80109 2.57492 4.11224 1.15204 2.50244 1.93405 4.19998 1.07574 3.08609 10.43320 6.37054 8.64410 24.05548 60.85587 17.80701 34.25980 4.61960 11.67297 20.22171 0.35477 0.58365 0.96893 4.42505 10.66971 23.79990
1.91498 2.88773 2.31171 3.93295 2.82288 2.81143 1.38855 1.37711 0.93842 1.54114 1.91879 2.38419 0.44632 3.08990 5.15366 3.36456 6.49643 3.54385 17.48276 25.78735 39.31808 21.36993 36.61346 22.04895 1.94931 0.31281 0.93460 0.66376 0.56839 4.23431 3.66211
2.86102 2.98309 5.38635 10.15472 0.80109 2.46811 1.70898 0.52261 1.83868 0.65613 2.04468 5.02777 4.19617 9.32312 2.81525 1.44958 7.11441 8.86917 22.27402 38.95569 49.73984 23.01407 18.34869 39.52026 15.75089 2.15149 1.72806 1.59454 2.82669 7.11823 4.44412
