DATA/RAW-RASTER/ECMWF/20170628/EN-47/20170709.en-47.asc
ncols			31
nrows			16
xllcorner		69.5
yllcorner		19.5
cellsize		1.0
NODATA_value	-99999
2.61688 0.35858 3.97491 2.72369 0.02289 0.09155 0.00000 0.01526 0.06104 1.52588 1.11389 0.10681 0.06104 0.01526 0.02289 0.00000 0.00763 0.03815 0.00000 0.22125 0.04578 0.01526 0.06104 0.22888 0.03815 1.75476 0.59509 0.32806 0.21362 0.02289 0.32806
0.14496 2.11334 2.40326 2.42615 3.45612 2.63977 1.19019 1.05286 1.19781 4.91333 6.27899 0.70190 0.51880 0.22125 0.42725 0.22888 0.11444 0.05341 0.00763 0.02289 0.00000 0.03052 0.03052 0.03815 0.57220 1.01471 1.86920 1.34277 1.01471 0.15259 0.03815
1.31989 5.73730 0.38910 4.40979 15.02991 3.00598 9.11713 0.16785 7.18689 4.39453 14.64081 3.58582 1.11389 0.70190 0.64850 0.54169 0.54932 0.03815 0.13733 0.02289 0.00000 0.00000 0.03052 0.99182 1.75476 1.74713 1.94550 1.80817 2.02179 1.31226 1.63269
3.67737 0.65613 0.57983 1.57166 7.51495 10.07843 6.01196 9.36127 3.86810 7.63702 7.39288 5.88989 1.35040 2.76184 3.35693 4.32587 1.60980 0.90027 0.92316 0.00000 0.06866 0.48828 0.74768 1.12152 0.22125 1.67847 5.75256 7.75909 6.82831 10.42175 3.91388
5.60760 1.66321 0.35095 1.02234 5.50842 2.91443 7.13348 10.41412 9.27734 1.39618 0.31281 0.67139 3.38745 2.35748 6.66809 3.87573 5.82886 4.59290 0.70190 0.50354 0.25177 0.17548 0.74768 0.45776 1.98364 2.53296 7.61414 9.38416 12.71820 19.27185 5.27954
7.77435 0.26703 0.51117 4.46320 7.59888 11.15417 11.36780 6.01959 1.87683 10.73456 5.21851 4.50897 0.48065 0.91553 2.20490 2.65503 15.19775 21.64459 12.13837 1.70135 0.70953 2.24304 1.60217 9.52148 15.38086 10.77271 9.89532 14.48822 18.11981 20.08820 10.68878
0.15259 0.54169 1.54114 2.91443 1.03760 4.77600 9.45282 2.58636 1.07574 1.38855 2.76947 3.15094 9.37653 2.09808 1.38092 8.41522 13.69476 17.15088 7.52258 3.75366 8.69751 5.09644 6.96564 19.99664 24.94812 15.35797 13.80920 7.61414 8.17871 26.84021 10.96344
0.76294 4.19617 4.19617 1.40381 3.29590 12.49695 5.70679 3.27301 1.46484 1.65558 4.34113 5.34058 5.03540 1.86157 7.48444 10.00214 9.39178 6.41632 1.76239 8.88824 2.99072 17.73071 15.64789 33.50830 75.01984 49.58344 56.23627 24.55902 31.32629 10.07843 12.27570
0.00000 1.51825 3.60107 6.56891 1.58691 3.49426 2.51007 1.09100 1.48773 0.53406 0.66376 2.31934 5.78308 16.05225 13.72528 23.30780 33.88214 28.62549 30.57861 22.97974 39.03961 12.56561 9.65118 19.59991 7.76672 18.15796 35.15625 34.70612 52.52838 13.83209 12.22229
0.00000 1.49536 4.52423 2.02942 1.87683 2.41852 1.81580 0.64850 2.08282 2.76947 0.27466 1.25122 5.40161 10.73456 15.96832 23.97919 22.37701 28.99170 14.25934 8.62885 13.99231 5.94330 7.24030 4.01306 2.25067 36.88812 43.31970 13.37433 21.78192 11.81793 1.67847
0.00000 0.00763 5.78308 8.33130 6.18744 1.46484 1.94550 1.03760 1.10626 3.18146 5.14221 5.73730 3.16620 4.79889 6.55365 12.74872 4.11987 5.59235 7.20215 5.82886 12.71057 13.96179 18.05878 5.47791 9.67407 11.32202 4.65393 8.83484 16.70837 16.71600 3.47137
0.00763 0.12207 3.14331 8.39996 3.82996 3.57819 4.52423 1.64032 4.38690 14.84680 2.44904 9.16290 3.12042 5.16510 5.36346 1.12915 2.21252 2.59399 0.89264 1.57166 1.76239 2.10571 3.63159 12.30621 10.20050 5.34821 4.08936 15.73181 16.00647 18.48602 18.08167
0.77820 2.57111 0.61798 1.93787 5.22614 4.44794 1.88446 6.74438 6.21033 4.23431 5.75256 8.87299 3.32642 3.74603 7.21741 1.48773 0.79346 0.94604 0.79346 0.69427 3.54004 2.73132 2.76947 11.55090 9.29260 10.93292 0.83923 5.98907 8.68988 13.80920 20.94269
3.15094 3.83759 0.41962 3.18909 6.23322 6.11877 6.15692 13.73291 2.44904 10.29205 6.23322 4.63867 5.92041 1.42670 4.46320 5.39398 8.33893 1.48773 1.86157 3.41034 2.09808 5.59235 16.72363 6.72913 4.21906 3.32642 1.91498 7.37762 13.89313 12.26807 11.98578
6.20270 4.06647 5.32532 12.84027 11.42883 7.69806 3.00598 4.66156 20.45441 9.39178 29.73938 3.47900 1.39618 7.91168 2.87628 11.48224 6.57654 1.62506 0.48065 0.91553 1.39618 1.11389 7.46155 11.77979 15.86151 2.94495 7.46918 9.42993 8.83484 8.48389 10.92529
4.87518 5.21088 10.70404 20.94269 2.05231 6.41632 2.12097 1.64032 4.78363 13.83209 12.01630 3.44086 4.11987 7.28607 4.53949 7.69806 3.64685 0.58746 0.29755 0.83160 0.86975 2.65503 2.02179 8.04138 10.81085 8.86536 11.11603 12.22229 12.41302 9.25446 10.58960
