DATA/RAW-RASTER/ECMWF/20170628/EN-47/20170707.en-47.asc
ncols			31
nrows			16
xllcorner		69.5
yllcorner		19.5
cellsize		1.0
NODATA_value	-99999
0.54550 0.28610 0.57220 0.36240 0.53024 2.19345 0.27466 0.00763 0.12589 0.17548 0.87357 3.44467 2.73514 1.56021 0.91171 0.80109 2.92969 2.92969 2.52533 0.79727 1.23978 5.27573 1.51443 10.46371 6.27899 3.34167 3.24631 6.45065 5.71060 7.32422 9.34219
0.62943 0.06485 5.13840 1.90353 6.23322 3.73077 1.12915 1.14059 1.27411 0.09155 1.60980 0.88501 2.63214 3.07846 6.70242 6.74438 13.01575 2.26593 5.55038 4.12369 6.79779 6.06918 4.86755 6.43539 5.07736 10.39886 10.18906 10.35690 22.46094 9.44901 3.04031
0.09918 1.04141 0.99945 4.44031 6.58798 6.37436 1.33896 0.10681 0.24033 0.00000 0.68665 0.65613 2.45667 1.78146 3.42178 4.66156 5.70297 4.13895 3.74222 6.79016 3.90244 7.61414 3.12805 8.23212 9.72366 9.81522 8.29315 6.99615 15.89203 10.70786 5.26810
1.46866 0.88120 2.19345 7.56454 2.24686 6.54602 3.74603 5.55420 1.08337 0.01907 0.17548 0.13733 0.99945 5.28717 3.10898 7.97653 16.25824 18.23807 9.53293 11.92474 9.29260 6.73676 6.14548 9.35364 12.12692 5.97382 12.55417 9.96780 10.37598 13.82828 14.59885
4.23813 0.03815 2.93350 4.84467 1.03378 1.66321 2.68173 2.80380 14.52255 8.91113 0.03052 1.60980 2.75803 9.09424 4.29153 10.63919 9.80377 9.62067 2.12860 2.60925 6.12640 5.04684 4.16946 3.27682 1.41525 1.57928 5.47028 6.52695 8.03757 9.54437 6.10733
1.40762 0.00381 0.15259 0.12970 0.84686 1.43814 1.91879 5.43213 5.28336 14.67896 17.44080 11.89423 5.34058 4.92859 10.50186 3.75366 0.77820 0.91553 3.66592 2.45285 2.71988 2.15530 2.64359 3.34930 8.51059 9.33838 4.75311 4.71497 2.79236 5.39780 8.34656
0.31281 0.00000 0.00381 0.00000 1.15204 0.84686 1.73569 3.20435 16.81519 49.75891 51.13602 22.48383 17.46368 12.84409 1.07574 3.56293 8.39233 8.11005 0.63705 4.58527 1.19400 5.26428 5.40924 3.11279 6.41632 7.82776 2.94495 4.79126 0.85068 5.17273 2.50626
0.00381 0.00381 0.00000 0.58365 0.34332 2.02179 5.85175 10.21576 17.57431 18.26096 27.48871 16.26205 3.62396 10.97107 15.29694 11.08932 16.60156 10.18143 2.44141 0.35095 0.77438 16.62064 2.28882 18.61191 25.49744 38.43307 17.28058 11.03210 7.48062 1.78528 1.14441
0.00000 0.00000 0.01907 0.00381 0.01907 0.92316 10.33783 10.01740 46.14258 27.42004 18.34869 8.43811 14.11438 6.47354 8.67844 3.98254 44.56329 46.29898 38.98239 11.16562 13.68713 8.25882 7.38907 10.65826 6.19888 7.86972 3.91388 21.22879 8.11386 2.80762 0.20599
0.00000 0.00000 0.00000 0.91553 1.43814 1.28555 11.05499 28.32031 20.77866 26.36719 112.37717 3.18146 5.39780 4.84848 2.50626 2.47955 2.58255 3.93677 10.00214 3.92532 6.81686 2.66647 32.21893 13.56125 3.05176 2.22778 4.33350 1.64795 16.88385 0.90408 0.71716
0.03052 0.20218 0.62180 0.90790 0.00763 6.03867 13.09586 19.75632 26.00479 9.54056 25.51651 11.66534 24.67728 4.92096 2.40326 1.62506 1.53351 1.09863 3.34549 3.06320 4.72641 10.17761 13.16452 7.21741 2.74658 6.06155 4.32968 7.10678 3.20435 0.93079 0.34714
0.80872 0.49973 2.79617 2.47574 0.90027 1.96075 6.31714 17.45224 16.88766 7.83157 8.27026 6.40106 10.50568 1.78146 2.38419 1.77383 1.36185 1.57547 5.63049 2.39182 2.23923 3.26920 3.82233 8.24738 2.41470 3.09372 2.64359 3.09372 6.81305 0.51498 0.74768
2.11334 2.18582 1.89209 4.38309 39.46304 40.42053 11.43646 19.00482 32.74155 11.05881 11.97052 8.80051 13.17596 1.89590 4.45175 1.59073 0.74387 0.72098 4.71115 2.17056 1.09482 4.52042 4.64630 4.26865 3.61252 1.07956 0.12589 1.94550 4.52805 0.39673 0.61798
3.04031 4.80652 3.97110 4.98962 4.98199 11.24191 58.81119 51.92947 8.18253 9.94492 64.57138 8.44193 2.67410 5.65338 2.92206 2.69699 0.78964 5.27573 4.01306 4.00162 5.10406 7.15637 14.04190 3.55530 1.30844 1.02234 0.38910 0.71716 0.95367 0.82779 0.77820
3.49808 7.60651 3.03650 3.71170 17.60101 13.11493 2.26593 1.60599 7.49588 12.98141 12.17651 49.56436 28.48053 0.88501 0.35858 3.32642 2.05231 3.89862 1.84631 1.59454 3.81470 8.41904 11.06262 5.56946 2.57492 0.56458 0.93460 2.09808 5.37109 10.44464 3.95966
4.98962 5.47409 10.78796 55.43900 7.88116 13.66043 9.35364 6.19507 7.26318 10.61630 15.66315 15.28549 5.82504 0.65231 1.41144 1.54877 6.75964 1.92642 5.96237 5.24902 6.30569 10.41794 11.91330 12.00867 22.14432 1.14441 4.01306 1.71280 2.56729 4.22668 1.40381
