DATA/RAW-RASTER/ECMWF/20170628/EN-47/20170712.en-47.asc
ncols			31
nrows			16
xllcorner		69.5
yllcorner		19.5
cellsize		1.0
NODATA_value	-99999
0.48828 4.40216 6.37054 12.24518 11.41357 10.81848 3.91388 3.56293 0.32806 0.52643 3.05939 6.43921 5.17273 7.59888 2.31171 0.50354 0.10681 0.06104 0.22125 0.85449 0.23651 0.70953 2.33459 4.08173 2.80762 2.11334 4.98199 4.07410 1.57166 0.83160 0.06866
0.05341 0.45776 2.27356 10.30731 12.52747 16.21246 7.72858 9.83429 14.13727 8.81958 8.16345 8.82721 7.10297 3.41034 0.44250 0.09918 0.23651 0.06104 0.19073 0.29755 0.02289 1.84631 5.55420 1.86920 2.15149 5.13458 9.04846 11.97052 6.50787 4.86755 6.75201
5.08118 5.38635 2.19727 8.81958 11.11603 42.03033 27.19879 5.54657 2.04468 1.96075 4.72260 7.92694 3.69263 0.71716 0.32043 0.07629 0.03815 0.00000 0.05341 0.21362 0.41962 0.43488 0.12970 1.92261 2.09045 3.25012 5.68390 7.91931 7.20215 8.27026 11.55090
6.46210 11.41357 9.94873 8.85773 10.08606 15.99884 7.65228 16.78467 3.38745 4.04358 6.05774 5.21088 7.59125 6.55365 3.83759 5.79071 0.74005 0.03815 0.21362 0.66376 0.32043 0.70953 2.38800 2.27356 3.22723 4.07410 10.25391 9.88770 10.80322 13.89313 14.28986
6.15692 10.81848 4.10461 19.05060 7.87354 6.10352 2.41852 15.98358 4.08173 4.33350 12.74872 6.96564 7.86591 7.15637 5.10406 6.43158 16.22009 5.11932 0.30518 1.09863 0.52643 0.44250 1.48010 4.98962 6.69861 4.93622 4.64630 2.71606 6.95801 17.25006 13.14545
2.54059 0.00000 0.21362 1.80817 2.38800 2.60925 0.38147 6.94275 8.34656 13.61847 36.54480 18.68439 9.92584 6.05774 11.32965 3.74603 18.47076 22.52960 13.76343 8.94165 2.41852 4.98962 7.09534 10.32257 7.45392 11.72638 7.26318 0.66376 1.13678 2.53296 1.64032
0.00000 0.03052 0.11444 0.41962 6.75201 1.89972 1.38855 2.65503 82.07703 89.03503 56.72455 13.48877 23.82660 11.82556 7.59888 2.37274 4.05884 11.87134 19.41681 22.83478 23.81134 15.44189 10.16998 6.60706 9.73511 41.35132 14.59503 9.75037 1.09863 1.87683 2.13623
0.00000 0.00000 0.16022 2.75421 4.79889 3.56293 7.67517 10.59723 18.61572 16.70074 20.28656 23.13232 37.74261 34.72137 37.74261 24.40643 9.72748 4.16565 4.71497 13.14545 14.55688 18.17322 13.64136 36.96442 60.23407 51.85699 17.98248 8.85773 19.61517 2.59399 2.38800
0.00000 0.00000 0.00000 0.07629 1.93787 6.33240 12.86316 8.13293 9.74274 10.44464 44.85321 20.28656 10.02502 6.49261 3.16620 3.53241 2.94495 10.74982 34.66797 173.62976 117.30194 102.79846 91.54510 20.00427 21.90399 20.71381 16.54816 45.20416 63.66730 10.67352 5.35583
0.00000 0.00000 0.00000 0.00000 0.72479 3.74603 14.29749 18.47076 10.82611 11.48987 32.73773 14.87732 12.67242 1.80054 1.65558 7.05719 14.87732 25.58899 15.30457 37.67395 12.76398 12.55798 60.24933 96.16852 23.42987 16.99829 23.47565 52.66571 19.40918 6.41632 7.57599
0.02289 0.00000 0.01526 0.09155 1.99890 22.77374 16.01410 22.33124 14.06097 8.14056 6.58417 18.20374 8.77380 9.90295 4.95911 2.12097 7.44629 3.52478 19.11926 16.25061 17.34161 19.52362 86.28082 25.18463 14.64844 21.40808 16.05988 28.76282 25.72632 17.41028 13.81683
0.05341 0.02289 0.16022 0.64850 0.74768 7.43866 23.10181 14.37378 9.03320 13.02338 9.18579 5.48553 7.23267 3.34167 6.21796 6.88171 3.73077 5.43213 7.29370 8.16345 15.71655 7.54547 17.93671 7.62939 22.21680 14.95361 14.04572 8.21686 12.68005 5.38635 7.14111
0.66376 0.15259 0.55695 0.45013 1.02997 3.08990 3.54004 8.56781 18.49365 10.35309 4.31824 4.58527 3.26538 1.13678 6.77490 8.43811 11.66534 10.10132 11.81030 8.23212 14.77051 8.95691 12.48169 9.63593 11.89423 2.53296 0.89264 7.41577 10.03265 3.23486 13.42773
2.63214 0.35858 0.48828 1.99890 0.53406 1.28937 1.81580 23.39172 20.40863 10.16235 9.91058 9.18579 6.56128 4.85229 2.41852 1.12915 0.90027 5.42450 15.25116 9.60541 21.93451 37.20093 14.40430 31.08978 15.18250 6.55365 1.65558 2.76947 5.79834 4.17328 1.45721
5.34058 2.28882 1.87683 2.93732 0.79346 1.45721 9.91821 48.32458 193.18390 4.59290 3.93677 4.35638 2.17438 1.64795 2.12097 2.15912 1.43433 10.68878 11.87134 5.27954 11.82556 15.59448 31.62384 25.58136 1.02234 1.03760 1.09100 1.64032 9.62830 10.25391 4.50897
4.67682 3.25012 5.06592 5.41687 1.28937 3.80707 10.35309 34.17206 111.16028 1.44958 1.49536 1.63269 1.44958 1.55640 2.58636 1.96838 1.88446 10.45990 10.80322 8.66699 12.93945 15.74707 26.26801 31.60858 14.41956 9.68933 12.42065 3.65448 2.49481 2.19727 9.17053
