DATA/RAW-RASTER/ECMWF/20170628/EN-47/20170629.en-47.asc
ncols			31
nrows			16
xllcorner		69.5
yllcorner		19.5
cellsize		1.0
NODATA_value	-99999
1.07574 7.54547 4.33540 4.08173 9.13239 12.58469 22.13097 24.44458 11.23047 3.07083 8.18634 14.04190 15.12909 8.25882 7.32803 12.86316 8.08525 6.99615 8.95691 5.99861 6.40297 20.09201 10.42557 4.80270 3.43895 0.22697 0.56267 0.40817 0.15640 0.00000 0.42915
0.00763 0.45395 0.76675 11.47842 5.01442 74.94354 36.88049 16.54434 11.91902 7.00188 3.87383 3.63731 4.47273 1.78909 3.08418 4.88091 3.41606 2.37083 1.98936 2.35367 5.63240 5.49126 6.19888 4.64821 7.98416 1.47057 0.40436 0.49591 0.66566 0.15831 0.46539
1.54877 7.11060 0.28801 8.26454 130.81741 211.23695 35.96687 16.20102 4.78363 1.69563 0.91934 1.40190 0.57030 0.53406 0.46921 0.47302 1.32370 1.95694 4.90379 1.97029 5.62668 4.35257 16.02936 9.25827 10.04219 9.16290 9.25827 2.61688 3.00980 0.55885 0.50735
1.88828 1.63460 1.70708 58.56895 16.95442 122.37358 30.52711 9.01985 14.86206 1.49536 0.47112 0.01144 0.85449 3.43513 0.55122 0.41389 0.41962 7.34711 2.30026 9.23538 8.02612 5.21851 15.16533 9.11140 10.05745 6.28281 5.67818 4.79126 6.69098 3.12424 0.53787
1.65367 3.06320 5.20706 9.50241 43.26057 39.88647 31.77261 6.01959 4.50516 1.33324 0.09155 0.66757 1.24931 1.71661 0.85258 0.42915 0.04578 3.37410 10.49614 5.71060 2.87437 8.64410 12.81166 5.50461 4.11987 4.75121 5.26428 17.33398 13.48114 6.46591 8.33893
2.54631 1.03569 4.64058 6.76537 23.20480 18.57185 25.91515 19.14215 10.64873 12.49123 9.00841 1.10245 3.01170 0.66376 3.23868 0.95177 3.18146 6.26564 19.29855 14.92119 11.51657 6.12259 9.02176 11.82556 6.55556 11.00349 1.84631 1.49727 12.20512 14.89067 10.00023
5.90706 0.85449 6.17218 23.28110 6.95229 5.10406 4.29153 9.24110 7.84111 8.08144 34.66797 8.57925 5.27000 8.01086 0.43297 1.81580 1.56021 1.93787 5.98907 10.72884 6.16264 5.86319 14.31847 8.87108 4.73213 11.33347 16.67213 11.79695 4.04167 13.73863 15.20348
1.51443 7.76863 24.78981 5.05257 1.75858 3.34358 14.46724 8.33511 21.15250 16.25252 5.28526 5.62668 1.04713 3.46565 18.04161 24.39690 9.13048 0.20218 0.13733 1.43814 7.28607 6.14548 1.49727 24.66011 20.25986 125.50163 57.33490 20.24269 10.99777 4.30298 10.93292
16.72935 11.63483 23.42224 10.75935 1.42860 5.24712 8.17108 5.11551 67.39807 21.61980 25.79880 14.05334 2.71606 3.27301 2.91634 7.23267 5.06020 5.27573 2.15149 49.72649 65.67955 57.27005 10.76317 32.48405 21.02852 8.76617 13.39912 16.74652 70.41359 17.84897 6.30188
7.74384 4.80652 28.58353 3.44658 1.87492 1.38092 0.48447 7.80296 18.83125 167.08755 17.11273 16.40511 14.87541 9.17435 2.03514 2.36893 5.16891 14.02664 4.13895 1.82533 1.76048 2.61307 18.06068 3.57246 3.78418 15.11192 42.51480 63.90762 60.84442 17.14706 2.83623
23.88191 44.36493 16.66451 3.66783 2.81715 1.76239 0.89836 0.54932 20.52498 35.02846 42.14287 14.89067 1.75858 5.55992 2.25067 0.42343 3.06702 1.13678 0.79536 3.37601 1.54305 4.34494 11.37733 5.82886 1.54114 14.79912 3.58391 10.35690 9.93347 6.54984 5.71823
19.27567 33.04863 13.50594 14.67514 16.06560 9.11522 2.22588 0.57411 2.89154 138.05962 24.29962 58.26187 0.79918 0.66757 1.19591 3.54004 5.34630 2.18391 2.85339 1.75095 2.54250 2.00653 1.77193 5.28336 17.99393 4.51660 0.51689 10.74409 66.44249 49.48425 12.76970
21.66176 153.95546 32.69577 22.04895 6.24847 4.38690 1.05286 1.43623 7.71141 28.46146 46.59843 10.32257 1.35803 1.99318 4.41933 2.17819 2.55013 3.42751 1.97983 3.26729 2.12479 2.55966 6.27899 1.77002 4.34685 0.96703 0.34714 9.92012 32.55463 3.85475 3.50571
34.33609 23.40508 7.43484 3.95393 11.24573 1.61934 0.39864 1.05858 5.42068 6.40488 3.07274 2.59590 1.03951 1.05476 16.23535 6.53839 3.07274 2.38800 3.64876 3.93105 3.28064 11.16562 3.33786 17.38930 3.70598 0.87547 1.40190 49.80850 46.97990 5.26810 13.56888
23.14758 14.23264 4.69589 16.99257 3.58391 1.65749 0.70381 0.32425 2.28119 0.68474 0.99373 0.34714 3.33786 0.75912 0.74959 1.74713 16.28494 3.58009 1.40190 5.94711 9.36317 9.48906 15.04517 16.04271 1.67656 0.56648 6.05392 39.27422 52.17171 18.54515 64.80598
7.57027 10.90813 19.55223 71.71249 3.23105 4.51279 1.56403 0.78392 0.52261 1.32942 2.02942 49.46709 25.14648 1.32179 1.49727 6.95038 3.12614 15.45334 11.25717 4.93240 5.55420 4.81224 13.67378 27.30751 31.31485 5.61905 17.56668 60.44579 8.39233 26.09062 35.81429
