DATA/RAW-RASTER/ECMWF/20170628/EN-47/20170703.en-47.asc
ncols			31
nrows			16
xllcorner		69.5
yllcorner		19.5
cellsize		1.0
NODATA_value	-99999
1.06049 6.25992 2.67792 3.24631 4.66156 1.12534 2.30026 0.83923 0.21362 0.03815 0.31281 1.07193 6.00815 1.46484 4.38309 2.83432 19.56558 4.61197 2.96783 2.55585 0.48828 0.24414 0.09155 0.11063 0.49973 0.43488 0.28610 0.04578 0.06866 0.21362 0.12970
1.38092 2.28882 1.61743 0.51498 2.54440 0.48065 1.30081 0.01907 0.03433 0.01526 0.32425 3.56674 2.18964 0.99945 2.77328 21.62170 2.45667 3.34549 0.41580 0.20599 0.36240 1.52588 1.31607 1.06049 3.62015 2.09045 1.22452 2.41089 1.09863 0.37766 0.19836
4.61197 5.23376 4.84848 4.93240 1.63269 2.84576 2.88010 0.08392 0.00381 0.00000 0.90408 2.54059 2.68555 2.59781 2.68555 7.77435 7.40051 1.60980 5.14221 3.83759 9.57108 8.01849 5.33295 19.08493 16.83807 23.67783 19.78302 7.35474 5.31006 0.34332 0.80109
2.74277 4.87137 10.50568 11.68060 19.06967 0.99945 1.89590 8.21686 0.11444 0.02670 0.72479 2.52914 3.81470 1.17874 1.69754 2.01797 2.81143 3.05176 2.86102 1.22452 4.60434 4.93622 8.36563 8.71658 20.03860 10.15091 15.20920 8.70132 10.56290 0.82397 0.73624
2.33841 8.47244 12.75253 5.71060 3.69644 7.91931 9.73511 4.44031 10.41412 1.65939 2.03705 2.33459 8.58307 2.08664 2.17819 1.67084 2.25067 5.95093 10.66208 4.75693 3.49045 6.32858 6.78635 8.74329 2.19727 6.82068 3.36838 7.38525 6.36292 0.79346 0.45776
4.12750 0.07629 0.77057 1.32751 5.69153 7.72858 2.67029 4.47464 18.03970 22.81952 34.22928 9.92966 4.08554 0.89264 6.32858 6.32477 4.52805 7.97653 8.53729 9.40704 8.52203 7.47681 22.96829 19.47784 13.17596 17.42935 5.95474 4.85229 6.56891 9.17816 1.17874
0.00000 0.00000 0.00000 0.00763 0.08392 24.15466 3.70407 9.66263 3.16620 24.93668 30.75409 78.30429 11.93237 2.74277 4.78363 2.97928 3.78036 6.67191 11.18851 8.89587 6.79016 6.99615 18.18848 9.90677 12.16507 36.10611 12.68768 6.35147 3.06702 19.25659 11.54327
0.00000 0.00000 0.00000 0.00000 0.06866 1.78528 5.52368 13.99994 3.46756 18.47839 17.40265 54.46625 6.82831 40.87830 29.48761 60.22263 28.49579 9.53293 3.99399 2.91824 5.92804 13.29803 2.52533 19.24515 44.97528 52.88315 16.92963 13.91602 21.66748 10.39886 5.21469
0.00000 0.00000 0.00000 0.14114 0.59891 1.85013 49.11804 221.39359 59.33380 11.51276 14.54544 23.97537 46.82922 44.98672 15.27405 34.86252 59.75342 25.27618 56.18286 4.01688 19.86313 31.47125 67.64984 20.46585 9.70840 7.03430 26.05438 83.48465 56.40793 11.89804 9.10950
0.06866 0.10300 0.58365 0.61417 0.92697 0.57602 25.47073 33.85162 21.23260 22.46475 14.87732 5.64575 24.73068 35.29739 6.46210 9.89151 18.50510 20.31708 50.33875 19.57703 20.18738 17.99393 37.40311 13.32092 7.48825 12.89749 20.01572 19.53125 58.88748 7.29752 10.85281
0.19455 0.72479 1.09482 1.14822 0.00381 1.62506 3.04031 8.22449 4.59671 4.45175 9.64737 5.59616 5.42450 7.17926 6.99997 10.99777 5.50842 8.66318 16.01028 34.92737 28.66364 37.12845 70.81604 15.57159 7.62939 12.11548 5.00488 6.34384 18.15796 16.26205 9.24301
0.69046 1.43051 2.19345 3.65829 2.42615 1.21307 1.87302 2.79617 0.76675 2.47192 4.65012 1.45340 4.26483 7.38525 3.81470 7.38907 7.48825 9.98306 4.98962 10.28442 21.84677 15.41138 4.25339 5.10025 12.32147 13.02719 10.90240 5.17273 29.99115 21.01517 15.33127
0.64468 2.89536 0.99182 1.10626 1.27792 4.71497 5.45120 2.30789 2.39563 2.09808 5.65338 10.85663 35.43854 12.05444 10.22339 3.91388 1.27792 2.11716 8.56018 19.40536 13.87405 32.26852 36.54099 46.96274 14.98795 3.48282 1.37329 8.85773 28.88870 22.19391 20.42007
1.62125 1.25885 0.50735 1.05667 3.97491 0.78583 0.23651 3.28445 2.47955 9.06372 45.50934 90.84702 53.12729 69.12613 14.57977 2.75421 2.67029 2.51770 8.88443 12.87079 7.26700 33.95081 72.11304 54.16489 28.50342 6.97327 7.46155 8.37708 42.08374 23.15903 22.31598
3.41415 1.76239 1.36185 6.12259 2.39563 2.47192 1.43051 4.82559 1.10245 2.49100 9.79233 14.45770 20.51926 16.97159 8.78525 0.61417 5.11932 2.32315 2.86484 8.69751 13.81683 17.13181 43.64777 48.67935 45.70770 4.29916 4.62341 10.63538 6.65283 13.51166 36.39221
1.89209 3.56293 5.94330 12.55417 1.09863 3.05176 1.65558 5.31769 7.25174 4.23050 10.97107 7.65610 3.31116 3.87573 10.76126 15.79285 8.73184 5.98526 15.97214 12.68005 11.98578 14.72855 22.77756 35.59875 85.01053 19.00864 31.44455 30.62057 7.97272 2.17819 10.16617
