DATA/RAW-RASTER/ECMWF/20170628/EN-47/20170628.en-47.asc
ncols			31
nrows			16
xllcorner		69.5
yllcorner		19.5
cellsize		1.0
NODATA_value	-99999
5.10406 13.47733 13.65089 21.87347 11.98196 11.26862 7.98607 5.34058 1.74332 0.00000 2.58255 4.59671 7.83157 8.33893 8.63266 11.43646 1.53542 0.40436 0.61035 3.65639 4.21715 1.52206 2.25830 1.79672 2.26784 1.26839 0.84496 1.40762 2.52151 0.66566 5.87654
2.88010 2.23541 17.53616 8.39996 6.47163 5.32913 5.64957 0.68283 3.81660 1.21880 1.55830 2.70653 5.18990 3.78036 7.96700 5.64003 2.18773 2.25639 4.05693 8.86154 10.18333 5.10216 1.09482 1.07765 2.24686 1.32942 0.39673 0.86975 0.47874 0.50545 1.33896
27.80151 22.55249 14.93645 12.73537 17.77267 3.64494 7.02477 9.27734 3.15094 2.37465 0.55695 0.90981 2.21825 1.99890 2.00272 4.30298 8.47626 1.84631 4.99153 7.59697 4.83322 25.23041 5.96619 10.06317 9.20296 4.73022 0.43869 0.37384 0.20599 0.39101 0.43869
17.05551 26.55983 9.29070 11.22856 17.92336 21.54350 22.40944 19.62090 8.94928 1.15204 1.05476 1.24359 0.39291 1.87492 1.37901 1.77574 5.05829 9.08661 3.37982 3.44849 5.60379 4.73404 10.47707 5.05638 5.43404 0.00000 2.20680 0.27466 0.54932 1.44958 0.95749
11.48796 11.01303 3.01743 12.85553 7.60841 51.79214 20.18738 9.99069 8.62122 5.56755 0.00000 1.30844 1.26457 0.64850 3.32069 1.90926 1.29318 4.36974 4.40025 4.12750 5.10979 3.34167 2.21443 0.05341 0.12589 3.15285 1.66702 2.97546 8.07571 2.52914 8.70895
39.67476 55.13954 30.22194 15.72990 25.46692 9.74846 31.75926 37.82272 6.02913 10.77080 19.27376 4.90952 6.46400 1.56403 0.51880 1.04713 2.42996 2.98882 8.07953 7.97844 5.31387 5.55801 6.45065 3.60870 8.01659 7.98225 2.37656 2.81334 12.42256 1.84441 5.62859
14.76860 25.34485 33.87070 27.22168 37.66823 10.25009 7.50351 53.78914 32.87315 9.68742 3.44849 8.83865 8.96263 4.67682 0.51308 1.75476 2.30408 1.44958 4.21524 12.10976 3.45039 1.75095 6.69670 8.06999 8.05473 33.39005 4.88853 1.71471 1.65749 10.40840 5.47218
7.32422 18.62907 10.22530 12.58659 18.74161 4.86183 6.67763 68.91251 37.64343 13.74245 6.31142 0.28992 0.48256 2.95830 4.22096 6.88362 16.67595 4.65012 0.97656 3.93295 6.91223 11.37924 8.27980 30.03883 36.30447 8.24547 2.78473 12.65526 42.05704 15.17105 8.46100
28.95164 14.28604 35.92682 3.59535 18.90755 6.16646 20.94650 25.37918 30.99823 10.39314 5.94330 1.75476 0.08011 0.35477 1.10054 1.11008 1.21117 3.08990 14.35089 95.75081 49.48997 51.77307 54.38042 8.92448 24.25194 22.16721 3.30162 17.67731 14.22310 7.17545 8.61359
3.66974 4.65775 11.27243 7.38335 1.11198 3.04413 10.57816 11.03401 18.65959 17.25388 2.67029 6.28471 1.19591 0.20599 0.12779 0.73624 0.26321 2.46429 3.65829 7.11250 7.19261 6.83975 15.07759 5.52559 5.27191 7.05528 19.65332 26.15356 12.85934 3.90625 3.22533
9.84001 11.58142 2.03896 20.09773 1.56593 1.56784 0.88692 3.85284 14.65416 14.91737 25.85793 7.89070 0.46539 0.36049 0.11826 0.94223 0.49973 0.97275 1.63078 2.89917 5.54848 25.05493 19.03725 13.73291 14.21356 67.54112 29.25682 14.79721 5.72968 7.73621 5.95093
1.91116 18.79311 7.01714 54.44336 6.18935 0.92506 0.41008 0.44441 12.31384 24.98817 15.09094 5.90134 2.86674 3.12805 0.58556 2.11716 2.93159 3.20244 5.19180 2.37656 6.21605 1.73950 18.95714 7.23267 9.52911 9.69696 8.45146 8.55446 10.59914 13.91602 13.62801
25.78163 39.98375 48.36273 14.62936 6.38199 0.54550 2.07520 0.45204 1.22261 19.63806 113.65700 41.24451 12.43591 3.72887 5.59425 5.42450 12.75826 10.60677 16.36124 2.09236 13.76343 2.43759 1.45340 25.69199 13.50594 3.82042 0.79727 13.57079 21.48819 10.62584 13.40485
27.10724 6.32286 5.54657 3.31306 3.11279 0.18120 0.86784 1.09291 2.29263 8.35800 71.53893 33.04863 10.47325 4.22478 8.20923 33.63037 29.02412 7.04956 17.14516 7.00569 11.07025 7.70187 2.24304 4.17519 8.21495 0.82207 0.25749 6.32095 17.55714 7.78198 14.63699
46.96274 22.17102 9.95255 15.91682 30.95818 13.06725 1.48201 1.11771 0.98038 5.12886 30.15327 63.37738 36.42654 26.53885 11.06071 9.32693 66.96320 11.82747 12.00294 4.04739 6.04057 8.00133 6.62231 3.24059 9.45473 0.54741 0.00000 0.99373 15.83290 19.32335 10.47707
29.01649 56.17332 14.70757 40.42435 24.69254 4.80270 2.52914 5.43022 14.82773 7.65800 5.51224 29.82903 3.05939 1.87111 7.02858 6.92749 20.91026 10.87952 40.13443 2.04468 4.74548 9.74464 7.10869 7.98225 32.32574 2.73132 2.28119 1.77574 6.90079 9.45091 26.01051
