DATA/RAW-RASTER/ECMWF/20170628/EN-15/20170709.en-15.asc
ncols			31
nrows			16
xllcorner		69.5
yllcorner		19.5
cellsize		1.0
NODATA_value	-99999
2.41852 0.74768 2.66266 4.67682 0.02289 0.14496 0.00763 0.01526 0.13733 1.71661 2.01416 1.57166 2.90680 6.67572 4.79889 1.80054 0.36621 0.11444 0.58746 3.02124 1.96075 3.19672 2.03705 1.66321 1.28174 0.36621 0.45776 0.83160 0.17548 1.71661 7.10297
0.00763 0.00000 8.68225 7.34711 4.45557 1.50299 0.00000 0.23651 0.73242 2.29645 10.12421 1.81580 5.04303 10.35309 3.52478 1.12915 1.39618 2.38800 3.57819 8.43811 1.28937 0.96130 0.95367 2.15912 1.64032 2.17438 1.18256 1.02234 5.92041 7.42340 9.13239
0.00000 0.67902 0.51117 4.51660 7.85828 9.81903 1.12152 0.03052 1.76239 1.15204 4.31061 4.58527 5.43976 10.48279 12.03918 8.34656 7.83539 6.78253 4.65393 6.58417 2.41852 0.09155 0.04578 0.59509 0.41962 0.54932 1.57928 2.35748 6.16455 4.13513 11.10077
0.06104 0.00000 0.06104 0.12207 9.16290 14.57214 16.34216 11.63483 0.53406 2.79999 2.84576 7.40814 4.30298 7.29370 11.17706 4.95148 3.12805 2.49481 1.02997 2.17438 0.48828 1.37329 1.67084 1.28174 1.30463 0.24414 0.76294 0.70190 0.45776 1.80817 6.56891
0.03052 0.00000 0.00000 0.00000 0.01526 6.66809 36.83472 9.84955 2.42615 0.90790 2.04468 0.93079 4.73022 3.92914 4.81415 3.34167 4.67682 7.75909 2.56348 2.70844 1.16730 3.76892 3.66974 1.60980 12.77924 9.99451 9.44519 8.61359 4.62341 12.34436 16.99066
0.03052 0.00000 0.00000 0.00000 0.03815 0.89264 12.77161 22.70508 10.10132 5.18036 20.44678 5.56183 2.38800 0.47302 4.12750 13.78632 2.47192 2.45667 9.91058 12.06970 13.73291 6.55365 7.47681 11.25336 11.30676 17.71545 3.00598 3.12042 19.85931 19.08875 20.37811
0.00000 0.00000 0.00000 0.00000 0.00000 0.50354 4.27246 5.33295 14.29749 10.42175 5.33295 29.34265 66.13922 11.51276 4.77600 10.92529 14.41193 12.86316 6.79016 2.56348 6.90460 13.68713 10.94055 11.29150 17.36450 16.50238 14.82391 5.76019 8.16345 18.54706 14.22119
0.00000 0.00000 0.00000 0.00000 0.00000 0.00000 0.08392 0.52643 2.89917 5.86700 7.13348 6.21033 9.26971 14.74762 200.17242 103.15704 43.96820 13.12256 14.12201 20.11871 25.48981 24.02496 4.76837 23.44513 37.01019 21.46149 56.89240 10.68115 25.02441 17.61627 18.80646
0.00000 0.01526 0.00000 0.15259 0.00763 0.00763 0.00000 0.01526 0.04578 0.17548 0.91553 3.08228 7.68280 9.54437 23.12469 80.26886 143.96667 96.48132 107.32269 66.66565 193.71796 104.67529 34.86633 52.33765 70.26672 16.62445 5.17273 11.69586 48.37036 17.61627 23.42224
0.09155 1.02997 0.83160 0.94604 1.82343 0.06866 0.06104 0.05341 0.02289 0.34332 0.26703 0.35858 3.82233 9.32312 24.10126 30.42603 33.73718 18.51654 33.33282 29.59442 29.79279 15.77759 36.07178 46.31042 27.23694 16.64734 25.29144 39.14642 76.06506 30.78461 19.17267
0.92316 0.77057 1.59454 2.59399 0.12970 0.35858 0.57220 1.36566 0.52643 1.76239 2.38037 1.27411 5.32532 8.05664 17.87567 27.82440 14.03809 19.80591 6.71387 6.05774 21.02661 30.10559 79.44489 19.47021 18.74542 5.43976 6.72913 17.69257 33.37097 18.93616 24.47510
0.79346 0.57983 2.53296 2.74658 2.49481 1.79291 1.79291 1.06812 0.45776 9.14764 11.23047 17.98248 11.84845 24.81842 21.07239 27.56500 20.59174 5.11169 1.67084 11.83319 29.38843 33.74481 22.67456 26.51978 19.62280 14.25171 13.48114 29.77753 15.49530 9.70459 5.92804
0.83923 1.43433 1.93024 3.07465 5.01251 2.25067 2.40326 2.64740 2.28119 5.59998 17.18140 39.91699 39.67285 37.59766 26.10779 34.69849 27.85492 1.15204 5.16510 7.18689 21.57593 26.94702 49.53003 32.92847 12.40540 8.05664 3.07465 13.09967 21.14105 11.23047 1.15967
1.47247 1.73950 0.53406 4.42505 2.63977 1.07574 3.31879 5.59235 7.45392 5.70679 15.18250 14.75525 40.62653 51.37634 34.75189 25.03204 7.76672 4.57764 7.72858 9.79614 7.45392 36.97968 46.40961 34.55353 10.11658 6.27136 5.34821 4.66156 9.47571 13.24463 8.29315
4.47845 3.88336 4.34113 4.76074 2.38800 1.06812 1.87683 3.60870 9.87244 30.59387 23.14758 25.49744 23.19336 12.88605 9.65118 3.82996 3.62396 4.35638 7.70569 9.98688 18.96667 24.45221 34.59167 18.27240 2.57874 0.82397 2.98309 4.36401 7.82776 3.25012 2.12860
2.22015 3.29590 8.56018 11.94763 0.54169 4.37164 2.77710 8.31604 14.24408 14.44244 22.37701 18.35632 10.77271 2.48718 3.37219 1.78528 2.12097 4.29535 6.95038 3.81470 7.33948 19.98138 12.85553 21.79718 19.54651 2.84576 4.63867 1.23596 1.65558 1.02997 0.57220
