DATA/RAW-RASTER/ECMWF/20170628/EN-15/20170630.en-15.asc
ncols			31
nrows			16
xllcorner		69.5
yllcorner		19.5
cellsize		1.0
NODATA_value	-99999
1.27792 2.23160 5.88608 4.05121 7.37381 8.71658 8.46100 2.88773 3.14713 0.90027 3.75748 5.68771 5.48935 4.90189 5.74493 5.16891 1.17111 1.69754 3.53622 3.91388 6.00815 6.89697 12.04300 16.29639 9.39178 3.39127 0.57220 0.00381 0.06866 0.07629 0.46158
0.11444 1.45340 1.35422 4.84848 5.84412 3.09753 1.23215 3.78418 5.77927 3.91769 2.84195 4.76837 7.31277 9.30405 10.71548 18.21136 11.03210 11.59286 6.97327 9.04465 7.04956 5.53513 4.22287 2.41089 0.91934 0.83160 0.48065 0.15259 0.00381 0.28992 0.83542
0.14496 0.63705 0.07629 0.21744 0.16403 0.09155 7.11060 21.27457 18.58521 11.23810 3.18909 4.56619 2.44141 1.46866 3.26157 4.51660 8.67462 9.27734 20.79773 10.91766 3.70407 4.89044 1.28174 2.38419 1.15204 1.25504 3.09753 1.67084 2.12097 1.10245 2.07520
1.60217 0.32425 0.15640 1.53351 0.84305 16.48712 74.43237 91.88843 27.99988 2.84576 1.84250 3.54004 3.63541 2.93350 5.14603 2.38037 2.11716 5.81360 3.29208 5.74493 6.06918 2.72369 4.26483 2.59399 0.61417 0.11444 2.99454 2.72369 4.48990 17.02118 2.05612
2.84195 0.12207 0.54169 4.29535 21.15250 65.75394 33.06198 36.21292 9.46808 5.15747 0.16785 4.06265 1.89209 1.07574 0.84686 0.45013 0.53406 2.95639 1.75095 2.28119 2.83432 6.03485 6.79016 0.57602 1.28174 1.08719 0.80490 10.45609 4.43268 2.03705 6.17218
2.56348 0.91171 2.46048 18.81409 10.30350 23.87619 15.06805 22.55630 10.53619 9.58252 8.87299 12.51984 3.55530 0.33188 0.59509 0.80872 0.85831 2.88773 3.31116 5.78308 8.62885 8.14056 4.76074 7.22885 6.82449 8.26263 9.21249 7.09915 10.16998 7.32040 8.09860
2.15912 19.59229 6.74438 62.58774 20.21408 20.85495 14.78195 6.45065 8.67844 4.44031 7.40051 19.14978 29.01459 2.67792 1.03378 1.07193 1.08719 0.73624 0.96512 7.84302 6.38580 6.26755 9.33456 4.58527 10.66589 95.18433 77.43835 15.50674 4.52805 18.37540 10.79559
5.23376 1.14822 3.59726 6.73294 5.74875 5.54657 5.13840 7.62939 5.45120 11.27243 23.11325 31.84509 3.03650 9.15146 23.37646 38.36060 19.25278 0.78201 0.69046 7.09152 21.77429 30.75027 7.25555 23.55194 25.74158 94.07425 45.70007 6.69098 78.99857 13.05771 22.68600
1.81961 5.77927 4.64630 4.22668 9.76562 3.12805 25.64240 0.44632 3.52097 9.39941 12.59995 26.74484 10.07080 2.12479 7.66373 9.83047 12.70676 20.53833 35.90012 73.81821 99.29657 36.35025 47.43195 33.85544 12.48169 9.55582 43.78128 169.21234 158.54645 33.02383 10.27298
12.37488 3.33405 3.47137 5.46646 2.06375 1.06049 0.11063 0.10681 0.13733 1.23596 17.05933 14.48822 21.51108 25.51651 14.90784 8.89587 13.19885 4.87900 5.42831 4.78745 5.55801 2.97546 20.70618 1.35422 9.81522 19.85550 25.36774 10.50568 45.30716 27.24075 14.30130
5.51987 3.79562 10.80704 2.79236 0.66376 0.82397 1.03760 0.48447 0.04959 0.33188 4.74930 22.01080 42.03796 17.97867 18.42499 12.35199 7.41577 9.06754 3.60107 2.34222 3.73840 7.14874 27.93121 9.03702 10.78033 7.22885 7.99179 33.28705 42.62161 16.84189 20.22171
67.22641 5.45883 6.75583 30.40314 4.97055 6.34766 1.62888 0.71716 0.11444 0.50354 1.38092 12.14981 39.05106 28.45764 17.74597 20.22552 9.28879 5.19562 4.12369 3.44849 5.65338 7.45773 8.37708 2.01035 29.38461 7.51877 2.03705 14.41193 20.60318 18.08548 15.27405
2.94876 3.03268 3.89862 4.90570 7.66754 2.86484 10.71167 2.82288 2.23160 0.68283 6.45447 27.19116 33.68378 35.83145 18.73016 15.77759 7.22504 11.26480 10.63538 6.27899 3.34549 9.87625 5.29480 3.70789 6.63757 2.63214 0.37384 6.01196 10.54382 8.55255 19.54651
4.23431 4.08554 1.46484 1.54114 14.94980 8.80432 5.85938 3.84140 3.34549 1.02234 9.34219 28.18298 40.66849 34.93118 49.98398 63.05313 19.08875 17.66205 8.57162 12.74490 9.64737 19.10400 3.36456 15.95306 8.39996 1.93024 0.94986 2.55585 53.77197 18.46695 12.59995
22.98737 7.69043 8.89206 9.31168 10.74982 3.80707 1.35422 1.42288 3.21579 0.41580 5.76401 14.50729 31.87180 37.78458 68.46619 55.33218 31.78024 28.61404 36.43799 15.28931 16.78085 13.14926 27.17209 19.72961 2.66647 1.39999 3.26538 2.62451 10.99777 17.15469 18.99338
5.68771 8.15201 13.90076 22.54105 9.79614 3.20435 1.54114 3.93677 7.66373 4.51660 13.12256 15.74707 25.33722 26.66855 23.00644 48.98071 42.17529 42.48810 26.87454 16.10947 11.27625 13.83209 31.63147 39.33716 48.65646 13.11111 11.27625 8.68607 2.08664 7.51114 9.20868
