DATA/RAW-RASTER/ECMWF/20170628/EN-15/20170702.en-15.asc
ncols			31
nrows			16
xllcorner		69.5
yllcorner		19.5
cellsize		1.0
NODATA_value	-99999
0.19455 4.94385 6.09207 4.93622 11.24573 2.33459 2.61688 0.17166 0.14496 0.00763 0.57220 1.07193 1.79672 1.57928 0.91934 0.59891 1.09100 1.82343 3.45230 4.60815 6.43539 10.92529 5.43594 4.73785 2.76566 0.75531 0.16403 0.00000 0.02670 0.72479 2.14767
0.17929 2.43378 5.35583 3.54767 2.26593 1.35422 0.12207 0.04578 0.04578 0.00000 0.00763 0.27084 0.79727 0.64087 1.30463 1.02615 0.25177 1.15585 2.22397 4.40979 3.15475 3.55148 1.60217 1.06430 0.59509 0.45776 0.12970 0.35095 0.65613 1.02615 1.52969
2.30408 2.21634 0.57983 1.52588 4.67682 15.89203 4.07028 0.03052 0.04578 0.01907 0.01144 0.00000 0.99564 1.06049 4.43268 1.89209 1.96075 3.21960 5.13840 5.58090 4.87900 10.60486 2.59018 2.08664 0.41962 0.46539 0.33188 0.42343 0.65613 0.13733 1.32751
3.55148 6.12640 1.15585 0.04959 0.63324 2.24304 3.67737 9.47952 0.12207 0.00000 0.70953 2.94113 13.62610 11.79886 9.41849 11.84845 5.75638 6.61087 9.77325 3.41415 6.53076 9.41467 11.48987 11.74164 3.46375 0.62180 2.41470 0.72861 0.10681 1.19400 0.64850
3.72314 18.59283 0.05722 1.72424 1.04141 1.53351 1.25504 3.47519 10.65445 2.83813 6.50787 7.84302 8.69751 3.02505 11.49368 13.12637 16.13617 16.28876 10.81085 3.99780 6.58417 8.57162 13.56125 14.14871 12.01630 3.99399 2.95258 5.07736 3.02887 0.95367 2.04849
5.24902 4.43268 0.57983 0.49210 4.70352 3.82996 1.84250 2.92587 6.68335 37.37259 59.87549 24.23096 5.23758 2.71606 14.88495 5.84412 9.08661 7.21359 10.42557 11.12366 8.04520 16.61301 9.44901 13.86642 12.34818 5.99289 2.08282 4.22287 6.36292 6.64520 3.19290
0.21744 0.55313 0.23651 0.09155 0.73624 2.09808 4.08173 3.65067 10.68878 22.21298 26.35574 62.98828 8.98361 10.42557 1.92642 9.57489 1.54114 2.70462 1.86920 6.29044 3.49045 2.07138 6.40106 5.18036 10.26917 16.41083 31.65817 26.28708 13.35144 8.51440 2.53296
0.00763 0.46158 1.34277 0.94223 0.40436 1.11008 1.34277 6.34384 22.06421 24.66583 33.03909 13.09967 14.44244 24.36066 21.16013 40.82108 6.88553 1.90735 6.19507 0.93842 5.95093 9.16672 1.97983 28.13721 27.80914 79.85306 103.67966 52.74963 36.35406 5.88608 4.38690
0.00000 0.00381 1.35803 3.33786 4.69971 3.45230 3.17383 8.90350 5.50842 12.59232 44.83795 28.33557 17.55524 11.54709 7.38525 2.86484 6.61850 32.19986 44.80743 26.71814 44.10553 51.66245 63.66730 23.53287 18.42499 18.28003 37.24289 162.70065 115.42130 35.66742 9.09424
0.02670 0.35095 0.87357 3.42560 3.66974 3.83759 3.77655 4.55475 21.25168 17.30347 80.42908 66.08582 28.57208 14.06097 21.38901 2.55966 9.81140 98.17886 36.86523 8.25500 21.69800 30.47180 69.68689 13.34763 12.59232 9.00650 14.72473 12.55035 59.74197 10.45609 12.53510
0.46921 0.96893 1.76239 3.30353 1.52588 0.59509 3.19672 4.31824 8.32367 20.42770 10.93674 32.26089 106.65512 83.03833 4.30298 14.10294 4.43268 23.72742 17.90619 11.24573 7.16400 39.37531 54.32892 10.32639 5.43976 12.20703 0.74387 4.73785 45.47882 14.66751 23.42987
0.40817 0.85068 2.67029 1.90735 0.76294 0.85068 2.47192 1.25504 8.15582 22.87674 66.58173 33.61130 46.63467 90.43884 4.99725 20.95032 4.79889 8.48389 7.32803 12.40158 16.79230 8.71658 3.02887 2.93732 7.00760 2.28882 0.51117 13.37433 9.28497 19.09256 15.56396
1.00708 1.17111 0.77057 1.08719 7.51114 1.92261 0.75531 1.28174 6.85501 30.01404 23.98300 111.35864 70.66727 19.15359 13.25226 13.75580 1.06049 10.95581 7.33948 13.81683 8.82721 12.58087 8.85391 6.56509 5.81360 2.91443 0.19073 4.94766 4.87900 8.54874 6.72150
0.96893 0.38910 0.05341 1.37329 4.47464 0.88501 0.80109 3.22723 1.56403 3.01361 5.50079 5.77164 19.01627 30.44510 20.35904 4.32205 4.75693 9.12857 6.46973 12.66479 16.49857 31.26144 12.31003 14.03809 4.79889 0.12207 1.47247 0.82779 1.44577 10.99777 5.35965
4.48227 1.88446 2.68936 11.33728 9.01413 15.48386 5.31769 2.81525 6.28281 2.04468 8.53348 4.41742 1.20926 8.06046 3.06320 11.67297 1.92642 2.40326 12.30240 15.39993 10.36835 14.18686 35.72083 31.44073 3.00980 2.30789 1.77765 1.33133 0.11826 2.42996 10.77652
3.15475 3.41797 6.77490 15.74707 10.05173 6.80923 17.95197 17.03644 6.27518 5.46646 8.87680 12.51221 4.70734 2.73514 7.45010 6.90079 0.59891 3.63922 9.19342 5.31769 6.82068 8.30078 15.78140 30.12085 44.89517 6.04248 4.90952 1.23596 0.54932 0.15259 1.09100
