DATA/RAW-RASTER/ECMWF/20170628/EN-15/20170706.en-15.asc
ncols			31
nrows			16
xllcorner		69.5
yllcorner		19.5
cellsize		1.0
NODATA_value	-99999
0.76294 1.28937 1.64795 1.06812 8.70514 2.78473 5.36346 6.07300 0.55695 0.00000 0.77057 2.00653 3.17383 1.76239 2.45667 5.24902 6.98853 5.94330 5.19562 12.28333 5.70679 8.40759 2.44904 1.28174 1.35040 0.88501 1.00708 0.93079 1.78528 1.88446 1.32751
0.06866 0.28229 10.72693 10.54382 5.22614 2.16675 0.30518 0.42725 0.48828 0.41962 0.29755 0.41962 1.20544 1.47247 1.64032 1.31989 2.96783 2.12097 1.22833 7.16400 6.88934 3.92151 12.79449 9.73511 5.45502 20.66803 4.00543 9.16290 4.21143 1.56403 0.52643
0.00000 7.71332 11.81030 3.52478 6.62231 0.78583 4.64630 0.30518 0.41199 0.18311 0.52643 0.84686 0.93842 1.68610 1.41144 1.59454 3.71552 12.93182 4.07410 2.79999 5.11932 9.52148 8.73566 3.37219 7.87354 5.62286 4.81415 5.14984 8.68225 4.16565 0.37384
4.13513 0.22125 6.67572 10.31494 13.48114 11.81030 0.93842 3.18909 0.06104 0.20599 0.11444 0.00763 0.01526 0.64087 1.13678 1.62506 1.93787 6.00433 5.82886 4.18854 8.16345 10.08606 18.34869 18.34106 17.57050 9.95636 8.85010 20.78247 12.97760 9.23157 5.48553
1.79291 0.23651 0.26703 0.67902 2.15912 9.78088 6.45447 2.10571 15.61737 0.61798 0.03052 0.15259 0.29755 3.05939 3.41034 2.87628 9.68933 10.26917 10.44464 9.21631 8.23975 17.72308 18.85223 5.64575 1.94550 3.93677 5.19562 1.63269 13.34381 15.00702 11.47461
0.17548 0.00000 0.00000 0.00000 0.00763 1.12152 2.92969 7.14111 1.53351 3.08990 8.21686 2.07520 2.83813 0.68665 4.18854 3.67737 6.20270 11.68823 12.83264 11.84082 3.89099 9.94873 9.64355 7.75909 7.75146 15.37323 8.36182 1.03760 4.32587 3.39508 9.37653
0.00000 0.00000 0.01526 0.00000 0.00000 0.00000 0.56458 2.64740 5.88226 3.05939 67.65747 50.01831 10.45227 2.95258 1.80054 4.92096 2.79236 3.70026 1.28174 5.38635 3.34167 2.62451 13.88550 7.29370 19.41681 129.41742 42.52625 21.99554 18.03589 3.06702 2.28119
0.00000 0.01526 0.01526 0.00000 0.00000 0.00000 0.03815 0.72479 0.85449 3.25775 5.05066 5.76019 5.70679 12.35962 74.47052 11.95526 4.73022 5.56183 5.53131 8.02612 13.34381 24.07837 9.36127 60.58502 47.63794 53.68805 248.10028 78.14789 88.52386 17.21191 5.85175
0.03815 0.00000 0.00763 0.06104 0.01526 0.00000 0.00000 0.12970 0.00000 0.03052 0.72479 8.20160 16.96014 26.67999 23.14758 28.86963 45.67719 36.17096 36.53717 46.77582 120.18585 57.25861 55.83954 92.33856 17.76886 61.78284 29.93011 160.69031 122.68066 21.87347 13.06915
0.20599 0.68665 0.32043 0.95367 1.02997 0.65613 0.07629 0.76294 0.03815 0.57220 2.05231 9.49860 14.59503 28.07617 22.15576 13.35907 13.29803 13.72528 8.91113 27.74048 19.25659 18.09692 48.98071 98.47260 39.39056 23.59009 23.58246 18.72253 38.15460 14.19067 15.18250
0.35095 0.93842 0.90790 1.48773 0.26703 0.03052 0.36621 0.71716 0.44250 1.08337 2.92206 4.31061 15.92255 14.13727 4.91333 6.71387 10.43701 18.36395 35.04181 33.30231 21.43860 21.56830 48.01941 48.08807 12.31384 8.04138 11.71112 7.17926 27.42767 15.70129 24.92523
0.84686 0.27466 1.09863 2.96021 1.02234 0.64087 2.16675 1.48773 1.10626 2.51007 8.56781 12.60376 15.70892 13.81683 4.33350 11.92474 10.49805 13.00049 35.27069 18.72253 26.04675 19.41681 4.95911 2.34222 7.98798 3.46375 1.73187 5.06592 10.72693 15.50293 15.02991
0.80872 0.93842 0.50354 0.33569 1.74713 1.48010 1.02997 2.85339 1.22833 1.91498 3.70026 9.39178 10.74982 19.48547 3.82233 15.57922 16.60919 10.35309 31.59332 34.57642 12.58850 13.11493 13.23700 37.53662 13.13019 0.68665 1.11389 5.59235 3.66211 6.83594 1.76239
1.18256 0.38147 0.11444 1.96075 3.81470 0.64850 1.46484 2.58636 2.06757 0.67139 5.14984 2.15912 5.27191 22.26257 22.22443 14.40430 10.92529 11.68823 31.09741 11.19232 17.98248 30.60913 25.70343 37.46796 1.31989 0.06104 0.49591 0.09918 5.25665 1.89972 0.63324
2.83813 1.07574 2.41852 5.66864 2.49481 2.13623 0.95367 1.24359 0.75531 1.80817 7.83539 15.69366 18.76068 14.39667 36.14044 18.11981 7.62939 13.64899 11.13129 15.41138 12.48932 46.33331 41.24451 29.25873 1.67084 0.87738 1.29700 0.28229 0.68665 0.54932 2.63977
2.89154 3.34167 9.78851 12.80212 4.82178 11.15417 15.33508 8.87299 4.25720 5.17273 14.99176 23.41461 26.62659 24.04785 15.41901 15.76996 32.82166 18.94379 27.61078 23.23914 35.75897 27.22931 35.46143 34.30939 51.33057 5.74493 9.86481 0.96130 0.66376 0.06104 0.72479
