DATA/RAW-RASTER/ECMWF/20170628/EN-15/20170701.en-15.asc
ncols			31
nrows			16
xllcorner		69.5
yllcorner		19.5
cellsize		1.0
NODATA_value	-99999
0.03815 0.22125 0.33951 1.30844 4.33350 3.34549 2.09427 0.92316 0.72479 0.62943 1.36185 1.39999 1.32751 1.57547 1.79291 2.05612 1.84250 1.15585 0.61417 0.80490 0.86594 0.42725 1.00327 0.45013 1.93405 3.25394 6.67953 5.31769 10.47897 24.30344 21.92688
0.00381 0.20981 0.06104 0.08774 4.18472 0.31662 0.02670 0.06485 0.06866 0.03433 0.32425 1.35803 0.70190 1.44196 3.50952 2.57874 1.80054 5.87463 3.91006 1.42670 1.19019 2.19345 4.48990 1.05667 1.60217 4.00162 10.66208 11.24191 16.29257 26.57318 17.97104
0.01907 0.78964 0.06485 0.27084 0.65231 11.37924 7.54929 0.06866 0.04959 0.35858 0.34714 2.04086 1.65176 6.19507 7.54547 8.12531 9.39178 4.78363 0.13733 2.94113 3.26538 3.57056 2.00272 3.37219 3.52478 5.45883 8.36182 10.31876 15.12909 22.90726 22.85767
0.24796 0.44632 0.20981 0.05722 0.17929 0.24414 0.49591 5.97382 0.35095 0.54932 2.37656 4.95911 7.94983 7.37381 7.30133 4.74167 6.03485 6.87027 5.19180 0.45013 2.96402 4.84467 10.57816 7.87354 11.14273 4.08554 2.67792 5.61905 15.33890 15.28549 18.52417
1.65176 0.04959 0.48828 1.76620 1.43433 1.39618 4.18472 4.17328 3.55148 0.87357 1.83105 8.11768 7.53021 9.22012 12.10403 13.48495 13.95416 17.57812 8.63266 5.46646 2.42996 9.38034 10.00214 11.04355 7.96890 7.08771 6.59943 8.73947 8.98743 10.02121 9.03702
0.78964 0.00000 0.18692 0.78201 0.91171 0.75150 3.33786 6.63376 8.73947 32.48215 31.86798 21.95740 10.05173 1.30463 6.66046 7.97272 5.75638 4.15802 7.08389 7.50351 6.38580 3.88718 3.29590 8.90732 11.36398 22.55630 9.04846 3.64685 6.29044 8.49152 5.12695
0.00381 0.00763 0.25558 0.57602 1.62125 5.11551 10.34164 5.62668 7.07626 18.22281 29.36172 24.22333 27.89307 12.79449 0.46921 2.92206 1.34659 0.70572 4.25720 3.14331 1.40381 4.22668 4.08173 3.51334 11.63101 66.24985 69.83185 19.01627 9.94110 2.26212 8.66318
0.00763 0.59128 0.57983 0.83160 0.80872 3.63922 12.04681 6.24847 14.82773 17.09747 14.89258 12.58087 10.54382 76.59149 64.23187 52.84882 29.85382 5.21851 2.09045 6.32095 6.33240 9.87625 6.55365 25.82169 27.80914 71.48743 53.07007 22.34650 43.23196 6.24466 4.39072
1.39618 1.38474 0.80109 1.25885 3.01743 3.23868 10.11276 15.61356 37.87994 6.05774 16.07895 15.74326 12.05063 4.42505 7.69806 3.09753 16.83807 71.88034 70.19424 98.12927 99.62463 60.49728 24.64676 22.01080 5.77164 11.63864 27.21786 120.38803 87.84485 21.26312 1.20163
27.55356 5.88608 2.11716 2.74277 2.38800 1.00327 12.74490 13.32855 24.75357 35.44998 23.37265 26.29089 11.38306 7.26318 11.81030 5.63049 6.74820 7.88116 11.47461 5.47028 7.14493 7.34711 55.54199 25.00534 3.35312 11.18851 6.61850 8.07953 46.98563 14.59122 9.97543
120.12863 69.62967 5.52368 1.42288 1.03760 2.19345 6.77490 3.86047 11.71112 18.92471 17.65442 35.75516 31.81458 11.09314 10.32639 10.98633 7.27081 5.63812 7.00378 2.41470 3.78418 11.66153 107.76138 4.24576 7.60651 9.20486 6.32477 8.33511 36.20148 10.43701 10.34164
5.95093 1.16348 3.06702 5.45502 1.02234 0.90408 0.87357 2.76566 3.23868 5.99670 27.69470 28.36227 313.57574 20.25986 4.23050 11.97433 17.07840 4.82178 4.48608 6.11496 7.53403 5.42450 8.22067 10.71930 19.79828 3.17001 3.37982 8.72040 6.68335 21.01517 15.83099
0.83542 2.36130 1.62125 6.47736 14.65988 3.29971 2.29645 3.73077 2.69318 7.08008 13.51547 22.80426 18.96667 21.23260 22.20535 25.15793 8.18634 3.72696 6.20270 7.48062 18.72253 15.76996 5.07736 6.19125 13.19122 1.30844 0.72861 2.94876 9.75418 7.13348 7.59888
2.55585 2.98691 7.69043 2.74658 4.46320 1.76239 1.81580 3.54385 3.18527 2.09427 4.14658 20.45822 19.02008 25.12741 62.08801 17.80319 9.30786 7.96127 5.84030 20.65277 7.15637 21.57593 16.03699 11.85226 8.31985 0.77820 0.16403 7.64084 5.71060 7.44247 7.23648
9.44138 4.25339 4.40598 11.17706 8.65173 5.55038 1.26266 1.36948 8.09097 2.44904 2.61688 5.59235 13.14545 7.86591 7.03812 9.89151 23.30780 10.51331 15.27405 7.61414 9.96399 10.83374 36.09467 32.96661 7.27081 3.31497 0.98801 1.99509 2.70081 9.68933 12.65717
8.35800 13.78632 34.63364 27.71378 11.37924 1.57166 2.01797 4.27628 8.06808 5.12314 12.16125 8.49533 9.75418 14.49203 4.34875 9.20486 31.99005 93.72330 12.58850 5.33295 5.76401 8.09860 23.14377 29.10233 34.98077 3.17001 9.45663 3.44086 2.77710 2.05994 2.97165
