DATA/RAW-RASTER/ECMWF/20170628/EN-15/20170704.en-15.asc
ncols			31
nrows			16
xllcorner		69.5
yllcorner		19.5
cellsize		1.0
NODATA_value	-99999
3.82996 1.97601 0.90027 2.07520 1.10626 0.53406 1.26648 0.18311 0.06866 0.03052 0.07629 0.55695 1.19019 0.80872 3.60107 9.30786 3.16620 4.32587 7.24030 8.43811 3.34930 5.12695 0.99182 0.65613 0.18311 0.41199 0.44250 0.16022 0.21362 0.32043 1.15204
1.93024 20.56122 5.33295 1.28937 1.30463 0.08392 0.03052 0.28229 0.04578 0.00000 0.06104 1.26648 2.34222 1.93787 7.27844 9.71222 3.74603 3.02887 7.88116 6.28662 3.89862 7.72858 4.10461 2.25830 3.47900 5.02777 3.15094 1.66321 0.90027 0.28992 0.28992
0.28229 2.22778 1.86157 1.58691 1.38092 2.92969 2.66266 0.04578 0.01526 0.00000 0.19073 2.86865 3.34930 4.37927 7.53021 3.98254 5.77545 2.66266 2.89154 10.00977 9.98688 11.29913 10.91003 14.45770 13.93127 9.09424 7.07245 4.26483 2.44904 0.85449 1.03760
2.52533 3.58582 0.98419 1.54877 3.57056 2.86865 5.17273 12.67242 0.04578 1.34277 5.17273 6.30951 3.63159 8.49152 15.54108 4.72260 4.05884 2.52533 4.39453 4.50134 10.74219 13.80920 16.13617 12.80212 11.00159 6.08826 2.60925 0.76294 0.83923 1.80817 1.90735
1.98364 2.79999 0.00000 0.46539 1.89209 2.47955 1.93024 3.31116 13.58032 5.91278 5.53894 7.22504 5.80597 4.32587 10.26154 10.20050 10.39886 3.88336 7.72095 12.28333 9.56726 7.63702 13.09967 7.17926 4.19617 3.03650 1.08337 3.58582 1.19781 1.12152 0.89264
3.40271 0.06866 0.00000 0.01526 0.64087 2.38037 1.40381 2.60925 5.27191 20.50781 45.85266 20.04242 6.11115 4.04358 2.07520 1.69373 5.92804 8.73566 7.95746 10.98633 9.38416 13.76343 9.16290 11.52039 12.01630 5.17273 7.40814 5.92804 2.79236 1.39618 1.49536
0.03052 0.00000 0.00763 0.08392 0.06866 0.91553 1.69373 3.08990 34.39331 127.65503 252.53296 93.13202 14.16779 6.14929 0.96893 0.48065 0.65613 2.45667 12.03918 7.48444 13.58795 15.78522 13.99994 10.00977 15.35797 51.26953 27.68707 11.44409 1.32751 5.48553 7.37762
0.00000 0.00763 0.00000 0.09918 0.14496 0.01526 4.49371 12.13837 20.90454 62.75177 31.16608 38.11646 23.76556 4.92096 3.86810 15.42664 4.96674 3.79944 7.24792 13.59558 18.38684 23.53668 16.92963 19.82880 37.04071 17.99774 66.68854 28.04565 34.09576 9.94873 24.58954
0.00000 0.01526 0.23651 0.30518 0.21362 0.20599 1.81580 6.40106 7.62939 5.77545 10.65826 4.86755 8.75092 2.34985 3.06702 3.79944 6.94275 15.76996 30.29633 50.07172 111.61804 155.44128 38.85651 18.88275 8.33130 25.42114 50.86517 16.09039 16.38031 3.54004 33.85925
0.10681 1.79291 0.77057 1.31989 1.57928 0.41199 0.85449 2.02942 0.96130 2.13623 2.35748 1.40381 1.06049 2.12860 1.60980 14.19830 22.04132 12.24518 9.42230 26.02386 39.74915 18.45551 21.14105 8.92639 19.05060 61.00464 55.34363 5.15747 64.80408 12.90131 13.41248
0.48828 0.68665 1.34277 2.65503 0.45776 0.53406 0.28229 2.76947 1.67847 2.63977 7.10297 4.05121 6.11877 1.41144 2.20490 4.28772 14.41193 30.25818 32.33337 47.46246 9.03320 18.82935 46.31805 32.46307 14.64081 40.04669 4.02069 2.05231 10.91766 13.62610 9.55963
0.16785 0.48828 2.02942 2.04468 2.51007 1.42670 0.59509 2.32697 1.59454 8.69751 8.88062 12.80212 21.53015 10.68878 14.13727 9.04846 4.97437 18.80646 32.63092 71.71631 82.17621 33.45490 38.46741 6.58417 15.23590 1.22070 1.15967 2.13623 1.67847 14.24408 15.33508
0.68665 1.86920 0.60272 1.89209 3.71552 1.20544 2.76947 0.89264 8.52966 20.13397 4.47083 7.14874 4.13513 10.80322 4.49371 7.59125 9.70459 9.33838 15.83862 47.92023 51.64337 30.54047 68.78662 22.64404 38.35297 2.84576 2.07520 1.40381 3.69263 12.85553 8.33130
0.84686 1.66321 0.84686 3.09753 2.42615 0.29755 1.45721 3.49426 1.47247 5.31769 9.02557 10.31494 14.70184 9.33075 11.33728 17.18903 2.51770 13.97705 14.22882 39.78729 19.09637 38.45215 115.58533 19.76013 8.70514 1.59454 1.35040 2.69318 26.82495 8.40759 22.83478
6.11877 1.79291 3.79181 9.19342 2.24304 4.47083 2.14386 2.74658 0.48065 10.57434 11.41357 8.14819 7.12585 8.69751 8.84247 11.25336 1.78528 9.46808 33.65326 58.65479 46.54694 69.22913 53.38287 26.50452 1.46484 0.26703 28.19061 0.83923 5.64575 24.72687 22.12524
7.84302 13.00049 20.19501 18.60809 1.48010 4.29535 10.96344 17.64679 2.91443 3.61633 4.98962 1.42670 1.52588 0.22125 1.41907 4.05121 10.39886 21.74377 42.64069 37.91046 21.56830 25.52032 30.07507 34.82056 31.00586 8.11005 10.63538 9.84955 11.59668 16.05225 13.79395
