DATA/RAW-RASTER/ECMWF/20170628/EN-15/20170707.en-15.asc
ncols			31
nrows			16
xllcorner		69.5
yllcorner		19.5
cellsize		1.0
NODATA_value	-99999
3.42560 0.12970 0.75531 1.19019 1.46484 1.00708 0.42725 0.22888 0.49591 0.60272 1.31989 1.60980 1.86920 2.27356 2.60162 4.24957 2.11334 2.15149 4.51660 3.79181 2.99835 5.50842 2.38037 2.59399 11.61957 3.66974 10.20050 13.42773 11.59668 14.25171 13.42773
0.00000 0.14496 0.77057 3.68500 3.02887 2.18201 0.04578 1.93787 1.79291 0.57983 1.61743 2.31171 7.11823 7.41577 1.51825 1.48010 3.52478 2.17438 3.10516 2.76184 2.40326 6.96564 8.13293 4.78363 6.00433 4.11987 5.37872 5.30243 7.23267 10.44464 16.80756
0.41962 1.15204 0.48828 2.32697 6.85883 4.51660 1.62506 0.00000 0.36621 0.83160 1.51825 2.00653 2.43378 1.68610 3.12805 14.40430 12.90131 11.66534 8.14056 8.33130 7.66754 15.39612 10.37598 9.23157 3.32642 1.68610 2.21252 5.31006 3.86047 6.66809 9.84955
1.50299 0.05341 2.90680 1.52588 2.84576 5.11169 3.37982 10.65063 0.01526 0.02289 0.26703 1.57166 2.19727 4.92859 2.17438 5.29480 10.68878 7.17926 7.27081 15.06042 5.91278 11.74927 13.51166 6.27899 1.59454 3.61633 6.85883 9.66644 12.93182 12.03156 12.39014
9.26971 1.57928 1.09100 2.00653 6.95801 8.37708 2.14386 4.57764 3.60870 0.66376 0.08392 0.38910 0.06104 0.70190 0.25940 2.41852 7.08771 10.39124 8.14056 7.54547 8.22449 5.53894 2.69318 8.52203 5.13458 3.39508 2.89917 5.14984 8.36182 5.72205 23.20099
2.98309 0.00000 0.00000 0.09155 0.60272 0.96130 3.55530 2.64740 1.56403 9.03320 15.89966 1.41144 11.19995 1.25885 2.79999 4.00543 5.24902 7.08008 5.50842 6.14929 3.60107 6.60706 6.48499 11.20758 10.47516 27.19879 11.93237 5.58472 2.65503 2.32697 10.23865
0.00000 0.00000 0.00000 0.00000 0.01526 0.03052 0.37384 1.00708 4.44794 1.48010 1.83105 20.05768 10.04791 5.24139 2.29645 3.28064 2.31171 5.02014 4.89807 7.57599 5.38635 8.72803 16.27350 9.24683 24.77264 89.81323 98.77777 27.16827 3.75366 3.28064 6.14929
0.00000 0.00000 0.00763 0.00000 0.00000 0.01526 0.03815 0.04578 0.31281 0.86212 2.06757 1.80054 13.18359 12.25281 31.53229 74.98932 27.71759 0.74005 2.61688 5.24902 6.72150 14.57977 7.22504 34.52301 53.18451 114.58588 152.82440 38.00964 42.22107 6.08063 5.57709
0.01526 0.08392 0.07629 0.16785 0.03052 0.00763 0.00000 0.00000 0.00000 0.03815 0.98419 0.34332 0.77820 4.18091 23.23151 46.84448 30.40314 36.65924 37.91046 42.32788 75.52338 160.54535 113.00659 70.03021 32.56226 36.69739 20.27893 127.73895 90.21759 8.26263 6.45447
0.19073 1.52588 1.25122 1.62506 1.20544 0.82397 0.44250 0.62561 0.22888 0.01526 0.00000 0.03815 0.02289 1.45721 4.92859 23.62823 27.83203 27.77863 17.06696 12.63428 15.86151 39.31427 119.15588 45.68481 25.80261 23.61298 45.16602 20.40863 62.29401 12.14600 12.17651
1.35040 1.44196 0.83923 5.64575 0.42725 0.06866 0.28229 1.62506 1.09100 0.67139 0.00763 0.20599 0.11444 0.85449 1.52588 21.92688 10.38361 23.41461 14.78577 27.45819 38.29193 40.72571 60.84442 40.49683 26.84021 18.53180 7.92694 22.38464 66.96320 20.66803 24.38354
0.99945 0.92316 1.31226 1.70135 0.17548 0.72479 0.43488 0.89264 3.81470 4.21906 1.64795 0.69427 0.91553 1.25885 11.22284 4.45557 11.34491 29.65546 14.28223 28.10669 27.03094 27.95410 6.39343 9.17053 12.27570 5.27191 3.60107 21.25549 15.47241 21.64459 21.01898
1.07574 2.18964 1.11389 2.25830 7.25555 5.92041 1.65558 0.80109 2.66266 13.47351 12.34436 3.10516 1.06049 10.52094 19.63043 28.19824 24.81079 9.84192 12.71820 28.59497 30.62439 21.98792 16.45660 22.82715 13.09204 0.52643 1.29700 5.98907 8.99506 7.55310 0.99945
1.45721 2.95258 0.62561 3.79944 2.94495 1.02234 0.95367 2.28882 7.72858 11.37543 54.03900 19.38629 7.93457 9.89532 17.06696 8.74329 3.44849 6.27899 9.88007 36.26251 9.75800 38.49030 39.38293 36.14807 0.91553 0.16022 0.51117 2.11334 5.33295 5.21088 0.37384
3.42560 4.34113 1.74713 8.34656 3.31879 1.56403 1.57166 9.70459 14.04572 18.25714 20.14923 17.27295 21.63696 14.88495 7.99561 5.39398 9.64355 18.04352 17.11273 27.38953 32.30286 48.13385 55.81665 40.72571 58.00629 8.19397 1.83105 0.77820 0.56458 11.05499 1.12152
1.85394 5.77545 11.48987 117.69867 3.72314 21.65222 10.03265 2.54822 6.61469 25.28381 12.47406 12.91656 19.29474 14.80865 19.31763 11.51276 19.05823 12.79449 23.52905 32.23419 42.35077 33.95844 43.58673 40.89355 39.65759 9.64355 10.26154 1.87683 0.72479 0.28229 0.05341
