DATA/RAW-RASTER/ECMWF/20170628/EN-15/20170628.en-15.asc
ncols			31
nrows			16
xllcorner		69.5
yllcorner		19.5
cellsize		1.0
NODATA_value	-99999
4.27246 7.54929 18.74924 10.08797 9.64355 10.30922 8.28934 9.72366 2.27737 0.39291 0.89455 2.76184 4.00352 5.77927 6.07681 9.60732 9.27734 6.26373 7.28416 5.16129 5.46646 1.25313 1.16158 1.07574 1.37711 1.61171 0.73242 0.97275 2.26784 1.65749 3.11852
6.75964 11.08932 44.04640 24.76501 5.73921 12.06589 7.81250 2.51770 5.87845 1.74332 1.07384 3.45039 12.06779 8.54683 9.20868 6.19316 6.51932 6.30569 10.16426 15.00130 10.53619 4.80843 0.95749 1.62125 0.58556 1.28746 1.15585 3.05748 0.78201 0.75722 2.91061
19.04488 38.01918 47.43958 20.80727 21.13533 22.81570 19.57130 12.62283 5.78117 2.27928 1.35803 1.16730 2.04659 4.41360 4.63486 3.74603 9.46617 2.98309 10.38933 7.82394 21.82961 20.60127 4.40216 1.60789 0.00000 0.74577 0.92697 1.67656 1.70708 1.88828 0.70953
27.91214 30.70259 29.78706 25.66910 17.13371 21.80290 13.08823 21.05141 8.06808 0.65994 0.81825 1.10435 1.85585 2.30408 3.04794 4.97437 4.11606 10.21576 5.03159 6.00624 16.85143 9.30214 14.33563 3.78609 0.00000 0.00000 1.66512 0.75150 0.88310 0.55695 9.19151
13.39722 19.59419 17.26151 19.53125 26.06773 32.20558 11.94382 7.29942 9.66072 3.19672 0.10300 1.23405 0.64850 0.81253 0.16975 2.29454 1.38664 4.69017 4.88663 4.13513 11.32202 7.65038 2.17438 0.76675 0.13351 10.52094 5.90134 2.11525 4.69589 2.08855 7.64275
38.32626 31.80695 25.83313 12.19940 29.14429 21.31653 20.95795 14.80484 4.41551 5.01060 11.64627 1.45912 1.29318 0.00000 0.82397 3.58963 5.64194 3.84712 6.86455 6.71577 4.96483 6.79779 7.11060 9.06372 5.21660 4.94576 3.47328 1.29700 2.82669 7.64275 9.73701
22.70699 31.89850 7.72095 8.19588 9.36317 16.45851 23.49472 26.17645 13.02528 5.22232 5.73158 14.41956 11.26480 7.44820 2.70081 11.47842 3.20625 2.50435 1.44958 10.84328 3.98254 5.22804 10.99205 11.62720 16.43753 26.85928 10.41794 0.87738 2.48528 5.26237 2.61879
40.52162 21.23833 3.51143 1.23978 2.27928 19.48357 15.02419 16.50429 26.36719 20.91217 7.88689 8.03947 6.17599 12.43019 17.58003 16.60919 4.16183 0.48065 2.77710 4.64058 4.60434 11.87897 7.02667 44.13795 32.88841 28.33557 26.75819 6.47926 38.60664 8.29887 7.81250
37.60719 10.93483 1.03569 1.48582 0.17357 2.98882 6.71768 58.92944 15.41519 15.62691 7.30133 6.03867 2.21825 4.54330 3.33595 1.83296 0.31090 4.89807 5.96428 10.62393 9.28116 29.75464 12.35962 14.66751 15.85770 23.73505 26.19553 63.96484 56.04553 14.41002 7.65228
17.46178 3.51334 3.48473 8.55064 3.57628 7.36427 1.91879 9.84192 11.09886 28.49388 10.49614 24.57428 7.13158 1.12343 0.59319 0.43869 0.85831 1.03569 4.61006 5.63049 11.34872 19.08112 14.82391 13.80730 12.84599 12.87079 18.03207 18.83698 30.23529 1.19400 9.85527
5.14793 1.74904 9.29070 22.70317 5.13077 0.49210 0.66185 7.90405 21.90208 57.27768 40.53879 23.61488 15.00511 4.78554 2.08092 1.68991 4.09126 1.18446 1.77002 1.75667 5.35583 15.64407 17.21573 18.83316 13.15308 7.20978 17.15851 26.35574 23.17238 4.39072 5.41306
12.32910 1.92642 2.95639 17.82608 10.77652 12.42638 5.03922 0.63705 5.15747 31.10886 35.09903 25.32959 20.84732 8.97598 4.23050 6.35529 2.43950 8.84247 2.48909 1.51825 9.72557 2.43378 8.27026 24.46365 16.47758 25.39062 6.87218 22.57729 10.16045 24.35684 14.28986
21.22688 4.95720 4.21524 4.43459 3.38173 5.11551 8.15010 1.14822 2.54059 12.15935 30.02357 28.85246 4.33922 11.33156 8.44383 25.78545 9.31549 10.38551 4.44984 6.72150 5.28145 10.21767 5.87273 14.55116 23.55957 19.93942 1.68800 28.50151 37.67395 30.02357 35.60829
5.13268 2.45476 20.55931 18.93997 1.23596 7.23648 5.34439 3.07655 0.33379 3.80898 20.85686 29.85764 3.89862 6.62804 14.98795 67.92259 100.33798 9.99832 13.32664 7.53784 9.00841 9.80568 4.79507 18.44978 5.95665 4.02069 3.36266 34.76524 22.75848 13.50403 20.61462
15.78331 10.54764 45.33386 17.91000 3.54576 2.72179 9.91440 4.79889 2.14577 1.38474 2.92969 5.28717 2.01225 5.22995 12.06017 11.93428 16.49857 13.51357 14.84108 10.08606 13.67950 8.73375 9.21440 19.13834 0.97466 0.57411 6.09589 12.83264 20.09392 14.64081 17.11464
34.34753 28.58734 26.96419 32.18842 1.67274 2.30980 0.65994 2.12860 1.00517 4.29726 4.17709 5.60570 0.75722 12.87079 28.22876 27.83203 31.09169 24.42551 31.01921 9.55391 8.38089 9.06372 13.76915 16.29257 8.04520 1.24931 3.31879 5.56564 7.18689 4.31252 12.18987
