DATA/RAW-RASTER/ECMWF/20170628/EN-15/20170710.en-15.asc
ncols			31
nrows			16
xllcorner		69.5
yllcorner		19.5
cellsize		1.0
NODATA_value	-99999
0.12970 1.28174 1.32751 5.48553 0.77057 0.37384 0.01526 0.03052 0.13733 0.70953 0.06866 0.00000 0.36621 0.31281 0.55695 1.80054 8.12531 10.28442 12.63428 16.20483 17.24243 29.53339 20.38574 16.44135 33.18787 17.15088 7.40814 0.32806 0.20599 0.03815 0.16022
0.00000 0.00000 5.99670 11.65771 3.20435 4.11987 0.00000 0.20599 1.01471 2.51770 2.36511 2.02942 0.70953 1.42670 5.51605 7.07245 9.59778 14.77051 22.45331 17.18903 17.92908 11.00922 22.99500 15.73181 13.42773 13.88550 5.93567 1.01471 0.00000 0.05341 0.30518
0.00000 0.99945 3.91388 17.39502 10.93292 17.89856 8.24738 0.06104 4.10461 2.96783 9.41467 2.92206 0.48828 1.02997 1.18256 3.24249 3.80707 9.73511 14.44244 8.91876 8.01086 23.47565 15.26642 10.96344 5.65338 5.39398 4.71497 0.38147 0.41962 0.64850 0.79346
0.06866 0.01526 0.03052 1.19019 8.68225 36.49139 29.06036 15.73181 2.90680 10.69641 15.48767 7.34711 0.49591 1.79291 1.19019 1.81580 2.40326 4.48608 2.43378 7.23267 12.74109 14.09149 18.18085 8.31604 6.50024 3.18146 5.16510 3.64685 1.22070 1.12152 1.26648
0.35095 0.00000 0.01526 0.01526 0.38910 6.73676 21.17920 25.14648 56.11420 12.76398 2.96021 7.14111 3.67737 6.37817 9.52148 7.72095 8.33893 4.50897 18.31055 9.10950 17.70782 7.27844 7.68280 3.70789 3.98254 2.19727 4.03595 1.14441 4.49371 2.57111 1.29700
0.00000 0.00000 0.01526 0.00000 0.03052 1.09863 10.94818 17.76886 62.01172 44.70825 103.17993 18.78357 8.55255 7.59888 6.95038 1.99890 6.08826 4.53186 9.65118 9.39178 5.81360 5.84412 6.82068 14.77814 7.02667 2.99835 3.75366 11.17706 12.41302 8.97217 11.61194
0.00000 0.00000 0.00000 0.00000 0.00000 0.16022 0.03052 4.68445 21.53015 44.19708 158.97369 23.23151 16.25061 6.40869 2.05231 17.57812 4.53186 7.16400 5.90515 8.01849 2.83813 3.49426 13.90076 7.20215 7.87354 12.22992 5.85175 7.18689 12.58087 9.84955 14.01520
0.00000 0.00000 0.00000 0.01526 0.01526 0.01526 0.01526 0.15259 0.51117 4.21143 36.60583 89.72931 34.16443 25.97809 89.92767 48.40088 13.83972 12.87079 2.50244 6.91223 6.94275 6.91986 4.19617 10.90240 5.53131 15.43427 15.52582 17.54761 9.63593 6.64520 10.62775
0.00000 0.00000 0.00000 0.22888 1.08337 0.16785 0.03052 0.00000 0.04578 0.77057 15.00702 42.97638 85.88409 30.34210 27.19116 57.80792 34.62982 35.05707 17.31873 45.94421 108.31451 6.70624 3.50952 3.73077 1.14441 3.70789 19.61517 20.65277 24.87183 3.89862 4.98199
0.09918 1.02997 0.47302 2.12860 1.66321 0.35095 0.22888 0.70953 1.26648 1.76239 3.43323 15.86151 31.96716 18.63861 21.25549 50.36163 131.98853 21.59119 8.17871 7.46918 42.67883 5.02777 13.64136 5.53894 4.60052 9.51385 16.96777 18.58521 75.84381 16.20483 3.88336
0.68665 1.06812 1.11389 1.41144 0.49591 0.62561 0.61035 0.93842 0.64087 2.51007 10.23865 25.07782 28.46527 23.15521 27.45056 19.57703 11.49750 4.05884 19.04297 15.02228 6.86646 7.72858 17.60101 5.48553 3.05176 17.21191 10.77271 16.40320 16.76941 12.42828 1.74713
0.35858 0.74005 1.48773 3.77655 3.42560 2.44904 0.96130 0.90790 1.41144 6.27899 13.93127 11.16943 16.18958 24.32251 67.89398 18.57758 26.45111 3.65448 29.57916 15.84625 9.78851 1.80054 2.38800 6.07300 5.59235 7.05719 9.88770 15.41901 6.50787 2.13623 1.89209
0.90790 1.70898 0.35858 1.73950 2.73132 2.30408 1.28937 3.69263 11.61957 7.46155 4.57764 13.63373 12.02393 22.05658 24.42169 33.05817 111.47308 2.42615 24.50562 8.46100 4.01306 8.89587 4.18091 11.06262 14.42719 9.74274 0.68665 8.62122 20.10345 1.40381 0.87738
1.30463 1.65558 0.22125 2.04468 3.75366 2.04468 2.00653 10.28442 4.91333 2.92969 14.94598 12.51984 14.32037 29.44183 90.82031 46.02051 5.31769 4.23431 4.85992 7.30133 2.56348 14.11438 6.41632 7.26318 6.94275 2.20490 4.63867 1.25122 1.74713 0.99945 0.66376
1.11389 1.75476 2.90680 6.43921 4.95911 2.82288 3.28064 4.76074 5.21851 8.70514 12.22992 9.96399 4.99725 2.89154 5.43213 9.44519 7.53784 5.86700 4.72260 5.38635 6.66809 4.25720 11.81793 10.78033 0.28229 0.99945 7.73621 4.24957 0.76294 1.43433 4.54712
0.64087 1.58691 3.50952 6.02722 1.19781 2.20490 2.10571 1.35803 2.23541 6.26373 19.38629 14.23645 4.02069 10.14709 3.78418 9.52911 2.76947 2.32697 4.15039 3.15857 7.56836 3.96729 6.36292 10.46753 5.60760 3.74603 9.15527 1.38092 1.93024 0.16785 0.22125
