DATA/RAW-RASTER/ECMWF/20170628/EN-15/20170705.en-15.asc
ncols			31
nrows			16
xllcorner		69.5
yllcorner		19.5
cellsize		1.0
NODATA_value	-99999
1.57166 2.91443 0.21362 0.97656 5.57709 1.10626 1.77765 4.92096 2.02179 0.03815 0.11444 0.12970 1.28937 2.47955 2.16675 2.61688 2.70081 0.73242 3.07465 4.28009 3.57819 6.16455 9.01794 10.39886 14.32037 12.42065 3.52478 3.24249 1.13678 2.47192 2.01416
0.28992 0.00000 7.88116 13.62610 1.94550 2.60162 0.90027 0.21362 0.73242 0.06866 0.00000 0.00000 2.41852 6.85883 12.23755 5.52368 9.96399 7.53021 12.07733 5.37109 11.70349 7.96509 6.85883 1.41144 2.10571 1.90735 2.83813 2.60925 1.86920 1.35040 4.87518
0.22125 1.23596 2.67029 13.40485 25.74921 4.66156 2.07520 0.25940 0.01526 0.00000 1.89209 1.93787 1.88446 4.33350 9.50623 5.01251 4.60052 4.23431 13.13019 0.87738 7.51495 8.00323 11.16180 11.72638 6.05774 2.59399 4.30298 6.06537 8.05664 5.68390 5.05829
2.31171 0.13733 4.85992 2.29645 21.58356 42.47284 5.56946 13.30566 0.12207 0.11444 2.29645 2.44141 1.38855 2.29645 1.76239 1.13678 3.92151 12.63428 2.15912 4.00543 5.13458 6.10352 3.37982 5.27191 4.74548 6.13403 5.61523 3.67737 6.87408 7.68280 6.73676
4.07410 0.00000 0.41962 3.88336 7.24030 8.33130 9.13239 7.50732 17.92145 5.65338 2.80762 18.69965 9.99451 1.59454 1.05286 0.34332 0.69427 3.73840 6.59943 8.04138 9.10187 10.47516 3.43323 4.27246 1.57166 3.66974 4.90570 9.86481 15.75470 8.94165 8.59070
2.78473 0.00000 0.03052 0.05341 1.69373 1.55640 4.33350 12.91656 20.37048 66.61224 59.67712 49.27826 16.20483 1.70135 1.28937 4.02069 1.44958 4.27246 10.51331 6.57654 5.88989 7.35474 3.02887 8.93402 15.39612 33.94318 5.73730 2.36511 5.94330 13.32092 13.06915
0.00000 0.00000 0.00000 0.00000 0.06104 0.35095 4.37927 6.95801 19.59991 77.84271 187.01172 96.59576 28.60260 4.39453 2.17438 0.95367 0.71716 0.54932 3.93677 5.51605 6.84357 4.18091 4.87518 15.93781 13.04626 55.19867 47.71423 43.49518 13.34381 4.92096 7.61414
0.00000 0.00000 0.00000 0.00000 0.51880 0.57983 0.47302 4.35638 7.57599 13.46588 11.55853 18.98956 11.21521 16.54053 40.00854 9.43756 7.09534 3.44086 7.56836 7.39288 18.50128 11.90948 22.43805 27.56500 32.76825 46.61560 103.14941 46.44775 61.61499 14.82391 8.51440
0.00000 0.00763 0.03815 0.04578 0.58746 0.41962 0.07629 0.15259 0.19073 2.82288 1.93787 11.10077 5.22614 4.69971 10.52094 19.39392 11.36780 10.29968 26.27563 10.61249 11.55853 39.94751 143.62335 38.17749 50.97198 23.20099 55.51147 143.85986 81.04706 27.74048 18.40973
0.14496 1.43433 0.85449 1.53351 1.21307 0.03052 0.79346 1.52588 1.36566 1.10626 2.78473 7.71332 11.00159 3.82996 23.07129 14.19830 20.37048 7.33948 18.87512 67.75665 12.68768 39.28375 35.14862 20.22552 9.67407 15.01465 7.33948 8.11005 28.30505 16.53290 8.38470
0.83923 0.49591 0.43488 0.78583 0.02289 0.04578 0.23651 0.93079 0.47302 5.02777 4.21143 4.92859 0.79346 5.91278 7.92694 4.27246 9.14764 11.74927 11.68823 22.65930 17.55524 35.85815 92.23938 67.71088 29.72412 11.36017 0.94604 1.59454 22.85004 13.13019 5.00488
0.37384 0.10681 0.48065 1.64795 0.57983 0.45776 0.67139 0.75531 1.83105 10.23865 8.58307 5.47791 1.08337 5.43976 6.00433 11.68060 19.53888 18.98193 12.57324 31.11267 74.76044 31.76880 5.76019 19.50836 23.83423 1.67847 3.09753 2.03705 6.59943 12.48169 21.40808
0.48065 0.45776 0.05341 0.54932 0.91553 1.28174 0.76294 0.57983 5.50842 2.38800 2.79236 6.08063 12.08496 33.91266 34.66797 34.56116 17.63153 14.39667 14.68658 10.52856 31.84509 29.22058 15.97595 28.09906 16.48712 0.24414 1.40381 4.75311 13.15308 15.79285 15.95306
0.88501 0.99945 0.16022 1.73187 3.31116 0.85449 10.71930 11.39832 3.11279 2.00653 21.97266 8.58307 18.13507 12.45880 31.18896 13.44299 12.23755 6.58417 25.48981 30.08270 18.00537 24.11652 23.17810 41.48865 11.61194 1.53351 1.80817 1.41907 20.24078 6.31714 3.30353
3.90625 5.31006 2.44904 4.91333 4.65393 10.89478 8.25500 5.21851 0.99945 0.92316 1.41144 5.88989 3.70026 2.06757 6.98090 5.46265 5.57709 8.30841 18.47076 10.26154 11.59668 15.14435 36.29303 18.89038 6.01959 0.21362 2.64740 0.25177 0.25940 0.96893 2.02179
4.02832 5.08881 5.84412 14.06097 6.46973 2.80762 19.79828 15.95306 1.54877 3.02887 0.93079 16.45660 5.83649 3.09753 5.30243 8.09479 11.71875 7.64465 12.55035 7.94983 13.98468 17.83752 32.50885 33.86688 29.83856 3.00598 6.69098 1.83868 1.59454 0.99945 0.83923
