DATA/RAW-RASTER/ECMWF/20170628/EN-15/20170708.en-15.asc
ncols			31
nrows			16
xllcorner		69.5
yllcorner		19.5
cellsize		1.0
NODATA_value	-99999
2.05994 0.19073 1.22070 1.98364 0.57220 0.54932 0.74768 0.00763 0.09155 1.28174 1.28937 1.16730 0.86975 0.23651 0.45013 0.38147 0.41962 0.64087 0.96893 1.85394 3.66974 2.99835 5.36346 2.40326 2.77710 2.46429 2.43378 1.98364 1.71661 6.38580 10.63538
0.00000 0.00000 0.96893 2.79236 2.92206 1.15967 0.03052 1.85394 0.35858 1.72424 4.15039 2.62451 0.67902 0.49591 0.38910 0.67902 1.09100 1.19019 2.31934 2.30408 0.86975 10.26154 9.66644 6.26373 5.85175 9.74274 9.11713 9.38416 9.23157 12.04681 6.62994
0.10681 0.76294 0.28229 1.55640 11.07025 21.17157 2.22778 0.03052 1.64032 2.15912 13.87024 4.28772 1.29700 1.01471 0.51880 1.36566 2.72369 1.78528 1.68610 7.58362 3.48663 1.84631 3.58582 14.22882 19.83643 21.91925 17.18903 15.86151 15.48767 18.74542 16.48712
1.22070 0.02289 0.76294 3.46375 11.71875 15.19775 11.03973 5.70679 0.03052 3.28064 3.15094 12.13837 4.18091 2.38037 0.33569 3.49426 1.99127 4.99725 8.30078 6.27136 9.66644 2.06757 5.82123 10.51331 18.85986 23.78082 26.69525 17.36450 14.66370 13.63373 15.29694
0.57220 0.00000 0.00000 0.26703 3.49426 11.32965 8.35419 2.70081 3.34167 0.31281 0.49591 0.57220 1.40381 4.15039 3.06702 2.76184 8.09479 10.11658 7.12585 6.25610 7.65228 12.87079 12.57324 15.11383 6.16455 4.81415 6.08063 3.55530 10.43701 17.57050 9.48334
0.08392 0.00000 0.00000 0.00763 0.76294 2.66266 7.25555 5.34058 2.63214 5.72205 7.62177 1.94550 2.64740 1.38092 2.14386 12.85553 11.39832 6.77490 16.47186 17.30347 8.01086 16.76941 17.17377 15.83099 14.35089 19.69147 7.35474 0.90027 2.41852 4.63104 6.74438
0.00000 0.00000 0.00000 0.00000 0.00000 0.22125 2.15149 3.22723 8.22449 7.78961 4.90570 12.70294 46.24939 7.85828 7.08771 4.21906 2.49481 3.15857 5.91278 20.43152 14.01520 9.46045 19.26422 13.93890 23.94104 58.99811 52.68097 10.91766 5.50079 3.62396 6.79779
0.00000 0.00000 0.00000 0.00000 0.00000 0.05341 0.52643 0.55695 2.53296 10.99396 13.43536 18.69202 25.42114 16.34216 22.85004 37.59003 29.22821 17.95959 7.85065 9.20868 15.73944 27.41241 9.14764 52.18506 49.40796 58.02917 34.70612 15.02991 37.75787 7.26318 8.59833
0.00000 0.01526 0.25940 0.09155 0.03052 0.01526 0.00000 0.05341 0.04578 0.88501 6.34003 17.37976 19.56177 28.55682 32.99713 63.31635 89.53094 62.56104 48.17963 202.23999 188.90381 176.45264 123.51990 74.20349 37.02545 11.95526 21.94214 69.73267 99.09058 16.84570 9.17053
0.11444 0.75531 1.81580 1.57166 0.91553 0.00000 0.02289 0.03815 0.16785 0.07629 1.85394 2.20490 9.10187 14.57977 13.10730 40.96985 35.54535 24.76501 30.65491 15.41901 8.67462 28.67889 31.33392 30.66254 34.24835 19.40155 29.45709 21.50726 80.39856 19.69910 17.68494
1.54877 0.70953 2.12860 3.89862 0.66376 2.54822 3.47900 1.58691 1.92261 0.80872 0.81635 0.34332 0.90027 2.75421 5.09644 17.48657 7.11060 10.23865 17.32635 38.11646 32.47070 35.56824 83.61053 42.95349 22.91870 40.13824 27.23694 19.90509 51.97144 19.86694 25.32196
0.99945 0.83160 1.93024 2.59399 1.69373 0.94604 0.54932 1.47247 1.40381 4.08173 4.69971 3.34167 3.04413 6.31714 4.30298 7.85065 13.29803 24.21570 9.66644 37.03308 38.25378 34.42383 7.97272 11.27625 12.61139 20.85114 11.22284 17.36450 16.18958 20.06531 20.77484
0.93079 2.26593 1.51825 3.39508 4.80652 4.53949 10.84137 1.74713 1.70135 0.80872 13.86261 65.87219 12.16125 7.13348 4.20380 8.64410 3.62396 3.39508 8.70514 19.56940 22.22443 22.09473 33.73718 49.15619 8.90350 5.08881 7.04956 10.52856 17.68494 13.67188 2.51007
1.99127 2.93732 2.15912 6.62231 3.22723 2.35748 2.73132 8.07190 3.22723 2.47192 50.92621 29.52576 13.25989 12.90131 4.84467 2.44141 11.09314 5.32532 6.29425 6.15692 7.49969 27.98462 45.86792 58.88367 23.26202 11.25336 8.96454 7.58362 4.82941 8.26263 3.03650
1.67847 0.66376 0.72479 6.06537 2.69318 2.03705 2.54059 5.68390 5.95856 13.13019 14.64081 3.08990 5.34058 11.18469 7.90405 6.41632 12.84790 2.97546 15.97595 13.13782 12.54272 26.24512 58.42590 38.68103 57.57141 30.09796 21.63696 9.01031 1.56403 2.07520 0.17548
2.55585 7.57599 10.82611 20.82825 13.36670 8.79669 1.67084 5.92041 4.62341 7.14874 2.29645 5.67627 2.02942 0.93842 5.21851 1.55640 0.46539 4.51660 12.25281 11.84082 16.00647 19.46259 28.54156 39.02435 52.20795 10.20813 10.84900 3.69263 0.31281 0.16022 0.07629
