DATA/RAW-RASTER/ECMWF/20170628/EN-42/20170712.en-42.asc
ncols			31
nrows			16
xllcorner		69.5
yllcorner		19.5
cellsize		1.0
NODATA_value	-99999
1.88446 4.85992 3.35693 6.21033 6.91223 13.77869 2.20490 0.12207 0.09155 0.86975 1.25122 0.16022 0.23651 1.08337 1.68610 7.06482 8.38470 2.37274 0.70953 1.19781 1.42670 0.12207 0.02289 0.00000 0.02289 0.00000 0.01526 0.18311 0.26703 0.09155 0.26703
0.04578 0.55695 5.42450 4.47845 5.42450 0.25177 3.89099 5.40161 1.19781 2.87628 7.89642 0.54932 2.66266 4.35638 11.00922 3.44086 2.72369 0.30518 0.96130 0.22888 0.00000 0.01526 0.00000 0.00000 0.00000 0.02289 0.80109 0.77057 0.22125 0.00763 1.02234
0.86975 4.99725 0.83160 2.16675 9.08661 2.60925 5.52368 0.09918 1.38092 3.42560 5.25665 10.23865 15.44952 5.40924 1.44958 1.17493 0.76294 0.11444 0.31281 0.03052 0.11444 0.01526 0.00000 0.00000 0.00000 0.37384 0.48065 0.12970 0.00763 0.56458 0.57983
4.21143 2.57111 6.45447 1.48010 1.03760 3.06702 6.96564 5.14984 0.50354 1.88446 5.47028 8.73566 12.50458 2.79999 0.93079 0.31281 0.93079 0.27466 0.06104 0.00000 0.00000 0.00000 0.02289 0.15259 0.19073 0.00000 0.24414 0.40436 0.54932 0.48065 1.29700
4.11987 0.35095 0.16022 0.94604 8.70514 7.94983 8.86536 4.02069 7.91931 2.18201 1.38092 7.33185 0.39673 7.49969 1.34277 0.38910 0.77057 0.86975 0.37384 0.17548 0.00000 0.05341 0.00000 0.04578 0.00763 0.38147 0.43488 0.70953 0.81635 1.35803 2.16675
11.29913 0.27466 0.48828 0.60272 3.60107 7.40051 4.11224 2.14386 14.97650 25.68817 11.52802 6.96564 0.51880 3.15857 2.35748 1.20544 1.56403 1.01471 0.30518 0.95367 0.00000 0.01526 0.26703 0.74768 0.98419 0.13733 0.61035 3.81470 3.00598 1.25885 4.66156
0.16022 0.00000 0.06866 0.05341 0.19836 0.41199 1.57166 5.71442 6.06537 5.37872 12.44354 10.03265 7.52258 4.84467 2.93732 5.71442 2.76947 2.62451 0.51880 0.22888 0.09155 0.25177 0.60272 1.14441 4.30298 5.63049 7.72858 13.56506 12.12311 4.71497 8.35419
0.11444 0.00000 0.05341 0.01526 0.03815 0.97656 0.39673 1.73950 4.50134 9.81903 11.92474 6.31714 1.51062 6.43158 14.79340 34.06525 11.32202 0.75531 0.28229 4.02069 10.54382 4.34875 1.25885 9.30023 1.50299 7.69806 4.70734 15.89203 8.56781 13.15308 6.14929
0.00000 0.00000 0.00000 0.00000 0.06866 2.63977 1.61743 4.16565 6.52313 18.20374 3.04413 7.68280 5.71442 3.18909 1.87683 13.49640 15.62500 6.52313 14.07623 19.82880 11.01685 7.98035 4.11224 4.35638 6.82831 7.20978 6.87408 38.09357 16.83044 11.98578 7.39288
0.00000 0.00000 0.00000 0.00000 0.08392 1.56403 1.67847 18.31055 15.02228 15.40375 20.10345 8.46863 23.49091 5.88989 8.29315 4.14276 3.38745 10.98633 9.55963 41.10718 20.98083 12.37488 62.19482 19.19556 36.27777 9.18579 10.31494 16.09802 11.63483 5.80597 7.21741
0.01526 0.00763 0.02289 0.38910 0.33569 2.12860 3.16620 18.79883 28.45001 25.54321 9.87244 23.26202 22.20154 18.89801 16.11328 5.45502 9.42993 8.35419 3.26538 6.65283 7.33948 22.38464 14.58740 10.02502 23.62823 2.12097 2.04468 8.20923 6.40869 4.89807 6.26373
0.01526 0.06866 0.32043 0.84686 1.66321 1.58691 11.17706 13.61084 53.23792 145.49255 12.52747 22.31598 15.25116 22.61353 11.88660 23.06366 7.97272 5.65338 15.69366 15.52582 12.39777 10.40649 2.31171 20.00427 9.06372 9.40704 9.39941 4.50134 5.80597 6.41632 8.20923
0.77057 0.83160 0.24414 0.35858 1.27411 2.77710 14.81628 18.05115 20.62225 14.47296 61.26404 39.93225 20.56122 8.81195 23.55957 10.20050 14.40430 15.50293 5.47028 5.12695 1.62506 2.33459 3.63922 17.33398 12.10022 10.85663 4.92096 23.87238 31.68488 1.50299 1.31226
1.93024 1.73187 1.73187 6.57654 6.01196 5.69916 5.04303 12.83264 11.46698 15.66315 17.24243 18.27240 17.73834 18.02063 28.09143 16.12854 4.72260 15.70129 14.60266 13.70239 3.41034 2.73132 6.99615 23.45276 7.95746 20.56885 6.93512 1.51825 1.18256 0.79346 0.98419
2.22778 2.05231 2.23541 3.86810 3.02887 11.10077 5.90515 8.29315 1.60217 3.99780 13.07678 5.72968 9.06372 9.42230 14.27460 14.86206 4.32587 9.23920 9.42230 7.73621 4.08173 3.01361 9.09424 19.00482 41.30554 64.78119 4.21143 4.02832 1.39618 2.19727 1.93024
1.86920 2.88391 5.41687 26.88599 2.54059 5.96619 10.29968 2.15912 2.85339 7.59888 3.22723 6.84357 5.99670 14.54163 5.60760 34.55353 20.88928 16.60156 16.97540 11.50513 5.98907 2.03705 4.24957 9.78088 38.39111 30.03693 23.11707 9.10187 8.54492 3.79181 1.07574
