DATA/RAW-RASTER/ECMWF/20170628/EN-42/20170711.en-42.asc
ncols			31
nrows			16
xllcorner		69.5
yllcorner		19.5
cellsize		1.0
NODATA_value	-99999
1.61743 3.21960 6.37817 1.05286 5.21851 8.12531 0.27466 0.08392 0.26703 2.62451 3.15094 2.06757 7.98035 13.03864 10.70404 6.92749 0.89264 0.99182 0.08392 0.00000 0.00000 0.00000 0.00000 0.00000 0.00000 0.00000 0.00000 0.19073 0.19836 0.09155 0.24414
0.06104 0.74005 15.72418 9.41467 4.94385 0.48828 3.64685 3.92914 1.87683 1.42670 6.85883 12.31384 10.09369 7.43103 1.38855 1.67084 2.29645 0.64850 0.19073 0.12207 0.00000 0.00000 0.00000 0.00000 0.00000 0.04578 0.04578 0.23651 0.18311 0.32806 1.14441
0.59509 6.60706 10.26154 2.17438 0.92316 7.91931 7.61414 0.87738 5.77545 6.06537 15.28931 17.09747 6.63757 3.14331 0.56458 1.60980 0.27466 0.44250 0.16022 0.00763 0.00000 0.00000 0.00000 0.00000 0.10681 0.00763 0.22125 0.08392 0.16022 1.53351 0.39673
1.28937 1.15204 15.52582 4.40979 4.37164 3.06702 4.42505 9.62067 3.37219 6.79016 10.01740 7.88879 4.95148 0.97656 0.49591 0.37384 0.24414 0.13733 0.00000 0.00000 0.00000 0.00000 0.00000 0.00000 0.00000 0.03052 0.12970 0.15259 0.19836 0.25177 0.87738
2.85339 0.02289 0.61035 24.84894 33.09631 31.01349 1.51825 3.60107 10.64301 3.54004 5.31769 10.21576 4.90570 4.10461 0.93079 0.73242 0.10681 0.00000 0.00763 0.00000 0.00000 0.00000 0.00000 0.00000 0.00000 0.03815 0.03052 0.00000 0.25177 0.70190 2.51007
3.10516 0.00000 0.12207 0.16785 0.36621 3.87573 6.99615 6.95801 4.89044 17.37976 14.72473 9.74274 4.24957 3.63922 1.52588 0.12970 0.03815 0.17548 0.01526 0.00000 0.00000 0.00000 0.00000 0.00000 0.00000 0.22125 0.48065 0.54932 1.24359 5.02014 19.10400
0.00000 0.00000 0.00000 0.03052 0.00763 0.14496 1.48773 2.44904 6.08826 9.59778 7.59125 11.21521 12.49695 6.17981 0.65613 1.69373 0.01526 0.15259 0.00000 0.00000 0.00000 0.00000 0.00000 0.01526 1.80054 10.49042 10.34546 3.02887 7.45392 24.01733 24.52087
0.00000 0.00000 0.00000 0.00000 0.03052 0.46539 0.74768 3.27301 5.63812 11.39832 12.00104 5.59998 2.70844 6.46973 16.41083 38.82599 6.52313 1.08337 0.01526 0.09155 9.94873 0.66376 1.66321 3.02887 1.67847 3.22723 13.36670 33.66089 18.82935 18.24951 16.05225
0.00000 0.00000 0.00000 0.00000 0.00000 0.00000 0.28992 2.63214 2.13623 16.07513 4.53186 3.76892 3.21198 3.92151 9.70459 9.24683 7.04193 8.76617 17.79175 6.67572 4.08173 10.78796 17.85278 6.62231 15.87677 10.75745 21.60645 25.83313 11.51276 16.32690 20.73669
0.00763 0.00763 0.00000 0.00000 0.00000 0.09155 0.17548 1.06812 10.49805 21.88110 8.49152 4.79889 1.97601 8.56018 11.61957 8.07190 19.10400 9.59015 3.47900 15.86151 19.65332 27.45819 23.29254 16.09802 95.12329 75.56915 38.77258 50.69733 16.76941 12.37488 16.88385
0.05341 0.09155 0.01526 0.03052 0.05341 0.02289 0.03815 4.18091 7.83539 13.74817 19.20319 13.74817 15.91492 21.30127 10.81848 21.49200 19.35577 8.62122 8.34656 6.45447 12.76398 9.00269 27.69470 19.00482 31.76880 33.92792 15.36560 19.24133 24.66583 8.45337 4.82941
0.08392 0.22125 0.13733 0.67902 1.00708 0.69427 0.01526 1.18256 5.37872 11.60431 30.03693 29.93011 14.64844 25.71106 21.48438 33.49304 40.34424 39.01672 19.66095 9.85718 13.93127 16.20483 14.22882 15.55634 17.64679 10.38361 5.21088 14.83917 57.16705 36.17859 15.41138
0.45776 0.04578 0.48828 0.86975 0.29755 0.16022 0.03815 0.01526 0.03052 3.46375 23.29254 34.83582 14.45770 25.66528 18.69965 21.10291 37.33063 32.45544 50.71259 13.61847 18.78357 21.60645 5.36346 2.60162 13.42773 19.21082 6.04248 11.32965 34.46960 17.89856 9.66644
1.31226 0.83923 0.21362 2.40326 1.15204 1.98364 0.12207 0.02289 0.04578 0.28992 2.19727 10.73456 13.56506 17.89093 19.56177 11.67297 25.42114 13.36670 15.73181 11.15417 11.65771 4.15802 1.60980 2.45667 2.27356 10.52094 2.08282 12.45117 17.57812 15.83099 5.63049
0.87738 2.26593 2.88391 5.12695 2.03705 1.19781 0.36621 0.03052 0.00000 0.03052 0.90790 7.11823 9.39178 8.17108 4.01306 27.52686 16.76178 45.92133 23.19336 10.71167 6.78253 1.99890 2.74658 6.85883 9.63593 2.49481 3.42560 12.77924 26.47400 10.58197 10.00214
1.04523 2.27356 4.21906 7.37762 0.51880 2.18964 0.64850 0.12207 0.00000 0.08392 0.30518 8.58307 10.00214 15.19012 6.55365 9.75800 14.40430 24.36066 15.83862 6.82068 4.25720 1.39618 1.31226 3.03650 4.35638 3.54004 6.24847 27.17590 16.10565 25.14648 23.62823
