DATA/RAW-RASTER/ECMWF/20170628/EN-42/20170630.en-42.asc
ncols			31
nrows			16
xllcorner		69.5
yllcorner		19.5
cellsize		1.0
NODATA_value	-99999
0.29945 1.51253 2.93159 0.80299 1.44386 2.79045 4.19617 6.13594 7.77054 7.27844 7.00951 5.58472 8.26454 8.31413 9.47571 8.44765 11.48796 12.65526 9.75418 5.79834 4.21333 8.52203 15.09666 9.17435 6.02531 0.54359 0.06866 0.24986 0.37956 0.24986 0.57220
0.00000 0.30518 0.22507 1.00136 2.90298 4.80461 14.08768 21.70753 20.10918 12.72392 6.57463 6.25038 5.37872 4.98199 8.02231 2.58636 2.43568 4.60052 10.62775 4.32396 4.57382 5.31006 4.81987 5.51224 5.91660 3.48854 2.71606 0.94986 0.35858 1.18446 0.49782
0.01717 0.01335 0.00000 0.00954 0.01144 2.66075 65.07301 45.95947 13.95416 5.92613 3.53241 4.25529 1.21307 0.56076 1.57166 1.27029 3.72124 1.39427 3.23296 2.55394 5.67818 6.54984 4.51088 2.44331 3.65067 2.67792 3.41415 1.16920 1.89209 0.65231 1.52397
0.28992 0.00000 0.00000 0.00191 0.00000 0.53024 66.20789 42.65976 28.08952 4.44031 2.12479 1.03188 1.10054 0.37003 1.36185 0.36621 0.25749 0.09155 0.44632 4.75121 9.65309 5.43404 13.80348 5.24902 2.82478 0.65804 11.44028 4.60815 7.07436 11.36780 2.66457
3.43323 0.09537 0.00000 0.00000 0.67139 3.05557 35.21538 23.84377 27.04048 11.40404 2.48146 0.82588 0.41580 0.05913 1.14059 0.60463 0.18883 0.14687 0.13161 5.26619 5.12886 4.01306 4.73404 0.68283 1.03188 1.56593 2.65121 8.50487 4.67300 6.91795 4.02069
0.87547 0.00000 0.00191 0.03242 0.20027 4.47083 25.74348 291.69846 38.55515 18.56995 5.05066 0.97275 0.69046 0.19073 0.27657 1.90544 0.57602 2.68173 7.69615 18.01682 15.85197 11.75499 8.60405 4.76646 3.50571 8.58879 5.14412 4.71306 3.04604 5.75447 9.86099
0.16212 0.00191 0.01717 1.10245 4.31824 6.07300 18.98575 28.31459 32.57751 21.40427 7.09724 7.59888 7.47108 2.48909 0.38147 1.20163 0.79346 3.23677 3.89671 11.33919 12.02393 12.61330 7.95555 5.38635 12.38823 36.25870 22.73178 9.91821 1.41144 5.13077 6.26183
0.04387 0.01144 0.38719 7.55310 19.79637 14.98795 34.92355 24.29581 26.84784 20.60890 19.60182 9.67979 7.28989 4.98581 3.45421 2.09618 8.74519 0.45967 0.40436 3.41034 5.55229 25.15411 12.82692 38.05542 68.57300 39.67857 145.94650 27.32658 15.21873 4.91333 3.30353
0.09346 0.57602 3.02505 10.95581 8.17299 11.08170 20.70427 13.73291 11.23810 14.32610 14.01138 12.73155 11.56807 10.93102 12.34245 4.45747 11.61766 8.80241 8.06808 25.48599 65.09209 160.57205 170.30907 82.61871 59.36241 21.69991 21.77048 69.44466 77.24190 19.74678 3.92151
6.60324 4.05121 6.69098 9.85146 10.95390 12.53128 9.33838 13.13591 15.85197 8.85582 9.56535 10.94246 10.33974 12.28523 15.67650 12.84599 16.18385 4.76265 9.68170 9.91440 112.55646 96.93718 71.52748 11.34109 10.18143 24.02496 28.05138 12.80975 26.05629 15.40947 7.53403
14.11247 13.09395 34.48486 29.85191 5.37491 21.15059 5.04494 15.54680 9.23729 2.47955 5.23376 6.79016 7.37572 8.39615 8.00133 14.78004 20.49446 6.24847 10.78224 9.01031 14.52255 11.38687 54.25072 12.45880 19.31763 30.55954 6.14166 21.47865 26.50833 4.19998 10.01549
2.26974 20.25223 139.90211 42.77611 3.18527 4.02260 6.82640 21.56448 16.80183 17.14325 14.35280 11.15417 3.57628 9.36317 11.78741 8.03375 7.52068 9.49860 7.31659 13.99803 53.48206 5.94330 1.95122 2.57111 17.97295 5.08118 3.70407 10.10513 13.27896 16.83426 10.34355
4.03404 3.76511 12.66670 23.29636 15.99312 7.61223 1.29128 3.30162 9.47380 3.83568 4.87328 2.03133 5.30052 7.11250 9.79805 28.88298 14.52255 25.78735 8.23975 9.25636 7.69043 34.28841 2.73132 4.99725 29.22630 3.44276 0.61798 5.97382 5.33295 9.34792 5.06020
1.73187 1.76430 1.18828 7.73621 3.33405 5.78499 2.55394 1.88446 1.93787 3.11089 0.67139 2.49672 4.79126 6.83022 26.34811 23.81325 4.10652 8.45909 38.52081 12.82310 23.18382 21.28029 5.87845 13.26180 13.54599 5.62096 1.41716 2.91634 19.65523 11.07979 12.42828
4.54330 4.76456 2.56348 10.17189 23.97728 10.63919 7.45010 10.31303 1.75858 0.91934 6.69861 1.99890 0.57793 1.67465 21.94595 10.44655 1.04713 5.77164 18.50128 16.41464 12.09259 15.78712 41.60690 27.10724 2.88582 5.91660 3.52287 1.34087 4.68254 20.58220 17.46368
2.73323 2.77138 4.27628 24.41216 29.87099 22.71652 21.47293 15.28740 11.30295 6.62804 5.15175 6.27136 6.97708 3.07465 0.74196 0.17548 7.57790 0.80109 6.28471 2.59781 12.01057 21.38901 32.22656 47.63985 39.01482 11.92665 5.84602 2.70844 4.57954 7.61604 11.79123
