DATA/RAW-RASTER/ECMWF/20170628/EN-42/20170702.en-42.asc
ncols			31
nrows			16
xllcorner		69.5
yllcorner		19.5
cellsize		1.0
NODATA_value	-99999
0.02670 0.28992 8.33511 5.36728 5.02777 2.63977 3.81470 0.94604 0.07629 0.04196 0.08392 1.11008 1.41144 0.99182 1.15967 2.05612 2.76947 2.14386 0.35858 0.88882 1.19019 1.51443 2.19345 0.82397 0.78583 0.74387 0.59891 0.52643 0.79727 1.59073 3.28064
0.00381 0.04578 2.43378 4.28391 6.49261 4.25720 0.69046 0.20218 0.04578 0.00000 0.01526 0.15259 0.82397 1.62125 3.95203 4.24576 4.44794 1.31607 2.57874 7.80106 17.17377 15.51819 10.78033 9.87244 8.11005 6.18362 1.71280 0.86212 1.02615 0.96512 2.21634
0.32043 5.68771 3.96347 4.58145 3.94058 1.33133 6.14548 0.19836 0.06866 0.02289 0.03815 0.53024 1.80435 0.61035 1.31226 2.75803 11.57379 9.91440 7.56836 20.12253 11.15417 18.95142 12.23755 11.20758 9.87625 5.38254 4.51279 1.75476 0.83923 0.05341 0.53024
3.37219 11.14273 14.19449 18.96667 13.21030 2.34222 1.36566 4.92859 0.24033 0.02289 0.52643 0.18311 4.56619 0.74768 0.46539 1.47629 2.86865 0.93079 5.98145 10.91385 4.02069 12.97379 19.74106 16.95633 20.76721 11.41357 10.44464 6.29425 4.33350 2.50626 4.32968
4.35257 7.40433 11.08932 2.20490 5.39398 15.31219 0.36621 3.53241 11.93237 3.71552 0.01526 1.44577 3.29590 7.71713 10.81467 5.27954 9.41849 4.22668 7.61795 24.17755 10.24246 18.90564 8.49152 0.76294 3.73077 0.43488 1.35803 6.69479 5.02014 4.61197 4.62723
1.33514 0.04196 0.00381 0.00000 1.20163 0.78201 2.34604 1.78146 7.25937 45.63522 34.72519 10.62012 2.16675 2.40326 1.99509 8.85773 5.82504 9.97543 8.30460 5.17654 7.22122 8.63647 4.18472 9.00650 4.79889 11.90948 1.51825 2.70462 2.57111 5.24521 5.72586
0.00000 0.00381 0.00763 0.00000 0.02670 0.36621 0.82016 3.22342 4.91714 28.61404 21.34705 18.66150 3.29208 7.76672 0.58746 6.08063 5.44357 1.33514 3.51334 13.35144 12.51602 7.29752 5.54276 5.62286 5.19180 36.32736 8.70895 3.49808 1.14822 4.69589 5.69153
0.00000 0.00000 0.00000 0.00000 0.00000 0.76675 1.28174 5.98526 11.61957 17.75360 37.18948 123.62289 15.73181 4.36783 21.36230 51.98669 29.16718 5.72968 2.59781 4.00162 10.84137 22.56393 12.92419 11.27243 39.90173 29.55246 22.12143 11.26862 25.17319 8.11768 6.72913
0.00000 0.00000 0.00381 0.01526 0.00000 0.06485 0.70953 4.92859 11.33728 15.42664 23.32306 23.48709 41.43143 25.24567 30.54428 72.52121 26.14975 26.27563 32.83691 7.53784 76.96915 84.92279 33.87833 58.06351 20.74051 1.44577 18.83316 96.12656 87.57019 25.83694 18.63098
0.06866 0.15259 0.29755 0.40054 0.32043 0.00000 0.43106 0.65994 17.70401 22.22443 33.24890 15.03372 22.52197 21.11816 22.97592 46.22269 26.26038 36.56387 54.89349 69.76700 66.55121 66.79153 55.65262 8.38089 4.99344 13.81683 39.66141 51.52893 55.75943 17.87186 18.40973
0.10681 0.37384 0.67902 0.56458 0.00000 0.24796 0.08774 9.63593 1.14822 25.49362 35.96115 50.75455 14.27841 12.83646 13.40485 19.76013 37.69684 43.16711 51.11313 30.34592 15.96069 25.16937 39.70337 12.55798 11.56235 17.93671 5.55420 21.18683 68.60352 41.11862 21.53397
0.10300 0.60654 1.23215 1.80054 0.37003 0.41962 0.38910 1.20544 5.06973 7.61795 21.07620 17.92145 12.26425 14.77814 13.09204 23.07129 21.84296 14.59122 34.42383 21.61789 18.81027 6.64520 2.62833 3.17764 6.14548 1.81198 3.16238 25.64621 21.40808 25.61188 18.11981
0.61798 1.51062 1.85013 1.57166 3.59344 2.40326 1.06430 1.11389 3.88718 35.09903 14.85443 20.74432 27.79007 42.98401 15.95306 13.36670 4.52805 5.62286 24.40262 16.59012 10.13565 7.99561 11.31058 11.97052 10.52475 1.52206 2.28500 5.65338 30.85709 19.65714 19.07349
2.24304 1.72043 0.62561 4.92096 5.57327 0.54932 0.39673 2.00653 2.12097 7.37000 23.54813 22.78900 22.79282 4.17709 4.16565 5.00488 8.17871 7.70569 16.14380 12.29095 6.27899 22.20535 18.87894 36.39221 4.99344 0.15640 1.44958 11.68060 25.32196 19.38248 16.52527
2.91443 3.62396 3.41415 5.95093 3.71552 1.68610 1.62506 0.26321 1.70898 2.56348 19.24133 12.63428 9.28497 13.30948 0.57220 4.21906 5.74112 9.89914 4.93240 10.66971 18.90564 22.42279 31.63147 57.99866 23.05603 3.67355 2.05231 6.35147 1.24741 24.04022 11.96671
4.30298 4.24576 4.24194 7.73621 1.56403 2.50244 2.29263 3.94821 5.06592 2.36893 3.02505 13.79395 2.62451 5.12695 7.52640 5.16891 5.05066 5.27573 6.10352 7.20978 7.45010 12.01248 26.03912 48.80905 67.32559 2.81143 12.74109 4.39072 2.26593 2.21634 2.09808
