DATA/RAW-RASTER/ECMWF/20170628/EN-42/20170706.en-42.asc
ncols			31
nrows			16
xllcorner		69.5
yllcorner		19.5
cellsize		1.0
NODATA_value	-99999
6.78253 0.93079 3.16620 3.54767 1.31989 4.64630 1.75476 2.38800 2.49481 6.56891 4.88281 3.45612 2.92969 5.16510 8.80432 6.59180 10.73456 7.83539 5.64575 9.62067 2.83813 0.83923 0.41962 1.12152 1.90735 6.51550 9.84955 3.03650 1.28937 3.74603 0.55695
0.94604 1.36566 5.95856 4.82178 5.14984 0.79346 4.11987 2.87628 1.83105 1.41907 1.84631 2.89917 4.04358 6.88171 10.25391 14.22119 6.90460 9.61304 8.52966 7.37000 3.41034 2.26593 1.31226 1.49536 7.05719 9.97162 9.30786 10.29968 6.94275 6.10352 3.53241
0.18311 5.60760 3.51715 14.35089 7.60651 3.74603 4.53186 1.77002 4.04358 2.77710 3.80707 3.47900 2.25830 2.11334 1.04523 3.05939 3.81470 6.56891 5.74493 3.21960 2.80762 1.35040 6.05774 16.36505 11.06262 12.93182 14.69421 18.49365 9.58252 9.71985 7.14874
1.38855 1.57166 1.09863 12.03156 35.57587 7.30896 10.87952 7.03430 0.13733 0.06866 0.37384 0.95367 1.23596 1.52588 1.22833 1.77002 1.22833 8.11005 3.66974 5.31769 4.29535 7.13348 13.37433 20.20264 4.53949 1.38092 11.23810 12.03918 19.42444 8.24738 11.02448
1.35803 0.26703 4.78363 3.94440 5.92804 13.78632 32.51648 8.45337 11.40594 1.01471 0.00000 1.17493 1.48010 2.63977 1.55640 2.72369 4.41742 4.96674 6.31714 11.52039 16.76941 8.36182 16.60156 8.30078 3.73840 3.47137 1.27411 0.32043 13.78632 9.77325 10.91003
0.50354 0.21362 2.24304 1.07574 0.99945 0.80109 2.41089 13.41248 6.05011 16.46423 39.64996 8.15582 5.33295 0.62561 4.30298 1.40381 3.78418 6.92749 9.88770 7.99561 3.50952 20.40863 17.87567 7.27081 13.22174 19.05060 7.42340 0.53406 4.25720 3.62396 6.85120
0.20599 0.00763 0.00000 0.20599 0.00000 0.00763 0.00000 0.62561 1.71661 10.73456 18.91327 18.79883 14.25171 7.78961 0.82397 3.92151 2.49481 1.28937 1.50299 2.99072 8.19397 8.89587 13.32092 8.07953 11.39069 58.47168 29.54102 9.78088 4.54712 4.30298 5.88989
0.00000 0.00000 0.00000 0.00000 0.01526 0.45776 0.10681 0.18311 0.40436 4.05121 10.21576 33.18024 24.41406 6.54602 2.82288 5.34821 8.92639 5.53894 2.44904 3.65448 5.37872 29.55627 16.16669 27.52686 47.10388 85.42633 4.87518 20.28656 38.21564 4.71497 7.84302
0.00000 0.01526 0.29755 0.56458 0.75531 0.36621 0.63324 0.09918 0.29755 0.02289 23.39935 4.35638 4.19617 4.40216 1.31226 2.67792 4.63867 5.92041 27.79388 30.82275 68.65692 109.42078 73.49396 58.13599 26.71814 3.27301 59.27277 14.10675 8.27026 4.16565 2.67029
0.07629 1.41144 1.70135 2.60162 0.96130 0.09918 0.07629 1.72424 0.04578 5.07355 31.73828 1.86920 5.11169 117.88177 3.38745 0.88501 1.61743 3.50189 1.06812 1.96075 4.49371 9.46045 23.69690 23.27728 5.12695 35.49957 64.03351 4.90570 29.19006 7.04956 1.28937
0.82397 1.19019 1.28937 1.08337 0.32043 0.79346 0.26703 0.87738 1.90735 1.21307 0.95367 0.03052 0.18311 0.67902 0.12970 0.11444 0.73242 0.38910 2.42615 41.45813 6.65283 12.14600 146.65222 16.04462 30.40314 11.95526 0.76294 3.71552 44.14368 17.88330 3.44849
0.68665 1.38092 1.52588 4.11987 2.08282 1.70135 2.13623 1.09100 0.24414 0.92316 1.91498 1.83105 1.90735 1.08337 0.49591 0.90027 0.45013 0.05341 0.24414 6.27899 10.49805 5.95093 4.49371 30.64728 27.50397 1.70135 3.30353 2.31171 16.38031 10.34546 5.06592
2.60162 1.65558 0.82397 0.87738 1.12152 2.02179 1.60980 0.46539 0.28992 0.55695 0.58746 1.17493 0.70953 0.97656 0.74005 0.31281 0.22125 0.03052 0.06104 4.20380 13.85498 10.89478 3.75366 16.00647 11.27625 1.55640 1.05286 3.80707 1.74713 2.16675 2.31171
1.93787 1.60217 0.72479 3.86047 2.23541 0.74005 0.57983 1.01471 0.15259 0.01526 0.13733 0.51880 0.17548 0.45776 0.28229 2.73132 0.53406 3.89862 0.67902 3.38745 4.73785 5.43213 5.22614 5.19562 21.20972 2.32697 0.58746 1.25122 3.65448 4.38690 5.06592
2.61688 2.80762 3.37219 6.07300 2.38800 0.63324 0.41962 0.16785 0.32806 0.00763 0.04578 0.13733 0.13733 0.28992 0.23651 2.78473 5.65338 0.67139 2.79999 1.58691 2.25830 5.24902 14.35089 24.25385 21.06476 1.12915 3.05939 12.87079 2.44141 1.86157 6.63757
0.74768 2.49481 3.89099 8.80432 1.64795 2.70081 0.75531 0.16785 0.03052 0.09918 0.02289 0.81635 0.61798 0.68665 0.81635 9.71222 9.01031 0.16022 1.64032 1.29700 1.73187 2.97546 12.02393 28.47290 17.14325 3.60107 24.40643 1.83105 2.05994 0.96130 3.06702
