DATA/RAW-RASTER/ECMWF/20170628/EN-42/20170705.en-42.asc
ncols			31
nrows			16
xllcorner		69.5
yllcorner		19.5
cellsize		1.0
NODATA_value	-99999
1.28174 3.92151 4.05884 0.60272 7.72858 3.42560 4.78363 7.25555 2.53296 0.06104 0.22888 1.73950 3.03650 1.35040 1.45721 4.68445 1.54114 3.60870 8.52966 5.99670 6.37817 7.80487 3.73077 2.53296 2.61688 1.49536 1.35040 0.03815 0.00000 0.00000 0.00000
0.19836 1.97601 28.83148 6.94275 6.17218 2.92206 2.26593 0.43488 0.18311 0.00000 0.09155 0.44250 1.51825 1.17493 4.11224 3.48663 0.83923 3.70789 10.74219 3.87573 2.40326 2.71606 1.21307 0.70953 1.15204 0.14496 0.33569 7.07245 1.63269 0.00000 0.00763
2.63214 31.52466 22.99500 57.76215 44.68536 7.33948 4.00543 0.35095 0.02289 0.00000 0.00000 0.02289 1.32751 1.57928 2.17438 1.67847 1.55640 2.21252 2.69318 4.16565 4.93622 5.76782 4.61578 3.47900 6.04248 6.25610 6.21033 4.63867 6.08826 4.33350 0.20599
4.63104 0.85449 5.21851 5.92804 8.89587 15.74707 11.36017 6.17218 0.11444 0.00000 0.00000 0.00000 0.80109 1.23596 5.05829 1.99890 3.85284 2.41089 4.30298 4.87518 4.74548 5.52368 7.08008 6.14929 13.91602 10.33783 19.57703 16.47949 7.80487 6.77490 1.02997
0.40436 0.00000 0.00000 0.00000 0.29755 1.28937 3.28064 4.92096 3.03650 1.25885 0.00763 0.70953 2.31171 0.28229 0.20599 0.64850 2.76947 3.51715 5.34058 8.74329 13.84735 12.90131 15.33508 13.47351 4.95911 2.69318 9.10187 18.20374 27.10724 9.96399 6.86646
0.00763 0.00000 0.00000 0.00000 0.03052 0.03815 0.09155 2.26593 7.24030 7.84302 6.98853 5.80597 9.33838 1.73187 2.45667 0.61035 0.61798 3.81470 4.08173 2.58636 1.66321 7.58362 11.54327 8.30078 5.81360 14.86206 19.95087 4.89807 16.88385 19.40155 8.74329
0.00000 0.00000 0.00000 0.00000 0.01526 0.01526 0.16022 0.24414 2.40326 8.88062 19.40918 18.96667 27.36664 10.36072 0.27466 1.28174 1.13678 0.95367 1.28174 0.92316 2.73132 1.62506 4.12750 6.85120 19.37103 42.16003 23.93341 11.13129 10.10132 12.87842 7.39288
0.00000 0.00000 0.00000 0.00000 0.06104 0.43488 0.04578 0.00000 0.43488 1.67847 34.69086 12.16125 18.24951 0.76294 2.91443 8.08716 4.27246 0.87738 4.85992 6.39343 4.71497 7.63702 5.20325 10.35309 8.81958 2.09045 56.19049 19.11163 27.60315 11.46698 14.71710
0.00000 0.00000 0.04578 0.03052 0.11444 0.14496 0.59509 0.00000 0.04578 2.91443 57.99103 65.87982 13.71765 1.44958 1.79291 0.51117 9.68170 39.80255 97.32056 18.97430 11.03210 26.84784 14.35852 37.51373 2.12860 6.83594 6.97327 10.08606 37.68158 9.20868 18.72253
0.01526 0.54169 0.56458 1.20544 0.89264 0.00000 0.01526 0.41199 0.03052 2.99835 30.42603 26.50452 7.65991 8.02612 3.09753 0.27466 3.34167 40.74860 16.60156 7.07245 15.99121 32.40204 16.77704 8.32367 31.91376 5.28717 3.59344 10.39124 34.02710 27.48108 25.67291
0.31281 0.53406 0.95367 1.00708 0.32043 0.52643 0.10681 0.72479 0.74005 1.66321 1.58691 1.93787 1.93024 0.16785 0.09155 0.26703 0.92316 0.86212 4.08173 32.10449 19.90509 24.69635 30.63965 15.61737 17.46368 50.18616 2.48718 10.62012 18.27240 16.38031 5.95093
0.41962 0.54932 1.44196 2.45667 1.05286 1.43433 1.74713 1.76239 0.35858 0.03052 0.80109 1.28174 1.89209 0.95367 0.83923 1.02234 0.47302 1.30463 2.96783 33.52356 145.46204 18.33344 101.32599 13.94653 53.25317 3.63922 4.55475 12.42828 50.81940 7.82013 3.90625
1.21307 0.72479 0.14496 1.42670 2.77710 1.52588 0.28229 0.72479 1.24359 2.83051 2.37274 2.61688 1.66321 2.60925 0.80872 0.26703 0.92316 1.66321 22.17102 19.00482 47.22595 105.65948 43.27393 5.37109 8.18634 5.33295 0.28992 6.46973 2.34985 1.32751 10.37598
1.41144 1.28174 0.21362 0.88501 3.31879 0.63324 1.53351 1.89209 1.77002 1.38855 1.02997 1.44958 1.87683 0.54932 0.21362 0.38147 1.01471 3.28827 7.05719 16.79993 24.06311 51.44501 24.58954 23.25439 16.31927 2.21252 1.78528 11.93237 25.81787 1.69373 9.27734
1.10626 2.00653 3.59344 3.61633 5.20325 2.13623 3.44849 2.09045 1.12152 0.23651 0.15259 0.13733 0.64850 1.19781 0.89264 0.51117 0.29755 0.21362 9.38416 12.80975 21.38519 14.90784 24.71161 60.69183 8.49915 1.38855 1.56403 1.81580 7.05719 2.59399 1.45721
1.85394 2.17438 4.55475 5.28717 0.98419 0.27466 1.31989 2.31934 1.50299 0.90790 0.42725 0.90790 0.27466 0.66376 0.57220 0.64850 0.19836 0.05341 2.57111 4.75311 5.82886 7.02667 12.78687 41.11481 40.61890 1.74713 5.56183 21.94977 0.86212 13.45062 0.97656
