DATA/RAW-RASTER/ECMWF/20170628/EN-42/20170629.en-42.asc
ncols			31
nrows			16
xllcorner		69.5
yllcorner		19.5
cellsize		1.0
NODATA_value	-99999
1.12724 2.49863 4.83704 1.20354 8.02040 4.71306 8.50868 11.29150 6.54030 3.77274 9.28116 11.59096 2.48909 1.59645 1.63269 1.48392 3.08609 3.29781 8.50296 14.99367 7.43294 3.45993 1.60980 0.86212 0.69046 0.65231 0.42343 0.07820 0.00763 0.04196 1.15585
1.28937 0.45967 1.93977 8.70514 5.48553 23.65303 35.72273 27.81105 19.74106 10.80322 5.98717 3.86810 1.15776 1.07765 0.59509 1.36185 0.62180 0.89455 2.71797 6.67381 6.32095 22.10045 19.82117 7.05719 6.74629 1.06239 0.48447 0.53787 0.44250 0.11635 0.32616
0.62370 1.25122 1.70135 9.24492 72.67761 123.12508 108.88863 54.02946 16.79802 3.90625 2.27356 1.89209 0.14114 0.35477 1.11961 0.91553 0.74768 0.81825 1.25885 3.06320 7.77626 8.14819 5.76210 6.90651 8.05855 2.62260 5.10216 0.97466 0.22507 0.00000 0.40054
1.42288 3.22723 10.48088 22.05658 65.13214 216.15791 118.88885 50.95100 24.71161 2.53677 2.03323 0.33760 0.38719 0.64278 0.12779 0.24605 0.29945 0.65613 1.32751 3.12805 8.56209 9.09615 8.27599 6.76727 21.36230 1.17302 13.19885 2.84195 2.77710 0.87166 0.53596
1.44005 5.93758 7.99561 15.65552 34.20830 78.76396 52.94800 13.96561 12.74872 7.23267 0.43869 0.31853 0.40436 0.33760 0.85068 0.00000 0.41008 0.34332 2.08664 3.32642 8.91304 12.46834 8.85773 10.24628 12.02393 7.23457 8.74329 21.83151 8.63266 5.25665 4.08554
0.80681 1.37711 16.90292 23.15712 16.94679 34.87015 51.44501 46.68808 13.30566 17.30919 5.86319 0.90218 0.31471 0.07248 0.11635 0.19264 0.06485 0.55695 0.61035 3.41415 4.80270 16.19720 21.98410 20.80154 28.38516 13.68523 6.42204 4.63295 15.22064 7.29942 4.85611
0.08011 6.76346 11.01112 19.79256 24.91760 10.70404 20.97321 41.03088 29.42276 12.40158 3.30734 5.13077 22.02034 1.44196 0.10109 0.58556 0.17166 0.20218 0.38338 0.18120 0.98228 3.11470 13.72910 24.82986 16.97922 57.48177 35.90775 15.78331 3.05748 11.39450 17.03072
3.05939 8.64410 24.92905 17.57431 10.76317 11.94763 20.84351 20.18929 15.46669 13.01765 6.24657 1.83105 1.96457 3.80707 2.39372 6.90079 7.25746 0.58174 0.08583 1.62697 5.36156 8.69370 3.77083 41.20445 19.14215 32.01675 16.92390 7.05719 40.65323 7.25555 3.89099
25.27428 15.43427 17.64679 18.65768 15.22827 11.71494 6.88362 15.97977 8.17299 14.17732 13.60703 9.18579 13.78441 11.38115 5.11932 4.91142 3.62968 7.39479 12.23183 41.77475 25.85983 79.73099 27.33803 19.21463 14.49013 7.97844 32.57561 112.23412 83.14514 17.36641 2.73705
13.92174 16.13426 10.85854 10.58960 10.66589 8.06427 2.26974 2.94876 13.77869 9.54056 18.24379 26.41678 10.63347 11.59859 10.90813 8.29124 4.90952 7.71523 4.88281 2.11143 3.23105 0.80872 20.65086 14.00185 17.58957 18.49937 19.18602 3.14331 32.41348 9.25827 9.38225
39.80255 46.32378 14.61983 7.92122 15.50484 10.40459 2.31171 4.89044 1.64032 1.54686 12.09641 20.04623 21.98982 15.00320 7.48634 9.48143 5.03349 4.57382 3.40080 2.06947 4.13704 9.98306 21.04378 60.57167 6.79207 2.51007 4.98772 9.56535 17.59148 4.94194 15.28358
22.41325 28.40042 37.01210 20.53070 17.20238 6.54793 4.62341 2.05612 0.98610 0.65422 15.04707 17.41600 42.77420 41.89873 11.60431 6.48689 8.40950 2.05421 2.28119 3.13187 2.53296 4.89807 4.63295 19.86313 30.84373 2.96593 6.01196 12.58659 11.84464 13.42010 4.07410
9.22775 62.03079 59.10873 16.59775 9.79233 3.85666 1.82724 1.02615 1.30653 1.72997 1.96648 15.21111 38.31100 24.64294 5.47409 6.81496 3.96729 2.52724 4.76265 11.09505 3.34740 3.03459 2.05231 6.53076 21.01707 2.61116 0.92125 15.12718 15.03754 13.61465 7.15446
2.37083 13.74435 3.75938 3.59344 2.02560 0.19646 0.60272 1.04141 1.87302 3.17955 5.93948 19.71436 124.13788 15.77377 11.61003 1.88828 3.89481 5.69153 3.82423 10.06699 5.19371 8.87871 12.85172 19.10400 2.24304 1.56593 0.39291 1.59454 11.97052 10.50949 7.69615
8.18825 6.77490 4.43649 21.21162 3.01170 0.36621 0.07248 0.07820 3.12614 5.10597 6.36482 12.32338 31.49796 0.95177 4.93813 0.56267 2.01225 1.02425 2.37083 9.68552 9.26781 9.22966 31.36826 17.04216 17.00211 1.50490 1.48392 6.07491 2.44522 6.96754 25.08354
12.13837 17.23671 20.15305 28.37372 25.39825 2.52533 0.25558 0.04005 1.85966 14.93454 3.86810 1.86920 2.61307 6.40488 1.17111 4.34685 3.65257 2.86674 11.09123 7.98416 7.24983 6.52504 21.01517 52.97470 37.30965 4.18663 5.10788 9.50813 2.14767 2.02942 3.54385
