DATA/RAW-RASTER/ECMWF/20170628/EN-42/20170709.en-42.asc
ncols			31
nrows			16
xllcorner		69.5
yllcorner		19.5
cellsize		1.0
NODATA_value	-99999
1.89972 2.89917 8.15582 4.70734 13.96942 15.79285 7.06482 1.81580 1.01471 8.17108 2.98309 1.15967 0.33569 0.03815 0.01526 0.11444 0.06866 0.12970 0.69427 1.09863 0.90027 0.83923 0.04578 0.32043 0.60272 2.73895 6.67572 1.74713 5.76782 4.13513 6.56891
0.19836 1.51825 2.28119 2.17438 8.70514 1.81580 4.98962 4.34113 1.31226 5.57709 3.80707 2.28119 1.28937 0.07629 0.00000 0.00000 0.01526 0.03815 0.03052 0.10681 0.00763 0.16785 0.09155 1.38855 1.48773 2.41089 1.98364 1.62506 0.59509 0.94604 4.63104
2.32697 3.43323 11.58905 3.13568 4.96674 3.73840 4.98962 1.19019 5.50842 0.61798 1.70135 0.45013 0.03815 0.00000 0.00000 0.00000 0.00000 0.00000 0.00000 0.00000 0.00000 0.10681 0.12207 1.38855 1.80054 1.55640 1.64795 0.22888 0.14496 0.28992 4.34875
1.55640 10.17761 6.25610 8.29315 12.26807 2.49481 7.14874 1.29700 2.83051 0.91553 0.64087 0.08392 0.10681 0.25940 0.16022 0.00000 0.31281 0.04578 0.20599 0.00763 0.00000 0.00000 0.87738 1.24359 1.41907 0.01526 1.16730 0.61035 0.09918 0.08392 0.61035
13.55743 0.25177 2.71606 15.39612 16.23535 3.56293 1.02234 2.79236 15.88440 4.45557 1.82343 0.20599 0.00000 0.00000 0.00763 0.00000 0.00000 0.00000 0.04578 0.07629 0.01526 0.01526 1.07574 1.51062 1.03760 1.00708 1.19781 0.25940 0.06104 0.71716 4.48608
1.99127 1.00708 1.16730 0.99182 6.08826 9.04083 7.16400 7.90405 1.64795 14.96124 3.12805 7.43103 6.51550 0.17548 0.03815 0.01526 0.00000 0.00000 0.00000 0.00000 0.00000 0.25177 0.62561 0.57983 0.68665 0.05341 1.25885 1.90735 0.57983 1.49536 9.20105
0.00000 0.19836 1.94550 2.08282 0.43488 1.24359 6.57654 3.22723 14.91547 16.67023 5.72205 10.27679 6.34003 14.06860 2.03705 1.26648 0.43488 0.60272 0.27466 0.10681 0.54932 1.64795 1.41907 0.76294 9.93347 2.03705 2.26593 7.14874 8.57544 8.77380 12.19177
0.00000 0.00000 0.00000 0.51880 0.19073 2.04468 0.71716 1.64032 7.64465 14.45007 20.63751 9.27734 9.00269 15.93018 9.81903 6.98090 10.03265 2.39563 0.35858 1.01471 4.50134 9.26971 8.49915 13.64899 3.86047 9.98688 69.24438 34.47723 13.84735 6.24847 11.11603
0.00000 0.00000 0.00000 0.00000 0.12207 0.01526 0.50354 1.84631 3.84521 11.50513 6.06537 9.85718 5.76019 8.91876 37.99438 5.31006 10.26917 18.94379 15.30457 44.92950 14.73236 14.07623 20.50018 36.65161 16.47949 37.21619 51.50604 47.92786 58.03680 11.64246 7.35474
0.00000 0.00000 0.51880 0.78583 0.77057 0.45013 0.12970 0.40436 1.60980 0.70953 0.89264 4.76074 11.38306 8.12531 18.30292 31.57806 14.15253 21.68274 12.80212 18.80646 22.58301 19.45496 13.22174 8.24738 9.77325 11.72638 14.70947 24.70398 96.52710 7.72095 1.08337
0.03052 0.03052 0.55695 1.02234 0.71716 0.40436 0.48828 0.28992 0.24414 0.19073 0.48828 1.69373 3.40271 7.01141 10.94818 21.27075 23.02551 13.48877 26.03149 24.57428 7.01141 36.46088 43.21289 15.54871 8.34656 24.78027 21.58356 33.97369 28.61786 9.06372 1.57928
0.08392 0.15259 1.31989 1.54114 0.99945 0.67139 1.72424 0.80872 0.88501 0.42725 0.51117 2.31171 4.74548 8.84247 14.76288 1.82343 16.42609 21.09528 25.70343 29.80804 34.19495 18.83698 4.62341 3.85284 4.89807 13.05389 19.52362 30.02167 8.12531 3.40271 1.15967
0.46539 0.42725 0.70190 1.56403 13.61847 2.20490 2.07520 0.79346 0.51880 0.61798 0.21362 0.80109 2.34222 10.65826 13.50403 12.07733 9.52148 12.76398 25.86365 29.33502 25.32196 20.65277 9.56726 4.85229 8.74329 9.49860 1.17493 20.27893 12.74872 3.05176 0.49591
1.22070 0.09918 0.21362 0.63324 0.62561 1.22070 0.68665 0.89264 0.19836 0.13733 0.53406 0.26703 0.63324 8.30078 1.09100 3.95966 13.66425 20.68329 13.75580 13.58795 4.17328 15.17487 14.17542 13.92365 4.39453 0.16785 0.26703 0.48828 2.09045 5.92804 1.63269
0.96130 2.44904 1.92261 3.46375 0.95367 1.00708 0.54169 0.10681 0.12970 0.08392 0.04578 0.41962 1.33514 3.65448 5.70679 13.79395 13.93890 10.93292 13.35907 8.50677 7.48444 11.69586 10.69641 8.25500 3.98254 0.54169 2.38800 2.01416 4.39453 9.01794 4.28009
0.82397 1.71661 3.37219 8.23212 1.01471 1.13678 0.80872 0.51117 0.45776 0.64850 0.09918 0.79346 1.06812 3.82996 8.65173 9.52148 3.25775 2.97546 3.53241 3.28064 3.36456 5.19562 8.85010 10.50568 13.30566 2.56348 8.18634 1.70898 3.89862 5.40161 7.46918
