DATA/RAW-RASTER/ECMWF/20170628/EN-42/20170701.en-42.asc
ncols			31
nrows			16
xllcorner		69.5
yllcorner		19.5
cellsize		1.0
NODATA_value	-99999
0.03052 0.01526 0.35477 0.63705 0.75150 0.80872 0.85449 0.06104 0.14114 0.16022 0.71716 0.41580 0.60654 0.19455 0.42725 0.56839 0.66376 0.87738 2.07520 3.16620 2.46811 5.80597 3.48663 0.67902 0.80109 1.55640 2.52914 3.49808 14.02664 21.88110 8.48770
0.00000 0.00000 0.01907 0.00000 0.98419 0.00000 0.02289 0.24414 0.18692 0.09537 0.30518 0.88882 1.06430 1.19781 2.02179 1.72043 0.33569 1.62506 0.53406 1.12152 1.39999 4.87518 6.24847 1.84250 5.58472 7.32040 8.11768 9.50623 8.39615 24.44077 21.25549
0.01526 0.00000 0.00000 0.00000 0.01144 1.46484 1.05667 0.00381 0.10681 0.32806 1.38092 1.79672 5.36346 10.97488 11.69968 5.78690 4.76837 3.05557 3.55530 4.07410 2.05994 1.79672 5.18799 12.81738 11.51657 13.90076 10.18906 13.87024 9.81903 10.81085 15.13672
1.90353 0.00381 0.00000 0.00000 0.00000 0.27084 1.66321 5.37491 0.49210 0.55695 3.58963 4.45938 12.84790 18.51273 16.27350 12.38632 15.51056 13.69476 11.64627 8.31223 1.15967 7.46536 11.04736 13.94272 7.24792 3.95584 6.45065 8.18253 10.87189 13.10349 16.99066
3.82233 0.00000 0.00000 0.29755 0.03815 1.22452 0.75531 7.13730 5.36728 6.57272 2.27356 11.14273 7.99942 1.30081 0.59509 3.62778 5.61523 2.04849 4.62723 9.69315 17.78412 4.89044 3.06320 3.81851 4.82941 3.46375 1.96457 4.28772 1.68610 7.56073 12.55035
0.50354 0.03815 0.00000 0.00000 0.00000 1.20544 1.64032 55.55725 13.07678 6.84738 10.23483 12.72964 3.07083 1.44958 3.21198 1.58691 3.75748 6.25610 6.11496 3.23105 4.40979 2.64740 0.88882 1.14822 5.88226 12.85172 3.11279 0.72861 2.97928 10.43701 7.22885
0.01144 0.24414 0.49591 0.20218 0.24796 0.04196 2.05231 6.06537 6.95801 7.11060 4.29153 4.41360 38.43307 16.56723 1.54877 5.10406 0.57220 1.19400 2.39944 5.19943 2.21634 9.14001 5.92804 5.50461 2.58255 39.12735 12.98141 7.67899 1.88065 0.57602 4.16183
0.00000 0.19836 0.50735 0.44632 0.82016 2.33841 1.10245 5.78690 6.85120 55.01175 8.47626 3.20816 6.32858 11.90948 20.08057 80.05142 22.30835 5.22232 0.65613 4.84085 7.31277 6.29425 4.18854 11.97052 11.16562 11.29532 16.25061 5.30243 34.98840 3.85284 3.92532
0.00381 0.00381 0.12589 1.02615 3.18527 3.98254 4.83704 8.15964 32.85599 63.03787 55.75943 15.15579 2.36130 13.02719 12.02011 46.86737 19.98138 47.20306 44.24667 62.26349 34.74426 35.43091 35.40802 65.82642 13.25226 18.31055 38.67722 100.91782 44.09027 9.62830 2.22778
0.00381 0.00763 0.41580 1.37329 2.38037 2.72369 14.06860 3.67355 5.09262 3.73840 13.33618 17.70020 6.37817 14.24789 12.70676 25.03967 15.88058 50.39597 27.96173 26.49307 110.85892 113.80005 37.19330 2.64359 27.51160 29.37698 41.43524 13.67950 53.05099 22.76230 14.16397
0.06104 0.06866 1.95312 4.87137 6.37436 6.14548 36.84998 16.91818 1.12152 4.82941 5.24521 14.22882 18.69583 9.08279 7.34711 13.42773 14.87732 14.14108 38.58185 54.98123 10.76889 95.33691 29.40750 24.65820 36.04126 12.95090 8.78143 17.20810 35.98404 10.24628 8.67462
0.59891 0.44250 28.05328 23.92960 12.91656 11.04355 9.41086 14.57596 16.23154 1.30463 1.86157 13.40485 15.96451 15.06042 16.60538 11.35635 8.57544 8.72040 23.21625 18.28003 14.22501 27.50778 1.54877 10.49805 19.01245 1.14441 2.59399 8.35419 6.81305 20.97321 7.63321
0.61035 1.39618 12.22229 21.80099 5.69916 22.36557 9.36508 9.71222 6.87790 2.67029 2.75803 18.85986 21.57211 22.91489 21.48819 19.84406 3.79562 6.56128 33.18405 26.96991 3.30734 20.47729 12.87842 31.53610 7.92313 1.91116 1.36948 2.63596 4.79889 10.87570 2.86865
1.83868 1.78528 0.76675 2.31934 9.86481 5.13458 5.35583 9.80759 3.38745 1.78909 2.63977 4.64630 14.45389 19.01627 11.74545 8.31604 1.43433 3.12042 38.95569 10.75745 36.43799 22.87674 27.90451 19.32144 2.66647 0.15640 1.03378 1.19781 8.67844 12.40158 14.66751
2.54059 0.88882 1.67847 18.03589 11.13510 4.10843 1.53732 2.95258 0.88882 4.61578 1.49918 1.27029 7.64084 25.42496 12.99667 6.42395 2.43759 1.72424 4.57764 12.47025 7.16782 20.76340 38.26523 26.37863 5.56183 1.08337 2.60925 0.66757 4.10843 9.96017 24.65057
3.02887 3.43704 6.33240 35.36606 5.90134 5.21469 1.27029 2.02179 4.36783 2.72369 0.86975 10.41412 124.14169 7.33566 7.13348 5.63431 1.98364 8.24356 9.15146 6.37817 8.35800 9.84573 19.46259 28.48434 59.49020 6.58798 9.78851 3.39127 2.80762 1.30844 9.84955
