DATA/SHG/ECMWF/20170628/EN-32/20170629.en-32.asc
ncols        190
nrows        64
xllcorner    -5100000.000000000000
yllcorner    4130000.000000000000
cellsize     10000.000000000000
NODATA_value  -99999.000
[rows 0 to 32 of 64, columns 74 to 147 of 190]
5.177 5.072 4.963 4.851 4.734 4.613 4.487 4.559 5.070 5.576 6.091 6.613 7.143 7.680 8.225 8.778 9.339 9.908 10.484 10.840 10.431 10.019 9.611 9.206 8.804 8.406 8.012 7.621 7.234 6.850 6.469 6.306 6.824 7.315 7.781 8.222 8.636 9.025 9.388 9.726 10.037 10.323 10.584 10.796 10.918 11.024 11.114 11.189 11.248 11.292 11.319 11.331 11.328 11.308 11.273 11.233 11.218 11.199 11.176 11.148 11.116 11.080 11.040 10.995 10.946 10.893 10.836 10.913 11.393 11.897 12.426 12.980 13.558 14.161
5.585 5.413 5.233 5.061 4.897 4.742 4.595 4.572 5.098 5.632 6.174 6.723 7.280 7.845 8.417 8.998 9.585 10.181 10.785 11.290 10.898 10.501 10.109 9.719 9.333 8.951 8.572 8.197 7.825 7.456 7.092 6.819 7.221 7.598 7.949 8.274 8.574 8.848 9.096 9.319 9.516 9.687 9.833 9.947 9.999 10.035 10.056 10.060 10.050 10.023 9.981 9.923 9.849 9.759 9.654 9.547 9.513 9.475 9.433 9.387 9.336 9.282 9.223 9.159 9.092 9.020 8.944 8.964 9.554 10.168 10.807 11.470 12.158 12.871
5.478 5.318 5.167 5.024 4.890 4.763 4.645 4.567 5.120 5.681 6.250 6.826 7.410 8.002 8.602 9.209 9.824 10.447 11.078 11.716 11.360 10.979 10.602 10.228 9.857 9.490 9.127 8.767 8.411 8.058 7.709 7.363 7.646 7.908 8.144 8.355 8.540 8.699 8.833 8.941 9.023 9.080 9.111 9.116 9.098 9.065 9.015 8.950 8.869 8.773 8.660 8.532 8.389 8.229 8.054 7.867 7.815 7.759 7.698 7.633 7.564 7.490 7.413 7.331 7.244 7.154 7.059 7.124 8.063 8.986 9.891 10.779 11.649 12.502
5.347 5.216 5.094 4.980 4.874 4.777 4.688 4.607 5.134 5.722 6.318 6.922 7.533 8.152 8.779 9.413 10.055 10.705 11.363 12.028 11.817 11.452 11.090 10.732 10.377 10.025 9.678 9.333 8.993 8.655 8.322 7.991 8.098 8.245 8.367 8.463 8.533 8.578 8.597 8.591 8.559 8.501 8.417 8.308 8.216 8.112 7.993 7.858 7.707 7.540 7.358 7.161 6.947 6.718 6.473 6.213 6.124 6.049 6.117 6.319 6.513 6.699 6.877 7.047 7.209 7.363 7.510 7.648 8.460 9.305 10.134 10.945 11.739 12.516
5.208 5.107 5.013 4.928 4.852 4.783 4.723 4.671 5.141 5.756 6.379 7.010 7.649 8.295 8.948 9.610 10.279 10.956 11.641 12.333 12.270 11.920 11.574 11.231 10.892 10.556 10.224 9.895 9.570 9.248 8.929 8.615 8.578 8.610 8.618 8.599 8.555 8.485 8.390 8.269 8.122 7.950 7.752 7.529 7.351 7.178 6.988 6.783 6.563 6.451 6.442 6.439 6.442 6.451 6.465 6.486 6.641 6.823 6.998 7.164 7.323 7.473 7.616 7.751 7.878 7.997 8.108 8.211 8.872 9.641 10.393 11.128 11.845 12.546
5.062 4.990 4.925 4.869 4.821 4.782 4.750 4.727 5.141 5.783 6.433 7.091 7.757 8.430 9.111 9.799 10.496 11.200 11.911 12.631 12.718 12.384 12.053 11.726 11.402 11.082 10.765 10.452 10.142 9.836 9.533 9.234 9.085 9.003 8.896 8.763 8.604 8.420 8.210 7.975 7.778 7.626 7.482 7.346 7.290 7.277 7.271 7.270 7.276 7.287 7.304 7.327 7.356 7.391 7.432 7.478 7.599 7.746 7.885 8.016 8.139 8.255 8.362 8.462 8.554 8.638 8.714 8.782 9.301 9.994 10.669 11.328 11.969 12.592
4.909 4.865 4.829 4.802 4.783 4.773 4.770 4.776 5.133 5.803 6.480 7.165 7.857 8.558 9.266 9.981 10.705 11.436 12.174 12.921 13.162 12.843 12.528 12.216 11.908 11.603 11.302 11.004 10.710 10.419 10.131 9.820 9.569 9.387 9.213 9.048 8.891 8.742 8.602 8.470 8.346 8.231 8.124 8.025 7.987 8.001 8.021 8.046 8.078 8.115 8.159 8.208 8.263 8.324 8.391 8.463 8.564 8.675 8.779 8.875 8.963 9.043 9.116 9.180 9.237 9.285 9.326 9.359 9.747 10.363 10.962 11.544 12.108 12.656
4.748 4.733 4.726 4.728 4.738 4.756 4.782 4.817 5.118 5.815 6.519 7.231 7.951 8.678 9.413 10.156 10.906 11.664 12.430 13.203 13.601 13.298 12.926 12.540 12.170 11.816 11.479 11.158 10.853 10.565 10.293 10.038 9.831 9.686 9.549 9.421 9.301 9.190 9.086 8.991 8.904 8.826 8.756 8.694 8.677 8.717 8.763 8.815 8.873 8.936 9.006 9.081 9.162 9.249 9.342 9.441 9.535 9.611 9.680 9.741 9.794 9.839 9.876 9.905 9.927 9.940 9.946 9.944 10.208 10.748 11.271 11.777 12.265 12.736
4.579 4.593 4.615 4.646 4.684 4.731 4.787 4.850 5.096 5.820 6.551 7.290 8.037 8.791 9.538 10.219 10.881 11.526 12.152 12.759 13.143 12.797 12.467 12.154 11.857 11.577 11.312 11.065 10.833 10.618 10.420 10.237 10.084 9.976 9.876 9.785 9.702 9.627 9.561 9.503 9.453 9.412 9.378 9.354 9.360 9.426 9.498 9.576 9.660 9.750 9.845 9.947 10.054 10.167 10.286 10.411 10.513 10.554 10.588 10.613 10.631 10.641 10.643 10.637 10.624 10.602 10.573 10.535 10.687 11.150 11.597 12.026 12.438 12.833
4.403 4.446 4.497 4.556 4.624 4.699 4.783 4.879 5.076 5.803 6.511 7.202 7.874 8.528 9.163 9.780 10.379 10.960 11.522 12.066 12.521 12.248 11.991 11.751 11.527 11.320 11.128 10.954 10.795 10.653 10.528 10.418 10.327 10.256 10.194 10.139 10.093 10.055 10.026 10.005 9.992 9.988 9.991 10.003 10.036 10.128 10.226 10.330 10.440 10.556 10.677 10.805 10.938 11.078 11.223 11.374 11.498 11.504 11.502 11.493 11.475 11.450 11.417 11.376 11.327 11.271 11.206 11.134 11.181 11.568 11.939 12.292 12.628 12.946
4.233 4.333 4.434 4.538 4.644 4.753 4.864 4.977 5.100 5.763 6.408 7.035 7.643 8.233 8.805 9.359 9.894 10.411 10.909 11.390 11.864 11.680 11.497 11.330 11.179 11.045 10.927 10.825 10.739 10.670 10.618 10.581 10.561 10.527 10.501 10.484 10.475 10.474 10.482 10.497 10.521 10.554 10.594 10.643 10.704 10.822 10.947 11.077 11.213 11.355 11.502 11.656 11.816 11.981 12.152 12.329 12.489 12.460 12.424 12.379 12.327 12.266 12.198 12.122 12.038 11.947 11.847 11.740 11.692 12.003 12.297 12.574 12.834 13.077
4.271 4.378 4.488 4.601 4.715 4.832 4.951 5.073 5.197 5.740 6.322 6.885 7.429 7.956 8.464 8.954 9.426 9.879 10.314 10.731 11.141 11.096 10.985 10.891 10.813 10.752 10.707 10.678 10.665 10.669 10.690 10.726 10.779 10.788 10.800 10.819 10.847 10.883 10.927 10.980 11.041 11.110 11.188 11.273 11.368 11.510 11.660 11.816 11.978 12.146 12.320 12.500 12.685 12.877 13.074 13.277 13.486 13.423 13.352 13.272 13.184 13.089 12.986 12.875 12.756 12.629 12.495 12.366 12.290 12.635 13.014 13.427 13.873 14.353
4.306 4.422 4.540 4.661 4.784 4.909 5.037 5.167 5.299 5.734 6.252 6.751 7.232 7.695 8.140 8.566 8.974 9.364 9.736 10.089 10.436 10.493 10.456 10.435 10.430 10.441 10.469 10.513 10.573 10.650 10.743 10.853 10.979 11.040 11.088 11.145 11.210 11.282 11.364 11.453 11.551 11.657 11.771 11.894 12.025 12.190 12.366 12.548 12.737 12.931 13.130 13.336 13.548 13.765 13.988 14.217 14.452 14.393 14.217 13.984 13.782 13.610 13.469 13.358 13.278 13.229 13.210 13.221 13.264 13.730 14.258 14.819 15.414 16.042
4.339 4.463 4.590 4.719 4.850 4.983 5.119 5.258 5.398 5.745 6.199 6.635 7.052 7.452 7.833 8.196 8.540 8.867 9.175 9.465 9.747 9.873 9.909 9.960 10.028 10.113 10.213 10.330 10.464 10.613 10.779 10.961 11.160 11.283 11.368 11.461 11.563 11.672 11.790 11.917 12.051 12.194 12.345 12.505 12.672 12.863 13.065 13.273 13.488 13.670 13.798 13.902 13.983 14.040 14.074 14.085 14.072 13.947 13.820 13.723 13.656 13.620 13.615 13.640 13.696 13.782 13.898 14.046 14.223 14.789 15.466 16.176 16.920 17.697
4.370 4.502 4.637 4.774 4.914 5.056 5.200 5.347 5.496 5.772 6.162 6.535 6.889 7.225 7.542 7.842 8.123 8.386 8.631 8.857 9.076 9.236 9.344 9.469 9.609 9.766 9.940 10.130 10.336 10.558 10.796 11.051 11.323 11.516 11.638 11.768 11.906 12.053 12.208 12.371 12.523 12.675 12.849 13.045 13.263 13.438 13.555 13.649 13.719 13.766 13.790 13.790 13.767 13.720 13.650 13.557 13.441 13.383 13.392 13.430 13.499 13.599 13.729 13.890 14.081 14.303 14.555 14.838 15.151 15.814 16.639 17.498 18.390 19.316
4.398 4.539 4.682 4.828 4.975 5.126 5.278 5.433 5.590 5.815 6.143 6.451 6.742 7.015 7.269 7.505 7.723 7.922 8.104 8.267 8.422 8.581 8.762 8.959 9.173 9.402 9.649 9.911 10.190 10.485 10.796 11.085 11.340 11.521 11.617 11.735 11.875 12.037 12.221 12.427 12.654 12.904 13.176 13.469 13.785 13.974 13.987 13.977 13.943 13.886 13.806 13.702 13.575 13.425 13.251 13.054 12.834 12.789 12.933 13.107 13.312 13.547 13.813 14.109 14.436 14.793 15.181 15.599 16.047 16.803 17.778 18.785 19.826 20.900
4.424 4.573 4.725 4.879 5.035 5.193 5.354 5.517 5.683 5.876 6.139 6.385 6.612 6.821 7.012 7.185 7.339 7.476 7.594 7.694 7.785 7.908 8.174 8.449 8.720 8.986 9.248 9.506 9.759 10.008 10.252 10.492 10.728 10.944 11.138 11.354 11.592 11.851 12.133 12.437 12.762 13.109 13.479 13.870 14.283 14.534 14.443 14.329 14.191 14.031 13.847 13.639 13.409 13.155 12.877 12.577 12.253 12.164 12.443 12.753 13.093 13.464 13.865 14.297 14.759 15.251 15.774 16.328 16.912 17.759 18.881 20.037 21.226 22.449
4.448 4.606 4.765 4.927 5.092 5.258 5.427 5.599 5.773 5.952 6.153 6.335 6.499 6.645 6.771 6.872 6.973 7.073 7.173 7.272 7.376 7.502 7.762 8.017 8.269 8.516 8.758 8.996 9.230 9.459 9.684 9.905 10.121 10.345 10.636 10.950 11.285 11.642 12.022 12.423 12.846 13.291 13.758 14.247 14.757 15.117 14.923 14.705 14.464 14.199 13.912 13.601 13.266 12.909 12.528 12.123 11.696 11.508 11.923 12.368 12.844 13.350 13.886 14.453 15.051 15.679 16.337 17.026 17.745 18.679 19.950 21.254 22.591 23.962
4.470 4.635 4.803 4.974 5.146 5.321 5.499 5.669 5.791 5.909 6.012 6.114 6.215 6.315 6.415 6.515 6.614 6.712 6.810 6.907 7.010 7.118 7.355 7.591 7.823 8.051 8.274 8.492 8.707 8.917 9.122 9.323 9.520 9.722 10.111 10.522 10.955 11.410 11.887 12.385 12.906 13.448 14.013 14.599 15.207 15.725 15.427 15.105 14.761 14.393 14.001 13.587 13.149 12.687 12.203 11.695 11.164 10.822 11.372 11.953 12.564 13.205 13.877 14.579 15.311 16.074 16.868 17.692 18.546 19.564 20.983 22.436 23.922 25.441
4.480 4.617 4.751 4.879 5.004 5.125 5.241 5.353 5.461 5.564 5.665 5.764 5.864 5.962 6.061 6.158 6.255 6.352 6.448 6.543 6.644 6.750 6.954 7.171 7.383 7.591 7.795 7.994 8.189 8.380 8.566 8.747 8.925 9.098 9.562 10.071 10.602 11.154 11.728 12.324 12.942 13.582 14.244 14.928 15.633 16.357 15.955 15.530 15.082 14.610 14.115 13.597 13.055 12.491 11.903 11.292 10.657 10.106 10.791 11.507 12.253 13.029 13.836 14.673 15.541 16.439 17.367 18.326 19.315 20.415 21.982 23.583 25.217 26.884
4.271 4.394 4.512 4.626 4.736 4.842 4.944 5.041 5.134 5.223 5.318 5.416 5.514 5.611 5.707 5.803 5.898 5.993 6.087 6.180 6.279 6.383 6.558 6.755 6.948 7.137 7.321 7.501 7.677 7.848 8.015 8.177 8.335 8.489 8.991 9.597 10.225 10.874 11.546 12.240 12.955 13.692 14.451 15.232 16.035 16.860 16.507 15.979 15.427 14.852 14.253 13.632 12.987 12.319 11.627 10.913 10.175 9.414 10.179 11.030 11.911 12.822 13.764 14.737 15.739 16.772 17.836 18.929 20.030 21.088 22.896 24.898 27.093 29.482
4.066 4.174 4.278 4.378 4.473 4.564 4.651 4.734 4.812 4.886 4.973 5.069 5.164 5.260 5.354 5.448 5.541 5.634 5.727 5.818 5.915 6.017 6.167 6.345 6.519 6.688 6.853 7.014 7.170 7.322 7.469 7.612 7.751 7.885 8.395 9.099 9.824 10.571 11.340 12.131 12.944 13.778 14.635 15.513 16.413 17.335 17.083 16.451 15.796 15.118 14.416 13.691 12.943 12.171 11.376 10.559 9.717 8.853 9.537 10.688 12.039 13.320 14.529 15.667 16.733 17.729 18.653 19.506 20.287 20.997 23.537 26.396 29.449 32.695
3.866 3.959 4.048 4.133 4.214 4.290 4.363 4.431 4.495 4.554 4.628 4.723 4.816 4.910 5.002 5.094 5.186 5.277 5.367 5.457 5.552 5.653 5.782 5.941 6.095 6.245 6.391 6.532 6.669 6.801 6.929 7.053 7.172 7.287 7.777 8.578 9.401 10.245 11.111 11.999 12.909 13.841 14.795 15.770 16.767 17.786 17.683 16.948 16.189 15.408 14.627 13.946 13.361 12.874 12.485 12.193 11.998 11.900 12.751 13.858 14.894 15.858 16.752 17.574 18.324 19.004 19.612 20.149 20.615 21.010 23.985 27.701 31.610 35.713
3.669 3.748 3.822 3.893 3.959 4.021 4.078 4.132 4.181 4.226 4.285 4.377 4.469 4.560 4.651 4.742 4.831 4.920 5.009 5.097 5.190 5.289 5.403 5.542 5.677 5.807 5.934 6.056 6.173 6.286 6.395 6.499 6.599 6.695 7.136 8.034 8.953 9.895 10.859 11.844 12.851 13.848 14.774 15.662 16.511 17.322 17.309 16.670 16.128 15.683 15.336 15.085 14.932 14.877 14.918 15.057 15.293 15.627 16.306 17.097 17.817 18.466 19.043 19.550 19.985 20.349 20.642 20.863 21.014 21.093 24.240 28.812 33.577 38.536
3.477 3.541 3.601 3.657 3.708 3.755 3.798 3.837 3.872 3.902 3.942 4.033 4.123 4.212 4.301 4.390 4.478 4.565 4.652 4.738 4.829 4.926 5.028 5.148 5.264 5.375 5.482 5.585 5.683 5.776 5.866 5.951 6.080 6.295 6.786 7.811 8.798 9.746 10.656 11.527 12.360 13.154 13.910 14.627 15.306 15.947 16.190 15.982 15.871 15.858 15.941 16.122 16.400 16.775 17.248 17.817 18.484 19.248 19.929 20.405 20.809 21.142 21.404 21.595 21.715 21.764 21.741 21.648 21.483 21.247 24.302 29.730 35.350 41.164
3.289 3.338 3.384 3.425 3.462 3.494 3.523 3.547 3.567 3.583 3.600 3.689 3.777 3.865 3.952 4.039 4.125 4.210 4.295 4.380 4.469 4.564 4.659 4.775 4.924 5.087 5.264 5.457 5.664 5.885 6.121 6.372 6.638 6.918 7.327 8.182 8.998 9.776 10.515 11.216 11.878 12.502 13.088 13.635 14.144 14.614 14.969 15.192 15.512 15.930 16.444 17.056 17.765 18.570 19.473 20.474 21.571 22.765 23.620 23.780 23.869 23.887 23.834 23.710 23.514 23.248 22.911 22.502 22.022 21.472 24.172 30.455 36.930 43.598
3.105 3.140 3.171 3.197 3.219 3.238 3.251 3.261 3.267 3.268 3.265 3.347 3.433 3.519 3.604 3.693 3.812 3.930 4.049 4.168 4.288 4.411 4.534 4.732 4.945 5.173 5.416 5.673 5.945 6.231 6.533 6.848 7.179 7.524 7.909 8.594 9.240 9.847 10.416 10.947 11.439 11.893 12.308 12.685 13.023 13.323 13.647 14.301 15.052 15.900 16.845 17.887 19.026 20.262 21.595 23.026 24.553 26.178 27.380 27.224 26.998 26.701 26.333 25.894 25.383 24.802 24.150 23.426 22.632 21.767 23.849 30.986 38.316 45.838
2.925 2.946 2.962 2.974 2.981 2.985 2.984 2.979 2.976 2.993 3.009 3.108 3.226 3.345 3.463 3.582 3.701 3.820 3.939 4.059 4.180 4.304 4.428 4.672 4.950 5.243 5.551 5.873 6.210 6.561 6.927 7.308 7.703 8.113 8.537 9.047 9.523 9.960 10.359 10.719 11.041 11.325 11.570 11.777 11.945 12.075 12.224 13.308 14.489 15.768 17.143 18.615 20.184 21.850 23.614 25.474 27.431 29.485 31.207 30.737 30.196 29.584 28.901 28.147 27.322 26.426 25.459 24.421 23.312 22.132 23.335 31.325 39.508 47.884
2.750 2.759 2.777 2.794 2.811 2.827 2.844 2.860 2.876 2.892 2.908 2.994 3.113 3.232 3.351 3.470 3.590 3.710 3.830 3.950 4.072 4.197 4.321 4.595 4.938 5.296 5.669 6.056 6.458 6.874 7.305 7.750 8.210 8.685 9.174 9.541 9.847 10.114 10.343 10.533 10.685 10.799 10.874 10.911 10.909 10.870 10.791 12.214 13.825 15.534 17.339 19.241 21.240 23.336 25.528 27.818 30.205 32.689 35.102 34.317 33.462 32.535 31.537 30.469 29.329 28.119 26.838 25.485 24.062 22.568 22.628 31.472 40.508 49.736
2.648 2.665 2.682 2.698 2.714 2.730 2.746 2.761 2.777 2.792 2.806 2.879 2.999 3.119 3.239 3.359 3.479 3.600 3.720 3.841 3.964 4.089 4.214 4.502 4.911 5.333 5.771 6.223 6.689 7.170 7.666 8.176 8.701 9.240 9.795 10.076 10.212 10.309 10.368 10.388 10.371 10.314 10.220 10.087 9.916 9.706 9.458 11.019 13.060 15.198 17.432 19.764 22.192 24.718 27.340 30.059 32.875 35.788 38.797 37.966 36.796 35.555 34.243 32.860 31.406 29.882 28.286 26.620 24.883 23.075 21.741 31.159 40.326 49.242
2.555 2.571 2.587 2.602 2.618 2.633 2.648 2.663 2.677 2.692 2.706 2.765 2.885 3.006 3.126 3.247 3.368 3.489 3.611 3.732 3.856 3.982 4.107 4.393 4.866 5.354 5.856 6.373 6.904 7.450 8.010 8.585 9.175 9.779 10.398 10.653 10.618 10.546 10.435 10.285 10.098 9.872 9.607 9.305 8.964 8.585 8.167 9.722 12.193 14.760 17.424 20.185 23.042 25.997 29.048 32.196 35.441 38.782 42.221 41.683 40.198 38.576 36.785 34.976 33.149 31.304 29.442 27.561 25.662 23.745 21.810 29.453 37.513 45.322
2.462 2.477 2.492 2.507 2.522 2.536 2.550 2.565 2.578 2.592 2.605 2.650 2.771 2.892 3.014 3.135 3.257 3.379 3.501 3.623 3.748 3.874 4.000 4.268 4.806 5.358 5.925 6.506 7.102 7.713 8.338 8.978 9.632 10.301 10.984 11.270 11.066 10.824 10.543 10.224 9.867 9.471 9.037 8.565 8.054 7.506 6.918 8.325 11.224 14.220 17.313 20.503 23.846 27.323 30.749 34.125 37.451 40.725 43.949 43.602 41.767 39.914 38.043 36.154 34.247 32.322 30.379 28.418 26.439 24.442 22.427 27.995 34.949 41.653
2.369 2.383 2.398 2.412 2.426 2.440 2.453 2.467 2.480 2.493 2.505 2.536 2.657 2.779 2.901 3.024 3.146 3.269 3.391 3.514 3.639 3.766 3.894 4.126 4.729 5.346 5.977 6.623 7.284 7.959 8.649 9.354 10.072 10.806 11.554 11.929 11.555 11.143 10.692 10.204 9.677 9.112 8.508 7.993 7.838 7.711 7.613 9.237 12.744 16.201 19.606 22.961 26.266 29.520 32.724 35.876 38.979 42.030 45.032 45.117 43.202 41.269 39.318 37.349 35.361 33.356 31.333 29.292 27.233 25.156 23.061 26.786 32.635 38.233
