DATA/SHG/ECMWF/20170628/EN-32/20170704.en-32.asc
ncols        190
nrows        64
xllcorner    -5100000.000000000000
yllcorner    4130000.000000000000
cellsize     10000.000000000000
NODATA_value  -99999.000
[rows 32 to 63 of 64, columns 0 to 72 of 190]
7.724 8.004 7.730 7.403 7.075 6.747 6.419 6.090 5.761 5.433 5.103 4.774 4.444 4.115 3.900 3.680 3.447 3.203 2.946 2.678 2.397 2.104 1.799 1.481 1.152 0.810 1.042 1.287 1.535 1.787 2.042 2.301 2.563 2.828 3.098 3.370 3.646 3.921 3.985 4.047 4.108 4.167 4.225 4.281 4.336 4.389 4.440 4.592 4.783 4.973 5.224 5.438 5.614 5.753 5.854 5.917 5.943 5.932 5.883 5.796 5.671 5.523 5.482 5.438 5.390 5.339 5.284 5.225 5.162 5.096 5.026 4.952 4.874
8.216 8.470 8.282 7.954 7.625 7.296 6.967 6.637 6.308 5.978 5.648 5.317 4.987 4.656 4.388 4.125 3.851 3.564 3.264 2.953 2.630 2.294 1.947 1.587 1.215 0.831 0.979 1.236 1.497 1.761 2.028 2.299 2.573 2.851 3.133 3.418 3.706 3.998 4.085 4.142 4.327 4.538 4.743 4.942 5.136 5.324 5.507 5.684 5.855 6.020 6.143 6.226 6.271 6.279 6.249 6.182 6.077 5.934 5.755 5.537 5.282 4.990 4.925 4.868 4.808 4.743 4.675 4.603 4.528 4.449 4.366 4.279 4.189
8.715 8.944 8.834 8.505 8.175 7.845 7.515 7.184 6.854 6.523 6.192 5.860 5.529 5.197 4.889 4.583 4.266 3.937 3.595 3.241 2.875 2.497 2.107 1.705 1.291 0.864 0.913 1.182 1.455 1.731 2.011 2.294 2.581 3.074 3.564 4.032 4.478 4.902 5.164 5.366 5.563 5.754 5.939 6.118 6.292 6.461 6.623 6.780 6.931 7.077 7.097 7.049 6.964 6.841 6.680 6.482 6.247 5.974 5.663 5.315 4.930 4.507 4.372 4.303 4.229 4.152 4.071 3.987 3.898 3.806 3.711 3.611 3.508
9.222 9.425 9.385 9.055 8.724 8.393 8.062 7.731 7.399 7.067 6.735 6.403 6.070 5.738 5.402 5.054 4.694 4.322 3.938 3.542 3.133 2.713 2.280 1.836 1.379 0.923 1.167 1.733 2.278 2.800 3.301 3.780 4.238 4.673 5.087 5.479 5.849 6.197 6.444 6.626 6.803 6.974 7.139 7.299 7.453 7.601 7.743 7.880 8.012 8.137 8.087 7.909 7.692 7.439 7.148 6.819 6.453 6.050 5.609 5.130 4.614 4.061 3.824 3.741 3.655 3.565 3.472 3.374 3.273 3.168 3.060 2.948 2.832
9.737 9.914 9.936 9.605 9.273 8.941 8.609 8.277 7.944 7.611 7.278 6.945 6.612 6.278 5.927 5.537 5.135 4.720 4.344 4.204 4.059 3.906 3.747 3.582 3.409 3.231 3.320 3.810 4.278 4.725 5.149 5.552 5.933 6.293 6.630 6.946 7.240 7.512 7.728 7.890 8.047 8.198 8.343 8.483 8.617 8.745 8.868 8.985 9.096 9.202 9.113 8.804 8.457 8.073 7.652 7.193 6.696 6.162 5.591 4.982 4.336 3.652 3.280 3.184 3.085 2.983 2.876 2.766 2.652 2.535 2.413 2.289 2.160
10.259 10.410 10.487 10.154 9.822 9.489 9.156 8.822 8.489 8.155 7.821 7.547 7.452 7.416 7.404 7.267 7.124 6.975 6.819 6.656 6.487 6.311 6.128 5.940 5.744 5.542 5.493 5.907 6.299 6.669 7.018 7.344 7.649 7.933 8.194 8.434 8.652 8.848 9.016 9.159 9.295 9.427 9.552 9.672 9.786 9.894 9.997 10.094 10.185 10.271 10.175 9.736 9.259 8.744 8.192 7.603 6.976 6.311 5.610 4.871 4.094 3.280 2.740 2.632 2.520 2.404 2.285 2.162 2.036 1.905 1.771 1.634 1.492
10.788 10.913 11.031 10.704 10.366 10.064 9.822 9.638 9.513 9.446 9.438 9.489 9.599 9.767 9.976 9.816 9.649 9.477 9.297 9.111 8.919 8.719 8.514 8.302 8.083 7.857 7.685 8.023 8.339 8.633 8.906 9.157 9.386 9.593 9.778 9.942 10.084 10.204 10.309 10.431 10.548 10.659 10.765 10.864 10.959 11.047 11.130 11.207 11.279 11.345 11.273 10.703 10.096 9.451 8.768 8.049 7.292 6.497 5.665 4.796 3.889 2.945 2.204 2.083 1.959 1.830 1.698 1.563 1.423 1.280 1.211 1.201 1.201
11.018 11.069 11.128 10.964 10.809 10.712 10.675 10.695 10.775 10.913 11.110 11.365 11.679 12.052 12.484 12.368 12.179 11.982 11.780 11.570 11.354 11.132 10.903 10.667 10.425 10.177 9.922 10.160 10.400 10.618 10.814 10.989 11.142 11.273 11.383 11.471 11.537 11.581 11.605 11.708 11.805 11.896 11.981 12.061 12.136 12.204 12.267 12.325 12.376 12.422 12.407 11.707 10.969 10.194 9.381 8.531 7.644 6.719 5.757 4.758 3.721 2.647 1.673 1.594 1.550 1.515 1.490 1.475 1.470 1.475 1.489 1.513 1.547
10.939 11.019 11.108 11.138 11.188 11.296 11.462 11.688 11.972 12.314 12.716 13.175 13.694 14.271 14.907 14.924 14.711 14.492 14.266 14.033 13.794 13.548 13.296 13.037 12.772 12.500 12.222 12.316 12.480 12.622 12.743 12.841 12.919 12.974 13.007 13.019 13.010 12.978 12.925 12.988 13.065 13.137 13.202 13.262 13.317 13.366 13.409 13.446 13.478 13.504 13.525 12.746 11.878 10.973 10.030 9.050 7.940 6.820 5.729 4.665 3.630 2.623 1.645 1.625 1.615 1.614 1.623 1.642 1.671 1.709 1.757 1.815 1.883
10.849 10.960 11.078 11.248 11.502 11.814 12.185 12.615 13.104 13.650 14.256 14.920 15.643 16.424 17.264 17.484 17.248 17.005 16.756 16.500 16.238 15.969 15.693 15.411 15.122 14.827 14.526 14.492 14.580 14.647 14.691 14.714 14.715 14.695 14.652 14.588 14.503 14.395 14.266 14.273 14.330 14.382 14.428 14.468 14.502 14.531 14.554 14.572 14.584 14.323 14.008 12.996 11.833 10.698 9.591 8.512 7.462 6.440 5.446 4.480 3.542 2.632 1.751 1.647 1.670 1.704 1.747 1.799 1.862 1.934 2.016 2.108 2.209
10.751 10.891 11.040 11.293 11.751 12.268 12.844 13.478 14.170 14.921 15.731 16.599 17.526 18.511 19.555 20.048 19.789 19.523 19.250 18.971 18.685 18.393 18.094 17.789 17.477 17.159 16.834 16.688 16.700 16.691 16.660 16.607 16.532 16.436 16.318 16.178 16.016 15.833 15.628 15.562 15.599 15.631 15.353 15.048 14.740 14.429 14.116 13.799 13.479 13.157 12.831 12.003 10.938 9.900 8.891 7.910 6.957 6.033 5.136 4.268 3.427 2.615 1.831 1.659 1.717 1.784 1.860 1.947 2.043 2.149 2.265 2.391 2.526
10.643 10.813 10.991 11.274 11.936 12.657 13.437 14.275 15.172 16.127 17.140 18.213 19.343 20.532 21.780 22.616 22.333 22.044 21.748 21.445 21.136 20.821 20.499 20.170 19.835 19.494 19.146 18.904 18.841 18.755 18.648 18.519 18.369 18.197 17.993 17.388 16.794 16.211 15.638 15.189 14.883 14.574 14.262 13.947 13.629 13.308 12.984 12.657 12.328 11.995 11.659 10.984 10.016 9.076 8.164 7.281 6.426 5.599 4.799 4.029 3.286 2.571 1.885 1.662 1.753 1.854 1.965 2.085 2.215 2.355 2.505 2.664 2.833
10.526 10.726 10.934 11.190 12.057 12.982 13.966 15.008 16.108 17.267 18.485 19.761 21.095 22.488 23.940 25.187 24.881 24.569 24.249 23.924 23.592 23.253 22.908 22.556 22.198 21.833 21.462 21.076 20.433 19.801 19.180 18.569 17.969 17.380 16.802 16.235 15.678 15.132 14.597 14.134 13.818 13.498 13.176 12.851 12.523 12.192 11.857 11.520 11.180 10.837 10.491 9.938 9.068 8.226 7.411 6.625 5.868 5.138 4.436 3.763 3.117 2.500 1.911 1.656 1.781 1.915 2.060 2.214 2.378 2.551 2.735 2.928 3.130
10.400 10.629 10.867 11.114 12.113 13.242 14.430 15.676 16.980 18.343 19.764 21.244 22.782 24.378 26.033 27.747 27.433 27.097 26.755 26.406 25.919 24.988 24.067 23.154 22.250 21.355 20.470 19.613 19.007 18.413 17.829 17.256 16.694 16.142 15.601 15.071 14.552 14.043 13.546 13.083 12.757 12.427 12.095 11.759 11.421 11.079 10.735 10.388 10.037 9.684 9.328 8.866 8.093 7.349 6.632 5.943 5.283 4.650 4.046 3.470 2.922 2.402 1.910 1.640 1.799 1.967 2.145 2.333 2.531 2.738 2.955 3.182 3.418
10.264 10.523 10.791 11.067 12.105 13.438 14.829 16.279 17.787 19.353 20.978 22.661 24.403 26.027 27.304 28.553 27.953 27.017 26.091 25.173 24.265 23.365 22.475 21.594 20.722 19.859 19.005 18.160 17.572 17.015 16.469 15.933 15.408 14.894 14.391 13.898 13.416 12.945 12.485 12.037 11.700 11.360 11.017 10.672 10.323 9.971 9.617 9.259 8.899 8.535 8.169 7.768 7.092 6.445 5.826 5.235 4.671 4.136 3.629 3.150 2.700 2.277 1.882 1.615 1.807 2.009 2.221 2.443 2.674 2.915 3.166 3.426 3.697
10.119 10.408 10.705 11.011 12.033 13.569 15.068 16.446 17.794 19.115 20.407 21.671 22.907 24.115 25.294 26.446 26.165 25.261 24.366 23.480 22.603 21.735 20.876 20.027 19.186 18.354 17.532 16.719 16.128 15.608 15.100 14.601 14.114 13.637 13.171 12.716 12.271 11.838 11.415 11.002 10.648 10.298 9.945 9.589 9.230 8.868 8.503 8.136 7.765 7.391 7.014 6.635 6.065 5.515 4.993 4.499 4.033 3.596 3.186 2.804 2.450 2.125 1.827 1.580 1.806 2.042 2.288 2.543 2.808 3.083 3.367 3.662 3.964
9.934 10.174 10.378 10.544 11.228 12.564 13.872 15.151 16.402 17.625 18.820 19.987 21.125 22.235 23.317 24.371 24.369 23.497 22.633 21.779 20.934 20.097 19.270 18.452 17.643 16.843 16.052 15.270 14.675 14.192 13.721 13.260 12.810 12.371 11.942 11.524 11.117 10.721 10.335 9.960 9.600 9.239 8.876 8.510 8.141 7.769 7.394 7.016 6.635 6.251 5.864 5.474 5.012 4.559 4.134 3.738 3.369 3.028 2.716 2.431 2.174 1.946 1.746 1.573 1.796 2.066 2.341 2.610 2.873 3.129 3.380 3.624 3.863
9.661 9.772 9.847 9.884 10.259 11.497 12.707 13.889 15.042 16.168 17.265 18.334 19.375 20.388 21.372 22.328 22.566 21.725 20.894 20.071 19.257 18.452 17.657 16.870 16.092 15.324 14.564 13.814 13.212 12.767 12.333 11.909 11.497 11.095 10.704 10.323 9.953 9.594 9.246 8.908 8.556 8.186 7.812 7.436 7.057 6.675 6.289 5.901 5.510 5.116 4.719 4.319 3.932 3.577 3.249 2.949 2.678 2.434 2.231 2.113 1.998 1.887 1.779 1.675 1.858 2.118 2.372 2.620 2.861 3.097 3.327 3.550 3.768
9.429 9.412 9.357 9.266 9.321 10.461 11.574 12.658 13.714 14.742 15.742 16.714 17.657 18.572 19.460 20.319 20.756 19.947 19.147 18.355 17.573 16.800 16.036 15.281 14.535 13.798 13.070 12.351 11.740 11.332 10.936 10.550 10.174 9.810 9.456 9.112 8.780 8.458 8.147 7.847 7.517 7.136 6.753 6.366 5.977 5.584 5.189 4.790 4.389 3.985 3.578 3.202 3.017 2.890 2.766 2.646 2.529 2.416 2.306 2.200 2.098 1.999 1.904 1.813 1.936 2.175 2.408 2.635 2.856 3.071 3.279 3.482 3.679
9.238 9.092 8.909 8.689 8.432 9.458 10.473 11.459 12.418 13.349 14.251 15.125 15.972 16.789 17.579 18.341 18.939 18.161 17.392 16.633 15.882 15.140 14.407 13.684 12.969 12.264 11.567 10.880 10.259 9.889 9.529 9.180 8.842 8.515 8.198 7.892 7.597 7.313 7.039 6.776 6.482 6.091 5.697 5.301 4.939 4.678 4.421 4.169 3.920 3.676 3.437 3.201 3.015 2.900 2.788 2.680 2.576 2.475 2.378 2.285 2.195 2.108 2.026 1.946 2.020 2.238 2.450 2.656 2.856 3.050 3.238 3.420 3.595
9.089 8.814 8.502 8.153 7.767 8.485 9.403 10.292 11.154 11.987 12.792 13.569 14.318 15.039 15.731 16.395 17.032 16.368 15.631 14.903 14.183 13.473 12.772 12.080 11.397 10.722 10.057 9.401 8.768 8.435 8.113 7.802 7.501 7.211 6.931 6.663 6.405 6.207 6.101 5.993 5.859 5.596 5.337 5.082 4.831 4.585 4.343 4.105 3.871 3.642 3.417 3.196 3.008 2.906 2.807 2.711 2.619 2.531 2.446 2.365 2.288 2.214 2.143 2.077 2.110 2.307 2.498 2.683 2.862 3.035 3.202 3.363 3.517
8.980 8.577 8.136 7.659 7.144 7.545 8.365 9.157 9.921 10.657 11.365 12.045 12.696 13.320 13.915 14.482 15.021 14.568 13.862 13.165 12.478 11.799 11.129 10.468 9.816 9.174 8.540 7.915 7.300 6.973 6.767 6.669 6.569 6.467 6.362 6.255 6.147 6.035 5.922 5.807 5.688 5.439 5.195 4.954 4.719 4.487 4.260 4.037 3.818 3.604 3.393 3.188 2.999 2.908 2.822 2.739 2.659 2.583 2.511 2.442 2.377 2.316 2.258 2.203 2.205 2.381 2.552 2.716 2.874 3.026 3.172 3.312 3.446
8.913 8.381 7.812 7.206 6.563 6.636 7.359 8.054 8.721 9.359 9.970 10.552 11.107 11.633 12.131 12.601 13.043 12.761 12.086 11.421 10.764 10.117 9.479 8.971 8.578 8.179 7.772 7.358 6.937 6.755 6.652 6.546 6.438 6.328 6.216 6.102 5.985 5.867 5.746 5.623 5.497 5.278 5.049 4.823 4.602 4.385 4.173 3.965 3.761 3.561 3.366 3.175 2.988 2.908 2.833 2.763 2.696 2.632 2.572 2.516 2.463 2.414 2.368 2.326 2.306 2.461 2.611 2.754 2.891 3.022 3.147 3.266 3.379
8.886 8.226 7.528 6.794 6.022 5.758 6.384 6.982 7.552 8.093 8.607 9.092 9.549 9.978 10.380 10.753 11.277 11.407 11.031 10.649 10.260 9.864 9.461 9.051 8.633 8.209 7.777 7.339 6.893 6.649 6.539 6.425 6.310 6.192 6.073 5.951 5.827 5.700 5.572 5.441 5.308 5.113 4.898 4.688 4.482 4.280 4.082 3.888 3.699 3.514 3.334 3.157 2.985 2.903 2.841 2.783 2.728 2.677 2.630 2.586 2.545 2.509 2.475 2.446 2.420 2.547 2.676 2.798 2.914 3.025 3.129 3.227 3.319
8.901 8.112 7.286 6.423 5.523 4.912 5.441 5.942 6.414 7.149 7.961 8.711 9.398 10.022 10.584 11.083 11.519 11.640 11.241 10.834 10.421 10.000 9.572 9.137 8.695 8.246 7.791 7.328 6.858 6.546 6.428 6.307 6.184 6.059 5.932 5.802 5.670 5.537 5.401 5.262 5.122 4.944 4.744 4.548 4.357 4.170 3.987 3.808 3.634 3.463 3.298 3.136 2.979 2.895 2.846 2.800 2.758 2.719 2.684 2.652 2.624 2.600 2.579 2.562 2.548 2.639 2.746 2.848 2.943 3.033 3.116 3.193 3.264
8.956 8.038 7.372 6.828 6.334 5.973 6.818 7.601 8.321 8.979 9.574 10.106 10.576 10.983 11.327 11.609 11.828 11.882 11.458 11.026 10.588 10.143 9.691 9.231 8.765 8.292 7.811 7.324 6.829 6.446 6.319 6.191 6.061 5.928 5.793 5.656 5.517 5.375 5.232 5.086 4.938 4.771 4.586 4.405 4.228 4.056 3.887 3.723 3.564 3.408 3.257 3.110 2.968 2.884 2.847 2.813 2.783 2.757 2.734 2.715 2.699 2.687 2.679 2.674 2.673 2.736 2.822 2.903 2.978 3.015 3.039 3.061 3.082
10.674 10.203 9.781 9.410 9.089 8.818 9.365 9.930 10.433 10.873 11.251 11.566 11.819 12.009 12.136 12.201 12.204 12.130 11.682 11.226 10.763 10.293 9.817 9.333 8.842 8.344 7.839 7.327 6.808 6.347 6.214 6.078 5.940 5.799 5.657 5.512 5.365 5.216 5.065 4.912 4.756 4.594 4.424 4.257 4.095 3.937 3.784 3.635 3.490 3.349 3.213 3.081 2.953 2.869 2.844 2.823 2.806 2.792 2.781 2.774 2.771 2.771 2.738 2.695 2.652 2.648 2.673 2.696 2.718 2.738 2.755 2.771 2.785
12.680 12.382 12.134 11.935 11.786 11.688 11.976 12.324 12.610 12.833 12.994 13.092 13.128 13.101 13.012 12.860 12.645 12.368 11.913 11.433 10.946 10.451 9.950 9.442 8.926 8.404 7.875 7.338 6.795 6.251 6.110 5.967 5.821 5.673 5.523 5.371 5.216 5.060 4.901 4.740 4.577 4.413 4.257 4.106 3.958 3.815 3.677 3.542 3.412 3.286 3.164 3.047 2.934 2.851 2.838 2.799 2.754 2.709 2.665 2.622 2.579 2.537 2.495 2.454 2.414 2.399 2.418 2.434 2.449 2.462 2.473 2.483 2.490
14.630 14.504 14.428 14.402 14.426 14.500 14.652 14.784 14.853 14.859 14.803 14.684 14.503 14.259 13.953 13.584 13.153 12.659 12.152 11.647 11.135 10.617 10.091 9.558 9.018 8.471 7.917 7.357 6.789 6.214 6.009 5.858 5.705 5.549 5.392 5.232 5.070 4.906 4.740 4.571 4.400 4.228 4.087 3.950 3.817 3.689 3.565 3.445 3.305 3.164 3.024 2.887 2.751 2.629 2.585 2.541 2.498 2.456 2.414 2.373 2.332 2.292 2.253 2.214 2.176 2.152 2.164 2.174 2.183 2.189 2.194 2.197 2.197
16.522 16.569 16.666 16.812 17.008 17.255 17.394 17.308 17.160 16.950 16.677 16.341 15.943 15.483 14.960 14.375 13.727 13.017 12.398 11.869 11.332 10.789 10.239 9.682 9.117 8.546 7.968 7.382 6.790 6.191 5.910 5.752 5.591 5.428 5.263 5.096 4.926 4.754 4.580 4.404 4.226 4.027 3.872 3.726 3.581 3.439 3.298 3.160 3.023 2.888 2.755 2.624 2.495 2.367 2.325 2.284 2.243 2.202 2.163 2.124 2.085 2.047 2.010 1.973 1.937 1.907 1.913 1.917 1.918 1.918 1.916 1.913 1.907
18.358 18.577 18.846 19.164 19.533 19.951 20.200 19.897 19.533 19.105 18.616 18.064 17.449 16.772 16.033 15.231 14.367 13.441 12.651 12.097 11.537 10.969 10.394 9.813 9.224 8.628 8.026 7.416 6.799 6.175 5.814 5.648 5.480 5.309 5.104 4.900 4.698 4.496 4.296 4.098 3.901 3.705 3.549 3.409 3.272 3.136 3.002 2.869 2.739 2.611 2.484 2.360 2.237 2.116 2.065 2.026 1.987 1.949 1.911 1.874 1.838 1.802 1.767 1.732 1.698 1.665 1.664 1.661 1.656 1.650 1.641 1.631 1.618
20.136 20.527 20.968 21.459 22.000 22.591 23.071 22.552 21.970 21.327 20.620 19.852 19.021 18.128 17.172 16.154 15.073 13.931 12.912 12.334 11.748 11.156 10.557 9.951 9.338 8.718 8.091 7.461 6.788 6.073 5.558 5.353 5.150 4.948 4.747 4.548 4.350 4.154 3.959 3.765 3.573 3.383 3.225 3.091 2.960 2.831 2.703 2.578 2.454 2.332 2.212 2.094 1.978 1.864 1.805 1.767 1.731 1.695 1.659 1.624 1.590 1.556 1.523 1.491 1.459 1.427 1.417 1.407 1.396 1.383 1.368 1.351 1.332
