DATA/SHG/ECMWF/20170628/EN-32/20170703.en-32.asc
ncols        190
nrows        64
xllcorner    -5100000.000000000000
yllcorner    4130000.000000000000
cellsize     10000.000000000000
NODATA_value  -99999.000
[rows 0 to 32 of 64, columns 0 to 73 of 190]
1.584 1.570 1.552 1.532 1.508 1.481 1.451 1.418 1.381 1.388 1.404 1.415 1.421 1.422 1.417 1.408 1.393 1.374 1.349 1.359 1.381 1.350 1.296 1.243 1.190 1.137 1.085 1.033 0.981 0.929 0.878 0.827 0.776 0.749 0.739 0.730 0.724 0.719 0.716 0.714 0.715 0.718 0.722 0.728 0.736 0.757 0.790 0.824 0.859 0.894 0.931 0.969 1.008 1.047 1.088 1.130 1.173 1.292 1.504 1.718 1.934 2.154 2.376 2.600 2.827 3.057 3.290 3.525 3.762 3.870 3.754 3.624 3.481 3.323
1.467 1.441 1.413 1.381 1.346 1.308 1.267 1.223 1.176 1.158 1.156 1.149 1.180 1.210 1.238 1.263 1.285 1.305 1.322 1.336 1.348 1.325 1.272 1.220 1.168 1.116 1.064 1.013 0.962 0.912 0.861 0.811 0.762 0.733 0.729 0.727 0.726 0.728 0.731 0.737 0.744 0.753 0.763 0.776 0.790 0.814 0.850 0.888 0.926 0.965 1.005 1.047 1.089 1.132 1.176 1.222 1.268 1.370 1.591 1.814 2.040 2.269 2.500 2.733 2.970 3.209 3.450 3.694 3.941 4.089 3.925 3.747 3.555 3.350
1.353 1.317 1.277 1.235 1.193 1.170 1.153 1.141 1.133 1.146 1.174 1.201 1.224 1.245 1.263 1.279 1.292 1.303 1.311 1.316 1.319 1.299 1.247 1.196 1.145 1.094 1.044 0.994 0.944 0.894 0.845 0.796 0.747 0.714 0.717 0.721 0.727 0.735 0.745 0.757 0.770 0.786 0.803 0.822 0.843 0.870 0.909 0.950 0.992 1.035 1.078 1.123 1.169 1.216 1.264 1.312 1.362 1.445 1.675 1.908 2.143 2.381 2.621 2.864 3.109 3.357 3.608 3.861 4.122 4.329 4.153 3.986 3.827 3.676
1.258 1.233 1.213 1.198 1.189 1.184 1.185 1.191 1.202 1.220 1.239 1.256 1.270 1.282 1.291 1.298 1.302 1.303 1.302 1.298 1.292 1.273 1.223 1.172 1.122 1.072 1.023 0.974 0.925 0.876 0.828 0.779 0.732 0.694 0.703 0.714 0.726 0.741 0.757 0.775 0.795 0.817 0.841 0.866 0.893 0.924 0.967 1.012 1.057 1.103 1.150 1.199 1.248 1.298 1.350 1.402 1.455 1.518 1.757 1.999 2.246 2.522 2.794 3.062 3.326 3.585 3.841 4.092 4.339 4.583 4.443 4.305 4.176 4.056
1.175 1.168 1.167 1.170 1.179 1.193 1.212 1.236 1.265 1.296 1.306 1.314 1.319 1.322 1.322 1.320 1.314 1.307 1.296 1.284 1.268 1.247 1.197 1.148 1.099 1.050 1.002 0.953 0.905 0.858 0.810 0.763 0.716 0.672 0.687 0.705 0.724 0.745 0.767 0.792 0.818 0.846 0.877 0.908 0.942 0.978 1.024 1.072 1.121 1.171 1.221 1.273 1.326 1.390 1.489 1.588 1.688 1.788 2.047 2.317 2.582 2.844 3.102 3.355 3.604 3.850 4.091 4.327 4.560 4.789 4.724 4.617 4.517 4.426
1.086 1.098 1.115 1.136 1.163 1.196 1.233 1.275 1.323 1.375 1.376 1.375 1.371 1.365 1.356 1.344 1.330 1.313 1.293 1.272 1.247 1.220 1.172 1.124 1.076 1.028 0.980 0.933 0.886 0.839 0.793 0.747 0.701 0.655 0.670 0.693 0.719 0.746 0.775 0.806 0.839 0.874 0.910 0.949 0.989 1.031 1.098 1.195 1.292 1.390 1.488 1.587 1.687 1.787 1.887 1.988 2.090 2.192 2.416 2.671 2.923 3.170 3.413 3.652 3.887 4.117 4.344 4.566 4.784 4.999 4.997 4.919 4.850 4.789
0.993 1.022 1.057 1.097 1.142 1.193 1.248 1.309 1.375 1.446 1.449 1.439 1.426 1.410 1.392 1.371 1.348 1.322 1.293 1.262 1.229 1.192 1.147 1.099 1.052 1.005 0.959 0.912 0.866 0.820 0.775 0.730 0.685 0.640 0.650 0.681 0.712 0.746 0.782 0.841 0.919 1.003 1.091 1.183 1.280 1.381 1.481 1.579 1.679 1.778 1.878 1.979 2.080 2.182 2.285 2.387 2.491 2.595 2.789 3.030 3.266 3.499 3.728 3.952 4.172 4.389 4.601 4.809 5.012 5.212 5.262 5.213 5.174 5.142
0.893 0.941 0.994 1.052 1.116 1.184 1.258 1.337 1.421 1.510 1.525 1.505 1.483 1.458 1.431 1.401 1.369 1.333 1.296 1.256 1.213 1.168 1.121 1.074 1.028 0.982 0.937 0.891 0.846 0.802 0.757 0.713 0.692 0.678 0.713 0.785 0.862 0.943 1.029 1.119 1.213 1.312 1.416 1.524 1.636 1.753 1.862 1.963 2.064 2.165 2.267 2.370 2.473 2.577 2.681 2.786 2.891 2.997 3.165 3.391 3.614 3.832 4.046 4.256 4.462 4.663 4.861 5.054 5.244 5.429 5.518 5.499 5.489 5.488
0.788 0.854 0.925 1.002 1.083 1.170 1.262 1.359 1.461 1.568 1.603 1.574 1.543 1.509 1.473 1.434 1.392 1.348 1.301 1.252 1.200 1.146 1.095 1.049 1.004 0.995 0.987 0.976 0.965 0.951 0.936 0.919 0.900 0.880 0.907 0.995 1.087 1.184 1.286 1.392 1.502 1.617 1.736 1.860 1.988 2.121 2.243 2.345 2.448 2.551 2.655 2.760 2.864 2.970 3.076 3.183 3.290 3.397 3.544 3.756 3.964 4.168 4.368 4.563 4.754 4.942 5.125 5.304 5.479 5.649 5.765 5.776 5.796 5.824
0.678 0.762 0.851 0.946 1.046 1.150 1.260 1.375 1.496 1.621 1.683 1.646 1.605 1.562 1.517 1.469 1.418 1.369 1.347 1.327 1.309 1.293 1.280 1.271 1.260 1.247 1.233 1.217 1.199 1.179 1.158 1.135 1.110 1.083 1.096 1.200 1.308 1.421 1.538 1.659 1.786 1.916 2.051 2.191 2.335 2.483 2.622 2.726 2.831 2.936 3.042 3.148 3.255 3.362 3.470 3.578 3.687 3.797 3.927 4.125 4.318 4.507 4.693 4.874 5.051 5.223 5.392 5.557 5.717 5.873 6.004 6.045 6.095 6.153
0.561 0.664 0.771 0.884 1.002 1.125 1.253 1.386 1.525 1.668 1.772 1.743 1.717 1.692 1.669 1.648 1.629 1.612 1.597 1.583 1.571 1.562 1.552 1.537 1.520 1.501 1.480 1.458 1.434 1.408 1.381 1.352 1.321 1.288 1.281 1.400 1.524 1.652 1.785 1.922 2.064 2.210 2.361 2.517 2.676 2.841 3.001 3.106 3.213 3.320 3.427 3.535 3.644 3.753 3.863 3.973 4.084 4.195 4.314 4.497 4.676 4.851 5.021 5.188 5.350 5.509 5.663 5.813 5.959 6.101 6.235 6.306 6.385 6.472
0.440 0.560 0.686 0.839 1.010 1.179 1.345 1.509 1.671 1.829 1.967 1.945 1.925 1.907 1.890 1.876 1.863 1.853 1.844 1.837 1.832 1.828 1.826 1.804 1.781 1.756 1.729 1.701 1.671 1.639 1.606 1.570 1.533 1.495 1.460 1.595 1.735 1.879 2.027 2.180 2.338 2.500 2.666 2.837 3.013 3.193 3.377 3.485 3.594 3.702 3.812 3.922 4.032 4.143 4.255 4.367 4.479 4.592 4.706 4.872 5.037 5.197 5.353 5.505 5.653 5.797 5.937 6.093 6.261 6.425 6.586 6.734 6.893 7.064
0.565 0.735 0.903 1.068 1.230 1.390 1.548 1.703 1.855 2.005 2.152 2.144 2.131 2.119 2.109 2.101 2.095 2.091 2.089 2.088 2.089 2.093 2.098 2.073 2.044 2.013 1.980 1.945 1.909 1.871 1.832 1.790 1.747 1.703 1.656 1.785 1.940 2.100 2.265 2.433 2.607 2.784 2.967 3.153 3.344 3.540 3.740 3.863 3.973 4.084 4.195 4.307 4.419 4.532 4.645 4.759 4.873 4.988 5.104 5.251 5.424 5.604 5.780 5.953 6.122 6.288 6.450 6.610 6.765 6.918 7.066 7.248 7.451 7.667
0.824 0.985 1.144 1.300 1.453 1.604 1.753 1.899 2.042 2.183 2.321 2.341 2.334 2.329 2.326 2.324 2.325 2.327 2.331 2.337 2.345 2.355 2.366 2.343 2.308 2.271 2.232 2.191 2.149 2.105 2.059 2.012 1.963 1.912 1.860 1.970 2.141 2.317 2.497 2.681 2.870 3.064 3.262 3.464 3.671 3.882 4.098 4.240 4.352 4.464 4.577 4.691 4.805 5.026 5.234 5.408 5.547 5.652 5.722 5.856 6.027 6.194 6.359 6.519 6.677 6.831 6.981 7.128 7.272 7.412 7.549 7.751 7.997 8.257
1.085 1.237 1.387 1.534 1.678 1.820 1.960 2.097 2.232 2.364 2.493 2.536 2.535 2.537 2.540 2.545 2.552 2.561 2.571 2.584 2.598 2.614 2.632 2.615 2.573 2.530 2.485 2.438 2.390 2.340 2.288 2.235 2.180 2.123 2.065 2.151 2.337 2.529 2.724 2.925 3.129 3.338 3.552 3.770 3.992 4.219 4.684 5.080 5.374 5.634 5.859 6.050 6.206 6.327 6.415 6.467 6.486 6.469 6.419 6.473 6.632 6.787 6.940 7.088 7.234 7.376 7.514 7.650 7.781 7.910 8.035 8.240 8.531 8.834
1.348 1.491 1.632 1.770 1.906 2.039 2.170 2.298 2.424 2.547 2.667 2.728 2.734 2.742 2.752 2.763 2.777 2.792 2.809 2.828 2.849 2.872 2.896 2.888 2.840 2.791 2.740 2.687 2.633 2.577 2.519 2.460 2.398 2.335 2.271 2.326 2.529 2.736 2.958 3.275 3.634 4.036 4.480 4.968 5.498 6.071 6.687 7.140 7.313 7.452 7.556 7.625 7.661 7.661 7.628 7.559 7.457 7.320 7.148 7.092 7.239 7.383 7.523 7.660 7.793 7.923 8.050 8.173 8.293 8.410 8.523 8.717 9.051 9.398
1.613 1.748 1.880 2.009 2.136 2.260 2.382 2.501 2.618 2.732 2.844 2.919 2.931 2.945 2.962 2.980 2.999 3.021 3.045 3.070 3.098 3.127 3.158 3.162 3.108 3.053 2.996 2.937 2.877 2.815 2.751 2.683 2.614 2.555 2.506 2.575 2.913 3.294 3.718 4.184 4.693 5.244 5.839 6.476 7.156 7.879 8.644 9.231 9.284 9.301 9.284 9.233 9.147 9.027 8.873 8.684 8.460 8.202 7.910 7.714 7.849 7.981 8.109 8.234 8.356 8.474 8.588 8.700 8.807 8.912 9.013 9.181 9.559 9.950
1.881 2.007 2.130 2.250 2.368 2.484 2.596 2.707 2.815 2.920 3.023 3.106 3.125 3.146 3.169 3.193 3.220 3.248 3.278 3.310 3.344 3.379 3.417 3.438 3.355 3.252 3.160 3.076 3.003 2.939 2.885 2.841 2.807 2.782 2.767 2.841 3.328 3.859 4.432 5.048 5.707 6.408 7.152 7.939 8.768 9.641 10.556 11.355 11.286 11.182 11.045 10.873 10.666 10.425 10.150 9.840 9.496 9.117 8.704 8.338 8.462 8.581 8.698 8.811 8.920 9.026 9.129 9.228 9.324 9.417 9.506 9.633 10.055 10.490
2.152 2.268 2.382 2.494 2.603 2.709 2.813 2.915 3.014 3.110 3.204 3.292 3.317 3.345 3.374 3.405 3.438 3.434 3.412 3.393 3.377 3.364 3.353 3.343 3.265 3.196 3.138 3.089 3.049 3.020 3.000 2.989 2.989 2.998 3.017 3.061 3.699 4.379 5.102 5.868 6.676 7.527 8.420 9.357 10.336 11.357 12.421 13.509 13.319 13.095 12.837 12.544 12.217 11.855 11.459 11.029 10.564 10.065 9.531 8.965 9.076 9.184 9.288 9.389 9.487 9.581 9.672 9.760 9.844 9.924 10.002 10.075 10.538 11.016
2.424 2.532 2.637 2.740 2.840 2.938 3.033 3.125 3.215 3.303 3.346 3.358 3.331 3.305 3.281 3.260 3.243 3.228 3.216 3.208 3.202 3.199 3.200 3.203 3.165 3.130 3.106 3.090 3.085 3.089 3.104 3.127 3.161 3.204 3.257 3.319 4.025 4.855 5.727 6.642 7.600 8.600 9.643 10.729 11.857 13.028 14.242 15.498 15.384 15.040 14.661 14.247 13.799 13.317 12.800 12.250 11.664 11.045 10.391 9.702 9.693 9.789 9.882 9.971 10.056 10.139 10.218 10.293 10.365 10.434 10.500 10.561 11.008 11.530
2.699 2.798 2.894 3.010 3.102 3.171 3.217 3.241 3.241 3.218 3.173 3.104 3.069 3.053 3.040 3.030 3.023 3.019 3.018 3.020 3.025 3.032 3.043 3.057 3.055 3.054 3.063 3.082 3.111 3.149 3.197 3.255 3.322 3.399 3.486 3.583 4.307 5.286 6.308 7.373 8.480 9.629 10.822 12.056 13.334 14.654 16.017 17.422 17.481 17.016 16.516 15.982 15.414 14.811 14.174 13.503 12.797 12.057 11.283 10.474 10.313 10.397 10.477 10.555 10.628 10.699 10.766 10.825 10.903 11.018 11.169 11.358 11.785 12.265
3.255 3.335 3.392 3.427 3.438 3.427 3.392 3.335 3.254 3.151 3.025 2.875 2.805 2.799 2.797 2.797 2.801 2.807 2.816 2.829 2.844 2.863 2.884 2.908 2.934 2.968 3.011 3.064 3.127 3.199 3.281 3.372 3.474 3.585 3.705 3.836 4.545 5.673 6.844 8.058 9.314 10.613 11.955 13.339 14.765 16.234 17.746 19.300 19.609 19.023 18.403 17.749 17.060 16.337 15.579 14.788 13.962 13.101 12.207 11.278 10.857 10.805 10.790 10.812 10.871 10.967 11.099 11.269 11.476 11.719 12.000 12.317 12.689 13.054
3.939 3.938 3.915 3.869 3.799 3.707 3.592 3.454 3.293 3.109 2.902 2.672 2.537 2.542 2.550 2.561 2.575 2.592 2.612 2.635 2.661 2.690 2.722 2.756 2.804 2.872 2.949 3.036 3.132 3.238 3.354 3.480 3.615 3.760 3.914 4.079 4.738 6.016 7.336 8.699 10.105 11.553 13.043 14.576 16.152 17.770 19.430 21.133 21.768 21.062 20.322 19.547 18.738 17.637 16.408 15.220 14.073 12.967 11.902 10.878 10.363 10.439 10.553 10.704 10.892 11.117 11.378 11.677 12.012 12.385 12.794 13.240 13.623 13.873
4.647 4.566 4.462 4.335 4.185 4.012 3.816 3.598 3.356 3.091 2.804 2.493 2.267 2.282 2.301 2.322 2.347 2.374 2.405 2.438 2.475 2.514 2.556 2.602 2.664 2.765 2.876 2.997 3.128 3.268 3.417 3.577 3.746 3.925 4.113 4.311 4.888 6.315 7.784 9.296 10.850 12.447 14.086 15.768 17.493 19.260 20.665 21.896 22.294 21.003 19.753 18.545 17.377 16.250 15.164 14.119 13.115 12.152 11.230 10.349 9.833 10.038 10.281 10.561 10.878 11.231 11.621 12.049 12.513 13.014 13.552 14.127 14.587 14.721
5.380 5.219 5.034 4.826 4.596 4.342 4.066 3.766 3.444 3.099 2.731 2.340 1.994 2.020 2.049 2.081 2.116 2.154 2.195 2.238 2.285 2.335 2.388 2.444 2.514 2.649 2.794 2.949 3.113 3.287 3.471 3.664 3.867 4.079 4.301 4.533 4.993 6.569 8.187 9.664 11.072 12.429 13.737 14.994 16.202 17.360 18.467 19.524 20.153 19.005 17.898 16.832 15.808 14.824 13.881 12.979 12.118 11.298 10.519 9.781 9.267 9.602 9.974 10.382 10.828 11.310 11.829 12.385 12.978 13.607 14.274 14.977 15.580 15.600
6.132 5.895 5.630 5.342 5.031 4.697 4.340 3.960 3.557 3.132 2.683 2.212 1.718 1.754 1.794 1.836 1.882 1.930 1.981 2.036 2.093 2.154 2.217 2.283 2.354 2.523 2.702 2.890 3.088 3.296 3.514 3.740 3.943 4.141 4.334 4.524 4.738 6.121 7.455 8.738 9.972 11.155 12.288 13.372 14.405 15.389 16.322 17.206 17.973 16.969 16.005 15.082 14.201 13.360 12.560 11.801 11.083 10.406 9.770 9.175 8.667 9.131 9.631 10.168 10.742 11.353 12.001 12.685 13.407 14.165 14.960 15.792 16.603 16.508
6.829 6.596 6.250 5.882 5.490 5.076 4.638 4.178 3.695 3.189 2.660 2.109 1.534 1.486 1.536 1.589 1.645 1.704 1.765 1.830 1.898 1.969 2.043 2.120 2.203 2.406 2.619 2.829 3.033 3.234 3.430 3.621 3.809 3.992 4.170 4.344 4.514 5.596 6.755 7.864 8.923 9.933 10.892 11.801 12.661 13.470 14.230 14.939 15.599 14.895 14.074 13.294 12.556 11.858 11.201 10.585 10.009 9.475 8.982 8.529 8.118 8.624 9.253 9.919 10.621 11.361 12.137 12.950 13.800 14.686 15.610 16.570 17.567 17.446
7.523 7.321 6.895 6.446 5.974 5.479 4.962 4.421 3.858 3.271 2.662 2.030 1.375 1.214 1.275 1.338 1.405 1.497 1.634 1.759 1.874 1.977 2.070 2.151 2.221 2.384 2.582 2.776 2.965 3.151 3.331 3.508 3.680 3.847 4.010 4.169 4.323 5.121 6.106 7.041 7.927 8.762 9.547 10.283 10.969 11.604 12.190 12.726 13.212 12.783 12.105 11.469 10.873 10.317 9.803 9.330 8.897 8.505 8.155 7.845 7.576 8.083 8.840 9.634 10.465 11.333 12.238 13.179 14.157 15.172 16.224 17.312 18.438 18.414
8.215 8.071 7.564 7.035 6.483 5.907 5.309 4.689 4.045 3.378 2.718 2.094 1.484 1.296 1.438 1.569 1.689 1.798 1.896 1.983 2.058 2.123 2.176 2.219 2.250 2.366 2.549 2.728 2.902 3.072 3.237 3.398 3.555 3.707 3.855 3.998 4.137 4.698 5.509 6.270 6.982 7.643 8.255 8.817 9.329 9.791 10.203 10.565 10.877 10.634 10.099 9.605 9.152 8.739 8.367 8.037 7.747 7.497 7.289 7.122 6.995 7.506 8.392 9.314 10.274 11.270 12.303 13.372 14.479 15.622 16.802 18.019 19.272 19.411
8.903 8.845 8.258 7.606 6.935 6.277 5.633 5.002 4.385 3.782 3.191 2.615 2.051 1.763 1.867 1.959 2.040 2.110 2.169 2.217 2.254 2.280 2.294 2.298 2.291 2.354 2.521 2.685 2.844 2.998 3.148 3.294 3.435 3.572 3.704 3.833 3.956 4.326 4.963 5.551 6.088 6.576 7.014 7.402 7.741 8.029 8.268 8.457 8.596 8.447 8.055 7.703 7.393 7.123 6.893 6.705 6.558 6.451 6.385 6.360 6.376 6.894 7.908 8.959 10.047 11.171 12.332 13.530 14.673 15.660 16.615 17.537 18.428 18.411
9.221 9.024 8.373 7.736 7.111 6.501 5.904 5.320 4.750 4.193 3.650 3.120 2.604 2.242 2.306 2.360 2.402 2.433 2.454 2.463 2.461 2.448 2.424 2.389 2.343 2.346 2.498 2.646 2.789 2.929 3.063 3.194 3.320 3.441 3.559 3.672 3.780 4.005 4.469 4.882 5.247 5.561 5.825 6.040 6.205 6.320 6.385 6.401 6.366 6.223 5.973 5.764 5.596 5.468 5.381 5.336 5.330 5.366 5.442 5.560 5.718 6.252 7.352 8.421 9.457 10.461 11.433 12.373 13.281 14.156 15.000 15.811 16.591 16.757
9.434 9.045 8.441 7.851 7.274 6.710 6.160 5.623 5.100 4.590 4.093 3.610 3.141 2.732 2.757 2.772 2.776 2.768 2.750 2.720 2.680 2.628 2.565 2.491 2.407 2.342 2.479 2.612 2.740 2.864 2.983 3.099 3.209 3.316 3.418 3.515 3.608 3.735 4.025 4.266 4.456 4.597 4.688 4.730 4.721 4.663 4.555 4.397 4.190 3.961 3.854 3.787 3.761 3.776 3.981 4.279 4.548 4.788 5.000 5.184 5.339 5.670 6.659 7.617 8.541 9.434 10.295 11.124 11.920 12.685 13.417 14.118 14.786 15.086
9.741 9.066 8.495 7.951 7.421 6.904 6.401 5.911 5.434 4.971 4.522 4.086 3.663 3.254 3.220 3.196 3.161 3.114 3.057 2.989 2.910 2.819 2.718 2.605 2.482 2.347 2.465 2.582 2.695 2.804 2.908 3.008 3.103 3.194 3.281 3.363 3.441 3.516 3.633 3.700 3.717 3.685 3.603 3.471 3.289 3.058 2.777 2.706 2.753 2.829 3.170 3.482 3.766 4.021 4.248 4.446 4.616 4.758 4.871 4.955 5.011 5.120 5.998 6.844 7.658 8.439 9.189 9.907 10.592 11.246 11.867 12.457 13.014 13.397
