DATA/SHG/ECMWF/20170628/EN-32/20170630.en-32.asc
ncols        190
nrows        64
xllcorner    -5100000.000000000000
yllcorner    4130000.000000000000
cellsize     10000.000000000000
NODATA_value  -99999.000
[rows 0 to 32 of 64, columns 73 to 145 of 190]
1.279 1.365 1.455 1.549 1.647 1.750 1.856 1.967 2.047 2.121 2.216 2.287 2.332 2.352 2.347 2.317 2.261 2.180 2.074 1.943 1.825 1.833 1.850 1.876 1.911 1.954 2.005 2.065 2.133 2.210 2.294 2.388 2.500 2.658 2.830 3.015 3.214 3.426 3.652 3.892 4.145 4.412 4.692 4.986 5.231 5.273 5.295 5.299 5.283 5.248 5.194 5.121 5.028 4.917 4.786 4.636 4.472 4.319 4.165 4.010 3.854 3.697 3.539 3.380 3.220 3.060 2.898 2.736 2.595 2.515 2.434 2.352 2.270
1.168 1.268 1.448 1.665 1.898 2.149 2.417 2.703 2.959 2.991 2.999 2.981 2.938 2.869 2.776 2.657 2.513 2.344 2.149 1.930 1.716 1.761 1.816 1.880 1.952 2.033 2.122 2.219 2.324 2.438 2.561 2.692 2.839 3.057 3.290 3.536 3.795 4.069 4.355 4.656 4.970 5.297 5.638 5.992 6.309 6.265 6.202 6.119 6.018 5.897 5.757 5.598 5.420 5.222 5.006 4.770 4.530 4.372 4.214 4.055 3.894 3.733 3.572 3.409 3.245 3.080 2.915 2.748 2.594 2.510 2.425 2.340 2.254
1.540 1.783 2.042 2.319 2.613 2.924 3.252 3.597 3.940 3.884 3.803 3.697 3.565 3.408 3.227 3.019 2.787 2.530 2.247 1.939 1.606 1.680 1.773 1.874 1.984 2.102 2.228 2.363 2.506 2.658 2.818 2.986 3.162 3.441 3.734 4.041 4.361 4.695 5.042 5.403 5.778 6.166 6.567 6.982 7.406 7.277 7.127 6.959 6.772 6.565 6.340 6.095 5.831 5.548 5.245 4.924 4.588 4.426 4.264 4.101 3.936 3.771 3.605 3.438 3.271 3.102 2.932 2.762 2.634 2.641 2.662 2.696 2.744
1.998 2.300 2.620 2.956 3.310 3.681 4.069 4.474 4.897 4.798 4.629 4.434 4.215 3.970 3.700 3.404 3.084 2.738 2.367 1.972 1.550 1.590 1.720 1.859 2.006 2.162 2.325 2.498 2.678 2.867 3.065 3.270 3.484 3.810 4.163 4.531 4.912 5.306 5.714 6.135 6.570 7.019 7.481 7.956 8.446 8.307 8.072 7.818 7.545 7.253 6.942 6.611 6.261 5.892 5.504 5.097 4.671 4.481 4.315 4.186 4.094 4.003 3.913 3.824 3.736 3.649 3.563 3.477 3.392 3.450 3.532 3.627 3.735
2.438 2.801 3.180 3.577 3.990 4.421 4.869 5.334 5.816 5.735 5.477 5.194 4.886 4.553 4.195 3.811 3.403 2.969 2.510 2.026 1.517 1.490 1.658 1.834 2.019 2.212 2.413 2.623 2.841 3.067 3.302 3.545 3.797 4.163 4.577 5.005 5.446 5.901 6.369 6.851 7.347 7.856 8.378 8.914 9.464 9.356 9.036 8.696 8.338 7.960 7.545 7.122 6.714 6.321 5.943 5.580 5.231 5.090 5.000 4.911 4.824 4.737 4.650 4.565 4.481 4.397 4.315 4.233 4.152 4.244 4.387 4.542 4.712
2.862 3.284 3.723 4.180 4.654 5.144 5.652 6.177 6.719 6.693 6.347 5.976 5.580 5.159 4.712 4.241 3.744 3.223 2.676 2.104 1.507 1.381 1.586 1.800 2.022 2.252 2.491 2.738 2.994 3.258 3.530 3.810 4.099 4.500 4.975 5.463 5.965 6.480 7.009 7.552 8.108 8.625 9.101 9.563 10.014 9.876 9.446 9.030 8.629 8.242 7.871 7.514 7.172 6.845 6.532 6.235 5.952 5.806 5.720 5.635 5.551 5.468 5.385 5.304 5.224 5.144 5.065 4.987 4.910 5.024 5.227 5.443 5.674
3.269 3.751 4.250 4.766 5.300 5.850 6.418 7.002 7.604 7.673 7.239 6.780 6.296 5.787 5.252 4.693 4.108 3.499 2.864 2.204 1.519 1.263 1.505 1.756 2.016 2.284 2.560 2.844 3.137 3.438 3.748 4.066 4.412 4.854 5.374 5.881 6.376 6.858 7.328 7.785 8.230 8.661 9.081 9.487 9.881 9.858 9.493 9.143 8.807 8.487 8.181 7.890 7.614 7.352 7.105 6.873 6.656 6.520 6.438 6.357 6.276 6.197 6.119 6.041 5.964 5.888 5.814 5.740 5.666 5.788 6.052 6.329 6.620
3.659 4.201 4.760 5.336 5.929 6.539 7.167 7.811 8.472 8.675 8.153 7.606 7.034 6.436 5.814 5.167 4.494 3.797 3.074 2.327 1.554 1.135 1.415 1.795 2.202 2.597 2.978 3.346 3.701 4.043 4.372 4.688 4.991 5.352 5.816 6.268 6.706 7.132 7.546 7.947 8.335 8.711 9.074 9.425 9.763 9.824 9.524 9.240 8.970 8.716 8.475 8.250 8.039 7.844 7.662 7.496 7.344 7.232 7.154 7.076 7.000 6.924 6.850 6.776 6.703 6.631 6.560 6.490 6.421 6.538 6.863 7.201 7.552
4.032 4.634 5.253 5.888 6.541 7.211 7.898 8.602 9.323 9.698 9.088 8.453 7.793 7.108 6.398 5.683 5.042 4.410 3.786 3.171 2.564 2.175 2.550 2.912 3.261 3.597 3.920 4.230 4.527 4.810 5.081 5.338 5.583 5.864 6.272 6.667 7.050 7.420 7.777 8.122 8.454 8.774 9.081 9.375 9.657 9.774 9.540 9.322 9.118 8.929 8.754 8.594 8.449 8.319 8.203 8.102 8.016 7.942 7.868 7.794 7.722 7.650 7.579 7.509 7.440 7.372 7.305 7.238 7.173 7.273 7.658 8.057 8.469
4.389 5.050 5.729 6.424 7.137 7.866 8.613 9.377 10.154 10.737 10.074 9.419 8.773 8.136 7.507 6.888 6.276 5.674 5.080 4.495 3.918 3.423 3.739 4.043 4.333 4.611 4.875 5.127 5.365 5.591 5.803 6.002 6.188 6.389 6.740 7.079 7.406 7.720 8.021 8.310 8.586 8.850 9.101 9.340 9.566 9.709 9.541 9.388 9.249 9.126 9.017 8.922 8.843 8.778 8.728 8.693 8.672 8.650 8.580 8.510 8.441 8.373 8.306 8.240 8.175 8.111 8.047 7.985 7.923 7.994 8.439 8.899 9.371
4.729 5.434 6.142 6.874 7.630 8.410 9.214 10.043 10.895 11.752 11.119 10.494 9.878 9.271 8.672 8.082 7.501 6.929 6.365 5.809 5.263 4.703 4.941 5.186 5.419 5.638 5.844 6.037 6.217 6.384 6.538 6.679 6.807 6.926 7.222 7.505 7.775 8.033 8.279 8.512 8.732 8.940 9.135 9.317 9.488 9.628 9.526 9.438 9.365 9.307 9.264 9.235 9.221 9.222 9.237 9.267 9.312 9.357 9.290 9.224 9.159 9.095 9.032 8.970 8.908 8.848 8.788 8.729 8.671 8.700 9.206 9.725 10.259
4.793 5.561 6.353 7.169 8.010 8.874 9.763 10.676 11.613 12.574 12.155 11.560 10.974 10.397 9.828 9.268 8.717 8.174 7.640 7.115 6.598 6.068 6.156 6.343 6.517 6.678 6.826 6.961 7.083 7.191 7.287 7.370 7.440 7.497 7.716 7.944 8.158 8.360 8.550 8.726 8.891 9.043 9.182 9.309 9.423 9.524 9.495 9.473 9.465 9.473 9.495 9.531 9.583 9.649 9.730 9.825 9.936 10.060 9.998 9.936 9.875 9.815 9.756 9.697 9.639 9.583 9.527 9.472 9.443 9.497 10.319 11.303 12.449
4.812 5.665 6.541 7.442 8.367 9.316 10.289 11.286 12.307 13.352 13.181 12.617 12.060 11.513 10.974 10.444 9.923 9.410 8.906 8.410 7.923 7.424 7.384 7.513 7.628 7.731 7.821 7.897 7.961 8.012 8.049 8.074 8.086 8.084 8.224 8.395 8.554 8.700 8.833 8.954 9.063 9.159 9.242 9.313 9.371 9.417 9.449 9.492 9.550 9.623 9.710 9.812 9.929 10.061 10.207 10.368 10.543 10.733 10.705 10.606 10.484 10.395 10.337 10.312 10.318 10.356 10.426 10.527 10.661 10.826 12.280 13.983 15.848
4.809 5.746 6.707 7.692 8.701 9.734 10.791 11.872 12.977 14.107 14.199 13.664 13.137 12.620 12.111 11.611 11.119 10.636 10.162 9.696 9.239 8.770 8.624 8.695 8.753 8.797 8.829 8.847 8.853 8.845 8.825 8.791 8.745 8.686 8.745 8.860 8.963 9.053 9.130 9.196 9.248 9.288 9.316 9.331 9.334 9.324 9.387 9.496 9.619 9.757 9.883 9.984 10.082 10.178 10.271 10.363 10.452 10.539 10.528 10.517 10.537 10.589 10.673 10.789 10.936 11.116 11.327 11.570 11.845 12.152 14.077 16.499 19.082
4.782 5.804 6.849 7.918 9.011 10.128 11.270 12.435 13.625 14.838 15.207 14.702 14.205 13.718 13.238 12.768 12.306 11.853 11.409 10.973 10.546 10.106 9.878 9.891 9.890 9.876 9.850 9.810 9.758 9.692 9.614 9.522 9.418 9.300 9.278 9.337 9.384 9.419 9.441 9.450 9.447 9.423 9.380 9.324 9.256 9.177 9.201 9.301 9.398 9.493 9.586 9.676 9.764 9.850 9.934 10.015 10.095 10.172 10.265 10.395 10.557 10.751 10.976 11.233 11.522 11.843 12.195 12.579 12.995 13.443 15.711 18.850 22.151
4.733 5.839 6.968 8.121 9.299 10.500 11.726 12.975 14.248 15.546 16.206 15.730 15.264 14.806 14.357 13.916 13.484 13.061 12.646 12.240 11.843 11.433 11.145 11.099 11.040 10.969 10.884 10.787 10.676 10.552 10.416 10.266 10.079 9.884 9.778 9.765 9.740 9.703 9.653 9.593 9.520 9.435 9.338 9.230 9.110 8.977 8.946 9.036 9.123 9.208 9.291 9.371 9.450 9.526 9.600 9.671 9.740 9.807 9.970 10.241 10.544 10.879 11.246 11.644 12.074 12.536 13.030 13.555 14.113 14.702 17.181 21.038 25.056
4.661 5.851 7.064 8.302 9.563 10.849 12.158 13.492 14.849 16.230 17.195 16.750 16.313 15.885 15.466 15.055 14.653 14.259 13.874 13.498 13.131 12.751 12.424 12.203 11.906 11.632 11.380 11.150 10.943 10.758 10.596 10.456 10.339 10.244 10.173 10.107 10.029 9.939 9.837 9.723 9.597 9.460 9.310 9.149 8.975 8.790 8.694 8.774 8.851 8.926 8.999 9.069 9.138 9.204 9.268 9.329 9.389 9.446 9.643 10.055 10.499 10.975 11.483 12.023 12.594 13.197 13.832 14.498 15.196 15.926 18.487 23.061 27.797
4.567 5.840 7.138 8.459 9.805 11.174 12.567 13.985 15.426 16.892 18.176 17.760 17.353 16.955 16.565 16.159 15.452 14.768 14.107 13.470 12.855 12.275 11.758 11.539 11.342 11.168 11.015 10.886 10.779 10.694 10.631 10.592 10.574 10.579 10.581 10.462 10.331 10.188 10.033 9.866 9.687 9.497 9.295 9.080 8.854 8.616 8.444 8.514 8.581 8.647 8.710 8.770 8.829 8.885 8.939 8.990 9.040 9.087 9.283 9.836 10.422 11.039 11.688 12.368 13.080 13.824 14.600 15.407 16.247 17.118 19.631 24.921 30.373
4.449 5.807 7.188 8.594 10.023 11.476 12.954 14.455 15.928 17.130 18.281 17.581 16.862 16.166 15.494 14.844 14.218 13.614 13.034 12.477 11.943 11.445 10.978 10.850 10.753 10.679 10.627 10.597 10.589 10.604 10.642 10.702 10.784 10.889 11.001 10.829 10.645 10.449 10.241 10.022 9.790 9.547 9.292 9.025 8.746 8.455 8.197 8.257 8.315 8.370 8.423 8.474 8.522 8.568 8.613 8.654 8.694 8.731 8.891 9.585 10.312 11.070 11.859 12.681 13.534 14.419 15.335 16.284 17.264 18.275 20.611 26.617 32.785
4.309 5.740 7.118 8.446 9.724 10.951 12.129 13.257 14.335 15.362 16.340 15.924 15.286 14.671 14.079 13.510 12.964 12.441 11.942 11.465 11.012 10.594 10.209 10.138 10.140 10.166 10.213 10.283 10.375 10.490 10.627 10.787 10.969 11.173 11.400 11.208 10.972 10.723 10.462 10.190 9.906 9.610 9.302 8.982 8.650 8.307 7.953 8.003 8.051 8.096 8.139 8.180 8.218 8.255 8.289 8.321 8.351 8.378 8.466 9.302 10.169 11.068 11.999 12.961 13.955 14.981 16.038 17.127 18.247 19.400 21.429 28.151 35.033
4.158 5.412 6.616 7.770 8.874 9.928 10.932 11.886 12.789 13.643 14.447 14.249 13.691 13.157 12.645 12.157 11.692 11.249 10.830 10.434 10.061 9.725 9.420 9.400 9.503 9.628 9.775 9.945 10.137 10.351 10.588 10.847 11.129 11.433 11.759 11.600 11.311 11.009 10.696 10.371 10.034 9.685 9.325 8.952 8.568 8.172 7.764 7.751 7.789 7.825 7.858 7.889 7.918 7.944 7.968 7.990 8.010 8.028 8.043 8.986 9.994 11.034 12.105 13.208 14.343 15.509 16.707 17.937 19.198 20.503 22.057 29.246 36.408
4.052 5.132 6.162 7.142 8.072 8.952 9.782 10.562 11.292 11.972 12.602 12.555 12.077 11.623 11.192 10.785 10.400 10.038 9.699 9.384 9.091 8.835 8.612 8.639 8.841 9.066 9.313 9.582 9.874 10.188 10.524 10.883 11.264 11.667 12.093 12.005 11.663 11.308 10.942 10.565 10.175 9.773 9.360 8.935 8.498 8.049 7.589 7.503 7.530 7.556 7.579 7.600 7.619 7.636 7.650 7.662 7.672 7.680 7.685 8.638 9.969 11.532 13.035 14.478 15.861 17.183 18.445 19.647 20.789 21.870 22.891 29.557 36.599
3.992 4.898 5.754 6.561 7.317 8.023 8.680 9.286 9.843 10.349 10.806 10.842 10.445 10.071 9.721 9.393 9.089 8.808 8.549 8.314 8.102 7.927 7.785 7.854 8.156 8.480 8.826 9.195 9.586 10.000 10.435 10.894 11.374 11.877 12.402 12.422 12.027 11.620 11.201 10.771 10.329 9.874 9.408 8.931 8.441 7.940 7.426 7.257 7.274 7.290 7.304 7.425 7.764 8.169 8.641 9.180 9.786 10.458 11.198 12.441 13.797 15.094 16.330 17.505 18.621 19.676 20.671 21.606 22.480 23.295 24.049 29.893 36.815
3.979 4.712 5.394 6.027 6.610 7.142 7.625 8.058 8.441 8.774 9.058 9.110 8.794 8.500 8.230 7.983 7.759 7.558 7.380 7.225 7.093 6.999 6.938 7.044 7.445 7.869 8.315 8.783 9.274 9.787 10.322 10.880 11.460 12.062 12.687 12.851 12.404 11.944 11.473 10.990 10.495 9.988 9.510 9.090 8.665 8.235 7.800 7.763 8.130 8.564 9.065 9.633 10.268 10.969 11.737 12.572 13.473 14.442 15.477 16.593 17.682 18.711 19.680 20.589 21.438 22.226 22.954 23.622 24.230 24.777 25.265 30.254 37.057
4.013 4.572 5.081 5.540 5.950 6.309 6.618 6.878 7.088 7.248 7.358 7.359 7.123 6.911 6.721 6.554 6.410 6.290 6.192 6.117 6.066 6.052 6.072 6.210 6.711 7.234 7.779 8.347 8.937 9.549 10.184 10.841 11.520 12.253 13.057 13.485 13.077 12.664 12.246 11.824 11.396 10.964 10.526 10.084 9.637 9.186 8.729 8.714 9.377 10.107 10.904 11.768 12.698 13.695 14.759 15.889 17.087 18.350 19.681 20.801 21.624 22.386 23.088 23.730 24.312 24.833 25.295 25.696 26.037 26.318 26.539 30.641 37.324
4.094 4.479 4.815 5.101 5.337 5.523 5.659 5.745 5.782 5.768 5.705 5.590 5.435 5.302 5.193 5.106 5.042 5.002 4.984 4.990 5.018 5.085 5.186 5.352 5.989 6.703 7.437 8.190 8.964 9.756 10.569 11.401 12.252 13.124 14.015 14.658 14.228 13.794 13.354 12.909 12.460 12.006 11.547 11.083 10.614 10.141 9.662 9.593 10.552 11.578 12.671 13.830 15.056 16.348 17.708 19.133 20.626 22.185 23.811 25.065 25.621 26.117 26.552 26.927 27.242 27.498 27.693 27.827 27.902 27.917 27.871 31.052 37.617
4.221 4.434 4.596 4.708 4.771 4.784 4.747 4.660 4.524 4.337 4.101 3.815 3.727 3.675 3.645 3.639 3.688 3.951 4.202 4.442 4.670 4.885 5.088 5.283 6.051 6.852 7.674 8.514 9.375 10.255 11.155 12.074 13.013 13.971 14.950 15.835 15.384 14.927 14.466 13.999 13.528 13.052 12.571 12.086 11.595 11.100 10.599 10.400 11.655 12.976 14.364 15.819 17.340 18.928 20.583 22.304 24.092 25.946 27.867 29.386 29.675 29.904 30.073 30.182 30.230 30.219 30.148 30.016 29.825 29.573 29.262 31.489 37.935
4.395 4.434 4.423 4.363 4.252 4.092 3.882 3.622 3.313 3.006 2.889 2.797 3.010 3.279 3.536 3.782 4.017 4.239 4.450 4.649 4.837 5.011 5.174 5.327 6.091 6.980 7.888 8.816 9.764 10.731 11.718 12.725 13.751 14.796 15.862 16.947 16.543 16.065 15.581 15.093 14.600 14.102 13.600 13.092 12.580 12.063 11.541 11.136 12.686 14.303 15.986 17.736 19.552 21.435 23.385 25.401 27.484 29.633 31.849 33.762 33.784 33.747 33.650 33.493 33.275 32.998 32.660 32.263 31.805 31.288 30.710 31.952 38.278
4.616 4.482 4.292 4.087 3.908 3.753 3.622 3.517 3.437 3.381 3.350 3.344 3.510 3.739 3.956 4.162 4.356 4.538 4.708 4.867 5.014 5.148 5.270 5.382 6.108 7.084 8.080 9.095 10.130 11.185 12.259 13.352 14.466 15.598 16.751 17.923 17.706 17.206 16.701 16.191 15.676 15.157 14.632 14.103 13.569 13.030 12.486 11.937 13.645 15.557 17.535 19.580 21.691 23.869 26.113 28.424 30.802 33.246 35.757 38.194 37.950 37.647 37.284 36.860 36.377 35.833 35.230 34.567 33.844 33.060 32.217 32.439 38.646
4.351 4.183 4.040 3.922 3.828 3.759 3.715 3.696 3.702 3.733 3.788 3.868 4.021 4.210 4.386 4.551 4.705 4.846 4.976 5.095 5.202 5.295 5.376 5.448 6.103 7.167 8.250 9.352 10.474 11.616 12.777 13.957 15.158 16.378 17.617 18.876 18.873 18.351 17.824 17.293 16.756 16.215 15.668 15.117 14.562 14.001 13.435 12.865 14.532 16.738 19.012 21.351 23.757 26.230 28.769 31.375 34.047 36.785 39.590 42.462 42.172 41.603 40.974 40.284 39.535 38.726 37.857 36.928 35.939 34.890 33.782 32.876 38.677
3.903 3.822 3.765 3.733 3.725 3.743 3.785 3.852 3.944 4.061 4.203 4.369 4.542 4.690 4.826 4.951 5.064 5.165 5.255 5.333 5.399 5.452 5.492 5.523 6.076 7.227 8.397 9.586 10.795 12.024 13.272 14.540 15.827 17.134 18.461 19.807 20.044 19.500 18.952 18.398 17.840 17.277 16.709 16.136 15.558 14.976 14.389 13.797 15.347 17.848 20.416 23.050 25.751 28.518 31.352 34.252 37.218 40.251 43.350 46.516 46.450 45.615 44.668 43.554 42.371 41.120 39.800 38.412 36.956 35.431 33.838 32.177 36.828
3.433 3.438 3.467 3.521 3.600 3.704 3.832 3.985 4.163 4.366 4.594 4.846 5.073 5.180 5.276 5.360 5.433 5.494 5.543 5.581 5.607 5.619 5.618 5.609 6.027 7.265 8.522 9.798 11.094 12.410 13.745 15.100 16.474 17.868 19.281 20.714 21.219 20.653 20.083 19.508 18.928 18.343 17.753 17.159 16.559 15.955 15.346 14.732 16.091 18.886 21.749 24.677 27.672 30.834 34.202 37.483 40.678 43.787 46.809 49.745 49.729 48.448 47.099 45.682 44.196 42.642 41.020 39.329 37.571 35.743 33.848 31.884 35.138
2.940 3.031 3.146 3.287 3.452 3.641 3.856 4.095 4.359 4.648 4.962 5.300 5.613 5.680 5.736 5.780 5.812 5.833 5.842 5.839 5.825 5.796 5.755 5.705 5.956 7.280 8.624 9.988 11.371 12.773 14.196 15.637 17.098 18.579 20.079 21.599 22.397 21.810 21.218 20.621 20.020 19.413 18.802 18.185 17.785 17.974 18.113 18.204 19.868 23.285 26.616 29.861 33.020 36.093 39.079 41.979 44.793 47.521 50.162 52.718 52.831 51.248 49.596 47.877 46.088 44.232 42.307 40.314 38.253 36.123 33.925 31.659 33.608
