DATA/SHG/ECMWF/20170628/EN-32/20170709.en-32.asc
ncols        190
nrows        64
xllcorner    -5100000.000000000000
yllcorner    4130000.000000000000
cellsize     10000.000000000000
NODATA_value  -99999.000
[rows 0 to 31 of 64, columns 74 to 147 of 190]
4.527 4.655 4.785 4.916 5.049 5.183 5.319 5.556 6.002 6.437 6.865 7.286 7.698 8.104 8.501 8.891 9.274 9.649 10.016 10.202 9.805 9.408 9.015 8.626 8.240 7.858 7.480 7.105 6.735 6.368 6.005 5.954 6.920 7.905 8.907 9.929 10.968 12.027 13.103 14.198 15.312 16.444 17.594 18.284 17.478 16.633 15.750 14.829 13.871 12.874 11.839 10.766 9.655 8.506 7.319 6.329 6.023 5.728 5.445 5.175 4.916 4.670 4.435 4.213 4.002 3.804 3.617 3.537 3.707 3.849 3.962 4.046 4.102 4.129
5.036 5.203 5.365 5.510 5.639 5.751 5.846 5.987 6.403 6.812 7.214 7.608 7.994 8.373 8.744 9.108 9.464 9.812 10.153 10.412 10.032 9.652 9.275 8.903 8.534 8.168 7.807 7.449 7.096 6.745 6.399 6.213 7.262 8.329 9.415 10.519 11.641 12.782 13.942 15.119 16.316 17.530 18.764 19.735 18.758 17.743 16.690 15.599 14.470 13.303 12.098 10.855 9.574 8.255 6.898 5.664 5.411 5.170 4.941 4.724 4.519 4.326 4.145 3.976 3.819 3.674 3.541 3.447 3.490 3.503 3.488 3.444 3.372 3.271
5.910 6.030 6.134 6.220 6.291 6.345 6.382 6.421 6.811 7.193 7.568 7.936 8.296 8.648 8.993 9.330 9.660 9.982 10.297 10.604 10.254 9.891 9.531 9.175 8.823 8.474 8.130 7.789 7.452 7.118 6.789 6.463 7.583 8.733 9.901 11.088 12.293 13.517 14.759 16.019 17.298 18.595 19.911 21.224 20.077 18.892 17.668 16.407 15.108 13.772 12.397 10.984 9.533 8.044 6.518 4.987 4.788 4.601 4.425 4.262 4.110 3.971 3.844 3.728 3.625 3.533 3.454 3.410 3.390 3.361 3.322 3.275 3.220 3.155
6.809 6.871 6.916 6.945 6.957 6.953 6.932 6.895 7.225 7.581 7.929 8.271 8.604 8.930 9.249 9.560 9.863 10.159 10.447 10.728 10.472 10.125 9.782 9.443 9.107 8.776 8.448 8.124 7.803 7.486 7.174 6.864 7.883 9.116 10.366 11.636 12.924 14.230 15.554 16.897 18.259 19.638 21.037 22.453 21.434 20.079 18.686 17.255 15.786 14.280 12.735 11.152 9.532 7.874 6.177 4.443 4.153 4.020 3.938 3.901 3.871 3.846 3.826 3.813 3.805 3.803 3.807 3.816 3.761 3.693 3.615 3.529 3.434 3.330
7.723 7.726 7.714 7.684 7.638 7.576 7.497 7.402 7.645 7.975 8.297 8.612 8.919 9.218 9.511 9.795 10.072 10.342 10.604 10.858 10.685 10.355 10.029 9.706 9.387 9.072 8.761 8.454 8.150 7.850 7.554 7.261 8.162 9.477 10.811 12.162 13.533 14.921 16.328 17.754 19.198 20.660 22.141 23.640 22.831 21.306 19.743 18.142 16.504 14.736 12.920 11.147 9.418 7.732 6.089 4.490 4.147 4.124 4.108 4.097 4.092 4.092 4.099 4.111 4.128 4.152 4.181 4.216 4.141 4.033 3.916 3.790 3.656 3.513
8.650 8.596 8.525 8.438 8.334 8.213 8.076 7.923 8.071 8.375 8.670 8.959 9.240 9.513 9.779 10.037 10.288 10.531 10.767 10.995 10.894 10.581 10.271 9.965 9.663 9.365 9.070 8.779 8.492 8.209 7.929 7.654 8.420 9.818 11.234 12.668 14.121 15.592 17.081 18.589 19.933 21.128 22.285 23.405 22.554 20.715 18.918 17.165 15.455 13.789 12.166 10.586 9.049 7.556 6.106 4.699 4.259 4.262 4.271 4.286 4.306 4.333 4.364 4.402 4.445 4.494 4.549 4.610 4.529 4.382 4.226 4.060 3.887 3.704
9.592 9.479 9.351 9.205 9.043 8.865 8.670 8.459 8.504 8.781 9.050 9.312 9.567 9.814 10.053 10.285 10.510 10.727 10.936 11.138 11.098 10.801 10.509 10.219 9.934 9.652 9.374 9.100 8.830 8.563 8.301 8.002 8.530 9.858 11.149 12.402 13.618 14.796 15.936 17.039 18.103 19.131 20.120 21.072 20.599 18.952 17.348 15.788 14.271 12.798 11.367 9.980 8.636 7.336 6.078 4.864 4.366 4.395 4.429 4.469 4.515 4.567 4.624 4.687 4.756 4.830 4.911 4.997 4.926 4.739 4.543 4.339 4.126 3.904
10.548 10.377 10.190 9.987 9.767 9.531 9.278 9.009 8.943 9.193 9.437 9.672 9.901 10.121 10.334 10.540 10.738 10.929 11.112 11.288 11.298 11.018 10.726 10.423 10.117 9.805 9.489 9.168 8.842 8.512 8.177 7.838 8.084 9.244 10.368 11.453 12.501 13.511 14.484 15.419 16.317 17.176 17.998 18.783 18.600 17.146 15.735 14.368 13.043 11.762 10.525 9.330 8.179 7.071 6.006 4.984 4.466 4.521 4.580 4.646 4.718 4.795 4.877 4.966 5.060 5.160 5.266 5.378 5.330 5.104 4.869 4.626 4.373 4.112
11.518 11.289 11.045 10.783 10.506 10.212 9.901 9.574 9.388 9.612 9.829 10.039 10.241 10.435 10.605 10.715 10.840 10.982 11.140 11.313 11.388 11.074 10.755 10.432 10.104 9.772 9.435 9.093 8.747 8.396 8.040 7.679 7.679 8.672 9.628 10.546 11.426 12.269 13.075 13.842 14.572 15.265 15.920 16.537 16.558 15.297 14.079 12.904 11.772 10.684 9.638 8.636 7.678 6.762 5.889 5.060 4.561 4.640 4.726 4.817 4.914 5.016 5.125 5.239 5.359 5.484 5.615 5.752 5.743 5.478 5.204 4.921 4.629 4.329
12.502 12.216 11.913 11.594 11.259 10.907 10.538 10.103 9.634 9.704 9.791 9.893 10.010 10.144 10.294 10.459 10.640 10.837 11.050 11.279 11.464 11.130 10.790 10.446 10.098 9.744 9.386 9.024 8.656 8.284 7.908 7.526 7.316 8.142 8.930 9.681 10.394 11.069 11.707 12.308 12.871 13.396 13.884 14.334 14.474 13.405 12.379 11.397 10.458 9.561 8.708 7.899 7.132 6.409 5.728 5.091 4.649 4.754 4.865 4.982 5.104 5.232 5.366 5.505 5.651 5.801 5.958 6.120 6.164 5.860 5.546 5.224 4.894 4.554
13.432 12.934 12.419 11.887 11.338 10.771 10.187 9.586 8.977 9.102 9.244 9.401 9.575 9.764 9.969 10.189 10.426 10.678 10.946 11.230 11.531 11.191 10.831 10.466 10.096 9.722 9.343 8.959 8.571 8.178 7.781 7.379 6.994 7.653 8.274 8.857 9.403 9.912 10.383 10.816 11.212 11.570 11.891 12.174 12.347 11.470 10.637 9.847 9.100 8.396 7.735 7.117 6.542 6.011 5.523 5.078 4.731 4.862 4.998 5.140 5.288 5.442 5.601 5.766 5.936 6.113 6.295 6.482 6.594 6.250 5.898 5.536 5.166 4.788
13.355 12.796 12.221 11.628 11.019 10.391 9.747 9.085 8.406 8.487 8.684 8.896 9.125 9.369 9.630 9.906 10.197 10.505 10.829 11.168 11.524 11.257 10.876 10.490 10.100 9.705 9.305 8.901 8.492 8.078 7.660 7.237 6.809 7.206 7.660 8.076 8.455 8.796 9.100 9.367 9.596 9.787 9.941 10.057 10.136 9.492 8.851 8.253 7.698 7.186 6.717 6.292 5.909 5.569 5.273 5.020 4.809 4.964 5.125 5.293 5.466 5.645 5.830 6.020 6.216 6.418 6.625 6.814 6.955 6.553 6.169 5.802 5.453 5.122
13.293 12.675 12.039 11.386 10.716 10.028 9.323 8.601 7.862 7.857 8.110 8.378 8.662 8.961 9.277 9.608 9.955 10.318 10.697 11.091 11.503 11.329 10.927 10.520 10.109 9.693 9.272 8.847 8.417 7.983 7.544 7.100 6.651 6.800 7.087 7.337 7.549 7.723 7.860 7.960 8.022 8.047 8.034 7.984 7.896 7.472 7.023 6.616 6.253 5.933 5.656 5.422 5.231 5.084 4.979 4.917 4.899 5.059 5.222 5.363 5.510 5.662 5.819 5.983 6.152 6.326 6.506 6.692 6.883 6.596 6.290 6.002 5.732 5.479
13.249 12.570 11.874 11.160 10.430 9.682 8.917 8.134 7.335 7.214 7.522 7.845 8.184 8.539 8.910 9.296 9.699 10.117 10.551 11.000 11.467 11.406 10.983 10.555 10.123 9.687 9.245 8.799 8.348 7.893 7.433 6.968 6.499 6.436 6.556 6.639 6.684 6.692 6.662 6.595 6.491 6.349 6.169 5.952 5.698 5.408 5.151 4.937 4.765 4.722 4.766 4.790 4.794 4.778 4.742 4.687 4.611 4.710 4.870 5.036 5.208 5.385 5.567 5.756 5.950 6.149 6.354 6.565 6.781 6.621 6.393 6.184 5.992 5.818
13.221 12.481 11.725 10.951 10.160 9.352 8.527 7.684 6.824 6.557 6.920 7.299 7.693 8.103 8.529 8.971 9.428 9.902 10.391 10.895 11.418 11.488 11.044 10.596 10.143 9.685 9.223 8.756 8.285 7.809 7.328 6.842 6.352 6.113 6.067 5.983 5.861 5.703 5.506 5.273 5.111 5.055 5.010 4.977 4.956 4.980 5.015 5.030 5.025 5.000 4.955 4.891 4.807 4.703 4.579 4.435 4.272 4.328 4.513 4.704 4.900 5.102 5.310 5.523 5.742 5.967 6.197 6.432 6.673 6.628 6.479 6.348 6.235 6.139
13.209 12.409 11.592 10.758 9.907 9.039 8.153 7.250 6.330 5.887 6.305 6.739 7.188 7.654 8.135 8.631 9.144 9.672 10.216 10.776 11.354 11.575 11.111 10.642 10.168 9.690 9.207 8.719 8.227 7.730 7.228 6.727 6.247 5.938 5.852 5.779 5.716 5.666 5.626 5.598 5.582 5.576 5.583 5.600 5.630 5.631 5.577 5.504 5.411 5.298 5.165 5.013 4.840 4.648 4.436 4.204 3.953 3.940 4.151 4.366 4.588 4.815 5.047 5.286 5.529 5.779 6.034 6.294 6.560 6.618 6.547 6.495 6.460 6.442
13.213 12.354 11.476 10.582 9.671 8.742 7.796 6.834 5.853 5.203 5.676 6.165 6.670 7.190 7.726 8.278 8.846 9.429 10.028 10.643 11.276 11.668 11.119 10.539 9.980 9.444 8.929 8.437 7.967 7.519 7.094 6.690 6.309 6.040 6.005 5.983 5.971 5.971 5.982 6.005 6.039 6.085 6.142 6.211 6.290 6.302 6.160 5.999 5.818 5.617 5.396 5.155 4.895 4.614 4.314 3.995 3.655 3.548 3.783 4.024 4.270 4.522 4.779 5.042 5.311 5.585 5.865 6.151 6.442 6.590 6.598 6.624 6.667 6.728
13.234 12.314 11.377 10.423 9.451 8.462 7.456 6.433 5.393 4.505 5.033 5.577 6.137 6.713 7.306 7.914 8.481 9.008 9.494 9.940 10.362 10.675 10.171 9.689 9.229 8.791 8.375 7.982 7.610 7.261 6.934 6.629 6.346 6.129 6.146 6.174 6.213 6.264 6.326 6.399 6.484 6.581 6.688 6.808 6.938 6.993 6.763 6.514 6.245 5.955 5.647 5.318 4.969 4.601 4.213 3.806 3.378 3.150 3.410 3.676 3.947 4.224 4.506 4.794 5.088 5.387 5.691 6.002 6.317 6.545 6.631 6.735 6.856 6.996
13.271 12.291 11.294 10.279 9.248 8.199 7.133 6.069 5.115 4.209 4.843 5.471 6.059 6.607 7.115 7.582 8.008 8.394 8.740 9.045 9.326 9.589 9.199 8.815 8.454 8.114 7.797 7.502 7.229 6.978 6.749 6.543 6.358 6.206 6.273 6.352 6.442 6.544 6.656 6.781 6.916 7.063 7.222 7.392 7.573 7.704 7.387 7.049 6.692 6.315 5.918 5.501 5.065 4.609 4.133 3.637 3.122 2.747 3.032 3.322 3.618 3.920 4.227 4.540 4.859 5.182 5.512 5.847 6.188 6.482 6.647 6.829 7.028 7.246
13.292 12.175 11.104 10.080 9.103 8.172 7.287 6.450 5.659 4.914 5.251 5.739 6.186 6.593 6.960 7.286 7.572 7.818 8.023 8.188 8.327 8.448 8.203 7.918 7.655 7.414 7.195 6.999 6.824 6.672 6.541 6.433 6.347 6.282 6.388 6.518 6.658 6.811 6.974 7.149 7.335 7.533 7.742 7.963 8.195 8.436 8.030 7.605 7.159 6.694 6.210 5.705 5.181 4.637 4.073 3.490 2.887 2.338 2.648 2.964 3.284 3.611 3.943 4.281 4.624 4.973 5.327 5.687 6.053 6.402 6.645 6.905 7.182 7.478
12.495 11.540 10.631 9.769 8.954 8.185 7.463 6.788 6.159 5.576 5.695 6.043 6.350 6.616 6.842 7.028 7.174 7.279 7.343 7.368 7.366 7.345 7.184 6.998 6.833 6.690 6.570 6.472 6.395 6.341 6.309 6.299 6.311 6.345 6.491 6.671 6.862 7.065 7.279 7.505 7.742 7.990 8.250 8.521 8.803 9.097 8.694 8.180 7.647 7.094 6.522 5.929 5.317 4.686 4.034 3.363 2.672 1.961 2.259 2.600 2.945 3.297 3.654 4.016 4.384 4.758 5.137 5.522 5.922 6.314 6.613 6.906 7.193 7.474
11.655 10.862 10.116 9.416 8.763 8.156 7.596 7.082 6.615 6.194 6.176 6.383 6.549 6.675 6.761 6.807 6.812 6.777 6.701 6.585 6.443 6.280 6.142 6.054 5.987 5.943 5.921 5.920 5.942 5.986 6.052 6.141 6.251 6.383 6.581 6.811 7.053 7.307 7.571 7.848 8.135 8.434 8.744 9.066 9.399 9.744 9.377 8.776 8.155 7.515 6.854 6.174 5.474 4.755 4.016 3.257 2.478 1.680 1.865 2.298 2.812 3.301 3.764 4.200 4.611 4.996 5.355 5.688 5.995 6.276 6.548 6.814 7.074 7.328
10.773 10.142 9.558 9.020 8.529 8.084 7.685 7.334 7.028 6.769 6.693 6.759 6.786 6.771 6.717 6.622 6.487 6.311 6.096 5.840 5.556 5.251 5.076 5.086 5.118 5.172 5.248 5.346 5.466 5.608 5.772 5.958 6.167 6.397 6.658 6.939 7.232 7.536 7.851 8.178 8.516 8.865 9.226 9.598 9.982 10.377 10.081 9.392 8.684 7.955 7.194 6.436 5.721 5.050 4.422 3.838 3.297 2.800 3.006 3.431 3.831 4.204 4.552 4.874 5.170 5.440 5.683 5.902 6.094 6.260 6.488 6.728 6.961 7.189
9.848 9.380 8.957 8.581 8.252 7.969 7.732 7.542 7.398 7.301 7.246 7.172 7.058 6.904 6.709 6.474 6.199 5.883 5.527 5.131 4.707 4.261 3.987 4.095 4.225 4.377 4.551 4.747 4.965 5.205 5.468 5.752 6.058 6.387 6.722 7.054 7.397 7.752 8.118 8.495 8.884 9.241 9.520 9.778 10.017 10.236 9.920 9.181 8.485 7.833 7.224 6.658 6.136 5.657 5.222 4.830 4.482 4.177 4.279 4.590 4.874 5.133 5.366 5.572 5.753 5.908 6.038 6.141 6.218 6.269 6.435 6.647 6.854 7.055
8.882 8.575 8.314 8.100 7.932 7.811 7.736 7.707 7.725 7.789 7.836 7.622 7.367 7.073 6.738 6.363 5.948 5.492 4.996 4.460 3.895 3.307 2.874 3.080 3.308 3.558 3.831 4.125 4.441 4.779 5.139 5.522 5.936 6.372 6.777 7.107 7.417 7.707 7.977 8.227 8.458 8.668 8.858 9.028 9.177 9.307 9.135 8.589 8.085 7.625 7.209 6.835 6.506 6.219 5.976 5.777 5.620 5.508 5.577 5.773 5.943 6.086 6.204 6.296 6.362 6.403 6.417 6.406 6.368 6.305 6.387 6.573 6.754 6.928
7.873 7.727 7.628 7.576 7.570 7.610 7.696 7.829 8.008 8.234 8.461 8.107 7.713 7.278 6.803 6.288 5.733 5.138 4.502 3.826 3.120 2.391 1.738 2.097 2.547 2.993 3.437 3.878 4.316 4.750 5.182 5.611 6.037 6.460 6.847 7.088 7.310 7.511 7.692 7.854 7.995 8.116 8.218 8.299 8.360 8.402 8.305 7.951 7.640 7.372 7.148 6.967 6.829 6.735 6.684 6.677 6.713 6.792 6.900 6.981 7.036 7.065 7.068 7.045 6.997 6.922 6.822 6.696 6.544 6.366 6.346 6.505 6.659 6.806
6.822 6.838 6.901 7.009 7.165 7.366 7.614 7.908 8.249 8.636 9.069 8.629 8.094 7.520 6.905 6.248 5.567 4.907 4.270 3.654 3.055 2.471 1.903 2.319 2.756 3.189 3.620 4.047 4.472 4.894 5.312 5.728 6.141 6.550 6.938 7.091 7.224 7.336 7.429 7.502 7.555 7.587 7.600 7.593 7.565 7.518 7.431 7.269 7.150 7.074 7.042 7.053 7.108 7.205 7.347 7.531 7.759 8.030 8.248 8.214 8.154 8.069 7.957 7.820 7.657 7.468 7.253 7.012 6.745 6.453 6.310 6.443 6.570 6.691
5.729 5.906 6.130 6.401 6.717 7.080 7.489 7.944 8.422 8.822 9.216 8.710 8.017 7.346 6.697 6.070 5.464 4.879 4.317 3.776 3.253 2.744 2.253 2.544 2.967 3.388 3.805 4.220 4.631 5.040 5.445 5.848 6.247 6.644 7.038 7.116 7.160 7.184 7.188 7.172 7.136 7.080 7.004 6.909 6.793 6.657 6.511 6.541 6.614 6.731 6.891 7.094 7.340 7.630 7.963 8.340 8.759 9.222 9.621 9.472 9.298 9.097 8.871 8.619 8.342 8.038 7.709 7.353 6.972 6.565 6.281 6.387 6.487 6.582
4.594 4.955 5.380 5.798 6.209 6.613 7.010 7.401 7.784 8.161 8.531 8.212 7.595 6.999 6.425 5.872 5.341 4.832 4.345 3.879 3.431 2.998 2.583 2.772 3.182 3.589 3.994 4.395 4.793 5.189 5.581 5.971 6.357 6.741 7.121 7.162 7.118 7.053 6.969 6.864 6.740 6.595 6.431 6.247 6.043 5.818 5.574 5.769 6.034 6.343 6.694 7.089 7.528 8.009 8.534 9.102 9.713 10.368 11.018 10.755 10.466 10.151 9.811 9.444 9.052 8.634 8.190 7.720 7.225 6.703 6.257 6.337 6.411 6.479
4.082 4.490 4.892 5.286 5.673 6.054 6.428 6.794 7.154 7.507 7.853 7.695 7.153 6.632 6.133 5.656 5.200 4.766 4.353 3.962 3.590 3.233 2.893 3.003 3.400 3.794 4.185 4.573 4.959 5.341 5.720 6.097 6.470 6.840 7.208 7.230 7.097 6.944 6.771 6.578 6.366 6.133 5.880 5.607 5.314 5.002 4.669 4.952 5.409 5.909 6.453 7.039 7.669 8.343 9.059 9.819 10.622 11.468 12.357 12.063 11.659 11.230 10.775 10.294 9.787 9.255 8.697 8.113 7.503 6.867 6.229 6.263 6.304 6.351
3.649 4.033 4.411 4.781 5.145 5.502 5.852 6.195 6.531 6.860 7.183 7.160 6.693 6.247 5.823 5.420 5.039 4.680 4.342 4.026 3.729 3.448 3.184 3.236 3.620 4.002 4.380 4.755 5.127 5.496 5.862 6.226 6.586 6.943 7.298 7.320 7.099 6.857 6.596 6.314 6.013 5.692 5.351 4.990 4.609 4.208 3.787 4.091 4.739 5.431 6.166 6.944 7.766 8.631 9.538 10.490 11.484 12.521 13.602 13.395 12.877 12.311 11.682 11.036 10.371 9.690 8.991 8.275 7.541 6.790 6.022 6.030 6.097 6.171
3.222 3.583 3.937 4.284 4.624 4.957 5.283 5.602 5.915 6.220 6.519 6.605 6.213 5.842 5.493 5.165 4.859 4.575 4.312 4.071 3.849 3.644 3.455 3.473 3.844 4.212 4.577 4.939 5.298 5.654 6.007 6.358 6.705 7.049 7.390 7.432 7.122 6.792 6.442 6.072 5.683 5.273 4.844 4.394 3.925 3.436 2.927 3.185 4.025 4.908 5.834 6.804 7.834 8.918 10.004 11.090 12.177 13.265 14.354 14.210 13.538 12.849 12.143 11.419 10.678 9.920 9.144 8.351 7.540 6.712 5.867 5.790 5.885 5.986
