DATA/SHG/ECMWF/20170628/EN-32/20170708.en-32.asc
ncols        190
nrows        64
xllcorner    -5100000.000000000000
yllcorner    4130000.000000000000
cellsize     10000.000000000000
NODATA_value  -99999.000
[rows 0 to 32 of 64, columns 0 to 73 of 190]
0.061 0.068 0.073 0.077 0.081 0.083 0.083 0.083 0.082 0.091 0.104 0.116 0.128 0.140 0.152 0.164 0.175 0.186 0.197 0.245 0.310 0.370 0.430 0.491 0.555 0.622 0.690 0.761 0.834 0.910 0.988 1.068 1.151 1.365 1.679 2.013 2.367 2.741 3.134 3.548 3.981 4.435 4.908 5.401 5.914 6.252 6.407 6.537 6.643 6.725 6.783 6.816 6.825 6.810 6.770 6.707 6.619 6.598 6.677 6.753 6.827 6.898 6.966 7.032 7.095 7.155 7.212 7.267 7.319 7.461 7.745 8.019 8.284 8.538
0.036 0.038 0.040 0.040 0.039 0.037 0.034 0.029 0.024 0.029 0.041 0.052 0.096 0.145 0.199 0.257 0.319 0.386 0.458 0.534 0.614 0.688 0.756 0.826 0.898 0.972 1.049 1.128 1.209 1.293 1.379 1.467 1.558 1.779 2.163 2.567 2.991 3.435 3.898 4.382 4.885 5.408 5.951 6.514 7.097 7.494 7.563 7.608 7.629 7.625 7.597 7.545 7.469 7.368 7.244 7.095 6.921 6.813 6.882 6.949 7.013 7.075 7.133 7.190 7.243 7.294 7.341 7.387 7.429 7.523 7.773 8.013 8.244 8.464
0.012 0.011 0.008 0.004 0.002 0.014 0.029 0.047 0.067 0.101 0.153 0.209 0.269 0.334 0.404 0.478 0.556 0.639 0.726 0.818 0.914 1.004 1.079 1.157 1.237 1.320 1.405 1.492 1.581 1.673 1.767 1.863 1.962 2.172 2.626 3.100 3.594 4.108 4.641 5.194 5.767 6.360 6.973 7.606 8.258 8.759 8.742 8.702 8.637 8.548 8.435 8.297 8.136 7.950 7.740 7.506 7.247 7.030 7.090 7.147 7.202 7.254 7.303 7.350 7.393 7.435 7.473 7.509 7.545 7.579 7.779 7.964 8.134 8.289
0.016 0.027 0.041 0.057 0.076 0.098 0.123 0.150 0.180 0.223 0.290 0.362 0.438 0.519 0.604 0.693 0.787 0.886 0.989 1.096 1.208 1.316 1.400 1.486 1.574 1.665 1.757 1.853 1.950 2.050 2.152 2.257 2.363 2.544 3.068 3.612 4.175 4.759 5.362 5.985 6.628 7.291 7.973 8.676 9.398 10.045 9.943 9.818 9.667 9.493 9.295 9.072 8.825 8.554 8.259 7.940 7.596 7.249 7.300 7.347 7.400 7.532 7.637 7.715 7.765 7.788 7.784 7.753 7.695 7.609 7.752 7.885 8.002 8.104
0.048 0.069 0.092 0.118 0.147 0.179 0.213 0.250 0.290 0.339 0.422 0.509 0.601 0.698 0.799 0.904 1.014 1.128 1.247 1.370 1.497 1.625 1.717 1.811 1.908 2.006 2.107 2.211 2.316 2.424 2.534 2.647 2.762 2.895 3.489 4.102 4.736 5.389 6.062 6.755 7.467 8.200 8.952 9.724 10.516 11.327 11.167 10.956 10.721 10.461 10.178 9.870 9.538 9.188 8.868 8.579 8.323 8.098 8.186 8.277 8.340 8.377 8.386 8.368 8.323 8.251 8.151 8.024 7.870 7.689 7.740 7.819 7.884 7.934
0.077 0.107 0.140 0.176 0.215 0.256 0.300 0.347 0.397 0.450 0.549 0.652 0.760 0.872 0.988 1.109 1.235 1.365 1.499 1.638 1.781 1.929 2.032 2.134 2.238 2.345 2.454 2.565 2.679 2.795 2.913 3.034 3.157 3.282 3.888 4.571 5.274 5.997 6.740 7.503 8.285 9.087 9.909 10.750 11.612 12.493 12.344 11.913 11.514 11.147 10.811 10.507 10.235 9.994 9.785 9.608 9.462 9.348 9.342 9.337 9.305 9.246 9.160 9.046 8.906 8.738 8.543 8.321 8.072 7.795 7.741 7.769 7.781 7.779
0.102 0.143 0.185 0.231 0.280 0.331 0.385 0.441 0.501 0.563 0.670 0.789 0.913 1.041 1.173 1.310 1.451 1.596 1.747 1.901 2.060 2.224 2.343 2.453 2.566 2.681 2.798 2.917 3.039 3.163 3.289 3.418 3.549 3.682 4.266 5.019 5.792 6.585 7.397 8.175 8.906 9.625 10.332 11.026 11.708 12.378 12.341 12.021 11.734 11.477 11.253 11.060 10.898 10.769 10.670 10.604 10.569 10.566 10.523 10.422 10.295 10.141 9.959 9.750 9.514 9.251 8.961 8.643 8.299 7.927 7.757 7.732 7.692 7.637
0.125 0.175 0.228 0.283 0.341 0.402 0.466 0.532 0.601 0.673 0.787 0.922 1.061 1.204 1.352 1.505 1.662 1.823 1.989 2.159 2.334 2.513 2.652 2.770 2.891 3.014 3.139 3.266 3.396 3.528 3.663 3.799 3.932 4.071 4.588 5.338 6.075 6.801 7.513 8.214 8.902 9.578 10.242 10.894 11.533 12.160 12.307 12.098 11.921 11.776 11.662 11.580 11.529 11.511 11.523 11.568 11.643 11.751 11.728 11.533 11.310 11.060 10.783 10.479 10.147 9.789 9.404 8.991 8.551 8.085 7.787 7.710 7.617 7.510
0.144 0.204 0.266 0.332 0.399 0.470 0.543 0.620 0.698 0.780 0.899 1.049 1.204 1.363 1.527 1.695 1.868 2.045 2.226 2.412 2.602 2.797 2.958 3.084 3.213 3.310 3.415 3.530 3.654 3.789 3.934 4.088 4.253 4.427 4.855 5.562 6.256 6.938 7.608 8.266 8.911 9.544 10.165 10.774 11.370 11.954 12.241 12.143 12.077 12.043 12.040 12.068 12.129 12.220 12.344 12.499 12.685 12.903 12.958 12.667 12.349 12.004 11.632 11.233 10.806 10.353 9.872 9.364 8.829 8.268 7.831 7.701 7.557 7.397
0.161 0.230 0.302 0.377 0.455 0.535 0.618 0.704 0.793 0.884 1.006 1.172 1.342 1.517 1.696 1.880 2.068 2.257 2.421 2.580 2.735 2.885 3.016 3.126 3.246 3.376 3.515 3.665 3.825 3.994 4.174 4.363 4.563 4.772 5.134 5.798 6.449 7.088 7.715 8.330 8.932 9.522 10.100 10.666 11.219 11.760 12.144 12.157 12.201 12.278 12.385 12.525 12.696 12.898 13.132 13.398 13.695 14.023 14.213 13.827 13.414 12.973 12.506 12.011 11.490 10.941 10.366 9.763 9.133 8.476 7.889 7.707 7.510 7.298
0.174 0.253 0.335 0.420 0.507 0.597 0.690 0.785 0.884 0.985 1.108 1.287 1.462 1.632 1.798 1.959 2.116 2.268 2.416 2.560 2.699 2.833 2.966 3.111 3.266 3.430 3.605 3.790 3.984 4.189 4.403 4.628 4.862 5.106 5.425 6.045 6.654 7.250 7.834 8.406 8.965 9.513 10.048 10.570 11.081 11.579 12.015 12.139 12.294 12.481 12.699 12.949 13.231 13.544 13.888 14.264 14.672 15.111 15.493 15.011 14.503 13.967 13.405 12.815 12.199 11.555 10.885 10.187 9.462 8.710 7.962 7.727 7.478 7.214
0.184 0.273 0.365 0.467 0.576 0.685 0.794 0.903 1.012 1.120 1.234 1.397 1.556 1.711 1.861 2.006 2.147 2.284 2.416 2.544 2.668 2.787 2.905 3.085 3.275 3.475 3.684 3.904 4.133 4.373 4.622 4.881 5.151 5.430 5.727 6.305 6.871 7.424 7.965 8.494 9.011 9.515 10.007 10.487 10.955 11.410 11.854 12.089 12.355 12.653 12.982 13.342 13.734 14.157 14.612 15.099 15.617 16.166 16.747 16.220 15.617 14.986 14.329 13.644 12.933 12.194 11.429 10.553 9.629 8.730 7.854 7.499 7.190 6.884
0.284 0.393 0.502 0.611 0.720 0.828 0.936 1.044 1.151 1.259 1.366 1.511 1.655 1.794 1.928 2.058 2.184 2.305 2.421 2.533 2.641 2.745 2.843 3.049 3.274 3.509 3.753 4.008 4.272 4.546 4.830 5.124 5.428 5.742 6.066 6.577 7.100 7.610 8.109 8.595 9.068 9.530 9.979 10.416 10.841 11.254 11.654 12.008 12.385 12.793 13.232 13.703 14.205 14.739 15.304 15.901 16.529 17.189 17.880 17.454 16.524 15.513 14.528 13.567 12.630 11.718 10.830 9.967 9.129 8.315 7.525 7.124 6.825 6.530
0.431 0.540 0.648 0.756 0.864 0.971 1.078 1.185 1.291 1.398 1.504 1.630 1.758 1.881 2.000 2.114 2.224 2.330 2.431 2.527 2.620 2.707 2.791 3.003 3.262 3.532 3.811 4.101 4.400 4.709 5.028 5.357 5.695 6.044 6.403 6.861 7.341 7.809 8.264 8.707 9.138 9.557 9.964 10.358 10.740 11.110 11.468 11.896 12.383 12.901 13.451 14.032 14.645 15.115 15.526 15.905 16.251 16.564 16.845 16.264 15.315 14.390 13.491 12.615 11.764 10.938 10.136 9.359 8.606 7.878 7.174 6.746 6.458 6.173
0.579 0.686 0.794 0.901 1.007 1.114 1.220 1.326 1.431 1.537 1.642 1.754 1.866 1.973 2.077 2.175 2.270 2.360 2.445 2.526 2.603 2.675 2.742 2.946 3.241 3.545 3.859 4.183 4.517 4.861 5.215 5.578 5.952 6.335 6.729 7.157 7.594 8.019 8.431 8.832 9.220 9.596 9.960 10.312 10.651 10.978 11.305 11.735 12.227 12.687 13.115 13.510 13.873 14.203 14.500 14.765 14.998 15.198 15.366 14.948 14.084 13.246 12.432 11.642 10.877 10.136 9.420 8.728 8.061 7.418 6.800 6.367 6.089 5.815
0.727 0.833 0.939 1.045 1.151 1.257 1.362 1.467 1.571 1.676 1.780 1.882 1.978 2.070 2.158 2.241 2.320 2.394 2.464 2.529 2.590 2.647 2.699 2.879 3.208 3.547 3.896 4.255 4.624 5.003 5.391 5.789 6.198 6.616 7.044 7.465 7.859 8.241 8.618 9.018 9.397 9.755 10.091 10.407 10.702 10.976 11.229 11.537 11.916 12.262 12.576 12.858 13.107 13.324 13.508 13.660 13.779 13.866 13.920 13.610 12.832 12.079 11.351 10.646 9.967 9.312 8.681 8.075 7.493 6.936 6.403 5.985 5.718 5.454
0.874 0.980 1.085 1.190 1.295 1.399 1.504 1.608 1.711 1.815 1.918 2.014 2.095 2.172 2.244 2.311 2.374 2.433 2.487 2.537 2.583 2.624 2.660 2.801 3.165 3.539 3.923 4.317 4.720 5.134 5.557 6.007 6.508 7.022 7.550 8.047 8.436 8.805 9.152 9.478 9.783 10.068 10.331 10.573 10.794 10.995 11.174 11.372 11.637 11.870 12.071 12.239 12.375 12.478 12.549 12.587 12.593 12.567 12.508 12.250 11.558 10.891 10.248 9.629 9.035 8.465 7.920 7.400 6.903 6.431 5.984 5.601 5.345 5.091
1.022 1.126 1.231 1.335 1.439 1.542 1.646 1.749 1.852 1.954 2.056 2.152 2.217 2.278 2.334 2.386 2.434 2.477 2.516 2.550 2.580 2.605 2.626 2.713 3.132 3.585 4.052 4.533 5.027 5.535 6.056 6.592 7.140 7.703 8.279 8.823 9.138 9.433 9.707 9.959 10.191 10.402 10.591 10.760 10.907 11.034 11.140 11.239 11.391 11.511 11.598 11.653 11.675 11.665 11.623 11.548 11.441 11.301 11.129 10.869 10.262 9.680 9.123 8.590 8.081 7.597 7.137 6.702 6.291 5.905 5.543 5.215 4.969 4.726
1.170 1.273 1.377 1.480 1.583 1.685 1.788 1.890 1.992 2.093 2.195 2.293 2.343 2.388 2.429 2.466 2.498 2.533 2.575 2.623 2.675 2.733 2.795 2.879 3.366 3.868 4.383 4.911 5.453 6.009 6.578 7.161 7.758 8.368 8.992 9.619 9.861 10.082 10.282 10.461 10.619 10.756 10.872 10.967 11.042 11.095 11.127 11.139 11.178 11.184 11.158 11.100 11.009 10.885 10.730 10.542 10.321 10.069 9.784 9.466 8.945 8.448 7.976 7.529 7.105 6.706 6.332 5.982 5.657 5.355 5.079 4.826 4.591 4.358
1.317 1.420 1.523 1.625 1.727 1.829 1.930 2.031 2.132 2.233 2.322 2.403 2.438 2.473 2.513 2.558 2.608 2.663 2.723 2.788 2.858 2.933 3.013 3.098 3.586 4.135 4.698 5.275 5.864 6.468 7.085 7.716 8.360 9.018 9.690 10.375 10.603 10.751 10.877 10.983 11.068 11.131 11.174 11.196 11.196 11.176 11.135 11.073 10.997 10.890 10.751 10.579 10.375 10.139 9.870 9.569 9.236 8.870 8.472 8.041 7.605 7.194 6.808 6.445 6.107 5.794 5.505 5.240 5.000 4.784 4.592 4.425 4.210 3.988
1.465 1.567 1.669 1.777 1.879 1.975 2.065 2.149 2.227 2.299 2.365 2.425 2.475 2.528 2.585 2.648 2.715 2.788 2.865 2.948 3.035 3.128 3.226 3.328 3.791 4.388 4.999 5.623 6.261 6.912 7.577 8.256 8.948 9.654 10.373 11.106 11.367 11.441 11.494 11.526 11.537 11.527 11.496 11.445 11.372 11.279 11.164 11.029 10.848 10.628 10.376 10.091 9.774 9.425 9.043 8.629 8.183 7.704 7.193 6.650 6.244 5.919 5.617 5.340 5.088 4.859 4.655 4.511 4.427 4.339 4.246 4.149 4.006 3.856
1.697 1.796 1.889 1.976 2.057 2.131 2.200 2.263 2.320 2.370 2.415 2.453 2.507 2.577 2.652 2.732 2.817 2.907 3.002 3.102 3.207 3.317 3.432 3.552 3.982 4.627 5.285 5.957 6.642 7.341 8.054 8.780 9.520 10.274 11.041 11.821 12.150 12.151 12.130 12.089 12.027 11.944 11.840 11.715 11.569 11.402 11.214 11.006 10.732 10.399 10.034 9.636 9.206 8.744 8.249 7.723 7.163 6.572 5.948 5.292 4.959 4.891 4.818 4.741 4.660 4.574 4.483 4.388 4.289 4.185 4.077 3.964 3.847 3.739
1.966 2.043 2.115 2.181 2.240 2.294 2.341 2.383 2.418 2.448 2.471 2.488 2.533 2.620 2.713 2.811 2.913 3.021 3.133 3.251 3.374 3.501 3.634 3.771 4.157 4.850 5.556 6.276 7.009 7.756 8.516 9.290 10.078 10.879 11.693 12.522 12.954 12.881 12.787 12.673 12.537 12.381 12.203 12.005 11.786 11.546 11.285 11.003 10.649 10.203 9.724 9.214 8.671 8.138 7.632 7.135 6.647 6.167 5.696 5.234 4.950 4.866 4.778 4.685 4.588 4.487 4.381 4.270 4.155 4.036 3.912 3.784 3.678 3.612
2.241 2.298 2.348 2.392 2.431 2.463 2.489 2.509 2.523 2.531 2.533 2.529 2.554 2.659 2.769 2.884 3.004 3.129 3.259 3.394 3.534 3.679 3.829 3.984 4.318 5.059 5.812 6.580 7.361 8.155 8.963 9.785 10.620 11.469 12.331 13.207 13.778 13.632 13.465 13.277 13.068 12.838 12.588 12.317 12.024 11.711 11.321 10.923 10.495 9.975 9.465 8.963 8.470 7.986 7.510 7.044 6.586 6.136 5.696 5.264 4.945 4.846 4.742 4.634 4.521 4.404 4.283 4.157 4.026 3.891 3.752 3.608 3.498 3.474
2.523 2.558 2.587 2.610 2.627 2.638 2.643 2.642 2.635 2.622 2.602 2.577 2.569 2.691 2.819 2.952 3.089 3.232 3.379 3.532 3.690 3.852 4.020 4.192 4.465 5.253 6.054 6.869 7.698 8.540 9.395 10.265 11.147 12.044 12.954 13.877 14.622 14.403 14.162 13.719 13.265 12.828 12.406 12.000 11.611 11.237 10.879 10.538 10.181 9.692 9.212 8.741 8.279 7.825 7.380 6.944 6.516 6.097 5.687 5.286 4.945 4.830 4.711 4.587 4.459 4.326 4.189 4.047 3.901 3.751 3.596 3.437 3.307 3.324
2.812 2.825 2.833 2.834 2.830 2.820 2.804 2.781 2.753 2.718 2.678 2.631 2.579 2.719 2.864 3.014 3.169 3.329 3.494 3.664 3.839 4.019 4.204 4.394 4.596 5.432 6.281 7.144 8.020 8.909 9.813 10.726 11.453 12.163 12.855 13.529 14.160 13.715 13.285 12.871 12.473 12.092 11.726 11.376 11.042 10.724 10.422 10.137 9.860 9.401 8.952 8.511 8.079 7.656 7.241 6.835 6.438 6.050 5.670 5.300 4.949 4.818 4.683 4.544 4.400 4.252 4.100 3.942 3.781 3.615 3.445 3.270 3.104 3.163
3.116 3.098 3.084 3.065 3.039 3.008 2.970 2.927 2.877 2.822 2.760 2.692 2.618 2.741 2.903 3.071 3.244 3.421 3.604 3.791 3.983 4.181 4.383 4.590 4.790 5.490 6.261 7.015 7.752 8.470 9.172 9.856 10.522 11.171 11.802 12.416 13.012 12.740 12.366 12.008 11.666 11.340 11.030 10.736 10.458 10.196 9.950 9.720 9.506 9.102 8.683 8.273 7.871 7.478 7.094 6.719 6.352 5.994 5.645 5.305 4.973 4.811 4.661 4.506 4.346 4.183 4.015 3.842 3.665 3.484 3.298 3.107 2.912 2.992
3.428 3.377 3.342 3.302 3.255 3.202 3.144 3.079 3.008 2.931 2.848 2.759 2.664 2.757 2.937 3.122 3.312 3.529 3.772 3.979 4.151 4.287 4.387 4.452 4.482 5.005 5.715 6.408 7.083 7.741 8.382 9.005 9.610 10.198 10.768 11.321 11.856 11.750 11.432 11.130 10.844 10.574 10.320 10.082 9.859 9.653 9.463 9.289 9.130 8.795 8.406 8.026 7.655 7.293 6.939 6.594 6.258 5.930 5.611 5.301 5.000 4.808 4.642 4.472 4.297 4.118 3.934 3.746 3.554 3.357 3.155 2.949 2.739 2.809
3.746 3.663 3.607 3.545 3.477 3.403 3.323 3.237 3.145 3.047 3.012 3.060 3.116 3.301 3.561 3.786 3.976 4.130 4.248 4.331 4.378 4.389 4.365 4.306 4.211 4.538 5.187 5.820 6.434 7.031 7.611 8.173 8.717 9.244 9.754 10.246 10.720 10.745 10.483 10.237 10.007 9.792 9.594 9.412 9.245 9.095 8.960 8.842 8.739 8.479 8.121 7.771 7.431 7.099 6.775 6.461 6.155 5.858 5.569 5.290 5.019 4.809 4.628 4.442 4.252 4.057 3.858 3.654 3.446 3.234 3.017 2.796 2.570 2.615
4.070 3.954 3.877 3.858 3.880 3.910 3.947 3.991 4.043 4.101 4.167 4.240 4.321 4.436 4.572 4.673 4.738 4.767 4.761 4.719 4.642 4.529 4.381 4.197 3.978 4.090 4.679 5.250 5.804 6.340 6.858 7.360 7.843 8.310 8.758 9.190 9.603 9.725 9.519 9.329 9.154 8.996 8.853 8.727 8.616 8.521 8.442 8.380 8.333 8.155 7.827 7.508 7.198 6.896 6.603 6.319 6.044 5.777 5.519 5.269 5.029 4.815 4.618 4.417 4.211 4.001 3.786 3.567 3.343 3.119 2.901 2.687 2.478 2.496
4.820 4.754 4.787 4.827 4.875 4.930 4.992 5.061 5.138 5.222 5.313 5.411 5.516 5.609 5.620 5.596 5.536 5.441 5.311 5.145 4.943 4.706 4.434 4.126 3.782 3.661 4.189 4.699 5.192 5.667 6.125 6.566 6.989 7.394 7.782 8.153 8.506 8.691 8.540 8.406 8.287 8.184 8.097 8.027 7.972 7.932 7.909 7.902 7.911 7.823 7.526 7.237 6.957 6.686 6.423 6.169 5.924 5.688 5.460 5.241 5.031 4.808 4.567 4.332 4.101 3.875 3.653 3.437 3.226 3.019 2.817 2.620 2.428 2.402
5.789 5.664 5.723 5.788 5.861 5.941 6.028 6.122 6.224 6.333 6.449 6.572 6.703 6.817 6.704 6.556 6.372 6.153 5.898 5.608 5.282 4.921 4.524 4.092 3.624 3.251 3.718 4.167 4.599 5.014 5.411 5.791 6.153 6.498 6.825 7.135 7.427 7.642 7.547 7.468 7.405 7.358 7.327 7.311 7.312 7.329 7.361 7.409 7.474 7.483 7.216 6.958 6.708 6.467 6.250 6.039 5.817 5.585 5.343 5.091 4.829 4.568 4.344 4.125 3.911 3.702 3.498 3.298 3.104 2.914 2.729 2.549 2.374 2.307
6.770 6.589 6.649 6.740 6.838 6.943 7.055 7.174 7.301 7.435 7.576 7.724 7.879 8.042 7.825 7.553 7.245 6.901 6.522 6.108 5.658 5.172 4.652 4.095 3.504 2.876 3.265 3.654 4.025 4.379 4.716 5.035 5.336 5.621 5.887 6.136 6.368 6.577 6.538 6.515 6.508 6.516 6.541 6.581 6.637 6.709 6.797 6.959 7.155 7.337 7.140 6.934 6.717 6.490 6.253 6.006 5.750 5.483 5.205 4.918 4.621 4.323 4.116 3.914 3.717 3.525 3.338 3.155 2.977 2.805 2.637 2.474 2.315 2.211
