DATA/SHG/ECMWF/20170628/EN-32/20170707.en-32.asc
ncols        190
nrows        64
xllcorner    -5100000.000000000000
yllcorner    4130000.000000000000
cellsize     10000.000000000000
NODATA_value  -99999.000
[rows 0 to 32 of 64, columns 75 to 149 of 190]
0.418 0.436 0.454 0.472 0.489 0.506 0.510 0.485 0.460 0.437 0.417 0.400 0.386 0.374 0.365 0.359 0.355 0.354 0.376 0.466 0.558 0.652 0.750 0.851 0.954 1.061 1.170 1.283 1.398 1.516 1.632 1.731 1.824 1.913 1.997 2.076 2.150 2.219 2.284 2.343 2.398 2.448 2.453 2.330 2.205 2.080 1.952 1.824 1.693 1.562 1.429 1.295 1.159 1.022 0.918 0.916 0.917 0.922 0.930 0.941 0.956 0.975 0.996 1.021 1.049 1.081 1.096 1.054 1.011 0.968 0.924 0.880 0.835 0.790 0.744
0.441 0.455 0.466 0.474 0.481 0.484 0.482 0.464 0.448 0.435 0.424 0.417 0.412 0.410 0.410 0.413 0.419 0.428 0.449 0.552 0.657 0.765 0.876 0.989 1.106 1.226 1.349 1.474 1.603 1.734 1.862 1.939 2.011 2.078 2.140 2.198 2.250 2.298 2.341 2.379 2.413 2.441 2.446 2.317 2.186 2.054 1.920 1.785 1.649 1.511 1.372 1.231 1.090 0.946 0.823 0.836 0.853 0.873 0.896 0.922 0.952 0.985 1.022 1.062 1.105 1.152 1.188 1.143 1.098 1.053 1.007 0.960 0.913 0.865 0.817
0.455 0.460 0.463 0.463 0.461 0.456 0.449 0.440 0.434 0.430 0.429 0.431 0.436 0.443 0.453 0.466 0.481 0.499 0.520 0.634 0.753 0.874 0.998 1.125 1.255 1.388 1.523 1.662 1.804 1.949 2.096 2.152 2.202 2.248 2.289 2.325 2.356 2.382 2.404 2.420 2.432 2.439 2.440 2.305 2.168 2.029 1.889 1.748 1.606 1.462 1.316 1.170 1.022 0.872 0.726 0.754 0.785 0.820 0.858 0.900 0.945 0.993 1.045 1.100 1.158 1.220 1.284 1.248 1.215 1.184 1.155 1.129 1.105 1.084 1.065
0.471 0.468 0.462 0.454 0.443 0.430 0.414 0.414 0.417 0.423 0.431 0.443 0.457 0.474 0.493 0.515 0.540 0.568 0.599 0.714 0.845 0.979 1.116 1.257 1.400 1.546 1.695 1.847 2.002 2.159 2.320 2.370 2.399 2.423 2.442 2.457 2.466 2.471 2.471 2.466 2.457 2.442 2.423 2.294 2.151 2.006 1.860 1.713 1.564 1.414 1.262 1.109 0.955 0.799 0.642 0.667 0.714 0.804 0.923 1.031 1.126 1.210 1.282 1.342 1.390 1.426 1.450 1.428 1.405 1.385 1.367 1.352 1.339 1.329 1.321
0.489 0.477 0.463 0.447 0.427 0.406 0.382 0.385 0.398 0.413 0.431 0.452 0.476 0.502 0.531 0.563 0.597 0.634 0.674 0.789 0.934 1.081 1.232 1.385 1.541 1.700 1.863 2.028 2.196 2.367 2.541 2.593 2.601 2.603 2.601 2.594 2.582 2.565 2.544 2.517 2.486 2.450 2.410 2.285 2.136 1.985 1.833 1.679 1.564 1.486 1.416 1.354 1.299 1.252 1.213 1.286 1.377 1.455 1.521 1.575 1.618 1.648 1.667 1.674 1.669 1.652 1.623 1.605 1.593 1.584 1.577 1.573 1.571 1.572 1.575
0.510 0.490 0.467 0.442 0.414 0.384 0.352 0.354 0.376 0.401 0.429 0.459 0.492 0.528 0.566 0.607 0.651 0.698 0.747 0.861 1.019 1.180 1.343 1.510 1.679 1.852 2.027 2.205 2.386 2.570 2.757 2.821 2.807 2.788 2.764 2.736 2.703 2.664 2.621 2.602 2.596 2.584 2.565 2.499 2.417 2.343 2.276 2.218 2.167 2.123 2.088 2.060 2.040 2.027 2.023 2.055 2.092 2.117 2.130 2.131 2.121 2.098 2.064 2.017 1.959 1.889 1.807 1.779 1.778 1.780 1.784 1.791 1.800 1.811 1.825
0.532 0.504 0.473 0.439 0.403 0.365 0.324 0.320 0.352 0.386 0.423 0.463 0.506 0.551 0.599 0.650 0.703 0.759 0.818 0.930 1.101 1.275 1.451 1.631 1.814 1.999 2.188 2.379 2.573 2.770 3.006 3.144 3.160 3.170 3.174 3.171 3.162 3.147 3.125 3.097 3.062 3.021 2.974 2.921 2.874 2.834 2.802 2.777 2.761 2.752 2.751 2.757 2.771 2.793 2.823 2.835 2.818 2.790 2.750 2.699 2.635 2.559 2.472 2.372 2.261 2.138 2.003 1.950 1.961 1.973 1.988 2.006 2.026 2.048 2.073
0.557 0.520 0.481 0.439 0.395 0.348 0.299 0.284 0.325 0.369 0.416 0.465 0.517 0.572 0.629 0.689 0.752 0.818 0.886 0.995 1.179 1.393 1.624 1.861 2.105 2.355 2.611 2.874 3.143 3.418 3.700 3.873 3.861 3.843 3.818 3.786 3.749 3.705 3.654 3.598 3.535 3.465 3.389 3.334 3.321 3.316 3.318 3.328 3.346 3.371 3.404 3.445 3.494 3.550 3.614 3.625 3.556 3.475 3.382 3.277 3.160 3.032 2.891 2.739 2.575 2.399 2.211 2.119 2.140 2.164 2.190 2.218 2.249 2.283 2.319
0.585 0.539 0.491 0.441 0.388 0.333 0.276 0.246 0.296 0.350 0.406 0.464 0.526 0.603 0.727 0.848 0.966 1.080 1.190 1.325 1.571 1.824 2.083 2.349 2.621 2.899 3.184 3.475 3.772 4.076 4.386 4.609 4.568 4.521 4.467 4.408 4.341 4.269 4.190 4.105 4.013 3.915 3.811 3.739 3.760 3.789 3.825 3.870 3.922 3.982 4.049 4.124 4.207 4.298 4.397 4.427 4.305 4.171 4.025 3.867 3.697 3.516 3.322 3.117 2.900 2.671 2.430 2.285 2.317 2.352 2.389 2.428 2.470 2.514 2.561
0.614 0.560 0.504 0.445 0.384 0.321 0.279 0.311 0.445 0.574 0.701 0.823 0.943 1.058 1.170 1.279 1.384 1.485 1.583 1.691 1.966 2.247 2.535 2.829 3.129 3.436 3.749 4.068 4.394 4.726 5.064 5.350 5.281 5.205 5.123 5.035 4.940 4.839 4.732 4.618 4.498 4.371 4.238 4.134 4.190 4.253 4.324 4.403 4.489 4.583 4.685 4.795 4.912 5.037 5.170 5.240 5.065 4.878 4.679 4.468 4.246 4.011 3.765 3.507 3.237 2.955 2.661 2.448 2.491 2.537 2.585 2.635 2.688 2.743 2.801
0.716 0.714 0.718 0.730 0.748 0.773 0.805 0.844 0.965 1.082 1.196 1.307 1.413 1.517 1.616 1.712 1.805 1.894 1.979 2.055 2.353 2.663 2.978 3.301 3.629 3.964 4.305 4.653 5.007 5.367 5.734 6.097 5.999 5.895 5.785 5.668 5.545 5.415 5.279 5.137 4.988 4.833 4.672 4.521 4.611 4.708 4.814 4.927 5.047 5.176 5.312 5.456 5.607 5.767 5.934 6.064 5.836 5.596 5.345 5.081 4.805 4.518 4.219 3.908 3.585 3.250 2.904 2.609 2.663 2.719 2.778 2.839 2.903 2.969 3.037
1.093 1.114 1.142 1.177 1.219 1.267 1.323 1.385 1.488 1.593 1.694 1.792 1.886 1.977 2.064 2.148 2.228 2.305 2.378 2.441 2.732 3.070 3.414 3.765 4.122 4.485 4.854 5.230 5.613 6.001 6.396 6.797 6.724 6.592 6.453 6.307 6.156 5.998 5.833 5.662 5.485 5.302 5.112 4.916 5.023 5.155 5.295 5.442 5.597 5.759 5.930 6.108 6.294 6.487 6.688 6.897 6.619 6.326 6.021 5.705 5.376 5.036 4.684 4.320 3.945 3.557 3.176 2.850 3.038 3.283 3.586 3.945 4.361 4.834 5.364
1.462 1.507 1.559 1.618 1.683 1.755 1.834 1.919 2.014 2.106 2.195 2.280 2.362 2.440 2.515 2.586 2.654 2.718 2.779 2.830 3.104 3.470 3.842 4.221 4.606 4.998 5.396 5.800 6.210 6.627 7.050 7.479 7.455 7.294 7.126 6.953 6.773 6.586 6.393 6.194 5.988 5.777 5.558 5.334 5.427 5.593 5.767 5.948 6.137 6.334 6.539 6.751 6.971 7.199 7.434 7.677 7.412 7.018 6.579 6.161 5.762 5.383 5.024 4.685 4.365 4.066 3.786 3.525 3.921 4.420 4.975 5.587 6.256 6.982 7.765
1.825 1.894 1.969 2.051 2.140 2.236 2.338 2.447 2.542 2.622 2.698 2.771 2.840 2.906 2.969 3.027 3.083 3.134 3.182 3.221 3.467 3.862 4.262 4.670 5.083 5.503 5.929 6.361 6.800 7.245 7.696 8.154 8.192 8.002 7.806 7.604 7.395 7.181 6.959 6.732 6.498 6.257 6.011 5.758 5.821 6.022 6.230 6.446 6.651 6.826 6.981 7.118 7.235 7.333 7.413 7.473 7.187 6.817 6.466 6.136 5.825 5.534 5.262 5.011 4.779 4.567 4.374 4.201 4.747 5.498 6.306 7.171 8.093 9.071 10.107
2.181 2.273 2.372 2.478 2.590 2.709 2.835 2.968 3.072 3.140 3.204 3.264 3.321 3.375 3.425 3.471 3.514 3.553 3.589 3.615 3.823 4.246 4.675 5.110 5.552 6.000 6.454 6.915 7.382 7.855 8.334 8.820 8.934 8.716 8.492 8.262 8.025 7.781 7.532 7.283 7.039 6.795 6.549 6.303 6.310 6.476 6.623 6.751 6.860 6.949 7.020 7.071 7.104 7.117 7.111 7.086 6.879 6.596 6.333 6.090 5.867 5.664 5.480 5.316 5.172 5.047 4.942 4.857 5.514 6.518 7.579 8.696 9.870 11.102 12.390
2.531 2.646 2.769 2.898 3.034 3.176 3.325 3.482 3.605 3.660 3.712 3.760 3.805 3.846 3.883 3.917 3.947 3.974 3.998 4.011 4.171 4.622 5.080 5.543 6.013 6.489 6.972 7.460 7.955 8.457 8.960 9.469 9.672 9.431 9.189 8.945 8.701 8.456 8.210 7.963 7.715 7.466 7.216 6.965 6.878 6.959 7.021 7.064 7.088 7.093 7.078 7.045 6.992 6.921 6.830 6.720 6.550 6.356 6.181 6.025 5.890 5.774 5.677 5.601 5.544 5.507 5.490 5.492 6.224 7.480 8.793 10.163 11.590 13.073 14.613
2.873 3.012 3.158 3.311 3.470 3.636 3.809 3.988 4.141 4.183 4.223 4.258 4.290 4.319 4.344 4.366 4.384 4.398 4.409 4.410 4.512 4.979 5.446 5.923 6.408 6.902 7.406 7.918 8.440 8.971 9.511 10.061 10.384 10.138 9.891 9.644 9.395 9.145 8.895 8.643 8.391 8.137 7.883 7.627 7.466 7.462 7.439 7.397 7.336 7.256 7.157 7.038 6.901 6.745 6.569 6.375 6.203 6.095 6.008 5.940 5.892 5.863 5.855 5.866 5.896 5.947 6.017 6.107 6.876 8.385 9.950 11.572 13.250 14.986 16.778
3.209 3.371 3.541 3.717 3.899 4.089 4.285 4.488 4.679 4.709 4.736 4.759 4.779 4.794 4.789 4.777 4.758 4.731 4.697 4.652 4.654 5.152 5.660 6.177 6.703 7.238 7.783 8.336 8.899 9.471 10.052 10.642 11.096 10.845 10.594 10.342 10.089 9.835 9.580 9.323 9.066 8.808 8.549 8.289 8.073 7.984 7.876 7.749 7.604 7.439 7.255 7.052 6.830 6.589 6.328 6.049 5.835 5.815 5.815 5.835 5.874 5.933 6.012 6.110 6.228 6.366 6.523 6.701 7.471 9.231 11.048 12.922 14.853 16.840 18.884
3.538 3.724 3.916 4.116 4.322 4.535 4.756 4.982 5.202 5.213 5.212 5.204 5.188 5.165 5.135 5.097 5.052 5.000 4.940 4.870 4.790 5.315 5.863 6.421 6.988 7.564 8.149 8.743 9.347 9.959 10.581 11.212 11.808 11.553 11.297 11.041 10.783 10.524 10.265 10.004 9.742 9.480 9.216 8.952 8.699 8.526 8.333 8.121 7.891 7.641 7.373 7.085 6.778 6.452 6.108 5.744 5.447 5.515 5.603 5.710 5.836 5.983 6.149 6.334 6.540 6.765 7.010 7.274 8.007 10.020 12.089 14.214 16.397 18.636 20.931
3.916 4.156 4.390 4.619 4.842 5.060 5.272 5.478 5.679 5.692 5.666 5.632 5.591 5.542 5.486 5.423 5.353 5.275 5.190 5.094 4.988 5.466 6.056 6.654 7.262 7.879 8.504 9.139 9.784 10.437 11.099 11.771 12.451 12.261 12.001 11.739 11.477 11.214 10.950 10.685 10.419 10.152 9.884 9.615 9.345 9.087 8.809 8.513 8.198 7.864 7.510 7.138 6.747 6.336 5.907 5.458 5.040 5.195 5.370 5.564 5.779 6.012 6.266 6.539 6.831 7.144 7.476 7.827 8.487 10.751 13.071 15.449 17.883 20.373 22.920
4.552 4.773 4.988 5.197 5.401 5.599 5.792 5.979 6.161 6.178 6.126 6.066 5.999 5.925 5.844 5.755 5.660 5.556 5.446 5.324 5.193 5.607 6.238 6.877 7.525 8.183 8.849 9.525 10.210 10.904 11.607 12.319 13.040 12.969 12.704 12.438 12.172 11.904 11.635 11.366 11.095 10.824 10.551 10.278 10.003 9.667 9.305 8.924 8.525 8.106 7.668 7.211 6.735 6.240 5.726 5.193 4.641 4.856 5.118 5.399 5.701 6.022 6.362 6.723 7.102 7.502 7.921 8.340 8.818 11.148 13.436 15.681 17.883 20.043 22.159
5.193 5.394 5.589 5.779 5.964 6.143 6.316 6.484 6.646 6.669 6.592 6.507 6.414 6.315 6.208 6.094 5.973 5.844 5.708 5.561 5.403 5.738 6.409 7.089 7.778 8.476 9.183 9.899 10.625 11.360 12.103 12.856 13.618 13.677 13.408 13.137 12.866 12.594 12.321 12.047 11.772 11.496 11.219 10.941 10.662 10.267 9.821 9.355 8.871 8.368 7.845 7.304 6.743 6.164 5.565 4.948 4.312 4.497 4.880 5.312 5.735 6.149 6.553 6.948 7.335 7.712 8.079 8.438 8.787 10.808 12.907 14.962 16.974 18.944 20.871
5.838 6.019 6.196 6.366 6.531 6.691 6.845 6.994 7.137 7.167 7.063 6.953 6.835 6.710 6.578 6.439 6.292 6.138 5.976 5.803 5.620 5.858 6.569 7.290 8.020 8.758 9.506 10.263 11.029 11.805 12.589 13.382 14.185 14.385 14.111 13.837 13.561 13.284 13.007 12.728 12.449 12.168 11.887 11.604 11.321 10.887 10.356 9.806 9.237 8.647 8.059 7.482 6.918 6.367 5.827 5.300 4.786 4.953 5.353 5.745 6.127 6.500 6.864 7.219 7.564 7.900 8.227 8.545 8.854 10.510 12.419 14.285 16.108 17.889 19.626
6.487 6.649 6.806 6.957 7.103 7.244 7.378 7.508 7.631 7.670 7.542 7.406 7.262 7.112 6.954 6.789 6.617 6.438 6.251 6.052 5.844 5.967 6.719 7.480 8.251 9.030 9.819 10.616 11.423 12.239 13.064 13.898 14.741 15.094 14.815 14.536 14.256 13.975 13.693 13.410 13.104 12.755 12.398 12.030 11.654 11.159 10.575 10.004 9.445 8.898 8.364 7.842 7.333 6.836 6.351 5.879 5.418 5.476 5.836 6.187 6.528 6.860 7.184 7.497 7.802 8.098 8.384 8.661 8.929 10.255 11.975 13.652 15.285 16.876 18.425
7.140 7.283 7.421 7.553 7.679 7.800 7.916 8.026 8.130 8.180 8.026 7.864 7.696 7.520 7.337 7.146 6.949 6.744 6.531 6.307 6.073 6.066 6.859 7.660 8.471 9.291 10.120 10.959 11.806 12.662 13.528 14.395 15.254 15.738 15.414 15.081 14.738 14.386 14.023 13.652 13.271 12.880 12.480 12.070 11.651 11.178 10.649 10.133 9.628 9.136 8.657 8.189 7.734 7.292 6.861 6.443 6.038 6.008 6.327 6.637 6.938 7.229 7.512 7.785 8.049 8.304 8.550 8.786 9.014 10.042 11.573 13.060 14.505 15.907 17.266
7.798 7.922 8.040 8.153 8.260 8.362 8.458 8.548 8.634 8.695 8.516 8.329 8.135 7.934 7.725 7.509 7.286 7.056 6.818 6.569 6.309 6.154 6.989 7.833 8.680 9.530 10.384 11.242 12.103 12.967 13.835 14.706 15.581 16.213 15.846 15.470 15.085 14.690 14.285 13.871 13.448 13.015 12.572 12.120 11.658 11.185 10.710 10.248 9.798 9.361 8.936 8.523 8.122 7.734 7.358 6.995 6.644 6.548 6.827 7.096 7.356 7.607 7.849 8.082 8.305 8.520 8.725 8.921 9.107 9.872 11.214 12.512 13.768 14.981 16.151
8.460 8.564 8.663 8.757 8.845 8.927 9.004 9.076 9.141 9.202 9.012 8.800 8.580 8.354 8.107 7.789 7.493 7.220 6.968 6.737 6.523 6.326 7.157 8.016 8.878 9.744 10.614 11.487 12.363 13.243 14.126 15.013 15.903 16.697 16.288 15.870 15.442 15.004 14.557 14.101 13.635 13.160 12.675 12.180 11.676 11.179 10.759 10.351 9.956 9.573 9.202 8.843 8.497 8.164 7.842 7.533 7.236 7.097 7.335 7.564 7.784 7.994 8.195 8.387 8.570 8.744 8.908 9.064 9.210 9.744 10.897 12.006 13.073 14.098 15.079
9.126 9.211 9.291 9.365 9.434 9.497 9.555 9.570 9.445 9.324 9.017 8.687 8.379 8.094 7.831 7.590 7.372 7.176 7.002 6.849 6.713 6.594 7.320 8.195 9.073 9.954 10.839 11.727 12.619 13.515 14.413 15.315 16.221 17.130 16.739 16.279 15.808 15.329 14.839 14.341 13.832 13.315 12.787 12.250 11.704 11.159 10.794 10.441 10.100 9.771 9.455 9.151 8.859 8.580 8.312 8.058 7.815 7.655 7.852 8.041 8.220 8.389 8.550 8.701 8.844 8.977 9.101 9.216 9.321 9.659 10.622 11.543 12.422 13.257 14.050
9.734 9.597 9.464 9.334 9.208 9.085 8.966 8.850 8.738 8.630 8.411 8.158 7.928 7.720 7.535 7.371 7.231 7.112 7.016 6.941 6.883 6.843 7.479 8.369 9.262 10.159 11.060 11.964 12.871 13.782 14.696 15.614 16.535 17.459 17.201 16.698 16.185 15.663 15.131 14.590 14.040 13.480 12.910 12.331 11.742 11.144 10.816 10.517 10.231 9.957 9.695 9.445 9.207 8.982 8.770 8.569 8.381 8.221 8.378 8.526 8.664 8.793 8.914 9.024 9.126 9.219 9.302 9.377 9.442 9.615 10.390 11.123 11.812 12.459 13.064
8.926 8.801 8.680 8.563 8.449 8.339 8.232 8.129 8.029 7.933 7.784 7.610 7.457 7.327 7.219 7.133 7.069 7.028 7.010 7.012 7.032 7.071 7.633 8.539 9.448 10.360 11.276 12.196 13.118 14.045 14.974 15.907 16.844 17.784 17.672 17.127 16.572 16.007 15.433 14.850 14.257 13.655 13.043 12.421 11.791 11.150 10.826 10.581 10.349 10.129 9.921 9.726 9.543 9.372 9.214 9.067 8.933 8.812 8.913 9.020 9.118 9.206 9.286 9.356 9.418 9.470 9.513 9.546 9.571 9.577 10.098 10.621 11.147 11.675 12.206
8.115 8.003 7.895 7.790 7.688 7.590 7.496 7.405 7.317 7.234 7.139 7.041 6.966 6.913 6.883 6.875 6.888 6.925 6.983 7.064 7.162 7.278 7.784 8.705 9.629 10.557 11.489 12.423 13.362 14.303 15.248 16.197 17.149 18.104 18.153 17.566 16.968 16.362 15.745 15.120 14.485 13.840 13.186 12.522 11.849 11.166 10.822 10.632 10.454 10.288 10.135 9.994 9.865 9.748 9.644 9.552 9.473 9.405 9.456 9.522 9.559 9.541 9.505 9.452 9.381 9.294 9.189 9.067 8.928 8.771 9.258 9.793 10.330 10.869 11.411
7.302 7.203 7.107 7.014 6.925 6.839 6.757 6.679 6.604 6.532 6.474 6.454 6.456 6.481 6.527 6.596 6.688 6.801 6.937 7.095 7.272 7.466 7.930 8.866 9.806 10.750 11.696 12.647 13.600 14.557 15.518 16.482 17.449 18.420 18.644 18.014 17.375 16.726 16.067 15.400 14.722 14.035 13.339 12.633 11.918 11.193 10.806 10.670 10.546 10.435 10.335 10.232 10.103 9.988 9.887 9.801 9.728 9.670 9.623 9.563 9.485 9.390 9.278 9.149 9.003 8.839 8.658 8.460 8.244 8.012 8.417 8.963 9.512 10.062 10.616
6.487 6.400 6.316 6.236 6.159 6.086 6.016 5.950 5.888 5.829 5.789 5.847 5.926 6.028 6.152 6.298 6.467 6.658 6.871 7.107 7.361 7.634 8.072 9.024 9.979 10.938 11.900 12.866 13.835 14.807 15.783 16.763 17.746 18.732 19.145 18.473 17.791 17.100 16.399 15.689 14.970 14.240 13.472 12.630 11.808 11.005 10.518 10.381 10.258 10.149 10.054 9.973 9.907 9.854 9.816 9.792 9.782 9.786 9.719 9.583 9.429 9.258 9.070 8.865 8.642 8.402 8.145 7.871 7.579 7.270 7.575 8.132 8.692 9.254 9.818
