DATA/SHG/ECMWF/20170628/EN-32/20170702.en-32.asc
ncols        190
nrows        64
xllcorner    -5100000.000000000000
yllcorner    4130000.000000000000
cellsize     10000.000000000000
NODATA_value  -99999.000
[rows 0 to 31 of 64, columns 72 to 143 of 190]
14.433 15.015 15.626 16.266 16.935 17.633 18.360 19.117 19.902 20.532 20.488 20.306 20.138 19.984 19.843 19.716 19.602 19.502 19.416 19.343 19.284 19.213 19.077 18.960 18.855 18.762 18.680 18.611 18.554 18.508 18.474 18.453 18.443 18.284 17.604 16.922 16.239 15.555 14.869 14.182 13.493 12.803 12.111 11.418 10.724 10.205 10.227 10.235 10.230 10.212 10.180 10.134 10.076 10.003 9.918 9.819 9.706 9.548 9.303 9.081 8.882 8.705 8.550 8.418 8.308 8.221 8.156 8.114 8.094 8.119 8.222 8.333
15.409 16.093 16.806 17.337 17.791 18.222 18.629 19.013 19.373 19.624 19.476 19.342 19.222 19.116 19.022 18.943 18.877 18.825 18.786 18.761 18.749 18.740 18.657 18.594 18.542 18.502 18.475 18.459 18.455 18.462 18.482 18.514 18.557 18.528 17.841 17.153 16.463 15.772 15.080 14.386 13.691 12.994 12.296 11.596 10.895 10.278 10.239 10.188 10.123 10.044 9.952 9.847 9.728 9.596 9.450 9.291 9.119 8.938 8.794 8.672 8.572 8.496 8.441 8.409 8.400 8.412 8.448 8.505 8.586 8.691 8.829 8.973
15.435 15.877 16.296 16.692 17.064 17.412 17.737 18.038 18.316 18.553 18.454 18.368 18.295 18.236 18.191 18.159 18.141 18.136 18.145 18.167 18.203 18.253 18.225 18.215 18.217 18.230 18.256 18.293 18.342 18.404 18.477 18.562 18.658 18.767 18.080 17.385 16.689 15.991 15.292 14.592 13.890 13.186 12.482 11.775 11.068 10.364 10.266 10.154 10.029 9.891 9.739 9.574 9.395 9.203 8.997 8.779 8.546 8.305 8.261 8.240 8.241 8.264 8.309 8.378 8.468 8.581 8.716 8.874 9.054 9.267 9.466 9.676
15.059 15.419 15.756 16.069 16.359 16.625 16.868 17.087 17.282 17.454 17.420 17.382 17.357 17.346 17.348 17.364 17.393 17.436 17.492 17.562 17.646 17.743 17.780 17.823 17.878 17.945 18.024 18.115 18.217 18.332 18.458 18.596 18.746 18.908 18.320 17.619 16.916 16.212 15.506 14.799 14.090 13.380 12.669 11.956 11.242 10.526 10.306 10.135 9.950 9.752 9.540 9.315 9.076 8.825 8.559 8.281 7.989 7.683 7.707 7.785 7.941 8.158 8.379 8.604 8.833 9.066 9.304 9.545 9.791 10.041 10.291 10.553
14.706 14.984 15.239 15.470 15.677 15.861 16.022 16.159 16.272 16.362 16.376 16.385 16.408 16.444 16.494 16.557 16.634 16.724 16.828 16.946 17.077 17.221 17.322 17.419 17.527 17.647 17.779 17.923 18.079 18.246 18.426 18.617 18.821 19.036 18.562 17.854 17.144 16.434 15.721 15.008 14.292 13.576 12.858 12.138 11.418 10.695 10.361 10.130 9.885 9.627 9.356 9.103 8.883 8.673 8.474 8.286 8.108 7.940 8.085 8.312 8.543 8.778 9.017 9.261 9.508 9.760 10.015 10.275 10.539 10.808 11.104 11.418
14.376 14.572 14.744 14.893 15.018 15.120 15.199 15.254 15.285 15.293 15.320 15.377 15.447 15.531 15.629 15.739 15.864 16.002 16.153 16.318 16.497 16.689 16.852 17.001 17.163 17.336 17.521 17.718 17.927 18.148 18.381 18.625 18.882 19.150 18.805 18.090 17.374 16.657 15.938 15.218 14.496 13.773 13.029 12.282 11.546 10.822 10.421 10.195 9.979 9.774 9.580 9.396 9.223 9.060 8.908 8.767 8.636 8.516 8.644 8.890 9.139 9.393 9.650 9.912 10.178 10.448 10.722 11.000 11.283 11.569 11.905 12.269
14.068 14.182 14.272 14.339 14.382 14.402 14.399 14.371 14.321 14.247 14.254 14.358 14.476 14.607 14.752 14.911 15.082 15.268 15.467 15.679 15.905 16.145 16.368 16.571 16.786 17.012 17.251 17.501 17.763 18.037 18.322 18.620 18.930 19.197 18.910 18.122 17.345 16.580 15.826 15.084 14.354 13.635 12.927 12.231 11.547 10.874 10.466 10.287 10.119 9.961 9.814 9.677 9.551 9.436 9.331 9.236 9.153 9.080 9.199 9.462 9.730 10.002 10.278 10.558 10.842 11.131 11.423 11.720 12.021 12.326 12.692 13.108
13.782 13.814 13.823 13.807 13.769 13.707 13.621 13.512 13.380 13.224 13.177 13.328 13.494 13.673 13.865 14.071 14.290 14.523 14.769 15.029 15.302 15.589 15.872 16.128 16.385 16.637 16.885 17.131 17.373 17.612 17.847 18.080 18.309 18.535 18.385 17.649 16.923 16.209 15.507 14.816 14.137 13.469 12.813 12.169 11.536 10.914 10.500 10.368 10.247 10.136 10.036 9.947 9.868 9.799 9.742 9.694 9.658 9.632 9.748 10.030 10.316 10.606 10.901 11.199 11.502 11.809 12.119 12.434 12.754 13.077 13.467 13.935
13.520 13.469 13.396 13.299 13.178 13.034 12.867 12.676 12.462 12.225 12.089 12.288 12.500 12.727 12.966 13.220 13.515 13.907 14.264 14.589 14.879 15.136 15.372 15.616 15.856 16.094 16.328 16.559 16.787 17.012 17.233 17.451 17.666 17.877 17.849 17.163 16.489 15.827 15.176 14.536 13.908 13.292 12.687 12.094 11.512 10.942 10.523 10.438 10.364 10.300 10.247 10.205 10.173 10.152 10.141 10.141 10.151 10.172 10.292 10.593 10.897 11.206 11.518 11.835 12.156 12.481 12.810 13.144 13.481 13.823 14.230 14.748
13.279 13.147 12.992 12.813 12.610 12.385 12.136 11.863 11.567 11.334 11.364 11.840 12.283 12.691 13.066 13.408 13.715 13.990 14.230 14.437 14.610 14.750 14.876 15.106 15.332 15.555 15.775 15.992 16.205 16.416 16.623 16.827 17.027 17.225 17.300 16.666 16.043 15.432 14.833 14.244 13.668 13.103 12.549 12.007 11.477 10.957 10.534 10.496 10.469 10.453 10.447 10.451 10.466 10.492 10.528 10.575 10.633 10.701 10.832 11.150 11.473 11.800 12.131 12.466 12.805 13.149 13.496 13.848 14.203 14.563 14.979 15.549
13.061 12.847 12.657 12.534 12.434 12.356 12.299 12.265 12.253 12.263 12.299 12.658 12.983 13.274 13.531 13.756 13.946 14.103 14.226 14.316 14.372 14.394 14.390 14.600 14.812 15.021 15.227 15.429 15.628 15.824 16.017 16.207 16.393 16.576 16.740 16.157 15.586 15.026 14.478 13.941 13.415 12.901 12.399 11.908 11.429 10.961 10.534 10.543 10.563 10.594 10.635 10.687 10.749 10.821 10.905 10.998 11.103 11.218 11.366 11.703 12.044 12.389 12.738 13.092 13.449 13.811 14.177 14.547 14.921 15.299 15.716 16.337
13.183 13.093 13.026 12.980 12.957 12.956 12.976 13.019 13.084 13.171 13.280 13.505 13.712 13.886 14.027 14.133 14.207 14.246 14.252 14.225 14.164 14.069 13.947 14.098 14.296 14.491 14.682 14.871 15.056 15.237 15.416 15.591 15.763 15.932 16.098 15.637 15.116 14.608 14.111 13.625 13.151 12.688 12.237 11.797 11.369 10.952 10.547 10.579 10.646 10.724 10.812 10.910 11.019 11.139 11.269 11.410 11.561 11.723 11.896 12.250 12.609 12.973 13.341 13.712 14.088 14.468 14.852 15.240 15.633 15.997 16.334 16.942
13.377 13.364 13.374 13.405 13.459 13.534 13.632 13.751 13.893 14.057 14.242 14.382 14.472 14.528 14.552 14.541 14.497 14.420 14.309 14.164 13.986 13.774 13.535 13.601 13.785 13.965 14.142 14.316 14.487 14.655 14.819 14.980 15.138 15.292 15.444 15.104 14.635 14.178 13.732 13.297 12.874 12.463 12.062 11.674 11.297 10.931 10.577 10.604 10.718 10.842 10.977 11.123 11.279 11.445 11.622 11.810 12.008 12.217 12.436 12.792 13.155 13.499 13.840 14.176 14.508 14.836 15.160 15.479 15.795 16.106 16.413 17.079
13.550 13.614 13.700 13.809 13.939 14.091 14.266 14.462 14.681 14.921 15.183 15.288 15.261 15.200 15.106 14.979 14.818 14.623 14.395 14.134 13.839 13.510 13.153 13.108 13.278 13.444 13.607 13.766 13.923 14.076 14.226 14.373 14.517 14.657 14.794 14.560 14.142 13.736 13.341 12.958 12.586 12.225 11.876 11.539 11.213 10.898 10.595 10.617 10.778 10.949 11.131 11.327 11.530 11.735 11.943 12.153 12.365 12.579 12.796 13.103 13.433 13.759 14.081 14.399 14.713 15.022 15.328 15.629 15.926 16.219 16.508 17.198
13.702 13.843 14.006 14.191 14.398 14.627 14.878 15.152 15.447 15.764 16.103 16.223 16.079 15.902 15.691 15.447 15.169 14.857 14.512 14.134 13.722 13.277 12.802 12.620 12.775 12.927 13.075 13.221 13.363 13.502 13.638 13.771 13.900 14.026 14.149 14.005 13.638 13.282 12.939 12.606 12.285 11.976 11.687 11.420 11.169 10.933 10.713 10.747 10.951 11.157 11.366 11.577 11.790 12.006 12.223 12.444 12.666 12.891 13.117 13.403 13.715 14.022 14.326 14.626 14.921 15.212 15.500 15.783 16.062 16.336 16.607 17.297
13.833 14.051 14.291 14.552 14.836 15.142 15.470 15.820 16.191 16.585 17.001 17.189 16.928 16.633 16.305 15.944 15.549 15.121 14.659 14.164 13.636 13.074 12.482 12.135 12.276 12.414 12.548 12.680 12.808 12.933 13.054 13.173 13.288 13.397 13.508 13.447 13.142 12.852 12.577 12.318 12.074 11.845 11.631 11.432 11.248 11.080 10.927 10.954 11.168 11.384 11.603 11.824 12.048 12.274 12.501 12.732 12.964 13.199 13.436 13.706 14.000 14.289 14.575 14.856 15.133 15.406 15.675 15.940 16.201 16.457 16.710 17.377
13.943 14.237 14.554 14.893 15.253 15.635 16.040 16.466 16.914 17.385 17.877 18.183 17.805 17.394 16.949 16.471 15.960 15.415 14.837 14.225 13.580 12.901 12.192 11.655 11.750 11.825 11.909 12.000 12.100 12.207 12.323 12.446 12.578 12.717 12.865 12.902 12.664 12.442 12.235 12.043 11.866 11.705 11.558 11.427 11.311 11.211 11.125 11.158 11.382 11.609 11.838 12.069 12.303 12.539 12.777 13.017 13.260 13.505 13.752 14.014 14.289 14.560 14.827 15.091 15.349 15.604 15.855 16.102 16.344 16.582 16.817 17.438
14.032 14.403 14.796 15.212 15.649 16.108 16.589 17.091 17.616 18.163 18.732 19.207 18.713 18.185 17.623 17.028 16.386 15.554 14.719 13.881 13.041 12.198 11.366 10.637 10.740 10.852 10.971 11.098 11.233 11.377 11.528 11.687 11.854 12.030 12.213 12.341 12.171 12.016 11.876 11.752 11.643 11.549 11.470 11.406 11.358 11.325 11.307 11.359 11.593 11.830 12.069 12.311 12.555 12.801 13.049 13.300 13.553 13.808 14.065 14.325 14.582 14.835 15.084 15.329 15.569 15.806 16.039 16.267 16.491 16.711 16.927 17.481
14.100 14.548 15.018 15.510 16.023 16.559 17.116 17.695 18.297 18.880 19.272 19.656 18.854 18.023 17.190 16.353 15.514 14.673 13.829 12.982 12.132 11.280 10.438 9.607 9.723 9.870 10.025 10.188 10.359 10.538 10.725 10.920 11.123 11.334 11.553 11.763 11.661 11.574 11.502 11.445 11.403 11.377 11.366 11.369 11.388 11.422 11.472 11.557 11.802 12.049 12.298 12.550 12.804 13.060 13.319 13.580 13.843 14.108 14.376 14.640 14.879 15.113 15.344 15.571 15.793 16.012 16.226 16.436 16.642 16.844 17.042 17.504
14.148 14.672 15.185 15.612 16.029 16.436 16.834 17.223 17.602 17.971 18.331 18.681 18.023 17.183 16.340 15.494 14.646 13.795 12.942 12.086 11.227 10.366 9.515 8.675 8.699 8.881 9.072 9.271 9.478 9.692 9.915 10.146 10.384 10.631 10.886 11.148 11.136 11.116 11.111 11.122 11.148 11.189 11.245 11.316 11.402 11.504 11.621 11.753 12.008 12.265 12.525 12.786 13.050 13.317 13.586 13.856 14.130 14.405 14.683 14.958 15.179 15.396 15.608 15.817 16.021 16.221 16.417 16.609 16.797 16.981 17.160 17.509
13.701 14.114 14.517 14.911 15.295 15.669 16.034 16.390 16.736 17.072 17.399 17.716 17.195 16.345 15.493 14.639 13.781 12.921 12.059 11.194 10.326 9.456 8.595 7.746 7.666 7.885 8.111 8.346 8.588 8.838 9.097 9.363 9.637 9.920 10.210 10.508 10.595 10.642 10.705 10.783 10.876 10.984 11.108 11.246 11.400 11.569 11.753 11.952 12.211 12.478 12.748 13.020 13.294 13.571 13.850 14.131 14.414 14.700 14.988 15.278 15.483 15.682 15.876 16.066 16.252 16.434 16.612 16.786 16.956 17.121 17.252 17.380
13.109 13.489 13.859 14.219 14.570 14.912 15.244 15.567 15.880 16.183 16.477 16.761 16.371 15.512 14.651 13.787 12.921 12.051 11.180 10.305 9.429 8.549 7.679 6.820 6.626 6.880 7.142 7.413 7.691 7.977 8.271 8.573 8.883 9.201 9.527 9.860 10.037 10.153 10.283 10.428 10.589 10.764 10.955 11.161 11.382 11.618 11.869 12.136 12.411 12.689 12.969 13.251 13.535 13.822 14.111 14.402 14.696 14.991 15.289 15.590 15.791 15.979 16.161 16.318 16.452 16.562 16.647 16.709 16.747 16.761 16.751 16.717
12.526 12.873 13.210 13.538 13.856 14.165 14.464 14.753 15.033 15.304 15.565 15.817 15.550 14.682 13.812 12.939 12.063 11.185 10.304 9.421 8.535 7.646 6.767 5.899 5.578 5.868 6.166 6.472 6.786 7.107 7.437 7.775 8.120 8.474 8.835 9.205 9.465 9.647 9.845 10.057 10.285 10.528 10.786 11.059 11.347 11.651 11.969 12.303 12.609 12.897 13.187 13.479 13.752 14.011 14.298 14.613 14.956 15.327 15.725 16.152 16.358 16.457 16.532 16.584 16.611 16.615 16.595 16.551 16.483 16.391 16.275 16.135
11.953 12.267 12.571 12.866 13.151 13.427 13.693 13.950 14.197 14.435 14.663 14.882 14.734 13.857 12.977 12.095 11.210 10.323 9.433 8.540 7.645 6.747 5.859 4.981 4.523 4.849 5.182 5.523 5.873 6.230 6.595 6.968 7.350 7.739 8.136 8.541 8.876 9.126 9.390 9.670 9.965 10.275 10.601 10.926 11.220 11.494 11.749 11.985 12.221 12.493 12.792 13.119 13.475 13.858 14.269 14.708 15.174 15.669 16.191 16.742 16.965 16.958 16.928 16.873 16.795 16.693 16.566 16.416 16.242 16.044 15.823 15.577
11.390 11.671 11.942 12.204 12.456 12.699 12.933 13.156 13.371 13.576 13.771 13.957 13.920 13.034 12.146 11.254 10.360 9.464 8.565 7.663 6.759 5.852 4.954 4.067 3.460 3.821 4.190 4.567 4.952 5.345 5.746 6.155 6.571 6.996 7.474 8.010 8.474 8.818 9.142 9.447 9.732 9.998 10.245 10.472 10.680 10.868 11.037 11.186 11.420 11.815 12.239 12.690 13.169 13.676 14.210 14.773 15.363 15.982 16.628 17.302 17.596 17.484 17.347 17.187 17.002 16.794 16.562 16.306 16.026 15.723 15.395 15.044
10.836 11.084 11.323 11.552 11.771 11.981 12.182 12.373 12.554 12.726 12.889 13.042 13.111 12.216 11.318 10.417 9.514 8.609 7.700 6.790 5.876 4.960 4.053 3.157 2.390 2.890 3.539 4.163 4.763 5.337 5.887 6.413 6.913 7.389 7.840 8.266 8.643 8.901 9.139 9.358 9.557 9.737 9.898 10.039 10.160 10.263 10.346 10.409 10.590 11.109 11.656 12.231 12.834 13.464 14.123 14.809 15.523 16.265 17.035 17.833 18.251 18.033 17.790 17.524 17.234 16.920 16.582 16.220 15.835 15.425 14.992 14.535
10.289 10.507 10.713 10.909 11.096 11.273 11.440 11.599 11.747 11.886 12.016 12.136 12.247 11.401 10.494 9.584 8.672 7.799 7.204 6.621 6.048 5.486 4.910 4.318 3.734 4.271 4.810 5.324 5.814 6.279 6.719 7.134 7.525 7.891 8.232 8.549 8.833 9.005 9.157 9.290 9.403 9.497 9.572 9.627 9.663 9.679 9.676 9.654 9.732 10.375 11.045 11.744 12.470 13.224 14.006 14.816 15.654 16.519 17.413 18.334 18.930 18.605 18.257 17.885 17.489 17.070 16.626 16.159 15.667 15.152 14.613 14.050
9.739 9.940 10.113 10.276 10.430 10.574 10.709 10.834 10.950 11.057 11.205 11.558 11.935 11.512 10.911 10.321 9.743 9.175 8.617 8.071 7.536 7.011 6.472 5.918 5.372 5.677 6.106 6.511 6.891 7.246 7.577 7.882 8.163 8.420 8.652 8.859 9.041 9.130 9.196 9.243 9.270 9.278 9.267 9.236 9.186 9.117 9.028 8.920 8.845 9.612 10.406 11.228 12.078 12.955 13.861 14.794 15.755 16.744 17.761 18.806 19.632 19.202 18.748 18.270 17.769 17.243 16.694 16.121 15.524 14.903 14.259 13.590
9.184 9.382 9.522 9.689 9.956 10.247 10.563 10.903 11.267 11.655 12.068 12.505 12.967 12.727 12.163 11.611 11.069 10.539 10.019 9.510 9.012 8.525 8.023 7.507 6.999 7.109 7.429 7.724 7.994 8.240 8.460 8.657 8.828 8.975 9.097 9.195 9.267 9.276 9.256 9.217 9.158 9.081 8.983 8.867 8.731 8.576 8.401 8.207 7.994 8.820 9.738 10.683 11.656 12.658 13.686 14.743 15.828 16.940 18.080 19.248 20.358 19.822 19.263 18.679 18.072 17.441 16.786 16.108 15.405 14.679 13.929 13.155
8.988 9.307 9.610 9.937 10.288 10.664 11.064 11.488 11.937 12.410 12.907 13.429 13.975 13.930 13.404 12.889 12.385 11.892 11.409 10.937 10.476 10.026 9.563 9.084 8.614 8.567 8.777 8.962 9.123 9.259 9.371 9.457 9.519 9.557 9.569 9.557 9.521 9.442 9.337 9.212 9.068 8.904 8.721 8.519 8.297 8.056 7.796 7.516 7.217 8.000 9.041 10.110 11.206 12.331 13.483 14.663 15.871 17.106 18.370 19.661 20.980 20.466 19.801 19.112 18.399 17.663 16.902 16.118 15.310 14.479 13.623 12.744
9.024 9.362 9.749 10.161 10.597 11.057 11.542 12.051 12.584 13.141 13.723 14.329 14.960 15.122 14.634 14.156 13.689 13.233 12.788 12.353 11.930 11.517 11.091 10.650 10.217 10.051 10.151 10.227 10.278 10.305 10.307 10.284 10.237 10.165 10.068 9.947 9.801 9.630 9.439 9.228 8.998 8.749 8.480 8.192 7.885 7.558 7.212 6.847 6.462 7.151 8.315 9.507 10.727 11.975 13.251 14.554 15.885 17.244 18.630 20.044 21.486 21.133 20.363 19.541 18.666 17.802 16.949 16.107 15.276 14.456 13.647 12.849
9.071 9.394 9.866 10.362 10.882 11.427 11.996 12.589 13.207 13.849 14.515 15.206 15.920 16.303 15.852 15.411 14.982 14.563 14.155 13.758 13.371 12.996 12.607 12.204 11.809 11.560 11.551 11.518 11.459 11.377 11.269 11.137 10.980 10.799 10.593 10.362 10.107 9.838 9.561 9.265 8.949 8.614 8.260 7.887 7.494 7.081 6.650 6.199 5.729 6.273 7.561 8.877 10.220 11.591 13.027 14.527 15.974 17.367 18.707 19.993 21.227 20.973 20.124 19.286 18.460 17.644 16.839 16.045 15.262 14.491 13.730 12.980
