DATA/SHG/ECMWF/20170628/EN-32/20170706.en-32.asc
ncols        190
nrows        64
xllcorner    -5100000.000000000000
yllcorner    4130000.000000000000
cellsize     10000.000000000000
NODATA_value  -99999.000
[rows 0 to 32 of 64, columns 74 to 147 of 190]
0.993 0.965 0.950 0.946 0.955 0.976 1.009 1.035 1.019 1.000 0.980 0.959 0.936 0.913 0.889 0.864 0.837 0.810 0.781 0.787 0.911 1.036 1.164 1.293 1.424 1.557 1.692 1.828 1.966 2.106 2.247 2.396 2.575 2.772 2.985 3.217 3.465 3.731 4.014 4.314 4.632 4.968 5.320 5.594 5.575 5.551 5.522 5.488 5.449 5.405 5.357 5.303 5.245 5.181 5.113 5.033 4.926 4.813 4.693 4.568 4.437 4.300 4.157 4.007 3.852 3.691 3.524 3.503 3.916 4.339 4.772 5.215 5.669 6.133
0.768 0.832 0.902 0.959 1.005 1.039 1.061 1.067 1.045 1.023 0.999 0.974 0.948 0.921 0.893 0.864 0.834 0.803 0.771 0.755 0.887 1.020 1.156 1.293 1.432 1.572 1.715 1.859 2.005 2.152 2.301 2.463 2.720 2.994 3.285 3.594 3.920 4.263 4.624 5.002 5.398 5.810 6.241 6.626 6.584 6.538 6.487 6.431 6.370 6.304 6.234 6.158 6.077 5.992 5.902 5.802 5.668 5.528 5.382 5.229 5.071 4.907 4.737 4.560 4.378 4.190 3.996 3.895 4.353 4.822 5.301 5.790 6.290 6.799
1.067 1.107 1.135 1.151 1.155 1.148 1.128 1.098 1.072 1.046 1.018 0.990 0.961 0.930 0.899 0.866 0.832 0.798 0.762 0.726 0.861 1.002 1.146 1.291 1.437 1.586 1.736 1.887 2.041 2.196 2.353 2.512 2.845 3.197 3.566 3.952 4.356 4.776 5.215 5.670 6.143 6.633 7.141 7.661 7.597 7.529 7.456 7.378 7.295 7.207 7.114 7.017 6.914 6.807 6.694 6.576 6.415 6.248 6.075 5.896 5.710 5.519 5.322 5.119 4.909 4.694 4.473 4.290 4.823 5.364 5.911 6.466 7.028 7.598
1.394 1.392 1.378 1.353 1.316 1.267 1.206 1.133 1.100 1.070 1.039 1.007 0.974 0.940 0.905 0.869 0.832 0.793 0.754 0.714 0.833 0.982 1.133 1.286 1.441 1.597 1.755 1.914 2.075 2.238 2.403 2.570 2.951 3.380 3.827 4.290 4.771 5.270 5.786 6.319 6.869 7.436 8.021 8.624 8.614 8.524 8.429 8.329 8.224 8.114 7.999 7.879 7.755 7.625 7.491 7.352 7.168 6.974 6.755 6.524 6.302 6.089 5.884 5.688 5.501 5.322 5.152 4.991 5.506 6.079 6.659 7.246 7.841 8.443
1.731 1.688 1.633 1.566 1.487 1.397 1.294 1.180 1.129 1.095 1.061 1.025 0.988 0.951 0.912 0.872 0.831 0.790 0.747 0.703 0.804 0.961 1.119 1.280 1.442 1.606 1.771 1.939 2.108 2.279 2.451 2.625 3.038 3.544 4.068 4.609 5.168 5.744 6.337 6.947 7.575 8.220 8.882 9.562 9.635 9.523 9.405 9.283 9.156 8.952 8.703 8.473 8.262 8.069 7.896 7.742 7.539 7.330 7.129 6.937 6.753 6.578 6.412 6.255 6.106 5.965 5.834 5.711 6.180 6.786 7.398 8.018 8.646 9.280
2.079 1.994 1.898 1.789 1.669 1.537 1.394 1.238 1.159 1.121 1.083 1.044 1.004 0.962 0.920 0.877 0.832 0.787 0.740 0.693 0.772 0.937 1.103 1.271 1.441 1.613 1.786 1.961 2.138 2.317 2.497 2.679 3.105 3.689 4.290 4.909 5.545 6.198 6.868 7.556 8.189 8.754 9.288 9.792 9.779 9.520 9.279 9.058 8.855 8.672 8.507 8.361 8.234 8.126 8.037 7.967 7.827 7.656 7.494 7.340 7.195 7.058 6.931 6.811 6.701 6.599 6.506 6.422 6.846 7.484 8.129 8.782 9.442 10.109
2.437 2.311 2.173 2.024 1.862 1.689 1.504 1.307 1.189 1.148 1.107 1.064 1.020 0.975 0.929 0.882 0.834 0.785 0.735 0.684 0.738 0.911 1.085 1.261 1.439 1.618 1.799 1.982 2.167 2.353 2.541 2.784 3.273 3.944 4.585 5.196 5.777 6.327 6.848 7.338 7.798 8.228 8.628 8.998 9.057 8.882 8.726 8.589 8.471 8.372 8.291 8.230 8.187 8.163 8.158 8.172 8.105 7.973 7.849 7.734 7.627 7.529 7.440 7.359 7.287 7.223 7.169 7.123 7.504 8.174 8.852 9.537 10.229 10.929
2.806 2.639 2.460 2.269 2.066 1.851 1.625 1.387 1.221 1.176 1.131 1.085 1.037 0.989 0.939 0.889 0.837 0.784 0.731 0.676 0.703 0.883 1.090 1.318 1.558 1.810 2.074 2.349 2.636 2.936 3.247 3.570 3.989 4.526 5.033 5.509 5.955 6.372 6.758 7.114 7.440 7.735 8.001 8.237 8.316 8.226 8.154 8.101 8.067 8.052 8.056 8.079 8.120 8.181 8.260 8.358 8.374 8.280 8.195 8.118 8.050 7.990 7.939 7.897 7.863 7.838 7.822 7.814 8.153 8.856 9.566 10.284 11.008 11.740
3.186 2.977 2.756 2.524 2.280 2.024 1.757 1.477 1.253 1.205 1.156 1.106 1.055 1.003 0.956 0.933 0.909 0.883 0.855 0.826 0.858 1.115 1.384 1.665 1.958 2.263 2.580 2.909 3.249 3.601 3.966 4.342 4.738 5.140 5.512 5.854 6.166 6.448 6.700 6.922 7.114 7.276 7.407 7.509 7.556 7.550 7.562 7.594 7.644 7.713 7.801 7.908 8.034 8.178 8.342 8.524 8.634 8.578 8.531 8.493 8.463 8.442 8.429 8.425 8.430 8.443 8.465 8.496 8.794 9.529 10.272 11.022 11.779 12.544
3.576 3.326 3.064 2.790 2.505 2.208 1.899 1.585 1.329 1.310 1.289 1.266 1.242 1.217 1.190 1.162 1.132 1.101 1.069 1.035 1.031 1.342 1.664 1.998 2.344 2.702 3.072 3.454 3.848 4.253 4.670 5.100 5.518 5.786 6.024 6.232 6.410 6.558 6.676 6.763 6.821 6.849 6.846 6.814 6.777 6.855 6.952 7.067 7.202 7.355 7.527 7.718 7.928 8.156 8.404 8.670 8.885 8.867 8.859 8.858 8.867 8.884 8.910 8.944 8.987 9.039 9.099 9.168 9.426 10.194 10.969 11.752 12.541 13.338
3.939 3.584 3.246 2.926 2.624 2.339 2.073 1.823 1.594 1.569 1.543 1.516 1.487 1.456 1.425 1.391 1.357 1.321 1.283 1.244 1.201 1.555 1.930 2.317 2.717 3.128 3.551 3.985 4.432 4.890 5.361 5.843 6.330 6.464 6.568 6.642 6.686 6.700 6.683 6.637 6.561 6.455 6.318 6.152 5.979 6.141 6.322 6.522 6.740 6.977 7.234 7.508 7.802 8.115 8.446 8.796 9.126 9.147 9.177 9.215 9.262 9.317 9.381 9.454 9.535 9.625 9.723 9.831 10.050 10.851 11.658 12.473 13.295 14.125
3.730 3.436 3.160 2.902 2.661 2.438 2.233 2.045 1.875 1.830 1.799 1.766 1.732 1.697 1.660 1.622 1.582 1.541 1.499 1.455 1.407 1.754 2.182 2.623 3.075 3.539 4.015 4.503 5.002 5.514 6.037 6.572 7.119 7.174 7.144 7.084 6.994 6.874 6.724 6.544 6.334 6.094 5.823 5.523 5.193 5.408 5.673 5.957 6.259 6.581 6.921 7.279 7.657 8.054 8.469 8.903 9.356 9.417 9.485 9.562 9.647 9.741 9.843 9.954 10.073 10.201 10.338 10.457 10.583 11.374 12.184 13.014 13.864 14.734
3.504 3.272 3.058 2.861 2.682 2.521 2.377 2.251 2.142 2.092 2.056 2.018 1.979 1.939 1.897 1.854 1.809 1.763 1.716 1.667 1.613 1.939 2.421 2.914 3.419 3.936 4.465 5.006 5.558 6.123 6.699 7.287 7.887 7.915 7.752 7.558 7.334 7.080 6.796 6.483 6.139 5.765 5.361 4.928 4.464 4.657 5.005 5.373 5.759 6.164 6.588 7.031 7.493 7.973 8.472 8.990 9.527 9.679 9.756 9.811 9.875 9.948 10.031 10.123 10.223 10.334 10.453 10.581 10.719 11.548 12.446 13.364 14.302 15.259
3.263 3.092 2.939 2.804 2.687 2.587 2.504 2.440 2.392 2.354 2.313 2.271 2.227 2.181 2.134 2.086 2.037 1.986 1.933 1.879 1.821 2.111 2.646 3.192 3.750 4.320 4.902 5.495 6.101 6.718 7.347 7.988 8.641 8.689 8.391 8.064 7.706 7.319 6.901 6.454 5.977 5.469 4.932 4.365 3.768 3.886 4.318 4.770 5.240 5.754 6.291 6.815 7.327 7.826 8.313 8.788 9.250 9.416 9.503 9.599 9.704 9.818 9.942 10.074 10.216 10.367 10.527 10.697 10.875 11.703 12.689 13.694 14.719 15.764
3.005 2.896 2.805 2.731 2.675 2.636 2.615 2.612 2.626 2.618 2.572 2.524 2.475 2.425 2.373 2.320 2.265 2.209 2.152 2.093 2.029 2.269 2.856 3.456 4.067 4.689 5.324 5.970 6.629 7.299 7.981 8.674 9.380 9.494 9.063 8.602 8.111 7.590 7.039 6.458 5.856 5.270 4.703 4.154 3.624 3.734 4.266 4.784 5.291 5.785 6.266 6.735 7.192 7.637 8.069 8.489 8.896 9.113 9.241 9.378 9.524 9.679 9.843 10.017 10.199 10.391 10.592 10.803 11.022 11.838 12.911 14.004 15.116 16.248
2.731 2.684 2.654 2.642 2.647 2.670 2.710 2.768 2.844 2.882 2.831 2.779 2.725 2.669 2.612 2.554 2.495 2.434 2.371 2.307 2.239 2.413 3.054 3.706 4.369 5.045 5.732 6.432 7.143 7.866 8.600 9.269 9.864 9.941 9.307 8.692 8.096 7.518 6.959 6.419 5.897 5.393 4.908 4.442 3.994 3.997 4.474 4.937 5.389 5.828 6.255 6.669 7.071 7.461 7.838 8.203 8.555 8.801 8.969 9.147 9.334 9.530 9.735 9.950 10.173 10.406 10.648 10.899 11.160 11.953 13.113 14.293 15.493 16.712
2.441 2.455 2.487 2.536 2.602 2.686 2.788 2.907 3.044 3.148 3.091 3.034 2.975 2.915 2.853 2.790 2.725 2.659 2.592 2.523 2.449 2.544 3.214 3.861 4.496 5.120 5.733 6.334 6.924 7.502 8.069 8.625 9.169 9.384 8.833 8.300 7.787 7.291 6.815 6.357 5.917 5.496 5.094 4.710 4.345 4.273 4.694 5.103 5.500 5.884 6.256 6.616 6.963 7.297 7.620 7.930 8.228 8.480 8.689 8.908 9.135 9.372 9.618 9.874 10.138 10.412 10.694 10.986 11.288 12.048 13.295 14.563 15.850 17.156
2.135 2.211 2.303 2.414 2.542 2.687 2.850 3.031 3.229 3.414 3.353 3.290 3.226 3.161 3.091 2.984 2.877 2.772 2.667 2.562 2.459 2.429 3.037 3.633 4.218 4.791 5.354 5.904 6.444 6.972 7.488 7.994 8.487 8.807 8.339 7.889 7.458 7.045 6.651 6.275 5.918 5.579 5.259 4.958 4.675 4.561 4.928 5.282 5.624 5.953 6.270 6.575 6.867 7.147 7.415 7.670 7.913 8.149 8.400 8.659 8.927 9.205 9.492 9.788 10.093 10.408 10.732 11.064 11.406 12.123 13.458 14.812 16.187 17.580
1.813 1.950 2.104 2.276 2.465 2.671 2.896 3.135 3.363 3.574 3.473 3.365 3.258 3.152 3.046 2.942 2.838 2.735 2.633 2.531 2.430 2.331 2.872 3.418 3.953 4.476 4.987 5.488 5.977 6.454 6.921 7.376 7.819 8.211 7.825 7.458 7.109 6.779 6.467 6.173 5.899 5.642 5.405 5.185 4.985 4.862 5.174 5.473 5.760 6.035 6.297 6.547 6.785 7.010 7.223 7.423 7.612 7.810 8.101 8.401 8.711 9.029 9.357 9.694 10.040 10.395 10.759 11.133 11.515 12.178 13.600 15.042 16.503 17.984
1.505 1.789 2.056 2.308 2.544 2.764 2.968 3.156 3.328 3.484 3.417 3.312 3.207 3.104 3.001 2.899 2.798 2.697 2.598 2.499 2.401 2.304 2.721 3.216 3.700 4.173 4.634 5.084 5.523 5.950 6.366 6.771 7.164 7.546 7.292 7.007 6.741 6.493 6.263 6.052 5.860 5.686 5.530 5.393 5.275 5.176 5.433 5.677 5.910 6.129 6.337 6.532 6.715 6.886 7.044 7.190 7.323 7.461 7.793 8.134 8.484 8.844 9.212 9.590 9.977 10.373 10.778 11.192 11.615 12.213 13.722 15.251 16.800 18.368
1.928 2.156 2.369 2.565 2.745 2.910 3.058 3.191 3.308 3.408 3.360 3.257 3.156 3.055 2.955 2.856 2.757 2.659 2.562 2.466 2.371 2.277 2.582 3.027 3.460 3.883 4.294 4.694 5.082 5.459 5.825 6.179 6.522 6.854 6.740 6.537 6.353 6.187 6.040 5.911 5.801 5.709 5.636 5.581 5.545 5.527 5.704 5.894 6.072 6.237 6.390 6.530 6.658 6.774 6.878 6.969 7.048 7.115 7.477 7.858 8.249 8.649 9.059 9.477 9.904 10.341 10.787 11.242 11.713 12.240 13.759 15.227 16.645 18.012
2.366 2.539 2.696 2.836 2.961 3.070 3.163 3.241 3.302 3.347 3.302 3.203 3.104 3.005 2.908 2.811 2.716 2.621 2.526 2.433 2.340 2.249 2.456 2.850 3.234 3.606 3.967 4.316 4.654 4.981 5.297 5.601 5.893 6.175 6.168 6.048 5.946 5.862 5.797 5.750 5.722 5.712 5.721 5.749 5.794 5.859 5.988 6.124 6.246 6.357 6.455 6.541 6.615 6.676 6.725 6.762 6.786 6.798 7.151 7.609 8.118 8.620 9.116 9.605 10.088 10.564 11.033 11.496 11.953 12.403 13.640 14.885 16.078 17.222
2.818 2.935 3.037 3.122 3.192 3.245 3.283 3.305 3.311 3.301 3.244 3.147 3.051 2.955 2.861 2.767 2.674 2.581 2.490 2.399 2.309 2.221 2.342 2.687 3.020 3.342 3.652 3.952 4.240 4.516 4.781 5.035 5.278 5.509 5.577 5.539 5.519 5.517 5.534 5.570 5.624 5.696 5.787 5.896 6.024 6.171 6.285 6.366 6.434 6.490 6.553 6.645 6.739 6.835 6.933 7.033 7.135 7.238 7.628 8.114 8.594 9.068 9.535 9.995 10.449 10.896 11.337 11.771 12.199 12.620 13.572 14.593 15.563 16.482
3.285 3.346 3.392 3.422 3.437 3.435 3.417 3.384 3.334 3.269 3.185 3.091 2.997 2.905 2.813 2.721 2.631 2.541 2.452 2.364 2.277 2.191 2.242 2.536 2.819 3.091 3.351 3.600 3.838 4.064 4.279 4.483 4.676 4.857 4.967 5.010 5.072 5.153 5.252 5.370 5.506 5.692 5.927 6.152 6.367 6.571 6.711 6.804 6.899 6.995 7.094 7.195 7.297 7.401 7.507 7.615 7.725 7.837 8.168 8.626 9.077 9.521 9.959 10.391 10.816 11.235 11.647 12.052 12.451 12.844 13.554 14.351 15.097 15.793
3.765 3.772 3.762 3.737 3.696 3.639 3.566 3.477 3.373 3.252 3.126 3.034 2.944 2.853 2.764 2.676 2.588 2.501 2.415 2.329 2.245 2.161 2.154 2.398 2.631 2.853 3.063 3.262 3.449 3.626 3.791 3.944 4.160 4.481 4.780 5.043 5.295 5.537 5.768 5.988 6.198 6.397 6.585 6.763 6.930 7.087 7.215 7.317 7.420 7.525 7.632 7.741 7.852 7.964 8.079 8.195 8.314 8.434 8.714 9.143 9.565 9.981 10.390 10.793 11.189 11.579 11.963 12.339 12.710 13.074 13.586 14.159 14.682 15.155
4.260 4.211 4.146 4.066 3.969 3.857 3.729 3.585 3.425 3.250 3.066 2.977 2.889 2.802 2.715 2.629 2.544 2.460 2.376 2.293 2.212 2.131 2.079 2.346 2.715 3.074 3.422 3.760 4.088 4.405 4.711 5.007 5.293 5.568 5.825 6.041 6.246 6.440 6.624 6.797 6.960 7.112 7.254 7.384 7.505 7.614 7.717 7.827 7.938 8.052 8.167 8.284 8.404 8.525 8.647 8.772 8.899 9.028 9.266 9.666 10.059 10.446 10.827 11.201 11.569 11.930 12.284 12.632 12.974 13.309 13.668 14.018 14.317 14.566
4.769 4.665 4.545 4.409 4.258 4.090 3.907 3.708 3.493 3.262 3.015 2.919 2.834 2.749 2.665 2.599 2.665 2.762 2.889 3.046 3.212 3.383 3.577 3.907 4.230 4.542 4.844 5.136 5.417 5.687 5.947 6.197 6.436 6.665 6.881 7.049 7.207 7.354 7.491 7.617 7.733 7.838 7.932 8.016 8.089 8.152 8.216 8.334 8.454 8.576 8.700 8.825 8.953 9.082 9.213 9.347 9.482 9.619 9.823 10.195 10.559 10.918 11.270 11.615 11.954 12.286 12.612 12.932 13.245 13.551 13.799 13.926 14.003 14.029
5.292 5.133 4.958 4.767 4.560 4.337 4.099 3.845 3.580 3.339 3.110 3.087 3.137 3.218 3.329 3.470 3.641 3.843 4.076 4.338 4.610 4.887 5.188 5.479 5.755 6.021 6.276 6.521 6.756 6.980 7.194 7.397 7.590 7.772 7.944 8.067 8.178 8.279 8.368 8.447 8.516 8.574 8.621 8.658 8.684 8.700 8.713 8.839 8.967 9.097 9.229 9.363 9.499 9.637 9.777 9.918 10.062 10.207 10.387 10.729 11.065 11.395 11.718 12.035 12.345 12.649 12.946 13.237 13.521 13.799 13.981 13.885 13.738 13.541
5.830 5.592 5.303 5.027 4.765 4.516 4.281 4.059 3.851 3.655 3.474 3.508 3.663 3.849 4.065 4.312 4.589 4.896 5.233 5.601 5.979 6.363 6.770 7.059 7.289 7.509 7.718 7.916 8.105 8.282 8.450 8.606 8.753 8.889 9.015 9.096 9.160 9.213 9.256 9.288 9.309 9.320 9.321 9.311 9.290 9.259 9.217 9.341 9.478 9.616 9.757 9.899 10.043 10.189 10.337 10.487 10.639 10.793 10.956 11.270 11.577 11.878 12.173 12.461 12.742 13.017 13.286 13.548 13.804 14.053 14.212 13.893 13.524 13.104
5.780 5.524 5.282 5.053 4.837 4.635 4.446 4.270 4.108 3.960 3.825 3.900 4.161 4.452 4.773 5.125 5.507 5.920 6.363 6.836 7.319 7.809 8.323 8.650 8.833 9.006 9.169 9.321 9.463 9.594 9.715 9.826 9.926 10.016 10.095 10.134 10.151 10.158 10.153 10.139 10.113 10.077 10.031 9.974 9.906 9.828 9.739 9.840 9.985 10.132 10.281 10.432 10.584 10.739 10.895 11.053 11.213 11.375 11.539 11.816 12.095 12.368 12.633 12.893 13.146 13.392 13.632 13.865 14.092 14.313 14.433 13.776 13.124 12.479
5.653 5.444 5.248 5.065 4.896 4.740 4.598 4.469 4.353 4.251 4.163 4.264 4.630 5.026 5.453 5.910 6.397 6.915 7.463 8.041 8.631 9.227 9.847 10.250 10.387 10.514 10.630 10.736 10.831 10.916 10.991 11.055 11.109 11.153 11.186 11.183 11.153 11.113 11.061 11.000 10.927 10.845 10.751 10.647 10.533 10.408 10.272 10.337 10.490 10.646 10.803 10.962 11.123 11.285 11.450 11.617 11.785 11.955 12.128 12.369 12.619 12.847 13.021 13.164 13.277 13.359 13.411 13.432 13.422 13.382 13.311 12.717 12.093 11.476
5.513 5.351 5.201 5.065 4.943 4.833 4.737 4.655 4.586 4.530 4.488 4.600 5.071 5.572 6.104 6.666 7.259 7.881 8.534 9.218 9.913 10.615 11.341 11.860 11.950 12.031 12.101 12.160 12.210 12.248 12.277 12.295 12.302 12.299 12.286 12.242 12.165 12.078 11.980 11.871 11.752 11.622 11.482 11.331 11.170 10.998 10.815 10.831 10.993 11.156 11.322 11.489 11.640 11.761 11.898 12.052 12.224 12.413 12.619 12.771 12.871 12.941 12.979 12.988 12.965 12.912 12.828 12.714 12.569 12.394 12.187 11.653 11.057 10.468
5.362 5.245 5.142 5.053 4.977 4.914 4.864 4.828 4.806 4.797 4.801 4.907 5.483 6.090 6.727 7.394 8.091 8.819 9.577 10.365 11.166 11.974 12.807 13.479 13.523 13.558 13.581 13.595 13.597 13.590 13.572 13.544 13.505 13.456 13.396 13.311 13.187 13.053 12.908 12.753 12.587 12.410 12.223 12.002 11.701 11.380 11.040 10.898 11.008 11.136 11.280 11.442 11.621 11.817 12.030 12.260 12.507 12.772 13.053 13.167 13.131 13.066 12.969 12.842 12.684 12.496 12.277 12.028 11.748 11.437 11.096 10.584 10.016 9.455
