DATA/SHG/ECMWF/20170628/EN-32/20170628.en-32.asc
ncols        190
nrows        64
xllcorner    -5100000.000000000000
yllcorner    4130000.000000000000
cellsize     10000.000000000000
NODATA_value  -99999.000
[rows 0 to 32 of 64, columns 0 to 73 of 190]
1.730 1.734 1.731 1.723 1.708 1.686 1.659 1.625 1.584 1.664 1.788 1.919 2.057 2.201 2.351 2.508 2.671 2.841 3.018 3.230 3.448 3.546 3.595 3.652 3.717 3.789 3.869 3.957 4.053 4.156 4.267 4.386 4.512 4.535 4.492 4.456 4.425 4.401 4.384 4.372 4.367 4.368 4.376 4.389 4.409 4.609 4.972 5.346 5.732 6.131 6.540 6.962 7.395 7.841 8.298 8.766 9.247 9.676 10.012 10.318 10.594 10.840 11.057 11.243 11.399 11.525 11.622 11.688 11.724 11.506 10.912 10.315 9.715 9.111
1.203 1.185 1.160 1.129 1.092 1.048 0.998 0.942 0.879 0.939 1.087 1.241 1.478 1.712 1.942 2.168 2.388 2.605 2.816 3.023 3.225 3.355 3.432 3.516 3.608 3.708 3.815 3.930 4.053 4.183 4.321 4.467 4.621 4.695 4.674 4.660 4.651 4.649 4.654 4.664 4.681 4.704 4.734 4.769 4.811 4.995 5.399 5.815 6.243 6.683 7.134 7.597 8.072 8.558 9.057 9.567 10.089 10.531 10.761 10.962 11.133 11.274 11.385 11.466 11.517 11.538 11.529 11.490 11.422 11.201 10.595 9.987 9.376 8.761
0.684 0.643 0.596 0.543 0.500 0.521 0.542 0.564 0.587 0.707 0.939 1.167 1.390 1.608 1.822 2.031 2.236 2.435 2.631 2.821 3.007 3.157 3.260 3.372 3.491 3.618 3.753 3.895 4.045 4.203 4.368 4.541 4.722 4.848 4.849 4.857 4.871 4.891 4.917 4.950 4.988 5.033 5.085 5.142 5.206 5.369 5.814 6.272 6.741 7.222 7.715 8.219 8.735 9.263 9.803 10.355 10.918 11.413 11.538 11.634 11.699 11.735 11.741 11.717 11.663 11.579 11.465 11.322 11.156 10.961 10.405 9.864 9.339 8.830
0.408 0.429 0.450 0.472 0.495 0.517 0.541 0.565 0.589 0.673 0.889 1.101 1.307 1.509 1.707 1.900 2.088 2.271 2.450 2.625 2.794 2.950 3.081 3.220 3.366 3.521 3.682 3.852 4.029 4.214 4.406 4.606 4.814 4.994 5.018 5.047 5.083 5.125 5.173 5.228 5.289 5.356 5.429 5.509 5.594 5.730 6.217 6.716 7.226 7.749 8.283 8.829 9.386 9.955 10.537 11.129 11.734 12.322 12.343 12.333 12.278 12.033 11.811 11.610 11.432 11.277 11.143 11.032 10.943 10.876 10.382 9.896 9.426 8.972
0.395 0.418 0.441 0.465 0.489 0.514 0.539 0.564 0.590 0.644 0.844 1.039 1.230 1.415 1.597 1.773 1.945 2.112 2.275 2.433 2.587 2.736 2.894 3.060 3.234 3.415 3.604 3.801 4.005 4.217 4.436 4.664 4.899 5.134 5.180 5.231 5.289 5.353 5.423 5.500 5.582 5.671 5.766 5.868 5.976 6.089 6.607 7.147 7.699 8.263 8.838 9.425 10.024 10.584 10.969 11.333 11.678 12.003 11.819 11.608 11.419 11.252 11.108 10.986 10.886 10.808 10.753 10.720 10.709 10.720 10.345 9.914 9.498 9.098
0.382 0.407 0.432 0.457 0.483 0.509 0.536 0.563 0.591 0.621 0.804 0.983 1.157 1.327 1.492 1.652 1.808 1.959 2.105 2.247 2.384 2.517 2.700 2.893 3.093 3.302 3.518 3.741 3.973 4.212 4.459 4.713 4.975 5.245 5.335 5.408 5.488 5.574 5.666 5.764 5.869 5.980 6.097 6.220 6.350 6.486 6.943 7.398 7.833 8.248 8.643 9.018 9.373 9.708 10.022 10.317 10.592 10.846 10.782 10.649 10.539 10.450 10.384 10.340 10.318 10.319 10.342 10.387 10.454 10.544 10.293 9.917 9.556 9.210
0.369 0.395 0.421 0.449 0.476 0.504 0.533 0.562 0.592 0.622 0.769 0.931 1.089 1.243 1.391 1.536 1.675 1.810 1.940 2.066 2.187 2.303 2.497 2.717 2.945 3.180 3.423 3.674 3.933 4.199 4.473 4.754 5.043 5.340 5.483 5.579 5.680 5.788 5.902 5.986 6.043 6.096 6.148 6.197 6.243 6.287 6.579 6.964 7.329 7.674 7.998 8.303 8.588 8.853 9.097 9.322 9.526 9.711 9.726 9.671 9.639 9.628 9.640 9.674 9.731 9.809 9.910 10.033 10.178 10.346 10.227 9.905 9.598 9.308
0.354 0.382 0.411 0.440 0.469 0.499 0.529 0.560 0.591 0.623 0.739 0.885 1.027 1.164 1.296 1.424 1.548 1.666 1.780 1.890 1.995 2.095 2.286 2.534 2.789 3.051 3.321 3.599 3.885 4.178 4.479 4.787 5.082 5.365 5.512 5.572 5.630 5.685 5.738 5.788 5.836 5.881 5.924 5.964 6.002 6.038 6.236 6.551 6.845 7.120 7.375 7.609 7.824 8.018 8.193 8.347 8.482 8.596 8.649 8.673 8.718 8.786 8.876 8.988 9.122 9.279 9.458 9.659 9.882 10.128 10.146 9.878 9.626 9.390
0.340 0.369 0.399 0.430 0.461 0.493 0.525 0.557 0.591 0.624 0.714 0.844 0.969 1.090 1.206 1.318 1.425 1.528 1.626 1.719 1.808 1.892 2.068 2.342 2.624 2.932 3.236 3.534 3.825 4.111 4.391 4.666 4.934 5.196 5.360 5.411 5.460 5.507 5.551 5.592 5.632 5.668 5.703 5.735 5.764 5.791 5.913 6.158 6.382 6.587 6.771 6.936 7.080 7.205 7.309 7.394 7.459 7.503 7.552 7.654 7.778 7.923 8.091 8.281 8.494 8.728 8.985 9.264 9.565 9.888 10.050 9.837 9.640 9.458
0.324 0.356 0.388 0.420 0.453 0.486 0.520 0.554 0.589 0.625 0.693 0.807 0.917 1.021 1.122 1.217 1.308 1.398 1.509 1.623 1.741 1.862 2.051 2.352 2.647 2.935 3.218 3.495 3.767 4.032 4.291 4.545 4.792 5.034 5.209 5.252 5.293 5.331 5.366 5.400 5.430 5.459 5.485 5.508 5.529 5.547 5.611 5.785 5.940 6.074 6.189 6.283 6.358 6.412 6.447 6.462 6.456 6.431 6.436 6.615 6.817 7.040 7.286 7.554 7.845 8.157 8.492 8.848 9.227 9.628 9.940 9.781 9.638 9.511
0.309 0.342 0.375 0.410 0.444 0.479 0.515 0.551 0.587 0.624 0.677 0.777 0.880 0.986 1.096 1.209 1.325 1.445 1.567 1.693 1.823 1.955 2.123 2.403 2.677 2.945 3.207 3.463 3.714 3.958 4.197 4.430 4.657 4.878 5.062 5.096 5.128 5.158 5.185 5.210 5.232 5.252 5.269 5.284 5.296 5.306 5.329 5.433 5.518 5.582 5.627 5.651 5.656 5.641 5.605 5.550 5.475 5.380 5.299 5.556 5.836 6.137 6.461 6.807 7.175 7.565 7.977 8.412 8.869 9.347 9.815 9.711 9.622 9.549
0.292 0.327 0.363 0.404 0.447 0.487 0.523 0.555 0.584 0.609 0.640 0.751 0.866 0.984 1.105 1.230 1.357 1.488 1.623 1.760 1.901 2.045 2.200 2.459 2.713 2.960 3.202 3.437 3.667 3.891 4.109 4.321 4.528 4.728 4.917 4.943 4.967 4.988 5.006 5.022 5.036 5.047 5.056 5.063 5.067 5.068 5.067 5.102 5.116 5.111 5.085 5.040 4.975 4.890 4.785 4.660 4.515 4.350 4.165 4.477 4.835 5.214 5.616 6.039 6.485 6.953 7.443 7.982 8.527 9.045 9.536 9.461 9.332 9.198
0.356 0.397 0.435 0.469 0.499 0.526 0.549 0.569 0.584 0.596 0.604 0.722 0.848 0.978 1.110 1.246 1.386 1.528 1.674 1.823 1.975 2.131 2.290 2.522 2.755 2.982 3.203 3.418 3.627 3.830 4.027 4.219 4.404 4.584 4.758 4.792 4.807 4.820 4.830 4.838 4.843 4.846 4.846 4.844 4.840 4.833 4.823 4.790 4.735 4.660 4.565 4.450 4.315 4.160 3.985 3.790 3.575 3.340 3.086 3.379 3.969 4.606 5.216 5.800 6.357 6.889 7.394 7.873 8.325 8.751 9.151 9.121 8.973 8.820
0.464 0.492 0.517 0.538 0.556 0.569 0.579 0.586 0.588 0.587 0.582 0.689 0.827 0.968 1.112 1.260 1.411 1.565 1.722 1.883 2.046 2.214 2.384 2.591 2.803 3.009 3.210 3.404 3.592 3.775 3.952 4.123 4.288 4.447 4.600 4.645 4.651 4.655 4.657 4.656 4.653 4.647 4.639 4.628 4.615 4.600 4.582 4.499 4.374 4.229 4.064 3.880 3.675 3.599 3.561 3.536 3.525 3.527 3.543 3.956 4.527 5.072 5.590 6.082 6.548 6.988 7.401 7.788 8.149 8.483 8.791 8.786 8.620 8.448
0.576 0.592 0.603 0.611 0.616 0.616 0.613 0.607 0.596 0.582 0.564 0.653 0.802 0.955 1.111 1.270 1.432 1.597 1.766 1.938 2.114 2.292 2.474 2.666 2.857 3.043 3.223 3.396 3.564 3.726 3.882 4.033 4.177 4.316 4.448 4.499 4.497 4.493 4.486 4.477 4.465 4.451 4.434 4.415 4.394 4.370 4.405 4.375 4.303 4.245 4.200 4.168 4.150 4.146 4.155 4.177 4.213 4.262 4.324 4.631 5.110 5.562 5.989 6.389 6.763 7.111 7.433 7.728 7.997 8.240 8.457 8.457 8.272 8.081
0.692 0.695 0.693 0.688 0.680 0.667 0.651 0.632 0.608 0.581 0.550 0.613 0.774 0.938 1.105 1.276 1.450 1.627 1.807 1.991 2.177 2.368 2.561 2.747 2.918 3.083 3.242 3.395 3.542 3.684 3.819 3.949 4.073 4.191 4.303 4.357 4.346 4.334 4.322 4.337 4.358 4.385 4.418 4.456 4.500 4.551 4.607 4.626 4.601 4.590 4.592 4.608 4.636 4.679 4.735 4.804 4.886 4.982 5.092 5.329 5.717 6.078 6.413 6.721 7.004 7.260 7.490 7.693 7.871 8.022 8.147 8.133 7.929 7.720
0.812 0.802 0.787 0.769 0.748 0.722 0.693 0.661 0.624 0.584 0.540 0.570 0.742 0.918 1.097 1.279 1.464 1.652 1.844 2.039 2.238 2.439 2.644 2.834 2.984 3.128 3.267 3.399 3.526 3.647 3.762 3.872 3.982 4.092 4.202 4.282 4.300 4.324 4.353 4.389 4.430 4.478 4.531 4.590 4.655 4.726 4.802 4.864 4.886 4.922 4.971 5.033 5.109 5.198 5.300 5.416 5.546 5.689 5.845 6.052 6.348 6.617 6.861 7.078 7.268 7.433 7.572 7.684 7.770 7.830 7.863 7.815 7.593 7.365
0.936 0.913 0.885 0.854 0.820 0.781 0.739 0.694 0.644 0.591 0.534 0.523 0.707 0.894 1.084 1.278 1.475 1.675 1.878 2.084 2.294 2.507 2.723 2.927 3.047 3.157 3.266 3.376 3.486 3.596 3.706 3.816 3.926 4.037 4.147 4.245 4.284 4.328 4.378 4.435 4.497 4.564 4.638 4.718 4.803 4.895 4.992 5.088 5.157 5.239 5.335 5.444 5.567 5.703 5.852 6.015 6.191 6.381 6.584 6.800 7.004 7.182 7.333 7.459 7.558 7.631 7.678 7.699 7.694 7.662 7.604 7.503 7.262 7.015
1.064 1.028 0.987 0.943 0.896 0.844 0.789 0.730 0.668 0.602 0.532 0.473 0.668 0.867 1.068 1.273 1.482 1.691 1.898 2.101 2.301 2.497 2.691 2.878 2.987 3.097 3.207 3.317 3.428 3.538 3.649 3.760 3.871 3.982 4.093 4.203 4.262 4.327 4.397 4.474 4.557 4.645 4.739 4.839 4.945 5.057 5.175 5.298 5.414 5.543 5.686 5.842 6.011 6.194 6.390 6.600 6.823 7.059 7.309 7.572 7.684 7.770 7.831 7.865 7.872 7.854 7.810 7.739 7.642 7.520 7.371 7.195 6.936 6.670
1.196 1.146 1.093 1.036 0.975 0.911 0.843 0.771 0.696 0.617 0.547 0.478 0.664 0.876 1.084 1.289 1.490 1.688 1.883 2.075 2.264 2.449 2.631 2.810 2.927 3.038 3.148 3.259 3.370 3.481 3.592 3.703 3.815 3.926 4.038 4.150 4.234 4.319 4.411 4.508 4.611 4.720 4.835 4.955 5.082 5.214 5.352 5.496 5.658 5.834 6.023 6.226 6.442 6.672 6.914 7.171 7.440 7.723 8.020 8.330 8.389 8.384 8.352 8.295 8.212 8.102 7.966 7.804 7.616 7.402 7.162 6.896 6.616 6.332
1.332 1.269 1.203 1.144 1.084 1.020 0.955 0.887 0.816 0.743 0.667 0.589 0.722 0.922 1.119 1.312 1.502 1.689 1.873 2.053 2.230 2.404 2.575 2.742 2.867 2.978 3.089 3.200 3.312 3.423 3.535 3.647 3.759 3.871 3.983 4.096 4.200 4.306 4.418 4.535 4.659 4.788 4.924 5.065 5.212 5.364 5.523 5.688 5.887 6.110 6.346 6.596 6.859 7.135 7.425 7.728 8.044 8.374 8.717 9.073 9.118 9.021 8.899 8.750 8.575 8.374 8.147 7.856 7.498 7.141 6.786 6.432 6.140 5.889
1.521 1.459 1.395 1.328 1.258 1.186 1.112 1.035 0.956 0.874 0.790 0.703 0.783 0.971 1.157 1.339 1.518 1.693 1.865 2.034 2.200 2.363 2.522 2.678 2.807 2.918 3.030 3.142 3.254 3.366 3.478 3.590 3.703 3.816 3.928 4.041 4.160 4.286 4.419 4.557 4.701 4.851 5.007 5.168 5.336 5.509 5.688 5.873 6.103 6.373 6.656 6.952 7.262 7.585 7.921 8.270 8.633 9.010 9.399 9.802 9.773 9.409 9.048 8.687 8.328 7.971 7.615 7.260 6.907 6.555 6.205 5.856 5.597 5.417
1.733 1.663 1.589 1.514 1.435 1.355 1.272 1.186 1.098 1.008 0.915 0.819 0.847 1.024 1.198 1.369 1.536 1.701 1.861 2.019 2.174 2.325 2.473 2.618 2.746 2.858 2.970 3.083 3.195 3.308 3.421 3.534 3.647 3.760 3.873 3.987 4.114 4.261 4.414 4.572 4.737 4.907 5.083 5.266 5.453 5.647 5.847 6.052 6.306 6.622 6.952 7.294 7.651 7.928 8.149 8.366 8.579 8.788 8.994 9.197 9.141 8.782 8.426 8.070 7.716 7.364 7.013 6.663 6.315 5.968 5.623 5.279 5.036 4.926
1.948 1.868 1.786 1.702 1.615 1.526 1.434 1.340 1.243 1.144 1.042 0.938 0.915 1.080 1.243 1.402 1.558 1.711 1.861 2.007 2.150 2.290 2.427 2.560 2.686 2.798 2.911 3.024 3.137 3.250 3.364 3.477 3.591 3.704 3.818 3.932 4.062 4.230 4.403 4.582 4.767 4.958 5.154 5.357 5.565 5.779 5.931 6.054 6.207 6.434 6.657 6.876 7.091 7.303 7.511 7.715 7.916 8.112 8.306 8.495 8.508 8.155 7.803 7.453 7.104 6.757 6.411 6.066 5.723 5.381 5.041 4.702 4.457 4.417
2.165 2.077 1.986 1.893 1.797 1.699 1.599 1.496 1.390 1.283 1.172 1.060 0.985 1.140 1.291 1.439 1.584 1.726 1.864 1.999 2.131 2.259 2.385 2.507 2.625 2.738 2.851 2.965 3.079 3.192 3.306 3.420 3.534 3.649 3.763 3.878 4.004 4.192 4.386 4.544 4.692 4.832 4.966 5.093 5.213 5.327 5.434 5.535 5.650 5.864 6.074 6.280 6.483 6.682 6.877 7.069 7.257 7.441 7.621 7.798 7.875 7.527 7.180 6.835 6.491 6.149 5.808 5.468 5.130 4.793 4.458 4.124 3.859 3.890
2.381 2.287 2.188 2.086 1.982 1.875 1.766 1.654 1.540 1.424 1.305 1.184 1.060 1.203 1.343 1.479 1.613 1.743 1.870 1.994 2.114 2.232 2.346 2.457 2.564 2.678 2.792 2.906 3.020 3.134 3.249 3.363 3.467 3.563 3.651 3.731 3.806 3.949 4.087 4.217 4.341 4.458 4.569 4.673 4.770 4.861 4.945 5.022 5.097 5.298 5.496 5.689 5.879 6.066 6.248 6.427 6.602 6.774 6.942 7.106 7.242 6.899 6.557 6.217 5.878 5.541 5.205 4.870 4.537 4.205 3.875 3.546 3.244 3.344
2.562 2.500 2.392 2.282 2.169 2.054 1.936 1.815 1.693 1.568 1.440 1.310 1.177 1.269 1.398 1.523 1.645 1.764 1.880 1.992 2.102 2.207 2.310 2.410 2.510 2.638 2.762 2.877 2.985 3.085 3.177 3.261 3.338 3.406 3.467 3.520 3.565 3.676 3.790 3.897 3.998 4.092 4.180 4.260 4.334 4.402 4.463 4.517 4.564 4.737 4.922 5.103 5.280 5.454 5.623 5.790 5.952 6.111 6.266 6.418 6.565 6.270 5.933 5.598 5.264 4.932 4.601 4.271 3.943 3.616 3.291 2.967 2.645 2.781
2.739 2.716 2.599 2.480 2.358 2.234 2.108 1.979 1.848 1.714 1.578 1.439 1.298 1.339 1.456 1.570 1.681 1.805 1.958 2.098 2.226 2.341 2.445 2.536 2.615 2.709 2.805 2.893 2.973 3.046 3.111 3.168 3.217 3.258 3.291 3.317 3.335 3.409 3.500 3.584 3.662 3.733 3.797 3.855 3.906 3.950 3.988 4.019 4.043 4.180 4.352 4.521 4.685 4.846 5.003 5.157 5.307 5.453 5.595 5.734 5.869 5.641 5.309 4.979 4.650 4.323 3.997 3.672 3.349 3.027 2.707 2.388 2.071 2.199
2.913 2.934 2.808 2.681 2.550 2.418 2.283 2.145 2.005 1.863 1.749 1.673 1.601 1.663 1.821 1.967 2.101 2.223 2.332 2.429 2.515 2.587 2.648 2.697 2.733 2.787 2.856 2.917 2.970 3.015 3.053 3.082 3.104 3.118 3.124 3.122 3.113 3.150 3.218 3.279 3.333 3.381 3.422 3.457 3.484 3.506 3.520 3.528 3.529 3.628 3.787 3.943 4.095 4.243 4.387 4.528 4.665 4.799 4.929 5.055 5.177 5.011 4.685 4.359 4.035 3.713 3.392 3.072 2.754 2.438 2.122 1.808 1.496 1.598
3.084 3.154 3.020 2.911 2.820 2.734 2.652 2.574 2.500 2.430 2.365 2.304 2.246 2.263 2.379 2.482 2.573 2.652 2.719 2.774 2.816 2.846 2.864 2.870 2.863 2.874 2.915 2.949 2.975 2.993 3.003 3.005 2.999 2.986 2.965 2.936 2.899 2.898 2.942 2.980 3.012 3.036 3.054 3.066 3.070 3.068 3.060 3.045 3.023 3.080 3.226 3.369 3.509 3.644 3.776 3.904 4.029 4.149 4.267 4.380 4.490 4.381 4.059 3.739 3.420 3.103 2.787 2.472 2.198 1.990 1.787 1.591 1.402 1.525
3.452 3.585 3.501 3.421 3.345 3.273 3.205 3.141 3.082 3.027 2.976 2.929 2.886 2.876 2.949 3.010 3.058 3.094 3.118 3.130 3.130 3.117 3.093 3.056 3.007 2.969 2.983 2.989 2.988 2.978 2.961 2.936 2.903 2.862 2.814 2.758 2.694 2.653 2.674 2.689 2.697 2.699 2.694 2.682 2.663 2.638 2.607 2.569 2.524 2.536 2.670 2.800 2.927 3.050 3.169 3.284 3.396 3.504 3.609 3.710 3.807 3.791 3.561 3.337 3.119 2.907 2.702 2.503 2.309 2.122 1.942 1.767 1.598 1.634
3.930 4.061 3.991 3.925 3.864 3.806 3.753 3.704 3.659 3.618 3.581 3.549 3.520 3.502 3.532 3.550 3.555 3.549 3.530 3.499 3.456 3.401 3.334 3.254 3.163 3.072 3.058 3.037 3.008 2.972 2.927 2.875 2.815 2.747 2.671 2.588 2.496 2.414 2.413 2.405 2.390 2.368 2.340 2.305 2.264 2.216 2.161 2.100 2.032 1.997 2.118 2.235 2.349 2.460 2.644 2.868 3.074 3.261 3.428 3.578 3.708 3.747 3.538 3.335 3.139 2.949 2.765 2.587 2.415 2.249 2.090 1.937 1.789 1.759
4.423 4.519 4.476 4.425 4.378 4.335 4.296 4.261 4.230 4.204 4.181 4.163 4.149 4.139 4.127 4.102 4.065 4.016 3.954 3.881 3.795 3.697 3.587 3.465 3.331 3.184 3.142 3.094 3.038 2.974 2.902 2.822 2.735 2.640 2.537 2.426 2.308 2.183 2.159 2.127 2.089 2.045 1.994 1.936 1.871 1.800 1.722 1.767 1.851 1.925 2.177 2.411 2.627 2.823 3.001 3.160 3.300 3.421 3.523 3.607 3.672 3.697 3.510 3.328 3.153 2.984 2.822 2.665 2.515 2.370 2.232 2.100 1.974 1.899
