DATA/SHG/ECMWF/20170628/EN-32/20170705.en-32.asc
ncols        190
nrows        64
xllcorner    -5100000.000000000000
yllcorner    4130000.000000000000
cellsize     10000.000000000000
NODATA_value  -99999.000
[rows 0 to 31 of 64, columns 0 to 72 of 190]
0.480 0.480 0.480 0.479 0.477 0.475 0.472 0.468 0.464 0.461 0.456 0.447 0.435 0.421 0.402 0.381 0.357 0.329 0.299 0.288 0.284 0.312 0.355 0.398 0.440 0.482 0.523 0.563 0.603 0.642 0.681 0.719 0.756 0.784 0.806 0.829 0.853 0.878 0.903 0.930 0.957 0.985 1.014 1.044 1.075 1.079 1.060 1.042 1.023 1.005 0.987 0.969 0.952 0.935 0.918 0.901 0.885 0.921 1.019 1.118 1.217 1.315 1.414 1.514 1.613 1.713 1.812 1.912 2.012 2.070 2.056 2.037 2.012
0.374 0.372 0.370 0.366 0.363 0.358 0.353 0.347 0.341 0.330 0.313 0.294 0.295 0.295 0.294 0.292 0.288 0.283 0.276 0.268 0.258 0.275 0.317 0.357 0.397 0.437 0.476 0.514 0.552 0.589 0.625 0.661 0.696 0.727 0.752 0.778 0.805 0.833 0.861 0.890 0.921 0.952 0.984 1.016 1.050 1.064 1.046 1.028 1.010 0.993 0.976 0.959 0.943 0.926 0.910 0.895 0.879 0.900 0.999 1.099 1.198 1.297 1.397 1.497 1.597 1.697 1.798 1.898 1.999 2.068 2.035 1.998 1.955
0.269 0.265 0.261 0.255 0.252 0.264 0.278 0.292 0.308 0.317 0.317 0.315 0.312 0.307 0.301 0.294 0.285 0.274 0.262 0.249 0.234 0.239 0.279 0.317 0.355 0.393 0.429 0.466 0.501 0.536 0.571 0.604 0.638 0.669 0.697 0.726 0.756 0.786 0.818 0.850 0.883 0.917 0.952 0.988 1.024 1.048 1.031 1.014 0.997 0.981 0.965 0.949 0.933 0.918 0.903 0.888 0.873 0.880 0.979 1.079 1.179 1.279 1.380 1.480 1.581 1.682 1.783 1.884 1.980 2.060 2.022 1.991 1.966
0.212 0.223 0.236 0.250 0.265 0.281 0.299 0.318 0.338 0.351 0.346 0.339 0.331 0.321 0.310 0.297 0.283 0.267 0.250 0.231 0.211 0.204 0.241 0.278 0.314 0.349 0.384 0.418 0.451 0.484 0.517 0.548 0.579 0.610 0.641 0.673 0.706 0.739 0.774 0.809 0.845 0.882 0.920 0.959 0.998 1.032 1.016 1.000 0.984 0.968 0.953 0.938 0.923 0.909 0.894 0.880 0.867 0.859 0.959 1.059 1.160 1.258 1.355 1.452 1.548 1.644 1.739 1.834 1.928 2.022 2.009 2.002 2.001
0.205 0.221 0.238 0.256 0.276 0.297 0.319 0.342 0.367 0.387 0.377 0.365 0.351 0.336 0.320 0.302 0.282 0.262 0.239 0.216 0.191 0.170 0.205 0.239 0.273 0.306 0.339 0.371 0.402 0.433 0.463 0.493 0.522 0.551 0.585 0.620 0.655 0.692 0.729 0.767 0.806 0.846 0.887 0.928 0.971 1.014 1.000 0.985 0.970 0.956 0.941 0.927 0.913 0.900 0.887 0.873 0.858 0.841 0.929 1.026 1.122 1.218 1.314 1.409 1.503 1.597 1.691 1.784 1.876 1.968 1.990 2.007 2.030
0.196 0.217 0.238 0.261 0.285 0.311 0.337 0.365 0.394 0.424 0.409 0.392 0.373 0.353 0.331 0.308 0.284 0.258 0.230 0.202 0.171 0.139 0.169 0.201 0.233 0.264 0.295 0.325 0.354 0.383 0.411 0.438 0.465 0.492 0.527 0.565 0.604 0.643 0.684 0.725 0.767 0.810 0.853 0.898 0.943 0.989 0.987 0.978 0.968 0.957 0.944 0.931 0.916 0.900 0.884 0.865 0.846 0.826 0.896 0.991 1.086 1.180 1.274 1.367 1.459 1.552 1.643 1.734 1.825 1.915 1.965 2.005 2.052
0.187 0.211 0.238 0.265 0.293 0.323 0.354 0.387 0.420 0.455 0.442 0.420 0.396 0.371 0.344 0.316 0.287 0.255 0.223 0.189 0.154 0.117 0.134 0.164 0.194 0.223 0.251 0.279 0.306 0.333 0.359 0.384 0.409 0.433 0.469 0.510 0.552 0.594 0.637 0.686 0.738 0.790 0.844 0.898 0.953 1.008 1.017 1.004 0.990 0.974 0.958 0.940 0.922 0.902 0.881 0.859 0.836 0.812 0.863 0.956 1.049 1.142 1.234 1.325 1.416 1.506 1.596 1.685 1.774 1.862 1.933 1.997 2.068
0.176 0.205 0.235 0.267 0.300 0.334 0.370 0.407 0.445 0.484 0.478 0.450 0.421 0.391 0.359 0.326 0.291 0.255 0.217 0.178 0.137 0.095 0.099 0.127 0.155 0.182 0.208 0.234 0.259 0.284 0.308 0.331 0.359 0.389 0.432 0.483 0.535 0.588 0.641 0.694 0.749 0.804 0.859 0.916 0.973 1.030 1.047 1.030 1.012 0.993 0.973 0.951 0.929 0.905 0.880 0.854 0.827 0.799 0.831 0.923 1.014 1.104 1.194 1.284 1.373 1.461 1.549 1.637 1.724 1.810 1.895 1.983 2.077
0.163 0.197 0.232 0.268 0.305 0.344 0.384 0.426 0.468 0.512 0.514 0.482 0.448 0.412 0.375 0.337 0.297 0.255 0.213 0.168 0.123 0.076 0.065 0.091 0.117 0.146 0.176 0.206 0.236 0.266 0.297 0.327 0.357 0.388 0.429 0.482 0.536 0.591 0.647 0.702 0.759 0.816 0.874 0.933 0.992 1.052 1.079 1.058 1.036 1.013 0.988 0.963 0.937 0.909 0.880 0.850 0.819 0.787 0.799 0.889 0.978 1.067 1.155 1.243 1.330 1.417 1.503 1.589 1.674 1.758 1.850 1.962 2.080
0.149 0.187 0.227 0.267 0.309 0.353 0.397 0.443 0.490 0.538 0.553 0.515 0.476 0.435 0.393 0.349 0.304 0.257 0.208 0.160 0.114 0.069 0.052 0.081 0.111 0.142 0.172 0.202 0.233 0.263 0.294 0.325 0.355 0.386 0.425 0.481 0.537 0.594 0.652 0.710 0.769 0.828 0.888 0.949 1.011 1.073 1.112 1.087 1.061 1.034 1.005 0.976 0.946 0.914 0.881 0.848 0.813 0.777 0.768 0.856 0.944 1.031 1.117 1.203 1.288 1.373 1.458 1.541 1.625 1.708 1.799 1.934 2.077
0.134 0.176 0.220 0.265 0.312 0.360 0.409 0.459 0.510 0.563 0.588 0.533 0.480 0.429 0.379 0.330 0.283 0.237 0.193 0.150 0.109 0.069 0.046 0.076 0.106 0.137 0.167 0.198 0.229 0.260 0.291 0.322 0.353 0.385 0.421 0.479 0.537 0.596 0.656 0.717 0.778 0.840 0.902 0.965 1.029 1.093 1.145 1.117 1.087 1.056 1.023 0.990 0.956 0.920 0.884 0.846 0.807 0.767 0.738 0.824 0.910 0.995 1.079 1.164 1.247 1.330 1.413 1.495 1.576 1.657 1.742 1.901 2.067
0.117 0.164 0.212 0.264 0.314 0.361 0.404 0.443 0.479 0.510 0.530 0.480 0.433 0.386 0.341 0.298 0.256 0.215 0.176 0.139 0.103 0.068 0.039 0.070 0.101 0.132 0.163 0.194 0.225 0.256 0.288 0.319 0.351 0.383 0.416 0.476 0.537 0.598 0.660 0.723 0.786 0.850 0.915 0.980 1.046 1.112 1.180 1.147 1.114 1.079 1.043 1.005 0.967 0.928 0.887 0.845 0.802 0.758 0.713 0.792 0.876 0.959 1.042 1.125 1.206 1.288 1.368 1.543 1.808 2.098 2.414 2.730 3.022
0.153 0.202 0.246 0.287 0.325 0.358 0.387 0.413 0.435 0.453 0.467 0.426 0.383 0.342 0.302 0.264 0.227 0.192 0.158 0.126 0.095 0.066 0.038 0.064 0.095 0.127 0.158 0.190 0.221 0.253 0.285 0.317 0.349 0.381 0.413 0.472 0.535 0.599 0.663 0.728 0.794 0.860 0.927 0.994 1.063 1.131 1.201 1.179 1.142 1.103 1.063 1.022 0.979 0.936 0.891 0.846 0.799 0.751 0.702 0.761 0.894 1.071 1.273 1.500 1.752 2.029 2.332 2.660 3.013 3.392 3.796 4.063 4.267
0.221 0.256 0.287 0.315 0.339 0.359 0.375 0.387 0.396 0.400 0.401 0.370 0.332 0.296 0.262 0.229 0.197 0.167 0.139 0.111 0.086 0.061 0.039 0.058 0.090 0.121 0.153 0.185 0.217 0.249 0.281 0.314 0.346 0.379 0.411 0.468 0.533 0.599 0.666 0.733 0.801 0.869 0.938 1.008 1.078 1.149 1.221 1.213 1.171 1.128 1.084 1.039 0.993 0.989 0.991 0.992 0.990 0.987 0.981 1.129 1.368 1.633 1.923 2.238 2.579 2.944 3.335 3.752 4.193 4.660 5.152 5.417 5.534
0.293 0.315 0.333 0.347 0.357 0.364 0.366 0.365 0.361 0.352 0.339 0.312 0.280 0.249 0.220 0.192 0.166 0.141 0.117 0.095 0.075 0.056 0.038 0.052 0.084 0.116 0.148 0.181 0.213 0.245 0.278 0.311 0.344 0.377 0.410 0.463 0.531 0.599 0.668 0.737 0.807 0.878 0.949 1.021 1.094 1.167 1.297 1.354 1.361 1.366 1.369 1.371 1.370 1.368 1.363 1.357 1.349 1.338 1.326 1.489 1.817 2.170 2.548 2.952 3.380 3.834 4.313 4.818 5.347 5.902 6.482 6.794 6.823
0.369 0.377 0.382 0.383 0.380 0.373 0.362 0.348 0.330 0.308 0.282 0.253 0.226 0.201 0.176 0.154 0.133 0.113 0.095 0.078 0.062 0.049 0.036 0.046 0.078 0.111 0.143 0.176 0.209 0.242 0.275 0.308 0.341 0.374 0.408 0.458 0.527 0.598 0.683 0.844 0.996 1.140 1.274 1.400 1.516 1.624 1.722 1.775 1.775 1.773 1.770 1.764 1.757 1.747 1.736 1.723 1.708 1.691 1.672 1.824 2.240 2.682 3.148 3.640 4.156 4.698 5.265 5.858 6.475 7.118 7.786 8.191 8.134
0.449 0.444 0.435 0.422 0.406 0.386 0.362 0.334 0.303 0.267 0.228 0.193 0.171 0.151 0.132 0.114 0.098 0.083 0.070 0.059 0.049 0.040 0.033 0.040 0.072 0.105 0.138 0.171 0.204 0.238 0.271 0.334 0.470 0.614 0.766 0.925 1.082 1.230 1.368 1.498 1.619 1.731 1.834 1.928 2.013 2.089 2.156 2.196 2.190 2.181 2.171 2.159 2.145 2.129 2.111 2.091 2.069 2.046 2.020 2.135 2.639 3.168 3.723 4.302 4.907 5.537 6.192 6.872 7.578 8.309 9.064 9.610 9.466
0.533 0.515 0.492 0.466 0.437 0.403 0.366 0.325 0.280 0.231 0.179 0.131 0.114 0.099 0.085 0.073 0.062 0.052 0.045 0.038 0.033 0.030 0.027 0.033 0.099 0.208 0.325 0.450 0.582 0.722 0.870 1.025 1.188 1.359 1.538 1.714 1.839 1.955 2.062 2.161 2.250 2.330 2.402 2.464 2.518 2.563 2.598 2.619 2.606 2.591 2.574 2.555 2.534 2.511 2.487 2.460 2.432 2.401 2.369 2.420 3.012 3.629 4.272 4.939 5.632 6.350 7.093 7.861 8.655 9.473 10.317 11.051 10.820
0.621 0.589 0.554 0.515 0.472 0.425 0.374 0.320 0.262 0.200 0.134 0.067 0.056 0.046 0.037 0.030 0.024 0.046 0.091 0.146 0.210 0.285 0.369 0.465 0.593 0.729 0.873 1.025 1.184 1.351 1.525 1.708 1.898 2.095 2.301 2.510 2.604 2.689 2.764 2.831 2.889 2.938 2.978 3.009 3.031 3.045 3.049 3.044 3.024 3.002 2.978 2.952 2.925 2.895 2.864 2.831 2.795 2.758 2.719 2.680 3.360 4.066 4.796 5.551 6.332 7.138 7.969 8.825 9.706 10.612 11.544 12.501 12.195
0.713 0.668 0.619 0.567 0.510 0.450 0.386 0.319 0.247 0.172 0.113 0.039 0.050 0.080 0.120 0.170 0.230 0.299 0.379 0.468 0.568 0.677 0.796 0.925 1.078 1.241 1.412 1.591 1.777 1.970 2.172 2.381 2.598 2.822 3.054 3.294 3.377 3.430 3.475 3.510 3.537 3.554 3.563 3.562 3.553 3.535 3.508 3.472 3.443 3.414 3.384 3.351 3.317 3.281 3.243 3.203 3.161 3.117 3.071 3.023 3.684 4.477 5.295 6.138 7.007 7.900 8.819 9.763 10.732 11.726 12.745 13.789 13.592
0.810 0.751 0.689 0.708 0.707 0.684 0.641 0.578 0.493 0.388 0.263 0.116 0.119 0.183 0.258 0.343 0.437 0.542 0.656 0.780 0.914 1.058 1.211 1.375 1.555 1.745 1.942 2.148 2.360 2.581 2.809 3.045 3.289 3.540 3.799 4.066 4.158 4.180 4.193 4.197 4.192 4.178 4.155 4.124 4.083 4.033 3.975 3.907 3.863 3.828 3.791 3.751 3.710 3.667 3.623 3.576 3.527 3.477 3.424 3.370 3.982 4.863 5.769 6.700 7.656 8.638 9.644 10.591 11.394 12.171 12.921 13.645 13.366
1.489 1.477 1.444 1.390 1.316 1.221 1.105 0.968 0.811 0.633 0.434 0.215 0.177 0.276 0.386 0.505 0.634 0.773 0.922 1.081 1.249 1.428 1.616 1.814 2.022 2.239 2.464 2.696 2.935 3.183 3.438 3.701 3.971 4.249 4.535 4.828 4.947 4.938 4.919 4.892 4.856 4.810 4.756 4.693 4.621 4.540 4.450 4.352 4.285 4.243 4.199 4.153 4.105 4.055 4.004 3.950 3.895 3.838 3.779 3.718 4.238 5.134 6.003 6.846 7.663 8.453 9.217 9.955 10.666 11.351 12.009 12.641 12.586
2.412 2.327 2.221 2.094 1.947 1.779 1.590 1.381 1.151 0.900 0.629 0.336 0.224 0.358 0.502 0.656 0.820 0.994 1.177 1.370 1.573 1.786 2.009 2.242 2.481 2.725 2.976 3.235 3.502 3.776 4.058 4.347 4.645 4.949 5.262 5.582 5.745 5.704 5.654 5.595 5.527 5.451 5.365 5.271 5.167 5.055 4.934 4.804 4.708 4.659 4.608 4.556 4.501 4.426 4.340 4.255 4.172 4.091 4.012 3.934 4.268 5.073 5.850 6.602 7.327 8.025 8.698 9.344 9.963 10.557 11.123 11.664 11.771
3.357 3.198 3.020 2.820 2.600 2.359 2.098 1.815 1.513 1.189 0.845 0.480 0.261 0.430 0.608 0.797 0.995 1.203 1.421 1.649 1.887 2.134 2.392 2.659 2.932 3.202 3.480 3.766 4.059 4.360 4.669 4.985 5.309 5.641 5.980 6.327 6.550 6.478 6.396 6.306 6.207 6.099 5.983 5.857 5.722 5.579 5.386 5.185 5.023 4.934 4.847 4.762 4.678 4.596 4.516 4.437 4.360 4.285 4.211 4.139 4.324 5.037 5.723 6.382 7.016 7.623 8.204 8.758 9.286 9.788 10.264 10.713 10.921
4.323 4.092 3.840 3.568 3.275 2.961 2.627 2.272 1.896 1.500 1.083 0.646 0.287 0.490 0.704 0.927 1.159 1.402 1.655 1.917 2.189 2.471 2.763 3.065 3.373 3.670 3.975 4.287 4.608 4.935 5.271 5.614 5.965 6.323 6.689 7.063 7.363 7.259 7.147 6.930 6.706 6.488 6.277 6.073 5.875 5.684 5.499 5.320 5.163 5.081 4.999 4.920 4.842 4.765 4.690 4.617 4.546 4.476 4.408 4.341 4.405 5.026 5.621 6.189 6.731 7.246 7.736 8.199 8.635 9.046 9.430 9.788 10.036
5.303 5.006 4.682 4.337 3.971 3.585 3.178 2.751 2.302 1.833 1.344 0.834 0.303 0.540 0.788 1.046 1.313 1.590 1.877 2.174 2.481 2.797 3.124 3.460 3.806 4.130 4.461 4.800 5.147 5.502 5.864 6.231 6.485 6.742 7.002 7.265 7.520 7.299 7.084 6.877 6.675 6.480 6.292 6.110 5.935 5.767 5.604 5.449 5.302 5.225 5.149 5.075 5.003 4.932 4.863 4.796 4.730 4.666 4.603 4.542 4.512 5.041 5.544 6.021 6.471 6.895 7.293 7.665 8.010 8.329 8.622 8.889 9.117
6.198 5.943 5.546 5.128 4.690 4.231 3.751 3.251 2.730 2.189 1.626 1.044 0.440 0.580 0.862 1.154 1.456 1.767 2.089 2.420 2.762 3.113 3.473 3.844 4.208 4.456 4.702 4.951 5.203 5.459 5.717 5.979 6.244 6.512 6.783 7.057 7.334 7.193 7.002 6.817 6.638 6.466 6.300 6.141 5.989 5.843 5.704 5.571 5.444 5.367 5.297 5.229 5.162 5.097 5.034 4.972 4.912 4.854 4.797 4.741 4.688 5.081 5.493 5.878 6.237 6.570 6.876 7.157 7.411 7.638 7.840 8.015 8.164
7.080 6.901 6.431 5.941 5.430 4.898 4.346 3.773 3.180 2.566 1.931 1.276 0.600 0.608 0.925 1.251 1.588 1.967 2.389 2.764 3.091 3.371 3.602 3.786 3.922 4.135 4.392 4.652 4.915 5.182 5.451 5.724 6.000 6.279 6.560 6.846 7.134 7.081 6.912 6.750 6.594 6.445 6.302 6.166 6.036 5.913 5.796 5.686 5.582 5.508 5.444 5.381 5.320 5.261 5.203 5.147 5.092 5.040 4.988 4.939 4.891 5.146 5.467 5.761 6.028 6.270 6.485 6.674 6.837 6.974 7.084 7.168 7.226
7.950 7.880 7.338 6.775 6.192 5.587 4.963 4.317 3.652 2.965 2.343 1.833 1.347 1.402 1.848 2.247 2.598 2.901 3.157 3.364 3.524 3.637 3.701 3.718 3.687 3.811 4.079 4.350 4.624 4.902 5.182 5.466 5.753 6.042 6.335 6.631 6.930 6.963 6.817 6.677 6.544 6.417 6.297 6.184 6.077 5.976 5.882 5.795 5.713 5.647 5.589 5.532 5.476 5.422 5.370 5.320 5.271 5.224 5.178 5.134 5.092 5.237 5.466 5.668 5.845 5.995 6.119 6.217 6.289 6.334 6.353 6.346 6.313
8.807 8.881 8.266 7.642 7.042 6.467 5.917 5.394 4.895 4.422 3.975 3.553 3.156 3.055 3.334 3.565 3.749 3.885 3.974 4.014 4.007 3.953 3.850 3.700 3.502 3.484 3.763 4.045 4.331 4.619 4.910 5.205 5.503 5.803 6.107 6.414 6.724 6.838 6.715 6.598 6.487 6.383 6.286 6.195 6.111 6.033 5.961 5.897 5.838 5.784 5.731 5.680 5.630 5.582 5.536 5.491 5.448 5.406 5.366 5.328 5.291 5.352 5.490 5.602 5.687 5.746 5.779 5.786 5.761 5.720 5.678 5.634 5.589
9.484 9.721 9.159 8.622 8.110 7.624 7.164 6.729 6.319 5.935 5.577 5.243 4.936 4.756 4.869 4.933 4.950 4.919 4.840 4.714 4.540 4.318 4.049 3.732 3.368 3.155 3.445 3.738 4.034 4.333 4.636 4.941 5.250 5.561 5.876 6.194 6.515 6.707 6.606 6.512 6.424 6.343 6.268 6.200 6.138 6.083 6.034 5.992 5.956 5.920 5.872 5.827 5.783 5.740 5.699 5.660 5.622 5.587 5.552 5.520 5.489 5.444 5.408 5.371 5.332 5.291 5.250 5.207 5.163 5.117 5.070 5.022 4.972
10.070 10.493 10.020 9.572 9.149 8.752 8.381 8.034 7.714 7.418 7.149 6.904 6.685 6.507 6.452 6.350 6.199 6.002 5.756 5.463 5.122 4.734 4.298 3.815 3.283 2.822 3.123 3.427 3.734 4.044 4.358 4.674 4.994 5.316 5.642 5.971 6.303 6.569 6.491 6.420 6.354 6.296 6.244 6.198 6.159 6.126 6.100 6.081 6.068 6.053 6.012 5.972 5.933 5.896 5.833 5.737 5.627 5.501 5.359 5.203 5.031 4.880 4.839 4.797 4.753 4.708 4.662 4.615 4.566 4.515 4.464 4.411 4.357
