DATA/SHG/ECMWF/20170628/EN-32/20170710.en-32.asc
ncols        190
nrows        64
xllcorner    -5100000.000000000000
yllcorner    4130000.000000000000
cellsize     10000.000000000000
NODATA_value  -99999.000
[rows 0 to 32 of 64, columns 74 to 147 of 190]
5.468 5.295 5.109 4.910 4.698 4.473 4.235 4.083 4.133 4.177 4.225 4.277 4.332 4.391 4.454 4.520 4.590 4.664 4.741 4.772 4.638 4.505 4.374 4.246 4.122 4.000 3.882 3.767 3.655 3.546 3.440 3.373 3.419 3.458 3.491 3.519 3.539 3.554 3.562 3.564 3.560 3.550 3.533 3.470 3.278 3.084 2.889 2.691 2.493 2.292 2.090 1.886 1.680 1.473 1.264 1.108 1.116 1.127 1.141 1.160 1.183 1.209 1.239 1.273 1.311 1.353 1.399 1.441 1.464 1.488 1.513 1.537 1.562 1.587
6.019 5.728 5.424 5.130 4.846 4.571 4.307 4.106 4.159 4.217 4.277 4.342 4.410 4.482 4.557 4.637 4.719 4.806 4.896 4.967 4.847 4.727 4.610 4.497 4.386 4.278 4.174 4.073 3.974 3.879 3.787 3.711 3.729 3.740 3.746 3.745 3.738 3.724 3.705 3.679 3.647 3.609 3.564 3.495 3.295 3.094 2.891 2.686 2.480 2.272 2.062 1.850 1.637 1.422 1.206 1.021 1.045 1.073 1.105 1.141 1.181 1.224 1.272 1.323 1.378 1.437 1.500 1.559 1.584 1.610 1.635 1.661 1.687 1.713
5.849 5.570 5.301 5.041 4.792 4.552 4.323 4.117 4.183 4.253 4.327 4.404 4.485 4.569 4.658 4.750 4.845 4.944 5.047 5.154 5.052 4.946 4.843 4.743 4.646 4.553 4.462 4.375 4.290 4.209 4.131 4.056 4.045 4.029 4.006 3.977 3.942 3.901 3.854 3.800 3.740 3.674 3.601 3.522 3.314 3.106 2.895 2.683 2.468 2.253 2.035 1.816 1.596 1.373 1.149 0.930 0.971 1.016 1.066 1.119 1.175 1.236 1.300 1.369 1.441 1.517 1.597 1.677 1.704 1.733 1.765 1.800 1.836 1.876
5.647 5.403 5.168 4.944 4.729 4.524 4.330 4.145 4.203 4.286 4.372 4.462 4.556 4.653 4.755 4.859 4.968 5.080 5.195 5.315 5.253 5.161 5.072 4.986 4.903 4.823 4.746 4.673 4.602 4.535 4.470 4.409 4.368 4.324 4.273 4.217 4.154 4.084 4.009 3.928 3.840 3.746 3.645 3.539 3.336 3.119 2.901 2.681 2.459 2.236 2.011 1.784 1.556 1.326 1.094 0.861 0.893 0.956 1.044 1.151 1.251 1.345 1.434 1.516 1.592 1.661 1.725 1.783 1.822 1.863 1.906 1.952 2.000 2.051
5.436 5.226 5.027 4.837 4.657 4.487 4.327 4.177 4.220 4.315 4.414 4.517 4.624 4.734 4.848 4.965 5.087 5.211 5.340 5.472 5.451 5.372 5.297 5.225 5.156 5.090 5.027 4.967 4.910 4.856 4.806 4.758 4.697 4.625 4.547 4.462 4.371 4.274 4.171 4.062 3.946 3.824 3.696 3.562 3.358 3.134 2.908 2.681 2.452 2.239 2.045 1.858 1.677 1.503 1.336 1.176 1.222 1.313 1.398 1.477 1.551 1.618 1.679 1.734 1.782 1.825 1.862 1.892 1.938 1.989 2.044 2.101 2.160 2.222
5.216 5.041 4.876 4.721 4.576 4.441 4.316 4.200 4.233 4.341 4.453 4.569 4.688 4.811 4.938 5.068 5.202 5.340 5.481 5.626 5.644 5.580 5.518 5.460 5.405 5.352 5.303 5.257 5.214 5.174 5.138 5.104 5.033 4.933 4.826 4.714 4.596 4.471 4.340 4.202 4.064 3.922 3.774 3.620 3.432 3.235 3.044 2.860 2.682 2.511 2.347 2.190 2.040 1.896 1.759 1.628 1.636 1.700 1.758 1.810 1.856 1.896 1.930 1.957 1.979 1.994 2.004 2.007 2.050 2.113 2.179 2.247 2.318 2.391
4.987 4.847 4.717 4.596 4.486 4.386 4.295 4.214 4.243 4.364 4.489 4.617 4.749 4.885 5.024 5.167 5.314 5.464 5.618 5.776 5.834 5.784 5.736 5.691 5.650 5.611 5.576 5.544 5.514 5.488 5.465 5.451 5.387 5.267 5.141 5.008 4.869 4.725 4.574 4.417 4.254 4.084 3.909 3.727 3.548 3.381 3.220 3.065 2.918 2.777 2.643 2.515 2.395 2.281 2.174 2.073 2.055 2.092 2.123 2.148 2.167 2.180 2.186 2.187 2.181 2.170 2.152 2.128 2.160 2.235 2.312 2.391 2.473 2.558
4.749 4.644 4.548 4.463 4.387 4.321 4.265 4.219 4.249 4.383 4.521 4.662 4.807 4.955 5.107 5.263 5.422 5.585 5.752 5.922 6.020 5.983 5.976 5.977 5.975 5.970 5.962 5.951 5.937 5.919 5.899 5.875 5.803 5.656 5.502 5.342 5.176 5.004 4.825 4.641 4.450 4.253 4.050 3.841 3.657 3.519 3.388 3.264 3.146 3.035 2.931 2.833 2.742 2.658 2.581 2.510 2.481 2.491 2.494 2.492 2.484 2.469 2.449 2.422 2.390 2.351 2.306 2.255 2.268 2.353 2.442 2.532 2.626 2.721
4.503 4.432 4.371 4.320 4.279 4.248 4.226 4.215 4.252 4.399 4.549 4.703 4.861 5.022 5.195 5.406 5.628 5.859 6.099 6.350 6.545 6.538 6.529 6.516 6.500 6.481 6.459 6.433 6.405 6.374 6.339 6.301 6.226 6.051 5.870 5.682 5.489 5.289 5.083 4.871 4.653 4.428 4.198 3.961 3.759 3.651 3.549 3.455 3.367 3.286 3.211 3.144 3.083 3.028 2.980 2.940 2.912 2.894 2.871 2.842 2.806 2.765 2.717 2.664 2.604 2.538 2.466 2.388 2.372 2.469 2.569 2.671 2.775 2.882
4.247 4.211 4.185 4.168 4.162 4.165 4.178 4.210 4.279 4.466 4.663 4.870 5.086 5.312 5.548 5.793 6.048 6.313 6.588 6.872 7.128 7.108 7.084 7.057 7.027 6.994 6.958 6.919 6.876 6.831 6.782 6.730 6.655 6.452 6.243 6.029 5.807 5.580 5.347 5.107 4.862 4.610 4.352 4.088 3.853 3.775 3.703 3.639 3.581 3.529 3.484 3.446 3.415 3.391 3.373 3.362 3.348 3.304 3.254 3.197 3.135 3.066 2.991 2.911 2.824 2.731 2.632 2.527 2.474 2.582 2.693 2.806 2.922 3.040
4.013 4.072 4.129 4.183 4.235 4.284 4.331 4.375 4.419 4.640 4.871 5.111 5.362 5.622 5.891 6.171 6.460 6.759 7.067 7.386 7.706 7.680 7.642 7.601 7.557 7.510 7.460 7.407 7.350 7.291 7.228 7.162 7.090 6.860 6.624 6.381 6.133 5.878 5.617 5.350 5.077 4.798 4.513 4.221 3.940 3.892 3.850 3.815 3.787 3.765 3.750 3.742 3.740 3.746 3.757 3.776 3.791 3.719 3.642 3.558 3.469 3.373 3.271 3.164 3.050 2.930 2.804 2.672 2.573 2.693 2.815 2.939 3.066 3.196
4.241 4.291 4.339 4.385 4.428 4.468 4.506 4.542 4.575 4.804 5.069 5.344 5.628 5.922 6.225 6.539 6.862 7.195 7.537 7.889 8.244 8.254 8.203 8.148 8.090 8.029 7.965 7.897 7.827 7.753 7.677 7.597 7.514 7.274 7.010 6.740 6.464 6.182 5.894 5.600 5.299 4.993 4.680 4.361 4.036 4.001 3.989 3.984 3.986 3.994 4.009 4.030 4.058 4.093 4.135 4.183 4.238 4.140 4.036 3.925 3.809 3.686 3.557 3.422 3.281 3.134 2.981 2.819 2.670 2.789 2.901 3.006 3.104 3.195
4.471 4.513 4.552 4.589 4.623 4.655 4.684 4.711 4.735 4.960 5.258 5.567 5.885 6.213 6.550 6.898 7.254 7.621 7.998 8.384 8.772 8.832 8.766 8.697 8.625 8.550 8.472 8.391 8.306 8.219 8.128 8.035 7.938 7.694 7.402 7.105 6.802 6.492 6.177 5.855 5.527 5.193 4.853 4.507 4.155 4.104 4.122 4.146 4.177 4.215 4.260 4.311 4.369 4.433 4.505 4.583 4.667 4.567 4.398 4.192 3.996 3.810 3.633 3.467 3.311 3.164 3.028 2.901 2.784 2.858 2.939 3.012 3.079 3.139
4.703 4.736 4.766 4.794 4.820 4.843 4.864 4.882 4.898 5.106 5.438 5.781 6.133 6.494 6.866 7.247 7.638 8.038 8.448 8.868 9.291 9.412 9.332 9.250 9.164 9.075 8.983 8.887 8.789 8.687 8.583 8.475 8.364 8.120 7.801 7.477 7.146 6.809 6.466 6.117 5.762 5.400 5.033 4.660 4.280 4.199 4.246 4.301 4.361 4.414 4.444 4.464 4.472 4.469 4.455 4.430 4.394 4.246 4.074 3.912 3.760 3.618 3.486 3.364 3.251 3.149 3.056 2.973 2.900 2.934 2.983 3.026 3.061 3.090
4.937 4.961 4.983 5.002 5.019 5.034 5.046 5.055 5.062 5.243 5.609 5.985 6.371 6.767 7.172 7.587 8.012 8.446 8.890 9.344 9.800 9.995 9.901 9.805 9.705 9.602 9.496 9.386 9.274 9.159 9.040 8.918 8.794 8.552 8.206 7.854 7.496 7.132 6.762 6.385 5.988 5.585 5.193 4.813 4.444 4.317 4.343 4.357 4.360 4.353 4.334 4.304 4.263 4.212 4.149 4.075 3.990 3.869 3.742 3.624 3.515 3.417 3.329 3.250 3.182 3.123 3.074 3.035 3.006 3.016 3.035 3.046 3.051 3.048
5.172 5.188 5.201 5.212 5.220 5.226 5.229 5.230 5.229 5.370 5.771 6.181 6.600 7.030 7.469 7.918 8.376 8.844 9.322 9.809 10.300 10.581 10.473 10.362 10.249 10.132 10.012 9.888 9.762 9.633 9.500 9.314 9.081 8.761 8.328 7.906 7.497 7.098 6.711 6.336 5.972 5.620 5.280 4.951 4.633 4.464 4.440 4.405 4.359 4.303 4.235 4.156 4.067 3.966 3.854 3.732 3.598 3.483 3.399 3.325 3.261 3.206 3.162 3.127 3.102 3.087 3.082 3.087 3.102 3.106 3.093 3.074 3.047 3.013
5.410 5.417 5.422 5.424 5.423 5.421 5.415 5.407 5.397 5.489 5.923 6.367 6.820 7.284 7.756 8.239 8.731 9.233 9.745 10.266 10.790 11.169 10.994 10.775 10.553 10.327 10.099 9.868 9.633 9.395 9.155 8.911 8.664 8.374 7.992 7.622 7.263 6.916 6.581 6.257 5.944 5.643 5.354 5.076 4.809 4.621 4.548 4.465 4.370 4.265 4.148 4.020 3.882 3.732 3.572 3.400 3.218 3.087 3.047 3.017 2.996 2.986 2.985 2.994 3.013 3.042 3.081 3.129 3.188 3.202 3.159 3.108 3.050 2.985
5.650 5.648 5.644 5.638 5.629 5.617 5.603 5.587 5.568 5.598 6.066 6.544 7.031 7.528 8.028 8.453 8.878 9.303 9.727 10.150 10.580 10.948 10.718 10.485 10.249 10.010 9.768 9.523 9.275 9.023 8.769 8.511 8.251 7.975 7.644 7.326 7.018 6.722 6.438 6.165 5.904 5.654 5.416 5.189 4.974 4.790 4.669 4.536 4.393 4.238 4.073 3.896 3.709 3.510 3.301 3.080 2.849 2.682 2.685 2.699 2.722 2.755 2.798 2.851 2.914 2.987 3.069 3.161 3.264 3.306 3.231 3.149 3.060 2.964
5.892 5.881 5.869 5.853 5.836 5.816 5.793 5.758 5.671 5.580 5.993 6.419 6.844 7.269 7.693 8.117 8.541 8.964 9.388 9.810 10.239 10.673 10.446 10.199 9.949 9.697 9.441 9.182 8.920 8.655 8.387 8.116 7.842 7.564 7.285 7.017 6.761 6.516 6.283 6.061 5.851 5.652 5.465 5.289 5.125 4.971 4.800 4.619 4.426 4.223 4.009 3.784 3.547 3.300 3.042 2.773 2.492 2.267 2.314 2.371 2.438 2.515 2.602 2.699 2.805 2.922 3.048 3.184 3.330 3.416 3.310 3.197 3.077 2.950
6.122 6.052 5.978 5.899 5.814 5.725 5.631 5.532 5.428 5.319 5.662 6.087 6.511 6.935 7.358 7.781 8.204 8.627 9.049 9.471 9.899 10.332 10.177 9.917 9.654 9.387 9.118 8.845 8.569 8.291 8.009 7.724 7.436 7.145 6.913 6.696 6.491 6.298 6.116 5.945 5.786 5.638 5.502 5.378 5.264 5.162 4.943 4.713 4.472 4.220 3.957 3.683 3.398 3.102 2.795 2.477 2.148 1.842 1.933 2.034 2.145 2.266 2.396 2.537 2.687 2.847 3.016 3.196 3.386 3.533 3.396 3.252 3.101 2.943
6.021 5.934 5.842 5.746 5.644 5.538 5.427 5.311 5.190 5.064 5.332 5.755 6.179 6.601 7.024 7.446 7.868 8.290 8.711 9.132 9.559 9.991 9.912 9.639 9.362 9.081 8.798 8.512 8.223 7.931 7.635 7.337 7.035 6.731 6.529 6.364 6.210 6.067 5.936 5.817 5.709 5.612 5.527 5.453 5.391 5.341 5.098 4.819 4.529 4.228 3.916 3.593 3.260 2.915 2.559 2.192 1.815 1.426 1.543 1.687 1.842 2.006 2.180 2.364 2.558 2.762 2.975 3.199 3.483 3.826 3.771 3.704 3.626 3.536
5.924 5.820 5.712 5.598 5.479 5.356 5.228 5.094 4.956 4.813 5.002 5.425 5.847 6.269 6.691 7.112 7.533 7.954 8.374 8.794 9.220 9.651 9.652 9.364 9.073 8.780 8.483 8.183 7.880 7.574 7.265 6.953 6.638 6.320 6.134 6.019 5.916 5.825 5.745 5.676 5.619 5.574 5.540 5.517 5.506 5.506 5.264 4.936 4.597 4.248 3.887 3.516 3.133 2.740 2.335 1.920 1.494 1.056 1.143 1.385 1.713 2.049 2.392 2.742 3.099 3.464 3.835 4.214 4.599 4.992 4.918 4.800 4.669 4.527
5.832 5.711 5.586 5.455 5.319 5.179 5.033 4.883 4.727 4.567 4.673 5.094 5.516 5.937 6.358 6.778 7.198 7.618 8.037 8.457 8.881 9.312 9.395 9.094 8.789 8.482 8.171 7.858 7.541 7.222 6.899 6.573 6.245 5.913 5.726 5.663 5.611 5.570 5.541 5.524 5.517 5.523 5.540 5.568 5.608 5.659 5.441 5.065 4.677 4.279 3.896 3.555 3.222 2.896 2.579 2.270 1.969 1.676 1.855 2.209 2.569 2.936 3.311 3.692 4.081 4.477 4.880 5.290 5.707 6.132 6.076 5.905 5.722 5.528
5.745 5.607 5.464 5.317 5.164 5.006 4.844 4.676 4.504 4.326 4.344 4.765 5.185 5.605 6.025 6.445 6.864 7.283 7.701 8.120 8.544 8.973 9.142 8.827 8.509 8.188 7.864 7.537 7.207 6.873 6.537 6.198 5.855 5.510 5.306 5.294 5.293 5.303 5.325 5.359 5.404 5.477 5.583 5.690 5.798 5.906 5.775 5.437 5.108 4.786 4.472 4.166 3.868 3.578 3.297 3.023 2.757 2.499 2.639 3.024 3.416 3.815 4.221 4.634 5.054 5.481 5.916 6.358 6.806 7.262 7.243 7.021 6.786 6.540
5.663 5.508 5.348 5.183 5.013 4.838 4.659 4.474 4.285 4.090 4.016 4.436 4.856 5.275 5.694 6.112 6.530 6.948 7.366 7.783 8.206 8.635 8.893 8.564 8.232 7.898 7.560 7.219 6.876 6.529 6.179 5.826 5.495 5.216 5.070 5.173 5.277 5.382 5.488 5.595 5.704 5.813 5.924 6.035 6.148 6.262 6.201 5.899 5.604 5.318 5.039 4.769 4.506 4.251 4.005 3.766 3.536 3.313 3.415 3.831 4.254 4.685 5.122 5.567 6.019 6.477 6.943 7.417 7.897 8.384 8.421 8.146 7.860 7.562
5.586 5.413 5.236 5.054 4.867 4.676 4.479 4.277 4.071 3.859 3.689 4.108 4.526 4.945 5.363 5.780 6.198 6.615 7.031 7.448 7.870 8.297 8.647 8.293 7.930 7.586 7.261 6.953 6.664 6.394 6.141 5.907 5.692 5.494 5.371 5.478 5.587 5.697 5.808 5.920 6.033 6.147 6.263 6.379 6.496 6.615 6.619 6.351 6.092 5.841 5.597 5.362 5.135 4.915 4.704 4.500 4.305 4.117 4.182 4.629 5.084 5.546 6.015 6.491 6.975 7.465 7.962 8.467 8.979 9.498 9.609 9.282 8.944 8.594
5.513 5.324 5.129 4.930 4.726 4.517 4.304 4.085 3.861 3.633 3.400 3.780 4.198 4.615 5.032 5.450 5.868 6.266 6.645 7.004 7.353 7.695 8.022 7.737 7.457 7.194 6.950 6.724 6.516 6.327 6.155 6.003 5.868 5.752 5.670 5.782 5.896 6.010 6.126 6.243 6.361 6.480 6.600 6.721 6.843 6.967 7.027 6.795 6.571 6.355 6.147 5.946 5.754 5.570 5.394 5.226 5.065 4.913 4.940 5.419 5.906 6.399 6.900 7.407 7.922 8.444 8.973 9.509 10.052 10.602 10.807 10.428 10.038 9.636
5.445 5.239 5.027 4.811 4.590 4.364 4.133 3.898 3.665 3.468 3.288 3.619 4.047 4.456 4.845 5.214 5.564 5.894 6.205 6.497 6.778 7.052 7.310 7.163 6.963 6.782 6.619 6.474 6.347 6.239 6.149 6.078 6.024 5.989 5.973 6.084 6.203 6.322 6.443 6.564 6.687 6.811 6.936 7.062 7.189 7.317 7.426 7.229 7.041 6.860 6.687 6.522 6.365 6.216 6.075 5.941 5.816 5.699 5.690 6.201 6.719 7.244 7.776 8.315 8.861 9.414 9.975 10.542 11.117 11.699 12.015 11.585 11.142 10.688
5.382 5.145 4.887 4.647 4.424 4.218 4.029 3.858 3.704 3.567 3.448 3.671 4.032 4.372 4.694 4.996 5.278 5.541 5.784 6.008 6.221 6.426 6.616 6.568 6.450 6.349 6.268 6.204 6.159 6.132 6.123 6.132 6.160 6.206 6.271 6.385 6.508 6.633 6.758 6.884 7.012 7.140 7.270 7.401 7.532 7.665 7.799 7.655 7.501 7.356 7.218 7.088 6.966 6.852 6.746 6.648 6.558 6.476 6.432 6.974 7.524 8.080 8.643 9.214 9.792 10.376 10.968 11.567 12.173 12.786 13.233 12.751 12.257 11.751
4.963 4.748 4.550 4.370 4.207 4.061 3.933 3.821 3.727 3.651 3.591 3.741 4.034 4.307 4.561 4.795 5.010 5.205 5.381 5.537 5.682 5.819 5.941 5.954 5.916 5.897 5.897 5.914 5.950 6.004 6.076 6.167 6.276 6.403 6.548 6.684 6.812 6.941 7.071 7.202 7.335 7.468 7.602 7.738 7.875 8.012 8.151 8.072 7.953 7.843 7.740 7.645 7.559 7.480 7.409 7.346 7.291 7.244 7.205 7.739 8.320 8.908 9.503 10.105 10.714 11.330 11.953 12.583 13.221 13.865 14.400 13.713 13.027 12.342
4.490 4.335 4.198 4.077 3.974 3.889 3.820 3.769 3.735 3.718 3.719 3.829 4.054 4.259 4.445 4.612 4.759 4.887 4.995 5.084 5.161 5.230 5.283 5.320 5.364 5.426 5.506 5.604 5.721 5.856 6.010 6.181 6.371 6.579 6.806 6.982 7.114 7.248 7.383 7.519 7.656 7.794 7.933 8.074 8.215 8.358 8.501 8.480 8.396 8.321 8.253 8.194 8.142 8.098 8.062 8.035 8.015 8.003 7.999 8.496 9.108 9.750 10.410 11.026 11.599 12.129 12.616 13.059 13.458 13.815 14.128 13.508 12.825 12.144
4.002 3.907 3.829 3.769 3.726 3.700 3.692 3.701 3.727 3.770 3.830 3.934 4.091 4.229 4.348 4.447 4.527 4.587 4.628 4.649 4.659 4.659 4.644 4.666 4.791 4.934 5.095 5.275 5.473 5.689 5.923 6.176 6.446 6.736 7.043 7.278 7.415 7.554 7.693 7.834 7.976 8.119 8.263 8.408 8.554 8.701 8.849 8.879 8.830 8.790 8.757 8.733 8.745 8.843 8.961 9.100 9.260 9.441 9.642 10.124 10.679 11.190 11.658 12.083 12.465 12.803 13.098 13.350 13.558 13.723 13.845 13.301 12.623 11.945
3.497 3.463 3.445 3.445 3.462 3.496 3.548 3.616 3.702 3.806 3.926 4.057 4.147 4.217 4.268 4.300 4.312 4.305 4.278 4.232 4.174 4.106 4.023 3.993 4.198 4.422 4.665 4.925 5.204 5.501 5.816 6.150 6.501 6.871 7.260 7.572 7.714 7.857 8.002 8.147 8.294 8.442 8.590 8.766 9.002 9.218 9.414 9.543 9.628 9.734 9.861 10.009 10.178 10.367 10.577 10.809 11.061 11.334 11.628 11.989 12.352 12.672 12.949 13.183 13.373 13.520 13.623 13.684 13.701 13.675 13.605 13.095 12.420 11.746
