DATA/SHG/ECMWF/20170628/EN-32/20170701.en-32.asc
ncols        190
nrows        64
xllcorner    -5100000.000000000000
yllcorner    4130000.000000000000
cellsize     10000.000000000000
NODATA_value  -99999.000
[rows 32 to 63 of 64, columns 73 to 145 of 190]
2.877 2.912 2.960 3.022 3.097 3.186 3.287 3.402 3.530 3.672 3.827 3.995 4.184 4.420 4.663 4.915 5.175 5.443 5.719 6.003 6.294 6.588 6.883 7.183 7.447 7.561 7.671 7.776 7.876 7.971 8.061 8.146 8.226 8.301 8.372 8.437 8.544 8.736 8.929 9.125 9.321 9.520 9.720 9.921 10.368 11.462 12.489 13.449 15.133 17.615 19.992 22.265 24.433 26.497 28.456 30.310 32.060 33.705 35.245 36.681 37.091 36.816 36.504 36.157 35.775 35.357 34.903 34.413 33.888 33.327 32.731 32.098 33.235
2.499 2.581 2.675 2.783 2.905 3.039 3.187 3.348 3.522 3.710 3.911 4.125 4.354 4.617 4.889 5.169 5.456 5.752 6.055 6.367 6.686 7.008 7.330 7.659 7.969 8.062 8.150 8.233 8.311 8.384 8.452 8.516 8.574 8.628 8.676 8.999 10.285 11.617 12.881 14.080 15.211 16.275 17.273 18.204 19.069 19.866 20.597 21.261 22.391 24.410 26.325 28.135 29.841 31.442 32.939 34.331 35.618 36.801 37.880 38.854 39.127 38.693 38.224 37.720 37.179 36.603 35.992 35.344 34.661 33.943 33.189 32.399 32.912
2.129 2.237 2.378 2.532 2.700 2.881 3.075 3.282 3.502 3.736 3.983 4.244 4.517 4.808 5.107 5.414 5.730 6.053 6.384 6.723 7.070 7.419 7.769 8.126 8.489 8.567 8.843 9.939 11.071 12.241 13.447 14.689 15.969 17.285 18.639 20.029 21.416 22.451 23.420 24.322 25.157 25.925 26.627 27.262 27.830 28.331 28.766 29.134 29.750 31.307 32.759 34.107 35.351 36.490 37.524 38.454 39.280 40.001 40.618 41.130 41.197 40.605 39.979 39.316 38.618 37.884 37.115 36.310 35.470 34.594 33.682 32.735 32.694
1.769 1.882 2.069 2.269 2.483 2.710 2.950 3.203 3.470 3.750 4.043 4.349 4.669 4.991 5.318 5.652 5.995 6.346 7.546 9.822 11.822 13.358 14.474 15.371 16.050 17.143 18.363 19.621 20.915 22.246 23.614 25.018 26.459 27.938 29.452 31.004 32.592 33.345 34.017 34.623 35.162 35.634 36.040 36.379 36.651 36.856 36.995 37.068 37.210 38.304 39.295 40.181 40.962 41.640 42.213 42.681 43.045 43.305 43.460 43.511 43.300 42.551 41.767 40.947 40.091 39.200 38.273 37.311 36.313 35.279 34.210 33.105 32.578
1.417 1.515 1.748 1.994 2.254 2.527 2.813 3.113 3.425 3.751 4.090 5.683 8.992 12.135 14.832 17.253 19.398 21.268 22.862 24.179 25.221 25.794 25.942 25.872 25.584 26.447 27.830 29.249 30.705 32.198 33.727 35.293 36.896 38.536 40.212 41.925 43.675 44.297 44.674 44.983 45.226 45.403 45.512 45.556 45.532 45.442 45.285 45.062 44.772 45.403 45.932 46.356 46.676 46.892 47.003 47.010 46.913 46.712 46.406 45.996 45.438 44.531 43.589 42.612 41.599 40.550 39.466 38.346 37.191 36.000 34.773 33.511 32.565
1.074 1.135 1.414 1.707 2.796 4.864 7.283 10.052 13.172 16.642 20.464 24.635 29.158 32.470 34.208 35.671 36.858 37.770 38.406 38.767 38.851 38.462 37.643 36.606 35.350 35.699 37.243 38.824 40.442 42.096 43.787 45.515 47.279 49.080 50.918 52.793 54.704 55.308 55.389 55.403 55.350 55.231 55.045 54.792 54.473 54.088 53.636 53.117 52.532 52.602 52.670 52.633 52.492 52.246 51.897 51.443 50.885 50.222 49.456 48.585 47.609 46.545 45.446 44.311 43.141 41.935 40.693 39.416 38.103 36.755 35.371 33.952 32.656
3.843 5.165 7.396 9.977 12.909 16.191 19.824 23.806 28.140 32.824 37.858 43.242 48.977 53.030 53.811 54.316 54.546 54.501 54.180 53.583 52.712 51.361 49.575 47.571 45.350 44.898 46.604 48.346 50.125 51.941 53.793 55.682 57.608 59.571 61.570 63.606 65.679 66.378 66.163 65.881 65.533 65.118 64.637 64.089 63.475 62.794 62.047 61.233 60.352 59.903 59.509 59.011 58.409 57.703 56.892 55.978 54.959 53.836 52.609 51.277 49.842 48.593 47.337 46.044 44.717 43.353 41.955 40.520 39.051 37.545 36.004 34.428 32.849
9.521 11.297 14.741 18.537 22.682 27.177 32.023 37.219 42.765 48.661 54.907 61.504 68.450 73.816 73.640 73.188 72.461 71.459 70.182 68.630 66.802 64.490 61.739 58.769 55.582 54.044 55.911 57.815 59.755 61.733 63.746 65.797 67.884 70.008 72.168 74.366 76.600 77.507 76.996 76.419 75.775 75.065 74.289 73.446 72.536 71.560 70.518 69.409 68.233 67.304 66.449 65.491 64.428 63.261 61.990 60.615 59.136 57.553 55.865 54.074 52.178 50.675 49.262 47.812 46.327 44.669 42.677 40.703 38.744 36.803 34.878 32.969 31.077
15.079 17.091 21.749 26.757 32.115 37.823 43.881 50.289 57.047 64.155 71.613 79.420 87.578 94.827 93.695 92.287 90.604 88.646 86.414 83.906 81.123 77.850 74.133 70.199 66.047 63.138 65.166 67.231 69.333 71.471 73.646 75.858 78.106 80.392 82.713 85.072 87.467 88.694 87.888 87.016 86.077 85.072 84.001 82.863 81.658 80.387 79.050 77.646 76.176 74.806 73.491 72.072 70.549 68.922 67.191 65.355 63.254 60.528 57.755 54.937 52.072 49.783 47.798 45.830 43.878 41.943 40.025 38.123 36.237 34.368 32.516 30.680 28.861
20.516 22.774 28.419 34.640 41.210 48.130 55.399 63.018 70.987 79.306 87.974 96.992 106.360 116.064 113.976 111.612 108.974 106.061 102.873 99.411 95.673 91.441 86.759 81.861 76.744 72.178 74.368 76.594 78.857 81.157 83.493 85.866 88.276 90.722 93.204 95.724 98.280 99.940 98.839 97.672 96.438 95.138 93.772 92.339 90.840 89.274 87.642 85.761 83.006 80.408 77.800 75.146 72.445 69.699 66.908 64.070 61.186 58.257 55.282 52.261 49.194 46.754 44.842 42.946 41.067 39.205 37.359 35.530 33.717 31.921 30.141 28.378 26.631
25.832 28.508 34.753 42.184 49.966 58.097 66.577 75.407 84.586 94.114 103.993 114.220 124.797 135.724 134.482 131.164 127.571 123.704 119.562 115.145 110.453 105.262 99.616 93.754 87.674 81.376 83.517 85.905 88.329 90.790 93.287 95.821 98.392 100.999 103.642 106.323 109.040 111.244 109.616 106.044 102.650 99.433 96.395 93.535 90.853 88.350 86.024 83.876 81.907 79.810 76.998 74.141 71.238 68.290 65.295 62.255 59.169 56.037 52.859 49.635 46.366 43.711 41.872 40.049 38.243 36.453 34.680 32.923 31.183 29.460 27.753 26.062 24.388
31.028 34.120 40.749 49.392 58.384 67.725 77.415 87.454 97.843 108.581 119.668 131.104 142.890 155.025 155.215 150.943 146.396 141.574 136.478 131.108 125.463 119.313 112.704 105.878 98.835 91.575 92.614 95.163 97.748 100.264 100.800 101.297 101.757 102.178 102.561 102.906 103.214 103.445 100.480 97.693 95.084 92.653 90.400 88.326 86.429 84.710 83.169 81.806 80.621 79.260 76.247 73.187 70.081 66.930 63.733 60.490 57.202 53.867 50.487 47.061 43.589 40.656 38.889 37.139 35.405 33.688 31.988 30.304 28.637 26.986 25.351 23.733 22.132
36.104 39.612 46.409 56.262 66.464 77.014 87.913 99.162 110.759 122.706 135.001 147.646 160.639 173.981 176.174 170.948 165.447 159.672 153.623 147.300 140.702 130.707 120.698 110.912 101.349 92.008 89.862 90.345 90.790 91.197 91.566 91.897 92.190 92.445 92.662 92.841 92.982 93.085 91.162 89.160 87.337 85.691 84.222 82.932 81.820 80.885 80.129 79.550 79.149 78.761 75.544 72.282 68.974 65.621 62.221 58.776 55.285 51.748 48.166 44.537 40.863 37.587 35.893 34.216 32.555 30.911 29.283 27.671 26.077 24.498 22.936 21.391 19.862
41.060 44.984 51.734 62.796 74.206 85.965 98.073 110.530 123.335 136.489 149.992 163.844 178.044 192.594 192.079 180.799 169.800 159.083 148.646 138.491 128.616 119.186 110.158 101.353 92.771 84.411 81.346 81.663 81.942 82.182 82.385 82.550 82.676 82.765 82.816 82.829 82.803 82.740 81.664 80.446 79.407 78.545 77.862 77.355 77.027 76.877 76.904 77.109 77.492 78.052 74.892 71.427 67.917 64.361 60.759 57.112 53.418 49.680 45.895 42.064 38.188 34.506 32.885 31.280 29.692 28.120 26.565 25.026 23.504 21.998 20.508 19.036 17.579
45.896 50.236 56.723 68.993 81.611 94.579 107.894 118.287 128.242 137.812 146.998 155.799 164.217 172.250 173.519 163.211 153.183 143.437 133.971 124.787 115.883 107.429 99.382 91.558 83.956 76.577 72.883 73.034 73.146 73.220 73.257 73.255 73.216 73.138 73.023 72.870 72.678 72.449 71.984 71.551 71.296 71.218 71.318 71.595 72.051 72.683 73.494 74.482 75.648 76.992 74.289 70.622 66.909 63.151 59.347 55.498 51.602 47.661 43.674 39.642 35.564 31.440 29.864 28.331 26.816 25.316 23.833 22.367 20.917 19.484 18.067 16.667 15.283
49.361 52.699 56.980 67.531 77.699 87.482 96.881 105.897 114.528 122.775 130.638 138.117 145.212 151.923 154.729 145.391 136.334 127.558 119.063 110.849 102.915 95.436 88.370 81.525 74.903 68.504 64.473 64.457 64.403 64.311 64.182 64.014 63.809 63.565 63.284 62.964 62.607 62.212 62.124 62.474 63.002 63.708 64.591 65.652 66.890 68.306 69.900 71.671 73.619 75.745 73.735 69.866 65.951 61.991 57.985 53.934 49.836 45.693 41.505 37.270 32.990 28.664 26.829 25.369 23.926 22.499 21.089 19.695 18.318 16.957 15.613 14.285 12.973
45.522 48.580 51.574 60.801 69.645 78.105 86.181 93.874 101.183 108.108 114.649 120.806 126.580 131.970 135.706 127.339 119.253 111.447 103.921 96.677 89.713 83.208 77.121 71.256 65.614 60.194 56.114 55.933 55.713 55.455 55.159 54.826 54.454 54.045 53.597 53.112 52.589 52.027 52.083 53.216 54.527 56.016 57.682 59.525 61.546 63.745 66.121 68.674 71.405 74.313 73.231 69.160 65.043 60.881 56.673 52.420 48.120 43.775 39.385 34.949 30.467 25.939 23.782 22.395 21.024 19.669 18.332 17.010 15.705 14.490 13.467 12.467 11.490
41.763 44.541 47.237 54.435 61.957 69.094 75.848 82.219 88.206 93.810 99.030 103.866 108.319 112.389 116.075 109.056 101.939 95.102 88.546 82.271 76.275 70.745 65.637 60.751 56.087 51.645 47.809 47.461 47.075 46.651 46.189 45.690 45.152 44.577 43.964 43.312 42.623 41.896 41.861 43.777 45.871 48.142 50.590 53.216 56.019 58.999 62.157 65.492 69.005 72.695 72.776 68.503 64.185 59.821 55.411 50.955 46.454 41.908 37.316 32.678 28.032 23.518 21.207 20.123 19.062 18.025 17.010 16.019 15.051 14.106 13.184 12.286 11.410
38.086 40.583 42.998 48.433 54.633 60.449 65.882 70.931 75.598 79.881 83.780 87.297 90.430 93.180 95.546 90.541 84.393 78.525 72.938 67.630 62.603 58.046 53.917 50.009 46.324 42.860 39.618 39.041 38.489 37.899 37.272 36.607 35.903 35.162 34.383 33.566 32.711 31.819 31.459 34.157 37.033 40.086 43.316 46.724 50.308 54.070 58.010 62.126 66.420 70.891 72.370 67.893 63.377 58.861 54.345 49.829 45.313 40.797 36.282 31.766 27.251 22.735 20.089 19.106 18.147 17.211 16.298 15.409 14.542 13.699 12.879 12.082 11.308
34.488 36.705 38.840 42.795 47.674 52.169 56.281 60.010 63.357 66.320 68.900 71.097 72.911 74.342 75.390 71.795 66.615 61.716 57.096 52.757 48.697 45.113 41.961 39.031 36.323 33.837 31.573 30.673 29.956 29.200 28.407 27.576 26.707 25.800 24.855 23.873 22.852 21.794 20.876 24.356 28.014 31.848 35.880 40.763 45.602 50.397 55.148 59.855 64.517 69.135 71.637 67.120 62.603 58.086 53.569 49.053 44.536 40.019 35.503 30.987 26.471 21.954 18.948 18.067 17.210 16.375 15.564 14.776 14.011 13.269 12.551 11.856 11.183
30.971 32.908 34.763 37.520 41.078 44.254 47.046 49.456 51.483 53.127 54.388 55.267 55.763 55.876 55.606 52.818 48.606 44.673 41.021 37.649 34.557 31.945 29.770 27.818 26.086 24.577 23.289 22.358 21.474 20.553 19.594 18.597 17.563 16.490 16.437 16.474 16.537 16.628 16.746 21.223 26.047 30.825 35.560 40.251 44.897 49.499 54.057 58.571 63.040 67.465 70.866 66.348 61.831 57.313 52.795 48.278 43.761 39.243 34.726 30.209 25.692 21.175 17.785 17.006 16.250 15.517 14.808 14.121 13.458 12.818 12.201 11.607 11.036
27.534 29.191 30.767 32.608 34.847 36.703 38.177 39.268 39.976 40.302 40.245 39.806 38.984 37.780 36.193 33.609 30.364 27.399 24.714 22.308 20.182 18.542 17.344 16.368 15.613 15.975 16.479 16.644 16.611 16.604 16.625 16.672 16.747 16.848 16.976 17.131 17.313 17.522 17.758 21.530 26.160 30.746 35.288 39.785 44.238 48.648 53.013 57.334 61.610 65.843 70.031 65.578 61.060 56.542 52.023 47.505 42.987 38.469 33.951 29.433 24.916 20.398 16.601 15.923 15.268 14.637 14.029 13.444 12.882 12.343 11.828 11.335 10.866
24.177 25.554 26.850 28.059 28.979 29.516 29.672 29.445 28.836 27.844 26.470 24.714 22.575 20.055 17.151 14.169 11.891 11.561 12.119 12.661 13.187 13.698 14.198 14.684 15.158 15.618 16.065 16.325 16.410 16.522 16.661 16.827 17.019 17.239 17.485 17.759 18.059 18.387 18.741 21.882 26.319 30.713 35.062 39.366 43.627 47.843 52.016 56.144 60.228 64.268 68.263 64.810 60.291 55.772 51.253 46.734 42.215 37.696 33.178 28.659 24.141 19.622 15.394 14.818 14.265 13.735 13.228 12.744 12.284 11.846 11.432 11.041 10.673
20.900 21.998 23.015 23.871 23.473 22.694 21.532 19.987 18.061 15.753 14.327 13.455 12.626 11.840 11.096 10.628 11.162 11.680 12.181 12.666 13.134 13.588 14.030 14.458 14.874 15.276 15.665 15.976 16.179 16.410 16.667 16.951 17.262 17.600 17.965 18.356 18.775 19.220 19.693 22.281 26.526 30.726 34.882 38.994 43.062 47.086 51.066 55.001 58.893 62.740 66.543 64.044 59.524 55.004 50.484 45.964 41.445 36.925 32.406 27.887 23.367 18.848 14.329 13.690 13.239 12.810 12.405 12.022 11.663 11.327 11.014 10.724 10.458
17.703 18.522 19.259 20.157 19.256 18.275 17.337 16.442 15.589 14.779 14.012 13.287 12.605 11.966 11.369 10.876 11.353 11.814 12.258 12.685 13.096 13.492 13.876 14.247 14.605 14.950 15.281 15.597 15.919 16.268 16.643 17.045 17.475 17.931 18.414 18.924 19.460 20.024 20.615 22.726 26.778 30.786 34.750 38.669 42.545 46.376 50.163 53.906 57.605 61.260 64.871 63.279 58.758 54.238 49.717 45.197 40.676 36.156 31.636 27.116 22.596 18.076 13.556 12.541 12.191 11.863 11.559 11.278 11.020 10.786 10.574 10.385 10.220
15.793 16.741 17.661 18.554 18.020 17.187 16.396 15.647 14.942 14.278 13.658 13.080 12.545 12.053 11.603 11.196 11.559 11.963 12.349 12.720 13.073 13.412 13.738 14.051 14.351 14.638 14.912 15.189 15.629 16.096 16.590 17.110 17.657 18.232 18.833 19.461 20.116 20.797 21.506 23.218 27.077 30.892 34.664 38.391 42.074 45.712 49.307 52.858 56.364 59.827 63.245 62.516 57.994 53.473 48.952 44.430 39.909 35.388 30.867 26.347 21.826 17.305 12.785 11.369 11.120 10.894 10.692 10.512 10.355 10.222 10.111 10.024 9.959
14.499 15.353 16.179 16.978 16.746 16.060 15.416 14.814 14.255 13.739 13.266 12.835 12.446 12.101 11.798 11.537 11.780 12.126 12.456 12.769 13.065 13.346 13.615 13.870 14.112 14.341 14.557 14.760 15.310 15.894 16.506 17.145 17.810 18.503 19.222 19.968 20.741 21.541 22.367 23.756 27.423 31.045 34.624 38.159 41.649 45.096 48.498 51.857 55.171 58.441 61.668 61.754 57.232 52.710 48.188 43.666 39.144 34.622 30.101 25.579 21.058 16.536 12.015 10.176 10.028 9.914 9.853 9.816 9.802 9.812 9.845 9.901 9.981
13.233 13.992 14.724 15.429 15.434 14.895 14.397 13.943 13.531 13.161 12.835 12.550 12.309 12.110 11.954 11.840 12.015 12.304 12.577 12.833 13.072 13.296 13.507 13.704 13.889 14.060 14.218 14.363 14.960 15.663 16.393 17.150 17.934 18.744 19.581 20.445 21.336 22.254 23.198 24.340 27.814 31.245 34.631 37.974 41.272 44.526 47.737 50.903 54.025 57.103 60.137 60.995 56.472 51.949 47.426 42.903 38.340 33.585 28.932 24.381 19.931 15.584 11.339 9.249 9.244 9.262 9.304 9.370 9.459 9.571 9.706 9.865 10.048
11.993 12.659 13.297 13.907 14.084 13.691 13.341 13.033 12.768 12.545 12.365 12.227 12.133 12.080 12.070 12.103 12.265 12.497 12.713 12.912 13.094 13.260 13.413 13.553 13.680 13.793 13.894 13.981 14.582 15.403 16.251 17.125 18.027 18.955 19.910 20.892 21.901 22.937 23.999 25.088 28.252 31.490 34.685 37.835 40.941 44.003 47.022 49.985 52.400 54.740 57.004 58.022 53.203 48.486 43.871 39.357 34.946 30.636 26.429 22.323 18.319 14.417 10.617 8.369 8.467 8.588 8.732 8.900 9.092 9.306 9.545 9.806 10.091
10.781 11.352 11.896 12.413 12.696 12.450 12.246 12.085 11.966 11.890 11.857 11.866 11.917 12.012 12.148 12.328 12.530 12.705 12.863 13.005 13.130 13.239 13.335 13.417 13.486 13.542 13.585 13.614 14.174 15.113 16.078 17.071 18.090 19.137 20.210 21.309 22.436 23.589 24.770 25.641 27.996 30.609 33.147 35.610 37.997 40.309 42.546 44.708 46.794 48.806 50.742 52.299 47.926 43.654 39.485 35.417 31.451 27.587 23.824 20.164 16.605 13.148 9.793 7.467 7.667 7.891 8.138 8.408 8.702 9.019 9.360 9.724 10.111
9.595 10.073 10.523 10.946 11.269 11.170 11.113 11.098 11.126 11.197 11.310 11.465 11.664 11.904 12.187 12.513 12.809 12.927 13.029 13.114 13.182 13.233 13.271 13.296 13.307 13.305 13.291 13.263 13.736 14.793 15.787 16.735 17.654 18.542 19.401 20.230 21.029 21.798 22.537 23.247 25.103 27.388 29.597 31.731 33.790 35.774 37.682 39.516 41.274 42.957 44.565 46.097 42.549 38.723 34.999 31.376 27.855 24.436 21.119 17.903 14.789 11.778 8.867 6.541 6.844 7.170 7.520 7.893 8.289 8.709 9.152 9.618 10.108
8.436 8.820 9.177 9.506 9.805 9.852 9.942 10.074 10.248 10.465 10.725 11.027 11.371 11.758 12.188 12.660 13.104 13.165 13.209 13.237 13.248 13.186 13.096 13.005 12.912 12.818 12.722 12.624 12.875 13.753 14.600 15.418 16.206 16.964 17.693 18.392 19.060 19.699 20.309 20.888 22.294 24.250 26.131 27.937 29.667 31.323 32.903 34.408 35.838 37.193 38.473 39.678 37.073 33.692 30.412 27.235 24.159 21.185 18.312 15.542 12.873 10.305 7.840 5.594 5.999 6.427 6.879 7.355 7.853 8.375 8.920 9.489 10.081
