DATA/SHG/ECMWF/20170628/EN-11/20170629.en-11.asc
ncols        190
nrows        64
xllcorner    -5100000.000000000000
yllcorner    4130000.000000000000
cellsize     10000.000000000000
NODATA_value  -99999.000
[rows 0 to 32 of 64, columns 73 to 145 of 190]
4.937 4.798 4.650 4.492 4.325 4.148 3.963 3.768 3.621 3.642 3.691 3.747 3.810 3.879 3.956 4.040 4.130 4.228 4.332 4.444 4.563 4.686 4.805 4.924 5.042 5.160 5.279 5.397 5.515 5.633 5.751 5.869 5.973 6.035 6.098 6.164 6.231 6.299 6.370 6.442 6.516 6.591 6.669 6.748 6.842 6.979 7.119 7.261 7.406 7.554 7.704 7.856 8.011 8.168 8.328 8.491 8.586 8.470 8.340 8.198 8.043 7.875 7.694 7.500 7.294 7.074 6.841 6.596 6.395 6.355 6.323 6.298 6.282
4.812 4.641 4.510 4.382 4.242 4.090 3.927 3.752 3.609 3.676 3.749 3.829 3.916 4.010 4.111 4.219 4.334 4.455 4.584 4.720 4.860 4.983 5.101 5.219 5.338 5.456 5.573 5.691 5.809 5.927 6.044 6.162 6.274 6.343 6.414 6.487 6.562 6.638 6.717 6.797 6.878 6.962 7.047 7.133 7.229 7.378 7.529 7.682 7.839 7.997 8.158 8.322 8.488 8.656 8.827 9.001 9.129 8.955 8.768 8.568 8.355 8.130 7.891 7.640 7.375 7.098 6.808 6.505 6.236 6.231 6.234 6.244 6.263
5.095 4.949 4.792 4.622 4.441 4.247 4.042 3.825 3.612 3.703 3.800 3.904 4.016 4.134 4.259 4.391 4.530 4.676 4.829 4.989 5.156 5.279 5.397 5.515 5.633 5.750 5.868 5.985 6.103 6.220 6.337 6.455 6.572 6.649 6.728 6.809 6.891 6.975 7.061 7.149 7.238 7.329 7.422 7.517 7.614 7.773 7.935 8.100 8.267 8.437 8.609 8.784 8.961 9.141 9.323 9.508 9.685 9.453 9.208 8.951 8.680 8.397 8.101 7.792 7.470 7.135 6.787 6.427 6.144 6.311 6.466 6.608 6.737
5.471 5.284 5.084 4.873 4.650 4.415 4.169 3.910 3.640 3.723 3.845 3.973 4.109 4.252 4.401 4.557 4.721 4.891 5.068 5.252 5.443 5.575 5.693 5.810 5.927 6.045 6.162 6.279 6.396 6.513 6.630 6.747 6.864 6.953 7.039 7.128 7.218 7.310 7.403 7.499 7.596 7.695 7.795 7.898 8.002 8.165 8.339 8.515 8.693 8.874 9.057 9.243 9.431 9.622 9.816 10.011 10.210 9.964 9.661 9.368 9.099 8.843 8.599 8.366 8.146 7.937 7.739 7.554 7.381 7.471 7.568 7.653 7.724
5.857 5.628 5.387 5.135 4.870 4.594 4.306 4.006 3.694 3.737 3.883 4.036 4.196 4.363 4.536 4.717 4.904 5.099 5.300 5.508 5.723 5.871 5.988 6.105 6.222 6.339 6.456 6.572 6.689 6.806 6.922 7.039 7.155 7.254 7.348 7.444 7.542 7.642 7.743 7.846 7.951 8.058 8.166 8.276 8.388 8.554 8.739 8.926 9.115 9.307 9.524 9.752 9.972 10.183 10.385 10.579 10.764 10.602 10.363 10.135 9.920 9.716 9.524 9.344 9.176 9.019 8.874 8.741 8.620 8.642 8.682 8.709 8.723
6.254 5.984 5.701 5.407 5.101 4.783 4.454 4.112 3.759 3.745 3.915 4.092 4.276 4.467 4.665 4.870 5.081 5.300 5.525 5.758 5.997 6.166 6.282 6.399 6.516 6.632 6.749 6.865 6.982 7.098 7.214 7.330 7.446 7.553 7.655 7.759 7.864 7.972 8.081 8.191 8.304 8.466 8.658 8.847 9.033 9.254 9.487 9.711 9.927 10.134 10.332 10.522 10.703 10.875 11.039 11.194 11.341 11.251 11.065 10.890 10.727 10.575 10.436 10.308 10.192 10.088 9.996 9.915 9.847 9.824 9.807 9.777 9.734
6.662 6.350 6.026 5.690 5.343 4.984 4.613 4.230 3.835 3.746 3.940 4.142 4.350 4.565 4.787 5.016 5.252 5.495 5.744 6.001 6.264 6.460 6.577 6.693 6.810 6.926 7.042 7.158 7.274 7.390 7.506 7.621 7.799 8.010 8.211 8.410 8.606 8.799 8.990 9.178 9.363 9.545 9.725 9.902 10.076 10.264 10.458 10.644 10.821 10.989 11.149 11.300 11.442 11.576 11.701 11.817 11.925 11.888 11.754 11.631 11.520 11.422 11.334 11.259 11.196 11.144 11.104 11.076 11.059 11.017 10.943 10.855 10.755
7.080 6.726 6.361 5.984 5.595 5.195 4.782 4.358 3.922 3.741 3.960 4.185 4.417 4.657 4.903 5.156 5.416 5.683 5.957 6.237 6.525 6.755 6.871 7.008 7.165 7.337 7.524 7.724 7.939 8.168 8.411 8.669 8.941 9.189 9.378 9.565 9.749 9.930 10.108 10.284 10.456 10.627 10.794 10.959 11.121 11.281 11.437 11.584 11.722 11.852 11.973 12.085 12.189 12.284 12.371 12.449 12.518 12.511 12.430 12.359 12.301 12.255 12.220 12.197 12.186 12.186 12.198 12.222 12.258 12.222 12.090 11.945 11.788
7.508 7.113 6.707 6.288 5.858 5.416 4.963 4.497 4.020 3.729 3.972 4.222 4.478 4.742 5.012 5.298 5.617 5.934 6.251 6.565 6.879 7.159 7.351 7.559 7.780 8.016 8.266 8.530 8.809 9.102 9.409 9.730 10.066 10.370 10.546 10.721 10.892 11.061 11.227 11.390 11.551 11.709 11.864 12.017 12.166 12.306 12.423 12.532 12.632 12.723 12.805 12.879 12.944 13.001 13.049 13.088 13.119 13.122 13.092 13.075 13.069 13.074 13.092 13.121 13.162 13.215 13.280 13.356 13.444 13.437 13.248 13.047 12.832
7.947 7.511 7.063 6.603 6.132 5.649 5.154 4.647 4.145 3.798 4.121 4.443 4.763 5.081 5.398 5.713 6.027 6.340 6.651 6.961 7.269 7.565 7.822 8.093 8.378 8.677 8.991 9.319 9.662 10.018 10.389 10.774 11.174 11.551 11.716 11.878 12.037 12.194 12.348 12.499 12.647 12.793 12.936 13.076 13.214 13.339 13.418 13.488 13.549 13.601 13.645 13.681 13.707 13.726 13.735 13.736 13.728 13.720 13.742 13.777 13.823 13.881 13.951 14.032 14.126 14.231 14.347 14.476 14.616 14.664 14.418 14.159 13.887
8.397 7.888 7.353 6.840 6.350 5.883 5.438 5.015 4.615 4.246 4.564 4.880 5.195 5.508 5.820 6.130 6.439 6.746 7.052 7.356 7.659 7.955 8.275 8.610 8.959 9.322 9.699 10.091 10.497 10.917 11.352 11.801 12.264 12.734 12.887 13.036 13.183 13.328 13.469 13.608 13.744 13.878 14.009 14.137 14.262 14.380 14.420 14.451 14.474 14.488 14.493 14.490 14.478 14.458 14.429 14.391 14.345 14.304 14.379 14.466 14.564 14.675 14.797 14.930 15.076 15.233 15.402 15.583 15.775 15.902 15.599 15.283 14.954
8.267 7.788 7.331 6.897 6.485 6.096 5.730 5.385 5.064 4.765 5.007 5.318 5.628 5.936 6.242 6.547 6.851 7.153 7.454 7.753 8.051 8.341 8.712 9.110 9.523 9.949 10.391 10.846 11.315 11.799 12.297 12.810 13.336 13.877 14.059 14.196 14.331 14.463 14.593 14.719 14.843 14.965 15.083 15.199 15.312 15.423 15.429 15.422 15.406 15.382 15.349 15.307 15.257 15.198 15.131 15.055 14.970 14.877 15.003 15.142 15.293 15.455 15.629 15.815 16.013 16.222 16.443 16.676 16.816 16.824 16.354 15.963 15.652
8.067 7.666 7.288 6.933 6.599 6.289 6.000 5.735 5.491 5.270 5.451 5.757 6.061 6.364 6.666 6.965 7.264 7.561 7.856 8.150 8.443 8.728 9.131 9.593 10.070 10.560 11.065 11.584 12.117 12.664 13.226 13.802 14.392 14.996 15.232 15.357 15.480 15.600 15.717 15.832 15.943 16.052 16.159 16.262 16.363 16.462 16.447 16.401 16.347 16.284 16.213 16.133 16.044 15.947 15.841 15.727 15.604 15.472 15.614 15.705 15.695 15.694 15.701 15.718 15.744 15.779 15.824 15.877 15.939 16.011 15.908 15.869 15.909
7.846 7.524 7.224 6.947 6.692 6.460 6.250 6.063 5.897 5.755 5.896 6.196 6.495 6.793 7.089 7.384 7.677 7.969 8.260 8.548 8.836 9.116 9.534 10.060 10.600 11.154 11.722 12.304 12.901 13.512 14.137 14.777 15.430 16.098 16.407 16.520 16.630 16.738 16.843 16.945 17.045 17.142 17.236 17.327 17.416 17.502 17.472 17.388 17.295 17.194 16.988 16.669 16.339 15.997 15.644 15.280 14.904 14.516 14.434 14.455 14.485 14.525 14.573 14.631 14.697 14.773 14.858 14.952 15.055 15.167 15.385 15.697 16.088
7.605 7.361 7.140 6.941 6.764 6.610 6.479 6.369 6.282 6.218 6.341 6.636 6.930 7.223 7.514 7.804 8.092 8.378 8.663 8.947 9.229 9.504 9.921 10.510 11.113 11.730 12.362 13.008 13.668 14.343 15.031 15.734 16.451 17.182 17.583 17.684 17.782 17.877 17.970 18.060 18.148 18.120 17.991 17.873 17.766 17.670 17.447 17.123 16.788 16.441 16.083 15.713 15.332 14.940 14.536 14.121 13.694 13.255 13.135 13.197 13.268 13.348 13.437 13.535 13.642 13.759 13.884 14.018 14.162 14.314 14.783 15.446 16.188
7.343 7.178 7.035 6.914 6.815 6.740 6.686 6.655 6.646 6.660 6.787 7.077 7.366 7.653 7.939 8.224 8.507 8.788 9.068 9.347 9.624 9.894 10.290 10.943 11.609 12.290 12.986 13.695 14.419 15.156 15.908 16.675 17.326 17.848 18.075 17.918 17.772 17.637 17.513 17.399 17.297 17.206 17.127 17.058 17.000 16.953 16.759 16.384 15.998 15.601 15.192 14.771 14.339 13.896 13.441 12.975 12.497 12.008 11.829 11.932 12.043 12.164 12.293 12.432 12.580 12.736 12.902 13.077 13.261 13.454 14.104 15.118 16.210
7.061 6.973 6.908 6.866 6.846 6.848 6.872 6.919 6.989 7.081 7.233 7.519 7.802 8.084 8.365 8.644 8.922 9.199 9.473 9.747 10.019 10.283 10.643 11.321 11.953 12.561 13.145 13.705 14.241 14.752 15.240 15.704 16.144 16.559 16.805 16.697 16.601 16.515 16.440 16.376 16.323 16.282 16.251 16.232 16.223 16.226 16.084 15.658 15.222 14.773 14.313 13.842 13.359 12.865 12.360 11.843 11.315 10.775 10.516 10.659 10.811 10.972 11.142 11.321 11.509 11.706 11.913 12.128 12.353 12.586 13.347 14.711 16.154
6.757 6.748 6.761 6.797 6.855 6.935 7.038 7.163 7.310 7.480 7.681 7.961 8.239 8.516 8.792 9.064 9.301 9.529 9.748 9.959 10.161 10.354 10.579 11.128 11.653 12.154 12.632 13.085 13.514 13.919 14.300 14.656 14.989 15.298 15.525 15.466 15.419 15.382 15.357 15.342 15.339 15.347 15.365 15.395 15.436 15.488 15.422 14.946 14.458 13.959 13.448 12.926 12.393 11.848 11.292 10.724 10.145 9.555 9.194 9.378 9.570 9.772 9.982 10.202 10.431 10.669 10.915 11.171 11.436 11.710 12.512 14.226 16.019
6.434 6.503 6.594 6.707 6.843 7.002 7.182 7.385 7.611 7.850 8.100 8.351 8.592 8.825 9.049 9.264 9.471 9.669 9.858 10.038 10.210 10.372 10.528 10.963 11.381 11.776 12.146 12.492 12.814 13.113 13.387 13.637 13.863 14.065 14.234 14.225 14.227 14.239 14.263 14.298 14.344 14.401 14.469 14.548 14.638 14.739 14.773 14.246 13.708 13.158 12.597 12.024 11.440 10.844 10.237 9.619 8.989 8.348 7.866 8.089 8.322 8.564 8.815 9.076 9.345 9.623 9.910 10.207 10.512 10.826 11.600 13.664 15.806
6.089 6.247 6.450 6.663 6.886 7.120 7.365 7.620 7.886 8.163 8.450 8.681 8.892 9.094 9.288 9.472 9.649 9.816 9.975 10.125 10.266 10.398 10.523 10.825 11.136 11.424 11.687 11.927 12.142 12.334 12.502 12.645 12.765 12.860 12.932 12.973 13.024 13.086 13.159 13.243 13.338 13.444 13.561 13.690 13.829 13.979 14.138 13.560 12.971 12.370 11.758 11.135 10.500 9.854 9.196 8.527 7.847 7.155 6.529 6.793 7.067 7.349 7.641 7.941 8.251 8.569 8.897 9.234 9.580 9.934 10.610 13.023 15.515
6.026 6.254 6.494 6.744 7.004 7.275 7.557 7.849 8.152 8.466 8.790 9.018 9.199 9.371 9.534 9.688 9.834 9.971 10.099 10.219 10.330 10.432 10.526 10.714 10.919 11.100 11.256 11.389 11.498 11.583 11.644 11.681 11.694 11.683 11.648 11.711 11.811 11.922 12.044 12.178 12.322 12.477 12.643 12.821 13.009 13.208 13.419 12.886 12.247 11.595 10.933 10.259 9.573 8.877 8.169 7.449 6.718 5.976 5.222 5.490 5.804 6.126 6.458 6.799 7.149 7.508 7.876 8.253 8.640 9.306 10.496 13.785 17.035
5.986 6.251 6.528 6.815 7.112 7.420 7.739 8.068 8.408 8.758 9.119 9.363 9.513 9.655 9.788 9.912 10.027 10.134 10.232 10.321 10.402 10.473 10.536 10.630 10.728 10.802 10.853 10.879 10.881 10.860 10.814 10.745 10.651 10.534 10.392 10.438 10.588 10.748 10.919 11.102 11.295 11.499 11.715 11.941 12.179 12.427 12.687 12.226 11.536 10.834 10.121 9.396 8.660 7.913 7.154 6.384 5.603 4.810 4.006 4.179 4.660 5.387 6.194 7.081 8.048 9.095 10.222 11.428 12.715 14.082 15.528 18.534 21.610
5.936 6.238 6.552 6.875 7.210 7.555 7.910 8.276 8.653 9.040 9.438 9.715 9.835 9.946 10.049 10.143 10.228 10.304 10.372 10.431 10.481 10.522 10.554 10.573 10.565 10.533 10.476 10.396 10.292 10.164 10.012 9.836 9.636 9.412 9.164 9.155 9.354 9.563 9.784 10.015 10.258 10.511 10.776 11.051 11.338 11.635 11.944 11.579 10.838 10.086 9.322 8.578 7.905 7.266 6.662 6.092 5.557 5.057 4.591 5.160 6.162 7.243 8.404 9.646 10.967 12.368 13.849 15.409 17.050 18.771 20.571 23.316 26.218
5.876 6.215 6.565 6.926 7.297 7.679 8.072 8.475 8.888 9.312 9.747 10.075 10.165 10.246 10.318 10.381 10.436 10.482 10.519 10.548 10.568 10.578 10.580 10.543 10.429 10.290 10.127 9.941 9.730 9.496 9.237 8.955 8.649 8.319 7.965 7.862 8.110 8.368 8.638 8.918 9.210 9.512 9.849 10.206 10.536 10.839 11.115 10.870 10.211 9.587 8.998 8.443 7.923 7.438 6.987 6.571 6.189 5.842 5.530 6.224 7.579 9.015 10.530 12.125 13.801 15.555 17.390 19.305 21.299 23.374 25.528 28.129 30.858
5.806 6.182 6.569 6.967 7.375 7.794 8.223 8.663 9.113 9.574 10.045 10.443 10.502 10.552 10.594 10.627 10.652 10.668 10.675 10.673 10.663 10.643 10.614 10.541 10.319 10.074 9.805 9.513 9.196 8.855 8.490 8.102 7.689 7.317 7.052 7.026 7.453 7.854 8.227 8.572 8.891 9.182 9.445 9.681 9.890 10.072 10.226 10.085 9.580 9.109 8.673 8.272 7.905 7.573 7.276 7.013 6.785 6.591 6.432 7.204 8.913 10.703 12.572 14.521 16.550 18.658 20.847 23.115 25.463 27.890 30.398 32.975 35.530
5.726 6.140 6.563 6.998 7.443 7.898 8.364 8.841 9.328 9.826 10.334 10.817 10.846 10.867 10.878 10.881 10.875 10.861 10.838 10.806 10.765 10.715 10.656 10.565 10.226 9.876 9.545 9.232 8.938 8.663 8.407 8.169 7.950 7.750 7.568 7.500 7.807 8.086 8.338 8.562 8.759 8.929 9.071 9.186 9.274 9.335 9.368 9.264 8.912 8.595 8.313 8.065 7.852 7.673 7.529 7.419 7.344 7.304 7.298 8.100 10.163 12.306 14.529 16.832 19.214 21.676 24.218 26.839 29.540 32.321 35.182 37.853 40.234
5.637 6.087 6.547 7.019 7.500 7.993 8.495 9.009 9.533 10.067 10.612 11.168 11.198 11.188 11.170 11.142 11.090 10.934 10.785 10.642 10.506 10.384 10.275 10.172 9.891 9.624 9.375 9.146 8.935 8.743 8.570 8.415 8.279 8.162 8.063 8.004 8.190 8.348 8.478 8.581 8.657 8.706 8.727 8.721 8.688 8.627 8.540 8.408 8.210 8.046 7.916 7.822 7.762 7.736 7.745 7.789 7.867 7.980 8.127 8.913 11.330 13.826 16.403 19.058 21.794 24.609 27.504 30.478 33.532 36.666 39.880 42.762 44.971
5.537 6.024 6.521 7.029 7.548 8.077 8.617 9.167 9.727 10.269 10.701 11.126 11.071 10.911 10.758 10.612 10.472 10.339 10.213 10.093 9.981 9.882 9.797 9.717 9.534 9.350 9.185 9.039 8.911 8.802 8.711 8.640 8.587 8.553 8.537 8.540 8.602 8.638 8.648 8.630 8.585 8.513 8.413 8.286 8.132 7.950 7.741 7.516 7.471 7.461 7.484 7.543 7.636 7.763 7.925 8.122 8.353 8.619 8.919 9.643 12.413 15.263 18.192 21.201 24.289 27.457 30.705 34.032 37.439 40.926 44.492 47.704 49.740
5.428 5.951 6.462 6.917 7.365 7.807 8.243 8.672 9.095 9.511 9.921 10.324 10.354 10.217 10.088 9.965 9.848 9.739 9.636 9.540 9.450 9.375 9.313 9.257 9.157 9.057 8.974 8.911 8.866 8.840 8.833 8.844 8.874 8.923 8.990 9.076 9.043 8.959 8.847 8.708 8.542 8.349 8.128 7.881 7.605 7.303 6.973 6.616 6.697 6.840 7.017 7.228 7.474 7.755 8.070 8.419 8.803 9.222 9.675 10.290 13.413 16.615 19.897 23.259 26.700 30.221 33.821 37.501 41.260 45.099 49.018 52.678 54.541
4.981 5.426 5.865 6.298 6.724 7.144 7.558 7.965 8.366 8.760 9.148 9.529 9.632 9.519 9.412 9.313 9.220 9.133 9.054 8.981 8.915 8.863 8.825 8.792 8.760 8.742 8.743 8.762 8.801 8.857 8.933 9.027 9.140 9.272 9.422 9.591 9.513 9.308 9.076 8.816 8.529 8.215 7.873 7.505 7.109 6.686 6.235 5.758 5.888 6.183 6.513 6.878 7.276 7.710 8.178 8.680 9.217 9.788 10.394 11.034 14.329 17.884 21.519 25.233 29.027 32.900 36.853 40.885 44.997 49.188 53.458 57.222 57.723
4.435 4.858 5.275 5.686 6.090 6.488 6.879 7.264 7.643 8.015 8.381 8.741 8.904 8.815 8.732 8.655 8.586 8.523 8.466 8.417 8.374 8.345 8.330 8.321 8.343 8.407 8.491 8.593 8.714 8.854 9.012 9.189 9.385 9.599 9.832 10.084 10.013 9.687 9.333 8.953 8.545 8.110 7.648 7.159 6.642 6.098 5.527 4.929 5.043 5.491 5.974 6.491 7.043 7.629 8.249 8.905 9.594 10.318 11.076 11.869 15.163 19.070 23.022 26.821 30.458 33.932 37.244 40.392 43.379 46.202 48.863 51.362 51.915
3.895 4.297 4.692 5.080 5.463 5.838 6.208 6.571 6.927 7.278 7.622 7.959 8.172 8.106 8.046 7.993 7.946 7.906 7.873 7.847 7.827 7.822 7.831 7.845 7.904 8.052 8.219 8.404 8.608 8.830 9.071 9.331 9.609 9.906 10.222 10.557 10.541 10.094 9.620 9.119 8.591 8.035 7.452 6.842 6.205 5.541 4.849 4.130 4.163 4.764 5.399 6.069 6.773 7.590 8.619 9.674 10.756 11.865 13.000 14.162 17.012 20.419 23.663 26.745 29.664 32.421 35.015 37.447 39.716 41.823 43.767 45.548 46.131
3.362 3.742 4.115 4.481 4.842 5.196 5.543 5.884 6.219 6.547 6.869 7.184 7.434 7.391 7.355 7.325 7.302 7.285 7.275 7.272 7.276 7.294 7.326 7.364 7.446 7.676 7.926 8.194 8.480 8.785 9.109 9.452 9.813 10.192 10.591 11.008 11.099 10.531 9.937 9.315 8.666 7.990 7.286 6.556 5.893 5.443 4.920 4.323 4.444 5.458 6.498 7.565 8.658 9.778 10.925 12.098 13.297 14.523 15.776 17.055 19.252 21.942 24.469 26.833 29.035 31.075 32.952 34.667 36.220 37.610 38.837 39.903 40.372
