DATA/SHG/ECMWF/20170628/EN-11/20170702.en-11.asc
ncols        190
nrows        64
xllcorner    -5100000.000000000000
yllcorner    4130000.000000000000
cellsize     10000.000000000000
NODATA_value  -99999.000
[rows 0 to 31 of 64, columns 0 to 72 of 190]
1.181 1.297 1.418 1.544 1.676 1.812 1.954 2.100 2.252 2.341 2.405 2.468 2.527 2.584 2.639 2.690 2.740 2.786 2.830 2.939 3.085 3.223 3.367 3.530 3.710 3.909 4.126 4.362 4.615 4.887 5.177 5.485 5.811 5.939 5.911 5.856 5.775 5.667 5.533 5.372 5.185 4.972 4.732 4.466 4.174 3.953 3.803 3.641 3.468 3.283 3.087 2.879 2.659 2.428 2.185 1.931 1.665 1.469 1.366 1.262 1.158 1.053 0.947 0.841 0.735 0.628 0.520 0.411 0.303 0.230 0.220 0.210 0.202
1.229 1.363 1.502 1.647 1.796 1.951 2.111 2.276 2.446 2.549 2.605 2.657 2.725 2.811 2.914 3.034 3.171 3.326 3.498 3.688 3.895 4.101 4.310 4.536 4.781 5.044 5.325 5.624 5.941 6.277 6.631 7.003 7.393 7.561 7.439 7.291 7.117 6.916 6.688 6.434 6.154 5.848 5.515 5.156 4.770 4.451 4.260 4.057 3.843 3.618 3.380 3.132 2.871 2.599 2.315 2.020 1.714 1.465 1.360 1.254 1.148 1.041 0.933 0.825 0.716 0.607 0.497 0.387 0.276 0.190 0.184 0.179 0.175
1.271 1.424 1.581 1.744 1.917 2.106 2.280 2.438 2.581 2.690 2.785 2.897 3.026 3.173 3.337 3.519 3.717 3.933 4.167 4.418 4.686 4.959 5.232 5.522 5.831 6.158 6.502 6.866 7.247 7.646 8.064 8.499 8.953 9.208 8.993 8.751 8.484 8.189 7.869 7.522 7.148 6.749 6.323 5.870 5.392 4.960 4.728 4.485 4.230 3.963 3.685 3.395 3.094 2.781 2.457 2.121 1.773 1.462 1.354 1.247 1.138 1.029 0.920 0.809 0.699 0.587 0.476 0.363 0.291 0.217 0.242 0.263 0.280
1.551 1.747 1.928 2.093 2.243 2.378 2.498 2.602 2.691 2.788 2.944 3.117 3.308 3.516 3.741 3.984 4.244 4.521 4.816 5.128 5.457 5.797 6.133 6.487 6.860 7.251 7.659 8.086 8.531 8.994 9.476 9.975 10.493 10.880 10.571 10.237 9.875 9.488 9.074 8.634 8.168 7.675 7.156 6.611 6.039 5.480 5.207 4.923 4.627 4.320 4.001 3.670 3.328 2.975 2.610 2.233 1.845 1.459 1.350 1.240 1.139 1.142 1.124 1.086 1.028 0.949 0.850 0.731 0.591 0.430 0.438 0.444 0.447
2.110 2.252 2.379 2.490 2.586 2.667 2.732 2.782 2.817 2.867 3.084 3.319 3.571 3.840 4.126 4.430 4.751 5.089 5.445 5.818 6.209 6.614 7.014 7.432 7.868 8.323 8.795 9.286 9.795 10.321 10.866 11.430 12.011 12.576 12.174 11.746 11.292 10.812 10.305 9.772 9.213 8.627 8.015 7.377 6.712 6.021 5.697 5.372 5.036 4.687 4.328 3.956 3.574 3.200 2.903 2.626 2.370 2.136 2.108 2.080 2.032 1.963 1.873 1.764 1.634 1.483 1.313 1.121 0.910 0.678 0.638 0.630 0.618
2.686 2.773 2.846 2.903 2.945 2.972 2.983 2.979 2.960 2.927 3.205 3.501 3.814 4.144 4.492 4.857 5.239 5.638 6.055 6.489 6.940 7.409 7.874 8.356 8.856 9.374 9.910 10.465 11.037 11.628 12.236 12.863 13.508 14.171 13.802 13.281 12.734 12.161 11.561 10.935 10.283 9.604 8.900 8.168 7.411 6.627 6.187 5.816 5.466 5.137 4.829 4.542 4.276 4.030 3.806 3.603 3.421 3.260 3.163 3.063 2.943 2.802 2.641 2.460 2.258 2.036 1.794 1.531 1.248 0.944 0.841 0.819 0.792
3.277 3.311 3.329 3.332 3.320 3.293 3.250 3.192 3.118 3.030 3.308 3.664 4.038 4.430 4.838 5.264 5.707 6.168 6.646 7.141 7.653 8.182 8.714 9.260 9.823 10.405 11.005 11.623 12.259 12.913 13.585 14.276 14.984 15.710 15.455 14.841 14.201 13.535 12.842 12.008 11.101 10.219 9.361 8.528 7.720 6.935 6.481 6.184 5.907 5.652 5.417 5.203 5.011 4.839 4.688 4.558 4.449 4.361 4.236 4.064 3.872 3.660 3.428 3.175 2.901 2.608 2.294 1.959 1.605 1.229 1.048 1.011 0.971
3.885 3.864 3.829 3.778 3.711 3.630 3.533 3.421 3.294 3.151 3.391 3.809 4.244 4.696 5.166 5.652 6.157 6.678 7.217 7.773 8.346 8.936 9.533 10.142 10.770 11.415 12.079 12.760 13.460 14.178 14.913 15.667 16.197 16.633 16.219 15.276 14.358 13.463 12.594 11.748 10.928 10.131 9.359 8.612 7.889 7.191 6.754 6.530 6.327 6.145 5.984 5.843 5.724 5.626 5.548 5.491 5.456 5.441 5.327 5.084 4.821 4.537 4.233 3.908 3.563 3.198 2.812 2.407 1.980 1.534 1.259 1.208 1.152
4.508 4.434 4.344 4.239 4.119 3.983 3.833 3.667 3.485 3.289 3.455 3.934 4.430 4.943 5.474 6.022 6.587 7.169 7.768 8.385 9.019 9.670 10.332 11.005 11.696 12.219 12.714 13.192 13.653 14.098 14.526 14.938 15.333 15.712 15.506 14.648 13.816 13.007 12.224 11.464 10.729 10.019 9.333 8.672 8.035 7.422 7.006 6.855 6.726 6.617 6.529 6.462 6.416 6.391 6.386 6.403 6.441 6.499 6.437 6.122 5.787 5.432 5.056 4.660 4.244 3.807 3.350 2.873 2.375 1.857 1.473 1.407 1.338
5.148 5.019 4.875 4.717 4.542 4.353 4.148 3.928 3.693 3.443 3.501 4.040 4.597 5.171 5.763 6.371 6.997 7.632 8.208 8.771 9.320 9.856 10.371 10.857 11.327 11.780 12.217 12.637 13.040 13.427 13.797 14.151 14.488 14.809 14.768 13.997 13.250 12.528 11.830 11.156 10.507 9.882 9.282 8.707 8.155 7.629 7.237 7.159 7.103 7.067 7.052 7.059 7.086 7.134 7.203 7.293 7.403 7.535 7.565 7.178 6.772 6.345 5.898 5.430 4.943 4.435 3.906 3.358 2.789 2.200 1.690 1.611 1.527
5.803 5.621 5.423 5.210 4.982 4.739 4.480 4.206 3.918 3.613 3.541 4.163 4.772 5.368 5.950 6.519 7.075 7.618 8.147 8.663 9.166 9.655 10.125 10.553 10.964 11.359 11.738 12.100 12.445 12.774 13.086 13.382 13.661 13.924 14.007 13.321 12.660 12.024 11.411 10.824 10.260 9.722 9.207 8.717 8.252 7.810 7.446 7.442 7.459 7.496 7.555 7.634 7.734 7.855 7.998 8.160 8.344 8.549 8.711 8.253 7.775 7.277 6.758 6.220 5.661 5.081 4.481 3.862 3.221 2.561 1.912 1.818 1.719
6.474 6.238 5.986 5.684 5.360 5.054 4.765 4.493 4.239 4.003 3.867 4.443 5.005 5.554 6.090 6.613 7.122 7.618 8.101 8.570 9.026 9.469 9.896 10.266 10.619 10.956 11.277 11.581 11.868 12.139 12.394 12.631 12.853 13.058 13.221 12.622 12.046 11.496 10.969 10.467 9.989 9.536 9.107 8.703 8.323 7.968 7.636 7.703 7.793 7.904 8.035 8.188 8.361 8.556 8.771 9.007 9.263 9.541 9.840 9.346 8.797 8.227 7.637 7.027 6.397 5.746 5.075 4.527 4.083 3.643 3.206 3.278 3.363
6.599 6.284 5.987 5.707 5.445 5.200 4.973 4.763 4.571 4.396 4.239 4.736 5.252 5.755 6.244 6.720 7.182 7.632 8.068 8.491 8.900 9.297 9.680 9.996 10.292 10.571 10.834 11.080 11.309 11.522 11.719 11.899 12.062 12.209 12.340 11.898 11.409 10.944 10.503 10.086 9.694 9.327 8.983 8.665 8.370 8.100 7.854 7.943 8.106 8.290 8.495 8.720 8.967 9.234 9.522 9.831 10.161 10.511 10.883 10.457 9.953 9.498 9.045 8.596 8.151 7.708 7.269 6.834 6.401 5.972 5.546 5.460 5.436
6.418 6.165 5.929 5.711 5.510 5.327 5.161 5.013 4.882 4.769 4.674 5.044 5.513 5.969 6.411 6.841 7.257 7.660 8.049 8.426 8.789 9.139 9.475 9.745 9.983 10.204 10.408 10.597 10.768 10.923 11.062 11.184 11.290 11.379 11.452 11.151 10.747 10.368 10.012 9.682 9.375 9.093 8.835 8.602 8.393 8.208 8.048 8.162 8.398 8.655 8.933 9.231 9.551 9.984 10.467 10.983 11.533 12.116 12.732 12.625 12.177 11.732 11.291 10.853 10.418 9.987 9.559 9.134 8.713 8.295 7.880 7.668 7.535
6.217 6.026 5.852 5.695 5.556 5.434 5.330 5.244 5.175 5.123 5.089 5.365 5.787 6.197 6.593 6.976 7.345 7.702 8.045 8.375 8.691 8.995 9.285 9.511 9.691 9.854 10.001 10.131 10.245 10.342 10.423 10.488 10.536 10.567 10.582 10.380 10.062 9.768 9.498 9.253 9.032 8.835 8.662 8.514 8.391 8.291 8.285 8.503 8.903 9.336 9.802 10.302 10.835 11.401 12.000 12.632 13.298 13.997 14.730 14.831 14.394 13.961 13.530 13.104 12.680 12.260 11.843 11.429 11.019 10.612 10.208 9.902 9.661
5.998 5.868 5.755 5.660 5.583 5.523 5.480 5.455 5.448 5.458 5.485 5.699 6.075 6.438 6.788 7.124 7.447 7.757 8.054 8.337 8.608 8.865 9.109 9.295 9.417 9.522 9.611 9.684 9.740 9.779 9.803 9.809 9.799 9.773 9.730 9.586 9.353 9.144 8.972 8.892 8.834 8.797 8.780 8.785 8.811 8.857 8.925 9.186 9.703 10.252 10.835 11.450 12.100 12.782 13.498 14.246 15.029 15.844 16.692 17.031 16.605 16.183 15.764 15.348 14.935 14.526 14.120 13.717 13.318 12.922 12.529 12.163 11.812
5.759 5.691 5.640 5.607 5.591 5.592 5.611 5.647 5.701 5.773 5.861 6.048 6.377 6.694 6.997 7.287 7.563 7.827 8.077 8.314 8.538 8.749 8.946 9.096 9.160 9.208 9.239 9.254 9.252 9.234 9.200 9.161 9.150 9.149 9.159 9.145 9.076 9.028 9.001 8.996 9.011 9.047 9.104 9.182 9.282 9.402 9.543 9.835 10.468 11.133 11.832 12.565 13.330 14.129 14.960 15.825 16.724 17.655 18.620 19.225 18.810 18.399 17.991 17.586 17.184 16.786 16.391 15.999 15.611 15.226 14.844 14.450 13.991
5.502 5.495 5.506 5.534 5.579 5.642 5.722 5.820 5.936 6.068 6.218 6.410 6.693 6.963 7.220 7.463 7.693 7.911 8.115 8.305 8.483 8.647 8.798 8.915 8.896 8.851 8.815 8.790 8.775 8.769 8.774 8.788 8.812 8.846 8.890 8.932 8.937 8.963 9.010 9.077 9.166 9.276 9.406 9.558 9.731 9.924 10.139 10.450 11.198 11.980 12.796 13.644 14.526 15.440 16.388 17.369 18.384 19.431 20.512 21.413 21.009 20.609 20.212 19.818 19.427 19.040 18.656 18.275 17.898 17.524 17.153 16.763 16.195
5.226 5.280 5.352 5.442 5.549 5.673 5.815 5.974 6.150 6.345 6.556 6.785 7.022 7.246 7.456 7.653 7.837 7.955 8.033 8.103 8.163 8.215 8.258 8.290 8.270 8.260 8.259 8.269 8.288 8.317 8.356 8.405 8.464 8.532 8.611 8.699 8.777 8.876 8.997 9.138 9.300 9.483 9.687 9.912 10.158 10.425 10.713 11.030 11.895 12.793 13.724 14.689 15.687 16.717 17.781 18.878 20.009 21.172 22.369 23.595 23.202 22.812 22.426 22.043 21.664 21.288 20.915 20.545 20.179 19.816 19.456 19.099 18.426
4.931 5.047 5.180 5.331 5.499 5.685 5.888 6.108 6.346 6.601 6.807 6.992 7.099 7.191 7.273 7.347 7.412 7.468 7.516 7.554 7.584 7.605 7.618 7.621 7.635 7.659 7.693 7.738 7.792 7.855 7.929 8.013 8.106 8.209 8.322 8.445 8.596 8.768 8.962 9.177 9.412 9.669 9.946 10.245 10.564 10.904 11.265 11.648 12.557 13.571 14.619 15.699 16.813 17.960 19.140 20.353 21.599 22.878 24.191 25.536 25.389 25.010 24.635 24.263 23.895 23.529 23.167 22.809 22.453 22.101 21.752 21.407 20.683
4.617 4.794 4.989 5.210 5.423 5.629 5.825 6.014 6.195 6.367 6.531 6.687 6.776 6.837 6.889 6.932 6.966 6.991 7.008 7.016 7.016 7.006 6.988 6.961 6.990 7.049 7.118 7.197 7.286 7.384 7.492 7.611 7.739 7.877 8.024 8.182 8.393 8.639 8.906 9.194 9.503 9.833 10.184 10.555 10.948 11.361 11.796 12.251 13.185 14.315 15.479 16.675 17.905 19.167 20.463 21.792 23.154 24.549 25.977 27.439 27.569 27.202 26.837 26.477 26.119 25.765 25.414 24.877 24.061 23.278 22.526 21.807 20.725
4.541 4.750 4.951 5.144 5.329 5.505 5.673 5.833 5.985 6.129 6.265 6.392 6.463 6.493 6.514 6.526 6.530 6.525 6.511 6.488 6.457 6.417 6.368 6.310 6.336 6.430 6.533 6.647 6.770 6.903 7.046 7.199 7.362 7.534 7.716 7.908 8.169 8.489 8.829 9.190 9.573 9.976 10.400 10.845 11.310 11.797 12.305 12.833 13.779 15.025 16.304 17.617 18.962 20.341 21.752 23.197 24.674 26.185 27.729 29.306 29.446 28.518 27.622 26.758 25.926 25.126 24.359 23.623 22.919 22.248 21.608 21.001 20.049
4.570 4.750 4.923 5.087 5.243 5.391 5.530 5.662 5.785 5.900 6.007 6.106 6.159 6.158 6.149 6.131 6.104 6.068 6.023 5.970 5.908 5.837 5.758 5.670 5.673 5.801 5.939 6.087 6.245 6.413 6.590 6.778 6.975 7.182 7.399 7.625 7.925 8.317 8.731 9.165 9.621 10.097 10.594 11.112 11.651 12.211 12.792 13.393 14.339 15.701 17.096 18.524 19.985 21.223 22.291 23.334 24.353 25.347 26.317 27.261 27.380 26.564 25.780 25.028 24.308 23.620 22.965 22.341 21.749 21.189 20.662 20.166 19.368
4.608 4.760 4.903 5.039 5.166 5.285 5.396 5.499 5.594 5.680 5.759 5.829 5.865 5.834 5.794 5.745 5.687 5.621 5.546 5.462 5.370 5.268 5.158 5.039 5.000 5.163 5.335 5.518 5.710 5.913 6.125 6.347 6.578 6.820 7.071 7.332 7.659 8.124 8.611 9.119 9.648 10.197 10.767 11.358 11.970 12.603 13.091 13.510 14.141 15.247 16.329 17.386 18.418 19.425 20.407 21.365 22.298 23.207 24.090 24.949 25.286 24.582 23.910 23.270 22.662 22.086 21.542 21.030 20.550 20.102 19.686 19.302 18.683
4.655 4.778 4.893 5.000 5.098 5.189 5.271 5.346 5.412 5.470 5.519 5.561 5.581 5.519 5.449 5.369 5.281 5.184 5.078 4.964 4.841 4.709 4.569 4.419 4.317 4.515 4.722 4.939 5.166 5.403 5.650 5.906 6.172 6.448 6.734 7.030 7.371 7.911 8.470 8.976 9.457 9.920 10.366 10.795 11.206 11.599 11.975 12.334 12.799 13.819 14.815 15.786 16.732 17.654 18.551 19.423 20.270 21.093 21.891 22.664 23.164 22.572 22.012 21.483 20.987 20.523 20.091 19.690 19.322 18.986 18.681 18.409 17.993
4.714 4.805 4.891 4.969 5.040 5.102 5.155 5.201 5.239 5.268 5.289 5.302 5.307 5.215 5.113 5.003 4.885 4.757 4.621 4.476 4.322 4.160 3.989 3.809 3.626 3.858 4.099 4.351 4.613 4.884 5.165 5.456 5.759 6.058 6.354 6.646 6.939 7.411 7.866 8.304 8.724 9.126 9.512 9.880 10.230 10.563 10.879 11.177 11.482 12.417 13.327 14.212 15.073 15.909 16.720 17.507 18.269 19.006 19.718 20.406 21.014 20.534 20.085 19.669 19.284 18.931 18.611 18.322 18.065 17.841 17.648 17.487 17.298
4.832 4.841 4.899 4.948 4.990 5.023 5.048 5.066 5.075 5.075 5.068 5.053 5.029 4.920 4.788 4.647 4.498 4.340 4.173 3.998 3.814 3.621 3.419 3.209 2.999 3.249 3.561 3.870 4.175 4.476 4.773 5.067 5.358 5.645 5.928 6.208 6.484 6.878 7.273 7.649 8.009 8.351 8.676 8.983 9.273 9.546 9.801 10.039 10.260 11.041 11.865 12.665 13.440 14.191 14.916 15.617 16.294 16.945 17.572 18.175 18.752 18.467 18.130 17.826 17.553 17.312 17.102 16.925 16.780 16.667 16.585 16.536 16.519
4.964 4.885 4.915 4.936 4.949 4.954 4.951 4.939 4.920 4.892 4.856 4.812 4.760 4.635 4.472 4.301 4.121 3.966 3.867 3.744 3.599 3.431 3.241 3.028 2.793 2.939 3.239 3.535 3.827 4.116 4.402 4.683 4.961 5.236 5.507 5.774 6.038 6.363 6.697 7.014 7.313 7.594 7.859 8.106 8.335 8.548 8.742 8.920 9.080 9.691 10.430 11.144 11.834 12.498 13.139 13.754 14.345 14.911 15.453 15.970 16.462 16.373 16.148 15.954 15.793 15.663 15.566 15.500 15.466 15.464 15.494 15.556 15.650
5.111 4.939 4.940 4.933 4.917 4.893 4.862 4.822 4.774 4.718 4.707 4.765 4.833 4.829 4.740 4.629 4.495 4.339 4.160 3.958 3.734 3.487 3.217 2.925 2.610 2.634 2.921 3.205 3.485 3.761 4.034 4.303 4.569 4.831 5.089 5.344 5.595 5.867 6.140 6.396 6.635 6.856 7.060 7.247 7.416 7.568 7.702 7.819 7.919 8.368 9.021 9.649 10.253 10.833 11.388 11.918 12.423 12.904 13.360 13.792 14.199 14.251 14.137 14.055 14.005 13.987 14.000 14.046 14.123 14.233 14.374 14.547 14.752
5.273 5.002 4.974 4.968 4.987 5.016 5.057 5.109 5.172 5.246 5.330 5.426 5.533 5.542 5.374 5.183 4.970 4.735 4.476 4.195 3.892 3.566 3.217 2.846 2.452 2.332 2.607 2.878 3.146 3.410 3.670 3.927 4.180 4.430 4.676 4.919 5.158 5.389 5.602 5.797 5.976 6.136 6.280 6.406 6.515 6.607 6.681 6.737 6.777 7.070 7.638 8.181 8.699 9.193 9.663 10.108 10.528 10.923 11.294 11.641 11.962 12.100 12.098 12.127 12.188 12.281 12.407 12.563 12.771 13.009 13.235 13.447 13.647
5.550 5.228 5.263 5.309 5.367 5.435 5.514 5.604 5.705 5.818 5.941 6.075 6.220 6.278 6.031 5.762 5.469 5.154 4.817 4.457 4.074 3.669 3.241 2.790 2.317 2.035 2.297 2.556 2.811 3.063 3.311 3.555 3.796 4.033 4.267 4.497 4.724 4.929 5.082 5.217 5.335 5.435 5.518 5.584 5.633 5.664 5.678 5.674 5.654 5.798 6.281 6.738 7.172 7.580 7.964 8.324 8.659 8.969 9.255 9.516 9.752 10.022 10.306 10.577 10.836 11.081 11.313 11.533 11.740 11.933 12.114 12.282 12.437
5.883 5.480 5.554 5.638 5.734 5.841 5.958 6.087 6.226 6.377 6.538 6.711 6.894 7.038 6.712 6.363 5.992 5.597 5.181 4.742 4.280 3.795 3.288 2.759 2.207 1.741 1.991 2.238 2.480 2.720 2.955 3.187 3.416 3.641 3.862 4.080 4.294 4.487 4.580 4.654 4.712 4.752 4.775 4.781 4.769 4.740 4.694 4.630 4.549 4.552 4.949 5.322 5.670 5.993 6.455 6.993 7.489 7.941 8.350 8.717 9.040 9.317 9.556 9.783 9.996 10.197 10.385 10.560 10.722 10.871 11.007 11.130 11.241
