DATA/SHG/ECMWF/20170628/EN-11/20170707.en-11.asc
ncols        190
nrows        64
xllcorner    -5100000.000000000000
yllcorner    4130000.000000000000
cellsize     10000.000000000000
NODATA_value  -99999.000
[rows 0 to 32 of 64, columns 75 to 149 of 190]
3.023 3.101 3.179 3.257 3.335 3.413 3.504 3.609 3.711 3.819 3.935 4.059 4.189 4.328 4.473 4.627 4.787 4.955 5.116 5.226 5.331 5.437 5.545 5.654 5.764 5.875 5.987 6.100 6.215 6.330 6.464 6.647 6.821 6.986 7.142 7.288 7.426 7.554 7.672 7.782 7.882 7.973 7.950 7.593 7.225 6.847 6.459 6.060 5.652 5.233 4.804 4.364 3.915 3.455 3.029 2.737 2.458 2.190 1.933 1.689 1.456 1.236 1.027 0.829 0.644 0.471 0.357 0.384 0.412 0.441 0.471 0.502 0.535 0.568 0.603
3.277 3.310 3.348 3.393 3.443 3.500 3.572 3.692 3.819 3.954 4.096 4.245 4.402 4.566 4.738 4.917 5.103 5.297 5.490 5.605 5.715 5.827 5.939 6.053 6.168 6.284 6.402 6.520 6.640 6.761 6.885 7.027 7.160 7.284 7.398 7.503 7.599 7.686 7.764 7.832 7.891 7.941 7.927 7.523 7.110 6.686 6.252 5.808 5.353 4.889 4.414 3.929 3.433 2.928 2.450 2.211 1.984 1.769 1.565 1.373 1.194 1.025 0.869 0.725 0.592 0.471 0.383 0.415 0.448 0.482 0.517 0.554 0.591 0.630 0.670
3.204 3.258 3.318 3.384 3.456 3.534 3.621 3.767 3.920 4.081 4.249 4.424 4.607 4.797 4.995 5.200 5.412 5.632 5.860 5.982 6.097 6.214 6.332 6.451 6.571 6.692 6.815 6.938 7.063 7.189 7.316 7.417 7.509 7.591 7.664 7.728 7.783 7.828 7.865 7.892 7.910 7.918 7.914 7.465 7.006 6.536 6.056 5.566 5.066 4.556 4.035 3.504 2.963 2.412 1.860 1.673 1.499 1.336 1.185 1.046 0.919 0.804 0.700 0.608 0.528 0.460 0.427 0.499 0.565 0.624 0.677 0.724 0.764 0.798 0.826
3.125 3.200 3.282 3.369 3.463 3.563 3.669 3.836 4.015 4.201 4.395 4.597 4.805 5.021 5.245 5.476 5.714 5.960 6.213 6.357 6.478 6.599 6.722 6.847 6.972 7.098 7.226 7.354 7.484 7.615 7.748 7.816 7.866 7.908 7.940 7.962 7.976 7.980 7.975 7.961 7.938 7.906 7.864 7.418 6.913 6.397 5.872 5.336 4.790 4.234 3.668 3.091 2.504 1.907 1.300 1.124 1.002 0.964 0.988 1.002 1.006 1.001 0.986 0.961 0.927 0.882 0.828 0.865 0.902 0.933 0.958 0.976 0.988 0.994 0.993
3.040 3.137 3.240 3.349 3.464 3.585 3.713 3.897 4.102 4.315 4.535 4.762 4.996 5.238 5.488 5.745 6.009 6.281 6.560 6.730 6.856 6.983 7.111 7.240 7.371 7.502 7.635 7.769 7.904 8.040 8.177 8.225 8.234 8.234 8.225 8.206 8.179 8.142 8.096 8.041 7.977 7.903 7.820 7.382 6.831 6.270 5.699 5.117 4.559 4.044 3.555 3.091 2.652 2.238 1.850 1.781 1.781 1.771 1.751 1.722 1.683 1.634 1.575 1.506 1.428 1.340 1.243 1.236 1.245 1.248 1.244 1.234 1.218 1.195 1.166
2.950 3.068 3.192 3.323 3.460 3.602 3.751 3.952 4.183 4.421 4.667 4.920 5.180 5.448 5.724 6.006 6.297 6.594 6.899 7.102 7.233 7.365 7.498 7.632 7.768 7.904 8.042 8.181 8.321 8.463 8.605 8.643 8.611 8.570 8.520 8.460 8.391 8.313 8.226 8.107 7.962 7.804 7.635 7.215 6.686 6.183 5.705 5.253 4.825 4.423 4.046 3.695 3.368 3.067 2.791 2.684 2.640 2.587 2.523 2.450 2.368 2.275 2.173 2.061 1.939 1.807 1.666 1.613 1.594 1.568 1.537 1.498 1.454 1.403 1.346
2.854 2.993 3.139 3.291 3.449 3.614 3.784 3.999 4.256 4.520 4.792 5.071 5.357 5.651 5.952 6.261 6.577 6.900 7.231 7.471 7.607 7.745 7.883 8.022 8.163 8.305 8.448 8.592 8.737 8.883 9.018 9.024 8.919 8.803 8.675 8.536 8.385 8.222 8.047 7.861 7.664 7.454 7.233 6.893 6.477 6.086 5.721 5.381 5.066 4.776 4.511 4.272 4.057 3.868 3.704 3.596 3.509 3.411 3.305 3.188 3.062 2.925 2.780 2.624 2.459 2.284 2.099 1.996 1.949 1.895 1.835 1.768 1.695 1.616 1.531
2.752 2.913 3.081 3.254 3.434 3.619 3.811 4.040 4.323 4.613 4.910 5.215 5.527 5.847 6.174 6.509 6.850 7.199 7.556 7.839 7.980 8.221 8.472 8.691 8.876 9.029 9.147 9.233 9.285 9.304 9.290 9.208 9.051 8.883 8.703 8.511 8.308 8.093 7.866 7.628 7.378 7.117 6.844 6.545 6.241 5.963 5.710 5.482 5.279 5.101 4.949 4.821 4.719 4.642 4.590 4.517 4.386 4.245 4.095 3.934 3.765 3.585 3.396 3.196 2.988 2.769 2.541 2.385 2.309 2.227 2.139 2.044 1.943 1.836 1.722
2.645 2.827 3.016 3.211 3.412 3.619 3.832 4.074 4.382 4.698 5.022 5.352 5.690 6.083 6.665 7.253 7.848 8.450 9.058 9.560 9.730 9.866 9.969 10.039 10.076 10.079 10.050 9.987 9.890 9.761 9.598 9.404 9.195 8.975 8.743 8.499 8.244 7.977 7.698 7.408 7.106 6.793 6.468 6.171 5.980 5.813 5.672 5.556 5.466 5.400 5.360 5.344 5.354 5.389 5.449 5.446 5.272 5.088 4.894 4.690 4.477 4.253 4.021 3.778 3.526 3.264 2.992 2.780 2.676 2.565 2.449 2.326 2.196 2.061 1.919
2.532 2.736 2.946 3.162 3.385 3.613 3.920 4.407 4.972 5.544 6.122 6.707 7.299 7.897 8.501 9.112 9.730 10.354 10.985 11.539 11.560 11.547 11.502 11.423 11.311 11.166 10.988 10.776 10.531 10.253 9.942 9.613 9.352 9.080 8.795 8.500 8.193 7.874 7.543 7.201 6.847 6.482 6.105 5.771 5.691 5.637 5.608 5.604 5.626 5.672 5.744 5.840 5.962 6.109 6.281 6.385 6.167 5.939 5.701 5.454 5.197 4.931 4.655 4.368 4.073 3.767 3.452 3.180 3.048 2.909 2.765 2.613 2.456 2.292 2.122
2.671 3.093 3.537 4.002 4.488 4.996 5.525 6.076 6.664 7.258 7.859 8.467 9.081 9.702 10.329 10.963 11.603 12.250 12.903 13.534 13.424 13.263 13.069 12.842 12.582 12.288 11.961 11.601 11.208 10.782 10.322 9.834 9.521 9.197 8.861 8.513 8.154 7.783 7.401 7.007 6.601 6.183 5.754 5.344 5.377 5.435 5.518 5.626 5.759 5.917 6.101 6.309 6.543 6.802 7.086 7.332 7.070 6.799 6.518 6.228 5.927 5.617 5.298 4.968 4.629 4.280 3.921 3.586 3.426 3.259 3.086 2.907 2.721 2.529 2.331
3.806 4.303 4.821 5.361 5.922 6.504 7.108 7.733 8.347 8.964 9.588 10.218 10.855 11.498 12.148 12.804 13.467 14.137 14.813 15.467 15.323 15.014 14.672 14.296 13.887 13.446 12.970 12.462 11.921 11.346 10.739 10.098 9.703 9.327 8.939 8.539 8.128 7.705 7.271 6.825 6.367 5.898 5.417 4.925 5.036 5.206 5.401 5.621 5.866 6.136 6.431 6.752 7.097 7.468 7.863 8.284 7.983 7.668 7.344 7.010 6.666 6.313 5.950 5.577 5.194 4.802 4.410 4.058 4.041 4.124 4.306 4.589 4.971 5.453 6.035
4.920 5.491 6.084 6.698 7.333 7.990 8.668 9.368 10.021 10.661 11.307 11.960 12.620 13.286 13.958 14.637 15.323 16.015 16.714 17.390 17.257 16.800 16.309 15.785 15.229 14.638 14.015 13.359 12.670 11.947 11.191 10.402 9.898 9.469 9.030 8.578 8.115 7.641 7.154 6.656 6.147 5.626 5.093 4.549 4.669 4.951 5.258 5.589 5.946 6.328 6.735 7.167 7.624 8.106 8.613 9.146 8.904 8.483 8.007 7.555 7.128 6.725 6.347 5.993 5.663 5.358 5.077 4.821 5.205 5.731 6.357 7.083 7.908 8.833 9.858
6.012 6.658 7.325 8.014 8.723 9.455 10.207 10.981 11.687 12.350 13.019 13.694 14.376 15.065 15.760 16.462 17.170 17.885 18.606 19.305 19.226 18.621 17.982 17.310 16.605 15.867 15.096 14.291 13.454 12.583 11.680 10.743 10.105 9.624 9.133 8.630 8.115 7.588 7.050 6.501 5.939 5.367 4.782 4.186 4.276 4.670 5.088 5.531 6.075 6.658 7.178 7.634 8.026 8.354 8.619 8.821 8.542 8.150 7.782 7.439 7.120 6.826 6.556 6.310 6.089 5.892 5.719 5.571 6.268 7.237 8.306 9.475 10.743 12.111 13.579
7.082 7.803 8.544 9.307 10.091 10.897 11.724 12.572 13.345 14.030 14.722 15.420 16.124 16.836 17.553 18.278 19.008 19.746 20.489 21.212 21.230 20.476 19.690 18.870 18.017 17.131 16.211 15.259 14.274 13.256 12.204 11.120 10.324 9.792 9.249 8.694 8.127 7.549 6.959 6.495 6.185 5.906 5.657 5.438 5.716 6.270 6.761 7.188 7.552 7.852 8.089 8.261 8.371 8.417 8.399 8.317 8.076 7.792 7.533 7.298 7.087 6.901 6.739 6.602 6.489 6.400 6.336 6.296 7.231 8.643 10.154 11.765 13.476 15.286 17.196
8.131 8.926 9.742 10.579 11.438 12.317 13.218 14.141 14.994 15.702 16.416 17.137 17.864 18.598 19.338 20.085 20.838 21.598 22.364 23.109 23.269 22.367 21.432 20.464 19.464 18.430 17.363 16.263 15.130 13.964 12.793 11.673 10.867 10.479 10.122 9.796 9.499 9.233 8.997 8.791 8.616 8.470 8.355 8.270 8.389 8.661 8.868 9.013 9.093 9.111 9.064 8.955 8.781 8.544 8.244 7.880 7.586 7.410 7.259 7.133 7.030 6.952 6.898 6.869 6.864 6.883 6.927 6.995 8.093 9.947 11.900 13.954 16.107 18.359 20.711
9.158 10.027 10.918 11.829 12.762 13.716 14.691 15.688 16.635 17.365 18.102 18.845 19.595 20.351 21.114 21.883 22.659 23.442 24.231 24.998 25.342 24.127 22.812 21.539 20.309 19.122 17.978 16.876 15.818 14.803 13.830 12.900 12.188 11.935 11.713 11.520 11.358 11.226 11.124 11.052 11.010 10.999 11.018 11.067 11.126 11.115 11.040 10.901 10.700 10.434 10.105 9.713 9.257 8.738 8.155 7.509 7.071 7.004 6.961 6.942 6.948 6.978 7.033 7.111 7.214 7.342 7.493 7.669 8.854 11.150 13.546 16.041 18.635 21.329 24.123
10.164 11.107 12.072 13.058 14.064 15.093 16.142 17.213 18.267 19.020 19.779 20.545 21.318 22.068 22.465 22.854 23.234 23.606 23.970 24.343 24.568 23.401 22.276 21.193 20.154 19.158 18.204 17.294 16.426 15.601 14.818 14.079 13.475 13.356 13.268 13.209 13.181 13.183 13.215 13.277 13.370 13.492 13.645 13.828 13.927 13.633 13.275 12.854 12.370 11.822 11.211 10.537 9.799 8.997 8.132 7.204 6.533 6.573 6.638 6.728 6.842 6.980 7.142 7.329 7.539 7.775 8.034 8.318 9.515 12.253 15.090 18.026 21.062 24.198 27.433
11.148 12.166 13.204 14.264 15.345 16.448 17.519 18.337 19.140 19.559 19.961 20.354 20.739 21.116 21.484 21.844 22.195 22.538 22.873 23.217 23.572 22.627 21.693 20.801 19.952 19.146 18.383 17.663 16.985 16.351 15.759 15.210 14.727 14.742 14.788 14.863 14.969 15.105 15.271 15.467 15.693 15.950 16.236 16.553 16.791 16.214 15.575 14.872 14.105 13.275 12.382 11.426 10.406 9.322 8.175 6.965 5.970 6.118 6.291 6.489 6.710 6.956 7.227 7.521 7.840 8.183 8.550 8.942 10.075 13.254 16.533 19.911 23.388 26.964 30.640
11.865 12.722 13.564 14.390 15.202 15.998 16.779 17.545 18.295 18.731 19.103 19.468 19.824 20.171 20.511 20.842 21.164 21.479 21.784 22.100 22.425 21.806 21.062 20.361 19.703 19.087 18.514 17.984 17.497 17.052 16.651 16.292 15.976 16.094 16.273 16.482 16.722 16.991 17.291 17.621 17.981 18.372 18.792 19.242 19.719 18.860 17.938 16.953 15.905 14.793 13.618 12.379 11.078 9.712 8.284 6.792 5.382 5.639 5.920 6.225 6.555 6.908 7.286 7.689 8.115 8.566 9.041 9.541 10.536 14.156 17.875 21.694 25.612 29.629 33.745
11.455 12.260 13.049 13.823 14.582 15.325 16.054 16.767 17.465 17.911 18.255 18.590 18.917 19.236 19.547 19.849 20.143 20.428 20.705 20.991 21.288 20.939 20.385 19.874 19.406 18.981 18.598 18.258 17.961 17.706 17.494 17.326 17.199 17.410 17.723 18.066 18.440 18.843 19.277 19.740 20.234 20.758 21.312 21.896 22.510 21.569 20.366 19.099 17.769 16.375 14.918 13.398 11.815 10.168 8.458 6.685 4.848 5.135 5.524 5.937 6.374 6.836 7.322 7.832 8.366 8.924 9.507 10.178 11.102 15.059 18.909 22.653 26.291 29.823 33.249
11.061 11.812 12.549 13.270 13.976 14.667 15.343 16.004 16.649 17.099 17.415 17.721 18.020 18.310 18.591 18.865 19.130 19.386 19.634 19.892 20.159 20.025 19.661 19.340 19.062 18.827 18.634 18.484 18.377 18.312 18.290 18.311 18.375 18.692 19.139 19.616 20.122 20.660 21.227 21.824 22.451 23.109 23.796 24.514 25.261 24.342 22.857 21.309 19.697 18.022 16.284 14.482 12.617 10.689 8.698 6.644 4.526 4.607 5.172 5.859 6.567 7.294 8.042 8.810 9.598 10.407 11.235 12.084 12.954 16.265 19.646 22.921 26.091 29.154 32.111
10.680 11.379 12.063 12.732 13.386 14.024 14.647 15.256 15.849 16.297 16.583 16.861 17.131 17.392 17.645 17.889 18.125 18.353 18.573 18.801 19.039 19.064 18.890 18.759 18.671 18.625 18.622 18.662 18.745 18.870 19.038 19.248 19.502 19.939 20.520 21.130 21.770 22.441 23.142 23.872 24.633 25.424 26.245 27.096 27.977 27.179 25.412 23.582 21.689 19.627 17.422 15.276 13.188 11.159 9.190 7.278 5.426 5.491 6.247 7.024 7.821 8.639 9.476 10.334 11.212 12.110 13.029 13.967 14.926 17.574 20.487 23.293 25.994 28.588 31.077
10.314 10.961 11.592 12.209 12.810 13.396 13.967 14.522 15.063 15.503 15.761 16.010 16.250 16.483 16.707 16.923 17.130 17.329 17.520 17.719 17.928 18.056 18.072 18.131 18.233 18.377 18.564 18.793 19.065 19.380 19.737 20.138 20.580 21.152 21.866 22.609 23.383 24.187 25.021 25.885 26.607 27.049 27.475 27.885 28.278 27.274 25.094 22.973 20.911 18.907 16.962 15.076 13.248 11.479 9.769 8.118 6.525 6.454 7.300 8.167 9.054 9.961 10.888 11.835 12.803 13.791 14.799 15.827 16.876 18.986 21.430 23.769 26.001 28.127 30.148
9.963 10.557 11.136 11.700 12.248 12.782 13.300 13.804 14.292 14.718 14.946 15.167 15.379 15.582 15.778 15.965 16.143 16.314 16.476 16.646 16.826 17.002 17.208 17.456 17.747 18.081 18.457 18.876 19.338 19.842 20.389 20.889 21.252 21.653 22.138 22.607 23.059 23.495 23.914 24.317 24.703 25.073 25.427 25.764 26.085 25.454 23.534 21.673 19.871 18.127 16.442 14.815 13.247 11.738 10.288 8.896 7.563 7.395 8.331 9.287 10.264 11.260 12.277 13.314 14.371 15.449 16.547 17.665 18.803 20.501 22.477 24.347 26.112 27.770 29.323
9.626 10.168 10.694 11.206 11.702 12.183 12.649 13.100 13.536 13.941 14.141 14.333 14.516 14.691 14.857 15.016 15.166 15.307 15.440 15.582 15.733 15.901 16.292 16.685 17.071 17.451 17.825 18.192 18.552 18.906 19.254 19.595 19.930 20.277 20.690 21.086 21.465 21.829 22.175 22.506 22.820 23.117 23.399 23.663 23.912 23.575 21.915 20.313 18.771 17.286 15.861 14.494 13.186 11.936 10.745 9.613 8.539 8.314 9.339 10.385 11.451 12.537 13.644 14.771 15.917 17.084 18.272 19.479 20.707 22.118 23.627 25.029 26.326 27.517 28.602
9.304 9.793 10.267 10.726 11.170 11.599 12.012 12.411 12.794 13.162 13.344 13.507 13.662 13.808 13.946 14.078 14.209 14.336 14.461 14.599 14.749 14.897 15.263 15.627 15.985 16.337 16.682 17.021 17.353 17.678 17.998 18.311 18.617 18.921 19.261 19.584 19.891 20.182 20.457 20.715 20.956 21.181 21.390 21.583 21.759 21.636 20.236 18.894 17.611 16.386 15.220 14.113 13.064 12.074 11.142 10.269 9.455 9.210 10.325 11.461 12.616 13.792 14.988 16.204 17.441 18.697 19.974 21.271 22.588 23.838 24.879 25.814 26.644 27.367 27.986
8.996 9.432 9.854 10.261 10.652 11.029 11.390 11.732 12.047 12.351 12.517 12.652 12.783 12.912 13.039 13.163 13.285 13.404 13.521 13.650 13.791 13.931 14.242 14.578 14.908 15.231 15.548 15.858 16.162 16.459 16.750 17.035 17.313 17.584 17.851 18.103 18.337 18.556 18.758 18.943 19.113 19.266 19.402 19.522 19.626 19.639 18.498 17.415 16.391 15.426 14.519 13.671 12.882 12.150 11.478 10.864 10.308 10.085 11.289 12.514 13.759 15.025 16.310 17.616 18.942 20.288 21.654 23.040 24.447 25.660 26.234 26.702 27.065 27.322 27.473
8.691 9.042 9.382 9.713 10.033 10.342 10.642 10.931 11.210 11.478 11.649 11.774 11.897 12.018 12.136 12.252 12.365 12.475 12.583 12.704 12.837 12.967 13.230 13.538 13.839 14.134 14.422 14.704 14.980 15.249 15.511 15.767 16.017 16.260 16.462 16.640 16.803 16.949 17.079 17.192 17.289 17.370 17.434 17.482 17.513 17.528 16.700 15.877 15.112 14.406 13.758 13.169 12.639 12.166 11.753 11.398 11.101 10.937 12.231 13.546 14.880 16.235 17.610 19.005 20.420 21.855 23.311 24.787 26.282 27.585 27.692 27.693 27.589 27.380 27.064
8.149 8.464 8.769 9.064 9.348 9.623 9.886 10.140 10.383 10.617 10.783 10.900 11.015 11.127 11.236 11.344 11.448 11.550 11.650 11.761 11.885 12.008 12.227 12.506 12.779 13.045 13.305 13.559 13.806 14.047 14.281 14.509 14.730 14.945 15.091 15.198 15.288 15.362 15.419 15.460 15.485 15.494 15.486 15.461 15.421 15.364 14.843 14.279 13.773 13.326 12.937 12.607 12.335 12.122 11.967 11.871 11.833 11.853 13.151 14.555 15.979 17.423 18.887 20.372 21.876 23.401 24.945 26.510 28.095 29.425 28.659 27.897 27.141 26.390 25.645
7.617 7.897 8.166 8.425 8.674 8.913 9.142 9.360 9.568 9.765 9.921 10.030 10.136 10.239 10.340 10.439 10.535 10.628 10.719 10.822 10.938 11.051 11.232 11.483 11.727 11.965 12.197 12.422 12.641 12.853 13.059 13.259 13.452 13.638 13.741 13.775 13.793 13.795 13.780 13.749 13.701 13.637 13.557 13.461 13.348 13.219 12.927 12.622 12.375 12.186 12.056 11.985 11.972 12.017 12.121 12.283 12.504 12.783 14.049 15.542 16.998 18.314 19.581 20.798 21.965 23.083 24.152 25.171 26.141 27.061 26.424 25.687 24.955 24.228 23.507
7.095 7.340 7.574 7.797 8.011 8.214 8.407 8.590 8.762 8.924 9.062 9.162 9.260 9.355 9.447 9.537 9.625 9.710 9.792 9.887 9.994 10.098 10.245 10.468 10.684 10.894 11.097 11.294 11.484 11.668 11.846 12.017 12.182 12.340 12.410 12.372 12.317 12.247 12.160 12.057 11.937 11.801 11.649 11.480 11.295 11.094 10.952 10.905 10.917 10.987 11.116 11.342 11.677 12.006 12.328 12.644 12.953 13.255 14.217 15.414 16.561 17.659 18.708 19.707 20.656 21.556 22.407 23.208 23.959 24.662 24.187 23.474 22.766 22.063 21.366
6.584 6.793 6.991 7.179 7.357 7.525 7.683 7.830 7.967 8.094 8.207 8.299 8.388 8.474 8.558 8.639 8.718 8.795 8.869 8.955 9.053 9.149 9.267 9.461 9.649 9.831 10.006 10.174 10.336 10.492 10.642 10.784 10.921 11.051 11.098 10.988 10.861 10.719 10.560 10.384 10.193 9.985 9.833 9.881 9.935 9.994 10.189 10.528 10.861 11.187 11.506 11.819 12.125 12.425 12.717 13.004 13.283 13.556 14.268 15.246 16.175 17.055 17.886 18.666 19.398 20.080 20.712 21.296 21.829 22.314 21.948 21.259 20.575 19.896 19.223
