DATA/SHG/ECMWF/20170628/EN-11/20170703.en-11.asc
ncols        190
nrows        64
xllcorner    -5100000.000000000000
yllcorner    4130000.000000000000
cellsize     10000.000000000000
NODATA_value  -99999.000
[rows 32 to 63 of 64, columns 73 to 145 of 190]
10.365 10.203 10.040 9.874 9.706 9.537 9.366 9.193 9.018 8.842 8.663 8.483 8.291 8.058 7.842 7.641 7.456 7.288 7.135 6.999 6.878 6.782 6.707 6.644 6.743 7.363 7.997 8.645 9.307 9.983 10.673 11.377 12.095 12.827 13.573 14.333 14.704 14.315 13.911 13.494 13.062 12.616 12.155 11.681 11.246 10.978 10.735 10.519 10.619 11.072 11.549 12.048 12.571 13.117 13.687 14.280 14.896 15.536 16.199 16.885 17.870 19.102 20.402 21.769 23.204 24.706 26.275 27.912 29.616 31.388 33.227 35.133 36.159
9.394 9.226 9.056 8.884 8.711 8.535 8.358 8.179 7.998 7.815 7.631 7.444 7.256 7.079 6.918 6.773 6.644 6.531 6.434 6.353 6.288 6.248 6.229 6.223 6.296 6.979 7.675 8.385 9.109 9.848 10.600 11.366 12.146 12.941 13.749 14.596 15.172 14.809 14.473 14.162 13.878 13.620 13.389 13.183 13.004 12.850 12.723 12.623 12.761 13.317 13.897 14.499 15.125 15.774 16.447 17.143 17.862 18.605 19.371 20.160 21.288 22.818 24.416 26.080 27.812 29.612 31.479 33.413 35.414 37.483 39.619 41.823 42.631
8.399 8.252 8.076 7.898 7.718 7.537 7.353 7.168 6.981 6.792 6.601 6.408 6.214 6.086 5.981 5.892 5.818 5.761 5.720 5.694 5.685 5.700 5.738 5.788 5.851 6.579 7.521 9.073 10.469 11.708 12.791 13.718 14.489 15.104 15.562 15.864 15.975 15.728 15.507 15.312 15.144 15.001 14.885 14.795 14.731 14.693 14.682 14.696 14.876 15.535 16.217 16.923 17.651 18.404 19.179 19.978 20.800 21.646 22.514 23.406 24.633 26.461 28.355 30.318 32.347 34.444 36.608 38.839 41.137 43.503 45.937 48.437 49.272
7.410 7.281 7.099 6.915 6.729 6.541 6.351 6.160 5.966 5.771 5.574 5.375 5.175 5.080 5.031 4.997 4.979 4.977 5.611 7.144 8.624 9.902 10.988 12.032 13.033 14.166 15.182 16.042 16.746 17.293 17.685 17.921 18.000 17.923 17.690 17.301 16.756 16.617 16.512 16.432 16.379 16.352 16.351 16.377 16.428 16.506 16.610 16.739 16.963 17.725 18.510 19.318 20.150 21.005 21.883 22.785 23.710 24.658 25.630 26.625 27.905 30.030 32.222 34.481 36.807 39.201 41.662 44.190 46.786 49.449 52.179 54.976 56.081
6.428 6.313 6.125 5.934 5.742 5.548 5.352 5.154 4.955 4.754 4.550 5.075 6.634 8.315 9.930 11.491 12.997 14.450 15.849 17.194 18.485 19.574 20.470 21.323 22.134 22.682 23.007 23.175 23.188 23.044 22.745 22.289 21.678 20.910 19.987 18.907 17.672 17.477 17.487 17.523 17.585 17.674 17.788 17.929 18.095 18.288 18.507 18.752 19.024 19.887 20.775 21.687 22.621 23.579 24.560 25.564 26.592 27.643 28.717 29.815 31.104 33.525 36.014 38.570 41.194 43.884 46.642 49.467 52.359 55.319 58.346 61.440 63.058
5.453 5.348 5.153 4.957 5.136 5.841 6.787 7.974 9.403 11.073 12.985 15.138 17.532 19.531 20.957 22.330 23.648 24.912 26.123 27.279 28.382 29.281 29.988 30.651 31.272 31.363 30.996 30.474 29.795 28.961 27.971 26.825 25.523 24.065 22.451 20.682 18.756 18.307 18.432 18.584 18.761 18.965 19.195 19.451 19.733 20.041 20.375 20.735 21.122 22.022 23.013 24.027 25.065 26.125 27.209 28.316 29.446 30.600 31.777 32.977 34.229 36.947 39.733 42.586 45.506 48.493 51.548 54.669 57.858 61.114 64.437 67.828 70.203
5.659 5.940 6.757 7.815 9.115 10.656 12.438 14.461 16.725 19.231 21.978 24.966 28.195 30.782 32.020 33.203 34.333 35.410 36.432 37.400 38.314 39.025 39.542 40.015 40.447 40.207 39.150 37.937 36.568 35.044 33.363 31.527 29.535 27.387 25.084 22.625 20.009 19.108 19.349 19.615 19.908 20.227 20.572 20.943 21.340 21.763 22.213 22.688 23.190 24.130 25.224 26.341 27.481 28.644 29.830 31.040 32.273 33.529 34.809 36.111 37.438 40.296 43.379 46.528 49.745 53.028 56.379 59.797 63.283 66.835 70.454 74.141 77.515
7.066 7.181 8.834 10.728 12.863 15.240 17.857 20.716 23.815 27.156 30.737 34.560 38.623 42.068 43.117 44.113 45.054 45.942 46.776 47.557 48.283 48.805 49.132 49.416 49.657 49.215 47.468 45.565 43.506 41.292 38.922 36.396 33.714 30.877 27.884 24.736 21.431 19.880 20.235 20.617 21.025 21.459 21.919 22.405 22.918 23.456 24.020 24.611 25.227 26.211 27.407 28.626 29.869 31.135 32.424 33.736 35.072 36.431 37.813 39.218 40.646 43.572 46.951 50.397 53.910 57.167 59.616 61.976 64.249 66.434 68.530 70.539 72.460
8.558 8.193 10.682 13.412 16.382 19.594 23.046 26.739 30.673 34.848 39.264 43.920 48.818 53.388 54.250 55.057 55.811 56.511 57.157 57.749 58.288 58.621 58.758 58.853 58.905 58.386 55.949 53.357 50.609 47.705 44.646 41.431 38.060 34.534 30.852 27.015 23.022 20.622 21.093 21.590 22.113 22.662 23.237 23.838 24.465 25.118 25.798 26.503 27.235 28.264 29.563 30.885 32.230 33.598 34.990 36.405 37.737 38.657 39.481 40.209 40.842 42.708 45.123 47.449 49.687 51.837 53.900 55.874 57.761 59.559 61.270 62.893 64.427
10.135 9.255 12.302 15.866 19.672 23.717 28.004 32.531 37.299 42.308 47.557 53.047 58.778 64.744 65.417 66.037 66.603 67.115 67.573 67.978 68.328 68.473 68.421 68.326 68.188 67.721 64.595 61.314 57.876 54.284 50.535 46.632 42.573 38.358 33.988 29.462 24.780 21.335 21.921 22.533 23.171 23.835 24.525 25.241 25.983 26.751 27.545 28.364 29.192 30.193 31.362 32.434 33.411 34.292 35.077 35.767 36.361 36.859 37.261 37.568 37.779 39.018 41.046 42.986 44.839 46.603 48.279 49.867 51.368 52.781 54.105 55.342 56.491
11.797 10.597 13.694 18.092 22.732 27.611 32.732 38.093 43.694 49.536 55.619 61.942 68.505 75.309 76.620 77.052 77.430 77.754 78.025 78.242 78.405 78.361 78.119 77.835 77.509 77.139 73.405 69.434 65.309 61.027 56.591 51.999 47.251 42.349 37.290 32.077 26.707 22.018 22.724 23.489 24.268 25.060 25.867 26.687 27.521 28.369 29.230 30.106 30.995 31.869 32.615 33.266 33.821 34.280 34.644 34.912 35.084 35.161 35.142 35.027 34.817 35.422 37.064 38.618 40.084 41.463 42.753 43.956 45.070 46.097 47.036 47.888 48.651
13.543 12.024 14.857 20.090 25.563 31.276 37.229 43.423 49.858 56.532 63.448 70.603 77.999 85.635 87.858 88.102 88.293 88.429 88.513 88.542 88.517 88.285 87.854 87.381 86.865 86.307 82.378 77.719 72.905 67.876 61.734 55.744 49.907 44.224 38.694 33.316 28.092 23.089 23.901 24.727 25.566 26.420 27.287 28.168 29.063 29.972 30.894 31.830 32.780 33.643 33.968 34.197 34.330 34.368 34.310 34.157 33.908 33.564 33.124 32.588 31.956 31.919 33.176 34.344 35.424 36.417 37.322 38.139 38.868 39.510 40.063 40.529 40.907
15.374 13.537 15.794 21.859 28.165 34.711 41.497 48.524 55.790 63.297 71.045 79.032 87.260 95.727 99.132 99.188 99.191 99.140 99.036 98.878 98.666 96.231 93.713 91.263 88.881 86.567 81.546 75.618 69.844 64.222 58.753 53.438 48.275 43.265 38.409 33.705 29.155 24.757 25.061 25.948 26.848 27.763 28.691 29.633 30.588 31.558 32.541 33.538 34.549 35.515 35.419 35.227 34.939 34.556 34.077 33.502 32.833 32.067 31.206 30.250 29.197 28.510 29.381 30.163 30.858 31.465 31.985 32.417 32.761 33.017 33.185 33.266 33.259
17.289 15.134 16.502 23.400 30.539 37.917 45.535 53.394 61.493 69.831 78.410 87.229 96.287 105.586 107.584 104.538 101.577 98.702 95.914 93.211 90.594 88.183 85.965 83.816 81.735 79.721 75.706 70.452 65.351 60.403 55.608 50.966 46.477 42.141 37.958 33.927 30.050 26.326 26.205 27.152 28.114 29.089 30.078 31.080 32.097 33.127 34.171 35.229 36.301 37.386 36.968 36.355 35.647 34.842 33.943 32.948 31.857 30.671 29.389 28.012 26.540 25.194 25.679 26.077 26.386 26.608 26.743 26.789 26.748 26.619 26.403 26.099 25.707
19.289 16.815 16.984 24.714 32.684 40.894 49.344 56.579 63.550 70.280 76.768 83.015 89.020 94.784 97.386 94.637 91.974 89.397 86.905 84.500 82.180 80.068 78.151 76.302 74.521 72.808 69.703 65.123 60.696 56.421 52.299 48.331 44.515 40.851 37.341 33.984 30.779 27.727 27.332 28.340 29.362 30.398 31.448 32.512 33.589 34.680 35.785 36.903 38.036 39.182 38.617 37.583 36.453 35.229 33.908 32.493 30.982 29.375 27.673 25.876 23.983 21.994 22.071 22.084 22.008 21.845 21.595 21.256 20.831 20.317 19.716 19.027 18.251
21.000 18.007 16.490 23.836 30.940 37.804 44.426 50.806 56.946 62.844 68.501 73.917 79.091 84.024 87.122 84.671 82.305 80.025 77.831 75.723 73.700 71.887 70.270 68.721 67.240 65.826 63.538 59.631 55.877 52.275 48.826 45.530 42.387 39.396 36.559 33.873 31.341 28.961 28.442 29.512 30.595 31.691 32.802 33.926 35.064 36.216 37.381 38.561 39.754 40.961 40.363 38.909 37.359 35.714 33.973 32.137 30.206 28.179 26.057 23.840 21.527 19.119 18.557 18.184 17.724 17.176 16.541 15.818 15.008 14.109 13.124 12.051 10.890
20.530 17.770 15.103 21.617 27.890 33.922 39.712 45.262 50.570 55.638 60.464 65.050 69.394 73.497 76.793 74.639 72.570 70.588 68.690 66.879 65.154 63.639 62.322 61.073 59.891 58.778 57.211 53.977 50.895 47.966 45.189 42.566 40.095 37.776 35.610 33.597 31.737 30.029 29.537 30.667 31.810 32.968 34.139 35.324 36.523 37.735 38.961 40.201 41.455 42.723 42.208 40.334 38.364 36.298 34.138 31.882 29.530 27.084 24.542 21.904 19.172 16.344 15.135 14.378 13.533 12.601 11.581 10.474 9.279 8.225 7.676 7.137 6.606
19.998 17.471 15.010 19.624 25.066 30.267 35.227 39.946 44.424 48.661 52.657 56.413 59.927 63.201 66.233 64.541 62.770 61.084 59.484 57.969 56.541 55.324 54.307 53.358 52.476 51.662 50.721 48.159 45.750 43.493 41.389 39.437 37.638 35.991 34.497 33.155 31.966 30.930 30.615 31.805 33.010 34.228 35.460 36.705 37.965 39.238 40.525 41.825 43.140 44.468 44.152 41.857 39.467 36.982 34.402 31.726 28.955 26.088 23.127 20.070 16.983 14.112 12.720 12.147 11.583 11.029 10.483 9.947 9.419 8.901 8.392 7.892 7.401
19.404 17.109 14.880 17.857 22.469 26.839 30.969 34.858 38.506 41.914 45.080 48.006 50.691 53.136 55.339 54.378 52.904 51.515 50.211 48.994 47.861 46.943 46.225 45.575 44.993 44.479 44.032 42.180 40.442 38.857 37.424 36.144 35.016 34.041 33.218 32.548 32.030 31.665 31.676 32.927 34.192 35.471 36.764 38.070 39.390 40.724 42.071 43.433 44.808 46.196 46.194 43.469 40.621 37.767 34.908 32.044 29.175 26.301 23.422 20.537 17.648 14.753 13.108 12.575 12.051 11.536 11.030 10.534 10.046 9.568 9.098 8.638 8.187
18.748 16.685 14.688 16.316 20.098 23.638 26.939 29.998 32.817 35.395 37.733 39.830 41.686 43.302 44.677 44.150 42.972 41.880 40.873 39.951 39.116 38.495 38.077 37.726 37.444 37.228 37.081 36.038 34.971 34.058 33.296 32.687 32.230 31.926 31.774 31.775 31.927 32.233 32.721 34.033 35.359 36.698 38.047 39.248 40.467 41.705 42.961 44.237 45.532 46.845 47.217 44.350 41.478 38.601 35.719 32.831 29.939 27.041 24.138 21.230 18.317 15.399 13.487 12.994 12.509 12.034 11.568 11.111 10.663 10.224 9.795 9.374 8.962
18.030 16.199 14.434 15.001 17.953 20.664 23.135 25.366 27.356 29.105 30.614 31.883 32.911 33.698 34.245 33.856 32.975 32.179 31.468 30.843 30.303 29.981 29.862 29.810 29.827 29.911 30.062 29.733 29.338 29.095 29.005 29.066 29.280 29.647 30.550 31.350 32.014 32.542 32.935 34.071 35.298 36.544 37.808 39.092 40.394 41.715 43.055 44.414 45.791 47.187 48.127 45.236 42.341 39.440 36.534 33.623 30.707 27.786 24.860 21.928 18.992 16.050 13.856 13.402 12.958 12.522 12.096 11.679 11.270 10.871 10.481 10.100 9.728
17.250 15.650 14.117 13.912 16.034 17.917 19.559 20.961 22.122 23.044 23.724 24.165 24.365 24.325 24.045 23.497 22.912 22.412 21.997 21.668 21.425 21.400 21.580 21.827 22.143 23.824 25.801 27.374 28.526 29.544 30.425 31.171 31.781 32.255 32.593 32.796 32.863 32.795 32.590 33.562 34.872 36.201 37.549 38.915 40.301 41.705 43.128 44.570 46.030 47.509 49.008 46.127 43.208 40.284 37.355 34.420 31.481 28.536 25.586 22.631 19.671 16.706 14.216 13.802 13.397 13.001 12.614 12.237 11.868 11.508 11.158 10.817 10.484
16.409 15.040 13.739 13.047 14.341 15.396 16.210 16.783 17.117 17.210 17.064 16.677 16.049 15.182 14.075 13.072 12.783 13.758 15.449 17.256 19.180 21.157 23.171 25.276 27.473 29.763 32.145 33.742 34.298 34.718 35.002 35.151 35.164 35.041 34.783 34.389 33.859 33.194 32.393 33.034 34.427 35.839 37.270 38.719 40.187 41.675 43.181 44.705 46.249 47.811 49.392 47.023 44.081 41.133 38.180 35.222 32.259 29.291 26.318 23.339 20.356 17.367 14.566 14.192 13.826 13.470 13.123 12.785 12.456 12.136 11.825 11.523 11.231
15.505 14.368 13.298 12.408 12.874 13.100 13.087 12.833 12.339 11.605 11.348 11.425 11.554 11.733 11.964 12.527 14.386 16.362 18.453 20.661 22.985 25.365 27.784 30.294 32.897 35.591 38.378 40.254 40.213 40.036 39.724 39.276 38.692 37.973 37.118 36.128 35.002 33.740 32.343 32.485 33.961 35.456 36.970 38.503 40.054 41.624 43.213 44.821 46.447 48.092 49.756 47.924 44.958 41.987 39.011 36.029 33.043 30.051 27.054 24.052 21.045 18.033 15.016 14.572 14.246 13.930 13.622 13.324 13.034 12.754 12.483 12.220 11.967
14.539 13.633 12.795 12.034 11.892 11.838 11.836 11.884 11.984 12.135 12.337 12.591 12.896 13.252 13.660 14.221 16.480 18.856 21.348 23.956 26.681 29.464 32.287 35.203 38.210 41.309 44.501 46.910 46.272 45.499 44.590 43.545 42.366 41.050 39.599 38.013 36.291 34.434 32.441 31.917 33.476 35.054 36.650 38.266 39.900 41.553 43.225 44.915 46.625 48.353 50.100 48.830 45.841 42.846 39.846 36.841 33.831 30.816 27.796 24.771 21.740 18.705 15.664 14.943 14.657 14.380 14.112 13.853 13.603 13.362 13.130 12.908 12.694
13.820 13.120 12.457 11.829 11.773 11.896 12.070 12.295 12.572 12.899 13.278 13.709 14.190 14.723 15.307 15.942 18.466 21.243 24.135 27.143 30.268 33.453 36.681 40.001 43.413 46.917 50.513 53.709 52.475 51.105 49.600 47.960 46.184 44.273 42.226 40.044 37.727 35.274 32.685 31.328 32.970 34.631 36.311 38.009 39.726 41.462 43.217 44.990 46.782 48.593 50.423 49.741 46.728 43.710 40.687 37.658 34.625 31.586 28.543 25.494 22.440 19.381 16.317 15.304 15.057 14.820 14.591 14.372 14.162 13.961 13.768 13.585 13.411
13.211 12.635 12.095 11.590 11.606 11.905 12.256 12.658 13.111 13.615 14.171 14.778 15.436 16.145 16.905 17.717 20.344 23.521 26.813 30.221 33.746 37.334 40.966 44.691 48.507 52.415 56.415 60.508 58.821 56.856 54.755 52.519 50.148 47.641 44.999 42.221 39.308 36.260 33.077 30.720 32.445 34.188 35.951 37.732 39.532 41.351 43.188 45.044 46.919 48.813 50.726 50.657 47.620 44.579 41.532 38.481 35.424 32.362 29.295 26.222 23.145 20.062 16.975 15.655 15.448 15.208 14.849 14.492 14.137 13.783 13.430 13.079 12.730
12.570 12.117 11.700 11.319 11.391 11.867 12.394 12.973 13.603 14.283 15.015 15.799 16.633 17.519 18.455 19.443 22.114 25.691 29.383 33.191 37.115 41.105 45.142 49.270 53.491 57.803 62.208 66.704 65.311 62.750 60.054 57.223 54.256 51.154 47.917 44.544 41.036 37.393 33.615 30.091 31.899 33.726 35.571 37.435 39.318 41.219 43.140 45.079 47.036 49.013 51.008 51.578 48.518 45.453 42.383 39.308 36.170 32.718 29.340 26.035 22.805 19.649 16.567 14.879 14.524 14.171 13.819 13.468 13.119 12.772 12.426 12.081 11.738
11.896 11.566 11.272 11.014 11.129 11.781 12.485 13.240 14.046 14.903 15.812 16.771 17.782 18.844 19.957 21.121 23.777 27.752 31.844 36.052 40.375 44.767 49.208 53.740 58.365 63.081 67.890 72.790 71.944 68.788 65.497 62.071 58.509 54.812 50.980 47.013 42.910 38.673 34.300 29.792 31.334 33.243 35.171 37.118 39.083 41.068 43.071 45.083 46.625 48.099 49.504 50.034 46.536 43.111 39.760 36.484 33.281 30.152 27.098 24.117 21.210 18.378 15.619 13.829 13.481 13.134 12.788 12.444 12.101 11.760 11.421 11.083 10.746
11.188 10.982 10.811 10.676 10.819 11.648 12.528 13.459 14.442 15.475 16.560 17.695 18.882 20.120 21.409 22.750 25.331 29.706 34.197 38.804 43.527 48.320 53.165 58.102 63.130 68.250 73.462 78.765 78.721 74.970 71.084 67.063 62.907 58.615 54.189 49.627 44.930 40.098 35.131 29.910 30.473 32.194 33.848 35.433 36.950 38.398 39.779 41.091 42.336 43.512 44.620 45.455 42.280 39.179 36.152 33.199 30.319 27.514 24.783 22.126 19.542 17.033 14.597 12.779 12.437 12.096 11.757 11.420 11.083 10.749 10.416 10.084 9.754
10.449 10.365 10.317 10.305 10.462 11.467 12.523 13.631 14.789 15.999 17.260 18.571 19.934 21.348 22.814 24.330 26.778 31.552 36.442 41.448 46.570 51.765 57.013 62.353 67.785 73.309 78.924 84.631 85.641 81.296 75.773 70.088 64.525 59.082 53.761 48.562 43.484 38.527 33.692 28.978 28.643 30.067 31.422 32.709 33.928 35.079 36.162 37.176 38.123 39.001 39.812 40.554 37.952 35.174 32.471 29.841 27.285 24.803 22.395 20.061 17.801 15.615 13.502 11.728 11.392 11.058 10.726 10.395 10.065 9.737 9.410 9.085 8.761
9.676 9.716 9.791 9.902 10.057 11.238 12.471 13.754 15.089 16.475 17.912 19.399 20.938 22.528 24.170 25.862 28.117 33.291 38.580 43.985 49.505 54.446 58.985 63.412 67.728 71.931 76.022 80.002 80.605 75.209 69.933 64.779 59.747 54.836 50.046 45.377 40.830 36.404 32.100 27.917 26.888 28.014 29.071 30.061 30.982 31.835 32.621 33.338 33.987 34.567 35.080 35.525 33.552 31.098 28.717 26.411 24.178 22.020 19.935 17.924 15.986 14.123 12.334 10.677 10.348 10.020 9.694 9.370 9.046 8.725 8.404 8.086 7.768
