DATA/SHG/ECMWF/20170628/EN-11/20170704.en-11.asc
ncols        190
nrows        64
xllcorner    -5100000.000000000000
yllcorner    4130000.000000000000
cellsize     10000.000000000000
NODATA_value  -99999.000
[rows 0 to 31 of 64, columns 0 to 71 of 190]
11.673 11.934 12.195 12.455 12.714 12.971 13.228 13.484 13.738 13.738 13.626 13.480 13.300 13.087 12.839 12.557 12.241 11.891 11.507 11.045 10.579 10.254 9.989 9.724 9.459 9.194 8.928 8.663 8.397 8.131 7.865 7.599 7.333 7.193 7.145 7.109 7.083 7.070 7.068 7.077 7.098 7.130 7.174 7.230 7.297 7.331 7.336 7.352 7.378 7.414 7.460 7.517 7.583 7.660 7.748 7.845 7.953 7.930 7.749 7.574 7.406 7.244 7.089 6.940 6.797 6.662 6.532 6.410 6.293 6.287 6.447 6.604
12.732 12.990 13.247 13.503 13.758 14.012 14.265 14.517 14.768 14.742 14.509 14.243 13.708 13.183 12.674 12.183 11.709 11.253 10.813 10.391 9.986 9.662 9.397 9.131 8.866 8.600 8.334 8.068 7.802 7.536 7.269 7.003 6.736 6.586 6.578 6.582 6.598 6.625 6.663 6.713 6.775 6.848 6.932 7.028 7.135 7.220 7.261 7.313 7.375 7.447 7.529 7.622 7.724 7.837 7.960 8.094 8.237 8.288 8.130 7.977 7.832 7.693 7.560 7.434 7.315 7.201 7.095 6.995 6.901 6.873 7.022 7.167
13.791 14.045 14.298 14.551 14.749 14.711 14.645 14.551 14.428 14.108 13.592 13.093 12.611 12.146 11.699 11.269 10.856 10.460 10.082 9.720 9.376 9.071 8.806 8.540 8.274 8.007 7.741 7.475 7.208 6.941 6.674 6.407 6.140 5.967 6.000 6.045 6.101 6.168 6.247 6.338 6.440 6.554 6.678 6.815 6.963 7.099 7.176 7.264 7.362 7.470 7.588 7.716 7.855 8.004 8.163 8.332 8.511 8.639 8.503 8.374 8.251 8.135 8.025 7.922 7.825 7.734 7.650 7.573 7.422 7.294 7.345 7.393
14.110 14.085 14.032 13.951 13.842 13.704 13.539 13.346 13.125 12.811 12.356 11.918 11.497 11.094 10.707 10.338 9.986 9.651 9.333 9.033 8.749 8.482 8.215 7.949 7.683 7.416 7.149 6.882 6.615 6.348 6.081 5.813 5.546 5.337 5.411 5.496 5.593 5.701 5.821 5.952 6.094 6.248 6.414 6.591 6.779 6.968 7.081 7.205 7.338 7.482 7.636 7.801 7.975 8.160 8.354 8.559 8.775 8.983 8.870 8.764 8.657 8.475 8.299 8.131 7.969 7.815 7.667 7.527 7.393 7.266 7.304 7.342
13.630 13.506 13.354 13.174 12.966 12.730 12.466 12.174 11.853 11.498 11.104 10.727 10.367 10.024 9.698 9.390 9.098 8.824 8.567 8.328 8.105 7.893 7.626 7.360 7.093 6.826 6.558 6.291 6.024 5.756 5.488 5.220 4.952 4.697 4.811 4.937 5.074 5.223 5.383 5.554 5.737 5.932 6.138 6.355 6.584 6.824 6.976 7.135 7.305 7.485 7.675 7.875 8.085 8.293 8.458 8.617 8.769 8.914 8.764 8.593 8.428 8.270 8.119 7.975 7.837 7.707 7.583 7.467 7.357 7.254 7.266 7.294
13.183 12.960 12.709 12.430 12.123 11.788 11.425 11.034 10.615 10.169 9.835 9.519 9.219 8.937 8.673 8.425 8.194 7.981 7.785 7.606 7.444 7.299 7.039 6.771 6.504 6.236 5.969 5.701 5.433 5.165 4.897 4.629 4.360 4.091 4.201 4.367 4.544 4.733 4.934 5.146 5.369 5.604 5.850 6.108 6.377 6.658 6.863 7.053 7.236 7.412 7.581 7.743 7.899 8.048 8.189 8.324 8.452 8.574 8.481 8.333 8.193 8.059 7.932 7.812 7.699 7.593 7.493 7.401 7.315 7.236 7.230 7.249
12.766 12.445 12.095 11.717 11.311 10.877 10.416 9.926 9.408 8.863 8.550 8.294 8.056 7.834 7.630 7.443 7.273 7.120 6.985 6.866 6.765 6.681 6.452 6.184 5.916 5.648 5.380 5.112 4.844 4.575 4.307 4.038 3.769 3.500 3.579 3.786 4.004 4.233 4.474 4.763 5.077 5.388 5.693 5.995 6.292 6.585 6.793 6.959 7.118 7.270 7.415 7.553 7.685 7.810 7.927 8.038 8.143 8.240 8.191 8.068 7.951 7.842 7.739 7.643 7.554 7.472 7.397 7.328 7.267 7.212 7.198 7.206
12.382 11.961 11.513 11.036 10.532 9.999 9.439 8.851 8.234 7.590 7.248 7.053 6.875 6.714 6.571 6.444 6.335 6.243 6.168 6.110 6.069 6.046 5.866 5.598 5.330 5.061 4.793 4.524 4.255 3.986 3.717 3.448 3.255 3.096 3.232 3.553 3.870 4.182 4.490 4.794 5.094 5.389 5.680 5.966 6.248 6.526 6.730 6.872 7.007 7.135 7.256 7.370 7.478 7.579 7.673 7.760 7.840 7.913 7.895 7.796 7.703 7.618 7.539 7.467 7.403 7.345 7.293 7.249 7.212 7.181 7.168 7.166
12.029 11.509 10.962 10.387 9.784 9.153 8.494 7.807 7.093 6.350 5.929 5.795 5.678 5.578 5.495 5.429 5.380 5.349 5.334 5.337 5.357 5.394 5.282 5.013 4.744 4.538 4.345 4.161 3.988 3.824 3.670 3.525 3.390 3.265 3.344 3.650 3.951 4.249 4.542 4.830 5.114 5.394 5.670 5.941 6.208 6.471 6.673 6.791 6.902 7.006 7.104 7.194 7.278 7.355 7.425 7.488 7.545 7.594 7.593 7.518 7.449 7.388 7.333 7.286 7.245 7.211 7.184 7.164 7.150 7.144 7.141 7.129
11.707 11.089 10.444 9.770 9.068 8.339 7.582 6.796 5.983 5.142 4.594 4.521 4.464 4.424 4.402 4.397 4.409 4.449 4.577 4.703 4.828 4.952 4.960 4.772 4.593 4.425 4.266 4.117 3.977 3.847 3.727 3.616 3.515 3.424 3.460 3.751 4.037 4.319 4.597 4.871 5.140 5.404 5.665 5.921 6.173 6.420 6.624 6.718 6.805 6.885 6.959 7.025 7.085 7.138 7.184 7.224 7.256 7.282 7.284 7.233 7.189 7.152 7.121 7.098 7.081 7.071 7.068 7.072 7.083 7.100 7.116 7.095
11.417 10.701 9.957 9.184 8.384 7.557 6.701 5.817 4.906 3.967 3.294 3.427 3.558 3.688 3.817 3.944 4.070 4.194 4.317 4.438 4.558 4.677 4.735 4.581 4.437 4.302 4.177 4.062 3.956 3.860 3.773 3.697 3.630 3.572 3.580 3.856 4.127 4.394 4.657 4.915 5.169 5.419 5.664 5.905 6.141 6.373 6.581 6.651 6.714 6.771 6.820 6.863 6.899 6.928 6.950 6.966 6.975 6.977 6.970 6.943 6.922 6.909 6.903 6.903 6.911 6.925 6.946 6.974 7.008 7.050 7.094 7.063
11.158 10.344 9.501 8.630 7.765 6.920 6.094 5.288 4.501 3.733 3.075 3.203 3.329 3.454 3.578 3.700 3.821 3.941 4.059 4.175 4.290 4.404 4.500 4.380 4.270 4.169 4.078 3.997 3.925 3.863 3.810 3.767 3.734 3.711 3.705 3.966 4.222 4.473 4.721 4.964 5.203 5.437 5.667 5.893 6.114 6.331 6.544 6.591 6.631 6.663 6.689 6.708 6.720 6.725 6.724 6.715 6.700 6.678 6.650 6.646 6.650 6.660 6.678 6.703 6.734 6.772 6.817 6.826 6.799 6.768 6.731 6.634
10.571 9.716 8.881 8.065 7.269 6.492 5.734 4.995 4.275 3.575 2.894 2.981 3.103 3.223 3.341 3.459 3.575 3.689 3.802 3.914 4.024 4.133 4.241 4.170 4.094 4.027 3.970 3.922 3.884 3.856 3.837 3.828 3.829 3.839 3.859 4.079 4.320 4.557 4.789 5.017 5.241 5.460 5.675 5.885 6.092 6.294 6.491 6.538 6.554 6.563 6.565 6.560 6.548 6.529 6.504 6.472 6.433 6.387 6.335 6.343 6.347 6.338 6.325 6.306 6.282 6.253 6.219 6.180 6.136 6.087 6.033 5.974
9.783 8.996 8.229 7.481 6.752 6.043 5.353 4.681 4.030 3.397 2.784 2.761 2.877 2.993 3.107 3.219 3.330 3.440 3.548 3.655 3.760 3.864 3.966 3.950 3.907 3.874 3.851 3.837 3.833 3.839 3.854 3.879 3.913 3.957 4.011 4.197 4.423 4.644 4.861 5.074 5.283 5.487 5.687 5.882 6.073 6.260 6.443 6.492 6.484 6.469 6.447 6.418 6.383 6.305 6.220 6.136 6.053 5.971 5.889 5.851 5.830 5.804 5.773 5.736 5.695 5.648 5.597 5.540 5.478 5.412 5.340 5.303
8.975 8.257 7.557 6.877 6.216 5.574 4.951 4.348 3.764 3.199 2.653 2.542 2.654 2.765 2.873 2.981 3.087 3.192 3.295 3.397 3.497 3.597 3.694 3.720 3.711 3.712 3.723 3.743 3.772 3.812 3.861 3.919 3.988 4.065 4.153 4.319 4.530 4.736 4.938 5.136 5.329 5.518 5.703 5.883 6.059 6.231 6.333 6.323 6.237 6.152 6.067 5.983 5.899 5.816 5.734 5.653 5.572 5.492 5.413 5.358 5.319 5.275 5.226 5.172 5.113 5.049 4.980 4.906 4.827 4.742 4.653 4.622
8.148 7.497 6.865 6.253 5.659 5.085 4.530 3.994 3.477 2.980 2.502 2.326 2.433 2.538 2.642 2.745 2.846 2.946 3.044 3.141 3.237 3.331 3.424 3.480 3.505 3.540 3.584 3.638 3.702 3.775 3.858 3.950 4.052 4.164 4.285 4.445 4.641 4.832 5.013 5.153 5.281 5.399 5.506 5.602 5.687 5.762 5.826 5.820 5.737 5.654 5.571 5.490 5.409 5.328 5.249 5.170 5.091 5.013 4.936 4.870 4.813 4.752 4.685 4.614 4.537 4.456 4.369 4.277 4.181 4.079 3.972 3.930
7.301 6.718 6.153 5.608 5.082 4.576 4.088 3.620 3.171 2.741 2.330 2.111 2.213 2.314 2.413 2.511 2.607 2.702 2.795 2.887 2.978 3.067 3.155 3.231 3.289 3.358 3.436 3.524 3.621 3.728 3.844 3.969 4.090 4.209 4.326 4.449 4.583 4.706 4.818 4.920 5.011 5.091 5.160 5.219 5.266 5.303 5.330 5.318 5.236 5.156 5.076 4.997 4.918 4.840 4.763 4.686 4.610 4.535 4.460 4.387 4.313 4.234 4.150 4.061 3.967 3.868 3.764 3.654 3.540 3.421 3.296 3.229
6.434 5.918 5.422 4.944 4.486 4.046 3.626 3.226 2.844 2.482 2.138 1.898 1.995 2.091 2.185 2.278 2.369 2.460 2.548 2.635 2.721 2.806 2.889 2.971 3.080 3.209 3.336 3.460 3.583 3.703 3.821 3.937 4.051 4.162 4.272 4.378 4.474 4.560 4.634 4.698 4.752 4.794 4.826 4.847 4.857 4.856 4.845 4.815 4.736 4.658 4.580 4.504 4.427 4.352 4.277 4.203 4.129 4.057 3.984 3.910 3.819 3.722 3.621 3.514 3.403 3.286 3.164 3.037 2.906 2.769 2.627 2.517
5.548 5.099 4.670 4.260 3.869 3.497 3.145 2.811 2.497 2.202 1.926 1.687 1.779 1.870 1.959 2.047 2.134 2.250 2.380 2.507 2.630 2.750 2.867 2.980 3.104 3.225 3.344 3.461 3.576 3.689 3.799 3.907 4.014 4.118 4.220 4.318 4.377 4.425 4.462 4.488 4.504 4.509 4.503 4.486 4.459 4.421 4.372 4.312 4.236 4.160 4.085 4.011 3.937 3.864 3.791 3.720 3.648 3.578 3.508 3.439 3.330 3.216 3.097 2.973 2.844 2.709 2.570 2.426 2.277 2.122 1.963 1.798
4.641 4.260 3.898 3.556 3.232 2.928 2.643 2.377 2.130 1.902 1.751 1.604 1.714 1.849 1.981 2.110 2.235 2.356 2.475 2.589 2.701 2.809 2.914 3.015 3.129 3.243 3.355 3.464 3.571 3.677 3.779 3.880 3.979 4.075 4.170 4.262 4.291 4.301 4.300 4.289 4.267 4.235 4.191 4.137 4.072 3.997 3.910 3.813 3.736 3.662 3.590 3.518 3.446 3.376 3.306 3.236 3.168 3.100 3.032 2.966 2.847 2.715 2.579 2.437 2.290 2.139 1.982 1.820 1.653 1.481 1.305 1.123
3.715 3.401 3.107 3.017 2.915 2.800 2.672 2.531 2.377 2.210 2.031 1.838 1.883 2.007 2.127 2.243 2.356 2.466 2.573 2.676 2.775 2.872 2.965 3.054 3.157 3.263 3.367 3.469 3.569 3.667 3.762 3.855 3.947 4.035 4.122 4.207 4.215 4.188 4.150 4.101 4.042 3.972 3.891 3.799 3.697 3.584 3.460 3.326 3.236 3.165 3.094 3.025 2.956 2.888 2.820 2.753 2.687 2.621 2.556 2.492 2.369 2.220 2.066 1.907 1.743 1.573 1.399 1.284 1.255 1.207 1.141 1.055
3.994 3.885 3.763 3.628 3.481 3.320 3.147 2.960 2.761 2.549 2.324 2.086 2.056 2.167 2.275 2.380 2.482 2.580 2.674 2.765 2.853 2.938 3.019 3.097 3.187 3.286 3.382 3.477 3.569 3.659 3.747 3.833 3.916 3.998 4.077 4.154 4.151 4.086 4.011 3.925 3.828 3.720 3.602 3.473 3.333 3.182 3.021 2.849 2.736 2.667 2.599 2.532 2.465 2.400 2.334 2.270 2.206 2.143 2.080 2.019 2.005 2.043 2.062 2.062 2.043 2.005 1.948 1.872 1.777 1.662 1.529 1.376
4.755 4.600 4.433 4.253 4.060 3.854 3.635 3.403 3.158 2.901 2.630 2.347 2.232 2.331 2.428 2.521 2.610 2.696 2.779 2.859 2.935 3.007 3.077 3.143 3.219 3.310 3.399 3.486 3.571 3.654 3.734 3.812 3.888 3.962 4.034 4.104 4.098 3.996 3.883 3.759 3.625 3.480 3.324 3.157 2.980 2.792 2.594 2.384 2.235 2.169 2.104 2.039 1.975 2.004 2.108 2.234 2.382 2.552 2.744 2.959 3.078 3.049 3.001 2.935 2.849 2.744 2.620 2.477 2.316 2.134 1.934 1.715
5.529 5.329 5.116 4.891 4.652 4.401 4.136 3.859 3.569 3.266 2.950 2.621 2.411 2.499 2.583 2.664 2.742 2.816 2.887 2.955 3.019 3.080 3.138 3.192 3.254 3.337 3.419 3.498 3.575 3.650 3.723 3.794 3.863 3.929 3.993 4.056 4.056 3.916 3.766 3.605 3.433 3.250 3.057 2.853 2.639 2.413 2.235 2.080 1.993 2.063 2.156 2.270 2.407 2.565 2.746 2.949 3.174 3.422 3.691 3.983 4.167 4.072 3.958 3.824 3.672 3.500 3.310 3.100 2.872 2.624 2.358 2.072
6.317 6.071 5.813 5.542 5.258 4.961 4.651 4.329 3.993 3.645 3.284 2.910 2.593 2.670 2.742 2.811 2.877 2.940 2.999 3.055 3.107 3.157 3.202 3.245 3.290 3.366 3.440 3.512 3.582 3.649 3.715 3.778 3.839 3.898 3.955 4.010 4.025 3.848 3.660 3.482 3.310 3.143 2.980 2.821 2.668 2.519 2.374 2.234 2.145 2.293 2.462 2.654 2.868 3.104 3.362 3.642 3.944 4.269 4.615 4.984 5.274 5.112 4.931 4.731 4.512 4.274 4.017 3.741 3.446 3.132 2.798 2.446
7.110 6.826 6.523 6.206 5.877 5.535 5.180 4.812 4.431 4.038 3.631 3.212 2.779 2.844 2.904 2.962 3.016 3.067 3.114 3.158 3.199 3.236 3.270 3.301 3.329 3.397 3.464 3.528 3.590 3.651 3.708 3.764 3.801 3.844 3.893 3.947 4.000 3.831 3.666 3.505 3.349 3.197 3.050 2.908 2.770 2.636 2.508 2.383 2.275 2.500 2.747 3.016 3.307 3.620 3.955 4.312 4.692 5.093 5.517 5.963 6.397 6.169 5.921 5.655 5.369 5.065 4.741 4.398 4.037 3.656 3.257 2.838
7.823 7.595 7.246 6.884 6.510 6.122 5.722 5.309 4.882 4.444 3.992 3.527 3.050 3.021 3.070 3.116 3.158 3.197 3.233 3.265 3.294 3.320 3.342 3.361 3.369 3.380 3.404 3.434 3.469 3.509 3.555 3.606 3.662 3.725 3.792 3.865 3.944 3.818 3.669 3.524 3.384 3.248 3.116 2.990 2.868 2.750 2.637 2.528 2.424 2.685 3.009 3.355 3.723 4.113 4.525 4.960 5.416 5.895 6.395 6.918 7.463 7.243 6.929 6.596 6.244 5.873 5.483 5.074 4.645 4.198 3.732 3.247
8.529 8.377 7.982 7.575 7.155 6.723 6.277 5.819 5.347 4.863 4.366 3.856 3.334 3.202 3.239 3.273 3.304 3.348 3.409 3.438 3.436 3.403 3.339 3.243 3.116 3.102 3.145 3.194 3.248 3.307 3.372 3.442 3.518 3.599 3.686 3.778 3.876 3.801 3.667 3.538 3.414 3.293 3.178 3.067 2.960 2.858 2.761 2.668 2.580 2.847 3.248 3.672 4.117 4.584 5.073 5.585 6.118 6.674 7.251 7.851 8.472 8.334 7.953 7.554 7.135 6.698 6.241 5.766 5.272 4.758 4.226 3.674
9.228 9.171 8.732 8.280 7.814 7.336 6.846 6.342 5.825 5.296 4.840 4.432 3.957 3.777 3.853 3.898 3.911 3.894 3.845 3.765 3.654 3.511 3.337 3.133 2.897 2.819 2.881 2.949 3.022 3.100 3.184 3.273 3.368 3.469 3.574 3.685 3.802 3.779 3.661 3.548 3.439 3.335 3.235 3.140 3.049 2.963 2.881 2.804 2.731 2.988 3.466 3.966 4.488 5.032 5.599 6.187 6.797 7.430 8.084 8.761 9.459 9.442 8.995 8.529 8.044 7.540 7.017 6.476 5.915 5.335 4.737 4.119
9.920 9.980 9.495 9.231 9.052 8.806 8.495 8.119 7.677 7.169 6.596 5.957 5.252 4.792 4.759 4.694 4.599 4.472 4.313 4.124 3.904 3.652 3.369 3.055 2.710 2.530 2.611 2.698 2.790 2.888 2.991 3.099 3.213 3.332 3.457 3.587 3.723 3.752 3.650 3.553 3.460 3.371 3.287 3.207 3.132 3.062 2.996 2.934 2.877 3.106 3.661 4.238 4.837 5.458 6.101 6.767 7.454 8.163 8.894 9.648 10.423 10.567 10.053 9.521 8.970 8.400 7.811 7.203 6.520 5.756 5.010 4.280
12.742 13.291 13.012 12.667 12.257 11.782 11.240 10.634 9.961 9.223 8.420 7.551 6.616 5.840 5.697 5.523 5.318 5.082 4.815 4.516 4.187 3.826 3.434 3.011 2.557 2.236 2.336 2.442 2.553 2.670 2.792 2.919 3.052 3.191 3.335 3.484 3.639 3.722 3.635 3.553 3.476 3.403 3.335 3.271 3.211 3.157 3.106 3.061 3.019 3.202 3.834 4.488 5.164 5.862 6.582 7.324 8.088 8.874 9.682 10.512 11.364 11.577 10.753 9.946 9.156 8.383 7.628 6.889 6.168 5.463 4.776 4.106
16.638 17.255 16.746 16.171 15.531 14.825 14.053 13.216 12.314 11.346 10.313 9.214 8.049 6.919 6.667 6.384 6.070 5.725 5.349 4.941 4.502 4.032 3.531 2.999 2.436 1.936 2.056 2.181 2.311 2.447 2.588 2.734 2.886 3.044 3.207 3.375 3.549 3.686 3.615 3.549 3.488 3.430 3.378 3.330 3.286 3.247 3.212 3.182 3.156 3.276 3.984 4.715 5.468 6.243 7.146 8.038 8.817 9.483 10.035 10.473 10.798 10.792 10.028 9.280 8.550 7.836 7.140 6.461 5.799 5.155 4.527 3.917
