DATA/SHG/ECMWF/20170628/EN-11/20170628.en-11.asc
ncols        190
nrows        64
xllcorner    -5100000.000000000000
yllcorner    4130000.000000000000
cellsize     10000.000000000000
NODATA_value  -99999.000
[rows 0 to 32 of 64, columns 73 to 145 of 190]
9.978 9.986 10.000 10.019 10.045 10.076 10.113 10.156 10.402 11.101 11.779 12.439 13.081 13.705 14.311 14.900 15.471 16.023 16.558 17.076 17.416 17.239 17.079 16.920 16.763 16.606 16.451 16.297 16.145 15.993 15.843 15.694 15.369 14.480 13.610 12.760 11.928 11.116 10.322 9.548 8.792 8.056 7.338 6.640 6.028 5.632 5.236 4.841 4.446 4.052 3.658 3.265 2.873 2.481 2.089 1.699 1.383 1.285 1.185 1.085 0.984 0.881 0.778 0.673 0.567 0.461 0.353 0.244 0.217 0.426 0.641 0.863 1.092
9.502 9.531 9.648 9.761 9.844 9.895 9.916 9.905 9.987 10.620 11.236 11.833 12.413 12.975 13.520 14.046 14.555 15.046 15.519 15.974 16.346 16.175 16.020 15.867 15.715 15.564 15.415 15.266 15.119 14.973 14.829 14.685 14.467 13.663 12.878 12.113 11.366 10.639 9.930 9.241 8.570 7.919 7.286 6.673 6.103 5.709 5.316 4.923 4.530 4.139 3.748 3.357 2.967 2.578 2.189 1.800 1.452 1.350 1.245 1.140 1.034 0.927 0.819 0.710 0.599 0.488 0.375 0.262 0.200 0.440 0.686 0.939 1.198
9.884 9.951 9.987 9.992 9.965 9.908 9.819 9.699 9.584 10.155 10.709 11.245 11.762 12.263 12.745 13.209 13.656 14.085 14.496 14.889 15.265 15.110 14.961 14.814 14.667 14.522 14.378 14.236 14.094 13.954 13.815 13.677 13.540 12.826 12.127 11.446 10.784 10.142 9.518 8.914 8.328 7.762 7.214 6.686 6.177 5.786 5.395 5.004 4.614 4.225 3.836 3.448 3.061 2.674 2.287 1.902 1.523 1.415 1.307 1.197 1.086 0.974 0.861 0.747 0.632 0.516 0.399 0.280 0.202 0.533 0.881 1.247 1.630
10.470 10.428 10.355 10.251 10.115 9.949 9.751 9.523 9.263 9.708 10.199 10.673 11.129 11.567 11.987 12.390 12.775 13.142 13.491 13.823 14.136 14.046 13.903 13.761 13.620 13.481 13.342 13.205 13.069 12.934 12.801 12.669 12.538 11.970 11.355 10.760 10.183 9.625 9.087 8.567 8.066 7.585 7.122 6.678 6.253 5.862 5.473 5.085 4.698 4.311 3.925 3.539 3.154 2.769 2.385 2.002 1.619 1.482 1.369 1.273 1.196 1.121 1.049 0.980 0.913 0.849 0.787 0.728 0.671 1.049 1.476 1.921 2.383
11.084 10.933 10.751 10.538 10.294 10.019 9.713 9.376 9.007 9.277 9.706 10.118 10.512 10.888 11.247 11.588 11.911 12.216 12.503 12.773 13.025 12.982 12.845 12.708 12.573 12.439 12.306 12.175 12.044 11.915 11.787 11.661 11.535 11.094 10.565 10.054 9.562 9.089 8.635 8.200 7.784 7.387 7.009 6.650 6.310 5.937 5.551 5.165 4.780 4.396 4.024 3.664 3.307 2.955 2.606 2.260 1.918 1.791 1.720 1.652 1.586 1.523 1.462 1.404 1.349 1.296 1.246 1.198 1.153 1.547 2.053 2.576 3.117
11.727 11.467 11.176 10.854 10.501 10.118 9.703 9.257 8.780 8.863 9.231 9.580 9.913 10.227 10.524 10.803 11.064 11.307 11.533 11.741 11.931 11.919 11.787 11.656 11.526 11.398 11.270 11.144 11.020 10.896 10.774 10.653 10.533 10.199 9.754 9.328 8.921 8.533 8.164 7.814 7.482 7.179 6.899 6.636 6.391 6.072 5.710 5.351 4.997 4.645 4.298 3.954 3.614 3.277 2.944 2.615 2.289 2.144 2.085 2.028 1.973 1.922 1.872 1.826 1.782 1.740 1.702 1.665 1.632 2.026 2.611 3.213 3.833
12.397 12.029 11.629 11.199 10.737 10.245 9.722 9.167 8.582 8.466 8.772 9.060 9.330 9.583 9.817 10.035 10.234 10.416 10.580 10.726 10.855 10.855 10.729 10.603 10.479 10.356 10.235 10.114 9.995 9.877 9.760 9.645 9.545 9.318 8.976 8.652 8.345 8.055 7.783 7.529 7.292 7.073 6.871 6.687 6.520 6.262 5.916 5.573 5.235 4.899 4.568 4.240 3.916 3.595 3.278 2.965 2.655 2.494 2.446 2.400 2.357 2.317 2.279 2.244 2.212 2.182 2.154 2.129 2.107 2.487 3.150 3.831 4.530
13.096 12.619 12.111 11.572 11.002 10.401 9.770 9.107 8.413 8.085 8.329 8.556 8.764 8.955 9.128 9.284 9.422 9.542 9.644 9.729 9.796 9.792 9.671 9.594 9.529 9.456 9.377 9.291 9.197 9.097 8.989 8.874 8.753 8.568 8.305 8.058 7.830 7.618 7.425 7.249 7.090 6.949 6.825 6.719 6.630 6.447 6.118 5.791 5.469 5.149 4.834 4.522 4.214 3.909 3.608 3.311 3.017 2.841 2.804 2.770 2.738 2.709 2.683 2.659 2.638 2.619 2.603 2.590 2.579 2.929 3.671 4.431 5.208
13.823 13.238 12.621 11.974 11.295 10.586 9.846 9.075 8.273 7.722 7.904 8.069 8.216 8.345 8.456 8.562 8.705 8.839 8.966 9.086 9.198 9.265 9.183 9.093 8.996 8.892 8.782 8.664 8.539 8.407 8.268 8.122 7.969 7.800 7.615 7.447 7.296 7.163 7.048 6.949 6.869 6.806 6.760 6.732 6.721 6.629 6.315 6.005 5.698 5.395 5.096 4.800 4.508 4.219 3.934 3.653 3.375 3.184 3.159 3.136 3.116 3.099 3.084 3.071 3.061 3.054 3.049 3.047 3.048 3.353 4.174 5.012 5.868
14.578 13.884 13.159 12.404 11.617 10.800 9.951 9.072 8.164 7.414 7.575 7.729 7.875 8.014 8.145 8.268 8.384 8.492 8.593 8.686 8.771 8.835 8.721 8.600 8.472 8.337 8.195 8.046 7.890 7.727 7.556 7.379 7.195 7.014 6.907 6.817 6.745 6.690 6.652 6.632 6.629 6.644 6.677 6.727 6.794 6.807 6.509 6.215 5.924 5.637 5.354 5.074 4.798 4.525 4.256 3.991 3.729 3.525 3.511 3.500 3.491 3.485 3.481 3.480 3.482 3.486 3.492 3.502 3.513 3.759 4.658 5.575 6.509
15.362 14.482 13.512 12.562 11.631 10.720 9.829 8.958 8.106 7.286 7.421 7.549 7.668 7.780 7.885 7.982 8.071 8.152 8.226 8.293 8.352 8.410 8.269 8.117 7.957 7.791 7.617 7.437 7.249 7.055 6.853 6.645 6.429 6.210 6.181 6.169 6.175 6.198 6.238 6.296 6.371 6.464 6.575 6.702 6.848 6.981 6.699 6.421 6.146 5.875 5.607 5.344 5.083 4.827 4.574 4.324 4.079 3.862 3.860 3.860 3.862 3.868 3.875 3.886 3.899 3.914 3.932 3.953 3.976 4.146 5.124 6.119 7.132
14.845 13.924 13.023 12.141 11.280 10.437 9.615 8.813 8.030 7.267 7.274 7.375 7.468 7.554 7.632 7.702 7.765 7.820 7.867 7.907 7.940 7.971 7.825 7.642 7.451 7.253 7.048 6.837 6.618 6.392 6.159 5.919 5.672 5.418 5.437 5.503 5.586 5.687 5.806 5.942 6.095 6.266 6.454 6.659 6.882 7.123 6.885 6.622 6.364 6.108 5.857 5.609 5.365 5.124 4.887 4.654 4.424 4.198 4.205 4.217 4.231 4.247 4.266 4.288 4.312 4.339 4.369 4.400 4.436 4.524 5.547 6.554 7.547
14.200 13.348 12.516 11.703 10.910 10.137 9.384 8.650 7.936 7.242 7.135 7.209 7.276 7.335 7.386 7.430 7.466 7.495 7.516 7.529 7.535 7.540 7.390 7.175 6.953 6.724 6.488 6.245 5.995 5.738 5.474 5.202 4.924 4.639 4.675 4.819 4.980 5.159 5.355 5.569 5.800 6.048 6.314 6.598 6.899 7.217 7.066 6.820 6.577 6.338 6.102 5.871 5.642 5.418 5.197 4.979 4.765 4.555 4.548 4.547 4.530 4.527 4.539 4.564 4.603 4.656 4.723 4.804 4.899 5.008 5.907 6.849 7.776
13.538 12.755 11.991 11.248 10.523 9.819 9.134 8.469 7.824 7.199 7.002 7.050 7.090 7.123 7.148 7.165 7.175 7.177 7.172 7.158 7.138 7.116 6.963 6.717 6.464 6.203 5.936 5.662 5.381 5.092 4.797 4.495 4.185 3.869 3.894 4.116 4.355 4.612 4.886 5.178 5.486 5.813 6.156 6.518 6.896 7.292 7.244 7.013 6.787 6.564 6.317 6.043 5.772 5.504 5.237 4.973 4.711 4.452 4.406 4.438 4.483 4.542 4.615 4.703 4.804 4.919 5.048 5.191 5.348 5.519 6.282 7.158 8.019
12.859 12.144 11.449 10.774 10.119 9.483 8.867 8.271 7.694 7.138 6.877 6.899 6.912 6.918 6.917 6.908 6.891 6.867 6.835 6.795 6.748 6.700 6.545 6.268 5.983 5.692 5.393 5.088 4.775 4.455 4.129 3.795 3.455 3.107 3.096 3.396 3.713 4.047 4.399 4.768 5.155 5.567 5.982 6.382 6.768 7.139 7.123 6.851 6.581 6.313 6.048 5.785 5.524 5.265 5.009 4.755 4.503 4.254 4.221 4.314 4.421 4.543 4.678 4.827 4.990 5.167 5.358 5.563 5.782 6.015 6.670 7.481 8.277
12.162 11.516 10.890 10.283 9.697 9.130 8.582 8.055 7.547 7.059 6.759 6.754 6.741 6.721 6.693 6.657 6.614 6.563 6.505 6.439 6.366 6.291 6.136 5.827 5.511 5.188 4.859 4.522 4.178 3.827 3.470 3.105 2.797 2.555 2.611 3.062 3.500 3.922 4.331 4.724 5.104 5.468 5.819 6.154 6.476 6.783 6.812 6.550 6.290 6.033 5.777 5.524 5.273 5.025 4.779 4.534 4.293 4.053 4.021 4.176 4.346 4.529 4.726 4.937 5.162 5.401 5.654 5.921 6.202 6.497 7.072 7.818 8.548
11.447 10.870 10.313 9.775 9.257 8.759 8.280 7.821 7.381 6.962 6.648 6.617 6.577 6.530 6.476 6.414 6.345 6.267 6.183 6.090 5.990 5.889 5.735 5.404 5.091 4.794 4.512 4.246 3.995 3.760 3.540 3.336 3.148 2.975 2.978 3.365 3.738 4.096 4.440 4.770 5.085 5.385 5.671 5.943 6.200 6.442 6.500 6.248 5.998 5.750 5.505 5.262 5.021 4.782 4.546 4.312 4.080 3.851 3.807 4.024 4.256 4.501 4.760 5.033 5.320 5.621 5.936 6.264 6.607 6.963 7.489 8.169 8.834
10.716 10.207 9.718 9.249 8.800 8.370 7.960 7.569 7.198 6.847 6.544 6.486 6.421 6.347 6.267 6.177 6.071 5.961 5.849 5.734 5.616 5.501 5.374 5.114 4.871 4.643 4.430 4.233 4.052 3.886 3.736 3.601 3.482 3.378 3.361 3.684 3.992 4.286 4.566 4.831 5.081 5.317 5.539 5.746 5.939 6.117 6.185 5.943 5.703 5.466 5.230 4.997 4.766 4.538 4.312 4.088 3.866 3.646 3.579 3.859 4.152 4.459 4.780 5.115 5.463 5.826 6.203 6.593 6.997 7.416 7.919 8.534 9.133
9.967 9.527 9.106 8.706 8.325 7.964 7.622 7.300 6.994 6.688 6.396 6.290 6.185 6.077 5.966 5.852 5.736 5.617 5.495 5.370 5.242 5.118 4.996 4.808 4.634 4.475 4.331 4.204 4.091 3.995 3.914 3.848 3.798 3.764 3.758 4.017 4.261 4.491 4.706 4.907 5.093 5.265 5.423 5.566 5.694 5.808 5.868 5.636 5.407 5.179 4.954 4.731 4.510 4.291 4.075 3.861 3.650 3.440 3.337 3.679 4.033 4.402 4.785 5.182 5.592 6.017 6.455 6.907 7.374 7.854 8.363 8.913 9.447
9.200 8.829 8.473 8.131 7.804 7.491 7.192 6.907 6.636 6.380 6.138 6.007 5.892 5.774 5.654 5.530 5.404 5.275 5.144 5.009 4.872 4.737 4.606 4.484 4.379 4.290 4.215 4.157 4.114 4.086 4.074 4.078 4.097 4.132 4.182 4.366 4.546 4.711 4.862 4.999 5.121 5.229 5.322 5.401 5.465 5.515 5.550 5.328 5.108 4.891 4.675 4.462 4.252 4.043 3.837 3.633 3.431 3.232 3.082 3.484 3.901 4.332 4.776 5.235 5.707 6.193 6.693 7.207 7.735 8.277 8.822 9.306 9.775
8.433 8.113 7.806 7.514 7.236 6.973 6.723 6.488 6.266 6.059 5.867 5.727 5.602 5.475 5.345 5.212 5.076 4.937 4.796 4.651 4.504 4.360 4.219 4.144 4.108 4.087 4.082 4.093 4.119 4.160 4.217 4.290 4.378 4.482 4.601 4.730 4.845 4.947 5.034 5.106 5.164 5.208 5.237 5.252 5.252 5.238 5.209 5.018 4.808 4.600 4.395 4.192 3.991 3.793 3.596 3.403 3.211 3.021 2.834 3.276 3.755 4.247 4.753 5.273 5.807 6.355 6.917 7.493 8.082 8.739 9.451 9.956 10.427
7.655 7.384 7.127 6.885 6.656 6.442 6.242 6.056 5.884 5.726 5.583 5.450 5.316 5.178 5.038 4.896 4.750 4.602 4.451 4.297 4.140 3.986 3.835 3.786 3.819 3.868 3.932 4.012 4.107 4.217 4.343 4.485 4.642 4.815 5.003 5.109 5.161 5.198 5.221 5.229 5.223 5.202 5.167 5.118 5.054 4.976 4.884 4.705 4.505 4.308 4.113 3.920 3.729 3.540 3.354 3.170 2.988 2.809 2.632 3.054 3.701 4.497 5.276 6.039 6.785 7.515 8.228 8.925 9.605 10.269 10.917 11.289 11.609
6.865 6.644 6.436 6.243 6.064 5.899 5.748 5.611 5.489 5.381 5.286 5.176 5.032 4.885 4.735 4.583 4.428 4.269 4.109 3.945 3.778 3.615 3.454 3.412 3.514 3.631 3.764 3.913 4.077 4.257 4.452 4.662 4.888 5.130 5.387 5.503 5.491 5.464 5.423 5.367 5.297 5.212 5.114 5.000 4.872 4.730 4.574 4.391 4.201 4.014 3.828 3.700 3.687 3.719 3.795 3.914 4.078 4.285 4.537 5.165 5.904 6.627 7.333 8.022 8.695 9.352 9.992 10.616 11.223 11.814 12.388 12.653 12.822
6.063 5.891 5.733 5.589 5.459 5.343 5.242 5.155 5.081 5.022 4.977 4.905 4.751 4.595 4.435 4.273 4.108 3.940 3.770 3.596 3.420 3.247 3.076 3.020 3.191 3.378 3.580 3.797 4.030 4.279 4.543 4.822 5.117 5.428 5.753 5.913 5.837 5.746 5.640 5.521 5.387 5.238 5.102 4.985 4.842 4.672 4.477 4.361 4.368 4.419 4.513 4.652 4.834 5.061 5.331 5.645 6.004 6.406 6.852 7.455 8.121 8.770 9.403 10.020 10.620 11.203 11.771 12.321 12.855 13.373 13.874 14.050 14.068
5.249 5.126 5.017 4.922 4.842 4.776 4.723 4.685 4.661 4.652 4.656 4.637 4.473 4.307 4.138 3.966 3.791 3.614 3.434 3.251 3.065 2.881 2.701 2.612 2.852 3.107 3.378 3.665 3.966 4.284 4.617 4.965 5.329 5.748 6.255 6.603 6.553 6.477 6.375 6.247 6.092 5.911 5.703 5.470 5.210 4.924 4.611 4.486 4.688 4.933 5.223 5.556 5.933 6.355 6.820 7.329 7.882 8.479 9.120 9.759 10.351 10.928 11.488 12.031 12.558 13.069 13.563 14.041 14.502 14.947 15.375 15.478 15.346
4.422 4.348 4.289 4.244 4.212 4.195 4.192 4.204 4.229 4.268 4.322 4.372 4.199 4.023 3.844 3.662 3.478 3.291 3.101 2.908 2.712 2.519 2.329 2.187 2.520 2.915 3.334 3.778 4.246 4.739 5.256 5.797 6.363 6.954 7.569 8.050 7.883 7.690 7.471 7.226 6.955 6.657 6.333 5.983 5.606 5.203 4.774 4.565 4.961 5.401 5.885 6.413 6.985 7.601 8.261 8.964 9.712 10.503 11.339 12.076 12.596 13.099 13.586 14.057 14.511 14.948 15.369 15.774 16.162 16.534 16.890 16.938 16.655
3.583 3.559 3.549 3.553 3.571 3.603 3.649 3.709 3.784 3.872 3.975 4.092 3.927 3.741 3.552 3.361 3.174 3.034 2.898 2.765 2.636 2.507 2.380 2.255 2.720 3.223 3.751 4.304 4.880 5.482 6.107 6.757 7.432 8.131 8.854 9.523 9.240 8.931 8.595 8.233 7.845 7.430 6.990 6.523 6.029 5.510 4.964 4.596 5.187 5.822 6.501 7.223 7.990 8.800 9.654 10.552 11.494 12.480 13.510 14.407 14.854 15.285 15.698 16.096 16.477 16.842 17.190 17.522 17.837 18.136 18.419 18.431 17.997
2.732 2.757 2.796 2.849 2.917 2.998 3.093 3.203 3.327 3.476 3.674 3.870 3.789 3.647 3.509 3.374 3.243 3.115 2.990 2.869 2.752 2.635 2.519 2.406 2.892 3.504 4.140 4.801 5.486 6.196 6.930 7.689 8.472 9.280 10.112 10.968 10.624 10.198 9.746 9.267 8.762 8.231 7.674 7.090 6.481 5.845 5.182 4.581 5.367 6.196 7.069 7.986 8.947 9.952 11.000 12.092 13.229 14.409 15.633 16.752 17.126 17.484 17.825 18.149 18.458 18.749 19.025 19.284 19.526 19.753 19.962 19.955 19.371
1.869 1.943 2.066 2.272 2.477 2.678 2.878 3.075 3.269 3.462 3.651 3.839 3.807 3.677 3.551 3.428 3.308 3.192 3.079 2.970 2.864 2.760 2.656 2.555 3.035 3.756 4.501 5.270 6.064 6.883 7.725 8.592 9.484 10.400 11.340 12.305 12.035 11.492 10.923 10.328 9.707 9.059 8.385 7.685 6.959 6.207 5.428 4.623 5.499 6.523 7.591 8.702 9.857 11.056 12.298 13.585 14.915 16.289 17.707 19.111 19.412 19.697 19.965 20.217 20.452 20.671 20.874 21.060 21.230 21.383 21.520 21.510 20.776
1.708 1.911 2.111 2.310 2.506 2.699 2.890 3.079 3.265 3.449 3.631 3.810 3.822 3.704 3.590 3.478 3.371 3.266 3.165 3.068 2.974 2.881 2.789 2.700 3.152 3.981 4.834 5.712 6.614 7.541 8.492 9.467 10.467 11.491 12.540 13.613 13.472 12.813 12.128 11.416 10.678 9.914 9.124 8.308 7.465 6.597 5.702 4.780 5.586 6.803 8.065 9.371 10.720 12.113 13.549 15.030 16.554 18.122 19.734 21.390 21.712 21.924 22.119 22.298 22.461 22.607 22.737 22.850 22.947 23.028 23.092 23.083 22.166
1.772 1.967 2.159 2.349 2.537 2.722 2.905 3.085 3.263 3.439 3.612 3.783 3.834 3.728 3.625 3.526 3.430 3.337 3.248 3.162 3.080 2.999 2.919 2.842 3.240 4.177 5.139 6.125 7.136 8.171 9.230 10.314 11.422 12.555 13.712 14.893 14.937 14.161 13.359 12.532 11.677 10.797 9.890 8.958 7.999 7.014 6.003 4.965 5.625 7.037 8.493 9.992 11.535 13.122 14.753 16.427 18.146 19.907 21.713 23.562 24.025 24.164 24.254 24.271 24.284 24.294 24.300 24.303 24.303 24.299 24.291 24.280 23.320
1.838 2.025 2.209 2.391 2.570 2.747 2.922 3.094 3.264 3.431 3.596 3.759 3.843 3.749 3.658 3.570 3.486 3.405 3.328 3.254 3.183 3.114 3.046 2.980 3.301 4.346 5.417 6.511 7.630 8.773 9.941 11.133 12.349 13.590 14.855 16.144 16.428 15.536 14.618 13.674 12.703 11.707 10.684 9.635 8.560 7.459 6.331 5.178 5.618 7.224 8.874 10.567 12.304 14.121 16.018 17.884 19.717 21.518 23.288 25.025 25.537 25.545 25.550 25.551 25.549 25.544 25.535 25.522 25.506 25.487 25.464 25.437 24.498
1.907 2.085 2.261 2.435 2.606 2.774 2.941 3.105 3.266 3.425 3.582 3.736 3.849 3.766 3.687 3.611 3.539 3.470 3.404 3.342 3.283 3.226 3.169 3.116 3.334 4.488 5.666 6.869 8.096 9.347 10.623 11.923 13.247 14.596 15.969 17.367 17.946 16.938 15.904 14.843 13.757 12.644 11.505 10.340 9.254 8.414 7.509 6.539 6.909 8.825 10.709 12.561 14.381 16.169 17.925 19.650 21.342 23.002 24.630 26.226 26.866 26.859 26.848 26.834 26.817 26.796 26.771 26.743 26.712 26.677 26.638 26.597 25.697
