DATA/SHG/ECMWF/20170628/EN-11/20170708.en-11.asc
ncols        190
nrows        64
xllcorner    -5100000.000000000000
yllcorner    4130000.000000000000
cellsize     10000.000000000000
NODATA_value  -99999.000
[rows 0 to 31 of 64, columns 0 to 71 of 190]
0.349 0.354 0.356 0.355 0.352 0.345 0.337 0.325 0.311 0.300 0.292 0.286 0.282 0.279 0.279 0.280 0.283 0.288 0.296 0.314 0.336 0.344 0.345 0.346 0.348 0.349 0.350 0.350 0.351 0.352 0.352 0.352 0.352 0.360 0.372 0.383 0.394 0.404 0.414 0.423 0.432 0.440 0.448 0.455 0.462 0.506 0.587 0.671 0.760 0.851 0.947 1.046 1.149 1.256 1.366 1.480 1.598 1.676 1.701 1.723 1.744 1.762 1.779 1.793 1.804 1.814 1.822 1.827 1.830 1.913 2.122 2.321
0.261 0.256 0.248 0.238 0.225 0.210 0.191 0.171 0.147 0.135 0.134 0.135 0.158 0.181 0.204 0.226 0.248 0.270 0.291 0.311 0.332 0.342 0.343 0.343 0.344 0.345 0.345 0.346 0.346 0.346 0.346 0.346 0.346 0.350 0.360 0.370 0.379 0.387 0.395 0.402 0.409 0.416 0.422 0.427 0.432 0.470 0.564 0.662 0.763 0.868 0.976 1.088 1.204 1.324 1.447 1.574 1.705 1.802 1.819 1.834 1.847 1.858 1.866 1.872 1.876 1.878 1.878 1.875 1.871 1.911 2.085 2.250
0.175 0.160 0.144 0.124 0.105 0.100 0.095 0.092 0.088 0.098 0.121 0.143 0.166 0.187 0.209 0.230 0.250 0.270 0.290 0.309 0.328 0.340 0.340 0.340 0.341 0.341 0.341 0.341 0.341 0.340 0.340 0.340 0.339 0.341 0.349 0.357 0.364 0.371 0.377 0.382 0.387 0.392 0.396 0.399 0.402 0.431 0.538 0.648 0.762 0.880 1.002 1.127 1.256 1.388 1.524 1.664 1.808 1.930 1.939 1.947 1.952 1.955 1.955 1.954 1.950 1.944 1.936 1.926 1.923 1.934 2.097 2.260
0.128 0.122 0.118 0.113 0.110 0.107 0.106 0.104 0.104 0.111 0.132 0.153 0.174 0.194 0.214 0.234 0.253 0.271 0.290 0.307 0.325 0.338 0.338 0.338 0.338 0.337 0.337 0.336 0.336 0.335 0.334 0.333 0.332 0.332 0.339 0.345 0.350 0.355 0.359 0.363 0.366 0.369 0.371 0.373 0.374 0.388 0.507 0.631 0.758 0.889 1.023 1.161 1.303 1.449 1.598 1.751 1.907 2.060 2.062 2.061 2.061 2.079 2.092 2.099 2.099 2.093 2.081 2.063 2.038 2.008 2.167 2.330
0.122 0.119 0.117 0.115 0.114 0.114 0.115 0.116 0.118 0.124 0.144 0.164 0.183 0.202 0.220 0.238 0.256 0.273 0.290 0.306 0.322 0.336 0.335 0.335 0.334 0.334 0.333 0.332 0.331 0.330 0.329 0.327 0.326 0.324 0.329 0.333 0.336 0.339 0.342 0.344 0.345 0.346 0.346 0.346 0.346 0.344 0.474 0.610 0.750 0.894 1.041 1.192 1.347 1.512 1.702 1.898 2.101 2.310 2.343 2.353 2.356 2.353 2.344 2.329 2.307 2.280 2.246 2.206 2.160 2.107 2.238 2.401
0.115 0.114 0.115 0.116 0.118 0.120 0.123 0.127 0.132 0.138 0.156 0.175 0.192 0.210 0.227 0.243 0.259 0.275 0.290 0.305 0.319 0.333 0.333 0.332 0.331 0.330 0.329 0.328 0.326 0.325 0.323 0.321 0.319 0.317 0.320 0.322 0.323 0.325 0.325 0.325 0.325 0.324 0.323 0.321 0.318 0.315 0.443 0.610 0.784 0.964 1.151 1.345 1.544 1.751 1.963 2.182 2.408 2.640 2.688 2.675 2.657 2.632 2.602 2.565 2.521 2.472 2.417 2.355 2.287 2.213 2.308 2.471
0.107 0.109 0.112 0.116 0.120 0.125 0.131 0.138 0.145 0.153 0.169 0.186 0.202 0.218 0.233 0.248 0.263 0.277 0.291 0.304 0.317 0.330 0.331 0.330 0.329 0.327 0.325 0.324 0.322 0.320 0.318 0.316 0.313 0.311 0.311 0.311 0.311 0.310 0.309 0.314 0.324 0.334 0.345 0.357 0.370 0.384 0.516 0.706 0.903 1.106 1.315 1.531 1.754 1.983 2.218 2.460 2.708 2.963 3.038 3.004 2.964 2.917 2.865 2.806 2.741 2.670 2.593 2.509 2.420 2.324 2.378 2.541
0.098 0.103 0.108 0.115 0.122 0.130 0.138 0.147 0.157 0.168 0.182 0.197 0.212 0.227 0.241 0.254 0.267 0.280 0.292 0.304 0.316 0.327 0.329 0.328 0.326 0.324 0.322 0.320 0.317 0.315 0.313 0.310 0.314 0.318 0.324 0.333 0.343 0.353 0.364 0.375 0.388 0.401 0.415 0.429 0.444 0.460 0.583 0.796 1.015 1.241 1.473 1.711 1.957 2.208 2.466 2.730 3.001 3.279 3.393 3.338 3.276 3.208 3.133 3.053 2.966 2.874 2.775 2.670 2.558 2.441 2.448 2.611
0.089 0.096 0.104 0.113 0.123 0.133 0.144 0.156 0.169 0.182 0.196 0.210 0.223 0.236 0.248 0.260 0.272 0.283 0.294 0.305 0.315 0.324 0.328 0.326 0.323 0.337 0.350 0.360 0.368 0.373 0.376 0.377 0.375 0.371 0.373 0.384 0.396 0.409 0.422 0.436 0.451 0.467 0.483 0.500 0.518 0.536 0.643 0.878 1.120 1.369 1.624 1.885 2.153 2.427 2.707 2.994 3.288 3.588 3.754 3.677 3.593 3.504 3.408 3.306 3.197 3.083 2.962 2.836 2.703 2.564 2.517 2.680
0.078 0.088 0.099 0.111 0.123 0.136 0.149 0.164 0.179 0.195 0.210 0.222 0.234 0.245 0.256 0.267 0.277 0.290 0.319 0.349 0.379 0.410 0.434 0.445 0.454 0.461 0.465 0.466 0.466 0.463 0.457 0.449 0.439 0.426 0.420 0.434 0.448 0.464 0.479 0.496 0.513 0.532 0.550 0.570 0.590 0.611 0.696 0.954 1.219 1.490 1.768 2.051 2.342 2.639 2.942 3.251 3.567 3.890 4.121 4.022 3.916 3.805 3.687 3.564 3.434 3.298 3.156 3.007 2.853 2.692 2.587 2.750
0.067 0.080 0.093 0.107 0.122 0.138 0.154 0.171 0.189 0.207 0.230 0.260 0.289 0.319 0.349 0.379 0.409 0.439 0.469 0.499 0.530 0.560 0.585 0.588 0.588 0.586 0.582 0.575 0.566 0.554 0.540 0.524 0.505 0.483 0.467 0.483 0.500 0.518 0.536 0.555 0.575 0.596 0.617 0.639 0.662 0.685 0.743 1.024 1.311 1.605 1.905 2.211 2.524 2.844 3.170 3.502 3.840 4.185 4.493 4.372 4.245 4.112 3.973 3.828 3.676 3.518 3.355 3.185 3.008 2.826 2.657 2.819
0.055 0.070 0.086 0.109 0.138 0.171 0.207 0.245 0.287 0.331 0.377 0.406 0.436 0.466 0.497 0.527 0.557 0.587 0.618 0.649 0.679 0.710 0.739 0.733 0.725 0.714 0.701 0.686 0.668 0.648 0.625 0.600 0.573 0.543 0.512 0.531 0.551 0.571 0.592 0.614 0.636 0.659 0.683 0.707 0.733 0.759 0.785 1.087 1.397 1.713 2.036 2.365 2.700 3.042 3.391 3.745 4.107 4.474 4.848 4.728 4.579 4.425 4.264 4.097 3.924 3.744 3.559 3.416 3.328 3.265 3.228 3.483
0.077 0.108 0.142 0.179 0.219 0.262 0.308 0.357 0.409 0.464 0.521 0.553 0.583 0.614 0.644 0.675 0.705 0.736 0.767 0.798 0.829 0.860 0.891 0.880 0.864 0.845 0.823 0.799 0.773 0.744 0.713 0.680 0.644 0.605 0.564 0.579 0.601 0.623 0.647 0.671 0.696 0.722 0.748 0.775 0.803 0.831 0.860 1.143 1.476 1.815 2.160 2.511 2.869 3.234 3.605 3.982 4.366 4.756 5.153 5.089 4.899 4.721 4.569 4.442 4.341 4.266 4.216 4.191 4.192 4.219 4.271 4.485
0.113 0.155 0.199 0.247 0.297 0.350 0.407 0.466 0.528 0.593 0.661 0.699 0.730 0.760 0.791 0.822 0.853 0.884 0.915 0.946 0.978 1.009 1.041 1.030 1.005 0.977 0.947 0.915 0.880 0.843 0.803 0.761 0.717 0.670 0.621 0.625 0.650 0.675 0.701 0.728 0.755 0.783 0.812 0.842 0.872 0.903 0.934 1.193 1.548 1.909 2.277 2.651 3.032 3.461 3.868 4.240 4.578 4.882 5.153 5.138 5.024 4.936 4.873 4.836 4.824 4.837 4.877 4.941 5.032 5.147 5.289 5.491
0.146 0.198 0.253 0.310 0.371 0.435 0.501 0.571 0.643 0.719 0.797 0.845 0.876 0.907 0.938 0.969 1.000 1.032 1.063 1.095 1.127 1.158 1.190 1.182 1.149 1.113 1.074 1.033 0.990 0.944 0.896 0.845 0.792 0.737 0.679 0.671 0.698 0.726 0.755 0.784 0.814 0.844 0.875 0.907 0.940 0.974 1.186 1.583 2.074 2.530 2.954 3.343 3.698 4.019 4.306 4.560 4.779 4.965 5.117 5.150 5.125 5.126 5.152 5.204 5.281 5.384 5.512 5.666 5.845 6.050 6.280 6.504
0.176 0.238 0.303 0.371 0.442 0.516 0.593 0.673 0.755 0.841 0.930 0.990 1.022 1.053 1.084 1.116 1.148 1.179 1.211 1.243 1.275 1.307 1.339 1.337 1.295 1.250 1.203 1.154 1.102 1.047 0.991 0.932 0.870 0.806 0.740 0.716 0.746 0.776 0.816 0.926 1.065 1.234 1.432 1.660 1.918 2.205 2.522 2.886 3.258 3.596 3.900 4.171 4.407 4.609 4.778 4.913 5.014 5.080 5.113 5.136 5.201 5.291 5.406 5.547 5.713 5.905 6.122 6.365 6.633 6.927 7.247 7.522
0.202 0.274 0.350 0.428 0.510 0.594 0.681 0.771 0.864 0.960 1.059 1.136 1.167 1.199 1.231 1.262 1.294 1.326 1.359 1.391 1.423 1.456 1.488 1.494 1.443 1.390 1.334 1.276 1.216 1.153 1.088 1.020 0.952 0.890 0.833 0.829 0.954 1.108 1.292 1.505 1.748 2.020 2.322 2.654 3.015 3.406 3.826 4.221 4.474 4.694 4.879 5.031 5.148 5.232 5.282 5.298 5.280 5.229 5.143 5.098 5.251 5.430 5.635 5.865 6.120 6.401 6.707 7.039 7.396 7.779 8.187 8.545
0.225 0.308 0.394 0.482 0.574 0.668 0.766 0.866 0.970 1.076 1.185 1.280 1.312 1.344 1.376 1.409 1.441 1.473 1.506 1.538 1.571 1.604 1.637 1.653 1.580 1.495 1.415 1.340 1.270 1.205 1.145 1.090 1.041 0.996 0.956 0.963 1.191 1.449 1.736 2.053 2.400 2.776 3.181 3.616 4.081 4.575 5.099 5.589 5.723 5.824 5.890 5.923 5.922 5.887 5.819 5.716 5.580 5.410 5.206 5.035 5.278 5.546 5.839 6.158 6.502 6.872 7.267 7.688 8.134 8.605 9.102 9.574
0.245 0.338 0.434 0.533 0.635 0.740 0.847 0.958 1.072 1.188 1.307 1.425 1.457 1.490 1.522 1.554 1.587 1.596 1.593 1.591 1.591 1.592 1.594 1.594 1.522 1.454 1.392 1.335 1.282 1.235 1.193 1.156 1.123 1.096 1.074 1.066 1.398 1.759 2.150 2.570 3.020 3.500 4.009 4.547 5.116 5.713 6.340 6.987 7.003 6.985 6.933 6.848 6.728 6.575 6.388 6.167 5.913 5.624 5.302 4.947 5.279 5.636 6.018 6.426 6.859 7.318 7.802 8.311 8.846 9.406 9.992 10.603
0.261 0.365 0.471 0.580 0.693 0.808 0.926 1.047 1.170 1.297 1.408 1.488 1.489 1.484 1.480 1.478 1.476 1.477 1.478 1.481 1.486 1.491 1.498 1.506 1.459 1.409 1.364 1.324 1.290 1.260 1.235 1.216 1.201 1.191 1.187 1.187 1.574 2.039 2.533 3.057 3.610 4.193 4.806 5.448 6.119 6.820 7.550 8.310 8.316 8.179 8.009 7.805 7.567 7.295 6.990 6.651 6.278 5.871 5.430 4.956 5.255 5.701 6.172 6.669 7.191 7.738 8.311 8.909 9.533 10.182 10.856 11.556
0.275 0.388 0.505 0.720 0.905 1.060 1.185 1.280 1.344 1.379 1.383 1.357 1.345 1.344 1.345 1.347 1.351 1.356 1.362 1.370 1.379 1.389 1.401 1.414 1.390 1.358 1.331 1.309 1.292 1.280 1.272 1.270 1.273 1.281 1.294 1.312 1.720 2.288 2.886 3.513 4.170 4.856 5.571 6.317 7.091 7.895 8.729 9.592 9.660 9.405 9.116 8.794 8.438 8.048 7.624 7.166 6.675 6.150 5.592 4.999 5.207 5.742 6.302 6.887 7.498 8.134 8.795 9.443 10.022 10.580 11.118 11.635
1.050 1.220 1.359 1.469 1.548 1.597 1.616 1.604 1.563 1.491 1.390 1.258 1.199 1.203 1.209 1.216 1.224 1.234 1.245 1.258 1.271 1.286 1.303 1.320 1.317 1.302 1.293 1.288 1.288 1.294 1.304 1.320 1.340 1.366 1.396 1.432 1.835 2.506 3.207 3.938 4.698 5.487 6.306 7.154 8.032 8.940 9.876 10.842 11.036 10.662 10.256 9.815 9.340 8.832 8.290 7.715 7.106 6.463 5.786 5.075 5.166 5.818 6.449 7.059 7.649 8.218 8.766 9.294 9.801 10.287 10.753 11.198
2.149 2.213 2.246 2.249 2.223 2.166 2.079 1.961 1.814 1.637 1.429 1.192 1.052 1.061 1.072 1.084 1.097 1.111 1.127 1.144 1.162 1.182 1.203 1.225 1.238 1.241 1.249 1.262 1.280 1.303 1.331 1.364 1.402 1.445 1.493 1.546 1.919 2.694 3.498 4.332 5.195 6.088 7.010 7.961 8.942 9.952 10.992 12.061 12.443 11.952 11.427 10.868 10.276 9.577 8.849 8.146 7.468 6.815 6.187 5.585 5.540 6.120 6.679 7.217 7.735 8.232 8.708 9.164 9.600 10.014 10.408 10.781
3.279 3.237 3.165 3.062 2.929 2.767 2.574 2.351 2.098 1.815 1.502 1.158 0.904 0.918 0.933 0.950 0.967 0.987 1.007 1.029 1.052 1.076 1.102 1.129 1.154 1.175 1.200 1.231 1.266 1.307 1.352 1.403 1.459 1.519 1.585 1.655 1.974 2.852 3.759 4.696 5.662 6.658 7.683 8.737 9.821 10.934 11.911 12.805 13.149 12.383 11.641 10.925 10.235 9.569 8.928 8.313 7.722 7.157 6.617 6.102 5.933 6.441 6.928 7.395 7.841 8.266 8.670 9.055 9.418 9.761 10.083 10.384
4.441 4.293 4.115 3.907 3.668 3.400 3.101 2.773 2.414 2.025 1.606 1.157 0.755 0.774 0.793 0.815 0.837 0.861 0.886 0.912 0.940 0.969 1.000 1.032 1.065 1.103 1.146 1.194 1.247 1.306 1.369 1.437 1.510 1.588 1.671 1.759 1.997 2.978 3.989 5.039 6.058 7.041 7.989 8.901 9.777 10.618 11.423 12.193 12.678 12.000 11.346 10.718 10.114 9.536 8.983 8.455 7.952 7.474 7.021 6.594 6.346 6.782 7.197 7.592 7.966 8.319 8.652 8.964 9.256 9.527 9.778 10.007
5.626 5.381 5.097 4.783 4.439 4.065 3.661 3.226 2.762 2.268 1.743 1.189 0.605 0.628 0.652 0.678 0.705 0.734 0.764 0.795 0.827 0.861 0.896 0.933 0.971 1.027 1.087 1.153 1.223 1.299 1.380 1.467 1.653 1.853 2.068 2.297 2.560 3.561 4.527 5.457 6.352 7.211 8.035 8.822 9.574 10.291 10.972 11.617 12.184 11.592 11.026 10.485 9.970 9.479 9.013 8.572 8.157 7.766 7.401 7.061 6.778 7.142 7.485 7.808 8.111 8.392 8.653 8.894 9.114 9.313 9.492 9.650
6.703 6.501 6.111 5.691 5.242 4.762 4.252 3.712 3.143 2.543 1.913 1.253 0.563 0.481 0.510 0.541 0.572 0.606 0.640 0.676 0.713 0.752 0.792 0.833 0.885 1.015 1.163 1.327 1.505 1.697 1.905 2.127 2.364 2.615 2.881 3.162 3.457 4.264 5.106 5.912 6.682 7.417 8.116 8.779 9.407 10.000 10.556 11.077 11.563 11.161 10.682 10.229 9.800 9.397 9.019 8.665 8.337 8.034 7.756 7.503 7.275 7.521 7.793 8.044 8.275 8.485 8.674 8.843 8.992 9.119 9.226 9.313
7.755 7.652 7.157 6.631 6.076 5.491 4.876 4.231 3.555 2.850 2.115 1.350 0.555 0.333 0.367 0.402 0.438 0.509 0.643 0.766 0.876 0.975 1.062 1.137 1.200 1.351 1.551 1.765 1.995 2.239 2.497 2.771 3.059 3.361 3.679 4.011 4.357 5.002 5.720 6.401 7.047 7.658 8.233 8.772 9.276 9.744 10.177 10.574 10.935 10.705 10.314 9.948 9.607 9.291 9.000 8.734 8.493 8.277 8.086 7.920 7.779 7.920 8.120 8.300 8.459 8.597 8.715 8.812 8.889 8.945 8.981 8.996
8.783 8.834 8.234 7.603 6.942 6.252 5.531 4.781 4.000 3.190 2.385 1.626 0.884 0.637 0.778 0.906 1.022 1.127 1.220 1.301 1.370 1.427 1.473 1.506 1.528 1.671 1.922 2.188 2.468 2.764 3.074 3.398 3.737 4.091 4.460 4.843 5.241 5.776 6.369 6.926 7.448 7.935 8.385 8.801 9.180 9.525 9.833 10.106 10.344 10.226 9.922 9.643 9.389 9.160 8.956 8.777 8.623 8.495 8.391 8.312 8.258 8.338 8.466 8.574 8.662 8.729 8.775 8.801 8.806 8.791 8.755 8.698
9.786 10.049 9.343 8.548 7.727 6.924 6.138 5.370 4.619 3.886 3.170 2.472 1.792 1.434 1.532 1.619 1.694 1.757 1.808 1.848 1.876 1.891 1.895 1.887 1.868 1.975 2.277 2.594 2.926 3.273 3.634 4.010 4.400 4.805 5.225 5.659 6.108 6.584 7.053 7.486 7.884 8.247 8.574 8.865 9.121 9.341 9.526 9.675 9.788 9.722 9.505 9.313 9.147 9.005 8.888 8.797 8.730 8.688 8.671 8.680 8.713 8.775 8.832 8.868 8.884 8.880 8.854 8.809 8.799 8.886 8.995 9.125
10.100 10.457 9.663 8.885 8.126 7.383 6.659 5.952 5.262 4.590 3.936 3.299 2.680 2.242 2.299 2.344 2.377 2.399 2.409 2.407 2.393 2.367 2.330 2.280 2.219 2.263 2.617 2.985 3.368 3.766 4.178 4.605 5.047 5.503 5.974 6.459 6.959 7.427 7.772 8.082 8.356 8.594 8.797 8.965 9.097 9.193 9.254 9.279 9.269 9.194 9.064 8.960 8.880 8.825 8.796 8.791 8.812 8.857 8.927 9.022 9.143 9.229 9.241 9.274 9.329 9.405 9.502 9.621 9.762 9.924 10.107 10.312
10.089 10.653 9.919 9.203 8.505 7.824 7.160 6.514 5.886 5.275 4.682 4.106 3.548 3.061 3.077 3.080 3.072 3.053 3.021 2.977 2.922 2.855 2.776 2.685 2.583 2.536 2.941 3.360 3.794 4.243 4.706 5.184 5.677 6.184 6.706 7.243 7.794 8.306 8.527 8.712 8.862 8.977 9.056 9.100 9.108 9.081 9.018 8.920 8.786 8.642 8.599 8.582 8.589 8.622 8.751 8.924 9.082 9.226 9.354 9.468 9.567 9.649 9.736 9.843 9.972 10.123 10.295 10.488 10.703 10.940 11.197 11.477
