DATA/SHG/ECMWF/20170628/EN-11/20170711.en-11.asc
ncols        190
nrows        64
xllcorner    -5100000.000000000000
yllcorner    4130000.000000000000
cellsize     10000.000000000000
NODATA_value  -99999.000
[rows 32 to 63 of 64, columns 73 to 145 of 190]
3.907 3.897 3.875 3.841 3.796 3.739 3.670 3.590 3.498 3.395 3.280 3.153 3.070 3.263 3.463 3.669 3.882 4.101 4.327 4.559 4.798 5.046 5.303 5.565 5.885 6.406 6.949 7.515 8.104 8.716 9.351 10.008 10.689 11.392 12.118 12.867 13.233 12.843 12.444 12.037 11.621 11.197 10.765 10.325 9.886 9.483 9.098 8.731 10.045 13.174 16.210 19.154 22.005 24.764 27.431 30.005 32.487 34.877 37.174 39.379 40.134 39.959 39.818 39.710 39.635 39.593 39.583 39.607 39.664 39.753 39.876 40.031 44.075
4.075 4.025 3.963 3.889 3.803 3.706 3.597 3.476 3.344 3.200 3.045 2.878 2.713 2.929 3.152 3.381 3.617 3.859 4.107 4.363 4.625 4.896 5.175 5.460 5.782 6.404 7.049 7.716 8.406 9.120 9.855 10.614 11.396 12.200 13.027 13.863 14.372 13.906 13.458 13.028 12.615 12.219 11.841 11.481 11.138 10.813 10.505 10.215 11.016 13.737 16.366 18.902 21.346 23.697 25.957 28.124 30.198 32.180 34.070 35.868 36.746 36.718 36.723 36.760 36.831 36.935 37.071 37.241 37.443 37.679 37.947 38.248 41.043
4.232 4.164 4.061 3.947 3.821 3.683 3.534 3.373 3.200 3.016 2.821 2.613 2.394 2.590 2.835 3.087 3.346 3.611 3.882 4.161 4.445 4.740 5.042 5.350 5.663 6.377 7.131 7.928 8.725 9.522 10.319 11.117 11.915 12.714 13.512 14.311 14.984 14.596 14.225 13.872 13.537 13.219 12.918 12.635 12.370 12.122 11.892 11.679 12.082 14.396 16.617 18.746 20.783 22.727 24.579 26.339 28.007 29.582 31.065 32.456 33.329 33.446 33.597 33.781 33.997 34.247 34.529 34.845 35.193 35.574 35.988 36.435 38.273
4.386 4.314 4.171 4.016 3.850 3.672 3.482 3.281 3.068 2.843 2.607 2.360 2.100 2.245 2.513 2.788 3.069 3.357 3.826 4.482 5.031 5.445 5.742 5.953 6.078 6.768 7.566 8.364 9.162 9.961 10.759 11.559 12.358 13.158 13.958 14.758 15.558 15.266 14.973 14.697 14.439 14.198 13.975 13.770 13.581 13.411 13.258 13.123 13.245 15.151 16.965 18.687 20.317 21.854 23.299 24.652 25.913 27.082 28.158 29.143 29.882 30.146 30.442 30.772 31.134 31.529 31.957 32.418 32.912 33.439 33.999 34.591 35.767
4.537 4.475 4.291 4.096 3.889 3.671 3.441 3.199 2.946 2.681 2.405 2.456 2.926 3.690 4.513 5.227 5.833 6.330 6.720 7.001 7.173 7.210 7.127 6.959 6.704 7.200 7.999 8.799 9.598 10.398 11.198 11.999 12.800 13.601 14.402 15.204 16.006 15.916 15.700 15.502 15.321 15.158 15.012 14.884 14.773 14.680 14.604 14.546 14.505 16.001 17.409 18.724 19.947 21.078 22.116 23.063 23.917 24.680 25.350 25.928 26.406 26.815 27.257 27.733 28.240 28.781 29.355 29.962 30.601 31.273 31.979 32.717 33.522
4.685 4.646 4.422 4.187 4.242 4.595 4.980 5.398 5.850 6.335 6.853 7.404 7.988 8.556 9.003 9.341 9.571 9.693 9.707 9.613 9.411 9.070 8.608 8.060 7.426 7.631 8.432 9.232 10.033 10.835 11.636 12.438 13.241 14.043 14.846 15.649 16.452 16.547 16.408 16.287 16.183 16.097 16.029 15.978 15.944 15.928 15.930 15.949 15.985 16.948 17.948 18.857 19.674 20.398 21.030 21.571 22.019 22.375 22.639 22.811 22.900 23.455 24.043 24.664 25.317 26.004 26.723 27.475 28.260 29.078 29.928 30.812 31.539
6.668 7.154 7.521 7.921 8.354 8.821 9.320 9.853 10.419 11.018 11.650 12.316 13.014 13.514 13.585 13.548 13.403 13.150 12.789 12.320 11.742 11.024 10.183 9.256 8.244 8.061 8.863 9.665 10.468 11.270 12.073 12.877 13.680 14.484 15.288 16.093 16.897 17.157 17.096 17.052 17.026 17.017 17.025 17.052 17.095 17.157 17.235 17.331 17.445 17.990 18.584 19.086 19.497 19.815 20.041 20.176 20.218 20.168 20.026 19.792 19.466 20.066 20.799 21.565 22.364 23.196 24.061 24.958 25.889 26.852 27.848 28.876 29.818
10.448 10.887 11.368 11.882 12.430 13.011 13.625 14.272 14.952 15.665 16.411 17.191 18.003 18.565 18.261 17.849 17.329 16.700 15.964 15.120 14.168 13.073 11.853 10.547 9.156 8.490 9.293 10.097 10.901 11.705 12.509 13.314 14.119 14.924 15.730 16.535 17.342 17.748 17.764 17.797 17.848 17.916 18.002 18.106 18.226 18.365 18.521 18.694 18.885 19.127 19.315 19.412 19.416 19.329 19.149 18.877 18.514 18.059 17.511 16.872 16.140 16.647 17.526 18.437 19.382 20.410 21.561 22.693 23.807 24.902 25.979 27.037 28.076
14.256 14.584 15.179 15.808 16.470 17.165 17.893 18.654 19.448 20.275 21.136 22.029 22.956 23.708 23.029 22.242 21.347 20.344 19.233 18.014 16.687 15.216 13.617 11.934 10.164 8.918 9.723 10.528 11.333 12.138 12.944 13.750 14.557 15.363 16.170 16.977 17.785 18.319 18.412 18.523 18.651 18.796 18.959 19.140 19.337 19.553 19.786 20.036 20.304 20.360 20.142 19.833 19.432 18.938 18.353 17.676 16.942 16.275 15.583 14.865 14.121 14.659 15.803 16.928 18.035 19.123 20.193 21.244 22.276 23.290 24.286 25.262 26.221
18.091 18.280 18.955 19.698 20.474 21.283 22.125 23.000 23.908 24.849 25.824 26.831 27.872 28.943 27.889 26.728 25.458 24.081 22.596 21.002 19.301 17.453 15.477 13.414 11.267 9.345 10.151 10.957 11.764 12.571 13.378 14.185 14.993 15.801 16.610 17.418 18.227 18.871 19.041 19.228 19.433 19.656 19.896 20.153 20.428 20.721 21.031 21.341 21.587 21.507 20.906 20.279 19.627 18.950 18.247 17.518 16.764 15.985 15.181 14.351 13.495 13.717 14.780 15.824 16.849 17.856 18.844 19.814 20.766 21.698 22.613 23.508 24.386
21.955 22.023 22.694 23.551 24.441 25.364 26.321 27.310 28.332 29.387 30.475 31.597 32.751 33.939 32.843 31.307 29.663 27.911 26.052 24.084 22.009 19.785 17.430 14.990 12.465 9.854 10.578 11.386 12.194 13.002 13.811 14.620 15.429 16.238 17.048 17.858 18.668 19.402 19.634 19.750 19.895 20.068 20.269 20.499 20.756 21.041 21.354 21.696 22.065 22.142 21.429 20.690 19.925 19.135 18.320 17.480 16.614 15.722 14.806 13.863 12.896 12.795 13.776 14.739 15.683 16.609 17.516 18.405 19.275 20.127 20.960 21.775 22.571
25.846 25.794 26.398 27.369 28.373 29.410 30.480 31.583 32.720 33.889 35.091 36.326 37.594 38.896 37.888 35.978 33.960 31.835 29.601 27.260 24.811 22.211 19.478 16.661 13.757 10.769 11.004 11.814 12.623 13.431 14.185 14.909 15.604 16.269 16.905 17.511 18.088 18.631 18.843 19.084 19.353 19.650 19.975 20.328 20.709 21.118 21.555 22.020 22.513 22.803 21.977 21.126 20.250 19.348 18.420 17.468 16.490 15.486 14.457 13.403 12.323 11.893 12.793 13.674 14.538 15.382 16.208 17.016 17.805 18.576 19.328 20.062 20.777
29.765 29.592 30.067 31.152 32.270 33.420 34.604 35.821 37.071 38.354 39.670 41.019 42.401 43.816 43.026 40.742 38.350 35.851 33.244 30.529 27.707 24.445 21.191 17.994 14.853 11.768 11.468 12.180 12.863 13.517 14.140 14.735 15.299 15.834 16.340 16.816 17.262 17.679 18.024 18.388 18.781 19.202 19.650 20.127 20.632 21.165 21.725 22.314 22.931 23.490 22.552 21.589 20.600 19.586 18.547 17.482 16.392 15.276 14.136 12.969 11.778 11.010 11.829 12.630 13.412 14.175 14.920 15.647 16.355 17.045 17.716 18.369 19.003
33.711 33.419 33.700 34.898 36.130 37.395 38.692 40.023 41.387 42.784 44.213 45.676 47.171 48.700 47.321 43.837 40.424 37.081 33.810 30.610 27.481 24.418 21.412 18.461 15.567 12.730 11.977 12.559 13.112 13.635 14.129 14.593 15.027 15.432 15.808 16.153 16.470 16.756 17.175 17.663 18.180 18.724 19.296 19.897 20.525 21.181 21.866 22.578 23.319 24.087 23.153 22.078 20.977 19.851 18.700 17.523 16.321 15.093 13.841 12.563 11.259 10.147 10.885 11.605 12.306 12.988 13.652 14.298 14.925 15.534 16.124 16.696 17.249
37.685 37.273 37.297 38.609 39.955 41.333 42.745 43.212 43.680 44.167 44.673 45.198 45.743 46.307 45.518 42.278 39.110 36.012 32.985 30.030 27.145 24.328 21.569 18.866 16.219 13.628 12.519 12.971 13.393 13.786 14.150 14.483 14.788 15.063 15.308 15.524 15.710 15.867 16.296 16.908 17.548 18.216 18.912 19.636 20.388 21.168 21.976 22.812 23.676 24.568 23.780 22.593 21.380 20.142 18.879 17.590 16.276 14.937 13.572 12.182 10.767 9.326 9.961 10.600 11.220 11.821 12.404 12.969 13.515 14.043 14.552 15.043 15.515
40.643 39.157 37.949 38.389 38.847 39.324 39.821 40.336 40.871 41.425 41.998 42.591 43.202 43.833 43.653 40.658 37.734 34.881 32.098 29.387 26.747 24.176 21.663 19.207 16.807 14.463 13.092 13.414 13.706 13.969 14.203 14.407 14.581 14.726 14.842 14.927 14.984 15.011 15.389 16.124 16.888 17.679 18.499 19.346 20.222 21.125 22.056 23.016 24.003 25.019 24.434 23.134 21.810 20.460 19.085 17.684 16.258 14.807 13.331 11.829 10.302 8.749 9.056 9.614 10.153 10.674 11.176 11.660 12.125 12.572 13.001 13.411 13.802
37.510 36.104 34.726 35.231 35.757 36.301 36.864 37.447 38.048 38.669 39.309 39.968 40.646 41.344 41.726 38.975 36.296 33.687 31.149 28.682 26.286 23.960 21.695 19.485 17.332 15.235 13.698 13.890 14.052 14.185 14.289 14.363 14.407 14.422 14.408 14.364 14.290 14.187 14.451 15.310 16.197 17.112 18.055 19.026 20.025 21.052 22.107 23.190 24.300 25.439 25.113 23.702 22.266 20.804 19.317 17.805 16.267 14.704 13.116 11.502 9.863 8.199 8.172 8.649 9.107 9.547 9.968 10.371 10.755 11.155 11.618 12.070 12.512
34.360 33.033 31.729 32.060 32.652 33.263 33.893 34.543 35.211 35.899 36.605 37.331 38.076 38.840 39.623 37.231 34.796 32.431 30.138 27.915 25.763 23.682 21.663 19.701 17.794 15.944 14.336 14.398 14.430 14.433 14.407 14.351 14.266 14.151 14.007 13.833 13.630 13.397 13.485 14.467 15.478 16.516 17.582 18.677 19.799 20.949 22.127 23.333 24.567 25.829 25.818 24.296 22.747 21.174 19.575 17.951 16.302 14.627 12.927 11.202 9.467 7.773 7.493 7.985 8.466 8.937 9.396 9.844 10.281 10.707 11.122 11.526 11.919
31.192 29.945 28.720 28.875 29.533 30.211 30.908 31.624 32.359 33.113 33.887 34.679 35.491 36.322 37.172 35.426 33.234 31.114 29.064 27.085 25.177 23.342 21.569 19.853 18.193 16.589 15.041 14.938 14.841 14.714 14.558 14.372 14.157 13.913 13.639 13.335 13.002 12.640 12.489 13.595 14.728 15.890 17.080 18.297 19.543 20.816 22.118 23.447 24.804 26.190 26.550 24.919 23.301 21.667 20.015 18.347 16.662 14.961 13.243 11.508 9.757 7.988 7.395 7.839 8.272 8.694 9.104 9.504 9.893 10.270 10.637 10.993 11.337
28.007 26.839 25.693 25.675 26.400 27.145 27.908 28.691 29.493 30.314 31.154 32.013 32.891 33.789 34.705 33.558 31.611 29.734 27.928 26.193 24.528 22.938 21.413 19.943 18.529 17.171 15.870 15.510 15.283 15.027 14.741 14.426 14.081 13.707 13.303 12.870 12.408 11.916 11.464 12.693 13.950 15.235 16.549 17.925 19.329 20.759 22.215 23.698 25.207 26.743 27.566 25.891 24.199 22.490 20.765 19.023 17.264 15.489 13.697 11.888 10.063 8.221 7.308 7.704 8.088 8.462 8.824 9.176 9.516 9.845 10.164 10.471 10.767
24.804 23.715 22.649 22.461 23.253 24.064 24.894 25.744 26.612 27.500 28.406 29.332 30.277 31.241 32.224 31.630 29.926 28.293 26.730 25.239 23.818 22.473 21.193 19.970 18.802 17.691 16.635 16.115 15.758 15.372 14.957 14.512 14.037 13.533 12.989 12.439 11.884 11.326 10.764 11.993 13.407 14.848 16.315 17.809 19.329 20.875 22.449 24.048 25.674 27.327 28.627 26.878 25.113 23.330 21.531 19.715 17.883 16.034 14.168 12.286 10.387 8.471 7.233 7.580 7.916 8.241 8.555 8.859 9.151 9.432 9.702 9.961 10.209
21.584 20.574 19.587 19.232 20.091 20.969 21.866 22.782 23.717 24.671 25.644 26.637 27.648 28.679 29.728 29.639 28.179 26.789 25.471 24.223 23.045 21.945 20.911 19.934 19.012 18.063 17.139 16.458 15.918 15.375 14.827 14.275 13.719 13.159 12.595 12.026 11.454 10.878 10.298 11.380 12.911 14.469 16.053 17.663 19.300 20.964 22.654 24.370 26.113 27.882 29.678 27.883 26.043 24.187 22.314 20.425 18.519 16.596 14.656 12.700 10.727 8.738 7.168 7.467 7.755 8.032 8.298 8.553 8.797 9.030 9.251 9.462 9.662
18.346 17.415 16.507 15.990 16.915 17.859 18.823 19.806 20.807 21.828 22.868 23.927 25.004 26.101 27.218 27.587 26.370 25.206 24.083 23.007 21.979 21.014 20.105 19.233 18.398 17.601 16.842 16.195 15.637 15.075 14.509 13.940 13.366 12.788 12.205 11.619 11.029 10.435 9.836 10.739 12.387 14.061 15.762 17.489 19.243 21.023 22.830 24.663 26.523 28.409 30.321 28.904 26.991 25.061 23.114 21.151 19.171 17.175 15.161 13.132 11.085 9.022 7.115 7.366 7.605 7.834 8.052 8.259 8.454 8.639 8.812 8.975 9.127
15.090 14.239 13.410 12.733 13.725 14.736 15.766 16.815 17.883 18.970 20.170 21.384 22.560 23.698 24.797 25.456 24.401 23.394 22.434 21.521 20.655 19.854 19.109 18.402 17.732 17.099 16.504 15.936 15.361 14.781 14.197 13.609 13.017 12.421 11.821 11.217 10.609 9.997 9.381 10.070 11.834 13.626 15.443 17.287 19.158 21.054 22.978 24.928 26.904 28.906 30.936 29.942 27.955 25.951 23.931 21.894 19.840 17.770 15.683 13.580 11.460 9.323 7.170 7.276 7.467 7.648 7.817 7.976 8.123 8.259 8.385 8.499 8.603
11.817 11.045 10.295 9.812 11.056 12.368 13.642 14.878 16.075 17.235 18.356 19.438 20.483 21.489 22.457 23.278 22.386 21.542 20.744 19.994 19.291 18.653 18.072 17.529 17.024 16.555 16.124 15.683 15.089 14.492 13.890 13.284 12.674 12.060 11.442 10.820 10.194 9.564 8.930 9.372 11.254 13.162 15.096 17.056 19.044 21.057 23.097 25.163 27.256 29.375 31.521 30.996 28.936 26.858 24.764 22.654 20.527 18.383 16.222 14.045 11.852 9.641 7.414 7.197 7.340 7.472 7.594 7.704 7.803 7.891 7.969 8.035 8.090
10.387 9.991 9.584 9.167 10.065 11.246 12.389 13.494 14.560 15.588 16.578 17.529 18.443 19.318 20.155 20.953 20.331 19.649 19.014 18.427 17.886 17.411 16.995 16.616 16.275 15.971 15.704 15.435 14.823 14.207 13.588 12.964 12.336 11.704 11.068 10.428 9.784 9.136 8.484 8.647 10.645 12.669 14.720 16.797 18.901 21.031 23.188 25.370 27.580 29.815 32.077 32.067 29.933 27.782 25.615 23.430 21.230 19.012 16.778 14.527 12.260 9.976 7.676 7.129 7.224 7.308 7.381 7.443 7.495 7.535 7.564 7.582 7.589
9.858 9.427 8.985 8.533 9.112 10.161 11.173 12.146 13.081 13.978 14.837 15.657 16.439 17.184 17.889 18.557 18.236 17.716 17.244 16.819 16.440 16.129 15.877 15.662 15.485 15.345 15.242 15.177 14.562 13.928 13.290 12.648 12.003 11.353 10.699 10.041 9.379 8.713 8.043 7.893 10.008 12.149 14.316 16.510 18.730 20.977 23.250 25.549 27.875 30.227 32.605 33.155 30.947 28.723 26.482 24.224 21.949 19.658 17.351 15.027 12.686 10.328 7.954 7.072 7.119 7.182 7.325 7.483 7.656 7.844 8.047 8.264 8.497
9.340 8.873 8.396 7.909 8.194 9.113 9.993 10.835 11.639 12.405 13.133 13.822 14.473 15.086 15.661 16.198 16.100 15.743 15.433 15.170 14.954 14.806 14.718 14.667 14.654 14.678 14.739 14.838 14.305 13.653 12.998 12.338 11.674 11.007 10.335 9.659 8.979 8.295 7.607 7.112 9.343 11.600 13.884 16.194 18.531 20.894 23.283 25.699 28.141 30.609 33.104 34.259 31.978 29.680 27.365 25.034 22.655 20.118 17.654 15.263 12.946 10.701 8.530 7.558 7.737 7.930 8.139 8.362 8.600 8.853 9.121 9.403 9.701
8.832 8.330 7.818 7.296 7.313 8.100 8.850 9.561 10.234 10.869 11.465 12.024 12.544 13.026 13.470 13.876 13.924 13.730 13.582 13.481 13.427 13.442 13.518 13.632 13.782 13.970 14.196 14.458 14.053 13.384 12.710 12.033 11.351 10.665 9.976 9.282 8.584 7.882 7.176 6.466 8.649 11.023 13.423 15.850 18.303 20.782 23.288 25.814 28.047 30.211 32.304 33.559 30.976 28.466 26.030 23.667 21.376 19.159 17.015 14.944 12.946 11.021 9.170 8.161 8.404 8.663 8.936 9.225 9.528 9.846 10.179 10.527 10.889
8.334 7.797 7.250 6.692 6.468 7.125 7.743 8.323 8.865 9.369 9.835 10.263 10.652 11.003 11.317 11.592 11.708 11.676 11.690 11.752 11.860 12.038 12.278 12.555 12.870 13.221 13.611 14.037 13.807 13.119 12.428 11.732 11.033 10.329 9.621 8.910 8.194 7.474 6.750 6.119 8.057 10.474 12.821 15.099 17.307 19.444 21.512 23.510 25.437 27.295 29.083 30.607 28.345 26.155 24.038 21.994 20.024 18.126 16.302 14.550 12.872 11.267 9.734 8.747 9.056 9.380 9.718 10.072 10.440 10.823 11.221 11.634 12.062
7.846 7.274 6.692 6.099 5.660 6.185 6.673 7.122 7.533 7.906 8.241 8.538 8.797 9.017 9.200 9.344 9.452 9.582 9.758 9.982 10.252 10.593 10.997 11.438 11.916 12.432 12.985 13.575 13.565 12.859 12.173 11.504 10.847 10.203 9.572 8.953 8.348 7.755 7.175 6.608 7.969 10.080 12.122 14.094 15.995 17.827 19.589 21.281 22.903 24.456 25.938 27.350 25.640 23.770 21.973 20.249 18.598 17.020 15.515 14.083 12.724 11.438 10.225 9.318 9.692 10.081 10.484 10.903 11.336 11.784 12.247 12.725 13.218
7.368 6.761 6.144 5.517 4.888 5.283 5.639 5.958 6.238 6.480 6.684 6.850 6.978 7.068 7.120 7.134 7.156 7.448 7.786 8.172 8.604 9.207 9.882 10.555 11.224 11.890 12.552 13.212 13.411 12.772 12.145 11.532 10.931 10.343 9.768 9.205 8.655 8.119 7.595 7.083 7.955 9.761 11.497 13.164 14.760 16.286 17.743 19.129 20.446 21.693 22.869 23.976 22.863 21.312 19.834 18.430 17.098 15.839 14.653 13.541 12.501 11.534 10.641 9.873 10.312 10.766 11.234 11.718 12.216 12.729 13.257 13.800 14.358
