DATA/SHG/ECMWF/20170628/EN-11/20170706.en-11.asc
ncols        190
nrows        64
xllcorner    -5100000.000000000000
yllcorner    4130000.000000000000
cellsize     10000.000000000000
NODATA_value  -99999.000
[rows 0 to 32 of 64, columns 0 to 73 of 190]
1.477 1.580 1.687 1.797 1.911 2.028 2.148 2.272 2.400 2.653 2.951 3.253 3.561 3.875 4.193 4.517 4.846 5.181 5.521 5.800 6.052 5.948 5.683 5.422 5.166 4.914 4.665 4.421 4.181 3.945 3.713 3.485 3.261 3.122 3.045 2.981 2.930 2.892 2.867 2.854 2.855 2.869 2.895 2.935 2.987 3.012 2.997 2.973 2.939 2.895 2.841 2.778 2.705 2.623 2.531 2.429 2.318 2.413 2.766 3.125 3.491 3.862 4.240 4.624 5.013 5.409 5.811 6.219 6.633 6.919 6.992 7.069 7.152 7.239
1.428 1.543 1.662 1.785 1.911 2.040 2.174 2.310 2.450 2.696 3.012 3.334 3.622 3.902 4.174 4.438 4.694 4.942 5.182 5.414 5.638 5.604 5.354 5.107 4.865 4.627 4.394 4.164 3.938 3.716 3.499 3.285 3.076 2.946 2.915 2.897 2.891 2.899 2.919 2.953 2.999 3.058 3.130 3.215 3.313 3.362 3.313 3.255 3.186 3.109 3.021 2.924 2.817 2.701 2.575 2.439 2.294 2.308 2.683 3.064 3.451 3.844 4.243 4.648 5.059 5.476 5.900 6.329 6.764 7.117 7.207 7.301 7.401 7.505
1.374 1.502 1.634 1.769 1.906 2.039 2.172 2.305 2.437 2.638 2.914 3.181 3.441 3.693 3.937 4.173 4.401 4.621 4.833 5.037 5.233 5.256 5.020 4.789 4.561 4.338 4.118 3.903 3.691 3.484 3.281 3.082 2.887 2.758 2.773 2.800 2.840 2.893 2.959 3.038 3.129 3.234 3.351 3.482 3.625 3.721 3.638 3.546 3.444 3.332 3.210 3.079 2.939 2.788 2.628 2.459 2.279 2.198 2.595 2.997 3.405 3.820 4.240 4.666 5.099 5.537 5.982 6.433 6.830 7.168 7.197 7.229 7.262 7.297
1.319 1.452 1.585 1.718 1.851 1.983 2.116 2.248 2.380 2.549 2.797 3.037 3.269 3.493 3.709 3.917 4.117 4.309 4.493 4.669 4.837 4.905 4.684 4.466 4.253 4.044 3.839 3.638 3.441 3.248 3.059 2.874 2.693 2.557 2.617 2.690 2.775 2.874 2.985 3.109 3.246 3.396 3.559 3.735 3.924 4.090 3.973 3.846 3.710 3.564 3.409 3.244 3.069 2.885 2.691 2.488 2.275 2.083 2.500 2.924 3.355 3.800 4.230 4.645 5.046 5.432 5.803 6.159 6.501 6.827 6.869 6.907 6.948 6.991
1.265 1.398 1.531 1.663 1.795 1.928 2.060 2.192 2.323 2.470 2.689 2.901 3.105 3.301 3.489 3.669 3.841 4.005 4.162 4.310 4.450 4.550 4.343 4.140 3.941 3.746 3.556 3.369 3.186 3.008 2.833 2.663 2.497 2.343 2.448 2.566 2.697 2.841 2.998 3.168 3.350 3.546 3.754 3.975 4.209 4.456 4.316 4.156 3.986 3.806 3.617 3.418 3.209 2.992 2.780 2.584 2.404 2.238 2.622 3.045 3.453 3.846 4.225 4.588 4.937 5.271 5.591 5.896 6.186 6.461 6.539 6.585 6.633 6.684
1.212 1.344 1.476 1.608 1.740 1.872 2.004 2.135 2.267 2.399 2.590 2.774 2.950 3.118 3.278 3.430 3.575 3.711 3.839 3.960 4.072 4.177 3.999 3.810 3.626 3.445 3.269 3.096 2.928 2.764 2.604 2.448 2.296 2.148 2.267 2.430 2.607 2.796 2.998 3.213 3.441 3.682 3.935 4.202 4.481 4.773 4.634 4.369 4.119 3.885 3.666 3.463 3.275 3.102 2.944 2.802 2.675 2.563 2.838 3.209 3.565 3.907 4.233 4.545 4.843 5.126 5.393 5.647 5.885 6.109 6.207 6.261 6.317 6.375
1.158 1.290 1.422 1.554 1.685 1.817 1.948 2.079 2.210 2.341 2.500 2.656 2.804 2.944 3.076 3.200 3.317 3.425 3.526 3.618 3.703 3.779 3.651 3.477 3.306 3.140 2.978 2.820 2.666 2.516 2.370 2.229 2.091 1.957 2.072 2.281 2.503 2.737 2.985 3.244 3.491 3.720 3.932 4.127 4.303 4.463 4.353 4.142 3.946 3.765 3.600 3.450 3.316 3.196 3.092 3.004 2.930 2.872 3.067 3.386 3.691 3.981 4.256 4.517 4.763 4.994 5.210 5.412 5.599 5.771 5.873 5.935 5.998 6.064
1.105 1.237 1.368 1.499 1.631 1.762 1.893 2.023 2.154 2.285 2.418 2.546 2.666 2.779 2.883 2.979 3.068 3.148 3.221 3.286 3.342 3.391 3.299 3.139 2.983 2.832 2.684 2.540 2.400 2.265 2.133 2.006 1.945 1.911 2.074 2.347 2.603 2.841 3.061 3.264 3.450 3.617 3.768 3.900 4.015 4.113 4.057 3.899 3.757 3.631 3.519 3.423 3.342 3.276 3.226 3.191 3.171 3.166 3.310 3.578 3.831 4.069 4.293 4.502 4.697 4.876 5.041 5.192 5.327 5.448 5.539 5.607 5.678 5.752
1.052 1.183 1.314 1.445 1.576 1.707 1.837 1.968 2.098 2.228 2.345 2.445 2.538 2.622 2.698 2.767 2.828 2.880 2.925 2.962 2.991 3.012 2.944 2.798 2.657 2.587 2.528 2.477 2.433 2.396 2.366 2.344 2.328 2.319 2.421 2.632 2.826 3.003 3.161 3.303 3.426 3.532 3.621 3.692 3.745 3.781 3.746 3.642 3.554 3.481 3.423 3.380 3.353 3.341 3.344 3.362 3.396 3.445 3.567 3.783 3.985 4.172 4.344 4.502 4.645 4.773 4.887 4.986 5.070 5.139 5.202 5.279 5.357 5.438
0.999 1.130 1.261 1.391 1.522 1.652 1.782 1.912 2.042 2.172 2.281 2.353 2.417 2.474 2.523 2.563 2.596 2.630 2.718 2.795 2.863 2.920 2.930 2.876 2.828 2.788 2.754 2.728 2.709 2.697 2.692 2.694 2.703 2.719 2.786 2.935 3.067 3.182 3.279 3.359 3.420 3.465 3.492 3.501 3.493 3.467 3.421 3.371 3.336 3.316 3.312 3.323 3.349 3.390 3.447 3.519 3.606 3.708 3.837 4.002 4.153 4.288 4.409 4.515 4.607 4.684 4.746 4.794 4.827 4.845 4.864 4.948 5.034 5.122
0.946 1.077 1.207 1.337 1.467 1.597 1.727 1.857 1.986 2.116 2.250 2.373 2.486 2.588 2.681 2.763 2.835 2.898 2.950 2.992 3.024 3.046 3.049 3.019 2.996 2.981 2.972 2.971 2.977 2.989 3.009 3.036 3.070 3.111 3.168 3.256 3.326 3.379 3.414 3.432 3.433 3.415 3.381 3.328 3.258 3.171 3.081 3.084 3.103 3.137 3.186 3.250 3.330 3.425 3.535 3.660 3.801 3.956 4.122 4.236 4.334 4.419 4.488 4.543 4.583 4.609 4.620 4.616 4.598 4.565 4.525 4.616 4.710 4.805
0.894 1.024 1.154 1.311 1.500 1.696 1.900 2.112 2.331 2.558 2.777 2.864 2.941 3.008 3.065 3.112 3.149 3.176 3.192 3.199 3.195 3.182 3.160 3.155 3.157 3.166 3.183 3.206 3.237 3.274 3.319 3.371 3.429 3.495 3.567 3.593 3.602 3.594 3.567 3.524 3.462 3.384 3.287 3.174 3.042 2.893 2.727 2.783 2.855 2.942 3.045 3.163 3.296 3.444 3.607 3.786 3.980 4.189 4.414 4.483 4.530 4.563 4.581 4.585 4.574 4.548 4.508 4.471 4.443 4.411 4.376 4.497 4.628 4.755
1.035 1.227 1.428 1.636 1.851 2.074 2.305 2.544 2.790 3.043 3.305 3.366 3.407 3.439 3.460 3.471 3.473 3.464 3.445 3.416 3.377 3.328 3.269 3.283 3.310 3.344 3.385 3.434 3.489 3.551 3.621 3.697 3.781 3.872 3.970 3.949 3.896 3.826 3.738 3.633 3.510 3.370 3.212 3.037 2.844 2.634 2.406 2.466 2.592 2.733 2.889 3.060 3.246 3.448 3.665 3.897 4.144 4.407 4.684 4.744 4.734 4.716 4.696 4.672 4.645 4.615 4.582 4.545 4.505 4.462 4.416 4.501 4.618 4.731
1.269 1.489 1.716 1.951 2.193 2.443 2.701 2.966 3.239 3.520 3.808 3.877 3.883 3.879 3.865 3.841 3.807 3.763 3.708 3.644 3.570 3.485 3.391 3.403 3.455 3.514 3.580 3.653 3.733 3.821 3.915 4.016 4.125 4.240 4.363 4.322 4.207 4.076 3.926 3.760 3.575 3.374 3.154 2.918 2.664 2.392 2.103 2.135 2.314 2.509 2.718 2.942 3.182 3.460 3.741 4.020 4.297 4.572 4.845 4.915 4.889 4.861 4.829 4.794 4.756 4.714 4.670 4.622 4.571 4.517 4.459 4.508 4.612 4.711
1.495 1.742 1.996 2.257 2.526 2.803 3.088 3.380 3.680 3.987 4.302 4.399 4.369 4.330 4.280 4.221 4.151 4.071 3.982 3.882 3.772 3.652 3.523 3.516 3.593 3.677 3.767 3.865 3.970 4.082 4.201 4.327 4.461 4.601 4.748 4.712 4.536 4.343 4.132 3.904 3.658 3.395 3.115 2.817 2.501 2.168 1.897 1.950 2.236 2.521 2.803 3.083 3.361 3.637 3.911 4.182 4.452 4.719 4.984 5.085 5.048 5.008 4.965 4.919 4.869 4.817 4.761 4.702 4.640 4.574 4.505 4.520 4.609 4.695
1.712 1.985 2.266 2.555 2.851 3.154 3.466 3.785 4.111 4.445 4.787 4.930 4.866 4.791 4.706 4.611 4.506 4.391 4.266 4.130 3.985 3.830 3.665 3.621 3.723 3.831 3.947 4.070 4.199 4.336 4.480 4.631 4.789 4.954 5.126 5.119 4.882 4.628 4.352 4.049 3.756 3.472 3.196 2.930 2.672 2.423 2.183 2.173 2.453 2.730 3.004 3.277 3.548 3.816 4.082 4.346 4.608 4.868 5.125 5.257 5.209 5.158 5.104 5.047 4.986 4.922 4.855 4.785 4.711 4.634 4.555 4.535 4.610 4.682
1.920 2.220 2.528 2.843 3.166 3.497 3.835 4.180 4.533 4.894 5.263 5.472 5.372 5.262 5.141 5.011 4.870 4.720 4.560 4.389 4.209 4.018 3.818 3.719 3.845 3.979 4.119 4.266 4.421 4.582 4.751 4.910 5.030 5.149 5.265 5.247 4.949 4.661 4.381 4.110 3.847 3.594 3.350 3.114 2.887 2.670 2.461 2.399 2.671 2.940 3.208 3.473 3.736 3.997 4.255 4.512 4.766 5.019 5.269 5.433 5.374 5.311 5.246 5.177 5.105 5.030 4.952 4.870 4.786 4.698 4.607 4.553 4.615 4.673
2.120 2.447 2.781 3.123 3.473 3.830 4.195 4.567 4.947 5.335 5.730 6.024 5.888 5.743 5.587 5.421 5.246 5.060 4.864 4.658 4.442 4.217 3.981 3.809 3.950 4.080 4.207 4.332 4.454 4.574 4.691 4.806 4.918 5.027 5.134 5.174 4.907 4.650 4.401 4.161 3.929 3.707 3.494 3.289 3.094 2.907 2.729 2.626 2.891 3.153 3.412 3.670 3.926 4.179 4.430 4.679 4.926 5.171 5.414 5.611 5.541 5.467 5.391 5.311 5.228 5.141 5.052 4.959 4.863 4.764 4.662 4.576 4.624 4.668
2.311 2.664 3.025 3.394 3.770 4.154 4.546 4.945 5.352 5.766 6.188 6.586 6.415 6.234 6.043 5.842 5.631 5.371 5.092 4.818 4.549 4.285 4.027 3.788 3.912 4.033 4.151 4.267 4.380 4.491 4.599 4.705 4.808 4.908 5.006 5.092 4.856 4.630 4.412 4.203 4.003 3.811 3.629 3.455 3.291 3.135 2.988 2.856 3.112 3.367 3.619 3.869 4.117 4.363 4.607 4.848 5.088 5.325 5.560 5.793 5.711 5.626 5.538 5.447 5.353 5.255 5.155 5.051 4.944 4.833 4.720 4.603 4.636 4.666
2.492 2.873 3.261 3.656 4.059 4.470 4.888 5.314 5.747 6.188 6.557 6.902 6.672 6.385 6.103 5.827 5.555 5.289 5.028 4.772 4.521 4.275 4.034 3.799 3.876 3.988 4.097 4.204 4.309 4.410 4.510 4.606 4.700 4.792 4.881 4.967 4.797 4.601 4.414 4.236 4.067 3.906 3.755 3.612 3.479 3.354 3.238 3.130 3.336 3.583 3.827 4.070 4.311 4.549 4.785 5.020 5.251 5.481 5.709 5.935 5.884 5.788 5.689 5.587 5.481 5.372 5.261 5.145 5.027 4.906 4.781 4.653 4.652 4.668
2.666 3.073 3.487 3.869 4.242 4.607 4.963 5.312 5.652 5.984 6.308 6.623 6.495 6.226 5.962 5.704 5.450 5.202 4.958 4.720 4.487 4.259 4.036 3.819 3.843 3.946 4.046 4.144 4.240 4.333 4.423 4.511 4.596 4.678 4.758 4.836 4.728 4.563 4.407 4.260 4.122 3.992 3.872 3.760 3.657 3.563 3.478 3.402 3.561 3.800 4.038 4.273 4.506 4.737 4.966 5.192 5.417 5.639 5.859 6.077 6.060 5.953 5.842 5.729 5.612 5.492 5.369 5.215 5.016 4.819 4.625 4.433 4.348 4.301
2.747 3.116 3.476 3.829 4.173 4.509 4.837 5.157 5.469 5.772 6.067 6.354 6.313 6.062 5.816 5.575 5.340 5.109 4.884 4.663 4.448 4.238 4.033 3.833 3.812 3.907 3.998 4.087 4.174 4.258 4.339 4.418 4.494 4.568 4.639 4.707 4.650 4.516 4.391 4.275 4.168 4.069 3.980 3.899 3.827 3.764 3.710 3.664 3.788 4.020 4.250 4.477 4.703 4.926 5.148 5.367 5.584 5.799 6.012 6.222 6.192 5.984 5.779 5.577 5.376 5.179 4.983 4.790 4.600 4.412 4.226 4.043 3.941 3.893
2.802 3.142 3.474 3.798 4.114 4.421 4.720 5.012 5.294 5.569 5.836 6.094 6.125 5.892 5.664 5.442 5.224 5.011 4.804 4.601 4.404 4.212 4.025 3.843 3.785 3.870 3.953 4.033 4.110 4.185 4.258 4.328 4.395 4.460 4.522 4.582 4.563 4.461 4.367 4.281 4.205 4.137 4.079 4.029 3.988 3.955 3.932 3.918 4.016 4.241 4.463 4.684 4.902 5.076 5.215 5.344 5.462 5.570 5.668 5.755 5.706 5.507 5.311 5.117 4.925 4.736 4.549 4.365 4.183 4.003 3.826 3.651 3.535 3.486
2.866 3.178 3.481 3.776 4.063 4.342 4.613 4.875 5.129 5.375 5.613 5.843 5.933 5.718 5.508 5.303 5.103 4.908 4.719 4.534 4.355 4.180 4.011 3.847 3.760 3.836 3.910 3.981 4.050 4.116 4.179 4.240 4.299 4.354 4.408 4.459 4.468 4.396 4.333 4.278 4.233 4.196 4.168 4.149 4.139 4.138 4.113 4.084 4.119 4.274 4.418 4.552 4.676 4.790 4.893 4.985 5.067 5.139 5.201 5.252 5.219 5.028 4.840 4.655 4.472 4.291 4.113 3.937 3.763 3.593 3.424 3.258 3.131 3.080
2.939 3.222 3.497 3.763 4.022 4.272 4.514 4.748 4.973 5.191 5.400 5.601 5.735 5.538 5.346 5.159 4.977 4.800 4.628 4.461 4.300 4.143 3.992 3.845 3.737 3.805 3.870 3.932 3.992 4.049 4.103 4.156 4.205 4.252 4.297 4.338 4.364 4.323 4.290 4.237 4.186 4.141 4.103 4.071 4.045 4.025 4.011 4.004 4.025 4.143 4.252 4.350 4.437 4.514 4.581 4.638 4.684 4.719 4.744 4.759 4.730 4.548 4.368 4.191 4.017 3.845 3.675 3.508 3.343 3.180 3.020 2.863 2.727 2.675
3.024 3.275 3.521 3.759 3.989 4.211 4.424 4.629 4.826 5.015 5.196 5.368 5.533 5.353 5.179 5.010 4.845 4.686 4.532 4.383 4.240 4.101 3.967 3.839 3.718 3.776 3.832 3.885 3.936 3.985 4.030 4.073 4.080 4.087 4.093 4.098 4.102 4.054 4.012 3.977 3.948 3.925 3.908 3.898 3.894 3.896 3.904 3.918 3.941 4.023 4.096 4.157 4.209 4.250 4.280 4.300 4.310 4.310 4.299 4.277 4.239 4.066 3.895 3.726 3.560 3.397 3.235 3.077 2.920 2.766 2.615 2.466 2.324 2.271
3.158 3.337 3.555 3.764 3.965 4.158 4.343 4.520 4.688 4.848 5.001 5.145 5.280 5.163 5.007 4.855 4.709 4.568 4.431 4.300 4.174 4.053 3.938 3.827 3.715 3.704 3.713 3.722 3.730 3.737 3.743 3.749 3.754 3.758 3.762 3.765 3.767 3.745 3.725 3.711 3.704 3.703 3.708 3.719 3.736 3.760 3.790 3.826 3.868 3.914 3.950 3.976 3.991 3.996 3.990 3.974 3.948 3.911 3.864 3.806 3.739 3.582 3.420 3.260 3.102 2.947 2.794 2.644 2.496 2.350 2.207 2.067 1.929 1.868
3.301 3.408 3.597 3.778 3.950 4.115 4.271 4.419 4.559 4.691 4.814 4.930 5.037 4.968 4.829 4.696 4.567 4.487 4.474 4.417 4.317 4.172 3.984 3.752 3.476 3.395 3.402 3.408 3.414 3.419 3.423 3.426 3.429 3.431 3.432 3.432 3.432 3.429 3.431 3.439 3.454 3.474 3.501 3.534 3.573 3.618 3.670 3.728 3.792 3.815 3.815 3.804 3.783 3.752 3.710 3.658 3.596 3.523 3.440 3.346 3.242 3.097 2.943 2.791 2.642 2.495 2.351 2.209 2.070 1.933 1.798 1.666 1.537 1.465
3.453 3.488 3.648 3.801 3.945 4.080 4.208 4.328 4.439 4.542 4.765 5.113 5.435 5.596 5.604 5.569 5.491 5.368 5.201 4.991 4.737 4.439 4.098 3.712 3.283 3.088 3.093 3.096 3.099 3.102 3.103 3.104 3.105 3.104 3.103 3.101 3.098 3.108 3.132 3.162 3.198 3.240 3.288 3.343 3.404 3.471 3.544 3.624 3.709 3.726 3.690 3.643 3.586 3.519 3.441 3.353 3.254 3.145 3.026 2.897 2.757 2.609 2.464 2.321 2.180 2.042 1.906 1.773 1.642 1.514 1.388 1.264 1.143 1.064
3.616 3.577 3.708 4.043 4.480 4.892 5.278 5.639 5.973 6.282 6.566 6.823 7.055 7.137 6.992 6.803 6.571 6.295 5.975 5.611 5.204 4.752 4.257 3.719 3.136 2.782 2.784 2.785 2.786 2.786 2.785 2.784 2.782 2.779 2.775 2.771 2.766 2.781 2.827 2.878 2.936 3.000 3.070 3.146 3.229 3.317 3.412 3.513 3.621 3.648 3.576 3.493 3.400 3.296 3.182 3.058 2.924 2.779 2.623 2.458 2.282 2.121 1.984 1.849 1.717 1.587 1.460 1.335 1.235 1.172 1.112 1.055 1.002 0.993
5.378 5.730 6.128 6.501 6.848 7.170 7.465 7.735 7.980 8.198 8.391 8.559 8.700 8.722 8.424 8.082 7.696 7.267 6.794 6.277 5.716 5.112 4.463 3.771 3.036 2.477 2.477 2.476 2.474 2.471 2.468 2.464 2.460 2.454 2.449 2.442 2.434 2.448 2.515 2.588 2.668 2.753 2.845 2.943 3.047 3.158 3.274 3.397 3.526 3.581 3.472 3.353 3.224 3.084 2.934 2.774 2.603 2.423 2.231 2.030 1.818 1.656 1.581 1.510 1.442 1.377 1.316 1.258 1.203 1.151 1.102 1.057 1.015 1.017
7.875 8.393 8.702 8.984 9.241 9.472 9.677 9.857 10.011 10.140 10.242 10.319 10.371 10.353 9.902 9.406 8.867 8.285 7.658 6.988 6.274 5.517 4.715 3.870 2.982 2.173 2.170 2.167 2.163 2.158 2.152 2.146 2.139 2.131 2.123 2.114 2.104 2.109 2.198 2.293 2.394 2.501 2.615 2.734 2.860 2.992 3.130 3.274 3.425 3.523 3.379 3.224 3.058 2.883 2.760 2.659 2.531 2.377 2.196 1.989 1.755 1.542 1.478 1.418 1.362 1.308 1.258 1.211 1.168 1.127 1.090 1.056 1.026 1.032
10.308 11.035 11.300 11.492 11.658 11.799 11.914 12.004 12.068 12.106 12.119 12.105 12.067 12.002 11.424 10.776 10.083 9.348 8.568 7.745 6.878 5.967 5.013 4.015 2.974 1.888 1.865 1.859 1.853 1.846 1.838 1.829 1.820 1.810 1.799 1.787 1.775 1.765 1.875 1.992 2.114 2.243 2.378 2.519 2.667 2.820 2.980 3.239 3.559 3.878 3.817 3.729 3.615 3.474 3.307 3.113 2.893 2.647 2.373 2.074 1.748 1.424 1.372 1.324 1.278 1.236 1.197 1.162 1.129 1.100 1.075 1.052 1.033 1.037
