DATA/SHG/ECMWF/20170628/EN-11/20170705.en-11.asc
ncols        190
nrows        64
xllcorner    -5100000.000000000000
yllcorner    4130000.000000000000
cellsize     10000.000000000000
NODATA_value  -99999.000
[rows 0 to 31 of 64, columns 0 to 71 of 190]
3.690 3.539 3.389 3.239 3.089 2.940 2.791 2.643 2.495 2.441 2.416 2.389 2.360 2.329 2.297 2.263 2.228 2.190 2.151 2.207 2.282 2.498 2.780 3.056 3.325 3.588 3.845 4.096 4.341 4.579 4.811 5.037 5.257 5.318 5.277 5.233 5.185 5.134 5.080 5.023 4.962 4.898 4.830 4.760 4.686 4.667 4.699 4.731 4.763 4.794 4.826 4.857 4.887 4.918 4.948 4.979 5.009 5.005 4.965 4.929 4.898 4.871 4.848 4.830 4.816 4.807 4.802 4.801 4.805 4.737 4.541 4.338
3.484 3.335 3.186 3.037 2.889 2.742 2.594 2.448 2.301 2.226 2.194 2.161 2.296 2.421 2.532 2.628 2.709 2.775 2.827 2.864 2.886 3.033 3.293 3.547 3.794 4.036 4.271 4.500 4.722 4.939 5.149 5.353 5.551 5.631 5.578 5.522 5.463 5.401 5.335 5.266 5.193 5.118 5.039 4.956 4.871 4.830 4.861 4.892 4.923 4.954 4.984 5.014 5.045 5.074 5.104 5.134 5.163 5.174 5.149 5.129 5.113 5.101 5.094 5.091 5.093 5.099 5.110 5.124 5.144 5.107 4.887 4.660
3.278 3.130 2.983 2.836 2.720 2.742 2.783 2.841 2.917 3.024 3.142 3.244 3.332 3.405 3.463 3.507 3.536 3.550 3.550 3.535 3.505 3.574 3.812 4.044 4.269 4.489 4.702 4.909 5.110 5.304 5.493 5.675 5.851 5.947 5.883 5.815 5.744 5.670 5.592 5.512 5.428 5.340 5.250 5.156 5.059 4.992 5.023 5.053 5.083 5.113 5.143 5.172 5.202 5.231 5.260 5.289 5.317 5.338 5.329 5.324 5.323 5.327 5.335 5.348 5.365 5.387 5.412 5.443 5.380 5.272 4.946 4.630
3.489 3.502 3.534 3.584 3.652 3.737 3.841 3.962 4.101 4.231 4.296 4.347 4.382 4.403 4.410 4.401 4.378 4.340 4.288 4.221 4.139 4.120 4.336 4.546 4.750 4.948 5.139 5.324 5.503 5.676 5.842 6.003 6.157 6.266 6.190 6.110 6.028 5.942 5.853 5.761 5.665 5.566 5.464 5.359 5.250 5.154 5.184 5.214 5.243 5.272 5.301 5.330 5.359 5.387 5.416 5.444 5.471 5.498 5.504 5.514 5.525 5.486 5.438 5.382 5.316 5.242 5.159 5.067 4.966 4.857 4.574 4.300
4.147 4.224 4.319 4.432 4.562 4.711 4.878 5.062 5.264 5.452 5.465 5.463 5.447 5.416 5.370 5.310 5.235 5.145 5.040 4.921 4.787 4.672 4.867 5.055 5.236 5.412 5.582 5.745 5.902 6.053 6.197 6.336 6.468 6.587 6.500 6.409 6.315 6.217 6.117 6.013 5.906 5.795 5.681 5.564 5.444 5.321 5.346 5.374 5.403 5.432 5.460 5.488 5.516 5.536 5.529 5.525 5.522 5.520 5.480 5.428 5.367 5.297 5.218 5.131 5.034 4.929 4.815 4.693 4.561 4.421 4.192 3.959
4.784 4.924 5.082 5.258 5.452 5.664 5.893 6.141 6.406 6.687 6.648 6.594 6.526 6.443 6.345 6.232 6.105 5.963 5.807 5.636 5.450 5.250 5.402 5.569 5.729 5.882 6.030 6.171 6.307 6.436 6.559 6.675 6.786 6.890 6.813 6.710 6.605 6.496 6.383 6.268 6.149 6.027 5.902 5.773 5.641 5.506 5.490 5.479 5.468 5.460 5.453 5.447 5.444 5.441 5.441 5.442 5.445 5.449 5.392 5.309 5.217 5.116 5.006 4.888 4.761 4.625 4.481 4.328 4.166 3.995 3.800 3.608
5.400 5.604 5.825 6.064 6.321 6.595 6.888 7.198 7.527 7.873 7.845 7.739 7.619 7.484 7.334 7.170 6.990 6.797 6.588 6.365 6.128 5.875 5.944 6.088 6.226 6.358 6.484 6.604 6.717 6.825 6.926 7.021 7.109 7.192 7.129 7.015 6.897 6.777 6.653 6.517 6.364 6.200 6.024 5.836 5.638 5.427 5.355 5.349 5.344 5.341 5.340 5.340 5.342 5.346 5.351 5.358 5.366 5.376 5.312 5.198 5.075 4.944 4.804 4.655 4.497 4.331 4.155 3.971 3.779 3.577 3.397 3.246
5.996 6.262 6.547 6.849 7.168 7.506 7.862 8.235 8.626 9.035 9.056 8.898 8.726 8.539 8.337 8.121 7.890 7.644 7.384 7.109 6.820 6.516 6.491 6.614 6.730 6.840 6.944 7.042 7.134 7.219 7.298 7.372 7.434 7.507 7.462 7.326 7.179 7.020 6.850 6.668 6.475 6.270 6.053 5.825 5.586 5.335 5.218 5.218 5.219 5.222 5.226 5.232 5.240 5.249 5.260 5.272 5.286 5.302 5.241 5.096 4.943 4.781 4.610 4.430 4.242 4.045 3.839 3.624 3.401 3.168 2.984 2.873
6.571 6.901 7.248 7.613 7.995 8.396 8.814 9.250 9.704 10.176 10.281 10.072 9.847 9.608 9.355 9.087 8.804 8.507 8.194 7.868 7.527 7.171 7.044 7.145 7.239 7.259 7.286 7.326 7.379 7.445 7.524 7.615 7.719 7.837 7.828 7.651 7.463 7.264 7.053 6.831 6.597 6.351 6.094 5.826 5.546 5.255 5.080 5.085 5.092 5.101 5.111 5.122 5.136 5.150 5.167 5.185 5.205 5.226 5.178 5.003 4.819 4.626 4.425 4.214 3.995 3.767 3.531 3.286 3.032 2.769 2.560 2.491
7.126 7.518 7.928 8.356 8.801 9.265 9.746 10.245 10.762 11.296 11.521 11.259 10.983 10.692 10.387 10.067 9.732 9.363 8.851 8.348 7.854 7.369 7.073 7.107 7.154 7.213 7.286 7.371 7.469 7.580 7.704 7.841 7.991 8.153 8.205 7.988 7.759 7.519 7.268 7.005 6.731 6.445 6.147 5.838 5.518 5.186 4.940 4.951 4.964 4.978 4.994 5.011 5.030 5.050 5.073 5.096 5.122 5.149 5.125 4.919 4.704 4.480 4.248 4.007 3.758 3.499 3.232 2.956 2.671 2.378 2.126 2.097
7.660 8.115 8.587 9.078 9.586 10.113 10.656 11.218 11.798 12.395 12.695 12.153 11.620 11.095 10.579 10.072 9.574 9.084 8.604 8.132 7.669 7.214 6.879 6.958 7.050 7.155 7.272 7.403 7.546 7.702 7.871 8.053 8.248 8.456 8.593 8.335 8.066 7.786 7.494 7.191 6.876 6.549 6.212 5.862 5.501 5.129 4.799 4.816 4.834 4.854 4.875 4.898 4.923 4.949 4.977 5.006 5.037 5.070 5.079 4.843 4.597 4.343 4.080 3.809 3.529 3.240 2.942 2.635 2.320 1.996 1.682 1.694
8.173 8.691 9.226 9.697 10.091 10.477 10.855 11.224 11.585 11.938 12.192 11.681 11.178 10.685 10.200 9.723 9.256 8.797 8.347 7.906 7.474 7.050 6.671 6.795 6.933 7.083 7.245 7.421 7.610 7.811 8.025 8.252 8.492 8.744 8.992 8.695 8.385 8.064 7.732 7.388 7.033 6.666 6.288 5.898 5.497 5.084 4.660 4.679 4.703 4.728 4.756 4.784 4.814 4.846 4.880 4.915 4.952 4.990 5.030 4.776 4.500 4.215 3.921 3.619 3.308 2.989 2.661 2.344 2.051 1.769 1.498 1.589
8.118 8.508 8.890 9.264 9.629 9.985 10.334 10.674 11.006 11.329 11.644 11.200 10.728 10.266 9.811 9.366 8.929 8.501 8.082 7.672 7.270 6.877 6.493 6.620 6.802 6.997 7.205 7.426 7.659 7.906 8.165 8.437 8.722 9.020 9.330 9.065 8.715 8.354 7.981 7.597 7.201 6.794 6.375 5.945 5.503 5.050 4.586 4.541 4.571 4.602 4.634 4.669 4.705 4.742 4.781 4.822 4.864 4.908 4.954 4.717 4.385 4.050 3.727 3.416 3.117 2.829 2.553 2.288 2.035 1.794 1.564 1.646
7.782 8.143 8.495 8.840 9.176 9.503 9.822 10.134 10.436 10.731 11.017 10.711 10.270 9.838 9.414 9.000 8.594 8.196 7.808 7.428 7.057 6.695 6.342 6.430 6.658 6.898 7.151 7.417 7.696 7.987 8.292 8.609 8.939 9.281 9.637 9.447 9.056 8.655 8.242 7.817 7.381 6.933 6.474 6.004 5.522 5.028 4.524 4.401 4.437 4.473 4.512 4.552 4.593 4.605 4.606 4.602 4.593 4.579 4.560 4.338 4.032 3.738 3.456 3.186 2.927 2.680 2.445 2.221 2.009 1.808 1.619 1.691
7.455 7.787 8.110 8.425 8.732 9.031 9.321 9.603 9.876 10.142 10.399 10.213 9.803 9.401 9.009 8.625 8.249 7.883 7.525 7.176 6.836 6.504 6.182 6.228 6.501 6.786 7.084 7.395 7.719 8.055 8.404 8.767 9.141 9.529 9.930 9.840 9.409 8.967 8.513 8.048 7.572 7.084 6.585 6.074 5.552 5.018 4.454 4.227 4.241 4.250 4.254 4.253 4.246 4.235 4.218 4.197 4.170 4.139 4.102 3.934 3.669 3.416 3.175 2.945 2.727 2.521 2.326 2.143 1.971 1.811 1.663 1.726
7.137 7.440 7.734 8.020 8.298 8.568 8.829 9.082 9.326 9.563 9.791 9.706 9.327 8.956 8.594 8.241 7.897 7.561 7.234 6.915 6.606 6.305 6.013 6.012 6.330 6.660 7.004 7.359 7.728 8.110 8.504 8.911 9.331 9.763 10.209 10.244 9.773 9.291 8.780 8.175 7.581 6.999 6.429 5.869 5.322 4.785 4.261 3.969 3.965 3.956 3.943 3.924 3.900 3.871 3.836 3.797 3.753 3.703 3.649 3.519 3.295 3.083 2.882 2.693 2.516 2.350 2.196 2.054 1.923 1.804 1.696 1.749
6.829 7.103 7.368 7.625 7.874 8.114 8.347 8.570 8.786 8.993 9.192 9.191 8.843 8.503 8.171 7.849 7.535 7.230 6.933 6.646 6.367 6.096 5.835 5.784 6.146 6.522 6.910 7.311 7.724 8.151 8.590 9.020 9.385 9.718 10.020 10.019 9.419 8.831 8.255 7.690 7.136 6.594 6.064 5.545 5.037 4.541 4.057 3.716 3.695 3.668 3.637 3.600 3.559 3.512 3.460 3.403 3.341 3.274 3.202 3.094 2.911 2.739 2.579 2.431 2.294 2.169 2.056 1.954 1.864 1.785 1.718 1.761
6.531 6.775 7.012 7.240 7.459 7.671 7.874 8.069 8.255 8.434 8.604 8.668 8.350 8.040 7.740 7.448 7.165 6.890 6.624 6.367 6.119 5.879 5.648 5.542 5.989 6.464 6.906 7.318 7.698 8.047 8.365 8.651 8.906 9.130 9.322 9.362 8.802 8.255 7.718 7.194 6.680 6.178 5.688 5.209 4.742 4.286 3.842 3.469 3.430 3.386 3.337 3.282 3.223 3.158 3.089 3.014 2.935 2.850 2.760 2.658 2.515 2.384 2.265 2.157 2.061 1.977 1.904 1.843 1.793 1.755 1.729 1.761
6.242 6.457 6.665 6.864 7.054 7.237 7.411 7.577 7.734 7.884 8.025 8.136 7.848 7.569 7.299 7.038 6.785 6.576 6.411 6.274 6.166 6.085 6.033 6.025 6.421 6.785 7.118 7.420 7.691 7.930 8.138 8.315 8.460 8.575 8.658 8.694 8.175 7.667 7.171 6.687 6.213 5.752 5.302 4.863 4.436 4.020 3.615 3.227 3.171 3.109 3.042 2.970 2.893 2.811 2.723 2.631 2.534 2.431 2.324 2.211 2.109 2.019 1.940 1.873 1.818 1.774 1.742 1.721 1.712 1.715 1.729 1.754
5.962 6.149 6.327 6.497 6.659 6.812 6.958 7.094 7.223 7.344 7.463 7.553 7.350 7.143 6.964 6.813 6.691 6.596 6.530 6.492 6.482 6.500 6.547 6.621 6.885 7.139 7.363 7.555 7.716 7.846 7.944 8.012 8.048 8.052 8.026 7.968 7.537 7.069 6.613 6.169 5.736 5.314 4.904 4.505 4.118 3.742 3.378 3.025 2.917 2.837 2.752 2.663 2.568 2.468 2.363 2.253 2.138 2.018 1.893 1.763 1.693 1.643 1.605 1.578 1.564 1.560 1.568 1.588 1.620 1.663 1.717 1.784
5.692 5.850 5.999 6.238 6.444 6.617 6.756 6.863 6.936 6.977 6.984 6.958 6.846 6.738 6.658 6.606 6.582 6.587 6.619 6.680 6.768 6.885 7.030 7.203 7.380 7.525 7.639 7.722 7.774 7.794 7.783 7.741 7.667 7.563 7.427 7.260 6.888 6.460 6.045 5.640 5.247 4.866 4.496 4.137 3.790 3.454 3.130 2.817 2.668 2.571 2.469 2.361 2.249 2.131 2.009 1.881 1.749 1.611 1.468 1.320 1.266 1.256 1.259 1.273 1.298 1.336 1.384 1.473 1.608 1.741 1.872 2.000
6.143 6.332 6.487 6.610 6.700 6.756 6.779 6.769 6.726 6.650 6.541 6.398 6.313 6.304 6.322 6.369 6.444 6.547 6.678 6.837 7.025 7.240 7.483 7.755 7.908 7.944 7.948 7.921 7.863 7.774 7.654 7.503 7.320 7.106 6.861 6.585 6.228 5.841 5.465 5.101 4.748 4.406 4.076 3.758 3.451 3.155 2.871 2.598 2.425 2.310 2.190 2.065 1.935 1.800 1.660 1.515 1.364 1.209 1.049 0.883 0.889 1.033 1.175 1.314 1.450 1.584 1.716 1.846 1.972 2.097 2.219 2.339
6.900 6.973 7.012 7.018 6.991 6.931 6.838 6.712 6.552 6.360 6.134 5.876 5.751 5.840 5.957 6.103 6.276 6.478 6.707 6.965 7.251 7.564 7.906 8.276 8.468 8.394 8.289 8.153 7.986 7.787 7.558 7.297 7.005 6.682 6.328 5.943 5.558 5.211 4.875 4.551 4.238 3.936 3.646 3.368 3.101 2.845 2.601 2.368 2.187 2.054 1.917 1.774 1.627 1.545 1.505 1.464 1.422 1.378 1.333 1.286 1.323 1.458 1.591 1.722 1.850 1.976 2.099 2.220 2.338 2.454 2.568 2.679
7.693 7.649 7.572 7.462 7.319 7.142 6.933 6.690 6.415 6.106 5.764 5.390 5.159 5.347 5.562 5.806 6.078 6.378 6.706 7.062 7.447 7.859 8.299 8.767 9.059 8.876 8.662 8.417 8.140 7.833 7.494 7.124 6.723 6.291 5.828 5.334 4.877 4.570 4.274 3.990 3.717 3.455 3.205 2.967 2.739 2.524 2.396 2.308 2.243 2.205 2.166 2.125 2.083 2.040 1.995 1.949 1.902 1.854 1.804 1.753 1.758 1.885 2.010 2.132 2.252 2.369 2.484 2.596 2.706 2.814 2.919 3.022
8.522 8.361 8.168 7.942 7.682 7.389 7.064 6.705 6.313 5.889 5.431 4.940 4.537 4.824 5.138 5.480 5.851 6.249 6.675 7.130 7.612 8.123 8.661 9.228 9.683 9.390 9.067 8.713 8.327 7.911 7.463 6.984 6.474 5.933 5.361 4.757 4.185 3.918 3.662 3.502 3.365 3.243 3.134 3.038 2.957 2.888 2.834 2.792 2.761 2.719 2.675 2.629 2.583 2.535 2.485 2.435 2.383 2.330 2.276 2.220 2.196 2.314 2.430 2.544 2.655 2.764 2.870 2.974 3.076 3.175 3.271 3.366
9.384 9.109 8.799 8.457 8.081 7.672 7.231 6.756 6.248 5.707 5.134 4.527 3.887 4.271 4.684 5.125 5.593 6.090 6.615 7.167 7.748 8.357 8.994 9.658 10.338 9.937 9.504 9.041 8.546 8.021 7.464 6.876 6.268 5.670 5.081 4.501 3.941 3.812 3.696 3.593 3.505 3.429 3.368 3.320 3.285 3.264 3.257 3.263 3.280 3.233 3.184 3.134 3.083 3.030 2.976 2.921 2.865 2.807 2.748 2.688 2.634 2.744 2.852 2.957 3.060 3.160 3.258 3.354 3.447 3.537 3.626 3.712
10.254 9.892 9.466 9.007 8.516 7.991 7.433 6.843 6.219 5.562 4.873 4.150 3.394 3.690 4.201 4.739 5.306 5.901 6.524 7.175 7.854 8.561 9.296 10.058 10.826 10.360 9.729 9.108 8.495 7.892 7.299 6.714 6.139 5.573 5.016 4.469 3.930 3.795 3.727 3.672 3.630 3.602 3.588 3.587 3.600 3.626 3.666 3.719 3.786 3.747 3.694 3.639 3.584 3.526 3.468 3.408 3.347 3.285 3.221 3.156 3.090 3.177 3.276 3.372 3.467 3.559 3.648 3.735 3.820 3.902 3.982 4.059
11.139 10.710 10.168 9.594 8.986 8.346 7.672 6.965 6.226 5.453 4.648 3.809 2.938 3.078 3.688 4.325 4.990 5.836 6.930 7.877 8.676 9.328 9.832 10.189 10.399 9.995 9.397 8.808 8.228 7.657 7.095 6.543 6.000 5.466 4.942 4.427 3.921 3.765 3.743 3.736 3.742 3.761 3.794 3.840 3.900 3.974 4.061 4.161 4.276 4.263 4.205 4.145 4.085 4.023 3.960 3.896 3.830 3.763 3.695 3.625 3.555 3.610 3.701 3.789 3.875 3.959 4.040 4.118 4.195 4.268 4.340 4.409
12.041 11.564 10.906 10.216 9.492 8.736 7.946 7.124 6.269 5.380 4.817 4.709 4.677 5.391 6.558 7.578 8.451 9.176 9.754 10.184 10.468 10.603 10.592 10.432 10.126 9.622 9.056 8.498 7.951 7.412 6.883 6.363 5.852 5.351 4.858 4.375 3.901 3.721 3.747 3.786 3.839 3.906 3.986 4.080 4.187 4.307 4.442 4.590 4.751 4.778 4.716 4.652 4.587 4.521 4.453 4.384 4.314 4.242 4.169 4.095 4.020 4.046 4.128 4.208 4.285 4.360 4.433 4.503 4.571 4.636 4.699 4.760
12.959 12.453 11.679 11.108 10.733 10.434 10.211 10.064 9.993 9.999 10.080 10.238 10.471 10.949 11.599 12.103 12.459 12.669 12.730 12.645 12.412 12.032 11.505 10.830 10.008 9.239 8.705 8.180 7.665 7.158 6.661 6.174 5.695 5.226 4.765 4.315 3.873 3.663 3.736 3.823 3.923 4.037 4.164 4.305 4.459 4.627 4.809 5.003 5.212 5.295 5.228 5.159 5.090 5.019 4.946 4.873 4.798 4.722 4.644 4.566 4.486 4.483 4.557 4.628 4.697 4.764 4.828 4.890 4.955 5.013 5.047 5.056
15.060 14.870 14.609 14.423 14.314 14.280 14.323 14.442 14.636 14.907 15.254 15.677 16.175 16.657 16.792 16.779 16.620 16.313 15.859 15.258 14.510 13.615 12.572 11.383 10.046 8.847 8.346 7.853 7.370 6.896 6.431 5.975 5.529 5.091 4.663 4.245 3.835 3.591 3.712 3.845 3.993 4.154 4.328 4.516 4.718 4.933 5.161 5.403 5.659 5.812 5.740 5.667 5.593 5.517 5.440 5.362 5.283 5.202 5.120 5.037 4.952 4.967 5.109 5.227 5.321 5.391 5.437 5.459 5.457 5.431 5.381 5.307
17.748 17.566 17.570 17.650 17.807 18.039 18.347 18.731 19.191 19.727 20.339 21.026 21.790 22.515 22.135 21.607 20.932 20.110 19.141 18.025 16.761 15.351 13.794 12.089 10.238 8.447 7.977 7.517 7.066 6.624 6.191 5.767 5.353 4.948 4.552 4.166 3.788 3.506 3.673 3.854 4.049 4.257 4.479 4.714 4.962 5.225 5.500 5.789 6.092 6.330 6.253 6.176 6.097 6.017 6.063 6.169 6.238 6.271 6.266 6.224 6.146 6.076 6.135 6.169 6.179 6.166 6.128 6.066 5.981 5.871 5.738 5.580
