DATA/SHG/ECMWF/20170628/EN-11/20170701.en-11.asc
ncols        190
nrows        64
xllcorner    -5100000.000000000000
yllcorner    4130000.000000000000
cellsize     10000.000000000000
NODATA_value  -99999.000
[rows 0 to 31 of 64, columns 0 to 72 of 190]
0.676 0.612 0.547 0.480 0.412 0.342 0.271 0.198 0.124 0.113 0.123 0.134 0.145 0.157 0.170 0.183 0.197 0.212 0.227 0.262 0.292 0.299 0.296 0.291 0.283 0.274 0.262 0.247 0.231 0.212 0.191 0.168 0.142 0.169 0.229 0.288 0.345 0.400 0.454 0.507 0.557 0.607 0.654 0.700 0.745 0.786 0.830 0.879 0.934 0.995 1.061 1.132 1.209 1.292 1.381 1.474 1.574 1.679 1.781 1.876 1.965 2.046 2.121 2.189 2.250 2.304 2.352 2.392 2.426 2.541 2.799 3.063 3.332
0.724 0.655 0.584 0.512 0.439 0.364 0.287 0.209 0.130 0.105 0.118 0.131 0.214 0.287 0.348 0.396 0.432 0.455 0.466 0.465 0.452 0.436 0.425 0.412 0.397 0.379 0.359 0.336 0.312 0.285 0.256 0.224 0.191 0.197 0.252 0.305 0.357 0.407 0.455 0.502 0.548 0.591 0.633 0.674 0.713 0.759 0.823 0.892 0.966 1.046 1.132 1.223 1.320 1.422 1.530 1.643 1.762 1.873 1.951 2.022 2.086 2.144 2.195 2.239 2.276 2.306 2.330 2.347 2.357 2.428 2.705 2.987 3.274
0.774 0.700 0.624 0.547 0.483 0.484 0.491 0.505 0.526 0.574 0.640 0.694 0.736 0.765 0.782 0.787 0.779 0.758 0.726 0.681 0.624 0.576 0.557 0.536 0.512 0.486 0.458 0.428 0.395 0.360 0.323 0.283 0.241 0.228 0.277 0.325 0.371 0.415 0.458 0.500 0.539 0.578 0.614 0.649 0.683 0.727 0.810 0.898 0.992 1.092 1.197 1.308 1.424 1.546 1.673 1.806 1.945 2.073 2.127 2.174 2.215 2.248 2.275 2.295 2.309 2.315 2.315 2.308 2.298 2.322 2.609 2.893 3.172
1.032 1.031 1.035 1.046 1.063 1.087 1.117 1.154 1.197 1.240 1.263 1.273 1.271 1.256 1.229 1.190 1.138 1.074 0.998 0.910 0.809 0.718 0.691 0.661 0.630 0.596 0.560 0.521 0.480 0.437 0.392 0.345 0.295 0.260 0.304 0.346 0.386 0.425 0.463 0.499 0.533 0.565 0.597 0.626 0.654 0.689 0.791 0.900 1.013 1.132 1.257 1.387 1.523 1.664 1.811 1.964 2.122 2.279 2.309 2.333 2.348 2.344 2.339 2.332 2.323 2.312 2.300 2.287 2.271 2.254 2.522 2.790 3.054
1.515 1.536 1.563 1.596 1.636 1.683 1.735 1.795 1.860 1.918 1.897 1.864 1.818 1.759 1.689 1.606 1.511 1.403 1.283 1.151 1.006 0.862 0.827 0.789 0.750 0.708 0.663 0.617 0.568 0.517 0.464 0.408 0.350 0.294 0.332 0.368 0.403 0.437 0.469 0.499 0.528 0.555 0.581 0.605 0.627 0.648 0.768 0.895 1.028 1.167 1.311 1.461 1.616 1.774 1.924 2.074 2.224 2.375 2.384 2.377 2.369 2.360 2.348 2.336 2.321 2.305 2.287 2.267 2.246 2.223 2.438 2.691 2.940
1.990 2.033 2.083 2.139 2.201 2.270 2.346 2.427 2.515 2.609 2.544 2.467 2.377 2.275 2.161 2.035 1.896 1.744 1.581 1.405 1.217 1.016 0.965 0.919 0.872 0.822 0.769 0.715 0.658 0.599 0.538 0.474 0.408 0.340 0.361 0.392 0.422 0.450 0.476 0.501 0.524 0.546 0.566 0.585 0.602 0.617 0.740 0.889 1.038 1.187 1.336 1.486 1.636 1.787 1.938 2.089 2.241 2.392 2.418 2.406 2.392 2.377 2.360 2.341 2.321 2.299 2.275 2.250 2.223 2.194 2.359 2.597 2.831
2.457 2.523 2.595 2.674 2.759 2.850 2.948 3.052 3.163 3.280 3.203 3.082 2.949 2.804 2.646 2.476 2.293 2.098 1.891 1.672 1.440 1.196 1.105 1.052 0.996 0.938 0.878 0.815 0.750 0.683 0.614 0.542 0.468 0.392 0.392 0.418 0.442 0.465 0.485 0.508 0.532 0.555 0.576 0.597 0.617 0.635 0.744 0.894 1.044 1.195 1.345 1.496 1.648 1.800 1.952 2.104 2.257 2.410 2.454 2.437 2.417 2.396 2.373 2.348 2.322 2.294 2.265 2.234 2.201 2.166 2.284 2.507 2.726
2.916 3.004 3.099 3.200 3.308 3.422 3.542 3.669 3.802 3.941 3.875 3.710 3.534 3.345 3.143 2.929 2.703 2.465 2.215 1.952 1.676 1.389 1.248 1.186 1.122 1.056 0.988 0.917 0.845 0.769 0.692 0.612 0.540 0.457 0.437 0.462 0.487 0.510 0.532 0.553 0.573 0.593 0.611 0.628 0.644 0.658 0.748 0.899 1.050 1.202 1.354 1.506 1.659 1.812 1.965 2.119 2.272 2.427 2.492 2.468 2.443 2.416 2.387 2.357 2.325 2.291 2.256 2.219 2.180 2.140 2.213 2.421 2.624
3.367 3.478 3.596 3.719 3.849 3.986 4.128 4.278 4.433 4.595 4.559 4.351 4.131 3.898 3.653 3.396 3.126 2.844 2.550 2.244 1.925 1.594 1.393 1.323 1.251 1.227 1.193 1.145 1.083 1.007 0.918 0.815 0.698 0.567 0.502 0.523 0.544 0.564 0.582 0.600 0.616 0.631 0.646 0.659 0.671 0.683 0.752 0.904 1.056 1.209 1.362 1.516 1.669 1.824 1.978 2.133 2.288 2.443 2.532 2.502 2.471 2.438 2.403 2.367 2.330 2.290 2.249 2.206 2.162 2.116 2.146 2.339 2.528
3.811 3.944 4.084 4.230 4.383 4.542 4.707 4.879 5.057 5.241 5.255 5.004 4.740 4.464 4.175 3.875 3.562 3.239 2.934 2.640 2.357 2.084 1.905 1.863 1.808 1.739 1.656 1.559 1.449 1.325 1.187 1.036 0.870 0.691 0.567 0.585 0.602 0.618 0.633 0.647 0.660 0.671 0.682 0.692 0.700 0.708 0.755 0.908 1.062 1.216 1.370 1.525 1.680 1.835 1.991 2.147 2.303 2.459 2.572 2.537 2.500 2.461 2.421 2.379 2.336 2.290 2.244 2.195 2.145 2.093 2.083 2.261 2.435
4.247 4.403 4.565 4.734 4.909 5.090 5.278 5.472 5.672 5.879 5.943 5.600 5.268 4.946 4.636 4.336 4.048 3.770 3.504 3.248 3.003 2.769 2.576 2.486 2.382 2.264 2.133 1.988 1.829 1.657 1.471 1.271 1.057 0.829 0.634 0.648 0.662 0.674 0.685 0.695 0.704 0.712 0.719 0.725 0.730 0.734 0.758 0.912 1.067 1.222 1.378 1.533 1.690 1.846 2.003 2.160 2.317 2.475 2.615 2.574 2.531 2.486 2.440 2.393 2.343 2.292 2.240 2.185 2.129 2.072 2.024 2.187 2.346
4.675 4.853 5.038 5.201 5.342 5.486 5.632 5.781 5.932 6.086 6.194 5.889 5.595 5.312 5.040 4.779 4.528 4.289 4.061 3.844 3.637 3.442 3.260 3.122 2.970 2.804 2.624 2.430 2.223 2.002 1.768 1.519 1.257 0.981 0.701 0.712 0.722 0.730 0.738 0.744 0.750 0.754 0.758 0.760 0.761 0.762 0.761 0.916 1.072 1.228 1.385 1.542 1.699 1.857 2.015 2.173 2.332 2.491 2.650 2.612 2.563 2.513 2.461 2.408 2.353 2.296 2.237 2.172 2.106 2.044 1.985 2.123 2.277
4.871 5.013 5.158 5.306 5.456 5.609 5.764 5.922 6.083 6.246 6.412 6.165 5.910 5.665 5.431 5.209 4.997 4.796 4.606 4.427 4.259 4.102 3.955 3.772 3.571 3.357 3.128 2.887 2.631 2.362 2.079 1.782 1.472 1.148 0.810 0.777 0.783 0.788 0.792 0.795 0.796 0.797 0.797 0.796 0.793 0.790 0.785 0.919 1.076 1.234 1.391 1.550 1.708 1.867 2.026 2.186 2.345 2.506 2.666 2.652 2.578 2.499 2.424 2.353 2.285 2.220 2.159 2.102 2.048 1.998 1.952 2.062 2.213
4.945 5.097 5.251 5.408 5.567 5.729 5.894 6.061 6.230 6.403 6.578 6.430 6.212 6.006 5.811 5.626 5.453 5.290 5.139 4.998 4.868 4.749 4.641 4.435 4.186 3.923 3.647 3.356 3.053 2.735 2.404 2.059 1.700 1.328 0.941 0.843 0.845 0.846 0.847 0.846 0.844 0.841 0.837 0.832 0.826 0.819 0.811 0.922 1.080 1.239 1.398 1.557 1.717 1.891 2.052 2.194 2.318 2.424 2.512 2.487 2.417 2.351 2.288 2.229 2.174 2.122 2.073 2.029 1.987 1.950 1.916 2.002 2.150
5.017 5.177 5.341 5.506 5.675 5.846 6.020 6.196 6.375 6.556 6.740 6.682 6.503 6.335 6.178 6.032 5.897 5.772 5.659 5.556 5.465 5.384 5.315 5.112 4.814 4.503 4.178 3.840 3.488 3.122 2.742 2.349 1.942 1.521 1.087 0.910 0.908 0.906 0.903 0.898 0.893 0.886 0.878 0.870 0.860 0.849 0.917 1.070 1.276 1.463 1.633 1.784 1.917 2.033 2.130 2.209 2.270 2.313 2.337 2.310 2.253 2.199 2.149 2.102 2.059 2.020 1.984 1.952 1.923 1.898 1.876 1.943 2.088
5.085 5.255 5.427 5.602 5.780 5.960 6.143 6.328 6.516 6.707 6.900 6.922 6.782 6.652 6.533 6.425 6.328 6.242 6.167 6.103 6.049 6.007 5.975 5.802 5.456 5.097 4.724 4.337 3.937 3.523 3.095 2.653 2.198 1.729 1.247 0.977 0.972 0.966 0.974 1.066 1.152 1.230 1.301 1.366 1.424 1.475 1.519 1.609 1.751 1.875 1.981 2.069 2.139 2.191 2.225 2.241 2.239 2.219 2.180 2.130 2.085 2.044 2.006 1.972 1.942 1.915 1.891 1.872 1.855 1.843 1.834 1.885 2.027
5.150 5.329 5.511 5.695 5.882 6.071 6.263 6.458 6.655 6.854 7.057 7.150 7.048 6.956 6.876 6.806 6.748 6.700 6.663 6.637 6.621 6.617 6.624 6.506 6.112 5.704 5.283 4.848 4.399 3.937 3.461 2.989 2.563 2.154 1.761 1.530 1.618 1.700 1.775 1.843 1.904 1.958 2.006 2.046 2.080 2.107 2.128 2.165 2.244 2.305 2.347 2.372 2.379 2.368 2.338 2.291 2.226 2.142 2.041 1.947 1.914 1.886 1.860 1.839 1.821 1.806 1.795 1.788 1.784 1.784 1.787 1.828 1.967
5.212 5.401 5.591 5.785 5.981 6.179 6.380 6.584 6.790 6.999 7.210 7.366 7.302 7.249 7.207 7.175 7.155 7.145 7.146 7.158 7.181 7.215 7.260 7.223 6.758 6.275 5.808 5.357 4.923 4.505 4.104 3.719 3.350 2.998 2.662 2.408 2.472 2.530 2.581 2.625 2.662 2.692 2.716 2.733 2.743 2.746 2.742 2.738 2.753 2.751 2.731 2.692 2.636 2.562 2.469 2.359 2.230 2.084 1.919 1.760 1.740 1.724 1.711 1.702 1.697 1.695 1.696 1.701 1.710 1.722 1.738 1.772 1.907
5.272 5.469 5.669 5.871 6.076 6.284 6.494 6.707 6.922 7.140 7.361 7.570 7.544 7.529 7.525 7.532 7.550 7.542 7.522 7.509 7.503 7.505 7.514 7.511 7.069 6.643 6.233 5.840 5.463 5.103 4.759 4.431 4.119 3.824 3.546 3.292 3.332 3.366 3.393 3.413 3.426 3.432 3.432 3.425 3.411 3.390 3.362 3.328 3.280 3.215 3.132 3.030 2.911 2.773 2.618 2.444 2.253 2.043 1.815 1.571 1.563 1.559 1.559 1.563 1.569 1.580 1.594 1.611 1.633 1.657 1.685 1.717 1.849
5.328 5.534 5.743 5.955 6.169 6.386 6.605 6.827 7.051 7.278 7.476 7.658 7.641 7.610 7.587 7.570 7.561 7.559 7.564 7.577 7.597 7.624 7.659 7.701 7.363 6.994 6.641 6.305 5.986 5.682 5.396 5.125 4.871 4.633 4.411 4.206 4.198 4.207 4.210 4.206 4.196 4.178 4.154 4.123 4.085 4.040 3.988 3.930 3.825 3.696 3.550 3.385 3.202 3.002 2.783 2.547 2.292 2.020 1.729 1.421 1.383 1.391 1.404 1.419 1.439 1.462 1.488 1.518 1.552 1.589 1.629 1.674 1.791
5.381 5.597 5.815 6.037 6.251 6.455 6.651 6.838 7.015 7.184 7.344 7.495 7.523 7.517 7.519 7.528 7.545 7.568 7.599 7.638 7.683 7.736 7.796 7.864 7.639 7.327 7.032 6.753 6.491 6.245 6.015 5.801 5.604 5.423 5.259 5.111 5.069 5.055 5.034 5.006 4.971 4.930 4.881 4.826 4.765 4.696 4.621 4.538 4.386 4.195 3.985 3.757 3.512 3.248 2.967 2.667 2.350 2.014 1.661 1.290 1.199 1.220 1.245 1.273 1.305 1.340 1.379 1.441 1.533 1.624 1.715 1.805 1.989
5.534 5.743 5.943 6.134 6.316 6.490 6.654 6.809 6.956 7.094 7.222 7.342 7.396 7.416 7.444 7.479 7.521 7.570 7.626 7.690 7.761 7.840 7.926 8.018 7.898 7.643 7.405 7.183 6.978 6.789 6.616 6.460 6.320 6.196 6.089 5.998 5.946 5.908 5.863 5.811 5.752 5.687 5.615 5.536 5.450 5.358 5.259 5.153 4.965 4.710 4.438 4.147 3.839 3.512 3.168 2.805 2.425 2.027 1.610 1.176 1.045 1.140 1.234 1.328 1.420 1.512 1.603 1.694 1.783 1.872 1.960 2.047 2.252
5.734 5.912 6.081 6.241 6.392 6.534 6.667 6.791 6.906 7.013 7.110 7.199 7.262 7.308 7.361 7.421 7.489 7.564 7.646 7.735 7.832 7.936 8.047 8.165 8.139 7.942 7.761 7.596 7.448 7.316 7.200 7.101 7.018 6.951 6.901 6.867 6.829 6.767 6.698 6.622 6.540 6.450 6.354 6.252 6.142 6.026 5.903 5.773 5.561 5.243 4.907 4.554 4.183 3.789 3.392 3.000 2.612 2.229 1.850 1.476 1.317 1.409 1.501 1.592 1.682 1.771 1.859 1.947 2.034 2.120 2.205 2.290 2.497
5.944 6.090 6.228 6.357 6.476 6.587 6.689 6.782 6.866 6.942 7.008 7.066 7.121 7.192 7.270 7.356 7.449 7.550 7.657 7.772 7.894 8.024 8.161 8.305 8.363 8.223 8.099 7.991 7.900 7.825 7.766 7.724 7.698 7.688 7.695 7.717 7.717 7.631 7.539 7.439 7.333 7.220 7.100 6.973 6.840 6.700 6.497 6.275 5.995 5.591 5.192 4.798 4.408 4.022 3.641 3.264 2.892 2.524 2.161 1.802 1.590 1.679 1.768 1.856 1.943 2.030 2.116 2.201 2.285 2.368 2.451 2.533 2.724
6.163 6.278 6.385 6.482 6.571 6.650 6.721 6.783 6.836 6.880 6.915 6.942 6.971 7.068 7.172 7.283 7.402 7.528 7.661 7.801 7.949 8.104 8.266 8.436 8.569 8.486 8.419 8.369 8.334 8.316 8.315 8.329 8.360 8.407 8.471 8.550 8.612 8.502 8.385 8.177 7.957 7.736 7.515 7.293 7.070 6.847 6.624 6.400 6.146 5.758 5.375 4.995 4.621 4.251 3.885 3.524 3.167 2.815 2.467 2.123 1.863 1.949 2.035 2.121 2.205 2.289 2.372 2.455 2.536 2.617 2.697 2.776 2.933
6.398 6.476 6.551 6.617 6.675 6.723 6.763 6.793 6.815 6.828 6.833 6.828 6.814 6.936 7.066 7.203 7.347 7.498 7.657 7.823 7.996 8.177 8.364 8.559 8.758 8.732 8.722 8.729 8.751 8.790 8.845 8.916 8.946 8.968 8.982 8.988 8.981 8.761 8.540 8.318 8.096 7.873 7.650 7.426 7.201 6.976 6.751 6.525 6.293 5.921 5.552 5.189 4.830 4.475 4.124 3.779 3.437 3.100 2.768 2.440 2.136 2.220 2.303 2.386 2.468 2.549 2.629 2.709 2.788 2.866 2.943 3.020 3.124
6.733 6.683 6.727 6.762 6.788 6.805 6.814 6.814 6.804 6.786 6.759 6.723 6.679 6.797 6.952 7.115 7.284 7.461 7.645 7.837 8.035 8.241 8.454 8.675 8.909 8.995 9.046 9.088 9.122 9.148 9.166 9.176 9.178 9.172 9.158 9.136 9.106 8.906 8.683 8.459 8.235 8.010 7.785 7.559 7.333 7.106 6.878 6.650 6.422 6.078 5.726 5.377 5.034 4.694 4.359 4.029 3.703 3.382 3.064 2.752 2.444 2.491 2.572 2.652 2.731 2.809 2.887 2.964 3.040 3.115 3.190 3.264 3.337
7.104 6.899 6.912 6.916 6.911 6.897 6.875 6.843 6.803 6.754 6.696 6.629 6.553 6.651 6.831 7.019 7.214 7.439 7.714 7.987 8.260 8.531 8.801 9.070 9.337 9.433 9.455 9.469 9.475 9.473 9.463 9.445 9.418 9.384 9.342 9.292 9.234 9.051 8.826 8.601 8.375 8.148 7.921 7.693 7.465 7.236 7.006 6.776 6.546 6.232 5.894 5.562 5.233 4.909 4.590 4.275 3.964 3.658 3.356 3.059 2.766 2.762 2.840 2.917 2.994 3.070 3.145 3.219 3.292 3.365 3.437 3.508 3.579
7.514 7.125 7.107 7.080 7.044 6.999 6.945 6.883 6.811 6.731 6.722 6.748 6.699 6.804 7.080 7.354 7.627 7.899 8.170 8.439 8.707 8.973 9.239 9.503 9.765 9.878 9.872 9.858 9.835 9.805 9.767 9.721 9.667 9.604 9.534 9.456 9.369 9.197 8.970 8.743 8.515 8.286 8.057 7.827 7.597 7.366 7.135 6.903 6.670 6.380 6.059 5.741 5.428 5.120 4.816 4.516 4.221 3.930 3.644 3.362 3.084 3.034 3.109 3.184 3.257 3.331 3.403 3.474 3.545 3.615 3.684 3.753 3.821
7.961 7.360 7.311 7.507 7.792 8.004 8.140 8.202 8.190 8.104 7.943 7.707 7.397 7.283 7.555 7.824 8.093 8.360 8.626 8.891 9.154 9.416 9.677 9.937 10.195 10.331 10.296 10.254 10.204 10.146 10.079 10.005 9.923 9.832 9.734 9.628 9.513 9.344 9.115 8.885 8.655 8.425 8.193 7.962 7.730 7.497 7.263 7.030 6.795 6.525 6.218 5.916 5.619 5.325 5.037 4.752 4.473 4.197 3.926 3.660 3.398 3.306 3.378 3.450 3.521 3.592 3.661 3.730 3.778 3.785 3.779 3.760 3.729
10.635 10.361 10.534 10.633 10.657 10.607 10.483 10.284 10.011 9.664 9.242 8.746 8.175 7.764 8.030 8.295 8.559 8.822 9.084 9.344 9.602 9.860 10.116 10.371 10.625 10.791 10.729 10.659 10.580 10.494 10.400 10.297 10.187 10.068 9.942 9.807 9.665 9.491 9.260 9.028 8.796 8.564 8.331 8.097 7.863 7.628 7.393 7.157 6.921 6.664 6.373 6.087 5.804 5.527 5.253 4.984 4.720 4.460 4.204 3.953 3.706 3.573 3.624 3.662 3.687 3.700 3.701 3.689 3.665 3.628 3.578 3.516 3.442
14.365 14.086 13.998 13.836 13.600 13.289 12.904 12.444 11.911 11.302 10.620 9.863 9.032 8.244 8.506 8.767 9.027 9.285 9.542 9.797 10.051 10.304 10.556 10.806 11.055 11.260 11.169 11.071 10.965 10.850 10.728 10.597 10.459 10.312 10.158 9.995 9.825 9.638 9.405 9.172 8.938 8.703 8.468 8.232 7.996 7.760 7.522 7.285 7.046 6.800 6.524 6.253 5.986 5.723 5.486 5.257 5.019 4.774 4.520 4.258 3.987 3.776 3.783 3.778 3.760 3.730 3.687 3.631 3.564 3.483 3.390 3.285 3.167
