DATA/RAW-RASTER/ECMWF/20170628/EN-16/20170628.en-16.asc
ncols			31
nrows			16
xllcorner		69.5
yllcorner		19.5
cellsize		1.0
NODATA_value	-99999
4.46701 13.01765 10.19478 8.70895 8.63647 6.39915 5.66864 8.11386 3.82996 0.19073 1.46675 12.87460 10.98442 7.98798 10.58388 5.19180 3.78990 0.66185 0.46921 1.96838 0.78583 2.08473 1.57356 2.37465 1.25885 0.69427 0.36049 0.39482 2.64359 0.63515 5.06973
10.45799 22.72415 43.48564 10.71739 2.23541 5.90897 12.01248 1.60408 4.22859 0.59128 2.38419 1.72806 4.55666 8.86536 10.11848 9.77135 4.72450 7.21359 12.20512 5.52177 2.32315 1.14822 3.91197 7.52068 1.96838 0.67711 0.57220 0.52452 0.47302 0.44250 0.21935
20.55550 44.84558 48.11668 28.03230 14.54353 5.88608 13.48877 6.63757 1.80626 1.67465 0.36621 0.67520 1.40572 3.63350 5.20325 9.63020 5.87273 10.50568 14.76669 14.30321 11.40594 20.08820 19.04869 9.57870 3.87001 0.86212 0.86784 0.50926 0.36430 0.07248 0.15068
30.69305 38.80119 48.10524 24.20807 14.63127 25.41924 8.93784 10.72502 7.52640 0.77438 0.64659 0.69809 0.31090 4.24385 5.04875 13.32664 4.94003 13.62991 10.95963 8.92067 12.27570 12.37297 8.45718 8.33893 3.45421 1.49536 0.52643 0.56458 0.75722 1.39236 0.86594
14.29558 27.82822 62.31117 32.13692 21.34514 39.63470 31.43692 3.58391 8.15964 3.39699 0.39673 1.59454 1.67084 2.43378 3.03268 5.83267 4.35066 4.24004 5.02014 6.70624 13.82256 9.72176 6.93512 2.70081 1.52588 1.99127 1.48773 2.10571 5.28526 2.38991 3.52669
32.13120 40.93170 17.07077 21.71516 18.39256 31.57425 43.22433 26.52931 11.59286 15.30266 20.60890 6.53076 4.89235 0.95177 5.89371 2.26212 3.00598 6.16455 6.14929 5.90897 7.40623 4.42505 5.07736 2.65312 1.21880 4.66919 0.53024 1.95312 2.39754 12.07542 6.11305
3.80898 21.82961 24.26529 11.87134 23.70071 4.22287 27.02713 19.15932 22.31598 29.19006 12.45689 29.91676 19.78683 9.76944 1.86539 2.51007 1.79100 3.56483 3.86810 9.52530 3.64304 8.75282 1.81770 2.96402 2.97356 10.26535 2.75421 7.47108 1.23024 6.23703 8.44574
25.52986 15.80429 12.36725 6.65855 24.90425 12.77161 16.74271 21.08383 34.42574 24.78600 33.85162 9.83238 0.71907 9.01794 19.80209 11.46698 7.49779 1.38855 0.84305 4.46129 5.98145 8.80814 8.03757 27.14539 11.36780 25.79308 5.98907 8.80051 33.88214 9.92775 7.20787
14.71519 15.04898 33.47588 3.76129 12.75444 9.20296 15.35416 18.27621 42.97638 22.81761 32.28378 16.50810 5.32913 1.91307 1.89400 1.83487 2.66075 11.31439 31.18515 26.37863 17.71927 17.49229 21.55685 14.96124 12.77351 33.18214 10.82993 19.79828 28.96500 2.84767 1.80817
26.86691 2.51007 3.27492 11.59668 12.66479 22.31216 5.47409 16.06750 38.60474 67.99698 29.64592 21.97075 22.25494 10.42747 3.76511 0.59509 1.16539 5.64194 9.40704 22.51053 33.89549 36.61728 31.82793 14.19830 15.51819 24.83559 21.69228 32.33337 15.86723 0.64278 5.71060
3.83568 3.17764 3.04413 0.95558 0.66185 1.46484 2.07138 4.04167 37.89139 34.39713 27.77100 24.10698 13.14163 11.20377 3.72124 4.79126 3.03459 7.69806 6.06728 16.48331 13.54790 18.33725 38.12218 28.17154 11.95526 13.82446 22.92442 54.36516 42.73987 7.30133 4.03023
4.72641 2.35558 0.85449 1.69563 12.43019 2.08473 1.34468 2.25449 11.82938 27.21024 18.07404 32.30667 35.84290 10.45990 2.54440 3.80135 2.87628 11.97243 9.62257 20.43152 5.43022 6.76346 16.52336 19.37294 12.11548 24.32823 7.28607 11.45935 15.27977 18.11028 21.63696
9.73511 5.33485 1.57738 3.08990 6.36101 1.82533 0.39291 1.28937 6.70052 2.17628 9.49669 27.79007 35.50148 13.87596 5.60760 11.49178 24.25575 23.61870 10.84900 27.12822 10.16617 2.80762 4.17900 15.61356 8.82721 1.40953 0.45967 10.53238 24.19853 25.42114 10.63538
4.76074 4.44031 2.46239 7.32422 2.98691 0.94032 1.82152 0.71716 3.08418 2.70462 17.31110 29.21677 23.26202 12.62665 18.52989 22.28546 11.26480 6.88553 5.67436 11.46507 2.00272 3.37791 9.81712 5.53894 7.58553 0.87166 0.20027 1.90163 20.86449 20.02144 12.11548
10.30540 8.92639 4.39644 12.79259 11.27434 7.09724 3.22151 2.54250 4.30679 4.04930 16.36887 21.31081 27.05002 19.97757 7.62177 13.96179 33.05817 5.09644 4.30870 5.19562 3.59726 2.44904 13.33618 19.04869 8.48579 0.61226 0.52643 0.79155 1.49155 19.88792 5.74112
18.15796 58.79402 51.99623 59.10873 3.73459 4.73595 2.09618 1.24550 1.70517 2.75993 9.01031 35.85243 20.70999 10.40077 15.02991 5.71823 13.56888 12.20131 22.04895 5.57137 2.72751 4.54712 9.75609 16.92581 15.89203 3.11470 1.38664 1.66512 1.01471 5.88799 8.75854
