DATA/RAW-RASTER/ECMWF/20170628/EN-16/20170703.en-16.asc
ncols			31
nrows			16
xllcorner		69.5
yllcorner		19.5
cellsize		1.0
NODATA_value	-99999
0.03052 0.06104 3.35312 3.48282 3.45612 1.99890 2.46048 1.21689 0.53787 0.00763 0.00763 0.00763 0.43488 1.66321 2.28882 7.35092 1.76239 0.59891 1.33514 1.44196 0.89645 2.07520 5.38254 1.55258 10.32257 9.02176 1.51062 2.64359 9.42612 10.32257 4.53186
0.06485 0.00000 0.00000 0.04578 2.17056 0.00000 0.15640 0.00763 0.02670 0.01526 0.00000 0.03052 1.01089 2.59018 2.18582 2.10190 1.49536 0.26703 1.31226 0.89264 2.64359 1.22833 1.89590 0.85831 1.67465 3.47519 3.26920 4.59671 4.92477 3.82996 5.45502
0.10300 0.54169 0.28992 2.18964 0.14877 0.43869 0.63324 0.19073 0.01526 0.00763 0.00000 0.03052 0.21744 0.08392 1.00708 2.23160 2.09808 0.80490 1.41907 1.62125 1.11008 1.31226 0.61035 1.93787 2.74277 3.50571 2.92969 0.97275 2.22397 1.36566 3.92914
5.45883 2.15912 2.39182 3.83759 3.89099 1.29700 0.81635 5.55420 0.02289 0.02289 0.03433 0.01144 0.00000 0.73624 1.82724 4.20761 3.73077 2.03323 7.40433 5.69534 1.63651 1.46103 4.57001 3.85666 1.61743 0.62943 2.36130 7.14493 13.97324 17.31110 11.32202
1.34277 0.04196 0.03433 0.37384 2.06757 5.31769 1.16730 1.08719 1.81961 0.11826 0.00763 0.63324 1.33896 2.58255 2.57874 2.99454 5.97763 12.50458 12.75635 9.74274 3.15094 3.02887 24.27673 2.01035 0.75912 2.54059 3.25394 3.87192 14.76669 16.71219 19.12689
1.39618 0.00763 0.00000 0.00000 0.00000 0.06485 1.73569 1.46866 2.25830 4.94385 5.91278 6.65283 2.66647 1.34659 1.73569 3.13950 5.79071 14.44244 9.47571 2.89536 3.64304 8.74329 18.51654 27.90451 12.90131 8.84628 0.74387 4.38309 2.81143 4.17709 14.47678
0.00000 0.00000 0.00763 0.00763 0.00000 0.15640 0.07248 0.00000 1.06812 6.74438 5.64194 6.64139 3.55148 5.21469 0.17548 1.40381 1.84631 5.56564 5.14221 14.97650 10.14709 22.74704 24.26147 14.87350 8.03375 13.62610 18.51273 12.60376 3.34930 1.09100 2.59399
0.00000 0.00000 0.00000 0.00000 0.00000 0.00763 0.04578 0.15259 1.41907 2.46429 5.28717 11.79504 89.33258 15.22446 4.90952 3.08228 4.11987 9.49860 4.87900 2.60544 11.03973 16.92200 7.27081 39.88647 27.29797 41.74805 115.24963 20.80536 24.85657 4.60815 1.73950
0.00763 0.02289 0.03815 0.16785 0.14877 0.01144 0.01144 0.03433 0.04196 1.49155 1.35040 6.11496 10.08606 7.00760 7.93457 5.56946 16.17050 103.13034 74.10049 45.79163 47.70279 7.39288 81.13098 85.30807 101.15814 50.37308 49.12567 114.98642 69.21387 9.51767 1.39999
0.20218 0.54550 0.41580 1.07574 1.22070 0.06485 0.06104 0.02289 0.18311 0.09918 0.77820 1.74713 8.51440 9.09424 7.31277 13.14545 14.69803 10.90622 16.12091 22.69363 12.50458 6.13403 37.01782 53.90549 28.76282 13.40866 38.52844 24.60861 60.09674 10.92148 4.36020
0.31281 0.47684 0.89264 0.81253 0.04578 0.46539 0.03052 0.27466 0.04578 0.08011 1.28555 0.69809 2.95639 6.34384 2.97546 8.45337 9.76944 6.89316 15.46478 16.15906 19.51981 34.88159 35.48431 30.59006 15.99121 8.32748 2.71988 9.12476 8.73947 4.57382 4.36020
0.40436 0.51880 1.66321 3.51334 1.43814 1.11008 0.52643 1.27029 0.80872 1.15204 1.20544 3.11279 4.87900 5.99670 4.45557 4.07028 4.74548 10.16235 7.00760 8.21304 11.32584 12.88223 3.70789 0.61035 1.73950 2.92969 2.75421 7.99942 49.54147 25.20752 9.29642
1.04523 1.20163 0.70190 2.05231 3.65829 2.69699 1.30081 1.02997 1.23596 0.72861 1.49155 2.19727 6.89316 17.13943 5.00488 6.56128 11.51657 14.61411 7.31277 4.24576 5.42831 8.63647 4.71878 3.77274 8.94165 1.60217 0.65231 7.59506 12.93564 81.72226 15.30838
1.69754 1.50681 0.59128 2.43759 2.71225 0.94986 1.55640 3.47900 2.57111 0.18692 1.14441 0.78964 6.66428 1.65176 3.02505 9.67407 7.62177 2.49863 2.21252 3.61633 3.23868 14.59503 21.66367 21.98029 0.83542 3.07465 5.98907 10.04410 7.64084 20.53452 12.31384
2.81906 2.23160 2.28119 4.25339 3.20816 2.65121 0.96130 2.37274 1.56021 1.69754 2.68173 1.19019 1.66702 2.35748 1.16348 4.60052 5.48935 2.19727 5.29099 4.80652 7.04575 6.64902 31.98242 47.42813 2.89536 1.76620 7.34329 9.62830 3.49426 15.19394 23.29254
2.28119 3.17764 4.83704 7.32422 1.22452 3.30734 1.88446 0.24796 0.59509 2.82288 17.26532 52.41394 38.61618 5.39398 0.91171 3.71552 7.01141 5.91278 6.09207 6.14929 5.95474 11.26862 23.75031 33.19168 71.57135 6.59943 26.01624 7.65228 4.29916 6.39343 10.89096
