DATA/RAW-RASTER/ECMWF/20170628/EN-16/20170709.en-16.asc
ncols			31
nrows			16
xllcorner		69.5
yllcorner		19.5
cellsize		1.0
NODATA_value	-99999
0.03052 2.55585 1.66321 0.87738 0.77820 1.02997 0.22125 0.34332 0.09155 0.44250 2.43378 2.04468 5.38635 6.63757 5.90515 0.67139 0.73242 0.93079 4.53186 4.28772 11.16180 8.94928 11.44409 7.17163 7.70569 6.14929 5.17273 2.92206 1.58691 1.59454 7.79724
0.06104 0.17548 8.31604 2.68555 5.50079 3.33405 1.19019 1.12915 0.06104 0.35095 3.62396 3.41797 3.47900 3.66211 2.50244 1.47247 1.35040 0.83160 6.83594 6.48499 4.55475 7.53021 8.17871 7.14874 7.04956 10.33020 3.00598 0.86975 1.19781 1.91498 1.58691
0.00000 0.09155 0.14496 0.97656 2.15912 14.64844 3.82996 0.03052 0.80109 0.08392 0.54169 1.11389 1.19781 2.49481 1.04523 1.41144 10.22339 8.46100 14.13727 12.73346 7.49207 5.76782 1.31989 12.54272 12.15363 6.04248 3.47137 4.55475 5.19562 1.88446 1.74713
0.00000 0.00000 0.00763 0.08392 1.74713 7.11823 22.74323 8.82721 1.99127 0.18311 1.05286 7.53784 3.79181 24.71924 1.38855 1.03760 3.17383 1.60980 5.85938 12.21466 3.86810 5.68390 3.14331 5.88226 5.51605 5.67627 5.66864 11.15417 10.42938 4.07410 13.15308
0.80109 0.00000 0.60272 0.00000 1.09100 2.08282 4.08173 13.09204 13.50403 12.57324 1.93787 2.20490 5.96619 24.16229 13.54980 2.15912 2.59399 6.18744 1.81580 0.93842 1.72424 19.92035 10.99396 12.48169 8.37708 7.82776 6.33240 16.62445 16.60156 20.21027 20.77484
0.17548 0.00000 0.00000 0.00000 0.99182 0.54169 4.85229 4.73022 5.36346 55.81665 6.34003 12.83264 3.50189 6.12640 3.06702 0.47302 1.16730 1.02234 1.07574 0.27466 0.63324 14.73999 6.40869 14.00757 2.32697 6.82068 4.39453 14.70947 35.33173 18.53180 16.31165
0.00000 0.00000 0.00000 0.02289 0.08392 1.47247 1.60217 4.77600 12.06970 7.33185 7.77435 14.65607 18.79120 10.45227 2.09045 2.47192 1.58691 1.68610 1.19019 0.91553 3.54767 5.47791 11.94000 6.51550 12.67242 28.99933 21.04187 16.30402 9.07135 12.72583 5.89752
0.00000 0.00000 0.00000 0.05341 0.06104 0.83160 2.75421 4.05121 6.91986 11.71112 6.40106 9.66644 7.24030 12.86316 5.69153 4.44031 12.06207 0.10681 1.38855 2.27356 8.64410 12.21466 11.04736 10.85663 21.77429 25.29144 23.54431 14.19067 11.54327 2.47955 7.77435
0.00000 0.00000 0.00000 0.00000 0.36621 3.08990 0.48065 5.24139 9.19342 12.84790 10.45990 3.24249 4.95148 1.83868 8.14056 2.86102 2.60925 2.65503 3.69263 5.92804 6.27899 8.04901 9.70459 6.85883 9.46045 31.87561 20.46204 81.03943 36.26251 6.07300 13.26752
0.00763 0.00000 0.00000 0.00000 0.45776 5.12695 5.84412 5.25665 7.58362 13.33618 21.01898 15.65552 7.70569 2.41089 4.70734 1.12152 2.71606 14.16016 13.51929 15.44952 4.57001 4.63867 35.56061 14.04572 7.90405 19.47021 24.08600 15.83099 11.79504 13.45825 7.27081
0.17548 0.02289 0.06104 0.03815 0.80109 12.64191 16.31927 27.47345 57.43408 19.19556 11.94763 31.43311 22.96448 19.34052 5.56946 2.09045 1.30463 4.16565 6.53839 12.92419 9.68170 18.76831 32.82928 14.03046 13.81683 46.25702 16.49475 22.39227 31.70776 11.57379 5.39398
0.06866 0.20599 0.22888 0.83160 1.96838 6.89697 13.47351 22.48383 18.38684 5.72205 5.06592 5.59998 39.71863 9.69696 31.71539 3.89099 4.59290 8.51440 4.80652 11.19232 24.52850 11.65009 6.41632 12.89368 33.25653 31.26526 12.94708 31.44836 25.61188 14.25934 11.97052
1.84631 1.00708 0.19073 0.28992 4.51660 9.24683 22.03369 145.56885 24.93286 8.39996 2.34222 7.13348 2.16675 4.02832 25.81787 17.67731 2.09045 16.36505 8.97980 13.22937 11.10077 10.29205 4.96674 7.15637 18.09692 4.02069 0.67902 34.52301 23.52142 19.63043 8.79669
1.18256 6.06537 1.31989 4.27246 1.86920 0.39673 10.97870 13.80920 4.39453 16.43372 18.68439 5.57709 6.50787 7.12585 9.79614 3.82996 6.00433 2.44141 6.40106 4.05121 2.70081 12.05444 3.99017 20.75195 5.70679 7.24030 5.26428 12.53510 48.24066 12.58850 4.73022
3.06702 2.99835 1.70898 3.02887 2.37274 1.11389 5.15747 7.40051 15.64789 36.23199 2.55585 5.38635 0.61798 1.05286 0.97656 10.52856 11.81793 7.43866 2.83813 7.33185 9.04846 9.55200 12.80975 22.20917 16.52527 3.66974 13.00049 10.79559 30.78461 20.35522 7.80487
1.26648 2.16675 3.94440 6.18744 1.83868 3.46375 2.31171 1.60217 12.25281 30.82275 2.35748 1.28174 6.64520 3.70026 14.93073 8.27026 5.44739 5.25665 1.99890 2.39563 4.54712 4.63867 10.52094 10.65826 20.91217 10.32257 6.99615 26.50452 17.03644 13.48877 6.41632
