DATA/RAW-RASTER/ECMWF/20170628/EN-16/20170704.en-16.asc
ncols			31
nrows			16
xllcorner		69.5
yllcorner		19.5
cellsize		1.0
NODATA_value	-99999
0.12970 0.00381 0.09918 0.18692 0.50735 1.49536 0.44250 0.45776 0.10681 0.00000 0.16403 0.06104 0.30136 0.47684 0.91934 1.61362 0.60272 3.35693 6.88553 2.96402 2.02560 2.98309 7.43103 5.53513 1.91498 0.83160 1.65939 1.20926 2.19345 2.39944 2.40326
0.00000 0.00000 0.35477 2.49863 0.99564 0.07629 0.47684 0.61798 0.03052 0.05341 0.20981 0.01907 0.01144 0.02670 0.05341 0.04578 1.20544 1.64795 2.38037 0.96512 6.52313 4.81033 4.55093 2.54059 0.92316 0.53024 0.80109 1.39999 0.31281 0.44250 1.80817
0.00000 0.11444 0.41199 1.01089 4.31824 0.76675 0.65613 0.03052 0.00000 0.00000 0.06866 0.00000 0.00000 0.00000 0.00000 0.00000 0.21362 1.59073 1.43814 4.60815 3.36838 5.43976 8.35037 2.04086 0.22507 0.75912 1.13678 2.03705 1.65939 2.14767 0.67902
3.36838 0.02289 0.18692 0.21362 1.25122 5.60760 5.17654 5.95856 0.04578 0.00000 0.00000 0.00000 0.00000 0.00000 0.00000 0.15259 1.82724 1.75476 1.26648 2.67792 10.10513 5.42831 2.55585 7.42722 11.87134 1.87683 4.40979 3.58582 3.85666 2.84576 4.38309
1.49918 0.01526 0.08392 0.50354 0.82016 3.20053 2.51770 0.83542 0.96893 0.12589 0.00000 0.01907 0.05341 0.00000 0.71716 0.78201 1.20544 0.60272 1.88065 2.36130 5.97382 4.63486 0.99564 0.75531 0.57602 0.81635 0.71335 11.43646 14.52255 6.74438 5.32913
3.60107 0.00000 0.00000 0.00000 0.00000 1.65176 2.48337 1.01471 1.79291 3.45612 6.58798 0.29755 0.75150 0.92697 0.51117 0.77820 4.09317 6.94275 5.33295 8.87680 4.61960 5.05066 2.83051 4.73785 11.42502 12.95471 1.11771 0.57983 16.92200 10.25009 8.20541
0.00000 0.00000 0.00000 0.00000 0.00000 0.04578 0.17548 0.35858 0.16403 4.11224 1.95312 3.64304 3.82614 1.04141 2.14386 6.61850 1.93787 4.84467 6.77490 4.02069 5.56946 10.86807 8.25500 13.92746 16.52527 26.62659 16.08276 5.13840 5.69534 4.24576 10.22720
0.00000 0.00000 0.00000 0.00000 0.04196 0.09918 0.13351 0.03433 0.60272 1.83105 2.15530 6.00815 4.90952 4.46320 12.33292 4.96292 8.06808 3.50571 0.68665 13.36670 13.23700 15.26260 19.08112 23.15140 16.02936 26.34430 137.34055 28.49579 30.93719 8.05664 4.69589
0.00000 0.03052 0.00000 0.02289 0.14114 0.02289 0.07629 0.00000 0.05341 0.51117 0.27466 1.42670 5.61905 6.77490 3.14713 4.13513 9.21631 35.26306 36.41510 175.60196 94.26498 127.76947 149.97482 109.09271 58.67386 45.29572 64.49890 131.11496 77.45361 7.78961 3.18909
0.39291 1.14059 1.09863 0.98801 1.20544 0.01907 0.07248 0.23270 0.04196 0.06104 0.66757 0.30518 0.42725 2.46811 6.61850 13.21793 7.42340 9.10950 9.40323 2.12860 6.70242 9.76944 37.51373 13.90839 7.84683 6.51932 55.65643 21.04568 39.72244 15.45715 10.54764
1.67465 1.30463 1.06049 1.01089 0.01526 0.10300 0.03815 0.35858 0.47302 0.38910 0.23651 0.28992 0.15640 0.57602 3.21960 3.13568 3.37219 16.10184 7.91931 25.13123 19.47403 24.19662 55.30548 6.67953 4.13895 13.99994 4.06265 11.24573 26.30997 9.07135 11.50131
1.07956 0.72479 0.86212 2.94876 1.78909 2.09427 0.62180 1.37711 0.65231 0.51880 1.94168 1.12915 1.93405 1.78909 0.74005 5.47791 2.33078 9.77707 12.56180 30.25055 18.28766 24.99008 1.10626 0.61035 3.58963 0.72098 1.61743 3.76892 7.94601 15.56396 54.77905
0.96512 1.57547 0.37384 0.70953 3.35312 2.23923 0.69046 1.06049 1.33514 1.14059 1.67465 3.54004 0.72861 2.68555 0.42343 1.41144 1.44958 12.04681 18.38684 12.99667 21.45004 16.59393 2.58636 3.04413 4.64249 0.25940 0.14496 4.16183 5.19562 7.10297 6.81686
2.15149 1.21307 0.55695 1.12915 2.59781 0.55313 0.73242 1.14059 1.04904 2.12860 1.99127 1.19019 0.39673 3.11661 18.52417 24.99390 18.01682 16.80756 9.71985 25.24185 12.14218 27.57263 12.08115 7.82013 5.51987 0.14114 0.61035 9.58633 16.14380 5.15366 8.94547
2.96783 2.20871 1.70135 3.42560 6.38580 2.17438 1.91116 1.48010 0.79346 0.81635 0.37003 2.10571 3.95584 2.54059 9.47571 3.79562 3.13187 10.23865 10.15854 22.83478 24.89471 26.14594 40.55786 16.25824 0.20218 0.02670 2.22397 2.33078 3.85666 11.08170 6.13785
2.10190 2.94876 3.24249 12.14218 1.14441 1.88065 2.98309 3.22723 1.67084 0.57602 1.03378 2.62833 2.94876 3.26538 3.70407 4.84085 5.11169 5.86319 10.30731 12.95853 29.38843 33.16498 30.90286 37.16660 34.00421 14.35089 10.81085 2.28882 4.72641 2.62070 4.14276
