DATA/RAW-RASTER/ECMWF/20170628/EN-16/20170629.en-16.asc
ncols			31
nrows			16
xllcorner		69.5
yllcorner		19.5
cellsize		1.0
NODATA_value	-99999
2.27547 6.50787 8.56972 17.42744 14.28032 7.79343 8.02994 5.00870 5.69534 2.24686 6.33621 12.22229 15.38086 8.51631 9.26208 2.12669 1.86157 6.49261 4.82178 4.84848 1.23978 1.47438 1.46294 0.50735 0.72861 1.41907 1.80244 0.90599 0.00000 0.00000 1.08147
0.83351 0.85068 1.63078 18.01872 3.57246 8.40759 10.51712 6.78635 8.89778 4.61578 4.52614 2.71988 4.95911 7.11060 14.54926 7.79724 4.00543 3.99971 1.75858 1.79482 1.52206 1.72806 1.17874 0.33188 0.34714 1.22643 2.08473 2.22778 0.65994 0.13924 0.05150
2.02942 2.55203 3.21579 8.18253 16.85905 12.04300 16.08276 18.69965 11.29913 2.43950 1.57547 0.29755 2.38800 1.49918 4.51851 5.77927 3.98636 13.29231 7.54166 3.05176 4.24957 0.76294 1.42670 9.47380 5.38635 3.55339 0.94795 0.94032 1.04141 1.41907 0.77438
0.44250 0.87929 6.86455 7.37572 14.40239 50.84610 116.61530 35.22491 20.45441 3.46756 4.47464 1.35040 1.07574 2.59209 2.03896 1.09100 5.63812 8.10242 6.43730 4.93622 6.50978 5.10788 11.18851 15.38849 12.82692 7.63512 6.40869 7.39098 3.96347 2.75040 1.92833
4.51469 1.15395 1.95885 4.83513 13.58795 63.09319 220.74509 9.58252 23.17047 22.64786 3.78799 2.31934 1.27029 0.70381 0.89073 0.13542 2.42233 2.19154 12.91466 12.15744 9.54247 7.33376 10.85663 20.91026 11.44028 8.98552 5.24902 17.68875 20.28275 10.76698 4.32968
3.80516 1.30081 1.06239 1.65176 2.63405 16.08276 51.87798 19.37294 261.96863 28.43094 21.38710 2.68555 1.50681 0.95940 1.56212 1.56784 3.23677 4.44031 8.28362 11.02448 10.58006 12.85934 18.14270 15.82527 17.14134 29.85382 10.97298 5.01823 12.41493 18.45169 17.93861
0.42534 1.06430 1.81580 6.02150 5.68199 38.71155 5.47028 13.03673 39.38675 21.21925 30.45082 25.41733 14.35089 8.87489 0.27847 1.39809 1.21117 2.27928 1.90163 13.20457 13.66043 6.31714 16.95061 16.05225 21.98601 76.35498 29.76036 16.64352 7.83730 6.83784 12.68005
0.79727 0.34142 4.00543 12.69341 22.28165 14.79721 18.72826 5.14603 8.94165 3.83949 12.43210 168.78700 4.85611 22.25494 12.42447 5.04875 15.91873 0.93460 0.84686 1.97411 17.52472 14.16969 10.76889 49.59297 47.53685 58.75206 20.30182 26.60942 74.39995 34.82056 16.66069
3.72696 20.08057 16.42227 44.86847 26.09634 19.59991 6.97899 4.00734 7.61604 4.55093 9.94110 8.87489 9.29070 5.38063 2.58446 4.45175 4.01688 8.11005 34.61647 69.87000 76.31874 31.00967 59.86023 39.91699 11.69395 6.22177 14.03809 89.34212 32.13120 11.38687 6.19698
8.82149 1.49727 0.53406 1.61552 18.65196 4.43459 3.55530 20.93697 10.24628 7.12967 9.37653 25.87509 29.37126 20.51926 4.94766 3.70789 3.47900 16.06369 11.17516 23.81897 23.70834 15.41901 8.81577 16.97922 3.83568 26.16119 35.25543 13.55171 42.72270 6.25992 8.62312
17.29393 0.55504 8.12531 2.16484 2.57301 6.77299 0.33188 1.60217 15.38467 11.87325 173.41042 33.43773 11.11603 18.54324 3.58963 3.27682 6.45065 14.25552 4.91333 3.39127 8.39615 19.46259 35.08949 15.30457 20.09201 36.59248 4.38499 5.24521 30.03311 7.69234 1.61743
4.40407 3.55721 15.44380 20.91789 4.70543 1.94740 1.12724 7.74384 5.87463 44.93523 14.82010 14.69803 4.66347 6.53458 3.69644 0.67711 10.55336 6.88934 1.66512 2.05612 3.38554 2.88773 1.33705 6.57654 11.94382 3.24821 2.35367 6.94275 3.84521 6.65474 2.80762
17.47894 2.45857 3.02124 6.42014 4.87709 2.16866 4.14658 4.38499 4.35829 5.18990 29.01840 52.19269 8.75282 3.60489 12.49123 7.22694 7.68852 8.26454 8.83675 2.36511 3.41988 4.26292 2.84386 5.65910 8.31032 0.88882 0.54932 2.34032 2.85149 3.60489 1.12152
9.05418 1.57166 1.51253 11.26480 2.24686 1.25885 3.67737 2.89917 2.14386 20.79964 9.39751 7.08199 112.55836 6.93893 12.48741 11.32393 9.51576 6.82831 2.25639 2.59018 2.96974 12.20512 10.99014 15.37704 4.42696 1.13106 0.19646 1.89781 3.75938 6.23703 1.66893
18.35823 6.38008 6.72722 16.01028 4.35638 1.07002 0.73242 1.39236 8.44955 1.46675 11.59477 44.12079 26.89171 22.11380 3.68500 3.11661 2.00081 3.27682 4.54140 5.49889 3.51906 14.58359 33.56934 24.69254 12.93945 0.57220 1.13678 1.31416 0.29373 3.43132 6.09207
11.62338 14.22691 20.79391 49.75700 3.58963 1.63269 2.31171 1.56784 1.14822 6.42776 9.34982 7.63130 33.91075 44.96193 11.88469 0.83160 5.24902 2.06566 5.04303 8.70132 2.79427 13.19695 32.79877 34.23119 14.76479 7.80487 2.84958 3.20244 1.05476 0.56076 1.29890
