DATA/RAW-RASTER/ECMWF/20170628/EN-16/20170702.en-16.asc
ncols			31
nrows			16
xllcorner		69.5
yllcorner		19.5
cellsize		1.0
NODATA_value	-99999
0.03052 1.52588 0.15640 0.94986 5.32532 2.62451 5.42068 4.94385 0.46539 0.15259 0.46539 0.60272 0.31662 0.31281 0.37766 2.40707 6.67572 2.36130 2.18964 4.60434 5.78308 6.40869 1.43814 1.97601 2.83051 1.72806 3.76511 2.28882 1.62506 1.84631 3.57819
0.01526 0.00000 0.23651 2.28882 1.56784 2.49100 0.28229 0.43106 0.33951 0.01526 0.06485 0.32425 2.26593 0.96512 1.00327 1.84250 2.90298 2.28119 2.59399 3.37982 3.66211 5.48935 7.36237 3.06702 2.34222 3.42178 3.41034 4.81796 7.01523 1.68991 3.09753
0.06485 0.49210 0.13351 0.21362 0.03815 0.91934 3.47519 0.26703 0.03815 0.02289 0.00763 0.09918 1.56021 1.93405 0.97275 1.96838 1.89972 0.78964 1.33514 0.93460 3.29590 2.47192 6.17218 11.21140 13.17596 12.60376 17.70401 15.81955 15.46097 7.09534 1.04523
1.07574 0.88882 1.54114 2.59781 1.43433 0.15259 0.57983 3.51715 0.15259 0.03815 0.14877 0.34714 0.09155 1.05286 1.56021 0.80109 1.99509 1.12534 7.67136 8.98743 5.69916 20.23315 12.56943 12.59995 14.38141 9.31549 2.40707 1.25885 4.39072 16.22772 4.36020
2.28500 1.09482 1.15585 0.65994 0.39291 2.45667 0.93079 5.43976 4.95529 0.06485 0.00763 0.22507 1.27792 1.40762 2.87628 5.53894 7.36618 6.59561 9.28879 4.49371 27.69852 12.83264 5.33676 6.67572 8.80432 6.03104 5.14603 4.20380 1.27411 3.97491 13.02338
0.19836 0.00763 0.06866 0.07629 0.69427 0.57602 0.74768 0.82016 1.98746 11.55090 13.13019 9.97162 7.98035 1.67465 5.88989 8.30841 14.87350 14.11819 16.04843 14.57596 6.81305 11.56616 18.27240 10.95963 13.63754 15.50293 2.44904 3.15475 4.84085 3.73459 5.90134
0.00000 0.00000 0.00000 0.00000 0.22125 0.44632 2.08664 1.16348 3.10516 4.77982 7.44629 67.28363 43.72787 7.75528 1.15585 1.22833 1.64795 4.47083 2.62070 2.24304 1.54114 0.60272 4.55856 13.25226 10.51331 16.77322 37.84561 13.63373 2.61307 0.94223 1.21307
0.00000 0.00000 0.00000 0.00000 0.30136 1.48773 2.73132 1.38474 2.23923 2.53296 2.88010 5.93185 33.28705 12.91656 82.66830 20.08057 9.76562 1.94931 8.01849 8.55255 8.29697 21.56830 14.73618 38.99765 53.52402 125.61035 56.62918 15.63644 20.65659 2.91824 1.49155
0.00000 0.00000 0.00000 0.01144 0.00763 0.19073 0.62561 1.90353 2.72369 1.25885 3.10898 15.61356 16.49094 17.47513 32.45544 20.86258 152.09579 7.66373 30.92957 32.17697 95.08514 205.90591 107.69653 39.63470 13.51166 4.97437 6.55746 65.05203 107.56683 13.58414 3.70789
0.06485 0.08774 0.11063 1.29700 0.12589 0.00000 0.14877 1.34659 0.82779 2.78473 3.89862 9.52530 15.31219 12.55798 15.01083 35.25543 11.19995 4.36401 13.44681 29.97589 17.81464 8.17490 26.86691 0.71335 3.89099 9.19724 243.35861 42.70935 45.61996 22.23587 5.87845
0.24414 0.53787 0.43106 0.61798 0.42343 1.83868 1.18256 0.75150 2.01416 8.74329 4.55475 2.09427 2.90680 9.25827 12.65717 11.73782 25.69580 13.08823 26.02005 14.49585 17.65442 17.21954 36.40747 19.27948 10.68497 4.82178 4.29535 15.74707 24.66965 10.40268 7.92694
0.40436 0.27466 1.39999 3.67355 1.11008 0.83160 0.79727 1.94550 0.68283 1.72043 6.88553 9.87244 8.28552 4.79889 13.99231 8.82339 16.16287 10.34164 10.26917 13.47733 26.02386 18.62717 1.04904 1.05286 13.64517 3.91388 2.17056 12.68387 20.22171 18.37540 13.34381
0.35858 0.67520 0.41962 1.70517 3.65829 1.61743 0.22125 0.33188 3.44086 4.25720 1.78146 1.53732 6.17599 14.46533 5.42831 2.61307 6.06537 4.10843 18.69965 5.32150 12.04300 15.67841 3.59726 10.79178 5.79834 3.17001 1.32370 5.69153 4.55475 16.97159 10.41031
1.32370 1.35803 0.31281 3.94821 6.01196 1.06430 1.39999 17.73834 9.26208 13.77487 8.99506 9.75800 2.43378 0.83542 1.48010 0.89264 0.38910 0.42725 6.03867 9.13239 5.25284 14.69421 16.25824 17.60101 0.52261 0.20218 0.86975 0.70190 2.41089 8.21304 6.50787
2.88773 2.20871 4.36020 8.86536 10.97107 1.76620 8.68607 17.56287 14.33182 17.35687 8.56400 5.20706 7.50351 4.19617 0.56839 0.45776 0.23270 0.30136 6.19507 2.87247 4.34875 6.85120 31.73447 26.77536 1.44196 0.97275 1.11771 1.01852 1.82724 9.40323 6.68716
9.50241 7.41959 10.87952 30.02930 15.04517 14.36615 12.55798 13.52692 16.53290 27.90451 43.96057 41.47339 2.73132 0.50735 1.65176 0.12207 0.52261 2.89536 11.86752 8.54492 7.60269 9.18198 14.40430 23.10181 55.37415 4.65775 1.30463 1.94168 0.83160 0.85831 0.49210
