DATA/RAW-RASTER/ECMWF/20170628/EN-16/20170630.en-16.asc
ncols			31
nrows			16
xllcorner		69.5
yllcorner		19.5
cellsize		1.0
NODATA_value	-99999
1.43623 0.54359 0.27084 1.57356 7.07436 7.41005 4.84467 6.95038 3.41415 2.39182 5.41878 8.35800 10.35881 5.43785 9.79805 6.39915 5.88036 6.39153 4.03976 3.90625 6.21796 6.07681 6.22940 7.44820 8.17108 6.07681 1.68610 0.20599 0.00000 0.00000 0.13542
0.00763 0.04196 0.24414 0.37766 6.90269 2.65884 15.75851 22.26067 16.30020 8.25882 4.01878 5.50461 6.12068 3.81851 6.67381 7.21169 7.62749 8.56972 5.66673 7.61032 9.16672 3.74985 1.96648 4.35066 4.66156 5.68390 1.04332 2.02751 0.00000 0.02098 0.03052
0.00954 0.33951 0.00572 0.46730 1.07574 13.25989 44.60144 16.25824 7.12013 5.92232 2.90680 0.93079 1.85966 1.90163 1.86729 1.16158 1.98555 4.07600 4.47845 5.09453 6.11496 7.02667 3.45039 1.08528 1.61171 2.82097 6.02341 4.07410 3.34740 0.48828 0.61226
0.30899 0.00763 0.00381 0.00000 3.93677 16.48140 60.59647 4.80461 6.59561 3.26538 5.91469 1.01089 0.74959 0.94986 1.30463 2.08473 1.76239 0.44632 1.13869 4.94576 6.95992 2.87819 3.34930 2.44522 1.77765 0.40627 6.14548 6.87981 2.96974 3.09372 0.65422
1.77002 0.00191 0.03433 0.36240 5.34248 10.75935 15.27405 3.45039 30.16281 17.83562 1.42288 1.81580 1.22070 0.63515 2.67982 0.43297 0.17357 0.35095 0.39864 5.39398 3.21198 5.53131 7.54547 4.95720 3.77655 1.98936 1.08337 10.96725 6.04057 4.84085 3.22151
1.26457 0.00000 0.45967 0.05150 1.02615 2.03705 13.40675 24.36447 19.00673 4.48799 2.98691 3.68118 1.44768 0.86212 1.15013 2.54440 6.42586 2.06757 1.41335 5.14984 1.94550 3.64685 7.36618 7.26700 5.84030 8.45337 9.92393 6.51360 7.09915 7.98607 7.41196
0.09155 0.06676 0.09155 0.01717 1.07384 0.55695 5.42450 20.32471 11.98959 0.20409 7.42340 22.18056 13.56125 6.22368 11.66534 1.50490 1.49536 5.08499 5.24330 8.80623 2.53677 3.24821 12.43973 10.96725 18.75305 44.38400 63.77983 28.93257 11.67679 14.43291 9.04465
0.34523 0.97466 0.81253 2.23541 1.95122 1.43433 2.55394 7.67517 14.66179 6.99234 8.83484 91.15219 9.83238 10.63919 46.66138 55.41039 23.74840 1.14441 1.43051 6.29807 7.43484 11.48415 5.89752 52.51503 36.86714 260.71548 72.97516 23.05412 36.49712 22.99309 13.65280
0.11635 0.78583 2.11525 4.00925 4.41170 5.32722 17.14134 13.49068 21.24214 11.80458 6.25229 21.42715 42.33360 16.12854 8.51059 10.86426 28.38707 12.70294 89.45656 168.17093 166.54778 248.28148 109.56192 44.30771 40.43961 23.59962 30.73502 126.14250 66.20026 34.28841 11.24763
0.24223 0.49782 1.50108 6.50215 7.22694 16.46614 12.81357 11.53374 9.83810 20.52307 12.12502 10.99586 44.76738 15.25688 8.70132 22.64404 61.98692 5.41306 12.55226 9.10568 3.69072 5.06973 39.39247 7.05719 9.10378 6.59370 66.36620 43.03932 23.31161 22.64214 18.56041
1.63269 10.66780 15.91110 11.19995 8.38470 8.22258 10.93674 10.49995 5.32150 4.64821 18.61763 17.58194 1.71280 3.04031 16.97731 11.70731 10.33211 6.52695 4.41933 3.70026 4.59862 10.46753 49.10660 8.71658 4.72260 20.12444 3.17383 3.16811 27.05765 8.32558 2.91252
7.66182 4.12369 12.08305 17.44080 11.27625 17.80319 18.32199 13.21793 7.28989 2.56538 5.63812 27.91977 10.93102 2.51389 30.36499 17.35687 1.24931 7.44438 8.20923 4.55093 9.22775 3.86810 0.62180 6.03676 15.62500 4.13513 1.52588 3.92914 7.94411 11.53564 4.10843
7.51114 6.19125 4.99153 8.16345 2.94495 4.50897 1.44577 1.92451 2.24686 2.31171 2.22206 4.47845 5.11169 26.91078 8.54683 6.39725 4.31824 3.39127 7.71141 9.64546 3.30925 14.66560 1.54495 2.50435 15.97023 1.98174 0.08202 1.84441 4.61578 8.39615 1.36185
37.93907 12.46262 9.83810 1.65939 6.09970 6.59370 0.95558 1.64413 1.19591 4.66728 5.73921 12.35390 4.24767 3.88336 8.95691 7.02477 2.84386 20.66422 11.04736 7.53593 15.64217 14.08386 7.08199 10.36453 7.76291 1.28937 0.76675 1.38855 28.00751 1.70708 3.50380
22.01462 26.08299 7.53784 15.64598 4.86565 9.75800 3.17192 26.46065 9.19724 6.38962 7.01332 2.67601 1.06239 1.73950 6.46591 9.04465 9.91631 4.24576 10.16617 9.98878 12.29668 9.11713 22.74704 11.77025 2.21062 2.80571 0.99182 0.56839 1.79672 8.41141 2.59781
6.11877 5.74875 13.73863 28.06282 1.80817 2.27928 8.36372 9.77516 13.34381 8.44383 13.50784 16.12473 1.56593 0.71716 3.00789 7.20978 1.57166 14.12201 21.04950 22.06230 10.21767 9.26399 17.20619 28.86391 14.05525 5.02968 15.90538 1.08719 1.11198 12.65526 9.49669
