DATA/RAW-RASTER/ECMWF/20170628/EN-16/20170708.en-16.asc
ncols			31
nrows			16
xllcorner		69.5
yllcorner		19.5
cellsize		1.0
NODATA_value	-99999
0.00000 0.00763 3.03650 2.29645 0.75531 0.77820 0.19836 0.31281 0.09155 0.07629 0.88501 1.32751 2.97546 1.89972 1.22833 7.75909 8.52966 16.79230 6.37054 2.53296 3.73077 5.96619 6.70624 8.50677 4.33350 1.11389 1.12152 1.09100 1.03760 3.31116 2.96783
0.56458 1.30463 0.41962 2.62451 2.96021 0.39673 0.93079 1.50299 0.16785 0.06104 0.48065 0.24414 2.87628 0.74768 0.72479 5.21851 4.87518 7.91168 3.63922 12.16125 5.74493 6.53839 3.14331 1.00708 3.40271 2.91443 5.16510 6.04248 11.27625 9.46045 11.12366
0.41199 0.26703 0.00000 0.22125 5.86700 13.85498 2.09045 0.01526 0.00763 0.00000 0.09918 0.11444 1.30463 0.82397 7.50732 16.22772 26.14594 8.42285 17.11273 17.50946 12.29858 15.82336 8.04138 11.74927 8.02612 7.88879 4.82941 6.25610 6.15692 10.39124 16.89148
0.70190 0.00000 0.91553 0.00000 0.77820 5.97382 19.50073 35.69794 0.13733 0.03052 0.29755 0.19073 0.25177 4.32587 4.40979 8.18634 14.73999 4.89044 9.85718 11.10077 5.24139 2.72369 7.84302 5.04303 4.10461 1.05286 1.19781 1.70898 7.85065 10.82611 13.85498
2.49481 0.00000 0.00000 0.00000 0.03052 0.17548 10.31494 15.27405 10.65826 3.12805 0.54932 0.40436 0.98419 2.15149 3.32642 18.82935 8.06427 7.57599 2.47955 1.77002 1.44196 0.46539 1.96075 0.23651 0.72479 0.28229 0.08392 0.41962 6.59943 6.29425 11.74927
0.08392 0.00000 0.00000 0.00000 0.00000 0.00000 1.64795 6.75201 1.64032 29.05273 10.55145 8.31604 7.01141 7.80487 24.18518 14.43481 3.47137 4.40216 1.61743 1.07574 0.93842 0.48828 0.51880 0.38910 0.45776 1.71661 0.41962 0.86212 3.02887 3.22723 2.75421
0.00000 0.00000 0.00000 0.00000 0.00000 0.00000 0.00000 0.89264 5.79071 15.64789 14.77814 11.08551 8.00323 6.98090 2.61688 14.45770 5.27954 5.67627 4.10461 0.83923 9.12476 0.87738 1.12915 0.49591 1.60217 5.19562 6.95038 1.09100 5.60760 1.02234 2.63977
0.00000 0.00000 0.00000 0.00000 0.00000 0.01526 0.28229 0.43488 3.81470 17.10510 29.60968 10.06317 22.62115 20.60699 20.90454 16.44135 3.76129 0.09918 0.41199 1.06049 4.06647 2.78473 2.69318 5.50079 8.04138 6.95038 14.08386 5.92804 7.92694 2.60162 5.30243
0.00000 0.00000 0.00000 0.00000 0.00000 0.00000 0.28229 1.29700 3.34930 7.61414 14.17542 6.71387 13.53455 16.95251 11.56616 12.12311 5.97382 3.22723 3.63922 51.16272 8.66699 11.82556 10.06317 6.36292 23.61298 8.78906 42.43469 42.51862 19.66858 11.19995 11.22284
0.01526 0.00000 0.00000 0.00000 0.00000 0.00000 0.25177 0.66376 4.86755 10.13184 4.68445 9.40704 8.83484 20.40100 11.65009 11.55090 9.78851 2.29645 2.78473 1.83868 3.20435 14.33563 16.62445 14.39667 3.52478 63.81226 7.47681 25.49744 13.28278 3.37219 1.58691
0.18311 0.09155 0.01526 0.03815 0.00763 0.04578 0.35858 1.14441 2.48718 8.49915 5.80597 3.66974 7.94983 4.05121 12.50458 34.36279 43.35785 13.90839 7.39288 6.10352 3.60107 5.56946 11.55853 2.69318 8.16345 10.42938 17.27295 11.07788 7.69806 6.30188 3.73840
0.14496 0.20599 0.05341 0.63324 0.96893 0.96893 2.22778 3.95203 2.24304 4.33350 5.48553 2.57111 5.39398 3.15857 19.10400 17.74597 36.75079 24.93286 18.44025 11.28387 7.94220 2.34985 1.62506 4.18854 23.06366 10.98633 9.69696 10.78796 5.43976 8.84247 13.52692
1.13678 0.50354 0.75531 0.41962 1.13678 2.79236 2.27356 18.47076 12.27570 9.90295 16.28113 21.11053 5.80597 6.52313 7.78198 2.44904 16.92963 8.87299 19.71436 34.40094 4.96674 6.88171 1.48010 3.15094 17.54761 13.15308 2.12097 6.61469 5.19562 15.88440 15.57922
1.31989 1.74713 6.37817 2.28882 1.89209 1.64795 2.44904 15.75470 12.96997 10.44464 9.14764 10.99396 1.14441 23.18573 9.57489 10.30731 8.11005 1.33514 13.13019 101.18866 6.21796 25.32959 8.97980 4.19617 5.69153 3.44849 0.76294 8.97980 18.85986 19.32526 21.85059
3.79181 1.88446 1.99890 1.77002 3.37982 0.97656 6.27136 9.52911 20.86639 20.75195 16.96777 9.67407 17.25769 0.77820 2.31934 19.60754 8.55255 2.21252 7.54547 7.65991 12.48169 12.16125 10.69641 2.23541 2.15149 1.63269 1.82343 14.10675 21.95740 22.49908 9.10187
2.77710 2.79236 1.89972 7.11823 2.54822 3.44849 3.82996 5.86700 6.73676 21.30127 6.63757 7.62939 28.10669 10.05554 4.41742 15.38086 14.20593 8.55255 5.47791 4.43268 10.61249 15.01465 13.15308 9.92584 7.04193 17.61627 5.99670 8.91876 10.75745 23.67401 8.08716
