DATA/RAW-RASTER/ECMWF/20170628/EN-16/20170706.en-16.asc
ncols			31
nrows			16
xllcorner		69.5
yllcorner		19.5
cellsize		1.0
NODATA_value	-99999
0.02289 0.03052 0.03433 2.20490 2.23541 3.60870 2.26974 2.12097 0.30899 0.02289 0.77057 0.87357 1.49536 1.11771 0.72098 1.38855 1.77765 0.17929 3.00980 3.88336 7.41959 8.65555 8.06808 0.43106 1.82724 2.92206 4.44412 2.66266 1.72424 1.59073 0.83542
0.03433 0.02289 0.00381 0.34714 1.33514 0.00000 1.18637 1.14059 0.52261 0.01526 0.00381 0.00381 0.32043 0.32806 0.72479 0.46158 0.84305 0.57602 2.24686 3.28827 8.98743 4.52423 2.13623 0.80872 4.43649 1.38092 1.94168 3.03268 2.96021 5.03159 0.34332
0.11444 1.23596 0.00381 0.07629 1.30844 1.48010 1.20926 0.07629 0.00000 0.00381 0.00000 0.00000 0.00381 0.01526 0.09537 0.28610 0.20599 0.72479 7.72858 8.36182 2.25067 10.16998 3.16238 1.54114 1.07574 0.83160 2.17056 2.57492 6.61469 2.07138 0.45013
0.42725 0.00763 0.00763 0.04196 0.05341 0.26321 0.20218 4.57764 0.04196 0.00000 0.00000 0.00000 0.00000 0.00381 0.00763 0.38528 1.29700 1.35422 3.06702 5.79453 9.12857 11.44028 2.03705 0.61417 0.79346 0.01907 0.84686 1.69754 9.22394 1.42288 0.18692
1.07574 0.00000 0.00000 0.00000 0.05722 0.44632 0.16403 0.56076 1.40381 0.18311 0.00000 0.00000 0.01526 0.00381 0.25177 0.62943 2.30408 5.10025 9.17816 4.46701 6.32477 2.42996 2.84958 1.39236 0.20981 0.63324 0.09918 1.96457 2.85721 0.64087 0.06485
0.61798 0.00000 0.00000 0.00000 0.02670 0.03052 0.86212 3.83377 2.31171 2.26212 3.63159 0.13733 0.50735 0.00381 1.13678 1.83487 7.71713 7.03812 6.04630 4.61960 4.10843 3.17383 4.58527 0.78583 0.64087 3.50571 1.08719 0.60272 3.08228 0.41199 0.05722
0.20599 0.00000 0.00000 0.00763 0.00000 0.02289 0.25558 2.04086 1.18637 1.67084 2.25830 4.68445 3.68500 2.25067 0.86212 2.27737 1.81580 2.17819 1.23215 1.83105 5.03540 1.91879 2.44904 0.51498 2.64359 1.57547 2.89536 1.54877 4.47464 2.64359 0.59128
0.00000 0.00000 0.00000 0.00381 0.03815 0.28992 2.83813 4.06647 1.86920 1.13678 0.80872 1.88446 4.18854 19.32144 24.79935 8.81577 6.29044 13.38959 14.24408 9.85718 6.80923 16.92581 13.21411 11.19614 2.69699 1.43433 1.76620 1.15204 0.91171 1.08337 7.29752
0.00000 0.00000 0.00381 0.00381 0.00000 0.01144 0.35477 0.04196 0.00381 0.01144 0.00000 0.40817 0.00000 1.81580 2.67410 4.76456 1.38092 23.29636 28.68271 11.51276 7.77435 63.65204 47.61887 14.90021 2.93350 0.87738 13.40485 10.64682 1.52588 0.91171 3.74603
0.20218 0.44632 0.21362 0.54169 0.03815 0.09918 0.07629 0.04196 0.03815 0.10300 0.01907 0.17166 0.31281 0.48065 1.05286 0.99945 0.63324 1.06049 4.77982 6.42776 12.45117 58.47931 21.43478 6.80161 44.68536 10.80704 16.14380 7.45773 10.87189 2.70081 7.94983
0.78964 1.12915 1.00327 0.80872 0.00000 0.00381 0.04959 0.26321 0.01144 0.00000 0.00000 0.00000 0.00000 0.00000 0.00000 0.00763 0.04196 0.44632 3.62015 20.05768 8.28934 25.96664 39.37149 10.66208 17.16995 16.11710 16.48712 20.86258 28.26309 12.71439 17.45224
0.86594 1.06049 2.40326 2.23923 0.35858 1.23596 0.41199 0.19455 0.04196 0.08392 0.18311 0.00763 0.00000 0.01526 0.01907 0.37003 0.12589 0.57602 7.34711 21.36993 41.26358 42.45758 1.57928 3.69644 7.64084 7.48444 5.51987 28.75900 17.41028 27.01950 25.58136
0.98801 1.63651 0.45776 0.46158 0.88501 0.71335 0.99945 1.35422 2.17438 1.73187 0.11063 0.12207 0.03433 0.44632 0.19455 1.68610 15.12527 11.08551 14.73999 22.60208 44.89517 37.21619 8.54492 5.95856 34.04999 9.15909 10.46371 11.13129 25.94757 33.38623 14.06097
1.39999 3.00598 1.44196 0.52643 1.32370 0.51117 1.07574 1.49918 0.74387 0.07248 0.01907 0.06104 0.20218 1.17874 1.22833 11.91330 7.32803 18.60428 17.57431 18.95142 16.18576 29.55627 11.77979 14.59503 6.84738 1.23596 20.80154 15.41901 26.19553 22.31979 13.20267
2.09427 1.59836 1.15967 3.06320 3.01361 1.45721 1.11008 1.52969 0.24033 0.40054 0.00381 0.12207 0.43106 2.50244 8.50677 0.69809 3.75366 20.11871 25.60043 25.69199 19.05441 17.59720 38.61618 25.55084 13.87787 1.37711 13.23700 2.07520 20.83588 13.91602 7.86209
1.98746 2.28882 1.99890 5.72968 2.39944 2.00272 1.43433 2.55585 0.95749 0.08392 0.36621 0.79727 0.42343 9.06754 0.35858 4.26102 11.95908 23.22006 23.11325 13.70621 13.27896 14.71329 19.41299 30.79605 40.90881 4.45175 8.04138 1.24741 1.07956 8.56018 39.90555
