DATA/RAW-RASTER/ECMWF/20170628/EN-16/20170701.en-16.asc
ncols			31
nrows			16
xllcorner		69.5
yllcorner		19.5
cellsize		1.0
NODATA_value	-99999
0.81635 3.69263 1.87302 3.46375 6.38580 0.77057 1.93405 3.47137 0.51117 1.76239 2.78091 2.82669 1.48773 2.49100 0.65613 2.18964 3.62778 3.96347 7.09534 6.77490 3.13950 2.86484 0.78201 0.90790 0.88120 2.03705 10.68497 4.41360 5.01251 7.66373 2.02942
0.00000 0.01144 0.71716 7.62558 4.53568 0.28610 0.27466 1.71280 0.08011 0.19073 0.06104 0.16022 1.95694 3.57437 4.13513 6.53839 10.65445 9.02939 2.36511 1.69754 2.79236 3.87955 4.05884 1.36948 0.73242 4.72260 6.82449 7.18689 5.48935 12.98904 4.77982
0.04196 0.00000 0.17166 0.59509 1.06812 4.79126 4.88663 0.10681 0.03815 0.08392 0.03052 1.00708 5.60379 6.61850 3.19672 7.33948 9.47571 10.97870 11.32584 6.57272 12.66098 6.11496 10.70404 12.19177 12.88605 9.35364 9.86481 5.98145 13.60703 12.37869 10.37979
1.30844 5.40161 0.00381 0.00763 0.02289 1.02997 2.89536 3.45612 0.32425 0.04578 1.52206 2.85339 0.45013 1.88828 2.23923 9.25446 7.44629 7.46155 8.43430 9.56345 7.49588 10.49805 14.19830 15.13672 15.54108 10.86426 9.72366 7.12967 14.80103 19.43970 17.59720
1.94550 0.73242 0.77820 0.19455 0.20981 0.72098 2.65503 4.80652 4.11224 1.65176 1.06812 1.73950 2.53677 2.93732 1.67084 5.28717 4.95148 9.01413 12.82501 20.64514 11.39450 7.41959 11.99341 6.24466 4.30298 7.85065 10.19287 9.86862 10.46753 12.14981 16.04080
2.03323 0.72861 0.15259 1.46103 0.04578 0.96893 1.16730 1.71661 8.57925 11.32584 7.66754 8.02231 2.66266 1.87302 2.02560 3.87955 9.98688 7.59888 10.78033 6.13403 6.77872 9.25446 10.20050 4.98199 5.42831 15.09094 10.88715 6.25229 1.46484 2.39563 2.07138
0.00000 0.12207 0.99945 1.73950 0.55695 3.60870 1.93405 0.90027 3.26538 3.97110 10.61630 15.23590 36.98730 6.65283 4.95529 1.84631 1.61362 3.82996 3.10898 4.96674 6.25229 5.42450 5.91278 8.20923 7.78961 36.75842 34.42764 15.86533 0.91171 2.63596 1.64795
0.00000 0.00000 0.59509 0.46158 1.03378 4.29535 1.69373 1.64795 2.50244 3.96729 10.31876 16.57104 28.50723 38.54370 59.90982 32.02438 13.37051 5.26428 5.16129 18.39447 9.95636 13.75580 5.64957 39.84833 64.81552 115.09705 32.16171 17.55905 25.98572 8.77380 3.57437
0.00381 0.00000 0.00763 0.50735 1.32751 1.89209 1.48773 6.69479 2.48337 3.79181 25.04730 20.22934 23.85712 27.24075 31.66199 35.36987 6.56509 14.28223 59.36050 197.33429 91.87317 83.08411 74.91684 91.59088 33.58459 9.19342 14.25552 84.14459 90.96909 23.69308 5.93185
0.00763 0.05341 0.17929 0.23651 0.49973 1.59836 6.98090 3.60870 3.20435 3.61252 6.50024 23.67020 16.94107 10.45227 11.93619 24.79935 33.44727 20.19119 128.13187 31.05164 17.37595 45.10880 13.18741 3.01743 13.80539 8.68607 21.54922 21.93832 26.26038 11.67297 10.07080
0.22125 0.50354 0.96512 1.77383 1.30081 3.53622 5.98526 3.83377 3.85666 3.89481 3.99780 6.46210 9.87625 3.58582 17.48657 40.13443 52.72675 36.51047 128.95584 19.39774 62.46567 14.02283 35.36987 15.47241 10.21957 23.55194 8.44955 14.55688 36.10229 14.51111 6.08063
0.63705 0.50735 1.53351 4.72260 1.79672 1.06430 2.25449 6.08444 1.91498 1.86157 2.38419 2.74277 3.81851 5.14221 9.10187 10.61630 28.68271 20.72144 10.28442 6.30951 13.76343 4.66919 9.54437 4.57001 12.89749 7.24792 4.94003 18.26859 3.12805 10.04410 4.11987
0.72479 2.43378 1.44577 1.93787 3.10135 3.68118 5.80215 9.81903 63.36594 5.63812 6.28662 7.57599 8.01086 7.71332 18.88275 9.06372 2.15912 6.03104 16.41846 58.35724 22.36176 20.83969 27.00806 18.16940 34.13010 2.58255 0.53406 3.55911 4.31061 8.51440 1.45721
3.10898 1.50299 2.28119 4.20380 6.95801 5.12314 3.71170 8.57544 8.20160 2.35367 3.54004 1.13297 14.28604 4.53568 13.74054 3.80707 8.88062 2.27737 8.85010 28.88489 11.00540 28.58734 28.63312 22.48764 8.97598 0.69046 0.68665 0.54550 6.11496 2.89536 5.15366
9.43375 11.14655 5.61905 19.63425 21.96503 26.51596 10.65445 3.45612 0.30518 2.64359 1.74713 3.79181 0.90790 3.51715 3.92151 3.68500 5.77927 1.07193 13.29803 4.20761 13.52310 19.33289 48.27499 26.11160 4.81796 4.00925 5.72586 1.14059 0.74768 3.89481 5.05447
4.10843 8.33130 15.12146 16.27350 15.95306 15.02991 13.50403 11.23047 11.26862 5.66864 3.90244 10.34546 0.67902 9.54437 2.52151 9.09805 0.88501 2.69699 25.74158 22.23587 14.78577 10.72311 18.15033 34.93500 46.43631 15.20157 11.76834 2.06375 1.73950 0.54550 1.44577
