DATA/RAW-RASTER/ECMWF/20170628/EN-16/20170711.en-16.asc
ncols			31
nrows			16
xllcorner		69.5
yllcorner		19.5
cellsize		1.0
NODATA_value	-99999
0.96130 2.99072 2.42615 1.45721 1.65558 2.44141 1.59454 1.60217 0.41962 0.09155 1.65558 3.35693 4.24194 2.63977 8.90350 5.13458 2.37274 2.61688 8.59070 12.61902 3.31879 1.09100 0.00000 0.00763 0.06866 0.06866 0.05341 0.06866 0.01526 0.06866 1.46484
0.86975 1.86920 4.44031 0.44250 3.23486 0.64850 0.61035 0.54932 2.89154 1.86920 3.06702 2.15912 5.16510 3.78418 3.36456 4.57764 1.96838 1.29700 7.23267 0.70190 1.27411 0.03815 0.01526 0.00000 0.00000 0.16022 0.02289 0.34332 0.60272 0.38910 0.90790
2.21252 6.16455 0.48828 3.67737 1.88446 1.77765 9.14764 0.61035 3.04413 1.12915 2.02942 1.64032 2.46429 2.33459 2.88391 2.84576 2.44904 1.33514 0.68665 1.09863 0.81635 1.73187 0.57983 0.52643 0.67139 0.28229 1.01471 0.77057 1.57928 3.44086 7.45392
2.95258 1.19019 0.11444 1.85394 1.80054 3.57819 7.46155 12.11548 0.62561 0.72479 1.77765 1.06049 0.70953 3.92914 2.60162 1.74713 1.68610 2.32697 1.58691 2.22778 1.05286 4.73785 6.38580 0.83923 0.56458 0.54169 3.45612 3.11279 0.73242 2.92969 10.49042
1.44196 0.01526 0.00000 0.05341 1.18256 2.73895 3.36456 5.11169 19.44733 1.41907 0.18311 0.80872 0.80872 0.43488 0.05341 4.63867 1.06812 7.15637 5.29480 6.21796 2.37274 5.28717 11.10077 7.37000 4.95911 1.89209 1.84631 2.80762 6.03485 7.40051 11.16180
0.01526 0.00000 0.01526 0.01526 0.32043 3.82233 4.00543 3.81470 10.10132 20.17975 15.09094 4.94385 1.75476 1.64032 1.22833 1.20544 21.71326 6.37817 16.84570 6.35529 10.44464 8.82721 3.39508 7.65991 3.44849 2.02179 3.26538 3.32642 15.73181 12.19940 11.55853
0.00000 0.00000 0.00000 0.00000 0.00763 1.04523 2.89917 2.02942 7.91931 13.49640 9.53674 5.13458 17.15088 5.72205 1.57928 2.86865 4.63867 7.49969 8.77380 2.90680 5.50079 4.36401 6.35529 5.15747 8.31604 12.29858 15.99121 11.11603 8.33893 13.06152 10.45990
0.00000 0.00000 0.00000 0.11444 0.05341 1.80817 5.92804 5.12695 10.72693 5.02777 9.95636 11.47461 3.70789 7.13348 7.65228 30.38025 17.50946 2.02179 3.60870 6.30951 6.06537 10.44464 11.42120 30.08270 8.63647 87.98981 105.14832 24.57428 20.65277 17.54761 15.33508
0.00000 0.00000 0.01526 0.97656 1.03760 6.40106 6.86646 4.82941 6.56128 7.15637 5.60760 16.14380 11.10077 21.40808 10.67352 12.34436 16.09802 36.07941 21.90399 43.03741 32.81403 17.68494 8.49915 40.79437 6.22559 2.90680 23.98682 20.86639 107.14722 15.44189 7.46155
0.18311 2.81525 9.49097 10.23102 4.55475 5.54657 6.76727 6.27899 9.77325 14.32037 5.98907 16.53290 3.86047 3.43323 8.43048 6.68335 4.90570 4.40216 4.99725 2.96783 6.44684 4.27246 4.73785 3.99017 3.90625 9.33075 58.52509 38.09357 60.01282 18.29529 6.58417
1.91498 7.81250 13.76343 11.98578 12.24518 19.50073 14.38904 5.33295 9.19342 17.45605 7.08771 4.44794 4.64630 4.49371 2.16675 0.99945 1.98364 1.57166 3.41034 1.53351 1.79291 6.07300 104.52271 25.61951 3.09753 24.51324 7.91168 33.69904 28.25928 5.68390 1.86920
0.03815 0.67902 1.04523 1.15967 1.68610 1.06812 15.65552 35.58350 21.98792 3.80707 6.82831 6.30188 2.40326 1.38092 2.09808 0.77057 1.68610 1.35040 1.28174 2.01416 4.44031 0.99182 2.17438 3.04413 2.51007 6.77490 0.81635 15.14435 11.97815 3.56293 1.56403
1.28174 1.16730 0.41962 2.22015 1.46484 1.19781 5.61523 17.89093 2.10571 1.09863 4.97437 8.36182 5.81360 5.15747 3.83759 1.84631 1.17493 1.89972 1.78528 1.85394 3.79181 4.32587 2.37274 2.77710 21.69037 0.29755 0.28229 14.84680 16.51764 3.62396 0.99945
2.51770 3.78418 1.78528 6.21796 2.18964 3.76892 4.82941 5.49316 1.42670 6.36292 15.83862 13.51166 11.10840 3.51715 5.38635 1.98364 1.52588 5.59998 4.51660 5.81360 3.15094 5.04303 3.33405 5.91278 0.35858 0.12207 1.20544 1.83868 11.29913 7.18689 2.26593
7.72095 10.23102 6.08063 21.70563 1.32751 2.09808 3.93677 5.88226 5.77545 6.40869 17.47894 16.25061 11.96289 10.34546 2.37274 9.41467 3.44849 2.86865 1.02997 4.40979 4.86755 6.21796 6.59943 3.45612 26.67236 1.44958 10.50568 1.75476 7.62939 16.60156 8.60596
2.15912 6.27136 25.23804 22.46857 0.96893 1.45721 0.83160 5.64575 12.11548 14.45770 15.62500 21.27838 11.24573 4.53186 7.49207 12.97760 2.83813 1.39618 0.91553 1.35803 0.77057 2.86102 6.66809 13.58032 19.98901 5.46265 3.50952 1.75476 2.55585 2.05994 6.53839
