DATA/RAW-RASTER/ECMWF/20170628/EN-16/20170710.en-16.asc
ncols			31
nrows			16
xllcorner		69.5
yllcorner		19.5
cellsize		1.0
NODATA_value	-99999
0.63324 5.05829 4.29535 5.63812 2.75421 2.12860 0.66376 0.57983 0.07629 0.00763 1.20544 3.18909 3.01361 6.06537 8.77380 10.86426 6.61469 4.57001 0.42725 0.93079 0.01526 0.04578 0.17548 0.41199 0.58746 1.18256 2.26593 0.93842 0.77820 1.65558 2.96021
2.18964 1.19019 11.55090 11.44409 6.20270 3.44086 1.39618 0.52643 0.14496 0.22888 3.28827 1.91498 4.91333 10.80322 7.27844 5.49316 5.02777 2.54059 0.34332 0.10681 0.36621 0.51880 0.36621 0.76294 0.86975 2.60162 4.28772 3.14331 0.65613 1.29700 3.77655
2.99072 2.31934 5.46265 6.59180 5.43976 5.83649 12.28333 0.77820 3.51715 0.23651 4.78363 2.86102 4.81415 4.82178 4.09698 7.17926 0.21362 0.70953 0.87738 3.31879 3.54004 6.35529 8.36945 3.86047 7.22504 4.12750 9.05609 5.60760 15.72418 14.99939 13.65662
0.57220 1.65558 0.14496 0.54932 2.54822 4.22668 4.06647 9.55200 1.38855 1.55640 1.80817 0.90790 4.18091 3.05939 2.34222 5.24902 3.15857 3.30353 2.47192 7.41577 6.00433 6.77490 4.02069 4.82941 8.40759 8.07953 12.65717 9.78088 12.92419 7.30133 8.11768
7.70569 0.00000 0.23651 0.00000 1.15967 7.56836 16.25824 11.22284 12.65717 3.96729 0.41199 4.31061 2.54822 1.26648 1.09100 2.91443 1.44196 2.68555 2.96021 2.67029 0.43488 4.05884 12.00867 5.79834 6.39343 4.20380 7.27081 17.21954 9.96399 2.63214 6.96564
3.15094 0.00000 0.00000 0.00763 0.54932 0.44250 8.85773 8.89587 7.37000 13.61084 16.51001 31.71539 4.02832 1.80817 2.74658 0.82397 7.59888 6.75201 4.51660 9.52148 16.75415 2.12097 5.88989 3.21960 7.04193 5.43213 6.98090 9.20868 6.58417 7.90405 8.37708
0.00000 0.00000 0.00000 0.00763 0.08392 1.10626 8.48389 14.53400 5.53894 11.54327 6.25610 13.21411 18.19611 9.12476 0.53406 1.53351 5.23376 5.34058 2.86102 9.06372 17.52472 11.09314 6.43158 13.71002 25.57373 44.42596 23.97156 14.19067 8.65936 14.54163 14.61029
0.00000 0.00000 0.00000 0.35095 0.53406 2.35748 8.63647 13.31329 8.45337 4.65393 8.04138 12.49695 12.32147 15.84625 7.96509 13.37433 28.27454 3.71552 2.76947 4.28772 11.00922 13.81683 10.89478 32.76062 25.65002 25.44403 37.96387 36.78894 39.99329 13.57269 5.76782
0.00000 0.00000 0.00000 1.34277 4.58527 2.84576 6.75201 16.37268 18.38684 20.75958 6.41632 12.74109 33.72192 12.13074 12.20703 24.10126 13.32855 7.75146 45.02106 77.43073 42.45758 27.48108 12.90894 33.88214 6.91223 28.32031 48.48480 33.63800 84.13696 13.52692 2.52533
0.00000 0.00000 16.67023 3.00598 20.23315 16.68549 17.02881 14.85443 25.51270 6.88934 14.47296 15.14435 12.26807 6.88171 7.44629 9.56726 12.93945 9.40704 16.33453 11.79504 4.59290 4.85229 14.06860 9.46045 9.01031 26.54266 18.52417 28.29742 17.73834 11.85608 12.59613
0.06866 1.63269 13.45825 13.02338 24.41406 33.58459 42.44995 62.22534 31.00586 1.01471 2.70844 4.28009 12.44354 2.01416 8.96454 6.20270 6.56128 1.38092 2.86865 3.16620 3.92914 14.83154 28.47290 21.80481 7.27081 32.74536 12.28333 12.41302 22.56775 4.11987 1.61743
0.76294 0.00000 0.03052 5.14221 18.21899 20.84351 11.82556 27.93884 39.71100 1.12152 2.65503 8.90350 6.59180 15.30457 4.08936 2.92969 6.19507 2.12860 5.28717 4.36401 1.72424 2.55585 4.45557 5.36346 21.80481 4.53949 4.24194 24.04785 10.74219 9.39178 3.28827
0.48828 0.04578 0.06866 2.85339 3.62396 18.98956 21.15631 89.49280 7.32422 1.69373 3.17383 12.33673 9.36127 3.44086 9.85718 3.24249 4.30298 1.82343 6.02722 4.18854 2.34985 6.18744 9.29260 5.98145 1.79291 8.72040 14.74762 13.20648 25.16937 5.66101 1.86157
0.51117 0.45013 1.38092 2.04468 0.83923 1.66321 1.20544 5.63812 3.21198 1.81580 10.84900 11.57379 6.33240 9.61304 14.78577 3.57056 0.48828 3.72314 18.79120 9.76562 12.40540 22.85004 1.19019 2.89154 6.55365 10.26154 3.32642 5.64575 27.56500 7.17163 16.63208
4.13513 2.33459 2.41089 5.18799 1.63269 0.74768 0.67902 1.75476 5.31006 1.44958 10.67352 3.67737 4.94385 19.36340 9.02557 4.20380 5.38635 10.36072 9.81140 4.34875 7.82013 12.72583 9.30786 6.16455 0.22888 0.78583 1.81580 2.90680 2.53296 9.11713 11.79504
3.63159 3.99780 7.69806 5.61523 1.08337 1.73950 1.94550 2.02942 1.23596 1.44958 3.58582 8.22449 24.94049 4.50134 19.07349 4.96674 5.38635 7.33185 6.14166 4.63104 1.33514 7.28607 8.32367 16.60156 10.71930 8.20160 3.56293 2.82288 1.00708 13.81683 1.31989
