DATA/RAW-RASTER/ECMWF/20170628/EN-16/20170712.en-16.asc
ncols			31
nrows			16
xllcorner		69.5
yllcorner		19.5
cellsize		1.0
NODATA_value	-99999
0.98419 3.27301 2.68555 4.10461 4.10461 0.63324 2.04468 1.03760 0.18311 0.03052 0.34332 1.26648 2.76184 2.70081 2.84576 1.13678 1.99890 2.09808 6.46210 3.13568 3.73077 8.00323 3.32642 6.23322 9.97925 13.86261 14.32800 4.64630 1.93024 3.34167 0.86975
1.06812 2.63214 16.25061 8.89587 2.00653 0.42725 0.28992 0.21362 1.65558 0.19073 1.15204 0.95367 4.23431 4.85992 7.33948 2.78473 0.41962 1.18256 1.75476 2.68555 2.86102 17.44843 6.73676 26.13068 6.09589 4.54712 2.44904 2.09045 0.67139 0.84686 0.14496
1.12915 3.40271 5.08881 7.62177 5.77545 11.35254 6.08826 0.13733 1.89209 0.30518 1.26648 3.24249 4.58527 6.91986 5.70679 5.32532 1.39618 0.83923 2.33459 5.05829 4.45557 7.43866 24.62006 10.55908 0.92316 2.67029 3.56293 2.67792 0.61798 0.57983 0.12207
0.42725 0.00000 0.03052 2.36511 3.56293 3.72314 5.94330 13.16071 1.42670 0.57220 1.68610 3.27301 3.54004 4.89807 5.76019 1.92261 3.73840 4.34875 4.59290 6.76727 6.69861 16.89148 15.15198 2.92206 1.27411 0.34332 2.86865 1.41907 1.33514 1.41907 0.81635
1.40381 0.00000 0.00000 0.00000 0.41962 2.86102 10.38361 10.33783 23.59009 4.50897 1.01471 1.38092 1.50299 1.83105 2.03705 4.40216 6.61469 8.13293 15.91492 12.05444 19.74487 8.70514 4.57764 0.17548 0.65613 0.76294 1.29700 3.60107 1.29700 1.05286 0.16022
1.71661 0.00000 0.00000 0.06104 0.25177 3.71552 8.05664 22.44568 9.74274 25.14648 13.32092 8.34656 5.19562 1.18256 2.18964 7.54547 16.00647 17.94434 17.47894 14.71710 10.69641 8.58307 12.10785 7.01904 13.33618 4.75311 3.76129 5.11169 3.79181 1.42670 3.02124
0.00000 0.00000 0.00000 0.00763 1.57928 1.51825 2.41852 3.54004 2.10571 4.79889 10.03265 6.29425 22.62878 3.79944 0.96893 7.30896 15.73944 13.03101 8.29315 14.91547 6.12640 6.63757 6.56128 8.23212 15.30457 45.82977 16.94489 4.47083 2.68555 3.30353 7.24030
0.00000 0.00763 0.00000 0.12970 1.14441 7.31659 2.98309 5.34821 5.23376 8.37708 14.38904 15.38849 7.74384 8.75092 26.13831 49.48425 29.50287 7.69806 16.96777 7.53021 7.92694 11.63483 8.16345 36.94153 80.77240 39.63470 22.07184 14.17542 12.47406 1.60980 8.70514
0.46539 0.15259 0.64087 0.00763 4.60815 2.25830 2.57111 3.85284 2.53296 1.95312 2.94495 1.59454 1.55640 3.50189 8.78906 24.68109 32.79114 33.76770 40.49683 60.56213 32.57751 39.22272 26.55792 45.18127 9.31549 1.82343 15.25116 16.81519 61.39374 8.68225 7.09534
0.00000 1.57928 0.15259 2.29645 5.07355 0.61798 1.64795 1.89209 3.47900 4.14276 1.31226 2.15149 1.84631 3.03650 2.04468 5.28717 8.97217 6.06537 2.20490 3.21198 3.18146 1.82343 2.55585 2.16675 13.12256 7.46155 22.79663 18.98956 32.92847 10.91003 3.63159
0.21362 3.08990 6.50024 4.28009 4.13513 6.05774 1.72424 1.06812 3.06702 2.05994 1.86157 0.61798 0.40436 1.18256 0.78583 0.40436 0.29755 0.13733 0.45013 0.67139 1.69373 4.11224 13.81683 10.79559 1.60980 7.02667 14.31274 33.30994 31.46362 11.87897 9.97925
0.83160 4.69971 7.95746 4.17328 3.48663 7.53784 5.85938 3.95966 7.68280 1.91498 1.86157 0.86212 0.96893 0.49591 0.21362 0.41962 0.08392 0.15259 0.47302 0.67139 2.13623 2.84576 3.14331 2.50244 2.77710 9.62067 5.95856 12.91656 3.82996 5.81360 4.25720
1.28174 2.87628 3.35693 20.80536 5.19562 14.05334 8.59833 7.59888 9.99451 5.44739 1.70898 2.42615 1.41907 1.93024 0.55695 0.14496 0.35095 1.24359 1.76239 2.41089 4.36401 1.86920 1.63269 2.12860 5.84412 1.26648 0.12207 1.95312 14.27460 7.74384 3.92914
3.34930 8.56018 8.06427 14.32037 2.71606 3.33405 5.30243 14.22119 13.06915 4.51660 2.97546 1.98364 2.12097 1.22070 0.43488 0.34332 4.95148 4.60052 2.84576 2.12097 2.91443 8.88062 2.27356 2.55585 1.97601 0.31281 0.28992 0.94604 9.14001 10.50568 4.51660
7.78198 1.79291 2.92206 10.13947 5.06592 10.18524 0.78583 1.51825 3.58582 8.62122 10.40649 5.21851 7.18689 2.47955 2.82288 5.91278 4.78363 5.21851 2.53296 1.60980 4.54712 2.33459 6.52313 3.02124 0.09918 0.19073 2.07520 0.51117 1.51062 9.31549 1.24359
2.60162 2.98309 14.32800 11.42120 0.87738 1.16730 1.78528 4.13513 6.91986 6.47736 35.23254 20.72906 4.48608 1.19781 2.56348 7.26318 2.76947 1.41144 1.52588 3.71552 4.18091 7.20215 7.17926 13.43536 9.81903 3.08228 3.44849 0.34332 4.02069 6.56128 5.70679
