DATA/SHG/ECMWF/20170628/EN-33/20170701.en-33.asc
ncols        190
nrows        64
xllcorner    -5100000.000000000000
yllcorner    4130000.000000000000
cellsize     10000.000000000000
NODATA_value  -99999.000
[rows 0 to 31 of 64, columns 72 to 143 of 190]
9.816 10.086 10.358 10.630 10.903 11.177 11.453 11.729 12.006 12.033 11.547 11.119 10.724 10.360 10.027 9.726 9.457 9.220 9.014 8.839 8.697 8.841 9.796 10.691 11.568 12.427 13.267 14.089 14.893 15.679 16.446 17.194 17.925 18.480 18.497 18.482 18.433 18.352 18.238 18.091 17.911 17.698 17.452 17.173 16.862 16.622 16.677 16.705 16.705 16.679 16.626 16.545 16.438 16.303 16.141 15.953 15.737 15.421 14.878 14.329 13.772 13.209 12.640 12.063 11.480 10.891 10.294 9.691 9.082 8.558 8.306 8.075
10.759 11.032 11.307 11.652 12.012 12.366 12.714 13.055 13.391 13.597 13.249 12.932 12.646 12.392 12.170 11.979 11.820 11.693 11.597 11.532 11.500 11.594 12.467 13.280 14.075 14.851 15.609 16.349 17.070 17.774 18.458 19.125 19.773 20.319 20.189 20.026 19.831 19.602 19.340 19.046 18.718 18.358 17.965 17.539 17.080 16.645 16.579 16.486 16.366 16.219 16.045 15.843 15.615 15.359 15.077 14.767 14.430 14.040 13.467 12.888 12.302 11.709 11.110 10.504 9.891 9.272 8.646 8.013 7.374 6.801 6.645 6.511
12.195 12.551 12.902 13.246 13.584 13.917 14.243 14.563 14.877 15.158 14.919 14.712 14.537 14.393 14.281 14.200 14.151 14.133 14.147 14.193 14.270 14.379 15.154 15.885 16.598 17.292 17.968 18.626 19.265 19.886 20.488 21.073 21.639 22.187 21.915 21.605 21.262 20.886 20.477 20.035 19.560 19.053 18.512 17.939 17.333 16.698 16.511 16.297 16.056 15.788 15.493 15.170 14.821 14.445 14.042 13.612 13.154 12.667 12.065 11.456 10.840 10.218 9.589 8.954 8.311 7.663 7.007 6.345 5.676 5.150 5.330 5.505
13.857 14.192 14.520 14.843 15.160 15.471 15.775 16.073 16.366 16.652 16.558 16.462 16.396 16.362 16.360 16.389 16.450 16.542 16.666 16.821 17.008 17.227 17.859 18.507 19.138 19.750 20.344 20.919 21.476 22.015 22.536 23.038 23.522 23.988 23.675 23.217 22.727 22.203 21.647 21.058 20.436 19.782 19.094 18.374 17.621 16.835 16.471 16.136 15.775 15.386 14.970 14.527 14.057 13.561 13.037 12.486 11.908 11.303 10.672 10.033 9.466 8.984 8.518 8.070 7.638 7.223 6.825 6.445 6.081 5.733 5.860 6.018
15.522 15.835 16.142 16.444 16.739 17.028 17.311 17.588 17.858 18.123 18.166 18.179 18.224 18.300 18.407 18.546 18.717 18.919 19.152 19.417 19.714 20.042 20.580 21.146 21.694 22.224 22.736 23.230 23.705 24.162 24.600 25.020 25.422 25.806 25.468 24.863 24.225 23.555 22.852 22.116 21.347 20.545 19.711 18.844 17.944 17.011 16.461 16.005 15.523 15.013 14.477 13.918 13.364 12.817 12.279 11.748 11.226 10.711 10.244 9.803 9.379 8.972 8.582 8.209 7.852 7.513 7.190 6.884 6.595 6.323 6.393 6.533
17.190 17.482 17.768 18.047 18.321 18.588 18.850 19.105 19.354 19.598 19.743 19.866 20.020 20.206 20.423 20.672 20.952 21.264 21.607 21.981 22.388 22.825 23.317 23.802 24.268 24.716 25.146 25.557 25.950 26.325 26.682 27.020 27.340 27.642 27.295 26.543 25.758 24.941 24.091 23.208 22.292 21.344 20.240 19.074 17.944 16.848 16.108 15.549 14.998 14.455 13.920 13.393 12.874 12.363 11.860 11.365 10.879 10.400 9.990 9.624 9.275 8.943 8.628 8.330 8.049 7.784 7.537 7.306 7.092 6.895 6.930 7.052
18.862 19.132 19.396 19.654 19.906 20.152 20.392 20.626 20.854 21.075 21.288 21.521 21.785 22.080 22.407 22.765 23.155 23.577 24.029 24.513 25.029 25.576 26.071 26.474 26.858 27.224 27.572 27.902 28.213 28.506 28.781 29.037 29.276 29.170 28.364 27.075 25.821 24.602 23.418 22.269 21.154 20.075 19.030 18.020 17.045 16.105 15.397 14.874 14.358 13.851 13.352 12.860 12.377 11.902 11.434 10.975 10.524 10.080 9.719 9.428 9.154 8.898 8.658 8.434 8.228 8.039 7.866 7.711 7.572 7.450 7.470 7.574
20.536 20.785 21.028 21.264 21.495 21.720 21.938 22.150 22.357 22.557 22.802 23.144 23.518 23.923 24.360 24.828 25.327 25.858 26.420 27.013 27.638 28.295 28.842 29.163 29.047 28.759 28.472 28.186 27.901 27.617 27.334 27.052 26.772 26.492 25.875 24.742 23.644 22.580 21.552 20.558 19.599 18.675 17.785 16.931 16.111 15.326 14.679 14.191 13.712 13.240 12.776 12.320 11.873 11.433 11.001 10.577 10.161 9.753 9.430 9.215 9.016 8.835 8.670 8.522 8.390 8.276 8.178 8.098 8.034 7.987 8.013 8.099
22.214 22.442 22.663 22.878 23.087 23.290 23.487 23.678 23.863 24.042 24.285 24.737 25.220 25.735 26.281 26.858 27.332 27.293 27.241 27.177 27.101 27.013 26.895 26.609 26.325 26.042 25.760 25.479 25.200 24.921 24.643 24.367 24.091 23.817 23.352 22.374 21.432 20.523 19.650 18.812 18.008 17.239 16.505 15.805 15.141 14.511 13.953 13.501 13.057 12.621 12.193 11.773 11.360 10.956 10.560 10.172 9.791 9.419 9.125 8.985 8.861 8.755 8.665 8.591 8.535 8.496 8.473 8.467 8.478 8.506 8.559 8.627
23.896 24.102 24.301 24.495 24.683 24.864 25.040 25.209 25.372 25.364 25.052 25.043 25.023 24.990 24.945 24.888 24.818 24.737 24.643 24.537 24.418 24.288 24.165 23.885 23.606 23.328 23.052 22.776 22.501 22.228 21.955 21.684 21.414 21.144 20.795 19.972 19.185 18.432 17.714 17.030 16.382 15.768 15.189 14.644 14.135 13.660 13.221 12.804 12.395 11.995 11.602 11.217 10.841 10.472 10.111 9.758 9.413 9.076 8.804 8.738 8.689 8.657 8.642 8.644 8.663 8.698 8.750 8.819 8.905 9.008 9.108 9.159
25.580 25.765 25.716 25.377 25.030 24.676 24.315 23.947 23.572 23.190 22.806 22.755 22.693 22.618 22.530 22.431 22.319 22.195 22.059 21.911 21.750 21.577 21.435 21.164 20.890 20.617 20.346 20.075 19.806 19.537 19.270 19.004 18.739 18.474 18.203 17.536 16.903 16.305 15.742 15.214 14.720 14.262 13.837 13.448 13.093 12.773 12.481 12.099 11.726 11.361 11.004 10.655 10.313 9.980 9.655 9.337 9.028 8.726 8.465 8.474 8.500 8.543 8.603 8.680 8.773 8.883 9.010 9.154 9.314 9.492 9.661 9.694
24.428 24.078 23.721 23.357 22.986 22.608 22.223 21.831 21.432 21.026 20.613 20.482 20.377 20.260 20.130 19.989 19.835 19.669 19.490 19.300 19.097 18.882 18.697 18.445 18.176 17.909 17.642 17.377 17.113 16.849 16.587 16.326 16.066 15.807 15.549 15.064 14.587 14.144 13.736 13.363 13.024 12.720 12.451 12.216 12.016 11.851 11.720 11.387 11.050 10.720 10.398 10.085 9.779 9.481 9.191 8.909 8.635 8.369 8.111 8.193 8.294 8.412 8.546 8.698 8.866 9.051 9.253 9.471 9.706 9.909 10.054 10.141
22.491 22.117 21.735 21.347 20.952 20.550 20.141 19.725 19.302 18.872 18.435 18.223 18.076 17.916 17.745 17.561 17.365 17.157 16.936 16.703 16.458 16.201 15.974 15.729 15.465 15.203 14.942 14.681 14.422 14.164 13.907 13.651 13.396 13.143 12.890 12.559 12.236 11.948 11.695 11.476 11.293 11.143 11.029 10.949 10.904 10.893 10.917 10.668 10.366 10.072 9.785 9.507 9.236 8.974 8.719 8.473 8.234 8.003 7.781 7.895 8.054 8.200 8.346 8.494 8.643 8.793 8.945 9.097 9.251 9.406 9.563 10.258
20.563 20.164 19.759 19.347 18.928 18.501 18.068 17.628 17.181 16.727 16.265 15.978 15.789 15.587 15.374 15.148 14.909 14.659 14.396 14.122 13.835 13.535 13.265 13.015 12.757 12.500 12.243 11.988 11.734 11.481 11.229 10.979 10.729 10.480 10.233 10.019 9.851 9.718 9.619 9.555 9.526 9.531 9.571 9.646 9.755 9.899 10.078 9.941 9.674 9.416 9.165 8.912 8.656 8.408 8.168 7.936 7.711 7.494 7.285 7.351 7.500 7.651 7.804 7.957 8.112 8.268 8.425 8.583 8.743 8.904 9.066 10.231
18.644 18.222 17.792 17.356 16.913 16.462 16.005 15.541 15.069 14.591 14.106 13.748 13.517 13.273 13.017 12.749 12.468 12.176 11.871 11.554 11.225 10.884 10.572 10.304 10.051 9.799 9.548 9.298 9.049 8.801 8.554 8.309 8.064 7.821 7.578 7.445 7.431 7.453 7.509 7.599 7.725 7.884 8.116 8.386 8.649 8.904 9.152 9.098 8.846 8.601 8.365 8.136 7.915 7.701 7.495 7.297 7.107 6.924 6.749 6.791 6.946 7.103 7.261 7.420 7.580 7.742 7.904 8.068 8.234 8.400 8.568 10.061
16.735 16.288 15.835 15.374 14.907 14.432 13.951 13.463 12.967 12.465 11.956 11.532 11.258 10.973 10.675 10.364 10.042 9.707 9.361 9.002 8.631 8.247 7.893 7.596 7.348 7.101 6.855 6.610 6.366 6.124 5.882 5.641 5.402 5.288 5.283 5.401 5.691 5.973 6.248 6.515 6.775 7.027 7.271 7.508 7.738 7.960 8.174 8.177 7.960 7.750 7.548 7.353 7.166 6.987 6.815 6.652 6.496 6.347 6.207 6.230 6.391 6.553 6.717 6.882 7.048 7.215 7.383 7.553 7.724 7.896 8.070 9.747
14.835 14.364 13.887 13.402 12.911 12.412 11.907 11.394 10.875 10.349 9.815 9.330 9.015 8.687 8.347 7.994 7.630 7.253 6.865 6.464 6.051 5.625 5.228 4.890 4.789 4.797 4.801 4.803 4.802 4.798 4.792 4.782 4.770 4.755 4.737 4.799 5.056 5.305 5.546 5.780 6.006 6.225 6.436 6.640 6.836 7.024 7.205 7.250 7.067 6.891 6.723 6.563 6.411 6.266 6.129 5.999 5.877 5.763 5.657 5.669 5.836 6.004 6.173 6.343 6.515 6.688 6.862 7.037 7.214 7.392 7.571 9.289
12.944 12.449 11.948 11.439 10.924 10.401 9.872 9.335 8.792 8.241 7.684 7.143 6.785 6.415 6.033 5.639 5.253 5.122 4.992 4.862 4.732 4.603 4.479 4.373 4.371 4.366 4.358 4.348 4.335 4.318 4.299 4.278 4.253 4.226 4.196 4.207 4.430 4.646 4.854 5.054 5.247 5.432 5.610 5.780 5.943 6.098 6.246 6.316 6.167 6.026 5.892 5.766 5.648 5.537 5.434 5.339 5.252 5.172 5.100 5.107 5.280 5.453 5.628 5.804 5.981 6.160 6.340 6.521 6.703 6.886 7.071 8.688
11.063 10.544 10.018 9.486 8.946 8.399 7.846 7.286 6.718 6.186 5.853 5.515 5.379 5.248 5.118 4.988 4.858 4.728 4.599 4.470 4.341 4.213 4.090 3.974 3.957 3.940 3.919 3.896 3.871 3.842 3.811 3.777 3.740 3.700 3.658 3.624 3.814 3.996 4.170 4.337 4.497 4.649 4.793 4.930 5.059 5.181 5.296 5.375 5.261 5.153 5.054 4.962 4.878 4.802 4.733 4.672 4.619 4.574 4.536 4.545 4.723 4.902 5.083 5.264 5.447 5.632 5.817 6.004 6.191 6.381 6.571 7.944
9.190 8.648 8.163 7.843 7.520 7.192 6.861 6.526 6.186 5.843 5.495 5.144 4.980 4.850 4.721 4.592 4.463 4.334 4.206 4.078 3.950 3.823 3.702 3.586 3.546 3.516 3.484 3.449 3.410 3.370 3.326 3.279 3.230 3.178 3.123 3.066 3.206 3.355 3.496 3.630 3.756 3.874 3.986 4.089 4.185 4.274 4.355 4.428 4.347 4.274 4.209 4.152 4.102 4.060 4.025 3.999 3.979 3.968 3.964 3.982 4.166 4.351 4.537 4.724 4.913 5.103 5.294 5.486 5.679 5.874 6.070 7.057
8.576 8.251 7.921 7.588 7.251 6.909 6.564 6.214 5.861 5.504 5.142 4.777 4.581 4.452 4.324 4.196 4.068 3.940 3.813 3.686 3.560 3.434 3.313 3.199 3.139 3.097 3.052 3.005 2.954 2.901 2.845 2.786 2.724 2.660 2.593 2.523 2.607 2.723 2.831 2.931 3.024 3.109 3.187 3.257 3.320 3.375 3.423 3.463 3.427 3.388 3.357 3.334 3.318 3.310 3.310 3.317 3.333 3.355 3.386 3.424 3.608 3.799 3.990 4.183 4.378 4.573 4.770 4.968 5.167 5.367 5.805 6.846
8.367 8.028 7.684 7.337 6.985 6.630 6.271 5.907 5.540 5.169 4.793 4.414 4.182 4.054 3.927 3.800 3.673 3.547 3.421 3.295 3.170 3.044 2.925 2.812 2.736 2.681 2.624 2.564 2.501 2.436 2.367 2.296 2.222 2.146 2.066 1.984 2.018 2.100 2.174 2.242 2.301 2.353 2.398 2.435 2.464 2.486 2.500 2.507 2.499 2.495 2.498 2.509 2.528 2.554 2.588 2.629 2.679 2.736 2.800 2.873 3.050 3.367 3.902 4.495 5.144 5.851 6.615 7.437 8.316 9.252 10.245 11.295
8.162 7.808 7.451 7.090 6.724 6.355 5.982 5.605 5.223 4.838 4.449 4.056 3.783 3.657 3.531 3.405 3.279 3.154 3.029 2.904 2.780 2.656 2.538 2.426 2.336 2.269 2.200 2.128 2.052 1.975 1.894 1.810 1.724 1.635 1.543 1.449 1.437 1.486 1.527 1.561 1.587 1.606 1.617 1.621 1.617 1.606 1.587 1.561 1.565 1.595 1.632 1.677 1.800 2.051 2.328 2.633 2.964 3.321 3.705 4.116 4.731 5.463 6.251 7.097 8.001 8.961 9.979 11.054 12.186 13.375 14.622 15.925
7.961 7.593 7.222 6.847 6.468 6.084 5.697 5.306 4.911 4.512 4.108 3.701 3.385 3.260 3.135 3.010 2.885 2.761 2.637 2.513 2.390 2.267 2.150 2.039 1.940 1.861 1.779 1.695 1.607 1.517 1.424 1.328 1.230 1.128 1.024 0.917 0.865 0.881 0.889 0.890 0.883 0.868 0.846 0.879 0.994 1.089 1.165 1.220 1.368 1.631 1.920 2.236 2.578 2.947 3.343 3.766 4.214 4.690 5.192 5.721 6.512 7.497 8.539 9.638 10.795 12.009 13.280 14.608 15.993 17.436 18.935 20.492
7.764 7.382 6.997 6.608 6.215 5.818 5.417 5.011 4.602 4.189 3.772 3.351 2.987 2.863 2.739 2.615 2.492 2.368 2.246 2.123 2.001 1.879 1.763 1.653 1.548 1.457 1.362 1.265 1.166 1.063 0.958 0.850 0.739 0.625 0.585 0.672 0.792 0.959 1.105 1.232 1.339 1.425 1.492 1.538 1.565 1.572 1.558 1.525 1.646 2.026 2.434 2.868 3.328 3.815 4.329 4.869 5.436 6.030 6.650 7.296 8.231 9.470 10.765 12.118 13.528 14.994 16.518 18.100 19.738 21.433 23.186 24.996
7.571 7.176 6.776 6.373 5.966 5.555 5.140 4.721 4.298 3.871 3.440 3.005 2.589 2.466 2.343 2.220 2.098 1.976 1.854 1.733 1.612 1.491 1.376 1.267 1.159 1.114 1.166 1.226 1.293 1.368 1.450 1.540 1.637 1.742 1.855 1.975 2.094 2.172 2.230 2.267 2.285 2.283 2.261 2.219 2.156 2.074 1.972 1.850 1.895 2.393 2.919 3.470 4.049 4.654 5.286 5.944 6.628 7.340 8.078 8.842 9.890 11.381 12.930 14.535 16.198 17.918 19.695 21.529 23.420 25.369 27.374 29.436
7.331 6.973 6.560 6.143 5.722 5.297 4.868 4.435 3.998 3.557 3.113 2.664 2.211 2.070 1.948 1.826 1.705 1.599 1.604 1.630 1.676 1.743 1.818 1.898 1.995 2.073 2.159 2.252 2.352 2.460 2.576 2.699 2.830 2.968 3.114 3.268 3.416 3.405 3.374 3.323 3.252 3.161 3.050 2.919 2.769 2.598 2.407 2.197 2.115 2.732 3.375 4.045 4.741 5.464 6.213 6.989 7.792 8.621 9.476 10.359 11.487 13.232 15.033 16.892 18.807 20.780 22.810 24.896 27.040 29.241 31.499 33.814
7.052 6.774 6.347 5.917 5.482 5.043 4.600 4.153 3.702 3.248 2.804 2.409 2.005 1.908 1.903 1.918 1.953 2.009 2.085 2.181 2.298 2.435 2.581 2.733 2.901 3.022 3.141 3.267 3.401 3.543 3.692 3.849 4.013 4.185 4.364 4.551 4.745 4.658 4.539 4.399 4.239 4.060 3.860 3.641 3.401 3.142 2.863 2.564 2.307 3.041 3.802 4.590 5.404 6.244 7.112 8.005 8.925 9.872 10.846 11.845 13.024 15.021 17.075 19.186 21.355 23.580 25.862 28.202 30.598 33.051 35.562 38.129
6.776 6.580 6.139 5.721 5.360 4.989 4.608 4.218 3.818 3.409 2.990 2.562 2.124 2.016 2.082 2.167 2.273 2.399 2.546 2.713 2.900 3.108 3.325 3.548 3.787 3.961 4.114 4.274 4.441 4.616 4.798 4.988 5.186 5.391 5.604 5.824 6.052 5.932 5.723 5.495 5.247 4.979 4.691 4.383 4.055 3.707 3.339 2.951 2.544 3.323 4.201 5.106 6.038 6.996 7.981 8.992 10.030 11.095 12.185 13.303 14.499 16.749 19.056 21.420 23.841 26.318 28.853 31.445 34.093 36.799 39.562 42.381
6.956 6.911 6.535 6.150 5.755 5.350 4.937 4.513 4.080 3.637 3.185 2.724 2.252 2.106 2.242 2.398 2.574 2.771 2.988 3.226 3.483 3.762 4.050 4.344 4.655 4.891 5.077 5.270 5.471 5.679 5.895 6.118 6.349 6.587 6.833 7.087 7.348 7.225 6.928 6.611 6.275 5.918 5.542 5.145 4.729 4.292 3.836 3.360 2.864 3.575 4.571 5.594 6.644 7.719 8.822 9.951 11.106 12.288 13.496 14.731 15.992 18.417 20.976 23.592 26.265 28.995 31.782 34.626 37.527 40.484 43.499 46.571
7.434 7.414 7.005 6.587 6.158 5.721 5.273 4.817 4.350 3.874 3.389 2.894 2.389 2.176 2.383 2.609 2.856 3.124 3.411 3.719 4.048 4.396 4.755 5.121 5.503 5.811 6.030 6.256 6.491 6.732 6.981 7.238 7.502 7.774 8.053 8.340 8.635 8.539 8.153 7.748 7.323 6.878 6.413 5.928 5.423 4.898 4.354 3.789 3.205 3.799 4.913 6.053 7.220 8.414 9.633 10.880 12.152 13.452 14.777 16.130 17.508 20.023 22.835 25.640 28.271 30.794 33.211 35.522 37.726 39.823 41.814 43.698
7.933 7.927 7.484 7.032 6.571 6.099 5.619 5.129 4.629 4.120 3.601 3.073 2.535 2.228 2.505 2.802 3.120 3.458 3.816 4.194 4.593 5.012 5.442 5.879 6.332 6.721 6.973 7.233 7.501 7.776 8.058 8.348 8.646 8.951 9.263 9.584 9.911 9.873 9.399 8.905 8.391 7.858 7.304 6.731 6.138 5.525 4.892 4.239 3.566 3.995 5.226 6.484 7.768 9.079 10.465 11.968 13.459 14.940 16.409 17.867 19.314 21.477 23.850 26.116 28.276 30.329 32.276 34.117 35.850 37.478 38.998 40.413
