DATA/SHG/ECMWF/20170628/EN-33/20170711.en-33.asc
ncols        190
nrows        64
xllcorner    -5100000.000000000000
yllcorner    4130000.000000000000
cellsize     10000.000000000000
NODATA_value  -99999.000
[rows 0 to 32 of 64, columns 74 to 147 of 190]
3.462 3.446 3.440 3.443 3.456 3.478 3.509 3.524 3.481 3.433 3.384 3.333 3.280 3.224 3.167 3.107 3.046 2.982 2.916 2.820 2.638 2.469 2.308 2.155 2.010 1.873 1.744 1.623 1.510 1.405 1.309 1.254 1.310 1.361 1.408 1.450 1.486 1.518 1.546 1.568 1.585 1.598 1.605 1.577 1.453 1.331 1.211 1.093 0.977 0.863 0.752 0.642 0.535 0.429 0.326 0.256 0.277 0.300 0.325 0.350 0.377 0.406 0.435 0.466 0.498 0.532 0.566 0.591 0.585 0.580 0.574 0.569 0.564 0.560
3.022 3.068 3.120 3.166 3.209 3.246 3.279 3.293 3.241 3.186 3.130 3.071 3.011 2.948 2.883 2.817 2.748 2.677 2.604 2.520 2.375 2.242 2.116 1.999 1.890 1.789 1.696 1.611 1.534 1.465 1.404 1.361 1.395 1.425 1.450 1.470 1.485 1.495 1.501 1.501 1.497 1.488 1.474 1.443 1.328 1.215 1.105 0.996 0.890 0.785 0.683 0.583 0.485 0.389 0.295 0.219 0.247 0.276 0.306 0.337 0.370 0.404 0.440 0.476 0.514 0.553 0.594 0.628 0.624 0.619 0.615 0.611 0.608 0.604
2.886 2.926 2.961 2.991 3.017 3.038 3.054 3.063 3.003 2.942 2.878 2.812 2.744 2.674 2.602 2.528 2.452 2.374 2.294 2.211 2.102 2.005 1.916 1.835 1.761 1.696 1.639 1.590 1.549 1.515 1.490 1.473 1.486 1.494 1.497 1.495 1.489 1.477 1.461 1.440 1.414 1.383 1.348 1.307 1.201 1.098 0.997 0.897 0.800 0.705 0.612 0.521 0.433 0.346 0.261 0.182 0.215 0.250 0.286 0.323 0.362 0.401 0.442 0.485 0.529 0.574 0.620 0.680 0.707 0.737 0.768 0.801 0.836 0.873
2.765 2.788 2.807 2.821 2.830 2.835 2.835 2.830 2.768 2.699 2.628 2.555 2.480 2.403 2.324 2.242 2.159 2.074 1.986 1.897 1.821 1.760 1.706 1.661 1.624 1.594 1.573 1.560 1.554 1.557 1.568 1.586 1.581 1.568 1.549 1.526 1.498 1.465 1.427 1.384 1.337 1.284 1.227 1.165 1.072 0.978 0.886 0.796 0.709 0.623 0.539 0.458 0.378 0.301 0.226 0.153 0.182 0.223 0.274 0.338 0.405 0.477 0.551 0.630 0.712 0.798 0.887 0.980 1.020 1.058 1.097 1.138 1.182 1.227
2.648 2.655 2.657 2.655 2.648 2.636 2.619 2.598 2.535 2.459 2.381 2.300 2.218 2.134 2.047 1.959 1.868 1.776 1.681 1.584 1.532 1.506 1.489 1.479 1.477 1.484 1.498 1.521 1.551 1.590 1.636 1.690 1.682 1.647 1.607 1.562 1.512 1.457 1.398 1.334 1.264 1.190 1.112 1.028 0.941 0.857 0.774 0.694 0.615 0.547 0.487 0.430 0.376 0.324 0.274 0.227 0.273 0.346 0.422 0.502 0.586 0.673 0.765 0.859 0.957 1.059 1.165 1.274 1.330 1.376 1.424 1.474 1.525 1.578
2.536 2.527 2.512 2.494 2.470 2.442 2.409 2.372 2.304 2.221 2.135 2.048 1.958 1.867 1.773 1.678 1.580 1.480 1.378 1.274 1.233 1.244 1.262 1.288 1.322 1.365 1.415 1.473 1.539 1.613 1.695 1.786 1.788 1.731 1.669 1.603 1.531 1.455 1.374 1.288 1.201 1.115 1.028 0.941 0.870 0.809 0.751 0.695 0.641 0.591 0.542 0.496 0.453 0.412 0.373 0.337 0.385 0.474 0.567 0.663 0.763 0.866 0.974 1.084 1.199 1.317 1.439 1.564 1.639 1.693 1.749 1.806 1.866 1.928
2.428 2.403 2.372 2.337 2.297 2.253 2.203 2.149 2.075 1.985 1.892 1.798 1.701 1.602 1.501 1.399 1.294 1.187 1.077 0.966 0.926 0.972 1.026 1.088 1.158 1.236 1.322 1.416 1.518 1.628 1.746 1.866 1.878 1.792 1.707 1.621 1.535 1.448 1.362 1.275 1.187 1.100 1.012 0.924 0.856 0.806 0.759 0.714 0.672 0.632 0.594 0.559 0.527 0.497 0.470 0.445 0.493 0.598 0.707 0.819 0.935 1.055 1.179 1.306 1.436 1.571 1.709 1.850 1.944 2.007 2.071 2.137 2.205 2.275
2.325 2.283 2.236 2.185 2.129 2.068 2.002 1.932 1.849 1.751 1.652 1.550 1.446 1.340 1.232 1.122 1.010 0.895 0.779 0.661 0.611 0.693 0.834 0.989 1.133 1.268 1.393 1.508 1.612 1.707 1.792 1.866 1.874 1.787 1.700 1.613 1.526 1.439 1.351 1.263 1.174 1.086 0.997 0.908 0.839 0.800 0.764 0.730 0.699 0.670 0.644 0.620 0.599 0.580 0.563 0.549 0.597 0.718 0.843 0.972 1.104 1.240 1.380 1.523 1.670 1.820 1.974 2.132 2.248 2.319 2.391 2.465 2.541 2.619
2.227 2.168 2.105 2.037 1.965 1.888 1.806 1.719 1.625 1.520 1.413 1.304 1.193 1.080 0.979 0.943 0.921 0.914 0.922 0.944 0.998 1.128 1.248 1.358 1.458 1.548 1.628 1.698 1.758 1.808 1.848 1.878 1.870 1.783 1.695 1.606 1.518 1.429 1.340 1.251 1.162 1.072 0.982 0.892 0.820 0.792 0.767 0.744 0.724 0.706 0.691 0.678 0.668 0.660 0.655 0.652 0.697 0.834 0.976 1.120 1.269 1.421 1.577 1.736 1.899 2.066 2.236 2.410 2.549 2.628 2.709 2.791 2.875 2.962
2.133 2.058 1.978 1.894 1.806 1.712 1.614 1.517 1.428 1.355 1.296 1.252 1.222 1.208 1.208 1.223 1.253 1.297 1.356 1.430 1.512 1.598 1.673 1.738 1.793 1.839 1.874 1.899 1.914 1.920 1.915 1.900 1.867 1.778 1.689 1.600 1.510 1.420 1.330 1.240 1.149 1.058 0.967 0.876 0.798 0.781 0.767 0.755 0.746 0.739 0.735 0.733 0.734 0.737 0.743 0.751 0.793 0.947 1.104 1.265 1.430 1.598 1.770 1.945 2.124 2.307 2.494 2.684 2.848 2.935 3.024 3.115 3.207 3.302
2.048 1.969 1.887 1.802 1.714 1.623 1.529 1.433 1.334 1.312 1.305 1.312 1.334 1.371 1.423 1.489 1.571 1.667 1.777 1.903 2.035 2.078 2.108 2.129 2.140 2.140 2.131 2.111 2.082 2.042 1.993 1.934 1.864 1.774 1.684 1.593 1.503 1.412 1.320 1.229 1.137 1.045 0.953 0.860 0.773 0.768 0.765 0.764 0.766 0.770 0.777 0.786 0.798 0.812 0.829 0.848 0.885 1.055 1.229 1.406 1.587 1.771 1.959 2.151 2.346 2.545 2.747 2.953 3.145 3.240 3.337 3.436 3.537 3.639
2.038 1.949 1.856 1.761 1.663 1.562 1.458 1.352 1.242 1.256 1.300 1.359 1.432 1.521 1.624 1.742 1.875 2.022 2.184 2.361 2.545 2.569 2.555 2.531 2.496 2.452 2.398 2.334 2.260 2.176 2.082 1.978 1.864 1.770 1.679 1.587 1.495 1.403 1.311 1.218 1.125 1.032 0.939 0.845 0.751 0.752 0.759 0.770 0.783 0.798 0.816 0.836 0.859 0.884 0.912 0.942 0.974 1.160 1.349 1.543 1.739 1.940 2.144 2.352 2.563 2.778 2.997 3.221 3.445 3.554 3.665 3.778 3.895 4.014
2.030 1.931 1.829 1.723 1.615 1.504 1.390 1.273 1.153 1.186 1.282 1.392 1.517 1.657 1.812 1.981 2.165 2.364 2.577 2.806 3.042 3.070 3.011 2.943 2.864 2.775 2.677 2.568 2.449 2.321 2.182 2.034 1.875 1.767 1.674 1.581 1.488 1.395 1.302 1.208 1.114 1.020 0.925 0.830 0.735 0.733 0.752 0.773 0.797 0.823 0.852 0.883 0.917 0.953 0.992 1.033 1.077 1.260 1.465 1.673 1.885 2.103 2.325 2.553 2.785 3.022 3.264 3.511 3.763 3.893 4.016 4.141 4.270 4.401
2.026 1.916 1.804 1.688 1.570 1.449 1.325 1.198 1.068 1.103 1.250 1.412 1.588 1.780 1.986 2.206 2.442 2.692 2.957 3.236 3.524 3.582 3.479 3.365 3.242 3.109 2.966 2.812 2.649 2.476 2.293 2.100 1.897 1.763 1.670 1.576 1.482 1.387 1.293 1.198 1.103 1.007 0.912 0.816 0.719 0.711 0.741 0.774 0.809 0.856 0.911 0.961 1.008 1.051 1.089 1.124 1.154 1.329 1.554 1.784 2.018 2.258 2.502 2.751 3.005 3.264 3.528 3.797 4.070 4.229 4.364 4.501 4.642 4.785
2.024 1.904 1.781 1.656 1.528 1.396 1.262 1.125 0.985 1.006 1.205 1.418 1.646 1.889 2.146 2.418 2.705 3.006 3.322 3.653 3.992 4.105 3.957 3.799 3.631 3.453 3.265 3.068 2.860 2.642 2.415 2.177 1.930 1.760 1.666 1.571 1.475 1.380 1.284 1.188 1.104 1.035 0.972 0.913 0.859 0.872 0.925 0.974 1.019 1.060 1.096 1.129 1.157 1.182 1.202 1.218 1.231 1.392 1.638 1.890 2.146 2.407 2.673 2.944 3.220 3.501 3.786 4.077 4.372 4.561 4.708 4.858 5.010 5.165
2.025 1.895 1.762 1.626 1.488 1.347 1.202 1.055 0.905 0.896 1.146 1.411 1.690 1.984 2.293 2.616 2.954 3.307 3.674 4.056 4.447 4.638 4.445 4.243 4.031 3.808 3.576 3.334 3.082 2.820 2.547 2.273 1.987 1.773 1.693 1.617 1.546 1.479 1.418 1.361 1.309 1.262 1.220 1.182 1.150 1.153 1.188 1.218 1.245 1.268 1.286 1.300 1.311 1.317 1.319 1.317 1.311 1.449 1.717 1.990 2.269 2.551 2.839 3.132 3.430 3.732 4.039 4.352 4.669 4.891 5.050 5.211 5.376 5.542
2.028 1.888 1.745 1.600 1.451 1.300 1.145 0.988 0.828 0.773 1.074 1.390 1.720 2.066 2.426 2.800 3.189 3.593 4.012 4.445 4.888 5.181 4.986 4.802 4.596 4.367 4.116 3.841 3.544 3.225 2.883 2.518 2.130 1.823 1.764 1.709 1.660 1.615 1.575 1.539 1.509 1.483 1.462 1.446 1.435 1.437 1.454 1.467 1.475 1.479 1.480 1.476 1.468 1.456 1.440 1.420 1.396 1.501 1.791 2.086 2.386 2.691 3.000 3.315 3.634 3.958 4.287 4.621 4.960 5.218 5.388 5.562 5.738 5.916
2.034 1.884 1.732 1.576 1.417 1.256 1.091 0.924 0.754 0.636 0.988 1.356 1.737 2.134 2.549 3.040 3.558 4.105 4.679 5.281 5.895 6.427 6.165 5.881 5.573 5.243 4.890 4.515 4.117 3.696 3.252 2.786 2.297 1.868 1.830 1.797 1.768 1.745 1.726 1.712 1.703 1.699 1.699 1.705 1.715 1.726 1.725 1.719 1.709 1.695 1.678 1.656 1.629 1.599 1.565 1.527 1.484 1.548 1.860 2.176 2.498 2.824 3.156 3.492 3.833 4.179 4.530 4.885 5.246 5.541 5.724 5.909 6.097 6.287
2.043 1.883 1.720 1.555 1.386 1.214 1.040 0.868 0.714 0.551 0.986 1.462 1.966 2.498 3.058 3.646 4.261 4.905 5.576 6.275 6.987 7.706 7.369 6.983 6.574 6.143 5.689 5.213 4.713 4.191 3.647 3.080 2.490 1.907 1.890 1.878 1.872 1.869 1.872 1.880 1.892 1.909 1.931 1.958 1.989 2.019 1.999 1.975 1.947 1.915 1.879 1.839 1.795 1.747 1.694 1.638 1.577 1.590 1.923 2.262 2.605 2.953 3.306 3.664 4.027 4.394 4.767 5.144 5.526 5.861 6.056 6.253 6.453 6.655
2.071 1.953 1.824 1.686 1.538 1.380 1.211 1.033 0.845 0.647 1.080 1.653 2.255 2.884 3.541 4.225 4.938 5.678 6.447 7.243 8.052 8.869 8.596 8.109 7.600 7.067 6.512 5.935 5.334 4.711 4.066 3.398 2.707 1.994 1.945 1.955 1.970 1.989 2.013 2.042 2.075 2.114 2.157 2.205 2.258 2.315 2.278 2.236 2.189 2.139 2.085 2.027 1.964 1.898 1.827 1.753 1.674 1.626 1.981 2.342 2.707 3.076 3.451 3.831 4.215 4.604 4.999 5.398 5.802 6.178 6.385 6.594 6.805 7.020
2.490 2.337 2.174 2.000 1.817 1.624 1.421 1.208 0.984 0.751 1.149 1.819 2.517 3.243 3.997 4.779 5.588 6.426 7.291 8.184 9.090 10.006 9.848 9.260 8.649 8.016 7.360 6.681 5.980 5.256 4.510 3.741 2.949 2.135 1.995 2.026 2.062 2.103 2.148 2.198 2.253 2.313 2.378 2.447 2.521 2.600 2.560 2.500 2.436 2.367 2.295 2.219 2.138 2.053 1.965 1.872 1.775 1.674 2.035 2.416 2.803 3.195 3.591 3.992 4.398 4.809 5.225 5.646 6.048 6.398 6.591 6.820 7.085 7.387
2.918 2.730 2.532 2.323 2.105 1.877 1.639 1.391 1.133 0.865 1.191 1.959 2.754 3.577 4.428 5.306 6.213 7.147 8.109 9.098 10.102 11.116 11.123 10.434 9.722 8.988 8.231 7.452 6.650 5.825 4.978 4.108 3.215 2.300 2.040 2.092 2.149 2.211 2.278 2.350 2.426 2.507 2.593 2.684 2.779 2.880 2.846 2.768 2.686 2.599 2.509 2.414 2.316 2.213 2.106 1.995 1.880 1.761 2.083 2.506 2.948 3.372 3.777 4.164 4.533 4.883 5.215 5.528 5.823 6.100 6.449 6.839 7.265 7.727
3.355 3.132 2.899 2.656 2.403 2.140 1.867 1.584 1.291 0.988 1.208 2.073 2.965 3.885 4.832 5.808 6.811 7.842 8.900 9.987 11.088 12.199 12.422 11.632 10.820 9.985 9.127 8.247 7.344 6.419 5.470 4.500 3.507 2.491 2.079 2.153 2.231 2.315 2.403 2.495 2.593 2.696 2.803 2.915 3.032 3.153 3.137 3.040 2.940 2.835 2.740 2.668 2.603 2.544 2.492 2.445 2.405 2.371 2.654 3.033 3.393 3.736 4.059 4.365 4.652 4.921 5.171 5.404 5.617 5.813 6.271 6.822 7.408 8.031
3.800 3.542 3.274 2.997 2.709 2.411 2.103 1.785 1.458 1.120 1.200 2.161 3.150 4.166 5.211 6.283 7.383 8.510 9.666 10.849 12.047 13.256 13.745 12.855 11.941 11.005 10.047 9.066 8.062 7.036 5.988 4.916 3.823 2.706 2.113 2.208 2.308 2.412 2.522 2.636 2.755 2.885 3.028 3.173 3.320 3.468 3.500 3.431 3.368 3.312 3.262 3.218 3.180 3.149 3.124 3.105 3.092 3.086 3.279 3.577 3.856 4.117 4.360 4.584 4.790 4.977 5.147 5.297 5.430 5.544 6.058 6.769 7.516 8.300
4.255 3.962 3.659 3.346 3.024 2.691 2.348 1.996 1.633 1.261 1.166 2.223 3.309 4.422 5.563 6.732 7.929 9.153 10.405 11.685 12.980 14.287 15.092 14.101 13.087 12.050 10.991 9.910 8.805 7.679 6.529 5.357 4.159 2.961 2.204 2.342 2.482 2.624 2.767 2.913 3.061 3.211 3.362 3.516 3.672 3.830 3.904 3.863 3.828 3.799 3.777 3.760 3.750 3.746 3.749 3.757 3.772 3.793 3.923 4.139 4.337 4.517 4.678 4.821 4.946 5.052 5.140 5.210 5.261 5.294 5.808 6.680 7.588 8.532
4.718 4.390 4.053 3.705 3.348 2.980 2.603 2.215 1.818 1.411 1.106 2.260 3.443 4.652 5.890 7.156 8.449 9.769 11.118 12.494 13.887 15.291 16.463 15.285 13.981 12.701 11.444 10.210 8.999 7.812 6.648 5.508 4.390 3.297 2.465 2.612 2.761 2.911 3.064 3.219 3.375 3.534 3.695 3.857 4.022 4.188 4.302 4.288 4.281 4.279 4.284 4.296 4.313 4.337 4.367 4.403 4.445 4.494 4.584 4.719 4.836 4.935 5.015 5.076 5.120 5.145 5.152 5.140 5.110 5.062 5.523 6.555 7.623 8.728
5.190 4.828 4.455 4.073 3.681 3.278 2.866 2.444 2.012 1.570 1.118 2.271 3.550 4.857 6.191 7.536 8.768 9.974 11.156 12.313 13.462 14.606 15.731 14.563 13.362 12.185 11.031 9.900 8.793 7.709 6.648 5.611 4.597 3.606 2.724 2.879 3.037 3.196 3.358 3.521 3.687 3.854 4.024 4.195 4.369 4.544 4.692 4.706 4.726 4.752 4.785 4.824 4.868 4.920 4.977 5.041 5.111 5.187 5.264 5.318 5.353 5.370 5.369 5.350 5.312 5.256 5.182 5.089 4.979 4.849 5.203 6.395 7.623 8.887
5.671 5.274 4.867 4.449 4.022 3.585 3.138 2.682 2.209 1.720 1.249 2.194 3.439 4.659 5.854 7.025 8.170 9.291 10.387 11.458 12.520 13.578 14.615 13.816 12.718 11.644 10.593 9.566 8.562 7.581 6.623 5.689 4.778 3.890 3.025 3.144 3.311 3.479 3.649 3.822 3.996 4.172 4.351 4.531 4.714 4.898 5.075 5.117 5.164 5.218 5.278 5.344 5.417 5.495 5.580 5.671 5.769 5.872 5.961 5.934 5.888 5.824 5.742 5.642 5.523 5.386 5.231 5.057 4.865 4.655 4.846 6.198 7.587 9.011
6.161 5.690 5.135 4.599 4.082 3.583 3.103 2.641 2.198 1.773 1.367 2.049 3.208 4.342 5.452 6.536 7.596 8.631 9.641 10.626 11.602 12.572 13.523 13.044 12.049 11.078 10.131 9.206 8.305 7.427 6.572 5.741 4.933 4.148 3.386 3.407 3.582 3.759 3.938 4.120 4.303 4.488 4.675 4.864 5.056 5.249 5.444 5.520 5.595 5.677 5.764 5.858 5.958 6.064 6.176 6.295 6.420 6.551 6.676 6.568 6.441 6.296 6.133 5.952 5.752 5.534 5.298 5.043 4.770 4.479 4.454 5.966 7.515 9.099
5.719 5.211 4.721 4.249 3.796 3.362 2.946 2.549 2.170 1.810 1.468 1.927 3.000 4.049 5.072 6.071 7.045 7.994 8.918 9.817 10.707 11.590 12.455 12.247 11.355 10.487 9.643 8.821 8.023 7.248 6.496 5.768 5.062 4.380 3.722 3.666 3.850 4.037 4.225 4.415 4.607 4.801 4.997 5.195 5.395 5.597 5.801 5.917 6.019 6.128 6.243 6.364 6.492 6.625 6.765 6.911 7.063 7.222 7.386 7.220 7.012 6.786 6.542 6.280 5.999 5.700 5.383 5.047 4.693 4.321 4.132 6.012 7.833 9.592
5.159 4.715 4.290 3.883 3.494 3.124 2.773 2.440 2.125 1.829 1.552 1.828 2.815 3.778 4.715 5.628 6.516 7.379 8.218 9.031 9.835 10.632 11.409 11.425 10.637 9.872 9.130 8.411 7.716 7.044 6.395 5.769 5.166 4.587 4.031 3.924 4.117 4.311 4.508 4.707 4.908 5.111 5.316 5.523 5.732 5.942 6.155 6.306 6.436 6.573 6.715 6.864 7.018 7.179 7.347 7.520 7.700 7.886 8.078 7.890 7.601 7.293 7.006 6.763 6.563 6.407 6.294 6.224 6.198 6.216 6.277 7.791 9.345 10.839
4.583 4.203 3.842 3.499 3.175 2.869 2.582 2.314 2.064 1.832 1.619 1.751 2.652 3.529 4.381 5.208 6.010 6.788 7.541 8.268 8.986 9.696 10.387 10.578 9.893 9.231 8.592 7.976 7.383 6.814 6.268 5.745 5.245 4.769 4.315 4.178 4.380 4.584 4.790 4.997 5.207 5.419 5.632 5.848 6.066 6.285 6.507 6.689 6.846 7.010 7.180 7.356 7.514 7.621 7.730 7.842 7.957 8.076 8.197 8.078 7.897 7.758 7.663 7.612 7.604 7.640 7.719 7.841 8.007 8.217 8.470 9.627 10.915 12.144
3.990 3.674 3.377 3.099 2.839 2.598 2.375 2.171 1.985 1.818 1.669 1.697 2.512 3.303 4.069 4.811 5.527 6.219 6.886 7.529 8.160 8.784 9.388 9.707 9.124 8.565 8.029 7.516 7.026 6.559 6.116 5.695 5.298 4.924 4.574 4.430 4.641 4.854 5.068 5.285 5.503 5.724 5.946 6.166 6.355 6.517 6.651 6.759 6.864 6.971 7.082 7.195 7.312 7.431 7.554 7.679 7.808 7.939 8.073 8.115 8.125 8.179 8.276 8.416 8.600 8.828 9.099 9.413 9.771 10.172 10.617 11.519 12.542 13.505
