DATA/SHG/ECMWF/20170628/EN-33/20170708.en-33.asc
ncols        190
nrows        64
xllcorner    -5100000.000000000000
yllcorner    4130000.000000000000
cellsize     10000.000000000000
NODATA_value  -99999.000
[rows 0 to 32 of 64, columns 0 to 74 of 190]
0.701 0.705 0.713 0.724 0.738 0.755 0.775 0.798 0.824 0.836 0.840 0.839 0.835 0.827 0.815 0.799 0.779 0.755 0.727 0.733 0.749 0.856 1.000 1.138 1.270 1.397 1.519 1.634 1.744 1.849 1.948 2.041 2.129 2.122 2.059 1.999 1.940 1.885 1.831 1.780 1.731 1.684 1.640 1.599 1.559 1.527 1.502 1.482 1.465 1.452 1.443 1.438 1.438 1.441 1.448 1.459 1.474 1.504 1.544 1.580 1.610 1.636 1.656 1.672 1.682 1.688 1.688 1.683 1.674 1.625 1.518 1.412 1.307 1.201 1.096
0.562 0.578 0.597 0.618 0.643 0.670 0.701 0.735 0.771 0.782 0.772 0.758 0.773 0.790 0.807 0.823 0.840 0.856 0.873 0.889 0.906 0.982 1.106 1.225 1.337 1.445 1.546 1.642 1.733 1.817 1.897 1.970 2.038 2.046 1.991 1.939 1.889 1.842 1.796 1.753 1.713 1.675 1.639 1.605 1.574 1.551 1.541 1.534 1.531 1.532 1.537 1.547 1.560 1.577 1.598 1.622 1.651 1.682 1.705 1.722 1.735 1.743 1.746 1.744 1.737 1.724 1.707 1.685 1.657 1.607 1.502 1.397 1.292 1.187 1.083
0.421 0.447 0.477 0.509 0.549 0.615 0.683 0.755 0.831 0.881 0.898 0.914 0.931 0.947 0.964 0.980 0.997 1.013 1.029 1.046 1.062 1.114 1.219 1.317 1.410 1.498 1.580 1.656 1.727 1.792 1.851 1.905 1.953 1.968 1.921 1.877 1.836 1.796 1.759 1.725 1.692 1.663 1.635 1.610 1.587 1.572 1.575 1.582 1.593 1.608 1.627 1.650 1.677 1.708 1.743 1.782 1.825 1.864 1.869 1.870 1.865 1.855 1.840 1.820 1.795 1.766 1.731 1.691 1.674 1.626 1.542 1.460 1.380 1.302 1.225
0.366 0.429 0.496 0.567 0.641 0.718 0.799 0.883 0.971 1.038 1.055 1.071 1.088 1.104 1.121 1.137 1.153 1.170 1.186 1.202 1.219 1.252 1.337 1.416 1.489 1.557 1.619 1.675 1.726 1.772 1.812 1.846 1.874 1.887 1.849 1.813 1.780 1.749 1.720 1.694 1.670 1.648 1.629 1.612 1.598 1.588 1.605 1.627 1.652 1.681 1.713 1.750 1.791 1.836 1.885 1.937 1.994 2.051 2.039 2.021 2.009 2.103 2.166 2.198 2.199 2.170 2.109 2.018 1.895 1.742 1.663 1.587 1.513 1.440 1.370
0.405 0.481 0.560 0.643 0.729 0.818 0.911 1.007 1.106 1.195 1.212 1.228 1.245 1.261 1.277 1.293 1.310 1.326 1.342 1.358 1.375 1.396 1.460 1.520 1.573 1.621 1.664 1.701 1.732 1.758 1.778 1.792 1.801 1.804 1.774 1.746 1.721 1.699 1.678 1.660 1.645 1.631 1.620 1.612 1.606 1.602 1.632 1.667 1.706 1.749 1.795 1.846 1.901 1.986 2.178 2.406 2.669 2.967 3.065 3.112 3.128 3.113 3.068 2.991 2.884 2.746 2.577 2.377 2.146 1.884 1.782 1.712 1.644 1.577 1.513
0.441 0.529 0.620 0.715 0.813 0.914 1.019 1.127 1.238 1.352 1.369 1.385 1.401 1.417 1.434 1.450 1.466 1.482 1.498 1.514 1.530 1.546 1.590 1.629 1.663 1.692 1.715 1.732 1.743 1.749 1.750 1.745 1.734 1.718 1.697 1.677 1.661 1.646 1.634 1.624 1.617 1.612 1.609 1.609 1.611 1.616 1.654 1.723 1.828 1.968 2.144 2.354 2.600 2.881 3.197 3.548 3.934 4.356 4.429 4.368 4.275 4.152 3.998 3.813 3.597 3.351 3.073 2.765 2.426 2.056 1.899 1.835 1.773 1.713 1.654
0.473 0.573 0.676 0.783 0.893 1.006 1.123 1.243 1.366 1.493 1.525 1.541 1.557 1.574 1.590 1.606 1.622 1.638 1.654 1.670 1.686 1.702 1.725 1.745 1.759 1.768 1.771 1.769 1.760 1.747 1.728 1.703 1.673 1.637 1.617 1.606 1.598 1.592 1.588 1.602 1.619 1.626 1.622 1.608 1.583 1.548 1.648 1.842 2.070 2.334 2.632 2.966 3.335 3.740 4.179 4.654 5.163 5.708 5.821 5.651 5.451 5.219 4.956 4.663 4.339 3.984 3.598 3.182 2.735 2.256 2.014 1.956 1.900 1.846 1.793
0.502 0.613 0.728 0.847 0.969 1.094 1.223 1.355 1.490 1.629 1.682 1.698 1.714 1.730 1.746 1.762 1.778 1.794 1.810 1.825 1.841 1.857 1.866 1.866 1.861 1.850 1.833 1.811 1.783 1.750 1.711 1.667 1.659 1.669 1.699 1.732 1.755 1.767 1.768 1.759 1.739 1.709 1.668 1.617 1.555 1.483 1.607 1.924 2.276 2.663 3.085 3.543 4.035 4.563 5.126 5.723 6.356 7.024 7.242 6.963 6.654 6.314 5.943 5.542 5.110 4.646 4.153 3.628 3.072 2.486 2.128 2.076 2.026 1.978 1.931
0.526 0.650 0.777 0.907 1.041 1.178 1.319 1.463 1.610 1.761 1.838 1.854 1.870 1.886 1.901 1.917 1.933 1.949 1.965 1.981 1.997 2.012 2.012 1.993 1.968 1.951 1.941 1.936 1.938 1.945 1.958 1.977 2.001 2.032 2.052 2.048 2.033 2.008 1.973 1.927 1.870 1.803 1.725 1.637 1.538 1.429 1.532 1.972 2.447 2.957 3.503 4.084 4.699 5.350 6.036 6.757 7.513 8.304 8.690 8.303 7.886 7.438 6.959 6.449 5.909 5.337 4.735 4.103 3.439 2.745 2.239 2.194 2.150 2.107 2.067
0.547 0.682 0.821 0.964 1.109 1.259 1.411 1.567 1.726 1.889 1.994 2.009 2.025 2.041 2.057 2.073 2.089 2.103 2.111 2.120 2.131 2.144 2.149 2.141 2.140 2.144 2.154 2.170 2.192 2.220 2.253 2.292 2.337 2.388 2.415 2.374 2.323 2.260 2.188 2.105 2.011 1.907 1.792 1.667 1.531 1.385 1.421 1.984 2.583 3.216 3.885 4.589 5.327 6.101 6.910 7.754 8.633 9.548 10.166 9.671 9.146 8.589 8.002 7.385 6.736 6.057 5.347 4.606 3.835 3.033 2.349 2.310 2.272 2.235 2.201
0.563 0.711 0.862 1.016 1.174 1.335 1.500 1.667 1.839 2.013 2.144 2.146 2.149 2.154 2.161 2.169 2.179 2.191 2.205 2.220 2.237 2.256 2.274 2.287 2.306 2.331 2.361 2.398 2.440 2.488 2.542 2.601 2.667 2.738 2.789 2.711 2.622 2.523 2.413 2.293 2.163 2.022 1.870 1.708 1.535 1.352 1.274 1.961 2.683 3.440 4.231 5.058 5.920 6.817 7.749 8.716 9.718 10.755 11.670 11.067 10.434 9.769 9.074 8.349 7.592 6.805 5.987 5.139 4.259 3.349 2.457 2.424 2.392 2.361 2.383
0.577 0.736 0.899 1.070 1.243 1.412 1.578 1.740 1.898 2.052 2.188 2.196 2.205 2.216 2.229 2.243 2.259 2.277 2.297 2.318 2.341 2.366 2.393 2.426 2.466 2.511 2.562 2.619 2.681 2.750 2.824 2.904 2.990 3.081 3.172 3.057 2.932 2.796 2.649 2.492 2.325 2.147 1.958 1.759 1.550 1.330 1.100 1.903 2.748 3.628 4.542 5.492 6.477 7.497 8.551 9.641 10.766 11.926 13.120 12.491 11.750 10.978 10.175 9.341 8.477 7.582 6.656 5.684 4.733 3.834 2.986 3.001 3.096 3.200 3.313
0.681 0.853 1.020 1.184 1.344 1.500 1.652 1.801 1.946 2.087 2.224 2.243 2.259 2.276 2.294 2.315 2.337 2.361 2.387 2.414 2.444 2.474 2.507 2.560 2.619 2.685 2.756 2.833 2.916 3.005 3.100 3.200 3.306 3.418 3.536 3.414 3.252 3.079 2.896 2.702 2.497 2.282 2.057 1.821 1.575 1.318 1.051 1.810 2.778 3.780 4.818 5.890 6.998 8.141 9.318 10.531 11.778 13.060 14.378 13.944 12.868 11.738 10.658 9.630 8.654 7.729 6.855 6.032 5.261 4.541 3.872 3.830 3.956 4.090 4.233
0.839 0.997 1.151 1.301 1.448 1.591 1.730 1.866 1.997 2.125 2.249 2.289 2.310 2.334 2.358 2.385 2.413 2.443 2.475 2.509 2.544 2.581 2.619 2.686 2.767 2.853 2.944 3.042 3.145 3.254 3.369 3.490 3.616 3.749 3.887 3.782 3.582 3.372 3.152 2.921 2.680 2.429 2.166 1.894 1.611 1.317 1.013 1.682 2.772 3.898 5.058 6.253 7.484 8.587 9.625 10.621 11.576 12.490 13.363 12.914 11.912 10.961 10.061 9.213 8.415 7.669 6.975 6.331 5.739 5.199 4.709 4.649 4.806 4.970 5.144
1.000 1.145 1.286 1.423 1.557 1.686 1.812 1.934 2.053 2.167 2.278 2.333 2.360 2.390 2.420 2.453 2.487 2.524 2.561 2.601 2.642 2.685 2.730 2.807 2.907 3.014 3.126 3.244 3.367 3.497 3.632 3.773 3.920 4.073 4.231 4.159 3.923 3.676 3.419 3.152 2.874 2.585 2.286 1.977 1.657 1.327 1.044 1.603 2.744 3.844 4.903 5.921 6.897 7.832 8.726 9.578 10.389 11.159 11.888 11.731 10.908 10.136 9.415 8.746 8.128 7.561 7.046 6.581 6.168 5.807 5.496 5.459 5.646 5.841 6.046
1.165 1.297 1.425 1.549 1.669 1.785 1.898 2.007 2.112 2.214 2.311 2.375 2.408 2.444 2.480 2.519 2.560 2.602 2.646 2.691 2.738 2.787 2.838 2.921 3.042 3.169 3.301 3.439 3.583 3.733 3.889 4.050 4.217 4.390 4.569 4.547 4.274 3.990 3.691 3.362 3.046 2.744 2.455 2.180 1.918 1.670 1.435 1.755 2.752 3.708 4.622 5.496 6.328 7.119 7.868 8.577 9.244 9.870 10.454 10.499 9.856 9.263 8.722 8.231 7.792 7.404 7.068 6.782 6.548 6.365 6.233 6.260 6.477 6.703 6.937
1.335 1.453 1.567 1.678 1.785 1.888 1.988 2.084 2.176 2.264 2.348 2.415 2.454 2.496 2.539 2.583 2.630 2.678 2.728 2.779 2.833 2.888 2.944 3.029 3.170 3.317 3.470 3.629 3.793 3.963 4.139 4.307 4.439 4.556 4.658 4.616 4.294 3.985 3.689 3.407 3.139 2.884 2.643 2.415 2.200 1.999 1.812 1.947 2.800 3.612 4.383 5.112 5.800 6.447 7.053 7.617 8.140 8.622 9.063 9.220 8.755 8.342 7.979 7.668 7.408 7.199 7.041 6.934 6.879 6.875 6.921 7.051 7.299 7.555 7.820
1.507 1.613 1.714 1.811 1.905 1.995 2.082 2.164 2.243 2.318 2.390 2.453 2.498 2.546 2.595 2.646 2.698 2.752 2.808 2.866 2.925 2.986 3.049 3.131 3.305 3.486 3.653 3.805 3.943 4.067 4.177 4.273 4.354 4.422 4.475 4.459 4.184 3.922 3.674 3.440 3.218 3.011 2.817 2.636 2.469 2.315 2.175 2.181 2.889 3.557 4.184 4.769 5.313 5.816 6.278 6.699 7.078 7.417 7.714 7.893 7.607 7.372 7.189 7.056 6.975 6.945 6.966 7.038 7.161 7.335 7.560 7.833 8.111 8.398 8.693
1.684 1.776 1.864 1.949 2.029 2.106 2.179 2.249 2.314 2.376 2.435 2.489 2.541 2.594 2.649 2.706 2.764 2.832 2.913 3.006 3.110 3.225 3.351 3.489 3.634 3.765 3.882 3.985 4.073 4.147 4.207 4.253 4.285 4.302 4.306 4.289 4.061 3.846 3.645 3.458 3.284 3.124 2.977 2.843 2.723 2.617 2.524 2.454 3.019 3.543 4.026 4.467 4.868 5.227 5.545 5.822 6.058 6.253 6.406 6.518 6.411 6.355 6.350 6.396 6.494 6.642 6.841 7.092 7.393 7.746 8.149 8.604 8.914 9.231 9.556
1.865 1.944 2.019 2.090 2.157 2.221 2.281 2.337 2.390 2.439 2.471 2.494 2.545 2.609 2.685 2.772 2.871 2.980 3.101 3.233 3.376 3.531 3.696 3.873 3.977 4.059 4.126 4.178 4.217 4.242 4.252 4.248 4.230 4.198 4.151 4.091 3.924 3.757 3.603 3.463 3.336 3.223 3.123 3.037 2.964 2.905 2.859 2.826 3.190 3.570 3.909 4.207 4.463 4.679 4.854 4.987 5.079 5.131 5.141 5.110 5.167 5.290 5.464 5.688 5.964 6.290 6.668 7.097 7.577 8.108 8.689 9.322 9.707 10.055 10.357
2.049 2.115 2.177 2.228 2.272 2.311 2.343 2.370 2.390 2.404 2.412 2.413 2.484 2.588 2.703 2.830 2.967 3.116 3.277 3.448 3.630 3.824 4.029 4.246 4.335 4.366 4.384 4.387 4.376 4.351 4.311 4.258 4.190 4.108 4.012 3.902 3.773 3.653 3.547 3.454 3.374 3.308 3.256 3.216 3.191 3.179 3.180 3.195 3.401 3.637 3.833 3.987 4.100 4.172 4.203 4.193 4.142 4.050 3.917 3.742 3.876 4.177 4.529 4.932 5.386 5.891 6.447 7.063 7.686 8.274 8.827 9.346 9.590 9.727 9.849
2.220 2.261 2.297 2.326 2.349 2.366 2.377 2.382 2.381 2.373 2.359 2.340 2.411 2.554 2.709 2.875 3.052 3.240 3.440 3.651 3.872 4.106 4.350 4.605 4.707 4.689 4.656 4.610 4.549 4.474 4.385 4.282 4.165 4.033 3.887 3.728 3.609 3.537 3.477 3.431 3.399 3.380 3.374 3.382 3.404 3.439 3.487 3.549 3.652 3.745 3.797 3.808 3.778 3.706 3.594 3.441 3.246 3.011 2.735 2.417 2.702 3.446 4.156 4.831 5.472 6.078 6.649 7.185 7.687 8.155 8.588 8.986 9.196 9.282 9.354
2.390 2.410 2.424 2.431 2.433 2.428 2.418 2.401 2.378 2.349 2.314 2.272 2.326 2.509 2.703 2.908 3.124 3.352 3.591 3.841 4.102 4.374 4.658 4.953 5.093 5.025 4.943 4.847 4.737 4.612 4.473 4.321 4.154 3.973 3.778 3.568 3.432 3.406 3.394 3.395 3.410 3.438 3.479 3.534 3.603 3.685 3.780 3.889 3.944 3.894 3.802 3.670 3.496 3.401 3.378 3.364 3.358 3.360 3.371 3.391 3.702 4.326 4.915 5.469 5.989 6.474 6.925 7.341 7.722 8.069 8.381 8.659 8.816 8.852 8.874
2.566 2.564 2.557 2.543 2.523 2.497 2.465 2.426 2.382 2.331 2.275 2.212 2.229 2.451 2.684 2.929 3.185 3.452 3.730 4.019 4.320 4.631 4.954 5.288 5.493 5.376 5.244 5.099 4.939 4.765 4.576 4.374 4.158 3.927 3.682 3.424 3.241 3.262 3.297 3.345 3.407 3.482 3.571 3.673 3.788 3.917 4.112 4.324 4.454 4.418 4.390 4.371 4.360 4.358 4.365 4.380 4.404 4.437 4.478 4.528 4.735 5.238 5.706 6.140 6.539 6.903 7.233 7.529 7.790 8.016 8.208 8.365 8.450 8.436 8.407
2.749 2.726 2.696 2.661 2.620 2.572 2.518 2.459 2.393 2.321 2.242 2.158 2.120 2.382 2.654 2.938 3.233 3.539 3.857 4.185 4.525 4.876 5.238 5.611 5.908 5.741 5.560 5.365 5.155 4.932 4.694 4.442 4.176 3.896 3.602 3.294 3.036 3.105 3.187 3.397 3.620 3.840 4.057 4.270 4.480 4.687 4.891 5.091 5.252 5.245 5.247 5.258 5.277 5.305 5.342 5.387 5.441 5.503 5.574 5.654 5.799 6.182 6.529 6.842 7.121 7.365 7.575 7.750 7.890 7.996 8.067 8.104 8.098 8.034 7.955
2.935 2.893 2.843 2.786 2.723 2.654 2.579 2.497 2.410 2.317 2.217 2.111 1.999 2.300 2.612 2.935 3.269 3.615 3.971 4.339 4.718 5.108 5.509 5.921 6.337 6.121 5.890 5.645 5.386 5.113 4.826 4.526 4.291 4.080 3.894 3.732 3.603 3.824 4.042 4.257 4.469 4.678 4.883 5.085 5.283 5.479 5.671 5.860 6.040 6.063 6.095 6.136 6.185 6.243 6.309 6.384 6.468 6.560 6.661 6.770 6.896 7.158 7.385 7.577 7.736 7.859 7.948 8.003 8.023 8.008 7.959 7.876 7.760 7.646 7.517
3.094 3.068 2.996 2.917 2.833 2.742 2.646 2.543 2.434 2.319 2.198 2.071 1.937 2.206 2.558 2.920 3.293 3.678 4.074 4.480 4.899 5.328 5.768 6.220 6.670 6.447 6.150 5.878 5.630 5.407 5.208 5.033 4.884 4.758 4.658 4.581 4.530 4.710 4.917 5.120 5.320 5.517 5.711 5.902 6.089 6.273 6.453 6.631 6.805 6.871 6.933 7.004 7.083 7.170 7.267 7.371 7.485 7.607 7.738 7.877 8.025 8.166 8.272 8.345 8.382 8.386 8.354 8.289 8.189 8.054 7.885 7.681 7.443 7.272 7.093
3.253 3.249 3.155 3.055 2.949 2.837 2.719 2.595 2.465 2.328 2.186 2.037 1.882 2.101 2.491 2.893 3.305 3.744 4.206 4.644 5.060 5.453 5.823 6.170 6.494 6.415 6.203 6.017 5.855 5.717 5.604 5.515 5.451 5.411 5.396 5.405 5.439 5.598 5.793 5.985 6.174 6.359 6.542 6.721 6.896 7.069 7.238 7.404 7.567 7.670 7.762 7.862 7.971 8.088 8.214 8.349 8.492 8.644 8.805 8.974 9.151 9.206 9.192 9.144 9.061 8.945 8.793 8.607 8.387 8.132 7.843 7.519 7.161 6.912 6.683
3.414 3.436 3.321 3.200 3.072 2.939 2.799 2.654 2.502 2.344 2.242 2.202 2.153 2.397 2.870 3.320 3.747 4.152 4.533 4.892 5.227 5.540 5.830 6.098 6.342 6.357 6.231 6.130 6.054 6.001 5.974 5.970 5.992 6.037 6.108 6.202 6.321 6.487 6.671 6.852 7.029 7.203 7.374 7.542 7.706 7.867 8.025 8.180 8.331 8.459 8.580 8.710 8.849 8.996 9.152 9.317 9.490 9.671 9.862 10.060 10.268 10.277 10.144 9.975 9.773 9.536 9.264 8.958 8.618 8.243 7.833 7.390 6.911 6.566 6.287
3.575 3.630 3.493 3.440 3.433 3.416 3.390 3.354 3.310 3.256 3.193 3.120 3.039 3.148 3.541 3.911 4.258 4.582 4.884 5.163 5.419 5.652 5.862 6.049 6.214 6.274 6.234 6.218 6.227 6.260 6.318 6.400 6.507 6.638 6.793 6.973 7.178 7.379 7.552 7.721 7.887 8.049 8.209 8.365 8.518 8.668 8.814 8.957 9.097 9.238 9.390 9.549 9.718 9.895 10.081 10.275 10.478 10.689 10.909 11.138 11.375 11.381 11.127 10.839 10.516 10.159 9.767 9.341 8.827 8.228 7.647 7.081 6.533 6.129 5.847
4.412 4.680 4.659 4.628 4.587 4.538 4.479 4.411 4.334 4.247 4.152 4.047 3.933 3.922 4.235 4.525 4.792 5.037 5.259 5.458 5.634 5.787 5.917 6.025 6.110 6.165 6.210 6.280 6.374 6.493 6.636 6.804 6.996 7.212 7.453 7.718 8.008 8.273 8.434 8.592 8.746 8.898 9.046 9.190 9.332 9.470 9.605 9.737 9.865 10.008 10.189 10.379 10.577 10.784 10.999 11.223 11.456 11.697 11.947 12.205 12.472 12.361 11.704 11.063 10.438 9.831 9.240 8.666 8.109 7.569 7.046 6.539 6.049 5.657 5.395
5.569 5.941 5.887 5.823 5.750 5.668 5.577 5.477 5.367 5.248 5.120 4.982 4.836 4.719 4.953 5.163 5.350 5.515 5.657 5.776 5.872 5.946 5.997 6.025 6.030 6.031 6.162 6.317 6.496 6.700 6.929 7.182 7.459 7.761 8.087 8.437 8.812 9.169 9.319 9.465 9.608 9.748 9.885 10.018 10.148 10.275 10.398 10.519 10.636 10.768 10.979 11.199 11.427 11.663 11.813 11.864 11.874 11.843 11.772 11.659 11.506 11.220 10.620 10.038 9.472 8.923 8.391 7.876 7.377 6.895 6.430 5.982 5.551 5.179 4.939
6.708 7.162 7.124 7.027 6.922 6.807 6.684 6.551 6.408 6.257 6.096 5.927 5.747 5.559 5.694 5.824 5.932 6.017 6.079 6.118 6.135 6.129 6.100 6.048 5.974 5.876 6.087 6.328 6.593 6.882 7.196 7.534 7.896 8.283 8.694 9.130 9.590 10.067 10.206 10.340 10.472 10.600 10.726 10.848 10.966 11.082 11.194 11.268 11.337 11.421 11.534 11.606 11.638 11.628 11.578 11.487 11.355 11.182 10.968 10.713 10.418 10.063 9.523 8.998 8.491 8.001 7.527 7.070 6.630 6.206 5.800 5.410 5.037 4.697 4.478
