DATA/SHG/ECMWF/20170628/EN-33/20170707.en-33.asc
ncols        190
nrows        64
xllcorner    -5100000.000000000000
yllcorner    4130000.000000000000
cellsize     10000.000000000000
NODATA_value  -99999.000
[rows 0 to 32 of 64, columns 75 to 149 of 190]
10.815 10.752 10.655 10.523 10.357 10.157 9.934 9.795 9.709 9.636 9.576 9.530 9.497 9.478 9.472 9.480 9.501 9.535 9.723 10.351 10.937 11.487 12.002 12.480 12.923 13.330 13.701 14.036 14.336 14.600 14.720 14.492 14.285 14.101 13.938 13.798 13.679 13.582 13.507 13.454 13.423 13.413 13.349 13.048 12.735 12.410 12.072 11.723 11.362 10.988 10.603 10.206 9.796 9.375 8.988 8.722 8.443 8.149 7.841 7.519 7.182 6.831 6.466 6.087 5.693 5.285 4.835 4.323 3.839 3.384 2.957 2.559 2.189 1.848 1.535
10.755 10.600 10.449 10.300 10.155 10.014 9.889 9.836 9.796 9.770 9.758 9.759 9.773 9.801 9.842 9.897 9.965 10.046 10.183 10.651 11.077 11.467 11.821 12.139 12.422 12.668 12.879 13.054 13.194 13.297 13.343 13.213 13.105 13.018 12.954 12.911 12.890 12.891 12.914 12.959 13.026 13.114 13.166 12.811 12.444 12.065 11.674 11.271 10.856 10.429 9.990 9.539 9.076 8.601 8.138 7.809 7.465 7.108 6.736 6.350 5.950 5.536 5.107 4.664 4.206 3.735 3.263 2.878 2.521 2.193 1.893 1.622 1.380 1.166 0.980
10.676 10.533 10.393 10.256 10.122 9.992 9.870 9.864 9.872 9.893 9.927 9.975 10.036 10.111 10.199 10.301 10.416 10.544 10.686 10.991 11.256 11.486 11.680 11.838 11.961 12.048 12.098 12.114 12.093 12.037 11.944 11.912 11.902 11.913 11.947 12.002 12.079 12.178 12.299 12.442 12.606 12.793 12.996 12.587 12.166 11.734 11.289 10.832 10.364 9.883 9.390 8.885 8.369 7.840 7.303 6.911 6.504 6.083 5.648 5.198 4.734 4.256 3.764 3.257 2.737 2.202 1.768 1.704 1.639 1.572 1.503 1.433 1.361 1.287 1.212
10.595 10.463 10.334 10.209 10.086 9.967 9.851 9.880 9.935 10.003 10.084 10.179 10.287 10.409 10.544 10.692 10.854 11.029 11.218 11.371 11.476 11.546 11.580 11.578 11.541 11.467 11.358 11.214 11.033 10.817 10.565 10.589 10.676 10.786 10.917 11.070 11.245 11.442 11.661 11.901 12.164 12.448 12.754 12.376 11.902 11.416 10.917 10.407 9.885 9.350 8.804 8.246 7.675 7.093 6.499 6.029 5.559 5.158 4.831 4.502 4.170 3.836 3.499 3.160 2.819 2.476 2.130 2.040 1.967 1.892 1.817 1.739 1.660 1.579 1.497
10.512 10.391 10.273 10.159 10.047 9.939 9.835 9.884 9.985 10.100 10.228 10.370 10.525 10.693 10.875 11.071 11.279 11.502 11.737 11.790 11.736 11.646 11.520 11.358 11.161 10.928 10.659 10.355 10.015 9.639 9.227 9.243 9.429 9.636 9.865 10.116 10.389 10.683 11.000 11.338 11.698 12.080 12.484 12.179 11.651 11.111 10.559 9.995 9.448 8.935 8.440 7.964 7.505 7.066 6.644 6.297 5.964 5.628 5.291 4.951 4.608 4.263 3.916 3.567 3.215 2.861 2.505 2.376 2.296 2.214 2.131 2.046 1.960 1.872 1.782
10.425 10.315 10.209 10.106 10.006 9.909 9.815 9.875 10.023 10.185 10.360 10.549 10.750 10.966 11.195 11.437 11.692 11.961 12.243 12.250 12.035 11.786 11.500 11.179 10.822 10.429 10.001 9.537 9.037 8.502 7.931 7.876 8.159 8.464 8.791 9.140 9.510 9.902 10.316 10.767 11.220 11.660 12.085 11.876 11.353 10.849 10.362 9.894 9.444 9.013 8.599 8.204 7.827 7.468 7.128 6.790 6.446 6.100 5.752 5.401 5.048 4.693 4.335 3.975 3.613 3.248 2.881 2.713 2.626 2.537 2.447 2.355 2.261 2.166 2.069
10.335 10.237 10.142 10.050 9.961 9.875 9.793 9.853 10.049 10.257 10.479 10.715 10.963 11.226 11.501 11.790 12.092 12.408 12.737 12.749 12.375 11.965 11.520 11.040 10.523 9.971 9.383 8.760 8.101 7.406 6.783 6.769 7.273 7.763 8.238 8.699 9.147 9.579 9.998 10.402 10.793 11.168 11.530 11.448 11.007 10.583 10.178 9.791 9.422 9.072 8.739 8.425 8.129 7.851 7.592 7.285 6.931 6.574 6.215 5.854 5.491 5.125 4.756 4.386 4.013 3.637 3.260 3.052 2.957 2.861 2.764 2.664 2.564 2.461 2.357
10.243 10.156 10.072 9.991 9.913 9.839 9.768 9.820 10.062 10.317 10.586 10.868 11.164 11.473 11.795 12.131 12.480 12.842 13.218 13.288 12.754 12.111 11.451 10.816 10.204 9.616 9.052 8.511 7.994 7.501 7.031 6.927 7.368 7.794 8.206 8.604 8.988 9.357 9.713 10.054 10.380 10.693 10.991 11.002 10.641 10.299 9.975 9.669 9.381 9.112 8.860 8.627 8.412 8.215 8.037 7.782 7.417 7.050 6.681 6.309 5.935 5.558 5.179 4.798 4.414 4.028 3.640 3.391 3.290 3.186 3.082 2.975 2.867 2.757 2.646
10.148 10.072 9.999 9.929 9.863 9.800 9.740 9.774 10.063 10.365 10.681 11.010 11.352 11.679 11.893 12.090 12.271 12.436 12.585 12.558 11.958 11.381 10.827 10.297 9.791 9.309 8.850 8.415 8.004 7.616 7.252 7.101 7.478 7.841 8.190 8.525 8.845 9.151 9.443 9.721 9.984 10.233 10.468 10.536 10.257 9.996 9.753 9.528 9.321 9.132 8.962 8.810 8.676 8.560 8.462 8.281 7.906 7.528 7.148 6.765 6.380 5.993 5.604 5.212 4.818 4.421 4.023 3.732 3.623 3.513 3.401 3.287 3.172 3.055 2.937
10.050 9.985 9.923 9.865 9.810 9.758 9.694 9.655 9.910 10.148 10.371 10.577 10.766 10.939 11.096 11.237 11.361 11.469 11.561 11.592 11.096 10.625 10.177 9.753 9.353 8.976 8.623 8.294 7.988 7.706 7.447 7.290 7.604 7.904 8.189 8.460 8.717 8.960 9.189 9.403 9.603 9.789 9.961 10.053 9.854 9.674 9.512 9.368 9.242 9.134 9.045 8.973 8.920 8.885 8.868 8.782 8.396 8.007 7.616 7.223 6.828 6.430 6.030 5.628 5.223 4.816 4.407 4.074 3.958 3.840 3.721 3.600 3.478 3.354 3.228
9.877 9.776 9.680 9.588 9.501 9.419 9.341 9.272 9.470 9.652 9.817 9.966 10.099 10.216 10.316 10.400 10.467 10.519 10.554 10.589 10.210 9.844 9.502 9.184 8.889 8.618 8.370 8.146 7.946 7.769 7.616 7.495 7.745 7.981 8.204 8.412 8.605 8.785 8.950 9.101 9.238 9.361 9.470 9.550 9.433 9.333 9.252 9.189 9.144 9.117 9.108 9.118 9.145 9.191 9.255 9.284 8.887 8.488 8.087 7.683 7.278 6.869 6.459 6.046 5.630 5.213 4.793 4.417 4.294 4.169 4.042 3.914 3.785 3.654 3.521
9.420 9.336 9.256 9.181 9.110 9.045 8.984 8.928 9.046 9.171 9.279 9.372 9.448 9.508 9.551 9.578 9.589 9.584 9.562 9.540 9.298 9.038 8.801 8.588 8.399 8.233 8.091 7.972 7.878 7.806 7.759 7.735 7.901 8.075 8.233 8.378 8.509 8.625 8.727 8.815 8.889 8.949 8.994 9.026 8.993 8.974 8.974 8.991 9.027 9.081 9.153 9.243 9.352 9.478 9.623 9.785 9.381 8.971 8.560 8.145 7.729 7.310 6.889 6.465 6.040 5.611 5.154 4.692 4.534 4.390 4.259 4.142 4.040 3.951 3.875
8.959 8.891 8.828 8.770 8.716 8.667 8.623 8.584 8.637 8.705 8.757 8.793 8.812 8.815 8.802 8.773 8.727 8.665 8.587 8.508 8.361 8.206 8.075 7.967 7.883 7.823 7.786 7.773 7.783 7.818 7.875 7.956 8.073 8.183 8.279 8.360 8.428 8.481 8.520 8.545 8.556 8.552 8.535 8.503 8.534 8.596 8.676 8.775 8.891 9.026 9.179 9.349 9.538 9.746 9.971 10.214 9.876 9.388 8.836 8.301 7.782 7.281 6.796 6.329 5.878 5.444 5.027 4.626 4.510 4.427 4.358 4.303 4.262 4.234 4.220
8.494 8.443 8.397 8.355 8.318 8.286 8.258 8.235 8.244 8.255 8.250 8.229 8.192 8.139 8.069 7.983 7.880 7.762 7.627 7.491 7.398 7.349 7.323 7.321 7.342 7.387 7.456 7.548 7.663 7.803 7.965 8.152 8.260 8.307 8.339 8.358 8.362 8.352 8.328 8.290 8.238 8.171 8.091 7.996 8.056 8.199 8.360 8.539 8.720 8.875 9.013 9.134 9.237 9.323 9.392 9.444 9.063 8.569 8.092 7.632 7.188 6.762 6.352 5.959 5.583 5.224 4.882 4.557 4.472 4.451 4.443 4.449 4.470 4.503 4.551
8.026 7.991 7.961 7.936 7.916 7.900 7.889 7.883 7.866 7.821 7.759 7.682 7.588 7.478 7.351 7.209 7.050 6.875 6.683 6.491 6.410 6.466 6.546 6.649 6.775 6.925 7.099 7.296 7.517 7.762 8.030 8.321 8.462 8.446 8.415 8.371 8.312 8.239 8.152 8.062 7.978 7.893 7.805 7.716 7.775 7.922 8.053 8.166 8.261 8.340 8.401 8.445 8.472 8.481 8.473 8.448 8.153 7.734 7.332 6.947 6.578 6.226 5.892 5.574 5.272 4.988 4.721 4.470 4.421 4.461 4.515 4.582 4.664 4.759 4.868
7.553 7.535 7.522 7.514 7.510 7.511 7.517 7.527 7.503 7.402 7.284 7.149 6.999 6.832 6.649 6.450 6.235 6.003 5.756 5.506 5.397 5.558 5.743 5.951 6.183 6.438 6.717 7.019 7.345 7.695 8.065 8.438 8.624 8.545 8.464 8.381 8.296 8.210 8.121 8.031 7.940 7.846 7.751 7.653 7.641 7.712 7.766 7.802 7.821 7.823 7.808 7.775 7.725 7.658 7.573 7.472 7.227 6.883 6.556 6.245 5.951 5.675 5.415 5.171 4.945 4.736 4.543 4.367 4.356 4.457 4.572 4.701 4.844 5.000 5.171
7.077 7.076 7.079 7.087 7.100 7.118 7.140 7.167 7.156 6.998 6.824 6.633 6.426 6.203 5.963 5.708 5.436 5.148 4.844 4.537 4.359 4.686 5.065 5.443 5.819 6.194 6.567 6.940 7.311 7.681 8.049 8.416 8.651 8.563 8.474 8.384 8.291 8.197 8.100 8.002 7.903 7.801 7.698 7.593 7.527 7.521 7.498 7.457 7.400 7.325 7.233 7.124 6.997 6.854 6.693 6.515 6.285 6.016 5.763 5.528 5.309 5.107 4.921 4.753 4.601 4.467 4.349 4.248 4.277 4.440 4.616 4.806 5.010 5.228 5.460
6.597 6.612 6.633 6.657 6.687 6.721 6.760 6.804 6.825 6.610 6.379 6.132 5.868 5.597 5.417 5.235 5.052 4.866 4.678 4.486 4.348 4.722 5.095 5.467 5.838 6.207 6.575 6.942 7.307 7.672 8.035 8.396 8.679 8.584 8.487 8.388 8.288 8.186 8.081 7.976 7.868 7.758 7.647 7.534 7.430 7.348 7.248 7.131 6.997 6.846 6.677 6.492 6.289 6.069 5.831 5.577 5.327 5.133 4.955 4.794 4.650 4.522 4.412 4.318 4.241 4.181 4.138 4.111 4.184 4.408 4.646 4.898 5.163 5.442 5.735
6.113 6.145 6.182 6.223 6.269 6.320 6.388 6.520 6.658 6.488 6.310 6.129 5.946 5.761 5.574 5.385 5.194 5.001 4.806 4.607 4.404 4.759 5.127 5.493 5.858 6.222 6.584 6.945 7.305 7.664 8.021 8.377 8.710 8.607 8.502 8.395 8.287 8.176 8.064 7.951 7.835 7.718 7.599 7.478 7.352 7.193 7.017 6.824 6.613 6.385 6.140 5.878 5.599 5.302 4.989 4.658 4.353 4.233 4.130 4.044 3.974 3.922 3.886 3.867 3.865 3.879 3.911 3.959 4.078 4.363 4.662 4.975 5.302 5.642 5.996
5.713 5.832 5.955 6.085 6.219 6.360 6.506 6.657 6.815 6.683 6.497 6.309 6.119 5.927 5.733 5.537 5.339 5.139 4.936 4.730 4.520 4.797 5.159 5.520 5.879 6.238 6.595 6.950 7.304 7.658 8.009 8.360 8.709 8.631 8.519 8.404 8.288 8.169 8.049 7.928 7.804 7.679 7.552 7.423 7.292 7.057 6.804 6.535 6.248 5.943 5.622 5.284 4.928 4.555 4.165 3.758 3.363 3.318 3.290 3.278 3.283 3.305 3.344 3.399 3.472 3.561 3.667 3.789 3.959 4.305 4.665 5.039 5.427 5.828 6.243
5.709 5.847 5.990 6.139 6.293 6.453 6.618 6.789 6.966 6.879 6.686 6.491 6.294 6.094 5.893 5.690 5.485 5.278 5.068 4.855 4.637 4.837 5.193 5.548 5.902 6.255 6.606 6.956 7.305 7.653 7.999 8.344 8.687 8.658 8.537 8.415 8.290 8.164 8.036 7.907 7.775 7.642 7.507 7.371 7.232 6.939 6.610 6.264 5.901 5.520 5.123 4.708 4.276 3.827 3.360 2.877 2.376 2.387 2.433 2.496 2.576 2.672 2.785 2.915 3.062 3.226 3.406 3.771 4.410 5.147 5.834 6.469 7.052 7.584 8.064
5.700 5.857 6.019 6.188 6.361 6.540 6.725 6.916 7.112 7.077 6.876 6.674 6.470 6.264 6.055 5.845 5.633 5.418 5.202 4.981 4.756 4.878 5.229 5.578 5.926 6.273 6.619 6.964 7.307 7.649 7.989 8.329 8.667 8.686 8.558 8.427 8.295 8.161 8.025 7.888 7.748 7.607 7.465 7.320 7.174 6.840 6.435 6.012 5.573 5.116 4.642 4.151 3.643 3.117 2.574 2.015 1.438 1.440 1.647 2.026 2.461 2.952 3.499 4.101 4.759 5.473 6.243 7.068 7.950 8.484 8.942 9.348 9.703 10.006 10.257
5.685 5.862 6.044 6.231 6.424 6.623 6.827 7.037 7.252 7.276 7.069 6.859 6.648 6.435 6.219 6.002 5.782 5.561 5.337 5.109 4.877 4.920 5.265 5.609 5.952 6.293 6.634 6.972 7.310 7.646 7.981 8.315 8.648 8.717 8.580 8.442 8.302 8.160 8.016 7.871 7.723 7.575 7.424 7.271 7.117 6.759 6.277 5.779 5.263 4.750 4.276 3.820 3.381 2.960 2.556 2.170 1.801 2.091 2.661 3.288 3.970 4.708 5.502 6.351 7.256 8.217 9.234 10.306 11.434 11.867 12.096 12.274 12.400 12.475 12.499
5.665 5.861 6.062 6.269 6.482 6.700 6.924 7.153 7.387 7.477 7.263 7.046 6.828 6.607 6.385 6.160 5.933 5.705 5.474 5.239 5.000 4.963 5.303 5.642 5.979 6.315 6.649 6.982 7.315 7.645 7.975 8.303 8.630 8.749 8.605 8.458 8.310 8.160 8.009 7.856 7.696 7.522 7.339 7.147 6.945 6.593 6.126 5.677 5.246 4.832 4.436 4.057 3.695 3.351 3.025 2.716 2.425 2.799 3.617 4.491 5.420 6.405 7.445 8.542 9.694 10.901 12.165 13.484 14.859 15.297 15.298 15.247 15.145 14.992 14.787
5.640 5.855 6.076 6.302 6.534 6.772 7.015 7.263 7.517 7.680 7.458 7.235 7.009 6.781 6.552 6.320 6.086 5.850 5.613 5.370 5.124 5.008 5.342 5.675 6.007 6.337 6.666 6.994 7.320 7.646 7.970 8.295 8.630 8.817 8.667 8.507 8.338 8.160 7.973 7.777 7.572 7.357 7.133 6.900 6.658 6.346 5.957 5.586 5.232 4.896 4.577 4.275 3.991 3.725 3.476 3.244 3.030 3.450 4.515 5.635 6.811 8.043 9.330 10.673 12.072 13.526 15.036 16.602 18.223 18.773 18.546 18.268 17.937 17.556 17.123
5.610 5.844 6.084 6.330 6.581 6.838 7.100 7.368 7.642 7.884 7.655 7.425 7.192 6.957 6.720 6.482 6.241 5.998 5.753 5.504 5.250 5.054 5.365 5.654 5.953 6.262 6.581 6.911 7.251 7.601 7.961 8.331 8.712 8.987 8.796 8.596 8.386 8.168 7.940 7.703 7.457 7.202 6.938 6.664 6.382 6.082 5.770 5.476 5.200 4.941 4.699 4.475 4.268 4.079 3.908 3.753 3.617 4.042 5.354 6.721 8.143 9.622 11.155 12.745 14.390 16.091 17.847 19.659 21.527 22.296 21.841 21.335 20.777 20.167 19.507
5.574 5.828 6.088 6.353 6.623 6.899 7.181 7.468 7.761 8.059 7.854 7.616 7.377 7.135 6.879 6.548 6.221 5.898 5.580 5.270 4.970 4.673 4.982 5.316 5.661 6.015 6.380 6.755 7.140 7.535 7.941 8.357 8.783 9.167 8.935 8.695 8.444 8.185 7.917 7.639 7.353 7.057 6.752 6.438 6.115 5.799 5.565 5.348 5.149 4.968 4.803 4.657 4.527 4.415 4.321 4.244 4.185 4.576 6.134 7.748 9.417 11.142 12.922 14.758 16.649 18.596 20.599 22.657 24.771 25.866 25.183 24.448 23.663 22.826 21.937
5.533 5.807 6.086 6.370 6.660 6.955 7.256 7.543 7.755 7.965 7.730 7.397 7.068 6.743 6.422 6.105 5.793 5.484 5.179 4.884 4.598 4.315 4.588 4.968 5.357 5.757 6.167 6.588 7.018 7.459 7.910 8.371 8.842 9.323 9.085 8.803 8.512 8.213 7.904 7.586 7.259 6.922 6.577 6.222 5.859 5.498 5.342 5.202 5.081 4.976 4.889 4.820 4.768 4.733 4.716 4.716 4.734 5.053 6.857 8.717 10.632 12.603 14.630 16.712 18.849 21.043 23.291 25.596 27.956 29.482 28.571 27.609 26.596 25.531 24.415
5.467 5.685 5.901 6.116 6.329 6.541 6.750 6.959 7.165 7.370 7.214 6.895 6.580 6.269 5.962 5.660 5.361 5.066 4.776 4.495 4.223 3.954 4.183 4.608 5.043 5.488 5.944 6.409 6.885 7.371 7.867 8.373 8.890 9.417 9.243 8.921 8.590 8.250 7.900 7.542 7.174 6.797 6.411 6.016 5.612 5.199 5.100 5.038 4.994 4.966 4.957 4.964 4.990 5.032 5.092 5.170 5.264 5.471 7.521 9.628 11.789 14.006 16.279 18.607 20.990 23.430 25.924 28.474 31.080 33.144 32.006 30.817 29.576 28.284 26.941
4.924 5.137 5.348 5.557 5.764 5.970 6.174 6.377 6.578 6.777 6.694 6.390 6.089 5.792 5.499 5.211 4.926 4.646 4.369 4.102 3.845 3.590 3.767 4.238 4.718 5.208 5.709 6.220 6.741 7.272 7.813 8.365 8.927 9.498 9.412 9.049 8.678 8.297 7.907 7.508 7.100 6.682 6.256 5.821 5.376 4.922 4.841 4.856 4.888 4.938 5.006 5.091 5.193 5.313 5.450 5.604 5.776 5.966 8.128 10.480 12.888 15.351 17.869 20.443 23.072 25.757 28.498 31.293 34.145 36.551 34.470 32.443 30.470 28.549 26.682
4.384 4.591 4.796 5.000 5.202 5.402 5.600 5.797 5.993 6.186 6.172 5.881 5.595 5.312 5.033 4.759 4.488 4.222 3.960 3.707 3.464 3.223 3.341 3.856 4.382 4.917 5.463 6.019 6.586 7.162 7.749 8.345 8.952 9.569 9.590 9.187 8.775 8.354 7.923 7.484 7.035 6.578 6.111 5.635 5.150 4.656 4.563 4.655 4.765 4.892 5.037 5.199 5.378 5.575 5.789 6.021 6.270 6.536 8.676 11.274 13.873 16.327 18.699 20.987 23.193 25.316 27.356 29.313 31.188 32.980 31.368 29.576 27.838 26.153 24.521
3.846 4.047 4.247 4.445 4.641 4.836 5.029 5.220 5.410 5.598 5.647 5.370 5.097 4.829 4.564 4.304 4.048 3.795 3.547 3.309 3.079 2.853 2.903 3.463 4.034 4.615 5.206 5.808 6.419 7.041 7.672 8.314 8.966 9.628 9.779 9.335 8.883 8.421 7.950 7.470 6.981 6.483 5.975 5.459 4.934 4.399 4.267 4.437 4.624 4.828 5.050 5.334 5.720 6.085 6.428 6.750 7.051 7.331 9.051 11.306 13.477 15.566 17.573 19.496 21.337 23.095 24.770 26.362 27.872 29.299 28.217 26.660 25.157 23.707 22.310
3.310 3.506 3.700 3.892 4.083 4.272 4.459 4.645 4.829 5.011 5.118 4.856 4.597 4.343 4.092 3.846 3.604 3.366 3.131 2.907 2.692 2.480 2.454 3.060 3.676 4.302 4.938 5.585 6.241 6.908 7.585 8.272 8.969 9.676 9.977 9.493 9.000 8.497 7.986 7.466 6.936 6.398 5.892 5.532 5.221 4.958 5.033 5.431 5.807 6.163 6.497 6.810 7.102 7.373 7.622 7.851 8.058 8.243 9.470 11.359 13.166 14.890 16.531 18.090 19.566 20.959 22.269 23.497 24.642 25.704 25.018 23.696 22.428 21.212 20.050
