DATA/SHG/ECMWF/20170628/EN-33/20170703.en-33.asc
ncols        190
nrows        64
xllcorner    -5100000.000000000000
yllcorner    4130000.000000000000
cellsize     10000.000000000000
NODATA_value  -99999.000
[rows 0 to 31 of 64, columns 0 to 71 of 190]
1.083 1.160 1.239 1.321 1.404 1.489 1.576 1.666 1.757 1.728 1.657 1.582 1.503 1.419 1.331 1.238 1.141 1.040 0.934 0.844 0.764 0.755 0.777 0.796 0.813 0.828 0.841 0.851 0.859 0.865 0.869 0.871 0.871 0.929 1.025 1.116 1.205 1.290 1.372 1.451 1.526 1.598 1.667 1.733 1.795 1.866 1.952 2.047 2.152 2.266 2.389 2.522 2.664 2.815 2.976 3.146 3.325 3.542 3.781 4.001 4.201 4.381 4.542 4.683 4.805 4.907 4.990 5.053 5.096 5.039 4.853 4.681
1.086 1.170 1.257 1.345 1.435 1.528 1.622 1.719 1.818 1.806 1.720 1.630 1.530 1.434 1.343 1.256 1.173 1.095 1.022 0.953 0.888 0.868 0.882 0.893 0.903 0.910 0.915 0.918 0.918 0.917 0.913 0.907 0.899 0.934 1.018 1.098 1.175 1.249 1.319 1.386 1.450 1.511 1.569 1.623 1.674 1.747 1.866 1.994 2.132 2.279 2.435 2.600 2.775 2.959 3.152 3.354 3.566 3.774 3.944 4.095 4.227 4.338 4.431 4.503 4.556 4.590 4.604 4.598 4.573 4.505 4.366 4.240
1.087 1.178 1.272 1.367 1.462 1.544 1.626 1.708 1.790 1.790 1.697 1.608 1.523 1.443 1.368 1.297 1.230 1.168 1.110 1.057 1.008 0.983 0.989 0.993 0.995 0.994 0.991 0.987 0.980 0.970 0.959 0.946 0.930 0.942 1.014 1.083 1.148 1.211 1.270 1.326 1.378 1.427 1.473 1.516 1.556 1.620 1.772 1.932 2.103 2.282 2.471 2.669 2.876 3.093 3.318 3.553 3.798 4.025 4.127 4.209 4.272 4.315 4.338 4.342 4.327 4.292 4.237 4.163 4.144 4.133 4.102 4.064
1.043 1.125 1.207 1.289 1.371 1.453 1.536 1.618 1.700 1.732 1.654 1.581 1.512 1.448 1.388 1.333 1.282 1.235 1.193 1.156 1.122 1.100 1.099 1.095 1.089 1.081 1.070 1.058 1.043 1.026 1.007 0.986 0.963 0.953 1.014 1.071 1.125 1.176 1.224 1.268 1.309 1.347 1.382 1.413 1.441 1.483 1.668 1.861 2.064 2.276 2.498 2.728 2.968 3.217 3.476 3.743 4.020 4.294 4.328 4.341 4.334 4.302 4.276 4.254 4.238 4.226 4.220 4.219 4.223 4.232 4.178 4.117
0.952 1.035 1.117 1.199 1.281 1.363 1.445 1.528 1.610 1.669 1.607 1.550 1.497 1.448 1.404 1.364 1.329 1.298 1.272 1.250 1.232 1.219 1.210 1.199 1.185 1.169 1.151 1.131 1.109 1.084 1.057 1.029 0.998 0.967 1.017 1.063 1.105 1.145 1.181 1.214 1.243 1.270 1.293 1.313 1.330 1.343 1.555 1.781 2.016 2.261 2.515 2.778 3.051 3.329 3.593 3.846 4.086 4.315 4.308 4.284 4.265 4.251 4.243 4.239 4.240 4.247 4.258 4.275 4.297 4.324 4.261 4.176
0.862 0.944 1.026 1.109 1.191 1.273 1.355 1.438 1.520 1.601 1.555 1.513 1.476 1.443 1.415 1.391 1.371 1.356 1.345 1.339 1.337 1.340 1.324 1.305 1.283 1.260 1.234 1.206 1.176 1.144 1.110 1.073 1.035 0.994 1.023 1.057 1.089 1.117 1.142 1.163 1.181 1.196 1.208 1.217 1.222 1.224 1.457 1.763 2.056 2.338 2.608 2.867 3.113 3.347 3.570 3.781 3.980 4.167 4.199 4.193 4.192 4.196 4.205 4.219 4.238 4.262 4.292 4.326 4.366 4.410 4.350 4.241
0.771 0.854 0.936 1.018 1.101 1.183 1.265 1.348 1.430 1.513 1.498 1.472 1.451 1.433 1.421 1.412 1.408 1.409 1.414 1.423 1.437 1.455 1.439 1.413 1.384 1.353 1.319 1.284 1.246 1.206 1.164 1.120 1.074 1.026 1.033 1.056 1.076 1.092 1.105 1.141 1.199 1.262 1.329 1.402 1.479 1.562 1.778 2.042 2.294 2.534 2.763 2.979 3.184 3.377 3.558 3.728 3.885 4.031 4.085 4.097 4.114 4.135 4.162 4.194 4.231 4.273 4.320 4.372 4.430 4.492 4.445 4.313
0.681 0.764 0.846 0.928 1.011 1.093 1.176 1.258 1.340 1.423 1.437 1.427 1.421 1.419 1.422 1.429 1.441 1.457 1.478 1.503 1.532 1.566 1.557 1.523 1.486 1.447 1.407 1.363 1.318 1.271 1.221 1.170 1.131 1.096 1.110 1.160 1.216 1.276 1.341 1.411 1.487 1.567 1.651 1.741 1.836 1.936 2.110 2.332 2.543 2.742 2.929 3.104 3.267 3.419 3.558 3.686 3.802 3.906 3.967 3.996 4.030 4.070 4.115 4.164 4.219 4.279 4.344 4.414 4.489 4.569 4.547 4.391
0.591 0.673 0.756 0.838 0.921 1.003 1.086 1.168 1.251 1.333 1.371 1.376 1.386 1.400 1.418 1.441 1.469 1.500 1.537 1.577 1.622 1.672 1.677 1.635 1.591 1.560 1.528 1.496 1.462 1.428 1.393 1.356 1.319 1.280 1.289 1.356 1.429 1.507 1.589 1.676 1.769 1.866 1.968 2.075 2.187 2.304 2.453 2.634 2.803 2.961 3.106 3.240 3.361 3.472 3.570 3.656 3.731 3.793 3.843 3.890 3.943 4.000 4.062 4.130 4.202 4.280 4.362 4.450 4.543 4.641 4.654 4.475
0.501 0.583 0.666 0.748 0.831 0.914 0.996 1.079 1.161 1.244 1.300 1.321 1.346 1.376 1.410 1.449 1.492 1.541 1.606 1.676 1.751 1.831 1.872 1.840 1.807 1.773 1.738 1.702 1.665 1.627 1.588 1.548 1.507 1.465 1.462 1.547 1.637 1.732 1.831 1.936 2.046 2.160 2.279 2.404 2.533 2.667 2.808 2.947 3.075 3.191 3.295 3.387 3.467 3.536 3.593 3.638 3.671 3.692 3.715 3.780 3.850 3.925 4.005 4.090 4.181 4.276 4.376 4.482 4.592 4.708 4.768 4.566
0.411 0.493 0.576 0.659 0.741 0.824 0.907 0.989 1.072 1.155 1.229 1.278 1.332 1.391 1.454 1.522 1.595 1.672 1.754 1.840 1.931 2.027 2.098 2.062 2.026 1.988 1.950 1.910 1.869 1.828 1.785 1.741 1.697 1.651 1.630 1.732 1.839 1.951 2.068 2.190 2.317 2.449 2.585 2.727 2.873 3.025 3.174 3.272 3.358 3.432 3.495 3.546 3.585 3.612 3.627 3.631 3.623 3.603 3.582 3.665 3.753 3.845 3.943 4.046 4.154 4.267 4.385 4.508 4.636 4.770 4.889 4.662
0.321 0.404 0.486 0.580 0.682 0.781 0.878 0.973 1.065 1.155 1.241 1.306 1.377 1.452 1.531 1.616 1.704 1.798 1.896 1.999 2.106 2.218 2.324 2.285 2.245 2.204 2.161 2.118 2.074 2.029 1.982 1.935 1.887 1.838 1.793 1.912 2.036 2.166 2.300 2.439 2.583 2.732 2.886 3.044 3.208 3.377 3.550 3.607 3.652 3.685 3.706 3.716 3.713 3.699 3.673 3.636 3.586 3.525 3.452 3.545 3.650 3.761 3.876 3.997 4.123 4.253 4.389 4.617 4.913 5.213 5.516 5.454
0.346 0.447 0.545 0.641 0.734 0.826 0.915 1.001 1.086 1.168 1.248 1.330 1.416 1.508 1.603 1.704 1.809 1.919 2.033 2.152 2.276 2.404 2.537 2.508 2.465 2.420 2.374 2.327 2.279 2.230 2.181 2.130 2.078 2.025 1.971 2.087 2.228 2.375 2.526 2.682 2.844 3.010 3.181 3.357 3.537 3.723 3.914 3.954 3.958 3.949 3.929 3.897 3.854 3.798 3.731 3.652 3.561 3.459 3.345 3.420 3.655 3.941 4.229 4.521 4.816 5.114 5.415 5.719 6.027 6.337 6.651 6.634
0.434 0.526 0.616 0.704 0.790 0.873 0.954 1.032 1.109 1.183 1.255 1.348 1.451 1.558 1.670 1.787 1.909 2.035 2.165 2.301 2.441 2.585 2.734 2.733 2.685 2.637 2.587 2.537 2.485 2.433 2.380 2.325 2.270 2.213 2.156 2.256 2.415 2.578 2.747 2.920 3.099 3.282 3.470 3.663 3.861 4.064 4.272 4.312 4.275 4.225 4.164 4.090 4.005 3.999 4.017 4.042 4.075 4.117 4.167 4.383 4.677 4.973 5.272 5.575 5.881 6.190 6.502 6.817 7.135 7.457 7.781 7.816
0.524 0.608 0.690 0.770 0.847 0.923 0.995 1.066 1.134 1.200 1.264 1.361 1.480 1.604 1.732 1.865 2.003 2.145 2.292 2.444 2.600 2.761 2.926 2.957 2.906 2.854 2.801 2.747 2.692 2.636 2.579 2.521 2.462 2.402 2.341 2.420 2.596 2.777 2.962 3.153 3.349 3.549 3.755 3.965 4.180 4.400 4.664 4.773 4.770 4.775 4.787 4.809 4.838 4.875 4.921 4.975 5.037 5.107 5.186 5.389 5.693 6.000 6.311 6.624 6.941 7.261 7.584 7.910 8.239 8.572 8.907 9.000
0.616 0.693 0.766 0.838 0.907 0.975 1.039 1.102 1.162 1.220 1.276 1.369 1.504 1.644 1.789 1.938 2.092 2.251 2.414 2.582 2.754 2.931 3.113 3.183 3.129 3.073 3.016 2.959 2.900 2.840 2.780 2.718 2.656 2.592 2.527 2.578 2.772 2.970 3.175 3.404 3.643 3.892 4.151 4.420 4.699 4.988 5.287 5.469 5.494 5.527 5.569 5.618 5.676 5.742 5.816 5.899 5.989 6.088 6.195 6.390 6.705 7.024 7.345 7.669 7.997 8.327 8.661 8.998 9.338 9.682 10.028 10.185
0.711 0.779 0.845 0.909 0.970 1.029 1.086 1.140 1.192 1.242 1.290 1.372 1.524 1.680 1.841 2.006 2.177 2.351 2.531 2.715 2.903 3.097 3.294 3.410 3.351 3.292 3.232 3.171 3.109 3.045 2.981 2.913 2.843 2.782 2.732 2.775 3.008 3.252 3.506 3.770 4.044 4.328 4.622 4.927 5.241 5.565 5.899 6.155 6.209 6.270 6.340 6.419 6.505 6.599 6.702 6.813 6.932 7.059 7.195 7.387 7.713 8.042 8.374 8.709 9.048 9.390 9.734 10.082 10.433 10.787 11.145 11.372
0.808 0.868 0.926 0.982 1.035 1.086 1.135 1.181 1.225 1.267 1.306 1.370 1.538 1.710 1.887 2.069 2.256 2.447 2.642 2.842 3.047 3.257 3.471 3.637 3.552 3.448 3.353 3.269 3.194 3.129 3.074 3.028 2.993 2.967 2.951 2.990 3.259 3.538 3.827 4.126 4.435 4.754 5.083 5.423 5.772 6.131 6.500 6.832 6.914 7.005 7.103 7.210 7.325 7.448 7.579 7.718 7.866 8.021 8.185 8.379 8.716 9.056 9.399 9.745 10.095 10.447 10.803 11.161 11.523 11.888 12.257 12.561
0.908 0.960 1.010 1.057 1.102 1.145 1.186 1.224 1.260 1.294 1.325 1.363 1.547 1.736 1.929 2.127 2.330 2.518 2.693 2.864 3.031 3.193 3.352 3.497 3.417 3.347 3.287 3.237 3.197 3.166 3.145 3.134 3.132 3.141 3.159 3.194 3.498 3.812 4.136 4.471 4.815 5.169 5.533 5.908 6.292 6.686 7.091 7.500 7.611 7.730 7.856 7.992 8.135 8.286 8.446 8.614 8.790 8.974 9.166 9.367 9.715 10.065 10.419 10.776 11.137 11.500 11.866 12.236 12.609 12.985 13.364 13.746
1.010 1.054 1.095 1.135 1.172 1.207 1.239 1.270 1.298 1.323 1.348 1.363 1.531 1.712 1.889 2.062 2.231 2.395 2.556 2.713 2.865 3.013 3.158 3.298 3.273 3.237 3.211 3.195 3.189 3.192 3.206 3.229 3.262 3.304 3.356 3.419 3.727 4.076 4.435 4.805 5.184 5.573 5.973 6.382 6.801 7.231 7.670 8.119 8.298 8.445 8.601 8.764 8.936 9.116 9.304 9.500 9.705 9.917 10.138 10.367 10.709 11.070 11.435 11.803 12.174 12.548 12.926 13.306 13.690 14.077 14.466 14.860
1.114 1.150 1.183 1.244 1.294 1.334 1.364 1.384 1.394 1.394 1.383 1.363 1.484 1.651 1.813 1.972 2.127 2.277 2.423 2.566 2.704 2.838 2.968 3.094 3.118 3.117 3.125 3.143 3.171 3.209 3.256 3.314 3.381 3.457 3.544 3.640 3.945 4.329 4.724 5.128 5.542 5.967 6.401 6.845 7.300 7.764 8.238 8.723 8.976 9.152 9.336 9.528 9.728 9.936 10.153 10.377 10.610 10.851 11.100 11.357 11.698 12.071 12.446 12.825 13.207 13.592 13.980 14.282 14.443 14.604 14.764 14.925
1.434 1.479 1.514 1.539 1.554 1.558 1.553 1.537 1.511 1.475 1.429 1.373 1.442 1.594 1.743 1.887 2.027 2.163 2.295 2.423 2.547 2.667 2.783 2.895 2.953 2.986 3.029 3.081 3.143 3.215 3.297 3.388 3.489 3.600 3.721 3.851 4.152 4.572 5.001 5.441 5.890 6.349 6.819 7.298 7.787 8.286 8.796 9.315 9.646 9.850 10.062 10.282 10.511 10.748 10.992 11.245 11.506 11.776 12.053 12.339 12.573 12.734 12.895 13.055 13.216 13.377 13.538 13.698 13.859 14.019 14.180 14.341
1.847 1.856 1.856 1.845 1.824 1.793 1.752 1.701 1.639 1.568 1.487 1.395 1.404 1.542 1.676 1.806 1.932 2.054 2.172 2.286 2.395 2.501 2.602 2.700 2.778 2.846 2.922 3.009 3.105 3.211 3.327 3.453 3.588 3.733 3.888 4.052 4.349 4.804 5.268 5.743 6.227 6.721 7.225 7.740 8.264 8.798 9.342 9.897 10.306 10.538 10.779 11.028 11.284 11.439 11.525 11.606 11.682 11.754 11.821 11.883 11.989 12.150 12.311 12.472 12.633 12.793 12.954 13.115 13.275 13.436 13.597 13.757
2.270 2.244 2.208 2.162 2.105 2.039 1.962 1.875 1.778 1.672 1.555 1.427 1.371 1.495 1.614 1.730 1.842 1.949 2.053 2.152 2.248 2.339 2.426 2.509 2.594 2.695 2.806 2.927 3.057 3.197 3.347 3.507 3.677 3.856 4.045 4.243 4.536 5.025 5.524 6.034 6.553 7.082 7.622 8.171 8.730 9.299 9.785 10.231 10.559 10.652 10.740 10.823 10.902 10.976 11.046 11.111 11.171 11.227 11.279 11.325 11.406 11.567 11.728 11.889 12.050 12.211 12.371 12.532 12.693 12.854 13.014 13.175
2.704 2.642 2.571 2.489 2.397 2.295 2.183 2.061 1.928 1.786 1.633 1.471 1.342 1.451 1.557 1.658 1.756 1.849 1.938 2.024 2.105 2.182 2.255 2.324 2.399 2.534 2.680 2.834 2.999 3.173 3.357 3.551 3.755 3.968 4.191 4.424 4.711 5.236 5.770 6.273 6.760 7.235 7.699 8.151 8.591 9.020 9.437 9.842 10.181 10.257 10.329 10.397 10.460 10.518 10.572 10.621 10.666 10.706 10.741 10.772 10.824 10.985 11.146 11.307 11.468 11.629 11.789 11.950 12.111 12.272 12.433 12.593
3.146 3.051 2.944 2.827 2.699 2.562 2.414 2.257 2.089 1.911 1.723 1.525 1.317 1.412 1.504 1.591 1.674 1.753 1.828 1.899 1.966 2.029 2.088 2.142 2.194 2.364 2.543 2.732 2.931 3.139 3.357 3.585 3.834 4.080 4.325 4.567 4.813 5.294 5.764 6.222 6.668 7.103 7.526 7.937 8.336 8.724 9.100 9.465 9.807 9.868 9.924 9.976 10.023 10.065 10.103 10.137 10.165 10.190 10.209 10.225 10.242 10.403 10.564 10.725 10.886 11.047 11.208 11.369 11.530 11.691 11.852 12.012
3.572 3.471 3.328 3.175 3.012 2.839 2.656 2.463 2.260 2.047 1.824 1.590 1.347 1.378 1.455 1.528 1.597 1.662 1.723 1.779 1.832 1.881 1.925 1.966 2.012 2.245 2.499 2.751 3.001 3.248 3.493 3.737 3.978 4.217 4.454 4.689 4.921 5.336 5.765 6.183 6.588 6.982 7.364 7.735 8.093 8.440 8.776 9.100 9.412 9.484 9.524 9.560 9.591 9.618 9.640 9.657 9.670 9.679 9.683 9.682 9.677 9.823 9.984 10.145 10.306 10.467 10.628 10.789 10.950 11.111 11.271 11.432
4.000 3.901 3.723 3.534 3.336 3.128 2.909 2.681 2.442 2.194 1.935 1.666 1.387 1.348 1.411 1.470 1.524 1.619 1.792 1.939 2.058 2.150 2.216 2.254 2.266 2.443 2.689 2.933 3.176 3.416 3.654 3.890 4.124 4.355 4.585 4.812 5.038 5.390 5.778 6.155 6.520 6.873 7.214 7.544 7.862 8.169 8.464 8.747 9.018 9.104 9.129 9.149 9.164 9.175 9.181 9.183 9.180 9.173 9.161 9.144 9.123 9.243 9.404 9.565 9.726 9.887 10.048 10.209 10.370 10.531 10.692 10.853
4.433 4.341 4.128 3.904 3.670 3.427 3.173 2.909 2.635 2.351 2.151 2.044 1.923 1.977 2.164 2.323 2.456 2.562 2.640 2.692 2.717 2.715 2.686 2.631 2.548 2.642 2.881 3.118 3.353 3.586 3.816 4.045 4.271 4.496 4.718 4.938 5.156 5.456 5.803 6.139 6.463 6.776 7.077 7.366 7.643 7.909 8.163 8.406 8.637 8.730 8.739 8.743 8.742 8.737 8.728 8.714 8.695 8.672 8.644 8.612 8.575 8.664 8.825 8.986 9.147 9.308 9.469 9.630 9.791 9.952 10.113 10.274
4.869 4.792 4.543 4.420 4.363 4.291 4.206 4.106 3.991 3.863 3.720 3.562 3.390 3.324 3.416 3.482 3.520 3.531 3.516 3.473 3.404 3.308 3.185 3.035 2.858 2.843 3.075 3.304 3.532 3.757 3.981 4.202 4.421 4.638 4.853 5.066 5.276 5.533 5.840 6.135 6.419 6.691 6.951 7.199 7.436 7.662 7.875 8.077 8.267 8.361 8.353 8.342 8.326 8.305 8.280 8.250 8.215 8.176 8.133 8.085 8.032 8.085 8.247 8.408 8.569 8.730 8.891 9.052 9.267 9.575 9.895 10.228
6.394 6.528 6.449 6.356 6.248 6.126 5.990 5.839 5.674 5.495 5.302 5.094 4.871 4.698 4.696 4.667 4.611 4.528 4.418 4.282 4.118 3.928 3.711 3.467 3.196 3.046 3.270 3.492 3.713 3.931 4.147 4.361 4.572 4.782 4.990 5.195 5.398 5.622 5.888 6.143 6.386 6.617 6.837 7.045 7.241 7.426 7.599 7.760 7.910 7.996 7.973 7.946 7.914 7.877 7.836 7.791 7.741 7.686 7.627 7.563 7.494 7.554 7.820 8.098 8.389 8.691 9.005 9.330 9.668 10.018 10.380 10.753
8.473 8.578 8.449 8.305 8.147 7.974 7.788 7.587 7.371 7.141 6.897 6.639 6.366 6.100 6.003 5.880 5.730 5.553 5.349 5.118 4.860 4.576 4.264 3.926 3.561 3.250 3.468 3.682 3.895 4.106 4.315 4.521 4.726 4.928 5.128 5.327 5.523 5.723 5.949 6.163 6.365 6.556 6.735 6.902 7.058 7.202 7.335 7.455 7.565 7.637 7.598 7.555 7.507 7.455 7.502 7.598 7.665 7.703 7.712 7.691 7.642 7.652 7.960 8.280 8.612 8.955 9.311 9.678 10.057 10.449 10.852 11.267
