DATA/SHG/ECMWF/20170628/EN-33/20170630.en-33.asc
ncols        190
nrows        64
xllcorner    -5100000.000000000000
yllcorner    4130000.000000000000
cellsize     10000.000000000000
NODATA_value  -99999.000
[rows 0 to 31 of 64, columns 72 to 143 of 190]
3.706 3.668 3.631 3.595 3.560 3.526 3.493 3.460 3.429 3.463 3.660 3.861 4.053 4.236 4.410 4.576 4.733 4.882 5.022 5.153 5.276 5.311 5.083 4.858 4.636 4.416 4.199 3.984 3.771 3.561 3.353 3.148 2.945 2.841 3.042 3.232 3.411 3.578 3.734 3.878 4.011 4.132 4.242 4.341 4.428 4.428 4.194 3.966 3.745 3.530 3.322 3.120 2.925 2.736 2.554 2.378 2.208 2.122 2.256 2.376 2.482 2.575 2.653 2.718 2.769 2.807 2.830 2.840 2.836 2.789 2.666 2.561
3.697 3.662 3.629 3.597 3.576 3.566 3.568 3.581 3.606 3.668 3.847 4.017 4.179 4.331 4.476 4.611 4.738 4.857 4.966 5.067 5.160 5.212 4.994 4.781 4.569 4.360 4.154 3.949 3.748 3.548 3.351 3.157 2.965 2.815 2.965 3.104 3.231 3.347 3.452 3.545 3.627 3.697 3.756 3.804 3.840 3.835 3.630 3.431 3.239 3.053 2.874 2.701 2.535 2.375 2.221 2.074 1.934 1.829 1.902 1.960 2.005 2.036 2.053 2.057 2.047 2.022 1.985 1.933 1.868 1.793 1.745 1.714
3.613 3.598 3.594 3.602 3.621 3.651 3.693 3.747 3.812 3.892 4.041 4.181 4.312 4.435 4.549 4.654 4.751 4.839 4.918 4.989 5.051 5.105 4.904 4.701 4.500 4.302 4.106 3.913 3.722 3.533 3.347 3.163 2.982 2.803 2.900 2.988 3.064 3.129 3.183 3.225 3.256 3.275 3.283 3.279 3.264 3.237 3.060 2.891 2.727 2.570 2.420 2.276 2.138 2.007 1.883 1.765 1.653 1.551 1.562 1.559 1.542 1.512 1.468 1.410 1.339 1.253 1.154 1.041 0.915 0.855 1.022 1.189
3.486 3.511 3.548 3.596 3.655 3.726 3.808 3.902 4.007 4.124 4.242 4.352 4.453 4.546 4.629 4.705 4.771 4.829 4.878 4.919 4.951 4.975 4.810 4.618 4.428 4.241 4.056 3.873 3.693 3.515 3.340 3.167 2.996 2.828 2.848 2.885 2.910 2.924 2.927 2.918 2.898 2.866 2.823 2.768 2.702 2.625 2.485 2.344 2.209 2.081 1.960 1.845 1.736 1.634 1.538 1.449 1.366 1.290 1.237 1.173 1.133 1.129 1.128 1.131 1.138 1.149 1.163 1.181 1.203 1.228 1.383 1.546
3.349 3.414 3.491 3.579 3.678 3.789 3.912 4.046 4.191 4.348 4.452 4.531 4.602 4.664 4.718 4.763 4.799 4.827 4.846 4.857 4.859 4.852 4.715 4.533 4.354 4.177 4.003 3.831 3.662 3.495 3.330 3.168 3.008 2.851 2.808 2.794 2.769 2.732 2.683 2.623 2.552 2.470 2.375 2.270 2.153 2.025 1.903 1.791 1.685 1.586 1.494 1.442 1.422 1.404 1.388 1.373 1.360 1.348 1.347 1.352 1.361 1.373 1.389 1.408 1.432 1.459 1.489 1.523 1.561 1.603 1.743 1.904
3.201 3.306 3.423 3.551 3.691 3.842 4.005 4.179 4.364 4.561 4.668 4.718 4.759 4.791 4.814 4.829 4.835 4.833 4.822 4.802 4.774 4.738 4.616 4.446 4.277 4.111 3.948 3.787 3.628 3.472 3.318 3.166 3.017 2.871 2.782 2.716 2.640 2.552 2.453 2.342 2.220 2.086 1.979 1.892 1.802 1.710 1.663 1.642 1.623 1.605 1.590 1.576 1.563 1.553 1.544 1.536 1.531 1.527 1.539 1.560 1.585 1.613 1.645 1.681 1.721 1.764 1.811 1.862 1.916 1.974 2.104 2.262
3.042 3.188 3.345 3.513 3.693 3.884 4.087 4.301 4.527 4.764 4.893 4.912 4.923 4.925 4.918 4.903 4.879 4.847 4.806 4.756 4.698 4.631 4.515 4.355 4.198 4.043 3.890 3.739 3.591 3.446 3.303 3.162 3.024 2.903 2.813 2.735 2.656 2.573 2.488 2.399 2.309 2.215 2.119 2.020 1.918 1.813 1.756 1.743 1.731 1.721 1.713 1.707 1.702 1.699 1.698 1.698 1.700 1.704 1.726 1.763 1.805 1.849 1.898 1.950 2.006 2.066 2.129 2.196 2.266 2.340 2.464 2.619
2.873 3.059 3.256 3.464 3.684 3.916 4.158 4.413 4.678 4.955 5.125 5.114 5.094 5.066 5.030 4.984 4.930 4.868 4.797 4.717 4.629 4.532 4.412 4.263 4.106 3.954 3.812 3.682 3.562 3.453 3.354 3.267 3.189 3.123 3.054 2.964 2.872 2.777 2.680 2.579 2.476 2.370 2.262 2.150 2.036 1.919 1.847 1.842 1.838 1.836 1.835 1.836 1.839 1.844 1.850 1.858 1.867 1.879 1.909 1.963 2.020 2.082 2.146 2.215 2.287 2.363 2.442 2.525 2.612 2.703 2.825 2.977
2.693 2.919 3.156 3.405 3.665 3.936 4.219 4.513 4.819 5.136 5.364 5.323 5.274 5.216 5.149 5.074 4.981 4.846 4.708 4.566 4.420 4.270 4.124 3.999 3.884 3.780 3.686 3.604 3.531 3.470 3.419 3.379 3.350 3.331 3.298 3.196 3.092 2.984 2.875 2.762 2.646 2.528 2.407 2.284 2.157 2.028 1.937 1.939 1.942 1.948 1.955 1.963 1.974 1.986 2.000 2.015 2.033 2.052 2.088 2.158 2.232 2.309 2.391 2.475 2.564 2.656 2.752 2.851 2.954 3.061 3.186 3.335
2.503 2.769 3.046 3.334 3.634 3.946 4.269 4.603 4.949 5.289 5.534 5.410 5.282 5.150 5.014 4.874 4.730 4.582 4.430 4.275 4.115 3.951 3.796 3.718 3.651 3.594 3.549 3.513 3.489 3.475 3.472 3.480 3.498 3.527 3.545 3.431 3.314 3.194 3.072 2.947 2.820 2.689 2.556 2.420 2.281 2.140 2.024 2.034 2.045 2.058 2.072 2.089 2.107 2.127 2.148 2.171 2.196 2.223 2.263 2.350 2.440 2.533 2.631 2.732 2.837 2.945 3.057 3.173 3.292 3.415 3.547 3.693
2.302 2.608 2.934 3.269 3.595 3.913 4.222 4.523 4.816 5.100 5.371 5.233 5.091 4.945 4.796 4.642 4.484 4.322 4.157 3.987 3.813 3.636 3.459 3.425 3.406 3.397 3.399 3.412 3.435 3.469 3.513 3.569 3.635 3.711 3.794 3.668 3.539 3.407 3.272 3.135 2.995 2.853 2.707 2.559 2.408 2.255 2.110 2.127 2.145 2.166 2.188 2.212 2.238 2.265 2.294 2.325 2.357 2.391 2.434 2.537 2.643 2.753 2.867 2.984 3.105 3.230 3.358 3.490 3.626 3.765 3.908 4.052
2.321 2.643 2.957 3.262 3.559 3.848 4.128 4.400 4.664 4.919 5.166 5.060 4.904 4.745 4.581 4.413 4.242 4.066 3.887 3.703 3.516 3.324 3.134 3.121 3.149 3.188 3.238 3.298 3.369 3.450 3.543 3.645 3.759 3.883 4.018 3.907 3.766 3.622 3.475 3.326 3.174 3.019 2.861 2.701 2.538 2.372 2.203 2.218 2.244 2.272 2.302 2.333 2.367 2.402 2.438 2.476 2.516 2.558 2.602 2.720 2.843 2.969 3.099 3.232 3.370 3.511 3.655 3.803 3.955 4.112 4.277 4.458
2.409 2.702 2.987 3.263 3.531 3.791 4.042 4.285 4.520 4.746 4.964 4.891 4.721 4.548 4.370 4.189 4.003 3.814 3.621 3.423 3.222 3.017 2.812 2.805 2.881 2.968 3.065 3.173 3.291 3.420 3.560 3.710 3.871 4.043 4.225 4.150 3.996 3.840 3.681 3.520 3.355 3.188 3.018 2.845 2.670 2.492 2.311 2.307 2.341 2.377 2.414 2.453 2.494 2.536 2.580 2.626 2.674 2.723 2.774 2.899 3.036 3.175 3.319 3.469 3.625 3.787 3.953 4.126 4.304 4.488 4.677 4.973
2.505 2.769 3.025 3.272 3.511 3.742 3.964 4.178 4.383 4.581 4.769 4.726 4.542 4.355 4.164 3.968 3.769 3.566 3.359 3.148 2.933 2.714 2.495 2.478 2.601 2.736 2.880 3.036 3.202 3.378 3.565 3.763 3.972 4.191 4.421 4.395 4.229 4.061 3.890 3.716 3.539 3.360 3.178 2.993 2.805 2.615 2.422 2.394 2.436 2.479 2.524 2.578 2.636 2.691 2.741 2.787 2.829 2.866 2.899 3.023 3.181 3.345 3.515 3.690 3.870 4.056 4.248 4.445 4.648 4.857 5.071 5.460
2.609 2.844 3.071 3.289 3.499 3.700 3.893 4.078 4.255 4.423 4.583 4.564 4.367 4.166 3.961 3.752 3.539 3.322 3.101 2.876 2.647 2.414 2.182 2.139 2.310 2.492 2.684 2.887 3.100 3.324 3.559 3.804 4.060 4.327 4.604 4.643 4.465 4.284 4.101 3.915 3.726 3.534 3.345 3.164 2.989 2.820 2.658 2.630 2.686 2.739 2.787 2.831 2.871 2.906 2.937 2.964 2.986 3.004 3.018 3.138 3.321 3.510 3.704 3.904 4.109 4.320 4.537 4.759 4.987 5.220 5.459 5.920
2.721 2.927 3.124 3.313 3.494 3.667 3.831 3.987 4.134 4.273 4.404 4.407 4.196 3.981 3.762 3.539 3.312 3.082 2.847 2.608 2.366 2.119 1.873 1.789 2.007 2.236 2.476 2.726 2.987 3.259 3.541 3.834 4.137 4.447 4.748 4.836 4.639 4.449 4.264 4.086 3.914 3.748 3.588 3.435 3.288 3.147 3.012 2.964 3.001 3.035 3.064 3.089 3.109 3.125 3.137 3.145 3.148 3.147 3.141 3.247 3.455 3.668 3.887 4.112 4.342 4.578 4.819 5.066 5.319 5.577 5.840 6.351
2.840 3.017 3.185 3.345 3.497 3.641 3.776 3.903 4.021 4.131 4.233 4.253 4.028 3.800 3.567 3.330 3.090 2.845 2.597 2.345 2.088 1.828 1.568 1.426 1.743 2.093 2.433 2.761 3.079 3.386 3.682 3.967 4.241 4.505 4.758 4.879 4.710 4.547 4.390 4.240 4.095 3.957 3.825 3.700 3.580 3.467 3.360 3.302 3.320 3.335 3.345 3.350 3.352 3.349 3.341 3.330 3.314 3.294 3.269 3.350 3.583 3.821 4.065 4.314 4.569 4.830 5.096 5.367 5.645 5.927 6.216 6.754
2.967 3.115 3.254 3.385 3.508 3.623 3.729 3.827 3.916 3.997 4.070 4.103 3.865 3.622 3.376 3.126 2.875 2.681 2.506 2.351 2.215 2.097 1.991 1.933 2.246 2.548 2.839 3.120 3.389 3.648 3.896 4.133 4.359 4.574 4.779 4.916 4.774 4.639 4.509 4.387 4.270 4.159 4.055 3.957 3.865 3.779 3.700 3.644 3.644 3.639 3.630 3.616 3.598 3.576 3.550 3.519 3.484 3.445 3.401 3.447 3.704 3.967 4.236 4.510 4.790 5.075 5.366 5.663 5.965 6.272 6.585 7.130
3.101 3.220 3.331 3.433 3.527 3.612 3.689 3.758 3.819 3.870 3.908 3.935 3.718 3.514 3.329 3.164 3.018 2.890 2.782 2.694 2.624 2.574 2.534 2.503 2.760 3.014 3.257 3.489 3.711 3.921 4.121 4.310 4.488 4.655 4.812 4.945 4.831 4.723 4.622 4.526 4.437 4.354 4.278 4.207 4.143 4.085 4.033 3.991 3.971 3.947 3.919 3.886 3.849 3.808 3.762 3.713 3.659 3.600 3.538 3.538 3.820 4.108 4.401 4.700 5.005 5.315 5.631 5.952 6.278 6.611 6.949 7.478
3.243 3.333 3.415 3.489 3.552 3.606 3.649 3.681 3.704 3.716 3.718 3.709 3.576 3.439 3.321 3.222 3.142 3.082 3.041 3.019 3.016 3.032 3.060 3.096 3.286 3.492 3.687 3.871 4.044 4.206 4.358 4.499 4.629 4.748 4.857 4.955 4.881 4.801 4.727 4.660 4.598 4.543 4.494 4.451 4.414 4.384 4.359 4.341 4.303 4.259 4.212 4.160 4.104 4.044 3.979 3.910 3.837 3.760 3.678 3.623 3.930 4.243 4.561 4.885 5.214 5.549 5.889 6.235 6.586 6.943 7.306 7.797
3.414 3.472 3.521 3.559 3.586 3.604 3.611 3.608 3.594 3.571 3.537 3.493 3.416 3.346 3.295 3.263 3.250 3.256 3.282 3.326 3.390 3.473 3.568 3.671 3.823 3.981 4.127 4.264 4.389 4.503 4.607 4.700 4.782 4.853 4.913 4.963 4.925 4.872 4.826 4.786 4.752 4.724 4.703 4.687 4.678 4.675 4.679 4.688 4.638 4.576 4.509 4.439 4.363 4.284 4.200 4.112 4.020 3.924 3.823 3.718 4.034 4.372 4.714 5.063 5.417 5.776 6.141 6.512 6.888 7.270 7.878 8.818
3.600 3.623 3.636 3.638 3.630 3.611 3.583 3.544 3.495 3.435 3.366 3.286 3.239 3.236 3.251 3.286 3.340 3.413 3.505 3.616 3.746 3.896 4.058 4.228 4.371 4.481 4.580 4.668 4.745 4.812 4.867 4.912 4.946 4.969 4.982 4.984 4.961 4.936 4.917 4.905 4.899 4.898 4.904 4.917 4.935 4.960 4.991 5.028 4.978 4.896 4.811 4.721 4.627 4.528 4.426 4.319 4.207 4.092 3.972 3.848 4.132 4.729 5.664 6.592 7.513 8.426 9.331 10.230 11.121 12.004 12.881 13.749
3.796 3.783 3.760 3.726 3.683 3.628 3.564 3.490 3.405 3.310 3.205 3.089 3.045 3.108 3.190 3.291 3.412 3.551 3.710 3.888 4.085 4.301 4.530 4.767 4.931 4.993 5.044 5.084 5.113 5.131 5.139 5.136 5.122 5.097 5.062 5.016 4.991 4.994 5.002 5.017 5.038 5.066 5.099 5.139 5.185 5.237 5.296 5.360 5.322 5.221 5.117 5.008 4.980 5.153 5.422 5.790 6.254 6.816 7.475 8.232 9.122 10.031 10.933 11.828 12.715 13.595 14.468 15.333 16.191 17.041 17.884 18.719
4.002 3.953 3.894 3.824 3.745 3.655 3.555 3.445 3.325 3.194 3.053 2.902 2.833 2.963 3.112 3.280 3.467 3.673 3.898 4.142 4.406 4.689 4.984 5.289 5.502 5.516 5.519 5.511 5.492 5.463 5.423 5.372 5.310 5.237 5.154 5.060 5.014 5.044 5.080 5.123 5.172 5.226 5.287 5.368 5.460 5.534 5.593 5.634 5.722 5.937 6.249 6.658 7.165 7.769 8.470 9.268 10.164 11.157 12.248 13.435 14.459 15.335 16.203 17.065 17.919 18.766 19.605 20.437 21.261 22.078 22.888 23.690
4.216 4.132 4.037 3.932 3.817 3.691 3.556 3.410 3.254 3.087 2.911 2.724 2.605 2.801 3.016 3.251 3.504 3.777 4.068 4.379 4.709 5.058 5.420 5.793 6.085 6.051 6.006 5.950 5.883 5.806 5.718 5.619 5.509 5.389 5.293 5.266 5.306 5.440 5.558 5.659 5.743 5.810 5.861 5.895 5.913 5.913 5.897 5.865 6.076 6.723 7.466 8.307 9.244 10.279 11.412 12.641 13.968 15.392 16.913 18.532 19.795 20.638 21.474 22.302 23.123 23.936 24.742 25.541 26.332 27.116 27.893 28.662
4.440 4.320 4.190 4.049 3.898 3.737 3.566 3.384 3.193 2.991 2.778 2.556 2.359 2.621 2.903 3.204 3.524 3.863 4.221 4.598 4.995 5.410 5.839 6.279 6.679 6.577 6.456 6.355 6.275 6.215 6.176 6.158 6.160 6.183 6.226 6.290 6.370 6.430 6.474 6.500 6.510 6.504 6.480 6.440 6.383 6.310 6.219 6.113 6.327 7.404 8.579 9.850 11.219 12.685 14.248 15.909 17.666 19.521 21.472 23.521 25.133 25.943 26.745 27.540 28.327 29.108 29.880 30.646 31.404 32.155 32.898 33.634
4.672 4.518 4.352 4.176 3.989 3.792 3.586 3.368 3.141 2.903 2.656 2.398 2.130 2.424 2.773 3.140 3.526 3.940 4.400 4.838 5.254 5.648 6.019 6.371 6.705 6.664 6.634 6.624 6.636 6.667 6.720 6.793 6.886 7.000 7.135 7.290 7.451 7.437 7.406 7.359 7.295 7.214 7.116 7.002 6.871 6.723 6.559 6.378 6.474 7.982 9.588 11.290 13.089 14.986 16.980 19.070 21.258 23.543 25.925 28.404 30.471 31.247 32.017 32.778 33.533 34.280 35.019 35.752 36.477 37.194 37.904 38.607
4.890 4.725 4.523 4.312 4.089 3.857 3.615 3.362 3.099 2.826 2.573 2.433 2.296 2.670 3.142 3.591 4.019 4.424 4.808 5.170 5.510 5.827 6.122 6.397 6.654 6.727 6.789 6.871 6.973 7.096 7.240 7.404 7.589 7.794 8.020 8.267 8.534 8.461 8.356 8.235 8.096 7.941 7.770 7.581 7.376 7.154 6.916 6.661 6.518 8.457 10.493 12.625 14.855 17.182 19.606 22.127 24.745 27.459 30.271 33.180 35.809 36.553 37.289 38.017 38.739 39.452 40.159 40.858 41.550 42.234 42.911 43.581
5.087 4.942 4.704 4.485 4.333 4.183 4.037 3.895 3.756 3.621 3.489 3.360 3.235 3.479 3.874 4.247 4.599 4.928 5.236 5.521 5.785 6.027 6.245 6.443 6.623 6.768 6.920 7.093 7.287 7.502 7.736 7.992 8.268 8.564 8.881 9.219 9.577 9.502 9.323 9.127 8.915 8.686 8.440 8.177 7.898 7.603 7.290 6.961 6.615 8.828 11.294 13.857 16.516 19.273 22.127 25.078 28.125 31.270 34.512 37.850 41.149 41.859 42.562 43.257 43.945 44.626 45.299 45.965 46.624 47.275 47.919 48.556
5.690 5.606 5.458 5.313 5.173 5.035 4.901 4.770 4.643 4.520 4.400 4.283 4.170 4.306 4.625 4.923 5.198 5.451 5.683 5.892 6.080 6.245 6.387 6.508 6.612 6.785 7.029 7.293 7.578 7.883 8.210 8.556 8.923 9.311 9.719 10.148 10.597 10.560 10.307 10.037 9.750 9.447 9.127 8.791 8.438 8.068 7.682 7.278 6.859 9.096 11.991 14.984 18.074 21.260 24.543 27.924 31.401 34.975 38.646 42.413 46.278 47.165 47.835 48.497 49.152 49.800 50.440 51.073 51.699 52.317 52.928 53.531
6.595 6.406 6.270 6.137 6.008 5.883 5.760 5.642 5.526 5.415 5.306 5.201 5.100 5.153 5.396 5.617 5.816 5.993 6.149 6.282 6.393 6.483 6.548 6.593 6.619 6.779 7.114 7.469 7.845 8.242 8.659 9.097 9.555 10.034 10.533 11.053 11.593 11.635 11.307 10.963 10.603 10.226 9.832 9.422 8.995 8.551 8.090 7.613 7.120 9.260 12.585 16.008 19.527 23.142 26.855 30.664 34.571 38.574 42.674 46.871 51.164 52.473 53.109 53.371 52.914 52.462 52.015 51.573 51.136 50.704 50.277 49.855
7.556 7.202 7.078 6.957 6.840 6.726 6.615 6.509 6.405 6.305 6.209 6.115 6.026 6.018 6.185 6.330 6.453 6.554 6.634 6.691 6.727 6.740 6.729 6.697 6.647 6.750 7.176 7.622 8.090 8.577 9.085 9.614 10.163 10.733 11.323 11.934 12.565 12.726 12.325 11.907 11.473 11.021 10.554 10.069 9.568 9.051 8.517 7.966 7.398 9.321 13.076 16.927 20.875 24.920 28.990 32.807 36.448 39.912 43.200 46.311 49.245 49.757 49.312 48.873 48.438 48.009 47.585 47.166 46.752 46.343 45.939 45.541
