DATA/SHG/ECMWF/20170628/EN-33/20170712.en-33.asc
ncols        190
nrows        64
xllcorner    -5100000.000000000000
yllcorner    4130000.000000000000
cellsize     10000.000000000000
NODATA_value  -99999.000
[rows 0 to 32 of 64, columns 0 to 73 of 190]
6.571 6.430 6.295 6.165 6.041 5.922 5.808 5.700 5.598 5.714 5.899 6.088 6.278 6.471 6.665 6.862 7.062 7.263 7.467 7.645 7.803 7.779 7.677 7.577 7.479 7.382 7.287 7.193 7.101 7.011 6.923 6.836 6.750 6.859 7.088 7.309 7.523 7.730 7.930 8.123 8.310 8.489 8.661 8.826 8.984 9.321 9.851 10.425 11.041 11.699 12.401 13.145 13.932 14.762 15.635 16.550 17.508 17.835 17.338 16.795 16.204 15.566 14.881 14.148 13.369 12.542 11.668 10.747 9.779 9.061 8.808 8.554 8.298 8.040
6.342 6.220 6.104 5.994 5.889 5.789 5.695 5.606 5.523 5.609 5.803 5.999 6.219 6.425 6.618 6.796 6.961 7.111 7.247 7.368 7.476 7.469 7.373 7.278 7.186 7.095 7.006 6.918 6.832 6.747 6.665 6.583 6.504 6.559 6.763 6.959 7.149 7.331 7.507 7.676 7.837 7.992 8.139 8.280 8.414 8.747 9.428 10.152 10.919 11.728 12.580 13.475 14.413 15.393 16.416 17.481 18.589 19.164 18.502 17.792 17.035 16.231 15.380 14.482 13.537 12.544 11.505 10.418 9.285 8.338 8.079 7.819 7.556 7.292
6.107 6.004 5.908 5.817 5.737 5.695 5.666 5.651 5.651 5.752 5.951 6.136 6.307 6.464 6.607 6.735 6.849 6.949 7.035 7.107 7.164 7.157 7.067 6.978 6.892 6.806 6.723 6.641 6.561 6.482 6.405 6.330 6.256 6.266 6.445 6.617 6.782 6.940 7.091 7.236 7.373 7.503 7.626 7.742 7.851 8.132 8.963 9.838 10.755 11.714 12.717 13.762 14.850 15.980 17.153 18.369 19.627 20.538 19.709 18.834 17.911 16.941 15.925 14.861 13.750 12.592 11.387 10.135 8.800 7.598 7.338 7.087 6.845 6.612
5.917 5.868 5.832 5.811 5.804 5.811 5.832 5.867 5.915 6.006 6.155 6.290 6.411 6.518 6.610 6.689 6.753 6.803 6.839 6.861 6.868 6.844 6.760 6.677 6.596 6.517 6.439 6.363 6.289 6.216 6.145 6.075 6.007 5.981 6.135 6.283 6.423 6.557 6.684 6.803 6.916 7.021 7.120 7.212 7.296 7.474 8.456 9.481 10.548 11.658 12.810 14.006 15.244 16.524 17.847 19.213 20.621 21.955 20.961 19.920 18.809 17.414 16.035 14.672 13.324 11.992 10.675 9.373 8.088 6.817 6.571 6.351 6.140 5.938
5.771 5.771 5.785 5.814 5.856 5.912 5.982 6.066 6.164 6.275 6.374 6.459 6.530 6.587 6.629 6.658 6.672 6.672 6.658 6.630 6.588 6.530 6.451 6.375 6.299 6.226 6.154 6.084 6.015 5.948 5.883 5.819 5.757 5.703 5.833 5.956 6.072 6.181 6.283 6.379 6.467 6.548 6.622 6.689 6.750 6.803 7.906 9.081 10.299 11.559 12.861 14.207 15.594 16.967 18.153 19.310 20.440 21.542 20.375 19.004 17.648 16.308 14.983 13.674 12.380 11.102 9.840 8.593 7.362 6.146 5.797 5.608 5.428 5.257
5.609 5.659 5.723 5.800 5.892 5.998 6.117 6.251 6.398 6.558 6.608 6.643 6.664 6.670 6.663 6.642 6.606 6.556 6.493 6.415 6.323 6.216 6.142 6.071 6.001 5.934 5.868 5.803 5.740 5.679 5.619 5.562 5.505 5.451 5.538 5.637 5.729 5.813 5.891 5.962 6.025 6.082 6.132 6.175 6.211 6.239 7.318 8.600 9.855 11.082 12.281 13.453 14.597 15.713 16.802 17.863 18.896 19.901 19.092 17.775 16.474 15.188 13.918 12.663 11.424 10.200 8.992 7.799 6.622 5.461 5.016 4.858 4.709 4.568
5.433 5.532 5.645 5.772 5.913 6.068 6.236 6.419 6.616 6.826 6.856 6.841 6.812 6.769 6.712 6.641 6.556 6.456 6.342 6.215 6.073 5.917 5.831 5.766 5.702 5.640 5.580 5.521 5.464 5.409 5.355 5.303 5.252 5.203 5.251 5.326 5.393 5.453 5.506 5.568 5.637 5.702 5.762 5.818 5.870 5.917 6.769 7.954 9.112 10.243 11.345 12.420 13.468 14.487 15.479 16.444 17.381 18.290 17.796 16.534 15.287 14.055 12.840 11.639 10.454 9.285 8.131 6.992 5.869 4.762 4.228 4.101 3.982 3.873
5.242 5.390 5.552 5.728 5.918 6.123 6.340 6.572 6.818 7.078 7.120 7.055 6.976 6.883 6.776 6.655 6.520 6.371 6.208 6.030 5.838 5.633 5.519 5.459 5.402 5.345 5.291 5.238 5.187 5.137 5.089 5.043 5.011 4.989 5.030 5.106 5.177 5.244 5.306 5.364 5.418 5.467 5.512 5.553 5.589 5.621 6.248 7.337 8.398 9.432 10.438 11.417 12.367 13.290 14.186 15.054 15.894 16.707 16.488 15.280 14.087 12.910 11.748 10.602 9.471 8.356 7.256 6.172 5.103 4.050 3.433 3.336 3.249 3.170
5.035 5.232 5.444 5.669 5.909 6.162 6.429 6.710 7.005 7.314 7.398 7.284 7.155 7.012 6.856 6.685 6.500 6.301 6.088 5.861 5.619 5.364 5.205 5.152 5.100 5.052 5.010 4.974 4.943 4.919 4.900 4.886 4.879 4.877 4.908 4.968 5.024 5.076 5.123 5.165 5.204 5.238 5.267 5.292 5.313 5.329 5.755 6.748 7.713 8.650 9.559 10.441 11.296 12.122 12.921 13.693 14.437 15.153 15.166 14.013 12.874 11.751 10.644 9.552 8.475 7.414 6.369 5.338 4.324 3.325 2.630 2.565 2.508 2.460
4.813 5.060 5.321 5.595 5.884 6.186 6.502 6.832 7.177 7.535 7.691 7.527 7.349 7.156 6.950 6.729 6.495 6.241 5.943 5.649 5.358 5.070 4.872 4.833 4.800 4.772 4.751 4.735 4.725 4.720 4.721 4.728 4.741 4.759 4.791 4.835 4.876 4.912 4.944 4.971 4.994 5.013 5.027 5.036 5.042 5.043 5.291 6.187 7.055 7.896 8.709 9.494 10.252 10.983 11.685 12.361 13.008 13.628 13.832 12.733 11.648 10.579 9.526 8.488 7.466 6.459 5.468 4.492 3.531 2.586 1.821 1.786 1.760 1.743
4.576 4.872 5.182 5.506 5.843 6.195 6.560 6.939 7.333 7.740 7.966 7.658 7.353 7.052 6.753 6.458 6.165 5.875 5.589 5.305 5.024 4.747 4.526 4.507 4.494 4.487 4.486 4.490 4.500 4.516 4.537 4.564 4.597 4.636 4.678 4.707 4.732 4.753 4.769 4.781 4.789 4.792 4.791 4.785 4.775 4.761 4.854 5.654 6.426 7.170 7.887 8.576 9.238 9.872 10.478 11.057 11.609 12.133 12.485 11.440 10.409 9.395 8.396 7.412 6.444 5.491 4.553 3.631 2.725 1.834 1.004 1.000 1.005 1.018
4.324 4.669 5.028 5.398 5.756 6.099 6.427 6.739 7.035 7.317 7.524 7.227 6.933 6.642 6.354 6.068 5.786 5.507 5.231 4.958 4.688 4.421 4.175 4.176 4.183 4.196 4.215 4.240 4.270 4.306 4.347 4.395 4.448 4.507 4.570 4.584 4.594 4.599 4.600 4.597 4.589 4.577 4.560 4.539 4.514 4.484 4.450 5.149 5.824 6.472 7.093 7.686 8.251 8.789 9.300 9.782 10.238 10.666 11.066 10.134 9.158 8.197 7.252 6.322 5.408 4.509 3.626 2.821 2.085 1.372 0.682 0.755 0.895 1.039
4.248 4.599 4.934 5.253 5.557 5.846 6.119 6.377 6.619 6.846 7.057 6.793 6.509 6.229 5.951 5.677 5.405 5.137 4.871 4.609 4.349 4.092 3.839 3.839 3.867 3.900 3.939 3.984 4.034 4.090 4.152 4.219 4.293 4.372 4.456 4.465 4.459 4.449 4.435 4.416 4.393 4.366 4.334 4.298 4.257 4.212 4.163 4.672 5.251 5.803 6.327 6.824 7.293 7.735 8.150 8.536 8.896 9.227 9.532 8.815 7.953 7.137 6.344 5.574 4.826 4.102 3.400 2.721 2.065 1.431 0.821 0.812 0.964 1.120
4.284 4.580 4.860 5.125 5.375 5.609 5.828 6.032 6.220 6.392 6.549 6.357 6.084 5.814 5.547 5.283 5.022 4.764 4.509 4.257 4.008 3.761 3.518 3.497 3.545 3.598 3.657 3.722 3.792 3.869 3.951 4.038 4.132 4.231 4.336 4.351 4.330 4.305 4.275 4.241 4.202 4.160 4.112 4.061 4.005 3.945 3.880 4.223 4.706 5.162 5.590 5.991 6.364 6.747 7.121 7.480 7.824 8.154 8.468 8.032 7.273 6.537 5.824 5.133 4.465 3.821 3.198 2.599 2.023 1.469 0.938 0.865 1.030 1.198
4.336 4.577 4.804 5.015 5.210 5.390 5.555 5.704 5.838 5.956 6.059 5.918 5.655 5.396 5.140 4.886 4.636 4.388 4.144 3.902 3.663 3.428 3.195 3.149 3.217 3.290 3.370 3.455 3.545 3.642 3.744 3.852 3.965 4.085 4.210 4.241 4.205 4.164 4.119 4.070 4.016 3.958 3.896 3.829 3.758 3.682 3.603 3.812 4.223 4.620 5.002 5.368 5.720 6.057 6.379 6.687 6.979 7.257 7.520 7.252 6.573 5.916 5.283 4.672 4.084 3.518 2.976 2.456 1.959 1.485 1.033 0.916 1.092 1.272
4.405 4.592 4.764 4.921 5.062 5.188 5.298 5.393 5.473 5.537 5.586 5.477 5.225 4.976 4.730 4.487 4.247 4.010 3.776 3.545 3.317 3.092 2.870 2.796 2.884 2.977 3.077 3.182 3.293 3.409 3.531 3.659 3.793 3.932 4.078 4.137 4.085 4.029 3.967 3.893 3.817 3.741 3.662 3.583 3.502 3.419 3.336 3.449 3.808 4.153 4.483 4.798 5.098 5.383 5.654 5.909 6.150 6.376 6.587 6.451 5.851 5.275 4.720 4.189 3.681 3.195 2.732 2.291 1.874 1.479 1.107 0.963 1.151 1.343
4.491 4.624 4.742 4.844 4.931 5.003 5.059 5.100 5.126 5.136 5.130 5.033 4.791 4.553 4.318 4.085 3.856 3.629 3.405 3.185 2.967 2.753 2.541 2.437 2.545 2.659 2.778 2.903 3.034 3.171 3.313 3.464 3.617 3.762 3.901 3.968 3.893 3.817 3.739 3.660 3.580 3.499 3.416 3.331 3.246 3.158 3.070 3.100 3.408 3.701 3.979 4.242 4.491 4.724 4.943 5.147 5.336 5.511 5.670 5.629 5.109 4.612 4.137 3.685 3.256 2.850 2.466 2.105 1.767 1.452 1.159 1.007 1.207 1.410
4.593 4.672 4.736 4.784 4.817 4.835 4.837 4.824 4.795 4.751 4.692 4.587 4.356 4.128 3.903 3.681 3.462 3.246 3.033 2.823 2.615 2.411 2.210 2.072 2.226 2.405 2.577 2.741 2.898 3.047 3.189 3.323 3.450 3.570 3.682 3.756 3.677 3.596 3.513 3.430 3.345 3.258 3.171 3.081 2.991 2.899 2.806 2.767 3.023 3.264 3.491 3.702 3.899 4.081 4.248 4.401 4.538 4.661 4.769 4.787 4.346 3.928 3.533 3.161 2.811 2.484 2.180 1.898 1.639 1.403 1.190 1.047 1.259 1.475
4.713 4.738 4.747 4.741 4.720 4.684 4.632 4.565 4.482 4.384 4.271 4.138 3.917 3.700 3.485 3.274 3.065 2.892 2.743 2.602 2.467 2.339 2.218 2.115 2.276 2.429 2.574 2.712 2.843 2.967 3.082 3.191 3.292 3.386 3.472 3.546 3.462 3.376 3.289 3.201 3.111 3.020 2.927 2.834 2.738 2.642 2.544 2.449 2.654 2.843 3.018 3.178 3.323 3.453 3.569 3.669 3.755 3.827 3.883 3.923 3.562 3.224 2.908 2.615 2.345 2.097 1.872 1.670 1.490 1.333 1.199 1.088 1.308 1.536
4.849 4.820 4.775 4.716 4.640 4.550 4.444 4.323 4.186 4.034 3.899 3.754 3.590 3.431 3.279 3.134 2.995 2.864 2.740 2.622 2.512 2.409 2.312 2.222 2.333 2.460 2.580 2.692 2.796 2.894 2.984 3.066 3.141 3.209 3.269 3.322 3.249 3.158 3.067 2.973 2.879 2.783 2.686 2.587 2.487 2.386 2.283 2.179 2.299 2.437 2.560 2.668 2.762 2.841 2.905 2.954 2.988 3.008 3.013 3.003 2.758 2.498 2.262 2.048 1.857 1.689 1.543 1.420 1.320 1.242 1.187 1.155 1.354 1.593
5.002 4.919 4.820 4.754 4.670 4.569 4.450 4.314 4.160 3.988 3.799 3.593 3.433 3.298 3.170 3.050 2.936 2.829 2.729 2.636 2.550 2.471 2.398 2.333 2.398 2.499 2.593 2.679 2.758 2.829 2.893 2.949 2.998 3.040 3.074 3.101 3.037 2.942 2.846 2.748 2.649 2.548 2.446 2.343 2.238 2.132 2.025 1.916 1.960 2.046 2.118 2.174 2.216 2.244 2.256 2.254 2.237 2.205 2.158 2.097 1.932 1.752 1.595 1.460 1.349 1.259 1.193 1.167 1.174 1.179 1.181 1.180 1.331 1.533
5.436 5.344 5.233 5.105 4.960 4.797 4.616 4.418 4.202 3.969 3.718 3.450 3.268 3.158 3.055 2.958 2.869 2.786 2.711 2.642 2.580 2.525 2.477 2.437 2.471 2.546 2.613 2.674 2.726 2.772 2.810 2.840 2.863 2.879 2.888 2.888 2.828 2.728 2.627 2.524 2.420 2.315 2.208 2.100 1.991 1.880 1.768 1.654 1.636 1.670 1.690 1.696 1.686 1.662 1.623 1.569 1.500 1.417 1.319 1.206 1.154 1.171 1.185 1.197 1.206 1.212 1.215 1.216 1.214 1.209 1.201 1.191 1.293 1.468
5.992 5.837 5.665 5.475 5.268 5.043 4.801 4.541 4.264 3.969 3.656 3.326 3.097 3.011 2.932 2.860 2.795 2.736 2.685 2.641 2.603 2.573 2.549 2.532 2.551 2.600 2.642 2.676 2.703 2.722 2.734 2.739 2.736 2.726 2.709 2.684 2.620 2.515 2.409 2.302 2.193 2.083 1.972 1.859 1.745 1.629 1.513 1.394 1.327 1.310 1.278 1.232 1.171 1.161 1.185 1.207 1.225 1.241 1.254 1.263 1.272 1.279 1.284 1.286 1.285 1.282 1.276 1.267 1.256 1.241 1.224 1.205 1.263 1.410
6.566 6.350 6.116 5.864 5.595 5.309 5.005 4.683 4.344 3.988 3.614 3.222 2.918 2.856 2.802 2.754 2.713 2.679 2.652 2.632 2.619 2.613 2.613 2.621 2.639 2.662 2.678 2.686 2.687 2.681 2.667 2.646 2.617 2.581 2.537 2.487 2.413 2.304 2.193 2.081 1.968 1.853 1.737 1.620 1.501 1.381 1.308 1.258 1.238 1.266 1.292 1.315 1.335 1.352 1.366 1.377 1.386 1.391 1.394 1.394 1.392 1.390 1.386 1.378 1.368 1.355 1.339 1.321 1.300 1.276 1.250 1.221 1.240 1.359
7.159 6.881 6.585 6.272 5.941 5.593 5.228 4.845 4.444 4.026 3.590 3.137 2.732 2.695 2.664 2.641 2.624 2.615 2.612 2.616 2.627 2.645 2.670 2.702 2.734 2.732 2.722 2.704 2.679 2.647 2.607 2.560 2.505 2.443 2.374 2.297 2.209 2.095 1.979 1.895 1.821 1.754 1.693 1.640 1.593 1.553 1.520 1.494 1.481 1.500 1.515 1.528 1.538 1.545 1.549 1.551 1.549 1.545 1.537 1.527 1.515 1.504 1.489 1.472 1.453 1.430 1.405 1.378 1.347 1.314 1.278 1.240 1.225 1.316
7.770 7.430 7.073 6.698 6.306 5.897 5.469 5.025 4.563 4.083 3.586 3.071 2.539 2.526 2.520 2.521 2.528 2.543 2.564 2.593 2.628 2.670 2.720 2.776 2.838 2.809 2.773 2.730 2.679 2.620 2.555 2.482 2.401 2.325 2.254 2.187 2.124 2.054 1.990 1.933 1.883 1.840 1.803 1.773 1.751 1.734 1.725 1.723 1.727 1.736 1.741 1.744 1.744 1.741 1.735 1.726 1.715 1.700 1.683 1.663 1.640 1.619 1.596 1.569 1.540 1.508 1.474 1.437 1.397 1.354 1.309 1.261 1.217 1.281
8.396 7.999 7.580 7.144 6.690 6.219 5.730 5.224 4.700 4.159 3.600 3.024 2.431 2.350 2.368 2.393 2.425 2.464 2.510 2.562 2.622 2.688 2.762 2.842 2.922 2.844 2.753 2.666 2.583 2.505 2.431 2.362 2.297 2.237 2.181 2.130 2.084 2.038 1.998 1.964 1.938 1.919 1.906 1.900 1.901 1.908 1.923 1.944 1.972 1.974 1.970 1.963 1.952 1.939 1.924 1.905 1.883 1.859 1.832 1.801 1.768 1.738 1.704 1.669 1.630 1.589 1.545 1.498 1.449 1.397 1.342 1.285 1.225 1.253
9.037 8.585 8.105 7.607 7.092 6.559 6.009 5.442 4.857 4.254 3.634 2.996 2.342 2.167 2.209 2.258 2.314 2.380 2.448 2.507 2.559 2.601 2.636 2.662 2.679 2.625 2.550 2.478 2.411 2.349 2.291 2.238 2.189 2.144 2.104 2.069 2.038 2.014 1.998 1.989 1.986 1.990 2.001 2.019 2.044 2.075 2.114 2.159 2.211 2.215 2.201 2.184 2.163 2.140 2.115 2.086 2.054 2.020 1.983 1.942 1.899 1.858 1.816 1.770 1.722 1.672 1.618 1.562 1.504 1.442 1.378 1.311 1.242 1.232
9.693 9.191 8.649 8.090 7.513 6.919 6.308 5.678 5.032 4.368 3.691 3.022 2.364 2.114 2.186 2.250 2.305 2.352 2.391 2.421 2.443 2.456 2.461 2.458 2.446 2.402 2.342 2.286 2.235 2.189 2.146 2.109 2.076 2.047 2.023 2.003 1.988 1.984 1.992 2.006 2.027 2.055 2.090 2.132 2.180 2.235 2.297 2.366 2.442 2.459 2.434 2.407 2.377 2.344 2.308 2.269 2.228 2.183 2.136 2.086 2.033 1.981 1.929 1.875 1.817 1.757 1.694 1.629 1.561 1.490 1.416 1.340 1.261 1.219
10.365 9.815 9.212 8.533 7.825 7.128 6.442 5.767 5.104 4.451 3.810 3.179 2.560 2.212 2.255 2.289 2.315 2.333 2.342 2.343 2.336 2.320 2.296 2.263 2.222 2.175 2.130 2.090 2.055 2.024 1.997 1.975 1.958 1.945 1.937 1.933 1.933 1.947 1.979 2.017 2.062 2.113 2.172 2.237 2.309 2.388 2.474 2.566 2.666 2.705 2.671 2.633 2.593 2.550 2.504 2.456 2.404 2.350 2.292 2.232 2.169 2.107 2.046 1.981 1.915 1.845 1.773 1.698 1.630 1.589 1.563 1.553 1.560 1.583
10.384 9.741 9.050 8.370 7.700 7.042 6.395 5.759 5.134 4.520 3.917 3.325 2.744 2.319 2.333 2.338 2.335 2.323 2.303 2.275 2.238 2.193 2.139 2.077 2.007 1.942 1.914 1.890 1.870 1.855 1.844 1.838 1.836 1.839 1.846 1.858 1.874 1.903 1.958 2.020 2.089 2.164 2.246 2.336 2.431 2.534 2.643 2.760 2.882 2.954 2.909 2.862 2.812 2.759 2.703 2.644 2.583 2.518 2.451 2.381 2.308 2.215 2.117 2.034 1.968 1.918 1.884 1.866 1.864 1.878 1.908 1.954 2.017 2.067
10.058 9.489 8.836 8.195 7.564 6.944 6.336 5.738 5.152 4.576 4.012 3.459 2.916 2.436 2.420 2.396 2.363 2.322 2.273 2.215 2.149 2.075 1.992 1.901 1.801 1.706 1.693 1.685 1.681 1.681 1.686 1.696 1.709 1.728 1.751 1.778 1.810 1.852 1.931 2.017 2.109 2.208 2.314 2.427 2.546 2.673 2.806 2.946 3.092 3.205 3.150 3.093 3.033 2.970 2.874 2.756 2.637 2.517 2.396 2.273 2.150 2.042 2.000 1.973 1.963 1.968 1.990 2.028 2.082 2.152 2.238 2.340 2.458 2.554
9.712 9.214 8.611 8.008 7.416 6.835 6.265 5.706 5.158 4.621 4.095 3.580 3.077 2.584 2.515 2.462 2.400 2.330 2.251 2.165 2.069 1.966 1.854 1.733 1.605 1.468 1.468 1.475 1.487 1.503 1.524 1.549 1.578 1.613 1.651 1.694 1.742 1.795 1.897 2.006 2.123 2.245 2.375 2.511 2.655 2.804 2.961 3.114 3.234 3.309 3.193 3.075 2.956 2.837 2.716 2.594 2.471 2.347 2.222 2.096 1.969 1.854 1.867 1.896 1.942 2.003 2.081 2.175 2.284 2.410 2.552 2.709 2.883 3.045
