DATA/SHG/ECMWF/20170628/EN-33/20170709.en-33.asc
ncols        190
nrows        64
xllcorner    -5100000.000000000000
yllcorner    4130000.000000000000
cellsize     10000.000000000000
NODATA_value  -99999.000
[rows 0 to 32 of 64, columns 0 to 73 of 190]
1.106 1.136 1.170 1.208 1.251 1.297 1.348 1.404 1.464 1.451 1.414 1.376 1.337 1.298 1.257 1.216 1.174 1.131 1.088 1.050 1.016 1.003 0.999 0.996 0.993 0.991 0.989 0.988 0.988 0.988 0.989 0.990 0.992 1.046 1.131 1.212 1.289 1.362 1.431 1.496 1.557 1.614 1.668 1.717 1.762 1.793 1.810 1.823 1.832 1.836 1.836 1.832 1.824 1.811 1.794 1.773 1.747 1.666 1.526 1.395 1.271 1.156 1.048 0.947 0.855 0.770 0.693 0.624 0.563 0.516 0.481 0.445 0.409 0.371
0.948 0.993 1.042 1.095 1.153 1.215 1.281 1.352 1.427 1.433 1.393 1.352 1.309 1.267 1.228 1.191 1.156 1.124 1.094 1.066 1.040 1.028 1.026 1.025 1.024 1.024 1.024 1.025 1.027 1.029 1.031 1.034 1.038 1.075 1.146 1.213 1.276 1.335 1.390 1.441 1.489 1.532 1.571 1.607 1.638 1.658 1.660 1.658 1.652 1.641 1.626 1.607 1.584 1.556 1.524 1.488 1.448 1.380 1.268 1.164 1.068 0.980 0.899 0.826 0.761 0.704 0.654 0.612 0.578 0.549 0.511 0.473 0.434 0.394
0.785 0.845 0.909 0.978 1.052 1.132 1.210 1.286 1.360 1.381 1.340 1.302 1.267 1.233 1.202 1.173 1.146 1.122 1.099 1.080 1.062 1.052 1.052 1.053 1.054 1.056 1.058 1.061 1.065 1.069 1.073 1.078 1.084 1.107 1.165 1.218 1.267 1.312 1.353 1.391 1.424 1.454 1.479 1.501 1.519 1.527 1.514 1.497 1.476 1.450 1.421 1.387 1.348 1.306 1.259 1.208 1.152 1.088 1.003 0.927 0.858 0.797 0.743 0.698 0.660 0.630 0.608 0.593 0.579 0.560 0.511 0.465 0.419 0.375
0.684 0.765 0.844 0.921 0.996 1.069 1.140 1.210 1.277 1.312 1.280 1.250 1.222 1.197 1.173 1.152 1.134 1.117 1.103 1.091 1.081 1.076 1.078 1.080 1.084 1.087 1.092 1.096 1.102 1.108 1.114 1.122 1.129 1.144 1.187 1.227 1.262 1.293 1.321 1.344 1.364 1.380 1.392 1.399 1.403 1.401 1.373 1.341 1.305 1.264 1.220 1.171 1.117 1.060 0.998 0.932 0.862 0.788 0.731 0.682 0.642 0.629 0.616 0.602 0.587 0.573 0.557 0.542 0.525 0.509 0.466 0.425 0.385 0.347
0.657 0.731 0.804 0.874 0.942 1.008 1.073 1.135 1.196 1.241 1.217 1.195 1.175 1.158 1.142 1.129 1.119 1.110 1.104 1.100 1.098 1.099 1.103 1.107 1.112 1.118 1.124 1.131 1.139 1.147 1.155 1.164 1.174 1.185 1.214 1.240 1.261 1.279 1.292 1.302 1.308 1.310 1.308 1.302 1.292 1.278 1.236 1.189 1.138 1.083 1.023 0.959 0.891 0.826 0.782 0.737 0.692 0.646 0.629 0.616 0.601 0.587 0.572 0.556 0.541 0.524 0.507 0.490 0.473 0.454 0.420 0.384 0.349 0.317
0.633 0.700 0.765 0.829 0.890 0.950 1.008 1.063 1.117 1.168 1.152 1.138 1.126 1.116 1.109 1.104 1.101 1.101 1.102 1.106 1.112 1.121 1.127 1.133 1.141 1.148 1.156 1.165 1.175 1.185 1.195 1.206 1.218 1.230 1.245 1.257 1.264 1.268 1.268 1.264 1.256 1.244 1.228 1.208 1.184 1.157 1.111 1.070 1.028 0.986 0.942 0.898 0.853 0.807 0.760 0.713 0.664 0.615 0.592 0.577 0.561 0.545 0.529 0.512 0.494 0.476 0.458 0.439 0.420 0.401 0.372 0.341 0.312 0.285
0.610 0.671 0.729 0.786 0.841 0.894 0.944 0.993 1.040 1.085 1.084 1.078 1.074 1.073 1.073 1.076 1.081 1.089 1.098 1.110 1.124 1.141 1.150 1.159 1.168 1.178 1.188 1.199 1.210 1.222 1.234 1.247 1.261 1.275 1.280 1.277 1.271 1.261 1.247 1.229 1.211 1.194 1.179 1.167 1.155 1.146 1.114 1.070 1.025 0.980 0.933 0.886 0.838 0.789 0.739 0.689 0.637 0.585 0.556 0.539 0.522 0.504 0.486 0.467 0.448 0.429 0.409 0.389 0.368 0.347 0.323 0.298 0.274 0.252
0.590 0.644 0.696 0.746 0.793 0.839 0.883 0.925 0.966 1.004 1.015 1.016 1.021 1.027 1.035 1.046 1.059 1.074 1.092 1.112 1.134 1.158 1.174 1.184 1.195 1.207 1.219 1.232 1.245 1.259 1.273 1.288 1.291 1.290 1.275 1.254 1.235 1.218 1.202 1.189 1.177 1.166 1.158 1.151 1.147 1.143 1.117 1.070 1.023 0.974 0.925 0.875 0.824 0.772 0.719 0.666 0.611 0.556 0.519 0.501 0.482 0.463 0.444 0.424 0.403 0.382 0.361 0.339 0.317 0.294 0.272 0.252 0.234 0.218
0.572 0.619 0.664 0.707 0.748 0.787 0.825 0.860 0.893 0.925 0.943 0.952 0.964 0.978 0.995 1.014 1.035 1.058 1.083 1.111 1.141 1.173 1.196 1.208 1.221 1.225 1.227 1.228 1.228 1.227 1.224 1.221 1.217 1.212 1.202 1.187 1.174 1.163 1.154 1.146 1.141 1.137 1.135 1.134 1.136 1.139 1.121 1.072 1.021 0.970 0.917 0.864 0.810 0.756 0.700 0.644 0.586 0.528 0.484 0.464 0.444 0.423 0.402 0.380 0.358 0.336 0.313 0.290 0.266 0.242 0.220 0.206 0.193 0.182
0.556 0.596 0.635 0.671 0.705 0.737 0.768 0.796 0.823 0.848 0.868 0.886 0.906 0.928 0.952 0.979 1.008 1.039 1.074 1.106 1.135 1.160 1.175 1.177 1.177 1.176 1.175 1.172 1.169 1.164 1.158 1.152 1.144 1.136 1.126 1.118 1.111 1.107 1.104 1.103 1.103 1.106 1.110 1.116 1.123 1.133 1.127 1.074 1.020 0.966 0.911 0.855 0.798 0.740 0.682 0.622 0.562 0.501 0.449 0.427 0.405 0.383 0.361 0.337 0.314 0.290 0.266 0.241 0.215 0.190 0.167 0.158 0.151 0.145
0.542 0.576 0.607 0.637 0.664 0.690 0.714 0.735 0.755 0.773 0.799 0.845 0.888 0.928 0.964 0.998 1.028 1.055 1.078 1.099 1.116 1.130 1.138 1.136 1.133 1.129 1.124 1.118 1.111 1.103 1.094 1.084 1.073 1.060 1.049 1.047 1.047 1.048 1.052 1.057 1.064 1.072 1.083 1.095 1.109 1.125 1.133 1.077 1.021 0.963 0.905 0.846 0.786 0.726 0.664 0.602 0.539 0.475 0.414 0.391 0.368 0.344 0.320 0.295 0.270 0.245 0.219 0.192 0.165 0.138 0.112 0.108 0.107 0.106
0.531 0.557 0.582 0.613 0.652 0.691 0.731 0.772 0.813 0.855 0.897 0.932 0.963 0.992 1.017 1.039 1.057 1.073 1.085 1.094 1.100 1.103 1.102 1.097 1.090 1.083 1.074 1.064 1.054 1.042 1.030 1.016 1.002 0.986 0.970 0.975 0.981 0.989 0.998 1.009 1.023 1.038 1.054 1.073 1.093 1.115 1.139 1.081 1.022 0.961 0.900 0.838 0.776 0.712 0.648 0.582 0.516 0.449 0.382 0.355 0.330 0.305 0.279 0.253 0.227 0.200 0.172 0.149 0.130 0.113 0.096 0.104 0.115 0.126
0.578 0.617 0.657 0.697 0.738 0.780 0.822 0.865 0.908 0.952 0.997 1.021 1.042 1.059 1.072 1.083 1.091 1.095 1.096 1.094 1.088 1.080 1.068 1.058 1.048 1.037 1.025 1.012 0.998 0.983 0.967 0.950 0.932 0.913 0.893 0.900 0.913 0.927 0.943 0.960 0.980 1.001 1.024 1.049 1.075 1.104 1.134 1.086 1.023 0.960 0.896 0.831 0.766 0.699 0.632 0.564 0.495 0.425 0.354 0.320 0.296 0.274 0.253 0.232 0.213 0.195 0.178 0.162 0.146 0.132 0.119 0.126 0.138 0.150
0.655 0.697 0.739 0.781 0.824 0.868 0.912 0.957 1.003 1.049 1.096 1.114 1.123 1.129 1.132 1.131 1.127 1.120 1.110 1.096 1.080 1.060 1.037 1.021 1.008 0.993 0.978 0.961 0.944 0.925 0.906 0.885 0.864 0.841 0.818 0.824 0.843 0.863 0.886 0.909 0.935 0.963 0.992 1.023 1.056 1.090 1.127 1.091 1.026 0.960 0.893 0.825 0.757 0.689 0.621 0.552 0.482 0.411 0.339 0.303 0.283 0.264 0.246 0.230 0.214 0.199 0.186 0.173 0.161 0.151 0.141 0.147 0.160 0.174
0.732 0.775 0.819 0.864 0.909 0.955 1.001 1.048 1.096 1.144 1.193 1.211 1.208 1.203 1.194 1.182 1.167 1.149 1.127 1.102 1.074 1.043 1.009 0.985 0.968 0.950 0.931 0.911 0.890 0.868 0.845 0.821 0.797 0.771 0.744 0.747 0.772 0.798 0.827 0.857 0.889 0.923 0.958 0.995 1.034 1.075 1.122 1.102 1.035 0.968 0.900 0.832 0.762 0.692 0.621 0.549 0.476 0.402 0.328 0.285 0.269 0.253 0.239 0.226 0.214 0.203 0.193 0.184 0.175 0.168 0.162 0.167 0.182 0.197
0.807 0.853 0.899 0.946 0.993 1.041 1.090 1.139 1.189 1.239 1.290 1.310 1.297 1.280 1.260 1.237 1.210 1.181 1.148 1.112 1.073 1.030 0.985 0.950 0.930 0.908 0.886 0.862 0.838 0.813 0.786 0.759 0.730 0.701 0.671 0.667 0.699 0.731 0.772 0.841 0.904 0.960 1.010 1.053 1.089 1.119 1.142 1.123 1.053 0.983 0.913 0.841 0.769 0.696 0.622 0.547 0.471 0.395 0.317 0.266 0.254 0.242 0.231 0.222 0.213 0.205 0.199 0.193 0.188 0.185 0.182 0.187 0.203 0.220
0.882 0.930 0.978 1.027 1.076 1.127 1.177 1.229 1.281 1.333 1.386 1.413 1.388 1.360 1.329 1.295 1.257 1.216 1.172 1.125 1.074 1.021 0.964 0.916 0.892 0.867 0.842 0.815 0.787 0.758 0.728 0.717 0.747 0.768 0.780 0.806 0.872 0.931 0.984 1.030 1.070 1.103 1.130 1.149 1.163 1.169 1.169 1.144 1.072 0.999 0.926 0.851 0.776 0.700 0.623 0.546 0.467 0.388 0.308 0.247 0.237 0.229 0.222 0.216 0.211 0.207 0.204 0.202 0.201 0.200 0.201 0.207 0.225 0.243
0.956 1.006 1.056 1.107 1.159 1.211 1.264 1.318 1.372 1.426 1.482 1.519 1.483 1.444 1.401 1.356 1.307 1.255 1.199 1.141 1.079 1.014 0.946 0.883 0.900 0.958 1.009 1.051 1.084 1.109 1.126 1.134 1.133 1.125 1.107 1.094 1.137 1.174 1.203 1.226 1.243 1.253 1.256 1.253 1.243 1.226 1.203 1.167 1.092 1.016 0.940 0.862 0.784 0.705 0.626 0.545 0.464 0.382 0.299 0.226 0.220 0.216 0.212 0.210 0.208 0.207 0.208 0.209 0.212 0.215 0.219 0.226 0.245 0.265
1.029 1.081 1.133 1.187 1.240 1.295 1.350 1.406 1.462 1.519 1.576 1.629 1.582 1.531 1.477 1.420 1.360 1.345 1.359 1.378 1.401 1.428 1.459 1.495 1.533 1.562 1.582 1.594 1.598 1.593 1.580 1.558 1.528 1.490 1.443 1.390 1.409 1.422 1.429 1.429 1.422 1.409 1.389 1.362 1.329 1.290 1.243 1.190 1.112 1.034 0.954 0.874 0.793 0.712 0.629 0.546 0.462 0.377 0.291 0.204 0.202 0.201 0.201 0.202 0.204 0.207 0.211 0.216 0.222 0.229 0.237 0.246 0.266 0.286
1.101 1.155 1.210 1.265 1.321 1.378 1.435 1.493 1.551 1.610 1.710 1.825 1.841 1.849 1.862 1.878 1.899 1.924 1.953 1.986 2.024 2.066 2.111 2.161 2.174 2.173 2.164 2.146 2.120 2.086 2.043 1.991 1.931 1.863 1.786 1.701 1.687 1.677 1.661 1.637 1.608 1.571 1.528 1.479 1.422 1.359 1.290 1.214 1.134 1.052 0.970 0.887 0.803 0.719 0.633 0.547 0.460 0.372 0.284 0.194 0.183 0.186 0.189 0.194 0.199 0.206 0.213 0.221 0.231 0.241 0.253 0.265 0.286 0.308
1.173 1.229 1.286 1.367 1.456 1.553 1.657 1.769 1.888 2.015 2.150 2.291 2.342 2.365 2.392 2.423 2.459 2.498 2.542 2.590 2.642 2.698 2.758 2.823 2.822 2.792 2.753 2.706 2.650 2.586 2.513 2.432 2.343 2.245 2.138 2.024 1.972 1.939 1.899 1.853 1.800 1.740 1.674 1.601 1.522 1.436 1.343 1.244 1.156 1.071 0.986 0.901 0.814 0.726 0.638 0.549 0.459 0.369 0.277 0.185 0.164 0.169 0.176 0.184 0.193 0.203 0.214 0.261 0.358 0.448 0.531 0.607 0.681 0.750
1.311 1.404 1.504 1.612 1.728 1.851 1.982 2.120 2.266 2.419 2.580 2.749 2.838 2.876 2.917 2.963 3.013 3.067 3.125 3.187 3.254 3.325 3.400 3.479 3.479 3.419 3.351 3.274 3.188 3.094 2.992 2.881 2.762 2.635 2.499 2.354 2.263 2.207 2.144 2.074 1.998 1.915 1.826 1.730 1.628 1.519 1.403 1.281 1.178 1.091 1.003 0.915 0.825 0.735 0.644 0.552 0.459 0.366 0.272 0.177 0.202 0.324 0.438 0.546 0.646 0.740 0.827 0.906 0.979 1.044 1.103 1.155 1.203 1.246
1.468 1.588 1.715 1.849 1.991 2.141 2.298 2.463 2.635 2.815 3.002 3.197 3.329 3.381 3.437 3.497 3.562 3.630 3.703 3.780 3.861 3.946 4.036 4.129 4.144 4.054 3.956 3.850 3.734 3.611 3.479 3.339 3.190 3.033 2.867 2.693 2.560 2.481 2.395 2.302 2.203 2.097 1.985 1.866 1.741 1.608 1.470 1.325 1.202 1.112 1.021 0.930 0.838 0.814 0.833 0.854 0.878 0.904 0.931 0.961 1.025 1.122 1.212 1.295 1.371 1.440 1.502 1.558 1.606 1.647 1.681 1.708 1.730 1.748
1.617 1.763 1.916 2.077 2.246 2.422 2.605 2.797 2.995 3.202 3.415 3.637 3.815 3.881 3.952 4.027 4.106 4.189 4.276 4.367 4.463 4.563 4.666 4.775 4.817 4.698 4.570 4.433 4.289 4.136 3.974 3.804 3.626 3.439 3.243 3.040 2.864 2.761 2.652 2.537 2.414 2.286 2.150 2.008 1.860 1.704 1.611 1.546 1.511 1.527 1.545 1.565 1.587 1.612 1.638 1.667 1.698 1.730 1.765 1.802 1.854 1.926 1.992 2.050 2.102 2.146 2.184 2.215 2.238 2.255 2.265 2.267 2.264 2.257
1.757 1.929 2.109 2.296 2.491 2.694 2.904 3.122 3.347 3.579 3.820 4.067 4.296 4.377 4.462 4.551 4.644 4.742 4.844 4.949 5.059 5.174 5.292 5.415 5.498 5.349 5.191 5.025 4.851 4.668 4.477 4.277 4.069 3.853 3.628 3.395 3.174 3.048 2.916 2.810 2.716 2.631 2.553 2.484 2.423 2.370 2.326 2.289 2.270 2.293 2.318 2.346 2.375 2.407 2.440 2.476 2.514 2.554 2.596 2.641 2.688 2.736 2.777 2.811 2.838 2.858 2.871 2.877 2.877 2.869 2.854 2.832 2.804 2.771
1.890 2.087 2.293 2.507 2.729 2.958 3.194 3.438 3.690 3.949 4.215 4.489 4.771 4.866 4.966 5.070 5.178 5.290 5.406 5.526 5.651 5.779 5.912 6.049 6.187 6.008 5.821 5.625 5.421 5.209 4.988 4.759 4.511 4.266 4.026 3.790 3.561 3.471 3.389 3.315 3.250 3.193 3.144 3.104 3.071 3.047 3.032 3.024 3.026 3.056 3.089 3.123 3.160 3.199 3.240 3.283 3.328 3.375 3.424 3.475 3.528 3.551 3.568 3.577 3.580 3.576 3.564 3.546 3.521 3.489 3.449 3.403 3.350 3.292
2.040 2.236 2.469 2.709 2.957 3.212 3.475 3.746 4.024 4.309 4.602 4.903 5.211 5.351 5.465 5.584 5.706 5.832 5.963 6.098 6.237 6.380 6.527 6.679 6.825 6.612 6.354 6.100 5.849 5.603 5.361 5.122 4.888 4.657 4.430 4.208 3.989 3.909 3.856 3.811 3.775 3.746 3.726 3.714 3.711 3.715 3.728 3.749 3.779 3.816 3.856 3.898 3.941 3.987 4.035 4.086 4.138 4.192 4.249 4.307 4.368 4.372 4.364 4.350 4.328 4.299 4.263 4.221 4.171 4.114 4.051 3.980 3.902 3.819
2.191 2.377 2.636 2.903 3.177 3.459 3.748 4.045 4.349 4.661 4.980 5.307 5.641 5.831 5.959 6.092 6.229 6.359 6.464 6.567 6.668 6.765 6.860 6.953 7.043 6.890 6.645 6.405 6.168 5.935 5.707 5.482 5.261 5.043 4.830 4.621 4.415 4.339 4.314 4.298 4.290 4.291 4.299 4.316 4.341 4.374 4.416 4.466 4.524 4.573 4.620 4.669 4.720 4.773 4.828 4.886 4.945 5.007 5.070 5.136 5.204 5.199 5.167 5.127 5.081 5.028 4.968 4.901 4.827 4.746 4.658 4.563 4.461 4.352
2.344 2.509 2.795 3.088 3.388 3.696 4.012 4.335 4.666 5.004 5.348 5.688 6.023 6.232 6.339 6.443 6.544 6.643 6.740 6.834 6.925 7.013 7.099 7.183 7.264 7.164 6.933 6.706 6.483 6.263 6.048 5.837 5.629 5.425 5.225 5.030 4.838 4.759 4.764 4.776 4.797 4.826 4.863 4.908 4.962 5.024 5.094 5.173 5.259 5.327 5.381 5.437 5.495 5.556 5.618 5.682 5.749 5.818 5.889 5.961 6.036 6.031 5.975 5.911 5.840 5.763 5.678 5.587 5.488 5.383 5.270 5.151 5.025 4.891
2.498 2.633 2.945 3.292 3.652 4.006 4.355 4.698 5.036 5.368 5.694 6.014 6.329 6.555 6.653 6.748 6.840 6.930 7.018 7.102 7.184 7.264 7.341 7.415 7.487 7.433 7.216 7.002 6.793 6.587 6.385 6.187 5.993 5.803 5.616 5.434 5.255 5.171 5.204 5.245 5.294 5.352 5.418 5.492 5.574 5.665 5.763 5.870 5.986 6.078 6.139 6.202 6.267 6.335 6.405 6.476 6.550 6.626 6.704 6.784 6.866 6.869 6.788 6.700 6.605 6.503 6.394 6.278 6.114 5.883 5.658 5.437 5.221 5.021
3.063 3.085 3.436 3.782 4.123 4.457 4.786 5.109 5.427 5.739 6.045 6.346 6.641 6.881 6.970 7.056 7.139 7.220 7.298 7.373 7.446 7.517 7.584 7.650 7.712 7.698 7.495 7.294 7.098 6.906 6.718 6.533 6.352 6.176 6.003 5.834 5.668 5.574 5.635 5.705 5.783 5.869 5.964 6.066 6.177 6.296 6.424 6.559 6.703 6.825 6.894 6.964 7.037 7.111 7.188 7.267 7.348 7.431 7.516 7.603 7.692 7.641 7.394 7.152 6.915 6.682 6.454 6.231 6.013 5.799 5.590 5.385 5.186 5.009
3.892 3.620 3.952 4.278 4.599 4.914 5.223 5.526 5.824 6.116 6.402 6.683 6.958 7.209 7.289 7.365 7.440 7.511 7.580 7.647 7.711 7.772 7.831 7.887 7.940 7.959 7.769 7.582 7.399 7.221 7.046 6.875 6.707 6.544 6.385 6.229 6.077 5.967 6.058 6.156 6.263 6.377 6.500 6.632 6.771 6.919 7.075 7.239 7.411 7.570 7.645 7.723 7.803 7.885 7.922 7.911 7.881 7.832 7.763 7.676 7.570 7.422 7.191 6.966 6.745 6.528 6.317 6.110 5.908 5.710 5.517 5.329 5.146 4.986
4.794 4.242 4.474 4.780 5.080 5.375 5.665 5.948 6.226 6.498 6.765 7.026 7.281 7.530 7.610 7.678 7.743 7.805 7.865 7.923 7.977 8.029 8.079 8.126 8.170 8.212 8.039 7.866 7.696 7.531 7.369 7.212 7.058 6.908 6.762 6.620 6.482 6.352 6.471 6.598 6.733 6.876 7.028 7.188 7.356 7.532 7.716 7.885 8.059 8.242 8.260 8.259 8.239 8.199 8.141 8.064 7.968 7.852 7.718 7.564 7.392 7.199 6.985 6.775 6.570 6.370 6.175 5.984 5.798 5.617 5.440 5.268 5.101 4.952
