DATA/SHG/ECMWF/20170628/EN-33/20170704.en-33.asc
ncols        190
nrows        64
xllcorner    -5100000.000000000000
yllcorner    4130000.000000000000
cellsize     10000.000000000000
NODATA_value  -99999.000
[rows 32 to 63 of 64, columns 0 to 71 of 190]
9.120 9.525 9.248 8.923 8.617 8.331 8.063 7.815 7.586 7.375 7.184 7.012 6.859 6.726 7.187 7.679 8.168 8.654 9.137 9.618 10.095 10.570 11.042 11.512 11.978 12.442 12.454 12.403 12.295 12.130 11.908 11.630 11.296 10.904 10.456 9.952 9.390 8.786 8.846 8.930 9.039 9.172 9.329 9.511 9.718 9.949 10.204 10.652 11.125 11.500 11.256 11.030 10.821 10.630 10.457 10.301 10.164 10.044 9.941 9.857 9.790 9.718 9.413 9.088 8.742 8.376 7.990 7.583 7.155 6.707 6.239 5.750
9.594 9.950 9.827 9.569 9.330 9.110 8.909 8.727 8.564 8.420 8.296 8.191 8.104 8.037 8.412 8.893 9.372 9.849 10.322 10.793 11.261 11.726 12.188 12.648 13.104 13.558 13.467 13.217 12.911 12.549 12.130 11.654 11.122 10.533 9.887 9.185 8.426 7.611 7.635 7.805 8.441 9.133 9.762 10.329 10.834 11.277 11.658 11.977 12.234 12.429 12.276 12.111 11.964 11.834 11.722 11.628 11.552 11.494 11.453 11.430 11.424 11.437 11.077 10.681 10.263 9.826 9.368 8.889 8.390 7.871 7.331 6.770
10.083 10.390 10.384 10.192 10.020 9.866 9.732 9.617 9.521 9.444 9.386 9.347 9.327 9.326 9.637 10.109 10.578 11.045 11.508 11.969 12.427 12.882 13.335 13.785 14.232 14.676 14.537 14.090 13.587 13.026 12.410 11.736 11.006 10.842 10.674 10.449 10.167 9.828 10.206 10.805 11.342 11.817 12.230 12.581 12.869 13.096 13.261 13.363 13.404 13.382 13.276 13.173 13.087 13.019 12.969 12.936 12.922 12.924 12.945 12.983 13.039 13.113 12.759 12.291 11.802 11.293 10.764 10.214 9.643 9.052 8.441 7.809
10.586 10.845 10.919 10.794 10.688 10.601 10.534 10.485 10.455 10.445 10.453 10.481 10.527 10.593 10.864 11.326 11.785 12.242 12.696 13.147 13.595 14.040 14.483 14.923 15.360 15.823 16.371 16.403 16.378 16.295 16.156 15.959 15.706 15.395 15.028 14.603 14.121 13.582 13.599 13.982 14.302 14.561 14.757 14.891 14.964 14.974 14.923 14.809 14.634 14.396 14.258 14.216 14.192 14.185 14.197 14.225 14.272 14.336 14.418 14.518 14.635 14.770 14.459 13.919 13.359 12.779 12.178 11.556 10.914 10.252 9.569 8.866
11.103 11.314 11.433 11.375 11.335 11.315 11.313 11.331 11.368 11.424 11.499 11.593 11.706 11.838 12.091 12.544 12.993 13.440 13.999 15.116 16.231 17.343 18.452 19.559 20.663 21.764 22.377 22.209 21.984 21.701 21.362 20.966 20.512 20.002 19.435 18.810 18.129 17.390 17.051 17.217 17.321 17.363 17.343 17.262 17.118 16.912 16.645 16.315 15.923 15.470 15.222 15.241 15.278 15.333 15.405 15.495 15.603 15.729 15.872 16.033 16.212 16.408 16.177 15.565 14.934 14.282 13.609 12.916 12.203 11.469 10.715 9.941
11.635 11.798 11.925 11.933 11.960 12.006 12.072 12.156 12.259 12.381 12.522 12.841 13.617 14.517 15.550 16.668 17.784 18.896 20.006 21.114 22.218 23.320 24.419 25.516 26.609 27.700 28.435 28.067 27.642 27.160 26.621 26.024 25.371 24.661 23.894 23.070 22.189 21.251 20.561 20.511 20.399 20.225 19.989 19.691 19.331 18.910 18.426 17.881 17.274 16.604 16.166 16.247 16.345 16.461 16.595 16.746 16.916 17.102 17.307 17.529 17.769 18.026 17.912 17.229 16.526 15.803 15.059 14.295 13.510 12.705 11.880 11.034
12.182 12.296 12.396 12.470 12.631 12.972 13.436 14.025 14.737 15.574 16.534 17.617 18.825 20.156 21.593 22.701 23.807 24.909 26.009 27.106 28.200 29.292 30.381 31.467 32.551 33.632 34.544 33.977 33.352 32.670 31.931 31.136 30.283 29.374 28.407 27.384 26.304 25.166 24.130 23.864 23.536 23.146 22.694 22.180 21.604 20.967 20.268 19.507 18.684 17.799 17.092 17.234 17.393 17.571 17.766 17.978 18.209 18.457 18.723 19.006 19.307 19.626 19.665 18.911 18.136 17.342 16.527 15.691 14.835 13.959 13.365 12.948
12.729 12.902 13.111 13.595 14.244 15.017 15.914 16.934 18.079 19.346 20.738 22.253 23.892 25.655 27.541 28.729 29.824 30.917 32.006 33.093 34.177 35.259 36.338 37.414 38.487 39.558 40.626 39.939 39.114 38.233 37.295 36.300 35.248 34.139 32.973 31.751 30.471 29.135 27.757 27.275 26.731 26.125 25.458 24.728 23.937 23.084 22.169 21.192 20.154 19.054 17.999 18.202 18.423 18.661 18.918 19.192 19.483 19.792 20.119 20.464 20.826 21.206 21.435 20.971 20.657 20.313 19.940 19.538 19.107 18.647 18.158 17.640
13.235 13.531 13.862 14.640 15.721 16.925 18.253 19.705 21.281 22.980 24.803 26.749 28.819 31.013 33.331 34.752 35.837 36.919 37.999 39.075 40.149 41.221 42.289 43.355 44.418 45.479 46.536 45.952 44.929 43.848 42.711 41.516 40.265 38.957 37.592 36.170 34.692 33.156 31.564 30.745 29.985 29.164 28.281 27.336 26.329 25.260 24.130 22.938 21.684 20.368 18.991 19.151 19.433 19.733 20.051 20.386 21.245 22.250 23.230 24.183 25.111 26.012 26.886 26.498 26.082 25.636 25.162 24.658 24.125 23.564 22.973 22.354
13.702 14.120 14.574 15.547 17.059 18.695 20.455 22.338 24.345 26.475 28.729 31.106 33.607 36.231 38.979 40.770 41.845 42.917 43.986 45.052 46.116 47.177 48.236 49.292 50.345 51.395 52.442 52.018 50.795 49.515 48.179 46.785 45.335 43.828 42.264 40.643 38.966 37.231 35.440 34.273 33.298 32.261 31.162 30.002 28.780 27.496 26.151 24.743 23.274 22.278 21.573 22.307 23.351 24.369 25.361 26.328 27.268 28.183 29.071 29.934 30.771 31.582 32.368 32.046 31.528 30.981 30.405 29.799 29.165 28.502 27.810 27.089
14.130 14.670 15.246 16.317 18.261 20.328 22.518 24.832 27.270 29.831 32.515 35.323 38.255 41.309 44.488 46.783 47.847 48.909 49.968 51.025 52.078 53.129 54.177 55.223 56.266 57.306 58.343 58.136 56.714 55.235 53.699 52.107 50.458 48.752 46.989 45.169 43.293 41.360 39.370 37.860 36.670 35.417 33.794 32.346 31.109 30.083 29.266 28.660 28.264 28.079 28.103 28.801 29.754 30.681 31.583 32.459 33.309 34.133 34.931 35.703 36.450 37.170 37.865 37.615 36.996 36.347 35.669 34.962 34.227 33.462 32.669 31.846
14.518 15.181 15.879 16.950 19.325 21.823 24.444 27.189 30.057 33.048 36.163 39.401 42.763 46.248 49.856 52.791 53.845 54.897 55.946 56.992 58.035 59.076 60.114 61.150 62.182 63.212 64.240 64.305 62.684 61.007 59.272 57.481 55.633 53.728 51.739 48.624 45.609 42.693 39.876 37.686 36.338 35.201 34.273 33.556 33.048 32.751 32.664 32.787 33.120 33.663 34.416 35.312 36.174 37.011 37.822 38.607 39.367 40.100 40.808 41.490 42.146 42.776 43.381 43.206 42.485 41.734 40.955 40.147 39.310 38.444 37.549 36.625
14.867 15.652 16.472 17.447 20.252 23.180 26.232 29.407 32.705 36.127 39.672 43.340 47.132 51.046 55.084 58.794 59.838 60.879 61.918 62.954 63.988 65.018 66.046 67.071 68.094 69.114 70.131 70.314 66.849 63.484 60.218 57.051 53.984 51.015 48.146 45.377 42.706 40.135 37.663 35.765 35.146 34.738 34.540 34.552 34.774 35.205 35.847 36.699 37.760 39.032 40.513 41.840 42.612 43.358 44.079 44.774 45.443 46.086 46.703 47.295 47.860 48.400 48.914 48.817 47.995 47.143 46.262 45.353 44.414 43.447 42.451 41.425
15.177 16.084 17.026 18.003 21.043 24.401 27.883 31.488 35.216 39.068 43.042 47.140 51.361 55.706 60.173 64.764 65.826 66.857 67.886 68.912 69.536 68.804 68.070 67.336 66.601 65.865 65.128 64.210 61.091 58.070 55.149 52.328 49.605 46.982 44.457 42.032 39.707 37.480 35.352 33.632 33.743 34.064 34.595 35.335 36.286 37.446 38.816 40.396 42.185 44.185 46.394 48.385 49.067 49.723 50.353 50.957 51.536 52.089 52.616 53.117 53.592 54.042 54.466 54.450 53.526 52.573 51.591 50.580 49.540 48.472 47.374 46.248
15.447 16.476 17.540 18.639 21.697 25.485 29.396 33.431 37.589 41.870 46.274 50.801 55.452 59.720 62.956 66.081 65.951 65.220 64.488 63.755 63.021 62.287 61.551 60.815 60.078 59.339 58.600 57.860 55.237 52.562 49.985 47.508 45.130 42.852 40.672 38.591 36.610 34.727 32.944 31.290 32.130 33.179 34.438 35.907 37.585 39.473 41.571 43.879 46.396 49.123 52.060 54.948 55.539 56.105 56.645 57.159 57.647 58.110 58.546 58.957 59.343 59.702 60.036 60.104 59.079 58.024 56.941 55.829 54.688 53.518 52.319 51.092
15.679 16.830 18.016 19.236 22.214 26.432 30.472 34.098 37.614 41.019 44.314 47.499 50.574 53.538 56.392 59.136 59.454 58.721 57.987 57.252 56.516 55.779 55.041 54.303 53.563 52.823 52.081 51.339 49.288 46.958 44.726 42.593 40.560 38.625 36.790 35.053 33.416 31.878 30.438 29.098 30.305 32.082 34.069 36.266 38.672 41.288 44.113 47.148 50.392 53.846 57.509 61.382 62.029 62.504 62.954 63.378 63.776 64.148 64.495 64.816 65.111 65.380 65.623 65.779 64.653 63.497 62.313 61.099 59.857 58.586 57.286 55.958
15.473 16.411 17.322 18.205 20.270 23.734 27.088 30.332 33.465 36.489 39.402 42.206 44.899 47.482 49.954 52.317 52.967 52.231 51.495 50.758 50.020 49.281 48.541 47.800 47.058 46.315 45.572 44.827 43.245 41.258 39.371 37.582 35.893 34.302 32.811 31.418 30.125 28.931 27.835 26.839 28.270 30.775 33.489 36.413 39.546 42.889 46.441 50.203 54.174 58.354 62.744 67.343 68.536 68.921 69.281 69.614 69.922 70.205 70.461 70.692 70.897 71.076 71.229 71.357 70.248 68.848 65.973 63.177 60.460 57.821 55.260 52.778
13.861 14.703 15.517 16.304 17.772 20.854 23.827 26.689 29.441 32.083 34.615 37.037 39.348 41.550 43.642 45.623 46.489 45.751 45.012 44.273 43.532 42.791 42.049 41.306 40.562 39.817 39.071 38.324 37.106 35.463 33.920 32.476 31.130 29.883 28.736 27.687 26.737 25.886 25.135 24.482 26.024 29.256 32.697 36.348 40.208 44.277 48.556 53.044 57.741 62.647 67.763 73.088 75.061 75.356 75.625 75.869 76.087 76.279 76.172 74.475 72.795 71.134 69.491 67.867 65.373 62.692 60.089 57.565 55.119 52.752 50.463 48.253
12.281 13.027 13.745 14.436 15.397 18.097 20.688 23.169 25.540 27.800 29.951 31.992 33.923 35.743 37.454 39.055 40.020 39.280 38.539 37.797 37.054 36.311 35.566 34.821 34.075 33.327 32.579 31.830 30.872 29.573 28.374 27.273 26.271 25.368 24.564 23.859 23.253 22.745 22.337 22.027 23.568 27.527 31.695 36.072 40.658 45.454 50.458 55.672 61.095 66.727 72.568 78.213 79.187 77.443 75.718 74.011 72.323 70.652 69.001 67.367 65.752 64.155 62.576 61.016 58.878 56.468 54.137 51.885 49.711 47.615 45.598 43.660
10.734 11.384 12.006 12.601 13.167 15.463 17.673 19.772 21.762 23.642 25.412 27.071 28.621 30.061 31.391 32.611 33.559 32.817 32.074 31.330 30.585 29.839 29.093 28.345 27.597 26.847 26.097 25.346 24.543 23.588 22.732 21.975 21.317 20.757 20.297 19.935 19.672 19.507 19.442 19.475 20.902 25.587 30.481 35.584 40.709 45.335 49.818 54.158 58.356 62.412 66.325 70.095 71.621 69.941 68.280 66.638 65.013 63.407 61.820 60.250 58.699 57.166 55.652 54.156 52.315 50.178 48.118 46.137 44.235 42.411 40.665 38.998
9.219 9.773 10.299 10.797 11.268 12.952 14.780 16.499 18.108 19.607 20.996 22.275 23.444 24.504 25.453 26.293 27.023 26.364 25.619 24.872 24.125 23.377 22.628 21.878 21.127 20.376 19.623 18.870 18.119 17.508 16.995 16.582 16.267 16.050 15.933 15.914 15.994 16.260 16.708 17.139 18.219 22.923 27.485 31.904 36.180 40.314 44.306 48.155 51.861 55.425 58.847 62.127 64.046 62.431 60.834 59.256 57.696 56.154 54.630 53.125 51.638 50.169 48.718 47.286 45.686 43.820 42.032 40.322 38.691 37.139 35.664 34.268
7.736 8.194 8.624 9.027 9.402 10.562 12.010 13.348 14.576 15.695 16.703 17.602 18.391 19.070 19.640 20.099 20.449 19.919 19.172 18.423 17.674 16.924 16.172 15.420 14.667 13.913 13.158 12.403 11.646 11.333 11.446 11.953 12.444 12.918 13.375 13.816 14.240 14.647 15.038 15.412 15.803 20.015 24.085 28.013 31.798 35.441 38.941 42.299 45.515 48.588 51.519 54.308 56.463 54.912 53.379 51.865 50.369 48.891 47.431 45.990 44.567 43.162 41.776 40.408 38.989 37.394 35.878 34.440 33.080 31.798 30.595 29.470
6.285 6.647 6.982 7.289 7.568 8.295 9.362 10.320 11.168 11.906 12.534 13.053 13.462 13.761 13.951 14.030 14.000 13.484 12.734 11.983 11.231 10.479 9.725 9.370 9.395 9.413 9.424 9.429 9.427 9.788 10.254 10.704 11.137 11.554 11.954 12.337 12.704 13.053 13.387 13.703 14.003 17.254 20.832 24.269 27.563 30.715 33.724 36.592 39.317 41.900 44.340 46.638 48.794 47.384 45.915 44.465 43.033 41.619 40.223 38.846 37.487 36.146 34.824 33.520 32.226 30.902 29.657 28.490 27.401 26.390 25.458 24.604
4.867 5.133 5.372 5.583 5.766 6.150 6.837 7.415 7.882 8.240 8.489 8.628 8.657 8.576 8.386 8.086 8.138 8.334 8.375 8.410 8.438 8.460 8.475 8.483 8.485 8.481 8.469 8.452 8.427 8.672 9.081 9.473 9.849 10.208 10.551 10.877 11.186 11.479 11.755 12.014 12.257 14.638 17.726 20.672 23.475 26.136 28.655 31.032 33.267 35.360 37.310 39.118 40.784 39.847 38.443 37.056 35.688 34.338 33.007 31.693 30.398 29.121 27.863 26.623 25.401 24.343 23.368 22.472 21.654 20.914 20.253 19.670
3.480 3.651 3.794 3.909 3.997 4.127 4.434 4.632 4.720 4.985 5.357 5.720 6.072 6.415 6.747 7.069 7.382 7.591 7.609 7.621 7.627 7.626 7.618 7.604 7.584 7.556 7.523 7.482 7.435 7.574 7.926 8.261 8.579 8.881 9.167 9.435 9.687 9.922 10.141 10.343 10.529 12.169 14.766 17.221 19.534 21.705 23.734 25.621 27.365 28.968 30.428 31.747 32.923 32.302 30.961 29.639 28.335 27.049 25.781 24.531 23.300 22.087 20.893 19.716 18.558 17.716 17.012 16.387 15.840 15.371 14.980 14.667
2.126 2.201 2.387 2.604 2.815 3.031 3.409 3.777 4.134 4.482 4.820 5.148 5.466 5.774 6.071 6.359 6.637 6.855 6.851 6.841 6.824 6.800 6.770 6.733 6.690 6.640 6.584 6.521 6.451 6.495 6.789 7.067 7.328 7.573 7.801 8.012 8.207 8.385 8.546 8.691 8.820 9.845 11.952 13.917 15.740 17.421 18.960 20.357 21.612 22.724 23.695 24.524 25.211 24.747 23.471 22.212 20.972 19.750 18.546 17.360 16.193 15.044 13.913 12.801 11.706 11.022 10.589 10.234 9.958 10.261 10.731 11.189
1.721 1.928 2.129 2.324 2.512 2.693 3.021 3.354 3.678 3.991 4.294 4.588 4.871 5.144 5.407 5.660 5.904 6.127 6.101 6.068 6.028 5.982 5.929 5.870 5.804 5.732 5.653 5.568 5.476 5.434 5.671 5.892 6.096 6.283 6.454 6.608 6.745 6.866 6.971 7.058 7.129 7.668 9.285 10.760 12.093 13.284 14.333 15.240 16.006 16.629 17.111 17.450 17.648 17.184 15.971 14.777 13.600 12.442 11.302 10.180 9.077 7.991 7.632 7.470 7.310 7.505 7.982 8.447 8.900 9.339 9.767 10.182
1.516 1.701 1.879 2.051 2.216 2.375 2.645 2.944 3.232 3.511 3.780 4.038 4.287 4.526 4.755 4.973 5.182 5.381 5.359 5.303 5.241 5.172 5.097 5.015 4.927 4.832 4.730 4.622 4.508 4.392 4.572 4.735 4.882 5.012 5.126 5.222 5.303 5.366 5.413 5.444 5.458 5.635 6.763 7.748 8.592 9.293 9.853 10.271 10.547 10.682 10.674 10.525 10.234 9.612 8.463 8.122 7.949 7.779 7.612 7.448 7.287 7.129 6.974 6.822 6.672 6.767 7.202 7.624 8.034 8.431 8.815 9.188
1.318 1.480 1.636 1.785 1.928 2.064 2.280 2.544 2.798 3.042 3.277 3.501 3.715 3.919 4.113 4.297 4.472 4.636 4.624 4.546 4.461 4.370 4.272 4.168 4.057 3.939 3.815 3.685 3.548 3.404 3.491 3.597 3.686 3.759 3.816 3.855 3.878 3.885 3.875 3.848 3.805 3.749 4.387 4.883 5.237 5.450 5.520 5.449 5.813 6.237 6.648 7.045 7.428 7.723 7.554 7.389 7.226 7.066 6.910 6.756 6.605 6.458 6.313 6.171 6.032 6.043 6.434 6.814 7.181 7.535 7.877 8.206
1.128 1.267 1.400 1.527 1.647 1.760 1.926 2.156 2.375 2.585 2.785 2.974 3.154 3.324 3.483 3.633 3.773 3.902 3.897 3.796 3.689 3.575 3.455 3.328 3.195 3.055 2.908 2.755 2.596 2.429 2.428 2.477 2.509 2.525 2.524 2.507 2.473 2.422 2.355 2.271 2.171 2.248 2.667 3.127 3.573 4.005 4.424 4.828 5.219 5.596 5.959 6.309 6.644 6.966 6.808 6.653 6.501 6.352 6.205 6.062 5.922 5.785 5.650 5.519 5.390 5.331 5.680 6.016 6.340 6.652 6.951 7.238
0.945 1.062 1.172 1.276 1.373 1.464 1.583 1.779 1.964 2.139 2.304 2.459 2.605 2.740 2.865 2.980 3.085 3.181 3.178 3.055 2.925 2.789 2.646 2.497 2.341 2.178 2.009 1.834 1.651 1.463 1.384 1.376 1.351 1.309 1.408 1.507 1.603 1.697 1.788 1.876 1.962 2.045 2.372 2.785 3.183 3.568 3.939 4.296 4.640 4.969 5.285 5.587 5.875 6.150 6.061 5.916 5.774 5.635 5.499 5.366 5.236 5.109 4.985 4.864 4.746 4.631 4.938 5.231 5.513 5.782 6.038 6.282
0.770 0.864 0.952 1.033 1.107 1.176 1.252 1.413 1.564 1.704 1.835 1.956 2.066 2.167 2.258 2.339 2.409 2.470 2.467 2.321 2.169 2.010 1.845 1.673 1.494 1.309 1.122 1.041 0.962 0.885 0.886 0.987 1.085 1.180 1.272 1.362 1.450 1.534 1.616 1.695 1.771 1.845 2.091 2.456 2.808 3.145 3.469 3.778 4.074 4.357 4.625 4.880 5.121 5.348 5.311 5.176 5.045 4.916 4.791 4.668 4.549 4.432 4.318 4.208 4.100 3.995 4.208 4.459 4.698 4.924 5.138 5.339
