DATA/SHG/ECMWF/20170628/EN-33/20170705.en-33.asc
ncols        190
nrows        64
xllcorner    -5100000.000000000000
yllcorner    4130000.000000000000
cellsize     10000.000000000000
NODATA_value  -99999.000
[rows 0 to 32 of 64, columns 74 to 147 of 190]
9.699 9.853 10.017 10.191 10.374 10.567 10.770 10.829 10.471 10.078 9.690 9.307 8.929 8.556 8.188 7.824 7.465 7.111 6.762 6.656 7.340 8.019 8.689 9.351 10.004 10.648 11.284 11.911 12.530 13.139 13.741 14.147 13.937 13.715 13.480 13.233 12.973 12.701 12.417 12.120 11.811 11.490 11.156 10.818 10.492 10.156 9.810 9.454 9.087 8.711 8.324 7.927 7.521 7.104 6.677 6.231 5.768 5.322 4.892 4.480 4.084 3.706 3.344 2.999 2.671 2.359 2.065 1.809 1.627 1.455 1.295 1.146 1.009 0.882
9.998 10.124 10.232 10.339 10.444 10.548 10.650 10.665 10.285 9.909 9.538 9.172 8.811 8.455 8.103 7.756 7.414 7.077 6.745 6.520 7.166 7.806 8.438 9.061 9.676 10.282 10.879 11.468 12.048 12.619 13.182 13.644 13.379 13.101 12.811 12.508 12.194 11.866 11.527 11.175 10.811 10.434 10.045 9.649 9.278 8.897 8.506 8.105 7.693 7.272 6.840 6.398 5.946 5.484 5.012 4.542 4.155 3.784 3.430 3.093 2.773 2.469 2.183 1.913 1.660 1.424 1.205 1.012 0.879 0.758 0.648 0.549 0.461 0.384
9.779 9.884 9.987 10.088 10.189 10.287 10.385 10.459 10.095 9.736 9.382 9.033 8.688 8.349 8.014 7.684 7.359 7.039 6.723 6.413 7.001 7.603 8.197 8.781 9.358 9.925 10.484 11.034 11.576 12.109 12.633 13.149 12.835 12.502 12.156 11.799 11.429 11.046 10.652 10.245 9.825 9.393 8.949 8.493 8.077 7.651 7.215 6.768 6.312 5.845 5.369 4.882 4.385 3.878 3.361 2.839 2.527 2.231 1.953 1.691 1.446 1.218 1.007 0.812 0.635 0.474 0.330 0.261 0.292 0.330 0.375 0.427 0.485 0.551
9.545 9.645 9.743 9.840 9.935 10.029 10.121 10.212 9.901 9.559 9.222 8.889 8.562 8.239 7.921 7.608 7.300 6.996 6.697 6.404 6.847 7.410 7.965 8.512 9.049 9.578 10.099 10.611 11.114 11.609 12.095 12.572 12.305 11.917 11.516 11.104 10.678 10.241 9.791 9.329 8.854 8.367 7.868 7.357 6.889 6.418 5.936 5.445 4.943 4.432 3.910 3.378 2.836 2.284 1.722 1.150 0.883 0.663 0.564 0.566 0.565 0.563 0.559 0.553 0.544 0.534 0.522 0.507 0.564 0.632 0.707 0.789 0.878 0.974
9.313 9.408 9.501 9.593 9.683 9.772 9.859 9.945 9.703 9.378 9.057 8.742 8.431 8.125 7.824 7.527 7.236 6.949 6.667 6.390 6.702 7.227 7.744 8.252 8.751 9.242 9.724 10.197 10.662 11.119 11.566 12.005 11.790 11.347 10.891 10.423 9.943 9.450 8.945 8.428 7.898 7.356 6.802 6.235 5.713 5.197 4.670 4.134 3.587 3.123 2.738 2.364 2.001 1.647 1.304 0.971 0.903 0.900 0.895 0.887 0.878 0.867 0.853 0.838 0.821 0.801 0.780 0.757 0.828 0.927 1.032 1.145 1.264 1.390
9.083 9.173 9.261 9.347 9.433 9.516 9.599 9.680 9.501 9.192 8.889 8.590 8.296 8.007 7.722 7.443 7.168 6.898 6.633 6.373 6.567 7.054 7.532 8.002 8.463 8.915 9.359 9.794 10.221 10.639 11.048 11.449 11.289 10.791 10.280 9.757 9.221 8.674 8.114 7.541 6.996 6.484 5.985 5.500 5.075 4.685 4.305 3.936 3.576 3.228 2.889 2.561 2.243 1.935 1.637 1.350 1.253 1.241 1.227 1.211 1.192 1.172 1.150 1.125 1.099 1.070 1.040 1.008 1.085 1.214 1.350 1.493 1.642 1.798
8.854 8.939 9.022 9.104 9.184 9.263 9.340 9.416 9.295 9.003 8.716 8.434 8.157 7.885 7.617 7.354 7.096 6.843 6.594 6.351 6.442 6.890 7.330 7.761 8.184 8.598 9.004 9.401 9.789 10.169 10.540 10.874 10.740 10.182 9.637 9.105 8.586 8.080 7.588 7.109 6.642 6.189 5.749 5.322 4.940 4.596 4.262 3.938 3.625 3.321 3.029 2.746 2.474 2.211 1.960 1.718 1.605 1.584 1.561 1.535 1.508 1.479 1.447 1.414 1.379 1.341 1.302 1.260 1.335 1.494 1.660 1.833 2.013 2.200
8.627 8.707 8.785 8.862 8.937 9.011 9.083 9.154 9.085 8.810 8.540 8.274 8.014 7.758 7.507 7.261 7.020 6.783 6.552 6.325 6.326 6.736 7.110 7.464 7.807 8.140 8.464 8.778 9.082 9.377 9.662 9.936 9.905 9.405 8.919 8.446 7.985 7.538 7.104 6.683 6.276 5.881 5.499 5.131 4.795 4.496 4.208 3.930 3.662 3.405 3.157 2.920 2.694 2.477 2.271 2.075 1.959 1.929 1.896 1.862 1.825 1.787 1.747 1.704 1.660 1.614 1.565 1.515 1.578 1.767 1.964 2.167 2.377 2.594
8.402 8.476 8.550 8.621 8.692 8.761 8.828 8.894 8.870 8.612 8.359 8.110 7.867 7.628 7.384 7.107 6.835 6.567 6.304 6.046 5.928 6.257 6.576 6.886 7.186 7.476 7.756 8.027 8.287 8.539 8.780 9.011 9.057 8.616 8.188 7.773 7.372 6.983 6.607 6.245 5.896 5.559 5.236 4.926 4.639 4.386 4.143 3.911 3.689 3.477 3.275 3.084 2.903 2.732 2.571 2.421 2.314 2.275 2.233 2.190 2.145 2.097 2.048 1.996 1.943 1.888 1.830 1.771 1.813 2.033 2.260 2.493 2.733 2.980
8.178 8.248 8.316 8.383 8.448 8.512 8.574 8.622 8.591 8.303 8.020 7.741 7.466 7.196 6.931 6.670 6.414 6.162 5.915 5.673 5.492 5.777 6.053 6.320 6.576 6.823 7.060 7.287 7.504 7.712 7.910 8.098 8.196 7.814 7.444 7.088 6.744 6.414 6.097 5.793 5.502 5.224 4.959 4.707 4.472 4.265 4.068 3.881 3.705 3.538 3.382 3.236 3.101 2.975 2.860 2.756 2.671 2.622 2.572 2.520 2.465 2.409 2.350 2.290 2.228 2.163 2.097 2.028 2.042 2.292 2.549 2.812 3.083 3.360
7.955 8.011 8.054 8.084 8.101 8.106 8.097 8.076 8.040 7.768 7.500 7.237 6.979 6.725 6.475 6.230 5.990 5.754 5.522 5.296 5.078 5.310 5.542 5.765 5.978 6.182 6.375 6.559 6.733 6.898 7.052 7.197 7.323 6.998 6.687 6.389 6.104 5.832 5.573 5.328 5.095 4.875 4.669 4.475 4.295 4.133 3.982 3.841 3.710 3.589 3.478 3.378 3.288 3.208 3.139 3.079 3.029 2.972 2.912 2.851 2.787 2.722 2.655 2.585 2.514 2.441 2.365 2.288 2.263 2.543 2.830 3.124 3.425 3.732
7.733 7.744 7.742 7.728 7.701 7.661 7.609 7.543 7.465 7.229 6.978 6.730 6.488 6.249 6.016 5.787 5.562 5.342 5.126 4.915 4.714 4.854 5.043 5.222 5.392 5.552 5.702 5.843 5.974 6.095 6.206 6.308 6.400 6.170 5.917 5.677 5.450 5.237 5.036 4.849 4.674 4.513 4.365 4.229 4.107 3.991 3.885 3.790 3.704 3.629 3.564 3.509 3.464 3.430 3.406 3.392 3.388 3.322 3.254 3.184 3.111 3.037 2.961 2.882 2.802 2.719 2.635 2.613 2.701 3.173 3.659 4.159 4.672 5.200
7.523 7.489 7.443 7.385 7.313 7.229 7.132 7.023 6.900 6.688 6.452 6.220 5.993 5.771 5.553 5.340 5.131 4.926 4.727 4.531 4.346 4.409 4.555 4.691 4.818 4.934 5.041 5.139 5.226 5.304 5.372 5.430 5.479 5.328 5.134 4.952 4.784 4.628 4.486 4.357 4.240 4.137 4.047 3.970 3.906 3.838 3.778 3.728 3.688 3.658 3.638 3.629 3.630 3.641 3.662 3.694 3.736 3.675 3.594 3.531 3.498 3.495 3.520 3.576 3.661 3.776 3.920 4.094 4.297 4.810 5.358 5.920 6.496 7.086
7.324 7.247 7.156 7.053 6.938 6.809 6.668 6.514 6.348 6.142 5.922 5.707 5.495 5.289 5.087 4.889 4.696 4.508 4.323 4.144 3.974 3.976 4.079 4.172 4.255 4.328 4.392 4.446 4.490 4.525 4.550 4.565 4.570 4.473 4.337 4.214 4.104 4.006 3.922 3.851 3.793 3.748 3.716 3.697 3.691 3.675 3.660 3.655 3.661 3.668 3.672 3.682 3.696 3.715 3.740 3.769 3.804 3.822 3.862 3.930 4.028 4.156 4.313 4.500 4.717 4.962 5.238 5.543 5.878 6.431 7.041 7.665 8.303 8.955
7.139 7.017 6.882 6.735 6.575 6.402 6.217 6.019 5.808 5.594 5.390 5.190 4.994 4.803 4.617 4.435 4.258 4.085 3.917 3.753 3.599 3.555 3.614 3.664 3.704 3.734 3.755 3.765 3.766 3.758 3.740 3.711 3.674 3.606 3.527 3.462 3.410 3.371 3.345 3.332 3.346 3.374 3.402 3.428 3.452 3.463 3.470 3.481 3.498 3.520 3.547 3.578 3.615 3.657 3.703 3.755 3.812 3.928 4.098 4.298 4.527 4.786 5.075 5.393 5.741 6.118 6.524 6.961 7.426 8.036 8.708 9.393 10.093 10.807
6.965 6.799 6.620 6.428 6.224 6.007 5.778 5.535 5.280 5.042 4.853 4.669 4.490 4.315 4.144 3.978 3.817 3.659 3.507 3.359 3.221 3.145 3.161 3.168 3.164 3.151 3.129 3.096 3.054 3.002 2.941 2.910 2.910 2.923 2.956 2.987 3.017 3.045 3.072 3.097 3.121 3.143 3.164 3.183 3.200 3.221 3.250 3.284 3.323 3.367 3.416 3.470 3.529 3.593 3.662 3.735 3.814 4.002 4.304 4.635 4.996 5.386 5.806 6.255 6.734 7.242 7.779 8.347 8.943 9.624 10.358 11.106 11.868 12.643
6.803 6.593 6.370 6.134 5.886 5.625 5.351 5.064 4.765 4.487 4.314 4.146 3.982 3.823 3.668 3.517 3.372 3.230 3.093 2.961 2.839 2.747 2.740 2.747 2.752 2.755 2.758 2.759 2.758 2.757 2.754 2.749 2.744 2.747 2.773 2.797 2.821 2.842 2.862 2.881 2.898 2.913 2.927 2.940 2.951 2.974 3.025 3.081 3.143 3.209 3.280 3.356 3.437 3.523 3.615 3.711 3.812 4.047 4.479 4.942 5.433 5.955 6.505 7.086 7.695 8.334 9.003 9.701 10.429 11.196 11.992 12.802 13.625 14.463
6.654 6.399 6.132 5.852 5.560 5.254 4.936 4.606 4.263 3.928 3.771 3.619 3.471 3.327 3.193 3.117 3.040 2.960 2.878 2.795 2.710 2.633 2.635 2.636 2.635 2.632 2.629 2.624 2.618 2.610 2.601 2.591 2.579 2.572 2.592 2.610 2.626 2.641 2.654 2.666 2.677 2.685 2.693 2.699 2.703 2.722 2.796 2.874 2.957 3.046 3.139 3.238 3.341 3.449 3.563 3.681 3.804 4.060 4.624 5.217 5.840 6.492 7.174 7.885 8.626 9.396 10.195 11.024 11.883 12.752 13.610 14.482 15.367 16.267
6.517 6.218 5.906 5.582 5.246 4.896 4.534 4.168 3.848 3.544 3.467 3.392 3.316 3.237 3.157 3.074 2.989 2.902 2.813 2.723 2.631 2.538 2.532 2.526 2.519 2.511 2.502 2.491 2.479 2.465 2.451 2.434 2.417 2.400 2.412 2.424 2.433 2.442 2.448 2.454 2.457 2.460 2.460 2.459 2.457 2.465 2.561 2.661 2.767 2.878 2.993 3.114 3.239 3.370 3.505 3.646 3.791 4.044 4.738 5.463 6.216 6.999 7.812 8.654 9.525 10.426 11.356 12.316 13.305 14.292 15.212 16.145 17.092 18.054
6.376 5.996 5.633 5.287 4.957 4.645 4.349 4.071 3.809 3.565 3.461 3.380 3.296 3.210 3.122 3.033 2.941 2.847 2.751 2.653 2.553 2.454 2.430 2.418 2.406 2.392 2.376 2.360 2.341 2.322 2.301 2.279 2.256 2.231 2.235 2.240 2.243 2.244 2.244 2.243 2.240 2.236 2.230 2.222 2.213 2.203 2.321 2.444 2.572 2.705 2.842 2.985 3.133 3.285 3.443 3.606 3.773 3.997 4.822 5.677 6.562 7.475 8.419 9.391 10.394 11.425 12.486 13.576 14.696 15.816 16.797 17.793 18.802 19.825
5.850 5.529 5.225 4.938 4.668 4.414 4.178 3.958 3.755 3.570 3.458 3.369 3.278 3.185 3.090 2.993 2.894 2.793 2.690 2.584 2.478 2.371 2.330 2.312 2.294 2.274 2.252 2.230 2.206 2.181 2.154 2.126 2.097 2.066 2.059 2.057 2.054 2.049 2.042 2.034 2.025 2.014 2.001 1.987 1.971 1.954 2.076 2.221 2.371 2.526 2.686 2.851 3.021 3.196 3.376 3.561 3.750 3.945 4.875 5.861 6.876 7.921 8.995 10.098 11.231 12.393 13.585 14.805 16.212 17.863 19.248 20.618 21.973 23.313
5.310 5.048 4.802 4.574 4.363 4.168 3.990 3.830 3.686 3.559 3.456 3.360 3.262 3.162 3.060 2.956 2.849 2.741 2.631 2.518 2.405 2.290 2.231 2.208 2.183 2.157 2.130 2.102 2.072 2.041 2.008 1.974 1.939 1.903 1.886 1.877 1.867 1.855 1.842 1.827 1.811 1.793 1.774 1.753 1.731 1.708 1.827 1.994 2.166 2.343 2.525 2.712 2.904 3.101 3.303 3.510 3.722 3.939 4.898 6.119 7.538 9.010 10.536 12.116 13.749 15.436 17.176 18.970 20.817 22.718 24.076 25.379 26.667 27.940
4.754 4.551 4.364 4.195 4.042 3.907 3.788 3.686 3.601 3.533 3.457 3.353 3.248 3.141 3.032 2.920 2.807 2.691 2.574 2.454 2.333 2.212 2.134 2.105 2.075 2.043 2.010 1.975 1.940 1.902 1.864 1.824 1.783 1.741 1.714 1.699 1.682 1.663 1.644 1.622 1.599 1.575 1.549 1.522 1.493 1.463 1.572 1.761 1.956 2.155 2.419 2.797 3.201 3.633 4.093 4.579 5.093 5.634 6.927 8.530 10.186 11.896 13.659 15.476 17.346 19.270 21.247 23.278 25.362 27.500 28.912 30.148 31.369 32.574
4.183 4.039 3.911 3.801 3.707 3.630 3.570 3.527 3.501 3.492 3.459 3.348 3.236 3.122 3.005 2.887 2.766 2.643 2.519 2.392 2.264 2.135 2.039 2.004 1.967 1.930 1.891 1.850 1.809 1.766 1.722 1.676 1.629 1.581 1.544 1.522 1.499 1.474 1.447 1.419 1.390 1.409 1.497 1.571 1.630 1.676 1.888 2.277 2.694 3.138 3.609 4.107 4.632 5.185 5.765 6.372 7.006 7.668 9.042 10.882 12.776 14.723 16.723 18.777 20.884 23.045 25.259 27.527 29.848 32.222 33.757 34.926 36.079 37.218
3.597 3.512 3.443 3.391 3.356 3.338 3.337 3.353 3.385 3.435 3.463 3.345 3.226 3.104 2.981 2.855 2.727 2.597 2.466 2.332 2.197 2.061 1.945 1.904 1.862 1.818 1.774 1.727 1.680 1.631 1.581 1.529 1.538 1.658 1.793 1.917 2.028 2.124 2.205 2.273 2.326 2.365 2.390 2.401 2.397 2.379 2.565 3.075 3.612 4.177 4.768 5.387 6.033 6.707 7.407 8.135 8.889 9.671 11.100 13.177 15.307 17.491 19.728 22.019 24.363 26.761 29.211 31.716 34.273 36.885 38.610 39.712 40.798 41.870
2.997 2.970 2.960 2.967 2.991 3.031 3.089 3.163 3.254 3.362 3.469 3.344 3.218 3.089 2.958 2.825 2.690 2.553 2.414 2.273 2.131 1.988 1.853 1.834 1.872 1.928 2.002 2.094 2.203 2.331 2.477 2.640 2.821 3.021 3.207 3.268 3.315 3.348 3.366 3.371 3.361 3.336 3.298 3.245 3.178 3.097 3.212 3.843 4.501 5.186 5.898 6.637 7.404 8.197 9.018 9.866 10.742 11.644 13.100 15.414 17.781 20.201 22.675 25.203 27.783 30.417 33.105 35.846 38.640 41.487 43.472 44.507 45.526 46.530
2.381 2.413 2.462 2.527 2.610 2.709 2.825 2.958 3.108 3.275 3.458 3.345 3.211 3.075 2.937 2.800 2.687 2.589 2.506 2.437 2.378 2.325 2.285 2.381 2.499 2.634 2.787 2.958 3.148 3.355 3.579 3.822 4.083 4.362 4.635 4.633 4.617 4.586 4.541 4.482 4.409 4.321 4.219 4.103 3.973 3.828 3.830 4.581 5.359 6.165 6.997 7.857 8.744 9.658 10.599 11.568 12.563 13.586 15.042 17.592 20.196 22.853 25.564 28.327 31.145 34.015 36.939 39.916 42.947 46.030 48.343 49.310 50.262 51.200
1.750 1.841 1.948 2.072 2.214 2.372 2.546 2.738 2.947 3.161 3.369 3.298 3.177 3.071 2.980 2.903 2.842 2.795 2.764 2.747 2.740 2.739 2.751 2.907 3.104 3.319 3.551 3.802 4.071 4.357 4.661 4.983 5.323 5.681 6.057 6.012 5.932 5.838 5.730 5.607 5.471 5.320 5.155 4.976 4.782 4.574 4.417 5.289 6.188 7.113 8.066 9.047 10.054 11.088 12.150 13.239 14.355 15.498 16.926 19.713 22.553 25.447 28.394 31.394 34.447 37.554 40.714 43.927 47.194 50.514 53.221 54.122 55.007 55.878
1.104 1.278 1.513 1.743 1.966 2.183 2.394 2.600 2.799 2.992 3.179 3.181 3.112 3.057 3.018 2.993 2.983 2.989 3.008 3.043 3.088 3.140 3.203 3.412 3.688 3.983 4.295 4.625 4.972 5.338 5.722 6.123 6.543 6.980 7.435 7.404 7.261 7.104 6.932 6.747 6.547 6.333 6.104 5.862 5.605 5.334 5.049 5.967 6.986 8.032 9.106 10.206 11.334 12.489 13.670 14.879 16.115 17.379 18.753 21.776 24.853 27.982 31.165 34.402 37.691 41.034 44.430 47.880 51.382 54.938 58.109 58.942 59.761 60.564
1.061 1.281 1.496 1.704 1.907 2.103 2.293 2.478 2.656 2.828 2.995 3.051 3.033 3.030 3.043 3.069 3.111 3.168 3.239 3.326 3.422 3.526 3.642 3.896 4.252 4.625 5.017 5.426 5.853 6.298 6.761 7.242 7.740 8.257 8.791 8.810 8.604 8.383 8.149 7.900 7.637 7.360 7.068 6.763 6.443 6.109 5.760 6.616 7.755 8.922 10.115 11.336 12.584 13.858 15.160 16.489 17.846 19.229 20.639 23.781 27.094 30.460 33.879 37.351 40.877 44.456 48.088 51.773 55.511 59.303 62.639 62.460 62.269 62.067
1.091 1.290 1.484 1.671 1.853 2.028 2.198 2.362 2.519 2.671 2.816 2.907 2.941 2.990 3.054 3.132 3.226 3.334 3.457 3.595 3.743 3.899 4.067 4.360 4.795 5.248 5.718 6.207 6.713 7.237 7.779 8.339 8.917 9.512 10.126 10.230 9.960 9.677 9.379 9.067 8.741 8.400 8.046 7.677 7.294 6.897 6.486 7.235 8.494 9.781 11.095 12.435 13.803 15.198 16.620 18.069 19.545 21.049 22.579 25.729 29.277 32.797 36.103 39.308 42.410 45.410 48.309 51.105 53.800 56.392 58.882 58.825 58.586 58.336
1.126 1.304 1.477 1.644 1.805 1.960 2.108 2.251 2.388 2.519 2.644 2.750 2.836 2.936 3.051 3.181 3.326 3.486 3.660 3.850 4.050 4.258 4.478 4.803 5.317 5.849 6.399 6.966 7.552 8.155 8.776 9.415 10.072 10.747 11.439 11.663 11.330 10.984 10.623 10.248 9.859 9.455 9.038 8.606 8.160 7.700 7.225 7.824 9.204 10.610 12.044 13.505 15.056 16.734 18.364 19.945 21.477 22.961 24.396 27.031 30.091 33.050 35.906 38.661 41.313 43.864 46.313 48.660 50.904 53.047 55.088 55.207 54.919 54.620
1.166 1.324 1.476 1.622 1.762 1.896 2.024 2.146 2.262 2.372 2.477 2.580 2.717 2.869 3.036 3.217 3.413 3.624 3.850 4.091 4.343 4.603 4.875 5.225 5.818 6.429 7.058 7.705 8.369 9.052 9.752 10.470 11.206 11.960 12.732 13.110 12.714 12.305 11.881 11.443 10.990 10.524 10.043 9.607 9.393 9.278 9.263 10.115 11.821 13.479 15.088 16.649 18.161 19.624 21.038 22.404 23.721 24.989 26.209 28.286 30.896 33.405 35.812 38.117 40.320 42.422 44.421 46.318 48.114 49.808 51.400 51.603 51.267 50.919
