DATA/SHG/ECMWF/20170628/EN-33/20170706.en-33.asc
ncols        190
nrows        64
xllcorner    -5100000.000000000000
yllcorner    4130000.000000000000
cellsize     10000.000000000000
NODATA_value  -99999.000
[rows 0 to 32 of 64, columns 75 to 149 of 190]
1.457 1.331 1.205 1.079 0.954 0.830 0.778 0.886 0.995 1.102 1.207 1.310 1.412 1.511 1.609 1.705 1.799 1.891 1.984 2.087 2.191 2.295 2.398 2.501 2.603 2.706 2.807 2.909 3.010 3.111 3.232 3.414 3.589 3.759 3.922 4.080 4.232 4.377 4.517 4.650 4.778 4.900 4.946 4.773 4.599 4.423 4.245 4.066 3.885 3.703 3.519 3.333 3.146 2.957 2.792 2.700 2.606 2.510 2.414 2.316 2.217 2.117 2.015 1.913 1.809 1.703 1.591 1.470 1.362 1.265 1.181 1.108 1.047 0.998 0.961
1.455 1.327 1.204 1.084 0.967 0.855 0.784 0.889 0.991 1.091 1.190 1.287 1.382 1.475 1.567 1.656 1.744 1.830 1.916 2.017 2.120 2.222 2.324 2.425 2.527 2.628 2.728 2.829 2.929 3.028 3.134 3.289 3.438 3.581 3.718 3.849 3.973 4.092 4.205 4.312 4.413 4.508 4.564 4.384 4.202 4.019 3.835 3.648 3.460 3.271 3.080 2.887 2.693 2.497 2.313 2.215 2.116 2.015 1.913 1.809 1.705 1.599 1.492 1.383 1.274 1.163 1.056 0.989 0.934 0.890 0.859 0.840 0.832 0.837 0.853
1.412 1.298 1.188 1.081 0.979 0.880 0.795 0.892 0.988 1.083 1.175 1.265 1.354 1.441 1.526 1.609 1.691 1.770 1.848 1.948 2.049 2.150 2.250 2.351 2.451 2.550 2.649 2.748 2.847 2.945 3.043 3.171 3.293 3.410 3.520 3.624 3.722 3.815 3.901 3.981 4.055 4.124 4.184 3.997 3.808 3.618 3.426 3.233 3.038 2.841 2.643 2.443 2.242 2.039 1.837 1.733 1.628 1.521 1.413 1.304 1.194 1.083 0.970 0.856 0.741 0.624 0.558 0.631 0.702 0.771 0.837 0.900 0.960 1.018 1.073
1.366 1.265 1.168 1.076 0.987 0.902 0.820 0.898 0.988 1.075 1.161 1.246 1.328 1.408 1.487 1.564 1.639 1.713 1.784 1.879 1.979 2.078 2.177 2.276 2.375 2.473 2.571 2.669 2.766 2.863 2.960 3.060 3.156 3.245 3.329 3.406 3.478 3.543 3.603 3.657 3.704 3.746 3.782 3.613 3.417 3.219 3.020 2.820 2.618 2.414 2.209 2.002 1.793 1.583 1.371 1.252 1.141 1.062 1.019 0.982 0.951 0.926 0.908 0.896 0.891 0.892 0.899 0.958 1.017 1.073 1.127 1.178 1.227 1.273 1.316
1.316 1.229 1.146 1.066 0.991 0.919 0.852 0.905 0.988 1.070 1.149 1.227 1.303 1.378 1.450 1.521 1.589 1.656 1.722 1.810 1.909 2.007 2.105 2.202 2.300 2.396 2.493 2.589 2.685 2.781 2.876 2.956 3.025 3.087 3.144 3.195 3.240 3.279 3.312 3.339 3.360 3.376 3.385 3.230 3.027 2.823 2.617 2.409 2.216 2.041 1.872 1.708 1.550 1.398 1.251 1.196 1.168 1.146 1.131 1.122 1.119 1.123 1.134 1.150 1.173 1.202 1.238 1.286 1.333 1.378 1.420 1.459 1.496 1.530 1.561
1.262 1.189 1.119 1.053 0.992 0.934 0.879 0.914 0.991 1.066 1.139 1.211 1.281 1.348 1.415 1.479 1.541 1.602 1.661 1.742 1.839 1.936 2.033 2.129 2.225 2.320 2.416 2.510 2.605 2.699 2.794 2.858 2.900 2.936 2.967 2.991 3.009 3.022 3.028 3.031 3.032 3.030 3.025 2.903 2.725 2.552 2.386 2.224 2.069 1.919 1.775 1.637 1.505 1.378 1.257 1.216 1.216 1.223 1.236 1.256 1.281 1.314 1.352 1.397 1.448 1.506 1.570 1.617 1.652 1.685 1.715 1.742 1.767 1.790 1.809
1.205 1.145 1.089 1.037 0.989 0.944 0.904 0.924 0.995 1.064 1.131 1.196 1.259 1.321 1.381 1.439 1.495 1.549 1.602 1.674 1.770 1.866 1.961 2.056 2.150 2.244 2.338 2.432 2.525 2.618 2.705 2.751 2.761 2.769 2.774 2.776 2.776 2.773 2.767 2.758 2.747 2.733 2.716 2.623 2.470 2.323 2.182 2.046 1.916 1.792 1.673 1.560 1.453 1.352 1.256 1.230 1.258 1.294 1.335 1.383 1.437 1.497 1.564 1.637 1.717 1.803 1.895 1.949 1.973 1.994 2.012 2.028 2.041 2.051 2.059
1.144 1.098 1.055 1.017 0.982 0.951 0.924 0.936 1.000 1.063 1.124 1.183 1.240 1.295 1.349 1.400 1.450 1.498 1.544 1.607 1.701 1.804 1.907 2.004 2.096 2.183 2.265 2.342 2.414 2.481 2.542 2.578 2.576 2.572 2.565 2.555 2.542 2.527 2.509 2.488 2.465 2.439 2.410 2.337 2.210 2.088 1.972 1.862 1.757 1.658 1.565 1.478 1.396 1.320 1.249 1.237 1.294 1.357 1.427 1.503 1.585 1.674 1.769 1.871 1.979 2.093 2.213 2.284 2.296 2.305 2.312 2.315 2.317 2.315 2.311
1.080 1.047 1.018 0.993 0.972 0.955 0.941 0.950 1.008 1.064 1.118 1.171 1.222 1.275 1.342 1.409 1.475 1.540 1.605 1.676 1.765 1.850 1.930 2.004 2.074 2.139 2.198 2.252 2.302 2.346 2.386 2.408 2.394 2.378 2.359 2.337 2.312 2.285 2.255 2.222 2.186 2.148 2.107 2.045 1.944 1.847 1.757 1.672 1.593 1.519 1.451 1.389 1.333 1.282 1.237 1.238 1.323 1.415 1.513 1.617 1.727 1.844 1.968 2.097 2.233 2.376 2.524 2.621 2.621 2.618 2.613 2.605 2.595 2.581 2.565
1.012 0.993 0.978 0.966 0.958 0.954 0.961 0.985 1.053 1.121 1.189 1.255 1.322 1.388 1.453 1.518 1.582 1.646 1.710 1.772 1.839 1.902 1.959 2.011 2.058 2.100 2.137 2.169 2.196 2.218 2.234 2.241 2.216 2.187 2.156 2.122 2.085 2.046 2.004 1.959 1.911 1.861 1.808 1.748 1.672 1.601 1.536 1.476 1.422 1.374 1.332 1.295 1.264 1.238 1.219 1.232 1.345 1.465 1.591 1.724 1.863 2.008 2.160 2.317 2.482 2.652 2.829 2.960 2.949 2.934 2.917 2.897 2.875 2.850 2.822
1.038 1.081 1.113 1.134 1.144 1.143 1.131 1.109 1.175 1.241 1.307 1.372 1.437 1.501 1.564 1.628 1.690 1.752 1.814 1.874 1.919 1.958 1.993 2.023 2.047 2.067 2.081 2.091 2.095 2.095 2.089 2.078 2.040 1.999 1.956 1.910 1.861 1.810 1.756 1.699 1.640 1.577 1.512 1.446 1.394 1.349 1.309 1.275 1.246 1.224 1.206 1.195 1.189 1.189 1.195 1.219 1.361 1.509 1.664 1.824 1.991 2.165 2.345 2.531 2.723 2.922 3.127 3.302 3.278 3.252 3.223 3.191 3.157 3.120 3.081
1.450 1.454 1.448 1.430 1.401 1.361 1.310 1.248 1.297 1.362 1.426 1.489 1.552 1.614 1.676 1.738 1.799 1.859 1.919 1.977 2.004 2.021 2.033 2.040 2.042 2.040 2.032 2.019 2.001 1.977 1.949 1.916 1.868 1.815 1.760 1.702 1.641 1.578 1.511 1.443 1.371 1.297 1.220 1.140 1.112 1.091 1.077 1.068 1.065 1.067 1.075 1.089 1.109 1.134 1.165 1.201 1.370 1.547 1.729 1.918 2.113 2.315 2.523 2.737 2.958 3.185 3.406 3.606 3.575 3.567 3.582 3.619 3.680 3.763 3.869
1.872 1.837 1.792 1.735 1.668 1.589 1.499 1.399 1.420 1.482 1.544 1.606 1.667 1.728 1.788 1.848 1.907 1.966 2.024 2.080 2.094 2.089 2.079 2.063 2.043 2.018 1.987 1.952 1.912 1.866 1.816 1.760 1.699 1.634 1.567 1.496 1.424 1.348 1.270 1.189 1.106 1.020 0.931 0.839 0.823 0.828 0.839 0.855 0.877 0.905 0.938 0.977 1.022 1.073 1.129 1.191 1.373 1.582 1.796 2.009 2.222 2.434 2.644 2.854 3.063 3.271 3.479 3.685 3.765 3.858 3.975 4.113 4.275 4.460 4.667
2.303 2.230 2.146 2.051 1.944 1.827 1.699 1.559 1.542 1.603 1.664 1.724 1.783 1.842 1.900 1.958 2.016 2.073 2.129 2.184 2.190 2.163 2.130 2.092 2.049 2.002 1.949 1.891 1.828 1.760 1.687 1.609 1.533 1.456 1.377 1.295 1.210 1.122 1.032 0.939 0.844 0.746 0.645 0.541 0.529 0.559 0.595 0.637 0.700 0.784 0.867 0.952 1.037 1.122 1.208 1.295 1.478 1.689 1.900 2.109 2.318 2.526 2.733 2.939 3.144 3.348 3.551 3.754 3.933 4.127 4.344 4.585 4.847 5.133 5.442
2.744 2.632 2.510 2.376 2.231 2.075 1.908 1.730 1.665 1.724 1.783 1.841 1.899 1.956 2.013 2.069 2.125 2.180 2.235 2.287 2.292 2.242 2.187 2.127 2.061 1.991 1.916 1.836 1.751 1.660 1.565 1.465 1.370 1.281 1.190 1.096 0.999 0.900 0.797 0.717 0.657 0.593 0.525 0.453 0.472 0.555 0.639 0.724 0.809 0.895 0.981 1.068 1.156 1.245 1.334 1.423 1.590 1.798 2.004 2.210 2.415 2.619 2.822 3.024 3.225 3.425 3.625 3.823 4.077 4.373 4.691 5.032 5.397 5.783 6.193
3.195 3.045 2.883 2.711 2.527 2.333 2.127 1.910 1.788 1.846 1.903 1.959 2.015 2.071 2.126 2.180 2.234 2.288 2.341 2.392 2.399 2.327 2.249 2.167 2.079 1.986 1.889 1.786 1.679 1.566 1.472 1.401 1.343 1.292 1.238 1.180 1.118 1.052 0.982 0.909 0.831 0.750 0.665 0.576 0.568 0.654 0.741 0.828 0.916 1.005 1.095 1.184 1.275 1.366 1.458 1.551 1.703 1.907 2.110 2.311 2.512 2.712 2.911 3.110 3.307 3.503 3.699 3.894 4.198 4.595 5.015 5.457 5.922 6.410 6.921
3.656 3.467 3.267 3.056 2.833 2.600 2.356 2.101 1.912 1.968 2.023 2.077 2.132 2.185 2.239 2.291 2.344 2.396 2.447 2.496 2.512 2.414 2.317 2.227 2.141 2.062 1.988 1.921 1.858 1.802 1.751 1.706 1.659 1.591 1.520 1.444 1.365 1.282 1.195 1.104 1.009 0.911 0.808 0.702 0.663 0.752 0.842 0.932 1.023 1.115 1.207 1.300 1.393 1.487 1.582 1.677 1.817 2.017 2.216 2.413 2.610 2.807 3.002 3.196 3.390 3.582 3.774 3.965 4.297 4.795 5.316 5.859 6.425 7.014 7.626
4.126 3.899 3.660 3.410 3.150 2.878 2.595 2.301 2.036 2.090 2.143 2.196 2.249 2.299 2.328 2.360 2.393 2.428 2.466 2.505 2.534 2.457 2.386 2.321 2.261 2.207 2.159 2.117 2.080 2.049 2.024 2.005 1.979 1.894 1.805 1.713 1.616 1.516 1.412 1.304 1.192 1.076 0.956 0.833 0.758 0.850 0.942 1.035 1.129 1.224 1.318 1.414 1.510 1.607 1.705 1.803 1.932 2.127 2.322 2.516 2.709 2.902 3.093 3.284 3.473 3.662 3.850 4.037 4.373 4.972 5.593 6.238 6.905 7.594 8.307
4.606 4.340 4.063 3.775 3.476 3.165 2.835 2.463 2.103 2.121 2.150 2.180 2.213 2.247 2.283 2.321 2.362 2.404 2.448 2.494 2.543 2.494 2.448 2.409 2.374 2.346 2.324 2.307 2.296 2.290 2.291 2.297 2.303 2.201 2.095 1.985 1.871 1.754 1.632 1.507 1.378 1.245 1.108 0.967 0.852 0.947 1.042 1.138 1.234 1.331 1.429 1.528 1.627 1.726 1.827 1.928 2.047 2.239 2.430 2.620 2.809 2.997 3.185 3.372 3.557 3.742 3.926 4.109 4.426 5.126 5.848 6.593 7.361 8.152 8.965
4.937 4.534 4.143 3.765 3.399 3.045 2.704 2.375 2.059 2.040 2.075 2.113 2.152 2.193 2.236 2.281 2.329 2.378 2.429 2.482 2.537 2.524 2.504 2.490 2.481 2.478 2.481 2.490 2.504 2.524 2.550 2.582 2.619 2.511 2.388 2.261 2.130 1.995 1.857 1.714 1.568 1.418 1.264 1.106 0.945 1.042 1.140 1.239 1.339 1.438 1.539 1.640 1.742 1.845 1.948 2.052 2.163 2.351 2.538 2.724 2.909 3.094 3.278 3.460 3.642 3.823 4.003 4.183 4.456 5.256 6.080 6.926 7.794 8.686 9.600
4.536 4.176 3.828 3.493 3.170 2.860 2.562 2.276 2.003 1.957 1.999 2.044 2.090 2.138 2.188 2.240 2.294 2.350 2.408 2.468 2.530 2.548 2.553 2.564 2.581 2.604 2.632 2.666 2.706 2.752 2.803 2.860 2.923 2.825 2.685 2.541 2.393 2.241 2.085 1.925 1.762 1.594 1.423 1.248 1.069 1.137 1.238 1.340 1.442 1.545 1.648 1.752 1.857 1.962 2.068 2.175 2.282 2.463 2.647 2.829 3.011 3.191 3.371 3.550 3.728 3.905 4.081 4.269 4.499 5.391 6.277 7.157 8.031 8.900 9.762
4.124 3.807 3.503 3.210 2.931 2.663 2.408 2.166 1.936 1.873 1.922 1.973 2.026 2.081 2.137 2.196 2.257 2.320 2.385 2.452 2.521 2.565 2.596 2.632 2.675 2.723 2.777 2.836 2.902 2.973 3.049 3.132 3.220 3.143 2.986 2.824 2.659 2.490 2.317 2.140 1.960 1.775 1.587 1.395 1.199 1.232 1.335 1.440 1.545 1.650 1.756 1.863 1.971 2.079 2.188 2.297 2.407 2.577 2.774 2.993 3.208 3.419 3.626 3.828 4.025 4.219 4.408 4.592 4.773 5.593 6.453 7.307 8.155 8.998 9.834
3.701 3.427 3.166 2.917 2.680 2.456 2.244 2.044 1.857 1.786 1.842 1.900 1.960 2.022 2.085 2.151 2.219 2.288 2.360 2.434 2.510 2.576 2.632 2.694 2.762 2.835 2.915 3.000 3.090 3.187 3.289 3.397 3.511 3.465 3.291 3.112 2.930 2.743 2.553 2.359 2.161 1.960 1.754 1.545 1.332 1.325 1.432 1.539 1.646 1.757 1.881 2.016 2.162 2.320 2.490 2.672 2.865 3.071 3.275 3.476 3.671 3.863 4.050 4.233 4.411 4.585 4.755 4.920 5.081 5.800 6.634 7.462 8.285 9.101 9.912
3.267 3.036 2.818 2.612 2.419 2.237 2.068 1.912 1.767 1.698 1.761 1.826 1.892 1.961 2.032 2.104 2.179 2.255 2.334 2.415 2.498 2.580 2.662 2.749 2.842 2.941 3.046 3.157 3.273 3.395 3.522 3.655 3.794 3.791 3.599 3.403 3.204 3.000 2.793 2.582 2.369 2.148 1.913 1.662 1.397 1.332 1.460 1.600 1.752 1.915 2.090 2.276 2.474 2.684 2.905 3.138 3.383 3.595 3.781 3.962 4.138 4.310 4.478 4.641 4.801 4.955 5.106 5.252 5.394 6.013 6.821 7.623 8.419 9.210 9.995
2.822 2.635 2.459 2.296 2.146 2.008 1.882 1.768 1.667 1.608 1.678 1.750 1.823 1.899 1.976 2.056 2.137 2.220 2.306 2.393 2.483 2.577 2.685 2.798 2.916 3.041 3.171 3.307 3.448 3.596 3.748 3.923 4.131 4.225 4.041 3.843 3.630 3.402 3.160 2.903 2.632 2.346 2.045 1.730 1.400 1.271 1.451 1.643 1.846 2.060 2.287 2.525 2.774 3.035 3.308 3.592 3.888 4.124 4.290 4.451 4.609 4.761 4.910 5.054 5.194 5.329 5.461 5.587 5.710 6.230 7.013 7.789 8.560 9.324 10.083
2.367 2.222 2.090 1.970 1.862 1.767 1.684 1.613 1.555 1.517 1.593 1.672 1.752 1.835 1.919 2.005 2.094 2.184 2.276 2.371 2.467 2.569 2.706 2.861 3.027 3.205 3.396 3.598 3.812 4.038 4.276 4.525 4.787 4.958 4.709 4.446 4.168 3.875 3.568 3.247 2.910 2.559 2.194 1.814 1.419 1.198 1.430 1.673 1.927 2.193 2.471 2.760 3.061 3.374 3.698 4.033 4.381 4.656 4.803 4.945 5.083 5.216 5.346 5.471 5.591 5.707 5.819 5.927 6.030 6.454 7.210 7.961 8.705 9.444 10.177
1.900 1.799 1.709 1.632 1.567 1.515 1.475 1.447 1.432 1.428 1.507 1.592 1.680 1.769 1.862 1.971 2.081 2.190 2.300 2.409 2.518 2.626 2.820 3.027 3.246 3.478 3.721 3.976 4.242 4.521 4.812 5.114 5.429 5.706 5.392 5.064 4.721 4.364 3.992 3.605 3.204 2.788 2.358 1.913 1.453 1.113 1.396 1.690 1.996 2.314 2.643 2.984 3.336 3.700 4.075 4.462 4.861 5.192 5.319 5.442 5.561 5.675 5.785 5.891 5.992 6.089 6.182 6.270 6.354 6.683 7.413 8.138 8.857 9.570 10.277
1.423 1.364 1.318 1.283 1.262 1.252 1.255 1.279 1.338 1.388 1.486 1.595 1.704 1.813 1.923 2.033 2.143 2.253 2.363 2.473 2.582 2.691 2.920 3.180 3.452 3.736 4.032 4.340 4.659 4.991 5.334 5.689 6.057 6.436 6.091 5.698 5.290 4.868 4.431 3.979 3.513 3.032 2.537 2.027 1.503 1.016 1.350 1.696 2.053 2.422 2.803 3.195 3.598 4.013 4.440 4.878 5.328 5.731 5.840 5.943 6.043 6.138 6.229 6.315 6.397 6.475 6.548 6.617 6.682 6.917 7.621 8.320 9.013 9.700 10.382
0.969 1.055 1.133 1.203 1.266 1.321 1.368 1.407 1.439 1.463 1.543 1.653 1.763 1.873 1.983 2.094 2.204 2.315 2.426 2.537 2.647 2.757 3.006 3.319 3.644 3.981 4.330 4.690 5.062 5.447 5.843 6.251 6.670 7.102 6.804 6.346 5.874 5.386 4.885 4.368 3.837 3.292 2.732 2.157 1.568 0.964 1.292 1.689 2.098 2.518 2.950 3.393 3.848 4.314 4.793 5.282 5.783 6.275 6.364 6.448 6.528 6.604 6.676 6.743 6.806 6.864 6.918 6.968 7.014 7.156 7.835 8.508 9.175 9.837 10.492
1.294 1.353 1.404 1.447 1.483 1.511 1.531 1.543 1.547 1.544 1.601 1.711 1.822 1.932 2.043 2.155 2.266 2.377 2.489 2.600 2.711 2.821 3.080 3.445 3.823 4.212 4.614 5.027 5.452 5.889 6.337 6.798 7.270 7.755 7.533 7.010 6.472 5.920 5.354 4.773 4.177 3.567 2.942 2.303 1.649 0.980 1.222 1.670 2.130 2.602 3.085 3.579 4.085 4.603 5.132 5.673 6.226 6.790 6.892 6.957 7.018 7.074 7.127 7.175 7.218 7.258 7.293 7.323 7.350 7.384 7.980 8.555 9.108 9.640 10.149
1.626 1.658 1.682 1.698 1.707 1.707 1.700 1.685 1.662 1.632 1.658 1.769 1.880 1.992 2.103 2.215 2.327 2.439 2.552 2.663 2.775 2.886 3.139 3.558 3.988 4.430 4.884 5.350 5.827 6.317 6.818 7.331 7.857 8.393 8.276 7.689 7.086 6.470 5.838 5.193 4.532 3.857 3.168 2.464 1.745 1.012 1.139 1.639 2.150 2.673 3.207 3.753 4.310 4.879 5.460 6.052 6.655 7.271 7.423 7.469 7.500 7.502 7.497 7.486 7.467 7.442 7.410 7.371 7.325 7.272 7.737 8.215 8.672 9.108 9.521
1.965 1.970 1.967 1.956 1.937 1.911 1.876 1.834 1.785 1.727 1.715 1.827 1.938 2.051 2.163 2.275 2.388 2.501 2.614 2.726 2.838 2.950 3.185 3.656 4.139 4.634 5.141 5.659 6.189 6.731 7.285 7.851 8.429 9.018 9.035 8.382 7.715 7.034 6.338 5.628 4.903 4.163 3.409 2.640 1.857 1.059 1.044 1.595 2.158 2.732 3.317 3.930 4.576 5.206 5.821 6.421 7.006 7.576 7.734 7.720 7.699 7.670 7.635 7.593 7.545 7.489 7.427 7.357 7.281 7.198 7.515 7.897 8.259 8.598 8.916
2.311 2.288 2.258 2.220 2.175 2.121 2.060 1.991 1.914 1.829 1.771 1.884 1.996 2.109 2.222 2.335 2.449 2.562 2.676 2.789 2.901 3.014 3.218 3.742 4.277 4.824 5.384 5.955 6.537 7.132 7.739 8.357 8.987 9.629 9.808 9.091 8.360 7.614 6.853 6.078 5.288 4.484 3.679 2.927 2.202 1.504 1.458 2.112 2.751 3.375 3.984 4.577 5.156 5.720 6.268 6.801 7.320 7.823 8.001 7.956 7.904 7.846 7.780 7.708 7.629 7.543 7.450 7.350 7.243 7.130 7.314 7.601 7.866 8.110 8.332
