DATA/RAW-RASTER/ECMWF/20170628/EN-32/20170630.en-32.asc
ncols			31
nrows			16
xllcorner		69.5
yllcorner		19.5
cellsize		1.0
NODATA_value	-99999
1.34659 1.34659 0.90027 1.08719 5.40543 7.78961 6.46210 4.97818 6.28281 5.02014 5.61142 7.43103 6.28662 6.26373 6.49261 7.87354 10.19287 15.74707 11.74545 11.94382 7.69424 9.25446 11.71494 13.54980 9.10187 1.38474 0.60272 0.21362 0.33188 0.15640 0.00763
0.07248 0.49210 6.07300 2.28882 10.39886 1.62888 4.46701 9.06754 9.91440 7.43103 4.53949 3.16620 9.07135 9.89151 10.52094 2.32697 4.93240 3.21198 4.83704 3.47137 2.89154 3.55148 0.79346 0.81253 1.67084 3.99017 10.25391 6.12640 5.31387 0.69427 0.52261
0.14496 0.48065 0.41962 3.77274 7.94220 16.02554 4.52042 7.32422 6.95419 4.37927 3.20435 3.99399 2.73514 2.16675 1.41144 1.01471 0.44250 0.83923 2.09808 1.88065 5.54276 6.66046 1.33514 0.38147 0.96512 1.23596 2.14386 4.28009 5.38635 12.76016 1.84250
0.10300 0.33188 0.78964 0.64850 2.09808 10.53619 17.95197 34.48486 39.31427 9.53674 9.20486 1.98746 3.50571 4.75693 0.85068 1.20926 1.50299 0.02670 0.66376 2.04849 2.00272 1.44577 0.58746 4.28772 2.67792 2.05612 7.20215 11.37161 16.81519 11.93619 12.26425
1.04904 0.07629 0.88501 1.93024 18.55087 19.25278 84.62143 100.47913 25.54703 11.94763 10.08224 8.70514 2.95258 0.69427 0.96893 0.64087 0.28610 0.20218 2.75040 10.68115 1.01852 4.51279 10.21194 4.64249 2.59781 1.56784 1.68991 4.77219 11.16562 10.81467 19.31000
2.18964 0.11444 0.48828 8.65555 11.77216 6.24847 11.10458 41.10718 42.72842 145.64514 45.22705 6.59943 1.46484 1.93405 0.67520 0.68283 0.75150 0.43106 1.65176 18.85986 12.53891 9.68552 9.26971 10.86426 9.25064 14.84299 12.95471 12.30621 6.46210 12.85172 17.01736
0.01144 0.22507 1.42288 6.59180 7.90405 21.09909 13.05771 23.84567 35.21729 29.81186 36.88431 47.15347 17.19666 0.43106 0.35477 0.61035 0.26703 0.82779 4.79126 2.59399 5.22995 13.35907 7.13348 7.62939 21.54922 106.04477 69.96536 20.31326 9.22012 7.74384 13.01575
0.29373 1.48773 1.65176 6.28662 15.37704 13.26752 9.53293 19.61136 13.55743 12.38632 19.38248 15.36560 6.85883 8.05664 14.17542 9.12857 4.89807 0.59128 0.20599 7.70187 5.79453 23.59390 14.97650 48.30551 32.62329 103.65295 53.03574 29.22058 27.51923 26.81732 14.39285
1.06430 1.02615 6.84738 10.10513 20.18356 43.07556 14.46152 4.54330 3.00980 4.92477 7.91931 15.65552 11.26862 6.12640 9.18579 2.33841 23.36502 41.59164 24.77264 22.65930 36.93008 119.45724 86.52496 77.18277 27.70615 19.50073 45.68100 134.34982 66.55502 31.95953 13.14163
2.16293 1.39999 7.12967 17.27676 7.98416 4.97055 3.18909 1.11771 1.39236 2.93350 9.28879 12.80594 18.22281 12.97379 18.75687 4.79889 13.81302 3.83759 4.56238 7.98798 7.59506 10.70404 96.41647 13.84354 12.25662 10.75363 42.63306 16.55960 41.19110 12.29095 7.64465
5.03540 10.97870 33.27942 19.06967 7.27081 5.03159 2.30026 2.82288 0.97275 3.40652 0.95367 0.90790 5.96237 7.34329 21.33560 16.55960 11.14655 6.55365 4.48608 3.88718 7.05719 14.30893 47.27554 10.45227 9.77325 79.12445 8.36182 18.69202 23.81897 8.05283 7.11060
25.88654 7.49207 24.17374 31.45981 15.38086 3.07083 3.54767 3.58200 1.08337 1.48392 0.17548 2.60544 7.29370 14.64081 13.87787 17.94052 14.48822 11.05118 10.15091 10.66208 11.40976 8.83865 7.47681 6.14548 20.52307 9.85336 3.17383 9.70459 5.64194 9.24301 11.42120
25.68436 11.71875 21.86203 19.67239 15.20920 2.95258 6.10733 2.97928 3.98636 0.46539 0.57602 2.79999 13.69858 19.24133 13.86261 19.74106 10.36453 17.87186 19.59610 8.75092 6.25610 9.06372 5.93948 3.56674 14.21356 4.31442 0.43488 3.74603 7.47681 5.65338 8.90732
5.62286 1.93024 7.46918 17.85660 8.46100 0.60654 5.27573 6.74820 1.44958 0.95749 4.47083 4.51660 29.37317 30.99060 28.78189 30.09033 23.55194 14.77814 12.46262 6.37817 7.07245 32.59277 3.08228 6.88171 7.05338 0.44632 0.58365 0.88882 13.34381 14.30130 11.02448
6.76727 4.53186 4.57382 13.16833 4.28772 2.20871 0.33951 2.19345 0.87357 1.70898 3.88336 7.27844 20.89310 44.48700 47.06192 29.29306 30.91049 14.48441 28.67889 23.75793 23.33832 27.70615 38.22327 15.39612 5.35202 0.74005 1.54495 0.71716 6.00052 8.81577 4.75693
3.54004 2.71988 4.04739 11.90186 1.62888 3.38745 0.80872 3.24249 2.47192 1.43814 9.25064 13.62610 14.48822 42.43088 24.07837 45.95947 24.49417 31.16608 33.50449 16.44897 11.74927 23.29636 35.11047 39.64233 42.15622 6.67191 17.78030 3.10898 3.68881 6.39343 6.46591
