DATA/RAW-RASTER/ECMWF/20170628/EN-32/20170703.en-32.asc
ncols			31
nrows			16
xllcorner		69.5
yllcorner		19.5
cellsize		1.0
NODATA_value	-99999
2.89917 1.43433 2.38419 1.92261 6.69861 2.63596 3.46756 1.03760 0.23651 0.01526 0.15259 0.81253 2.15912 2.35748 2.42996 4.34494 6.67953 2.52151 10.32257 16.41846 16.11710 8.76236 3.57056 2.71988 0.68283 3.26157 2.01035 0.16022 0.83542 0.47684 0.74387
0.13351 0.11063 2.57492 1.14059 2.27737 0.16403 0.50354 0.36621 0.17929 0.02289 0.51117 0.78583 2.03705 2.92587 5.19180 2.46811 2.92587 6.84357 7.15637 4.63486 4.38309 2.31934 1.25885 1.01089 3.13187 6.68335 10.46753 8.50677 3.14713 3.87192 1.42670
0.50354 0.13733 1.78146 3.88336 4.49371 2.63596 2.84195 0.00763 0.02289 0.00000 0.01144 0.24033 1.38092 1.07956 1.39618 0.79727 0.52643 0.65231 2.40326 4.97818 5.56183 2.54822 3.55148 7.03812 9.18961 9.05609 16.69312 14.64462 13.38959 12.70676 6.17981
3.47137 7.43484 12.58087 15.86151 7.04193 4.91333 3.64685 6.90842 0.07629 0.01526 0.00000 0.01526 0.10681 1.77765 1.10626 0.61417 1.04141 1.54877 4.29153 1.61743 3.57056 2.46048 6.35147 9.92966 8.35419 6.15311 16.56723 11.96671 15.51437 7.17545 5.05066
2.97546 1.62125 1.35422 6.54602 8.24738 11.32584 2.91443 2.99835 5.67627 0.01144 0.08774 1.58691 2.73514 3.42941 3.47519 2.32315 4.47464 5.18799 6.34766 6.93893 3.14713 14.17923 6.99234 4.91333 6.53076 6.43158 10.19669 12.32529 16.38412 6.60706 5.69534
2.06757 0.00000 0.00000 2.01416 2.68555 7.25174 5.05066 1.99127 3.15857 2.88773 4.00162 7.45773 9.23157 1.01089 2.21634 4.82178 23.49854 10.89859 10.74600 16.18958 22.46094 16.76559 10.38361 10.06317 15.52582 24.02496 12.12311 8.82721 14.21738 7.64465 13.37433
0.00000 0.00000 0.00000 0.09918 0.64850 4.36020 6.55365 3.22723 3.42941 12.99286 38.97476 40.08865 8.48770 5.52750 2.40707 3.29590 2.50626 5.84793 20.04242 12.67624 4.24576 6.31332 4.64249 10.73837 24.33014 32.54700 38.67340 15.43808 8.49152 9.43756 8.73947
0.00000 0.00000 0.00000 0.00000 0.17548 1.91879 4.93240 4.52805 9.81903 6.46210 13.62991 18.34869 9.54819 7.68280 10.97488 5.92804 10.02121 2.21252 3.85666 4.72641 5.97382 10.86807 2.30026 32.16171 12.37106 34.80148 103.90091 19.60373 9.28116 8.58307 7.03430
0.00000 0.00000 0.00763 0.03433 0.01144 0.39291 2.06757 5.62286 8.98743 19.69147 14.00757 9.54819 7.30515 9.36890 19.68002 6.27518 11.52802 5.82886 63.27820 93.36472 34.95407 24.57428 10.34546 22.32361 11.25717 9.65500 81.72607 68.37463 28.40042 10.56290 17.13943
0.04959 0.18311 0.57602 0.89645 0.61035 0.04578 1.51825 11.32202 8.47626 25.48218 25.58899 16.33453 7.72858 13.02719 14.77814 16.88385 17.49802 12.06970 12.56180 18.28766 9.36890 65.58228 26.64948 12.63046 1.26266 14.63318 84.66339 63.89618 142.18140 15.04517 13.56888
0.24796 0.44250 0.97656 1.02997 0.51117 0.21362 0.45776 5.91278 7.86591 27.48108 39.18076 10.97107 5.77545 2.04468 7.12204 7.05719 7.30515 15.64026 18.11218 13.65662 23.80753 10.78033 59.61990 12.21466 17.14706 3.31497 3.87192 22.59064 66.14685 20.04242 11.95145
0.33951 0.34332 1.06430 3.43704 1.92642 1.22833 6.25229 5.98907 29.15573 62.62589 307.61719 92.79633 25.16556 2.34222 0.48065 1.85394 2.63214 9.25827 22.59827 14.40811 19.19174 24.57428 6.76727 3.09753 5.14603 2.98309 1.77765 3.66211 28.49960 70.06836 13.24844
0.35477 0.65231 0.46921 0.69427 4.17328 4.27628 1.20163 9.09805 47.89734 107.23877 129.10080 31.90231 5.14221 2.22015 2.13623 1.46103 1.06812 3.41415 2.79617 6.72150 19.72198 31.86035 7.21359 6.32095 17.89856 1.90353 1.12534 12.13074 42.19055 42.28210 37.35352
1.41525 0.98419 0.30518 2.60544 3.30734 1.31989 1.28555 4.77219 15.46097 14.83154 9.49478 7.51495 0.57983 2.11334 4.89426 2.70462 1.18256 1.15585 7.35855 7.16782 7.18689 29.68979 10.43320 21.48438 8.44574 1.68228 5.19562 4.32968 15.96451 9.95255 8.28171
4.89426 6.91605 6.00052 4.30679 5.63049 1.03760 1.46484 1.32751 1.73187 0.65613 1.56021 0.43106 1.09863 1.99509 6.05011 1.65558 0.20981 0.01907 6.77109 10.08987 10.68115 19.00482 29.96826 19.32907 5.12314 0.89645 4.50897 6.99997 11.27625 15.18250 15.84625
2.51389 5.69916 5.17654 7.80869 1.35422 4.04358 2.02560 1.43433 0.88501 0.77057 1.46484 2.23160 0.84305 0.54169 0.36240 0.31662 1.05286 0.83923 0.99564 4.97437 9.47189 15.41138 21.12579 32.78732 63.60626 2.62070 8.94928 4.95148 4.47464 10.01358 15.35797
