DATA/RAW-RASTER/ECMWF/20170628/EN-32/20170702.en-32.asc
ncols			31
nrows			16
xllcorner		69.5
yllcorner		19.5
cellsize		1.0
NODATA_value	-99999
2.13623 1.58310 1.01852 2.79236 4.82941 3.09753 4.43649 0.45395 0.34332 0.44250 1.42288 2.18964 2.16293 1.28555 0.61798 1.31226 1.10626 0.78964 2.10190 2.25830 1.90735 1.14441 2.68555 2.03705 1.20926 0.54550 1.09863 4.56238 2.20490 4.97055 6.64902
0.12589 0.74387 0.86212 2.69318 5.22614 0.50735 0.15259 0.69427 0.17929 0.22507 1.23596 2.05994 6.81305 7.06863 3.90625 2.88391 4.34494 3.59344 2.84195 0.70190 0.41962 1.24359 2.19727 3.81088 8.19778 1.69754 5.42450 3.74985 4.45557 4.66919 5.04684
1.47247 7.61414 2.10571 3.13950 3.29590 1.19781 4.18472 0.15259 0.17929 0.58365 0.87738 1.90353 1.90353 4.29153 6.14548 3.48282 21.72852 18.00919 7.77817 3.44086 2.88773 5.91660 6.75964 9.91821 11.90948 6.17599 3.88718 5.50079 3.62396 6.85883 5.02396
4.05502 12.63809 9.55963 9.71222 8.18253 4.62723 3.40271 7.28989 0.17929 0.00000 1.31607 0.95367 1.52206 6.80542 5.83649 5.36728 3.60107 10.89478 13.91983 20.64514 20.03098 17.97104 9.84573 13.23700 4.12750 1.62888 5.44739 6.94275 9.35364 9.62830 6.35147
1.24741 1.07956 3.24631 12.65717 4.87137 4.13895 1.70135 8.91495 8.79288 1.40762 1.00327 7.35092 4.64249 7.70187 5.61905 10.07462 14.83154 12.96234 13.39722 11.13129 15.69748 19.39392 10.57816 7.48444 9.22012 10.44846 6.41632 19.21463 12.91275 11.65009 11.75308
0.34332 0.13733 1.50299 2.12860 2.63596 2.13623 3.30353 5.91278 9.98688 125.30518 26.42822 16.47949 17.44461 2.19345 9.73511 5.22614 5.26047 11.26480 13.72910 19.94705 11.59286 13.71765 10.50568 12.55035 16.28876 23.10944 6.93893 1.46484 10.55908 15.19775 9.49860
0.00381 0.00000 0.07248 0.53406 1.52588 5.94330 2.82288 4.74548 12.19177 21.92688 33.37860 155.10178 14.89639 5.16129 10.61630 4.08173 2.22015 4.62723 9.11713 11.63864 2.26974 8.30841 12.52747 15.68985 17.41409 33.40530 39.84833 15.23209 2.59399 4.01306 10.40649
0.00000 0.00000 0.00763 0.49591 2.45285 6.42014 8.18253 3.97491 15.03372 21.35468 19.26041 15.22446 3.44849 5.01633 16.75034 26.64566 19.28711 9.69315 9.64737 21.66748 16.53671 10.39124 5.05447 21.93451 11.90567 46.57364 83.49991 51.02921 19.79446 5.34058 17.49802
0.00381 0.00381 0.01144 0.17929 1.87683 3.56293 5.97763 9.19342 13.88168 21.71707 13.91220 17.75360 14.68277 9.88388 13.90457 19.99664 1.67084 3.60870 67.31415 169.92569 102.04697 75.48904 26.96609 17.44080 12.83646 12.48169 8.25119 38.58948 61.49292 15.18250 5.34058
0.00763 0.24796 0.41962 0.56839 0.65231 2.83051 10.71167 13.46970 13.03101 23.23914 11.57761 14.56070 3.95203 24.46747 32.69577 17.48276 29.52957 12.82120 5.68008 37.19330 110.90469 6.14166 21.48438 4.24194 3.22342 3.91006 23.46039 6.10733 44.28864 13.35907 3.07083
0.55695 0.50735 0.86594 2.22015 0.54550 5.18799 54.78668 67.58118 20.54977 9.71222 5.45502 3.55911 1.11771 4.69589 20.32089 20.75577 8.57925 11.61957 6.79016 11.31439 71.36917 10.22720 31.63147 8.13675 37.90665 16.33835 1.83868 5.55420 29.36554 12.42828 4.36401
0.81253 1.10245 2.14767 2.79617 5.14603 5.67627 43.67447 52.33383 55.46951 17.47513 8.38470 0.62943 1.70135 3.80707 13.66806 10.43701 13.21793 5.51987 13.10349 6.82449 26.12686 5.00870 0.43106 6.58798 14.23645 2.82669 5.42831 14.36996 9.86099 19.51218 11.00159
0.56458 1.46103 1.14822 1.02997 5.34821 9.87625 14.99939 9.15146 8.75473 12.83264 9.15909 7.75146 1.98746 3.85284 38.98621 11.07407 5.17654 4.01688 6.57654 1.61362 26.69525 7.82013 5.66864 10.91385 16.90674 0.85068 1.08337 8.03757 14.98413 11.74164 23.73123
2.17438 1.02615 1.09863 2.20871 6.43158 3.07846 5.95856 8.13675 5.23376 12.22610 13.25989 8.69751 9.06372 6.63757 17.26151 22.63260 2.32697 29.29688 3.17383 3.33023 4.98199 19.07730 17.46368 21.22879 1.48392 1.49536 0.50354 2.83432 9.30786 14.74380 13.47733
2.62451 1.61743 6.87790 6.28662 5.93567 9.42230 2.89154 3.81088 5.33676 2.48337 8.16727 15.15961 15.69366 16.89148 21.51871 36.06415 11.22284 1.39236 12.45499 10.94055 10.87189 14.30511 33.95844 32.55844 4.02069 0.25558 1.35040 4.66537 11.22665 23.84186 19.45496
5.56946 4.42123 7.98798 18.45551 3.15475 5.58090 2.06375 9.46808 5.31387 3.46375 12.32910 8.41141 5.77164 19.72198 46.09680 24.14322 1.14441 2.57111 4.66919 4.22668 10.10895 13.56125 21.36612 35.45380 32.43256 2.05994 10.02502 3.15475 4.15421 3.49045 5.28336
