DATA/RAW-RASTER/ECMWF/20170628/EN-32/20170712.en-32.asc
ncols			31
nrows			16
xllcorner		69.5
yllcorner		19.5
cellsize		1.0
NODATA_value	-99999
0.17548 1.51825 3.73840 6.08826 6.03485 1.41144 1.02997 0.50354 0.23651 0.01526 0.00000 0.32043 0.43488 0.42725 1.70135 2.09808 0.78583 0.09918 0.11444 0.00763 0.01526 0.00000 0.00000 0.00000 0.00000 0.03052 0.22125 1.08337 1.83868 3.12805 4.69208
0.10681 0.16022 22.84241 19.45496 8.85010 5.70679 0.43488 0.14496 0.00000 0.00000 0.39673 0.00000 0.41962 0.06866 0.43488 0.20599 0.09918 0.00763 0.00000 0.00000 0.00000 0.22125 0.09155 0.24414 0.45776 1.73950 4.81415 3.90625 3.02124 5.95093 4.31061
0.60272 0.85449 0.99945 25.37537 17.57812 9.58252 3.34167 0.28229 0.21362 0.11444 2.29645 1.25122 0.32043 0.05341 0.00763 0.00000 0.00000 0.00000 0.00763 0.21362 0.50354 6.53839 6.56891 4.00543 6.53076 4.77600 1.78528 1.65558 0.80872 0.80109 3.02887
0.09155 0.03052 0.00763 0.76294 8.33130 14.05334 13.13782 30.47943 0.55695 2.41089 1.86920 1.75476 0.16022 0.35095 0.10681 0.48065 1.06049 0.45776 1.27411 12.39777 7.34711 5.37109 14.65607 17.12036 15.26642 17.25769 15.46478 13.09967 14.90784 15.19012 24.33777
0.05341 0.00000 0.00000 0.00000 0.40436 3.35693 6.69098 34.90448 23.20862 7.51495 0.29755 4.96674 0.51880 0.51117 9.59778 6.13403 9.87244 11.07788 10.51331 11.20758 18.15796 8.65173 11.07025 4.83704 2.61688 1.06812 1.25122 9.38416 16.11328 8.89587 15.02228
0.00000 0.00000 0.00000 0.00000 0.00000 0.05341 12.32910 17.47131 17.16614 25.35248 10.85663 14.49585 12.61139 14.45770 7.40051 1.39618 5.26428 18.76068 8.33130 4.14276 6.70624 2.02179 2.31934 4.84467 2.70844 9.75800 2.94495 1.54114 10.50568 13.52692 1.06812
0.00000 0.00000 0.00000 0.00000 0.08392 0.21362 2.84576 6.09589 23.34595 94.93256 33.41675 13.74054 12.75635 7.95746 3.61633 9.64355 8.20160 15.74707 3.25012 0.82397 1.96075 2.60925 3.67737 1.31226 6.37817 20.23315 3.49426 9.32312 4.53186 0.84686 3.14331
0.00000 0.00000 0.00000 0.00000 0.00000 0.00000 0.19836 1.51825 11.16180 18.84460 23.26202 36.92627 25.20752 24.61243 18.15033 41.70227 20.76721 7.87354 7.20978 3.76129 3.82996 11.15417 5.11932 23.16284 2.19727 7.30133 13.08441 16.27350 4.74548 7.03430 4.99725
0.00000 0.00000 0.00000 0.00000 0.00000 0.00000 0.08392 0.53406 0.37384 0.09155 14.81628 11.13129 16.20483 8.76617 7.94220 8.25500 12.96997 104.64478 23.08655 100.67749 14.42719 16.86859 25.77209 17.56287 24.77264 5.17273 1.78528 12.55798 9.75037 16.16669 4.89807
0.00000 0.13733 0.65613 0.57983 0.08392 0.03052 0.00763 0.00763 0.00000 0.00000 1.01471 1.59454 9.92584 7.17926 9.86481 6.24084 12.29095 22.08710 31.73065 23.96393 27.74048 15.28931 19.15741 25.13885 39.19983 23.52142 17.33398 23.78845 15.83099 16.93726 6.21033
0.09918 0.48828 1.74713 0.71716 0.67902 0.51880 0.04578 0.08392 0.00000 0.03052 0.01526 1.99127 6.98853 11.42120 7.90405 11.39069 13.48114 35.56061 27.18353 18.47076 4.11987 11.45172 8.34656 11.84845 11.63483 12.13837 25.71106 30.51758 7.67517 13.20648 6.57654
0.17548 1.41144 2.62451 3.14331 2.47192 0.57983 0.85449 0.43488 0.00763 0.01526 0.09918 3.84521 15.98358 9.92584 19.57703 17.39502 5.97382 2.41089 0.47302 0.19073 1.86920 13.87787 6.98090 17.37976 15.57159 26.86310 12.01630 33.96606 22.66693 19.45496 16.80756
1.32751 1.71661 0.80872 3.51715 1.84631 2.21252 0.72479 0.13733 0.01526 0.23651 0.36621 9.18579 7.04193 18.08167 6.06537 0.91553 1.57166 0.05341 0.22888 0.33569 3.86810 4.06647 20.46204 12.51221 11.62720 2.69318 3.15857 33.37860 34.01947 14.05334 21.31653
0.70953 0.61798 0.29755 5.42450 2.60162 3.10516 0.41962 1.58691 0.04578 0.37384 1.72424 6.41632 15.76996 11.29913 9.92584 2.99072 0.13733 0.76294 1.62506 6.78253 2.54822 5.59235 7.90405 14.28223 2.79999 1.05286 16.94489 25.81024 11.90186 10.93292 7.93457
2.43378 4.73022 3.02887 4.76837 2.57874 0.82397 0.37384 0.14496 0.04578 2.42615 1.53351 15.25879 21.13342 6.38580 6.91223 1.43433 1.03760 3.57056 1.11389 1.03760 2.15912 4.95148 4.68445 8.74329 2.43378 1.43433 6.14166 16.81519 46.44775 31.04401 14.73236
2.74658 3.15857 5.14984 8.73566 0.39673 1.16730 0.74768 0.62561 0.00763 1.60217 1.46484 17.15851 16.45660 8.68988 4.03595 2.58636 3.79181 1.39618 0.95367 1.15204 1.26648 1.52588 6.40106 5.98907 8.80432 15.89966 13.84735 20.43915 24.33777 23.42987 28.16772
