DATA/RAW-RASTER/ECMWF/20170628/EN-32/20170705.en-32.asc
ncols			31
nrows			16
xllcorner		69.5
yllcorner		19.5
cellsize		1.0
NODATA_value	-99999
2.96783 8.88062 15.11002 7.72858 7.58362 5.05447 8.11768 6.06155 0.66757 0.08774 1.09482 0.61035 2.19345 0.56458 1.50299 1.56021 3.08609 2.07138 2.17056 1.85013 2.49863 3.26157 2.78854 0.77057 1.59073 1.22833 0.95367 0.50735 0.97275 0.28229 0.72479
2.15530 11.92093 24.58954 26.74866 10.91766 12.41684 3.00980 0.67139 0.49210 0.29755 0.49210 0.56076 1.01089 1.36185 2.56348 2.78473 4.55856 3.78036 5.14221 5.72205 10.48660 6.74438 6.49261 2.30789 5.31769 5.36346 4.21906 4.28009 3.17001 1.44577 20.46204
12.97379 26.75247 20.82062 24.81079 20.79391 5.21469 4.11987 1.22070 0.27466 0.04578 0.03052 0.00381 0.18311 0.29373 0.28992 0.87738 1.15585 0.91553 2.07138 3.52859 5.76019 6.35910 5.78690 6.44302 5.21469 6.07681 11.82556 24.50180 21.00754 9.20486 17.82990
13.70239 24.15085 19.41299 17.38739 17.55142 5.13077 3.87955 4.22668 0.12207 0.06104 0.04578 0.03433 0.00763 0.60272 0.04196 0.40054 0.99564 0.85068 2.07520 1.56021 5.51224 7.75528 13.03101 10.72693 24.26910 4.50516 10.30731 17.95197 26.34430 15.16724 10.25772
12.00485 3.43704 1.70135 0.48828 2.52914 9.01413 5.06592 4.29916 2.86484 0.63324 0.03052 0.67520 0.88882 0.01907 0.02670 0.42725 1.26648 0.69046 1.71280 3.79944 2.36130 6.85883 10.63919 9.51004 10.57816 6.52313 12.30240 9.23920 11.98959 5.20706 5.23376
3.65829 0.00000 0.00000 0.02670 0.07248 0.68283 3.89099 6.05774 8.19016 9.40704 16.71982 5.04303 9.33075 0.41962 4.25720 7.63321 5.00870 3.69644 14.45007 6.93512 6.82831 11.36398 14.05334 14.26315 10.54764 19.94324 7.58362 2.28882 1.94931 2.42233 1.81961
0.00000 0.00000 0.01144 0.00000 0.01526 0.14877 0.77820 2.65121 5.81360 11.33347 7.25174 8.75854 15.38467 16.43372 1.64032 6.22559 6.14166 5.46646 5.98907 13.36288 14.03046 2.41470 18.77594 8.76617 19.92416 44.82269 26.98898 7.74765 4.45175 3.25775 5.95856
0.00000 0.00000 0.18311 0.00000 0.40054 0.30136 0.17166 0.46158 5.14603 6.42395 6.91223 14.85062 30.12085 39.57367 16.18958 13.55743 6.96945 0.33188 0.32806 0.62561 7.49969 33.45108 4.36020 31.55518 9.17053 16.58630 130.82886 46.52023 61.99265 12.52365 5.61142
0.01526 0.00000 0.02289 0.73242 0.40817 0.32043 0.02289 0.03815 0.43488 5.80978 14.78195 7.34711 18.45551 3.85666 3.23105 7.08389 3.37219 10.57434 26.92032 80.34897 77.65198 25.48981 28.68271 17.04407 19.92035 4.51660 25.29144 81.44760 27.07672 13.52310 11.01685
0.22125 1.76239 1.69373 1.50681 2.10190 0.47684 0.27466 0.25177 0.03433 1.27792 12.06207 18.66531 6.25992 10.66208 4.45938 2.04086 2.23541 1.48773 2.85721 3.52097 5.70297 8.28552 24.49036 12.37106 9.90677 28.17154 35.67505 24.50943 20.22934 11.32202 4.48227
0.94223 0.71335 1.10626 0.83160 0.24796 0.45013 0.19073 0.49591 0.20981 1.48773 11.85608 32.54318 31.33011 14.15253 15.54108 0.63324 1.01471 0.49973 0.91553 1.45340 4.18472 9.70459 23.20480 6.48117 6.79016 16.25824 13.64899 16.60156 17.47894 5.31769 2.29263
0.40817 0.68665 1.09482 2.90680 1.99127 1.13297 0.80872 0.65994 1.70135 4.82941 11.87515 36.63635 77.72446 173.19870 7.70950 3.40652 0.09537 0.57220 0.37384 1.44577 3.20435 2.93350 3.73459 8.33893 24.30344 6.41632 3.17383 14.49585 1.75476 28.04184 1.26648
0.42725 0.72861 0.12207 1.10245 1.68228 0.63705 0.47302 2.14005 1.47629 0.80490 8.73947 22.79663 28.83530 59.46732 5.24902 1.12152 0.20599 0.14877 0.44250 2.26974 4.44412 5.68771 4.32205 4.65393 17.08221 7.93076 1.22452 11.76071 4.53186 6.43921 1.71280
0.85449 2.69699 0.26703 1.31989 1.28555 0.65613 1.78909 1.27029 1.91879 2.33459 2.37656 9.69315 22.70889 53.01285 24.65820 5.08118 2.38419 0.76675 3.49426 3.26538 7.54929 13.27515 5.42831 6.50406 10.27298 4.72641 3.75366 4.57764 22.75848 4.41742 1.42670
3.69644 2.01797 1.39236 4.08173 3.26538 1.50681 2.23923 1.17493 0.17929 0.48828 2.50626 2.89536 8.92258 9.08279 3.74985 1.03760 0.22125 0.15640 2.73132 1.89590 6.51169 4.34494 10.44083 5.05066 2.37656 16.15906 4.60052 5.82886 0.88120 7.16400 2.03705
1.85394 2.18964 3.00980 8.20160 1.51825 2.39563 2.49100 2.99835 1.93405 1.31989 3.13568 3.46756 3.51334 13.47351 4.26483 1.98746 2.43759 1.04523 2.94876 4.78363 2.98309 8.30460 12.94327 20.12634 19.47021 8.38470 15.88821 6.10352 1.44577 7.33185 3.05939
