DATA/RAW-RASTER/ECMWF/20170628/EN-32/20170629.en-32.asc
ncols			31
nrows			16
xllcorner		69.5
yllcorner		19.5
cellsize		1.0
NODATA_value	-99999
1.80817 1.22929 1.06430 0.69618 9.55105 6.42490 7.43866 9.44424 5.69534 3.58582 3.96824 8.83102 9.38988 7.20406 4.22096 4.95625 3.38936 3.23772 2.87914 17.67349 3.77655 1.94263 1.23024 0.64659 0.42534 0.38433 0.52071 0.43964 0.28801 0.18597 0.57793
0.50449 1.13106 2.04372 15.24734 10.21194 8.55350 11.79504 8.13770 12.09450 9.23252 7.55978 3.58295 3.01170 3.02505 4.41170 2.43378 0.57507 3.43418 2.69413 2.85244 5.69057 16.86287 20.04147 17.50469 7.56550 8.98361 0.80967 0.34618 1.32465 0.60463 2.76184
1.13010 6.27804 5.98717 11.71017 18.90755 23.52428 26.47877 16.34979 9.21249 8.12340 5.14984 2.79045 1.45149 1.09863 1.60027 1.27316 1.79958 2.88773 2.39563 1.87969 3.67069 8.34465 12.88509 23.29540 18.30387 14.26315 7.74574 2.35748 0.77343 0.10777 0.54741
5.42831 5.71156 11.94096 25.63381 27.27604 48.21682 41.32652 16.22486 24.00780 3.37982 3.59344 0.25654 0.90790 1.07193 0.70477 0.65994 4.21238 5.68962 6.49834 4.42505 10.30445 4.46224 14.24503 20.57743 23.93436 22.74704 24.60575 13.33904 8.16154 1.67465 0.32234
3.61347 6.22940 9.81808 43.94722 51.93043 51.71013 45.93372 11.60049 9.64260 9.16195 0.43106 1.18542 0.76866 0.60749 0.37098 0.66471 1.07574 3.83949 3.86429 4.95148 13.77869 9.63593 7.00760 5.74875 7.05719 17.72213 7.60365 9.66549 8.25691 5.91469 1.43337
1.49345 8.81386 21.56734 32.48692 65.17887 33.05721 42.88673 30.24006 10.01549 18.04161 4.67777 0.83351 0.79536 0.07153 0.18787 0.25368 0.35763 1.84155 4.01115 6.01292 7.80487 11.62529 13.03387 14.63413 12.12025 14.44435 10.90145 3.10421 6.67953 7.29084 8.35419
0.95558 3.45612 23.02170 46.03100 19.23370 34.15489 22.33124 30.25341 33.20312 34.18159 10.61249 11.62720 9.55677 0.86498 0.09632 1.03378 0.91267 1.43623 2.68269 3.04508 4.62151 6.29044 18.42690 8.61645 21.00658 39.67571 19.66190 13.79490 2.67792 9.05228 6.74057
1.24454 7.22504 19.28043 16.08276 13.29517 33.53405 23.25153 8.53920 18.94188 13.00716 27.86732 15.11478 3.93677 11.55376 9.40895 12.25090 1.81293 1.60217 1.86825 2.14577 3.79372 12.66861 5.86700 43.90144 21.28315 134.88293 45.48359 22.72034 48.26355 12.18033 3.89099
10.95486 10.19669 16.76941 39.53743 12.47215 14.90116 15.82527 4.02451 14.65511 23.19145 5.18703 17.00020 10.25772 14.50062 12.78305 13.93032 28.21255 20.96653 15.84816 34.73854 48.68698 36.05652 43.34164 56.34880 24.83749 14.37473 40.96508 176.84842 47.44053 14.17446 6.79111
8.81672 20.03098 11.62624 5.18799 9.17435 9.37939 7.12299 6.75964 6.71959 7.28989 6.67477 5.08595 16.86859 17.06219 11.93905 13.79585 16.90769 18.68248 13.30376 12.18510 12.56466 13.60321 38.43689 13.03005 3.11184 34.07383 61.58161 19.80877 21.57784 10.77461 5.67341
27.10533 18.60237 20.71857 22.53723 3.77560 2.60353 0.88596 1.43337 1.70612 1.34850 1.94645 7.22885 14.52827 18.21041 16.49857 23.22102 10.90240 6.46400 4.44984 11.51657 13.99422 9.37176 22.85862 13.73959 16.44421 29.74415 11.85608 30.74741 38.43594 17.04788 3.87573
25.99525 1.25980 60.97031 12.93945 38.05637 4.22764 2.84576 1.77479 0.47302 2.32792 5.03922 10.50568 16.45279 29.93107 24.75548 15.68413 5.84793 6.14548 5.83076 6.17981 3.72124 7.53689 14.28127 24.22619 58.86173 17.17854 9.60732 17.85660 13.76057 35.32028 17.27867
33.86784 8.42857 3.77655 3.26347 3.66783 1.92070 0.88596 1.21212 0.33283 0.35191 2.17438 6.01482 10.99968 15.04993 16.86382 16.55102 7.73048 9.25636 4.41647 2.27165 4.33636 4.85706 1.80721 13.40008 11.72066 6.84643 0.80109 11.62720 14.92786 13.53931 2.80380
12.05635 23.03791 3.04604 4.38881 2.24876 0.82397 0.61893 0.96703 1.12629 0.88024 1.87492 3.01075 13.30280 14.99557 59.34048 22.55058 10.58769 4.09317 5.01537 3.94440 6.43349 14.59694 2.10285 6.80161 11.19518 0.51785 0.47398 8.97121 11.97338 9.69219 6.61755
157.82642 29.11663 10.92529 12.95662 1.18732 0.69141 0.82874 1.22356 0.68951 1.21880 0.53596 1.60503 12.29382 10.69927 12.70294 7.01427 1.99318 1.94359 7.44534 14.57882 47.20211 22.87483 22.36080 21.52252 3.74889 0.67234 1.08147 7.08008 6.09684 15.23590 9.58633
17.98630 14.57214 17.97581 14.74476 3.62873 1.55449 2.46716 5.88703 1.21021 1.30749 3.90816 1.55926 2.80285 5.11932 1.95789 2.63691 5.69439 9.17149 8.60023 10.46085 10.92815 13.55267 26.83735 25.96664 18.80646 7.47395 3.44658 11.64055 4.10557 11.50608 10.78701
