DATA/RAW-RASTER/ECMWF/20170628/EN-32/20170711.en-32.asc
ncols			31
nrows			16
xllcorner		69.5
yllcorner		19.5
cellsize		1.0
NODATA_value	-99999
0.15259 1.64032 2.01416 2.92969 0.00000 0.00000 0.00000 0.02289 0.07629 0.00763 0.22888 0.21362 0.19836 0.00000 0.00000 0.00000 0.03815 0.00000 1.52588 0.71716 0.71716 2.76947 1.89972 4.49371 6.29425 5.73730 3.95203 7.30133 6.98853 8.62885 10.20050
0.09918 0.08392 1.15967 3.14331 4.28772 1.12915 0.13733 0.01526 0.00000 0.03052 0.90790 0.03815 0.02289 0.00000 0.00000 0.44250 0.41962 0.39673 1.22833 1.84631 4.91333 11.19995 18.00537 14.45007 15.89203 15.66315 14.93073 12.46643 12.52747 17.63916 19.38629
0.05341 0.00000 0.23651 2.41852 2.28119 9.30023 8.36945 0.04578 0.67139 0.00000 1.68610 1.12915 0.35858 0.07629 1.05286 1.60217 1.13678 0.46539 4.50134 2.83813 4.42505 21.24023 10.35309 12.93945 3.61633 3.67737 8.13293 11.99341 15.41901 9.15527 12.19177
0.00763 0.00000 0.09155 0.85449 2.38037 2.22015 8.01086 51.20850 0.06866 4.76837 1.77002 1.64795 0.19836 3.02124 1.41907 5.92804 6.02722 14.76288 9.11713 17.39502 7.43103 11.96289 5.09644 4.05884 0.58746 0.12970 1.49536 0.83923 5.42450 18.02826 12.83264
0.39673 0.00000 0.00000 0.06104 0.20599 2.44904 2.78473 10.04791 17.59338 9.81140 14.06097 12.03156 15.93781 4.28772 5.66864 16.28876 12.51984 10.06317 12.30621 3.95966 6.29425 2.47192 1.31226 0.15259 0.25940 0.54932 0.70953 1.38092 3.15094 0.98419 2.42615
0.47302 0.00000 0.00000 0.00000 0.03815 0.94604 0.61798 10.59723 102.00500 42.32025 4.42505 8.11005 16.99829 11.09314 9.27734 21.62170 9.97925 10.63538 9.15527 4.21143 0.75531 2.54059 1.72424 1.01471 0.51880 2.20490 4.19617 0.66376 2.05994 0.55695 1.03760
0.00000 0.00000 0.03815 0.03052 0.02289 0.00000 0.52643 6.07300 7.64465 9.51385 4.15039 3.02124 7.22504 2.38800 0.92316 9.36127 4.37927 12.32910 7.42340 6.49261 17.64679 4.44794 3.08228 0.91553 1.17493 15.41901 8.04901 4.11987 1.77765 1.02234 1.02234
0.00763 0.00000 0.03815 0.03815 0.00000 0.01526 0.00763 0.01526 0.34332 0.80872 0.71716 0.22888 0.41199 5.06592 17.95959 54.60358 13.05389 3.21960 1.16730 6.01196 5.64575 11.19995 7.29370 6.69861 8.59070 3.34930 8.82721 9.14764 20.69092 14.91547 3.41034
0.00000 0.00000 0.00000 0.00000 0.02289 0.12970 0.34332 0.40436 0.46539 0.48828 0.11444 0.71716 0.63324 0.74005 1.90735 9.04083 7.22504 32.87506 26.90887 47.66083 49.93439 11.76453 15.51056 14.28986 9.74274 8.73566 10.94818 13.59558 13.35907 18.99719 2.83813
0.00000 0.01526 0.10681 0.16785 0.74005 0.29755 0.08392 0.64087 0.54169 0.96130 1.74713 1.18256 0.74768 2.19727 13.06152 23.13995 19.27185 3.81470 15.57159 8.77380 5.66101 6.02722 17.24243 5.53894 31.51703 51.57471 33.57697 13.08441 10.59723 12.90894 8.81958
0.03815 1.28937 0.53406 0.32043 0.01526 0.10681 0.02289 0.18311 0.75531 2.54059 0.57220 4.22668 2.80762 10.81848 8.68225 11.06262 12.40540 7.88879 4.87518 1.20544 2.36511 10.61249 19.59991 20.04242 24.00208 49.38507 53.39050 175.27008 4.04358 8.62122 11.00159
2.02179 1.35803 2.49481 1.46484 1.35803 0.37384 0.00000 0.00000 0.54169 1.33514 3.88336 3.52478 3.89862 6.68335 14.04572 8.17108 0.67902 0.65613 0.45013 0.70190 4.58527 4.60815 4.44031 10.13947 19.79065 10.24628 11.75690 18.89801 18.07404 48.02704 14.16779
3.40271 2.30408 0.57220 2.34985 1.83105 1.71661 0.41199 0.05341 0.60272 1.55640 1.16730 8.86536 11.20758 7.96509 5.67627 3.00598 0.67139 0.01526 1.11389 5.78308 9.88770 7.59125 7.47681 6.00433 7.75909 6.50787 2.29645 6.95801 12.93182 10.99396 11.94763
5.64575 3.81470 0.83923 1.89972 0.77820 0.63324 0.90027 0.31281 0.45013 4.65393 3.64685 6.22559 8.21686 13.38959 6.55365 2.38037 0.16022 2.23541 3.09753 4.39453 1.00708 5.75256 9.67407 13.45825 0.35095 0.52643 0.37384 2.08282 12.64191 14.25171 13.63373
18.47839 20.13397 9.05609 4.50897 0.74005 1.62506 0.56458 0.19073 9.14001 6.05774 5.81360 6.05011 13.50403 4.51660 5.44739 1.83868 1.79291 1.70898 0.60272 0.62561 0.67902 0.89264 3.38745 9.69696 3.28827 0.30518 1.01471 3.77655 22.78900 14.82391 14.68658
33.19550 27.42004 3.96729 10.53619 0.76294 1.23596 0.93079 6.88171 4.85992 9.77325 7.83539 22.23206 7.98035 6.24847 5.29480 2.86865 4.37927 2.56348 0.80109 1.22833 1.32751 1.05286 2.35748 11.23047 18.84460 0.40436 0.86975 3.27301 2.84576 16.29639 34.21783
