DATA/RAW-RASTER/ECMWF/20170628/EN-32/20170710.en-32.asc
ncols			31
nrows			16
xllcorner		69.5
yllcorner		19.5
cellsize		1.0
NODATA_value	-99999
0.67139 1.12915 0.54169 1.25122 0.00000 0.00000 0.00000 0.09155 0.25940 0.04578 0.06104 0.10681 0.67902 0.12970 0.50354 0.72479 1.33514 0.93842 3.57819 3.01361 0.28992 0.12970 0.00000 0.00000 0.00000 0.00000 0.00000 0.10681 0.32043 0.31281 0.38147
0.16785 0.77820 0.36621 0.71716 1.04523 0.15259 0.06866 0.12970 0.00000 0.00000 0.31281 1.02234 1.19781 1.54877 3.18909 3.38745 4.00543 3.13568 3.82233 0.58746 0.19073 0.18311 0.00000 0.19073 0.00763 0.34332 0.35858 0.73242 0.83160 0.66376 1.59454
0.64087 0.06104 0.22888 2.11334 2.31171 11.51276 1.08337 0.00000 0.84686 0.09155 0.88501 3.10516 3.64685 4.15039 7.73621 5.65338 6.30188 0.70190 0.79346 2.28119 1.68610 8.43048 1.80817 2.63214 1.93787 2.58636 1.04523 0.59509 1.28937 9.07135 10.03265
0.15259 0.26703 0.23651 0.75531 2.29645 5.31006 6.77490 16.89911 0.19073 1.59454 0.72479 7.17926 11.58142 11.44409 15.33508 1.83105 25.19989 14.20593 7.53784 4.08173 4.52423 2.34985 3.50189 1.60217 0.60272 0.61798 4.73022 10.39124 9.53674 9.07898 7.66754
0.00000 0.08392 0.38147 0.36621 3.86047 1.83105 3.72314 11.10840 7.56073 3.38745 2.39563 9.67407 6.48499 9.78851 5.53894 12.58087 12.39777 9.18579 3.88336 4.22668 6.06537 5.39398 3.53241 0.81635 1.67084 1.82343 7.94220 5.87463 4.28772 9.45282 2.97546
0.00763 0.00000 0.01526 0.46539 0.53406 0.59509 1.92261 6.42395 15.30457 29.85382 117.46979 24.55139 8.84247 4.28772 1.17493 0.12970 2.37274 5.11169 6.27136 5.66101 11.23810 9.04846 4.20380 4.74548 2.64740 4.02832 4.44031 7.11823 6.05774 5.08881 8.77380
0.22888 0.15259 0.12970 0.12970 0.06866 0.25177 0.08392 0.23651 1.07574 2.49481 10.26917 16.79993 13.22174 12.19940 2.66266 2.40326 2.75421 7.32422 5.72205 3.20435 8.65936 4.96674 5.76019 0.92316 3.64685 1.60217 14.55688 10.76508 12.00867 13.66425 6.20270
0.40436 0.34332 0.18311 0.11444 0.30518 0.00000 0.20599 0.05341 0.00000 0.00000 0.25940 1.50299 2.15149 11.26099 18.04352 12.35199 8.75854 1.34277 0.38910 4.62341 2.46429 7.79724 9.12476 8.21686 14.44244 6.64520 7.76672 18.79883 11.26862 10.40649 13.00049
3.73840 0.75531 0.08392 0.62561 1.54114 0.65613 0.83160 0.31281 0.13733 0.00000 0.02289 0.83923 1.11389 0.36621 1.58691 6.79779 8.02612 30.22003 20.15686 70.51086 36.30066 26.02386 17.60101 27.02332 11.82556 4.44794 5.89752 20.20264 5.35583 4.79126 5.66101
6.43158 0.85449 0.00000 0.03052 0.01526 0.00000 0.19073 0.03052 0.00763 0.00000 0.02289 0.22125 1.58691 2.34985 7.20215 4.08936 11.67297 4.88281 3.44849 2.87628 6.30188 4.50134 3.91388 13.49640 3.66974 6.81305 8.82721 19.40918 38.42163 4.08936 22.64404
0.19836 0.19836 0.00000 0.02289 0.05341 0.04578 0.21362 0.12970 0.62561 0.12207 0.06104 0.08392 0.77820 3.50189 3.80707 3.95203 0.82397 0.47302 0.38910 0.93842 2.13623 9.79614 7.79724 10.49042 3.71552 12.93945 6.54602 15.17487 15.14435 11.80267 14.41193
2.51770 0.62561 0.76294 1.99127 1.67847 0.42725 0.14496 1.35040 1.15967 1.27411 0.03815 0.00763 2.67792 1.15204 1.95312 1.10626 0.33569 0.00763 0.12207 0.16022 0.84686 1.03760 0.86975 2.86102 2.47955 2.12097 0.77820 7.27081 5.56183 10.01740 11.32965
8.91876 2.99835 1.11389 1.56403 1.84631 1.17493 0.42725 0.09155 0.70190 0.86975 1.01471 0.76294 0.39673 4.49371 2.51770 0.22125 0.01526 0.55695 4.53186 3.52478 1.68610 1.21307 5.75256 19.45496 1.65558 0.34332 0.27466 1.39618 18.79120 7.64465 6.06537
30.80750 4.89807 0.48065 2.48718 1.27411 0.86212 2.08282 0.81635 0.29755 0.21362 1.96838 3.09753 5.20325 7.27844 0.63324 0.38910 4.06647 1.92261 3.86810 3.02887 2.47955 1.25885 4.21143 6.72150 1.19781 0.08392 0.07629 0.39673 0.32043 4.97437 6.23322
27.41241 8.03375 3.36456 6.05774 1.30463 1.22833 0.67902 0.86212 0.27466 0.19073 0.16022 3.87573 31.94427 7.65991 1.46484 0.41962 3.28827 0.83923 0.60272 0.77820 1.19781 0.70190 2.69318 1.78528 1.76239 0.47302 0.06104 0.66376 3.76892 4.24957 10.30731
26.67236 9.50623 13.42010 11.74164 1.35040 0.99182 1.64795 1.39618 4.61578 0.11444 0.28229 3.11279 20.47729 4.79126 3.56293 2.73132 17.78412 2.81525 0.91553 1.48010 0.77057 0.49591 1.14441 3.28827 2.64740 0.74768 0.88501 1.06049 0.41199 0.87738 2.76947
