DATA/RAW-RASTER/ECMWF/20170628/EN-32/20170708.en-32.asc
ncols			31
nrows			16
xllcorner		69.5
yllcorner		19.5
cellsize		1.0
NODATA_value	-99999
0.17929 0.01144 0.03052 0.08774 0.00000 0.05722 0.68665 0.05722 0.08392 0.15259 1.03760 0.42725 1.48392 0.94604 0.99182 0.73624 0.41580 0.43869 7.71713 10.09369 12.42065 19.66476 12.63809 18.61954 15.95306 13.91983 14.39285 11.29532 11.48224 11.28769 10.42557
0.27847 0.00381 0.00000 0.06104 3.14331 0.37766 0.01526 0.93460 0.27084 0.08011 0.01907 0.01907 0.07248 0.51117 0.85068 0.90408 1.02997 3.21960 8.84247 6.20651 7.53403 7.91931 13.57651 12.40158 5.57327 2.81525 4.69589 2.70462 0.85449 0.45013 0.61035
0.11444 0.11063 0.00000 0.06485 1.57928 1.04141 1.52588 0.01526 0.03052 0.00000 0.00000 0.00000 0.00000 0.00000 0.24033 0.36621 1.49918 5.35965 6.59180 12.90894 15.31219 8.97598 3.25012 1.72424 1.88828 6.63757 3.50189 1.35040 0.83923 3.30353 2.85721
2.04468 1.88065 0.37003 0.51117 0.69809 1.61362 0.64468 3.37601 0.04578 0.00000 0.00000 0.03433 0.00381 1.06049 3.00598 4.01306 12.71820 7.33948 7.54166 10.14328 6.13403 5.95093 8.73184 2.29263 2.14767 2.85721 16.29639 13.51929 3.56293 1.62506 1.11389
0.83923 0.75150 0.06104 1.31989 0.70190 1.12534 2.20108 1.06430 3.76129 0.21744 0.00000 1.19781 1.44958 2.40326 2.63596 7.45773 11.45172 18.19611 7.99942 4.86755 3.69644 1.96457 2.47192 0.56076 0.66376 1.05667 2.49100 7.93076 3.49426 0.77438 0.83923
1.33514 0.00000 0.00000 0.74768 1.31226 2.86484 1.64413 2.93350 0.56076 6.33621 9.02176 6.31332 4.05121 2.65121 4.82178 14.91928 10.79178 4.99725 4.25339 2.28119 3.72696 5.52750 2.88010 6.74438 4.85611 6.01578 3.15857 3.08609 6.08063 1.60217 4.82941
0.00000 0.00000 0.03433 0.11444 0.15640 0.11826 0.57220 8.83865 5.72205 3.37982 8.11005 19.25278 12.21085 13.62991 1.92261 5.19180 7.28989 4.90189 2.42615 5.11169 4.81796 10.19287 4.70734 5.84412 6.53076 41.17966 8.84628 3.45993 8.13675 1.36566 5.88226
0.00000 0.00000 0.00000 0.00000 0.08392 0.17548 1.54114 5.42068 11.19614 12.05826 7.11441 16.36887 8.11768 3.79562 10.35690 3.31497 8.72421 2.39563 1.82343 4.87137 5.41687 19.05060 9.18961 33.72192 13.71002 11.46317 20.87021 3.12424 3.98254 0.58746 1.07574
0.00000 0.00000 0.00000 0.00000 2.64740 1.02234 3.69263 12.53510 8.43430 10.11658 3.75366 2.55966 8.85773 1.16730 7.09534 9.14383 2.41852 6.36292 9.91440 12.37869 25.50507 7.18307 14.69803 20.03098 18.19992 10.15091 20.27512 14.47296 25.76447 1.55258 0.06104
0.00000 0.00000 0.00381 0.00000 0.62180 2.33459 14.26697 14.20975 10.12421 5.52368 4.94003 1.11389 1.35040 2.25830 4.52805 3.80325 7.80487 5.37491 12.79449 23.56720 16.86096 14.55307 17.22336 16.84952 3.68881 38.98621 23.99826 16.30402 18.35632 1.34659 0.06104
0.00000 0.09918 0.27847 2.97928 9.67789 14.76288 23.89145 21.37756 15.08713 3.29208 0.89645 2.56348 0.40054 0.41199 0.77820 0.62561 1.49918 5.65338 4.91714 2.68936 7.82394 16.90674 21.75903 12.92419 14.66751 7.41959 7.08389 3.20435 4.16183 0.30899 0.23270
0.22888 2.42996 9.91821 11.82175 25.65384 23.64731 28.47290 29.78134 9.48334 3.54004 2.99072 2.27737 0.43869 0.74768 0.10681 1.00708 1.73569 4.42505 2.71606 2.08282 1.85013 6.08826 6.75964 56.90765 9.88770 6.42776 0.31281 0.90027 1.52588 1.06812 0.35477
0.57220 6.37817 9.60922 19.44733 117.19513 89.58054 149.16611 81.84433 22.90344 3.00598 1.08719 1.33133 0.62561 1.00708 2.89536 0.47302 0.38910 5.42450 4.39453 4.45938 5.02014 2.34604 2.13242 10.64682 6.03104 0.63324 0.02670 1.70135 0.97275 0.39673 0.27847
4.43268 7.83157 25.65765 67.76810 47.44339 82.29446 134.88770 88.31406 26.28708 10.14328 2.64359 0.92697 1.07574 1.33514 1.26266 0.82779 0.17929 0.37766 2.48337 1.65176 1.06430 7.63702 2.88773 4.45938 0.56458 0.09918 0.08392 0.45776 0.37766 0.68283 0.47684
4.46320 6.06155 6.24084 14.14108 30.62439 17.62390 26.76010 16.10565 8.71658 1.98746 2.19345 2.08664 0.87357 0.65613 0.16785 0.82779 0.34714 5.76401 1.91116 2.09808 6.11877 5.02396 6.35910 6.29807 2.59781 0.45776 0.34332 0.65613 0.35858 1.77002 4.09317
5.03540 6.40869 19.43207 35.20203 2.10190 5.03159 5.74875 3.02887 4.48227 9.17435 17.12036 11.55090 3.96347 1.41525 0.06104 0.50354 0.96893 3.99017 2.49863 2.66266 3.55148 5.45502 5.68771 11.08932 8.34656 2.67792 1.31607 0.28229 0.45776 1.55258 0.43488
