DATA/RAW-RASTER/ECMWF/20170628/EN-32/20170706.en-32.asc
ncols			31
nrows			16
xllcorner		69.5
yllcorner		19.5
cellsize		1.0
NODATA_value	-99999
2.17819 4.62341 2.34222 2.57874 6.72913 7.52640 5.11169 6.47354 1.62506 0.10681 0.56839 1.21689 0.54932 0.14114 0.73624 0.88882 1.01089 1.51062 1.07956 2.38419 0.81635 1.36185 2.80762 1.54877 1.62888 0.20599 0.05722 0.15640 0.00000 0.05341 0.39291
5.14221 1.82343 0.27847 3.40652 8.43811 6.68335 9.49097 1.40762 1.28174 0.25940 0.36621 0.00000 0.00000 0.14877 0.75150 0.94223 0.89264 2.09427 3.09372 0.52261 0.16403 1.83868 1.30081 1.02234 1.40381 1.86539 0.10681 0.11444 0.19073 0.99945 1.83105
4.83322 0.38147 0.06485 9.62448 108.90961 25.09689 2.28119 1.21689 0.12207 0.03052 0.03815 0.00000 0.00000 0.00000 0.00381 0.20218 2.51007 0.48065 4.54712 0.42725 0.84305 1.35422 2.07138 1.04523 0.72479 0.92316 2.27356 0.47302 2.23160 2.56729 14.83154
2.05612 1.37711 1.13678 12.19940 12.79068 13.94272 4.28009 4.84085 0.03052 0.00000 0.04196 0.00000 0.00000 0.00763 0.00381 0.02670 0.28229 7.02667 0.54169 1.04523 0.78583 2.12860 1.23596 0.83923 0.44632 0.87738 4.03214 6.59943 6.96182 4.81415 6.44684
2.30408 0.12589 0.32425 0.85831 1.68991 6.43539 5.89752 1.39618 4.13895 0.01526 0.01526 0.11063 0.56839 0.35095 0.08392 0.01144 0.72479 0.38910 5.30624 1.28937 0.63705 2.81525 10.30350 7.53784 4.23431 9.62067 6.03104 11.58142 8.21304 10.50949 5.00488
1.70517 0.67902 0.16403 0.04196 0.56839 0.32043 1.21689 1.39236 0.62943 7.04956 27.14539 4.45938 2.65121 1.68991 0.90408 0.57602 3.95203 15.65552 0.82779 3.60107 2.40326 10.36072 3.22342 9.62830 10.52094 19.44351 8.79669 7.08389 6.06155 15.54489 8.93021
0.04959 0.00000 0.00000 0.00000 0.15259 0.45395 0.05341 1.07574 2.01416 4.30298 6.15311 11.58524 17.47513 2.31934 0.75912 4.01306 1.77002 4.29535 6.35147 2.95258 2.05612 4.44794 6.38962 6.74820 12.13074 30.63965 24.51706 5.77927 1.25504 3.36838 3.76892
0.00000 0.00381 0.00000 0.00000 0.01144 0.33569 0.51498 0.44632 0.97656 3.76129 6.83212 18.65768 6.15311 3.34167 4.50134 9.21249 6.68716 1.46866 4.27628 6.11496 17.06314 14.30893 11.03210 12.32529 14.50729 8.15582 51.62430 10.58578 17.18521 6.01196 9.70078
0.01144 0.03052 0.01526 0.09537 0.01526 0.35858 1.29318 1.07956 1.13297 10.95200 10.70023 12.85934 8.47626 3.07465 2.05994 1.08337 1.54877 3.64304 20.50400 31.84128 41.53061 19.90509 7.06863 16.83426 3.87573 0.65994 11.38306 12.23373 44.46411 8.93784 13.56125
0.11063 0.48065 0.61417 1.27411 1.15204 0.18692 0.71716 1.77002 1.80817 35.45761 25.04730 7.82394 14.20593 6.74820 2.23923 1.61362 0.92316 2.34604 3.34167 2.01035 1.78146 1.74713 12.50839 1.02997 3.07465 4.32587 25.60043 29.93774 51.21613 36.34644 12.62665
0.95367 0.55695 1.08719 1.03378 0.25177 0.35477 1.73569 3.71933 4.65393 18.63098 42.82379 18.69583 33.80966 14.65988 6.80923 3.54767 1.93024 1.89590 3.17764 4.23050 3.56293 6.00052 15.21301 4.30298 0.90027 22.20917 14.33945 15.07187 8.22067 7.12204 4.69589
0.39291 0.38910 1.47629 2.30408 1.02615 2.62451 2.36130 5.84793 11.47461 22.60590 67.92450 47.53876 87.44812 16.95633 2.18201 1.62506 2.07901 7.97653 1.26266 1.95694 2.41852 2.33078 0.93079 1.91116 3.89481 8.77380 7.42722 3.50189 2.38419 13.86642 3.27682
1.09100 0.60654 0.19455 1.73187 1.82724 0.97656 1.65558 4.43649 12.76016 22.35031 71.40350 111.40442 58.62427 18.51654 3.43704 3.55148 1.64795 1.86920 4.87900 3.95203 2.07138 3.02505 1.44196 0.80490 10.84900 0.20599 0.02289 4.69208 1.35803 0.53787 4.65775
1.57928 0.91553 0.22125 1.54114 2.19345 1.49155 1.15967 2.41470 2.79236 9.44138 29.91104 33.57697 38.17749 14.33945 7.50351 2.74277 7.12967 8.21304 9.78088 6.80923 4.81796 5.30624 1.02997 2.41852 0.89645 0.12970 0.08011 0.25177 0.41962 2.22015 2.19345
2.10190 1.18637 1.23978 3.17764 3.20816 1.00708 1.13297 3.73840 0.31281 0.91171 11.55853 15.50674 33.02765 9.23538 10.13184 24.76501 5.03540 6.81305 8.07190 2.93350 5.62668 4.18091 4.82559 23.05984 4.63867 0.50354 0.70190 0.61798 1.35040 2.18964 2.11716
0.81635 3.49045 4.82559 6.96564 0.98038 1.65558 0.83160 3.04794 1.09863 0.91553 3.67355 10.79178 12.68768 11.55090 12.26807 36.86142 8.90732 5.13840 7.58743 2.62451 4.34875 9.13620 7.95746 11.52420 18.13126 26.32523 7.61414 0.60654 1.13678 0.54932 1.76239
