DATA/RAW-RASTER/ECMWF/20170628/EN-32/20170704.en-32.asc
ncols			31
nrows			16
xllcorner		69.5
yllcorner		19.5
cellsize		1.0
NODATA_value	-99999
1.24741 1.34659 0.13351 1.02615 1.36185 1.62888 0.94604 0.03815 0.07629 0.00763 0.06866 0.30518 1.74332 1.86539 2.72369 4.64630 4.31442 4.55475 3.34549 4.95529 1.23215 1.34659 1.67465 1.26648 2.22015 9.46426 5.13077 4.43268 7.81631 12.15744 4.05884
0.15640 1.86539 3.27301 2.22015 4.88663 0.01526 0.08011 0.05341 0.04196 0.08011 1.20926 0.14877 0.88882 1.44196 2.04468 2.07520 1.72043 1.52588 0.52643 0.75531 1.38092 2.07138 1.91498 1.23215 5.22614 4.42886 7.38907 9.47952 3.92914 1.41525 2.35748
5.10025 2.14386 4.97437 4.90189 1.49536 2.55966 1.62125 0.16785 0.05722 0.13351 0.09537 0.03815 0.02670 0.02670 1.16730 1.56784 1.27411 2.71606 5.00488 3.71933 3.70026 6.54221 9.47952 4.90952 4.15039 5.95474 1.85013 2.09808 2.96021 8.92639 9.84192
1.25885 3.52097 1.09482 9.45663 20.96558 4.85992 2.44522 8.09097 0.09918 0.01526 0.00000 0.00763 0.00763 0.17929 0.20218 1.22452 7.75528 5.38254 5.74875 7.65228 10.91003 8.88443 11.29532 10.62012 6.83975 0.93460 2.79617 6.57654 10.33401 14.42719 13.64517
3.13187 0.25177 0.24033 0.21744 1.06049 5.34821 4.05884 2.94113 5.59616 0.14877 0.05341 0.12589 0.16403 0.30136 1.52206 0.91934 3.07083 7.64465 9.55582 17.12418 5.22232 7.27081 6.75201 3.37219 4.51279 4.51279 1.20163 12.17270 22.07184 13.29422 16.24298
2.05231 0.00000 0.00000 0.01526 1.65939 5.79071 3.19672 2.51389 4.70734 6.24466 11.65771 3.26538 6.63757 1.92642 1.03378 3.04031 4.12750 8.61359 9.71222 11.36780 8.26263 6.34003 10.68115 14.24789 14.25171 19.18411 8.66699 4.11987 4.82559 24.60480 17.41791
0.00000 0.00763 0.00000 0.00000 0.02670 1.54114 1.57547 1.26266 4.72641 4.66537 5.76401 10.65826 11.13892 6.34003 0.69427 4.06647 4.56619 6.63757 7.41577 11.32202 10.41794 11.93619 15.64026 11.55090 19.21463 53.82538 21.08765 8.49915 8.52966 12.30621 15.59067
0.00763 0.00000 0.00000 0.00000 0.02289 0.57220 0.52261 0.65994 2.80762 3.68500 4.70734 7.28989 11.13510 29.41895 21.19827 16.01791 14.28986 1.65558 0.98038 3.42178 4.55093 26.77536 2.70081 20.92361 26.08490 23.59772 240.01694 78.77731 43.97964 18.59283 11.98959
0.00000 0.02289 0.02289 0.06866 0.01907 0.02670 0.10300 0.60272 2.58255 3.94058 10.30350 15.27786 4.44031 11.55853 6.92368 5.99289 3.08990 1.55640 4.72641 57.69730 103.19519 20.79391 51.47552 42.05322 4.68826 49.59869 73.12012 100.73090 38.45215 11.49368 6.04630
0.09537 0.92697 0.55313 0.70953 1.30844 0.21362 0.02670 0.12589 0.90027 4.28009 15.28168 22.04132 31.08978 13.28659 5.85175 4.05121 2.84958 2.74277 3.50571 6.84738 13.72147 8.91876 26.58844 30.99060 7.21741 5.73730 31.00586 19.61517 36.82327 16.38031 12.99667
0.41199 0.75150 0.97656 0.64468 0.02289 0.20599 0.06104 0.38147 0.37384 12.04681 35.90012 28.95737 74.86725 26.32904 2.01797 0.78583 0.33951 0.47302 0.47302 1.58310 15.28931 21.34705 68.98117 10.90622 5.02777 9.41467 6.34384 3.36075 37.88376 12.24136 1.76239
0.27466 0.37766 1.28937 3.70789 1.11389 1.04904 0.78201 1.04141 3.14713 25.85983 45.84885 178.07388 267.31110 73.84109 6.90079 1.57547 0.33569 0.07248 0.16785 0.67902 4.16183 25.26855 11.89804 1.72806 7.24411 0.85831 1.05286 7.00378 40.95078 25.22659 4.82559
1.19400 0.88501 0.45013 1.02997 2.65503 1.31989 0.57602 0.88882 3.01361 7.68661 23.92578 52.20795 76.97296 95.17670 4.65012 0.54169 0.02670 0.03052 0.03815 0.23651 15.44189 43.96820 15.04135 9.79996 17.77267 1.28555 0.41580 2.91061 6.89697 24.33014 7.68280
2.46811 1.45721 0.40817 1.70517 2.99454 0.61417 0.67139 1.65939 2.46048 2.33078 3.48663 5.57327 17.23480 12.19940 9.42612 2.22778 0.65613 0.05341 0.06485 1.73569 2.52533 17.17377 23.86475 17.15851 7.86209 5.48553 2.53296 9.55200 22.22443 3.26920 4.40216
2.75040 1.03378 2.54440 5.31387 5.32150 1.42670 1.56021 2.17056 3.04413 6.97327 7.57599 2.16293 2.58636 1.47629 1.67084 0.87357 0.09918 0.00763 0.01526 2.75421 6.40869 13.15308 52.73819 35.40421 2.15149 0.86594 1.95312 6.74820 8.41904 6.24466 13.59177
1.17874 3.89481 2.42233 7.84683 0.70190 0.90027 0.86212 1.11389 0.94986 1.49155 3.07846 6.31332 4.16946 3.02505 2.42996 0.30899 0.13733 0.00000 0.49973 0.15259 7.65991 37.54425 37.14752 49.31641 48.42758 3.59344 12.53128 2.86484 4.96674 6.56509 10.97107
