DATA/RAW-RASTER/ECMWF/20170628/EN-32/20170701.en-32.asc
ncols			31
nrows			16
xllcorner		69.5
yllcorner		19.5
cellsize		1.0
NODATA_value	-99999
0.36240 2.63596 0.49973 2.73132 4.25720 1.28174 1.38474 0.72861 0.91934 0.54932 3.36838 2.82288 4.00925 1.87302 1.35422 1.63269 2.07901 2.15530 4.77600 7.64465 9.42612 6.11877 5.09644 2.33841 4.79507 4.26865 10.42938 20.10727 20.22552 13.01575 2.40707
0.64468 0.09537 15.70511 3.97873 3.94058 0.15259 0.12589 0.85831 0.15259 0.46158 0.25940 2.54059 1.59454 1.45340 1.20926 3.11661 1.70517 6.11877 8.21686 12.93564 9.15527 11.69205 6.19888 6.49261 10.16998 17.61627 14.32037 12.54272 18.50128 10.54382 3.58200
2.30408 2.04849 0.85449 6.69098 1.30463 5.03540 5.55420 0.16785 0.25177 2.06757 1.61743 4.24576 4.62341 6.90460 7.28989 5.83267 3.58200 3.15094 3.57437 14.78577 12.25281 16.31546 8.22067 11.09695 14.44626 12.31003 11.18469 18.05496 16.70837 10.20432 4.85992
2.14386 5.23758 0.54550 0.36621 0.44250 1.92261 2.74277 7.06863 2.97928 2.33459 2.73895 3.12042 5.06973 11.86371 15.07187 11.98578 6.19125 5.64957 3.45612 6.94656 7.41959 17.84897 12.72583 14.93454 14.09149 2.07138 6.50406 9.51004 12.21085 15.51819 7.82394
2.51007 0.65994 3.53622 0.09537 0.14114 1.13678 4.28009 8.91113 3.88336 2.30026 4.24576 8.52966 7.46918 4.69589 11.44791 7.77817 10.25391 7.56454 5.59616 10.47134 8.65555 10.19669 3.42941 11.87515 2.47574 1.88065 1.48392 9.53674 13.59177 16.20102 12.85553
1.83487 0.70190 0.18311 0.40054 0.13733 1.43051 4.61960 3.18527 5.82504 10.58578 27.60315 9.28116 2.46048 4.02069 4.76074 2.30408 2.75040 5.87845 8.00705 3.71552 2.33459 10.47134 4.97437 4.58908 4.39072 6.61087 4.80652 0.53406 4.75311 7.74002 12.31003
0.00000 0.00763 0.74768 2.65503 0.93842 1.84631 2.14005 2.67792 6.08063 16.99829 22.01080 16.05988 11.96289 5.59616 14.29367 1.04523 1.23978 1.63651 4.24957 3.07846 3.66974 6.21414 7.42340 5.07355 12.34436 66.95938 37.57095 10.17380 2.00272 1.69373 7.45773
0.00000 0.00000 0.06866 1.92642 6.32858 16.30783 17.00592 12.46262 27.96555 10.75363 16.23154 6.93893 5.73730 13.66425 30.11322 20.96558 44.64340 1.87302 0.85831 4.89044 8.60214 8.72040 10.70404 33.63419 31.41022 70.75119 78.09448 13.70239 14.91928 3.54385 7.82013
0.00000 0.00000 0.14877 3.00217 6.03104 9.06754 7.47681 28.60260 7.20215 15.20538 8.22449 11.54327 10.63156 8.69370 12.42065 5.88608 11.05118 10.68497 57.12128 198.92120 94.34509 112.69760 81.62308 52.79541 32.92465 20.59937 22.78519 109.01260 55.56870 14.75525 2.14386
0.00763 0.03433 0.37384 3.98636 11.08551 16.73126 26.96991 16.05988 13.56888 3.51715 4.32968 13.24844 13.31329 21.26694 13.62610 10.36835 10.58578 6.23322 20.37811 10.27679 16.77322 16.17050 73.79532 22.14432 10.50949 11.57379 49.74365 14.68658 78.24707 20.09583 14.96887
0.10300 0.23651 1.52969 6.29425 3.61252 19.37485 22.75467 15.44571 3.96729 5.88989 4.73785 6.79016 10.34546 12.88223 15.24734 8.01849 9.16672 3.19290 6.41632 13.29422 13.17215 26.06583 61.54251 9.94110 9.90295 9.30023 4.39835 12.45499 29.28162 17.57431 13.60321
0.69809 0.74005 1.73187 13.48495 10.20050 15.99884 21.53015 126.69373 3.47519 2.83051 6.27518 8.59451 9.11713 9.11331 25.91324 18.52798 10.71930 4.75693 11.29532 6.90079 6.04248 3.91769 1.52206 1.17874 12.90894 7.11441 3.84140 7.09534 8.17490 19.44733 15.80429
0.27847 2.56348 1.18256 3.87955 13.62991 30.68924 96.42792 67.13104 17.45224 0.72861 7.88498 16.82281 21.05713 35.16388 27.51541 20.21027 16.63208 11.76453 8.02994 8.06808 11.39069 12.35962 4.48608 4.00543 12.29477 2.27737 3.29971 4.26483 10.15091 17.01355 5.53513
2.79999 2.62451 0.72479 1.44577 6.10733 7.33185 18.35632 13.88168 4.12750 3.92532 3.45230 25.39444 38.74588 53.51257 41.91589 50.67825 38.82980 7.59506 9.95255 13.29422 14.11057 26.67999 11.41357 22.76611 12.37106 0.76294 3.52859 3.41797 8.32748 12.40158 5.16891
3.79944 5.35202 4.19998 12.88605 10.10132 2.50244 4.69971 0.58365 0.53024 0.49973 12.32147 18.37158 32.73392 30.38025 22.97974 24.37210 67.09290 14.38522 13.35144 16.01410 23.85330 30.80750 42.24396 22.73560 8.27789 1.10626 10.55527 1.68228 0.74005 3.51334 23.26584
2.86865 3.47519 11.84082 21.11053 3.30353 1.94550 1.13678 1.44577 0.58365 0.59891 6.78253 31.44455 33.62274 35.36224 55.62210 94.53583 41.46957 19.63043 22.72034 18.63098 22.00699 25.98190 28.66745 33.55789 65.90271 5.44357 18.87512 2.07901 2.36511 1.15204 2.21634
