DATA/RAW-RASTER/ECMWF/20170628/EN-32/20170707.en-32.asc
ncols			31
nrows			16
xllcorner		69.5
yllcorner		19.5
cellsize		1.0
NODATA_value	-99999
3.25775 3.06320 0.98801 2.52533 4.57001 3.75748 4.67682 3.21960 0.62943 0.03433 0.43488 1.95312 0.94986 0.72861 0.59891 0.27466 0.16022 0.13733 0.06866 0.02670 0.23651 1.07193 2.05994 0.95749 1.53732 2.81525 5.59235 0.66376 0.56839 0.40436 0.34714
5.62668 1.51062 0.00381 1.52588 1.67465 0.12207 0.24414 0.54550 0.90027 0.67902 0.48447 0.06104 0.00000 0.00000 0.01526 0.00000 0.43869 0.04196 0.08774 0.20981 0.85449 0.41580 0.17166 0.70953 1.23596 1.88065 1.49918 2.34222 1.93787 0.24796 1.99127
2.34985 0.75912 0.00000 0.20599 1.27411 2.35367 0.65231 1.09100 0.63705 0.15640 0.00000 0.00000 0.00000 0.00000 0.00000 0.04196 0.20218 0.12970 0.05341 0.35095 0.46539 0.69809 0.98419 0.81635 6.16837 5.11551 6.49261 0.36240 0.26703 0.64087 1.39236
0.98038 3.95966 0.03433 0.35095 1.60217 4.10461 2.30408 6.54221 0.03052 0.00000 0.00000 0.00000 0.00000 0.18311 0.01907 0.06485 0.68283 0.08011 0.35477 0.51880 0.22507 0.89645 2.57111 1.45721 0.50354 0.08774 2.60162 1.52588 3.83759 6.03485 8.06808
1.46866 1.17111 1.39236 1.01852 3.02505 2.64359 2.48337 1.40762 2.03705 0.18311 0.00000 0.19455 0.24033 0.70190 0.91553 5.62668 3.84903 3.05557 0.95749 0.20218 0.94604 3.04031 2.38800 0.60272 1.27792 0.60654 4.06265 14.58740 6.13403 11.34872 18.68439
0.75531 0.10681 0.00763 0.00000 0.00763 0.20599 2.27356 1.47247 1.84631 6.64139 21.33560 1.48010 6.62994 0.23270 1.23215 5.46265 6.48499 4.72260 3.20435 5.05447 4.43268 9.61304 5.86319 7.83157 2.73895 3.26157 4.96674 12.17651 10.20050 20.80917 6.95801
0.00000 0.00000 0.00000 0.00000 0.00000 0.06866 0.24414 1.81580 3.00598 0.80872 7.12204 15.29694 32.27234 9.81140 1.51062 9.35745 8.75473 9.48715 9.83429 9.53674 6.08444 15.73944 11.51276 4.15039 8.69751 36.98730 21.30508 7.24411 17.94434 12.18414 10.02502
0.00000 0.00000 0.00000 0.00000 0.00000 0.29373 0.96512 0.54932 1.99890 4.85611 4.15802 4.47845 16.38031 7.53403 4.03214 4.84085 7.67136 3.56293 2.07520 3.15857 8.41522 19.76776 10.84900 9.55582 9.58252 16.79230 8.08334 10.70786 23.24295 10.65063 4.01306
0.00000 0.00381 0.00000 0.00000 0.00763 0.04959 0.13351 0.85068 9.61304 6.91605 4.86755 6.14929 12.98523 2.32697 2.42233 3.28064 0.99182 3.42941 7.79724 11.40213 24.20425 4.24957 5.10406 10.81085 2.31171 10.75745 25.55847 32.45544 61.03134 6.10733 2.30789
0.03052 0.22125 0.38910 0.04578 1.01089 0.01907 2.23923 13.29422 22.49527 7.28226 26.57700 17.47894 7.42722 4.23050 4.45175 2.05994 2.80380 3.59344 15.99121 2.53296 1.24359 1.05286 7.03049 1.80054 1.17111 8.32367 32.56989 15.43045 16.14380 7.09152 3.88336
1.09482 1.29318 0.96512 1.01471 0.04578 0.75150 2.88773 25.01678 46.35620 22.54868 43.51044 10.98251 9.60922 6.08826 5.06210 1.35422 0.59891 0.98801 1.02615 0.97656 7.75909 5.18417 11.36780 3.08609 3.29971 10.97488 3.75366 4.58908 7.58362 1.69754 2.17056
0.92316 1.45721 2.80762 4.17709 0.61035 0.46539 5.57327 14.28986 45.55511 34.01184 13.97324 7.78198 10.06699 16.83807 9.17053 2.11334 1.30844 1.63651 2.24304 4.89807 1.61743 7.68280 5.35965 15.75089 19.35959 3.12042 1.04904 8.36182 5.97000 2.32315 2.79617
1.10245 3.50952 1.25885 3.68118 1.94168 0.57602 6.04630 29.09851 179.82101 181.12183 41.48865 14.11438 6.64520 2.79999 3.07083 3.49808 2.28119 9.23157 7.51877 2.60925 8.17108 4.69208 7.33185 16.01791 1.68991 1.17874 0.38910 1.43814 2.07520 2.09808 1.04904
2.67029 3.53622 1.53732 3.55911 7.28226 3.27682 15.12527 55.50003 109.02023 129.03976 90.39688 29.16336 5.52750 2.15530 1.10626 7.48444 7.03049 5.22614 7.58743 7.96890 9.02939 10.25772 3.82233 10.55908 1.07574 0.25940 0.31662 0.02289 1.77765 5.51224 1.63651
3.01361 1.77383 0.86212 4.56619 5.40161 2.70844 2.95258 18.81790 23.65112 20.83969 9.88388 10.49805 50.95291 5.16510 1.08719 9.41849 11.19614 7.55310 17.93289 8.43430 8.49533 7.11823 9.14383 11.61957 1.00327 0.83542 0.96512 0.51880 4.65393 5.76019 6.85501
3.57437 4.31061 4.16565 7.34329 2.02942 2.88010 1.97601 1.44577 1.96838 6.11877 6.60324 11.99341 11.83319 2.05231 4.55856 27.50397 17.76886 5.84412 11.69586 8.39615 7.77054 7.86209 8.60596 9.84573 5.91278 1.73950 3.55530 0.93842 1.02234 2.20871 2.97546
