DATA/RAW-RASTER/ECMWF/20170628/EN-32/20170628.en-32.asc
ncols			31
nrows			16
xllcorner		69.5
yllcorner		19.5
cellsize		1.0
NODATA_value	-99999
0.90790 6.14834 33.98895 8.11958 10.01835 3.50857 2.71225 4.12464 1.49918 0.27084 1.74236 4.91714 9.53865 7.72285 6.19698 5.62572 4.51088 2.18678 5.76496 3.83377 3.45993 0.64754 1.58119 1.08528 1.72997 1.07288 0.86021 0.96798 1.97029 1.39332 3.20244
12.37011 1.92451 35.90870 22.22061 5.81741 10.67638 6.67953 4.28295 9.48906 1.78051 1.61076 1.54400 4.09889 6.76727 7.27654 10.58197 2.69032 5.17559 18.93902 5.44834 7.08103 1.03569 0.69141 0.63801 2.49004 1.54114 1.15490 1.35899 2.22301 2.19536 0.78583
19.85455 44.30485 26.86119 8.81672 5.77736 1.68705 7.41100 9.24683 5.42831 4.25148 0.10681 0.79536 0.34142 0.59509 3.57246 4.28867 2.91920 4.59290 14.36996 8.83579 9.41753 15.80620 6.18076 15.24067 3.99685 1.54877 1.83678 0.45013 1.06907 0.57507 1.33324
26.47400 40.53783 27.81963 5.58567 2.02847 11.31153 5.57137 17.37499 3.57628 0.80109 0.26703 0.86117 0.20981 0.65231 1.86253 5.51605 6.53362 12.70103 11.06453 4.31442 3.97015 7.23362 6.31237 2.61974 0.31185 0.00000 2.00558 0.28706 0.64659 3.60107 7.23076
10.34451 15.28931 17.35401 7.24983 12.30145 22.61925 8.36086 7.27844 4.00639 0.80204 0.08011 0.47398 1.42860 0.44537 2.91348 4.29821 4.37927 2.86674 9.74655 8.97598 3.44467 6.34766 2.90298 0.00000 0.04959 1.38187 1.56689 1.24454 7.24220 4.17519 4.88758
21.20399 44.49272 38.84220 6.03771 12.83932 39.74628 12.40730 18.48125 1.97411 7.44438 9.02462 1.28365 3.25203 1.31321 2.52056 3.96156 6.31046 9.98020 6.73485 3.88622 2.07901 4.37737 4.82655 7.46059 7.03335 10.83183 0.48542 1.42384 2.34222 9.69601 12.71057
9.59587 27.10342 33.83255 7.45487 12.85934 15.87868 16.35361 8.85487 6.21033 2.70271 2.31171 10.82611 7.37667 7.05814 3.50094 1.88828 1.64318 3.87764 1.18923 6.18267 3.76320 10.15091 16.13426 3.97205 3.94917 10.89954 4.29440 2.99740 1.22070 5.14603 3.06702
4.17233 21.87729 3.93581 2.47192 4.56524 2.09522 13.99136 12.29668 10.91957 18.81504 17.61532 6.62136 0.00000 11.75785 33.65135 16.82472 8.26550 3.14713 2.86579 1.45149 3.82423 6.38580 5.76782 21.79909 13.06438 34.02805 13.95702 4.05121 49.08752 14.03046 6.25992
7.92408 25.14267 5.43976 17.68303 2.92778 13.08346 7.53975 67.82913 30.98011 18.86559 33.31470 19.04869 8.39233 15.71178 7.51495 0.74482 0.61893 15.42187 6.42967 31.06117 8.80051 9.93347 8.36277 16.37459 10.70023 9.37176 33.87547 80.72758 16.10470 11.12080 4.42410
8.33035 5.53894 1.35899 1.50299 8.05283 23.59867 10.72216 13.28278 30.24483 33.27560 29.09184 15.42187 9.34219 5.47504 2.55299 2.55013 2.49767 1.80626 3.01170 4.52328 12.12788 16.44897 23.89908 7.75623 5.73444 31.22234 18.35537 10.92625 22.21489 3.13377 4.28295
1.93596 3.06511 11.08074 20.19119 19.23084 2.40135 2.43664 3.57151 41.60595 15.99312 23.36788 25.16937 7.16591 15.81287 0.46158 1.11294 0.83542 2.26402 1.80626 5.82504 3.29018 18.56327 22.83764 65.23228 12.04014 8.18539 7.73239 29.22344 28.89729 11.39832 8.59451
1.64986 2.89059 0.06485 6.01578 55.68981 25.83599 22.47620 10.13088 11.31439 11.97338 13.59558 11.36398 10.86426 18.55755 8.26836 2.26021 11.56235 7.67136 3.02696 7.35092 6.82640 4.60148 10.22816 26.12400 16.16573 17.41695 2.90108 13.30566 14.08291 27.09579 13.46397
12.27856 12.38823 4.17709 5.94902 16.69121 16.94679 14.55212 13.68427 5.08022 5.51891 17.83371 9.03797 9.39751 6.35433 14.90116 23.18287 8.22639 5.96809 6.05106 3.07274 3.37315 1.54018 4.89902 25.39539 8.60023 17.39597 0.61417 11.32965 13.11398 13.96465 20.51926
14.29176 10.70690 4.35066 11.89232 3.32069 7.74002 6.12545 4.85039 6.72817 6.38294 25.40398 24.70684 19.44256 8.96454 21.38233 9.74846 3.63731 3.83759 12.25376 10.79941 4.98772 8.95500 10.42461 15.86533 4.76551 7.18021 0.29278 15.33985 19.52457 28.31745 16.58344
162.10461 29.25205 8.63266 27.56310 1.90258 2.50912 5.75161 6.06632 7.82108 22.47429 8.19969 2.91920 5.06306 7.17640 47.57690 7.85542 12.15935 7.51305 5.91755 7.64942 4.66633 3.39317 12.10499 8.37708 11.49082 0.53310 6.25420 8.19397 6.57558 21.98792 18.68057
35.26306 62.50381 39.04629 25.32482 2.58160 3.60298 12.65430 6.62899 10.49709 11.45649 4.39262 9.30500 2.13718 5.78308 2.24972 8.00991 22.08805 9.35268 12.23946 5.10693 5.13935 8.56113 12.26330 9.67407 18.79501 3.27587 4.19426 9.11522 5.99194 4.73309 7.87449
