DATA/RAW-RASTER/ECMWF/20170628/EN-32/20170709.en-32.asc
ncols			31
nrows			16
xllcorner		69.5
yllcorner		19.5
cellsize		1.0
NODATA_value	-99999
0.03433 0.75531 0.91934 0.95367 0.00000 0.00763 0.05341 0.05722 0.07629 0.04959 0.15259 0.45776 0.60272 0.77057 1.09482 0.53406 0.37003 0.01144 0.01526 0.11063 0.09918 0.44632 0.82016 1.74713 2.51389 4.15802 0.22888 2.13242 1.06430 5.22232 10.10513
0.12589 0.53406 0.54550 0.57602 3.07465 0.01526 0.00000 0.53024 0.00763 0.00000 0.06866 0.03433 0.65994 1.11008 1.44958 1.59454 1.55258 0.19836 0.21362 0.31662 0.16785 1.73950 0.68283 0.88501 1.10245 1.46103 1.48010 8.80432 3.00980 20.45441 17.96341
0.82397 1.31989 0.43869 0.61035 1.41144 1.37329 2.53677 0.01907 0.00000 0.00381 0.15259 0.59128 0.25558 0.03052 0.18311 0.79346 3.02505 0.66376 0.41962 0.56076 17.20428 1.28174 2.52914 0.73242 4.89807 6.52313 9.39941 3.65448 5.69534 1.80054 10.21957
0.95749 0.15259 0.06485 2.24686 1.69373 3.43704 7.75146 5.72586 0.01144 0.89264 0.57602 1.12152 0.15640 2.30408 1.85013 1.67847 3.35693 6.61469 4.73404 5.46646 10.04410 4.66537 12.64572 10.33783 3.82614 17.00211 5.26428 3.10898 3.12424 3.20816 3.28827
1.35040 0.00763 0.12589 0.45395 0.28992 2.45667 0.21362 4.98962 11.01303 2.63596 0.51880 1.20544 4.87518 1.97220 5.13840 12.20703 6.88171 17.15851 15.32364 9.73129 11.42502 7.86972 24.76501 4.10080 3.39127 2.69318 0.81635 5.05447 2.95639 5.50079 6.70242
0.20981 0.00000 0.13351 0.08011 0.06104 1.72806 3.49808 0.89264 1.62506 16.28113 7.51495 6.44302 5.02777 5.18799 13.34763 9.62067 6.30569 10.90240 16.23917 4.00162 11.77979 5.95856 4.57382 4.91333 6.98471 2.01416 0.94604 0.75912 4.32968 2.15149 2.88391
0.00381 0.00000 0.00000 0.02670 0.27847 0.63705 4.31061 0.52643 0.49591 2.55585 6.43158 8.99124 27.47345 20.08057 25.02441 12.48169 4.84085 9.28497 3.67737 9.50241 1.62125 6.63757 10.84137 1.49918 6.30188 9.96399 0.54932 3.41797 5.97000 9.94492 7.39288
0.00000 0.00000 0.00000 0.11826 0.60654 1.63651 4.18854 2.09427 2.24304 0.99182 1.52206 4.90570 5.20706 13.98468 11.24191 24.25385 13.29803 0.45776 0.56458 3.70026 4.26483 7.81250 2.15912 14.17923 6.23703 6.93130 9.86862 7.31277 20.32852 6.90079 10.23865
0.00000 0.00381 0.03433 0.32425 0.83923 1.09100 3.86047 1.37711 0.81635 0.76675 1.06430 1.47247 1.70898 2.74277 7.19452 6.77872 9.94110 10.34164 12.82501 33.25653 16.71982 12.88223 8.00705 20.42770 3.89099 7.60651 22.71652 12.23755 14.52637 1.49155 8.22067
0.01907 0.29373 0.69809 1.69754 0.79346 5.95474 3.63159 1.04141 1.72424 0.54169 0.13351 0.00381 0.12207 0.72861 1.16348 0.62943 4.58145 6.50406 3.09372 2.68173 2.90298 1.36566 5.31006 13.58795 4.53186 12.64191 24.25766 8.61740 29.49524 8.52203 3.23486
0.51498 6.61469 0.31662 6.58035 7.98416 3.41797 3.35693 1.83868 1.89209 0.57602 0.41580 0.28992 0.23270 0.40054 0.20218 0.08392 1.00327 3.54004 1.82724 1.09100 2.26593 5.96619 5.31769 5.72205 24.60098 1.94931 3.33405 16.12473 12.74872 1.02615 0.54169
9.30023 36.83090 6.45828 11.89041 10.34164 10.97488 6.47354 2.07901 1.99890 1.75858 0.98038 0.14496 0.02670 0.12589 0.35477 0.31281 1.17874 5.13077 1.31226 1.11008 1.26648 0.72098 1.26648 1.75858 8.53348 3.79181 0.78964 4.02069 2.58636 1.12152 0.53024
31.90613 194.33975 90.61432 10.28061 6.62994 5.46265 4.55475 1.82343 0.69809 0.38528 0.46921 0.23651 0.01526 0.60272 14.76288 3.20053 0.59509 1.74332 6.10733 2.30789 2.27737 1.09863 18.95523 8.83102 0.75912 0.63324 0.16022 2.93732 3.62015 1.94168 0.96512
36.84616 78.14789 143.71872 26.58463 25.41733 8.47244 0.72479 7.24792 0.30518 4.59671 0.37003 0.04959 0.19455 7.73621 4.42123 26.76392 3.31879 2.26593 5.12314 3.81470 1.05667 5.95856 2.62833 6.74057 0.25177 0.04196 0.18692 0.81635 3.04413 3.40652 2.23541
22.38464 28.48053 36.72791 18.10074 7.49969 4.37546 5.04303 11.18469 1.12915 1.54114 0.59891 0.24033 0.24796 0.41199 1.08337 7.31277 9.17053 1.65939 4.29153 1.52969 1.20163 1.46103 3.07465 0.69046 0.53406 0.00763 0.02289 0.69427 3.03650 7.96890 8.24738
8.57544 13.04626 32.19986 43.17093 18.13889 4.40598 2.06757 0.86975 1.32751 0.51880 0.80872 1.22833 37.33826 2.19345 65.88364 16.22772 1.07956 1.80054 3.30734 4.19617 2.70081 1.30844 1.93787 3.95966 1.34277 0.30518 0.28610 0.77820 0.40054 0.45776 0.34714
