DATA/RAW-RASTER/ECMWF/20170628/EN-33/20170709.en-33.asc
ncols			31
nrows			16
xllcorner		69.5
yllcorner		19.5
cellsize		1.0
NODATA_value	-99999
1.36566 4.85229 9.95636 1.01471 0.08392 0.00000 0.00000 0.00000 0.07629 0.00000 0.13733 0.87738 1.79291 1.95312 1.46484 1.24359 1.01471 0.35858 0.05341 0.09918 0.01526 0.05341 0.14496 0.34332 0.02289 0.07629 0.00000 0.00000 0.00000 0.04578 0.21362
0.01526 0.25940 0.12970 10.52856 10.39124 0.08392 1.28174 0.43488 0.01526 0.00000 1.24359 1.35803 2.21252 1.63269 1.49536 0.67902 1.64032 3.69263 2.42615 0.08392 0.00000 0.02289 0.05341 0.02289 0.00763 0.00000 0.02289 0.05341 0.47302 1.70135 3.58582
0.28229 0.07629 0.00000 0.06104 2.63977 23.93341 0.95367 0.01526 0.51880 0.00000 0.78583 1.50299 0.39673 1.44958 0.99945 0.90027 2.23541 3.37982 0.32806 0.08392 0.00000 0.00000 0.00000 0.13733 0.12970 0.15259 1.09863 2.76947 6.16455 5.66101 4.17328
0.00000 0.00000 0.00000 0.00000 0.00000 0.80872 12.45880 31.84509 0.12970 0.61035 0.56458 0.22888 0.47302 0.78583 1.19781 1.31226 1.14441 0.66376 0.57983 0.06104 0.00000 0.03815 0.61798 0.24414 0.26703 0.82397 3.78418 2.22015 1.51062 2.02179 2.24304
0.57220 0.00000 0.00000 0.00000 0.00000 0.04578 2.57111 34.99603 4.36401 0.16785 0.85449 0.46539 1.15967 1.70898 0.88501 0.61798 1.13678 0.33569 0.08392 0.16022 0.00000 0.00000 0.16022 0.74005 1.51825 2.28882 5.69916 4.18854 15.62500 11.63483 19.96613
0.00000 0.00000 0.00000 0.00000 0.00000 0.00000 0.13733 2.98309 10.04791 24.58191 25.49744 2.44141 2.55585 6.03485 6.82831 3.28827 1.25122 0.13733 0.27466 0.50354 0.28992 0.87738 5.43213 7.24030 9.59778 7.66754 5.98145 7.11060 30.63965 23.19336 11.87134
0.00000 0.00000 0.00000 0.00000 0.00000 0.00000 0.00000 0.80109 0.96893 8.72040 37.39166 34.14154 7.84302 9.10187 8.88062 6.85883 8.03375 7.73621 5.15747 2.56348 4.76837 6.17981 13.51166 26.45111 13.61847 3.92914 13.60321 12.51221 22.51434 13.72528 4.21906
0.00000 0.00000 0.00000 0.00763 0.00763 0.00000 0.00000 0.14496 1.38855 1.20544 5.14221 13.06152 14.79340 21.18683 8.85010 4.79126 13.16833 5.41687 4.66919 6.97327 4.58527 10.85663 5.92804 12.16125 9.51385 9.97162 8.43811 8.59070 7.99561 15.12909 8.65173
0.00000 0.00000 0.00000 0.00000 0.12970 0.01526 0.00000 0.08392 1.04523 1.87683 1.07574 14.80865 11.52039 6.81305 11.68060 6.96564 8.04138 19.83643 18.31055 32.03583 86.96747 17.99011 15.64026 8.61359 2.41089 9.96399 16.63208 36.46851 29.64783 12.31384 5.18799
0.00000 0.00000 0.00000 0.00000 0.32043 0.47302 0.19073 0.23651 0.67139 1.54114 1.46484 4.85992 9.10950 9.49860 9.44519 10.82611 15.91492 18.44788 25.28381 12.90131 7.20215 10.51331 10.80322 8.68988 5.56183 35.95734 25.74921 23.18573 13.61847 8.94928 11.84082
0.01526 0.01526 0.00000 0.02289 0.18311 2.09808 3.76892 1.84631 3.33405 2.32697 2.09808 4.05884 4.28009 5.30243 1.80817 0.96893 0.55695 1.70135 3.76892 6.39343 7.62939 4.51660 7.35474 5.10406 1.62506 20.41626 16.47949 36.52954 29.15192 8.95691 10.40649
0.13733 0.28992 0.08392 0.20599 0.59509 6.12640 4.51660 5.78308 7.79724 5.82123 2.44904 3.90625 3.99017 3.31116 0.31281 0.83160 0.16785 0.25940 0.75531 2.07520 7.95746 11.78741 1.31226 6.75964 19.25659 12.90131 1.38855 18.62335 10.06317 14.12201 13.47351
1.25885 0.24414 0.17548 0.19836 0.58746 0.67139 9.41467 11.70349 21.96503 5.19562 7.28607 6.14166 2.99072 1.06049 0.35095 0.05341 0.57220 3.99017 7.54547 11.53564 8.36182 10.53619 7.63702 6.13403 6.85883 0.40436 0.28229 5.23376 44.21997 5.99670 25.55847
1.94550 3.28064 0.89264 1.67084 2.28119 4.92859 58.34961 14.87732 15.33508 10.39886 1.67847 4.39453 2.93732 0.57983 0.50354 0.40436 4.43268 5.58472 6.53839 4.26483 1.48773 6.10352 8.23975 26.97754 0.21362 3.56293 0.48065 13.53455 26.49689 22.39990 7.33185
3.65448 2.26593 1.44958 3.36456 1.51062 0.99182 5.40161 12.93182 22.77374 8.87299 2.65503 1.62506 1.75476 3.54004 3.83759 4.02069 6.69098 1.50299 0.63324 1.14441 1.41144 1.46484 7.07245 3.25012 10.81848 0.20599 0.29755 2.32697 8.36182 17.34161 29.60205
5.31769 15.08331 24.01733 47.50824 3.44086 3.06702 6.96564 11.79504 39.19220 39.89410 4.85992 6.10352 4.35638 10.18524 6.90460 8.68225 2.22015 1.13678 1.85394 2.04468 2.23541 2.77710 4.77600 6.92749 3.97491 1.70135 1.50299 1.97601 1.64032 3.92151 6.01959
