DATA/RAW-RASTER/ECMWF/20170628/EN-33/20170710.en-33.asc
ncols			31
nrows			16
xllcorner		69.5
yllcorner		19.5
cellsize		1.0
NODATA_value	-99999
0.00000 0.61035 7.83539 6.94275 1.80054 0.72479 0.00000 0.00763 0.09155 0.05341 0.28992 0.36621 0.62561 0.02289 0.00000 0.00000 0.00763 0.01526 0.49591 0.97656 0.35858 0.12207 0.34332 0.20599 0.29755 0.21362 0.00763 0.00000 0.00000 0.00000 0.00000
0.00000 0.03052 0.00000 1.68610 3.79181 0.74005 1.97601 1.42670 0.00000 0.11444 6.08826 3.28827 2.38800 3.79944 1.13678 0.82397 1.22833 1.04523 1.47247 2.65503 1.94550 0.12207 0.02289 0.00763 0.27466 0.34332 0.00000 0.00000 0.00000 0.01526 0.03052
0.00000 0.00000 0.00000 0.03815 0.39673 43.54095 2.79236 0.04578 2.52533 0.32806 3.62396 9.57489 2.54059 3.05939 0.86212 1.07574 2.73132 3.28064 4.04358 1.49536 1.47247 0.48065 0.10681 0.03815 0.06104 0.00000 0.00000 0.11444 0.00000 0.00000 0.00000
0.00000 0.00000 0.00000 0.00000 0.00000 0.03052 18.63098 93.39905 0.87738 1.31989 3.58582 6.40106 6.50787 9.75800 7.04956 1.58691 2.22778 3.92151 2.83813 0.38910 0.24414 0.67139 0.03815 0.00000 0.00000 0.00000 0.18311 0.22125 0.01526 0.00000 0.08392
0.60272 0.00000 0.00000 0.00000 0.00000 0.00000 0.00000 36.07178 7.58362 0.83160 2.62451 2.16675 2.76947 2.67792 2.68555 4.89807 5.65338 1.87683 0.75531 1.30463 0.60272 0.44250 0.31281 0.00000 0.07629 0.67902 0.48828 0.19073 0.03052 1.48773 8.36945
0.03815 0.00000 0.00000 0.00000 0.00000 0.00000 0.00000 0.90790 23.81134 78.38440 18.28003 8.82721 7.03430 3.45612 5.21851 16.34979 3.58582 9.56726 4.07410 1.99890 1.05286 1.09100 0.06866 0.84686 0.10681 0.70953 1.00708 0.71716 1.19781 6.37054 13.42773
0.00000 0.00000 0.00000 0.00000 0.00000 0.00000 0.00000 0.00000 3.63159 40.47394 99.15161 23.45276 5.53131 8.13293 3.92914 6.09589 10.77271 7.58362 7.73621 2.71606 5.17273 2.90680 3.46375 5.11169 10.36835 22.97974 17.13562 11.94000 8.26263 9.78088 23.30780
0.00000 0.00000 0.00000 0.00000 0.00000 0.12207 0.00000 0.04578 1.14441 3.03650 4.55475 10.18524 7.74384 13.37433 26.25275 3.38745 17.16614 7.18689 5.85938 5.28717 6.57654 15.80811 18.90564 7.20978 9.57489 4.33350 4.94385 5.37872 16.92200 18.65387 12.55035
0.00000 0.00000 0.00000 0.47302 0.10681 0.06866 0.65613 0.35858 0.08392 1.41907 0.77057 1.07574 5.31006 6.15692 4.06647 13.51929 14.26697 10.07843 12.84027 35.43854 59.68475 17.99774 40.32898 20.70618 4.60815 0.77057 8.10242 12.68005 12.53510 10.81848 8.58307
0.00000 0.00000 0.00000 0.00000 0.74768 3.21960 0.22125 0.00763 1.12915 0.12207 1.87683 0.80109 2.76184 3.57056 10.05554 9.42230 16.34979 5.95093 1.52588 13.90076 11.90186 47.56165 4.15039 5.20325 20.87402 20.36285 7.53784 5.14221 5.88226 5.98907 16.81519
0.16785 0.00763 0.02289 0.14496 1.80817 31.53992 3.78418 2.22778 4.99725 0.84686 24.60480 7.18689 5.72968 5.50079 0.48065 0.70190 2.00653 3.67737 2.79236 17.28821 32.02820 17.22717 8.27789 2.87628 4.15802 3.35693 6.44684 50.09460 4.44031 6.67572 1.35803
0.29755 0.06866 0.06866 0.16785 1.61743 3.92151 84.57947 5.51605 9.20868 7.30133 20.55359 9.86481 6.43158 0.89264 0.92316 5.96619 1.96838 2.62451 1.71661 3.53241 3.21960 1.60980 0.80109 4.94385 4.87518 24.26147 14.83154 13.77106 6.87408 7.79724 3.91388
0.77820 0.86975 4.30298 1.93024 8.11768 7.34711 7.29370 9.09424 31.60095 9.01031 13.79395 27.36664 6.66809 0.79346 24.75739 1.81580 0.13733 0.51117 0.62561 2.63214 7.15637 8.44574 20.64514 14.44244 18.00537 1.10626 3.44086 13.37433 9.69696 17.57050 32.02820
1.77002 8.16345 13.48877 0.70953 2.84576 12.13837 151.61133 6.17218 1.47247 3.64685 8.24738 6.56891 39.81781 6.06537 0.30518 0.02289 0.99945 2.81525 1.42670 0.99182 0.89264 5.92804 16.62445 43.99109 17.33398 1.11389 11.48224 17.04407 22.21680 67.93213 62.13379
2.09045 6.49261 2.31171 6.96564 3.51715 3.25775 11.28387 2.70081 1.16730 2.31171 13.82446 32.88269 5.38635 1.47247 0.60272 2.15912 2.01416 1.22070 0.25177 0.43488 0.77820 1.39618 5.47791 28.15247 16.93726 37.71973 18.18085 60.79865 69.11469 74.92828 31.12030
3.34167 17.65442 24.91760 128.17383 7.90405 3.76892 0.57983 2.83813 2.93732 4.34875 13.15308 31.08215 29.84619 7.53021 3.25012 5.12695 6.19507 0.99182 0.77820 0.91553 1.18256 2.42615 8.27026 21.03424 14.09912 13.91602 19.64569 11.53564 29.17480 23.88000 32.60803
