DATA/RAW-RASTER/ECMWF/20170628/EN-33/20170711.en-33.asc
ncols			31
nrows			16
xllcorner		69.5
yllcorner		19.5
cellsize		1.0
NODATA_value	-99999
0.14496 3.27301 9.97925 7.70569 12.35199 10.13947 0.76294 0.58746 0.15259 0.32043 2.47955 1.68610 0.69427 0.39673 0.21362 1.36566 2.25830 8.12531 7.87354 9.92584 13.63373 9.11713 6.37817 4.47083 1.81580 0.66376 0.80109 0.67139 0.43488 0.38147 0.35095
3.83759 0.48065 30.54810 22.68219 7.20215 7.63702 2.54822 1.64032 0.89264 0.85449 9.34601 4.37164 11.61957 10.10132 10.16998 10.52094 8.46100 11.19995 18.61572 13.96179 5.63812 6.11115 1.43433 1.98364 0.58746 0.97656 0.47302 1.12152 1.31989 0.76294 0.42725
7.00378 13.55743 12.85553 9.20105 24.99390 6.59943 10.30731 1.02234 8.70514 6.53076 15.43427 17.41028 10.24628 10.06317 10.30731 15.86914 10.03265 11.14655 8.01849 5.33295 4.38690 4.21906 3.81470 1.12915 0.68665 1.12152 0.50354 0.44250 0.18311 0.41199 0.17548
0.16022 0.04578 0.02289 0.06866 0.31281 3.21198 17.47894 32.85217 3.52478 6.62231 8.23975 7.76672 2.47192 4.44794 7.85065 10.71167 7.15637 6.01959 2.61688 3.51715 3.37982 0.90027 2.24304 0.44250 0.34332 0.11444 0.22888 0.00763 0.04578 0.24414 0.34332
0.93079 0.21362 0.00000 0.00000 0.00000 0.26703 2.22778 17.91382 24.26910 8.28552 1.35040 5.76782 5.71442 3.87573 2.99835 5.08881 9.94873 3.76892 2.34985 1.45721 0.52643 1.92261 0.92316 0.13733 0.66376 0.57220 0.03815 0.00000 0.10681 0.46539 1.53351
0.00000 0.00000 0.00000 0.00000 0.00000 0.00000 0.93842 5.14984 3.12805 19.37103 26.89362 13.87024 19.60754 8.46863 10.65063 3.43323 2.27356 4.11987 2.53296 0.52643 5.27191 1.80054 0.67902 1.09863 3.38745 4.19617 1.20544 0.38910 2.85339 4.66156 12.18414
0.00000 0.00000 0.00000 0.00000 0.00000 0.00000 0.03815 6.03485 2.82288 4.51660 9.32312 5.60760 4.77600 19.37103 2.57874 4.82178 7.70569 3.18146 7.01904 1.13678 16.67023 2.09808 3.33405 1.75476 6.43158 8.55255 4.66919 8.72040 7.83539 18.02063 9.97162
0.00000 0.00000 0.00000 0.00000 0.00000 0.00000 0.09155 0.86975 5.43213 2.25067 8.22449 5.06592 5.07355 42.49573 134.81903 28.59497 11.84845 0.32043 0.48828 1.85394 7.69043 4.60052 6.82068 8.30841 3.95966 23.88763 9.96399 14.61792 17.33398 16.73889 7.27081
0.00000 0.00000 0.00000 0.00000 0.00000 0.00763 0.99182 0.64087 1.27411 0.19836 2.02179 3.20435 5.85175 12.29858 17.15088 72.01385 6.26373 6.65283 4.44794 19.77539 5.04303 15.89966 4.40216 7.35474 24.50562 14.67896 6.33240 49.65973 57.94525 10.33020 10.59723
0.19836 0.25940 0.06866 0.00000 0.00000 2.73895 5.41687 4.73785 5.50842 6.62994 2.82288 4.24194 15.67078 1.43433 16.13617 3.40271 13.83972 15.96832 3.43323 4.63104 2.09045 15.09094 15.19775 9.75800 39.59656 39.03961 13.29803 14.15253 47.50061 8.20160 14.96887
0.09155 0.27466 0.50354 0.19836 0.06866 1.23596 25.32196 8.01086 15.60974 3.65448 2.69318 2.04468 2.02942 6.81305 2.52533 0.56458 9.26971 11.16180 6.60706 4.56238 10.25391 19.53888 42.60254 24.16992 31.42548 29.03748 10.13947 2.70081 11.36017 8.42285 15.71655
0.60272 0.10681 0.98419 0.77057 3.37982 7.20215 30.13611 19.34052 23.33069 33.55408 9.74274 7.26318 0.69427 1.33514 2.79999 3.54004 6.75201 9.07135 8.92639 10.19287 4.09698 1.89972 5.50079 12.98523 24.54376 7.98035 4.92859 2.38800 7.24792 21.36993 20.41626
0.97656 1.85394 0.32043 0.47302 7.21741 29.65546 311.75995 17.95959 14.51874 21.28601 33.47778 26.26801 14.13727 2.71606 2.76947 1.82343 1.31989 7.43103 6.75201 4.25720 10.03265 23.71216 12.90131 12.06970 19.03534 2.79999 4.08936 33.27179 18.00537 8.32367 27.39716
1.56403 0.72479 0.14496 0.53406 4.18854 17.72308 135.21576 21.08765 6.70624 30.63202 30.17426 25.01678 13.42010 7.26318 3.55530 0.12970 1.68610 11.87897 3.57056 6.23322 15.97595 29.59442 3.93677 16.89148 33.47778 50.85754 42.25159 17.15088 52.82593 15.31219 8.44574
2.65503 2.41852 1.18256 4.61578 1.82343 3.57819 9.40704 10.17761 30.34973 32.70721 87.31842 47.13440 8.46863 0.77057 2.20490 2.91443 1.87683 2.15149 3.94440 11.79504 15.80811 15.63263 24.19281 20.30182 21.23260 6.53076 5.92041 3.69263 5.77545 28.06854 11.26862
2.31171 3.24249 5.68390 10.94055 0.86975 0.64087 3.39508 1.89209 6.26373 25.85602 76.17950 48.72131 12.03918 11.95526 3.16620 5.38635 3.39508 2.17438 4.06647 11.05499 9.67407 16.41083 24.69635 47.24884 23.33832 8.22449 19.03534 11.17706 8.29315 45.55511 20.11108
