DATA/RAW-RASTER/ECMWF/20170628/EN-33/20170703.en-33.asc
ncols			31
nrows			16
xllcorner		69.5
yllcorner		19.5
cellsize		1.0
NODATA_value	-99999
0.23270 0.30899 3.81088 1.96075 2.58255 0.88501 1.54495 0.01907 0.21362 0.01526 0.09918 0.09155 0.30136 1.97983 0.86975 0.47302 3.23868 2.65121 10.63156 6.90460 10.90240 2.92969 4.69208 1.07574 1.29318 0.90790 1.06049 0.98801 0.49591 0.17929 0.33951
0.79727 0.00000 0.00381 0.19455 1.78909 0.06485 0.03052 0.02289 0.00000 0.01144 0.01144 0.16403 0.88120 1.22070 1.68991 1.73950 4.67300 3.14331 9.86862 6.46210 3.20816 2.11716 0.56458 0.41962 0.48828 0.03052 0.59128 0.41580 0.52261 0.23651 0.59891
0.04959 2.15912 0.39673 1.80435 2.11716 4.09698 0.43488 0.01526 0.01907 0.00000 0.00000 0.00381 0.76675 1.88446 0.70572 0.82397 2.25449 1.90735 9.07135 3.58582 2.89154 0.68665 1.25122 0.56839 0.24796 0.42343 1.22070 0.77820 0.86212 0.43488 1.96838
5.08118 1.61743 8.34656 3.67355 0.72479 2.88773 4.28009 10.00595 0.03052 0.00000 0.00000 0.19455 0.09537 1.21689 1.73950 1.02997 1.21689 4.40979 4.11224 3.70026 6.78253 9.52148 6.13022 2.06757 0.03052 0.01144 0.86212 0.56839 0.65231 1.61362 1.23596
7.62939 1.41907 0.59891 0.01144 0.11063 0.50354 3.00217 4.73022 0.54932 0.48447 0.04196 0.12207 1.12915 1.36566 3.66974 2.57111 4.64630 3.30353 4.94766 1.96457 6.92368 2.60925 4.45938 2.28882 0.70953 0.76675 0.62561 0.92316 0.93460 1.86539 3.17001
0.75531 0.00763 0.01526 0.01144 0.17166 0.29755 0.84305 2.05994 9.88770 12.56180 19.06586 5.48935 4.98581 1.29700 2.01416 4.69971 10.65063 12.47025 15.33127 10.98251 7.99942 2.78473 8.16727 8.89206 3.10898 1.81961 0.55313 3.97491 5.87845 3.42941 5.05447
0.00000 0.01144 0.06485 0.00000 0.07629 0.29373 0.25940 0.12970 1.99127 3.48282 8.75092 31.31866 23.23914 13.94653 4.15802 6.01959 7.41577 7.45773 10.30731 7.30896 14.42337 8.26263 5.59616 1.71661 4.10843 14.14490 17.13562 6.11496 15.01083 12.14600 11.39069
0.00000 0.01907 0.00763 0.00000 0.14877 0.04578 0.07629 0.05722 0.20599 0.46921 0.62561 7.30515 33.34045 46.68427 26.81732 12.89749 19.95087 8.57544 16.09039 11.88660 18.55850 17.76505 6.11115 20.50781 24.55139 29.74701 145.61081 46.14639 34.41620 16.88004 28.65219
0.09918 0.09155 0.22888 1.06049 0.65613 0.35095 0.04959 0.01144 0.01526 0.04578 0.05722 0.69427 8.07190 15.96832 19.29855 29.46472 103.03116 86.32660 78.67813 110.23331 105.12543 64.73923 116.17279 65.76538 33.46252 26.67236 30.84183 101.70746 93.68896 24.98627 14.67896
0.14114 0.67520 0.75150 0.79727 1.19781 0.34714 0.13351 0.51880 0.05341 0.00000 0.00000 0.01526 0.52261 12.33673 23.22388 25.24185 17.65060 7.98035 17.57812 6.46973 8.03375 18.10837 31.49796 46.75293 64.51797 33.23364 10.96725 25.81406 71.57135 29.93011 16.43372
0.58365 0.93460 0.65231 0.57220 0.31662 1.17111 0.15640 0.84305 0.61417 0.26703 0.00381 0.01526 0.00000 0.20981 4.40216 5.79071 6.45447 1.93405 2.05994 12.27188 19.09256 26.63040 88.21869 18.82935 9.22394 13.19885 4.16183 9.42230 30.39932 20.50400 21.40808
0.38147 0.41580 1.39236 2.04468 1.39236 0.72098 0.48447 1.38855 0.74768 0.19073 0.12589 1.31989 1.67847 3.02124 1.56021 2.20108 1.83487 1.54114 1.62888 2.04086 19.10400 30.46036 4.04358 2.44904 3.62396 1.28937 3.27301 16.18576 14.70566 18.18466 15.24353
1.11008 0.18692 0.25177 0.36240 0.86212 0.92316 0.45776 0.30899 1.13297 0.63705 0.94986 2.67029 0.92316 7.21741 9.71985 5.87463 5.98907 2.48337 0.99564 15.38849 13.82065 24.51706 5.03159 6.14929 4.79889 4.62723 7.26318 13.72910 16.89911 13.80920 10.97488
1.10626 0.64087 0.05341 1.01852 1.49918 1.05286 0.73242 2.06757 0.58365 0.85068 1.86539 1.52588 2.36893 1.25122 1.36948 8.76236 1.31989 0.35858 2.86484 8.73947 7.19452 21.06094 11.92856 10.86044 10.34546 0.03815 0.87738 4.92477 11.00922 16.83044 6.55746
3.31116 1.92642 2.48337 6.50787 1.92261 2.12479 0.98801 1.11008 2.08664 0.78964 2.33078 2.30026 1.55640 1.72424 2.39944 2.40707 0.04578 0.19836 2.20108 4.26102 11.32202 24.31107 28.36990 13.57269 0.77438 0.03052 1.64032 1.53732 6.05011 12.89749 11.64246
3.82996 3.05939 3.99399 6.35529 1.12534 2.86102 1.04141 1.49155 1.38092 1.30081 4.11606 6.15692 3.03268 2.14767 4.73022 0.40436 1.06049 5.20706 10.03647 14.78577 18.15033 17.39120 21.34705 27.18353 40.98892 3.50189 4.61578 2.13623 1.49918 1.59073 1.86539
