DATA/RAW-RASTER/ECMWF/20170628/EN-33/20170705.en-33.asc
ncols			31
nrows			16
xllcorner		69.5
yllcorner		19.5
cellsize		1.0
NODATA_value	-99999
0.44250 3.30353 0.22125 0.69809 2.20108 0.18692 0.38528 0.04196 0.06104 0.00000 0.00000 0.04959 0.17548 0.15259 0.24033 0.60654 1.12534 0.48065 1.92261 4.23050 13.93127 1.90353 0.95749 0.50735 0.75150 0.90408 3.16620 8.70895 12.39777 19.66476 27.47726
0.32043 0.43488 2.21634 5.20706 2.30789 0.00763 0.00000 0.07248 0.00000 0.00000 0.00000 0.00000 0.00381 0.09155 0.34714 0.69427 1.35040 1.16348 6.29807 9.48715 3.70026 0.80490 1.23978 5.16891 6.28281 4.35257 1.97220 6.95801 8.12531 16.86478 22.33124
0.46158 5.46646 5.42068 2.67792 3.90625 3.25775 0.14496 0.01526 0.00000 0.00000 0.00000 0.00000 0.00000 0.00381 0.03433 0.59891 5.09644 4.99344 8.11768 6.11115 5.13077 1.97983 5.72586 7.05338 6.05774 3.55148 2.17056 4.72260 12.25281 9.48334 13.83972
0.81253 0.58365 0.10681 3.25394 5.87082 2.34985 2.74658 8.40378 0.03052 0.03052 0.00000 0.00000 0.01526 0.02670 0.36621 0.62943 8.34656 7.12967 9.26971 10.96725 6.56891 15.71274 15.96832 16.07132 7.53021 2.12097 2.96402 4.05121 4.52423 6.40869 12.85553
2.66266 0.00000 1.06430 1.11008 1.37329 2.12097 0.03433 2.78473 2.99072 0.01526 0.04578 0.15259 2.14386 1.50299 3.81088 6.48117 14.22882 9.92584 7.58362 8.72803 6.17218 11.14273 5.42450 0.64087 0.24796 0.23651 0.41199 0.39291 3.97491 3.73840 6.00815
6.14548 3.43704 0.70190 0.00000 0.04959 0.17548 0.44632 0.94604 2.11334 8.95691 41.04233 10.69641 3.86047 1.26266 1.95312 6.09970 14.70566 9.86862 7.28989 3.54004 2.72369 2.94876 3.59726 3.79562 2.42615 5.71442 2.55203 0.27847 1.53732 0.25558 12.01630
0.14114 0.00000 0.00000 0.00000 0.00000 0.00000 0.10300 0.21744 0.51880 1.76239 5.35202 6.09589 5.61523 12.28714 15.23972 2.75040 3.79181 1.64413 0.65231 3.46375 1.85013 1.42288 1.33514 3.97491 17.03262 27.14539 8.37708 5.13458 0.44632 0.16403 0.35477
0.00000 0.00000 0.00000 0.00000 0.00000 0.08011 0.06866 0.19073 0.56458 1.32751 4.49371 4.38690 7.02286 17.68112 21.31271 11.89041 6.55746 1.74713 1.46103 1.92642 6.11496 14.51492 7.41196 23.43750 62.78229 65.47928 23.26202 3.44467 6.44684 1.54114 6.85501
0.00381 0.01907 0.34714 0.32425 0.06485 0.00381 0.10681 0.03052 0.31281 0.75531 0.88882 1.92642 2.12479 2.91443 6.64902 15.17105 25.39062 11.71112 12.13455 2.18582 9.99069 6.54221 48.82050 40.74860 29.67453 26.88217 15.35416 6.71768 14.61029 3.83377 0.32425
0.06866 0.60272 0.86594 1.30844 1.04904 0.36621 0.22125 1.06049 1.88446 0.74387 0.39291 0.11826 0.74768 0.37003 1.59073 19.86313 8.91113 39.90555 138.28278 4.65393 1.89209 4.34494 16.13617 2.71225 10.21194 9.21249 5.69534 6.92368 11.50894 0.87738 0.23651
0.38528 0.43869 0.58746 1.02997 0.30518 0.83160 1.56784 4.32205 2.37274 2.25830 3.70407 1.18637 0.39291 0.85449 1.88446 9.93347 19.60754 56.68259 52.16217 6.51169 5.39398 5.33676 18.10074 15.91873 8.60214 16.28876 2.84958 4.16183 9.86481 2.56729 0.71335
0.48065 0.49591 1.81580 1.67084 1.70898 1.38474 2.09427 2.10571 7.82776 3.60870 10.41794 10.06317 5.87463 2.38419 2.76566 8.13675 4.46320 14.09149 17.52090 4.12750 12.84790 4.34113 5.70679 7.61032 14.91928 10.37598 3.22723 8.31985 4.53568 6.42395 10.37979
1.19781 0.25558 0.16022 1.20544 1.82724 2.57111 1.45721 1.35422 2.89154 2.99072 5.58853 12.77924 2.69318 4.56619 0.82016 9.97543 6.25229 12.11929 24.98627 8.35037 35.03036 12.20703 4.57382 1.90735 21.44241 2.62451 1.09100 3.42941 2.05612 0.96130 0.10681
1.71661 1.33896 0.15640 2.81143 2.30408 4.60434 1.21689 2.31552 1.42670 4.42886 2.38037 2.69318 3.31497 1.15585 4.36401 9.03320 10.52475 9.27734 12.29858 25.30670 18.20755 43.17093 15.81573 4.16183 19.38248 0.85831 0.64850 0.46921 0.81635 0.96893 0.80109
3.50571 3.47519 3.67355 7.57217 2.45667 5.59616 4.64249 2.97165 0.62943 2.74658 0.92697 0.80490 4.32205 1.80817 4.64630 8.86154 15.12146 10.21194 26.92413 10.33783 16.73508 19.44733 17.81845 12.40540 23.27347 3.62396 0.56076 0.49210 0.07629 0.42725 0.35858
3.69644 3.55911 6.19125 9.02176 1.10626 14.79721 15.67078 4.88663 1.70135 0.53787 0.83923 0.85068 3.24631 12.61139 2.28500 21.33179 8.19778 17.17377 23.70834 33.95844 18.52798 10.72693 11.58905 10.52475 10.51331 4.26865 2.00653 1.33896 1.41525 0.28610 0.26321
