DATA/RAW-RASTER/ECMWF/20170628/EN-33/20170702.en-33.asc
ncols			31
nrows			16
xllcorner		69.5
yllcorner		19.5
cellsize		1.0
NODATA_value	-99999
0.00000 0.50354 1.69754 5.06210 6.06537 1.98746 2.29645 0.34332 0.12207 0.00763 0.38147 0.78964 2.60162 3.29208 7.12967 6.32858 4.54330 0.37384 0.32806 1.31607 0.98038 0.55313 0.32425 0.87738 1.42288 2.71225 1.20163 1.38474 1.33514 0.91553 4.78363
0.00000 0.00000 0.00000 1.35040 6.34003 2.27356 0.40436 0.15259 0.08392 0.02289 0.01526 1.86157 2.58255 1.02234 3.28827 6.14929 1.86920 0.08774 0.07248 0.02670 0.07248 0.45013 1.10245 0.56458 1.08719 1.05286 4.22287 4.20380 3.60870 3.88336 3.18146
0.00763 3.22723 0.78964 2.89536 6.29807 2.84958 5.63049 0.19836 0.17548 0.02670 0.09537 1.49155 4.30679 3.52097 2.47955 2.21252 3.98254 0.06485 0.01144 0.06485 0.02289 0.39291 0.41580 1.32370 0.80872 1.61743 2.99072 4.51279 4.12750 5.15366 7.33185
3.97873 0.79346 0.46158 1.74713 3.07465 13.82828 2.66266 15.61356 0.03052 0.08774 2.09427 1.16348 1.46103 3.79562 7.94220 6.82831 3.23486 0.30518 0.35858 0.19455 0.04578 0.33951 1.67084 1.44958 1.15585 2.62451 6.35529 8.76617 7.05338 6.32858 17.43317
2.96402 0.05722 0.00763 0.02289 0.19836 0.94986 4.88663 11.95145 8.61740 2.60162 1.21307 3.86047 8.70514 9.67407 2.34604 5.97000 6.45065 7.64465 0.90027 1.19019 2.09808 3.01361 2.44141 3.44467 2.47955 5.68771 5.25284 7.03049 7.08389 6.91605 10.13947
0.07248 0.00000 0.00000 0.00000 0.00763 0.18311 0.91553 5.61523 12.66479 22.02988 16.73508 13.69858 8.82339 3.15857 8.74329 3.42560 2.75421 9.97543 14.92310 12.54272 7.90787 20.46585 8.44955 11.84464 5.53513 8.91113 5.95856 1.71661 16.03317 22.29309 20.75195
0.00763 0.00000 0.00000 0.00000 0.00000 0.02289 0.17548 1.31226 3.27682 8.52966 27.37808 61.08475 19.74487 6.54221 4.75693 4.06647 0.63324 4.48608 4.49753 12.87079 6.40488 8.41522 5.45502 9.05228 28.46527 19.17648 28.05710 8.84628 1.56021 9.88770 14.25552
0.00000 0.00000 0.00000 0.00000 0.00763 0.00000 0.00000 0.29373 1.91879 2.26212 8.36182 33.12302 20.05005 65.29236 34.26743 3.75366 9.10950 9.84192 3.21579 14.09149 14.05334 7.74384 23.09799 14.85825 15.13672 91.61758 142.12418 53.15018 29.73938 8.47244 3.54004
0.01526 0.00763 0.04578 0.09918 0.02289 0.00000 0.00000 0.00000 0.07248 1.14822 0.71716 3.99780 10.51331 15.97214 127.21252 40.91644 75.81711 41.87775 60.52780 88.69934 111.90796 239.30359 109.75647 18.30292 6.72150 2.51770 15.72800 202.08359 186.70654 25.70724 12.16888
0.03052 0.17166 0.64468 0.64468 0.65994 0.01526 0.00381 0.20218 0.33188 0.32806 0.04959 0.21362 0.92697 4.14658 10.65445 24.96719 12.86697 15.33890 6.03867 6.74820 63.99536 36.43799 99.95651 50.90714 21.49963 7.32803 8.86917 8.85391 51.79596 33.47778 11.37543
0.24796 0.22888 0.35095 0.35858 0.10300 0.16785 0.00000 0.01144 0.03433 0.67520 1.36185 1.58310 1.49155 2.47192 5.48172 16.34216 17.45605 35.06851 20.05386 7.41959 14.28986 57.46841 169.94476 29.37317 12.13837 5.48935 1.31226 2.30789 34.62601 15.39612 10.81467
0.28229 0.05341 0.99564 2.26212 0.98801 0.48828 0.69427 1.97601 0.68283 1.26648 3.16238 7.19833 10.69641 6.62994 3.37982 5.74493 6.31714 22.42661 9.17816 4.60434 35.54153 27.39334 7.11060 1.66702 1.17874 3.18527 1.52206 11.69205 10.50568 20.80536 10.88715
0.75150 0.36621 0.00000 0.05722 0.13351 0.22507 0.00763 0.01526 0.95749 8.06427 2.58636 2.56729 13.14163 15.17868 7.49969 5.14221 4.90570 1.99890 2.75421 10.37216 2.63214 19.83643 3.87955 19.48547 1.48010 0.49591 0.75531 4.65775 19.00101 5.84412 8.73566
0.96130 0.38910 0.17548 1.25885 1.31607 0.41580 0.12970 0.19073 0.02289 1.07956 3.87955 19.31000 9.22775 24.19281 5.97382 3.76892 0.27084 1.31989 6.38199 4.29153 7.18307 5.19180 11.91711 27.09961 1.95312 0.18311 0.54550 1.56784 18.15414 9.57870 3.67355
3.29590 2.18201 0.82397 5.49698 4.39072 2.10571 2.58255 0.94986 0.74768 1.22452 15.05661 20.50018 10.72311 8.68225 15.21683 3.58200 0.47684 0.85068 3.68118 3.18527 2.93350 2.44141 29.49905 12.02393 0.86975 0.25177 1.07956 3.29971 4.28772 17.70020 4.58145
2.37274 3.63159 5.13840 10.04028 1.44958 3.11661 1.58691 4.11606 0.27084 3.38745 7.30133 9.88007 3.12042 4.39453 1.02997 3.80325 0.87738 4.51279 15.12909 2.05231 2.80380 2.65503 8.97980 23.23151 47.11914 11.20758 12.33673 5.53894 11.53946 6.40106 4.61960
