DATA/RAW-RASTER/ECMWF/20170628/EN-33/20170707.en-33.asc
ncols			31
nrows			16
xllcorner		69.5
yllcorner		19.5
cellsize		1.0
NODATA_value	-99999
0.10681 0.01526 0.02289 0.35095 0.00000 0.00000 0.00000 0.03052 0.07629 0.02289 0.26703 0.54169 1.29700 0.98419 0.70190 0.97656 0.70953 0.87738 0.90027 2.45667 8.07190 7.64465 4.10461 1.22833 0.99182 0.90027 1.34277 0.92316 1.96075 7.08008 17.50946
0.00000 0.04578 0.63324 1.73950 3.26538 0.00000 0.03815 0.03052 0.00000 0.00000 0.35095 0.23651 0.62561 0.19073 0.24414 0.36621 0.83160 1.48010 3.04413 7.75146 10.01740 7.13348 6.06537 6.57654 5.82886 2.48718 1.04523 1.99890 2.32697 13.90839 14.57214
0.38147 0.48828 0.42725 0.76294 4.92096 5.37109 1.47247 0.01526 0.01526 0.00000 0.15259 0.03052 0.01526 0.00000 0.01526 0.49591 2.12097 5.47028 5.46265 16.76178 20.67566 7.21741 11.55090 20.35522 11.48224 11.20758 7.47681 6.97327 16.70074 10.37598 19.27948
0.94604 0.05341 0.12970 0.57983 0.97656 1.13678 2.76184 3.07465 0.43488 0.00763 0.00000 0.02289 0.00000 0.13733 0.94604 2.16675 11.16180 9.91058 11.66534 9.92584 8.68988 18.90564 14.31274 13.87787 16.31165 1.34277 18.08167 12.02393 18.26477 27.87781 15.71655
7.73621 0.00000 0.00763 0.91553 0.98419 1.09100 0.92316 1.54877 1.41907 0.04578 0.00000 0.02289 0.35095 1.41907 1.22833 3.31116 6.01196 8.25500 10.18524 9.67407 13.56506 6.47736 12.45880 6.21796 1.75476 0.56458 0.44250 15.86151 24.52850 17.94434 33.90503
1.11389 0.42725 0.06866 0.03052 0.24414 1.82343 1.74713 2.22778 0.80872 4.29535 5.53894 2.20490 1.61743 0.80872 3.53241 6.81305 8.84247 8.27026 5.28717 6.60706 4.22668 8.65173 7.72095 10.31494 4.71497 2.74658 1.09100 1.02234 11.49750 7.25555 19.86694
0.00000 0.00000 0.00000 0.03815 0.21362 0.61798 0.72479 0.35095 1.39618 1.29700 3.51715 4.68445 11.49750 17.87567 2.40326 5.43213 4.14276 4.94385 4.71497 8.19397 5.02777 8.82721 7.02667 1.19019 3.82233 8.60596 4.43268 2.40326 8.43811 2.34985 9.68933
0.00000 0.00000 0.00000 0.09918 0.19836 0.44250 0.48065 0.12970 1.99890 1.17493 1.39618 2.18201 5.71442 6.73676 9.66644 9.52911 10.09369 3.53241 0.21362 3.04413 1.46484 10.28442 3.98254 6.75201 36.78131 16.26587 1.95312 1.60217 14.26697 4.78363 14.52637
0.00000 0.00000 0.00000 0.01526 0.02289 0.08392 0.00000 0.11444 0.24414 0.96893 1.12915 3.34930 6.95038 9.23157 6.66046 4.95911 4.40979 3.36456 7.72858 20.94269 8.96454 5.05829 22.78900 15.05280 4.15039 9.95636 16.87622 19.06586 13.51929 4.60052 9.06372
0.02289 0.08392 0.56458 1.51062 0.16785 0.11444 0.09918 0.16022 1.94550 0.57983 4.98199 1.44196 8.44574 15.45715 15.84625 7.97272 2.95258 1.11389 9.49860 7.33185 2.54059 2.28882 7.53784 7.79724 2.83051 20.13397 42.06848 6.70624 13.31329 1.09100 10.23102
0.45776 0.16022 0.55695 1.06049 0.81635 0.21362 0.50354 0.16785 0.85449 0.41962 0.11444 4.02069 22.66693 9.04846 4.18854 5.65338 5.41687 4.13513 2.99835 2.66266 4.10461 9.23920 12.63428 9.75800 8.47626 9.39178 9.74274 6.70624 17.88330 2.57111 4.67682
0.28992 0.90027 0.82397 2.24304 2.25830 0.99945 1.02997 2.80762 2.79236 0.71716 0.42725 8.56781 25.06256 19.75250 9.07898 4.89807 2.47192 3.02124 2.59399 1.62506 2.73895 1.88446 1.04523 6.72150 15.19775 4.53186 0.96893 3.14331 2.90680 9.65118 10.26154
0.82397 0.23651 0.40436 0.90027 1.19019 3.51715 2.13623 1.93787 8.56018 8.82721 1.99127 5.84412 2.28882 8.89587 13.38196 3.80707 8.63647 1.25885 1.44196 1.54877 1.19781 8.62885 0.51880 10.59723 4.80652 0.39673 0.51117 2.40326 4.56238 7.21741 3.35693
0.72479 1.05286 0.35858 2.40326 0.83160 1.52588 1.13678 0.93079 2.92206 0.67139 3.14331 3.64685 8.97217 48.37036 8.81958 11.60431 5.37872 2.15149 4.74548 3.19672 0.81635 4.95911 12.26044 2.15912 1.09100 0.36621 0.22125 0.22888 6.37054 8.77380 6.93512
4.69971 2.96783 7.30896 4.36401 1.77765 2.18964 0.56458 1.09863 2.25067 2.27356 12.22992 13.97705 6.62231 15.91492 6.21033 6.18744 6.20270 2.13623 1.39618 1.37329 0.93079 1.73950 1.54877 2.89154 0.83160 0.58746 0.78583 0.74005 1.69373 10.04791 19.99664
3.45612 5.21851 11.97815 5.42450 1.26648 1.76239 1.19019 1.38855 0.80109 2.69318 15.51819 19.81354 24.33777 26.03912 8.14819 8.07953 27.76337 3.98254 2.61688 1.15204 0.81635 2.26593 1.65558 2.15149 3.08990 1.96075 1.96075 0.77820 0.24414 5.51605 3.80707
