DATA/RAW-RASTER/ECMWF/20170628/EN-33/20170701.en-33.asc
ncols			31
nrows			16
xllcorner		69.5
yllcorner		19.5
cellsize		1.0
NODATA_value	-99999
0.00000 0.97466 5.15556 5.47981 1.48010 1.50871 3.89862 0.25177 0.09155 0.00763 0.37956 0.30327 0.61035 2.55394 1.12915 0.94032 1.68991 1.25313 8.92830 3.93867 5.67055 4.75883 3.82614 2.28119 3.13759 0.99564 3.52097 1.03378 2.20299 13.61275 23.29636
0.00000 0.00000 0.49973 1.40572 1.45340 1.44386 0.03815 0.39673 0.02098 0.05722 1.52779 1.45912 1.04713 1.62125 0.44060 1.64413 1.00708 1.64604 4.16374 2.47574 4.04930 6.04820 4.78745 9.86481 12.43973 14.53972 12.97188 8.38852 7.47108 13.66234 16.30402
0.00763 0.35858 0.01717 1.15013 2.69318 7.38907 1.38855 0.08392 0.09727 0.41580 0.55695 1.47057 6.04630 1.53160 0.40245 0.71335 1.11389 1.05476 2.21062 3.53432 2.44713 4.30679 4.44221 7.31659 7.95937 13.35144 15.66124 16.17813 6.13022 9.48715 11.84273
0.11826 0.00191 0.06104 0.59891 0.13161 5.45311 2.20680 15.88440 0.06866 0.38910 1.79100 3.40080 3.12233 10.08415 6.43730 5.55420 3.66020 3.20816 10.60295 12.29095 4.05693 13.05008 16.40320 23.53477 20.99419 12.03728 13.37242 8.55255 6.09589 5.22041 15.19585
0.02289 0.09918 0.48256 0.23079 1.58119 2.29836 4.23622 6.13022 22.74323 4.42123 0.61035 5.19180 7.21741 5.75447 11.57570 14.05716 11.41167 23.52142 26.05629 25.41733 29.23393 29.36745 16.82091 10.87189 5.11551 6.55937 7.53403 21.92879 4.77600 8.68225 10.95200
0.03624 0.00000 0.01907 0.01335 1.71280 2.03323 4.68445 4.53568 11.01494 33.14018 71.84601 15.48767 12.30240 1.12534 5.69344 3.58963 3.13187 4.34113 8.96645 5.63431 4.74739 5.40733 9.77135 7.69997 10.12802 9.63593 9.40323 0.87357 1.59073 5.87082 4.77409
0.00000 0.00000 0.00000 0.00191 0.22507 2.06184 8.93593 14.10484 12.57515 15.45906 23.96584 161.69930 36.74316 9.55963 1.37138 19.03915 11.22665 3.14522 6.79016 1.90926 1.13869 0.43106 1.10245 2.79808 5.83458 75.76180 38.20992 21.66748 1.30081 6.02150 3.51524
0.00191 0.00000 0.00000 0.00191 0.00000 0.16975 0.51117 34.67369 18.48030 13.31329 17.29393 36.67450 41.06140 120.03136 14.71901 48.11668 31.14510 16.76941 11.02257 2.41280 9.58061 12.59804 3.43132 18.21899 49.37553 47.28127 34.90829 18.09692 35.31265 5.84030 3.58963
0.00191 0.00191 0.08965 0.12207 0.16022 0.55695 5.56183 0.54932 3.76320 5.22232 6.76346 17.34161 25.75493 37.08076 41.19110 42.05513 285.06281 31.67534 40.64369 12.96425 62.21199 73.65417 28.17535 37.38976 15.86151 13.65280 13.42201 126.20354 107.76329 19.26231 2.74849
0.00191 0.14496 0.51117 0.87547 0.76675 0.04005 1.25885 2.13623 2.28310 2.93541 2.33078 7.05147 12.42447 21.57021 25.08545 29.23775 69.07845 29.99306 28.59306 13.19885 28.54347 67.19017 42.06848 8.67844 18.89610 4.18472 16.83426 7.62367 45.89272 12.70866 8.38089
0.10490 0.43106 1.86539 0.50926 0.04005 0.06485 0.30136 1.31416 0.28419 2.40707 3.45039 2.55013 3.58963 16.69502 23.45276 31.29768 30.23148 34.29604 57.65915 41.01753 13.18932 13.66615 38.67149 82.77130 24.68109 10.48851 2.85339 2.74849 29.79851 11.01494 15.20729
0.39864 0.46539 0.76675 1.70708 1.17302 0.61798 0.56839 1.58501 0.53215 0.65041 1.29128 3.14331 11.32774 15.90538 26.49307 24.25575 57.64198 83.35304 61.92207 10.12039 11.38306 17.30919 40.18402 12.14790 11.22665 2.79617 1.20735 9.06563 3.68309 11.45554 17.51518
0.15068 0.98419 0.80872 1.03188 2.08473 2.32697 0.73242 3.28636 0.76294 0.52452 0.65994 2.09045 0.72861 3.20244 3.87764 7.68471 9.60922 3.51334 2.08092 8.13484 13.39149 56.40411 18.73207 13.23700 5.95093 14.54926 0.33951 4.13322 7.42531 5.84984 7.71713
0.41199 0.70381 1.07384 3.40080 9.85146 0.99754 4.69589 4.85420 2.82669 0.66948 1.97029 2.59209 0.74005 1.30653 3.02696 6.13022 0.61035 0.27084 0.97275 9.52911 23.46992 14.35852 60.29701 37.65106 4.78363 1.58501 7.18880 4.81415 7.83920 3.15094 3.90244
2.41661 2.21443 1.05667 8.11958 4.68063 7.18880 11.72066 2.84195 2.88773 1.25313 0.46158 0.53406 0.12589 1.31226 0.70572 0.80872 0.22697 0.28610 3.51906 8.32367 15.22636 24.83749 34.42955 35.32791 8.11958 0.52834 1.58119 3.44276 0.98038 2.72369 2.55013
2.57301 2.75612 4.69208 11.63673 2.36130 4.82941 9.97353 21.54732 47.60170 30.30014 8.50868 1.05667 0.29373 0.25558 5.14793 0.49400 2.11143 1.33514 2.87819 6.55174 10.86235 9.77135 19.17267 46.80634 74.34845 5.51033 11.19614 3.29018 2.18010 0.54169 0.23651
