DATA/RAW-RASTER/ECMWF/20170628/EN-33/20170630.en-33.asc
ncols			31
nrows			16
xllcorner		69.5
yllcorner		19.5
cellsize		1.0
NODATA_value	-99999
0.20409 0.13161 1.10817 0.45395 4.11224 2.71225 7.69043 13.82065 11.63864 3.43323 4.47464 7.79533 4.48608 5.53894 8.93593 11.27815 7.56264 7.78389 6.95610 4.87328 3.97682 7.60269 3.52097 6.13594 15.43427 17.12227 15.78140 9.55963 8.58688 6.46782 0.26512
0.00763 0.85068 0.32806 0.33760 2.07520 13.12256 35.48813 18.56232 6.06728 3.06129 5.80406 5.99289 5.54466 7.79724 11.50322 7.04193 6.37245 14.05334 13.15308 14.91928 3.37601 5.33104 5.17082 5.90324 11.47842 7.74002 10.48470 8.21304 5.07545 3.47328 0.46349
0.00000 0.01144 0.00000 0.16403 0.08011 111.58943 35.52055 12.26807 9.12666 2.63214 0.91171 1.72043 1.35803 2.21443 3.86620 3.41225 3.23868 7.33185 4.00734 3.28827 6.02913 9.80759 6.25420 4.77409 5.99098 6.98662 6.71005 4.20380 5.17464 1.62315 0.75722
0.36049 0.00000 0.00000 0.00000 1.15204 16.40320 40.72952 17.76886 9.84573 1.14822 0.91743 3.16429 1.56021 3.22723 1.69563 1.68610 0.96130 2.21443 3.79753 3.40843 5.56755 2.77710 7.12395 3.57246 9.84573 3.27110 9.99832 2.10190 3.64113 5.94521 0.58746
2.98691 0.00000 0.02289 0.24033 0.11253 17.52853 23.55385 12.37106 11.81030 3.79944 0.55504 1.76811 1.18446 0.92888 0.66185 0.44060 0.32043 0.11826 1.58501 5.58090 4.44221 2.82097 1.64032 1.21307 0.82970 2.33650 1.69754 5.31578 7.45583 3.86238 1.06812
0.19264 0.00000 0.00381 0.02289 0.11444 12.15935 20.26176 17.70210 8.18443 22.39799 5.78880 6.14548 2.23923 1.32751 0.53787 0.49973 1.19019 11.05118 3.22533 4.00543 1.34277 4.91714 2.40517 2.80762 4.20380 5.40543 6.22559 1.98555 4.26865 8.21877 11.28578
0.00000 0.01144 0.00191 0.37193 3.27110 10.73074 5.40924 12.74872 17.36832 7.41196 5.20515 9.19533 8.38280 3.89290 8.06427 1.52969 0.95940 4.98962 5.16319 1.96266 6.73294 5.01060 5.54657 3.84712 7.96890 22.53151 13.60893 14.40430 11.70731 10.78224 9.26399
0.04196 0.27847 0.77820 1.19972 3.87383 2.41470 2.74277 2.73514 4.00352 4.03786 4.75502 11.44409 9.93538 10.68115 32.65953 30.35164 50.99869 35.45761 12.17270 10.32448 6.53648 14.96124 7.26891 53.42484 53.91312 45.67719 68.51959 13.12447 25.46883 15.63454 15.60974
0.03624 0.85640 2.02179 2.48146 2.52724 1.34468 1.57166 3.00789 4.02641 1.52397 2.68936 6.76155 5.74112 8.16345 36.02219 58.60710 61.87439 50.88806 93.17780 101.45187 307.49701 61.58066 52.25945 11.09505 14.09912 11.18660 16.60347 92.37099 86.03477 20.68329 2.97546
0.00572 1.42670 4.56810 4.15421 6.08063 4.87518 4.46701 10.75363 4.23813 1.37329 4.06075 1.24550 12.24899 6.67953 24.94240 77.56233 97.29576 16.79611 7.06482 14.67896 7.94983 9.63974 56.24962 17.70973 10.54001 20.68710 25.70724 15.98167 51.89323 33.36716 10.99014
0.06104 0.82779 28.45764 45.77637 5.18036 1.65939 1.89209 1.33514 0.25558 1.48392 0.88120 4.32777 5.78690 7.67708 12.65907 56.92482 38.25188 8.68416 18.77975 7.00378 5.22804 7.46918 61.69701 41.31508 35.71129 45.91179 3.61824 9.85909 20.52307 9.91821 3.22914
0.44823 5.42641 12.34627 9.66263 4.19044 0.64468 0.07248 0.42534 0.38719 0.12398 0.53596 0.79536 0.53406 2.95067 17.25388 94.42520 82.96204 35.32219 51.05782 18.57758 16.24870 9.30595 15.44571 8.32176 39.52408 2.23160 3.12614 26.15738 7.09152 11.86371 6.53839
1.36185 4.92668 13.61465 8.67271 3.92342 2.23160 0.36049 1.26457 0.19646 0.20409 0.52071 0.41580 0.26321 7.67899 13.01765 56.19431 37.73499 50.30632 29.29115 15.56587 10.43129 24.90616 27.08626 11.59668 19.64760 3.91579 0.13161 12.46452 10.92911 5.65338 5.18417
4.04739 2.53868 1.01471 2.98882 4.16183 1.97983 0.90027 1.24741 2.03514 0.30518 0.10109 0.10109 0.08774 4.56238 1.32179 10.27298 8.98170 40.96413 14.49394 32.72629 15.37323 23.06366 36.86142 32.31812 21.16776 4.73022 6.67381 15.10239 12.65907 3.44086 6.66046
6.72340 3.59344 3.69453 8.48579 4.24767 0.49210 0.17738 0.29755 0.21744 0.08583 0.67329 5.97000 5.99670 1.87683 0.65994 3.38936 6.41441 8.04710 36.93008 50.10414 40.55023 37.11319 53.48015 56.88477 9.74274 0.73433 2.20299 1.00136 13.42392 10.18143 5.50842
4.28391 7.65228 8.88824 22.97783 2.65694 0.95940 0.26512 0.12207 0.18311 0.32997 0.58746 0.10681 0.37193 5.31769 3.47710 9.65118 10.89668 8.08144 8.57353 10.82039 29.01840 36.76605 37.45079 46.35048 46.55457 5.57709 10.18524 4.46320 0.96512 0.56648 7.32040
