DATA/RAW-RASTER/ECMWF/20170628/EN-33/20170628.en-33.asc
ncols			31
nrows			16
xllcorner		69.5
yllcorner		19.5
cellsize		1.0
NODATA_value	-99999
4.28200 6.31523 10.58960 10.09178 13.59367 5.72968 5.79453 3.54004 1.97601 0.19073 0.39864 2.61497 5.41878 4.84467 5.81551 5.93376 2.40898 2.59209 3.43513 8.05092 9.51195 2.63786 1.36375 0.92506 0.41199 0.50735 0.57602 0.45967 2.43568 2.15340 4.80080
6.22749 6.75583 45.66193 13.19504 9.29070 12.49313 8.45718 2.45285 5.19753 1.11580 1.23978 0.73624 3.19862 6.77299 7.19261 6.30379 7.27081 9.82857 10.19287 7.84683 8.38470 10.29396 3.20625 1.00899 0.62370 0.51117 1.03188 0.69237 0.60272 0.26131 3.53622
17.70401 33.61702 22.90154 29.83665 24.64485 24.23859 11.95908 7.19070 3.24631 2.73705 4.37737 1.17683 3.19481 4.55856 2.70271 3.33977 8.26073 1.43623 7.05719 11.35445 6.72340 9.76372 1.12534 7.98225 2.36511 0.51308 0.78392 3.18718 0.53787 0.26894 1.02234
27.08626 31.07262 35.28023 12.70103 18.62717 32.10258 16.59775 14.19640 4.08554 0.46921 0.00000 2.24876 0.49782 4.62341 3.31879 1.17493 4.27055 7.23648 5.03159 17.39311 8.27980 14.51492 8.54874 13.19695 0.90599 0.00000 1.50681 0.98991 0.72289 2.03323 2.49672
16.86859 34.25407 12.28905 49.60632 34.61075 35.86197 10.70023 3.83186 6.34193 1.23215 0.00000 0.00000 0.33760 0.11826 0.49973 4.43840 2.16675 5.02205 9.91440 10.73265 8.46481 14.28223 14.16016 8.59833 0.54169 1.88828 4.73022 0.63133 4.22668 1.95885 5.58472
51.67770 10.61821 10.46181 32.35626 51.54228 16.33453 6.98090 1.22452 1.64604 6.99997 5.51605 0.47493 0.47684 0.00000 1.22452 3.41225 2.69127 5.08118 9.14192 6.66618 1.60980 4.28963 11.67297 9.09233 5.86510 11.23047 1.15967 2.08664 7.64084 7.69234 11.47461
3.62206 53.92075 12.28714 6.59180 30.69305 19.65523 15.38658 10.25772 28.00179 11.72066 5.04875 12.04491 4.20761 4.91524 2.57492 5.59616 1.45721 5.46074 1.48582 4.17328 5.14984 5.16510 6.96564 6.25038 5.92804 10.54955 4.33350 5.34439 1.00327 11.06834 3.90053
43.72787 23.56911 13.98277 0.28992 5.27763 11.79886 10.57625 30.52330 43.41125 28.09334 3.77655 2.49290 3.49808 12.08305 10.47516 12.58469 2.76947 0.27466 2.14195 0.95940 6.35910 13.68904 4.20952 36.96060 16.01219 76.56479 9.35173 6.74248 15.58495 9.38988 5.11360
8.11386 21.84868 14.56451 15.93399 20.55550 8.08716 27.02522 69.54002 38.39684 12.97188 8.83675 11.47270 2.51007 3.51715 4.77982 2.30980 0.69237 3.54195 7.82013 31.95381 17.12799 20.01572 15.43808 21.02661 4.52232 23.90862 15.98167 61.78284 26.62849 11.74164 5.22804
2.09999 4.99916 14.44054 31.90041 11.49559 23.61488 8.41904 13.46397 28.89633 60.65750 20.41245 17.73071 12.19559 4.56619 1.12724 0.59319 0.48828 0.57793 4.06837 8.75664 8.95119 10.40840 21.76666 14.26315 8.33511 24.85085 12.76588 30.47752 44.81125 3.91197 4.06075
7.23076 17.35687 0.34332 2.73514 3.62778 1.64986 5.50652 14.92691 39.83498 35.67505 45.31479 15.72800 11.26099 8.85201 8.11577 10.91957 1.48010 2.35176 2.37083 2.21252 1.24550 12.28142 28.33748 38.31291 7.61414 6.99234 10.09369 23.18573 22.04323 14.84871 11.03020
4.24576 1.20926 1.01471 2.88391 4.28200 5.52940 7.18307 4.34113 14.70566 24.13559 7.40242 17.37785 6.93893 4.29916 1.17493 2.62642 3.95012 3.49617 3.90244 3.68500 2.07901 2.99835 10.10323 7.52449 24.37019 27.60887 5.23758 18.85986 11.17897 18.36586 27.85683
6.13976 6.28281 2.05040 2.23732 4.75502 2.86102 7.18689 2.84767 3.19099 9.51767 13.17215 20.83015 9.41658 6.55746 2.44904 5.16510 4.36401 3.36266 3.08990 5.33867 8.85963 2.94304 6.00243 20.75577 9.74274 7.32040 3.70598 42.44232 19.52362 14.20784 22.84431
17.12418 7.75719 0.62180 10.86617 8.82149 4.63486 1.56212 7.05528 1.71471 3.93677 15.01465 16.11900 15.16533 13.34000 3.80516 3.55721 3.34549 5.92613 4.63295 6.16837 5.26619 5.57709 1.98174 19.90700 26.07918 1.21498 7.10106 17.89665 56.43654 21.10100 35.78377
157.38106 37.74261 19.13452 47.92213 2.81715 0.87929 0.06866 2.67982 11.35063 3.84712 11.51276 14.96315 9.77325 38.39111 25.41542 8.04329 22.46475 12.69913 8.20923 4.02451 3.36647 4.13895 10.92529 12.54082 8.09479 0.20218 4.69398 10.88333 2.12097 33.79631 23.37074
46.21124 38.23280 25.37537 23.17238 2.30980 0.77057 4.30298 4.74548 5.64766 8.02231 17.62962 30.29823 18.20755 17.98820 10.45227 11.78551 20.43915 15.31601 38.65433 20.31136 3.49045 6.33621 9.41086 25.69199 18.63480 5.09071 14.32228 10.33211 10.91003 14.75143 26.36909
