DATA/RAW-RASTER/ECMWF/20170628/EN-33/20170706.en-33.asc
ncols			31
nrows			16
xllcorner		69.5
yllcorner		19.5
cellsize		1.0
NODATA_value	-99999
0.33188 0.08011 0.88120 0.25558 2.25067 0.00000 0.59891 0.00763 0.12207 0.00381 0.00000 0.06485 0.08011 0.03815 0.14114 0.46539 0.31662 1.26266 2.36893 3.04413 1.14059 6.24466 1.37711 1.39618 3.47519 3.10135 7.19833 7.50351 16.52908 9.89151 4.43649
0.00381 0.00000 0.11444 0.39673 0.81253 0.00000 0.00000 0.01144 0.00381 0.00000 0.00000 0.00000 0.00000 0.09918 0.01144 0.03052 0.01526 0.71716 2.09045 0.28610 0.38528 1.51062 1.29318 1.16730 1.22070 4.16565 10.91385 11.18851 7.67517 7.48062 3.15857
0.00381 0.31281 0.00381 0.40054 3.52097 8.14819 0.46539 0.00000 0.00000 0.00000 0.00000 0.00381 0.00381 0.00000 0.00000 0.00000 0.03815 0.53024 2.45667 0.76675 5.21851 8.33511 2.31934 2.44904 5.21851 4.11987 7.61795 13.03482 23.60535 8.55637 13.14545
1.92261 0.24796 0.42725 0.14496 0.37766 3.03650 1.36185 3.34167 0.00000 0.00000 0.00000 0.00000 0.00000 0.22125 0.03052 0.10681 0.02289 0.53024 2.23160 0.74387 2.04849 3.39890 6.68335 5.52368 5.45120 0.12970 0.65994 0.18692 7.05719 8.08716 12.79831
4.56619 0.01907 0.22125 0.44250 4.02069 1.65176 2.27356 1.93024 0.96130 0.01907 0.00381 0.03052 2.59399 0.89264 1.22070 0.85068 5.10025 1.56021 0.95749 0.95367 1.56403 2.76566 3.15857 1.22452 0.53787 0.99182 1.37329 0.70953 0.33951 4.10461 2.30026
7.30515 0.08774 0.00763 0.21744 0.68283 2.70081 8.63266 8.93402 2.86102 3.45230 11.76834 5.59616 3.46756 1.72424 4.12750 3.94440 0.63705 1.63651 6.38580 2.12097 2.54059 1.28937 0.36621 1.19781 3.59344 2.76184 1.95694 1.27792 0.28610 0.40436 10.75745
0.01907 0.00381 0.01907 0.01907 0.01907 0.05722 0.45013 1.48773 3.17001 6.90460 4.06647 5.14603 9.92584 7.08389 1.70517 2.10571 4.69589 5.58090 0.83542 1.37329 2.55585 4.11606 1.30463 2.44522 4.40979 14.70184 6.48880 2.33841 0.59509 0.28992 4.32205
0.00000 0.00000 0.00000 0.00000 0.00381 0.00000 0.03052 0.11063 0.04959 1.01471 4.88663 5.29861 3.82996 4.86374 7.38907 52.29187 9.17435 0.21744 4.52423 2.01797 3.27301 10.69260 0.68665 7.53403 7.35855 14.75143 43.80798 2.78854 10.20813 2.86865 7.17163
0.00000 0.00000 0.00000 0.00000 0.04196 0.03815 0.00381 0.00000 0.09537 0.04196 0.09155 6.27899 4.04358 15.99503 16.65878 32.60803 17.36069 2.89536 7.96127 18.94760 28.41187 7.23648 10.76126 10.13947 6.56509 3.19672 16.64352 22.13287 23.59009 4.80270 13.59940
0.14877 0.66757 0.65231 0.03815 0.47302 0.33951 0.00000 0.01907 0.06866 0.06866 1.34277 1.39236 7.31659 10.89859 9.54056 14.46533 17.71164 33.33282 6.21033 4.94003 3.21198 10.93674 18.31055 2.72751 1.29700 5.45883 9.41086 13.98468 26.98135 0.85831 1.96457
0.95749 1.51062 1.19400 0.45013 0.03433 0.38528 0.58746 0.71716 0.64468 0.78201 0.42343 2.84576 12.91656 12.47787 21.75903 20.71762 37.01782 30.83420 22.57538 4.95529 12.42065 9.64355 5.53513 1.83487 1.40381 9.54819 2.63977 8.13675 14.68277 9.64737 14.04572
1.19019 1.14059 1.32751 2.84576 2.04086 0.55313 0.56839 0.77820 0.52643 0.51117 0.22888 1.12915 3.34549 3.37982 9.66644 26.46255 39.00909 66.20026 17.34161 16.41083 10.91003 8.36182 14.65607 4.20761 5.01251 4.32968 1.68610 5.19180 1.15585 2.66647 1.73187
1.02997 1.19019 0.50735 1.24741 2.23541 3.38364 1.58691 0.50354 0.15640 0.22507 1.01471 3.78799 4.08936 1.55640 2.17056 18.77213 49.33548 59.24225 13.21793 10.09750 16.47568 5.32150 1.09100 3.07846 6.40106 0.55313 0.18311 2.20871 1.32370 0.89264 0.03052
2.25830 2.46811 1.03760 1.73187 2.21252 0.90027 0.97656 1.04141 1.22833 0.33951 0.28992 6.87790 6.48880 1.74713 11.72638 26.02386 2.58636 13.05771 10.07080 11.34109 10.59341 8.82339 1.98746 2.11716 0.99182 0.15640 0.34332 0.96512 1.41525 1.09863 0.07248
3.72696 3.40652 3.63922 6.91223 1.34659 2.69318 0.86212 1.19400 0.62180 0.67902 0.36621 2.52533 36.05270 7.23648 6.01578 12.02393 25.29526 4.48608 5.49316 7.35855 9.41086 5.79453 7.49207 2.15149 1.89209 1.19019 0.74005 0.58365 0.92316 1.58691 0.70190
5.94711 4.68826 14.79340 15.06805 1.77383 7.49588 6.82449 3.95584 4.58527 1.20163 4.10461 9.32693 83.08029 19.04297 4.75693 16.33072 11.00922 8.93402 10.05173 10.34927 7.41959 3.99399 5.71060 6.91605 5.35583 0.98801 1.02234 0.50354 0.19836 0.43106 1.92261
