DATA/RAW-RASTER/ECMWF/20170628/EN-33/20170712.en-33.asc
ncols			31
nrows			16
xllcorner		69.5
yllcorner		19.5
cellsize		1.0
NODATA_value	-99999
2.86865 4.11224 4.63867 10.52856 10.11658 7.12585 7.32422 9.01794 1.60217 0.69427 2.02942 1.34277 1.67084 4.63104 10.75745 11.68060 9.99451 10.58960 10.22339 8.72040 10.80322 13.60321 13.61847 9.70459 10.89478 5.92041 6.60706 3.14331 2.57111 8.89587 3.33405
0.56458 6.08826 19.96613 15.80048 29.62494 11.26099 8.65936 4.15039 8.81195 2.24304 3.21198 6.65283 8.97217 6.16455 7.80487 7.24792 8.12531 6.58417 8.30078 9.41467 11.35254 12.46643 8.72040 8.98743 13.46588 7.27844 6.86646 5.06592 4.59290 1.48773 2.47955
16.75415 22.07184 17.79938 15.46478 17.34924 17.33398 21.83533 2.21252 4.38690 6.81305 6.46210 6.30188 6.18744 5.46265 7.94220 7.20978 11.07788 11.11603 14.38141 13.13782 16.47186 35.70557 23.45276 13.16833 7.27844 5.90515 1.56403 1.88446 2.22778 0.36621 0.38910
20.70618 0.51117 12.35199 59.26514 1.46484 4.79126 25.84839 24.24622 3.46375 2.96021 11.75690 4.82941 3.43323 8.04901 5.11932 5.01251 6.21033 22.53723 7.83539 5.92041 9.87244 5.95856 5.31006 2.78473 6.25610 0.26703 0.43488 0.11444 0.45013 0.74005 0.29755
23.76556 3.25775 1.81580 8.04901 1.29700 2.12860 6.98090 39.16168 52.08588 26.00098 5.57709 6.87408 5.12695 3.79181 2.01416 4.11224 3.62396 9.35364 0.59509 2.04468 3.13568 0.77820 1.62506 1.33514 0.14496 0.18311 0.28992 0.37384 0.57983 0.26703 0.62561
0.32043 0.16022 0.03052 2.15912 2.01416 2.33459 4.75311 26.44348 20.01190 41.74042 32.99713 17.60101 10.16998 2.02179 2.93732 2.15912 1.14441 1.14441 1.17493 3.93677 1.84631 1.92261 0.55695 1.90735 2.12860 4.89807 4.88281 1.70135 1.04523 0.19073 0.61035
0.00000 0.00000 0.42725 2.85339 0.45013 0.57220 4.43268 11.21521 30.47943 35.92682 18.21136 7.28607 6.93512 3.11279 0.75531 1.73187 3.37219 2.25830 1.23596 0.88501 2.83051 0.87738 7.10297 2.02179 6.43158 21.14868 4.15802 8.45337 1.22833 1.16730 1.70898
0.02289 0.00000 0.05341 5.92041 5.11169 0.57983 3.68500 9.47571 43.55621 23.82660 20.78247 12.39777 4.62341 8.00323 23.91052 13.96942 1.96838 0.44250 5.69916 3.68500 6.53076 5.56946 11.56616 9.70459 14.22882 10.52856 15.98358 16.32690 41.32843 7.76672 11.33728
0.00000 0.00000 1.13678 3.05176 9.56726 7.36237 7.34711 15.57159 22.18628 15.58685 14.70947 18.25714 5.38635 2.78473 4.91333 9.44519 5.70679 18.27240 22.20917 98.41156 56.88477 62.95776 15.80048 17.22717 31.48651 18.69202 3.82996 57.57904 31.38733 18.24188 11.23810
0.00763 0.00763 0.00000 0.45776 22.04895 10.11658 8.64410 22.65167 24.62006 15.57159 20.14160 19.63043 7.16400 4.25720 5.85938 1.44958 2.15912 6.59943 14.99176 8.01086 8.78143 12.11548 33.87451 23.62823 54.14581 2.00653 12.35199 15.92255 15.48767 8.12531 11.61957
0.09155 0.14496 0.41962 1.81580 10.01740 17.68494 28.83911 19.72198 30.86853 18.48602 23.04077 21.59882 7.65991 5.77545 3.61633 8.25500 2.18201 6.21033 12.02393 2.67029 6.49261 10.23102 8.63647 26.16882 33.56934 12.39777 1.25122 16.79230 45.29572 18.94379 9.26208
0.12970 0.20599 1.70135 12.89368 49.85046 65.18555 22.74323 26.06201 26.58844 37.37640 20.53833 7.10297 2.53296 10.65063 3.70026 1.42670 9.01031 9.07135 9.94873 15.19775 3.89099 3.88336 19.02771 46.17310 20.37811 1.62506 2.11334 8.10242 12.61139 25.86365 14.76288
0.86212 0.04578 0.01526 0.41199 2.57874 8.97980 20.42389 48.48480 24.91760 17.63153 20.25604 6.27136 16.57867 24.06311 8.74329 5.08881 16.13617 18.55469 31.02875 9.70459 9.30786 8.67462 3.46375 24.68109 7.78961 3.82233 1.66321 6.66046 17.05170 23.48328 5.37872
2.22778 0.88501 0.10681 0.58746 1.59454 3.66974 15.25879 33.80585 23.48328 20.74432 13.81683 27.09961 25.93994 16.07513 28.83911 23.00262 9.84192 22.68219 22.56775 14.00757 27.73285 35.48431 5.92041 45.19653 9.81903 2.47192 1.79291 11.75690 11.94763 27.16827 27.83966
3.50189 3.07465 1.28937 4.87518 3.50189 6.98853 37.92572 25.39825 36.04126 33.94318 41.00037 2.79236 3.84521 11.77216 30.31158 26.76392 11.87897 22.08710 24.10126 34.34753 27.42767 30.78461 39.96277 34.01947 6.92749 8.56781 3.60870 3.15857 18.43262 16.60919 26.96991
2.12097 4.59290 22.24731 54.29840 66.95557 3.19672 8.84247 28.32794 59.40247 42.04559 185.19592 4.44794 0.83923 6.17218 10.23102 26.55029 19.71436 27.21405 30.08270 28.49579 20.88928 26.85547 22.94159 44.53278 46.41724 6.95038 8.37708 10.01740 17.60101 12.22992 13.61084
