DATA/RAW-RASTER/ECMWF/20170628/EN-33/20170704.en-33.asc
ncols			31
nrows			16
xllcorner		69.5
yllcorner		19.5
cellsize		1.0
NODATA_value	-99999
0.34714 0.26321 0.08011 0.16403 1.16730 0.00000 0.15640 0.00000 0.13733 0.00000 0.00000 0.13351 0.11826 0.59128 1.52969 3.10898 1.15967 5.56946 1.33514 1.43051 1.85776 4.17328 0.84305 9.26971 12.58850 14.14871 18.18466 12.76779 10.50568 8.50677 5.30243
0.78201 0.02670 0.01144 0.04578 0.00381 0.00000 0.00000 0.01526 0.00000 0.00000 0.00000 0.00000 0.01526 0.49210 1.36948 4.88281 3.96729 3.96729 1.04523 1.20544 6.06537 6.87790 13.93509 9.72748 16.90292 19.58084 21.51489 9.86481 6.51550 1.46484 1.07956
0.00000 0.08392 9.51004 1.28937 1.06430 5.12695 0.00000 0.03052 0.00000 0.00000 0.00000 0.00000 0.00000 0.02289 0.46539 0.52643 3.03650 2.29645 3.89862 4.33731 9.41849 9.89532 9.43756 9.99451 20.06912 6.63376 5.77545 6.71768 0.77820 0.85449 0.36621
0.76675 0.47302 2.57111 0.09155 0.24033 1.80817 8.64792 18.26859 0.00000 0.00000 0.00000 0.00000 0.00000 0.08011 0.17929 0.80109 1.85776 9.59396 6.99997 6.30188 14.36615 24.40262 25.35248 7.46918 3.41415 0.06104 0.58365 0.76675 1.27792 1.05286 0.51498
3.46756 0.01526 0.00000 0.03052 0.00000 0.10681 1.38092 8.84628 0.11826 0.16403 0.06866 0.03052 0.13733 0.62561 0.51880 1.28174 2.83813 3.80325 9.59015 15.70892 9.96399 6.55746 2.08664 0.85831 0.32425 0.62561 0.81635 3.88718 2.58636 0.91171 0.85449
0.15259 0.00000 0.00000 0.00000 0.00763 0.03433 0.11826 0.16403 4.62723 12.84409 18.43643 2.59781 8.24738 0.94986 5.27191 18.67676 13.12256 17.44843 14.46152 4.24194 5.85556 5.22614 6.49261 4.32968 2.34222 4.20380 2.95639 0.28610 2.41852 1.10626 4.70734
0.00000 0.00000 0.00000 0.00000 0.00000 0.00381 0.05722 0.01907 0.24414 0.78964 2.43759 12.28714 12.49695 12.68005 15.91110 7.14111 11.17706 6.32477 1.81198 6.19125 7.38525 4.82178 3.11661 6.43539 21.19064 62.34360 33.48541 4.73785 2.75421 1.56403 4.28391
0.00381 0.00381 0.00000 0.04578 0.00000 0.05722 0.00000 0.00000 0.02289 0.46158 0.52261 5.95093 19.97375 68.83621 71.00296 39.84451 19.56177 21.65604 9.12476 9.63211 7.46536 16.05225 7.32422 45.55893 47.77527 41.37802 39.15787 12.84790 21.11053 8.88062 6.01578
0.03815 0.01144 0.57602 0.97275 0.41962 0.42343 0.05341 0.00000 0.00000 0.02289 0.00763 0.13733 3.15857 8.42285 10.23102 18.25714 80.86395 72.76917 48.82050 67.45529 40.89355 91.67862 80.71136 40.96985 4.05121 42.67883 16.36505 65.39917 25.47073 11.17706 8.37708
0.08774 1.24741 1.85013 1.91879 1.84631 0.90027 0.19455 0.75912 0.01144 0.00381 0.00000 0.00381 0.40817 1.68228 0.88120 2.28882 8.36945 7.53403 14.67896 4.88281 5.80215 6.63757 38.22708 3.94440 28.99170 40.07339 9.12857 7.61032 10.02502 8.89969 7.97272
0.96512 1.33133 1.39999 1.71661 0.70572 0.74005 0.08392 0.68283 0.37003 0.37766 0.14114 0.28229 0.11063 0.20218 0.15259 0.48828 1.06812 1.42288 3.59344 22.64023 136.46698 14.26315 81.80237 45.55511 16.32690 13.55362 4.69208 10.32639 17.33780 16.65115 10.26154
0.82016 0.69427 1.63651 3.26538 1.53732 1.49155 0.77820 0.70572 0.55695 0.19455 0.49591 0.58746 1.65176 1.92642 1.29700 3.36075 7.38907 11.42883 8.41141 14.47678 85.33478 8.06046 5.24902 47.66464 15.39612 8.26263 9.87625 16.38794 11.81412 17.80701 11.57761
1.25122 0.71335 2.25067 0.80109 3.95966 2.02942 1.11008 1.60217 0.47302 0.94223 1.84250 3.21960 0.49591 3.35693 2.69318 16.15524 37.89520 24.68109 3.23868 10.29587 19.32907 14.22501 9.09805 14.42337 16.58630 3.41797 1.77383 9.52148 7.02667 5.99670 2.48337
2.25830 1.86539 1.28174 6.75964 6.34766 2.10190 0.80872 2.10953 0.62561 0.48065 0.74387 1.96838 3.65067 9.62830 10.65063 13.33237 9.56726 8.09479 20.09583 35.12192 16.70074 34.06143 32.74536 11.85989 11.48987 1.39999 0.44250 2.74277 6.03485 0.86212 5.63812
3.00217 4.60434 8.26263 12.35580 10.28824 4.58527 0.43106 1.11008 0.64087 0.06485 0.21362 0.60654 1.72424 1.69754 9.07135 13.10349 7.13730 19.22989 5.94711 41.61835 41.29791 28.71704 69.26346 41.59927 13.78250 7.97272 2.15530 1.43051 1.82724 1.17874 9.92966
4.24576 6.24847 13.34000 34.44290 7.00378 24.75357 16.32309 2.24686 1.06812 0.17166 0.57602 1.65176 3.49808 12.38632 4.97437 16.28494 32.64618 18.91327 25.26474 15.19394 29.71268 27.07672 25.07401 68.63403 89.80179 5.88226 6.07681 6.03867 2.67410 1.75858 1.00708
