DATA/RAW-RASTER/ECMWF/20170628/EN-33/20170708.en-33.asc
ncols			31
nrows			16
xllcorner		69.5
yllcorner		19.5
cellsize		1.0
NODATA_value	-99999
1.12915 1.51062 0.39673 0.39673 0.00000 0.00000 0.00000 0.00000 0.09155 0.02289 0.04578 0.05341 0.49591 0.41199 1.74713 0.33569 0.38910 0.38147 0.45013 1.52588 4.41742 5.33295 3.59344 4.46320 8.63647 9.54437 7.65991 4.03595 3.85284 10.58197 14.06097
0.67139 1.24359 0.27466 3.56293 1.06812 0.00000 0.18311 0.00000 0.00000 0.00000 0.64087 0.38147 1.70135 1.15204 2.57111 2.21252 1.44196 0.23651 1.29700 0.87738 0.55695 2.28119 5.87463 10.81848 7.71332 8.65936 5.44739 6.42395 8.21686 13.30566 6.54602
0.61035 0.14496 0.03815 0.65613 3.00598 4.36401 1.20544 0.01526 0.00000 0.00000 0.44250 0.74005 0.17548 0.77057 0.70953 2.33459 1.48773 0.48828 1.88446 0.57220 0.41962 0.24414 2.37274 11.01685 14.98413 11.37543 8.88824 5.74493 11.37543 7.19452 10.09369
0.08392 0.00763 0.00000 0.05341 0.36621 2.46429 3.04413 4.43268 0.03815 0.05341 0.23651 0.29755 0.25177 2.14386 2.07520 1.56403 1.61743 2.12860 1.60980 0.39673 1.40381 0.39673 4.57001 11.41357 11.13129 16.34979 15.87677 12.51221 6.61469 10.38361 18.43262
2.38800 0.00000 0.00000 0.00763 0.03815 0.48065 2.11334 3.25012 1.01471 0.64087 0.00000 0.02289 2.07520 2.51770 3.11279 4.83704 0.85449 14.83917 2.51007 1.96075 5.07355 8.04138 13.05389 13.58795 12.54272 13.09967 5.59235 25.17700 17.23480 19.84406 16.84570
1.38855 0.00000 0.00000 0.00000 0.00000 0.74005 0.54932 2.55585 5.63812 4.07410 10.53619 2.04468 3.72314 1.78528 6.72913 2.96021 4.20380 2.25830 9.70459 12.52747 16.77704 30.95245 3.96729 9.08661 2.51770 9.56726 1.19019 0.78583 21.04187 12.00104 5.87463
0.00000 0.00000 0.00000 0.00000 0.00000 0.05341 0.11444 0.50354 3.63922 3.14331 9.07898 7.48444 14.98413 9.43756 5.46265 11.24573 11.22284 12.62665 6.62994 3.86047 2.78473 3.19672 12.93182 1.65558 7.39288 10.81848 0.36621 1.93024 1.15967 1.44958 20.08820
0.00000 0.00000 0.00000 0.00000 0.00000 0.38147 0.41962 0.19073 2.58636 1.86157 1.28174 8.33893 4.40979 10.84137 9.01031 10.88715 15.95306 1.36566 1.93787 1.53351 2.02179 7.82776 2.18964 15.06805 12.68005 13.77106 3.86810 2.22778 4.39453 7.56836 13.42010
0.00000 0.00000 0.00000 0.04578 0.07629 0.45013 0.67139 0.01526 0.22888 3.60107 1.39618 0.70190 2.42615 6.26373 4.41742 4.84467 7.68280 5.76019 11.68060 39.64996 6.70624 3.84521 6.56891 7.01904 4.50897 6.71387 6.08063 21.24023 9.96399 6.73676 16.32690
0.00763 0.01526 0.04578 0.25177 0.24414 0.25940 0.19836 0.51117 0.86975 5.44739 6.84357 6.23322 1.30463 2.72369 5.68390 5.42450 10.67352 11.34491 6.37817 13.93127 5.69916 3.53241 2.80762 24.77264 2.24304 4.82941 19.65332 18.79120 10.37598 10.70404 25.27618
0.02289 0.02289 0.17548 1.00708 0.21362 0.21362 0.10681 0.74005 2.09045 9.91821 17.09747 13.04626 2.63977 1.61743 1.06812 1.41907 1.16730 0.96893 1.54877 1.46484 2.53296 2.73895 8.80432 3.28064 4.40979 25.53558 12.26044 14.54163 21.64459 8.33893 13.19885
0.22125 0.28992 1.03760 2.15912 0.61798 1.39618 0.53406 2.60162 2.67792 11.95526 11.86371 7.11060 2.40326 3.21960 2.83813 2.23541 1.15204 0.85449 1.14441 1.24359 0.87738 3.54767 15.34271 20.54596 17.30347 8.55255 1.09100 16.17432 3.48663 11.44409 10.28442
1.16730 0.25177 0.30518 2.04468 0.98419 1.25885 0.27466 11.25336 17.00592 15.66315 6.77490 5.18799 3.37982 4.36401 4.25720 1.67847 0.57983 1.50299 1.55640 0.95367 1.93787 1.53351 8.30841 32.56989 4.50897 0.44250 1.09100 11.45935 29.54865 19.08112 5.36346
1.25122 3.29590 1.83868 1.19781 1.04523 0.77820 0.90790 14.04572 20.50018 16.16669 11.70349 15.99884 4.35638 5.29480 3.31879 2.25067 0.75531 1.14441 1.42670 1.31989 0.87738 7.63702 7.63702 11.99341 0.27466 0.45776 0.25177 7.86591 15.86914 13.49640 16.75415
3.38745 2.18201 4.25720 3.64685 2.27356 0.67902 0.30518 6.30951 11.06262 36.21674 51.06354 18.02063 5.50842 7.08008 4.21906 1.83868 1.91498 1.70135 0.61035 1.04523 1.28174 3.18909 5.15747 6.51550 2.12860 0.67902 0.03052 4.15039 5.99670 16.29639 9.78088
5.15747 5.33295 14.93073 8.23212 1.52588 1.99890 0.81635 4.83704 24.10126 30.82275 67.01660 22.20154 12.93182 1.93024 10.10132 6.02722 2.86865 1.67084 1.96075 1.41144 2.30408 1.95312 4.38690 5.01251 7.86591 2.78473 1.09100 0.61798 0.80109 3.15094 5.10406
