DATA/RAW-RASTER/ECMWF/20170628/EN-36/20170702.en-36.asc
ncols			31
nrows			16
xllcorner		69.5
yllcorner		19.5
cellsize		1.0
NODATA_value	-99999
0.00000 0.85449 1.24359 2.93732 2.74277 0.85449 2.14005 1.35040 0.09918 0.03052 0.39673 1.51443 1.29318 1.13297 2.39944 1.75476 6.31332 6.29807 14.56070 15.44571 10.30731 3.71552 1.03760 1.57547 1.78909 0.84305 0.96893 0.41580 0.33569 0.75150 5.58853
0.03815 0.00000 0.12970 0.41199 1.77765 0.07629 0.36621 0.44632 0.01526 0.07248 0.71335 2.25449 3.73459 10.23865 10.35309 9.38797 6.05011 12.79449 17.63535 13.09204 6.41632 5.30624 1.52206 2.54059 2.55585 4.89807 4.39835 5.68771 0.76675 1.29700 2.55966
0.08392 0.31662 0.24796 0.68283 0.80872 3.36838 9.46808 0.19836 0.14496 0.12970 0.91934 7.61795 10.59723 10.81085 7.67899 5.08118 2.72369 2.64359 6.79398 8.33130 14.32800 5.38254 5.71823 9.60159 8.95309 11.58524 16.28494 13.52692 13.18359 8.55637 1.30463
5.47028 0.38528 0.16785 0.06866 0.85831 2.04086 11.65009 8.38089 0.61417 1.78146 6.66809 4.39453 4.88281 6.86646 7.79724 3.79562 4.25339 2.16293 2.47955 10.47516 2.24304 19.31763 21.33179 21.39282 18.95905 9.72748 2.85721 10.89478 19.63043 14.00757 11.06644
2.73514 0.20218 0.00000 0.00000 0.10681 0.57602 1.01089 21.00754 17.27676 5.63812 1.43051 2.01797 1.43051 5.24902 1.38855 6.56128 8.83484 5.86319 6.54602 5.27954 7.38907 9.71222 10.10513 11.09314 2.77710 0.48065 0.52261 0.82016 8.61740 7.99942 17.40265
0.71716 0.00000 0.02289 0.01526 0.00000 1.09482 1.63651 7.38907 5.33295 26.81732 11.88278 8.41522 6.98090 1.30844 4.92859 3.68500 3.16238 1.44577 3.91769 2.85721 1.40381 7.28607 4.59671 4.18854 4.24957 6.25229 2.01416 0.32043 2.81143 24.23477 10.62012
0.00000 0.00000 0.01526 0.88501 1.33133 1.93405 17.25769 20.91980 15.73944 16.47949 7.03430 7.82394 11.90948 5.95474 0.15259 0.53406 3.39508 4.10843 1.33896 1.79291 0.62943 0.41199 11.20758 4.85992 2.67410 25.43640 8.27026 4.45557 1.46484 5.10406 12.88223
0.00000 0.00000 0.00000 1.41907 2.97546 4.60052 10.98251 11.79123 19.93942 16.46805 6.94275 7.78198 10.49042 8.01849 11.36780 11.46317 8.87680 2.13242 2.47955 4.52805 4.92477 9.05609 4.67300 17.08603 19.94324 67.57736 13.91983 4.76837 51.57089 12.55417 13.67950
0.00000 0.00000 0.01144 1.91498 7.62177 8.71658 35.35080 29.75845 11.24573 21.34705 26.77917 11.90186 15.90729 5.90134 6.82831 150.39062 65.40298 13.83591 29.22821 27.05383 50.84229 51.54037 76.17950 16.39557 6.50787 15.05661 34.94263 158.99658 129.52423 25.83313 13.06915
0.00763 0.00763 0.02289 0.32806 6.08063 42.79327 64.41116 21.95358 7.61795 6.66809 8.38470 49.99161 8.67081 3.68500 1.30463 37.44125 50.38071 12.08496 7.03430 37.84943 40.25269 67.24930 41.49628 4.18854 26.87073 8.29315 7.64847 10.47134 57.73544 16.05606 5.35965
0.19836 0.32425 0.39673 1.83487 4.41360 25.53558 58.59375 14.85443 3.52097 0.80109 0.63324 5.92804 41.07666 61.24115 0.27084 0.57602 3.74985 47.79816 37.82654 25.06256 81.07758 47.47772 85.13260 42.23251 37.95624 13.80920 4.74930 13.07297 42.96494 26.47018 15.66315
0.43488 0.95367 1.78146 3.99399 10.99014 65.65475 92.01813 101.81808 20.65659 4.81415 0.65613 2.94876 8.88443 3.13568 0.38910 19.25659 45.66193 21.65985 1.86157 6.73294 16.45660 15.58304 2.41089 12.83264 18.86368 10.24246 2.96783 12.10785 18.04733 20.00809 22.59064
0.58746 0.86594 2.12479 4.70734 37.57095 279.13284 96.11511 76.38931 75.95444 17.96341 0.97275 1.41144 3.42178 2.45285 5.58472 2.41089 4.68445 0.29373 7.26700 3.90244 1.56021 2.28500 9.97543 34.11484 6.05011 4.06647 3.97110 5.94330 8.56018 20.62988 19.08493
1.21689 0.95367 0.30136 3.03650 23.30017 30.16281 7.06863 5.08881 1.88446 0.22888 0.55695 0.84686 2.37274 2.43378 1.38474 1.31989 0.44250 0.36621 14.43481 16.90292 4.19235 17.33398 43.50662 31.26907 3.22723 5.39017 4.33350 2.26974 12.79449 13.52692 8.92639
2.20871 2.11334 0.65613 5.83649 10.55908 0.78201 3.31879 2.38419 1.83105 1.15967 7.06863 13.65662 10.88715 2.45285 1.78909 0.88501 3.71552 1.30081 3.91006 4.73404 9.10950 13.96942 42.28973 28.47672 6.37054 2.50244 3.33405 4.46320 3.07083 14.24408 26.03531
2.22397 2.40326 8.19778 14.91165 3.89862 2.37656 1.71661 1.86920 1.47629 2.76947 10.66971 9.49860 1.58310 0.59509 0.56839 0.36240 0.00000 0.02670 0.21744 1.17493 2.44904 1.59454 9.00650 22.82715 34.46960 3.08609 4.15039 4.34875 5.79834 1.35803 0.85068
