DATA/RAW-RASTER/ECMWF/20170628/EN-36/20170706.en-36.asc
ncols			31
nrows			16
xllcorner		69.5
yllcorner		19.5
cellsize		1.0
NODATA_value	-99999
0.14114 0.03433 0.01526 0.62561 0.12589 0.02289 0.85831 2.56348 0.13733 0.02670 0.88501 1.33514 1.31607 0.98419 1.43433 9.70840 4.46701 8.15201 8.80051 7.93457 1.28555 0.87357 0.21362 0.14877 0.15640 0.11063 0.49973 1.08337 0.94223 3.00598 6.46210
0.21362 0.01526 0.23270 0.00381 0.69046 0.00381 0.06866 0.13351 0.02289 0.12207 0.85449 1.59454 1.56403 6.12259 8.99124 9.07516 7.38907 10.29968 6.88171 1.56784 0.52643 0.66376 0.30518 0.99945 2.83813 8.27408 3.39127 1.83105 5.29099 2.99454 6.51932
0.48828 0.93460 0.00381 0.00381 0.06866 1.48010 0.99564 0.07629 0.08392 0.22125 0.77820 1.01852 1.88828 3.14713 4.28772 6.10733 8.72421 5.76401 2.02942 0.62943 0.71335 1.07956 4.41742 4.99725 5.93567 6.22940 5.69534 6.18744 9.38034 9.26971 12.68005
0.02670 0.01907 0.00000 0.01526 0.32043 0.45013 3.30353 5.00107 0.21744 0.05722 0.91934 0.46539 1.97220 3.11279 5.11169 5.85556 7.42340 1.77002 5.73730 2.71606 0.79727 4.85229 13.34763 20.16830 14.70566 3.37601 11.79886 13.67188 14.11438 18.46313 15.57159
1.71661 0.00763 0.00381 0.00763 0.78201 0.02289 1.81198 0.34332 0.52643 0.32806 0.20218 0.32043 0.34714 1.04904 9.36508 6.29425 5.10406 8.06046 6.01196 4.12750 5.84793 5.48172 7.36618 6.96182 4.37164 2.31934 4.00925 7.59125 13.43536 15.55634 13.59558
2.33459 0.01144 0.03433 0.00000 0.00000 0.00763 2.71606 0.46921 1.78909 1.19019 5.40161 3.37982 3.25394 2.67029 5.90897 8.61740 9.70459 3.34930 6.82449 11.13129 7.80869 4.14276 8.83102 3.77655 7.01141 6.02341 2.08664 0.52643 6.85883 23.26202 11.01303
0.88120 0.00000 0.00381 0.01144 0.00000 0.02289 0.26321 0.12970 1.52969 3.38364 9.38797 8.26645 4.05502 10.05173 6.45447 12.82501 6.74057 8.18634 5.74875 15.84625 11.49368 6.87790 7.24792 3.17001 5.98526 16.33453 10.41412 3.73077 0.61417 1.47247 8.85773
0.64087 0.00763 0.00000 0.01144 0.00000 0.00763 0.35095 0.11444 1.66702 11.52802 3.13187 10.45609 1.91498 2.42615 5.03922 8.90350 6.73676 3.87192 2.60925 4.41742 14.01901 14.03427 3.07083 34.23691 44.47556 47.52350 2.02560 10.14328 16.46423 2.02179 2.12097
0.00000 0.00000 0.01907 0.00000 0.00000 0.00000 0.03052 0.33188 0.14496 8.69370 2.84195 11.75308 3.74985 1.07574 9.50623 14.30130 14.79340 18.65387 6.13785 36.27014 81.73752 104.48074 13.70239 32.63474 38.61237 9.31168 28.03802 50.38452 38.19275 3.59344 0.69427
0.01526 0.06866 0.28992 0.80109 0.31281 0.01526 0.17929 0.17929 0.67520 0.07248 0.14496 0.79346 21.76666 2.94113 2.15530 10.30350 8.51440 14.16016 19.47021 14.75525 14.99939 26.89743 45.26520 7.42340 30.01785 6.58035 6.53076 3.07846 17.68875 1.46484 1.41907
0.69809 1.09100 1.55640 0.74768 0.11826 0.40817 0.22125 0.66376 0.81253 0.26703 0.15259 0.26321 0.58746 0.64087 4.34875 5.01251 27.87781 6.76346 39.66522 14.03427 3.43323 16.62827 19.64569 28.30124 17.07077 13.18359 1.30844 12.10022 23.33832 5.57327 3.47900
0.47302 0.62180 1.41525 1.66321 0.42725 0.35858 1.05286 1.30844 1.54495 1.28555 0.65613 0.54169 1.48010 2.09808 15.98358 33.59985 18.71872 15.41901 16.26205 99.27750 4.58145 1.60217 2.31934 7.77817 63.62915 2.73132 3.65829 3.07083 20.03098 18.76068 6.56509
0.98419 1.20926 0.48828 0.76675 2.29645 1.77002 1.33896 0.35477 0.66757 0.88120 2.38419 0.64468 1.70135 3.60489 11.89804 9.67407 5.94711 2.72369 9.93729 29.07562 8.03757 35.18677 1.09863 5.84793 6.10733 1.36185 0.13351 6.98090 16.02936 12.46643 5.50842
1.14059 1.13297 0.43869 1.21307 1.87683 1.15585 1.71280 0.93079 0.86594 0.47302 2.44904 1.44577 1.31226 1.47247 1.58310 24.15085 54.27170 24.59717 8.92639 13.72528 21.63696 88.62305 1.13297 3.23486 7.76291 1.11008 0.10681 1.44577 10.61630 4.42505 25.97809
2.22778 1.36948 0.91553 3.91006 2.12097 1.25504 1.19400 1.36948 1.06430 0.29373 1.18637 2.01797 2.62070 1.80054 0.33569 4.11987 25.97427 15.35797 10.65826 8.99124 14.53400 6.06155 12.18414 7.74384 2.23541 0.86212 0.31662 0.18311 0.82397 4.85992 20.36667
1.57547 3.13187 4.95911 9.07516 0.72479 1.93405 1.73569 1.22070 1.53351 0.13733 0.16785 1.02615 0.62180 4.31442 1.83487 3.31497 5.78690 18.65768 15.55252 14.92310 5.58853 3.97110 6.80161 9.01794 5.39398 2.04086 4.42123 1.23978 0.53787 1.22070 5.84793
