DATA/RAW-RASTER/ECMWF/20170628/EN-36/20170705.en-36.asc
ncols			31
nrows			16
xllcorner		69.5
yllcorner		19.5
cellsize		1.0
NODATA_value	-99999
0.10681 0.47302 0.52261 0.61798 0.11826 0.01907 0.78583 0.98419 0.48065 0.14114 2.82288 5.84030 2.73514 1.25122 1.43051 1.41144 0.78964 0.29373 0.39673 1.01471 0.80109 3.89099 9.66644 8.62885 8.56400 5.41687 6.05392 2.48337 1.22833 2.67410 1.48392
1.05286 3.20816 0.43106 0.00381 0.19836 0.06104 0.09155 0.59509 1.93024 3.65067 5.59235 3.13950 2.26593 2.32315 1.12915 0.62943 1.52969 1.00708 0.46158 2.34985 3.97110 6.65665 8.58688 19.21844 19.24133 10.58578 6.17218 3.34167 0.85068 0.05722 2.31171
0.97275 0.77820 0.00000 0.93842 0.08011 2.56729 2.81906 4.02069 4.63867 2.92587 2.56348 1.12534 3.60489 1.14059 2.17819 0.32043 0.54550 0.78201 2.37274 1.97220 7.70569 4.43268 7.14874 6.83212 12.43210 6.39725 2.88773 2.14767 2.81143 0.38528 0.16785
0.05341 0.24796 0.14114 1.08337 0.39291 1.31989 1.12534 4.73022 7.64465 2.41089 2.52151 2.44522 4.31824 4.36401 1.88065 0.75150 0.65231 2.25067 4.61197 5.46265 7.92694 8.35419 11.65009 6.23703 4.16565 0.25558 15.87677 3.61252 1.05667 1.28174 0.72861
1.30463 0.09918 0.39291 1.02997 1.25885 2.14386 0.82397 8.06046 6.30951 3.79562 0.14114 0.45776 1.14059 3.16238 4.18472 5.25284 5.44739 5.57327 8.64029 12.56561 9.49478 6.31714 5.49698 1.67847 0.40054 0.67520 0.86212 8.54111 1.96838 1.06049 3.34167
13.48495 0.83160 0.00000 0.00000 0.30518 0.12970 4.56619 26.59988 14.84299 14.78195 2.16293 4.43649 0.71716 1.28937 0.69809 11.76453 22.22443 26.83258 19.42825 9.16672 3.38745 8.92639 6.24847 5.86700 4.40979 4.79889 1.44577 1.07193 6.37436 2.62451 5.68390
0.08392 0.00763 0.00381 0.00381 0.00000 0.01907 0.71716 7.95364 14.79721 12.90894 24.46747 9.19342 6.51550 3.34549 4.89044 13.07297 17.77649 14.08386 6.98471 6.16837 3.70026 8.48007 10.16998 4.98199 5.94330 39.39438 23.38409 3.00980 4.97055 1.58310 9.40704
0.00000 0.00000 0.00000 0.00000 0.00000 0.01907 0.08011 2.64740 9.58252 7.15256 11.17325 4.65393 3.28445 4.48990 11.97433 6.64520 16.33835 1.09863 5.55801 5.02014 16.26205 8.47626 6.73294 16.10184 6.84738 9.18579 139.09531 19.72580 8.96835 6.81305 12.12692
0.00381 0.00381 0.00763 0.07629 0.01144 0.00000 0.00381 0.53024 6.80923 9.83810 17.95578 17.10892 3.18527 1.30844 0.68665 4.77219 13.87787 12.44736 50.41122 71.37680 198.75717 90.30151 70.04929 15.65933 2.16293 2.36511 55.15289 52.59323 22.04132 2.72369 1.76620
0.08392 0.12970 0.49973 0.99182 1.25504 0.16022 0.00000 0.00000 0.06485 2.81143 15.63263 6.74057 23.69308 3.73840 1.80054 1.52588 9.09424 8.12531 8.44955 9.29642 11.48224 19.75250 6.05011 6.00815 9.56726 43.99872 78.43399 25.88654 12.16125 11.51657 0.63324
0.40054 0.61798 1.02997 1.96838 0.19455 0.28610 0.54932 2.16293 0.19073 0.21744 0.42725 1.64795 1.07193 1.39618 2.70462 3.64685 2.78854 9.97543 18.29910 31.42929 23.76938 47.63794 10.74219 10.85663 6.45828 8.68988 10.92911 8.42667 13.51547 4.19235 1.03378
0.35095 0.59128 1.54495 3.39890 3.58200 0.72479 0.16403 0.59891 0.44250 1.16730 1.26266 0.53024 0.23651 3.12424 3.10135 4.19617 1.25122 5.45883 17.83752 34.19495 10.41031 22.44568 0.64850 10.20813 10.15091 8.95691 0.99182 3.05176 89.96964 10.09750 1.25122
0.31662 0.81253 9.14764 21.64841 42.28592 5.08499 1.45721 1.40762 0.38528 0.74005 1.91116 2.04849 1.26648 1.49918 1.31989 0.28992 3.75366 5.28336 15.33508 31.76498 46.21506 10.63919 1.35803 9.63593 4.73785 2.57111 0.89264 2.78854 7.29752 34.23691 32.91321
1.30463 1.58691 1.60217 1.75858 4.23050 2.46811 1.72806 2.58255 2.82669 0.46539 1.48010 0.41580 0.45013 0.60272 0.78583 5.63812 7.82013 2.30408 7.46155 35.97641 68.43185 32.17697 2.01797 7.25937 2.14005 4.05502 0.49973 1.35803 18.59665 9.51767 6.19507
2.79999 2.12479 1.63651 3.55148 3.37601 3.74222 1.44196 1.60599 1.15967 0.94223 0.38910 1.02615 0.18311 0.52261 2.36511 5.05066 2.67029 2.02942 6.90842 18.03207 30.84564 39.73389 18.82935 5.16510 7.59506 1.14059 0.51498 2.57492 1.45340 11.78741 1.52969
3.52478 2.53296 2.86865 9.43375 1.63651 3.07083 3.82996 1.17493 0.62943 0.32806 0.67520 0.98419 0.39673 1.00708 1.38092 0.71335 0.25940 4.90952 4.94766 7.40433 13.86261 7.62939 14.66751 15.25497 39.40201 7.21359 1.15585 2.27737 0.53406 18.94760 7.39670
