DATA/RAW-RASTER/ECMWF/20170628/EN-36/20170704.en-36.asc
ncols			31
nrows			16
xllcorner		69.5
yllcorner		19.5
cellsize		1.0
NODATA_value	-99999
0.79727 0.48065 1.60980 0.63705 0.72861 0.00000 0.67902 1.25885 1.56403 3.49426 2.02560 3.69263 5.84793 2.86102 3.20816 6.52695 11.38687 5.11169 6.10352 5.36346 6.03104 0.65994 0.51498 0.26703 0.24033 0.75150 0.26321 0.13733 0.62561 1.08719 0.65613
4.36020 0.41580 0.03433 0.54550 2.30408 0.73242 0.28992 0.55695 2.25067 2.72751 7.92313 3.49426 3.48663 5.97382 5.16891 3.39127 4.52423 9.70459 12.61520 5.92804 1.92642 0.37766 0.09537 0.43106 0.55695 0.66757 0.39673 0.76675 0.93079 1.33514 1.05286
11.29532 8.51440 4.69971 1.68991 0.10300 6.54984 1.93024 9.61304 6.93130 3.73077 4.35638 5.65720 1.29318 2.30026 1.28937 2.14386 1.24359 4.34494 7.52640 3.36075 6.17981 3.61633 3.29208 4.30679 1.72806 0.14496 0.57220 0.54932 1.70517 4.26102 10.18906
15.49530 15.13672 12.70676 11.20377 0.98419 5.71060 3.07083 14.51492 10.26154 1.85394 3.89862 1.28555 0.43869 0.84686 1.01089 1.57547 0.31662 2.98691 8.19397 7.51877 6.86264 6.92368 4.92477 6.62994 5.45120 0.86212 3.19290 2.28500 2.75803 3.77274 9.75037
7.50351 3.67355 1.44196 6.52695 5.17273 5.18036 7.97653 10.56671 7.37381 6.06155 0.49210 0.93460 1.06049 0.48447 0.77057 0.56839 2.10190 4.02832 5.96619 7.75909 10.60104 7.92694 7.28607 1.35422 1.68991 4.38309 9.75800 14.20975 12.36725 9.37271 8.67844
5.53131 0.12970 0.00000 0.82016 1.10245 4.71115 1.73950 21.67511 13.66425 20.38956 9.22775 9.38416 3.56674 0.20218 1.20163 2.41089 9.81903 6.19888 13.87787 21.17538 14.12582 12.84027 5.32150 3.28445 3.07846 7.35474 0.89645 5.86700 22.63260 12.58850 12.42828
0.00000 0.00000 0.00000 0.00000 0.13733 1.29700 9.89151 33.95462 108.08945 16.43753 16.74652 63.33160 6.72531 4.29535 0.24414 1.89209 2.60162 8.22830 10.29968 8.65936 5.15747 6.09207 8.43430 3.35312 8.03375 16.11710 19.40918 5.78690 4.13895 20.95413 14.82010
0.00000 0.00000 0.00000 0.00000 0.00763 1.54877 19.04678 50.30441 25.64240 14.31274 3.87192 75.49286 5.92041 7.13348 4.07028 2.47574 5.58853 6.40106 0.85449 7.80106 8.86154 19.69147 5.13077 24.99390 42.86194 23.02170 88.03558 20.01572 23.84949 5.19943 12.04681
0.09155 0.01907 0.00000 0.04196 0.01907 0.00381 1.87683 25.05112 26.41296 17.92145 14.68658 3.69263 5.82504 6.62231 2.95258 13.66425 4.74167 6.03104 10.08606 48.42377 77.35062 59.33762 43.47229 24.77646 4.36401 3.09753 33.07343 42.94586 57.80792 5.08881 16.10184
0.27084 0.14114 0.28229 0.59509 0.25940 0.01144 0.01907 2.30026 1.57547 14.45770 2.41089 16.45279 3.39127 1.68610 1.32370 2.51770 1.65939 6.96564 14.92310 28.89252 30.39169 12.31766 64.94522 16.98303 3.09372 14.70184 106.27365 57.57523 36.70120 11.16180 2.64359
0.16403 0.33188 0.57602 0.45395 0.01526 0.17166 0.09918 1.12152 0.61035 0.27466 1.17111 7.82013 0.85068 1.21689 1.62888 3.07083 1.19400 9.19342 35.59494 34.60312 51.83411 24.04022 26.57318 6.70242 10.99014 15.14053 19.55795 36.35406 11.21902 8.22449 12.17270
0.07248 0.32806 2.05612 3.23486 1.26266 0.86212 0.17929 0.44250 0.57983 0.21744 1.51825 1.03378 1.33133 1.81961 0.48828 2.33841 6.85120 13.70239 15.28168 20.68329 28.99170 9.80759 0.46158 2.67410 22.91870 11.90948 15.99884 10.36453 10.15854 7.18307 6.57654
0.69046 0.46158 0.16785 0.62561 1.85394 1.70898 0.46539 0.16403 0.18311 0.16022 1.12152 1.94168 0.77820 1.76620 1.79672 1.76620 1.39999 9.48334 26.75247 40.37476 52.45590 17.57431 3.65067 4.19617 8.78906 4.76456 1.89590 1.44958 5.24139 1.96838 2.54822
2.49481 1.45340 0.05722 0.86594 1.76239 1.39999 1.78528 1.67465 2.19727 0.39673 0.38147 0.23270 0.76675 0.84686 1.15585 0.88501 0.36240 1.70898 1.02997 12.47025 8.99506 24.96719 3.64685 6.51169 9.30405 0.46158 0.65613 1.82343 8.86917 6.62994 8.90350
4.29535 2.86865 2.39182 4.34875 2.28882 0.40817 0.46539 0.67139 0.65994 0.36240 0.61417 0.73242 0.69046 0.60654 0.67520 0.20599 0.00381 0.00763 0.73624 6.42776 15.25116 13.80539 26.40152 9.65118 0.22507 0.08011 2.29645 0.32425 0.99945 11.00159 12.51984
2.38419 3.11661 3.42560 5.52368 0.58746 0.86594 0.72861 0.86975 0.72479 0.36240 0.96512 1.23215 0.19073 0.14496 0.52261 0.23651 0.45013 0.13733 0.00763 2.31552 19.28711 18.56995 18.00537 18.69965 12.80975 0.61798 3.84903 0.94223 0.83160 0.61798 12.03537
