DATA/RAW-RASTER/ECMWF/20170628/EN-36/20170630.en-36.asc
ncols			31
nrows			16
xllcorner		69.5
yllcorner		19.5
cellsize		1.0
NODATA_value	-99999
3.44658 1.06049 2.27547 1.51825 1.38474 3.85857 3.74985 3.20625 6.60706 5.13840 4.97627 9.22775 8.92448 5.24330 7.92503 5.59616 9.52721 14.00566 13.08250 18.07785 11.60812 8.49724 11.37924 10.30922 6.09016 8.39233 10.76889 5.00679 2.71606 2.47002 1.00136
0.20790 1.26839 0.82779 2.14958 7.14302 8.11005 7.15637 11.58142 11.67297 7.83157 4.44984 6.37245 14.04190 7.43103 11.42883 3.79944 7.81059 0.35667 1.23215 1.10245 0.99945 0.15831 1.22452 1.77002 1.71852 1.91498 5.80215 5.41687 4.68063 1.22070 0.43869
0.18501 2.87247 0.41389 0.71526 6.94847 17.53616 20.64705 17.28439 3.82996 3.30925 1.84059 2.05994 0.84305 1.22833 0.97466 0.66185 0.03433 0.05341 0.40817 0.53024 1.21307 0.94032 0.55504 2.34222 1.28746 1.66130 1.74713 2.90108 6.75011 2.98500 1.02043
1.79863 0.10681 0.01144 0.00381 1.86920 10.57053 15.21492 20.95604 18.45932 1.30463 4.00543 1.77765 0.45776 1.48964 0.57602 0.04959 1.07574 1.90353 1.28365 0.24605 0.44632 0.34714 0.90981 0.95940 1.37520 0.66376 7.80296 5.60570 8.32748 7.85446 4.28009
0.65804 0.61607 0.00000 0.05722 1.15013 5.61333 27.34756 19.80019 11.38306 5.78690 0.79346 0.19646 0.05150 0.16785 0.82588 0.27466 1.34277 1.06812 1.48201 0.37003 2.14577 3.41034 6.56319 0.97275 0.42725 1.81580 4.82178 7.68471 13.78441 13.99994 5.31769
2.42424 0.32806 0.08774 0.10300 0.83733 5.49698 21.96121 36.89384 31.13365 21.11626 3.54958 0.48065 0.57983 0.47493 0.60844 3.44658 5.89752 9.67026 3.34358 13.16071 2.59018 7.63130 3.42560 5.82314 2.72369 20.84160 16.26205 7.40242 12.90894 17.79175 17.18712
0.24986 1.18065 0.76675 0.96703 1.84631 8.98743 20.89500 13.78059 68.42613 10.91003 6.49071 6.15311 13.25417 5.48935 1.55830 1.17683 1.72997 7.20787 12.38823 3.19481 3.05557 7.94029 9.40514 2.14767 21.42143 130.92232 28.16772 10.29587 3.46184 12.36343 22.30644
0.20027 0.71144 0.63705 1.94740 8.31795 20.45631 45.10307 15.11192 11.27243 25.93994 11.26671 6.35719 3.04222 11.65962 47.65701 17.77267 6.29997 3.16429 8.38661 6.92940 13.54408 26.18790 9.99832 26.17073 70.72639 11.68823 16.81900 22.56584 86.88736 26.19362 8.72803
0.09537 0.54359 3.17192 14.02092 20.72144 19.14978 12.39586 11.50703 15.78522 4.49944 6.38199 9.02748 35.51483 15.00320 58.79402 4.89998 3.41225 46.75293 88.28163 35.78568 80.94788 19.26613 9.20296 9.50050 22.41707 6.21796 10.83946 57.42455 44.96384 18.75305 10.37979
0.19073 0.81062 11.40022 18.77785 19.29092 4.91714 10.15282 8.22830 8.22830 12.79259 17.15851 16.88766 21.31653 11.31821 6.31142 5.05829 3.78418 5.25284 5.64194 2.09618 10.88333 8.25119 11.15036 5.27763 10.09178 4.56047 13.99994 9.99641 7.31659 2.86674 4.32396
13.41629 19.00864 41.50391 31.61240 24.77837 9.15337 4.33159 5.88226 4.17137 6.17218 17.89474 6.49261 17.86613 8.68034 16.04462 10.66399 9.36317 4.45747 3.65448 3.05176 13.94081 5.45120 3.51715 4.35829 6.39343 30.39932 3.83759 13.36670 10.10513 6.27708 1.27220
19.39964 41.46004 30.95627 54.29459 52.22702 77.93808 8.33130 3.50761 4.89616 8.46100 14.59503 22.23396 15.30457 30.09796 12.34627 7.42149 11.63292 13.88550 10.62775 12.96616 1.90353 4.20570 28.85818 11.36780 15.65552 9.71031 6.64520 7.71713 32.65762 7.01714 5.36728
32.59850 16.20483 16.87431 35.48431 39.26468 10.57625 3.66783 2.47192 10.84709 5.42641 11.96289 19.94133 32.05490 56.55670 31.65817 8.85582 8.81767 15.45715 16.58249 13.99422 3.69263 9.04846 44.19136 22.55440 11.46698 4.01115 1.37138 5.02014 12.19749 4.72260 1.42670
13.36098 8.88443 3.99971 13.03673 13.02147 3.21007 3.69644 1.55640 2.74467 5.66292 12.43591 48.44666 49.82376 60.87303 14.33372 19.65714 18.85796 5.76782 5.64766 11.29341 5.69534 12.00294 13.90839 43.15948 39.60609 1.10245 0.71335 5.26237 21.87157 4.57191 9.03511
20.39719 3.76511 6.70242 14.04953 3.69072 2.22778 0.72861 2.09236 0.76294 1.05667 6.99997 6.33812 6.26373 5.79643 9.21631 11.07216 4.23050 1.84631 10.13947 12.02774 10.70786 10.40077 33.20885 77.17514 28.01323 1.54877 2.37083 2.18391 12.85934 12.57896 2.52533
6.85883 6.47354 7.60078 16.40701 1.58501 1.73950 0.78201 1.71471 0.91553 1.53160 6.48880 10.71739 18.76068 26.34239 9.62639 17.06314 14.13155 38.17558 28.86581 14.35471 15.93399 14.90784 15.84053 31.35681 34.52301 9.87625 10.03838 21.74759 4.96292 3.41225 11.17706
