DATA/RAW-RASTER/ECMWF/20170628/EN-36/20170707.en-36.asc
ncols			31
nrows			16
xllcorner		69.5
yllcorner		19.5
cellsize		1.0
NODATA_value	-99999
0.17548 0.05341 0.18311 0.06104 2.24304 0.62561 0.97656 3.38745 0.81635 0.14496 2.76184 2.61688 4.11224 3.73077 0.79346 0.31281 0.67902 0.17548 0.50354 1.16730 4.82178 11.24573 8.01086 1.67084 1.03760 1.04523 1.49536 1.00708 0.70953 1.73187 3.86810
0.00000 0.00000 0.00000 0.00000 0.42725 0.00000 0.04578 0.14496 0.18311 0.02289 0.80109 1.55640 2.53296 5.69153 3.41797 0.55695 0.38910 0.08392 1.10626 4.13513 5.60760 6.27899 5.03540 4.62341 1.48773 0.45013 0.31281 0.41199 3.81470 5.15747 7.53784
0.01526 0.00763 0.00000 0.00000 0.00763 1.29700 0.95367 0.32043 0.06104 0.00000 0.05341 1.99890 4.61578 5.61523 4.55475 1.12915 1.28174 0.35858 1.26648 2.51007 1.46484 0.93842 0.96130 0.80872 3.57056 2.77710 2.89154 3.72314 6.63757 2.50244 1.05286
0.00000 0.00000 0.00000 0.00000 0.00000 0.19836 0.57220 9.76562 0.10681 0.01526 0.01526 0.08392 0.48065 8.91113 4.53186 4.37164 6.54602 6.65283 12.01630 14.23645 3.06702 7.34711 8.24738 6.91223 4.54712 4.41742 10.91766 9.19342 7.24792 3.06702 0.61035
0.06104 0.00000 0.00000 0.00000 0.00000 0.00000 0.61798 0.79346 2.83813 1.93787 0.01526 0.47302 2.16675 11.61957 11.31439 12.00867 20.50781 19.27185 10.92529 12.92419 10.84900 11.80267 10.81085 3.02887 2.73895 2.10571 1.22070 8.84247 3.51715 1.83105 8.30078
0.03815 0.00000 0.00000 0.00000 0.00000 0.00000 0.00000 0.21362 2.30408 7.38525 35.97260 6.79779 15.64789 3.29590 27.50397 16.78467 12.29095 11.03210 9.32312 2.22015 2.57874 6.56891 3.60107 4.55475 8.46863 5.02777 1.03760 0.65613 9.37653 16.22772 12.10022
0.00000 0.00000 0.00000 0.00000 0.00000 0.00763 0.12970 0.07629 0.16785 2.38800 16.58630 22.45331 66.00189 20.89691 5.62286 2.43378 9.81903 9.68933 11.11603 14.51874 10.87189 8.57544 6.83594 8.11768 8.47626 16.08276 13.20648 4.51660 1.07574 12.83264 12.09259
0.00000 0.00000 0.00000 0.00000 0.00000 0.08392 0.18311 0.00000 0.09155 1.13678 12.96997 32.18079 26.74866 26.77917 109.03931 11.57379 28.54919 7.03430 15.76233 43.15948 13.44299 16.38794 2.10571 24.71924 17.28058 42.38892 32.45544 15.01465 24.23859 4.54712 6.43158
0.00000 0.00000 0.00000 0.00000 0.00000 0.02289 0.17548 0.07629 0.06866 0.72479 46.78345 28.36609 2.41089 13.85498 20.88928 29.90723 36.31592 30.99060 93.57452 105.73578 82.16095 77.85034 47.04285 38.27667 17.04407 5.02014 9.25446 76.60675 102.73743 25.72632 7.91168
0.03052 0.05341 0.11444 0.21362 0.32806 0.02289 0.00000 0.00000 0.11444 3.45612 20.53833 91.03394 112.37335 1.93787 8.94165 9.75800 15.89203 20.27893 16.26587 46.11206 6.90460 14.73999 84.41162 2.34985 2.53296 21.33179 38.34534 2.59399 31.14319 14.35852 16.17432
0.48065 1.15204 1.07574 0.50354 0.00763 0.45776 0.83160 0.64850 0.14496 0.37384 0.99945 16.15906 2.60925 2.23541 1.22070 10.48279 75.50049 2.88391 20.89691 14.10675 5.72968 7.72858 27.22168 12.94708 31.05164 53.27606 5.34058 5.64575 26.06201 9.65881 4.45557
0.48828 0.61035 1.55640 3.19672 1.15967 0.93842 1.20544 1.67847 0.25940 0.22125 0.29755 0.54932 0.36621 0.77820 0.10681 4.04358 5.63812 33.07343 22.97211 6.46973 1.34277 1.10626 1.12915 5.26428 21.55304 3.08228 2.41852 2.83051 6.14929 21.62170 5.12695
0.80109 1.66321 0.51880 1.49536 3.50189 4.82941 4.22668 16.71600 2.21252 0.06104 0.02289 0.03052 0.02289 0.01526 0.29755 3.12805 48.10333 10.42175 12.52747 4.15039 1.09863 3.29590 1.96075 5.92804 4.40216 2.44141 0.62561 3.09753 2.50244 3.51715 2.36511
2.10571 2.22778 0.82397 0.50354 1.14441 0.42725 1.88446 4.05884 1.63269 0.51117 0.17548 0.06104 0.48065 0.04578 0.22888 0.98419 1.99127 12.42828 3.40271 8.94165 3.25775 4.21143 0.86975 0.80109 5.76782 0.25940 0.16785 1.09100 6.23322 3.64685 11.55853
1.47247 2.61688 2.31934 5.12695 3.28064 1.77765 0.66376 0.46539 0.73242 0.95367 1.29700 2.39563 0.47302 0.40436 0.28229 0.20599 0.39673 2.05994 12.95471 9.49097 4.08173 2.34985 9.87244 3.19672 0.47302 0.22888 0.36621 0.46539 1.52588 2.54059 11.64246
0.99945 2.90680 6.37054 11.29150 1.79291 2.34985 0.95367 2.12097 2.72369 2.68555 2.00653 1.74713 1.88446 3.31116 5.63812 1.25885 2.78473 4.61578 31.47888 3.39508 4.28772 2.58636 4.04358 8.05664 1.48773 0.44250 1.41907 1.46484 1.62506 0.19836 1.44196
