DATA/RAW-RASTER/ECMWF/20170628/EN-36/20170628.en-36.asc
ncols			31
nrows			16
xllcorner		69.5
yllcorner		19.5
cellsize		1.0
NODATA_value	-99999
3.41606 14.43863 13.99612 9.03702 11.04164 4.24576 3.53050 10.16235 2.28882 0.18311 0.54550 5.71632 5.91087 9.74464 4.42505 7.90215 3.73077 1.15967 5.55611 9.64165 9.86290 2.55585 1.40953 0.77629 1.49918 0.93079 0.34714 1.00327 4.33540 1.70135 4.69208
10.65254 13.30566 31.32439 12.42065 7.69234 0.81825 3.33405 5.76401 5.47791 1.26076 1.34659 2.99454 5.05257 6.00433 8.33321 11.49559 2.60162 1.15776 7.47299 7.40242 15.58495 18.93044 3.28827 1.76620 1.33514 0.72670 0.30518 0.60463 0.52452 1.01089 1.49155
13.74626 23.39172 13.36098 9.26590 12.51221 3.68118 8.47626 9.95064 5.80597 4.26483 2.50053 0.73624 1.13678 3.00789 4.24767 6.22749 6.87599 6.04248 6.47926 6.93893 10.19096 15.70129 3.12042 2.55775 0.85258 2.30789 0.18311 0.25177 0.45395 0.34904 2.75230
22.87674 26.78108 23.71597 5.89943 4.85992 9.34219 16.33263 26.80397 11.67297 0.87166 0.86594 1.37329 0.71716 8.79478 5.43785 4.76265 9.34410 5.70488 10.44273 6.06155 9.13429 13.57841 6.27899 1.36757 0.18692 0.00000 1.01662 0.13161 0.29182 0.87929 1.57356
12.93564 42.01889 32.66907 9.14955 11.03210 7.73811 24.14703 8.10814 14.87923 4.17900 0.22888 1.36757 2.16675 1.06812 3.12233 10.94246 7.85828 7.43675 7.21169 9.13048 6.36101 4.17709 2.56729 0.45967 0.00000 1.32370 1.22452 0.77438 0.93842 1.07193 11.37161
34.34753 19.73724 13.61084 21.93642 14.50348 8.79288 28.42140 24.85466 10.33211 11.78360 22.21489 2.66266 3.10898 0.44632 3.01552 5.05447 4.78554 4.93050 3.99971 4.22287 4.73022 3.63159 5.51796 2.84004 1.24741 3.74985 0.00000 0.88120 1.56212 15.39421 9.06754
21.58165 41.09001 26.76201 20.37048 13.75389 44.87419 24.60098 19.92035 13.03864 11.13510 4.70161 11.13319 12.33482 6.04439 3.17955 7.26128 3.62968 3.58200 2.14386 3.93677 4.35638 0.66757 2.02751 1.30653 3.91579 5.34248 4.69208 1.00708 0.90218 2.36511 3.07655
14.66942 54.49104 35.11429 12.14409 13.52692 28.54729 13.39340 20.92171 14.03046 8.39806 11.15608 12.21848 2.96402 7.28226 30.90668 7.66945 5.41115 1.06621 4.98581 1.80626 1.22261 8.11958 2.74277 6.37436 6.63376 4.24576 5.46837 3.22723 10.31494 4.48227 3.55148
14.89258 11.08551 11.39832 13.71956 7.38335 9.85527 11.67107 32.28378 94.02084 19.29474 13.50021 10.50949 8.36754 4.32777 0.33951 2.57492 2.35558 5.15556 9.78661 12.51602 6.08444 10.39314 9.54247 8.52203 16.40129 5.76591 4.37164 6.37817 22.46857 6.98471 2.77328
43.82896 4.19235 3.95393 8.03947 1.90163 4.75121 3.90434 17.67349 27.56119 54.31557 31.77643 16.17813 9.57870 0.88501 0.55504 1.33705 0.95367 0.86975 1.90353 7.02286 18.45741 8.91876 15.22255 13.83781 17.28630 16.98494 17.52472 16.42036 11.90948 1.08719 7.61604
7.49207 4.17519 2.46239 3.23868 2.55775 2.95067 5.27573 5.03540 29.07181 33.18405 16.44325 31.98051 13.62038 5.30434 0.91934 0.69237 1.42097 2.38228 2.56157 1.36948 9.26018 9.70840 15.84435 5.03159 8.32748 14.81438 16.07704 15.06615 6.27136 4.14085 2.78091
1.90735 2.43378 2.72751 3.33405 2.01607 1.26839 5.44739 1.99509 2.38991 58.42209 16.83617 15.87486 10.78033 15.81192 1.13678 0.79727 2.41661 3.54195 3.00980 1.60027 1.23596 1.16348 5.88417 17.43126 8.72231 22.51434 9.93347 40.31181 3.34358 11.26862 10.77843
18.97240 5.83649 9.65881 2.48718 5.55038 1.29700 1.72424 1.34277 3.20625 6.56128 14.26125 19.67239 15.25116 9.16672 8.41904 9.54819 6.76346 11.22475 12.10403 6.89125 5.45883 7.02095 7.35664 7.05910 5.19943 8.90732 3.80516 12.20512 12.29286 9.98497 17.20428
12.35771 7.93266 1.93214 3.29399 8.25882 4.93431 1.40762 0.48065 7.03239 9.64165 14.96887 42.33742 24.36066 14.90974 8.90732 18.53752 4.51851 6.15692 9.35936 19.77348 7.40051 2.55394 6.38962 5.81932 2.25258 0.99945 0.00000 12.55989 23.76747 7.99942 17.95197
16.23535 12.94899 15.20157 12.55417 1.40762 5.61333 3.75366 1.99890 0.79155 2.62833 10.39505 3.90816 17.53235 19.88029 24.97101 27.89879 9.82857 12.40730 11.70921 8.63838 5.03922 2.55585 12.25281 5.32913 3.25203 0.50354 0.19646 1.68991 18.80455 21.61217 25.17128
18.36205 38.05351 46.24176 35.10666 2.78091 3.83377 5.54657 7.56073 2.42996 1.59454 7.09152 6.80351 2.57301 3.48282 4.94003 7.69806 55.79948 24.22714 28.45573 14.12582 4.17900 4.42886 10.97298 20.73479 79.31137 1.77383 2.52533 3.19290 6.17027 11.28960 5.55801
