DATA/RAW-RASTER/ECMWF/20170628/EN-36/20170708.en-36.asc
ncols			31
nrows			16
xllcorner		69.5
yllcorner		19.5
cellsize		1.0
NODATA_value	-99999
0.00000 0.00000 0.13733 0.95367 1.25885 1.60217 0.26703 1.88446 0.78583 0.83160 2.88391 5.54657 7.47681 6.91223 14.72473 15.64026 2.25067 1.22070 0.16785 0.11444 0.74768 0.86212 0.48828 0.76294 1.25885 0.83923 0.83160 0.79346 0.89264 0.98419 4.48608
0.83160 0.00000 3.76129 0.40436 2.28119 0.67139 0.00000 1.91498 2.83813 0.94604 3.08990 4.64630 1.77765 3.68500 5.29480 10.02502 6.07300 1.98364 3.60107 3.07465 2.26593 0.82397 0.67139 1.09863 2.89154 2.16675 1.04523 0.49591 3.41034 1.44958 4.39453
0.00000 0.00000 0.33569 6.30188 3.24249 0.84686 2.63214 0.51880 1.28937 0.23651 0.28229 0.90027 0.90790 3.27301 4.47845 6.43158 3.79944 2.59399 8.91876 31.22711 9.88770 3.64685 1.82343 5.55420 10.59723 8.05664 4.52423 4.37164 4.14276 3.28064 6.48499
0.00000 0.00000 0.00000 3.72314 4.64630 4.69971 3.45612 3.82996 0.36621 0.15259 1.58691 1.58691 2.64740 2.54059 6.13403 6.88171 10.39124 6.71387 12.74109 16.88385 12.26044 12.73346 7.65991 7.36237 12.92419 10.33020 32.21893 23.37646 18.06641 18.10455 3.26538
0.00000 0.00000 0.00763 1.02234 1.01471 2.27356 5.89752 4.02069 9.36890 6.82831 0.03815 1.76239 6.05011 5.49316 5.06592 11.29913 14.54163 9.21631 12.35962 11.08551 11.00159 28.05328 25.21515 28.19061 25.90179 19.33289 12.26044 20.91980 31.35681 31.70776 30.74646
0.26703 0.00000 0.00000 0.03052 0.03052 0.43488 1.72424 3.01361 3.14331 88.33313 55.16815 12.62665 8.91876 4.40979 8.36945 6.08063 4.02832 6.58417 11.14655 5.05066 4.84467 6.66046 9.04083 11.22284 15.21301 21.94977 5.14984 1.47247 5.50079 20.68329 17.30347
0.00000 0.00000 0.00000 0.00000 0.00000 0.00000 0.76294 1.96075 2.42615 2.22778 57.16705 35.06470 18.30292 9.19342 0.83160 2.15149 3.42560 3.47137 2.63214 4.57764 4.57001 2.54059 12.26807 9.78088 12.01630 34.92737 22.49146 7.14111 1.51825 0.57220 1.79291
0.00000 0.00000 0.00000 0.00000 0.00000 0.00000 0.12207 0.29755 4.11224 7.51495 16.62445 15.30457 8.43811 24.70398 64.36920 21.41571 10.01740 1.65558 2.95258 7.26318 12.80975 18.57758 7.66754 21.46149 11.50513 60.92834 114.62402 24.49036 25.87128 6.38580 5.04303
0.00000 0.01526 0.00000 0.00000 0.00000 0.00000 0.60272 0.48065 1.35803 9.03320 17.40265 7.11060 49.52240 6.07300 12.59613 14.40430 16.47949 26.62659 54.62646 185.85205 65.36865 39.87122 13.77869 15.28168 16.52527 32.76062 19.32526 25.76447 71.48743 10.58960 0.49591
0.02289 0.01526 1.46484 0.47302 0.28229 0.00000 0.00000 1.44958 1.29700 11.17706 24.90997 7.50732 62.97302 3.31879 5.46265 1.29700 4.88281 5.96619 5.21851 1.93787 3.37982 1.40381 5.55420 3.29590 6.01196 6.88934 59.49402 44.34967 26.06964 9.75800 2.25830
0.85449 1.31989 1.29700 1.06812 0.06104 0.16785 0.42725 3.67737 7.21741 0.02289 0.92316 26.76392 50.79651 7.77435 0.83160 0.12207 0.44250 1.90735 1.77002 3.21960 3.89862 5.24902 8.71277 11.39069 2.14386 62.92725 7.51495 14.67896 13.87787 3.70026 3.04413
0.86212 0.82397 3.18146 4.73022 2.21252 1.23596 0.15259 0.41962 0.41962 3.55530 26.63422 14.12964 9.48334 2.22015 0.55695 0.70190 2.69318 5.28717 4.76837 5.37109 4.21906 3.04413 1.83105 2.58636 14.31274 10.00214 4.81415 6.56891 8.84247 3.96729 7.66754
1.32751 1.24359 0.35095 1.24359 2.15149 6.91223 7.28607 6.94275 14.07623 11.97052 15.71655 20.98846 4.01306 6.17981 0.33569 0.73242 6.71387 8.01086 4.62341 4.48608 7.68280 5.18036 0.85449 3.33405 13.45062 2.01416 1.88446 0.98419 1.72424 2.05994 0.86975
1.48773 2.18964 0.30518 1.93787 1.99127 0.94604 0.59509 4.59290 3.24249 2.91443 16.27350 9.54437 0.64087 1.25885 0.16022 1.25122 0.86975 15.41901 9.83429 3.89862 1.48010 8.46100 0.52643 4.05884 1.98364 0.90790 1.15967 1.02234 2.14386 7.40814 10.29968
1.28174 2.24304 1.63269 2.99072 3.53241 1.36566 0.66376 1.16730 3.59344 2.62451 2.51007 2.43378 2.52533 0.54932 2.01416 0.48828 0.28992 7.70569 7.82776 5.86700 3.62396 4.98962 13.48877 10.10132 1.46484 1.06049 4.99725 1.15204 3.92914 3.86047 5.88226
0.87738 1.25885 2.18201 6.55365 1.00708 1.19019 0.24414 1.69373 1.55640 2.65503 12.51984 8.56781 6.80542 1.37329 1.56403 3.28064 3.47137 9.45282 5.05829 8.30078 6.63757 5.70679 9.16290 10.78033 16.49475 8.88062 8.42285 0.70953 2.82288 4.04358 5.56183
