DATA/RAW-RASTER/ECMWF/20170628/EN-36/20170703.en-36.asc
ncols			31
nrows			16
xllcorner		69.5
yllcorner		19.5
cellsize		1.0
NODATA_value	-99999
0.00763 0.03052 0.04578 0.90790 0.33188 0.01144 1.31989 0.37003 0.13733 0.01526 1.28555 5.39398 12.11548 12.59232 6.49261 7.04956 0.86594 0.98419 0.96130 3.41415 8.03375 4.95148 2.69318 2.29263 0.66757 0.10300 1.11008 3.52859 3.31879 3.94440 1.43433
0.68283 0.32043 0.02289 0.02670 0.15259 0.07629 0.09918 0.78583 0.28229 1.62506 5.81360 12.88605 17.50946 6.72913 4.66156 4.95148 0.62180 0.27084 0.30136 1.89590 2.25067 3.17001 1.75095 0.43106 2.14767 3.99399 10.13947 16.90292 19.18030 12.66098 13.56125
0.64468 2.51007 0.00000 0.32806 0.82779 7.79343 6.24847 0.82397 3.38364 8.47626 18.22662 11.22284 8.43811 9.63974 2.55585 4.36783 2.60162 0.55313 0.62943 0.79346 5.82504 6.12259 11.03210 8.15964 3.03268 5.45120 13.24463 15.69366 10.87189 23.54050 17.37976
4.53186 4.50516 0.22888 1.43051 1.41525 2.84576 6.48880 29.20914 6.73676 4.40979 10.54001 7.70950 5.73730 17.06696 5.64194 4.99725 2.04468 2.62070 2.77328 9.95255 7.57217 9.25827 9.90295 10.28824 10.41794 6.61850 12.63428 15.91873 8.93784 10.57816 12.73727
2.40326 0.00000 0.50354 0.75912 0.71716 2.41852 17.22336 44.44122 35.38132 14.69040 2.81525 2.57492 4.97437 7.79724 9.15909 8.54874 4.13895 5.43594 11.30295 9.02939 12.84790 9.64355 9.03702 7.11060 10.54764 4.74548 2.25449 6.16455 6.77490 2.62833 8.82339
3.06320 0.03433 0.05341 1.83868 0.88882 1.97601 15.90347 25.32959 16.84570 58.50983 34.98077 12.11548 8.64029 4.82178 5.39398 11.36017 6.45065 4.68445 8.60214 8.52585 15.15961 7.54166 7.65991 11.56235 3.10898 7.89261 3.39890 3.58963 1.17493 5.21469 6.85883
0.00000 0.00000 0.00000 0.01526 19.65332 8.13293 20.01572 35.99930 50.68207 122.95914 20.06149 54.61121 12.70676 7.05338 0.49973 1.57547 4.19998 2.99454 1.89209 5.89371 5.74112 10.02502 2.83813 0.62561 4.34494 26.42822 12.40921 11.46317 3.92914 4.42505 5.13840
0.00000 0.00000 0.00000 0.00000 7.48444 21.56067 45.51697 63.08746 57.12128 8.81958 1.95694 4.56619 4.52423 3.46756 10.24246 20.01953 10.73837 0.46539 0.56458 1.50681 4.13513 13.58414 10.15091 16.11328 36.98730 34.07669 130.12314 42.91534 26.10397 18.58139 7.92313
0.00000 0.00763 0.01526 0.00763 1.48010 11.03210 29.25873 33.49304 92.53311 0.62943 16.79993 5.82123 1.89590 2.87628 6.45065 59.50928 45.98618 76.38550 40.04288 35.81238 29.20914 108.84094 91.75873 45.23468 9.80377 4.08936 18.83698 72.60513 60.64987 12.85934 8.72803
0.08392 0.14496 0.38910 0.61798 0.87738 7.77054 20.89691 26.85547 89.61868 13.01956 14.59122 8.93021 1.25885 0.41962 1.03378 6.84357 16.91437 5.39398 6.71005 20.94650 22.16721 10.76889 62.27112 26.24512 7.47299 2.97546 97.25189 38.94424 66.16592 22.83859 2.75040
0.17548 0.89645 1.02234 0.86212 0.39291 6.60324 21.02661 26.26038 8.07953 29.45709 6.74438 0.90408 0.15259 0.45013 4.39072 0.75150 1.91116 10.30731 1.12152 1.06812 13.23318 19.99664 31.82220 14.08005 3.41034 4.18091 18.16177 27.53830 74.06998 18.82172 8.92258
0.53787 0.50354 1.43433 3.53241 2.32315 5.22614 4.92477 76.61819 52.83737 24.47891 3.63922 1.29318 0.61798 0.98801 4.47845 2.25067 3.95966 1.18637 1.38474 0.73242 4.68063 27.00806 2.73895 3.97491 3.02505 12.87460 12.99286 24.15466 22.41135 20.33997 18.89038
0.61035 1.01471 0.24796 1.16730 2.10571 1.35040 0.66376 5.99670 13.00812 9.57870 3.45230 1.71280 1.39999 3.81088 2.45667 0.78201 1.25122 1.04904 10.13947 11.07788 9.23920 38.66959 5.29099 9.46808 3.34167 4.24576 3.27682 10.61630 16.04462 21.31653 12.32147
1.10245 1.42670 0.14877 1.85013 1.18256 0.45013 0.60654 1.52206 1.66321 0.90790 0.86975 0.51117 1.39236 1.75476 3.08990 1.25122 0.24414 3.73840 0.98038 2.19727 4.66537 25.20752 19.03534 20.11490 2.45285 0.19836 8.94165 17.13181 20.87784 12.16125 17.52472
2.33078 2.18964 1.81580 4.50897 4.66156 1.64032 1.55258 1.27411 1.27029 0.75912 1.64413 1.35040 0.77438 0.20981 0.41962 0.46539 0.06485 0.18311 0.03815 3.41797 4.73404 22.77756 33.54263 18.27621 5.66101 1.79672 3.80325 6.67191 5.41306 15.46478 11.88278
2.54059 4.08554 4.89426 7.47681 0.70190 2.17438 0.51117 0.34714 0.58365 0.38147 0.61417 1.20544 0.32806 0.75531 0.93842 0.31281 0.31662 0.29755 1.62506 3.75366 5.65338 17.37595 19.47784 27.05002 39.44016 4.75693 6.66428 27.40097 26.16501 3.69263 3.51715
