DATA/RAW-RASTER/ECMWF/20170628/EN-36/20170711.en-36.asc
ncols			31
nrows			16
xllcorner		69.5
yllcorner		19.5
cellsize		1.0
NODATA_value	-99999
3.92914 5.98907 12.96997 9.30023 7.36237 8.14056 11.03210 7.62177 1.94550 0.39673 1.66321 1.07574 2.51770 1.76239 1.19781 1.21307 2.38037 10.29205 14.43481 12.61139 12.33673 4.84467 0.00000 0.00000 0.01526 0.00000 0.00000 0.00000 0.00000 0.14496 0.38147
0.00000 0.04578 3.05176 7.20215 5.37109 6.00433 1.73187 1.96075 1.77002 0.41962 0.07629 0.91553 0.74005 1.86157 1.37329 4.15802 2.73895 5.14221 6.63757 2.66266 1.36566 1.83105 0.00000 0.00000 0.04578 0.67139 0.05341 0.02289 0.80109 2.31934 4.91333
3.95966 4.10461 0.25177 2.28119 1.48010 4.51660 1.38855 1.10626 0.97656 0.09155 0.11444 0.05341 1.68610 2.05994 3.55530 2.71606 4.38690 8.58307 2.57111 1.34277 5.46265 2.48718 1.62506 0.03052 0.71716 2.04468 3.02124 6.23322 4.82941 2.79999 8.62885
49.81232 17.33398 3.05939 3.25775 4.24957 4.61578 3.66974 2.06757 0.13733 0.15259 0.28229 0.01526 0.10681 0.42725 0.70190 1.02997 1.94550 0.84686 2.91443 4.82941 4.35638 1.73187 1.19781 0.61035 1.01471 3.52478 5.54657 1.88446 4.68445 7.43866 4.05884
10.10895 21.37756 21.33942 15.12909 21.87347 21.43860 12.30621 4.85229 2.07520 0.09155 0.02289 0.84686 0.49591 0.81635 1.04523 1.51825 0.81635 5.11169 3.68500 3.50952 2.71606 2.51770 1.32751 2.69318 6.43158 1.14441 0.83160 8.13293 9.93347 11.99341 7.95746
4.85229 0.04578 1.77765 8.74329 4.85992 10.49805 11.88660 8.20160 1.89972 2.96021 11.65009 3.24249 0.67902 0.04578 0.92316 0.61035 2.85339 6.88171 5.64575 8.51440 3.07465 4.23431 4.33350 10.94055 11.94763 2.47955 1.63269 0.86975 12.25281 9.33075 13.45825
0.00000 0.00000 0.00000 0.00000 0.01526 0.01526 0.16785 1.10626 3.59344 6.77490 2.09045 5.33295 6.60706 2.38800 1.66321 4.76837 0.92316 1.42670 1.90735 3.84521 1.43433 1.88446 2.70844 3.23486 6.40869 35.11810 7.09534 1.97601 5.69916 24.24622 13.71002
0.00000 0.00000 0.00000 0.00000 0.00000 0.00000 0.22888 0.41962 1.92261 5.58472 2.25830 1.75476 1.75476 5.56946 32.55463 1.12915 4.09698 0.45776 0.07629 0.23651 0.70190 9.59015 3.54767 18.16559 70.42694 248.07739 42.74750 21.24023 23.39172 13.80920 13.68713
0.00000 0.00000 0.00763 0.03815 0.03052 0.02289 0.06104 0.00763 0.18311 0.96130 1.21307 3.33405 3.64685 1.58691 4.07410 5.54657 1.17493 4.56238 3.77655 75.97351 65.44495 90.40070 60.09674 43.53333 29.01459 17.95959 18.88275 37.36877 52.90985 11.28387 14.14490
0.15259 0.12207 0.66376 1.15204 0.50354 0.06104 0.03052 0.57220 0.14496 0.06866 0.67902 2.25830 1.80817 0.63324 2.87628 2.09045 4.87518 2.52533 2.73132 2.86865 3.85284 0.74005 11.97052 9.12476 28.25165 21.97266 50.58289 137.71057 123.10028 21.40045 6.27136
0.42725 0.80109 0.77057 1.09863 0.22888 0.09918 0.16785 2.15149 0.88501 1.10626 5.88989 13.36670 5.48553 5.70679 2.79999 4.15802 3.12042 5.05066 5.94330 7.22504 12.09259 10.48279 25.49744 22.36938 5.50079 6.78253 6.58417 8.20923 27.96173 16.00647 12.33673
0.44250 0.54932 1.17493 3.66211 1.28937 1.17493 0.25940 2.73132 2.40326 0.89264 2.83051 12.02393 13.39722 14.87732 5.13458 4.79126 3.46375 5.04303 7.68280 6.21033 9.23157 16.35742 2.63214 2.61688 1.54114 3.15857 1.02997 4.03595 3.92914 13.94653 15.81573
1.10626 1.44958 1.51825 1.69373 2.05231 1.19019 2.27356 13.91602 3.58582 0.58746 1.68610 8.26263 3.35693 4.72260 5.85175 2.59399 11.94000 6.50787 7.25555 3.73840 3.53241 3.40271 3.34167 3.52478 15.76996 1.12915 0.54169 3.73077 2.28882 6.95801 2.77710
1.62506 1.46484 0.38910 0.84686 1.35040 0.28229 0.18311 8.25500 18.20374 2.47192 4.31061 1.47247 3.90625 14.08386 16.79230 14.01520 14.27460 9.75800 5.77545 8.27789 10.55145 12.88605 4.54712 6.23322 1.45721 1.11389 0.51117 0.77057 1.42670 1.88446 3.71552
1.86920 2.66266 1.60980 3.87573 5.24902 2.78473 1.69373 3.20435 14.70184 13.65662 3.42560 5.92041 19.76776 18.97430 17.48657 6.91986 2.70081 4.89044 4.72260 7.46155 8.74329 9.82666 12.46643 9.19342 4.37927 0.87738 2.02942 0.16785 0.61035 0.87738 0.60272
0.99182 2.38800 6.66809 8.27789 1.77002 4.30298 2.62451 1.86920 0.09918 0.09918 1.51062 17.05933 20.49255 4.60052 3.71552 9.09424 11.01685 5.52368 16.27350 7.19452 6.24847 8.97980 8.23975 11.82556 13.35907 9.65881 3.15857 0.79346 0.32043 0.01526 0.04578
