DATA/RAW-RASTER/ECMWF/20170628/EN-36/20170712.en-36.asc
ncols			31
nrows			16
xllcorner		69.5
yllcorner		19.5
cellsize		1.0
NODATA_value	-99999
0.02289 1.41144 0.31281 0.09155 0.51880 0.01526 0.88501 1.83105 0.24414 0.01526 0.11444 0.67902 2.07520 0.64087 1.06812 0.74768 0.71716 1.35803 1.51825 0.70190 1.06049 1.44958 2.22778 9.07898 9.68170 2.15149 0.42725 0.02289 0.00000 0.03815 0.01526
0.68665 0.00000 0.01526 0.00000 0.09155 0.17548 0.00000 0.23651 0.09155 0.04578 0.10681 0.09155 0.77057 0.72479 0.29755 0.16022 0.32806 0.35858 1.10626 0.55695 1.37329 7.17926 8.68988 11.84845 4.63104 1.18256 1.15967 0.46539 0.15259 0.03815 0.09155
0.63324 0.19073 0.00000 0.00000 0.09155 1.33514 0.80872 0.10681 0.03815 0.00000 0.17548 0.03815 0.00763 0.01526 0.00763 0.02289 0.01526 0.08392 0.30518 0.36621 2.15149 3.69263 5.02014 7.60651 2.89917 1.77765 4.91333 0.39673 0.17548 0.04578 1.61743
2.73895 0.20599 1.24359 0.18311 0.38910 0.72479 0.90790 5.02777 0.03052 0.01526 0.00000 0.01526 0.01526 0.01526 0.00000 0.09155 0.74005 0.12207 0.70190 1.32751 1.43433 3.51715 4.97437 2.37274 6.01959 1.25885 4.44794 4.55475 0.80872 0.52643 1.24359
6.33240 1.64032 0.85449 0.41199 0.24414 0.38147 0.77820 1.63269 0.93079 0.25940 0.01526 0.03815 0.00000 0.01526 0.00000 0.21362 0.53406 0.28992 0.73242 1.09100 1.60980 1.00708 3.54767 2.76947 0.74005 0.33569 1.96075 4.57001 8.03375 4.49371 1.64032
3.18909 1.90735 0.22888 0.14496 0.84686 0.47302 1.20544 2.60162 1.70898 0.97656 9.33838 0.95367 0.06866 0.01526 0.17548 0.13733 0.89264 1.52588 1.42670 1.73187 4.39453 6.37054 2.97546 3.68500 5.50079 5.57709 3.65448 9.20868 8.33130 1.37329 1.76239
0.20599 0.00000 0.08392 0.24414 0.18311 0.66376 0.94604 1.05286 2.86102 2.59399 1.90735 3.01361 4.21143 0.21362 0.39673 0.74768 0.62561 1.09100 2.69318 3.45612 13.25226 8.74329 10.29968 2.60925 8.01086 35.43854 4.44031 11.56616 4.97437 10.59723 8.68988
0.00000 0.00000 0.00000 0.00000 0.00000 0.00763 0.93842 0.25177 0.59509 1.06049 1.43433 4.53949 3.44849 3.74603 1.66321 0.24414 8.01849 0.33569 11.29150 12.55035 10.00977 24.81079 33.24127 49.72839 63.97247 12.00104 11.87134 17.14325 10.78796 5.79834 24.69635
0.00000 0.00000 0.01526 0.00000 0.01526 0.02289 0.00000 0.00000 0.16785 0.12207 0.30518 0.93079 3.34167 4.16565 3.49426 2.92206 4.15039 19.17267 37.95624 87.22687 164.27612 139.14490 141.01410 72.19696 92.37671 3.74603 15.43427 65.77301 14.80865 2.76947 25.70343
0.03052 0.36621 1.12915 1.25122 0.20599 0.07629 0.01526 0.00000 0.00000 0.05341 0.01526 0.10681 0.81635 2.22778 2.83813 1.75476 2.51007 11.84845 14.45007 23.28491 13.66425 23.80371 28.70941 123.77167 74.34845 9.78851 5.21088 4.63104 5.94330 5.24139 15.61737
0.45776 0.95367 0.67902 1.08337 0.02289 0.03815 0.03052 0.16785 0.00763 0.03815 0.09918 0.13733 0.46539 1.31989 1.30463 1.37329 1.64032 5.76019 12.46643 17.73834 25.25330 25.47455 37.60529 40.35187 11.25336 10.03265 0.25940 4.82941 2.55585 4.40979 6.93512
0.11444 0.39673 1.67084 3.30353 0.58746 0.70953 0.13733 1.86920 0.25177 0.05341 0.41962 0.16785 0.48828 2.05994 2.38037 3.50952 1.57166 9.52911 15.60974 24.54376 16.44897 18.88275 8.36182 0.93079 5.71442 3.05176 2.10571 14.30511 1.27411 0.91553 1.73187
0.96130 0.74005 0.39673 1.50299 1.71661 1.46484 0.60272 4.48608 3.57819 0.23651 0.06104 0.19836 0.15259 3.27301 1.90735 7.30133 4.73785 14.54926 9.14001 13.36670 12.97760 13.52692 5.87463 2.59399 6.61469 2.18964 0.47302 7.60651 5.69153 6.40106 1.87683
1.70898 1.28174 0.53406 1.67084 2.41089 0.59509 0.77820 0.59509 3.08228 0.48065 0.07629 0.51117 0.70190 9.83429 7.05719 10.70404 8.57544 24.16229 9.04083 18.11981 10.62012 9.58252 15.09094 10.79559 13.64136 1.16730 0.93842 1.25122 14.84680 6.56891 6.25610
1.08337 1.50299 0.69427 1.41144 3.78418 0.90790 0.55695 0.51117 0.64850 1.38855 0.86975 0.80109 0.32806 3.93677 9.69696 8.20160 6.97327 3.91388 9.32312 7.04193 11.13129 8.04138 21.20209 24.23859 4.75311 0.88501 5.35583 2.06757 1.99127 43.29681 20.11108
0.41199 0.97656 2.85339 6.98090 0.87738 1.03760 3.27301 3.34930 1.35040 0.67139 1.93024 1.35040 1.13678 7.43103 0.99182 9.77325 3.40271 5.17273 4.69971 5.92804 7.68280 11.55090 7.94983 15.35797 20.46204 7.78198 2.68555 3.34930 2.25067 1.22070 0.41199
