DATA/RAW-RASTER/ECMWF/20170628/EN-36/20170701.en-36.asc
ncols			31
nrows			16
xllcorner		69.5
yllcorner		19.5
cellsize		1.0
NODATA_value	-99999
0.53787 2.38037 0.02861 0.83733 1.94740 0.45395 2.13432 0.88692 0.21362 0.10681 0.61607 1.02806 1.34277 1.27411 1.43433 2.61307 1.69563 2.19727 0.46349 1.19019 1.36948 1.58691 2.57683 4.65012 4.11987 4.13895 1.24550 0.58365 3.17001 7.90024 15.49911
0.03433 0.04768 0.45586 0.10872 1.02997 0.00954 0.03815 0.07629 0.06866 0.03242 0.57602 2.97165 0.73814 2.91061 3.35884 3.24249 1.49536 3.98254 2.54440 3.77655 4.94385 5.61142 6.50215 2.23541 2.01035 7.95174 4.83131 9.04465 7.50351 10.66971 9.09042
0.03242 0.61226 0.00191 0.01144 0.13924 5.93567 6.04630 0.28992 1.08719 1.48964 2.09808 6.77490 5.89752 11.81793 12.48932 4.95911 3.54195 6.60896 3.41988 6.48499 8.25310 9.86290 6.54984 11.42883 8.15392 13.89885 9.96399 10.33401 6.88171 13.12637 13.22556
1.07765 0.00191 0.00000 0.00000 0.02480 1.02425 0.90790 0.09537 4.98581 1.27411 3.78227 4.39072 5.03159 2.21062 3.14903 5.64957 4.68063 2.71797 0.97847 9.36127 5.54276 15.41519 4.99916 2.07329 1.64032 0.12779 1.91689 5.79453 4.05884 7.81441 11.32011
1.97411 0.00191 0.00381 0.00000 0.49591 1.04141 2.29645 12.95471 5.22232 2.41280 0.76675 1.63841 1.12534 1.51825 3.18336 2.66838 3.13950 6.81114 8.43811 11.11794 7.69234 7.62177 4.59099 0.12589 0.18501 0.36240 0.36621 1.55449 6.74057 10.23483 11.28769
2.45857 0.06104 0.00572 0.19264 0.32425 0.32234 0.52834 4.38309 5.99670 3.92151 9.35745 2.18010 3.34930 2.27928 6.23703 5.69916 6.70433 14.29939 12.61902 14.09340 2.37846 6.43730 3.13187 2.52533 2.63596 2.04277 1.21689 0.55695 12.05444 6.90842 12.23755
0.12970 0.28992 0.06866 0.57793 0.29755 0.63133 0.93460 2.37083 25.16556 1.43242 4.05884 15.33318 14.43481 6.81496 0.75531 7.39670 4.53758 3.13187 3.35121 8.68034 4.65202 1.54686 7.76482 4.60052 8.61359 24.27673 6.71768 5.80215 1.14059 8.02994 8.83293
0.06485 0.15068 0.90790 0.62370 0.58365 5.55420 4.24767 2.43378 6.55746 2.96783 6.53076 1.15585 6.38390 40.87639 37.60147 6.97708 8.57162 2.83051 2.79808 5.85556 6.19698 12.77351 9.86481 41.68701 65.99808 15.90729 1.63078 17.54379 52.21558 10.52856 7.35855
0.04196 0.31090 0.96512 0.72479 1.28746 3.76511 3.09181 1.65367 5.38254 9.03893 5.69916 1.87111 5.75829 9.22585 33.27179 0.57793 3.02887 36.90147 71.59805 29.93774 95.66879 50.37117 57.28722 32.12357 26.40343 14.16206 33.86497 131.89125 54.14200 26.98517 4.73213
0.00572 0.72098 2.21825 3.23486 3.99399 7.79152 9.33266 6.32668 4.16756 13.22937 8.96263 21.35277 20.43152 9.35555 2.76566 2.99454 1.55449 2.06757 3.36266 23.00262 12.90321 57.26624 5.34058 4.53377 35.13718 30.76172 41.09383 10.27107 30.38216 8.30841 8.69560
0.02289 0.19836 6.38008 6.10733 9.09042 24.82033 10.38933 2.87628 1.17493 1.33896 10.52666 16.90292 82.50046 76.47705 37.84752 10.36453 35.63309 11.98578 4.47083 9.29070 8.84819 59.31854 39.15215 34.27505 25.11978 43.86330 2.44141 4.60052 33.37479 16.32690 14.30321
0.09155 0.95367 28.95927 32.51648 34.16824 16.82854 46.66328 22.62497 0.73051 1.67847 10.44846 31.25763 205.81055 62.73460 15.76042 18.54706 12.28714 80.47295 11.94191 4.05312 3.56293 5.56374 45.70580 23.34023 11.05118 1.64413 2.14958 15.21683 5.14030 42.91153 9.65309
0.79346 1.89590 15.29121 23.04077 75.29831 65.07874 18.42117 1.99699 1.32179 0.75531 5.54657 17.94624 44.54231 94.91158 16.39175 35.83527 7.75337 23.26965 2.42424 4.55475 2.31552 12.32529 86.85493 18.86749 8.54111 2.20299 0.47493 6.43730 29.50287 10.87761 12.38823
3.37791 35.98785 68.30978 114.59923 186.67030 171.77963 75.49477 5.10025 1.23787 0.29945 3.16620 6.09970 10.86998 11.44028 5.83267 3.17574 15.12337 35.14099 13.41248 14.18495 12.21085 29.59442 60.43434 59.84116 30.61295 4.31252 0.86212 9.60732 16.13617 8.82339 25.82932
29.58679 33.68568 38.77640 34.70230 38.82790 29.92058 11.57570 2.38419 1.13106 2.17056 3.33786 1.89781 4.96864 11.28578 7.29561 4.61197 9.96208 33.80394 40.79437 25.16365 17.27486 19.26613 44.75212 80.67894 48.40469 9.09996 5.99861 6.29997 3.41988 29.65546 19.50264
30.31921 49.81422 24.74976 47.95265 14.54544 14.66560 3.22723 1.38092 0.60081 0.48828 3.51906 1.63651 4.68826 7.26509 12.06589 22.43805 20.79201 32.96852 60.78529 27.68517 7.25555 4.57764 18.80836 40.05051 73.46725 17.45796 6.39153 10.77652 3.92532 13.72147 17.01546
