DATA/RAW-RASTER/ECMWF/20170628/EN-26/20170707.en-26.asc
ncols			31
nrows			16
xllcorner		69.5
yllcorner		19.5
cellsize		1.0
NODATA_value	-99999
1.68228 1.44196 1.77383 1.28174 1.14059 0.48828 0.11444 0.03052 0.56839 3.48663 6.97708 6.34384 4.66156 5.32532 5.11169 4.31824 5.63812 5.26810 4.93622 11.18088 6.72913 7.73239 4.08554 2.85721 9.40323 15.75089 15.54108 9.70078 8.71277 5.67627 6.59561
0.25177 0.16022 1.70135 9.84573 13.07678 1.54877 2.87247 7.77435 1.30081 1.57928 5.73730 5.40924 9.69696 6.80923 6.87027 6.75201 3.59344 1.81580 2.19727 3.25012 3.16620 7.99561 1.70898 9.44519 7.76291 17.61246 11.05118 8.51822 7.91931 2.19727 4.14658
1.18637 3.34930 1.45340 7.19070 18.98193 7.04575 5.70297 6.26755 6.21414 7.15637 9.11331 12.55417 3.04413 2.56348 1.89972 1.67847 1.67465 1.86920 1.10245 1.82343 4.39835 7.54929 6.80923 9.03702 16.12473 12.11548 6.26373 2.73514 7.74765 5.50079 13.27515
4.05121 4.61578 5.13840 8.36945 14.47678 20.97702 22.72034 6.89697 1.36566 0.05722 0.39673 0.66757 0.28992 0.84305 0.22888 1.40381 1.29318 0.44250 1.76239 5.90897 8.45718 10.57053 11.11603 20.79773 8.89969 0.85831 0.92316 2.79617 14.83536 9.63593 12.50076
3.89099 0.63324 0.14114 2.02942 0.56458 5.00107 4.95911 8.04520 9.51767 1.91498 0.01526 0.09537 0.21362 0.03433 0.00000 0.00000 0.00381 0.13351 3.09372 7.68661 12.70676 4.79889 11.60812 7.43866 4.65012 0.83923 0.69427 0.89264 10.73456 12.57706 10.69641
0.37766 0.00000 0.00000 0.00000 0.00000 0.83542 0.15259 2.86484 3.03268 5.29099 5.26428 0.65231 1.23215 0.16022 0.85068 1.26648 0.73242 1.57547 5.15366 11.21902 11.02829 17.88712 9.86099 10.22720 7.03049 7.40433 3.12042 0.82397 10.89478 6.07300 12.66098
0.00000 0.00000 0.00000 0.00000 0.00000 0.00000 0.00000 0.01526 0.15259 3.60107 3.46375 5.82504 2.66266 2.22778 0.55313 0.52261 0.54169 3.20435 2.07138 22.96066 11.67297 8.51059 18.14270 8.75854 14.67133 47.16492 17.85278 7.17545 6.01959 10.16235 11.80649
0.00000 0.00000 0.00000 0.00000 0.00000 0.00000 0.00000 0.00000 0.03052 0.23270 0.51117 2.99072 2.89917 5.39398 13.04626 26.13831 5.75256 1.04523 2.05231 0.91553 8.13293 33.70285 3.66211 20.72525 74.75281 51.03302 37.34970 15.59830 9.25827 6.90460 21.65222
0.00000 0.00763 0.04578 0.01907 0.00000 0.00000 0.00000 0.00000 0.00000 0.00000 0.04196 0.68665 1.23215 1.49155 4.81415 5.24521 2.67792 8.93402 12.56561 31.99768 50.67825 94.45190 123.34061 45.55130 18.85605 5.49316 20.05386 30.94101 39.19983 19.64188 18.98575
0.09155 0.24033 0.59509 0.69427 0.08011 0.00000 0.00000 0.00000 0.00000 0.00000 0.00000 0.02289 0.27847 0.27847 0.16403 0.60654 2.55203 2.40707 7.71713 13.66043 7.48444 4.03976 14.56833 19.39774 18.31055 29.02603 53.65372 72.49069 98.97614 17.26151 14.98413
0.05722 0.19836 0.19073 0.45776 0.03433 0.00381 0.00381 0.02289 0.00000 0.01526 0.00381 0.01526 0.11063 0.04578 0.02289 0.41962 0.06866 0.14114 1.04523 3.78418 2.38419 23.54813 48.74802 21.63696 10.72693 26.89362 22.22443 29.68979 62.88147 40.36713 10.77652
0.01526 0.00763 1.08337 1.21307 0.76675 0.33188 0.63324 0.20981 0.01526 0.05722 0.08392 0.40054 0.03433 0.00000 0.09537 0.32425 0.06485 0.64850 5.59235 22.36176 20.82443 11.00540 5.08881 8.08716 16.43372 17.03644 21.19064 26.32523 9.52530 8.17871 6.36673
0.19455 0.81635 0.38147 1.51443 1.79291 0.51117 0.62561 0.71716 0.16785 0.04196 0.09918 0.18311 0.00000 0.01144 0.01907 0.03815 0.68665 13.13782 18.97049 19.81735 15.27023 14.49203 5.15366 11.35254 21.89255 1.73569 5.33295 13.60703 24.31107 6.39343 0.91934
1.36566 1.65176 0.56458 2.65884 1.77002 1.43433 0.54932 2.19345 1.76239 0.39291 0.02289 0.00381 0.00000 0.08392 0.41580 4.47464 6.93512 17.50946 20.82062 13.13400 9.68933 14.72092 3.41034 6.65665 10.55527 0.09155 1.99890 1.85013 14.63699 16.05225 20.27130
2.51770 3.65829 3.34930 4.82941 2.78854 1.59454 0.27847 1.18637 0.78201 0.53024 0.14877 0.08774 0.05341 0.13351 0.27084 1.46484 8.35037 1.60217 4.07410 4.44412 11.77979 8.44574 9.11331 4.82178 0.32043 1.08719 1.72424 0.59509 19.63043 18.79883 9.11331
2.23160 2.33841 3.79944 7.83920 1.37329 0.81635 1.14441 0.75531 0.36621 0.46158 0.64468 0.59891 0.56076 0.24414 3.28445 4.63104 20.87402 0.57602 3.55148 1.47629 2.95258 4.02069 10.21576 9.93347 8.83484 1.00327 22.74323 7.93839 15.68985 1.51062 5.34439
