DATA/RAW-RASTER/ECMWF/20170628/EN-26/20170628.en-26.asc
ncols			31
nrows			16
xllcorner		69.5
yllcorner		19.5
cellsize		1.0
NODATA_value	-99999
5.05257 6.71005 10.08606 5.22614 7.62367 6.91223 6.91986 5.64003 0.97275 0.09537 2.99263 4.57954 5.42831 6.50978 5.91278 6.19125 4.43268 22.74513 18.64052 17.17186 3.94630 0.81253 1.07193 0.76103 0.68474 0.74577 0.30136 0.00000 0.91171 0.71526 4.05693
2.61116 1.47247 3.61443 4.30107 3.22342 8.98361 8.70132 2.95448 4.31252 0.53787 1.86539 1.35040 5.26047 4.47464 10.88524 9.58252 5.22041 10.63347 13.70049 6.67191 1.88065 0.62943 3.01933 0.36621 0.88692 0.99373 0.72289 0.49591 0.36049 0.16785 1.71852
11.13510 13.87024 23.97728 6.89507 18.39638 32.15981 24.66774 11.14273 4.72260 1.98364 0.43869 0.44250 0.76675 1.04904 1.47057 6.09207 11.10458 10.91576 11.14655 16.73126 9.22012 7.36809 2.73895 2.39944 0.98610 0.69237 1.49536 0.98038 1.20354 0.57030 0.48637
10.83755 17.78603 8.56209 11.33347 18.48221 23.06366 28.55301 20.95795 10.35690 0.63324 1.50490 1.39236 0.35286 2.72942 0.60272 6.41632 10.45227 12.20131 15.14053 7.20596 9.36699 6.03485 8.59261 2.87628 0.06485 0.00000 2.01035 0.55313 1.94931 3.76892 5.93948
5.24330 28.46336 9.24683 18.51463 31.81267 16.51764 20.92361 12.75635 19.31953 8.17680 0.49782 0.00000 1.14441 2.35939 3.21579 8.11577 3.77083 1.20735 6.36673 7.02858 11.50513 15.95879 12.76779 5.78117 3.27492 6.86264 7.40814 4.58717 5.92804 3.08418 8.64410
6.87790 12.39014 19.97185 52.49023 22.45712 18.51654 24.75166 10.64873 3.49426 4.57382 9.98878 1.60217 2.99263 0.70572 2.47765 1.36948 5.31197 8.61168 13.69476 10.52856 9.58633 9.48143 11.55281 14.90402 14.23645 9.48715 2.32697 6.56700 14.89639 2.34985 7.70569
15.08522 39.33334 26.95656 2.25830 13.93318 43.66684 31.54373 35.97641 26.16501 36.87477 14.54735 17.21764 15.37514 7.45201 4.29535 2.26974 2.11143 5.29671 4.66156 21.77238 15.07378 5.51033 16.98112 9.27162 12.02965 8.89778 8.56400 7.26128 1.81007 13.71384 6.34003
23.28300 9.92393 11.18469 12.88414 5.38635 9.11140 11.81793 35.54916 18.02635 15.58495 26.10397 8.09479 2.19536 15.27596 16.64352 5.39970 5.11551 0.57030 1.42670 2.96211 4.85229 15.01656 5.42831 37.11319 34.29222 9.29451 2.62642 4.69017 83.08411 25.75684 13.62801
22.23969 23.91815 5.93185 5.99480 8.81958 21.18874 14.00185 9.14383 17.29202 20.48492 24.49989 22.54677 10.16808 10.82230 1.38855 2.86674 4.60625 11.97624 34.07860 29.10995 13.62228 19.21082 27.72522 8.70514 6.09398 12.97760 29.44183 53.30849 39.94560 10.01740 10.19096
15.72990 8.64220 6.51741 27.28653 15.42473 12.27379 8.98743 12.98332 3.05939 23.21625 14.37569 17.53426 11.56616 13.81874 4.23050 0.42343 3.13950 2.78854 5.01442 4.60625 16.48140 12.11739 22.26448 6.05392 20.68901 14.44626 20.20836 24.08600 14.05525 2.09999 7.07436
11.05118 6.01768 5.05447 2.10190 2.10571 2.39372 2.62070 18.66531 19.50645 2.19345 21.62933 35.43854 18.69202 17.68494 9.89914 4.50134 2.30598 19.33861 5.69153 8.35991 11.14464 9.18388 11.47270 7.99179 9.59396 11.88660 16.07895 13.23318 26.04103 13.62801 1.55258
21.25931 16.20674 3.78036 3.84331 11.06453 11.99913 5.54848 3.73268 9.07516 7.22122 2.05231 12.65526 24.87755 28.01895 17.57622 1.82533 13.90076 6.42776 4.89044 6.51932 2.40326 6.92368 2.77901 8.69370 6.53458 8.49724 2.30217 21.53778 15.81001 10.30731 18.63670
33.01620 16.75034 7.43675 5.94139 8.42476 1.21880 6.99234 2.73705 0.82397 7.84492 13.30757 10.17189 5.65720 14.76479 19.82689 23.21625 12.57706 10.28252 3.54004 24.05548 13.27324 2.92587 4.76074 9.43184 4.73976 3.29590 1.38664 9.10950 24.31107 15.36560 19.30428
29.17290 6.66809 9.35745 7.56836 2.22206 4.03404 6.28853 1.30272 0.30518 1.86920 11.14464 18.04161 19.81544 11.65771 20.47729 86.40480 20.29800 5.54085 9.42230 6.23131 3.87192 9.45854 5.14793 46.13686 5.80788 1.75858 0.12207 3.30162 7.30705 9.92203 12.43019
54.81529 64.83459 24.26720 19.76776 3.78036 3.82805 2.08473 7.22885 9.86671 3.70026 7.48444 4.15230 15.97786 21.39091 38.04398 112.19788 18.73779 20.15495 11.98769 4.35448 4.05121 9.35173 14.59122 34.04427 26.82114 0.29564 0.12970 0.59509 1.15013 4.26292 3.59535
84.43642 65.10925 22.75467 30.11513 23.69690 4.64630 5.33295 6.33240 7.16972 29.90341 11.57570 1.56593 0.51689 1.18256 5.74493 3.56674 6.47545 23.33069 45.98427 3.56293 1.76811 3.22914 19.48547 36.64589 52.73819 1.52779 1.24550 1.97220 0.75340 2.82860 2.50435
