DATA/RAW-RASTER/ECMWF/20170628/EN-26/20170711.en-26.asc
ncols			31
nrows			16
xllcorner		69.5
yllcorner		19.5
cellsize		1.0
NODATA_value	-99999
0.02289 0.74768 1.67084 1.41144 1.61743 0.19073 0.56458 0.03052 0.12207 0.00000 0.29755 0.47302 1.53351 1.96838 0.57983 0.62561 1.03760 1.48773 1.83868 7.54547 2.47192 5.57709 1.90735 0.38147 0.70953 0.80872 0.99182 0.99945 0.86975 0.21362 1.20544
0.15259 0.06866 0.13733 0.92316 2.50244 0.81635 0.09155 0.03815 0.01526 0.00000 0.00763 1.58691 0.49591 0.42725 0.32043 0.25940 0.57983 2.81525 5.36346 11.87897 14.09912 6.00433 0.69427 0.18311 1.67847 1.97601 2.19727 2.44904 1.48010 1.98364 1.03760
2.99072 0.03052 0.00000 0.12207 1.45721 5.21851 1.75476 0.07629 0.01526 0.00000 0.14496 0.96130 0.22125 1.73950 0.19073 0.06866 1.03760 2.95258 1.79291 2.71606 10.99396 13.39722 4.50134 0.19836 2.10571 1.19781 2.70844 0.57983 1.01471 1.00708 0.13733
0.00000 0.00000 0.00000 0.00000 0.00763 0.30518 4.51660 12.22229 0.41199 0.04578 0.25177 0.03052 0.28992 0.83160 0.12207 0.19073 4.63867 2.99072 3.20435 1.25122 6.78253 6.60706 6.55365 3.08990 4.79889 13.07678 1.74713 3.46375 2.59399 0.35095 0.06866
0.18311 0.00000 0.00000 0.00000 0.00000 0.03052 0.52643 6.26373 8.33893 0.67139 0.00000 0.07629 3.78418 0.96893 0.51880 5.84412 5.55420 5.08118 3.92151 5.34058 1.92261 5.53131 17.25769 0.32806 4.57001 4.76074 4.88281 2.86102 3.79944 1.36566 0.29755
0.32043 0.00000 0.00000 0.00000 0.00000 0.00000 0.00000 0.46539 5.21851 16.50238 36.31592 2.31171 7.14111 5.97382 2.64740 10.56671 10.28442 6.27136 2.28882 5.05066 10.94055 4.81415 3.79181 2.73132 4.67682 7.91168 8.52966 6.19507 8.43048 5.53894 3.52478
0.00000 0.00000 0.00000 0.00000 0.00000 0.00000 0.00000 0.00000 0.19073 3.82996 22.82715 32.77588 5.59235 4.59290 6.07300 9.23157 3.97491 4.82941 7.33185 4.78363 17.75360 9.71222 9.75800 5.48553 26.59607 76.00403 37.75787 12.06970 13.76343 15.44952 3.59344
0.00000 0.00000 0.00000 0.00000 0.00000 0.00000 0.00000 0.08392 0.04578 0.07629 3.15094 19.15741 4.11987 16.92963 18.71490 23.85712 18.97430 5.71442 8.85010 9.68933 10.86426 8.75854 6.40106 50.19379 34.83582 30.49469 32.42493 40.70282 30.33447 25.50507 19.49310
0.00000 0.00000 0.00000 0.00000 0.00000 0.00000 0.00000 0.31281 0.12207 0.56458 6.27899 2.83051 7.57599 7.37000 16.46423 35.49194 21.13342 24.22333 53.48206 28.87726 77.98004 89.34021 68.94684 28.26691 29.03748 26.90125 21.85059 31.63910 28.98407 29.70123 11.71875
0.00000 0.00000 0.00000 0.09918 0.03052 0.00000 0.00000 0.00000 0.77057 0.28992 0.85449 0.98419 3.21198 2.15912 5.67627 9.74274 1.03760 7.72858 14.52637 15.13672 9.22394 54.89349 41.59546 10.12421 10.12421 3.32642 7.08771 18.14270 15.19775 33.93555 11.45172
0.09155 0.05341 0.28229 0.00000 0.00000 0.00000 0.00000 0.00000 0.03815 0.00000 0.01526 0.61798 8.15582 5.18799 8.78906 9.22394 2.51007 17.10510 5.70679 5.66101 37.36877 16.15906 14.19830 1.61743 5.85175 13.18359 1.55640 3.87573 3.54004 11.67297 7.20978
0.25940 0.20599 1.73950 0.66376 0.14496 0.13733 0.01526 0.00000 0.06104 0.11444 0.00000 0.43488 0.77820 2.18964 2.84576 14.09149 2.06757 5.88989 3.54004 9.86481 44.95239 8.95691 20.03479 21.98792 20.54596 3.74603 2.00653 0.65613 0.52643 0.64850 9.75800
0.77057 0.77057 0.56458 0.32043 0.48065 0.38147 0.04578 0.00000 0.01526 0.08392 0.06866 3.47900 2.72369 5.64575 3.99017 6.00433 3.86810 5.92041 1.37329 3.80707 5.39398 40.42053 37.84180 25.41351 48.64502 3.59344 0.29755 1.96838 0.90790 1.15967 1.15967
1.41144 1.38092 0.06866 1.91498 1.03760 0.38910 0.03815 0.01526 1.02234 2.41852 1.06049 10.42175 16.27350 16.95251 7.54547 1.33514 2.22778 10.10895 9.39178 4.22668 8.97217 18.28003 37.85706 4.24194 27.15302 0.74005 0.52643 7.83539 1.60980 22.99500 1.26648
3.83759 1.87683 2.14386 2.88391 1.41144 0.70953 0.63324 4.93622 8.35419 23.56720 15.93781 38.57422 38.52844 32.89032 3.92151 1.96838 6.84357 6.13403 4.83704 11.33728 6.02722 3.28064 14.87732 9.50623 43.81561 0.43488 1.35040 1.25122 0.62561 8.59070 1.11389
2.13623 2.49481 6.82068 8.83484 0.93079 2.70081 2.49481 9.80377 21.36230 22.68982 15.69366 46.92078 20.72906 10.20050 3.70026 7.22504 10.32257 4.22668 3.62396 6.45447 7.27844 10.43701 10.33783 30.57098 30.27344 1.72424 10.65826 13.61847 9.16290 1.13678 3.87573
