DATA/RAW-RASTER/ECMWF/20170628/EN-26/20170629.en-26.asc
ncols			31
nrows			16
xllcorner		69.5
yllcorner		19.5
cellsize		1.0
NODATA_value	-99999
0.95177 2.61497 5.36156 1.11389 7.38907 8.61168 7.29370 8.42285 4.46701 1.78528 4.10843 9.20296 15.93399 10.86044 11.23047 6.21414 8.22830 4.07982 10.97488 11.76453 6.26564 6.63376 3.79372 0.85068 0.40817 0.66757 0.48065 0.00000 0.21553 0.01907 0.25558
0.00000 1.40953 2.81143 13.48305 6.11496 7.04765 12.69150 22.89391 21.61407 8.28934 6.08063 3.17001 3.34549 2.73705 5.66292 2.86102 1.24168 1.98555 3.26157 4.62341 4.27055 13.81683 17.02309 19.32335 5.56564 6.07300 1.64986 1.05476 0.31090 0.28419 0.84305
1.97792 7.49397 1.25122 0.78773 6.94084 25.00534 82.59010 39.23416 10.12230 4.03595 1.73187 0.63515 0.49210 0.30708 0.25368 0.67902 1.56593 1.61552 1.89781 3.16238 2.89726 5.57137 6.81877 11.86180 22.14050 15.36179 13.59177 3.41606 4.30870 0.64850 0.81062
0.98228 0.83160 1.06430 7.35474 9.50050 65.92560 112.23602 33.19740 25.92850 2.20490 2.03514 0.88882 0.44823 0.88501 0.43297 0.33188 0.43869 1.15776 1.46484 6.52313 4.46510 7.70187 9.97734 6.28090 17.66586 6.53648 18.49747 23.38028 11.80840 2.06947 0.24986
2.39372 1.62315 2.71797 2.55585 50.24338 26.37291 49.91531 45.48264 13.01765 7.92885 0.27847 0.45586 0.69046 0.55885 1.25885 0.51689 0.06294 0.28038 3.35884 3.24249 7.46346 16.03317 9.76181 13.84926 8.26645 11.70540 8.61549 13.25607 24.21761 18.43071 3.26729
1.09673 0.74005 7.20406 5.32341 22.00317 16.82854 26.68762 21.51489 27.09198 16.18004 5.57709 1.93596 1.82152 0.26321 0.99373 0.65231 3.24631 4.18091 3.93677 10.80513 5.41306 4.94766 8.31223 15.91682 17.47513 26.98326 19.30237 9.28307 16.13998 16.08849 17.64488
0.25749 0.45967 2.33841 19.47021 12.64191 17.37785 23.75221 7.24983 15.06424 5.11551 10.80894 8.18062 16.05988 3.37410 0.27275 0.45776 0.75722 1.62888 5.28717 2.46811 9.80759 8.29887 21.23833 12.18414 21.02852 80.42908 47.49870 22.71461 5.76019 6.75201 8.48007
0.90218 1.63841 18.18657 24.32251 3.89671 12.10213 12.95471 8.91685 13.41248 9.54056 5.43594 10.71930 4.08554 9.97925 18.60046 14.42719 11.64818 0.48065 3.94058 4.88472 10.32448 19.25087 7.48062 57.42836 56.52618 37.48703 24.38736 15.98740 65.69099 12.90131 9.54247
7.65228 16.11900 28.94020 17.69447 6.81305 3.05557 2.25449 3.39508 3.25584 5.06592 6.17409 5.53703 9.97162 8.00896 1.67274 5.14793 5.41878 6.53267 19.94324 48.21968 17.06505 45.97473 29.08707 47.50252 35.80666 5.86319 17.17949 65.70816 53.19023 23.75793 24.65248
50.21477 107.51724 43.24341 72.87979 3.17383 18.15987 3.14331 0.64468 0.32806 1.98174 2.83051 7.55692 16.73508 6.91032 6.41060 7.96509 5.01251 9.33075 6.60133 14.71519 6.08253 6.89125 10.91576 6.05965 9.47952 13.79585 9.92584 8.66699 13.95607 7.35474 7.31850
8.34084 14.14490 10.86426 52.75917 8.28552 21.58928 2.50816 1.19591 0.10681 0.16785 2.98691 8.93593 8.95691 19.32907 21.18683 7.37762 5.86128 17.47131 5.56374 1.51062 5.12123 4.48990 8.37898 8.92258 2.86484 3.87573 3.72124 7.99370 25.87700 4.30679 3.55721
23.86665 16.70837 14.33182 36.69357 12.49504 7.74574 3.91006 3.31688 1.30272 4.33731 42.73224 5.83839 32.64809 33.33282 13.33618 14.64081 13.02910 4.96674 1.33324 1.51825 8.34465 14.60838 1.95885 9.11331 9.77135 9.54628 13.59940 6.42586 17.30728 9.64928 5.02777
12.44926 110.96764 9.77898 6.71959 8.65364 14.80865 3.40462 3.35312 1.12915 7.49397 64.49318 40.90309 10.85663 35.66170 23.58437 20.06912 10.19859 2.78282 2.38800 1.72806 6.48117 7.79533 11.01685 4.67491 4.58336 10.16808 1.32370 2.06947 6.20461 31.30150 2.51961
5.90706 11.90186 13.52501 21.32416 3.89481 0.26321 1.07574 1.01089 5.17082 1.28937 5.22995 3.95966 3.35503 11.63292 11.73973 7.16209 3.25394 1.50490 3.55148 4.78935 5.49698 9.59015 3.39317 4.51279 6.99997 1.27411 0.16594 9.25064 50.35210 18.92090 23.79417
22.45140 20.27130 23.60535 21.88492 2.38991 0.52071 0.27466 0.95940 2.88773 0.78392 4.47845 0.62752 0.50545 0.65804 2.30789 0.88310 0.58365 2.62642 10.38551 4.85611 7.57599 5.09644 18.06450 13.93700 3.19481 8.18253 6.75964 1.21689 4.01688 20.39528 3.36075
13.79967 22.87102 22.10617 18.69202 2.83051 1.27220 0.69809 0.38910 6.60133 9.78279 2.43187 0.93460 0.55695 0.53406 24.78409 6.60896 6.51932 3.66020 34.79576 45.56274 5.52750 3.71742 14.59885 16.62827 41.85486 4.23813 17.61055 4.60052 0.91743 17.02881 17.21001
