DATA/RAW-RASTER/ECMWF/20170628/EN-26/20170704.en-26.asc
ncols			31
nrows			16
xllcorner		69.5
yllcorner		19.5
cellsize		1.0
NODATA_value	-99999
0.06866 0.88501 1.32751 0.76294 2.49863 0.03815 3.24631 2.71988 0.86594 0.00000 0.03433 0.06104 0.19073 0.67902 1.11771 0.83160 1.20163 0.77057 1.33896 2.20490 8.20160 4.88281 1.34277 1.56021 1.36948 0.61798 1.29318 1.02997 1.43433 0.49591 2.87247
0.19073 0.00000 0.00000 0.07248 0.32425 0.12207 0.80109 0.11063 0.05341 0.00763 0.00000 0.00000 0.55313 0.72098 1.96457 1.17874 1.00708 0.57220 1.20163 0.47302 2.53296 1.72424 3.05939 0.63705 0.60272 0.61035 1.26648 0.80109 0.41962 2.23923 1.50299
0.01907 1.33133 1.33514 0.25940 0.50354 5.40924 0.82397 0.12970 0.01526 0.02289 0.03052 0.00763 0.82016 1.28174 0.96512 0.96130 4.58908 5.51987 7.44629 7.27844 3.12424 8.73566 2.76184 4.97055 5.72968 1.91879 8.88443 12.14218 11.34872 13.64517 10.94055
0.17929 0.00381 0.00000 0.00763 0.08774 2.30789 4.97818 5.47028 0.19836 0.03052 0.04959 0.08392 0.46158 0.54932 1.95694 5.39398 15.15198 11.03592 11.17706 14.33563 13.53073 4.77219 1.84250 7.54547 8.09860 5.31387 9.54437 9.07516 13.05389 17.30728 21.56448
1.32751 0.00000 0.00000 0.00000 0.00000 0.25940 2.47574 3.62015 1.11771 0.16022 0.03052 0.33569 0.66757 5.26428 2.85339 1.49918 5.75638 11.71494 5.19562 10.41794 4.48608 21.64459 9.45282 19.25659 8.05283 6.46210 2.31934 9.86099 22.99500 18.21518 11.63101
1.81580 0.00000 0.00000 0.00000 0.00000 0.00000 0.04578 0.79727 3.01361 6.13785 13.54980 5.13077 1.68610 1.65939 0.96130 2.52914 11.47079 4.70734 10.50186 11.89423 18.55087 16.37268 10.88715 18.31818 28.33939 12.39014 2.55585 0.59509 9.01031 11.45554 20.47729
0.00000 0.00000 0.00000 0.00000 0.00000 0.00000 0.01526 0.01144 0.03815 0.43106 5.41306 35.94589 12.59613 8.16727 0.48065 3.73840 4.82941 6.60324 4.17709 11.51657 6.87790 4.00925 14.72092 12.92419 6.93130 38.87939 17.36069 5.40543 0.79727 2.18582 14.54926
0.00000 0.00381 0.03052 0.01907 0.04196 0.05341 0.00000 0.00000 0.00763 0.04959 0.10681 3.84521 35.15625 3.83377 8.15201 4.39072 2.65884 1.80435 1.71661 2.28882 10.41412 13.11493 3.59726 7.28607 28.30505 48.03848 34.69467 17.00211 40.16876 4.61578 5.47409
0.00000 0.06866 0.32043 0.86212 0.87357 0.27084 0.03433 0.00000 0.00000 0.00000 0.00000 0.41962 8.89587 10.08606 10.66971 3.21198 21.24786 34.78241 24.68872 46.80252 39.51263 53.12347 85.39963 66.12015 12.66861 4.77600 43.51807 99.48730 33.30994 5.26810 1.45721
0.10681 0.24796 0.76675 0.97656 0.98801 0.32043 0.03052 0.05341 0.01144 0.00000 0.00000 0.00000 1.04904 1.34277 0.08392 0.37766 1.74713 1.33133 5.15366 7.70950 9.61304 18.53561 118.52646 16.05988 11.23428 34.80911 44.76547 13.02719 67.85583 8.33893 1.12152
0.20218 0.45013 0.27466 1.45340 0.16022 0.47302 0.01144 0.09537 0.03052 0.01144 0.07248 0.00763 0.00000 0.00000 0.00000 0.08774 0.08011 0.25940 5.55420 36.45706 21.34705 66.59317 65.86075 10.70023 51.10168 10.91766 4.06265 8.44193 13.38959 7.69424 1.41907
0.26321 0.31281 1.67465 2.97928 0.57602 0.91934 0.23651 1.11389 1.33133 0.30899 0.08392 0.25940 0.32043 0.23651 0.04959 0.67902 0.50354 0.37003 8.28552 22.93396 47.09625 20.52307 1.31989 1.95312 16.91818 3.30734 2.80380 4.39453 12.14981 21.59500 8.15964
1.14059 1.28174 1.67084 2.07520 2.05231 1.15204 0.31281 0.36621 0.94223 1.02234 1.17493 1.33514 0.02289 1.01471 0.41199 0.22125 0.44250 5.39780 9.44138 23.40317 24.31107 19.10782 2.19727 8.93402 21.76666 2.69699 0.56076 2.59781 7.04956 10.93674 7.60651
1.27792 1.12915 1.16730 4.17709 4.05884 2.04086 1.06430 1.00708 1.36566 0.38910 0.26321 0.17166 0.02670 0.14114 0.02289 1.27029 3.16620 2.02179 10.35690 62.79755 16.73508 12.92419 32.83310 68.20297 4.67300 3.57819 0.61798 1.68228 19.85550 1.72043 3.52478
4.07410 1.72424 1.40381 7.95364 3.44467 1.65939 2.71225 1.03760 0.95367 0.49591 0.21744 0.43869 0.39673 0.01144 0.17166 0.00000 0.02289 1.63651 0.15259 6.04630 13.42392 11.61194 23.77319 60.53543 9.19342 9.35745 7.46536 0.91553 0.82779 2.54440 5.37872
3.75366 5.26047 5.82123 17.12036 3.88718 7.53021 11.08551 1.63651 0.07248 0.46158 0.53024 1.92642 0.62180 1.46484 0.35858 0.12207 0.03815 0.05341 2.97546 3.76129 8.33511 9.20868 17.39883 28.32031 25.65765 6.11877 4.71497 1.19019 2.62070 0.58746 0.83542
