DATA/RAW-RASTER/ECMWF/20170628/EN-26/20170701.en-26.asc
ncols			31
nrows			16
xllcorner		69.5
yllcorner		19.5
cellsize		1.0
NODATA_value	-99999
0.00000 1.27411 1.52969 1.60217 11.38306 4.68826 2.36130 2.07520 1.66321 1.35803 4.33350 7.09534 10.79559 8.19016 8.07571 9.29260 8.91876 7.47299 5.01251 2.99072 4.68826 7.93076 8.18634 13.34000 13.84735 14.76669 15.06424 16.80756 9.94873 6.91223 8.14056
0.04196 0.01144 0.29755 1.40381 1.13678 2.23541 2.76184 2.47192 5.50461 4.86755 5.61142 5.37491 8.91113 8.11768 9.03702 4.66537 8.86154 5.80215 5.82123 6.40488 3.62396 6.81305 13.91602 12.52747 13.51547 17.66586 14.75525 14.23645 8.91113 14.56833 7.94983
0.60272 0.01526 0.00000 1.36948 0.62180 0.84305 3.81470 6.93512 5.73349 6.05392 4.45938 2.52151 1.54495 2.84958 2.94113 2.92206 2.93350 3.06702 3.45230 2.30026 1.83868 7.22504 3.79181 6.89316 4.31061 6.65283 7.93457 11.55853 10.69260 13.08060 15.04517
1.93787 0.08392 0.00000 0.00000 0.04578 3.24631 3.94058 14.11057 28.49579 5.18036 2.20871 5.69916 5.74493 5.88608 3.82996 5.65338 2.66647 2.20490 3.21960 7.96890 8.93402 8.27408 13.03864 7.54166 4.97818 2.10571 5.00107 3.87955 5.71442 7.76672 5.09644
0.37384 0.41199 0.26321 0.00000 0.04959 0.91934 16.12473 70.65964 8.46481 5.11169 1.48773 1.79672 2.69699 1.38474 3.28827 0.32043 0.17548 0.77438 1.70898 4.62341 16.33835 7.25937 9.32693 11.47079 9.91058 3.75366 4.17328 6.19125 6.83975 3.73459 5.15747
0.11063 0.26703 1.44196 0.70572 0.00000 0.72861 0.60654 19.90128 11.07407 17.91763 18.31818 8.07190 3.45230 1.21689 1.19781 1.43433 1.37329 1.87683 4.09698 8.15201 12.50458 9.36890 10.98633 14.18304 6.44684 18.67294 6.38580 0.53406 1.31226 1.23596 5.77545
0.00000 0.00000 0.00000 5.54657 1.90735 0.93079 6.09589 39.24179 74.75281 24.93668 54.47388 15.96069 13.79013 10.71167 3.23105 2.53677 4.17709 2.80762 5.06973 13.08823 9.75418 9.26590 10.27298 6.82831 17.84515 68.57300 25.23422 21.25168 1.01471 1.26648 4.73022
0.00000 0.00000 0.00763 0.00000 0.60272 9.84192 4.15802 35.86578 12.42447 2.91061 18.88275 17.20428 8.71658 20.20645 62.60300 23.41843 17.50565 6.69861 1.03378 2.96402 5.13458 11.89041 6.14166 24.59717 47.33658 50.65536 51.94092 32.76062 22.72034 6.36292 4.74167
0.00000 0.01526 0.14496 0.14114 0.12970 0.01907 69.46564 20.06149 1.43051 4.95148 16.34216 30.10178 8.97980 7.03049 6.62613 7.74384 11.32965 8.86917 67.45911 23.73886 26.96228 35.40802 26.93939 38.71536 81.50864 13.01193 13.61847 113.44910 70.99533 22.93777 4.36783
0.00763 0.30899 1.23596 1.48392 0.96893 0.01144 0.02670 0.85068 2.10953 24.52469 20.23315 7.17545 10.64301 11.69968 34.01947 15.56396 9.32693 18.42499 6.96182 13.81302 8.86536 11.24573 74.93210 15.05280 14.33563 18.10074 34.14536 4.97437 12.47025 14.04953 15.72418
0.03815 0.36621 0.93079 0.56458 0.03052 0.19836 0.35095 1.78528 1.04523 18.63861 68.41278 32.57751 9.70840 8.40378 32.84454 38.81836 9.32312 11.45172 13.92746 19.98901 14.12201 19.05441 72.47543 16.05606 6.17981 5.39398 12.31384 9.51767 7.80487 6.05774 2.04086
0.13733 0.21362 1.16348 3.15475 0.59128 1.46484 1.07193 1.67465 2.06375 0.74768 6.08826 39.15024 45.60471 7.29370 11.26862 29.20532 7.53403 8.65936 10.20813 16.42990 13.97324 26.83640 4.80270 2.78854 18.12744 3.35312 3.31116 3.76892 2.52151 3.76511 14.74380
0.34332 0.86212 0.41962 0.50354 2.36130 1.57166 0.60654 0.77057 2.72369 1.49155 7.33185 5.57327 1.92261 7.48062 9.48334 13.67188 10.57816 5.05829 4.44031 10.75363 16.19720 9.23920 6.72913 19.50836 6.95419 4.07791 1.09100 2.04468 9.31931 4.76074 3.29208
0.97656 0.83923 0.32806 1.12915 2.76184 0.99564 1.35040 2.44141 3.34167 7.67899 19.63806 31.34155 13.71384 4.25339 7.34711 9.82666 5.41306 2.88773 7.17926 31.18515 12.73346 18.36014 14.40430 18.90564 8.38470 5.51605 2.49100 2.68936 48.40469 14.56833 6.91605
4.21906 1.26266 1.91879 7.80106 4.64630 6.37817 5.22232 1.35803 2.26212 1.48773 0.59509 2.66266 4.99725 1.70135 5.82504 3.85284 1.30081 0.06866 8.37708 8.40378 16.60919 20.72525 25.76447 30.02548 21.41571 3.80707 3.34167 7.37000 6.53076 5.53131 7.83539
4.74167 2.33459 5.24902 23.30780 3.10516 3.46756 1.39236 1.12152 1.54877 1.57166 2.12097 4.20761 0.67902 1.31607 2.29645 11.31821 7.49207 3.53241 13.47351 18.16177 21.88492 25.49362 27.48871 41.64505 79.69666 3.47137 12.34055 29.08325 1.28555 4.43649 7.31277
