DATA/RAW-RASTER/ECMWF/20170628/EN-26/20170703.en-26.asc
ncols			31
nrows			16
xllcorner		69.5
yllcorner		19.5
cellsize		1.0
NODATA_value	-99999
0.28229 0.93079 0.40817 0.54169 5.48172 1.26266 2.12860 0.62180 0.25940 0.13733 0.08392 0.43488 1.97983 0.44250 0.20218 0.09537 0.11063 0.20218 0.59891 0.37766 1.28555 1.05667 0.86212 0.93460 1.99890 4.23813 5.86700 3.91006 6.94656 6.91986 7.43866
1.99890 0.06866 0.01144 1.64795 0.39291 0.64087 0.55695 0.10681 0.06866 0.00763 0.00381 0.25177 1.76620 0.30136 0.15640 0.00763 0.00000 0.02670 0.47302 0.23651 0.72861 0.94986 0.25177 0.19836 2.48718 5.05066 6.01578 5.29861 9.65118 7.72858 2.19345
3.88336 6.96564 5.10025 19.04297 20.24078 8.25119 5.66864 0.24414 0.04578 0.02289 0.05722 1.04904 2.30408 2.60162 1.94931 0.67902 2.61688 2.98691 3.60107 7.30896 2.13242 10.19287 6.69861 11.38306 14.50729 7.71332 12.42828 11.32202 9.82666 5.45502 2.56348
2.37656 0.09918 0.02289 0.08011 0.37003 9.68933 10.09750 12.37106 0.32043 0.01526 3.19672 3.74985 7.78961 8.31985 13.47351 6.31714 5.06592 4.72641 7.52258 20.68710 17.30347 13.35907 27.06528 22.49527 14.56451 6.91986 11.09314 17.50946 10.32257 6.71387 10.14328
2.49100 0.00000 0.00000 0.00000 0.00000 0.02289 4.19617 13.32855 5.32150 2.47574 1.48392 10.58197 8.04138 10.69260 18.98193 5.11169 9.31549 10.11276 6.12259 9.29260 18.34869 11.89423 6.15692 3.13187 3.82614 2.36893 0.43106 2.25830 23.38791 8.28171 8.82721
0.00000 0.00000 0.00000 0.00000 0.00000 0.00763 0.24796 0.59891 10.49042 20.41245 7.55310 8.60214 3.27682 1.52969 5.61523 9.29260 16.68549 18.53943 14.38522 8.20923 4.15802 6.69098 8.58307 11.51276 18.20374 15.11765 2.33841 0.67139 5.79834 16.76559 13.77487
0.00000 0.00000 0.00000 0.00000 0.00000 0.00000 0.00000 0.14496 0.94604 1.88065 38.71155 45.47501 43.16330 7.98035 0.50735 3.88336 1.89590 4.24576 4.07791 2.39182 12.28333 10.66971 5.32150 11.18851 8.51059 50.69733 21.14487 6.71387 1.02234 2.73895 7.70187
0.00000 0.00000 0.00000 0.02289 0.00763 0.00000 0.00000 0.00000 3.35312 11.40213 5.18036 46.73004 20.11871 22.43042 14.73999 66.49399 8.27026 6.90460 4.00162 2.18201 14.70184 12.75635 22.74704 29.84238 28.71323 45.85648 11.07025 3.50952 36.30829 5.77545 2.52151
0.00000 0.00763 0.04196 0.61417 0.55313 0.11444 0.01144 0.00000 0.00000 1.00327 7.08389 15.67459 107.29218 70.35065 17.31110 47.03140 37.80365 44.94858 13.94653 30.23911 43.57147 139.06097 112.74719 47.17636 16.56342 11.18469 17.67731 26.08490 18.21899 7.60651 2.07520
0.04959 0.33569 0.29755 1.04904 0.97656 0.18692 0.00381 0.01526 0.00000 0.01144 0.13733 4.71878 16.81900 4.32205 7.86591 7.81250 25.71487 28.57971 14.36996 14.41956 17.40265 19.98520 36.43417 10.41794 13.51547 16.47186 35.68649 15.04898 103.25241 46.58890 12.65717
0.50354 0.31662 1.18256 0.34714 0.00381 0.46158 0.09155 0.00381 0.00000 0.00000 0.03433 0.10681 0.37384 1.51062 0.30518 2.15912 2.62833 28.57971 38.15842 17.87186 16.39557 19.34814 38.61618 5.60379 9.01413 14.84680 47.12677 8.71658 29.13284 35.78186 21.38519
0.20981 0.29373 1.08337 1.98364 0.81253 0.75150 0.14877 0.15259 0.03433 0.00000 0.03433 0.20218 1.13297 0.32043 1.08337 1.25122 8.49915 8.42667 10.82230 25.23804 18.32962 13.48495 0.83542 1.66702 24.63531 2.52151 1.72806 25.14267 22.99118 23.97156 10.31494
0.70190 1.07193 0.14114 0.52643 1.04904 0.72861 0.16403 0.01907 0.07629 0.24033 0.43869 1.26266 0.55695 1.55258 16.82281 19.62662 10.02884 17.37976 17.11273 15.89966 31.21567 19.77158 1.46484 4.71115 7.36237 1.06430 0.65231 8.44574 64.22424 49.41559 18.61572
1.69373 1.21307 0.07629 0.46539 1.01089 0.16785 0.78964 0.81253 0.54932 0.02670 0.04196 0.60272 0.06104 0.46539 2.09045 2.53296 7.01904 6.18362 19.67621 28.47672 17.25006 20.40100 8.01849 8.34274 3.07846 1.20926 2.99454 8.89969 21.11435 4.06265 3.46375
2.68555 3.81851 1.57928 3.05176 3.36075 1.40762 1.41907 1.06049 0.70190 0.08392 0.17166 0.38147 0.50354 0.82779 1.00708 0.22888 0.96512 0.04959 10.63156 24.42551 22.91489 14.17923 30.49469 29.49905 15.21683 1.51825 13.37814 3.11279 2.14005 5.46646 9.63211
2.83432 2.61307 2.71225 10.15091 0.58365 1.22833 1.16730 1.46103 0.75531 0.25177 0.57220 1.77002 1.47629 0.66376 1.78528 0.88120 1.43051 9.00650 9.54056 8.81195 20.68710 18.84460 25.53940 40.61508 54.81339 18.54324 10.60867 3.45230 5.97763 3.38364 5.01633
