DATA/RAW-RASTER/ECMWF/20170628/EN-26/20170705.en-26.asc
ncols			31
nrows			16
xllcorner		69.5
yllcorner		19.5
cellsize		1.0
NODATA_value	-99999
0.64468 0.11826 0.00000 0.09918 1.26266 2.18201 0.55695 0.20981 2.77710 0.68283 1.98746 1.02234 0.85831 1.36948 1.91498 2.61688 3.77274 6.51932 6.83975 9.57489 11.07025 12.87079 3.54767 7.13348 5.47409 0.71335 1.60217 0.25177 1.88446 3.18146 1.33133
0.00000 0.00000 0.03052 0.16022 2.63977 0.71335 0.03052 0.77438 0.19073 0.03815 0.26321 0.17166 0.37384 0.84305 1.36566 2.96783 3.18527 4.14276 5.51605 3.24631 6.08063 6.15311 2.36511 2.81906 1.23215 2.43378 0.91934 0.47684 1.13297 9.15527 0.78964
0.00000 0.00000 0.00381 0.18692 2.09808 5.37491 0.64087 0.07629 0.01526 0.00000 0.00000 0.00000 0.02289 0.10300 1.23978 1.85776 5.44739 4.73404 9.01031 5.26810 5.63431 7.73621 11.13892 6.52313 8.75854 5.74112 1.36566 2.33078 2.72751 8.70514 4.49371
0.00381 0.00381 0.00000 0.00000 0.08011 1.76620 6.91986 7.36618 0.09155 0.00763 0.00763 0.00381 0.08774 1.81198 3.49426 6.82831 7.42340 12.98523 3.37982 5.47791 4.81033 1.70135 3.65067 1.61362 1.34659 0.30518 1.75858 3.55911 14.59885 3.64304 7.78198
0.38528 0.00000 0.00000 0.00000 0.00000 0.00381 0.43869 5.09644 2.07520 0.44250 0.00000 0.57983 1.43051 0.93842 3.84140 8.57544 7.94220 5.80215 3.56674 2.86102 6.99234 5.48553 5.98907 3.60870 5.87463 3.80325 5.53131 11.26862 16.52145 4.60052 6.30188
0.00000 0.00000 0.00000 0.00000 0.00000 0.00000 0.08011 0.38910 4.00162 12.00485 8.81195 1.63269 7.91168 1.00708 3.14713 7.57217 6.90079 8.39996 7.29752 12.95471 8.94165 12.92801 16.02936 23.60916 20.65277 26.70670 6.50787 0.74005 14.12964 15.48767 10.66971
0.00000 0.00000 0.00000 0.00000 0.00000 0.00000 0.00000 0.02670 0.23270 2.73514 1.94168 9.51385 72.88361 30.05600 1.32370 8.95691 4.47083 3.81088 3.63541 11.54327 4.10080 4.43649 14.72473 9.84955 9.83429 71.63239 29.97208 12.10785 3.82996 2.26212 8.36945
0.00000 0.00000 0.00000 0.00000 0.00000 0.03052 0.00000 0.00000 0.09537 0.25558 1.01852 2.67410 19.27567 7.28226 29.52194 88.31787 60.75287 8.20923 7.41959 8.52966 14.78195 14.27841 8.35037 20.09583 35.16769 68.25256 38.70010 20.62988 38.68484 3.17764 1.32751
0.00000 0.02670 0.04196 0.08392 0.19455 0.03052 0.04196 0.00000 0.00763 0.00000 0.08392 0.31662 0.34332 0.76675 65.69290 16.89911 38.78784 60.16922 75.61111 22.47620 21.07239 57.00684 98.89221 67.30270 25.31815 15.19775 14.61411 119.70901 33.71048 5.15366 1.17493
0.09537 0.33188 0.84305 0.91934 1.32370 0.16403 0.14496 0.39291 0.19836 0.02289 0.05722 0.00763 0.00000 0.00000 0.01907 0.05722 0.46539 1.24741 12.88223 16.79611 43.93768 18.27621 46.36002 67.43240 31.65436 13.13400 17.20810 10.63156 19.66476 6.53458 2.06757
0.08011 0.48065 0.56839 0.79727 0.26703 0.84686 0.02670 0.20218 0.42725 0.08774 0.00381 0.01907 0.18311 0.38528 0.07629 0.20599 0.03433 0.18692 0.42343 3.20816 26.43967 27.69089 52.55890 33.43582 22.85767 16.58630 3.18909 4.41742 14.93835 2.62833 1.17874
0.06104 0.10681 2.05994 2.25067 1.14822 0.95749 0.78583 1.67465 1.00327 0.71335 0.35095 0.09155 0.30136 0.28229 1.19019 0.01526 0.11826 1.40762 7.56836 18.77213 16.04080 66.41769 6.42014 2.63977 23.78845 4.98199 1.61743 5.77927 19.11926 15.33890 10.84518
0.43488 0.53787 0.25558 0.57983 1.04904 1.93024 0.81635 0.71716 0.58746 1.35040 2.44904 1.20544 0.10681 0.92316 0.56076 0.21744 0.47302 1.01089 5.47791 6.59561 2.12860 109.74503 8.29697 15.65933 20.41626 0.96512 0.17548 7.75528 6.47736 15.38086 2.35748
1.31989 1.89590 1.25504 1.42670 5.15747 2.03705 0.57602 1.44958 1.49155 0.71335 0.43869 0.42343 0.49591 0.57983 0.19073 0.27847 0.15259 1.04141 2.01416 14.74380 3.88718 30.09415 8.04520 8.64792 11.06262 0.64087 0.57220 0.79346 2.66266 2.61307 1.52588
3.08990 5.17273 1.06430 4.20380 3.01743 1.88828 0.54550 1.19019 1.13297 1.09482 1.55640 0.60654 3.82614 1.37711 0.22507 0.10681 0.99945 7.39288 7.40433 23.07129 25.29144 9.06372 26.29852 8.69751 11.83701 1.74332 0.71335 0.78583 0.20218 3.01743 0.38528
1.38092 3.70407 3.04794 5.72586 2.46429 3.58963 1.15967 0.99945 0.48828 0.32806 0.41199 2.05231 9.33075 6.54221 2.77710 0.33951 2.63977 2.49481 6.22177 8.91876 16.04462 9.16672 16.51764 18.07022 20.94650 0.96512 8.21304 3.63541 0.77820 0.19455 0.15640
