DATA/RAW-RASTER/ECMWF/20170628/EN-26/20170710.en-26.asc
ncols			31
nrows			16
xllcorner		69.5
yllcorner		19.5
cellsize		1.0
NODATA_value	-99999
0.33569 0.38910 1.51062 2.09808 1.40381 0.72479 0.32806 0.03052 0.07629 0.46539 1.23596 2.30408 2.69318 4.82178 2.45667 0.68665 2.04468 0.93842 0.45776 0.38910 0.67902 0.30518 0.90027 0.59509 0.57220 0.06104 0.08392 0.02289 0.00000 0.00000 0.63324
0.01526 0.00000 0.09918 0.90027 2.94495 0.57983 0.25940 0.32043 0.07629 0.20599 1.70898 1.00708 1.07574 3.75366 4.61578 6.48499 7.23267 2.13623 1.09863 1.12915 2.56348 1.52588 0.85449 0.60272 0.01526 0.08392 0.07629 0.16022 0.40436 0.28992 0.16022
2.12860 0.01526 0.00000 0.41199 0.98419 4.84467 2.05994 0.01526 0.03052 0.01526 0.77820 0.70953 0.73242 1.31989 4.50897 6.71387 10.45990 0.44250 1.38855 0.93079 1.66321 1.65558 0.27466 0.25177 1.51062 1.92261 0.67139 1.31989 0.89264 1.50299 1.15204
0.00763 0.00000 0.00000 0.00000 0.19836 1.06812 5.71442 7.59888 0.00000 0.00000 0.11444 0.06104 0.02289 3.63159 5.18799 1.93024 0.73242 0.41199 0.68665 1.59454 2.34985 2.99072 3.79944 0.80872 0.51117 0.65613 1.29700 1.26648 0.70953 0.27466 0.51117
0.72479 0.00000 0.00000 0.00000 0.00000 0.29755 1.04523 2.72369 1.89972 0.12970 0.00000 0.00000 0.42725 7.56836 0.41962 0.47302 2.36511 0.30518 2.88391 3.76129 10.74219 5.24139 2.43378 1.21307 6.78253 8.63647 4.53949 0.80872 2.79236 0.33569 0.38147
0.08392 0.00000 0.00000 0.00000 0.00000 0.00000 0.25177 2.36511 2.47192 3.76892 13.21411 1.73187 4.44031 3.73840 5.04303 4.12750 5.34058 1.83105 5.65338 5.31006 6.90460 6.24847 5.18799 4.10461 7.78198 3.44849 7.37000 11.69586 9.16290 6.97327 11.55853
0.00000 0.00000 0.00000 0.00000 0.00000 0.00000 0.00000 0.00763 0.83923 3.24249 6.02722 7.40814 7.88879 5.62286 1.31989 3.66211 4.47083 9.39941 5.42450 8.25500 14.47296 13.14545 4.64630 11.83319 15.43427 10.29205 24.93286 8.43048 11.22284 16.32690 14.02283
0.00000 0.00000 0.00000 0.00000 0.00000 0.00000 0.10681 0.05341 0.08392 0.28992 1.42670 4.37927 6.56128 8.68988 5.80597 8.98743 5.39398 4.37927 5.92804 7.54547 3.50952 1.89209 8.17871 14.75525 15.00702 25.01678 25.98572 30.50995 27.09961 26.57318 24.41406
0.00000 0.00000 0.00000 0.00000 0.00000 0.00000 0.70953 0.15259 0.00000 0.00000 3.01361 1.03760 1.20544 9.94873 23.07129 23.42987 33.50067 15.50293 13.10730 14.51874 11.86371 10.08606 8.13293 8.06427 7.96509 5.24902 18.69202 43.92242 39.36768 24.04785 10.33020
0.03052 0.00763 0.00000 0.00000 0.00000 0.00000 0.00000 0.00000 0.00000 0.00000 0.00000 0.16022 0.38910 1.09863 1.20544 3.97491 6.05774 22.92633 18.11218 10.04028 7.16400 10.40649 7.40814 7.62939 4.73785 17.88330 32.38678 37.41455 21.43860 9.89532 7.37762
0.27466 0.04578 0.00763 0.00763 0.00000 0.00000 0.00000 0.00000 0.00000 0.00000 0.02289 0.00000 0.00000 0.04578 0.75531 1.09100 3.04413 6.37054 10.49805 2.24304 5.31769 3.83759 6.21033 6.41632 2.67029 39.10065 8.05664 6.06537 16.93726 14.32800 13.69476
0.10681 0.01526 0.01526 0.67902 0.90790 0.00000 0.22888 0.01526 0.00000 0.03815 0.00763 0.11444 0.00763 0.11444 0.17548 1.14441 6.50024 2.78473 0.39673 0.49591 1.32751 1.26648 7.43103 15.88440 20.20264 24.80316 15.42664 4.62341 10.47516 7.11823 7.39288
0.25177 0.13733 0.26703 0.22888 0.51117 0.19836 0.02289 0.00000 0.17548 0.79346 0.20599 0.73242 0.21362 0.42725 0.38147 7.86591 2.97546 0.05341 0.48828 1.09100 1.32751 1.02997 7.16400 42.22870 50.49133 26.05438 16.11328 17.02118 30.12848 17.11273 4.09698
1.01471 0.49591 0.01526 0.59509 1.08337 1.01471 0.01526 0.06866 0.60272 1.22833 1.01471 1.96838 0.71716 0.70953 5.76019 1.73950 0.98419 0.21362 1.35040 1.72424 3.84521 14.01520 21.19446 62.52289 61.87439 112.75482 63.20190 39.16931 13.73291 10.43701 13.18359
4.12750 1.03760 1.79291 3.48663 0.03815 0.64087 0.83160 0.25177 0.08392 3.11279 12.03156 10.52094 9.52911 15.32745 2.72369 0.33569 0.02289 0.68665 1.11389 2.12860 2.74658 6.89697 20.82825 24.40643 33.96606 58.35724 92.08679 33.32520 11.23810 8.86536 14.38904
3.28827 4.76837 5.84412 6.17218 0.64850 1.00708 0.55695 0.77057 1.51062 12.64191 21.22498 19.27185 28.96881 10.36072 6.26373 0.08392 2.54822 0.96893 2.01416 4.04358 1.58691 5.93567 12.51984 24.11652 28.96118 24.23096 35.04181 25.48218 3.69263 6.34003 7.03430
