DATA/RAW-RASTER/ECMWF/20170628/EN-26/20170630.en-26.asc
ncols			31
nrows			16
xllcorner		69.5
yllcorner		19.5
cellsize		1.0
NODATA_value	-99999
1.03760 1.60789 4.28963 3.76129 14.99367 13.22746 13.79776 2.50435 2.89154 3.54385 4.58336 7.60651 8.26263 7.29561 8.00705 9.18198 8.79288 7.90787 5.46837 5.57518 2.92969 2.33078 5.93376 4.30870 0.57793 0.12398 0.01526 0.00000 0.00191 0.00191 0.86021
0.16212 0.95558 2.37083 2.20871 22.67075 2.08092 1.52588 12.00485 13.26942 8.68988 4.46701 5.42450 7.15256 7.39479 5.70679 6.64139 8.01086 10.86426 6.40678 5.78690 2.25258 1.93405 0.57220 0.94032 1.55067 1.32179 0.50354 0.47493 0.22125 0.20027 0.29564
0.15831 0.92506 0.10872 0.76294 0.39673 0.41008 24.99390 41.43524 14.39095 4.84085 2.01797 3.30162 4.65393 9.14192 6.87027 4.26102 7.78770 14.86588 11.66344 4.79889 8.72231 9.51767 1.40572 1.20735 1.19972 1.64986 0.68283 0.23842 0.23270 0.81444 1.33514
1.19972 0.10490 0.00000 0.00000 0.15450 29.29306 174.91150 35.31456 26.19934 4.43268 3.43323 0.53787 0.72861 1.80626 1.78337 1.73569 3.91006 4.85229 8.30078 6.22940 11.15799 3.32260 2.17438 5.44167 1.35422 1.34087 3.10898 1.60217 2.63405 0.98228 1.31035
2.05231 0.65231 0.00191 0.51308 23.54622 14.80675 92.11731 121.22345 27.49634 16.80756 1.25694 1.40190 2.65503 0.99182 1.58691 0.61798 0.29755 2.03323 4.79698 6.35719 3.60298 5.61714 3.08228 4.89044 4.48036 2.92015 3.60298 3.46184 6.40678 5.63431 2.01607
2.67982 0.06485 0.29373 1.18065 1.03760 14.49013 241.00685 28.75328 15.29312 42.67311 5.12886 6.73866 3.74222 2.69318 1.37329 1.18637 2.43950 7.67326 3.39508 4.51088 14.21738 11.04164 9.31740 5.94902 3.78418 5.66673 10.13565 7.43484 7.77817 8.04329 9.41658
0.53406 0.01335 1.01280 0.51498 2.62260 9.79042 12.18987 24.19853 27.30560 32.52983 8.83102 11.97433 7.52449 7.43484 0.93651 4.68826 1.23596 1.20735 4.59671 2.87819 3.30544 8.27408 6.85883 5.09834 9.45663 30.96962 39.36577 16.34598 7.77245 9.68170 10.67734
0.06866 0.01526 0.24223 0.81444 14.34898 106.41861 28.27454 17.05360 7.79915 18.64052 7.80487 14.31656 15.93208 11.90758 8.44955 18.79311 12.41493 1.72234 1.80054 5.73349 13.82256 11.12747 21.12579 64.07738 57.08122 110.53276 28.41377 26.06392 44.16847 13.24463 7.45392
0.10300 0.86784 9.60350 5.95093 73.37189 16.06178 29.26445 24.27673 1.97411 3.24249 14.03046 12.60757 26.45683 16.79802 21.85249 20.76721 22.58301 19.92416 39.47639 20.52879 33.72002 117.59186 115.55099 64.82506 20.88547 15.69366 18.10646 70.39452 42.77039 17.20047 7.19452
0.00763 0.53215 13.31902 26.11542 12.48741 5.88226 4.20761 4.57954 1.35422 1.08147 2.23732 38.26714 28.88870 32.62711 20.94460 9.25064 9.28116 13.57269 8.57544 11.29532 9.10187 56.81992 58.33817 3.92342 17.98820 7.97844 26.31950 11.70349 14.85062 2.44331 2.66266
0.08202 0.44441 1.20926 47.23167 41.50391 19.18793 2.23732 10.79750 4.57954 5.86319 1.75095 6.79207 28.89252 35.48050 172.93930 6.93130 7.16400 9.38606 6.36101 5.69725 10.82230 24.20616 32.26852 23.13614 10.84518 64.92615 31.32820 11.47270 20.74814 7.78389 2.11143
0.21172 1.33324 6.58417 9.23347 10.57816 4.08936 0.49400 0.51880 1.16539 0.78964 12.00867 15.81573 17.47894 43.22052 22.21107 2.05040 1.15395 7.26318 13.99803 16.54053 25.64430 8.47816 6.87408 2.01797 30.71404 12.65717 3.58772 8.34846 15.87868 24.64867 13.32283
0.14305 0.71526 2.29263 4.80270 7.83920 6.13976 2.46620 2.55013 2.76566 1.36948 1.85013 2.09045 5.87082 30.68924 10.94818 3.87955 1.24550 1.28555 6.93512 13.67950 23.75984 10.57243 12.85553 3.00980 9.16290 3.69835 1.54686 1.94359 2.77138 39.43443 6.90460
1.06049 1.66321 0.90981 4.75311 7.05910 2.44331 3.48854 6.73103 2.69508 3.73077 1.50871 0.97847 2.97928 14.42909 4.90379 1.88446 0.83923 1.72424 5.88608 6.06918 3.47519 19.65904 10.62393 11.64818 10.33592 1.27792 1.03951 1.04713 9.22394 39.69193 16.60919
5.41687 1.53351 2.42805 9.43756 3.30925 2.96021 0.42152 1.69945 7.94792 7.08961 2.81525 0.51880 0.23651 0.23270 1.82343 1.07384 0.21744 1.33896 16.07513 11.35445 16.81519 16.58058 34.06715 20.35904 1.51253 2.23732 5.49698 0.83923 1.87111 4.90189 8.66508
3.28064 2.75612 3.44467 8.35228 8.34656 0.74577 0.91553 0.52261 1.45721 1.24168 5.69153 7.88689 8.86726 3.74603 7.75909 6.73103 3.39317 7.03621 9.34219 10.11658 5.86510 26.25656 30.02930 32.56416 45.45593 11.15227 25.39062 3.08990 1.75095 1.48201 6.03485
