DATA/RAW-RASTER/ECMWF/20170628/EN-26/20170706.en-26.asc
ncols			31
nrows			16
xllcorner		69.5
yllcorner		19.5
cellsize		1.0
NODATA_value	-99999
0.01907 0.83542 5.59998 1.32751 0.05341 0.33951 0.27466 0.00763 0.11826 0.55695 1.48392 3.41034 4.53186 5.13077 4.98199 8.22830 3.25012 0.66757 2.33459 3.01361 0.94986 1.97220 0.44632 0.28610 0.46158 0.61798 0.55313 0.73624 2.45285 10.62012 18.20755
0.18311 0.25177 3.13568 5.89371 4.72260 2.40326 0.93079 4.34494 0.37003 0.82397 4.00162 2.49100 5.29099 3.82996 9.28116 3.39127 1.01089 0.61417 2.44904 0.78964 1.65939 1.80435 4.70734 7.13730 12.52365 6.48499 2.26974 8.09097 10.80322 12.96234 13.16071
0.00000 0.15259 0.38528 7.92313 16.21628 37.05597 12.40921 1.78528 1.19400 0.37003 1.02615 1.20926 1.85394 1.42670 1.09482 2.25449 1.35040 3.77274 7.43103 5.24139 4.85992 18.43262 22.76230 23.26202 12.46643 9.81140 12.31766 17.80701 14.82391 3.73840 8.47244
1.99509 0.29755 0.18692 0.28610 4.48608 28.03040 38.81073 9.90295 0.18311 0.02670 0.00000 0.01144 0.18692 0.61798 0.53406 0.37384 4.04739 9.28879 7.12967 11.89804 14.14871 20.68710 9.01031 1.94168 1.09100 0.22125 1.83105 4.98581 10.42938 12.55417 7.46918
0.62943 0.00000 0.00763 0.00000 0.00000 0.74387 2.13242 7.05719 3.17001 0.41199 0.08392 0.43106 0.38147 0.22888 0.92316 1.49536 4.04358 7.82776 11.98196 15.44952 8.86154 4.93622 1.02615 2.49100 3.81470 0.93842 0.51498 0.71716 13.26752 18.23044 11.56616
0.35477 0.00000 0.00763 0.00000 0.00000 0.00000 0.49591 1.88065 3.79944 6.86264 8.09097 4.50516 5.73730 0.04196 0.16403 1.14822 11.83319 9.75800 10.08606 10.27298 8.80432 6.12640 8.43811 10.99396 15.06805 22.96448 4.63867 0.41199 4.52805 15.68222 11.63101
0.00000 0.00000 0.00000 0.00000 0.00763 0.00000 0.00000 0.00000 0.57602 4.79126 2.88010 6.16074 4.71497 1.22833 1.74332 7.41196 6.48880 4.42505 5.07355 8.70132 8.52966 13.01956 16.79993 9.30786 23.82278 55.58777 40.45868 8.03757 1.91116 2.59399 5.43213
0.00763 0.00000 0.00000 0.00000 0.00000 0.00763 0.00000 0.00000 0.00000 0.35095 2.41852 4.64249 8.75473 22.46475 44.00635 98.49167 18.71490 6.66809 4.06647 3.72696 6.97327 16.92581 7.15637 42.48810 45.34912 48.30933 38.29956 13.96179 17.90237 3.62015 2.63596
0.00763 0.00000 0.03052 0.21362 0.01526 0.00000 0.00381 0.00763 0.00763 0.00763 0.00000 0.06485 0.40054 1.62888 3.10898 6.36292 17.14325 34.27505 57.65533 43.17093 25.84839 45.60089 80.25742 44.70444 17.67349 18.63098 15.35797 65.15884 76.64108 4.78745 3.40271
0.04196 0.04196 0.32806 0.69809 0.51498 0.00381 0.00000 0.00000 0.01907 0.00000 0.00763 0.00000 0.00000 0.01907 0.01526 0.41962 3.16620 1.94931 13.11111 20.53452 11.11603 1.11008 16.41846 17.54761 17.28058 15.46860 21.03043 13.29803 40.34042 16.72363 9.28497
0.01907 0.19836 0.19073 0.11444 0.04959 0.08392 0.00763 0.01144 0.01526 0.20599 0.20981 0.15640 0.00000 0.00000 0.00000 0.26703 1.61362 1.22833 0.90408 5.52750 20.20645 15.77759 55.13000 20.51163 16.42227 13.92746 11.24573 16.17432 26.96609 6.31332 1.39236
0.04959 0.08011 0.85068 1.37329 0.73242 0.14877 0.17548 0.72098 0.20218 0.09155 0.59128 0.24796 0.01907 0.18311 0.04196 1.05667 6.60324 2.58636 14.88876 16.83044 6.66428 9.28879 5.28336 3.52478 12.69531 6.76346 2.60925 7.89642 3.53241 2.19345 1.85013
0.52261 0.21362 0.18311 0.33951 0.81635 0.78583 0.13733 0.88120 3.21960 0.91171 0.75150 0.08774 0.00763 0.71335 1.17493 6.00433 3.89481 6.20270 9.02176 7.05338 21.92688 8.70895 8.25119 14.26315 14.15253 4.83322 1.07193 1.68610 8.14819 22.48764 3.05557
0.35477 0.78201 1.46484 1.77002 3.91388 1.01471 0.55695 1.27411 1.58691 0.29373 0.19836 0.02289 0.11063 0.37766 0.67139 1.37329 1.78528 1.72806 10.80322 14.20975 1.87683 14.70184 4.91333 7.28607 2.58255 0.57602 0.20981 1.59836 4.39072 4.66919 8.72421
2.20108 2.95258 1.67084 4.45557 2.96402 0.98038 0.58365 0.91171 0.19836 0.44632 0.11826 0.06104 0.08011 0.80109 0.36621 1.26266 3.95966 2.11334 3.13950 8.99506 6.57272 8.63647 18.55850 12.25281 1.39618 0.31281 3.81088 0.67902 5.33676 49.86954 22.68600
2.42233 1.85394 3.91006 8.01468 0.83160 1.09863 2.78091 1.19019 0.22507 0.21744 0.35095 5.80215 0.65231 4.13132 3.66974 4.22668 3.58200 1.89209 3.64685 4.45175 2.09808 3.12042 6.38962 11.15036 17.68875 4.41742 17.72690 0.64087 0.56458 0.50354 4.39072
