DATA/RAW-RASTER/ECMWF/20170628/EN-26/20170709.en-26.asc
ncols			31
nrows			16
xllcorner		69.5
yllcorner		19.5
cellsize		1.0
NODATA_value	-99999
0.48065 4.04358 1.78528 3.37982 0.01526 0.21362 0.00763 0.01526 0.22888 1.05286 0.98419 2.53296 2.09808 0.77820 0.06104 0.00000 0.03815 0.06104 0.05341 0.59509 0.23651 0.38147 0.26703 0.18311 0.09155 0.43488 0.83923 0.91553 0.59509 0.31281 0.55695
0.14496 1.41907 2.38037 2.62451 3.20435 0.03052 0.15259 0.89264 0.25177 2.47192 1.93024 2.35748 2.05994 1.08337 0.02289 0.00000 0.00000 0.03052 0.03815 0.41199 0.79346 1.21307 0.12207 0.04578 0.06866 0.95367 0.66376 2.75421 0.69427 0.41199 0.44250
1.90735 0.73242 0.09918 0.48828 2.76184 1.80054 4.40979 0.03052 0.14496 0.64087 1.57166 1.66321 1.12915 0.51880 0.16022 1.24359 1.30463 1.61743 1.25885 2.38037 2.18201 1.41144 0.04578 0.90027 0.93842 0.29755 1.03760 0.62561 0.50354 0.71716 0.48065
0.48828 0.04578 0.05341 0.00000 0.06866 0.25177 2.25067 3.20435 0.03052 0.22125 0.26703 0.48828 1.30463 3.60107 0.59509 0.38910 0.90790 1.15204 2.66266 1.92261 1.97601 1.17493 1.44958 1.21307 0.81635 2.41852 1.11389 0.61798 0.48065 0.83160 1.12915
0.38910 0.00000 0.03052 0.02289 0.16785 1.84631 0.28992 2.21252 1.38092 0.36621 0.00000 0.00000 0.22888 1.09863 1.88446 1.69373 1.11389 3.11279 4.36401 2.98309 1.83105 3.05939 1.99890 0.83160 2.92206 12.23755 3.43323 1.89209 3.02887 3.14331 2.78473
1.17493 0.00763 0.00000 0.00000 0.00000 0.00000 0.09155 0.27466 1.42670 3.70026 5.56946 0.96893 2.20490 0.19073 0.44250 12.75635 4.22668 3.58582 7.82013 13.06152 2.39563 9.15527 6.75964 4.41742 7.51495 1.49536 4.12750 7.72095 26.98517 21.76666 14.19830
0.00000 0.00000 0.00000 0.00000 0.00763 0.00000 0.00000 0.01526 0.00000 1.27411 3.57056 14.91547 5.92804 1.20544 0.99182 3.14331 6.35529 12.99286 6.14166 3.20435 19.31763 12.69531 24.28436 12.92419 8.36945 4.31061 4.39453 14.48822 17.41791 15.68604 8.14056
0.00000 0.00000 0.00000 0.00000 0.00000 0.00000 0.00000 0.00000 0.00000 0.00000 0.12207 1.85394 17.41028 12.04681 10.97870 4.89044 17.86041 2.81525 10.28442 13.51166 11.85608 12.68768 7.63702 20.50018 4.44794 19.27185 34.84344 16.05225 12.43591 17.13562 15.64026
0.00000 0.00000 0.00000 0.00000 0.00000 0.00000 0.00000 0.00000 0.00000 0.00000 0.00000 0.01526 0.17548 5.17273 15.88440 3.60870 32.84454 22.23969 23.63586 35.47668 51.63574 55.10712 25.68817 14.77051 0.68665 4.13513 7.01904 5.72205 11.34491 9.07898 13.05389
0.09918 0.19836 0.03052 0.00000 0.00000 0.00000 0.00000 0.00000 0.00000 0.00000 0.00000 0.00000 0.00000 0.08392 0.84686 2.42615 4.54712 5.63049 10.65826 17.93671 25.82550 4.18091 36.23962 4.57764 1.31226 2.89154 10.04028 57.22809 6.51550 4.97437 15.53345
0.61035 0.16785 0.21362 0.02289 0.00000 0.00000 0.00000 0.00000 0.00763 0.30518 0.00763 0.01526 0.00000 0.00000 0.02289 1.56403 1.01471 5.95093 10.21576 15.77759 14.03809 14.81628 52.55127 17.71545 1.76239 6.27136 16.25824 13.78632 10.64301 1.89209 10.90240
0.03815 0.51880 0.62561 0.25940 0.10681 0.42725 0.92316 0.21362 0.09155 0.02289 0.00000 0.01526 0.03052 0.07629 0.01526 0.63324 2.99072 0.80109 0.69427 0.93842 3.10516 4.80652 7.34711 2.40326 2.19727 2.75421 4.91333 18.24188 21.49200 3.95203 8.97217
0.25177 0.78583 0.14496 0.25177 1.52588 0.90027 0.22888 0.09918 0.02289 1.25885 0.55695 0.50354 3.59344 3.91388 3.89099 3.10516 1.57166 1.52588 7.71332 15.12909 11.72638 2.80762 3.78418 9.88007 13.75580 2.53296 6.66046 13.82446 20.69092 7.11823 12.96997
1.89209 0.81635 0.56458 1.90735 1.99127 1.38092 0.22125 0.55695 0.07629 0.58746 1.95312 7.03430 10.58197 13.99994 2.92969 4.50134 3.28827 1.02997 0.96130 3.92914 4.07410 5.13458 1.47247 9.49097 4.67682 2.39563 24.74976 27.01569 15.43427 16.60156 21.66748
1.25122 1.41144 0.86975 1.22070 3.57819 0.67139 0.59509 0.08392 2.63977 10.62775 10.52094 5.79834 4.31824 2.43378 2.63214 6.75964 3.87573 1.05286 0.98419 1.59454 1.66321 3.46375 7.84302 10.19287 1.71661 7.98798 27.00043 74.29504 108.42896 65.75775 35.94971
2.28119 1.56403 5.05829 11.78741 1.97601 3.47900 0.39673 0.40436 16.18195 14.27460 33.82874 7.94983 11.75690 13.48877 2.47955 2.09808 2.15912 0.60272 0.90027 1.09100 1.67847 2.38037 5.06592 6.72913 14.70184 8.34656 28.57971 34.62982 31.60095 10.77271 41.51917
