DATA/RAW-RASTER/ECMWF/20170628/EN-26/20170712.en-26.asc
ncols			31
nrows			16
xllcorner		69.5
yllcorner		19.5
cellsize		1.0
NODATA_value	-99999
0.64087 1.41144 1.51825 1.83105 1.36566 0.86212 0.13733 0.01526 0.15259 0.21362 0.14496 0.77820 1.86920 4.55475 2.89154 1.67847 1.13678 0.66376 1.49536 1.31226 1.54877 2.95258 5.47028 5.58472 9.26971 11.07025 7.28607 3.37219 3.54004 5.21088 4.40979
1.75476 1.73187 2.34222 7.63702 1.38855 3.73077 0.16022 0.76294 0.07629 0.01526 0.64087 0.41962 1.79291 1.35040 4.21143 6.81305 5.30243 1.29700 1.14441 0.52643 0.86212 2.47955 6.14929 4.43268 5.53894 16.07513 32.80640 22.07184 8.43811 2.15149 0.95367
0.14496 0.12970 0.04578 1.26648 2.21252 8.75092 1.67847 0.06866 0.15259 0.00000 0.40436 0.76294 0.14496 0.97656 2.83051 4.68445 13.79395 4.91333 1.22833 0.38147 0.25940 0.40436 5.45502 8.94928 8.90350 12.43591 11.69586 20.86639 2.78473 0.66376 0.32806
0.00000 0.00000 0.00000 0.02289 0.06104 1.14441 8.00323 57.73163 0.51117 0.28992 0.71716 1.31989 3.47137 7.24792 6.95801 2.14386 12.08496 12.26807 7.04956 9.80377 0.51880 0.61798 5.69153 5.63812 9.52911 18.41736 19.00482 6.05011 10.27679 0.86212 0.04578
0.18311 0.00000 0.00000 0.00000 0.00000 0.03815 2.87628 6.85883 4.80652 0.94604 0.12207 0.17548 4.05121 11.00922 7.89642 9.59015 8.47626 13.71002 4.02832 8.26263 6.13403 5.44739 15.62500 14.66370 12.21466 10.94818 16.83044 26.03149 15.25879 2.22015 0.91553
0.51117 0.00000 0.00000 0.00000 0.00000 0.00000 0.03052 0.79346 17.66205 38.30719 104.88129 16.55579 10.80322 6.87408 14.68658 12.55035 11.51276 3.84521 5.50842 6.17218 10.90240 26.03149 9.50623 15.97595 7.96509 13.82446 11.14655 26.32141 15.29694 6.14166 1.84631
0.00000 0.00000 0.00000 0.00000 0.00000 0.00000 0.01526 0.00000 0.74768 7.29370 32.01294 96.51184 88.54675 14.43481 12.91656 6.06537 13.88550 19.49310 18.92853 7.57599 6.05011 13.21411 22.13287 6.25610 12.75635 22.86530 21.58356 15.84625 22.46857 13.00049 0.47302
0.00000 0.00000 0.00000 0.00000 0.00000 0.00000 0.01526 0.28229 2.83051 3.25775 7.52258 21.71326 29.68597 23.90289 66.29944 60.68420 30.44891 6.21796 7.96509 4.45557 10.18524 17.00592 11.55853 40.03906 10.78796 9.34601 19.16504 13.18359 18.50128 6.88171 1.19019
0.00000 0.00000 0.00000 0.00000 0.00763 0.20599 1.49536 0.02289 0.15259 0.38147 0.81635 2.84576 2.91443 2.43378 9.25446 20.52307 31.03638 51.71204 98.99902 79.53644 38.13934 26.95465 21.66748 13.78632 8.06427 26.32904 4.15039 12.06207 15.12909 6.27899 0.89264
0.00000 0.00000 0.00000 0.00763 0.13733 0.00000 0.51880 0.03052 1.02997 0.42725 3.88336 7.03430 8.44574 14.53400 8.95691 9.85718 8.76617 17.77649 40.35187 32.75299 20.23315 11.60431 27.34375 9.81903 17.15851 14.67896 8.94928 24.27673 6.35529 4.40216 2.82288
0.03052 0.01526 0.03052 0.43488 0.00763 0.07629 0.00000 0.51880 0.38147 7.25555 18.34869 37.34589 13.53455 6.33240 12.66479 3.67737 3.95966 4.15802 24.68109 15.56396 11.93237 7.14874 12.93945 37.73499 2.28882 2.95258 5.11932 3.77655 40.08484 3.80707 1.89972
0.05341 0.54169 0.35095 0.60272 0.51880 0.03052 0.03815 6.67572 6.77490 13.50403 14.03809 20.85114 48.05756 11.57379 1.12152 3.48663 6.34766 13.06152 17.76123 13.95416 6.95801 2.31171 45.47119 8.43811 4.41742 2.28882 3.33405 15.32745 13.07678 11.58142 13.08441
0.74768 0.12970 1.00708 1.06812 0.68665 1.07574 4.21906 2.92206 15.19012 11.88660 26.25275 45.42542 6.88934 15.96832 12.86316 2.69318 3.72314 11.65771 27.99225 13.21411 7.96509 4.24957 16.05988 46.81396 14.80865 9.20105 4.85992 8.94928 7.66754 2.65503 14.77051
1.04523 0.50354 1.22833 1.25885 1.80817 3.18146 8.67462 7.85065 7.38525 22.52960 21.37756 12.77924 6.81305 2.66266 2.49481 4.98199 1.82343 4.90570 18.16559 10.64301 8.32367 15.85388 6.03485 33.33282 6.27136 12.13837 1.17493 8.46863 15.11383 5.47028 3.53241
2.29645 4.25720 1.39618 1.72424 0.69427 4.82941 8.55255 23.06366 22.19391 16.11328 35.30884 23.09418 13.51166 10.22339 1.13678 1.50299 2.99835 9.38416 12.40540 9.55200 11.10077 13.26752 15.49530 4.38690 9.71222 2.79999 4.21906 3.10516 1.06049 6.67572 2.63214
1.26648 2.19727 5.12695 4.12750 1.60980 9.02557 25.60425 39.86359 29.33502 16.56342 17.79175 8.36182 6.88934 7.94220 1.86157 9.52911 2.44904 5.14984 12.63428 15.01465 16.79230 16.99066 18.27240 23.30017 93.99414 3.04413 6.98853 6.42395 2.89917 3.80707 8.62885
