DATA/RAW-RASTER/ECMWF/20170628/EN-40/20170630.en-40.asc
ncols			31
nrows			16
xllcorner		69.5
yllcorner		19.5
cellsize		1.0
NODATA_value	-99999
1.23596 0.33760 2.08855 0.73814 2.94304 6.21414 2.04849 3.70026 3.84331 6.26564 10.71167 8.94165 9.38034 9.95636 12.91275 16.38985 10.66017 8.74519 10.04601 5.96428 5.39589 3.11661 9.66454 6.61087 4.24576 2.69318 3.22151 0.06866 0.00000 0.04005 0.11063
0.00000 0.10681 1.98174 0.84305 5.16701 3.29208 2.13623 4.37164 5.56374 4.88091 11.02066 9.15527 15.56396 11.55472 15.03181 8.85201 7.12967 6.07109 9.01413 8.26263 7.50351 6.77681 15.00702 13.72337 10.56480 7.89452 10.15472 4.28391 0.42534 0.02098 0.37956
0.07248 0.58937 0.01335 2.82288 8.41713 1.52397 7.02477 11.32584 6.56891 5.96428 2.09045 4.12941 1.78528 3.14522 1.44577 1.29318 4.41933 5.58090 2.36320 2.14195 4.50706 14.24217 5.07545 10.32066 9.85909 10.41985 13.11874 11.59477 4.01306 0.81635 0.82588
1.46675 1.13297 0.24796 3.98827 2.23351 4.65393 26.09253 20.26558 12.98141 1.82915 6.27518 1.09482 1.79672 2.30026 0.57220 0.68855 0.76866 2.05803 2.62833 1.90735 3.24821 2.70462 11.05690 12.30431 12.90321 4.39835 7.38907 6.30569 6.75011 8.82530 1.16539
2.17819 0.33379 0.15831 1.13869 6.52313 29.33121 119.48013 17.91763 6.54030 12.34818 1.76430 4.86946 2.70081 0.53787 0.96703 0.08011 0.29564 0.28229 1.19972 0.92888 1.41144 2.84958 1.77383 1.00327 1.56975 3.01170 1.25122 5.64575 13.13782 8.33702 9.52721
2.24495 0.33569 0.13351 0.98801 3.11852 10.57243 21.68274 27.71378 32.94563 13.86642 19.56177 7.84874 4.20761 0.91362 1.37329 1.28937 1.17874 2.51198 4.17900 2.35939 1.77193 4.32396 1.98936 4.41170 4.89616 10.55908 2.15340 1.45531 5.35774 4.44984 15.85388
0.12779 0.32806 0.85258 1.27220 5.16891 15.19394 14.76860 12.19368 19.76585 10.58388 22.01271 16.05988 17.64679 10.24628 1.01852 2.37083 1.68037 2.80571 1.49536 5.81360 1.92833 0.79727 9.63593 4.35066 9.78470 42.17720 41.94832 11.18088 3.52097 5.78308 7.33376
0.57793 1.37711 1.68419 2.41661 14.78577 17.61246 47.81723 22.68982 13.62038 19.03152 29.98543 53.17497 27.29225 30.31349 31.15273 21.52824 3.90053 3.10898 4.06456 0.72670 2.24876 13.55171 8.18253 35.02655 21.51299 38.04588 33.14590 10.71358 49.19052 6.07681 12.04872
0.24605 0.92888 0.52643 1.99509 11.40213 18.15224 12.89940 11.81984 12.02202 4.78172 11.78741 46.34285 27.79007 25.87509 15.04707 12.48360 3.39890 15.00702 51.64909 79.61464 81.70319 110.24475 41.46767 29.97780 17.00783 8.06999 16.76559 16.61873 37.49084 16.56914 3.73077
0.26321 0.68474 2.03514 5.66483 16.09039 2.17056 15.06805 14.51492 5.35011 5.73540 19.33861 14.60266 8.37517 12.35580 28.43857 7.23076 7.04002 19.00482 5.36537 13.67950 4.19807 4.32968 12.11548 6.59943 6.42204 10.84518 22.68791 21.02089 76.21574 45.58754 16.73889
3.85666 6.77109 11.01112 9.95255 23.89336 15.98549 15.27977 10.08987 3.53241 17.80510 13.38387 9.05228 4.26102 7.94220 6.60324 7.46346 71.13838 7.51495 7.89642 11.12747 4.59480 8.16345 19.50073 5.36728 6.88362 22.18246 6.86646 24.93095 26.57318 13.34763 19.18030
12.49695 15.45334 20.15495 34.30748 10.08034 15.08713 17.67921 9.55772 9.51004 3.57819 6.56319 7.88498 4.83322 8.72993 5.26047 1.94359 13.76534 15.22446 11.11221 3.90434 3.38745 1.98364 4.32777 1.47820 17.94052 12.55989 5.57137 22.64977 15.78522 16.64352 9.30214
14.45198 13.27896 11.61766 88.05847 24.46747 9.52721 2.49672 14.50157 2.48337 24.16039 9.05800 3.61824 11.19995 9.77707 8.76427 2.98691 3.82805 12.68387 13.91411 7.49779 2.34604 5.95093 5.28336 7.95364 26.18217 3.15857 0.80299 4.38309 20.96176 9.00841 6.21414
5.14793 1.86920 0.74387 1.41716 2.43568 0.77629 1.45721 4.77600 8.82912 11.41357 11.38687 10.11086 10.68115 21.53778 25.45357 20.66612 1.71280 1.22452 10.75363 9.83429 7.43484 24.79362 14.93454 18.59093 9.59015 1.45340 0.77248 4.83513 14.40239 18.99147 12.38251
18.30101 6.64139 4.72832 10.14709 4.87900 0.61798 0.73814 2.88010 12.97379 9.99641 13.24081 7.61795 5.63622 15.68604 10.77652 6.67572 0.85068 2.93350 3.12424 11.95908 35.26497 21.92497 59.60846 23.06366 16.95442 0.88692 7.12585 19.82880 8.22067 14.28413 28.94020
3.34358 6.35529 4.47845 11.45363 1.85776 2.07901 0.33951 1.07002 12.52747 3.17764 7.68661 7.47490 4.76456 10.02884 2.29073 4.89616 5.59998 3.90816 8.30078 4.09698 17.18330 41.64314 54.23546 40.94887 45.36438 16.64352 17.55905 13.62419 0.62752 0.93842 14.49966
