DATA/RAW-RASTER/ECMWF/20170628/EN-40/20170628.en-40.asc
ncols			31
nrows			16
xllcorner		69.5
yllcorner		19.5
cellsize		1.0
NODATA_value	-99999
3.25966 11.28006 6.53458 3.37410 11.10268 2.16293 2.37274 1.11961 0.92316 0.25558 1.06812 5.55229 5.36919 4.87709 5.43785 5.64766 3.84140 0.49210 0.57983 0.76675 0.76294 0.77438 0.81444 1.21117 0.72098 0.75340 0.23460 0.48447 2.54250 1.70135 5.48935
1.84822 7.02667 14.17732 12.43591 4.34303 11.86562 3.89099 1.69182 0.96512 0.35667 1.28555 1.87874 3.29971 8.16727 5.00679 2.95067 2.15721 2.82669 6.35719 1.56212 1.29128 1.11389 0.60844 1.32942 1.18637 0.63515 0.23842 0.44441 0.00000 0.11635 1.42097
14.84680 19.15359 16.71600 5.12314 2.74086 4.48990 6.90842 4.37546 5.66101 1.73950 0.49210 1.00136 3.89671 1.28937 1.08528 5.29480 8.71277 5.35583 8.03185 5.18990 6.93703 4.06647 2.77519 3.11470 2.92015 1.31607 0.46921 0.27657 0.30136 0.78964 0.36240
19.08112 26.63422 19.00673 20.39909 1.64604 0.10681 7.93648 20.37621 6.52313 0.24414 0.28038 1.39999 0.72670 10.65445 6.41632 5.32722 6.06918 9.60350 11.87134 9.58252 4.15230 6.50406 7.94601 4.32014 2.95258 1.62125 1.55067 0.65422 1.02615 1.87302 4.39072
15.56396 21.97075 24.97482 9.89914 9.78279 14.00757 0.82779 3.75938 3.56865 2.24304 0.14114 1.51062 3.95966 3.80516 3.96919 3.68309 8.07762 13.23318 11.17134 16.18195 24.09935 10.90431 13.74626 12.42638 3.91006 8.23975 7.05910 1.01089 6.29234 1.47438 8.04520
17.58385 16.61491 7.37953 10.19096 10.33020 3.61061 4.52232 4.80843 2.97928 6.28662 9.86290 1.77956 2.17056 0.70572 8.73566 3.98254 1.77193 3.78418 9.02367 15.96451 7.11060 10.87570 9.35555 7.11250 5.99670 13.18359 4.65775 6.31905 10.99968 4.07600 9.45282
9.61304 4.13704 17.85851 5.98526 5.86128 11.08551 11.86371 22.53342 2.49481 2.55203 2.94495 11.12366 16.46614 11.42311 9.95445 4.49181 1.41335 4.47655 1.23596 1.15204 2.83241 1.27411 7.24220 3.84140 14.80865 17.38548 8.87299 7.41577 1.39236 12.73918 7.31087
23.63968 3.42369 8.44574 2.51579 4.58908 6.63185 4.98199 36.20148 32.90176 6.34956 1.60027 1.94359 3.38554 9.79233 18.37921 6.08063 11.57379 0.65994 0.32425 2.57111 4.05312 9.33838 4.18091 18.72826 57.54471 7.59506 11.67297 20.35141 65.52887 28.25737 13.95798
8.42857 1.44005 6.67000 4.81224 2.24304 7.76482 16.80565 37.40501 27.42767 33.04672 23.01216 2.10190 5.14603 8.72231 1.99699 1.00708 0.05722 16.01982 18.44215 22.69936 64.03542 48.42186 55.95398 5.14221 27.21977 16.87622 15.24544 72.25990 54.74281 10.62393 8.97598
0.63515 1.03760 5.15556 2.27547 31.61812 28.71895 11.47079 10.78987 10.72884 47.25266 34.64508 2.65694 0.90790 1.25694 0.21362 0.51689 6.66237 11.94763 68.22968 22.22824 73.26508 124.09210 24.62387 1.81770 24.80507 30.75981 21.79146 24.39117 27.63367 7.94983 14.29939
11.30104 3.11279 2.06566 1.50681 8.89587 1.42479 2.67792 4.50706 38.88512 63.77602 12.69722 5.44548 1.80244 0.77438 4.72069 1.88446 2.16866 43.49899 3.78799 3.73268 7.59125 15.10620 34.14917 61.21635 26.66855 33.14972 15.31029 10.41412 29.23393 17.80510 13.65280
8.96835 3.60298 1.31416 1.14441 1.74904 1.05667 7.78198 4.07219 7.57217 80.76477 43.78700 54.48151 12.30240 7.93076 1.21117 2.40898 3.55148 2.98882 2.00844 19.90700 1.78528 0.81825 4.66919 33.48923 29.86908 9.86862 1.75667 11.95526 17.70401 24.78600 12.75063
3.25012 1.92642 2.49481 3.10326 4.93813 0.86403 0.56839 0.91743 10.99396 12.67433 53.39050 23.30208 19.05632 117.34200 16.85143 7.47490 6.80733 6.26564 2.59972 3.14331 3.75557 1.18446 5.74684 17.41600 13.71002 3.35884 0.84686 19.00291 27.68707 8.50296 31.84319
5.80025 2.76375 1.62697 3.11661 1.71852 2.28500 6.66428 2.32506 0.70953 8.64029 43.49518 21.20590 27.65656 39.01482 33.55789 12.14409 2.85912 17.59911 4.82178 3.47328 2.46048 4.99344 0.73051 15.15198 6.40106 0.78392 1.70898 5.33295 16.77895 27.27127 10.14900
16.48903 6.57463 7.38144 12.34055 14.55307 13.09013 4.06265 0.46539 0.74196 4.10080 7.31277 12.20322 31.68678 58.81119 26.79253 26.33476 5.10788 6.53458 3.53050 8.31413 4.32777 4.05693 13.17978 8.68034 11.43837 0.77248 1.80626 1.85394 11.66725 25.03777 13.24654
40.76958 32.32193 23.42415 43.29872 6.12640 6.47163 3.32832 3.84903 0.89455 3.36266 32.38297 40.26794 15.79475 32.88269 7.63130 18.23997 28.31459 5.88036 12.69913 2.37083 1.98174 3.18909 7.37762 20.30754 19.13071 1.64986 9.11331 1.99318 1.81007 5.24521 8.48961
