DATA/RAW-RASTER/ECMWF/20170628/EN-40/20170712.en-40.asc
ncols			31
nrows			16
xllcorner		69.5
yllcorner		19.5
cellsize		1.0
NODATA_value	-99999
3.79944 1.62506 10.49805 3.41797 2.40326 1.23596 1.41144 0.25177 1.00708 2.27356 1.77765 0.07629 0.65613 0.00000 0.00763 0.00763 0.21362 0.06866 0.17548 0.74005 0.72479 0.57220 0.66376 0.98419 1.05286 0.98419 1.06812 0.95367 0.41199 0.16785 1.69373
0.00000 0.25940 12.44354 1.85394 8.18634 0.34332 0.40436 1.04523 1.06049 0.35858 1.68610 0.32806 0.82397 0.11444 0.76294 0.53406 0.57983 0.32043 0.55695 0.37384 0.65613 0.92316 2.13623 2.82288 1.62506 4.84467 3.60870 1.78528 2.06757 1.62506 5.95093
0.27466 0.92316 12.19940 6.71387 4.59290 3.08228 0.80109 0.18311 2.25830 0.03815 1.09100 0.13733 0.02289 0.34332 0.41962 0.32806 0.61035 0.40436 0.63324 0.25940 0.16785 0.01526 0.41199 2.43378 2.21252 1.38092 1.05286 2.31934 4.82941 4.40216 7.56836
0.06104 0.98419 0.53406 2.68555 3.84521 2.55585 7.21741 1.98364 7.37762 5.81360 7.46155 0.78583 0.19073 0.43488 1.16730 0.46539 0.41199 0.56458 0.23651 0.24414 0.05341 0.27466 0.77820 0.21362 0.79346 1.87683 6.82068 8.42285 5.75256 10.23865 10.41412
3.82996 2.79999 3.95966 0.06104 0.92316 0.45013 2.63977 5.93567 5.56946 13.07678 10.41412 18.56995 9.10187 7.39288 6.41632 1.36566 1.57928 1.24359 3.77655 2.24304 1.07574 1.02997 3.68500 4.86755 4.61578 8.37708 6.96564 14.51111 14.18304 18.91327 31.43311
7.49207 0.22125 0.38147 0.79346 0.41199 0.00000 0.28229 3.75366 4.53949 12.00867 8.65936 19.99664 10.54382 7.53021 9.89532 9.05609 8.88062 6.43921 9.82666 9.49860 7.82013 12.14600 6.95038 11.68823 25.26093 36.09467 19.05823 17.81464 19.69147 21.76666 13.96179
0.15259 0.00000 0.57983 0.03815 0.09155 0.29755 0.02289 3.22723 6.73676 8.56018 83.70972 3.01361 13.54218 11.51276 16.81519 14.04572 10.73456 11.54327 18.56995 17.51709 36.14044 20.59174 36.88049 19.66858 25.65002 19.39392 2.02942 17.02118 4.91333 11.35254 12.04681
0.00000 0.00000 0.00000 0.65613 0.51117 0.44250 0.12970 3.39508 1.96838 28.41949 5.69153 11.93237 4.17328 11.14655 7.88879 13.59558 22.72034 20.01953 16.76941 5.46265 13.07678 23.53668 10.10895 20.08820 30.96771 16.89148 26.55792 24.95575 46.45538 10.95581 15.54871
0.00000 0.00000 0.00000 0.10681 0.22888 1.33514 3.47137 7.45392 28.19824 5.63812 14.10675 2.76184 11.10077 9.69696 7.43866 2.58636 5.29480 22.44568 13.55743 52.94800 2.88391 1.70898 17.43317 9.80377 40.42053 10.41412 42.09137 57.83081 28.22113 20.43152 30.99823
0.03052 0.03815 0.03052 0.02289 0.41199 1.91498 8.70514 10.78796 16.17432 17.04407 14.97650 1.64032 6.53076 9.17816 9.78851 2.78473 8.00323 6.56891 21.45386 20.38574 14.32037 24.44458 55.88531 14.40430 36.75079 36.01074 46.49353 35.79712 28.01514 9.70459 11.54327
0.04578 0.78583 0.41199 0.47302 0.75531 2.17438 6.70624 20.92743 14.41956 13.04626 17.19666 2.79236 0.51880 3.13568 7.23267 2.12097 2.30408 4.72260 8.70514 7.91931 21.28601 16.38794 36.05652 10.74219 22.28546 22.56775 19.82117 12.73346 23.75031 11.10077 7.35474
0.45776 0.29755 1.54114 0.99945 0.34332 2.60162 3.70026 9.62830 14.86969 22.49908 11.16180 11.52802 3.60870 3.62396 2.18201 0.92316 4.55475 4.15039 9.14001 6.16455 4.24194 4.31824 11.62720 29.94537 33.31757 10.17761 2.41089 17.34924 1.28937 10.03265 7.02667
0.95367 0.63324 0.45776 1.32751 2.74658 3.60870 2.55585 27.06146 17.64679 2.76184 5.37109 10.72693 13.35144 2.65503 1.78528 3.05939 8.48389 5.63812 6.94275 2.56348 2.65503 1.86157 3.41034 14.10675 12.72583 2.59399 6.99615 11.16943 4.42505 4.60815 2.32697
1.50299 1.37329 0.16022 1.54877 7.56836 7.96509 14.62555 149.11652 7.23267 30.80750 31.10504 10.49805 10.10895 3.08990 6.19507 2.66266 5.54657 13.21411 9.11713 6.79779 4.09698 4.21906 8.54492 10.16235 10.44464 1.11389 0.50354 1.67084 0.96130 5.07355 1.35803
1.07574 1.51062 0.57220 5.53131 10.53619 6.94275 20.11871 43.02216 5.35583 15.12146 52.89459 14.31274 7.26318 7.83539 1.65558 9.01794 11.30676 10.77271 8.65173 9.78088 6.44684 6.81305 26.99280 30.65491 15.63263 4.41742 0.30518 2.60162 3.90625 1.25885 1.25122
1.74713 3.87573 32.31049 156.76117 57.44171 45.70007 25.90179 26.46637 17.12799 8.27026 2.88391 1.02997 3.43323 5.64575 1.15204 11.05499 2.33459 8.80432 15.51819 19.01245 10.78033 11.71875 20.59174 40.34424 34.74426 25.09308 10.55145 7.79724 4.15802 16.41083 4.94385
