DATA/RAW-RASTER/ECMWF/20170628/EN-40/20170709.en-40.asc
ncols			31
nrows			16
xllcorner		69.5
yllcorner		19.5
cellsize		1.0
NODATA_value	-99999
2.48718 0.00000 0.00763 1.02997 1.93024 1.60217 1.58691 1.25885 0.19073 0.06104 0.19073 0.96893 2.11334 3.94440 3.03650 3.68500 4.07410 3.22723 2.50244 8.61359 5.63812 4.73022 1.57166 1.57928 0.36621 0.25177 0.27466 0.23651 0.06866 0.18311 0.64087
1.60980 0.16785 0.67139 1.23596 1.64795 0.72479 0.01526 0.15259 0.18311 0.01526 0.06866 1.13678 1.39618 1.19781 7.29370 6.46973 2.65503 3.68500 7.57599 6.13403 8.02612 8.67462 9.81903 6.37054 6.46210 11.40594 11.79504 13.13019 10.74982 5.70679 14.58740
1.93787 0.62561 0.04578 2.58636 1.89972 1.86157 1.74713 0.03052 0.00000 0.00000 0.00000 0.39673 0.34332 0.80872 0.69427 1.58691 2.05231 0.80109 0.86975 2.92969 4.24194 7.27081 12.55798 6.94275 15.20538 7.46155 5.43976 7.44629 9.95636 5.05066 12.87079
0.00763 0.00000 0.00000 0.06866 1.28174 4.37164 4.09698 5.09644 0.01526 0.00000 0.00000 0.00763 0.14496 0.45776 2.63214 1.44958 0.97656 0.66376 1.23596 1.64032 2.71606 3.28827 8.98743 5.75256 5.41687 7.62177 6.06537 9.09424 4.34875 15.62500 10.64301
0.00763 0.00000 0.00000 0.00000 0.43488 2.44904 1.26648 1.21307 1.11389 1.11389 0.43488 0.41962 0.74768 2.61688 2.62451 0.82397 3.41034 6.30188 1.69373 0.96130 1.33514 3.13568 13.35907 3.41034 10.66589 1.82343 3.59344 7.59125 9.77325 6.16455 3.34167
0.37384 0.71716 0.29755 0.00000 0.00000 0.41962 3.33405 2.96783 3.08228 2.89917 38.78021 4.33350 0.94604 0.32043 1.06049 1.32751 6.18744 4.49371 5.77545 4.09698 8.59070 6.38580 8.40759 12.72583 10.09369 8.68988 4.31061 3.80707 6.34766 3.66211 14.52637
0.00000 0.00000 0.00000 0.05341 0.00000 0.16022 0.08392 5.05066 2.08282 4.09698 9.37653 17.02118 14.41956 5.42450 3.11279 2.08282 3.54004 13.83972 12.45117 5.47791 12.33673 22.79663 11.16180 6.11877 10.94055 33.11920 16.46423 10.52856 8.68988 3.37219 3.06702
0.01526 0.00000 0.00000 0.00000 0.28229 0.08392 0.56458 0.14496 1.52588 2.24304 5.76019 21.91925 9.42993 65.87219 38.11646 6.73676 18.23425 4.47083 3.99780 7.46918 10.91003 23.04840 17.81464 25.28381 16.52527 76.45416 97.32056 30.18188 18.63861 5.95093 9.26971
0.00000 0.00000 0.00000 0.00000 0.00000 0.03815 0.74768 1.80817 6.25610 5.75256 6.17218 22.55249 7.94220 18.74542 4.60815 14.28986 14.49585 51.49078 35.92682 73.44055 103.98102 229.85840 135.74982 105.28564 32.40967 19.53888 27.45819 79.41437 48.69843 10.11658 10.62012
0.00000 0.00000 0.00763 0.02289 0.49591 0.38910 1.19019 2.76947 5.72205 17.21191 12.53510 14.32800 16.73126 12.73346 11.11603 22.51434 17.24243 11.91711 22.97211 31.14319 12.95471 3.10516 30.89142 22.55249 11.89423 20.02716 110.23712 81.45142 41.09955 13.38959 8.72803
0.35858 0.27466 0.08392 0.18311 0.32806 1.55640 5.65338 8.23212 16.03699 14.65607 14.69421 31.81458 11.84845 10.33020 5.35583 21.63696 6.70624 19.95087 35.72845 29.02222 16.05988 10.91766 49.70551 26.08490 19.14215 30.69305 13.83209 15.19775 23.35358 20.13397 3.49426
0.64087 0.90790 2.20490 1.69373 0.14496 0.61035 4.69208 24.86420 40.96985 36.69739 40.88593 9.90295 3.02124 6.49261 12.48169 6.65283 7.91931 14.01520 33.32520 16.34216 14.99176 8.75854 1.97601 7.43103 16.99829 5.85938 9.01031 11.93237 11.92474 12.63428 10.92529
1.17493 1.93787 0.74005 1.10626 1.12915 0.65613 4.98199 21.65222 31.33392 39.97803 23.68164 23.97156 5.02014 9.79614 21.40808 5.47791 6.25610 9.10187 41.75568 12.93182 13.79395 12.92419 6.49261 7.67517 3.28064 1.98364 1.53351 4.84467 7.85065 10.69641 16.13617
1.68610 2.20490 1.31226 7.60651 1.41907 0.42725 0.93079 17.28821 82.95441 25.00916 19.85931 23.26202 14.41956 5.62286 4.16565 5.58472 4.59290 10.30731 5.87463 3.26538 4.50134 8.42285 5.51605 30.50995 15.38086 0.62561 1.37329 2.92969 6.06537 27.70233 8.48389
4.66919 3.05939 1.92261 4.41742 0.84686 1.75476 0.30518 3.75366 14.73236 19.12689 35.14862 13.58795 10.80322 6.10352 1.00708 11.26862 6.10352 7.43103 1.37329 2.35748 4.47083 5.09644 16.73126 14.94598 0.96893 0.41962 0.61798 1.98364 7.72095 23.08655 16.94489
3.39508 2.62451 6.62231 8.57544 0.81635 2.07520 6.84357 1.63269 6.58417 19.98901 21.65222 13.09204 6.48499 6.15692 7.56836 11.13129 1.41907 1.19781 1.25885 2.81525 3.66211 5.68390 14.18304 13.80157 12.03156 5.67627 11.87897 2.95258 10.16998 22.35413 46.93604
