DATA/RAW-RASTER/ECMWF/20170628/EN-40/20170701.en-40.asc
ncols			31
nrows			16
xllcorner		69.5
yllcorner		19.5
cellsize		1.0
NODATA_value	-99999
0.05913 1.34277 2.27737 1.86920 4.78363 0.98228 1.23978 0.30899 0.27084 0.05150 1.16348 1.03378 1.47629 0.57793 0.25749 0.43678 2.30980 2.34795 3.90434 4.81224 5.86128 8.42285 12.03918 8.37326 8.38470 11.04546 11.96098 7.43866 2.61116 6.89507 4.22668
0.02098 2.04468 3.64685 4.33159 1.27983 0.35667 0.33951 0.14114 0.04387 0.30327 2.30980 1.48010 0.63133 2.02942 0.44250 1.17302 2.07138 2.02179 4.36020 5.30434 7.12013 5.97000 4.37164 7.40051 7.25365 3.89671 3.74794 1.78528 2.92587 5.29099 2.39563
0.97466 1.98555 0.20218 0.34904 2.04277 0.45586 0.78964 0.44632 1.00708 1.78528 1.00517 1.88828 2.93541 1.40572 0.37384 0.96893 0.58937 1.40762 2.08092 1.41907 3.92532 8.16345 7.20978 3.73268 5.17273 1.70708 3.99780 2.72942 7.80487 8.17108 4.84848
3.40652 13.88168 1.77002 0.00572 0.72670 0.56267 2.31552 0.45204 0.49973 0.78773 4.43077 2.07329 5.77927 2.94113 3.93867 4.70352 3.47137 0.66185 0.17548 0.11063 2.57683 11.11412 5.08118 4.27818 4.05312 0.87166 4.12560 7.47299 4.25339 12.61711 7.43294
0.42725 0.04196 2.75993 0.04196 0.03242 2.60925 11.78932 11.20186 1.50871 3.47710 0.64659 3.95966 4.55093 3.03841 2.66838 1.35040 0.15831 1.12915 3.66211 4.64630 11.25145 11.10268 10.75172 10.49423 10.55336 6.76537 5.06210 4.04739 10.83565 9.93729 10.16045
0.71335 0.50926 0.08011 2.85721 0.02670 0.08965 0.27084 3.85666 44.91425 2.80571 8.60214 14.02092 10.93292 5.97000 1.47247 3.83759 7.31850 4.72069 6.13785 4.89044 3.83568 13.05008 11.28578 9.92012 6.36864 13.74817 4.17900 1.39999 3.18146 12.18987 19.69528
0.00191 0.39291 0.75912 0.18692 0.58556 0.47493 0.26894 3.85666 27.41623 7.85828 7.83539 8.83675 15.69557 21.72279 1.52397 3.57056 3.11661 6.73676 1.14632 11.51276 7.38525 8.46100 9.21249 8.32939 15.35034 36.48376 25.76447 7.44438 2.68745 8.36563 14.91547
0.00191 0.10109 0.35667 2.23923 1.00708 3.32451 6.14738 5.59425 11.67679 10.40459 4.54903 60.24742 40.66658 37.01401 17.16423 21.48819 19.86313 7.64084 7.31087 8.84056 2.62833 12.34436 4.05884 11.19995 21.69991 29.01649 16.72363 9.37843 65.89508 20.07484 15.30075
0.00000 0.01717 0.40436 2.74658 0.86594 1.49727 1.37138 5.36346 17.35878 29.33311 2.05040 13.34763 13.24463 9.68361 69.02122 12.04300 6.47545 18.33725 68.24493 108.47664 22.67265 66.82587 42.80090 9.18770 6.45828 24.39117 49.75700 69.33022 92.48352 30.47371 4.79126
0.00000 0.01526 0.93269 2.18582 6.79970 0.97275 2.69699 4.81987 12.36534 15.07950 35.19249 21.05713 13.73863 11.49559 28.27454 16.70647 32.21893 19.75441 23.72742 10.92720 15.66887 9.04274 77.50702 15.99312 8.66890 15.84625 39.01672 13.83018 53.09677 20.62225 5.91660
0.09537 0.23460 1.26076 2.66647 2.58064 8.03947 4.64058 6.58989 5.95474 24.63341 22.43423 15.08713 22.16530 7.68280 15.44571 16.41083 17.39502 28.47290 25.19608 13.73672 20.22362 16.86478 62.70027 33.73337 14.53781 4.34494 26.98135 12.58087 80.72281 23.82660 13.23509
0.60463 2.49863 4.14276 10.80322 4.36783 2.49863 6.74057 33.94508 22.64786 20.23125 20.31898 22.35603 10.51903 25.60043 8.92448 16.26778 7.98607 13.31902 19.60754 29.56200 13.47542 16.79039 4.54521 10.81276 16.57104 27.69852 7.42340 9.60350 9.23920 30.34592 32.69005
1.63651 4.23622 14.18686 30.62057 34.88731 43.46657 14.94408 19.82498 22.58492 17.60483 30.66444 14.53209 30.34019 26.03340 41.12053 25.44785 10.28252 4.47655 15.80620 33.58459 43.34259 16.56914 26.75247 20.57076 13.19504 3.90244 0.64659 7.05528 10.47134 16.77513 29.16908
3.39317 11.82747 7.00760 16.28304 20.29228 11.24763 10.73074 25.07210 14.79149 5.90324 14.82773 17.98439 22.89581 39.06631 21.55304 10.14328 2.00844 9.12666 13.05580 20.88165 4.81224 19.35196 39.91890 41.80527 9.28116 0.20790 2.67792 3.20244 26.70479 22.60590 17.15851
14.72855 4.56429 6.53076 18.10837 9.38416 1.74713 1.37711 1.39236 1.25694 6.43158 6.71577 1.77193 0.93651 2.80952 8.07571 4.00734 2.37465 4.15802 17.32254 19.45496 21.28410 32.60994 61.46431 36.78131 7.44247 3.35693 1.39046 1.52397 7.20978 33.86879 22.68219
2.88582 4.28581 10.83565 20.23697 2.26593 5.51605 0.64850 0.62561 0.29755 1.78719 11.93619 9.10378 2.99644 8.37898 19.58275 15.27214 7.54929 15.29884 13.58795 14.34135 27.86636 24.25385 37.76360 59.99947 48.20633 3.93867 10.34164 3.13759 5.95665 1.60027 4.23241
