DATA/RAW-RASTER/ECMWF/20170628/EN-40/20170705.en-40.asc
ncols			31
nrows			16
xllcorner		69.5
yllcorner		19.5
cellsize		1.0
NODATA_value	-99999
0.13733 2.87628 1.88446 1.09863 0.64850 6.37817 1.99890 1.11389 3.14331 1.06049 3.18146 5.21088 7.27844 5.01251 3.80707 5.76019 9.80377 3.84521 1.28174 3.56293 6.08063 6.38580 7.84302 6.72913 7.98798 11.07025 10.71930 10.97870 12.64954 13.59558 11.47461
0.00763 0.36621 5.97382 9.68170 6.79016 0.02289 0.75531 3.91388 2.05994 1.78528 3.31116 3.36456 2.93732 1.29700 4.73022 5.40924 4.59290 9.07135 10.48279 10.74982 15.23590 14.09912 11.06262 11.66534 9.13239 6.11877 14.15253 8.36945 5.65338 7.79724 9.31549
0.00000 0.35095 2.76184 6.74438 10.82611 2.87628 1.31989 0.77820 0.00763 0.00000 0.22125 0.22888 0.79346 2.22015 8.22449 8.60596 12.51984 11.72638 9.39178 16.28113 11.94000 12.10785 6.91223 9.23920 10.12421 4.40979 6.56128 4.79889 5.98145 8.55255 5.34821
0.00000 0.19073 0.96130 1.78528 5.14221 9.75037 4.40979 2.48718 0.36621 0.01526 0.96893 1.73187 3.92914 1.36566 10.61249 7.14111 5.96619 10.00977 5.26428 5.08881 1.72424 3.79181 5.72205 8.97217 12.73346 5.35583 4.41742 3.48663 6.88934 5.66864 2.95258
1.39618 0.00000 0.00000 0.00000 0.05341 1.48773 4.58527 5.56183 7.40814 1.80817 0.04578 3.22723 4.69971 1.60217 2.02179 10.85663 6.30951 9.15527 6.94275 0.66376 1.51825 2.83051 1.35040 3.05176 0.86212 0.12207 0.40436 0.20599 1.48010 3.89099 10.71167
0.00000 0.00000 0.00000 0.00000 0.00000 0.85449 0.81635 3.36456 5.25665 3.98254 12.22229 15.38086 24.04785 9.10187 7.36237 6.46973 1.29700 2.92969 2.23541 0.72479 3.41034 3.47137 1.86157 7.60651 5.43976 9.34601 2.83051 0.22888 1.41907 1.58691 1.57166
0.00000 0.00000 0.00000 0.00000 0.00000 0.00000 0.00000 0.01526 9.40704 15.39612 15.38849 60.62317 53.36761 22.24731 2.72369 1.83105 2.18201 2.26593 1.76239 1.64795 7.21741 1.28937 1.44958 1.37329 9.79614 12.94708 2.79999 3.00598 0.98419 0.78583 0.73242
0.00000 0.00000 0.00000 0.00000 0.00000 0.00000 0.00000 0.05341 0.03052 0.73242 15.25116 26.04675 141.83807 62.60681 29.12140 25.09308 16.37268 16.24298 3.76892 13.87024 14.47296 10.13184 4.50134 4.58527 27.61078 14.37378 6.49261 5.30243 10.56671 5.50079 5.88226
0.00000 0.00000 0.03815 0.08392 0.10681 0.00763 0.00000 0.00000 0.00000 0.08392 0.67139 4.86755 3.07465 17.05933 11.28387 10.51331 8.11005 15.85388 32.43256 85.06775 102.14996 12.80212 48.12622 2.70844 0.80872 1.31989 5.19562 10.62012 16.98303 2.83813 1.99127
0.29755 0.73242 1.34277 0.88501 0.73242 0.14496 0.03052 0.00763 0.03052 0.07629 0.26703 0.69427 1.15967 1.38092 27.70233 55.48859 3.37982 6.49261 14.47296 16.16669 11.47461 54.60358 64.07166 9.04846 21.29364 11.69586 3.66211 2.51007 43.91479 1.19019 1.89209
0.90027 0.97656 1.02234 0.90790 0.25940 0.34332 0.03052 0.07629 0.03052 0.03815 0.16785 0.35858 0.78583 6.17218 9.58252 20.06531 7.46918 33.27179 45.09735 13.67950 16.96777 13.00812 20.58411 19.28711 4.63104 11.52039 12.49695 37.80365 21.28601 5.70679 8.91876
0.28992 0.44250 1.66321 1.93787 2.05994 1.64032 0.39673 0.49591 1.53351 0.79346 0.86975 0.48828 1.35040 7.58362 44.89136 186.05042 13.78632 20.27893 91.32385 32.24945 85.00671 2.71606 0.98419 34.71375 17.30347 1.67084 2.62451 12.03156 6.04248 9.08661 7.05719
0.61798 0.38910 0.03052 0.53406 1.01471 0.81635 0.36621 0.25177 70.32013 1.09863 1.20544 4.87518 19.08875 38.53607 17.21954 4.06647 8.30841 5.95093 27.74811 60.63080 66.14685 18.95905 6.10352 8.12531 11.29913 2.51770 2.20490 12.33673 6.47736 9.41467 3.50189
0.82397 0.53406 0.00763 0.45013 0.96893 0.42725 0.84686 1.00708 1.69373 1.14441 0.43488 0.58746 5.05066 13.57269 3.92914 7.42340 3.56293 1.48773 22.00317 29.68597 14.73999 25.79498 19.36340 20.98846 2.70081 0.48828 5.56183 2.46429 1.25122 5.27191 2.51007
1.98364 1.35803 2.60925 4.37164 3.03650 2.41852 0.61035 2.41089 1.92261 1.70135 3.65448 13.51929 4.05121 12.48169 27.98462 12.22992 1.82343 7.03430 9.94873 13.29041 18.08167 24.79553 26.50452 19.69147 16.19720 5.83649 4.25720 7.36237 1.35803 1.66321 2.18964
2.21252 2.23541 3.25012 12.67242 2.98309 3.18146 2.96021 6.35529 5.89752 2.21252 1.81580 3.38745 1.01471 2.41089 4.02832 1.71661 30.27344 3.71552 15.36560 16.17432 16.83044 11.91711 19.78302 17.17377 13.38959 3.52478 8.85773 14.46533 7.14111 0.54932 0.18311
