DATA/RAW-RASTER/ECMWF/20170628/EN-40/20170704.en-40.asc
ncols			31
nrows			16
xllcorner		69.5
yllcorner		19.5
cellsize		1.0
NODATA_value	-99999
0.01526 0.68665 0.99182 1.60217 0.70190 3.64685 2.64740 0.22888 0.85449 0.38147 1.47247 3.34930 3.27301 2.39563 1.70135 1.99127 1.55640 2.73132 1.89972 7.01904 5.47791 11.25336 13.73291 15.01465 11.99341 19.53888 15.83862 7.80487 7.45392 7.43103 0.02289
0.00000 0.00000 0.00000 6.43921 5.56946 2.57111 0.06104 0.70190 0.49591 0.11444 0.96893 0.20599 0.83160 1.06812 1.27411 1.52588 5.76782 8.11005 4.28772 9.81903 6.62231 9.65118 6.46973 15.19775 22.43805 4.57001 0.86975 1.41144 2.54059 0.04578 0.40436
0.00000 0.19836 0.00000 1.09863 9.95636 3.10516 4.51660 0.18311 0.03815 0.00000 0.12970 0.10681 0.19836 0.41962 10.53619 7.24792 10.29968 7.11060 6.75201 6.15692 10.78796 24.30725 12.54272 8.35419 4.37164 0.75531 0.53406 0.25940 0.00763 0.00000 0.00000
0.00000 0.00000 0.00000 0.62561 1.41907 3.70789 2.29645 6.54602 0.12207 0.03052 0.06866 0.12970 0.06866 3.30353 2.29645 9.23157 10.52094 11.51276 10.77271 11.88660 4.34113 4.92859 8.06427 5.94330 1.08337 0.28229 1.56403 0.83160 0.03052 0.12207 0.00763
2.05994 0.00000 0.01526 0.00000 0.03052 1.93787 2.80762 2.06757 1.66321 0.61798 0.01526 0.89264 4.60052 6.35529 4.53949 10.86426 12.35962 13.52692 5.65338 1.57928 2.16675 2.96021 6.12640 2.14386 0.77057 2.25067 4.42505 2.38800 1.28174 0.00763 0.06866
0.36621 0.01526 0.00000 0.00000 0.00000 0.00000 0.15259 1.51825 2.94495 25.14648 19.94324 18.60046 9.15527 11.02448 7.03430 4.67682 1.19019 3.21960 6.02722 2.74658 3.58582 3.60870 5.59235 4.82941 10.14709 14.17542 9.52911 7.78198 2.83051 0.01526 0.03052
0.00000 0.00000 0.00000 0.00000 0.00000 0.00000 0.00000 0.05341 0.31281 5.20325 144.17267 61.08856 34.40857 31.24237 17.25769 6.20270 5.96619 7.54547 4.85992 6.12640 3.95203 8.90350 7.79724 9.90295 19.85931 44.59381 24.84894 7.77435 4.45557 1.04523 0.37384
0.00000 0.00000 0.00000 0.00000 0.00000 0.00000 0.00000 0.03815 0.64087 0.91553 23.85712 5.13458 29.27399 57.31964 69.17572 106.58264 46.73767 6.04248 9.94110 15.34271 25.63477 42.17529 25.39825 18.72253 42.69409 11.43646 98.14453 20.11871 23.46039 3.44849 3.21198
0.00000 0.00000 0.06104 0.04578 0.02289 0.00000 0.21362 0.11444 0.04578 0.09155 37.99438 182.76978 15.57159 14.66370 11.95526 21.60645 24.36066 51.42212 88.96637 187.31689 175.05646 116.77551 41.93878 15.55634 24.97864 17.19666 13.05389 114.41040 57.41119 10.11658 3.09753
0.31281 1.64795 0.79346 1.38855 1.52588 0.02289 0.25940 0.40436 0.00000 2.71606 12.74109 175.18616 126.98364 14.44244 9.17816 1.61743 5.14221 19.18030 14.08386 45.53223 25.98572 35.55298 18.08167 35.35461 15.53345 22.30835 13.25226 25.40588 72.05963 6.54602 4.34875
1.77765 1.32751 1.43433 1.27411 0.02289 0.41199 0.07629 0.19836 0.04578 0.30518 25.27618 112.23602 40.54260 1.41907 13.77106 1.19781 5.07355 3.85284 9.06372 14.34326 14.64081 30.53284 72.26562 67.24548 10.23102 25.67291 10.50568 21.97266 18.21899 8.42285 2.39563
0.95367 0.77820 1.45721 2.81525 1.51062 2.12097 3.12805 1.35040 0.18311 0.39673 29.57916 25.17700 10.16235 0.77057 1.25885 11.81030 26.32141 3.31116 4.83704 12.43591 37.53662 66.38336 58.44116 71.80786 9.30786 3.83759 9.15527 15.93781 6.27136 8.96454 5.56946
1.67084 1.91498 0.22888 1.50299 1.94550 2.08282 1.48773 2.64740 7.77435 2.60925 8.07190 11.37543 3.11279 4.44794 17.72308 53.71094 3.63159 0.67902 2.40326 10.59723 38.44452 50.17853 50.02594 38.45215 5.39398 3.70789 6.98090 16.05988 11.87897 14.88495 15.07568
1.93787 1.75476 0.46539 1.38855 2.30408 0.37384 1.44196 1.77002 1.41144 0.58746 1.70135 5.82123 1.04523 1.16730 18.36395 11.97052 5.36346 1.63269 4.15802 14.09149 16.47949 53.85590 103.18756 29.89197 3.89099 0.93079 3.47900 10.25391 4.60815 9.22394 8.45337
3.78418 0.76294 1.49536 5.76782 2.51770 2.28882 1.40381 3.01361 0.82397 0.86212 2.22778 5.18036 5.45502 6.95038 5.57709 3.77655 4.53186 1.09863 5.10406 10.25391 27.13776 36.56769 79.02527 69.65637 16.96014 5.75256 1.93787 1.63269 1.29700 6.37817 12.64954
3.18909 3.31116 3.67737 10.87952 0.99182 2.88391 2.42615 1.68610 0.88501 2.35748 9.42230 12.26044 9.35364 6.22559 3.82996 2.18201 0.98419 3.18909 9.59015 21.48438 38.63525 32.91321 34.07288 39.85596 47.35565 10.07843 8.98743 16.79230 7.63702 2.60925 5.56183
