DATA/RAW-RASTER/ECMWF/20170628/EN-40/20170703.en-40.asc
ncols			31
nrows			16
xllcorner		69.5
yllcorner		19.5
cellsize		1.0
NODATA_value	-99999
0.00000 0.79346 2.25830 2.75421 7.00378 1.68610 1.41907 0.08392 0.19073 0.00763 0.09537 1.01852 3.28445 2.81143 2.29645 1.31989 5.51605 2.73514 3.71170 11.45172 12.05063 6.13403 3.36456 0.09537 0.08011 0.00381 0.00763 0.04196 0.00763 0.00000 0.87357
0.00000 0.01144 0.13733 0.34332 1.69373 0.01907 0.00763 0.17929 0.06866 0.01907 0.04578 0.33569 1.83105 2.55585 3.33786 8.20541 2.36511 1.83105 9.56726 7.25937 6.55746 4.81033 7.46918 3.35693 0.01526 0.01907 0.03433 0.12970 0.15259 0.31281 1.28555
0.08392 1.13678 0.80872 0.73242 1.75095 5.94711 0.25940 0.09155 0.03815 0.01144 0.08774 0.35477 1.64032 1.78146 0.51498 3.38364 2.12860 3.16238 5.29099 4.36020 9.02939 10.37216 7.03430 1.15967 0.07629 0.04959 0.00763 0.17929 0.18311 1.23215 1.15585
1.21307 1.87683 2.47192 2.55585 5.71823 3.39508 2.88391 8.48770 0.11063 0.01144 0.24033 0.28992 0.38147 1.46484 1.45340 1.37329 1.82724 2.28882 4.82559 6.42014 9.40704 12.74109 8.68225 1.15204 0.22507 0.00381 0.40436 0.15640 0.40436 0.32043 0.56839
4.21906 0.04959 0.48447 0.32043 2.09808 2.47574 3.60489 1.60980 1.42670 0.07629 0.13733 2.71606 0.69046 2.17819 1.12152 0.62561 0.55695 5.76782 3.68118 4.04358 11.89041 8.59070 7.34329 0.75150 0.56076 2.07138 1.63651 0.46158 0.24033 0.64850 0.11826
1.92261 0.00381 0.00381 0.00000 0.00763 1.40381 2.31552 6.34766 4.72641 14.12582 17.89093 8.12912 2.53677 1.55258 1.27411 1.51443 1.60599 4.89807 9.18579 6.93130 2.52151 7.94220 6.15311 3.65829 4.17709 3.15475 0.72861 2.33078 0.14877 1.09482 1.63269
0.00000 0.00381 0.00000 0.01144 0.00000 0.07629 0.36621 1.90735 3.75366 16.31546 12.72583 13.01193 11.59668 6.03867 1.29700 2.21252 3.21198 4.62723 8.08334 5.06592 9.79614 7.70569 18.73398 7.49969 13.74054 23.31161 24.01352 8.89969 4.05502 1.82724 3.83759
0.00000 0.00000 0.00000 0.00000 0.00000 0.11063 0.20218 1.07956 3.21198 19.86313 22.72034 10.86044 15.52963 6.96182 6.87027 5.05066 12.55798 11.74927 8.63266 10.39124 14.32419 17.91000 39.18839 36.50284 62.08038 49.82376 174.01123 91.12549 35.31647 10.26535 6.24466
0.01526 0.00763 0.00381 0.00381 0.03815 0.03815 0.05341 0.27084 1.35422 5.51605 24.45602 38.84506 8.66699 12.82501 12.26425 10.87952 12.26425 22.20917 32.08160 66.70380 118.47687 323.79913 115.40604 46.80634 56.18286 59.52072 43.46466 227.92435 145.75958 30.49088 15.57159
0.61035 0.12970 0.14877 0.16785 0.20599 0.00381 0.05722 0.59128 1.09100 14.96887 33.14209 40.29846 30.31540 13.75961 14.52255 5.57327 10.71930 11.46317 9.24301 19.13834 18.98956 21.62933 43.33115 12.03537 17.86804 13.90076 16.73126 21.28220 70.54520 22.64404 15.29694
0.28610 0.60272 0.79727 0.58746 0.02670 0.06866 0.40436 2.07901 11.07407 9.11713 25.06256 50.15945 16.42609 6.11115 7.90405 6.27136 2.30408 15.44571 22.06039 34.04617 26.62659 17.95959 48.81668 19.13452 12.72202 11.72638 8.53348 14.64081 60.88257 44.14368 41.48865
0.35095 0.45013 1.66321 4.11224 1.49918 1.64413 1.24741 1.28555 0.86212 3.29971 39.86359 24.48273 65.94086 5.28717 1.37329 8.25119 41.49628 30.91812 15.54108 16.30020 21.77429 11.44028 3.96729 4.95148 10.81848 4.73022 5.20706 26.95465 29.27399 52.63519 37.87231
0.43869 1.02234 0.28992 0.77438 2.63596 2.28119 1.43051 2.17819 1.79672 4.85229 15.16724 8.46100 3.57819 8.80051 3.36075 8.70514 3.97873 2.42996 4.52042 13.84354 20.90454 22.49908 23.47565 24.98627 20.59555 5.45883 4.16565 18.84460 32.19604 33.62274 30.46036
1.85394 1.90353 0.22125 2.51389 2.88391 2.14386 1.06049 6.21414 2.03323 2.06757 8.26645 2.55585 16.49094 4.47464 2.99072 13.38577 3.28064 4.05884 6.27136 7.04193 9.23920 68.59970 75.24490 82.24869 37.05215 3.03650 6.83594 20.41626 27.53830 26.92795 16.30020
4.95529 3.06702 2.22015 5.47791 4.18091 3.35693 1.75858 3.18527 2.44141 4.48227 12.21848 19.04678 17.27295 2.23923 3.15857 0.90790 0.39291 0.24796 7.57217 12.41684 36.45325 50.28152 66.95175 81.42471 73.63129 6.54602 4.41360 8.71277 7.99942 11.93237 7.69043
4.18472 3.81851 4.54712 7.68280 0.88882 2.21634 1.51062 0.91553 3.03268 6.20270 6.91605 11.55472 8.06427 1.49918 1.73187 1.61362 4.33731 3.84903 10.33783 11.30295 24.57047 19.84406 30.26199 48.95782 99.94125 7.53403 7.45773 13.01193 7.38907 2.49481 6.77490
