DATA/RAW-RASTER/ECMWF/20170628/EN-40/20170710.en-40.asc
ncols			31
nrows			16
xllcorner		69.5
yllcorner		19.5
cellsize		1.0
NODATA_value	-99999
4.39453 1.13678 1.53351 1.02997 0.91553 1.26648 1.58691 0.53406 0.40436 1.09100 0.62561 0.59509 1.38092 0.85449 1.16730 0.57220 1.19019 0.85449 2.06757 2.39563 2.64740 3.78418 3.06702 5.74493 5.18036 2.08282 0.87738 1.42670 3.50189 4.14276 5.00488
0.90027 0.67139 2.34985 7.04956 1.66321 0.53406 0.09155 0.99945 2.01416 0.39673 2.12097 1.06812 1.36566 4.68445 4.78363 4.01306 1.88446 1.79291 1.70135 0.83923 1.27411 3.68500 0.54169 1.02234 1.19019 3.80707 4.36401 6.30951 4.45557 4.30298 4.16565
4.34113 0.65613 1.28174 6.02722 8.67462 1.15967 1.36566 0.06104 0.16022 0.00000 0.70190 4.53186 0.34332 0.90790 5.82123 8.32367 4.53949 6.48499 5.21088 1.52588 1.28174 1.05286 0.47302 1.05286 1.25122 2.73895 3.31116 4.64630 9.86481 7.17926 15.60211
0.75531 0.00000 0.17548 1.53351 0.23651 9.68933 1.41144 9.05609 1.12152 0.12970 0.01526 0.90790 1.32751 5.89752 6.33240 4.25720 5.08118 11.39069 2.95258 1.64795 0.64087 3.04413 5.06592 9.13239 6.59943 13.78632 16.86859 16.22009 12.65717 10.36835 5.06592
0.33569 0.00000 0.61798 0.00763 0.16022 1.32751 2.05231 4.12750 1.77002 0.23651 0.18311 0.38147 2.10571 6.63757 11.07788 4.53186 8.68225 10.41412 5.31006 3.92914 11.26862 7.67517 12.28333 13.00049 5.90515 2.87628 2.13623 6.40106 18.57758 9.22394 14.16016
2.09045 0.04578 0.00000 0.00763 0.00763 0.00000 8.68988 2.84576 6.10352 16.72363 12.68768 6.58417 7.32422 2.21252 7.01141 9.74274 10.14709 11.95526 5.92804 12.15363 23.03314 8.72803 13.58032 14.11438 10.60486 6.41632 4.68445 0.76294 12.14600 9.56726 6.59180
0.50354 0.00000 0.00000 0.00000 0.06866 0.06104 0.03815 2.33459 2.36511 7.05719 7.62177 74.70703 17.01355 3.50952 4.37164 6.26373 5.99670 8.69751 22.37701 24.87183 13.70239 4.51660 8.52966 9.63593 9.84192 42.86957 11.33728 5.57709 3.38745 4.41742 5.45502
0.00000 0.00000 0.00000 0.00000 0.05341 0.00000 0.01526 0.11444 3.47137 14.34326 3.47137 3.27301 2.83813 73.66943 127.37274 62.30927 43.06030 10.60486 11.88660 10.16235 19.41681 32.16553 32.85217 22.38464 39.86359 49.04175 17.92145 14.23645 6.85883 1.56403 1.58691
0.00000 0.00000 0.00000 0.11444 0.09155 0.98419 0.90790 0.59509 10.53619 12.16125 10.00977 2.96021 4.74548 11.91711 17.86804 16.66260 24.65057 54.40521 104.22516 236.98425 207.46613 224.72382 123.06976 21.89636 11.68823 3.70789 21.29364 29.87671 15.80811 1.77765 2.59399
0.12207 0.15259 0.11444 0.00000 0.01526 4.18854 0.99945 1.09100 7.04956 14.75525 17.49420 6.01196 8.06427 3.71552 14.72473 21.09528 11.39832 18.76831 9.94873 21.60645 38.94806 7.75909 18.47076 12.40540 12.68005 4.75311 67.41333 15.72418 4.29535 0.68665 3.16620
0.62561 0.56458 0.22125 0.36621 1.22833 1.60217 7.69043 4.53186 9.50623 23.61298 18.51654 20.04242 3.30353 5.29480 8.79669 17.39502 5.02014 15.27405 9.74274 12.71057 16.38794 8.20923 22.97974 7.09534 3.63922 20.69855 21.79718 25.93231 3.69263 1.44196 8.62122
0.82397 1.18256 0.84686 1.15204 0.47302 0.93079 3.79181 13.99231 42.74750 38.23853 29.26636 5.33295 15.34271 6.92749 11.29150 8.56018 7.85065 16.53290 8.40759 17.14325 5.01251 7.10297 1.17493 5.56946 2.19727 1.53351 1.22070 33.07343 12.22992 6.46210 19.21082
2.15912 2.59399 1.89972 1.57928 2.51770 2.45667 6.75201 22.05658 103.88184 78.86505 4.24957 20.10345 17.35687 5.30243 2.70081 3.77655 7.92694 2.93732 12.75635 11.88660 6.79016 6.95038 1.37329 11.08551 10.51331 3.28064 2.14386 6.56128 5.86700 14.21356 6.31714
2.76184 10.04791 2.54822 4.03595 30.10559 74.00513 1.10626 2.63977 17.90619 6.02722 6.51550 8.42285 18.13507 21.99554 6.13403 1.43433 2.31171 1.27411 4.07410 3.93677 4.17328 6.80542 1.19781 6.05774 10.26917 1.96075 1.67847 6.16455 23.33069 13.51929 4.60815
4.82941 2.71606 1.60980 5.48553 4.26483 10.38361 32.58514 46.29517 6.79016 1.91498 6.98853 10.40649 7.46918 3.33405 5.68390 15.51056 3.49426 4.99725 5.30243 5.64575 6.01959 9.15527 13.89313 8.90350 0.31281 0.43488 6.82068 4.97437 6.78253 22.28546 12.48932
3.56293 2.54822 4.92859 19.60754 2.14386 6.15692 6.12640 12.07733 5.30243 0.43488 3.63922 9.07135 5.14984 10.35309 4.94385 10.22339 7.40051 7.82013 6.29425 8.25500 5.00488 9.23157 16.15906 18.09692 8.65173 1.77765 13.86261 7.19452 14.31274 6.55365 26.34430
