DATA/RAW-RASTER/ECMWF/20170628/EN-40/20170702.en-40.asc
ncols			31
nrows			16
xllcorner		69.5
yllcorner		19.5
cellsize		1.0
NODATA_value	-99999
0.09918 0.99945 0.19073 1.48392 3.10516 2.41470 2.20490 0.49973 0.17548 0.04196 0.44632 0.93842 1.87683 1.57547 1.70517 3.01361 5.59998 3.12424 2.09045 1.90735 2.35367 1.33514 0.78201 0.67520 0.29755 0.66757 2.06375 6.52695 5.72586 5.41687 14.09531
0.34714 1.07193 0.22507 0.05341 1.15204 0.03052 0.19836 1.12152 0.09918 0.01526 0.09155 0.43488 2.30026 6.19507 7.89642 5.98145 4.88281 3.81470 1.27411 0.27084 0.35858 0.93842 1.06430 0.94223 1.17493 2.09427 2.77710 3.33405 4.42505 15.42282 13.27133
0.74005 3.12042 0.47684 3.55148 1.40762 2.71225 2.68173 0.25940 0.08011 0.54932 1.74713 1.22833 1.87683 4.63867 3.92914 2.96783 1.21689 0.99945 0.62943 0.38147 0.46921 0.48065 0.76294 0.84686 0.89264 1.02234 1.70517 5.21088 9.09424 7.35855 14.48441
0.75150 6.38580 5.03159 1.85013 0.48447 1.51443 8.73947 7.22885 0.14877 0.46158 2.38037 3.09753 1.85013 7.48062 4.78363 3.37982 9.03702 4.23813 2.63596 5.72586 4.08936 0.76675 2.11716 1.89209 2.23541 0.53024 4.89807 14.06479 9.02557 10.18143 12.19559
0.93460 0.50354 1.99890 0.01144 0.29755 0.79727 1.28555 6.21033 22.33505 1.27792 0.95367 4.29153 3.68500 2.89917 7.04575 3.04794 2.29263 12.52747 7.21741 3.37982 3.33405 4.36020 7.07245 6.75583 3.23105 9.09042 6.49261 9.19342 9.57870 16.01791 8.31985
0.53787 0.00763 0.00000 0.40817 0.00381 0.00000 0.69427 0.55695 2.78091 19.32144 0.93842 5.71442 0.99182 1.74332 1.41144 1.89590 4.19235 9.75800 5.68008 13.76343 10.14328 10.86044 6.25229 2.31171 3.30734 4.69208 2.18582 2.64359 16.17050 21.56067 9.97925
0.00000 0.00000 0.00000 0.00000 0.24796 1.48773 2.63596 3.28827 4.28772 3.89099 7.08771 11.48224 5.44357 9.08279 0.16403 8.88443 3.60107 6.54984 6.75964 10.10513 5.67245 8.98361 9.20105 10.72311 27.49634 40.82870 30.67398 13.03482 5.34058 12.73727 14.20593
0.00000 0.00000 0.00000 0.00000 0.20599 5.30243 8.36182 8.41141 2.59781 10.49805 4.83322 10.13565 10.68878 14.66370 26.61896 13.15308 37.68921 16.17432 4.57764 10.32639 15.17487 24.21570 9.73511 38.71155 63.84659 81.53915 142.51328 41.08429 54.17252 9.11331 9.18198
0.00000 0.00000 0.00763 0.00000 0.00763 1.83105 12.06207 12.40540 2.84576 11.08932 17.94434 10.66208 18.58902 8.52203 13.36288 21.30127 19.77539 20.40482 18.75305 139.78195 70.11795 115.99731 63.18665 54.51202 23.99063 19.77539 33.16116 86.30753 66.51306 28.99933 10.90622
0.00763 0.03052 0.26321 0.05341 0.35095 0.24796 3.60107 13.65662 8.61359 11.84845 17.55142 30.57098 14.94598 10.29968 12.86697 14.02283 17.84134 18.92471 6.38962 15.01465 11.32584 9.10187 35.76279 27.97699 19.65332 10.57816 19.13452 13.56888 85.62851 30.23529 9.85718
0.21744 0.86594 0.95367 0.31281 0.35858 2.66266 7.19452 12.87460 14.14871 16.09039 21.00754 26.31378 14.75906 14.83154 6.12640 2.55203 8.41904 24.68491 16.41464 31.25763 19.72198 48.95401 64.89563 33.67615 15.35034 4.11606 8.46863 56.11420 57.51419 49.76654 19.92035
0.46158 0.46539 1.22070 2.12097 0.91171 0.63324 3.25394 7.14111 7.81250 8.38852 24.42932 20.26749 15.01465 18.97430 7.82776 2.48337 13.03482 9.07516 12.56561 25.50507 26.31378 26.77917 7.79724 9.20868 24.86038 7.57217 5.91278 8.60214 14.41956 36.69739 32.89413
0.52261 1.31226 0.43106 1.94931 4.54712 4.18472 1.96075 6.24466 9.15146 4.98581 9.92966 10.26917 7.77054 12.24899 3.58582 6.61469 3.29971 3.95584 12.71439 21.82388 27.40860 12.58087 17.29965 51.52512 17.34543 3.79562 3.37982 10.26535 19.00482 24.26147 30.57480
0.92316 0.79346 1.11771 3.39890 2.90680 3.10516 6.23322 23.44131 16.87241 6.15692 8.14438 3.31116 12.88223 6.10352 12.40921 4.94766 8.76617 3.91769 5.66483 5.74493 9.15146 25.77972 45.18509 54.34036 14.28986 5.35202 4.10080 7.20215 12.80594 17.13943 12.19177
3.73077 3.16238 4.15039 14.70566 7.57599 7.95746 17.39502 30.77316 41.96167 74.15771 60.23026 34.43527 13.42010 5.39017 6.61850 6.69098 6.32095 3.82614 9.22394 17.08984 33.40530 38.02872 45.82977 44.35730 33.20694 2.53677 9.18198 4.21524 2.79236 16.75415 19.24515
1.81580 6.87790 11.76453 33.10013 3.98254 10.59341 8.57925 5.56183 6.52695 6.30569 13.05389 15.82718 13.99994 13.21411 7.16782 13.36288 5.83267 5.24521 14.72092 13.20648 23.82278 22.99881 34.38568 39.04724 103.17230 6.57272 11.18851 10.01358 5.00870 4.06647 3.22723
