DATA/RAW-RASTER/ECMWF/20170628/EN-40/20170711.en-40.asc
ncols			31
nrows			16
xllcorner		69.5
yllcorner		19.5
cellsize		1.0
NODATA_value	-99999
0.12207 1.69373 1.49536 6.30951 4.09698 3.73077 0.30518 0.22125 1.96075 2.67792 0.60272 0.32806 0.14496 0.00000 0.00000 0.07629 0.41962 0.06104 0.48065 0.65613 1.74713 2.76184 1.40381 1.65558 1.60217 0.77820 1.44196 1.53351 0.88501 0.22125 1.23596
0.00000 0.00000 6.95801 2.01416 3.69263 2.41089 0.17548 2.40326 1.80054 5.03540 3.34930 1.32751 2.28119 0.12207 0.19836 0.43488 0.15259 0.38147 0.77057 1.76239 1.50299 1.93024 1.28174 0.93842 0.86975 2.97546 0.98419 0.60272 0.86212 0.59509 1.03760
0.57220 1.13678 2.30408 2.96021 7.52258 1.59454 2.25067 0.03052 0.63324 1.19019 4.15039 1.77765 2.27356 1.77002 2.61688 0.90790 1.86920 4.04358 6.82831 7.43866 5.15747 3.97491 4.14276 4.38690 7.43103 4.62341 2.07520 1.76239 3.22723 1.87683 2.26593
0.96893 0.00000 2.48718 1.25122 7.20978 14.94598 1.27411 4.45557 0.06104 0.77820 1.75476 6.28662 0.50354 2.09045 4.06647 2.33459 2.51770 7.85828 5.88226 8.63647 6.58417 5.29480 3.39508 7.93457 9.72748 9.52911 16.87622 7.90405 3.76129 4.58527 12.48932
0.04578 0.06866 0.62561 4.84467 0.66376 5.65338 12.55798 0.82397 3.39508 3.79944 1.57166 1.39618 7.02667 5.27954 7.71332 11.42883 4.37164 13.60321 9.29260 7.60651 17.60864 14.81628 23.50616 16.83807 15.64789 8.56018 11.36017 16.85333 10.33020 16.30402 15.19775
0.03052 0.00000 0.00000 2.21252 0.66376 0.62561 3.21960 16.97540 14.47296 20.44678 5.29480 6.42395 1.23596 3.82996 12.22229 23.17047 11.45172 12.69531 23.00262 17.24243 9.42230 7.00378 7.41577 19.53125 15.15961 9.94873 2.79999 1.80817 11.68823 11.72638 19.36340
0.00000 0.00000 0.00000 0.00000 0.14496 1.24359 0.87738 1.77765 1.41144 2.69318 79.33044 61.47766 12.58850 6.69098 1.50299 7.23267 2.92206 12.24518 13.18359 6.40106 5.09644 6.72150 9.79614 7.84302 8.79669 10.94055 4.47083 5.17273 5.11932 1.67847 3.54004
0.00000 0.00000 0.00000 0.00000 0.32043 1.54114 0.58746 2.48718 1.63269 39.23798 11.46698 18.24188 8.68988 125.76294 48.87390 40.23743 11.46698 1.51062 13.20648 17.46368 17.19666 14.91547 7.22504 10.03265 18.39447 12.15363 16.94489 4.78363 18.08167 1.68610 5.43976
0.00000 0.00000 0.00000 0.00000 0.00000 0.62561 1.63269 1.61743 4.47083 4.71497 0.85449 11.68823 12.92419 10.02502 32.76825 25.19989 11.33728 19.93561 70.67871 186.24115 31.19659 44.68536 33.34045 9.62830 5.06592 7.57599 5.55420 3.72314 10.29205 3.02887 15.56396
0.00763 0.00000 0.00763 0.00763 0.07629 0.19836 4.60815 6.04248 14.08386 10.10895 13.54218 10.26154 10.25391 4.28009 19.64569 15.61737 7.62939 10.69641 17.03644 12.65717 5.85938 3.83759 6.85883 4.62341 8.58307 4.62341 36.99493 28.95355 28.91541 5.17273 3.24249
0.35858 0.42725 0.92316 0.50354 0.09918 0.37384 0.76294 10.45990 26.19934 45.15076 26.12305 146.00372 4.34113 7.47681 20.08057 3.48663 8.22449 8.68225 1.49536 3.77655 6.15692 4.49371 9.18579 3.58582 1.09100 28.41187 31.86035 34.50775 19.89746 10.42938 4.95148
0.72479 0.74005 1.20544 1.98364 0.48828 0.86212 7.48444 7.98798 10.81848 21.21735 110.77118 4.10461 2.04468 0.72479 11.19232 4.83704 3.62396 3.09753 2.57111 5.47028 2.53296 0.79346 2.60162 7.11823 4.97437 28.32794 8.83484 12.02393 11.90186 3.82233 8.22449
1.03760 0.96130 0.80872 1.02234 0.43488 2.15912 28.10669 40.15350 7.94220 10.93292 10.30731 34.50012 17.57812 1.46484 1.57166 1.86157 1.39618 5.72968 6.43158 2.49481 3.93677 5.14221 3.86810 3.57819 18.12744 10.50568 0.93079 33.02002 13.19122 7.98035 9.08661
1.80817 0.62561 1.21307 3.28064 7.55310 23.49091 19.26422 11.84845 18.18085 12.32147 30.28870 9.35364 17.80701 0.62561 2.08282 0.61798 9.70459 3.87573 7.26318 8.83484 4.37927 8.99506 10.91766 15.67841 3.01361 2.40326 0.79346 9.23157 6.27899 11.09314 4.41742
2.62451 3.40271 1.16730 9.23157 5.56183 1.67084 5.08118 0.94604 1.89972 1.02234 5.50079 4.02832 9.53674 8.20160 6.79779 7.49207 9.21631 7.82776 8.04138 5.03540 10.35309 8.20923 5.92804 8.78143 1.21307 1.84631 1.10626 6.17981 16.86096 17.12799 1.83868
3.33405 3.26538 10.26154 21.25549 2.89917 5.42450 3.45612 4.26483 1.31989 0.70953 2.35748 6.34003 4.68445 7.88116 7.31659 13.73291 25.70343 7.69043 13.24463 15.60211 11.74164 11.36017 10.52094 14.78577 25.33722 17.39502 18.39447 9.88007 4.67682 8.87299 3.30353
