DATA/RAW-RASTER/ECMWF/20170628/EN-6/20170709.en-6.asc
ncols			31
nrows			16
xllcorner		69.5
yllcorner		19.5
cellsize		1.0
NODATA_value	-99999
0.16785 2.02179 1.54877 0.83923 0.00000 0.00000 0.01526 0.00000 0.10681 0.07629 0.27466 1.17493 1.80817 0.83160 1.19019 1.49536 1.54114 1.47247 0.90790 3.19672 2.45667 6.24084 6.42395 4.02832 2.60162 6.85120 6.36292 5.53131 4.31061 8.41522 11.00159
0.02289 0.16022 3.48663 3.67737 3.65448 0.14496 0.00000 0.00000 0.00000 0.00000 0.14496 1.05286 1.24359 2.31171 1.28174 3.57819 1.65558 0.90790 0.91553 0.75531 1.49536 2.83813 6.27899 5.02014 9.16290 14.72473 15.68604 19.48547 28.32031 24.26910 6.75964
0.16022 0.00000 0.00000 1.06812 3.03650 25.58136 0.62561 0.00000 0.00000 0.00000 0.00000 0.22125 0.09918 0.95367 1.35040 1.33514 3.99780 2.11334 4.67682 9.07135 8.08716 13.25226 10.74982 13.65662 6.28662 12.19177 11.30676 3.70026 7.50732 4.24194 7.29370
0.03052 0.00000 0.00000 0.00000 0.16785 6.46973 22.85004 13.96942 0.00000 0.00000 0.00000 0.00000 0.00000 1.49536 2.70844 7.04956 23.68164 13.80157 14.94598 15.26642 12.39014 17.32635 12.07733 10.36072 4.39453 0.17548 0.57220 0.29755 0.46539 1.60980 5.07355
0.37384 0.00000 0.00000 0.36621 0.00000 0.99182 4.85229 14.54926 2.11334 0.16785 0.09155 0.36621 1.73950 4.27246 10.49805 9.37653 11.55853 8.73566 13.13019 5.27191 11.54327 4.09698 1.64032 0.53406 0.03815 0.04578 0.07629 0.29755 0.37384 3.53241 3.97491
0.07629 0.00000 0.00000 0.00000 0.00763 0.45013 2.34222 23.17810 26.79443 24.90234 39.82544 13.32092 8.35419 8.81958 5.89752 1.02997 1.09100 6.63757 5.93567 3.31116 2.13623 2.56348 0.58746 0.40436 0.57983 7.84302 0.65613 0.09155 0.63324 0.35095 1.89209
0.00000 0.00000 0.00000 0.00000 0.00000 0.07629 0.75531 4.67682 20.00427 17.73071 4.61578 21.76666 25.45166 10.23102 22.17865 1.78528 4.89044 3.43323 1.38855 0.61798 0.96130 0.28229 0.75531 1.12152 4.21906 7.44629 1.67847 2.50244 0.98419 0.19836 0.34332
0.00000 0.00000 0.00000 0.00000 0.00000 0.48828 3.08990 3.85284 6.94275 11.94000 12.50458 13.69476 24.03259 63.88855 99.68567 42.36603 11.48224 9.49860 2.52533 4.11987 8.41522 6.86646 3.41034 5.67627 15.91492 9.78088 5.34821 6.62994 14.29749 1.99127 1.31226
0.00000 0.00000 0.00000 0.00000 0.00000 0.44250 0.73242 2.97546 4.90570 2.83051 6.59180 9.04083 23.24677 17.99774 17.66968 13.79395 28.22113 50.23956 59.07440 53.18451 28.90015 9.70459 7.30896 15.07568 20.72144 12.71820 8.82721 12.10022 14.83154 4.57001 2.28119
0.00000 0.00000 0.01526 0.03815 0.01526 0.00000 0.00763 0.00000 0.00763 0.54932 1.99127 10.54382 7.78961 8.66699 32.44019 14.99939 11.94000 65.23895 38.25378 47.98126 87.57782 14.43481 40.64941 2.28119 8.80432 29.86908 45.68481 39.68811 17.03644 7.60651 1.52588
0.14496 0.23651 0.38910 0.31281 0.00000 0.01526 0.66376 1.97601 0.41199 0.92316 0.60272 0.66376 4.80652 0.78583 15.47241 23.13232 12.42065 51.81885 11.99341 9.64355 27.86255 29.98352 41.78619 27.13013 4.41742 27.19879 16.09802 17.44080 32.54700 10.89478 1.47247
0.32806 0.56458 0.36621 2.09808 1.22833 0.28992 0.06866 1.73950 2.25067 2.09045 1.32751 1.67847 3.36456 2.71606 8.94165 70.83893 9.95636 8.47626 5.22614 10.32257 3.67737 1.95312 3.97491 22.80426 13.20648 5.64575 3.36456 13.32855 18.93616 11.75690 1.11389
0.81635 1.46484 0.64087 1.49536 3.23486 2.55585 1.11389 1.59454 1.83105 0.86975 2.19727 1.36566 5.05066 11.77979 15.27405 30.65491 6.12640 5.50079 4.23431 2.53296 2.60925 4.73022 3.56293 23.93341 12.42828 9.81903 2.50244 10.25391 18.28003 3.90625 4.10461
1.21307 1.68610 0.15259 1.99127 2.25830 0.67902 2.64740 5.62286 1.60217 2.37274 7.72095 2.57874 3.12805 7.67517 3.60870 5.40924 9.60541 5.37109 3.78418 0.77820 2.81525 8.14056 1.56403 6.46210 1.40381 0.03052 0.56458 2.76184 8.56781 5.05066 1.21307
1.38092 2.36511 3.41797 2.70844 5.08118 0.92316 0.28992 1.73187 4.76074 1.39618 2.12860 2.28119 6.38580 10.05554 11.48224 11.31439 8.94928 0.70953 0.62561 1.16730 5.14984 5.26428 10.34546 4.76837 1.27411 0.84686 0.12970 0.98419 9.39941 19.59991 11.76453
0.54169 0.97656 4.02069 9.94110 1.19019 1.00708 2.21252 0.76294 1.38092 5.87463 1.81580 6.01196 8.34656 2.38037 3.87573 10.65826 5.78308 0.61035 1.04523 2.03705 2.28882 3.76129 11.47461 13.49640 11.93237 1.53351 0.61035 6.45447 0.99182 3.44849 2.45667
