DATA/RAW-RASTER/ECMWF/20170628/EN-6/20170707.en-6.asc
ncols			31
nrows			16
xllcorner		69.5
yllcorner		19.5
cellsize		1.0
NODATA_value	-99999
0.61798 3.37219 1.28174 0.54169 0.41962 0.96893 0.54932 0.02289 0.24414 1.17493 2.76947 2.68555 4.98962 1.86920 1.91498 1.21307 0.95367 4.16565 3.13568 1.10626 0.73242 1.63269 0.76294 0.75531 4.36401 3.46375 26.39008 3.91388 2.30408 3.40271 5.47791
0.23651 0.04578 11.43646 1.39618 3.27301 0.00000 0.16022 4.47083 1.98364 0.85449 1.48010 0.90027 0.61798 1.33514 2.37274 0.99182 2.21252 7.25555 2.09808 2.91443 3.13568 5.37872 8.37708 4.78363 4.02069 17.94434 8.84247 7.65991 1.48010 3.86047 7.01904
0.84686 0.32043 0.09155 0.80872 0.57983 3.16620 3.46375 0.04578 0.00000 0.00000 0.00000 0.00000 0.07629 0.35858 2.09045 1.48010 3.73077 11.88660 5.97382 5.05829 6.23322 8.27789 18.00537 10.41412 9.41467 7.82013 5.37872 10.19287 2.05231 3.74603 7.07245
0.64850 0.41962 0.03815 0.16785 1.45721 1.00708 2.78473 4.76837 0.04578 0.01526 0.00000 0.00000 0.00000 0.91553 1.23596 0.31281 9.15527 13.72528 9.00269 9.77325 7.82776 15.99121 6.54602 3.87573 9.41467 0.29755 5.95093 7.68280 13.00812 10.35309 1.76239
1.70135 0.03052 0.45013 1.10626 0.07629 1.21307 1.12152 2.38800 0.54169 0.32043 0.01526 0.01526 0.06866 1.25885 1.15967 2.15912 10.74219 13.53455 0.66376 3.49426 3.43323 3.93677 3.23486 1.32751 2.29645 0.41962 0.38147 9.46808 14.73236 2.79236 1.85394
2.78473 0.01526 0.01526 0.06866 0.87738 1.02234 1.07574 0.73242 2.73132 0.96130 6.67572 0.84686 1.83105 0.38147 0.91553 10.20050 12.55798 2.71606 2.42615 2.70081 3.80707 5.85175 9.08661 12.49695 5.49316 10.02502 1.79291 3.73077 3.64685 0.52643 5.37109
0.06866 0.12207 0.06104 0.37384 5.25665 2.42615 0.40436 2.06757 1.18256 3.86047 3.85284 5.80597 1.98364 5.95856 3.86047 9.94110 21.18683 6.61469 2.42615 1.79291 4.36401 3.54767 6.21796 2.16675 12.27570 47.69135 10.91766 6.35529 5.08881 0.95367 17.79175
0.00763 0.09918 0.19073 0.01526 0.46539 0.52643 0.22125 0.38910 0.89264 1.69373 5.90515 13.15308 12.42065 7.13348 15.31219 50.00305 3.16620 0.31281 1.35040 0.77820 3.25012 16.95251 4.10461 33.00476 45.45593 142.06696 161.98730 15.95306 6.67572 6.08063 15.05280
0.00000 0.00000 0.00000 0.00000 0.04578 0.00763 0.00000 0.00000 0.00000 0.47302 0.10681 1.38855 3.94440 4.86755 9.20105 7.45392 5.76019 6.53839 11.61194 51.10168 53.19214 119.42291 43.27393 27.28271 14.75525 21.82007 76.08795 53.74146 12.17651 1.06812 5.56946
0.01526 0.07629 0.41962 0.74768 0.36621 0.01526 0.03052 0.00763 0.02289 0.11444 0.18311 0.00000 0.05341 0.41199 3.75366 3.57056 6.66809 12.27570 27.71759 15.11383 26.27563 8.52203 20.14160 42.81616 17.89093 22.59064 140.68604 22.75848 27.27509 3.46375 6.19507
0.10681 0.24414 0.82397 0.91553 0.00000 0.01526 0.01526 0.17548 0.00000 0.00000 0.00000 0.00000 0.00000 0.03052 0.21362 1.44958 5.69153 17.25006 11.09314 34.91211 16.29639 28.94592 145.75958 131.03485 14.65607 23.03314 13.43536 13.22174 20.27893 9.79614 8.58307
0.30518 0.55695 1.60980 1.60217 1.65558 2.27356 0.72479 1.07574 1.09863 0.51880 0.13733 0.06104 0.68665 1.44196 0.80872 1.89972 9.46045 15.31982 18.11981 15.93018 8.72803 13.74817 7.84302 7.80487 15.28931 10.69641 10.08606 6.97327 12.67242 7.74384 11.76453
0.75531 0.52643 0.28992 1.60217 1.97601 1.63269 0.42725 0.49591 1.03760 1.15967 0.25940 0.35858 0.33569 0.78583 7.07245 16.57104 19.18793 14.80865 25.11597 26.05438 36.70502 42.25922 2.27356 5.02014 10.85663 1.43433 1.75476 5.21088 12.10785 15.41901 10.16998
0.51880 0.68665 0.07629 0.55695 2.07520 0.69427 0.71716 1.60980 2.49481 1.20544 0.35858 0.39673 0.17548 1.10626 2.31934 1.79291 8.75854 13.98468 23.36884 34.20258 17.35687 15.90729 3.08990 3.56293 2.04468 0.29755 0.05341 1.41144 7.73621 6.95801 15.20538
1.81580 1.66321 2.74658 3.26538 3.27301 0.65613 1.28174 1.68610 1.13678 1.23596 1.33514 0.47302 0.38147 0.53406 0.44250 11.74927 0.22888 9.85718 6.77490 14.79340 12.94708 10.15472 14.68658 8.17108 0.61035 0.21362 1.31989 1.27411 17.72308 25.48218 10.88715
1.05286 1.59454 2.46429 9.81903 0.48065 0.96893 1.10626 3.57819 3.65448 2.31171 1.14441 1.44958 2.49481 4.76074 6.24084 2.14386 2.13623 3.54767 1.60980 4.28772 10.02502 8.59070 12.61902 10.45227 8.33893 0.90027 2.28119 0.74005 1.21307 1.75476 2.96021
