DATA/RAW-RASTER/ECMWF/20170628/EN-6/20170630.en-6.asc
ncols			31
nrows			16
xllcorner		69.5
yllcorner		19.5
cellsize		1.0
NODATA_value	-99999
0.52834 0.16785 1.00517 2.22778 7.36809 3.51143 3.91388 8.63075 11.66534 2.02942 4.24194 4.36783 9.52721 12.03728 12.51411 11.81221 6.78825 3.70789 1.15585 1.09482 4.84085 4.64439 3.31879 6.32858 12.46071 6.03485 2.54822 2.67601 0.75912 0.11444 0.05913
0.00191 0.03052 0.02480 2.42805 1.86539 1.06812 15.09285 6.57082 6.26564 4.52042 1.89209 3.17574 5.63812 8.79478 5.87082 3.89290 1.52969 2.60353 1.07193 1.36757 2.18010 1.02806 6.26564 5.01251 10.49042 8.85391 2.80190 5.83267 0.69046 0.00000 0.16975
0.12589 0.42152 0.02670 0.04578 1.31607 5.19180 14.89067 6.46210 1.58882 1.38283 0.20409 1.13869 1.68991 5.23758 1.21307 0.98419 0.33760 0.46921 0.94032 1.59836 0.95367 5.05447 4.74548 1.90926 8.01849 8.71086 3.47710 5.31960 4.46510 0.23079 0.17738
0.54359 0.00381 0.00000 0.08202 1.10054 1.73759 9.19724 26.78680 6.87027 1.43051 7.48062 1.59264 0.73814 0.50545 0.44250 0.53215 0.27847 0.51117 1.62125 2.44522 1.36948 8.05473 9.41277 7.06673 4.09889 1.39618 5.40161 4.82559 4.38118 2.24113 0.39673
1.34277 0.01335 0.00000 0.00191 0.32616 2.93350 19.85741 23.68164 17.32445 9.71031 2.91443 3.87573 3.78036 0.67329 0.58365 0.42152 2.28119 2.69508 3.53622 1.85013 2.41089 2.46239 3.40843 2.37656 0.12207 0.55695 1.70135 0.99564 5.18608 4.41360 2.69127
0.40627 0.02861 0.00763 0.04005 0.83160 3.99017 18.44788 99.68948 6.63185 28.76854 32.12357 17.17377 10.18524 0.76675 2.09999 0.68092 1.11198 2.62642 2.41280 4.07410 5.28908 1.70898 3.86238 6.93703 3.65829 1.43433 2.62070 0.60081 1.16730 1.07193 9.66263
0.00000 0.00000 0.23079 1.06621 2.40898 15.44380 4.52423 26.79253 9.89723 14.03618 63.71498 55.41420 38.10120 6.18362 1.30081 2.86484 0.76103 1.05667 1.01089 9.14192 3.76129 7.63321 5.87845 3.41988 4.64249 14.09149 19.62471 10.61058 2.89154 4.24385 3.84712
0.00000 0.13733 0.74005 1.44768 13.81683 27.59743 29.58679 7.55692 6.06728 13.15308 16.81519 21.17920 9.09042 19.30428 12.72583 22.73178 19.70482 2.49481 8.85773 2.69699 3.64685 13.43536 3.92914 16.55769 30.75790 66.51497 33.37860 10.79369 23.02361 4.38309 2.93541
0.01144 0.46730 1.22261 4.32968 10.54001 20.11871 23.46611 11.51848 5.68581 11.89804 23.66829 23.67783 46.61560 28.49007 8.19778 8.54683 2.25830 9.33075 125.17929 67.30652 92.52548 75.71983 23.96774 20.00427 16.65878 20.81680 14.06288 85.21461 78.88985 15.07378 2.57874
0.08202 1.19591 1.35040 19.55032 41.92543 24.89662 10.94437 2.37846 3.35312 10.28061 15.63644 13.57651 27.45628 25.65956 47.19353 11.49940 11.32011 17.39883 28.09334 19.35768 24.54948 10.80513 41.09001 1.85585 31.16798 20.51163 26.63422 25.98381 46.31996 13.43155 11.42693
0.73051 2.52914 16.36124 105.11589 9.90677 26.98517 30.38025 61.30791 3.70979 1.10817 7.78008 14.51874 20.16258 18.43834 93.09769 43.80608 30.96390 27.41051 18.89992 12.96043 5.16129 9.56726 12.37488 2.63786 10.09750 21.02661 21.08574 13.90076 32.63474 13.27515 11.85989
4.57954 121.76323 32.22275 35.64835 26.89552 14.25934 43.59627 101.87531 54.40331 1.93405 1.58882 3.17383 26.94511 27.48299 30.29442 18.51463 36.90529 16.80565 22.43042 8.69560 5.23186 5.26810 5.99289 9.45282 39.03008 7.69043 3.47900 6.89507 8.99506 17.48848 22.80807
37.92191 24.79744 20.78438 24.29199 9.18961 5.15556 32.08351 53.20740 13.58604 0.95367 7.28798 8.75664 13.48686 27.71187 26.90506 39.17885 120.12482 22.02988 31.66962 8.00323 9.47189 9.23920 2.39754 3.34167 8.25119 1.87492 2.11906 4.24194 8.00705 8.99696 12.85744
63.57765 3.91388 1.30844 3.53622 3.34549 1.13869 1.27792 8.25500 3.53241 2.02179 2.10190 1.22833 0.29755 6.88553 6.85310 26.83258 11.85799 29.14810 23.76747 10.24628 12.69531 15.11002 2.56920 17.18330 11.78169 1.04904 0.13542 2.05421 7.06100 3.83377 1.89781
4.61578 5.67245 2.60544 10.99396 7.19070 0.91934 0.28801 0.43869 0.42915 0.31853 0.76103 1.66702 1.54686 1.35422 1.93214 2.61497 0.46349 5.13840 35.01701 15.71083 7.80487 13.26370 34.15298 22.96066 13.18741 1.16730 0.36621 0.95749 0.65994 7.90024 4.52805
3.66783 3.09944 3.92532 9.63593 2.02751 0.84877 0.44060 0.55504 0.21744 0.27466 0.35095 1.10817 0.88501 4.64439 2.59590 7.98416 4.89807 12.78305 82.75795 10.82420 3.35312 9.54628 21.55495 30.36118 23.74840 10.13756 6.70052 1.71661 0.97466 0.69046 3.56102
