DATA/RAW-RASTER/ECMWF/20170628/EN-6/20170703.en-6.asc
ncols			31
nrows			16
xllcorner		69.5
yllcorner		19.5
cellsize		1.0
NODATA_value	-99999
1.11389 4.27628 2.27737 4.69971 3.20816 1.12534 0.86212 0.21362 0.10681 0.00000 0.11063 1.36185 1.31607 0.47302 1.04523 1.66321 2.51770 5.64194 5.75256 2.49481 4.26865 3.18146 4.77219 5.88226 2.33459 1.74713 1.34659 1.27029 1.68228 1.15585 7.46918
0.39291 0.90027 0.12970 1.44577 3.27682 0.05722 0.37384 0.22507 0.05341 0.01144 0.70190 2.10953 0.47684 1.07574 2.01416 0.95749 0.52643 3.74603 5.97382 2.59399 3.82614 4.12750 3.06320 2.19727 4.10080 3.38364 1.27029 1.81580 4.15039 1.49536 10.35690
1.14059 0.75531 0.42343 1.15585 0.99182 1.86539 1.56403 0.07629 0.01144 0.20599 0.57983 1.64032 1.81580 2.02942 0.43106 1.84250 0.97275 0.49210 2.15149 3.52097 7.76291 5.49316 26.67618 6.30951 2.34985 1.37329 1.17874 1.49536 1.13678 5.81741 2.21252
1.77002 0.21744 1.02997 2.99072 1.19781 1.48392 1.39236 9.12857 0.03052 0.00000 0.13733 1.00327 0.15640 2.08282 1.02234 2.09427 1.28555 2.53677 3.64304 9.81903 6.19125 5.97763 8.68607 2.85339 0.21744 0.29755 10.18524 17.37213 2.85339 2.94495 1.86920
0.08392 0.04578 0.15259 2.01035 1.76239 2.52533 0.20981 2.28119 0.42725 0.77057 0.71335 0.16403 1.12534 3.58963 0.77057 0.31281 0.42725 1.53732 5.83267 6.77872 4.02069 8.14438 2.94495 0.43869 2.03323 2.64359 1.81580 8.46481 9.10187 6.55365 7.68280
1.20544 0.00000 0.00000 0.00000 0.43488 1.65176 2.46429 0.41199 1.04141 5.62668 3.04031 2.81906 0.14114 0.29755 0.12589 0.67139 3.61252 6.43921 7.80487 23.33832 11.76453 12.64191 12.32910 3.02887 8.52203 6.37817 1.12152 1.57928 8.32748 13.76343 5.52368
0.00000 0.00000 0.00000 0.00000 0.00000 0.52643 2.00653 1.93405 4.17328 6.70624 4.26865 9.01031 5.32150 0.23270 0.03815 0.86594 1.46866 3.53241 7.98416 15.82718 10.69260 17.47513 8.86536 9.15527 10.95963 14.47678 24.57809 6.83594 0.75150 6.98471 16.82663
0.00000 0.00000 0.00000 0.00000 0.00000 0.18311 2.18201 4.82941 17.58957 3.48282 2.28119 1.51062 1.70517 2.51007 1.00708 3.30353 11.06644 0.23651 7.20978 8.27026 20.97702 27.53830 22.83859 48.67554 22.06039 92.12494 226.98212 21.33942 30.66254 13.62228 18.45551
0.00000 0.00000 0.00763 0.00381 0.00000 0.02289 1.55258 5.35965 18.67294 9.35364 24.61624 10.54764 7.77054 3.34549 1.98746 3.57819 2.11334 4.20761 8.17871 121.75369 117.10739 232.00607 100.33798 36.56769 10.50186 2.37274 28.10287 125.37766 116.28342 15.88058 4.37546
0.09155 0.58365 0.76675 1.57547 1.75095 0.16403 0.32806 1.07956 4.79507 13.68332 6.78253 32.28760 18.11981 2.88773 0.33188 1.64795 2.45667 12.11166 14.51874 23.55957 6.76346 7.88879 63.73978 3.71170 5.13077 3.55911 17.73453 4.71497 47.29462 21.04187 2.82669
0.54932 1.19781 1.50299 1.17111 0.20218 0.22125 0.00000 1.60599 2.41089 3.67355 7.57599 2.47574 3.27301 2.75803 2.57874 1.99890 0.93079 4.16946 8.98361 11.16180 16.53671 26.91650 41.50009 9.96399 21.63315 12.54654 2.22778 3.13187 19.07730 26.52740 10.54382
0.83923 1.33896 2.61688 4.42123 1.49918 1.88828 1.02615 0.49973 0.58746 2.17819 1.54877 3.21960 3.64304 1.88446 0.87357 1.86920 1.30463 1.67084 4.59671 4.76074 12.79831 5.31006 0.83923 7.22122 20.62607 3.82614 3.60870 2.50626 11.69205 38.61237 16.43753
0.67520 1.15967 0.57602 1.47629 3.32260 4.89807 2.06375 2.42615 1.82724 1.93024 1.65176 1.77383 1.23215 8.87680 1.95694 2.30789 10.41794 2.08282 1.43051 1.83105 11.06644 10.87570 22.35794 7.17926 6.06155 3.75748 0.23651 2.12479 6.74438 5.68771 5.08881
1.27792 1.63269 0.17929 2.24304 6.97708 2.26593 3.89481 4.23813 3.60870 2.13242 7.96890 3.77655 4.50134 7.65228 11.45554 5.88989 3.79181 4.65775 2.51770 4.52423 3.52859 7.02286 8.05664 14.48822 3.31879 0.86212 0.79727 5.82886 3.38364 10.52856 7.53784
3.29208 1.48392 1.68610 5.41687 2.69318 2.64740 1.19400 1.78146 2.16293 0.53787 5.57327 10.69641 9.79996 12.86316 16.67786 4.07410 3.37601 2.16293 4.76074 3.51715 6.33240 10.93674 22.67456 23.33069 2.06757 11.66534 3.00980 5.26047 3.04031 10.03647 12.02774
1.91498 2.54059 3.50189 9.31549 2.11334 4.76837 2.17056 2.55585 3.80325 2.50626 6.46973 8.15964 8.44955 12.42447 6.67953 3.80707 3.41415 2.13623 1.91498 2.38800 5.75638 8.55637 8.87299 28.64838 33.74863 1.54114 13.37433 2.50626 1.28937 1.82343 1.09100
