DATA/RAW-RASTER/ECMWF/20170628/EN-6/20170712.en-6.asc
ncols			31
nrows			16
xllcorner		69.5
yllcorner		19.5
cellsize		1.0
NODATA_value	-99999
3.80707 3.62396 15.02991 7.12585 3.18909 2.73132 0.74768 0.09918 0.12207 0.00000 0.00000 0.11444 0.05341 1.69373 6.80542 10.87952 9.94110 10.93292 7.24792 4.16565 13.69476 11.00922 16.04462 9.70459 0.91553 2.71606 5.11169 3.28064 1.83105 0.93079 0.87738
0.71716 2.02179 14.24408 11.16180 7.06482 0.79346 0.06104 0.04578 0.24414 0.00000 0.00000 0.00000 0.04578 1.57928 6.51550 6.72150 4.16565 4.74548 4.78363 3.57056 2.93732 19.59991 7.88879 10.17761 3.25012 2.26593 1.07574 3.12042 0.80872 0.06866 0.38910
2.01416 3.21960 8.14819 8.94165 3.25012 2.16675 1.42670 0.03052 0.01526 0.00000 0.24414 0.26703 0.51880 0.83923 3.20435 4.85229 4.37927 4.95148 5.47028 7.40814 3.62396 7.56073 3.58582 1.49536 5.18799 0.64850 2.37274 0.59509 0.30518 0.35095 0.51117
0.63324 0.06104 0.19073 0.45013 2.13623 1.28174 0.72479 2.31934 0.03052 0.28229 2.63214 0.63324 1.63269 1.01471 2.43378 4.22668 5.21088 3.54767 6.62994 7.54547 13.14545 9.02557 6.21796 4.96674 1.85394 0.93079 1.67847 4.66156 1.37329 5.70679 2.79236
0.73242 0.10681 0.05341 1.23596 0.66376 1.14441 0.33569 2.52533 9.14764 2.14386 0.90790 1.78528 0.96130 1.12915 0.76294 3.42560 8.36945 12.70294 6.08063 2.27356 12.60376 9.57489 5.83649 0.37384 1.62506 1.89972 3.31116 3.47137 3.97491 3.47900 4.77600
0.00000 0.00000 0.00000 0.03815 0.27466 0.30518 1.77765 1.56403 11.74164 12.26807 7.43103 5.42450 0.86212 1.17493 1.77002 3.21198 5.88989 17.76123 6.64520 5.74493 7.67517 4.57001 5.74493 4.35638 3.86810 5.55420 3.99017 7.94220 8.47626 5.26428 10.74982
0.00000 0.00000 0.00000 0.00000 0.17548 0.06104 0.83160 0.46539 2.61688 2.69318 2.31934 2.63977 16.93726 5.05066 0.28229 4.14276 8.31604 7.90405 4.85992 11.50513 8.89587 11.98578 15.17487 9.49860 9.71222 29.25873 23.84949 10.71167 5.29480 23.38409 11.76453
0.00000 0.00000 0.00000 0.00000 0.00000 0.03815 0.81635 3.14331 5.26428 2.56348 3.80707 2.31934 3.62396 6.99615 11.97815 21.82007 19.11926 1.12915 0.49591 3.42560 6.26373 20.02716 8.07190 28.03040 13.99231 30.69305 35.25543 27.92358 18.70728 15.22827 15.68604
0.00000 0.00000 0.00000 0.00000 0.00763 5.18036 2.42615 7.40051 14.70184 8.75854 2.01416 0.72479 1.49536 1.64032 6.96564 9.54437 64.99481 57.70111 10.74982 26.16882 12.35962 17.51709 16.05225 39.36005 10.40649 16.60919 43.80798 13.60321 41.68701 13.25226 16.45660
0.00763 0.03052 0.15259 0.06866 0.05341 1.16730 8.06427 20.24078 38.36060 17.66968 4.64630 1.36566 1.42670 8.75854 27.04620 11.90948 21.60645 20.43915 16.21246 25.41351 14.96124 16.73126 12.22992 14.10675 9.37653 37.30774 46.66138 27.82440 40.92407 15.36560 12.08496
0.28229 0.25177 0.30518 0.09155 0.17548 0.64850 3.66211 6.33240 39.06250 5.26428 22.00317 0.57983 0.80109 7.85065 27.31323 5.21088 5.37872 5.42450 5.06592 10.27679 8.39996 13.54980 25.83313 15.64789 8.59070 26.58081 6.96564 14.04572 18.79120 14.19830 6.40869
0.14496 0.54169 1.60217 0.42725 0.91553 0.64850 0.67139 2.09808 2.02179 1.85394 4.73022 1.39618 11.69586 2.95258 7.15637 11.37543 7.85065 0.86212 1.06049 2.83051 0.95367 4.28009 1.65558 13.87024 12.16888 4.40216 4.21906 8.76617 37.35352 30.59387 15.73944
0.93842 0.66376 0.79346 0.14496 1.07574 4.67682 1.42670 0.40436 6.51550 9.34601 6.37054 8.07190 15.06042 18.52417 15.54108 3.27301 0.75531 0.74768 3.07465 1.93024 1.57928 4.28009 17.41028 13.55743 18.55469 0.92316 0.12970 9.91821 11.45935 3.56293 4.69971
1.47247 1.86157 0.34332 2.19727 10.43701 2.17438 0.74768 1.32751 5.14984 4.20380 6.55365 24.33014 35.30121 25.42114 3.43323 1.42670 0.58746 3.73840 3.48663 5.31769 3.58582 11.08551 12.71057 22.00317 3.67737 0.64850 0.02289 8.91113 10.03265 3.44849 1.70135
2.04468 1.76239 3.37982 2.85339 1.35040 2.44904 0.45013 2.36511 2.54822 9.81140 29.14429 6.18744 9.43756 13.29041 0.70953 5.85938 2.44904 4.79126 1.51825 2.54059 1.92261 3.93677 10.00977 10.42938 10.90240 1.67847 0.88501 1.50299 0.66376 6.89697 7.25555
3.19672 2.37274 2.43378 9.30786 4.86755 8.20923 12.26044 1.01471 4.79889 19.21082 14.94598 14.94598 15.87677 26.50452 1.98364 3.82996 3.04413 2.13623 3.18146 3.99017 2.86865 4.49371 10.60486 17.06696 6.61469 2.36511 1.83868 1.85394 1.53351 3.70026 4.87518
