DATA/RAW-RASTER/ECMWF/20170628/EN-6/20170702.en-6.asc
ncols			31
nrows			16
xllcorner		69.5
yllcorner		19.5
cellsize		1.0
NODATA_value	-99999
1.02234 5.45883 6.12259 3.37982 3.58582 2.42996 0.95749 0.16403 0.11444 0.03052 0.78583 1.72806 1.42288 2.62833 1.67847 2.92587 2.75040 0.79346 1.10245 2.02560 4.28009 2.79617 5.30243 4.16565 3.28445 3.42560 4.61197 1.51443 1.38855 1.88065 1.48010
0.14496 1.82343 6.84738 9.39941 7.97272 1.95312 0.51117 0.55313 0.35477 0.10300 2.63214 4.10080 3.54385 12.29477 7.73239 18.97049 19.27567 14.12964 9.67026 2.22397 1.32370 4.24194 5.45883 5.69534 8.17108 5.53894 4.42505 9.42230 9.34219 8.47244 1.17874
2.47574 6.17981 8.17871 9.77325 17.13562 11.74545 8.28171 0.28992 0.37766 1.74332 4.34113 4.37927 5.13840 11.27625 12.06970 13.02719 10.61630 9.11713 7.91931 7.84683 3.19672 7.77817 7.49207 11.61194 10.70023 14.35089 9.90677 7.86972 8.40759 5.86319 6.94656
5.84030 13.04245 12.19559 9.93347 4.24576 3.30353 6.74438 3.06320 4.28772 8.25500 6.54602 1.56403 1.69373 7.25937 7.74002 8.39615 12.94708 12.96234 6.60706 8.59451 10.18143 4.22287 7.13730 11.49368 10.98633 6.29807 14.22882 11.85989 6.53076 7.85065 3.57819
2.95639 0.05341 0.24033 7.27463 0.12970 3.02124 0.37003 17.04407 23.97919 15.20157 2.45667 2.59018 5.45883 2.72751 5.65338 2.80762 3.17001 6.25229 1.76239 3.74222 3.54385 5.29861 11.38306 9.94492 4.17709 4.82178 3.74985 9.36508 4.93240 3.44467 11.86752
0.75531 0.00000 0.00000 0.27466 0.02289 1.35422 2.38037 37.65488 111.24420 30.09796 10.95200 13.64517 6.39343 5.34058 7.82013 1.89209 2.24686 4.65393 2.47955 6.19888 5.78690 9.23920 7.82776 12.35962 11.04355 11.40594 1.52206 0.67520 10.28061 15.86914 8.72803
0.00763 0.00000 0.00000 0.00000 0.57220 3.78036 3.06320 6.47736 40.18402 14.20975 8.87680 4.72260 3.68118 21.46530 7.21741 2.41470 2.18964 1.04523 4.70734 3.33405 7.00378 7.06482 14.75906 8.88824 10.87570 14.50348 10.99777 3.23486 1.58691 13.90457 15.75851
0.00000 0.00000 0.00000 0.00000 0.00000 2.09808 5.82123 4.26102 33.07343 17.09747 16.12091 8.37326 1.82724 43.20526 5.85175 13.04245 3.40271 17.20047 3.36075 3.51334 2.22015 9.16672 5.32532 15.34653 15.40756 70.56046 147.33887 33.48160 25.65002 3.70026 5.88226
0.00000 0.00763 0.00763 0.00381 0.00000 0.24414 1.77765 7.06482 15.19394 34.24454 128.84903 9.57489 2.64359 2.11334 7.04575 4.64249 6.32095 79.88358 36.23962 12.06589 35.22110 23.28873 15.47241 23.93723 6.30951 20.28656 15.01465 53.02811 16.49857 11.83701 3.78036
0.08392 0.04959 0.14496 0.55695 0.84686 0.06866 1.52588 4.43268 12.72964 48.00034 15.83099 4.37927 1.05286 0.55313 4.55856 8.10623 2.64359 15.15579 14.19449 17.27295 8.70895 14.29367 12.94327 13.12637 7.37381 6.38962 18.73398 27.96173 131.76727 31.10886 3.00980
0.23651 1.07193 1.22452 0.53024 0.00763 0.02670 1.28174 23.33450 15.56015 32.76443 18.73779 4.34113 2.33841 0.67139 0.25558 5.22995 13.05771 11.65390 42.20200 7.92694 25.85220 17.66968 38.92899 13.51547 2.58636 3.63541 0.94986 1.09482 36.80801 39.85214 18.71872
0.32425 0.22507 0.93079 3.80707 1.85394 1.53351 0.40054 0.74387 10.08224 10.33783 74.52393 28.43475 11.42120 9.05991 0.54550 0.77057 7.92694 12.00104 18.80646 13.37051 12.50458 8.66318 2.34222 2.09808 7.07626 0.80490 0.99182 0.71716 15.87677 17.69638 9.86099
0.62180 1.17111 0.45395 0.45013 1.20163 1.26266 0.33951 1.62888 1.01089 3.28827 7.36618 13.03482 17.13181 8.80051 1.29700 2.24304 11.75690 6.20270 7.90024 9.34982 13.92365 9.54056 3.97873 6.68335 10.50568 1.63269 0.70953 1.83105 6.79398 14.35089 6.03104
1.88446 1.94931 0.33951 2.90298 2.94495 0.83923 0.38528 2.45667 1.35422 1.06049 2.71225 8.58307 2.26974 3.40271 3.39890 4.73404 7.49207 4.68063 7.85446 6.91605 3.23486 10.84518 6.80542 6.64520 5.69916 0.46921 2.51770 1.38855 6.30188 9.24683 11.23810
3.71552 1.67465 3.46375 5.29099 5.69916 2.89536 1.20926 1.54877 1.17493 0.71335 1.00708 1.52588 4.50516 5.94330 8.12531 10.67352 14.37378 1.60217 4.74930 4.67300 4.06647 5.85556 14.92310 30.93719 0.91934 0.84305 3.62015 1.90353 0.70190 7.44629 11.47079
3.76129 5.09262 4.94003 6.82449 1.44577 2.30789 2.86102 1.90353 0.89645 0.56839 2.27356 7.03430 6.46591 3.60107 4.01688 7.33566 14.75143 0.90790 5.79071 5.60379 5.20325 5.13458 8.86536 15.20920 20.15305 1.15967 13.14545 1.15967 1.45721 3.41797 0.20981
