DATA/RAW-RASTER/ECMWF/20170628/EN-6/20170701.en-6.asc
ncols			31
nrows			16
xllcorner		69.5
yllcorner		19.5
cellsize		1.0
NODATA_value	-99999
0.53406 0.61798 4.94766 2.05612 3.76892 1.43051 0.10681 0.08392 0.16022 0.37384 2.68173 3.97873 4.16565 5.28336 7.24792 9.76944 6.82449 6.72913 6.52313 3.71170 1.73187 5.79453 5.34821 8.97217 7.29370 3.45612 2.65503 2.65503 2.99072 7.94983 3.25775
0.00000 0.01907 0.51498 0.98038 3.66974 0.69427 0.19073 1.16348 0.12207 0.95749 3.91006 5.75256 12.82120 4.26483 8.67081 10.80704 10.96725 8.52585 4.38309 5.26428 8.15964 3.57437 4.30679 6.63376 3.76129 7.31659 6.50024 8.39996 5.82123 6.19888 11.05881
0.01526 0.00000 0.00000 0.54932 1.54114 0.23651 3.74603 0.73242 2.03323 1.96838 2.46429 7.45392 4.24957 2.92587 4.76837 3.95584 5.50842 10.44846 10.76508 7.37762 12.43591 14.52255 8.89206 4.01306 6.87408 8.48770 15.54871 18.01300 13.30185 4.65393 8.91113
2.54440 0.00000 0.00000 0.00763 0.38910 1.23215 2.09427 5.42068 5.54276 3.13950 6.47354 5.34439 2.14386 2.18582 2.12479 3.04031 5.03159 7.56073 3.84140 9.52530 3.16238 4.95529 5.34439 6.62231 3.74603 0.75531 7.16782 3.56293 4.94766 2.96783 11.13892
3.67737 3.65829 0.27847 0.00000 0.67902 1.34277 1.07574 17.70020 19.70291 6.08063 21.98792 13.45062 4.44412 1.83487 3.08609 5.78690 9.82666 10.75363 7.18689 8.76236 7.70569 3.57437 1.04904 1.49918 0.20981 0.29373 0.38528 2.68936 3.25394 1.61362 5.98145
0.56076 0.04959 0.00000 0.00000 0.10681 0.71716 2.09427 35.26688 151.80969 34.88159 50.76981 23.02933 15.84244 2.55203 7.03430 3.07083 3.83759 3.81470 5.37109 4.04739 5.06592 5.18417 2.18964 6.56509 4.52805 5.71060 2.31934 1.02615 1.81580 9.72748 10.40268
0.00000 0.00000 0.37003 0.68665 0.06104 0.20599 1.77765 10.75363 39.98947 7.22504 69.34357 55.17197 34.72900 14.01901 17.91382 2.35748 2.31552 1.37711 0.72098 2.68936 5.16129 6.25610 2.86484 4.66156 5.29861 35.15625 20.87402 7.85828 0.41962 4.10080 5.98526
0.00000 0.00000 0.19455 0.82397 0.40436 2.19345 0.61417 13.26370 22.57156 4.75311 11.07407 12.91656 37.69302 95.26062 95.42084 34.13391 20.58029 3.94821 16.01028 4.40979 6.92749 7.99942 2.44522 14.88113 7.09915 22.48764 22.68219 19.00482 43.52570 6.15692 4.40598
0.00000 0.00000 0.00000 1.51062 1.35803 0.57220 9.95636 16.19339 7.41577 2.56348 11.06644 3.01743 15.72800 55.45807 13.17978 36.95679 3.06702 34.64508 172.60361 24.68109 36.56006 37.08267 22.73941 19.88602 15.99503 5.26428 21.40045 38.81073 29.72794 14.49966 3.33405
0.00000 0.00763 0.00381 3.51715 2.68936 1.57928 35.85052 11.79886 5.04684 2.27356 1.66702 2.14767 1.43433 5.56564 35.69412 12.15744 57.44171 20.97321 6.93130 5.05829 3.91388 8.74329 27.83585 2.13623 3.73077 11.54327 22.10999 11.50513 78.76968 17.33398 3.62396
0.17166 0.13733 0.13733 2.70462 8.93402 19.02008 87.72278 47.84012 110.09979 14.12201 4.19617 0.21744 0.72861 3.70026 30.12848 17.67731 12.50839 20.92361 4.60815 11.20758 8.76617 11.96671 59.09729 4.03976 11.43265 9.16290 9.07898 7.58362 31.02875 10.13565 4.66919
0.24796 0.20599 1.01852 5.83267 11.88278 29.51431 63.22098 27.05383 23.07129 18.52036 3.38745 0.39673 1.67084 21.17157 12.93945 3.13568 2.29645 25.83313 21.16776 39.12735 12.88223 29.01459 3.86810 1.88828 6.47354 4.05502 2.85339 4.10080 5.01251 12.85172 13.05008
0.42343 2.05231 2.67792 2.65121 4.23050 43.38074 11.67679 19.67239 10.58578 2.78091 3.35693 1.93024 6.20270 1.32751 11.79504 3.18909 2.76184 6.17599 23.33069 8.99887 14.14871 16.80374 9.52911 2.48337 4.65393 0.84686 1.99890 3.10135 14.04953 6.26755 6.54984
1.41144 2.86865 0.06866 1.01471 8.31223 1.57928 13.91220 24.11270 5.55038 4.93240 2.41089 2.23923 0.09155 0.27084 4.40598 5.32532 5.81741 7.18307 23.22006 7.38907 24.33395 24.23859 9.08661 13.09586 3.31116 0.27847 3.31879 1.62506 7.33566 28.09143 7.79343
2.59018 1.27029 2.45285 17.30728 16.89911 8.75473 8.64410 4.37927 3.43323 5.55801 3.74222 1.93024 0.27466 2.47192 1.52969 2.60925 5.38635 2.10190 11.96671 37.78839 59.94034 17.61246 38.12408 19.14597 1.86539 1.34659 0.54169 1.31226 0.24796 14.12201 20.84351
2.97928 4.81796 3.17383 14.59122 3.15475 3.81088 1.17874 2.56729 1.08719 1.04904 4.14658 2.35367 1.86920 2.63977 3.08990 8.06046 3.82996 7.10678 5.84793 6.79016 11.51276 11.62338 17.97104 30.40695 30.42603 8.13293 5.69534 1.52969 1.01471 0.53787 2.43378
