DATA/RAW-RASTER/ECMWF/20170628/EN-6/20170628.en-6.asc
ncols			31
nrows			16
xllcorner		69.5
yllcorner		19.5
cellsize		1.0
NODATA_value	-99999
2.59209 11.68251 30.16472 14.63318 10.14900 10.51140 12.76016 13.92365 2.92206 0.17166 2.00653 7.17926 10.73647 8.68607 10.62775 5.50079 20.23506 1.42479 1.04332 7.40814 2.72560 2.06757 2.56729 1.63269 0.71526 0.91934 0.43678 0.17357 1.43623 1.15013 5.49126
3.06702 38.71536 57.95097 25.64812 18.06641 30.50232 13.74817 5.10788 8.20923 2.54059 3.65639 2.78282 5.55611 10.71167 9.06563 4.20761 5.69344 3.82423 11.73973 7.22885 4.42886 4.46701 2.28310 3.18718 2.67410 0.97847 0.96893 0.91362 0.74959 1.37711 0.47493
42.72842 76.28059 36.27205 29.97589 43.27202 26.22414 19.80019 20.28275 9.90868 8.75473 2.75421 2.13814 2.13051 1.52397 0.49400 1.14059 3.05939 2.21825 6.81114 6.33240 5.64575 6.00624 7.26318 4.72260 5.11551 1.40953 0.32043 1.49727 0.70000 1.31607 0.51498
76.80893 64.44740 23.38791 33.24318 29.38080 39.57748 24.04022 48.25783 16.45851 1.39236 1.88828 0.61417 0.94414 0.91934 3.02887 8.17108 2.65694 3.69835 4.07600 4.84848 5.03731 10.90050 6.18362 7.99179 12.02011 1.63078 2.07520 2.58255 0.47302 4.46320 1.57547
28.36609 70.26291 43.75648 13.67188 45.68291 63.52615 34.48677 6.06346 7.80296 3.43704 0.45204 0.23079 0.51689 0.59319 0.92125 2.40898 1.39046 1.46484 1.78909 4.74548 8.03566 7.99561 8.34846 5.76019 6.43539 7.32994 5.22995 7.06673 5.81551 2.31934 11.65581
10.04410 31.83174 29.51813 35.92300 22.17674 39.37340 17.40646 21.01898 3.04985 11.85226 6.67572 0.37003 0.37003 0.00000 3.48091 4.77409 5.18417 8.87680 4.97437 9.96780 3.86620 10.50377 11.37733 14.12010 18.08548 21.24405 8.40378 2.04849 2.73132 10.78796 8.59642
15.11765 24.12605 18.93616 8.83484 12.62093 43.09082 28.05710 19.47403 11.84273 10.58578 8.38470 14.92310 5.84030 8.01086 1.35231 3.03268 1.21880 7.15637 7.11632 10.34927 4.72069 4.31252 8.94165 7.00951 10.54764 31.76498 15.02800 7.02095 0.86975 1.08719 2.42233
4.79889 15.77759 4.17519 8.91685 8.23975 9.47952 13.09395 17.47894 9.53674 9.80759 10.29015 4.09889 3.26347 14.54163 31.58569 11.94763 9.05991 0.52261 4.36020 4.81606 8.02422 13.17978 3.35121 28.55110 28.27644 32.24754 18.89420 16.00647 53.34091 14.61411 1.42860
2.37846 24.95003 1.02234 2.69127 6.91032 5.85175 9.10759 20.33043 28.68843 13.78441 9.61876 6.57463 7.96700 2.42043 2.95258 2.32315 5.49507 12.57706 25.77400 24.11842 25.20180 54.84581 17.74025 32.93991 33.65707 29.83856 16.44135 62.29019 80.63126 12.84027 1.99318
4.57191 21.30890 5.25856 6.45256 3.50571 31.06689 13.10921 15.07759 30.85136 19.88029 6.96945 9.84955 7.01523 2.03323 1.65939 0.56076 3.41415 1.52206 0.76866 0.88882 12.83264 12.35008 42.03415 8.94165 8.94356 17.24243 19.93370 22.61925 15.74516 2.63786 11.35254
3.46756 0.21744 1.19591 4.45366 1.64986 0.53406 0.32043 2.85530 49.86763 21.45958 24.98817 22.18437 11.13319 8.88824 0.76294 0.91171 5.43022 8.59642 3.82805 3.58009 11.24001 21.27266 16.63971 18.09311 20.40100 12.94136 20.79773 18.82553 15.11765 9.84764 4.96864
0.23460 2.59399 3.18527 7.69997 2.01416 0.94032 0.96321 0.50545 6.06728 26.21460 27.51541 15.38467 19.16122 21.24214 7.42340 2.45476 14.79340 16.49475 8.19016 2.90298 5.18227 10.63156 3.34167 10.11086 18.03398 9.80949 3.28255 14.59885 11.64055 17.51137 19.91463
5.36537 13.62038 4.51469 5.07164 3.28827 0.84305 5.92995 1.34659 2.51389 5.04684 8.38852 24.19472 32.19604 14.66179 5.57137 4.51088 16.07895 17.38167 10.02884 8.94356 3.41606 5.18608 19.66667 20.91408 17.93289 11.39641 0.60844 20.17212 42.08374 14.80293 10.70976
8.73756 9.24110 3.14331 8.90160 4.87900 2.70653 4.80080 3.61252 5.16129 3.50189 12.25662 21.61598 23.95630 12.42065 24.06693 13.88931 32.00150 5.84221 11.62148 7.86781 2.82097 6.36101 14.80675 12.10594 10.12039 0.52261 0.24986 31.79550 37.75597 21.49010 9.04274
30.89523 35.02846 22.34077 26.67809 1.37138 9.67598 6.43539 2.80380 1.12724 4.02260 4.24004 4.99916 3.23486 11.11412 12.57515 41.23497 29.78706 8.95882 14.10294 5.60570 17.74406 10.15663 13.06725 26.83449 14.16779 0.69427 0.39291 2.86102 0.64278 6.91223 10.46562
103.10364 62.94441 22.45903 25.06638 7.96700 15.79094 26.03722 12.94327 12.07542 2.00462 2.77710 7.55882 2.05612 6.77490 4.67873 16.14761 41.04233 14.78577 47.30797 8.31032 17.70210 9.09805 16.03699 30.50423 21.32225 3.39508 2.09045 1.56021 0.65994 5.38254 5.26619
