DATA/RAW-RASTER/ECMWF/20170628/EN-6/20170629.en-6.asc
ncols			31
nrows			16
xllcorner		69.5
yllcorner		19.5
cellsize		1.0
NODATA_value	-99999
4.43268 2.64549 1.47247 1.89972 6.66046 15.46097 32.94754 24.95003 11.70349 1.71280 3.59344 11.40594 13.02719 12.62474 12.39586 8.30650 13.06534 11.49940 17.16042 9.71603 7.71141 2.01225 1.88446 3.02505 1.65558 0.56076 0.07057 0.03815 0.00000 0.00191 0.90408
0.92125 0.82016 0.00000 2.39563 16.33072 48.74802 41.46385 14.07433 8.64220 5.15747 2.39372 2.84576 6.70433 1.77193 3.41225 3.09944 5.94521 11.07025 4.58336 3.74031 1.73378 1.10435 1.35803 3.04985 1.59836 2.39754 2.00081 0.50163 0.02480 0.00191 0.17548
0.31662 17.95959 0.41008 3.04413 112.78725 127.91252 50.09079 19.56558 4.09698 1.31798 0.57793 0.85831 1.82915 0.32997 0.59700 0.46539 1.49727 6.89507 2.99835 3.09372 0.81253 5.70107 0.71335 0.87166 4.09317 5.10025 0.95940 0.23651 0.90408 0.62752 0.89836
9.61113 13.00621 2.63405 6.15692 70.40215 60.56404 29.04129 18.05305 14.30321 1.72806 0.94223 0.58556 0.80109 0.66185 0.33951 0.03242 0.51689 0.61989 3.87764 3.53241 1.52779 1.08337 3.23677 0.90981 0.80681 0.41771 11.31058 5.44739 6.49834 4.04549 2.67410
8.23212 17.30537 5.07736 6.19316 7.34329 32.44400 69.64874 14.66942 5.56564 2.58827 0.11253 0.29182 1.13869 0.17548 0.33760 0.07248 0.04768 0.13542 0.48447 3.67355 5.84602 4.25529 1.69373 0.98801 0.60272 5.06783 6.60324 9.81331 11.07025 8.70514 6.57654
1.06621 2.01416 1.32751 3.39699 17.32826 17.31682 33.53882 62.61444 13.01193 21.50536 6.35910 2.12860 1.39999 1.48773 0.41199 0.83542 2.24495 2.75993 1.94359 4.86755 6.71768 4.55284 1.73187 1.76620 3.10516 8.66699 7.88879 6.14738 9.26590 20.51544 9.99260
2.51579 1.85966 2.17247 15.62309 7.82776 5.64384 8.53729 18.70155 25.32196 20.53642 15.98930 8.71849 9.15527 5.43976 0.01717 2.40326 1.43433 2.04086 5.71251 1.92833 3.86620 4.52995 18.40210 13.29422 13.93127 39.39438 21.95740 13.62610 6.89316 10.52284 10.85854
1.42860 1.20926 1.97029 8.68225 9.11331 9.30214 11.48033 11.52039 15.10429 21.80862 13.48686 32.39632 6.15883 9.22585 6.65283 13.00812 15.34462 0.98038 1.31226 3.14522 4.33922 11.34109 12.56752 16.09802 50.56572 192.29889 34.04999 24.39690 71.10405 35.49576 14.90784
0.39101 2.09045 9.48524 3.80898 13.59367 1.18256 1.68228 9.56726 6.48117 17.79366 13.95798 17.01927 30.92384 15.44952 6.76727 13.27324 6.30760 7.46155 30.74455 110.28481 142.94624 208.68683 136.33156 19.69528 7.38907 14.96506 18.05305 72.81303 19.38057 12.88795 6.06346
4.58908 2.85912 6.17790 16.56914 1.53923 0.82970 0.49019 2.70462 25.58327 7.43675 6.75964 22.52197 18.69392 44.58046 19.39964 8.33702 5.99861 12.78305 17.76886 31.67152 9.78279 3.57819 24.93477 6.41823 5.58090 6.40869 11.11031 11.81030 5.57327 12.14790 4.70161
14.86397 6.54602 6.85692 5.03159 2.75230 2.26212 1.11389 0.56458 2.77328 11.92093 6.92368 5.81169 21.99936 36.71074 65.42587 54.90303 6.75011 5.41687 15.81573 8.65173 7.44820 12.48741 33.90503 17.70210 9.76181 6.87981 2.18010 8.55255 6.68335 4.34303 2.65312
70.55283 36.22627 24.41406 15.48195 10.58006 3.44276 0.81253 0.34523 0.90027 1.04141 7.16209 3.44849 9.79424 39.25705 22.42088 9.82666 19.17458 6.09779 7.11060 5.80406 1.53351 2.36130 2.70081 6.46019 6.01196 0.87166 2.37083 2.52724 5.11742 5.19562 2.09236
43.09654 45.52460 55.13382 44.73305 28.15247 15.38277 4.92477 1.75476 1.08147 0.17166 1.16539 16.67786 31.14510 19.77921 9.93538 10.93674 63.42697 2.34413 2.65503 2.22969 2.96211 4.73976 1.22452 8.18443 3.00980 0.67520 0.06104 2.96021 4.88663 5.38254 7.33566
43.06412 44.82460 26.08871 36.47423 15.81955 0.41962 5.34248 1.34659 0.12207 0.30899 7.79724 13.58986 9.73511 42.43469 21.66939 14.56070 26.70479 11.14845 3.14713 4.38881 6.52885 10.82039 3.00217 5.57327 11.14082 0.83160 0.16403 1.68800 3.47710 3.89290 4.23050
38.75732 22.74132 22.30263 35.69221 8.70323 6.39534 2.98119 1.70898 0.21362 0.42343 0.71716 0.61989 0.90981 3.01933 1.38474 6.40869 44.42215 6.04439 7.91740 6.08063 11.15608 11.97624 23.89717 11.80840 4.33731 1.06812 0.50354 0.21744 0.61607 2.61688 10.67162
14.15062 27.22549 59.72099 55.91583 7.99942 6.18362 1.27029 0.18883 0.32997 0.92506 3.33786 2.21634 0.78964 1.02806 3.32260 39.10828 2.68936 2.76947 6.27136 5.47028 5.17464 6.31523 25.30861 32.54128 21.52634 1.42860 3.64494 1.65558 0.34523 3.58582 10.23102
