DATA/RAW-RASTER/ECMWF/20170628/EN-6/20170708.en-6.asc
ncols			31
nrows			16
xllcorner		69.5
yllcorner		19.5
cellsize		1.0
NODATA_value	-99999
0.00000 0.00000 0.00763 0.09918 0.95367 0.25177 1.05286 0.03052 0.22888 0.23651 1.65558 2.67792 4.99725 2.18964 1.70135 2.96783 1.03760 1.06812 8.52966 4.57764 11.49750 3.82233 3.01361 3.16620 5.25665 3.67737 0.96130 1.58691 4.64630 11.58905 23.65875
0.00763 0.00000 0.16022 0.58746 0.76294 0.10681 0.03052 0.99182 0.52643 0.09918 1.60217 1.70135 2.62451 5.65338 3.39508 0.32806 0.02289 0.69427 6.40106 20.08820 13.19885 6.30951 5.85938 8.81195 6.05011 8.93402 7.82776 8.72040 10.49805 21.48438 11.17706
0.21362 1.52588 0.01526 0.45013 0.77057 4.67682 1.23596 0.00000 0.00763 0.00000 0.05341 0.44250 0.88501 1.36566 0.68665 1.31226 0.09918 0.97656 6.08826 9.66644 8.77380 7.34711 5.89752 7.24792 6.59180 11.53564 5.26428 8.62122 13.86261 11.78741 10.97870
0.18311 0.83923 0.01526 0.01526 0.06104 1.66321 6.18744 8.67462 0.05341 0.00000 0.00000 0.00763 0.19073 2.01416 1.48773 1.80817 1.55640 1.55640 8.12531 10.92529 8.31604 11.00159 7.11060 4.19617 2.08282 0.08392 1.15204 0.59509 7.36237 4.47083 4.24957
0.06104 0.00000 0.00000 0.00000 0.00000 1.10626 0.30518 0.47302 1.35803 0.10681 0.00000 0.40436 0.61035 1.92261 5.66864 9.13239 12.67242 8.70514 3.86047 3.63922 3.03650 3.74603 2.90680 1.68610 0.97656 0.19836 0.29755 2.23541 1.17493 0.23651 1.98364
0.00000 0.00000 0.00000 0.00000 0.00000 0.05341 0.20599 0.49591 1.04523 1.22070 8.53729 3.15094 4.08173 0.69427 8.74329 24.35303 4.79889 0.69427 4.87518 3.57819 3.92914 4.19617 8.58307 7.79724 1.83105 3.54004 5.67627 1.06049 0.33569 0.51117 1.06049
0.00000 0.00000 0.00000 0.00000 0.00000 0.19836 0.13733 0.32043 0.59509 2.97546 4.49371 14.63318 40.97748 6.25610 17.21954 7.62939 3.33405 7.69043 1.26648 0.67902 2.62451 3.09753 6.51550 1.43433 2.69318 12.87842 3.71552 8.88062 0.95367 0.33569 2.18964
0.00000 0.00000 0.00000 0.01526 0.05341 0.09155 0.69427 0.47302 0.62561 2.19727 3.63159 12.45880 33.76770 61.15723 176.46027 51.52893 10.12421 16.96014 2.63977 2.28882 7.46155 19.81354 11.45935 12.53510 6.88934 16.60156 18.12744 10.02502 4.76074 0.80109 3.41034
0.00000 0.00000 0.04578 0.09918 0.25940 0.21362 0.89264 0.25177 0.31281 0.51117 1.15204 12.20703 17.44080 27.76337 51.78070 22.34650 72.73102 25.37537 22.65930 81.84814 110.48889 95.69550 25.48981 3.65448 2.05994 3.32642 3.99017 21.78955 11.34491 2.68555 8.03375
0.00763 0.13733 0.06104 0.19073 0.37384 0.58746 0.00763 0.00000 0.06866 0.22888 0.54932 2.83051 7.14111 2.49481 1.17493 5.00488 13.59558 4.45557 71.89941 10.39886 10.79559 17.88330 42.16003 15.71655 5.37109 62.89673 35.03418 15.04517 3.34930 6.05011 20.53833
0.32043 0.35095 1.60980 1.85394 0.18311 0.26703 0.06104 0.14496 0.02289 0.27466 0.06866 0.19836 1.17493 0.17548 0.03052 0.14496 1.02997 6.07300 5.19562 37.71210 38.97095 26.58844 66.72668 74.61548 7.49207 21.83533 8.34656 29.90723 17.22717 11.84082 7.02667
0.96130 1.09863 2.78473 3.33405 1.02234 1.83105 0.57220 0.85449 0.55695 0.29755 0.22125 0.16022 0.06104 0.15259 0.28992 10.34546 11.76453 7.27081 11.79504 29.12140 60.32562 20.58411 4.01306 21.11816 18.85223 8.30841 10.67352 24.23096 62.40845 8.52203 8.79669
0.86212 1.26648 0.60272 2.55585 7.13348 2.09045 1.41907 2.12097 1.93024 1.32751 1.96075 1.35040 0.05341 0.62561 3.52478 13.70239 39.99329 13.27515 56.24390 32.05109 11.51276 15.71655 15.09857 57.59430 32.39441 1.99890 3.44849 20.44678 39.80255 6.57654 6.65283
1.66321 1.77002 0.20599 0.60272 2.20490 1.72424 0.80872 2.86865 3.15094 2.08282 1.05286 0.77057 0.14496 0.25177 2.71606 26.83258 15.29694 20.30182 18.69202 12.26044 5.78308 13.48114 10.82611 65.79590 6.75201 2.47955 7.43103 17.15088 19.20319 18.98956 4.57764
1.19019 2.82288 1.15967 2.10571 3.87573 1.51825 0.92316 0.45776 1.24359 4.33350 1.42670 0.04578 0.29755 0.38147 0.37384 17.11273 1.64795 6.37817 5.38635 5.54657 5.27954 11.65009 21.40808 22.55249 11.69586 0.80872 0.99182 1.41907 9.89532 8.04901 59.13544
0.76294 1.17493 3.27301 5.98907 0.65613 1.05286 1.32751 1.57928 0.44250 6.33240 1.32751 0.12970 0.05341 0.28229 0.90790 6.78253 10.71167 6.70624 3.74603 2.54059 3.47137 4.79889 7.64465 16.68549 18.48602 1.54114 16.21246 1.94550 2.00653 10.88715 11.13129
