DATA/RAW-RASTER/ECMWF/20170628/EN-6/20170705.en-6.asc
ncols			31
nrows			16
xllcorner		69.5
yllcorner		19.5
cellsize		1.0
NODATA_value	-99999
1.78528 4.16183 2.23160 0.85068 2.62070 1.32370 0.80490 0.09155 0.16785 0.00381 0.02289 0.08011 0.11063 0.24414 0.76675 1.49918 1.66702 1.09482 2.67029 10.07080 9.03702 10.55527 3.33786 2.08664 0.52261 0.47684 1.74332 1.25504 3.09753 4.33731 7.83920
0.25558 0.00000 0.37003 2.06757 6.26755 0.88501 0.35477 0.41199 0.45395 0.00381 0.01526 0.00000 0.00763 0.34714 1.31226 1.06430 1.34277 1.40381 5.64957 4.29916 5.41687 11.32202 0.61035 0.59509 0.32806 1.01852 0.59128 1.14441 3.99017 8.97217 21.31653
0.17548 0.95749 0.01526 2.20490 0.33951 0.89264 1.02234 0.88501 0.25940 0.00000 0.00381 0.00000 0.00000 0.00763 0.20599 1.00708 1.52588 2.49863 4.16183 5.50842 8.64029 5.63049 2.70462 3.07846 4.93622 3.64685 4.45938 2.79617 11.40213 4.08936 7.70187
0.44632 0.12589 1.23215 2.57111 1.46866 2.26212 2.71988 1.80054 0.08774 0.01144 0.00000 0.00000 0.00000 0.24796 0.20218 0.90027 2.36130 10.39124 15.08713 10.47516 4.05884 4.20380 6.96945 3.76129 1.72806 0.11444 3.29971 7.80869 4.46320 13.09586 12.01630
3.06320 0.46539 2.68555 1.75858 3.76129 10.63538 1.71661 6.23703 0.93842 0.32425 0.01526 0.22888 1.14059 3.80707 1.06049 4.52423 9.53674 12.98523 13.83591 2.94113 5.36728 1.74332 4.35638 1.66702 0.98038 0.27847 2.76947 2.88010 21.24023 19.05823 13.06152
1.74713 0.00000 0.00000 0.00000 0.54169 0.44250 4.49371 4.24957 3.02887 2.25449 9.29260 2.37274 4.75693 1.87302 2.09427 2.88010 10.92911 19.46259 8.85391 3.54385 2.08282 4.49371 3.38364 11.39832 3.67355 3.12424 2.23923 0.69046 10.86807 14.72855 10.81848
1.30844 0.09918 0.00000 0.57983 0.00000 0.02670 0.30899 2.05994 6.34766 4.51279 6.32477 7.77435 19.67239 12.35962 1.57928 9.96780 6.69479 11.29150 2.58255 5.91660 7.88879 4.44794 2.11716 3.18146 4.87900 20.53452 42.70935 13.09586 8.62122 0.76675 2.73514
0.00000 0.00000 0.00000 0.00000 0.00000 0.00000 0.00000 0.43106 2.23923 10.82611 16.15143 11.88278 9.77325 11.89423 31.44455 152.89307 39.13116 5.48172 7.92694 23.70453 21.00372 30.01404 5.98526 7.59125 12.79068 70.29724 108.54340 67.39044 28.77045 3.00598 2.96021
0.00000 0.00000 0.00000 0.01144 0.01526 0.00381 0.00000 0.00000 0.05722 0.45395 1.65176 7.57980 12.07352 9.03320 14.32037 19.76395 27.74429 120.96405 91.35056 138.00049 137.97760 43.06793 42.77420 54.91638 23.36502 78.63617 60.68802 89.70261 47.70660 4.84085 1.46103
0.00381 0.01144 1.04904 0.53024 0.72098 0.01526 0.01526 0.11063 0.00000 0.06485 0.46921 2.99454 11.04355 9.53293 10.13565 18.57376 16.69312 36.99875 17.39502 11.80267 28.50723 15.44189 36.63635 32.05872 26.29852 19.11163 31.58188 107.02133 87.14676 15.56396 5.71442
0.22507 0.42725 1.09482 0.68283 0.03815 0.21744 0.00763 0.52261 0.06104 0.00000 0.01144 0.65994 1.38092 5.14603 14.29367 18.05115 29.49905 26.06201 19.08875 14.24026 27.40097 36.45706 51.15509 26.03531 12.02774 15.76233 9.78851 44.49081 62.59537 18.84460 6.79779
0.33569 0.58365 1.69754 2.95639 2.43378 1.21689 0.69427 0.56839 0.04959 0.14114 0.07248 1.63269 9.34219 8.54111 6.13785 7.93457 20.90454 19.87457 25.95520 43.69354 40.76767 25.11978 4.03976 2.27737 10.50186 12.18796 16.34598 16.44135 11.94000 19.45877 14.26315
0.58746 1.19400 0.64468 1.06430 1.88065 1.78528 0.70190 0.45776 0.84686 1.43814 0.97275 2.90298 1.33514 5.99670 6.39725 8.72040 11.04355 22.56775 19.05060 18.49747 26.07727 30.33447 12.64954 7.91168 11.39069 2.29263 1.89972 9.73892 8.42667 18.03207 9.66644
2.07901 2.17819 1.32370 1.37711 2.55966 0.81253 1.15967 1.94550 1.30081 0.81635 1.13297 0.14877 1.11771 7.67517 15.88058 18.12363 30.15518 6.70624 16.24298 13.33618 7.53021 16.92581 25.66528 21.31653 6.83594 0.45395 4.38690 5.81741 23.89145 15.78140 11.44409
2.70844 2.04849 1.31989 3.15094 4.00162 1.21307 1.36566 1.19019 0.75531 0.49973 0.38910 0.88501 5.06210 5.88989 15.74326 5.11932 1.62506 3.50571 3.10135 4.40216 5.18417 6.02341 24.27673 16.31927 1.62506 1.99509 7.11823 2.21634 10.69641 21.92688 16.13235
2.80762 3.91388 3.48282 8.78906 1.14441 2.16675 1.32370 2.04468 0.94223 0.20981 2.29263 8.46100 0.78583 1.48392 5.02014 2.70844 7.30515 4.79126 2.92587 1.92642 3.84521 9.50241 12.97760 13.58795 35.79712 4.97055 14.73999 1.25885 1.65176 0.89264 3.13568
