DATA/SHG/ECMWF/20170628/EN-2/20170709.en-2.asc
ncols        190
nrows        64
xllcorner    -5100000.000000000000
yllcorner    4130000.000000000000
cellsize     10000.000000000000
NODATA_value  -99999.000
[rows 0 to 31 of 64, columns 0 to 71 of 190]
2.925 2.840 2.760 2.686 2.618 2.555 2.499 2.448 2.402 2.319 2.217 2.110 1.997 1.878 1.754 1.624 1.489 1.348 1.201 1.092 1.000 0.969 0.965 0.960 0.955 0.948 0.940 0.931 0.921 0.911 0.899 0.886 0.872 0.952 1.091 1.226 1.357 1.485 1.609 1.730 1.847 1.961 2.071 2.177 2.280 2.317 2.303 2.294 2.292 2.296 2.306 2.322 2.345 2.373 2.407 2.448 2.494 2.512 2.483 2.447 2.403 2.352 2.293 2.226 2.152 2.071 1.981 1.884 1.780 1.731 1.791 1.861
2.549 2.484 2.425 2.371 2.323 2.281 2.245 2.214 2.189 2.110 1.988 1.861 1.756 1.654 1.554 1.458 1.364 1.273 1.184 1.099 1.016 0.975 0.967 0.959 0.950 0.939 0.928 0.916 0.902 0.888 0.873 0.856 0.839 0.889 1.015 1.137 1.256 1.372 1.484 1.592 1.697 1.798 1.895 1.990 2.080 2.135 2.142 2.155 2.174 2.200 2.231 2.269 2.312 2.362 2.418 2.480 2.547 2.581 2.526 2.463 2.393 2.315 2.229 2.136 2.035 1.927 1.811 1.687 1.556 1.476 1.574 1.684
2.167 2.123 2.084 2.050 2.028 2.028 2.029 2.030 2.032 1.986 1.885 1.787 1.692 1.600 1.510 1.423 1.339 1.257 1.178 1.102 1.029 0.981 0.970 0.958 0.946 0.932 0.917 0.901 0.884 0.866 0.848 0.828 0.807 0.829 0.943 1.053 1.159 1.262 1.362 1.458 1.550 1.639 1.724 1.806 1.884 1.946 1.975 2.010 2.050 2.097 2.150 2.209 2.274 2.345 2.422 2.505 2.595 2.658 2.576 2.486 2.389 2.285 2.173 2.053 1.925 1.791 1.648 1.498 1.383 1.303 1.458 1.603
1.903 1.903 1.903 1.904 1.905 1.907 1.910 1.913 1.916 1.890 1.799 1.711 1.626 1.543 1.463 1.385 1.310 1.238 1.169 1.103 1.039 0.989 0.975 0.959 0.943 0.925 0.907 0.888 0.867 0.846 0.824 0.800 0.776 0.773 0.875 0.972 1.066 1.157 1.244 1.327 1.407 1.484 1.556 1.626 1.692 1.752 1.802 1.858 1.920 1.989 2.063 2.143 2.229 2.322 2.420 2.525 2.636 2.742 2.633 2.517 2.395 2.283 2.172 2.060 1.949 1.837 1.726 1.614 1.502 1.390 1.505 1.614
1.773 1.774 1.777 1.779 1.783 1.786 1.791 1.795 1.801 1.792 1.711 1.632 1.556 1.483 1.412 1.345 1.279 1.217 1.157 1.100 1.046 0.998 0.980 0.961 0.941 0.920 0.898 0.875 0.851 0.827 0.801 0.774 0.746 0.721 0.810 0.895 0.977 1.055 1.130 1.201 1.268 1.332 1.393 1.450 1.503 1.553 1.624 1.701 1.785 1.874 1.970 2.071 2.179 2.296 2.425 2.556 2.691 2.828 2.739 2.628 2.516 2.404 2.293 2.181 2.069 1.957 1.845 1.733 1.621 1.508 1.562 1.635
1.642 1.646 1.650 1.654 1.660 1.665 1.671 1.678 1.685 1.692 1.620 1.551 1.484 1.421 1.360 1.301 1.246 1.193 1.143 1.095 1.050 1.008 0.986 0.964 0.940 0.916 0.890 0.864 0.837 0.808 0.779 0.748 0.717 0.685 0.749 0.822 0.891 0.957 1.019 1.078 1.133 1.185 1.233 1.277 1.318 1.356 1.448 1.568 1.689 1.814 1.942 2.072 2.205 2.341 2.480 2.622 2.767 2.914 2.861 2.749 2.637 2.525 2.413 2.301 2.189 2.076 1.964 1.852 1.739 1.626 1.628 1.666
1.512 1.517 1.523 1.529 1.536 1.543 1.551 1.559 1.568 1.578 1.526 1.466 1.409 1.355 1.304 1.255 1.209 1.166 1.125 1.087 1.052 1.020 0.993 0.967 0.940 0.913 0.884 0.854 0.823 0.791 0.758 0.724 0.689 0.653 0.692 0.752 0.809 0.862 0.912 0.967 1.027 1.087 1.145 1.203 1.260 1.317 1.422 1.551 1.683 1.817 1.955 2.095 2.238 2.384 2.533 2.685 2.839 2.997 2.983 2.871 2.758 2.646 2.534 2.421 2.309 2.196 2.083 1.970 1.858 1.745 1.704 1.706
1.381 1.388 1.395 1.404 1.412 1.421 1.431 1.441 1.452 1.463 1.429 1.379 1.332 1.287 1.245 1.206 1.170 1.136 1.105 1.076 1.051 1.028 1.002 0.972 0.942 0.910 0.878 0.845 0.810 0.775 0.738 0.701 0.667 0.634 0.659 0.721 0.781 0.841 0.900 0.958 1.015 1.072 1.128 1.184 1.239 1.292 1.392 1.531 1.673 1.818 1.965 2.115 2.269 2.425 2.583 2.745 2.909 3.077 3.104 2.992 2.879 2.767 2.654 2.541 2.428 2.315 2.202 2.089 1.976 1.863 1.789 1.756
1.249 1.258 1.268 1.278 1.288 1.299 1.310 1.322 1.334 1.347 1.330 1.289 1.251 1.216 1.184 1.154 1.127 1.103 1.082 1.063 1.047 1.033 1.011 0.978 0.944 0.907 0.871 0.836 0.802 0.770 0.738 0.708 0.679 0.651 0.663 0.722 0.780 0.837 0.894 0.949 1.004 1.059 1.112 1.165 1.218 1.269 1.360 1.509 1.660 1.815 1.972 2.133 2.296 2.462 2.630 2.802 2.976 3.154 3.226 3.113 3.000 2.887 2.774 2.661 2.548 2.435 2.321 2.208 2.094 1.981 1.884 1.815
1.118 1.128 1.139 1.151 1.163 1.176 1.189 1.203 1.217 1.232 1.227 1.196 1.168 1.143 1.120 1.100 1.082 1.068 1.057 1.045 1.031 1.016 0.993 0.957 0.923 0.890 0.858 0.827 0.797 0.769 0.741 0.715 0.690 0.666 0.668 0.724 0.780 0.834 0.888 0.942 0.994 1.046 1.097 1.148 1.197 1.246 1.324 1.483 1.645 1.810 1.977 2.147 2.320 2.496 2.675 2.856 3.041 3.228 3.348 3.235 3.121 3.008 2.895 2.781 2.668 2.554 2.440 2.326 2.213 2.099 1.988 1.884
0.986 0.998 1.011 1.024 1.038 1.053 1.068 1.083 1.099 1.116 1.128 1.122 1.115 1.106 1.096 1.084 1.071 1.057 1.041 1.024 1.006 0.986 0.962 0.931 0.901 0.871 0.843 0.817 0.791 0.766 0.743 0.721 0.700 0.680 0.674 0.727 0.780 0.832 0.884 0.935 0.985 1.034 1.083 1.131 1.178 1.224 1.286 1.455 1.627 1.801 1.979 2.159 2.342 2.528 2.716 2.908 3.102 3.299 3.469 3.356 3.242 3.129 3.015 2.901 2.787 2.673 2.559 2.445 2.331 2.217 2.101 1.962
0.853 0.867 0.882 0.908 0.945 0.981 1.017 1.052 1.088 1.123 1.153 1.142 1.130 1.116 1.101 1.085 1.067 1.048 1.027 1.005 0.982 0.957 0.931 0.903 0.877 0.852 0.828 0.805 0.783 0.763 0.744 0.725 0.708 0.692 0.680 0.731 0.781 0.831 0.880 0.928 0.976 1.023 1.069 1.114 1.159 1.203 1.246 1.424 1.606 1.790 1.978 2.168 2.360 2.556 2.755 2.956 3.160 3.367 3.577 3.477 3.363 3.249 3.135 3.021 2.907 2.792 2.678 2.573 2.474 2.375 2.275 2.165
0.826 0.862 0.898 0.934 0.969 1.004 1.039 1.074 1.109 1.143 1.177 1.163 1.146 1.128 1.108 1.086 1.064 1.040 1.014 0.987 0.959 0.929 0.898 0.874 0.852 0.831 0.811 0.792 0.775 0.758 0.743 0.729 0.716 0.704 0.693 0.735 0.783 0.830 0.877 0.923 0.968 1.012 1.056 1.099 1.141 1.182 1.223 1.391 1.582 1.776 1.974 2.174 2.376 2.582 2.790 3.001 3.216 3.432 3.652 3.598 3.495 3.397 3.298 3.200 3.101 3.002 2.903 2.803 2.704 2.604 2.504 2.426
0.854 0.889 0.924 0.959 0.994 1.028 1.062 1.096 1.130 1.163 1.196 1.186 1.164 1.141 1.116 1.090 1.062 1.033 1.003 0.971 0.938 0.903 0.867 0.844 0.826 0.809 0.793 0.778 0.765 0.752 0.741 0.731 0.722 0.714 0.707 0.740 0.786 0.830 0.874 0.918 0.960 1.002 1.043 1.084 1.124 1.163 1.201 1.354 1.555 1.760 1.967 2.177 2.389 2.618 2.851 3.088 3.329 3.572 3.819 3.830 3.731 3.632 3.533 3.433 3.334 3.234 3.134 3.034 2.934 2.834 2.733 2.677
0.882 0.916 0.951 0.985 1.018 1.052 1.085 1.118 1.151 1.184 1.216 1.211 1.184 1.155 1.126 1.094 1.062 1.028 0.993 0.956 0.918 0.879 0.838 0.813 0.799 0.786 0.774 0.763 0.754 0.745 0.738 0.732 0.727 0.723 0.721 0.746 0.789 0.831 0.873 0.914 0.954 0.993 1.032 1.070 1.107 1.144 1.193 1.343 1.568 1.798 2.030 2.265 2.504 2.746 2.991 3.239 3.490 3.745 4.003 4.066 3.966 3.867 3.767 3.667 3.567 3.466 3.366 3.265 3.164 3.063 2.962 2.916
0.910 0.944 0.977 1.010 1.043 1.076 1.109 1.141 1.173 1.205 1.236 1.236 1.204 1.171 1.137 1.101 1.063 1.025 0.985 0.943 0.900 0.856 0.810 0.781 0.771 0.762 0.754 0.747 0.742 0.737 0.734 0.732 0.731 0.731 0.733 0.753 0.793 0.833 0.873 0.923 0.973 1.023 1.072 1.122 1.172 1.221 1.270 1.400 1.637 1.878 2.121 2.368 2.618 2.871 3.127 3.386 3.649 3.914 4.183 4.302 4.202 4.101 4.001 3.900 3.799 3.698 3.597 3.495 3.394 3.292 3.190 3.145
0.939 0.971 1.004 1.036 1.069 1.100 1.132 1.164 1.195 1.226 1.256 1.264 1.227 1.189 1.149 1.109 1.066 1.023 0.978 0.931 0.884 0.834 0.784 0.747 0.741 0.736 0.732 0.730 0.728 0.728 0.729 0.735 0.751 0.766 0.779 0.804 0.853 0.903 0.953 1.002 1.052 1.101 1.151 1.200 1.249 1.298 1.347 1.455 1.703 1.954 2.209 2.467 2.728 2.992 3.259 3.530 3.804 4.081 4.361 4.538 4.437 4.336 4.235 4.133 4.032 3.930 3.828 3.726 3.624 3.521 3.418 3.363
0.967 0.999 1.031 1.063 1.094 1.125 1.156 1.186 1.217 1.247 1.277 1.292 1.251 1.208 1.163 1.118 1.071 1.022 0.972 0.921 0.869 0.815 0.759 0.713 0.721 0.742 0.761 0.779 0.795 0.811 0.825 0.838 0.849 0.860 0.869 0.884 0.933 0.983 1.032 1.081 1.131 1.180 1.229 1.278 1.327 1.376 1.425 1.506 1.765 2.028 2.294 2.563 2.835 3.110 3.389 3.670 3.955 4.243 4.534 4.774 4.672 4.570 4.468 4.366 4.264 4.162 4.059 3.956 3.853 3.750 3.647 3.571
0.996 1.027 1.058 1.089 1.120 1.150 1.180 1.210 1.239 1.268 1.298 1.322 1.276 1.228 1.179 1.128 1.076 1.030 0.990 0.953 0.919 0.889 0.861 0.839 0.856 0.872 0.887 0.900 0.913 0.924 0.933 0.942 0.949 0.955 0.959 0.964 1.013 1.062 1.111 1.161 1.210 1.258 1.307 1.356 1.405 1.453 1.502 1.553 1.824 2.098 2.375 2.655 2.938 3.225 3.515 3.807 4.103 4.403 4.705 5.009 4.907 4.805 4.702 4.599 4.496 4.393 4.290 4.186 4.083 3.979 3.875 3.771
1.025 1.056 1.086 1.116 1.145 1.175 1.204 1.233 1.262 1.290 1.319 1.341 1.299 1.254 1.212 1.174 1.139 1.106 1.078 1.052 1.030 1.011 0.995 0.982 0.992 1.004 1.014 1.023 1.031 1.037 1.043 1.047 1.049 1.051 1.051 1.050 1.093 1.142 1.191 1.240 1.288 1.337 1.385 1.434 1.482 1.530 1.579 1.627 1.880 2.165 2.453 2.744 3.039 3.336 3.637 3.941 4.248 4.558 4.872 5.189 5.142 5.039 4.936 4.832 4.728 4.625 4.521 4.416 4.312 4.207 4.103 3.998
1.055 1.084 1.114 1.173 1.225 1.268 1.302 1.328 1.345 1.354 1.354 1.346 1.315 1.282 1.251 1.224 1.200 1.179 1.162 1.148 1.137 1.129 1.125 1.123 1.130 1.137 1.143 1.147 1.150 1.152 1.153 1.153 1.151 1.148 1.144 1.138 1.173 1.221 1.270 1.318 1.367 1.415 1.463 1.512 1.560 1.608 1.656 1.704 1.932 2.228 2.527 2.830 3.135 3.444 3.756 4.071 4.390 4.711 5.036 5.363 5.377 5.273 5.169 5.065 4.961 4.856 4.751 4.657 4.583 4.515 4.453 4.396
1.312 1.359 1.398 1.428 1.449 1.462 1.466 1.462 1.450 1.428 1.399 1.360 1.328 1.305 1.286 1.271 1.258 1.249 1.243 1.240 1.240 1.244 1.251 1.261 1.268 1.271 1.272 1.272 1.271 1.269 1.265 1.260 1.254 1.247 1.238 1.228 1.252 1.301 1.349 1.397 1.446 1.494 1.542 1.589 1.637 1.685 1.733 1.780 1.981 2.288 2.599 2.912 3.229 3.549 3.872 4.198 4.528 4.860 5.196 5.535 5.615 5.522 5.435 5.353 5.277 5.206 5.140 5.080 5.026 4.977 4.933 4.895
1.665 1.682 1.691 1.691 1.682 1.665 1.640 1.606 1.563 1.512 1.452 1.384 1.337 1.326 1.318 1.314 1.313 1.315 1.320 1.328 1.340 1.355 1.373 1.395 1.408 1.406 1.403 1.398 1.393 1.386 1.378 1.369 1.358 1.346 1.333 1.319 1.332 1.380 1.428 1.476 1.524 1.572 1.620 1.667 1.715 1.762 1.810 1.857 2.027 2.345 2.667 2.991 3.319 3.689 4.071 4.439 4.793 5.133 5.459 5.772 5.900 5.826 5.758 5.695 5.637 5.585 5.539 5.498 5.462 5.432 5.407 5.388
2.028 2.015 1.993 1.963 1.925 1.878 1.822 1.758 1.685 1.604 1.515 1.416 1.342 1.343 1.346 1.353 1.363 1.377 1.393 1.413 1.436 1.463 1.492 1.525 1.548 1.542 1.534 1.526 1.516 1.504 1.492 1.478 1.463 1.447 1.429 1.411 1.412 1.460 1.507 1.555 1.603 1.650 1.698 1.745 1.792 1.839 1.965 2.120 2.359 2.762 3.151 3.527 3.888 4.235 4.569 4.888 5.194 5.485 5.763 6.026 6.179 6.124 6.075 6.031 5.992 5.959 5.931 5.909 5.893 5.881 5.876 5.875
2.399 2.356 2.304 2.244 2.176 2.099 2.013 1.919 1.817 1.706 1.586 1.458 1.344 1.356 1.371 1.389 1.411 1.436 1.463 1.495 1.529 1.567 1.608 1.652 1.690 1.679 1.667 1.654 1.640 1.624 1.607 1.589 1.570 1.549 1.527 1.504 1.491 1.539 1.586 1.710 1.848 1.991 2.139 2.292 2.450 2.612 2.780 2.953 3.162 3.517 3.857 4.183 4.496 4.795 5.079 5.350 5.607 5.850 6.079 6.294 6.452 6.416 6.386 6.361 6.341 6.327 6.318 6.315 6.318 6.325 6.338 6.357
2.781 2.706 2.625 2.535 2.436 2.329 2.214 2.090 1.958 1.817 1.667 1.509 1.343 1.366 1.392 1.422 1.455 1.491 1.530 1.573 1.618 1.667 1.719 1.775 1.833 1.818 1.801 1.784 1.765 1.745 1.724 1.702 1.727 1.765 1.817 1.883 1.963 2.104 2.249 2.400 2.555 2.715 2.880 3.050 3.225 3.405 3.589 3.779 3.978 4.283 4.575 4.853 5.117 5.367 5.603 5.825 6.034 6.228 6.409 6.575 6.720 6.703 6.691 6.685 6.685 6.690 6.700 6.715 6.737 6.763 6.795 6.833
3.201 3.065 2.954 2.834 2.705 2.569 2.423 2.270 2.107 1.936 1.757 1.569 1.373 1.372 1.410 1.451 1.495 1.542 1.593 1.647 1.704 1.764 1.828 1.894 1.963 1.952 1.942 1.946 1.964 1.995 2.041 2.099 2.172 2.258 2.358 2.471 2.598 2.753 2.916 3.083 3.256 3.433 3.615 3.802 3.994 4.191 4.393 4.599 4.811 5.063 5.306 5.535 5.751 5.952 6.140 6.314 6.473 6.619 6.751 6.869 6.973 6.984 6.991 7.004 7.022 7.046 7.075 7.110 7.150 7.196 7.246 7.303
3.642 3.433 3.292 3.142 2.984 2.817 2.642 2.458 2.266 2.065 1.856 1.639 1.412 1.375 1.424 1.476 1.532 1.613 1.733 1.832 1.912 1.972 2.012 2.032 2.032 2.048 2.086 2.138 2.204 2.283 2.376 2.482 2.602 2.736 2.884 3.045 3.220 3.397 3.577 3.761 3.951 4.145 4.344 4.548 4.757 4.971 5.190 5.414 5.642 5.855 6.050 6.231 6.397 6.550 6.689 6.815 6.926 7.023 7.107 7.176 7.232 7.259 7.286 7.317 7.355 7.397 7.445 7.499 7.558 7.622 7.692 7.767
4.104 3.809 3.638 3.459 3.271 3.074 2.869 2.656 2.434 2.203 2.024 1.903 1.774 1.793 1.922 2.031 2.121 2.191 2.241 2.271 2.281 2.271 2.241 2.192 2.123 2.130 2.216 2.316 2.429 2.556 2.696 2.851 3.018 3.200 3.395 3.604 3.826 4.035 4.232 4.433 4.640 4.851 5.067 5.288 5.514 5.745 5.981 6.222 6.468 6.660 6.806 6.939 7.057 7.161 7.252 7.329 7.391 7.440 7.475 7.497 7.504 7.529 7.574 7.625 7.681 7.742 7.809 7.882 7.960 8.043 8.131 8.226
4.585 4.195 3.994 3.865 3.775 3.677 3.569 3.453 3.328 3.194 3.052 2.900 2.740 2.669 2.728 2.768 2.788 2.788 2.769 2.729 2.670 2.591 2.491 2.373 2.234 2.198 2.331 2.479 2.639 2.814 3.002 3.204 3.420 3.649 3.891 4.148 4.418 4.667 4.880 5.099 5.323 5.551 5.784 6.022 6.266 6.514 6.767 7.024 7.287 7.478 7.576 7.659 7.729 7.785 7.827 7.855 7.870 7.870 7.857 7.830 7.789 7.793 7.857 7.927 8.002 8.082 8.168 8.259 8.411 8.645 8.868 9.078
5.710 5.334 5.230 5.118 4.997 4.868 4.729 4.582 4.426 4.261 4.087 3.905 3.714 3.565 3.555 3.525 3.476 3.406 3.317 3.208 3.079 2.931 2.762 2.574 2.366 2.251 2.432 2.627 2.836 3.058 3.294 3.543 3.806 4.083 4.373 4.677 4.995 5.293 5.523 5.759 6.000 6.245 6.495 6.751 7.011 7.276 7.546 7.821 8.100 8.308 8.358 8.393 8.414 8.422 8.415 8.395 8.361 8.313 8.252 8.176 8.087 8.150 8.425 8.688 8.939 9.179 9.407 9.623 9.828 10.022 10.204 10.374
7.166 6.657 6.522 6.379 6.227 6.066 5.897 5.719 5.532 5.336 5.131 4.918 4.696 4.481 4.402 4.303 4.184 4.045 3.886 3.708 3.509 3.291 3.053 2.796 2.518 2.290 2.519 2.761 3.017 3.287 3.570 3.868 4.178 4.502 4.840 5.192 5.557 5.913 6.161 6.413 6.671 6.933 7.201 7.473 7.750 8.032 8.319 8.611 8.908 9.151 9.152 9.139 9.112 9.071 9.187 9.390 9.554 9.679 9.766 9.814 9.823 9.859 10.093 10.316 10.526 10.726 10.913 11.090 11.254 11.407 11.549 11.679
