DATA/SHG/ECMWF/20170628/EN-2/20170704.en-2.asc
ncols        190
nrows        64
xllcorner    -5100000.000000000000
yllcorner    4130000.000000000000
cellsize     10000.000000000000
NODATA_value  -99999.000
[rows 0 to 31 of 64, columns 0 to 72 of 190]
10.060 9.911 9.737 9.540 9.320 9.076 8.809 8.518 8.204 8.534 9.097 9.684 10.296 10.932 11.593 12.279 12.989 13.725 14.484 15.022 15.449 15.154 14.549 13.958 13.383 12.821 12.275 11.743 11.225 10.722 10.234 9.760 9.301 9.043 8.922 8.819 8.735 8.669 8.622 8.593 8.582 8.590 8.616 8.660 8.723 8.673 8.524 8.389 8.268 8.162 8.071 7.994 7.931 7.883 7.850 7.832 7.827 7.794 7.710 7.619 7.523 7.421 7.313 7.199 7.079 6.954 6.822 6.685 6.542 6.661 7.221 7.794 8.381
10.978 10.745 10.488 10.208 9.904 9.577 9.227 8.853 8.456 8.677 9.327 10.001 10.604 11.166 11.689 12.173 12.618 13.023 13.390 13.718 14.006 13.824 13.271 12.732 12.208 11.698 11.203 10.722 10.257 9.805 9.368 8.946 8.539 8.294 8.238 8.200 8.181 8.180 8.198 8.233 8.287 8.360 8.451 8.560 8.688 8.731 8.633 8.549 8.479 8.425 8.384 8.358 8.347 8.350 8.368 8.400 8.447 8.455 8.350 8.238 8.121 7.999 7.870 7.736 7.595 7.449 7.297 7.140 6.976 6.999 7.606 8.227 8.861
11.920 11.604 11.264 10.901 10.498 10.031 9.584 9.157 8.751 8.800 9.341 9.843 10.306 10.731 11.116 11.462 11.769 12.037 12.266 12.457 12.608 12.481 11.979 11.492 11.019 10.561 10.118 9.689 9.274 8.875 8.489 8.119 7.762 7.528 7.537 7.564 7.609 7.673 7.755 7.856 7.975 8.112 8.267 8.441 8.633 8.775 8.727 8.694 8.676 8.672 8.683 8.708 8.748 8.802 8.871 8.954 9.052 9.120 8.994 8.862 8.725 8.582 8.432 8.277 8.117 7.950 7.777 7.599 7.386 7.248 7.810 8.348 8.863
12.294 11.818 11.362 10.925 10.509 10.113 9.738 9.382 9.046 8.957 9.361 9.726 10.051 10.338 10.585 10.794 10.964 11.094 11.186 11.239 11.252 11.125 10.675 10.239 9.818 9.411 9.019 8.642 8.279 7.930 7.596 7.277 6.972 6.744 6.817 6.909 7.019 7.148 7.295 7.460 7.644 7.845 8.066 8.304 8.561 8.804 8.807 8.825 8.858 8.905 8.967 9.043 9.134 9.239 9.359 9.493 9.642 9.790 9.644 9.491 9.334 9.173 8.996 8.804 8.596 8.372 8.133 7.877 7.606 7.319 7.785 8.240 8.671
12.000 11.595 11.209 10.844 10.499 10.174 9.869 9.584 9.319 9.157 9.423 9.650 9.838 9.987 10.097 10.169 10.201 10.194 10.148 10.064 9.940 9.756 9.357 8.973 8.603 8.248 7.907 7.581 7.269 6.972 6.690 6.422 6.169 5.942 6.080 6.237 6.412 6.605 6.816 7.046 7.294 7.561 7.846 8.149 8.470 8.810 8.872 8.942 9.025 9.123 9.236 9.363 9.505 9.677 9.904 10.122 10.333 10.535 10.398 10.213 10.013 9.796 9.564 9.317 9.053 8.774 8.479 8.168 7.841 7.499 7.781 8.153 8.502
11.684 11.350 11.035 10.741 10.467 10.213 9.979 9.765 9.571 9.399 9.527 9.617 9.667 9.679 9.652 9.586 9.481 9.337 9.154 8.932 8.671 8.372 8.026 7.693 7.375 7.071 6.782 6.507 6.247 6.001 5.770 5.553 5.351 5.163 5.326 5.547 5.786 6.044 6.320 6.614 6.927 7.258 7.607 7.975 8.361 8.765 8.983 9.237 9.484 9.722 9.952 10.175 10.389 10.595 10.793 10.983 11.165 11.339 11.202 10.962 10.706 10.434 10.147 9.843 9.525 9.190 8.839 8.473 8.091 7.694 7.800 8.090 8.355
11.347 11.083 10.840 10.616 10.413 10.229 10.066 9.923 9.800 9.697 9.673 9.626 9.539 9.413 9.249 9.046 8.803 8.522 8.202 7.843 7.446 7.009 6.682 6.400 6.133 5.881 5.643 5.419 5.210 5.016 4.836 4.671 4.520 4.383 4.553 4.839 5.143 5.465 5.806 6.257 6.794 7.350 7.923 8.514 9.122 9.749 10.106 10.332 10.550 10.760 10.962 11.156 11.341 11.519 11.689 11.851 12.005 12.150 12.020 11.725 11.413 11.086 10.743 10.385 10.011 9.621 9.215 8.793 8.356 7.903 7.842 8.048 8.231
10.988 10.795 10.622 10.470 10.337 10.224 10.132 10.059 10.007 9.974 9.861 9.676 9.452 9.190 8.888 8.548 8.168 7.750 7.293 6.798 6.263 5.689 5.324 5.094 4.878 4.677 4.490 4.318 4.161 4.017 3.889 3.775 3.799 3.876 4.209 4.720 5.249 5.796 6.361 6.943 7.543 8.161 8.796 9.449 10.120 10.809 11.235 11.432 11.622 11.804 11.977 12.143 12.300 12.450 12.592 12.725 12.851 12.968 12.853 12.502 12.135 11.753 11.355 10.941 10.511 10.066 9.605 9.128 8.635 8.127 7.905 8.029 8.129
10.607 10.485 10.383 10.301 10.239 10.197 10.175 10.174 10.192 10.230 10.091 9.769 9.408 9.008 8.570 8.092 7.576 7.021 6.427 5.795 5.123 4.413 3.953 3.774 3.610 3.632 3.676 3.729 3.792 3.864 3.944 4.035 4.134 4.243 4.564 5.138 5.729 6.338 6.965 7.610 8.272 8.952 9.650 10.365 11.098 11.849 12.370 12.539 12.701 12.854 12.999 13.137 13.266 13.387 13.501 13.606 13.703 13.792 13.700 13.294 12.871 12.434 11.980 11.511 11.026 10.526 10.009 9.477 8.930 8.366 7.991 8.032 8.050
10.205 10.154 10.123 10.111 10.120 10.149 10.197 10.266 10.355 10.463 10.362 9.903 9.405 8.869 8.293 7.679 7.026 6.345 5.725 5.113 4.509 3.915 3.555 3.604 3.662 3.729 3.805 3.891 3.986 4.090 4.204 4.327 4.459 4.600 4.901 5.537 6.190 6.862 7.551 8.258 8.982 9.724 10.484 11.262 12.057 12.870 13.512 13.653 13.786 13.911 14.028 14.137 14.238 14.331 14.416 14.493 14.562 14.623 14.561 14.099 13.622 13.129 12.620 12.096 11.556 11.000 10.428 9.841 9.238 8.620 8.099 8.058 7.993
9.782 9.801 9.840 9.900 9.979 10.078 10.197 10.336 10.496 10.675 10.647 9.997 9.355 8.721 8.096 7.480 6.873 6.274 5.684 5.102 4.529 3.965 3.544 3.625 3.716 3.815 3.925 4.043 4.171 4.307 4.454 4.609 4.774 4.948 5.218 5.917 6.632 7.366 8.117 8.886 9.673 10.477 11.299 12.139 12.997 13.872 14.660 14.772 14.877 14.974 15.063 15.144 15.216 15.281 15.338 15.387 15.428 15.461 15.436 14.919 14.387 13.838 13.274 12.695 12.099 11.489 10.862 10.220 9.562 8.888 8.230 8.106 7.958
9.337 9.427 9.536 9.641 9.734 9.833 9.940 10.053 10.174 10.301 10.355 9.735 9.123 8.520 7.926 7.340 6.762 6.194 5.634 5.082 4.539 4.005 3.523 3.636 3.760 3.892 4.034 4.185 4.345 4.514 4.693 4.881 5.078 5.285 5.517 6.278 7.056 7.851 8.665 9.496 10.345 11.211 12.095 12.997 13.917 14.854 15.809 15.898 15.975 16.043 16.104 16.157 16.201 16.238 16.267 16.287 16.300 16.305 16.301 15.753 15.165 14.562 13.943 13.308 12.658 11.992 11.310 10.560 9.769 8.979 8.192 7.922 7.693
8.744 8.840 8.943 9.053 9.171 9.295 9.426 9.564 9.709 9.861 10.020 9.465 8.883 8.310 7.746 7.190 6.643 6.105 5.575 5.054 4.541 4.037 3.542 3.638 3.794 3.959 4.133 4.317 4.509 4.711 4.923 5.143 5.373 5.612 5.860 6.620 7.460 8.318 9.193 10.087 10.998 11.926 12.872 13.836 14.817 15.817 16.833 17.031 17.079 17.119 17.152 17.176 17.193 17.201 17.202 17.194 17.179 17.155 17.124 16.601 15.849 15.050 14.253 13.458 12.665 11.875 11.087 10.301 9.517 8.735 7.955 7.603 7.363
8.074 8.196 8.324 8.458 8.600 8.749 8.905 9.068 9.238 9.415 9.598 9.186 8.634 8.092 7.557 7.032 6.515 6.007 5.507 5.016 4.534 4.060 3.595 3.630 3.818 4.016 4.223 4.439 4.664 4.899 5.142 5.395 5.657 5.929 6.210 6.943 7.845 8.765 9.703 10.658 11.631 12.622 13.630 14.656 15.699 16.760 17.839 18.169 18.190 18.202 18.206 18.202 18.191 17.943 17.679 17.445 17.239 17.063 16.915 16.330 15.536 14.744 13.955 13.167 12.382 11.599 10.818 10.040 9.263 8.489 7.716 7.288 7.037
7.399 7.544 7.697 7.857 8.023 8.197 8.378 8.565 8.759 8.961 9.169 8.898 8.377 7.864 7.360 6.865 6.378 5.900 5.431 4.970 4.517 4.074 3.638 3.612 3.833 4.063 4.302 4.551 4.809 5.076 5.352 5.637 5.932 6.236 6.549 7.248 8.212 9.194 10.194 11.211 12.246 13.298 14.368 15.456 16.561 17.684 18.445 18.552 18.217 17.911 17.633 17.384 17.164 16.974 16.811 16.678 16.574 16.498 16.452 16.008 15.222 14.437 13.655 12.875 12.098 11.322 10.548 9.777 9.008 8.241 7.476 6.976 6.714
6.716 6.887 7.064 7.248 7.440 7.638 7.843 8.055 8.274 8.500 8.733 8.601 8.110 7.628 7.154 6.689 6.232 5.784 5.345 4.914 4.492 4.078 3.673 3.585 3.838 4.101 4.372 4.653 4.944 5.243 5.552 5.869 6.197 6.533 6.878 7.533 8.560 9.604 10.638 11.505 12.341 13.146 13.920 14.662 15.374 16.055 16.705 16.949 16.715 16.509 16.333 16.186 16.067 15.977 15.916 15.884 15.881 15.907 15.961 15.685 14.906 14.129 13.355 12.582 11.812 11.043 10.277 9.513 8.751 7.992 7.234 6.667 6.395
6.027 6.222 6.424 6.633 6.849 7.072 7.302 7.538 7.782 8.033 8.290 8.296 7.835 7.383 6.939 6.504 6.078 5.660 5.251 4.850 4.458 4.074 3.699 3.547 3.833 4.128 4.432 4.746 5.068 5.400 5.741 6.076 6.367 6.640 6.896 7.335 8.186 9.007 9.796 10.555 11.283 11.979 12.645 13.280 13.884 14.457 14.999 15.318 15.186 15.082 15.007 14.960 14.943 14.954 14.994 15.063 15.161 15.287 15.443 15.361 14.589 13.820 13.052 12.287 11.524 10.763 10.004 9.248 8.493 7.741 6.991 6.362 6.079
5.331 5.551 5.777 6.011 6.251 6.499 6.753 7.015 7.283 7.558 7.840 7.982 7.551 7.129 6.716 6.311 5.914 5.527 5.147 4.777 4.415 4.061 3.716 3.500 3.839 4.191 4.525 4.841 5.141 5.423 5.687 5.934 6.164 6.376 6.571 6.849 7.593 8.305 8.987 9.637 10.257 10.846 11.404 11.931 12.427 12.892 13.326 13.662 13.630 13.627 13.653 13.708 13.792 13.904 14.045 14.215 14.414 14.641 14.897 15.035 14.271 13.508 12.748 11.991 11.235 10.481 9.730 8.981 8.234 7.489 6.746 6.060 5.766
4.628 4.872 5.124 5.382 5.647 5.919 6.198 6.484 6.777 7.077 7.383 7.659 7.259 6.867 6.483 6.108 5.742 5.391 5.067 4.766 4.491 4.241 4.015 3.835 4.142 4.433 4.706 4.962 5.200 5.421 5.624 5.810 5.979 6.130 6.264 6.396 7.031 7.636 8.209 8.752 9.264 9.745 10.195 10.614 11.002 11.360 11.687 11.979 12.048 12.146 12.273 12.429 12.614 12.827 13.069 13.340 13.639 13.967 14.325 14.708 13.951 13.196 12.443 11.693 10.944 10.198 9.454 8.712 7.973 7.235 6.500 5.766 5.457
3.919 4.188 4.463 4.746 5.036 5.333 5.636 5.947 6.264 6.588 6.900 7.191 6.871 6.509 6.172 5.860 5.573 5.310 5.072 4.859 4.671 4.507 4.369 4.255 4.464 4.693 4.905 5.100 5.277 5.437 5.580 5.705 5.813 5.903 5.976 6.032 6.502 6.998 7.464 7.899 8.303 8.676 9.019 9.330 9.611 9.861 10.080 10.268 10.440 10.639 10.867 11.123 11.409 11.723 12.066 12.437 12.838 13.267 13.724 14.211 13.629 12.882 12.137 11.394 10.653 9.914 9.177 8.443 7.710 6.980 6.252 5.526 5.151
3.202 3.496 3.796 4.168 4.521 4.857 5.175 5.475 5.757 6.022 6.268 6.497 6.328 6.054 5.804 5.578 5.378 5.202 5.051 4.925 4.824 4.747 4.695 4.668 4.802 4.971 5.122 5.256 5.372 5.471 5.553 5.617 5.664 5.694 5.706 5.701 6.005 6.394 6.752 7.079 7.375 7.641 7.875 8.079 8.252 8.395 8.506 8.587 8.805 9.105 9.434 9.791 10.177 10.592 11.036 11.508 12.009 12.539 13.097 13.684 13.306 12.566 11.829 11.093 10.359 9.628 8.898 8.160 7.413 6.682 5.964 5.262 4.865
3.014 3.358 3.685 3.994 4.285 4.558 4.814 5.051 5.271 5.473 5.657 5.824 5.760 5.572 5.409 5.271 5.157 5.069 5.004 4.965 4.951 4.961 4.996 5.055 5.159 5.267 5.357 5.430 5.485 5.524 5.544 5.548 5.534 5.503 5.454 5.388 5.540 5.821 6.071 6.291 6.479 6.637 6.765 6.861 6.926 6.961 6.965 6.938 7.144 7.544 7.974 8.432 8.919 9.434 9.979 10.551 11.153 11.783 12.442 13.130 12.945 12.147 11.365 10.596 9.842 9.103 8.378 7.668 6.973 6.292 5.625 4.973 4.572
3.047 3.329 3.594 3.840 4.069 4.279 4.472 4.648 4.805 4.944 5.066 5.170 5.166 5.065 4.989 4.937 4.911 4.909 4.931 4.979 5.051 5.148 5.269 5.416 5.533 5.580 5.609 5.622 5.616 5.594 5.554 5.497 5.422 5.330 5.221 5.094 5.107 5.280 5.423 5.535 5.616 5.667 5.686 5.675 5.633 5.561 5.457 5.323 5.456 5.957 6.487 7.046 7.634 8.291 8.966 9.627 10.271 10.900 11.514 12.113 12.085 11.339 10.606 9.889 9.186 8.497 7.823 7.164 6.519 5.888 5.273 4.671 4.267
3.101 3.320 3.522 3.706 3.872 4.020 4.151 4.264 4.359 4.436 4.495 4.537 4.546 4.532 4.543 4.578 4.638 4.723 4.832 4.966 5.125 5.308 5.517 5.750 5.925 5.911 5.880 5.831 5.765 5.682 5.581 5.463 5.328 5.175 5.005 4.818 4.706 4.772 4.807 4.811 4.785 4.728 4.641 4.522 4.373 4.193 4.105 4.051 4.235 4.934 5.617 6.286 6.938 7.576 8.198 8.804 9.396 9.972 10.532 11.077 11.213 10.517 9.835 9.168 8.516 7.878 7.255 6.646 6.052 5.472 4.907 4.356 3.949
3.173 3.330 3.470 3.591 3.695 3.781 3.849 3.900 3.932 3.947 3.944 3.923 3.900 3.973 4.070 4.192 4.339 4.510 4.706 4.927 5.173 5.443 5.738 6.057 6.335 6.260 6.168 6.058 5.932 5.788 5.626 5.448 5.252 5.039 4.808 4.560 4.336 4.295 4.223 4.183 4.145 4.102 4.055 4.003 3.947 3.885 3.819 3.749 3.802 4.448 5.078 5.693 6.292 6.876 7.445 7.998 8.536 9.059 9.566 10.058 10.328 9.682 9.052 8.435 7.833 7.246 6.674 6.115 5.572 5.043 4.528 4.028 3.619
3.267 3.360 3.437 3.496 3.538 3.561 3.567 3.555 3.526 3.478 3.413 3.330 3.229 3.388 3.572 3.781 4.014 4.272 4.555 4.862 5.194 5.551 5.932 6.338 6.762 6.626 6.474 6.304 6.116 5.912 5.690 5.449 5.164 4.891 4.630 4.381 4.150 4.110 4.065 4.015 3.961 3.902 3.839 3.771 3.698 3.621 3.539 3.452 3.385 3.977 4.554 5.116 5.662 6.193 6.708 7.208 7.693 8.162 8.616 9.055 9.430 8.835 8.255 7.689 7.138 6.601 6.079 5.572 5.079 4.600 4.136 3.687 3.275
3.390 3.409 3.424 3.421 3.400 3.361 3.305 3.231 3.139 3.029 2.902 2.757 2.594 2.778 3.049 3.344 3.664 4.008 4.377 4.771 5.189 5.632 6.100 6.592 7.086 6.853 6.536 6.232 5.940 5.661 5.394 5.139 4.897 4.667 4.450 4.245 4.052 3.980 3.919 3.853 3.782 3.707 3.628 3.543 3.454 3.361 3.263 3.160 3.052 3.523 4.046 4.555 5.047 5.525 5.987 6.434 6.866 7.282 7.683 8.068 8.438 7.975 7.446 6.930 6.430 5.944 5.472 5.015 4.573 4.145 3.731 3.332 2.948
3.514 3.478 3.431 3.365 3.282 3.181 3.062 2.926 2.772 2.600 2.411 2.203 1.978 2.142 2.499 2.881 3.287 3.743 4.236 4.692 5.110 5.491 5.833 6.138 6.406 6.270 5.997 5.736 5.488 5.252 5.028 4.817 4.618 4.431 4.257 4.095 3.946 3.855 3.777 3.695 3.609 3.517 3.422 3.321 3.216 3.106 2.992 2.873 2.749 3.084 3.554 4.009 4.449 4.873 5.282 5.676 6.054 6.417 6.765 7.097 7.414 7.102 6.623 6.159 5.709 5.273 4.852 4.446 4.054 3.676 3.313 2.964 2.630
3.640 3.566 3.456 3.329 3.184 3.020 2.840 2.641 2.425 2.191 2.046 2.002 1.940 2.202 2.715 3.190 3.627 4.026 4.388 4.712 4.998 5.247 5.457 5.631 5.766 5.676 5.446 5.228 5.023 4.830 4.650 4.482 4.326 4.183 4.052 3.933 3.827 3.734 3.641 3.543 3.440 3.332 3.220 3.104 2.982 2.857 2.726 2.591 2.451 2.661 3.078 3.479 3.866 4.237 4.593 4.933 5.259 5.569 5.863 6.142 6.406 6.217 5.788 5.374 4.975 4.590 4.219 3.863 3.521 3.194 2.882 2.584 2.300
3.766 3.674 3.502 3.459 3.483 3.489 3.474 3.441 3.387 3.315 3.222 3.111 2.979 3.053 3.434 3.776 4.082 4.349 4.579 4.771 4.926 5.042 5.122 5.163 5.167 5.069 4.882 4.708 4.546 4.397 4.259 4.135 4.022 3.922 3.834 3.759 3.696 3.619 3.509 3.395 3.276 3.152 3.024 2.891 2.754 2.612 2.465 2.314 2.158 2.253 2.617 2.966 3.299 3.617 3.920 4.207 4.479 4.736 4.977 5.204 5.415 5.319 4.941 4.577 4.228 3.893 3.573 3.267 3.063 3.022 3.013 3.035 3.089
4.932 5.164 5.159 5.135 5.091 5.028 4.945 4.843 4.721 4.580 4.419 4.239 4.039 3.943 4.192 4.403 4.576 4.712 4.810 4.870 4.893 4.878 4.826 4.736 4.608 4.450 4.307 4.176 4.057 3.951 3.857 3.775 3.706 3.649 3.605 3.572 3.553 3.508 3.383 3.252 3.117 2.977 2.833 2.684 2.530 2.372 2.209 2.042 1.870 1.861 2.172 2.467 2.748 3.012 3.262 3.496 3.715 3.919 4.108 4.281 4.439 4.486 4.334 4.214 4.125 4.067 4.041 4.047 4.084 4.153 4.254 4.386 4.549
6.570 6.997 6.924 6.831 6.718 6.587 6.435 6.264 6.074 5.864 5.635 5.386 5.118 4.872 4.989 5.069 5.110 5.114 5.081 5.009 4.901 4.754 4.570 4.348 4.089 3.819 3.719 3.631 3.556 3.493 3.442 3.403 3.377 3.364 3.362 3.373 3.397 3.403 3.261 3.114 2.963 2.807 2.647 2.482 2.312 2.138 1.959 1.775 1.587 1.485 1.742 1.985 2.212 2.424 2.768 3.181 3.550 3.877 4.160 4.401 4.599 4.708 4.666 4.655 4.676 4.728 4.812 4.927 5.074 5.252 5.463 5.704 5.977
