DATA/SHG/ECMWF/20170628/EN-2/20170701.en-2.asc
ncols        190
nrows        64
xllcorner    -5100000.000000000000
yllcorner    4130000.000000000000
cellsize     10000.000000000000
NODATA_value  -99999.000
[rows 32 to 63 of 64, columns 0 to 73 of 190]
2.563 2.648 2.664 2.666 2.662 2.651 2.634 2.610 2.579 2.542 2.498 2.448 2.391 2.327 2.205 2.070 1.923 1.765 1.595 1.415 1.223 1.020 0.805 0.579 0.343 0.094 0.182 0.275 0.368 0.460 0.551 0.641 0.731 0.821 0.910 0.998 1.086 1.171 1.187 1.195 1.195 1.187 1.171 1.147 1.115 1.076 1.028 1.041 1.086 1.134 1.192 1.238 1.273 1.297 1.310 1.312 1.302 1.282 1.250 1.207 1.152 1.096 1.120 1.144 1.169 1.195 1.221 1.247 1.275 1.302 1.331 1.359 1.389 1.447
3.298 3.408 3.424 3.403 3.376 3.342 3.301 3.254 3.200 3.140 3.073 2.999 2.919 2.832 2.682 2.507 2.320 2.123 1.914 1.694 1.463 1.220 0.966 0.701 0.425 0.137 0.166 0.257 0.347 0.437 0.526 0.615 0.703 0.790 0.877 0.963 1.049 1.134 1.134 1.114 1.134 1.167 1.204 1.243 1.286 1.332 1.382 1.434 1.490 1.549 1.571 1.578 1.574 1.559 1.533 1.496 1.447 1.388 1.317 1.235 1.142 1.037 1.057 1.084 1.110 1.138 1.166 1.194 1.224 1.253 1.283 1.314 1.345 1.377
4.024 4.159 4.191 4.147 4.096 4.039 3.975 3.905 3.828 3.744 3.654 3.557 3.453 3.343 3.170 2.955 2.730 2.493 2.244 1.985 1.714 1.432 1.139 0.835 0.519 0.192 0.150 0.239 0.327 0.415 0.502 0.589 0.675 0.807 0.939 1.066 1.190 1.310 1.367 1.405 1.446 1.491 1.538 1.589 1.643 1.700 1.761 1.824 1.891 1.961 1.960 1.928 1.886 1.832 1.767 1.690 1.603 1.504 1.395 1.274 1.142 0.998 0.994 1.023 1.051 1.081 1.111 1.141 1.172 1.204 1.236 1.268 1.302 1.335
4.740 4.901 4.964 4.897 4.823 4.743 4.656 4.562 4.461 4.355 4.241 4.121 3.994 3.861 3.669 3.415 3.150 2.874 2.586 2.288 1.977 1.656 1.324 0.980 0.625 0.261 0.201 0.347 0.490 0.628 0.762 0.892 1.018 1.139 1.257 1.370 1.479 1.584 1.653 1.703 1.755 1.810 1.869 1.931 1.996 2.064 2.136 2.210 2.288 2.369 2.360 2.289 2.208 2.115 2.011 1.896 1.769 1.632 1.483 1.324 1.153 0.970 0.931 0.961 0.992 1.023 1.055 1.087 1.120 1.154 1.188 1.222 1.257 1.293
5.448 5.634 5.744 5.653 5.556 5.452 5.342 5.225 5.102 4.971 4.835 4.691 4.541 4.385 4.180 3.887 3.582 3.267 2.934 2.574 2.230 1.901 1.588 1.290 1.007 0.739 0.638 0.770 0.898 1.022 1.141 1.257 1.368 1.475 1.578 1.677 1.772 1.862 1.937 1.997 2.060 2.127 2.196 2.269 2.345 2.425 2.507 2.593 2.681 2.773 2.771 2.661 2.541 2.409 2.266 2.112 1.947 1.770 1.583 1.384 1.174 0.953 0.867 0.899 0.932 0.965 0.999 1.033 1.068 1.103 1.139 1.176 1.213 1.250
6.147 6.358 6.530 6.416 6.295 6.168 6.035 5.895 5.748 5.595 5.435 5.233 4.954 4.683 4.399 4.032 3.680 3.343 3.022 2.716 2.425 2.149 1.889 1.644 1.415 1.200 1.080 1.197 1.310 1.420 1.525 1.626 1.723 1.815 1.904 1.988 2.068 2.145 2.216 2.287 2.362 2.439 2.520 2.604 2.691 2.781 2.875 2.971 3.071 3.174 3.192 3.043 2.884 2.713 2.532 2.339 2.135 1.919 1.693 1.456 1.207 0.947 0.803 0.837 0.871 0.906 0.942 0.978 1.015 1.052 1.090 1.129 1.167 1.207
6.837 7.073 7.317 7.185 6.965 6.652 6.348 6.054 5.770 5.495 5.229 4.973 4.727 4.490 4.258 3.944 3.645 3.362 3.094 2.841 2.603 2.381 2.174 1.983 1.806 1.645 1.525 1.628 1.726 1.821 1.912 1.998 2.081 2.159 2.233 2.303 2.369 2.431 2.492 2.574 2.660 2.748 2.840 2.935 3.033 3.134 3.239 3.346 3.457 3.571 3.623 3.436 3.238 3.028 2.808 2.576 2.333 2.079 1.814 1.538 1.250 0.952 0.738 0.774 0.810 0.847 0.885 0.923 0.962 1.001 1.532 2.509 3.625 4.880
6.904 6.954 6.995 6.752 6.463 6.183 5.913 5.652 5.401 5.159 4.927 4.704 4.490 4.287 4.092 3.840 3.594 3.364 3.149 2.950 2.766 2.597 2.443 2.304 2.181 2.073 1.981 2.062 2.146 2.227 2.303 2.375 2.443 2.507 2.566 2.622 2.673 2.721 2.764 2.858 2.954 3.054 3.156 3.262 3.371 3.484 3.599 3.718 3.839 3.964 4.066 3.840 3.602 3.354 3.095 2.824 2.543 2.250 1.946 1.631 1.305 0.967 0.673 0.931 1.414 2.036 2.798 3.699 4.740 5.921 7.241 8.701 10.301 12.040
6.366 6.382 6.387 6.207 5.951 5.705 5.468 5.240 5.022 4.813 4.614 4.424 4.244 4.073 3.912 3.720 3.527 3.350 3.189 3.042 2.911 2.796 2.695 2.610 2.540 2.485 2.446 2.500 2.570 2.636 2.697 2.755 2.809 2.858 2.903 2.944 2.981 3.014 3.043 3.137 3.245 3.355 3.469 3.586 3.706 3.829 3.956 4.085 4.218 4.354 4.493 4.253 3.978 3.690 3.392 3.083 2.976 2.918 2.837 2.733 2.606 2.457 2.287 3.114 4.081 5.187 6.432 7.818 9.342 11.007 12.810 14.754 16.836 19.059
5.839 5.820 5.791 5.653 5.430 5.217 5.013 4.818 4.633 4.457 4.291 4.135 3.988 3.850 3.722 3.583 3.444 3.320 3.212 3.119 3.041 2.978 2.931 2.899 2.882 2.880 2.894 2.941 2.997 3.048 3.096 3.139 3.178 3.213 3.244 3.271 3.293 3.312 3.326 3.414 3.532 3.654 3.778 3.906 4.037 4.172 4.309 4.449 4.593 4.989 5.468 5.566 5.542 5.496 5.426 5.334 5.219 5.082 4.921 4.738 4.532 4.304 4.052 5.159 6.610 8.200 9.929 11.798 13.806 15.953 18.240 20.666 23.232 25.937
5.325 5.271 5.207 5.089 4.899 4.719 4.548 4.387 4.235 4.092 3.959 3.836 3.722 3.617 3.522 3.430 3.345 3.274 3.219 3.179 3.154 3.145 3.150 3.171 3.208 3.259 3.326 3.387 3.428 3.465 3.498 3.527 3.551 3.572 3.588 3.601 3.609 3.613 3.613 3.686 3.816 3.948 4.243 4.587 4.969 5.390 5.848 6.345 6.880 7.452 8.064 8.226 8.123 7.997 7.848 7.676 7.482 7.265 7.025 6.763 6.478 6.170 5.839 7.068 9.002 11.075 13.287 15.639 18.130 20.761 23.530 26.440 29.488 32.676
4.821 4.733 4.635 4.515 4.359 4.211 4.074 3.945 3.826 3.717 3.617 3.527 3.446 3.374 3.312 3.262 3.229 3.212 3.210 3.223 3.251 3.295 3.353 3.428 3.517 3.621 3.741 3.836 3.863 3.885 3.904 3.918 3.929 3.935 3.937 3.983 4.059 4.165 4.302 4.540 4.902 5.302 5.740 6.217 6.731 7.284 7.874 8.503 9.170 9.875 10.618 10.905 10.722 10.517 10.289 10.038 9.764 9.468 9.149 8.807 8.443 8.056 7.646 8.839 11.256 13.812 16.508 19.342 22.316 25.429 28.682 32.073 35.604 39.274
4.330 4.207 4.074 3.932 3.809 3.694 3.590 3.494 3.409 3.332 3.265 3.208 3.160 3.122 3.093 3.077 3.098 3.133 3.184 3.250 3.332 3.428 3.540 3.667 3.810 3.967 4.140 4.277 4.214 4.182 4.180 4.210 4.269 4.360 4.481 4.632 4.814 5.027 5.271 5.600 6.095 6.627 7.197 7.806 8.453 9.137 9.860 10.621 11.420 12.257 13.132 13.603 13.341 13.056 12.749 12.419 12.066 11.691 11.292 10.872 10.428 9.962 9.473 10.474 13.374 16.413 19.591 22.908 26.364 29.959 33.694 37.568 41.580 45.732
3.850 3.692 3.525 3.347 3.249 3.168 3.096 3.034 2.981 2.938 2.904 2.879 2.865 2.859 2.863 2.877 2.950 3.039 3.143 3.262 3.388 3.493 3.593 3.691 3.785 3.876 3.963 4.043 4.087 4.161 4.266 4.401 4.567 4.764 4.992 5.249 5.538 5.857 6.207 6.620 7.247 7.911 8.614 9.355 10.133 10.950 11.805 12.698 13.629 14.597 15.605 16.320 15.979 15.615 15.228 14.819 14.387 13.933 13.455 12.955 12.433 11.888 11.320 11.972 15.354 18.876 22.536 26.335 30.274 34.351 38.567 42.923 47.418 52.051
3.381 3.189 2.987 2.775 2.679 2.631 2.593 2.563 2.544 2.533 2.533 2.541 2.559 2.596 2.650 2.701 2.801 2.907 3.010 3.109 3.205 3.297 3.387 3.472 3.555 3.634 3.710 3.782 3.927 4.108 4.319 4.561 4.834 5.137 5.470 5.835 6.229 6.655 7.111 7.600 8.359 9.156 9.990 10.863 11.773 12.722 13.709 14.734 15.796 16.897 18.036 19.056 18.636 18.193 17.727 17.239 16.728 16.194 15.638 15.059 14.457 13.833 13.186 13.334 17.198 21.202 25.344 29.625 34.045 38.604 43.302 48.139 53.115 58.230
2.925 2.698 2.461 2.215 2.100 2.085 2.112 2.178 2.241 2.300 2.356 2.409 2.459 2.506 2.549 2.589 2.668 2.762 2.853 2.941 3.025 3.106 3.184 3.258 3.329 3.396 3.460 3.521 3.736 4.023 4.341 4.689 5.068 5.477 5.917 6.388 6.889 7.420 7.982 8.575 9.431 10.360 11.326 12.331 13.373 14.454 15.572 16.729 17.924 19.156 20.427 21.735 21.312 20.790 20.245 19.678 19.088 18.475 17.840 17.182 16.501 15.798 15.072 14.559 18.906 23.391 28.014 32.777 37.679 42.719 47.899 53.217 58.624 62.520
2.605 2.429 2.248 2.062 1.985 2.046 2.104 2.159 2.211 2.259 2.304 2.346 2.384 2.420 2.452 2.480 2.539 2.621 2.701 2.777 2.849 2.919 2.984 3.047 3.106 3.162 3.214 3.263 3.514 3.907 4.331 4.785 5.270 5.786 6.332 6.908 7.515 8.153 8.821 9.520 10.463 11.523 12.622 13.758 14.933 16.145 17.395 18.684 20.010 21.374 22.776 24.217 24.008 23.407 22.783 22.137 21.467 20.776 20.062 19.325 18.565 17.783 16.978 16.151 20.476 25.382 29.660 33.831 37.894 41.850 45.698 49.440 53.073 56.600
2.738 2.543 2.343 2.137 2.004 2.054 2.101 2.144 2.185 2.222 2.255 2.286 2.313 2.337 2.358 2.375 2.413 2.484 2.552 2.616 2.677 2.735 2.789 2.840 2.887 2.931 2.972 3.010 3.260 3.759 4.289 4.850 5.441 6.062 6.714 7.397 8.110 8.854 9.628 10.433 11.455 12.647 13.877 15.146 16.452 17.796 19.178 20.598 22.056 23.552 25.085 26.657 26.723 26.043 25.340 24.614 23.866 23.096 22.260 21.118 19.888 18.572 17.168 15.678 18.510 22.526 26.434 30.235 33.928 37.515 40.994 44.365 47.630 50.787
2.877 2.663 2.443 2.218 2.027 2.065 2.101 2.133 2.162 2.188 2.210 2.229 2.245 2.258 2.268 2.274 2.291 2.351 2.407 2.459 2.509 2.555 2.597 2.637 2.672 2.705 2.734 2.760 2.974 3.579 4.216 4.882 5.579 6.307 7.065 7.854 8.673 9.523 10.403 11.314 12.407 13.731 15.093 16.493 17.930 19.406 20.920 22.471 24.061 25.688 27.354 29.040 29.345 28.423 27.414 26.318 25.134 23.864 22.507 21.063 19.533 17.915 16.210 14.419 16.128 19.774 23.313 26.744 30.069 33.286 36.395 39.398 42.293 45.081
3.021 2.788 2.550 2.306 2.056 2.080 2.104 2.125 2.143 2.157 2.168 2.176 2.181 2.183 2.181 2.176 2.173 2.221 2.265 2.306 2.344 2.378 2.409 2.437 2.461 2.482 2.500 2.514 2.657 3.368 4.110 4.883 5.686 6.520 7.384 8.278 9.204 10.159 11.145 12.162 13.319 14.775 16.268 17.800 19.326 20.792 22.318 23.902 25.544 27.246 29.006 30.826 31.485 30.261 28.951 27.553 26.069 24.497 22.839 21.094 19.262 17.343 15.338 13.245 13.851 17.128 20.297 23.359 26.314 29.162 31.903 34.537 37.063 39.483
3.172 2.920 2.662 2.399 2.130 2.098 2.111 2.121 2.127 2.130 2.130 2.127 2.121 2.111 2.098 2.082 2.062 2.095 2.127 2.157 2.183 2.206 2.225 2.241 2.254 2.263 2.269 2.272 2.308 3.125 3.974 4.852 5.761 6.701 7.671 8.671 9.702 10.712 11.633 12.547 13.531 14.966 16.460 18.013 19.624 21.295 23.024 24.812 26.658 28.563 30.527 32.550 33.708 32.183 30.571 28.873 27.087 25.215 23.256 21.210 19.077 16.857 14.551 12.157 11.679 14.586 17.387 20.080 22.666 25.145 27.517 29.782 31.940 33.991
3.329 3.057 2.781 2.498 2.210 2.120 2.121 2.120 2.115 2.107 2.096 2.081 2.063 2.042 2.018 1.991 1.960 1.972 1.993 2.011 2.026 2.037 2.045 2.049 2.050 2.048 2.042 2.033 2.021 2.851 3.799 4.744 5.682 6.613 7.538 8.456 9.367 10.272 11.171 12.062 12.954 14.593 16.291 18.048 19.863 21.737 23.670 25.661 27.711 29.820 31.988 34.214 36.015 34.189 32.276 30.276 28.190 26.017 23.757 21.410 18.976 16.456 13.849 11.155 9.611 12.150 14.581 16.906 19.123 21.234 23.237 25.134 26.923 28.606
3.492 3.201 2.905 2.603 2.296 2.145 2.135 2.123 2.106 2.087 2.065 2.039 2.010 1.978 1.942 1.904 1.862 1.854 1.863 1.869 1.872 1.872 1.868 1.880 1.903 1.917 1.920 1.914 1.898 2.595 3.524 4.446 5.361 6.270 7.172 8.068 8.957 9.839 10.715 11.584 12.447 14.161 16.062 18.023 20.042 22.119 24.256 26.451 28.705 31.017 33.388 35.818 38.306 36.278 34.064 31.764 29.376 26.903 24.342 21.695 18.961 16.140 13.232 10.238 7.648 9.818 11.881 13.837 15.686 17.428 19.063 20.592 22.013 23.327
3.660 3.350 3.035 2.714 2.388 2.174 2.153 2.129 2.101 2.071 2.037 2.000 1.960 1.917 1.870 1.820 1.800 1.831 1.879 1.917 1.945 1.964 1.973 1.972 1.961 1.940 1.910 1.870 1.820 2.349 3.255 4.155 5.048 5.934 6.814 7.687 8.553 9.413 10.266 11.113 11.953 13.669 15.774 17.938 20.161 22.442 24.782 27.181 29.638 32.153 34.728 37.361 40.053 38.451 35.936 33.335 30.647 27.873 25.012 22.064 19.030 15.908 12.701 9.406 6.025 7.591 9.286 10.874 12.354 13.728 14.995 16.155 17.209 18.155
3.835 3.506 3.171 2.832 2.486 2.206 2.174 2.138 2.100 2.064 2.039 2.024 2.019 2.024 2.039 2.064 2.100 2.135 2.149 2.153 2.148 2.133 2.108 2.073 2.028 1.974 1.910 1.836 1.753 2.110 2.994 3.871 4.741 5.605 6.462 7.313 8.157 8.994 9.825 10.649 11.467 13.118 15.427 17.795 20.221 22.705 25.248 27.850 30.511 33.230 36.007 38.843 41.738 40.707 37.892 34.990 32.002 28.927 25.766 22.518 19.183 15.762 12.254 8.660 4.979 5.469 6.795 8.015 9.128 10.134 11.033 11.825 12.510 13.089
4.015 3.667 3.327 2.962 2.568 2.169 2.139 2.119 2.108 2.108 2.118 2.137 2.167 2.207 2.257 2.317 2.388 2.449 2.430 2.400 2.361 2.312 2.253 2.184 2.106 2.018 1.920 1.813 1.695 1.878 2.739 3.594 4.441 5.283 6.117 6.946 7.767 8.582 9.390 10.192 10.988 12.508 15.021 17.591 20.221 22.908 25.655 28.460 31.323 34.246 37.226 40.265 43.363 43.046 39.931 36.729 33.441 30.066 26.604 23.056 19.422 15.700 11.893 7.998 4.018 3.451 4.410 5.261 6.006 6.997 8.057 9.079 10.060 11.003
4.455 4.046 3.608 3.139 2.641 2.112 2.067 2.081 2.106 2.141 2.185 2.240 2.305 2.380 2.465 2.560 2.665 2.774 2.720 2.657 2.583 2.501 2.408 2.306 2.194 2.072 1.940 1.799 1.648 1.653 2.491 3.323 4.149 4.967 5.780 6.585 7.384 8.177 8.963 9.742 10.515 11.839 14.555 17.329 20.161 23.052 26.002 29.010 32.076 35.201 38.385 41.627 44.928 45.469 42.053 38.551 34.963 31.288 27.527 23.679 19.744 15.723 11.673 7.726 3.889 2.791 3.873 4.917 5.920 6.885 7.810 8.695 9.541 10.348
4.978 4.465 3.922 3.349 2.746 2.113 1.984 2.034 2.093 2.162 2.242 2.332 2.431 2.541 2.661 2.791 2.931 3.081 3.020 2.923 2.816 2.700 2.573 2.437 2.291 2.136 1.971 1.796 1.611 1.434 2.250 3.060 3.863 4.659 5.449 6.232 7.009 7.779 8.542 9.299 10.050 11.111 14.030 17.007 20.042 23.136 26.289 29.500 32.769 36.097 39.484 42.929 46.432 47.974 44.259 39.937 35.601 31.374 27.256 23.248 19.350 15.561 11.881 8.312 4.851 3.259 4.206 5.113 5.981 6.810 7.599 8.349 9.059 9.730
5.533 4.916 4.269 3.591 2.884 2.146 1.890 1.975 2.069 2.173 2.288 2.412 2.547 2.691 2.846 3.011 3.186 3.370 3.331 3.200 3.059 2.909 2.749 2.579 2.399 2.210 2.011 1.803 1.584 1.356 2.016 2.803 3.584 4.358 5.125 5.886 6.640 7.388 8.129 8.863 9.591 10.324 13.445 16.625 19.864 23.161 26.516 29.930 32.961 35.854 38.663 41.389 44.030 45.649 41.471 37.402 33.442 29.592 25.852 22.221 18.699 15.288 11.985 8.792 5.709 3.765 4.576 5.348 6.080 6.773 7.426 8.040 8.615 9.150
6.122 5.400 4.648 3.867 3.055 2.213 1.786 1.905 2.034 2.173 2.323 2.482 2.651 2.831 3.020 3.220 3.429 3.649 3.651 3.486 3.312 3.128 2.934 2.731 2.518 2.295 2.062 1.820 1.568 1.306 1.789 2.554 3.312 4.063 4.808 5.547 6.278 7.004 7.722 8.434 9.140 9.834 12.671 15.778 18.802 21.742 24.598 27.370 30.059 32.664 35.186 37.624 39.978 42.249 38.454 34.762 31.180 27.707 24.343 21.089 17.945 14.910 11.984 9.167 6.461 4.307 4.983 5.619 6.215 6.773 7.291 7.769 8.209 8.608
6.742 5.916 5.061 4.175 3.259 2.313 1.670 1.824 1.988 2.163 2.347 2.541 2.745 2.959 3.183 3.418 3.662 3.917 3.981 3.783 3.575 3.357 3.130 2.893 2.646 2.389 2.123 1.847 1.561 1.266 1.569 2.311 3.047 3.776 4.541 5.287 6.012 6.717 7.402 8.066 8.710 9.333 11.581 14.400 17.136 19.788 22.357 24.842 27.243 29.561 31.795 33.946 36.013 37.997 35.334 32.020 28.814 25.718 22.731 19.854 17.086 14.427 11.878 9.438 7.107 4.887 5.427 5.927 6.388 6.810 7.193 7.536 7.839 8.104
7.396 6.466 5.505 4.515 3.495 2.445 1.544 1.733 1.932 2.141 2.360 2.589 2.828 3.077 3.336 3.605 3.884 4.173 4.322 4.090 3.848 3.597 3.335 3.065 2.784 2.494 2.195 1.921 1.668 1.437 1.647 2.404 3.141 3.857 4.553 5.229 5.884 6.519 7.133 7.727 8.301 8.854 10.575 13.107 15.555 17.920 20.201 22.399 24.513 26.544 28.491 30.354 32.134 33.831 32.112 29.174 26.345 23.625 21.015 18.514 16.122 13.840 11.667 9.603 7.648 5.803 5.907 6.272 6.598 6.885 7.132 7.339 7.508 7.637
