DATA/SHG/ECMWF/20170628/EN-2/20170629.en-2.asc
ncols        190
nrows        64
xllcorner    -5100000.000000000000
yllcorner    4130000.000000000000
cellsize     10000.000000000000
NODATA_value  -99999.000
[rows 0 to 32 of 64, columns 74 to 147 of 190]
5.201 5.137 5.080 5.032 4.990 4.956 4.930 5.012 5.385 5.786 6.187 6.588 6.989 7.390 7.790 8.190 8.590 8.990 9.389 9.650 9.443 9.231 9.015 8.795 8.571 8.344 8.112 7.877 7.637 7.394 7.147 6.962 6.986 7.005 7.019 7.027 7.030 7.028 7.020 7.006 6.987 6.963 6.933 6.941 7.080 7.214 7.341 7.463 7.578 7.689 7.793 7.891 7.984 8.071 8.153 8.149 7.911 7.674 7.438 7.203 6.969 6.736 6.505 6.274 6.045 5.817 5.589 5.338 5.025 4.725 4.439 4.167 3.908 3.663
4.495 4.532 4.593 4.658 4.726 4.798 4.872 5.006 5.407 5.808 6.208 6.609 7.009 7.409 7.809 8.208 8.607 9.006 9.405 9.739 9.515 9.286 9.052 8.815 8.573 8.328 8.079 7.826 7.569 7.308 7.044 6.806 6.807 6.801 6.791 6.775 6.753 6.726 6.694 6.656 6.613 6.564 6.510 6.473 6.586 6.694 6.796 6.892 6.982 7.066 7.145 7.218 7.285 7.347 7.402 7.413 7.180 6.948 6.717 6.487 6.258 6.030 5.804 5.578 5.354 5.130 4.908 4.681 4.428 4.189 3.964 3.752 3.554 3.369
4.461 4.530 4.603 4.679 4.758 4.840 4.926 5.029 5.430 5.830 6.230 6.629 7.029 7.428 7.827 8.226 8.625 9.023 9.422 9.820 9.592 9.345 9.094 8.839 8.580 8.317 8.051 7.780 7.506 7.228 6.945 6.659 6.633 6.604 6.569 6.529 6.483 6.432 6.375 6.313 6.245 6.172 6.094 6.012 6.099 6.181 6.257 6.328 6.392 6.451 6.504 6.552 6.593 6.629 6.659 6.677 6.449 6.222 5.996 5.771 5.547 5.324 5.102 4.882 4.662 4.444 4.227 4.097 4.086 4.092 4.114 4.153 4.210 4.283
4.445 4.526 4.610 4.697 4.787 4.880 4.977 5.076 5.452 5.851 6.251 6.650 7.049 7.447 7.846 8.244 8.643 9.040 9.438 9.836 9.673 9.408 9.140 8.867 8.591 8.311 8.027 7.739 7.447 7.151 6.852 6.548 6.466 6.412 6.353 6.289 6.219 6.143 6.062 5.976 5.884 5.787 5.684 5.576 5.619 5.675 5.726 5.771 5.810 5.843 5.870 5.892 5.908 5.918 5.923 5.922 5.718 5.496 5.358 5.304 5.253 5.208 5.166 5.130 5.097 5.070 5.047 5.028 5.086 5.167 5.264 5.378 5.509 5.657
4.427 4.519 4.614 4.712 4.813 4.917 5.025 5.135 5.474 5.873 6.272 6.670 7.069 7.467 7.865 8.263 8.660 9.058 9.455 9.852 9.758 9.476 9.190 8.900 8.606 8.309 8.007 7.702 7.392 7.079 6.762 6.441 6.305 6.227 6.144 6.055 5.961 5.861 5.756 5.645 5.529 5.408 5.281 5.149 5.145 5.176 5.201 5.220 5.234 5.312 5.450 5.592 5.737 5.885 6.038 6.193 6.187 6.144 6.104 6.069 6.039 6.013 5.992 5.975 5.963 5.955 5.952 5.953 6.069 6.224 6.396 6.585 6.790 7.013
4.406 4.509 4.615 4.724 4.836 4.951 5.070 5.191 5.496 5.895 6.293 6.691 7.089 7.486 7.884 8.281 8.678 9.075 9.471 9.868 9.848 9.548 9.245 8.937 8.626 8.311 7.992 7.669 7.342 7.012 6.677 6.339 6.151 6.048 5.941 5.828 5.709 5.585 5.456 5.321 5.236 5.187 5.138 5.090 5.161 5.297 5.436 5.579 5.726 5.876 6.030 6.187 6.348 6.512 6.680 6.851 6.888 6.864 6.845 6.830 6.819 6.813 6.812 6.815 6.823 6.835 6.852 6.873 7.033 7.263 7.509 7.773 8.053 8.350
4.382 4.495 4.612 4.733 4.856 4.982 5.112 5.244 5.519 5.917 6.314 6.712 7.109 7.506 7.903 8.299 8.696 9.092 9.488 9.884 9.942 9.625 9.304 8.979 8.650 8.318 7.981 7.641 7.297 6.949 6.597 6.282 6.115 6.065 6.015 5.966 5.916 5.868 5.819 5.771 5.723 5.676 5.629 5.583 5.641 5.793 5.948 6.107 6.269 6.435 6.605 6.778 6.954 7.134 7.318 7.505 7.582 7.579 7.579 7.584 7.594 7.608 7.626 7.649 7.677 7.709 7.746 7.787 7.978 8.283 8.604 8.943 9.298 9.669
4.354 4.479 4.607 4.738 4.873 5.010 5.151 5.294 5.541 5.938 6.335 6.732 7.129 7.525 7.922 8.318 8.713 9.109 9.505 9.900 10.040 9.705 9.358 9.018 8.690 8.374 8.072 7.782 7.504 7.240 6.988 6.749 6.589 6.541 6.492 6.444 6.397 6.350 6.303 6.256 6.210 6.164 6.119 6.074 6.117 6.285 6.456 6.630 6.808 6.990 7.175 7.364 7.556 7.751 7.951 8.153 8.272 8.288 8.308 8.333 8.363 8.397 8.435 8.478 8.525 8.577 8.634 8.695 8.906 9.285 9.681 10.094 10.524 10.970
4.324 4.460 4.599 4.741 4.887 5.035 5.187 5.341 5.564 5.960 6.357 6.753 7.149 7.545 7.937 8.309 8.673 9.029 9.378 9.718 9.908 9.598 9.301 9.017 8.746 8.487 8.241 8.008 7.787 7.579 7.384 7.201 7.062 7.015 6.968 6.922 6.876 6.830 6.785 6.740 6.696 6.652 6.608 6.565 6.589 6.772 6.959 7.149 7.343 7.540 7.741 7.945 8.153 8.364 8.579 8.798 8.955 8.991 9.031 9.076 9.126 9.180 9.238 9.301 9.368 9.440 9.516 9.597 9.816 10.270 10.740 11.227 11.731 12.252
4.291 4.438 4.588 4.741 4.898 5.057 5.220 5.388 5.592 5.983 6.367 6.743 7.111 7.471 7.824 8.169 8.506 8.835 9.157 9.471 9.724 9.471 9.231 9.003 8.788 8.586 8.397 8.220 8.055 7.904 7.765 7.639 7.534 7.489 7.444 7.399 7.354 7.310 7.267 7.223 7.180 7.138 7.096 7.054 7.056 7.255 7.457 7.663 7.873 8.085 8.302 8.522 8.745 8.973 9.203 9.437 9.633 9.689 9.749 9.814 9.883 9.957 10.035 10.118 10.205 10.297 10.393 10.493 10.707 11.236 11.781 12.342 12.921 13.516
4.271 4.458 4.641 4.819 4.993 5.163 5.328 5.489 5.648 6.013 6.369 6.718 7.059 7.393 7.718 8.036 8.346 8.649 8.943 9.230 9.514 9.329 9.146 8.975 8.816 8.671 8.537 8.417 8.309 8.214 8.132 8.062 8.005 7.961 7.918 7.874 7.832 7.789 7.747 7.705 7.664 7.623 7.582 7.542 7.519 7.733 7.951 8.173 8.398 8.626 8.859 9.094 9.333 9.576 9.822 10.072 10.306 10.381 10.461 10.546 10.635 10.729 10.827 10.929 11.036 11.148 11.264 11.384 11.581 12.184 12.803 13.439 14.092 14.761
4.482 4.654 4.822 4.985 5.144 5.298 5.448 5.594 5.735 6.049 6.379 6.701 7.015 7.321 7.620 7.911 8.194 8.470 8.737 8.997 9.254 9.174 9.047 8.932 8.830 8.741 8.664 8.600 8.549 8.510 8.484 8.471 8.470 8.433 8.391 8.349 8.308 8.267 8.226 8.186 8.146 8.107 8.068 8.029 7.991 8.207 8.441 8.678 8.919 9.163 9.411 9.662 9.917 10.175 10.437 10.703 10.972 11.068 11.168 11.272 11.381 11.495 11.613 11.735 11.862 11.993 12.129 12.229 12.317 13.023 13.836 14.754 15.779 16.910
4.698 4.854 5.007 5.154 5.298 5.437 5.572 5.703 5.829 6.092 6.395 6.690 6.977 7.257 7.529 7.793 8.049 8.297 8.538 8.771 9.001 9.004 8.934 8.875 8.830 8.797 8.777 8.769 8.774 8.792 8.822 8.865 8.921 8.903 8.863 8.822 8.783 8.743 8.704 8.666 8.628 8.590 8.552 8.515 8.479 8.676 8.926 9.179 9.435 9.695 9.959 10.225 10.496 10.770 11.047 11.328 11.613 11.749 11.811 11.820 11.840 11.873 11.918 11.975 12.044 12.125 12.218 12.323 12.441 13.551 14.835 16.225 17.721 19.324
4.917 5.058 5.195 5.328 5.456 5.580 5.700 5.815 5.926 6.143 6.419 6.687 6.947 7.200 7.444 7.681 7.911 8.132 8.346 8.553 8.755 8.821 8.806 8.805 8.815 8.839 8.875 8.924 8.985 9.059 9.146 9.245 9.357 9.372 9.333 9.295 9.257 9.219 9.182 9.145 9.108 9.072 9.036 9.000 8.965 9.141 9.406 9.675 9.947 10.198 10.410 10.604 10.780 10.939 11.079 11.202 11.307 11.359 11.410 11.472 11.546 11.633 11.731 11.842 11.965 12.100 12.247 12.406 12.577 13.971 15.727 17.588 19.556 21.630
5.139 5.266 5.387 5.505 5.618 5.727 5.831 5.932 6.027 6.200 6.449 6.690 6.924 7.149 7.367 7.577 7.780 7.975 8.162 8.341 8.516 8.623 8.665 8.720 8.787 8.867 8.959 9.064 9.182 9.312 9.455 9.610 9.778 9.841 9.803 9.766 9.730 9.694 9.658 9.622 9.576 9.527 9.487 9.458 9.438 9.562 9.766 9.952 10.121 10.271 10.404 10.519 10.616 10.695 10.756 10.800 10.826 10.892 10.996 11.112 11.240 11.381 11.533 11.697 11.874 12.063 12.263 12.476 12.701 14.285 16.512 18.845 21.283 23.828
5.366 5.477 5.584 5.686 5.784 5.878 5.967 6.052 6.132 6.264 6.486 6.701 6.907 7.106 7.297 7.480 7.656 7.824 7.984 8.137 8.285 8.412 8.510 8.621 8.744 8.880 9.029 9.190 9.364 9.550 9.749 9.932 10.099 10.167 10.092 10.027 9.972 9.927 9.892 9.867 9.851 9.846 9.850 9.865 9.889 9.971 10.096 10.203 10.292 10.363 10.417 10.452 10.470 10.470 10.452 10.417 10.364 10.413 10.570 10.740 10.922 11.116 11.322 11.541 11.771 12.013 12.268 12.534 12.813 14.493 17.191 19.994 22.903 25.918
5.596 5.692 5.783 5.871 5.953 6.032 6.106 6.176 6.241 6.336 6.531 6.718 6.898 7.070 7.234 7.390 7.539 7.680 7.814 7.939 8.061 8.186 8.321 8.449 8.586 8.731 8.885 9.047 9.218 9.397 9.584 9.780 9.984 10.123 10.092 10.071 10.060 10.059 10.068 10.087 10.116 10.154 10.202 10.261 10.329 10.398 10.444 10.472 10.482 10.474 10.448 10.405 10.343 10.264 10.167 10.053 9.920 9.922 10.133 10.357 10.592 10.840 11.100 11.372 11.656 11.952 12.260 12.580 12.912 14.595 17.763 21.037 24.416 27.901
5.830 5.911 5.987 6.059 6.127 6.190 6.249 6.304 6.354 6.414 6.582 6.743 6.895 7.040 7.176 7.282 7.374 7.452 7.516 7.567 7.611 7.663 7.821 7.987 8.161 8.344 8.536 8.735 8.943 9.160 9.385 9.618 9.860 10.068 10.082 10.105 10.138 10.181 10.234 10.296 10.369 10.451 10.543 10.645 10.758 10.844 10.810 10.759 10.690 10.603 10.498 10.375 10.235 10.077 9.901 9.707 9.496 9.419 9.684 9.961 10.251 10.552 10.865 11.191 11.529 11.878 12.240 12.614 12.999 14.591 18.229 21.972 25.822 29.776
6.068 6.133 6.194 6.251 6.304 6.352 6.396 6.432 6.454 6.489 6.614 6.726 6.825 6.911 6.982 7.040 7.084 7.114 7.131 7.134 7.130 7.122 7.312 7.516 7.728 7.948 8.177 8.415 8.660 8.914 9.177 9.448 9.727 10.003 10.060 10.127 10.204 10.291 10.388 10.494 10.611 10.737 10.873 11.019 11.175 11.308 11.195 11.065 10.916 10.750 10.567 10.365 10.146 9.909 9.654 9.381 9.091 8.904 9.223 9.554 9.897 10.252 10.619 10.998 11.389 11.792 12.208 12.635 13.074 14.481 18.589 22.802 27.120 31.544
6.287 6.266 6.257 6.261 6.277 6.306 6.347 6.401 6.466 6.545 6.623 6.688 6.739 6.777 6.801 6.811 6.807 6.789 6.758 6.713 6.662 6.606 6.795 7.036 7.286 7.544 7.810 8.085 8.368 8.660 8.960 9.268 9.585 9.910 10.028 10.139 10.260 10.391 10.531 10.682 10.842 11.012 11.192 11.382 11.582 11.790 11.598 11.389 11.161 10.916 10.654 10.373 10.075 9.759 9.425 9.074 8.704 8.378 8.750 9.135 9.531 9.940 10.361 10.793 11.238 11.695 12.163 12.644 13.137 14.265 18.842 23.524 28.312 33.205
5.942 5.964 5.999 6.046 6.106 6.177 6.262 6.358 6.467 6.588 6.646 6.663 6.666 6.656 6.632 6.594 6.543 6.477 6.399 6.306 6.206 6.102 6.269 6.547 6.835 7.130 7.434 7.746 8.067 8.396 8.734 9.080 9.434 9.797 9.986 10.140 10.305 10.480 10.664 10.858 11.062 11.276 11.500 11.734 11.977 12.231 12.020 11.731 11.425 11.101 10.759 10.400 10.023 9.628 9.215 8.785 8.337 7.871 8.266 8.704 9.154 9.616 10.090 10.576 11.075 11.585 12.107 12.641 13.402 14.673 19.912 24.995 29.921 34.690
5.586 5.652 5.730 5.820 5.922 6.037 6.165 6.304 6.456 6.621 6.680 6.650 6.605 6.547 6.476 6.390 6.291 6.178 6.052 5.911 5.764 5.611 5.734 6.050 6.374 6.707 7.049 7.399 7.757 8.123 8.498 8.882 9.274 9.674 9.932 10.131 10.339 10.558 10.786 11.024 11.272 11.529 11.797 12.074 12.362 12.659 12.459 12.092 11.707 11.304 10.884 10.445 9.989 9.516 9.024 8.515 7.988 7.443 7.769 8.411 9.306 10.241 11.218 12.235 13.294 14.394 15.535 16.718 17.941 19.206 23.531 27.920 32.153 36.229
5.219 5.328 5.449 5.582 5.728 5.886 6.056 6.239 6.434 6.642 6.727 6.649 6.557 6.451 6.332 6.199 6.052 5.892 5.718 5.530 5.334 5.134 5.190 5.543 5.906 6.276 6.655 7.042 7.438 7.842 8.254 8.675 9.104 9.542 9.868 10.110 10.363 10.625 10.897 11.178 11.470 11.772 12.083 12.404 12.735 13.076 12.917 12.471 12.007 11.526 11.038 10.611 10.253 9.962 9.741 9.588 9.503 9.486 10.229 11.265 12.341 13.459 14.618 15.817 17.058 18.340 19.663 21.027 22.433 23.879 27.299 30.995 34.535 37.919
4.841 4.993 5.157 5.334 5.522 5.723 5.937 6.163 6.401 6.651 6.787 6.661 6.522 6.368 6.201 6.021 5.826 5.618 5.396 5.161 4.918 4.669 4.637 5.028 5.428 5.836 6.252 6.677 7.110 7.551 8.001 8.459 8.926 9.401 9.793 10.079 10.375 10.681 10.997 11.322 11.658 11.981 12.245 12.468 12.649 12.789 12.601 12.204 11.875 11.615 11.422 11.299 11.243 11.256 11.338 11.488 11.706 11.993 12.855 14.072 15.331 16.630 17.971 19.353 20.776 22.239 23.744 25.290 26.877 28.505 31.216 34.221 37.068 39.760
4.452 4.647 4.854 5.074 5.305 5.550 5.806 6.075 6.356 6.649 6.859 6.686 6.499 6.298 6.083 5.855 5.613 5.357 5.088 4.805 4.514 4.217 4.076 4.504 4.941 5.386 5.840 6.302 6.773 7.252 7.739 8.234 8.787 9.432 10.009 10.379 10.707 10.995 11.241 11.445 11.608 11.730 11.811 11.850 11.848 11.804 11.701 11.607 11.581 11.624 11.735 11.914 12.162 12.478 12.862 13.315 13.836 14.425 15.435 16.834 18.274 19.756 21.278 22.842 24.446 26.092 27.779 29.506 31.275 33.085 35.283 37.596 39.752 41.752
4.052 4.290 4.540 4.802 5.077 5.364 5.664 5.976 6.300 6.636 6.944 6.723 6.488 6.240 5.977 5.702 5.412 5.109 4.792 4.462 4.123 3.778 3.505 4.003 4.566 5.148 5.747 6.364 7.000 7.654 8.325 9.015 9.723 10.449 11.086 11.273 11.418 11.522 11.584 11.605 11.585 11.524 11.421 11.277 11.092 10.865 10.729 10.938 11.216 11.561 11.975 12.457 13.008 13.626 14.313 15.069 15.892 16.784 17.969 19.550 21.172 22.835 24.539 26.285 28.071 29.898 31.766 33.675 35.625 37.617 39.499 41.121 42.586 43.895
3.641 3.921 4.215 4.520 4.838 5.168 5.510 5.865 6.232 6.611 7.003 6.772 6.490 6.194 5.884 5.559 5.224 4.908 4.611 4.332 4.070 3.822 3.589 4.194 4.838 5.500 6.180 6.877 7.593 8.328 9.080 9.850 10.638 11.445 12.207 12.210 12.172 12.092 11.972 11.810 11.606 11.362 11.076 10.749 10.380 9.971 9.687 10.198 10.778 11.427 12.143 12.928 13.781 14.702 15.692 16.750 17.876 19.070 20.457 22.220 24.024 25.869 27.754 29.681 31.649 33.657 35.707 37.797 39.929 42.102 43.865 44.795 45.570 46.188
3.218 3.542 3.878 4.227 4.587 4.960 5.346 5.743 6.138 6.476 6.804 6.570 6.226 5.900 5.593 5.304 5.034 4.782 4.549 4.335 4.138 3.955 3.787 4.365 5.089 5.831 6.591 7.370 8.166 8.980 9.813 10.663 11.532 12.419 13.324 13.191 12.970 12.707 12.404 12.058 11.672 11.244 10.776 10.265 9.714 9.121 8.573 9.387 10.270 11.221 12.240 13.327 14.482 15.706 16.998 18.358 19.786 21.282 22.900 24.845 26.830 28.856 30.923 33.031 35.180 37.370 39.601 41.873 44.186 46.540 48.379 48.619 48.704 48.632
2.785 3.154 3.526 3.888 4.241 4.584 4.917 5.241 5.555 5.858 6.153 6.042 5.762 5.500 5.257 5.033 4.827 4.640 4.471 4.321 4.189 4.071 3.968 4.515 5.319 6.142 6.982 7.841 8.718 9.612 10.525 11.456 12.405 13.372 14.357 14.216 13.812 13.366 12.879 12.351 11.782 11.172 10.520 9.827 9.093 8.317 7.501 8.505 9.690 10.943 12.265 13.654 15.111 16.637 18.231 19.893 21.623 23.421 25.298 27.423 29.590 31.797 34.046 36.335 38.665 41.037 43.449 45.902 48.396 50.931 53.042 52.593 51.988 51.227
2.468 2.816 3.154 3.483 3.802 4.111 4.411 4.701 4.981 5.251 5.511 5.497 5.281 5.084 4.906 4.746 4.604 4.481 4.377 4.291 4.223 4.170 4.132 4.644 5.529 6.432 7.353 8.291 9.248 10.223 11.216 12.227 13.256 14.303 15.369 15.285 14.698 14.069 13.399 12.688 11.936 11.143 10.309 9.433 8.516 7.558 6.559 7.552 9.039 10.594 12.218 13.909 15.668 17.496 19.391 21.355 23.387 25.487 27.655 29.956 32.304 34.693 37.123 39.593 42.105 44.657 47.250 49.884 52.559 55.275 57.484 55.493 53.508 51.528
2.173 2.488 2.792 3.087 3.373 3.648 3.914 4.170 4.416 4.653 4.879 4.936 4.784 4.652 4.538 4.442 4.365 4.306 4.266 4.244 4.241 4.253 4.280 4.753 5.718 6.701 7.702 8.721 9.758 10.813 11.886 12.977 14.087 15.214 16.359 16.397 15.627 14.816 13.963 13.070 12.135 11.159 10.142 9.084 7.984 6.844 5.662 6.528 8.317 10.174 12.099 14.092 16.153 18.282 20.480 22.745 25.078 27.480 29.949 32.444 34.973 37.369 39.399 41.370 43.282 45.135 46.930 48.666 50.343 51.961 53.520 51.779 49.817 47.860
1.888 2.169 2.440 2.701 2.953 3.195 3.427 3.649 3.861 4.064 4.257 4.358 4.271 4.203 4.153 4.122 4.109 4.114 4.138 4.181 4.242 4.319 4.411 4.841 5.886 6.949 8.030 9.130 10.247 11.382 12.535 13.707 14.896 16.103 17.329 17.553 16.600 15.606 14.571 13.495 12.378 11.219 10.020 8.779 7.497 6.174 4.810 5.433 7.524 9.682 11.909 14.203 16.573 18.946 21.261 23.517 25.715 27.855 29.936 31.905 33.793 35.623 37.393 39.105 40.759 42.353 43.889 45.366 46.784 48.143 49.444 48.064 46.125 44.192
1.613 1.860 2.097 2.325 2.542 2.750 2.949 3.137 3.316 3.486 3.645 3.765 3.742 3.738 3.752 3.785 3.836 3.906 3.994 4.101 4.227 4.369 4.525 4.909 6.034 7.177 8.338 9.518 10.715 11.930 13.163 14.415 15.684 16.971 18.277 18.752 17.617 16.441 15.223 13.964 12.665 11.324 9.942 8.608 7.496 6.365 5.214 5.747 8.154 10.503 12.794 15.026 17.200 19.315 21.373 23.371 25.312 27.194 29.018 30.737 32.367 33.937 35.449 36.903 38.297 39.633 40.910 42.128 43.288 44.389 45.431 44.349 42.434 40.523
