DATA/SHG/ECMWF/20170628/EN-2/20170705.en-2.asc
ncols        190
nrows        64
xllcorner    -5100000.000000000000
yllcorner    4130000.000000000000
cellsize     10000.000000000000
NODATA_value  -99999.000
[rows 32 to 63 of 64, columns 0 to 72 of 190]
5.161 5.118 5.042 4.966 4.890 4.817 4.745 4.675 4.606 4.539 4.473 4.409 4.347 4.286 4.195 4.076 3.931 3.760 3.563 3.340 3.091 2.817 2.516 2.189 1.837 1.458 1.665 1.893 2.132 2.383 2.646 2.920 3.206 3.504 3.813 4.133 4.466 4.799 4.615 4.423 4.224 4.017 3.802 3.580 3.350 3.113 2.867 2.734 2.594 2.415 2.710 3.009 3.311 3.617 3.926 4.238 4.555 4.874 5.198 5.524 5.855 6.164 6.244 6.337 6.442 6.560 6.691 6.834 6.990 7.159 7.341 7.536 7.743
5.872 5.800 5.726 5.655 5.585 5.517 5.451 5.386 5.323 5.261 5.201 5.143 5.086 5.031 4.871 4.662 4.426 4.164 3.876 3.563 3.223 2.858 2.466 2.049 1.606 1.137 1.273 1.542 1.822 2.114 2.417 2.732 3.058 3.396 3.746 4.107 4.480 4.864 4.727 4.509 4.596 4.696 4.728 4.692 4.587 4.414 4.172 3.862 3.483 3.035 3.277 3.588 3.902 4.220 4.541 4.866 5.195 5.527 5.862 6.202 6.544 6.891 7.025 7.161 7.311 7.473 7.648 7.835 8.036 8.249 8.475 8.713 8.965
6.591 6.490 6.408 6.342 6.278 6.215 6.154 6.095 6.037 5.981 5.927 5.874 5.823 5.773 5.575 5.275 4.948 4.596 4.217 3.813 3.383 2.926 2.444 1.936 1.402 0.843 0.870 1.179 1.500 1.832 2.176 2.531 2.898 3.628 4.442 5.313 6.239 7.221 7.535 7.534 7.464 7.325 7.118 6.843 6.499 6.087 5.606 5.057 4.439 3.753 3.839 4.162 4.489 4.819 5.152 5.490 5.831 6.175 6.523 6.874 7.229 7.588 7.792 7.972 8.166 8.372 8.591 8.823 9.068 9.325 9.595 9.878 10.173
7.318 7.189 7.086 7.026 6.967 6.910 6.855 6.801 6.749 6.698 6.649 6.602 6.556 6.512 6.306 5.915 5.497 5.054 4.585 4.090 3.569 3.022 2.450 1.851 1.227 0.585 0.687 1.304 1.977 2.706 3.492 4.333 5.230 6.184 7.193 8.259 9.380 10.558 10.947 10.707 10.397 10.020 9.574 9.060 8.477 7.826 7.106 6.318 5.462 4.537 4.396 4.732 5.071 5.413 5.759 6.109 6.462 6.819 7.179 7.543 7.910 8.281 8.545 8.770 9.008 9.259 9.522 9.798 10.086 10.387 10.702 11.028 11.368
8.052 7.895 7.762 7.708 7.654 7.603 7.553 7.505 7.458 7.413 7.369 7.327 7.287 7.249 7.064 6.582 6.074 5.540 4.991 4.492 4.006 3.532 3.070 2.621 2.183 1.758 1.814 2.627 3.495 4.420 5.400 6.437 7.529 8.678 9.883 11.143 12.460 13.833 14.424 13.945 13.397 12.781 12.096 11.343 10.522 9.632 8.674 7.647 6.552 5.389 4.950 5.297 5.649 6.004 6.362 6.724 7.089 7.458 7.831 8.207 8.586 8.969 9.286 9.555 9.837 10.131 10.439 10.758 11.091 11.436 11.795 12.165 12.549
8.795 8.609 8.436 8.386 8.339 8.293 8.248 8.206 8.164 8.125 8.087 8.031 7.952 7.909 7.800 7.295 6.802 6.321 5.853 5.397 4.953 4.521 4.102 3.695 3.300 2.918 2.881 3.889 4.953 6.072 7.248 8.480 9.768 11.111 12.511 13.967 15.478 17.046 17.967 17.249 16.462 15.607 14.684 13.692 12.632 11.504 10.308 9.043 7.710 6.308 5.499 5.859 6.222 6.589 6.960 7.334 7.712 8.093 8.478 8.866 9.258 9.653 10.013 10.326 10.652 10.991 11.342 11.706 12.083 12.472 12.874 13.289 13.716
9.546 9.331 9.109 9.063 8.939 8.736 8.568 8.436 8.339 8.278 8.252 8.262 8.307 8.388 8.477 8.015 7.564 7.126 6.700 6.287 5.885 5.496 5.120 4.755 4.403 4.063 3.888 5.091 6.350 7.665 9.035 10.462 11.945 13.483 15.078 16.728 18.435 20.197 21.575 20.618 19.593 18.499 17.338 16.108 14.809 13.443 12.008 10.505 8.934 7.294 6.044 6.416 6.792 7.171 7.554 7.940 8.330 8.724 9.121 9.521 9.926 10.333 10.727 11.084 11.454 11.837 12.232 12.640 13.061 13.494 14.013 14.605 15.224
9.486 9.032 8.577 8.379 8.264 8.185 8.141 8.133 8.160 8.223 8.321 8.455 8.624 8.828 9.069 8.721 8.313 7.917 7.534 7.163 6.804 6.457 6.123 5.801 5.491 5.194 4.908 6.233 7.687 9.197 10.762 12.384 14.061 15.795 17.584 19.429 21.330 23.287 25.247 24.052 22.789 21.457 20.057 18.589 17.053 15.448 13.775 12.034 10.225 8.347 6.584 6.969 7.357 7.748 8.144 8.542 8.945 9.350 9.760 10.172 10.589 11.009 11.428 11.876 12.371 12.894 13.444 14.021 14.626 15.258 15.917 16.603 17.317
8.614 8.158 7.702 7.542 7.551 7.596 7.676 7.792 7.943 8.129 8.351 8.609 8.902 9.230 9.594 9.413 9.048 8.694 8.354 8.025 7.709 7.404 7.113 6.833 6.566 6.310 6.068 7.315 8.963 10.668 12.428 14.245 16.117 18.045 20.029 22.068 24.164 26.316 28.523 27.552 26.050 24.480 22.842 21.136 19.362 17.519 15.609 13.630 11.583 9.467 7.284 7.517 7.918 8.321 8.729 9.140 9.521 9.926 10.369 10.851 11.371 11.930 12.527 13.090 13.680 14.297 14.942 15.613 16.312 17.039 17.792 18.573 19.381
7.743 7.286 6.829 6.667 6.800 6.969 7.173 7.412 7.687 7.998 8.343 8.725 9.141 9.593 10.081 10.091 9.768 9.458 9.159 8.873 8.599 8.337 8.088 7.851 7.626 7.413 7.212 8.337 10.180 12.079 14.034 16.045 18.112 20.234 22.413 24.647 26.937 29.283 31.684 31.117 29.377 27.569 25.694 23.749 21.737 19.657 17.508 15.292 13.007 10.468 7.938 7.681 8.027 8.411 8.834 9.295 9.795 10.334 10.911 11.526 12.180 12.873 13.604 14.276 14.960 15.672 16.411 17.177 17.971 18.792 19.640 20.515 21.418
6.875 6.416 5.957 5.755 6.012 6.304 6.632 6.995 7.394 7.828 8.297 8.802 9.342 9.918 10.529 10.756 10.475 10.207 9.951 9.707 9.476 9.256 9.049 8.854 8.672 8.501 8.343 9.298 11.336 13.430 15.580 17.785 20.046 22.363 24.736 27.164 29.648 32.188 34.784 34.747 32.770 30.724 27.995 25.270 22.600 19.985 17.426 14.922 12.473 10.079 7.741 7.248 7.727 8.245 8.802 9.397 10.031 10.703 11.414 12.164 12.951 13.778 14.643 15.434 16.213 17.019 17.853 18.713 19.601 20.516 21.459 22.428 23.425
6.008 5.547 5.087 4.805 5.186 5.602 6.053 6.540 7.062 7.619 8.212 8.841 9.504 10.203 10.938 11.406 11.168 10.942 10.729 10.527 10.338 10.161 9.997 9.844 9.704 9.576 9.460 10.200 12.433 14.721 17.065 19.464 21.920 24.431 26.983 28.915 30.794 32.620 34.393 34.145 31.446 28.802 26.213 23.679 21.201 18.777 16.409 14.097 11.839 9.637 7.490 6.776 7.390 8.042 8.733 9.462 10.229 11.035 11.880 12.763 13.684 14.644 15.642 16.565 17.438 18.339 19.266 20.221 21.204 22.213 23.250 24.313 25.405
5.142 4.681 4.219 3.817 4.321 4.861 5.436 6.046 6.692 7.373 8.089 8.841 9.628 10.451 11.309 12.043 11.848 11.664 11.493 11.334 11.187 11.052 10.930 10.820 10.722 10.636 10.562 11.012 13.132 15.200 17.214 19.175 21.083 22.937 24.739 26.488 28.183 29.826 31.415 31.735 29.228 26.775 24.377 22.035 19.748 17.516 15.340 13.218 11.152 9.141 7.185 6.268 7.015 7.801 8.625 9.488 10.389 11.329 12.307 13.323 14.378 15.472 16.603 17.668 18.635 19.630 20.652 21.701 22.778 23.881 25.012 26.170 27.355
4.279 3.815 3.352 2.888 3.420 4.083 4.781 5.515 6.284 7.088 7.928 8.803 9.714 10.659 11.641 12.657 12.513 12.372 12.243 12.126 11.968 11.641 11.327 11.025 10.737 10.461 10.198 10.111 12.048 13.931 15.761 17.539 19.263 20.934 22.552 24.117 25.629 27.088 28.494 29.273 26.957 24.696 22.489 20.338 18.242 16.202 14.216 12.286 10.411 8.591 6.826 5.721 6.602 7.522 8.480 9.476 10.511 11.584 12.695 13.845 15.034 16.261 17.526 18.743 19.804 20.894 22.010 23.153 24.324 25.522 26.747 27.999 29.278
3.417 2.952 2.487 2.022 2.480 3.267 4.088 4.945 5.838 6.766 7.729 8.727 9.761 10.774 11.668 12.534 12.377 12.043 11.723 11.415 11.119 10.837 10.567 10.310 10.066 9.834 9.616 9.410 11.019 12.719 14.365 15.959 17.500 18.988 20.422 21.804 23.133 24.408 25.631 26.759 24.634 22.563 20.548 18.589 16.684 14.834 13.040 11.300 9.616 7.987 6.413 5.138 6.152 7.205 8.296 9.426 10.594 11.801 13.046 14.329 15.651 17.011 18.410 19.790 20.946 22.129 23.340 24.577 25.842 27.134 28.453 29.799 31.173
2.556 2.090 1.624 1.157 1.503 2.413 3.387 4.385 5.353 6.293 7.203 8.084 8.936 9.758 10.552 11.315 11.338 11.049 10.772 10.509 10.258 10.020 9.795 9.582 9.382 9.195 9.021 8.860 10.046 11.562 13.026 14.436 15.793 17.097 18.349 19.547 20.692 21.785 22.824 23.811 22.258 20.379 18.555 16.786 15.072 13.414 11.810 10.261 8.768 7.330 5.946 4.618 5.664 6.851 8.075 9.339 10.640 11.980 13.358 14.775 16.230 17.724 19.256 20.809 22.060 23.337 24.642 25.973 27.332 28.718 30.131 31.571 33.020
2.023 1.720 1.383 1.013 1.233 2.188 3.114 4.010 4.877 5.715 6.524 7.304 8.054 8.775 9.467 10.130 10.286 10.042 9.810 9.591 9.384 9.191 9.010 8.842 8.686 8.544 8.414 8.297 9.129 10.462 11.742 12.969 14.143 15.264 16.332 17.347 18.309 19.219 20.075 20.878 19.830 18.142 16.509 14.931 13.408 11.940 10.527 9.169 7.866 6.619 5.426 4.289 5.139 6.459 7.817 9.213 10.648 12.121 13.633 15.183 16.771 18.398 20.063 21.766 23.146 24.489 25.521 26.512 27.461 28.368 29.233 30.056 30.837
2.664 2.243 1.789 1.301 1.195 2.048 2.872 3.668 4.433 5.170 5.878 6.556 7.205 7.825 8.415 8.976 9.222 9.022 8.835 8.660 8.498 8.349 8.213 8.089 7.978 7.880 7.794 7.722 8.268 9.417 10.514 11.558 12.549 13.487 14.372 15.204 15.983 16.709 17.383 18.003 17.349 15.852 14.410 13.022 11.690 10.413 9.191 8.024 6.912 5.854 4.852 3.905 4.576 6.029 7.520 9.050 10.618 12.224 13.871 15.505 17.073 18.574 20.010 21.379 22.428 23.358 24.246 25.092 25.897 26.659 27.380 28.059 28.696
3.341 2.803 2.232 1.627 1.188 1.940 2.663 3.357 4.021 4.657 5.263 5.840 6.388 6.906 7.396 7.856 8.146 7.991 7.848 7.717 7.600 7.495 7.403 7.324 7.257 7.203 7.162 7.134 7.463 8.429 9.342 10.203 11.011 11.766 12.468 13.117 13.713 14.257 14.747 15.185 14.816 13.510 12.258 11.062 9.920 8.833 7.802 6.825 5.903 5.037 4.225 3.546 4.377 6.179 7.915 9.585 11.189 12.727 14.198 15.604 16.943 18.215 19.422 20.563 21.482 22.268 23.012 23.714 24.374 24.993 25.569 26.104 26.597
4.055 3.400 2.711 1.988 1.232 1.864 2.486 3.078 3.642 4.176 4.681 5.156 5.603 6.020 6.408 6.767 7.058 6.947 6.848 6.762 6.689 6.629 6.581 6.546 6.524 6.514 6.518 6.534 6.713 7.496 8.227 8.904 9.529 10.101 10.620 11.087 11.500 11.861 12.169 12.423 12.231 11.115 10.054 9.048 8.244 7.849 7.464 7.089 6.725 6.370 6.026 5.692 6.141 7.714 9.222 10.663 12.038 13.347 14.590 15.766 16.876 17.921 18.899 19.811 20.578 21.219 21.819 22.377 22.893 23.367 23.800 24.190 24.539
4.806 4.033 3.227 2.387 1.513 1.820 2.340 2.831 3.294 3.726 4.130 4.505 4.850 5.167 5.454 5.712 5.940 5.891 5.836 5.795 5.766 5.750 5.747 5.756 5.778 5.813 5.860 5.921 6.019 6.619 7.167 7.662 8.104 8.493 8.829 9.113 9.344 9.698 10.384 11.104 11.677 11.276 10.885 10.505 10.134 9.774 9.423 9.083 8.754 8.434 8.124 7.825 7.968 9.313 10.591 11.804 12.950 14.030 15.044 15.992 16.874 17.690 18.440 19.123 19.715 20.212 20.668 21.081 21.453 21.783 22.072 22.318 22.523
5.593 4.703 3.779 2.822 1.831 1.807 2.226 2.616 2.977 3.309 3.612 3.885 4.130 4.345 4.531 4.688 4.816 4.822 4.812 4.815 4.831 4.859 4.900 4.953 5.020 5.099 5.191 5.295 5.412 5.798 6.247 6.817 7.420 8.055 8.724 9.425 10.160 10.927 11.727 12.560 13.415 13.049 12.693 12.347 12.011 11.686 11.370 11.065 10.770 10.485 10.210 9.946 9.858 10.974 12.024 13.008 13.925 14.777 15.563 16.282 16.936 17.523 18.045 18.500 18.893 19.246 19.557 19.827 20.055 20.241 20.386 20.488 20.549
6.416 5.409 4.368 3.293 2.185 1.826 2.144 2.433 2.693 2.924 3.126 3.298 3.442 3.556 3.641 3.697 3.724 3.742 3.776 3.823 3.883 3.955 4.040 4.203 4.437 4.680 4.930 5.189 5.456 5.992 6.643 7.327 8.043 8.793 9.576 10.391 11.239 12.121 13.035 13.982 14.961 14.810 14.488 14.177 13.876 13.586 13.305 13.034 12.774 12.524 12.284 12.054 11.834 12.698 13.519 14.275 14.964 15.587 16.145 16.636 17.061 17.421 17.714 17.941 18.111 18.321 18.488 18.614 18.698 18.740 18.741 18.700 18.617
7.276 6.151 4.993 3.801 2.576 1.877 2.094 2.282 2.441 2.571 2.671 2.743 2.785 2.799 2.783 2.738 2.747 2.873 3.087 3.309 3.539 3.777 4.023 4.278 4.540 4.811 5.090 5.377 5.673 6.238 7.003 7.801 8.632 9.496 10.392 11.322 12.284 13.279 14.307 15.368 16.461 16.558 16.272 15.995 15.729 15.473 15.227 14.991 14.766 14.550 14.345 14.150 13.965 14.484 15.078 15.605 16.066 16.461 16.790 17.054 17.251 17.382 17.447 17.446 17.379 17.436 17.460 17.442 17.382 17.281 17.137 16.953 16.726
8.172 6.930 5.655 4.346 3.004 1.959 2.075 2.162 2.220 2.322 2.437 2.531 2.605 2.660 2.694 2.709 2.703 2.769 3.011 3.261 3.519 3.786 4.060 4.343 4.634 4.933 5.241 5.556 5.880 6.451 7.330 8.241 9.186 10.164 11.174 12.217 13.293 14.402 15.544 16.718 17.926 18.294 18.042 17.801 17.569 17.348 17.137 16.936 16.745 16.564 16.394 16.233 16.083 16.334 16.699 16.998 17.231 17.398 17.499 17.534 17.504 17.407 17.244 17.016 16.721 16.593 16.473 16.311 16.108 15.862 15.575 15.247 14.877
9.104 7.745 6.334 4.951 3.611 2.404 2.529 2.634 2.719 2.784 2.829 2.854 2.859 2.845 2.810 2.755 2.681 2.655 2.926 3.204 3.491 3.786 4.089 4.400 4.720 5.047 5.383 5.727 6.079 6.628 7.621 8.647 9.705 10.797 11.921 13.078 14.268 15.490 16.746 18.034 19.355 20.018 19.801 19.594 19.398 19.211 19.034 18.868 18.712 18.566 18.430 18.304 18.189 18.246 18.383 18.454 18.459 18.398 18.272 18.079 17.820 17.496 17.105 16.649 16.127 15.791 15.527 15.222 14.874 14.813 14.921 15.102 15.357
9.443 8.123 6.846 5.611 4.420 3.271 3.219 3.255 3.271 3.267 3.243 3.199 3.135 3.051 2.947 2.823 2.680 2.533 2.832 3.139 3.454 3.777 4.109 4.448 4.796 5.152 5.516 5.888 6.269 6.772 7.878 9.018 10.190 11.395 12.633 13.904 15.207 16.543 17.912 19.314 20.749 21.730 21.548 21.375 21.213 21.061 20.920 20.788 20.667 20.555 20.454 20.363 20.282 20.221 20.130 19.973 19.750 19.462 19.107 18.687 18.201 17.648 17.077 16.531 16.009 15.785 15.852 15.992 16.206 16.494 16.855 17.289 17.797
9.611 8.439 7.310 6.224 5.181 4.180 3.931 3.897 3.844 3.770 3.677 3.564 3.431 3.278 3.105 2.912 2.700 2.467 2.730 3.065 3.409 3.760 4.120 4.488 4.864 5.248 5.641 6.041 6.450 6.880 8.101 9.354 10.640 11.959 13.310 14.694 16.111 17.561 19.044 20.559 22.107 23.429 23.282 23.144 23.017 22.900 22.793 22.696 22.609 22.532 22.466 22.409 22.363 22.258 21.940 21.342 20.715 20.111 19.530 18.972 18.436 17.924 17.434 16.967 16.523 16.381 16.702 17.095 17.563 18.103 18.717 19.404 20.165
9.732 8.708 7.728 6.790 5.894 5.042 4.663 4.560 4.438 4.295 4.133 3.951 3.748 3.526 3.285 3.023 2.741 2.439 2.619 2.983 3.354 3.734 4.123 4.519 4.923 5.336 5.756 6.185 6.622 7.067 8.289 9.656 11.055 12.487 13.953 15.450 16.981 18.544 20.140 21.769 23.431 25.117 25.004 24.901 24.808 24.726 24.653 24.591 24.137 23.675 23.264 22.905 22.598 22.291 21.697 21.126 20.578 20.053 19.550 19.070 18.614 18.180 17.768 17.380 17.015 16.907 17.480 18.127 18.847 19.640 20.507 21.447 22.461
9.806 8.930 8.098 7.308 6.561 5.856 5.415 5.244 5.052 4.841 4.609 4.358 4.087 3.796 3.485 3.154 2.804 2.433 2.500 2.892 3.292 3.700 4.116 4.541 4.974 5.414 5.863 6.320 6.786 7.259 8.442 9.923 11.436 12.982 14.560 16.172 17.816 19.492 21.202 22.944 24.719 25.974 25.585 24.990 24.448 23.957 23.518 23.131 22.796 22.512 22.280 22.100 21.972 21.895 21.380 20.888 20.419 19.972 19.548 19.147 18.769 18.413 18.081 17.771 17.484 17.362 18.188 19.087 20.060 21.106 22.226 23.418 24.684
9.833 9.105 8.421 7.779 7.179 6.623 6.189 5.948 5.688 5.407 5.107 4.787 4.447 4.087 3.707 3.307 2.887 2.448 2.372 2.792 3.220 3.657 4.101 4.554 5.015 5.484 5.962 6.447 6.941 7.442 8.561 10.155 11.782 13.441 14.848 16.197 17.492 18.735 19.923 21.059 22.141 23.170 23.121 22.705 22.342 22.030 21.770 21.561 21.405 21.300 21.246 21.245 21.295 21.397 21.042 20.628 20.237 19.869 19.524 19.201 18.902 18.625 18.371 18.139 17.931 17.745 18.824 19.977 21.202 22.501 23.873 25.318 26.836
9.813 9.233 8.696 8.202 7.751 7.342 6.984 6.674 6.344 5.995 5.626 5.236 4.827 4.398 3.950 3.481 2.993 2.484 2.235 2.683 3.140 3.605 4.078 4.559 5.048 5.546 6.050 6.505 6.941 7.355 8.191 9.569 10.894 12.166 13.385 14.550 15.662 16.721 17.726 18.678 19.577 20.423 20.607 20.371 20.186 20.053 19.971 19.942 19.964 20.037 20.163 20.340 20.568 20.849 20.682 20.346 20.034 19.744 19.478 19.234 19.012 18.814 18.638 18.485 18.355 18.248 19.390 20.794 22.272 23.824 25.448 27.145 28.916
