DATA/SHG/ECMWF/20170628/EN-2/20170628.en-2.asc
ncols        190
nrows        64
xllcorner    -5100000.000000000000
yllcorner    4130000.000000000000
cellsize     10000.000000000000
NODATA_value  -99999.000
[rows 0 to 32 of 64, columns 0 to 73 of 190]
3.950 3.831 3.709 3.584 3.456 3.326 3.193 3.057 2.919 2.859 2.828 2.800 2.775 2.754 2.737 2.723 2.712 2.705 2.702 2.778 2.884 3.238 3.687 4.113 4.516 4.896 5.254 5.588 5.900 6.189 6.455 6.699 6.920 6.974 6.957 6.969 7.012 7.085 7.188 7.322 7.486 7.680 7.904 8.159 8.444 8.681 8.842 8.987 9.115 9.227 9.323 9.402 9.465 9.511 9.540 9.554 9.551 9.328 8.857 8.382 7.904 7.423 6.938 6.450 5.959 5.464 4.966 4.464 3.959 3.626 3.584 3.555 3.541 3.539
3.354 3.225 3.094 2.959 2.822 2.683 2.540 2.395 2.247 2.175 2.157 2.141 2.223 2.313 2.407 2.506 2.610 2.718 2.831 2.949 3.071 3.337 3.705 4.050 4.373 4.673 4.950 5.205 5.436 5.645 5.831 5.995 6.135 6.232 6.321 6.440 6.590 6.770 6.980 7.220 7.491 7.792 8.123 8.485 8.876 9.174 9.278 9.365 9.435 9.489 9.527 9.548 9.553 9.541 9.513 9.468 9.407 9.202 8.719 8.233 7.743 7.249 6.753 6.253 5.749 5.242 4.732 4.218 3.701 3.310 3.315 3.335 3.367 3.413
2.762 2.624 2.483 2.339 2.211 2.155 2.097 2.037 1.976 1.983 2.075 2.172 2.273 2.380 2.490 2.606 2.726 2.851 2.980 3.115 3.253 3.459 3.747 4.012 4.254 4.474 4.671 4.845 4.997 5.126 5.232 5.315 5.375 5.460 5.656 5.882 6.138 6.425 6.741 7.088 7.466 7.873 8.311 8.779 9.277 9.683 9.729 9.758 9.770 9.767 9.746 9.710 9.657 9.587 9.501 9.399 9.280 9.080 8.585 8.087 7.585 7.079 6.571 6.059 5.543 5.024 4.502 3.976 3.538 3.193 3.320 3.437 3.542 3.636
2.484 2.429 2.372 2.313 2.253 2.191 2.127 2.061 1.994 1.978 2.087 2.200 2.318 2.441 2.568 2.700 2.837 2.978 3.124 3.275 3.430 3.605 3.812 3.997 4.160 4.299 4.416 4.510 4.582 4.630 4.656 4.660 4.640 4.657 4.960 5.293 5.656 6.049 6.472 6.926 7.410 7.924 8.468 9.042 9.647 10.208 10.196 10.167 10.122 10.060 9.982 9.888 9.777 9.650 9.506 9.346 9.170 8.962 8.455 7.944 7.429 6.911 6.417 5.949 5.505 5.086 4.692 4.323 3.978 3.659 3.741 3.819 3.886 3.942
2.553 2.491 2.428 2.363 2.297 2.228 2.158 2.087 2.013 1.969 2.094 2.224 2.358 2.498 2.641 2.790 2.943 3.101 3.263 3.430 3.602 3.774 3.902 4.007 4.089 4.149 4.185 4.200 4.191 4.160 4.105 4.029 3.929 3.825 4.234 4.674 5.143 5.643 6.173 6.733 7.323 7.943 8.594 9.274 9.985 10.726 10.678 10.592 10.489 10.370 10.234 10.082 9.913 9.701 9.401 9.113 8.835 8.569 8.086 7.605 7.149 6.717 6.311 5.929 5.573 5.241 4.934 4.651 4.394 4.161 4.171 4.211 4.240 4.257
2.623 2.555 2.486 2.415 2.342 2.268 2.192 2.114 2.034 1.954 2.096 2.242 2.393 2.549 2.709 2.874 3.043 3.218 3.396 3.580 3.768 3.961 4.015 4.040 4.042 4.022 3.979 3.913 3.824 3.713 3.579 3.422 3.243 3.041 3.479 4.024 4.600 5.206 5.842 6.509 7.205 7.932 8.689 9.476 10.293 11.140 11.091 10.753 10.426 10.109 9.804 9.510 9.227 8.955 8.695 8.445 8.207 7.979 7.607 7.213 6.844 6.500 6.181 5.886 5.616 5.371 5.151 4.956 4.785 4.640 4.611 4.612 4.603 4.583
2.695 2.621 2.546 2.469 2.390 2.310 2.227 2.143 2.057 1.970 2.093 2.256 2.423 2.595 2.772 2.953 3.139 3.329 3.525 3.724 3.929 4.138 4.152 4.097 4.019 3.919 3.796 3.650 3.482 3.291 3.077 2.840 2.581 2.300 2.693 3.345 4.027 4.739 5.482 6.259 7.012 7.721 8.387 9.009 9.587 10.121 10.062 9.763 9.475 9.198 8.932 8.677 8.433 8.200 7.978 7.768 7.568 7.380 7.105 6.799 6.517 6.259 6.027 5.819 5.636 5.478 5.345 5.237 5.153 5.094 5.060 5.024 4.976 4.918
2.769 2.689 2.608 2.525 2.440 2.353 2.264 2.174 2.082 1.989 2.085 2.264 2.448 2.636 2.829 3.027 3.229 3.436 3.648 3.864 4.085 4.310 4.313 4.178 4.020 3.840 3.637 3.412 3.163 2.893 2.599 2.283 2.082 1.950 2.421 3.239 4.013 4.743 5.430 6.073 6.673 7.229 7.741 8.210 8.635 9.016 9.024 8.764 8.514 8.276 8.049 7.833 7.629 7.435 7.252 7.080 6.920 6.770 6.580 6.361 6.165 5.995 5.849 5.729 5.633 5.561 5.515 5.493 5.496 5.524 5.519 5.445 5.359 5.262
2.845 2.759 2.671 2.582 2.491 2.398 2.304 2.207 2.109 2.010 2.071 2.267 2.467 2.672 2.881 3.095 3.314 3.538 3.766 3.998 4.235 4.477 4.497 4.283 4.045 3.785 3.551 3.347 3.171 3.025 2.907 2.819 2.759 2.729 3.045 3.710 4.331 4.908 5.442 5.932 6.378 6.781 7.141 7.456 7.728 7.957 7.976 7.755 7.545 7.345 7.157 6.980 6.815 6.660 6.516 6.383 6.262 6.151 6.032 5.899 5.791 5.707 5.648 5.614 5.605 5.621 5.661 5.726 5.815 5.930 5.988 5.875 5.751 5.617
2.923 2.831 2.737 2.641 2.544 2.445 2.345 2.242 2.138 2.032 2.053 2.265 2.482 2.703 2.929 3.159 3.394 3.626 3.801 3.969 4.128 4.280 4.287 4.068 3.879 3.718 3.587 3.484 3.411 3.366 3.350 3.364 3.406 3.477 3.714 4.225 4.693 5.117 5.498 5.835 6.128 6.378 6.585 6.748 6.867 6.943 6.918 6.736 6.565 6.405 6.256 6.118 5.991 5.875 5.770 5.677 5.594 5.522 5.460 5.414 5.393 5.396 5.424 5.476 5.554 5.656 5.783 5.934 6.111 6.312 6.467 6.316 6.154 5.981
3.002 2.904 2.804 2.703 2.599 2.494 2.387 2.279 2.169 2.057 2.024 2.227 2.422 2.609 2.789 2.960 3.123 3.279 3.426 3.566 3.698 3.822 3.885 3.768 3.681 3.622 3.592 3.592 3.620 3.677 3.763 3.878 4.022 4.194 4.426 4.784 5.099 5.370 5.598 5.782 5.923 6.020 6.073 6.084 6.050 5.973 5.851 5.708 5.576 5.455 5.345 5.246 5.158 5.081 5.015 4.960 4.916 4.883 4.866 4.906 4.971 5.061 5.176 5.315 5.479 5.668 5.881 6.119 6.382 6.669 6.955 6.765 6.565 6.355
3.084 2.979 2.873 2.753 2.622 2.492 2.362 2.233 2.104 1.976 1.880 2.055 2.223 2.382 2.533 2.677 2.813 2.940 3.060 3.172 3.276 3.372 3.453 3.438 3.452 3.495 3.567 3.668 3.798 3.957 4.145 4.361 4.607 4.881 5.181 5.387 5.549 5.667 5.742 5.773 5.761 5.706 5.607 5.464 5.278 5.049 4.776 4.671 4.577 4.495 4.424 4.364 4.315 4.277 4.249 4.233 4.228 4.235 4.252 4.375 4.527 4.703 4.904 5.130 5.380 5.656 5.955 6.296 6.665 7.045 7.438 7.285 7.080 6.872
3.039 2.908 2.778 2.649 2.520 2.391 2.263 2.136 2.009 1.883 1.757 1.892 2.032 2.163 2.287 2.403 2.511 2.611 2.703 2.787 2.864 2.932 2.993 3.078 3.194 3.339 3.512 3.715 3.946 4.207 4.496 4.814 5.161 5.536 5.941 6.033 6.042 6.008 5.930 5.809 5.644 5.436 5.185 4.890 4.552 4.170 3.745 3.624 3.569 3.526 3.494 3.472 3.462 3.463 3.474 3.497 3.531 3.576 3.632 3.820 4.110 4.435 4.772 5.122 5.484 5.859 6.245 6.644 7.056 7.479 7.915 7.841 7.624 7.404
2.928 2.799 2.671 2.544 2.417 2.290 2.164 2.039 1.914 1.790 1.666 1.738 1.850 1.953 2.049 2.138 2.218 2.290 2.355 2.411 2.460 2.501 2.533 2.688 2.906 3.152 3.427 3.731 4.064 4.426 4.817 5.236 5.684 6.161 6.667 6.723 6.579 6.393 6.162 5.889 5.572 5.211 4.807 4.360 3.870 3.335 2.758 2.567 2.552 2.547 2.553 2.571 2.600 2.748 2.911 3.069 3.221 3.367 3.508 3.788 4.144 4.512 4.893 5.286 5.691 6.108 6.538 6.980 7.434 7.901 8.380 8.400 8.171 7.939
2.817 2.690 2.564 2.438 2.313 2.189 2.065 1.941 1.819 1.696 1.575 1.592 1.676 1.752 1.821 1.881 1.934 1.978 2.015 2.044 2.065 2.078 2.083 2.269 2.588 2.935 3.312 3.717 4.152 4.615 5.107 5.628 6.177 6.755 7.363 7.456 7.160 6.821 6.439 6.013 5.543 5.030 4.474 3.875 3.232 2.546 1.986 1.858 2.036 2.208 2.374 2.535 2.690 2.839 2.982 3.120 3.253 3.379 3.500 3.767 4.166 4.577 5.001 5.437 5.885 6.345 6.818 7.303 7.801 8.310 8.832 8.962 8.721 8.476
2.705 2.580 2.456 2.332 2.209 2.087 1.965 1.843 1.723 1.602 1.483 1.455 1.511 1.560 1.601 1.633 1.658 1.675 1.684 1.686 1.679 1.665 1.642 1.819 2.240 2.689 3.167 3.673 4.209 4.773 5.367 5.989 6.639 7.319 8.027 8.233 7.785 7.293 6.746 6.117 5.508 4.919 4.349 3.800 3.271 2.761 2.272 2.074 2.232 2.384 2.530 2.671 2.806 2.936 3.059 3.178 3.290 3.397 3.498 3.734 4.176 4.630 5.097 5.576 6.067 6.571 7.086 7.614 8.155 8.707 9.272 9.526 9.272 9.015
2.593 2.470 2.348 2.226 2.105 1.984 1.864 1.745 1.626 1.508 1.390 1.327 1.355 1.376 1.389 1.394 1.392 1.381 1.363 1.336 1.302 1.260 1.210 1.340 1.862 2.412 2.991 3.599 4.236 4.902 5.596 6.284 6.891 7.484 8.062 8.252 7.633 7.034 6.455 5.895 5.356 4.836 4.337 3.857 3.397 2.957 2.537 2.295 2.433 2.565 2.692 2.813 2.928 3.038 3.142 3.240 3.333 3.420 3.502 3.688 4.174 4.671 5.181 5.703 6.237 6.783 7.342 7.913 8.496 9.092 9.700 10.093 9.827 9.558
2.480 2.359 2.239 2.119 2.000 1.882 1.764 1.646 1.529 1.413 1.297 1.207 1.208 1.201 1.187 1.164 1.134 1.096 1.050 0.996 0.934 0.864 0.787 0.831 1.471 2.129 2.772 3.401 4.015 4.615 5.201 5.772 6.329 6.872 7.401 7.732 7.183 6.653 6.144 5.654 5.184 4.734 4.304 3.894 3.504 3.133 2.783 2.521 2.639 2.752 2.858 2.960 3.055 3.145 3.230 3.308 3.381 3.449 3.510 3.631 4.160 4.700 5.253 5.818 6.395 6.984 7.586 8.200 8.826 9.464 10.115 10.662 10.384 10.102
2.367 2.248 2.130 2.012 1.895 1.778 1.662 1.547 1.432 1.318 1.204 1.096 1.069 1.035 0.993 0.943 0.885 0.842 0.811 0.782 0.754 0.727 0.702 0.704 1.326 1.933 2.526 3.105 3.669 4.219 4.755 5.276 5.784 6.276 6.755 7.193 6.713 6.253 5.813 5.393 4.993 4.612 4.252 3.911 3.590 3.289 3.008 2.752 2.851 2.943 3.031 3.112 3.188 3.258 3.323 3.382 3.435 3.483 3.525 3.562 4.133 4.717 5.312 5.920 6.540 7.173 7.817 8.474 9.143 9.824 10.518 11.224 10.943 10.650
2.253 2.136 2.020 1.904 1.789 1.675 1.561 1.447 1.334 1.222 1.116 1.013 0.972 0.939 0.908 0.878 0.850 0.822 0.797 0.772 0.749 0.727 0.707 0.688 1.195 1.753 2.296 2.824 3.339 3.839 4.324 4.796 5.253 5.696 6.124 6.538 6.224 5.834 5.463 5.112 4.782 4.471 4.180 3.908 3.657 3.425 3.214 3.022 3.068 3.141 3.208 3.270 3.326 3.376 3.421 3.461 3.494 3.522 3.544 3.561 4.095 4.722 5.360 6.011 6.674 7.349 8.036 8.736 9.448 10.172 10.908 11.657 11.505 11.200
2.139 2.024 1.910 1.799 1.691 1.583 1.478 1.374 1.271 1.170 1.071 0.973 0.928 0.900 0.873 0.848 0.824 0.802 0.781 0.761 0.743 0.726 0.710 0.696 1.080 1.587 2.080 2.559 3.023 3.473 3.909 4.331 4.738 5.131 5.509 5.873 5.715 5.394 5.093 4.812 4.551 4.309 4.087 3.885 3.703 3.541 3.399 3.276 3.290 3.343 3.391 3.433 3.469 3.500 3.525 3.545 3.559 3.567 3.570 3.567 4.045 4.715 5.396 6.089 6.795 7.513 8.244 8.936 9.540 10.128 10.699 11.254 11.147 10.838
2.033 1.925 1.818 1.713 1.610 1.508 1.408 1.310 1.213 1.118 1.024 0.933 0.882 0.859 0.837 0.816 0.797 0.780 0.763 0.748 0.735 0.723 0.712 0.702 0.980 1.437 1.880 2.309 2.723 3.123 3.509 3.881 4.238 4.581 4.910 5.224 5.187 4.935 4.704 4.492 4.300 4.128 3.975 3.843 3.730 3.637 3.564 3.511 3.517 3.551 3.579 3.601 3.618 3.629 3.635 3.634 3.629 3.617 3.600 3.578 3.969 4.631 5.277 5.906 6.519 7.116 7.696 8.259 8.806 9.337 9.852 10.350 10.450 10.327
1.928 1.825 1.725 1.625 1.528 1.432 1.337 1.245 1.154 1.064 0.976 0.890 0.835 0.816 0.799 0.784 0.769 0.756 0.745 0.734 0.726 0.718 0.712 0.707 0.894 1.301 1.695 2.073 2.438 2.788 3.124 3.446 3.753 4.047 4.325 4.590 4.639 4.457 4.295 4.152 4.030 3.927 3.844 3.780 3.737 3.713 3.709 3.725 3.750 3.764 3.772 3.775 3.772 3.735 3.681 3.630 3.581 3.534 3.490 3.448 3.708 4.313 4.902 5.474 6.030 6.570 7.093 7.599 8.090 8.563 9.021 9.462 9.704 9.766
1.821 1.724 1.629 1.536 1.444 1.354 1.265 1.178 1.092 1.009 0.926 0.846 0.786 0.772 0.760 0.749 0.740 0.731 0.725 0.719 0.715 0.712 0.711 0.711 0.824 1.181 1.524 1.853 2.168 2.468 2.755 3.026 3.284 3.528 3.757 3.971 4.072 3.959 3.866 3.793 3.740 3.706 3.692 3.698 3.724 3.769 3.797 3.814 3.806 3.749 3.694 3.641 3.591 3.543 3.498 3.455 3.414 3.376 3.340 3.306 3.464 4.012 4.543 5.059 5.557 6.040 6.506 6.956 7.389 7.806 8.207 8.591 8.910 9.156
1.713 1.622 1.533 1.445 1.358 1.274 1.191 1.109 1.030 0.951 0.875 0.800 0.736 0.727 0.720 0.713 0.709 0.705 0.703 0.702 0.703 0.705 0.708 0.713 0.768 1.076 1.369 1.648 1.913 2.164 2.400 2.622 2.830 3.024 3.203 3.368 3.486 3.442 3.418 3.439 3.462 3.483 3.502 3.520 3.536 3.550 3.562 3.573 3.571 3.522 3.476 3.431 3.390 3.350 3.313 3.278 3.245 3.215 3.187 3.162 3.235 3.726 4.201 4.659 5.101 5.527 5.936 6.329 6.705 7.065 7.409 7.736 8.066 8.497
1.603 1.518 1.434 1.352 1.271 1.192 1.115 1.039 0.965 0.892 0.822 0.752 0.685 0.680 0.678 0.676 0.676 0.677 0.680 0.684 0.690 0.696 0.704 0.714 0.727 0.985 1.229 1.458 1.673 1.874 2.061 2.236 2.507 2.737 2.928 3.079 3.188 3.210 3.230 3.249 3.266 3.281 3.294 3.306 3.315 3.323 3.329 3.334 3.335 3.294 3.256 3.220 3.186 3.154 3.125 3.099 3.074 3.052 3.033 3.015 3.022 3.456 3.874 4.276 4.661 5.029 5.382 5.718 6.037 6.341 6.628 6.898 7.173 7.789
1.491 1.412 1.334 1.258 1.183 1.109 1.038 0.967 0.899 0.832 0.767 0.703 0.641 0.632 0.634 0.638 0.642 0.648 0.656 0.665 0.675 0.686 0.699 0.713 0.764 1.148 1.519 1.850 2.141 2.392 2.603 2.773 2.904 2.995 3.045 3.056 3.027 3.035 3.049 3.061 3.072 3.081 3.088 3.093 3.097 3.099 3.099 3.097 3.093 3.064 3.033 3.006 2.980 2.957 2.936 2.918 2.901 2.888 2.876 2.867 2.860 3.203 3.564 3.908 4.237 4.549 4.844 5.123 5.386 5.633 5.863 6.077 6.274 7.032
1.389 1.305 1.233 1.162 1.092 1.025 0.958 0.894 0.831 0.770 0.710 0.652 0.596 0.583 0.590 0.598 0.607 0.675 0.874 1.084 1.305 1.537 1.780 2.034 2.300 2.567 2.797 2.988 3.139 3.250 3.320 3.351 3.342 3.293 3.204 3.075 2.905 2.861 2.869 2.876 2.880 2.883 2.884 2.883 2.880 2.876 2.870 2.862 2.852 2.831 2.809 2.790 2.772 2.757 2.745 2.734 2.726 2.721 2.717 2.716 2.718 2.965 3.270 3.557 3.829 4.084 4.323 4.545 4.751 4.941 5.114 5.271 5.412 6.226
1.296 1.196 1.129 1.064 1.000 0.938 0.878 0.819 0.762 0.706 0.737 0.851 0.949 1.088 1.282 1.486 1.702 1.928 2.166 2.414 2.674 2.944 3.225 3.518 3.821 4.025 4.115 4.166 4.177 4.148 4.079 3.970 3.821 3.632 3.403 3.134 2.825 2.690 2.692 2.692 2.690 2.687 2.682 2.675 2.666 2.655 2.643 2.629 2.613 2.597 2.583 2.572 2.562 2.556 2.551 2.549 2.549 2.552 2.557 2.564 2.573 2.744 2.991 3.222 3.437 3.635 3.817 3.983 4.133 4.266 4.382 4.483 4.567 5.371
1.213 1.086 1.024 1.121 1.296 1.455 1.595 1.718 1.824 1.913 1.983 2.037 2.073 2.175 2.407 2.650 2.904 3.168 3.444 3.731 4.029 4.337 4.657 4.988 5.330 5.523 5.473 5.384 5.255 5.086 4.877 4.629 4.340 4.011 3.643 3.234 2.786 2.521 2.517 2.511 2.503 2.493 2.482 2.469 2.454 2.437 2.419 2.398 2.376 2.361 2.355 2.352 2.351 2.352 2.356 2.362 2.370 2.381 2.394 2.409 2.427 2.539 2.729 2.903 3.061 3.203 3.328 3.438 3.546 3.671 3.793 3.910 4.023 4.710
2.413 2.534 2.683 2.814 2.928 3.025 3.105 3.166 3.211 3.238 3.247 3.239 3.214 3.249 3.519 3.800 4.092 4.395 4.709 5.034 5.370 5.717 6.075 6.444 6.824 7.060 6.871 6.642 6.374 6.065 5.716 5.328 4.900 4.432 3.923 3.375 2.787 2.354 2.343 2.331 2.317 2.301 2.284 2.265 2.243 2.221 2.196 2.170 2.141 2.122 2.125 2.130 2.137 2.146 2.158 2.172 2.189 2.208 2.229 2.253 2.278 2.347 2.487 2.622 2.754 2.881 3.005 3.124 3.240 3.351 3.459 3.563 3.662 4.149
4.239 4.367 4.454 4.524 4.577 4.613 4.631 4.631 4.614 4.580 4.528 4.459 4.373 4.309 4.617 4.937 5.267 5.608 5.961 6.324 6.698 7.084 7.480 7.887 8.305 8.638 8.309 7.941 7.532 7.084 6.596 6.068 5.500 4.892 4.245 3.557 2.830 2.189 2.172 2.154 2.134 2.112 2.088 2.063 2.035 2.006 1.976 1.943 1.909 1.882 1.892 1.906 1.921 1.939 1.988 2.047 2.092 2.123 2.139 2.142 2.131 2.142 2.267 2.389 2.507 2.620 2.730 2.836 2.938 3.036 3.130 3.219 3.305 3.619
6.056 6.206 6.243 6.252 6.243 6.217 6.174 6.113 6.035 5.940 5.827 5.696 5.548 5.383 5.703 6.060 6.429 6.808 7.199 7.600 8.013 8.436 8.871 9.316 9.773 10.240 9.787 9.279 8.731 8.143 7.516 6.848 6.141 5.394 4.607 3.780 2.914 2.026 2.003 1.978 1.952 1.924 1.894 1.863 1.829 1.794 1.757 1.807 1.864 1.886 1.967 2.033 2.085 2.123 2.148 2.158 2.153 2.135 2.103 2.057 1.996 1.940 2.052 2.160 2.264 2.364 2.460 2.552 2.640 2.724 2.804 2.880 2.953 3.122
