DATA/SHG/ECMWF/20170628/EN-2/20170708.en-2.asc
ncols        190
nrows        64
xllcorner    -5100000.000000000000
yllcorner    4130000.000000000000
cellsize     10000.000000000000
NODATA_value  -99999.000
[rows 0 to 31 of 64, columns 72 to 143 of 190]
0.000 0.000 0.000 0.000 0.000 0.000 0.000 0.000 0.000 0.001 0.003 0.006 0.008 0.010 0.012 0.015 0.017 0.018 0.020 0.022 0.024 0.025 0.024 0.023 0.022 0.021 0.021 0.021 0.021 0.022 0.022 0.023 0.024 0.038 0.093 0.151 0.212 0.276 0.343 0.413 0.486 0.561 0.640 0.722 0.806 0.867 0.847 0.826 0.802 0.777 0.749 0.720 0.689 0.656 0.621 0.584 0.545 0.535 0.616 0.698 0.783 0.871 0.961 1.053 1.147 1.244 1.343 1.445 1.549 1.634 1.664 1.695
0.000 0.000 0.000 0.000 0.001 0.001 0.001 0.001 0.000 0.000 0.003 0.005 0.007 0.009 0.011 0.012 0.014 0.016 0.017 0.019 0.020 0.021 0.021 0.021 0.022 0.022 0.023 0.024 0.025 0.026 0.028 0.030 0.032 0.042 0.110 0.181 0.255 0.332 0.413 0.496 0.581 0.670 0.762 0.857 0.954 1.039 1.010 0.980 0.948 0.914 0.878 0.841 0.801 0.760 0.716 0.671 0.624 0.594 0.685 0.778 0.874 0.972 1.072 1.175 1.280 1.387 1.497 1.609 1.723 1.827 1.861 1.896
0.004 0.004 0.004 0.004 0.004 0.004 0.003 0.002 0.001 0.000 0.002 0.004 0.006 0.007 0.009 0.010 0.012 0.013 0.015 0.016 0.017 0.018 0.019 0.020 0.021 0.023 0.024 0.026 0.029 0.031 0.034 0.036 0.039 0.043 0.124 0.208 0.295 0.386 0.479 0.575 0.674 0.776 0.881 0.989 1.099 1.212 1.175 1.137 1.096 1.054 1.009 0.963 0.915 0.865 0.814 0.760 0.704 0.651 0.752 0.856 0.962 1.070 1.181 1.294 1.409 1.527 1.647 1.769 1.894 2.041 2.130 2.219
0.010 0.009 0.009 0.008 0.007 0.006 0.005 0.004 0.002 0.000 0.002 0.003 0.005 0.006 0.007 0.009 0.010 0.011 0.012 0.013 0.014 0.014 0.016 0.018 0.020 0.023 0.026 0.029 0.032 0.035 0.039 0.043 0.047 0.051 0.134 0.231 0.332 0.435 0.542 0.651 0.763 0.878 0.996 1.117 1.241 1.368 1.342 1.295 1.246 1.195 1.142 1.088 1.031 0.973 0.913 0.851 0.787 0.721 0.817 0.931 1.053 1.189 1.337 1.494 1.663 1.843 2.033 2.234 2.446 2.668 2.772 2.867
0.016 0.015 0.014 0.012 0.011 0.009 0.007 0.005 0.003 0.001 0.001 0.002 0.004 0.005 0.006 0.007 0.008 0.008 0.009 0.010 0.010 0.011 0.013 0.016 0.019 0.023 0.027 0.031 0.035 0.039 0.044 0.048 0.053 0.059 0.141 0.252 0.365 0.482 0.601 0.724 0.849 0.977 1.108 1.242 1.379 1.519 1.510 1.454 1.397 1.338 1.277 1.207 1.132 1.059 0.988 0.919 0.852 0.787 0.896 1.059 1.232 1.417 1.612 1.818 2.034 2.262 2.500 2.749 3.009 3.279 3.411 3.513
0.022 0.020 0.019 0.017 0.015 0.012 0.010 0.007 0.004 0.001 0.001 0.002 0.003 0.004 0.004 0.005 0.006 0.006 0.007 0.007 0.007 0.007 0.010 0.014 0.018 0.023 0.027 0.032 0.037 0.043 0.048 0.054 0.060 0.066 0.145 0.269 0.395 0.525 0.658 0.793 0.931 1.073 1.209 1.337 1.463 1.585 1.576 1.500 1.426 1.354 1.284 1.216 1.149 1.085 1.023 0.962 0.904 0.847 0.967 1.178 1.400 1.632 1.875 2.129 2.394 2.670 2.956 3.253 3.560 3.879 4.049 4.156
0.028 0.026 0.024 0.021 0.018 0.015 0.012 0.009 0.005 0.002 0.000 0.001 0.002 0.002 0.003 0.003 0.004 0.004 0.004 0.004 0.004 0.004 0.006 0.011 0.017 0.022 0.028 0.034 0.040 0.046 0.053 0.059 0.066 0.082 0.163 0.303 0.439 0.573 0.703 0.830 0.954 1.075 1.193 1.307 1.419 1.527 1.540 1.472 1.407 1.344 1.282 1.223 1.165 1.109 1.056 1.004 0.954 0.906 1.028 1.287 1.556 1.837 2.128 2.430 2.742 3.066 3.400 3.745 4.100 4.467 4.684 4.797
0.035 0.032 0.029 0.026 0.022 0.019 0.015 0.011 0.007 0.003 0.000 0.001 0.001 0.001 0.002 0.002 0.002 0.002 0.002 0.001 0.001 0.001 0.003 0.009 0.021 0.037 0.054 0.071 0.090 0.109 0.130 0.151 0.174 0.197 0.261 0.387 0.510 0.629 0.745 0.859 0.969 1.076 1.180 1.281 1.378 1.473 1.501 1.443 1.386 1.331 1.278 1.227 1.178 1.131 1.086 1.043 1.002 0.962 1.077 1.384 1.701 2.030 2.369 2.719 3.079 3.450 3.832 4.225 4.629 5.043 5.317 5.436
0.042 0.038 0.035 0.031 0.027 0.022 0.018 0.013 0.009 0.004 0.000 0.000 0.000 0.000 0.000 0.000 0.001 0.008 0.016 0.025 0.036 0.047 0.060 0.078 0.097 0.117 0.138 0.160 0.183 0.207 0.232 0.257 0.284 0.312 0.363 0.475 0.583 0.689 0.791 0.891 0.987 1.080 1.170 1.257 1.341 1.422 1.461 1.411 1.363 1.317 1.273 1.230 1.190 1.151 1.115 1.080 1.047 1.017 1.115 1.470 1.835 2.211 2.598 2.996 3.404 3.824 4.253 4.694 5.145 5.607 5.948 6.072
0.049 0.044 0.040 0.036 0.031 0.026 0.021 0.016 0.010 0.006 0.004 0.008 0.013 0.019 0.027 0.035 0.045 0.056 0.068 0.081 0.095 0.110 0.126 0.149 0.172 0.196 0.221 0.248 0.275 0.303 0.332 0.362 0.393 0.425 0.467 0.565 0.660 0.752 0.841 0.926 1.009 1.088 1.164 1.237 1.307 1.374 1.419 1.378 1.338 1.300 1.265 1.231 1.199 1.169 1.141 1.115 1.091 1.069 1.142 1.544 1.958 2.382 2.817 3.262 3.718 4.185 4.663 5.151 5.651 6.160 6.576 6.707
0.056 0.051 0.054 0.064 0.070 0.073 0.071 0.065 0.055 0.041 0.023 0.031 0.040 0.051 0.062 0.074 0.088 0.103 0.118 0.135 0.153 0.172 0.192 0.218 0.246 0.274 0.304 0.334 0.366 0.398 0.431 0.466 0.501 0.537 0.575 0.659 0.740 0.818 0.893 0.965 1.034 1.099 1.161 1.221 1.277 1.330 1.375 1.342 1.311 1.282 1.255 1.230 1.207 1.185 1.166 1.148 1.133 1.119 1.157 1.608 2.069 2.541 3.023 3.517 4.021 4.536 5.061 5.597 6.144 6.702 7.203 7.339
0.187 0.191 0.191 0.187 0.180 0.168 0.152 0.131 0.107 0.079 0.047 0.054 0.067 0.081 0.096 0.112 0.130 0.148 0.168 0.189 0.210 0.233 0.257 0.286 0.318 0.351 0.385 0.419 0.455 0.492 0.529 0.568 0.607 0.648 0.689 0.757 0.824 0.888 0.949 1.007 1.062 1.113 1.162 1.208 1.250 1.289 1.326 1.304 1.282 1.262 1.243 1.227 1.212 1.199 1.188 1.179 1.172 1.167 1.164 1.660 2.169 2.689 3.219 3.760 4.312 4.874 5.448 6.031 6.626 7.208 7.731 7.823
0.356 0.346 0.332 0.314 0.292 0.266 0.236 0.202 0.164 0.121 0.075 0.075 0.092 0.110 0.129 0.149 0.170 0.193 0.216 0.241 0.267 0.293 0.320 0.353 0.389 0.427 0.465 0.504 0.543 0.584 0.626 0.669 0.713 0.757 0.803 0.857 0.910 0.961 1.008 1.052 1.093 1.131 1.166 1.198 1.226 1.252 1.274 1.265 1.251 1.239 1.229 1.221 1.215 1.211 1.209 1.208 1.210 1.214 1.219 1.701 2.305 2.948 3.569 4.168 4.745 5.299 5.832 6.343 6.831 7.297 7.742 7.913
0.529 0.505 0.477 0.445 0.409 0.368 0.324 0.276 0.223 0.167 0.106 0.095 0.116 0.138 0.161 0.185 0.210 0.236 0.263 0.292 0.322 0.352 0.383 0.419 0.460 0.501 0.543 0.586 0.631 0.676 0.722 0.769 0.817 0.866 0.916 0.961 1.000 1.037 1.070 1.101 1.128 1.152 1.173 1.191 1.206 1.218 1.226 1.223 1.218 1.215 1.214 1.314 1.506 1.679 1.834 1.970 2.087 2.186 2.266 2.731 3.298 3.843 4.366 4.867 5.346 5.802 6.237 6.649 7.040 7.408 7.755 7.989
0.706 0.667 0.625 0.579 0.528 0.474 0.416 0.353 0.287 0.216 0.142 0.114 0.139 0.165 0.191 0.219 0.248 0.278 0.310 0.342 0.375 0.410 0.445 0.484 0.528 0.574 0.621 0.668 0.717 0.766 0.816 0.868 0.920 0.973 1.027 1.068 1.094 1.116 1.136 1.153 1.166 1.176 1.302 1.547 1.798 2.053 2.314 2.540 2.723 2.888 3.034 3.161 3.270 3.360 3.432 3.485 3.519 3.535 3.531 3.843 4.312 4.759 5.184 5.587 5.968 6.327 6.663 6.978 7.271 7.541 7.790 8.052
0.886 0.833 0.777 0.716 0.652 0.583 0.511 0.434 0.354 0.269 0.181 0.132 0.161 0.190 0.221 0.253 0.286 0.320 0.355 0.391 0.428 0.467 0.505 0.547 0.596 0.646 0.697 0.749 0.801 0.855 0.909 0.965 1.021 1.184 1.445 1.696 1.928 2.164 2.406 2.654 2.906 3.164 3.427 3.695 3.969 4.248 4.532 4.737 4.837 4.919 4.982 5.026 5.052 5.059 5.047 5.017 4.968 4.901 4.815 4.977 5.348 5.697 6.024 6.329 6.612 6.873 7.112 7.328 7.523 7.696 7.847 8.101
1.069 1.003 0.932 0.858 0.779 0.697 0.610 0.519 0.425 0.326 0.223 0.150 0.182 0.215 0.250 0.285 0.322 0.360 0.399 0.439 0.480 0.522 0.565 0.610 0.757 0.983 1.217 1.459 1.708 1.965 2.229 2.501 2.781 3.068 3.363 3.650 3.905 4.165 4.430 4.700 4.976 5.257 5.543 5.835 6.132 6.434 6.741 6.952 6.969 6.967 6.947 6.908 6.851 6.775 6.680 6.567 6.435 6.284 6.115 6.131 6.404 6.655 6.885 7.092 7.277 7.440 7.581 7.700 7.797 7.873 7.926 8.137
1.256 1.176 1.091 1.003 0.910 0.813 0.712 0.608 0.499 0.386 0.269 0.166 0.202 0.239 0.277 0.317 0.366 0.542 0.744 0.972 1.226 1.507 1.792 2.073 2.326 2.586 2.854 3.129 3.412 3.703 4.001 4.307 4.620 4.942 5.270 5.596 5.874 6.157 6.445 6.739 7.038 7.342 7.651 7.966 8.286 8.611 8.941 9.183 9.117 9.032 8.929 8.807 8.667 8.508 8.330 8.134 7.919 7.685 7.433 7.307 7.482 7.635 7.767 7.876 7.963 8.029 8.072 8.094 8.093 8.071 8.026 8.159
1.447 1.352 1.254 1.151 1.044 0.933 0.819 0.700 0.577 0.458 0.377 0.305 0.436 0.598 0.786 1.001 1.241 1.508 1.802 2.121 2.467 2.839 3.217 3.595 3.884 4.178 4.479 4.789 5.105 5.430 5.762 6.102 6.449 6.804 7.167 7.533 7.834 8.140 8.452 8.769 9.090 9.418 9.750 10.088 10.431 10.779 11.133 11.431 11.282 11.114 10.928 10.723 10.500 10.258 9.997 9.718 9.420 9.104 8.769 8.503 8.581 8.636 8.670 8.682 8.671 8.639 8.585 8.509 8.411 8.291 8.149 8.168
1.641 1.533 1.420 1.311 1.210 1.118 1.033 0.957 0.888 0.828 0.776 0.732 0.920 1.174 1.453 1.759 2.091 2.450 2.834 3.245 3.683 4.146 4.615 5.086 5.431 5.759 6.094 6.437 6.788 7.146 7.512 7.885 8.266 8.655 9.052 9.456 9.786 10.115 10.450 10.790 11.135 11.485 11.841 12.202 12.568 12.939 13.316 13.695 13.463 13.213 12.944 12.656 12.350 12.025 11.681 11.319 10.939 10.540 10.122 9.720 9.700 9.658 9.594 9.509 9.401 9.271 9.119 8.946 8.750 8.532 8.293 8.163
1.770 1.674 1.585 1.504 1.432 1.367 1.311 1.263 1.222 1.190 1.167 1.151 1.379 1.724 2.095 2.492 2.916 3.366 3.842 4.344 4.873 5.428 5.989 6.552 6.968 7.329 7.698 8.075 8.459 8.851 9.251 9.658 10.073 10.496 10.926 11.363 11.729 12.082 12.440 12.803 13.171 13.544 13.923 14.307 14.696 15.090 15.490 15.895 15.662 15.328 14.976 14.606 14.217 13.809 13.383 12.938 12.475 11.993 11.492 10.973 10.841 10.701 10.540 10.357 10.151 9.924 9.675 9.404 9.111 8.796 8.645 8.834
1.871 1.803 1.742 1.690 1.645 1.609 1.581 1.561 1.549 1.545 1.549 1.561 1.814 2.250 2.712 3.201 3.716 4.257 4.824 5.418 6.038 6.684 7.337 7.992 8.493 8.889 9.292 9.702 10.120 10.546 10.979 11.420 11.869 12.325 12.789 13.260 13.665 14.040 14.421 14.807 15.198 15.595 15.997 16.404 16.816 17.233 17.656 18.084 17.877 17.461 17.026 16.573 16.101 15.611 15.102 14.574 14.028 13.463 12.880 12.278 12.003 11.792 11.654 11.577 11.559 11.602 11.705 11.867 12.090 12.373 12.716 13.119
1.964 1.924 1.892 1.867 1.851 1.843 1.843 1.851 1.867 1.891 1.924 1.964 2.223 2.751 3.304 3.884 4.491 5.123 5.782 6.466 7.177 7.915 8.659 9.407 10.009 10.438 10.874 11.318 11.770 12.230 12.697 13.171 13.654 14.143 14.641 15.146 15.591 15.990 16.394 16.803 17.217 17.637 18.062 18.492 18.927 19.367 19.813 20.264 20.109 19.610 19.093 18.557 17.933 17.214 16.522 15.857 15.219 14.608 14.024 13.467 13.337 13.405 13.534 13.722 13.970 14.279 14.647 15.076 15.564 16.113 16.722 17.390
2.050 2.037 2.033 2.037 2.049 2.069 2.097 2.133 2.178 2.230 2.290 2.359 2.608 3.227 3.872 4.543 5.240 5.964 6.714 7.490 8.292 9.120 9.956 10.796 11.513 11.976 12.446 12.924 13.409 13.903 14.403 14.912 15.428 15.951 16.482 17.021 17.510 17.931 18.358 18.791 19.228 19.671 20.118 20.470 20.659 20.845 21.027 21.206 20.901 20.194 19.514 18.860 18.234 17.634 17.062 16.516 15.997 15.505 15.040 14.602 14.621 14.955 15.349 15.804 16.318 16.892 17.526 18.220 18.974 19.788 20.662 21.596
2.127 2.143 2.167 2.199 2.239 2.287 2.343 2.408 2.480 2.561 2.649 2.746 2.968 3.678 4.414 5.177 5.965 6.780 7.621 8.488 9.381 10.300 11.228 12.160 13.007 13.503 14.007 14.519 15.038 15.565 16.099 16.641 17.191 17.748 18.224 18.566 18.867 19.065 19.260 19.451 19.638 19.823 20.003 20.180 20.354 20.524 20.691 20.854 20.697 20.109 19.548 19.014 18.507 18.026 17.573 17.146 16.746 16.373 16.027 15.708 15.842 16.442 17.102 17.821 18.601 19.440 20.340 21.299 22.318 23.398 24.537 25.736
2.197 2.241 2.293 2.353 2.421 2.498 2.582 2.674 2.775 2.883 3.000 3.124 3.304 4.105 4.932 5.786 6.665 7.571 8.503 9.461 10.445 11.455 12.475 13.499 14.490 14.929 15.235 15.548 15.869 16.198 16.536 16.881 17.235 17.596 17.966 18.344 18.689 18.872 19.051 19.227 19.399 19.568 19.733 19.895 20.053 20.208 20.359 20.507 20.465 19.996 19.554 19.139 18.751 18.389 18.055 17.747 17.466 17.212 16.985 16.785 17.000 17.865 18.790 19.775 20.820 21.925 23.090 24.314 25.598 26.943 28.347 29.811
2.280 2.332 2.412 2.500 2.596 2.700 2.813 2.933 3.062 3.198 3.343 3.495 3.656 4.507 5.425 6.370 7.340 8.352 9.421 10.400 11.289 12.089 12.800 13.436 14.001 14.339 14.680 15.029 15.386 15.752 16.125 16.507 16.896 17.294 17.699 18.113 18.515 18.682 18.846 19.006 19.163 19.317 19.467 19.613 19.756 19.895 20.031 20.164 20.205 19.855 19.532 19.236 18.967 18.724 18.508 18.320 18.158 18.023 17.915 17.833 18.095 19.226 20.416 21.666 22.976 24.345 25.775 27.265 28.814 30.423 32.092 33.821
2.384 2.414 2.522 2.639 2.763 2.895 3.036 3.184 3.340 3.505 3.751 4.307 4.918 6.012 7.128 8.155 9.091 9.938 10.695 11.362 11.939 12.426 12.824 13.144 13.394 13.740 14.117 14.502 14.896 15.297 15.706 16.123 16.549 16.982 17.424 17.874 18.331 18.497 18.645 18.790 18.932 19.070 19.204 19.335 19.463 19.587 19.708 19.825 19.917 19.686 19.482 19.305 19.154 19.031 18.934 18.864 18.821 18.804 18.815 18.852 19.127 20.523 21.978 23.493 25.068 26.702 28.397 30.151 31.965 33.839 35.772 37.766
2.498 2.489 2.625 2.823 3.185 3.602 4.073 4.600 5.182 5.819 6.511 7.258 8.059 8.926 9.730 10.444 11.068 11.603 12.048 12.403 12.668 12.844 12.928 12.933 12.868 13.133 13.546 13.967 14.396 14.833 15.279 15.732 16.193 16.663 17.140 17.625 18.119 18.315 18.449 18.578 18.704 18.827 18.946 19.062 19.174 19.283 19.388 19.490 19.588 19.489 19.404 19.345 19.313 19.308 19.330 19.379 19.455 19.557 19.686 19.842 20.096 21.756 23.476 25.256 27.096 28.995 30.954 32.973 35.051 37.190 39.388 41.646
3.100 3.252 3.695 4.193 4.746 5.353 6.016 6.734 7.506 8.334 9.216 10.154 11.146 11.917 12.409 12.812 13.124 13.347 13.480 13.524 13.477 13.341 13.112 12.803 12.423 12.517 12.966 13.423 13.888 14.361 14.843 15.332 15.829 16.334 16.847 17.369 17.898 18.138 18.256 18.370 18.481 18.588 18.692 18.792 18.889 18.983 19.073 19.159 19.242 19.264 19.297 19.357 19.444 19.558 19.699 19.866 20.060 20.281 20.529 20.804 21.105 22.927 24.912 26.956 29.060 31.224 33.447 35.731 38.074 40.476 42.939 45.461
3.979 4.187 4.821 5.509 6.253 7.052 7.905 8.813 9.776 10.795 11.868 12.995 14.178 14.987 15.167 15.258 15.259 15.170 14.992 14.724 14.366 13.919 13.376 12.752 12.058 11.893 12.378 12.871 13.372 13.881 14.398 14.923 15.456 15.997 16.546 17.104 17.669 17.965 18.067 18.166 18.261 18.353 18.442 18.527 18.609 18.687 18.761 18.832 18.900 19.011 19.163 19.341 19.547 19.779 20.038 20.324 20.637 20.977 21.343 21.736 22.156 24.035 26.284 28.594 30.892 33.137 35.330 37.471 39.560 41.597 43.581 45.514
4.836 5.069 5.893 6.773 7.707 8.696 9.740 10.839 11.993 13.201 14.465 15.783 17.156 18.135 18.003 17.782 17.472 17.072 16.582 16.003 15.334 14.576 13.720 12.782 11.773 11.261 11.782 12.311 12.847 13.392 13.945 14.506 15.075 15.652 16.237 16.830 17.431 17.795 17.882 17.966 18.046 18.123 18.196 18.266 18.332 18.395 18.454 18.510 18.562 18.729 19.000 19.297 19.621 19.972 20.600 21.706 22.623 23.350 23.888 24.236 24.395 25.971 28.143 30.262 32.330 34.345 36.308 38.219 40.078 41.885 43.639 45.341
