DATA/SHG/ECMWF/20170628/EN-2/20170710.en-2.asc
ncols        190
nrows        64
xllcorner    -5100000.000000000000
yllcorner    4130000.000000000000
cellsize     10000.000000000000
NODATA_value  -99999.000
[rows 0 to 31 of 64, columns 0 to 71 of 190]
1.970 1.949 1.923 1.891 1.855 1.813 1.767 1.715 1.658 1.578 1.487 1.392 1.292 1.189 1.081 0.969 0.852 0.731 0.606 0.554 0.527 0.581 0.670 0.756 0.839 0.919 0.997 1.072 1.145 1.214 1.281 1.345 1.406 1.449 1.482 1.517 1.555 1.594 1.635 1.678 1.723 1.770 1.819 1.870 1.923 1.925 1.880 1.833 1.787 1.739 1.691 1.642 1.593 1.543 1.492 1.441 1.389 1.355 1.343 1.331 1.317 1.304 1.289 1.275 1.259 1.243 1.227 1.209 1.192 1.282 1.558 1.847
1.486 1.447 1.403 1.354 1.299 1.240 1.175 1.106 1.031 0.938 0.832 0.722 0.689 0.660 0.631 0.603 0.576 0.549 0.524 0.499 0.474 0.507 0.586 0.663 0.736 0.807 0.875 0.941 1.003 1.063 1.121 1.175 1.227 1.271 1.312 1.354 1.398 1.444 1.492 1.543 1.595 1.649 1.705 1.763 1.823 1.842 1.794 1.746 1.697 1.647 1.597 1.545 1.494 1.441 1.388 1.335 1.280 1.239 1.225 1.210 1.195 1.179 1.163 1.146 1.129 1.111 1.092 1.073 1.053 1.116 1.438 1.772
1.009 0.952 0.890 0.822 0.763 0.752 0.741 0.730 0.719 0.700 0.671 0.642 0.615 0.588 0.562 0.536 0.512 0.488 0.465 0.443 0.421 0.436 0.506 0.572 0.637 0.698 0.756 0.812 0.865 0.916 0.963 1.008 1.050 1.092 1.139 1.188 1.240 1.293 1.348 1.405 1.464 1.526 1.589 1.654 1.721 1.760 1.710 1.659 1.607 1.555 1.503 1.449 1.395 1.341 1.285 1.229 1.173 1.123 1.107 1.090 1.073 1.056 1.037 1.018 0.999 0.979 0.958 0.937 0.951 1.015 1.403 1.790
0.720 0.710 0.699 0.689 0.678 0.667 0.655 0.644 0.633 0.616 0.590 0.564 0.539 0.515 0.492 0.469 0.447 0.426 0.406 0.386 0.367 0.368 0.428 0.485 0.540 0.592 0.640 0.687 0.730 0.771 0.809 0.844 0.877 0.911 0.965 1.021 1.080 1.140 1.202 1.266 1.332 1.400 1.471 1.543 1.617 1.678 1.626 1.573 1.519 1.465 1.410 1.354 1.298 1.241 1.183 1.125 1.066 1.008 0.990 0.971 0.954 0.956 0.962 0.973 0.987 1.006 1.030 1.057 1.089 1.125 1.505 1.891
0.638 0.627 0.616 0.604 0.593 0.582 0.570 0.558 0.546 0.532 0.508 0.485 0.463 0.442 0.421 0.401 0.382 0.363 0.346 0.329 0.313 0.304 0.354 0.401 0.446 0.488 0.528 0.564 0.598 0.629 0.658 0.683 0.706 0.728 0.789 0.852 0.918 0.985 1.054 1.125 1.198 1.274 1.351 1.430 1.511 1.594 1.543 1.487 1.431 1.375 1.317 1.259 1.201 1.143 1.092 1.042 0.994 0.947 0.947 0.956 0.968 0.985 1.006 1.032 1.061 1.095 1.134 1.176 1.223 1.274 1.608 1.992
0.555 0.544 0.532 0.521 0.509 0.497 0.485 0.472 0.460 0.447 0.426 0.406 0.386 0.368 0.350 0.332 0.316 0.300 0.285 0.271 0.257 0.245 0.282 0.320 0.356 0.388 0.418 0.445 0.469 0.491 0.509 0.525 0.539 0.549 0.611 0.682 0.754 0.828 0.904 0.983 1.063 1.145 1.229 1.315 1.403 1.493 1.461 1.404 1.349 1.296 1.244 1.193 1.144 1.097 1.051 1.006 0.963 0.922 0.928 0.951 0.979 1.010 1.046 1.087 1.131 1.180 1.233 1.291 1.352 1.418 1.712 2.094
0.473 0.461 0.449 0.437 0.425 0.412 0.400 0.387 0.374 0.361 0.343 0.326 0.309 0.293 0.277 0.263 0.249 0.236 0.224 0.212 0.201 0.191 0.214 0.242 0.268 0.291 0.311 0.328 0.343 0.355 0.364 0.371 0.374 0.376 0.432 0.509 0.588 0.670 0.753 0.845 0.941 1.034 1.126 1.215 1.302 1.387 1.376 1.325 1.275 1.227 1.180 1.135 1.091 1.049 1.008 0.969 0.931 0.895 0.904 0.942 0.985 1.031 1.082 1.138 1.197 1.261 1.329 1.401 1.477 1.558 1.815 2.195
0.391 0.379 0.366 0.354 0.341 0.328 0.315 0.302 0.288 0.275 0.260 0.245 0.231 0.217 0.205 0.193 0.181 0.171 0.161 0.153 0.144 0.137 0.148 0.167 0.183 0.196 0.207 0.215 0.220 0.222 0.222 0.219 0.230 0.246 0.313 0.413 0.510 0.604 0.697 0.787 0.875 0.961 1.045 1.126 1.205 1.282 1.290 1.244 1.199 1.156 1.115 1.075 1.036 0.999 0.964 0.930 0.897 0.866 0.876 0.929 0.987 1.048 1.114 1.184 1.259 1.337 1.420 1.507 1.598 1.694 1.919 2.297
0.310 0.297 0.284 0.271 0.257 0.244 0.230 0.217 0.203 0.189 0.176 0.163 0.152 0.141 0.131 0.122 0.113 0.106 0.099 0.092 0.087 0.082 0.086 0.095 0.101 0.117 0.133 0.149 0.165 0.181 0.197 0.213 0.229 0.245 0.297 0.388 0.478 0.564 0.649 0.732 0.812 0.890 0.966 1.040 1.111 1.180 1.202 1.162 1.122 1.085 1.048 1.014 0.980 0.948 0.918 0.889 0.862 0.836 0.844 0.912 0.985 1.061 1.142 1.227 1.316 1.409 1.507 1.609 1.715 1.825 2.023 2.400
0.229 0.215 0.202 0.188 0.174 0.160 0.146 0.132 0.118 0.103 0.091 0.081 0.072 0.064 0.057 0.050 0.044 0.041 0.047 0.052 0.056 0.060 0.067 0.083 0.099 0.115 0.131 0.147 0.163 0.179 0.196 0.212 0.228 0.245 0.283 0.366 0.448 0.527 0.604 0.679 0.751 0.821 0.890 0.955 1.019 1.080 1.114 1.078 1.044 1.012 0.980 0.951 0.923 0.896 0.871 0.848 0.826 0.805 0.809 0.891 0.979 1.070 1.165 1.265 1.369 1.477 1.590 1.707 1.827 1.953 2.127 2.502
0.148 0.134 0.120 0.106 0.091 0.077 0.062 0.048 0.033 0.018 0.011 0.020 0.029 0.037 0.043 0.049 0.054 0.057 0.060 0.062 0.062 0.062 0.064 0.081 0.097 0.113 0.129 0.145 0.162 0.178 0.194 0.211 0.227 0.244 0.271 0.347 0.420 0.492 0.561 0.628 0.693 0.755 0.815 0.873 0.929 0.983 1.023 0.993 0.964 0.937 0.911 0.887 0.864 0.843 0.823 0.805 0.788 0.772 0.769 0.866 0.968 1.074 1.185 1.299 1.418 1.541 1.668 1.800 1.936 2.076 2.232 2.605
0.067 0.053 0.038 0.032 0.033 0.035 0.037 0.040 0.044 0.048 0.053 0.059 0.064 0.068 0.071 0.073 0.074 0.075 0.074 0.072 0.069 0.065 0.062 0.078 0.095 0.111 0.127 0.144 0.160 0.177 0.193 0.210 0.226 0.243 0.261 0.329 0.395 0.459 0.520 0.579 0.636 0.691 0.744 0.794 0.842 0.888 0.932 0.907 0.883 0.861 0.841 0.822 0.804 0.788 0.773 0.760 0.748 0.738 0.730 0.837 0.954 1.075 1.200 1.329 1.463 1.601 1.743 1.923 2.131 2.342 2.556 2.965
0.055 0.057 0.059 0.061 0.065 0.068 0.073 0.078 0.083 0.089 0.095 0.098 0.100 0.100 0.100 0.099 0.096 0.093 0.089 0.084 0.077 0.070 0.062 0.076 0.093 0.109 0.126 0.142 0.159 0.175 0.192 0.209 0.226 0.242 0.259 0.314 0.372 0.428 0.482 0.533 0.583 0.629 0.674 0.717 0.757 0.795 0.831 0.819 0.801 0.784 0.769 0.755 0.742 0.732 0.722 0.714 0.708 0.703 0.699 0.804 0.979 1.175 1.375 1.578 1.785 1.994 2.207 2.423 2.643 2.865 3.091 3.470
0.079 0.082 0.086 0.091 0.096 0.101 0.108 0.114 0.122 0.129 0.138 0.139 0.137 0.134 0.130 0.125 0.119 0.113 0.105 0.096 0.086 0.076 0.064 0.074 0.090 0.107 0.124 0.140 0.157 0.174 0.191 0.208 0.225 0.241 0.258 0.302 0.352 0.400 0.446 0.490 0.531 0.570 0.607 0.642 0.674 0.705 0.733 0.730 0.717 0.706 0.695 0.687 0.680 0.709 0.754 0.807 0.871 0.944 1.026 1.192 1.397 1.604 1.816 2.030 2.248 2.469 2.693 2.920 3.151 3.385 3.622 3.976
0.101 0.107 0.113 0.119 0.126 0.134 0.142 0.150 0.160 0.169 0.179 0.180 0.175 0.168 0.161 0.153 0.144 0.133 0.122 0.110 0.096 0.082 0.067 0.072 0.088 0.105 0.122 0.139 0.156 0.172 0.189 0.206 0.223 0.241 0.258 0.291 0.334 0.374 0.412 0.448 0.482 0.513 0.542 0.569 0.594 0.617 0.653 0.674 0.695 0.726 0.766 0.815 0.873 0.941 1.019 1.106 1.202 1.307 1.422 1.594 1.810 2.030 2.252 2.478 2.707 2.939 3.175 3.414 3.655 3.901 4.149 4.483
0.124 0.131 0.139 0.147 0.156 0.165 0.175 0.186 0.197 0.208 0.220 0.223 0.214 0.204 0.193 0.181 0.169 0.155 0.140 0.124 0.108 0.090 0.071 0.069 0.086 0.103 0.120 0.137 0.154 0.171 0.188 0.205 0.222 0.240 0.257 0.283 0.318 0.350 0.386 0.448 0.503 0.550 0.590 0.623 0.648 0.666 0.677 0.700 0.754 0.817 0.890 0.972 1.063 1.164 1.275 1.394 1.523 1.662 1.809 1.993 2.221 2.451 2.685 2.922 3.162 3.406 3.653 3.903 4.156 4.413 4.672 4.990
0.145 0.155 0.164 0.174 0.185 0.197 0.208 0.221 0.234 0.247 0.261 0.266 0.254 0.240 0.226 0.211 0.195 0.177 0.159 0.140 0.120 0.099 0.076 0.067 0.084 0.101 0.118 0.135 0.152 0.169 0.187 0.215 0.273 0.336 0.403 0.471 0.529 0.580 0.624 0.660 0.689 0.711 0.725 0.732 0.731 0.723 0.708 0.716 0.803 0.899 1.005 1.120 1.244 1.378 1.521 1.673 1.835 2.006 2.187 2.388 2.627 2.869 3.114 3.362 3.614 3.869 4.127 4.388 4.653 4.921 5.192 5.497
0.167 0.178 0.189 0.201 0.214 0.227 0.241 0.255 0.270 0.285 0.301 0.311 0.295 0.278 0.260 0.241 0.222 0.201 0.179 0.157 0.133 0.108 0.083 0.064 0.092 0.134 0.181 0.232 0.288 0.348 0.413 0.482 0.555 0.633 0.716 0.794 0.827 0.852 0.869 0.880 0.883 0.878 0.867 0.847 0.821 0.787 0.746 0.723 0.843 0.972 1.110 1.258 1.415 1.581 1.757 1.942 2.137 2.341 2.554 2.780 3.030 3.283 3.539 3.799 4.062 4.328 4.597 4.870 5.146 5.425 5.707 6.006
0.187 0.200 0.213 0.227 0.242 0.257 0.272 0.288 0.305 0.322 0.340 0.356 0.337 0.317 0.295 0.273 0.250 0.229 0.213 0.201 0.192 0.187 0.186 0.190 0.244 0.302 0.364 0.431 0.503 0.578 0.659 0.743 0.833 0.926 1.024 1.124 1.131 1.130 1.122 1.106 1.083 1.053 1.016 0.971 0.918 0.859 0.791 0.720 0.873 1.035 1.206 1.386 1.576 1.775 1.984 2.202 2.429 2.666 2.912 3.167 3.429 3.693 3.961 4.232 4.506 4.783 5.064 5.348 5.635 5.925 6.219 6.516
0.207 0.222 0.237 0.253 0.269 0.286 0.303 0.321 0.340 0.359 0.379 0.384 0.360 0.339 0.321 0.306 0.296 0.289 0.286 0.287 0.291 0.300 0.312 0.327 0.391 0.465 0.543 0.625 0.712 0.804 0.900 1.000 1.105 1.214 1.327 1.445 1.442 1.415 1.381 1.340 1.291 1.235 1.172 1.101 1.023 0.937 0.844 0.744 0.894 1.088 1.292 1.505 1.728 1.960 2.201 2.452 2.712 2.981 3.260 3.548 3.824 4.100 4.378 4.661 4.946 5.235 5.527 5.822 6.120 6.422 6.727 7.035
0.226 0.243 0.260 0.344 0.411 0.460 0.491 0.504 0.499 0.476 0.436 0.377 0.351 0.342 0.337 0.336 0.339 0.345 0.355 0.369 0.387 0.408 0.433 0.462 0.534 0.623 0.717 0.815 0.917 1.024 1.135 1.251 1.372 1.496 1.626 1.759 1.760 1.708 1.648 1.581 1.506 1.424 1.335 1.239 1.135 1.023 0.905 0.779 0.905 1.132 1.369 1.615 1.870 2.135 2.409 2.693 2.985 3.287 3.599 3.919 4.215 4.502 4.792 5.086 5.383 5.683 5.986 6.248 6.435 6.609 6.773 6.925
0.743 0.800 0.840 0.862 0.865 0.851 0.819 0.769 0.701 0.615 0.512 0.390 0.337 0.342 0.350 0.362 0.378 0.397 0.421 0.448 0.478 0.513 0.551 0.593 0.671 0.776 0.885 0.999 1.117 1.239 1.366 1.498 1.634 1.774 1.919 2.068 2.086 2.008 1.922 1.829 1.729 1.621 1.506 1.383 1.254 1.117 0.972 0.820 0.907 1.167 1.437 1.715 2.003 2.301 2.607 2.923 3.249 3.584 3.928 4.281 4.572 4.798 5.013 5.216 5.408 5.589 5.759 5.917 6.064 6.199 6.323 6.436
1.468 1.463 1.439 1.398 1.338 1.261 1.166 1.053 0.922 0.773 0.607 0.422 0.320 0.337 0.359 0.384 0.413 0.445 0.482 0.522 0.566 0.613 0.664 0.719 0.804 0.924 1.049 1.178 1.312 1.450 1.592 1.739 1.891 2.047 2.207 2.372 2.419 2.314 2.203 2.084 1.958 1.825 1.684 1.536 1.380 1.217 1.047 0.869 0.900 1.193 1.495 1.806 2.127 2.458 2.785 3.104 3.413 3.714 4.006 4.289 4.528 4.714 4.890 5.054 5.206 5.348 5.478 5.597 5.704 5.800 5.885 5.959
2.212 2.144 2.057 1.953 1.831 1.690 1.532 1.356 1.162 0.951 0.721 0.474 0.298 0.329 0.363 0.402 0.444 0.489 0.539 0.592 0.649 0.709 0.774 0.842 0.932 1.068 1.208 1.353 1.502 1.655 1.814 1.976 2.143 2.314 2.490 2.670 2.758 2.628 2.491 2.347 2.195 2.035 1.869 1.695 1.514 1.325 1.156 1.006 1.018 1.359 1.690 2.013 2.327 2.632 2.928 3.216 3.495 3.765 4.026 4.278 4.494 4.641 4.777 4.902 5.015 5.117 5.208 5.287 5.356 5.412 5.458 5.492
2.975 2.844 2.694 2.527 2.342 2.139 1.918 1.679 1.422 1.147 0.855 0.544 0.273 0.317 0.364 0.415 0.470 0.529 0.592 0.658 0.728 0.801 0.879 0.960 1.055 1.206 1.362 1.522 1.687 1.856 2.030 2.208 2.390 2.577 2.768 2.964 3.105 2.949 2.786 2.590 2.400 2.221 2.053 1.896 1.751 1.617 1.494 1.382 1.354 1.664 1.964 2.257 2.540 2.814 3.080 3.337 3.585 3.824 4.055 4.276 4.472 4.580 4.676 4.761 4.835 4.898 4.949 4.990 5.018 5.036 5.042 5.037
3.750 3.562 3.350 3.120 2.872 2.606 2.322 2.020 1.700 1.363 1.008 0.634 0.243 0.300 0.361 0.425 0.493 0.565 0.641 0.720 0.803 0.890 0.980 1.074 1.173 1.340 1.511 1.687 1.867 2.052 2.241 2.434 2.592 2.744 2.892 3.034 3.163 2.978 2.805 2.643 2.491 2.352 2.223 2.105 1.999 1.904 1.820 1.747 1.698 1.977 2.247 2.508 2.761 3.005 3.240 3.466 3.683 3.892 4.092 4.283 4.460 4.529 4.586 4.632 4.666 4.690 4.702 4.703 4.692 4.671 4.638 4.593
4.447 4.300 4.025 3.731 3.420 3.092 2.745 2.380 1.998 1.598 1.180 0.744 0.290 0.280 0.354 0.431 0.512 0.597 0.686 0.778 0.874 0.974 1.077 1.184 1.295 1.462 1.633 1.799 1.960 2.115 2.265 2.410 2.550 2.684 2.813 2.937 3.055 2.942 2.807 2.684 2.572 2.471 2.381 2.303 2.236 2.179 2.135 2.101 2.078 2.299 2.538 2.769 2.991 3.204 3.408 3.604 3.790 3.968 4.137 4.298 4.449 4.489 4.507 4.513 4.509 4.493 4.466 4.427 4.377 4.316 4.244 4.161
5.127 5.056 4.718 4.362 3.988 3.597 3.187 2.760 2.315 1.852 1.371 0.872 0.356 0.255 0.342 0.433 0.527 0.663 0.864 1.035 1.176 1.288 1.369 1.420 1.441 1.555 1.707 1.855 1.997 2.134 2.266 2.392 2.513 2.629 2.740 2.845 2.946 2.894 2.798 2.714 2.641 2.579 2.528 2.489 2.461 2.443 2.437 2.443 2.459 2.628 2.837 3.037 3.228 3.411 3.585 3.750 3.906 4.053 4.192 4.321 4.442 4.460 4.438 4.406 4.362 4.307 4.240 4.163 4.074 3.974 3.862 3.739
5.789 5.831 5.430 5.011 4.575 4.121 3.648 3.158 2.651 2.125 1.645 1.259 0.907 0.891 1.107 1.293 1.449 1.575 1.671 1.737 1.773 1.779 1.756 1.702 1.618 1.652 1.787 1.916 2.040 2.158 2.272 2.380 2.483 2.580 2.672 2.760 2.841 2.834 2.778 2.733 2.699 2.676 2.664 2.663 2.674 2.696 2.729 2.773 2.828 2.966 3.145 3.314 3.475 3.626 3.770 3.904 4.029 4.146 4.254 4.353 4.444 4.442 4.381 4.309 4.226 4.132 4.026 3.909 3.781 3.642 3.491 3.329
6.434 6.624 6.161 5.647 5.140 4.666 4.228 3.824 3.454 3.120 2.820 2.554 2.323 2.253 2.364 2.445 2.496 2.517 2.509 2.470 2.401 2.302 2.174 2.015 1.827 1.755 1.871 1.982 2.088 2.188 2.283 2.373 2.457 2.536 2.610 2.679 2.743 2.764 2.746 2.740 2.745 2.761 2.788 2.826 2.876 2.937 3.008 3.091 3.186 3.313 3.460 3.599 3.729 3.850 3.963 4.067 4.162 4.248 4.325 4.394 4.454 4.434 4.335 4.224 4.101 3.968 3.823 3.667 3.586 3.638 3.691 3.745
6.584 6.814 6.358 5.936 5.550 5.197 4.880 4.597 4.348 4.134 3.955 3.811 3.700 3.647 3.652 3.628 3.575 3.491 3.377 3.233 3.060 2.856 2.623 2.359 2.066 1.864 1.961 2.054 2.141 2.223 2.300 2.371 2.437 2.498 2.554 2.604 2.649 2.682 2.703 2.736 2.780 2.835 2.901 2.978 3.066 3.166 3.277 3.398 3.531 3.667 3.784 3.892 3.992 4.083 4.164 4.238 4.302 4.358 4.405 4.443 4.472 4.525 4.575 4.626 4.677 4.729 4.781 4.834 4.887 4.942 4.996 5.052
6.515 6.822 6.488 6.187 5.921 5.690 5.493 5.331 5.203 5.110 5.052 5.028 5.039 5.070 4.971 4.842 4.683 4.495 4.276 4.028 3.749 3.441 3.103 2.735 2.337 1.977 2.057 2.131 2.200 2.263 2.322 2.375 2.423 2.465 2.503 2.535 2.562 2.589 2.649 2.721 2.803 2.897 3.002 3.118 3.245 3.384 3.533 3.694 3.866 4.030 4.116 4.194 4.263 4.323 4.636 5.064 5.402 5.653 5.814 5.887 5.872 5.811 5.863 5.915 5.968 6.022 6.076 6.131 6.187 6.243 6.299 6.356
