DATA/SHG/ECMWF/20170628/EN-2/20170706.en-2.asc
ncols        190
nrows        64
xllcorner    -5100000.000000000000
yllcorner    4130000.000000000000
cellsize     10000.000000000000
NODATA_value  -99999.000
[rows 0 to 32 of 64, columns 73 to 145 of 190]
2.191 2.037 1.881 1.722 1.560 1.395 1.227 1.056 0.969 1.289 1.716 2.132 2.537 2.931 3.314 3.686 4.046 4.395 4.734 5.061 5.322 5.366 5.377 5.373 5.355 5.322 5.275 5.213 5.137 5.046 4.941 4.822 4.770 4.977 5.176 5.368 5.551 5.727 5.896 6.056 6.209 6.355 6.492 6.622 6.807 7.174 7.527 7.866 8.191 8.503 8.802 9.086 9.357 9.614 9.858 10.088 10.146 9.738 9.334 8.935 8.540 8.151 7.766 7.386 7.011 6.641 6.276 5.915 5.610 5.452 5.298 5.148 5.001
1.662 1.498 1.505 1.591 1.712 1.868 2.058 2.283 2.566 2.966 3.354 3.731 4.096 4.451 4.795 5.127 5.448 5.759 6.058 6.346 6.595 6.575 6.520 6.452 6.368 6.270 6.158 6.032 5.890 5.735 5.565 5.380 5.224 5.397 5.561 5.719 5.868 6.010 6.144 6.270 6.388 6.499 6.603 6.698 6.815 7.121 7.413 7.691 7.956 8.207 8.444 8.668 8.878 9.074 9.257 9.426 9.506 9.119 8.737 8.359 7.986 7.618 7.255 6.896 6.543 6.194 5.850 5.510 5.205 5.064 4.927 4.794 4.664
2.215 2.353 2.526 2.734 2.976 3.253 3.565 3.911 4.290 4.650 4.999 5.337 5.663 5.979 6.283 6.577 6.859 7.130 7.390 7.639 7.877 7.798 7.678 7.545 7.396 7.234 7.056 6.865 6.659 6.438 6.203 5.953 5.689 5.824 5.955 6.077 6.192 6.300 6.399 6.491 6.575 6.652 6.721 6.782 6.837 7.082 7.313 7.531 7.734 7.924 8.101 8.264 8.413 8.549 8.671 8.779 8.862 8.496 8.135 7.779 7.428 7.081 6.739 6.402 6.070 5.742 5.419 5.102 4.826 4.767 4.718 4.679 4.649
2.960 3.220 3.514 3.842 4.206 4.604 5.036 5.503 6.005 6.342 6.652 6.950 7.238 7.514 7.780 8.034 8.277 8.509 8.730 8.940 9.139 9.035 8.851 8.652 8.439 8.211 7.969 7.713 7.442 7.156 6.856 6.542 6.213 6.260 6.356 6.444 6.525 6.597 6.663 6.720 6.770 6.813 6.847 6.874 6.893 7.058 7.228 7.385 7.528 7.657 7.773 7.875 7.963 8.038 8.099 8.147 8.181 7.870 7.530 7.233 6.973 6.715 6.460 6.207 5.957 5.708 5.462 5.218 4.976 4.945 4.938 4.942 4.954
3.672 4.052 4.467 4.917 5.401 5.920 6.474 7.062 7.684 8.042 8.312 8.572 8.820 9.058 9.284 9.499 9.703 9.896 10.078 10.249 10.409 10.288 10.038 9.775 9.497 9.204 8.897 8.576 8.240 7.890 7.525 7.146 6.752 6.703 6.764 6.818 6.865 6.903 6.934 6.958 6.973 6.981 6.981 6.974 6.959 7.048 7.158 7.254 7.336 7.405 7.481 7.570 7.658 7.744 7.829 7.912 7.993 7.806 7.551 7.299 7.050 6.802 6.557 6.314 6.073 5.834 5.598 5.364 5.132 5.113 5.149 5.195 5.250
4.349 4.851 5.387 5.958 6.563 7.203 7.877 8.586 9.329 9.749 9.981 10.201 10.411 10.609 10.796 10.972 11.138 11.292 11.435 11.566 11.687 11.554 11.240 10.912 10.569 10.212 9.840 9.454 9.053 8.638 8.209 7.765 7.307 7.154 7.181 7.201 7.213 7.217 7.214 7.203 7.184 7.162 7.133 7.096 7.049 7.091 7.181 7.270 7.357 7.443 7.526 7.609 7.689 7.768 7.845 7.921 7.995 7.850 7.606 7.364 7.124 6.886 6.651 6.418 6.187 5.958 5.732 5.507 5.285 5.271 5.350 5.438 5.536
4.994 5.616 6.273 6.965 7.691 8.451 9.246 10.076 10.940 11.464 11.657 11.838 12.009 12.168 12.316 12.453 12.580 12.695 12.799 12.892 12.974 12.836 12.457 12.064 11.656 11.234 10.798 10.347 9.882 9.402 8.908 8.399 7.878 7.632 7.636 7.630 7.615 7.592 7.559 7.517 7.466 7.406 7.337 7.260 7.173 7.174 7.258 7.339 7.419 7.497 7.574 7.648 7.722 7.793 7.863 7.932 7.998 7.893 7.658 7.426 7.196 6.968 6.743 6.519 6.298 6.080 5.863 5.649 5.436 5.419 5.541 5.671 5.812
5.605 6.348 7.126 7.938 8.784 9.665 10.581 11.531 12.516 13.187 13.340 13.483 13.614 13.735 13.844 13.942 14.030 14.106 14.171 14.225 14.268 14.132 13.688 13.091 12.460 11.858 11.285 10.741 10.225 9.739 9.281 8.853 8.453 8.210 8.173 8.127 8.071 8.007 7.934 7.852 7.761 7.660 7.551 7.433 7.305 7.260 7.335 7.410 7.482 7.553 7.622 7.690 7.756 7.820 7.883 7.944 8.004 7.933 7.708 7.486 7.266 7.048 6.832 6.619 6.408 6.199 5.992 5.787 5.585 5.558 5.722 5.895 6.078
6.182 7.046 7.944 8.877 9.844 10.846 11.882 12.952 14.057 14.917 15.032 15.135 15.228 15.309 15.380 15.368 15.078 14.788 14.497 14.205 13.913 13.564 13.004 12.474 11.972 11.499 11.054 10.639 10.253 9.895 9.567 9.267 8.996 8.796 8.719 8.632 8.537 8.432 8.319 8.196 8.065 7.924 7.774 7.616 7.448 7.346 7.415 7.482 7.547 7.611 7.673 7.733 7.792 7.849 7.904 7.958 8.010 7.971 7.756 7.544 7.333 7.125 6.919 6.716 6.514 6.315 6.118 5.924 5.731 5.687 5.893 6.109 6.334
6.726 7.710 8.729 9.782 10.870 11.992 13.149 14.339 15.453 16.158 15.870 15.581 15.292 15.002 14.711 14.420 14.128 13.836 13.543 13.249 12.955 12.657 12.226 11.824 11.451 11.107 10.792 10.506 10.248 10.019 9.820 9.649 9.507 9.392 9.274 9.147 9.011 8.866 8.712 8.550 8.378 8.197 8.007 7.808 7.600 7.435 7.496 7.555 7.613 7.670 7.725 7.778 7.829 7.879 7.927 7.974 8.019 8.006 7.802 7.599 7.398 7.200 7.004 6.810 6.619 6.430 6.243 6.058 5.875 5.806 6.055 6.313 6.580
7.237 8.294 9.277 10.227 11.144 12.028 12.880 13.698 14.484 15.223 14.933 14.642 14.351 14.059 13.766 13.473 13.180 12.885 12.591 12.295 11.999 11.717 11.416 11.143 10.899 10.684 10.498 10.340 10.211 10.111 10.040 9.998 9.985 9.996 9.838 9.671 9.495 9.310 9.115 8.912 8.700 8.479 8.249 8.009 7.761 7.525 7.579 7.631 7.682 7.731 7.778 7.824 7.868 7.911 7.952 7.991 8.029 8.040 7.845 7.652 7.461 7.273 7.087 6.903 6.721 6.542 6.364 6.189 6.017 5.916 6.207 6.507 6.817
7.258 8.159 9.028 9.863 10.665 11.435 12.171 12.875 13.546 14.183 13.998 13.705 13.412 13.118 12.824 12.529 12.233 11.937 11.640 11.343 11.045 10.761 10.575 10.431 10.316 10.229 10.172 10.143 10.142 10.171 10.229 10.315 10.430 10.574 10.412 10.204 9.988 9.762 9.528 9.284 9.032 8.770 8.500 8.220 7.932 7.635 7.663 7.708 7.751 7.793 7.833 7.872 7.909 7.944 7.978 8.010 8.041 8.070 7.885 7.702 7.522 7.343 7.167 6.993 6.821 6.651 6.484 6.319 6.186 6.124 6.533 6.954 7.386
7.269 8.056 8.809 9.530 10.217 10.872 11.494 12.083 12.639 13.162 13.065 12.770 12.475 12.179 11.883 11.586 11.289 10.991 10.692 10.393 10.093 9.807 9.703 9.688 9.701 9.743 9.814 9.913 10.042 10.199 10.385 10.600 10.844 11.116 10.994 10.746 10.490 10.224 9.949 9.666 9.373 9.071 8.761 8.441 8.112 7.775 7.749 7.786 7.823 7.857 7.890 7.922 7.951 7.980 8.006 8.031 8.054 8.076 7.924 7.747 7.581 7.433 7.303 7.191 7.097 7.022 6.965 6.927 6.906 6.904 7.334 7.806 8.290
7.311 7.983 8.622 9.227 9.801 10.341 10.848 11.323 11.764 12.173 12.133 11.837 11.540 11.242 10.944 10.645 10.346 10.046 9.746 9.445 9.143 8.855 8.800 8.913 9.054 9.225 9.424 9.652 9.909 10.195 10.509 10.853 11.224 11.625 11.586 11.298 11.001 10.695 10.380 10.056 9.723 9.381 9.031 8.671 8.302 7.924 7.836 7.867 7.896 7.923 7.939 7.943 7.945 7.944 7.940 7.935 7.927 7.917 7.822 7.718 7.633 7.566 7.517 7.486 7.474 7.480 7.504 7.546 7.607 7.685 8.123 8.646 9.181
7.383 7.941 8.465 8.956 9.415 9.841 10.233 10.594 10.921 11.215 11.204 10.905 10.607 10.307 10.007 9.706 9.405 9.103 8.801 8.498 8.195 7.905 7.865 8.106 8.376 8.675 9.003 9.360 9.745 10.159 10.601 11.073 11.573 12.102 12.186 11.858 11.521 11.175 10.820 10.456 10.083 9.665 9.220 8.792 8.378 7.980 7.825 7.828 7.828 7.826 7.822 7.815 7.806 7.795 7.781 7.765 7.747 7.726 7.694 7.671 7.667 7.681 7.713 7.763 7.832 7.918 8.023 8.147 8.288 8.448 8.899 9.473 10.060
7.486 7.929 8.339 8.716 9.060 9.371 9.650 9.896 10.109 10.289 10.276 9.976 9.675 9.374 9.072 8.769 8.466 8.163 7.858 7.553 7.248 6.956 6.899 7.269 7.667 8.094 8.550 9.035 9.549 10.091 10.662 11.261 11.821 12.316 12.396 11.913 11.445 10.992 10.555 10.133 9.726 9.334 8.958 8.598 8.252 7.922 7.752 7.744 7.734 7.722 7.707 7.690 7.671 7.649 7.625 7.598 7.569 7.538 7.546 7.605 7.682 7.776 7.889 8.021 8.170 8.338 8.524 8.728 8.950 9.191 9.662 10.288 10.926
7.620 7.948 8.244 8.506 8.736 8.933 9.098 9.229 9.328 9.394 9.351 9.048 8.746 8.442 8.139 7.834 7.529 7.224 6.918 6.611 6.304 6.010 5.902 6.436 6.993 7.537 8.067 8.583 9.086 9.576 10.051 10.513 10.962 11.397 11.573 11.158 10.758 10.373 10.004 9.650 9.311 8.988 8.680 8.387 8.110 7.848 7.682 7.664 7.643 7.620 7.595 7.567 7.538 7.505 7.471 7.434 7.394 7.353 7.381 7.520 7.678 7.854 8.047 8.260 8.490 8.738 9.005 9.290 9.593 9.915 10.413 11.090 11.779
7.784 7.998 8.179 8.328 8.443 8.526 8.576 8.594 8.578 8.530 8.427 8.123 7.818 7.513 7.207 6.907 6.685 6.472 6.269 6.076 5.891 5.719 5.625 6.136 6.633 7.116 7.586 8.042 8.485 8.914 9.329 9.731 10.119 10.494 10.734 10.387 10.055 9.739 9.438 9.152 8.881 8.626 8.386 8.161 7.952 7.758 7.614 7.586 7.555 7.521 7.486 7.448 7.407 7.364 7.319 7.272 7.222 7.170 7.197 7.417 7.655 7.912 8.187 8.480 8.791 9.120 9.468 9.833 10.217 10.619 11.151 11.879 12.619
7.979 8.079 8.146 8.180 8.181 8.150 8.086 7.989 7.864 7.744 7.620 7.386 7.159 6.942 6.734 6.535 6.346 6.166 5.996 5.835 5.684 5.544 5.415 5.851 6.288 6.711 7.120 7.516 7.899 8.268 8.623 8.964 9.292 9.607 9.879 9.600 9.337 9.088 8.855 8.638 8.435 8.248 8.076 7.919 7.778 7.652 7.549 7.510 7.469 7.425 7.379 7.330 7.279 7.226 7.171 7.113 7.053 6.990 6.994 7.295 7.614 7.952 8.307 8.681 9.073 9.483 9.911 10.357 10.822 11.305 11.876 12.656 13.447
8.204 8.168 8.063 7.953 7.839 7.721 7.599 7.472 7.342 7.207 7.069 6.875 6.682 6.497 6.322 6.156 6.000 5.853 5.715 5.587 5.468 5.361 5.265 5.582 5.959 6.322 6.671 7.007 7.329 7.637 7.932 8.214 8.482 8.736 8.977 8.799 8.603 8.423 8.257 8.108 7.973 7.854 7.750 7.661 7.588 7.530 7.487 7.437 7.385 7.331 7.274 7.216 7.154 7.091 7.025 6.956 6.886 6.813 6.773 7.155 7.555 7.973 8.409 8.863 9.336 9.827 10.335 10.862 11.408 11.971 12.589 13.420 14.262
7.867 7.751 7.631 7.507 7.378 7.246 7.110 6.969 6.824 6.676 6.523 6.357 6.196 6.044 5.902 5.769 5.645 5.531 5.426 5.330 5.244 5.170 5.107 5.329 5.645 5.948 6.237 6.512 6.774 7.023 7.258 7.479 7.687 7.881 8.062 7.981 7.853 7.741 7.644 7.562 7.495 7.444 7.408 7.387 7.381 7.391 7.416 7.367 7.304 7.240 7.173 7.104 7.032 6.958 6.881 6.803 6.722 6.638 6.552 6.996 7.477 7.975 8.492 9.027 9.580 10.152 10.741 11.349 11.974 12.590 13.166 13.953 14.743
7.468 7.338 7.203 7.065 6.922 6.776 6.625 6.470 6.311 6.148 5.981 5.831 5.703 5.583 5.474 5.373 5.282 5.201 5.128 5.065 5.012 4.971 4.941 5.091 5.347 5.590 5.819 6.034 6.236 6.424 6.599 6.760 6.908 7.042 7.162 7.148 7.088 7.044 7.014 7.000 7.002 7.018 7.050 7.097 7.159 7.237 7.330 7.299 7.226 7.151 7.074 6.994 6.912 6.828 6.741 6.652 6.560 6.466 6.370 6.819 7.431 8.107 8.760 9.388 9.991 10.571 11.127 11.658 12.165 12.648 13.107 13.889 14.698
7.073 6.929 6.780 6.627 6.471 6.310 6.145 5.976 5.803 5.625 5.444 5.297 5.201 5.115 5.038 4.970 4.912 4.863 4.823 4.793 4.772 4.764 4.766 4.869 5.065 5.247 5.416 5.571 5.713 5.841 5.956 6.057 6.145 6.219 6.279 6.299 6.307 6.331 6.369 6.423 6.492 6.577 6.676 6.791 6.921 7.066 7.227 7.234 7.151 7.065 6.977 6.905 6.882 6.889 6.927 6.995 7.094 7.223 7.383 7.882 8.476 9.045 9.590 10.111 10.608 11.081 11.530 11.954 12.355 12.731 13.083 13.821 14.649
6.683 6.524 6.362 6.195 6.024 5.848 5.669 5.486 5.299 5.107 4.911 4.755 4.692 4.638 4.594 4.559 4.533 4.517 4.510 4.512 4.524 4.548 4.584 4.662 4.798 4.920 5.029 5.124 5.206 5.274 5.329 5.370 5.398 5.412 5.412 5.435 5.511 5.602 5.709 5.830 5.967 6.119 6.315 6.539 6.732 6.894 7.024 7.056 7.046 7.066 7.117 7.199 7.311 7.453 7.626 7.829 8.063 8.328 8.623 9.057 9.543 10.006 10.444 10.858 11.248 11.614 11.956 12.274 12.568 12.837 13.083 13.749 14.595
6.297 6.124 5.947 5.766 5.581 5.392 5.198 5.001 4.799 4.593 4.383 4.205 4.175 4.154 4.142 4.139 4.146 4.163 4.188 4.223 4.267 4.325 4.393 4.471 4.547 4.609 4.658 4.693 4.715 4.723 4.717 4.699 4.666 4.704 4.886 5.127 5.432 5.705 5.947 6.157 6.336 6.484 6.601 6.686 6.740 6.762 6.753 6.776 6.901 7.057 7.243 7.460 7.707 7.984 8.293 8.631 9.000 9.399 9.829 10.254 10.634 10.990 11.321 11.629 11.912 12.171 12.406 12.617 12.804 12.967 13.106 13.672 14.537
5.916 5.729 5.538 5.342 5.143 4.939 4.731 4.520 4.304 4.084 3.860 3.648 3.650 3.661 3.682 3.712 3.752 3.801 3.859 3.926 4.003 4.093 4.195 4.295 4.331 4.411 4.514 4.639 4.786 4.956 5.148 5.363 5.600 5.859 6.141 6.420 6.585 6.719 6.822 6.893 6.933 6.942 6.920 6.866 6.781 6.664 6.516 6.464 6.725 7.016 7.337 7.689 8.071 8.483 8.926 9.400 9.904 10.438 11.003 11.475 11.748 11.997 12.222 12.422 12.599 12.751 12.880 12.984 13.065 13.121 13.153 13.592 14.475
5.539 5.338 5.132 4.923 4.709 4.491 4.269 4.043 3.813 3.579 3.341 3.098 3.117 3.161 3.215 3.277 3.363 3.535 3.700 3.858 4.009 4.149 4.282 4.408 4.565 4.745 4.947 5.171 5.418 5.687 5.979 6.293 6.629 6.988 7.370 7.745 7.771 7.766 7.730 7.662 7.563 7.433 7.272 7.079 6.855 6.600 6.313 6.121 6.516 6.942 7.398 7.885 8.402 8.950 9.528 10.136 10.775 11.444 12.144 12.719 12.885 13.027 13.145 13.239 13.309 13.355 13.377 13.375 13.349 13.299 13.225 13.507 14.409
5.167 4.951 4.731 4.507 4.280 4.048 3.811 3.571 3.327 3.104 2.984 2.878 3.008 3.185 3.354 3.515 3.670 3.817 3.957 4.090 4.215 4.331 4.438 4.539 4.773 5.052 5.354 5.678 6.024 6.393 6.784 7.197 7.633 8.091 8.572 9.075 8.990 8.846 8.671 8.464 8.226 7.957 7.657 7.326 6.963 6.568 6.143 5.745 6.276 6.836 7.428 8.049 8.701 9.384 10.097 10.840 11.614 12.418 13.252 13.985 14.045 14.081 14.092 14.080 14.043 13.983 13.898 13.790 13.657 13.500 13.320 13.418 14.339
4.799 4.569 4.350 4.177 4.019 3.876 3.748 3.634 3.536 3.452 3.383 3.329 3.422 3.573 3.717 3.854 3.983 4.105 4.220 4.327 4.428 4.518 4.600 4.675 4.956 5.334 5.735 6.159 6.604 7.072 7.563 8.076 8.611 9.168 9.748 10.351 10.241 9.958 9.644 9.299 8.922 8.515 8.076 7.605 7.104 6.571 6.007 5.411 6.003 6.699 7.425 8.181 8.968 9.785 10.633 11.511 12.419 13.358 14.327 15.275 15.228 15.157 15.062 14.944 14.801 14.634 14.443 14.228 13.989 13.726 13.439 13.325 14.264
4.610 4.459 4.323 4.201 4.095 4.003 3.926 3.865 3.818 3.785 3.768 3.766 3.842 3.968 4.087 4.198 4.302 4.399 4.489 4.571 4.647 4.712 4.768 4.818 5.113 5.591 6.091 6.614 7.159 7.726 8.316 8.928 9.563 10.219 10.899 11.600 11.525 11.103 10.650 10.166 9.651 9.105 8.527 7.918 7.278 6.606 5.904 5.170 5.699 6.529 7.390 8.281 9.203 10.155 11.137 12.150 13.193 14.266 15.370 16.504 16.434 16.257 16.056 15.831 15.581 15.308 15.011 14.689 14.344 13.975 13.581 13.206 14.097
4.465 4.365 4.281 4.211 4.156 4.116 4.091 4.081 4.086 4.105 4.139 4.188 4.268 4.369 4.463 4.549 4.628 4.700 4.764 4.822 4.872 4.912 4.942 4.967 5.245 5.822 6.422 7.044 7.688 8.354 9.043 9.755 10.488 11.244 12.023 12.823 12.841 12.281 11.689 11.067 10.413 9.728 9.012 8.264 7.485 6.676 5.834 4.962 5.362 6.328 7.323 8.349 9.405 10.491 11.608 12.756 13.933 15.141 16.379 17.648 17.664 17.380 17.017 16.538 16.057 15.576 15.094 14.611 14.128 13.643 13.158 12.672 13.447
4.306 4.258 4.225 4.207 4.204 4.216 4.242 4.283 4.339 4.410 4.496 4.597 4.700 4.776 4.844 4.905 4.959 5.006 5.046 5.078 5.103 5.118 5.123 5.123 5.352 6.028 6.727 7.448 8.191 8.957 9.745 10.555 11.388 12.243 13.121 14.020 14.189 13.491 12.761 12.000 11.207 10.384 9.529 8.643 7.726 6.778 5.798 4.788 4.994 6.094 7.224 8.384 9.575 10.820 12.095 13.312 14.472 15.574 16.619 17.607 17.547 17.065 16.583 16.099 15.615 15.130 14.645 14.158 13.670 13.182 12.693 12.203 12.804
4.134 4.138 4.156 4.190 4.238 4.301 4.379 4.472 4.579 4.702 4.839 4.991 5.138 5.189 5.232 5.268 5.297 5.319 5.333 5.340 5.340 5.330 5.310 5.284 5.433 6.208 7.006 7.826 8.669 9.534 10.421 11.330 12.262 13.216 14.192 15.191 15.570 14.733 13.865 12.965 12.035 11.073 10.080 9.055 8.059 7.233 6.433 5.658 5.891 7.199 8.450 9.643 10.779 11.858 12.879 13.843 14.749 15.598 16.390 17.124 17.121 16.636 16.149 15.662 15.175 14.686 14.196 13.706 13.215 12.723 12.230 11.736 12.168
