DATA/SHG/ECMWF/20170628/EN-2/20170703.en-2.asc
ncols        190
nrows        64
xllcorner    -5100000.000000000000
yllcorner    4130000.000000000000
cellsize     10000.000000000000
NODATA_value  -99999.000
[rows 32 to 63 of 64, columns 0 to 72 of 190]
17.713 16.093 15.071 14.118 13.176 12.245 11.324 10.415 9.516 8.628 7.751 6.885 6.029 5.185 5.252 5.359 5.455 5.540 5.613 5.674 5.725 5.764 5.792 5.808 5.813 5.807 5.972 6.123 6.258 6.377 6.479 6.565 6.634 6.686 6.722 6.742 6.745 6.731 6.698 6.670 6.647 6.630 6.617 6.610 6.608 6.611 6.619 6.929 7.251 7.429 7.519 7.582 7.616 7.622 7.600 7.550 7.472 7.365 7.231 7.069 6.878 6.656 6.384 6.104 5.817 5.521 5.218 4.907 4.588 4.261 3.926 3.583 3.233
17.716 16.060 14.957 14.041 13.137 12.243 11.361 10.489 9.628 8.777 7.938 7.109 6.291 5.484 5.383 5.451 5.507 5.552 5.585 5.607 5.618 5.618 5.606 5.582 5.548 5.502 5.585 5.679 5.757 5.818 5.862 5.890 5.902 5.897 5.876 5.838 5.784 5.713 5.690 5.680 6.445 7.268 7.949 8.487 8.882 9.134 9.244 9.210 9.033 8.713 8.672 8.636 8.573 8.481 8.361 8.213 8.037 7.833 7.601 7.341 7.052 6.736 6.435 6.128 5.813 5.490 5.159 4.821 4.474 4.120 3.758 3.388 3.010
17.731 16.040 14.831 13.954 13.087 12.231 11.386 10.551 9.728 8.915 8.113 7.322 6.541 5.772 5.526 5.554 5.571 5.576 5.570 5.552 5.524 5.483 5.432 5.369 5.295 5.210 5.216 5.253 5.273 5.276 5.264 5.234 5.189 6.114 7.152 8.218 9.312 10.433 11.276 11.887 12.355 12.680 12.862 12.901 12.798 12.551 12.162 11.630 10.955 10.138 9.851 9.718 9.556 9.366 9.149 8.903 8.629 8.327 7.997 7.639 7.253 6.839 6.493 6.159 5.816 5.466 5.108 4.742 4.368 3.987 3.597 3.200 2.795
17.758 16.031 14.694 13.854 13.025 12.207 11.399 10.602 9.816 9.041 8.276 7.522 6.780 6.047 5.681 5.669 5.646 5.612 5.566 5.509 5.441 5.361 5.271 5.168 5.055 4.967 5.817 6.755 7.722 8.716 9.739 10.789 11.867 12.974 14.108 15.271 16.461 17.679 18.320 18.432 18.402 18.228 17.912 17.453 16.851 16.107 15.220 14.190 13.017 11.702 11.056 10.825 10.566 10.278 9.963 9.619 9.248 8.848 8.421 7.965 7.481 6.970 6.559 6.197 5.828 5.450 5.065 4.671 4.270 3.861 3.445 3.020 2.588
17.796 16.033 14.546 13.744 12.952 12.171 11.401 10.641 9.893 9.155 8.428 7.712 7.006 6.312 5.848 5.797 5.734 5.660 5.668 6.173 6.761 7.429 8.180 9.011 9.924 10.919 11.961 12.996 14.060 15.151 16.270 17.417 18.592 19.795 21.026 22.285 23.572 24.887 25.501 25.114 24.586 23.914 23.100 22.143 21.044 19.802 18.417 16.890 15.220 13.407 12.288 11.959 11.602 11.217 10.804 10.362 9.893 9.396 8.871 8.318 7.737 7.127 6.633 6.244 5.846 5.442 5.029 4.608 4.180 3.744 3.300 2.848 2.388
17.846 16.048 14.386 13.621 12.867 12.124 11.391 10.669 9.958 9.258 8.568 7.979 7.633 7.330 7.199 7.663 8.208 8.834 9.542 10.332 11.203 12.155 13.188 14.303 15.500 16.778 18.068 19.200 20.360 21.548 22.764 24.007 25.279 26.579 27.906 29.262 30.645 32.057 32.817 31.933 30.906 29.737 28.425 26.971 25.374 23.635 21.753 19.728 17.561 15.252 13.546 13.119 12.664 12.182 11.671 11.132 10.565 9.971 9.348 8.697 8.019 7.312 6.714 6.297 5.873 5.441 5.001 4.553 4.097 3.634 3.162 2.683 2.196
17.908 16.073 14.229 13.488 12.851 12.351 11.894 11.481 11.112 10.786 10.504 10.266 10.071 9.920 9.848 10.595 11.424 12.334 13.325 14.398 15.552 16.788 18.105 19.503 20.982 22.543 24.138 25.366 26.623 27.907 29.220 30.560 31.928 33.324 34.749 36.201 37.681 39.189 40.270 38.888 37.364 35.697 33.888 31.937 29.843 27.606 25.227 22.706 20.043 17.236 14.830 14.306 13.753 13.173 12.565 11.929 11.264 10.572 9.852 9.104 8.328 7.524 6.802 6.359 5.907 5.447 4.980 4.505 4.022 3.531 3.074 2.665 2.283
18.326 16.665 15.043 14.417 14.025 13.677 13.372 13.111 12.893 12.720 12.589 12.502 12.459 12.460 12.503 13.437 14.549 15.742 17.017 18.373 19.810 21.329 22.929 24.610 26.372 28.216 30.141 31.495 32.848 34.229 35.638 37.075 38.540 40.032 41.553 43.102 44.678 46.282 47.858 45.979 43.958 41.794 39.488 37.040 34.449 31.716 28.841 25.823 22.663 19.361 16.141 15.519 14.869 14.191 13.485 12.751 11.990 11.200 10.383 9.537 8.664 7.762 6.899 6.391 5.887 5.409 4.959 4.536 4.139 3.770 3.427 3.112 2.823
19.060 17.534 16.046 15.390 15.150 14.953 14.801 14.691 14.625 14.603 14.624 14.689 14.797 14.949 15.145 16.187 17.583 19.059 20.617 22.256 23.976 25.778 27.660 29.624 31.669 33.796 36.003 37.587 39.036 40.514 42.019 43.553 45.114 46.703 48.320 49.965 51.638 53.338 55.067 53.206 50.688 48.028 45.225 42.281 39.194 35.964 32.593 29.079 25.423 21.625 17.684 16.758 16.010 15.235 14.432 13.601 12.762 11.873 10.922 9.909 8.835 7.699 6.503 6.065 5.654 5.270 4.913 4.583 4.280 4.004 3.754 3.532 3.336
19.750 18.359 17.006 16.314 16.226 16.181 16.180 16.222 16.308 16.437 16.610 16.826 17.086 17.389 17.736 18.847 20.526 22.285 24.126 26.048 28.050 30.135 32.300 34.546 36.874 39.283 41.773 43.641 45.187 46.761 48.363 49.993 51.650 53.336 55.049 56.790 58.559 60.356 62.181 60.570 57.555 54.399 51.100 47.659 44.076 40.351 36.483 32.474 28.322 24.051 19.796 18.346 17.551 16.694 15.775 14.794 13.752 12.648 11.483 10.256 8.967 7.617 6.205 5.713 5.396 5.105 4.842 4.605 4.395 4.212 4.056 3.926 3.824
20.398 19.141 17.923 17.190 17.253 17.360 17.510 17.704 17.941 18.222 18.546 18.913 19.325 19.779 20.277 21.417 23.378 25.420 27.543 29.748 32.033 34.400 36.848 39.376 41.986 44.678 47.450 49.659 51.301 52.971 54.670 56.396 58.149 59.931 61.741 63.578 65.444 67.337 69.258 68.069 64.558 60.906 56.585 52.243 47.924 43.630 39.360 35.114 30.892 26.695 22.522 20.468 19.458 18.386 17.253 16.058 14.801 13.483 12.103 10.662 9.159 7.595 5.968 5.337 5.112 4.915 4.744 4.601 4.484 4.394 4.331 4.295 4.286
21.002 19.879 18.796 18.017 18.231 18.490 18.791 19.136 19.525 19.957 20.432 20.951 21.513 22.119 22.769 23.896 26.139 28.464 30.870 33.357 35.925 38.573 41.303 44.115 47.007 49.980 53.034 55.639 57.378 59.144 60.939 62.761 64.611 66.489 68.369 69.258 70.278 71.427 72.707 71.550 67.217 62.909 58.625 54.364 50.129 45.917 41.729 37.566 33.427 29.312 25.222 22.648 21.423 20.137 18.789 17.380 15.909 14.377 12.783 11.128 9.411 7.632 5.792 4.934 4.803 4.699 4.622 4.571 4.547 4.551 4.581 4.638 4.721
21.563 20.575 19.626 18.795 19.161 19.570 20.023 20.520 21.059 21.643 22.269 22.939 23.653 24.410 25.210 26.284 28.810 31.417 34.105 36.874 39.724 42.655 45.668 48.761 51.935 55.190 58.526 61.403 61.834 62.396 63.087 63.909 64.860 65.942 67.154 68.496 69.968 71.570 73.302 73.316 69.066 64.840 60.638 56.461 52.307 48.178 44.073 39.992 35.936 31.903 27.895 24.886 23.447 21.947 20.385 18.762 17.077 15.331 13.523 11.653 9.722 7.730 5.676 4.507 4.469 4.458 4.473 4.516 4.585 4.681 4.805 4.954 5.131
22.081 21.227 20.413 19.636 20.042 20.602 21.206 21.854 22.545 23.279 24.057 24.878 25.742 26.650 27.602 28.596 31.391 34.280 37.250 40.301 43.230 45.447 47.579 49.625 51.585 53.459 55.247 56.886 57.771 58.785 59.929 61.204 62.608 64.142 65.807 67.601 69.525 71.579 73.764 75.056 70.888 66.745 62.626 58.531 54.460 50.413 46.391 42.392 38.418 34.468 30.543 27.183 25.530 23.815 22.040 20.202 18.304 16.343 14.322 12.238 10.094 7.888 5.620 4.054 4.109 4.191 4.300 4.435 4.598 4.787 5.003 5.246 5.515
22.556 21.837 21.156 20.514 20.874 21.585 22.341 23.139 23.981 24.866 25.795 26.767 27.783 28.706 29.359 29.989 32.058 34.321 36.498 38.589 40.595 42.515 44.349 46.098 47.760 49.337 50.828 52.234 53.577 55.044 56.641 58.367 60.224 62.211 64.327 66.573 68.949 71.456 74.092 76.770 72.685 68.624 64.588 60.575 56.587 52.622 48.682 44.766 40.875 37.007 33.164 29.538 27.671 25.743 23.753 21.702 19.589 17.415 15.180 12.883 10.525 8.105 5.624 3.576 3.724 3.899 4.101 4.329 4.584 4.866 5.175 5.511 5.873
22.988 22.403 21.856 21.349 21.657 22.520 23.353 24.093 24.807 25.498 26.164 26.807 27.424 28.018 28.587 29.133 30.705 32.671 34.551 36.345 38.054 39.676 41.214 42.665 44.031 45.311 46.505 47.613 49.253 51.172 53.221 55.400 57.708 60.147 62.715 65.413 68.241 71.199 74.286 77.504 74.457 70.478 66.524 62.594 58.688 54.806 50.948 47.115 43.305 39.520 35.759 32.022 29.871 27.729 25.525 23.260 20.934 18.547 16.098 13.587 11.015 8.382 5.688 3.073 3.314 3.581 3.876 4.197 4.545 4.920 5.322 5.750 6.213
23.260 22.736 22.250 21.804 21.898 22.602 23.281 23.936 24.567 25.173 25.756 26.314 26.847 27.357 27.842 28.304 29.446 31.114 32.697 34.194 35.605 36.931 38.171 39.326 40.395 41.378 42.276 43.087 44.798 47.170 49.671 52.301 55.062 57.952 60.971 64.121 67.400 70.809 74.348 78.016 76.202 72.306 68.434 64.587 60.763 56.963 53.188 49.437 45.709 42.006 38.328 34.673 32.129 29.773 27.356 24.878 22.338 19.737 17.075 14.351 11.566 8.719 5.811 2.842 2.878 3.258 3.869 4.512 5.186 5.891 6.627 7.394 8.192
23.076 22.688 22.339 22.028 22.021 22.640 23.235 23.806 24.353 24.875 25.373 25.847 26.297 26.723 27.124 27.501 28.278 29.650 30.936 32.136 33.251 34.280 35.223 36.081 36.853 37.540 38.141 38.656 40.214 43.037 45.989 49.072 52.283 55.625 59.096 62.697 66.427 70.287 74.276 78.396 77.923 74.109 70.319 66.554 62.812 59.095 55.402 51.733 48.088 44.467 40.870 37.298 34.446 31.876 29.246 26.554 23.801 20.987 18.084 15.050 12.109 9.261 6.505 3.842 3.764 4.452 5.171 5.922 6.703 7.515 8.359 9.233 10.139
22.849 22.597 22.384 22.210 22.169 22.704 23.215 23.702 24.165 24.603 25.017 25.407 25.773 26.115 26.432 26.726 27.203 28.278 29.267 30.171 30.989 31.721 32.368 32.929 33.405 33.796 34.100 34.319 35.500 38.774 42.178 45.711 49.374 53.166 57.088 61.140 65.321 69.632 74.072 78.642 79.617 75.886 72.178 68.495 64.836 61.201 57.590 54.003 50.440 46.902 43.387 39.746 36.026 32.757 29.581 26.497 23.505 20.607 17.800 15.086 12.465 9.936 7.499 5.155 4.819 5.615 6.442 7.299 8.188 9.108 10.059 11.041 12.054
22.580 22.464 22.386 22.348 22.349 22.794 23.222 23.624 24.003 24.358 24.688 24.994 25.276 25.534 25.767 25.977 26.221 26.999 27.691 28.298 28.820 29.256 29.607 29.872 30.051 30.145 30.154 30.077 30.655 34.381 38.236 42.220 46.334 50.577 54.949 59.452 64.083 68.844 73.735 78.755 81.286 77.637 74.012 70.411 66.552 62.040 57.635 53.336 49.145 45.061 41.084 37.214 33.737 30.787 27.930 25.166 22.494 19.914 17.427 15.033 12.730 10.521 8.403 6.378 5.844 6.747 7.681 8.646 9.642 10.669 11.728 12.817 13.937
22.268 22.287 22.346 22.443 22.580 22.911 23.254 23.573 23.868 24.139 24.385 24.607 24.805 24.979 25.129 25.255 25.356 25.812 26.208 26.519 26.744 26.884 26.938 26.907 26.791 26.589 26.302 25.929 25.681 29.858 34.163 38.598 43.162 47.856 52.679 57.631 62.713 67.654 72.024 76.231 78.965 74.396 69.933 65.577 61.328 57.186 53.151 49.223 45.402 41.688 38.081 34.580 31.359 28.729 26.192 23.747 21.394 19.134 16.966 14.890 12.907 11.016 9.218 7.512 6.837 7.847 8.888 9.961 11.064 12.199 13.365 14.561 15.789
21.913 22.068 22.263 22.496 22.768 23.054 23.313 23.548 23.759 23.946 24.108 24.247 24.361 24.451 24.517 24.559 24.577 24.717 24.817 24.832 24.761 24.605 24.363 24.036 23.624 23.126 22.543 21.875 21.121 25.204 30.079 35.031 39.820 44.445 48.905 53.202 57.335 61.304 65.109 68.750 72.161 67.961 63.869 59.883 56.004 52.232 48.567 45.009 41.557 38.213 34.975 31.845 28.894 26.583 24.365 22.239 20.205 18.264 16.415 14.658 12.994 11.422 9.942 8.555 7.798 8.916 10.065 11.245 12.455 13.697 14.970 16.274 17.609
21.516 21.807 22.136 22.505 22.913 23.222 23.398 23.549 23.676 23.779 23.858 23.913 23.944 23.950 23.932 23.891 23.825 23.714 23.518 23.237 22.870 22.418 21.881 21.414 21.082 20.761 20.449 20.148 19.856 23.315 27.865 32.251 36.473 40.532 44.427 48.158 51.725 55.128 58.368 61.443 64.355 61.427 57.705 54.089 50.580 47.178 43.882 40.694 37.612 34.637 31.769 29.008 26.353 24.349 22.450 20.643 18.928 17.306 15.776 14.338 12.992 11.739 10.577 9.509 8.729 9.954 11.210 12.497 13.815 15.164 16.544 17.955 19.397
21.076 21.502 21.968 22.472 23.015 23.417 23.509 23.576 23.620 23.639 23.634 23.605 23.552 23.475 23.374 23.248 23.089 22.822 22.466 22.119 21.783 21.456 21.139 20.832 20.535 20.248 19.971 19.704 19.446 21.838 25.822 29.642 33.299 36.792 40.121 43.286 46.288 49.126 51.800 54.310 56.657 54.794 51.441 48.195 45.056 42.023 39.097 36.278 33.565 30.960 28.461 26.069 23.783 22.028 20.447 18.959 17.563 16.259 15.047 13.928 12.901 11.966 11.123 10.372 9.714 10.960 12.323 13.718 15.143 16.599 18.086 19.604 21.153
20.593 21.155 21.756 22.396 23.075 23.638 23.646 23.630 23.590 23.462 23.298 23.132 22.963 22.791 22.616 22.438 22.257 22.025 21.703 21.391 21.088 20.796 20.513 20.241 19.978 19.726 19.483 19.250 19.027 20.531 23.950 27.204 30.296 33.223 35.987 38.587 41.024 43.297 45.406 47.352 49.134 48.062 45.078 42.201 39.431 36.768 34.211 31.761 29.418 27.181 25.051 23.028 21.112 19.619 18.357 17.187 16.109 15.124 14.231 13.430 12.721 12.104 11.579 11.147 10.806 11.936 13.406 14.907 16.440 18.003 19.597 21.222 22.878
20.068 20.766 21.436 22.095 22.757 23.368 23.206 23.042 22.874 22.704 22.530 22.354 22.175 21.993 21.808 21.620 21.430 21.218 20.930 20.652 20.384 20.126 19.878 19.640 19.412 19.194 18.985 18.787 18.598 19.395 22.248 24.938 27.464 29.826 32.025 34.061 35.933 37.641 39.186 40.567 41.785 41.230 38.616 36.108 33.707 31.413 29.225 27.144 25.170 23.302 21.541 19.886 18.338 17.122 16.178 15.327 14.568 13.900 13.325 12.842 12.451 12.153 11.946 11.831 11.809 12.880 14.457 16.066 17.705 19.124 20.454 21.774 23.084
19.235 19.898 20.564 21.232 21.904 22.577 22.482 22.307 22.130 21.949 21.766 21.580 21.391 21.199 21.004 20.807 20.606 20.401 20.148 19.904 19.671 19.447 19.233 19.030 18.836 18.652 18.478 18.314 18.159 18.429 20.718 22.842 24.804 26.601 28.236 29.707 31.014 32.158 33.139 33.956 34.609 34.299 32.054 29.915 27.883 25.958 24.139 22.426 20.821 19.321 17.929 16.643 15.463 14.537 13.912 13.379 12.938 12.589 12.331 12.166 12.093 12.112 12.124 12.118 12.114 12.846 14.182 15.508 16.824 18.130 19.426 20.711 21.987
18.342 19.014 19.690 20.368 21.048 21.732 21.761 21.577 21.390 21.199 21.006 20.810 20.611 20.410 20.205 19.997 19.787 19.574 19.356 19.147 18.948 18.758 18.579 18.410 18.250 18.100 17.961 17.831 17.711 17.634 19.357 20.918 22.314 23.548 24.618 25.525 26.268 26.848 27.265 27.518 27.608 27.269 25.393 23.623 21.959 20.402 18.952 17.608 16.371 15.240 14.216 13.298 12.487 11.865 11.558 11.507 11.499 11.492 11.485 11.480 11.475 11.471 11.468 11.465 11.464 11.999 13.301 14.593 15.874 17.146 18.407 19.659 20.900
17.446 18.128 18.813 19.501 20.191 20.884 21.045 20.851 20.653 20.453 20.250 20.044 19.836 19.624 19.409 19.192 18.972 18.749 18.555 18.380 18.215 18.060 17.915 17.780 17.655 17.539 17.434 17.338 17.252 17.177 18.167 19.163 19.996 20.665 21.172 21.515 21.694 21.711 21.564 21.254 20.780 20.140 18.632 17.231 15.936 14.747 13.665 12.690 12.341 12.060 11.765 11.457 11.134 10.843 10.837 10.831 10.825 10.821 10.817 10.815 10.813 10.812 10.811 10.812 10.813 11.163 12.430 13.688 14.935 16.172 17.400 18.617 19.824
16.548 17.240 17.934 18.632 19.332 20.034 20.333 20.128 19.921 19.711 19.498 19.283 19.064 18.842 18.618 18.391 18.161 17.928 17.744 17.603 17.473 17.352 17.241 17.140 17.049 16.968 16.897 16.836 16.784 16.743 17.148 17.580 17.849 17.954 17.897 17.676 17.293 16.746 16.036 15.162 14.126 13.855 13.628 13.383 13.124 12.852 12.565 12.264 11.948 11.619 11.276 10.918 10.547 10.161 10.157 10.154 10.151 10.150 10.149 10.150 10.151 10.153 10.155 10.159 10.163 10.337 11.570 12.793 14.006 15.209 16.402 17.585 18.758
15.648 16.350 17.054 17.761 18.470 19.182 19.624 19.410 19.193 18.973 18.750 18.525 18.296 18.065 17.831 17.594 17.354 17.111 16.923 16.817 16.721 16.635 16.558 16.491 16.435 16.388 16.351 16.324 16.307 16.299 16.298 16.166 15.872 15.414 15.187 14.972 14.762 14.558 14.359 14.166 13.978 13.795 13.542 13.249 12.941 12.620 12.284 11.934 11.571 11.193 10.801 10.395 9.974 9.540 9.477 9.477 9.478 9.479 9.481 9.485 9.489 9.493 9.499 9.505 9.513 9.521 10.720 11.909 13.088 14.257 15.415 16.564 17.702
14.746 15.457 16.171 16.887 17.606 18.328 18.920 18.696 18.469 18.239 18.007 17.771 17.533 17.292 17.047 16.800 16.551 16.298 16.093 16.021 15.960 15.907 15.865 15.833 15.810 15.798 15.796 15.822 15.857 15.899 15.832 15.614 15.401 15.194 14.992 14.796 14.605 14.419 14.239 14.064 13.894 13.729 13.471 13.129 12.773 12.403 12.018 11.620 11.207 10.781 10.340 9.885 9.417 8.934 8.797 8.800 8.804 8.808 8.813 8.819 8.826 8.834 8.843 8.852 8.862 8.873 9.880 11.035 12.180 13.314 14.439 15.553 16.657
