DATA/RAW-RASTER/ECMWF/20170628/EN-9/20170629.en-9.asc
ncols			31
nrows			16
xllcorner		69.5
yllcorner		19.5
cellsize		1.0
NODATA_value	-99999
5.08881 11.09886 22.05849 3.93963 14.13536 4.36211 2.16484 5.15461 2.18391 2.67601 7.62463 8.43143 4.40216 4.45175 10.25486 13.51738 8.22926 5.12981 6.06537 4.36306 4.76551 1.02520 1.41144 0.58365 0.65899 0.26608 0.68092 0.71335 0.00095 0.00000 1.27792
0.51403 2.15149 39.50500 20.92457 7.17735 4.69589 5.83458 8.39520 9.34124 5.02396 9.94205 10.25486 10.22434 11.25813 13.34190 5.38635 3.73363 6.12450 6.30474 3.64685 4.18854 8.08334 17.50278 16.80660 4.52709 0.77820 0.12779 0.47779 1.25217 0.14496 0.23270
3.58105 10.12516 17.39311 23.21625 14.23550 16.07704 19.83738 14.37569 7.22408 2.64454 1.13678 1.28460 3.70598 11.39545 13.81969 10.61440 14.78672 4.66633 4.83418 4.82559 5.84126 7.99561 10.14996 10.06222 5.99480 1.86539 4.76074 1.07861 1.26457 1.17016 0.53692
5.18799 4.22192 12.66479 31.95858 28.77998 40.14683 31.88133 13.78632 13.17596 2.11143 2.05326 0.84209 1.73283 5.75924 8.79574 10.03265 8.31318 7.11918 4.87041 5.49412 8.23116 9.28116 12.89463 20.13874 19.07253 6.14166 8.88824 4.21524 2.63119 1.53923 3.17574
2.12288 1.89781 2.19154 17.07554 34.17206 57.04880 72.63947 17.01069 10.70499 6.66618 0.39577 2.64740 2.89249 3.34454 3.38268 7.65705 9.35555 13.36956 11.57951 5.10883 4.81319 11.43169 11.32774 14.88400 8.53443 4.63009 2.09236 9.60827 16.27731 4.16183 1.08719
2.80762 8.03661 2.47002 8.91876 46.70429 31.88324 48.57731 32.61948 15.70988 9.98592 6.96659 2.30408 8.50487 0.95081 8.98647 1.29986 1.87588 3.26824 10.84042 13.16643 10.00023 18.54992 15.92827 13.72147 16.81423 10.74600 8.21400 3.84998 3.30162 17.60674 7.41291
3.25489 5.06687 8.26550 10.60581 18.34679 10.43224 26.03626 7.64942 19.59896 16.42132 8.77285 6.22559 13.17501 15.81287 1.22452 2.55203 1.54305 1.53828 0.49686 1.99890 3.45612 1.12247 3.86715 10.04410 8.50296 42.67883 19.11068 7.27272 0.71144 3.31402 6.43444
8.60786 20.41531 15.17296 18.79406 10.94246 8.27694 13.66997 10.01644 16.65211 17.32159 13.14163 12.18796 5.01633 32.28092 17.83371 31.46553 20.21885 1.49345 4.68349 4.03690 13.12351 13.78345 6.58226 24.89376 19.68670 22.45426 50.83084 5.53703 36.52477 7.53212 5.34344
39.33620 9.76849 9.50146 9.97543 8.96358 5.28622 1.32656 20.59174 7.07436 26.11923 18.87035 5.08976 14.27364 3.05176 6.28662 7.17926 1.55926 61.12957 45.77827 60.06336 34.83200 29.01363 16.36219 37.19234 28.26214 12.86125 12.40635 58.40874 34.55925 11.77979 3.93867
20.13493 3.96252 20.05768 31.51035 4.38499 3.58677 2.47955 7.08771 20.19501 18.45741 25.34008 11.99913 23.25821 8.60119 7.33280 2.90966 2.33746 6.46305 27.17686 61.15627 4.36974 6.60038 20.72048 8.91209 9.44614 11.90948 17.84611 9.31263 26.97849 1.93310 5.56087
1.55830 0.77152 11.73973 13.12828 6.80065 2.78378 2.74849 2.64931 4.75788 8.74996 22.31693 22.29881 18.75782 16.89243 3.51238 41.40568 2.28882 1.22929 2.69222 2.90012 1.35899 10.15759 13.12637 27.94170 18.11790 10.99586 1.98269 10.82897 22.77946 3.17383 6.45542
10.40363 9.54437 10.20145 19.41109 17.17854 9.67789 1.41811 3.58295 1.69277 10.67352 18.43548 8.27026 11.86085 15.12432 2.89631 3.27492 7.17354 3.92437 2.97070 2.94304 6.11019 3.64494 5.05352 16.47949 11.47461 2.42138 0.84877 3.94726 9.57489 6.71005 6.04439
16.24012 33.04195 28.30410 17.53330 3.81851 4.47464 5.90229 1.45149 5.17559 6.56319 22.89295 19.30428 19.78874 10.13470 3.60394 1.95980 2.70939 9.17625 6.60324 2.43092 7.53975 5.94997 11.03401 6.18458 4.32491 1.40572 0.24986 1.35708 12.30145 8.88348 6.92844
30.48134 21.62838 19.04011 13.57269 5.07259 1.36185 16.24489 19.02390 10.93102 17.22336 68.96496 25.73490 8.31509 10.03838 2.36702 10.53810 4.07696 6.38962 5.80311 5.12886 11.64532 14.07909 2.57015 17.97009 4.74167 0.72193 0.45490 2.68936 7.92408 1.08814 3.02601
24.39976 8.39138 32.31525 35.65216 20.35809 6.37150 1.16253 12.77351 11.69682 13.68237 30.64728 8.19492 3.34167 2.59781 11.88087 10.15091 15.13195 4.30298 6.15120 10.05173 6.24084 16.53385 21.13914 10.11181 22.55344 1.57452 1.13773 0.74959 0.39291 1.35994 3.60012
16.26015 6.07491 16.51001 36.24725 13.02910 3.72028 1.32751 1.44672 1.02901 2.79617 9.84287 13.72337 8.30936 38.74683 63.50803 1.95980 1.18446 7.49207 6.24847 8.27217 8.33702 12.81643 20.94555 22.29118 18.84651 13.24654 8.49342 3.16334 0.45395 0.20218 0.55313
