DATA/RAW-RASTER/ECMWF/20170628/EN-9/20170707.en-9.asc
ncols			31
nrows			16
xllcorner		69.5
yllcorner		19.5
cellsize		1.0
NODATA_value	-99999
0.41962 4.32587 0.75531 0.10681 4.70734 0.87738 1.80817 0.26703 0.19073 0.03052 0.94604 0.48828 0.86212 0.91553 1.41907 1.21307 0.22125 0.15259 1.01471 1.64795 2.40326 1.46484 2.92969 5.63049 0.27466 0.44250 1.04523 7.98798 7.37000 5.98907 5.14221
0.08392 0.46539 0.00000 0.07629 1.25122 0.01526 0.03052 0.01526 0.06866 0.00000 0.22888 0.13733 1.24359 2.40326 2.34985 8.26263 4.96674 0.39673 1.15967 1.29700 3.25012 0.79346 3.56293 1.08337 2.34222 0.57983 3.72314 8.46863 6.67572 2.46429 6.72913
0.83160 0.74768 0.42725 0.77057 0.36621 2.38800 0.51880 0.05341 0.00000 0.00000 0.03815 0.32806 0.18311 2.83813 3.99017 5.27191 8.00323 8.56781 3.37982 3.60107 3.28064 5.16510 18.12744 1.85394 1.70135 9.65881 12.07733 9.89532 5.58472 4.82941 1.65558
0.99182 0.03052 0.05341 1.66321 1.25122 2.35748 1.64032 7.20215 0.00763 0.00000 0.10681 0.12970 0.37384 7.96509 10.54382 6.90460 9.29260 4.48608 8.73566 11.46698 3.42560 8.50677 3.57819 8.60596 3.13568 3.06702 11.29913 8.35419 6.53076 3.95203 0.78583
1.05286 0.03815 0.03052 0.04578 0.92316 0.28229 3.64685 1.26648 1.34277 0.80872 0.00000 0.77057 2.62451 10.48279 9.36890 17.61627 7.91931 7.31659 11.68060 8.16345 5.53131 4.33350 12.05444 4.93622 4.96674 7.29370 5.18799 3.50189 1.26648 3.44849 3.32642
0.02289 0.00000 0.00000 0.00000 0.50354 0.67902 2.05994 3.07465 3.58582 9.78088 6.11877 3.02887 2.14386 4.21143 3.27301 2.86865 6.60706 6.78253 5.11932 6.43921 9.11713 4.31824 4.82941 7.65991 7.75909 10.93292 12.83264 12.21466 4.91333 5.82886 4.28772
0.00000 0.00000 0.00000 0.00000 0.01526 0.02289 0.16022 1.28174 3.33405 2.44141 2.19727 4.02069 14.51111 12.46643 3.41797 2.34222 6.88934 2.76947 4.53949 2.67792 8.92639 16.80756 10.18524 3.17383 8.28552 5.37109 10.42938 10.81085 11.01685 3.21198 4.52423
0.00000 0.00000 0.00000 0.00000 0.00000 0.14496 0.00000 0.00763 3.03650 5.37109 4.27246 1.88446 2.03705 11.96289 2.52533 24.21570 7.78961 4.59290 0.09155 2.47955 1.96075 9.59778 5.22614 13.67950 6.92749 4.79126 3.59344 2.63977 3.48663 7.15637 6.53076
0.00763 0.00000 0.00000 0.00000 0.01526 0.04578 0.01526 0.02289 0.67139 5.66101 5.84412 11.12366 4.76837 16.51001 20.05005 26.90125 60.22644 5.02777 8.86536 80.97839 21.98029 3.30353 8.49915 7.07245 1.22833 7.79724 17.94434 3.77655 4.34113 8.39996 6.70624
0.03052 0.09918 0.58746 0.31281 0.67139 0.25940 0.41199 0.19836 0.55695 0.48065 13.58795 10.35309 12.73346 83.07648 25.87128 4.63104 4.15802 7.82776 7.09534 4.64630 5.47028 2.47192 7.00378 0.61035 3.34930 14.54163 20.17212 2.71606 1.69373 4.57001 18.99719
0.22888 1.12152 1.28174 0.56458 0.14496 1.46484 1.27411 1.25885 1.23596 0.30518 4.63104 2.38800 4.17328 9.97162 7.94983 3.81470 13.84735 4.92096 1.54877 0.92316 14.03046 4.16565 4.57764 3.75366 2.44904 21.34705 18.26477 23.39172 5.95093 4.66919 2.97546
0.74005 0.83923 3.07465 3.50952 1.44958 1.37329 2.62451 1.24359 2.42615 3.15857 1.53351 4.37927 0.29755 4.02069 2.79999 3.02887 4.14276 1.77765 2.89154 10.26154 3.91388 1.95312 1.61743 6.88171 11.37543 20.68329 11.74927 13.12256 5.98907 2.68555 2.38800
1.34277 1.93787 0.61798 3.43323 5.52368 5.27191 6.14166 5.51605 0.59509 2.29645 0.66376 1.83105 2.71606 0.76294 1.80054 0.01526 0.22125 9.33075 45.72296 5.85175 4.28009 2.99835 2.67792 2.39563 13.35144 3.28827 0.61798 16.41846 21.43097 13.42773 11.51276
1.65558 2.08282 1.21307 1.10626 1.28174 0.99945 1.79291 2.50244 8.26263 5.00488 1.12152 0.64850 1.43433 1.17493 0.45013 0.72479 0.25940 2.58636 6.60706 12.26044 9.44519 5.00488 0.91553 2.86865 0.38910 0.12207 1.18256 2.46429 9.34601 7.84302 8.47626
4.44794 3.07465 1.87683 4.89044 3.56293 2.15912 0.62561 2.29645 1.05286 1.80817 0.51880 0.28229 3.86810 0.36621 0.64087 0.14496 0.23651 0.18311 0.80872 4.64630 5.40161 1.99890 2.20490 3.38745 0.64087 0.99945 2.38800 0.67139 7.17926 6.03485 4.02832
1.73187 3.27301 5.17273 8.24738 1.34277 1.43433 2.09808 1.86920 2.51770 0.30518 4.22668 3.20435 0.48065 0.95367 1.47247 2.89154 1.35803 0.09155 6.65283 15.60974 5.34821 4.60815 3.41797 5.14984 7.70569 4.64630 2.62451 3.12042 1.64032 3.70026 1.06049
