DATA/RAW-RASTER/ECMWF/20170628/EN-9/20170702.en-9.asc
ncols			31
nrows			16
xllcorner		69.5
yllcorner		19.5
cellsize		1.0
NODATA_value	-99999
0.31662 4.58908 14.62555 10.08606 5.95856 1.66702 3.24631 1.37329 1.51825 0.01907 0.61035 0.20599 0.97656 1.78909 2.59781 2.11716 2.20108 0.95749 0.81253 1.68228 0.76294 0.73624 1.13678 1.34659 0.88120 1.66702 1.45721 0.79727 3.76511 2.54822 5.77164
0.49210 0.00381 6.29044 6.78253 7.18307 3.24249 0.39673 0.16785 0.40054 0.01526 0.03052 1.17874 1.51825 3.00980 9.56726 7.85828 5.12314 5.27573 14.27078 7.85065 10.48660 3.18146 1.77002 0.63324 1.88446 1.16348 1.09482 1.51825 2.71225 3.24631 5.35965
4.22668 9.86099 6.65283 2.49481 8.75092 5.44739 6.66046 0.34332 0.06866 0.33188 0.62561 1.88828 2.65121 5.77164 7.51114 14.66370 13.67188 6.01578 1.37329 8.92258 8.38470 9.35364 6.28281 3.13568 2.88391 4.02832 1.19019 0.45395 0.78964 2.04468 5.72205
2.84958 1.45721 0.25177 1.69754 2.64740 2.05231 4.37546 15.90347 0.75531 2.02942 7.80106 4.17709 11.47842 10.41031 12.22229 7.53021 6.86264 5.82886 3.29590 5.93948 3.41797 6.72531 4.71878 1.76620 4.60434 4.23431 3.34167 2.53677 4.47464 5.35202 4.23050
0.79346 9.69696 0.07248 0.01144 1.04904 3.51715 8.11768 23.68927 59.94034 9.03320 1.12152 7.04956 5.16510 5.02014 2.85721 3.27682 1.89590 3.37982 0.68665 3.50952 2.31171 3.87573 13.08823 8.81195 8.99124 9.44138 9.50241 14.71329 11.52802 4.01306 4.24957
0.52261 1.79291 0.00763 0.14496 0.86212 3.76892 13.37051 24.80698 60.00519 13.91602 33.86688 19.75250 10.36072 2.85339 4.10080 1.60217 6.64520 5.25284 7.10297 4.67682 6.69098 6.83594 3.31116 11.52802 7.96127 19.68384 10.19669 4.55093 9.55963 15.28549 6.37436
0.19455 1.28174 0.28610 0.35477 1.14441 2.90680 11.82938 17.23862 26.56555 34.03091 28.62167 54.33655 50.22812 9.56726 21.18683 9.15909 5.85175 5.82123 6.85883 5.34058 4.29916 9.73511 9.86481 9.93729 14.04953 45.80688 40.75241 14.65607 5.07355 7.20978 6.52313
0.33569 0.40817 0.47684 1.03378 3.20053 16.01410 6.16455 1.51825 9.66263 9.79233 11.87897 24.67728 15.59067 79.94080 313.83896 33.95081 34.89685 13.80920 21.66748 15.58685 13.25226 18.43262 9.75418 28.81241 14.01520 32.57370 58.62427 34.92355 24.34540 7.59888 5.08499
0.00000 0.48828 1.75095 3.88718 23.43369 22.32361 14.29749 1.97983 1.64795 1.58310 3.52859 10.12802 13.01956 19.56940 9.52148 44.19708 22.57538 16.24298 32.11212 169.69681 96.78650 61.80573 24.02496 12.58469 17.53998 16.80756 19.52744 29.69360 40.10773 14.25552 2.54059
0.00381 0.04578 2.83051 32.06253 38.91373 20.34760 2.71606 0.84305 0.23651 0.54932 0.92316 1.45340 1.80054 7.10297 17.31491 28.27454 28.29361 11.89423 6.17599 12.89368 32.64236 93.61267 21.20590 7.66373 8.35419 9.12094 21.36993 32.18079 79.25415 19.03915 7.49588
0.03815 9.55200 17.06696 59.74960 55.27496 52.56653 9.05991 3.23868 0.27466 0.22888 0.57602 0.67520 1.06812 1.90735 20.46204 6.43921 36.84235 32.23038 14.96124 14.09149 36.91864 38.57803 53.73001 9.38034 13.75961 8.98743 30.86853 53.71475 65.12070 36.45706 13.22556
0.29755 9.34219 23.38791 192.68036 213.19580 32.67288 1.90353 0.41580 0.12970 0.01526 0.16022 0.17166 0.46539 3.95584 2.05612 10.69260 22.94540 40.26413 41.91208 22.08328 34.14917 28.08380 2.90680 6.19507 20.94269 7.48444 13.84735 23.09799 39.68811 16.82663 18.01682
1.58691 5.10025 16.09039 23.56339 14.69421 5.42068 0.83542 2.24304 0.11826 0.16022 0.39291 0.95749 0.50735 4.88281 9.11713 11.52802 8.77380 15.14435 13.60321 18.64243 40.10010 37.21237 15.37704 9.51385 16.73889 1.35803 6.69861 9.64737 11.88660 17.47894 14.94980
1.23978 3.25012 0.13351 5.45502 14.29367 4.53186 2.01035 1.37329 1.59454 0.41962 0.26703 1.06812 7.90787 11.52039 6.94275 17.07840 3.70407 6.24847 6.81686 14.82391 9.72366 22.43042 23.90671 37.69302 4.11606 5.26810 1.32751 1.06430 21.66367 18.16940 15.35797
3.06320 1.34277 3.26920 10.45990 7.14493 6.70242 2.31934 1.27411 0.58365 0.28610 1.13297 1.40762 1.83105 2.68936 1.43433 1.44958 0.21744 0.38528 5.47409 8.92639 21.03806 16.70074 45.41397 31.68106 1.72043 0.85831 2.56729 1.73569 6.69479 19.93561 44.17801
1.46484 3.79562 14.59503 32.31049 7.12204 7.26700 4.12369 0.98038 0.94604 0.09918 0.41962 0.94986 0.14114 0.82779 0.22507 2.08282 10.44083 6.44302 15.78903 10.73074 15.77377 17.71164 23.38409 27.55737 42.88101 4.13895 5.24139 3.28064 2.53296 3.25775 15.46860
