DATA/RAW-RASTER/ECMWF/20170628/EN-9/20170703.en-9.asc
ncols			31
nrows			16
xllcorner		69.5
yllcorner		19.5
cellsize		1.0
NODATA_value	-99999
0.09155 3.33023 0.04578 0.60272 1.98746 0.33569 2.37656 1.15585 0.97656 0.00763 0.07629 0.11826 0.38528 0.15259 1.34277 3.23105 3.33023 1.49918 0.80490 2.69318 4.23813 6.65283 15.52582 14.90402 15.54108 9.26971 4.59290 2.12479 0.53406 0.40436 2.65884
0.20599 0.00000 1.26648 1.41144 1.14822 1.70135 0.21744 0.02670 0.08392 0.00381 0.04959 0.00000 1.01089 1.72424 4.52423 7.03049 9.80759 5.57709 1.59836 1.48392 3.05557 11.20377 10.55527 14.84680 14.55307 3.69644 1.68991 0.89264 0.65231 0.11063 0.57220
0.12207 4.93240 0.27466 2.30408 0.79727 2.59399 5.65720 0.15259 0.01526 0.01907 0.40054 0.93079 0.72479 5.01633 11.69205 8.29697 4.45938 4.99344 3.43704 8.33130 17.65442 12.13074 13.01575 7.03049 4.17709 2.86484 2.81525 0.22125 0.37384 1.98364 1.03760
3.54385 0.49210 2.82669 7.59888 1.56403 1.32751 2.67792 8.38089 0.18311 1.15204 4.96292 1.82343 5.90897 10.85663 10.18143 8.77762 1.63269 1.38855 1.15585 3.76892 9.01413 12.06970 19.04678 10.54764 1.40762 0.90027 0.81635 0.87357 8.70514 2.22015 3.86047
1.53732 0.97656 2.52151 7.24030 4.10843 2.45667 2.62451 2.99835 5.93185 24.94049 10.52475 9.63974 7.01141 8.09860 6.05392 8.38852 9.09805 12.11548 10.55527 7.22885 4.61578 3.60489 2.77328 3.94058 1.89590 2.07138 0.38528 5.14221 4.32205 5.76401 6.17599
4.56238 5.02396 2.25830 3.87192 7.12967 4.13895 3.12042 2.23541 158.27179 100.68893 44.93332 8.44955 5.93185 1.58691 4.92096 3.54767 5.31387 10.31494 7.88116 5.03922 3.95966 2.87247 3.79181 13.95035 5.27573 5.34058 2.60162 1.59073 11.48987 16.30402 30.23529
0.12970 2.05994 2.62833 8.28552 9.18961 2.89917 17.75360 19.32144 22.38464 5.85175 7.19070 51.39923 27.24838 16.95633 0.27084 3.66974 1.04141 4.47845 2.96021 2.72369 3.34549 4.09698 12.43210 5.53894 12.53128 25.77972 20.50018 6.14929 2.51007 6.40869 10.81467
0.00000 0.01526 0.29373 0.75150 2.00272 15.66696 23.55576 40.02380 25.68054 10.36835 4.58908 9.70078 9.84192 18.31436 31.29578 23.70071 18.59665 2.61688 7.56073 4.22668 2.62833 19.50455 10.85663 28.09906 12.48550 18.68057 36.19385 19.16504 8.16727 9.01413 18.80264
0.14496 0.17929 0.41580 0.14114 1.89209 7.85446 50.20142 37.11319 16.62827 3.29971 1.70135 2.47192 1.90353 5.16129 17.75742 28.62549 19.98138 25.79880 16.21628 33.01239 37.79984 84.38110 59.78012 27.62222 13.02719 37.20856 51.44501 37.34970 26.37482 13.32474 6.98090
0.50735 1.40762 1.11389 1.30081 1.37329 17.28439 83.00018 36.64398 42.78564 2.75040 0.64850 1.42288 1.61743 0.88882 0.70572 6.51550 7.23648 5.38254 6.10733 5.42450 13.96942 31.84891 47.76764 58.46024 31.34918 20.16830 30.94101 87.98981 118.11447 22.63641 5.03159
0.98038 1.09482 0.91171 1.24741 12.50458 74.90540 8.69370 2.92587 9.46045 4.34494 0.43106 0.76294 0.51117 0.37384 0.34714 1.27029 4.62723 1.82724 4.46701 16.38412 15.13290 29.11377 53.99704 51.12839 14.94217 15.39612 24.95193 38.50174 115.31448 47.58453 22.01080
0.33569 0.49210 1.54877 4.39453 4.36020 8.56400 0.28992 1.59836 0.25940 0.15640 0.35477 0.37384 0.04959 0.39291 0.58365 1.93787 0.48828 0.97656 0.99564 2.68173 25.47836 23.03696 9.32693 10.81848 9.51385 13.05771 17.31491 27.75574 51.88751 35.07996 32.04346
0.72861 0.85449 0.29755 1.64795 3.21960 1.78146 0.92316 1.65939 0.45395 0.35095 0.56458 1.39618 0.29373 1.75858 0.76294 0.35477 0.46921 0.23270 0.74387 5.57327 18.80264 61.21445 17.92526 30.24673 4.98962 5.58853 5.82123 29.51431 17.86423 21.01898 21.15250
1.86539 2.13242 0.26321 3.04794 3.60870 1.30081 1.16730 2.60925 2.01035 1.10245 0.88501 1.39999 0.31662 0.12207 0.51880 2.25449 0.25177 1.09100 3.37219 4.78363 5.60760 37.35352 20.77103 18.96286 1.08719 4.04358 4.17709 19.96994 25.29144 25.35629 15.20157
3.90244 3.94821 2.83051 4.86374 2.25067 1.04523 0.59891 1.08719 1.18256 0.82779 1.41907 0.52261 0.20981 0.06104 0.45395 0.12207 0.00763 0.01144 0.75150 2.32315 6.93130 14.55688 29.45328 14.48822 0.93079 1.34277 10.47897 10.61249 13.46207 17.14706 15.15198
4.91714 5.03540 5.60379 15.80429 0.80872 1.07574 0.74768 0.98801 0.45013 0.41199 2.73132 1.72424 0.11826 0.46539 1.56403 0.41199 4.55475 0.00000 0.33569 1.19019 1.66702 8.84628 18.37158 20.02716 32.66907 11.67297 17.25769 12.06207 8.99887 16.41846 7.04956
