DATA/RAW-RASTER/ECMWF/20170628/EN-9/20170706.en-9.asc
ncols			31
nrows			16
xllcorner		69.5
yllcorner		19.5
cellsize		1.0
NODATA_value	-99999
0.18311 4.29535 1.56403 1.02997 10.40649 2.21252 1.32751 0.19073 0.21362 0.00763 1.36566 1.19781 0.40436 0.50354 2.22015 2.80762 8.71277 9.59015 4.22668 4.56238 9.17053 11.51276 5.68390 2.82288 6.43158 9.30023 15.94543 10.39886 0.93079 1.24359 15.02991
0.01526 0.00763 0.59509 2.13623 2.66266 0.00763 0.14496 0.16022 0.15259 0.09155 0.25940 0.01526 0.05341 0.48065 2.46429 2.77710 7.27081 4.31061 8.01086 16.57104 8.96454 16.41846 8.35419 2.10571 3.44849 6.63757 9.33075 14.06860 2.73895 0.51880 1.06049
1.01471 4.82178 1.67084 2.37274 4.02069 2.63214 2.71606 0.19073 0.04578 0.00000 0.00000 0.00000 0.07629 0.36621 2.16675 3.53241 3.22723 3.31879 7.32422 8.94165 11.16943 16.59393 7.47681 11.77979 6.24847 5.95093 15.64789 5.00488 10.26154 1.41144 2.02179
10.11658 15.31219 4.21906 3.47900 1.36566 1.09863 2.42615 10.34546 0.14496 0.00000 0.00000 0.06866 0.12970 5.84412 4.52423 2.44141 8.68988 8.07190 5.57709 9.84192 3.79944 12.48169 3.12805 3.73077 3.17383 0.19073 8.83484 3.79944 15.06042 13.44299 6.45447
2.10571 0.16022 0.29755 0.28992 0.43488 2.28882 4.02832 2.03705 2.11334 0.50354 0.00763 0.72479 2.56348 1.62506 1.26648 3.96729 3.02124 6.05011 5.60760 5.62286 3.70026 1.89972 3.59344 3.31879 4.06647 1.40381 4.53949 6.69098 17.62390 12.44354 11.66534
3.73077 0.00000 0.00763 0.00000 0.04578 1.16730 5.15747 3.02887 3.92151 1.62506 8.27789 6.07300 3.50952 0.90790 7.40814 3.92914 5.09644 5.85938 7.20215 3.19672 2.34985 2.40326 1.05286 3.88336 1.09863 2.44141 2.71606 6.80542 24.43695 23.06366 30.57861
0.00000 0.00000 0.00000 0.00000 0.13733 0.00763 0.09155 2.51770 6.25610 10.26154 5.95856 18.34106 20.33997 2.87628 1.09863 3.29590 3.02887 0.99182 2.31171 2.55585 2.98309 6.32477 6.23322 1.99890 2.22778 7.51495 11.82556 5.27191 2.40326 4.79126 7.00378
0.00000 0.00000 0.00000 0.00000 0.00000 0.60272 0.07629 0.02289 0.01526 0.01526 0.41962 4.06647 10.79559 25.58899 9.71985 5.75256 6.50787 0.12207 0.25177 3.29590 5.24902 6.14166 2.15912 11.08551 27.07672 22.19391 13.75580 3.98254 9.11713 2.15149 4.44031
0.00000 0.00763 0.00763 0.00763 0.09918 0.86975 0.99182 0.32043 0.16785 0.03815 0.05341 0.41199 7.89642 27.00806 14.70184 30.89905 13.07678 9.92584 6.94275 7.62177 6.95038 4.44031 6.34766 5.22614 0.79346 1.63269 15.98358 16.13617 22.53723 1.04523 0.91553
0.01526 0.08392 0.48828 0.60272 0.63324 0.51880 0.54932 0.99945 1.64032 0.00763 0.08392 0.12207 6.32477 4.40979 24.02496 35.93445 8.41522 9.02557 2.98309 10.00214 5.19562 3.60107 2.79236 2.57874 1.08337 7.51495 23.43750 5.62286 9.82666 1.85394 1.87683
0.09155 0.91553 0.86975 1.28174 0.12207 1.38092 0.67139 1.74713 1.02234 0.84686 0.02289 7.53784 2.94495 0.26703 3.03650 35.45380 36.53717 20.50781 15.67078 11.21521 30.60913 4.02069 13.61847 1.64795 1.89972 4.54712 2.83813 7.67517 8.94165 1.08337 0.44250
0.39673 0.56458 1.82343 2.96783 3.47900 0.77820 3.21960 1.84631 1.14441 0.29755 0.32043 0.03052 0.07629 0.78583 0.25177 4.10461 6.22559 24.70398 21.98029 30.28107 10.00977 10.72693 2.00653 4.30298 4.34113 4.02832 0.80109 1.09100 1.03760 1.51062 0.61798
1.09100 1.39618 0.51880 3.04413 4.82941 3.37982 1.48010 1.85394 1.09863 0.63324 0.44250 0.56458 2.73895 6.23322 1.41907 1.77002 10.01740 12.31384 14.19830 24.42932 21.11816 28.94592 21.83533 2.03705 2.45667 0.12207 0.07629 2.91443 2.67029 1.37329 1.38092
1.22070 1.89972 0.77057 1.38855 2.63214 1.38855 1.93787 2.44141 1.69373 0.34332 1.06049 0.05341 0.27466 3.50952 0.82397 13.48877 6.45447 15.09857 10.78796 15.23590 33.34808 26.66473 42.82379 4.79126 1.33514 0.01526 0.42725 0.75531 0.09155 0.41199 0.20599
3.37219 2.31171 0.94604 5.72968 1.51062 1.31989 0.80109 0.70953 0.44250 0.57983 1.53351 1.10626 5.92041 0.66376 3.98254 11.58905 16.64734 13.38196 7.50732 6.74438 17.53235 16.46423 6.21796 5.92804 0.85449 2.41089 0.86212 0.38147 0.36621 0.79346 0.05341
1.34277 4.45557 3.50189 9.21631 1.19781 5.27954 3.92151 1.10626 0.63324 0.21362 0.82397 3.23486 3.96729 2.26593 0.73242 6.81305 11.07788 2.08282 5.38635 7.08008 3.61633 13.03864 9.71222 5.66864 9.73511 5.75256 1.72424 0.63324 0.93842 0.23651 0.12207
