DATA/RAW-RASTER/ECMWF/20170628/EN-9/20170710.en-9.asc
ncols			31
nrows			16
xllcorner		69.5
yllcorner		19.5
cellsize		1.0
NODATA_value	-99999
1.11389 3.79181 7.79724 4.14276 2.62451 0.77057 0.17548 0.12207 0.17548 0.03815 0.33569 0.89264 1.52588 1.38855 1.06049 0.61798 2.52533 5.30243 6.26373 8.09479 5.85175 1.65558 1.54877 1.50299 1.89209 1.12152 1.89209 1.38855 1.27411 0.24414 3.18909
1.06812 1.04523 9.39178 21.85822 13.29041 2.12097 2.94495 0.45013 0.00000 0.00000 4.27246 5.77545 7.66754 4.00543 10.91766 9.88770 14.74762 14.22882 14.01520 12.37488 19.79828 29.04510 26.37482 11.71875 6.39343 3.77655 1.07574 0.70190 1.44958 0.72479 1.56403
1.12915 0.55695 1.02234 3.95966 15.86151 15.97595 21.11053 7.10297 1.22070 1.19019 6.82831 6.88171 4.55475 4.05884 7.30896 6.20270 5.24902 5.96619 6.37817 8.59833 10.55145 9.39941 14.57977 10.97107 13.89313 6.00433 7.24030 1.26648 1.80817 1.61743 1.54114
0.00000 0.00763 0.00000 0.23651 0.74005 2.51007 15.40375 67.13867 25.58899 4.28772 8.52203 3.70026 3.60107 4.76074 3.40271 3.23486 2.10571 4.50134 0.77057 1.83105 2.00653 1.93024 5.78308 6.04248 2.84576 2.67029 6.46973 6.69098 8.60596 5.86700 5.07355
0.02289 0.00000 0.00000 0.00763 0.00763 0.07629 1.56403 9.51385 41.70227 3.63159 1.61743 3.32642 2.27356 2.25067 1.06812 1.11389 0.80109 0.39673 1.24359 1.19019 3.75366 2.75421 10.20050 11.52802 3.29590 2.38800 3.98254 15.25116 20.80536 3.96729 5.65338
0.00000 0.00000 0.00000 0.00000 0.00763 0.12207 0.93079 1.63269 5.67627 8.43048 12.56561 4.42505 1.29700 1.04523 2.01416 1.71661 0.91553 0.89264 1.31989 0.73242 1.06049 0.80109 3.08228 4.71497 2.76947 3.21198 1.94550 0.63324 5.01251 19.80591 12.19177
0.00000 0.00763 0.00000 0.00763 0.00000 0.00763 0.00000 0.43488 6.65283 4.58527 7.99561 10.65063 16.20483 5.40161 0.90790 3.15857 2.12860 1.48773 1.12915 4.54712 7.60651 3.54004 5.14221 8.22449 7.99561 14.70947 2.96783 4.59290 1.45721 8.05664 11.89423
0.00763 0.00763 0.00000 0.00763 0.00000 0.00000 0.00763 0.61798 8.74329 11.42120 21.22498 12.84790 3.53241 16.55579 21.11053 40.13062 9.81140 3.17383 0.93079 4.10461 4.95911 10.90240 8.41522 6.40869 11.91711 19.92035 3.53241 6.80542 3.97491 1.22070 3.91388
0.00000 0.00000 0.00763 0.00763 0.00000 0.00763 0.22125 4.61578 29.67072 16.89911 18.23425 8.99506 5.89752 1.94550 0.96893 3.24249 3.74603 2.69318 15.09094 51.80359 5.55420 13.42010 17.36450 3.38745 35.95734 4.25720 20.66040 11.48987 27.13776 2.12860 0.70953
0.00763 0.03052 0.19836 0.04578 0.10681 0.69427 1.83868 8.85010 32.06635 19.52362 36.16333 8.56018 5.46265 2.51770 2.52533 1.62506 6.40869 4.85992 8.08716 15.45715 7.85828 11.77216 9.65881 2.86865 4.45557 11.86371 5.34058 2.62451 7.08008 0.14496 0.16785
0.35858 0.10681 0.86975 0.27466 0.02289 0.42725 5.82886 8.97217 14.82391 36.65924 35.44617 13.39722 6.53076 29.12140 5.52368 3.44849 3.40271 6.18744 7.87354 3.76892 2.80762 4.63867 10.91003 8.42285 2.15149 1.22833 1.56403 16.96014 5.09644 1.61743 0.37384
0.30518 0.34332 0.98419 2.17438 1.06049 0.40436 1.07574 7.66754 29.01459 29.96063 77.40021 6.27136 6.71387 14.16779 11.20758 3.24249 3.15094 9.07135 2.43378 1.65558 2.58636 0.77057 3.15094 6.79016 5.07355 1.82343 0.71716 3.50189 3.41797 4.47845 2.23541
0.64850 1.75476 0.88501 2.05994 3.53241 2.32697 0.81635 1.57166 14.91547 44.52515 36.17859 4.45557 24.10889 11.09314 14.00757 5.72968 1.19019 3.26538 2.19727 1.48010 1.86920 2.71606 2.54059 3.78418 4.11987 1.64032 0.17548 2.96783 2.60162 2.28882 0.86975
2.25830 2.54822 0.19836 1.23596 3.91388 1.97601 4.91333 3.44086 6.24847 1.35040 7.08008 24.71924 3.02887 1.65558 12.11548 5.93567 3.76892 5.39398 3.28827 3.95966 5.45502 4.16565 1.68610 2.22778 0.48828 0.70190 0.34332 1.73950 2.34222 2.05994 1.36566
1.68610 1.97601 1.14441 3.93677 2.96021 4.30298 2.46429 2.60925 3.00598 4.35638 10.74219 13.98468 6.40869 11.77216 7.67517 11.52802 14.25171 7.15637 6.41632 3.57056 1.56403 2.29645 10.32257 53.95508 5.43976 2.38037 1.57166 1.32751 0.74005 3.06702 1.57928
0.38910 1.12915 4.34875 15.65552 2.89154 21.77429 3.40271 9.49860 1.42670 5.34058 18.10455 17.60864 8.04901 11.96289 11.70349 10.33783 32.48596 12.16125 7.64465 8.50677 5.24139 4.69208 8.85773 8.39233 11.45935 2.48718 17.76886 3.60870 4.77600 1.54877 1.15204
