DATA/RAW-RASTER/ECMWF/20170628/EN-9/20170711.en-9.asc
ncols			31
nrows			16
xllcorner		69.5
yllcorner		19.5
cellsize		1.0
NODATA_value	-99999
1.87683 5.72968 2.42615 3.57056 9.96399 7.52258 9.67407 4.34875 2.41852 2.20490 1.23596 3.33405 3.56293 6.55365 10.77271 9.80377 11.92474 6.94275 5.03540 4.72260 2.14386 2.51770 0.28229 0.38910 0.04578 0.10681 0.03815 0.03052 0.00763 0.00000 0.07629
1.63269 1.00708 5.31769 16.31165 22.28546 12.10785 2.19727 4.01306 5.19562 1.70898 7.38525 5.33295 7.31659 10.97107 12.18414 8.21686 9.54437 6.81305 1.53351 0.27466 1.10626 2.17438 1.31226 1.61743 2.21252 7.15637 9.76562 7.49969 3.25775 0.45776 0.03052
1.41907 0.63324 0.74768 4.41742 12.00104 2.25830 14.47296 0.97656 3.56293 5.85175 12.77924 18.44788 15.25116 13.16071 10.50568 9.33838 5.81360 5.49316 2.15912 0.41962 0.81635 6.45447 10.74982 6.22559 11.07025 8.15582 11.06262 11.97052 11.11603 6.22559 3.94440
0.35858 0.00000 0.00000 0.66376 5.72205 7.33185 4.27246 10.68878 0.34332 1.73187 2.67029 3.85284 6.44684 16.16669 9.26208 4.38690 5.83649 3.79944 8.68988 16.12854 10.19287 7.68280 12.69531 20.85114 15.25879 16.04462 13.23700 23.03314 19.43207 18.75305 27.49634
4.92096 0.00000 0.00000 0.00000 0.48828 7.27081 5.59235 20.77484 24.17755 3.54004 0.48065 6.30188 4.60815 5.95093 5.82886 2.86102 4.06647 2.39563 0.74768 4.44031 7.33948 8.85010 9.24683 16.46423 9.82666 2.11334 1.33514 9.01031 19.88983 18.24188 11.32202
0.00000 0.00000 0.00000 0.00000 0.04578 2.01416 5.48553 11.01685 9.55200 22.36176 9.16290 6.89697 8.06427 1.26648 1.48010 3.60870 3.71552 17.28058 7.69043 14.00757 15.10620 4.98962 3.79181 11.63483 5.05829 5.17273 1.09100 0.93842 6.89697 13.69476 15.57159
0.00000 0.00000 0.09155 0.01526 0.36621 1.15967 1.86157 9.65118 5.09644 5.82886 12.76398 16.71600 12.03918 5.82886 0.32043 2.45667 1.28174 2.25830 4.34875 7.18689 1.23596 7.43103 6.25610 4.79126 5.09644 32.46307 16.12854 8.39996 1.16730 6.11877 10.27679
0.00000 0.00000 0.00000 0.00000 0.25177 2.25830 3.82233 11.23810 13.68713 13.15308 10.87952 6.86646 4.34113 7.29370 15.05280 19.36340 4.00543 8.17871 1.61743 1.78528 1.24359 6.01196 1.17493 20.33234 19.02771 18.94379 12.22992 6.91223 21.30127 3.10516 17.06696
0.00000 0.00000 0.00000 0.00000 0.77057 7.68280 19.46259 13.87787 12.80975 16.27350 24.76501 15.07568 10.71930 9.94873 28.86200 7.13348 2.30408 1.77765 11.95526 26.96991 7.72095 2.90680 5.66101 11.16180 3.44849 2.67792 45.89844 12.87842 15.48004 1.93024 7.42340
0.00763 0.09155 0.84686 0.77820 1.13678 16.01410 28.65601 85.19745 10.05554 13.05389 19.63043 2.83813 1.55640 5.05829 19.25659 6.46210 2.62451 0.93842 1.56403 2.38037 1.19019 1.46484 1.84631 3.41797 5.98145 4.76074 21.56830 18.02826 12.67242 1.18256 5.82886
0.12207 1.08337 1.22070 1.06049 0.27466 2.37274 21.42334 21.65985 13.05389 8.39996 2.64740 3.45612 0.68665 0.86212 8.27789 10.39124 1.41144 1.64795 0.36621 0.25940 1.97601 9.83429 4.89044 4.40979 5.59235 13.48114 3.86047 9.96399 2.99072 2.17438 8.91113
0.24414 0.57220 1.68610 3.81470 1.72424 0.41199 5.94330 13.83972 66.40625 3.14331 1.67084 1.15967 0.51880 3.48663 4.59290 3.39508 1.71661 1.65558 1.90735 0.60272 2.00653 5.98145 5.63049 6.57654 4.30298 3.27301 0.92316 14.63318 2.68555 8.56781 5.18799
0.79346 1.18256 0.68665 2.70081 3.86810 2.21252 1.00708 1.99890 4.52423 4.56238 1.38855 2.26593 1.99890 4.42505 5.95093 4.77600 2.06757 2.10571 1.80817 1.15204 1.57166 1.51825 10.87189 9.28497 5.25665 0.67902 0.27466 9.20868 7.71332 3.28827 2.69318
1.76239 2.15912 0.29755 0.98419 2.23541 0.86212 0.34332 0.77057 1.38855 1.96075 6.07300 5.00488 4.01306 11.11603 5.27954 12.41302 4.52423 10.79559 2.25830 1.02997 0.96893 3.03650 40.56549 13.67188 2.12097 1.03760 4.50897 55.84717 3.56293 9.44519 3.48663
1.96075 2.07520 1.90735 4.60052 5.53131 1.39618 1.82343 1.87683 1.41907 10.19287 2.58636 8.49915 8.86536 5.46265 14.62555 14.22882 9.59015 9.24683 4.08173 2.97546 2.18201 1.10626 6.75964 29.38080 27.52686 2.09808 0.61035 3.48663 0.40436 7.00378 0.95367
0.86212 1.58691 5.68390 8.09479 0.75531 2.71606 0.84686 4.05884 7.61414 4.87518 10.94055 12.64954 5.82886 7.26318 4.00543 26.94702 33.95081 26.24512 5.11169 4.50897 5.07355 5.63812 8.76617 12.17651 6.72150 16.09039 6.37817 2.41852 0.76294 2.40326 1.87683
