DATA/RAW-RASTER/ECMWF/20170628/EN-9/20170709.en-9.asc
ncols			31
nrows			16
xllcorner		69.5
yllcorner		19.5
cellsize		1.0
NODATA_value	-99999
1.40381 0.87738 1.68610 3.66974 0.16022 0.16022 0.01526 0.05341 0.13733 0.00000 0.00763 0.07629 0.28992 0.47302 0.33569 0.25177 0.87738 1.42670 1.09100 1.00708 1.23596 0.71716 1.40381 1.85394 1.32751 2.34222 2.72369 2.81525 1.67084 1.88446 7.37762
0.00000 0.00000 0.31281 5.27191 3.14331 1.23596 0.08392 0.06866 0.00000 0.00000 0.78583 0.13733 0.91553 2.70844 2.78473 2.46429 1.73950 1.01471 0.62561 1.04523 0.60272 0.41962 0.97656 1.23596 2.41089 2.34222 5.66101 4.57764 4.23431 7.17926 10.88715
0.48065 0.05341 0.00000 1.84631 12.64954 17.47894 1.81580 0.01526 0.22888 0.20599 2.80762 8.36945 9.93347 9.54437 4.05884 4.05121 3.12805 2.41852 5.73730 3.76129 4.15039 10.41412 13.11493 15.99121 10.23865 8.73566 9.61304 5.10406 8.41522 9.55200 8.17108
0.00000 0.00000 0.00000 0.00000 1.27411 1.95312 38.07068 29.07562 0.86975 4.75311 9.50623 4.31824 16.16669 8.62885 5.98145 2.37274 2.86102 1.31989 1.20544 0.57220 0.94604 1.54114 2.54822 3.26538 1.90735 2.97546 1.51825 6.45447 8.56018 13.29803 10.24628
0.23651 0.00000 0.00000 0.00000 0.00000 0.01526 0.55695 31.40259 28.83148 12.79449 2.25830 21.52252 9.09424 5.51605 1.39618 2.13623 1.08337 0.85449 0.64087 0.40436 0.64087 0.74768 0.77057 0.31281 0.00000 0.06866 0.00000 0.18311 4.26483 5.84412 8.14819
0.00000 0.00000 0.00000 0.00000 0.00000 0.00000 0.01526 10.06317 57.80029 44.72351 71.62476 12.67242 11.49750 5.22614 5.66864 2.83051 1.83105 1.02997 1.22070 1.57928 1.01471 0.57220 0.15259 0.04578 0.34332 6.02722 0.97656 0.12207 2.31171 0.56458 0.36621
0.00000 0.00000 0.00000 0.00000 0.00000 0.00763 0.00000 0.14496 13.97705 33.50830 64.97192 31.32629 19.72961 8.56781 1.34277 1.67084 2.15149 2.54059 1.41907 0.36621 1.84631 1.04523 0.61035 0.10681 0.49591 12.31384 3.47137 2.38037 0.15259 0.14496 0.05341
0.00000 0.00000 0.00000 0.00000 0.00000 0.00000 0.03052 0.17548 2.89154 22.41516 18.16559 6.03485 10.60486 5.39398 5.13458 0.33569 3.76129 0.04578 0.31281 0.27466 3.08990 1.38092 1.28174 2.54059 7.38525 10.87189 2.92969 18.83698 12.17651 2.42615 2.19727
0.00000 0.00000 0.00000 0.02289 0.12970 0.00000 0.05341 0.00763 0.43488 7.49207 22.33124 47.04285 5.27191 1.11389 6.05774 5.95093 1.01471 0.63324 7.53021 19.02771 3.73077 11.03973 18.34106 10.67352 61.30219 4.73022 6.46210 15.23590 9.57489 2.80762 0.32043
0.00763 0.02289 0.19073 0.49591 1.07574 0.07629 0.03815 0.88501 0.55695 26.66473 18.27240 24.93286 10.68878 6.39343 13.29803 11.52802 26.02386 14.91547 7.62939 17.70020 34.57642 8.41522 7.89642 4.51660 13.19885 12.51984 53.17688 12.25281 22.36176 1.05286 1.02997
0.23651 0.29755 0.46539 0.60272 0.83923 0.33569 0.49591 1.54877 0.86975 4.31061 24.90234 41.17584 22.89581 5.48553 8.52966 30.25818 13.70239 2.30408 0.82397 0.87738 3.23486 2.46429 29.27399 15.87677 7.88116 9.46808 53.68805 38.36060 6.13403 2.83813 10.99396
0.41962 0.63324 1.31226 2.05231 1.25122 0.83923 1.82343 1.96075 4.77600 7.65228 20.39337 30.38788 11.15417 4.85229 14.51874 11.06262 12.90131 22.19391 3.63922 8.81195 4.44794 2.87628 31.41785 52.61230 6.79016 1.47247 21.43860 57.73926 19.65332 4.62341 3.27301
0.98419 2.76947 2.39563 2.96021 1.95312 0.67139 0.88501 6.95038 12.29858 4.54712 15.40375 31.94427 16.18958 11.48224 21.53015 23.36884 13.25989 7.59888 19.50836 6.95801 2.86102 18.63861 21.32416 3.90625 10.41412 1.82343 0.83923 27.44293 6.61469 2.02179 3.73840
3.24249 2.73132 1.02997 4.96674 2.18964 1.86920 0.93842 1.19019 4.20380 3.37219 5.60760 15.69366 20.69855 6.79016 12.39014 18.68439 29.96826 38.71155 4.95911 8.26263 4.31824 13.84735 26.29089 40.82489 9.78851 1.13678 0.41199 58.16650 2.40326 3.94440 1.93024
4.05884 1.90735 2.02942 6.08826 7.27081 1.30463 0.90027 0.25177 0.86975 0.50354 1.73950 4.06647 10.04791 11.36017 4.98199 10.56671 3.89862 3.25775 3.54767 4.61578 3.66211 3.73077 17.76123 179.33655 9.74274 0.99182 1.51062 2.57874 1.37329 2.05231 4.58527
3.12042 4.64630 7.31659 11.97815 2.51007 2.38800 2.63977 4.77600 0.82397 0.23651 0.67139 2.22015 5.34821 16.26587 8.94165 9.99451 4.97437 1.22833 6.14166 7.97272 5.98145 4.58527 5.90515 12.48932 31.36444 1.86157 1.34277 2.63977 4.47845 3.46375 3.68500
