DATA/RAW-RASTER/ECMWF/20170628/EN-9/20170704.en-9.asc
ncols			31
nrows			16
xllcorner		69.5
yllcorner		19.5
cellsize		1.0
NODATA_value	-99999
0.04578 0.03815 0.12207 1.05286 2.20871 0.48828 1.98746 1.59073 0.82779 0.00000 0.16403 0.36240 1.28555 0.11444 0.37003 0.85449 1.43051 2.34222 0.61417 2.15530 1.38474 2.36893 0.39673 0.65231 1.19400 1.15585 4.36783 4.50897 8.79669 17.53998 29.12140
0.19836 0.00000 0.00000 0.00000 2.31552 0.54550 0.03815 0.02670 0.23270 0.02289 0.27466 0.00000 0.07248 0.38147 2.67792 5.34058 1.60599 0.56076 1.06049 1.21689 5.02396 2.35748 0.58746 1.09863 1.30081 3.16620 4.37546 12.89749 11.57379 9.91821 28.50723
0.06104 1.25122 0.00000 0.06104 0.19073 2.01035 2.84958 0.05341 0.03052 0.02289 0.09918 0.83160 3.93677 2.45667 4.08936 1.02997 1.01852 0.20981 0.94986 2.31552 12.14218 7.09534 6.33240 5.57327 3.21960 5.87845 6.18744 10.38742 9.60541 14.79721 21.22879
0.00000 0.22888 0.98419 0.41199 0.13733 2.25067 1.99890 11.32584 0.08392 0.00381 3.76892 5.78308 6.75201 4.26865 5.24521 1.28555 1.27029 0.29373 0.80490 5.72968 4.02451 14.27078 12.65335 11.13510 7.81250 1.10245 2.78854 6.08063 6.77490 6.49643 10.55527
0.88120 5.39017 1.75476 0.15259 0.41580 1.19781 3.10135 3.80325 2.97546 4.59290 1.88446 4.67682 5.11169 3.02124 1.62506 12.31766 0.73624 3.10898 6.79016 11.76453 5.96237 16.79993 9.09424 1.36948 0.74387 0.94986 0.52261 0.52643 1.51443 3.80707 3.30353
2.67792 0.97656 0.87738 0.87738 1.85013 1.44958 4.65775 1.01471 6.64520 16.67023 15.74326 13.51929 2.75803 2.38800 8.42285 5.41687 11.58905 13.83591 13.21411 7.12585 5.62668 4.33350 4.08936 3.04413 2.32315 2.62451 0.67139 0.44632 0.90408 4.58527 2.70844
0.00381 0.00000 0.02289 0.53787 1.34277 1.75476 1.56403 1.54114 72.60895 24.31870 39.43634 13.26370 14.37378 7.60269 0.44250 5.56946 2.86102 11.87134 15.35034 21.45767 7.65991 3.68881 7.79343 7.77817 8.43430 10.58960 5.17654 2.04468 0.52261 1.42288 5.83649
0.00000 0.00000 0.01526 0.80109 1.23978 0.87357 1.44196 3.21579 3.24631 22.04895 30.83038 11.03973 4.26483 5.58090 3.46375 7.90024 12.16507 8.23975 5.27573 6.75964 18.99719 13.96179 5.81360 11.79504 19.58466 24.18137 35.03418 17.20428 13.77869 4.43268 12.82883
0.77057 0.26703 0.22507 0.19073 0.09537 0.04578 0.08774 2.79617 8.02994 29.55627 15.51819 14.13345 3.18909 6.34384 10.25009 6.08063 10.87189 5.95093 19.55414 94.19250 52.28043 49.08752 27.92740 57.39975 5.91660 7.99942 21.94977 17.31873 28.54919 6.96564 7.11441
0.37003 1.33133 0.76294 2.78473 1.69373 0.21744 0.02289 0.22125 85.44159 81.40945 9.87244 11.95145 19.80972 4.00925 1.87302 0.35858 4.03214 5.97382 8.22449 14.19449 22.07184 3.63922 11.16180 32.80258 26.54648 28.99551 66.95938 157.57370 64.62479 3.89481 8.62122
0.55695 1.83868 2.19345 1.64795 0.15259 0.66757 0.68283 1.76620 2.94495 2.23160 1.70517 2.47192 4.62341 2.75421 0.47302 2.45285 1.25504 0.88501 1.42288 2.91061 6.57654 57.23190 55.66788 64.97574 21.99554 22.69363 24.26147 19.39774 41.04233 15.66696 2.15912
0.38528 2.76947 3.66592 4.29535 0.74387 0.29755 0.21362 0.66757 0.61417 0.53787 1.61362 1.67465 1.80054 2.00272 1.04523 1.52969 1.61743 0.80872 0.32806 4.15421 18.85605 49.39270 20.81299 30.15900 25.19226 31.28433 23.00644 16.29257 32.80640 24.84512 14.93454
1.15585 1.02997 0.44632 1.22070 3.10516 1.75095 0.89264 1.31226 1.03760 0.76675 0.93460 1.36948 1.73569 2.86484 3.12424 4.10461 1.60980 0.41962 1.12915 1.24741 10.04791 28.60641 22.73560 25.47836 14.20212 2.71988 1.70898 10.36072 27.08435 10.13184 13.06915
1.98746 1.70517 0.51498 4.93240 1.99509 1.59836 1.29700 2.54059 2.65121 1.86157 1.60599 0.57983 1.99509 2.01416 2.25067 15.02609 2.64740 1.36948 0.30136 1.18256 1.44196 17.20810 14.58740 12.14600 9.37271 1.27411 1.52588 6.01959 17.07077 16.75797 4.65775
3.37982 0.78583 3.81088 7.49207 2.05231 3.61252 1.25504 1.44196 0.99945 2.12860 1.01471 1.09100 0.90790 0.71335 1.45340 0.32043 0.01144 0.00000 0.40436 3.16620 4.50516 12.93945 18.96286 28.49579 2.79617 2.41089 19.71054 5.48553 13.33618 15.80048 19.62280
4.53568 2.76566 5.63049 11.90948 1.51062 2.90298 2.65121 3.99017 2.65121 2.29645 4.18091 1.67084 1.06049 1.12152 1.38855 0.32806 2.60925 0.00000 1.62506 2.76566 2.72751 10.19287 23.05222 19.24896 29.66309 8.54874 14.59503 11.86371 13.39340 15.75851 4.55093
