DATA/RAW-RASTER/ECMWF/20170628/EN-9/20170630.en-9.asc
ncols			31
nrows			16
xllcorner		69.5
yllcorner		19.5
cellsize		1.0
NODATA_value	-99999
1.55067 4.36974 8.23593 6.21414 10.60486 14.21356 11.13129 6.28090 7.49207 3.09753 7.38907 8.22639 9.16481 9.48715 7.77435 6.39915 3.59917 1.79291 2.09808 5.69153 7.17926 15.13100 21.51680 12.49123 9.55200 5.45120 3.74985 1.53351 0.57602 0.55122 0.10681
0.76103 2.06947 18.45741 9.93156 8.65364 5.48172 7.52640 6.66046 6.87599 5.54657 5.11742 6.50406 1.19972 2.79808 3.71170 1.89781 2.83432 1.09863 1.95312 4.52995 4.50516 7.74193 11.64436 8.06236 6.29997 5.37491 5.23376 3.87955 3.45230 2.29645 0.29373
0.62943 8.70705 2.26593 2.29836 1.26266 2.58255 36.69167 13.92365 2.24686 5.75256 1.24168 0.91743 1.27602 4.39453 6.32477 4.06456 4.11987 2.90108 1.10054 0.98991 2.99263 4.19044 2.85721 6.71959 5.84602 4.56810 7.84492 3.70598 4.93813 6.02722 2.95067
5.74493 2.56920 1.75285 1.37520 1.54495 14.97269 37.23717 25.52795 11.10840 0.59509 1.62506 0.60463 1.23978 0.53787 1.71280 1.60599 0.92697 4.72832 1.23787 4.64058 10.48851 6.26755 10.88715 9.90105 8.88824 7.67899 4.02069 8.01086 11.71303 11.53755 5.21469
4.81606 1.01852 1.13297 0.63705 16.30402 28.55492 24.42932 19.99474 21.79146 4.39644 0.94414 0.70763 1.15585 1.87874 1.18446 1.32179 0.35667 0.45586 3.53432 4.32014 5.71060 8.27217 8.92639 8.28743 1.74141 4.78363 2.83051 2.72560 13.00430 12.42447 12.17842
2.28500 0.79155 0.47493 10.20432 19.39011 26.13258 12.64191 18.16750 23.37646 20.11681 26.27945 5.33104 2.28500 0.86403 0.74196 1.86539 1.61934 2.56538 4.98390 4.17328 4.95529 10.13565 10.60677 4.92477 9.21631 8.64601 5.23758 2.64549 12.74300 11.29913 11.29532
0.29564 1.13297 1.35994 12.80212 27.61650 16.38603 10.59532 10.23102 15.51056 15.20538 15.10239 15.73563 7.38907 8.78906 0.54741 2.09808 3.50571 3.38554 0.22316 0.82588 4.64439 7.93266 14.37569 7.08580 12.41112 86.03287 41.14532 15.52582 5.06020 16.16096 18.86368
1.11961 0.69237 3.58772 17.29965 23.60153 15.19012 14.72473 11.68251 11.45935 16.74843 20.82443 22.90916 4.39835 23.07892 5.12886 10.50186 4.85420 0.37766 13.88359 2.87819 5.02205 22.29500 3.92914 16.62445 15.81001 61.25641 72.94273 32.89223 39.45541 8.79288 16.82854
14.41574 13.55934 31.18515 23.57101 11.41930 3.80516 9.43756 12.14218 5.79643 10.45990 19.47975 19.93752 43.17284 24.11652 21.78574 10.86044 6.66809 3.80516 109.55811 13.17787 23.99826 16.60156 6.23131 24.06883 10.26154 2.92778 41.53061 62.06894 100.13390 17.00974 7.21550
17.42554 9.84001 25.69199 48.00224 6.62041 4.95720 5.31197 15.22446 7.66945 4.19617 13.06915 22.13669 38.46359 24.92714 28.03230 13.88931 8.45337 4.03214 4.19426 10.50186 10.62965 11.21330 44.46602 3.17574 2.01416 5.33295 33.47969 36.56197 26.47972 16.17241 16.85905
38.15460 46.30089 33.40530 61.99646 4.83322 1.49345 1.53542 11.35445 8.82149 13.58986 17.99965 13.91029 19.48166 23.69690 16.67404 5.66483 2.85912 3.75366 1.70326 3.51906 5.05447 62.84904 102.83661 12.22992 5.50652 23.21815 8.12912 6.20461 17.12227 3.10326 5.53322
20.56313 37.99438 31.54182 6.40869 7.22122 1.52588 3.71552 3.44849 4.98199 1.32179 11.16180 9.42421 31.09550 40.47585 29.51050 4.40788 2.09045 1.87111 5.07164 5.53513 6.00243 6.46400 2.15912 1.47247 7.03812 12.46262 2.30408 2.09236 11.28387 9.10759 11.03783
8.97217 52.27470 44.34395 6.05011 2.85339 1.37329 1.01471 2.76184 1.14632 1.14250 13.19885 12.59422 10.15854 31.79932 12.87079 1.39046 1.94168 7.73621 5.42831 2.26021 2.24686 13.22937 2.33650 1.95312 2.04277 1.55640 0.32043 1.78719 5.60760 13.07869 4.11224
34.39331 9.62067 1.85776 6.29425 1.32179 0.84877 0.78011 2.07520 2.36702 1.62697 17.20238 10.95200 14.33182 51.50414 47.63794 19.59229 5.49126 4.41742 3.22914 4.26674 14.30130 16.15906 3.55148 1.98555 0.87357 1.46866 1.11008 0.75340 13.73291 10.18906 10.84709
10.76508 6.66809 6.42967 12.36153 2.12479 0.60463 0.34714 0.82207 0.59319 2.66647 6.88553 5.14984 5.11551 16.79420 12.80785 4.45938 4.01497 2.31934 5.89180 13.75771 13.01765 19.70482 28.36990 21.96884 4.28581 1.11008 0.73624 1.95694 7.48634 6.71768 8.41713
2.82860 4.13322 10.50568 8.89778 2.65312 1.11580 0.90408 1.00708 2.32697 2.17056 6.45638 15.45334 6.50215 6.51932 19.02962 28.89824 12.29668 7.63321 11.67297 9.80377 8.14247 13.29422 14.61601 26.33286 22.05658 4.26674 12.30812 1.63651 1.07956 7.03812 4.21906
