DATA/SHG/ECMWF/20170628/EN-15/20170711.en-15.asc
ncols        190
nrows        64
xllcorner    -5100000.000000000000
yllcorner    4130000.000000000000
cellsize     10000.000000000000
NODATA_value  -99999.000
[rows 0 to 33 of 64, columns 76 to 151 of 190]
1.015 0.969 0.922 0.872 0.821 0.889 1.289 1.709 2.114 2.504 2.880 3.242 3.589 3.921 4.239 4.542 4.831 5.070 5.191 5.316 5.445 5.580 5.719 5.862 6.011 6.164 6.322 6.485 6.653 6.856 7.158 7.455 7.749 8.039 8.325 8.606 8.884 9.157 9.427 9.692 9.954 10.149 10.157 10.174 10.200 10.234 10.278 10.330 10.392 10.462 10.541 10.629 10.726 10.785 10.710 10.635 10.561 10.487 10.413 10.340 10.268 10.196 10.124 10.053 9.982 9.941 9.982 10.023 10.064 10.105 10.147 10.189 10.231 10.273 10.315 10.358
1.254 1.301 1.345 1.385 1.422 1.518 1.902 2.270 2.624 2.964 3.289 3.600 3.896 4.177 4.444 4.696 4.934 5.150 5.292 5.438 5.589 5.744 5.905 6.070 6.240 6.414 6.594 6.778 6.967 7.171 7.455 7.734 8.010 8.282 8.549 8.813 9.072 9.328 9.579 9.826 10.069 10.284 10.332 10.388 10.454 10.528 10.612 10.704 10.805 10.915 11.033 11.161 11.298 11.412 11.339 11.266 11.194 11.122 11.050 10.979 10.909 10.839 10.769 10.700 10.632 10.580 10.622 10.663 10.705 10.747 10.790 10.832 10.875 10.918 10.972 11.046
2.042 2.076 2.107 2.135 2.159 2.194 2.527 2.844 3.148 3.436 3.710 3.970 4.215 4.446 4.662 4.864 5.051 5.223 5.387 5.554 5.726 5.903 6.085 6.271 6.463 6.659 6.859 7.065 7.275 7.490 7.756 8.017 8.275 8.528 8.778 9.023 9.265 9.502 9.735 9.964 10.189 10.409 10.497 10.593 10.698 10.812 10.935 11.067 11.208 11.357 11.516 11.683 11.859 12.038 11.967 11.896 11.825 11.755 11.686 11.617 11.548 11.480 11.413 11.346 11.279 11.211 11.247 11.292 11.344 11.405 11.474 11.551 11.637 11.731 11.833 11.943
2.831 2.853 2.872 2.886 2.898 2.905 3.164 3.431 3.683 3.921 4.144 4.353 4.548 4.727 4.893 5.044 5.180 5.302 5.476 5.665 5.858 6.057 6.260 6.468 6.680 6.897 7.119 7.346 7.578 7.814 8.061 8.304 8.544 8.779 9.010 9.238 9.461 9.680 9.895 10.107 10.314 10.517 10.652 10.788 10.933 11.087 11.249 11.421 11.601 11.790 11.988 12.195 12.411 12.636 12.593 12.524 12.426 12.309 12.201 12.104 12.018 11.941 11.875 11.819 11.774 11.739 11.804 11.885 11.975 12.072 12.178 12.292 12.415 12.545 12.684 12.832
3.623 3.632 3.638 3.640 3.639 3.634 3.813 4.030 4.231 4.418 4.591 4.749 4.892 5.022 5.136 5.236 5.322 5.393 5.560 5.770 5.985 6.204 6.429 6.658 6.892 7.130 7.374 7.622 7.875 8.132 8.369 8.595 8.816 9.034 9.247 9.456 9.661 9.863 10.060 10.253 10.442 10.627 10.798 10.973 11.158 11.351 11.553 11.727 11.878 12.037 12.204 12.378 12.560 12.750 12.708 12.616 12.534 12.462 12.401 12.350 12.309 12.278 12.258 12.248 12.248 12.259 12.352 12.470 12.596 12.731 12.873 13.024 13.183 13.351 13.526 13.710
4.417 4.414 4.407 4.397 4.383 4.365 4.475 4.641 4.792 4.928 5.050 5.157 5.250 5.328 5.392 5.442 5.477 5.497 5.638 5.870 6.106 6.347 6.592 6.843 7.098 7.358 7.622 7.892 8.166 8.445 8.682 8.890 9.093 9.292 9.488 9.679 9.866 10.049 10.193 10.307 10.413 10.512 10.636 10.784 10.939 11.101 11.271 11.449 11.635 11.828 12.029 12.238 12.454 12.678 12.714 12.667 12.631 12.605 12.590 12.584 12.589 12.605 12.630 12.666 12.712 12.768 12.891 13.046 13.209 13.380 13.559 13.747 13.943 14.147 14.359 14.580
5.213 5.197 5.178 5.155 5.128 5.099 5.150 5.264 5.364 5.450 5.521 5.578 5.620 5.648 5.661 5.660 5.644 5.614 5.711 5.964 6.221 6.483 6.750 7.022 7.298 7.579 7.865 8.156 8.451 8.724 8.925 9.064 9.197 9.322 9.440 9.550 9.653 9.748 9.837 9.917 9.991 10.057 10.179 10.361 10.550 10.747 10.952 11.164 11.384 11.612 11.847 12.090 12.341 12.599 12.709 12.708 12.718 12.738 12.768 12.808 12.859 12.920 12.991 13.073 13.165 13.267 13.421 13.613 13.812 14.020 14.236 14.460 14.693 14.933 15.182 15.440
6.011 5.983 5.951 5.915 5.876 5.834 5.836 5.900 5.950 5.985 6.005 6.011 6.003 5.980 5.943 5.891 5.824 5.744 5.778 6.052 6.315 6.572 6.830 7.088 7.345 7.603 7.862 8.120 8.379 8.637 8.840 8.947 9.046 9.138 9.223 9.301 9.371 9.433 9.488 9.536 9.577 9.610 9.714 9.930 10.154 10.385 10.624 10.871 11.125 11.387 11.657 11.934 12.219 12.512 12.693 12.738 12.793 12.859 12.935 13.021 13.118 13.224 13.342 13.469 13.606 13.754 13.942 14.170 14.406 14.651 14.903 15.164 15.434 15.711 15.997 16.291
6.811 6.771 6.726 6.678 6.627 6.572 6.535 6.549 6.547 6.532 6.502 6.457 6.391 6.286 6.171 6.046 5.911 5.766 5.705 5.963 6.221 6.479 6.737 6.996 7.255 7.514 7.773 8.032 8.291 8.551 8.763 8.837 8.904 8.963 9.015 9.059 9.097 9.126 9.149 9.164 9.171 9.172 9.241 9.492 9.750 10.015 10.289 10.570 10.859 11.155 11.459 11.771 12.090 12.417 12.666 12.757 12.858 12.970 13.092 13.224 13.366 13.518 13.681 13.854 14.037 14.231 14.454 14.719 14.991 15.273 15.562 15.859 16.165 16.479 16.802 17.132
7.614 7.561 7.504 7.443 7.379 7.296 7.183 7.103 7.013 6.912 6.802 6.682 6.552 6.412 6.262 6.102 5.933 5.753 5.609 5.868 6.127 6.386 6.645 6.904 7.164 7.424 7.684 7.944 8.204 8.465 8.695 8.736 8.770 8.796 8.815 8.827 8.831 8.828 8.817 8.800 8.774 8.742 8.761 9.046 9.338 9.638 9.946 10.261 10.584 10.915 11.253 11.599 11.953 12.315 12.629 12.766 12.913 13.070 13.237 13.415 13.603 13.801 14.009 14.228 14.457 14.696 14.957 15.258 15.568 15.885 16.211 16.545 16.888 17.239 17.597 17.965
8.277 8.159 8.040 7.921 7.801 7.682 7.562 7.447 7.322 7.187 7.042 6.887 6.722 6.547 6.363 6.168 5.964 5.749 5.525 5.773 6.032 6.292 6.552 6.813 7.073 7.334 7.595 7.855 8.117 8.378 8.634 8.643 8.644 8.637 8.623 8.602 8.574 8.538 8.495 8.444 8.386 8.321 8.273 8.592 8.919 9.253 9.595 9.945 10.302 10.667 11.040 11.420 11.808 12.204 12.582 12.764 12.957 13.160 13.373 13.596 13.829 14.073 14.327 14.591 14.866 15.151 15.451 15.789 16.135 16.489 16.852 17.222 17.601 17.989 18.338 18.646
8.669 8.549 8.429 8.309 8.189 8.068 7.947 7.800 7.640 7.470 7.290 7.101 6.901 6.692 6.472 6.243 6.004 5.754 5.495 5.677 5.938 6.199 6.460 6.721 6.982 7.244 7.505 7.767 8.029 8.291 8.554 8.558 8.526 8.487 8.440 8.386 8.325 8.256 8.180 8.097 8.006 7.908 7.802 8.131 8.492 8.861 9.237 9.621 10.013 10.412 10.819 11.233 11.655 12.085 12.523 12.752 12.990 13.238 13.497 13.766 14.045 14.334 14.634 14.944 15.264 15.551 15.779 16.049 16.330 16.622 16.924 17.237 17.560 17.894 18.239 18.594
9.060 8.940 8.819 8.697 8.576 8.454 8.331 8.161 7.966 7.762 7.547 7.323 7.089 6.845 6.590 6.326 6.052 5.768 5.474 5.582 5.843 6.105 6.367 6.629 6.891 7.153 7.416 7.678 7.941 8.204 8.467 8.481 8.416 8.344 8.265 8.178 8.084 7.983 7.874 7.758 7.634 7.503 7.365 7.663 8.058 8.461 8.871 9.289 9.715 10.149 10.590 11.039 11.495 11.959 12.431 12.729 13.033 13.349 13.645 13.921 14.177 14.414 14.632 14.829 15.008 15.166 15.305 15.610 15.938 16.277 16.626 16.986 17.357 17.738 18.129 18.532
9.452 9.330 9.207 9.085 8.962 8.839 8.716 8.531 8.302 8.063 7.813 7.554 7.285 7.006 6.718 6.419 6.110 5.792 5.463 5.486 5.749 6.011 6.274 6.537 6.800 7.063 7.326 7.590 7.853 8.117 8.381 8.412 8.315 8.210 8.098 7.979 7.852 7.718 7.576 7.427 7.271 7.108 6.937 7.187 7.616 8.053 8.498 8.995 9.542 10.091 10.643 11.197 11.753 12.311 12.871 13.205 13.453 13.681 13.890 14.079 14.248 14.398 14.528 14.639 14.730 14.801 14.853 15.160 15.536 15.922 16.318 16.725 17.143 17.571 18.010 18.459
9.843 9.720 9.596 9.473 9.349 9.224 9.100 8.910 8.646 8.372 8.088 7.794 7.491 7.177 6.853 6.520 6.177 5.824 5.460 5.391 5.654 5.917 6.181 6.444 6.708 6.972 7.237 7.501 7.765 8.030 8.295 8.352 8.222 8.084 7.939 7.787 7.628 7.461 7.331 7.242 7.154 7.066 6.979 7.268 7.816 8.367 8.919 9.474 10.031 10.590 11.151 11.715 12.280 12.848 13.417 13.732 13.892 14.033 14.155 14.257 14.339 14.402 14.445 14.468 14.472 14.457 14.421 14.701 15.123 15.556 16.000 16.454 16.919 17.394 17.879 18.376
10.233 10.109 9.985 9.860 9.735 9.610 9.484 9.297 8.999 8.690 8.371 8.043 7.705 7.356 6.998 6.630 6.252 5.865 5.466 5.295 5.559 5.823 6.088 6.352 6.617 6.882 7.147 7.412 7.677 7.971 8.295 8.450 8.360 8.270 8.181 8.093 8.005 7.917 7.830 7.744 7.657 7.572 7.486 7.706 8.264 8.824 9.386 9.951 10.517 11.086 11.657 12.230 12.805 13.382 13.961 14.278 14.351 14.405 14.440 14.454 14.450 14.425 14.381 14.318 14.235 14.132 14.010 14.232 14.701 15.181 15.672 16.173 16.684 17.206 17.739 18.282
10.624 10.499 10.373 10.247 10.121 9.994 9.868 9.693 9.360 9.017 8.663 8.300 7.927 7.545 7.152 6.749 6.337 5.914 5.481 5.199 5.480 5.778 6.082 6.391 6.706 7.026 7.352 7.683 8.020 8.363 8.711 8.935 8.847 8.759 8.672 8.586 8.500 8.414 8.329 8.244 8.160 8.076 7.992 8.141 8.709 9.278 9.850 10.424 11.000 11.579 12.159 12.741 13.326 13.913 14.502 14.843 14.829 14.796 14.744 14.672 14.580 14.469 14.338 14.187 14.017 13.828 13.618 13.752 14.269 14.796 15.333 15.881 16.440 17.009 17.589 18.179
11.014 10.888 10.761 10.634 10.507 10.379 10.251 10.098 9.730 9.352 8.964 8.567 8.159 7.742 7.327 6.913 6.499 6.087 5.671 5.326 5.643 5.966 6.295 6.628 6.968 7.313 7.663 8.019 8.380 8.747 9.120 9.418 9.332 9.247 9.162 9.077 8.993 8.909 8.826 8.743 8.661 8.579 8.497 8.573 9.151 9.730 10.311 10.895 11.480 12.068 12.658 13.250 13.844 14.441 15.039 15.427 15.327 15.207 15.067 14.908 14.730 14.531 14.314 14.076 13.819 13.543 13.247 13.263 13.826 14.400 14.985 15.580 16.185 16.801 17.428 18.065
11.404 11.277 11.149 11.021 10.892 10.757 10.595 10.435 10.023 9.607 9.191 8.776 8.362 7.948 7.536 7.125 6.714 6.305 5.892 5.476 5.800 6.147 6.500 6.859 7.223 7.592 7.967 8.348 8.734 9.125 9.523 9.901 9.817 9.734 9.650 9.568 9.485 9.403 9.322 9.241 9.161 9.081 9.001 9.003 9.589 10.178 10.769 11.362 11.958 12.555 13.154 13.756 14.360 14.966 15.574 16.031 15.844 15.637 15.411 15.165 14.899 14.614 14.310 13.985 13.642 13.279 12.896 12.764 13.374 13.995 14.626 15.268 15.921 16.584 17.257 17.941
11.698 11.531 11.368 11.206 11.048 10.892 10.738 10.588 10.213 9.800 9.387 8.975 8.564 8.154 7.744 7.336 6.928 6.522 6.112 5.699 5.950 6.322 6.700 7.083 7.471 7.865 8.265 8.670 9.081 9.497 9.918 10.346 10.301 10.219 10.138 10.057 9.977 9.897 9.817 9.738 9.660 9.581 9.504 9.429 10.025 10.624 11.224 11.827 12.432 13.039 13.648 14.259 14.872 15.488 16.105 16.655 16.381 16.087 15.774 15.441 15.088 14.717 14.325 13.914 13.484 13.034 12.565 12.254 12.912 13.579 14.258 14.946 15.646 16.356 17.076 17.768
11.784 11.627 11.472 11.320 11.170 11.024 10.879 10.738 10.402 9.992 9.582 9.173 8.765 8.358 7.951 7.546 7.141 6.738 6.331 5.921 6.094 6.490 6.892 7.300 7.713 8.132 8.556 8.986 9.421 9.862 10.308 10.759 10.783 10.703 10.624 10.545 10.467 10.389 10.311 10.234 10.157 10.081 10.005 9.930 10.458 11.066 11.676 12.288 12.903 13.519 14.138 14.759 15.382 16.007 16.634 17.263 16.936 16.556 16.156 15.736 15.297 14.839 14.361 13.863 13.346 12.809 12.294 11.900 12.659 13.379 14.061 14.703 15.306 15.871 16.396 16.882
11.868 11.720 11.574 11.431 11.291 11.153 11.018 10.885 10.590 10.183 9.776 9.370 8.965 8.561 8.157 7.755 7.354 6.953 6.549 6.142 6.231 6.652 7.079 7.511 7.949 8.392 8.841 9.295 9.754 10.220 10.690 11.167 11.264 11.187 11.109 11.032 10.956 10.879 10.804 10.729 10.654 10.580 10.506 10.432 10.888 11.505 12.125 12.747 13.371 13.997 14.625 15.255 15.888 16.522 17.159 17.798 17.511 17.002 16.441 15.906 15.394 14.907 14.444 14.005 13.591 13.202 12.837 12.496 13.021 13.568 14.077 14.547 14.977 15.369 15.722 16.035
11.950 11.810 11.674 11.540 11.408 11.279 11.153 11.030 10.778 10.373 9.969 9.566 9.164 8.763 8.362 7.963 7.565 7.167 6.766 6.362 6.361 6.807 7.258 7.715 8.177 8.645 9.118 9.597 10.081 10.571 11.066 11.567 11.745 11.669 11.593 11.518 11.443 11.369 11.295 11.222 11.149 11.077 11.005 10.934 11.315 11.942 12.571 13.202 13.786 14.289 14.791 15.290 15.787 16.281 16.773 17.262 17.025 16.548 16.096 15.668 15.264 14.885 14.530 14.199 13.893 13.611 13.354 13.121 13.420 13.795 14.131 14.429 14.687 14.906 15.086 15.228
12.029 11.898 11.771 11.646 11.523 11.404 11.286 11.172 10.964 10.562 10.161 9.761 9.362 8.964 8.566 8.170 7.775 7.380 6.982 6.581 6.486 6.956 7.432 7.913 8.400 8.892 9.390 9.893 10.402 10.916 11.436 11.961 12.224 12.150 12.076 12.003 11.930 11.858 11.786 11.685 11.525 11.347 11.151 10.936 11.098 11.601 12.101 12.600 13.096 13.589 14.080 14.569 15.055 15.539 16.020 16.499 16.438 16.070 15.725 15.405 15.109 14.838 14.591 14.368 14.170 13.996 13.847 13.721 13.858 14.060 14.224 14.349 14.435 14.482 14.490 14.459
12.105 11.984 11.865 11.749 11.636 11.525 11.417 11.311 11.149 10.750 10.352 9.955 9.559 9.164 8.770 8.376 7.984 7.592 7.197 6.800 6.603 7.098 7.598 8.104 8.615 9.132 9.654 10.182 10.715 11.254 11.794 12.335 12.679 12.565 12.433 12.284 12.116 11.929 11.725 11.502 11.261 11.002 10.725 10.430 10.453 10.945 11.435 11.923 12.409 12.892 13.373 13.851 14.327 14.800 15.271 15.740 15.828 15.567 15.331 15.118 14.931 14.767 14.628 14.513 14.422 14.356 14.314 14.297 14.334 14.364 14.355 14.308 14.221 14.096 13.932 13.729
12.179 12.067 11.957 11.850 11.746 11.644 11.545 11.449 11.333 10.937 10.542 10.148 9.755 9.363 8.972 8.581 8.192 7.803 7.411 7.017 6.715 7.217 7.704 8.203 8.714 9.237 9.772 10.319 10.879 11.451 12.035 12.631 13.081 12.887 12.674 12.444 12.195 11.928 11.642 11.339 11.017 10.678 10.320 9.944 9.811 10.293 10.773 11.250 11.725 12.198 12.668 13.136 13.602 14.065 14.525 14.984 15.194 15.041 14.912 14.807 14.727 14.671 14.640 14.633 14.650 14.691 14.757 14.847 14.847 14.705 14.524 14.305 14.046 13.749 13.413 13.037
12.250 12.147 12.047 11.949 11.853 11.761 11.671 11.583 11.498 11.123 10.731 10.340 9.950 9.547 9.057 8.583 8.124 7.680 7.255 6.847 6.451 6.958 7.498 8.051 8.616 9.194 9.783 10.384 10.998 11.624 12.262 12.912 13.503 13.228 12.934 12.623 12.293 11.946 11.580 11.196 10.793 10.373 9.934 9.478 9.172 9.644 10.114 10.581 11.045 11.508 11.967 12.425 12.880 13.333 13.783 14.231 14.535 14.490 14.469 14.472 14.500 14.551 14.628 14.728 14.853 15.002 15.175 15.373 15.399 15.085 14.732 14.340 13.910 13.440 12.932 12.385
12.319 12.225 12.134 12.045 11.958 11.875 11.763 11.539 11.320 10.864 10.367 9.884 9.417 8.965 8.528 8.106 7.700 7.308 6.936 6.581 6.238 6.684 7.279 7.886 8.505 9.137 9.780 10.436 11.104 11.784 12.476 13.180 13.896 13.588 13.214 12.822 12.412 11.983 11.537 11.072 10.589 10.088 9.569 9.031 8.537 8.999 9.458 9.914 10.368 10.820 11.270 11.717 12.161 12.604 13.044 13.481 13.853 13.915 14.002 14.112 14.248 14.407 14.591 14.799 15.031 15.287 15.568 15.873 15.988 15.502 14.978 14.414 13.811 13.170 12.490 11.771
12.188 11.953 11.722 11.496 11.275 11.058 10.846 10.639 10.436 10.060 9.615 9.185 8.770 8.371 7.986 7.617 7.262 6.923 6.604 6.302 6.012 6.398 7.047 7.708 8.381 9.066 9.764 10.474 11.195 11.929 12.675 13.434 14.204 13.968 13.513 13.040 12.550 12.041 11.513 10.968 10.405 9.823 9.223 8.605 7.969 8.356 8.805 9.251 9.695 10.136 10.575 11.012 11.446 11.878 12.308 12.735 13.146 13.316 13.510 13.729 13.971 14.238 14.529 14.845 15.184 15.548 15.937 16.349 16.616 15.958 15.261 14.526 13.752 12.939 12.087 11.196
11.171 10.952 10.737 10.527 10.322 10.122 9.926 9.735 9.549 9.243 8.851 8.473 8.111 7.764 7.432 7.115 6.813 6.526 6.259 6.010 5.772 6.098 6.801 7.516 8.243 8.983 9.734 10.498 11.274 12.061 12.861 13.674 14.498 14.367 13.832 13.278 12.707 12.117 11.510 10.884 10.240 9.578 8.897 8.199 7.482 7.717 8.155 8.591 9.025 9.456 9.884 10.311 10.735 11.156 11.575 11.992 12.406 12.693 12.995 13.320 13.670 14.045 14.443 14.866 15.313 15.785 16.280 16.800 17.182 16.142 15.129 14.143 13.183 12.251 11.345 10.467
10.150 9.947 9.749 9.556 9.367 9.183 9.004 8.829 8.659 8.414 8.074 7.749 7.439 7.144 6.864 6.599 6.350 6.115 5.901 5.704 5.520 5.784 6.541 7.311 8.092 8.885 9.691 10.508 11.338 12.180 13.034 13.900 14.778 14.785 14.170 13.536 12.884 12.214 11.526 10.819 10.095 9.352 8.592 7.813 7.016 7.081 7.509 7.935 8.358 8.778 9.197 9.613 10.026 10.437 10.846 11.252 11.656 12.046 12.455 12.863 13.221 13.562 13.886 14.194 14.485 14.760 15.019 15.261 15.486 14.639 13.745 12.877 12.037 11.223 10.437 9.677
9.127 8.940 8.759 8.581 8.409 8.241 8.078 7.919 7.765 7.572 7.284 7.011 6.754 6.511 6.284 6.071 5.874 5.692 5.530 5.386 5.255 5.458 6.269 7.092 7.927 8.774 9.634 10.505 11.389 12.285 13.192 14.112 15.044 15.223 14.527 13.813 13.080 12.330 11.561 10.774 9.970 9.147 8.305 7.446 6.569 6.449 6.866 7.281 7.694 8.104 8.522 8.951 9.362 9.755 10.130 10.487 10.826 11.157 11.475 11.776 12.060 12.329 12.581 12.816 13.035 13.237 13.423 13.593 13.746 13.111 12.336 11.587 10.866 10.171 9.503 8.862
8.100 7.930 7.765 7.604 7.448 7.296 7.149 7.007 6.869 6.717 6.482 6.261 6.056 5.866 5.691 5.530 5.385 5.255 5.146 5.055 4.976 5.118 5.982 6.859 7.749 8.650 9.563 10.488 11.426 12.376 13.337 14.311 15.297 15.680 14.904 14.109 13.296 12.465 11.616 10.749 9.864 8.957 8.053 7.183 6.348 6.131 6.570 6.992 7.395 7.781 8.149 8.499 8.830 9.144 9.440 9.718 9.978 10.232 10.477 10.706 10.918 11.114 11.294 11.456 11.603 11.733 11.847 11.944 12.024 11.559 10.903 10.273 9.670 9.094 8.545 8.022
7.071 6.917 6.768 6.623 6.483 6.348 6.217 6.091 5.970 5.850 5.667 5.499 5.346 5.208 5.085 4.977 4.884 4.806 4.749 4.711 4.685 4.764 5.683 6.614 7.557 8.512 9.479 10.458 11.450 12.453 13.469 14.496 15.487 15.878 14.852 13.861 12.903 11.980 11.090 10.235 9.413 8.626 7.872 7.153 6.467 6.172 6.533 6.875 7.199 7.506 7.795 8.065 8.318 8.553 8.770 8.969 9.150 9.326 9.498 9.654 9.794 9.918 10.025 10.115 10.189 10.247 10.288 10.313 10.321 9.983 9.445 8.933 8.449 7.992 7.561 7.158
