DATA/SHG/ECMWF/20170628/EN-15/20170706.en-15.asc
ncols        190
nrows        64
xllcorner    -5100000.000000000000
yllcorner    4130000.000000000000
cellsize     10000.000000000000
NODATA_value  -99999.000
[rows 32 to 63 of 64, columns 0 to 72 of 190]
6.068 5.267 5.002 4.781 4.546 4.298 4.036 3.761 3.471 3.168 2.852 2.522 2.178 1.820 1.925 2.043 2.150 2.245 2.329 2.400 2.459 2.507 2.542 2.566 2.578 2.578 2.706 2.845 2.993 3.151 3.319 3.495 3.681 3.876 4.080 4.294 4.516 4.742 4.632 4.510 4.377 4.232 4.074 3.905 3.724 3.531 3.327 3.167 3.021 2.876 2.981 3.086 3.191 3.296 3.400 3.504 3.608 3.712 3.816 3.919 4.022 4.104 3.978 3.859 3.745 3.638 3.537 3.442 3.353 3.270 3.193 3.122 3.058
7.501 6.339 5.846 5.578 5.295 4.999 4.689 4.365 4.028 3.677 3.313 2.935 2.543 2.137 2.124 2.201 2.266 2.320 2.361 2.391 2.409 2.415 2.409 2.391 2.362 2.320 2.449 2.621 2.802 2.992 3.192 3.400 3.619 3.846 4.083 4.329 4.584 4.848 4.748 4.585 4.480 4.379 4.265 4.138 3.998 3.845 3.679 3.500 3.308 3.102 3.181 3.285 3.389 3.493 3.596 3.700 3.803 3.906 4.009 4.112 4.214 4.317 4.221 4.123 4.031 3.945 3.865 3.791 3.723 3.661 3.605 3.556 3.512
9.045 7.522 6.705 6.388 6.058 5.714 5.356 4.984 4.599 4.200 3.788 3.362 2.922 2.469 2.335 2.371 2.395 2.407 2.407 2.395 2.371 2.336 2.288 2.229 2.158 2.075 2.183 2.387 2.600 2.823 3.055 3.296 3.547 4.235 4.800 5.197 5.427 5.489 5.397 5.277 5.143 4.997 4.837 4.665 4.479 4.281 4.069 3.845 3.607 3.357 3.380 3.483 3.586 3.690 3.793 3.895 3.998 4.100 4.203 4.305 4.406 4.508 4.458 4.381 4.310 4.245 4.186 4.133 4.087 4.046 4.011 3.983 3.960
10.701 8.818 7.578 7.213 6.834 6.442 6.037 5.617 5.184 4.738 4.277 3.804 3.316 2.815 2.559 2.553 2.535 2.506 2.465 2.411 2.346 2.269 2.181 2.080 1.968 1.890 3.049 4.201 5.185 6.002 6.652 7.135 7.450 7.598 7.579 7.392 7.039 6.517 6.164 5.998 5.819 5.627 5.422 5.204 4.973 4.729 4.472 4.202 3.919 3.623 3.578 3.681 3.784 3.887 3.989 4.091 4.193 4.295 4.396 4.497 4.599 4.699 4.689 4.633 4.583 4.539 4.502 4.470 4.444 4.424 4.411 4.404 4.402
12.469 10.226 8.464 8.052 7.625 7.185 6.732 6.264 5.784 5.289 4.781 4.259 3.724 3.175 2.795 2.748 2.689 2.618 2.617 3.108 3.760 4.574 5.548 6.684 7.980 9.438 10.668 11.235 11.636 11.869 11.935 11.833 11.565 11.129 10.527 9.757 8.820 7.715 6.942 6.731 6.506 6.269 6.019 5.755 5.479 5.190 4.888 4.572 4.244 3.903 3.777 3.879 3.981 4.083 4.185 4.286 4.388 4.489 4.589 4.690 4.791 4.891 4.914 4.879 4.850 4.827 4.811 4.800 4.795 4.797 4.804 4.818 4.838
14.349 11.746 9.365 8.904 8.430 7.942 7.441 6.926 6.397 5.855 5.299 4.741 4.229 3.753 3.458 3.866 4.436 5.166 6.058 7.111 8.324 9.699 11.235 12.932 14.789 16.808 18.452 18.435 18.252 17.901 17.383 16.699 15.847 14.828 13.642 12.290 10.770 9.082 7.733 7.476 7.206 6.924 6.628 6.319 5.998 5.663 5.316 4.955 4.582 4.195 3.976 4.078 4.179 4.280 4.381 4.482 4.582 4.683 4.783 4.883 4.982 5.082 5.133 5.119 5.111 5.109 5.114 5.124 5.140 5.163 5.192 5.226 5.267
16.340 13.377 10.312 9.771 9.188 8.550 7.947 7.381 6.851 6.356 5.898 5.475 5.089 4.738 4.477 5.447 6.579 7.871 9.323 10.937 12.712 14.648 16.744 19.002 21.420 24.000 26.400 25.800 25.033 24.099 22.998 21.731 20.296 18.695 16.926 14.991 12.888 10.619 8.536 8.234 7.919 7.591 7.250 6.896 6.529 6.149 5.756 5.350 4.931 4.500 4.175 4.275 4.376 4.477 4.577 4.677 4.777 4.876 4.976 5.075 5.174 5.273 5.346 5.353 5.366 5.385 5.410 5.442 5.479 5.523 5.820 6.288 6.756
16.984 13.720 10.555 9.554 9.005 8.492 8.015 7.574 7.169 6.800 6.467 6.170 5.909 5.684 5.494 6.854 8.546 10.400 12.413 14.588 16.923 19.420 22.077 24.894 27.873 31.012 34.313 33.329 31.980 30.463 28.779 26.929 24.912 22.728 20.377 17.860 15.175 12.324 9.351 9.004 8.644 8.270 7.884 7.485 7.072 6.647 6.209 5.758 5.294 4.817 4.373 4.473 4.573 4.673 4.773 4.872 4.971 5.070 5.169 5.268 5.366 5.464 5.552 5.871 6.335 6.799 7.264 7.731 8.198 8.666 9.136 9.606 10.077
16.124 13.209 10.394 9.206 8.782 8.395 8.043 7.728 7.448 7.204 6.997 6.825 6.689 6.589 6.525 8.087 10.340 12.754 15.328 18.063 20.959 24.015 27.232 30.610 34.148 37.847 41.707 41.024 39.091 36.992 34.726 32.294 29.695 26.929 23.996 20.897 17.631 14.198 10.599 9.786 9.381 8.962 8.530 8.086 7.628 7.158 6.675 6.178 5.669 5.147 4.612 4.671 4.770 4.870 4.968 5.067 5.552 6.142 6.705 7.242 7.752 8.237 8.695 9.160 9.627 10.094 10.562 11.032 11.502 11.973 12.446 12.919 13.394
15.154 12.589 10.123 8.819 8.521 8.259 8.032 7.842 7.688 7.569 7.487 7.440 7.429 7.455 7.516 9.146 11.959 14.933 18.067 21.362 24.818 28.434 32.211 36.148 40.246 44.504 48.923 48.882 46.368 43.687 40.839 37.825 34.644 31.297 27.783 24.102 20.255 16.241 12.061 10.581 10.130 9.666 9.189 8.699 8.197 7.681 7.153 6.611 6.057 5.947 5.981 6.516 7.145 7.748 8.324 8.874 9.398 9.896 10.368 10.813 11.232 11.625 11.991 12.444 12.913 13.384 13.855 14.328 14.801 15.275 15.751 16.227 16.705
14.076 11.860 9.744 8.393 8.220 8.084 7.983 7.918 7.888 7.895 7.938 8.016 8.130 8.281 8.467 10.031 13.404 16.938 20.632 24.486 28.501 32.677 37.013 41.509 46.166 50.984 55.962 56.905 53.809 50.547 47.118 43.522 39.760 35.831 31.736 27.475 23.047 18.452 13.691 11.388 10.891 10.382 10.122 9.941 9.820 9.760 9.761 9.823 9.946 10.130 10.375 10.841 11.378 11.889 12.374 12.833 13.265 13.671 14.051 14.405 14.732 15.034 15.309 15.723 16.195 16.668 17.143 17.618 18.095 18.572 19.051 19.530 20.011
12.889 11.022 9.256 7.929 7.881 7.870 7.894 7.954 8.050 8.181 8.349 8.553 8.792 9.067 9.378 10.742 14.675 18.768 23.021 27.435 32.009 36.744 41.639 46.694 51.910 57.286 62.822 65.093 61.415 57.572 53.561 49.385 45.042 40.533 35.842 30.550 25.431 20.484 15.711 13.039 12.886 12.793 12.762 12.791 12.882 13.033 13.245 13.519 13.853 14.248 14.704 15.186 15.632 16.051 16.445 16.812 17.153 17.467 17.756 18.018 18.254 18.464 18.647 18.996 19.471 19.948 20.425 20.904 21.383 21.864 22.345 22.828 23.311
11.594 10.076 8.658 7.426 7.504 7.617 7.766 7.951 8.172 8.429 8.721 9.050 9.414 9.814 10.250 11.280 15.772 20.424 25.237 30.209 35.342 40.635 46.089 51.702 57.476 63.410 69.505 73.218 67.316 61.586 56.029 50.645 45.434 40.395 35.530 30.837 26.317 21.971 17.796 14.981 15.038 15.157 15.337 15.577 15.879 16.241 16.664 17.148 17.693 18.299 18.966 19.552 19.906 20.234 20.536 20.811 21.061 21.284 21.481 21.652 21.797 21.915 22.007 22.264 22.743 23.222 23.703 24.184 24.667 25.150 25.635 26.121 26.607
10.191 9.022 7.952 6.983 7.087 7.325 7.599 7.909 8.255 8.637 9.054 9.507 9.996 10.521 11.082 11.679 16.696 21.907 27.278 32.809 38.332 43.242 47.987 52.565 56.977 61.223 65.303 68.532 63.230 58.100 53.143 48.359 43.747 39.308 35.042 30.948 27.028 23.280 19.704 16.858 17.127 17.457 17.847 18.299 18.811 19.384 20.018 20.713 21.469 22.285 23.162 23.938 24.201 24.437 24.648 24.832 24.990 25.122 25.227 25.307 25.360 25.387 25.388 25.528 26.009 26.492 26.975 27.460 27.945 28.432 28.920 29.408 29.898
8.680 7.859 7.138 6.517 6.632 6.995 7.394 7.829 8.299 8.806 9.348 9.926 10.540 11.224 11.995 12.774 17.235 22.234 27.067 31.734 36.234 40.569 44.737 48.740 52.576 56.247 59.751 63.089 58.971 54.440 50.083 45.898 41.885 38.045 34.378 30.883 27.561 24.412 21.435 18.671 19.151 19.692 20.293 20.955 21.678 22.462 23.307 24.212 25.178 26.205 27.293 28.345 28.516 28.661 28.780 28.873 28.940 28.980 28.995 28.983 28.945 28.881 28.790 28.786 29.271 29.756 30.243 30.730 31.219 31.709 32.199 32.691 33.183
7.061 6.588 6.215 5.941 6.137 6.626 7.241 7.985 8.736 9.495 10.262 11.037 11.819 12.610 13.408 14.213 17.619 22.042 26.298 30.389 34.314 38.073 41.666 45.093 48.354 51.449 54.378 57.142 54.539 50.607 46.849 43.262 39.849 36.608 33.539 30.643 27.919 25.368 22.989 20.783 21.111 21.862 22.674 23.547 24.481 25.475 26.530 27.646 28.823 30.060 31.359 32.718 32.852 32.906 32.933 32.935 32.910 32.860 32.783 32.680 32.550 32.395 32.214 32.039 32.527 33.015 33.505 33.996 34.487 34.980 35.474 35.968 36.436
5.926 6.080 6.256 6.454 6.909 7.665 8.428 9.198 9.977 10.763 11.557 12.358 13.168 13.985 14.810 15.642 18.178 22.025 25.706 29.221 32.571 35.754 38.772 41.624 44.310 46.830 49.185 51.373 49.934 46.601 43.441 40.453 37.638 34.995 32.524 30.226 28.100 26.147 24.366 22.757 23.006 23.968 24.991 26.075 27.219 28.424 29.689 31.015 32.402 33.850 35.359 36.928 37.208 37.171 37.107 37.018 36.902 36.760 36.592 36.397 36.177 35.931 35.658 35.359 35.778 36.199 35.873 35.533 35.181 34.815 34.436 34.044 33.639
6.835 7.066 7.319 7.595 8.032 8.814 9.604 10.401 11.207 12.020 12.841 13.669 14.506 15.350 16.202 17.061 18.912 22.184 25.289 28.230 31.004 33.613 36.056 38.333 40.444 42.390 44.170 45.784 45.156 42.422 39.860 37.470 35.253 33.208 31.335 29.634 28.106 26.750 25.566 24.555 24.838 26.011 27.244 28.537 29.892 31.307 32.783 34.319 35.917 37.574 39.293 41.072 41.585 41.457 41.302 41.121 40.914 40.681 40.285 39.098 37.936 36.799 35.688 34.601 34.090 33.732 33.361 32.976 32.579 32.168 31.744 31.307 30.857
7.718 8.026 8.357 8.710 9.144 9.953 10.770 11.595 12.427 13.267 14.115 14.970 15.833 16.704 17.583 18.470 19.821 22.518 25.049 27.414 29.614 31.648 33.516 35.219 36.756 38.128 39.334 40.374 40.206 38.069 36.105 34.313 32.693 31.246 29.970 28.867 27.936 27.177 26.590 26.175 26.606 27.989 29.432 30.936 32.501 34.126 35.812 37.559 39.366 41.234 43.162 44.925 44.667 43.417 42.191 40.991 39.815 38.665 37.540 36.440 35.365 34.315 33.290 32.290 31.684 31.280 30.864 30.435 29.992 29.537 29.068 28.586 28.091
8.575 8.961 9.369 9.799 10.251 11.082 11.926 12.778 13.637 14.504 15.378 16.261 17.151 18.049 18.955 19.868 20.905 23.027 24.983 26.774 28.400 29.860 31.154 32.283 33.246 34.044 34.676 35.143 35.083 33.544 32.177 30.983 29.960 29.109 28.431 27.924 27.590 27.427 27.437 27.619 28.310 29.903 31.556 33.270 34.848 35.909 36.928 37.905 38.839 39.730 40.579 41.385 41.379 40.216 39.077 37.964 36.876 35.812 34.774 33.761 32.772 31.809 30.871 29.958 29.292 28.844 28.383 27.909 27.421 26.921 26.407 25.881 25.341
9.406 9.869 10.355 10.862 11.392 12.202 13.072 13.951 14.837 15.731 16.632 17.541 18.458 19.383 20.316 21.256 22.204 23.711 25.093 26.310 27.362 28.248 28.969 29.524 29.914 30.138 30.197 30.091 29.788 28.846 28.076 27.478 27.053 26.799 26.717 26.807 27.069 27.436 27.712 27.952 28.295 29.380 30.422 31.422 32.380 33.295 34.167 34.997 35.784 36.529 37.232 37.891 38.071 36.994 35.943 34.916 33.915 32.938 31.987 31.060 30.159 29.283 28.431 27.605 26.917 26.424 25.917 25.398 24.866 24.321 23.763 23.191 22.607
10.213 10.753 11.315 11.899 12.506 13.311 14.208 15.114 16.027 16.947 17.876 18.812 19.756 20.707 21.667 22.634 23.609 24.570 25.379 26.022 26.500 26.813 26.960 26.942 26.759 26.410 25.896 25.217 24.372 23.975 24.040 24.446 24.815 25.147 25.443 25.702 25.925 26.111 26.261 26.374 26.458 27.397 28.292 29.146 29.957 30.725 31.451 32.135 32.776 33.374 33.930 34.444 34.742 33.753 32.788 31.848 30.933 30.044 29.179 28.339 27.525 26.735 25.970 25.231 24.556 24.018 23.467 22.903 22.326 21.736 21.133 20.517 19.888
10.993 11.610 12.250 12.911 13.595 14.410 15.334 16.266 17.206 18.154 19.109 20.072 21.043 22.021 23.008 24.001 25.003 25.604 25.839 25.909 25.814 25.553 25.128 24.708 24.407 24.100 23.787 23.468 23.144 23.324 23.639 23.918 24.161 24.367 24.536 24.669 24.765 24.825 24.848 24.835 24.785 25.458 26.208 26.915 27.579 28.201 28.781 29.318 29.813 30.265 30.675 31.042 31.367 30.490 29.612 28.759 27.931 27.128 26.350 25.597 24.869 24.166 23.488 22.835 22.211 21.629 21.033 20.424 19.802 19.167 18.520 17.859 17.185
11.748 12.442 13.159 13.897 14.658 15.499 16.450 17.409 18.376 19.350 20.333 21.322 22.320 23.325 24.338 25.359 26.272 26.566 26.280 25.988 25.691 25.387 25.077 24.762 24.440 24.112 23.779 23.439 23.093 23.087 23.276 23.429 23.545 23.625 23.668 23.674 23.644 23.578 23.475 23.335 23.159 23.565 24.168 24.729 25.247 25.723 26.156 26.547 26.896 27.202 27.465 27.686 27.865 27.207 26.416 25.650 24.908 24.192 23.501 22.834 22.193 21.577 20.985 20.419 19.878 19.254 18.614 17.960 17.294 16.614 15.921 15.216 14.497
12.477 13.249 14.042 14.858 15.695 16.578 17.556 18.542 19.536 20.400 21.211 22.031 22.861 23.700 24.549 25.407 26.274 26.752 26.445 26.133 25.814 25.489 25.159 24.822 24.480 24.131 23.776 23.416 23.049 22.889 22.952 22.978 22.968 22.921 22.838 22.718 22.562 22.369 22.140 21.874 21.572 21.717 22.174 22.588 22.960 23.290 23.577 23.822 24.024 24.184 24.301 24.376 24.409 23.903 23.199 22.519 21.865 21.235 20.630 20.051 19.496 18.966 18.461 17.981 17.527 16.895 16.210 15.512 14.800 14.076 13.339 12.588 11.825
13.181 14.029 14.778 15.485 16.184 16.880 17.686 18.502 19.327 20.161 21.005 21.858 22.721 23.593 24.474 25.366 26.266 26.944 26.616 26.283 25.944 25.598 25.247 24.889 24.526 24.156 23.781 23.399 23.012 22.729 22.665 22.565 22.429 22.256 22.046 21.801 21.518 21.199 20.844 20.452 20.024 19.914 20.225 20.493 20.718 20.902 21.043 21.141 21.198 21.212 21.183 21.112 20.999 20.579 19.961 19.368 18.800 18.257 17.739 17.246 16.778 16.334 15.916 15.523 15.154 14.552 13.822 13.079 12.323 11.974 11.811 11.703 11.648
13.135 13.830 14.515 15.191 15.857 16.515 17.337 18.186 19.044 19.911 20.788 21.674 22.570 23.475 24.390 25.314 26.247 27.142 26.794 26.440 26.079 25.713 25.341 24.962 24.578 24.187 23.791 23.389 22.980 22.607 22.417 22.191 21.928 21.629 21.293 20.921 20.513 20.068 19.587 19.069 18.515 18.156 18.320 18.442 18.522 18.559 18.554 18.507 18.417 18.285 18.110 17.894 17.634 17.234 16.703 16.197 15.715 15.258 14.827 14.420 14.038 13.682 13.673 13.772 13.890 13.821 13.629 13.491 13.406 13.375 13.399 13.476 13.608
12.946 13.609 14.262 14.906 15.541 16.167 16.978 17.860 18.751 19.651 20.561 21.480 22.409 23.347 24.295 25.252 26.218 27.194 26.978 26.603 26.221 25.834 25.441 25.042 24.636 24.225 23.808 23.385 22.955 22.523 22.207 21.854 21.466 21.041 20.579 20.081 19.546 18.975 18.368 17.724 17.044 16.442 16.461 16.437 16.370 16.262 16.111 15.917 15.682 15.404 15.083 14.721 14.316 13.869 13.424 13.363 13.395 13.445 13.515 13.604 13.711 13.837 13.982 14.146 14.328 14.427 14.420 14.468 14.569 14.724 14.934 15.197 15.514
12.767 13.398 14.019 14.632 15.235 15.830 16.609 17.524 18.448 19.381 20.324 21.276 22.238 23.209 24.190 25.180 26.179 27.188 27.168 26.772 26.370 25.962 25.547 25.127 24.701 24.269 23.831 23.387 22.937 22.481 22.035 21.556 21.041 20.490 19.903 19.279 18.618 17.921 17.188 16.418 15.612 14.773 14.646 14.476 14.264 14.009 13.712 13.373 13.266 13.204 13.151 13.108 13.075 13.061 13.120 13.198 13.295 13.411 13.546 13.699 13.871 14.062 14.272 14.501 14.748 14.980 15.159 15.392 15.680 16.021 16.416 16.864 17.367
12.598 13.197 13.787 14.368 14.940 15.502 16.230 17.178 18.135 19.101 20.077 21.062 22.057 23.061 24.074 25.097 26.130 27.172 27.364 26.947 26.524 26.095 25.660 25.219 24.772 24.319 23.861 23.396 22.925 22.448 21.900 21.296 20.655 19.978 19.265 18.515 17.729 16.906 16.047 15.151 14.219 13.369 13.172 13.086 13.010 12.943 12.885 12.837 12.799 12.770 12.750 12.740 12.739 12.748 12.873 13.016 13.178 13.358 13.558 13.776 14.013 14.269 14.544 14.838 15.150 15.480 15.845 16.264 16.737 17.264 17.845 18.479 19.167
12.439 13.006 13.565 14.114 14.654 15.185 15.841 16.822 17.812 18.811 19.820 20.838 21.865 22.902 23.949 25.005 26.070 27.145 27.567 27.129 26.685 26.235 25.779 25.318 24.850 24.376 23.896 23.411 22.919 22.421 21.804 21.074 20.307 19.504 18.570 17.659 16.775 15.917 15.086 14.281 13.503 12.751 12.500 12.447 12.403 12.369 12.344 12.329 12.323 12.327 12.340 12.363 12.395 12.436 12.607 12.815 13.042 13.287 13.552 13.835 14.137 14.458 14.797 15.156 15.533 15.929 16.479 17.084 17.742 18.455 19.221 20.041 20.914
12.290 12.826 13.353 13.871 14.379 14.879 15.442 16.455 17.478 18.511 19.552 20.603 21.664 22.734 23.813 24.902 26.000 27.107 27.776 27.317 26.852 26.382 25.905 25.422 24.934 24.439 23.930 23.185 22.432 21.671 20.827 19.902 19.003 18.131 17.285 16.466 15.673 14.907 14.167 13.454 12.767 12.107 11.818 11.798 11.787 11.786 11.794 11.811 11.838 11.875 11.921 11.976 12.041 12.116 12.323 12.596 12.887 13.198 13.527 13.875 14.242 14.628 15.032 15.455 15.897 16.358 17.061 17.851 18.695 19.593 20.544 21.550 22.609
