DATA/SHG/ECMWF/20170628/EN-15/20170712.en-15.asc
ncols        190
nrows        64
xllcorner    -5100000.000000000000
yllcorner    4130000.000000000000
cellsize     10000.000000000000
NODATA_value  -99999.000
[rows 32 to 63 of 64, columns 0 to 71 of 190]
11.152 11.828 12.599 13.304 13.933 14.488 14.968 15.373 15.703 15.958 16.138 16.243 16.273 16.228 16.211 16.196 16.178 16.158 16.136 16.112 16.086 16.057 16.026 15.992 15.957 15.919 15.796 15.718 15.685 15.698 15.757 15.862 16.013 16.209 16.451 16.739 17.073 17.436 16.997 16.543 16.072 15.584 15.081 14.561 14.025 13.472 12.904 12.288 11.690 11.136 10.701 10.265 9.828 9.391 8.952 8.513 8.073 7.632 7.190 6.747 6.303 5.915 6.080 6.243 6.404 6.563 6.721 6.876 7.030 7.182 7.333 7.481
13.440 14.365 14.984 15.427 15.794 16.086 16.304 16.446 16.514 16.507 16.425 16.268 16.036 15.729 15.641 15.618 15.592 15.565 15.535 15.503 15.468 15.432 15.393 15.352 15.308 15.263 15.288 15.370 15.497 15.670 15.889 16.153 16.464 16.820 17.221 17.669 18.162 18.702 18.336 17.824 17.104 16.371 15.676 15.019 14.401 13.820 13.278 12.774 12.309 11.881 11.446 11.006 10.567 10.126 9.684 9.241 8.798 8.353 7.908 7.462 7.014 6.566 6.698 6.855 7.010 7.163 7.314 7.463 7.611 7.757 7.901 8.043
15.647 16.819 17.449 17.629 17.734 17.764 17.719 17.600 17.406 17.136 16.792 16.374 15.880 15.311 15.074 15.043 15.010 14.974 14.937 14.897 14.855 14.810 14.764 14.715 14.663 14.610 14.733 14.974 15.261 15.594 15.972 16.396 16.866 17.265 17.614 17.920 18.183 18.404 17.935 17.259 16.620 16.020 15.458 14.934 14.449 14.001 13.592 13.221 12.889 12.594 12.191 11.748 11.305 10.860 10.415 9.969 9.522 9.075 8.626 8.176 7.726 7.274 7.318 7.468 7.616 7.763 7.908 8.051 8.192 8.332 8.470 8.606
17.773 19.193 19.992 19.910 19.753 19.521 19.215 18.833 18.377 17.846 17.241 16.560 15.805 14.975 14.510 14.471 14.430 14.387 14.341 14.294 14.244 14.192 14.137 14.081 14.022 13.969 14.327 14.826 15.282 15.696 16.067 16.395 16.681 16.924 17.124 17.281 17.396 17.468 17.147 16.603 16.098 15.631 15.202 14.811 14.458 14.144 13.868 13.630 13.430 13.268 12.935 12.490 12.043 11.595 11.147 10.697 10.247 9.796 9.344 8.891 8.437 7.982 7.938 8.082 8.224 8.364 8.503 8.640 8.775 8.908 9.039 9.169
19.817 21.484 22.614 22.270 21.852 21.358 20.790 20.147 19.429 18.636 17.769 16.827 15.810 14.719 13.949 13.902 13.854 13.803 13.762 13.802 13.876 13.984 14.126 14.302 14.513 14.757 15.072 15.422 15.729 15.994 16.216 16.396 16.533 16.627 16.679 16.687 16.654 16.577 16.321 15.910 15.538 15.203 14.907 14.649 14.430 14.248 14.105 14.000 13.932 13.904 13.681 13.231 12.781 12.330 11.878 11.426 10.972 10.517 10.062 9.606 9.148 8.690 8.559 8.697 8.832 8.967 9.099 9.229 9.358 9.485 9.610 9.734
21.780 23.695 25.315 24.710 24.029 23.274 22.444 21.540 20.560 19.506 18.378 17.123 15.751 14.423 13.387 13.409 13.466 13.557 13.681 13.840 14.033 14.260 14.521 14.816 15.145 15.508 15.860 16.062 16.220 16.336 16.410 16.441 16.429 16.375 16.278 16.138 15.956 15.731 15.457 15.179 14.940 14.738 14.575 14.450 14.363 14.314 14.303 14.331 14.396 14.500 14.426 13.973 13.520 13.065 12.610 12.154 11.697 11.239 10.780 10.321 9.860 9.398 9.181 9.312 9.442 9.570 9.696 9.820 9.942 10.063 10.182 10.299
23.662 25.824 28.057 27.228 26.026 24.500 23.018 21.579 20.185 18.834 17.527 16.264 15.045 13.870 12.794 12.936 13.111 13.321 13.564 13.842 14.154 14.499 14.879 15.293 15.741 16.223 16.692 16.745 16.755 16.722 16.647 16.530 16.369 16.167 15.921 15.633 15.302 14.929 14.555 14.411 14.304 14.235 14.205 14.212 14.258 14.342 14.464 14.624 14.822 15.058 15.171 14.715 14.258 13.800 13.342 12.882 12.422 11.961 11.499 11.035 10.572 10.107 9.804 9.929 10.052 10.174 10.293 10.411 10.528 10.642 10.770 10.933
23.383 24.935 26.437 25.468 24.051 22.678 21.348 20.063 18.822 17.624 16.470 15.360 14.294 13.271 12.293 12.427 12.721 13.049 13.412 13.808 14.238 14.703 15.201 15.734 16.300 16.900 17.535 17.472 17.333 17.152 16.929 16.663 16.354 16.003 15.609 15.172 14.693 14.171 13.616 13.604 13.630 13.694 13.796 13.936 14.115 14.331 14.586 14.878 15.209 15.577 15.916 15.457 14.997 14.535 14.074 13.611 13.147 12.682 12.217 11.750 11.283 10.815 10.427 10.487 10.543 10.629 10.745 10.892 11.069 11.276 11.514 11.782
21.055 22.434 23.764 23.295 22.031 20.810 19.634 18.502 17.413 16.368 15.367 14.410 13.496 12.626 11.800 11.881 12.294 12.742 13.223 13.738 14.287 14.870 15.487 16.138 16.823 17.542 18.295 18.242 17.955 17.626 17.254 16.839 16.382 15.883 15.340 14.756 14.129 13.459 12.746 12.760 12.919 13.115 13.350 13.623 13.933 14.282 14.669 15.094 15.557 16.058 16.597 16.199 15.735 15.271 14.805 14.339 13.723 13.084 12.474 11.894 11.344 10.824 10.334 10.464 10.625 10.817 11.038 11.290 11.572 11.885 12.227 12.600
18.783 19.990 21.147 21.077 19.966 18.898 17.875 16.895 15.959 15.067 14.218 13.413 12.653 11.935 11.262 11.301 11.832 12.398 12.998 13.631 14.299 15.000 15.736 16.505 17.309 18.146 19.018 19.055 18.620 18.143 17.623 17.060 16.455 15.807 15.117 14.384 13.608 12.791 11.930 11.879 12.170 12.499 12.866 13.271 13.714 14.195 14.714 15.272 15.867 16.292 16.654 16.156 15.471 14.816 14.191 13.596 13.030 12.493 11.987 11.510 11.062 10.645 10.257 10.413 10.679 10.975 11.302 11.659 12.046 12.464 12.911 13.389
16.569 17.604 18.589 18.814 17.856 16.941 16.070 15.243 14.460 13.720 13.024 12.372 11.763 11.199 10.678 10.684 11.334 12.019 12.737 13.489 14.275 15.095 15.949 16.837 17.758 18.714 19.704 19.913 19.329 18.703 18.035 17.324 16.571 15.775 14.937 14.056 13.133 12.167 11.158 10.959 11.383 11.844 12.335 12.799 13.233 13.639 14.016 14.364 14.684 14.974 15.235 14.920 14.338 13.786 13.264 12.771 12.308 11.875 11.471 11.097 10.752 10.438 10.153 10.332 10.703 11.104 11.536 11.998 12.490 13.013 13.566 14.149
14.412 15.275 16.087 16.506 15.701 14.939 14.220 13.546 12.915 12.328 11.784 11.284 10.828 10.416 10.047 10.032 10.801 11.603 12.440 13.310 14.215 15.153 16.125 17.132 18.172 19.246 20.354 20.813 20.082 19.308 18.491 17.632 16.731 15.787 14.800 13.774 12.766 11.777 10.807 10.483 10.933 11.355 11.747 12.110 12.445 12.751 13.028 13.276 13.496 13.686 13.848 13.656 13.177 12.728 12.309 11.919 11.559 11.228 10.927 10.656 10.414 10.202 10.020 10.222 10.698 11.204 11.741 12.308 12.905 13.533 14.190 14.878
12.313 13.003 13.643 14.154 13.501 12.891 12.326 11.803 11.325 10.890 10.499 10.151 9.847 9.587 9.371 9.344 10.231 11.152 12.107 13.096 14.119 15.175 16.266 17.390 18.549 19.741 20.967 21.726 20.633 19.559 18.504 17.467 16.450 15.451 14.470 13.509 12.566 11.642 10.737 10.225 10.575 10.896 11.189 11.452 11.687 11.893 12.070 12.218 12.338 12.428 12.490 12.364 11.988 11.642 11.326 11.039 10.781 10.553 10.355 10.187 10.048 9.938 9.859 10.083 10.664 11.275 11.917 12.589 13.291 14.023 14.786 15.578
10.270 10.788 11.256 11.676 11.256 10.799 10.386 10.016 9.690 9.407 9.168 8.973 8.821 8.713 8.649 8.628 9.626 10.665 11.738 12.846 13.980 15.085 16.159 17.203 18.215 19.196 20.147 20.922 19.894 18.885 17.895 16.924 15.971 15.037 14.122 13.225 12.348 11.489 10.649 9.996 10.246 10.468 10.660 10.824 10.959 11.065 11.142 11.190 11.210 11.201 11.163 11.045 10.772 10.529 10.315 10.130 9.976 9.851 9.755 9.689 9.653 9.646 9.669 9.915 10.601 11.317 12.063 12.840 13.647 14.484 15.351 16.249
8.284 8.630 8.927 9.174 8.967 8.662 8.401 8.183 8.009 7.879 7.792 7.749 7.749 7.848 8.080 8.326 9.334 10.456 11.547 12.607 13.636 14.634 15.601 16.537 17.442 18.316 19.159 19.971 19.137 18.193 17.268 16.361 15.474 14.605 13.755 12.923 12.111 11.317 10.542 9.797 9.947 10.069 10.161 10.225 10.260 10.266 10.244 10.192 10.112 10.003 9.865 9.698 9.528 9.387 9.276 9.195 9.142 9.120 9.127 9.164 9.230 9.326 9.451 9.717 10.508 11.329 12.180 13.062 13.973 14.915 15.887 16.889
6.355 6.529 6.654 6.730 6.633 6.480 6.491 6.671 6.866 7.076 7.300 7.538 7.791 8.059 8.341 8.638 9.452 10.467 11.450 12.403 13.324 14.215 15.075 15.904 16.701 17.468 18.204 18.909 18.361 17.482 16.622 15.781 14.958 14.154 13.369 12.603 11.855 11.126 10.416 9.724 9.678 9.699 9.692 9.656 9.591 9.498 9.375 9.224 9.044 8.836 8.598 8.332 8.256 8.218 8.210 8.231 8.281 8.361 8.471 8.610 8.779 8.977 9.205 9.491 10.387 11.313 12.268 13.255 14.271 15.317 16.394 17.501
4.834 5.119 5.400 5.676 5.912 6.114 6.331 6.562 6.807 7.068 7.342 7.632 7.936 8.254 8.587 8.935 9.603 10.510 11.386 12.232 13.046 13.830 14.582 15.304 15.994 16.654 17.283 17.881 17.567 16.753 15.958 15.182 14.424 13.685 12.965 12.263 11.580 10.916 10.271 9.645 9.437 9.359 9.252 9.117 8.952 8.759 8.537 8.286 8.007 7.699 7.362 6.996 6.957 7.021 7.116 7.239 7.392 7.575 7.787 8.029 8.300 8.601 8.931 9.291 10.236 11.254 12.130 12.977 13.796 14.585 15.345 16.076
4.585 4.855 5.120 5.381 5.635 5.887 6.155 6.437 6.733 7.044 7.369 7.710 8.064 8.434 8.817 9.216 9.786 10.586 11.355 12.093 12.801 13.477 14.122 14.737 15.320 15.873 16.395 16.886 16.755 16.006 15.276 14.564 13.871 13.197 12.542 11.905 11.287 10.688 10.108 9.546 9.227 9.049 8.842 8.607 8.343 8.050 7.728 7.378 6.999 6.591 6.155 5.689 5.630 5.797 5.994 6.220 6.475 6.760 7.077 7.409 7.731 8.040 8.338 8.625 9.331 10.136 10.913 11.660 12.378 13.067 13.727 14.358
4.340 4.595 4.846 5.092 5.341 5.645 5.963 6.296 6.643 7.004 7.381 7.771 8.177 8.597 9.031 9.480 10.002 10.695 11.357 11.988 12.588 13.157 13.695 14.203 14.680 15.125 15.540 15.924 15.924 15.240 14.575 13.928 13.300 12.691 12.101 11.529 10.976 10.441 9.926 9.429 9.045 8.768 8.462 8.127 7.763 7.371 6.950 6.500 6.021 5.514 4.978 4.444 4.443 4.805 5.156 5.495 5.822 6.138 6.443 6.736 7.017 7.287 7.545 7.792 8.343 9.048 9.724 10.371 10.989 11.578 12.138 12.669
4.101 4.341 4.576 4.807 5.034 5.387 5.756 6.139 6.537 6.949 7.376 7.818 8.274 8.744 9.229 9.729 10.250 10.836 11.391 11.915 12.408 12.870 13.302 13.702 14.072 14.411 14.718 14.996 15.075 14.456 13.856 13.274 12.711 12.166 11.641 11.134 10.645 10.176 9.725 9.293 8.893 8.516 8.111 7.676 7.231 6.816 6.396 5.969 5.537 5.098 4.653 4.202 4.060 4.382 4.693 4.992 5.280 5.556 5.821 6.074 6.316 6.546 6.764 6.971 7.384 7.989 8.565 9.112 9.630 10.119 10.578 11.009
3.866 4.091 4.312 4.528 4.740 5.113 5.532 5.966 6.415 6.878 7.356 7.848 8.354 8.876 9.411 9.961 10.526 11.010 11.458 11.875 12.261 12.616 12.940 13.234 13.497 13.729 13.930 14.100 14.208 13.654 13.118 12.601 12.103 11.623 11.162 10.720 10.296 9.906 9.547 9.190 8.825 8.414 7.996 7.573 7.144 6.708 6.266 5.819 5.365 4.905 4.439 3.967 3.688 3.971 4.242 4.501 4.749 4.986 5.211 5.424 5.626 5.816 5.995 6.162 6.454 6.959 7.435 7.882 8.299 8.688 9.048 9.379
3.637 3.847 4.052 4.254 4.450 4.824 5.294 5.778 6.277 6.791 7.319 7.862 8.419 8.991 9.577 10.178 10.793 11.216 11.557 11.867 12.146 12.395 12.612 12.799 12.955 13.080 13.175 13.238 13.271 12.833 12.407 12.046 11.685 11.326 10.967 10.609 10.252 9.895 9.539 9.184 8.829 8.396 7.958 7.513 7.063 6.606 6.143 5.675 5.200 4.719 4.232 3.739 3.328 3.571 3.803 4.022 4.231 4.427 4.613 4.786 4.948 5.099 5.238 5.366 5.553 5.958 6.333 6.680 6.998 7.287 7.547 7.778
3.413 3.608 3.798 3.984 4.166 4.519 5.039 5.574 6.124 6.688 7.267 7.861 8.468 9.091 9.727 10.379 11.045 11.454 11.689 11.892 12.064 12.206 12.317 12.388 12.460 12.554 12.670 12.807 12.966 12.738 12.378 12.020 11.662 11.305 10.949 10.593 10.238 9.884 9.530 9.178 8.826 8.385 7.926 7.460 6.988 6.511 6.027 5.537 5.041 4.539 4.031 3.516 2.996 3.184 3.375 3.555 3.724 3.881 4.026 4.160 4.283 4.394 4.493 4.581 4.680 4.985 5.261 5.508 5.726 5.915 6.075 6.206
3.193 3.373 3.549 3.720 3.887 4.198 4.769 5.355 5.955 6.570 7.199 7.843 8.502 9.174 9.862 10.564 11.171 11.442 11.459 11.498 11.559 11.642 11.746 11.871 12.019 12.188 12.378 12.590 12.824 12.706 12.350 11.993 11.638 11.283 10.929 10.576 10.224 9.872 9.521 9.171 8.821 8.381 7.900 7.413 6.920 6.421 5.917 5.405 4.888 4.365 3.836 3.301 2.759 2.808 2.960 3.100 3.229 3.346 3.452 3.546 3.629 3.700 3.760 3.808 3.845 4.042 4.218 4.365 4.483 4.572 4.632 4.663
2.979 3.144 3.304 3.461 3.612 3.862 4.484 5.120 5.771 6.388 6.971 7.537 8.087 8.619 9.135 9.634 10.116 10.452 10.544 10.659 10.795 10.952 11.131 11.332 11.555 11.799 12.064 12.352 12.661 12.675 12.320 11.966 11.613 11.261 10.910 10.559 10.209 9.859 9.511 9.163 8.816 8.382 7.880 7.373 6.859 6.339 5.813 5.280 4.742 4.198 3.648 3.091 2.529 2.443 2.556 2.656 2.745 2.823 2.889 2.944 2.987 3.019 3.039 3.047 3.045 3.127 3.203 3.250 3.269 3.258 3.218 3.150
2.769 2.919 3.060 3.197 3.330 3.491 4.083 4.658 5.217 5.759 6.284 6.792 7.283 7.757 8.215 8.655 9.079 9.440 9.607 9.797 10.008 10.241 10.495 10.771 11.068 11.387 11.728 12.091 12.475 12.642 12.290 11.939 11.588 11.238 10.889 10.541 10.193 9.846 9.500 9.155 8.810 8.390 7.867 7.338 6.803 6.262 5.715 5.162 4.602 4.037 3.466 2.888 2.305 2.091 2.164 2.225 2.274 2.312 2.339 2.354 2.357 2.349 2.330 2.299 2.256 2.241 2.217 2.165 2.083 2.150 2.264 2.369
2.521 2.653 2.782 2.908 3.031 3.151 3.647 4.165 4.665 5.148 5.615 6.065 6.498 6.914 7.313 7.696 8.061 8.406 8.649 8.913 9.199 9.507 9.836 10.187 10.560 10.954 11.370 11.807 12.266 12.609 12.259 11.910 11.562 11.215 10.868 10.522 10.177 9.833 9.489 9.146 8.804 8.404 7.860 7.310 6.754 6.192 5.624 5.049 4.469 3.883 3.290 2.692 2.087 1.750 1.783 1.804 1.814 1.813 1.800 1.775 1.739 1.691 1.766 1.880 1.999 2.123 2.242 2.352 2.453 2.544 2.627 2.700
2.267 2.389 2.507 2.623 2.736 2.846 3.231 3.690 4.132 4.557 4.965 5.357 5.732 6.090 6.431 6.755 7.062 7.353 7.668 8.007 8.369 8.751 9.156 9.582 10.029 10.498 10.989 11.501 12.035 12.575 12.228 11.881 11.536 11.191 10.847 10.503 10.160 9.818 9.477 9.136 8.796 8.424 7.859 7.288 6.711 6.128 5.538 4.943 4.342 3.734 3.121 2.501 1.876 1.421 1.414 1.489 1.586 1.688 1.795 1.906 2.022 2.143 2.268 2.398 2.533 2.653 2.741 2.819 2.888 2.947 2.997 3.039
2.016 2.128 2.236 2.342 2.445 2.544 2.832 3.233 3.617 3.984 4.335 4.668 4.985 5.284 5.567 5.834 6.083 6.315 6.665 7.080 7.516 7.974 8.453 8.954 9.476 10.020 10.586 11.173 11.782 12.413 12.196 11.852 11.509 11.166 10.824 10.483 10.143 9.803 9.464 9.126 8.789 8.451 7.865 7.273 6.674 6.070 5.460 4.843 4.240 3.661 3.106 2.574 2.065 1.660 1.764 1.873 1.986 2.104 2.227 2.354 2.487 2.623 2.765 2.911 3.063 3.192 3.247 3.294 3.330 3.358 3.377 3.386
1.769 1.871 1.969 2.064 2.157 2.246 2.453 2.796 3.121 3.430 3.723 3.998 4.256 4.498 4.723 4.931 5.122 5.297 5.641 6.130 6.641 7.174 7.728 8.304 8.901 9.520 10.161 10.823 11.507 12.212 12.163 11.822 11.481 11.141 10.801 10.463 10.125 9.787 9.451 9.115 8.780 8.374 7.744 7.106 6.491 5.899 5.330 4.785 4.264 3.765 3.290 2.839 2.411 2.006 2.126 2.251 2.381 2.515 2.654 2.798 2.946 3.099 3.257 3.419 3.587 3.739 3.762 3.777 3.782 3.778 3.764 3.742
1.526 1.617 1.705 1.790 1.872 1.951 2.092 2.377 2.644 2.895 3.129 3.347 3.547 3.731 3.898 4.048 4.181 4.297 4.594 5.159 5.745 6.352 6.982 7.632 8.304 8.998 9.714 10.450 11.209 11.989 12.130 11.791 11.452 11.115 10.865 10.572 10.233 9.848 9.416 8.938 8.415 7.845 7.261 6.703 6.168 5.657 5.169 4.705 4.264 3.846 3.452 3.081 2.734 2.410 2.483 2.624 2.770 2.921 3.076 3.236 3.400 3.570 3.744 3.922 4.106 4.294 4.285 4.268 4.241 4.205 4.160 4.106
1.286 1.367 1.445 1.519 1.591 1.660 1.750 1.976 2.186 2.379 2.555 2.714 2.857 2.982 3.091 3.183 3.258 3.317 3.526 4.166 4.826 5.509 6.213 6.938 7.685 8.454 9.250 10.245 11.272 12.331 12.849 12.580 12.266 11.906 11.499 11.047 10.548 10.003 9.412 8.775 8.092 7.363 6.754 6.277 5.823 5.392 4.985 4.601 4.241 3.904 3.590 3.300 3.033 2.789 2.835 2.993 3.155 3.321 3.493 3.669 3.850 4.035 4.225 4.420 4.620 4.824 4.817 4.768 4.709 4.641 4.564 4.478
