DATA/SHG/ECMWF/20170628/EN-15/20170707.en-15.asc
ncols        190
nrows        64
xllcorner    -5100000.000000000000
yllcorner    4130000.000000000000
cellsize     10000.000000000000
NODATA_value  -99999.000
[rows 0 to 31 of 64, columns 73 to 145 of 190]
9.847 10.449 11.070 11.712 12.373 13.055 13.756 14.477 14.791 14.005 13.167 12.354 11.567 10.806 10.070 9.361 8.677 8.019 7.386 6.780 6.421 6.796 7.150 7.487 7.807 8.108 8.392 8.659 8.908 9.139 9.352 9.548 9.672 9.608 9.533 9.449 9.356 9.253 9.140 9.018 8.887 8.746 8.595 8.435 8.256 8.063 7.896 7.757 7.645 7.560 7.502 7.471 7.466 7.490 7.540 7.617 7.617 7.325 7.035 6.747 6.463 6.181 5.902 5.625 5.351 5.080 4.812 4.546 4.343 4.305 4.260 4.207 4.145
9.978 10.649 11.260 11.831 12.380 12.907 13.411 13.894 14.136 13.361 12.613 11.890 11.193 10.522 9.877 9.257 8.663 8.095 7.553 7.036 6.628 6.925 7.201 7.459 7.699 7.922 8.127 8.315 8.485 8.637 8.772 8.889 8.966 8.859 8.742 8.615 8.479 8.334 8.179 8.014 7.840 7.656 7.463 7.260 7.064 6.992 6.947 6.928 6.937 6.973 7.036 7.125 7.242 7.386 7.557 7.755 7.908 7.627 7.349 7.073 6.800 6.530 6.263 5.998 5.736 5.477 5.220 4.966 4.743 4.670 4.590 4.502 4.406
9.741 10.279 10.795 11.289 11.761 12.211 12.640 13.046 13.379 12.695 12.037 11.404 10.797 10.216 9.661 9.131 8.627 8.149 7.696 7.270 6.869 7.074 7.271 7.450 7.611 7.755 7.882 7.991 8.082 8.155 8.211 8.250 8.270 8.122 7.962 7.793 7.615 7.426 7.229 7.022 6.805 6.579 6.343 6.098 5.846 5.894 5.970 6.072 6.202 6.359 6.542 6.753 6.990 7.255 7.546 7.865 8.195 7.926 7.659 7.396 7.135 6.877 6.621 6.368 6.118 5.871 5.626 5.384 5.161 5.111 5.099 5.126 5.190
9.451 9.912 10.351 10.768 11.164 11.537 11.889 12.219 12.526 12.006 11.438 10.895 10.378 9.887 9.421 8.982 8.568 8.179 7.817 7.480 7.169 7.242 7.360 7.461 7.544 7.609 7.657 7.687 7.699 7.694 7.671 7.631 7.573 7.396 7.194 6.982 6.761 6.531 6.291 6.041 5.782 5.514 5.235 4.948 4.651 4.770 4.966 5.189 5.439 5.717 6.021 6.352 6.710 7.095 7.507 7.946 8.412 8.222 7.967 7.720 7.483 7.251 7.025 6.804 6.588 6.378 6.174 5.975 5.781 5.881 6.039 6.235 6.469
9.181 9.566 9.928 10.269 10.588 10.885 11.160 11.413 11.644 11.294 10.816 10.363 9.936 9.535 9.159 8.809 8.485 8.187 7.914 7.667 7.445 7.431 7.470 7.492 7.496 7.482 7.451 7.403 7.336 7.253 7.151 7.032 6.896 6.682 6.437 6.183 5.920 5.647 5.364 5.072 4.771 4.460 4.139 3.809 3.470 3.618 3.935 4.278 4.649 5.047 5.525 6.050 6.573 7.094 7.612 8.128 8.642 8.564 8.340 8.121 7.908 7.701 7.499 7.302 7.111 6.925 6.745 6.570 6.401 6.611 6.939 7.305 7.709
8.932 9.240 9.526 9.790 10.033 10.253 10.452 10.628 10.783 10.560 10.172 9.809 9.472 9.160 8.874 8.614 8.380 8.171 7.988 7.830 7.698 7.638 7.599 7.542 7.468 7.376 7.266 7.139 6.994 6.832 6.652 6.454 6.239 5.979 5.692 5.396 5.090 4.775 4.450 4.115 3.771 3.511 3.315 3.125 2.940 3.224 3.750 4.274 4.796 5.316 5.833 6.348 6.861 7.372 7.880 8.386 8.890 8.910 8.711 8.516 8.328 8.144 7.966 7.794 7.627 7.466 7.310 7.159 7.014 7.303 7.800 8.336 8.909
8.704 8.936 9.145 9.333 9.499 9.643 9.765 9.865 9.944 9.804 9.505 9.232 8.985 8.763 8.567 8.396 8.251 8.132 8.038 7.970 7.928 7.866 7.748 7.612 7.459 7.289 7.101 6.895 6.672 6.431 6.172 5.896 5.656 5.443 5.227 5.017 4.812 4.613 4.420 4.232 4.050 3.874 3.703 3.538 3.378 3.584 4.101 4.615 5.127 5.636 6.144 6.649 7.151 7.652 8.150 8.646 9.140 9.251 9.075 8.905 8.741 8.582 8.428 8.280 8.137 8.000 7.869 7.742 7.622 7.955 8.622 9.327 10.070
8.497 8.652 8.785 8.897 8.986 9.054 9.100 9.123 9.125 9.025 8.816 8.633 8.475 8.343 8.236 8.155 8.100 8.070 8.066 8.087 8.135 8.113 7.916 7.666 7.409 7.163 6.929 6.706 6.495 6.296 6.109 5.934 5.770 5.600 5.409 5.224 5.044 4.870 4.702 4.539 4.382 4.231 4.085 3.945 3.810 3.947 4.453 4.957 5.459 5.959 6.456 6.951 7.443 7.934 8.422 8.908 9.391 9.585 9.434 9.288 9.148 9.013 8.884 8.760 8.641 8.528 8.421 8.319 8.222 8.568 9.404 10.279 11.191
8.311 8.390 8.446 8.481 8.494 8.486 8.455 8.403 8.329 8.224 8.104 8.011 7.942 7.900 7.883 7.889 7.892 7.887 7.873 7.851 7.820 7.742 7.513 7.296 7.091 6.897 6.715 6.545 6.387 6.240 6.105 5.982 5.870 5.751 5.585 5.425 5.270 5.121 4.978 4.840 4.708 4.581 4.460 4.345 4.235 4.311 4.808 5.302 5.793 6.283 6.770 7.255 7.737 8.218 8.696 9.172 9.645 9.913 9.786 9.665 9.549 9.438 9.333 9.233 9.139 9.050 8.967 8.889 8.817 9.143 10.148 11.192 12.273
8.145 8.148 8.128 8.087 8.024 7.939 7.832 7.703 7.580 7.524 7.548 7.564 7.571 7.570 7.561 7.543 7.516 7.482 7.439 7.387 7.327 7.254 7.078 6.913 6.760 6.619 6.489 6.371 6.265 6.171 6.088 6.017 5.957 5.895 5.754 5.619 5.489 5.365 5.247 5.134 5.027 4.925 4.829 4.738 4.653 4.677 5.164 5.648 6.129 6.609 7.086 7.561 8.033 8.503 8.971 9.437 9.901 10.235 10.132 10.035 9.943 9.857 9.776 9.701 9.631 9.566 9.507 9.453 9.405 9.678 10.853 12.065 13.316
8.001 7.925 7.843 7.764 7.689 7.617 7.548 7.482 7.420 7.361 7.356 7.343 7.321 7.290 7.252 7.205 7.149 7.085 7.013 6.932 6.843 6.753 6.630 6.518 6.417 6.328 6.251 6.185 6.131 6.089 6.058 6.039 6.032 6.034 5.918 5.807 5.702 5.603 5.510 5.422 5.339 5.262 5.191 5.125 5.065 5.045 5.521 5.995 6.467 6.936 7.403 7.868 8.331 8.791 9.249 9.705 10.158 10.551 10.473 10.400 10.332 10.270 10.213 10.162 10.116 10.076 10.041 10.011 9.987 10.175 11.518 12.900 14.319
7.757 7.683 7.612 7.545 7.481 7.420 7.362 7.308 7.256 7.208 7.172 7.129 7.078 7.019 6.951 6.874 6.790 6.697 6.595 6.485 6.367 6.248 6.170 6.110 6.061 6.024 5.999 5.986 5.984 5.994 6.015 6.048 6.093 6.150 6.074 5.989 5.909 5.835 5.766 5.703 5.645 5.593 5.547 5.506 5.471 5.441 5.881 6.345 6.807 7.266 7.723 8.178 8.630 9.080 9.528 9.974 10.418 10.859 10.807 10.758 10.715 10.677 10.644 10.617 10.595 10.579 10.568 10.563 10.608 10.796 12.495 14.293 16.190
7.501 7.438 7.379 7.323 7.270 7.220 7.174 7.130 7.090 7.054 6.996 6.924 6.844 6.755 6.658 6.552 6.438 6.316 6.186 6.047 5.899 5.751 5.698 5.689 5.693 5.708 5.735 5.774 5.824 5.886 5.959 6.045 6.142 6.250 6.225 6.164 6.109 6.060 6.016 5.978 5.945 5.918 5.896 5.880 5.870 5.865 6.243 6.696 7.148 7.597 8.044 8.489 8.932 9.372 9.810 10.245 10.679 11.110 11.135 11.096 11.066 11.070 11.108 11.178 11.282 11.419 11.590 11.794 12.031 12.302 14.319 16.557 18.895
7.242 7.191 7.143 7.098 7.056 7.018 6.982 6.950 6.922 6.896 6.828 6.727 6.617 6.499 6.373 6.238 6.095 5.944 5.784 5.616 5.439 5.262 5.212 5.256 5.312 5.379 5.458 5.549 5.651 5.765 5.891 6.028 6.177 6.338 6.369 6.333 6.303 6.278 6.259 6.246 6.238 6.236 6.239 6.248 6.262 6.282 6.606 7.050 7.491 7.931 8.378 8.819 9.235 9.628 9.996 10.340 10.660 10.957 11.065 11.151 11.269 11.421 11.607 11.825 12.077 12.363 12.681 13.033 13.418 13.837 16.041 18.720 21.498
6.981 6.941 6.904 6.870 6.840 6.813 6.789 6.768 6.750 6.736 6.668 6.538 6.399 6.252 6.096 5.933 5.760 5.580 5.391 5.193 4.988 4.781 4.715 4.811 4.919 5.038 5.169 5.312 5.466 5.632 5.810 5.999 6.200 6.412 6.507 6.496 6.491 6.491 6.497 6.508 6.525 6.573 6.660 6.762 6.880 7.014 7.339 7.769 8.174 8.556 8.914 9.247 9.557 9.842 10.104 10.341 10.554 10.743 10.938 11.171 11.438 11.738 12.072 12.438 12.838 13.271 13.738 14.237 14.770 15.337 17.662 20.781 23.999
6.717 6.688 6.662 6.640 6.621 6.605 6.592 6.582 6.576 6.573 6.516 6.357 6.189 6.012 5.828 5.635 5.433 5.224 5.006 4.779 4.544 4.308 4.205 4.353 4.512 4.684 4.867 5.062 5.268 5.486 5.715 5.957 6.221 6.499 6.677 6.723 6.785 6.863 6.957 7.066 7.191 7.332 7.489 7.661 7.848 8.052 8.327 8.649 8.948 9.223 9.474 9.700 9.903 10.081 10.236 10.366 10.473 10.555 10.776 11.158 11.573 12.021 12.502 13.016 13.564 14.145 14.759 15.407 16.087 16.801 19.182 22.741 26.398
6.450 6.433 6.418 6.407 6.399 6.394 6.393 6.394 6.399 6.407 6.372 6.183 5.986 5.781 5.567 5.345 5.114 4.876 4.628 4.373 4.109 3.844 3.682 3.922 4.197 4.472 4.748 5.025 5.302 5.580 5.859 6.138 6.419 6.699 6.930 7.046 7.178 7.326 7.489 7.668 7.863 8.073 8.300 8.541 8.799 9.072 9.339 9.554 9.746 9.914 10.058 10.178 10.273 10.345 10.393 10.417 10.416 10.392 10.581 11.110 11.673 12.268 12.897 13.560 14.255 14.984 15.746 16.541 17.369 18.231 20.601 24.599 28.695
6.181 6.175 6.172 6.172 6.175 6.181 6.191 6.203 6.219 6.239 6.236 6.018 5.792 5.557 5.314 5.068 4.881 4.695 4.510 4.325 4.142 3.956 3.814 4.091 4.369 4.647 4.926 5.206 5.486 5.768 6.049 6.332 6.615 6.899 7.165 7.351 7.553 7.770 8.004 8.252 8.517 8.797 9.092 9.404 9.731 10.074 10.374 10.483 10.568 10.630 10.667 10.680 10.669 10.634 10.575 10.492 10.385 10.254 10.351 11.028 11.739 12.482 13.259 14.068 14.911 15.788 16.697 17.640 18.616 19.625 21.919 26.355 30.891
5.909 5.914 5.922 5.933 5.948 5.965 5.986 6.010 6.044 6.118 6.196 6.014 5.826 5.639 5.453 5.269 5.085 4.902 4.720 4.539 4.358 4.175 3.990 4.259 4.539 4.821 5.103 5.386 5.669 5.954 6.239 6.524 6.811 7.098 7.383 7.639 7.910 8.197 8.500 8.819 9.153 9.502 9.868 10.248 10.645 11.057 11.434 11.437 11.415 11.369 11.300 11.206 11.088 10.947 10.781 10.592 10.378 10.141 10.088 10.913 11.770 12.661 13.585 14.543 15.533 16.557 17.614 18.704 19.827 20.983 23.136 28.011 32.985
5.635 5.660 5.715 5.775 5.840 5.911 5.987 6.068 6.154 6.246 6.343 6.201 6.016 5.832 5.650 5.468 5.287 5.108 4.929 4.751 4.574 4.394 4.211 4.425 4.709 4.994 5.279 5.565 5.851 6.139 6.427 6.716 7.005 7.295 7.586 7.909 8.250 8.607 8.979 9.367 9.771 10.190 10.625 11.075 11.541 12.023 12.518 12.414 12.286 12.133 11.957 11.757 11.533 11.285 11.013 10.716 10.396 10.053 9.791 10.763 11.768 12.806 13.878 14.983 16.120 17.291 18.496 19.733 21.003 22.307 24.252 29.565 34.977
5.569 5.637 5.710 5.788 5.872 5.961 6.055 6.154 6.259 6.369 6.484 6.386 6.205 6.025 5.845 5.667 5.489 5.312 5.136 4.962 4.788 4.611 4.431 4.590 4.877 5.165 5.454 5.743 6.032 6.323 6.614 6.906 7.198 7.491 7.785 8.162 8.572 8.999 9.440 9.898 10.371 10.860 11.364 11.884 12.419 12.971 13.537 13.415 13.181 12.922 12.639 12.332 12.002 11.647 11.268 10.866 10.439 9.989 9.515 10.579 11.731 12.917 14.136 15.388 16.673 17.991 19.343 20.727 22.145 23.674 25.508 31.301 37.085
5.522 5.609 5.700 5.797 5.899 6.006 6.118 6.236 6.359 6.487 6.620 6.571 6.393 6.216 6.039 5.864 5.689 5.516 5.343 5.171 5.001 4.827 4.651 4.755 5.045 5.336 5.627 5.919 6.212 6.506 6.800 7.095 7.390 7.687 7.984 8.397 8.877 9.373 9.884 10.411 10.953 11.512 12.085 12.675 13.280 13.900 14.536 14.441 14.100 13.734 13.345 12.932 12.495 12.034 11.549 11.040 10.507 9.951 9.370 10.361 11.785 13.405 15.031 16.664 18.303 19.948 21.600 23.258 24.923 26.594 28.271 33.762 39.515
5.471 5.575 5.685 5.800 5.920 6.046 6.176 6.312 6.454 6.600 6.752 6.755 6.580 6.406 6.233 6.060 5.889 5.718 5.549 5.380 5.213 5.042 4.869 4.918 5.211 5.505 5.800 6.095 6.391 6.688 6.985 7.283 7.582 7.881 8.181 8.615 9.164 9.729 10.310 10.906 11.518 12.146 12.789 13.448 14.122 14.812 15.517 15.490 15.043 14.571 14.075 13.552 13.063 12.645 12.296 12.017 11.808 11.668 11.599 12.797 14.439 16.087 17.742 19.403 21.070 22.744 24.424 26.111 27.804 29.503 31.209 36.225 41.947
5.414 5.537 5.665 5.798 5.937 6.081 6.230 6.384 6.543 6.708 6.878 6.938 6.766 6.595 6.425 6.256 6.087 5.920 5.754 5.588 5.424 5.256 5.086 5.080 5.377 5.674 5.971 6.270 6.569 6.868 7.169 7.470 7.772 8.074 8.377 8.815 9.434 10.068 10.718 11.384 12.065 12.762 13.426 13.997 14.538 15.048 15.527 15.470 15.012 14.623 14.305 14.056 13.877 13.768 13.728 13.758 13.859 14.029 14.268 15.412 17.083 18.759 20.442 22.132 23.828 25.530 27.238 28.953 30.674 32.402 34.136 38.692 44.382
5.353 5.494 5.640 5.792 5.949 6.111 6.278 6.451 6.628 6.811 6.999 7.120 6.951 6.783 6.616 6.450 6.285 6.120 5.957 5.795 5.633 5.469 5.302 5.241 5.541 5.841 6.142 6.443 6.745 7.048 7.352 7.656 7.961 8.281 8.631 9.088 9.736 10.355 10.942 11.500 12.027 12.525 12.991 13.428 13.834 14.210 14.556 14.663 14.514 14.435 14.426 14.486 14.616 14.816 15.086 15.425 15.835 16.314 16.862 18.018 19.716 21.421 23.132 24.850 26.574 28.305 30.042 31.785 33.534 35.290 37.053 41.162 46.821
5.287 5.446 5.611 5.781 5.956 6.136 6.321 6.512 6.708 6.909 7.116 7.300 7.135 6.970 6.806 6.643 6.481 6.320 6.160 6.000 5.842 5.681 5.517 5.402 5.704 6.012 6.329 6.656 6.992 7.337 7.691 8.054 8.427 8.809 9.199 9.625 10.139 10.623 11.077 11.500 11.894 12.257 12.589 12.892 13.164 13.406 13.618 13.783 13.943 14.173 14.473 14.843 15.282 15.791 16.370 17.018 17.736 18.524 19.381 20.612 22.339 24.073 25.812 27.558 29.311 31.069 32.835 34.606 36.384 38.168 39.959 43.635 49.262
5.216 5.393 5.576 5.764 5.958 6.156 6.360 6.569 6.783 7.002 7.227 7.457 7.317 7.156 6.995 6.835 6.671 6.481 6.301 6.130 5.968 5.814 5.666 5.525 5.854 6.203 6.561 6.929 7.305 7.691 8.086 8.490 8.903 9.326 9.757 10.194 10.574 10.924 11.244 11.533 11.792 12.021 12.220 12.388 12.527 12.635 12.713 12.830 13.299 13.839 14.447 15.126 15.874 16.692 17.579 18.536 19.563 20.659 21.825 23.197 24.952 26.714 28.482 30.256 32.037 33.824 35.617 37.417 39.223 41.036 42.854 46.110 51.706
5.140 5.336 5.537 5.743 5.955 6.171 6.393 6.620 6.853 7.080 7.267 7.455 7.325 7.130 6.944 6.768 6.602 6.444 6.296 6.158 6.029 5.907 5.792 5.685 5.994 6.384 6.783 7.191 7.608 8.034 8.470 8.915 9.369 9.832 10.304 10.785 11.042 11.257 11.443 11.599 11.724 11.819 11.884 11.918 11.923 11.897 11.841 11.805 12.583 13.431 14.348 15.335 16.392 17.518 18.714 19.980 21.315 22.719 24.194 25.771 27.555 29.345 31.141 32.944 34.753 36.568 38.389 40.217 42.052 43.893 45.740 48.589 54.153
5.059 5.273 5.483 5.671 5.859 6.047 6.235 6.423 6.611 6.799 6.986 7.173 7.116 6.954 6.801 6.658 6.523 6.399 6.283 6.177 6.081 5.992 5.910 5.835 6.123 6.553 6.993 7.442 7.900 8.367 8.843 9.329 9.823 10.327 10.840 11.362 11.541 11.623 11.675 11.696 11.688 11.649 11.580 11.481 11.352 11.192 11.002 10.782 11.794 12.950 14.176 15.472 16.837 18.271 19.776 21.349 22.992 24.705 26.488 28.336 30.147 31.966 33.790 35.621 37.458 39.302 41.151 43.008 44.870 46.739 48.615 51.071 56.604
4.828 5.016 5.204 5.392 5.580 5.768 5.956 6.143 6.331 6.518 6.705 6.892 6.900 6.770 6.650 6.539 6.437 6.345 6.262 6.188 6.124 6.068 6.019 5.977 6.242 6.713 7.193 7.683 8.181 8.689 9.206 9.732 10.267 10.812 11.365 11.928 12.073 12.021 11.939 11.827 11.685 11.512 11.309 11.076 10.813 10.520 10.197 9.843 10.932 12.397 13.931 15.535 17.208 18.951 20.763 22.645 24.596 26.617 28.707 30.866 32.730 34.576 36.429 38.288 40.153 42.025 43.903 45.788 47.678 49.576 51.479 53.328 58.161
4.550 4.738 4.926 5.114 5.301 5.489 5.676 5.863 6.051 6.238 6.425 6.611 6.675 6.577 6.490 6.411 6.342 6.282 6.232 6.191 6.159 6.136 6.120 6.111 6.350 6.862 7.383 7.913 8.452 9.001 9.558 10.125 10.701 11.286 11.880 12.483 12.637 12.451 12.236 11.990 11.714 11.408 11.071 10.705 10.308 9.881 9.424 8.937 9.998 11.771 13.613 15.525 17.506 19.556 21.676 23.866 26.125 28.453 30.851 33.318 35.302 37.177 39.042 40.803 42.450 43.984 45.404 46.711 47.904 48.984 49.950 50.802 54.894
4.273 4.461 4.648 4.836 5.023 5.210 5.397 5.584 5.771 5.958 6.144 6.331 6.441 6.377 6.321 6.275 6.239 6.212 6.194 6.185 6.186 6.196 6.212 6.236 6.447 7.000 7.562 8.132 8.712 9.301 9.899 10.507 11.123 11.749 12.383 13.027 13.233 12.914 12.565 12.185 11.776 11.336 10.866 10.366 9.836 9.276 8.685 8.065 8.991 11.072 13.222 15.441 17.730 20.322 23.401 26.338 29.133 31.786 34.297 36.665 38.452 39.938 41.311 42.570 43.716 44.748 45.667 46.472 47.164 47.742 48.207 48.559 51.744
