DATA/SHG/ECMWF/20170628/EN-15/20170709.en-15.asc
ncols        190
nrows        64
xllcorner    -5100000.000000000000
yllcorner    4130000.000000000000
cellsize     10000.000000000000
NODATA_value  -99999.000
[rows 32 to 63 of 64, columns 0 to 70 of 190]
20.253 21.934 21.534 20.797 19.925 18.918 17.776 16.500 15.090 13.544 11.864 10.050 8.100 6.016 5.935 5.944 5.926 5.881 5.810 5.713 5.588 5.438 5.260 5.057 4.826 4.569 5.170 5.776 6.373 6.961 7.540 8.111 8.672 9.224 9.767 10.302 10.827 11.335 11.426 11.554 11.721 11.926 12.168 12.448 12.766 13.121 13.515 14.266 15.029 15.615 15.796 15.904 15.936 15.893 15.776 15.583 15.316 14.974 14.558 14.066 13.500 12.887 12.525 12.182 11.857 11.551 11.262 10.991 10.738 10.504 10.287
26.656 28.694 28.378 27.168 25.823 24.344 22.731 20.983 19.100 17.083 14.931 12.644 10.223 7.668 7.084 7.000 6.889 6.751 6.587 6.397 6.180 5.936 5.666 5.369 5.046 4.697 5.125 5.700 6.266 6.823 7.371 7.910 8.440 8.962 9.474 9.977 10.471 10.957 11.213 11.474 12.710 14.035 15.200 16.205 17.050 17.736 18.261 18.626 18.831 18.876 18.797 18.643 18.414 18.111 17.733 17.280 16.752 16.149 15.472 14.719 13.892 12.990 12.665 12.384 12.122 11.878 11.652 11.444 11.254 11.082 10.928
32.938 35.332 35.361 33.679 31.862 29.911 27.826 25.606 23.251 20.762 18.139 15.381 12.489 9.462 8.260 8.082 7.879 7.648 7.391 7.108 6.798 6.462 6.099 5.710 5.294 4.852 5.089 5.633 6.168 6.694 7.211 7.719 8.218 10.542 12.772 14.738 16.441 17.881 19.119 20.205 21.132 21.898 22.505 22.952 23.238 23.365 23.333 23.140 22.787 22.275 21.868 21.453 20.964 20.400 19.761 19.047 18.258 17.395 16.457 15.445 14.357 13.195 12.786 12.569 12.369 12.187 12.024 11.878 11.751 11.641 11.550
39.098 41.849 42.483 40.329 38.041 35.618 33.061 30.369 27.544 24.584 21.489 18.260 14.897 11.400 9.462 9.192 8.896 8.572 8.223 7.847 7.444 7.015 6.560 6.078 5.569 5.154 8.083 11.234 14.123 16.748 19.110 21.210 23.046 24.619 25.930 26.977 27.762 28.283 28.808 29.336 29.704 29.912 29.961 29.850 29.579 29.148 28.558 27.808 26.898 25.828 25.009 24.334 23.584 22.759 21.859 20.885 19.836 18.713 17.515 16.242 14.894 13.472 12.890 12.735 12.598 12.479 12.378 12.295 12.231 12.184 12.155
45.138 48.244 49.744 47.118 44.359 41.465 38.436 35.274 31.977 28.546 24.981 21.281 17.448 13.480 10.692 10.329 9.940 9.524 9.251 10.086 11.410 13.224 15.528 18.321 21.603 25.375 28.846 31.078 33.047 34.753 36.196 37.376 38.294 38.949 39.341 39.470 39.337 38.941 38.646 38.617 38.427 38.078 37.569 36.900 36.072 35.084 33.937 32.630 31.163 29.537 28.221 27.285 26.274 25.189 24.029 22.795 21.486 20.102 18.644 17.111 15.503 13.821 12.977 12.885 12.810 12.754 12.715 12.695 12.692 12.708 12.742
51.056 54.517 57.143 54.047 50.816 47.451 43.952 40.319 36.552 32.650 28.614 24.288 19.649 15.164 11.723 12.307 13.381 14.944 16.996 19.538 22.568 26.087 30.096 34.594 39.580 45.056 49.857 51.169 52.219 53.006 53.531 53.793 53.793 53.530 53.004 52.216 51.165 49.852 48.635 48.048 47.301 46.394 45.328 44.102 42.717 41.173 39.469 37.605 35.582 33.399 31.502 30.306 29.035 27.690 26.270 24.775 23.206 21.563 19.845 18.052 16.184 14.243 13.046 13.016 13.004 13.010 13.034 13.076 13.136 13.215 13.311
56.853 60.670 64.589 61.114 56.737 51.561 46.537 41.667 36.950 32.385 27.973 23.715 19.609 15.656 12.115 14.406 17.186 20.454 24.212 28.458 33.193 38.416 44.129 50.330 57.020 64.199 71.114 71.508 71.640 71.509 71.116 70.461 69.543 68.363 66.920 65.215 63.248 61.018 58.774 57.629 56.325 54.862 53.239 51.457 49.515 47.414 45.153 42.733 40.154 37.415 34.854 33.397 31.867 30.261 28.581 26.827 24.998 23.095 21.117 19.064 16.937 14.736 13.098 13.131 13.181 13.250 13.336 13.440 13.563 13.703 14.632
56.708 58.823 60.853 57.067 52.272 47.629 43.138 38.801 34.616 30.584 26.705 22.979 19.405 15.984 12.716 15.979 20.463 25.436 30.898 36.847 43.286 50.212 57.627 65.531 73.923 82.803 92.172 92.094 91.309 90.261 88.951 87.379 85.544 83.447 81.088 78.467 75.584 72.438 69.062 67.361 65.500 63.480 61.301 58.962 56.465 53.807 50.991 48.015 44.880 41.586 38.275 36.559 34.768 32.903 30.964 28.950 26.861 24.698 22.461 20.149 17.762 15.301 13.132 14.077 15.461 16.870 18.303 19.762 21.246 22.755 24.288
50.808 52.626 54.358 51.910 47.646 43.536 39.578 35.773 32.121 28.621 25.274 22.080 19.038 16.149 13.413 17.026 23.214 29.890 37.054 44.707 52.847 61.476 70.592 80.197 90.289 100.870 111.939 112.928 111.226 109.261 107.035 104.546 101.796 98.783 95.508 91.972 88.173 84.112 79.789 77.242 74.825 72.249 69.514 66.620 63.566 60.353 56.981 53.450 49.760 45.910 41.902 39.791 37.741 35.616 33.417 31.143 29.670 28.439 27.166 25.850 24.493 23.093 21.655 23.100 24.569 26.063 27.582 29.126 30.696 32.290 33.909
45.010 46.531 47.965 46.592 42.862 39.284 35.858 32.585 29.465 26.497 23.682 21.019 18.509 16.151 13.946 17.549 25.439 33.817 42.683 52.037 61.878 72.207 83.024 94.328 106.121 118.401 131.168 134.009 131.390 128.510 125.368 121.964 118.298 114.370 110.180 105.729 101.015 96.040 90.803 87.273 84.301 81.169 77.878 74.428 70.820 67.052 63.124 59.038 54.793 51.045 47.698 46.157 44.988 43.777 42.524 41.229 39.891 38.511 37.089 35.625 34.118 32.569 30.978 32.086 33.641 35.221 36.825 38.455 40.110 41.789 43.494
39.314 40.537 41.674 41.116 37.917 34.871 31.977 29.236 26.647 24.211 21.927 19.795 17.816 15.990 14.316 17.547 27.139 37.218 47.784 58.837 70.378 82.407 94.923 107.926 121.417 135.395 149.861 155.337 151.803 148.007 143.950 139.631 135.050 130.208 125.104 119.738 114.110 108.221 102.070 97.454 93.926 90.240 85.560 81.111 76.974 73.149 69.635 66.434 63.543 60.965 58.698 57.150 55.833 54.473 53.071 51.627 50.141 48.612 47.041 45.428 43.773 42.076 40.336 41.037 42.677 44.343 46.033 47.748 49.488 51.253 53.043
33.718 34.644 35.485 35.480 32.813 30.298 27.936 25.726 23.668 21.763 20.010 18.410 16.961 15.665 14.522 17.022 28.314 40.092 52.357 65.110 78.350 92.076 106.290 120.991 136.179 151.854 168.016 176.912 172.463 167.753 162.781 157.547 152.053 146.296 140.202 131.031 122.250 113.860 105.860 99.568 95.266 91.275 87.596 84.228 81.172 78.427 75.994 73.872 72.062 70.563 69.376 68.172 66.706 65.198 63.647 62.054 60.419 58.742 57.023 55.261 53.458 51.612 49.724 49.953 51.679 53.429 55.205 57.005 58.830 60.681 62.556
28.224 28.853 29.397 29.685 27.549 25.566 23.735 22.056 20.529 19.154 17.932 16.862 15.944 15.178 14.565 15.974 28.964 42.441 56.404 70.855 85.792 101.216 117.126 133.523 150.408 167.778 185.636 198.050 187.501 177.343 167.575 158.198 149.212 140.616 132.410 124.595 117.170 110.136 103.493 98.046 94.824 91.914 89.316 87.028 85.052 83.387 82.034 80.991 80.260 79.841 79.732 79.223 77.608 75.951 74.252 72.510 70.727 68.901 67.033 65.124 63.171 61.177 59.141 58.833 60.644 62.480 64.341 66.227 68.137 70.073 72.033
22.830 23.163 23.410 23.571 22.127 20.674 19.373 18.225 17.228 16.384 15.692 15.152 14.764 14.529 14.445 14.514 29.091 44.265 59.926 76.072 92.154 106.281 119.973 133.229 146.051 158.438 170.390 180.371 171.180 162.379 153.968 145.948 138.318 131.078 124.228 117.769 111.700 106.021 100.732 96.210 94.069 92.239 90.720 89.512 88.615 88.030 87.755 87.791 88.139 88.797 89.767 90.302 88.538 86.733 84.885 82.996 81.064 79.090 77.073 75.015 72.915 70.772 68.588 67.678 69.575 71.496 73.442 75.413 77.409 79.430 81.475
17.538 17.574 17.524 17.389 16.545 15.622 14.852 14.234 13.767 13.453 13.291 13.281 13.423 13.732 14.117 14.493 26.978 41.337 55.261 68.750 81.805 94.425 106.610 118.360 129.676 140.557 151.004 161.015 154.475 147.031 139.976 133.312 127.037 121.153 115.658 110.553 105.839 101.514 97.580 94.062 93.000 92.249 91.809 91.680 91.862 92.355 93.158 94.273 95.698 97.434 99.481 101.410 99.498 97.544 95.548 93.510 91.430 89.307 87.143 84.936 82.688 80.397 78.064 76.488 78.470 80.476 82.508 84.564 86.645 88.751 90.882
12.346 12.085 11.740 11.309 10.804 10.411 10.451 10.868 11.276 11.676 12.066 12.447 12.818 13.181 13.534 13.879 23.124 35.976 48.393 60.376 71.925 83.039 93.718 103.963 113.774 123.150 132.092 140.600 137.388 131.299 125.599 120.290 115.370 110.840 106.699 102.948 99.588 96.616 94.035 91.843 91.617 91.945 92.584 93.533 94.792 96.363 98.244 100.435 102.938 105.751 108.875 112.309 110.486 108.384 106.239 104.053 101.825 99.554 97.242 94.887 92.490 90.052 87.571 85.263 87.330 89.421 91.538 93.679 95.846 98.037 100.253
8.309 8.540 8.775 9.014 9.332 9.736 10.131 10.517 10.894 11.261 11.620 11.969 12.309 12.640 12.962 13.275 19.735 31.081 41.993 52.470 62.513 72.122 81.297 90.038 98.345 106.217 113.655 120.660 119.918 115.183 110.838 106.882 103.316 100.140 97.352 94.955 92.946 91.327 90.098 89.258 89.922 91.327 93.043 95.070 97.407 100.054 103.012 106.280 109.859 113.748 117.948 122.458 121.502 119.252 116.960 114.625 112.249 109.830 107.370 104.867 102.322 99.736 97.107 94.436 96.155 98.120 97.872 97.635 97.408 97.191 96.984
8.048 8.292 8.541 8.794 9.086 9.458 9.822 10.176 10.521 10.857 11.184 11.501 11.810 12.109 12.400 12.681 16.810 26.651 36.058 45.031 53.570 61.675 69.346 76.584 83.387 89.757 95.693 101.195 102.065 98.684 95.692 93.090 90.877 89.052 87.618 86.572 85.915 85.648 85.770 86.282 87.913 90.396 93.189 96.292 99.705 103.429 107.463 111.807 116.462 121.427 126.702 132.287 132.548 130.150 127.709 125.227 122.702 120.136 117.125 111.798 106.553 101.389 96.307 91.306 90.009 89.787 89.576 89.375 89.184 89.003 88.832
7.782 8.041 8.303 8.569 8.850 9.191 9.522 9.845 10.159 10.463 10.758 11.044 11.321 11.589 11.848 12.097 14.349 22.686 30.589 38.058 45.094 51.696 57.865 63.600 68.901 73.769 78.203 82.204 83.831 81.802 80.163 78.913 78.051 77.579 77.495 77.801 78.495 79.579 81.051 82.913 85.592 89.151 93.020 97.199 101.689 106.488 111.597 117.017 122.746 128.786 135.136 141.155 139.843 134.309 128.858 123.487 118.198 112.990 107.864 102.819 97.856 92.974 88.174 83.454 81.641 81.456 81.281 81.115 80.960 80.815 80.680
7.513 7.785 8.061 8.341 8.624 8.933 9.233 9.524 9.806 10.079 10.343 10.597 10.843 11.079 11.306 11.525 12.351 19.184 25.584 31.551 37.085 42.185 46.852 51.086 54.886 58.253 61.187 63.687 65.214 64.538 64.250 64.351 64.840 65.719 66.986 68.642 70.686 73.120 75.942 79.153 82.958 87.593 92.538 97.792 102.968 107.150 111.179 115.057 118.782 122.355 125.775 129.044 128.823 123.572 118.402 113.313 108.306 103.381 98.536 93.773 89.092 84.491 79.973 75.535 73.273 73.124 72.985 72.856 72.737 72.628 72.529
7.239 7.525 7.814 8.108 8.405 8.686 8.955 9.214 9.465 9.706 9.938 10.161 10.375 10.580 10.775 10.962 11.139 16.146 21.045 25.510 29.543 33.142 36.308 39.041 41.341 43.208 44.642 45.643 46.216 46.890 47.953 49.405 51.244 53.473 56.090 59.095 62.489 66.388 70.541 74.566 78.541 82.807 86.921 90.883 94.692 98.349 101.854 105.207 108.408 111.457 114.353 117.097 117.737 112.768 107.880 103.073 98.348 93.704 89.141 84.660 80.260 75.941 71.704 67.548 64.906 64.793 64.690 64.597 64.514 64.441 64.378
6.962 7.261 7.564 7.871 8.182 8.449 8.686 8.914 9.133 9.343 9.543 9.735 9.917 10.090 10.255 10.410 10.556 13.572 16.969 19.934 22.466 24.565 26.232 27.466 28.266 28.634 28.570 28.072 27.142 28.861 32.205 36.813 41.292 45.644 49.868 53.964 57.931 61.771 65.483 69.067 72.526 76.267 79.856 83.293 86.578 89.711 92.692 95.521 98.197 100.722 103.094 105.314 106.585 101.898 97.291 92.767 88.323 83.960 79.679 75.480 71.361 67.324 63.367 59.493 56.539 56.462 56.395 56.338 56.291 56.253 56.226
6.680 6.993 7.310 7.631 7.955 8.222 8.428 8.624 8.811 8.990 9.159 9.319 9.470 9.612 9.744 9.868 9.982 11.460 13.358 14.823 15.855 16.456 16.623 17.132 18.284 19.438 20.596 21.756 22.920 26.522 30.815 34.981 39.019 42.929 46.711 50.365 53.891 57.289 60.560 63.702 66.717 69.888 72.952 75.865 78.626 81.235 83.692 85.996 88.149 90.150 91.999 93.696 95.240 90.961 86.637 82.393 78.231 74.150 70.150 66.232 62.394 58.638 54.963 51.370 48.172 48.131 48.100 48.079 48.067 48.066 48.075
6.394 6.721 7.051 7.386 7.724 8.005 8.179 8.344 8.500 8.647 8.785 8.913 9.033 9.143 9.244 9.336 9.461 10.098 11.242 12.390 13.540 14.693 15.849 17.008 18.171 19.336 20.504 21.675 22.850 25.707 29.559 33.283 36.879 40.348 43.688 46.901 49.986 52.943 55.772 58.473 61.047 63.669 66.209 68.598 70.835 72.920 74.853 76.634 78.264 79.741 81.067 82.240 83.262 79.959 75.916 71.954 68.073 64.273 60.555 56.917 53.361 49.886 46.492 43.179 39.947 39.800 39.805 39.820 39.844 39.879 39.924
6.105 6.445 6.789 7.137 7.489 7.799 7.941 8.075 8.199 8.317 8.444 8.579 8.723 8.877 9.039 9.211 9.392 9.906 11.061 12.219 13.380 14.544 15.711 16.881 18.054 19.230 20.409 21.591 22.776 25.025 28.435 31.718 34.873 37.900 40.799 43.571 46.215 48.731 51.119 53.380 55.513 57.610 59.627 61.492 63.205 64.767 66.177 67.434 68.541 69.495 70.297 70.948 71.447 68.891 65.129 61.448 57.848 54.329 50.892 47.535 44.260 41.065 37.952 34.920 31.969 31.469 31.510 31.561 31.621 31.692 31.773
5.811 6.165 6.504 6.835 7.164 7.476 7.598 7.728 7.868 8.016 8.174 8.341 8.517 8.703 8.897 9.101 9.313 9.711 10.877 12.046 13.217 14.392 15.570 16.751 17.934 19.121 20.311 21.504 22.699 24.475 27.444 30.286 33.000 35.586 38.044 40.375 42.578 44.654 46.601 48.422 50.114 51.711 53.204 54.546 55.736 56.775 57.661 58.396 58.980 59.411 59.691 59.819 59.796 57.757 54.276 50.876 47.557 44.319 41.162 38.086 35.091 32.178 29.345 26.593 23.923 23.139 23.215 23.302 23.398 24.250 25.291
5.415 5.742 6.067 6.389 6.708 7.024 7.192 7.354 7.525 7.706 7.895 8.094 8.302 8.519 8.745 8.981 9.225 9.513 10.689 11.869 13.051 14.237 15.425 16.617 17.811 19.009 20.209 21.413 22.619 24.058 26.586 28.986 31.260 33.405 35.423 37.313 39.076 40.711 42.218 43.598 44.850 45.972 46.942 47.761 48.428 48.944 49.308 49.520 49.581 49.490 49.247 48.853 48.308 46.556 43.356 40.237 37.198 34.241 31.365 28.570 25.856 23.222 21.627 20.346 19.119 19.198 20.279 21.289 22.229 23.099 23.899
5.001 5.319 5.634 5.946 6.255 6.561 6.776 6.970 7.173 7.385 7.607 7.837 8.077 8.326 8.584 8.851 9.127 9.412 10.498 11.688 12.882 14.078 15.277 16.479 17.685 18.893 20.104 21.319 22.536 23.772 25.860 27.820 29.653 31.358 32.935 34.385 35.707 36.902 37.970 38.910 39.722 40.392 40.840 41.136 41.281 41.274 41.115 40.805 40.344 39.731 38.966 38.050 36.982 35.290 32.370 30.622 29.154 27.739 26.377 25.067 23.810 22.606 21.455 20.356 19.310 19.080 19.919 20.688 21.387 22.016 22.575
4.591 4.899 5.204 5.506 5.806 6.102 6.351 6.577 6.811 7.055 7.309 7.571 7.842 8.123 8.413 8.711 9.019 9.336 10.304 11.505 12.709 13.916 15.126 16.339 17.555 18.774 19.996 21.221 22.449 23.680 25.266 26.786 28.178 29.443 30.581 31.591 32.473 33.228 33.856 34.356 34.728 34.973 34.898 34.672 34.294 33.765 33.084 32.252 32.216 32.266 32.273 32.237 32.158 31.859 30.467 29.129 27.843 26.609 25.429 24.301 23.225 22.202 21.232 20.315 19.450 19.030 19.627 20.155 20.613 21.001 21.318
4.184 4.482 4.778 5.070 5.360 5.647 5.916 6.174 6.440 6.716 7.001 7.295 7.598 7.910 8.232 8.562 8.902 9.251 10.106 11.318 12.533 13.750 14.971 16.195 17.422 18.651 19.884 21.120 22.359 23.601 24.805 25.885 26.837 27.662 28.359 28.930 29.372 29.688 29.876 29.936 29.870 30.316 30.556 30.716 30.832 30.906 30.937 30.925 30.870 30.772 30.631 30.448 30.221 29.952 28.743 27.586 26.482 25.430 24.431 23.484 22.590 21.748 20.959 20.223 19.540 19.046 19.403 19.689 19.906 20.053 20.130
3.781 4.069 4.355 4.638 4.918 5.195 5.472 5.761 6.060 6.367 6.684 7.009 7.344 7.688 8.041 8.403 8.775 9.155 9.905 11.128 12.353 13.582 14.813 16.048 17.285 18.526 19.769 21.016 22.265 23.518 24.476 25.116 25.628 26.013 26.472 26.943 27.422 27.911 28.409 28.916 29.432 29.957 30.141 30.153 30.122 30.048 29.931 29.771 29.568 29.323 29.034 28.703 28.329 27.912 26.970 25.994 25.071 24.201 23.383 22.617 21.904 21.244 20.636 20.081 19.579 19.129 19.245 19.291 19.266 19.172 19.009
3.381 3.660 3.936 4.209 4.479 4.747 5.018 5.339 5.669 6.009 6.357 6.714 7.081 7.456 7.841 8.235 8.638 9.050 9.701 10.934 12.171 13.410 14.652 15.897 17.146 18.397 19.648 20.818 21.976 23.121 23.965 24.431 24.906 25.390 25.884 26.386 26.897 27.417 27.947 28.485 29.033 29.589 29.770 29.634 29.455 29.233 28.968 28.661 28.311 27.918 27.482 27.003 26.482 25.917 25.147 24.353 23.611 22.922 22.285 21.701 21.169 20.690 20.263 19.889 19.568 19.299 19.154 18.959 18.694 18.359 17.955
