DATA/SHG/ECMWF/20170628/EN-15/20170630.en-15.asc
ncols        190
nrows        64
xllcorner    -5100000.000000000000
yllcorner    4130000.000000000000
cellsize     10000.000000000000
NODATA_value  -99999.000
[rows 32 to 63 of 64, columns 0 to 72 of 190]
11.314 11.412 10.963 10.403 9.783 9.104 8.366 7.569 6.713 5.798 4.824 3.791 2.699 1.548 1.464 1.436 1.404 1.367 1.324 1.277 1.225 1.168 1.107 1.040 0.969 0.892 0.905 0.919 0.933 0.946 0.959 0.971 0.983 0.994 1.005 1.015 1.025 1.035 1.040 1.046 1.051 1.057 1.062 1.067 1.072 1.077 1.082 1.310 1.595 1.829 1.991 2.106 2.175 2.197 2.174 2.104 1.988 1.825 1.616 1.361 1.060 0.748 0.761 0.774 0.785 0.796 0.806 0.816 0.824 0.832 0.839 0.845 0.850
13.927 14.193 13.722 12.955 12.128 11.242 10.297 9.293 8.230 7.108 5.927 4.687 3.388 2.030 1.715 1.670 1.621 1.566 1.507 1.443 1.374 1.300 1.221 1.137 1.049 0.956 0.951 0.963 0.975 0.986 0.998 1.008 1.018 1.028 1.037 1.046 1.055 1.063 1.068 1.074 1.477 1.933 2.340 2.699 3.009 3.270 3.482 3.645 3.760 3.825 3.827 3.781 3.688 3.550 3.365 3.133 2.856 2.532 2.162 1.746 1.283 0.775 0.762 0.771 0.780 0.788 0.795 0.802 0.808 0.812 0.816 0.819 0.822
16.484 16.917 16.543 15.568 14.534 13.441 12.289 11.078 9.808 8.480 7.092 5.645 4.140 2.575 1.971 1.909 1.842 1.771 1.694 1.613 1.527 1.436 1.340 1.240 1.134 1.024 0.996 1.007 1.018 1.027 1.037 1.046 1.055 1.507 2.034 2.599 3.202 3.844 4.333 4.717 5.051 5.337 5.574 5.762 5.901 5.992 6.034 6.027 5.971 5.866 5.707 5.499 5.246 4.946 4.599 4.207 3.768 3.283 2.752 2.175 1.552 0.882 0.763 0.770 0.776 0.781 0.785 0.789 0.792 0.794 0.795 0.795 0.795
18.984 19.585 19.425 18.243 17.002 15.702 14.343 12.926 11.449 9.914 8.320 6.666 4.954 3.183 2.231 2.152 2.069 1.980 1.887 1.789 1.685 1.577 1.465 1.347 1.224 1.111 1.401 1.794 2.225 2.694 3.201 3.746 4.329 4.951 5.610 6.308 7.043 7.817 8.294 8.507 8.670 8.786 8.852 8.870 8.839 8.759 8.631 8.453 8.227 7.953 7.630 7.261 6.847 6.385 5.878 5.325 4.725 4.079 3.387 2.649 1.864 1.034 0.765 0.769 0.772 0.774 0.776 0.777 0.777 0.776 0.774 0.772 0.768
21.428 22.196 22.367 20.979 19.531 18.025 16.460 14.835 13.152 11.411 9.610 7.750 5.832 3.854 2.497 2.401 2.300 2.195 2.111 2.184 2.297 2.450 2.644 2.878 3.152 3.467 3.874 4.400 4.963 5.564 6.204 6.881 7.597 8.351 9.143 9.972 10.840 11.746 12.299 12.341 12.335 12.279 12.176 12.023 11.822 11.572 11.273 10.926 10.530 10.085 9.597 9.067 8.491 7.869 7.201 6.486 5.726 4.919 4.066 3.167 2.222 1.230 0.768 0.769 0.769 0.769 0.768 0.765 0.763 0.759 0.754 0.749 0.743
23.815 24.751 25.372 23.776 22.122 20.409 18.638 16.807 14.918 12.969 10.962 8.856 6.687 4.602 2.989 3.040 3.132 3.265 3.438 3.651 3.904 4.198 4.533 4.907 5.322 5.778 6.304 6.962 7.658 8.392 9.163 9.973 10.821 11.707 12.631 13.593 14.593 15.631 16.348 16.220 16.043 15.818 15.544 15.221 14.850 14.430 13.961 13.444 12.878 12.263 11.607 10.916 10.179 9.396 8.567 7.692 6.770 5.803 4.789 3.730 2.624 1.472 0.771 0.770 0.767 0.764 0.760 0.755 0.749 0.743 0.735 0.727 0.718
26.146 27.249 28.400 26.635 24.495 22.036 19.660 17.367 15.156 13.028 10.982 9.019 7.138 5.340 3.707 3.900 4.133 4.406 4.719 5.073 5.467 5.902 6.377 6.892 7.448 8.044 8.692 9.482 10.310 11.176 12.080 13.022 14.002 15.020 16.076 17.170 18.302 19.472 20.442 20.143 19.797 19.401 18.957 18.465 17.923 17.333 16.695 16.008 15.272 14.487 13.660 12.809 11.911 10.967 9.977 8.941 7.859 6.731 5.557 4.337 3.070 1.758 0.776 0.771 0.766 0.760 0.753 0.745 0.737 0.727 0.994 1.481 2.006
26.195 26.509 26.724 24.809 22.556 20.385 18.297 16.291 14.368 12.527 10.769 9.093 7.500 5.989 4.561 4.715 5.088 5.502 5.956 6.450 6.985 7.560 8.176 8.831 9.527 10.264 11.041 11.958 12.918 13.916 14.952 16.027 17.139 18.289 19.477 20.703 21.967 23.269 24.580 24.111 23.595 23.029 22.416 21.753 21.042 20.282 19.474 18.617 17.711 16.757 15.757 14.745 13.686 12.582 11.431 10.235 8.992 7.703 6.369 4.988 3.561 2.088 0.781 0.990 1.337 1.724 2.149 2.615 3.119 3.663 4.246 4.868 5.529
24.096 24.067 23.940 22.495 20.529 18.646 16.846 15.127 13.492 11.938 10.467 9.079 7.773 6.549 5.408 5.485 5.999 6.554 7.148 7.783 8.458 9.174 9.930 10.726 11.562 12.439 13.356 14.391 15.484 16.614 17.782 18.988 20.232 21.514 22.834 24.192 25.588 27.022 28.494 28.124 27.437 26.702 25.919 25.086 24.205 23.276 22.298 21.271 20.196 19.072 17.900 16.724 15.505 14.240 12.929 11.572 10.139 8.749 7.426 6.170 4.980 3.858 2.804 3.248 3.732 4.254 4.816 5.417 6.057 6.737 7.455 8.213 9.011
22.108 21.737 21.267 20.094 18.416 16.820 15.307 13.876 12.528 11.261 10.077 8.976 7.957 7.020 6.166 6.212 6.866 7.561 8.296 9.071 9.887 10.743 11.639 12.575 13.552 14.569 15.626 16.782 18.006 19.268 20.568 21.906 23.282 24.696 26.148 27.638 29.166 30.731 32.335 32.181 31.325 30.420 29.466 28.464 27.414 26.315 25.167 23.971 22.727 21.067 19.384 17.812 16.320 14.895 13.536 12.244 11.018 9.860 8.768 7.743 6.785 5.893 5.068 5.466 6.086 6.744 7.441 8.178 8.954 9.769 10.624 11.518 12.450
20.231 19.517 18.705 17.607 16.216 14.907 13.681 12.537 11.476 10.497 9.600 8.785 8.053 7.403 6.835 6.894 7.689 8.524 9.399 10.315 11.271 12.267 13.303 14.380 15.496 16.653 17.851 19.130 20.486 21.880 23.312 24.782 26.289 27.835 29.419 31.040 32.700 34.397 36.132 36.282 35.257 34.182 32.308 30.428 28.604 26.836 25.124 23.467 21.866 20.321 18.832 17.469 16.208 15.014 13.886 12.825 11.831 10.904 10.043 9.249 8.522 7.862 7.268 7.644 8.399 9.193 10.026 10.898 11.810 12.761 13.751 14.780 15.849
18.464 17.409 16.255 15.033 13.929 12.907 11.968 11.111 10.336 9.644 9.034 8.506 8.060 7.696 7.415 7.533 8.468 9.443 10.458 11.514 12.610 13.746 14.923 16.139 17.396 18.693 20.030 21.434 22.922 24.448 26.012 27.613 29.253 30.930 32.626 33.509 34.359 35.177 35.962 35.547 33.694 31.896 30.154 28.468 26.837 25.263 23.744 22.280 20.873 19.521 18.225 17.060 16.031 15.068 14.171 13.342 12.578 11.882 11.252 10.689 10.193 9.763 9.400 9.781 10.671 11.601 12.570 13.578 14.625 15.711 16.837 18.002 19.206
16.808 15.411 13.915 12.372 11.555 10.820 10.168 9.598 9.109 8.703 8.380 8.138 7.979 7.902 7.907 8.127 9.202 10.317 11.473 12.669 13.905 15.181 16.497 17.854 19.251 20.688 22.165 23.625 24.622 25.588 26.521 27.421 28.289 29.124 29.927 30.698 31.436 32.142 32.815 32.759 31.099 29.495 27.947 26.454 25.017 23.636 22.310 21.040 19.826 18.667 17.564 16.587 15.788 15.056 14.391 13.792 13.260 12.794 12.395 12.063 11.797 11.598 11.466 11.877 12.903 13.968 15.073 16.216 17.399 18.621 19.882 21.182 22.521
15.263 13.524 11.687 9.752 9.095 8.647 8.281 7.997 7.795 7.675 7.638 7.683 7.809 8.018 8.310 8.683 9.892 11.148 12.443 13.779 15.073 16.093 17.090 18.065 19.018 19.949 20.859 21.748 22.633 23.487 24.307 25.095 25.851 26.575 27.265 27.924 28.550 29.143 29.704 29.919 28.453 27.042 25.687 24.387 23.143 21.955 20.822 19.746 18.724 17.759 16.849 16.048 15.480 14.979 14.544 14.176 13.875 13.640 13.472 13.370 13.335 13.367 13.465 13.933 15.094 16.295 17.535 18.814 20.132 21.489 22.886 24.321 25.796
13.828 11.747 9.569 7.294 6.548 6.386 6.306 6.309 6.393 6.560 6.808 7.139 7.552 8.021 8.443 8.830 9.772 10.804 11.813 12.800 13.765 14.708 15.630 16.529 17.406 18.262 19.095 19.906 20.680 21.421 22.130 22.806 23.450 24.061 24.640 25.186 25.700 26.182 26.631 27.026 25.753 24.535 23.373 22.267 21.216 20.221 19.282 18.398 17.569 16.797 16.080 15.444 15.107 14.837 14.633 14.495 14.424 14.420 14.482 14.611 14.807 15.068 15.397 15.948 17.245 18.581 19.956 21.371 22.824 24.317 25.849 27.419 29.029
12.503 10.081 7.562 4.946 3.914 4.039 4.399 4.947 5.458 5.935 6.375 6.780 7.150 7.484 7.782 8.045 8.792 9.748 10.681 11.592 12.481 13.349 14.194 15.017 15.819 16.598 17.356 18.092 18.763 19.392 19.989 20.553 21.084 21.584 22.050 22.485 22.887 23.257 23.594 23.899 23.000 21.976 21.007 20.094 19.236 18.434 17.687 16.996 16.361 15.781 15.256 14.788 14.669 14.629 14.655 14.749 14.908 15.134 15.427 15.786 16.212 16.704 17.262 17.923 19.355 20.827 22.337 23.887 25.476 27.103 28.770 30.476 32.193
11.709 9.380 7.082 4.815 3.812 4.306 4.766 5.189 5.577 5.930 6.247 6.529 6.775 6.985 7.160 7.300 7.837 8.716 9.573 10.409 11.222 12.014 12.783 13.531 14.256 14.960 15.642 16.302 16.882 17.399 17.883 18.336 18.755 19.143 19.497 19.820 20.110 20.368 20.593 20.786 20.195 19.364 18.588 17.867 17.202 16.593 16.039 15.541 15.098 14.711 14.379 14.103 14.165 14.356 14.613 14.936 15.326 15.783 16.306 16.895 17.551 18.273 19.061 19.917 21.425 22.979 23.978 24.939 25.862 26.749 27.597 28.409 29.183
12.428 10.206 8.014 5.852 4.463 4.834 5.170 5.470 5.735 5.964 6.157 6.316 6.438 6.525 6.577 6.593 6.906 7.709 8.490 9.250 9.988 10.703 11.397 12.069 12.719 13.347 13.953 14.537 15.037 15.442 15.814 16.154 16.462 16.738 16.981 17.191 17.370 17.516 17.629 17.711 17.338 16.699 16.116 15.588 15.116 14.699 14.338 14.032 13.782 13.587 13.448 13.364 13.597 14.018 14.505 15.059 15.679 16.365 17.081 17.587 18.052 18.476 18.860 19.202 20.002 20.909 21.778 22.611 23.405 24.163 24.883 25.565 26.211
13.114 10.997 8.911 6.856 5.152 5.400 5.612 5.789 5.930 6.036 6.106 6.141 6.140 6.104 6.033 5.926 5.999 6.726 7.432 8.116 8.777 9.417 10.035 10.631 11.206 11.758 12.288 12.797 13.227 13.520 13.781 14.009 14.205 14.369 14.500 14.599 14.666 14.700 14.702 14.672 14.427 13.981 13.591 13.255 12.976 12.752 12.583 12.470 12.412 12.410 12.463 12.597 13.057 13.666 14.235 14.763 15.250 15.696 16.102 16.467 16.791 17.075 17.317 17.519 18.098 18.876 19.617 20.321 20.987 21.616 22.207 22.761 23.277
13.766 11.755 9.774 7.825 5.905 6.003 6.092 6.146 6.164 6.146 6.093 6.005 5.881 5.722 5.527 5.297 5.116 5.768 6.398 7.006 7.592 8.156 8.698 9.219 9.717 10.194 10.648 11.081 11.453 11.635 11.783 11.900 11.984 12.036 12.056 12.043 11.998 11.921 11.811 11.669 11.464 11.211 11.013 10.870 10.867 11.105 11.346 11.591 11.840 12.092 12.348 12.607 12.963 13.432 13.859 14.247 14.593 14.899 15.164 15.388 15.571 15.714 15.816 15.877 16.232 16.882 17.494 18.069 18.606 19.107 19.569 19.995 20.383
14.384 12.478 10.604 8.760 6.946 6.645 6.611 6.541 6.435 6.295 6.119 5.907 5.660 5.377 5.060 4.706 4.318 4.833 5.388 5.920 6.430 6.919 7.386 7.830 8.253 8.654 9.033 9.391 9.715 9.785 9.822 9.827 9.799 9.740 9.648 9.523 9.367 9.317 9.501 9.664 9.821 10.057 10.297 10.540 10.786 11.037 11.291 11.548 11.809 12.074 12.342 12.614 12.909 13.237 13.524 13.771 13.976 14.141 14.266 14.349 14.392 14.394 14.356 14.277 14.404 14.925 15.409 15.855 16.264 16.636 16.970 17.267 17.527
14.968 13.168 11.399 9.660 7.953 7.324 7.167 6.974 6.745 6.481 6.182 5.848 5.477 5.072 4.631 4.155 3.643 3.924 4.402 4.859 5.294 5.707 6.098 6.467 6.814 7.140 7.443 7.725 7.985 7.970 8.048 8.304 8.540 8.755 8.950 9.124 9.277 9.410 9.523 9.614 9.687 9.935 10.187 10.443 10.702 10.965 11.231 11.501 11.775 12.052 12.333 12.617 12.896 13.083 13.230 13.335 13.400 13.425 13.409 13.352 13.254 13.116 12.937 12.717 12.614 13.007 13.362 13.680 13.960 14.203 14.409 14.578 14.709
15.518 13.824 12.160 10.527 8.925 8.042 7.761 7.445 7.093 6.706 6.284 5.826 5.333 4.805 4.241 3.642 3.007 3.038 3.441 3.822 4.181 4.519 4.834 5.328 5.978 6.588 7.157 7.685 8.173 8.456 8.661 8.846 9.011 9.155 9.278 9.381 9.463 9.524 9.565 9.586 9.585 9.810 10.074 10.343 10.614 10.890 11.169 11.451 11.737 12.027 12.320 12.617 12.918 12.969 12.975 12.940 12.865 12.749 12.592 12.395 12.156 11.878 11.558 11.198 10.862 11.126 11.353 11.542 11.694 11.809 11.887 11.927 11.930
16.034 14.445 12.887 11.360 9.863 8.797 8.393 7.954 7.479 6.969 6.424 5.844 5.228 4.576 3.889 3.167 2.670 2.894 3.647 4.360 5.031 5.663 6.253 6.803 7.313 7.782 8.210 8.597 8.944 9.161 9.296 9.409 9.502 9.575 9.627 9.658 9.669 9.659 9.629 9.578 9.507 9.681 9.958 10.239 10.523 10.811 11.102 11.397 11.696 11.998 12.304 12.613 12.926 12.895 12.761 12.586 12.370 12.113 11.816 11.478 11.100 10.681 10.221 9.721 9.180 9.284 9.382 9.443 9.467 9.453 9.402 9.314 9.189
16.516 15.033 13.581 12.159 10.767 9.590 9.063 8.501 7.903 7.410 7.001 6.621 6.272 5.953 5.663 5.404 5.175 5.256 5.868 6.440 6.971 7.461 7.911 8.320 8.688 9.016 9.304 9.551 9.757 9.887 9.950 9.993 10.014 10.016 9.996 9.956 9.896 9.815 9.714 9.591 9.449 9.548 9.838 10.131 10.428 10.728 11.032 11.340 11.651 11.966 12.284 12.606 12.931 12.862 12.587 12.271 11.915 11.518 11.081 10.602 10.084 9.525 8.925 8.284 7.603 7.479 7.449 7.381 7.277 7.135 6.956 6.740 6.487
16.965 15.587 14.258 12.990 11.782 10.676 10.251 9.855 9.489 9.154 8.848 8.573 8.327 8.111 7.926 7.771 7.645 7.658 8.129 8.560 8.950 9.300 9.609 9.877 10.105 10.292 10.439 10.545 10.611 10.634 10.625 10.596 10.547 10.477 10.387 10.275 10.144 9.992 9.819 9.626 9.412 9.412 9.714 10.020 10.329 10.642 10.959 11.279 11.602 11.929 12.260 12.595 12.933 12.868 12.453 11.997 11.500 10.963 10.386 9.767 9.108 8.409 7.669 6.888 6.067 5.711 5.553 5.358 5.125 5.116 5.176 5.221 5.251
17.332 16.151 15.030 13.968 12.965 12.023 11.649 11.357 11.095 10.863 10.661 10.489 10.348 10.236 10.154 10.102 10.080 10.101 10.431 10.721 10.970 11.179 11.347 11.475 11.562 11.609 11.615 11.580 11.505 11.401 11.321 11.221 11.100 10.959 10.797 10.615 10.412 10.189 9.945 9.681 9.396 9.273 9.587 9.905 10.227 10.552 10.881 11.214 11.550 11.890 12.233 12.580 12.930 12.915 12.359 11.763 11.126 10.449 9.731 8.973 8.174 7.334 6.624 5.977 5.355 5.125 5.193 5.247 5.285 5.308 5.316 5.309 5.287
17.625 16.650 15.735 14.879 14.083 13.346 13.013 12.825 12.666 12.538 12.440 12.372 12.333 12.325 12.347 12.399 12.480 12.592 12.773 12.922 13.031 13.099 13.127 13.114 13.060 12.966 12.832 12.657 12.442 12.188 12.037 11.866 11.674 11.462 11.229 10.975 10.702 10.407 10.092 9.757 9.401 9.129 9.456 9.787 10.121 10.459 10.801 11.146 11.494 11.846 12.202 12.561 12.924 13.001 12.306 11.554 10.818 10.107 9.422 8.761 8.125 7.515 6.929 6.369 5.833 5.540 5.556 5.557 5.544 5.514 5.470 5.411 5.337
17.853 17.084 16.375 15.725 15.134 14.603 14.343 14.258 14.203 14.179 14.184 14.219 14.285 14.380 14.505 14.661 14.846 15.061 15.155 15.164 15.132 15.059 14.946 14.793 14.599 14.365 14.090 13.775 13.419 13.022 12.774 12.531 12.268 11.985 11.681 11.357 11.012 10.646 10.260 9.854 9.427 8.983 9.322 9.665 10.012 10.362 10.716 11.074 11.410 11.721 12.009 12.274 12.516 12.606 11.907 11.232 10.583 9.958 9.359 8.784 8.235 7.710 7.211 6.736 6.287 5.969 5.933 5.882 5.816 5.735 5.639 5.528 5.401
18.016 17.453 16.949 16.504 16.119 15.794 15.638 15.657 15.706 15.785 15.894 16.033 16.202 16.400 16.629 16.888 17.176 17.495 17.577 17.445 17.273 17.060 16.807 16.513 16.179 15.804 15.389 14.933 14.437 13.900 13.531 13.217 12.883 12.529 12.154 11.758 11.342 10.906 10.449 9.971 9.473 9.014 9.288 9.658 10.005 10.329 10.630 10.908 11.162 11.394 11.602 11.787 11.949 12.087 11.475 10.887 10.323 9.785 9.271 8.783 8.320 7.881 7.468 7.080 6.716 6.412 6.324 6.221 6.103 5.970 5.821 5.658 5.480
18.113 17.755 17.457 17.218 17.039 16.918 16.900 17.022 17.175 17.357 17.569 17.812 18.084 18.386 18.718 19.080 19.472 19.894 20.040 19.767 19.455 19.101 18.708 18.274 17.799 17.284 16.729 16.133 15.496 14.819 14.308 13.924 13.519 13.093 12.638 12.183 11.728 11.272 10.817 10.361 9.905 9.449 9.543 9.833 10.100 10.344 10.565 10.763 10.938 11.089 11.218 11.323 11.405 11.464 11.019 10.517 10.040 9.587 9.160 8.758 8.380 8.028 7.701 7.398 7.121 6.868 6.729 6.574 6.403 6.218 6.018 5.803 5.572
18.145 17.993 17.900 17.866 17.892 17.977 18.127 18.353 18.609 18.895 19.210 19.556 19.932 20.337 20.773 21.238 21.734 22.259 22.543 22.130 21.677 21.183 20.649 20.075 19.460 18.805 18.103 17.225 16.375 15.553 14.900 14.445 13.990 13.534 13.078 12.622 12.166 11.710 11.254 10.797 10.340 9.883 9.820 10.031 10.218 10.383 10.524 10.642 10.737 10.809 10.857 10.883 10.885 10.864 10.540 10.123 9.732 9.366 9.025 8.708 8.417 8.151 7.909 7.693 7.501 7.335 7.147 6.940 6.718 6.481 6.229 5.961 5.679
