DATA/SHG/ECMWF/20170628/EN-15/20170628.en-15.asc
ncols        190
nrows        64
xllcorner    -5100000.000000000000
yllcorner    4130000.000000000000
cellsize     10000.000000000000
NODATA_value  -99999.000
[rows 0 to 32 of 64, columns 0 to 73 of 190]
5.155 5.088 5.038 5.002 4.982 4.977 4.988 5.015 5.056 5.037 4.994 4.950 4.905 4.859 4.811 4.763 4.713 4.662 4.610 4.591 4.585 4.522 4.440 4.365 4.297 4.237 4.184 4.139 4.101 4.070 4.047 4.031 4.023 4.244 4.596 4.930 5.248 5.548 5.831 6.096 6.345 6.576 6.790 6.986 7.165 7.148 6.993 6.871 6.783 6.727 6.705 6.715 6.759 6.835 6.945 7.087 7.263 7.412 7.476 7.506 7.504 7.468 7.400 7.298 7.164 6.996 6.795 6.561 6.295 6.090 6.035 5.989 5.952 5.925
4.204 4.192 4.196 4.216 4.251 4.301 4.366 4.448 4.544 4.558 4.511 4.463 4.450 4.439 4.429 4.420 4.413 4.407 4.403 4.400 4.398 4.365 4.308 4.260 4.218 4.184 4.157 4.138 4.126 4.121 4.124 4.134 4.152 4.305 4.596 4.870 5.127 5.366 5.589 5.794 5.981 6.152 6.305 6.441 6.560 6.599 6.561 6.555 6.583 6.644 6.737 6.864 7.023 7.216 7.441 7.700 7.991 8.198 8.146 8.060 7.941 7.790 7.605 7.388 7.137 6.853 6.537 6.187 5.805 5.488 5.466 5.453 5.449 5.454
3.238 3.281 3.340 3.414 3.518 3.690 3.856 4.017 4.173 4.250 4.240 4.231 4.223 4.217 4.212 4.208 4.206 4.205 4.206 4.207 4.211 4.200 4.169 4.147 4.131 4.123 4.122 4.129 4.143 4.164 4.193 4.229 4.273 4.384 4.615 4.828 5.024 5.203 5.364 5.509 5.636 5.746 5.838 5.914 5.972 6.019 6.096 6.207 6.351 6.527 6.737 6.979 7.255 7.563 7.905 8.279 8.686 9.015 8.847 8.645 8.411 8.143 7.842 7.509 7.142 6.743 6.310 5.845 5.403 5.036 5.108 5.175 5.237 5.295
2.669 2.843 3.011 3.175 3.333 3.487 3.635 3.779 3.917 4.008 4.003 3.998 3.996 3.994 3.994 3.995 3.998 4.002 4.007 4.014 4.022 4.027 4.023 4.026 4.037 4.054 4.080 4.112 4.152 4.200 4.255 4.317 4.386 4.481 4.651 4.803 4.939 5.057 5.158 5.242 5.308 5.358 5.390 5.405 5.402 5.406 5.600 5.826 6.086 6.378 6.704 7.062 7.453 7.878 8.335 8.825 9.348 9.864 9.579 9.261 8.901 8.413 7.939 7.480 7.034 6.602 6.185 5.782 5.392 5.017 5.066 5.117 5.164 5.206
2.560 2.716 2.867 3.013 3.154 3.290 3.420 3.546 3.667 3.765 3.764 3.765 3.767 3.770 3.775 3.781 3.789 3.797 3.808 3.819 3.832 3.847 3.869 3.898 3.934 3.978 4.030 4.088 4.154 4.228 4.308 4.396 4.492 4.595 4.704 4.796 4.871 4.929 4.969 4.993 4.999 4.988 4.959 4.914 4.851 4.771 5.071 5.413 5.788 6.197 6.638 7.112 7.619 8.131 8.560 8.982 9.396 9.803 9.401 8.935 8.482 8.044 7.619 7.209 6.812 6.430 6.062 5.708 5.368 5.042 5.028 5.063 5.094 5.121
2.457 2.595 2.728 2.857 2.980 3.098 3.211 3.319 3.423 3.520 3.524 3.530 3.537 3.545 3.555 3.566 3.578 3.592 3.607 3.623 3.641 3.660 3.707 3.762 3.825 3.895 3.972 4.056 4.148 4.248 4.354 4.468 4.590 4.718 4.775 4.807 4.821 4.819 4.799 4.761 4.707 4.636 4.547 4.441 4.318 4.178 4.519 4.974 5.421 5.861 6.294 6.720 7.138 7.549 7.952 8.349 8.738 9.119 8.871 8.454 8.050 7.661 7.286 6.925 6.578 6.245 5.926 5.621 5.330 5.053 4.994 5.014 5.029 5.040
2.359 2.480 2.596 2.706 2.812 2.912 3.008 3.099 3.184 3.265 3.284 3.294 3.306 3.319 3.333 3.349 3.366 3.385 3.405 3.426 3.449 3.473 3.538 3.619 3.707 3.803 3.906 4.017 4.135 4.260 4.392 4.532 4.680 4.834 4.864 4.835 4.789 4.726 4.645 4.541 4.427 4.313 4.199 4.085 3.970 3.856 4.123 4.552 4.974 5.389 5.796 6.196 6.589 6.974 7.353 7.723 8.087 8.443 8.328 7.960 7.606 7.266 6.940 6.628 6.330 6.046 5.776 5.521 5.279 5.051 4.965 4.969 4.969 4.963
2.268 2.371 2.468 2.561 2.649 2.732 2.810 2.883 2.951 3.014 3.042 3.057 3.074 3.092 3.111 3.132 3.154 3.177 3.202 3.228 3.256 3.285 3.361 3.468 3.582 3.704 3.833 3.970 4.113 4.265 4.423 4.589 4.719 4.837 4.815 4.702 4.588 4.474 4.360 4.246 4.132 4.017 3.903 3.788 3.674 3.559 3.734 4.138 4.534 4.924 5.306 5.680 6.048 6.408 6.761 7.106 7.444 7.775 7.772 7.453 7.148 6.857 6.581 6.318 6.069 5.835 5.614 5.407 5.215 5.036 4.940 4.929 4.912 4.891
2.181 2.267 2.347 2.422 2.493 2.558 2.618 2.674 2.724 2.770 2.799 2.819 2.840 2.863 2.887 2.913 2.940 2.968 2.998 3.029 3.061 3.095 3.177 3.310 3.450 3.568 3.684 3.800 3.918 4.035 4.153 4.272 4.391 4.511 4.523 4.409 4.295 4.181 4.067 3.952 3.837 3.723 3.608 3.493 3.377 3.262 3.353 3.731 4.103 4.466 4.823 5.172 5.514 5.849 6.177 6.497 6.810 7.115 7.203 6.933 6.678 6.436 6.209 5.995 5.795 5.610 5.438 5.281 5.137 5.008 4.920 4.892 4.860 4.824
2.101 2.168 2.231 2.289 2.342 2.389 2.432 2.470 2.503 2.531 2.555 2.579 2.606 2.634 2.663 2.693 2.725 2.757 2.780 2.799 2.815 2.827 2.875 2.992 3.109 3.226 3.344 3.463 3.582 3.701 3.822 3.942 4.063 4.185 4.232 4.118 4.003 3.888 3.773 3.659 3.543 3.428 3.313 3.197 3.082 2.966 2.980 3.333 3.679 4.017 4.348 4.672 4.989 5.298 5.600 5.895 6.183 6.463 6.621 6.401 6.195 6.002 5.824 5.659 5.509 5.372 5.250 5.141 5.047 4.966 4.904 4.860 4.813 4.760
2.026 2.076 2.121 2.161 2.196 2.227 2.252 2.272 2.287 2.297 2.312 2.348 2.380 2.408 2.433 2.454 2.472 2.486 2.496 2.503 2.506 2.505 2.528 2.646 2.765 2.885 3.005 3.125 3.246 3.368 3.490 3.612 3.735 3.859 3.941 3.826 3.711 3.596 3.481 3.366 3.250 3.134 3.019 2.903 2.787 2.671 2.614 2.942 3.262 3.576 3.881 4.180 4.471 4.755 5.032 5.302 5.564 5.819 6.027 5.856 5.698 5.555 5.426 5.310 5.209 5.121 5.048 4.989 4.943 4.912 4.892 4.833 4.769 4.701
1.956 1.989 2.016 2.036 2.052 2.067 2.082 2.096 2.109 2.121 2.134 2.157 2.176 2.192 2.204 2.212 2.217 2.218 2.216 2.210 2.201 2.188 2.180 2.301 2.422 2.543 2.665 2.787 2.910 3.034 3.158 3.282 3.407 3.533 3.651 3.536 3.420 3.305 3.189 3.073 2.957 2.841 2.725 2.609 2.492 2.376 2.259 2.559 2.854 3.142 3.422 3.696 3.962 4.220 4.472 4.716 4.953 5.183 5.405 5.298 5.190 5.095 5.015 4.949 4.896 4.858 4.833 4.848 4.889 4.938 4.995 4.974 4.947 4.923
1.837 1.853 1.868 1.882 1.895 1.908 1.919 1.930 1.941 1.950 1.959 1.970 1.976 1.979 1.979 1.975 1.967 1.956 1.941 1.922 1.900 1.874 1.845 1.955 2.078 2.201 2.325 2.449 2.574 2.700 2.825 2.952 3.079 3.206 3.334 3.246 3.130 3.014 2.898 2.782 2.665 2.549 2.432 2.315 2.198 2.081 1.964 2.183 2.453 2.716 2.971 3.219 3.460 3.693 3.919 4.138 4.350 4.555 4.752 4.727 4.715 4.731 4.755 4.785 4.824 4.869 4.922 4.982 5.049 5.124 5.206 5.206 5.185 5.166
1.691 1.704 1.716 1.728 1.739 1.749 1.758 1.766 1.774 1.781 1.788 1.787 1.781 1.771 1.758 1.741 1.721 1.697 1.670 1.638 1.604 1.565 1.523 1.610 1.734 1.860 1.985 2.112 2.238 2.366 2.493 2.622 2.750 2.880 3.009 2.956 2.840 2.724 2.607 2.490 2.374 2.257 2.140 2.022 1.905 1.788 1.670 1.816 2.060 2.297 2.527 2.750 2.966 3.249 3.533 3.805 4.063 4.307 4.539 4.628 4.663 4.705 4.754 4.810 4.874 4.944 5.023 5.108 5.201 5.302 5.409 5.437 5.421 5.407
1.546 1.556 1.566 1.575 1.583 1.591 1.597 1.603 1.609 1.613 1.617 1.608 1.589 1.567 1.541 1.512 1.479 1.443 1.403 1.359 1.311 1.261 1.206 1.264 1.391 1.518 1.645 1.773 1.902 2.031 2.161 2.291 2.422 2.553 2.685 2.667 2.551 2.434 2.317 2.200 2.083 1.965 1.848 1.730 1.612 1.495 1.483 1.669 1.986 2.291 2.582 2.859 3.124 3.375 3.614 3.839 4.050 4.249 4.434 4.543 4.603 4.671 4.745 4.827 4.916 5.013 5.117 5.228 5.346 5.472 5.605 5.666 5.656 5.647
1.402 1.410 1.417 1.423 1.429 1.434 1.438 1.441 1.444 1.446 1.447 1.433 1.402 1.367 1.329 1.287 1.242 1.192 1.140 1.083 1.024 0.960 0.893 0.918 1.047 1.176 1.305 1.435 1.566 1.697 1.829 1.961 2.093 2.226 2.360 2.379 2.262 2.145 2.038 2.001 1.971 1.948 1.933 1.926 1.927 1.935 1.951 2.086 2.357 2.615 2.859 3.091 3.309 3.515 3.707 3.885 4.051 4.203 4.342 4.451 4.537 4.630 4.730 4.837 4.952 5.074 5.204 5.340 5.485 5.636 5.794 5.893 5.888 5.885
1.259 1.264 1.269 1.273 1.276 1.278 1.280 1.280 1.281 1.280 1.279 1.263 1.219 1.172 1.121 1.066 1.008 0.946 0.881 0.812 0.740 0.664 0.584 0.572 0.703 0.834 0.965 1.097 1.230 1.363 1.496 1.648 1.843 2.040 2.238 2.363 2.329 2.303 2.284 2.273 2.270 2.274 2.286 2.306 2.333 2.368 2.411 2.515 2.740 2.951 3.150 3.335 3.507 3.666 3.812 3.945 4.064 4.171 4.264 4.352 4.463 4.582 4.708 4.841 4.981 5.129 5.284 5.446 5.615 5.792 5.976 6.118 6.119 6.121
1.117 1.120 1.122 1.123 1.123 1.123 1.122 1.121 1.118 1.115 1.111 1.096 1.040 0.980 0.917 0.850 0.779 0.705 0.627 0.545 0.460 0.372 0.279 0.227 0.385 0.574 0.765 0.957 1.152 1.347 1.545 1.744 1.945 2.147 2.351 2.520 2.513 2.513 2.521 2.537 2.561 2.592 2.631 2.677 2.731 2.793 2.863 2.956 3.135 3.300 3.453 3.592 3.718 3.831 3.931 4.017 4.091 4.151 4.198 4.246 4.383 4.527 4.678 4.837 5.003 5.176 5.356 5.544 5.739 5.941 6.151 6.342 6.348 6.355
0.976 0.976 0.975 0.974 0.972 0.969 0.966 0.962 0.957 0.951 0.945 0.934 0.865 0.793 0.717 0.637 0.554 0.488 0.436 0.389 0.345 0.304 0.268 0.244 0.438 0.633 0.830 1.028 1.228 1.430 1.633 1.838 2.044 2.253 2.463 2.669 2.689 2.716 2.751 2.793 2.844 2.902 2.967 3.040 3.121 3.210 3.306 3.410 3.543 3.662 3.768 3.862 3.942 4.008 4.062 4.102 4.130 4.144 4.145 4.133 4.295 4.465 4.642 4.826 5.017 5.216 5.422 5.635 5.856 6.083 6.318 6.561 6.575 6.588
0.836 0.833 0.830 0.827 0.822 0.817 0.811 0.804 0.796 0.788 0.789 0.789 0.734 0.676 0.623 0.573 0.528 0.486 0.447 0.413 0.382 0.355 0.332 0.313 0.489 0.690 0.892 1.096 1.302 1.510 1.719 1.930 2.142 2.356 2.572 2.790 2.856 2.910 2.972 3.041 3.118 3.203 3.295 3.395 3.503 3.618 3.741 3.871 3.963 4.036 4.097 4.144 4.178 4.198 4.206 4.200 4.182 4.150 4.105 4.047 4.201 4.396 4.598 4.808 5.025 5.249 5.480 5.719 5.965 6.218 6.479 6.747 6.800 6.818
0.697 0.692 0.686 0.703 0.716 0.725 0.730 0.732 0.729 0.723 0.714 0.700 0.661 0.617 0.577 0.540 0.508 0.479 0.454 0.433 0.415 0.402 0.392 0.386 0.538 0.745 0.953 1.163 1.375 1.588 1.803 2.020 2.238 2.458 2.680 2.903 3.016 3.097 3.185 3.281 3.385 3.496 3.615 3.742 3.876 4.018 4.168 4.325 4.396 4.423 4.437 4.438 4.426 4.401 4.363 4.311 4.246 4.169 4.078 3.973 4.099 4.320 4.548 4.783 5.025 5.275 5.532 5.766 5.949 6.121 6.283 6.434 6.452 6.443
0.703 0.713 0.721 0.724 0.724 0.719 0.712 0.700 0.685 0.665 0.643 0.616 0.584 0.553 0.527 0.503 0.484 0.469 0.457 0.449 0.445 0.444 0.448 0.455 0.585 0.798 1.012 1.228 1.446 1.665 1.886 2.108 2.332 2.558 2.785 3.014 3.168 3.275 3.390 3.513 3.644 3.782 3.927 4.080 4.241 4.410 4.586 4.770 4.841 4.823 4.791 4.746 4.688 4.616 4.532 4.435 4.324 4.200 4.063 3.913 3.984 4.204 4.413 4.612 4.800 4.978 5.145 5.302 5.448 5.584 5.709 5.824 5.902 5.979
0.767 0.765 0.759 0.749 0.736 0.718 0.697 0.673 0.644 0.612 0.576 0.536 0.503 0.486 0.472 0.462 0.456 0.454 0.456 0.461 0.470 0.483 0.500 0.520 0.631 0.849 1.069 1.291 1.514 1.739 1.966 2.194 2.424 2.656 2.889 3.124 3.311 3.446 3.587 3.737 3.894 4.059 4.231 4.411 4.598 4.793 4.996 5.207 5.299 5.235 5.157 5.066 4.962 4.807 4.630 4.456 4.284 4.115 3.949 3.786 3.786 3.969 4.142 4.304 4.455 4.597 4.727 4.848 4.957 5.057 5.146 5.224 5.328 5.491
0.836 0.821 0.802 0.779 0.752 0.721 0.687 0.649 0.607 0.562 0.513 0.460 0.419 0.414 0.414 0.418 0.425 0.436 0.451 0.469 0.491 0.517 0.547 0.581 0.675 0.899 1.125 1.352 1.581 1.812 2.045 2.279 2.515 2.752 2.991 3.232 3.447 3.608 3.776 3.952 4.136 4.327 4.526 4.733 4.947 5.169 5.342 5.475 5.493 5.311 5.132 4.957 4.784 4.613 4.446 4.281 4.119 3.960 3.804 3.651 3.597 3.744 3.880 4.006 4.121 4.226 4.320 4.404 4.478 4.540 4.593 4.635 4.733 4.981
0.909 0.881 0.848 0.812 0.772 0.729 0.681 0.630 0.575 0.517 0.454 0.388 0.330 0.339 0.352 0.369 0.389 0.413 0.441 0.473 0.509 0.548 0.591 0.638 0.716 0.946 1.178 1.411 1.646 1.883 2.121 2.361 2.603 2.846 3.091 3.337 3.575 3.762 3.957 4.202 4.428 4.627 4.799 4.946 5.065 5.158 5.225 5.265 5.247 5.075 4.907 4.741 4.577 4.417 4.259 4.104 3.952 3.803 3.657 3.513 3.420 3.530 3.630 3.719 3.798 3.866 3.924 3.971 4.008 4.035 4.051 4.056 4.115 4.449
0.986 0.945 0.899 0.850 0.797 0.740 0.679 0.615 0.547 0.475 0.400 0.320 0.237 0.260 0.286 0.316 0.349 0.387 0.428 0.473 0.522 0.574 0.631 0.691 0.756 0.992 1.230 1.469 1.710 1.952 2.196 2.443 2.765 3.102 3.454 3.822 4.202 4.414 4.600 4.760 4.893 4.999 5.079 5.132 5.159 5.160 5.134 5.081 4.999 4.837 4.678 4.522 4.369 4.218 4.070 3.925 3.783 3.643 3.507 3.373 3.252 3.326 3.389 3.442 3.485 3.517 3.538 3.549 3.550 3.540 3.520 3.489 3.475 3.894
1.061 1.012 0.954 0.891 0.825 0.755 0.681 0.604 0.523 0.438 0.349 0.257 0.161 0.176 0.216 0.259 0.306 0.356 0.411 0.469 0.531 0.597 0.666 0.739 0.820 1.065 1.348 1.646 1.960 2.289 2.634 2.994 3.370 3.761 4.167 4.589 5.026 5.184 5.277 5.344 5.384 5.398 5.385 5.346 5.280 5.188 5.069 4.924 4.752 4.597 4.448 4.301 4.157 4.017 3.879 3.743 3.611 3.481 3.354 3.230 3.109 3.132 3.159 3.176 3.182 3.177 3.163 3.137 3.102 3.055 2.999 2.932 2.854 3.317
1.135 1.084 1.012 0.937 0.858 0.774 0.688 0.597 0.503 0.405 0.303 0.198 0.088 0.089 0.142 0.198 0.258 0.348 0.489 0.615 0.726 0.824 0.907 0.976 1.030 1.275 1.612 1.965 2.333 2.716 3.114 3.529 3.958 4.403 4.863 5.339 5.830 5.979 5.980 5.954 5.902 5.823 5.717 5.586 5.427 5.243 5.032 4.794 4.530 4.354 4.214 4.078 3.944 3.813 3.685 3.559 3.436 3.317 3.200 3.085 2.974 2.949 2.940 2.920 2.890 2.849 2.798 2.736 2.664 2.581 2.489 2.385 2.271 2.718
1.208 1.160 1.075 0.987 0.894 0.798 0.698 0.594 0.487 0.376 0.322 0.331 0.334 0.420 0.568 0.701 0.819 0.924 1.014 1.090 1.152 1.199 1.232 1.251 1.255 1.469 1.860 2.267 2.688 3.126 3.578 4.046 4.529 5.028 5.542 6.072 6.617 6.801 6.709 6.590 6.445 6.274 6.076 5.852 5.601 5.324 5.020 4.690 4.334 4.109 3.979 3.852 3.728 3.607 3.488 3.372 3.260 3.149 3.042 2.938 2.836 2.776 2.730 2.674 2.608 2.531 2.443 2.345 2.237 2.118 1.989 1.849 1.699 2.096
1.279 1.240 1.142 1.128 1.160 1.185 1.204 1.217 1.223 1.223 1.216 1.202 1.183 1.210 1.308 1.391 1.459 1.514 1.554 1.580 1.591 1.589 1.572 1.541 1.495 1.647 2.092 2.552 3.027 3.519 4.025 4.547 5.084 5.636 6.204 6.788 7.387 7.648 7.463 7.252 7.015 6.751 6.461 6.144 5.801 5.432 5.036 4.613 4.165 3.861 3.741 3.624 3.509 3.398 3.289 3.183 3.080 2.980 2.882 2.787 2.696 2.614 2.531 2.439 2.336 2.223 2.099 1.965 1.844 1.763 1.691 1.627 1.572 1.946
2.050 2.150 2.172 2.187 2.196 2.199 2.195 2.185 2.168 2.145 2.116 2.079 2.037 2.015 2.062 2.095 2.113 2.118 2.108 2.084 2.046 1.993 1.926 1.845 1.750 1.808 2.306 2.821 3.350 3.895 4.455 5.031 5.622 6.228 6.850 7.487 8.139 8.521 8.244 7.941 7.611 7.255 6.872 6.463 6.028 5.566 5.078 4.563 4.022 3.611 3.500 3.393 3.289 3.187 3.088 2.992 2.898 2.808 2.720 2.635 2.553 2.458 2.347 2.244 2.150 2.065 1.988 1.919 1.860 1.809 1.766 1.732 1.707 1.966
3.173 3.260 3.259 3.252 3.239 3.218 3.192 3.159 3.119 3.073 3.021 2.962 2.897 2.833 2.830 2.813 2.782 2.736 2.677 2.603 2.514 2.412 2.295 2.164 2.019 1.952 2.505 3.073 3.656 4.255 4.869 5.498 6.143 6.803 7.478 8.169 8.875 9.420 9.051 8.655 8.233 7.784 7.310 6.808 6.281 5.727 5.146 4.539 3.906 3.358 3.258 3.160 3.065 2.973 2.898 2.829 2.751 2.666 2.573 2.473 2.365 2.257 2.175 2.103 2.038 1.983 1.936 1.897 1.867 1.846 1.833 1.829 1.833 2.004
4.303 4.369 4.353 4.323 4.286 4.244 4.194 4.138 4.076 4.008 3.932 3.851 3.763 3.668 3.613 3.546 3.465 3.369 3.260 3.136 2.998 2.845 2.679 2.498 2.303 2.094 2.687 3.308 3.945 4.598 5.266 5.949 6.647 7.361 8.090 8.835 9.594 10.345 9.883 9.395 8.881 8.340 7.773 7.180 6.560 5.914 5.241 4.567 3.892 3.242 3.183 3.117 3.044 2.963 2.874 2.778 2.674 2.562 2.443 2.316 2.181 2.048 1.996 1.953 1.919 1.893 1.876 1.867 1.867 1.875 1.892 1.918 1.952 2.059
