DATA/SHG/ECMWF/20170628/EN-15/20170702.en-15.asc
ncols        190
nrows        64
xllcorner    -5100000.000000000000
yllcorner    4130000.000000000000
cellsize     10000.000000000000
NODATA_value  -99999.000
[rows 0 to 31 of 64, columns 0 to 72 of 190]
0.939 0.943 0.948 0.954 0.961 0.967 0.975 0.983 0.992 1.186 1.445 1.712 1.985 2.266 2.553 2.848 3.150 3.459 3.775 4.132 4.487 4.519 4.416 4.327 4.251 4.187 4.137 4.100 4.075 4.064 4.066 4.081 4.109 4.151 4.182 4.197 4.196 4.178 4.145 4.095 4.029 3.947 3.849 3.735 3.604 3.618 3.767 3.915 4.063 4.209 4.354 4.498 4.641 4.783 4.924 5.064 5.202 5.403 5.682 5.963 6.248 6.536 6.827 7.122 7.420 7.721 8.025 8.333 8.644 8.707 8.352 7.978 7.588
0.969 0.976 0.983 0.991 0.999 1.008 1.018 1.028 1.039 1.213 1.497 1.789 2.207 2.614 3.006 3.383 3.745 4.092 4.424 4.741 5.042 5.141 5.085 5.041 5.011 4.993 4.989 4.997 5.019 5.054 5.101 5.162 5.236 5.274 5.248 5.206 5.147 5.073 4.982 4.876 4.753 4.614 4.458 4.287 4.099 4.035 4.181 4.325 4.469 4.611 4.752 4.893 5.032 5.170 5.307 5.443 5.578 5.762 6.051 6.344 6.641 6.940 7.243 7.549 7.858 8.171 8.486 8.805 9.128 9.271 8.853 8.417 7.963
0.999 1.007 1.017 1.027 1.071 1.255 1.433 1.606 1.775 2.052 2.451 2.835 3.204 3.558 3.897 4.220 4.529 4.822 5.101 5.364 5.613 5.749 5.738 5.741 5.756 5.784 5.826 5.880 5.947 6.028 6.121 6.228 6.347 6.412 6.329 6.230 6.114 5.983 5.835 5.671 5.491 5.295 5.083 4.855 4.610 4.453 4.595 4.735 4.875 5.014 5.151 5.288 5.423 5.558 5.691 5.823 5.955 6.116 6.417 6.722 7.029 7.340 7.654 7.972 8.293 8.617 8.944 9.274 9.566 9.744 9.231 8.718 8.203
1.668 1.853 2.034 2.209 2.380 2.546 2.706 2.862 3.013 3.224 3.569 3.900 4.216 4.516 4.801 5.072 5.327 5.568 5.793 6.003 6.198 6.342 6.377 6.426 6.487 6.561 6.648 6.748 6.861 6.987 7.126 7.278 7.443 7.566 7.425 7.269 7.097 6.908 6.703 6.482 6.245 5.992 5.723 5.438 5.136 4.871 5.009 5.146 5.282 5.417 5.551 5.683 5.815 5.946 6.075 6.204 6.331 6.467 6.779 7.095 7.419 7.787 8.133 8.456 8.756 9.034 9.289 9.522 9.732 9.919 9.414 8.896 8.377
3.051 3.219 3.381 3.539 3.692 3.840 3.983 4.121 4.254 4.410 4.702 4.979 5.242 5.489 5.721 5.938 6.140 6.327 6.500 6.657 6.798 6.921 7.002 7.096 7.202 7.322 7.455 7.601 7.759 7.931 8.116 8.314 8.525 8.734 8.537 8.323 8.094 7.848 7.586 7.309 7.015 6.705 6.379 6.036 5.678 5.304 5.424 5.557 5.689 5.820 5.950 6.079 6.207 6.358 6.584 6.808 7.031 7.251 7.595 7.929 8.240 8.529 8.796 9.039 9.260 9.459 9.635 9.788 9.919 10.027 9.598 9.076 8.553
4.437 4.587 4.732 4.872 5.008 5.138 5.263 5.383 5.499 5.610 5.849 6.073 6.282 6.476 6.655 6.819 6.968 7.102 7.221 7.325 7.414 7.488 7.611 7.751 7.903 8.069 8.247 8.439 8.643 8.861 9.091 9.334 9.591 9.860 9.663 9.392 9.106 8.803 8.485 8.150 7.799 7.432 7.050 6.650 6.235 5.804 5.881 6.113 6.343 6.572 6.799 7.024 7.247 7.468 7.687 7.905 8.121 8.335 8.596 8.850 9.082 9.292 9.479 9.643 9.785 9.905 10.001 10.076 10.127 10.156 9.783 9.257 8.729
5.827 5.959 6.087 6.209 6.326 6.439 6.547 6.649 6.747 6.840 7.011 7.182 7.338 7.479 7.604 7.715 7.811 7.892 7.958 8.008 8.044 8.065 8.206 8.392 8.590 8.801 9.025 9.262 9.512 9.775 10.051 10.340 10.642 10.956 10.804 10.477 10.133 9.774 9.398 8.994 8.596 8.221 7.870 7.543 7.240 6.960 7.037 7.263 7.486 7.708 7.929 8.147 8.363 8.578 8.791 9.002 9.211 9.419 9.617 9.792 9.945 10.075 10.183 10.268 10.331 10.371 10.389 10.384 10.356 10.306 9.969 9.438 8.906
7.220 7.334 7.444 7.549 7.649 7.744 7.834 7.919 7.999 8.074 8.187 8.305 8.408 8.495 8.568 8.626 8.669 8.696 8.709 8.707 8.690 8.657 8.787 9.018 9.261 9.518 9.788 10.070 10.366 10.674 10.996 11.330 11.583 11.805 11.618 11.184 10.774 10.388 10.025 9.686 9.371 9.080 8.812 8.568 8.348 8.152 8.193 8.413 8.630 8.845 9.059 9.270 9.480 9.688 9.895 10.099 10.302 10.502 10.658 10.755 10.828 10.880 10.908 10.914 10.898 10.859 10.797 10.713 10.607 10.478 10.156 9.621 9.085
8.616 8.713 8.805 8.892 8.974 9.052 9.124 9.191 9.254 9.311 9.378 9.442 9.492 9.527 9.546 9.551 9.541 9.515 9.475 9.420 9.350 9.265 9.353 9.629 9.918 10.153 10.382 10.608 10.833 11.055 11.275 11.494 11.710 11.924 11.869 11.518 11.192 10.888 10.609 10.353 10.121 9.913 9.729 9.568 9.431 9.317 9.350 9.562 9.773 9.982 10.189 10.394 10.597 10.799 10.998 11.196 11.392 11.586 11.720 11.738 11.732 11.704 11.654 11.581 11.485 11.367 11.227 11.064 10.879 10.671 10.344 9.805 9.264
10.016 10.095 10.170 10.239 10.304 10.363 10.418 10.468 10.512 10.552 10.583 10.594 10.591 10.573 10.539 10.491 10.428 10.331 10.116 9.930 9.772 9.642 9.656 9.884 10.109 10.333 10.554 10.773 10.990 11.206 11.419 11.629 11.838 12.045 12.095 11.828 11.584 11.364 11.168 10.995 10.846 10.721 10.620 10.542 10.488 10.457 10.507 10.713 10.917 11.119 11.319 11.518 11.714 11.909 12.102 12.294 12.483 12.671 12.803 12.741 12.656 12.549 12.420 12.268 12.094 11.897 11.677 11.436 11.171 10.884 10.533 9.989 9.444
11.419 11.481 11.537 11.589 11.636 11.678 11.715 11.747 11.774 11.797 11.705 11.392 11.108 10.852 10.623 10.423 10.252 10.108 9.993 9.906 9.847 9.816 9.859 10.080 10.298 10.514 10.728 10.940 11.150 11.358 11.564 11.767 11.969 12.168 12.297 12.113 11.952 11.815 11.702 11.612 11.547 11.504 11.486 11.491 11.520 11.572 11.663 11.863 12.060 12.256 12.450 12.642 12.832 13.020 13.207 13.391 13.574 13.755 13.906 13.765 13.601 13.415 13.207 12.976 12.723 12.447 12.149 11.828 11.485 11.119 10.723 10.175 9.626
12.825 12.869 12.908 12.792 12.529 12.257 11.975 11.683 11.381 11.069 10.757 10.544 10.358 10.201 10.073 9.972 9.900 9.856 9.840 9.852 9.892 9.961 10.064 10.277 10.488 10.697 10.904 11.109 11.311 11.512 11.710 11.907 12.101 12.293 12.474 12.373 12.295 12.242 12.211 12.205 12.222 12.262 12.327 12.415 12.526 12.662 12.820 13.013 13.204 13.393 13.580 13.766 13.949 14.131 14.311 14.489 14.665 14.840 15.012 14.809 14.566 14.302 14.014 13.705 13.373 13.018 12.641 12.189 11.711 11.255 10.822 10.304 9.795
12.913 12.646 12.368 12.081 11.784 11.476 11.159 10.832 10.495 10.147 9.790 9.665 9.580 9.522 9.493 9.491 9.518 9.573 9.656 9.768 9.907 10.075 10.271 10.477 10.681 10.882 11.082 11.279 11.475 11.668 11.859 12.048 12.235 12.420 12.603 12.609 12.614 12.643 12.696 12.772 12.872 12.995 13.143 13.313 13.508 13.726 13.967 14.163 14.348 14.530 14.711 14.890 15.067 15.242 15.415 15.587 15.757 15.925 16.091 15.873 15.374 14.817 14.283 13.771 13.281 12.814 12.370 11.948 11.549 11.172 10.818 10.385 9.944
12.320 12.017 11.705 11.382 11.050 10.707 10.355 9.993 9.620 9.238 8.846 8.758 8.772 8.813 8.883 8.981 9.107 9.261 9.444 9.654 9.893 10.159 10.454 10.678 10.875 11.069 11.261 11.451 11.640 11.826 12.010 12.192 12.371 12.549 12.725 12.820 12.908 13.020 13.155 13.315 13.497 13.703 13.933 14.187 14.464 14.765 15.089 15.314 15.492 15.668 15.842 16.014 16.185 16.113 15.994 15.869 15.738 15.603 15.462 15.061 14.560 14.082 13.626 13.193 12.782 12.394 12.028 11.685 11.365 11.067 10.791 10.447 10.074
11.738 11.401 11.053 10.696 10.328 9.951 9.563 9.166 8.759 8.341 7.914 7.822 7.935 8.076 8.245 8.442 8.667 8.920 9.201 9.511 9.848 10.214 10.608 10.881 11.071 11.258 11.443 11.626 11.807 11.985 12.162 12.337 12.509 12.680 12.848 13.007 13.178 13.372 13.590 13.832 14.098 14.387 14.699 15.035 15.395 15.778 15.920 15.922 15.815 15.703 15.586 15.464 15.336 15.204 15.066 14.922 14.774 14.620 14.461 14.147 13.725 13.325 12.949 12.594 12.262 11.953 11.666 11.402 11.160 10.941 10.744 10.491 10.187
11.169 10.796 10.414 10.021 9.618 9.206 8.784 8.351 7.909 7.457 6.994 6.857 7.069 7.309 7.577 7.873 8.197 8.549 8.929 9.338 9.774 10.239 10.731 11.087 11.268 11.448 11.626 11.802 11.975 12.147 12.316 12.484 12.649 12.813 12.974 13.169 13.423 13.700 13.976 14.114 14.253 14.393 14.533 14.674 14.815 14.957 15.099 15.128 15.003 14.873 14.738 14.597 14.451 14.300 14.144 13.983 13.816 13.644 13.467 13.212 12.869 12.549 12.251 11.975 11.722 11.491 11.283 11.097 10.934 10.794 10.676 10.517 10.280
10.611 10.204 9.786 9.358 8.921 8.473 8.016 7.549 7.071 6.584 6.087 5.863 6.174 6.512 6.879 7.274 7.697 8.148 8.628 9.135 9.670 10.234 10.825 11.293 11.468 11.641 11.811 11.980 12.146 12.310 12.473 12.607 12.662 12.690 12.690 12.718 12.857 12.997 13.137 13.277 13.419 13.561 13.703 13.846 13.990 14.134 14.279 14.340 14.197 14.049 13.896 13.737 13.573 13.404 13.229 13.050 12.865 12.675 12.479 12.257 11.993 11.751 11.532 11.335 11.160 11.008 10.879 10.772 10.687 10.625 10.586 10.525 10.356
10.066 9.623 9.170 8.708 8.235 7.753 7.260 6.758 6.246 5.724 5.191 4.840 5.249 5.687 6.153 6.647 7.169 7.718 8.296 8.902 9.536 10.199 10.889 11.502 11.672 11.824 11.948 12.045 12.114 12.156 12.170 12.156 12.115 12.046 11.950 11.873 12.014 12.156 12.298 12.441 12.585 12.729 12.874 13.019 13.165 13.312 13.459 13.559 13.398 13.232 13.060 12.883 12.701 12.513 12.321 12.123 11.920 11.711 11.498 11.282 11.096 10.933 10.792 10.674 10.578 10.505 10.454 10.426 10.420 10.436 10.475 10.514 10.412
9.532 9.054 8.567 8.069 7.562 7.044 6.517 5.980 5.433 4.875 4.308 3.788 4.296 4.833 5.397 5.990 6.611 7.307 8.044 8.791 9.547 10.312 11.088 11.845 11.927 11.982 12.010 12.010 11.982 11.927 11.845 11.734 11.597 11.431 11.238 11.028 11.171 11.316 11.460 11.606 11.751 11.898 12.045 12.193 12.341 12.490 12.640 12.785 12.605 12.421 12.231 12.036 11.835 11.630 11.419 11.203 10.981 10.755 10.523 10.286 10.179 10.095 10.033 9.993 9.975 9.981 10.008 10.058 10.131 10.226 10.343 10.483 10.451
9.010 8.498 7.975 7.443 6.900 6.348 5.786 5.213 4.631 4.039 3.536 3.062 3.660 4.383 5.115 5.857 6.609 7.370 8.141 8.921 9.711 10.510 11.319 12.137 12.211 12.170 12.101 12.004 11.880 11.728 11.549 11.342 11.107 10.846 10.556 10.239 10.329 10.476 10.623 10.770 10.919 11.067 11.217 11.367 11.518 11.669 11.821 11.973 11.819 11.616 11.408 11.195 10.976 10.752 10.523 10.289 10.050 9.805 9.555 9.300 9.242 9.236 9.252 9.291 9.352 9.436 9.542 9.670 9.821 9.994 10.190 10.408 10.471
8.500 7.953 7.395 6.884 6.381 5.887 5.401 4.922 4.452 3.990 3.536 3.090 3.543 4.300 5.066 5.842 6.627 7.422 8.226 9.040 9.864 10.697 11.539 12.391 12.524 12.386 12.220 12.027 11.806 11.558 11.282 10.978 10.648 10.289 9.903 9.490 9.488 9.637 9.786 9.936 10.086 10.237 10.389 10.542 10.694 10.848 11.002 11.157 11.039 10.818 10.591 10.360 10.123 9.881 9.634 9.382 9.124 8.861 8.593 8.320 8.284 8.356 8.451 8.568 8.708 8.870 9.054 9.239 9.389 9.529 9.658 9.777 9.773
8.148 7.649 7.159 6.676 6.202 5.736 5.278 4.828 4.387 3.953 3.527 3.110 3.417 4.207 5.007 5.816 6.635 7.464 8.302 9.149 10.006 10.873 11.749 12.635 12.865 12.630 12.368 12.078 11.761 11.416 11.044 10.644 10.217 9.762 9.280 8.770 8.647 8.798 8.950 9.102 9.255 9.408 9.562 9.717 9.872 10.028 10.184 10.341 10.265 10.026 9.781 9.532 9.277 9.017 8.751 8.481 8.205 7.924 7.638 7.346 7.336 7.523 7.699 7.866 8.021 8.167 8.301 8.426 8.540 8.643 8.737 8.819 8.842
7.846 7.376 6.914 6.460 6.014 5.577 5.147 4.726 4.312 3.907 3.510 3.121 3.279 4.103 4.937 5.780 6.633 7.495 8.366 9.248 10.138 11.039 11.948 12.868 13.234 12.903 12.544 12.158 11.744 11.303 10.835 10.339 9.815 9.264 8.685 8.080 7.806 7.960 8.114 8.268 8.423 8.579 8.735 8.892 9.050 9.208 9.366 9.526 9.497 9.240 8.977 8.710 8.437 8.176 7.931 7.694 7.464 7.243 7.029 6.823 6.787 6.938 7.078 7.208 7.328 7.437 7.535 7.624 7.701 7.769 7.826 7.872 7.902
7.536 7.095 6.661 6.236 5.818 5.409 5.008 4.615 4.230 3.853 3.484 3.123 3.132 3.990 4.857 5.734 6.620 7.516 8.421 9.336 10.260 11.194 12.137 13.090 13.632 13.204 12.749 12.267 11.757 11.219 10.655 10.062 9.442 8.795 8.120 7.418 6.966 7.122 7.278 7.435 7.592 7.750 7.909 8.068 8.228 8.388 8.562 8.715 8.721 8.464 8.215 7.974 7.741 7.515 7.298 7.088 6.886 6.692 6.505 6.327 6.249 6.363 6.468 6.561 6.645 6.718 6.780 6.832 6.874 6.905 6.926 6.936 6.955
7.218 6.805 6.400 6.003 5.614 5.233 4.860 4.495 4.138 3.790 3.450 3.117 2.974 3.866 4.766 5.677 6.597 7.526 8.465 9.413 10.371 11.338 12.315 13.302 14.058 13.534 12.983 12.404 11.798 11.164 10.503 9.815 9.099 8.355 7.584 6.786 6.127 6.285 6.443 6.711 6.965 7.191 7.388 7.556 7.695 7.804 7.885 7.937 7.917 7.688 7.466 7.252 7.046 6.848 6.658 6.475 6.301 6.134 5.975 5.824 5.721 5.800 5.868 5.925 5.973 6.009 6.036 6.052 6.057 6.053 6.037 6.012 6.000
6.897 6.507 6.130 5.761 5.400 5.048 4.703 4.367 4.039 3.718 3.406 3.102 2.806 3.731 4.666 5.609 6.563 7.526 8.498 9.480 10.472 11.472 12.483 13.503 14.513 13.893 13.245 12.570 11.868 11.138 10.381 9.596 8.814 8.076 7.380 6.727 6.137 6.378 6.589 6.771 6.925 7.050 7.145 7.212 7.249 7.258 7.238 7.189 7.106 6.904 6.710 6.524 6.345 6.174 6.011 5.856 5.709 5.569 5.437 5.313 5.205 5.247 5.279 5.300 5.312 5.312 5.303 5.282 5.252 5.211 5.160 5.098 5.038
6.668 6.200 5.852 5.511 5.179 4.855 4.538 4.230 3.930 3.638 3.355 3.079 2.811 3.586 4.554 5.532 6.519 7.515 8.521 9.537 10.562 11.596 12.640 13.693 14.716 14.022 13.133 12.287 11.484 10.724 10.006 9.332 8.700 8.111 7.565 7.062 6.601 6.670 6.780 6.861 6.914 6.937 6.932 6.897 6.834 6.742 6.620 6.470 6.291 6.115 5.948 5.789 5.637 5.494 5.358 5.230 5.110 4.998 4.893 4.797 4.708 4.705 4.701 4.686 4.661 4.626 4.580 4.524 4.457 4.380 4.293 4.195 4.087
6.496 5.885 5.565 5.253 4.949 4.653 4.365 4.085 3.813 3.550 3.294 3.047 2.807 3.431 4.433 5.444 6.464 7.487 8.462 9.384 10.252 11.068 11.831 12.541 13.198 12.816 12.077 11.381 10.727 10.117 9.549 9.024 8.542 8.102 7.706 7.352 7.041 6.991 7.000 6.981 6.932 6.854 6.748 6.612 6.448 6.255 6.033 5.782 5.502 5.318 5.179 5.047 4.923 4.807 4.698 4.598 4.505 4.420 4.342 4.273 4.211 4.174 4.134 4.083 4.022 3.950 3.869 3.776 3.674 3.561 3.437 3.304 3.160
6.380 5.562 5.270 4.986 4.710 4.443 4.183 3.931 3.688 3.453 3.282 3.184 3.097 3.633 4.635 5.583 6.479 7.321 8.111 8.848 9.532 10.162 10.740 11.265 11.737 11.567 10.978 10.431 9.927 9.466 9.048 8.672 8.340 8.050 7.802 7.598 7.436 7.342 7.250 7.129 6.979 6.801 6.593 6.357 6.092 5.798 5.475 5.123 4.742 4.515 4.403 4.298 4.202 4.113 4.031 3.958 3.892 3.834 3.784 3.742 3.707 3.654 3.577 3.490 3.393 3.286 3.168 3.040 2.901 2.752 2.593 2.423 2.243
6.321 5.230 4.966 4.781 4.649 4.526 4.413 4.311 4.219 4.136 4.064 4.003 3.951 4.265 5.081 5.844 6.555 7.212 7.817 8.369 8.868 9.313 9.706 10.046 10.334 10.275 9.836 9.438 9.084 8.772 8.503 8.277 8.094 7.953 7.855 7.800 7.787 7.721 7.528 7.307 7.056 6.777 6.468 6.131 5.765 5.370 4.947 4.494 4.013 3.706 3.621 3.543 3.474 3.412 3.358 3.312 3.273 3.243 3.220 3.204 3.197 3.144 3.031 2.909 2.776 2.632 2.478 2.314 2.196 2.172 2.161 2.164 2.179
6.920 5.530 5.412 5.305 5.207 5.120 5.043 4.976 4.919 4.872 4.835 4.809 4.793 4.952 5.583 6.161 6.687 7.160 7.579 7.946 8.260 8.521 8.730 8.885 8.988 8.941 8.650 8.402 8.197 8.035 7.915 7.839 7.804 7.813 7.864 7.958 8.094 8.130 7.836 7.513 7.162 6.782 6.373 5.935 5.468 4.973 4.448 3.895 3.313 2.889 2.831 2.781 2.739 2.704 2.678 2.659 2.647 2.644 2.648 2.660 2.680 2.674 2.604 2.548 2.504 2.473 2.456 2.452 2.460 2.482 2.517 2.565 2.627
7.908 5.971 5.888 5.816 5.754 5.702 5.660 5.629 5.607 5.596 5.594 5.603 5.622 5.694 6.141 6.534 6.875 7.163 7.398 7.580 7.710 7.786 7.810 7.781 7.699 7.563 7.422 7.324 7.268 7.255 7.284 7.356 7.471 7.629 7.829 8.072 8.357 8.567 8.173 7.749 7.297 6.816 6.307 5.768 5.201 4.604 3.979 3.326 2.643 2.066 2.036 2.013 1.998 1.990 2.070 2.196 2.306 2.400 2.479 2.542 2.589 2.607 2.583 2.572 2.574 2.589 2.617 2.658 2.713 2.780 2.860 2.954 3.061
