DATA/SHG/ECMWF/20170628/EN-15/20170703.en-15.asc
ncols        190
nrows        64
xllcorner    -5100000.000000000000
yllcorner    4130000.000000000000
cellsize     10000.000000000000
NODATA_value  -99999.000
[rows 0 to 31 of 64, columns 73 to 145 of 190]
7.613 7.160 6.698 6.228 5.749 5.263 4.768 4.265 3.856 3.687 3.543 3.423 3.326 3.254 3.204 3.179 3.177 3.199 3.244 3.313 3.411 3.511 3.587 3.661 3.731 3.798 3.861 3.921 3.978 4.031 4.082 4.128 4.197 4.340 4.476 4.605 4.727 4.841 4.948 5.048 5.141 5.227 5.305 5.376 5.382 5.201 5.007 4.801 4.582 4.351 4.107 3.851 3.582 3.301 3.007 2.701 2.469 2.485 2.498 2.507 2.513 2.516 2.516 2.513 2.506 2.496 2.483 2.466 2.481 2.594 2.714 2.841 2.975
8.187 7.704 7.159 6.612 6.081 5.566 5.068 4.585 4.183 4.098 4.037 4.000 3.986 3.996 4.029 4.086 4.167 4.271 4.399 4.550 4.717 4.802 4.864 4.922 4.977 5.029 5.077 5.122 5.164 5.203 5.238 5.270 5.308 5.419 5.523 5.619 5.708 5.790 5.865 5.932 5.993 6.046 6.091 6.130 6.129 5.891 5.642 5.379 5.105 4.818 4.518 4.206 3.881 3.544 3.195 2.833 2.512 2.513 2.511 2.506 2.498 2.487 2.472 2.454 2.433 2.409 2.381 2.350 2.343 2.486 2.637 2.795 2.959
8.201 7.678 7.171 6.681 6.207 5.749 5.307 4.881 4.490 4.488 4.509 4.554 4.623 4.715 4.831 4.971 5.134 5.320 5.531 5.764 6.022 6.095 6.142 6.185 6.225 6.262 6.296 6.326 6.352 6.376 6.396 6.413 6.427 6.504 6.576 6.639 6.696 6.746 6.788 6.823 6.851 6.871 6.885 6.891 6.887 6.594 6.289 5.971 5.640 5.297 4.942 4.574 4.193 3.800 3.395 2.977 2.558 2.545 2.529 2.509 2.487 2.461 2.431 2.399 2.364 2.325 2.283 2.237 2.225 2.462 2.714 2.980 3.262
8.086 7.619 7.169 6.735 6.318 5.916 5.531 5.161 4.808 4.855 4.959 5.086 5.237 5.412 5.610 5.832 6.078 6.347 6.639 6.955 7.295 7.391 7.422 7.451 7.476 7.497 7.516 7.531 7.543 7.551 7.556 7.558 7.557 7.596 7.635 7.666 7.690 7.708 7.717 7.720 7.715 7.704 7.685 7.658 7.625 7.309 6.948 6.574 6.188 5.789 5.378 4.954 4.518 4.069 3.608 3.135 2.649 2.580 2.549 2.560 2.604 2.639 2.663 2.678 2.682 2.677 2.662 2.637 2.602 2.881 3.200 3.533 3.881
7.955 7.546 7.152 6.775 6.413 6.068 5.739 5.427 5.130 5.200 5.386 5.596 5.830 6.087 6.367 6.671 6.999 7.350 7.725 8.124 8.545 8.688 8.704 8.718 8.728 8.735 8.738 8.738 8.735 8.728 8.719 8.705 8.689 8.694 8.700 8.699 8.691 8.676 8.653 8.624 8.587 8.542 8.491 8.432 8.367 8.037 7.620 7.190 6.748 6.293 5.870 5.473 5.070 4.660 4.243 3.820 3.390 3.325 3.344 3.354 3.354 3.344 3.325 3.295 3.255 3.205 3.146 3.076 2.997 3.285 3.670 4.070 4.484
7.810 7.457 7.120 6.799 6.494 6.205 5.933 5.677 5.436 5.522 5.791 6.083 6.399 6.739 7.101 7.488 7.898 8.331 8.788 9.269 9.773 9.987 9.988 9.987 9.982 9.974 9.962 9.947 9.929 9.908 9.883 9.855 9.823 9.798 9.772 9.739 9.698 9.651 9.596 9.534 9.464 9.390 9.338 9.313 9.316 9.070 8.677 8.277 7.870 7.457 7.037 6.610 6.177 5.737 5.290 4.836 4.376 4.217 4.193 4.158 4.114 4.059 3.995 3.921 3.837 3.743 3.639 3.525 3.401 3.674 4.125 4.591 5.072
7.650 7.353 7.073 6.808 6.560 6.327 6.111 5.911 5.727 5.823 6.174 6.548 6.946 7.368 7.813 8.282 8.774 9.289 9.828 10.391 10.977 11.288 11.274 11.258 11.238 11.215 11.188 11.158 11.125 11.089 11.049 11.006 10.865 10.681 10.530 10.407 10.312 10.245 10.205 10.194 10.209 10.253 10.324 10.423 10.550 10.393 9.970 9.540 9.103 8.660 8.209 7.753 7.289 6.819 6.342 5.858 5.368 5.119 5.050 4.971 4.882 4.784 4.675 4.557 4.428 4.290 4.142 3.983 3.815 4.047 4.564 5.097 5.644
7.475 7.235 7.011 6.802 6.610 6.434 6.274 6.131 6.003 6.101 6.534 6.991 7.471 7.975 8.502 9.053 9.627 10.225 10.846 11.490 12.159 12.590 12.562 12.454 12.304 12.143 11.971 11.787 11.592 11.385 11.166 10.937 10.695 10.524 10.497 10.498 10.526 10.583 10.667 10.778 10.918 11.085 11.280 11.502 11.752 11.722 11.269 10.808 10.341 9.868 9.387 8.900 8.407 7.906 7.399 6.885 6.365 6.029 5.916 5.793 5.660 5.517 5.364 5.201 5.029 4.846 4.653 4.451 4.239 4.404 4.988 5.587 6.200
7.286 7.102 6.934 6.782 6.646 6.526 6.423 6.335 6.264 6.358 6.873 7.412 7.974 8.560 9.169 9.797 10.408 11.008 11.596 12.172 12.737 13.125 12.947 12.758 12.557 12.345 12.121 11.886 11.639 11.381 11.112 10.831 10.538 10.337 10.433 10.558 10.710 10.890 11.097 11.332 11.595 11.886 12.204 12.550 12.923 13.056 12.573 12.082 11.585 11.081 10.571 10.054 9.530 9.000 8.462 7.918 7.368 6.949 6.791 6.624 6.447 6.259 6.062 5.855 5.638 5.411 5.175 4.928 4.671 4.746 5.396 6.061 6.741
7.081 6.953 6.842 6.746 6.666 6.603 6.556 6.524 6.538 6.702 7.342 7.971 8.588 9.194 9.788 10.370 10.941 11.500 12.048 12.584 13.108 13.544 13.314 13.074 12.822 12.558 12.283 11.997 11.699 11.390 11.070 10.738 10.394 10.119 10.340 10.588 10.863 11.166 11.497 11.856 12.242 12.656 13.097 13.566 14.063 14.396 13.882 13.362 12.835 12.301 11.760 11.213 10.659 10.098 9.531 8.957 8.376 7.877 7.676 7.464 7.242 7.011 6.769 6.518 6.257 5.986 5.705 5.414 5.113 5.073 5.789 6.520 7.266
6.862 6.850 6.922 6.997 7.075 7.157 7.243 7.332 7.425 7.528 8.128 8.716 9.293 9.858 10.411 10.953 11.484 12.002 12.509 13.005 13.489 13.957 13.694 13.402 13.099 12.785 12.459 12.121 11.772 11.412 11.040 10.657 10.263 9.872 10.216 10.587 10.986 11.413 11.867 12.348 12.858 13.395 13.960 14.552 15.172 15.741 15.197 14.647 14.089 13.525 12.955 12.377 11.793 11.203 10.605 10.001 9.391 8.815 8.569 8.313 8.047 7.771 7.486 7.190 6.885 6.570 6.245 5.910 5.565 5.384 6.167 6.964 7.776
7.566 7.646 7.730 7.817 7.908 8.003 8.101 8.202 8.307 8.416 8.922 9.470 10.007 10.531 11.044 11.546 12.036 12.514 12.981 13.436 13.880 14.307 14.086 13.743 13.389 13.024 12.646 12.258 11.858 11.447 11.024 10.590 10.144 9.687 10.062 10.556 11.078 11.628 12.205 12.810 13.443 14.103 14.791 15.506 16.249 17.020 16.517 15.937 15.349 14.755 14.155 13.547 12.933 12.313 11.685 11.051 10.410 9.763 9.471 9.171 8.861 8.541 8.211 7.872 7.522 7.163 6.794 6.414 6.008 5.646 6.501 7.396 8.330
8.345 8.438 8.534 8.634 8.737 8.843 8.954 9.068 9.185 9.306 9.727 10.234 10.730 11.214 11.687 12.148 12.598 13.036 13.462 13.877 14.280 14.667 14.491 14.097 13.692 13.275 12.847 12.407 11.956 11.494 11.020 10.535 10.039 9.531 9.878 10.495 11.140 11.813 12.514 13.242 13.997 14.781 15.591 16.430 17.295 18.189 17.843 17.232 16.615 15.991 15.360 14.723 14.079 13.428 12.771 12.107 11.436 10.758 10.382 9.956 9.449 8.963 8.497 8.050 7.624 7.218 6.831 6.465 6.118 5.791 6.731 7.801 8.910
9.120 9.225 9.333 9.445 9.561 9.680 9.802 9.928 10.058 10.191 10.540 11.007 11.462 11.906 12.339 12.760 13.169 13.567 13.953 14.327 14.690 15.037 14.908 14.463 14.007 13.539 13.060 12.569 12.067 11.554 11.029 10.493 9.946 9.387 9.663 10.404 11.172 11.968 12.792 13.643 14.521 15.427 16.361 17.322 18.311 19.327 19.174 18.533 17.886 17.232 16.448 15.536 14.633 13.738 12.850 11.971 11.099 10.235 9.686 9.248 8.831 8.433 8.055 7.698 7.360 7.042 6.744 6.466 6.208 5.970 6.922 8.167 9.450
9.890 10.007 10.128 10.252 10.380 10.511 10.646 10.785 10.927 11.072 11.363 11.789 12.205 12.608 13.000 13.381 13.750 14.107 14.453 14.787 15.110 15.416 15.337 14.841 14.334 13.815 13.285 12.744 12.191 11.627 11.051 10.464 9.866 9.256 9.419 10.283 11.174 12.093 13.039 14.013 15.014 15.956 16.800 17.619 18.413 19.182 18.946 18.038 17.138 16.246 15.362 14.486 13.618 12.758 11.905 11.061 10.224 9.395 8.871 8.522 8.193 7.884 7.595 7.326 7.076 6.847 6.638 6.448 6.279 6.129 7.074 8.493 9.951
10.656 10.785 10.918 11.055 11.195 11.339 11.486 11.637 11.791 11.949 12.195 12.581 12.956 13.319 13.671 14.012 14.340 14.657 14.963 15.257 15.540 15.805 15.779 15.232 14.674 14.104 13.523 12.931 12.327 11.712 11.086 10.448 9.796 9.160 9.182 10.091 10.974 11.833 12.666 13.474 14.257 15.015 15.748 16.456 17.138 17.796 17.713 16.841 15.976 15.119 14.270 13.429 12.596 11.771 10.953 10.144 9.342 8.549 8.036 7.776 7.535 7.315 7.114 6.934 6.773 6.632 6.511 6.410 6.329 6.268 7.185 8.779 10.412
11.417 11.559 11.704 11.853 12.005 12.161 12.321 12.484 12.650 12.821 13.036 13.383 13.717 14.040 14.352 14.652 14.940 15.217 15.483 15.737 15.979 16.204 16.233 15.535 14.777 14.046 13.341 12.664 12.013 11.389 10.792 10.222 9.679 9.162 9.050 9.847 10.619 11.366 12.088 12.784 13.456 14.103 14.724 15.320 15.892 16.438 16.475 15.637 14.807 13.985 13.172 12.366 11.567 10.777 9.995 9.220 8.454 7.695 7.182 7.010 6.858 6.726 6.614 6.522 6.450 6.397 6.365 6.352 6.359 6.387 7.258 9.026 10.833
12.174 12.328 12.486 12.647 12.812 12.980 13.151 13.327 13.506 13.688 13.887 14.193 14.487 14.770 15.042 15.284 15.298 15.292 15.267 15.223 15.159 15.098 14.980 14.315 13.676 13.064 12.479 11.921 11.390 10.885 10.407 9.956 9.532 9.135 8.944 9.630 10.291 10.926 11.537 12.122 12.683 13.218 13.728 14.213 14.673 15.108 15.229 14.427 13.632 12.845 12.066 11.295 10.532 9.777 9.029 8.290 7.558 6.835 6.309 6.226 6.162 6.119 6.095 6.091 6.107 6.143 6.199 6.274 6.370 6.485 7.290 9.233 11.214
12.927 13.093 13.263 13.436 13.613 13.794 13.978 14.165 14.318 14.296 14.289 14.330 14.353 14.357 14.342 14.308 14.255 14.183 14.092 13.982 13.853 13.725 13.602 13.066 12.547 12.055 11.589 11.150 10.738 10.352 9.993 9.661 9.356 9.078 8.867 9.441 9.990 10.515 11.014 11.488 11.937 12.361 12.760 13.134 13.483 13.807 13.977 13.210 12.450 11.698 10.954 10.218 9.490 8.770 8.057 7.353 6.656 5.967 5.417 5.422 5.446 5.491 5.556 5.640 5.745 5.869 6.013 6.177 6.360 6.564 7.284 9.400 11.556
13.675 13.781 13.707 13.648 13.604 13.575 13.561 13.561 13.576 13.606 13.651 13.638 13.595 13.532 13.451 13.351 13.232 13.094 12.936 12.760 12.565 12.371 12.181 11.790 11.390 11.016 10.670 10.350 10.057 9.790 9.550 9.338 9.151 8.992 8.859 9.279 9.717 10.131 10.519 10.882 11.220 11.533 11.821 12.084 12.322 12.534 12.719 11.987 11.262 10.545 9.836 9.135 8.442 7.756 7.079 6.409 5.747 5.093 4.505 4.598 4.711 4.844 4.997 5.170 5.362 5.575 5.807 6.059 6.331 6.623 7.238 9.528 11.858
12.700 12.664 12.642 12.635 12.643 12.665 12.703 12.755 12.822 12.904 13.000 12.963 12.854 12.726 12.579 12.412 12.227 12.023 11.799 11.557 11.296 11.035 10.779 10.485 10.204 9.949 9.722 9.521 9.347 9.199 9.079 8.985 8.917 8.877 8.863 9.145 9.472 9.774 10.051 10.303 10.530 10.732 10.909 11.061 11.188 11.290 11.367 10.757 10.067 9.385 8.711 8.045 7.386 6.736 6.093 5.458 4.832 4.213 3.601 3.756 3.957 4.178 4.419 4.680 4.961 5.261 5.582 5.922 6.282 6.694 7.239 9.791 12.403
11.519 11.534 11.564 11.609 11.668 11.743 11.832 11.936 12.055 12.188 12.337 12.307 12.132 11.938 11.724 11.492 11.241 10.970 10.681 10.373 10.045 9.718 9.395 9.152 8.990 8.854 8.746 8.664 8.608 8.580 8.578 8.603 8.654 8.732 8.837 9.038 9.254 9.445 9.611 9.752 9.868 9.959 10.025 10.067 10.083 10.074 10.040 9.520 8.865 8.218 7.579 6.948 6.324 5.709 5.101 4.501 3.909 3.325 2.749 2.894 3.275 3.788 4.288 4.774 5.247 5.707 6.154 6.587 7.007 7.414 7.808 10.469 13.349
10.325 10.392 10.474 10.570 10.682 10.808 10.949 11.104 11.275 11.460 11.660 11.670 11.428 11.168 10.889 10.590 10.273 9.937 9.581 9.207 8.814 8.421 8.031 7.790 7.747 7.731 7.741 7.778 7.841 7.931 8.048 8.192 8.362 8.559 8.783 8.959 9.064 9.144 9.199 9.229 9.234 9.215 9.170 9.100 9.005 8.886 8.741 8.277 7.657 7.045 6.441 5.909 5.504 5.132 4.793 4.486 4.213 3.973 3.766 4.069 4.536 4.990 5.431 5.859 6.273 6.674 7.062 7.437 7.798 8.146 8.481 11.085 14.234
9.119 9.238 9.371 9.520 9.683 9.860 10.053 10.260 10.483 10.720 10.971 11.051 10.743 10.417 10.071 9.707 9.324 8.922 8.500 8.060 7.601 7.142 6.685 6.401 6.476 6.579 6.708 6.863 7.045 7.254 7.490 7.752 8.041 8.356 8.699 8.907 8.901 8.870 8.814 8.734 8.628 8.498 8.374 8.285 8.182 8.063 7.931 7.642 7.251 6.893 6.568 6.276 6.017 5.791 5.598 5.437 5.310 5.216 5.154 5.400 5.809 6.204 6.586 6.955 7.311 7.653 7.982 8.298 8.601 8.891 9.167 11.640 15.057
7.901 8.071 8.256 8.456 8.671 8.901 9.145 9.404 9.678 9.966 10.269 10.450 10.076 9.684 9.273 8.842 8.393 7.925 7.438 6.932 6.407 5.881 5.358 4.983 5.177 5.398 5.646 5.920 6.221 6.548 6.902 7.283 7.691 8.148 8.657 8.994 8.943 8.876 8.795 8.700 8.590 8.465 8.326 8.172 8.004 7.821 7.624 7.390 7.145 6.933 6.754 6.608 6.495 6.414 6.367 6.353 6.371 6.423 6.507 6.743 7.093 7.430 7.753 8.063 8.360 8.644 8.915 9.172 9.416 9.647 9.865 12.134 15.819
6.670 6.892 7.129 7.381 7.647 7.928 8.224 8.535 8.860 9.200 9.555 9.867 9.428 8.969 8.492 7.996 7.481 6.947 6.394 5.822 5.231 4.640 4.050 3.537 3.906 4.377 4.857 5.345 5.841 6.345 6.858 7.379 7.908 8.446 8.992 9.414 9.297 9.166 9.021 8.861 8.686 8.497 8.293 8.075 7.842 7.594 7.332 7.103 7.004 6.938 6.905 6.905 6.938 7.003 7.101 7.233 7.397 7.594 7.824 8.098 8.389 8.667 8.932 9.184 9.422 9.647 9.859 10.058 10.243 10.416 10.575 12.566 16.519
5.427 5.701 5.989 6.292 6.610 6.943 7.291 7.653 8.030 8.421 8.828 9.249 8.797 8.273 7.730 7.168 6.596 6.082 5.587 5.110 4.652 4.213 3.790 3.383 3.861 4.370 4.886 5.411 5.944 6.485 7.035 7.593 8.159 8.734 9.317 9.849 9.668 9.472 9.262 9.037 8.798 8.544 8.276 7.993 7.695 7.383 7.057 6.782 6.829 6.909 7.022 7.167 7.345 7.557 7.801 8.078 8.388 8.730 9.106 9.464 9.697 9.917 10.123 10.316 10.496 10.662 10.816 10.956 11.083 11.197 11.297 12.938 17.158
4.172 4.497 4.837 5.192 5.561 5.946 6.345 6.758 7.187 7.634 8.084 8.507 8.144 7.620 7.115 6.628 6.160 5.711 5.280 4.867 4.473 4.099 3.742 3.400 3.807 4.352 4.906 5.468 6.038 6.616 7.203 7.797 8.401 9.012 9.632 10.260 10.053 9.793 9.518 9.229 8.925 8.607 8.274 7.927 7.565 7.188 6.797 6.427 6.620 6.845 7.103 7.394 7.718 8.075 8.465 8.887 9.343 9.831 10.352 10.843 11.017 11.178 11.325 11.460 11.581 11.689 11.784 11.866 11.934 11.990 12.032 13.248 17.736
2.904 3.281 3.722 4.266 4.784 5.275 5.739 6.177 6.588 6.972 7.329 7.660 7.435 6.975 6.535 6.112 5.709 5.323 4.957 4.609 4.279 3.969 3.677 3.400 3.744 4.326 4.916 5.515 6.122 6.737 7.361 7.992 8.633 9.281 9.938 10.603 10.454 10.129 9.790 9.436 9.068 8.685 8.288 7.876 7.450 7.009 6.554 6.084 6.375 6.746 7.150 7.587 8.056 8.559 9.094 9.662 10.263 10.896 11.563 12.233 12.348 12.451 12.540 12.616 12.679 12.728 12.765 12.788 12.798 12.795 12.778 13.497 18.252
2.750 3.255 3.733 4.185 4.610 5.009 5.380 5.725 6.044 6.335 6.600 6.839 6.710 6.315 5.938 5.580 5.241 4.920 4.617 4.334 4.068 3.823 3.596 3.384 3.671 4.290 4.917 5.553 6.197 6.849 7.509 8.178 8.855 9.540 10.234 10.936 10.870 10.481 10.078 9.659 9.227 8.780 8.318 7.842 7.351 6.846 6.326 5.792 6.097 6.613 7.163 7.745 8.360 9.007 9.688 10.401 11.147 11.926 12.738 13.583 13.692 13.735 13.766 13.784 13.788 13.779 13.757 13.722 13.674 13.612 13.537 13.646 18.462
2.972 3.384 3.770 4.129 4.462 4.768 5.047 5.299 5.525 5.724 5.897 6.043 5.969 5.638 5.326 5.032 4.757 4.500 4.262 4.042 3.841 3.661 3.499 3.351 3.589 4.245 4.909 5.581 6.262 6.951 7.648 8.354 9.068 9.790 10.520 11.259 11.302 10.849 10.380 9.898 9.401 8.889 8.363 7.823 7.267 6.698 6.114 5.515 5.784 6.446 7.140 7.868 8.628 9.421 10.247 11.105 11.997 12.921 13.878 14.868 15.047 15.032 15.040 15.074 15.050 14.968 14.827 14.629 14.372 14.057 13.684 13.252 17.357
3.218 3.538 3.832 4.098 4.338 4.552 4.738 4.898 5.032 5.139 5.219 5.272 5.212 4.945 4.697 4.468 4.257 4.064 3.891 3.735 3.598 3.482 3.385 3.302 3.497 4.190 4.891 5.600 6.318 7.044 7.778 8.520 9.271 10.030 10.797 11.573 11.749 11.231 10.699 10.152 9.590 9.014 8.424 7.819 7.200 6.566 5.918 5.255 5.437 6.244 7.084 7.956 8.862 9.870 11.062 12.266 13.482 14.709 15.948 17.199 17.528 17.421 17.256 17.032 16.751 16.411 16.013 15.557 15.043 14.471 13.840 13.152 16.341
