DATA/SHG/ECMWF/20170628/EN-15/20170710.en-15.asc
ncols        190
nrows        64
xllcorner    -5100000.000000000000
yllcorner    4130000.000000000000
cellsize     10000.000000000000
NODATA_value  -99999.000
[rows 0 to 32 of 64, columns 0 to 73 of 190]
0.740 0.785 0.829 0.872 0.915 0.958 1.000 1.042 1.083 1.134 1.179 1.214 1.238 1.252 1.256 1.249 1.232 1.205 1.167 1.167 1.179 1.296 1.458 1.617 1.772 1.923 2.070 2.214 2.353 2.489 2.622 2.750 2.875 2.938 2.962 2.987 3.012 3.037 3.061 3.086 3.111 3.136 3.162 3.187 3.212 3.401 3.727 4.043 4.349 4.645 4.930 5.206 5.471 5.727 5.972 6.207 6.432 6.533 6.483 6.415 6.330 6.227 6.106 5.967 5.811 5.636 5.445 5.235 5.008 4.873 4.932 5.017 5.130 5.270
0.701 0.744 0.787 0.828 0.870 0.911 0.951 0.992 1.031 1.057 1.065 1.064 1.084 1.103 1.120 1.135 1.149 1.160 1.169 1.177 1.182 1.265 1.414 1.560 1.701 1.839 1.973 2.104 2.230 2.353 2.472 2.587 2.699 2.768 2.793 2.818 2.843 2.868 2.894 2.919 2.944 2.969 2.995 3.020 3.046 3.178 3.469 3.749 4.019 4.280 4.530 4.770 5.000 5.220 5.430 5.630 5.820 5.911 5.799 5.669 5.521 5.356 5.173 4.972 4.754 4.517 4.263 3.992 3.702 3.507 3.661 3.842 4.050 4.285
0.663 0.704 0.745 0.785 0.828 0.881 0.937 0.994 1.054 1.096 1.114 1.130 1.144 1.157 1.167 1.175 1.181 1.186 1.188 1.188 1.187 1.239 1.374 1.507 1.635 1.760 1.880 1.998 2.111 2.221 2.326 2.428 2.527 2.599 2.625 2.650 2.675 2.700 2.726 2.751 2.777 2.802 2.828 2.854 2.879 2.965 3.220 3.465 3.700 3.925 4.140 4.345 4.540 4.725 4.900 5.064 5.219 5.307 5.133 4.941 4.731 4.504 4.259 3.996 3.715 3.417 3.101 2.767 2.799 2.959 3.551 4.108 4.627 5.110
0.652 0.704 0.759 0.816 0.874 0.935 0.998 1.062 1.129 1.180 1.191 1.200 1.207 1.212 1.216 1.217 1.216 1.213 1.209 1.202 1.193 1.216 1.338 1.457 1.573 1.684 1.792 1.896 1.996 2.092 2.185 2.274 2.359 2.431 2.456 2.482 2.507 2.533 2.558 2.584 2.610 2.636 2.661 2.687 2.713 2.762 2.982 3.192 3.392 3.581 3.761 3.931 4.090 4.240 4.379 4.509 4.628 4.721 4.485 4.231 3.972 3.888 3.846 3.844 3.885 3.966 4.090 4.254 4.461 4.708 5.169 5.596 5.987 6.341
0.668 0.728 0.789 0.853 0.919 0.986 1.056 1.128 1.201 1.265 1.270 1.272 1.272 1.270 1.266 1.261 1.253 1.243 1.231 1.218 1.202 1.197 1.307 1.412 1.514 1.613 1.707 1.798 1.885 1.968 2.047 2.123 2.195 2.262 2.288 2.313 2.339 2.365 2.391 2.417 2.443 2.469 2.495 2.521 2.548 2.574 2.754 2.929 3.093 3.248 3.392 3.527 3.651 3.788 3.983 4.162 4.327 4.475 4.432 4.410 4.430 4.491 4.594 4.738 4.923 5.150 5.419 5.729 6.080 6.473 6.818 7.117 7.380 7.605
0.682 0.749 0.818 0.888 0.961 1.036 1.112 1.191 1.271 1.353 1.350 1.345 1.339 1.330 1.319 1.306 1.292 1.275 1.256 1.236 1.213 1.189 1.279 1.371 1.460 1.545 1.626 1.704 1.778 1.848 1.914 1.977 2.036 2.091 2.120 2.145 2.171 2.198 2.224 2.250 2.276 2.303 2.329 2.355 2.382 2.408 2.582 2.831 3.065 3.283 3.485 3.672 3.844 4.000 4.141 4.267 4.377 4.471 4.558 4.681 4.846 5.053 5.301 5.590 5.921 6.293 6.707 7.161 7.658 8.196 8.500 8.670 8.804 8.902
0.694 0.768 0.844 0.921 1.001 1.082 1.166 1.252 1.339 1.428 1.433 1.421 1.407 1.392 1.374 1.354 1.333 1.309 1.283 1.256 1.226 1.195 1.255 1.334 1.410 1.481 1.550 1.614 1.675 1.732 1.785 1.834 1.880 1.922 1.951 1.978 2.004 2.030 2.057 2.149 2.291 2.433 2.575 2.717 2.860 3.002 3.190 3.384 3.563 3.727 3.876 4.009 4.126 4.228 4.315 4.386 4.442 4.482 4.643 4.912 5.222 5.574 5.967 6.401 6.877 7.394 7.953 8.552 9.194 9.876 10.214 10.256 10.261 10.231
0.704 0.785 0.867 0.952 1.039 1.127 1.218 1.310 1.405 1.501 1.518 1.499 1.478 1.455 1.431 1.404 1.375 1.345 1.312 1.278 1.241 1.203 1.234 1.301 1.363 1.422 1.477 1.528 1.576 1.620 1.660 1.696 1.816 1.960 2.100 2.242 2.384 2.526 2.668 2.810 2.952 3.094 3.236 3.379 3.521 3.663 3.811 3.952 4.077 4.186 4.281 4.359 4.423 4.471 4.503 4.520 4.522 4.508 4.688 5.102 5.557 6.054 6.592 7.171 7.792 8.454 9.157 9.902 10.688 11.515 11.960 11.873 11.751 11.592
0.712 0.799 0.889 0.981 1.074 1.170 1.267 1.367 1.468 1.571 1.604 1.579 1.551 1.521 1.490 1.456 1.420 1.383 1.343 1.302 1.258 1.213 1.218 1.271 1.321 1.484 1.650 1.809 1.962 2.108 2.248 2.382 2.510 2.631 2.759 2.901 3.043 3.185 3.327 3.469 3.611 3.754 3.896 4.039 4.181 4.324 4.448 4.534 4.605 4.660 4.700 4.725 4.734 4.728 4.706 4.669 4.617 4.549 4.692 5.251 5.852 6.493 7.176 7.900 8.666 9.472 10.320 11.210 12.140 13.112 13.737 13.523 13.273 12.986
0.717 0.812 0.908 1.007 1.107 1.210 1.314 1.421 1.529 1.639 1.693 1.660 1.626 1.589 1.551 1.510 1.467 1.436 1.499 1.572 1.655 1.748 1.872 2.034 2.190 2.340 2.483 2.619 2.750 2.874 2.992 3.103 3.209 3.308 3.416 3.559 3.701 3.843 3.985 4.128 4.270 4.413 4.555 4.698 4.841 4.984 5.099 5.131 5.148 5.149 5.135 5.105 5.060 5.000 4.924 4.833 4.727 4.605 4.657 5.360 6.105 6.892 7.719 8.588 9.498 10.450 11.442 12.476 13.551 14.668 15.547 15.205 14.827 14.412
0.720 0.822 0.925 1.031 1.138 1.248 1.359 1.472 1.588 1.705 1.804 1.833 1.872 1.921 1.980 2.048 2.126 2.214 2.312 2.419 2.536 2.663 2.800 2.940 3.073 3.200 3.321 3.435 3.544 3.645 3.741 3.830 3.913 3.990 4.073 4.215 4.357 4.500 4.642 4.785 4.928 5.070 5.213 5.356 5.499 5.642 5.764 5.742 5.705 5.652 5.584 5.500 5.401 5.287 5.157 5.012 4.852 4.676 4.581 5.429 6.319 7.250 8.222 9.235 10.290 11.386 12.523 13.701 14.921 16.181 17.389 16.919 16.413 15.870
0.721 0.830 0.940 1.081 1.251 1.424 1.601 1.782 1.966 2.154 2.331 2.395 2.468 2.551 2.644 2.746 2.859 2.981 3.112 3.254 3.405 3.566 3.733 3.850 3.961 4.066 4.165 4.257 4.343 4.422 4.495 4.562 4.623 4.677 4.728 4.871 5.013 5.156 5.298 5.441 5.584 5.727 5.870 6.013 6.156 6.299 6.443 6.368 6.276 6.169 6.047 5.910 5.757 5.589 5.405 5.206 4.992 4.762 4.517 5.457 6.492 7.567 8.684 9.841 11.040 12.281 13.562 14.722 15.750 16.756 17.739 17.037 16.213 15.412
0.963 1.134 1.309 1.488 1.671 1.857 2.046 2.240 2.437 2.638 2.842 2.945 3.052 3.170 3.297 3.433 3.580 3.736 3.902 4.077 4.263 4.458 4.662 4.766 4.855 4.937 5.014 5.083 5.147 5.204 5.255 5.300 5.338 5.370 5.396 5.525 5.668 5.811 5.953 6.096 6.239 6.382 6.526 6.669 6.812 6.956 7.099 7.008 6.862 6.702 6.526 6.334 6.127 5.905 5.667 5.415 5.146 4.863 4.564 5.445 6.583 7.691 8.776 9.838 10.878 11.895 12.890 13.863 14.812 15.740 16.644 16.232 15.489 14.769
1.327 1.511 1.699 1.891 2.086 2.285 2.487 2.694 2.903 3.117 3.334 3.484 3.625 3.777 3.938 4.109 4.289 4.480 4.679 4.889 5.109 5.338 5.576 5.688 5.754 5.814 5.868 5.916 5.957 5.992 6.020 6.043 6.059 6.069 6.072 6.178 6.321 6.464 6.607 6.750 6.894 7.037 7.180 7.324 7.467 7.611 7.754 7.663 7.463 7.248 7.018 6.773 6.512 6.188 5.860 5.538 5.221 4.911 4.606 5.244 6.295 7.324 8.331 9.315 10.277 11.216 12.132 13.026 13.897 14.746 15.573 15.407 14.745 14.106
1.686 1.883 2.084 2.288 2.496 2.708 2.923 3.142 3.365 3.591 3.821 4.011 4.187 4.373 4.568 4.773 4.987 5.212 5.446 5.689 5.943 6.206 6.479 6.614 6.658 6.696 6.728 6.753 6.772 6.785 6.791 6.791 6.785 6.773 6.754 6.831 6.974 7.117 7.260 7.404 7.547 7.690 7.834 7.978 8.121 8.265 8.280 8.089 7.746 7.409 7.078 6.753 6.433 6.120 5.812 5.510 5.214 4.924 4.640 5.057 6.030 6.980 7.908 8.814 9.697 10.558 11.396 12.212 13.005 13.776 14.524 14.561 13.980 13.422
2.041 2.251 2.464 2.682 2.902 3.127 3.355 3.587 3.822 4.061 4.304 4.528 4.738 4.957 5.186 5.425 5.674 5.932 6.200 6.478 6.766 7.063 7.370 7.546 7.568 7.583 7.593 7.596 7.593 7.583 7.567 7.545 7.517 7.482 7.441 7.482 7.625 7.769 7.888 7.871 7.863 7.864 7.874 7.893 7.921 7.958 8.004 7.892 7.569 7.253 6.942 6.637 6.338 6.045 5.758 5.477 5.202 4.932 4.669 4.891 5.786 6.658 7.508 8.335 9.140 9.923 10.682 11.420 12.135 12.827 13.497 13.695 13.195 12.717
2.391 2.614 2.840 3.070 3.304 3.541 3.782 4.026 4.275 4.526 4.782 5.033 5.277 5.530 5.794 6.067 6.349 6.642 6.944 7.256 7.577 7.908 8.249 8.483 8.482 8.476 8.463 8.444 8.418 8.387 8.349 8.251 8.022 7.784 7.539 7.360 7.348 7.345 7.350 7.365 7.388 7.421 7.463 7.513 7.573 7.641 7.719 7.689 7.387 7.091 6.801 6.516 6.238 5.966 5.699 5.438 5.183 4.935 4.691 4.748 5.564 6.358 7.130 7.879 8.605 9.309 9.991 10.650 11.287 11.901 12.493 12.808 12.389 11.992
2.737 2.972 3.211 3.454 3.700 3.951 4.204 4.461 4.722 4.987 5.255 5.527 5.805 6.092 6.390 6.697 7.013 7.340 7.676 8.021 8.377 8.742 9.117 9.425 9.323 9.122 8.913 8.696 8.471 8.238 7.997 7.748 7.490 7.224 6.950 6.719 6.739 6.767 6.804 6.850 6.906 6.970 7.043 7.125 7.216 7.316 7.425 7.480 7.199 6.923 6.654 6.390 6.132 5.880 5.634 5.394 5.160 4.931 4.708 4.626 5.364 6.080 6.773 7.444 8.092 8.718 9.322 9.903 10.462 10.998 11.512 11.901 11.562 11.246
3.078 3.326 3.578 3.833 4.093 4.355 4.622 4.892 5.165 5.443 5.724 6.009 6.321 6.643 6.974 7.315 7.666 7.955 8.198 8.431 8.655 8.868 9.072 9.250 9.029 8.799 8.562 8.317 8.063 7.802 7.532 7.254 6.968 6.673 6.371 6.070 6.121 6.181 6.250 6.327 6.414 6.510 6.614 6.728 6.851 6.982 7.123 7.266 7.005 6.750 6.501 6.258 6.021 5.789 5.563 5.344 5.130 4.922 4.720 4.526 5.186 5.823 6.439 7.031 7.602 8.149 8.675 9.178 9.659 10.117 10.553 10.966 10.715 10.480
3.414 3.675 3.940 4.208 4.480 4.756 5.035 5.317 5.604 5.894 6.151 6.391 6.655 6.913 7.160 7.398 7.627 7.845 8.054 8.253 8.442 8.621 8.791 8.950 8.744 8.486 8.220 7.946 7.664 7.374 7.075 6.769 6.454 6.132 5.801 5.462 5.495 5.587 5.687 5.796 5.914 6.041 6.178 6.323 6.477 6.640 6.812 6.993 6.806 6.571 6.343 6.120 5.903 5.692 5.487 5.288 5.095 4.907 4.726 4.550 5.029 5.589 6.126 6.641 7.133 7.603 8.050 8.475 8.878 9.258 9.616 9.951 9.847 9.693
3.746 4.020 4.297 4.580 4.853 5.117 5.372 5.617 5.852 6.079 6.295 6.503 6.727 6.950 7.164 7.368 7.562 7.746 7.920 8.085 8.240 8.385 8.520 8.646 8.468 8.181 7.887 7.585 7.274 6.955 6.628 6.293 5.950 5.599 5.240 4.872 4.861 4.984 5.116 5.256 5.406 5.565 5.732 5.909 6.094 6.289 6.492 6.705 6.601 6.387 6.179 5.977 5.781 5.590 5.405 5.227 5.054 4.887 4.726 4.570 4.895 5.376 5.835 6.272 6.686 7.078 7.448 7.819 8.211 8.587 8.946 9.289 9.335 9.277
4.189 4.458 4.717 4.966 5.206 5.437 5.659 5.871 6.073 6.266 6.450 6.624 6.809 6.998 7.178 7.347 7.507 7.657 7.797 7.927 8.048 8.159 8.260 8.351 8.201 7.886 7.563 7.232 6.893 6.546 6.191 5.827 5.456 5.076 4.688 4.292 4.218 4.373 4.536 4.708 4.889 5.080 5.279 5.487 5.703 5.929 6.164 6.408 6.391 6.198 6.010 5.828 5.652 5.482 5.318 5.160 5.007 4.861 4.720 4.585 4.803 5.253 5.687 6.104 6.504 6.889 7.257 7.608 7.943 8.262 8.564 8.849 8.937 8.901
4.684 4.919 5.145 5.362 5.569 5.767 5.955 6.134 6.304 6.464 6.614 6.756 6.902 7.057 7.202 7.337 7.463 7.578 7.684 7.781 7.867 7.944 8.011 8.068 7.942 7.599 7.248 6.889 6.521 6.145 5.762 5.370 4.970 4.562 4.146 3.721 3.568 3.753 3.948 4.152 4.364 4.586 4.816 5.056 5.304 5.561 5.828 6.103 6.175 6.002 5.835 5.674 5.519 5.384 5.268 5.164 5.070 4.986 4.914 4.852 5.008 5.401 5.777 6.137 6.481 6.808 7.118 7.413 7.691 7.952 8.197 8.426 8.534 8.518
5.189 5.391 5.584 5.767 5.942 6.106 6.261 6.407 6.544 6.671 6.789 6.897 7.005 7.126 7.237 7.338 7.429 7.511 7.582 7.644 7.697 7.739 7.772 7.795 7.693 7.322 6.942 6.554 6.158 5.754 5.342 4.922 4.493 4.057 3.612 3.160 2.908 3.126 3.352 3.587 3.831 4.084 4.346 4.616 4.896 5.185 5.524 5.839 5.986 5.854 5.733 5.623 5.523 5.434 5.356 5.289 5.233 5.187 5.152 5.128 5.229 5.564 5.884 6.186 6.473 6.743 6.996 7.233 7.454 7.658 7.846 8.018 8.125 8.131
5.703 5.872 6.032 6.183 6.324 6.455 6.578 6.690 6.794 6.888 6.973 7.048 7.119 7.205 7.282 7.349 7.406 7.453 7.491 7.519 7.537 7.545 7.544 7.533 7.453 7.053 6.645 6.229 5.804 5.372 4.931 4.483 4.026 3.561 3.088 2.607 2.241 2.490 2.747 3.229 3.699 4.125 4.507 4.845 5.138 5.388 5.594 5.755 5.838 5.744 5.660 5.587 5.525 5.474 5.434 5.404 5.385 5.377 5.380 5.393 5.465 5.743 6.005 6.251 6.480 6.693 6.890 7.070 7.233 7.381 7.511 7.626 7.711 7.739
6.235 6.363 6.490 6.607 6.716 6.814 6.903 6.983 7.054 7.115 7.167 7.209 7.242 7.294 7.337 7.370 7.393 7.406 7.410 7.403 7.387 7.362 7.326 7.281 7.222 6.794 6.357 5.912 5.460 4.999 4.530 4.056 3.779 3.555 3.383 3.263 3.208 3.656 4.060 4.420 4.736 5.008 5.236 5.420 5.560 5.656 5.708 5.715 5.679 5.622 5.577 5.541 5.517 5.503 5.500 5.508 5.527 5.556 5.596 5.647 5.717 5.938 6.143 6.331 6.504 6.659 6.799 6.922 7.028 7.119 7.193 7.250 7.292 7.341
6.873 6.864 6.957 7.042 7.117 7.183 7.239 7.286 7.324 7.352 7.371 7.380 7.380 7.394 7.403 7.401 7.390 7.369 7.339 7.299 7.249 7.189 7.119 7.040 6.945 6.532 6.123 5.767 5.463 5.212 5.013 4.867 4.773 4.732 4.744 4.808 4.924 5.198 5.448 5.654 5.816 5.934 6.008 6.039 6.025 5.967 5.865 5.719 5.530 5.491 5.482 5.485 5.498 5.522 5.556 5.602 5.658 5.725 5.802 5.891 5.990 6.148 6.296 6.428 6.543 6.641 6.724 6.790 6.839 6.873 6.890 6.890 6.874 6.938
7.530 7.374 7.435 7.486 7.528 7.561 7.585 7.599 7.603 7.599 7.585 7.561 7.528 7.504 7.479 7.443 7.398 7.332 7.231 7.120 7.000 6.871 6.732 6.583 6.425 6.185 5.960 5.787 5.667 5.599 5.584 5.622 5.711 5.854 6.049 6.296 6.596 6.783 6.879 6.931 6.939 6.904 6.824 6.701 6.533 6.322 6.067 5.767 5.424 5.349 5.378 5.418 5.468 5.530 5.602 5.685 5.778 5.883 5.998 6.123 6.260 6.374 6.465 6.539 6.597 6.639 6.664 6.674 6.666 6.643 6.603 6.546 6.474 6.530
8.205 7.893 7.921 7.940 7.949 7.949 7.940 7.921 7.893 7.855 7.799 7.712 7.602 7.497 7.401 7.295 7.180 7.055 6.921 6.777 6.624 6.461 6.289 6.107 5.916 5.784 5.742 5.753 5.816 5.932 6.100 6.321 6.594 6.920 7.298 7.729 8.212 8.410 8.352 8.251 8.106 7.916 7.683 7.406 7.085 6.721 6.312 5.859 5.363 5.196 5.263 5.340 5.428 5.527 5.637 5.757 5.888 6.030 6.182 6.345 6.519 6.615 6.649 6.666 6.668 6.652 6.621 6.573 6.509 6.428 6.331 6.218 6.089 6.116
8.898 8.423 8.418 8.421 8.413 8.384 8.331 8.255 8.157 8.036 7.893 7.726 7.537 7.363 7.234 7.095 6.946 6.788 6.621 6.444 6.258 6.062 5.856 5.641 5.417 5.328 5.470 5.664 5.911 6.210 6.561 6.965 7.422 7.931 8.492 9.106 9.772 10.080 9.868 9.614 9.315 8.972 8.586 8.155 7.681 7.163 6.601 5.995 5.345 5.033 5.137 5.252 5.377 5.514 5.661 5.818 5.987 6.166 6.356 6.556 6.768 6.872 6.848 6.809 6.753 6.681 6.593 6.488 6.375 6.254 6.109 5.941 5.750 5.726
9.770 9.203 9.162 9.098 9.011 8.901 8.769 8.613 8.435 8.235 8.011 7.765 7.496 7.240 7.078 6.905 6.724 6.533 6.332 6.122 5.902 5.673 5.435 5.186 4.929 4.818 5.143 5.521 5.950 6.433 6.967 7.555 8.194 8.886 9.630 10.427 11.276 11.792 11.427 11.019 10.567 10.071 9.531 8.947 8.320 7.648 6.933 6.174 5.371 4.860 5.001 5.153 5.316 5.490 5.674 5.869 6.075 6.292 6.519 6.757 7.005 7.166 7.126 7.064 6.978 6.869 6.736 6.580 6.401 6.199 5.973 5.724 5.451 5.339
10.714 10.064 9.943 9.799 9.632 9.443 9.230 8.995 8.738 8.458 8.154 7.829 7.480 7.128 6.932 6.726 6.512 6.287 6.053 5.810 5.557 5.295 5.023 4.742 4.451 4.254 4.762 5.323 5.936 6.601 7.319 8.089 8.911 9.786 10.713 11.692 12.724 13.547 13.029 12.467 11.862 11.213 10.520 9.783 9.002 8.178 7.309 6.397 5.441 4.676 4.854 5.044 5.244 5.455 5.744 6.075 6.397 6.710 7.013 7.308 7.593 7.782 7.661 7.517 7.350 7.160 6.946 6.709 6.449 6.165 5.859 5.528 5.175 4.947
11.648 10.990 10.747 10.524 10.277 10.008 9.716 9.402 9.065 8.705 8.322 7.917 7.489 7.038 6.796 6.558 6.310 6.052 5.785 5.509 5.223 4.928 4.623 4.308 3.985 3.651 4.326 5.070 5.866 6.714 7.615 8.568 9.573 10.630 11.740 12.902 14.117 15.344 14.673 13.958 13.200 12.398 11.551 10.661 9.728 8.750 7.729 6.786 5.845 4.926 5.271 5.607 5.934 6.251 6.559 6.858 7.148 7.429 7.700 7.963 8.216 8.419 8.218 7.993 7.745 7.473 7.178 6.860 6.519 6.154 5.767 5.356 4.921 4.550
