DATA/SHG/ECMWF/20170628/EN-15/20170704.en-15.asc
ncols        190
nrows        64
xllcorner    -5100000.000000000000
yllcorner    4130000.000000000000
cellsize     10000.000000000000
NODATA_value  -99999.000
[rows 32 to 63 of 64, columns 0 to 72 of 190]
11.466 8.843 8.409 8.184 7.944 7.689 7.419 7.133 6.832 6.516 6.185 5.838 5.476 5.100 4.825 4.549 4.264 3.972 3.671 3.362 3.044 2.719 2.385 2.043 1.693 1.335 1.275 1.220 1.164 1.108 1.052 0.996 0.939 0.883 0.825 0.768 0.710 0.654 0.694 0.722 0.741 0.749 0.746 0.734 0.710 0.677 0.633 0.691 0.775 0.841 1.044 1.238 1.425 1.605 1.776 1.941 2.097 2.246 2.388 2.522 2.648 2.822 3.520 4.202 4.868 5.519 6.154 6.774 7.378 7.966 8.538 9.095 9.636
13.510 10.304 9.300 9.021 8.728 8.419 8.095 7.756 7.402 7.033 6.648 6.248 5.833 5.403 5.077 4.771 4.458 4.137 3.807 3.469 3.123 2.769 2.406 2.036 1.657 1.270 1.159 1.103 1.047 0.990 0.933 0.876 0.818 0.760 0.702 0.644 0.585 0.526 0.521 0.514 0.675 0.854 1.006 1.131 1.229 1.300 1.343 1.360 1.349 1.311 1.468 1.636 1.796 1.949 2.095 2.233 2.363 2.486 2.601 2.708 2.808 2.901 3.520 4.148 4.760 5.356 5.937 6.502 7.052 7.586 8.104 8.607 9.094
15.735 11.947 10.205 9.874 9.527 9.165 8.788 8.395 7.988 7.565 7.127 6.674 6.206 5.722 5.337 5.003 4.661 4.310 3.952 3.585 3.211 2.828 2.436 2.037 1.629 1.214 1.044 0.987 0.929 0.872 0.814 0.756 0.697 0.804 0.955 1.137 1.350 1.593 1.782 1.921 2.032 2.117 2.174 2.204 2.208 2.184 2.132 2.054 1.949 1.816 1.898 2.040 2.174 2.301 2.420 2.532 2.635 2.732 2.821 2.902 2.975 3.041 3.535 4.108 4.666 5.209 5.735 6.246 6.742 7.221 7.685 8.134 8.567
18.141 13.772 11.127 10.742 10.342 9.927 9.496 9.050 8.590 8.114 7.622 7.116 6.595 6.058 5.605 5.242 4.872 4.493 4.106 3.710 3.307 2.895 2.475 2.047 1.611 1.169 1.001 1.044 1.118 1.223 1.358 1.524 1.720 1.947 2.205 2.494 2.813 3.163 3.355 3.399 3.415 3.405 3.368 3.304 3.212 3.093 2.948 2.775 2.575 2.348 2.336 2.452 2.559 2.660 2.752 2.837 2.915 2.985 3.047 3.102 3.150 3.189 3.565 4.084 4.588 5.076 5.548 6.005 6.446 6.872 7.282 7.676 8.055
20.729 15.778 12.064 11.626 11.172 10.704 10.220 9.721 9.207 8.678 8.134 7.574 6.999 6.410 5.882 5.491 5.091 4.684 4.266 3.843 3.430 3.028 2.636 2.255 1.884 1.524 1.363 1.513 1.694 1.905 2.147 2.420 2.723 3.057 3.422 3.818 4.244 4.701 4.953 4.902 4.824 4.720 4.588 4.429 4.243 4.029 3.789 3.522 3.227 2.906 2.781 2.870 2.951 3.025 3.092 3.150 3.202 3.245 3.281 3.310 3.331 3.344 3.609 4.075 4.524 4.958 5.376 5.779 6.166 6.538 6.894 7.234 7.558
23.496 17.965 13.017 12.525 12.018 11.497 10.960 10.408 9.840 9.258 8.660 8.038 7.369 6.672 6.006 5.578 5.159 4.752 4.355 3.968 3.592 3.226 2.871 2.526 2.192 1.868 1.692 1.949 2.236 2.554 2.903 3.283 3.693 4.134 4.606 5.108 5.641 6.204 6.577 6.431 6.259 6.060 5.833 5.580 5.299 4.991 4.657 4.295 3.906 3.490 3.233 3.295 3.350 3.398 3.438 3.470 3.495 3.513 3.523 3.525 3.520 3.507 3.669 4.080 4.476 4.855 5.220 5.568 5.901 6.219 6.520 6.807 7.077
26.445 20.333 14.057 13.440 12.885 12.312 11.712 11.084 10.429 9.746 9.035 8.297 7.532 6.739 5.938 5.545 5.164 4.793 4.432 4.082 3.742 3.413 3.094 2.786 2.488 2.201 1.988 2.352 2.746 3.171 3.627 4.113 4.630 5.178 5.756 6.365 7.005 7.675 8.226 7.986 7.719 7.425 7.104 6.756 6.381 5.979 5.550 5.094 4.611 4.100 3.691 3.727 3.756 3.778 3.791 3.797 3.796 3.787 3.771 3.747 3.715 3.676 3.744 4.101 4.442 4.768 5.078 5.372 5.651 5.915 6.367 6.976 7.614
28.380 22.110 16.004 14.490 13.849 13.179 12.483 11.758 11.007 10.227 9.420 8.586 7.724 6.835 5.918 5.502 5.157 4.822 4.498 4.184 3.881 3.589 3.306 3.035 2.773 2.523 2.282 2.722 3.223 3.755 4.318 4.911 5.534 6.189 6.874 7.589 8.335 9.112 9.901 9.566 9.205 8.817 8.401 7.959 7.490 6.993 6.470 5.919 5.342 4.737 4.156 4.167 4.169 4.164 4.151 4.131 4.104 4.069 4.026 3.976 3.918 3.852 3.833 4.261 4.771 5.309 5.876 6.470 7.093 7.744 8.423 9.130 9.865
29.036 23.337 17.803 15.579 14.841 14.076 13.283 12.462 11.614 10.738 9.835 8.905 7.946 6.961 5.948 5.448 5.139 4.841 4.553 4.276 4.009 3.753 3.507 3.272 3.047 2.833 2.629 3.060 3.668 4.307 4.976 5.675 6.406 7.166 7.958 8.780 9.633 10.516 11.430 11.172 10.717 10.234 9.724 9.188 8.624 8.033 7.415 6.771 6.099 5.400 4.674 4.613 4.589 4.558 4.519 4.472 4.465 4.495 4.550 4.631 4.737 4.868 5.025 5.605 6.212 6.848 7.512 8.204 8.924 9.673 10.449 11.254 12.086
29.512 24.384 19.421 16.697 15.863 15.001 14.112 13.195 12.250 11.279 10.279 9.252 8.198 7.116 6.007 5.382 5.110 4.848 4.597 4.356 4.126 3.906 3.697 3.498 3.310 3.132 2.964 3.366 4.080 4.825 5.601 6.407 7.244 8.111 9.009 9.938 10.897 11.887 12.907 12.804 12.254 11.677 11.073 10.442 9.784 9.099 8.387 7.648 6.882 6.029 5.193 5.002 4.993 5.010 5.051 5.118 5.211 5.328 5.471 5.640 5.834 6.053 6.297 6.920 7.625 8.358 9.120 9.909 10.727 11.572 12.446 13.348 14.278
29.808 25.251 20.858 17.844 16.914 15.955 14.970 13.957 12.916 11.848 10.753 9.630 8.479 7.302 6.096 5.306 5.070 4.845 4.630 4.426 4.232 4.048 3.875 3.713 3.561 3.419 3.288 3.639 4.460 5.312 6.194 7.106 8.050 9.023 10.028 11.063 12.128 13.224 14.351 14.461 13.816 13.145 12.176 11.218 10.295 9.407 8.553 7.733 6.948 6.197 5.481 5.282 5.361 5.465 5.595 5.750 5.930 6.136 6.367 6.623 6.905 7.212 7.544 8.206 9.009 9.839 10.698 11.585 12.500 13.443 14.414 15.413 16.441
29.925 25.938 22.115 19.020 17.993 16.939 15.857 14.748 13.611 12.447 11.256 10.037 8.790 7.516 6.215 5.218 5.019 4.830 4.652 4.484 4.326 4.179 4.042 3.916 3.801 3.696 3.601 3.880 4.807 5.765 6.754 7.773 8.822 9.903 11.007 11.849 12.663 13.451 14.210 14.194 13.252 12.346 11.473 10.635 9.832 9.063 8.328 7.628 6.963 6.332 5.735 5.536 5.703 5.895 6.113 6.355 6.624 6.917 7.236 7.580 7.950 8.345 8.765 9.463 10.363 11.291 12.247 13.232 14.244 15.284 16.353 17.449 18.574
29.861 26.445 23.192 20.225 19.102 17.951 16.773 15.568 14.336 13.075 11.788 10.473 9.131 7.761 6.364 5.120 4.957 4.804 4.662 4.531 4.409 4.299 4.199 4.109 4.029 3.961 3.902 4.081 5.020 5.931 6.815 7.672 8.501 9.303 10.078 10.825 11.544 12.237 12.901 13.098 12.276 11.489 10.736 10.018 9.334 8.685 8.070 7.489 6.943 6.432 5.955 5.765 6.020 6.300 6.605 6.936 7.292 7.673 8.080 8.512 8.969 9.451 9.959 10.692 11.689 12.714 13.768 14.849 15.959 17.096 18.262 19.456 20.677
29.619 26.772 24.088 21.568 20.239 18.993 17.719 16.418 15.089 13.733 12.349 10.939 9.500 8.035 6.542 5.021 4.884 4.767 4.662 4.566 4.474 4.360 4.252 4.148 4.048 3.953 3.862 3.845 4.689 5.506 6.295 7.057 7.791 8.498 9.178 9.830 10.455 11.052 11.622 11.969 11.267 10.599 9.966 9.367 8.803 8.273 7.778 7.316 6.890 6.498 6.140 5.968 6.311 6.679 7.072 7.490 7.934 8.403 8.897 9.417 9.962 10.532 11.128 11.891 12.986 14.109 15.259 16.438 17.645 18.879 20.142 21.433 22.752
29.197 26.919 24.805 22.853 21.406 20.063 18.693 17.296 15.872 14.420 12.940 11.434 9.899 8.310 6.677 5.075 4.724 4.608 4.497 4.390 4.288 4.191 4.098 4.009 3.925 3.845 3.770 3.699 4.388 5.109 5.804 6.471 7.110 7.722 8.307 8.864 9.394 9.897 10.372 10.806 10.224 9.676 9.162 8.683 8.238 7.827 7.451 7.110 6.802 6.529 6.291 6.146 6.577 7.032 7.513 8.019 8.551 9.107 9.689 10.297 10.929 11.587 12.270 13.063 14.254 15.474 16.722 17.998 19.301 20.633 21.993 23.381 24.797
28.597 26.887 25.341 23.958 22.601 21.162 19.565 17.820 16.107 14.426 12.776 11.157 9.570 8.014 6.490 4.997 4.472 4.372 4.276 4.185 4.099 4.017 3.939 3.866 3.797 3.733 3.673 3.618 4.115 4.742 5.341 5.913 6.458 6.975 7.465 7.927 8.363 8.770 9.151 9.504 9.147 8.719 8.324 7.964 7.639 7.348 7.091 6.869 6.681 6.527 6.408 6.323 6.817 7.360 7.929 8.523 9.142 9.786 10.456 11.151 11.871 12.616 13.387 14.205 15.494 16.811 18.156 19.528 20.929 22.358 23.815 25.300 26.795
27.564 26.110 24.702 23.341 21.837 20.139 18.473 16.837 15.233 13.661 12.120 10.611 9.133 7.686 6.271 4.887 4.215 4.131 4.051 3.975 3.904 3.838 3.776 3.718 3.665 3.617 3.573 3.533 3.871 4.402 4.907 5.384 5.834 6.257 6.652 7.020 7.360 7.673 7.959 8.218 8.038 7.728 7.453 7.213 7.006 6.834 6.697 6.594 6.525 6.490 6.490 6.525 7.032 7.663 8.319 9.001 9.707 10.439 11.196 11.979 12.787 13.620 14.478 15.361 16.705 18.092 19.193 20.251 21.264 22.234 23.160 24.042 24.880
25.531 24.237 22.990 21.789 20.495 18.906 17.348 15.822 14.327 12.864 11.432 10.031 8.662 7.325 6.018 4.743 3.954 3.885 3.821 3.761 3.706 3.655 3.608 3.566 3.529 3.496 3.467 3.443 3.655 4.092 4.502 4.884 5.240 5.567 5.868 6.141 6.387 6.606 6.797 6.961 6.894 6.704 6.548 6.427 6.340 6.287 6.269 6.285 6.335 6.420 6.539 6.692 7.222 7.940 8.684 9.453 10.247 11.067 11.905 12.689 13.427 14.117 14.761 15.357 16.285 17.278 18.229 19.135 19.997 20.816 21.591 22.322 23.009
23.450 22.317 21.230 20.188 19.119 17.640 16.191 14.774 13.388 12.034 10.711 9.419 8.159 6.930 5.733 4.567 3.689 3.635 3.587 3.542 3.502 3.467 3.436 3.410 3.388 3.370 3.357 3.348 3.468 3.810 4.125 4.413 4.674 4.907 5.113 5.292 5.443 5.567 5.663 5.733 5.718 5.647 5.610 5.608 5.640 5.706 5.807 5.942 6.111 6.315 6.553 6.868 7.601 8.505 9.362 10.172 10.935 11.650 12.319 12.941 13.516 14.044 14.525 14.959 15.665 16.507 17.306 18.062 18.773 19.441 20.064 20.644 21.181
21.322 20.349 19.421 18.540 17.705 16.341 15.002 13.693 12.417 11.171 9.957 8.774 7.623 6.503 5.415 4.357 3.419 3.381 3.348 3.319 3.295 3.275 3.259 3.249 3.242 3.240 3.243 3.249 3.309 3.557 3.778 3.971 4.137 4.275 4.387 4.471 4.528 4.557 4.559 4.534 4.508 4.556 4.638 4.755 4.985 5.438 5.903 6.380 6.869 7.369 7.882 8.406 9.036 9.777 10.471 11.119 11.719 12.272 12.779 13.238 13.651 14.016 14.335 14.606 15.087 15.779 16.427 17.031 17.592 18.108 18.581 19.011 19.396
19.146 18.332 17.565 16.844 16.168 15.011 13.780 12.581 11.413 10.276 9.171 8.097 7.054 6.043 5.063 4.115 3.198 3.122 3.105 3.091 3.083 3.078 3.078 3.083 3.092 3.105 3.123 3.146 3.179 3.332 3.458 3.557 3.629 3.673 3.690 3.679 3.641 3.664 3.859 4.084 4.365 4.812 5.270 5.741 6.223 6.717 7.223 7.741 8.271 8.812 9.366 9.931 10.515 11.094 11.625 12.110 12.548 12.939 13.283 13.580 13.830 14.034 14.190 14.299 14.553 15.093 15.590 16.044 16.453 16.819 17.141 17.420 17.654
16.922 16.268 15.661 15.099 14.583 13.648 12.526 11.435 10.376 9.348 8.352 7.387 6.453 5.550 4.679 3.839 3.031 2.859 2.857 2.859 2.866 2.877 2.893 2.913 2.937 2.966 3.000 3.038 3.080 3.136 3.187 3.276 3.396 3.545 3.724 3.933 4.171 4.440 4.738 5.067 5.426 5.914 6.413 6.925 7.448 7.983 8.530 9.089 9.659 10.242 10.836 11.442 12.039 12.455 12.824 13.147 13.422 13.651 13.833 13.968 14.055 14.096 14.091 14.038 14.060 14.450 14.796 15.099 15.358 15.573 15.744 15.872 15.956
14.650 14.156 13.708 13.307 12.950 12.253 11.240 10.258 9.307 8.388 7.500 6.644 5.818 5.025 4.262 3.531 2.831 2.592 2.605 2.623 2.645 2.672 2.703 2.743 2.788 2.829 2.867 2.902 2.934 3.044 3.208 3.400 3.623 3.876 4.158 4.471 4.813 5.185 5.587 6.018 6.480 7.002 7.543 8.095 8.659 9.235 9.823 10.423 11.034 11.658 12.293 12.940 13.598 13.861 14.068 14.228 14.341 14.408 14.427 14.400 14.326 14.205 14.037 13.822 13.610 13.849 14.045 14.197 14.305 14.370 14.390 14.368 14.301
12.331 11.997 11.708 11.466 11.269 10.825 9.921 9.048 8.206 7.395 6.616 5.868 5.151 4.466 3.812 3.189 2.621 2.373 2.425 2.474 2.520 2.563 2.603 2.640 2.673 2.704 2.731 2.755 2.777 2.931 3.197 3.494 3.820 4.176 4.562 4.977 5.423 5.898 6.403 6.938 7.503 8.077 8.659 9.252 9.857 10.474 11.103 11.743 12.396 13.060 13.736 14.423 15.123 15.311 15.356 15.354 15.305 15.209 15.067 14.877 14.641 14.358 14.028 13.651 13.228 13.291 13.336 13.337 13.295 13.209 13.079 12.906 12.689
9.964 9.789 9.660 9.577 9.540 9.366 8.570 7.806 7.072 6.427 5.829 5.249 4.689 4.147 3.623 3.119 2.633 2.337 2.378 2.417 2.452 2.484 2.513 2.539 2.562 2.582 2.599 2.612 2.623 2.786 3.156 3.556 3.985 4.445 4.934 5.453 6.001 6.580 7.188 7.826 8.494 9.139 9.762 10.396 11.042 11.699 12.369 13.050 13.743 14.448 15.165 15.894 16.634 16.805 16.688 16.524 16.313 16.055 15.751 15.400 15.001 14.556 14.065 13.526 12.941 12.776 12.670 12.521 12.328 12.091 11.811 11.488 11.120
7.549 7.534 7.714 7.932 8.140 8.286 7.677 7.088 6.517 5.965 5.432 4.917 4.422 3.945 3.486 3.047 2.626 2.305 2.335 2.363 2.387 2.409 2.427 2.442 2.455 2.464 2.469 2.472 2.472 2.611 3.084 3.587 4.120 4.682 5.275 5.897 6.549 7.230 7.942 8.683 9.454 10.188 10.851 11.526 12.213 12.911 13.621 14.344 15.078 15.823 16.581 17.350 18.132 18.344 18.065 17.739 17.366 16.947 16.480 15.967 15.407 14.800 14.147 13.446 12.699 12.302 12.046 11.747 11.403 11.355 11.426 11.509 11.604
6.571 6.774 6.967 7.148 7.320 7.480 7.001 6.476 5.970 5.483 5.015 4.566 4.135 3.723 3.330 2.955 2.599 2.275 2.295 2.312 2.326 2.337 2.344 2.349 2.350 2.348 2.344 2.336 2.325 2.405 2.981 3.587 4.223 4.889 5.585 6.310 7.065 7.850 8.664 9.509 10.383 11.223 11.927 12.643 13.370 14.110 14.861 15.624 16.398 17.185 17.983 18.793 19.615 19.928 19.487 18.999 18.464 17.882 17.254 16.579 15.857 15.089 14.419 13.841 13.327 13.145 13.208 13.284 13.372 13.473 13.585 13.710 13.848
5.910 6.076 6.232 6.377 6.512 6.636 6.304 5.845 5.404 4.982 4.579 4.194 3.828 3.481 3.153 2.843 2.552 2.280 2.259 2.265 2.268 2.268 2.265 2.259 2.249 2.237 2.221 2.203 2.181 2.168 2.848 3.557 4.296 5.065 5.863 6.692 7.550 8.438 9.355 10.303 11.280 12.245 12.990 13.746 14.514 15.295 16.086 16.890 17.706 18.533 19.372 20.223 21.086 21.555 20.952 20.127 19.320 18.578 17.900 17.286 16.737 16.251 15.831 15.474 15.182 15.080 15.186 15.303 15.434 15.576 15.731 15.898 16.077
5.261 5.391 5.510 5.618 5.716 5.804 5.589 5.194 4.818 4.461 4.123 3.803 3.502 3.220 2.957 2.712 2.486 2.278 2.226 2.221 2.213 2.203 2.189 2.172 2.152 2.128 2.102 2.073 2.040 2.005 2.683 3.495 4.338 5.209 6.111 7.042 8.003 8.994 10.015 11.065 12.145 13.253 14.039 14.836 15.645 16.466 17.299 18.143 18.717 19.256 19.800 20.351 20.907 21.286 20.572 19.923 19.338 18.818 18.361 17.969 17.641 17.378 17.179 17.044 16.974 17.001 17.149 17.309 17.481 17.666 17.862 18.072 18.293
4.624 4.718 4.800 4.872 4.933 4.984 4.854 4.524 4.213 3.921 3.647 3.392 3.156 2.939 2.740 2.560 2.399 2.257 2.196 2.180 2.162 2.140 2.116 2.088 2.057 2.024 1.987 1.947 1.903 1.857 2.488 3.403 4.348 5.323 6.328 7.362 8.426 9.520 10.643 11.796 12.979 13.917 14.489 15.014 15.544 16.080 16.622 17.169 17.723 18.282 18.846 19.417 19.993 20.575 20.084 19.657 19.293 18.994 18.760 18.589 18.483 18.441 18.464 18.550 18.701 18.908 19.098 19.300 19.514 19.741 19.980 20.231 20.495
4.000 4.057 4.103 4.138 4.163 4.177 4.099 3.835 3.588 3.361 3.152 2.962 2.791 2.638 2.504 2.389 2.293 2.215 2.169 2.143 2.114 2.082 2.046 2.008 1.967 1.922 1.874 1.824 1.770 1.713 2.261 3.280 4.328 5.406 6.418 7.402 8.360 9.291 10.196 11.075 11.928 12.754 13.370 13.915 14.465 15.021 15.583 16.151 16.724 17.303 17.888 18.478 19.074 19.676 19.533 19.327 19.186 19.108 19.095 19.146 19.261 19.441 19.685 19.993 20.365 20.801 21.033 21.277 21.534 21.802 22.083 22.376 22.682
3.389 3.409 3.418 3.417 3.405 3.383 3.326 3.126 2.944 2.782 2.638 2.512 2.406 2.318 2.249 2.198 2.167 2.154 2.146 2.109 2.069 2.026 1.980 1.931 1.879 1.824 1.766 1.727 1.691 1.659 2.079 3.078 4.050 4.996 5.916 6.810 7.677 8.518 9.333 10.121 10.883 11.619 12.246 12.811 13.381 13.957 14.539 15.127 15.720 16.319 16.924 17.535 18.151 18.773 18.920 18.935 19.015 19.159 19.367 19.640 19.976 20.377 20.842 21.372 21.965 22.623 22.954 23.241 23.539 23.850 24.173 24.508 24.855
