DATA/SHG/ECMWF/20170628/EN-15/20170701.en-15.asc
ncols        190
nrows        64
xllcorner    -5100000.000000000000
yllcorner    4130000.000000000000
cellsize     10000.000000000000
NODATA_value  -99999.000
[rows 0 to 31 of 64, columns 0 to 71 of 190]
2.471 2.795 3.129 3.474 3.828 4.192 4.566 4.951 5.345 5.590 5.784 5.977 6.167 6.356 6.542 6.727 6.910 7.091 7.270 7.397 7.504 7.560 7.586 7.603 7.613 7.614 7.607 7.592 7.568 7.536 7.496 7.448 7.391 7.398 7.450 7.502 7.554 7.606 7.658 7.710 7.763 7.815 7.867 7.920 7.972 7.867 7.635 7.416 7.212 7.022 6.846 6.685 6.538 6.405 6.287 6.183 6.093 5.958 5.763 5.576 5.396 5.224 5.060 4.904 4.756 4.615 4.482 4.357 4.240 4.099 3.895 3.671
2.669 3.028 3.398 3.778 4.167 4.567 4.977 5.396 5.826 6.112 6.299 6.485 6.610 6.730 6.847 6.959 7.068 7.174 7.275 7.373 7.467 7.511 7.508 7.496 7.476 7.449 7.412 7.368 7.316 7.255 7.186 7.108 7.023 6.998 7.050 7.102 7.155 7.207 7.260 7.312 7.365 7.417 7.470 7.523 7.576 7.532 7.350 7.182 7.028 6.888 6.763 6.652 6.555 6.472 6.404 6.350 6.310 6.236 6.068 5.908 5.755 5.611 5.474 5.345 5.224 5.110 5.005 4.907 4.817 4.689 4.416 4.123
2.855 3.250 3.655 4.070 4.495 4.912 5.316 5.707 6.084 6.339 6.457 6.571 6.682 6.789 6.892 6.992 7.087 7.179 7.268 7.352 7.433 7.470 7.438 7.398 7.349 7.292 7.227 7.154 7.072 6.982 6.884 6.778 6.664 6.598 6.651 6.703 6.756 6.809 6.861 6.914 6.967 7.020 7.073 7.126 7.180 7.184 7.052 6.934 6.830 6.740 6.665 6.604 6.557 6.525 6.507 6.503 6.513 6.505 6.364 6.232 6.106 5.989 5.880 5.778 5.684 5.598 5.519 5.448 5.373 5.251 4.919 4.591
3.185 3.609 4.019 4.416 4.799 5.170 5.526 5.870 6.200 6.454 6.559 6.660 6.757 6.851 6.941 7.028 7.110 7.189 7.264 7.336 7.403 7.439 7.377 7.308 7.230 7.144 7.050 6.948 6.838 6.719 6.592 6.457 6.313 6.199 6.252 6.304 6.357 6.411 6.464 6.517 6.570 6.624 6.677 6.731 6.784 6.822 6.739 6.672 6.618 6.579 6.553 6.542 6.546 6.563 6.595 6.641 6.702 6.767 6.653 6.548 6.457 6.448 6.419 6.372 6.306 6.220 6.116 5.992 5.850 5.689 5.373 5.059
3.693 4.069 4.432 4.782 5.118 5.441 5.751 6.047 6.330 6.572 6.664 6.752 6.837 6.917 6.994 7.067 7.137 7.203 7.265 7.323 7.378 7.416 7.326 7.227 7.121 7.006 6.883 6.751 6.612 6.464 6.308 6.144 5.972 5.800 5.853 5.906 5.960 6.013 6.067 6.120 6.174 6.227 6.281 6.335 6.389 6.443 6.413 6.396 6.392 6.403 6.428 6.467 6.520 6.623 6.851 7.086 7.328 7.578 7.582 7.544 7.486 7.410 7.315 7.201 7.068 6.915 6.744 6.554 6.345 6.117 5.823 5.523
4.215 4.544 4.860 5.162 5.451 5.727 5.989 6.238 6.474 6.695 6.774 6.849 6.920 6.987 7.051 7.111 7.168 7.220 7.269 7.315 7.356 7.394 7.282 7.155 7.020 6.876 6.724 6.564 6.395 6.219 6.034 5.841 5.640 5.431 5.455 5.509 5.562 5.616 5.670 5.724 5.778 5.832 5.886 5.940 5.994 6.049 6.144 6.346 6.555 6.772 6.996 7.227 7.466 7.712 7.965 8.225 8.493 8.768 8.762 8.657 8.533 8.390 8.228 8.047 7.847 7.628 7.390 7.133 6.857 6.562 6.268 5.983
4.751 5.033 5.302 5.557 5.798 6.027 6.242 6.444 6.632 6.807 6.887 6.949 7.007 7.061 7.112 7.159 7.202 7.242 7.278 7.310 7.338 7.363 7.248 7.092 6.927 6.755 6.574 6.385 6.188 5.982 5.769 5.547 5.317 5.079 5.057 5.111 5.165 5.220 5.274 5.433 5.670 5.905 6.138 6.368 6.597 6.823 7.045 7.273 7.508 7.750 7.999 8.256 8.520 8.791 9.070 9.355 9.648 9.949 9.959 9.787 9.596 9.386 9.158 8.910 8.643 8.357 8.053 7.729 7.386 7.025 6.709 6.437
5.301 5.536 5.757 5.965 6.160 6.341 6.509 6.663 6.804 6.932 7.004 7.053 7.098 7.139 7.177 7.211 7.241 7.267 7.290 7.309 7.325 7.336 7.222 7.037 6.844 6.642 6.433 6.215 5.989 5.754 5.512 5.261 5.136 5.063 5.183 5.423 5.660 5.896 6.130 6.361 6.590 6.817 7.042 7.265 7.486 7.704 7.938 8.191 8.451 8.719 8.994 9.276 9.565 9.862 10.166 10.477 10.795 11.121 11.173 10.934 10.677 10.400 10.104 9.790 9.456 9.104 8.733 8.342 7.933 7.505 7.145 6.888
5.865 6.052 6.226 6.387 6.535 6.669 6.789 6.897 6.991 7.072 7.125 7.160 7.192 7.221 7.245 7.266 7.283 7.297 7.306 7.312 7.315 7.313 7.206 6.991 6.769 6.643 6.534 6.435 6.347 6.268 6.200 6.142 6.095 6.057 6.149 6.382 6.612 6.840 7.066 7.289 7.511 7.730 7.948 8.163 8.376 8.587 8.822 9.101 9.386 9.679 9.979 10.287 10.602 10.924 11.253 11.589 11.933 12.284 12.403 12.098 11.774 11.430 11.068 10.687 10.287 9.868 9.430 8.973 8.497 8.003 7.577 7.334
6.442 6.583 6.710 6.823 6.924 7.011 7.084 7.145 7.192 7.226 7.250 7.272 7.291 7.306 7.318 7.325 7.329 7.336 7.392 7.456 7.527 7.606 7.620 7.516 7.422 7.339 7.265 7.202 7.150 7.107 7.075 7.053 7.041 7.040 7.117 7.341 7.564 7.784 8.002 8.218 8.432 8.644 8.854 9.061 9.266 9.470 9.698 10.002 10.313 10.631 10.957 11.289 11.629 11.977 12.331 12.693 13.062 13.439 13.651 13.279 12.888 12.478 12.049 11.601 11.135 10.649 10.144 9.621 9.079 8.518 8.004 7.775
7.034 7.127 7.207 7.273 7.327 7.367 7.393 7.407 7.407 7.394 7.382 7.411 7.447 7.492 7.544 7.604 7.671 7.746 7.829 7.919 8.017 8.123 8.196 8.128 8.070 8.022 7.985 7.958 7.941 7.935 7.938 7.952 7.976 8.011 8.085 8.302 8.517 8.729 8.940 9.148 9.355 9.559 9.761 9.960 10.158 10.354 10.565 10.894 11.230 11.574 11.925 12.283 12.648 13.021 13.401 13.788 14.183 14.584 14.915 14.476 14.018 13.542 13.047 12.532 11.999 11.447 10.876 10.286 9.678 9.050 8.427 8.213
7.639 7.685 7.718 7.708 7.673 7.645 7.622 7.604 7.593 7.588 7.593 7.649 7.713 7.784 7.864 7.950 8.045 8.147 8.256 8.374 8.499 8.632 8.760 8.728 8.706 8.694 8.693 8.702 8.721 8.750 8.789 8.839 8.899 8.969 9.054 9.263 9.470 9.675 9.878 10.079 10.278 10.474 10.668 10.860 11.050 11.238 11.424 11.778 12.139 12.508 12.885 13.268 13.659 14.057 14.462 14.874 15.294 15.721 16.155 15.690 15.166 14.623 14.061 13.481 12.881 12.262 11.625 10.881 10.090 9.330 8.601 8.300
7.851 7.820 7.794 7.774 7.760 7.752 7.749 7.753 7.762 7.778 7.799 7.879 7.970 8.068 8.174 8.288 8.410 8.539 8.675 8.820 8.972 9.132 9.299 9.316 9.330 9.355 9.389 9.434 9.488 9.554 9.629 9.714 9.810 9.916 10.033 10.225 10.425 10.622 10.817 11.010 11.201 11.390 11.577 11.761 11.944 12.124 12.302 12.653 13.040 13.434 13.836 14.244 14.660 15.084 15.514 15.952 16.397 16.849 17.308 16.921 16.097 15.198 14.330 13.493 12.687 11.911 11.167 10.453 9.770 9.118 8.497 8.185
7.848 7.837 7.832 7.833 7.839 7.852 7.870 7.895 7.925 7.961 8.003 8.101 8.218 8.344 8.477 8.617 8.766 8.922 9.085 9.257 9.436 9.622 9.817 9.893 9.943 10.003 10.073 10.154 10.244 10.345 10.457 10.578 10.709 10.851 11.003 11.188 11.380 11.569 11.757 11.943 12.126 12.307 12.486 12.663 12.838 13.010 13.181 13.519 13.932 14.351 14.778 15.212 15.653 15.830 15.946 16.047 16.136 16.210 16.272 15.708 14.886 14.096 13.336 12.606 11.908 11.240 10.603 9.997 9.422 8.877 8.364 8.062
7.839 7.848 7.864 7.885 7.913 7.946 7.985 8.030 8.081 8.137 8.200 8.313 8.458 8.610 8.770 8.938 9.113 9.296 9.487 9.685 9.891 10.104 10.326 10.459 10.544 10.640 10.746 10.862 10.989 11.125 11.272 11.429 11.597 11.774 11.962 12.151 12.336 12.518 12.698 12.876 13.051 13.225 13.396 13.565 13.733 13.898 13.812 13.865 14.014 14.150 14.273 14.382 14.477 14.559 14.627 14.682 14.723 14.751 14.765 14.362 13.648 12.965 12.313 11.691 11.101 10.540 10.011 9.513 9.045 8.608 8.201 7.931
7.822 7.853 7.889 7.931 7.979 8.033 8.093 8.158 8.230 8.307 8.390 8.517 8.689 8.868 9.055 9.250 9.452 9.662 9.879 10.104 10.337 10.578 10.826 11.012 11.134 11.265 11.407 11.559 11.721 11.894 12.076 12.269 12.472 12.685 12.909 13.116 13.292 13.467 13.606 13.543 13.473 13.396 13.313 13.222 13.125 13.020 12.909 12.891 12.994 13.082 13.158 13.219 13.268 13.302 13.324 13.331 13.325 13.306 13.273 12.989 12.383 11.807 11.262 10.748 10.265 9.812 9.391 8.999 8.639 8.310 8.011 7.791
7.800 7.851 7.908 7.971 8.039 8.114 8.194 8.280 8.373 8.471 8.574 8.713 8.911 9.118 9.331 9.553 9.782 10.019 10.263 10.515 10.775 11.042 11.317 11.555 11.712 11.879 12.057 12.244 12.442 12.650 12.869 13.036 13.065 13.094 13.123 13.124 13.057 12.984 12.904 12.817 12.723 12.622 12.515 12.400 12.278 12.149 12.014 11.933 11.988 12.029 12.058 12.072 12.073 12.061 12.035 11.996 11.943 11.876 11.797 11.588 11.089 10.621 10.184 9.777 9.401 9.056 8.742 8.458 8.205 7.983 7.791 7.643
7.771 7.843 7.920 8.004 8.093 8.188 8.289 8.396 8.509 8.627 8.752 8.900 9.125 9.358 9.599 9.847 10.103 10.367 10.638 10.917 11.203 11.498 11.799 12.085 12.201 12.231 12.261 12.291 12.320 12.350 12.379 12.408 12.437 12.466 12.494 12.503 12.413 12.315 12.211 12.100 11.982 11.856 11.724 11.585 11.439 11.287 11.127 10.989 10.997 10.991 10.972 10.940 10.894 10.835 10.762 10.676 10.576 10.462 10.335 10.159 9.767 9.407 9.077 8.778 8.509 8.271 8.064 7.888 7.742 7.627 7.543 7.486
7.736 7.828 7.926 8.030 8.140 8.256 8.377 8.505 8.638 8.777 8.922 9.078 9.330 9.590 9.858 10.133 10.416 10.607 10.749 10.897 11.052 11.213 11.380 11.548 11.578 11.608 11.637 11.666 11.695 11.724 11.753 11.782 11.810 11.838 11.866 11.891 11.776 11.654 11.526 11.390 11.248 11.099 10.942 10.779 10.609 10.432 10.248 10.059 10.021 9.968 9.902 9.823 9.730 9.624 9.504 9.370 9.223 9.063 8.889 8.702 8.418 8.165 7.942 7.750 7.589 7.459 7.359 7.289 7.251 7.243 7.266 7.319
7.694 7.807 7.925 8.050 8.181 8.317 8.459 8.607 8.761 8.921 8.978 8.986 9.100 9.232 9.371 9.516 9.668 9.826 9.991 10.161 10.339 10.522 10.712 10.908 10.956 10.985 11.014 11.043 11.072 11.100 11.128 11.156 11.184 11.212 11.240 11.267 11.147 11.001 10.849 10.689 10.522 10.349 10.169 9.981 9.787 9.586 9.377 9.162 9.059 8.960 8.847 8.720 8.581 8.427 8.260 8.080 7.886 7.679 7.458 7.224 7.041 6.895 6.780 6.695 6.641 6.617 6.625 6.663 6.731 6.830 6.960 7.120
7.645 7.779 7.918 8.048 8.150 8.225 8.274 8.296 8.290 8.258 8.199 8.113 8.200 8.355 8.517 8.685 8.859 9.039 9.226 9.420 9.620 9.826 10.038 10.257 10.335 10.364 10.392 10.421 10.449 10.477 10.505 10.532 10.560 10.587 10.614 10.641 10.526 10.356 10.180 9.996 9.805 9.607 9.403 9.191 8.973 8.747 8.515 8.276 8.112 7.966 7.806 7.633 7.446 7.246 7.032 6.805 6.564 6.310 6.043 5.762 5.636 5.597 5.589 5.611 5.664 5.748 5.862 6.024 6.221 6.421 6.621 6.824
7.775 7.864 7.925 7.960 7.968 7.949 7.903 7.830 7.731 7.604 7.451 7.270 7.295 7.472 7.657 7.847 8.044 8.247 8.457 8.673 8.895 9.123 9.359 9.600 9.715 9.744 9.772 9.799 9.827 9.855 9.882 9.909 9.936 9.963 9.989 10.016 9.914 9.719 9.518 9.310 9.096 8.874 8.645 8.409 8.167 7.917 7.661 7.398 7.180 6.987 6.780 6.560 6.327 6.079 5.819 5.545 5.257 4.956 4.642 4.314 4.276 4.468 4.662 4.857 5.054 5.253 5.453 5.655 5.858 6.063 6.270 6.478
8.001 7.995 7.962 7.902 7.816 7.702 7.562 7.395 7.201 6.980 6.732 6.458 6.384 6.584 6.791 7.004 7.223 7.449 7.681 7.919 8.164 8.415 8.673 8.937 9.097 9.124 9.152 9.179 9.206 9.233 9.260 9.287 9.313 9.339 9.366 9.391 9.309 9.090 8.865 8.633 8.394 8.148 7.895 7.636 7.369 7.095 6.815 6.528 6.263 6.023 5.769 5.502 5.222 4.991 4.799 4.609 4.421 4.236 4.053 3.873 3.866 4.064 4.263 4.464 4.667 4.871 5.077 5.285 5.494 5.704 5.917 6.131
8.256 8.155 8.028 7.874 7.693 7.485 7.251 6.989 6.701 6.386 6.044 5.675 5.467 5.690 5.919 6.155 6.397 6.645 6.900 7.161 7.428 7.702 7.982 8.268 8.479 8.506 8.533 8.560 8.587 8.613 8.639 8.666 8.692 8.717 8.743 8.768 8.712 8.469 8.220 7.964 7.701 7.431 7.154 6.870 6.579 6.282 6.016 5.763 5.528 5.332 5.138 4.947 4.758 4.572 4.388 4.206 4.027 3.851 3.676 3.505 3.454 3.658 3.863 4.070 4.279 4.489 4.700 4.913 5.128 5.345 5.563 5.783
8.540 8.345 8.124 7.875 7.600 7.298 6.969 6.614 6.231 5.822 5.386 4.923 4.545 4.790 5.042 5.300 5.565 5.835 6.112 6.396 6.686 6.982 7.284 7.593 7.862 7.889 7.915 7.942 7.968 7.994 8.020 8.045 8.071 8.096 8.121 8.146 8.123 7.856 7.583 7.321 7.062 6.806 6.550 6.297 6.045 5.795 5.546 5.299 5.064 4.876 4.691 4.508 4.328 4.150 3.975 3.802 3.631 3.463 3.298 3.135 3.042 3.251 3.462 3.675 3.889 4.105 4.322 4.541 4.762 4.984 5.208 5.433
8.856 8.564 8.248 7.906 7.537 7.141 6.718 6.268 5.791 5.288 4.758 4.201 3.617 3.885 4.159 4.440 4.727 5.020 5.319 5.625 5.938 6.256 6.581 6.913 7.247 7.273 7.299 7.325 7.350 7.376 7.401 7.426 7.452 7.481 7.513 7.548 7.578 7.320 7.064 6.810 6.557 6.306 6.057 5.809 5.563 5.318 5.076 4.834 4.597 4.418 4.241 4.067 3.896 3.726 3.560 3.396 3.234 3.074 2.918 2.763 2.629 2.844 3.060 3.279 3.499 3.720 3.943 4.168 4.394 4.622 4.852 5.083
9.235 8.813 8.403 7.966 7.503 7.013 6.496 5.952 5.381 4.784 4.160 3.509 2.831 2.974 3.271 3.574 3.883 4.199 4.521 4.849 5.184 5.525 5.872 6.226 6.585 6.646 6.665 6.686 6.711 6.738 6.769 6.802 6.838 6.878 6.920 6.965 7.013 6.797 6.547 6.298 6.051 5.806 5.562 5.320 5.080 4.841 4.604 4.369 4.135 3.958 3.790 3.625 3.462 3.301 3.143 2.987 2.834 2.684 2.535 2.389 2.246 2.435 2.657 2.881 3.107 3.334 3.563 3.793 4.025 4.259 4.494 4.731
9.646 9.090 8.586 8.056 7.498 6.914 6.303 5.665 5.001 4.310 3.592 2.847 2.075 2.057 2.376 2.702 3.034 3.427 3.914 4.356 4.753 5.104 5.410 5.670 5.886 5.957 5.986 6.018 6.053 6.091 6.132 6.176 6.222 6.272 6.324 6.380 6.438 6.273 6.028 5.786 5.544 5.305 5.067 4.831 4.596 4.363 4.132 3.902 3.674 3.497 3.337 3.181 3.026 2.874 2.725 2.578 2.433 2.291 2.151 2.014 1.879 2.025 2.253 2.483 2.714 2.947 3.182 3.418 3.656 3.895 4.136 4.379
10.088 9.397 8.799 8.175 7.523 6.845 6.140 5.409 4.650 3.865 3.186 2.640 2.078 2.118 2.628 3.093 3.512 3.886 4.214 4.498 4.736 4.928 5.076 5.178 5.235 5.267 5.306 5.348 5.394 5.442 5.493 5.547 5.604 5.664 5.727 5.793 5.861 5.748 5.509 5.272 5.036 4.803 4.571 4.340 4.111 3.884 3.659 3.435 3.212 3.033 2.883 2.734 2.589 2.445 2.304 2.166 2.030 1.896 1.765 1.637 1.510 1.614 1.848 2.083 2.320 2.559 2.799 3.041 3.285 3.530 3.776 4.025
10.562 9.733 9.042 8.478 7.988 7.483 6.960 6.422 5.868 5.297 4.710 4.106 3.487 3.259 3.610 3.916 4.176 4.392 4.562 4.687 4.767 4.801 4.790 4.734 4.632 4.574 4.624 4.676 4.732 4.790 4.852 4.916 4.984 5.054 5.127 5.203 5.282 5.221 4.989 4.757 4.528 4.300 4.073 3.849 3.626 3.404 3.184 2.966 2.750 2.568 2.426 2.287 2.149 2.015 1.882 1.752 1.625 1.500 1.378 1.257 1.140 1.202 1.442 1.683 1.926 2.170 2.416 2.663 2.933 3.223 3.495 3.751
12.063 11.464 10.949 10.418 9.872 9.308 8.729 8.133 7.521 6.893 6.248 5.588 4.911 4.446 4.639 4.786 4.888 4.945 4.957 4.924 4.845 4.721 4.552 4.338 4.078 3.879 3.939 4.002 4.068 4.137 4.209 4.283 4.361 4.442 4.525 4.612 4.701 4.694 4.467 4.242 4.018 3.796 3.575 3.356 3.139 2.923 2.709 2.497 2.286 2.101 1.968 1.837 1.708 1.582 1.458 1.337 1.218 1.102 0.988 0.876 0.767 0.846 1.196 1.529 1.845 2.144 2.425 2.690 2.937 3.168 3.381 3.577
14.023 13.534 12.963 12.374 11.770 11.150 10.513 9.860 9.190 8.505 7.803 7.085 6.351 5.680 5.714 5.704 5.648 5.546 5.400 5.208 4.972 4.690 4.362 3.990 3.572 3.182 3.252 3.325 3.402 3.481 3.563 3.648 3.736 3.827 3.921 4.018 4.117 4.167 3.945 3.725 3.507 3.291 3.076 2.863 2.651 2.441 2.233 2.026 1.821 1.633 1.508 1.385 1.265 1.148 1.230 1.405 1.518 1.570 1.560 1.489 1.357 1.283 1.573 1.847 2.103 2.342 2.565 2.770 2.958 3.129 3.283 3.420
