DATA/SHG/ECMWF/20170628/EN-8/20170706.en-8.asc
ncols        190
nrows        64
xllcorner    -5100000.000000000000
yllcorner    4130000.000000000000
cellsize     10000.000000000000
NODATA_value  -99999.000
[rows 0 to 32 of 64, columns 74 to 147 of 190]
4.934 5.520 6.103 6.685 7.266 7.845 8.422 8.851 8.938 9.013 9.086 9.158 9.229 9.299 9.367 9.433 9.498 9.562 9.625 9.631 9.451 9.268 9.075 8.871 8.658 8.435 8.201 7.958 7.705 7.441 7.168 6.875 6.552 6.234 5.923 5.618 5.319 5.027 4.741 4.461 4.187 3.919 3.658 3.400 3.138 2.884 2.639 2.402 2.173 1.952 1.740 1.536 1.340 1.152 0.973 0.831 0.779 0.729 0.680 0.633 0.588 0.545 0.503 0.463 0.425 0.388 0.354 0.325 0.312 0.301 0.292 0.285 0.281 0.278
4.712 5.287 5.853 6.412 6.962 7.505 8.040 8.488 8.560 8.630 8.699 8.766 8.832 8.897 8.960 9.022 9.082 9.141 9.199 9.225 9.002 8.773 8.535 8.287 8.029 7.761 7.483 7.195 6.897 6.589 6.271 5.947 5.651 5.362 5.079 4.802 4.531 4.266 4.008 3.756 3.510 3.271 3.037 2.810 2.585 2.368 2.159 1.959 1.767 1.583 1.408 1.240 1.081 0.930 0.788 0.665 0.621 0.578 0.538 0.498 0.461 0.425 0.391 0.359 0.328 0.299 0.272 0.250 0.246 0.244 0.245 0.247 0.252 0.259
4.471 5.018 5.557 6.089 6.612 7.128 7.636 8.116 8.183 8.249 8.313 8.375 8.436 8.496 8.555 8.612 8.667 8.721 8.774 8.826 8.564 8.291 8.008 7.716 7.413 7.100 6.777 6.445 6.102 5.749 5.387 5.014 4.746 4.484 4.229 3.980 3.737 3.500 3.270 3.046 2.828 2.616 2.411 2.212 2.023 1.844 1.672 1.508 1.353 1.206 1.067 0.937 0.815 0.700 0.595 0.498 0.462 0.427 0.394 0.362 0.332 0.304 0.278 0.253 0.230 0.209 0.189 0.182 0.213 0.252 0.297 0.350 0.410 0.477
4.237 4.757 5.269 5.773 6.270 6.759 7.240 7.713 7.809 7.869 7.929 7.986 8.043 8.098 8.151 8.204 8.254 8.304 8.352 8.398 8.138 7.821 7.493 7.156 6.809 6.451 6.084 5.707 5.319 4.922 4.515 4.098 3.834 3.601 3.373 3.152 2.937 2.729 2.526 2.330 2.140 1.956 1.779 1.607 1.454 1.311 1.176 1.050 0.931 0.821 0.719 0.625 0.540 0.462 0.393 0.332 0.301 0.274 0.264 0.268 0.273 0.277 0.281 0.285 0.289 0.292 0.295 0.297 0.357 0.427 0.505 0.591 0.683 0.783
4.010 4.503 4.988 5.466 5.935 6.397 6.851 7.298 7.436 7.492 7.546 7.599 7.651 7.701 7.750 7.797 7.843 7.888 7.931 7.973 7.725 7.363 6.991 6.609 6.216 5.815 5.403 4.981 4.549 4.107 3.655 3.193 2.918 2.712 2.513 2.319 2.132 1.951 1.777 1.608 1.446 1.290 1.141 0.997 0.877 0.771 0.673 0.583 0.501 0.455 0.434 0.417 0.403 0.392 0.384 0.380 0.383 0.387 0.391 0.394 0.398 0.401 0.404 0.406 0.408 0.410 0.412 0.414 0.493 0.596 0.706 0.824 0.949 1.081
3.791 4.257 4.715 5.165 5.608 6.043 6.470 6.890 7.065 7.116 7.166 7.214 7.261 7.306 7.350 7.393 7.434 7.474 7.513 7.550 7.323 6.916 6.500 6.073 5.636 5.190 4.733 4.267 3.791 3.304 2.808 2.301 1.996 1.818 1.646 1.481 1.322 1.169 1.022 0.881 0.792 0.733 0.673 0.613 0.576 0.554 0.535 0.519 0.506 0.497 0.491 0.487 0.487 0.491 0.497 0.506 0.512 0.515 0.518 0.520 0.522 0.524 0.526 0.527 0.528 0.529 0.530 0.530 0.622 0.757 0.899 1.049 1.206 1.371
3.579 4.018 4.449 4.873 5.288 5.697 6.097 6.489 6.696 6.742 6.787 6.831 6.873 6.913 6.953 6.990 7.027 7.062 7.096 7.128 6.933 6.482 6.021 5.550 5.069 4.577 4.076 3.565 3.044 2.514 1.973 1.487 1.237 1.181 1.124 1.066 1.007 0.948 0.888 0.828 0.767 0.705 0.642 0.579 0.544 0.536 0.531 0.530 0.531 0.536 0.544 0.554 0.569 0.586 0.606 0.630 0.642 0.644 0.645 0.646 0.647 0.648 0.648 0.649 0.648 0.648 0.647 0.646 0.743 0.910 1.085 1.267 1.457 1.653
3.375 3.787 4.191 4.588 4.976 5.357 5.731 6.097 6.329 6.370 6.410 6.449 6.486 6.522 6.557 6.590 6.621 6.652 6.681 6.708 6.556 6.060 5.567 5.084 4.610 4.143 3.685 3.234 2.792 2.357 1.931 1.513 1.237 1.177 1.117 1.057 0.995 0.933 0.870 0.807 0.743 0.678 0.612 0.546 0.509 0.515 0.525 0.537 0.553 0.571 0.593 0.618 0.646 0.678 0.712 0.750 0.772 0.772 0.773 0.773 0.772 0.772 0.771 0.770 0.769 0.767 0.765 0.763 0.856 1.056 1.264 1.478 1.700 1.928
3.178 3.563 3.940 4.310 4.672 5.026 5.373 5.711 5.963 6.000 6.035 6.069 6.102 6.133 6.164 6.199 6.227 6.250 6.266 6.277 6.179 5.716 5.262 4.815 4.376 3.946 3.523 3.108 2.702 2.303 1.913 1.530 1.237 1.175 1.112 1.048 0.984 0.919 0.853 0.786 0.719 0.652 0.583 0.514 0.471 0.491 0.514 0.541 0.571 0.603 0.639 0.678 0.720 0.766 0.814 0.866 0.902 0.901 0.900 0.899 0.898 0.896 0.894 0.891 0.889 0.886 0.883 0.880 0.963 1.195 1.434 1.681 1.935 2.196
2.988 3.346 3.697 4.040 4.375 4.702 5.022 5.344 5.629 5.678 5.722 5.759 5.790 5.816 5.836 5.850 5.857 5.860 5.856 5.846 5.794 5.367 4.948 4.537 4.134 3.739 3.353 2.974 2.603 2.240 1.885 1.539 1.238 1.173 1.107 1.040 0.973 0.905 0.836 0.767 0.697 0.626 0.555 0.483 0.429 0.464 0.501 0.542 0.585 0.632 0.682 0.735 0.791 0.851 0.913 0.979 1.032 1.030 1.028 1.025 1.023 1.020 1.017 1.013 1.009 1.005 1.001 0.996 1.062 1.326 1.598 1.877 2.163 2.456
2.853 3.277 3.672 4.037 4.374 4.682 4.961 5.211 5.429 5.458 5.481 5.497 5.508 5.514 5.513 5.506 5.494 5.475 5.451 5.421 5.392 5.009 4.626 4.251 3.884 3.525 3.174 2.831 2.496 2.168 1.849 1.538 1.240 1.172 1.103 1.033 0.963 0.892 0.820 0.748 0.675 0.601 0.527 0.452 0.385 0.433 0.484 0.539 0.597 0.657 0.721 0.789 0.859 0.932 1.009 1.089 1.162 1.159 1.156 1.152 1.148 1.144 1.139 1.135 1.130 1.125 1.119 1.113 1.153 1.450 1.754 2.065 2.383 2.708
3.455 3.777 4.071 4.335 4.571 4.778 4.955 5.104 5.224 5.243 5.245 5.242 5.232 5.217 5.196 5.169 5.136 5.097 5.052 5.002 4.952 4.643 4.296 3.956 3.625 3.302 2.986 2.679 2.379 2.088 1.805 1.529 1.262 1.171 1.100 1.027 0.954 0.880 0.805 0.730 0.654 0.577 0.500 0.422 0.344 0.399 0.464 0.533 0.604 0.679 0.757 0.839 0.923 1.010 1.101 1.195 1.292 1.288 1.283 1.279 1.273 1.268 1.262 1.257 1.250 1.244 1.237 1.244 1.283 1.637 1.994 2.352 2.712 3.075
4.083 4.304 4.496 4.660 4.794 4.900 4.977 5.024 5.043 5.034 5.016 4.992 4.962 4.926 4.884 4.837 4.784 4.724 4.659 4.589 4.518 4.269 3.957 3.653 3.357 3.070 2.790 2.518 2.255 1.999 1.751 1.512 1.280 1.172 1.097 1.021 0.945 0.868 0.791 0.713 0.634 0.554 0.474 0.393 0.312 0.361 0.441 0.523 0.609 0.698 0.790 0.885 0.984 1.085 1.190 1.298 1.409 1.417 1.411 1.409 1.414 1.424 1.440 1.463 1.491 1.526 1.567 1.614 1.667 2.009 2.375 2.743 3.114 3.486
4.737 4.857 4.948 5.011 5.044 5.049 5.025 4.972 4.890 4.830 4.792 4.747 4.697 4.641 4.579 4.511 4.437 4.358 4.272 4.181 4.090 3.886 3.610 3.341 3.081 2.829 2.585 2.349 2.121 1.901 1.689 1.485 1.289 1.173 1.095 1.017 0.937 0.858 0.777 0.696 0.614 0.532 0.449 0.365 0.280 0.320 0.414 0.511 0.610 0.714 0.820 0.927 1.035 1.143 1.253 1.364 1.476 1.512 1.531 1.557 1.588 1.625 1.669 1.718 1.774 1.835 1.903 1.977 2.057 2.379 2.754 3.132 3.512 3.895
5.417 5.436 5.426 5.388 5.321 5.224 5.099 4.945 4.763 4.632 4.573 4.509 4.438 4.361 4.279 4.191 4.097 3.997 3.891 3.779 3.668 3.494 3.254 3.021 2.797 2.580 2.372 2.172 1.979 1.795 1.618 1.450 1.290 1.175 1.094 1.012 0.930 0.848 0.764 0.680 0.595 0.511 0.430 0.352 0.276 0.309 0.415 0.522 0.631 0.740 0.850 0.961 1.073 1.187 1.301 1.416 1.532 1.599 1.645 1.698 1.756 1.820 1.891 1.967 2.050 2.138 2.233 2.334 2.441 2.745 3.131 3.518 3.908 4.300
6.123 6.041 5.931 5.791 5.623 5.426 5.201 4.946 4.662 4.440 4.361 4.276 4.185 4.088 3.985 3.876 3.762 3.642 3.516 3.384 3.252 3.094 2.889 2.693 2.504 2.323 2.150 1.985 1.829 1.680 1.539 1.404 1.266 1.146 1.055 0.967 0.882 0.800 0.720 0.643 0.568 0.496 0.427 0.360 0.296 0.316 0.427 0.539 0.651 0.765 0.879 0.995 1.111 1.229 1.347 1.467 1.587 1.680 1.753 1.832 1.917 2.009 2.106 2.209 2.319 2.435 2.556 2.684 2.818 3.109 3.504 3.902 4.301 4.703
6.855 6.673 6.461 6.221 5.953 5.655 5.328 4.973 4.589 4.253 4.154 4.048 3.937 3.820 3.697 3.568 3.433 3.292 3.146 2.994 2.842 2.686 2.546 2.427 2.304 2.176 2.045 1.909 1.770 1.626 1.478 1.326 1.170 1.033 0.955 0.879 0.805 0.735 0.667 0.601 0.538 0.478 0.421 0.366 0.314 0.323 0.438 0.554 0.671 0.789 0.907 1.027 1.148 1.270 1.393 1.516 1.641 1.754 1.854 1.960 2.072 2.191 2.315 2.445 2.582 2.724 2.873 3.028 3.188 3.470 3.875 4.282 4.691 5.103
7.613 7.330 7.018 6.678 6.308 5.910 5.483 5.027 4.542 4.073 3.952 3.827 3.695 3.557 3.424 3.398 3.351 3.280 3.187 3.072 2.931 2.772 2.638 2.501 2.359 2.214 2.064 1.910 1.752 1.590 1.423 1.253 1.078 0.918 0.852 0.787 0.726 0.667 0.611 0.557 0.506 0.458 0.412 0.369 0.329 0.328 0.447 0.568 0.689 0.811 0.934 1.059 1.184 1.310 1.437 1.565 1.694 1.822 1.949 2.082 2.221 2.366 2.517 2.675 2.838 3.008 3.183 3.365 3.552 3.828 4.243 4.660 5.079 5.500
8.398 8.014 7.601 7.160 6.690 6.191 5.664 5.126 4.689 4.287 4.287 4.273 4.237 4.178 4.097 3.993 3.866 3.717 3.546 3.352 3.132 2.890 2.735 2.580 2.419 2.255 2.087 1.915 1.738 1.558 1.373 1.184 0.991 0.801 0.746 0.693 0.643 0.596 0.552 0.510 0.471 0.434 0.400 0.369 0.340 0.332 0.456 0.581 0.706 0.833 0.960 1.089 1.218 1.349 1.480 1.612 1.746 1.883 2.037 2.197 2.363 2.535 2.714 2.898 3.088 3.284 3.487 3.695 3.910 4.184 4.608 5.035 5.464 5.895
9.175 8.610 8.082 7.589 7.133 6.713 6.329 5.981 5.669 5.393 5.293 5.201 5.086 4.949 4.789 4.606 4.402 4.174 3.925 3.652 3.353 3.032 2.837 2.663 2.484 2.302 2.115 1.924 1.729 1.530 1.327 1.120 0.909 0.693 0.637 0.596 0.558 0.523 0.490 0.460 0.433 0.408 0.386 0.366 0.349 0.336 0.464 0.593 0.723 0.853 0.985 1.118 1.252 1.387 1.522 1.659 1.797 1.938 2.119 2.306 2.499 2.698 2.903 3.114 3.331 3.555 3.784 4.019 4.261 4.537 4.971 5.407 5.846 6.286
9.116 8.678 8.275 7.908 7.577 7.282 7.024 6.801 6.614 6.464 6.319 6.148 5.955 5.739 5.501 5.240 4.957 4.651 4.323 3.972 3.594 3.193 2.943 2.750 2.554 2.353 2.148 1.938 1.725 1.508 1.286 1.061 0.831 0.597 0.526 0.497 0.471 0.447 0.426 0.408 0.392 0.379 0.368 0.361 0.356 0.353 0.470 0.603 0.738 0.873 1.009 1.146 1.284 1.423 1.563 1.704 1.846 1.989 2.195 2.409 2.628 2.854 3.086 3.324 3.568 3.818 4.075 4.337 4.617 4.915 5.437 6.008 6.630 7.301
9.025 8.711 8.434 8.192 7.987 7.818 7.684 7.587 7.526 7.500 7.364 7.114 6.843 6.548 6.232 5.893 5.531 5.147 4.741 4.312 3.855 3.375 3.054 2.843 2.628 2.408 2.185 1.957 1.726 1.490 1.250 1.006 0.758 0.505 0.412 0.395 0.380 0.368 0.359 0.352 0.348 0.347 0.348 0.352 0.359 0.368 0.476 0.613 0.752 0.891 1.032 1.173 1.316 1.459 1.603 1.749 1.895 2.042 2.264 2.556 2.915 3.258 3.586 3.898 4.195 4.476 4.742 4.993 5.228 5.448 6.157 6.949 7.791 8.683
8.899 8.711 8.559 8.443 8.363 8.319 8.311 8.339 8.402 8.502 8.428 8.100 7.750 7.378 6.983 6.565 6.125 5.663 5.178 4.671 4.136 3.577 3.169 2.940 2.706 2.468 2.227 1.981 1.731 1.476 1.218 0.956 0.689 0.419 0.295 0.289 0.287 0.287 0.289 0.294 0.302 0.312 0.325 0.341 0.360 0.380 0.480 0.622 0.765 0.909 1.085 1.324 1.582 1.859 2.156 2.471 2.806 3.160 3.491 3.796 4.087 4.361 4.621 4.864 5.093 5.306 5.504 5.686 5.853 6.005 6.826 7.839 8.902 10.015
8.741 8.678 8.651 8.660 8.705 8.786 8.903 9.056 9.245 9.470 9.511 9.105 8.677 8.226 7.753 7.257 6.739 6.199 5.636 5.050 4.437 3.799 3.289 3.041 2.789 2.533 2.273 2.009 1.740 1.468 1.191 0.910 0.626 0.337 0.175 0.182 0.191 0.202 0.216 0.233 0.253 0.294 0.365 0.433 0.500 0.564 0.716 0.964 1.230 1.516 1.820 2.144 2.487 2.849 3.230 3.630 4.049 4.487 4.813 5.051 5.272 5.479 5.670 5.845 6.006 6.150 6.280 6.394 6.493 6.576 7.445 8.679 9.962 11.295
8.548 8.611 8.709 8.843 9.013 9.220 9.462 9.740 10.053 10.403 10.614 10.129 9.623 9.094 8.542 7.968 7.372 6.754 6.113 5.449 4.757 4.040 3.413 3.147 2.877 2.602 2.324 2.041 1.754 1.464 1.169 0.870 0.587 0.346 0.213 0.290 0.365 0.437 0.507 0.574 0.639 0.702 0.763 0.821 0.876 0.930 1.092 1.424 1.775 2.145 2.534 2.943 3.370 3.817 4.282 4.767 5.271 5.794 6.150 6.319 6.472 6.610 6.733 6.841 6.933 7.009 7.070 7.116 7.147 7.162 8.014 9.467 10.971 12.524
8.323 8.510 8.733 8.993 9.288 9.619 9.986 10.389 10.827 11.302 11.735 11.173 10.588 9.981 9.351 8.699 8.025 7.328 6.609 5.868 5.097 4.301 3.542 3.250 2.953 2.667 2.395 2.134 1.885 1.649 1.425 1.212 1.012 0.825 0.696 0.763 0.827 0.889 0.948 1.005 1.060 1.112 1.162 1.210 1.255 1.298 1.447 1.863 2.299 2.754 3.228 3.721 4.233 4.764 5.314 5.883 6.471 7.079 7.501 7.601 7.686 7.756 7.811 7.850 7.874 7.882 7.875 7.853 7.815 7.762 8.532 10.206 11.930 13.703
8.063 8.376 8.724 9.108 9.529 9.984 10.476 11.004 11.567 12.167 12.802 12.236 11.573 10.887 10.180 9.423 8.494 7.590 6.711 5.857 5.030 4.227 3.444 3.176 2.933 2.702 2.483 2.276 2.081 1.898 1.728 1.570 1.424 1.290 1.181 1.237 1.291 1.342 1.391 1.438 1.482 1.524 1.564 1.601 1.636 1.669 1.781 2.282 2.802 3.342 3.900 4.477 5.074 5.689 6.324 6.978 7.650 8.342 8.865 8.897 8.915 8.916 8.903 8.874 8.829 8.770 8.695 8.604 8.498 8.377 9.000 10.894 12.838 14.831
7.771 8.208 8.682 9.191 9.735 10.316 10.933 11.585 12.219 12.652 13.062 12.351 11.409 10.492 9.600 8.732 7.890 7.073 6.280 5.513 4.773 4.058 3.362 3.089 2.900 2.722 2.557 2.404 2.263 2.134 2.018 1.913 1.821 1.741 1.673 1.714 1.757 1.798 1.836 1.873 1.906 1.938 1.967 1.994 2.019 2.041 2.094 2.680 3.284 3.908 4.551 5.213 5.894 6.594 7.313 8.051 8.808 9.584 10.244 10.208 10.157 10.090 10.009 9.912 9.799 9.671 9.528 9.370 9.196 9.007 9.417 11.531 13.695 15.908
7.445 7.994 8.508 8.999 9.467 9.912 10.334 10.733 11.109 11.462 11.792 11.293 10.437 9.607 8.801 8.020 7.265 6.534 5.828 5.147 4.494 3.866 3.258 2.988 2.853 2.729 2.618 2.519 2.432 2.357 2.294 2.243 2.205 2.178 2.164 2.192 2.225 2.255 2.283 2.309 2.333 2.354 2.373 2.389 2.403 2.415 2.425 3.057 3.746 4.454 5.182 5.928 6.693 7.478 8.281 9.103 9.945 10.805 11.636 11.532 11.413 11.279 11.129 10.964 10.783 10.587 10.376 10.150 9.908 9.651 9.785 12.119 14.502 16.935
7.005 7.463 7.897 8.308 8.697 9.062 9.405 9.725 10.021 10.295 10.546 10.213 9.444 8.700 7.981 7.287 6.618 5.973 5.354 4.759 4.194 3.653 3.132 2.874 2.793 2.723 2.665 2.620 2.586 2.565 2.556 2.559 2.574 2.602 2.641 2.672 2.695 2.715 2.733 2.748 2.761 2.772 2.780 2.786 2.790 2.791 2.791 3.413 4.187 4.979 5.791 6.622 7.471 8.340 9.228 10.134 11.060 12.005 12.969 12.871 12.683 12.481 12.263 12.030 11.782 11.518 11.239 10.944 10.634 10.309 10.038 12.348 14.598 16.788
6.576 6.954 7.309 7.641 7.950 8.236 8.499 8.739 8.956 9.150 9.322 9.112 8.430 7.772 7.140 6.532 5.949 5.391 4.858 4.350 3.871 3.418 2.984 2.747 2.719 2.703 2.699 2.707 2.728 2.760 2.805 2.862 2.931 3.012 3.105 3.154 3.166 3.176 3.184 3.189 3.191 3.192 3.190 3.185 3.179 3.170 3.159 3.749 4.607 5.484 6.380 7.295 8.228 9.181 10.153 11.144 12.154 13.183 14.231 14.223 13.968 13.612 13.086 12.564 12.046 11.533 11.023 10.518 10.017 9.520 9.027 10.908 12.894 14.820
6.169 6.467 6.742 6.995 7.224 7.431 7.615 7.775 7.913 8.028 8.120 7.990 7.394 6.823 6.277 5.756 5.259 4.788 4.341 3.919 3.527 3.161 2.814 2.606 2.632 2.669 2.719 2.781 2.855 2.941 3.040 3.150 3.273 3.407 3.554 3.639 3.640 3.639 3.636 3.631 3.623 3.613 3.601 3.586 3.569 3.550 3.528 4.064 5.006 5.967 6.947 7.946 8.970 9.964 10.883 11.725 12.490 13.180 13.794 13.593 13.077 12.565 12.057 11.554 11.054 10.559 10.068 9.581 9.099 8.620 8.146 9.528 11.251 12.914
5.783 6.002 6.198 6.371 6.521 6.648 6.753 6.834 6.893 6.928 6.941 6.847 6.337 5.853 5.393 4.958 4.548 4.162 3.802 3.466 3.161 2.882 2.623 2.452 2.531 2.622 2.726 2.842 2.969 3.109 3.261 3.425 3.601 3.790 3.990 4.125 4.116 4.105 4.091 4.076 4.058 4.037 4.014 4.077 4.366 4.625 4.852 5.475 6.513 7.475 8.361 9.171 9.905 10.563 11.145 11.650 12.080 12.434 12.711 12.506 12.008 11.515 11.026 10.541 10.060 9.583 9.110 8.642 8.177 7.717 7.261 8.209 9.669 11.068
