DATA/SHG/ECMWF/20170628/EN-8/20170705.en-8.asc
ncols        190
nrows        64
xllcorner    -5100000.000000000000
yllcorner    4130000.000000000000
cellsize     10000.000000000000
NODATA_value  -99999.000
[rows 0 to 32 of 64, columns 0 to 73 of 190]
0.071 0.081 0.090 0.098 0.103 0.107 0.109 0.110 0.108 0.135 0.169 0.203 0.236 0.268 0.298 0.328 0.357 0.384 0.411 0.447 0.484 0.505 0.519 0.533 0.547 0.560 0.573 0.586 0.598 0.610 0.622 0.633 0.644 0.664 0.689 0.716 0.742 0.770 0.797 0.826 0.855 0.885 0.915 0.946 0.978 1.038 1.131 1.233 1.345 1.466 1.597 1.737 1.886 2.045 2.214 2.392 2.579 2.690 2.695 2.694 2.686 2.670 2.648 2.618 2.581 2.537 2.486 2.428 2.363 2.350 2.431 2.515 2.601 2.690
0.043 0.048 0.051 0.052 0.051 0.049 0.045 0.039 0.032 0.048 0.079 0.109 0.160 0.209 0.254 0.296 0.335 0.370 0.402 0.430 0.455 0.473 0.486 0.499 0.512 0.524 0.536 0.547 0.558 0.569 0.580 0.590 0.600 0.618 0.645 0.674 0.703 0.732 0.762 0.793 0.824 0.856 0.888 0.921 0.955 1.023 1.149 1.284 1.429 1.584 1.748 1.921 2.104 2.296 2.497 2.708 2.929 3.080 3.060 3.034 3.001 2.960 2.913 2.858 2.796 2.728 2.652 2.569 2.479 2.429 2.518 2.611 2.706 2.803
0.018 0.016 0.013 0.008 0.005 0.016 0.030 0.046 0.065 0.099 0.146 0.189 0.229 0.266 0.300 0.330 0.356 0.380 0.400 0.417 0.430 0.441 0.453 0.465 0.477 0.488 0.498 0.509 0.519 0.529 0.538 0.547 0.556 0.571 0.601 0.631 0.662 0.694 0.726 0.759 0.792 0.826 0.861 0.896 0.932 0.998 1.157 1.326 1.504 1.692 1.889 2.095 2.311 2.537 2.771 3.016 3.269 3.476 3.432 3.380 3.322 3.257 3.184 3.105 3.018 2.924 2.824 2.716 2.722 2.775 2.983 3.173 3.344 3.497
0.023 0.033 0.045 0.061 0.078 0.099 0.121 0.147 0.175 0.207 0.242 0.274 0.302 0.327 0.349 0.367 0.382 0.393 0.402 0.407 0.408 0.410 0.421 0.432 0.442 0.452 0.461 0.471 0.480 0.488 0.497 0.505 0.512 0.524 0.556 0.589 0.622 0.655 0.690 0.725 0.760 0.796 0.833 0.870 0.908 0.963 1.156 1.358 1.569 1.790 2.020 2.260 2.509 2.768 3.036 3.313 3.600 3.878 3.809 3.733 3.653 3.611 3.586 3.577 3.584 3.608 3.648 3.704 3.777 3.866 4.008 4.132 4.238 4.326
0.057 0.076 0.098 0.122 0.149 0.178 0.210 0.244 0.281 0.318 0.342 0.361 0.378 0.391 0.401 0.408 0.411 0.411 0.407 0.400 0.390 0.379 0.389 0.398 0.408 0.416 0.425 0.433 0.441 0.449 0.456 0.463 0.469 0.476 0.510 0.545 0.580 0.616 0.653 0.690 0.727 0.766 0.804 0.844 0.884 0.924 1.145 1.380 1.625 1.879 2.142 2.415 2.697 2.990 3.292 3.604 3.924 4.252 4.252 4.235 4.234 4.250 4.282 4.330 4.394 4.475 4.571 4.685 4.814 4.960 5.048 5.108 5.149 5.171
0.089 0.117 0.147 0.181 0.216 0.255 0.295 0.339 0.385 0.433 0.445 0.453 0.457 0.459 0.457 0.452 0.443 0.431 0.416 0.398 0.376 0.350 0.357 0.366 0.374 0.381 0.389 0.396 0.403 0.409 0.415 0.421 0.426 0.432 0.464 0.501 0.539 0.576 0.615 0.654 0.694 0.734 0.775 0.817 0.859 0.902 1.127 1.401 1.683 1.973 2.272 2.579 2.895 3.219 3.552 3.893 4.243 4.602 4.703 4.743 4.799 4.872 4.960 5.065 5.187 5.324 5.478 5.648 5.834 6.037 6.104 6.099 6.075 6.032
0.117 0.154 0.194 0.236 0.281 0.328 0.378 0.431 0.485 0.543 0.551 0.547 0.540 0.530 0.516 0.499 0.479 0.455 0.428 0.398 0.365 0.328 0.326 0.333 0.340 0.347 0.353 0.359 0.365 0.370 0.375 0.380 0.384 0.388 0.418 0.457 0.496 0.536 0.577 0.647 0.728 0.796 0.850 0.891 0.918 0.932 1.139 1.442 1.754 2.074 2.403 2.740 3.086 3.440 3.803 4.174 4.554 4.942 5.138 5.234 5.348 5.477 5.623 5.784 5.963 6.157 6.368 6.594 6.838 7.097 7.177 7.106 7.017 6.910
0.143 0.189 0.238 0.289 0.343 0.399 0.458 0.519 0.583 0.650 0.661 0.645 0.627 0.605 0.579 0.550 0.518 0.483 0.444 0.402 0.357 0.308 0.295 0.301 0.307 0.313 0.318 0.323 0.327 0.331 0.335 0.339 0.410 0.503 0.608 0.709 0.797 0.871 0.932 0.979 1.013 1.033 1.040 1.034 1.014 0.980 1.141 1.475 1.816 2.166 2.525 2.892 3.268 3.652 4.044 4.446 4.855 5.273 5.556 5.709 5.879 6.066 6.268 6.487 6.722 6.973 7.240 7.524 7.824 8.140 8.265 8.130 7.976 7.803
0.166 0.221 0.279 0.339 0.402 0.467 0.535 0.605 0.678 0.753 0.774 0.747 0.716 0.683 0.646 0.605 0.561 0.514 0.464 0.410 0.353 0.293 0.265 0.270 0.274 0.360 0.452 0.545 0.638 0.732 0.825 0.920 1.015 1.110 1.191 1.245 1.285 1.312 1.325 1.325 1.311 1.284 1.244 1.190 1.122 1.041 1.135 1.499 1.870 2.250 2.639 3.036 3.441 3.855 4.278 4.708 5.148 5.596 5.957 6.168 6.395 6.638 6.897 7.172 7.464 7.772 8.096 8.437 8.793 9.166 9.369 9.169 8.950 8.713
0.186 0.250 0.317 0.386 0.458 0.532 0.609 0.688 0.770 0.854 0.891 0.852 0.810 0.764 0.715 0.663 0.608 0.557 0.564 0.577 0.596 0.622 0.675 0.767 0.860 0.953 1.047 1.141 1.236 1.331 1.426 1.522 1.618 1.715 1.786 1.793 1.786 1.765 1.731 1.683 1.623 1.548 1.460 1.359 1.244 1.116 1.121 1.514 1.915 2.325 2.744 3.170 3.606 4.050 4.502 4.963 5.432 5.910 6.342 6.610 6.893 7.193 7.509 7.841 8.190 8.555 8.935 9.332 9.746 10.175 10.489 10.224 9.941 9.639
0.203 0.276 0.352 0.430 0.511 0.594 0.680 0.768 0.859 0.952 1.020 1.005 0.996 0.994 0.997 1.008 1.024 1.047 1.076 1.111 1.152 1.200 1.262 1.356 1.450 1.545 1.640 1.736 1.832 1.928 2.025 2.123 2.221 2.319 2.395 2.354 2.299 2.231 2.150 2.055 1.947 1.825 1.690 1.542 1.380 1.205 1.098 1.521 1.952 2.392 2.840 3.296 3.762 4.235 4.717 5.208 5.707 6.214 6.711 7.035 7.376 7.732 8.105 8.494 8.899 9.320 9.758 10.211 10.681 11.167 11.625 11.296 10.947 10.581
0.217 0.299 0.384 0.489 0.612 0.735 0.859 0.983 1.108 1.234 1.348 1.355 1.368 1.387 1.413 1.445 1.484 1.529 1.580 1.637 1.701 1.771 1.848 1.944 2.039 2.135 2.232 2.329 2.427 2.525 2.623 2.722 2.822 2.921 3.016 2.928 2.826 2.711 2.582 2.440 2.285 2.116 1.934 1.738 1.529 1.306 1.070 1.519 1.980 2.449 2.927 3.414 3.909 4.412 4.924 5.444 5.973 6.510 7.056 7.444 7.842 8.255 8.684 9.130 9.591 10.069 10.563 11.042 11.481 11.897 12.289 11.883 11.407 10.929
0.405 0.528 0.651 0.775 0.900 1.026 1.152 1.279 1.406 1.534 1.663 1.697 1.732 1.774 1.822 1.876 1.937 2.003 2.077 2.156 2.242 2.334 2.432 2.529 2.627 2.724 2.823 2.921 3.020 3.120 3.220 3.320 3.421 3.522 3.624 3.515 3.366 3.203 3.027 2.838 2.636 2.420 2.190 1.947 1.691 1.421 1.138 1.508 1.999 2.499 3.006 3.523 4.047 4.580 5.122 5.672 6.231 6.797 7.373 7.837 8.352 8.873 9.372 9.847 10.298 10.726 11.130 11.511 11.868 12.201 12.511 12.195 11.712 11.228
0.683 0.808 0.934 1.061 1.188 1.315 1.444 1.573 1.703 1.833 1.964 2.031 2.089 2.153 2.223 2.299 2.382 2.471 2.566 2.667 2.775 2.889 3.010 3.114 3.213 3.312 3.412 3.512 3.612 3.713 3.815 3.917 4.019 4.122 4.225 4.115 3.918 3.709 3.486 3.249 3.000 2.736 2.460 2.170 1.866 1.550 1.220 1.489 2.010 2.539 3.077 3.623 4.177 4.830 5.513 6.211 6.922 7.648 8.389 8.956 9.419 9.858 10.274 10.667 11.036 11.381 11.703 12.001 12.276 12.527 12.755 12.509 12.019 11.528
0.960 1.088 1.216 1.345 1.474 1.604 1.735 1.866 1.998 2.131 2.264 2.359 2.438 2.524 2.616 2.715 2.820 2.931 3.048 3.171 3.301 3.438 3.580 3.697 3.798 3.898 4.000 4.101 4.203 4.306 4.409 4.512 4.616 4.721 4.825 4.728 4.484 4.227 3.957 3.674 3.377 3.066 2.743 2.406 2.055 1.691 1.395 1.638 2.286 2.948 3.624 4.314 5.019 5.738 6.471 7.218 7.980 8.756 9.546 10.127 10.507 10.864 11.198 11.508 11.795 12.058 12.297 12.514 12.706 12.875 13.021 12.824 12.327 11.829
1.236 1.366 1.496 1.627 1.759 1.891 2.024 2.158 2.292 2.427 2.563 2.679 2.781 2.888 3.003 3.123 3.250 3.383 3.522 3.668 3.820 3.978 4.143 4.279 4.381 4.483 4.586 4.689 4.793 4.897 5.001 5.106 5.212 5.318 5.424 5.353 5.063 4.759 4.437 4.090 3.758 3.440 3.136 2.846 2.571 2.311 2.064 2.230 2.928 3.640 4.366 5.106 5.861 6.630 7.413 8.210 9.022 9.848 10.688 11.319 11.617 11.892 12.143 12.371 12.575 12.756 12.914 13.047 13.158 13.245 13.308 13.140 12.637 12.132
1.511 1.643 1.776 1.909 2.043 2.178 2.313 2.449 2.585 2.722 2.860 2.992 3.115 3.245 3.382 3.524 3.673 3.828 3.990 4.157 4.331 4.511 4.698 4.860 4.963 5.067 5.171 5.276 5.381 5.486 5.592 5.673 5.697 5.724 5.754 5.667 5.327 5.002 4.691 4.394 4.112 3.844 3.590 3.351 3.126 2.915 2.719 2.807 3.555 4.316 5.093 5.883 6.687 7.506 8.339 9.187 10.048 10.924 11.814 12.532 12.748 12.940 13.109 13.255 13.377 13.476 13.551 13.603 13.631 13.636 13.617 13.458 12.948 12.436
1.785 1.919 2.054 2.190 2.326 2.463 2.600 2.738 2.877 3.016 3.156 3.297 3.443 3.595 3.753 3.918 4.089 4.266 4.449 4.639 4.835 5.037 5.245 5.439 5.500 5.514 5.531 5.551 5.574 5.599 5.628 5.659 5.693 5.730 5.770 5.755 5.465 5.190 4.929 4.683 4.451 4.233 4.029 3.840 3.665 3.505 3.359 3.369 4.166 4.978 5.804 6.644 7.499 8.367 9.250 10.148 11.059 11.985 12.925 13.766 13.900 14.010 14.097 14.161 14.201 14.217 14.210 14.180 14.126 14.049 13.949 13.778 13.261 12.742
2.057 2.194 2.331 2.469 2.607 2.746 2.886 3.027 3.168 3.309 3.452 3.596 3.764 3.938 4.118 4.304 4.497 4.641 4.758 4.878 5.002 5.130 5.261 5.391 5.413 5.437 5.464 5.494 5.526 5.562 5.601 5.642 5.686 5.734 5.784 5.828 5.589 5.364 5.153 4.957 4.775 4.607 4.454 4.314 4.190 4.079 3.983 3.915 4.762 5.624 6.500 7.390 8.294 9.213 10.146 11.093 12.054 13.030 14.019 15.021 15.073 15.101 15.106 15.087 15.045 14.980 14.891 14.779 14.643 14.484 14.301 14.095 13.575 13.050
2.329 2.468 2.607 2.747 2.888 3.029 3.171 3.314 3.457 3.601 3.693 3.751 3.852 3.963 4.078 4.197 4.319 4.445 4.575 4.708 4.845 4.985 5.130 5.278 5.322 5.356 5.393 5.433 5.476 5.522 5.571 5.622 5.676 5.734 5.794 5.857 5.698 5.523 5.362 5.216 5.084 4.966 4.863 4.774 4.699 4.638 4.592 4.560 5.343 6.255 7.181 8.121 9.075 10.043 11.026 12.023 13.034 14.059 15.099 16.152 16.267 16.213 16.136 16.035 15.911 15.764 15.593 15.399 15.181 14.940 14.676 14.388 13.891 13.358
2.599 2.740 2.882 3.049 3.193 3.311 3.405 3.475 3.520 3.540 3.536 3.508 3.588 3.712 3.840 3.972 4.107 4.246 4.388 4.534 4.684 4.838 4.995 5.155 5.228 5.272 5.320 5.370 5.423 5.479 5.537 5.599 5.664 5.731 5.801 5.874 5.792 5.667 5.556 5.460 5.378 5.310 5.257 5.218 5.193 5.183 5.186 5.204 5.909 6.871 7.846 8.836 9.840 10.858 11.891 12.937 13.998 15.073 16.162 17.265 17.482 17.346 17.187 17.005 16.799 16.569 16.317 15.965 15.494 15.038 14.597 14.169 13.597 12.973
3.205 3.335 3.441 3.523 3.580 3.612 3.620 3.603 3.562 3.497 3.407 3.292 3.320 3.457 3.598 3.743 3.891 4.042 4.198 4.357 4.520 4.686 4.856 5.030 5.132 5.186 5.243 5.304 5.367 5.433 5.501 5.573 5.648 5.725 5.805 5.889 5.871 5.796 5.736 5.690 5.657 5.640 5.636 5.647 5.672 5.712 5.765 5.833 6.460 7.471 8.497 9.536 10.590 11.658 12.740 13.836 14.947 16.071 17.210 18.363 18.552 18.032 17.526 17.034 16.556 16.093 15.644 15.209 14.789 14.383 13.991 13.613 13.104 12.503
3.963 4.007 4.027 4.022 3.993 3.939 3.861 3.759 3.631 3.480 3.304 3.103 3.049 3.199 3.353 3.510 3.671 3.836 4.004 4.176 4.351 4.531 4.714 4.900 5.032 5.097 5.164 5.234 5.308 5.384 5.463 5.544 5.629 5.716 5.807 5.900 5.936 5.911 5.900 5.904 5.922 5.954 6.001 6.061 6.136 6.226 6.329 6.447 6.996 8.056 9.132 10.221 11.324 12.299 13.173 14.027 14.861 15.675 16.469 17.243 17.435 16.965 16.508 16.067 15.639 15.225 14.826 14.441 14.070 13.714 13.372 13.044 12.605 12.027
4.747 4.705 4.639 4.548 4.433 4.293 4.129 3.940 3.727 3.489 3.227 2.940 2.774 2.937 3.103 3.274 3.447 3.625 3.806 3.991 4.180 4.372 4.567 4.767 4.930 5.004 5.082 5.162 5.246 5.332 5.421 5.512 5.607 5.705 5.805 5.908 5.986 6.011 6.050 6.104 6.172 6.254 6.350 6.461 6.585 6.724 6.783 6.814 7.126 8.031 8.916 9.781 10.625 11.450 12.254 13.039 13.804 14.548 15.272 15.977 16.306 15.886 15.479 15.087 14.709 14.345 13.996 13.661 13.340 13.033 12.740 12.462 12.101 11.546
5.557 5.429 5.277 5.100 4.899 4.673 4.423 4.148 3.849 3.525 3.177 2.805 2.495 2.671 2.850 3.034 3.220 3.411 3.605 3.803 4.004 4.209 4.418 4.630 4.825 4.909 4.997 5.087 5.181 5.277 5.376 5.478 5.582 5.690 5.801 5.914 6.022 6.096 6.186 6.217 6.241 6.267 6.296 6.326 6.358 6.391 6.427 6.465 6.646 7.481 8.296 9.092 9.867 10.622 11.357 12.072 12.767 13.442 14.097 14.732 15.165 14.794 14.437 14.095 13.767 13.453 13.153 12.868 12.596 12.339 12.097 11.868 11.591 11.060
6.396 6.179 5.941 5.678 5.391 5.079 4.743 4.382 3.997 3.588 3.154 2.696 2.213 2.402 2.594 2.790 2.990 3.193 3.400 3.611 3.825 4.043 4.264 4.489 4.716 4.811 4.909 5.009 5.113 5.219 5.328 5.439 5.498 5.557 5.615 5.673 5.730 5.756 5.783 5.812 5.843 5.876 5.911 5.948 5.986 6.027 6.070 6.114 6.186 6.952 7.697 8.423 9.129 9.814 10.480 11.125 11.751 12.356 12.942 13.507 14.012 13.690 13.383 13.091 12.812 12.548 12.298 12.062 11.841 11.633 11.440 11.261 11.075 10.568
7.307 6.955 6.631 6.282 5.909 5.511 5.089 4.643 4.172 3.677 3.157 2.613 2.045 2.129 2.334 2.543 2.755 2.972 3.191 3.415 3.642 3.873 4.107 4.345 4.580 4.659 4.720 4.780 4.839 4.898 4.957 5.016 5.073 5.131 5.188 5.245 5.301 5.336 5.370 5.406 5.444 5.483 5.525 5.569 5.614 5.661 5.710 5.761 5.814 6.443 7.119 7.775 8.411 9.027 9.623 10.199 10.756 11.292 11.808 12.304 12.780 12.575 12.317 12.074 11.845 11.631 11.430 11.244 11.072 10.915 10.771 10.642 10.527 10.070
8.261 7.757 7.347 6.912 6.453 5.970 5.462 4.930 4.373 3.793 3.187 2.558 1.904 1.852 2.070 2.292 2.517 2.768 3.048 3.302 3.529 3.730 3.904 4.052 4.173 4.245 4.304 4.363 4.421 4.479 4.536 4.593 4.650 4.706 4.762 4.817 4.872 4.915 4.956 4.998 5.043 5.089 5.138 5.188 5.240 5.294 5.350 5.408 5.467 5.954 6.561 7.147 7.714 8.261 8.787 9.294 9.781 10.248 10.695 11.121 11.528 11.446 11.239 11.046 10.866 10.701 10.551 10.414 10.292 10.183 10.089 10.010 9.944 9.567
9.258 8.584 8.088 7.568 7.023 6.454 5.861 5.243 4.601 3.935 3.281 2.681 2.103 2.022 2.316 2.582 2.823 3.037 3.225 3.386 3.520 3.629 3.710 3.766 3.794 3.832 3.889 3.947 4.004 4.060 4.116 4.172 4.227 4.282 4.336 4.390 4.444 4.493 4.540 4.589 4.641 4.694 4.749 4.806 4.865 4.925 4.988 5.052 5.119 5.486 6.023 6.540 7.037 7.515 7.972 8.410 8.827 9.225 9.602 9.960 10.297 10.306 10.148 10.004 9.875 9.759 9.658 9.571 9.498 9.440 9.395 9.365 9.349 9.058
10.298 9.438 8.856 8.195 7.515 6.857 6.222 5.610 5.021 4.455 3.911 3.390 2.891 2.690 2.891 3.065 3.213 3.334 3.429 3.498 3.540 3.556 3.545 3.508 3.444 3.419 3.476 3.532 3.587 3.642 3.697 3.751 3.805 3.859 3.912 3.964 4.017 4.069 4.123 4.179 4.237 4.297 4.359 4.422 4.488 4.555 4.624 4.696 4.769 5.038 5.505 5.953 6.381 6.789 7.178 7.546 7.894 8.222 8.531 8.819 9.087 9.154 9.045 8.951 8.871 8.805 8.754 8.716 8.699 8.689 8.673 8.648 8.616 8.367
10.671 9.513 8.867 8.244 7.643 7.065 6.509 5.977 5.467 4.980 4.515 4.073 3.654 3.385 3.493 3.575 3.631 3.659 3.662 3.638 3.588 3.511 3.408 3.278 3.122 3.008 3.063 3.118 3.172 3.226 3.279 3.332 3.384 3.437 3.488 3.540 3.590 3.644 3.705 3.767 3.832 3.899 3.967 4.037 4.109 4.184 4.260 4.337 4.417 4.610 5.008 5.387 5.746 6.085 6.403 6.702 6.981 7.240 7.480 7.699 7.898 8.034 8.052 8.063 8.065 8.060 8.047 8.027 7.999 7.963 7.919 7.868 7.809 7.611
10.728 9.379 8.812 8.268 7.746 7.247 6.771 6.318 5.888 5.480 5.094 4.732 4.392 4.108 4.124 4.113 4.076 4.012 3.922 3.806 3.663 3.494 3.298 3.076 2.828 2.597 2.651 2.704 2.757 2.810 2.862 2.913 2.965 3.015 3.066 3.116 3.165 3.217 3.285 3.354 3.426 3.499 3.574 3.651 3.730 3.811 3.893 3.978 4.064 4.202 4.532 4.841 5.131 5.400 5.726 6.078 6.401 6.693 6.956 7.190 7.393 7.529 7.520 7.504 7.480 7.448 7.409 7.362 7.307 7.245 7.174 7.097 7.011 6.847
10.817 9.310 8.732 8.267 7.825 7.405 7.009 6.634 6.283 5.954 5.648 5.365 5.104 4.867 4.781 4.678 4.549 4.393 4.210 4.002 3.766 3.505 3.217 2.903 2.562 2.195 2.240 2.292 2.344 2.395 2.446 2.496 2.546 2.595 2.644 2.693 2.741 2.789 2.864 2.940 3.018 3.098 3.179 3.263 3.349 3.436 3.526 3.729 3.978 4.233 4.630 4.998 5.336 5.644 5.922 6.171 6.390 6.579 6.739 6.869 6.969 7.032 6.997 6.954 6.903 6.845 6.779 6.705 6.624 6.534 6.438 6.333 6.221 6.074
