DATA/SHG/ECMWF/20170628/EN-8/20170710.en-8.asc
ncols        190
nrows        64
xllcorner    -5100000.000000000000
yllcorner    4130000.000000000000
cellsize     10000.000000000000
NODATA_value  -99999.000
[rows 0 to 33 of 64, columns 0 to 74 of 190]
0.285 0.253 0.221 0.190 0.160 0.131 0.102 0.074 0.046 0.035 0.030 0.025 0.021 0.017 0.013 0.010 0.007 0.005 0.003 0.057 0.135 0.235 0.334 0.422 0.499 0.566 0.621 0.666 0.700 0.723 0.736 0.737 0.728 0.760 0.830 0.908 0.992 1.084 1.182 1.288 1.401 1.522 1.649 1.784 1.925 2.091 2.282 2.485 2.699 2.924 3.161 3.409 3.668 3.939 4.221 4.515 4.819 5.370 6.228 7.120 8.047 9.008 10.004 11.035 12.100 13.200 14.335 15.504 16.708 17.456 17.404 17.332 17.240 17.127 16.994
0.252 0.222 0.193 0.164 0.136 0.109 0.083 0.057 0.031 0.019 0.015 0.012 0.054 0.105 0.164 0.231 0.306 0.388 0.479 0.577 0.683 0.772 0.832 0.882 0.921 0.949 0.967 0.973 0.969 0.954 0.928 0.892 0.844 0.856 0.951 1.054 1.164 1.280 1.404 1.535 1.674 1.819 1.972 2.132 2.299 2.491 2.722 2.965 3.219 3.484 3.760 4.048 4.347 4.658 4.980 5.313 5.658 6.205 7.184 8.198 9.246 10.329 11.447 12.599 13.786 15.008 16.264 17.555 18.880 19.871 19.747 19.603 19.438 19.254 19.048
0.218 0.191 0.164 0.138 0.118 0.123 0.130 0.140 0.152 0.182 0.238 0.301 0.372 0.451 0.537 0.632 0.734 0.844 0.962 1.088 1.222 1.319 1.341 1.353 1.353 1.343 1.323 1.291 1.249 1.196 1.132 1.057 0.971 0.944 1.065 1.193 1.328 1.470 1.619 1.775 1.939 2.109 2.287 2.472 2.664 2.879 3.150 3.432 3.726 4.031 4.347 4.675 5.014 5.364 5.726 6.099 6.483 7.004 8.105 9.241 10.411 11.615 12.854 14.128 15.436 16.779 18.156 19.568 20.529 21.215 20.508 19.817 19.143 18.484 17.842
0.270 0.274 0.280 0.288 0.300 0.313 0.329 0.348 0.369 0.408 0.491 0.582 0.681 0.787 0.901 1.023 1.153 1.291 1.437 1.590 1.751 1.876 1.860 1.834 1.797 1.748 1.690 1.620 1.539 1.448 1.346 1.233 1.110 1.025 1.171 1.324 1.484 1.651 1.825 2.007 2.196 2.391 2.594 2.804 3.022 3.255 3.566 3.888 4.221 4.566 4.922 5.290 5.668 6.058 6.460 6.873 7.297 7.769 8.991 10.248 11.528 12.655 13.724 14.736 15.689 16.584 17.421 18.200 18.921 19.584 18.956 18.323 17.705 17.104 16.519
0.414 0.427 0.441 0.459 0.478 0.501 0.525 0.552 0.582 0.625 0.736 0.854 0.981 1.115 1.256 1.406 1.564 1.729 1.902 2.083 2.272 2.444 2.390 2.326 2.250 2.164 2.067 1.959 1.841 1.712 1.571 1.421 1.259 1.098 1.269 1.447 1.633 1.825 2.025 2.231 2.445 2.666 2.894 3.129 3.372 3.621 3.969 4.331 4.704 5.089 5.485 5.892 6.311 6.751 7.221 7.677 8.118 8.544 9.580 10.620 11.602 12.526 13.392 14.200 14.950 15.642 16.276 16.853 17.371 17.831 17.392 16.815 16.255 15.711 15.182
0.556 0.577 0.600 0.626 0.654 0.685 0.719 0.754 0.792 0.834 0.972 1.118 1.272 1.433 1.603 1.780 1.965 2.158 2.358 2.567 2.783 3.007 2.931 2.828 2.715 2.590 2.455 2.310 2.153 1.986 1.808 1.619 1.419 1.209 1.360 1.564 1.774 1.991 2.216 2.448 2.687 2.933 3.186 3.446 3.714 3.988 4.416 4.938 5.445 5.937 6.414 6.877 7.325 7.759 8.177 8.581 8.971 9.345 10.116 10.953 11.732 12.453 13.116 13.721 14.268 14.757 15.189 15.562 15.878 16.136 15.815 15.295 14.792 14.304 13.833
0.694 0.724 0.756 0.790 0.827 0.867 0.909 0.953 1.000 1.049 1.199 1.372 1.554 1.743 1.940 2.144 2.357 2.577 2.805 3.041 3.285 3.537 3.482 3.341 3.190 3.027 2.854 2.671 2.476 2.271 2.055 1.828 1.590 1.342 1.444 1.672 1.908 2.150 2.400 2.725 3.116 3.523 3.947 4.387 4.844 5.316 5.799 6.269 6.724 7.164 7.590 8.001 8.398 8.779 9.146 9.499 9.836 10.159 10.707 11.341 11.917 12.435 12.895 13.298 13.642 13.929 14.158 14.329 14.442 14.497 14.225 13.762 13.315 12.884 12.470
0.830 0.868 0.909 0.952 0.997 1.045 1.096 1.149 1.204 1.262 1.417 1.618 1.827 2.043 2.268 2.500 2.740 2.988 3.244 3.507 3.778 4.057 4.044 3.865 3.675 3.475 3.264 3.042 2.810 2.567 2.313 2.048 1.830 1.641 1.783 2.149 2.532 2.931 3.347 3.779 4.227 4.692 5.173 5.671 6.184 6.715 7.194 7.613 8.016 8.405 8.779 9.138 9.483 9.813 10.128 10.429 10.715 10.986 11.354 11.785 12.158 12.474 12.731 12.931 13.073 13.157 13.184 13.152 13.063 12.916 12.622 12.216 11.826 11.452 11.094
0.962 1.009 1.058 1.110 1.164 1.221 1.280 1.342 1.406 1.472 1.626 1.855 2.091 2.335 2.587 2.847 3.114 3.390 3.673 3.964 4.262 4.569 4.616 4.399 4.172 3.933 3.704 3.487 3.281 3.086 2.902 2.729 2.568 2.417 2.531 2.955 3.395 3.852 4.325 4.814 5.320 5.842 6.381 6.936 7.507 8.094 8.602 8.969 9.320 9.658 9.980 10.288 10.581 10.859 11.123 11.372 11.606 11.826 12.056 12.284 12.455 12.568 12.623 12.620 12.560 12.442 12.266 12.032 11.741 11.392 11.006 10.657 10.324 10.006 9.705
1.092 1.147 1.205 1.266 1.329 1.394 1.462 1.532 1.604 1.679 1.827 2.083 2.347 2.618 2.898 3.185 3.480 3.792 4.152 4.469 4.744 4.976 5.019 4.796 4.584 4.384 4.194 4.016 3.849 3.693 3.548 3.415 3.292 3.181 3.261 3.742 4.240 4.754 5.285 5.832 6.395 6.974 7.570 8.182 8.811 9.456 10.023 10.338 10.638 10.923 11.194 11.450 11.691 11.918 12.130 12.328 12.511 12.679 12.813 12.839 12.807 12.718 12.570 12.366 12.103 11.783 11.405 10.969 10.476 9.925 9.378 9.085 8.808 8.548 8.303
1.219 1.283 1.349 1.418 1.490 1.564 1.640 1.719 1.800 1.884 2.101 2.608 3.072 3.494 3.874 4.211 4.506 4.758 4.968 5.136 5.262 5.345 5.340 5.156 4.984 4.822 4.672 4.533 4.405 4.288 4.182 4.088 4.004 3.932 3.973 4.512 5.067 5.639 6.226 6.830 7.451 8.088 8.741 9.410 10.096 10.798 11.456 11.719 11.967 12.201 12.420 12.625 12.815 12.990 13.151 13.297 13.428 13.545 13.625 13.448 13.214 12.923 12.574 12.167 11.702 11.180 10.600 9.963 9.268 8.515 7.736 7.500 7.280 7.076 6.970
1.342 1.415 1.490 1.668 1.955 2.265 2.598 2.954 3.333 3.736 4.156 4.513 4.828 5.101 5.331 5.519 5.665 5.768 5.829 5.848 5.824 5.759 5.649 5.504 5.371 5.248 5.137 5.037 4.948 4.870 4.804 4.748 4.704 4.671 4.667 5.263 5.876 6.505 7.150 7.811 8.489 9.183 9.893 10.620 11.363 12.122 12.898 13.113 13.310 13.492 13.660 13.813 13.951 14.075 14.184 14.279 14.359 14.424 14.475 14.113 13.677 13.184 12.633 12.024 11.358 10.634 9.852 9.072 8.337 7.620 6.922 6.867 6.866 6.863 6.859
2.211 2.510 2.832 3.177 3.545 3.936 4.351 4.788 5.249 5.733 6.240 6.461 6.627 6.750 6.831 6.870 6.867 6.821 6.733 6.603 6.431 6.216 5.959 5.840 5.746 5.662 5.590 5.529 5.479 5.440 5.413 5.396 5.391 5.397 5.414 5.997 6.667 7.353 8.055 8.774 9.509 10.260 11.028 11.811 12.612 13.428 14.261 14.519 14.665 14.796 14.912 15.013 15.100 15.173 15.230 15.274 15.302 15.316 15.315 14.833 14.078 13.279 12.499 11.738 10.994 10.268 9.560 8.870 8.199 7.545 6.910 6.773 6.767 6.759 6.750
3.448 3.828 4.231 4.658 5.107 5.580 6.076 6.595 7.137 7.702 8.290 8.452 8.469 8.443 8.375 8.265 8.113 7.918 7.681 7.402 7.081 6.718 6.312 6.164 6.108 6.064 6.031 6.009 5.998 5.998 6.010 6.032 6.066 6.110 6.166 6.713 7.440 8.183 8.942 9.718 10.510 11.319 12.143 12.984 13.842 14.715 15.605 15.938 16.032 16.112 16.176 16.227 16.262 16.096 15.876 15.636 15.376 15.096 14.796 14.171 13.418 12.683 11.966 11.267 10.587 9.924 9.279 8.652 8.044 7.453 6.881 6.680 6.669 6.656 6.642
4.657 5.119 5.603 6.111 6.642 7.196 7.773 8.373 8.996 9.642 10.312 10.485 10.353 10.178 9.962 9.703 9.402 9.058 8.673 8.245 7.775 7.263 6.709 6.475 6.459 6.454 6.460 6.476 6.504 6.544 6.594 6.655 6.728 6.811 6.906 7.410 8.194 8.995 9.812 10.645 11.494 12.359 13.241 14.139 15.053 15.984 16.730 16.963 16.793 16.603 16.394 16.164 15.914 15.643 15.353 15.043 14.713 14.362 13.992 13.432 12.742 12.070 11.417 10.781 10.163 9.563 8.981 8.418 7.872 7.344 6.835 6.589 6.573 6.555 6.536
5.839 6.382 6.948 7.537 8.149 8.784 9.442 10.123 10.828 11.555 12.306 12.561 12.280 11.957 11.591 11.184 10.734 10.242 9.708 9.132 8.513 7.853 7.150 6.775 6.797 6.831 6.876 6.932 6.999 7.077 7.166 7.266 7.377 7.500 7.633 8.090 8.931 9.789 10.635 11.332 12.043 12.768 13.506 14.258 15.024 15.803 16.596 16.953 16.713 16.452 16.172 15.872 15.552 15.211 14.851 14.471 14.070 13.650 13.209 12.677 12.050 11.441 10.850 10.278 9.723 9.186 8.667 8.166 7.683 7.219 6.772 6.500 6.478 6.456 6.431
6.994 7.618 8.265 8.935 9.628 10.344 11.084 11.846 12.631 13.440 14.272 14.680 14.250 13.778 13.264 12.708 12.109 11.469 10.786 10.062 9.295 8.486 7.635 7.062 7.124 7.196 7.280 7.375 7.481 7.597 7.725 7.818 7.804 7.782 7.753 7.947 8.651 9.369 10.101 10.847 11.606 12.379 13.165 13.965 14.779 15.607 16.448 16.962 16.652 16.321 15.971 15.601 15.210 14.800 14.369 13.919 13.448 12.957 12.447 11.906 11.342 10.796 10.268 9.758 9.266 8.792 8.336 7.898 7.478 7.076 6.692 6.412 6.385 6.357 6.328
8.121 8.826 9.554 10.305 11.080 11.877 12.697 13.541 14.407 15.297 16.209 16.841 16.263 15.642 14.980 14.275 13.528 12.739 11.908 11.035 10.120 9.163 8.164 7.338 7.398 7.409 7.413 7.410 7.399 7.381 7.356 7.323 7.282 7.234 7.179 7.255 8.008 8.774 9.554 10.348 11.155 11.976 12.811 13.659 14.521 15.397 16.287 16.992 16.611 16.211 15.790 15.350 14.889 14.408 13.908 13.387 12.847 12.286 11.705 11.118 10.617 10.134 9.669 9.222 8.793 8.382 7.988 7.613 7.256 6.917 6.596 6.325 6.294 6.261 6.226
9.221 10.007 10.816 11.649 12.504 13.382 14.283 15.208 16.155 17.126 18.119 19.045 18.318 17.549 16.738 15.885 14.990 13.884 12.692 11.521 10.373 9.246 8.140 7.099 7.092 7.078 7.056 7.027 6.990 6.946 6.895 6.836 6.769 6.695 6.614 6.550 7.351 8.165 8.994 9.836 10.691 11.560 12.443 13.340 14.250 15.174 16.111 17.041 16.591 16.120 15.630 15.119 14.588 14.038 13.467 12.876 12.266 11.635 10.984 10.314 9.876 9.456 9.054 8.669 8.303 7.955 7.624 7.312 7.017 6.741 6.482 6.242 6.204 6.166 6.126
10.294 11.161 12.051 12.964 13.900 14.860 15.842 16.847 17.875 18.927 19.661 20.275 19.209 17.985 16.782 15.601 14.442 13.304 12.188 11.093 10.020 8.969 7.940 6.932 6.796 6.755 6.707 6.652 6.590 6.519 6.442 6.357 6.265 6.165 6.058 5.943 6.681 7.543 8.420 9.310 10.214 11.131 12.062 13.007 13.965 14.937 15.922 16.921 16.590 16.050 15.489 14.908 14.308 13.687 13.046 12.386 11.705 11.005 10.284 9.543 9.119 8.761 8.422 8.100 7.797 7.511 7.243 6.994 6.762 6.548 6.352 6.174 6.115 6.072 6.027
11.339 12.287 13.258 14.097 14.885 15.623 16.311 16.949 17.538 18.077 18.566 19.005 18.228 17.080 15.953 14.848 13.764 12.702 11.662 10.643 9.646 8.671 7.717 6.785 6.507 6.441 6.367 6.286 6.197 6.101 5.998 5.887 5.768 5.643 5.510 5.369 5.997 6.908 7.833 8.771 9.723 10.688 11.667 12.660 13.666 14.686 15.720 16.767 16.610 15.999 15.369 14.718 14.047 13.357 12.646 11.916 11.165 10.395 9.604 8.794 8.345 8.050 7.774 7.515 7.274 7.051 6.846 6.684 6.563 6.437 6.306 6.169 6.084 6.008 5.919
12.142 12.904 13.617 14.280 14.893 15.456 15.969 16.433 16.847 17.211 17.525 17.790 17.226 16.153 15.102 14.073 13.065 12.079 11.114 10.171 9.250 8.350 7.472 6.615 6.227 6.134 6.034 5.927 5.813 5.691 5.561 5.425 5.280 5.129 4.970 4.803 5.301 6.260 7.232 8.218 9.218 10.232 11.259 12.299 13.354 14.422 15.503 16.598 16.650 15.969 15.268 14.548 13.807 13.047 12.266 11.466 10.646 9.805 8.945 8.065 7.629 7.526 7.418 7.305 7.186 7.063 6.934 6.801 6.662 6.518 6.369 6.214 6.083 5.960 5.824
12.903 13.491 14.029 14.517 14.955 15.344 15.682 15.971 16.211 16.400 16.540 16.630 16.202 15.205 14.230 13.276 12.344 11.433 10.544 9.677 8.831 8.007 7.205 6.424 5.954 5.836 5.710 5.577 5.437 5.289 5.134 4.971 4.801 4.623 4.439 4.246 4.591 5.598 6.618 7.653 8.700 9.762 10.837 11.926 13.028 14.144 15.273 16.416 16.709 15.959 15.188 14.398 13.588 12.761 11.953 11.170 10.412 9.680 8.972 8.290 7.877 7.756 7.630 7.499 7.362 7.221 7.074 6.922 6.766 6.603 6.436 6.264 6.095 5.925 5.742
13.719 14.131 14.495 14.808 15.072 15.286 15.450 15.565 15.629 15.645 15.610 15.526 15.156 14.235 13.335 12.457 11.601 10.766 9.953 9.161 8.391 7.642 6.915 6.210 5.690 5.546 5.395 5.236 5.069 4.895 4.714 4.526 4.330 4.126 3.916 3.697 3.868 4.923 5.991 7.074 8.169 9.279 10.402 11.538 12.689 13.852 14.969 16.042 16.486 15.640 14.819 14.023 13.252 12.507 11.787 11.091 10.421 9.777 9.157 8.562 8.129 7.990 7.846 7.697 7.543 7.383 7.219 7.049 6.874 6.694 6.509 6.318 6.119 5.903 5.672
14.587 14.826 15.014 15.153 15.242 15.282 15.272 15.212 15.103 14.944 14.735 14.477 14.089 13.243 12.419 11.617 10.836 10.077 9.339 8.623 7.928 7.255 6.604 5.974 5.434 5.264 5.087 4.902 4.710 4.510 4.303 4.089 3.867 3.638 3.401 3.157 3.131 4.234 5.351 6.548 7.727 8.875 9.993 11.081 12.139 13.166 14.164 15.131 15.769 15.011 14.278 13.570 12.887 12.229 11.596 10.989 10.406 9.849 9.317 8.810 8.387 8.230 8.068 7.900 7.728 7.551 7.368 7.180 6.987 6.789 6.586 6.378 6.157 5.893 5.615
15.509 15.573 15.588 15.552 15.467 15.333 15.148 14.914 14.631 14.298 13.915 13.482 13.000 12.230 11.482 10.755 10.050 9.366 8.704 8.063 7.444 6.846 6.270 5.716 5.187 4.991 4.787 4.577 4.359 4.133 3.900 3.663 3.553 3.440 3.323 3.202 3.109 4.272 5.406 6.510 7.583 8.626 9.639 10.622 11.574 12.497 13.389 14.251 15.029 14.358 13.713 13.092 12.497 11.927 11.382 10.862 10.367 9.897 9.452 9.033 8.649 8.474 8.294 8.108 7.918 7.723 7.522 7.316 7.105 6.889 6.668 6.442 6.206 5.896 5.571
16.459 16.375 16.215 16.005 15.746 15.437 15.079 14.671 14.214 13.706 13.150 12.543 11.887 11.196 10.523 9.871 9.242 8.633 8.046 7.481 6.937 6.415 5.914 5.435 4.998 4.871 4.770 4.666 4.558 4.447 4.331 4.212 4.090 3.963 3.833 3.699 3.561 4.475 5.503 6.502 7.470 8.408 9.316 10.193 11.041 11.858 12.645 13.402 14.129 13.681 13.124 12.591 12.083 11.600 11.143 10.710 10.303 9.921 9.563 9.231 8.924 8.722 8.524 8.321 8.113 7.899 7.681 7.457 7.228 6.994 6.755 6.511 6.262 5.911 5.540
17.431 17.230 16.896 16.512 16.079 15.596 15.064 14.482 13.851 13.170 12.439 11.659 10.830 10.140 9.542 8.966 8.412 7.920 7.539 7.177 6.834 6.510 6.206 5.920 5.654 5.503 5.389 5.272 5.151 5.026 4.897 4.765 4.629 4.489 4.346 4.199 4.048 4.707 5.631 6.524 7.387 8.220 9.023 9.795 10.538 11.250 11.932 12.584 13.206 12.981 12.510 12.065 11.645 11.250 10.880 10.534 10.215 9.920 9.650 9.405 9.185 8.976 8.760 8.538 8.312 8.081 7.844 7.603 7.356 7.104 6.847 6.585 6.318 5.940 5.522
18.427 18.138 17.630 17.073 16.466 15.809 15.103 14.347 13.542 12.688 11.817 10.974 10.136 9.537 9.146 8.775 8.422 8.089 7.775 7.479 7.203 6.946 6.708 6.489 6.288 6.138 6.011 5.881 5.746 5.608 5.467 5.321 5.172 5.019 4.862 4.702 4.538 4.970 5.788 6.577 7.335 8.063 8.760 9.428 10.066 10.673 11.250 11.797 12.314 12.256 11.874 11.516 11.183 10.875 10.592 10.335 10.102 9.894 9.712 9.554 9.422 9.234 9.000 8.761 8.516 8.267 8.013 7.753 7.488 7.219 6.944 6.664 6.378 5.981 5.516
19.446 19.100 18.418 17.610 16.751 15.896 15.046 14.200 13.360 12.524 11.693 10.867 10.046 9.419 9.095 8.790 8.504 8.237 7.990 7.761 7.551 7.360 7.189 7.036 6.903 6.776 6.636 6.492 6.345 6.194 6.039 5.880 5.718 5.552 5.382 5.208 5.031 5.263 5.976 6.660 7.313 7.936 8.529 9.091 9.624 10.127 10.599 11.042 11.454 11.508 11.213 10.942 10.697 10.476 10.281 10.110 9.965 9.845 9.749 9.679 9.634 9.496 9.244 8.987 8.725 8.458 8.186 7.908 7.618 7.315 7.013 6.711 6.409 6.026 5.574
19.580 19.067 18.214 17.366 16.523 15.685 14.851 14.023 13.199 12.379 11.565 10.755 9.950 9.281 9.024 8.785 8.566 8.366 8.184 8.022 7.879 7.754 7.649 7.563 7.496 7.417 7.264 7.107 6.947 6.782 6.614 6.443 6.267 6.088 5.905 5.718 5.528 5.586 6.195 6.773 7.321 7.839 8.327 8.785 9.213 9.611 9.979 10.317 10.624 10.736 10.528 10.345 10.186 10.053 9.945 9.862 9.804 9.771 9.763 9.780 9.822 9.745 9.440 9.135 8.831 8.528 8.225 7.923 7.621 7.320 7.019 6.719 6.419 6.066 5.632
19.282 18.785 17.949 17.118 16.291 15.469 14.652 13.840 13.033 12.230 11.432 10.639 9.850 9.123 8.932 8.760 8.607 8.473 8.358 8.263 8.186 8.128 8.089 8.069 8.069 8.062 7.896 7.725 7.552 7.374 7.193 7.008 6.819 6.627 6.431 6.231 6.027 5.939 6.443 6.916 7.360 7.773 8.157 8.510 8.833 9.126 9.390 9.623 9.826 9.940 9.819 9.723 9.652 9.606 9.603 9.620 9.642 9.667 9.698 9.732 9.771 9.734 9.431 9.128 8.826 8.525 8.224 7.923 7.623 7.324 7.025 6.727 6.429 6.100 5.686
19.002 18.474 17.680 16.865 16.055 15.249 14.449 13.653 12.862 12.076 11.294 10.517 9.745 8.978 8.820 8.715 8.628 8.561 8.512 8.483 8.472 8.481 8.508 8.555 8.620 8.705 8.530 8.347 8.160 7.969 7.775 7.577 7.375 7.169 6.960 6.747 6.530 6.322 6.721 7.090 7.429 7.738 8.016 8.265 8.484 8.672 8.831 9.047 9.234 9.343 9.354 9.369 9.389 9.412 9.441 9.473 9.509 9.550 9.596 9.645 9.699 9.724 9.422 9.121 8.821 8.521 8.222 7.924 7.625 7.328 7.031 6.734 6.438 6.130 5.734
18.739 18.157 17.405 16.607 15.813 15.025 14.240 13.461 12.686 11.917 11.152 10.391 9.636 8.885 8.688 8.649 8.629 8.628 8.646 8.683 8.738 8.813 8.907 9.020 9.152 9.303 9.167 8.971 8.771 8.567 8.360 8.148 7.933 7.715 7.492 7.266 7.036 6.803 7.030 7.294 7.755 8.203 8.576 8.876 9.101 9.253 9.330 9.334 9.264 9.119 9.128 9.158 9.193 9.231 9.274 9.322 9.373 9.429 9.490 9.554 9.623 9.696 9.413 9.114 8.815 8.517 8.220 7.923 7.627 7.331 7.036 6.741 6.447 6.154 5.778
