DATA/SHG/ECMWF/20170628/EN-8/20170711.en-8.asc
ncols        190
nrows        64
xllcorner    -5100000.000000000000
yllcorner    4130000.000000000000
cellsize     10000.000000000000
NODATA_value  -99999.000
[rows 0 to 32 of 64, columns 74 to 147 of 190]
2.253 2.445 2.641 2.843 3.049 3.259 3.475 3.579 3.374 3.161 2.971 2.802 2.656 2.531 2.428 2.347 2.288 2.251 2.235 2.289 2.508 2.730 2.967 3.217 3.482 3.761 4.054 4.362 4.683 5.019 5.369 5.921 7.059 8.146 9.182 10.168 11.103 11.987 12.821 13.604 14.336 15.018 15.649 15.852 14.878 13.911 12.953 12.002 11.060 10.125 9.199 8.281 7.371 6.469 5.575 4.896 4.825 4.749 4.666 4.576 4.480 4.378 4.270 4.155 4.034 3.907 3.773 3.627 3.472 3.327 3.192 3.067 2.952 2.847
2.490 2.659 2.810 2.955 3.093 3.224 3.348 3.414 3.257 3.121 3.007 2.915 2.845 2.797 2.770 2.766 2.783 2.823 2.884 2.987 3.269 3.554 3.854 4.168 4.497 4.839 5.196 5.567 5.952 6.351 6.764 7.249 8.160 9.021 9.830 10.590 11.298 11.956 12.564 13.120 13.627 14.082 14.487 14.680 13.741 12.811 11.888 10.973 10.067 9.168 8.278 7.396 6.521 5.655 4.797 4.052 3.953 3.848 3.737 3.619 3.495 3.365 3.229 3.086 2.936 2.781 2.619 2.459 2.349 2.249 2.159 2.080 2.010 1.951
2.414 2.549 2.676 2.797 2.910 3.017 3.117 3.201 3.120 3.061 3.023 3.008 3.014 3.043 3.093 3.165 3.259 3.374 3.512 3.671 4.012 4.362 4.725 5.102 5.494 5.900 6.320 6.754 7.202 7.665 8.141 8.632 9.315 9.949 10.533 11.066 11.549 11.980 12.362 12.692 12.973 13.202 13.381 13.501 12.598 11.703 10.817 9.938 9.067 8.205 7.350 6.504 5.665 4.835 4.012 3.215 3.088 2.955 2.816 2.670 2.518 2.360 2.195 2.024 1.847 1.663 1.473 1.339 1.396 1.468 1.554 1.654 1.769 1.898
2.335 2.446 2.549 2.645 2.735 2.817 2.893 2.961 2.963 2.980 3.020 3.081 3.163 3.268 3.395 3.543 3.713 3.905 4.119 4.355 4.739 5.151 5.578 6.019 6.474 6.943 7.426 7.924 8.435 8.961 9.501 10.055 10.524 10.932 11.290 11.597 11.853 12.059 12.215 12.319 12.374 12.378 12.331 12.234 11.448 10.589 9.738 8.895 8.061 7.234 6.415 5.605 4.802 4.007 3.221 2.442 2.232 2.070 1.951 1.874 1.797 1.719 1.640 1.560 1.480 1.399 1.317 1.234 1.341 1.477 1.627 1.792 1.971 2.165
2.263 2.349 2.428 2.500 2.565 2.624 2.675 2.719 2.786 2.880 2.996 3.133 3.292 3.473 3.676 3.901 4.148 4.416 4.706 5.018 5.448 5.924 6.414 6.918 7.436 7.969 8.515 9.076 9.651 10.240 10.843 11.460 11.787 11.969 12.100 12.182 12.212 12.193 12.122 12.001 11.830 11.608 11.336 11.013 10.292 9.468 8.653 7.846 7.047 6.289 5.572 4.872 4.187 3.519 2.866 2.230 2.041 1.962 1.883 1.803 1.722 1.640 1.558 1.475 1.391 1.306 1.220 1.134 1.272 1.472 1.687 1.916 2.159 2.418
2.197 2.259 2.314 2.362 2.403 2.437 2.464 2.484 2.590 2.760 2.952 3.166 3.401 3.659 3.938 4.239 4.561 4.906 5.272 5.660 6.141 6.680 7.233 7.800 8.382 8.977 9.587 10.211 10.849 11.501 12.167 12.847 13.103 13.059 12.965 12.821 12.626 12.380 12.085 11.738 11.314 10.860 10.405 9.948 9.307 8.581 7.871 7.178 6.501 5.840 5.195 4.566 3.953 3.357 2.777 2.212 1.981 1.899 1.816 1.732 1.648 1.563 1.477 1.390 1.303 1.214 1.125 1.036 1.188 1.453 1.732 2.025 2.333 2.655
2.138 2.176 2.206 2.230 2.247 2.257 2.260 2.256 2.374 2.620 2.888 3.178 3.490 3.824 4.179 4.556 4.955 5.376 5.818 6.282 6.816 7.418 8.034 8.665 9.309 9.968 10.641 11.328 12.029 12.744 13.474 14.053 14.065 13.614 13.163 12.710 12.257 11.802 11.346 10.890 10.432 9.973 9.513 9.052 8.481 7.827 7.190 6.568 5.963 5.374 4.801 4.244 3.703 3.179 2.670 2.178 1.922 1.836 1.750 1.663 1.575 1.486 1.397 1.307 1.216 1.124 1.031 0.938 1.090 1.419 1.762 2.120 2.492 2.878
2.085 2.099 2.105 2.105 2.098 2.084 2.063 2.035 2.138 2.460 2.805 3.171 3.559 3.969 4.400 4.853 5.328 5.825 6.343 6.884 7.474 8.139 8.722 9.258 9.782 10.295 10.797 11.286 11.765 12.231 12.686 13.130 13.222 12.767 12.311 11.854 11.396 10.936 10.476 10.015 9.552 9.089 8.625 8.159 7.640 7.058 6.492 5.943 5.409 4.892 4.391 3.906 3.437 2.984 2.547 2.127 1.864 1.775 1.685 1.594 1.503 1.411 1.318 1.224 1.129 1.034 0.938 0.841 0.977 1.370 1.778 2.200 2.636 3.087
2.039 2.029 2.011 1.987 1.955 1.917 1.872 1.820 1.882 2.281 2.701 3.144 3.608 4.093 4.604 5.116 5.598 6.051 6.474 6.867 7.271 7.779 8.275 8.759 9.232 9.694 10.144 10.583 11.010 11.425 11.829 12.221 12.382 11.922 11.462 11.000 10.537 10.073 9.608 9.142 8.675 8.207 7.738 7.268 6.782 6.272 5.779 5.301 4.839 4.394 3.964 3.551 3.154 2.773 2.408 2.059 1.806 1.714 1.621 1.526 1.432 1.336 1.239 1.142 1.044 0.945 0.846 0.745 0.850 1.308 1.780 2.266 2.766 3.281
2.000 1.965 1.923 1.875 1.819 1.757 1.688 1.665 1.833 2.419 2.976 3.503 4.001 4.468 4.907 5.315 5.694 6.044 6.363 6.653 6.939 7.396 7.841 8.274 8.696 9.106 9.505 9.892 10.268 10.633 10.985 11.327 11.544 11.080 10.615 10.148 9.681 9.212 8.743 8.272 7.801 7.328 6.854 6.380 5.909 5.471 5.049 4.643 4.253 3.880 3.522 3.180 2.855 2.546 2.253 1.976 1.750 1.654 1.557 1.460 1.361 1.262 1.162 1.061 0.960 0.858 0.754 0.651 0.709 1.231 1.767 2.317 2.882 3.460
2.013 2.072 2.141 2.221 2.311 2.412 2.524 2.646 2.783 3.266 3.719 4.143 4.537 4.901 5.236 5.541 5.817 6.063 6.279 6.466 6.627 7.026 7.420 7.802 8.173 8.532 8.880 9.216 9.541 9.854 10.156 10.446 10.709 10.240 9.770 9.299 8.827 8.354 7.880 7.405 6.928 6.451 5.973 5.494 5.020 4.654 4.304 3.969 3.651 3.349 3.063 2.794 2.540 2.302 2.081 1.875 1.695 1.595 1.495 1.394 1.292 1.189 1.086 0.982 0.877 0.771 0.664 0.557 0.554 1.140 1.740 2.354 2.982 3.625
2.726 2.821 2.927 3.044 3.171 3.308 3.456 3.615 3.784 4.138 4.488 4.808 5.099 5.360 5.591 5.793 5.966 6.108 6.221 6.305 6.363 6.670 7.013 7.344 7.663 7.972 8.268 8.553 8.827 9.089 9.339 9.579 9.806 9.403 8.928 8.452 7.976 7.498 7.019 6.540 6.059 5.577 5.094 4.610 4.125 3.821 3.542 3.280 3.033 2.803 2.589 2.390 2.208 2.042 1.892 1.758 1.640 1.537 1.433 1.329 1.223 1.117 1.010 0.903 0.794 0.685 0.575 0.472 0.412 1.057 1.697 2.332 2.963 3.588
3.428 3.560 3.702 3.855 4.019 4.193 4.378 4.573 4.779 5.036 5.283 5.500 5.687 5.845 5.973 6.072 6.141 6.181 6.191 6.171 6.125 6.328 6.619 6.899 7.168 7.425 7.670 7.904 8.127 8.338 8.537 8.725 8.902 8.568 8.088 7.608 7.127 6.645 6.161 5.677 5.191 4.705 4.217 3.729 3.239 2.972 2.765 2.574 2.399 2.240 2.098 1.971 1.860 1.766 1.687 1.625 1.579 1.480 1.372 1.264 1.161 1.060 0.964 0.870 0.781 0.695 0.612 0.533 0.458 1.034 1.652 2.266 2.875 3.479
4.119 4.287 4.466 4.656 4.856 5.067 5.288 5.520 5.762 5.960 6.104 6.217 6.302 6.356 6.381 6.377 6.343 6.279 6.186 6.064 5.914 5.999 6.239 6.468 6.685 6.891 7.086 7.268 7.440 7.600 7.749 7.886 8.011 7.735 7.251 6.766 6.280 5.793 5.305 4.816 4.326 3.835 3.343 2.850 2.356 2.107 1.972 1.852 1.749 1.691 1.667 1.640 1.611 1.579 1.544 1.507 1.468 1.383 1.288 1.196 1.108 1.023 0.942 0.865 0.791 0.721 0.654 0.591 0.531 1.015 1.612 2.205 2.793 3.376
4.799 5.004 5.220 5.446 5.683 5.930 6.188 6.456 6.735 6.910 6.950 6.961 6.942 6.894 6.816 6.708 6.571 6.404 6.208 5.983 5.730 5.683 5.872 6.050 6.216 6.371 6.515 6.647 6.767 6.876 6.974 7.060 7.135 6.905 6.416 5.927 5.436 4.945 4.452 3.959 3.519 3.130 2.739 2.344 1.948 1.772 1.746 1.718 1.688 1.655 1.619 1.581 1.540 1.497 1.451 1.402 1.351 1.279 1.200 1.124 1.052 0.983 0.918 0.856 0.798 0.743 0.692 0.645 0.601 1.001 1.577 2.148 2.715 3.276
5.468 5.710 5.962 6.225 6.498 6.782 7.076 7.381 7.696 7.886 7.823 7.731 7.609 7.457 7.276 7.066 6.826 6.556 6.257 5.929 5.572 5.380 5.518 5.645 5.761 5.865 5.957 6.038 6.108 6.166 6.213 6.305 6.443 6.365 5.983 5.599 5.211 4.821 4.428 4.033 3.635 3.234 2.831 2.424 2.016 1.783 1.747 1.707 1.665 1.621 1.574 1.524 1.472 1.417 1.360 1.300 1.238 1.172 1.109 1.049 0.992 0.939 0.889 0.844 0.801 0.762 0.727 0.695 0.667 0.991 1.546 2.096 2.642 3.182
6.126 6.405 6.693 6.993 7.303 7.623 7.954 8.295 8.647 8.887 8.721 8.526 8.301 8.047 7.763 7.449 7.106 6.734 6.332 5.901 5.441 5.091 5.217 5.368 5.516 5.661 5.804 5.943 6.080 6.213 6.344 6.472 6.597 6.569 6.175 5.778 5.378 4.976 4.572 4.164 3.754 3.341 2.925 2.507 2.086 1.798 1.750 1.699 1.646 1.590 1.531 1.470 1.407 1.341 1.272 1.201 1.127 1.062 1.014 0.970 0.929 0.891 0.858 0.827 0.801 0.778 0.758 0.742 0.729 0.987 1.520 2.049 2.573 3.092
6.774 7.089 7.414 7.750 8.096 8.453 8.820 9.198 9.586 9.915 9.646 9.347 9.019 8.662 8.272 7.830 7.395 6.967 6.546 6.132 5.719 5.362 5.503 5.641 5.777 5.909 6.038 6.165 6.288 6.409 6.527 6.641 6.753 6.775 6.369 5.960 5.549 5.134 4.718 4.298 3.876 3.451 3.023 2.593 2.160 1.815 1.755 1.693 1.629 1.561 1.492 1.419 1.344 1.267 1.187 1.104 1.019 0.948 0.916 0.887 0.862 0.840 0.822 0.808 0.797 0.789 0.785 0.785 0.788 0.987 1.499 2.007 2.509 3.007
7.411 7.762 8.124 8.496 8.879 9.272 9.676 10.072 10.372 10.649 10.212 9.765 9.327 8.895 8.470 8.052 7.642 7.238 6.842 6.453 6.065 5.677 5.793 5.918 6.040 6.159 6.276 6.389 6.500 6.608 6.712 6.814 6.913 6.984 6.566 6.145 5.721 5.295 4.866 4.435 4.000 3.563 3.124 2.681 2.236 1.835 1.764 1.690 1.614 1.536 1.455 1.371 1.285 1.196 1.104 1.010 0.914 0.831 0.814 0.801 0.792 0.786 0.784 0.785 0.789 0.798 0.809 0.825 0.843 0.991 1.483 1.969 2.451 2.927
8.042 8.428 8.789 9.126 9.439 9.728 9.992 10.233 10.449 10.640 10.304 9.883 9.469 9.061 8.661 8.268 7.882 7.503 7.132 6.767 6.404 6.041 6.085 6.197 6.306 6.413 6.516 6.617 6.714 6.809 6.901 6.990 7.076 7.159 6.766 6.333 5.897 5.459 5.018 4.574 4.128 3.679 3.227 2.773 2.316 1.857 1.775 1.690 1.603 1.513 1.420 1.325 1.228 1.127 1.025 0.919 0.812 0.710 0.709 0.712 0.718 0.728 0.741 0.758 0.778 0.802 0.830 0.861 0.895 1.001 1.471 1.936 2.396 2.852
8.816 9.117 9.394 9.647 9.875 10.079 10.259 10.415 10.547 10.654 10.391 9.994 9.604 9.221 8.846 8.477 8.116 7.762 7.415 7.075 6.736 6.398 6.380 6.479 6.576 6.669 6.759 6.847 6.932 7.014 7.092 7.168 7.241 7.312 6.968 6.523 6.076 5.625 5.172 4.716 4.258 3.797 3.333 2.867 2.398 1.926 1.789 1.693 1.594 1.493 1.389 1.282 1.173 1.062 0.948 0.831 0.712 0.590 0.600 0.619 0.641 0.666 0.695 0.728 0.764 0.803 0.846 0.893 0.951 1.038 1.527 2.033 2.553 3.090
9.611 9.828 10.021 10.189 10.333 10.453 10.549 10.620 10.667 10.690 10.470 10.098 9.733 9.375 9.024 8.680 8.343 8.013 7.691 7.375 7.061 6.748 6.678 6.764 6.848 6.928 7.006 7.080 7.152 7.221 7.287 7.350 7.410 7.467 7.173 6.716 6.257 5.794 5.329 4.862 4.391 3.918 3.442 2.964 2.483 1.999 1.806 1.698 1.588 1.475 1.360 1.242 1.122 0.999 0.874 0.746 0.615 0.482 0.488 0.544 0.631 0.713 0.791 0.865 0.935 1.001 1.063 1.120 1.174 1.223 1.749 2.323 2.912 3.517
10.428 10.561 10.669 10.753 10.813 10.848 10.860 10.847 10.810 10.749 10.543 10.196 9.855 9.522 9.195 8.876 8.564 8.259 7.961 7.670 7.380 7.092 6.979 7.052 7.123 7.190 7.255 7.316 7.375 7.431 7.484 7.534 7.582 7.626 7.382 6.912 6.441 5.966 5.489 5.010 4.527 4.042 3.554 3.064 2.571 2.075 1.825 1.706 1.584 1.460 1.347 1.256 1.170 1.089 1.014 0.944 0.880 0.820 0.861 0.934 1.002 1.066 1.126 1.182 1.234 1.281 1.325 1.365 1.400 1.431 1.954 2.597 3.255 3.929
11.267 11.315 11.339 11.338 11.314 11.265 11.193 11.096 10.974 10.829 10.610 10.287 9.971 9.662 9.360 9.065 8.778 8.497 8.223 7.957 7.692 7.429 7.282 7.343 7.400 7.455 7.507 7.555 7.601 7.644 7.685 7.722 7.756 7.787 7.592 7.111 6.627 6.141 5.652 5.160 4.666 4.167 3.668 3.175 2.688 2.207 1.934 1.845 1.762 1.683 1.611 1.543 1.481 1.424 1.372 1.326 1.285 1.249 1.273 1.327 1.377 1.423 1.465 1.502 1.536 1.566 1.591 1.613 1.630 1.643 2.144 2.855 3.582 4.325
12.127 12.091 12.030 11.946 11.837 11.704 11.547 11.366 11.161 10.932 10.670 10.372 10.080 9.796 9.518 9.248 8.985 8.729 8.480 8.238 7.998 7.759 7.589 7.636 7.681 7.723 7.762 7.797 7.830 7.861 7.888 7.912 7.924 7.907 7.720 7.205 6.697 6.194 5.698 5.207 4.723 4.244 3.772 3.305 2.845 2.390 2.098 2.033 1.973 1.918 1.868 1.824 1.786 1.752 1.724 1.701 1.684 1.672 1.687 1.723 1.755 1.783 1.807 1.827 1.842 1.854 1.861 1.864 1.864 1.859 2.317 3.098 3.893 4.705
13.009 12.888 12.744 12.575 12.382 12.165 11.924 11.659 11.370 11.056 10.724 10.450 10.183 9.923 9.670 9.424 9.186 8.954 8.729 8.512 8.297 8.082 7.898 7.948 8.009 8.052 8.079 8.089 8.082 8.057 8.016 7.957 7.882 7.789 7.606 7.118 6.636 6.160 5.689 5.225 4.767 4.315 3.869 3.429 2.995 2.567 2.256 2.214 2.178 2.146 2.121 2.100 2.085 2.075 2.070 2.071 2.077 2.088 2.106 2.124 2.137 2.147 2.153 2.154 2.152 2.145 2.135 2.120 2.101 2.078 2.476 3.324 4.189 5.069
13.912 13.707 13.479 13.226 12.949 12.648 12.323 11.974 11.600 11.203 10.782 10.522 10.279 10.044 9.815 9.587 9.340 9.131 8.960 8.828 8.727 8.650 8.604 8.605 8.591 8.559 8.510 8.444 8.361 8.261 8.144 8.010 7.859 7.691 7.485 7.023 6.568 6.118 5.675 5.237 4.806 4.380 3.960 3.547 3.139 2.738 2.408 2.390 2.377 2.369 2.367 2.370 2.378 2.391 2.410 2.434 2.464 2.499 2.528 2.528 2.523 2.515 2.503 2.486 2.465 2.441 2.412 2.379 2.342 2.302 2.618 3.535 4.468 5.417
14.836 14.548 14.235 13.898 13.537 13.152 12.743 12.310 11.817 11.188 10.575 10.216 9.948 9.719 9.528 9.376 9.262 9.186 9.148 9.149 9.182 9.240 9.329 9.281 9.191 9.083 8.959 8.817 8.659 8.483 8.291 8.081 7.855 7.611 7.351 6.923 6.494 6.071 5.654 5.243 4.838 4.438 4.045 3.658 3.277 2.902 2.554 2.560 2.570 2.586 2.607 2.633 2.665 2.702 2.744 2.792 2.845 2.903 2.953 2.935 2.913 2.886 2.856 2.821 2.783 2.740 2.693 2.642 2.587 2.528 2.745 3.731 4.732 5.749
15.782 15.316 14.630 13.959 13.306 12.668 12.046 11.441 10.852 10.280 9.723 9.437 9.303 9.207 9.149 9.130 9.149 9.206 9.302 9.436 9.602 9.795 10.019 9.975 9.809 9.626 9.426 9.209 8.975 8.724 8.456 8.171 7.869 7.550 7.214 6.817 6.414 6.017 5.626 5.242 4.863 4.490 4.123 3.763 3.408 3.059 2.716 2.724 2.758 2.797 2.841 2.891 2.946 3.007 3.073 3.144 3.220 3.302 3.383 3.346 3.306 3.261 3.213 3.160 3.104 3.043 2.978 2.909 2.836 2.759 2.856 3.910 4.980 6.066
14.588 13.942 13.312 12.699 12.101 11.520 10.956 10.407 9.875 9.358 8.859 8.624 8.623 8.660 8.736 8.849 9.002 9.192 9.421 9.688 9.988 10.315 10.673 10.687 10.446 10.187 9.912 9.619 9.310 8.983 8.640 8.280 7.902 7.508 7.097 6.704 6.327 5.957 5.593 5.234 4.882 4.536 4.195 3.861 3.533 3.210 2.894 2.882 2.939 3.002 3.070 3.143 3.222 3.306 3.395 3.490 3.589 3.694 3.805 3.761 3.703 3.640 3.574 3.503 3.428 3.349 3.267 3.180 3.089 2.994 3.018 4.264 5.452 6.582
13.145 12.555 11.982 11.425 10.884 10.359 9.851 9.359 8.883 8.423 7.980 7.777 7.909 8.079 8.288 8.535 8.820 9.143 9.505 9.905 10.339 10.801 11.293 11.418 11.101 10.767 10.416 10.048 9.663 9.261 8.843 8.407 7.954 7.485 6.998 6.584 6.235 5.891 5.553 5.221 4.895 4.575 4.261 3.953 3.651 3.355 3.064 3.034 3.115 3.201 3.293 3.389 3.491 3.599 3.711 3.829 3.953 4.081 4.215 4.180 4.103 4.024 3.968 3.947 3.959 4.004 4.083 4.196 4.343 4.524 4.738 5.678 6.612 7.487
11.688 11.155 10.638 10.137 9.653 9.185 8.733 8.298 7.878 7.475 7.088 6.896 7.161 7.464 7.806 8.186 8.604 9.060 9.555 10.087 10.655 11.251 11.877 12.166 11.774 11.364 10.938 10.495 10.035 9.558 9.064 8.553 8.025 7.480 6.918 6.459 6.135 5.818 5.506 5.201 4.901 4.608 4.320 4.038 3.762 3.493 3.229 3.181 3.285 3.395 3.510 3.630 3.750 3.855 3.956 4.053 4.145 4.233 4.317 4.339 4.365 4.424 4.518 4.645 4.806 5.000 5.228 5.490 5.786 6.115 6.478 7.148 7.827 8.448
10.218 9.741 9.281 8.837 8.409 7.997 7.602 7.223 6.860 6.513 6.182 5.981 6.379 6.815 7.290 7.802 8.353 8.942 9.570 10.235 10.936 11.666 12.427 12.933 12.465 11.980 11.479 10.960 10.425 9.873 9.303 8.717 8.114 7.494 6.857 6.327 6.030 5.739 5.454 5.174 4.901 4.634 4.373 4.126 3.900 3.667 3.426 3.347 3.455 3.558 3.658 3.753 3.843 3.929 4.011 4.088 4.161 4.230 4.294 4.407 4.582 4.790 5.032 5.308 5.618 5.961 6.338 6.748 7.193 7.670 8.182 8.673 9.097 9.464
