DATA/SHG/ECMWF/20170628/EN-8/20170709.en-8.asc
ncols        190
nrows        64
xllcorner    -5100000.000000000000
yllcorner    4130000.000000000000
cellsize     10000.000000000000
NODATA_value  -99999.000
[rows 0 to 32 of 64, columns 0 to 73 of 190]
0.009 0.009 0.009 0.010 0.011 0.011 0.012 0.013 0.014 0.015 0.016 0.016 0.016 0.016 0.015 0.014 0.013 0.011 0.009 0.026 0.049 0.103 0.168 0.231 0.289 0.345 0.397 0.445 0.490 0.532 0.570 0.605 0.637 0.838 1.173 1.535 1.924 2.341 2.784 3.255 3.753 4.278 4.830 5.409 6.016 6.595 7.151 7.733 8.339 8.972 9.629 10.311 11.019 11.752 12.511 13.295 14.104 14.709 15.038 15.352 15.653 15.939 16.210 16.467 16.709 16.937 17.151 17.350 17.535 17.391 16.691 15.929 15.105 14.219
0.007 0.008 0.008 0.009 0.010 0.011 0.012 0.013 0.014 0.015 0.014 0.014 0.036 0.059 0.082 0.105 0.128 0.150 0.173 0.195 0.217 0.258 0.311 0.361 0.408 0.451 0.491 0.528 0.561 0.590 0.616 0.639 0.659 0.858 1.289 1.747 2.232 2.744 3.283 3.849 4.443 5.064 5.712 6.386 7.089 7.775 8.420 9.090 9.786 10.506 11.252 12.024 12.820 13.642 14.489 15.361 16.259 16.975 17.253 17.517 17.766 18.001 18.221 18.427 18.619 18.796 18.958 19.107 19.240 19.113 18.195 17.216 16.176 15.074
0.005 0.006 0.007 0.008 0.013 0.032 0.055 0.082 0.112 0.140 0.163 0.186 0.209 0.231 0.254 0.276 0.298 0.320 0.342 0.364 0.386 0.416 0.457 0.495 0.530 0.561 0.589 0.613 0.634 0.652 0.666 0.677 0.684 0.850 1.377 1.930 2.511 3.119 3.753 4.415 5.104 5.821 6.564 7.335 8.132 8.927 9.661 10.420 11.204 12.014 12.848 13.708 14.593 15.504 16.439 17.400 18.386 19.252 19.479 19.692 19.890 20.074 20.243 20.398 20.539 20.665 20.776 20.874 20.647 20.274 18.965 17.695 16.462 15.268
0.036 0.054 0.075 0.100 0.128 0.160 0.195 0.234 0.276 0.314 0.337 0.359 0.381 0.403 0.425 0.447 0.469 0.490 0.511 0.533 0.554 0.577 0.607 0.633 0.655 0.674 0.690 0.702 0.711 0.717 0.719 0.718 0.713 0.814 1.436 2.085 2.761 3.465 4.195 4.953 5.737 6.549 7.388 8.254 9.147 10.053 10.875 11.723 12.595 13.493 14.417 15.365 16.339 17.337 18.361 19.410 20.485 21.540 21.716 21.877 21.993 21.726 21.463 21.204 20.950 20.700 20.454 20.212 19.975 19.742 18.584 17.447 16.348 15.287
0.099 0.129 0.163 0.200 0.240 0.284 0.331 0.382 0.436 0.488 0.510 0.532 0.553 0.575 0.596 0.618 0.639 0.660 0.681 0.701 0.722 0.742 0.760 0.773 0.784 0.791 0.795 0.795 0.792 0.785 0.775 0.762 0.745 0.750 1.468 2.212 2.984 3.783 4.609 5.462 6.341 7.249 8.183 9.144 10.132 11.147 12.062 12.998 13.959 14.946 15.957 16.994 18.056 19.055 19.773 20.485 21.192 21.893 21.714 21.453 21.196 20.944 20.697 20.453 20.214 19.979 19.748 19.522 19.300 19.082 18.167 17.163 16.198 15.270
0.158 0.200 0.246 0.295 0.348 0.404 0.463 0.526 0.592 0.662 0.683 0.704 0.726 0.747 0.768 0.788 0.809 0.829 0.850 0.870 0.890 0.910 0.916 0.918 0.916 0.911 0.903 0.891 0.876 0.857 0.835 0.810 0.781 0.749 1.471 2.311 3.178 4.072 4.994 5.942 6.917 7.919 8.949 10.005 11.089 12.199 13.115 13.852 14.584 15.310 16.031 16.746 17.456 18.161 18.860 19.553 20.241 20.924 20.883 20.638 20.397 20.160 19.927 19.699 19.475 19.255 19.040 18.829 18.622 18.419 17.715 16.845 16.012 15.218
0.214 0.268 0.326 0.387 0.452 0.520 0.591 0.666 0.745 0.826 0.856 0.877 0.898 0.918 0.939 0.959 0.979 0.999 1.019 1.038 1.058 1.077 1.075 1.065 1.052 1.035 1.014 0.990 0.963 0.933 0.899 0.861 0.820 0.776 1.446 2.382 3.344 4.334 5.350 6.357 7.317 8.243 9.137 9.998 10.825 11.620 12.358 13.077 13.790 14.497 15.199 15.896 16.587 17.273 17.953 18.628 19.297 19.961 20.050 19.820 19.594 19.372 19.155 18.942 18.733 18.528 18.328 18.132 17.940 17.753 17.228 16.491 15.791 15.130
0.265 0.332 0.401 0.475 0.552 0.632 0.715 0.802 0.893 0.987 1.029 1.049 1.070 1.090 1.109 1.129 1.149 1.168 1.187 1.207 1.226 1.245 1.238 1.216 1.190 1.161 1.129 1.093 1.054 1.011 0.965 0.916 0.937 0.992 1.643 2.651 3.627 4.570 5.480 6.357 7.200 8.011 8.789 9.534 10.247 10.926 11.608 12.307 13.002 13.690 14.374 15.052 15.724 16.391 17.053 17.709 18.360 19.005 19.214 18.999 18.788 18.582 18.379 18.181 17.988 17.798 17.613 17.433 17.256 17.084 16.706 16.102 15.535 15.007
0.313 0.391 0.473 0.559 0.648 0.740 0.835 0.935 1.037 1.143 1.202 1.222 1.241 1.261 1.280 1.299 1.318 1.337 1.356 1.375 1.393 1.412 1.405 1.370 1.333 1.337 1.355 1.383 1.422 1.472 1.532 1.603 1.685 1.777 2.253 3.146 4.007 4.834 5.628 6.389 7.118 7.813 8.475 9.105 9.702 10.265 10.864 11.545 12.220 12.890 13.555 14.214 14.868 15.516 16.159 16.796 17.428 18.055 18.375 18.175 17.979 17.788 17.601 17.418 17.240 17.065 16.896 16.730 16.569 16.412 16.149 15.677 15.244 14.849
0.357 0.447 0.541 0.639 0.740 0.844 0.952 1.063 1.177 1.295 1.375 1.394 1.413 1.432 1.451 1.470 1.488 1.516 1.594 1.651 1.688 1.705 1.710 1.734 1.767 1.812 1.867 1.933 2.009 2.096 2.193 2.301 2.420 2.549 2.897 3.675 4.419 5.131 5.809 6.455 7.068 7.648 8.195 8.709 9.190 9.639 10.126 10.788 11.445 12.096 12.742 13.383 14.018 14.647 15.272 15.890 16.504 17.112 17.533 17.348 17.168 16.992 16.820 16.652 16.489 16.330 16.175 16.024 15.878 15.736 15.557 15.218 14.917 14.655
0.396 0.499 0.605 0.715 0.828 0.944 1.064 1.187 1.314 1.444 1.594 1.744 1.873 1.981 2.069 2.136 2.183 2.209 2.215 2.200 2.164 2.108 2.061 2.122 2.193 2.275 2.367 2.470 2.583 2.707 2.842 2.987 3.143 3.309 3.573 4.235 4.864 5.460 6.024 6.554 7.052 7.516 7.948 8.347 8.713 9.046 9.395 10.038 10.676 11.309 11.936 12.558 13.174 13.785 14.391 14.991 15.586 16.175 16.688 16.519 16.353 16.192 16.035 15.883 15.735 15.591 15.451 15.316 15.185 15.058 14.930 14.724 14.556 14.425
0.433 0.547 0.665 0.839 1.074 1.326 1.595 1.881 2.185 2.506 2.817 2.894 2.950 2.986 3.002 2.996 2.970 2.924 2.857 2.770 2.662 2.533 2.401 2.499 2.607 2.726 2.855 2.995 3.146 3.307 3.479 3.661 3.854 4.057 4.282 4.829 5.342 5.823 6.271 6.686 7.068 7.418 7.734 8.018 8.269 8.487 8.672 9.294 9.914 10.527 11.136 11.739 12.337 12.929 13.516 14.098 14.674 15.245 15.810 15.686 15.536 15.390 15.248 15.111 14.978 14.849 14.724 14.637 14.559 14.458 14.334 14.186 14.033 13.876
0.830 1.073 1.334 1.612 1.908 2.220 2.550 2.897 3.262 3.644 4.043 4.065 4.049 4.012 3.955 3.877 3.779 3.660 3.520 3.360 3.180 2.979 2.757 2.863 3.009 3.165 3.331 3.509 3.696 3.895 4.104 4.323 4.553 4.794 5.045 5.455 5.853 6.219 6.551 6.851 7.118 7.353 7.554 7.723 7.858 7.961 8.032 8.557 9.157 9.753 10.343 10.927 11.506 12.080 12.648 13.211 13.769 14.321 14.867 14.851 14.823 14.823 14.800 14.755 14.688 14.598 14.486 14.352 14.195 14.016 13.814 13.641 13.475 13.306
1.400 1.704 2.026 2.365 2.721 3.095 3.485 3.893 4.318 4.761 5.221 5.256 5.168 5.058 4.929 4.778 4.607 4.416 4.204 3.972 3.719 3.446 3.152 3.217 3.399 3.592 3.796 4.010 4.235 4.471 4.717 4.973 5.240 5.518 5.806 6.113 6.397 6.647 6.865 7.049 7.201 7.321 7.407 7.461 7.482 7.470 7.425 7.825 8.407 8.984 9.555 10.121 10.682 11.420 12.173 12.906 13.618 14.310 14.981 15.163 15.107 15.028 14.927 14.804 14.659 14.491 14.300 14.088 13.853 13.596 13.317 13.100 12.922 12.740
1.951 2.316 2.698 3.098 3.515 3.949 4.400 4.869 5.355 5.858 6.378 6.468 6.307 6.125 5.923 5.700 5.457 5.193 4.909 4.605 4.279 3.934 3.568 3.558 3.778 4.008 4.249 4.500 4.762 5.035 5.318 5.611 5.915 6.230 6.555 6.805 6.973 7.108 7.211 7.280 7.318 7.322 7.293 7.232 7.138 7.011 7.112 7.623 8.427 9.211 9.974 10.716 11.439 12.141 12.822 13.483 14.124 14.745 15.345 15.546 15.411 15.255 15.076 14.874 14.651 14.405 14.136 13.846 13.533 13.198 12.841 12.564 12.373 12.178
2.481 2.907 3.350 3.811 4.288 4.783 5.295 5.824 6.371 6.934 7.515 7.700 7.467 7.213 6.938 6.643 6.328 5.992 5.635 5.258 4.861 4.443 4.004 3.888 4.145 4.412 4.690 4.978 5.277 5.587 5.907 6.237 6.579 6.930 7.292 7.529 7.582 7.602 7.615 7.756 7.886 8.005 8.113 8.210 8.296 8.370 8.434 8.790 9.522 10.234 10.926 11.598 12.249 12.880 13.490 14.080 14.650 15.200 15.729 15.950 15.737 15.502 15.245 14.966 14.664 14.340 13.994 13.626 13.235 12.822 12.386 12.031 11.828 11.620
2.992 3.478 3.982 4.503 5.041 5.597 6.169 6.759 7.366 7.990 8.632 8.953 8.647 8.320 7.974 7.606 7.219 6.810 6.382 5.933 5.463 4.973 4.462 4.206 4.500 4.805 5.119 5.445 5.781 6.127 6.484 6.888 7.390 7.913 8.456 8.886 9.021 9.145 9.259 9.361 9.452 9.532 9.600 9.658 9.705 9.741 9.765 9.974 10.636 11.277 11.897 12.498 13.078 13.637 14.177 14.696 15.195 15.673 16.131 16.375 16.084 15.771 15.436 15.079 14.699 14.297 13.873 13.427 12.958 12.467 11.954 11.503 11.287 11.067
3.483 4.030 4.594 5.176 5.774 6.390 7.024 7.674 8.341 9.026 9.728 10.226 9.848 9.449 9.030 8.590 8.130 7.650 7.149 6.628 6.086 5.524 4.941 4.513 4.882 5.312 5.763 6.235 6.727 7.240 7.773 8.327 8.901 9.496 10.112 10.656 10.752 10.837 10.911 10.974 11.026 11.067 11.097 11.115 11.123 11.120 11.105 11.178 11.768 12.338 12.887 13.416 13.925 14.414 14.882 15.330 15.758 16.166 16.553 16.821 16.452 16.061 15.648 15.213 14.756 14.276 13.774 13.250 12.703 12.135 11.544 10.979 10.750 10.518
3.954 4.561 5.186 5.828 6.488 7.164 7.858 8.568 9.296 10.041 10.804 11.519 11.069 10.598 10.107 9.595 9.063 8.490 7.914 7.354 6.810 6.282 5.769 5.311 5.793 6.295 6.818 7.362 7.926 8.511 9.117 9.743 10.389 11.057 11.744 12.435 12.492 12.538 12.573 12.597 12.610 12.611 12.602 12.582 12.551 12.508 12.455 12.399 12.918 13.417 13.895 14.354 14.792 15.209 15.607 15.984 16.341 16.677 16.994 17.288 16.841 16.373 15.882 15.369 14.834 14.276 13.696 13.094 12.470 11.824 11.155 10.464 10.218 9.973
4.405 5.073 5.759 6.461 7.181 7.918 8.672 9.443 10.231 11.037 11.749 12.443 11.957 11.358 10.775 10.207 9.655 9.118 8.598 8.093 7.604 7.130 6.673 6.231 6.680 7.255 7.850 8.466 9.102 9.759 10.437 11.135 11.854 12.593 13.353 14.133 14.240 14.247 14.243 14.228 14.202 14.165 14.117 14.057 13.987 13.906 13.813 13.710 14.087 14.515 14.922 15.310 15.677 16.023 16.350 16.656 16.942 17.208 17.453 17.678 17.252 16.705 16.137 15.546 14.933 14.297 13.640 12.960 12.258 11.534 10.788 10.019 9.690 9.432
4.836 5.565 6.311 6.983 7.660 8.341 9.028 9.720 10.416 11.118 11.824 12.536 12.294 11.749 11.221 10.708 10.211 9.730 9.264 8.814 8.380 7.961 7.558 7.171 7.545 8.192 8.859 9.547 10.255 10.984 11.734 12.504 13.295 14.106 14.938 15.790 15.998 15.966 15.923 15.869 15.804 15.727 15.640 15.542 15.433 15.313 15.181 15.039 15.275 15.631 15.968 16.284 16.580 16.856 17.112 17.347 17.562 17.757 17.932 18.086 17.683 17.059 16.413 15.744 15.053 14.340 13.605 12.830 12.032 11.249 10.482 9.731 9.354 9.111
4.876 5.555 6.240 6.929 7.623 8.323 9.027 9.736 10.450 11.169 11.893 12.622 12.613 12.123 11.650 11.192 10.750 10.323 9.913 9.517 9.138 8.774 8.426 8.094 8.386 9.105 9.845 10.605 11.385 12.186 13.008 13.850 14.712 15.595 16.499 17.423 17.764 17.693 17.611 17.518 17.414 17.299 17.173 17.036 16.888 16.728 16.558 16.377 16.480 16.766 17.032 17.278 17.503 17.708 17.893 18.057 18.202 18.326 18.430 18.514 18.045 17.191 16.353 15.530 14.724 13.933 13.158 12.398 11.655 10.927 10.215 9.519 9.085 8.820
4.763 5.461 6.163 6.870 7.581 8.298 9.020 9.747 10.479 11.215 11.957 12.704 12.915 12.480 12.061 11.658 11.271 10.900 10.544 10.203 9.879 9.570 9.277 8.999 9.205 9.996 10.807 11.639 12.492 13.365 14.258 15.172 16.106 17.061 18.037 19.033 19.539 19.429 19.309 19.177 19.034 18.880 18.715 18.539 18.352 18.154 17.944 17.724 17.705 17.920 18.115 18.289 18.444 18.424 18.305 18.182 18.056 17.927 17.795 17.659 17.214 16.415 15.632 14.864 14.113 13.377 12.656 11.952 11.263 10.590 9.933 9.292 8.822 8.535
4.646 5.360 6.080 6.804 7.534 8.268 9.008 9.752 10.501 11.256 12.015 12.779 13.199 12.820 12.456 12.108 11.775 11.458 11.157 10.872 10.602 10.348 10.110 9.887 10.001 10.864 11.747 12.651 13.575 14.520 15.485 16.471 17.477 18.504 19.551 20.619 21.323 21.175 21.015 20.844 20.662 20.469 20.265 20.051 19.825 19.588 19.104 18.552 18.147 18.033 17.915 17.794 17.670 17.543 17.412 17.279 17.142 17.002 16.859 16.712 16.369 15.625 14.897 14.184 13.487 12.806 12.141 11.491 10.858 10.240 9.637 9.051 8.565 8.257
4.522 5.255 5.992 6.734 7.481 8.233 8.990 9.752 10.519 11.290 12.067 12.849 13.467 13.142 12.833 12.540 12.262 12.000 11.754 11.523 11.308 11.108 10.925 10.757 10.774 11.709 12.664 13.639 14.635 15.652 16.689 17.747 18.825 19.923 21.042 22.182 23.116 22.929 22.730 22.163 21.562 20.975 20.402 19.843 19.299 18.768 18.252 17.750 17.325 17.200 17.071 16.939 16.804 16.666 16.524 16.380 16.232 16.081 15.927 15.770 15.510 14.821 14.148 13.490 12.848 12.222 11.611 11.017 10.438 9.874 9.327 8.795 8.315 7.985
4.404 5.143 5.898 6.658 7.422 8.192 8.966 9.746 10.530 11.319 12.114 12.913 13.717 13.447 13.193 12.954 12.731 12.524 12.332 12.156 11.996 11.851 11.722 11.609 11.524 12.531 13.557 14.605 15.673 16.761 17.870 18.992 19.762 20.520 21.266 22.000 22.692 22.098 21.518 20.952 20.400 19.863 19.339 18.830 18.335 17.854 17.388 16.935 16.507 16.371 16.231 16.088 15.942 15.793 15.641 15.485 15.326 15.165 14.999 14.831 14.637 14.003 13.384 12.782 12.194 11.623 11.067 10.528 10.003 9.495 9.002 8.525 8.070 7.719
4.415 5.027 5.799 6.576 7.358 8.145 8.937 9.734 10.536 11.343 12.155 12.971 13.793 13.735 13.536 13.352 13.183 13.031 12.894 12.773 12.667 12.577 12.502 12.444 12.360 13.022 13.821 14.609 15.385 16.149 16.902 17.643 18.372 19.090 19.796 20.490 21.172 20.775 20.244 19.728 19.226 18.738 18.264 17.804 17.359 16.927 16.510 16.107 15.718 15.546 15.396 15.242 15.085 14.925 14.761 14.595 14.425 14.252 14.076 13.897 13.715 13.171 12.607 12.059 11.527 11.010 10.509 10.024 9.555 9.101 8.663 8.241 7.834 7.459
4.435 4.904 5.694 6.489 7.289 8.093 8.903 9.717 10.536 11.361 12.190 13.024 13.863 14.006 13.861 13.732 13.618 13.472 13.217 12.952 12.677 12.390 12.094 11.786 11.468 11.929 12.688 13.435 14.171 14.895 15.607 16.308 16.997 17.674 18.339 18.993 19.635 19.439 18.958 18.491 18.038 17.600 17.176 16.766 16.370 15.988 15.620 15.266 14.927 14.726 14.565 14.400 14.232 14.061 13.887 13.709 13.528 13.345 13.158 12.968 12.774 12.325 11.816 11.323 10.845 10.383 9.937 9.507 9.092 8.693 8.310 7.942 7.590 7.206
4.465 4.777 5.584 6.396 7.213 8.035 8.862 9.694 10.531 11.373 12.236 13.045 13.755 13.911 13.662 13.402 13.132 12.851 12.559 12.257 11.945 11.622 11.288 10.944 10.590 10.850 11.569 12.275 12.971 13.654 14.326 14.986 15.635 16.271 16.897 17.510 18.112 18.090 17.659 17.242 16.839 16.450 16.075 15.714 15.368 15.035 14.717 14.413 14.123 13.910 13.738 13.562 13.383 13.201 13.016 12.828 12.636 12.441 12.243 12.042 11.838 11.465 11.011 10.572 10.150 9.742 9.351 8.975 8.615 8.271 7.942 7.629 7.332 6.959
4.504 4.643 5.468 6.553 7.709 8.767 9.725 10.584 11.344 12.004 12.565 13.027 13.390 13.450 13.163 12.867 12.560 12.242 11.914 11.575 11.226 10.866 10.496 10.115 9.723 9.784 10.463 11.129 11.784 12.427 13.058 13.678 14.286 14.883 15.468 16.041 16.602 16.729 16.348 15.980 15.626 15.287 14.961 14.650 14.353 14.070 13.801 13.546 13.305 13.099 12.915 12.728 12.539 12.346 12.150 11.950 11.748 11.542 11.333 11.121 10.906 10.591 10.192 9.808 9.440 9.087 8.750 8.429 8.162 7.982 7.829 7.706 7.611 7.406
6.934 7.506 8.513 9.421 10.230 10.940 11.551 12.062 12.474 12.787 13.001 13.116 13.132 13.000 12.677 12.344 12.000 11.645 11.280 10.905 10.519 10.122 9.715 9.297 8.869 8.732 9.370 9.996 10.611 11.213 11.804 12.384 12.952 13.508 14.053 14.585 15.107 15.356 15.024 14.705 14.401 14.111 13.835 13.573 13.325 13.091 12.872 12.666 12.475 12.291 12.097 11.899 11.698 11.495 11.288 11.077 10.864 10.647 10.428 10.205 9.979 9.730 9.448 9.195 8.971 8.775 8.608 8.469 8.359 8.278 8.225 8.201 8.205 8.080
10.473 11.174 11.834 12.394 12.856 13.218 13.482 13.646 13.711 13.677 13.544 13.312 12.981 12.563 12.203 11.833 11.452 11.061 10.659 10.246 9.824 9.390 8.946 8.492 8.027 7.693 8.291 8.877 9.451 10.013 10.564 11.103 11.631 12.147 12.651 13.144 13.625 13.970 13.687 13.418 13.163 12.923 12.696 12.483 12.285 12.100 11.930 11.774 11.632 11.488 11.283 11.074 10.863 10.648 10.479 10.334 10.176 10.006 9.823 9.627 9.419 9.204 9.022 8.868 8.743 8.647 8.579 8.540 8.529 8.547 8.593 8.668 8.772 8.762
13.924 14.889 15.259 15.472 15.586 15.602 15.518 15.335 15.054 14.673 14.193 13.615 12.937 12.160 11.740 11.333 10.916 10.488 10.049 9.600 9.141 8.671 8.190 7.699 7.198 6.686 7.225 7.771 8.304 8.827 9.337 9.836 10.323 10.799 11.263 11.715 12.156 12.572 12.338 12.119 11.913 11.722 11.544 11.381 11.232 11.097 10.976 11.054 11.090 10.979 10.853 10.715 10.564 10.400 10.223 10.034 9.833 9.618 9.391 9.152 8.900 8.651 8.568 8.514 8.488 8.491 8.523 8.583 8.671 8.788 8.934 9.108 9.310 9.454
