DATA/SHG/ECMWF/20170628/EN-8/20170629.en-8.asc
ncols        190
nrows        64
xllcorner    -5100000.000000000000
yllcorner    4130000.000000000000
cellsize     10000.000000000000
NODATA_value  -99999.000
[rows 0 to 31 of 64, columns 0 to 72 of 190]
5.079 5.003 4.935 4.875 4.823 4.779 4.743 4.715 4.695 4.723 4.761 4.794 4.822 4.845 4.863 4.875 4.883 4.886 4.884 4.929 4.988 5.147 5.351 5.551 5.746 5.937 6.123 6.305 6.482 6.655 6.823 6.987 7.146 7.168 7.114 7.071 7.040 7.021 7.014 7.018 7.035 7.063 7.104 7.156 7.220 7.262 7.284 7.317 7.360 7.413 7.476 7.549 7.633 7.727 7.831 7.946 8.071 8.223 8.403 8.586 8.774 8.966 9.163 9.363 9.568 9.777 9.991 10.209 10.431 10.649 10.860 11.076 11.297
4.102 4.054 4.015 3.983 3.959 3.944 3.936 3.936 3.944 3.965 3.985 4.001 4.071 4.140 4.207 4.270 4.330 4.387 4.441 4.492 4.539 4.663 4.852 5.036 5.215 5.390 5.561 5.727 5.888 6.046 6.198 6.346 6.490 6.555 6.543 6.542 6.553 6.576 6.610 6.657 6.716 6.786 6.868 6.962 7.068 7.158 7.217 7.285 7.364 7.453 7.553 7.662 7.782 7.912 8.052 8.203 8.364 8.540 8.734 8.933 9.136 9.343 9.554 9.770 9.990 10.214 10.443 10.675 10.913 11.150 11.379 11.614 11.854
3.117 3.098 3.087 3.084 3.104 3.192 3.278 3.362 3.444 3.519 3.587 3.652 3.713 3.772 3.827 3.880 3.929 3.975 4.018 4.058 4.095 4.185 4.357 4.526 4.690 4.849 5.004 5.154 5.300 5.442 5.579 5.712 5.840 5.931 5.960 6.001 6.054 6.119 6.196 6.284 6.385 6.497 6.621 6.757 6.905 7.045 7.139 7.244 7.359 7.484 7.619 7.765 7.921 8.087 8.263 8.449 8.646 8.852 9.061 9.275 9.493 9.715 9.941 10.172 10.407 10.646 10.890 11.137 11.270 11.399 11.512 11.626 11.739
2.476 2.565 2.652 2.737 2.820 2.900 2.979 3.055 3.130 3.198 3.255 3.309 3.359 3.407 3.452 3.493 3.532 3.567 3.599 3.629 3.655 3.711 3.868 4.021 4.169 4.313 4.453 4.587 4.718 4.844 4.965 5.082 5.195 5.296 5.367 5.450 5.544 5.651 5.770 5.900 6.042 6.196 6.362 6.540 6.729 6.921 7.052 7.192 7.343 7.504 7.676 7.857 8.049 8.251 8.463 8.685 8.918 9.159 9.384 9.612 9.833 9.921 10.019 10.127 10.244 10.372 10.509 10.656 10.813 10.980 11.095 11.208 11.322
2.224 2.306 2.385 2.463 2.538 2.611 2.682 2.751 2.818 2.880 2.926 2.969 3.009 3.046 3.080 3.111 3.139 3.163 3.185 3.203 3.218 3.243 3.385 3.522 3.655 3.783 3.907 4.026 4.141 4.251 4.357 4.459 4.556 4.649 4.762 4.887 5.023 5.172 5.332 5.504 5.688 5.884 6.091 6.311 6.542 6.785 6.954 7.131 7.317 7.514 7.722 7.939 8.167 8.376 8.490 8.595 8.692 8.781 8.874 8.977 9.090 9.212 9.345 9.487 9.640 9.802 9.974 10.156 10.348 10.550 10.678 10.792 10.906
1.975 2.049 2.121 2.191 2.259 2.325 2.388 2.450 2.509 2.566 2.602 2.634 2.663 2.689 2.712 2.732 2.749 2.763 2.774 2.781 2.786 2.787 2.907 3.028 3.145 3.258 3.366 3.470 3.569 3.664 3.754 3.840 3.922 3.999 4.146 4.312 4.490 4.681 4.883 5.097 5.322 5.560 5.809 6.070 6.343 6.628 6.824 6.967 7.102 7.228 7.346 7.456 7.558 7.651 7.736 7.812 7.880 7.940 8.052 8.190 8.337 8.495 8.662 8.840 9.027 9.224 9.431 9.647 9.874 10.111 10.261 10.376 10.490
1.728 1.795 1.860 1.922 1.983 2.041 2.097 2.151 2.203 2.253 2.281 2.302 2.321 2.336 2.348 2.358 2.364 2.367 2.367 2.363 2.357 2.348 2.434 2.540 2.641 2.739 2.831 2.919 3.003 3.082 3.157 3.228 3.294 3.355 3.518 3.726 3.946 4.178 4.422 4.683 4.945 5.200 5.449 5.692 5.929 6.159 6.313 6.427 6.532 6.630 6.719 6.799 6.871 6.935 6.991 7.038 7.077 7.107 7.221 7.394 7.577 7.769 7.971 8.183 8.405 8.637 8.879 9.130 9.391 9.663 9.845 9.960 10.075
1.485 1.544 1.601 1.656 1.709 1.760 1.809 1.856 1.900 1.942 1.964 1.975 1.982 1.987 1.988 1.987 1.982 1.974 1.963 1.949 1.932 1.912 1.967 2.057 2.143 2.225 2.302 2.374 2.442 2.506 2.566 2.620 2.717 2.823 3.031 3.303 3.568 3.826 4.079 4.325 4.565 4.798 5.025 5.246 5.461 5.669 5.811 5.895 5.972 6.040 6.100 6.151 6.194 6.229 6.255 6.274 6.283 6.285 6.383 6.590 6.807 7.034 7.271 7.518 7.775 8.041 8.318 8.604 8.900 9.206 9.430 9.545 9.660
1.244 1.295 1.345 1.393 1.439 1.482 1.523 1.563 1.600 1.635 1.651 1.651 1.647 1.641 1.632 1.620 1.604 1.586 1.564 1.539 1.512 1.481 1.504 1.579 1.650 1.776 1.901 2.020 2.135 2.244 2.348 2.446 2.540 2.628 2.791 3.040 3.283 3.519 3.750 3.974 4.192 4.403 4.608 4.807 5.000 5.186 5.318 5.373 5.421 5.460 5.490 5.513 5.526 5.532 5.529 5.518 5.499 5.471 5.535 5.777 6.029 6.291 6.563 6.845 7.136 7.437 7.748 8.069 8.400 8.740 9.015 9.130 9.246
1.005 1.050 1.092 1.132 1.170 1.206 1.240 1.272 1.302 1.329 1.341 1.330 1.316 1.299 1.279 1.256 1.230 1.208 1.233 1.260 1.288 1.317 1.382 1.504 1.621 1.733 1.839 1.940 2.037 2.127 2.213 2.293 2.368 2.438 2.557 2.784 3.005 3.219 3.428 3.630 3.826 4.015 4.198 4.375 4.546 4.710 4.834 4.860 4.878 4.888 4.890 4.883 4.868 4.844 4.812 4.772 4.724 4.667 4.680 4.956 5.243 5.540 5.846 6.162 6.488 6.824 7.170 7.526 7.891 8.266 8.600 8.716 8.832
0.769 0.806 0.841 0.874 0.905 0.934 0.960 0.985 1.007 1.027 1.048 1.070 1.092 1.116 1.141 1.167 1.194 1.223 1.253 1.284 1.316 1.349 1.399 1.503 1.602 1.695 1.783 1.866 1.944 2.017 2.084 2.146 2.203 2.254 2.329 2.534 2.733 2.926 3.112 3.292 3.466 3.634 3.795 3.950 4.098 4.241 4.359 4.356 4.345 4.326 4.298 4.263 4.218 4.166 4.105 4.035 3.958 3.872 3.815 4.127 4.448 4.780 5.121 5.472 5.832 6.203 6.583 6.973 7.373 7.783 8.186 8.303 8.419
0.536 0.566 0.594 0.643 0.711 0.776 0.835 0.891 0.943 0.990 1.032 1.058 1.085 1.113 1.142 1.172 1.204 1.237 1.271 1.306 1.343 1.380 1.423 1.508 1.588 1.663 1.733 1.798 1.857 1.911 1.960 2.004 2.042 2.076 2.109 2.292 2.469 2.640 2.804 2.962 3.114 3.259 3.398 3.531 3.658 3.778 3.892 3.861 3.821 3.773 3.716 3.651 3.578 3.496 3.406 3.308 3.201 3.086 2.963 3.289 3.645 4.011 4.387 4.772 5.168 5.573 5.988 6.429 6.864 7.272 7.653 7.804 7.955
0.540 0.606 0.668 0.726 0.779 0.829 0.874 0.916 0.953 0.986 1.015 1.045 1.076 1.108 1.141 1.176 1.212 1.249 1.288 1.327 1.368 1.410 1.453 1.518 1.580 1.637 1.688 1.735 1.776 1.812 1.842 1.868 1.888 1.903 1.913 2.056 2.211 2.360 2.502 2.638 2.768 2.892 3.009 3.120 3.225 3.323 3.415 3.376 3.306 3.229 3.143 3.049 2.947 2.836 2.717 2.590 2.454 2.310 2.158 2.443 2.947 3.476 3.979 4.454 4.903 5.325 5.719 6.087 6.428 6.742 7.029 7.245 7.462
0.670 0.722 0.769 0.812 0.851 0.886 0.917 0.944 0.967 0.986 1.000 1.030 1.065 1.102 1.140 1.179 1.219 1.260 1.303 1.347 1.392 1.438 1.486 1.534 1.577 1.616 1.649 1.677 1.700 1.717 1.730 1.737 1.739 1.736 1.727 1.827 1.960 2.087 2.207 2.321 2.429 2.531 2.626 2.715 2.798 2.875 2.945 2.899 2.800 2.694 2.579 2.456 2.325 2.298 2.305 2.325 2.360 2.409 2.473 2.828 3.290 3.725 4.133 4.515 4.869 5.197 5.498 5.771 6.018 6.238 6.431 6.667 6.952
0.804 0.841 0.874 0.903 0.928 0.948 0.965 0.977 0.986 0.990 0.990 1.014 1.054 1.095 1.137 1.180 1.224 1.270 1.317 1.365 1.414 1.465 1.517 1.555 1.580 1.600 1.615 1.625 1.629 1.629 1.623 1.612 1.595 1.574 1.547 1.605 1.716 1.821 1.919 2.011 2.097 2.177 2.250 2.318 2.378 2.433 2.538 2.559 2.530 2.516 2.515 2.529 2.557 2.599 2.655 2.725 2.810 2.908 3.021 3.290 3.658 4.000 4.314 4.601 4.862 5.095 5.302 5.482 5.635 5.760 5.860 6.073 6.424
0.943 0.966 0.984 0.998 1.009 1.015 1.017 1.015 1.009 0.998 0.984 0.997 1.041 1.086 1.132 1.180 1.229 1.279 1.330 1.382 1.436 1.491 1.547 1.581 1.588 1.590 1.587 1.578 1.565 1.546 1.521 1.492 1.458 1.418 1.373 1.389 1.478 1.561 1.643 1.749 1.856 1.962 2.067 2.172 2.277 2.381 2.484 2.547 2.568 2.603 2.652 2.715 2.793 2.885 2.990 3.110 3.245 3.393 3.556 3.778 4.052 4.300 4.520 4.713 4.880 5.019 5.132 5.218 5.277 5.309 5.314 5.461 5.880
1.086 1.094 1.098 1.098 1.094 1.086 1.073 1.057 1.036 1.011 0.983 0.979 1.027 1.076 1.127 1.179 1.232 1.286 1.341 1.398 1.456 1.515 1.575 1.613 1.602 1.586 1.564 1.537 1.505 1.468 1.426 1.387 1.361 1.326 1.284 1.283 1.390 1.496 1.601 1.707 1.812 1.916 2.020 2.123 2.227 2.329 2.431 2.521 2.592 2.676 2.775 2.888 3.015 3.156 3.312 3.481 3.665 3.863 4.075 4.292 4.472 4.625 4.751 4.851 4.923 4.969 4.988 4.980 4.945 4.884 4.795 4.833 5.317
1.233 1.227 1.217 1.202 1.183 1.161 1.134 1.103 1.068 1.029 0.986 0.959 1.011 1.065 1.120 1.176 1.233 1.292 1.351 1.412 1.474 1.538 1.602 1.651 1.640 1.642 1.637 1.623 1.601 1.571 1.532 1.485 1.430 1.366 1.295 1.247 1.352 1.457 1.561 1.665 1.768 1.871 1.973 2.075 2.177 2.278 2.379 2.481 2.601 2.735 2.884 3.046 3.223 3.414 3.619 3.838 4.071 4.318 4.580 4.831 4.917 4.976 5.009 5.014 4.993 4.945 4.870 4.768 4.640 4.484 4.302 4.187 4.738
1.385 1.364 1.339 1.310 1.277 1.240 1.199 1.154 1.104 1.051 0.993 0.938 0.995 1.053 1.112 1.172 1.233 1.313 1.408 1.508 1.615 1.728 1.848 1.968 1.950 1.923 1.889 1.846 1.795 1.735 1.668 1.592 1.507 1.415 1.314 1.211 1.315 1.418 1.521 1.623 1.725 1.826 1.927 2.028 2.128 2.228 2.327 2.427 2.596 2.780 2.978 3.190 3.416 3.657 3.911 4.180 4.462 4.759 5.070 5.395 5.387 5.353 5.291 5.203 5.088 4.946 4.778 4.582 4.360 4.111 3.835 3.533 4.141
1.541 1.506 1.467 1.423 1.376 1.324 1.269 1.209 1.145 1.077 1.016 0.950 1.014 1.100 1.191 1.289 1.392 1.503 1.619 1.741 1.870 2.005 2.147 2.294 2.268 2.212 2.149 2.077 1.997 1.908 1.812 1.707 1.594 1.472 1.342 1.204 1.278 1.380 1.481 1.582 1.682 1.782 1.882 1.981 2.080 2.178 2.276 2.373 2.578 2.811 3.058 3.320 3.595 3.885 4.189 4.507 4.839 5.186 5.546 5.921 5.883 5.754 5.599 5.417 5.209 4.973 4.711 4.422 4.106 3.764 3.394 2.998 3.527
1.701 1.652 1.598 1.564 1.523 1.474 1.419 1.356 1.287 1.210 1.126 1.035 1.087 1.194 1.308 1.427 1.553 1.685 1.823 1.968 2.118 2.275 2.438 2.608 2.594 2.510 2.417 2.316 2.207 2.090 1.964 1.830 1.688 1.538 1.379 1.212 1.242 1.342 1.442 1.541 1.640 1.739 1.837 1.934 2.031 2.128 2.224 2.320 2.545 2.827 3.124 3.435 3.760 4.100 4.453 4.820 5.202 5.598 6.008 6.432 6.404 6.182 5.933 5.657 5.355 5.026 4.671 4.288 3.907 3.542 3.193 2.859 3.318
2.014 1.969 1.917 1.858 1.791 1.718 1.637 1.550 1.455 1.353 1.244 1.127 1.154 1.283 1.418 1.559 1.707 1.861 2.021 2.187 2.360 2.538 2.723 2.914 2.929 2.815 2.694 2.564 2.426 2.279 2.125 1.962 1.791 1.612 1.424 1.228 1.206 1.305 1.403 1.501 1.599 1.695 1.792 1.888 1.984 2.079 2.174 2.268 2.497 2.830 3.176 3.536 3.911 4.300 4.702 5.119 5.550 5.995 6.454 6.928 6.874 6.439 6.019 5.615 5.227 4.854 4.496 4.155 3.828 3.518 3.223 2.943 3.252
2.391 2.321 2.243 2.159 2.068 1.969 1.863 1.750 1.630 1.503 1.369 1.228 1.213 1.364 1.521 1.684 1.854 2.029 2.211 2.399 2.594 2.794 3.001 3.214 3.272 3.129 2.979 2.820 2.653 2.478 2.294 2.102 1.902 1.694 1.478 1.253 1.171 1.268 1.365 1.461 1.557 1.653 1.748 1.843 1.937 2.031 2.124 2.217 2.436 2.818 3.214 3.623 4.047 4.442 4.801 5.145 5.475 5.790 6.091 6.377 6.347 5.966 5.600 5.251 4.916 4.598 4.295 4.007 3.735 3.478 3.238 3.012 3.200
2.775 2.680 2.577 2.468 2.351 2.227 2.097 1.959 1.814 1.661 1.502 1.336 1.266 1.438 1.617 1.802 1.994 2.191 2.395 2.605 2.821 3.043 3.272 3.507 3.623 3.451 3.272 3.084 2.888 2.684 2.472 2.251 2.022 1.785 1.539 1.286 1.136 1.232 1.327 1.422 1.517 1.611 1.704 1.797 1.890 1.982 2.080 2.180 2.372 2.753 3.120 3.472 3.809 4.132 4.440 4.733 5.012 5.277 5.526 5.762 5.805 5.478 5.167 4.872 4.592 4.327 4.078 3.845 3.627 3.424 3.238 3.066 3.159
3.166 3.046 2.918 2.784 2.642 2.493 2.337 2.174 2.004 1.827 1.643 1.451 1.311 1.506 1.707 1.913 2.127 2.346 2.571 2.803 3.041 3.285 3.536 3.792 3.982 3.782 3.573 3.357 3.132 2.899 2.657 2.408 2.150 1.884 1.610 1.327 1.102 1.196 1.290 1.389 1.488 1.588 1.687 1.787 1.887 1.987 2.088 2.188 2.331 2.661 2.977 3.278 3.564 3.836 4.094 4.336 4.564 4.778 4.977 5.162 5.249 4.977 4.720 4.479 4.253 4.042 3.847 3.668 3.504 3.356 3.223 3.106 3.132
3.563 3.420 3.267 3.107 2.941 2.767 2.586 2.398 2.202 2.000 1.791 1.574 1.350 1.567 1.789 2.018 2.253 2.494 2.741 2.995 3.254 3.520 3.793 4.071 4.349 4.120 3.883 3.637 3.384 3.122 2.852 2.572 2.252 1.944 1.646 1.360 1.093 1.193 1.293 1.392 1.492 1.592 1.693 1.793 1.894 1.994 2.095 2.196 2.304 2.583 2.848 3.098 3.334 3.555 3.762 3.954 4.131 4.294 4.443 4.576 4.679 4.461 4.258 4.071 3.899 3.743 3.602 3.477 3.367 3.273 3.194 3.131 3.116
3.945 3.801 3.623 3.438 3.247 3.048 2.842 2.628 2.408 2.181 1.946 1.705 1.456 1.621 1.865 2.115 2.372 2.635 2.904 3.179 3.461 3.749 4.042 4.343 4.631 4.348 4.000 3.663 3.338 3.024 2.720 2.428 2.147 1.877 1.619 1.371 1.135 1.195 1.296 1.396 1.496 1.597 1.698 1.799 1.900 2.001 2.102 2.204 2.305 2.520 2.734 2.934 3.119 3.289 3.445 3.586 3.713 3.825 3.923 4.006 4.075 3.931 3.782 3.649 3.531 3.429 3.342 3.271 3.215 3.175 3.150 3.141 3.147
4.329 4.189 3.987 3.777 3.560 3.336 3.105 2.867 2.621 2.369 2.109 1.843 1.569 1.668 1.934 2.206 2.485 2.767 3.034 3.277 3.498 3.696 3.872 4.025 4.155 3.959 3.650 3.353 3.066 2.790 2.526 2.273 2.031 1.800 1.580 1.371 1.174 1.198 1.299 1.399 1.500 1.602 1.703 1.804 1.906 2.007 2.109 2.211 2.313 2.471 2.635 2.784 2.918 3.038 3.143 3.234 3.310 3.371 3.418 3.451 3.469 3.387 3.292 3.213 3.149 3.101 3.068 3.051 3.049 3.063 3.092 3.136 3.197
4.717 4.585 4.357 4.123 3.881 3.632 3.376 3.112 2.842 2.565 2.328 2.114 1.861 1.896 2.173 2.428 2.660 2.870 3.057 3.221 3.363 3.482 3.578 3.652 3.704 3.559 3.289 3.031 2.783 2.546 2.321 2.106 1.903 1.711 1.530 1.360 1.201 1.200 1.301 1.403 1.504 1.606 1.708 1.810 1.912 2.014 2.116 2.219 2.321 2.437 2.550 2.648 2.732 2.801 2.855 2.895 2.921 2.932 2.928 2.910 2.878 2.828 2.787 2.762 2.752 2.758 2.779 2.816 2.868 2.936 3.019 3.117 3.231
5.108 4.988 4.736 4.612 4.536 4.421 4.266 4.072 3.838 3.565 3.252 2.900 2.508 2.338 2.537 2.712 2.866 2.996 3.104 3.189 3.252 3.292 3.309 3.304 3.276 3.149 2.918 2.698 2.489 2.291 2.104 1.929 1.764 1.611 1.469 1.338 1.218 1.202 1.304 1.406 1.508 1.610 1.712 1.815 1.917 2.020 2.123 2.226 2.329 2.417 2.480 2.527 2.560 2.579 2.583 2.572 2.547 2.507 2.453 2.385 2.301 2.255 2.269 2.297 2.341 2.401 2.476 2.567 2.670 2.772 2.869 2.962 3.051
6.673 6.859 6.724 6.549 6.334 6.080 5.787 5.454 5.081 4.670 4.218 3.727 3.197 2.805 2.924 3.021 3.095 3.146 3.175 3.181 3.165 3.126 3.064 2.980 2.873 2.727 2.535 2.354 2.183 2.024 1.877 1.740 1.614 1.500 1.396 1.304 1.223 1.204 1.306 1.409 1.511 1.614 1.717 1.820 1.923 2.026 2.129 2.233 2.336 2.412 2.424 2.421 2.403 2.371 2.324 2.263 2.188 2.097 1.993 1.874 1.740 1.699 1.815 1.927 2.034 2.138 2.237 2.333 2.424 2.511 2.594 2.672 2.747
8.794 9.114 8.840 8.526 8.173 7.781 7.348 6.877 6.366 5.815 5.226 4.596 3.927 3.295 3.335 3.353 3.348 3.320 3.270 3.197 3.102 2.984 2.843 2.680 2.495 2.294 2.141 1.998 1.867 1.747 1.638 1.540 1.453 1.377 1.312 1.259 1.216 1.206 1.309 1.412 1.515 1.618 1.721 1.824 1.928 2.032 2.135 2.239 2.344 2.421 2.382 2.329 2.260 2.178 2.163 2.174 2.149 2.088 1.991 1.858 1.688 1.557 1.658 1.756 1.849 1.938 2.024 2.105 2.181 2.254 2.323 2.387 2.448
