DATA/SHG/ECMWF/20170628/EN-8/20170702.en-8.asc
ncols        190
nrows        64
xllcorner    -5100000.000000000000
yllcorner    4130000.000000000000
cellsize     10000.000000000000
NODATA_value  -99999.000
[rows 32 to 63 of 64, columns 0 to 71 of 190]
9.242 9.793 9.719 9.519 9.253 8.921 8.524 8.061 7.532 6.938 6.278 5.552 4.761 3.904 3.869 3.880 3.887 3.891 3.892 3.890 3.884 3.876 3.865 3.850 3.832 3.812 4.191 4.550 4.882 5.185 5.462 5.711 5.932 6.126 6.293 6.432 6.543 6.641 7.427 8.241 9.085 9.958 10.860 11.790 12.751 13.740 14.758 15.969 17.276 18.554 18.942 19.270 19.538 19.745 19.893 19.980 20.008 19.975 19.882 19.730 19.517 19.204 18.482 17.783 17.106 16.452 15.821 15.212 14.625 14.061 13.520 13.001
12.197 12.880 12.769 12.338 11.842 11.280 10.652 9.959 9.200 8.376 7.486 6.530 5.509 4.422 4.195 4.194 4.190 4.183 4.173 4.160 4.144 4.125 4.103 4.077 4.049 4.017 4.253 4.516 4.752 4.960 5.140 5.293 5.419 5.517 5.588 5.631 5.647 5.635 6.411 7.328 8.480 9.707 10.957 12.230 13.526 14.844 16.186 17.550 18.938 20.348 20.628 20.746 20.805 20.803 20.741 20.620 20.438 20.196 19.895 19.533 19.111 18.629 17.992 17.371 16.773 16.197 15.644 15.113 14.605 14.119 13.656 13.216
15.106 15.920 15.887 15.226 14.500 13.708 12.850 11.927 10.938 9.883 8.763 7.578 6.326 5.010 4.523 4.511 4.497 4.479 4.458 4.434 4.407 4.377 4.344 4.308 4.268 4.226 4.343 4.511 4.650 4.763 4.848 4.905 4.935 5.179 5.418 5.631 5.820 5.983 6.932 8.193 9.477 10.784 12.114 13.467 14.842 16.241 17.662 19.106 20.574 22.064 22.370 22.280 22.129 21.918 21.648 21.317 20.927 20.476 19.965 19.395 18.764 18.074 17.482 16.939 16.419 15.921 15.446 14.994 14.564 14.156 13.771 13.409
17.970 18.915 19.073 18.182 17.226 16.204 15.116 13.963 12.744 11.460 10.110 8.695 7.214 5.668 4.854 4.831 4.806 4.777 4.746 4.711 4.673 4.632 4.588 4.541 4.491 4.449 4.727 5.055 5.358 5.635 5.887 6.113 6.315 6.490 6.641 6.766 6.866 6.940 7.744 9.085 10.449 11.836 13.245 14.678 16.134 17.612 19.113 20.637 22.185 23.755 24.171 23.871 23.511 23.092 22.612 22.073 21.473 20.814 20.095 19.315 18.476 17.577 16.950 16.486 16.044 15.624 15.227 14.853 14.501 14.172 13.865 13.580
20.789 21.865 22.327 21.207 20.020 18.768 17.451 16.068 14.620 13.106 11.527 9.882 8.171 6.396 5.188 5.154 5.118 5.079 5.111 5.481 5.797 6.060 6.270 6.426 6.529 6.578 6.684 6.923 7.137 7.326 7.489 7.627 7.739 7.827 7.889 7.925 7.936 7.922 8.531 9.952 11.396 12.863 14.352 15.865 17.400 18.958 20.539 22.143 23.770 25.420 26.028 25.519 24.951 24.322 23.634 22.886 22.078 21.210 20.282 19.295 18.247 17.139 16.397 16.011 15.647 15.306 14.987 14.691 14.417 14.166 13.937 13.730
23.562 24.769 25.650 24.299 22.883 21.402 19.855 18.242 16.564 14.821 13.012 11.214 9.666 8.268 7.335 7.731 8.075 8.364 8.601 8.783 8.913 8.989 9.012 8.982 8.898 8.760 8.664 8.815 8.940 9.040 9.115 9.164 9.188 9.187 9.161 9.109 9.032 8.929 9.293 10.794 12.318 13.865 15.434 17.026 18.641 20.279 21.940 23.624 25.331 27.060 27.942 27.225 26.448 25.611 24.714 23.757 22.741 21.664 20.528 19.332 18.076 16.760 15.824 15.516 15.230 14.967 14.726 14.508 14.312 14.139 13.988 13.859
26.289 27.628 29.003 27.460 25.588 23.514 21.589 19.815 18.190 16.714 15.389 14.213 13.187 12.310 11.623 11.833 11.989 12.092 12.142 12.138 12.081 11.971 11.807 11.590 11.320 10.996 10.668 10.730 10.767 10.779 10.765 10.726 10.662 10.572 10.457 10.317 10.151 9.961 10.031 11.612 13.216 14.842 16.491 18.163 19.858 21.576 23.316 25.080 26.866 28.675 29.914 28.988 28.002 26.957 25.851 24.686 23.461 22.177 20.832 19.428 17.964 16.440 15.230 15.000 14.792 14.607 14.444 14.303 14.186 14.090 14.400 14.911
26.739 27.359 27.917 26.471 24.769 23.217 21.815 20.562 19.459 18.505 17.701 17.047 16.542 16.187 15.981 15.986 15.956 15.872 15.735 15.545 15.302 15.005 14.655 14.251 13.795 13.285 12.721 12.670 12.618 12.541 12.439 12.312 12.159 11.981 11.778 11.549 11.296 11.017 10.745 12.405 14.088 15.794 17.523 19.275 21.049 22.847 24.667 26.510 28.376 30.264 31.942 30.808 29.614 28.360 27.047 25.673 24.240 22.747 21.195 19.582 17.910 16.178 14.615 15.134 15.920 16.628 17.258 17.810 18.284 18.680 18.999 19.239
25.006 25.412 25.758 24.968 23.788 22.758 21.877 21.146 20.564 20.132 19.849 19.716 19.732 19.898 20.214 20.191 19.974 19.704 19.381 19.004 18.575 18.091 17.555 16.965 16.323 15.626 14.877 14.633 14.493 14.328 14.137 13.922 13.681 13.415 13.123 12.806 12.464 12.097 11.705 13.173 14.936 16.722 18.531 20.362 22.216 24.093 25.993 27.915 29.861 31.829 33.820 32.685 31.283 29.821 28.299 26.718 25.363 24.240 23.282 22.489 21.862 21.401 21.106 21.698 22.213 22.650 23.009 23.290 23.493 23.618 23.666 23.636
23.342 23.536 23.668 23.304 22.645 22.137 21.777 21.567 21.507 21.595 21.833 22.221 22.758 23.444 24.280 24.448 24.045 23.588 23.079 22.516 21.900 21.230 20.508 19.732 18.903 18.021 17.086 16.620 16.392 16.138 15.860 15.556 15.227 14.872 14.493 14.088 13.658 13.202 12.722 13.917 15.760 17.625 19.513 21.424 23.358 25.314 27.294 29.296 31.321 33.167 34.925 34.058 32.681 31.470 30.424 29.543 28.828 28.277 27.893 27.673 27.619 27.729 28.006 28.329 28.573 28.739 28.827 28.837 28.769 28.624 28.401 28.100
21.747 21.728 21.648 21.478 21.341 21.353 21.515 21.825 22.285 22.895 23.654 24.562 25.619 26.825 28.181 28.756 28.167 27.524 26.828 26.079 25.277 24.422 23.513 22.552 21.537 20.469 19.347 18.631 18.315 17.973 17.606 17.214 16.797 16.354 15.886 15.393 14.875 14.332 13.763 14.636 16.559 18.503 20.513 22.471 24.373 26.218 28.006 29.737 31.411 33.028 34.589 34.492 33.688 33.050 32.577 32.269 32.127 32.149 32.337 32.690 33.208 33.891 34.739 35.026 34.999 34.894 34.712 34.451 34.113 33.697 33.204 32.632
20.222 19.991 19.698 19.491 19.875 20.408 21.090 21.921 22.901 24.031 25.310 26.738 28.315 30.041 31.917 33.116 32.340 31.512 30.630 29.695 28.707 27.666 26.571 25.424 24.223 22.969 21.662 20.666 20.262 19.832 19.377 18.896 18.391 17.860 17.303 16.716 16.213 15.795 15.461 16.185 18.117 19.992 21.810 23.571 25.276 26.923 28.514 30.048 31.525 32.945 34.309 34.762 34.532 34.466 34.566 34.830 35.260 35.855 36.615 37.539 38.629 39.884 41.304 41.790 41.493 41.117 40.664 40.133 39.525 38.838 38.074 37.233
18.766 18.322 17.817 17.343 18.247 19.300 20.503 21.854 23.354 25.004 26.803 28.750 30.847 33.093 35.488 37.527 36.566 35.551 34.483 33.363 32.189 30.962 29.681 28.348 26.962 25.522 24.030 22.669 21.785 20.986 20.270 19.639 19.092 18.629 18.250 17.956 17.745 17.619 17.577 18.129 19.863 21.541 23.162 24.726 26.234 27.684 29.078 30.415 31.695 32.919 34.085 34.869 35.211 35.718 36.390 37.226 38.228 39.395 40.726 42.223 43.884 45.711 47.702 48.621 48.053 47.407 46.683 45.882 45.003 44.047 43.013 41.901
17.379 16.723 16.006 15.228 16.458 18.031 19.754 21.625 23.645 25.814 28.132 30.599 33.215 35.980 38.894 41.957 40.843 39.642 38.389 37.082 35.528 33.329 31.190 29.111 27.092 25.133 23.233 21.481 20.890 20.383 19.960 19.621 19.366 19.196 19.110 19.107 19.189 19.355 19.605 20.127 21.665 23.145 24.569 25.937 27.247 28.501 29.698 30.838 31.922 32.948 33.918 34.813 35.727 36.805 38.049 39.458 41.031 42.769 44.672 46.740 48.973 51.370 53.932 55.518 54.680 53.764 52.770 51.699 50.550 49.323 48.019 46.638
16.061 15.193 14.264 13.274 14.508 16.601 18.843 21.233 23.773 26.461 29.298 32.284 35.419 38.406 40.799 43.105 41.537 39.307 37.136 35.026 32.975 30.984 29.054 27.183 25.372 23.621 21.930 20.299 19.909 19.694 19.563 19.517 19.554 19.676 19.882 20.171 20.545 21.003 21.545 22.180 23.521 24.805 26.032 27.203 28.316 29.373 30.374 31.317 32.204 33.034 33.807 34.593 36.079 37.729 39.544 41.524 43.669 45.978 48.452 51.091 53.894 56.863 59.996 62.482 61.373 60.187 58.923 57.582 56.164 54.667 53.094 51.442
14.812 13.732 12.591 11.390 12.398 15.010 17.754 20.456 23.070 25.597 28.037 30.389 32.654 34.831 36.921 38.924 38.091 36.069 34.107 32.204 30.362 28.580 26.857 25.195 23.592 22.049 20.566 19.144 18.841 18.919 19.080 19.326 19.655 20.069 20.566 21.148 21.814 22.563 23.397 24.315 25.432 26.519 27.550 28.524 29.441 30.301 31.105 31.852 32.542 33.176 33.753 34.273 36.267 38.489 40.875 43.426 46.142 49.022 52.067 55.276 58.650 62.188 65.892 69.512 68.133 66.677 65.144 63.533 61.845 60.079 58.236 56.315
13.851 12.793 11.749 10.717 11.337 13.911 16.397 18.795 21.107 23.331 25.468 27.517 29.479 31.354 33.141 34.841 34.585 32.772 31.018 29.324 27.690 26.115 24.601 23.147 21.752 20.417 19.142 17.927 17.687 18.057 18.510 19.048 19.669 20.374 21.164 22.037 22.994 24.036 25.161 26.370 27.398 28.289 29.123 29.900 30.620 31.284 31.892 32.442 32.936 33.373 33.754 34.078 36.293 39.085 42.042 45.164 48.450 51.901 55.516 59.295 63.239 67.348 71.621 76.058 74.960 73.098 69.816 66.618 63.507 60.480 57.539 54.683
13.684 12.671 11.671 10.684 10.682 12.953 15.136 17.231 19.240 21.161 22.995 24.742 26.401 27.973 29.458 30.856 31.021 29.415 27.870 26.384 24.958 23.591 22.285 21.038 19.852 18.725 17.658 16.650 16.448 17.109 17.854 18.683 19.596 20.593 21.674 22.839 24.088 25.420 26.837 28.338 29.419 30.113 30.751 31.331 31.856 32.323 32.734 33.088 33.386 33.627 33.811 33.939 36.155 39.518 43.046 46.738 50.594 54.614 58.652 61.839 64.916 67.883 70.740 73.487 71.656 68.583 65.596 62.694 59.877 57.146 54.500 51.940
13.504 12.535 11.580 10.638 10.123 12.090 13.971 15.764 17.470 19.088 20.620 22.064 23.421 24.691 25.873 26.969 27.398 26.000 24.662 23.384 22.166 21.008 19.909 18.870 17.891 16.972 16.113 15.313 15.122 16.075 17.112 18.232 19.437 20.725 22.097 23.554 25.094 26.717 28.425 30.217 31.495 31.993 32.434 32.818 33.146 33.417 33.632 33.790 33.891 33.936 33.925 33.834 35.657 39.124 42.481 45.729 48.866 51.894 54.812 57.620 60.318 62.907 65.385 67.754 66.770 63.993 61.300 58.694 56.172 53.736 51.385 49.119
13.309 12.386 11.475 10.577 9.692 11.324 12.901 14.392 15.796 17.112 18.341 19.483 20.538 21.505 22.386 23.179 23.715 22.525 21.396 20.325 19.315 18.364 17.473 16.642 15.871 15.159 14.507 13.915 13.711 14.955 16.283 17.695 19.191 20.770 22.434 24.181 26.012 27.927 29.925 32.008 33.625 33.927 34.171 34.360 34.377 34.096 33.843 33.617 33.420 33.250 33.108 32.994 34.200 37.288 40.266 43.135 45.894 48.543 51.082 53.512 55.832 58.042 60.142 62.133 61.809 59.326 56.929 54.617 52.390 50.249 48.193 46.222
13.102 12.222 11.356 10.503 9.662 10.653 11.928 13.116 14.218 15.232 16.159 16.999 17.751 18.417 18.995 19.487 19.891 18.992 18.070 17.207 16.404 15.661 14.978 14.354 13.790 13.286 12.841 12.457 12.213 13.749 15.368 17.071 18.858 20.729 22.683 24.721 26.843 28.908 30.706 32.455 33.851 33.556 33.288 33.047 32.835 32.651 32.494 32.365 32.264 32.191 32.146 32.128 32.851 35.561 38.161 40.651 43.031 45.302 47.463 49.514 51.456 53.288 55.011 56.623 56.772 54.584 52.482 50.465 48.532 46.686 44.924 43.248
12.880 12.045 11.224 10.415 9.619 10.077 11.050 11.937 12.736 13.448 14.073 14.611 15.062 15.426 15.702 15.892 15.995 15.399 14.685 14.029 13.434 12.898 12.422 12.006 11.650 11.353 11.115 10.938 10.820 12.457 14.399 16.372 18.296 20.171 21.996 23.772 25.499 27.176 28.804 30.382 31.897 31.698 31.526 31.383 31.267 31.179 31.119 31.087 31.082 31.106 31.157 31.236 31.612 33.943 36.165 38.276 40.279 42.171 43.954 45.628 47.192 48.646 49.991 51.226 51.660 49.767 47.959 46.236 44.599 43.046 41.579 40.197
12.645 11.855 11.077 10.313 9.561 9.597 10.268 10.852 11.350 11.760 12.083 12.320 12.469 12.531 12.507 12.395 12.196 11.748 11.240 10.793 10.405 10.076 9.808 9.793 9.973 10.144 10.305 10.457 10.599 12.058 13.911 15.714 17.467 19.172 20.827 22.432 23.989 25.496 26.954 28.362 29.722 29.814 29.739 29.692 29.673 29.681 29.718 29.782 29.874 29.994 30.142 30.317 30.520 32.435 34.278 36.012 37.636 39.151 40.556 41.852 43.038 44.115 45.082 45.939 46.472 44.874 43.360 41.932 40.589 39.330 38.157 37.069
12.396 11.650 10.918 10.198 9.490 9.212 9.581 9.864 10.060 10.168 10.190 10.125 9.973 9.734 9.408 8.995 8.842 8.984 9.189 9.384 9.569 9.745 9.911 10.068 10.215 10.353 10.481 10.600 10.709 11.791 13.473 15.106 16.690 18.224 19.709 21.144 22.531 23.868 25.156 26.394 27.584 27.904 27.926 27.975 28.053 28.158 28.290 28.451 28.640 28.856 29.100 29.372 29.671 31.036 32.501 33.857 35.104 36.241 37.268 38.186 38.995 39.694 40.284 40.764 41.135 39.905 38.686 37.552 36.503 35.538 34.659 33.865
12.134 11.432 10.744 10.068 9.406 8.922 8.990 8.971 8.865 8.816 8.834 8.870 8.924 8.995 9.084 9.191 9.315 9.468 9.639 9.801 9.953 10.096 10.229 10.353 10.467 10.572 10.667 10.753 10.829 11.575 13.087 14.550 15.963 17.327 18.642 19.908 21.124 22.292 23.410 24.478 25.498 25.969 26.087 26.233 26.406 26.608 26.837 27.094 27.379 27.691 28.032 28.400 28.796 29.745 30.833 31.812 32.681 33.440 34.091 34.631 35.063 35.385 35.598 35.701 35.695 34.861 33.936 33.096 32.341 31.670 31.085 30.585
11.858 11.201 10.535 9.887 9.262 8.699 8.708 8.735 8.779 8.841 8.920 9.018 9.133 9.265 9.416 9.584 9.770 9.960 10.099 10.228 10.347 10.457 10.557 10.648 10.729 10.800 10.863 10.915 10.958 11.410 12.752 14.045 15.288 16.482 17.627 18.723 19.770 20.767 21.715 22.614 23.464 24.007 24.222 24.464 24.734 25.032 25.357 25.711 26.092 26.501 26.937 27.401 27.894 28.564 29.275 29.876 30.367 30.750 31.023 31.187 31.241 31.186 31.022 30.749 30.366 29.742 29.110 28.564 28.103 28.277 28.614 28.916
11.335 10.722 10.133 9.568 9.027 8.510 8.529 8.617 8.723 8.846 8.987 9.146 9.322 9.516 9.728 9.957 10.204 10.463 10.568 10.664 10.750 10.827 10.894 10.952 11.000 11.039 11.068 11.087 11.097 11.296 12.468 13.591 14.664 15.689 16.664 17.590 18.467 19.294 20.073 20.802 21.482 22.020 22.331 22.669 23.036 23.430 23.852 24.301 24.778 25.283 25.816 26.377 26.965 27.492 27.825 28.049 28.164 28.169 28.065 27.852 27.530 27.098 27.188 27.497 27.872 28.275 28.632 28.953 29.239 29.488 29.701 29.878
10.740 10.210 9.705 9.223 8.766 8.333 8.332 8.481 8.648 8.832 9.035 9.255 9.492 9.748 10.020 10.311 10.619 10.945 11.047 11.110 11.163 11.207 11.241 11.266 11.281 11.286 11.283 11.269 11.246 11.232 12.235 13.188 14.091 14.946 15.752 16.508 17.215 17.873 18.482 19.042 19.553 20.007 20.414 20.849 21.311 21.802 22.320 22.865 23.439 24.040 24.669 25.326 26.010 26.528 26.484 26.476 26.549 26.689 26.895 27.167 27.506 27.911 28.382 28.920 29.524 30.017 30.250 30.447 30.607 30.732 30.821 30.873
10.119 9.673 9.251 8.853 8.479 8.129 8.115 8.325 8.554 8.800 9.063 9.344 9.643 9.960 10.294 10.646 11.015 11.402 11.535 11.565 11.585 11.596 11.597 11.589 11.571 11.544 11.507 11.461 11.405 11.340 12.052 12.836 13.570 14.255 14.891 15.478 16.015 16.504 16.943 17.334 17.675 17.968 18.471 19.002 19.561 20.148 20.762 21.404 22.158 22.905 23.630 24.332 25.011 25.597 25.767 26.002 26.305 26.673 27.108 27.609 28.177 28.810 29.510 30.277 31.109 31.792 31.900 31.973 32.009 32.009 31.973 31.902
9.472 9.109 8.771 8.456 8.166 7.900 7.879 8.151 8.440 8.748 9.072 9.415 9.775 10.152 10.548 10.961 11.392 11.840 12.033 12.030 12.017 11.995 11.963 11.922 11.871 11.811 11.741 11.662 11.573 11.475 11.921 12.535 13.099 13.615 14.081 14.499 14.867 15.186 15.456 15.677 15.849 16.220 16.986 17.791 18.573 19.333 20.070 20.785 21.477 22.147 22.794 23.419 24.021 24.600 24.999 25.464 25.995 26.593 27.256 27.986 28.782 29.645 30.573 31.568 32.629 33.599 33.583 33.531 33.443 33.319 33.159 32.963
8.800 8.520 8.265 8.034 7.827 7.644 7.624 7.957 8.308 8.676 9.062 9.466 9.887 10.326 10.783 11.257 11.749 12.258 12.541 12.504 12.459 12.404 12.339 12.265 12.181 12.088 11.985 11.873 11.751 11.620 11.840 12.285 12.680 13.026 13.388 13.759 14.137 14.523 14.916 15.316 15.724 16.139 16.793 17.521 18.225 18.908 19.567 20.205 20.820 21.412 21.982 22.529 23.054 23.556 24.168 24.861 25.621 26.447 27.339 28.298 29.323 30.414 31.571 32.794 34.084 35.439 35.299 35.122 34.910 34.661 34.377 34.057
8.101 7.906 7.734 7.586 7.463 7.363 7.351 7.745 8.157 8.586 9.033 9.498 9.980 10.480 10.998 11.533 12.086 12.657 13.058 12.988 12.910 12.822 12.724 12.617 12.500 12.374 12.235 12.001 11.779 11.568 11.609 11.975 12.350 12.731 13.120 13.517 13.921 14.332 14.750 15.176 15.609 16.050 16.623 17.273 17.900 18.505 19.088 19.647 20.185 20.700 21.192 21.662 22.109 22.534 23.272 24.194 25.182 26.237 27.358 28.545 29.798 31.117 32.503 33.955 35.473 37.057 37.047 36.746 36.409 36.037 35.628 35.183
