DATA/SHG/ECMWF/20170628/EN-8/20170628.en-8.asc
ncols        190
nrows        64
xllcorner    -5100000.000000000000
yllcorner    4130000.000000000000
cellsize     10000.000000000000
NODATA_value  -99999.000
[rows 0 to 32 of 64, columns 73 to 145 of 190]
12.413 12.390 12.378 12.375 12.383 12.401 12.428 12.466 12.524 12.463 12.331 12.213 12.109 12.018 11.941 11.879 11.830 11.795 11.773 11.766 11.737 11.608 11.497 11.406 11.335 11.283 11.251 11.239 11.245 11.272 11.318 11.383 11.422 11.301 11.154 10.980 10.780 10.554 10.302 10.024 9.719 9.388 9.031 8.647 8.278 8.023 7.765 7.503 7.238 6.971 6.700 6.425 6.148 5.868 5.584 5.297 5.064 5.002 4.947 4.899 4.858 4.825 4.798 4.778 4.765 4.760 4.761 4.769 4.735 4.569 4.408 4.253 4.103
13.259 13.272 13.127 12.939 12.753 12.570 12.390 12.212 12.049 11.952 11.868 11.799 11.743 11.701 11.673 11.658 11.658 11.671 11.698 11.739 11.781 11.739 11.716 11.713 11.729 11.765 11.820 11.895 11.989 12.103 12.236 12.389 12.515 12.276 12.012 11.721 11.403 11.060 10.690 10.294 9.872 9.423 8.949 8.448 7.955 7.686 7.413 7.138 6.859 6.577 6.292 6.003 5.712 5.417 5.119 4.818 4.552 4.521 4.498 4.482 4.472 4.470 4.474 4.486 4.505 4.530 4.563 4.603 4.620 4.479 4.343 4.214 4.090
12.872 12.687 12.506 12.327 12.151 11.977 11.806 11.638 11.478 11.429 11.394 11.373 11.365 11.372 11.392 11.426 11.473 11.535 11.610 11.699 11.802 11.849 11.913 11.997 12.101 12.224 12.366 12.528 12.710 12.911 13.131 13.371 13.631 13.279 12.897 12.489 12.054 11.593 11.106 10.593 10.053 9.487 8.895 8.277 7.636 7.353 7.066 6.776 6.483 6.187 5.888 5.585 5.280 4.971 4.659 4.344 4.033 4.034 4.042 4.057 4.079 4.108 4.144 4.187 4.237 4.294 4.358 4.429 4.544 4.519 4.496 4.474 4.455
12.230 12.055 11.883 11.714 11.547 11.383 11.222 11.063 10.907 10.895 10.908 10.935 10.976 11.030 11.099 11.181 11.277 11.387 11.510 11.647 11.798 11.936 12.087 12.259 12.450 12.660 12.890 13.139 13.408 13.696 14.003 14.331 14.677 14.310 13.810 13.284 12.732 12.154 11.550 10.919 10.262 9.579 8.870 8.135 7.374 7.024 6.723 6.419 6.112 5.801 5.488 5.171 4.851 4.529 4.202 3.873 3.541 3.541 3.580 3.695 3.875 4.054 4.230 4.405 4.577 4.747 4.916 5.082 5.246 5.243 5.229 5.217 5.208
11.587 11.421 11.259 11.099 10.942 10.787 10.635 10.486 10.340 10.348 10.410 10.485 10.574 10.677 10.794 10.924 11.068 11.226 11.398 11.583 11.782 12.001 12.240 12.498 12.776 13.073 13.390 13.727 14.083 14.458 14.853 15.267 15.701 15.368 14.751 14.108 13.438 12.743 12.021 11.274 10.500 9.700 8.874 8.021 7.143 6.698 6.383 6.065 5.744 5.420 5.168 4.977 4.786 4.595 4.403 4.212 4.021 4.123 4.298 4.471 4.643 4.812 4.979 5.145 5.308 5.469 5.629 5.786 5.941 5.964 5.959 5.957 5.957
10.942 10.786 10.633 10.482 10.335 10.190 10.047 9.908 9.771 9.790 9.900 10.023 10.160 10.312 10.476 10.655 10.847 11.053 11.273 11.507 11.754 12.043 12.369 12.715 13.080 13.465 13.869 14.292 14.735 15.197 15.679 16.181 16.701 16.453 15.719 14.958 14.172 13.359 12.521 11.656 10.765 9.866 9.001 8.167 7.366 6.972 6.781 6.590 6.399 6.207 6.016 5.824 5.633 5.441 5.249 5.057 4.865 4.918 5.085 5.249 5.411 5.571 5.730 5.886 6.040 6.192 6.342 6.491 6.637 6.681 6.686 6.693 6.702
10.295 10.149 10.005 9.864 9.726 9.591 9.458 9.328 9.200 9.219 9.377 9.549 9.735 9.934 10.147 10.374 10.614 10.868 11.136 11.418 11.713 12.064 12.477 12.910 13.362 13.833 14.324 14.835 15.365 15.914 16.483 17.071 17.539 17.223 16.242 15.294 14.378 13.495 12.644 11.825 11.039 10.285 9.564 8.875 8.219 7.823 7.631 7.439 7.247 7.055 6.863 6.671 6.479 6.286 6.094 5.901 5.708 5.715 5.872 6.027 6.180 6.332 6.481 6.628 6.773 6.916 7.057 7.196 7.334 7.396 7.410 7.426 7.445
9.647 9.510 9.376 9.245 9.116 8.990 8.867 8.746 8.628 8.637 8.844 9.063 9.297 9.544 9.806 10.080 10.369 10.671 10.987 11.317 11.661 12.062 12.562 13.015 13.438 13.853 14.261 14.662 15.056 15.442 15.822 16.194 16.559 16.450 15.614 14.810 14.039 13.300 12.594 11.920 11.278 10.669 10.092 9.548 9.036 8.672 8.480 8.288 8.095 7.902 7.709 7.516 7.323 7.130 6.937 6.744 6.550 6.512 6.660 6.806 6.951 7.093 7.233 7.371 7.507 7.641 7.773 7.903 8.031 8.107 8.131 8.157 8.184
8.998 8.870 8.746 8.624 8.504 8.388 8.274 8.163 8.054 8.043 8.298 8.566 8.847 9.143 9.452 9.770 10.070 10.365 10.655 10.939 11.217 11.527 11.932 12.330 12.720 13.104 13.480 13.849 14.212 14.567 14.915 15.255 15.589 15.643 14.951 14.292 13.665 13.071 12.509 11.979 11.482 11.017 10.585 10.184 9.817 9.521 9.328 9.135 8.941 8.748 8.555 8.361 8.167 7.973 7.779 7.585 7.391 7.310 7.449 7.587 7.722 7.855 7.986 8.115 8.242 8.367 8.490 8.611 8.730 8.815 8.848 8.884 8.921
8.346 8.229 8.113 8.001 7.891 7.784 7.680 7.578 7.490 7.483 7.797 8.106 8.409 8.707 9.000 9.287 9.568 9.844 10.114 10.379 10.639 10.913 11.286 11.653 12.012 12.364 12.708 13.046 13.377 13.700 14.016 14.326 14.628 14.801 14.254 13.739 13.257 12.807 12.389 12.004 11.651 11.330 11.042 10.786 10.562 10.368 10.175 9.981 9.787 9.593 9.399 9.204 9.010 8.816 8.621 8.426 8.231 8.109 8.240 8.368 8.494 8.618 8.740 8.860 8.978 9.094 9.208 9.320 9.430 9.521 9.563 9.607 9.654
7.694 7.606 7.545 7.483 7.422 7.361 7.299 7.238 7.176 7.119 7.414 7.704 7.988 8.267 8.541 8.809 9.071 9.328 9.580 9.826 10.066 10.311 10.650 10.985 11.312 11.632 11.946 12.252 12.551 12.843 13.127 13.405 13.676 13.925 13.522 13.152 12.814 12.508 12.234 11.993 11.784 11.608 11.464 11.352 11.273 11.215 11.021 10.826 10.631 10.437 10.242 10.047 9.852 9.657 9.461 9.266 9.070 8.910 9.031 9.150 9.267 9.382 9.495 9.606 9.715 9.822 9.927 10.030 10.131 10.223 10.274 10.328 10.384
7.355 7.293 7.232 7.171 7.109 7.047 6.986 6.924 6.862 6.800 7.037 7.308 7.573 7.833 8.087 8.336 8.580 8.818 9.050 9.277 9.499 9.724 10.022 10.325 10.621 10.910 11.192 11.466 11.734 11.994 12.247 12.494 12.733 12.964 12.756 12.530 12.336 12.174 12.045 11.948 11.883 11.851 11.851 11.883 11.947 12.044 11.865 11.670 11.475 11.279 11.084 10.888 10.693 10.497 10.301 10.105 9.909 9.712 9.823 9.933 10.041 10.147 10.251 10.353 10.453 10.551 10.647 10.741 10.832 10.939 11.029 11.136 11.260
7.043 6.982 6.920 6.858 6.796 6.735 6.673 6.611 6.549 6.487 6.665 6.917 7.163 7.404 7.640 7.870 8.094 8.313 8.527 8.735 8.937 9.144 9.404 9.675 9.940 10.197 10.447 10.690 10.926 11.155 11.376 11.591 11.799 11.999 11.956 11.874 11.824 11.806 11.821 11.868 11.947 12.058 12.202 12.378 12.586 12.827 12.709 12.513 12.317 12.121 11.925 11.729 11.532 11.336 11.139 10.943 10.746 10.549 10.616 10.658 10.653 10.673 10.717 10.787 10.881 11.000 11.145 11.314 11.508 11.727 11.896 12.076 12.273
6.732 6.670 6.608 6.546 6.484 6.422 6.360 6.298 6.236 6.174 6.299 6.531 6.759 6.981 7.197 7.408 7.614 7.814 8.009 8.198 8.382 8.569 8.794 9.034 9.267 9.492 9.711 9.922 10.127 10.324 10.515 10.698 10.874 11.043 11.122 11.184 11.278 11.404 11.562 11.753 11.976 12.231 12.519 12.838 13.190 13.575 13.552 13.355 13.159 12.962 12.695 12.352 12.008 11.663 11.316 10.968 10.619 10.268 10.231 10.311 10.417 10.547 10.703 10.883 11.088 11.318 11.573 11.853 12.158 12.487 12.744 12.998 13.268
6.421 6.359 6.297 6.235 6.173 6.111 6.048 5.986 5.924 5.861 5.938 6.152 6.360 6.563 6.761 6.953 7.140 7.321 7.496 7.667 7.831 8.000 8.193 8.401 8.602 8.797 8.984 9.164 9.337 9.503 9.662 9.813 9.958 10.095 10.254 10.459 10.697 10.967 11.269 11.603 11.970 12.332 12.667 13.003 13.340 13.677 13.611 13.268 12.923 12.577 12.230 11.881 11.531 11.180 10.827 10.473 10.118 9.761 9.748 9.940 10.156 10.397 10.663 10.954 11.270 11.610 11.976 12.366 12.781 13.222 13.576 13.902 14.245
6.111 6.049 5.986 5.924 5.862 5.799 5.737 5.674 5.612 5.549 5.582 5.777 5.967 6.151 6.330 6.503 6.671 6.833 6.990 7.141 7.287 7.436 7.600 7.777 7.947 8.110 8.266 8.414 8.556 8.690 8.818 8.938 9.075 9.227 9.452 9.785 10.120 10.454 10.790 11.126 11.463 11.801 12.139 12.478 12.818 13.159 13.172 12.823 12.472 12.120 11.767 11.412 11.057 10.699 10.341 9.981 9.620 9.257 9.241 9.543 9.870 10.221 10.598 10.999 11.426 11.877 12.353 12.854 13.380 13.930 14.389 14.789 15.205
5.801 5.739 5.676 5.614 5.551 5.489 5.426 5.363 5.301 5.238 5.232 5.408 5.579 5.744 5.904 6.058 6.207 6.350 6.488 6.621 6.748 6.878 7.017 7.180 7.353 7.522 7.686 7.845 8.000 8.151 8.297 8.438 8.575 8.708 8.897 9.234 9.571 9.910 10.248 10.588 10.928 11.269 11.611 11.953 12.297 12.640 12.735 12.380 12.023 11.666 11.306 10.946 10.584 10.221 9.856 9.490 9.123 8.755 8.708 9.121 9.558 10.021 10.508 11.020 11.556 12.118 12.704 13.316 13.952 14.613 15.185 15.658 16.147
5.492 5.429 5.367 5.304 5.241 5.179 5.116 5.053 4.990 4.927 4.887 5.045 5.196 5.343 5.484 5.623 5.806 5.979 6.142 6.295 6.437 6.573 6.709 6.866 7.019 7.168 7.312 7.451 7.586 7.717 7.843 7.965 8.082 8.195 8.342 8.683 9.023 9.365 9.707 10.050 10.393 10.738 11.083 11.428 11.775 12.122 12.300 11.939 11.577 11.213 10.848 10.481 10.114 9.744 9.374 9.002 8.629 8.255 8.151 8.674 9.222 9.795 10.392 11.015 11.662 12.334 13.030 13.752 14.498 15.270 15.964 16.509 17.071
5.183 5.120 5.058 4.995 4.932 4.869 4.806 4.743 4.691 4.694 4.700 4.894 5.082 5.261 5.429 5.586 5.734 5.872 5.999 6.117 6.224 6.325 6.421 6.557 6.690 6.819 6.943 7.063 7.178 7.289 7.395 7.497 7.594 7.687 7.788 8.131 8.475 8.820 9.165 9.512 9.858 10.206 10.554 10.903 11.253 11.604 11.868 11.500 11.132 10.762 10.391 10.019 9.645 9.270 8.894 8.516 8.137 7.757 7.569 8.202 8.861 9.544 10.252 10.984 11.742 12.524 13.331 14.163 15.019 15.901 16.725 17.343 17.978
4.875 4.827 4.820 4.816 4.815 4.817 4.822 4.829 4.839 4.852 4.867 5.008 5.161 5.304 5.436 5.559 5.671 5.774 5.866 5.948 6.020 6.085 6.146 6.254 6.367 6.476 6.580 6.680 6.775 6.866 6.952 7.034 7.112 7.185 7.253 7.579 7.927 8.275 8.624 8.973 9.323 9.674 10.026 10.378 10.731 11.085 11.437 11.064 10.689 10.314 9.937 9.558 9.179 8.798 8.416 8.032 7.647 7.261 6.962 7.706 8.474 9.268 10.086 10.928 11.796 12.689 13.606 14.548 15.514 16.506 17.469 18.160 18.867
4.904 4.905 4.908 4.913 4.922 4.933 4.948 4.965 4.984 5.007 5.032 5.131 5.248 5.356 5.453 5.541 5.618 5.685 5.742 5.788 5.825 5.855 5.880 5.956 6.049 6.138 6.222 6.302 6.378 6.449 6.515 6.577 6.635 6.688 6.736 7.027 7.378 7.730 8.082 8.434 8.788 9.142 9.497 9.853 10.209 10.566 10.924 10.629 10.249 9.867 9.484 9.100 8.715 8.328 7.940 7.550 7.159 6.767 6.373 7.184 8.063 8.966 9.895 10.848 11.825 12.828 13.855 14.907 15.984 17.110 18.224 18.945 19.630
4.970 4.979 4.992 5.008 5.026 5.047 5.071 5.098 5.127 5.159 5.194 5.263 5.345 5.417 5.480 5.532 5.573 5.605 5.627 5.638 5.640 5.634 5.623 5.663 5.737 5.806 5.870 5.930 5.986 6.037 6.084 6.126 6.164 6.197 6.226 6.475 6.829 7.184 7.540 7.896 8.253 8.610 8.968 9.327 9.687 10.047 10.408 10.197 9.811 9.423 9.034 8.644 8.253 7.860 7.466 7.070 6.673 6.275 5.876 6.638 7.792 9.161 10.477 11.740 12.952 14.111 15.218 16.273 17.276 18.227 19.125 19.707 20.235
5.032 5.052 5.074 5.099 5.127 5.158 5.192 5.228 5.267 5.309 5.354 5.404 5.451 5.488 5.515 5.532 5.538 5.535 5.521 5.497 5.463 5.423 5.376 5.376 5.430 5.479 5.523 5.564 5.599 5.631 5.658 5.680 5.698 5.711 5.720 5.923 6.281 6.639 6.997 7.357 7.717 8.078 8.439 8.802 9.165 9.528 9.892 9.766 9.374 8.981 8.586 8.262 8.106 8.030 8.033 8.116 8.279 8.522 8.845 9.852 11.041 12.178 13.262 14.295 15.275 16.203 17.079 17.902 18.674 19.393 20.061 20.504 20.874
5.092 5.121 5.153 5.188 5.226 5.266 5.309 5.355 5.404 5.456 5.510 5.554 5.566 5.568 5.559 5.541 5.512 5.474 5.425 5.366 5.297 5.220 5.139 5.094 5.128 5.157 5.182 5.203 5.219 5.230 5.237 5.240 5.238 5.231 5.220 5.371 5.732 6.093 6.455 6.818 7.181 7.545 7.928 8.324 8.698 9.051 9.382 9.433 9.311 9.269 9.307 9.425 9.623 9.900 10.257 10.694 11.210 11.807 12.483 13.381 14.339 15.244 16.097 16.898 17.647 18.344 18.989 19.582 20.122 20.610 21.047 21.335 21.547
5.149 5.188 5.229 5.274 5.321 5.371 5.424 5.480 5.539 5.600 5.664 5.714 5.690 5.657 5.613 5.559 5.496 5.422 5.338 5.244 5.139 5.028 4.910 4.818 4.832 4.841 4.846 4.847 4.843 4.835 4.822 4.805 4.783 4.800 4.896 5.118 5.569 5.999 6.408 6.794 7.159 7.503 7.824 8.125 8.403 8.660 8.895 9.096 9.328 9.640 10.031 10.503 11.054 11.684 12.395 13.185 14.055 15.004 16.034 16.958 17.685 18.359 18.981 19.551 20.069 20.535 20.949 21.311 21.620 21.878 22.083 22.201 22.255
5.203 5.252 5.303 5.357 5.414 5.474 5.537 5.602 5.670 5.741 5.815 5.882 5.823 5.755 5.676 5.587 5.488 5.379 5.260 5.131 4.991 4.844 4.691 4.547 4.552 4.583 4.629 4.688 4.762 4.849 4.951 5.067 5.197 5.341 5.499 5.709 6.064 6.398 6.711 7.001 7.271 7.518 7.744 7.949 8.131 8.292 8.432 8.675 9.261 9.926 10.671 11.495 12.400 13.384 14.447 15.590 16.813 18.116 19.498 20.585 21.080 21.523 21.914 22.254 22.541 22.776 22.959 23.090 23.169 23.195 23.170 23.100 22.997
5.255 5.313 5.374 5.438 5.505 5.574 5.646 5.721 5.799 5.880 5.963 6.049 5.966 5.862 5.748 5.624 5.483 5.303 5.132 4.972 4.822 4.684 4.558 4.439 4.514 4.608 4.716 4.838 4.974 5.124 5.288 5.466 5.659 5.865 6.085 6.322 6.582 6.820 7.037 7.232 7.405 7.557 7.687 7.796 7.883 7.948 7.992 8.170 9.109 10.128 11.226 12.403 13.660 14.997 16.414 17.910 19.485 21.140 22.875 24.259 24.524 24.736 24.897 25.005 25.062 25.066 25.018 24.919 24.767 24.563 24.308 24.033 23.773
5.304 5.372 5.442 5.516 5.592 5.671 5.753 5.838 5.925 5.996 5.992 5.988 5.828 5.642 5.466 5.300 5.145 5.000 4.865 4.740 4.626 4.524 4.433 4.351 4.461 4.617 4.788 4.972 5.170 5.383 5.609 5.850 6.104 6.373 6.656 6.953 7.122 7.265 7.386 7.485 7.563 7.619 7.653 7.666 7.658 7.627 7.576 7.582 8.874 10.245 11.696 13.226 14.836 16.526 18.295 20.143 22.071 24.079 26.166 27.983 28.016 27.998 27.928 27.806 27.632 27.406 27.128 26.798 26.416 25.982 25.496 25.001 24.584
5.350 5.427 5.484 5.486 5.487 5.486 5.483 5.479 5.474 5.468 5.460 5.451 5.339 5.188 5.048 4.918 4.798 4.688 4.589 4.500 4.421 4.355 4.300 4.253 4.392 4.611 4.843 5.090 5.351 5.626 5.914 6.217 6.534 6.865 7.210 7.569 7.686 7.732 7.758 7.761 7.743 7.704 7.643 7.560 7.456 7.330 7.183 7.014 8.554 10.278 12.082 13.964 15.927 17.969 20.090 22.291 24.571 26.931 29.371 31.754 31.558 31.309 31.008 30.656 30.251 29.795 29.287 28.726 28.114 27.450 26.734 26.003 25.428
4.993 4.993 4.991 4.988 4.984 4.978 4.971 4.963 4.953 4.942 4.929 4.915 4.840 4.726 4.621 4.526 4.442 4.368 4.304 4.251 4.207 4.177 4.158 4.147 4.307 4.588 4.883 5.192 5.515 5.852 6.203 6.569 6.948 7.341 7.748 8.170 8.272 8.223 8.152 8.060 7.947 7.812 7.655 7.477 7.277 7.056 6.813 6.549 8.151 10.227 12.383 14.618 16.933 19.327 21.800 24.353 26.986 29.697 32.489 35.359 35.148 34.669 34.138 33.555 32.920 32.234 31.495 30.705 29.862 28.968 28.022 26.934 25.980
4.511 4.506 4.500 4.492 4.483 4.473 4.461 4.448 4.433 4.418 4.400 4.382 4.334 4.254 4.185 4.126 4.077 4.039 4.011 3.992 3.985 3.990 4.007 4.032 4.207 4.550 4.907 5.278 5.664 6.063 6.477 6.904 7.345 7.801 8.270 8.754 8.880 8.736 8.570 8.383 8.173 7.943 7.691 7.417 7.122 6.805 6.467 6.107 7.664 10.092 12.600 15.187 17.854 20.600 23.425 26.330 29.314 32.378 35.521 38.743 38.786 38.077 37.135 35.826 34.523 33.226 31.936 30.652 29.374 28.102 26.836 25.577 24.743
4.031 4.021 4.010 3.998 3.984 3.969 3.953 3.935 3.916 3.896 3.874 3.850 3.818 3.774 3.741 3.717 3.704 3.701 3.708 3.725 3.753 3.794 3.847 3.908 4.090 4.496 4.915 5.349 5.797 6.258 6.734 7.223 7.727 8.245 8.776 9.322 9.512 9.272 9.010 8.728 8.423 8.097 7.750 7.381 6.990 6.578 6.144 5.689 7.093 9.873 12.733 15.672 18.690 21.727 24.614 27.450 30.234 32.967 35.649 38.279 38.124 36.829 35.541 34.260 32.984 31.715 30.452 29.195 27.945 26.700 25.462 24.230 23.474
3.553 3.539 3.523 3.506 3.488 3.468 3.447 3.424 3.401 3.375 3.349 3.321 3.294 3.286 3.288 3.300 3.322 3.354 3.397 3.450 3.513 3.589 3.678 3.774 3.958 4.426 4.908 5.404 5.913 6.437 6.975 7.527 8.092 8.672 9.266 9.874 10.166 9.831 9.474 9.095 8.696 8.274 7.831 7.367 6.907 6.522 6.149 5.788 6.990 9.908 12.774 15.589 18.353 21.065 23.725 26.334 28.892 31.399 33.853 36.257 36.471 35.204 33.944 32.689 31.441 30.199 28.964 27.734 26.511 25.294 24.084 22.879 22.174
