DATA/SHG/ECMWF/20170628/EN-8/20170701.en-8.asc
ncols        190
nrows        64
xllcorner    -5100000.000000000000
yllcorner    4130000.000000000000
cellsize     10000.000000000000
NODATA_value  -99999.000
[rows 32 to 63 of 64, columns 0 to 71 of 190]
11.657 12.212 11.911 11.467 10.966 10.407 9.790 9.116 8.383 7.593 6.746 5.840 4.876 3.855 4.223 4.694 5.188 5.705 6.246 6.811 7.400 8.012 8.647 9.307 9.990 10.696 10.651 10.578 10.492 10.391 10.276 10.147 10.004 9.847 9.676 9.490 9.291 9.075 8.752 8.413 8.060 7.692 7.308 6.910 6.497 6.069 5.626 5.220 4.802 4.362 4.231 4.095 3.952 3.805 3.651 3.493 3.328 3.158 2.983 2.802 2.615 2.441 2.429 2.413 2.391 2.365 2.334 2.298 2.257 2.211 2.161 2.105
14.251 15.049 14.802 14.156 13.452 12.690 11.871 10.994 10.059 9.066 8.016 6.908 5.742 4.518 4.687 5.240 5.816 6.416 7.040 7.687 8.358 9.053 9.771 10.513 11.279 12.068 12.107 11.985 11.849 11.699 11.535 11.356 11.164 10.957 10.736 10.501 10.252 9.988 9.625 9.234 8.961 8.683 8.364 8.006 7.607 7.168 6.690 6.171 5.612 5.013 4.823 4.667 4.505 4.338 4.166 3.987 3.804 3.614 3.420 3.219 3.014 2.802 2.765 2.732 2.693 2.650 2.602 2.549 2.491 2.428 2.361 2.288
16.764 17.805 17.753 16.905 15.998 15.034 14.012 12.932 11.795 10.600 9.347 8.037 6.669 5.243 5.124 5.759 6.418 7.101 7.807 8.537 9.291 10.068 10.868 11.693 12.541 13.412 13.577 13.406 13.220 13.020 12.806 12.578 12.336 12.281 12.221 12.138 12.034 11.907 11.647 11.308 10.930 10.512 10.053 9.555 9.016 8.438 7.819 7.160 6.462 5.723 5.420 5.244 5.063 4.877 4.685 4.487 4.284 4.076 3.861 3.642 3.416 3.186 3.106 3.055 3.000 2.940 2.874 2.804 2.729 2.650 2.565 2.475
19.197 20.481 20.764 19.713 18.604 17.438 16.213 14.931 13.592 12.195 10.740 9.227 7.657 6.029 5.535 6.253 6.994 7.760 8.548 9.361 10.197 11.056 11.939 12.846 13.776 14.744 15.318 15.336 15.331 15.305 15.256 15.184 15.091 14.975 14.837 14.676 14.493 14.288 13.934 13.456 12.937 12.379 11.781 11.142 10.464 9.745 8.987 8.188 7.350 6.471 6.021 5.827 5.626 5.420 5.209 4.992 4.769 4.541 4.308 4.069 3.824 3.574 3.451 3.383 3.311 3.233 3.151 3.064 2.972 2.875 2.774 2.667
21.550 23.077 23.835 22.581 21.270 19.901 18.475 16.991 15.449 13.850 12.193 10.479 8.706 6.877 5.920 6.720 7.544 8.392 9.521 11.744 13.656 15.256 16.544 17.520 18.184 18.536 18.580 18.520 18.437 18.332 18.205 18.055 17.883 17.689 17.472 17.233 16.972 16.689 16.259 15.641 14.983 14.285 13.546 12.768 11.950 11.092 10.194 9.256 8.277 7.259 6.628 6.413 6.194 5.968 5.738 5.501 5.260 5.012 4.759 4.501 4.237 3.968 3.800 3.715 3.626 3.531 3.432 3.328 3.219 3.106 2.987 2.863
23.822 25.592 26.965 25.510 23.996 22.425 20.797 19.111 17.367 15.566 13.707 12.267 12.186 12.524 13.602 15.983 18.052 19.809 21.255 22.389 23.212 23.723 23.922 23.810 23.386 22.650 21.862 21.723 21.562 21.379 21.173 20.945 20.695 20.422 20.127 19.810 19.471 19.109 18.622 17.864 17.066 16.228 15.350 14.432 13.475 12.477 11.439 10.361 9.244 8.086 7.239 7.005 6.766 6.521 6.271 6.016 5.754 5.488 5.216 4.938 4.655 4.366 4.153 4.051 3.945 3.834 3.718 3.597 3.471 3.340 3.204 3.064
26.014 28.027 30.109 28.497 26.729 25.176 24.042 23.327 23.031 23.154 23.696 24.656 26.036 27.834 30.008 31.300 32.280 32.948 33.305 33.351 33.085 32.508 31.619 30.419 28.908 27.085 25.162 24.945 24.706 24.444 24.161 23.854 23.526 23.175 22.802 22.407 21.989 21.550 21.023 20.125 19.188 18.210 17.193 16.135 15.038 13.900 12.723 11.506 10.249 8.952 7.854 7.601 7.343 7.079 6.810 6.535 6.254 5.968 5.677 5.380 5.077 4.769 4.511 4.392 4.269 4.140 4.007 3.869 3.727 3.579 3.429 3.294
26.355 27.904 29.430 28.936 28.426 28.335 28.663 29.409 30.573 32.156 34.158 36.579 39.417 42.675 46.351 46.930 46.821 46.402 45.671 44.629 43.275 41.611 39.635 37.348 34.750 31.841 28.620 28.187 27.869 27.530 27.168 26.783 26.377 25.948 25.497 25.023 24.528 24.010 23.462 22.425 21.347 20.230 19.073 17.876 16.639 15.363 14.046 12.689 11.293 9.856 8.475 8.203 7.925 7.642 7.353 7.059 6.759 6.454 6.143 5.826 5.505 5.177 4.872 4.690 4.497 4.320 4.160 4.015 3.887 3.776 3.680 3.601
24.929 26.400 27.847 28.714 29.664 31.034 32.821 35.027 37.651 40.694 44.154 48.033 52.331 57.046 62.180 62.872 61.676 60.169 58.351 56.222 53.782 51.031 47.969 44.596 40.912 36.917 32.611 31.448 31.052 30.634 30.194 29.731 29.247 28.740 28.211 27.659 27.085 26.489 25.871 24.762 23.545 22.288 20.992 19.656 18.279 16.863 15.407 13.911 12.376 10.800 9.185 8.809 8.512 8.209 7.901 7.587 7.163 6.716 6.282 5.862 5.455 5.063 4.684 4.531 4.394 4.274 4.170 4.082 4.010 3.955 3.915 3.892
23.530 24.922 26.291 28.033 30.443 33.272 36.518 40.183 44.266 48.766 53.685 59.022 64.776 70.949 77.540 79.127 76.845 74.251 71.346 68.131 64.605 60.768 56.621 52.163 47.393 42.313 36.923 34.728 34.254 33.758 33.239 32.699 32.136 31.551 30.944 30.315 29.663 28.989 28.293 27.137 25.781 24.385 22.949 21.473 19.958 18.402 16.807 15.172 13.497 11.579 9.652 8.883 8.415 7.960 7.519 7.092 6.678 6.278 5.892 5.519 5.160 4.815 4.483 4.357 4.277 4.212 4.164 4.133 4.117 4.118 4.135 4.168
22.158 23.471 24.762 26.894 30.763 35.050 39.755 44.877 50.417 56.375 62.750 69.544 76.755 84.384 92.430 95.695 92.326 88.646 84.656 80.356 75.744 70.823 65.590 60.047 54.194 48.030 41.555 38.027 37.475 36.901 36.304 35.686 35.045 34.382 33.697 32.990 32.260 31.508 30.734 29.549 28.054 26.519 24.463 22.405 20.384 18.401 16.454 14.545 12.672 10.837 9.039 8.148 7.727 7.320 6.926 6.546 6.180 5.828 5.489 5.163 4.852 4.554 4.270 4.167 4.143 4.135 4.144 4.168 4.209 4.266 4.339 4.428
20.812 22.047 23.259 25.298 30.624 36.369 42.530 49.109 56.106 63.520 71.352 79.601 88.267 97.351 106.852 112.574 108.120 103.355 98.280 92.895 87.200 81.194 74.877 68.251 61.313 54.066 46.508 41.345 40.715 40.063 39.389 38.692 37.974 37.233 36.455 35.029 33.573 32.087 30.570 28.796 26.755 24.751 22.785 20.856 18.964 17.109 15.291 13.510 11.767 10.060 8.391 7.400 7.027 6.667 6.321 5.989 5.670 5.365 5.073 4.795 4.531 4.281 4.044 3.962 3.995 4.043 4.107 4.188 4.285 4.398 4.527 4.673
19.492 20.648 21.782 23.245 30.028 37.229 44.846 52.881 61.333 70.202 79.489 89.192 99.313 109.851 120.806 129.765 124.226 118.378 112.219 105.749 98.970 91.881 84.481 76.771 68.751 60.421 51.781 44.608 43.289 41.940 40.561 39.151 37.711 36.240 34.739 33.208 31.646 30.053 28.431 26.696 24.784 22.910 21.072 19.271 17.508 15.782 14.092 12.440 10.825 9.248 7.707 6.640 6.314 6.002 5.703 5.418 5.147 4.889 4.645 4.414 4.197 3.994 3.805 3.742 3.831 3.935 4.056 4.192 4.345 4.514 4.700 4.901
18.198 19.276 20.332 21.365 28.974 37.630 46.703 56.192 66.099 76.422 87.163 98.320 109.894 121.885 134.292 147.117 140.645 133.713 126.471 118.918 110.404 99.767 89.473 79.522 69.914 60.648 51.726 43.667 42.242 40.787 39.302 37.786 36.240 34.664 33.057 31.420 29.752 28.054 26.326 24.562 22.779 21.033 19.324 17.652 16.017 14.419 12.859 11.335 9.849 8.400 6.987 5.868 5.589 5.324 5.073 4.835 4.611 4.400 4.204 4.020 3.851 3.695 3.553 3.507 3.651 3.812 3.988 4.181 4.390 4.616 4.857 5.115
16.931 17.931 18.908 19.863 27.464 37.574 48.101 59.044 70.404 82.180 94.373 106.983 120.010 132.220 141.902 151.238 143.309 132.492 122.018 111.886 102.097 92.651 83.548 74.787 66.370 58.295 50.562 43.173 41.228 39.668 38.077 36.455 34.804 33.121 31.409 29.666 27.893 26.089 24.255 22.393 20.739 19.121 17.541 15.998 14.491 13.022 11.590 10.195 8.837 7.516 6.232 5.082 4.851 4.633 4.429 4.239 4.062 3.899 3.750 3.614 3.492 3.383 3.288 3.256 3.456 3.673 3.906 4.155 4.420 4.701 4.999 5.312
15.689 16.611 17.510 18.387 25.497 37.060 48.619 59.525 70.085 80.299 90.166 99.687 108.861 117.689 126.171 134.306 129.889 120.263 110.980 102.039 93.441 85.185 77.272 69.701 62.473 55.587 49.044 42.843 40.248 38.581 36.885 35.158 33.400 31.612 29.794 27.946 26.067 24.158 22.218 20.248 18.664 17.175 15.723 14.308 12.931 11.590 10.286 9.019 7.790 6.597 5.442 4.323 4.101 3.931 3.774 3.631 3.501 3.385 3.283 3.195 3.120 3.058 3.011 2.990 3.246 3.519 3.808 4.113 4.434 4.771 5.125 5.494
14.569 15.469 16.344 17.194 22.431 32.828 42.879 52.585 61.944 70.956 79.623 87.943 95.918 103.546 110.828 117.763 116.123 107.688 99.594 91.843 84.435 77.368 70.644 64.263 58.223 52.526 47.171 42.159 39.301 37.528 35.726 33.893 32.030 30.137 28.213 26.259 24.275 22.260 20.215 18.140 16.555 15.194 13.871 12.584 11.335 10.122 8.947 7.809 6.707 5.643 4.615 3.625 3.338 3.215 3.106 3.010 2.928 2.859 2.804 2.763 2.735 2.721 2.721 2.734 3.021 3.351 3.706 4.059 4.408 4.753 5.096 5.435
13.809 14.622 15.410 16.173 19.474 28.670 37.521 46.026 54.185 61.997 69.464 76.585 83.360 89.789 95.872 101.609 102.011 94.765 87.861 81.299 75.080 69.202 63.666 58.473 53.622 49.112 44.945 41.120 38.386 36.509 34.601 32.663 30.694 28.695 26.666 24.606 22.517 20.396 18.246 16.065 14.411 13.179 11.984 10.825 9.704 8.620 7.573 6.562 5.589 4.653 3.754 2.892 2.563 2.487 2.425 2.376 2.341 2.320 2.325 2.404 2.481 2.554 2.624 2.690 2.976 3.323 3.668 4.009 4.347 4.682 5.014 5.343
13.078 13.804 14.505 15.181 16.896 24.893 32.543 39.849 46.808 53.421 59.689 65.611 71.188 76.419 81.304 85.843 87.554 81.496 75.781 70.407 65.376 60.686 56.338 52.332 48.668 45.346 42.365 39.727 37.505 35.522 33.509 31.465 29.391 27.287 25.152 22.987 20.792 18.566 16.311 14.025 12.232 11.128 10.062 9.032 8.039 7.082 6.163 5.281 4.436 3.628 2.857 2.154 1.939 2.027 2.112 2.194 2.272 2.347 2.419 2.487 2.552 2.613 2.671 2.726 2.962 3.298 3.632 3.963 4.290 4.614 4.935 5.253
12.376 13.015 13.628 14.217 14.780 21.495 27.946 34.052 39.813 45.228 50.298 55.022 59.401 63.434 67.122 70.464 72.751 67.881 63.354 59.168 55.324 51.821 48.660 45.841 43.363 41.227 39.433 37.980 36.657 34.569 32.450 30.301 28.121 25.912 23.672 21.401 19.101 16.770 14.409 12.018 10.019 9.044 8.105 7.203 6.416 5.844 5.273 4.701 4.130 3.559 2.988 2.417 2.106 2.182 2.256 2.326 2.392 2.456 2.516 2.572 2.626 2.676 2.722 2.766 2.951 3.277 3.599 3.919 4.235 4.549 4.859 5.166
11.702 12.254 12.780 13.282 13.758 18.476 23.729 28.637 33.200 37.418 41.290 44.817 47.999 50.835 53.326 55.472 57.272 53.921 50.580 47.581 44.923 42.607 40.632 38.998 37.706 36.756 36.147 35.879 35.842 33.648 31.424 29.170 26.885 24.570 22.225 19.849 17.443 15.079 12.890 10.779 8.963 8.391 7.820 7.248 6.676 6.105 5.534 4.963 4.392 3.821 3.251 2.681 2.275 2.340 2.402 2.461 2.516 2.568 2.616 2.661 2.703 2.741 2.777 2.808 2.943 3.258 3.570 3.878 4.184 4.487 4.786 5.082
11.056 11.521 11.960 12.375 12.764 15.835 19.891 23.602 26.968 29.989 32.664 34.995 36.980 38.621 39.916 40.866 41.472 39.614 37.460 35.647 34.175 33.044 32.254 31.806 31.699 31.933 32.509 33.425 34.683 32.761 30.354 27.890 25.504 23.196 20.965 18.812 16.737 14.739 12.819 10.977 9.222 8.650 8.079 7.508 6.936 6.366 5.795 5.224 4.654 4.084 3.513 2.944 2.448 2.502 2.552 2.599 2.642 2.683 2.719 2.753 2.783 2.810 2.834 2.854 2.937 3.242 3.543 3.841 4.136 4.427 4.716 5.001
10.439 10.817 11.169 11.496 11.799 13.574 16.433 18.947 21.117 22.941 24.421 25.556 26.346 26.791 26.892 26.647 26.058 24.962 23.993 23.365 23.078 23.133 23.528 24.651 26.189 27.670 29.094 30.461 31.772 30.328 28.055 25.860 23.743 21.703 19.741 17.857 16.050 14.321 12.669 11.095 9.599 8.909 8.338 7.767 7.196 6.626 6.055 5.485 4.915 4.345 3.776 3.206 2.637 2.666 2.704 2.740 2.772 2.801 2.826 2.848 2.867 2.882 2.894 2.903 2.935 3.229 3.519 3.806 4.090 4.371 4.649 4.924
9.850 10.141 10.406 10.647 10.862 11.690 13.353 14.672 15.646 16.275 16.560 16.500 16.095 15.346 14.252 12.813 12.214 13.128 14.810 16.436 18.005 19.518 20.973 22.371 23.713 24.997 26.225 27.395 28.509 27.683 25.679 23.753 21.904 20.133 18.440 16.823 15.285 13.824 12.441 11.135 9.907 9.167 8.596 8.026 7.456 6.886 6.316 5.746 5.176 4.607 4.037 3.468 2.899 2.833 2.860 2.884 2.905 2.922 2.936 2.946 2.953 2.957 2.958 2.955 2.949 3.219 3.498 3.775 4.048 4.318 4.585 4.849
9.289 9.493 9.672 9.825 9.954 10.184 10.652 10.776 10.555 10.513 10.656 10.798 10.939 11.078 11.215 11.351 11.486 12.089 13.575 15.004 16.377 17.693 18.951 20.153 21.298 22.386 23.417 24.392 25.309 24.962 23.226 21.568 19.988 18.485 17.060 15.712 14.442 13.249 12.134 11.097 10.136 9.425 8.855 8.285 7.715 7.145 6.575 6.006 5.437 4.868 4.299 3.730 3.162 3.003 3.019 3.031 3.040 3.046 3.048 3.047 3.043 3.036 3.025 3.010 2.993 3.212 3.480 3.746 4.008 4.268 4.524 4.777
8.757 8.874 8.974 9.070 9.162 9.254 9.399 9.542 9.683 9.823 9.962 10.099 10.234 10.368 10.500 10.631 10.760 11.112 12.401 13.634 14.810 15.929 16.992 17.997 18.946 19.838 20.673 21.451 22.172 22.163 20.696 19.307 17.995 16.760 15.603 14.523 13.521 12.597 11.749 10.980 10.287 9.683 9.113 8.543 7.974 7.404 6.835 6.266 5.697 5.129 4.560 3.992 3.424 3.177 3.181 3.182 3.179 3.173 3.164 3.152 3.136 3.117 3.094 3.069 3.040 3.207 3.465 3.720 3.972 4.219 4.464 4.708
8.186 8.276 8.362 8.443 8.521 8.594 8.727 8.865 9.001 9.136 9.269 9.401 9.531 9.660 9.787 9.912 10.036 10.196 11.289 12.325 13.305 14.228 15.094 15.903 16.656 17.351 17.990 18.572 19.098 19.288 18.090 16.968 15.924 14.958 14.068 13.257 12.523 11.866 11.286 10.784 10.360 9.940 9.370 8.801 8.232 7.663 7.094 6.526 5.957 5.389 4.821 4.253 3.685 3.353 3.346 3.335 3.321 3.304 3.283 3.259 3.232 3.201 3.154 3.108 3.067 3.184 3.430 3.675 3.918 4.160 4.401 4.641
7.608 7.683 7.755 7.822 7.885 7.943 8.058 8.191 8.322 8.452 8.580 8.706 8.831 8.954 9.076 9.196 9.315 9.432 10.238 11.078 11.862 12.588 13.258 13.871 14.428 14.927 15.370 15.756 16.085 16.337 15.406 14.553 13.776 13.078 12.456 11.913 11.446 11.057 10.745 10.511 10.354 10.197 9.628 9.059 8.490 7.922 7.353 6.785 6.217 5.649 5.081 4.514 3.947 3.533 3.514 3.454 3.390 3.331 3.277 3.228 3.184 3.145 3.110 3.081 3.057 3.144 3.386 3.626 3.865 4.103 4.340 4.575
7.035 7.096 7.153 7.206 7.254 7.298 7.392 7.519 7.645 7.770 7.892 8.014 8.133 8.251 8.368 8.483 8.596 8.708 9.248 9.892 10.479 11.010 11.484 11.901 12.262 12.565 12.812 13.002 13.136 13.213 12.646 12.060 11.552 11.121 10.767 10.491 10.292 10.170 10.126 10.159 10.269 10.453 9.885 9.316 8.748 8.180 7.612 7.044 6.400 5.757 5.128 4.512 3.910 3.394 3.337 3.285 3.239 3.197 3.160 3.128 3.101 3.079 3.061 3.049 3.042 3.105 3.342 3.578 3.813 4.047 4.279 4.510
6.468 6.514 6.557 6.595 6.629 6.658 6.728 6.850 6.971 7.090 7.207 7.323 7.438 7.551 7.662 7.772 7.880 7.987 8.319 8.768 9.159 9.494 9.772 9.993 10.157 10.265 10.316 10.311 10.249 10.130 9.808 9.490 9.250 9.086 9.000 8.991 9.060 9.205 9.429 9.729 10.106 10.443 9.894 9.217 8.553 7.903 7.266 6.643 6.033 5.437 4.854 4.285 3.729 3.187 3.147 3.112 3.083 3.058 3.038 3.023 3.013 3.008 3.008 3.013 3.022 3.067 3.300 3.532 3.762 3.992 4.220 4.446
5.906 5.938 5.966 5.989 6.009 6.024 6.066 6.183 6.299 6.413 6.525 6.636 6.745 6.853 6.959 7.063 7.166 7.268 7.452 7.704 7.900 8.039 8.121 8.146 8.115 8.027 7.883 7.682 7.424 7.109 6.895 6.844 6.871 6.975 7.341 7.700 8.048 8.385 8.710 9.024 9.326 9.617 9.236 8.605 7.988 7.384 6.794 6.217 5.654 5.104 4.568 4.045 3.536 3.040 2.952 2.935 2.922 2.914 2.911 2.913 2.921 2.933 2.950 2.971 2.998 3.030 3.259 3.486 3.713 3.938 4.161 4.384
5.349 5.367 5.380 5.389 5.394 5.394 5.407 5.519 5.629 5.738 5.845 5.951 6.055 6.157 6.258 6.357 6.455 6.551 6.646 6.702 6.702 6.645 6.532 6.361 6.135 5.851 5.522 5.465 5.392 5.303 5.407 5.773 6.128 6.471 6.802 7.122 7.431 7.728 8.014 8.289 8.552 8.803 8.565 7.981 7.410 6.853 6.309 5.779 5.262 4.759 4.269 3.792 3.330 2.880 2.753 2.752 2.757 2.766 2.780 2.799 2.823 2.853 2.887 2.925 2.969 3.018 3.219 3.442 3.664 3.885 4.104 4.323
