DATA/SHG/ECMWF/20170628/EN-8/20170712.en-8.asc
ncols        190
nrows        64
xllcorner    -5100000.000000000000
yllcorner    4130000.000000000000
cellsize     10000.000000000000
NODATA_value  -99999.000
[rows 0 to 33 of 64, columns 0 to 75 of 190]
7.798 7.944 8.105 8.282 8.473 8.680 8.903 9.140 9.393 9.156 8.752 8.338 7.913 7.478 7.033 6.578 6.112 5.636 5.149 4.599 4.035 3.705 3.483 3.262 3.041 2.820 2.600 2.380 2.161 1.942 1.724 1.505 1.288 1.170 1.117 1.066 1.017 0.969 0.924 0.880 0.838 0.798 0.759 0.723 0.688 0.666 0.654 0.644 0.634 0.626 0.618 0.612 0.606 0.601 0.597 0.594 0.592 0.571 0.526 0.482 0.438 0.393 0.349 0.305 0.260 0.216 0.172 0.128 0.084 0.056 0.055 0.053 0.051 0.049 0.047 0.045
8.063 8.262 8.478 8.708 8.954 9.214 9.490 9.782 10.088 9.949 9.509 9.058 8.480 7.903 7.329 6.759 6.192 5.629 5.070 4.514 3.961 3.588 3.367 3.148 2.928 2.709 2.490 2.272 2.054 1.836 1.619 1.402 1.186 1.048 1.002 0.957 0.914 0.873 0.834 0.796 0.761 0.727 0.694 0.664 0.635 0.615 0.607 0.600 0.594 0.589 0.584 0.581 0.579 0.577 0.576 0.576 0.578 0.565 0.520 0.476 0.432 0.388 0.343 0.299 0.255 0.211 0.167 0.123 0.079 0.046 0.044 0.042 0.040 0.037 0.035 0.053
8.310 8.564 8.833 9.117 9.394 9.587 9.781 9.978 10.176 10.020 9.444 8.872 8.304 7.739 7.178 6.620 6.066 5.515 4.968 4.424 3.884 3.471 3.252 3.033 2.815 2.597 2.380 2.163 1.946 1.730 1.514 1.299 1.084 0.925 0.885 0.847 0.810 0.775 0.742 0.711 0.682 0.654 0.628 0.604 0.581 0.565 0.560 0.556 0.553 0.551 0.550 0.550 0.550 0.552 0.554 0.558 0.562 0.558 0.514 0.470 0.426 0.382 0.338 0.294 0.250 0.206 0.162 0.118 0.081 0.052 0.066 0.086 0.111 0.142 0.177 0.219
8.243 8.435 8.629 8.824 9.022 9.222 9.423 9.627 9.833 9.803 9.239 8.680 8.124 7.571 7.022 6.477 5.935 5.397 4.862 4.331 3.804 3.354 3.136 2.919 2.702 2.486 2.270 2.054 1.839 1.624 1.410 1.196 0.982 0.801 0.767 0.735 0.704 0.676 0.649 0.624 0.601 0.579 0.560 0.542 0.526 0.513 0.511 0.511 0.511 0.512 0.514 0.517 0.521 0.526 0.532 0.539 0.546 0.552 0.508 0.464 0.420 0.377 0.336 0.297 0.260 0.225 0.191 0.159 0.129 0.101 0.133 0.172 0.216 0.265 0.319 0.379
7.841 8.040 8.241 8.443 8.648 8.855 9.064 9.275 9.488 9.582 9.031 8.484 7.940 7.400 6.864 6.331 5.802 5.276 4.754 4.235 3.720 3.236 3.020 2.804 2.589 2.374 2.159 1.945 1.731 1.518 1.305 1.092 0.880 0.674 0.647 0.621 0.597 0.575 0.554 0.535 0.518 0.503 0.490 0.478 0.468 0.460 0.462 0.464 0.468 0.472 0.478 0.484 0.491 0.500 0.511 0.520 0.527 0.531 0.494 0.454 0.415 0.379 0.345 0.312 0.281 0.252 0.225 0.199 0.175 0.154 0.195 0.252 0.315 0.383 0.456 0.535
7.437 7.643 7.851 8.061 8.273 8.487 8.703 8.921 9.141 9.358 8.820 8.285 7.754 7.226 6.702 6.182 5.665 5.151 4.641 4.135 3.632 3.133 2.904 2.689 2.475 2.262 2.048 1.836 1.623 1.411 1.199 0.988 0.777 0.567 0.525 0.506 0.488 0.472 0.458 0.445 0.434 0.426 0.418 0.413 0.409 0.408 0.418 0.436 0.453 0.467 0.479 0.489 0.497 0.503 0.506 0.507 0.506 0.503 0.475 0.441 0.409 0.379 0.351 0.325 0.300 0.277 0.256 0.237 0.220 0.204 0.252 0.327 0.409 0.495 0.587 0.685
7.031 7.244 7.459 7.676 7.896 8.117 8.340 8.565 8.793 9.022 8.605 8.082 7.564 7.048 6.537 6.029 5.524 5.023 4.526 4.032 3.541 3.055 2.787 2.574 2.362 2.149 1.938 1.726 1.515 1.304 1.094 0.884 0.675 0.466 0.402 0.389 0.377 0.367 0.359 0.374 0.402 0.424 0.442 0.455 0.463 0.467 0.476 0.487 0.496 0.502 0.507 0.509 0.509 0.507 0.503 0.496 0.487 0.477 0.454 0.426 0.401 0.377 0.355 0.335 0.317 0.301 0.286 0.273 0.263 0.253 0.303 0.398 0.498 0.603 0.714 0.830
6.623 6.844 7.066 7.290 7.517 7.745 7.976 8.208 8.442 8.679 8.386 7.876 7.370 6.867 6.368 5.872 5.380 4.892 4.407 3.925 3.447 2.973 2.671 2.459 2.248 2.037 1.827 1.616 1.407 1.197 0.989 0.780 0.610 0.459 0.425 0.459 0.489 0.513 0.533 0.549 0.559 0.565 0.566 0.563 0.554 0.541 0.536 0.540 0.541 0.540 0.537 0.531 0.523 0.514 0.502 0.487 0.471 0.452 0.431 0.410 0.391 0.374 0.358 0.345 0.333 0.323 0.314 0.308 0.303 0.301 0.349 0.463 0.581 0.705 0.835 0.969
6.214 6.442 6.671 6.903 7.136 7.372 7.609 7.849 8.090 8.334 8.165 7.667 7.173 6.683 6.196 5.713 5.233 4.757 4.284 3.815 3.349 2.887 2.554 2.344 2.134 1.947 1.768 1.598 1.436 1.281 1.134 0.995 0.864 0.741 0.687 0.705 0.718 0.726 0.729 0.728 0.722 0.711 0.695 0.675 0.650 0.620 0.599 0.595 0.588 0.579 0.568 0.555 0.540 0.522 0.503 0.481 0.457 0.430 0.407 0.392 0.380 0.369 0.359 0.352 0.347 0.343 0.341 0.341 0.342 0.346 0.390 0.522 0.660 0.802 0.950 1.104
5.803 6.038 6.275 6.513 6.754 6.997 7.242 7.488 7.737 7.988 7.940 7.455 6.973 6.495 6.021 5.550 5.082 4.617 4.151 3.698 3.258 2.830 2.499 2.325 2.158 2.000 1.849 1.706 1.571 1.444 1.325 1.214 1.110 1.014 0.955 0.956 0.952 0.943 0.930 0.912 0.889 0.861 0.829 0.792 0.750 0.703 0.664 0.652 0.637 0.621 0.602 0.581 0.558 0.533 0.506 0.476 0.445 0.411 0.381 0.373 0.366 0.362 0.359 0.358 0.359 0.361 0.366 0.372 0.380 0.390 0.426 0.577 0.733 0.894 1.061 1.233
5.391 5.633 5.877 6.122 6.370 6.620 6.872 7.126 7.382 7.639 7.697 7.187 6.690 6.205 5.733 5.274 4.827 4.394 3.972 3.564 3.168 2.785 2.461 2.314 2.176 2.045 1.922 1.806 1.699 1.599 1.508 1.424 1.348 1.279 1.227 1.211 1.190 1.165 1.135 1.100 1.060 1.016 0.967 0.913 0.855 0.791 0.730 0.711 0.689 0.665 0.638 0.610 0.579 0.546 0.511 0.474 0.435 0.393 0.353 0.351 0.351 0.353 0.356 0.362 0.369 0.378 0.388 0.401 0.415 0.431 0.457 0.627 0.801 0.981 1.202 1.464
4.977 5.226 5.477 5.755 6.037 6.294 6.527 6.735 6.918 7.076 7.148 6.682 6.230 5.790 5.362 4.948 4.546 4.157 3.780 3.417 3.066 2.727 2.415 2.296 2.185 2.081 1.986 1.898 1.818 1.746 1.682 1.625 1.577 1.536 1.503 1.470 1.433 1.391 1.344 1.293 1.237 1.176 1.110 1.039 0.964 0.884 0.800 0.772 0.742 0.710 0.676 0.640 0.602 0.561 0.519 0.474 0.427 0.378 0.326 0.328 0.334 0.342 0.352 0.364 0.377 0.393 0.410 0.474 0.583 0.708 0.847 1.102 1.362 1.618 1.869 2.116
4.986 5.255 5.499 5.719 5.914 6.084 6.230 6.351 6.446 6.518 6.564 6.164 5.757 5.361 4.979 4.609 4.252 3.907 3.575 3.256 2.950 2.656 2.375 2.270 2.186 2.110 2.042 1.982 1.929 1.884 1.848 1.819 1.797 1.784 1.779 1.735 1.681 1.622 1.558 1.490 1.417 1.340 1.257 1.170 1.078 0.982 0.880 0.835 0.798 0.758 0.717 0.673 0.627 0.579 0.528 0.476 0.421 0.364 0.305 0.303 0.340 0.398 0.472 0.560 0.662 0.779 0.911 1.057 1.217 1.392 1.582 1.820 2.065 2.305 2.540 2.771
5.239 5.421 5.578 5.711 5.818 5.902 5.960 5.994 6.002 5.987 5.946 5.634 5.271 4.920 4.582 4.257 3.944 3.644 3.357 3.083 2.821 2.572 2.335 2.235 2.179 2.130 2.090 2.057 2.032 2.015 2.005 2.004 2.010 2.024 2.046 2.003 1.932 1.857 1.777 1.692 1.603 1.508 1.409 1.305 1.197 1.084 0.966 0.900 0.855 0.808 0.759 0.708 0.654 0.605 0.560 0.518 0.479 0.443 0.410 0.457 0.553 0.662 0.786 0.925 1.078 1.246 1.428 1.625 1.836 2.062 2.303 2.541 2.770 2.995 3.214 3.430
5.519 5.614 5.684 5.729 5.750 5.746 5.717 5.664 5.586 5.483 5.355 5.090 4.772 4.466 4.172 3.892 3.624 3.369 3.126 2.896 2.679 2.474 2.282 2.192 2.163 2.142 2.129 2.124 2.126 2.136 2.154 2.180 2.214 2.255 2.305 2.276 2.189 2.097 2.000 1.899 1.792 1.681 1.566 1.445 1.320 1.190 1.045 0.953 0.900 0.851 0.804 0.761 0.720 0.683 0.648 0.617 0.588 0.563 0.540 0.605 0.751 0.911 1.086 1.276 1.480 1.698 1.931 2.179 2.441 2.717 3.008 3.266 3.479 3.688 3.892 4.091
5.825 5.833 5.816 5.775 5.709 5.618 5.502 5.362 5.197 5.007 4.793 4.534 4.260 3.999 3.750 3.514 3.291 3.080 2.882 2.696 2.524 2.364 2.216 2.141 2.140 2.146 2.160 2.182 2.212 2.250 2.295 2.348 2.410 2.478 2.555 2.554 2.450 2.341 2.223 2.075 1.927 1.781 1.635 1.491 1.347 1.205 1.063 0.964 0.922 0.883 0.847 0.814 0.784 0.757 0.733 0.712 0.694 0.679 0.667 0.738 0.935 1.146 1.372 1.612 1.867 2.136 2.420 2.718 3.031 3.358 3.699 3.993 4.191 4.384 4.572 4.756
6.159 6.080 5.976 5.848 5.694 5.517 5.314 5.087 4.835 4.558 4.257 3.965 3.736 3.519 3.315 3.123 2.944 2.778 2.624 2.484 2.355 2.240 2.137 2.082 2.108 2.142 2.183 2.233 2.290 2.355 2.428 2.504 2.568 2.624 2.672 2.654 2.507 2.360 2.214 2.069 1.925 1.781 1.639 1.498 1.357 1.218 1.079 0.972 0.941 0.912 0.887 0.865 0.845 0.829 0.815 0.805 0.797 0.793 0.791 0.857 1.105 1.367 1.643 1.934 2.239 2.559 2.893 3.242 3.606 3.983 4.376 4.724 4.906 5.083 5.256 5.424
6.519 6.353 6.163 5.947 5.707 5.443 5.153 4.839 4.501 4.137 3.749 3.383 3.198 3.026 2.866 2.719 2.585 2.463 2.354 2.258 2.174 2.103 2.044 2.015 2.088 2.180 2.263 2.339 2.407 2.467 2.519 2.563 2.600 2.628 2.648 2.635 2.490 2.346 2.204 2.062 1.921 1.781 1.642 1.504 1.367 1.230 1.095 0.978 0.957 0.939 0.924 0.912 0.903 0.897 0.894 0.894 0.897 0.903 0.912 0.962 1.260 1.573 1.900 2.241 2.597 2.968 3.353 3.752 4.166 4.594 5.037 5.458 5.624 5.786 5.943 6.096
6.907 6.654 6.376 6.074 5.747 5.396 5.020 4.619 4.194 3.744 3.269 2.789 2.648 2.520 2.405 2.303 2.213 2.186 2.193 2.204 2.217 2.233 2.253 2.278 2.349 2.413 2.469 2.517 2.557 2.590 2.614 2.631 2.639 2.640 2.633 2.614 2.473 2.332 2.193 2.054 1.916 1.780 1.644 1.509 1.375 1.242 1.110 0.980 0.970 0.962 0.958 0.956 0.958 0.962 0.970 0.980 0.994 1.010 1.029 1.053 1.401 1.765 2.142 2.534 2.941 3.362 3.797 4.247 4.712 5.190 5.684 6.192 6.346 6.492 6.633 6.770
7.320 6.981 6.616 6.227 5.814 5.376 4.913 4.426 3.914 3.377 2.888 2.423 2.378 2.381 2.386 2.395 2.407 2.421 2.439 2.461 2.485 2.512 2.543 2.576 2.619 2.655 2.683 2.703 2.716 2.720 2.717 2.706 2.687 2.660 2.625 2.582 2.454 2.317 2.181 2.045 1.911 1.777 1.645 1.513 1.382 1.253 1.124 0.996 0.980 0.983 0.989 0.998 1.010 1.025 1.042 1.063 1.087 1.114 1.144 1.177 1.528 1.942 2.370 2.813 3.270 3.741 4.227 4.728 5.243 5.772 6.316 6.874 7.070 7.201 7.307 7.351
7.761 7.334 6.883 6.364 5.856 5.361 4.879 4.408 3.950 3.504 3.071 2.650 2.555 2.569 2.585 2.605 2.627 2.653 2.682 2.714 2.749 2.787 2.828 2.873 2.896 2.904 2.905 2.898 2.882 2.859 2.828 2.789 2.743 2.688 2.625 2.555 2.435 2.301 2.168 2.036 1.905 1.774 1.645 1.516 1.389 1.262 1.137 1.012 0.987 1.000 1.017 1.036 1.058 1.084 1.112 1.143 1.178 1.215 1.255 1.299 1.641 2.105 2.584 3.077 3.584 4.106 4.643 5.198 5.752 6.286 6.801 7.296 7.456 7.482 7.497 7.499
7.698 7.196 6.707 6.231 5.767 5.315 4.875 4.448 4.033 3.631 3.241 2.863 2.729 2.753 2.781 2.811 2.844 2.881 2.921 2.964 3.010 3.059 3.111 3.166 3.181 3.162 3.135 3.100 3.057 3.006 2.947 2.881 2.806 2.724 2.634 2.536 2.415 2.284 2.155 2.026 1.898 1.770 1.644 1.519 1.394 1.271 1.149 1.027 0.991 1.015 1.041 1.071 1.104 1.140 1.179 1.221 1.265 1.313 1.364 1.418 1.806 2.429 3.032 3.615 4.179 4.723 5.248 5.753 6.238 6.704 7.150 7.576 7.741 7.726 7.698 7.658
7.421 6.964 6.518 6.085 5.664 5.255 4.859 4.475 4.103 3.744 3.397 3.063 2.899 2.934 2.972 3.014 3.058 3.105 3.156 3.210 3.267 3.326 3.389 3.455 3.474 3.427 3.373 3.310 3.239 3.161 3.074 2.980 2.878 2.768 2.650 2.525 2.394 2.267 2.140 2.014 1.889 1.765 1.642 1.520 1.399 1.279 1.160 1.041 0.992 1.026 1.063 1.104 1.147 1.275 1.460 1.650 1.847 2.051 2.261 2.478 2.858 3.412 3.946 4.461 4.957 5.432 5.889 6.325 6.742 7.139 7.517 7.875 8.038 7.980 7.910 7.828
7.132 6.718 6.315 5.925 5.548 5.182 4.829 4.488 4.160 3.844 3.540 3.249 3.066 3.111 3.160 3.213 3.268 3.326 3.388 3.452 3.520 3.590 3.664 3.741 3.775 3.701 3.618 3.528 3.430 3.324 3.210 3.088 2.958 2.821 2.675 2.522 2.373 2.248 2.125 2.002 1.880 1.760 1.640 1.521 1.403 1.286 1.257 1.265 1.328 1.503 1.683 1.871 2.064 2.264 2.471 2.684 2.904 3.130 3.362 3.601 3.927 4.412 4.879 5.325 5.752 6.159 6.547 6.915 7.264 7.592 7.902 8.191 8.346 8.246 8.134 8.009
6.830 6.459 6.100 5.753 5.418 5.096 4.786 4.489 4.203 3.930 3.670 3.421 3.228 3.285 3.345 3.408 3.474 3.543 3.616 3.691 3.769 3.851 3.936 4.023 4.084 3.982 3.872 3.754 3.628 3.494 3.353 3.203 3.046 2.881 2.708 2.527 2.350 2.229 2.108 2.070 2.050 2.038 2.034 2.037 2.049 2.068 2.094 2.129 2.197 2.394 2.597 2.807 3.023 3.246 3.475 3.710 3.952 4.200 4.455 4.716 5.013 5.431 5.828 6.206 6.565 6.904 7.223 7.523 7.803 8.064 8.305 8.526 8.665 8.522 8.368 8.202
6.512 6.187 5.871 5.567 5.276 4.997 4.730 4.475 4.233 4.003 3.786 3.581 3.388 3.455 3.526 3.600 3.677 3.757 3.840 3.926 4.015 4.108 4.203 4.302 4.401 4.271 4.133 3.988 3.834 3.673 3.504 3.327 3.182 3.049 2.930 2.825 2.734 2.718 2.710 2.709 2.716 2.731 2.754 2.785 2.823 2.869 2.923 2.984 3.059 3.278 3.504 3.736 3.974 4.219 4.470 4.728 4.993 5.263 5.540 5.824 6.117 6.466 6.796 7.105 7.396 7.666 7.917 8.149 8.361 8.553 8.726 8.879 8.994 8.810 8.613 8.405
6.161 5.902 5.629 5.368 5.120 4.884 4.660 4.449 4.250 4.063 3.889 3.726 3.577 3.622 3.703 3.788 3.876 3.967 4.061 4.158 4.258 4.361 4.467 4.577 4.682 4.524 4.345 4.179 4.026 3.887 3.761 3.649 3.550 3.464 3.392 3.334 3.289 3.294 3.313 3.339 3.373 3.415 3.465 3.523 3.588 3.661 3.742 3.831 3.927 4.154 4.402 4.657 4.918 5.185 5.459 5.739 6.025 6.319 6.618 6.924 7.236 7.519 7.780 8.022 8.244 8.446 8.629 8.792 8.936 9.060 9.164 9.249 9.315 9.109 8.870 8.619
5.827 5.603 5.374 5.156 4.951 4.758 4.578 4.409 4.253 4.109 3.978 3.859 3.752 3.785 3.877 3.973 4.071 4.173 4.268 4.355 4.432 4.499 4.557 4.605 4.645 4.550 4.418 4.299 4.193 4.100 4.022 3.956 3.904 3.865 3.840 3.828 3.830 3.861 3.907 3.961 4.022 4.091 4.168 4.252 4.344 4.445 4.552 4.668 4.791 5.023 5.293 5.570 5.853 6.143 6.439 6.742 7.051 7.366 7.688 8.016 8.351 8.590 8.783 8.956 9.110 9.244 9.358 9.453 9.529 9.585 9.621 9.638 9.635 9.418 9.138 8.845
5.508 5.292 5.106 4.931 4.769 4.619 4.482 4.356 4.243 4.142 4.071 4.027 3.988 4.032 4.132 4.223 4.305 4.377 4.440 4.493 4.537 4.571 4.596 4.611 4.617 4.562 4.476 4.404 4.345 4.300 4.268 4.249 4.244 4.252 4.274 4.308 4.357 4.420 4.493 4.573 4.661 4.757 4.861 4.973 5.092 5.219 5.354 5.497 5.647 5.884 6.177 6.476 6.781 7.093 7.412 7.737 8.068 8.406 8.750 9.100 9.457 9.678 9.802 9.907 9.993 10.059 10.105 10.132 10.140 10.127 10.096 10.045 9.974 9.739 9.416 9.037
5.206 4.968 4.824 4.731 4.667 4.609 4.557 4.510 4.468 4.432 4.402 4.377 4.358 4.378 4.445 4.503 4.552 4.591 4.621 4.641 4.652 4.653 4.645 4.627 4.600 4.560 4.521 4.496 4.483 4.485 4.500 4.528 4.569 4.624 4.693 4.774 4.869 4.970 5.070 5.177 5.292 5.415 5.546 5.685 5.831 5.985 6.147 6.316 6.494 6.737 7.052 7.374 7.702 8.036 8.377 8.724 9.078 9.438 9.804 10.177 10.556 10.783 10.840 10.877 10.894 10.892 10.870 10.829 10.679 10.384 10.090 9.799 9.511 9.124 8.658 8.203
5.245 5.025 4.970 4.920 4.875 4.837 4.803 4.776 4.754 4.737 4.726 4.720 4.720 4.734 4.768 4.793 4.809 4.815 4.811 4.799 4.776 4.745 4.703 4.653 4.593 4.544 4.552 4.573 4.608 4.656 4.717 4.792 4.880 4.982 5.097 5.226 5.367 5.511 5.638 5.772 5.914 6.064 6.222 6.388 6.561 6.742 6.931 7.127 7.331 7.583 7.920 8.264 8.614 8.971 9.334 9.704 10.080 10.462 10.851 11.246 11.647 11.757 11.454 11.153 10.854 10.558 10.263 9.971 9.681 9.394 9.109 8.825 8.545 8.204 7.776 7.359
5.459 5.168 5.132 5.102 5.077 5.058 5.044 5.035 5.033 5.035 5.044 5.057 5.077 5.100 5.101 5.093 5.075 5.048 5.012 4.966 4.911 4.846 4.772 4.689 4.596 4.513 4.568 4.636 4.718 4.813 4.921 5.042 5.177 5.326 5.488 5.663 5.851 6.044 6.197 6.359 6.528 6.705 6.889 7.082 7.282 7.490 7.706 7.929 8.160 8.421 8.781 9.147 9.520 9.899 10.137 10.263 10.378 10.482 10.574 10.655 10.725 10.703 10.408 10.115 9.824 9.535 9.249 8.965 8.683 8.403 8.126 7.851 7.578 7.274 6.885 6.507
5.686 5.336 5.289 5.278 5.272 5.272 5.278 5.289 5.305 5.327 5.355 5.388 5.427 5.471 5.443 5.402 5.351 5.292 5.222 5.143 5.055 4.958 4.851 4.734 4.608 4.473 4.571 4.685 4.814 4.955 5.110 5.278 5.460 5.655 5.864 6.085 6.321 6.567 6.748 6.936 7.133 7.336 7.548 7.767 7.994 8.229 8.472 8.588 8.643 8.698 8.842 8.974 9.095 9.205 9.303 9.390 9.466 9.531 9.584 9.627 9.658 9.649 9.361 9.076 8.793 8.513 8.234 7.958 7.684 7.412 7.143 6.875 6.610 6.335 5.985 5.645
5.925 5.534 5.439 5.448 5.461 5.481 5.505 5.536 5.571 5.613 5.660 5.712 5.770 5.834 5.795 5.721 5.637 5.544 5.442 5.330 5.209 5.079 4.939 4.790 4.631 4.463 4.559 4.721 4.896 5.084 5.285 5.500 5.729 5.970 6.225 6.494 6.776 7.071 7.290 7.506 7.608 7.679 7.744 7.805 7.862 7.914 7.962 8.005 8.044 8.078 8.176 8.270 8.351 8.422 8.482 8.530 8.567 8.592 8.607 8.610 8.602 8.583 8.314 8.037 7.762 7.489 7.218 6.950 6.684 6.420 6.159 5.899 5.642 5.387 5.075 4.775
