DATA/SHG/ECMWF/20170628/EN-8/20170708.en-8.asc
ncols        190
nrows        64
xllcorner    -5100000.000000000000
yllcorner    4130000.000000000000
cellsize     10000.000000000000
NODATA_value  -99999.000
[rows 0 to 32 of 64, columns 0 to 73 of 190]
0.064 0.069 0.075 0.082 0.088 0.096 0.103 0.112 0.120 0.130 0.139 0.150 0.160 0.170 0.181 0.193 0.204 0.216 0.228 0.259 0.298 0.325 0.344 0.359 0.369 0.374 0.375 0.372 0.364 0.352 0.336 0.315 0.289 0.288 0.304 0.321 0.338 0.355 0.372 0.390 0.408 0.426 0.444 0.463 0.482 0.495 0.502 0.508 0.513 0.517 0.520 0.522 0.523 0.524 0.523 0.522 0.519 0.512 0.499 0.486 0.473 0.460 0.448 0.436 0.423 0.411 0.400 0.388 0.376 0.391 0.442 0.488 0.528 0.562
0.054 0.061 0.068 0.076 0.085 0.094 0.103 0.113 0.124 0.134 0.145 0.156 0.192 0.230 0.267 0.305 0.343 0.381 0.420 0.459 0.498 0.520 0.523 0.522 0.516 0.506 0.491 0.473 0.449 0.421 0.389 0.353 0.312 0.296 0.313 0.331 0.348 0.367 0.385 0.404 0.423 0.442 0.461 0.481 0.501 0.515 0.519 0.521 0.523 0.524 0.524 0.523 0.521 0.518 0.514 0.510 0.504 0.496 0.484 0.471 0.459 0.447 0.435 0.423 0.412 0.400 0.389 0.378 0.367 0.368 0.399 0.425 0.445 0.459
0.043 0.052 0.061 0.071 0.084 0.116 0.151 0.189 0.231 0.272 0.309 0.347 0.385 0.423 0.461 0.500 0.539 0.578 0.618 0.657 0.697 0.718 0.706 0.689 0.668 0.642 0.612 0.577 0.539 0.495 0.447 0.395 0.339 0.303 0.322 0.340 0.359 0.378 0.397 0.417 0.437 0.457 0.478 0.498 0.520 0.536 0.536 0.535 0.534 0.532 0.528 0.524 0.519 0.513 0.507 0.499 0.490 0.480 0.468 0.456 0.445 0.433 0.422 0.411 0.400 0.389 0.378 0.368 0.357 0.350 0.371 0.393 0.416 0.440
0.074 0.104 0.137 0.174 0.214 0.258 0.305 0.355 0.410 0.461 0.499 0.538 0.577 0.616 0.655 0.695 0.734 0.774 0.815 0.855 0.896 0.921 0.893 0.861 0.824 0.783 0.737 0.687 0.632 0.573 0.510 0.442 0.370 0.311 0.330 0.350 0.369 0.389 0.410 0.430 0.451 0.472 0.494 0.516 0.538 0.557 0.554 0.551 0.546 0.541 0.534 0.527 0.519 0.510 0.500 0.489 0.477 0.464 0.453 0.442 0.431 0.420 0.409 0.398 0.387 0.377 0.366 0.356 0.346 0.336 0.359 0.384 0.410 0.436
0.150 0.192 0.238 0.287 0.339 0.395 0.455 0.518 0.585 0.650 0.689 0.728 0.768 0.808 0.848 0.888 0.929 0.970 1.011 1.053 1.095 1.129 1.085 1.037 0.984 0.928 0.866 0.801 0.731 0.656 0.577 0.494 0.406 0.318 0.338 0.359 0.379 0.400 0.422 0.443 0.465 0.487 0.510 0.533 0.556 0.579 0.574 0.567 0.559 0.550 0.541 0.530 0.519 0.508 0.499 0.486 0.469 0.449 0.437 0.427 0.416 0.405 0.395 0.384 0.374 0.364 0.354 0.344 0.334 0.325 0.346 0.374 0.403 0.432
0.222 0.276 0.334 0.396 0.460 0.529 0.601 0.676 0.755 0.838 0.878 0.918 0.959 0.999 1.040 1.082 1.123 1.165 1.207 1.250 1.292 1.335 1.281 1.218 1.149 1.077 1.000 0.919 0.833 0.743 0.649 0.550 0.447 0.339 0.346 0.367 0.389 0.411 0.433 0.456 0.479 0.502 0.525 0.549 0.573 0.597 0.600 0.602 0.601 0.597 0.589 0.578 0.563 0.545 0.523 0.498 0.470 0.438 0.422 0.411 0.401 0.391 0.381 0.371 0.361 0.351 0.342 0.332 0.323 0.314 0.333 0.363 0.395 0.427
0.289 0.356 0.427 0.500 0.578 0.659 0.743 0.831 0.922 1.017 1.066 1.107 1.149 1.190 1.232 1.275 1.317 1.360 1.403 1.446 1.490 1.533 1.482 1.403 1.319 1.231 1.138 1.042 0.940 0.835 0.725 0.610 0.491 0.368 0.353 0.376 0.398 0.421 0.445 0.473 0.508 0.545 0.584 0.626 0.669 0.715 0.725 0.716 0.703 0.686 0.666 0.643 0.616 0.585 0.551 0.514 0.473 0.429 0.406 0.396 0.386 0.376 0.367 0.357 0.348 0.338 0.329 0.320 0.311 0.303 0.318 0.352 0.386 0.422
0.353 0.432 0.515 0.601 0.691 0.784 0.881 0.981 1.085 1.192 1.254 1.296 1.338 1.381 1.424 1.467 1.510 1.554 1.598 1.642 1.686 1.731 1.687 1.592 1.493 1.389 1.281 1.169 1.052 0.931 0.805 0.675 0.541 0.406 0.371 0.402 0.436 0.471 0.510 0.550 0.592 0.637 0.685 0.734 0.786 0.840 0.854 0.832 0.807 0.778 0.746 0.711 0.672 0.629 0.583 0.534 0.481 0.424 0.390 0.380 0.371 0.362 0.352 0.343 0.334 0.325 0.317 0.308 0.300 0.291 0.303 0.340 0.377 0.415
0.413 0.504 0.599 0.698 0.800 0.906 1.015 1.127 1.243 1.363 1.441 1.484 1.527 1.571 1.614 1.658 1.703 1.747 1.792 1.837 1.882 1.928 1.896 1.786 1.671 1.535 1.398 1.263 1.127 0.992 0.858 0.724 0.591 0.459 0.405 0.444 0.486 0.529 0.575 0.624 0.674 0.727 0.783 0.840 0.900 0.962 0.986 0.952 0.915 0.874 0.830 0.782 0.731 0.676 0.618 0.556 0.491 0.423 0.374 0.365 0.356 0.347 0.338 0.329 0.321 0.312 0.304 0.296 0.288 0.280 0.287 0.327 0.367 0.408
0.469 0.572 0.680 0.791 0.905 1.023 1.145 1.270 1.398 1.530 1.628 1.671 1.716 1.760 1.805 1.849 1.895 1.936 1.952 1.969 1.989 2.012 1.978 1.842 1.706 1.571 1.436 1.302 1.169 1.036 0.904 0.772 0.641 0.510 0.436 0.483 0.533 0.585 0.639 0.695 0.754 0.815 0.878 0.944 1.012 1.082 1.122 1.076 1.026 0.973 0.917 0.857 0.793 0.726 0.656 0.582 0.505 0.424 0.358 0.349 0.341 0.332 0.324 0.315 0.307 0.299 0.291 0.284 0.276 0.268 0.270 0.313 0.356 0.400
0.520 0.637 0.756 0.880 1.006 1.137 1.270 1.408 1.548 1.693 1.801 1.809 1.818 1.830 1.845 1.862 1.881 1.902 1.926 1.952 1.980 2.011 2.007 1.873 1.739 1.606 1.474 1.342 1.210 1.079 0.949 0.819 0.690 0.562 0.465 0.520 0.578 0.638 0.700 0.764 0.831 0.900 0.971 1.045 1.121 1.199 1.261 1.202 1.141 1.076 1.007 0.935 0.859 0.780 0.698 0.612 0.523 0.430 0.342 0.333 0.325 0.317 0.309 0.301 0.294 0.286 0.279 0.271 0.264 0.257 0.253 0.298 0.344 0.391
0.568 0.697 0.829 0.971 1.111 1.240 1.357 1.463 1.558 1.641 1.707 1.723 1.741 1.761 1.784 1.809 1.836 1.865 1.897 1.931 1.968 2.007 2.036 1.904 1.772 1.641 1.510 1.380 1.251 1.122 0.993 0.866 0.739 0.612 0.492 0.555 0.621 0.689 0.759 0.831 0.906 0.983 1.062 1.144 1.227 1.314 1.402 1.332 1.259 1.181 1.100 1.016 0.928 0.837 0.743 0.645 0.543 0.438 0.330 0.318 0.310 0.302 0.295 0.287 0.280 0.273 0.266 0.264 0.263 0.260 0.255 0.319 0.397 0.484
0.781 0.915 1.038 1.149 1.249 1.338 1.415 1.481 1.536 1.579 1.611 1.635 1.661 1.689 1.720 1.753 1.789 1.826 1.866 1.909 1.953 2.000 2.050 1.934 1.804 1.675 1.546 1.418 1.291 1.164 1.037 0.912 0.786 0.662 0.538 0.587 0.661 0.737 0.815 0.895 0.978 1.063 1.150 1.240 1.332 1.426 1.522 1.466 1.380 1.290 1.197 1.101 1.001 0.898 0.791 0.681 0.567 0.450 0.330 0.302 0.307 0.315 0.321 0.324 0.325 0.323 0.319 0.313 0.304 0.292 0.279 0.354 0.462 0.578
1.091 1.185 1.268 1.339 1.399 1.448 1.485 1.511 1.526 1.529 1.521 1.544 1.579 1.615 1.654 1.696 1.739 1.785 1.833 1.884 1.937 1.992 2.049 1.963 1.835 1.708 1.581 1.455 1.330 1.205 1.081 0.957 0.834 0.711 0.589 0.617 0.699 0.783 0.869 0.957 1.048 1.141 1.236 1.334 1.433 1.535 1.640 1.602 1.504 1.402 1.297 1.189 1.077 0.965 0.855 0.748 0.644 0.543 0.444 0.417 0.419 0.418 0.415 0.410 0.402 0.392 0.380 0.364 0.347 0.327 0.304 0.381 0.518 0.663
1.413 1.467 1.510 1.542 1.562 1.570 1.568 1.554 1.529 1.492 1.444 1.452 1.494 1.539 1.586 1.635 1.687 1.741 1.798 1.856 1.917 1.981 2.046 1.992 1.866 1.741 1.616 1.492 1.369 1.246 1.123 1.001 0.880 0.760 0.639 0.644 0.734 0.826 0.920 1.016 1.115 1.216 1.319 1.425 1.533 1.643 1.739 1.711 1.595 1.482 1.371 1.263 1.157 1.054 0.954 0.857 0.762 0.670 0.581 0.539 0.533 0.524 0.512 0.498 0.482 0.463 0.442 0.418 0.392 0.364 0.333 0.400 0.566 0.741
1.748 1.762 1.765 1.756 1.736 1.705 1.663 1.609 1.544 1.467 1.380 1.356 1.407 1.460 1.515 1.573 1.633 1.695 1.759 1.826 1.895 1.967 2.041 2.020 1.896 1.773 1.650 1.528 1.407 1.286 1.165 1.045 0.926 0.807 0.689 0.669 0.767 0.867 0.970 1.076 1.179 1.280 1.378 1.473 1.565 1.654 1.741 1.742 1.635 1.531 1.429 1.331 1.235 1.141 1.051 0.963 0.878 0.795 0.715 0.664 0.649 0.631 0.611 0.589 0.564 0.537 0.507 0.474 0.440 0.403 0.363 0.411 0.607 0.810
2.094 2.068 2.031 1.983 1.923 1.852 1.770 1.676 1.571 1.455 1.327 1.259 1.318 1.379 1.442 1.508 1.576 1.646 1.719 1.794 1.871 1.951 2.033 2.048 1.926 1.805 1.684 1.564 1.444 1.325 1.207 1.090 0.981 0.876 0.777 0.746 0.851 0.952 1.052 1.148 1.242 1.333 1.421 1.506 1.589 1.669 1.746 1.769 1.672 1.577 1.485 1.396 1.309 1.225 1.144 1.066 0.990 0.917 0.847 0.791 0.767 0.741 0.713 0.682 0.648 0.612 0.574 0.533 0.490 0.444 0.396 0.414 0.639 0.872
2.452 2.386 2.310 2.221 2.122 2.011 1.889 1.755 1.611 1.454 1.287 1.159 1.226 1.295 1.367 1.441 1.517 1.595 1.676 1.759 1.845 1.932 2.022 2.075 1.949 1.821 1.698 1.581 1.468 1.361 1.260 1.163 1.072 0.986 0.906 0.859 0.955 1.047 1.136 1.223 1.307 1.388 1.467 1.543 1.616 1.686 1.753 1.794 1.706 1.621 1.538 1.458 1.381 1.307 1.235 1.166 1.100 1.036 0.975 0.920 0.888 0.853 0.816 0.777 0.734 0.690 0.643 0.593 0.542 0.487 0.431 0.409 0.663 0.925
2.822 2.717 2.600 2.472 2.333 2.182 2.020 1.847 1.662 1.467 1.259 1.057 1.132 1.209 1.289 1.371 1.455 1.548 1.641 1.727 1.806 1.880 1.948 2.002 1.887 1.778 1.673 1.574 1.480 1.392 1.309 1.231 1.158 1.091 1.029 0.976 1.061 1.144 1.224 1.301 1.375 1.447 1.516 1.582 1.645 1.705 1.763 1.816 1.738 1.662 1.589 1.518 1.451 1.385 1.323 1.263 1.207 1.152 1.101 1.052 1.011 0.968 0.922 0.874 0.823 0.770 0.714 0.656 0.596 0.533 0.468 0.400 0.680 0.971
3.205 3.059 2.903 2.735 2.556 2.365 2.164 1.951 1.726 1.491 1.266 1.049 1.125 1.227 1.322 1.411 1.494 1.571 1.641 1.706 1.764 1.816 1.862 1.902 1.820 1.729 1.643 1.562 1.487 1.417 1.352 1.293 1.239 1.190 1.146 1.108 1.171 1.243 1.314 1.381 1.446 1.508 1.567 1.623 1.677 1.728 1.776 1.822 1.767 1.700 1.636 1.575 1.517 1.461 1.408 1.358 1.311 1.266 1.224 1.184 1.136 1.084 1.030 0.973 0.914 0.852 0.788 0.722 0.653 0.581 0.507 0.431 0.688 1.008
3.599 3.414 3.217 2.980 2.746 2.518 2.294 2.075 1.861 1.652 1.447 1.247 1.262 1.342 1.416 1.483 1.544 1.599 1.648 1.691 1.728 1.758 1.783 1.801 1.747 1.674 1.607 1.545 1.488 1.437 1.390 1.349 1.314 1.283 1.258 1.238 1.282 1.346 1.406 1.464 1.519 1.572 1.621 1.668 1.712 1.753 1.792 1.827 1.793 1.736 1.681 1.630 1.581 1.535 1.491 1.450 1.412 1.377 1.344 1.314 1.263 1.203 1.140 1.075 1.007 0.937 0.864 0.786 0.705 0.626 0.549 0.475 0.676 0.976
3.717 3.486 3.260 3.039 2.822 2.610 2.403 2.201 2.003 1.811 1.623 1.439 1.405 1.464 1.516 1.561 1.601 1.635 1.662 1.683 1.698 1.707 1.710 1.707 1.669 1.615 1.566 1.522 1.484 1.451 1.423 1.400 1.383 1.371 1.364 1.363 1.397 1.451 1.502 1.550 1.595 1.638 1.678 1.715 1.749 1.781 1.810 1.836 1.816 1.769 1.724 1.681 1.642 1.605 1.571 1.539 1.511 1.484 1.461 1.440 1.380 1.290 1.203 1.117 1.035 0.954 0.877 0.801 0.729 0.658 0.590 0.525 0.666 0.943
3.721 3.507 3.297 3.093 2.893 2.697 2.507 2.321 2.140 1.964 1.793 1.626 1.555 1.592 1.622 1.646 1.664 1.676 1.682 1.682 1.675 1.663 1.644 1.619 1.585 1.549 1.519 1.494 1.474 1.459 1.450 1.446 1.447 1.453 1.465 1.482 1.514 1.558 1.600 1.638 1.674 1.707 1.737 1.765 1.790 1.812 1.831 1.847 1.837 1.799 1.763 1.730 1.700 1.664 1.623 1.580 1.536 1.491 1.445 1.397 1.333 1.251 1.172 1.096 1.022 0.950 0.881 0.814 0.750 0.688 0.629 0.572 0.661 0.915
3.720 3.522 3.329 3.141 2.958 2.779 2.606 2.436 2.272 2.113 1.958 1.808 1.711 1.726 1.735 1.738 1.734 1.725 1.709 1.687 1.659 1.625 1.585 1.538 1.496 1.479 1.467 1.460 1.459 1.462 1.471 1.486 1.505 1.530 1.560 1.596 1.634 1.669 1.700 1.729 1.755 1.779 1.799 1.817 1.833 1.845 1.850 1.854 1.845 1.805 1.764 1.722 1.678 1.634 1.588 1.541 1.493 1.444 1.394 1.343 1.283 1.210 1.140 1.072 1.006 0.943 0.883 0.825 0.769 0.716 0.665 0.617 0.663 0.894
3.713 3.532 3.356 3.185 3.018 2.856 2.699 2.546 2.399 2.256 2.117 1.984 1.874 1.867 1.854 1.836 1.811 1.779 1.742 1.699 1.649 1.594 1.532 1.464 1.402 1.403 1.409 1.421 1.438 1.460 1.487 1.520 1.558 1.601 1.650 1.704 1.757 1.782 1.804 1.805 1.804 1.805 1.807 1.811 1.815 1.821 1.828 1.836 1.836 1.792 1.747 1.701 1.653 1.605 1.555 1.504 1.452 1.399 1.345 1.289 1.231 1.167 1.105 1.045 0.988 0.934 0.882 0.833 0.786 0.741 0.699 0.659 0.670 0.878
3.702 3.537 3.378 3.223 3.073 2.927 2.787 2.651 2.520 2.393 2.272 2.155 2.043 2.015 1.980 1.940 1.893 1.841 1.782 1.717 1.646 1.569 1.485 1.396 1.302 1.321 1.346 1.376 1.412 1.452 1.498 1.549 1.588 1.627 1.667 1.707 1.748 1.748 1.750 1.752 1.756 1.761 1.767 1.775 1.784 1.793 1.804 1.817 1.828 1.780 1.731 1.681 1.629 1.577 1.523 1.468 1.412 1.355 1.296 1.237 1.176 1.121 1.067 1.017 0.968 0.923 0.879 0.838 0.800 0.764 0.731 0.699 0.684 0.869
3.693 3.537 3.394 3.256 3.122 2.994 2.870 2.750 2.636 2.526 2.421 2.320 2.225 2.168 2.112 2.051 1.983 1.908 1.828 1.742 1.649 1.550 1.446 1.335 1.218 1.233 1.270 1.308 1.346 1.385 1.425 1.465 1.506 1.548 1.590 1.633 1.677 1.686 1.692 1.699 1.707 1.716 1.726 1.738 1.751 1.765 1.780 1.796 1.814 1.769 1.716 1.662 1.606 1.550 1.492 1.433 1.373 1.312 1.249 1.186 1.121 1.073 1.028 0.986 0.946 0.909 0.874 0.842 0.812 0.785 0.760 0.737 0.717 0.866
3.697 3.532 3.406 3.284 3.167 3.055 2.947 2.844 2.746 2.653 2.565 2.481 2.402 2.328 2.251 2.168 2.078 1.997 1.932 1.849 1.748 1.628 1.490 1.334 1.160 1.135 1.175 1.215 1.255 1.297 1.339 1.381 1.425 1.469 1.513 1.558 1.604 1.623 1.633 1.644 1.656 1.669 1.684 1.700 1.717 1.735 1.754 1.775 1.797 1.760 1.703 1.644 1.585 1.524 1.462 1.399 1.335 1.270 1.204 1.136 1.067 1.022 0.986 0.952 0.921 0.893 0.866 0.843 0.821 0.803 0.786 0.773 0.761 0.870
3.716 3.521 3.412 3.306 3.206 3.110 3.019 2.933 2.852 2.775 2.748 2.762 2.764 2.738 2.683 2.609 2.516 2.406 2.277 2.130 1.965 1.781 1.580 1.360 1.121 1.037 1.079 1.121 1.164 1.208 1.252 1.297 1.342 1.389 1.435 1.483 1.531 1.558 1.572 1.588 1.604 1.622 1.641 1.661 1.682 1.704 1.728 1.753 1.779 1.752 1.690 1.628 1.564 1.500 1.434 1.367 1.299 1.229 1.159 1.087 1.015 0.969 0.942 0.917 0.894 0.874 0.857 0.841 0.829 0.819 0.811 0.805 0.803 0.879
3.748 3.506 3.413 3.423 3.483 3.530 3.564 3.586 3.594 3.589 3.572 3.541 3.498 3.423 3.303 3.165 3.009 2.834 2.641 2.430 2.201 1.954 1.688 1.404 1.102 0.938 0.982 1.027 1.072 1.118 1.164 1.212 1.259 1.308 1.357 1.407 1.457 1.493 1.511 1.531 1.551 1.573 1.596 1.620 1.646 1.672 1.700 1.729 1.759 1.745 1.679 1.613 1.545 1.477 1.407 1.336 1.263 1.190 1.116 1.040 0.963 0.914 0.895 0.879 0.865 0.853 0.844 0.838 0.872 0.961 1.040 1.111 1.172 1.277
4.601 4.511 4.551 4.579 4.593 4.595 4.584 4.559 4.522 4.472 4.409 4.333 4.244 4.125 3.942 3.740 3.520 3.281 3.025 2.750 2.457 2.145 1.816 1.468 1.102 0.839 0.885 0.932 0.980 1.028 1.076 1.126 1.176 1.227 1.278 1.330 1.383 1.426 1.449 1.472 1.497 1.523 1.550 1.579 1.608 1.639 1.671 1.704 1.738 1.739 1.669 1.599 1.527 1.454 1.381 1.306 1.229 1.152 1.073 0.994 0.913 0.924 1.045 1.157 1.260 1.353 1.438 1.513 1.579 1.635 1.683 1.721 1.751 1.807
5.840 5.770 5.765 5.747 5.716 5.672 5.615 5.546 5.463 5.367 5.259 5.137 5.003 4.847 4.600 4.334 4.050 3.747 3.427 3.088 2.731 2.356 1.963 1.551 1.121 0.739 0.787 0.837 0.886 0.937 0.988 1.040 1.092 1.145 1.199 1.253 1.308 1.359 1.385 1.413 1.442 1.472 1.503 1.536 1.570 1.605 1.641 1.678 1.716 1.734 1.661 1.586 1.510 1.434 1.400 1.411 1.441 1.490 1.558 1.644 1.748 1.863 1.952 2.032 2.103 2.164 2.216 2.259 2.293 2.318 2.334 2.340 2.337 2.347
7.062 7.040 6.992 6.928 6.852 6.762 6.660 6.545 6.417 6.276 6.122 5.955 5.775 5.582 5.276 4.946 4.598 4.232 3.848 3.445 3.025 2.586 2.128 1.653 1.160 0.648 0.689 0.741 0.793 0.845 0.899 0.953 1.007 1.063 1.119 1.175 1.232 1.290 1.321 1.352 1.386 1.420 1.455 1.492 1.530 1.569 1.609 1.702 1.774 1.796 1.779 1.781 1.802 1.841 1.898 1.975 2.070 2.183 2.315 2.465 2.635 2.810 2.867 2.914 2.953 2.982 3.003 3.014 3.016 3.008 2.992 2.967 2.932 2.897
