DATA/SHG/ECMWF/20170628/EN-3/20170629.en-3.asc
ncols        190
nrows        64
xllcorner    -5100000.000000000000
yllcorner    4130000.000000000000
cellsize     10000.000000000000
NODATA_value  -99999.000
[rows 32 to 63 of 64, columns 0 to 72 of 190]
1.519 1.380 1.365 1.360 1.353 1.343 1.332 1.318 1.302 1.284 1.263 1.241 1.216 1.189 1.145 1.092 1.033 0.966 0.892 0.811 0.723 0.627 0.525 0.415 0.298 0.174 0.219 0.268 0.318 0.369 0.421 0.473 0.527 0.581 0.636 0.692 0.748 0.805 0.816 0.819 0.814 0.802 0.783 0.756 0.722 0.680 0.631 0.695 0.791 0.864 0.985 1.088 1.173 1.241 1.291 1.323 1.338 1.335 1.314 1.275 1.219 1.182 1.503 1.846 2.210 2.597 3.006 3.437 3.890 4.365 4.862 5.381 5.922
1.963 1.780 1.725 1.712 1.697 1.680 1.661 1.639 1.616 1.590 1.562 1.531 1.499 1.464 1.400 1.322 1.238 1.146 1.047 0.941 0.827 0.707 0.579 0.444 0.302 0.152 0.170 0.222 0.275 0.329 0.384 0.439 0.496 0.553 0.611 0.670 0.729 0.790 0.783 0.760 0.924 1.111 1.271 1.406 1.515 1.597 1.654 1.685 1.689 1.668 1.718 1.759 1.783 1.789 1.778 1.748 1.701 1.637 1.554 1.454 1.337 1.202 1.576 1.995 2.437 2.900 3.386 3.893 4.423 4.975 5.548 6.144 6.761
2.421 2.193 2.087 2.067 2.044 2.019 1.992 1.963 1.931 1.897 1.862 1.823 1.783 1.741 1.663 1.560 1.450 1.333 1.209 1.078 0.939 0.793 0.640 0.480 0.313 0.139 0.121 0.176 0.232 0.288 0.346 0.404 0.464 0.723 1.023 1.349 1.699 2.075 2.305 2.453 2.574 2.670 2.740 2.784 2.802 2.793 2.759 2.699 2.612 2.500 2.468 2.448 2.410 2.354 2.281 2.190 2.082 1.956 1.812 1.650 1.471 1.275 1.628 2.124 2.642 3.182 3.744 4.328 4.934 5.562 6.212 6.884 7.578
2.893 2.619 2.451 2.423 2.392 2.360 2.325 2.288 2.249 2.207 2.164 2.118 2.070 2.020 1.933 1.805 1.670 1.528 1.378 1.222 1.058 0.887 0.709 0.524 0.332 0.137 0.205 0.416 0.653 0.916 1.203 1.515 1.853 2.216 2.604 3.017 3.455 3.918 4.161 4.218 4.249 4.254 4.233 4.186 4.113 4.014 3.889 3.738 3.560 3.357 3.234 3.153 3.053 2.936 2.801 2.649 2.479 2.291 2.086 1.863 1.623 1.365 1.658 2.231 2.826 3.442 4.081 4.741 5.424 6.128 6.855 7.603 8.374
3.379 3.060 2.817 2.781 2.743 2.703 2.660 2.615 2.568 2.519 2.468 2.414 2.358 2.300 2.210 2.057 1.897 1.730 1.564 1.444 1.335 1.238 1.153 1.080 1.019 0.970 1.057 1.356 1.681 2.031 2.406 2.806 3.231 3.681 4.156 4.657 5.182 5.733 6.042 6.008 5.948 5.862 5.750 5.612 5.448 5.259 5.043 4.801 4.533 4.239 4.017 3.874 3.713 3.535 3.338 3.125 2.893 2.644 2.378 2.093 1.791 1.472 1.667 2.317 2.988 3.681 4.396 5.133 5.892 6.673 7.475 8.300 9.147
3.878 3.514 3.185 3.141 3.095 3.047 2.997 2.944 2.890 2.833 2.774 2.710 2.646 2.592 2.530 2.404 2.289 2.186 2.095 2.016 1.948 1.893 1.849 1.817 1.797 1.788 1.882 2.269 2.681 3.118 3.581 4.068 4.580 5.118 5.681 6.269 6.882 7.520 7.946 7.822 7.671 7.494 7.292 7.063 6.809 6.528 6.222 5.889 5.531 5.146 4.817 4.612 4.390 4.150 3.892 3.617 3.324 3.014 2.686 2.340 1.977 1.596 1.655 2.381 3.128 3.898 4.689 5.502 6.338 7.195 8.074 8.975 9.899
4.391 3.982 3.560 3.504 3.427 3.329 3.240 3.162 3.093 3.034 2.985 2.946 2.917 2.897 2.884 2.799 2.725 2.663 2.613 2.575 2.549 2.534 2.531 2.540 2.561 2.593 2.680 3.154 3.654 4.178 4.728 5.303 5.903 6.527 7.177 7.853 8.553 9.278 9.875 9.659 9.418 9.151 8.857 8.538 8.193 7.822 7.425 7.002 6.553 6.078 5.633 5.367 5.083 4.781 4.462 4.126 3.772 3.400 3.011 2.604 2.179 1.737 1.621 2.423 3.247 4.093 4.961 5.851 6.762 7.696 8.938 10.479 12.145
4.644 4.141 3.638 3.485 3.411 3.347 3.293 3.249 3.215 3.190 3.176 3.171 3.176 3.191 3.216 3.181 3.148 3.127 3.118 3.121 3.136 3.162 3.200 3.250 3.312 3.385 3.470 4.012 4.599 5.211 5.848 6.510 7.197 7.909 8.646 9.409 10.196 11.009 11.828 11.521 11.189 10.831 10.448 10.038 9.602 9.140 8.653 8.139 7.600 7.034 6.465 6.138 5.792 5.430 5.049 4.652 4.236 3.803 3.352 2.884 2.398 1.895 1.567 2.519 3.617 4.840 6.189 7.663 9.262 10.987 12.837 14.813 16.914
4.628 4.123 3.618 3.423 3.384 3.355 3.335 3.325 3.326 3.336 3.355 3.385 3.425 3.475 3.534 3.549 3.558 3.578 3.610 3.654 3.709 3.777 3.856 3.947 4.049 4.164 4.290 4.842 5.516 6.216 6.940 7.689 8.464 9.263 10.087 10.937 11.812 12.711 13.636 13.407 12.985 12.536 12.062 11.562 11.035 10.483 9.905 9.301 8.671 8.015 7.334 6.925 6.519 6.095 5.653 5.194 4.655 4.118 3.608 3.125 2.669 2.240 1.841 3.249 4.782 6.440 8.224 10.133 12.167 14.327 16.612 19.023 21.559
4.613 4.106 3.598 3.351 3.346 3.351 3.366 3.391 3.425 3.470 3.524 3.589 3.663 3.747 3.840 3.905 3.954 4.016 4.089 4.173 4.270 4.378 4.498 4.630 4.773 4.929 5.096 5.645 6.407 7.193 8.004 8.841 9.703 10.589 11.501 12.437 13.399 14.386 15.398 15.318 14.804 14.265 13.701 13.110 12.493 11.850 11.182 10.488 9.767 8.815 7.845 7.170 6.591 6.040 5.515 5.017 4.547 4.104 3.687 3.298 2.936 2.601 2.294 3.856 5.824 7.918 10.136 12.480 14.949 17.544 20.263 23.108 26.079
4.598 4.089 3.580 3.268 3.298 3.337 3.386 3.446 3.515 3.593 3.682 3.781 3.889 4.008 4.136 4.248 4.338 4.440 4.554 4.680 4.817 4.966 5.127 5.300 5.484 5.681 5.889 6.421 7.269 8.143 9.042 9.965 10.914 11.888 12.886 13.910 14.959 16.033 17.132 17.252 16.648 16.019 14.964 13.903 12.867 11.857 10.873 9.915 8.983 8.076 7.195 6.566 6.081 5.623 5.193 4.789 4.413 4.063 3.741 3.446 3.178 2.937 2.723 4.342 6.745 9.273 11.926 14.704 17.608 20.637 23.791 27.070 30.474
4.584 4.074 3.562 3.174 3.238 3.312 3.396 3.489 3.593 3.706 3.829 3.962 4.105 4.258 4.420 4.577 4.709 4.852 5.007 5.173 5.351 5.541 5.743 5.957 6.182 6.419 6.668 7.169 8.105 9.066 10.051 11.062 12.098 13.159 14.235 14.915 15.568 16.195 16.795 16.644 15.595 14.572 13.574 12.602 11.656 10.736 9.841 8.972 8.129 7.312 6.521 5.935 5.544 5.181 4.844 4.534 4.252 3.996 3.768 3.567 3.392 3.245 3.125 4.706 7.543 10.506 13.593 16.806 20.144 23.607 27.194 30.908 34.746
4.572 4.059 3.545 3.070 3.168 3.277 3.395 3.523 3.660 3.808 3.965 4.133 4.310 4.497 4.694 4.894 5.066 5.250 5.446 5.653 5.872 6.103 6.346 6.600 6.866 7.144 7.434 7.863 8.638 9.387 10.108 10.802 11.470 12.111 12.726 13.313 13.874 14.408 14.915 14.962 14.002 13.068 12.160 11.278 10.421 9.590 8.785 8.006 7.252 6.524 5.822 5.279 4.982 4.712 4.469 4.253 4.065 3.903 3.769 3.661 3.581 3.527 3.501 4.948 8.220 11.617 15.138 18.785 22.556 26.453 30.475 34.621 38.893
4.559 4.044 3.529 3.013 3.088 3.230 3.383 3.545 3.717 3.899 4.091 4.292 4.504 4.725 4.956 5.197 5.411 5.636 5.872 6.120 6.348 6.466 6.574 6.674 6.765 6.847 6.921 7.032 7.714 8.370 8.998 9.600 10.176 10.724 11.246 11.741 12.209 12.650 13.065 13.256 12.385 11.541 10.722 9.929 9.162 8.420 7.705 7.014 6.350 5.711 5.099 4.596 4.393 4.217 4.068 3.946 3.852 3.784 3.743 3.729 3.742 3.783 3.850 5.070 8.775 12.605 16.561 20.641 24.846 29.176 33.631 38.211 42.916
4.548 4.031 3.513 2.995 2.996 3.173 3.360 3.556 3.763 3.979 4.205 4.441 4.687 4.920 5.104 5.277 5.413 5.535 5.648 5.753 5.849 5.936 6.014 6.083 6.143 6.195 6.237 6.271 6.819 7.382 7.918 8.427 8.910 9.366 9.795 10.197 10.573 10.922 11.244 11.526 10.745 9.990 9.260 8.557 7.879 7.226 6.600 5.999 5.424 4.874 4.351 3.888 3.779 3.697 3.642 3.613 3.612 3.638 3.691 3.771 3.878 4.012 4.173 5.069 9.208 13.472 17.861 22.375 27.013 31.777 36.665 41.678 46.816
4.538 4.018 3.499 2.978 2.894 3.105 3.329 3.552 3.764 3.964 4.154 4.333 4.501 4.657 4.803 4.938 5.046 5.138 5.220 5.294 5.359 5.416 5.463 5.502 5.531 5.552 5.564 5.567 5.952 6.423 6.866 7.283 7.673 8.036 8.373 8.683 8.966 9.223 9.452 9.655 9.080 8.414 7.774 7.160 6.571 6.008 5.471 4.959 4.473 4.013 3.579 3.170 3.139 3.150 3.189 3.254 3.347 3.466 3.613 3.786 3.987 4.214 4.469 4.948 9.520 14.217 19.039 23.986 29.058 34.254 39.575 45.021 50.549
4.573 4.084 3.598 3.113 2.944 3.150 3.346 3.530 3.704 3.866 4.018 4.159 4.288 4.407 4.515 4.612 4.689 4.750 4.802 4.846 4.880 4.906 4.922 4.930 4.929 4.920 4.901 4.874 5.115 5.492 5.843 6.168 6.465 6.736 6.980 7.198 7.389 7.553 7.690 7.801 7.392 6.815 6.264 5.739 5.240 4.766 4.318 3.895 3.498 3.127 2.782 2.462 2.473 2.578 2.710 2.869 3.055 3.268 3.508 3.775 4.070 4.391 4.739 5.114 9.711 14.808 19.539 24.122 28.558 32.845 36.986 40.978 44.823
4.767 4.286 3.807 3.331 3.048 3.216 3.374 3.520 3.655 3.780 3.894 3.996 4.088 4.169 4.238 4.297 4.342 4.372 4.394 4.407 4.410 4.405 4.392 4.369 4.338 4.297 4.248 4.190 4.306 4.591 4.849 5.081 5.286 5.465 5.617 5.742 5.840 5.912 5.957 5.976 5.680 5.192 4.731 4.295 3.884 3.499 3.140 2.807 2.499 2.217 1.961 1.730 1.781 1.979 2.205 2.458 2.738 3.044 3.376 3.700 4.012 4.312 4.600 4.876 8.420 12.789 17.011 21.085 25.012 28.791 32.422 35.907 39.243
4.958 4.485 4.014 3.545 3.164 3.294 3.413 3.522 3.619 3.706 3.781 3.846 3.900 3.942 3.974 3.995 4.005 4.005 3.995 3.978 3.951 3.915 3.871 3.818 3.756 3.685 3.605 3.517 3.525 3.718 3.884 4.024 4.137 4.223 4.282 4.315 4.321 4.301 4.254 4.180 3.944 3.545 3.173 2.826 2.504 2.209 1.939 1.694 1.476 1.283 1.115 0.999 1.191 1.546 1.890 2.221 2.539 2.846 3.141 3.423 3.694 3.952 4.198 4.432 7.052 10.913 14.626 18.191 21.610 24.880 28.004 30.979 33.808
5.146 4.681 4.218 3.757 3.299 3.384 3.465 3.535 3.595 3.643 3.681 3.708 3.723 3.728 3.722 3.705 3.677 3.647 3.607 3.558 3.501 3.435 3.360 3.276 3.184 3.082 2.972 2.853 2.773 2.874 2.948 2.995 3.015 3.009 2.977 2.917 2.831 2.718 2.579 2.413 2.184 1.875 1.591 1.333 1.159 1.145 1.132 1.121 1.112 1.104 1.098 1.093 1.219 1.533 1.834 2.123 2.400 2.665 2.918 3.159 3.387 3.604 3.808 4.000 5.827 9.179 12.384 15.441 18.351 21.113 23.729 26.197 28.517
5.332 4.875 4.419 3.966 3.516 3.485 3.528 3.561 3.582 3.593 3.592 3.581 3.559 3.526 3.482 3.427 3.361 3.298 3.228 3.149 3.061 2.965 2.859 2.745 2.622 2.490 2.349 2.200 2.050 2.058 2.040 1.995 1.923 1.825 1.700 1.548 1.370 1.244 1.254 1.262 1.264 1.249 1.236 1.224 1.214 1.205 1.198 1.193 1.189 1.186 1.185 1.186 1.259 1.531 1.790 2.038 2.273 2.496 2.707 2.906 3.093 3.267 3.430 3.581 4.744 7.588 10.284 12.833 15.236 17.490 19.598 21.558 23.371
5.516 5.066 4.618 4.173 3.730 3.598 3.604 3.598 3.582 3.554 3.516 3.467 3.407 3.335 3.253 3.160 3.057 2.960 2.859 2.750 2.631 2.504 2.368 2.223 2.070 1.908 1.736 1.556 1.368 1.271 1.220 1.239 1.255 1.269 1.280 1.289 1.296 1.299 1.301 1.300 1.296 1.287 1.279 1.272 1.267 1.264 1.262 1.262 1.263 1.266 1.271 1.277 1.311 1.541 1.758 1.964 2.157 2.339 2.508 2.665 2.810 2.943 3.064 3.173 3.802 6.138 8.327 10.369 12.263 14.011 15.611 17.064 18.370
5.696 5.254 4.815 4.377 3.942 3.723 3.691 3.647 3.593 3.528 3.451 3.364 3.266 3.157 3.037 2.906 2.765 2.631 2.500 2.360 2.211 2.054 1.887 1.756 1.668 1.581 1.497 1.414 1.334 1.325 1.338 1.348 1.356 1.361 1.364 1.364 1.362 1.357 1.350 1.340 1.328 1.323 1.320 1.319 1.319 1.321 1.325 1.330 1.337 1.345 1.354 1.366 1.378 1.563 1.738 1.902 2.054 2.194 2.321 2.437 2.540 2.631 2.710 2.777 3.003 4.832 6.513 8.047 9.435 10.675 11.768 12.714 13.513
5.874 5.440 5.008 4.579 4.151 3.860 3.790 3.708 3.616 3.513 3.399 3.273 3.138 2.991 2.833 2.664 2.515 2.398 2.305 2.213 2.123 2.035 1.950 1.866 1.785 1.705 1.628 1.552 1.479 1.454 1.458 1.460 1.459 1.455 1.450 1.441 1.430 1.417 1.401 1.383 1.362 1.357 1.360 1.364 1.370 1.377 1.386 1.396 1.408 1.422 1.437 1.453 1.471 1.596 1.730 1.852 1.962 2.060 2.146 2.220 2.281 2.331 2.369 2.394 2.407 3.667 4.841 5.868 6.748 7.482 8.068 8.507 8.800
6.050 5.623 5.199 4.777 4.358 4.009 3.900 3.781 3.651 3.540 3.434 3.319 3.195 3.061 2.919 2.767 2.605 2.464 2.377 2.292 2.210 2.129 2.050 1.974 1.899 1.827 1.756 1.688 1.622 1.586 1.581 1.574 1.564 1.552 1.538 1.521 1.501 1.479 1.455 1.428 1.399 1.390 1.398 1.407 1.418 1.431 1.445 1.461 1.478 1.497 1.517 1.539 1.563 1.642 1.734 1.814 1.883 1.939 1.983 2.015 2.035 2.043 2.039 2.023 1.994 2.644 3.311 3.832 4.205 4.432 4.512 4.445 4.231
6.223 5.804 5.411 5.034 4.667 4.325 4.224 4.114 3.994 3.865 3.728 3.580 3.424 3.258 3.083 2.899 2.706 2.527 2.447 2.369 2.294 2.220 2.149 2.079 2.012 1.946 1.883 1.822 1.762 1.719 1.706 1.690 1.672 1.652 1.629 1.603 1.575 1.544 1.511 1.476 1.438 1.421 1.434 1.449 1.465 1.483 1.503 1.524 1.546 1.571 1.596 1.623 1.652 1.699 1.750 1.788 1.815 1.829 1.832 1.822 1.801 1.767 1.721 1.663 1.593 1.763 1.924 1.938 1.805 1.847 1.974 2.096 2.213
6.527 6.163 5.809 5.465 5.131 4.806 4.655 4.513 4.361 4.200 4.030 3.851 3.662 3.465 3.258 3.041 2.816 2.587 2.515 2.444 2.376 2.309 2.245 2.182 2.122 2.064 2.007 1.953 1.901 1.855 1.834 1.809 1.783 1.753 1.722 1.688 1.651 1.612 1.570 1.526 1.480 1.450 1.469 1.489 1.511 1.534 1.559 1.585 1.613 1.643 1.674 1.706 1.740 1.768 1.777 1.774 1.759 1.732 1.693 1.642 1.578 1.503 1.476 1.469 1.467 1.541 1.671 1.796 1.916 2.030 2.140 2.244 2.343
6.848 6.517 6.197 5.885 5.584 5.291 5.096 4.921 4.738 4.545 4.343 4.131 3.911 3.681 3.442 3.193 2.936 2.669 2.580 2.517 2.455 2.396 2.338 2.283 2.230 2.178 2.129 2.082 2.037 1.994 1.964 1.931 1.895 1.858 1.817 1.775 1.729 1.682 1.631 1.579 1.524 1.478 1.502 1.528 1.555 1.583 1.613 1.645 1.678 1.713 1.749 1.787 1.826 1.849 1.816 1.785 1.760 1.740 1.725 1.715 1.710 1.710 1.715 1.726 1.741 1.800 1.912 2.019 2.121 2.218 2.310 2.396 2.478
7.158 6.861 6.573 6.295 6.026 5.767 5.546 5.340 5.124 4.899 4.665 4.421 4.169 3.907 3.636 3.355 3.066 2.767 2.644 2.587 2.533 2.480 2.430 2.382 2.335 2.291 2.249 2.209 2.171 2.135 2.096 2.055 2.011 1.964 1.915 1.864 1.810 1.754 1.695 1.634 1.570 1.505 1.534 1.565 1.597 1.631 1.666 1.703 1.757 1.806 1.848 1.883 1.912 1.928 1.910 1.897 1.889 1.887 1.889 1.897 1.909 1.927 1.949 1.977 2.010 2.064 2.158 2.247 2.332 2.411 2.485 2.554 2.617
7.458 7.193 6.939 6.693 6.457 6.231 6.006 5.767 5.520 5.262 4.996 4.721 4.436 4.142 3.839 3.527 3.205 2.875 2.705 2.655 2.608 2.563 2.519 2.478 2.439 2.402 2.366 2.333 2.302 2.273 2.231 2.181 2.128 2.073 2.016 1.956 1.894 1.829 1.761 1.692 1.619 1.589 1.647 1.714 1.773 1.826 1.872 1.911 1.943 1.969 1.987 1.998 2.002 2.000 2.000 2.004 2.014 2.029 2.049 2.073 2.103 2.138 2.178 2.223 2.274 2.332 2.409 2.480 2.547 2.608 2.664 2.715 2.761
7.747 7.515 7.293 7.081 6.878 6.684 6.475 6.205 5.925 5.636 5.338 5.030 4.713 4.387 4.052 3.708 3.355 2.992 2.764 2.721 2.681 2.643 2.606 2.572 2.540 2.510 2.482 2.455 2.431 2.409 2.368 2.309 2.248 2.185 2.219 2.238 2.239 2.222 2.187 2.135 2.065 1.977 1.984 2.027 2.063 2.092 2.114 2.129 2.137 2.138 2.132 2.120 2.100 2.074 2.084 2.106 2.133 2.166 2.203 2.245 2.292 2.345 2.402 2.465 2.532 2.605 2.664 2.718 2.766 2.810 2.848 2.882 2.910
8.025 7.826 7.637 7.457 7.287 7.127 6.954 6.652 6.340 6.019 5.688 5.349 5.000 4.642 4.275 3.899 3.514 3.119 2.820 2.785 2.752 2.720 2.691 2.664 2.639 2.616 2.600 2.724 2.845 2.964 3.048 3.076 3.087 3.080 3.055 3.012 2.951 2.873 2.777 2.664 2.532 2.383 2.328 2.347 2.359 2.364 2.362 2.353 2.337 2.314 2.285 2.248 2.204 2.154 2.164 2.203 2.248 2.297 2.352 2.412 2.476 2.546 2.621 2.701 2.785 2.875 2.923 2.960 2.991 3.016 3.037 3.053 3.063
