DATA/SHG/ECMWF/20170628/EN-3/20170702.en-3.asc
ncols        190
nrows        64
xllcorner    -5100000.000000000000
yllcorner    4130000.000000000000
cellsize     10000.000000000000
NODATA_value  -99999.000
[rows 32 to 63 of 64, columns 73 to 145 of 190]
6.854 7.597 8.311 8.996 9.652 10.278 10.876 11.444 11.983 12.492 12.973 13.424 13.741 13.551 13.417 13.338 13.314 13.345 13.431 13.572 13.769 14.018 14.313 14.652 15.030 15.408 15.782 16.152 16.518 16.879 17.237 17.590 17.939 18.283 18.624 18.960 18.755 17.526 16.273 14.995 13.692 12.364 11.012 9.635 8.275 7.038 5.823 4.632 5.634 9.066 12.462 15.823 19.149 22.439 25.694 28.914 32.098 35.246 38.359 41.437 41.767 40.273 38.848 37.493 36.208 34.992 33.846 32.769 31.761 30.824 29.955 29.157 28.958
6.362 7.001 7.614 8.197 8.752 9.277 9.774 10.241 10.678 11.087 11.466 11.816 12.125 12.127 12.184 12.296 12.463 12.686 12.963 13.295 13.683 14.125 14.613 15.145 15.696 16.056 16.412 16.763 17.110 17.453 17.792 18.126 18.457 18.783 19.105 19.433 19.324 18.005 16.709 15.435 14.184 12.956 11.750 10.568 9.408 8.270 7.156 6.064 6.530 9.806 13.047 16.253 19.423 22.557 25.656 28.720 31.749 34.742 37.699 40.621 41.543 40.356 39.238 38.190 37.211 36.302 35.462 34.692 33.991 33.359 32.797 32.305 31.841
5.996 6.432 6.944 7.427 7.880 8.305 8.700 9.066 9.403 9.710 9.989 10.238 10.458 10.654 10.903 11.206 11.564 11.978 12.446 12.970 13.548 14.182 14.863 15.588 16.356 16.708 17.265 18.518 19.547 20.350 20.928 21.281 21.409 21.311 20.988 20.440 19.630 18.411 17.215 16.041 14.890 13.762 12.657 11.574 10.515 9.477 8.463 7.471 7.462 10.583 13.668 16.718 19.732 22.711 25.655 28.563 31.436 34.273 37.075 39.842 41.250 40.369 39.558 38.816 38.143 37.540 37.007 36.542 36.148 35.823 35.567 35.380 34.831
5.620 5.892 6.303 6.684 7.037 7.360 7.654 7.919 8.155 8.362 8.540 8.688 8.807 9.133 9.573 10.067 10.616 11.221 12.330 14.283 16.450 18.688 20.962 23.406 26.019 27.009 27.490 27.746 27.777 27.583 27.164 26.520 25.651 24.556 23.237 21.692 19.923 18.792 17.696 16.622 15.572 14.544 13.538 12.556 11.596 10.659 9.745 8.853 8.430 11.395 14.324 17.219 20.077 22.901 25.689 28.442 31.159 33.842 36.488 39.100 40.886 40.311 39.806 39.370 39.004 38.707 38.480 38.322 38.233 38.214 38.264 38.383 37.929
5.234 5.379 5.689 5.970 6.221 6.444 6.637 6.801 6.936 7.042 7.119 7.470 8.156 9.331 10.955 12.793 14.845 17.111 19.591 22.285 25.193 28.175 31.199 34.391 37.754 38.470 37.954 37.213 36.248 35.057 33.641 32.001 30.135 28.045 25.729 23.189 20.424 19.148 18.152 17.178 16.228 15.300 14.395 13.512 12.652 11.815 11.001 10.209 9.440 12.242 15.016 17.755 20.459 23.127 25.760 28.357 30.919 33.446 35.938 38.394 40.451 40.183 39.984 39.854 39.794 39.803 39.881 40.029 40.246 40.532 40.888 41.313 41.134
4.836 4.894 5.103 5.283 5.763 6.518 7.254 7.970 8.666 9.342 9.999 10.636 11.253 12.685 15.050 17.629 20.422 23.429 26.649 30.084 33.732 37.459 41.231 45.172 49.283 50.169 48.657 46.919 44.957 42.771 40.359 37.723 34.862 31.776 28.465 24.930 21.169 19.479 18.583 17.710 16.859 16.031 15.226 14.443 13.683 12.946 12.231 11.539 10.870 13.125 15.744 18.328 20.876 23.389 25.866 28.309 30.715 33.087 35.423 37.724 39.946 39.984 40.091 40.267 40.512 40.827 41.211 41.665 42.187 42.779 43.440 44.171 44.445
6.549 7.246 7.992 8.718 9.424 10.110 10.777 11.424 12.051 12.659 13.247 13.815 14.363 15.840 18.946 22.265 25.798 29.545 33.505 37.680 42.068 46.539 51.059 55.749 60.607 62.105 59.597 56.864 53.906 50.724 47.318 43.686 39.830 35.749 31.444 26.914 22.160 19.785 18.989 18.216 17.465 16.737 16.031 15.349 14.689 14.051 13.436 12.844 12.275 14.044 16.508 18.936 21.329 23.687 26.009 28.296 30.548 32.764 34.946 37.092 39.202 39.715 40.127 40.609 41.160 41.780 42.470 43.229 44.057 44.954 45.921 46.956 47.864
10.254 11.127 11.804 12.461 13.098 13.716 14.314 14.892 15.451 15.989 16.509 17.008 17.488 18.795 22.641 26.700 30.973 35.460 40.160 45.073 50.200 55.415 60.683 66.120 71.727 74.278 70.775 67.047 63.095 58.918 54.517 49.891 45.041 39.966 34.666 29.143 23.394 20.067 19.370 18.697 18.046 17.418 16.812 16.229 15.669 15.131 14.616 14.124 13.654 14.998 17.307 19.580 21.818 24.020 26.188 28.320 30.417 32.478 34.504 36.495 38.451 39.375 40.093 40.880 41.737 42.505 42.899 43.262 43.592 43.891 44.158 44.393 44.596
13.887 15.022 15.630 16.218 16.786 17.335 17.865 18.374 18.864 19.334 19.784 20.215 20.626 21.550 26.136 30.935 35.947 41.173 46.612 52.265 58.131 64.089 70.104 76.288 82.641 86.689 82.191 77.469 72.522 67.351 61.956 56.336 50.493 44.424 38.132 31.615 24.873 20.323 19.727 19.153 18.602 18.074 17.568 17.084 16.624 16.186 15.771 15.378 15.008 15.988 18.141 20.259 22.342 24.390 26.402 28.379 30.295 32.035 33.659 35.165 36.555 37.257 37.639 37.989 38.307 38.593 38.848 39.071 39.261 39.420 39.548 39.643 39.707
17.447 18.869 19.469 19.988 20.488 20.968 21.429 21.870 22.291 22.692 23.074 23.436 23.779 24.107 29.432 34.970 40.721 46.686 52.863 59.254 65.859 72.559 79.321 86.252 93.352 99.336 93.844 88.128 82.188 76.024 69.636 63.023 56.186 49.125 41.839 34.330 26.596 20.555 20.059 19.585 19.133 18.704 18.298 17.915 17.554 17.215 16.900 16.632 16.543 17.387 19.430 21.356 23.166 24.859 26.435 27.895 29.238 30.464 31.574 32.567 33.443 33.940 34.183 34.393 34.572 34.718 34.833 34.916 34.968 34.987 34.975 34.931 34.855
20.936 22.605 23.322 23.773 24.204 24.615 25.007 25.379 25.732 26.065 26.378 26.672 26.946 27.200 32.528 38.805 45.294 51.997 58.913 66.042 73.384 80.827 88.336 96.013 103.858 111.873 105.735 99.026 92.093 84.936 77.555 69.950 62.121 54.067 45.790 37.288 28.563 20.763 20.363 19.984 19.669 19.416 19.227 19.100 19.037 19.036 19.098 19.223 19.411 20.048 21.577 22.990 24.286 25.465 26.527 27.473 28.303 29.015 29.611 30.091 30.454 30.661 30.763 30.834 30.873 30.880 30.856 30.799 30.711 30.591 30.439 30.255 30.040
24.353 26.269 27.188 27.570 27.933 28.276 28.599 28.903 29.187 29.451 29.696 29.921 30.126 30.312 35.426 42.440 49.668 57.109 64.762 72.629 80.708 88.893 97.147 105.570 114.161 122.921 117.863 110.162 102.236 93.999 84.110 74.419 64.928 55.636 46.543 37.648 28.953 20.552 20.388 20.287 20.249 20.274 20.362 20.513 20.726 21.003 21.342 21.744 22.210 22.829 23.844 24.743 25.525 26.191 26.740 27.172 27.489 27.688 27.771 27.738 27.588 27.417 27.380 27.312 27.211 27.079 26.915 26.719 26.491 26.232 25.940 25.617 25.263
27.699 29.861 31.068 31.382 31.676 31.950 32.205 32.440 32.656 32.851 33.028 33.184 33.321 33.438 38.124 45.876 53.842 62.019 70.410 79.014 87.830 95.061 101.967 108.639 115.076 121.280 115.838 106.227 96.816 87.604 78.591 69.776 61.161 52.744 44.526 36.508 28.688 21.067 20.346 20.522 20.761 21.063 21.428 21.856 22.347 22.900 23.517 24.196 24.938 25.729 26.230 26.616 26.885 27.037 27.073 26.993 26.796 26.482 26.053 25.506 24.844 24.210 24.034 23.826 23.586 23.314 23.010 22.675 22.308 21.909 21.479 21.016 20.522
30.972 33.382 34.962 35.207 35.432 35.638 35.825 35.991 36.138 36.266 36.373 36.462 36.530 36.579 40.309 47.969 55.334 62.404 69.178 75.657 81.840 87.849 93.725 99.367 104.775 109.950 106.604 97.870 89.335 80.998 72.860 64.921 57.181 49.640 42.297 35.153 28.208 21.462 20.235 20.689 21.205 21.784 22.426 23.131 23.898 24.729 25.622 26.578 27.597 28.679 28.736 28.608 28.364 28.004 27.527 26.934 26.224 25.398 24.456 23.397 22.222 21.039 20.723 20.376 19.997 19.586 19.143 18.668 18.162 17.624 17.054 16.452 15.819
34.174 36.830 38.869 39.046 39.203 39.340 39.458 39.017 38.646 38.357 38.149 38.022 37.977 38.013 40.501 47.143 53.490 59.541 65.297 70.758 75.924 80.908 85.755 90.368 94.748 98.893 97.162 89.303 81.643 74.181 66.919 59.854 52.989 46.322 39.854 33.585 27.514 21.642 20.056 20.787 21.580 22.436 23.355 24.336 25.381 26.488 27.658 28.891 30.186 31.544 31.361 30.720 29.964 29.091 28.101 26.996 25.774 24.436 22.981 21.410 19.723 17.920 17.449 16.963 16.444 15.894 15.312 14.698 14.052 13.375 12.666 11.925 11.153
36.607 38.682 40.340 39.844 39.429 39.096 38.844 38.673 38.583 38.575 38.648 38.802 39.038 39.355 40.960 46.584 51.913 56.947 61.685 66.129 70.277 74.239 78.057 81.642 84.993 88.111 87.511 80.527 73.742 67.155 60.766 54.576 48.585 42.792 37.198 31.803 26.606 21.607 19.810 20.817 21.887 23.020 24.215 25.473 26.794 28.178 29.624 31.134 32.706 34.340 34.105 32.952 31.683 30.298 28.796 27.179 25.445 23.594 21.628 19.545 17.346 15.031 14.212 13.585 12.928 12.238 11.517 10.764 9.979 9.163 8.315 7.435 6.524
34.978 36.788 38.515 38.301 38.167 38.115 38.144 38.254 38.445 38.718 39.072 39.507 40.024 40.622 41.686 46.293 50.604 54.621 58.343 61.769 64.901 67.841 70.631 73.188 75.512 77.602 77.652 71.542 65.630 59.917 54.403 49.087 43.969 39.050 34.329 29.807 25.484 21.358 19.495 20.779 22.126 23.535 25.007 26.542 28.139 29.799 31.522 33.307 35.156 37.067 36.968 35.303 33.522 31.625 29.611 27.482 25.236 22.874 20.396 17.802 15.091 12.265 11.010 10.245 9.448 8.619 7.759 6.867 5.943 5.138 4.673 4.211 3.753
33.424 34.968 36.435 36.683 36.830 37.059 37.369 37.760 38.233 38.786 39.421 40.137 40.934 41.813 42.772 46.268 49.563 52.563 55.269 57.680 59.796 61.713 63.477 65.007 66.303 67.366 67.584 62.347 57.310 52.470 47.829 43.386 39.142 35.096 31.248 27.599 24.148 20.895 19.113 20.673 22.296 23.982 25.730 27.541 29.415 31.351 33.350 35.412 37.536 39.723 39.949 37.773 35.480 33.071 30.546 27.905 25.148 22.275 19.286 16.180 13.011 10.025 8.669 8.195 7.725 7.257 6.793 6.332 5.875 5.421 4.970 4.522 4.078
31.943 33.222 34.424 34.991 35.420 35.929 36.520 37.192 37.945 38.779 39.695 40.691 41.769 42.928 44.168 46.511 48.789 50.774 52.464 53.859 54.960 55.856 56.593 57.096 57.367 57.404 57.207 52.944 48.780 44.813 41.045 37.475 34.103 30.929 27.954 25.177 22.598 20.217 18.663 20.500 22.399 24.361 26.385 28.472 30.622 32.834 35.109 37.447 39.847 42.310 43.050 40.313 37.154 34.033 30.948 27.901 24.892 21.919 18.984 16.087 13.226 10.403 8.848 8.388 7.932 7.479 7.029 6.583 6.140 5.700 5.263 4.830 4.400
30.537 31.550 32.487 33.226 33.935 34.725 35.597 36.549 37.583 38.697 39.893 41.170 42.528 43.967 45.488 47.019 48.283 49.252 49.927 50.308 50.394 50.269 49.980 49.458 48.702 47.713 46.492 43.332 40.040 36.946 34.050 31.352 28.852 26.551 24.447 22.542 20.835 19.326 18.145 20.258 22.433 24.671 26.966 29.059 31.134 33.190 35.229 37.249 39.251 41.234 42.055 39.022 36.026 33.068 30.147 27.263 24.417 21.607 18.835 16.101 13.404 10.743 9.023 8.578 8.136 7.697 7.262 6.830 6.401 5.975 5.553 5.134 4.719
29.203 29.952 30.624 31.386 32.376 33.447 34.599 35.832 37.146 38.541 40.017 41.574 43.212 44.931 46.732 47.795 48.043 47.998 47.658 47.025 46.097 44.953 43.638 42.090 40.309 38.296 36.049 33.512 31.092 28.869 26.845 25.019 23.391 21.961 21.051 20.166 19.278 18.389 17.497 19.339 21.408 23.458 25.490 27.503 29.499 31.476 33.435 35.376 37.299 39.204 40.564 37.694 34.861 32.066 29.308 26.587 23.904 21.258 18.649 16.077 13.543 11.046 9.195 8.764 8.337 7.912 7.491 7.073 6.659 6.247 5.839 5.435 5.033
27.944 28.428 28.835 29.473 30.743 32.094 33.526 35.040 36.634 38.309 40.065 41.902 43.821 45.820 47.900 48.836 48.071 47.011 45.658 44.010 42.069 39.905 37.566 34.993 32.188 29.935 27.846 26.501 25.620 24.738 23.853 22.966 22.078 21.188 20.295 19.401 18.505 17.607 16.707 18.121 20.110 22.081 24.034 25.969 27.885 29.783 31.663 33.525 35.369 37.194 39.001 36.329 33.660 31.027 28.432 25.875 23.354 20.871 18.425 16.016 13.645 11.310 9.364 8.947 8.534 8.124 7.717 7.313 6.913 6.516 6.122 5.732 5.345
26.758 26.977 27.120 27.486 29.036 30.668 32.380 34.173 36.047 38.003 40.039 42.156 44.354 46.633 48.993 50.143 48.364 46.056 43.641 41.303 39.041 36.883 34.817 32.813 30.869 28.985 27.162 25.808 24.919 24.027 23.134 22.239 21.342 20.443 19.542 18.639 17.735 16.828 15.920 16.924 18.834 20.726 22.599 24.455 26.292 28.111 29.912 31.694 33.459 35.205 36.934 34.927 32.421 29.951 27.519 25.124 22.767 20.446 18.163 15.917 13.708 11.537 9.529 9.126 8.727 8.331 7.939 7.550 7.164 6.781 6.401 6.025 5.652
25.646 25.601 25.478 25.425 27.256 29.167 31.159 33.232 35.387 37.622 39.655 41.509 43.290 44.997 46.630 47.456 45.152 42.923 40.772 38.696 36.697 34.803 33.004 31.265 29.587 27.969 26.411 25.118 24.220 23.320 22.418 21.515 20.609 19.702 18.792 17.881 16.968 16.053 15.136 15.747 17.578 19.391 21.185 22.961 24.720 26.460 28.181 29.885 31.571 33.238 34.887 33.488 31.145 28.838 26.569 24.337 22.142 19.984 17.864 15.781 13.735 11.726 9.754 9.302 8.917 8.536 8.158 7.783 7.411 7.042 6.677 6.315 5.957
24.607 24.297 23.911 23.543 25.509 27.553 29.523 31.419 33.242 34.990 36.665 38.266 39.793 41.247 42.626 43.733 41.691 39.726 37.837 36.024 34.288 32.659 31.125 29.651 28.239 26.886 25.594 24.431 23.525 22.616 21.706 20.794 19.880 18.964 18.046 17.126 16.204 15.280 14.355 14.591 16.343 18.076 19.792 21.489 23.168 24.829 26.472 28.096 29.703 31.291 32.862 32.013 29.832 27.688 25.582 23.512 21.480 19.485 17.527 15.607 13.723 11.877 10.068 9.475 9.104 8.737 8.373 8.012 7.655 7.300 6.949 6.602 6.258
23.649 23.317 22.992 22.675 24.112 25.902 27.618 29.261 30.830 32.325 33.746 35.094 36.368 37.568 38.694 39.747 38.166 36.463 34.837 33.287 31.814 30.448 29.180 27.972 26.825 25.738 24.711 23.747 22.832 21.915 20.996 20.076 19.153 18.228 17.302 16.374 15.443 14.511 13.577 13.455 15.128 16.782 18.419 20.037 21.637 23.219 24.783 26.329 27.856 29.366 30.857 30.501 28.482 26.501 24.557 22.651 20.781 18.948 17.153 15.395 13.674 11.990 10.344 9.644 9.287 8.934 8.585 8.238 7.895 7.555 7.218 6.885 6.555
22.701 22.394 22.094 21.802 22.784 24.321 25.784 27.173 28.488 29.730 30.898 31.993 33.013 33.960 34.834 35.633 34.576 33.136 31.773 30.485 29.274 28.173 27.170 26.227 25.345 24.523 23.761 23.060 22.143 21.218 20.290 19.361 18.430 17.497 16.562 15.625 14.686 13.745 12.802 12.340 13.934 15.509 17.067 18.606 20.127 21.630 23.115 24.582 26.031 27.461 28.873 28.951 27.096 25.277 23.496 21.752 20.044 18.374 16.742 15.146 13.587 12.066 10.582 9.809 9.467 9.116 8.762 8.458 8.203 7.999 7.844 7.738 7.683
21.747 21.465 21.190 20.923 21.526 22.810 24.019 25.155 26.218 27.206 28.121 28.962 29.730 30.424 31.044 31.591 30.922 29.744 28.643 27.618 26.669 25.831 25.094 24.416 23.799 23.242 22.746 22.310 21.457 20.523 19.587 18.649 17.709 16.768 15.824 14.879 13.931 12.982 12.031 11.245 12.760 14.257 15.735 17.196 18.638 20.062 21.468 22.856 24.226 25.577 26.911 27.366 25.672 24.016 22.397 20.815 19.257 17.646 16.071 14.531 13.026 11.556 10.121 9.282 9.046 8.860 8.724 8.637 8.601 8.613 8.676 8.788 8.950
20.788 20.531 20.281 20.038 20.338 21.368 22.325 23.208 24.017 24.753 25.415 26.003 26.518 26.959 27.326 27.620 27.202 26.287 25.448 24.686 23.999 23.425 22.952 22.540 22.188 21.896 21.664 21.493 20.774 19.831 18.887 17.940 16.992 16.042 15.090 14.136 13.180 12.222 11.263 10.301 11.607 13.025 14.424 15.806 17.169 18.515 19.842 21.150 22.372 23.556 24.703 25.355 23.722 22.125 20.563 19.036 17.544 16.087 14.665 13.279 11.927 10.611 9.329 8.541 8.523 8.554 8.636 8.767 8.947 9.178 9.458 9.787 10.167
19.823 19.591 19.365 19.148 19.220 19.997 20.701 21.330 21.887 22.369 22.779 23.114 23.376 23.564 23.679 23.720 23.419 22.766 22.189 21.688 21.264 20.953 20.745 20.598 20.510 20.483 20.516 20.610 20.094 19.143 18.190 17.235 16.278 15.319 14.359 13.396 12.432 11.466 10.497 9.545 10.497 11.818 13.102 14.348 15.557 16.728 17.860 18.955 20.013 21.032 22.014 22.840 21.362 19.918 18.509 17.136 15.797 14.494 13.226 11.993 10.794 9.631 8.503 7.751 7.950 8.199 8.498 8.846 9.244 9.692 10.189 10.736 11.333
18.852 18.645 18.445 18.252 18.172 18.696 19.146 19.523 19.827 20.057 20.213 20.296 20.305 20.241 20.103 19.891 19.570 19.179 18.865 18.626 18.463 18.416 18.473 18.590 18.767 19.005 19.303 19.661 19.417 18.457 17.503 16.551 15.599 14.648 13.697 12.746 11.795 10.845 9.895 8.946 9.500 10.656 11.775 12.856 13.900 14.906 15.873 16.804 17.696 18.550 19.367 20.146 18.967 17.677 16.422 15.202 14.017 12.867 11.752 10.672 9.627 8.618 7.643 6.911 7.328 7.794 8.310 8.876 9.491 10.156 10.870 11.635 12.448
17.876 17.694 17.518 17.350 17.193 17.464 17.662 17.786 17.837 17.814 17.718 17.548 17.305 16.988 16.598 16.134 15.657 15.528 15.475 15.498 15.597 16.032 16.588 17.112 17.604 18.064 18.493 18.890 18.796 17.845 16.894 15.943 14.992 14.042 13.092 12.142 11.193 10.244 9.295 8.347 8.544 9.536 10.490 11.406 12.285 13.125 13.928 14.694 15.421 16.111 16.763 17.377 16.539 15.402 14.300 13.234 12.202 11.205 10.244 9.317 8.426 7.569 6.748 6.021 6.656 7.339 8.072 8.855 9.688 10.570 11.501 12.483 13.513
