DATA/SHG/ECMWF/20170628/EN-3/20170712.en-3.asc
ncols        190
nrows        64
xllcorner    -5100000.000000000000
yllcorner    4130000.000000000000
cellsize     10000.000000000000
NODATA_value  -99999.000
[rows 0 to 32 of 64, columns 73 to 145 of 190]
2.267 2.321 2.376 2.433 2.490 2.549 2.609 2.669 2.694 2.614 2.529 2.452 2.382 2.319 2.263 2.215 2.174 2.140 2.113 2.094 2.089 2.098 2.096 2.089 2.076 2.058 2.035 2.006 1.972 1.932 1.887 1.837 1.845 2.066 2.297 2.538 2.789 3.050 3.321 3.602 3.893 4.194 4.505 4.826 5.203 5.731 6.274 6.830 7.401 7.985 8.583 9.196 9.822 10.462 11.116 11.785 12.288 12.252 12.191 12.103 11.989 11.850 11.684 11.492 11.274 11.029 10.759 10.462 10.024 9.249 8.471 7.691 6.907
2.518 2.576 2.625 2.665 2.700 2.727 2.749 2.764 2.759 2.693 2.633 2.581 2.536 2.499 2.469 2.446 2.430 2.422 2.421 2.427 2.438 2.423 2.397 2.366 2.329 2.287 2.239 2.186 2.128 2.065 1.995 1.921 1.880 2.146 2.422 2.708 3.003 3.309 3.625 3.951 4.287 4.633 4.989 5.355 5.757 6.348 6.952 7.571 8.204 8.851 9.512 10.186 10.875 11.578 12.294 13.025 13.646 13.494 13.315 13.111 12.881 12.624 12.342 12.033 11.698 11.337 10.950 10.537 10.047 9.258 8.467 7.672 6.875
2.737 2.768 2.793 2.811 2.823 2.828 2.827 2.820 2.805 2.764 2.730 2.704 2.685 2.673 2.668 2.670 2.680 2.697 2.722 2.753 2.792 2.754 2.704 2.649 2.588 2.522 2.450 2.373 2.290 2.203 2.110 2.011 1.907 2.215 2.535 2.866 3.207 3.557 3.918 4.289 4.670 5.060 5.461 5.872 6.295 6.948 7.615 8.297 8.992 9.701 10.424 11.161 11.912 12.677 13.456 14.249 15.029 14.760 14.465 14.144 13.797 13.424 13.025 12.600 12.149 11.671 11.168 10.638 10.042 9.195 8.375 7.579 6.810
2.955 2.964 2.966 2.962 2.952 2.935 2.912 2.882 2.847 2.829 2.821 2.820 2.826 2.839 2.860 2.888 2.923 2.965 3.015 3.072 3.136 3.091 3.017 2.937 2.852 2.762 2.666 2.565 2.458 2.347 2.229 2.107 1.979 2.272 2.637 3.013 3.398 3.794 4.200 4.615 5.041 5.476 5.922 6.377 6.843 7.533 8.262 9.006 9.763 10.535 11.320 12.120 12.933 13.760 14.601 15.456 16.325 16.052 15.640 15.114 14.496 13.875 13.252 12.626 11.998 11.367 10.734 10.098 9.460 8.735 8.028 7.346 6.690
3.179 3.165 3.145 3.119 3.086 3.047 3.002 2.950 2.892 2.888 2.905 2.929 2.960 2.999 3.045 3.098 3.159 3.227 3.302 3.384 3.474 3.434 3.335 3.232 3.122 3.008 2.888 2.763 2.632 2.496 2.355 2.208 2.056 2.318 2.728 3.149 3.579 4.019 4.470 4.930 5.400 5.881 6.371 6.871 7.382 8.101 8.893 9.699 10.519 11.353 12.139 12.866 13.576 14.269 14.945 15.604 16.246 15.879 15.255 14.628 13.998 13.366 12.732 12.095 11.455 10.813 10.169 9.521 8.872 8.249 7.656 7.088 6.546
3.408 3.372 3.330 3.281 3.227 3.165 3.098 3.024 2.944 2.939 2.981 3.031 3.088 3.152 3.223 3.302 3.388 3.481 3.581 3.689 3.804 3.782 3.659 3.531 3.398 3.260 3.116 2.966 2.812 2.652 2.486 2.316 2.139 2.353 2.808 3.273 3.748 4.233 4.729 5.234 5.749 6.276 6.803 7.325 7.842 8.511 9.247 9.966 10.669 11.354 12.022 12.673 13.308 13.925 14.525 15.108 15.674 15.419 14.783 14.145 13.504 12.861 12.215 11.566 10.916 10.262 9.607 8.948 8.288 7.739 7.259 6.805 6.376
3.643 3.585 3.521 3.450 3.373 3.289 3.200 3.103 3.001 2.984 3.051 3.126 3.209 3.298 3.395 3.499 3.610 3.728 3.854 3.987 4.127 4.135 3.989 3.837 3.680 3.517 3.349 3.176 2.997 2.813 2.624 2.429 2.270 2.484 3.028 3.568 4.102 4.632 5.157 5.677 6.191 6.701 7.206 7.706 8.201 8.791 9.451 10.095 10.721 11.331 11.923 12.498 13.057 13.598 14.123 14.630 15.120 14.961 14.314 13.665 13.013 12.358 11.701 11.042 10.380 9.715 9.048 8.379 7.707 7.204 6.838 6.497 6.182
3.884 3.803 3.717 3.624 3.524 3.419 3.307 3.189 3.064 3.022 3.115 3.215 3.323 3.437 3.559 3.689 3.825 3.969 4.120 4.278 4.443 4.495 4.324 4.124 3.926 3.745 3.579 3.430 3.296 3.179 3.077 2.992 2.922 3.090 3.612 4.130 4.643 5.150 5.653 6.151 6.643 7.131 7.614 8.092 8.565 9.088 9.673 10.240 10.791 11.325 11.842 12.341 12.824 13.290 13.739 14.170 14.585 14.507 13.849 13.188 12.525 11.859 11.191 10.520 9.847 9.171 8.493 7.813 7.129 6.645 6.392 6.165 5.963
4.130 4.027 3.919 3.803 3.682 3.554 3.420 3.280 3.133 3.053 3.171 3.297 3.430 3.570 3.717 3.865 3.983 4.095 4.199 4.296 4.387 4.416 4.257 4.115 3.989 3.879 3.785 3.707 3.645 3.599 3.569 3.554 3.556 3.701 4.201 4.697 5.187 5.673 6.154 6.629 7.100 7.566 8.027 8.483 8.934 9.403 9.912 10.404 10.879 11.337 11.778 12.202 12.609 12.999 13.373 13.729 14.068 14.057 13.387 12.715 12.041 11.364 10.685 10.003 9.318 8.631 7.942 7.250 6.555 6.061 5.922 5.807 5.719
4.382 4.257 4.126 3.989 3.845 3.695 3.539 3.376 3.210 3.090 3.226 3.356 3.478 3.593 3.701 3.802 3.896 3.983 4.063 4.135 4.201 4.247 4.160 4.089 4.034 3.996 3.973 3.966 3.975 4.001 4.042 4.099 4.172 4.316 4.794 5.268 5.736 6.200 6.659 7.112 7.561 8.005 8.444 8.878 9.307 9.735 10.169 10.585 10.985 11.367 11.733 12.081 12.413 12.727 13.025 13.305 13.569 13.610 12.929 12.246 11.560 10.872 10.181 9.488 8.792 8.094 7.394 6.690 5.985 5.453 5.427 5.425 5.450
4.639 4.489 4.333 4.174 4.013 3.851 3.686 3.519 3.350 3.183 3.295 3.399 3.497 3.587 3.671 3.747 3.816 3.878 3.933 3.981 4.021 4.058 4.044 4.045 4.062 4.094 4.143 4.207 4.288 4.384 4.496 4.625 4.769 4.935 5.392 5.843 6.290 6.732 7.168 7.600 8.027 8.449 8.866 9.278 9.685 10.085 10.443 10.784 11.108 11.415 11.705 11.978 12.234 12.473 12.695 12.900 13.088 13.166 12.474 11.780 11.083 10.383 9.681 8.977 8.270 7.561 6.849 6.135 5.418 4.820 4.907 5.019 5.156
4.843 4.681 4.517 4.352 4.184 4.014 3.842 3.668 3.492 3.314 3.370 3.449 3.522 3.588 3.646 3.698 3.742 3.780 3.810 3.833 3.849 3.861 3.911 3.983 4.071 4.175 4.294 4.430 4.582 4.749 4.933 5.132 5.348 5.579 5.994 6.423 6.848 7.268 7.683 8.092 8.497 8.897 9.292 9.683 10.068 10.448 10.735 11.000 11.249 11.480 11.695 11.892 12.073 12.236 12.383 12.513 12.626 12.721 12.022 11.317 10.609 9.898 9.185 8.469 7.751 7.031 6.308 5.582 4.868 4.221 4.442 4.674 4.917
5.044 4.875 4.704 4.531 4.356 4.179 4.000 3.819 3.636 3.450 3.451 3.506 3.554 3.595 3.629 3.655 3.675 3.688 3.693 3.691 3.683 3.670 3.760 3.903 4.062 4.237 4.428 4.635 4.858 5.096 5.351 5.622 5.908 6.211 6.600 7.008 7.411 7.809 8.201 8.589 8.972 9.350 9.724 10.092 10.455 10.813 11.044 11.234 11.407 11.563 11.702 11.825 11.930 12.018 12.089 12.144 12.181 12.202 11.574 10.832 10.073 9.330 8.603 7.892 7.197 6.518 5.855 5.207 4.576 3.961 4.172 4.453 4.745
5.246 5.070 4.892 4.712 4.529 4.345 4.159 3.971 3.781 3.588 3.538 3.569 3.592 3.608 3.617 3.619 3.614 3.602 3.583 3.557 3.523 3.485 3.591 3.805 4.035 4.281 4.543 4.821 5.115 5.425 5.751 6.092 6.450 6.824 7.211 7.597 7.978 8.354 8.725 9.091 9.452 9.808 10.159 10.505 10.847 11.183 11.371 11.486 11.584 11.664 11.715 11.727 11.710 11.663 11.588 11.483 11.348 11.185 10.592 9.888 9.200 8.528 7.872 7.231 6.607 5.998 5.406 4.829 4.268 3.723 3.891 4.221 4.562
5.450 5.267 5.081 4.894 4.705 4.514 4.320 4.125 3.928 3.728 3.632 3.638 3.636 3.628 3.612 3.590 3.560 3.523 3.479 3.428 3.370 3.308 3.404 3.689 3.991 4.308 4.641 4.990 5.355 5.736 6.132 6.545 6.974 7.418 7.827 8.191 8.550 8.903 9.253 9.597 9.936 10.277 10.617 10.947 11.267 11.577 11.713 11.712 11.681 11.622 11.533 11.415 11.268 11.091 10.885 10.651 10.386 10.093 9.563 8.930 8.312 7.711 7.125 6.555 6.001 5.463 4.941 4.435 3.945 3.471 3.599 3.978 4.369
5.655 5.465 5.273 5.078 4.882 4.683 4.483 4.281 4.076 3.870 3.733 3.713 3.687 3.654 3.614 3.567 3.512 3.451 3.382 3.306 3.224 3.136 3.199 3.556 3.928 4.316 4.720 5.140 5.576 6.028 6.496 6.979 7.503 8.052 8.530 8.896 9.251 9.597 9.932 10.257 10.573 10.878 11.173 11.458 11.733 11.998 12.081 11.950 11.790 11.600 11.381 11.134 10.856 10.550 10.215 9.850 9.456 9.033 8.519 7.956 7.409 6.878 6.363 5.864 5.381 4.913 4.462 4.026 3.606 3.203 3.297 3.725 4.165
5.863 5.665 5.466 5.264 5.061 4.855 4.648 4.438 4.226 4.013 3.839 3.795 3.745 3.687 3.622 3.550 3.471 3.385 3.291 3.191 3.084 2.972 2.977 3.465 4.004 4.546 5.090 5.636 6.185 6.735 7.288 7.844 8.401 8.961 9.454 9.775 10.086 10.386 10.677 10.958 11.228 11.489 11.739 11.979 12.210 12.430 12.480 12.219 11.929 11.609 11.261 10.883 10.476 10.040 9.575 9.081 8.558 8.005 7.460 6.968 6.491 6.031 5.586 5.158 4.745 4.348 3.967 3.602 3.253 2.919 2.984 3.461 3.950
6.071 5.867 5.660 5.452 5.241 5.028 4.814 4.597 4.378 4.158 3.952 3.884 3.808 3.726 3.636 3.546 3.535 3.536 3.548 3.572 3.606 3.639 3.721 4.269 4.818 5.370 5.924 6.480 7.039 7.600 8.163 8.728 9.296 9.866 10.388 10.664 10.930 11.186 11.432 11.668 11.893 12.109 12.315 12.510 12.696 12.871 12.909 12.518 12.098 11.649 11.171 10.664 10.127 9.562 8.967 8.343 7.690 7.008 6.386 5.964 5.559 5.169 4.795 4.436 4.094 3.768 3.457 3.162 2.883 2.620 2.660 3.187 3.724
6.282 6.070 5.857 5.641 5.423 5.203 4.982 4.758 4.536 4.338 4.154 4.123 4.107 4.102 4.108 4.125 4.154 4.194 4.245 4.307 4.381 4.453 4.523 5.069 5.628 6.190 6.754 7.321 7.889 8.460 9.033 9.609 10.186 10.766 11.332 11.563 11.784 11.995 12.196 12.388 12.569 12.740 12.901 13.051 13.192 13.323 13.369 12.848 12.299 11.720 11.112 10.475 9.809 9.114 8.390 7.637 6.854 6.043 5.298 4.946 4.611 4.291 3.988 3.700 3.428 3.172 2.932 2.707 2.499 2.306 2.326 2.902 3.488
6.494 6.265 6.018 5.785 5.566 5.361 5.170 4.993 4.829 4.680 4.545 4.536 4.558 4.592 4.638 4.694 4.761 4.840 4.930 5.032 5.144 5.256 5.365 5.865 6.435 7.007 7.581 8.157 8.736 9.317 9.900 10.486 11.073 11.663 12.256 12.471 12.648 12.814 12.971 13.117 13.254 13.380 13.496 13.602 13.699 13.785 13.859 13.209 12.530 11.821 11.084 10.318 9.523 8.698 7.844 6.962 6.050 5.109 4.194 3.913 3.648 3.399 3.166 2.949 2.747 2.561 2.391 2.237 2.099 1.976 1.982 2.606 3.241
6.418 6.206 6.007 5.823 5.652 5.496 5.353 5.224 5.110 5.009 4.922 4.937 4.999 5.072 5.156 5.252 5.358 5.476 5.605 5.745 5.896 6.047 6.196 6.657 7.237 7.819 8.403 8.990 9.579 10.170 10.763 11.359 11.957 12.557 13.159 13.390 13.521 13.643 13.755 13.857 13.948 14.030 14.102 14.163 14.215 14.257 14.288 13.599 12.791 11.954 11.087 10.191 9.267 8.313 7.330 6.318 5.277 4.207 3.108 2.866 2.671 2.492 2.329 2.182 2.051 1.935 1.836 1.752 1.684 1.698 1.840 2.671 3.519
6.297 6.133 5.983 5.847 5.725 5.617 5.523 5.443 5.377 5.324 5.286 5.328 5.429 5.541 5.664 5.798 5.944 6.100 6.268 6.447 6.638 6.828 7.015 7.446 8.036 8.628 9.222 9.819 10.418 11.019 11.622 12.228 12.836 13.446 14.058 14.318 14.405 14.482 14.549 14.606 14.653 14.690 14.717 14.734 14.741 14.738 14.725 14.021 13.083 12.116 11.120 10.095 9.041 7.958 6.846 5.705 4.535 3.336 2.107 1.803 1.767 1.867 1.969 2.073 2.180 2.289 2.400 2.513 2.629 2.748 2.868 3.724 4.648
6.163 6.048 5.946 5.859 5.785 5.726 5.680 5.648 5.630 5.627 5.637 5.708 5.848 5.999 6.161 6.334 6.518 6.714 6.921 7.139 7.368 7.597 7.824 8.231 8.831 9.433 10.038 10.644 11.253 11.864 12.478 13.094 13.711 14.332 14.954 15.255 15.298 15.330 15.353 15.365 15.368 15.360 15.343 15.315 15.278 15.230 15.173 14.472 13.405 12.309 11.184 10.026 8.878 7.767 6.694 5.657 4.659 3.697 2.773 2.614 2.721 2.831 2.943 3.058 3.174 3.294 3.415 3.539 3.665 3.793 3.924 4.758 5.759
6.016 5.949 5.896 5.857 5.832 5.821 5.824 5.841 5.871 5.916 5.974 6.078 6.256 6.446 6.647 6.859 7.082 7.316 7.562 7.819 8.087 8.355 8.621 9.012 9.622 10.235 10.849 11.466 12.085 12.706 13.330 13.955 14.583 15.213 15.846 16.203 16.200 16.188 16.166 16.134 16.092 16.040 15.907 15.656 15.403 15.150 14.895 14.159 13.026 11.932 10.874 9.854 8.871 7.926 7.018 6.147 5.314 4.518 3.759 3.554 3.671 3.791 3.914 4.038 4.165 4.295 4.426 4.560 4.697 4.835 4.976 5.774 6.851
5.856 5.838 5.833 5.843 5.866 5.903 5.955 6.020 6.099 6.192 6.298 6.436 6.653 6.882 7.122 7.373 7.635 7.908 8.193 8.488 8.795 9.102 9.408 9.790 10.410 11.032 11.657 12.284 12.913 13.544 14.177 14.813 15.451 16.017 16.446 16.643 16.395 16.145 15.895 15.643 15.391 15.137 14.882 14.626 14.368 14.110 13.850 13.287 12.320 11.391 10.498 9.644 8.826 8.046 7.303 6.598 5.929 5.298 4.705 4.490 4.618 4.748 4.881 5.016 5.153 5.292 5.434 5.578 5.725 5.874 6.025 6.771 7.924
5.684 5.714 5.758 5.815 5.887 5.973 6.072 6.186 6.313 6.454 6.609 6.784 7.040 7.307 7.586 7.876 8.177 8.489 8.812 9.146 9.492 9.838 10.183 10.564 11.170 11.721 12.246 12.743 13.214 13.658 14.075 14.465 14.829 15.166 15.476 15.655 15.402 15.148 14.892 14.636 14.378 14.119 13.859 13.598 13.336 13.072 12.808 12.377 11.575 10.811 10.084 9.395 8.742 8.127 7.549 7.009 6.506 6.040 5.611 5.423 5.561 5.701 5.844 5.989 6.137 6.286 6.438 6.593 6.749 6.909 7.070 7.749 8.979
5.498 5.576 5.669 5.775 5.895 6.029 6.177 6.339 6.514 6.704 6.907 7.125 7.416 7.722 8.039 8.368 8.702 9.010 9.323 9.643 9.970 10.298 10.627 10.961 11.417 11.849 12.255 12.634 12.986 13.311 13.610 13.882 14.127 14.345 14.536 14.670 14.412 14.152 13.892 13.630 13.368 13.104 12.839 12.573 12.306 12.038 11.768 11.429 10.792 10.193 9.632 9.107 8.620 8.170 7.757 7.381 7.043 6.742 6.478 6.352 6.500 6.651 6.804 6.959 7.117 7.277 7.439 7.603 7.770 7.940 8.111 8.709 10.015
5.300 5.427 5.567 5.722 5.890 6.072 6.269 6.479 6.703 6.940 7.174 7.398 7.681 7.985 8.295 8.612 8.935 9.265 9.601 9.944 10.293 10.644 10.995 11.352 11.694 12.007 12.294 12.554 12.788 12.995 13.175 13.328 13.455 13.554 13.627 13.674 13.424 13.160 12.894 12.628 12.360 12.092 11.822 11.551 11.279 11.005 10.731 10.443 9.971 9.537 9.140 8.781 8.458 8.173 7.925 7.715 7.541 7.405 7.306 7.277 7.436 7.597 7.760 7.925 8.093 8.263 8.436 8.610 8.787 8.967 9.149 9.651 11.033
5.089 5.264 5.478 5.749 6.010 6.260 6.500 6.729 6.948 7.156 7.354 7.541 7.817 8.144 8.477 8.816 9.162 9.514 9.872 10.238 10.609 10.983 11.357 11.736 12.000 12.195 12.363 12.505 12.620 12.708 12.770 12.805 12.813 12.794 12.749 12.677 12.439 12.170 11.899 11.628 11.355 11.082 10.807 10.531 10.254 9.976 9.697 9.416 9.112 8.843 8.611 8.416 8.258 8.138 8.055 8.009 8.000 8.029 8.094 8.199 8.368 8.539 8.712 8.888 9.066 9.246 9.429 9.614 9.801 9.991 10.182 10.574 12.032
5.459 5.715 5.960 6.195 6.419 6.633 6.836 7.028 7.210 7.382 7.543 7.694 7.948 8.297 8.652 9.014 9.382 9.757 10.138 10.525 10.919 11.315 11.712 12.114 12.335 12.412 12.462 12.485 12.482 12.451 12.395 12.311 12.201 12.064 11.901 11.710 11.456 11.182 10.907 10.630 10.353 10.074 9.795 9.514 9.232 8.949 8.665 8.379 8.215 8.110 8.043 8.013 8.020 8.064 8.146 8.264 8.420 8.613 8.843 9.111 9.297 9.478 9.661 9.847 10.035 10.226 10.418 10.613 10.811 11.011 11.213 11.617 13.454
6.023 6.242 6.451 6.649 6.837 7.014 7.181 7.337 7.482 7.617 7.742 7.856 8.072 8.444 8.821 9.205 9.596 9.993 10.397 10.807 11.223 11.642 12.061 12.486 12.700 12.658 12.590 12.495 12.373 12.225 12.050 11.848 11.620 11.364 11.083 10.774 10.476 10.197 9.917 9.636 9.353 9.070 8.785 8.499 8.212 7.924 7.635 7.345 7.279 7.340 7.437 7.571 7.743 7.952 8.198 8.481 8.801 9.159 9.553 9.985 10.222 10.413 10.612 10.875 11.217 11.637 12.137 12.716 13.374 14.111 14.928 15.823 17.319
6.597 6.780 6.952 7.113 7.264 7.405 7.535 7.654 7.763 7.862 7.950 8.027 8.190 8.584 8.984 9.391 9.804 10.223 10.649 11.082 11.520 11.962 12.404 12.851 13.095 12.935 12.748 12.535 12.295 12.028 11.735 11.415 11.068 10.695 10.295 9.869 9.498 9.215 8.929 8.643 8.356 8.067 7.778 7.487 7.195 6.902 6.608 6.313 6.306 6.531 6.792 7.091 7.428 7.819 8.259 8.687 9.103 9.508 9.901 10.282 10.665 11.119 11.652 12.264 12.955 13.725 14.574 15.502 16.509 17.595 18.760 20.004 21.246
7.180 7.326 7.461 7.586 7.701 7.805 7.898 7.981 8.054 8.116 8.167 8.208 8.303 8.719 9.141 9.570 10.006 10.448 10.896 11.351 11.812 12.275 12.740 13.210 13.518 13.240 12.935 12.604 12.246 11.861 11.450 11.012 10.547 10.056 9.538 8.993 8.523 8.235 7.945 7.653 7.361 7.068 6.773 6.478 6.225 6.104 6.000 5.912 6.086 6.533 6.967 7.391 7.802 8.202 8.590 8.967 9.332 9.685 10.026 10.356 10.926 11.729 12.611 13.572 14.612 15.731 16.928 18.205 19.561 20.995 22.509 24.101 25.235
