DATA/SHG/ECMWF/20170628/EN-3/20170706.en-3.asc
ncols        190
nrows        64
xllcorner    -5100000.000000000000
yllcorner    4130000.000000000000
cellsize     10000.000000000000
NODATA_value  -99999.000
[rows 0 to 32 of 64, columns 73 to 145 of 190]
3.216 3.418 3.620 3.821 4.021 4.221 4.420 4.619 4.761 4.859 5.027 5.221 5.442 5.690 5.965 6.266 6.593 6.948 7.328 7.736 8.091 8.147 8.148 8.130 8.091 8.032 7.953 7.854 7.735 7.595 7.436 7.257 7.070 6.915 6.757 6.596 6.431 6.262 6.091 5.916 5.737 5.555 5.370 5.181 5.013 4.911 4.798 4.673 4.537 4.390 4.232 4.062 3.881 3.688 3.485 3.270 3.129 3.237 3.344 3.449 3.552 3.654 3.754 3.853 3.950 4.045 4.139 4.232 4.393 4.756 5.129 5.511 5.904
3.453 3.653 3.920 4.214 4.519 4.834 5.159 5.494 5.816 6.050 6.311 6.599 6.913 7.254 7.621 8.015 8.435 8.882 9.356 9.856 10.327 10.293 10.204 10.095 9.966 9.816 9.647 9.458 9.248 9.019 8.769 8.499 8.224 8.054 7.881 7.704 7.523 7.340 7.152 6.962 6.768 6.570 6.370 6.165 5.966 5.813 5.649 5.474 5.287 5.089 4.880 4.660 4.428 4.185 3.931 3.665 3.441 3.542 3.642 3.740 3.836 3.931 4.024 4.116 4.206 4.294 4.381 4.466 4.599 5.006 5.423 5.850 6.287
4.132 4.442 4.761 5.091 5.431 5.781 6.142 6.512 6.889 7.216 7.570 7.950 8.357 8.790 9.250 9.737 10.250 10.789 11.356 11.948 12.568 12.458 12.279 12.080 11.860 11.621 11.361 11.082 10.782 10.462 10.123 9.763 9.383 9.196 9.007 8.814 8.618 8.419 8.216 8.010 7.801 7.588 7.372 7.152 6.929 6.726 6.511 6.285 6.048 5.800 5.540 5.269 4.986 4.693 4.388 4.072 3.755 3.849 3.941 4.032 4.121 4.209 4.295 4.380 4.463 4.544 4.624 4.702 4.813 5.288 5.752 6.206 6.648
4.892 5.237 5.592 5.958 6.333 6.718 7.114 7.519 7.935 8.356 8.802 9.275 9.775 10.301 10.853 11.432 12.038 12.670 13.329 14.014 14.726 14.643 14.374 14.084 13.775 13.445 13.095 12.726 12.336 11.926 11.496 11.046 10.577 10.339 10.135 9.927 9.715 9.501 9.283 9.061 8.836 8.608 8.376 8.141 7.903 7.649 7.384 7.108 6.820 6.521 6.210 5.889 5.556 5.212 4.856 4.489 4.111 4.156 4.241 4.378 4.552 4.711 4.854 4.982 5.093 5.190 5.270 5.335 5.385 5.785 6.201 6.607 7.002
5.642 6.022 6.413 6.813 7.224 7.644 8.075 8.515 8.966 9.469 10.008 10.574 11.166 11.784 12.430 13.101 13.799 14.524 15.275 16.053 16.857 16.848 16.488 16.108 15.709 15.289 14.850 14.390 13.910 13.410 12.890 12.351 11.791 11.485 11.265 11.041 10.815 10.584 10.351 10.114 9.874 9.630 9.383 9.132 8.878 8.584 8.268 7.941 7.603 7.253 6.915 6.605 6.310 6.030 5.764 5.513 5.278 5.350 5.486 5.606 5.711 5.800 5.874 5.931 5.974 6.000 6.011 6.007 5.987 6.291 6.660 7.018 7.365
6.382 6.797 7.222 7.658 8.103 8.559 9.025 9.500 9.986 10.556 11.188 11.846 12.531 13.242 13.979 14.743 15.534 16.351 17.194 18.064 18.961 19.072 18.622 18.153 17.663 17.153 16.624 16.074 15.504 14.915 14.305 13.675 13.025 12.632 12.397 12.158 11.916 11.671 11.422 11.169 10.913 10.601 10.276 9.981 9.716 9.415 9.097 8.793 8.505 8.231 7.972 7.728 7.499 7.284 7.084 6.900 6.730 6.732 6.799 6.849 6.884 6.904 6.907 6.896 6.868 6.825 6.767 6.693 6.603 6.808 7.129 7.439 7.739
7.110 7.561 8.021 8.492 8.973 9.463 9.964 10.475 10.996 11.617 12.341 13.092 13.869 14.673 15.503 16.359 17.242 18.151 19.087 20.049 21.038 21.315 20.776 20.216 19.637 19.037 18.418 17.778 17.119 16.439 15.739 15.020 14.127 13.411 12.979 12.578 12.207 11.865 11.554 11.273 11.022 10.801 10.610 10.449 10.318 10.126 9.873 9.636 9.413 9.205 9.012 8.834 8.670 8.521 8.388 8.268 8.164 8.128 8.125 8.106 8.071 8.021 7.956 7.874 7.777 7.665 7.537 7.394 7.235 7.335 7.608 7.871 8.123
7.828 8.314 8.810 9.315 9.831 10.357 10.893 11.439 11.994 12.652 13.469 14.312 15.181 16.077 17.000 17.948 18.923 19.925 20.953 22.008 23.088 23.579 22.949 22.098 21.154 20.201 19.237 18.265 17.283 16.291 15.290 14.279 13.259 12.505 12.208 11.940 11.703 11.496 11.319 11.172 11.055 10.968 10.911 10.884 10.887 10.820 10.633 10.461 10.305 10.162 10.035 9.922 9.825 9.742 9.673 9.620 9.581 9.539 9.466 9.377 9.273 9.153 9.018 8.867 8.701 8.519 8.322 8.109 7.881 7.871 8.097 8.312 8.516
8.536 9.056 9.587 10.128 10.679 11.240 11.811 12.391 12.982 13.661 14.570 15.506 16.467 17.455 18.470 19.448 20.193 20.940 21.690 22.442 23.196 23.570 22.603 21.625 20.639 19.642 18.637 17.622 16.597 15.563 14.519 13.466 12.404 11.567 11.404 11.271 11.168 11.094 11.051 11.038 11.055 11.102 11.179 11.286 11.423 11.497 11.376 11.270 11.179 11.103 11.041 10.994 10.962 10.945 10.942 10.954 10.981 10.963 10.820 10.662 10.489 10.300 10.095 9.875 9.639 9.388 9.121 8.839 8.541 8.417 8.595 8.763 8.920
9.233 9.788 10.354 10.930 11.516 12.112 12.718 13.333 13.892 14.335 15.075 15.816 16.560 17.307 18.056 18.807 19.561 20.317 21.075 21.836 22.599 23.194 22.183 21.164 20.134 19.096 18.048 16.990 15.923 14.846 13.760 12.665 11.560 10.598 10.569 10.570 10.600 10.661 10.752 10.873 11.023 11.204 11.415 11.655 11.926 12.158 12.103 12.063 12.037 12.026 12.030 12.049 12.083 12.131 12.194 12.272 12.364 12.401 12.189 11.962 11.719 11.460 11.186 10.897 10.592 10.271 9.935 9.584 9.217 8.973 9.104 9.224 9.333
9.919 10.500 11.041 11.539 11.994 12.408 12.778 13.106 13.392 13.641 14.389 15.139 15.892 16.647 17.405 18.165 18.927 19.692 20.459 21.228 22.000 22.785 21.776 20.714 19.642 18.561 17.470 16.370 15.261 14.142 13.013 11.876 10.728 9.597 9.702 9.836 10.001 10.196 10.420 10.675 10.959 11.274 11.618 11.992 12.397 12.802 12.813 12.838 12.878 12.933 13.003 13.087 13.186 13.300 13.428 13.572 13.730 13.853 13.572 13.275 12.963 12.635 12.292 11.933 11.559 11.169 10.764 10.343 9.907 9.539 9.622 9.695 9.757
10.644 11.079 11.471 11.821 12.128 12.392 12.614 12.794 12.931 13.026 13.702 14.461 15.223 15.986 16.753 17.521 18.292 19.065 19.841 20.619 21.399 22.193 21.380 20.275 19.161 18.038 16.905 15.762 14.610 13.449 12.278 11.098 9.908 8.709 8.803 9.072 9.370 9.698 10.056 10.445 10.863 11.311 11.789 12.297 12.834 13.402 13.506 13.597 13.702 13.823 13.958 14.108 14.272 14.452 14.646 14.855 15.078 15.317 14.969 14.603 14.222 13.825 13.412 12.984 12.540 12.081 11.607 11.117 10.580 10.052 10.112 10.216 10.364
11.411 11.697 11.941 12.142 12.300 12.417 12.490 12.522 12.510 12.457 13.014 13.782 14.552 15.324 16.099 16.876 17.655 18.437 19.222 20.008 20.797 21.599 20.995 19.848 18.692 17.526 16.350 15.166 13.971 12.768 11.555 10.332 9.100 7.859 7.873 8.275 8.707 9.169 9.661 10.182 10.734 11.316 11.927 12.568 13.240 13.941 14.182 14.339 14.510 14.696 14.896 15.112 15.342 15.587 15.846 16.121 16.410 16.713 16.380 15.813 15.118 14.454 13.821 13.219 12.649 12.109 11.601 11.124 10.678 10.263 10.475 10.774 11.116
12.216 12.354 12.449 12.502 12.512 12.480 12.406 12.289 12.129 11.927 12.324 13.101 13.879 14.660 15.444 16.229 17.017 17.808 18.601 19.396 20.194 21.004 20.622 19.433 18.234 17.026 15.808 14.581 13.344 12.098 10.843 9.578 8.304 7.020 6.912 7.447 8.012 8.608 9.233 9.888 10.573 11.288 12.033 12.808 13.612 14.447 14.842 15.064 15.301 15.552 15.752 15.858 15.928 15.961 15.957 15.917 15.840 15.726 15.222 14.635 14.078 13.552 13.058 12.594 12.162 11.761 11.391 11.052 10.744 10.468 10.794 11.287 11.824
13.060 13.050 12.997 12.901 12.763 12.583 12.360 12.095 11.788 11.438 11.633 12.418 13.205 13.995 14.787 15.581 16.378 17.177 17.979 18.783 19.589 20.408 20.260 19.029 17.788 16.537 15.277 14.008 12.729 11.441 10.143 8.836 7.519 6.193 5.918 6.587 7.286 8.015 8.773 9.562 10.380 11.259 12.172 13.080 13.984 14.883 15.318 15.408 15.461 15.478 15.457 15.401 15.307 15.177 15.010 14.807 14.567 14.290 13.875 13.426 13.008 12.620 12.264 11.939 11.645 11.382 11.150 10.949 10.779 10.641 11.069 11.756 12.488
13.943 13.784 13.583 13.339 13.054 12.725 12.355 11.942 11.486 10.989 10.941 11.734 12.530 13.328 14.129 14.932 15.737 16.545 17.355 18.167 18.982 19.810 19.910 18.636 17.353 16.060 14.758 13.446 12.125 10.794 9.454 8.105 6.828 5.649 5.358 6.283 7.203 8.119 9.030 9.937 10.838 11.735 12.628 13.516 14.399 15.277 15.714 15.641 15.531 15.385 15.202 14.982 14.726 14.433 14.103 13.737 13.334 12.894 12.498 12.187 11.907 11.658 11.440 11.253 11.097 10.972 10.878 10.815 10.784 10.783 11.299 12.181 13.107
14.864 14.558 14.208 13.817 13.383 12.907 12.388 11.827 11.224 10.579 10.247 11.049 11.853 12.660 13.469 14.281 15.095 15.911 16.730 17.551 18.374 19.211 19.571 18.218 16.865 15.549 14.272 13.034 11.834 10.672 9.548 8.463 7.417 6.408 5.982 6.887 7.786 8.681 9.572 10.458 11.339 12.216 13.088 13.955 14.818 15.676 16.149 15.913 15.640 15.331 14.985 14.602 14.183 13.727 13.235 12.706 12.140 11.538 11.091 10.918 10.776 10.665 10.585 10.536 10.518 10.531 10.575 10.650 10.757 10.894 11.486 12.562 13.682
15.824 15.370 14.872 14.333 13.751 13.127 12.461 11.753 11.002 10.209 9.551 10.362 11.175 11.990 12.808 13.626 14.400 15.151 15.881 16.588 17.273 17.957 18.451 17.230 16.047 14.902 13.796 12.728 11.698 10.707 9.754 8.839 7.963 7.125 6.610 7.494 8.373 9.248 10.118 10.983 11.844 12.700 13.552 14.399 15.241 16.078 16.622 16.223 15.788 15.316 14.807 14.262 13.680 13.061 12.406 11.715 10.986 10.222 9.654 9.619 9.615 9.642 9.700 9.789 9.909 10.060 10.242 10.455 10.699 10.974 11.629 12.899 14.213
16.823 16.220 15.575 14.888 14.159 13.387 12.573 11.717 10.817 9.887 8.954 9.723 10.508 11.272 12.013 12.732 13.429 14.103 14.755 15.385 15.993 16.600 17.211 16.200 15.187 14.213 13.277 12.380 11.520 10.699 9.917 9.173 8.467 7.799 7.242 8.105 8.964 9.818 10.668 11.513 12.353 13.189 14.020 14.846 15.668 16.485 17.134 16.572 15.974 15.339 14.668 13.960 13.215 12.434 11.617 10.763 9.872 8.945 8.187 8.290 8.424 8.588 8.784 9.011 9.269 9.557 9.877 10.228 10.610 11.022 11.728 13.192 14.700
17.860 17.068 16.150 15.229 14.304 13.376 12.444 11.509 10.571 9.629 8.684 9.159 9.867 10.553 11.218 11.859 12.479 13.076 13.652 14.204 14.735 15.265 15.797 15.128 14.286 13.482 12.717 11.989 11.300 10.650 10.037 9.463 8.928 8.430 7.971 8.721 9.559 10.393 11.222 12.046 12.866 13.682 14.492 15.298 16.100 16.896 17.684 16.959 16.198 15.401 14.567 13.697 12.790 11.847 10.867 9.850 8.797 7.708 6.690 6.931 7.202 7.505 7.838 8.203 8.598 9.025 9.482 9.970 10.490 11.040 11.783 13.441 15.143
17.837 16.910 15.980 15.047 14.110 13.170 12.226 11.279 10.329 9.375 8.418 8.616 9.247 9.856 10.443 11.008 11.551 12.071 12.569 13.045 13.499 13.951 14.405 14.015 13.343 12.710 12.114 11.557 11.038 10.558 10.116 9.712 9.346 9.019 8.729 9.340 10.158 10.971 11.780 12.584 13.384 14.179 14.969 15.754 16.535 17.312 18.083 17.385 16.461 15.502 14.505 13.473 12.404 11.298 10.156 8.977 7.762 6.510 5.222 5.542 5.951 6.391 6.862 7.364 7.897 8.461 9.056 9.682 10.339 11.029 11.760 13.464 15.109
17.695 16.756 15.814 14.868 13.920 12.967 12.012 11.053 10.090 9.124 8.155 8.093 8.648 9.180 9.690 10.178 10.643 11.087 11.508 11.907 12.284 12.659 13.035 12.861 12.359 11.895 11.470 11.083 10.734 10.424 10.152 9.918 9.722 9.564 9.445 9.964 10.761 11.554 12.342 13.126 13.905 14.680 15.449 16.215 16.975 17.731 18.483 17.848 16.763 15.641 14.482 13.287 12.056 10.788 9.484 8.143 6.766 5.352 3.902 4.123 4.779 5.585 6.364 7.117 7.843 8.541 9.214 9.859 10.477 11.069 11.634 13.017 14.403
17.556 16.605 15.651 14.694 13.733 12.769 11.801 10.830 9.855 8.878 7.896 7.592 8.070 8.525 8.958 9.369 9.757 10.124 10.468 10.790 11.090 11.388 11.687 11.665 11.333 11.040 10.784 10.567 10.388 10.248 10.145 10.081 10.055 10.067 10.118 10.591 11.368 12.141 12.909 13.672 14.431 15.185 15.934 16.679 17.419 18.155 18.886 18.350 17.102 15.818 14.498 13.124 11.758 10.457 9.219 8.044 6.934 5.888 4.905 5.200 5.914 6.601 7.262 7.896 8.503 9.083 9.636 10.163 10.663 11.136 11.582 12.629 13.756
17.421 16.458 15.492 14.523 13.550 12.574 11.594 10.611 9.624 8.635 7.641 7.112 7.512 7.890 8.247 8.581 8.892 9.182 9.449 9.695 9.918 10.138 10.359 10.428 10.266 10.142 10.057 10.010 10.000 10.030 10.097 10.202 10.346 10.528 10.748 11.223 11.979 12.732 13.479 14.222 14.960 15.694 16.336 16.819 17.275 17.706 18.110 17.553 16.215 14.941 13.730 12.584 11.501 10.482 9.526 8.635 7.808 7.044 6.344 6.480 7.075 7.644 8.186 8.701 9.189 9.651 10.085 10.493 10.875 11.229 11.557 12.300 13.167
17.290 16.315 15.337 14.355 13.370 12.382 11.390 10.395 9.397 8.395 7.390 6.652 6.976 7.277 7.556 7.814 8.049 8.261 8.452 8.621 8.767 8.910 9.054 9.149 9.157 9.203 9.288 9.410 9.571 9.769 10.006 10.281 10.594 10.906 11.157 11.500 12.050 12.574 13.071 13.543 13.988 14.408 14.801 15.168 15.509 15.824 16.113 15.815 14.760 13.769 12.841 11.977 11.177 10.440 9.768 9.159 8.614 8.133 7.715 7.785 8.262 8.712 9.135 9.532 9.901 10.244 10.561 10.850 11.113 11.349 11.558 12.028 12.637
17.162 16.175 15.185 14.192 13.195 12.194 11.191 10.184 9.173 8.159 7.142 6.213 6.460 6.685 6.887 7.068 7.226 7.362 7.476 7.568 7.637 7.704 7.770 7.830 8.061 8.378 8.681 8.969 9.243 9.502 9.746 9.975 10.190 10.391 10.576 10.804 11.238 11.646 12.028 12.384 12.714 13.018 13.296 13.548 13.774 13.973 14.147 14.013 13.240 12.531 11.886 11.305 10.787 10.333 9.943 9.616 9.354 9.155 9.019 9.116 9.474 9.806 10.111 10.389 10.640 10.864 11.062 11.233 11.377 11.495 11.586 11.815 12.165
17.038 16.039 15.037 14.031 13.022 12.010 10.994 9.975 8.953 7.927 6.898 5.866 5.965 6.113 6.239 6.343 6.444 6.665 6.881 7.092 7.299 7.499 7.692 7.881 8.146 8.399 8.636 8.860 9.068 9.262 9.441 9.606 9.756 9.891 10.012 10.136 10.455 10.748 11.015 11.255 11.470 11.659 11.821 11.958 12.068 12.152 12.210 12.145 11.655 11.229 10.866 10.567 10.331 10.159 10.051 10.007 10.026 10.109 10.256 10.473 10.713 10.926 11.112 11.272 11.404 11.511 11.590 11.643 11.668 11.668 11.640 11.660 11.752
16.917 15.906 14.892 13.875 12.854 11.830 10.802 9.771 8.737 7.712 6.758 5.842 5.860 6.082 6.301 6.515 6.724 6.929 7.129 7.325 7.516 7.700 7.877 8.051 8.248 8.435 8.608 8.766 8.910 9.039 9.154 9.253 9.339 9.409 9.465 9.506 9.702 9.879 10.031 10.156 10.255 10.329 10.376 10.397 10.392 10.361 10.304 10.213 10.005 9.860 9.780 9.763 9.810 9.920 10.094 10.331 10.633 10.997 11.426 11.855 11.977 12.071 12.139 12.181 12.195 12.183 12.144 12.078 11.986 11.867 11.721 11.563 11.397
16.800 15.777 14.726 13.638 12.588 11.576 10.601 9.665 8.767 7.907 7.086 6.302 6.206 6.413 6.615 6.814 7.007 7.196 7.381 7.561 7.737 7.905 8.066 8.224 8.365 8.488 8.596 8.689 8.768 8.833 8.882 8.917 8.938 8.943 8.935 8.911 8.978 9.040 9.076 9.086 9.070 9.028 8.960 8.866 8.746 8.600 8.428 8.230 8.290 8.427 8.629 8.894 9.222 9.614 10.070 10.589 11.172 11.819 12.529 13.263 13.266 13.243 13.192 13.115 13.012 12.881 12.724 12.540 12.330 12.092 11.829 11.524 11.100
15.989 14.957 13.963 13.007 12.088 11.208 10.366 9.562 8.796 8.068 7.378 6.726 6.555 6.747 6.934 7.116 7.294 7.468 7.637 7.801 7.961 8.114 8.259 8.401 8.499 8.557 8.600 8.629 8.643 8.643 8.627 8.598 8.553 8.494 8.421 8.333 8.283 8.230 8.151 8.046 7.915 7.758 7.575 7.366 7.131 6.869 6.582 6.269 6.509 6.929 7.412 7.959 8.569 9.243 9.980 10.781 11.645 12.573 13.565 14.620 14.582 14.440 14.271 14.076 13.854 13.605 13.330 13.028 12.700 12.344 11.962 11.588 11.056
14.927 14.027 13.165 12.341 11.555 10.807 10.096 9.424 8.790 8.193 7.635 7.115 6.908 7.084 7.256 7.423 7.585 7.743 7.896 8.045 8.189 8.326 8.456 8.582 8.649 8.642 8.621 8.585 8.534 8.469 8.389 8.295 8.186 8.062 7.924 7.771 7.617 7.449 7.255 7.035 6.789 6.517 6.219 5.895 5.544 5.168 4.766 4.338 4.664 5.365 6.130 6.958 7.850 8.805 9.824 10.906 12.052 13.261 14.534 15.870 15.923 15.663 15.334 14.931 14.555 14.206 13.882 13.585 13.314 13.070 12.852 12.660 12.108
13.832 13.064 12.333 11.641 10.987 10.370 9.792 9.251 8.748 8.284 7.857 7.468 7.265 7.426 7.581 7.733 7.879 8.021 8.159 8.292 8.421 8.542 8.656 8.767 8.815 8.744 8.658 8.557 8.442 8.312 8.167 8.008 7.834 7.646 7.443 7.226 6.981 6.698 6.388 6.053 5.692 5.305 4.892 4.453 3.988 3.497 2.980 2.438 2.754 3.737 4.783 5.892 7.065 8.336 9.686 11.000 12.278 13.519 14.723 15.892 15.973 15.634 15.322 15.036 14.776 14.542 14.335 14.154 14.000 13.872 13.770 13.695 13.168
12.702 12.066 11.467 10.907 10.384 9.899 9.452 9.043 8.672 8.339 8.044 7.787 7.626 7.770 7.911 8.046 8.177 8.304 8.426 8.544 8.657 8.762 8.861 8.955 8.998 8.861 8.711 8.545 8.365 8.171 7.962 7.738 7.500 7.247 6.979 6.698 6.373 5.975 5.551 5.101 4.625 4.123 3.595 3.042 2.555 2.319 2.078 1.833 2.358 3.730 5.065 6.364 7.626 8.852 10.042 11.195 12.312 13.393 14.437 15.445 15.701 15.479 15.283 15.113 14.969 14.852 14.761 14.697 14.658 14.646 14.661 14.701 14.238
