DATA/SHG/ECMWF/20170628/EN-3/20170630.en-3.asc
ncols        190
nrows        64
xllcorner    -5100000.000000000000
yllcorner    4130000.000000000000
cellsize     10000.000000000000
NODATA_value  -99999.000
[rows 0 to 32 of 64, columns 0 to 72 of 190]
6.981 6.828 6.681 6.538 6.400 6.268 6.140 6.017 5.899 5.745 5.582 5.422 5.265 5.111 4.960 4.812 4.667 4.525 4.386 4.231 4.073 3.836 3.567 3.303 3.046 2.795 2.549 2.310 2.077 1.850 1.629 1.414 1.205 1.081 1.012 0.944 0.880 0.817 0.757 0.699 0.643 0.589 0.538 0.489 0.442 0.407 0.381 0.354 0.327 0.300 0.272 0.243 0.214 0.185 0.155 0.125 0.094 0.091 0.120 0.147 0.171 0.194 0.214 0.233 0.249 0.263 0.275 0.285 0.293 0.310 0.344 0.379 0.413
6.539 6.404 6.274 6.149 6.028 5.913 5.803 5.697 5.597 5.465 5.312 5.163 4.988 4.817 4.649 4.485 4.326 4.170 4.018 3.871 3.727 3.526 3.278 3.036 2.800 2.570 2.346 2.128 1.916 1.710 1.510 1.317 1.129 1.001 0.940 0.881 0.824 0.769 0.717 0.667 0.619 0.574 0.530 0.489 0.451 0.417 0.389 0.361 0.333 0.303 0.274 0.244 0.213 0.183 0.151 0.120 0.087 0.073 0.094 0.113 0.131 0.146 0.159 0.170 0.179 0.186 0.190 0.193 0.194 0.201 0.235 0.269 0.303
6.092 5.975 5.862 5.754 5.647 5.524 5.402 5.282 5.164 5.022 4.852 4.687 4.526 4.368 4.215 4.065 3.920 3.778 3.641 3.507 3.378 3.211 2.984 2.763 2.548 2.340 2.137 1.940 1.750 1.565 1.386 1.214 1.047 0.920 0.866 0.815 0.766 0.720 0.675 0.633 0.593 0.556 0.520 0.487 0.457 0.428 0.398 0.368 0.338 0.308 0.277 0.245 0.213 0.181 0.148 0.115 0.081 0.056 0.070 0.082 0.092 0.100 0.106 0.109 0.111 0.110 0.108 0.103 0.109 0.119 0.167 0.215 0.264
5.581 5.457 5.335 5.214 5.095 4.978 4.863 4.750 4.638 4.513 4.358 4.207 4.059 3.916 3.777 3.642 3.510 3.383 3.260 3.140 3.025 2.890 2.684 2.484 2.291 2.103 1.922 1.746 1.577 1.413 1.256 1.105 0.959 0.836 0.790 0.747 0.706 0.668 0.631 0.597 0.565 0.535 0.508 0.483 0.460 0.438 0.407 0.376 0.344 0.312 0.280 0.247 0.213 0.179 0.145 0.110 0.075 0.042 0.048 0.053 0.056 0.063 0.070 0.076 0.083 0.089 0.095 0.101 0.106 0.112 0.159 0.208 0.257
5.003 4.885 4.769 4.655 4.542 4.432 4.323 4.216 4.111 4.001 3.860 3.723 3.590 3.460 3.335 3.214 3.097 2.984 2.875 2.770 2.668 2.562 2.378 2.200 2.027 1.861 1.701 1.546 1.398 1.256 1.120 0.989 0.865 0.750 0.712 0.677 0.644 0.613 0.585 0.559 0.535 0.513 0.494 0.476 0.462 0.449 0.417 0.384 0.351 0.317 0.283 0.249 0.214 0.178 0.142 0.108 0.074 0.042 0.046 0.052 0.059 0.065 0.071 0.077 0.083 0.088 0.094 0.099 0.104 0.109 0.151 0.200 0.249
4.423 4.311 4.202 4.094 3.988 3.884 3.782 3.681 3.582 3.485 3.358 3.235 3.116 3.001 2.890 2.783 2.680 2.581 2.486 2.395 2.308 2.225 2.066 1.909 1.758 1.613 1.474 1.341 1.214 1.092 0.977 0.868 0.765 0.668 0.632 0.605 0.580 0.557 0.536 0.518 0.502 0.488 0.477 0.468 0.461 0.456 0.424 0.384 0.345 0.307 0.271 0.235 0.202 0.169 0.138 0.108 0.079 0.051 0.050 0.056 0.062 0.068 0.073 0.078 0.083 0.088 0.093 0.098 0.102 0.106 0.143 0.192 0.242
3.842 3.737 3.634 3.533 3.433 3.335 3.239 3.145 3.053 2.962 2.853 2.744 2.639 2.539 2.442 2.349 2.260 2.175 2.094 2.017 1.944 1.875 1.749 1.613 1.483 1.359 1.241 1.129 1.023 0.923 0.829 0.741 0.659 0.583 0.549 0.530 0.513 0.498 0.486 0.476 0.466 0.456 0.445 0.435 0.423 0.412 0.382 0.347 0.312 0.279 0.247 0.216 0.187 0.159 0.132 0.106 0.082 0.059 0.055 0.060 0.065 0.070 0.075 0.080 0.084 0.088 0.092 0.096 0.100 0.104 0.134 0.184 0.235
3.260 3.162 3.065 2.970 2.877 2.786 2.696 2.608 2.522 2.438 2.344 2.250 2.159 2.072 1.990 1.911 1.836 1.765 1.698 1.635 1.577 1.522 1.425 1.310 1.202 1.099 1.002 0.911 0.827 0.748 0.675 0.608 0.556 0.509 0.485 0.476 0.466 0.456 0.446 0.435 0.424 0.413 0.401 0.389 0.376 0.363 0.339 0.308 0.278 0.249 0.222 0.196 0.171 0.147 0.125 0.104 0.084 0.065 0.059 0.064 0.068 0.073 0.077 0.081 0.085 0.089 0.092 0.095 0.098 0.101 0.126 0.176 0.227
2.677 2.585 2.495 2.406 2.320 2.235 2.151 2.070 1.991 1.913 1.832 1.752 1.675 1.602 1.534 1.469 1.408 1.352 1.299 1.250 1.205 1.164 1.096 1.002 0.915 0.861 0.811 0.761 0.712 0.664 0.617 0.571 0.525 0.480 0.452 0.441 0.431 0.419 0.408 0.396 0.383 0.370 0.357 0.344 0.330 0.315 0.295 0.268 0.243 0.218 0.195 0.174 0.153 0.134 0.116 0.100 0.085 0.071 0.064 0.068 0.072 0.076 0.079 0.083 0.086 0.089 0.092 0.094 0.097 0.099 0.117 0.168 0.219
2.093 2.007 1.924 1.841 1.761 1.683 1.606 1.531 1.458 1.386 1.317 1.250 1.188 1.129 1.074 1.024 0.977 0.941 0.948 0.956 0.964 0.971 0.957 0.907 0.858 0.810 0.762 0.715 0.669 0.624 0.580 0.536 0.493 0.452 0.420 0.408 0.396 0.383 0.370 0.356 0.343 0.328 0.314 0.299 0.283 0.267 0.249 0.227 0.206 0.186 0.168 0.151 0.135 0.120 0.107 0.095 0.084 0.074 0.069 0.072 0.076 0.079 0.082 0.084 0.087 0.089 0.092 0.094 0.096 0.097 0.108 0.160 0.211
1.508 1.429 1.351 1.275 1.202 1.129 1.059 0.990 0.924 0.859 0.818 0.826 0.834 0.842 0.850 0.857 0.865 0.872 0.880 0.887 0.894 0.901 0.896 0.849 0.803 0.757 0.712 0.669 0.625 0.583 0.542 0.501 0.461 0.422 0.388 0.375 0.361 0.347 0.333 0.318 0.302 0.287 0.271 0.254 0.238 0.220 0.203 0.185 0.168 0.153 0.139 0.126 0.115 0.105 0.096 0.088 0.082 0.077 0.074 0.077 0.079 0.082 0.084 0.086 0.088 0.090 0.092 0.093 0.095 0.096 0.099 0.151 0.203
0.922 0.849 0.778 0.757 0.774 0.786 0.791 0.790 0.783 0.769 0.752 0.760 0.767 0.775 0.782 0.790 0.797 0.804 0.811 0.818 0.825 0.831 0.835 0.790 0.747 0.704 0.662 0.621 0.581 0.541 0.503 0.465 0.428 0.391 0.357 0.342 0.327 0.311 0.296 0.279 0.263 0.246 0.228 0.211 0.192 0.174 0.155 0.141 0.129 0.119 0.109 0.101 0.094 0.088 0.084 0.081 0.079 0.079 0.079 0.081 0.084 0.085 0.087 0.089 0.090 0.091 0.092 0.112 0.151 0.196 0.246 0.340 0.438
0.828 0.842 0.851 0.852 0.848 0.837 0.820 0.797 0.767 0.731 0.689 0.694 0.701 0.708 0.715 0.722 0.729 0.736 0.743 0.749 0.756 0.762 0.768 0.731 0.690 0.650 0.611 0.573 0.535 0.499 0.463 0.428 0.393 0.360 0.327 0.310 0.293 0.276 0.259 0.242 0.224 0.205 0.186 0.167 0.148 0.128 0.107 0.097 0.089 0.083 0.078 0.074 0.072 0.071 0.071 0.072 0.075 0.079 0.084 0.086 0.097 0.117 0.142 0.172 0.209 0.250 0.297 0.350 0.409 0.473 0.542 0.637 0.739
0.997 0.990 0.976 0.955 0.929 0.896 0.856 0.811 0.759 0.701 0.636 0.628 0.635 0.642 0.649 0.655 0.662 0.668 0.675 0.681 0.687 0.693 0.699 0.670 0.632 0.595 0.559 0.524 0.489 0.455 0.422 0.390 0.359 0.328 0.298 0.278 0.260 0.242 0.223 0.204 0.185 0.165 0.145 0.124 0.103 0.082 0.060 0.051 0.048 0.046 0.045 0.046 0.048 0.060 0.074 0.089 0.104 0.120 0.136 0.160 0.194 0.233 0.277 0.327 0.383 0.444 0.511 0.583 0.660 0.744 0.833 0.933 1.039
1.174 1.144 1.107 1.065 1.016 0.961 0.899 0.831 0.757 0.677 0.590 0.563 0.569 0.576 0.582 0.589 0.595 0.601 0.607 0.613 0.618 0.624 0.629 0.609 0.574 0.540 0.507 0.474 0.442 0.411 0.381 0.352 0.323 0.295 0.268 0.246 0.227 0.208 0.188 0.167 0.146 0.125 0.104 0.082 0.059 0.037 0.026 0.029 0.041 0.055 0.069 0.083 0.098 0.113 0.129 0.145 0.162 0.180 0.197 0.232 0.285 0.343 0.407 0.477 0.551 0.632 0.718 0.809 0.907 1.009 1.117 1.228 1.337
1.357 1.304 1.246 1.181 1.110 1.032 0.949 0.859 0.762 0.660 0.551 0.498 0.504 0.510 0.516 0.522 0.528 0.533 0.539 0.544 0.550 0.555 0.560 0.547 0.515 0.484 0.453 0.423 0.394 0.366 0.339 0.312 0.287 0.262 0.238 0.215 0.195 0.174 0.154 0.143 0.131 0.120 0.110 0.099 0.089 0.079 0.069 0.070 0.085 0.100 0.115 0.132 0.148 0.165 0.183 0.201 0.220 0.239 0.259 0.299 0.371 0.448 0.532 0.620 0.715 0.814 0.920 1.031 1.147 1.269 1.397 1.521 1.634
1.546 1.472 1.391 1.304 1.211 1.111 1.005 0.893 0.774 0.650 0.519 0.432 0.438 0.444 0.450 0.455 0.461 0.466 0.471 0.477 0.482 0.487 0.491 0.485 0.455 0.427 0.399 0.372 0.346 0.321 0.296 0.274 0.259 0.246 0.234 0.224 0.212 0.201 0.190 0.180 0.169 0.159 0.150 0.140 0.131 0.121 0.113 0.111 0.127 0.144 0.162 0.180 0.198 0.217 0.236 0.256 0.277 0.298 0.319 0.359 0.451 0.548 0.650 0.759 0.872 0.991 1.116 1.246 1.382 1.523 1.670 1.813 1.930
1.743 1.646 1.543 1.434 1.318 1.196 1.068 0.934 0.793 0.646 0.493 0.368 0.373 0.379 0.384 0.389 0.394 0.399 0.404 0.409 0.414 0.418 0.423 0.421 0.396 0.375 0.355 0.337 0.321 0.307 0.294 0.283 0.274 0.267 0.262 0.257 0.247 0.236 0.227 0.217 0.207 0.198 0.189 0.180 0.172 0.163 0.155 0.151 0.170 0.188 0.207 0.227 0.247 0.268 0.289 0.311 0.333 0.356 0.379 0.415 0.526 0.642 0.764 0.891 1.024 1.163 1.307 1.456 1.611 1.772 1.938 2.103 2.223
1.946 1.827 1.702 1.570 1.433 1.289 1.138 0.982 0.819 0.650 0.475 0.303 0.308 0.313 0.318 0.323 0.328 0.335 0.343 0.351 0.358 0.365 0.371 0.376 0.359 0.344 0.330 0.319 0.309 0.301 0.295 0.290 0.288 0.287 0.288 0.290 0.281 0.271 0.262 0.253 0.245 0.236 0.228 0.220 0.212 0.205 0.198 0.191 0.211 0.232 0.253 0.274 0.296 0.319 0.342 0.365 0.389 0.414 0.439 0.465 0.595 0.730 0.872 1.018 1.171 1.328 1.492 1.661 1.835 2.015 2.200 2.391 2.516
2.155 2.014 1.867 1.714 1.554 1.388 1.215 1.037 0.852 0.660 0.465 0.267 0.256 0.265 0.273 0.281 0.288 0.295 0.302 0.308 0.314 0.319 0.324 0.329 0.320 0.311 0.304 0.298 0.295 0.293 0.293 0.295 0.299 0.305 0.312 0.321 0.315 0.306 0.298 0.290 0.282 0.274 0.267 0.260 0.253 0.246 0.240 0.234 0.252 0.274 0.297 0.320 0.344 0.368 0.393 0.419 0.444 0.471 0.498 0.525 0.658 0.813 0.974 1.140 1.312 1.489 1.671 1.859 2.053 2.252 2.457 2.667 2.807
2.372 2.209 2.039 1.849 1.658 1.465 1.270 1.073 0.875 0.675 0.473 0.270 0.225 0.232 0.239 0.245 0.251 0.257 0.262 0.266 0.271 0.275 0.278 0.281 0.279 0.276 0.275 0.276 0.279 0.284 0.290 0.299 0.309 0.321 0.334 0.350 0.348 0.341 0.333 0.326 0.319 0.312 0.306 0.299 0.293 0.287 0.282 0.277 0.293 0.317 0.341 0.366 0.392 0.418 0.444 0.472 0.499 0.527 0.556 0.585 0.717 0.891 1.071 1.256 1.447 1.643 1.845 2.037 2.205 2.371 2.536 2.699 2.810
2.484 2.292 2.098 1.902 1.704 1.505 1.304 1.101 0.897 0.691 0.483 0.274 0.194 0.199 0.205 0.210 0.214 0.218 0.222 0.225 0.228 0.230 0.232 0.234 0.236 0.239 0.245 0.252 0.262 0.273 0.285 0.300 0.316 0.335 0.355 0.376 0.382 0.375 0.368 0.362 0.355 0.350 0.344 0.338 0.333 0.328 0.324 0.319 0.332 0.358 0.385 0.411 0.439 0.467 0.495 0.524 0.553 0.583 0.614 0.645 0.762 0.934 1.106 1.276 1.444 1.611 1.777 1.941 2.104 2.265 2.425 2.584 2.715
2.556 2.358 2.158 1.956 1.752 1.547 1.340 1.131 0.921 0.709 0.495 0.280 0.163 0.167 0.171 0.175 0.178 0.180 0.183 0.184 0.186 0.186 0.187 0.187 0.191 0.201 0.213 0.227 0.242 0.259 0.279 0.299 0.322 0.347 0.373 0.401 0.414 0.408 0.403 0.397 0.392 0.387 0.382 0.377 0.373 0.369 0.365 0.361 0.372 0.399 0.427 0.456 0.485 0.510 0.530 0.550 0.568 0.586 0.602 0.617 0.702 0.869 1.036 1.201 1.364 1.527 1.687 1.847 2.005 2.161 2.316 2.470 2.615
2.630 2.426 2.219 2.012 1.802 1.591 1.378 1.163 0.947 0.729 0.509 0.288 0.133 0.136 0.138 0.140 0.142 0.143 0.144 0.144 0.144 0.143 0.142 0.141 0.144 0.161 0.179 0.199 0.221 0.244 0.270 0.297 0.326 0.357 0.390 0.424 0.447 0.442 0.437 0.432 0.428 0.423 0.419 0.416 0.412 0.409 0.403 0.396 0.400 0.422 0.444 0.464 0.483 0.501 0.517 0.533 0.547 0.561 0.573 0.584 0.643 0.806 0.968 1.128 1.286 1.444 1.599 1.754 1.907 2.058 2.208 2.357 2.509
2.706 2.495 2.283 2.069 1.854 1.637 1.418 1.197 0.975 0.751 0.525 0.298 0.104 0.105 0.106 0.106 0.106 0.106 0.105 0.104 0.102 0.100 0.098 0.095 0.096 0.119 0.143 0.169 0.198 0.228 0.259 0.293 0.328 0.365 0.404 0.445 0.480 0.475 0.471 0.462 0.452 0.444 0.436 0.429 0.423 0.418 0.414 0.411 0.412 0.430 0.448 0.464 0.479 0.493 0.505 0.517 0.527 0.537 0.545 0.552 0.586 0.744 0.901 1.056 1.209 1.362 1.513 1.662 1.810 1.957 2.102 2.246 2.396
2.784 2.567 2.349 2.129 1.907 1.684 1.459 1.233 1.005 0.775 0.543 0.310 0.075 0.075 0.074 0.073 0.072 0.070 0.067 0.065 0.062 0.058 0.054 0.050 0.045 0.075 0.105 0.138 0.173 0.209 0.247 0.287 0.328 0.367 0.405 0.441 0.475 0.466 0.458 0.451 0.444 0.439 0.434 0.430 0.427 0.425 0.424 0.424 0.425 0.440 0.453 0.465 0.476 0.486 0.495 0.502 0.509 0.514 0.518 0.521 0.530 0.683 0.835 0.985 1.134 1.282 1.428 1.572 1.715 1.857 1.997 2.136 2.278
2.873 2.640 2.416 2.190 1.963 1.734 1.503 1.270 1.036 0.800 0.563 0.323 0.082 0.045 0.042 0.040 0.037 0.034 0.030 0.026 0.021 0.016 0.011 0.005 0.001 0.042 0.088 0.131 0.173 0.213 0.252 0.289 0.325 0.358 0.390 0.421 0.450 0.448 0.443 0.439 0.435 0.433 0.431 0.431 0.431 0.432 0.434 0.436 0.440 0.450 0.459 0.467 0.474 0.480 0.485 0.489 0.491 0.492 0.492 0.491 0.489 0.624 0.771 0.916 1.060 1.203 1.344 1.484 1.622 1.759 1.894 2.028 2.161
2.978 2.715 2.485 2.254 2.020 1.785 1.548 1.310 1.069 0.828 0.584 0.339 0.092 0.015 0.012 0.008 0.003 0.006 0.024 0.038 0.048 0.055 0.058 0.057 0.053 0.081 0.120 0.158 0.194 0.229 0.262 0.293 0.323 0.351 0.377 0.402 0.425 0.429 0.427 0.426 0.426 0.426 0.428 0.430 0.433 0.437 0.442 0.448 0.455 0.461 0.467 0.471 0.474 0.476 0.476 0.476 0.474 0.472 0.468 0.463 0.457 0.566 0.708 0.849 0.988 1.125 1.262 1.396 1.530 1.662 1.792 1.921 2.049
3.099 2.792 2.556 2.319 2.079 1.838 1.595 1.351 1.105 0.857 0.623 0.404 0.183 0.095 0.114 0.130 0.142 0.151 0.156 0.157 0.154 0.149 0.139 0.126 0.109 0.121 0.155 0.187 0.217 0.246 0.273 0.299 0.323 0.345 0.366 0.385 0.403 0.409 0.410 0.412 0.415 0.419 0.423 0.429 0.435 0.442 0.450 0.459 0.469 0.474 0.475 0.475 0.474 0.472 0.469 0.465 0.459 0.452 0.445 0.436 0.425 0.510 0.647 0.782 0.917 1.049 1.181 1.311 1.439 1.566 1.692 1.816 1.939
3.236 2.871 2.629 2.408 2.197 1.985 1.770 1.552 1.332 1.110 0.885 0.659 0.429 0.294 0.300 0.303 0.303 0.299 0.291 0.280 0.265 0.246 0.224 0.198 0.169 0.162 0.190 0.217 0.242 0.265 0.286 0.306 0.325 0.341 0.356 0.370 0.381 0.389 0.393 0.398 0.404 0.410 0.418 0.426 0.436 0.446 0.457 0.469 0.481 0.488 0.485 0.481 0.476 0.470 0.463 0.454 0.445 0.434 0.422 0.409 0.395 0.455 0.587 0.718 0.847 0.975 1.101 1.226 1.357 1.494 1.628 1.758 1.884
3.561 3.162 2.948 2.732 2.513 2.292 2.068 1.842 1.614 1.383 1.150 0.915 0.677 0.496 0.490 0.480 0.467 0.450 0.430 0.406 0.378 0.347 0.312 0.274 0.232 0.206 0.228 0.249 0.268 0.285 0.301 0.315 0.328 0.339 0.348 0.356 0.362 0.367 0.375 0.382 0.391 0.401 0.412 0.423 0.435 0.449 0.463 0.478 0.493 0.502 0.496 0.488 0.479 0.469 0.458 0.445 0.432 0.417 0.401 0.384 0.366 0.413 0.564 0.711 0.855 0.994 1.130 1.262 1.390 1.515 1.635 1.752 1.865
3.985 3.505 3.283 3.058 2.831 2.601 2.369 2.135 1.898 1.659 1.418 1.174 0.928 0.702 0.683 0.661 0.635 0.606 0.573 0.536 0.496 0.452 0.404 0.353 0.299 0.251 0.267 0.282 0.296 0.307 0.318 0.326 0.333 0.338 0.342 0.344 0.344 0.345 0.355 0.366 0.378 0.391 0.405 0.419 0.434 0.451 0.468 0.486 0.504 0.518 0.508 0.496 0.483 0.469 0.502 0.554 0.589 0.606 0.605 0.587 0.550 0.542 0.680 0.814 0.944 1.071 1.193 1.312 1.427 1.538 1.646 1.750 1.850
4.423 3.879 3.619 3.386 3.151 2.913 2.672 2.430 2.184 1.937 1.687 1.435 1.180 0.924 0.880 0.845 0.807 0.765 0.719 0.670 0.617 0.560 0.500 0.437 0.369 0.298 0.308 0.317 0.325 0.331 0.336 0.339 0.340 0.339 0.337 0.334 0.328 0.322 0.335 0.349 0.364 0.380 0.397 0.414 0.432 0.452 0.472 0.583 0.730 0.872 0.951 1.013 1.057 1.083 1.091 1.082 1.055 1.010 0.947 0.866 0.768 0.675 0.799 0.920 1.037 1.150 1.260 1.366 1.468 1.566 1.660 1.751 1.838
