DATA/SHG/ECMWF/20170628/EN-3/20170709.en-3.asc
ncols        190
nrows        64
xllcorner    -5100000.000000000000
yllcorner    4130000.000000000000
cellsize     10000.000000000000
NODATA_value  -99999.000
[rows 0 to 31 of 64, columns 0 to 72 of 190]
4.442 4.453 4.464 4.476 4.489 4.503 4.518 4.534 4.551 4.405 4.188 3.950 3.692 3.413 3.112 2.791 2.449 2.087 1.703 1.380 1.087 0.952 0.890 0.830 0.772 0.716 0.662 0.610 0.559 0.511 0.464 0.420 0.377 0.365 0.370 0.372 0.372 0.369 0.364 0.356 0.346 0.334 0.319 0.302 0.282 0.269 0.264 0.259 0.255 0.250 0.246 0.242 0.238 0.234 0.231 0.228 0.224 0.224 0.225 0.224 0.222 0.218 0.212 0.204 0.195 0.184 0.171 0.156 0.140 0.122 0.102 0.085 0.069
4.423 4.436 4.451 4.466 4.483 4.500 4.518 4.538 4.558 4.400 4.109 3.798 3.475 3.158 2.849 2.546 2.249 1.960 1.677 1.402 1.133 0.980 0.925 0.871 0.820 0.771 0.723 0.678 0.634 0.593 0.553 0.515 0.480 0.460 0.456 0.450 0.441 0.430 0.416 0.400 0.382 0.361 0.337 0.312 0.283 0.263 0.259 0.255 0.251 0.247 0.243 0.240 0.237 0.234 0.231 0.229 0.226 0.223 0.218 0.212 0.203 0.193 0.181 0.167 0.152 0.135 0.116 0.096 0.073 0.052 0.038 0.027 0.017
4.402 4.419 4.436 4.455 4.466 4.444 4.424 4.407 4.393 4.241 3.928 3.622 3.322 3.030 2.744 2.465 2.192 1.927 1.668 1.416 1.171 1.005 0.957 0.910 0.866 0.823 0.783 0.744 0.707 0.672 0.640 0.609 0.580 0.558 0.545 0.530 0.513 0.493 0.471 0.446 0.419 0.390 0.358 0.324 0.287 0.257 0.253 0.250 0.247 0.244 0.241 0.238 0.236 0.233 0.231 0.229 0.228 0.225 0.213 0.201 0.186 0.170 0.152 0.132 0.111 0.088 0.063 0.036 0.017 0.000 0.000 0.000 0.000
4.212 4.188 4.167 4.148 4.133 4.121 4.111 4.105 4.101 4.010 3.721 3.439 3.163 2.894 2.632 2.377 2.128 1.887 1.652 1.423 1.202 1.028 0.987 0.947 0.909 0.874 0.840 0.808 0.778 0.750 0.724 0.700 0.678 0.658 0.637 0.613 0.587 0.559 0.528 0.495 0.460 0.422 0.381 0.338 0.293 0.251 0.248 0.245 0.242 0.240 0.238 0.236 0.234 0.232 0.231 0.230 0.229 0.227 0.210 0.191 0.171 0.151 0.131 0.112 0.093 0.074 0.055 0.037 0.018 0.000 0.000 0.000 0.000
3.834 3.821 3.810 3.802 3.797 3.795 3.796 3.800 3.807 3.772 3.507 3.249 2.997 2.752 2.514 2.282 2.057 1.839 1.628 1.423 1.226 1.049 1.014 0.982 0.951 0.922 0.895 0.870 0.847 0.826 0.806 0.789 0.774 0.760 0.730 0.698 0.664 0.627 0.588 0.546 0.502 0.456 0.407 0.355 0.302 0.246 0.242 0.240 0.238 0.236 0.235 0.233 0.232 0.232 0.231 0.229 0.226 0.223 0.205 0.185 0.166 0.147 0.128 0.109 0.091 0.073 0.055 0.037 0.020 0.003 0.000 0.000 0.000
3.454 3.451 3.450 3.453 3.458 3.467 3.478 3.492 3.510 3.528 3.286 3.052 2.824 2.602 2.388 2.180 1.979 1.785 1.597 1.417 1.242 1.075 1.040 1.014 0.990 0.968 0.948 0.930 0.913 0.899 0.887 0.876 0.868 0.861 0.826 0.786 0.743 0.698 0.650 0.600 0.547 0.492 0.435 0.375 0.313 0.248 0.237 0.239 0.240 0.240 0.240 0.238 0.236 0.233 0.230 0.225 0.220 0.214 0.197 0.179 0.160 0.142 0.124 0.106 0.089 0.071 0.054 0.037 0.021 0.005 0.000 0.000 0.000
3.071 3.078 3.088 3.101 3.117 3.136 3.157 3.182 3.210 3.240 3.059 2.848 2.644 2.446 2.255 2.071 1.894 1.723 1.560 1.402 1.252 1.108 1.064 1.045 1.028 1.012 0.999 0.988 0.978 0.970 0.965 0.961 0.959 0.959 0.925 0.876 0.824 0.770 0.714 0.649 0.580 0.514 0.451 0.390 0.332 0.276 0.259 0.258 0.257 0.254 0.251 0.247 0.242 0.236 0.229 0.222 0.214 0.205 0.190 0.172 0.155 0.137 0.120 0.103 0.086 0.070 0.054 0.038 0.022 0.006 0.000 0.000 0.000
2.685 2.702 2.723 2.746 2.773 2.802 2.834 2.869 2.907 2.948 2.824 2.637 2.457 2.283 2.116 1.956 1.802 1.655 1.515 1.381 1.255 1.135 1.086 1.073 1.063 1.054 1.048 1.043 1.040 1.040 1.041 1.044 1.034 1.014 0.959 0.886 0.816 0.749 0.684 0.622 0.563 0.506 0.452 0.400 0.351 0.304 0.282 0.279 0.274 0.269 0.263 0.256 0.248 0.239 0.230 0.220 0.209 0.197 0.182 0.165 0.149 0.132 0.116 0.100 0.084 0.068 0.053 0.038 0.023 0.008 0.000 0.000 0.000
2.296 2.324 2.355 2.389 2.426 2.465 2.508 2.553 2.602 2.653 2.583 2.420 2.263 2.113 1.969 1.833 1.703 1.580 1.463 1.353 1.250 1.154 1.105 1.100 1.096 1.104 1.106 1.102 1.091 1.074 1.050 1.020 0.983 0.940 0.884 0.821 0.760 0.702 0.646 0.593 0.543 0.495 0.450 0.407 0.367 0.329 0.306 0.300 0.292 0.284 0.275 0.265 0.255 0.244 0.231 0.218 0.205 0.190 0.175 0.158 0.142 0.127 0.111 0.096 0.081 0.066 0.052 0.037 0.023 0.009 0.000 0.000 0.000
1.905 1.944 1.985 2.029 2.076 2.126 2.179 2.235 2.294 2.356 2.335 2.195 2.062 1.936 1.816 1.703 1.597 1.514 1.531 1.507 1.440 1.332 1.242 1.241 1.233 1.219 1.198 1.171 1.138 1.098 1.051 0.999 0.939 0.874 0.807 0.753 0.701 0.652 0.606 0.562 0.520 0.481 0.445 0.412 0.381 0.352 0.331 0.321 0.311 0.300 0.288 0.276 0.263 0.249 0.234 0.218 0.201 0.184 0.167 0.151 0.136 0.121 0.106 0.092 0.078 0.064 0.050 0.037 0.023 0.010 0.000 0.000 0.000
1.512 1.560 1.612 1.667 1.724 1.784 1.848 1.914 1.983 2.055 2.180 2.342 2.462 2.541 2.578 2.573 2.526 2.437 2.307 2.135 1.922 1.666 1.432 1.408 1.378 1.341 1.297 1.248 1.191 1.129 1.060 0.984 0.902 0.814 0.728 0.682 0.640 0.600 0.562 0.527 0.495 0.465 0.438 0.414 0.392 0.372 0.356 0.344 0.331 0.317 0.303 0.287 0.271 0.254 0.237 0.218 0.199 0.179 0.158 0.144 0.130 0.115 0.102 0.088 0.075 0.061 0.049 0.036 0.023 0.011 0.000 0.000 0.000
1.115 1.174 1.236 1.388 1.654 1.967 2.327 2.734 3.187 3.686 4.177 4.192 4.165 4.096 3.985 3.833 3.639 3.404 3.126 2.807 2.447 2.044 1.629 1.582 1.529 1.469 1.403 1.331 1.252 1.166 1.075 0.976 0.872 0.761 0.646 0.609 0.576 0.545 0.516 0.491 0.467 0.447 0.429 0.413 0.400 0.390 0.382 0.367 0.351 0.335 0.317 0.299 0.280 0.261 0.240 0.219 0.197 0.174 0.150 0.136 0.123 0.109 0.096 0.084 0.071 0.059 0.047 0.039 0.033 0.026 0.018 0.022 0.026
1.171 1.462 1.799 2.184 2.614 3.092 3.616 4.186 4.804 5.467 6.178 6.084 5.910 5.694 5.436 5.137 4.796 4.413 3.989 3.523 3.015 2.466 1.875 1.762 1.686 1.604 1.515 1.420 1.319 1.211 1.096 0.975 0.848 0.714 0.574 0.534 0.509 0.487 0.468 0.451 0.437 0.425 0.416 0.410 0.406 0.405 0.406 0.391 0.373 0.353 0.333 0.312 0.291 0.268 0.245 0.221 0.196 0.170 0.144 0.128 0.123 0.120 0.116 0.111 0.105 0.099 0.092 0.084 0.075 0.066 0.056 0.056 0.059
1.421 1.877 2.378 2.927 3.522 4.163 4.851 5.586 6.367 7.195 8.070 8.018 7.697 7.334 6.929 6.483 5.995 5.465 4.894 4.281 3.627 2.931 2.193 1.949 1.851 1.746 1.634 1.516 1.392 1.262 1.124 0.981 0.831 0.675 0.512 0.456 0.440 0.428 0.417 0.409 0.404 0.402 0.402 0.404 0.409 0.417 0.427 0.416 0.395 0.372 0.350 0.326 0.301 0.283 0.266 0.249 0.233 0.217 0.201 0.193 0.188 0.182 0.175 0.168 0.159 0.150 0.140 0.130 0.118 0.106 0.093 0.090 0.092
1.620 2.239 2.905 3.618 4.377 5.182 6.034 6.933 7.878 8.870 9.908 9.995 9.526 9.016 8.465 7.872 7.237 6.561 5.843 5.083 4.282 3.440 2.555 2.142 2.021 1.894 1.760 1.619 1.472 1.319 1.159 0.993 0.821 0.642 0.456 0.375 0.369 0.365 0.364 0.365 0.369 0.375 0.384 0.396 0.410 0.427 0.451 0.450 0.432 0.415 0.398 0.381 0.364 0.348 0.332 0.316 0.301 0.286 0.272 0.261 0.253 0.245 0.235 0.225 0.214 0.202 0.190 0.176 0.162 0.148 0.132 0.125 0.126
1.766 2.550 3.380 4.256 5.179 6.149 7.165 8.227 9.336 10.491 11.693 12.013 11.398 10.742 10.043 9.303 8.522 7.699 6.835 5.929 4.981 3.992 2.961 2.342 2.199 2.048 1.892 1.729 1.559 1.383 1.201 1.012 0.817 0.615 0.407 0.292 0.295 0.300 0.311 0.339 0.367 0.393 0.418 0.441 0.464 0.485 0.505 0.508 0.491 0.475 0.459 0.443 0.427 0.412 0.398 0.383 0.369 0.355 0.342 0.330 0.320 0.308 0.296 0.283 0.269 0.255 0.240 0.224 0.207 0.189 0.171 0.160 0.160
1.861 2.809 3.802 4.843 5.929 7.062 8.242 9.468 10.741 12.060 13.425 14.074 13.312 12.509 11.664 10.778 9.850 8.880 7.869 6.817 5.723 4.587 3.410 2.549 2.382 2.210 2.030 1.845 1.653 1.454 1.249 1.047 0.858 0.662 0.457 0.320 0.348 0.375 0.401 0.425 0.448 0.470 0.490 0.509 0.527 0.544 0.560 0.565 0.550 0.534 0.519 0.505 0.490 0.477 0.463 0.450 0.437 0.424 0.412 0.400 0.386 0.372 0.357 0.342 0.325 0.308 0.290 0.272 0.252 0.232 0.211 0.195 0.194
1.905 3.016 4.173 5.377 6.627 7.924 9.267 10.657 12.093 13.575 15.104 16.177 15.269 14.319 13.327 12.295 11.220 10.104 8.947 7.748 6.508 5.226 3.903 2.762 2.590 2.429 2.261 2.084 1.899 1.706 1.505 1.296 1.079 0.854 0.620 0.425 0.448 0.471 0.492 0.511 0.530 0.547 0.564 0.578 0.592 0.605 0.616 0.622 0.607 0.593 0.580 0.566 0.553 0.540 0.528 0.516 0.504 0.493 0.481 0.470 0.454 0.437 0.420 0.401 0.382 0.362 0.342 0.320 0.298 0.275 0.251 0.230 0.228
1.896 3.171 4.492 5.859 7.273 8.733 10.240 11.793 13.392 15.038 16.730 18.322 17.267 16.171 15.033 13.854 12.633 11.239 9.795 8.392 7.030 5.708 4.427 3.228 3.047 2.858 2.660 2.455 2.242 2.020 1.791 1.553 1.308 1.054 0.792 0.530 0.549 0.567 0.584 0.599 0.614 0.627 0.638 0.649 0.658 0.666 0.673 0.678 0.665 0.652 0.639 0.627 0.615 0.604 0.592 0.581 0.571 0.561 0.551 0.541 0.522 0.503 0.482 0.461 0.440 0.417 0.394 0.370 0.345 0.319 0.293 0.265 0.262
1.836 3.274 4.759 6.289 7.867 9.490 11.160 12.876 14.639 16.447 17.972 19.387 18.132 16.627 15.164 13.741 12.358 11.016 9.714 8.453 7.233 6.053 4.913 3.814 3.512 3.294 3.068 2.835 2.593 2.343 2.085 1.819 1.544 1.262 0.972 0.673 0.651 0.665 0.677 0.688 0.698 0.707 0.714 0.720 0.725 0.729 0.731 0.733 0.722 0.710 0.699 0.688 0.677 0.666 0.656 0.647 0.637 0.628 0.619 0.611 0.591 0.569 0.546 0.522 0.498 0.472 0.446 0.420 0.392 0.364 0.335 0.305 0.297
1.725 3.326 4.974 6.585 8.152 9.675 11.155 12.591 13.984 15.333 16.638 17.900 17.156 15.794 14.472 13.191 11.950 10.750 9.591 8.471 7.393 6.354 5.357 4.399 3.984 3.738 3.484 3.222 2.951 2.673 2.387 2.092 1.789 1.478 1.160 0.833 0.754 0.763 0.771 0.778 0.784 0.788 0.791 0.793 0.794 0.793 0.791 0.788 0.779 0.768 0.758 0.748 0.738 0.729 0.720 0.711 0.703 0.695 0.688 0.680 0.661 0.636 0.610 0.584 0.556 0.528 0.500 0.519 0.603 0.668 0.713 0.739 0.785
1.863 3.408 4.909 6.367 7.781 9.152 10.479 11.763 13.003 14.200 15.352 16.462 16.139 14.919 13.739 12.600 11.501 10.442 9.424 8.447 7.510 6.613 5.757 4.941 4.465 4.190 3.908 3.617 3.318 3.011 2.696 2.373 2.042 1.703 1.356 1.000 0.858 0.863 0.867 0.869 0.871 0.871 0.869 0.867 0.863 0.858 0.852 0.844 0.835 0.826 0.816 0.808 0.799 0.791 0.783 0.776 0.769 0.762 0.755 0.749 0.827 0.978 1.110 1.223 1.316 1.391 1.446 1.482 1.498 1.496 1.474 1.434 1.426
2.151 3.543 4.892 6.197 7.459 8.677 9.852 10.983 12.071 13.115 14.115 15.072 15.080 14.001 12.963 11.966 11.009 10.092 9.216 8.380 7.584 6.829 6.114 5.440 4.954 4.651 4.339 4.020 3.693 3.358 3.014 2.663 2.303 1.936 1.560 1.176 0.964 0.964 0.964 0.962 0.959 0.954 0.949 0.942 0.934 0.924 0.914 0.902 0.891 0.883 0.875 0.867 0.860 0.940 1.088 1.254 1.437 1.639 1.858 2.096 2.277 2.361 2.425 2.471 2.497 2.504 2.492 2.461 2.411 2.341 2.253 2.145 2.075
2.486 3.726 4.922 6.075 7.184 8.250 9.272 10.251 11.186 12.078 12.927 13.732 13.979 13.042 12.146 11.290 10.475 9.699 8.964 8.270 7.616 7.002 6.429 5.896 5.450 5.119 4.779 4.431 4.076 3.712 3.340 2.960 2.572 2.176 1.772 1.360 1.070 1.067 1.062 1.055 1.048 1.039 1.029 1.018 1.005 0.992 1.046 1.122 1.208 1.329 1.468 1.624 1.799 1.991 2.201 2.429 2.675 2.939 3.220 3.520 3.743 3.759 3.757 3.735 3.695 3.635 3.556 3.458 3.340 3.204 3.048 2.874 2.731
2.868 3.955 4.999 6.000 6.957 7.870 8.740 9.567 10.350 11.090 11.786 12.439 12.837 12.042 11.287 10.572 9.898 9.264 8.671 8.118 7.605 7.133 6.701 6.309 5.955 5.595 5.227 4.851 4.467 4.074 3.674 3.266 2.850 2.425 1.993 1.552 1.178 1.170 1.160 1.229 1.308 1.386 1.464 1.540 1.616 1.691 1.765 1.839 1.929 2.112 2.313 2.532 2.768 3.023 3.295 3.585 3.893 4.219 4.563 4.924 5.225 5.175 5.105 5.017 4.909 4.782 4.636 4.471 4.287 4.084 3.861 3.619 3.396
3.308 4.232 5.124 5.972 6.777 7.539 8.257 8.931 9.562 10.150 10.694 11.195 11.653 10.999 10.386 9.813 9.280 8.787 8.335 7.923 7.552 7.221 6.930 6.679 6.467 6.078 5.682 5.278 4.865 4.445 4.016 3.580 3.186 2.803 2.432 2.073 1.735 1.814 1.891 1.968 2.044 2.119 2.194 2.268 2.341 2.413 2.484 2.555 2.631 2.876 3.139 3.420 3.719 4.036 4.370 4.722 5.092 5.480 5.886 6.310 6.724 6.607 6.471 6.315 6.140 5.947 5.734 5.502 5.250 4.980 4.691 4.382 4.068
3.893 4.557 5.296 5.992 6.645 7.254 7.820 8.343 8.822 9.258 9.651 10.000 10.305 9.915 9.443 9.011 8.619 8.268 7.957 7.686 7.456 7.266 7.116 7.007 6.933 6.545 6.120 5.708 5.307 4.918 4.540 4.175 3.822 3.480 3.151 2.833 2.527 2.558 2.633 2.707 2.780 2.852 2.924 2.995 3.065 3.134 3.203 3.271 3.338 3.621 3.947 4.290 4.651 5.029 5.426 5.840 6.272 6.722 7.190 7.676 8.179 8.056 7.852 7.630 7.388 7.128 6.848 6.549 6.231 5.894 5.538 5.162 4.768
4.475 4.928 5.515 6.060 6.560 7.018 7.432 7.803 8.130 8.414 8.655 8.853 9.007 8.789 8.458 8.167 7.917 7.744 7.667 7.588 7.509 7.429 7.349 7.267 7.185 6.879 6.496 6.124 5.765 5.417 5.081 4.757 4.445 4.145 3.857 3.580 3.316 3.302 3.374 3.445 3.515 3.585 3.654 3.722 3.789 3.856 3.922 3.987 4.051 4.348 4.735 5.140 5.563 6.004 6.463 6.939 7.433 7.945 8.475 9.023 9.588 9.521 9.251 8.962 8.653 8.326 7.979 7.613 7.228 6.825 6.401 5.959 5.498
5.055 5.346 5.782 6.174 6.523 6.829 7.091 7.310 7.486 7.619 7.791 8.037 8.271 8.331 8.254 8.176 8.097 8.017 7.937 7.856 7.774 7.691 7.607 7.523 7.437 7.200 6.858 6.528 6.210 5.903 5.609 5.326 5.055 4.796 4.549 4.314 4.091 4.045 4.114 4.183 4.250 4.317 4.383 4.449 4.513 4.577 4.640 4.703 4.764 5.056 5.505 5.972 6.457 6.960 7.481 8.019 8.575 9.149 9.741 10.350 10.977 11.003 10.666 10.310 9.935 9.540 9.127 8.694 8.243 7.772 7.282 6.774 6.246
5.632 5.811 6.095 6.379 6.670 6.948 7.213 7.466 7.706 7.934 8.148 8.351 8.540 8.616 8.536 8.455 8.373 8.291 8.208 8.123 8.039 7.953 7.866 7.779 7.690 7.508 7.207 6.919 6.642 6.377 6.123 5.882 5.653 5.435 5.229 5.035 4.853 4.788 4.855 4.920 4.985 5.049 5.113 5.175 5.237 5.298 5.359 5.418 5.477 5.745 6.256 6.785 7.332 7.897 8.480 9.080 9.698 10.334 10.987 11.659 12.348 12.502 12.098 11.675 11.233 10.772 10.292 9.793 9.208 8.512 7.819 7.127 6.437
6.439 6.530 6.801 7.060 7.307 7.541 7.762 7.970 8.166 8.349 8.519 8.677 8.822 8.902 8.819 8.735 8.651 8.565 8.479 8.392 8.304 8.215 8.126 8.035 7.944 7.804 7.544 7.297 7.061 6.837 6.625 6.425 6.237 6.061 5.896 5.743 5.602 5.531 5.595 5.658 5.720 5.781 5.842 5.902 5.961 6.019 6.077 6.134 6.190 6.415 6.989 7.580 8.188 8.815 9.460 10.122 10.802 11.499 12.215 12.948 13.699 13.898 13.198 12.498 11.801 11.105 10.410 9.717 9.026 8.336 7.648 6.961 6.276
7.395 7.313 7.540 7.755 7.957 8.146 8.323 8.487 8.638 8.777 8.903 9.016 9.117 9.189 9.103 9.016 8.928 8.840 8.751 8.661 8.570 8.478 8.386 8.292 8.198 8.086 7.868 7.662 7.468 7.285 7.114 6.955 6.808 6.673 6.550 6.438 6.339 6.274 6.335 6.395 6.455 6.513 6.571 6.628 6.684 6.740 6.795 6.849 6.902 7.067 7.702 8.355 9.026 9.714 10.349 10.920 11.472 12.005 12.518 13.012 13.486 13.678 12.983 12.289 11.597 10.906 10.217 9.529 8.843 8.158 7.476 6.794 6.114
