DATA/SHG/ECMWF/20170628/EN-3/20170701.en-3.asc
ncols        190
nrows        64
xllcorner    -5100000.000000000000
yllcorner    4130000.000000000000
cellsize     10000.000000000000
NODATA_value  -99999.000
[rows 0 to 32 of 64, columns 0 to 72 of 190]
1.391 1.454 1.518 1.584 1.651 1.720 1.790 1.861 1.934 2.030 2.139 2.252 2.370 2.493 2.621 2.754 2.892 3.035 3.184 3.361 3.543 3.571 3.527 3.481 3.434 3.384 3.333 3.280 3.225 3.168 3.110 3.049 2.987 3.000 3.057 3.110 3.158 3.201 3.239 3.272 3.301 3.325 3.344 3.358 3.368 3.374 3.387 3.411 3.446 3.490 3.545 3.611 3.686 3.773 3.869 3.976 4.093 4.309 4.642 4.987 5.343 5.710 6.089 6.480 6.882 7.296 7.721 8.158 8.606 8.840 8.704 8.561 8.409
1.382 1.450 1.520 1.590 1.663 1.736 1.811 1.887 1.964 2.069 2.195 2.326 2.521 2.715 2.905 3.093 3.277 3.458 3.636 3.810 3.981 4.033 3.983 3.930 3.876 3.820 3.763 3.703 3.642 3.579 3.514 3.447 3.379 3.362 3.402 3.438 3.469 3.495 3.517 3.533 3.545 3.552 3.554 3.552 3.544 3.554 3.604 3.665 3.735 3.816 3.908 4.010 4.122 4.244 4.377 4.520 4.674 4.901 5.274 5.659 6.056 6.464 6.883 7.314 7.757 8.211 8.677 9.154 9.643 9.978 9.813 9.640 9.458
1.373 1.446 1.520 1.595 1.684 1.827 1.978 2.137 2.304 2.486 2.678 2.867 3.053 3.235 3.414 3.590 3.763 3.933 4.099 4.262 4.422 4.496 4.439 4.381 4.320 4.258 4.194 4.128 4.060 3.991 3.919 3.847 3.772 3.729 3.752 3.771 3.785 3.794 3.799 3.798 3.793 3.783 3.769 3.749 3.725 3.724 3.810 3.907 4.014 4.132 4.259 4.397 4.546 4.705 4.874 5.053 5.243 5.481 5.894 6.320 6.757 7.205 7.665 8.136 8.619 9.114 9.620 10.138 10.435 10.619 10.194 9.782 9.383
1.525 1.665 1.812 1.967 2.130 2.301 2.480 2.666 2.860 3.055 3.236 3.413 3.587 3.758 3.926 4.091 4.252 4.410 4.565 4.717 4.865 4.960 4.897 4.832 4.765 4.696 4.626 4.554 4.480 4.404 4.326 4.247 4.166 4.099 4.106 4.108 4.105 4.098 4.085 4.068 4.046 4.019 3.988 3.952 3.910 3.883 4.006 4.139 4.282 4.436 4.600 4.775 4.959 5.154 5.360 5.575 5.802 6.048 6.502 6.968 7.434 7.766 8.083 8.385 8.671 8.943 9.200 9.441 9.668 9.880 9.510 9.143 8.790
1.852 2.019 2.194 2.377 2.567 2.766 2.972 3.185 3.407 3.627 3.796 3.962 4.125 4.284 4.441 4.594 4.744 4.890 5.034 5.174 5.311 5.426 5.356 5.285 5.211 5.136 5.059 4.981 4.900 4.818 4.734 4.649 4.561 4.475 4.465 4.450 4.430 4.405 4.376 4.342 4.303 4.260 4.211 4.158 4.100 4.038 4.191 4.360 4.540 4.730 4.930 5.141 5.362 5.586 5.775 5.939 6.079 6.196 6.500 6.809 7.103 7.382 7.647 7.896 8.130 8.349 8.553 8.743 8.917 9.076 8.815 8.494 8.185
2.170 2.365 2.567 2.777 2.995 3.221 3.454 3.696 3.945 4.201 4.358 4.513 4.664 4.813 4.958 5.099 5.238 5.373 5.505 5.634 5.760 5.882 5.816 5.738 5.659 5.577 5.494 5.409 5.322 5.234 5.144 5.052 4.958 4.862 4.827 4.795 4.759 4.718 4.671 4.621 4.565 4.505 4.439 4.369 4.295 4.215 4.402 4.675 4.924 5.149 5.349 5.526 5.678 5.806 5.910 5.989 6.045 6.076 6.289 6.545 6.787 7.014 7.225 7.422 7.604 7.771 7.922 8.059 8.181 8.287 8.109 7.833 7.569
2.479 2.701 2.931 3.169 3.414 3.667 3.928 4.197 4.473 4.757 4.924 5.067 5.207 5.344 5.477 5.608 5.735 5.859 5.979 6.097 6.211 6.322 6.278 6.194 6.108 6.020 5.930 5.839 5.746 5.651 5.554 5.456 5.356 5.254 5.194 5.146 5.092 5.034 4.971 4.984 5.044 5.087 5.116 5.128 5.125 5.105 5.241 5.429 5.593 5.733 5.848 5.940 6.007 6.050 6.068 6.063 6.033 5.979 6.092 6.297 6.486 6.660 6.819 6.964 7.093 7.207 7.306 7.391 7.460 7.514 7.391 7.160 6.942
2.779 3.029 3.286 3.551 3.823 4.104 4.392 4.688 4.992 5.303 5.491 5.623 5.752 5.877 5.999 6.118 6.234 6.347 6.456 6.562 6.665 6.765 6.740 6.650 6.557 6.463 6.367 6.270 6.170 6.069 5.966 5.861 5.874 5.941 6.030 6.113 6.180 6.231 6.266 6.286 6.290 6.278 6.251 6.208 6.149 6.074 6.103 6.206 6.285 6.340 6.370 6.376 6.359 6.317 6.251 6.160 6.046 5.907 5.911 6.063 6.200 6.321 6.428 6.520 6.597 6.659 6.706 6.738 6.755 6.757 6.663 6.477 6.304
3.070 3.347 3.631 3.924 4.224 4.532 4.847 5.171 5.502 5.840 6.062 6.182 6.299 6.413 6.524 6.632 6.736 6.838 6.936 7.030 7.122 7.211 7.204 7.107 7.009 6.991 6.997 7.020 7.060 7.119 7.195 7.289 7.400 7.529 7.624 7.651 7.662 7.658 7.638 7.602 7.551 7.483 7.400 7.302 7.187 7.057 6.988 7.006 7.000 6.970 6.915 6.837 6.734 6.607 6.456 6.281 6.082 5.858 5.744 5.844 5.928 5.998 6.052 6.091 6.116 6.126 6.120 6.100 6.064 6.014 5.924 5.783 5.655
3.352 3.656 3.968 4.287 4.615 4.950 5.293 5.644 6.002 6.368 6.635 6.744 6.850 6.952 7.052 7.148 7.241 7.332 7.437 7.560 7.700 7.857 7.968 7.982 8.014 8.064 8.131 8.216 8.319 8.439 8.577 8.733 8.906 9.097 9.232 9.203 9.159 9.099 9.023 8.932 8.825 8.702 8.564 8.410 8.240 8.054 7.896 7.829 7.738 7.623 7.484 7.320 7.133 6.921 6.685 6.426 6.142 5.833 5.593 5.640 5.672 5.689 5.691 5.678 5.650 5.607 5.550 5.477 5.389 5.287 5.173 5.077 4.994
3.624 3.956 4.295 4.642 4.997 5.359 5.730 6.107 6.493 6.887 7.189 7.233 7.295 7.374 7.471 7.585 7.717 7.866 8.032 8.216 8.418 8.636 8.835 8.911 9.005 9.116 9.246 9.393 9.557 9.739 9.939 10.157 10.392 10.644 10.853 10.769 10.670 10.554 10.423 10.276 10.114 9.936 9.742 9.532 9.307 9.066 8.826 8.675 8.499 8.299 8.075 7.827 7.555 7.258 6.938 6.593 6.225 5.832 5.456 5.450 5.430 5.395 5.344 5.279 5.199 5.104 4.994 4.870 4.730 4.575 4.412 4.361 4.323
3.888 4.247 4.613 4.985 5.348 5.701 6.042 6.371 6.690 6.998 7.274 7.380 7.503 7.644 7.802 7.977 8.170 8.381 8.608 8.854 9.116 9.396 9.682 9.820 9.976 10.149 10.340 10.549 10.775 11.019 11.281 11.560 11.857 12.171 12.489 12.349 12.194 12.023 11.837 11.634 11.417 11.183 10.934 10.669 10.388 10.092 9.780 9.543 9.283 8.998 8.690 8.357 8.000 7.619 7.214 6.785 6.332 5.854 5.353 5.276 5.203 5.116 5.013 4.896 4.763 4.616 4.454 4.332 4.250 4.170 4.092 4.150 4.212
4.262 4.619 4.966 5.301 5.625 5.938 6.240 6.530 6.810 7.079 7.336 7.507 7.692 7.894 8.113 8.350 8.604 8.876 9.165 9.471 9.795 10.136 10.495 10.709 10.926 11.162 11.414 11.685 11.973 12.279 12.602 12.943 13.301 13.678 14.071 13.943 13.732 13.506 13.264 13.007 12.734 12.445 12.140 11.820 11.484 11.133 10.765 10.435 10.090 9.720 9.327 8.910 8.468 8.003 7.513 7.000 6.462 5.900 5.315 5.116 5.015 4.924 4.835 4.749 4.665 4.584 4.505 4.429 4.355 4.284 4.216 4.233 4.266
4.706 5.025 5.332 5.628 5.913 6.187 6.449 6.701 6.942 7.171 7.389 7.616 7.862 8.125 8.406 8.704 9.019 9.352 9.702 10.070 10.454 10.857 11.276 11.578 11.857 12.154 12.469 12.801 13.151 13.518 13.903 14.306 14.726 15.164 15.619 15.550 15.285 15.003 14.706 14.393 14.065 13.720 13.361 12.985 12.594 12.187 11.765 11.349 10.919 10.466 9.988 9.486 8.960 8.350 7.735 7.130 6.535 5.949 5.373 5.133 5.048 4.966 4.886 4.808 4.733 4.661 4.591 4.524 4.459 4.396 4.336 4.323 4.328
5.162 5.442 5.710 5.967 6.213 6.447 6.671 6.884 7.085 7.276 7.455 7.706 8.013 8.337 8.679 9.038 9.415 9.809 10.220 10.648 11.094 11.558 12.039 12.427 12.768 13.127 13.503 13.897 14.308 14.737 15.184 15.648 16.130 16.629 17.146 17.172 16.851 16.514 16.161 15.793 15.410 15.010 14.595 14.165 13.718 13.256 12.586 11.939 11.301 10.672 10.053 9.443 8.843 8.252 7.671 7.099 6.537 5.984 5.441 5.156 5.079 5.006 4.934 4.866 4.799 4.736 4.675 4.616 4.560 4.506 4.455 4.422 4.397
5.630 5.870 6.099 6.317 6.524 6.720 6.904 7.078 7.240 7.392 7.532 7.776 8.145 8.530 8.933 9.353 9.791 10.246 10.718 11.208 11.715 12.239 12.781 13.257 13.659 14.080 14.518 14.973 15.446 15.937 16.445 16.970 17.514 18.075 18.653 18.807 18.431 18.039 17.574 16.788 16.034 15.313 14.625 13.970 13.347 12.757 12.199 11.633 11.028 10.432 9.846 9.269 8.702 8.145 7.597 7.058 6.529 6.010 5.500 5.175 5.108 5.043 4.980 4.920 4.863 4.808 4.755 4.705 4.658 4.613 4.570 4.527 4.474
6.109 6.310 6.500 6.679 6.847 7.003 7.149 7.284 7.407 7.520 7.621 7.828 8.258 8.704 9.168 9.649 10.148 10.664 11.197 11.748 12.316 12.901 13.504 14.066 14.531 15.013 15.512 16.029 16.564 17.116 17.685 18.147 18.318 18.473 18.612 18.450 17.680 16.943 16.239 15.567 14.928 14.322 13.749 13.208 12.699 12.224 11.781 11.318 10.746 10.183 9.631 9.087 8.553 8.029 7.514 7.008 6.513 6.026 5.549 5.193 5.134 5.078 5.024 4.973 4.924 4.878 4.834 4.793 4.754 4.717 4.684 4.641 4.559
6.600 6.762 6.913 7.052 7.181 7.299 7.406 7.501 7.586 7.659 7.722 7.861 8.351 8.859 9.384 9.926 10.486 11.063 11.657 12.269 12.898 13.544 14.208 14.856 15.245 15.472 15.683 15.878 16.057 16.220 16.368 16.499 16.614 16.714 16.798 16.740 16.085 15.462 14.873 14.316 13.791 13.299 12.840 12.414 12.020 11.659 11.330 10.994 10.455 9.926 9.406 8.896 8.395 7.904 7.422 6.950 6.487 6.034 5.590 5.208 5.158 5.110 5.065 5.023 4.983 4.945 4.910 4.877 4.847 4.820 4.794 4.761 4.651
7.102 7.225 7.337 7.437 7.527 7.606 7.674 7.731 7.776 7.811 7.835 7.875 8.426 8.995 9.581 10.184 10.805 11.326 11.774 12.209 12.632 13.042 13.439 13.817 14.004 14.175 14.331 14.470 14.594 14.702 14.793 14.869 14.929 14.974 15.002 14.999 14.458 13.951 13.475 13.033 12.623 12.245 11.901 11.588 11.309 11.062 10.848 10.661 10.155 9.659 9.173 8.695 8.228 7.770 7.321 6.882 6.452 6.032 5.621 5.221 5.179 5.140 5.104 5.070 5.039 5.010 4.983 4.959 4.938 4.919 4.903 4.889 4.751
7.615 7.699 7.772 7.834 7.885 7.925 7.954 7.972 7.979 7.974 7.883 7.765 8.185 8.652 9.106 9.548 9.977 10.394 10.798 11.189 11.568 11.934 12.287 12.628 12.781 12.897 12.997 13.081 13.149 13.201 13.238 13.258 13.263 13.252 13.225 13.182 12.801 12.408 12.047 11.719 11.423 11.160 10.929 10.731 10.566 10.434 10.333 10.266 9.847 9.384 8.930 8.486 8.052 7.627 7.211 6.805 6.408 6.021 5.643 5.275 5.198 5.168 5.140 5.115 5.092 5.072 5.054 5.039 5.026 5.016 5.008 5.003 4.859
8.140 8.185 8.219 8.143 8.057 7.962 7.857 7.744 7.622 7.490 7.350 7.200 7.487 7.910 8.321 8.718 9.104 9.476 9.836 10.184 10.518 10.841 11.150 11.447 11.576 11.637 11.681 11.710 11.723 11.720 11.701 11.666 11.616 11.549 11.467 11.369 11.113 10.834 10.587 10.373 10.192 10.043 9.927 9.843 9.792 9.773 9.787 9.834 9.529 9.099 8.679 8.268 7.866 7.474 7.092 6.719 6.355 6.001 5.656 5.321 5.215 5.193 5.174 5.158 5.144 5.132 5.123 5.090 5.015 4.938 4.860 4.779 4.591
8.143 8.052 7.952 7.843 7.725 7.598 7.462 7.317 7.163 6.999 6.827 6.645 6.804 7.183 7.549 7.903 8.245 8.573 8.889 9.193 9.484 9.762 10.028 10.281 10.390 10.395 10.384 10.357 10.315 10.257 10.182 10.092 9.987 9.865 9.727 9.574 9.394 9.229 9.096 8.997 8.929 8.895 8.892 8.923 8.986 9.081 9.209 9.370 9.203 8.806 8.419 8.041 7.672 7.313 6.964 6.624 6.293 5.972 5.660 5.358 5.202 5.133 5.063 4.990 4.916 4.840 4.763 4.683 4.602 4.519 4.435 4.348 4.196
7.950 7.827 7.695 7.554 7.405 7.246 7.078 6.900 6.714 6.519 6.314 6.101 6.135 6.470 6.793 7.103 7.400 7.685 7.957 8.217 8.464 8.698 8.920 9.130 9.222 9.171 9.105 9.023 8.926 8.812 8.683 8.537 8.376 8.199 8.007 7.798 7.644 7.593 7.575 7.589 7.636 7.715 7.827 7.971 8.148 8.357 8.599 8.874 8.868 8.504 8.149 7.805 7.469 7.107 6.734 6.373 6.022 5.684 5.356 5.040 4.840 4.765 4.688 4.610 4.530 4.448 4.364 4.279 4.192 4.103 4.012 3.920 3.792
7.767 7.612 7.449 7.276 7.094 6.903 6.703 6.494 6.276 6.049 5.813 5.567 5.480 5.772 6.050 6.316 6.570 6.811 7.039 7.255 7.458 7.649 7.827 7.993 8.072 7.966 7.845 7.708 7.555 7.386 7.201 7.001 6.785 6.552 6.304 6.041 5.863 5.926 6.022 6.150 6.311 6.504 6.730 6.988 7.279 7.602 7.943 8.266 8.351 7.961 7.582 7.215 6.859 6.515 6.182 5.860 5.550 5.251 4.963 4.687 4.480 4.399 4.316 4.232 4.146 4.058 3.968 3.876 3.783 3.688 3.592 3.493 3.382
7.595 7.408 7.213 7.008 6.794 6.572 6.340 6.099 5.849 5.590 5.322 5.044 4.840 5.087 5.322 5.545 5.754 5.951 6.136 6.308 6.468 6.615 6.749 6.871 6.940 6.779 6.603 6.410 6.202 5.978 5.738 5.483 5.211 4.924 4.621 4.302 4.051 4.228 4.438 4.824 5.213 5.583 5.935 6.268 6.582 6.878 7.155 7.413 7.550 7.199 6.861 6.533 6.217 5.912 5.619 5.337 5.066 4.807 4.559 4.323 4.122 4.035 3.946 3.856 3.764 3.670 3.574 3.476 3.377 3.276 3.173 3.069 2.963
7.432 7.214 6.987 6.750 6.505 6.250 5.987 5.714 5.432 5.141 4.841 4.532 4.214 4.418 4.609 4.787 4.953 5.107 5.247 5.376 5.492 5.595 5.686 5.764 5.826 5.610 5.379 5.131 4.868 4.589 4.294 3.987 3.863 3.744 3.630 3.520 3.426 3.806 4.168 4.510 4.834 5.140 5.426 5.694 5.944 6.175 6.387 6.580 6.738 6.428 6.129 5.841 5.564 5.299 5.046 4.803 4.573 4.353 4.145 3.948 3.767 3.674 3.579 3.482 3.384 3.284 3.182 3.079 2.973 2.866 2.758 2.647 2.537
7.286 7.031 6.771 6.503 6.226 5.939 5.644 5.339 5.026 4.703 4.371 4.030 3.680 3.762 3.909 4.044 4.166 4.276 4.373 4.458 4.530 4.590 4.637 4.671 4.713 4.611 4.476 4.345 4.219 4.098 3.981 3.869 3.761 3.658 3.559 3.466 3.376 3.642 3.938 4.216 4.475 4.716 4.937 5.141 5.325 5.491 5.639 5.767 5.877 5.646 5.386 5.138 4.902 4.676 4.462 4.260 4.068 3.888 3.720 3.563 3.417 3.314 3.213 3.111 3.006 2.900 2.792 2.683 2.572 2.459 2.344 2.227 2.109
7.163 6.857 6.566 6.266 5.957 5.639 5.311 4.975 4.630 4.275 3.912 3.539 3.158 3.121 3.224 3.315 3.394 3.502 3.686 3.855 4.008 4.144 4.265 4.369 4.458 4.392 4.273 4.158 4.048 3.943 3.842 3.746 3.654 3.567 3.484 3.407 3.333 3.497 3.728 3.941 4.135 4.311 4.468 4.606 4.726 4.827 4.910 4.974 5.019 4.854 4.634 4.426 4.229 4.043 3.869 3.706 3.554 3.414 3.285 3.167 3.061 2.957 2.850 2.741 2.631 2.519 2.405 2.290 2.172 2.053 1.932 1.810 1.686
7.064 6.694 6.371 6.039 5.699 5.349 4.990 4.621 4.244 3.858 3.521 3.251 2.986 2.981 3.174 3.350 3.511 3.656 3.784 3.897 3.993 4.074 4.139 4.187 4.220 4.168 4.065 3.966 3.872 3.783 3.698 3.618 3.542 3.471 3.405 3.343 3.286 3.371 3.538 3.686 3.815 3.926 4.018 4.091 4.146 4.183 4.201 4.200 4.180 4.051 3.871 3.703 3.545 3.399 3.264 3.141 3.029 2.928 2.839 2.761 2.694 2.602 2.489 2.374 2.258 2.140 2.020 1.898 1.775 1.650 1.523 1.395 1.264
6.988 6.541 6.187 5.868 5.579 5.295 5.017 4.744 4.476 4.215 3.958 3.707 3.462 3.376 3.512 3.633 3.737 3.826 3.899 3.955 3.996 4.021 4.030 4.022 3.999 3.940 3.853 3.770 3.692 3.619 3.550 3.486 3.426 3.371 3.321 3.275 3.233 3.264 3.366 3.449 3.514 3.560 3.587 3.596 3.586 3.558 3.511 3.445 3.361 3.239 3.098 2.969 2.852 2.745 2.650 2.566 2.494 2.433 2.383 2.344 2.317 2.249 2.130 2.009 1.887 1.763 1.637 1.509 1.413 1.379 1.358 1.351 1.358
7.195 6.723 6.442 6.166 5.896 5.631 5.372 5.118 4.869 4.627 4.389 4.157 3.931 3.787 3.867 3.932 3.981 4.013 4.030 4.031 4.016 3.985 3.937 3.874 3.795 3.707 3.636 3.570 3.508 3.450 3.398 3.349 3.306 3.266 3.232 3.202 3.176 3.177 3.213 3.232 3.232 3.213 3.176 3.120 3.045 2.952 2.841 2.710 2.562 2.416 2.315 2.226 2.148 2.081 2.025 1.981 1.948 1.927 1.916 1.917 1.930 1.913 1.830 1.760 1.705 1.663 1.635 1.621 1.621 1.634 1.661 1.703 1.757
7.551 6.976 6.714 6.457 6.206 5.960 5.720 5.485 5.256 5.032 4.814 4.601 4.394 4.214 4.239 4.248 4.241 4.218 4.178 4.123 4.052 3.965 3.862 3.743 3.608 3.471 3.415 3.365 3.319 3.277 3.240 3.208 3.180 3.157 3.139 3.125 3.115 3.108 3.080 3.034 2.969 2.885 2.783 2.663 2.524 2.366 2.190 1.995 1.782 1.584 1.522 1.472 1.434 1.406 1.538 1.734 1.874 1.958 1.988 1.962 1.881 1.771 1.736 1.714 1.707 1.713 1.733 1.767 1.815 1.876 1.951 2.040 2.143
7.930 7.262 6.980 6.743 6.510 6.284 6.062 5.847 5.636 5.432 5.232 5.038 4.850 4.667 4.628 4.580 4.517 4.438 4.343 4.232 4.106 3.963 3.804 3.629 3.439 3.232 3.190 3.155 3.125 3.100 3.079 3.062 3.051 3.043 3.041 3.043 3.049 3.058 2.966 2.855 2.725 2.577 2.410 2.225 2.021 1.799 1.559 1.560 1.702 1.881 2.160 2.384 2.553 2.666 2.724 2.726 2.674 2.566 2.403 2.185 1.911 1.615 1.628 1.655 1.695 1.750 1.818 1.900 1.995 2.105 2.228 2.365 2.516
