DATA/SHG/ECMWF/20170628/EN-3/20170628.en-3.asc
ncols        190
nrows        64
xllcorner    -5100000.000000000000
yllcorner    4130000.000000000000
cellsize     10000.000000000000
NODATA_value  -99999.000
[rows 0 to 31 of 64, columns 0 to 72 of 190]
3.567 3.833 4.079 4.304 4.509 4.694 4.858 5.002 5.126 4.942 4.678 4.428 4.193 3.972 3.766 3.574 3.397 3.235 3.087 3.020 2.976 3.426 4.094 4.749 5.389 6.017 6.631 7.231 7.819 8.392 8.952 9.499 10.033 10.008 9.637 9.276 8.924 8.582 8.249 7.927 7.613 7.310 7.015 6.731 6.456 6.320 6.307 6.303 6.307 6.321 6.343 6.374 6.414 6.463 6.521 6.587 6.663 6.837 7.108 7.359 7.591 7.804 7.998 8.173 8.329 8.465 8.583 8.681 8.760 8.795 8.790 8.792 8.803
2.997 3.192 3.366 3.519 3.652 3.765 3.858 3.930 3.982 3.860 3.648 3.450 3.403 3.361 3.318 3.275 3.231 3.187 3.143 3.098 3.053 3.370 3.990 4.598 5.191 5.771 6.338 6.892 7.431 7.958 8.471 8.971 9.457 9.552 9.215 8.887 8.569 8.261 7.962 7.673 7.394 7.124 6.863 6.613 6.372 6.234 6.252 6.279 6.315 6.360 6.413 6.475 6.546 6.626 6.715 6.813 6.919 7.066 7.269 7.453 7.618 7.764 7.891 7.998 8.087 8.156 8.207 8.238 8.250 8.251 8.273 8.303 8.341
2.451 2.573 2.675 2.757 2.840 3.008 3.181 3.358 3.540 3.621 3.578 3.535 3.492 3.448 3.403 3.359 3.314 3.268 3.222 3.176 3.129 3.327 3.901 4.461 5.007 5.540 6.060 6.566 7.059 7.538 8.004 8.457 8.896 9.087 8.783 8.490 8.206 7.931 7.666 7.411 7.165 6.929 6.702 6.485 6.278 6.140 6.189 6.247 6.314 6.389 6.474 6.567 6.669 6.780 6.900 7.029 7.166 7.312 7.448 7.565 7.663 7.742 7.802 7.842 7.864 7.866 7.850 7.814 7.843 7.907 8.038 8.161 8.274
2.131 2.297 2.467 2.642 2.822 3.006 3.195 3.389 3.587 3.714 3.670 3.625 3.580 3.535 3.489 3.443 3.397 3.350 3.302 3.254 3.206 3.299 3.825 4.338 4.837 5.323 5.796 6.255 6.700 7.133 7.552 7.957 8.349 8.613 8.343 8.083 7.833 7.592 7.361 7.139 6.927 6.724 6.531 6.348 6.174 6.037 6.117 6.206 6.304 6.411 6.526 6.650 6.784 6.926 7.076 7.236 7.405 7.577 7.646 7.696 7.721 7.679 7.659 7.661 7.684 7.729 7.796 7.884 7.995 8.126 8.226 8.315 8.395
2.042 2.224 2.411 2.602 2.798 2.999 3.205 3.415 3.630 3.807 3.762 3.716 3.669 3.623 3.575 3.528 3.480 3.431 3.382 3.333 3.283 3.285 3.764 4.229 4.682 5.120 5.546 5.958 6.356 6.742 7.114 7.472 7.817 8.129 7.893 7.667 7.451 7.243 7.046 6.858 6.680 6.511 6.351 6.202 6.062 5.931 6.036 6.156 6.285 6.423 6.569 6.725 6.889 7.038 7.107 7.167 7.219 7.262 7.239 7.230 7.242 7.277 7.333 7.411 7.510 7.632 7.775 7.939 8.126 8.334 8.422 8.478 8.524
1.947 2.146 2.349 2.557 2.770 2.987 3.209 3.436 3.667 3.901 3.854 3.807 3.759 3.710 3.662 3.613 3.563 3.513 3.463 3.412 3.361 3.310 3.716 4.135 4.540 4.932 5.310 5.675 6.027 6.365 6.690 7.001 7.300 7.584 7.435 7.242 7.059 6.886 6.722 6.568 6.423 6.288 6.162 6.046 5.939 5.842 5.931 6.030 6.121 6.203 6.276 6.341 6.397 6.445 6.484 6.514 6.535 6.548 6.587 6.655 6.743 6.854 6.986 7.140 7.316 7.514 7.733 7.973 8.236 8.520 8.626 8.649 8.663
1.847 2.062 2.282 2.507 2.736 2.970 3.208 3.451 3.699 3.952 3.947 3.898 3.848 3.799 3.748 3.698 3.647 3.596 3.544 3.492 3.439 3.386 3.683 4.055 4.413 4.757 5.089 5.407 5.712 6.003 6.281 6.545 6.796 7.034 6.967 6.808 6.659 6.519 6.389 6.272 6.157 6.040 5.921 5.798 5.673 5.545 5.558 5.628 5.688 5.740 5.783 5.818 5.844 5.861 5.870 5.870 5.861 5.844 5.916 6.059 6.224 6.411 6.619 6.850 7.101 7.375 7.670 7.987 8.325 8.685 8.840 8.829 8.810
1.742 1.974 2.210 2.451 2.697 2.947 3.202 3.462 3.726 3.995 4.040 3.989 3.938 3.887 3.836 3.784 3.731 3.678 3.625 3.571 3.517 3.463 3.664 3.988 4.299 4.597 4.882 5.153 5.411 5.655 5.886 6.104 6.333 6.568 6.594 6.484 6.371 6.255 6.137 6.015 5.892 5.765 5.636 5.504 5.370 5.232 5.196 5.234 5.265 5.286 5.299 5.304 5.299 5.286 5.265 5.235 5.196 5.149 5.224 5.443 5.685 5.948 6.232 6.538 6.866 7.215 7.586 7.979 8.394 8.830 9.061 9.018 8.966
1.632 1.880 2.133 2.391 2.653 2.920 3.191 3.467 3.748 4.033 4.133 4.081 4.029 3.976 3.923 3.869 3.816 3.761 3.707 3.651 3.596 3.540 3.659 3.936 4.200 4.445 4.687 4.927 5.165 5.400 5.634 5.865 6.094 6.321 6.388 6.268 6.146 6.021 5.893 5.762 5.629 5.493 5.355 5.213 5.070 4.923 4.842 4.851 4.851 4.842 4.825 4.799 4.764 4.721 4.670 4.609 4.540 4.463 4.512 4.808 5.125 5.464 5.824 6.206 6.610 7.035 7.482 7.951 8.441 8.953 9.292 9.216 9.130
1.517 1.782 2.051 2.325 2.604 2.887 3.175 3.467 3.765 4.066 4.226 4.173 4.119 4.065 4.011 3.956 3.900 3.840 3.747 3.660 3.578 3.502 3.545 3.786 4.025 4.261 4.496 4.728 4.958 5.186 5.412 5.636 5.858 6.077 6.185 6.056 5.924 5.789 5.652 5.512 5.370 5.224 5.076 4.926 4.773 4.617 4.497 4.476 4.446 4.407 4.359 4.303 4.239 4.166 4.084 3.993 3.894 3.786 3.780 4.152 4.545 4.960 5.396 5.854 6.334 6.835 7.358 7.902 8.468 9.056 9.531 9.422 9.303
1.397 1.678 1.964 2.255 2.550 2.849 3.154 3.463 3.776 4.094 4.301 4.188 4.082 3.981 3.885 3.796 3.711 3.633 3.560 3.493 3.431 3.375 3.386 3.619 3.850 4.080 4.307 4.532 4.754 4.975 5.193 5.409 5.624 5.836 5.985 5.846 5.705 5.561 5.415 5.265 5.113 4.959 4.801 4.641 4.479 4.313 4.162 4.110 4.050 3.981 3.903 3.817 3.722 3.619 3.507 3.387 3.257 3.120 3.028 3.475 3.945 4.435 4.948 5.481 6.037 6.614 7.212 7.833 8.474 9.138 9.779 9.636 9.485
1.272 1.570 1.872 2.173 2.462 2.741 3.010 3.268 3.517 3.755 3.949 3.857 3.770 3.689 3.613 3.544 3.479 3.421 3.368 3.320 3.278 3.242 3.229 3.455 3.679 3.901 4.120 4.337 4.553 4.766 4.977 5.185 5.392 5.597 5.788 5.640 5.489 5.336 5.180 5.021 4.860 4.696 4.529 4.360 4.188 4.013 3.836 3.754 3.663 3.564 3.456 3.340 3.215 3.082 2.940 2.789 2.630 2.462 2.286 2.779 3.324 3.891 4.479 5.088 5.720 6.372 7.047 7.756 8.470 9.173 9.864 9.776 9.634
1.201 1.485 1.758 2.022 2.275 2.518 2.751 2.974 3.186 3.388 3.581 3.520 3.453 3.392 3.336 3.286 3.241 3.203 3.169 3.142 3.120 3.103 3.093 3.293 3.510 3.724 3.936 4.146 4.354 4.559 4.763 4.964 5.163 5.360 5.555 5.437 5.277 5.114 4.949 4.781 4.610 4.437 4.261 4.082 3.900 3.716 3.530 3.406 3.286 3.156 3.019 2.872 2.717 2.554 2.382 2.201 2.012 1.814 1.607 2.063 2.784 3.539 4.283 5.016 5.736 6.445 7.142 7.827 8.500 9.162 9.812 9.862 9.762
1.168 1.416 1.654 1.882 2.099 2.307 2.504 2.690 2.867 3.034 3.190 3.177 3.130 3.089 3.053 3.023 2.998 2.979 2.966 2.958 2.956 2.959 2.968 3.134 3.343 3.550 3.754 3.957 4.157 4.355 4.551 4.745 4.937 5.126 5.313 5.237 5.067 4.895 4.720 4.543 4.363 4.180 3.995 3.807 3.616 3.423 3.227 3.068 2.917 2.758 2.590 2.414 2.229 2.165 2.122 2.078 2.033 1.986 1.938 2.426 3.153 3.867 4.570 5.261 5.941 6.609 7.265 7.909 8.541 9.162 9.771 9.935 9.879
1.147 1.359 1.561 1.753 1.935 2.106 2.268 2.419 2.560 2.690 2.811 2.829 2.802 2.780 2.764 2.754 2.749 2.750 2.756 2.768 2.786 2.809 2.838 2.977 3.179 3.378 3.575 3.770 3.963 4.153 4.342 4.528 4.712 4.895 5.074 5.040 4.861 4.679 4.495 4.309 4.119 3.927 3.732 3.535 3.335 3.132 3.049 2.999 2.960 2.919 2.877 2.834 2.789 2.743 2.695 2.646 2.595 2.544 2.490 2.847 3.532 4.206 4.868 5.518 6.157 6.783 7.398 8.002 8.593 9.173 9.741 9.997 9.984
1.137 1.314 1.480 1.636 1.782 1.917 2.043 2.158 2.263 2.358 2.443 2.476 2.468 2.466 2.470 2.479 2.494 2.515 2.541 2.573 2.610 2.653 2.701 2.823 3.017 3.209 3.398 3.586 3.771 3.954 4.135 4.314 4.491 4.666 4.838 4.845 4.657 4.467 4.277 4.123 3.989 3.876 3.784 3.713 3.662 3.632 3.622 3.607 3.563 3.518 3.471 3.422 3.372 3.321 3.268 3.214 3.159 3.102 3.044 3.278 3.922 4.555 5.176 5.786 6.383 6.969 7.543 8.106 8.656 9.195 9.723 10.047 10.077
1.138 1.279 1.410 1.530 1.640 1.740 1.830 1.909 1.979 2.038 2.087 2.116 2.129 2.147 2.170 2.199 2.234 2.274 2.320 2.371 2.429 2.491 2.560 2.671 2.857 3.042 3.224 3.404 3.582 3.757 3.931 4.102 4.266 4.422 4.570 4.619 4.475 4.352 4.249 4.167 4.106 4.066 4.046 4.047 4.069 4.111 4.174 4.217 4.167 4.117 4.065 4.011 3.956 3.900 3.842 3.783 3.723 3.661 3.598 3.720 4.323 4.915 5.495 6.064 6.620 7.165 7.699 8.220 8.730 9.228 9.715 10.086 10.158
1.151 1.256 1.350 1.435 1.509 1.574 1.628 1.672 1.705 1.729 1.743 1.752 1.784 1.821 1.865 1.913 1.968 2.028 2.094 2.165 2.242 2.324 2.412 2.521 2.708 2.898 3.080 3.255 3.422 3.582 3.735 3.880 4.018 4.148 4.270 4.352 4.281 4.230 4.200 4.191 4.202 4.234 4.287 4.360 4.454 4.569 4.704 4.826 4.772 4.716 4.659 4.601 4.541 4.480 4.417 4.353 4.288 4.221 4.153 4.172 4.735 5.286 5.825 6.353 6.869 7.373 7.865 8.346 8.815 9.272 9.718 10.113 10.228
1.174 1.244 1.303 1.351 1.390 1.419 1.437 1.445 1.444 1.432 1.409 1.382 1.433 1.491 1.554 1.622 1.696 1.798 1.914 2.030 2.147 2.265 2.384 2.506 2.677 2.840 2.997 3.145 3.287 3.421 3.547 3.666 3.778 3.882 3.978 4.065 4.066 4.088 4.130 4.193 4.277 4.381 4.506 4.652 4.818 5.005 5.213 5.436 5.377 5.316 5.254 5.191 5.126 5.060 4.992 4.923 4.853 4.781 4.708 4.635 5.157 5.667 6.165 6.652 7.127 7.591 8.042 8.482 8.911 9.327 9.732 10.125 10.286
1.209 1.243 1.266 1.279 1.282 1.275 1.258 1.231 1.193 1.145 1.126 1.108 1.209 1.323 1.438 1.555 1.671 1.789 1.907 2.027 2.146 2.267 2.389 2.511 2.653 2.791 2.921 3.044 3.159 3.267 3.367 3.460 3.545 3.624 3.694 3.757 3.830 3.924 4.039 4.174 4.330 4.507 4.704 4.922 5.161 5.420 5.700 6.000 5.983 5.917 5.850 5.782 5.712 5.641 5.568 5.494 5.419 5.342 5.264 5.184 5.590 6.059 6.517 6.963 7.397 7.820 8.231 8.630 9.017 9.393 9.757 10.110 10.332
1.255 1.253 1.240 1.249 1.251 1.248 1.239 1.224 1.204 1.178 1.146 1.108 1.185 1.302 1.420 1.539 1.659 1.779 1.900 2.022 2.145 2.268 2.392 2.517 2.637 2.749 2.853 2.950 3.039 3.121 3.195 3.262 3.321 3.373 3.418 3.455 3.574 3.740 3.927 4.135 4.363 4.612 4.881 5.171 5.482 5.814 6.165 6.538 6.589 6.518 6.446 6.373 6.298 6.222 6.144 6.066 5.985 5.903 5.820 5.736 6.033 6.462 6.878 7.284 7.677 8.059 8.429 8.749 8.996 9.230 9.453 9.665 9.808
1.436 1.435 1.429 1.417 1.399 1.376 1.347 1.312 1.271 1.224 1.172 1.114 1.161 1.281 1.402 1.523 1.645 1.769 1.892 2.017 2.142 2.268 2.395 2.523 2.629 2.715 2.793 2.863 2.927 2.982 3.031 3.072 3.105 3.131 3.150 3.161 3.296 3.535 3.794 4.074 4.375 4.696 5.037 5.400 5.782 6.186 6.610 7.055 7.196 7.120 7.043 6.965 6.885 6.804 6.721 6.638 6.552 6.466 6.377 6.288 6.436 6.724 7.000 7.264 7.516 7.757 7.986 8.204 8.410 8.604 8.787 8.957 9.102
1.671 1.650 1.624 1.592 1.554 1.510 1.460 1.405 1.344 1.277 1.205 1.126 1.136 1.258 1.382 1.506 1.631 1.757 1.884 2.011 2.139 2.268 2.397 2.528 2.629 2.688 2.741 2.785 2.822 2.852 2.875 2.890 2.897 2.897 2.890 2.875 2.998 3.309 3.641 3.993 4.365 4.758 5.172 5.607 6.061 6.537 7.033 7.550 7.803 7.723 7.641 7.557 7.473 7.293 7.069 6.857 6.660 6.476 6.306 6.149 6.186 6.433 6.668 6.892 7.104 7.304 7.493 7.670 7.836 7.989 8.132 8.262 8.394
1.913 1.872 1.825 1.772 1.714 1.650 1.580 1.505 1.423 1.336 1.243 1.145 1.110 1.235 1.361 1.488 1.616 1.745 1.874 2.004 2.135 2.266 2.399 2.532 2.636 2.670 2.696 2.715 2.726 2.730 2.726 2.715 2.697 2.671 2.638 2.597 2.680 3.063 3.466 3.890 4.335 4.800 5.286 5.792 6.319 6.867 7.315 7.713 7.895 7.649 7.417 7.199 6.995 6.804 6.627 6.463 6.313 6.177 6.054 5.945 5.948 6.154 6.349 6.532 6.703 6.863 7.012 7.148 7.273 7.387 7.489 7.579 7.683
2.160 2.099 2.032 1.959 1.880 1.796 1.706 1.610 1.509 1.401 1.288 1.169 1.083 1.211 1.340 1.470 1.600 1.732 1.864 1.996 2.130 2.264 2.399 2.535 2.652 2.659 2.659 2.652 2.637 2.615 2.586 2.549 2.505 2.453 2.394 2.327 2.340 2.795 3.271 3.743 4.198 4.637 5.059 5.465 5.854 6.226 6.583 6.922 7.154 6.956 6.772 6.602 6.445 6.302 6.172 6.056 5.954 5.865 5.790 5.729 5.720 5.886 6.041 6.183 6.315 6.434 6.542 6.638 6.723 6.796 6.857 6.907 6.971
2.410 2.332 2.245 2.152 2.053 1.948 1.838 1.722 1.600 1.473 1.339 1.200 1.056 1.186 1.318 1.450 1.584 1.718 1.852 1.988 2.124 2.261 2.399 2.537 2.675 2.656 2.631 2.597 2.557 2.509 2.453 2.391 2.342 2.291 2.238 2.183 2.137 2.584 3.015 3.429 3.827 4.208 4.573 4.921 5.253 5.568 5.867 6.150 6.401 6.251 6.115 5.992 5.882 5.787 5.705 5.636 5.582 5.540 5.513 5.499 5.505 5.630 5.744 5.847 5.937 6.016 6.084 6.140 6.184 6.217 6.238 6.247 6.256
2.619 2.571 2.464 2.351 2.232 2.107 1.976 1.840 1.698 1.550 1.397 1.237 1.072 1.161 1.295 1.430 1.566 1.703 1.840 1.978 2.117 2.257 2.397 2.539 2.681 2.665 2.621 2.576 2.528 2.478 2.426 2.372 2.316 2.257 2.196 2.133 2.067 2.402 2.775 3.132 3.472 3.796 4.104 4.395 4.669 4.927 5.169 5.395 5.603 5.533 5.444 5.369 5.307 5.259 5.225 5.204 5.197 5.203 5.223 5.257 5.304 5.386 5.459 5.521 5.572 5.610 5.638 5.653 5.657 5.650 5.630 5.600 5.557
2.822 2.817 2.689 2.556 2.416 2.271 2.121 1.964 1.802 1.634 1.460 1.281 1.096 1.134 1.271 1.409 1.548 1.701 1.877 2.041 2.195 2.338 2.470 2.591 2.701 2.695 2.644 2.591 2.535 2.478 2.418 2.356 2.291 2.225 2.156 2.085 2.012 2.236 2.552 2.851 3.134 3.401 3.651 3.885 4.103 4.304 4.488 4.657 4.808 4.803 4.761 4.734 4.719 4.719 4.732 4.759 4.799 4.853 4.920 5.001 5.096 5.153 5.186 5.208 5.218 5.216 5.203 5.178 5.142 5.094 5.035 4.964 4.881
3.018 3.068 2.920 2.766 2.607 2.442 2.271 2.094 1.912 1.724 1.590 1.484 1.326 1.342 1.523 1.693 1.853 2.001 2.139 2.265 2.381 2.485 2.579 2.661 2.733 2.727 2.669 2.608 2.544 2.479 2.411 2.342 2.269 2.195 2.119 2.040 1.959 2.087 2.346 2.588 2.814 3.023 3.217 3.393 3.554 3.697 3.825 3.936 4.031 4.060 4.066 4.086 4.119 4.166 4.227 4.301 4.388 4.490 4.604 4.733 4.875 4.931 4.924 4.905 4.875 4.833 4.780 4.715 4.638 4.550 4.451 4.339 4.216
3.209 3.326 3.157 3.168 3.244 3.269 3.241 3.161 3.029 2.844 2.608 2.319 1.978 1.807 1.950 2.082 2.203 2.313 2.412 2.500 2.577 2.643 2.698 2.742 2.776 2.762 2.696 2.627 2.556 2.483 2.407 2.330 2.250 2.168 2.084 1.997 1.908 1.955 2.156 2.342 2.510 2.663 2.799 2.918 3.021 3.108 3.179 3.233 3.270 3.304 3.358 3.425 3.506 3.600 3.708 3.830 3.965 4.114 4.276 4.452 4.641 4.721 4.674 4.615 4.544 4.462 4.369 4.263 4.212 4.288 4.404 4.560 4.756
5.021 5.580 5.578 5.523 5.417 5.258 5.047 4.784 4.468 4.101 3.681 3.209 2.685 2.284 2.388 2.482 2.564 2.636 2.697 2.746 2.785 2.813 2.829 2.835 2.830 2.799 2.725 2.649 2.570 2.489 2.406 2.320 2.233 2.143 2.051 1.957 1.860 1.840 1.984 2.112 2.224 2.319 2.398 2.460 2.507 2.536 2.550 2.547 2.527 2.536 2.637 2.752 2.880 3.022 3.177 3.346 3.529 3.725 3.935 4.158 4.395 4.515 4.449 4.424 4.439 4.494 4.589 4.724 4.899 5.114 5.370 5.666 6.001
7.612 8.356 8.171 7.933 7.643 7.301 6.907 6.461 5.962 5.412 4.809 4.154 3.447 2.772 2.838 2.893 2.937 2.970 2.992 3.004 3.004 2.993 2.972 2.939 2.896 2.839 2.757 2.672 2.586 2.497 2.406 2.313 2.218 2.120 2.020 1.919 1.814 1.741 1.829 1.900 1.954 1.992 2.014 2.020 2.009 1.981 1.938 1.878 1.801 1.756 1.904 2.066 2.242 2.431 2.697 2.990 3.257 3.498 3.713 3.902 4.066 4.186 4.260 4.374 4.529 4.723 4.958 5.232 5.547 5.902 6.297 6.732 7.207
