DATA/SHG/ECMWF/20170628/EN-3/20170705.en-3.asc
ncols        190
nrows        64
xllcorner    -5100000.000000000000
yllcorner    4130000.000000000000
cellsize     10000.000000000000
NODATA_value  -99999.000
[rows 0 to 32 of 64, columns 73 to 145 of 190]
3.222 3.283 3.334 3.374 3.404 3.423 3.431 3.428 3.432 3.495 3.574 3.661 3.754 3.855 3.963 4.077 4.199 4.328 4.463 4.606 4.818 5.237 5.653 6.067 6.479 6.888 7.294 7.698 8.099 8.497 8.893 9.287 9.623 9.775 9.915 10.045 10.163 10.270 10.366 10.451 10.525 10.588 10.640 10.680 10.674 10.545 10.405 10.252 10.087 9.910 9.721 9.519 9.306 9.080 8.842 8.592 8.254 7.698 7.157 6.632 6.122 5.628 5.150 4.686 4.239 3.807 3.390 2.989 2.642 2.417 2.201 1.994 1.797
3.074 3.098 3.113 3.125 3.136 3.146 3.154 3.161 3.182 3.279 3.383 3.494 3.613 3.738 3.870 4.009 4.155 4.309 4.469 4.636 4.835 5.242 5.647 6.050 6.450 6.847 7.242 7.634 8.024 8.411 8.796 9.177 9.526 9.628 9.719 9.799 9.867 9.925 9.971 10.007 10.031 10.044 10.046 10.037 9.997 9.815 9.620 9.413 9.194 8.962 8.719 8.463 8.196 7.916 7.624 7.319 6.979 6.492 6.020 5.564 5.124 4.699 4.289 3.895 3.517 3.154 2.807 2.475 2.176 1.993 1.819 1.654 1.499
2.886 2.896 2.905 2.913 2.919 2.924 2.927 2.929 2.935 3.057 3.186 3.322 3.464 3.614 3.771 3.935 4.106 4.283 4.468 4.660 4.859 5.251 5.645 6.036 6.424 6.810 7.193 7.574 7.952 8.328 8.701 9.071 9.439 9.493 9.535 9.565 9.584 9.592 9.589 9.574 9.549 9.512 9.465 9.406 9.335 9.098 8.849 8.588 8.315 8.029 7.731 7.422 7.100 6.766 6.419 6.061 5.689 5.271 4.869 4.482 4.111 3.755 3.415 3.090 2.781 2.487 2.208 1.945 1.752 1.711 1.675 1.644 1.618
2.690 2.695 2.699 2.702 2.703 2.703 2.702 2.699 2.695 2.829 2.982 3.143 3.310 3.484 3.666 3.854 4.050 4.252 4.461 4.678 4.901 5.262 5.644 6.024 6.401 6.775 7.147 7.516 7.883 8.247 8.608 8.967 9.324 9.371 9.363 9.343 9.313 9.271 9.218 9.155 9.080 8.994 8.897 8.788 8.669 8.396 8.092 7.777 7.449 7.110 6.758 6.394 6.018 5.630 5.230 4.817 4.392 4.037 3.704 3.469 3.319 3.171 3.026 2.884 2.745 2.608 2.474 2.343 2.215 2.189 2.175 2.165 2.161
2.495 2.495 2.495 2.493 2.489 2.484 2.478 2.470 2.461 2.595 2.773 2.958 3.150 3.348 3.554 3.767 3.987 4.214 4.448 4.689 4.937 5.277 5.647 6.015 6.381 6.744 7.104 7.462 7.817 8.169 8.519 8.867 9.211 9.261 9.203 9.134 9.054 8.963 8.861 8.748 8.623 8.488 8.341 8.183 8.015 7.707 7.350 6.980 6.598 6.205 5.884 5.627 5.365 5.100 4.831 4.558 4.281 4.107 3.964 3.823 3.684 3.549 3.416 3.287 3.159 3.035 2.914 2.795 2.679 2.661 2.669 2.681 2.699
2.302 2.297 2.292 2.285 2.277 2.267 2.256 2.244 2.230 2.354 2.557 2.766 2.983 3.206 3.437 3.674 3.918 4.170 4.428 4.693 4.966 5.294 5.653 6.009 6.363 6.715 7.064 7.410 7.754 8.095 8.433 8.769 9.102 9.164 9.056 8.938 8.808 8.668 8.516 8.353 8.179 8.056 7.976 7.902 7.832 7.645 7.389 7.130 6.867 6.599 6.328 6.053 5.774 5.491 5.204 4.913 4.619 4.433 4.301 4.173 4.047 3.924 3.803 3.686 3.571 3.459 3.349 3.243 3.139 3.127 3.157 3.191 3.230
2.110 2.101 2.091 2.079 2.066 2.051 2.036 2.018 2.000 2.108 2.335 2.569 2.810 3.058 3.313 3.575 3.843 4.119 4.402 4.692 4.989 5.313 5.661 6.006 6.349 6.689 7.026 7.361 7.693 8.023 8.350 8.674 9.019 9.139 9.040 8.947 8.858 8.776 8.698 8.626 8.559 8.498 8.441 8.391 8.345 8.181 7.908 7.631 7.350 7.065 6.776 6.483 6.186 5.886 5.581 5.273 4.960 4.755 4.636 4.519 4.406 4.295 4.187 4.081 3.979 3.879 3.782 3.688 3.596 3.588 3.640 3.696 3.757
1.920 1.906 1.891 1.874 1.857 1.837 1.817 1.795 1.771 1.855 2.107 2.365 2.631 2.903 3.182 3.469 3.762 4.062 4.370 4.684 5.005 5.336 5.672 6.063 6.466 6.857 7.234 7.600 7.952 8.292 8.619 8.934 9.236 9.385 9.310 9.240 9.176 9.116 9.063 9.014 8.971 8.933 8.900 8.873 8.851 8.720 8.430 8.135 7.836 7.534 7.227 6.917 6.602 6.284 5.962 5.636 5.306 5.074 4.967 4.863 4.762 4.663 4.567 4.474 4.383 4.296 4.211 4.129 4.050 4.044 4.117 4.195 4.277
1.731 1.713 1.693 1.672 1.649 1.625 1.599 1.572 1.544 1.597 1.872 2.155 2.445 2.742 3.046 3.399 3.902 4.382 4.840 5.275 5.688 6.071 6.442 6.802 7.148 7.482 7.804 8.112 8.408 8.692 8.963 9.221 9.466 9.625 9.573 9.527 9.486 9.451 9.421 9.396 9.376 9.362 9.353 9.350 9.351 9.264 8.955 8.643 8.326 8.006 7.682 7.354 7.022 6.686 6.346 6.002 5.655 5.390 5.295 5.203 5.114 5.028 4.944 4.863 4.785 4.709 4.637 4.567 4.500 4.494 4.588 4.688 4.793
1.544 1.521 1.496 1.470 1.443 1.414 1.384 1.352 1.411 1.719 2.279 2.816 3.330 3.822 4.291 4.738 5.162 5.564 5.942 6.299 6.632 6.935 7.250 7.553 7.843 8.121 8.386 8.638 8.878 9.105 9.319 9.521 9.710 9.858 9.831 9.808 9.791 9.779 9.773 9.771 9.775 9.785 9.800 9.820 9.845 9.810 9.484 9.154 8.820 8.482 8.140 7.795 7.445 7.092 6.734 6.373 6.007 5.702 5.620 5.540 5.463 5.389 5.317 5.249 5.183 5.120 5.059 5.001 4.947 4.938 5.054 5.176 5.302
1.359 1.422 1.614 1.827 2.061 2.316 2.593 2.891 3.210 3.552 4.032 4.490 4.926 5.338 5.728 6.096 6.441 6.764 7.063 7.341 7.595 7.814 8.072 8.318 8.552 8.773 8.981 9.177 9.361 9.532 9.690 9.835 9.968 10.086 10.082 10.083 10.089 10.101 10.118 10.141 10.168 10.201 10.240 10.283 10.332 10.360 10.017 9.669 9.317 8.962 8.602 8.239 7.872 7.501 7.126 6.747 6.364 6.012 5.941 5.874 5.809 5.747 5.688 5.631 5.577 5.526 5.478 5.433 5.390 5.377 5.515 5.658 5.806
2.437 2.682 2.948 3.235 3.543 3.872 4.222 4.594 4.987 5.401 5.804 6.183 6.539 6.873 7.184 7.473 7.739 7.982 8.203 8.402 8.577 8.717 8.906 9.096 9.273 9.438 9.590 9.730 9.857 9.971 10.073 10.163 10.239 10.303 10.327 10.352 10.382 10.417 10.458 10.504 10.555 10.611 10.673 10.740 10.813 10.891 10.553 10.187 9.818 9.445 9.068 8.687 8.302 7.913 7.521 7.124 6.724 6.319 6.259 6.204 6.152 6.102 6.055 6.010 5.969 5.930 5.894 5.861 5.821 5.790 5.979 6.207 6.475
3.602 3.920 4.260 4.621 5.002 5.405 5.830 6.275 6.741 7.229 7.593 7.893 8.171 8.425 8.658 8.867 9.055 9.219 9.362 9.481 9.578 9.638 9.753 9.886 10.008 10.116 10.212 10.296 10.366 10.425 10.470 10.503 10.524 10.532 10.566 10.614 10.668 10.727 10.791 10.860 10.935 11.015 11.101 11.191 11.287 11.389 11.092 10.709 10.322 9.932 9.537 9.139 8.736 8.330 7.920 7.505 7.087 6.665 6.574 6.500 6.401 6.314 6.241 6.181 6.134 6.100 6.079 6.071 6.076 6.094 6.437 6.842 7.287
4.745 5.137 5.550 5.985 6.440 6.917 7.415 7.934 8.474 9.035 9.401 9.622 9.820 9.996 10.150 10.281 10.389 10.475 10.539 10.579 10.598 10.579 10.613 10.690 10.755 10.808 10.847 10.875 10.889 10.891 10.881 10.858 10.822 10.774 10.798 10.870 10.948 11.030 11.118 11.211 11.309 11.413 11.522 11.636 11.756 11.881 11.635 11.235 10.830 10.422 9.963 9.453 8.946 8.441 7.938 7.437 6.938 6.441 6.275 6.220 6.179 6.151 6.135 6.133 6.144 6.168 6.205 6.254 6.317 6.393 6.856 7.437 8.057
5.867 6.332 6.819 7.327 7.857 8.407 8.978 9.571 10.185 10.819 11.227 11.369 11.489 11.586 11.661 11.713 11.742 11.750 11.734 11.696 11.636 11.538 11.486 11.507 11.516 11.512 11.496 11.467 11.425 11.371 11.304 11.225 11.133 11.029 11.025 11.120 11.221 11.327 11.439 11.555 11.677 11.771 11.822 11.857 11.878 11.884 11.580 11.071 10.565 10.061 9.559 9.058 8.560 8.064 7.569 7.077 6.587 6.099 5.924 5.928 5.944 5.974 6.017 6.072 6.141 6.222 6.317 6.425 6.545 6.679 7.234 7.991 8.788
6.967 7.506 8.067 8.648 9.251 9.875 10.520 11.186 11.873 12.582 13.071 13.134 13.175 13.193 13.189 13.163 13.114 13.042 12.949 12.832 12.693 12.516 12.372 12.337 12.290 12.230 12.157 12.072 11.974 11.864 11.742 11.606 11.457 11.307 11.261 11.350 11.424 11.483 11.527 11.556 11.570 11.569 11.553 11.522 11.476 11.415 11.139 10.640 10.142 9.647 9.153 8.662 8.172 7.685 7.199 6.716 6.234 5.755 5.561 5.622 5.697 5.784 5.885 5.998 6.125 6.264 6.416 6.582 6.760 6.952 7.572 8.505 9.478
8.045 8.658 9.292 9.947 10.624 11.321 12.040 12.779 13.540 14.322 14.933 14.917 14.880 14.819 14.737 14.632 14.504 14.354 14.181 13.986 13.769 13.513 13.271 13.140 12.978 12.818 12.660 12.506 12.353 12.204 12.057 11.912 11.770 11.631 11.543 11.565 11.573 11.565 11.542 11.504 11.452 11.384 11.301 11.204 11.091 10.963 10.697 10.207 9.718 9.231 8.746 8.264 7.783 7.304 6.827 6.353 5.880 5.409 5.185 5.304 5.436 5.581 5.740 5.911 6.095 6.292 6.502 6.726 6.962 7.211 7.870 8.979 10.128
9.102 9.789 10.496 11.225 11.975 12.746 13.538 14.351 15.185 16.040 16.813 16.719 16.602 16.464 16.302 16.105 15.725 15.347 14.971 14.598 14.227 13.854 13.502 13.348 13.197 13.048 12.902 12.759 12.618 12.480 12.344 12.211 12.080 11.952 11.841 11.797 11.737 11.663 11.573 11.469 11.350 11.215 11.066 10.901 10.722 10.528 10.254 9.772 9.292 8.814 8.338 7.864 7.392 6.922 6.454 5.988 5.524 5.062 4.796 4.973 5.163 5.366 5.582 5.811 6.052 6.307 6.575 6.856 7.150 7.457 8.129 9.413 10.737
10.138 10.898 11.679 12.481 13.304 14.148 15.014 15.900 16.767 17.450 18.143 17.784 17.402 17.023 16.646 16.272 15.899 15.529 15.161 14.796 14.432 14.067 13.700 13.553 13.413 13.276 13.141 13.009 12.879 12.752 12.628 12.506 12.386 12.270 12.156 12.045 11.918 11.777 11.621 11.450 11.264 11.063 10.847 10.616 10.370 10.109 9.809 9.336 8.865 8.396 7.929 7.463 7.000 6.539 6.080 5.622 5.167 4.714 4.394 4.629 4.876 5.137 5.411 5.697 5.997 6.309 6.635 6.973 7.325 7.689 8.347 9.807 11.306
11.152 11.930 12.579 13.237 13.906 14.584 15.272 15.971 16.679 17.397 18.125 17.917 17.544 17.172 16.803 16.436 16.072 15.709 15.349 14.991 14.635 14.278 13.919 13.754 13.626 13.500 13.377 13.256 13.137 13.022 12.908 12.798 12.690 12.584 12.481 12.308 12.115 11.908 11.685 11.447 11.194 10.927 10.644 10.346 10.034 9.706 9.363 8.899 8.436 7.976 7.518 7.061 6.607 6.154 5.704 5.255 4.808 4.364 3.979 4.272 4.577 4.895 5.226 5.571 5.928 6.298 6.681 7.077 7.486 7.908 8.526 10.161 11.836
10.916 11.590 12.273 12.966 13.670 14.383 15.106 15.839 16.581 17.334 18.097 18.049 17.683 17.319 16.958 16.599 16.242 15.887 15.535 15.184 14.836 14.487 14.136 13.953 13.836 13.721 13.609 13.499 13.392 13.288 13.186 13.087 12.990 12.896 12.804 12.588 12.329 12.054 11.765 11.460 11.141 10.807 10.458 10.094 9.714 9.320 8.911 8.460 8.006 7.555 7.105 6.657 6.212 5.768 5.326 4.886 4.448 4.013 3.579 3.902 4.265 4.640 5.029 5.431 5.846 6.274 6.714 7.168 7.635 8.177 8.861 10.669 12.401
10.532 11.240 11.958 12.686 13.424 14.172 14.930 15.697 16.475 17.263 18.060 18.178 17.820 17.464 17.110 16.759 16.410 16.063 15.718 15.375 15.035 14.693 14.350 14.149 14.043 13.939 13.838 13.740 13.644 13.551 13.460 13.372 13.287 13.204 13.123 12.884 12.558 12.217 11.861 11.490 11.104 10.704 10.288 9.857 9.412 8.951 8.476 8.020 7.575 7.132 6.691 6.252 5.815 5.380 4.947 4.516 4.087 3.660 3.235 3.519 4.022 4.651 5.279 5.908 6.538 7.167 7.797 8.428 9.058 9.689 10.320 11.733 13.128
10.138 10.881 11.634 12.397 13.170 13.952 14.745 15.547 16.360 17.182 18.014 18.305 17.955 17.607 17.261 16.917 16.575 16.236 15.899 15.564 15.232 14.898 14.562 14.341 14.246 14.154 14.065 13.977 13.893 13.811 13.732 13.655 13.580 13.509 13.439 13.196 12.803 12.396 11.973 11.536 11.084 10.616 10.134 9.637 9.125 8.598 8.056 7.578 7.142 6.708 6.276 5.879 5.561 5.281 5.038 4.833 4.666 4.537 4.446 4.891 5.521 6.151 6.781 7.411 8.042 8.672 9.304 9.935 10.567 11.199 11.831 12.871 13.929
9.736 10.513 11.301 12.099 12.906 13.723 14.551 15.388 16.235 17.092 17.958 18.430 18.088 17.747 17.409 17.073 16.739 16.407 16.078 15.751 15.426 15.100 14.772 14.530 14.447 14.366 14.288 14.212 14.139 14.068 14.000 13.934 13.871 13.811 13.753 13.523 13.064 12.590 12.102 11.598 11.079 10.546 9.982 9.393 8.807 8.224 7.644 7.198 6.896 6.632 6.406 6.217 6.067 5.954 5.879 5.842 5.842 5.880 5.956 6.387 7.017 7.648 8.280 8.911 9.543 10.175 10.807 11.440 12.073 12.706 13.340 14.082 14.804
9.324 10.137 10.959 11.791 12.634 13.486 14.347 15.219 16.101 16.992 17.894 18.553 18.218 17.885 17.555 17.226 16.900 16.576 16.255 15.935 15.618 15.300 14.980 14.716 14.644 14.575 14.508 14.443 14.381 14.322 14.265 14.210 14.158 14.074 13.925 13.625 13.028 12.434 11.843 11.255 10.670 10.089 9.510 8.934 8.361 7.791 7.224 6.827 6.692 6.596 6.537 6.516 6.533 6.587 6.679 6.809 6.977 7.182 7.425 7.879 8.511 9.144 9.776 10.409 11.042 11.675 12.309 12.943 13.577 14.211 14.846 15.368 15.753
8.904 9.751 10.608 11.475 12.352 13.239 14.135 15.042 15.958 16.884 17.820 18.674 18.347 18.022 17.699 17.378 17.060 16.743 16.429 16.118 15.808 15.497 15.185 14.900 14.831 14.743 14.641 14.526 14.398 14.257 14.102 13.934 13.752 13.558 13.349 13.057 12.473 11.893 11.315 10.740 10.169 9.600 9.035 8.472 7.912 7.356 6.802 6.416 6.449 6.520 6.629 6.775 6.959 7.180 7.439 7.737 8.071 8.444 8.854 9.370 10.003 10.636 11.270 11.904 12.538 13.173 13.808 14.443 15.078 15.714 16.350 16.726 16.776
8.475 9.356 10.248 11.150 12.061 12.982 13.914 14.855 15.806 16.766 17.737 18.718 18.473 18.156 17.840 17.528 17.203 16.805 16.436 16.094 15.781 15.496 15.236 14.998 14.862 14.714 14.553 14.379 14.192 13.992 13.778 13.551 13.310 13.056 12.789 12.487 11.916 11.349 10.785 10.223 9.665 9.109 8.557 8.007 7.461 6.918 6.377 5.966 6.167 6.405 6.680 6.993 7.344 7.733 8.159 8.623 9.125 9.665 10.242 10.858 11.492 12.127 12.762 13.397 14.033 14.669 15.305 15.941 16.578 17.215 17.852 18.159 17.873
8.036 8.953 9.879 10.815 11.761 12.717 13.683 14.659 15.644 16.613 17.471 18.299 18.094 17.682 17.298 16.941 16.613 16.313 16.040 15.796 15.580 15.393 15.231 15.091 14.907 14.700 14.481 14.248 14.001 13.742 13.469 13.183 12.883 12.570 12.244 11.905 11.357 10.803 10.252 9.703 9.158 8.616 8.077 7.540 7.007 6.477 5.950 5.477 5.845 6.250 6.692 7.172 7.690 8.246 8.839 9.470 10.139 10.845 11.589 12.344 12.979 13.615 14.251 14.888 15.525 16.162 16.799 17.437 18.074 18.713 19.351 19.665 19.043
7.589 8.540 9.506 10.466 11.398 12.300 13.173 14.017 14.831 15.616 16.372 17.099 17.091 16.776 16.489 16.230 15.999 15.796 15.620 15.473 15.354 15.264 15.200 15.159 14.967 14.701 14.423 14.131 13.825 13.507 13.175 12.830 12.471 12.100 11.715 11.316 10.795 10.254 9.716 9.181 8.649 8.120 7.594 7.071 6.551 6.034 5.520 5.009 5.483 6.055 6.665 7.312 7.996 8.719 9.479 10.277 11.112 11.985 12.895 13.827 14.464 15.101 15.739 16.376 17.014 17.653 18.291 18.930 19.569 20.208 20.848 21.244 20.287
7.440 8.358 9.247 10.106 10.936 11.737 12.508 13.251 13.964 14.647 15.302 15.927 16.064 15.846 15.656 15.494 15.360 15.254 15.176 15.125 15.103 15.111 15.145 15.202 15.042 14.717 14.380 14.029 13.664 13.287 12.896 12.492 12.075 11.644 11.200 10.743 10.231 9.703 9.179 8.657 8.138 7.622 7.109 6.599 6.092 5.588 5.087 4.589 5.082 5.821 6.597 7.411 8.263 9.152 10.078 11.043 12.045 13.084 14.161 15.276 15.946 16.585 17.223 17.862 18.502 19.141 19.781 20.421 21.061 21.702 22.343 22.773 21.234
7.411 8.228 9.015 9.773 10.502 11.201 11.871 12.512 13.124 13.706 14.260 14.784 15.012 14.891 14.799 14.734 14.697 14.687 14.706 14.753 14.828 14.933 15.066 15.220 15.132 14.748 14.352 13.942 13.519 13.082 12.633 12.170 11.693 11.204 10.701 10.185 9.665 9.150 8.638 8.130 7.624 7.121 6.622 6.125 5.631 5.140 4.653 4.168 4.642 5.547 6.490 7.471 8.489 9.545 10.638 11.769 12.937 14.143 15.387 16.668 17.427 18.066 18.608 18.952 19.290 19.621 19.946 20.264 20.576 20.882 21.181 21.474 20.172
7.410 8.125 8.811 9.468 10.095 10.693 11.262 11.802 12.312 12.793 13.246 13.668 13.937 13.913 13.917 13.949 14.009 14.097 14.212 14.356 14.527 14.731 14.961 15.213 15.236 14.794 14.339 13.870 13.388 12.893 12.384 11.862 11.327 10.779 10.217 9.643 9.096 8.594 8.096 7.600 7.108 6.618 6.132 5.648 5.167 4.690 4.215 3.743 4.163 5.234 6.344 7.491 8.676 9.994 11.452 12.756 13.905 14.899 15.739 16.423 16.831 17.160 17.483 17.799 18.108 18.411 18.708 18.999 19.282 19.560 19.831 20.096 19.084
7.436 8.050 8.634 9.190 9.716 10.213 10.680 11.119 11.528 11.908 12.259 12.581 12.837 12.910 13.011 13.140 13.297 13.481 13.694 13.934 14.203 14.503 14.831 15.181 15.356 14.855 14.341 13.813 13.272 12.718 12.151 11.570 10.976 10.369 9.749 9.115 8.525 8.036 7.551 7.068 6.589 6.113 5.639 5.169 4.931 5.338 5.738 6.131 7.117 8.664 10.057 11.296 12.379 13.308 14.083 14.702 15.167 15.477 15.633 15.634 15.771 16.071 16.366 16.654 16.935 17.210 17.479 17.741 17.997 18.246 18.489 18.725 17.969
