DATA/SHG/ECMWF/20170628/EN-3/20170707.en-3.asc
ncols        190
nrows        64
xllcorner    -5100000.000000000000
yllcorner    4130000.000000000000
cellsize     10000.000000000000
NODATA_value  -99999.000
[rows 0 to 32 of 64, columns 74 to 147 of 190]
7.309 6.825 6.317 5.787 5.233 4.657 4.056 3.675 3.927 4.234 4.543 4.855 5.171 5.489 5.809 6.133 6.459 6.788 7.120 7.454 7.761 8.037 8.294 8.533 8.753 8.955 9.139 9.305 9.452 9.581 9.692 9.760 9.745 9.733 9.722 9.714 9.708 9.704 9.702 9.703 9.706 9.710 9.718 9.705 9.633 9.571 9.521 9.481 9.453 9.435 9.428 9.432 9.448 9.474 9.511 9.529 9.470 9.422 9.385 9.359 9.344 9.340 9.347 9.364 9.393 9.432 9.483 9.460 9.200 8.929 8.648 8.357 8.055 7.743
7.713 7.164 6.634 6.123 5.631 5.158 4.704 4.400 4.713 5.030 5.349 5.671 5.996 6.324 6.654 6.987 7.323 7.662 8.004 8.338 8.563 8.757 8.932 9.089 9.227 9.347 9.449 9.533 9.598 9.645 9.673 9.683 9.678 9.675 9.674 9.676 9.680 9.686 9.694 9.704 9.717 9.732 9.749 9.762 9.738 9.725 9.724 9.733 9.753 9.784 9.827 9.880 9.944 10.019 10.104 10.185 10.175 10.175 10.187 10.209 10.243 10.287 10.342 10.408 10.485 10.573 10.672 10.718 10.412 10.095 9.767 9.430 9.081 8.723
8.120 7.637 7.174 6.729 6.304 5.897 5.509 5.173 5.496 5.823 6.152 6.483 6.818 7.155 7.495 7.838 8.184 8.532 8.883 9.238 9.385 9.496 9.589 9.664 9.721 9.759 9.779 9.780 9.763 9.728 9.675 9.604 9.608 9.615 9.624 9.636 9.649 9.665 9.683 9.703 9.726 9.750 9.777 9.806 9.832 9.868 9.915 9.973 10.042 10.122 10.213 10.315 10.428 10.551 10.686 10.829 10.867 10.916 10.976 11.047 11.129 11.222 11.325 11.440 11.565 11.701 11.848 11.933 11.490 11.062 10.650 10.254 9.873 9.507
8.509 8.093 7.695 7.317 6.958 6.617 6.296 5.994 6.276 6.611 6.950 7.291 7.636 7.983 8.332 8.685 9.040 9.398 9.759 10.123 10.226 10.255 10.266 10.259 10.234 10.190 10.128 10.048 9.949 9.832 9.697 9.544 9.536 9.553 9.572 9.593 9.616 9.642 9.670 9.700 9.732 9.767 9.804 9.842 9.913 9.998 10.094 10.201 10.319 10.448 10.587 10.738 10.899 11.072 11.255 11.449 11.547 11.644 11.717 11.760 11.805 11.852 11.902 11.953 12.006 12.062 12.120 12.180 11.836 11.478 11.135 10.807 10.495 10.198
8.880 8.530 8.199 7.887 7.594 7.319 7.064 6.828 7.051 7.396 7.745 8.096 8.450 8.806 9.166 9.528 9.893 10.261 10.631 11.005 11.087 11.034 10.963 10.874 10.767 10.641 10.497 10.335 10.155 9.956 9.740 9.504 9.461 9.488 9.517 9.548 9.581 9.617 9.655 9.694 9.737 9.781 9.827 9.876 9.983 10.117 10.262 10.417 10.584 10.739 10.882 11.031 11.185 11.346 11.513 11.686 11.758 11.806 11.857 11.909 11.963 12.020 12.079 12.139 12.202 12.267 12.334 12.403 12.167 11.877 11.603 11.344 11.101 10.873
9.233 8.949 8.684 8.438 8.211 8.003 7.814 7.643 7.823 8.178 8.536 8.896 9.260 9.626 9.995 10.367 10.742 11.119 11.499 11.882 11.966 11.832 11.680 11.509 11.320 11.112 10.887 10.643 10.381 10.101 9.802 9.485 9.384 9.421 9.460 9.501 9.544 9.589 9.637 9.686 9.753 9.808 9.833 9.829 9.910 10.050 10.195 10.347 10.505 10.668 10.838 11.013 11.194 11.382 11.575 11.774 11.877 11.934 11.994 12.055 12.119 12.185 12.253 12.323 12.395 12.470 12.546 12.625 12.482 12.261 12.056 11.866 11.691 11.532
9.567 9.349 9.151 8.971 8.810 8.668 8.545 8.441 8.590 8.955 9.323 9.693 10.066 10.442 10.821 11.202 11.587 11.974 12.364 12.756 12.866 12.650 12.415 12.163 11.892 11.603 11.296 10.970 10.627 10.265 9.884 9.581 9.556 9.713 9.841 9.940 10.010 10.050 10.062 10.045 9.999 9.923 9.819 9.686 9.701 9.867 10.039 10.218 10.402 10.592 10.788 10.990 11.197 11.411 11.631 11.856 11.993 12.060 12.128 12.200 12.273 12.348 12.425 12.505 12.586 12.670 12.756 12.843 12.781 12.629 12.492 12.371 12.265 12.175
9.883 9.732 9.599 9.485 9.390 9.314 9.257 9.219 9.354 9.729 10.106 10.486 10.869 11.255 11.643 12.034 12.428 12.825 13.224 13.626 13.785 13.487 13.099 12.710 12.356 12.039 11.758 11.514 11.305 11.132 10.996 10.895 10.870 10.897 10.895 10.864 10.805 10.716 10.598 10.451 10.275 10.070 9.836 9.573 9.486 9.679 9.877 10.082 10.293 10.509 10.732 10.960 11.194 11.434 11.680 11.932 12.106 12.183 12.261 12.341 12.424 12.508 12.595 12.684 12.775 12.868 12.963 13.060 13.064 12.981 12.913 12.860 12.823 12.801
10.181 10.096 10.029 9.981 9.952 9.942 9.951 9.979 10.115 10.499 10.886 11.275 11.668 12.063 12.427 12.653 12.866 13.066 13.253 13.427 13.486 13.186 12.922 12.693 12.502 12.346 12.226 12.142 12.095 12.083 12.108 12.168 12.214 12.111 11.980 11.819 11.630 11.411 11.164 10.887 10.582 10.247 9.884 9.492 9.265 9.484 9.709 9.940 10.177 10.420 10.669 10.924 11.185 11.451 11.724 12.002 12.218 12.303 12.391 12.481 12.572 12.666 12.762 12.861 12.961 13.063 13.167 13.274 13.332 13.317 13.318 13.334 13.365 13.412
10.462 10.442 10.441 10.459 10.496 10.552 10.627 10.684 10.716 10.974 11.219 11.452 11.671 11.878 12.072 12.253 12.421 12.576 12.719 12.849 12.946 12.807 12.704 12.637 12.606 12.611 12.652 12.730 12.843 12.992 13.178 13.399 13.588 13.355 13.094 12.804 12.485 12.137 11.761 11.355 10.920 10.456 9.963 9.441 9.038 9.284 9.535 9.793 10.056 10.325 10.601 10.882 11.169 11.462 11.761 12.065 12.327 12.422 12.519 12.618 12.719 12.822 12.927 13.035 13.144 13.256 13.370 13.485 13.584 13.637 13.706 13.791 13.891 14.006
10.686 10.643 10.610 10.588 10.577 10.576 10.587 10.608 10.641 10.855 11.055 11.243 11.418 11.580 11.729 11.865 11.989 12.099 12.197 12.282 12.364 12.388 12.446 12.540 12.670 12.836 13.038 13.276 13.550 13.861 14.207 14.589 14.991 14.630 14.239 13.820 13.371 12.894 12.388 11.853 11.288 10.695 10.073 9.422 8.805 9.077 9.355 9.639 9.929 10.224 10.526 10.833 11.147 11.466 11.791 12.122 12.434 12.538 12.644 12.752 12.863 12.975 13.090 13.207 13.326 13.447 13.570 13.695 13.820 13.942 14.079 14.233 14.401 14.585
10.338 10.332 10.337 10.352 10.378 10.415 10.463 10.521 10.590 10.747 10.903 11.046 11.176 11.293 11.398 11.490 11.569 11.635 11.688 11.728 11.765 11.929 12.148 12.403 12.694 13.020 13.383 13.782 14.217 14.688 15.195 15.737 16.316 15.934 15.414 14.865 14.288 13.681 13.046 12.381 11.688 10.966 10.214 9.434 8.625 8.864 9.169 9.479 9.795 10.117 10.445 10.779 11.119 11.464 11.816 12.173 12.537 12.651 12.767 12.885 13.004 13.126 13.250 13.376 13.504 13.635 13.767 13.885 13.985 14.159 14.366 14.606 14.878 15.184
9.979 10.011 10.053 10.106 10.170 10.244 10.329 10.425 10.531 10.651 10.763 10.861 10.946 11.019 11.079 11.126 11.160 11.182 11.191 11.187 11.179 11.430 11.810 12.225 12.677 13.164 13.688 14.247 14.842 15.474 16.141 16.844 17.584 17.268 16.619 15.941 15.234 14.499 13.734 12.940 12.118 11.267 10.386 9.477 8.539 8.646 8.976 9.313 9.655 10.004 10.358 10.718 11.084 11.456 11.834 12.218 12.608 12.763 12.885 13.002 13.114 13.222 13.326 13.425 13.520 13.611 13.697 13.779 13.857 14.161 14.513 14.898 15.316 15.766
9.612 9.681 9.760 9.851 9.952 10.063 10.186 10.319 10.463 10.568 10.634 10.688 10.729 10.757 10.772 10.775 10.765 10.742 10.706 10.657 10.604 10.891 11.431 12.007 12.619 13.267 13.951 14.671 15.427 16.219 17.046 17.910 18.810 18.632 17.854 17.047 16.211 15.346 14.453 13.530 12.579 11.598 10.589 9.551 8.484 8.421 8.778 9.141 9.510 9.963 10.473 10.944 11.376 11.770 12.124 12.439 12.715 12.855 12.957 13.055 13.148 13.236 13.321 13.401 13.477 13.548 13.615 13.678 13.736 14.130 14.628 15.157 15.720 16.315
9.234 9.341 9.458 9.586 9.724 9.873 10.033 10.203 10.384 10.495 10.517 10.527 10.523 10.507 10.477 10.435 10.381 10.313 10.233 10.140 10.042 10.312 11.013 11.749 12.522 13.330 14.174 15.055 15.971 16.923 17.911 18.934 19.994 20.026 19.119 18.183 17.218 16.225 15.202 14.150 13.112 12.149 11.241 10.388 9.590 9.592 10.084 10.537 10.952 11.328 11.664 11.962 12.221 12.441 12.622 12.765 12.868 12.951 13.033 13.112 13.186 13.255 13.320 13.381 13.438 13.490 13.538 13.581 13.620 14.067 14.709 15.384 16.091 16.831
8.848 8.991 9.146 9.311 9.487 9.673 9.870 10.078 10.296 10.435 10.413 10.377 10.329 10.268 10.195 10.108 10.009 9.897 9.772 9.635 9.492 9.693 10.554 11.451 12.384 13.353 14.357 15.397 16.474 17.586 18.734 19.816 20.805 20.905 19.802 18.753 17.760 16.821 15.938 15.109 14.335 13.617 12.953 12.344 11.791 11.687 12.006 12.287 12.528 12.731 12.894 13.019 13.105 13.152 13.160 13.130 13.060 13.051 13.114 13.173 13.228 13.278 13.324 13.366 13.403 13.436 13.465 13.489 13.509 13.972 14.758 15.578 16.430 17.314
8.451 8.632 8.824 9.027 9.240 9.463 9.698 9.943 10.198 10.387 10.320 10.240 10.147 10.042 9.924 9.793 9.649 9.493 9.324 9.142 8.955 9.035 10.082 11.144 12.190 13.221 14.234 15.232 16.214 17.179 18.129 19.062 19.979 20.358 19.499 18.695 17.946 17.251 16.612 16.028 15.498 15.024 14.604 14.239 13.930 13.821 13.967 14.075 14.143 14.173 14.163 14.115 14.028 13.903 13.738 13.535 13.293 13.155 13.199 13.239 13.274 13.305 13.332 13.354 13.373 13.386 13.396 13.401 13.402 13.843 14.775 15.739 16.736 17.765
8.046 8.264 8.493 8.733 8.983 9.244 9.516 9.798 10.091 10.350 10.239 10.114 9.977 9.827 9.668 9.543 9.422 9.305 9.192 9.083 8.976 8.983 9.990 10.981 11.955 12.914 13.856 14.783 15.693 16.587 17.465 18.327 19.172 19.752 19.137 18.577 18.072 17.622 17.226 16.886 16.600 16.370 16.194 16.073 16.007 15.993 15.966 15.901 15.797 15.653 15.471 15.251 14.991 14.693 14.355 13.979 13.565 13.264 13.288 13.309 13.325 13.337 13.345 13.348 13.347 13.341 13.331 13.317 13.299 13.683 14.759 15.868 17.009 18.183
7.630 7.886 8.152 8.429 8.717 9.015 9.324 9.647 9.986 10.311 10.190 10.063 9.940 9.821 9.706 9.594 9.487 9.384 9.285 9.190 9.097 9.005 9.916 10.835 11.739 12.626 13.497 14.351 15.190 16.013 16.819 17.610 18.384 19.086 18.715 18.399 18.138 17.932 17.780 17.684 17.642 17.655 17.723 17.846 18.024 18.204 18.004 17.766 17.489 17.173 16.818 16.425 15.993 15.522 15.012 14.464 13.876 13.376 13.382 13.383 13.380 13.373 13.361 13.345 13.325 13.300 13.272 13.238 13.201 13.490 14.711 15.964 17.249 18.567
7.235 7.620 7.992 8.351 8.696 9.029 9.348 9.654 9.947 10.226 10.169 10.055 9.946 9.841 9.740 9.642 9.549 9.460 9.375 9.294 9.215 9.137 9.860 10.708 11.540 12.356 13.155 13.938 14.706 15.457 16.192 16.911 17.614 18.301 18.234 18.162 18.145 18.182 18.275 18.422 18.624 18.880 19.192 19.558 19.979 20.452 20.080 19.669 19.220 18.731 18.204 17.638 17.034 16.390 15.708 14.987 14.228 13.493 13.480 13.462 13.440 13.413 13.383 13.347 13.308 13.264 13.216 13.164 13.107 13.265 14.630 16.027 17.457 18.920
7.575 7.914 8.240 8.553 8.853 9.139 9.413 9.673 9.920 10.154 10.143 10.044 9.949 9.857 9.770 9.687 9.608 9.532 9.461 9.394 9.329 9.265 9.823 10.599 11.359 12.104 12.832 13.544 14.240 14.920 15.583 16.231 16.863 17.478 17.694 17.866 18.092 18.373 18.709 19.099 19.545 20.045 20.600 21.209 21.874 22.593 22.195 21.611 20.989 20.328 19.629 18.891 18.114 17.298 16.444 15.551 14.619 13.648 13.582 13.545 13.504 13.458 13.408 13.354 13.295 13.232 13.165 13.093 13.054 13.129 14.655 16.156 17.633 19.085
7.927 8.220 8.500 8.767 9.021 9.262 9.489 9.704 9.905 10.093 10.114 10.029 9.947 9.870 9.797 9.727 9.662 9.601 9.544 9.490 9.439 9.390 9.803 10.508 11.197 11.870 12.527 13.167 13.792 14.401 14.993 15.570 16.130 16.674 17.095 17.510 17.980 18.504 19.083 19.717 20.406 21.149 21.947 22.800 23.707 24.669 24.347 23.592 22.797 21.964 21.092 20.182 19.233 18.245 17.219 16.153 15.050 13.907 13.689 13.662 13.677 13.689 13.700 13.710 13.717 13.723 13.727 13.730 13.731 13.730 15.053 16.448 17.817 19.163
8.290 8.538 8.772 8.993 9.201 9.396 9.578 9.746 9.902 10.044 10.081 10.010 9.943 9.879 9.820 9.764 9.713 9.666 9.622 9.583 9.546 9.511 9.801 10.435 11.052 11.654 12.240 12.809 13.363 13.900 14.421 14.927 15.416 15.889 16.437 17.095 17.808 18.576 19.398 20.275 21.206 22.193 23.234 24.329 25.480 26.685 26.538 25.610 24.644 23.639 22.484 21.186 19.946 18.766 17.644 16.581 15.577 14.632 14.400 14.409 14.415 14.420 14.424 14.425 14.425 14.424 14.420 14.415 14.408 14.400 15.475 16.763 18.026 19.264
8.665 8.867 9.056 9.231 9.393 9.542 9.678 9.801 9.911 10.008 10.045 9.988 9.934 9.885 9.839 9.798 9.760 9.727 9.697 9.672 9.649 9.628 9.817 10.379 10.926 11.456 11.971 12.469 12.951 13.418 13.868 14.302 14.720 15.122 15.720 16.621 17.577 18.588 19.653 20.773 21.947 23.069 24.002 24.887 25.724 26.511 26.163 24.891 23.677 22.522 21.425 20.388 19.409 18.489 17.628 16.826 16.082 15.397 15.155 15.156 15.155 15.152 15.148 15.142 15.134 15.125 15.114 15.101 15.087 15.071 15.921 17.101 18.257 19.389
9.052 9.208 9.351 9.481 9.597 9.701 9.791 9.868 9.932 9.983 10.005 9.962 9.922 9.887 9.855 9.827 9.804 9.784 9.769 9.757 9.748 9.741 9.851 10.342 10.817 11.277 11.720 12.147 12.558 12.954 13.333 13.696 14.075 14.508 15.155 16.214 17.223 18.184 19.097 19.961 20.777 21.543 22.262 22.932 23.553 24.126 24.003 22.991 22.038 21.143 20.307 19.530 18.812 18.152 17.551 17.009 16.526 16.101 15.910 15.904 15.895 15.885 15.873 15.859 15.844 15.827 15.808 15.788 15.766 15.742 16.389 17.463 18.512 19.537
9.451 9.561 9.659 9.743 9.813 9.871 9.916 9.947 9.966 9.971 9.962 9.932 9.906 9.885 9.867 9.853 9.844 9.838 9.836 9.839 9.843 9.850 9.903 10.315 10.714 11.121 11.535 11.956 12.385 12.821 13.264 13.715 14.172 14.638 15.189 16.032 16.827 17.573 18.270 18.919 19.520 20.072 20.575 21.030 21.436 21.794 21.784 21.032 20.339 19.705 19.129 18.612 18.154 17.755 17.414 17.132 16.908 16.743 16.667 16.652 16.636 16.618 16.599 16.578 16.555 16.530 16.504 16.476 16.446 16.415 16.881 17.847 18.790 19.709
9.862 9.926 9.978 10.016 10.041 10.053 10.052 10.038 10.011 9.971 9.917 9.899 9.887 9.879 9.876 9.870 9.827 9.790 9.758 9.731 9.713 9.702 9.695 10.110 10.542 10.981 11.428 11.882 12.343 12.812 13.288 13.771 14.261 14.759 15.275 15.904 16.483 17.014 17.497 17.931 18.317 18.654 18.943 19.183 19.374 19.518 19.506 19.014 18.581 18.207 17.891 17.635 17.436 17.297 17.216 17.193 17.230 17.325 17.424 17.402 17.378 17.352 17.325 17.297 17.266 17.234 17.200 17.164 17.127 17.088 17.395 18.256 19.092 19.903
10.284 10.303 10.309 10.301 10.281 10.247 10.201 10.141 10.054 9.910 9.770 9.704 9.659 9.619 9.585 9.555 9.531 9.511 9.497 9.488 9.487 9.494 9.505 9.897 10.362 10.834 11.313 11.799 12.293 12.794 13.303 13.819 14.342 14.872 15.410 15.828 16.193 16.509 16.777 16.996 17.167 17.290 17.364 17.389 17.367 17.295 17.168 16.937 16.764 16.650 16.594 16.597 16.658 16.778 16.957 17.194 17.490 17.845 18.182 18.152 18.121 18.087 18.053 18.016 17.978 17.938 17.897 17.854 17.809 17.762 17.933 18.687 19.416 20.122
10.718 10.653 10.493 10.339 10.188 10.042 9.900 9.762 9.629 9.499 9.375 9.314 9.287 9.265 9.248 9.237 9.230 9.228 9.231 9.240 9.257 9.282 9.311 9.676 10.173 10.678 11.190 11.709 12.235 12.769 13.310 13.858 14.414 14.977 15.547 15.805 15.955 16.057 16.110 16.115 16.071 15.979 15.839 15.650 15.413 15.127 14.793 14.800 14.887 15.033 15.237 15.499 15.820 16.200 16.638 17.135 17.690 18.304 18.940 18.903 18.864 18.823 18.781 18.737 18.691 18.644 18.595 18.544 18.491 18.437 18.494 19.141 19.764 20.363
10.268 10.120 9.976 9.836 9.700 9.569 9.442 9.319 9.200 9.086 8.976 8.921 8.911 8.907 8.908 8.914 8.925 8.941 8.962 8.988 9.023 9.066 9.113 9.447 9.977 10.514 11.059 11.610 12.169 12.736 13.309 13.890 14.478 15.074 15.676 15.835 15.770 15.657 15.496 15.287 15.029 14.722 14.368 13.965 13.513 13.013 12.465 12.605 12.951 13.356 13.820 14.342 14.922 15.561 16.259 17.015 17.829 18.703 19.634 19.655 19.608 19.560 19.510 19.458 19.405 19.350 19.293 19.235 19.175 19.113 18.988 19.317 19.657 20.008
9.718 9.584 9.455 9.330 9.209 9.092 8.980 8.872 8.769 8.669 8.574 8.523 8.531 8.545 8.563 8.587 8.615 8.649 8.688 8.732 8.784 8.845 8.910 9.211 9.773 10.342 10.919 11.504 12.095 12.694 13.300 13.913 14.534 15.162 15.797 15.917 15.638 15.311 14.936 14.512 14.040 13.519 12.950 12.333 11.667 10.954 10.191 10.350 10.956 11.620 12.343 13.124 13.964 14.862 15.819 16.834 17.908 19.040 20.231 20.407 20.353 20.209 19.894 19.582 19.275 18.971 18.672 18.376 18.084 17.797 17.513 17.849 18.237 18.636
9.164 9.045 8.930 8.820 8.714 8.613 8.515 8.422 8.333 8.249 8.169 8.121 8.147 8.178 8.214 8.256 8.302 8.353 8.410 8.471 8.542 8.620 8.703 8.966 9.561 10.163 10.772 11.389 12.013 12.644 13.283 13.928 14.582 15.242 15.910 16.052 15.559 15.018 14.428 13.790 13.104 12.369 11.587 10.755 9.876 8.948 7.972 8.036 8.901 9.825 10.807 11.847 12.989 14.204 15.347 16.417 17.414 18.339 19.191 19.210 18.904 18.602 18.305 18.011 17.721 17.435 17.153 16.876 16.602 16.332 16.066 16.371 16.808 17.256
8.606 8.502 8.403 8.308 8.217 8.130 8.047 7.969 7.895 7.825 7.760 7.715 7.759 7.808 7.861 7.920 7.984 8.053 8.127 8.206 8.295 8.391 8.492 8.713 9.340 9.975 10.617 11.266 11.922 12.586 13.257 13.935 14.621 15.314 16.014 16.240 15.533 14.777 13.974 13.122 12.222 11.273 10.276 9.350 8.731 8.094 7.439 7.701 8.959 10.144 11.256 12.296 13.263 14.158 14.980 15.729 16.406 17.010 17.542 17.566 17.278 16.994 16.714 16.438 16.166 15.897 15.633 15.373 15.117 14.864 14.616 14.885 15.370 15.866
