DATA/SHG/ECMWF/20170628/EN-3/20170704.en-3.asc
ncols        190
nrows        64
xllcorner    -5100000.000000000000
yllcorner    4130000.000000000000
cellsize     10000.000000000000
NODATA_value  -99999.000
[rows 0 to 31 of 64, columns 0 to 71 of 190]
0.214 0.232 0.252 0.272 0.294 0.317 0.342 0.368 0.395 0.431 0.470 0.510 0.551 0.593 0.635 0.678 0.722 0.767 0.813 0.976 1.195 1.526 1.909 2.296 2.688 3.085 3.486 3.891 4.301 4.716 5.135 5.559 5.988 6.573 7.241 7.891 8.522 9.135 9.729 10.304 10.861 11.399 11.918 12.419 12.901 13.243 13.450 13.627 13.772 13.886 13.969 14.021 14.042 14.032 13.991 13.919 13.815 13.440 12.779 12.132 11.498 10.879 10.274 9.682 9.104 8.540 7.990 7.454 6.932 6.455 6.033 5.609
0.185 0.208 0.232 0.257 0.284 0.311 0.340 0.371 0.402 0.440 0.482 0.525 0.655 0.807 0.978 1.168 1.377 1.606 1.853 2.120 2.406 2.757 3.156 3.559 3.967 4.379 4.796 5.218 5.644 6.075 6.510 6.950 7.395 7.921 8.523 9.108 9.673 10.220 10.748 11.258 11.748 12.221 12.674 13.109 13.526 13.816 13.914 13.981 14.017 14.022 13.996 13.939 13.851 13.731 13.581 13.400 13.188 12.826 12.214 11.616 11.031 10.460 9.903 9.360 8.831 8.316 7.814 7.327 6.853 6.400 5.974 5.547
0.155 0.182 0.211 0.241 0.286 0.387 0.482 0.570 0.652 0.761 0.923 1.104 1.304 1.524 1.762 2.020 2.297 2.593 2.908 3.242 3.596 3.981 4.396 4.815 5.239 5.667 6.100 6.538 6.980 7.427 7.878 8.334 8.794 9.286 9.823 10.341 10.841 11.322 11.784 12.228 12.653 13.060 13.448 13.817 14.168 14.420 14.409 14.367 14.293 14.189 14.054 13.888 13.690 13.462 13.203 12.912 12.591 12.201 11.637 11.087 10.551 10.029 9.521 9.026 8.546 8.079 7.626 7.187 6.769 6.365 5.962 5.570
0.429 0.533 0.631 0.722 0.807 0.885 0.957 1.023 1.082 1.186 1.416 1.664 1.932 2.219 2.525 2.850 3.194 3.558 3.940 4.342 4.763 5.198 5.629 6.064 6.504 6.948 7.397 7.851 8.309 8.772 9.239 9.711 10.187 10.668 11.139 11.592 12.026 12.441 12.838 13.216 13.576 13.917 14.239 14.543 14.828 15.054 14.933 14.782 14.600 14.386 14.142 13.867 13.561 13.223 12.855 12.456 12.026 11.563 11.048 10.546 10.059 9.586 9.129 8.688 8.263 7.854 7.460 7.082 6.720 6.374 6.009 5.654
1.047 1.128 1.203 1.272 1.334 1.390 1.439 1.482 1.519 1.589 1.887 2.203 2.538 2.892 3.266 3.658 4.070 4.501 4.951 5.420 5.908 6.408 6.855 7.306 7.762 8.222 8.687 9.157 9.631 10.110 10.593 11.081 11.573 12.067 12.472 12.859 13.228 13.578 13.909 14.221 14.515 14.791 15.048 15.286 15.506 15.707 15.488 15.228 14.937 14.614 14.261 13.877 13.462 12.996 12.460 11.932 11.413 10.902 10.435 9.986 9.553 9.136 8.734 8.348 7.978 7.624 7.286 6.963 6.657 6.366 6.045 5.727
1.671 1.730 1.782 1.828 1.867 1.900 1.927 1.947 1.961 1.971 2.336 2.720 3.122 3.544 3.985 4.445 4.924 5.422 5.939 6.476 7.031 7.606 8.075 8.542 9.013 9.490 9.971 10.456 10.946 11.441 11.940 12.444 12.952 13.465 13.823 14.144 14.447 14.731 14.997 15.244 15.473 15.683 15.874 16.047 16.201 16.337 15.983 15.417 14.859 14.310 13.770 13.238 12.715 12.200 11.693 11.196 10.707 10.226 9.803 9.410 9.032 8.670 8.324 7.994 7.679 7.380 7.097 6.830 6.578 6.343 6.071 5.791
2.301 2.337 2.367 2.390 2.407 2.417 2.421 2.419 2.411 2.396 2.764 3.215 3.685 4.174 4.682 5.210 5.756 6.321 6.906 7.509 8.132 8.774 9.287 9.770 10.258 10.750 11.247 11.749 12.254 12.765 13.280 13.800 14.324 14.853 15.190 15.446 15.683 15.902 16.102 16.122 16.013 15.898 15.778 15.653 15.523 15.388 14.969 14.433 13.905 13.386 12.876 12.374 11.881 11.396 10.920 10.452 9.993 9.543 9.158 8.820 8.497 8.191 7.900 7.625 7.365 7.122 6.894 6.682 6.485 6.305 6.087 5.844
2.937 2.951 2.958 2.958 2.953 2.940 2.922 2.897 2.866 2.828 3.171 3.689 4.226 4.783 5.358 5.953 6.566 7.199 7.850 8.521 9.211 9.920 10.493 10.992 11.496 12.004 12.517 13.034 13.556 14.082 14.613 15.149 15.454 15.676 15.703 15.601 15.495 15.383 15.266 15.143 15.016 14.883 14.746 14.603 14.455 14.301 13.947 13.441 12.944 12.455 11.975 11.503 11.040 10.585 10.139 9.702 9.273 8.852 8.498 8.215 7.948 7.697 7.461 7.241 7.037 6.849 6.676 6.519 6.378 6.252 6.093 5.887
3.580 3.570 3.555 3.533 3.504 3.470 3.429 3.381 3.328 3.267 3.556 4.141 4.746 5.370 6.012 6.674 7.355 8.054 8.773 9.511 10.268 11.044 11.692 12.207 12.727 12.997 13.243 13.482 13.714 13.940 14.158 14.369 14.574 14.771 14.821 14.702 14.577 14.447 14.312 14.172 14.026 13.875 13.720 13.559 13.393 13.221 12.919 12.443 11.976 11.517 11.067 10.625 10.192 9.767 9.351 8.944 8.545 8.155 7.824 7.597 7.385 7.188 7.008 6.843 6.694 6.561 6.443 6.341 6.255 6.184 6.089 5.920
4.228 4.196 4.158 4.113 4.062 4.005 3.942 3.872 3.795 3.713 3.920 4.572 5.244 5.935 6.645 7.374 8.121 8.869 9.476 10.060 10.623 11.164 11.587 11.830 12.065 12.294 12.516 12.731 12.939 13.140 13.334 13.521 13.701 13.875 13.946 13.809 13.666 13.518 13.365 13.206 13.043 12.874 12.700 12.521 12.337 12.148 11.884 11.438 11.001 10.572 10.152 9.740 9.337 8.942 8.556 8.179 7.810 7.450 7.136 6.963 6.807 6.666 6.540 6.430 6.336 6.258 6.196 6.149 6.118 6.102 6.075 5.944
4.882 4.828 4.767 4.700 4.627 4.547 4.461 4.368 4.269 4.164 4.259 4.943 5.605 6.244 6.862 7.457 8.031 8.583 9.112 9.620 10.105 10.569 10.965 11.183 11.395 11.599 11.797 11.988 12.171 12.348 12.518 12.681 12.837 12.987 13.078 12.922 12.761 12.595 12.424 12.248 12.066 11.880 11.688 11.491 11.289 11.082 10.841 10.426 10.019 9.620 9.230 8.848 8.475 8.110 7.754 7.407 7.068 6.737 6.433 6.316 6.214 6.128 6.058 6.003 5.964 5.941 5.934 5.942 5.965 6.005 6.052 5.957
5.543 5.466 5.382 5.263 5.121 4.989 4.866 4.752 4.647 4.552 4.538 5.145 5.729 6.291 6.831 7.350 7.846 8.320 8.772 9.203 9.611 9.997 10.351 10.545 10.732 10.913 11.086 11.253 11.412 11.565 11.711 11.850 11.982 12.107 12.216 12.042 11.864 11.680 11.491 11.296 11.097 10.892 10.682 10.467 10.247 10.022 9.791 9.407 9.029 8.661 8.301 7.949 7.606 7.271 6.945 6.628 6.319 6.018 5.726 5.654 5.608 5.577 5.561 5.562 5.578 5.609 5.657 5.752 5.872 5.989 6.103 6.064
5.823 5.686 5.559 5.440 5.331 5.231 5.140 5.058 4.985 4.922 4.867 5.369 5.876 6.361 6.824 7.265 7.684 8.081 8.456 8.809 9.140 9.450 9.737 9.915 10.078 10.234 10.384 10.526 10.662 10.790 10.912 11.027 11.135 11.236 11.330 11.169 10.973 10.771 10.563 10.351 10.134 9.911 9.683 9.450 9.212 8.969 8.721 8.381 8.033 7.695 7.364 7.043 6.730 6.425 6.129 5.841 5.562 5.291 5.029 4.978 5.073 5.204 5.332 5.456 5.578 5.696 5.812 5.924 6.033 6.139 6.242 6.227
5.894 5.790 5.694 5.608 5.531 5.463 5.404 5.354 5.313 5.282 5.259 5.617 6.047 6.455 6.841 7.204 7.546 7.866 8.164 8.440 8.694 8.926 9.136 9.293 9.432 9.564 9.689 9.808 9.919 10.024 10.121 10.212 10.296 10.373 10.443 10.303 10.088 9.868 9.643 9.413 9.177 8.937 8.691 8.440 8.184 7.923 7.656 7.348 7.030 6.721 6.421 6.129 5.846 5.667 5.523 5.397 5.290 5.202 5.132 5.200 5.323 5.443 5.560 5.674 5.785 5.892 5.997 6.098 6.197 6.292 6.385 6.389
5.955 5.883 5.819 5.765 5.720 5.684 5.657 5.639 5.631 5.631 5.641 5.889 6.241 6.572 6.880 7.167 7.432 7.674 7.895 8.094 8.271 8.426 8.559 8.679 8.794 8.902 9.003 9.097 9.185 9.265 9.339 9.405 9.465 9.518 9.564 9.443 9.210 8.972 8.729 8.481 8.227 7.969 7.705 7.436 7.162 6.883 6.677 6.470 6.279 6.107 5.954 5.819 5.703 5.605 5.526 5.466 5.424 5.401 5.396 5.463 5.576 5.685 5.791 5.894 5.994 6.091 6.185 6.276 6.363 6.448 6.530 6.549
6.006 5.966 5.934 5.912 5.899 5.895 5.900 5.915 5.938 5.970 6.012 6.183 6.458 6.712 6.943 7.153 7.341 7.506 7.650 7.772 7.872 7.950 8.007 8.073 8.164 8.248 8.325 8.395 8.459 8.515 8.564 8.607 8.643 8.671 8.693 8.589 8.339 8.083 7.833 7.644 7.451 7.252 7.049 6.841 6.628 6.410 6.188 5.999 5.874 5.767 5.679 5.609 5.558 5.525 5.512 5.516 5.540 5.581 5.642 5.729 5.831 5.929 6.024 6.117 6.206 6.292 6.376 6.456 6.533 6.607 6.678 6.707
6.047 6.038 6.039 6.049 6.068 6.096 6.133 6.179 6.235 6.299 6.373 6.501 6.699 6.875 7.030 7.162 7.273 7.362 7.429 7.474 7.497 7.498 7.478 7.475 7.542 7.602 7.655 7.701 7.741 7.773 7.798 7.845 7.943 8.027 8.094 8.073 7.881 7.685 7.484 7.279 7.068 6.853 6.633 6.408 6.178 5.943 5.704 5.510 5.450 5.408 5.385 5.381 5.395 5.427 5.479 5.548 5.637 5.744 5.869 5.997 6.088 6.176 6.261 6.342 6.421 6.496 6.569 6.638 6.705 6.768 6.828 6.864
6.077 6.101 6.134 6.176 6.227 6.287 6.356 6.434 6.521 6.618 6.723 6.841 6.962 7.062 7.139 7.195 7.229 7.241 7.231 7.199 7.145 7.070 6.972 6.886 6.986 7.138 7.275 7.397 7.503 7.594 7.669 7.729 7.773 7.802 7.816 7.780 7.572 7.359 7.141 6.919 6.691 6.459 6.222 5.980 5.733 5.482 5.225 5.004 5.009 5.032 5.074 5.134 5.214 5.311 5.427 5.562 5.716 5.887 6.078 6.268 6.348 6.425 6.499 6.570 6.638 6.703 6.765 6.823 6.879 6.932 6.981 7.019
6.098 6.153 6.218 6.292 6.375 6.467 6.568 6.678 6.797 6.926 7.063 7.205 7.249 7.272 7.272 7.251 7.208 7.161 7.130 7.110 7.102 7.106 7.121 7.151 7.264 7.363 7.446 7.513 7.565 7.602 7.623 7.629 7.619 7.594 7.554 7.493 7.268 7.039 6.804 6.564 6.320 6.071 5.817 5.558 5.294 5.026 4.752 4.479 4.549 4.638 4.745 4.870 5.014 5.177 5.358 5.558 5.776 6.013 6.268 6.542 6.611 6.677 6.741 6.801 6.858 6.912 6.963 7.011 7.056 7.098 7.137 7.173
6.108 6.196 6.293 6.398 6.513 6.637 6.770 6.912 7.063 7.224 7.343 7.441 7.396 7.347 7.310 7.285 7.271 7.269 7.278 7.299 7.332 7.376 7.431 7.498 7.559 7.603 7.632 7.645 7.643 7.626 7.593 7.545 7.481 7.402 7.308 7.198 6.970 6.723 6.472 6.215 5.954 5.688 5.417 5.141 4.861 4.575 4.285 3.990 4.072 4.225 4.397 4.588 4.797 5.024 5.270 5.535 5.818 6.120 6.440 6.779 6.876 6.932 6.985 7.034 7.081 7.124 7.164 7.202 7.236 7.267 7.295 7.321
6.109 6.228 6.357 6.508 6.647 6.775 6.890 6.994 7.086 7.165 7.233 7.290 7.288 7.280 7.284 7.299 7.326 7.364 7.414 7.475 7.548 7.633 7.729 7.837 7.868 7.859 7.833 7.793 7.737 7.665 7.579 7.477 7.359 7.226 7.078 6.914 6.677 6.413 6.145 5.872 5.593 5.311 5.023 4.730 4.433 4.130 3.823 3.512 3.577 3.795 4.032 4.287 4.561 4.854 5.165 5.494 5.842 6.209 6.594 6.997 7.144 7.189 7.231 7.270 7.306 7.339 7.368 7.367 7.320 7.271 7.221 7.168
6.340 6.473 6.594 6.704 6.801 6.887 6.961 7.023 7.073 7.111 7.137 7.151 7.168 7.201 7.245 7.301 7.368 7.447 7.537 7.639 7.753 7.878 8.014 8.162 8.194 8.130 8.051 7.957 7.847 7.721 7.581 7.425 7.253 7.066 6.864 6.647 6.390 6.109 5.824 5.533 5.238 4.939 4.634 4.325 4.010 3.691 3.367 3.039 3.064 3.347 3.649 3.969 4.308 4.665 5.041 5.435 5.848 6.279 6.729 7.197 7.377 7.336 7.294 7.250 7.204 7.156 7.106 7.054 7.001 6.946 6.889 6.830
6.674 6.765 6.845 6.912 6.968 7.012 7.044 7.064 7.073 7.069 7.054 7.026 7.035 7.109 7.193 7.290 7.398 7.517 7.648 7.790 7.944 8.110 8.287 8.475 8.535 8.418 8.284 8.136 7.972 7.793 7.599 7.389 7.163 6.923 6.667 6.396 6.107 5.810 5.508 5.201 4.889 4.572 4.251 3.924 3.593 3.257 2.917 2.571 2.533 2.881 3.248 3.633 4.036 4.467 4.900 5.323 5.737 6.142 6.538 6.925 7.111 7.064 7.015 6.964 6.912 6.858 6.802 6.744 6.684 6.622 6.559 6.494
7.020 7.070 7.108 7.134 7.148 7.150 7.140 7.119 7.085 7.040 6.983 6.914 6.891 7.005 7.130 7.267 7.415 7.575 7.746 7.929 8.123 8.329 8.547 8.776 8.892 8.721 8.534 8.331 8.114 7.881 7.632 7.369 7.090 6.795 6.485 6.160 5.831 5.516 5.197 4.873 4.545 4.211 3.873 3.530 3.182 2.829 2.539 2.266 2.218 2.665 3.102 3.530 3.949 4.359 4.759 5.151 5.534 5.907 6.272 6.627 6.847 6.793 6.738 6.681 6.623 6.562 6.499 6.435 6.369 6.301 6.231 6.160
7.379 7.387 7.383 7.367 7.340 7.300 7.249 7.186 7.111 7.024 6.926 6.815 6.734 6.888 7.054 7.231 7.420 7.620 7.832 8.055 8.290 8.536 8.794 9.064 9.265 9.039 8.799 8.542 8.271 7.984 7.682 7.365 7.032 6.684 6.320 5.941 5.559 5.228 4.892 4.633 4.379 4.120 3.855 3.585 3.309 3.028 2.741 2.448 2.276 2.691 3.097 3.493 3.880 4.259 4.628 4.988 5.339 5.681 6.014 6.338 6.585 6.525 6.464 6.400 6.335 6.268 6.199 6.129 6.056 5.982 5.906 5.828
7.750 7.717 7.671 7.614 7.545 7.464 7.371 7.266 7.150 7.021 6.881 6.729 6.565 6.759 6.966 7.183 7.412 7.653 7.905 8.169 8.444 8.731 9.029 9.339 9.653 9.374 9.079 8.769 8.444 8.104 7.748 7.377 7.024 6.687 6.364 6.056 5.763 5.506 5.244 4.976 4.703 4.424 4.140 3.850 3.555 3.254 2.947 2.636 2.343 2.726 3.100 3.465 3.821 4.168 4.506 4.834 5.154 5.464 5.766 6.058 6.325 6.259 6.191 6.122 6.050 5.977 5.902 5.825 5.746 5.665 5.583 5.498
8.105 8.060 7.972 7.873 7.763 7.640 7.505 7.359 7.201 7.031 6.849 6.655 6.450 6.618 6.865 7.123 7.393 7.674 7.966 8.270 8.586 8.913 9.252 9.602 9.950 9.638 9.248 8.873 8.513 8.168 7.837 7.522 7.221 6.935 6.663 6.407 6.165 5.894 5.612 5.325 5.032 4.734 4.430 4.121 3.806 3.486 3.160 2.828 2.491 2.771 3.113 3.446 3.771 4.086 4.392 4.689 4.977 5.257 5.527 5.787 6.039 5.995 5.921 5.845 5.767 5.687 5.606 5.523 5.437 5.350 5.262 5.171
8.446 8.415 8.286 8.145 7.993 7.829 7.653 7.465 7.265 7.054 6.830 6.595 6.348 6.465 6.752 7.051 7.361 7.756 8.269 8.703 9.060 9.339 9.541 9.665 9.711 9.458 9.120 8.796 8.488 8.194 7.915 7.651 7.402 7.167 6.948 6.743 6.552 6.286 5.985 5.679 5.366 5.049 4.726 4.397 4.063 3.723 3.377 3.027 2.670 2.824 3.134 3.436 3.729 4.013 4.288 4.553 4.810 5.058 5.296 5.526 5.746 5.733 5.653 5.570 5.486 5.400 5.312 5.223 5.131 5.038 4.943 4.846
8.771 8.782 8.612 8.430 8.236 8.030 7.813 7.583 7.342 7.089 7.000 7.142 7.330 7.765 8.316 8.789 9.185 9.502 9.743 9.905 9.990 9.997 9.927 9.779 9.553 9.262 8.976 8.704 8.447 8.205 7.978 7.765 7.568 7.385 7.216 7.063 6.924 6.684 6.364 6.038 5.706 5.369 5.026 4.678 4.324 3.965 3.600 3.230 2.854 2.885 3.165 3.435 3.697 3.949 4.192 4.426 4.652 4.868 5.075 5.273 5.462 5.474 5.387 5.298 5.208 5.115 5.021 4.925 4.827 4.727 4.626 4.523
9.081 9.163 8.951 8.833 8.813 8.840 8.912 9.031 9.196 9.406 9.663 9.966 10.315 10.680 10.958 11.159 11.283 11.329 11.297 11.188 11.001 10.736 10.394 9.975 9.477 9.052 8.817 8.597 8.391 8.201 8.025 7.864 7.718 7.586 7.470 7.368 7.280 7.087 6.747 6.402 6.051 5.694 5.332 4.965 4.591 4.213 3.829 3.439 3.044 2.956 3.204 3.443 3.673 3.894 4.106 4.309 4.502 4.687 4.863 5.030 5.187 5.216 5.123 5.028 4.931 4.832 4.732 4.629 4.539 4.472 4.409 4.350
9.907 10.171 10.220 10.316 10.457 10.645 10.878 11.158 11.483 11.855 12.273 12.736 13.246 13.673 13.680 13.609 13.461 13.235 12.932 12.551 12.092 11.556 10.943 10.252 9.483 8.826 8.643 8.474 8.320 8.181 8.057 7.948 7.853 7.773 7.707 7.657 7.621 7.496 7.136 6.771 6.401 6.025 5.643 5.256 4.864 4.466 4.062 3.653 3.239 3.035 3.252 3.460 3.658 3.848 4.028 4.200 4.362 4.515 4.660 4.795 4.921 4.968 4.886 4.809 4.736 4.667 4.602 4.541 4.484 4.431 4.382 4.337
11.007 11.280 11.490 11.746 12.049 12.397 12.791 13.232 13.718 14.251 14.829 15.453 16.124 16.746 16.482 16.139 15.719 15.222 14.647 13.995 13.265 12.457 11.573 10.610 9.571 8.585 8.454 8.336 8.234 8.147 8.074 8.016 7.972 7.944 7.930 7.931 7.946 7.909 7.530 7.146 6.756 6.361 5.960 5.553 5.142 4.724 4.301 3.873 3.439 3.124 3.309 3.485 3.652 3.810 4.121 4.475 4.743 4.924 5.019 5.026 4.947 4.811 4.744 4.680 4.621 4.566 4.515 4.468 4.425 4.386 4.351 4.320
