DATA/SHG/ECMWF/20170628/EN-3/20170708.en-3.asc
ncols        190
nrows        64
xllcorner    -5100000.000000000000
yllcorner    4130000.000000000000
cellsize     10000.000000000000
NODATA_value  -99999.000
[rows 32 to 63 of 64, columns 72 to 143 of 190]
16.014 15.867 15.271 14.700 14.154 13.633 13.136 12.665 12.218 11.796 11.400 11.028 10.681 10.414 10.412 10.373 10.298 10.185 10.034 9.847 9.622 9.360 9.063 8.737 8.380 8.137 8.386 8.659 8.958 9.283 9.633 10.008 10.409 10.836 11.287 11.765 12.267 12.665 12.821 12.969 13.110 13.244 13.370 13.488 13.599 13.715 13.872 14.040 14.222 14.699 15.490 16.268 17.033 17.785 18.524 19.250 19.964 20.664 21.351 22.025 22.686 23.009 23.103 23.194 23.282 23.366 23.448 23.526 23.602 23.674 23.743 23.810
15.914 15.905 15.397 14.912 14.452 14.017 13.607 13.222 12.862 12.526 12.215 11.930 11.669 11.437 11.306 11.139 10.934 10.691 10.412 10.096 9.742 9.351 8.924 8.467 7.981 7.554 7.915 8.301 8.713 9.151 9.613 10.102 10.615 11.154 11.719 12.309 12.919 13.405 13.517 13.641 13.777 13.926 14.088 14.262 14.448 14.648 14.859 15.083 15.320 15.741 16.475 17.195 17.903 18.598 19.280 19.949 20.605 21.247 21.877 22.494 23.098 23.448 23.528 23.606 23.680 23.751 23.819 23.884 23.946 24.005 24.061 24.113
15.795 15.854 15.500 15.101 14.727 14.379 14.055 13.756 13.481 13.232 13.007 12.808 12.633 12.483 12.233 11.937 11.603 11.231 10.823 10.378 9.895 9.376 8.819 8.232 7.615 6.969 7.416 7.939 8.560 9.176 9.787 10.393 10.994 11.590 12.181 12.767 13.348 13.881 14.048 14.227 14.419 14.623 14.840 15.069 15.311 15.565 15.832 16.111 16.403 16.795 17.472 18.135 18.786 19.423 20.048 20.659 21.258 21.844 22.416 22.976 23.523 23.890 23.956 24.020 24.081 24.138 24.193 24.244 24.293 24.338 24.380 24.420
15.657 15.785 15.579 15.266 14.979 14.716 14.478 14.265 14.077 13.914 13.776 13.662 13.573 13.510 13.193 12.767 12.304 11.804 11.267 10.774 10.361 9.905 9.385 8.807 8.195 7.549 7.968 8.572 9.171 9.765 10.354 10.938 11.517 12.091 12.660 13.224 13.783 14.337 14.564 14.799 15.046 15.305 15.577 15.862 16.159 16.468 16.790 17.125 17.472 17.862 18.481 19.087 19.680 20.261 20.828 21.382 21.924 22.452 22.968 23.471 23.960 24.333 24.387 24.437 24.484 24.528 24.569 24.607 24.642 24.674 24.703 24.729
15.502 15.698 15.635 15.408 15.207 15.030 14.879 14.752 14.650 14.572 14.520 14.492 14.578 14.822 14.723 14.376 13.986 13.553 13.076 12.557 11.994 11.388 10.717 9.987 9.224 8.426 8.627 9.209 9.786 10.358 10.925 11.487 12.044 12.596 13.143 13.685 14.222 14.754 15.066 15.356 15.658 15.973 16.300 16.640 16.992 17.357 17.734 18.124 18.526 18.940 19.502 20.051 20.587 21.110 21.621 22.118 22.602 23.074 23.532 23.978 24.410 24.780 24.820 24.856 24.890 24.921 24.948 24.973 24.994 25.013 25.028 25.040
15.328 15.592 15.667 15.527 15.412 15.342 15.348 15.421 15.562 15.771 16.047 16.390 16.801 17.279 17.293 16.796 16.256 15.672 15.046 14.376 13.664 12.908 12.086 11.205 10.290 9.341 9.291 9.851 10.406 10.956 11.501 12.041 12.576 13.106 13.631 14.150 14.665 15.175 15.554 15.899 16.257 16.627 17.009 17.404 17.811 18.231 18.663 19.108 19.565 20.035 20.536 21.028 21.507 21.973 22.426 22.866 23.293 23.707 24.109 24.497 24.873 25.229 25.255 25.278 25.299 25.316 25.330 25.341 25.349 25.354 25.356 25.355
15.092 15.368 15.549 15.587 15.692 15.864 16.104 16.411 16.786 17.228 17.738 18.315 18.959 19.671 19.899 19.252 18.562 17.829 17.052 16.233 15.370 14.465 13.492 12.459 11.393 10.292 9.960 10.498 11.031 11.559 12.081 12.599 13.112 13.620 14.123 14.621 15.114 15.602 16.028 16.428 16.841 17.266 17.703 18.153 18.616 19.091 19.578 20.078 20.590 21.115 21.582 22.016 22.438 22.847 23.243 23.626 23.997 24.354 24.698 25.029 25.348 25.653 25.693 25.703 25.710 25.713 25.714 25.712 25.706 25.698 25.686 25.672
14.776 15.046 15.307 15.578 15.917 16.323 16.796 17.337 17.946 18.622 19.365 20.175 21.053 21.999 22.542 21.745 20.905 20.022 19.095 18.126 17.114 16.058 14.935 13.751 12.533 11.281 10.633 11.149 11.660 12.166 12.667 13.163 13.654 14.140 14.620 15.096 15.567 16.033 16.488 16.943 17.410 17.891 18.383 18.888 19.406 19.936 20.478 21.033 21.600 22.180 22.640 23.018 23.382 23.734 24.073 24.399 24.712 25.013 25.300 25.574 25.836 26.084 26.134 26.130 26.123 26.114 26.013 25.704 25.401 25.103 24.812 24.527
14.462 14.726 15.001 15.506 16.078 16.718 17.425 18.200 19.042 19.951 20.927 21.971 23.083 24.261 25.220 24.274 23.284 22.251 21.175 20.056 18.894 17.689 16.415 15.080 13.711 12.308 11.311 11.805 12.294 12.778 13.257 13.731 14.200 14.664 15.123 15.577 16.026 16.470 16.933 17.443 17.966 18.501 19.049 19.609 20.181 20.766 21.364 21.974 22.596 23.231 23.710 24.031 24.339 24.634 24.916 25.185 25.441 25.638 25.631 25.558 25.417 25.210 24.918 24.611 24.311 24.017 23.728 23.446 23.169 22.899 22.635 22.377
14.150 14.407 14.663 15.371 16.177 17.050 17.991 18.999 20.074 21.216 22.426 23.703 25.048 26.459 27.935 26.839 25.699 24.517 23.291 22.023 20.711 19.356 17.932 16.446 14.926 13.372 11.993 12.465 12.932 13.394 13.851 14.303 14.750 15.192 15.629 16.061 16.489 16.911 17.364 17.929 18.507 19.097 19.700 20.315 20.943 21.583 22.235 22.900 23.573 24.255 24.767 24.933 25.033 25.066 25.032 24.931 24.763 24.529 24.228 23.860 23.425 22.923 22.523 22.243 21.969 21.702 21.440 21.185 20.935 20.691 20.454 20.222
13.841 14.091 14.340 15.173 16.212 17.319 18.493 19.734 21.042 22.418 23.860 25.371 26.948 28.593 30.305 29.440 28.151 26.819 25.444 24.026 22.565 21.061 19.486 17.849 16.178 14.473 12.734 13.131 13.576 14.016 14.451 14.881 15.306 15.726 16.141 16.551 16.956 17.357 17.781 18.383 18.858 19.379 19.944 20.554 21.209 21.910 22.655 23.445 24.281 25.161 25.789 25.661 25.466 25.204 24.876 24.481 24.019 23.490 22.895 22.233 21.504 20.708 20.124 19.871 19.625 19.384 19.149 18.920 18.697 18.480 18.270 18.065
13.533 13.778 14.020 14.912 16.184 17.524 18.931 20.405 21.946 23.555 25.231 26.974 28.784 30.661 32.606 32.078 30.640 29.158 27.634 26.066 24.456 22.802 21.077 19.289 17.467 15.611 13.721 13.800 14.223 14.642 15.047 15.297 15.531 15.750 15.954 16.143 16.317 16.475 16.624 17.253 17.927 18.646 19.410 20.219 21.073 21.972 22.916 23.905 24.939 26.019 26.880 26.457 25.968 25.412 24.790 24.100 23.344 22.522 21.632 20.676 19.653 18.564 17.723 17.497 17.276 17.062 16.854 16.652 16.456 16.266 16.082 15.904
13.228 13.466 13.702 14.588 16.093 17.666 19.306 21.013 22.787 24.629 26.537 28.513 30.556 32.666 34.843 34.752 33.164 31.533 29.859 28.143 26.383 24.580 22.412 20.256 18.139 16.064 14.028 13.653 13.881 14.094 14.292 14.475 14.642 14.795 14.932 15.054 15.161 15.253 15.329 16.075 16.948 17.866 18.829 19.836 20.889 21.987 23.129 24.317 25.550 26.827 28.040 27.323 26.540 25.690 24.774 23.790 22.740 21.624 20.440 19.190 17.873 16.490 15.318 15.119 14.925 14.738 14.556 14.381 14.212 14.048 13.891 13.740
12.925 13.156 13.386 14.201 15.940 17.745 19.618 21.558 23.564 25.639 27.780 29.988 32.264 34.606 37.016 36.802 34.449 32.147 29.897 27.697 25.548 23.450 21.416 19.437 17.498 15.600 13.742 13.116 13.277 13.424 13.555 13.671 13.772 13.857 13.928 13.983 14.023 14.048 14.057 14.850 15.922 17.038 18.199 19.406 20.657 21.953 23.294 24.680 26.111 27.587 29.108 28.259 27.181 26.038 24.827 23.550 22.206 20.796 19.319 17.775 16.165 14.488 12.910 12.737 12.570 12.410 12.255 12.106 11.964 11.827 11.696 11.572
12.624 12.849 13.072 13.752 15.723 17.761 19.866 22.039 23.999 25.888 27.712 29.469 31.159 32.783 34.341 34.530 32.353 30.227 28.152 26.128 24.155 22.233 20.375 18.574 16.812 15.092 13.411 12.597 12.692 12.771 12.835 12.885 12.919 12.937 12.941 12.929 12.903 12.861 12.804 13.578 14.848 16.162 17.522 18.927 20.377 21.871 23.411 24.995 26.624 28.299 30.018 29.263 27.892 26.454 24.950 23.379 21.742 20.038 18.267 16.430 14.526 12.556 10.519 10.353 10.213 10.079 9.951 9.829 9.713 9.603 9.499 9.401
12.329 12.664 12.943 13.415 15.407 17.334 19.194 20.987 22.715 24.376 25.970 27.499 28.961 30.356 31.686 32.215 30.214 28.263 26.364 24.516 22.719 20.972 19.290 17.666 16.083 14.539 13.036 12.095 12.123 12.136 12.134 12.116 12.083 12.035 11.972 11.894 11.800 11.692 11.568 12.258 13.726 15.239 16.797 18.400 20.048 21.741 23.479 25.261 27.089 28.961 30.879 30.336 28.671 26.940 25.143 23.278 21.348 19.350 17.286 15.156 12.959 10.695 8.365 7.965 7.851 7.744 7.643 7.547 7.458 7.375 7.297 7.226
13.069 13.212 13.299 13.336 15.100 16.798 18.429 19.994 21.493 22.925 24.292 25.591 26.825 27.992 29.093 29.856 28.031 26.257 24.533 22.860 21.238 19.667 18.162 16.715 15.309 13.943 12.617 11.612 11.573 11.519 11.449 11.365 11.266 11.151 11.021 10.876 10.716 10.541 10.350 10.890 12.557 14.268 16.025 17.826 19.672 21.563 23.499 25.479 27.505 29.576 31.691 31.478 29.520 27.496 25.405 23.247 21.023 18.732 16.375 13.952 11.461 8.905 6.282 5.574 5.487 5.406 5.332 5.263 5.200 5.144 5.206 5.552
13.860 13.811 13.707 13.548 14.855 16.324 17.727 19.063 20.334 21.538 22.676 23.747 24.753 25.692 26.564 27.371 25.805 24.206 22.658 21.161 19.714 18.318 16.990 15.720 14.491 13.302 12.153 11.145 11.039 10.919 10.783 10.632 10.466 10.284 10.088 9.876 9.649 9.407 9.150 9.475 11.340 13.250 15.204 17.204 19.248 21.337 23.471 25.649 27.873 30.141 32.454 32.689 30.438 28.120 25.736 23.285 20.768 18.185 15.534 12.818 10.035 7.228 4.585 3.815 4.082 4.380 4.707 5.066 5.454 5.873 6.322 6.801
14.702 14.462 14.167 13.816 14.671 15.912 17.086 18.195 19.237 20.213 21.122 21.966 22.743 23.454 24.099 24.677 23.536 22.113 20.740 19.418 18.147 16.926 15.773 14.681 13.629 12.617 11.645 10.714 10.524 10.336 10.134 9.916 9.683 9.435 9.172 8.894 8.601 8.292 7.968 8.013 10.076 12.184 14.336 16.533 18.776 21.062 23.394 25.771 28.192 30.658 33.169 33.969 31.396 28.587 25.814 23.077 20.376 17.710 15.080 12.486 9.928 7.406 4.919 3.967 4.368 4.799 5.260 5.751 6.272 6.824 7.406 8.019
15.595 15.164 14.678 14.136 14.550 15.562 16.508 17.388 18.202 18.950 19.632 20.247 20.796 21.279 21.696 22.047 21.224 19.976 18.778 17.631 16.535 15.490 14.513 13.598 12.723 11.888 11.093 10.339 10.026 9.772 9.502 9.218 8.919 8.604 8.274 7.930 7.570 7.195 6.804 6.504 8.765 11.070 13.421 15.818 18.285 20.693 23.042 25.332 27.562 29.733 31.845 32.815 30.127 27.475 24.859 22.278 19.733 17.224 14.751 12.314 9.913 7.547 5.217 4.089 4.623 5.187 5.781 6.405 7.059 7.744 8.459 9.205
16.540 15.918 15.240 14.507 14.490 15.274 15.992 16.644 17.230 17.750 18.203 18.591 18.912 19.168 19.357 19.480 18.869 17.796 16.773 15.802 14.881 14.010 13.210 12.471 11.773 11.115 10.497 9.919 9.545 9.224 8.889 8.538 8.172 7.791 7.394 7.183 7.007 6.853 6.723 6.617 8.851 11.237 13.563 15.830 18.037 20.185 22.274 24.304 26.274 28.185 30.037 31.353 28.822 26.327 23.867 21.443 19.055 16.703 14.387 12.106 9.861 7.652 5.479 4.180 4.847 5.543 6.270 7.027 7.815 8.633 9.481 10.359
17.536 16.722 15.854 14.930 14.491 15.048 15.538 15.962 16.320 16.612 16.838 16.997 17.091 17.119 17.080 16.976 16.471 15.573 14.725 13.928 13.182 12.487 11.862 11.301 10.779 10.298 9.937 9.590 9.297 9.060 8.846 8.655 8.488 8.343 8.223 8.125 8.051 8.000 7.973 7.969 9.707 11.832 13.898 15.905 17.852 19.741 21.570 23.340 25.050 26.702 28.294 29.827 27.482 25.143 22.840 20.573 18.341 16.146 13.986 11.862 9.773 7.721 5.704 4.240 5.039 5.869 6.729 7.619 8.539 9.490 10.471 11.482
18.582 17.578 16.519 15.404 14.555 14.883 15.145 15.342 15.472 15.536 15.534 15.466 15.333 15.133 14.867 14.535 14.030 13.306 12.853 12.518 12.183 11.845 11.503 11.155 10.806 10.457 10.105 9.753 9.495 9.360 9.249 9.160 9.095 9.054 9.036 9.041 9.069 9.121 9.196 9.294 10.624 12.490 14.296 16.043 17.731 19.360 20.929 22.439 23.890 25.282 26.614 27.888 26.106 23.924 21.777 19.667 17.592 15.552 13.549 11.581 9.649 7.753 5.893 4.269 5.201 6.163 7.156 8.179 9.232 10.315 11.429 12.573
19.680 18.485 17.235 15.930 14.679 14.780 14.815 14.783 14.686 14.523 14.293 14.155 14.080 14.006 13.934 13.863 13.742 13.406 13.068 12.728 12.386 12.043 11.695 11.342 10.987 10.632 10.275 9.917 9.667 9.634 9.625 9.639 9.677 9.738 9.822 9.929 10.060 10.214 10.392 10.593 11.604 13.210 14.757 16.244 17.672 19.041 20.351 21.602 22.793 23.926 24.999 26.013 24.695 22.669 20.679 18.725 16.806 14.923 13.076 11.265 9.489 7.749 6.045 4.377 5.332 6.427 7.552 8.708 9.894 11.110 12.356 13.632
20.829 19.443 18.002 16.507 14.947 14.778 14.699 14.622 14.545 14.471 14.398 14.326 14.255 14.186 14.118 14.051 13.970 13.627 13.284 12.938 12.591 12.242 11.888 11.530 11.170 10.808 10.446 10.082 9.812 9.882 9.975 10.092 10.232 10.395 10.582 10.792 11.025 11.281 11.561 11.864 12.647 13.993 15.280 16.508 17.677 18.787 19.837 20.828 21.760 22.633 23.447 24.202 23.248 21.379 19.545 17.747 15.985 14.258 12.567 10.912 9.293 7.709 6.161 4.649 5.431 6.659 7.917 9.206 10.524 11.873 13.251 14.660
21.057 19.505 18.018 16.594 15.235 14.919 14.844 14.772 14.700 14.630 14.562 14.494 14.428 14.364 14.301 14.239 14.178 13.850 13.501 13.150 12.797 12.443 12.083 11.719 11.353 10.986 10.618 10.249 9.931 10.104 10.299 10.518 10.761 11.026 11.315 11.627 11.963 12.322 12.704 13.109 13.752 14.839 15.866 16.835 17.744 18.595 19.386 20.118 20.791 21.405 21.959 22.455 21.766 20.053 18.376 16.734 15.128 13.557 12.023 10.524 9.061 7.633 6.241 4.885 5.500 6.861 8.251 9.672 11.123 12.604 14.116 15.657
20.400 19.070 17.803 16.601 15.463 15.058 14.989 14.920 14.854 14.788 14.724 14.662 14.600 14.540 14.482 14.425 14.369 14.075 13.720 13.363 13.005 12.645 12.280 11.909 11.538 11.165 10.792 10.416 10.040 10.299 10.597 10.919 11.263 11.631 12.022 12.437 12.875 13.336 13.820 14.328 14.919 15.747 16.515 17.225 17.875 18.466 18.998 19.471 19.885 20.240 20.536 20.772 20.249 18.692 17.171 15.685 14.235 12.821 11.442 10.100 8.792 7.521 6.285 5.085 5.538 7.031 8.550 10.044 11.504 12.928 14.317 15.671
19.684 18.574 17.529 16.548 15.632 15.196 15.131 15.068 15.006 14.945 14.886 14.828 14.771 14.716 14.662 14.609 14.558 14.300 13.939 13.577 13.213 12.848 12.477 12.101 11.724 11.346 10.966 10.586 10.203 10.469 10.869 11.292 11.739 12.209 12.703 13.220 13.760 14.323 14.909 15.519 16.149 16.718 17.227 17.677 18.068 18.401 18.674 18.888 19.043 19.139 19.175 19.153 18.696 17.295 15.930 14.601 13.307 12.054 10.876 9.743 8.654 7.609 6.609 5.653 5.914 7.325 8.701 10.042 11.348 12.618 13.853 15.053
18.908 18.020 17.195 16.435 15.740 15.333 15.273 15.214 15.156 15.100 15.045 14.992 14.940 14.889 14.840 14.792 14.746 14.527 14.161 13.793 13.423 13.052 12.676 12.294 11.912 11.528 11.142 10.756 10.368 10.612 11.114 11.640 12.189 12.761 13.357 13.976 14.618 15.283 15.972 16.684 17.419 17.751 18.001 18.192 18.325 18.398 18.412 18.367 18.262 18.035 17.807 17.576 17.178 15.972 14.811 13.694 12.622 11.594 10.610 9.671 8.776 7.926 7.120 6.358 6.409 7.666 8.888 10.075 11.227 12.343 13.425 14.471
18.072 17.405 16.802 16.263 15.788 15.468 15.412 15.358 15.305 15.254 15.204 15.155 15.108 15.062 15.017 14.974 14.932 14.755 14.383 14.010 13.634 13.258 12.876 12.489 12.100 11.711 11.320 10.928 10.534 10.729 11.334 11.962 12.613 13.287 13.985 14.706 15.450 16.217 17.008 17.822 18.372 18.281 18.060 17.837 17.611 17.384 17.155 16.924 16.691 16.456 16.220 15.981 15.702 14.690 13.724 12.801 11.923 11.089 10.299 9.554 8.853 8.197 7.585 7.017 6.938 8.042 9.110 10.143 11.141 12.104 13.032 13.924
17.178 16.731 16.349 16.030 15.776 15.602 15.551 15.501 15.453 15.406 15.361 15.317 15.274 15.233 15.193 15.154 15.117 14.984 14.607 14.228 13.847 13.465 13.077 12.684 12.290 11.895 11.498 11.101 10.702 10.820 11.527 12.143 12.721 13.283 13.830 14.363 14.880 15.383 15.870 16.343 16.801 16.773 16.544 16.312 16.079 15.843 15.606 15.366 15.125 14.882 14.636 14.389 14.140 13.364 12.591 11.863 11.178 10.538 9.943 9.392 8.885 8.422 8.004 7.630 7.503 8.452 9.367 10.247 11.091 11.900 12.674 13.412
16.224 15.998 15.836 15.738 15.705 15.734 15.688 15.643 15.600 15.557 15.517 15.477 15.439 15.402 15.367 15.333 15.300 15.215 14.832 14.447 14.061 13.673 13.235 12.765 12.285 11.794 11.293 10.781 10.259 10.108 10.650 11.177 11.689 12.186 12.668 13.135 13.588 14.025 14.447 14.855 15.247 15.269 15.031 14.791 14.549 14.306 14.060 13.812 13.562 13.311 13.057 12.802 12.544 11.993 11.414 10.879 10.389 9.943 9.541 9.184 8.871 8.602 8.378 8.197 8.102 8.898 9.659 10.385 11.075 11.731 12.351 12.936
