DATA/SHG/ECMWF/20170628/EN-3/20170711.en-3.asc
ncols        190
nrows        64
xllcorner    -5100000.000000000000
yllcorner    4130000.000000000000
cellsize     10000.000000000000
NODATA_value  -99999.000
[rows 0 to 31 of 64, columns 74 to 147 of 190]
3.201 3.338 3.474 3.608 3.740 3.872 4.002 4.087 4.096 4.128 4.175 4.235 4.308 4.394 4.494 4.608 4.734 4.875 5.028 5.268 5.742 6.204 6.663 7.121 7.577 8.031 8.484 8.935 9.383 9.831 10.276 10.660 10.831 10.973 11.086 11.170 11.226 11.252 11.249 11.217 11.156 11.066 10.947 10.726 10.270 9.813 9.355 8.896 8.435 7.974 7.512 7.049 6.585 6.120 5.655 5.199 4.784 4.378 3.982 3.594 3.217 2.848 2.489 2.139 1.799 1.468 1.146 0.889 0.798 0.714 0.638 0.570 0.509 0.455
3.279 3.410 3.548 3.695 3.851 4.015 4.189 4.349 4.415 4.495 4.588 4.695 4.815 4.948 5.095 5.255 5.428 5.615 5.816 6.056 6.523 6.976 7.428 7.878 8.326 8.772 9.217 9.659 10.100 10.539 10.977 11.369 11.411 11.423 11.406 11.361 11.286 11.182 11.050 10.888 10.697 10.478 10.229 9.930 9.469 9.008 8.545 8.082 7.618 7.152 6.686 6.219 5.750 5.281 4.811 4.353 3.979 3.615 3.260 2.915 2.579 2.252 1.934 1.626 1.327 1.038 0.758 0.518 0.461 0.411 0.369 0.334 0.307 0.287
3.306 3.467 3.636 3.814 4.001 4.196 4.401 4.609 4.722 4.849 4.989 5.142 5.309 5.489 5.682 5.889 6.109 6.343 6.590 6.850 7.305 7.750 8.194 8.635 9.075 9.514 9.950 10.385 10.818 11.249 11.678 12.106 12.021 11.904 11.758 11.582 11.378 11.145 10.882 10.591 10.271 9.922 9.543 9.136 8.671 8.205 7.738 7.271 6.802 6.332 5.862 5.390 4.918 4.444 3.970 3.498 3.166 2.843 2.530 2.226 1.932 1.647 1.371 1.105 0.848 0.600 0.361 0.166 0.196 0.235 0.284 0.342 0.410 0.487
3.323 3.515 3.715 3.924 4.142 4.369 4.604 4.849 5.016 5.190 5.377 5.577 5.790 6.017 6.257 6.510 6.777 7.057 7.351 7.658 8.087 8.524 8.960 9.394 9.826 10.256 10.685 11.111 11.536 11.960 12.381 12.801 12.663 12.416 12.140 11.835 11.501 11.138 10.747 10.326 9.876 9.397 8.890 8.353 7.875 7.405 6.934 6.462 5.989 5.515 5.040 4.564 4.087 3.609 3.131 2.651 2.344 2.063 1.834 1.649 1.467 1.288 1.111 0.937 0.766 0.598 0.432 0.269 0.325 0.406 0.497 0.597 0.706 0.824
3.332 3.555 3.786 4.026 4.275 4.533 4.799 5.075 5.298 5.518 5.751 5.998 6.258 6.532 6.818 7.118 7.432 7.759 8.099 8.452 8.870 9.299 9.727 10.153 10.577 10.999 11.420 11.839 12.256 12.671 13.084 13.496 13.336 12.959 12.554 12.119 11.656 11.164 10.642 10.092 9.513 8.905 8.268 7.602 7.081 6.607 6.131 5.655 5.178 4.766 4.400 4.024 3.638 3.241 2.834 2.418 2.188 2.009 1.834 1.661 1.491 1.324 1.160 0.998 0.839 0.682 0.529 0.378 0.445 0.568 0.700 0.841 0.992 1.152
3.333 3.586 3.848 4.119 4.399 4.688 4.985 5.292 5.567 5.833 6.113 6.407 6.713 7.034 7.367 7.714 8.074 8.447 8.834 9.234 9.653 10.075 10.495 10.913 11.329 11.743 12.156 12.567 12.976 13.383 13.789 14.192 14.039 13.533 12.998 12.434 11.842 11.220 10.570 9.890 9.230 8.606 7.991 7.388 6.951 6.591 6.220 5.839 5.448 5.046 4.635 4.213 3.781 3.339 2.887 2.425 2.161 1.995 1.831 1.671 1.513 1.358 1.205 1.055 0.908 0.764 0.623 0.484 0.555 0.719 0.893 1.076 1.269 1.471
3.325 3.609 3.902 4.204 4.515 4.835 5.163 5.500 5.823 6.136 6.463 6.803 7.156 7.522 7.902 8.296 8.702 9.122 9.555 10.002 10.438 10.852 11.263 11.673 12.082 12.488 12.893 13.296 13.697 14.096 14.494 14.832 14.642 13.980 13.328 12.687 12.056 11.436 10.827 10.228 9.639 9.062 8.494 7.938 7.470 7.064 6.647 6.221 5.784 5.337 4.880 4.413 3.936 3.448 2.950 2.442 2.131 1.977 1.826 1.677 1.531 1.388 1.248 1.110 0.975 0.843 0.714 0.587 0.655 0.861 1.077 1.302 1.536 1.779
3.309 3.624 3.948 4.281 4.623 4.973 5.333 5.701 6.066 6.426 6.799 7.186 7.585 7.999 8.425 8.865 9.318 9.784 10.264 10.757 11.223 11.629 11.986 12.318 12.643 12.962 13.274 13.579 13.878 14.170 14.456 14.735 14.664 14.048 13.444 12.849 12.266 11.693 11.130 10.578 10.037 9.506 8.986 8.476 7.999 7.547 7.085 6.613 6.131 5.638 5.136 4.623 4.100 3.567 3.024 2.471 2.098 1.957 1.817 1.681 1.547 1.416 1.288 1.162 1.039 0.919 0.802 0.687 0.746 0.994 1.251 1.518 1.793 2.078
3.284 3.631 3.985 4.349 4.722 5.103 5.493 5.892 6.297 6.703 7.123 7.556 8.002 8.462 8.932 9.392 9.843 10.285 10.719 11.143 11.536 11.852 12.161 12.463 12.759 13.048 13.331 13.607 13.876 14.139 14.396 14.645 14.674 14.105 13.547 13.000 12.463 11.937 11.422 10.917 10.422 9.938 9.465 9.002 8.537 8.040 7.533 7.015 6.488 5.950 5.402 4.844 4.275 3.697 3.108 2.510 2.063 1.933 1.806 1.682 1.560 1.441 1.325 1.212 1.101 0.993 0.887 0.785 0.828 1.117 1.416 1.724 2.041 2.368
3.252 3.629 4.014 4.409 4.813 5.225 5.646 6.095 6.588 7.070 7.544 8.008 8.464 8.911 9.349 9.778 10.197 10.609 11.011 11.404 11.776 12.063 12.342 12.615 12.882 13.142 13.395 13.642 13.882 14.116 14.343 14.563 14.672 14.151 13.640 13.139 12.650 12.170 11.702 11.244 10.796 10.359 9.933 9.517 9.087 8.544 7.991 7.428 6.855 6.272 5.678 5.075 4.461 3.837 3.203 2.559 2.025 1.908 1.792 1.680 1.571 1.464 1.359 1.258 1.159 1.063 0.970 0.879 0.900 1.231 1.571 1.921 2.279 2.647
3.254 3.753 4.250 4.746 5.240 5.732 6.223 6.712 7.199 7.650 8.092 8.526 8.950 9.366 9.773 10.170 10.559 10.939 11.310 11.672 12.022 12.281 12.531 12.775 13.012 13.243 13.467 13.684 13.895 14.099 14.297 14.488 14.659 14.184 13.720 13.267 12.824 12.392 11.970 11.559 11.158 10.768 10.388 10.019 9.646 9.058 8.459 7.851 7.233 6.604 5.965 5.316 4.657 3.988 3.308 2.619 1.985 1.879 1.776 1.676 1.578 1.483 1.391 1.302 1.215 1.131 1.049 0.971 0.963 1.335 1.717 2.108 2.508 2.917
3.912 4.405 4.897 5.386 5.875 6.361 6.846 7.329 7.810 8.237 8.648 9.051 9.444 9.828 10.204 10.571 10.928 11.277 11.617 11.948 12.267 12.506 12.727 12.942 13.149 13.351 13.545 13.733 13.915 14.090 14.258 14.420 14.575 14.207 13.790 13.383 12.987 12.602 12.227 11.862 11.508 11.165 10.832 10.510 10.198 9.582 8.938 8.284 7.620 6.946 6.262 5.568 4.864 4.149 3.424 2.690 1.945 1.848 1.757 1.668 1.583 1.500 1.420 1.342 1.268 1.196 1.126 1.083 1.094 1.541 1.981 2.415 2.842 3.263
4.570 5.058 5.543 6.027 6.510 6.990 7.469 7.947 8.422 8.832 9.212 9.583 9.945 10.298 10.643 10.978 11.305 11.623 11.931 12.231 12.519 12.738 12.930 13.115 13.294 13.466 13.631 13.790 13.942 14.088 14.227 14.360 14.486 14.218 13.847 13.488 13.138 12.800 12.472 12.154 11.847 11.550 11.264 10.989 10.724 10.116 9.427 8.728 8.019 7.299 6.570 5.830 5.081 4.321 3.551 2.771 1.980 1.814 1.745 1.694 1.653 1.621 1.598 1.583 1.578 1.582 1.595 1.617 1.648 2.040 2.451 2.856 3.254 3.646
5.229 5.711 6.191 6.669 7.145 7.620 8.093 8.565 9.035 9.433 9.782 10.122 10.453 10.776 11.089 11.393 11.689 11.976 12.253 12.522 12.778 12.978 13.140 13.296 13.445 13.588 13.724 13.854 13.977 14.093 14.203 14.306 14.403 14.217 13.893 13.581 13.278 12.986 12.705 12.434 12.174 11.924 11.685 11.456 11.237 10.660 9.926 9.182 8.427 7.627 6.798 5.982 5.181 4.395 3.622 2.864 2.120 1.927 1.908 1.898 1.897 1.904 1.921 1.947 1.982 2.026 2.079 2.141 2.211 2.544 2.927 3.303 3.672 4.035
5.889 6.364 6.838 7.311 7.781 8.250 8.718 9.184 9.648 10.042 10.360 10.669 10.969 11.260 11.542 11.816 12.080 12.336 12.583 12.821 13.046 13.224 13.357 13.484 13.604 13.717 13.824 13.925 14.018 14.106 14.186 14.260 14.328 14.205 13.928 13.662 13.406 13.161 12.927 12.702 12.443 12.136 11.821 11.499 11.170 10.539 9.715 8.906 8.112 7.331 6.565 5.813 5.075 4.351 3.642 2.947 2.266 2.041 2.062 2.092 2.131 2.178 2.235 2.301 2.376 2.460 2.553 2.655 2.766 3.054 3.408 3.755 4.096 4.430
6.548 7.018 7.487 7.953 8.418 8.881 9.343 9.803 10.261 10.658 10.945 11.223 11.492 11.752 12.003 12.246 12.479 12.704 12.920 13.126 13.320 13.478 13.582 13.679 13.770 13.854 13.932 14.003 14.067 14.125 14.177 14.210 14.226 14.115 13.827 13.531 13.228 12.918 12.600 12.274 11.941 11.601 11.253 10.898 10.535 9.975 9.215 8.469 7.738 7.020 6.317 5.628 4.954 4.293 3.647 3.015 2.398 2.146 2.206 2.276 2.355 2.443 2.540 2.646 2.760 2.884 3.017 3.159 3.310 3.571 3.895 4.214 4.525 4.831
7.209 7.673 8.135 8.596 9.055 9.513 9.969 10.423 10.875 11.281 11.537 11.784 12.022 12.251 12.472 12.683 12.886 13.079 13.264 13.440 13.603 13.738 13.805 13.858 13.904 13.940 13.969 13.989 14.001 14.005 14.001 13.988 13.967 13.855 13.533 13.205 12.868 12.524 12.173 11.814 11.448 11.075 10.693 10.305 9.909 9.398 8.701 8.018 7.350 6.696 6.056 5.430 4.818 4.221 3.638 3.069 2.514 2.240 2.341 2.451 2.570 2.698 2.835 2.980 3.135 3.299 3.472 3.654 3.844 4.092 4.388 4.678 4.961 5.237
7.870 8.328 8.785 9.240 9.693 10.145 10.595 11.043 11.490 11.912 12.137 12.353 12.560 12.758 12.951 13.172 13.365 13.529 13.666 13.774 13.850 13.898 13.922 13.939 13.947 13.947 13.939 13.923 13.898 13.865 13.824 13.775 13.717 13.603 13.249 12.887 12.517 12.140 11.756 11.364 10.964 10.557 10.143 9.721 9.292 8.806 8.173 7.553 6.948 6.356 5.779 5.217 4.668 4.134 3.614 3.108 2.616 2.326 2.467 2.617 2.775 2.943 3.120 3.306 3.500 3.704 3.917 4.138 4.369 4.620 4.887 5.147 5.402 5.649
8.531 8.984 9.435 9.884 10.331 10.777 11.222 11.677 12.209 12.762 13.032 13.267 13.474 13.653 13.804 13.927 14.021 14.087 14.126 14.135 14.113 14.062 14.049 14.029 14.000 13.964 13.919 13.866 13.804 13.735 13.657 13.571 13.477 13.361 12.973 12.577 12.175 11.764 11.347 10.921 10.489 10.049 9.601 9.146 8.683 8.201 7.630 7.073 6.531 6.003 5.489 4.989 4.504 4.032 3.575 3.132 2.703 2.402 2.583 2.773 2.971 3.179 3.396 3.621 3.856 4.099 4.352 4.614 4.884 5.153 5.391 5.623 5.848 6.067
9.191 9.646 10.122 10.620 11.140 11.682 12.245 12.831 13.438 14.067 14.302 14.440 14.548 14.629 14.682 14.706 14.702 14.670 14.610 14.522 14.400 14.250 14.184 14.128 14.062 13.989 13.908 13.818 13.720 13.614 13.499 13.377 13.246 13.107 12.705 12.277 11.841 11.397 10.946 10.488 10.022 9.549 9.068 8.580 8.084 7.581 7.073 6.580 6.100 5.635 5.184 4.747 4.325 3.916 3.522 3.142 2.776 2.469 2.690 2.919 3.158 3.405 3.662 3.927 4.202 4.485 4.778 5.079 5.390 5.692 5.901 6.104 6.301 6.491
9.791 10.321 10.874 11.448 12.044 12.661 13.301 13.962 14.645 15.350 15.597 15.636 15.647 15.629 15.584 15.510 15.408 15.278 15.119 14.933 14.713 14.464 14.329 14.235 14.134 14.024 13.906 13.779 13.645 13.502 13.351 13.192 13.024 12.848 12.447 11.985 11.516 11.039 10.555 10.063 9.564 9.058 8.544 8.022 7.493 6.957 6.502 6.072 5.655 5.253 4.865 4.491 4.131 3.786 3.454 3.137 2.834 2.545 2.787 3.056 3.335 3.622 3.919 4.224 4.538 4.862 5.194 5.535 6.014 6.649 7.043 7.369 7.625 7.813
10.369 10.975 11.604 12.254 12.926 13.619 14.334 15.072 15.831 16.611 16.916 16.857 16.769 16.654 16.510 16.338 16.138 15.909 15.653 15.369 15.050 14.702 14.483 14.353 14.214 14.068 13.913 13.750 13.579 13.399 13.212 13.016 12.812 12.600 12.196 11.701 11.199 10.689 10.172 9.647 9.115 8.575 8.028 7.474 6.912 6.342 5.917 5.549 5.196 4.856 4.531 4.220 3.923 3.641 3.372 3.118 2.877 2.651 2.875 3.350 4.061 4.756 5.438 6.104 6.756 7.394 8.017 8.625 9.219 9.798 9.917 9.938 9.890 9.773
10.926 11.608 12.312 13.038 13.786 14.555 15.347 16.159 16.994 17.851 18.259 18.102 17.916 17.702 17.460 17.190 16.892 16.566 16.212 15.829 15.412 14.965 14.645 14.479 14.304 14.121 13.929 13.730 13.522 13.306 13.082 12.849 12.609 12.360 11.955 11.427 10.891 10.348 9.798 9.240 8.674 8.102 7.521 6.934 6.339 5.736 5.318 5.013 4.722 4.446 4.284 4.327 4.431 4.597 4.824 5.113 5.463 5.875 6.490 7.150 7.795 8.426 9.042 9.644 10.231 10.804 11.362 11.905 12.434 12.949 12.856 12.572 12.219 11.798
11.461 12.220 13.000 13.801 14.625 15.470 16.337 17.226 18.136 19.068 19.626 19.370 19.087 18.775 18.435 18.067 17.671 17.247 16.795 16.314 15.799 15.253 14.817 14.614 14.402 14.183 13.955 13.719 13.475 13.222 12.961 12.692 12.415 12.130 11.722 11.160 10.592 10.016 9.432 8.841 8.243 7.679 7.186 6.704 6.231 5.767 5.566 5.635 5.765 5.958 6.212 6.527 6.904 7.342 7.842 8.404 9.027 9.711 10.364 10.959 11.539 12.105 12.657 13.194 13.716 14.224 14.717 15.196 15.660 16.109 15.859 15.270 14.613 13.887
11.976 12.810 13.665 14.543 15.442 16.363 17.306 18.270 19.256 20.264 21.017 20.663 20.282 19.872 19.434 18.968 18.474 17.952 17.402 16.824 16.210 15.565 14.998 14.758 14.510 14.254 13.990 13.717 13.436 13.147 12.850 12.545 12.244 11.965 11.611 11.093 10.585 10.087 9.599 9.120 8.651 8.192 7.743 7.303 6.873 6.453 6.335 6.677 7.080 7.545 8.072 8.660 9.309 10.020 10.792 11.626 12.522 13.479 14.247 14.778 15.293 15.795 16.281 16.753 17.211 17.654 18.082 18.496 18.896 19.280 18.926 18.033 17.072 16.042
12.468 13.378 14.310 15.263 16.238 17.234 18.253 19.293 20.355 21.438 22.432 21.980 21.501 20.993 20.458 19.894 19.302 18.682 18.035 17.359 16.647 15.903 15.188 14.899 14.591 14.290 13.994 13.706 13.423 13.147 12.877 12.613 12.355 12.104 11.812 11.337 10.873 10.417 9.972 9.537 9.111 8.695 8.288 7.892 7.505 7.128 7.038 7.653 8.329 9.066 9.865 10.725 11.647 12.630 13.675 14.781 15.949 17.178 18.141 18.606 19.057 19.494 19.916 20.323 20.716 21.094 21.458 21.807 22.142 22.462 22.058 20.861 19.595 18.262
12.940 13.926 14.933 15.962 17.012 18.084 19.178 20.294 21.431 22.590 23.771 23.321 22.744 22.138 21.505 20.803 19.849 18.939 18.073 17.250 16.476 15.745 15.049 14.753 14.474 14.200 13.933 13.671 13.417 13.168 12.926 12.690 12.460 12.236 12.002 11.571 11.149 10.737 10.335 9.942 9.559 9.186 8.823 8.469 8.126 7.791 7.675 8.562 9.510 10.520 11.591 12.724 13.918 15.173 16.490 17.868 19.308 20.809 22.044 22.445 22.831 23.203 23.560 23.903 24.231 24.544 24.843 25.128 25.398 25.653 25.253 23.753 22.184 20.546
13.391 14.452 15.535 16.639 17.765 18.913 20.082 21.274 22.400 23.186 23.925 23.232 22.254 21.321 20.432 19.586 18.784 18.025 17.311 16.640 16.019 15.442 14.899 14.601 14.349 14.103 13.864 13.630 13.403 13.182 12.968 12.760 12.558 12.362 12.172 11.793 11.414 11.045 10.686 10.337 9.997 9.667 9.346 9.036 8.735 8.444 8.246 9.405 10.626 11.908 13.251 14.655 16.121 17.649 19.237 20.888 22.599 24.372 25.957 26.293 26.615 26.922 27.214 27.492 27.756 28.005 28.239 28.459 28.664 28.855 28.513 26.709 24.836 22.895
13.820 14.909 15.861 16.766 17.624 18.435 19.199 19.916 20.586 21.209 21.785 21.368 20.543 19.762 19.024 18.330 17.680 17.074 16.511 15.992 15.524 15.100 14.710 14.443 14.218 14.000 13.788 13.583 13.383 13.190 13.003 12.823 12.648 12.480 12.318 12.005 11.669 11.343 11.027 10.720 10.423 10.136 9.859 9.591 9.333 9.085 8.847 10.182 11.675 13.229 14.844 16.520 18.258 20.057 21.917 23.839 25.822 27.867 29.880 30.152 30.409 30.651 30.879 31.092 31.291 31.475 31.645 31.800 31.941 32.068 31.837 29.730 27.554 25.309
13.446 14.282 15.071 15.813 16.508 17.156 17.757 18.311 18.818 19.278 19.691 19.468 18.795 18.165 17.579 17.037 16.539 16.084 15.673 15.306 14.990 14.719 14.483 14.277 14.080 13.890 13.706 13.528 13.356 13.191 13.032 12.879 12.732 12.592 12.458 12.206 11.913 11.630 11.357 11.093 10.839 10.595 10.360 10.136 9.921 9.715 9.520 10.894 12.658 14.483 16.370 18.318 20.328 22.398 24.530 26.723 28.978 31.294 33.671 34.020 34.212 34.390 34.553 34.702 34.836 34.956 35.061 35.152 35.228 35.290 34.969 31.978 29.046 26.172
13.026 13.699 14.325 14.904 15.436 15.921 16.359 16.751 17.095 17.392 17.642 17.530 17.009 16.531 16.097 15.706 15.360 15.056 14.797 14.581 14.418 14.300 14.217 14.105 13.936 13.773 13.617 13.466 13.322 13.185 13.053 12.928 12.809 12.696 12.590 12.396 12.146 11.906 11.675 11.455 11.244 11.043 10.851 10.669 10.497 10.334 10.182 11.539 13.575 15.672 17.830 20.049 22.330 24.672 27.075 29.540 32.066 34.653 37.301 37.898 38.026 37.866 37.177 36.504 35.847 35.206 34.582 33.973 33.381 32.805 32.244 29.653 26.978 24.361
12.651 13.161 13.624 14.040 14.410 14.732 15.007 15.236 15.417 15.551 15.639 15.555 15.185 14.859 14.577 14.338 14.143 13.991 13.883 13.819 13.808 13.843 13.913 13.926 13.784 13.649 13.520 13.398 13.282 13.172 13.068 12.970 12.879 12.794 12.715 12.575 12.368 12.171 11.984 11.806 11.638 11.479 11.330 11.191 11.062 10.943 10.833 12.118 14.425 16.794 19.223 21.714 24.140 26.241 28.268 30.221 32.099 33.903 35.633 35.658 35.008 34.375 33.757 33.156 32.570 32.001 31.448 30.911 30.390 29.885 29.396 27.274 24.856 22.496
