DATA/SHG/ECMWF/20170628/EN-3/20170703.en-3.asc
ncols        190
nrows        64
xllcorner    -5100000.000000000000
yllcorner    4130000.000000000000
cellsize     10000.000000000000
NODATA_value  -99999.000
[rows 32 to 63 of 64, columns 72 to 143 of 190]
7.008 7.005 7.124 7.221 7.295 7.345 7.373 7.379 7.361 7.320 7.257 7.170 7.061 7.081 7.882 8.721 9.599 10.515 11.470 12.464 13.495 14.566 15.661 16.775 17.920 18.798 18.670 18.538 18.403 18.264 18.122 17.976 17.827 17.674 17.519 17.359 17.196 16.947 16.523 16.075 15.601 15.103 14.580 14.031 13.458 13.010 12.887 12.620 12.211 12.686 14.214 15.649 16.992 18.243 19.401 20.467 21.441 22.322 23.111 23.808 24.412 24.286 23.695 23.099 22.495 21.886 21.270 20.648 20.019 19.384 18.742 18.094
7.782 7.844 7.884 7.901 7.895 7.866 7.815 7.740 7.643 7.523 7.380 7.214 7.026 6.856 7.790 8.763 9.775 10.825 11.913 13.040 14.206 15.410 16.640 17.889 19.169 20.331 20.187 20.040 19.889 19.735 19.577 19.416 19.252 19.084 18.912 18.738 18.807 19.598 19.984 20.227 20.327 20.285 20.100 19.773 19.302 18.689 17.933 17.035 15.994 15.659 16.778 17.805 18.740 19.583 20.333 20.991 21.557 22.030 22.411 22.700 22.896 22.669 22.051 21.426 20.794 20.156 19.512 18.862 18.205 17.541 16.871 16.195
8.532 8.677 8.663 8.601 8.516 8.408 8.277 8.123 7.946 7.747 7.525 7.279 7.011 6.721 7.663 8.770 9.915 11.099 12.321 13.581 14.880 16.218 17.582 18.967 20.381 21.827 21.706 21.771 22.695 23.609 24.514 25.409 26.295 27.172 28.040 28.898 29.747 30.481 30.234 29.845 29.313 28.639 27.821 26.861 25.759 24.514 23.126 21.596 19.923 18.724 19.436 20.055 20.582 21.017 21.359 21.609 21.767 21.833 21.807 21.688 21.477 21.061 20.415 19.761 19.102 18.436 17.763 17.085 16.399 15.708 15.010 14.305
9.259 9.487 9.463 9.322 9.157 8.970 8.759 8.526 8.270 7.991 7.690 7.365 7.018 6.648 7.501 8.741 10.020 11.337 12.693 14.457 16.923 19.580 22.293 25.034 27.926 30.969 32.200 33.090 33.971 34.842 35.705 36.558 37.401 38.236 39.061 39.877 40.683 41.480 40.627 39.606 38.442 37.135 35.686 34.095 32.360 30.484 28.464 26.303 23.998 21.884 22.187 22.399 22.518 22.545 22.480 22.323 22.074 21.732 21.298 20.772 20.154 19.462 18.787 18.106 17.418 16.724 16.023 15.316 14.603 13.883 13.157 12.424
9.962 10.273 10.284 10.063 9.819 9.552 9.262 8.950 8.615 8.257 7.876 7.472 7.256 7.295 8.619 10.791 13.155 15.709 18.454 21.390 24.517 27.834 31.213 34.622 38.182 41.893 43.557 44.405 45.243 46.072 46.892 47.702 48.504 49.296 50.078 50.851 51.615 52.370 51.162 49.509 47.714 45.775 43.695 41.472 39.106 36.598 33.948 31.155 28.220 25.142 25.032 24.837 24.548 24.168 23.696 23.132 22.475 21.727 20.886 19.953 18.928 17.872 17.169 16.459 15.743 15.021 14.292 13.557 12.815 12.067 11.312 10.552
10.641 11.036 11.125 10.825 10.501 10.317 10.287 10.277 10.285 10.313 10.360 10.425 10.510 10.614 12.066 14.900 17.924 21.139 24.545 28.141 31.929 35.907 39.949 44.026 48.254 52.633 54.910 55.715 56.511 57.298 58.075 58.843 59.602 60.352 61.092 61.823 62.544 63.256 61.839 59.555 57.128 54.559 51.847 48.993 45.997 42.858 39.577 36.154 32.588 28.880 27.971 27.368 26.673 25.886 25.006 24.035 22.972 21.816 20.569 19.229 17.798 16.290 15.559 14.821 14.077 13.326 12.569 11.806 11.036 10.260 9.477 8.688
11.857 12.591 13.096 13.075 13.073 13.090 13.126 13.181 13.255 13.349 13.461 13.593 13.743 13.913 15.335 18.829 22.514 26.389 30.456 34.712 39.159 43.797 48.504 53.248 58.143 63.189 66.260 67.022 67.776 68.520 69.255 69.981 70.697 71.404 72.102 72.790 73.469 74.139 72.658 69.743 66.685 63.485 60.143 56.658 53.032 49.263 45.351 41.298 37.102 32.764 31.003 29.993 28.891 27.697 26.411 25.033 23.563 22.001 20.347 18.601 16.763 14.833 13.958 13.191 12.419 11.640 10.855 10.063 9.266 8.461 7.650 6.833
14.000 14.894 15.651 15.696 15.759 15.842 15.943 16.064 16.204 16.363 16.541 16.738 16.954 17.190 18.425 22.579 26.924 31.460 36.186 41.102 46.209 51.506 56.876 62.287 67.849 73.562 77.605 78.326 79.037 79.739 80.431 81.114 81.788 82.453 83.108 83.754 84.391 85.019 83.619 80.073 76.385 72.555 68.582 64.468 60.211 55.812 51.271 46.588 41.762 36.794 34.128 32.712 31.203 29.603 27.910 26.126 24.250 22.281 20.221 18.069 15.825 13.489 12.365 11.571 10.770 9.963 9.226 8.671 8.114 7.556 6.997 6.437
16.095 17.151 18.185 18.295 18.424 18.572 18.740 18.926 19.132 19.356 19.600 19.862 20.144 20.445 21.336 26.151 31.155 36.350 41.736 47.311 53.077 59.034 65.067 71.144 77.373 83.752 88.947 89.625 90.294 90.954 91.604 92.245 92.876 93.499 94.112 94.715 95.310 95.895 94.722 90.546 86.227 81.767 77.165 72.421 67.534 62.506 57.335 52.023 46.568 40.971 37.347 35.524 33.609 31.602 29.504 27.313 25.031 22.641 20.195 17.803 15.467 13.186 12.083 11.527 10.969 10.411 9.851 9.291 8.729 8.167 7.603 7.039
18.144 19.360 20.623 20.873 21.068 21.282 21.515 21.767 22.038 22.328 22.637 22.965 23.312 23.679 24.069 29.543 35.207 41.061 47.106 53.340 59.765 66.380 73.075 79.819 86.714 93.759 100.286 100.921 101.548 102.165 102.773 103.371 103.961 104.541 105.111 105.673 106.225 106.768 105.966 101.160 96.212 91.123 85.891 80.517 75.002 69.344 63.545 57.603 51.378 44.463 39.379 36.789 34.255 31.776 29.351 26.982 24.667 22.408 20.203 18.053 15.958 13.919 12.727 12.166 11.604 11.041 10.477 9.911 9.345 8.778 8.210 7.641
20.147 21.523 22.946 23.431 23.691 23.970 24.269 24.586 24.923 25.278 25.653 26.047 26.459 26.891 27.342 32.757 39.080 45.593 52.296 59.189 66.272 73.545 80.903 88.312 95.873 103.583 111.444 112.214 112.798 113.373 113.938 114.495 115.042 115.579 116.108 116.627 117.137 117.638 117.352 111.678 103.970 96.434 89.070 81.879 74.861 68.015 61.341 54.840 48.511 42.355 37.398 35.051 32.758 30.520 28.338 26.210 24.137 22.118 20.155 18.247 16.393 14.595 13.371 12.806 12.239 11.671 11.102 10.532 9.961 9.390 8.817 8.243
22.103 23.640 25.223 25.967 26.293 26.638 27.002 27.385 27.787 28.208 28.648 29.107 29.585 30.082 30.598 35.793 42.774 49.945 57.306 64.857 72.598 80.529 88.549 96.624 104.849 113.225 121.751 123.503 124.045 124.577 124.969 122.899 120.850 118.821 116.812 114.824 112.856 110.909 108.921 101.800 94.851 88.075 81.471 75.039 68.780 62.693 56.778 51.036 45.466 40.069 35.363 33.257 31.206 29.210 27.268 25.382 23.550 21.773 20.051 18.384 16.772 15.215 14.016 13.446 12.874 12.302 11.728 11.154 10.578 10.002 9.424 8.845
24.012 25.710 27.454 28.482 28.874 29.284 29.714 30.162 30.629 31.116 31.621 32.145 32.689 33.251 33.833 38.651 46.290 54.119 62.138 70.346 78.745 87.333 94.120 100.613 106.897 112.974 118.841 118.919 116.879 114.860 112.860 110.882 108.923 106.985 105.068 103.171 101.294 99.438 97.603 91.748 85.558 79.541 73.696 68.023 62.523 57.195 52.039 47.055 42.244 37.605 33.273 31.408 29.598 27.844 26.143 24.498 22.908 21.372 19.891 18.465 17.094 15.778 14.662 14.086 13.510 12.933 12.355 11.775 11.195 10.614 10.032 9.448
25.876 27.734 29.637 30.977 31.434 31.910 32.404 32.918 33.451 34.003 34.573 35.163 35.772 36.400 37.046 40.595 47.667 54.477 61.024 67.307 73.328 79.086 84.734 90.311 95.680 100.840 105.792 106.529 104.580 102.652 100.744 98.856 96.989 95.142 93.316 91.510 89.725 87.960 86.215 81.523 76.092 70.834 65.747 60.833 56.091 51.521 47.123 42.897 38.844 34.963 31.254 29.505 27.936 26.422 24.963 23.559 22.209 20.915 19.675 18.490 17.360 16.284 15.307 14.727 14.146 13.564 12.982 12.398 11.813 11.227 10.640 10.052
27.693 29.711 31.775 33.451 33.973 34.514 35.074 35.653 35.717 35.750 35.763 35.755 35.727 35.678 35.609 37.798 43.965 49.869 55.510 60.888 66.003 70.856 75.594 80.255 84.708 88.954 92.991 94.132 92.274 90.437 88.620 86.823 85.047 83.292 81.556 79.841 78.147 76.473 74.819 71.125 66.453 61.952 57.624 53.468 49.483 45.671 42.031 38.563 35.267 32.143 29.191 27.546 26.218 24.945 23.727 22.564 21.456 20.402 19.403 18.459 17.569 16.735 15.955 15.369 14.783 14.196 13.609 13.020 12.431 11.840 11.248 10.656
29.453 31.266 33.043 34.560 34.625 34.670 34.694 34.698 34.681 34.643 34.585 34.507 34.408 34.289 34.149 35.243 40.504 45.503 50.239 54.712 58.922 62.870 66.698 70.445 73.983 77.314 80.436 81.727 79.960 78.214 76.488 74.782 73.097 71.433 69.788 68.164 66.561 64.978 63.415 60.554 56.640 52.897 49.326 45.927 42.700 39.645 36.762 34.051 31.512 29.145 26.950 25.532 24.446 23.414 22.436 21.514 20.646 19.833 19.075 18.372 17.723 17.129 16.589 16.010 15.420 14.829 14.236 13.643 13.049 12.453 11.857 11.260
28.938 30.628 32.283 33.898 33.892 33.866 33.820 33.753 33.665 33.557 33.428 33.279 33.110 32.920 32.709 32.929 37.285 41.379 45.210 48.779 52.085 55.129 58.047 60.879 63.504 65.920 68.129 69.314 67.638 65.983 64.348 62.734 61.139 59.566 58.012 56.479 54.967 53.474 52.002 49.810 46.653 43.668 40.854 38.212 35.742 33.444 31.318 29.364 27.581 25.970 24.532 23.464 22.618 21.827 21.090 20.408 19.781 19.209 18.691 18.228 17.820 17.466 17.168 16.652 16.057 15.461 14.864 14.266 13.667 13.067 12.449 11.783
28.456 30.024 31.557 33.055 33.180 33.083 32.965 32.828 32.670 32.491 32.292 32.072 31.832 31.572 31.291 30.989 34.307 37.496 40.424 43.088 45.491 47.631 49.641 51.559 53.270 54.772 56.068 56.894 55.309 53.745 52.200 50.677 49.173 47.691 46.228 44.786 43.364 41.963 40.582 38.894 36.493 34.265 32.208 30.322 28.609 27.067 25.697 24.499 23.473 22.618 21.935 21.341 20.735 20.185 19.689 19.247 18.861 18.529 18.252 18.029 17.861 17.760 17.696 17.257 16.622 15.975 15.316 14.644 13.961 13.264 12.556 11.835
28.007 29.454 30.865 32.241 32.487 32.319 32.131 31.923 31.694 31.445 31.175 30.885 30.575 30.244 29.892 29.520 31.570 33.855 35.879 37.640 39.140 40.377 41.478 42.483 43.281 43.871 44.253 44.428 42.972 41.498 40.045 38.612 37.199 35.807 34.436 33.084 31.753 30.442 29.152 27.804 26.160 24.688 23.387 22.258 21.301 20.515 19.901 19.459 19.188 19.089 19.161 19.162 18.860 19.044 19.175 19.251 19.274 19.243 19.157 19.018 18.825 18.577 18.276 17.755 17.066 16.365 15.652 14.926 14.188 13.437 12.675 11.900
27.592 28.917 30.206 31.460 31.814 31.576 31.317 31.038 30.739 30.419 30.079 29.719 29.337 28.936 28.514 28.072 29.073 30.456 31.576 32.435 33.032 33.366 33.560 33.652 33.537 33.214 32.684 31.947 30.626 29.244 27.881 26.539 25.217 23.916 22.635 21.374 20.134 18.914 17.714 16.543 15.654 14.938 14.393 14.046 14.865 15.739 16.668 17.652 18.691 19.785 20.935 21.867 21.868 21.815 21.708 21.547 21.333 21.064 20.741 20.364 19.934 19.449 18.911 18.265 17.522 16.767 15.999 15.219 14.427 13.623 12.806 11.977
27.211 28.414 29.582 30.714 31.161 30.852 30.523 30.174 29.804 29.414 29.003 28.572 28.121 27.649 27.156 26.644 26.817 27.297 27.515 27.471 27.166 26.599 25.885 25.065 24.038 22.803 21.361 19.712 18.273 16.981 15.709 14.458 13.227 12.016 10.826 10.940 11.130 11.317 11.500 11.679 12.467 13.363 14.314 15.320 16.381 17.497 18.669 19.895 21.176 22.513 23.905 25.166 24.930 24.639 24.295 23.897 23.445 22.939 22.379 21.765 21.097 20.375 19.599 18.788 17.990 17.181 16.359 15.525 14.679 13.820 12.950 12.066
26.863 27.944 28.990 30.001 30.527 30.148 29.749 29.329 28.889 28.428 27.947 27.446 26.924 26.382 25.819 25.236 24.801 24.379 23.695 22.749 21.542 20.074 18.453 16.722 14.783 12.637 11.402 10.351 10.060 10.260 10.456 10.649 10.838 11.023 11.204 11.382 11.555 11.725 11.891 12.054 12.954 14.092 15.285 16.533 17.836 19.195 20.608 22.077 23.600 25.179 26.813 28.502 28.044 27.517 26.935 26.300 25.610 24.867 24.070 23.219 22.314 21.355 20.342 19.322 18.471 17.607 16.731 15.843 14.943 14.030 13.105 12.168
26.548 27.508 28.433 29.322 29.914 29.465 28.995 28.505 27.994 27.463 26.912 26.340 25.747 25.135 24.502 23.848 23.025 21.701 20.419 19.273 18.156 17.068 16.005 14.962 13.942 12.946 11.972 11.022 10.621 10.805 10.984 11.160 11.333 11.501 11.666 11.827 11.984 12.137 12.287 12.432 13.380 14.760 16.195 17.686 19.231 20.832 22.487 24.198 25.963 27.784 29.659 31.590 31.212 30.447 29.628 28.756 27.829 26.849 25.815 24.727 23.585 22.389 21.140 19.868 18.963 18.045 17.115 16.173 15.219 14.252 13.273 12.282
26.267 27.106 27.909 28.677 29.321 28.801 28.261 27.700 27.119 26.518 25.896 25.357 24.834 24.280 23.694 23.076 22.339 21.235 20.160 19.113 18.096 17.108 16.145 15.203 14.284 13.389 12.516 11.666 11.186 11.353 11.516 11.676 11.831 11.983 12.131 12.275 12.416 12.552 12.685 12.815 13.745 15.368 17.045 18.778 20.565 22.407 24.305 26.257 28.265 30.327 32.444 34.617 34.432 33.430 32.375 31.265 30.102 28.885 27.614 26.289 24.910 23.478 21.992 20.451 19.467 18.495 17.511 16.515 15.507 14.486 13.453 12.408
26.020 26.737 27.418 28.065 28.811 28.474 28.032 27.559 27.054 26.517 25.948 25.348 24.716 24.052 23.356 22.628 21.854 20.849 19.874 18.927 18.010 17.121 16.259 15.418 14.600 13.805 13.033 12.284 11.755 11.905 12.052 12.194 12.333 12.469 12.600 12.728 12.851 12.972 13.088 13.200 14.051 15.915 17.835 19.809 21.838 23.922 26.062 28.256 30.505 32.809 35.168 37.582 37.706 36.467 35.174 33.828 32.428 30.974 29.466 27.905 26.289 24.620 22.897 21.121 19.983 18.958 17.920 16.869 15.807 14.732 13.646 12.547
26.034 26.837 27.666 28.520 29.401 29.153 28.602 28.019 27.404 26.757 26.079 25.369 24.627 23.853 23.047 22.210 21.341 20.438 19.563 18.716 17.898 17.109 16.347 15.607 14.890 14.196 13.525 12.877 12.327 12.461 12.591 12.717 12.839 12.958 13.072 13.183 13.291 13.394 13.494 13.590 14.297 16.403 18.564 20.780 23.051 25.377 27.757 30.193 32.684 35.229 37.830 40.485 41.032 39.556 38.027 36.444 34.807 33.117 31.372 29.574 27.723 25.817 23.858 21.844 20.511 19.432 18.340 17.236 16.119 14.991 13.850 12.697
26.239 27.132 28.050 28.995 29.966 29.862 29.201 28.508 27.783 27.027 26.239 25.419 24.567 23.684 22.769 21.822 20.843 20.002 19.226 18.479 17.760 17.071 16.409 15.770 15.154 14.560 13.990 13.442 12.918 13.020 13.133 13.243 13.348 13.450 13.549 13.643 13.734 13.821 13.904 13.983 14.482 16.830 19.233 21.690 24.203 26.770 29.392 32.070 34.802 37.589 40.431 43.328 44.411 42.699 40.933 39.113 37.240 35.313 33.332 31.298 29.210 27.068 24.872 22.622 21.052 19.918 18.811 17.816 16.835 15.867 14.914 13.974
26.418 27.401 28.410 29.445 30.506 30.600 29.829 29.026 28.192 27.326 26.428 25.498 24.537 23.544 22.519 21.463 20.375 19.539 18.863 18.216 17.597 17.008 16.446 15.907 15.391 14.899 14.429 13.982 13.558 13.582 13.679 13.772 13.861 13.947 14.028 14.106 14.180 14.250 14.317 14.380 14.608 17.197 19.841 22.540 25.294 28.103 30.967 33.885 36.859 39.887 42.970 46.108 47.843 45.894 43.892 41.836 39.726 37.502 34.941 32.497 30.169 27.959 25.865 23.887 22.457 21.495 20.546 19.610 18.689 17.781 16.886 16.006
26.573 27.646 28.745 29.870 31.021 31.366 30.486 29.573 28.629 27.654 26.646 25.607 24.536 23.434 22.300 21.133 19.936 19.052 18.475 17.927 17.408 16.918 16.456 16.018 15.603 15.211 14.842 14.496 14.173 14.148 14.229 14.305 14.378 14.446 14.511 14.573 14.630 14.684 14.734 14.780 14.823 17.504 20.390 23.330 26.325 29.375 32.480 35.640 38.841 41.407 43.895 46.305 47.804 45.171 42.654 40.254 37.971 35.804 33.754 31.820 30.004 28.303 26.720 25.253 24.058 23.155 22.265 21.389 20.527 19.678 18.843 18.022
26.702 27.865 29.054 30.269 31.511 32.161 31.171 30.149 29.096 28.011 26.894 25.745 24.565 23.353 22.109 20.834 19.527 18.538 18.061 17.613 17.193 16.803 16.441 16.104 15.789 15.498 15.229 14.983 14.761 14.718 14.782 14.841 14.897 14.950 14.998 15.043 15.084 15.121 15.154 15.184 15.113 17.440 20.211 22.904 25.519 28.056 30.515 32.897 35.200 37.426 39.574 41.644 43.435 41.313 39.307 37.417 35.644 33.988 32.448 31.025 29.719 28.529 27.455 26.498 25.643 24.799 23.969 23.152 22.349 21.560 20.784 20.022
26.806 28.060 29.339 30.644 31.975 32.986 31.886 30.755 29.592 28.397 27.171 25.913 24.623 23.301 21.948 20.563 19.147 17.999 17.621 17.273 16.953 16.662 16.400 16.163 15.949 15.758 15.590 15.445 15.323 15.291 15.338 15.380 15.397 15.387 15.351 15.288 15.198 15.082 14.940 14.771 14.575 16.267 18.698 21.050 23.325 25.522 27.641 29.683 31.646 33.532 35.339 37.069 38.722 37.337 35.841 34.462 33.200 32.054 31.024 30.111 29.315 28.635 28.071 27.624 27.213 26.428 25.658 24.900 24.157 23.427 22.710 22.007
26.886 28.229 29.598 30.993 32.414 33.839 32.630 31.389 30.116 28.812 27.477 26.109 24.710 23.279 21.817 20.323 18.797 17.435 17.156 16.907 16.686 16.495 16.384 16.308 16.242 16.184 16.135 16.095 16.064 16.038 15.991 15.918 15.819 15.692 15.540 15.360 15.155 14.922 14.663 14.378 14.066 15.179 17.269 19.282 21.216 23.073 24.853 26.554 28.178 29.723 31.191 32.581 33.894 33.245 32.259 31.390 30.638 30.001 29.482 29.079 28.792 28.622 28.568 28.630 28.768 28.042 27.331 26.633 25.948 25.277 24.620 23.977
