DATA/SHG/ECMWF/20170628/EN-3/20170710.en-3.asc
ncols        190
nrows        64
xllcorner    -5100000.000000000000
yllcorner    4130000.000000000000
cellsize     10000.000000000000
NODATA_value  -99999.000
[rows 32 to 63 of 64, columns 73 to 145 of 190]
9.268 9.110 8.944 8.770 8.587 8.396 8.197 7.989 7.774 7.550 7.317 7.076 6.928 7.291 7.670 8.065 8.476 8.903 9.347 9.806 10.282 10.783 11.308 11.846 12.213 11.974 11.760 11.572 11.410 11.274 11.163 11.078 11.019 10.985 10.978 10.996 10.955 10.762 10.564 10.363 10.157 9.946 9.732 9.513 9.408 9.677 10.014 10.419 11.178 12.226 13.201 14.104 14.935 15.694 16.380 16.994 17.535 18.004 18.401 18.726 18.973 19.156 19.282 19.351 19.363 19.317 19.215 19.055 18.838 18.564 18.233 17.845 17.990
8.591 8.407 8.212 8.009 7.797 7.578 7.350 7.114 6.869 6.616 6.355 6.086 5.833 6.252 6.687 7.139 7.606 8.089 8.589 9.104 9.636 10.194 10.775 11.369 11.900 11.775 11.675 11.601 11.553 11.530 11.534 11.562 11.617 11.697 11.803 11.969 12.204 12.231 12.326 12.489 12.719 13.016 13.382 13.814 14.314 14.882 15.517 16.220 16.985 17.712 18.367 18.950 19.461 19.900 20.266 20.560 20.781 20.931 21.008 21.012 20.973 20.904 20.777 20.594 20.353 20.055 19.700 19.288 18.819 18.293 17.710 17.069 17.007
7.862 7.712 7.488 7.257 7.017 6.768 6.512 6.247 5.973 5.692 5.402 5.104 4.798 5.200 5.692 6.199 6.722 7.262 7.817 8.389 8.976 9.590 10.228 10.879 11.543 11.548 11.586 11.748 11.942 12.169 12.428 12.719 13.044 13.400 13.790 14.212 14.647 14.973 15.366 15.827 16.355 16.951 17.614 18.345 19.143 20.009 20.942 21.942 22.860 23.268 23.603 23.866 24.057 24.175 24.222 24.196 24.098 23.928 23.685 23.371 23.030 22.708 22.329 21.893 21.400 20.850 20.243 19.579 18.857 18.079 17.244 16.351 16.031
7.142 7.026 6.774 6.513 6.244 5.967 5.682 5.388 5.087 4.776 4.458 4.131 3.796 4.135 4.682 5.246 5.825 6.420 7.119 7.949 8.768 9.570 10.355 11.132 11.902 12.223 12.495 12.801 13.139 13.509 13.912 14.348 14.816 15.317 15.850 16.415 17.013 17.638 18.329 19.088 19.914 20.808 21.769 22.798 23.893 25.057 26.288 27.586 28.804 28.892 28.908 28.851 28.722 28.521 28.248 27.903 27.485 26.996 26.434 25.800 25.142 24.568 23.937 23.249 22.503 21.701 20.842 19.926 18.953 17.922 16.835 15.691 15.063
6.432 6.348 6.068 5.778 5.481 5.175 4.861 4.539 4.209 3.870 3.523 3.320 3.246 3.756 4.600 5.435 6.260 7.075 7.881 8.678 9.465 10.234 10.986 11.730 12.467 12.950 13.367 13.816 14.298 14.812 15.359 15.938 16.550 17.195 17.871 18.581 19.323 20.226 21.215 22.272 23.396 24.587 25.846 27.172 28.566 30.027 31.555 33.151 34.814 34.586 34.282 33.906 33.457 32.937 32.345 31.680 30.943 30.134 29.253 28.300 27.310 26.484 25.601 24.661 23.663 22.609 21.498 20.330 19.105 17.823 16.484 15.088 14.102
5.732 5.680 5.370 5.052 5.006 5.161 5.252 5.277 5.238 5.133 4.964 4.730 4.431 4.689 5.500 6.302 7.094 7.877 8.651 9.415 10.169 10.906 11.625 12.336 13.040 13.640 14.201 14.794 15.419 16.077 16.768 17.491 18.246 19.034 19.855 20.708 21.593 22.738 24.025 25.379 26.801 28.290 29.846 31.469 33.160 34.919 36.744 38.637 40.597 40.348 39.725 39.030 38.262 37.423 36.511 35.527 34.471 33.344 32.144 30.872 29.534 28.456 27.321 26.129 24.880 23.574 22.211 20.791 19.315 17.781 16.190 14.543 13.149
7.219 7.872 7.997 8.056 8.051 7.980 7.845 7.646 7.381 7.051 6.657 6.198 5.674 5.628 6.407 7.176 7.936 8.686 9.427 10.159 10.881 11.585 12.271 12.949 13.621 14.293 14.997 15.734 16.503 17.305 18.139 19.006 19.905 20.836 21.800 22.797 23.825 25.173 26.757 28.409 30.128 31.914 33.768 35.689 37.677 39.732 41.855 44.045 46.303 46.180 45.237 44.223 43.136 41.978 40.747 39.445 38.070 36.623 35.105 33.514 31.851 30.484 29.097 27.653 26.153 24.595 22.981 21.310 19.581 17.796 15.954 14.055 12.204
10.765 11.649 11.548 11.382 11.152 10.856 10.496 10.071 9.582 9.027 8.408 7.724 6.975 6.575 7.321 8.058 8.785 9.503 10.211 10.910 11.600 12.271 12.924 13.570 14.208 14.909 15.757 16.637 17.550 18.495 19.472 20.482 21.525 22.600 23.707 24.847 26.019 27.532 29.414 31.362 33.379 35.462 37.613 39.831 42.116 44.468 46.888 49.375 51.929 52.080 50.819 49.486 48.080 46.603 45.054 43.432 41.739 39.974 38.137 36.227 34.246 32.567 30.929 29.234 27.482 25.579 23.464 21.399 19.385 17.422 15.509 13.647 11.836
14.247 15.482 15.156 14.765 14.309 13.789 13.204 12.554 11.839 11.060 10.216 9.307 8.334 7.529 8.242 8.947 9.641 10.327 11.003 11.669 12.327 12.965 13.585 14.198 14.804 15.487 16.478 17.502 18.558 19.647 20.768 21.921 23.107 24.326 25.576 26.860 28.175 29.814 31.993 34.239 36.552 38.933 41.380 43.895 46.477 49.126 51.843 54.626 57.477 58.049 56.469 54.817 53.094 51.298 49.430 47.490 45.301 42.487 39.700 36.941 34.209 31.885 29.790 27.745 25.752 23.809 21.916 20.075 18.284 16.544 14.854 13.215 11.627
17.664 19.229 18.820 18.204 17.523 16.778 15.968 15.094 14.154 13.150 12.082 10.948 9.750 8.490 9.171 9.843 10.505 11.158 11.801 12.436 13.060 13.666 14.254 14.834 15.407 16.028 17.163 18.330 19.530 20.762 22.026 23.323 24.652 26.013 27.407 28.834 30.293 32.021 34.496 37.039 39.649 42.326 45.071 47.882 50.761 53.707 56.720 59.625 61.632 61.618 58.733 55.876 53.046 50.243 47.467 44.719 41.997 39.303 36.636 33.997 31.384 29.174 27.302 25.481 23.710 21.990 20.321 18.702 17.134 15.617 14.150 12.734 11.368
21.017 22.802 22.540 21.699 20.794 19.824 18.789 17.690 16.526 15.298 14.005 12.647 11.225 9.738 10.107 10.746 11.376 11.996 12.608 13.209 13.802 14.375 14.929 15.477 16.017 16.550 17.810 19.121 20.463 21.839 23.246 24.686 26.159 27.663 29.201 30.770 32.372 34.151 36.861 39.042 41.185 43.290 45.358 47.389 49.381 51.336 53.254 55.134 56.976 57.454 54.689 51.951 49.241 46.558 43.901 41.272 38.671 36.096 33.549 31.028 28.535 26.415 24.766 23.167 21.620 20.123 18.676 17.280 15.935 14.640 13.396 12.203 11.060
24.306 26.311 26.316 25.251 24.121 22.927 21.668 20.344 18.956 17.503 15.985 14.403 12.756 11.045 11.050 11.657 12.254 12.842 13.421 13.990 14.550 15.091 15.613 16.127 16.635 17.135 18.420 19.874 21.360 22.863 24.081 25.271 26.433 27.568 28.675 29.755 30.806 31.843 33.896 35.912 37.891 39.831 41.735 43.600 45.428 47.219 48.972 50.687 52.365 53.267 50.622 48.004 45.413 42.849 40.312 37.803 35.320 32.865 30.437 28.036 25.662 23.608 22.182 20.806 19.481 18.207 16.983 15.810 14.687 13.615 12.593 11.623 10.702
27.530 29.755 30.149 28.859 27.505 26.086 24.602 23.054 21.442 19.765 18.023 16.217 14.346 12.411 12.000 12.575 13.140 13.695 14.242 14.779 15.306 15.652 15.968 16.266 16.545 16.806 17.748 18.927 20.079 21.203 22.299 23.368 24.409 25.422 26.408 27.366 28.296 29.199 30.975 32.827 34.640 36.417 38.155 39.856 41.520 43.146 44.734 46.285 47.799 49.058 46.532 44.033 41.561 39.117 36.700 34.310 31.946 29.611 27.302 25.020 22.766 20.753 19.549 18.396 17.294 16.242 15.241 14.290 13.390 12.540 11.741 10.993 10.295
30.691 33.135 34.038 32.523 30.945 29.301 27.594 25.822 23.985 22.084 20.118 18.088 15.993 13.834 12.812 13.185 13.534 13.860 14.162 14.441 14.697 14.940 15.175 15.392 15.590 15.769 16.485 17.542 18.573 19.575 20.550 21.497 22.417 23.309 24.173 25.009 25.818 26.600 28.098 29.785 31.434 33.046 34.620 36.157 37.656 39.117 40.541 41.928 43.277 44.588 42.419 40.039 37.687 35.362 33.064 30.793 28.549 26.332 24.143 21.981 19.845 17.850 16.869 15.939 15.059 14.229 13.450 12.722 12.044 11.417 10.840 10.314 9.839
33.788 36.451 37.982 36.244 34.441 32.574 30.642 28.083 25.575 23.129 20.745 18.423 16.163 13.965 12.687 12.979 13.248 13.493 13.715 13.913 14.089 14.251 14.405 14.540 14.656 14.754 15.254 16.190 17.099 17.980 18.833 19.659 20.457 21.228 21.971 22.686 23.374 24.034 25.265 26.787 28.272 29.719 31.129 32.501 33.836 35.133 36.393 37.615 38.800 39.947 38.282 36.022 33.789 31.583 29.404 27.253 25.128 23.031 20.960 18.917 16.901 14.912 14.141 13.433 12.775 12.168 11.611 11.105 10.650 10.245 9.890 9.586 9.332
35.992 37.960 39.264 36.659 34.117 31.637 29.219 26.863 24.568 22.336 20.166 18.059 16.013 14.029 12.584 12.795 12.983 13.148 13.289 13.407 13.502 13.583 13.656 13.709 13.744 13.761 14.054 14.869 15.657 16.417 17.149 17.853 18.530 19.179 19.801 20.395 20.962 21.500 22.475 23.833 25.154 26.436 27.682 28.890 30.060 31.193 32.289 33.347 34.368 35.351 34.123 31.982 29.868 27.781 25.722 23.689 21.684 19.705 17.754 15.830 13.933 12.063 11.364 10.878 10.443 10.058 9.724 9.440 9.206 9.023 8.891 8.809 8.777
33.365 35.170 36.917 34.527 32.199 29.933 27.729 25.587 23.506 21.488 19.532 17.638 15.806 14.036 12.501 12.632 12.740 12.824 12.885 12.922 12.937 12.937 12.928 12.900 12.854 12.790 12.887 13.581 14.247 14.886 15.497 16.080 16.636 17.164 17.664 18.137 18.583 19.000 19.729 20.923 22.079 23.198 24.279 25.323 26.329 27.298 28.229 29.123 29.980 30.799 29.940 27.918 25.924 23.956 22.015 20.102 18.215 16.356 14.524 12.719 10.941 9.190 8.540 8.276 8.063 7.900 7.788 7.726 7.714 7.827 8.145 8.484 8.843
30.784 32.428 34.025 32.340 30.226 28.174 26.183 24.255 22.389 20.585 18.842 17.162 15.544 13.987 12.493 12.491 12.518 12.522 12.502 12.459 12.393 12.313 12.222 12.113 11.986 11.840 11.752 12.325 12.870 13.387 13.877 14.339 14.774 15.181 15.560 15.912 16.236 16.533 17.026 18.056 19.048 20.002 20.920 21.799 22.642 23.446 24.214 24.944 25.636 26.291 25.734 23.832 21.956 20.107 18.286 16.491 14.724 12.983 11.270 9.584 8.000 6.730 6.442 6.705 6.988 7.293 7.619 7.966 8.333 8.722 9.132 9.564 10.016
28.250 29.733 31.168 30.098 28.198 26.359 24.583 22.868 21.216 19.625 18.097 16.630 15.225 13.882 12.601 12.371 12.317 12.241 12.141 12.018 11.871 11.710 11.538 11.348 11.140 10.912 10.667 11.101 11.525 11.921 12.289 12.631 12.944 13.230 13.488 13.719 13.922 14.098 14.367 15.233 16.061 16.851 17.604 18.320 18.998 19.639 20.243 20.809 21.337 21.829 21.505 19.770 18.437 17.117 15.811 14.519 13.240 11.975 10.723 9.485 8.260 7.049 6.667 7.022 7.398 7.796 8.214 8.653 9.114 9.595 10.098 10.621 11.166
25.764 27.084 28.358 27.801 26.115 24.490 22.927 21.426 19.988 18.611 17.295 16.042 14.851 13.721 12.654 12.272 12.138 11.981 11.801 11.598 11.371 11.129 10.876 10.605 10.315 10.006 9.680 9.909 10.211 10.487 10.734 10.954 11.147 11.312 11.449 11.559 11.641 11.696 11.751 12.453 13.117 13.743 14.342 15.296 16.223 17.124 17.999 18.848 19.671 20.469 20.770 19.483 18.209 16.949 15.702 14.469 13.249 12.043 10.851 9.672 8.506 7.355 6.870 7.318 7.787 8.276 8.787 9.319 9.872 10.446 11.041 11.657 12.294
23.323 24.483 25.595 25.450 23.977 22.566 21.217 19.929 18.704 17.540 16.438 15.399 14.420 13.504 12.650 12.194 11.980 11.743 11.483 11.199 10.892 10.569 10.235 9.883 9.512 9.122 8.714 8.749 8.930 9.084 9.211 9.310 9.382 9.426 9.691 9.995 10.325 10.681 11.062 11.959 12.876 13.768 14.633 15.472 16.285 17.072 17.833 18.568 19.277 19.960 20.410 19.182 17.967 16.766 15.579 14.405 13.245 12.098 10.965 9.845 8.739 7.646 7.052 7.592 8.153 8.735 9.338 9.963 10.608 11.274 11.962 12.670 13.400
20.930 21.928 22.879 23.043 21.784 20.587 19.451 18.377 17.365 16.414 15.526 14.699 13.934 13.231 12.590 12.138 11.844 11.526 11.186 10.822 10.434 10.031 9.616 9.182 8.730 8.294 7.869 7.832 8.070 8.333 8.622 8.937 9.277 9.643 10.034 10.452 10.894 11.363 11.857 12.619 13.422 14.199 14.950 15.675 16.374 17.048 17.695 18.316 18.911 19.480 20.023 18.867 17.712 16.570 15.442 14.327 13.226 12.139 11.065 10.004 8.957 7.924 7.211 7.844 8.498 9.172 9.868 10.585 11.322 12.081 12.861 13.662 14.483
18.583 19.420 20.210 20.583 19.537 18.552 17.630 16.769 15.970 15.233 14.558 13.944 13.392 12.902 12.474 12.103 11.729 11.277 10.800 10.334 9.876 9.437 9.015 8.601 8.194 7.794 7.402 7.357 7.707 8.084 8.485 8.913 9.366 9.845 10.349 10.879 11.435 12.017 12.624 13.306 13.995 14.658 15.295 15.906 16.492 17.051 17.584 18.091 18.572 19.028 19.457 18.540 17.443 16.361 15.292 14.236 13.194 12.166 11.151 10.149 9.162 8.187 7.349 8.074 8.820 9.587 10.375 11.184 12.015 12.866 13.738 14.631 15.545
16.283 16.959 17.588 18.067 17.234 16.463 15.754 15.106 14.521 13.996 13.562 13.146 12.725 12.299 11.867 11.425 10.962 10.509 10.065 9.631 9.206 8.799 8.410 8.028 7.653 7.286 6.926 6.853 7.317 7.806 8.321 8.861 9.427 10.019 10.636 11.279 11.947 12.641 13.361 14.020 14.595 15.144 15.668 16.165 16.636 17.081 17.501 17.894 18.261 18.603 18.918 18.198 17.161 16.137 15.128 14.131 13.148 12.179 11.223 10.281 9.352 8.437 7.535 8.283 9.121 9.981 10.861 11.762 12.685 13.628 14.592 15.578 16.584
14.029 14.544 15.012 15.632 15.299 14.897 14.489 14.076 13.657 13.234 12.805 12.371 11.932 11.488 11.038 10.585 10.155 9.734 9.322 8.920 8.527 8.153 7.796 7.447 7.105 6.770 6.443 6.322 6.898 7.500 8.127 8.781 9.459 10.164 10.894 11.649 12.431 13.238 14.070 14.762 15.223 15.658 16.067 16.451 16.808 17.139 17.445 17.725 17.978 18.206 18.408 17.843 16.865 15.901 14.950 14.012 13.089 12.178 11.282 10.398 9.529 8.673 7.830 8.470 9.401 10.352 11.325 12.319 13.333 14.369 15.425 16.503 17.601
12.961 13.622 14.260 14.874 14.655 14.234 13.808 13.377 12.941 12.500 12.053 11.602 11.145 10.683 10.215 9.743 9.340 8.951 8.572 8.202 7.841 7.500 7.175 6.859 6.549 6.247 5.953 5.762 6.451 7.166 7.906 8.672 9.463 10.281 11.123 11.992 12.885 13.805 14.750 15.530 15.877 16.199 16.494 16.764 17.007 17.225 17.417 17.583 17.723 17.837 17.925 17.474 16.555 15.650 14.758 13.880 13.015 12.164 11.326 10.502 9.692 8.895 8.111 8.636 9.658 10.702 11.767 12.853 13.959 15.087 16.236 17.405 18.596
12.467 13.048 13.605 14.139 14.016 13.578 13.134 12.685 12.231 11.772 11.308 10.838 10.363 9.883 9.398 8.908 8.518 8.161 7.814 7.476 7.148 6.839 6.547 6.263 5.986 5.716 5.454 5.200 5.976 6.804 7.657 8.535 9.439 10.369 11.324 12.305 13.312 14.344 15.402 16.325 16.559 16.766 16.948 17.104 17.234 17.338 17.416 17.468 17.495 17.495 17.469 17.092 16.232 15.386 14.553 13.734 12.928 12.136 11.358 10.592 9.841 9.103 8.378 8.779 9.894 11.064 12.358 13.680 15.031 16.411 17.820 19.257 20.724
11.995 12.496 12.973 13.427 13.383 12.927 12.465 11.998 11.527 11.050 10.567 10.080 9.588 9.090 8.587 8.079 7.688 7.364 7.049 6.743 6.447 6.170 5.911 5.659 5.415 5.178 4.948 4.726 5.473 6.413 7.379 8.370 9.387 10.429 11.497 12.590 13.709 14.854 16.024 17.147 17.267 17.361 17.429 17.472 17.488 17.478 17.443 17.381 17.294 17.181 17.042 16.696 15.896 15.108 14.335 13.574 12.831 12.138 11.489 10.883 10.321 9.803 9.328 9.780 11.142 12.533 13.953 15.402 16.880 18.386 19.921 21.485 23.078
11.546 11.966 12.363 12.737 12.755 12.281 11.802 11.317 10.828 10.333 9.833 9.328 8.817 8.302 7.781 7.256 6.851 6.559 6.276 6.003 5.739 5.494 5.267 5.048 4.836 4.632 4.435 4.245 4.942 5.995 7.073 8.177 9.306 10.461 11.641 12.847 14.079 15.336 16.618 17.927 18.003 17.984 17.938 17.867 17.769 17.646 17.497 17.320 17.014 16.717 16.428 16.070 15.350 14.674 14.041 13.452 12.907 12.405 11.946 11.532 11.161 10.833 10.549 10.965 12.454 13.971 15.518 17.093 18.697 20.330 21.991 23.682 25.401
11.119 11.459 11.776 12.069 12.134 11.642 11.144 10.642 10.135 9.622 9.104 8.581 8.053 7.520 6.981 6.438 6.006 5.746 5.496 5.254 5.023 4.810 4.616 4.429 4.250 4.078 3.914 3.756 4.383 5.548 6.739 7.955 9.197 10.464 11.757 13.075 14.419 15.789 17.184 18.372 18.297 17.968 17.648 17.337 17.034 16.741 16.456 16.179 15.912 15.653 15.403 15.147 14.618 14.132 13.690 13.292 12.937 12.626 12.359 12.135 11.955 11.818 11.725 12.120 13.735 15.379 17.051 18.753 20.483 22.242 24.030 25.847 27.692
10.715 10.975 11.211 11.425 11.517 11.008 10.493 9.972 9.447 8.917 8.381 7.840 7.295 6.743 6.187 5.626 5.154 4.926 4.708 4.499 4.299 4.119 3.957 3.803 3.656 3.517 3.385 3.260 3.796 5.074 6.365 7.630 8.869 10.081 11.266 12.423 13.554 14.657 15.734 16.783 16.880 16.589 16.308 16.035 15.771 15.516 15.269 15.031 14.802 14.582 14.370 14.167 13.840 13.546 13.295 13.087 12.923 12.803 12.726 12.693 12.703 12.757 12.855 13.243 14.984 16.755 18.554 20.381 22.238 24.123 26.038 27.980 29.952
10.333 10.513 10.669 10.802 10.907 10.379 9.846 9.308 8.765 8.217 7.664 7.105 6.542 5.973 5.399 4.820 4.294 4.099 3.912 3.736 3.568 3.464 3.395 3.329 3.266 3.207 3.151 3.098 3.494 4.695 5.870 7.018 8.138 9.232 10.298 11.337 12.350 13.335 14.293 15.224 15.455 15.203 14.960 14.726 14.500 14.283 14.075 13.875 13.684 13.502 13.329 13.165 13.018 12.914 12.854 12.837 12.864 12.934 13.048 13.206 13.406 13.651 13.939 14.336 16.204 18.100 20.025 21.979 23.962 25.974 28.014 30.083 32.181
