DATA/SHG/ECMWF/20170628/EN-24/20170704.en-24.asc
ncols        190
nrows        64
xllcorner    -5100000.000000000000
yllcorner    4130000.000000000000
cellsize     10000.000000000000
NODATA_value  -99999.000
[rows 0 to 32 of 64, columns 0 to 72 of 190]
0.400 0.398 0.397 0.397 0.398 0.399 0.401 0.404 0.407 0.409 0.410 0.409 0.407 0.405 0.402 0.397 0.392 0.386 0.379 0.384 0.392 0.477 0.597 0.717 0.837 0.956 1.075 1.193 1.311 1.429 1.547 1.664 1.781 1.906 2.049 2.207 2.381 2.569 2.773 2.992 3.225 3.474 3.738 4.017 4.311 4.628 4.943 5.242 5.526 5.794 6.046 6.283 6.504 6.710 6.899 7.074 7.232 7.339 7.410 7.496 7.597 7.714 7.846 7.994 8.157 8.335 8.529 8.738 8.962 9.041 8.861 8.679 8.495
0.299 0.300 0.301 0.304 0.307 0.311 0.316 0.321 0.327 0.328 0.325 0.321 0.329 0.338 0.346 0.355 0.363 0.372 0.380 0.389 0.397 0.465 0.584 0.703 0.821 0.940 1.057 1.175 1.291 1.408 1.524 1.640 1.756 1.904 2.100 2.312 2.538 2.780 3.037 3.309 3.596 3.898 4.215 4.547 4.894 5.219 5.479 5.723 5.951 6.164 6.362 6.544 6.710 6.860 6.995 7.114 7.218 7.316 7.441 7.581 7.737 7.907 8.094 8.295 8.512 8.744 8.992 9.255 9.533 9.706 9.517 9.326 9.132
0.197 0.201 0.205 0.210 0.218 0.237 0.255 0.274 0.294 0.308 0.317 0.325 0.334 0.342 0.351 0.359 0.368 0.377 0.385 0.394 0.403 0.454 0.572 0.689 0.807 0.924 1.040 1.156 1.272 1.387 1.503 1.617 1.732 1.886 2.136 2.401 2.680 2.975 3.285 3.610 3.950 4.305 4.675 5.061 5.461 5.824 6.029 6.218 6.392 6.550 6.692 6.819 6.930 7.026 7.106 7.170 7.219 7.279 7.457 7.651 7.861 8.085 8.325 8.581 8.852 9.138 9.439 9.756 10.034 10.251 10.000 9.754 9.511
0.139 0.158 0.176 0.195 0.215 0.234 0.254 0.274 0.295 0.312 0.321 0.329 0.338 0.346 0.355 0.364 0.373 0.381 0.390 0.399 0.408 0.443 0.560 0.676 0.792 0.908 1.023 1.138 1.253 1.367 1.481 1.595 1.708 1.853 2.156 2.474 2.807 3.155 3.517 3.896 4.289 4.697 5.120 5.558 6.011 6.444 6.594 6.728 6.847 6.950 7.038 7.110 7.166 7.207 7.232 7.241 7.235 7.226 7.459 7.706 7.969 8.227 8.491 8.758 9.031 9.307 9.588 9.874 10.164 10.458 10.231 9.999 9.770
0.131 0.151 0.170 0.190 0.211 0.232 0.253 0.274 0.296 0.316 0.324 0.333 0.342 0.351 0.359 0.368 0.377 0.386 0.395 0.404 0.413 0.432 0.548 0.663 0.778 0.893 1.007 1.121 1.234 1.347 1.460 1.573 1.685 1.805 2.160 2.531 2.917 3.318 3.734 4.165 4.611 5.072 5.548 6.040 6.546 7.067 7.174 7.253 7.317 7.365 7.398 7.415 7.417 7.393 7.337 7.286 7.239 7.198 7.433 7.698 7.968 8.243 8.522 8.805 9.093 9.385 9.682 9.983 10.289 10.599 10.457 10.239 10.025
0.123 0.143 0.164 0.185 0.207 0.229 0.251 0.273 0.296 0.319 0.328 0.337 0.346 0.355 0.364 0.373 0.382 0.391 0.400 0.409 0.418 0.428 0.537 0.651 0.764 0.878 0.991 1.103 1.216 1.328 1.439 1.551 1.662 1.772 2.149 2.573 3.012 3.466 3.935 4.419 4.918 5.432 5.961 6.505 7.064 7.638 7.723 7.649 7.580 7.516 7.457 7.403 7.355 7.311 7.272 7.239 7.210 7.186 7.397 7.678 7.964 8.254 8.549 8.848 9.151 9.459 9.771 10.088 10.410 10.735 10.679 10.475 10.276
0.114 0.135 0.157 0.180 0.202 0.225 0.249 0.272 0.296 0.320 0.332 0.341 0.350 0.359 0.368 0.377 0.386 0.395 0.405 0.414 0.423 0.433 0.525 0.638 0.751 0.863 0.975 1.086 1.198 1.308 1.419 1.529 1.639 1.748 2.123 2.599 3.091 3.598 4.120 4.632 5.121 5.600 6.069 6.529 6.980 7.420 7.512 7.455 7.404 7.358 7.317 7.281 7.250 7.224 7.203 7.187 7.176 7.170 7.357 7.654 7.955 8.261 8.571 8.886 9.205 9.528 9.856 10.189 10.526 10.867 10.897 10.708 10.522
0.104 0.127 0.150 0.174 0.197 0.222 0.246 0.271 0.296 0.321 0.335 0.344 0.354 0.363 0.372 0.381 0.391 0.400 0.409 0.419 0.428 0.438 0.515 0.626 0.738 0.849 0.959 1.070 1.180 1.289 1.399 1.508 1.634 1.771 2.134 2.638 3.131 3.615 4.089 4.554 5.009 5.455 5.891 6.317 6.733 7.141 7.296 7.257 7.224 7.195 7.172 7.153 7.140 7.132 7.128 7.130 7.137 7.149 7.312 7.625 7.942 8.263 8.589 8.919 9.254 9.593 9.937 10.285 10.637 10.994 11.111 10.936 10.764
0.094 0.118 0.143 0.167 0.192 0.218 0.243 0.269 0.295 0.322 0.339 0.348 0.357 0.367 0.376 0.386 0.395 0.405 0.414 0.424 0.433 0.443 0.504 0.615 0.725 0.842 0.964 1.090 1.220 1.354 1.492 1.635 1.781 1.932 2.235 2.704 3.164 3.614 4.055 4.486 4.908 5.319 5.722 6.114 6.497 6.871 7.075 7.054 7.038 7.028 7.022 7.021 7.026 7.035 7.049 7.069 7.093 7.123 7.263 7.591 7.924 8.261 8.602 8.948 9.299 9.654 10.013 10.376 10.745 11.117 11.321 11.160 11.002
0.084 0.110 0.135 0.161 0.187 0.213 0.240 0.267 0.294 0.322 0.342 0.352 0.361 0.371 0.380 0.390 0.399 0.410 0.424 0.435 0.444 0.452 0.499 0.623 0.751 0.883 1.019 1.160 1.304 1.453 1.606 1.763 1.924 2.089 2.345 2.780 3.207 3.623 4.030 4.428 4.816 5.194 5.562 5.921 6.271 6.611 6.850 6.847 6.849 6.855 6.867 6.884 6.906 6.933 6.965 7.002 7.044 7.092 7.210 7.553 7.902 8.254 8.612 8.973 9.339 9.710 10.084 10.464 10.847 11.235 11.527 11.380 11.236
0.074 0.100 0.127 0.154 0.181 0.208 0.236 0.264 0.293 0.322 0.350 0.371 0.391 0.408 0.422 0.435 0.445 0.454 0.460 0.463 0.465 0.464 0.492 0.630 0.773 0.919 1.070 1.225 1.384 1.548 1.715 1.886 2.062 2.242 2.464 2.866 3.259 3.642 4.015 4.379 4.733 5.078 5.413 5.739 6.054 6.361 6.620 6.634 6.654 6.678 6.708 6.743 6.782 6.827 6.877 6.931 6.991 7.056 7.152 7.511 7.875 8.244 8.616 8.993 9.375 9.761 10.151 10.546 10.946 11.349 11.728 11.595 11.466
0.063 0.091 0.118 0.155 0.199 0.242 0.286 0.328 0.370 0.412 0.450 0.464 0.475 0.485 0.492 0.496 0.499 0.500 0.498 0.494 0.488 0.480 0.480 0.633 0.790 0.951 1.117 1.286 1.460 1.638 1.819 2.005 2.195 2.389 2.593 2.962 3.321 3.670 4.010 4.340 4.661 4.972 5.273 5.565 5.848 6.120 6.384 6.417 6.454 6.497 6.544 6.596 6.653 6.716 6.783 6.855 6.932 7.015 7.102 7.465 7.845 8.228 8.617 9.009 9.407 9.808 10.214 10.585 10.926 11.266 11.604 11.447 11.251
0.135 0.179 0.222 0.265 0.307 0.349 0.390 0.431 0.472 0.512 0.551 0.558 0.562 0.564 0.563 0.560 0.555 0.548 0.538 0.527 0.513 0.497 0.479 0.632 0.803 0.979 1.159 1.343 1.531 1.723 1.919 2.120 2.324 2.533 2.746 3.067 3.392 3.708 4.014 4.311 4.598 4.876 5.144 5.402 5.651 5.890 6.120 6.195 6.250 6.310 6.375 6.445 6.520 6.600 6.684 6.774 6.869 6.969 7.074 7.414 7.775 8.120 8.464 8.807 9.149 9.490 9.829 10.167 10.503 10.839 11.173 11.095 10.909
0.250 0.293 0.334 0.375 0.416 0.456 0.496 0.535 0.574 0.612 0.650 0.655 0.651 0.645 0.637 0.626 0.613 0.598 0.581 0.562 0.540 0.517 0.491 0.626 0.812 1.002 1.197 1.395 1.598 1.804 2.015 2.230 2.449 2.672 2.899 3.181 3.473 3.756 4.028 4.291 4.545 4.789 5.024 5.249 5.464 5.670 5.866 5.969 6.041 6.119 6.201 6.289 6.381 6.463 6.537 6.608 6.674 6.736 6.793 7.045 7.388 7.729 8.069 8.408 8.745 9.082 9.417 9.750 10.083 10.414 10.744 10.741 10.565
0.366 0.407 0.446 0.486 0.525 0.563 0.601 0.639 0.676 0.712 0.748 0.754 0.743 0.729 0.713 0.694 0.674 0.651 0.626 0.599 0.570 0.539 0.505 0.616 0.816 1.021 1.230 1.443 1.660 1.881 2.106 2.335 2.569 2.806 3.048 3.305 3.564 3.813 4.052 4.282 4.502 4.712 4.913 5.105 5.287 5.459 5.633 5.757 5.843 5.924 6.001 6.073 6.142 6.206 6.265 6.321 6.372 6.418 6.461 6.664 7.003 7.340 7.676 8.010 8.343 8.675 9.006 9.336 9.664 9.991 10.317 10.385 10.219
0.482 0.521 0.559 0.597 0.634 0.671 0.707 0.743 0.778 0.813 0.848 0.856 0.836 0.815 0.791 0.765 0.737 0.706 0.674 0.639 0.602 0.563 0.522 0.601 0.816 1.036 1.259 1.486 1.718 1.953 2.193 2.437 2.684 2.936 3.192 3.439 3.664 3.879 4.084 4.276 4.462 4.644 4.820 4.992 5.158 5.320 5.477 5.595 5.666 5.732 5.794 5.852 5.905 5.954 5.998 6.038 6.074 6.106 6.133 6.285 6.619 6.952 7.284 7.614 7.943 8.271 8.597 8.923 9.247 9.569 9.891 10.026 9.871
0.599 0.636 0.672 0.708 0.744 0.779 0.814 0.848 0.881 0.915 0.947 0.959 0.932 0.903 0.871 0.838 0.802 0.764 0.723 0.681 0.636 0.590 0.541 0.583 0.812 1.046 1.283 1.525 1.771 2.021 2.275 2.532 2.787 3.039 3.289 3.519 3.708 3.892 4.071 4.245 4.414 4.579 4.738 4.892 5.042 5.186 5.326 5.438 5.494 5.545 5.592 5.634 5.672 5.706 5.736 5.761 5.782 5.798 5.810 5.908 6.237 6.566 6.893 7.219 7.544 7.868 8.190 8.511 8.831 9.150 9.467 9.665 9.520
0.715 0.751 0.786 0.820 0.854 0.887 0.920 0.953 0.985 1.016 1.047 1.065 1.030 0.993 0.954 0.912 0.869 0.823 0.775 0.725 0.673 0.619 0.562 0.559 0.813 1.077 1.339 1.598 1.854 2.107 2.358 2.607 2.852 3.095 3.336 3.563 3.735 3.901 4.063 4.220 4.372 4.519 4.661 4.798 4.930 5.057 5.180 5.286 5.326 5.362 5.394 5.421 5.444 5.463 5.478 5.488 5.493 5.495 5.492 5.532 5.857 6.182 6.505 6.827 7.147 7.467 7.785 8.101 8.417 8.731 9.045 9.301 9.168
0.832 0.866 0.899 0.932 0.964 0.996 1.027 1.058 1.088 1.118 1.148 1.173 1.130 1.086 1.039 0.990 0.938 0.889 0.844 0.803 0.767 0.736 0.708 0.697 0.954 1.209 1.461 1.711 1.958 2.203 2.444 2.683 2.920 3.154 3.385 3.612 3.766 3.916 4.060 4.200 4.334 4.464 4.589 4.709 4.824 4.934 5.039 5.138 5.163 5.184 5.201 5.213 5.221 5.225 5.224 5.219 5.210 5.196 5.179 5.157 5.479 5.799 6.118 6.435 6.752 7.067 7.381 7.693 8.005 8.315 8.624 8.932 8.812
0.950 0.982 1.013 1.044 1.075 1.105 1.135 1.164 1.192 1.221 1.241 1.250 1.200 1.149 1.102 1.060 1.021 0.988 0.958 0.933 0.912 0.896 0.884 0.877 1.098 1.344 1.587 1.827 2.065 2.300 2.533 2.763 2.990 3.215 3.437 3.656 3.803 3.935 4.062 4.184 4.302 4.414 4.522 4.625 4.722 4.815 4.903 4.986 5.004 5.010 5.012 5.009 5.002 4.991 4.975 4.955 4.931 4.902 4.870 4.832 5.102 5.418 5.732 6.046 6.358 6.669 6.979 7.287 7.594 7.900 8.205 8.508 8.455
1.068 1.098 1.128 1.181 1.225 1.259 1.283 1.297 1.301 1.296 1.281 1.256 1.218 1.182 1.150 1.123 1.100 1.082 1.068 1.058 1.053 1.052 1.055 1.063 1.244 1.481 1.714 1.946 2.174 2.400 2.624 2.845 3.063 3.278 3.491 3.702 3.844 3.959 4.069 4.174 4.274 4.370 4.460 4.545 4.626 4.701 4.772 4.838 4.850 4.841 4.828 4.810 4.788 4.762 4.731 4.696 4.657 4.613 4.565 4.513 4.726 5.038 5.349 5.658 5.966 6.273 6.578 6.879 7.164 7.439 7.703 7.955 7.925
1.387 1.425 1.454 1.473 1.482 1.481 1.471 1.451 1.421 1.381 1.331 1.272 1.231 1.210 1.194 1.182 1.175 1.171 1.173 1.178 1.188 1.203 1.221 1.245 1.393 1.620 1.845 2.067 2.286 2.503 2.717 2.929 3.138 3.345 3.548 3.749 3.890 3.988 4.081 4.169 4.252 4.330 4.403 4.471 4.535 4.593 4.646 4.695 4.701 4.677 4.648 4.615 4.578 4.537 4.491 4.441 4.387 4.328 4.266 4.198 4.366 4.691 5.006 5.309 5.601 5.881 6.150 6.409 6.655 6.891 7.115 7.328 7.339
1.792 1.796 1.791 1.775 1.750 1.715 1.670 1.615 1.551 1.476 1.392 1.298 1.239 1.234 1.233 1.236 1.244 1.256 1.273 1.294 1.319 1.349 1.383 1.421 1.544 1.762 1.977 2.190 2.401 2.608 2.814 3.016 3.216 3.413 3.608 3.800 3.942 4.022 4.098 4.169 4.234 4.295 4.351 4.402 4.448 4.490 4.526 4.557 4.556 4.517 4.473 4.425 4.373 4.326 4.284 4.242 4.199 4.156 4.113 4.070 4.181 4.467 4.742 5.006 5.259 5.501 5.731 5.950 6.158 6.354 6.539 6.713 6.751
2.208 2.178 2.138 2.088 2.028 1.958 1.879 1.790 1.691 1.582 1.464 1.336 1.242 1.252 1.267 1.286 1.309 1.336 1.368 1.404 1.445 1.490 1.539 1.593 1.697 1.906 2.113 2.317 2.518 2.716 2.912 3.106 3.296 3.484 3.670 3.853 3.998 4.061 4.120 4.173 4.222 4.266 4.304 4.338 4.367 4.391 4.410 4.428 4.428 4.386 4.343 4.301 4.259 4.216 4.173 4.130 4.086 4.043 3.999 3.955 4.007 4.254 4.490 4.715 4.929 5.131 5.323 5.503 5.671 5.829 5.975 6.110 6.161
2.634 2.569 2.495 2.410 2.316 2.212 2.099 1.975 1.842 1.699 1.546 1.383 1.241 1.266 1.296 1.330 1.369 1.411 1.459 1.510 1.566 1.626 1.691 1.760 1.853 2.053 2.250 2.445 2.637 2.827 3.013 3.198 3.379 3.558 3.735 3.908 4.059 4.105 4.147 4.166 4.184 4.201 4.219 4.238 4.256 4.275 4.293 4.312 4.321 4.278 4.235 4.192 4.149 4.106 4.062 4.018 3.974 3.930 3.886 3.841 3.844 4.053 4.250 4.435 4.610 4.773 4.926 5.066 5.196 5.315 5.422 5.518 5.569
3.067 2.971 2.862 2.743 2.615 2.477 2.329 2.171 2.003 1.826 1.639 1.442 1.235 1.276 1.321 1.370 1.424 1.482 1.544 1.611 1.682 1.758 1.838 1.922 2.012 2.202 2.391 2.576 2.759 2.939 3.117 3.291 3.428 3.566 3.706 3.849 3.990 4.008 4.026 4.044 4.062 4.081 4.099 4.118 4.138 4.157 4.177 4.197 4.215 4.171 4.128 4.084 4.040 3.996 3.952 3.907 3.863 3.818 3.773 3.727 3.693 3.862 4.020 4.167 4.302 4.426 4.540 4.642 4.732 4.812 4.880 4.937 4.976
3.458 3.383 3.240 3.087 2.924 2.751 2.569 2.377 2.175 1.963 1.742 1.511 1.270 1.280 1.341 1.405 1.474 1.548 1.625 1.707 1.794 1.885 1.980 2.079 2.174 2.293 2.424 2.557 2.692 2.829 2.969 3.110 3.254 3.399 3.547 3.697 3.849 3.884 3.902 3.921 3.940 3.960 3.979 3.999 4.019 4.040 4.060 4.081 4.102 4.065 4.020 3.976 3.932 3.887 3.842 3.797 3.751 3.706 3.660 3.614 3.568 3.682 3.801 3.909 4.005 4.091 4.165 4.228 4.280 4.320 4.350 4.368 4.375
3.845 3.806 3.628 3.441 3.243 3.036 2.820 2.593 2.357 2.111 1.855 1.590 1.315 1.280 1.356 1.436 1.520 1.609 1.695 1.769 1.831 1.882 1.921 1.949 1.965 2.065 2.204 2.344 2.487 2.632 2.778 2.927 3.078 3.231 3.386 3.543 3.703 3.759 3.779 3.798 3.818 3.839 3.859 3.880 3.901 3.922 3.943 3.965 3.987 3.958 3.914 3.868 3.823 3.778 3.732 3.686 3.640 3.594 3.548 3.501 3.454 3.513 3.593 3.662 3.720 3.766 3.801 3.826 3.838 3.840 3.830 3.810 3.778
4.226 4.238 4.026 3.804 3.573 3.332 3.081 2.820 2.549 2.269 1.987 1.718 1.459 1.399 1.491 1.570 1.638 1.695 1.740 1.773 1.795 1.806 1.804 1.792 1.768 1.836 1.982 2.130 2.280 2.432 2.586 2.742 2.900 3.061 3.223 3.388 3.554 3.635 3.655 3.676 3.696 3.718 3.739 3.760 3.782 3.804 3.826 3.849 3.872 3.852 3.807 3.761 3.715 3.669 3.623 3.576 3.530 3.483 3.436 3.388 3.341 3.356 3.397 3.427 3.445 3.453 3.449 3.434 3.408 3.371 3.323 3.263 3.192
4.603 4.681 4.435 4.147 3.846 3.554 3.271 2.998 2.733 2.478 2.232 1.995 1.768 1.658 1.709 1.748 1.776 1.792 1.797 1.790 1.772 1.742 1.700 1.647 1.583 1.605 1.758 1.913 2.071 2.230 2.391 2.555 2.721 2.888 3.058 3.230 3.404 3.510 3.531 3.553 3.574 3.596 3.618 3.641 3.663 3.686 3.709 3.733 3.756 3.747 3.701 3.654 3.608 3.561 3.514 3.467 3.419 3.372 3.324 3.276 3.228 3.209 3.211 3.202 3.182 3.151 3.108 3.054 3.027 3.070 3.131 3.211 3.311
4.751 4.723 4.436 4.158 3.888 3.629 3.378 3.136 2.904 2.681 2.467 2.262 2.066 1.929 1.940 1.939 1.926 1.902 1.866 1.819 1.760 1.690 1.609 1.515 1.411 1.372 1.532 1.695 1.860 2.026 2.195 2.366 2.539 2.714 2.891 3.070 3.252 3.385 3.407 3.430 3.452 3.475 3.498 3.521 3.545 3.568 3.592 3.617 3.641 3.642 3.595 3.548 3.500 3.453 3.405 3.357 3.309 3.261 3.213 3.164 3.115 3.069 3.044 3.039 3.053 3.085 3.137 3.207 3.297 3.405 3.532 3.679 3.844
4.846 4.660 4.404 4.158 3.921 3.693 3.475 3.265 3.065 2.873 2.691 2.518 2.355 2.213 2.183 2.141 2.088 2.024 1.948 1.860 1.761 1.651 1.529 1.396 1.251 1.137 1.305 1.475 1.647 1.821 1.997 2.175 2.356 2.538 2.722 2.909 3.098 3.261 3.284 3.307 3.330 3.354 3.378 3.402 3.426 3.450 3.475 3.500 3.526 3.537 3.489 3.441 3.393 3.345 3.298 3.247 3.190 3.129 3.063 2.991 2.914 2.859 2.900 2.961 3.040 3.139 3.256 3.393 3.548 3.722 3.915 4.127 4.358
5.011 4.605 4.363 4.149 3.944 3.748 3.561 3.384 3.215 3.056 2.906 2.765 2.633 2.510 2.437 2.356 2.262 2.158 2.042 1.914 1.775 1.624 1.462 1.288 1.103 0.906 1.075 1.252 1.432 1.613 1.797 1.982 2.170 2.360 2.552 2.745 2.941 3.136 3.160 3.184 3.208 3.232 3.257 3.282 3.307 3.332 3.358 3.417 3.461 3.470 3.426 3.378 3.324 3.266 3.202 3.133 3.059 2.980 2.895 2.806 2.712 2.631 2.738 2.865 3.010 3.174 3.357 3.560 3.781 4.021 4.280 4.557 4.854
