DATA/SHG/ECMWF/20170628/EN-24/20170708.en-24.asc
ncols        190
nrows        64
xllcorner    -5100000.000000000000
yllcorner    4130000.000000000000
cellsize     10000.000000000000
NODATA_value  -99999.000
[rows 0 to 32 of 64, columns 0 to 73 of 190]
0.013 0.013 0.012 0.011 0.010 0.010 0.009 0.008 0.007 0.007 0.006 0.005 0.005 0.004 0.003 0.003 0.002 0.001 0.000 0.000 0.000 0.002 0.008 0.017 0.028 0.041 0.058 0.077 0.098 0.122 0.149 0.179 0.211 0.257 0.312 0.371 0.433 0.498 0.566 0.636 0.710 0.786 0.866 0.949 1.034 1.199 1.438 1.685 1.939 2.202 2.472 2.750 3.036 3.330 3.632 3.942 4.260 4.576 4.876 5.163 5.437 5.699 5.949 6.187 6.412 6.625 6.825 7.013 7.189 7.371 7.580 7.789 7.998 8.206
0.008 0.007 0.007 0.006 0.005 0.004 0.004 0.003 0.002 0.001 0.001 0.000 0.000 0.000 0.000 0.000 0.000 0.000 0.000 0.000 0.000 0.007 0.022 0.040 0.060 0.083 0.109 0.137 0.168 0.201 0.237 0.276 0.317 0.370 0.436 0.505 0.578 0.653 0.731 0.812 0.896 0.983 1.073 1.166 1.262 1.424 1.691 1.965 2.248 2.538 2.836 3.142 3.456 3.778 4.107 4.445 4.790 5.114 5.370 5.613 5.844 6.063 6.270 6.464 6.646 6.815 6.972 7.117 7.249 7.392 7.601 7.809 8.016 8.224
0.003 0.002 0.001 0.001 0.000 0.000 0.000 0.000 0.000 0.000 0.000 0.000 0.000 0.000 0.000 0.000 0.000 0.000 0.000 0.000 0.000 0.009 0.033 0.060 0.090 0.122 0.157 0.194 0.234 0.277 0.322 0.370 0.420 0.480 0.557 0.637 0.719 0.805 0.893 0.985 1.079 1.177 1.277 1.380 1.487 1.641 1.936 2.238 2.548 2.866 3.192 3.525 3.867 4.216 4.573 4.939 5.312 5.662 5.875 6.075 6.263 6.438 6.601 6.752 6.891 7.017 7.131 7.232 7.335 7.447 7.656 7.854 8.042 8.220
0.000 0.000 0.000 0.000 0.000 0.000 0.000 0.000 0.000 0.000 0.000 0.000 0.000 0.000 0.000 0.000 0.000 0.000 0.000 0.000 0.000 0.008 0.041 0.077 0.116 0.158 0.202 0.248 0.298 0.349 0.404 0.461 0.521 0.587 0.674 0.764 0.857 0.953 1.052 1.154 1.259 1.367 1.478 1.591 1.708 1.850 2.172 2.502 2.840 3.185 3.539 3.900 4.269 4.646 5.031 5.424 5.825 6.222 6.391 6.548 6.692 6.817 6.937 7.050 7.157 7.257 7.352 7.440 7.522 7.598 7.768 7.929 8.080 8.220
0.000 0.000 0.000 0.000 0.000 0.000 0.000 0.000 0.000 0.000 0.000 0.000 0.000 0.000 0.000 0.000 0.000 0.000 0.000 0.000 0.000 0.004 0.047 0.092 0.140 0.191 0.244 0.300 0.358 0.419 0.483 0.549 0.618 0.691 0.788 0.889 0.992 1.099 1.208 1.320 1.436 1.554 1.675 1.799 1.926 2.056 2.400 2.758 3.123 3.496 3.877 4.266 4.663 5.065 5.462 5.865 6.273 6.686 6.834 6.950 7.060 7.163 7.261 7.352 7.437 7.516 7.588 7.655 7.714 7.768 7.890 8.014 8.127 8.230
0.000 0.000 0.000 0.000 0.000 0.000 0.000 0.000 0.000 0.000 0.000 0.000 0.000 0.000 0.000 0.000 0.000 0.000 0.000 0.000 0.000 0.000 0.049 0.104 0.161 0.221 0.284 0.349 0.416 0.487 0.560 0.635 0.713 0.794 0.899 1.010 1.124 1.241 1.360 1.483 1.609 1.737 1.869 2.003 2.141 2.281 2.618 2.998 3.383 3.773 4.168 4.568 4.973 5.384 5.799 6.220 6.645 7.076 7.251 7.345 7.433 7.515 7.591 7.660 7.723 7.780 7.830 7.875 7.913 7.945 8.021 8.108 8.185 8.251
0.000 0.000 0.000 0.000 0.000 0.000 0.000 0.000 0.000 0.000 0.000 0.000 0.000 0.000 0.000 0.000 0.000 0.000 0.000 0.000 0.000 0.000 0.049 0.113 0.180 0.249 0.320 0.395 0.471 0.551 0.633 0.718 0.805 0.895 1.007 1.128 1.252 1.379 1.510 1.633 1.756 1.887 2.025 2.170 2.322 2.483 2.806 3.204 3.606 4.014 4.427 4.846 5.269 5.697 6.130 6.569 7.013 7.461 7.674 7.746 7.812 7.872 7.926 7.973 8.014 8.049 8.078 8.100 8.116 8.126 8.163 8.213 8.252 8.281
0.000 0.000 0.000 0.000 0.000 0.000 0.000 0.000 0.000 0.000 0.000 0.000 0.000 0.000 0.000 0.000 0.000 0.000 0.000 0.000 0.000 0.000 0.046 0.119 0.195 0.273 0.354 0.438 0.524 0.612 0.704 0.798 0.875 0.944 1.035 1.147 1.266 1.393 1.527 1.669 1.818 1.975 2.138 2.310 2.488 2.675 2.988 3.404 3.824 4.250 4.681 5.117 5.558 6.005 6.456 6.913 7.374 7.841 8.102 8.153 8.197 8.235 8.266 8.292 8.311 8.324 8.331 8.332 8.326 8.314 8.314 8.327 8.329 8.321
0.000 0.000 0.000 0.000 0.000 0.000 0.000 0.000 0.000 0.000 0.000 0.000 0.000 0.000 0.000 0.000 0.000 0.000 0.000 0.000 0.000 0.000 0.041 0.123 0.208 0.290 0.368 0.444 0.517 0.587 0.655 0.719 0.781 0.841 0.932 1.071 1.216 1.369 1.529 1.697 1.872 2.055 2.245 2.442 2.647 2.859 3.164 3.598 4.037 4.481 4.930 5.384 5.843 6.307 6.776 7.250 7.730 8.214 8.536 8.565 8.587 8.603 8.613 8.616 8.614 8.605 8.590 8.569 8.541 8.507 8.475 8.451 8.416 8.371
0.000 0.000 0.000 0.000 0.000 0.000 0.000 0.000 0.000 0.000 0.000 0.000 0.000 0.000 0.000 0.000 0.000 0.001 0.007 0.011 0.014 0.015 0.044 0.121 0.196 0.267 0.336 0.402 0.465 0.526 0.584 0.639 0.691 0.740 0.823 0.987 1.159 1.338 1.524 1.718 1.919 2.127 2.343 2.567 2.797 3.035 3.336 3.787 4.244 4.706 5.172 5.644 6.121 6.603 7.090 7.583 8.080 8.582 8.975 8.982 8.982 8.976 8.964 8.946 8.922 8.891 8.854 8.811 8.762 8.706 8.646 8.585 8.513 8.431
0.000 0.000 0.000 0.000 0.000 0.000 0.000 0.000 0.000 0.000 0.004 0.016 0.026 0.035 0.042 0.047 0.051 0.052 0.053 0.051 0.048 0.044 0.054 0.121 0.186 0.248 0.307 0.363 0.417 0.468 0.516 0.561 0.603 0.643 0.706 0.896 1.094 1.299 1.511 1.731 1.958 2.192 2.434 2.684 2.940 3.204 3.501 3.971 4.445 4.925 5.410 5.899 6.394 6.894 7.399 7.909 8.425 8.945 9.420 9.405 9.383 9.355 9.322 9.282 9.235 9.183 9.124 9.059 8.988 8.911 8.827 8.728 8.620 8.500
0.000 0.000 0.000 0.004 0.012 0.022 0.034 0.048 0.063 0.080 0.098 0.104 0.109 0.111 0.112 0.112 0.110 0.106 0.100 0.093 0.084 0.074 0.067 0.124 0.179 0.231 0.281 0.327 0.371 0.412 0.450 0.486 0.519 0.549 0.581 0.798 1.021 1.252 1.491 1.736 1.989 2.250 2.518 2.793 3.075 3.365 3.663 4.149 4.641 5.139 5.641 6.149 6.662 7.180 7.703 8.231 8.764 9.302 9.845 9.833 9.789 9.740 9.684 9.622 9.554 9.480 9.399 9.254 9.054 8.843 8.621 8.402 8.185 7.970
0.020 0.029 0.040 0.053 0.067 0.084 0.102 0.122 0.144 0.167 0.193 0.194 0.192 0.189 0.185 0.178 0.170 0.161 0.149 0.136 0.122 0.106 0.088 0.130 0.175 0.218 0.257 0.294 0.328 0.360 0.388 0.414 0.437 0.457 0.475 0.692 0.941 1.198 1.462 1.734 2.013 2.299 2.593 2.894 3.203 3.519 3.842 4.321 4.832 5.347 5.868 6.393 6.924 7.460 8.000 8.546 9.097 9.653 10.214 10.266 10.141 9.979 9.807 9.623 9.429 9.223 9.007 8.779 8.541 8.291 8.031 7.807 7.596 7.387
0.048 0.063 0.081 0.100 0.121 0.143 0.168 0.194 0.222 0.252 0.284 0.285 0.278 0.269 0.259 0.246 0.233 0.217 0.200 0.181 0.161 0.139 0.115 0.139 0.175 0.207 0.237 0.264 0.289 0.310 0.329 0.345 0.358 0.369 0.377 0.578 0.854 1.137 1.427 1.724 2.029 2.342 2.661 2.988 3.323 3.664 4.013 4.489 5.017 5.550 6.088 6.632 7.180 7.784 8.352 8.873 9.346 9.772 10.149 10.135 9.946 9.746 9.535 9.313 9.081 8.837 8.582 8.316 8.039 7.751 7.453 7.212 7.007 6.804
0.074 0.096 0.120 0.145 0.172 0.201 0.232 0.264 0.299 0.335 0.372 0.378 0.365 0.351 0.334 0.316 0.297 0.276 0.253 0.228 0.202 0.174 0.145 0.151 0.177 0.200 0.220 0.237 0.252 0.264 0.273 0.279 0.283 0.283 0.281 0.457 0.759 1.068 1.384 1.707 2.038 2.376 2.722 3.074 3.435 3.802 4.409 5.091 5.779 6.419 7.012 7.556 8.053 8.502 8.904 9.257 9.563 9.821 10.031 9.990 9.763 9.525 9.275 9.015 8.744 8.461 8.168 7.864 7.549 7.223 6.886 6.616 6.417 6.220
0.098 0.127 0.156 0.188 0.221 0.257 0.294 0.332 0.373 0.415 0.459 0.473 0.454 0.434 0.412 0.388 0.362 0.335 0.307 0.277 0.245 0.211 0.176 0.165 0.181 0.195 0.205 0.213 0.218 0.220 0.219 0.216 0.210 0.201 0.189 0.329 0.656 0.991 1.360 1.905 2.468 3.049 3.649 4.267 4.903 5.557 6.230 6.860 7.380 7.853 8.278 8.655 8.985 9.267 9.501 9.687 9.826 9.916 9.960 9.856 9.591 9.314 9.026 8.727 8.418 8.097 7.766 7.423 7.070 6.705 6.330 6.019 5.827 5.636
0.121 0.155 0.191 0.229 0.269 0.310 0.353 0.398 0.445 0.494 0.544 0.569 0.545 0.518 0.491 0.461 0.430 0.397 0.363 0.327 0.289 0.249 0.209 0.183 0.189 0.193 0.194 0.192 0.187 0.179 0.169 0.196 0.325 0.472 0.637 0.932 1.486 2.058 2.648 3.257 3.884 4.529 5.192 5.874 6.574 7.293 8.030 8.673 9.027 9.332 9.590 9.800 9.962 10.077 10.144 10.163 10.135 10.059 9.935 9.733 9.429 9.114 8.788 8.451 8.103 7.744 7.374 6.993 6.602 6.199 5.785 5.422 5.235 5.050
0.141 0.182 0.224 0.268 0.314 0.362 0.411 0.462 0.516 0.570 0.627 0.667 0.637 0.605 0.571 0.536 0.499 0.460 0.420 0.378 0.335 0.290 0.243 0.203 0.226 0.290 0.373 0.475 0.595 0.733 0.889 1.064 1.257 1.468 1.698 2.007 2.624 3.261 3.915 4.588 5.279 5.988 6.715 7.461 8.225 9.008 9.808 10.532 10.718 10.857 10.947 10.990 10.985 10.933 10.833 10.685 10.490 10.247 9.956 9.621 9.279 8.925 8.561 8.185 7.799 7.402 6.994 6.575 6.145 5.704 5.252 4.824 4.643 4.464
0.159 0.206 0.255 0.305 0.357 0.411 0.467 0.524 0.584 0.645 0.708 0.767 0.731 0.693 0.653 0.612 0.570 0.533 0.507 0.491 0.482 0.483 0.492 0.513 0.624 0.753 0.900 1.066 1.250 1.452 1.673 1.912 2.169 2.445 2.739 3.061 3.743 4.443 5.161 5.898 6.653 7.426 8.217 9.027 9.855 10.701 11.566 12.436 12.455 12.426 12.350 12.226 12.054 11.835 11.568 11.254 10.892 10.482 10.024 9.520 9.139 8.747 8.345 7.931 7.506 7.071 6.625 6.167 5.699 5.220 4.730 4.228 4.050 3.877
0.176 0.229 0.284 0.340 0.399 0.459 0.521 0.584 0.650 0.717 0.772 0.823 0.785 0.747 0.717 0.696 0.684 0.680 0.685 0.698 0.720 0.751 0.791 0.839 1.002 1.195 1.407 1.636 1.885 2.151 2.436 2.739 3.061 3.401 3.759 4.136 4.841 5.605 6.387 7.188 8.006 8.844 9.699 10.572 11.464 12.374 13.303 14.249 14.236 14.041 13.798 13.507 13.168 12.783 12.349 11.868 11.339 10.763 10.139 9.467 9.010 8.580 8.139 7.688 7.225 6.751 6.266 5.771 5.264 4.747 4.219 3.679 3.457 3.290
0.190 0.249 0.310 0.370 0.427 0.483 0.536 0.587 0.637 0.684 0.729 0.772 0.771 0.763 0.763 0.773 0.790 0.817 0.852 0.896 0.949 1.010 1.080 1.158 1.360 1.617 1.893 2.187 2.500 2.830 3.180 3.547 3.933 4.337 4.759 5.200 5.918 6.746 7.592 8.457 9.340 10.240 11.160 12.097 13.052 14.026 15.018 16.029 16.063 15.701 15.291 14.833 14.328 13.776 13.176 12.528 11.833 11.090 10.300 9.462 8.892 8.424 7.945 7.455 6.954 6.442 5.919 5.383 4.851 4.332 3.828 3.338 3.122 3.008
0.216 0.273 0.327 0.379 0.430 0.478 0.524 0.568 0.610 0.650 0.688 0.724 0.747 0.769 0.800 0.840 0.888 0.945 1.011 1.085 1.168 1.259 1.359 1.468 1.698 2.020 2.360 2.718 3.095 3.490 3.903 4.334 4.784 5.252 5.739 6.243 6.976 7.867 8.777 9.706 10.652 11.617 12.600 13.601 14.620 15.657 16.713 17.787 17.935 17.406 16.829 16.205 15.534 14.815 14.048 13.234 12.372 11.463 10.507 9.503 8.737 8.154 7.585 7.031 6.490 5.965 5.453 4.956 4.473 4.005 3.551 3.111 2.870 2.760
0.250 0.299 0.346 0.391 0.434 0.475 0.514 0.551 0.586 0.619 0.649 0.678 0.714 0.766 0.828 0.898 0.976 1.063 1.159 1.264 1.377 1.499 1.629 1.768 2.017 2.403 2.807 3.229 3.670 4.129 4.606 5.102 5.615 6.147 6.698 7.267 8.013 8.968 9.942 10.934 11.944 12.972 14.019 15.084 16.167 17.268 18.387 19.525 19.851 19.156 18.413 17.622 16.784 15.678 14.453 13.257 12.091 10.954 9.846 8.768 7.947 7.413 6.895 6.390 5.900 5.424 4.963 4.516 4.083 3.665 3.261 2.871 2.617 2.511
0.286 0.328 0.368 0.405 0.441 0.475 0.507 0.536 0.564 0.589 0.613 0.634 0.671 0.754 0.846 0.946 1.055 1.173 1.299 1.434 1.577 1.729 1.890 2.059 2.316 2.766 3.234 3.720 4.225 4.748 5.289 5.849 6.427 7.023 7.637 8.270 9.029 10.048 11.086 12.142 13.215 14.308 15.418 16.546 17.693 18.858 19.654 20.290 20.295 19.026 17.785 16.575 15.393 14.241 13.119 12.026 10.962 9.927 8.923 7.947 7.143 6.660 6.191 5.737 5.297 4.871 4.460 4.063 3.680 3.312 2.958 2.618 2.364 2.261
0.324 0.358 0.391 0.422 0.450 0.477 0.501 0.524 0.544 0.562 0.579 0.593 0.619 0.733 0.855 0.985 1.124 1.272 1.429 1.594 1.767 1.950 2.141 2.340 2.595 3.109 3.641 4.191 4.760 5.347 5.952 6.576 7.218 7.878 8.556 9.252 10.026 11.108 12.210 13.057 13.831 14.566 15.262 15.918 16.534 17.111 17.648 18.146 18.319 17.152 16.014 14.906 13.827 12.778 11.758 10.767 9.806 8.874 7.972 7.099 6.327 5.894 5.475 5.071 4.681 4.305 3.943 3.596 3.264 2.945 2.641 2.352 2.109 2.011
0.364 0.391 0.417 0.440 0.462 0.481 0.498 0.513 0.526 0.538 0.547 0.554 0.558 0.702 0.854 1.015 1.184 1.363 1.549 1.745 1.949 2.161 2.382 2.612 2.854 3.432 4.028 4.643 5.275 5.926 6.595 7.280 7.815 8.345 8.870 9.389 9.909 10.664 11.380 12.057 12.693 13.291 13.848 14.367 14.845 15.285 15.684 16.045 16.316 15.251 14.217 13.211 12.235 11.288 10.370 9.482 8.623 7.794 6.994 6.223 5.498 5.115 4.746 4.392 4.052 3.726 3.414 3.117 2.834 2.566 2.312 2.072 1.854 1.760
0.410 0.427 0.445 0.461 0.475 0.487 0.497 0.505 0.511 0.515 0.517 0.517 0.514 0.662 0.844 1.036 1.235 1.444 1.660 1.886 2.120 2.363 2.614 2.874 3.131 3.637 4.186 4.729 5.268 5.801 6.328 6.851 7.367 7.879 8.385 8.885 9.381 9.981 10.559 11.098 11.597 12.057 12.477 12.857 13.199 13.500 13.762 13.985 14.168 13.325 12.392 11.489 10.616 9.771 8.956 8.170 7.414 6.687 5.989 5.320 4.681 4.323 4.004 3.700 3.410 3.134 2.872 2.625 2.392 2.174 1.969 1.779 1.604 1.508
0.456 0.464 0.475 0.484 0.491 0.496 0.499 0.499 0.498 0.495 0.489 0.482 0.472 0.613 0.825 1.047 1.277 1.528 1.797 2.041 2.262 2.460 2.633 2.783 2.910 3.325 3.856 4.381 4.901 5.415 5.924 6.428 6.926 7.419 7.906 8.388 8.865 9.339 9.780 10.181 10.542 10.864 11.147 11.390 11.594 11.758 11.883 11.968 12.014 11.372 10.542 9.741 8.970 8.228 7.515 6.831 6.177 5.552 4.957 4.391 3.854 3.519 3.250 2.995 2.755 2.529 2.317 2.120 1.937 1.768 1.614 1.474 1.348 1.256
0.503 0.504 0.507 0.509 0.509 0.507 0.502 0.496 0.487 0.477 0.520 0.623 0.724 0.933 1.213 1.469 1.702 1.911 2.097 2.259 2.397 2.511 2.602 2.670 2.714 3.020 3.532 4.038 4.539 5.035 5.525 6.010 6.490 6.964 7.433 7.897 8.355 8.738 9.041 9.304 9.528 9.713 9.858 9.964 10.030 10.057 10.045 9.993 9.901 9.393 8.665 7.967 7.298 6.658 6.047 5.466 4.914 4.391 3.898 3.434 2.999 2.702 2.483 2.278 2.088 1.911 1.750 1.602 1.469 1.350 1.245 1.155 1.079 1.003
0.551 0.545 0.542 0.612 0.725 0.836 0.943 1.048 1.150 1.250 1.347 1.441 1.532 1.671 1.868 2.042 2.192 2.319 2.421 2.501 2.556 2.588 2.597 2.581 2.542 2.720 3.214 3.701 4.184 4.661 5.133 5.599 6.060 6.516 6.966 7.411 7.851 8.178 8.343 8.469 8.556 8.603 8.611 8.579 8.509 8.398 8.249 8.059 7.831 7.387 6.762 6.166 5.599 5.061 4.553 4.074 3.624 3.203 2.812 2.450 2.117 1.872 1.703 1.548 1.407 1.281 1.169 1.071 1.064 1.199 1.357 1.539 1.746 1.881
1.181 1.293 1.402 1.508 1.612 1.712 1.810 1.906 1.998 2.088 2.175 2.260 2.342 2.434 2.548 2.639 2.707 2.751 2.771 2.767 2.740 2.690 2.615 2.518 2.396 2.427 2.901 3.371 3.835 4.293 4.746 5.194 5.637 6.074 6.506 6.932 7.353 7.658 7.686 7.675 7.625 7.535 7.405 7.237 7.028 6.781 6.494 6.168 5.803 5.356 4.832 4.338 3.874 3.438 3.032 2.655 2.307 1.988 1.699 1.439 1.208 1.108 1.158 1.232 1.330 1.452 1.598 1.768 1.961 2.179 2.421 2.686 2.975 3.142
2.100 2.210 2.309 2.406 2.499 2.591 2.679 2.765 2.848 2.928 3.006 3.081 3.153 3.221 3.253 3.261 3.246 3.207 3.145 3.059 2.949 2.816 2.659 2.479 2.275 2.139 2.595 3.046 3.491 3.931 4.366 4.795 5.219 5.638 6.051 6.459 6.861 7.180 7.071 6.922 6.734 6.507 6.241 5.935 5.590 5.205 4.782 4.319 3.816 3.298 2.876 2.485 2.122 1.788 1.733 1.821 1.860 1.850 1.791 1.683 1.526 1.399 1.532 1.690 1.871 2.076 2.305 2.558 2.834 3.135 3.460 3.808 4.181 4.429
3.018 3.127 3.218 3.305 3.389 3.471 3.550 3.626 3.699 3.770 3.838 3.904 3.967 4.027 3.981 3.907 3.809 3.688 3.543 3.375 3.183 2.967 2.728 2.465 2.179 1.869 2.294 2.727 3.153 3.575 3.991 4.402 4.807 5.207 5.602 5.991 6.375 6.742 6.496 6.210 5.885 5.521 5.118 4.675 4.193 3.672 3.111 2.878 2.854 2.898 3.060 3.173 3.237 3.252 3.219 3.136 3.004 2.823 2.594 2.315 1.987 1.666 1.883 2.123 2.388 2.676 2.988 3.324 3.684 4.067 4.475 4.907 5.362 5.744
