DATA/SHG/ECMWF/20170628/EN-24/20170630.en-24.asc
ncols        190
nrows        64
xllcorner    -5100000.000000000000
yllcorner    4130000.000000000000
cellsize     10000.000000000000
NODATA_value  -99999.000
[rows 32 to 63 of 64, columns 72 to 143 of 190]
8.788 9.272 9.656 10.039 10.419 10.797 11.173 11.546 11.917 12.286 12.653 13.018 13.380 13.795 14.498 15.226 15.980 16.759 17.564 18.394 19.249 20.130 21.026 21.933 22.861 23.759 24.502 25.257 26.025 26.806 27.599 28.404 29.223 30.053 30.896 31.752 32.620 32.743 31.422 30.060 28.658 27.215 25.732 24.208 22.643 21.155 19.959 18.729 17.464 17.868 20.130 22.319 24.436 26.479 28.450 30.348 32.174 33.926 35.606 37.213 38.747 38.603 37.357 36.139 34.949 33.785 32.649 31.540 30.459 29.405 28.378 27.378
8.842 9.349 9.726 10.101 10.473 10.844 11.212 11.578 11.941 12.302 12.661 13.018 13.373 13.741 14.532 15.349 16.191 17.058 17.951 18.869 19.813 20.782 21.767 22.763 23.780 24.791 25.590 26.401 27.224 28.060 28.909 29.770 30.644 31.530 32.428 33.340 34.369 35.172 34.100 32.992 31.851 30.674 29.463 28.217 26.936 25.621 24.271 22.887 21.468 21.229 23.170 25.038 26.833 28.555 30.204 31.781 33.285 34.716 36.075 37.360 38.573 38.632 37.507 36.409 35.338 34.295 33.279 32.291 31.329 30.395 29.488 28.609
8.894 9.409 9.798 10.165 10.530 10.892 11.253 11.611 11.967 12.320 12.672 13.021 13.368 13.712 14.543 15.448 16.378 17.334 18.315 19.321 20.353 21.410 22.484 23.569 24.675 25.801 26.662 27.711 29.411 31.031 32.571 34.032 35.414 36.717 37.940 39.083 40.147 40.905 39.678 38.417 37.120 35.789 34.424 33.024 31.589 30.119 28.615 27.077 25.503 24.664 26.283 27.829 29.302 30.703 32.032 33.287 34.470 35.580 36.617 37.582 38.474 38.633 37.628 36.650 35.700 34.777 33.881 33.013 32.171 31.358 30.571 29.811
8.943 9.466 9.872 10.231 10.588 10.943 11.296 11.646 11.994 12.340 12.684 13.025 13.364 13.701 14.531 15.524 16.542 17.586 18.655 20.606 23.664 26.450 28.773 30.674 32.361 33.832 35.310 36.737 38.084 39.352 40.540 41.649 42.679 43.629 44.500 45.292 46.004 46.637 45.288 43.872 42.421 40.936 39.416 37.862 36.273 34.649 32.991 31.298 29.571 28.170 29.468 30.693 31.845 32.925 33.932 34.866 35.728 36.517 37.234 37.878 38.449 38.606 37.722 36.864 36.034 35.231 34.455 33.707 32.985 32.292 31.625 30.985
8.990 9.522 9.947 10.299 10.648 10.996 11.340 11.683 12.024 12.362 12.698 13.032 14.614 17.965 21.636 25.108 28.309 31.239 33.897 36.285 38.401 40.247 41.623 42.573 43.308 43.829 44.765 45.839 46.834 47.750 48.587 49.344 50.022 50.621 51.140 51.580 51.940 52.221 50.928 49.358 47.753 46.114 44.440 42.732 40.989 39.211 37.398 35.552 33.670 31.754 32.725 33.629 34.460 35.219 35.906 36.519 37.060 37.529 37.925 38.248 38.499 38.552 37.788 37.050 36.340 35.657 35.001 34.373 33.771 33.197 32.650 32.131
9.035 9.574 10.025 10.369 10.710 11.710 13.617 15.931 18.654 21.785 25.324 29.271 33.627 38.390 42.247 44.777 47.036 49.024 50.742 52.188 53.364 54.268 54.699 54.698 54.484 54.055 54.296 55.019 55.662 56.226 56.711 57.117 57.443 57.690 57.858 57.946 57.956 57.885 56.600 54.876 53.117 51.323 49.495 47.633 45.736 43.804 41.838 39.837 37.801 35.731 36.054 36.638 37.148 37.587 37.952 38.245 38.466 38.614 38.689 38.692 38.622 38.471 37.826 37.208 36.618 36.055 35.519 35.010 34.529 34.075 33.648 33.248
10.358 11.510 12.921 15.018 17.523 20.435 23.755 27.483 31.619 36.162 41.114 46.473 52.240 58.415 63.078 64.667 65.985 67.033 67.809 68.315 68.551 68.515 68.001 67.050 65.886 64.508 63.904 64.275 64.567 64.780 64.913 64.968 64.942 64.838 64.655 64.392 64.050 63.629 62.302 60.424 58.511 56.564 54.582 52.565 50.514 48.429 46.309 44.154 41.965 39.741 39.456 39.719 39.909 40.027 40.072 40.045 39.945 39.773 39.528 39.210 38.820 38.358 37.837 37.339 36.868 36.425 36.009 35.620 35.258 34.924 34.617 34.337
13.845 15.218 17.015 20.525 24.443 28.768 33.501 38.641 44.189 50.144 56.507 63.278 70.456 78.042 84.130 84.779 85.156 85.264 85.101 84.667 83.962 82.988 81.528 79.629 77.516 75.188 73.589 73.609 73.549 73.411 73.193 72.896 72.520 72.065 71.530 70.916 70.224 69.452 68.035 66.003 63.937 61.836 59.700 57.530 55.325 53.085 50.812 48.503 46.160 43.783 42.930 42.872 42.742 42.539 42.264 41.917 41.497 41.005 40.440 39.803 39.093 38.310 37.819 37.442 37.091 36.767 36.341 35.621 34.914 34.221 33.542 32.877
17.267 18.862 20.721 25.643 30.973 36.710 42.855 49.406 56.365 63.732 71.505 79.686 88.274 97.269 105.403 105.112 104.550 103.717 102.615 101.242 99.599 97.685 95.282 92.434 89.373 86.097 83.351 83.019 82.609 82.119 81.550 80.903 80.176 79.369 78.484 77.520 76.476 75.353 73.800 71.614 69.393 67.138 64.849 62.525 60.167 57.774 55.346 52.884 50.388 47.856 46.475 46.098 45.648 45.125 44.530 43.863 43.123 42.199 40.842 39.453 38.032 36.578 35.609 34.895 34.194 33.507 32.834 32.174 31.529 30.897 30.279 29.674
20.624 22.440 24.321 30.372 37.114 44.262 51.817 59.779 68.148 76.925 86.108 95.698 105.695 116.099 126.896 125.666 124.165 122.394 120.352 118.041 115.459 112.608 109.261 105.466 101.456 97.233 93.189 92.507 91.745 90.905 89.986 88.987 87.909 86.752 85.517 84.202 82.808 81.335 79.595 77.255 74.881 72.473 70.030 67.552 65.040 62.493 59.912 57.297 54.524 51.163 48.715 47.443 46.139 44.802 43.432 42.030 40.595 39.127 37.627 36.095 34.530 32.932 31.849 31.195 30.555 29.929 29.317 28.718 28.134 27.563 27.005 26.462
23.916 25.954 28.055 34.713 42.865 51.423 60.388 69.760 79.538 89.723 100.315 111.314 122.719 134.531 146.750 146.441 144.001 141.292 138.313 135.063 131.544 127.755 123.466 118.723 113.766 108.596 103.212 102.071 100.959 99.768 98.498 97.149 95.721 94.214 92.628 90.962 89.218 87.395 85.421 82.782 78.926 75.178 71.538 68.005 64.580 61.263 58.054 54.953 51.959 49.074 46.686 45.270 43.822 42.342 40.828 39.283 37.704 36.093 34.450 32.774 31.066 29.325 28.079 27.486 26.907 26.342 25.791 25.253 24.729 24.219 23.722 23.240
27.144 29.402 31.725 38.666 48.227 58.195 68.569 79.349 90.536 102.129 114.129 126.535 139.347 152.566 166.192 167.437 164.060 160.413 156.496 152.309 147.853 143.127 137.896 132.206 126.303 120.186 113.856 111.712 110.250 108.709 106.984 103.308 99.695 96.144 92.655 89.229 85.865 82.563 79.321 75.832 72.451 69.178 66.013 62.956 60.006 57.164 54.429 51.803 49.284 46.873 44.694 43.135 41.543 39.919 38.262 36.573 34.851 33.097 31.310 29.491 27.639 25.755 24.300 23.768 23.250 22.745 22.255 21.778 21.315 20.865 20.430 20.008
30.307 32.786 35.329 42.231 53.201 64.577 76.359 88.547 101.141 114.141 127.548 141.361 155.580 170.205 185.236 188.654 184.340 179.756 174.902 169.779 164.386 158.724 149.352 139.933 130.708 121.675 112.837 107.805 104.217 100.692 97.229 93.829 90.491 87.215 84.002 80.851 77.763 74.737 71.773 68.774 65.868 63.070 60.380 57.797 55.322 52.955 50.695 48.543 46.499 44.562 42.738 41.036 39.301 37.533 35.733 33.901 32.036 30.138 28.208 26.246 24.251 22.223 20.511 20.040 19.583 19.139 18.709 18.293 17.891 17.502 17.127 16.766
33.405 36.105 38.869 45.410 57.787 70.570 83.759 97.354 111.355 125.762 140.574 155.793 171.417 187.447 203.884 204.582 193.942 183.546 173.395 163.487 153.823 144.404 135.428 126.861 118.488 110.307 102.320 97.167 93.855 90.605 87.418 84.293 81.230 78.230 75.292 72.416 69.603 66.852 64.164 61.609 59.178 56.854 54.638 52.530 50.529 48.636 46.851 45.173 43.603 42.141 40.786 38.974 37.096 35.185 33.242 31.266 29.258 27.217 25.144 23.038 20.900 18.729 16.713 16.303 15.906 15.524 15.154 14.799 14.457 14.129 13.815 13.515
36.439 39.360 42.344 48.201 61.985 76.175 90.770 105.771 117.934 129.637 140.933 151.822 162.305 172.380 182.048 184.552 174.756 165.204 155.895 146.831 138.010 129.433 121.305 113.590 106.067 98.738 91.602 86.473 83.436 80.461 77.549 74.700 71.912 69.187 66.524 63.924 61.386 58.910 56.496 54.336 52.379 50.530 48.788 47.154 45.628 44.209 42.897 41.694 40.597 39.609 38.728 36.949 34.927 32.873 30.787 28.668 26.517 24.333 22.117 19.868 17.587 15.273 12.927 12.556 12.221 11.898 11.590 11.295 11.014 10.747 10.493 10.253
39.378 41.477 43.509 46.915 59.251 71.180 82.702 93.817 104.526 114.828 124.724 134.212 143.294 151.969 160.238 164.327 155.373 146.664 138.198 129.976 121.998 114.263 106.982 100.118 93.446 86.968 80.682 75.722 72.961 70.261 67.624 65.050 62.537 60.087 57.699 55.374 53.111 50.909 48.771 46.955 45.473 44.098 42.830 41.670 40.617 39.672 38.834 38.104 37.482 36.966 36.559 34.961 32.796 30.599 28.370 26.108 23.813 21.487 19.127 16.736 14.311 11.855 9.366 8.800 8.525 8.264 8.016 7.782 7.561 7.355 7.162 6.982
35.481 37.347 39.146 40.903 51.837 62.364 72.485 82.200 91.508 100.410 108.906 116.995 124.677 131.953 138.823 143.905 135.795 127.928 120.304 112.924 105.788 98.895 92.460 86.446 80.625 74.996 69.561 64.916 62.429 60.005 57.643 55.343 53.106 50.930 48.817 46.766 44.778 42.851 40.987 39.468 38.459 37.558 36.764 36.077 35.498 35.026 34.662 34.405 34.256 34.214 34.279 33.010 30.702 28.362 25.989 23.584 21.147 18.677 16.175 13.641 11.074 8.474 5.842 5.035 4.820 4.619 4.432 4.259 4.099 3.953 3.956 4.280
31.652 33.285 34.851 36.349 44.808 53.936 62.657 70.971 78.880 86.383 93.479 100.169 106.453 112.331 117.802 122.868 116.020 108.995 102.213 95.674 89.379 83.327 77.738 72.574 67.603 62.824 58.238 54.053 51.841 49.692 47.605 45.580 43.617 41.716 39.877 38.101 36.387 34.735 33.146 31.873 31.337 30.909 30.589 30.376 30.270 30.271 30.380 30.597 30.920 31.351 31.890 31.095 28.645 26.162 23.646 21.098 18.518 15.905 13.260 10.583 7.873 5.227 2.960 2.379 2.708 3.034 3.359 3.681 4.001 4.319 4.635 4.949
27.890 29.291 30.624 31.890 38.165 45.893 53.215 60.131 66.641 72.745 78.443 83.735 88.621 93.101 97.176 100.844 96.049 89.865 83.924 78.227 72.772 67.561 62.817 58.502 54.380 50.451 46.714 43.170 41.197 39.322 37.510 35.759 34.071 32.445 30.880 29.379 27.939 26.561 25.246 24.170 24.108 24.154 24.306 24.566 24.933 25.408 25.989 26.678 27.475 28.378 29.390 29.218 26.644 24.230 21.849 19.499 17.181 14.894 12.640 10.417 8.226 6.067 3.939 3.124 3.443 3.761 4.076 4.389 4.700 5.009 5.315 5.620
24.197 25.365 26.466 27.499 31.908 38.237 44.160 49.678 54.790 59.496 63.797 67.692 71.181 74.265 76.943 79.215 75.882 70.539 65.438 60.581 55.967 51.596 47.697 44.231 40.958 37.877 34.989 32.293 30.497 28.896 27.358 25.882 24.468 23.116 21.826 20.598 19.433 18.330 17.288 16.361 16.772 17.290 17.915 18.663 20.047 21.417 22.772 24.113 25.439 26.750 28.047 28.507 26.201 23.927 21.684 19.473 17.294 15.146 13.030 10.946 8.894 6.873 4.885 3.870 4.180 4.488 4.794 5.098 5.400 5.699 5.997 6.292
20.571 21.507 22.375 23.176 26.035 30.966 35.492 39.612 43.327 46.637 49.541 52.039 54.133 55.821 57.103 57.980 55.519 51.016 46.756 42.739 38.964 35.433 32.378 29.760 27.335 25.102 23.062 21.214 19.740 18.414 17.150 15.948 14.808 13.730 12.714 12.652 12.663 12.689 12.731 12.788 14.059 15.424 16.774 18.109 19.430 20.736 22.028 23.305 24.568 25.816 27.049 27.893 25.726 23.590 21.486 19.414 17.374 15.365 13.388 11.443 9.529 7.647 5.797 4.617 4.918 5.217 5.514 5.808 6.101 6.391 6.679 6.965
17.013 17.717 18.353 18.921 20.546 24.081 27.210 29.933 32.252 34.166 35.674 36.777 37.475 37.768 37.656 37.138 34.960 31.297 27.876 24.698 21.763 19.071 16.859 15.090 13.512 12.127 12.028 12.105 12.107 12.076 12.061 12.062 12.078 12.111 12.159 12.223 12.303 12.399 12.510 12.638 13.712 15.013 16.300 17.571 18.829 20.071 21.300 22.513 23.713 24.897 26.067 27.223 25.219 23.222 21.257 19.323 17.421 15.551 13.713 11.906 10.132 8.388 6.677 5.366 5.658 5.947 6.234 6.520 6.803 7.084 7.363 7.640
13.523 13.994 14.398 14.734 15.442 17.580 19.313 20.641 21.565 22.083 22.196 21.905 21.208 20.107 18.601 16.690 14.205 11.381 10.551 10.649 10.734 10.808 10.880 10.953 11.016 11.069 11.113 11.146 11.173 11.211 11.266 11.337 11.423 11.525 11.643 11.777 11.926 12.092 12.273 12.470 13.381 14.618 15.841 17.050 18.244 19.423 20.588 21.738 22.874 23.995 25.101 26.194 24.679 22.821 20.994 19.200 17.437 15.705 14.005 12.337 10.701 9.096 7.524 6.116 6.398 6.678 6.957 7.233 7.507 7.778 8.048 8.316
10.100 10.339 10.511 10.615 10.721 11.464 11.802 11.735 11.264 10.388 9.107 8.772 8.991 9.211 9.430 9.650 9.844 9.924 9.992 10.047 10.090 10.120 10.149 10.179 10.199 10.209 10.209 10.199 10.222 10.330 10.455 10.595 10.751 10.922 11.110 11.313 11.533 11.768 12.018 12.285 13.065 14.239 15.399 16.544 17.674 18.790 19.892 20.978 22.051 23.109 24.152 25.181 24.107 22.388 20.700 19.044 17.419 15.826 14.265 12.736 11.238 9.772 8.337 6.934 7.140 7.411 7.680 7.947 8.211 8.474 8.734 8.993
6.745 6.752 6.692 6.564 6.752 6.978 7.198 7.417 7.636 7.856 8.076 8.295 8.515 8.734 8.954 9.173 9.383 9.420 9.445 9.457 9.457 9.445 9.431 9.417 9.394 9.360 9.317 9.264 9.255 9.433 9.627 9.836 10.062 10.303 10.560 10.833 11.122 11.427 11.747 12.083 12.766 13.876 14.972 16.054 17.121 18.174 19.212 20.235 21.244 22.238 23.218 24.184 23.503 21.922 20.373 18.855 17.369 15.915 14.492 13.101 11.742 10.414 9.118 7.854 7.883 8.145 8.404 8.662 8.917 9.171 9.422 9.671
5.010 5.337 5.656 5.966 6.266 6.500 6.720 6.940 7.159 7.379 7.599 7.818 8.038 8.258 8.478 8.698 8.917 8.927 8.909 8.879 8.836 8.781 8.724 8.667 8.601 8.524 8.438 8.342 8.271 8.518 8.782 9.061 9.356 9.667 9.994 10.337 10.695 11.069 11.459 11.865 12.482 13.529 14.562 15.580 16.584 17.573 18.548 19.508 20.453 21.384 22.301 23.203 22.867 21.425 20.014 18.635 17.287 15.971 14.687 13.434 12.213 11.024 9.866 8.740 8.627 8.880 9.130 9.379 9.625 9.869 10.111 10.351
4.658 4.955 5.242 5.520 5.789 6.023 6.243 6.463 6.683 6.902 7.122 7.342 7.562 7.782 8.002 8.222 8.442 8.447 8.386 8.313 8.227 8.129 8.029 7.929 7.820 7.700 7.570 7.431 7.282 7.588 7.921 8.270 8.634 9.015 9.411 9.823 10.251 10.695 11.154 11.629 12.214 13.198 14.167 15.122 16.062 16.988 17.899 18.796 19.679 20.546 21.400 22.239 22.199 20.895 19.623 18.382 17.172 15.995 14.849 13.734 12.652 11.600 10.581 9.593 9.373 9.616 9.829 9.980 10.162 10.373 10.616 10.889
4.315 4.581 4.837 5.083 5.321 5.546 5.766 5.986 6.206 6.426 6.647 6.867 7.087 7.307 7.527 7.748 7.968 7.978 7.874 7.759 7.630 7.490 7.347 7.203 7.050 6.888 6.715 6.532 6.340 6.640 7.043 7.461 7.895 8.345 8.811 9.293 9.790 10.303 10.832 11.377 11.961 12.882 13.788 14.680 15.557 16.419 17.267 18.101 18.920 19.725 20.515 21.290 21.499 20.333 19.199 18.096 17.025 15.966 14.813 13.690 12.596 11.531 10.495 9.489 9.099 9.323 9.577 9.861 10.176 10.521 10.897 11.303
3.982 4.216 4.440 4.656 4.862 5.070 5.290 5.510 5.731 5.951 6.171 6.392 6.612 6.832 7.053 7.273 7.494 7.521 7.375 7.216 7.045 6.862 6.676 6.490 6.293 6.087 5.871 5.646 5.410 5.676 6.148 6.636 7.140 7.659 8.195 8.746 9.312 9.895 10.493 11.107 11.737 12.582 13.425 14.253 15.067 15.866 16.651 17.422 18.175 18.791 19.384 19.953 20.212 19.041 17.899 16.787 15.704 14.650 13.626 12.631 11.665 10.729 9.821 8.944 8.550 8.907 9.294 9.712 10.160 10.639 11.147 11.687
3.657 3.859 4.053 4.237 4.412 4.594 4.814 5.035 5.255 5.476 5.696 5.917 6.137 6.358 6.579 6.799 7.020 7.075 6.887 6.685 6.472 6.246 6.017 5.788 5.548 5.299 5.040 4.771 4.492 4.696 5.237 5.795 6.368 6.957 7.561 8.182 8.818 9.470 10.137 10.821 11.444 12.127 12.804 13.458 14.088 14.696 15.280 15.841 16.379 16.894 17.385 17.853 18.226 17.183 16.170 15.186 14.231 13.306 12.410 11.543 10.705 9.897 9.118 8.369 7.970 8.461 8.981 9.532 10.113 10.725 11.367 12.040
3.341 3.512 3.674 3.827 3.971 4.118 4.339 4.560 4.780 5.001 5.222 5.443 5.663 5.884 6.105 6.326 6.547 6.642 6.411 6.167 5.910 5.642 5.370 5.097 4.815 4.523 4.220 3.908 3.586 3.699 4.310 4.981 5.651 6.307 6.948 7.574 8.186 8.783 9.366 9.933 10.487 11.067 11.643 12.195 12.725 13.231 13.714 14.173 14.610 15.023 15.413 15.780 16.124 15.297 14.412 13.556 12.730 11.933 11.165 10.426 9.717 9.037 8.387 7.765 7.360 7.984 8.638 9.322 10.036 10.781 11.556 12.362
3.034 3.174 3.305 3.426 3.539 3.643 3.864 4.085 4.306 4.527 4.748 4.969 5.190 5.411 5.632 5.853 6.074 6.220 5.946 5.660 5.361 5.050 4.799 4.576 4.342 4.100 3.847 3.585 3.313 3.358 3.993 4.614 5.221 5.812 6.390 6.952 7.500 8.034 8.552 9.057 9.546 10.033 10.508 10.959 11.387 11.792 12.173 12.532 12.867 13.179 13.468 13.734 13.976 13.383 12.626 11.898 11.200 10.531 9.891 9.281 8.700 8.148 7.626 7.132 6.720 7.477 8.264 9.081 9.929 10.806 11.715 12.654
