DATA/SHG/ECMWF/20170628/EN-24/20170706.en-24.asc
ncols        190
nrows        64
xllcorner    -5100000.000000000000
yllcorner    4130000.000000000000
cellsize     10000.000000000000
NODATA_value  -99999.000
[rows 0 to 32 of 64, columns 0 to 72 of 190]
0.000 0.000 0.000 0.001 0.001 0.001 0.001 0.001 0.001 0.001 0.000 0.000 0.000 0.000 0.000 0.000 0.000 0.000 0.000 0.000 0.000 0.001 0.004 0.007 0.011 0.015 0.021 0.028 0.036 0.044 0.053 0.064 0.075 0.093 0.116 0.141 0.167 0.194 0.222 0.251 0.282 0.314 0.346 0.381 0.416 0.479 0.566 0.656 0.748 0.843 0.940 1.039 1.140 1.244 1.349 1.458 1.568 1.601 1.537 1.469 1.396 1.318 1.236 1.149 1.058 0.963 0.862 0.758 0.648 0.625 0.750 0.877 1.007
0.000 0.000 0.000 0.000 0.000 0.000 0.000 0.000 0.000 0.000 0.000 0.000 0.000 0.000 0.000 0.000 0.001 0.001 0.001 0.001 0.002 0.004 0.010 0.016 0.023 0.031 0.040 0.050 0.061 0.072 0.085 0.098 0.113 0.133 0.161 0.189 0.219 0.251 0.283 0.317 0.351 0.387 0.425 0.463 0.502 0.564 0.660 0.758 0.858 0.960 1.065 1.172 1.281 1.393 1.507 1.623 1.741 1.798 1.718 1.634 1.545 1.451 1.353 1.251 1.144 1.032 0.916 0.795 0.670 0.605 0.738 0.873 1.011
0.000 0.000 0.000 0.000 0.000 0.000 0.000 0.000 0.000 0.000 0.000 0.000 0.000 0.001 0.001 0.001 0.001 0.002 0.002 0.002 0.003 0.006 0.015 0.024 0.034 0.046 0.058 0.071 0.085 0.100 0.115 0.132 0.149 0.172 0.204 0.237 0.271 0.306 0.343 0.381 0.420 0.460 0.501 0.544 0.588 0.647 0.751 0.857 0.965 1.075 1.188 1.303 1.420 1.540 1.662 1.786 1.912 1.999 1.904 1.803 1.698 1.589 1.475 1.356 1.233 1.105 0.973 0.837 0.900 1.038 1.364 1.658 1.919
0.000 0.000 0.000 0.000 0.000 0.000 0.000 0.000 0.000 0.000 0.000 0.000 0.001 0.001 0.001 0.002 0.002 0.003 0.003 0.003 0.004 0.007 0.019 0.031 0.045 0.059 0.075 0.091 0.108 0.126 0.145 0.165 0.185 0.209 0.245 0.283 0.321 0.361 0.401 0.443 0.487 0.531 0.577 0.623 0.671 0.727 0.839 0.953 1.069 1.188 1.308 1.431 1.557 1.684 1.814 1.946 2.080 2.205 2.093 1.977 1.860 1.815 1.806 1.831 1.891 1.987 2.118 2.284 2.484 2.720 2.933 3.113 3.260
0.001 0.001 0.001 0.001 0.001 0.001 0.000 0.000 0.000 0.000 0.000 0.001 0.001 0.001 0.002 0.002 0.003 0.003 0.004 0.005 0.005 0.007 0.022 0.038 0.054 0.072 0.090 0.110 0.130 0.151 0.173 0.196 0.220 0.245 0.286 0.327 0.370 0.414 0.459 0.505 0.552 0.601 0.651 0.702 0.754 0.807 0.925 1.047 1.171 1.298 1.426 1.557 1.690 1.824 1.955 2.092 2.235 2.385 2.375 2.383 2.426 2.504 2.618 2.766 2.949 3.168 3.421 3.710 4.034 4.392 4.531 4.597 4.630
0.002 0.002 0.001 0.001 0.001 0.001 0.001 0.000 0.000 0.000 0.000 0.001 0.001 0.002 0.002 0.003 0.004 0.004 0.005 0.006 0.006 0.007 0.024 0.043 0.063 0.084 0.105 0.128 0.151 0.176 0.201 0.227 0.254 0.282 0.325 0.370 0.417 0.465 0.514 0.565 0.617 0.669 0.723 0.779 0.835 0.893 1.000 1.109 1.225 1.347 1.475 1.609 1.750 1.896 2.049 2.207 2.372 2.544 2.660 2.791 2.957 3.158 3.395 3.666 3.972 4.313 4.689 5.101 5.547 6.029 6.157 6.109 6.028
0.002 0.002 0.002 0.002 0.001 0.001 0.001 0.001 0.000 0.000 0.000 0.001 0.002 0.002 0.003 0.004 0.004 0.005 0.006 0.006 0.007 0.008 0.025 0.048 0.071 0.094 0.119 0.145 0.172 0.199 0.227 0.257 0.287 0.318 0.362 0.412 0.463 0.516 0.569 0.618 0.659 0.698 0.733 0.765 0.794 0.820 0.914 1.046 1.183 1.327 1.476 1.632 1.794 1.962 2.136 2.317 2.503 2.696 2.911 3.165 3.454 3.778 4.136 4.530 4.959 5.423 5.922 6.456 7.025 7.629 7.811 7.649 7.455
0.003 0.003 0.002 0.002 0.002 0.002 0.001 0.001 0.001 0.000 0.000 0.001 0.002 0.003 0.003 0.004 0.005 0.006 0.007 0.007 0.008 0.009 0.026 0.051 0.077 0.104 0.132 0.161 0.191 0.221 0.253 0.285 0.321 0.357 0.401 0.447 0.491 0.531 0.568 0.601 0.632 0.659 0.683 0.704 0.721 0.736 0.823 0.976 1.135 1.300 1.471 1.649 1.832 2.022 2.218 2.420 2.628 2.842 3.127 3.504 3.915 4.362 4.843 5.360 5.911 6.498 7.119 7.776 8.467 9.194 9.493 9.218 8.910
0.004 0.003 0.003 0.003 0.002 0.002 0.002 0.001 0.001 0.000 0.000 0.001 0.002 0.003 0.004 0.005 0.005 0.006 0.007 0.008 0.009 0.010 0.025 0.054 0.083 0.117 0.152 0.188 0.224 0.260 0.296 0.333 0.370 0.407 0.445 0.480 0.512 0.541 0.566 0.589 0.608 0.624 0.636 0.646 0.652 0.655 0.726 0.900 1.081 1.268 1.460 1.659 1.865 2.076 2.293 2.517 2.746 2.982 3.309 3.808 4.342 4.911 5.516 6.155 6.829 7.538 8.281 9.060 9.874 10.723 11.204 10.815 10.394
0.004 0.004 0.004 0.003 0.003 0.002 0.002 0.001 0.001 0.000 0.000 0.001 0.002 0.003 0.004 0.005 0.006 0.007 0.013 0.018 0.025 0.033 0.051 0.087 0.122 0.158 0.194 0.231 0.268 0.305 0.343 0.380 0.419 0.457 0.492 0.516 0.536 0.554 0.568 0.579 0.587 0.592 0.593 0.591 0.586 0.578 0.622 0.818 1.021 1.229 1.443 1.664 1.891 2.123 2.362 2.607 2.859 3.116 3.456 4.078 4.735 5.426 6.153 6.914 7.711 8.542 9.408 10.309 11.245 12.216 12.943 12.441 11.906
0.005 0.005 0.004 0.004 0.003 0.003 0.002 0.002 0.001 0.000 0.000 0.002 0.005 0.008 0.013 0.018 0.025 0.032 0.041 0.050 0.060 0.071 0.089 0.125 0.162 0.199 0.236 0.274 0.312 0.350 0.389 0.428 0.467 0.506 0.542 0.554 0.564 0.570 0.573 0.573 0.569 0.563 0.553 0.540 0.523 0.504 0.513 0.731 0.954 1.184 1.420 1.662 1.910 2.165 2.425 2.692 2.964 3.243 3.569 4.313 5.092 5.906 6.755 7.639 8.558 9.511 10.500 11.523 12.581 13.674 14.710 14.095 13.447
0.006 0.006 0.005 0.005 0.005 0.004 0.004 0.003 0.002 0.001 0.001 0.006 0.012 0.019 0.027 0.036 0.045 0.056 0.068 0.080 0.094 0.109 0.125 0.163 0.201 0.239 0.277 0.316 0.355 0.395 0.434 0.474 0.515 0.555 0.595 0.597 0.595 0.590 0.581 0.570 0.555 0.537 0.516 0.492 0.464 0.433 0.399 0.637 0.882 1.133 1.391 1.654 1.924 2.200 2.482 2.770 3.064 3.365 3.671 4.514 5.416 6.352 7.323 8.329 9.370 10.446 11.556 12.520 13.325 14.090 14.816 13.921 12.910
0.011 0.011 0.010 0.010 0.009 0.008 0.007 0.006 0.004 0.003 0.001 0.009 0.018 0.029 0.040 0.052 0.065 0.079 0.094 0.110 0.127 0.145 0.163 0.200 0.239 0.279 0.318 0.358 0.398 0.439 0.480 0.521 0.562 0.604 0.646 0.642 0.629 0.612 0.593 0.570 0.544 0.515 0.482 0.447 0.408 0.366 0.321 0.537 0.804 1.076 1.355 1.641 1.932 2.229 2.533 2.842 3.158 3.480 3.807 4.681 5.667 6.609 7.511 8.375 9.200 9.985 10.731 11.439 12.107 12.736 13.326 12.698 11.769
0.018 0.017 0.016 0.015 0.014 0.012 0.010 0.009 0.006 0.004 0.002 0.011 0.023 0.037 0.052 0.067 0.083 0.101 0.119 0.138 0.158 0.180 0.202 0.237 0.278 0.318 0.359 0.400 0.441 0.483 0.525 0.567 0.609 0.652 0.696 0.691 0.666 0.639 0.608 0.574 0.536 0.496 0.452 0.405 0.355 0.302 0.245 0.431 0.719 1.014 1.314 1.621 1.933 2.289 2.648 3.001 3.349 3.692 4.029 4.735 5.579 6.384 7.151 7.878 8.566 9.215 9.825 10.396 10.927 11.420 11.874 11.455 10.608
0.025 0.024 0.022 0.020 0.018 0.016 0.014 0.011 0.009 0.006 0.003 0.012 0.028 0.045 0.062 0.081 0.101 0.121 0.143 0.166 0.189 0.213 0.239 0.274 0.315 0.357 0.399 0.441 0.483 0.526 0.569 0.612 0.656 0.700 0.745 0.742 0.707 0.668 0.626 0.580 0.532 0.480 0.425 0.367 0.306 0.241 0.256 0.477 0.848 1.215 1.576 1.932 2.282 2.628 2.968 3.302 3.632 3.956 4.274 4.821 5.529 6.198 6.828 7.419 7.970 8.483 8.957 9.391 9.787 10.143 10.461 10.191 9.426
0.033 0.031 0.029 0.026 0.023 0.021 0.018 0.015 0.011 0.008 0.004 0.012 0.031 0.051 0.072 0.094 0.117 0.141 0.166 0.192 0.219 0.246 0.275 0.310 0.353 0.395 0.438 0.482 0.525 0.569 0.613 0.658 0.702 0.748 0.793 0.797 0.751 0.700 0.660 0.690 0.716 0.738 0.755 0.767 0.775 0.779 0.778 0.931 1.284 1.632 1.975 2.312 2.644 2.971 3.292 3.608 3.919 4.224 4.525 4.945 5.517 6.049 6.543 6.997 7.413 7.789 8.127 8.425 8.685 8.905 9.087 8.907 8.224
0.041 0.038 0.035 0.032 0.029 0.025 0.022 0.018 0.014 0.010 0.006 0.010 0.033 0.056 0.081 0.106 0.133 0.160 0.188 0.217 0.247 0.278 0.310 0.346 0.390 0.433 0.478 0.522 0.567 0.612 0.657 0.722 0.841 0.974 1.122 1.241 1.269 1.293 1.312 1.327 1.337 1.343 1.344 1.341 1.333 1.321 1.304 1.390 1.724 2.054 2.378 2.697 3.010 3.318 3.621 3.919 4.211 4.498 4.779 5.107 5.542 5.939 6.296 6.614 6.894 7.134 7.335 7.498 7.621 7.706 7.751 7.603 7.002
0.048 0.045 0.042 0.038 0.034 0.030 0.026 0.021 0.017 0.012 0.007 0.008 0.034 0.061 0.089 0.117 0.147 0.177 0.209 0.241 0.275 0.309 0.344 0.382 0.433 0.502 0.585 0.683 0.794 0.921 1.061 1.216 1.385 1.569 1.767 1.945 1.957 1.965 1.968 1.967 1.961 1.951 1.937 1.918 1.895 1.867 1.834 1.853 2.169 2.480 2.786 3.086 3.381 3.670 3.955 4.234 4.507 4.776 5.039 5.306 5.605 5.865 6.087 6.269 6.412 6.517 6.582 6.609 6.596 6.545 6.455 6.278 5.760
0.056 0.053 0.048 0.044 0.040 0.035 0.030 0.025 0.020 0.014 0.009 0.005 0.034 0.064 0.095 0.127 0.160 0.199 0.240 0.282 0.324 0.367 0.410 0.455 0.560 0.679 0.813 0.960 1.123 1.299 1.490 1.695 1.914 2.148 2.396 2.651 2.648 2.640 2.628 2.611 2.589 2.564 2.534 2.499 2.460 2.416 2.368 2.321 2.619 2.911 3.198 3.480 3.756 4.027 4.293 4.554 4.809 5.059 5.303 5.543 5.706 5.830 5.915 5.962 5.969 5.938 5.867 5.758 5.610 5.423 5.197 4.932 4.497
0.065 0.060 0.055 0.050 0.045 0.040 0.035 0.029 0.023 0.017 0.018 0.021 0.058 0.099 0.140 0.182 0.224 0.266 0.309 0.352 0.395 0.439 0.483 0.528 0.672 0.841 1.025 1.223 1.435 1.662 1.903 2.158 2.428 2.712 3.010 3.323 3.342 3.319 3.291 3.258 3.221 3.180 3.134 3.083 3.029 2.969 2.906 2.838 3.073 3.346 3.615 3.878 4.136 4.389 4.636 4.878 5.115 5.346 5.573 5.793 5.844 5.832 5.782 5.692 5.564 5.397 5.191 4.946 4.662 4.339 3.978 3.577 3.214
0.073 0.068 0.063 0.062 0.063 0.064 0.066 0.068 0.072 0.076 0.080 0.086 0.119 0.161 0.204 0.246 0.290 0.333 0.377 0.421 0.466 0.511 0.556 0.602 0.768 0.988 1.222 1.470 1.732 2.009 2.300 2.606 2.926 3.260 3.608 3.971 4.041 4.001 3.958 3.909 3.857 3.799 3.738 3.672 3.601 3.526 3.447 3.363 3.531 3.787 4.037 4.281 4.521 4.755 4.984 5.207 5.426 5.639 5.846 6.049 6.020 5.872 5.686 5.461 5.197 4.894 4.552 4.194 3.864 3.542 3.229 2.923 2.727
0.102 0.102 0.104 0.106 0.109 0.113 0.117 0.122 0.128 0.135 0.142 0.150 0.179 0.223 0.267 0.311 0.355 0.400 0.445 0.490 0.536 0.582 0.629 0.676 0.849 1.119 1.403 1.702 2.014 2.341 2.683 3.038 3.408 3.792 4.190 4.603 4.743 4.687 4.628 4.564 4.496 4.423 4.345 4.264 4.178 4.087 3.992 3.892 3.994 4.231 4.463 4.689 4.910 5.126 5.336 5.541 5.741 5.936 6.125 6.309 6.178 5.820 5.471 5.129 4.795 4.469 4.152 3.842 3.540 3.246 2.960 2.682 2.493
0.137 0.140 0.144 0.149 0.154 0.161 0.168 0.175 0.184 0.193 0.203 0.213 0.239 0.284 0.329 0.374 0.420 0.466 0.512 0.559 0.606 0.653 0.701 0.749 0.916 1.235 1.570 1.918 2.281 2.658 3.049 3.455 3.875 4.309 4.757 5.220 5.448 5.377 5.302 5.222 5.138 5.050 4.957 4.859 4.758 4.651 4.541 4.425 4.462 4.680 4.893 5.101 5.304 5.428 5.502 5.569 5.628 5.679 5.724 5.761 5.625 5.295 4.973 4.659 4.353 4.055 3.765 3.483 3.208 2.942 2.684 2.433 2.252
0.171 0.177 0.184 0.191 0.199 0.208 0.217 0.228 0.239 0.250 0.263 0.276 0.299 0.345 0.391 0.438 0.484 0.532 0.579 0.627 0.675 0.724 0.773 0.822 0.967 1.337 1.721 2.119 2.532 2.959 3.401 3.856 4.326 4.810 5.309 5.821 6.157 6.071 5.980 5.884 5.785 5.680 5.572 5.459 5.341 5.219 5.011 4.770 4.629 4.713 4.791 4.861 4.924 4.980 5.028 5.069 5.102 5.129 5.148 5.159 5.065 4.762 4.468 4.182 3.904 3.633 3.371 3.117 2.870 2.631 2.401 2.178 2.006
0.205 0.213 0.222 0.232 0.243 0.254 0.266 0.279 0.293 0.307 0.322 0.337 0.358 0.405 0.453 0.500 0.548 0.597 0.646 0.695 0.744 0.794 0.844 0.894 1.002 1.422 1.857 2.305 2.768 3.245 3.736 4.242 4.762 5.296 5.844 6.407 6.870 6.768 6.661 6.461 6.243 6.018 5.786 5.548 5.303 5.051 4.793 4.527 4.315 4.374 4.426 4.471 4.508 4.539 4.561 4.577 4.585 4.586 4.579 4.566 4.498 4.223 3.957 3.698 3.448 3.205 2.970 2.744 2.525 2.314 2.111 1.916 1.753
0.238 0.249 0.260 0.273 0.286 0.300 0.314 0.330 0.346 0.362 0.380 0.398 0.417 0.465 0.514 0.563 0.612 0.661 0.711 0.762 0.812 0.863 0.915 0.966 1.023 1.493 1.977 2.476 2.989 3.516 4.057 4.611 5.111 5.612 6.113 6.614 7.099 6.877 6.649 6.414 6.172 5.923 5.668 5.407 5.138 4.863 4.581 4.292 4.009 4.043 4.069 4.089 4.101 4.105 4.103 4.093 4.076 4.051 4.019 3.980 3.924 3.677 3.438 3.208 2.985 2.770 2.563 2.363 2.172 1.989 1.814 1.646 1.494
0.268 0.283 0.297 0.312 0.328 0.344 0.361 0.379 0.398 0.417 0.437 0.458 0.479 0.525 0.574 0.624 0.675 0.726 0.777 0.828 0.880 0.932 0.985 1.038 1.089 1.525 2.024 2.524 3.024 3.525 4.025 4.527 5.028 5.530 6.033 6.536 7.039 6.883 6.632 6.373 6.108 5.836 5.557 5.272 4.980 4.682 4.376 4.064 3.745 3.719 3.720 3.714 3.701 3.680 3.652 3.617 3.574 3.524 3.467 3.402 3.330 3.124 2.913 2.710 2.515 2.327 2.148 1.976 1.813 1.657 1.509 1.369 1.238
0.298 0.317 0.333 0.351 0.369 0.388 0.408 0.428 0.449 0.471 0.494 0.517 0.541 0.584 0.635 0.686 0.738 0.806 0.901 0.976 1.034 1.073 1.093 1.095 1.079 1.431 1.931 2.433 2.934 3.436 3.939 4.442 4.945 5.449 5.953 6.457 6.962 6.897 6.621 6.340 6.051 5.756 5.454 5.145 4.829 4.507 4.179 3.843 3.501 3.403 3.379 3.347 3.308 3.262 3.209 3.148 3.080 3.005 2.922 2.832 2.735 2.564 2.381 2.205 2.038 1.878 1.726 1.582 1.446 1.318 1.198 1.086 0.981
0.327 0.349 0.369 0.389 0.409 0.431 0.453 0.476 0.500 0.524 0.598 0.724 0.846 0.964 1.067 1.152 1.219 1.267 1.297 1.308 1.301 1.275 1.232 1.169 1.089 1.335 1.838 2.341 2.844 3.348 3.852 4.356 4.861 5.366 5.872 6.378 6.885 6.917 6.618 6.313 6.001 5.682 5.357 5.024 4.686 4.340 3.988 3.629 3.264 3.095 3.045 2.988 2.924 2.852 2.773 2.687 2.594 2.493 2.385 2.270 2.148 1.998 1.842 1.694 1.554 1.422 1.298 1.181 1.073 0.972 0.880 0.795 0.718
0.355 0.381 0.403 0.501 0.641 0.776 0.908 1.036 1.160 1.280 1.397 1.509 1.617 1.701 1.740 1.761 1.763 1.746 1.712 1.659 1.587 1.497 1.389 1.263 1.118 1.240 1.744 2.248 2.753 3.258 3.764 4.270 4.777 5.284 5.791 6.299 6.807 6.944 6.622 6.293 5.958 5.615 5.267 4.911 4.549 4.180 3.804 3.422 3.033 2.794 2.719 2.636 2.547 2.450 2.346 2.234 2.116 1.990 1.856 1.716 1.568 1.424 1.296 1.176 1.063 0.959 0.862 0.773 0.743 0.794 0.844 0.892 0.939
0.960 1.136 1.270 1.399 1.525 1.647 1.765 1.879 1.990 2.096 2.199 2.297 2.392 2.457 2.432 2.388 2.325 2.245 2.146 2.028 1.892 1.738 1.566 1.375 1.166 1.144 1.649 2.155 2.662 3.169 3.676 4.184 4.692 5.201 5.710 6.219 6.729 6.978 6.632 6.280 5.921 5.556 5.184 4.805 4.419 4.027 3.628 3.222 2.810 2.501 2.400 2.293 2.178 2.056 1.926 1.789 1.645 1.494 1.335 1.169 0.996 0.923 0.979 1.034 1.087 1.139 1.190 1.239 1.286 1.332 1.377 1.420 1.462
1.839 2.065 2.185 2.301 2.413 2.521 2.626 2.726 2.822 2.915 3.004 3.089 3.170 3.232 3.142 3.033 2.907 2.762 2.599 2.417 2.217 1.999 1.762 1.507 1.233 1.047 1.554 2.062 2.570 3.079 3.588 4.097 4.607 5.117 5.628 6.139 6.650 7.019 6.650 6.274 5.892 5.503 5.107 4.705 4.296 3.881 3.458 3.029 2.594 2.215 2.090 1.957 1.816 1.669 1.582 1.547 1.519 1.499 1.486 1.481 1.484 1.502 1.554 1.603 1.651 1.698 1.744 1.788 1.830 1.871 1.911 1.949 1.986
2.702 2.981 3.103 3.205 3.304 3.398 3.489 3.575 3.658 3.737 3.812 3.883 3.951 4.014 3.871 3.698 3.507 3.298 3.070 2.825 2.560 2.278 1.977 1.658 1.320 0.964 1.459 1.968 2.478 2.988 3.499 4.010 4.521 5.033 5.545 6.058 6.571 7.066 6.674 6.275 5.869 5.457 5.038 4.613 4.180 3.742 3.296 2.925 2.548 2.146 2.100 2.061 2.029 2.005 1.989 1.980 1.978 1.984 1.997 2.018 2.046 2.082 2.128 2.173 2.216 2.258 2.298 2.337 2.375 2.411 2.446 2.479 2.511
