DATA/SHG/ECMWF/20170628/EN-24/20170629.en-24.asc
ncols        190
nrows        64
xllcorner    -5100000.000000000000
yllcorner    4130000.000000000000
cellsize     10000.000000000000
NODATA_value  -99999.000
[rows 0 to 31 of 64, columns 74 to 147 of 190]
10.463 10.395 10.336 10.285 10.242 10.208 10.182 10.165 10.107 10.010 9.898 9.771 9.629 9.472 9.300 9.113 8.911 8.695 8.463 8.291 8.380 8.488 8.610 8.748 8.900 9.066 9.248 9.444 9.655 9.881 10.121 10.421 10.869 11.308 11.737 12.156 12.566 12.966 13.357 13.738 14.109 14.471 14.823 15.104 15.182 15.251 15.311 15.362 15.404 15.437 15.460 15.475 15.480 15.475 15.462 15.307 14.755 14.195 13.629 13.057 12.477 11.891 11.298 10.698 10.092 9.479 8.859 8.413 8.467 8.512 8.549 8.576 8.595 8.605
11.086 10.993 10.894 10.805 10.727 10.658 10.599 10.536 10.401 10.251 10.087 9.907 9.713 9.503 9.279 9.040 8.785 8.516 8.232 7.980 8.134 8.308 8.496 8.699 8.917 9.150 9.397 9.659 9.936 10.227 10.533 10.863 11.269 11.664 12.050 12.427 12.794 13.151 13.499 13.837 14.166 14.485 14.794 15.062 15.100 15.128 15.147 15.157 15.158 15.150 15.132 15.105 15.070 15.025 14.970 14.836 14.253 13.664 13.068 12.465 11.855 11.239 10.616 9.986 9.349 8.706 8.056 7.503 7.518 7.524 7.521 7.510 7.490 7.461
11.211 11.137 11.073 11.019 10.975 10.941 10.917 10.895 10.708 10.506 10.289 10.057 9.810 9.548 9.271 8.980 8.673 8.352 8.015 7.664 7.872 8.111 8.366 8.635 8.918 9.217 9.530 9.857 10.200 10.557 10.929 11.315 11.678 12.030 12.374 12.708 13.032 13.346 13.651 13.947 14.232 14.509 14.775 15.030 15.027 15.014 14.993 14.962 14.922 14.872 14.814 14.746 14.670 14.584 14.489 14.372 13.759 13.140 12.513 11.881 11.241 10.594 9.941 9.281 8.615 7.941 7.261 6.720 6.975 7.268 7.599 7.968 8.375 8.819
11.311 11.272 11.243 11.224 11.215 11.215 11.226 11.246 11.028 10.774 10.504 10.220 9.921 9.607 9.278 8.934 8.575 8.201 7.812 7.408 7.593 7.898 8.219 8.553 8.903 9.267 9.646 10.039 10.447 10.870 11.307 11.759 12.096 12.407 12.707 12.998 13.279 13.551 13.814 14.066 14.309 14.543 14.767 14.981 14.964 14.911 14.848 14.776 14.695 14.605 14.506 14.398 14.280 14.153 14.017 13.872 13.273 12.624 12.013 11.464 10.943 10.449 9.982 9.543 9.131 8.746 8.389 8.059 8.433 8.895 9.394 9.932 10.508 11.121
11.402 11.398 11.403 11.419 11.444 11.479 11.525 11.580 11.361 11.055 10.733 10.396 10.045 9.679 9.297 8.901 8.490 8.064 7.623 7.167 7.298 7.669 8.055 8.456 8.871 9.301 9.745 10.204 10.678 11.166 11.669 12.187 12.525 12.793 13.050 13.299 13.537 13.766 13.986 14.196 14.396 14.587 14.769 14.940 14.911 14.817 14.714 14.601 14.479 14.357 14.239 14.119 13.997 13.873 13.748 13.621 13.192 12.710 12.256 11.829 11.429 11.057 10.712 10.394 10.104 9.841 9.605 9.397 9.851 10.481 11.150 11.856 12.600 13.382
11.483 11.514 11.554 11.604 11.664 11.734 11.814 11.904 11.708 11.349 10.975 10.586 10.183 9.764 9.331 8.882 8.419 7.941 7.447 6.939 6.987 7.424 7.876 8.342 8.822 9.318 9.828 10.352 10.891 11.445 12.014 12.597 12.964 13.188 13.403 13.609 13.805 13.991 14.168 14.336 14.475 14.605 14.740 14.882 14.856 14.739 14.620 14.499 14.377 14.252 14.126 13.998 13.868 13.736 13.603 13.468 13.164 12.804 12.471 12.166 11.888 11.637 11.413 11.217 11.048 10.907 10.793 10.706 11.229 12.028 12.865 13.740 14.652 15.603
11.555 11.620 11.695 11.780 11.875 11.979 12.094 12.218 12.068 11.657 11.231 10.790 10.334 9.863 9.377 8.877 8.361 7.831 7.286 6.725 6.660 7.163 7.680 8.211 8.757 9.318 9.894 10.484 11.089 11.708 12.342 12.932 13.257 13.365 13.479 13.600 13.726 13.859 13.997 14.142 14.292 14.449 14.611 14.780 14.793 14.668 14.541 14.412 14.282 14.149 14.015 13.879 13.741 13.602 13.460 13.317 13.107 12.869 12.658 12.474 12.317 12.188 12.086 12.011 11.964 11.944 11.951 11.985 12.567 13.534 14.540 15.583 16.664 17.783
11.617 11.717 11.827 11.946 12.076 12.215 12.364 12.523 12.442 11.978 11.500 11.007 10.499 9.976 9.438 8.885 8.317 7.735 7.138 6.525 6.317 6.885 7.515 8.150 8.765 9.361 9.937 10.493 11.029 11.545 12.042 12.518 12.852 12.988 13.129 13.276 13.430 13.589 13.754 13.926 14.103 14.287 14.476 14.672 14.733 14.599 14.464 14.327 14.189 14.048 13.906 13.762 13.616 13.469 13.319 13.168 13.023 12.906 12.816 12.754 12.719 12.711 12.730 12.776 12.850 12.951 13.080 13.235 13.865 15.001 16.174 17.386 18.635 19.922
11.670 11.805 11.949 12.103 12.267 12.441 12.625 12.819 12.829 12.313 11.782 11.237 10.677 10.102 9.522 8.987 8.467 7.961 7.470 6.994 6.764 7.351 7.917 8.464 8.991 9.498 9.986 10.453 10.901 11.330 11.738 12.126 12.442 12.604 12.772 12.947 13.127 13.313 13.505 13.704 13.908 14.118 14.335 14.557 14.674 14.533 14.390 14.245 14.098 13.950 13.799 13.647 13.494 13.338 13.181 13.022 12.911 12.915 12.947 13.005 13.092 13.205 13.345 13.513 13.708 13.930 14.180 14.457 15.123 16.427 17.769 19.149 20.566 22.021
11.714 11.883 12.062 12.250 12.449 12.657 12.876 13.091 13.177 12.604 12.046 11.503 10.975 10.462 9.963 9.479 9.010 8.556 8.117 7.692 7.365 7.863 8.341 8.800 9.238 9.658 10.057 10.436 10.796 11.136 11.456 11.757 12.025 12.214 12.410 12.611 12.818 13.031 13.250 13.475 13.707 13.944 14.187 14.436 14.617 14.468 14.317 14.164 14.009 13.853 13.695 13.535 13.373 13.209 13.044 12.877 12.770 12.896 13.049 13.229 13.436 13.671 13.932 14.221 14.537 14.881 15.251 15.649 16.342 17.814 19.324 20.872 22.457 24.080
11.726 11.882 12.049 12.228 12.420 12.623 12.838 13.066 13.295 12.774 12.268 11.776 11.299 10.837 10.390 9.958 9.540 9.137 8.749 8.376 8.005 8.396 8.786 9.157 9.508 9.838 10.150 10.441 10.713 10.965 11.197 11.409 11.603 11.819 12.041 12.269 12.503 12.743 12.989 13.241 13.499 13.763 14.033 14.309 14.562 14.405 14.246 14.085 13.923 13.758 13.592 13.424 13.254 13.083 12.910 12.734 12.602 12.849 13.123 13.424 13.753 14.108 14.491 14.901 15.338 15.802 16.294 16.812 17.521 19.161 20.839 22.554 24.308 26.098
11.397 11.595 11.804 12.025 12.258 12.503 12.761 13.030 13.311 12.930 12.475 12.035 11.610 11.199 10.803 10.422 10.056 9.704 9.368 9.046 8.727 8.951 9.253 9.536 9.798 10.041 10.264 10.468 10.651 10.815 10.960 11.084 11.189 11.417 11.666 11.921 12.182 12.449 12.721 13.000 13.285 13.576 13.873 14.176 14.484 14.344 14.177 14.009 13.838 13.666 13.492 13.316 13.138 12.958 12.777 12.594 12.409 12.774 13.169 13.591 14.041 14.517 15.021 15.552 16.110 16.695 17.307 17.946 18.656 20.526 22.486 24.536 26.676 28.906
11.057 11.297 11.548 11.811 12.086 12.373 12.672 12.983 13.305 13.073 12.669 12.280 11.906 11.547 11.203 10.873 10.558 10.257 9.972 9.701 9.434 9.528 9.742 9.936 10.111 10.266 10.401 10.516 10.612 10.688 10.744 10.781 10.798 11.009 11.285 11.567 11.854 12.148 12.448 12.753 13.065 13.383 13.706 14.036 14.372 14.286 14.111 13.934 13.755 13.575 13.393 13.209 13.023 12.836 12.647 12.456 12.263 12.672 13.200 13.764 14.350 14.956 15.585 16.234 16.904 17.596 18.309 19.043 19.798 21.969 24.330 26.781 29.321 31.952
10.707 10.988 11.281 11.586 11.903 12.231 12.572 12.924 13.289 13.202 12.849 12.512 12.189 11.881 11.588 11.309 11.046 10.797 10.562 10.343 10.127 10.125 10.252 10.358 10.445 10.512 10.559 10.586 10.594 10.583 10.551 10.500 10.429 10.595 10.898 11.206 11.521 11.841 12.168 12.500 12.839 13.183 13.534 13.890 14.252 14.229 14.046 13.861 13.675 13.485 13.300 13.121 12.951 12.788 12.632 12.485 12.344 12.787 13.425 14.083 14.763 15.465 16.187 16.930 17.695 18.481 19.288 20.117 20.966 23.320 26.082 28.933 31.874 34.905
10.346 10.668 11.003 11.350 11.708 12.079 12.461 12.855 13.262 13.317 13.016 12.730 12.458 12.202 11.960 11.732 11.520 11.322 11.139 10.970 10.806 10.745 10.783 10.801 10.800 10.779 10.739 10.679 10.599 10.499 10.380 10.241 10.082 10.175 10.505 10.840 11.181 11.529 11.882 12.241 12.609 12.975 13.334 13.685 14.028 14.054 13.872 13.697 13.530 13.370 13.218 13.073 12.937 12.807 12.686 12.572 12.465 12.895 13.627 14.380 15.155 15.950 16.767 17.605 18.464 19.344 20.245 21.168 22.111 24.579 27.741 30.992 34.334 37.765
9.973 10.338 10.714 11.103 11.503 11.915 12.339 12.775 13.223 13.419 13.169 12.934 12.714 12.508 12.317 12.141 11.980 11.833 11.701 11.584 11.471 11.385 11.335 11.266 11.177 11.069 10.940 10.792 10.625 10.438 10.231 10.025 9.834 9.886 10.271 10.650 11.020 11.383 11.738 12.086 12.426 12.758 13.083 13.400 13.710 13.796 13.647 13.506 13.373 13.247 13.128 13.018 12.915 12.819 12.731 12.651 12.578 12.982 13.808 14.655 15.524 16.414 17.324 18.256 19.210 20.184 21.179 22.196 23.234 25.747 29.308 32.960 36.701 40.532
9.591 9.997 10.415 10.845 11.287 11.741 12.207 12.684 13.174 13.507 13.308 13.124 12.955 12.801 12.661 12.536 12.426 12.330 12.250 12.183 12.122 12.047 11.875 11.674 11.476 11.279 11.085 10.894 10.704 10.517 10.333 10.150 9.970 9.948 10.300 10.644 10.981 11.310 11.632 11.945 12.252 12.550 12.841 13.124 13.400 13.530 13.415 13.308 13.208 13.116 13.031 12.954 12.885 12.823 12.768 12.722 12.683 13.046 13.967 14.908 15.871 16.855 17.859 18.886 19.933 21.001 22.091 23.201 24.333 26.822 30.783 34.834 38.975 43.206
9.197 9.645 10.105 10.577 11.060 11.556 12.063 12.582 13.113 13.581 13.434 13.301 13.183 13.080 12.982 12.788 12.616 12.469 12.345 12.244 12.169 12.099 11.906 11.715 11.527 11.341 11.157 10.976 10.796 10.620 10.445 10.273 10.103 10.019 10.337 10.648 10.950 11.246 11.533 11.813 12.085 12.350 12.607 12.857 13.099 13.257 13.176 13.102 13.036 12.977 12.926 12.883 12.847 12.819 12.798 12.785 12.779 13.088 14.103 15.139 16.195 17.273 18.372 19.492 20.634 21.796 22.979 24.184 25.410 27.806 32.167 36.617 41.157 45.787
8.793 9.282 9.784 10.297 10.822 11.360 11.908 12.448 12.883 13.306 13.090 12.884 12.701 12.541 12.405 12.292 12.203 12.137 12.095 12.077 12.083 12.111 11.934 11.753 11.575 11.400 11.226 11.055 10.886 10.719 10.555 10.393 10.234 10.098 10.382 10.659 10.928 11.189 11.443 11.689 11.928 12.159 12.382 12.598 12.806 12.976 12.928 12.888 12.856 12.831 12.813 12.804 12.801 12.807 12.820 12.840 12.868 13.109 14.217 15.347 16.498 17.670 18.863 20.077 21.312 22.568 23.846 25.144 26.464 28.699 33.458 38.307 43.246 48.275
8.367 8.843 9.308 9.761 10.202 10.631 11.049 11.455 11.849 12.232 12.164 12.040 11.939 11.861 11.807 11.776 11.769 11.785 11.825 11.889 11.977 12.088 11.959 11.789 11.621 11.456 11.292 11.131 10.973 10.816 10.662 10.511 10.361 10.214 10.436 10.678 10.914 11.141 11.361 11.574 11.778 11.975 12.165 12.347 12.521 12.687 12.673 12.667 12.668 12.677 12.693 12.717 12.748 12.787 12.833 12.887 12.949 13.107 14.310 15.533 16.778 18.044 19.331 20.639 21.968 23.318 24.689 26.082 27.495 29.500 34.658 39.906 45.243 50.671
7.670 8.106 8.530 8.942 9.343 9.732 10.109 10.474 10.828 11.169 11.218 11.175 11.156 11.161 11.188 11.240 11.314 11.412 11.534 11.679 11.850 12.044 11.982 11.822 11.665 11.509 11.356 11.205 11.057 10.911 10.767 10.626 10.486 10.349 10.497 10.706 10.908 11.101 11.288 11.466 11.637 11.801 11.956 12.105 12.245 12.378 12.411 12.438 12.473 12.515 12.565 12.622 12.687 12.759 12.839 12.927 13.022 13.125 14.380 15.697 17.036 18.396 19.776 21.178 22.601 24.045 25.510 26.996 28.492 30.107 35.413 40.661 45.850 50.981
6.986 7.381 7.764 8.136 8.496 8.844 9.180 9.505 9.818 10.119 10.252 10.291 10.354 10.440 10.549 10.682 10.839 11.019 11.222 11.449 11.703 11.978 12.003 11.853 11.705 11.560 11.417 11.277 11.139 11.003 10.869 10.738 10.609 10.482 10.567 10.742 10.910 11.070 11.222 11.367 11.505 11.634 11.756 11.871 11.978 12.077 12.140 12.201 12.269 12.345 12.429 12.519 12.618 12.724 12.837 12.959 13.087 13.223 14.428 15.986 17.719 19.387 20.992 22.532 24.009 25.421 26.769 28.053 29.273 30.429 35.217 40.209 45.142 50.017
6.313 6.667 7.010 7.341 7.660 7.968 8.264 8.548 8.821 9.081 9.265 9.386 9.531 9.699 9.890 10.105 10.343 10.605 10.890 11.198 11.534 11.892 12.020 11.881 11.744 11.609 11.476 11.346 11.218 11.092 10.968 10.847 10.728 10.612 10.645 10.786 10.920 11.047 11.165 11.277 11.380 11.476 11.565 11.645 11.719 11.784 11.862 11.957 12.059 12.168 12.341 12.666 13.080 13.582 14.173 14.852 15.620 16.477 17.872 19.385 20.834 22.218 23.539 24.795 25.988 27.116 28.181 29.181 30.118 30.990 35.078 39.814 44.491 49.111
5.652 5.966 6.268 6.558 6.837 7.104 7.360 7.603 7.835 8.055 8.258 8.461 8.687 8.937 9.210 9.507 9.827 10.170 10.537 10.927 11.344 11.785 12.035 11.906 11.779 11.654 11.532 11.412 11.294 11.178 11.065 10.954 10.845 10.739 10.731 10.839 10.939 11.032 11.117 11.194 11.264 11.323 11.357 11.369 11.356 11.321 11.453 11.817 12.269 12.810 13.439 14.157 14.963 15.858 16.842 17.914 19.075 20.324 21.616 22.845 24.010 25.111 26.147 27.120 28.029 28.874 29.655 30.372 31.024 31.613 34.996 39.476 43.898 48.261
5.002 5.276 5.537 5.787 6.026 6.252 6.467 6.670 6.862 7.042 7.231 7.516 7.824 8.155 8.510 8.888 9.290 9.714 10.163 10.635 11.134 11.658 12.048 11.929 11.812 11.697 11.585 11.475 11.368 11.262 11.159 11.058 10.977 10.930 10.937 11.031 11.102 11.150 11.174 11.175 11.153 11.107 11.038 10.946 10.830 10.691 10.885 11.642 12.487 13.420 14.442 15.553 16.752 18.040 19.416 20.880 22.434 24.075 25.420 26.366 27.247 28.064 28.817 29.507 30.132 30.693 31.191 31.624 31.994 32.299 34.970 39.195 43.361 47.469
4.365 4.598 4.819 5.028 5.226 5.412 5.587 5.749 5.900 6.040 6.184 6.550 6.940 7.353 7.789 8.249 8.732 9.238 9.768 10.322 10.903 11.509 12.058 11.960 11.883 11.812 11.749 11.691 11.640 11.596 11.557 11.526 11.500 11.482 11.472 11.463 11.430 11.374 11.295 11.192 11.066 10.917 10.744 10.548 10.329 10.086 10.224 11.373 12.611 13.937 15.352 16.855 18.446 20.126 21.894 23.751 25.696 27.730 29.285 29.947 30.545 31.078 31.548 31.954 32.296 32.575 32.789 32.939 33.026 33.048 35.002 38.970 42.882 46.735
3.739 3.931 4.112 4.281 4.438 4.584 4.718 4.840 4.951 5.050 5.137 5.565 6.036 6.530 7.048 7.603 8.263 8.925 9.588 10.253 10.920 11.587 12.255 12.218 12.170 12.128 12.093 12.064 12.041 12.025 12.016 12.012 12.016 12.025 12.032 11.920 11.783 11.624 11.441 11.235 11.005 10.752 10.476 10.177 9.854 9.508 9.470 11.012 12.642 14.360 16.167 18.062 20.045 22.117 24.277 26.526 28.863 31.289 33.210 33.589 33.903 34.154 34.341 34.463 34.522 34.518 34.449 34.316 34.120 33.860 35.089 38.803 42.459 46.057
3.125 3.277 3.417 3.545 3.662 3.768 3.861 3.943 4.044 4.255 4.470 5.045 5.704 6.364 7.027 7.691 8.358 9.026 9.696 10.368 11.041 11.715 12.390 12.469 12.449 12.436 12.429 12.429 12.435 12.447 12.466 12.492 12.523 12.561 12.606 12.401 12.161 11.898 11.612 11.302 10.969 10.613 10.233 9.830 9.404 8.954 8.623 10.557 12.579 14.689 16.888 19.175 21.550 24.013 26.565 29.206 31.934 34.751 37.196 37.291 37.322 37.290 37.194 37.034 36.810 36.522 36.171 35.756 35.277 34.734 35.234 38.692 42.093 45.436
2.522 2.659 2.854 3.054 3.258 3.466 3.679 3.897 4.119 4.345 4.576 5.104 5.770 6.437 7.106 7.777 8.450 9.125 9.802 10.480 11.160 11.841 12.523 12.713 12.721 12.737 12.758 12.786 12.821 12.862 12.909 12.963 13.023 13.090 13.163 12.907 12.564 12.197 11.808 11.394 10.958 10.498 10.015 9.509 8.980 8.427 7.850 10.009 12.422 14.924 17.515 20.193 22.960 25.815 28.758 31.790 34.910 38.118 41.242 41.054 40.803 40.487 40.108 39.666 39.159 38.589 37.955 37.257 36.496 35.670 35.435 38.638 41.785 44.873
2.415 2.621 2.832 3.047 3.267 3.491 3.719 3.952 4.190 4.432 4.678 5.161 5.834 6.508 7.183 7.861 8.541 9.222 9.906 10.591 11.278 11.965 12.654 12.949 12.986 13.029 13.080 13.136 13.199 13.268 13.344 13.426 13.515 13.610 13.712 13.438 12.992 12.522 12.028 11.512 10.972 10.409 9.823 9.213 8.581 7.925 7.245 9.368 12.173 15.066 18.048 21.118 24.276 27.522 30.857 34.279 37.790 41.389 45.077 44.877 44.343 43.745 43.084 42.359 41.570 40.717 39.801 38.821 37.777 36.669 35.673 38.518 41.223 43.788
2.357 2.579 2.805 3.036 3.271 3.511 3.755 4.004 4.257 4.514 4.776 5.217 5.896 6.576 7.259 7.943 8.630 9.318 10.008 10.700 11.393 12.087 12.783 13.177 13.243 13.315 13.393 13.478 13.570 13.668 13.772 13.882 14.000 14.123 14.253 13.994 13.444 12.871 12.274 11.655 11.012 10.345 9.656 8.943 8.207 7.448 6.665 8.634 11.830 15.115 18.487 21.948 25.497 29.135 32.860 36.673 40.575 44.565 48.643 48.761 47.945 46.882 45.470 44.104 42.783 41.508 40.277 39.092 37.953 36.859 35.810 37.825 39.916 41.867
2.295 2.533 2.774 3.021 3.272 3.527 3.786 4.051 4.319 4.592 4.870 5.270 5.956 6.643 7.332 8.023 8.716 9.411 10.108 10.806 11.507 12.207 12.910 13.398 13.492 13.593 13.700 13.813 13.933 14.059 14.192 14.331 14.476 14.628 14.786 14.574 13.921 13.245 12.545 11.822 11.076 10.307 9.514 8.698 7.859 6.997 6.111 7.807 11.394 15.070 18.833 22.685 26.579 30.340 34.019 37.615 41.127 44.557 47.903 47.924 46.622 45.365 44.154 42.988 41.867 40.792 39.761 38.776 37.837 36.942 36.093 37.271 38.748 40.085
