DATA/SHG/ECMWF/20170628/EN-24/20170707.en-24.asc
ncols        190
nrows        64
xllcorner    -5100000.000000000000
yllcorner    4130000.000000000000
cellsize     10000.000000000000
NODATA_value  -99999.000
[rows 0 to 31 of 64, columns 0 to 72 of 190]
0.016 0.018 0.019 0.020 0.021 0.022 0.022 0.022 0.022 0.019 0.016 0.013 0.010 0.008 0.006 0.004 0.002 0.001 0.000 0.002 0.006 0.021 0.041 0.059 0.077 0.094 0.111 0.127 0.142 0.156 0.169 0.182 0.194 0.251 0.341 0.436 0.537 0.642 0.753 0.868 0.989 1.115 1.245 1.381 1.522 1.961 2.666 3.378 4.098 4.826 5.562 6.306 7.058 7.817 8.585 9.360 10.144 10.707 10.997 11.280 11.556 11.825 12.088 12.343 12.592 12.833 13.068 13.296 13.518 13.695 13.798 13.886 13.958
0.009 0.010 0.010 0.011 0.010 0.010 0.009 0.008 0.006 0.004 0.002 0.000 0.001 0.003 0.005 0.008 0.011 0.015 0.020 0.025 0.030 0.042 0.059 0.075 0.091 0.105 0.119 0.132 0.144 0.156 0.166 0.176 0.186 0.239 0.347 0.460 0.578 0.702 0.830 0.964 1.102 1.246 1.394 1.548 1.707 2.091 2.823 3.563 4.311 5.067 5.831 6.603 7.383 8.170 8.966 9.769 10.580 11.223 11.488 11.747 11.999 12.244 12.482 12.714 12.938 13.156 13.367 13.571 13.768 13.926 13.974 14.006 14.023
0.003 0.003 0.002 0.001 0.000 0.000 0.000 0.000 0.000 0.001 0.003 0.006 0.009 0.013 0.017 0.022 0.027 0.033 0.039 0.046 0.054 0.064 0.079 0.092 0.105 0.116 0.128 0.138 0.148 0.156 0.164 0.172 0.178 0.222 0.348 0.479 0.615 0.756 0.902 1.053 1.210 1.371 1.538 1.709 1.886 2.212 2.972 3.740 4.516 5.300 6.092 6.892 7.699 8.515 9.338 10.169 11.008 11.744 11.986 12.220 12.448 12.669 12.883 13.090 13.291 13.484 13.671 13.851 14.003 14.143 14.137 14.125 14.107
0.000 0.000 0.000 0.000 0.001 0.001 0.001 0.001 0.001 0.003 0.007 0.011 0.016 0.022 0.028 0.035 0.042 0.050 0.058 0.067 0.077 0.087 0.099 0.110 0.119 0.129 0.137 0.145 0.152 0.158 0.163 0.168 0.172 0.199 0.343 0.492 0.646 0.805 0.969 1.138 1.312 1.492 1.676 1.865 2.059 2.324 3.113 3.909 4.713 5.524 6.344 7.172 8.007 8.850 9.702 10.561 11.428 12.271 12.489 12.699 12.896 13.014 13.141 13.278 13.423 13.578 13.742 13.915 14.098 14.290 14.268 14.236 14.200
0.000 0.000 0.001 0.001 0.001 0.001 0.002 0.002 0.002 0.003 0.009 0.016 0.023 0.030 0.038 0.047 0.056 0.066 0.077 0.088 0.099 0.111 0.120 0.128 0.135 0.142 0.147 0.152 0.157 0.160 0.163 0.165 0.166 0.172 0.334 0.500 0.672 0.849 1.031 1.218 1.409 1.606 1.808 2.016 2.228 2.445 3.245 4.069 4.901 5.740 6.588 7.443 8.307 9.158 9.944 10.725 11.500 12.270 12.450 12.582 12.723 12.873 13.033 13.201 13.379 13.567 13.763 13.969 14.183 14.407 14.403 14.353 14.298
0.001 0.001 0.001 0.001 0.002 0.002 0.002 0.002 0.003 0.003 0.011 0.020 0.029 0.038 0.048 0.059 0.070 0.082 0.095 0.107 0.121 0.135 0.141 0.147 0.151 0.155 0.158 0.161 0.162 0.163 0.163 0.162 0.161 0.159 0.319 0.503 0.693 0.887 1.087 1.292 1.501 1.716 1.936 2.161 2.391 2.626 3.355 4.161 4.962 5.757 6.546 7.330 8.108 8.881 9.647 10.408 11.164 11.914 12.203 12.367 12.540 12.723 12.915 13.116 13.326 13.546 13.775 14.013 14.260 14.516 14.544 14.475 14.401
0.001 0.001 0.001 0.002 0.002 0.002 0.003 0.003 0.004 0.004 0.013 0.023 0.034 0.046 0.058 0.070 0.084 0.097 0.112 0.127 0.142 0.158 0.164 0.167 0.169 0.170 0.170 0.170 0.169 0.167 0.164 0.161 0.157 0.152 0.299 0.501 0.708 0.921 1.138 1.376 1.615 1.842 2.056 2.257 2.445 2.620 3.220 4.007 4.788 5.563 6.333 7.097 7.856 8.609 9.356 10.097 10.833 11.564 11.947 12.143 12.349 12.564 12.789 13.022 13.265 13.517 13.778 14.048 14.328 14.616 14.690 14.602 14.508
0.001 0.001 0.002 0.002 0.002 0.003 0.003 0.004 0.004 0.005 0.013 0.026 0.039 0.052 0.066 0.081 0.096 0.112 0.128 0.145 0.163 0.180 0.187 0.187 0.187 0.185 0.183 0.180 0.176 0.171 0.166 0.160 0.209 0.281 0.474 0.733 0.979 1.212 1.432 1.640 1.834 2.015 2.183 2.339 2.481 2.611 3.091 3.858 4.620 5.376 6.126 6.871 7.609 8.343 9.070 9.792 10.509 11.219 11.682 11.911 12.150 12.397 12.654 12.919 13.194 13.479 13.772 14.075 14.386 14.707 14.841 14.734 14.621
0.001 0.001 0.002 0.002 0.003 0.003 0.004 0.004 0.005 0.006 0.014 0.028 0.043 0.058 0.074 0.091 0.108 0.126 0.144 0.163 0.182 0.202 0.211 0.209 0.205 0.248 0.300 0.358 0.421 0.490 0.565 0.645 0.732 0.823 0.978 1.192 1.392 1.580 1.754 1.916 2.065 2.201 2.323 2.433 2.530 2.614 2.968 3.716 4.458 5.194 5.924 6.649 7.369 8.082 8.790 9.493 10.190 10.881 11.409 11.671 11.941 12.221 12.510 12.808 13.115 13.432 13.757 14.092 14.436 14.789 14.996 14.870 14.739
0.001 0.002 0.002 0.003 0.003 0.004 0.004 0.005 0.006 0.006 0.013 0.030 0.046 0.064 0.082 0.100 0.120 0.143 0.194 0.250 0.312 0.379 0.442 0.497 0.558 0.624 0.696 0.774 0.857 0.946 1.041 1.141 1.248 1.360 1.495 1.663 1.818 1.960 2.089 2.206 2.309 2.399 2.476 2.541 2.592 2.630 2.851 3.579 4.301 5.018 5.729 6.434 7.134 7.828 8.516 9.199 9.876 10.548 11.128 11.421 11.724 12.036 12.357 12.688 13.027 13.376 13.734 14.101 14.477 14.862 15.157 15.012 14.862
0.001 0.002 0.002 0.003 0.004 0.004 0.005 0.006 0.006 0.007 0.016 0.049 0.088 0.131 0.180 0.234 0.293 0.357 0.427 0.501 0.581 0.666 0.751 0.826 0.907 0.993 1.085 1.183 1.286 1.395 1.510 1.631 1.757 1.889 2.025 2.147 2.257 2.353 2.437 2.508 2.565 2.610 2.642 2.661 2.667 2.660 2.739 3.447 4.150 4.847 5.538 6.224 6.904 7.579 8.248 8.911 9.569 10.221 10.837 11.163 11.498 11.843 12.196 12.559 12.930 13.311 13.701 14.101 14.509 14.927 15.322 15.158 14.989
0.001 0.002 0.003 0.006 0.014 0.023 0.034 0.046 0.061 0.077 0.098 0.149 0.206 0.267 0.334 0.406 0.484 0.566 0.654 0.746 0.844 0.947 1.054 1.149 1.249 1.356 1.468 1.585 1.709 1.838 1.973 2.114 2.260 2.412 2.567 2.644 2.708 2.759 2.797 2.822 2.835 2.834 2.820 2.794 2.754 2.702 2.637 3.321 4.004 4.682 5.354 6.020 6.681 7.336 7.985 8.629 9.267 9.900 10.527 10.897 11.264 11.640 12.026 12.421 12.825 13.238 13.660 14.052 14.408 14.753 15.087 14.894 14.670
0.014 0.022 0.032 0.044 0.058 0.073 0.090 0.109 0.129 0.152 0.176 0.243 0.318 0.398 0.483 0.573 0.668 0.769 0.874 0.985 1.101 1.222 1.348 1.465 1.585 1.712 1.844 1.982 2.125 2.274 2.429 2.590 2.756 2.928 3.106 3.153 3.172 3.177 3.170 3.150 3.117 3.071 3.012 2.940 2.855 2.757 2.647 3.201 3.864 4.523 5.175 5.822 6.463 7.099 7.728 8.353 8.972 9.585 10.192 10.621 11.022 11.415 11.798 12.170 12.531 12.882 13.222 13.551 13.869 14.177 14.474 14.388 14.214
0.032 0.046 0.062 0.080 0.100 0.121 0.144 0.169 0.196 0.224 0.255 0.332 0.424 0.522 0.626 0.734 0.847 0.966 1.090 1.218 1.352 1.492 1.636 1.774 1.915 2.061 2.213 2.371 2.535 2.704 2.879 3.059 3.245 3.437 3.635 3.675 3.648 3.608 3.555 3.490 3.411 3.320 3.216 3.098 2.968 2.825 2.669 3.086 3.730 4.369 5.002 5.629 6.251 6.881 7.509 8.132 8.752 9.366 9.977 10.426 10.792 11.148 11.494 11.828 12.153 12.466 12.768 13.060 13.342 13.612 13.872 13.870 13.745
0.047 0.068 0.090 0.114 0.140 0.168 0.197 0.228 0.261 0.295 0.332 0.414 0.525 0.641 0.763 0.889 1.020 1.157 1.299 1.446 1.598 1.755 1.918 2.077 2.238 2.404 2.576 2.754 2.938 3.127 3.321 3.522 3.728 3.940 4.158 4.209 4.137 4.051 3.953 3.843 3.719 3.582 3.432 3.270 3.094 2.906 2.712 3.002 3.641 4.276 4.907 5.533 6.154 6.771 7.384 7.992 8.596 9.196 9.791 10.244 10.573 10.892 11.200 11.498 11.784 12.061 12.326 12.581 12.825 13.058 13.281 13.339 13.263
0.061 0.088 0.116 0.146 0.178 0.212 0.247 0.285 0.324 0.364 0.406 0.491 0.620 0.754 0.894 1.038 1.188 1.343 1.502 1.667 1.838 2.013 2.193 2.374 2.554 2.741 2.933 3.131 3.334 3.543 3.758 3.978 4.204 4.436 4.674 4.756 4.638 4.507 4.351 4.121 3.901 3.692 3.493 3.304 3.126 2.958 2.801 2.989 3.613 4.232 4.847 5.458 6.064 6.666 7.264 7.857 8.446 9.030 9.610 10.072 10.365 10.646 10.917 11.178 11.427 11.666 11.894 12.112 12.319 12.515 12.701 12.795 12.769
0.073 0.106 0.140 0.177 0.215 0.254 0.296 0.339 0.384 0.431 0.479 0.562 0.710 0.862 1.019 1.182 1.349 1.522 1.700 1.883 2.071 2.265 2.463 2.664 2.865 3.071 3.283 3.500 3.724 3.953 4.188 4.395 4.525 4.651 4.773 4.781 4.556 4.341 4.137 3.943 3.760 3.587 3.424 3.272 3.130 2.999 2.878 2.979 3.588 4.192 4.792 5.388 5.979 6.565 7.148 7.726 8.299 8.868 9.433 9.911 10.167 10.411 10.645 10.868 11.081 11.282 11.474 11.654 11.824 11.983 12.132 12.239 12.262
0.083 0.122 0.162 0.205 0.249 0.295 0.343 0.392 0.443 0.496 0.550 0.628 0.793 0.964 1.139 1.320 1.505 1.696 1.892 2.093 2.299 2.511 2.727 2.948 3.134 3.279 3.420 3.556 3.689 3.817 3.941 4.061 4.176 4.288 4.395 4.447 4.258 4.080 3.912 3.755 3.608 3.472 3.346 3.230 3.125 3.030 2.945 2.974 3.568 4.157 4.741 5.322 5.898 6.469 7.036 7.599 8.157 8.711 9.260 9.761 9.979 10.186 10.383 10.569 10.744 10.909 11.063 11.207 11.340 11.462 11.573 11.670 11.743
0.091 0.136 0.183 0.231 0.281 0.333 0.387 0.443 0.500 0.559 0.619 0.688 0.871 1.060 1.253 1.452 1.655 1.838 2.004 2.165 2.323 2.477 2.627 2.773 2.908 3.038 3.164 3.286 3.404 3.517 3.627 3.732 3.832 3.929 4.021 4.102 3.950 3.809 3.677 3.557 3.446 3.346 3.256 3.177 3.108 3.050 3.002 2.973 3.552 4.126 4.695 5.260 5.821 6.377 6.929 7.476 8.019 8.558 9.092 9.621 9.802 9.972 10.132 10.281 10.419 10.547 10.664 10.770 10.866 10.951 11.026 11.089 11.211
0.097 0.148 0.201 0.255 0.312 0.370 0.430 0.491 0.555 0.620 0.679 0.730 0.893 1.064 1.232 1.395 1.555 1.711 1.863 2.011 2.156 2.297 2.433 2.566 2.687 2.803 2.914 3.021 3.124 3.223 3.317 3.407 3.493 3.575 3.653 3.726 3.632 3.527 3.432 3.348 3.274 3.210 3.157 3.114 3.082 3.060 3.048 3.047 3.540 4.098 4.653 5.203 5.748 6.289 6.826 7.358 7.886 8.409 8.928 9.443 9.636 9.769 9.891 10.003 10.104 10.195 10.275 10.344 10.403 10.451 10.489 10.516 10.666
0.101 0.158 0.217 0.296 0.369 0.436 0.496 0.551 0.600 0.642 0.679 0.709 0.837 0.995 1.149 1.299 1.446 1.588 1.727 1.862 1.993 2.120 2.244 2.363 2.471 2.572 2.668 2.761 2.849 2.933 3.012 3.088 3.159 3.226 3.289 3.347 3.304 3.235 3.177 3.129 3.091 3.064 3.047 3.041 3.045 3.059 3.084 3.119 3.532 4.076 4.615 5.149 5.680 6.205 6.727 7.244 7.757 8.265 8.769 9.268 9.480 9.576 9.661 9.736 9.800 9.854 9.897 9.910 9.880 9.834 9.774 9.698 9.767
0.261 0.330 0.394 0.452 0.503 0.549 0.588 0.622 0.649 0.671 0.686 0.695 0.786 0.930 1.071 1.208 1.341 1.470 1.595 1.717 1.834 1.948 2.058 2.164 2.259 2.345 2.427 2.505 2.578 2.647 2.712 2.773 2.830 2.882 2.930 2.974 2.966 2.934 2.912 2.900 2.899 2.908 2.927 2.957 2.997 3.048 3.109 3.181 3.529 4.057 4.581 5.100 5.615 6.126 6.632 7.134 7.632 8.125 8.614 9.098 9.317 9.340 9.348 9.340 9.318 9.280 9.227 9.159 9.076 8.978 8.865 8.737 8.757
0.487 0.535 0.578 0.614 0.644 0.669 0.687 0.699 0.705 0.705 0.699 0.687 0.738 0.869 0.997 1.120 1.240 1.356 1.467 1.576 1.680 1.780 1.877 1.970 2.053 2.124 2.191 2.254 2.313 2.367 2.417 2.463 2.505 2.543 2.576 2.605 2.617 2.621 2.636 2.661 2.696 2.741 2.797 2.863 2.940 3.027 3.124 3.232 3.530 4.043 4.551 5.056 5.556 6.031 6.489 6.943 7.394 7.840 8.283 8.722 8.950 8.920 8.875 8.815 8.739 8.649 8.544 8.423 8.288 8.137 7.972 7.791 7.748
0.719 0.746 0.767 0.783 0.792 0.795 0.792 0.783 0.768 0.746 0.719 0.686 0.695 0.813 0.927 1.037 1.143 1.245 1.344 1.439 1.530 1.617 1.700 1.779 1.850 1.907 1.959 2.008 2.052 2.091 2.127 2.158 2.185 2.208 2.227 2.241 2.259 2.299 2.350 2.411 2.482 2.564 2.656 2.759 2.872 2.995 3.110 3.219 3.441 3.905 4.366 4.823 5.275 5.724 6.169 6.610 7.046 7.479 7.908 8.334 8.597 8.514 8.417 8.304 8.176 8.034 7.876 7.703 7.515 7.312 7.094 6.861 6.739
0.958 0.964 0.964 0.958 0.945 0.927 0.903 0.873 0.836 0.794 0.746 0.691 0.656 0.760 0.861 0.958 1.050 1.139 1.225 1.306 1.384 1.457 1.527 1.593 1.653 1.695 1.733 1.766 1.795 1.820 1.841 1.858 1.870 1.878 1.882 1.882 1.890 1.967 2.054 2.164 2.276 2.387 2.498 2.607 2.717 2.825 2.932 3.039 3.206 3.657 4.104 4.547 4.986 5.422 5.853 6.280 6.703 7.123 7.538 7.950 8.259 8.124 7.974 7.809 7.629 7.434 7.223 6.998 6.758 6.502 6.232 5.946 5.731
1.201 1.188 1.166 1.139 1.106 1.066 1.021 0.969 0.912 0.848 0.779 0.703 0.621 0.712 0.799 0.883 0.962 1.038 1.110 1.178 1.242 1.302 1.359 1.412 1.460 1.487 1.510 1.529 1.544 1.554 1.560 1.563 1.586 1.608 1.629 1.650 1.672 1.784 1.895 2.005 2.115 2.223 2.331 2.439 2.545 2.651 2.756 2.860 2.976 3.413 3.847 4.276 4.702 5.123 5.541 5.955 6.364 6.770 7.172 7.570 7.937 7.749 7.547 7.329 7.096 6.849 6.586 6.308 6.016 5.708 5.385 5.047 4.724
1.425 1.418 1.375 1.327 1.272 1.212 1.145 1.072 0.994 0.909 0.818 0.721 0.618 0.668 0.742 0.812 0.878 0.940 0.999 1.053 1.104 1.151 1.195 1.234 1.272 1.300 1.325 1.349 1.372 1.395 1.417 1.438 1.458 1.478 1.497 1.515 1.533 1.631 1.739 1.847 1.954 2.060 2.166 2.270 2.375 2.478 2.581 2.682 2.784 3.174 3.593 4.009 4.421 4.829 5.233 5.633 6.029 6.422 6.810 7.194 7.575 7.389 7.134 6.864 6.579 6.279 5.964 5.634 5.289 4.929 4.554 4.163 3.758
1.642 1.655 1.591 1.521 1.445 1.363 1.276 1.182 1.082 0.976 0.864 0.746 0.622 0.628 0.688 0.745 0.798 0.880 1.012 1.116 1.190 1.234 1.250 1.236 1.192 1.191 1.214 1.235 1.256 1.276 1.296 1.314 1.332 1.349 1.366 1.381 1.396 1.478 1.584 1.690 1.794 1.898 2.001 2.103 2.205 2.306 2.406 2.505 2.604 2.938 3.344 3.746 4.145 4.539 4.930 5.316 5.699 6.078 6.452 6.823 7.190 7.044 6.737 6.415 6.077 5.725 5.358 4.975 4.578 4.165 3.738 3.295 2.838
1.853 1.897 1.813 1.722 1.625 1.522 1.413 1.298 1.177 1.049 0.983 0.999 1.027 1.137 1.284 1.402 1.490 1.549 1.579 1.580 1.552 1.494 1.406 1.290 1.144 1.084 1.104 1.123 1.141 1.159 1.175 1.191 1.207 1.221 1.235 1.248 1.261 1.327 1.431 1.533 1.635 1.737 1.837 1.937 2.036 2.135 2.232 2.329 2.426 2.706 3.099 3.488 3.873 4.253 4.630 5.003 5.372 5.738 6.099 6.456 6.810 6.714 6.355 5.980 5.590 5.186 4.766 4.331 3.882 3.417 2.937 2.442 1.933
2.058 2.147 2.041 1.978 1.954 1.941 1.939 1.950 1.971 2.005 2.050 2.107 2.175 2.248 2.292 2.307 2.293 2.250 2.177 2.075 1.944 1.784 1.594 1.375 1.126 0.978 0.995 1.011 1.027 1.042 1.056 1.070 1.082 1.094 1.106 1.116 1.126 1.177 1.278 1.378 1.478 1.576 1.674 1.772 1.869 1.965 2.060 2.154 2.248 2.479 2.858 3.233 3.604 3.972 4.335 4.695 5.050 5.402 5.750 6.093 6.433 6.400 5.988 5.561 5.119 4.662 4.190 3.703 3.319 3.110 2.889 2.657 2.413
2.561 2.751 2.744 2.748 2.764 2.792 2.831 2.881 2.944 3.018 3.103 3.200 3.309 3.388 3.330 3.243 3.126 2.980 2.805 2.601 2.367 2.104 1.812 1.490 1.140 0.872 0.887 0.901 0.914 0.926 0.938 0.949 0.959 0.968 0.977 0.985 0.992 1.027 1.126 1.223 1.321 1.417 1.513 1.608 1.702 1.795 1.888 1.980 2.071 2.255 2.621 2.983 3.340 3.694 4.044 4.390 4.732 5.070 5.404 5.735 6.061 6.242 6.073 5.893 5.701 5.498 5.282 5.056 4.817 4.567 4.306 4.032 3.747
3.219 3.426 3.459 3.504 3.561 3.629 3.708 3.799 3.902 4.016 4.142 4.280 4.429 4.559 4.399 4.209 3.989 3.741 3.463 3.157 2.820 2.455 2.060 1.637 1.184 0.768 0.780 0.791 0.802 0.811 0.820 0.829 0.836 0.843 0.849 0.855 0.859 0.878 0.975 1.070 1.165 1.258 1.352 1.444 1.536 1.627 1.717 1.807 1.896 2.036 2.388 2.736 3.081 3.421 4.035 4.800 5.507 6.155 6.746 7.279 7.754 8.034 7.825 7.604 7.371 7.127 6.871 6.604 6.324 6.034 5.731 5.417 5.092
