DATA/SHG/ECMWF/20170628/EN-24/20170710.en-24.asc
ncols        190
nrows        64
xllcorner    -5100000.000000000000
yllcorner    4130000.000000000000
cellsize     10000.000000000000
NODATA_value  -99999.000
[rows 0 to 31 of 64, columns 73 to 145 of 190]
0.026 0.033 0.040 0.047 0.054 0.062 0.069 0.077 0.097 0.151 0.214 0.282 0.356 0.435 0.520 0.610 0.706 0.807 0.914 1.026 1.133 1.201 1.270 1.344 1.424 1.509 1.599 1.695 1.796 1.902 2.014 2.131 2.272 2.482 2.700 2.927 3.163 3.408 3.662 3.925 4.196 4.477 4.766 5.065 5.269 5.151 5.024 4.888 4.743 4.589 4.426 4.254 4.072 3.882 3.683 3.475 3.272 3.099 2.917 2.726 2.526 2.317 2.099 1.872 1.635 1.390 1.135 0.872 0.664 0.634 0.602 0.569 0.535
0.029 0.036 0.049 0.065 0.081 0.097 0.115 0.133 0.161 0.238 0.320 0.408 0.501 0.599 0.703 0.813 0.928 1.048 1.174 1.306 1.438 1.530 1.623 1.721 1.825 1.934 2.048 2.167 2.292 2.423 2.558 2.699 2.856 3.105 3.363 3.630 3.906 4.191 4.484 4.787 5.098 5.419 5.748 6.086 6.370 6.211 6.044 5.867 5.682 5.487 5.284 5.071 4.850 4.620 4.380 4.132 3.882 3.668 3.446 3.214 2.973 2.724 2.465 2.197 1.920 1.634 1.339 1.034 0.764 0.728 0.690 0.652 0.612
0.070 0.086 0.103 0.121 0.139 0.158 0.178 0.199 0.224 0.320 0.421 0.528 0.640 0.758 0.881 1.010 1.144 1.284 1.429 1.580 1.736 1.853 1.969 2.092 2.219 2.352 2.490 2.633 2.782 2.936 3.095 3.260 3.430 3.718 4.016 4.323 4.638 4.963 5.296 5.639 5.990 6.350 6.719 7.097 7.478 7.280 7.072 6.855 6.629 6.394 6.150 5.898 5.636 5.365 5.085 4.797 4.500 4.246 3.983 3.711 3.429 3.139 2.839 2.531 2.213 1.887 1.551 1.206 0.874 0.855 0.841 0.830 0.823
0.117 0.136 0.156 0.176 0.197 0.219 0.241 0.264 0.288 0.396 0.517 0.643 0.774 0.911 1.054 1.202 1.355 1.514 1.679 1.848 2.024 2.169 2.309 2.455 2.607 2.763 2.925 3.092 3.265 3.443 3.626 3.814 4.008 4.320 4.658 5.004 5.360 5.724 6.097 6.479 6.870 7.270 7.678 8.096 8.522 8.356 8.108 7.851 7.585 7.309 7.025 6.732 6.430 6.119 5.799 5.470 5.132 4.832 4.529 4.248 3.982 3.696 3.393 3.070 2.728 2.368 1.989 1.592 1.175 1.144 1.148 1.155 1.166
0.164 0.186 0.208 0.231 0.254 0.278 0.303 0.329 0.355 0.467 0.607 0.752 0.903 1.059 1.221 1.388 1.561 1.739 1.923 2.112 2.306 2.478 2.643 2.813 2.988 3.168 3.354 3.545 3.741 3.943 4.150 4.362 4.580 4.912 5.289 5.675 6.070 6.474 6.887 7.309 7.739 8.179 8.627 9.084 9.550 9.441 9.152 8.855 8.548 8.233 7.892 7.556 7.245 6.959 6.699 6.464 6.254 5.979 5.666 5.335 4.985 4.616 4.228 3.821 3.396 2.952 2.489 2.008 1.507 1.429 1.450 1.475 1.504
0.211 0.234 0.259 0.284 0.310 0.337 0.365 0.393 0.422 0.534 0.693 0.857 1.027 1.202 1.383 1.569 1.761 1.959 2.161 2.370 2.583 2.782 2.970 3.163 3.362 3.566 3.776 3.990 4.211 4.436 4.667 4.903 5.144 5.493 5.910 6.335 6.770 7.214 7.666 8.127 8.598 9.015 9.387 9.754 10.115 9.995 9.645 9.321 9.021 8.747 8.498 8.275 8.077 7.904 7.756 7.634 7.537 7.251 6.855 6.439 6.005 5.552 5.081 4.591 4.082 3.554 3.007 2.442 1.858 1.709 1.748 1.791 1.838
0.256 0.282 0.310 0.337 0.366 0.395 0.425 0.456 0.487 0.594 0.773 0.956 1.145 1.340 1.540 1.745 1.956 2.173 2.395 2.622 2.855 3.078 3.290 3.507 3.730 3.958 4.191 4.430 4.674 4.923 5.177 5.437 5.680 5.989 6.382 6.769 7.150 7.526 7.896 8.260 8.618 8.971 9.318 9.659 9.995 10.011 9.773 9.561 9.375 9.213 9.077 8.966 8.881 8.820 8.785 8.775 8.791 8.541 8.061 7.562 7.044 6.507 5.952 5.378 4.785 4.174 3.544 2.895 2.227 1.985 2.042 2.103 2.168
0.301 0.330 0.359 0.390 0.421 0.452 0.485 0.518 0.552 0.650 0.848 1.050 1.259 1.472 1.691 1.916 2.146 2.382 2.623 2.869 3.121 3.368 3.604 3.920 4.245 4.545 4.821 5.071 5.296 5.497 5.672 5.822 5.947 6.154 6.522 6.883 7.239 7.589 7.934 8.273 8.606 8.933 9.255 9.571 9.881 9.999 9.875 9.775 9.701 9.652 9.629 9.630 9.657 9.709 9.787 9.889 10.017 9.849 9.285 8.702 8.100 7.480 6.841 6.183 5.507 4.812 4.098 3.366 2.615 2.256 2.331 2.410 2.493
0.345 0.376 0.408 0.441 0.475 0.509 0.544 0.580 0.616 0.701 0.917 1.139 1.367 1.599 1.838 2.119 2.551 2.988 3.427 3.871 4.319 4.719 4.982 5.221 5.434 5.623 5.786 5.924 6.038 6.126 6.189 6.228 6.241 6.326 6.668 7.004 7.334 7.659 7.978 8.292 8.600 8.902 9.198 9.489 9.774 9.961 9.949 9.962 10.000 10.064 10.153 10.267 10.406 10.571 10.761 10.976 11.216 11.174 10.526 9.860 9.174 8.471 7.748 7.007 6.247 5.468 4.671 3.855 3.020 2.523 2.616 2.713 2.813
0.388 0.422 0.457 0.492 0.528 0.565 0.602 0.640 0.741 0.995 1.417 1.843 2.273 2.707 3.145 3.587 4.032 4.482 4.935 5.392 5.854 6.270 6.422 6.548 6.650 6.726 6.778 6.804 6.806 6.782 6.734 6.660 6.562 6.503 6.819 7.130 7.435 7.735 8.029 8.317 8.599 8.876 9.147 9.413 9.672 9.896 9.996 10.122 10.273 10.449 10.650 10.876 11.128 11.405 11.707 12.034 12.387 12.517 11.785 11.035 10.266 9.479 8.673 7.848 7.005 6.143 5.262 4.363 3.444 2.786 2.896 3.011 3.129
0.431 0.563 0.811 1.052 1.288 1.517 1.741 1.958 2.168 2.376 2.811 3.251 3.694 4.142 4.593 5.048 5.507 5.970 6.437 6.908 7.383 7.838 7.887 7.902 7.891 7.856 7.796 7.711 7.601 7.465 7.305 7.120 6.910 6.686 6.977 7.263 7.543 7.817 8.085 8.348 8.605 8.857 9.103 9.343 9.577 9.804 10.017 10.255 10.518 10.806 11.120 11.458 11.822 12.211 12.626 13.065 13.530 13.877 13.062 12.228 11.376 10.505 9.616 8.708 7.781 6.835 5.871 4.888 3.887 3.044 3.172 3.305 3.441
1.915 2.147 2.373 2.593 2.807 3.014 3.216 3.411 3.599 3.782 4.200 4.653 5.110 5.571 6.035 6.504 6.976 7.453 7.933 8.417 8.906 9.375 9.379 9.282 9.160 9.013 8.841 8.644 8.422 8.175 7.903 7.607 7.285 6.938 7.141 7.401 7.656 7.905 8.148 8.385 8.617 8.843 9.064 9.279 9.488 9.691 10.010 10.361 10.736 11.137 11.562 12.013 12.489 12.990 13.517 14.068 14.645 15.247 14.356 13.439 12.504 11.549 10.576 9.585 8.575 7.546 6.498 5.432 4.365 3.377 3.593 3.828 4.080
3.525 3.735 3.940 4.138 4.329 4.515 4.694 4.867 5.034 5.195 5.583 6.049 6.519 6.994 7.472 7.954 8.440 8.930 9.424 9.921 10.423 10.906 10.896 10.688 10.454 10.196 9.912 9.604 9.270 8.912 8.529 8.120 7.687 7.229 7.310 7.545 7.775 7.998 8.216 8.429 8.635 8.836 9.032 9.221 9.405 9.583 9.977 10.440 10.927 11.440 11.978 12.541 13.129 13.742 14.380 15.044 15.733 16.446 15.668 14.609 13.493 12.393 11.309 10.242 9.191 8.157 7.139 6.138 5.153 4.184 4.395 4.709 5.041
5.139 5.327 5.509 5.685 5.855 6.019 6.176 6.328 6.473 6.611 6.960 7.440 7.924 8.411 8.903 9.398 9.898 10.401 10.908 11.419 11.934 12.431 12.440 12.120 11.775 11.405 11.010 10.590 10.145 9.675 9.181 8.661 8.116 7.547 7.486 7.696 7.900 8.098 8.291 8.478 8.659 8.835 9.005 9.170 9.328 9.481 9.918 10.492 11.091 11.716 12.366 13.009 13.633 14.240 14.829 15.399 15.952 16.486 15.785 14.725 13.681 12.654 11.643 10.649 9.671 8.709 7.764 6.836 5.923 5.028 5.179 5.572 5.982
6.756 6.922 7.083 7.237 7.385 7.527 7.662 7.792 7.915 8.032 8.331 8.825 9.322 9.823 10.328 10.837 11.350 11.867 12.387 12.912 13.440 13.950 14.010 13.578 13.122 12.640 12.134 11.603 11.046 10.465 9.859 9.228 8.572 7.892 7.667 7.852 8.031 8.204 8.371 8.533 8.689 8.868 9.085 9.316 9.562 9.823 10.319 10.953 11.570 12.169 12.749 13.312 13.857 14.383 14.892 15.383 15.855 16.310 15.812 14.824 13.853 12.899 11.961 11.039 10.134 9.245 8.373 7.517 6.677 5.854 5.943 6.415 6.905
8.377 8.521 8.660 8.792 8.918 9.038 9.152 9.259 9.361 9.456 9.697 10.204 10.715 11.229 11.748 12.270 12.797 13.327 13.861 14.399 14.941 15.464 15.606 15.063 14.495 13.902 13.285 12.642 11.974 11.282 10.565 9.823 9.024 8.209 7.811 7.989 8.183 8.391 8.614 8.852 9.105 9.373 9.655 9.953 10.265 10.593 11.040 11.595 12.132 12.650 13.151 13.634 14.099 14.545 14.974 15.385 15.778 16.152 15.821 14.907 14.008 13.127 12.261 11.412 10.580 9.763 8.964 8.180 7.413 6.663 6.688 7.240 7.809
10.001 10.124 10.240 10.351 10.455 10.553 10.645 10.731 10.810 10.883 11.058 11.578 12.102 12.630 13.162 13.698 14.238 14.781 15.329 15.880 16.435 16.972 17.228 16.415 15.492 14.592 13.717 12.865 12.037 11.233 10.452 9.696 8.963 8.254 7.834 8.079 8.339 8.613 8.902 9.207 9.526 9.860 10.209 10.573 10.952 11.345 11.780 12.255 12.712 13.150 13.571 13.974 14.359 14.726 15.075 15.405 15.718 16.013 15.814 14.972 14.147 13.338 12.545 11.768 11.008 10.265 9.537 8.827 8.132 7.454 7.415 8.045 8.694
11.629 11.730 11.824 11.913 11.995 12.072 12.142 12.206 12.263 12.315 12.413 12.946 13.484 14.025 14.571 15.106 15.444 15.724 15.945 16.108 16.212 16.275 16.219 15.378 14.560 13.767 12.997 12.251 11.528 10.830 10.155 9.504 8.876 8.272 7.841 8.152 8.478 8.819 9.174 9.545 9.930 10.331 10.746 11.176 11.621 12.081 12.538 12.933 13.309 13.668 14.009 14.332 14.637 14.924 15.194 15.445 15.678 15.893 15.791 15.021 14.268 13.532 12.811 12.107 11.420 10.749 10.094 9.456 8.834 8.229 8.123 8.832 9.559
13.260 13.339 13.412 13.479 13.539 13.594 13.642 13.684 13.710 13.701 13.723 14.139 14.507 14.817 15.068 15.261 15.396 15.473 15.491 15.451 15.353 15.212 15.038 14.315 13.604 12.916 12.251 11.611 10.994 10.401 9.831 9.286 8.764 8.265 7.831 8.208 8.601 9.008 9.430 9.866 10.318 10.785 11.266 11.762 12.273 12.800 13.313 13.628 13.926 14.205 14.466 14.709 14.934 15.142 15.331 15.502 15.656 15.791 15.750 15.053 14.373 13.709 13.061 12.430 11.815 11.216 10.634 10.068 9.519 8.986 8.812 9.600 10.406
14.895 14.899 14.781 14.694 14.637 14.612 14.618 14.655 14.722 14.821 14.951 15.159 15.324 15.430 15.479 15.469 15.401 15.275 15.090 14.848 14.547 14.202 13.823 13.228 12.622 12.040 11.481 10.946 10.434 9.946 9.482 9.042 8.625 8.232 7.863 8.249 8.707 9.180 9.668 10.171 10.689 11.222 11.769 12.332 12.909 13.501 14.107 14.342 14.560 14.759 14.940 15.104 15.249 15.377 15.487 15.579 15.652 15.708 15.693 15.069 14.461 13.869 13.294 12.735 12.193 11.666 11.157 10.663 10.186 9.725 9.482 10.350 11.234
15.168 15.127 15.116 15.137 15.189 15.271 15.385 15.529 15.705 15.911 16.149 16.230 16.192 16.096 15.942 15.729 15.458 15.130 14.743 14.298 13.794 13.246 12.663 12.116 11.615 11.138 10.685 10.255 9.849 9.466 9.107 8.772 8.461 8.173 7.909 8.273 8.797 9.336 9.891 10.460 11.044 11.643 12.256 12.885 13.528 14.186 14.859 15.074 15.212 15.331 15.433 15.517 15.583 15.631 15.661 15.673 15.667 15.644 15.602 15.068 14.532 14.013 13.510 13.024 12.553 12.100 11.662 11.241 10.836 10.471 10.215 11.163 12.084
15.258 15.325 15.422 15.551 15.710 15.901 16.122 16.374 16.657 16.972 17.317 17.353 17.112 16.813 16.457 16.042 15.569 15.037 14.448 13.801 13.095 12.343 11.555 10.979 10.583 10.212 9.863 9.539 9.238 8.961 8.707 8.477 8.271 8.088 7.930 8.280 8.871 9.476 10.096 10.732 11.382 12.046 12.726 13.421 14.130 14.854 15.593 15.824 15.882 15.922 15.944 15.948 15.935 15.903 15.854 15.786 15.701 15.598 15.477 15.050 14.596 14.176 13.780 13.407 13.058 12.732 12.429 12.149 11.893 11.661 11.451 12.211 13.012
15.319 15.494 15.699 15.935 16.202 16.501 16.830 17.189 17.580 18.002 18.455 18.528 18.084 17.583 17.024 16.407 15.731 14.998 14.206 13.357 12.449 11.494 10.501 9.817 9.526 9.260 9.017 8.797 8.602 8.430 8.281 8.157 8.055 7.978 7.924 8.271 8.928 9.599 10.286 10.987 11.703 12.434 13.179 13.940 14.715 15.505 16.310 16.592 16.570 16.531 16.473 16.349 16.160 15.990 15.841 15.712 15.604 15.517 15.449 15.170 14.831 14.514 14.221 13.952 13.706 13.483 13.283 13.107 12.955 12.825 12.719 13.284 13.966
15.351 15.633 15.946 16.290 16.665 17.071 17.507 17.975 18.473 19.002 19.562 19.754 19.109 18.405 17.644 16.824 15.946 15.011 14.017 12.966 11.856 10.698 9.501 8.629 8.444 8.283 8.145 8.031 7.940 7.873 7.830 7.810 7.814 7.842 7.893 8.246 8.969 9.706 10.458 11.226 12.008 12.804 13.584 14.286 14.946 15.563 16.138 16.289 16.108 15.947 15.807 15.687 15.588 15.509 15.451 15.413 15.395 15.398 15.422 15.277 15.041 14.828 14.639 14.472 14.329 14.210 14.114 14.041 13.991 13.965 13.962 14.382 14.944
15.354 15.744 16.164 16.616 17.098 17.611 18.155 18.730 19.336 19.973 20.640 21.032 20.185 19.279 18.315 17.294 16.214 15.077 13.881 12.627 11.316 9.955 8.554 7.417 7.337 7.281 7.248 7.239 7.253 7.291 7.353 7.438 7.547 7.731 8.017 8.489 9.300 10.069 10.795 11.479 12.121 12.720 13.276 13.791 14.263 14.692 15.079 15.243 15.153 15.083 15.034 15.005 14.996 15.008 15.040 15.093 15.166 15.259 15.373 15.360 15.227 15.118 15.031 14.968 14.929 14.912 14.919 14.950 15.003 15.080 15.180 15.506 15.948
15.328 15.825 16.353 16.912 17.502 18.123 18.774 19.456 20.170 20.914 21.688 22.362 21.312 20.205 19.039 17.816 16.534 15.195 13.797 12.342 10.829 9.265 7.660 6.180 6.270 6.481 6.708 6.952 7.212 7.488 7.781 8.090 8.416 8.758 9.116 9.543 10.167 10.747 11.286 11.781 12.235 12.646 13.015 13.341 13.625 13.867 14.066 14.177 14.178 14.199 14.240 14.301 14.383 14.486 14.608 14.752 14.915 15.099 15.303 15.419 15.390 15.383 15.400 15.440 15.504 15.591 15.701 15.834 15.991 16.171 16.374 16.655 16.978
15.272 15.877 16.513 17.179 17.876 18.604 19.363 20.153 20.973 21.824 22.706 23.619 22.492 21.182 19.815 18.390 16.878 15.192 13.571 12.015 10.523 9.094 7.718 6.393 6.623 6.907 7.207 7.523 7.856 8.205 8.570 8.952 9.350 9.765 10.195 10.643 11.078 11.471 11.821 12.129 12.395 12.618 12.799 12.938 13.034 13.088 13.100 13.092 13.183 13.294 13.426 13.578 13.750 13.943 14.156 14.390 14.644 14.918 15.213 15.455 15.528 15.625 15.745 15.888 16.054 16.244 16.457 16.694 16.953 17.236 17.543 17.829 18.032
15.188 15.900 16.643 17.417 18.221 19.056 19.923 20.819 21.747 22.614 23.123 23.586 22.221 20.500 18.845 17.254 15.729 14.268 12.872 11.541 10.275 9.072 7.924 6.826 6.958 7.314 7.686 8.075 8.481 8.902 9.340 9.795 10.265 10.752 11.256 11.775 12.034 12.239 12.402 12.522 12.600 12.636 12.629 12.580 12.489 12.355 12.179 11.986 12.167 12.369 12.591 12.833 13.096 13.380 13.683 14.007 14.352 14.716 15.102 15.466 15.642 15.842 16.065 16.311 16.581 16.874 17.190 17.529 17.892 18.277 18.686 19.028 19.112
15.075 15.894 16.698 17.372 18.000 18.581 19.115 19.603 20.044 20.438 20.786 21.087 20.113 18.618 17.188 15.823 14.522 13.286 12.116 11.010 9.969 8.992 8.071 7.201 7.273 7.702 8.147 8.609 9.086 9.581 10.091 10.618 11.161 11.721 12.297 12.889 13.036 13.053 13.028 12.961 12.851 12.699 12.505 12.268 11.990 11.669 11.305 10.900 11.131 11.423 11.736 12.069 12.422 12.796 13.190 13.604 14.039 14.494 14.969 15.453 15.733 16.035 16.361 16.710 17.083 17.479 17.898 18.340 18.805 19.294 19.806 20.252 20.218
14.535 15.140 15.700 16.212 16.678 17.097 17.470 17.796 18.075 18.308 18.494 18.634 17.949 16.679 15.474 14.334 13.259 12.248 11.302 10.421 9.605 8.855 8.161 7.518 7.570 8.071 8.589 9.123 9.673 10.240 10.823 11.422 12.038 12.670 13.318 13.983 14.081 13.911 13.699 13.444 13.147 12.808 12.426 12.002 11.536 11.028 10.477 9.884 10.075 10.458 10.861 11.284 11.727 12.191 12.676 13.180 13.705 14.250 14.816 15.402 15.799 16.205 16.633 17.086 17.561 18.059 18.581 19.126 19.694 20.286 20.900 21.390 20.983
13.905 14.349 14.746 15.097 15.401 15.659 15.870 16.034 16.152 16.224 16.248 16.226 15.729 14.684 13.704 12.789 11.938 11.153 10.432 9.775 9.184 8.660 8.193 7.777 7.848 8.421 9.012 9.618 10.241 10.880 11.535 12.207 12.895 13.600 14.320 15.057 15.172 14.814 14.415 13.972 13.488 12.961 12.393 11.782 11.128 10.433 9.695 8.915 8.999 9.472 9.965 10.478 11.012 11.566 12.141 12.736 13.351 13.986 14.642 15.318 15.842 16.350 16.837 17.238 17.626 18.002 18.366 18.719 19.059 19.387 19.704 20.008 19.750
13.320 13.602 13.838 14.027 14.170 14.266 14.315 14.318 14.275 14.185 14.048 13.865 13.453 12.633 11.878 11.187 10.562 10.000 9.504 9.072 8.705 8.407 8.167 7.979 8.107 8.753 9.415 10.094 10.790 11.501 12.229 12.973 13.733 14.510 15.303 16.113 16.307 15.762 15.175 14.546 13.874 13.161 12.405 11.607 10.766 9.884 8.959 7.992 7.902 8.465 9.049 9.653 10.277 10.926 11.587 12.237 12.876 13.505 14.123 14.730 15.176 15.547 15.907 16.254 16.590 16.913 17.225 17.524 17.812 18.088 18.351 18.603 18.495
