DATA/SHG/ECMWF/20170628/EN-24/20170628.en-24.asc
ncols        190
nrows        64
xllcorner    -5100000.000000000000
yllcorner    4130000.000000000000
cellsize     10000.000000000000
NODATA_value  -99999.000
[rows 0 to 31 of 64, columns 73 to 145 of 190]
6.334 6.728 7.116 7.499 7.877 8.248 8.615 8.975 9.235 9.336 9.467 9.591 9.708 9.820 9.925 10.024 10.117 10.203 10.283 10.357 10.440 10.572 10.698 10.811 10.910 10.994 11.065 11.121 11.164 11.192 11.207 11.207 11.189 11.147 11.100 11.047 10.989 10.925 10.856 10.781 10.700 10.614 10.523 10.426 10.233 9.767 9.311 8.866 8.430 8.005 7.590 7.185 6.790 6.406 6.032 5.668 5.359 5.191 5.028 4.871 4.721 4.576 4.437 4.304 4.176 4.055 3.939 3.829 3.688 3.455 3.238 3.038 2.853
5.452 5.827 6.269 6.728 7.182 7.633 8.079 8.522 8.904 9.019 9.127 9.230 9.325 9.415 9.498 9.576 9.646 9.711 9.769 9.821 9.870 9.939 10.003 10.053 10.089 10.111 10.118 10.112 10.092 10.058 10.010 9.947 9.873 9.807 9.735 9.658 9.575 9.487 9.393 9.293 9.188 9.078 8.961 8.840 8.675 8.255 7.845 7.445 7.055 6.675 6.306 5.947 5.598 5.259 4.930 4.612 4.326 4.184 4.047 3.917 3.793 3.674 3.561 3.454 3.353 3.258 3.169 3.085 2.993 2.832 2.687 2.558 2.445
5.121 5.574 6.022 6.467 6.908 7.344 7.777 8.206 8.615 8.708 8.794 8.875 8.949 9.017 9.078 9.133 9.182 9.225 9.262 9.292 9.316 9.323 9.324 9.311 9.285 9.244 9.189 9.120 9.038 8.941 8.830 8.705 8.566 8.475 8.379 8.277 8.169 8.056 7.938 7.814 7.684 7.549 7.408 7.262 7.108 6.734 6.369 6.015 5.671 5.337 5.013 4.699 4.396 4.103 3.820 3.547 3.288 3.172 3.062 2.958 2.860 2.768 2.681 2.600 2.526 2.457 2.393 2.336 2.365 2.434 2.504 2.575 2.647
4.906 5.345 5.779 6.210 6.637 7.060 7.479 7.894 8.305 8.403 8.468 8.526 8.578 8.624 8.664 8.698 8.725 8.746 8.760 8.769 8.771 8.724 8.662 8.587 8.498 8.394 8.277 8.146 8.000 7.841 7.668 7.480 7.279 7.151 7.030 6.904 6.772 6.634 6.491 6.342 6.188 6.028 5.863 5.692 5.516 5.204 4.885 4.576 4.278 3.990 3.711 3.443 3.186 2.938 2.701 2.473 2.256 2.156 2.072 2.080 2.174 2.275 2.383 2.498 2.619 2.748 2.883 3.025 3.174 3.253 3.326 3.401 3.476
4.695 5.120 5.541 5.958 6.371 6.780 7.185 7.586 7.983 8.104 8.147 8.184 8.214 8.238 8.256 8.268 8.273 8.273 8.265 8.252 8.232 8.141 8.017 7.879 7.727 7.562 7.382 7.188 6.980 6.758 6.523 6.273 6.009 5.835 5.690 5.539 5.382 5.220 5.052 4.879 4.700 4.516 4.326 4.131 3.930 3.666 3.392 3.129 2.876 2.634 2.510 2.478 2.444 2.409 2.374 2.337 2.300 2.375 2.486 2.604 2.729 2.861 2.999 3.144 3.297 3.456 3.621 3.794 3.974 4.070 4.147 4.225 4.304
4.487 4.898 5.306 5.709 6.108 6.503 6.894 7.282 7.665 7.812 7.833 7.848 7.856 7.859 7.855 7.845 7.828 7.806 7.777 7.742 7.700 7.575 7.389 7.189 6.974 6.746 6.504 6.247 5.977 5.693 5.395 5.082 4.756 4.527 4.357 4.182 4.001 3.814 3.622 3.424 3.221 3.135 3.138 3.150 3.171 3.160 3.127 3.094 3.060 3.024 2.988 2.951 2.913 2.875 2.835 2.794 2.752 2.831 2.973 3.121 3.277 3.439 3.608 3.783 3.966 4.155 4.352 4.555 4.765 4.884 4.965 5.047 5.129
4.284 4.681 5.075 5.464 5.849 6.231 6.608 6.982 7.351 7.525 7.525 7.518 7.505 7.485 7.460 7.428 7.390 7.345 7.295 7.238 7.175 7.026 6.777 6.514 6.238 5.947 5.642 5.324 4.991 4.644 4.284 3.909 3.610 3.468 3.439 3.419 3.408 3.406 3.413 3.429 3.455 3.489 3.532 3.585 3.647 3.659 3.622 3.585 3.546 3.507 3.467 3.425 3.383 3.340 3.296 3.251 3.205 3.280 3.452 3.631 3.816 4.009 4.208 4.414 4.628 4.847 5.074 5.308 5.548 5.697 5.781 5.867 5.953
4.085 4.468 4.848 5.223 5.595 5.962 6.326 6.685 7.041 7.245 7.223 7.194 7.159 7.118 7.071 7.017 6.957 6.891 6.819 6.740 6.655 6.494 6.182 5.894 5.623 5.357 5.096 4.839 4.587 4.340 4.098 3.860 3.627 3.488 3.500 3.520 3.549 3.588 3.636 3.692 3.758 3.833 3.917 4.010 4.112 4.158 4.118 4.076 4.033 3.990 3.945 3.900 3.853 3.806 3.758 3.709 3.659 3.720 3.923 4.132 4.348 4.571 4.801 5.038 5.281 5.531 5.789 6.053 6.324 6.508 6.596 6.685 6.774
3.889 4.259 4.625 4.986 5.344 5.698 6.048 6.393 6.735 6.971 6.927 6.876 6.820 6.757 6.688 6.615 6.551 6.490 6.432 6.377 6.325 6.229 5.970 5.716 5.466 5.221 4.981 4.745 4.515 4.289 4.067 3.851 3.639 3.498 3.550 3.611 3.681 3.760 3.848 3.945 4.051 4.166 4.291 4.424 4.567 4.658 4.613 4.567 4.520 4.473 4.424 4.374 4.324 4.272 4.220 4.166 4.112 4.153 4.386 4.626 4.872 5.126 5.386 5.653 5.927 6.208 6.495 6.790 7.091 7.317 7.408 7.501 7.594
3.697 4.053 4.405 4.753 5.097 5.437 5.773 6.105 6.429 6.682 6.610 6.542 6.476 6.414 6.354 6.298 6.244 6.194 6.146 6.102 6.060 6.004 5.766 5.532 5.304 5.080 4.861 4.646 4.437 4.232 4.032 3.836 3.645 3.498 3.590 3.692 3.802 3.921 4.050 4.188 4.334 4.490 4.655 4.828 5.011 5.159 5.109 5.059 5.008 4.956 4.903 4.849 4.794 4.739 4.682 4.625 4.566 4.578 4.841 5.112 5.389 5.672 5.963 6.260 6.565 6.876 7.194 7.519 7.850 8.123 8.219 8.315 8.411
3.510 3.856 4.199 4.531 4.853 5.164 5.465 5.755 6.035 6.300 6.239 6.181 6.126 6.074 6.025 5.979 5.935 5.895 5.858 5.824 5.793 5.768 5.556 5.344 5.136 4.934 4.736 4.542 4.354 4.170 3.991 3.816 3.647 3.488 3.621 3.762 3.913 4.073 4.242 4.420 4.607 4.803 5.008 5.222 5.446 5.659 5.606 5.551 5.496 5.440 5.383 5.324 5.266 5.206 5.145 5.083 5.020 4.996 5.289 5.590 5.897 6.211 6.532 6.860 7.195 7.536 7.885 8.240 8.602 8.928 9.027 9.127 9.227
3.412 3.729 4.035 4.331 4.616 4.890 5.154 5.408 5.651 5.883 5.865 5.818 5.773 5.731 5.693 5.657 5.624 5.595 5.568 5.544 5.523 5.509 5.341 5.150 4.964 4.782 4.605 4.433 4.266 4.103 3.945 3.792 3.643 3.499 3.641 3.823 4.014 4.215 4.424 4.642 4.870 5.106 5.351 5.606 5.869 6.142 6.102 6.044 5.984 5.924 5.862 5.800 5.737 5.673 5.608 5.542 5.475 5.407 5.729 6.060 6.398 6.743 7.094 7.452 7.817 8.189 8.567 8.953 9.300 9.592 9.618 9.659 9.717
3.332 3.612 3.882 4.140 4.389 4.627 4.854 5.071 5.277 5.473 5.489 5.452 5.418 5.387 5.359 5.333 5.311 5.292 5.275 5.262 5.251 5.248 5.122 4.952 4.787 4.626 4.470 4.319 4.173 4.031 3.894 3.762 3.634 3.511 3.651 3.874 4.105 4.346 4.596 4.854 5.122 5.399 5.684 5.979 6.283 6.596 6.599 6.536 6.473 6.408 6.342 6.276 6.209 6.140 6.071 6.001 5.930 5.858 6.162 6.474 6.740 7.014 7.297 7.588 7.888 8.195 8.512 8.837 9.170 9.511 9.625 9.737 9.866
3.262 3.505 3.738 3.960 4.172 4.373 4.564 4.744 4.913 5.073 5.111 5.085 5.061 5.040 5.022 5.007 4.995 4.986 4.980 4.977 4.977 4.984 4.897 4.748 4.604 4.465 4.330 4.200 4.074 3.954 3.838 3.726 3.620 3.518 3.652 3.915 4.187 4.467 4.757 5.056 5.364 5.681 6.007 6.342 6.686 7.040 7.096 7.029 6.961 6.893 6.792 6.650 6.496 6.329 6.149 5.957 5.752 5.535 5.703 5.998 6.301 6.613 6.933 7.262 7.599 7.944 8.298 8.661 9.031 9.410 9.617 9.800 9.998
3.201 3.408 3.604 3.790 3.965 4.129 4.283 4.427 4.560 4.682 4.731 4.715 4.701 4.691 4.683 4.679 4.677 4.679 4.683 4.690 4.701 4.718 4.668 4.540 4.417 4.298 4.184 4.075 3.971 3.871 3.776 3.686 3.601 3.520 3.642 3.945 4.258 4.579 4.909 5.248 5.596 5.938 6.272 6.613 6.961 7.316 7.381 7.233 7.073 6.900 6.715 6.517 6.307 6.084 5.848 5.600 5.340 5.067 5.181 5.513 5.854 6.204 6.561 6.928 7.302 7.685 8.076 8.476 8.884 9.301 9.593 9.846 10.115
3.151 3.321 3.480 3.629 3.768 3.896 4.013 4.120 4.217 4.303 4.349 4.343 4.340 4.340 4.343 4.348 4.357 4.369 4.384 4.401 4.422 4.450 4.433 4.326 4.224 4.127 4.034 3.946 3.863 3.784 3.710 3.641 3.570 3.487 3.564 3.880 4.204 4.534 4.871 5.215 5.566 5.925 6.290 6.662 7.041 7.427 7.540 7.336 7.120 6.892 6.650 6.397 6.131 5.852 5.561 5.257 4.941 4.612 4.651 5.021 5.399 5.786 6.181 6.585 6.997 7.418 7.846 8.284 8.729 9.183 9.554 9.877 10.216
3.110 3.243 3.366 3.479 3.581 3.672 3.753 3.823 3.883 3.933 3.964 3.969 3.976 3.986 3.999 4.016 4.035 4.057 4.082 4.110 4.141 4.179 4.194 4.135 4.091 4.038 3.977 3.908 3.830 3.744 3.650 3.547 3.435 3.315 3.325 3.673 4.027 4.389 4.757 5.132 5.514 5.903 6.300 6.703 7.113 7.530 7.712 7.452 7.181 6.896 6.599 6.290 5.968 5.634 5.287 4.927 4.555 4.171 4.113 4.521 4.936 5.361 5.793 6.234 6.684 7.142 7.608 8.083 8.566 9.057 9.498 9.892 10.302
3.079 3.176 3.262 3.338 3.404 3.458 3.503 3.537 3.560 3.573 3.577 3.592 3.610 3.631 3.654 3.687 3.797 3.907 4.017 4.125 4.234 4.338 4.421 4.348 4.266 4.176 4.078 3.971 3.856 3.732 3.600 3.459 3.310 3.153 3.080 3.458 3.843 4.236 4.635 5.041 5.455 5.875 6.302 6.736 7.177 7.625 7.897 7.582 7.254 6.914 6.562 6.197 5.819 5.429 5.026 4.611 4.184 3.743 3.567 4.012 4.465 4.927 5.397 5.876 6.363 6.858 7.361 7.873 8.394 8.923 9.427 9.891 10.371
3.058 3.118 3.168 3.208 3.237 3.255 3.263 3.260 3.260 3.321 3.388 3.499 3.609 3.720 3.829 3.938 4.047 4.155 4.262 4.369 4.476 4.578 4.676 4.570 4.451 4.324 4.188 4.043 3.890 3.729 3.559 3.381 3.195 3.000 2.826 3.236 3.652 4.076 4.506 4.943 5.388 5.839 6.297 6.762 7.234 7.713 8.095 7.724 7.341 6.945 6.537 6.116 5.683 5.237 4.779 4.308 3.825 3.329 3.013 3.496 3.986 4.485 4.993 5.509 6.033 6.566 7.107 7.656 8.214 8.780 9.340 9.875 10.425
3.047 3.075 3.114 3.159 3.211 3.269 3.333 3.403 3.479 3.562 3.651 3.758 3.867 3.975 4.083 4.190 4.297 4.403 4.508 4.613 4.718 4.818 4.914 4.802 4.645 4.480 4.307 4.125 3.934 3.736 3.528 3.313 3.089 2.856 2.615 3.006 3.454 3.908 4.370 4.838 5.313 5.795 6.284 6.780 7.283 7.793 8.307 7.880 7.441 6.990 6.526 6.050 5.561 5.059 4.546 4.019 3.480 2.929 2.451 2.971 3.499 4.036 4.581 5.134 5.695 6.265 6.844 7.430 8.026 8.629 9.238 9.842 10.462
3.081 3.136 3.197 3.264 3.337 3.417 3.502 3.594 3.693 3.797 3.908 4.017 4.124 4.231 4.336 4.442 4.546 4.650 4.754 4.857 4.960 5.058 5.153 5.043 4.849 4.646 4.435 4.216 3.988 3.751 3.507 3.254 2.992 2.722 2.444 2.769 3.248 3.733 4.226 4.725 5.231 5.744 6.264 6.791 7.325 7.866 8.413 8.049 7.555 7.048 6.528 5.996 5.452 4.895 4.325 3.743 3.149 2.542 1.923 2.439 3.004 3.578 4.160 4.751 5.350 5.957 6.573 7.197 7.829 8.568 9.440 10.360 11.313
3.115 3.191 3.274 3.362 3.457 3.559 3.666 3.780 3.900 4.026 4.158 4.277 4.382 4.486 4.590 4.693 4.796 4.899 5.000 5.101 5.202 5.299 5.391 5.293 5.061 4.821 4.573 4.316 4.050 3.777 3.494 3.204 2.905 2.598 2.282 2.525 3.035 3.551 4.074 4.604 5.141 5.685 6.236 6.794 7.359 7.931 8.509 8.231 7.681 7.118 6.543 5.956 5.356 4.743 4.118 3.481 2.831 2.169 1.494 1.898 2.621 3.518 4.410 5.295 6.175 7.048 7.916 8.778 9.634 10.485 11.329 12.380 13.476
3.142 3.240 3.344 3.455 3.572 3.695 3.824 3.959 4.101 4.249 4.403 4.536 4.639 4.742 4.844 4.945 5.046 5.147 5.247 5.346 5.445 5.539 5.630 5.552 5.283 5.005 4.719 4.425 4.122 3.811 3.492 3.164 2.827 2.483 2.130 2.274 2.814 3.361 3.915 4.476 5.044 5.619 6.201 6.790 7.385 7.988 8.597 8.426 7.820 7.202 6.572 5.959 5.427 4.945 4.514 4.134 3.805 3.526 3.299 3.897 4.774 5.645 6.511 7.370 8.224 9.072 9.914 10.750 11.580 12.404 13.223 14.364 15.604
3.164 3.283 3.409 3.542 3.680 3.825 3.976 4.133 4.296 4.465 4.641 4.796 4.897 4.998 5.098 5.197 5.296 5.395 5.493 5.590 5.687 5.780 5.869 5.820 5.514 5.199 4.875 4.544 4.204 3.855 3.498 3.133 2.759 2.377 1.986 2.015 2.586 3.164 3.749 4.341 4.940 5.546 6.171 6.791 7.373 7.917 8.422 8.353 7.842 7.382 6.973 6.615 6.308 6.052 5.847 5.692 5.589 5.536 5.535 6.079 6.930 7.776 8.615 9.448 10.276 11.098 11.914 12.724 13.529 14.327 15.120 16.313 17.697
3.179 3.321 3.468 3.622 3.782 3.949 4.121 4.300 4.485 4.676 4.874 5.056 5.155 5.254 5.352 5.450 5.547 5.643 5.739 5.835 5.930 6.021 6.108 6.098 5.754 5.402 5.041 4.672 4.294 3.908 3.514 3.111 2.700 2.345 2.113 2.210 2.929 3.609 4.252 4.855 5.421 5.948 6.436 6.887 7.298 7.672 8.007 8.052 7.767 7.533 7.349 7.217 7.135 7.105 7.125 7.196 7.318 7.491 7.714 8.264 9.089 9.909 10.722 11.530 12.332 13.128 13.918 14.702 15.480 16.253 17.020 18.227 19.755
3.189 3.352 3.521 3.697 3.879 4.067 4.261 4.461 4.668 4.881 5.100 5.316 5.413 5.510 5.606 5.702 5.797 5.892 5.986 6.080 6.173 6.262 6.347 6.385 6.000 5.628 5.287 4.976 4.696 4.446 4.226 4.037 3.878 3.750 3.652 3.709 4.257 4.768 5.239 5.673 6.068 6.425 6.743 7.023 7.264 7.467 7.632 7.698 7.638 7.629 7.672 7.765 7.908 8.103 8.349 8.645 8.992 9.390 9.839 10.452 11.251 12.045 12.832 13.614 14.390 15.160 15.924 16.683 17.435 18.182 18.923 20.106 21.777
3.193 3.377 3.568 3.766 3.969 4.179 4.395 4.617 4.845 5.079 5.320 5.567 5.671 5.766 5.861 5.955 6.038 6.059 6.091 6.134 6.187 6.253 6.329 6.414 6.156 5.919 5.713 5.537 5.391 5.276 5.191 5.137 5.113 5.119 5.156 5.247 5.626 5.966 6.267 6.530 6.755 6.942 7.090 7.200 7.271 7.304 7.299 7.290 7.456 7.672 7.940 8.258 8.627 9.047 9.518 10.039 10.612 11.235 11.909 12.643 13.416 14.184 14.946 15.702 16.452 17.196 17.934 18.667 19.394 20.115 20.830 21.950 23.765
3.191 3.397 3.610 3.828 4.054 4.285 4.522 4.766 5.016 5.252 5.415 5.573 5.607 5.623 5.650 5.687 5.735 5.793 5.862 5.941 6.031 6.134 6.248 6.370 6.278 6.176 6.104 6.063 6.052 6.072 6.122 6.202 6.312 6.453 6.625 6.826 7.034 7.204 7.335 7.428 7.483 7.500 7.478 7.418 7.319 7.182 7.007 6.829 7.220 7.662 8.154 8.698 9.292 9.937 10.633 11.379 12.176 13.025 13.923 14.837 15.585 16.326 17.062 17.792 18.516 19.235 19.947 20.654 21.355 22.050 22.739 23.760 25.718
3.183 3.411 3.628 3.807 3.981 4.150 4.315 4.476 4.632 4.783 4.931 5.073 5.148 5.201 5.264 5.338 5.423 5.518 5.623 5.740 5.866 6.006 6.157 6.316 6.366 6.398 6.461 6.555 6.679 6.833 7.017 7.232 7.477 7.752 8.058 8.394 8.482 8.482 8.443 8.367 8.251 8.098 7.906 7.676 7.408 7.101 6.756 6.373 6.931 7.598 8.315 9.084 9.903 10.773 11.693 12.665 13.687 14.759 15.883 17.034 17.756 18.471 19.181 19.886 20.584 21.277 21.963 22.644 23.319 23.989 24.652 25.534 27.636
2.932 3.104 3.271 3.434 3.593 3.747 3.897 4.042 4.183 4.319 4.451 4.579 4.679 4.769 4.869 4.980 5.101 5.233 5.375 5.528 5.692 5.869 6.056 6.253 6.419 6.587 6.784 7.012 7.270 7.559 7.878 8.227 8.607 9.017 9.457 9.927 9.970 9.800 9.592 9.345 9.060 8.737 8.375 7.975 7.537 7.061 6.546 5.993 6.588 7.480 8.422 9.416 10.459 11.554 12.699 13.895 15.142 16.440 17.788 19.187 19.930 20.620 21.304 21.982 22.655 23.322 23.983 24.638 25.287 25.931 26.568 27.094 28.818
2.610 2.766 2.918 3.066 3.209 3.348 3.483 3.613 3.738 3.860 3.976 4.089 4.202 4.328 4.465 4.613 4.771 4.939 5.118 5.308 5.508 5.722 5.947 6.180 6.439 6.741 7.073 7.435 7.828 8.251 8.704 9.188 9.701 10.246 10.820 11.425 11.498 11.158 10.780 10.364 9.909 9.416 8.885 8.315 7.707 7.061 6.377 5.655 6.192 7.309 8.476 9.694 10.962 12.282 13.651 15.072 16.543 18.065 19.638 21.261 22.107 22.771 23.327 23.651 23.933 24.174 24.373 24.530 24.646 24.720 24.753 24.744 26.181
2.292 2.433 2.570 2.703 2.831 2.954 3.074 3.188 3.299 3.405 3.506 3.604 3.715 3.879 4.052 4.236 4.431 4.636 4.852 5.078 5.315 5.566 5.828 6.098 6.424 6.860 7.327 7.823 8.350 8.908 9.495 10.113 10.761 11.440 12.149 12.888 13.066 12.556 12.008 11.422 10.798 10.135 9.435 8.696 7.918 7.103 6.249 5.357 5.743 7.084 8.476 9.918 11.411 12.935 14.425 15.905 17.376 18.839 20.292 21.736 22.342 22.565 22.747 22.887 22.986 23.043 23.058 23.032 22.965 22.855 22.704 22.512 23.588
