DATA/SHG/ECMWF/20170628/EN-24/20170701.en-24.asc
ncols        190
nrows        64
xllcorner    -5100000.000000000000
yllcorner    4130000.000000000000
cellsize     10000.000000000000
NODATA_value  -99999.000
[rows 0 to 31 of 64, columns 0 to 71 of 190]
0.345 0.365 0.384 0.402 0.418 0.433 0.447 0.459 0.470 0.467 0.462 0.457 0.453 0.451 0.449 0.449 0.450 0.452 0.455 0.463 0.472 0.516 0.572 0.626 0.678 0.728 0.775 0.819 0.861 0.901 0.939 0.974 1.006 1.016 1.014 1.015 1.018 1.024 1.032 1.043 1.056 1.072 1.090 1.111 1.134 1.157 1.176 1.195 1.214 1.232 1.250 1.268 1.285 1.301 1.318 1.334 1.349 1.504 1.837 2.185 2.547 2.924 3.315 3.721 4.142 4.578 5.028 5.493 5.973 6.251 6.175 6.090
0.315 0.330 0.345 0.358 0.369 0.379 0.388 0.396 0.402 0.402 0.400 0.400 0.408 0.417 0.426 0.436 0.446 0.456 0.466 0.476 0.487 0.518 0.567 0.612 0.656 0.697 0.735 0.771 0.805 0.837 0.866 0.892 0.917 0.931 0.938 0.948 0.960 0.974 0.991 1.011 1.033 1.058 1.085 1.115 1.148 1.176 1.194 1.212 1.229 1.246 1.262 1.278 1.294 1.309 1.324 1.338 1.352 1.481 1.866 2.265 2.679 3.107 3.551 4.008 4.481 4.968 5.470 5.986 6.518 6.900 6.790 6.671
0.286 0.297 0.307 0.315 0.323 0.335 0.348 0.361 0.376 0.388 0.397 0.406 0.416 0.426 0.436 0.446 0.456 0.467 0.478 0.489 0.501 0.524 0.563 0.601 0.636 0.668 0.698 0.726 0.752 0.775 0.795 0.813 0.829 0.843 0.859 0.878 0.899 0.922 0.949 0.977 1.008 1.042 1.078 1.117 1.158 1.195 1.212 1.228 1.244 1.259 1.274 1.289 1.303 1.317 1.330 1.343 1.356 1.444 1.880 2.331 2.797 3.277 3.771 4.281 4.805 5.343 5.897 6.465 7.029 7.501 7.334 7.161
0.264 0.276 0.289 0.302 0.316 0.331 0.346 0.362 0.378 0.393 0.403 0.413 0.423 0.434 0.445 0.456 0.467 0.478 0.490 0.502 0.514 0.531 0.563 0.592 0.618 0.642 0.664 0.684 0.701 0.715 0.727 0.737 0.745 0.753 0.778 0.806 0.836 0.868 0.903 0.941 0.981 1.023 1.069 1.116 1.166 1.215 1.230 1.245 1.259 1.273 1.287 1.300 1.313 1.325 1.337 1.348 1.359 1.393 1.880 2.383 2.905 3.493 4.074 4.648 5.215 5.774 6.327 6.872 7.409 7.940 7.767 7.577
0.248 0.262 0.277 0.293 0.309 0.326 0.343 0.361 0.380 0.398 0.408 0.419 0.430 0.442 0.453 0.465 0.477 0.490 0.502 0.515 0.528 0.542 0.565 0.585 0.603 0.619 0.632 0.643 0.652 0.658 0.662 0.664 0.663 0.661 0.694 0.731 0.770 0.811 0.855 0.902 0.951 1.002 1.056 1.113 1.172 1.234 1.249 1.262 1.275 1.288 1.300 1.311 1.323 1.352 1.448 1.554 1.672 1.802 2.346 2.924 3.494 4.057 4.613 5.161 5.703 6.237 6.764 7.284 7.796 8.302 8.204 7.996
0.231 0.247 0.265 0.282 0.301 0.320 0.339 0.360 0.381 0.402 0.414 0.425 0.437 0.450 0.462 0.475 0.487 0.500 0.514 0.527 0.541 0.555 0.569 0.581 0.591 0.598 0.603 0.606 0.606 0.604 0.599 0.592 0.583 0.571 0.608 0.654 0.701 0.752 0.805 0.860 0.918 0.978 1.041 1.107 1.175 1.246 1.282 1.339 1.407 1.486 1.576 1.677 1.790 1.913 2.048 2.194 2.351 2.520 2.992 3.544 4.089 4.627 5.157 5.681 6.197 6.706 7.208 7.702 8.189 8.669 8.645 8.420
0.213 0.232 0.251 0.271 0.292 0.313 0.335 0.358 0.381 0.405 0.419 0.431 0.444 0.457 0.470 0.484 0.497 0.511 0.525 0.539 0.554 0.568 0.576 0.580 0.581 0.580 0.577 0.571 0.563 0.552 0.539 0.524 0.506 0.486 0.520 0.574 0.631 0.690 0.752 0.838 0.942 1.046 1.150 1.255 1.360 1.466 1.558 1.654 1.761 1.879 2.008 2.149 2.300 2.463 2.637 2.822 3.018 3.226 3.644 4.170 4.690 5.203 5.708 6.206 6.697 7.181 7.657 8.127 8.589 9.043 9.091 8.848
0.195 0.216 0.237 0.260 0.283 0.306 0.330 0.355 0.381 0.407 0.424 0.437 0.451 0.464 0.478 0.492 0.507 0.521 0.536 0.551 0.566 0.582 0.585 0.581 0.574 0.564 0.552 0.538 0.522 0.503 0.482 0.458 0.462 0.480 0.550 0.654 0.757 0.861 0.965 1.070 1.175 1.280 1.386 1.492 1.598 1.705 1.822 1.957 2.103 2.260 2.429 2.608 2.799 3.001 3.214 3.438 3.673 3.920 4.301 4.803 5.297 5.785 6.265 6.737 7.203 7.662 8.113 8.557 8.994 9.424 9.540 9.280
0.176 0.199 0.223 0.247 0.272 0.298 0.325 0.352 0.380 0.408 0.428 0.442 0.457 0.471 0.486 0.501 0.516 0.531 0.547 0.563 0.579 0.595 0.597 0.584 0.569 0.564 0.564 0.569 0.580 0.595 0.616 0.641 0.671 0.707 0.776 0.880 0.985 1.090 1.196 1.301 1.407 1.514 1.621 1.728 1.835 1.943 2.075 2.249 2.434 2.630 2.838 3.056 3.286 3.527 3.779 4.042 4.316 4.602 4.965 5.441 5.910 6.372 6.827 7.275 7.715 8.149 8.575 8.994 9.406 9.810 9.994 9.716
0.156 0.181 0.207 0.234 0.262 0.290 0.318 0.348 0.378 0.408 0.433 0.448 0.463 0.478 0.493 0.509 0.525 0.541 0.560 0.578 0.595 0.611 0.621 0.624 0.632 0.645 0.663 0.686 0.714 0.747 0.785 0.828 0.875 0.928 1.001 1.106 1.212 1.319 1.425 1.532 1.639 1.747 1.855 1.963 2.071 2.180 2.316 2.529 2.753 2.988 3.235 3.493 3.761 4.041 4.332 4.634 4.947 5.272 5.634 6.085 6.529 6.966 7.396 7.818 8.234 8.642 9.043 9.437 9.823 10.203 10.452 10.156
0.135 0.163 0.191 0.221 0.250 0.281 0.311 0.343 0.375 0.408 0.439 0.460 0.481 0.500 0.519 0.537 0.555 0.571 0.587 0.602 0.616 0.630 0.644 0.665 0.690 0.721 0.756 0.797 0.842 0.893 0.948 1.009 1.074 1.145 1.225 1.332 1.439 1.546 1.654 1.762 1.870 1.979 2.088 2.197 2.307 2.417 2.545 2.797 3.061 3.335 3.620 3.917 4.225 4.544 4.874 5.215 5.567 5.930 6.309 6.735 7.154 7.566 7.970 8.368 8.758 9.141 9.517 9.885 10.247 10.601 10.914 10.601
0.114 0.144 0.175 0.211 0.253 0.293 0.334 0.373 0.413 0.452 0.488 0.507 0.524 0.541 0.557 0.573 0.588 0.602 0.615 0.627 0.639 0.650 0.662 0.700 0.743 0.791 0.844 0.902 0.965 1.033 1.106 1.184 1.267 1.355 1.449 1.556 1.665 1.773 1.882 1.991 2.100 2.210 2.320 2.431 2.542 2.653 2.764 3.054 3.356 3.670 3.994 4.330 4.677 5.034 5.403 5.783 6.174 6.576 6.990 7.391 7.785 8.172 8.551 8.923 9.288 9.646 9.997 10.298 10.557 10.804 11.039 10.700
0.148 0.189 0.229 0.269 0.309 0.348 0.387 0.425 0.463 0.500 0.537 0.554 0.569 0.583 0.597 0.610 0.622 0.633 0.643 0.653 0.662 0.671 0.678 0.730 0.791 0.856 0.927 1.003 1.083 1.169 1.259 1.355 1.455 1.561 1.671 1.780 1.890 1.999 2.109 2.220 2.330 2.441 2.552 2.664 2.776 2.888 3.001 3.300 3.641 3.993 4.357 4.731 5.117 5.513 5.921 6.340 6.770 7.211 7.663 8.053 8.382 8.684 8.973 9.250 9.515 9.768 10.009 10.237 10.454 10.659 10.851 10.601
0.211 0.250 0.289 0.328 0.366 0.403 0.440 0.477 0.513 0.549 0.584 0.602 0.614 0.626 0.637 0.647 0.656 0.665 0.673 0.680 0.686 0.692 0.697 0.755 0.833 0.916 1.004 1.097 1.195 1.298 1.406 1.519 1.637 1.760 1.888 2.004 2.114 2.225 2.336 2.447 2.559 2.671 2.784 2.896 3.009 3.123 3.236 3.534 3.914 4.305 4.707 5.121 5.545 5.995 6.435 6.860 7.271 7.667 8.048 8.358 8.629 8.888 9.135 9.370 9.592 9.803 10.002 10.188 10.362 10.525 10.675 10.497
0.275 0.312 0.350 0.387 0.423 0.459 0.494 0.529 0.564 0.598 0.632 0.650 0.660 0.669 0.677 0.685 0.692 0.698 0.703 0.707 0.711 0.714 0.716 0.775 0.870 0.971 1.076 1.187 1.302 1.423 1.548 1.679 1.814 1.955 2.100 2.226 2.338 2.450 2.562 2.674 2.787 2.901 3.014 3.128 3.242 3.356 3.572 3.947 4.424 4.885 5.333 5.765 6.183 6.586 6.975 7.349 7.708 8.053 8.383 8.658 8.887 9.103 9.308 9.501 9.681 9.850 10.006 10.150 10.282 10.402 10.510 10.388
0.339 0.375 0.410 0.446 0.481 0.515 0.549 0.582 0.615 0.648 0.680 0.700 0.707 0.713 0.719 0.724 0.728 0.731 0.734 0.736 0.737 0.737 0.737 0.789 0.902 1.020 1.143 1.271 1.404 1.542 1.685 1.833 1.986 2.144 2.306 2.448 2.561 2.674 2.797 2.981 3.175 3.377 3.589 3.810 4.039 4.278 4.526 4.860 5.285 5.695 6.091 6.472 6.839 7.191 7.528 7.851 8.159 8.453 8.731 8.969 9.156 9.330 9.493 9.643 9.781 9.907 10.022 10.124 10.214 10.292 10.358 10.273
0.403 0.438 0.472 0.505 0.539 0.571 0.604 0.636 0.667 0.698 0.729 0.750 0.754 0.758 0.761 0.763 0.765 0.765 0.765 0.765 0.763 0.761 0.758 0.798 0.928 1.064 1.204 1.350 1.500 1.656 1.816 1.993 2.205 2.430 2.667 2.893 3.082 3.280 3.488 3.704 3.929 4.163 4.406 4.659 4.920 5.190 5.470 5.785 6.159 6.518 6.863 7.193 7.508 7.809 8.095 8.367 8.624 8.866 9.094 9.291 9.436 9.568 9.688 9.797 9.893 9.977 10.049 10.109 10.157 10.193 10.217 10.153
0.468 0.501 0.533 0.565 0.597 0.628 0.659 0.689 0.719 0.748 0.777 0.801 0.802 0.804 0.804 0.803 0.802 0.800 0.798 0.794 0.790 0.785 0.780 0.802 0.955 1.126 1.308 1.502 1.709 1.928 2.158 2.401 2.656 2.923 3.202 3.479 3.700 3.929 4.168 4.416 4.673 4.938 5.213 5.497 5.790 6.092 6.403 6.724 7.047 7.355 7.648 7.927 8.191 8.441 8.676 8.896 9.102 9.293 9.470 9.625 9.727 9.818 9.896 9.962 10.016 10.058 10.088 10.106 10.111 10.105 10.087 10.028
0.533 0.564 0.595 0.626 0.656 0.685 0.715 0.743 0.772 0.799 0.827 0.852 0.851 0.850 0.848 0.845 0.841 0.836 0.833 0.831 0.832 0.834 0.839 0.853 1.054 1.266 1.491 1.728 1.977 2.238 2.511 2.796 3.093 3.402 3.724 4.055 4.307 4.568 4.838 5.118 5.406 5.703 6.010 6.325 6.650 6.983 7.326 7.676 7.947 8.204 8.447 8.674 8.887 9.086 9.270 9.439 9.594 9.734 9.859 9.970 10.030 10.078 10.114 10.138 10.150 10.150 10.138 10.114 10.078 10.029 9.969 9.897
0.598 0.628 0.658 0.686 0.715 0.743 0.771 0.798 0.824 0.851 0.871 0.886 0.880 0.874 0.870 0.867 0.867 0.868 0.872 0.878 0.885 0.895 0.906 0.920 1.139 1.394 1.661 1.940 2.232 2.535 2.850 3.178 3.517 3.869 4.232 4.608 4.904 5.197 5.498 5.809 6.129 6.458 6.796 7.143 7.499 7.864 8.238 8.621 8.861 9.067 9.258 9.435 9.597 9.744 9.877 9.995 10.099 10.188 10.263 10.322 10.344 10.350 10.344 10.326 10.296 10.254 10.200 10.133 10.055 9.965 9.863 9.748
0.664 0.692 0.720 0.752 0.780 0.804 0.825 0.842 0.856 0.866 0.873 0.876 0.876 0.876 0.879 0.884 0.890 0.899 0.909 0.922 0.937 0.953 0.972 0.992 1.212 1.509 1.819 2.140 2.474 2.819 3.177 3.547 3.928 4.322 4.728 5.146 5.491 5.815 6.148 6.491 6.842 7.203 7.572 7.950 8.338 8.734 9.140 9.554 9.789 9.943 10.083 10.209 10.320 10.416 10.498 10.565 10.618 10.656 10.679 10.688 10.669 10.633 10.585 10.525 10.453 10.369 10.273 10.184 10.132 10.096 10.075 10.069
0.777 0.803 0.825 0.844 0.860 0.872 0.880 0.885 0.887 0.885 0.879 0.870 0.869 0.877 0.886 0.898 0.911 0.927 0.945 0.964 0.986 1.009 1.035 1.062 1.272 1.611 1.963 2.327 2.703 3.090 3.490 3.902 4.326 4.762 5.210 5.670 6.067 6.423 6.788 7.162 7.545 7.937 8.338 8.748 9.167 9.595 10.032 10.477 10.729 10.833 10.922 10.996 11.056 11.101 11.132 11.148 11.150 11.137 11.110 11.068 10.982 10.877 10.786 10.712 10.652 10.608 10.579 10.565 10.567 10.584 10.616 10.664
0.910 0.924 0.934 0.941 0.944 0.944 0.940 0.932 0.921 0.907 0.889 0.867 0.860 0.875 0.891 0.910 0.930 0.953 0.978 1.004 1.033 1.063 1.096 1.130 1.319 1.701 2.095 2.501 2.919 3.349 3.791 4.245 4.711 5.189 5.679 6.182 6.634 7.021 7.418 7.823 8.237 8.661 9.093 9.535 9.985 10.444 10.913 11.390 11.683 11.735 11.773 11.797 11.806 11.694 11.531 11.389 11.268 11.167 11.087 11.028 10.975 10.923 10.887 10.865 10.859 10.868 10.892 10.932 10.987 11.057 11.142 11.243
1.048 1.049 1.047 1.041 1.032 1.019 1.003 0.983 0.960 0.933 0.903 0.869 0.849 0.871 0.894 0.920 0.947 0.977 1.008 1.042 1.077 1.115 1.154 1.196 1.353 1.777 2.213 2.661 3.122 3.594 4.078 4.574 5.083 5.603 6.135 6.680 7.190 7.609 8.037 8.474 8.920 9.375 9.838 10.311 10.793 11.284 11.595 11.836 11.932 11.738 11.565 11.413 11.282 11.170 11.080 11.010 10.961 10.932 10.924 10.937 10.954 10.955 10.972 11.004 11.051 11.113 11.190 11.283 11.391 11.515 11.654 11.807
1.189 1.178 1.163 1.145 1.123 1.098 1.070 1.038 1.002 0.963 0.920 0.874 0.836 0.864 0.895 0.927 0.962 0.998 1.037 1.077 1.120 1.164 1.211 1.259 1.374 1.841 2.319 2.809 3.312 3.826 4.353 4.891 5.442 6.004 6.578 7.165 7.737 8.187 8.646 8.946 9.216 9.478 9.732 9.978 10.216 10.446 10.668 10.882 11.029 10.908 10.807 10.727 10.667 10.628 10.609 10.611 10.634 10.677 10.741 10.825 10.918 10.972 11.042 11.127 11.227 11.343 11.474 11.620 11.781 11.958 12.149 12.357
1.334 1.310 1.283 1.253 1.219 1.181 1.140 1.096 1.048 0.996 0.941 0.883 0.821 0.856 0.894 0.933 0.975 1.018 1.063 1.111 1.160 1.212 1.265 1.320 1.383 1.892 2.412 2.945 3.489 4.046 4.614 5.193 5.668 6.132 6.584 7.024 7.448 7.714 7.972 8.223 8.465 8.699 8.925 9.144 9.354 9.556 9.751 9.937 10.107 10.058 10.029 10.020 10.033 10.065 10.119 10.193 10.287 10.403 10.538 10.694 10.867 10.975 11.098 11.236 11.389 11.558 11.742 11.941 12.156 12.385 12.630 12.890
1.494 1.446 1.407 1.364 1.318 1.268 1.215 1.158 1.097 1.034 0.966 0.895 0.821 0.846 0.890 0.937 0.985 1.035 1.088 1.142 1.199 1.257 1.317 1.380 1.441 1.894 2.399 2.893 3.375 3.845 4.303 4.749 5.183 5.605 6.015 6.414 6.800 7.055 7.286 7.508 7.723 7.929 8.128 8.319 8.501 8.676 8.842 9.001 9.152 9.188 9.231 9.295 9.379 9.484 9.609 9.755 9.921 10.108 10.316 10.544 10.792 10.962 11.138 11.330 11.536 11.758 11.995 12.248 12.515 12.798 13.096 13.409
1.661 1.586 1.534 1.479 1.420 1.358 1.293 1.223 1.151 1.075 0.995 0.912 0.825 0.833 0.884 0.938 0.993 1.052 1.111 1.165 1.214 1.258 1.298 1.333 1.364 1.712 2.177 2.629 3.069 3.497 3.914 4.318 4.711 5.092 5.460 5.817 6.162 6.405 6.608 6.803 6.990 7.169 7.339 7.502 7.657 7.804 7.943 8.074 8.198 8.300 8.415 8.550 8.706 8.882 9.080 9.297 9.535 9.794 10.073 10.373 10.693 10.935 11.164 11.409 11.669 11.943 12.234 12.539 12.860 13.195 13.546 13.913
1.837 1.729 1.665 1.598 1.527 1.452 1.374 1.293 1.208 1.119 1.063 1.009 0.906 0.879 0.941 0.997 1.049 1.095 1.138 1.175 1.208 1.236 1.260 1.278 1.292 1.544 1.966 2.377 2.776 3.163 3.537 3.900 4.251 4.591 4.918 5.233 5.536 5.764 5.939 6.106 6.266 6.417 6.560 6.695 6.823 6.942 7.054 7.157 7.252 7.392 7.578 7.786 8.013 8.262 8.531 8.820 9.130 9.460 9.811 10.182 10.574 10.893 11.176 11.473 11.786 12.114 12.457 12.815 13.189 13.578 13.982 14.401
2.021 1.876 1.800 1.869 1.987 2.055 2.075 2.045 1.967 1.840 1.663 1.438 1.164 0.994 1.039 1.078 1.114 1.144 1.170 1.191 1.207 1.219 1.226 1.228 1.226 1.388 1.769 2.138 2.495 2.840 3.174 3.495 3.805 4.103 4.388 4.662 4.924 5.132 5.279 5.419 5.551 5.674 5.790 5.897 5.997 6.089 6.173 6.249 6.316 6.465 6.723 7.002 7.302 7.622 7.962 8.323 8.705 9.107 9.529 9.972 10.436 10.837 11.172 11.523 11.888 12.269 12.665 13.077 13.428 13.656 13.871 14.074
3.569 3.686 3.730 3.724 3.670 3.567 3.414 3.213 2.963 2.664 2.316 1.919 1.473 1.113 1.141 1.165 1.184 1.198 1.207 1.212 1.212 1.207 1.197 1.183 1.164 1.244 1.584 1.911 2.227 2.531 2.823 3.103 3.371 3.627 3.872 4.104 4.325 4.509 4.629 4.741 4.844 4.940 5.028 5.109 5.181 5.245 5.301 5.349 5.390 5.518 5.848 6.199 6.570 6.962 7.374 7.807 8.260 8.733 9.227 9.742 10.277 10.719 10.991 11.250 11.497 11.731 11.953 12.163 12.360 12.545 12.717 12.877
5.775 5.936 5.808 5.630 5.404 5.129 4.806 4.433 4.011 3.540 3.021 2.453 1.835 1.238 1.249 1.256 1.259 1.256 1.249 1.237 1.221 1.200 1.174 1.143 1.108 1.113 1.411 1.698 1.972 2.234 2.485 2.723 2.950 3.165 3.368 3.559 3.738 3.894 3.987 4.071 4.147 4.216 4.276 4.329 4.373 4.410 4.438 4.459 4.472 4.553 4.955 5.377 5.820 6.283 6.809 7.348 7.859 8.342 8.797 9.224 9.623 9.966 10.194 10.411 10.614 10.806 10.985 11.151 11.305 11.447 11.576 11.693
