DATA/SHG/ECMWF/20170628/EN-24/20170705.en-24.asc
ncols        190
nrows        64
xllcorner    -5100000.000000000000
yllcorner    4130000.000000000000
cellsize     10000.000000000000
NODATA_value  -99999.000
[rows 0 to 31 of 64, columns 73 to 145 of 190]
7.860 8.174 8.505 8.855 9.222 9.608 10.011 10.433 10.639 10.259 9.866 9.496 9.150 8.829 8.532 8.259 8.010 7.785 7.585 7.408 7.309 7.370 7.403 7.426 7.441 7.445 7.441 7.427 7.404 7.371 7.329 7.278 7.350 7.836 8.299 8.740 9.159 9.554 9.927 10.278 10.606 10.911 11.193 11.453 11.504 10.968 10.433 9.898 9.363 8.829 8.296 7.763 7.231 6.699 6.167 5.636 5.194 5.011 4.827 4.641 4.454 4.266 4.076 3.885 3.693 3.499 3.304 3.107 2.912 2.730 2.557 2.391 2.234
8.301 8.677 9.043 9.395 9.740 10.076 10.405 10.726 10.922 10.589 10.279 9.994 9.733 9.496 9.283 9.094 8.930 8.789 8.673 8.581 8.523 8.542 8.533 8.514 8.486 8.449 8.402 8.346 8.281 8.206 8.122 8.029 7.983 8.368 8.730 9.070 9.388 9.682 9.954 10.204 10.430 10.635 10.816 10.975 11.028 10.495 9.961 9.428 8.896 8.364 7.833 7.302 6.772 6.242 5.712 5.184 4.702 4.513 4.323 4.131 3.938 3.744 3.548 3.351 3.153 2.953 2.751 2.549 2.353 2.208 2.070 1.941 1.820
8.667 9.007 9.340 9.665 9.982 10.291 10.592 10.885 11.145 10.896 10.671 10.470 10.293 10.140 10.011 9.907 9.826 9.770 9.738 9.730 9.746 9.723 9.672 9.611 9.541 9.462 9.373 9.275 9.167 9.050 8.924 8.789 8.644 8.924 9.186 9.424 9.641 9.834 10.005 10.154 10.280 10.383 10.464 10.522 10.553 10.021 9.490 8.960 8.429 7.900 7.370 6.842 6.313 5.785 5.258 4.731 4.213 4.018 3.822 3.624 3.425 3.224 3.022 2.819 2.615 2.409 2.201 1.993 1.867 1.911 1.947 1.975 1.995
9.026 9.339 9.644 9.941 10.231 10.512 10.786 11.052 11.310 11.180 11.039 10.922 10.830 10.761 10.717 10.696 10.700 10.727 10.779 10.855 10.955 10.913 10.820 10.717 10.605 10.483 10.352 10.212 10.063 9.904 9.736 9.558 9.371 9.504 9.665 9.803 9.918 10.011 10.081 10.129 10.154 10.156 10.136 10.094 10.029 9.549 9.019 8.491 7.963 7.435 6.908 6.381 5.855 5.329 4.804 4.279 3.755 3.525 3.322 3.177 3.094 3.022 2.960 2.907 2.865 2.833 2.811 2.799 2.797 2.804 2.804 2.795 2.778
9.392 9.677 9.955 10.225 10.487 10.741 10.987 11.225 11.456 11.442 11.385 11.353 11.344 11.359 11.399 11.463 11.550 11.662 11.798 11.958 12.141 12.112 11.976 11.831 11.677 11.514 11.341 11.159 10.967 10.766 10.556 10.337 10.108 10.108 10.168 10.205 10.220 10.212 10.181 10.128 10.052 9.954 9.833 9.690 9.524 9.076 8.549 8.022 7.496 6.971 6.483 6.034 5.594 5.165 4.745 4.335 3.936 3.802 3.744 3.696 3.659 3.631 3.614 3.606 3.609 3.621 3.644 3.677 3.720 3.704 3.667 3.621 3.567
9.764 10.022 10.273 10.515 10.749 10.976 11.195 11.406 11.609 11.681 11.709 11.760 11.835 11.935 12.058 12.206 12.378 12.573 12.793 13.037 13.304 13.319 13.142 12.955 12.759 12.554 12.339 12.115 11.881 11.638 11.386 11.125 10.854 10.736 10.695 10.631 10.545 10.437 10.305 10.152 9.975 9.771 9.565 9.365 9.172 8.804 8.349 7.904 7.469 7.044 6.628 6.223 5.828 5.443 5.067 4.702 4.346 4.221 4.208 4.205 4.212 4.229 4.256 4.294 4.341 4.399 4.466 4.544 4.631 4.611 4.537 4.455 4.364
10.144 10.374 10.597 10.812 11.019 11.218 11.410 11.593 11.769 11.898 12.009 12.145 12.304 12.488 12.695 12.927 13.182 13.462 13.765 14.093 14.444 14.536 14.316 14.088 13.850 13.602 13.345 13.079 12.804 12.519 12.225 11.922 11.517 11.179 10.949 10.725 10.509 10.299 10.095 9.899 9.709 9.525 9.349 9.179 9.015 8.717 8.307 7.906 7.515 7.134 6.763 6.402 6.051 5.710 5.379 5.058 4.747 4.628 4.660 4.702 4.754 4.816 4.888 4.970 5.062 5.164 5.277 5.399 5.531 5.525 5.414 5.295 5.168
10.530 10.733 10.928 11.116 11.296 11.467 11.631 11.788 11.936 12.093 12.288 12.507 12.750 13.018 13.309 13.624 13.964 14.327 14.714 15.125 15.561 15.761 15.500 15.042 14.522 14.019 13.534 13.066 12.616 12.184 11.769 11.371 10.992 10.688 10.488 10.294 10.107 9.927 9.753 9.586 9.426 9.273 9.126 8.985 8.852 8.621 8.254 7.898 7.551 7.214 6.888 6.571 6.264 5.967 5.680 5.403 5.136 5.025 5.102 5.188 5.285 5.392 5.508 5.635 5.772 5.919 6.076 6.243 6.420 6.446 6.299 6.143 5.979
10.923 11.099 11.266 11.427 11.579 11.723 11.860 11.989 12.110 12.265 12.544 12.847 13.174 13.525 13.900 14.240 14.357 14.468 14.572 14.669 14.759 14.728 14.251 13.791 13.349 12.925 12.519 12.129 11.758 11.404 11.067 10.749 10.447 10.191 10.020 9.856 9.699 9.549 9.405 9.267 9.137 9.013 8.896 8.785 8.681 8.513 8.191 7.879 7.576 7.284 7.001 6.729 6.466 6.213 5.970 5.738 5.515 5.411 5.532 5.664 5.805 5.956 6.118 6.289 6.471 6.662 6.864 7.076 7.297 7.374 7.190 6.998 6.797
11.322 11.471 11.611 11.744 11.869 11.986 12.095 12.197 12.229 12.159 12.293 12.420 12.541 12.655 12.763 12.864 12.958 13.046 13.127 13.201 13.269 13.302 12.903 12.522 12.159 11.813 11.485 11.174 10.881 10.606 10.348 10.107 9.884 9.687 9.546 9.412 9.284 9.163 9.049 8.942 8.841 8.747 8.659 8.578 8.504 8.396 8.118 7.850 7.591 7.343 7.105 6.876 6.658 6.449 6.250 6.061 5.882 5.786 5.952 6.128 6.314 6.510 6.716 6.932 7.158 7.395 7.641 7.897 8.163 8.309 8.088 7.859 7.622
11.729 11.763 11.682 11.594 11.499 11.398 11.290 11.175 11.053 10.928 11.039 11.144 11.242 11.333 11.418 11.496 11.567 11.632 11.690 11.742 11.786 11.848 11.538 11.235 10.951 10.683 10.434 10.201 9.987 9.789 9.610 9.448 9.303 9.176 9.065 8.961 8.863 8.772 8.687 8.609 8.538 8.473 8.416 8.364 8.320 8.268 8.034 7.810 7.596 7.392 7.197 7.013 6.839 6.674 6.519 6.374 6.240 6.150 6.361 6.581 6.812 7.053 7.303 7.564 7.835 8.116 8.406 8.707 9.018 9.250 8.993 8.728 8.454
10.857 10.759 10.654 10.543 10.425 10.300 10.169 10.030 9.886 9.734 9.793 9.875 9.950 10.019 10.080 10.136 10.184 10.226 10.261 10.290 10.312 10.351 10.155 9.931 9.724 9.535 9.364 9.210 9.074 8.955 8.853 8.770 8.703 8.655 8.578 8.503 8.435 8.373 8.318 8.270 8.229 8.194 8.165 8.144 8.129 8.120 7.940 7.760 7.590 7.430 7.280 7.139 7.009 6.888 6.778 6.677 6.586 6.505 6.759 7.024 7.299 7.584 7.880 8.185 8.500 8.825 9.161 9.506 9.808 10.028 9.688 9.397 9.156
9.883 9.762 9.634 9.499 9.358 9.210 9.055 8.894 8.726 8.551 8.555 8.614 8.666 8.712 8.751 8.783 8.809 8.828 8.840 8.846 8.846 8.861 8.754 8.608 8.480 8.369 8.276 8.201 8.143 8.102 8.079 8.073 8.085 8.115 8.084 8.039 8.000 7.968 7.943 7.924 7.912 7.907 7.908 7.916 7.931 7.952 7.836 7.700 7.574 7.458 7.352 7.255 7.169 7.092 7.025 6.969 6.922 6.885 7.145 7.412 7.636 7.865 8.099 8.338 8.581 8.830 9.083 9.342 9.605 9.873 9.779 9.707 9.683
8.917 8.772 8.621 8.463 8.299 8.128 7.950 7.765 7.573 7.375 7.325 7.361 7.390 7.413 7.429 7.439 7.442 7.438 7.428 7.411 7.387 7.380 7.335 7.268 7.218 7.185 7.171 7.173 7.193 7.231 7.286 7.359 7.449 7.556 7.583 7.568 7.559 7.557 7.561 7.572 7.589 7.614 7.645 7.682 7.726 7.777 7.721 7.629 7.547 7.475 7.378 7.250 7.128 7.012 6.902 6.798 6.699 6.607 6.767 7.008 7.254 7.505 7.761 8.021 8.287 8.557 8.832 9.112 9.397 9.687 9.822 9.967 10.161
7.959 7.791 7.617 7.435 7.248 7.053 6.852 6.644 6.429 6.208 6.103 6.116 6.122 6.122 6.115 6.102 6.082 6.056 6.023 5.983 5.936 5.906 5.899 5.910 5.938 5.984 6.047 6.128 6.226 6.342 6.475 6.625 6.794 6.979 7.076 7.090 7.111 7.138 7.172 7.213 7.260 7.291 7.301 7.309 7.315 7.320 7.244 7.119 7.000 6.887 6.779 6.678 6.582 6.492 6.408 6.330 6.257 6.191 6.338 6.600 6.868 7.141 7.418 7.700 7.988 8.280 8.577 8.878 9.185 9.497 9.816 10.178 10.590
7.008 6.817 6.619 6.415 6.204 5.986 5.762 5.531 5.293 5.048 4.888 4.878 4.862 4.839 4.809 4.773 4.731 4.681 4.625 4.563 4.494 4.441 4.445 4.534 4.640 4.764 4.905 5.064 5.240 5.434 5.645 5.874 6.125 6.375 6.523 6.537 6.549 6.560 6.569 6.576 6.582 6.586 6.589 6.590 6.589 6.588 6.537 6.438 6.345 6.257 6.176 6.100 6.031 5.967 5.909 5.856 5.810 5.769 5.903 6.188 6.477 6.772 7.071 7.375 7.684 7.998 8.316 8.640 8.968 9.301 9.761 10.341 10.970
6.065 5.851 5.630 5.402 5.168 4.927 4.680 4.425 4.164 3.896 3.681 3.648 3.609 3.564 3.511 3.452 3.387 3.315 3.236 3.151 3.059 2.983 2.973 3.218 3.519 3.809 4.088 4.356 4.613 4.859 5.094 5.317 5.529 5.731 5.869 5.876 5.881 5.885 5.887 5.887 5.886 5.884 5.880 5.874 5.867 5.858 5.824 5.751 5.684 5.623 5.567 5.518 5.474 5.436 5.404 5.377 5.357 5.342 5.465 5.771 6.082 6.398 6.719 7.045 7.376 7.711 8.051 8.397 8.747 9.102 9.657 10.454 11.301
5.130 4.892 4.648 4.398 4.140 3.876 3.605 3.327 3.043 2.752 2.481 2.426 2.364 2.296 2.221 2.152 2.239 2.329 2.419 2.511 2.605 2.701 2.816 3.079 3.331 3.572 3.802 4.020 4.228 4.424 4.610 4.784 4.947 5.099 5.217 5.217 5.215 5.212 5.208 5.201 5.193 5.184 5.173 5.161 5.146 5.131 5.106 5.059 5.018 4.982 4.953 4.929 4.912 4.900 4.894 4.893 4.899 4.910 5.022 5.350 5.683 6.020 6.363 6.710 7.063 7.420 7.782 8.149 8.521 8.897 9.504 10.519 11.582
4.202 3.942 3.674 3.400 3.120 2.832 2.538 2.238 1.954 1.787 1.622 1.702 1.789 1.878 1.967 2.059 2.151 2.246 2.341 2.438 2.537 2.638 2.742 2.953 3.155 3.347 3.527 3.697 3.855 4.002 4.139 4.264 4.378 4.481 4.568 4.561 4.552 4.542 4.531 4.518 4.503 4.487 4.469 4.450 4.429 4.406 4.382 4.362 4.346 4.337 4.334 4.336 4.344 4.358 4.378 4.404 4.435 4.472 4.574 4.924 5.278 5.638 6.002 6.371 6.745 7.124 7.508 7.896 8.290 8.688 9.303 10.535 11.815
3.282 3.027 2.849 2.673 2.501 2.331 2.165 2.002 1.843 1.686 1.533 1.587 1.679 1.773 1.868 1.964 2.062 2.161 2.262 2.364 2.468 2.575 2.683 2.839 2.992 3.135 3.266 3.386 3.495 3.593 3.680 3.756 3.821 3.875 3.918 3.907 3.892 3.875 3.857 3.837 3.815 3.792 3.768 3.742 3.714 3.685 3.654 3.659 3.670 3.686 3.709 3.737 3.771 3.811 3.857 3.909 3.966 4.029 4.122 4.493 4.870 5.251 5.637 6.028 6.423 6.824 7.229 7.639 8.054 8.474 9.054 10.502 11.999
3.006 2.835 2.668 2.503 2.342 2.184 2.029 1.877 1.729 1.583 1.441 1.471 1.568 1.667 1.767 1.868 1.971 2.076 2.182 2.289 2.398 2.510 2.624 2.738 2.842 2.935 3.017 3.088 3.148 3.197 3.235 3.262 3.277 3.282 3.276 3.256 3.234 3.211 3.185 3.159 3.130 3.101 3.069 3.036 3.002 2.966 2.928 2.951 2.988 3.031 3.079 3.133 3.193 3.259 3.331 3.408 3.492 3.581 3.676 4.059 4.456 4.859 5.267 5.679 6.097 6.519 6.946 7.378 7.814 8.683 10.268 12.725 15.009
2.800 2.640 2.484 2.330 2.180 2.033 1.890 1.749 1.612 1.477 1.346 1.353 1.456 1.559 1.665 1.771 1.880 1.989 2.100 2.213 2.327 2.444 2.563 2.649 2.704 2.748 2.781 2.803 2.814 2.814 2.802 2.780 2.747 2.702 2.647 2.608 2.579 2.549 2.517 2.483 2.448 2.411 2.373 2.333 2.292 2.249 2.205 2.238 2.301 2.369 2.444 2.524 2.610 2.702 2.799 2.903 3.012 3.127 3.248 3.619 4.198 5.109 6.158 7.345 8.671 10.135 11.738 13.478 15.358 17.375 19.531 21.252 22.770
2.591 2.443 2.297 2.155 2.016 1.880 1.748 1.618 1.492 1.369 1.249 1.234 1.342 1.451 1.561 1.673 1.786 1.901 2.017 2.135 2.254 2.376 2.501 2.573 2.579 2.574 2.558 2.531 2.492 2.443 2.383 2.311 2.229 2.135 2.031 1.962 1.927 1.889 1.850 1.810 1.768 1.725 1.680 1.633 1.585 1.535 1.484 1.520 1.609 1.703 1.803 1.983 2.297 2.640 3.011 3.410 3.838 4.293 4.777 5.841 7.226 8.750 10.412 12.212 14.151 16.228 18.443 20.797 23.288 25.918 28.686 29.940 30.692
2.380 2.243 2.108 1.977 1.849 1.724 1.603 1.485 1.369 1.257 1.149 1.114 1.227 1.341 1.457 1.574 1.692 1.812 1.933 2.056 2.181 2.308 2.437 2.509 2.466 2.412 2.347 2.271 2.183 2.085 1.976 1.855 1.724 1.581 1.428 1.319 1.276 1.232 1.187 1.140 1.091 1.040 1.048 1.144 1.229 1.303 1.367 1.556 1.883 2.238 2.621 3.032 3.472 3.939 4.435 4.959 5.512 6.092 6.700 8.111 10.109 12.245 14.520 16.933 19.484 22.173 25.000 27.966 31.069 34.311 37.691 38.787 38.775
2.166 2.040 1.916 1.796 1.680 1.566 1.455 1.348 1.244 1.143 1.045 0.993 1.111 1.230 1.351 1.473 1.597 1.722 1.848 1.976 2.106 2.238 2.373 2.458 2.366 2.263 2.149 2.023 1.887 1.740 1.581 1.412 1.232 1.105 1.088 1.124 1.247 1.359 1.460 1.551 1.631 1.701 1.760 1.809 1.847 1.874 1.891 2.075 2.527 3.007 3.515 4.051 4.615 5.208 5.828 6.477 7.154 7.859 8.592 10.236 12.846 15.595 18.482 21.506 24.669 27.970 31.409 34.987 38.702 42.555 46.546 47.794 47.017
1.949 1.834 1.722 1.613 1.507 1.405 1.305 1.209 1.116 1.026 0.940 0.871 0.994 1.118 1.244 1.371 1.500 1.630 1.762 1.895 2.029 2.167 2.307 2.420 2.304 2.232 2.172 2.124 2.088 2.064 2.051 2.051 2.063 2.086 2.122 2.175 2.251 2.316 2.370 2.414 2.447 2.470 2.482 2.484 2.475 2.456 2.426 2.564 3.140 3.745 4.378 5.039 5.728 6.445 7.190 7.964 8.765 9.595 10.453 12.216 15.438 18.799 22.297 25.933 29.708 33.620 37.671 41.859 46.185 50.650 55.252 56.960 55.419
1.730 1.626 1.525 1.427 1.332 1.241 1.152 1.067 0.985 0.907 0.831 0.759 0.875 1.005 1.136 1.268 1.424 1.707 1.965 2.196 2.400 2.569 2.706 2.823 2.795 2.776 2.769 2.774 2.791 2.819 2.860 2.912 2.977 3.053 3.141 3.236 3.264 3.283 3.290 3.287 3.274 3.250 3.215 3.170 3.114 3.048 2.971 3.022 3.723 4.452 5.210 5.995 6.809 7.651 8.521 9.419 10.345 11.299 12.282 14.051 17.885 21.857 25.966 30.214 34.600 39.123 43.784 48.583 53.520 58.595 63.808 66.285 63.981
1.508 1.415 1.325 1.238 1.154 1.074 0.997 0.923 0.852 0.827 0.984 1.169 1.468 1.766 2.037 2.282 2.500 2.692 2.857 2.996 3.108 3.184 3.228 3.252 3.273 3.307 3.352 3.410 3.479 3.561 3.654 3.759 3.876 4.005 4.146 4.299 4.289 4.260 4.220 4.171 4.110 4.039 3.958 3.866 3.763 3.650 3.527 3.449 4.275 5.129 6.011 6.922 7.860 8.826 9.821 10.843 11.894 12.972 14.079 15.742 20.187 24.770 29.490 34.348 39.345 44.479 49.750 55.160 60.707 66.392 72.215 75.770 72.703
1.283 1.201 1.155 1.208 1.290 1.401 1.542 1.712 1.911 2.140 2.397 2.684 2.937 3.142 3.321 3.474 3.600 3.699 3.772 3.819 3.839 3.822 3.774 3.704 3.736 3.823 3.921 4.032 4.154 4.288 4.434 4.592 4.762 4.943 5.137 5.343 5.323 5.247 5.161 5.064 4.957 4.839 4.711 4.572 4.423 4.263 4.093 3.912 4.797 5.775 6.782 7.817 8.879 9.970 11.089 12.236 13.411 14.614 15.845 17.288 22.344 27.537 32.868 38.337 43.943 49.687 55.569 61.588 67.746 74.040 80.473 85.414 81.585
1.506 1.602 1.727 1.882 2.066 2.279 2.521 2.792 3.093 3.423 3.782 4.171 4.427 4.541 4.628 4.688 4.722 4.729 4.710 4.665 4.593 4.484 4.342 4.179 4.186 4.325 4.476 4.639 4.814 5.001 5.200 5.410 5.633 5.867 6.113 6.372 6.367 6.245 6.112 5.968 5.814 5.650 5.475 5.289 5.093 4.887 4.669 4.442 5.288 6.391 7.522 8.681 9.868 11.083 12.327 13.598 14.897 16.225 17.580 18.963 24.356 30.160 36.101 42.179 48.396 54.749 61.241 67.870 74.636 81.540 88.582 94.434 88.017
1.847 2.045 2.272 2.528 2.813 3.127 3.471 3.844 4.246 4.678 5.138 5.628 5.940 5.961 5.956 5.924 5.866 5.782 5.671 5.533 5.369 5.167 4.933 4.677 4.622 4.814 5.017 5.233 5.461 5.700 5.951 6.215 6.490 6.777 7.076 7.386 7.422 7.253 7.073 6.883 6.682 6.471 6.249 6.016 5.774 5.520 5.257 4.982 5.749 6.976 8.232 9.515 10.826 12.166 13.533 14.929 16.352 17.804 19.283 20.791 26.224 32.637 39.010 44.948 50.689 56.235 61.584 66.736 71.692 76.452 81.016 85.383 80.195
2.160 2.459 2.788 3.145 3.532 3.948 4.393 4.867 5.371 5.904 6.466 7.057 7.475 7.404 7.307 7.183 7.033 6.857 6.654 6.424 6.168 5.874 5.546 5.198 5.043 5.288 5.545 5.813 6.093 6.385 6.689 7.005 7.332 7.672 8.023 8.387 8.486 8.271 8.044 7.807 7.560 7.302 7.033 6.754 6.465 6.165 5.854 5.533 6.179 7.531 8.910 10.318 11.754 13.227 14.733 16.239 17.744 19.249 20.755 22.259 26.679 32.143 37.412 42.484 47.360 52.040 56.523 60.811 64.902 68.797 72.496 75.999 72.255
