DATA/SHG/ECMWF/20170628/EN-24/20170702.en-24.asc
ncols        190
nrows        64
xllcorner    -5100000.000000000000
yllcorner    4130000.000000000000
cellsize     10000.000000000000
NODATA_value  -99999.000
[rows 32 to 63 of 64, columns 0 to 71 of 190]
14.291 14.639 14.580 14.434 14.241 14.000 13.713 13.378 12.996 12.566 12.089 11.565 10.994 10.375 10.419 10.452 10.437 10.373 10.260 10.098 9.887 9.628 9.319 8.962 8.555 8.100 8.129 8.138 8.118 8.069 7.991 7.885 7.750 7.585 7.393 7.171 6.921 6.642 6.409 6.176 5.943 5.711 5.480 5.249 5.018 4.789 4.560 4.511 4.552 4.607 4.750 4.888 5.023 5.153 5.280 5.403 5.521 5.636 5.747 5.854 5.956 6.061 6.213 6.353 6.481 6.596 6.699 6.790 6.868 6.934 6.988 7.029
18.086 18.570 18.489 18.177 17.818 17.411 16.957 16.456 15.908 15.313 14.670 13.980 13.243 12.459 12.219 12.082 11.895 11.660 11.376 11.043 10.662 10.231 9.751 9.223 8.646 8.020 7.859 7.767 7.646 7.497 7.319 7.112 6.877 6.612 6.319 5.997 5.646 5.267 5.015 4.784 4.737 4.743 4.759 4.784 4.820 4.865 4.920 4.985 5.059 5.143 5.269 5.393 5.514 5.631 5.743 5.852 5.957 6.058 6.155 6.248 6.337 6.422 6.530 6.627 6.712 6.784 6.844 6.892 6.927 6.950 6.961 6.959
21.833 22.453 22.445 21.967 21.441 20.869 20.249 19.583 18.869 18.107 17.299 16.443 15.541 14.591 14.070 13.761 13.404 12.998 12.543 12.039 11.487 10.885 10.235 9.536 8.788 7.991 7.619 7.427 7.206 6.956 6.678 6.371 6.035 6.251 6.301 6.127 5.729 5.106 4.911 4.931 4.962 5.002 5.051 5.111 5.180 5.260 5.349 5.447 5.556 5.674 5.791 5.901 6.008 6.111 6.210 6.305 6.396 6.483 6.567 6.646 6.721 6.792 6.858 6.912 6.954 6.984 7.001 7.005 6.998 6.978 6.946 6.901
25.531 26.288 26.447 25.803 25.112 24.374 23.589 22.756 21.876 20.950 19.975 18.954 17.886 16.770 15.971 15.491 14.963 14.386 13.760 13.086 12.363 11.590 10.770 9.900 8.982 8.072 8.794 9.631 10.244 10.633 10.797 10.737 10.453 9.945 9.213 8.256 7.075 5.670 5.057 5.112 5.176 5.250 5.334 5.428 5.531 5.644 5.767 5.900 6.042 6.194 6.316 6.413 6.506 6.595 6.680 6.761 6.839 6.912 6.981 7.047 7.108 7.166 7.198 7.209 7.208 7.195 7.169 7.131 7.080 7.017 6.942 6.855
29.182 30.074 30.496 29.687 28.830 27.926 26.975 25.977 24.932 23.839 22.700 21.513 20.279 18.998 17.921 17.271 16.572 15.825 15.201 15.435 15.714 16.038 16.407 16.821 17.280 17.783 18.193 18.247 18.076 17.682 17.064 16.222 15.155 13.865 12.351 10.612 8.650 6.464 5.194 5.282 5.381 5.489 5.606 5.734 5.871 6.018 6.175 6.342 6.518 6.704 6.844 6.928 7.007 7.082 7.154 7.221 7.284 7.344 7.400 7.451 7.499 7.543 7.549 7.517 7.473 7.417 7.348 7.267 7.174 7.068 6.950 6.820
32.784 33.812 34.592 33.617 32.595 31.525 30.409 29.245 28.035 26.777 25.472 24.243 23.443 22.889 22.658 22.867 23.122 23.421 23.766 24.155 24.589 25.069 25.593 26.162 26.776 27.435 27.813 27.084 26.132 24.955 23.555 21.931 20.083 18.011 15.715 13.196 10.452 7.485 5.320 5.442 5.575 5.717 5.868 6.030 6.201 6.382 6.573 6.773 6.984 7.204 7.376 7.445 7.511 7.572 7.630 7.684 7.733 7.779 7.821 7.859 7.893 7.923 7.912 7.837 7.750 7.651 7.540 7.416 7.280 7.131 6.970 6.797
36.338 37.503 38.706 37.594 36.127 34.464 33.047 31.875 30.950 30.270 29.835 29.647 29.704 30.007 30.542 30.907 31.317 31.771 32.271 32.816 33.406 34.040 34.720 35.444 36.213 37.028 37.655 36.144 34.410 32.452 30.270 27.865 25.235 22.383 19.306 16.006 12.482 8.734 5.436 5.593 5.759 5.935 6.120 6.316 6.521 6.736 6.960 7.195 7.439 7.693 7.911 7.967 8.018 8.066 8.110 8.150 8.186 8.218 8.246 8.270 8.290 8.306 8.286 8.168 8.039 7.897 7.742 7.576 7.397 7.206 7.104 7.036
36.816 37.096 37.338 36.311 35.260 34.454 33.895 33.580 33.512 33.689 34.111 34.779 35.693 36.852 38.257 38.887 39.453 40.063 40.718 41.418 42.163 42.953 43.787 44.667 45.591 46.560 47.575 45.426 42.911 40.171 37.209 34.023 30.613 26.980 23.123 19.042 14.738 10.211 5.542 5.733 5.933 6.143 6.362 6.591 6.830 7.079 7.338 7.606 7.884 8.172 8.449 8.491 8.529 8.563 8.593 8.619 8.641 8.660 8.674 8.684 8.691 8.693 8.671 8.691 8.763 8.796 8.789 8.742 8.656 8.531 8.365 8.160
34.298 34.449 34.562 34.319 34.125 34.177 34.474 35.016 35.804 36.837 38.116 39.640 41.410 43.425 45.685 46.810 47.530 48.296 49.106 49.961 50.861 51.806 52.796 53.830 54.910 56.034 57.203 54.930 51.634 48.114 44.371 40.405 36.215 31.802 27.165 22.305 17.222 11.915 6.385 5.863 6.097 6.340 6.594 6.857 7.130 7.412 7.705 8.007 8.318 8.640 8.971 9.019 9.043 9.063 9.079 9.092 10.308 11.532 12.310 12.644 12.533 11.977 10.978 10.952 10.887 10.782 10.637 10.453 10.229 9.966 9.663 9.320
31.824 31.846 31.831 32.061 32.724 33.631 34.785 36.183 37.827 39.716 41.850 44.230 46.855 49.725 52.840 54.674 55.550 56.470 57.436 58.446 59.501 60.601 61.745 62.935 64.169 65.448 66.772 64.655 60.579 56.280 51.757 47.011 42.041 36.849 31.433 25.794 19.932 13.846 7.537 5.982 6.250 6.528 6.815 7.112 7.419 7.735 8.061 8.397 8.743 11.389 14.759 17.313 19.214 20.670 21.681 22.248 22.370 22.048 21.281 20.070 18.414 16.314 13.769 13.249 13.046 12.803 12.521 12.199 11.838 11.437 10.997 10.517
29.394 29.287 29.143 29.537 31.055 32.819 34.828 37.082 39.581 42.325 45.314 48.548 52.028 55.752 59.722 62.480 63.511 64.587 65.707 66.872 68.082 69.336 70.636 71.980 73.369 74.803 76.282 74.603 69.747 64.668 59.366 53.840 48.092 42.121 35.926 29.509 22.868 16.004 8.917 6.092 6.394 6.705 8.580 10.869 13.465 16.366 19.573 23.086 26.905 31.029 35.460 37.522 37.877 37.787 37.253 36.275 34.852 32.986 30.675 27.919 24.720 21.076 16.989 15.581 15.240 14.860 14.440 13.981 13.482 12.944 12.366 11.749
27.008 26.772 26.500 26.747 29.121 31.739 34.603 37.712 41.066 44.665 48.508 52.597 56.930 61.509 66.332 70.228 71.414 72.644 73.920 75.240 76.604 78.014 79.468 80.967 82.511 84.099 85.733 84.771 79.136 73.278 67.197 60.894 54.367 47.617 40.648 33.825 27.214 20.815 14.628 12.252 14.686 17.425 20.469 23.820 27.475 31.437 35.704 40.277 45.156 50.340 55.830 58.145 56.955 55.320 53.242 50.720 47.754 44.343 40.489 36.191 31.449 26.264 20.634 17.948 17.470 16.952 16.395 15.798 15.162 14.487 13.772 13.017
24.665 24.301 23.900 23.691 26.920 30.393 34.112 38.075 42.282 46.735 51.432 56.375 61.562 66.993 72.670 77.919 79.259 80.644 82.074 83.549 85.068 86.633 88.241 89.895 91.593 93.337 95.124 94.988 87.416 80.056 72.907 65.971 59.246 52.733 46.432 40.342 34.465 28.799 23.345 20.636 24.130 27.930 32.035 36.445 41.161 46.182 51.509 57.141 63.079 69.322 75.871 79.182 76.448 73.270 69.648 65.583 61.074 56.121 50.725 44.885 38.602 31.875 24.704 20.350 19.735 19.080 18.385 17.651 16.878 16.065 15.213 14.321
22.367 21.874 21.345 20.779 24.453 28.781 33.353 38.170 43.231 48.537 54.087 59.883 65.922 72.207 78.736 85.509 87.046 88.586 90.171 91.800 93.095 93.183 93.379 93.684 94.098 94.619 95.249 95.413 88.575 81.949 75.534 69.331 63.340 57.560 51.992 46.636 41.491 36.558 31.837 28.699 33.253 38.112 43.277 48.747 54.522 60.602 66.988 73.679 80.675 87.976 95.583 100.633 96.356 91.635 86.471 80.864 74.813 68.319 61.382 54.001 46.177 37.910 29.199 22.788 22.035 21.243 20.411 19.540 18.629 17.679 16.690 15.661
20.112 19.491 18.833 18.139 21.721 26.902 32.327 37.997 43.911 50.070 56.473 63.121 70.013 76.665 82.366 87.955 88.772 88.805 88.945 89.194 89.552 90.017 90.591 91.273 92.063 92.961 93.968 95.083 89.515 83.622 77.941 72.471 67.212 62.165 57.330 52.706 48.294 44.093 40.104 36.441 42.054 47.972 54.196 60.724 67.558 74.697 82.140 89.889 97.943 106.302 114.966 122.497 116.678 110.416 103.710 96.562 88.971 80.937 72.459 63.539 54.175 44.369 34.119 25.261 24.371 23.441 22.472 21.464 20.417 19.329 18.203 17.037
17.901 17.152 16.366 15.543 18.724 24.758 30.962 37.061 43.048 48.922 54.684 60.334 65.871 71.296 76.608 81.809 83.610 84.020 84.538 85.164 85.898 86.741 87.691 88.750 89.917 91.192 92.575 94.066 90.235 85.075 80.126 75.389 70.863 66.549 62.445 58.554 54.873 51.404 48.146 45.100 50.534 57.510 64.792 72.379 80.270 88.466 96.968 105.774 114.884 124.300 134.021 144.046 137.414 129.611 121.366 112.678 103.547 93.973 83.957 73.497 62.595 51.251 39.463 27.769 26.741 25.675 24.569 23.424 22.239 21.015 19.752 18.449
16.077 15.476 14.884 14.300 16.681 22.616 28.439 34.149 39.747 45.233 50.606 55.867 61.016 66.052 70.977 75.788 78.340 79.126 80.021 81.024 82.135 83.354 84.681 86.116 87.660 89.311 91.071 92.938 90.736 86.308 82.092 78.087 74.293 70.710 67.339 64.178 61.229 58.492 55.965 53.650 58.692 66.727 75.066 83.710 92.659 101.912 111.470 121.332 131.499 141.971 152.748 163.829 158.564 149.222 139.437 129.210 118.540 107.428 95.874 83.877 71.437 58.555 45.231 31.464 29.148 27.902 26.216 24.570 22.963 21.396 19.870 18.383
15.482 14.909 14.346 13.790 15.060 20.606 26.040 31.361 36.571 41.668 46.653 51.526 56.286 60.934 65.470 69.894 72.960 74.123 75.395 76.774 78.262 79.857 81.560 83.372 85.291 87.319 89.455 91.698 91.018 87.322 83.837 80.564 77.502 74.650 72.010 69.581 67.363 65.356 63.560 61.975 66.530 75.622 85.018 94.718 104.724 115.033 125.647 136.566 147.789 159.316 171.148 183.284 180.128 169.247 157.924 146.159 133.951 121.302 107.787 91.872 76.407 61.391 46.826 32.711 28.327 26.738 25.190 23.681 22.212 20.782 19.393 18.043
14.878 14.335 13.799 13.272 13.561 18.719 23.764 28.698 33.519 38.228 42.824 47.309 51.682 55.942 60.090 64.126 67.471 69.011 70.659 72.415 74.278 76.250 78.329 80.517 82.812 85.216 87.727 90.347 91.081 88.117 85.363 82.821 80.489 78.369 76.460 74.761 73.274 71.997 70.931 70.077 74.048 84.196 94.648 105.405 116.466 127.831 139.500 151.474 163.752 176.334 189.221 201.209 195.295 178.235 161.625 145.465 129.755 114.495 99.684 85.323 71.412 57.951 44.939 32.377 26.990 25.539 24.127 22.756 21.424 20.132 18.880 17.667
14.267 13.752 13.244 12.745 12.254 16.955 21.612 26.157 30.591 34.912 39.120 43.217 47.202 51.075 54.835 58.484 61.874 63.790 65.814 67.945 70.185 72.533 74.988 77.551 80.222 83.002 85.889 88.883 90.925 88.692 86.669 84.858 83.257 81.867 80.688 79.719 78.962 78.415 78.079 77.954 81.245 92.449 103.957 115.769 126.918 135.464 143.685 151.582 159.155 166.403 173.327 179.927 177.441 161.936 146.881 132.276 118.120 104.413 91.156 78.349 65.991 54.082 42.623 31.614 25.616 24.302 23.028 21.794 20.599 19.445 18.329 17.254
13.648 13.161 12.682 12.211 11.748 15.314 19.584 23.741 27.786 31.720 35.541 39.250 42.847 46.332 49.706 52.967 56.116 58.459 60.859 63.367 65.982 68.705 71.536 74.475 77.522 80.676 83.939 87.309 90.551 89.048 87.756 86.675 85.804 85.144 84.695 84.456 84.428 83.973 82.405 80.835 80.856 89.580 97.980 106.055 113.806 121.234 128.337 135.116 141.570 147.701 153.507 158.990 159.168 145.218 131.717 118.665 106.062 93.909 82.204 70.949 60.143 49.787 39.879 30.421 24.207 23.030 21.893 20.796 19.738 18.721 17.743 16.804
13.020 12.561 12.111 11.668 11.234 13.797 17.678 21.448 25.106 28.652 32.085 35.407 38.617 41.715 44.701 47.575 50.338 53.020 55.795 58.679 61.669 64.768 67.974 71.289 74.711 78.240 81.878 85.623 89.476 89.186 88.174 86.618 85.059 83.497 81.932 80.364 78.793 77.218 75.641 74.060 72.557 80.162 87.444 94.401 101.034 107.343 113.329 118.990 124.328 129.341 134.031 138.396 140.478 128.080 116.132 104.633 93.582 82.981 72.828 63.125 53.870 45.064 36.707 28.799 22.761 21.721 20.721 19.761 18.841 17.960 17.119 16.318
12.385 11.954 11.532 11.117 10.711 12.402 15.896 19.278 22.549 25.707 28.754 31.689 34.512 37.223 39.822 42.310 44.685 47.472 50.623 53.881 57.247 60.721 64.303 67.840 71.181 74.420 77.557 80.592 83.526 83.064 81.502 79.936 78.367 76.795 75.220 73.641 72.060 70.475 68.887 67.297 65.703 71.082 77.245 83.085 88.601 93.793 98.661 103.206 107.427 111.324 114.897 118.147 121.072 110.524 100.128 90.180 80.681 71.630 63.028 54.875 47.171 39.915 33.108 26.749 21.279 20.376 19.513 18.690 17.907 17.163 16.459 15.794
11.741 11.339 10.945 10.559 10.181 11.130 14.237 17.232 20.115 22.887 25.547 28.095 30.531 32.855 35.068 37.169 39.388 42.366 45.966 49.464 52.861 56.156 59.349 62.441 65.430 68.318 71.105 73.789 76.372 76.414 74.841 73.265 71.686 70.104 68.519 66.930 65.338 63.744 62.146 60.545 58.941 62.337 67.384 72.106 76.506 80.581 84.333 87.762 90.867 93.648 96.106 98.240 100.051 92.549 83.704 75.306 67.358 59.857 52.805 46.202 40.047 34.340 29.081 24.271 19.910 18.995 18.269 17.583 16.936 16.329 15.762 15.234
11.090 10.715 10.349 9.991 9.642 9.980 12.700 15.309 17.805 20.363 22.921 25.404 27.813 30.148 32.408 34.594 36.706 39.184 42.433 45.581 48.626 51.570 54.413 57.154 59.793 62.330 64.766 67.100 69.332 69.775 68.192 66.606 65.017 63.425 61.829 60.230 58.629 57.024 55.416 53.804 52.190 53.929 57.859 61.466 64.749 67.709 70.345 72.658 74.648 76.314 77.657 78.676 79.372 74.156 66.860 60.013 53.613 47.662 42.159 37.104 32.497 28.339 24.628 21.366 18.551 17.578 16.989 16.439 15.929 15.459 15.028 14.637
10.430 10.084 9.878 9.720 9.573 9.614 12.212 14.735 17.184 19.559 21.860 24.087 26.239 28.317 30.321 32.251 34.106 36.114 39.012 41.809 44.504 47.097 49.589 51.979 54.268 56.455 58.540 60.524 62.406 63.148 61.555 59.959 58.359 56.757 55.151 53.542 51.930 50.315 48.697 47.076 45.451 45.857 48.671 51.162 53.330 55.174 56.696 57.894 58.769 59.321 59.549 59.455 59.037 55.344 49.598 44.299 39.448 35.045 31.090 27.583 24.524 21.912 19.748 18.032 16.764 16.124 15.672 15.259 14.886 14.732 14.675 14.651
10.738 10.597 10.466 10.346 10.238 10.140 12.258 14.525 16.718 18.836 20.881 22.851 24.747 26.568 28.316 29.989 31.588 33.154 35.702 38.148 40.492 42.735 44.877 46.917 48.855 50.692 52.427 54.061 55.593 56.532 54.929 53.322 51.713 50.100 48.484 46.865 45.243 43.618 41.990 40.358 38.724 38.120 39.819 41.195 42.248 42.978 43.385 43.469 43.230 42.668 41.783 40.575 39.045 36.115 31.917 28.166 24.863 22.007 19.599 17.638 16.125 15.060 15.068 15.298 15.534 15.586 15.509 15.467 15.458 15.485 15.545 15.640
11.238 11.134 11.042 10.960 10.889 10.829 12.385 14.396 16.332 18.194 19.982 21.695 23.335 24.900 26.392 27.809 29.152 30.421 32.503 34.598 36.593 38.485 40.276 41.966 43.554 45.041 46.427 47.710 48.893 49.928 48.314 46.698 45.078 43.455 41.829 40.200 38.568 36.932 35.294 33.652 32.008 30.718 31.303 31.564 31.503 31.119 30.413 29.383 28.031 26.356 24.358 22.038 19.394 16.468 13.817 13.579 13.791 14.008 14.231 14.458 14.691 14.929 15.172 15.420 15.673 15.832 15.873 15.949 16.059 16.203 16.382 16.595
11.725 11.659 11.604 11.561 11.528 11.506 12.592 14.346 16.026 17.632 19.163 20.621 22.004 23.314 24.549 25.710 26.797 27.810 29.415 31.160 32.804 34.347 35.788 37.128 38.366 39.503 40.539 41.473 42.306 43.037 41.711 40.084 38.454 36.821 35.185 33.546 31.903 30.258 28.609 26.958 25.303 23.651 23.122 22.270 21.095 19.598 17.778 15.636 15.006 14.616 14.222 13.825 13.425 13.108 13.328 13.552 13.782 14.017 14.258 14.503 14.753 15.009 15.270 15.536 15.807 16.044 16.204 16.398 16.626 16.888 17.185 17.516
12.199 12.171 12.155 12.149 12.154 12.170 12.879 14.377 15.800 17.150 18.425 19.627 20.754 21.808 22.787 23.692 24.524 25.281 26.437 27.833 29.127 30.320 31.411 32.401 33.290 34.077 34.764 35.348 35.832 36.214 35.119 33.482 31.842 30.199 28.552 26.903 25.250 23.595 21.936 20.274 18.609 17.845 17.424 17.043 16.658 16.269 15.878 15.483 15.084 14.682 14.277 13.869 13.457 13.042 13.279 13.521 13.769 14.022 14.280 14.543 14.811 15.084 15.363 15.646 15.935 16.224 16.502 16.814 17.160 17.540 17.955 18.404
12.661 12.671 12.692 12.724 12.767 12.822 13.246 14.487 15.655 16.749 17.768 18.714 19.585 20.383 21.106 21.756 22.332 22.833 23.570 24.616 25.561 26.404 27.146 27.786 28.326 28.764 29.101 29.336 29.470 29.503 28.538 26.891 25.241 23.587 22.852 22.144 21.443 20.749 20.062 19.382 18.709 18.043 17.576 17.183 16.786 16.386 15.983 15.576 15.166 14.753 14.336 13.916 13.492 13.065 13.224 13.485 13.750 14.021 14.296 14.577 14.863 15.154 15.451 15.752 16.059 16.370 16.766 17.196 17.660 18.159 18.691 19.258
13.110 13.158 13.217 13.287 13.368 13.460 13.692 14.678 15.590 16.427 17.191 17.881 18.497 19.039 19.507 19.901 20.221 20.467 20.814 21.511 22.106 22.599 22.992 23.283 23.473 23.562 23.575 24.239 24.911 25.594 25.679 24.967 24.262 23.564 22.873 22.189 21.513 20.843 20.180 19.524 18.876 18.234 17.732 17.327 16.918 16.507 16.092 15.673 15.251 14.826 14.398 13.966 13.530 13.092 13.165 13.443 13.726 14.015 14.308 14.607 14.911 15.219 15.533 15.853 16.177 16.506 16.997 17.545 18.127 18.744 19.395 20.079
