DATA/SHG/ECMWF/20170628/EN-44/20170711.en-44.asc
ncols        190
nrows        64
xllcorner    -5100000.000000000000
yllcorner    4130000.000000000000
cellsize     10000.000000000000
NODATA_value  -99999.000
[rows 0 to 32 of 64, columns 0 to 74 of 190]
6.897 7.292 7.698 8.116 8.546 8.987 9.440 9.904 10.380 10.296 10.021 9.732 9.430 9.114 8.785 8.442 8.086 7.716 7.333 6.862 6.374 6.003 5.694 5.403 5.127 4.868 4.624 4.398 4.187 3.993 3.815 3.653 3.508 3.413 3.336 3.250 3.154 3.048 2.932 2.807 2.672 2.528 2.373 2.209 2.036 1.913 1.836 1.755 1.670 1.581 1.486 1.388 1.285 1.178 1.066 0.950 0.829 0.771 0.791 0.812 0.833 0.855 0.877 0.900 0.922 0.946 0.970 0.994 1.018 1.027 1.010 0.991 0.972 0.953 0.932
7.624 8.059 8.507 8.965 9.436 9.918 10.411 10.916 11.433 11.448 11.125 10.788 10.255 9.727 9.211 8.707 8.214 7.733 7.264 6.806 6.360 6.016 5.766 5.531 5.313 5.111 4.925 4.755 4.602 4.465 4.344 4.240 4.152 4.063 3.952 3.831 3.701 3.560 3.411 3.251 3.082 2.904 2.715 2.517 2.310 2.144 2.052 1.955 1.854 1.749 1.640 1.525 1.407 1.284 1.157 1.025 0.889 0.800 0.822 0.845 0.867 0.890 0.914 0.938 0.962 0.987 1.012 1.038 1.064 1.079 1.059 1.038 1.016 0.994 0.971
8.336 8.812 9.301 9.800 10.280 10.619 10.940 11.242 11.525 11.428 10.907 10.397 9.899 9.412 8.937 8.474 8.023 7.583 7.155 6.739 6.334 6.013 5.820 5.642 5.481 5.337 5.208 5.096 5.000 4.920 4.856 4.809 4.778 4.721 4.576 4.421 4.257 4.082 3.899 3.705 3.502 3.289 3.066 2.834 2.593 2.379 2.271 2.159 2.043 1.922 1.797 1.667 1.533 1.394 1.251 1.104 0.952 0.829 0.853 0.877 0.901 0.925 0.950 0.976 1.002 1.028 1.055 1.082 1.271 1.469 1.606 1.731 1.844 1.946 2.035
8.687 9.036 9.366 9.676 9.968 10.242 10.496 10.731 10.948 10.937 10.456 9.988 9.531 9.086 8.652 8.230 7.820 7.421 7.034 6.659 6.296 5.993 5.856 5.736 5.633 5.545 5.474 5.419 5.380 5.357 5.351 5.360 5.386 5.389 5.210 5.021 4.822 4.614 4.395 4.168 3.931 3.684 3.427 3.161 2.885 2.618 2.495 2.368 2.236 2.099 1.958 1.813 1.663 1.509 1.351 1.188 1.020 0.858 0.883 0.908 0.946 1.134 1.326 1.522 1.722 1.926 2.134 2.346 2.562 2.781 2.879 2.962 3.034 3.094 3.142
8.664 8.946 9.209 9.453 9.678 9.885 10.073 10.242 10.391 10.433 9.994 9.567 9.151 8.747 8.354 7.974 7.605 7.247 6.902 6.568 6.245 5.955 5.876 5.813 5.767 5.736 5.722 5.724 5.742 5.777 5.827 5.894 5.977 6.066 5.852 5.629 5.396 5.154 4.902 4.640 4.368 4.087 3.797 3.497 3.187 2.867 2.723 2.580 2.432 2.280 2.124 1.963 1.798 1.657 1.614 1.584 1.565 1.557 1.730 1.924 2.122 2.324 2.529 2.739 2.953 3.170 3.392 3.617 3.847 4.080 4.160 4.202 4.232 4.251 4.258
8.661 8.876 9.073 9.251 9.410 9.550 9.671 9.773 9.856 9.918 9.520 9.134 8.759 8.396 8.045 7.705 7.377 7.061 6.757 6.464 6.182 5.913 5.879 5.873 5.884 5.910 5.953 6.012 6.087 6.179 6.287 6.410 6.551 6.707 6.504 6.246 5.980 5.703 5.417 5.121 4.816 4.501 4.176 3.842 3.498 3.144 2.981 2.899 2.827 2.768 2.720 2.683 2.658 2.644 2.643 2.652 2.673 2.706 2.873 3.081 3.292 3.508 3.727 3.950 4.178 4.409 4.644 4.883 5.126 5.373 5.451 5.452 5.441 5.418 5.383
8.679 8.828 8.958 9.069 9.162 9.235 9.290 9.326 9.343 9.341 9.034 8.689 8.356 8.034 7.724 7.425 7.138 6.863 6.600 6.348 6.107 5.879 5.864 5.916 5.983 6.067 6.167 6.283 6.415 6.564 6.728 6.909 7.106 7.319 7.164 6.873 6.572 6.261 5.941 5.581 5.216 4.877 4.564 4.276 4.014 3.777 3.674 3.632 3.601 3.581 3.574 3.577 3.593 3.619 3.658 3.708 3.769 3.842 4.010 4.232 4.457 4.686 4.919 5.156 5.397 5.642 5.890 6.143 6.400 6.661 6.752 6.711 6.658 6.593 6.517
8.718 8.800 8.864 8.909 8.935 8.942 8.930 8.899 8.850 8.782 8.537 8.233 7.940 7.659 7.390 7.133 6.887 6.653 6.430 6.219 6.020 5.833 5.833 5.941 6.066 6.206 6.363 6.536 6.726 6.931 7.153 7.390 7.547 7.657 7.439 7.036 6.659 6.307 5.981 5.681 5.406 5.157 4.934 4.736 4.564 4.417 4.354 4.352 4.361 4.382 4.415 4.459 4.515 4.582 4.660 4.750 4.852 4.965 5.142 5.377 5.616 5.859 6.105 6.356 6.610 6.869 7.131 7.398 7.668 7.942 8.061 7.979 7.885 7.779 7.661
8.777 8.793 8.791 8.769 8.728 8.669 8.591 8.494 8.379 8.244 8.027 7.764 7.513 7.273 7.045 6.829 6.624 6.431 6.249 6.079 5.921 5.774 5.784 5.950 6.131 6.327 6.505 6.663 6.802 6.921 7.020 7.100 7.160 7.201 7.062 6.749 6.462 6.201 5.965 5.754 5.570 5.411 5.277 5.169 5.087 5.031 5.022 5.060 5.110 5.171 5.244 5.328 5.424 5.531 5.650 5.780 5.922 6.075 6.268 6.517 6.769 7.026 7.286 7.550 7.819 8.091 8.367 8.647 8.931 9.218 9.380 9.256 9.121 8.974 8.815
8.858 8.807 8.738 8.650 8.543 8.418 8.273 8.110 7.928 7.728 7.506 7.284 7.074 6.875 6.688 6.513 6.349 6.202 6.110 6.037 5.983 5.947 5.999 6.166 6.314 6.443 6.552 6.641 6.711 6.761 6.792 6.803 6.794 6.766 6.660 6.437 6.240 6.068 5.922 5.802 5.707 5.638 5.594 5.576 5.584 5.617 5.677 5.755 5.845 5.947 6.060 6.184 6.320 6.468 6.627 6.797 6.979 7.173 7.389 7.651 7.917 8.187 8.461 8.739 9.021 9.307 9.596 9.890 10.187 10.489 10.708 10.543 10.366 10.178 9.977
8.958 8.842 8.706 8.552 8.379 8.187 7.977 7.747 7.499 7.232 6.980 6.823 6.685 6.566 6.465 6.383 6.320 6.275 6.249 6.241 6.252 6.281 6.341 6.440 6.519 6.579 6.619 6.639 6.640 6.622 6.584 6.526 6.449 6.352 6.232 6.099 5.992 5.910 5.854 5.824 5.819 5.839 5.885 5.957 6.055 6.177 6.320 6.438 6.569 6.710 6.863 7.028 7.204 7.392 7.591 7.802 8.024 8.257 8.505 8.780 9.060 9.344 9.631 9.922 10.218 10.517 10.820 11.128 11.439 11.754 12.045 11.839 11.621 11.391 11.046
9.080 8.897 8.695 8.451 8.182 7.912 7.641 7.370 7.099 6.828 6.574 6.483 6.411 6.357 6.322 6.305 6.307 6.328 6.367 6.424 6.501 6.595 6.703 6.733 6.744 6.735 6.706 6.658 6.590 6.503 6.396 6.270 6.124 5.959 5.779 5.736 5.718 5.726 5.760 5.819 5.904 6.014 6.150 6.312 6.499 6.711 6.949 7.109 7.279 7.461 7.654 7.859 8.075 8.303 8.542 8.793 9.055 9.329 9.614 9.904 10.197 10.494 10.795 11.100 11.409 11.722 12.039 12.204 12.254 12.307 12.362 11.927 11.458 10.998 10.547
8.874 8.604 8.333 8.063 7.792 7.521 7.249 6.978 6.706 6.433 6.160 6.124 6.117 6.129 6.159 6.208 6.275 6.361 6.465 6.588 6.730 6.890 7.068 7.047 6.989 6.911 6.814 6.697 6.561 6.405 6.229 6.035 5.820 5.586 5.333 5.346 5.419 5.516 5.640 5.789 5.963 6.163 6.389 6.640 6.916 7.218 7.546 7.767 7.977 8.199 8.433 8.678 8.934 9.202 9.481 9.772 10.074 10.388 10.713 11.022 11.140 11.182 11.226 11.273 11.322 11.373 11.427 11.484 11.543 11.604 11.668 11.330 10.892 10.462 10.041
8.490 8.219 7.947 7.676 7.404 7.131 6.859 6.586 6.313 6.039 5.765 5.745 5.804 5.881 5.976 6.090 6.223 6.374 6.544 6.732 6.939 7.164 7.408 7.381 7.254 7.107 6.941 6.756 6.551 6.327 6.083 5.820 5.537 5.235 4.913 4.931 5.093 5.281 5.494 5.733 5.997 6.286 6.601 6.942 7.308 7.699 8.116 8.412 8.663 8.925 9.199 9.484 9.780 9.883 9.953 10.024 10.098 10.175 10.253 10.310 10.358 10.409 10.462 10.517 10.575 10.635 10.698 10.763 10.830 10.900 10.972 10.726 10.318 9.918 9.527
8.107 7.834 7.562 7.289 7.016 6.743 6.469 6.195 5.921 5.646 5.371 5.347 5.470 5.613 5.774 5.953 6.151 6.367 6.602 6.856 7.128 7.418 7.727 7.734 7.539 7.324 7.089 6.836 6.562 6.269 5.957 5.625 5.274 4.903 4.513 4.491 4.743 5.020 5.322 5.650 6.004 6.383 6.787 7.217 7.673 8.154 8.460 8.620 8.684 8.750 8.818 8.889 8.962 9.037 9.115 9.195 9.277 9.362 9.449 9.519 9.576 9.635 9.696 9.760 9.827 9.896 9.967 10.040 10.116 10.195 10.276 10.115 9.737 9.367 9.007
7.724 7.451 7.178 6.904 6.630 6.355 6.080 5.805 5.530 5.254 4.978 4.929 5.118 5.325 5.552 5.796 6.059 6.341 6.641 6.959 7.297 7.652 8.026 8.108 7.844 7.561 7.258 6.935 6.594 6.232 5.852 5.451 5.032 4.593 4.134 4.025 4.366 4.733 5.119 5.474 5.814 6.140 6.452 6.749 7.032 7.301 7.555 7.723 7.795 7.869 7.946 8.025 8.106 8.190 8.276 8.364 8.455 8.548 8.643 8.726 8.792 8.860 8.930 9.002 9.077 9.155 9.235 9.317 9.401 9.488 9.578 9.496 9.148 8.809 8.479
7.343 7.069 6.794 6.519 6.244 5.969 5.693 5.416 5.140 4.863 4.586 4.492 4.746 5.019 5.310 5.620 5.948 6.295 6.660 7.043 7.446 7.866 8.305 8.502 8.169 7.818 7.446 7.055 6.645 6.216 5.767 5.293 4.805 4.322 3.844 3.631 3.979 4.313 4.632 4.936 5.226 5.502 5.764 6.011 6.243 6.462 6.666 6.824 6.904 6.987 7.072 7.159 7.249 7.341 7.436 7.532 7.631 7.733 7.836 7.933 8.007 8.083 8.162 8.243 8.327 8.413 8.501 8.592 8.685 8.781 8.879 8.871 8.553 8.244 7.943
6.963 6.688 6.412 6.136 5.860 5.583 5.306 5.028 4.751 4.473 4.195 4.035 4.354 4.692 5.049 5.423 5.817 6.229 6.659 7.108 7.575 8.060 8.565 8.916 8.466 7.961 7.460 6.965 6.474 5.989 5.508 5.032 4.562 4.096 3.636 3.310 3.608 3.891 4.160 4.414 4.654 4.880 5.091 5.288 5.470 5.638 5.792 5.924 6.013 6.104 6.197 6.293 6.391 6.492 6.594 6.699 6.807 6.916 7.028 7.138 7.220 7.305 7.393 7.482 7.575 7.669 7.766 7.865 7.967 8.071 8.178 8.238 7.950 7.671 7.401
6.584 6.308 6.031 5.754 5.476 5.198 4.920 4.642 4.363 4.084 3.804 3.559 3.943 4.346 4.768 5.208 5.666 6.128 6.574 7.007 7.426 7.833 8.226 8.572 8.079 7.590 7.107 6.629 6.156 5.688 5.225 4.767 4.314 3.866 3.423 3.004 3.251 3.484 3.703 3.907 4.097 4.272 4.433 4.580 4.712 4.830 4.934 5.023 5.120 5.220 5.322 5.426 5.532 5.641 5.752 5.865 5.981 6.099 6.219 6.342 6.433 6.526 6.622 6.720 6.821 6.924 7.030 7.138 7.248 7.361 7.476 7.594 7.340 7.091 6.851
6.206 5.928 5.650 5.372 5.093 4.815 4.535 4.256 3.976 3.696 3.477 3.266 3.676 4.142 4.595 5.034 5.460 5.873 6.273 6.660 7.034 7.394 7.741 8.076 7.686 7.216 6.750 6.289 5.834 5.383 4.938 4.497 4.062 3.631 3.205 2.785 2.910 3.093 3.261 3.415 3.555 3.680 3.791 3.888 3.970 4.038 4.091 4.131 4.227 4.335 4.445 4.557 4.672 4.789 4.908 5.030 5.154 5.280 5.409 5.540 5.644 5.746 5.850 5.957 6.067 6.178 6.292 6.409 6.528 6.649 6.773 6.899 6.723 6.504 6.331
5.829 5.550 5.271 5.089 4.901 4.706 4.505 4.297 4.083 3.862 3.635 3.401 3.666 4.086 4.492 4.885 5.266 5.633 5.987 6.328 6.655 6.970 7.271 7.559 7.289 6.836 6.388 5.945 5.507 5.074 4.645 4.222 3.804 3.391 2.983 2.580 2.584 2.716 2.835 2.938 3.028 3.103 3.164 3.211 3.243 3.261 3.264 3.254 3.332 3.448 3.567 3.687 3.810 3.936 4.063 4.193 4.325 4.460 4.597 4.736 4.854 4.964 5.077 5.193 5.311 5.431 5.553 5.722 5.964 6.211 6.463 6.720 6.757 6.726 6.715
6.008 5.817 5.619 5.414 5.203 4.985 4.761 4.530 4.293 4.049 3.799 3.543 3.670 4.043 4.404 4.751 5.085 5.407 5.715 6.009 6.291 6.560 6.815 7.058 6.888 6.452 6.021 5.596 5.175 4.759 4.349 3.943 3.542 3.147 2.756 2.370 2.272 2.355 2.423 2.477 2.517 2.542 2.553 2.549 2.531 2.499 2.453 2.392 2.436 2.561 2.687 2.816 2.948 3.081 3.217 3.356 3.496 3.639 3.784 3.932 4.114 4.340 4.570 4.806 5.045 5.290 5.539 5.794 6.052 6.316 6.585 6.858 6.984 7.022 7.081
6.409 6.194 5.973 5.746 5.512 5.271 5.024 4.770 4.510 4.244 3.971 3.692 3.687 4.015 4.330 4.631 4.919 5.195 5.457 5.706 5.941 6.164 6.374 6.570 6.481 6.063 5.650 5.242 4.839 4.440 4.047 3.659 3.276 2.897 2.524 2.156 1.976 2.009 2.027 2.031 2.020 1.996 1.956 1.903 1.835 1.753 1.657 1.546 1.539 1.672 1.807 1.944 2.084 2.297 2.554 2.809 3.063 3.317 3.569 3.820 4.065 4.307 4.554 4.806 5.062 5.324 5.590 5.860 6.136 6.416 6.701 6.991 7.192 7.300 7.427
6.816 6.579 6.335 6.084 5.827 5.564 5.294 5.017 4.735 4.445 4.149 3.847 3.719 4.001 4.269 4.525 4.767 4.997 5.213 5.416 5.606 5.783 5.947 6.097 6.071 5.670 5.274 4.884 4.498 4.117 3.741 3.370 3.004 2.644 2.288 1.937 1.695 1.678 1.646 1.600 1.539 1.465 1.375 1.272 1.154 1.022 0.963 0.926 0.981 1.239 1.496 1.752 2.007 2.261 2.513 2.765 3.016 3.265 3.513 3.761 4.010 4.269 4.533 4.801 5.074 5.352 5.635 5.922 6.215 6.511 6.813 7.119 7.382 7.558 7.754
7.230 6.970 6.703 6.429 6.149 5.863 5.570 5.271 4.965 4.653 4.335 4.010 3.765 4.001 4.223 4.433 4.630 4.813 4.983 5.141 5.285 5.416 5.534 5.639 5.656 5.272 4.894 4.521 4.152 3.789 3.430 3.077 2.729 2.385 2.047 1.713 1.429 1.362 1.280 1.253 1.232 1.206 1.176 1.141 1.103 1.061 1.014 0.964 0.964 1.218 1.471 1.724 1.975 2.225 2.474 2.722 2.969 3.215 3.459 3.703 3.951 4.227 4.507 4.792 5.082 5.376 5.676 5.980 6.288 6.602 6.920 7.243 7.552 7.797 8.062
7.649 7.367 7.077 6.781 6.479 6.169 5.854 5.532 5.203 4.868 4.527 4.179 3.825 4.014 4.191 4.355 4.506 4.644 4.768 4.880 4.978 5.063 5.135 5.195 5.236 4.870 4.509 4.153 3.802 3.456 3.115 2.780 2.503 2.236 1.978 1.728 1.494 1.470 1.442 1.410 1.373 1.333 1.289 1.240 1.187 1.131 1.070 1.005 0.948 1.198 1.448 1.696 1.944 2.190 2.436 2.680 2.923 3.165 3.406 3.646 3.888 4.180 4.477 4.778 5.085 5.396 5.712 6.032 6.358 6.688 7.023 7.362 7.704 8.018 8.351
8.056 7.771 7.459 7.140 6.814 6.482 6.144 5.799 5.448 5.090 4.726 4.355 3.978 4.042 4.173 4.291 4.396 4.488 4.567 4.633 4.685 4.725 4.751 4.765 4.772 4.509 4.209 3.918 3.637 3.364 3.101 2.848 2.603 2.368 2.141 1.924 1.717 1.658 1.616 1.570 1.519 1.464 1.406 1.343 1.276 1.205 1.130 1.050 0.967 1.179 1.425 1.670 1.914 2.157 2.398 2.639 2.878 3.117 3.354 3.590 3.826 4.128 4.442 4.760 5.083 5.411 5.743 6.080 6.422 6.769 7.120 7.477 7.838 8.219 8.622
8.476 8.182 7.847 7.505 7.157 6.802 6.441 6.073 5.699 5.319 4.932 4.538 4.138 4.084 4.169 4.242 4.301 4.403 4.590 4.725 4.808 4.839 4.817 4.743 4.617 4.374 4.106 3.848 3.598 3.358 3.127 2.906 2.693 2.490 2.296 2.111 1.935 1.851 1.794 1.734 1.669 1.600 1.527 1.449 1.368 1.283 1.193 1.100 1.002 1.162 1.404 1.645 1.885 2.124 2.362 2.599 2.835 3.070 3.303 3.536 3.767 4.072 4.402 4.737 5.076 5.421 5.770 6.124 6.482 6.845 7.213 7.586 7.964 8.402 8.873
8.907 8.600 8.242 7.877 7.506 7.128 6.744 6.354 5.957 5.554 5.238 5.066 4.944 5.044 5.257 5.418 5.527 5.583 5.587 5.539 5.439 5.287 5.083 4.826 4.517 4.230 3.994 3.768 3.551 3.343 3.144 2.954 2.774 2.602 2.440 2.287 2.144 2.048 1.977 1.901 1.822 1.739 1.652 1.560 1.464 1.365 1.261 1.153 1.041 1.145 1.383 1.621 1.857 2.093 2.327 2.560 2.792 3.023 3.253 3.482 3.710 4.011 4.358 4.709 5.065 5.426 5.792 6.162 6.537 6.917 7.302 7.691 8.085 8.566 9.105
9.351 9.024 8.643 8.254 7.904 7.605 7.356 7.158 7.010 6.913 6.867 6.871 6.926 7.010 7.040 7.018 6.943 6.817 6.639 6.408 6.125 5.790 5.403 4.964 4.472 4.077 3.873 3.679 3.494 3.318 3.151 2.993 2.845 2.705 2.575 2.454 2.343 2.248 2.163 2.073 1.980 1.882 1.780 1.675 1.565 1.451 1.333 1.211 1.084 1.129 1.364 1.598 1.831 2.062 2.293 2.522 2.751 2.978 3.204 3.430 3.654 3.946 4.309 4.677 5.050 5.427 5.809 6.196 6.573 6.919 7.254 7.577 7.890 8.260 8.679
9.476 9.086 8.812 8.588 8.415 8.293 8.221 8.200 8.229 8.309 8.439 8.620 8.851 9.028 8.876 8.671 8.414 8.105 7.744 7.330 6.865 6.348 5.778 5.156 4.482 3.914 3.742 3.580 3.427 3.283 3.148 3.023 2.906 2.799 2.701 2.612 2.532 2.453 2.353 2.249 2.141 2.029 1.913 1.793 1.669 1.541 1.409 1.272 1.132 1.114 1.346 1.576 1.805 2.033 2.260 2.486 2.710 2.934 3.157 3.378 3.599 3.885 4.271 4.646 5.009 5.362 5.702 6.032 6.350 6.657 6.953 7.237 7.510 7.821 8.194
9.453 9.010 8.913 8.866 8.870 8.925 9.030 9.185 9.391 9.647 9.954 10.311 10.719 11.101 10.765 10.378 9.938 9.447 8.903 8.307 7.659 6.959 6.207 5.403 4.547 3.742 3.602 3.472 3.351 3.239 3.136 3.043 2.958 2.883 2.817 2.760 2.712 2.661 2.547 2.429 2.307 2.181 2.050 1.916 1.778 1.635 1.488 1.338 1.183 1.101 1.328 1.555 1.780 2.004 2.312 2.650 2.951 3.214 3.439 3.627 3.777 3.948 4.295 4.631 4.955 5.268 5.570 5.860 6.139 6.406 6.662 6.907 7.141 7.394 7.722
9.445 8.931 8.959 9.089 9.270 9.501 9.782 10.114 10.496 10.929 11.412 11.946 12.530 13.165 12.708 12.138 11.516 10.842 10.116 9.338 8.508 7.626 6.692 5.705 4.667 3.577 3.453 3.355 3.266 3.186 3.115 3.053 3.001 2.957 2.923 2.898 2.882 2.873 2.745 2.613 2.476 2.336 2.191 2.043 1.890 1.733 1.572 1.620 1.700 1.730 2.125 2.482 2.802 3.085 3.329 3.537 3.706 3.838 3.933 3.989 4.009 4.023 4.330 4.627 4.912 5.185 5.447 5.698 5.938 6.166 6.383 6.589 6.783 6.981 7.263
