DATA/SHG/ECMWF/20170628/EN-44/20170702.en-44.asc
ncols        190
nrows        64
xllcorner    -5100000.000000000000
yllcorner    4130000.000000000000
cellsize     10000.000000000000
NODATA_value  -99999.000
[rows 0 to 31 of 64, columns 73 to 145 of 190]
5.181 5.016 4.833 4.631 4.412 4.174 3.918 3.644 3.343 3.172 3.092 3.021 2.957 2.900 2.851 2.810 2.777 2.751 2.733 2.722 2.709 2.642 2.552 2.454 2.345 2.227 2.100 1.963 1.817 1.661 1.496 1.321 1.179 1.167 1.153 1.135 1.114 1.089 1.061 1.029 0.994 0.955 0.913 0.868 0.819 0.767 0.713 0.656 0.597 0.535 0.472 0.406 0.337 0.267 0.194 0.119 0.069 0.104 0.139 0.177 0.215 0.255 0.297 0.340 0.385 0.431 0.478 0.527 0.574 0.611 0.648 0.687 0.727
4.530 4.301 4.168 4.076 3.995 3.927 3.871 3.826 3.787 3.726 3.674 3.629 3.591 3.561 3.539 3.525 3.518 3.519 3.527 3.543 3.555 3.445 3.313 3.172 3.021 2.860 2.690 2.511 2.322 2.123 1.915 1.698 1.494 1.468 1.438 1.405 1.368 1.328 1.284 1.237 1.186 1.133 1.075 1.015 0.951 0.888 0.824 0.757 0.687 0.615 0.541 0.465 0.386 0.305 0.222 0.137 0.067 0.107 0.150 0.193 0.239 0.285 0.334 0.383 0.434 0.487 0.541 0.596 0.651 0.691 0.733 0.775 0.818
4.571 4.497 4.434 4.384 4.345 4.318 4.304 4.301 4.307 4.273 4.247 4.229 4.218 4.215 4.219 4.231 4.251 4.278 4.313 4.356 4.407 4.259 4.084 3.900 3.706 3.503 3.290 3.068 2.836 2.595 2.345 2.085 1.815 1.771 1.726 1.677 1.625 1.570 1.511 1.448 1.383 1.313 1.241 1.165 1.085 1.012 0.937 0.860 0.780 0.698 0.613 0.527 0.438 0.346 0.253 0.157 0.062 0.110 0.158 0.209 0.260 0.314 0.368 0.425 0.482 0.541 0.602 0.664 0.742 0.816 0.889 0.961 1.032
4.743 4.710 4.689 4.680 4.683 4.698 4.725 4.763 4.814 4.812 4.813 4.821 4.837 4.860 4.891 4.930 4.976 5.030 5.092 5.161 5.238 5.081 4.864 4.637 4.401 4.155 3.900 3.635 3.361 3.077 2.784 2.481 2.169 2.078 2.018 1.954 1.886 1.815 1.741 1.663 1.582 1.497 1.409 1.318 1.223 1.138 1.053 0.965 0.875 0.783 0.688 0.591 0.491 0.390 0.286 0.179 0.071 0.110 0.166 0.248 0.352 0.454 0.554 0.651 0.745 0.836 0.925 1.012 1.096 1.166 1.235 1.303 1.370
4.903 4.912 4.933 4.966 5.010 5.066 5.134 5.214 5.306 5.343 5.370 5.405 5.448 5.498 5.555 5.620 5.693 5.774 5.862 5.958 6.061 5.914 5.654 5.384 5.106 4.817 4.519 4.212 3.895 3.569 3.233 2.888 2.534 2.389 2.313 2.233 2.150 2.064 1.974 1.881 1.785 1.685 1.582 1.475 1.365 1.267 1.171 1.073 0.972 0.870 0.786 0.721 0.660 0.601 0.546 0.493 0.443 0.514 0.612 0.707 0.800 0.891 0.979 1.064 1.146 1.226 1.304 1.379 1.451 1.517 1.582 1.646 1.709
5.053 5.103 5.165 5.239 5.325 5.423 5.532 5.654 5.787 5.867 5.920 5.982 6.051 6.127 6.211 6.303 6.403 6.510 6.624 6.747 6.877 6.756 6.453 6.141 5.820 5.489 5.149 4.799 4.440 4.071 3.693 3.305 2.908 2.702 2.611 2.516 2.418 2.316 2.211 2.103 1.991 1.894 1.802 1.702 1.596 1.513 1.447 1.384 1.323 1.266 1.212 1.160 1.112 1.067 1.025 0.985 0.949 0.998 1.085 1.169 1.250 1.329 1.405 1.479 1.550 1.618 1.684 1.748 1.808 1.869 1.929 1.989 2.047
5.190 5.282 5.386 5.501 5.629 5.768 5.919 6.082 6.257 6.382 6.462 6.550 6.646 6.749 6.860 6.978 7.104 7.237 7.379 7.527 7.684 7.607 7.262 6.908 6.544 6.170 5.788 5.395 4.994 4.582 4.162 3.732 3.317 3.091 3.024 2.949 2.868 2.780 2.684 2.582 2.472 2.356 2.232 2.102 1.965 1.869 1.816 1.766 1.719 1.675 1.634 1.596 1.561 1.529 1.500 1.474 1.450 1.485 1.560 1.632 1.702 1.769 1.834 1.896 1.956 2.012 2.067 2.118 2.168 2.221 2.277 2.332 2.387
5.317 5.450 5.595 5.752 5.921 6.101 6.294 6.498 6.714 6.890 6.997 7.111 7.233 7.363 7.500 7.645 7.797 7.957 8.125 8.300 8.483 8.468 8.081 7.631 7.171 6.727 6.298 5.884 5.486 5.103 4.735 4.383 4.047 3.811 3.712 3.606 3.494 3.374 3.247 3.113 2.973 2.825 2.670 2.509 2.340 2.221 2.182 2.145 2.111 2.080 2.052 2.028 2.006 1.987 1.971 1.958 1.948 1.974 2.037 2.098 2.156 2.212 2.265 2.315 2.363 2.409 2.451 2.492 2.529 2.573 2.625 2.676 2.726
5.432 5.606 5.793 5.991 6.201 6.423 6.657 6.903 7.160 7.390 7.523 7.664 7.813 7.969 8.132 8.282 8.347 8.412 8.476 8.539 8.602 8.553 8.131 7.725 7.334 6.958 6.597 6.252 5.923 5.608 5.310 5.026 4.758 4.537 4.407 4.270 4.126 3.975 3.817 3.652 3.480 3.301 3.115 2.922 2.722 2.570 2.543 2.520 2.499 2.482 2.467 2.456 2.447 2.441 2.439 2.439 2.442 2.464 2.516 2.565 2.612 2.656 2.698 2.737 2.773 2.807 2.838 2.867 2.893 2.926 2.974 3.021 3.067
5.535 5.751 5.979 6.219 6.470 6.734 7.009 7.296 7.571 7.774 7.841 7.908 7.974 8.040 8.104 8.168 8.231 8.293 8.354 8.415 8.475 8.493 8.140 7.802 7.479 7.172 6.880 6.603 6.342 6.096 5.866 5.651 5.451 5.270 5.109 4.940 4.765 4.583 4.393 4.197 3.994 3.784 3.567 3.343 3.112 2.915 2.902 2.891 2.884 2.880 2.878 2.880 2.884 2.892 2.903 2.916 2.933 2.957 2.997 3.035 3.070 3.103 3.133 3.160 3.185 3.207 3.227 3.244 3.258 3.279 3.323 3.365 3.407
5.628 5.879 6.121 6.358 6.591 6.818 7.041 7.259 7.471 7.677 7.742 7.806 7.870 7.932 7.994 8.055 8.115 8.175 8.234 8.291 8.348 8.407 8.130 7.861 7.607 7.368 7.145 6.937 6.744 6.567 6.405 6.258 6.127 6.010 5.817 5.617 5.411 5.197 4.977 4.749 4.515 4.274 4.025 3.770 3.508 3.256 3.256 3.259 3.265 3.274 3.286 3.300 3.318 3.339 3.363 3.389 3.419 3.451 3.480 3.506 3.530 3.551 3.569 3.585 3.599 3.609 3.617 3.623 3.626 3.633 3.672 3.711 3.748
5.674 5.904 6.129 6.350 6.565 6.775 6.981 7.181 7.377 7.567 7.644 7.706 7.766 7.826 7.885 7.943 8.001 8.058 8.113 8.169 8.223 8.278 8.104 7.903 7.717 7.547 7.392 7.252 7.128 7.019 6.926 6.848 6.785 6.737 6.532 6.301 6.063 5.819 5.567 5.308 5.043 4.770 4.491 4.204 3.911 3.610 3.607 3.623 3.642 3.664 3.689 3.717 3.748 3.782 3.819 3.859 3.902 3.948 3.965 3.980 3.992 4.001 4.008 4.013 4.014 4.014 4.010 4.004 4.051 4.165 4.390 4.669 5.002
5.721 5.934 6.142 6.345 6.543 6.737 6.925 7.108 7.287 7.460 7.547 7.605 7.663 7.721 7.777 7.832 7.887 7.941 7.994 8.047 8.098 8.151 8.060 7.928 7.810 7.709 7.622 7.551 7.495 7.454 7.429 7.419 7.425 7.446 7.253 6.992 6.723 6.447 6.164 5.874 5.577 5.274 4.963 4.645 4.321 3.989 3.954 3.983 4.016 4.051 4.089 4.130 4.175 4.222 4.272 4.325 4.381 4.440 4.452 4.501 4.602 4.705 4.810 4.917 5.026 5.137 5.250 5.366 5.483 5.603 6.046 6.565 7.138
5.773 5.969 6.160 6.346 6.527 6.703 6.874 7.040 7.201 7.357 7.450 7.506 7.561 7.616 7.669 7.722 7.774 7.826 7.876 7.926 7.975 8.025 7.999 7.935 7.886 7.853 7.835 7.832 7.844 7.872 7.915 7.973 8.047 8.136 7.982 7.689 7.389 7.082 6.768 6.447 6.119 5.784 5.442 5.094 4.738 4.375 4.298 4.340 4.386 4.434 4.512 4.629 4.759 4.903 5.059 5.230 5.413 5.610 5.739 5.847 5.957 6.069 6.183 6.299 6.417 6.538 6.660 6.785 6.912 7.040 7.646 8.405 9.218
5.830 6.008 6.182 6.351 6.514 6.673 6.827 6.976 7.120 7.260 7.355 7.408 7.460 7.512 7.563 7.613 7.662 7.711 7.759 7.805 7.852 7.899 7.921 7.925 7.945 7.980 8.030 8.095 8.176 8.272 8.383 8.510 8.652 8.809 8.717 8.393 8.061 7.723 7.378 7.026 6.667 6.299 5.934 5.578 5.230 4.890 4.821 4.944 5.080 5.230 5.392 5.568 5.758 5.960 6.176 6.405 6.648 6.904 7.071 7.188 7.307 7.429 7.552 7.677 7.805 7.934 8.066 8.200 8.336 8.474 9.190 10.189 11.241
5.891 6.052 6.209 6.360 6.507 6.648 6.785 6.917 7.044 7.166 7.260 7.310 7.360 7.409 7.457 7.505 7.551 7.597 7.642 7.686 7.730 7.774 7.826 7.898 7.986 8.089 8.207 8.341 8.490 8.654 8.833 9.028 9.215 9.379 9.309 8.922 8.544 8.174 7.813 7.460 7.116 6.780 6.453 6.134 5.824 5.523 5.450 5.631 5.827 6.035 6.257 6.492 6.741 7.003 7.278 7.566 7.868 8.183 8.400 8.526 8.654 8.785 8.917 9.052 9.188 9.327 9.468 9.611 9.756 9.903 10.678 11.916 13.208
5.956 6.100 6.240 6.374 6.504 6.628 6.748 6.863 6.973 7.078 7.166 7.214 7.261 7.307 7.352 7.397 7.441 7.484 7.526 7.568 7.608 7.650 7.714 7.887 8.084 8.273 8.456 8.631 8.799 8.960 9.113 9.259 9.398 9.530 9.516 9.167 8.826 8.494 8.170 7.856 7.549 7.251 6.962 6.681 6.409 6.145 6.063 6.304 6.558 6.826 7.107 7.401 7.709 8.029 8.364 8.711 9.072 9.446 9.725 9.860 9.997 10.137 10.278 10.422 10.568 10.716 10.866 11.018 11.172 11.328 12.111 13.588 15.119
6.026 6.153 6.275 6.393 6.505 6.613 6.715 6.813 6.906 6.994 7.073 7.118 7.162 7.206 7.248 7.295 7.402 7.517 7.640 7.772 7.912 8.052 8.196 8.367 8.532 8.689 8.840 8.983 9.118 9.247 9.368 9.482 9.589 9.689 9.712 9.401 9.098 8.804 8.518 8.241 7.973 7.713 7.461 7.218 6.983 6.757 6.661 6.961 7.275 7.601 7.941 8.295 8.661 9.041 9.434 9.841 10.261 10.694 11.045 11.190 11.336 11.485 11.635 11.788 11.943 12.100 12.259 12.421 12.584 12.749 13.487 15.204 16.974
6.100 6.210 6.315 6.416 6.511 6.601 6.687 6.768 6.849 6.955 7.062 7.157 7.260 7.371 7.490 7.617 7.753 7.896 8.048 8.208 8.377 8.546 8.715 8.855 8.988 9.113 9.231 9.342 9.445 9.542 9.631 9.713 9.788 9.855 9.900 9.626 9.361 9.105 8.857 8.617 8.387 8.164 7.950 7.745 7.548 7.360 7.244 7.603 7.976 8.362 8.761 9.173 9.599 10.038 10.490 10.955 11.434 11.926 12.362 12.515 12.671 12.829 12.989 13.151 13.315 13.481 13.649 13.819 13.992 14.166 14.808 16.763 18.772
6.179 6.275 6.378 6.481 6.586 6.691 6.798 6.906 7.015 7.124 7.235 7.357 7.488 7.628 7.775 7.931 8.095 8.268 8.448 8.637 8.834 9.031 9.229 9.350 9.451 9.544 9.630 9.709 9.780 9.844 9.902 9.951 9.994 10.030 10.058 9.842 9.614 9.396 9.186 8.984 8.791 8.606 8.430 8.262 8.103 7.953 7.812 8.231 8.662 9.107 9.565 10.036 10.521 11.019 11.530 12.054 12.592 13.143 13.674 13.837 14.002 14.169 14.338 14.509 14.682 14.858 15.035 15.214 15.396 15.580 16.073 18.267 20.515
6.309 6.414 6.520 6.627 6.736 6.845 6.955 7.067 7.179 7.293 7.407 7.549 7.709 7.877 8.053 8.238 8.430 8.631 8.840 9.057 9.282 9.509 9.736 9.853 9.921 9.982 10.036 10.083 10.122 10.154 10.180 10.197 10.208 10.212 10.208 10.047 9.858 9.677 9.505 9.341 9.185 9.038 8.900 8.770 8.649 8.536 8.431 8.843 9.333 9.837 10.354 10.884 11.428 11.984 12.554 13.138 13.734 14.344 14.967 15.155 15.329 15.505 15.683 15.863 16.046 16.230 16.417 16.605 16.796 16.937 17.095 19.433 21.856
6.443 6.552 6.661 6.772 6.884 6.997 7.111 7.226 7.342 7.460 7.578 7.734 7.922 8.119 8.323 8.536 8.757 8.986 9.224 9.470 9.723 9.979 10.234 10.363 10.399 10.428 10.450 10.465 10.472 10.472 10.465 10.451 10.430 10.401 10.365 10.244 10.092 9.949 9.814 9.688 9.570 9.461 9.360 9.268 9.184 9.109 9.042 9.440 9.990 10.552 11.128 11.717 12.320 12.935 13.564 14.206 14.861 15.530 16.212 16.469 16.646 16.799 16.931 17.042 17.132 17.201 17.250 17.277 17.283 17.268 17.232 19.764 22.561
6.576 6.688 6.802 6.916 7.032 7.148 7.266 7.385 7.505 7.625 7.747 7.911 8.127 8.352 8.585 8.827 9.076 9.334 9.600 9.874 10.156 10.440 10.724 10.880 10.884 10.881 10.871 10.854 10.829 10.797 10.758 10.712 10.659 10.598 10.531 10.431 10.317 10.211 10.114 10.025 9.945 9.874 9.811 9.756 9.710 9.672 9.643 10.023 10.631 11.252 11.887 12.539 13.210 13.892 14.587 15.293 16.011 16.742 17.484 17.755 17.836 17.896 17.934 17.952 17.949 17.925 17.880 17.814 17.727 17.619 17.490 20.010 23.181
6.707 6.823 6.940 7.059 7.178 7.298 7.420 7.542 7.665 7.790 7.915 8.079 8.325 8.578 8.840 9.110 9.388 9.674 9.968 10.271 10.581 10.894 11.207 11.405 11.377 11.342 11.300 11.250 11.194 11.130 11.059 10.981 10.896 10.803 10.703 10.608 10.532 10.464 10.404 10.353 10.311 10.277 10.269 10.288 10.301 10.308 10.308 10.660 11.336 12.023 12.723 13.435 14.158 14.894 15.641 16.401 17.172 17.956 18.751 19.058 19.045 19.012 18.958 18.883 18.786 18.669 18.531 18.372 18.192 17.991 17.769 20.172 23.716
6.838 6.957 7.078 7.200 7.323 7.447 7.572 7.698 7.825 7.953 8.082 8.241 8.514 8.796 9.086 9.385 9.691 10.006 10.328 10.659 10.998 11.339 11.681 11.937 11.877 11.810 11.736 11.655 11.566 11.470 11.367 11.257 11.140 11.044 11.009 11.013 11.048 11.077 11.100 11.116 11.126 11.129 11.126 11.117 11.101 11.079 11.051 11.329 12.058 12.799 13.552 14.317 15.093 15.882 16.682 17.495 18.319 19.156 20.004 20.381 20.275 20.149 20.001 19.833 19.644 19.434 19.202 18.950 18.677 18.383 18.068 20.250 24.167
6.967 7.090 7.215 7.340 7.467 7.594 7.723 7.853 7.984 8.115 8.248 8.394 8.696 9.006 9.325 9.652 9.986 10.329 10.681 11.040 11.407 11.777 12.147 12.477 12.352 12.193 12.062 11.957 11.879 11.829 11.806 11.810 11.841 11.899 11.984 12.074 12.081 12.082 12.076 12.064 12.045 12.020 11.989 11.952 11.908 11.857 11.800 11.985 12.767 13.561 14.367 15.185 16.014 16.856 17.709 18.575 19.452 20.341 21.243 21.723 21.525 21.305 21.065 20.804 20.521 20.218 19.894 19.549 19.182 18.795 18.387 20.243 24.533
7.095 7.222 7.350 7.479 7.610 7.741 7.873 8.006 8.141 8.276 8.413 8.550 8.870 9.209 9.556 9.911 10.261 10.531 10.800 11.066 11.331 11.601 11.876 12.150 12.093 12.054 12.043 12.059 12.102 12.172 12.269 12.393 12.545 12.723 12.929 13.142 13.120 13.092 13.058 13.018 12.971 12.917 12.858 12.792 12.719 12.641 12.556 12.628 13.463 14.310 15.168 16.039 16.922 17.816 18.722 19.641 20.571 21.513 22.467 23.086 22.794 22.482 22.148 21.794 21.419 21.023 20.606 20.167 19.708 19.229 18.728 20.152 24.815
7.222 7.353 7.484 7.617 7.751 7.886 8.022 8.159 8.297 8.420 8.486 8.559 8.795 9.066 9.335 9.602 9.868 10.132 10.394 10.655 10.914 11.178 11.447 11.715 11.803 11.885 11.994 12.131 12.294 12.484 12.702 12.946 13.218 13.517 13.843 14.196 14.164 14.108 14.046 13.977 13.902 13.820 13.732 13.638 13.537 13.430 13.316 13.257 14.144 15.044 15.956 16.879 17.815 18.762 19.722 20.693 21.676 22.671 23.678 24.468 24.083 23.678 23.252 22.805 22.337 21.847 21.337 20.807 20.255 19.682 19.088 19.977 25.012
7.347 7.482 7.589 7.635 7.686 7.744 7.807 7.876 7.952 8.033 8.121 8.214 8.427 8.692 8.956 9.217 9.477 9.735 9.991 10.246 10.499 10.757 11.020 11.282 11.484 11.686 11.915 12.172 12.455 12.766 13.104 13.469 13.861 14.280 14.726 15.199 15.214 15.130 15.039 14.942 14.838 14.728 14.612 14.489 14.360 14.225 14.083 13.935 14.813 15.765 16.730 17.706 18.695 19.695 20.707 21.731 22.767 23.815 24.875 25.870 25.393 24.894 24.375 23.835 23.274 22.692 22.090 21.466 20.821 20.156 19.470 19.718 25.125
6.936 6.991 7.051 7.117 7.190 7.268 7.353 7.443 7.539 7.642 7.750 7.865 8.062 8.321 8.578 8.834 9.088 9.340 9.590 9.839 10.086 10.338 10.595 10.851 11.134 11.457 11.806 12.183 12.587 13.017 13.475 13.960 14.472 15.011 15.578 16.171 16.270 16.157 16.038 15.912 15.780 15.642 15.498 15.347 15.189 15.026 14.856 14.679 15.467 16.473 17.490 18.519 19.560 20.614 21.679 22.755 23.844 24.945 26.057 27.182 26.722 26.131 25.519 24.886 24.232 23.558 22.862 22.146 21.408 20.650 19.871 19.361 24.955
6.351 6.426 6.508 6.595 6.689 6.788 6.893 7.005 7.122 7.245 7.374 7.510 7.698 7.952 8.203 8.453 8.701 8.947 9.191 9.434 9.675 9.921 10.173 10.423 10.754 11.197 11.667 12.164 12.687 13.238 13.816 14.421 15.053 15.713 16.399 17.112 17.331 17.190 17.042 16.889 16.728 16.562 16.389 16.210 16.024 15.832 15.634 15.429 16.108 17.166 18.236 19.319 20.413 21.518 22.636 23.766 24.907 26.061 27.226 28.403 28.070 27.387 26.673 25.919 25.144 24.347 23.528 22.687 21.824 20.939 20.032 19.104 23.735
5.761 5.857 5.960 6.068 6.182 6.303 6.429 6.561 6.699 6.844 6.994 7.150 7.337 7.584 7.830 8.074 8.316 8.556 8.794 9.031 9.266 9.506 9.752 9.996 10.345 10.907 11.497 12.114 12.758 13.429 14.127 14.852 15.604 16.383 17.189 18.022 18.398 18.228 18.053 17.870 17.682 17.487 17.286 17.079 16.865 16.645 16.418 16.185 16.735 17.846 18.969 20.104 21.251 22.552 24.098 25.496 26.745 27.845 28.796 29.598 29.249 28.442 27.614 26.763 25.891 24.996 24.080 23.142 22.182 21.200 20.196 19.170 22.644
