DATA/SHG/ECMWF/20170628/EN-44/20170705.en-44.asc
ncols        190
nrows        64
xllcorner    -5100000.000000000000
yllcorner    4130000.000000000000
cellsize     10000.000000000000
NODATA_value  -99999.000
[rows 0 to 32 of 64, columns 73 to 145 of 190]
5.152 5.609 6.076 6.552 7.039 7.536 8.042 8.559 8.968 9.015 9.020 9.042 9.079 9.133 9.202 9.288 9.389 9.507 9.640 9.790 9.896 9.795 9.674 9.537 9.384 9.213 9.025 8.820 8.598 8.360 8.104 7.832 7.622 7.661 7.695 7.723 7.746 7.763 7.775 7.781 7.781 7.776 7.765 7.749 7.673 7.434 7.203 6.979 6.763 6.555 6.353 6.160 5.974 5.795 5.624 5.461 5.280 5.031 4.784 4.541 4.301 4.063 3.829 3.599 3.371 3.146 2.924 2.706 2.490 2.279 2.076 1.883 1.698
5.424 5.916 6.336 6.726 7.106 7.475 7.835 8.184 8.470 8.516 8.578 8.655 8.749 8.858 8.984 9.126 9.283 9.457 9.646 9.852 10.032 9.856 9.660 9.447 9.217 8.971 8.707 8.426 8.129 7.814 7.483 7.135 6.814 6.829 6.838 6.841 6.839 6.832 6.818 6.800 6.775 6.746 6.710 6.669 6.602 6.397 6.200 6.010 5.828 5.653 5.485 5.326 5.173 5.029 4.892 4.762 4.624 4.388 4.155 3.926 3.700 3.476 3.256 3.039 2.825 2.615 2.407 2.202 2.004 1.833 1.670 1.516 1.370
5.196 5.571 5.936 6.290 6.635 6.969 7.293 7.607 7.902 8.003 8.121 8.255 8.404 8.570 8.752 8.949 9.163 9.393 9.638 9.900 10.177 9.936 9.665 9.376 9.070 8.748 8.408 8.052 7.679 7.289 6.882 6.458 6.017 6.003 5.988 5.967 5.940 5.907 5.870 5.826 5.777 5.723 5.663 5.597 5.525 5.354 5.190 5.034 4.885 4.744 4.611 4.485 4.366 4.255 4.152 4.056 3.965 3.743 3.524 3.309 3.096 2.887 2.681 2.478 2.278 2.081 1.887 1.696 1.556 1.518 1.491 1.474 1.467
4.876 5.216 5.545 5.865 6.174 6.473 6.762 7.041 7.310 7.477 7.650 7.840 8.046 8.267 8.505 8.759 9.028 9.314 9.616 9.933 10.267 10.036 9.688 9.324 8.943 8.544 8.129 7.697 7.248 6.783 6.300 5.800 5.284 5.185 5.145 5.099 5.048 4.991 4.928 4.860 4.786 4.707 4.623 4.532 4.436 4.304 4.174 4.051 3.937 3.829 3.729 3.637 3.553 3.475 3.406 3.344 3.289 3.095 2.891 2.744 2.651 2.558 2.464 2.371 2.278 2.185 2.092 1.999 1.906 1.907 1.926 1.954 1.993
4.566 4.870 5.165 5.449 5.723 5.987 6.240 6.484 6.718 6.936 7.166 7.411 7.673 7.951 8.244 8.554 8.880 9.221 9.578 9.952 10.341 10.154 9.731 9.291 8.834 8.360 7.870 7.362 6.838 6.296 5.738 5.163 4.571 4.375 4.310 4.239 4.163 4.081 3.994 3.901 3.803 3.699 3.590 3.475 3.355 3.247 3.151 3.062 2.981 2.908 2.921 2.999 3.074 3.146 3.215 3.280 3.343 3.281 3.187 3.094 3.001 2.908 2.814 2.721 2.628 2.536 2.443 2.350 2.257 2.285 2.349 2.424 2.508
4.266 4.535 4.794 5.043 5.282 5.510 5.729 5.938 6.136 6.381 6.667 6.969 7.286 7.620 7.969 8.335 8.716 9.114 9.527 9.956 10.401 10.292 9.793 9.277 8.745 8.196 7.629 7.046 6.446 5.829 5.195 4.545 3.877 3.571 3.482 3.386 3.286 3.179 3.068 2.950 2.827 2.790 2.819 2.856 2.902 2.974 3.053 3.130 3.203 3.273 3.341 3.405 3.465 3.523 3.578 3.629 3.678 3.629 3.536 3.443 3.350 3.257 3.164 3.071 2.979 2.886 2.793 2.701 2.608 2.653 2.762 2.882 3.012
3.975 4.209 4.433 4.647 4.851 5.044 5.228 5.401 5.565 5.813 6.154 6.512 6.885 7.275 7.680 8.102 8.539 8.992 9.461 9.946 10.447 10.449 9.874 9.283 8.675 8.050 7.408 6.750 6.074 5.382 4.673 3.947 3.258 2.932 2.931 2.939 2.955 2.980 3.013 3.054 3.104 3.162 3.229 3.304 3.387 3.465 3.531 3.593 3.653 3.709 3.762 3.812 3.859 3.903 3.944 3.982 4.016 3.977 3.884 3.792 3.699 3.606 3.513 3.421 3.328 3.236 3.143 3.051 2.959 3.009 3.164 3.330 3.506
3.694 3.893 4.082 4.261 4.429 4.588 4.736 4.875 5.003 5.230 5.628 6.041 6.470 6.916 7.377 7.854 8.347 8.856 9.381 9.922 10.478 10.624 9.974 9.255 8.526 7.815 7.122 6.447 5.789 5.149 4.527 3.922 3.335 2.995 3.032 3.077 3.131 3.193 3.263 3.342 3.429 3.525 3.629 3.742 3.863 3.959 4.011 4.060 4.105 4.147 4.187 4.223 4.256 4.286 4.313 4.336 4.357 4.325 4.232 4.140 4.047 3.954 3.862 3.770 3.677 3.585 3.493 3.401 3.308 3.355 3.556 3.767 3.988
3.424 3.587 3.741 3.885 4.018 4.142 4.255 4.358 4.452 4.634 5.087 5.556 6.041 6.543 7.060 7.581 8.054 8.513 8.955 9.383 9.794 9.954 9.269 8.602 7.952 7.321 6.706 6.110 5.531 4.970 4.427 3.901 3.393 3.049 3.123 3.206 3.297 3.396 3.504 3.621 3.745 3.879 4.020 4.170 4.328 4.456 4.494 4.528 4.560 4.588 4.614 4.636 4.655 4.671 4.684 4.694 4.701 4.672 4.580 4.487 4.395 4.302 4.210 4.118 4.026 3.934 3.842 3.750 3.658 3.690 3.936 4.193 4.459
3.162 3.291 3.410 3.518 3.617 3.705 3.784 3.852 3.923 4.076 4.588 5.085 5.567 6.033 6.484 6.919 7.339 7.744 8.133 8.507 8.865 9.125 8.519 7.930 7.360 6.807 6.272 5.754 5.254 4.772 4.308 3.861 3.432 3.093 3.205 3.325 3.454 3.591 3.736 3.890 4.052 4.222 4.401 4.589 4.784 4.955 4.979 5.000 5.017 5.032 5.044 5.052 5.057 5.059 5.058 5.054 5.047 5.019 4.926 4.834 4.742 4.650 4.558 4.466 4.374 4.282 4.190 4.098 4.006 4.015 4.306 4.608 4.920
2.911 3.010 3.111 3.209 3.305 3.398 3.488 3.577 3.662 3.750 4.209 4.653 5.081 5.493 5.891 6.273 6.639 6.990 7.326 7.646 7.951 8.256 7.749 7.240 6.748 6.274 5.818 5.379 4.958 4.555 4.169 3.801 3.451 3.128 3.277 3.435 3.601 3.775 3.958 4.149 4.349 4.557 4.773 4.998 5.231 5.457 5.467 5.474 5.478 5.478 5.476 5.470 5.462 5.450 5.435 5.417 5.396 5.365 5.273 5.181 5.089 4.997 4.905 4.813 4.721 4.629 4.538 4.446 4.355 4.328 4.665 5.013 5.370
2.718 2.813 2.905 2.994 3.081 3.166 3.248 3.328 3.405 3.479 3.845 4.235 4.609 4.969 5.312 5.641 5.954 6.251 6.534 6.801 7.052 7.303 6.961 6.531 6.118 5.723 5.345 4.985 4.643 4.318 4.012 3.722 3.451 3.197 3.340 3.535 3.739 3.951 4.171 4.399 4.636 4.881 5.135 5.397 5.668 5.946 5.958 5.951 5.940 5.927 5.911 5.892 5.869 5.843 5.815 5.783 5.748 5.710 5.618 5.526 5.435 5.343 5.251 5.160 5.068 4.977 4.885 4.794 4.697 4.623 5.011 5.420 5.848
2.532 2.618 2.702 2.783 2.861 2.937 3.010 3.081 3.150 3.215 3.495 3.832 4.153 4.458 4.749 5.024 5.283 5.527 5.756 5.970 6.168 6.365 6.155 5.803 5.469 5.152 4.853 4.572 4.309 4.063 3.835 3.624 3.431 3.256 3.394 3.627 3.867 4.116 4.374 4.640 4.914 5.197 5.488 5.787 6.095 6.411 6.451 6.430 6.406 6.379 6.349 6.315 6.279 6.240 6.197 6.151 6.103 6.051 5.964 5.839 5.687 5.548 5.421 5.307 5.206 5.117 5.041 4.978 4.927 4.890 5.333 5.830 6.347
2.349 2.426 2.501 2.573 2.643 2.710 2.775 2.837 2.897 2.954 3.160 3.443 3.710 3.963 4.200 4.421 4.627 4.818 4.994 5.154 5.299 5.442 5.329 5.056 4.801 4.563 4.343 4.140 3.955 3.788 3.639 3.507 3.392 3.295 3.439 3.708 3.987 4.273 4.568 4.871 5.183 5.503 5.831 6.167 6.512 6.866 6.947 6.912 6.874 6.833 6.737 6.588 6.443 6.302 6.165 6.032 5.903 5.779 5.658 5.550 5.455 5.372 5.301 5.244 5.199 5.166 5.147 5.140 5.145 5.164 5.634 6.220 6.826
2.169 2.237 2.303 2.367 2.428 2.487 2.543 2.596 2.647 2.696 2.839 3.068 3.283 3.482 3.665 3.833 3.986 4.124 4.246 4.353 4.444 4.534 4.485 4.291 4.114 3.955 3.813 3.689 3.583 3.494 3.423 3.370 3.334 3.316 3.474 3.781 4.096 4.420 4.752 5.093 5.442 5.752 6.014 6.271 6.521 6.766 6.775 6.628 6.485 6.346 6.210 6.079 5.952 5.829 5.710 5.596 5.485 5.378 5.301 5.249 5.209 5.183 5.169 5.167 5.179 5.202 5.239 5.288 5.350 5.425 5.915 6.590 7.284
1.990 2.050 2.108 2.163 2.215 2.265 2.313 2.358 2.400 2.440 2.533 2.709 2.870 3.015 3.145 3.260 3.360 3.444 3.513 3.566 3.605 3.641 3.622 3.506 3.408 3.328 3.265 3.219 3.191 3.181 3.189 3.214 3.244 3.266 3.394 3.671 3.942 4.208 4.468 4.722 4.970 5.212 5.449 5.679 5.904 6.123 6.173 6.044 5.919 5.798 5.680 5.567 5.458 5.353 5.252 5.155 5.062 4.973 4.931 4.935 4.952 4.981 5.023 5.078 5.146 5.226 5.319 5.424 5.542 5.673 6.176 6.939 7.722
1.815 1.866 1.915 1.961 2.005 2.047 2.085 2.122 2.156 2.187 2.241 2.363 2.471 2.563 2.640 2.702 2.748 2.779 2.795 2.795 2.780 2.763 2.741 2.744 2.779 2.811 2.840 2.867 2.890 2.911 2.928 2.942 2.954 2.962 3.041 3.292 3.538 3.778 4.012 4.240 4.463 4.679 4.890 5.095 5.294 5.487 5.568 5.457 5.349 5.246 5.147 5.052 4.961 4.874 4.791 4.711 4.636 4.565 4.548 4.608 4.682 4.767 4.866 4.977 5.100 5.236 5.385 5.547 5.721 5.908 6.417 7.268 8.139
1.642 1.685 1.725 1.763 1.798 1.830 1.861 1.888 1.914 1.937 1.963 2.033 2.087 2.126 2.150 2.163 2.232 2.296 2.356 2.410 2.460 2.507 2.551 2.576 2.598 2.617 2.633 2.646 2.656 2.663 2.668 2.669 2.667 2.662 2.695 2.921 3.141 3.355 3.563 3.766 3.962 4.153 4.338 4.517 4.691 4.858 4.959 4.866 4.776 4.691 4.610 4.533 4.460 4.390 4.325 4.264 4.207 4.154 4.153 4.270 4.399 4.541 4.695 4.862 5.042 5.234 5.439 5.657 5.887 6.130 6.637 7.576 8.536
1.472 1.506 1.537 1.566 1.593 1.617 1.639 1.658 1.681 1.738 1.795 1.871 1.942 2.009 2.071 2.128 2.180 2.228 2.270 2.308 2.341 2.371 2.399 2.411 2.420 2.426 2.429 2.429 2.426 2.420 2.411 2.399 2.384 2.366 2.356 2.556 2.750 2.938 3.121 3.298 3.469 3.634 3.793 3.947 4.094 4.236 4.347 4.272 4.200 4.133 4.069 4.010 3.955 3.904 3.856 3.813 3.774 3.739 3.745 3.918 4.103 4.301 4.512 4.735 4.971 5.219 5.480 5.754 6.040 6.339 6.837 7.865 8.913
1.304 1.338 1.394 1.450 1.506 1.562 1.619 1.676 1.733 1.790 1.848 1.907 1.962 2.012 2.057 2.097 2.133 2.163 2.189 2.210 2.226 2.240 2.251 2.251 2.246 2.239 2.229 2.215 2.199 2.180 2.158 2.132 2.104 2.073 2.039 2.198 2.366 2.529 2.686 2.837 2.982 3.122 3.255 3.383 3.505 3.621 3.731 3.674 3.620 3.571 3.526 3.484 3.447 3.413 3.384 3.359 3.337 3.320 3.325 3.554 3.795 4.049 4.316 4.595 4.887 5.191 5.508 5.838 6.180 6.535 7.016 8.133 9.269
1.327 1.383 1.440 1.497 1.554 1.611 1.668 1.726 1.784 1.842 1.901 1.948 1.986 2.019 2.047 2.071 2.089 2.103 2.112 2.116 2.116 2.112 2.107 2.094 2.076 2.056 2.032 2.005 1.976 1.944 1.908 1.870 1.828 1.784 1.737 1.847 1.989 2.126 2.258 2.383 2.503 2.616 2.724 2.826 2.923 3.013 3.098 3.073 3.037 3.006 2.978 2.955 2.935 2.920 2.908 2.901 2.897 2.898 2.902 3.178 3.475 3.785 4.108 4.443 4.790 5.151 5.524 5.909 6.307 6.766 7.311 8.538 9.724
1.371 1.428 1.486 1.543 1.601 1.659 1.718 1.776 1.835 1.894 1.953 1.993 2.014 2.030 2.042 2.049 2.050 2.048 2.040 2.027 2.010 1.990 1.967 1.940 1.909 1.876 1.839 1.799 1.757 1.711 1.662 1.611 1.556 1.499 1.438 1.502 1.619 1.731 1.836 1.936 2.030 2.118 2.200 2.277 2.347 2.412 2.472 2.468 2.451 2.437 2.427 2.422 2.420 2.422 2.429 2.439 2.453 2.472 2.494 2.789 3.248 3.852 4.436 4.999 5.543 6.066 6.569 7.052 7.515 7.958 8.380 9.385 10.394
1.415 1.473 1.531 1.590 1.649 1.708 1.767 1.826 1.886 1.946 2.006 2.042 2.046 2.046 2.041 2.031 2.016 1.996 1.972 1.943 1.909 1.872 1.832 1.790 1.746 1.699 1.649 1.596 1.541 1.482 1.420 1.355 1.288 1.217 1.143 1.164 1.256 1.341 1.421 1.495 1.564 1.626 1.683 1.734 1.779 1.818 1.852 1.860 1.860 1.865 1.873 1.952 2.161 2.407 2.691 3.013 3.372 3.768 4.202 4.729 5.264 5.778 6.272 6.747 7.200 7.634 8.048 8.441 8.815 9.168 9.501 10.272 11.103
1.459 1.518 1.577 1.636 1.696 1.755 1.815 1.876 1.936 1.997 2.058 2.096 2.083 2.066 2.044 2.018 1.986 1.950 1.909 1.863 1.812 1.758 1.702 1.644 1.586 1.526 1.463 1.397 1.328 1.256 1.181 1.104 1.023 0.939 0.852 0.833 0.899 0.959 1.013 1.062 1.105 1.141 1.222 1.364 1.484 1.582 1.658 1.791 2.016 2.279 2.580 2.917 3.292 3.705 4.155 4.642 5.167 5.729 6.329 6.852 7.297 7.722 8.127 8.512 8.876 9.220 9.545 9.849 10.133 10.396 10.640 11.196 11.850
1.502 1.562 1.622 1.682 1.742 1.803 1.864 1.925 1.986 2.048 2.109 2.154 2.125 2.091 2.052 2.009 1.960 1.907 1.850 1.787 1.719 1.649 1.575 1.501 1.430 1.357 1.281 1.202 1.120 1.035 0.946 0.855 0.762 0.729 0.813 0.951 1.150 1.326 1.480 1.613 1.723 1.812 1.878 1.923 1.945 1.946 1.924 2.053 2.444 2.873 3.339 3.842 4.383 4.962 5.577 6.231 6.921 7.649 8.414 8.993 9.349 9.684 10.000 10.295 10.570 10.825 11.060 11.274 11.469 11.643 11.798 12.159 12.635
1.545 1.606 1.667 1.728 1.789 1.850 1.912 1.974 2.036 2.098 2.161 2.216 2.170 2.120 2.064 2.004 1.939 1.869 1.795 1.716 1.631 1.544 1.454 1.361 1.299 1.284 1.291 1.320 1.370 1.442 1.536 1.652 1.789 1.949 2.130 2.313 2.414 2.493 2.549 2.584 2.597 2.588 2.557 2.504 2.429 2.332 2.214 2.274 2.831 3.426 4.058 4.727 5.434 6.178 6.959 7.778 8.634 9.528 10.458 11.152 11.418 11.664 11.890 12.096 12.282 12.447 12.593 12.718 12.824 12.909 12.974 13.160 13.460
1.588 1.650 1.711 1.773 1.835 1.897 1.960 2.022 2.085 2.149 2.212 2.276 2.220 2.153 2.081 2.004 1.926 1.872 1.820 1.770 1.721 1.671 1.618 1.567 1.625 1.706 1.810 1.935 2.082 2.251 2.441 2.653 2.887 3.143 3.421 3.697 3.700 3.682 3.641 3.578 3.494 3.387 3.259 3.108 2.936 2.742 2.526 2.456 3.179 3.939 4.737 5.571 6.444 7.353 8.300 9.284 10.306 11.365 12.461 13.328 13.505 13.662 13.799 13.915 14.012 14.088 14.145 14.181 14.197 14.193 14.169 14.200 14.322
1.631 1.693 1.755 1.818 1.881 1.944 2.007 2.071 2.134 2.202 2.282 2.357 2.324 2.270 2.217 2.165 2.116 2.068 2.021 1.977 1.934 1.890 1.843 1.798 1.926 2.104 2.304 2.526 2.769 3.034 3.321 3.630 3.960 4.312 4.686 5.081 5.009 4.893 4.755 4.595 4.413 4.209 3.983 3.735 3.466 3.174 2.861 2.598 3.486 4.412 5.375 6.375 7.413 8.488 9.600 10.750 11.937 13.161 14.423 15.523 15.610 15.678 15.725 15.753 15.760 15.747 15.714 15.661 15.588 15.495 15.382 15.278 15.223
1.673 1.736 1.810 1.906 1.997 2.084 2.166 2.243 2.316 2.384 2.447 2.506 2.489 2.440 2.393 2.347 2.303 2.261 2.221 2.182 2.145 2.107 2.066 2.027 2.202 2.477 2.773 3.091 3.431 3.792 4.176 4.581 5.007 5.456 5.926 6.418 6.340 6.126 5.891 5.633 5.354 5.053 4.730 4.385 4.018 3.629 3.218 2.786 3.753 4.845 5.973 7.139 8.342 9.582 10.860 12.175 13.527 14.917 16.343 17.735 17.733 17.712 17.670 17.608 17.526 17.424 17.302 17.160 16.998 16.816 16.614 16.395 16.163
1.937 2.026 2.110 2.190 2.265 2.335 2.401 2.462 2.518 2.570 2.616 2.658 2.651 2.608 2.567 2.527 2.489 2.453 2.418 2.386 2.354 2.322 2.287 2.254 2.453 2.824 3.217 3.631 4.068 4.525 5.005 5.506 6.029 6.574 7.140 7.728 7.693 7.382 7.049 6.695 6.318 5.920 5.499 5.057 4.593 4.107 3.599 3.069 3.981 5.237 6.531 7.862 9.231 10.636 12.079 13.559 15.076 16.631 18.223 19.852 19.874 19.763 19.632 19.481 19.311 19.120 18.909 18.677 18.426 18.155 17.864 17.468 16.873
2.274 2.347 2.415 2.478 2.537 2.591 2.640 2.684 2.724 2.759 2.790 2.815 2.812 2.775 2.739 2.705 2.673 2.643 2.614 2.587 2.562 2.535 2.506 2.479 2.680 3.147 3.636 4.147 4.679 5.233 5.809 6.406 7.026 7.666 8.329 9.013 9.068 8.660 8.230 7.778 7.305 6.809 6.292 5.752 5.191 4.608 4.003 3.376 4.168 5.590 7.049 8.545 10.079 11.649 13.257 14.903 16.585 18.305 20.061 21.856 22.032 21.833 21.487 20.898 20.325 19.768 19.226 18.700 18.189 17.694 17.214 16.750 16.144
2.615 2.671 2.723 2.770 2.812 2.850 2.883 2.911 2.934 2.953 2.967 2.977 2.971 2.939 2.910 2.882 2.856 2.831 2.808 2.787 2.768 2.747 2.724 2.702 2.882 3.445 4.031 4.637 5.266 5.916 6.588 7.282 7.997 8.734 9.492 10.273 10.466 9.960 9.433 8.884 8.313 7.721 7.106 6.470 5.811 5.131 4.429 3.705 4.316 5.903 7.527 9.188 10.887 12.566 14.101 15.599 17.061 18.486 19.875 21.227 21.219 20.668 20.133 19.613 19.109 18.620 18.147 17.689 17.247 16.821 16.410 16.015 15.420
2.960 3.000 3.036 3.066 3.092 3.113 3.130 3.141 3.149 3.151 3.149 3.142 3.128 3.102 3.079 3.057 3.036 3.018 3.001 2.985 2.972 2.957 2.940 2.924 3.059 3.719 4.400 5.103 5.828 6.574 7.342 8.132 8.943 9.776 10.631 11.507 11.885 11.283 10.659 10.013 9.345 8.655 7.943 7.210 6.445 5.651 4.864 4.084 4.417 5.973 7.493 8.976 10.423 11.834 13.208 14.545 15.846 17.110 18.338 19.530 19.713 19.231 18.764 18.313 17.878 17.458 17.054 16.665 16.291 15.934 15.591 15.265 14.702
