DATA/SHG/ECMWF/20170628/EN-44/20170703.en-44.asc
ncols        190
nrows        64
xllcorner    -5100000.000000000000
yllcorner    4130000.000000000000
cellsize     10000.000000000000
NODATA_value  -99999.000
[rows 32 to 63 of 64, columns 72 to 143 of 190]
7.593 7.331 7.046 6.796 6.581 6.402 6.258 6.150 6.077 6.039 6.036 6.069 6.137 6.414 7.590 8.787 10.005 11.244 12.504 13.785 15.088 16.411 17.736 19.060 20.400 21.367 20.990 20.594 20.177 19.740 19.282 18.804 18.305 17.787 17.247 16.688 16.108 15.686 15.586 15.480 15.366 15.246 15.118 14.984 14.842 14.855 15.265 15.582 15.807 16.354 17.288 18.145 18.926 19.630 20.258 20.810 21.285 21.684 22.006 22.252 22.421 21.977 21.139 20.290 19.430 18.560 17.680 16.789 15.888 14.976 14.053 13.121
7.056 6.724 6.561 6.433 6.342 6.285 6.264 6.278 6.327 6.412 6.532 6.687 6.878 7.140 8.389 9.660 10.951 12.263 13.596 14.951 16.326 17.723 19.122 20.519 21.933 23.173 22.706 22.219 21.711 21.183 20.635 20.067 19.478 18.868 18.238 17.588 17.160 17.545 18.283 18.929 19.483 19.945 20.315 20.592 20.778 20.871 20.872 20.780 20.597 20.656 21.252 21.771 22.214 22.580 22.870 23.084 23.221 23.282 23.266 23.174 23.006 22.469 21.583 20.688 19.782 18.866 17.939 17.001 16.053 15.095 14.126 13.147
6.541 6.132 6.043 6.038 6.069 6.135 6.237 6.373 6.545 6.752 6.995 7.272 7.585 7.934 9.168 10.512 11.876 13.261 14.668 16.095 17.544 19.014 20.486 21.958 23.446 24.950 24.442 24.251 25.398 26.347 27.098 27.651 28.006 28.162 28.120 27.880 27.441 26.921 27.250 27.488 27.633 27.686 27.647 27.516 27.293 26.977 26.570 26.070 25.479 25.034 25.292 25.473 25.578 25.606 25.558 25.434 25.233 24.957 24.603 24.174 23.668 22.970 22.039 21.097 20.144 19.181 18.208 17.224 16.230 15.225 14.210 13.184
6.046 5.563 5.493 5.611 5.764 5.953 6.176 6.435 6.730 7.059 7.424 7.824 8.260 8.730 9.927 11.343 12.781 14.239 15.719 18.226 22.284 26.381 30.226 33.813 37.431 41.081 42.180 42.646 42.914 42.984 42.856 42.529 42.005 41.282 40.362 39.243 37.926 36.411 36.306 36.135 35.872 35.517 35.069 34.530 33.898 33.175 32.359 31.451 30.452 29.487 29.406 29.250 29.017 28.708 28.322 27.861 27.323 26.708 26.018 25.251 24.408 23.482 22.504 21.516 20.517 19.507 18.488 17.457 16.417 15.365 14.304 13.232
5.573 5.014 4.910 5.151 5.426 5.737 6.084 6.465 6.882 7.333 7.821 8.343 9.976 13.046 16.748 20.742 24.777 28.850 32.963 37.116 41.308 45.539 49.520 53.244 56.999 60.785 61.652 61.239 60.628 59.819 58.813 57.608 56.205 54.604 52.806 50.809 48.615 46.222 45.451 44.871 44.200 43.437 42.581 41.634 40.594 39.463 38.239 36.924 35.516 34.017 33.597 33.102 32.532 31.886 31.163 30.364 29.488 28.537 27.509 26.405 25.225 24.005 22.980 21.945 20.900 19.844 18.778 17.701 16.614 15.516 14.408 13.290
5.120 4.487 4.295 4.658 5.056 6.364 8.642 11.143 13.868 16.817 19.989 23.385 27.005 30.849 34.905 39.034 43.203 47.411 51.658 55.945 60.272 64.638 68.754 72.614 76.506 80.428 81.321 80.030 78.541 76.854 74.969 72.887 70.606 68.128 65.452 62.578 59.506 56.237 54.684 53.697 52.618 51.446 50.183 48.828 47.381 45.842 44.210 42.487 40.672 38.766 37.862 37.031 36.123 35.139 34.079 32.943 31.731 30.442 29.077 27.636 26.119 24.537 23.466 22.385 21.293 20.191 19.078 17.955 16.822 15.678 14.523 13.358
7.724 8.547 9.938 12.319 14.923 17.751 20.803 24.078 27.577 31.299 35.245 39.414 43.807 48.424 53.003 57.266 61.569 65.912 70.294 74.715 79.176 83.676 87.927 91.924 95.952 100.012 101.188 99.019 96.652 94.088 91.326 88.366 85.209 81.853 78.300 74.550 70.601 66.455 64.006 62.611 61.124 59.545 57.875 56.112 54.257 52.311 50.272 48.142 45.920 43.606 42.202 41.034 39.789 38.469 37.072 35.599 34.049 32.424 30.723 28.945 27.091 25.161 23.963 22.835 21.697 20.548 19.389 18.220 17.040 15.849 14.649 13.438
15.445 16.891 18.780 21.935 25.313 28.915 32.740 36.788 41.060 45.556 50.275 55.217 60.383 65.772 71.041 75.439 79.877 84.353 88.870 93.425 98.020 102.654 107.041 111.175 115.339 119.535 121.252 118.206 114.962 111.521 107.882 104.045 100.011 95.780 91.351 86.724 81.900 76.878 73.417 71.615 69.720 67.734 65.656 63.486 61.224 58.871 56.425 53.888 51.259 48.538 46.618 45.113 43.531 41.874 40.140 38.330 36.445 34.483 32.445 30.331 28.141 25.874 24.469 23.295 22.111 20.916 19.665 18.332 17.046 15.806 14.614 13.468
22.986 25.054 27.400 31.329 35.480 39.855 44.454 49.275 54.320 59.588 65.079 70.794 76.732 82.893 89.021 93.553 98.125 102.736 107.386 112.076 116.805 121.573 126.096 130.365 134.666 138.998 141.513 137.590 133.470 129.152 124.637 119.925 115.015 109.908 104.603 99.100 93.401 87.503 82.916 80.707 78.405 76.012 73.527 70.950 68.281 65.521 62.669 59.725 56.689 53.561 51.109 49.267 47.349 45.355 43.284 41.138 38.916 36.505 33.690 30.896 28.123 25.370 23.568 22.254 20.987 19.766 18.592 17.464 16.384 15.350 14.363 13.422
30.348 33.039 35.908 40.501 45.426 50.573 55.944 61.538 67.355 73.396 79.659 86.146 92.855 99.788 106.941 111.608 116.313 121.059 125.843 130.667 135.530 140.433 145.090 149.496 153.933 158.401 161.971 157.172 152.176 146.983 141.592 136.004 130.219 124.236 118.056 111.679 105.104 98.332 92.504 89.888 87.179 84.379 81.487 78.504 75.428 72.261 69.003 65.652 62.043 57.601 53.851 50.982 48.133 45.306 42.499 39.713 36.947 34.202 31.478 28.775 26.092 23.430 21.627 20.519 19.457 18.442 17.473 16.551 15.676 14.847 14.065 13.330
37.531 40.843 44.335 49.452 55.149 61.069 67.212 73.578 80.167 86.979 94.014 101.272 108.753 116.456 124.383 129.603 134.443 139.323 144.241 149.199 154.197 159.233 164.026 168.568 173.141 177.745 182.381 176.952 171.081 165.012 158.747 152.284 145.624 138.766 131.712 124.460 117.011 109.365 102.181 98.951 93.957 89.083 84.329 79.695 75.180 70.786 66.512 62.358 58.324 54.410 50.894 48.116 45.358 42.622 39.906 37.210 34.536 31.882 29.248 26.636 24.044 21.473 19.641 18.738 17.882 17.072 16.309 15.592 14.922 14.299 13.722 13.192
44.535 48.469 52.581 58.182 64.651 71.343 78.258 85.395 92.755 100.338 108.144 116.173 124.425 132.899 141.596 147.540 152.515 157.528 162.581 167.672 172.804 177.974 182.902 187.580 192.289 197.030 201.801 196.929 190.183 183.240 175.916 165.138 154.546 144.139 133.917 123.881 114.030 104.364 94.938 90.353 85.887 81.542 77.317 73.211 69.226 65.360 61.614 57.989 54.483 51.097 47.920 45.232 42.566 39.920 37.294 34.690 32.106 29.543 27.000 24.478 21.977 19.496 17.610 16.913 16.261 15.657 15.099 14.588 14.123 13.705 13.333 13.008
51.361 55.915 60.649 66.692 73.932 81.395 89.081 96.989 105.120 113.474 122.050 130.850 139.871 149.116 158.583 165.419 170.527 175.674 180.861 186.087 191.352 196.656 197.456 197.962 198.442 198.896 199.323 191.685 181.168 170.836 160.690 150.728 140.952 131.361 121.955 112.734 103.698 94.847 86.182 81.636 77.699 73.882 70.185 66.608 63.151 59.813 56.596 53.498 50.520 47.662 44.928 42.331 39.755 37.200 34.665 32.151 29.658 27.186 24.734 22.302 19.892 17.502 15.534 15.042 14.596 14.196 13.844 13.537 13.278 13.064 12.898 12.778
58.008 63.183 68.537 74.981 82.992 91.226 99.682 108.361 117.262 126.386 135.733 145.302 155.093 165.107 175.344 178.423 178.449 178.443 178.404 178.331 178.226 178.087 178.213 178.606 178.973 179.313 179.628 173.827 164.126 154.610 145.279 136.133 127.172 118.396 109.805 101.400 93.179 85.143 77.292 72.800 69.392 66.103 62.934 59.885 56.956 54.146 51.456 48.886 46.436 44.105 41.895 39.412 36.927 34.462 32.018 29.595 27.192 24.810 22.449 20.108 17.788 15.489 13.414 13.126 12.885 12.691 12.543 12.442 12.387 12.379 12.417 12.502
64.478 70.272 76.246 83.050 91.831 100.835 110.062 119.511 125.663 131.514 137.124 142.493 147.622 152.510 157.158 160.011 159.927 159.809 159.659 159.475 159.259 159.009 159.022 159.302 159.556 159.784 159.985 155.786 146.900 138.200 129.684 121.353 113.207 105.246 97.470 89.878 82.472 75.250 68.214 63.847 60.966 58.205 55.564 53.042 50.641 48.358 46.196 44.153 42.230 40.427 38.743 36.476 34.081 31.707 29.354 27.021 24.709 22.417 20.147 17.896 15.667 13.458 11.270 11.165 11.129 11.140 11.197 11.300 11.450 11.647 11.890 12.180
70.713 75.158 79.352 83.639 89.864 95.849 101.593 107.097 112.360 117.383 122.166 126.708 131.010 135.072 138.893 141.652 141.456 141.228 140.966 140.671 140.344 139.983 139.884 140.051 140.192 140.307 140.395 137.562 129.492 121.606 113.904 106.388 99.056 91.909 84.947 78.170 71.577 65.170 58.947 54.775 52.421 50.188 48.074 46.080 44.205 42.450 40.815 39.300 37.904 36.627 35.470 33.521 31.217 28.934 26.671 24.429 22.207 20.006 17.826 15.666 13.527 11.409 9.311 9.160 9.328 9.544 9.805 10.114 10.468 10.869 11.317 11.811
64.709 68.291 71.622 74.710 80.108 85.265 90.182 94.858 99.295 103.491 107.447 111.163 114.638 117.873 120.869 123.345 123.038 122.698 122.325 121.920 121.481 121.009 120.798 120.852 120.880 120.882 120.858 119.156 111.899 104.828 97.940 91.238 84.720 78.387 72.239 66.275 60.496 54.901 49.492 45.584 43.758 42.052 40.465 38.998 37.650 36.422 35.314 34.325 33.455 32.706 32.075 30.549 28.335 26.143 23.970 21.818 19.687 17.577 15.487 13.418 11.369 9.341 7.334 7.109 7.482 7.902 8.369 8.881 9.441 10.046 10.742 11.511
58.947 61.666 64.135 66.354 70.586 74.916 79.006 82.856 86.466 89.835 92.965 95.855 98.504 100.914 103.084 105.013 104.671 104.220 103.737 103.220 102.670 102.087 101.765 101.706 101.621 101.510 101.373 100.567 94.124 87.866 81.792 75.903 70.199 64.679 59.344 54.193 49.227 44.445 39.848 36.275 34.976 33.797 32.737 31.796 30.975 30.274 29.692 29.229 28.886 28.663 28.559 27.559 25.436 23.334 21.252 19.190 17.150 15.130 13.130 11.151 9.193 7.379 6.055 6.234 7.181 8.060 8.870 9.611 10.284 10.888 11.424 11.890
53.427 55.284 56.891 58.248 61.298 64.802 68.066 71.089 73.873 76.417 78.721 80.785 82.609 84.194 85.538 86.642 86.356 85.794 85.200 84.572 83.911 83.217 82.783 82.611 82.414 82.190 81.940 81.664 76.165 70.720 65.460 60.384 55.492 50.785 46.262 41.924 37.771 33.801 30.017 26.848 26.076 25.423 24.889 24.475 24.180 24.005 23.949 24.013 24.196 24.498 24.920 24.552 22.600 21.297 19.990 18.678 17.361 16.039 14.712 13.380 12.043 10.702 9.356 9.094 9.740 10.317 10.825 11.265 11.636 11.939 12.173 12.338
48.149 49.144 49.889 50.385 52.245 54.923 57.361 59.559 61.517 63.235 64.714 65.953 66.952 67.712 68.231 68.511 68.093 67.420 66.714 65.976 65.204 64.399 63.853 63.569 63.258 62.922 62.559 62.170 58.023 53.391 48.943 44.680 40.600 36.706 32.995 29.469 26.127 22.970 19.997 17.303 17.057 16.930 16.923 17.059 18.250 19.495 20.795 22.149 23.557 25.020 26.536 27.443 26.123 24.799 23.469 22.135 20.795 19.451 18.102 16.748 15.389 14.026 12.657 12.021 12.365 12.641 12.848 12.986 13.056 13.057 12.990 12.854
43.112 43.246 43.130 42.765 43.426 45.278 46.890 48.263 49.396 50.290 50.944 51.358 51.533 51.468 51.164 50.620 49.880 49.097 48.280 47.431 46.548 45.633 44.975 44.578 44.155 43.706 43.230 42.729 39.699 35.878 32.243 28.791 25.524 22.441 19.542 18.263 17.066 15.858 14.637 13.404 14.418 15.685 17.007 18.382 19.812 21.296 22.835 24.427 26.074 27.775 29.531 30.990 29.648 28.301 26.950 25.593 24.231 22.865 21.494 20.118 18.737 17.351 15.960 15.014 15.057 15.031 14.937 14.774 14.542 14.242 13.874 13.437
38.317 37.590 36.613 35.388 34.840 35.867 36.655 37.203 37.512 37.581 37.410 37.001 36.351 35.463 34.335 32.967 31.719 30.825 29.898 28.938 27.944 26.918 26.148 25.639 25.103 24.541 25.917 27.586 27.553 26.387 25.210 24.020 22.818 21.604 20.378 19.140 17.890 16.628 15.354 14.067 14.965 16.471 18.031 19.645 21.314 23.037 24.814 26.645 28.531 30.470 32.464 34.512 33.174 31.805 30.431 29.053 27.669 26.280 24.887 23.489 22.086 20.678 19.265 18.073 17.815 17.488 17.092 16.628 16.096 15.495 14.825 14.087
33.762 32.175 30.338 28.253 26.488 26.691 26.654 26.378 25.862 25.107 24.113 22.880 21.407 19.695 17.744 15.553 13.610 12.604 13.438 15.210 16.963 18.696 20.393 22.056 23.704 25.337 26.955 28.558 28.816 27.597 26.365 25.122 23.867 22.600 21.320 20.029 18.726 17.410 16.083 14.743 15.453 17.197 18.996 20.849 22.756 24.717 26.733 28.802 30.926 33.105 35.337 37.623 36.702 35.311 33.914 32.514 31.108 29.697 28.282 26.861 25.436 24.006 22.571 21.199 20.639 20.011 19.315 18.550 17.717 16.815 15.844 14.806
29.448 27.001 24.305 21.360 18.369 17.748 16.887 15.787 14.448 12.869 11.052 10.528 10.669 10.812 10.956 11.101 11.551 13.296 15.021 16.727 18.413 20.081 21.712 23.309 24.891 26.457 28.009 29.545 30.091 28.818 27.533 26.237 24.928 23.608 22.275 20.930 19.574 18.205 16.825 15.432 15.881 17.864 19.901 21.992 24.138 26.338 28.591 30.899 33.262 35.678 38.149 40.673 40.231 38.817 37.399 35.976 34.548 33.115 31.678 30.235 28.788 27.336 25.879 24.417 23.530 22.601 21.604 20.539 19.404 18.202 16.931 15.591
25.374 22.068 18.513 14.709 11.637 11.603 11.740 11.879 12.019 12.161 12.304 12.448 12.593 12.740 12.888 13.038 13.280 14.959 16.618 18.258 19.879 21.481 23.046 24.577 26.092 27.593 29.078 30.548 31.378 30.052 28.714 27.364 26.002 24.628 23.242 21.844 20.435 19.013 17.579 16.133 16.250 18.471 20.746 23.076 25.460 27.898 30.390 32.936 35.537 38.191 40.900 43.663 43.761 42.325 40.885 39.440 37.990 36.535 35.075 33.610 32.141 30.667 29.188 27.704 26.487 25.258 23.960 22.594 21.159 19.656 18.085 16.445
23.830 21.149 18.586 16.142 13.816 13.493 13.635 13.778 13.922 14.068 14.215 14.364 14.514 14.665 14.818 14.971 15.127 16.637 18.231 19.805 21.361 22.897 24.396 25.860 27.309 28.743 30.162 31.566 32.677 31.298 29.906 28.503 27.088 25.661 24.222 22.771 21.308 19.833 18.345 16.846 16.559 19.018 21.532 24.100 26.722 29.398 32.128 34.913 37.751 40.643 43.590 46.591 47.292 45.835 44.372 42.905 41.433 39.956 38.474 36.987 35.496 33.999 32.498 30.992 29.511 27.981 26.383 24.716 22.981 21.177 19.305 17.365
24.264 21.991 19.836 17.800 15.883 15.379 15.526 15.673 15.822 15.972 16.124 16.277 16.431 16.586 16.743 16.901 17.061 18.330 19.858 21.367 22.857 24.328 25.761 27.159 28.541 29.909 31.262 32.599 33.921 32.556 31.111 29.655 28.187 26.706 25.214 23.710 22.193 20.665 19.125 17.572 16.809 19.507 22.258 25.064 27.924 30.838 33.807 36.829 39.905 43.035 46.220 49.459 50.825 49.346 47.861 46.372 44.877 43.378 41.874 40.366 38.852 37.334 35.810 34.282 32.601 30.770 28.742 26.372 24.086 21.885 19.769 17.738
24.585 22.720 20.974 19.346 17.836 17.263 17.413 17.565 17.718 17.873 18.029 18.186 18.344 18.504 18.665 18.828 18.992 20.038 21.501 22.944 24.368 25.774 27.141 28.472 29.789 31.090 32.377 33.648 34.904 33.826 32.328 30.819 29.297 27.764 26.218 24.661 23.091 21.510 19.916 18.311 17.000 19.935 22.925 25.969 29.067 32.219 35.425 38.685 41.999 45.367 48.789 52.266 54.360 52.858 51.351 49.840 48.323 46.687 44.355 42.057 39.795 37.569 35.378 33.222 31.041 28.872 26.787 24.788 22.872 21.042 19.295 17.634
24.796 23.338 21.999 20.779 19.677 19.142 19.297 19.453 19.611 19.770 19.930 20.092 20.254 20.419 20.584 20.751 20.919 21.762 23.158 24.536 25.895 27.235 28.536 29.802 31.052 32.287 33.507 34.712 35.902 35.108 33.558 31.995 30.420 28.833 27.235 25.624 24.002 22.367 20.720 19.062 17.391 20.305 23.532 26.814 30.150 33.539 36.983 40.481 44.018 46.892 49.675 52.368 54.148 51.793 49.474 47.190 44.941 42.728 40.550 38.407 36.300 34.229 32.192 30.192 28.264 26.465 24.750 23.120 21.575 20.114 18.738 17.446
24.894 23.844 22.913 22.100 21.405 21.019 21.178 21.338 21.500 21.663 21.828 21.994 22.161 22.330 22.500 22.671 22.843 23.500 24.831 26.144 27.437 28.711 29.946 31.146 32.330 33.499 34.653 35.792 36.916 36.403 34.799 33.183 31.555 29.916 28.264 26.600 24.924 23.237 21.537 19.825 18.018 20.338 23.448 26.468 29.399 32.239 34.988 37.648 40.218 42.697 45.086 47.385 49.382 47.182 45.017 42.888 40.795 38.736 36.713 34.726 32.773 30.857 28.975 27.129 25.404 23.975 22.630 21.370 20.195 19.104 18.097 17.175
24.881 24.238 23.714 23.308 23.021 22.891 23.055 23.220 23.386 23.554 23.723 23.893 24.064 24.237 24.412 24.587 24.764 25.253 26.519 27.766 28.994 30.202 31.372 32.505 33.624 34.727 35.815 36.887 37.945 37.710 36.053 34.058 32.032 30.063 28.152 26.298 24.501 22.761 21.078 19.453 17.884 19.393 22.110 24.736 27.272 29.718 32.074 34.340 36.516 38.602 40.597 42.503 44.318 42.539 40.530 38.555 36.616 34.713 32.845 31.012 29.214 27.452 25.726 24.034 22.462 21.403 20.428 19.538 18.732 18.010 17.373 16.820
24.757 24.521 24.404 24.405 24.525 24.761 24.929 25.098 25.269 25.441 25.614 25.788 25.964 26.142 26.320 26.500 26.681 27.022 28.222 29.404 30.566 31.709 32.474 33.054 33.616 34.162 34.690 35.202 35.697 35.333 33.443 31.611 29.835 28.117 26.456 24.852 23.305 21.815 20.383 19.007 17.689 18.546 20.869 23.101 25.244 27.296 29.259 31.131 32.913 34.606 36.208 37.720 39.142 37.865 36.010 34.191 32.407 30.658 28.944 27.266 25.623 24.016 22.444 20.907 19.438 18.748 18.143 17.622 17.185 16.833 16.565 16.382
