DATA/SHG/ECMWF/20170628/EN-44/20170708.en-44.asc
ncols        190
nrows        64
xllcorner    -5100000.000000000000
yllcorner    4130000.000000000000
cellsize     10000.000000000000
NODATA_value  -99999.000
[rows 32 to 63 of 64, columns 0 to 72 of 190]
11.413 10.404 10.073 9.821 9.574 9.334 9.100 8.872 8.650 8.434 8.224 8.021 7.823 7.632 7.944 8.220 8.430 8.573 8.651 8.663 8.609 8.488 8.302 8.050 7.732 7.347 7.495 7.653 7.812 7.973 8.134 8.297 8.461 8.626 8.793 8.960 9.129 9.302 9.657 10.064 10.524 11.037 11.604 12.223 12.896 13.621 14.400 15.443 16.637 17.809 17.697 17.516 17.265 16.945 16.556 16.097 15.570 14.973 14.307 13.571 12.767 12.064 12.968 13.816 14.606 15.339 16.014 16.633 17.195 17.700 18.147 18.538 18.871
12.673 11.242 10.697 10.466 10.241 10.022 9.809 9.602 9.401 9.206 9.018 8.835 8.659 8.488 8.538 8.583 8.562 8.475 8.322 8.104 7.819 7.468 7.052 6.569 6.021 5.406 5.435 5.597 5.761 5.926 6.092 6.260 6.428 6.598 6.769 6.941 7.115 7.289 7.787 8.379 9.262 10.259 11.311 12.420 13.584 14.805 16.081 17.414 18.802 20.246 20.042 19.619 19.127 18.566 17.935 17.236 16.467 15.629 14.722 13.745 12.700 11.585 12.209 12.858 13.450 13.985 14.463 14.884 15.248 15.555 15.805 15.998 16.134
14.063 12.212 11.314 11.104 10.900 10.702 10.510 10.324 10.144 9.971 9.803 9.642 9.487 9.337 9.201 9.016 8.765 8.447 8.064 7.615 7.100 6.519 5.873 5.160 4.381 3.537 3.376 3.543 3.712 3.881 4.052 4.224 4.397 4.855 5.331 5.800 6.262 6.716 7.592 8.672 9.808 11.000 12.247 13.551 14.911 16.326 17.798 19.325 20.908 22.548 22.453 21.789 21.055 20.253 19.381 18.441 17.431 16.352 15.203 13.986 12.700 11.344 11.506 11.957 12.351 12.689 12.969 13.192 13.358 13.468 13.520 13.515 13.453
15.585 13.313 11.923 11.734 11.551 11.374 11.204 11.039 10.880 10.728 10.581 10.441 10.307 10.179 9.935 9.519 9.037 8.490 7.877 7.197 6.452 5.641 4.765 3.822 2.813 1.752 1.671 2.172 2.666 3.153 3.633 4.105 4.571 5.029 5.480 5.924 6.361 6.790 7.690 8.965 10.296 11.683 13.126 14.624 16.179 17.789 19.456 21.178 22.956 24.790 24.929 24.024 23.050 22.006 20.893 19.712 18.461 17.141 15.752 14.294 12.767 11.171 10.858 11.112 11.308 11.448 11.530 11.556 11.525 11.437 11.291 11.089 10.830
17.237 14.545 12.525 12.357 12.195 12.039 11.890 11.746 11.609 11.477 11.352 11.233 11.120 11.013 10.738 10.092 9.380 8.603 7.756 6.883 6.039 5.223 4.436 3.677 2.947 2.245 2.026 2.502 2.971 3.433 3.888 4.336 4.776 5.209 5.636 6.055 6.467 6.872 7.731 9.201 10.727 12.309 13.946 15.640 17.389 19.194 21.055 22.972 24.945 26.974 27.471 26.325 25.110 23.825 22.472 21.050 19.558 17.998 16.368 14.670 12.902 11.066 10.266 10.322 10.321 10.263 10.148 9.976 9.748 9.462 9.120 8.720 8.264
19.021 15.908 13.119 12.972 12.832 12.697 12.569 12.446 12.330 12.219 12.115 11.947 11.626 11.318 10.903 10.016 9.157 8.326 7.524 6.751 6.005 5.289 4.601 3.941 3.310 2.707 2.387 2.839 3.283 3.720 4.150 4.573 4.989 5.397 5.798 6.193 6.580 6.960 7.714 9.379 11.100 12.876 14.709 16.597 18.541 20.541 22.596 24.708 26.875 29.098 30.079 28.692 27.236 25.711 24.117 22.454 20.722 18.921 17.051 15.112 13.104 11.027 9.730 9.588 9.390 9.135 8.822 8.453 8.027 7.544 7.005 6.408 5.755
20.935 17.403 13.751 13.581 13.349 12.983 12.630 12.291 11.963 11.649 11.348 11.059 10.783 10.520 10.245 9.456 8.697 7.965 7.262 6.588 5.942 5.324 4.735 4.175 3.643 3.139 2.756 3.182 3.602 4.014 4.419 4.817 5.208 5.592 5.968 6.338 6.700 7.055 7.640 9.500 11.415 13.386 15.413 17.496 19.635 21.829 24.079 26.385 28.747 31.164 32.751 31.124 29.427 27.662 25.827 23.924 21.952 19.910 17.800 15.621 13.373 11.056 9.249 8.910 8.515 8.062 7.552 6.986 6.363 5.683 5.229 4.982 4.771
21.105 17.181 13.377 12.468 12.135 11.814 11.506 11.211 10.929 10.659 10.402 10.158 9.927 9.709 9.504 8.867 8.207 7.575 6.971 6.396 5.849 5.330 4.840 4.379 3.946 3.541 3.165 3.533 3.927 4.315 4.695 5.068 5.434 5.793 6.145 6.490 6.827 7.158 7.509 9.563 11.673 13.839 16.060 18.338 20.671 23.059 25.504 28.004 30.560 33.172 35.490 33.621 31.685 29.679 27.604 25.460 23.248 20.967 18.616 16.197 13.709 11.152 8.824 8.386 8.015 7.680 7.379 7.114 6.883 6.688 6.528 6.403 6.312
19.344 15.840 12.458 11.197 10.908 10.632 10.369 10.119 9.881 9.656 9.444 9.245 9.059 8.885 8.725 8.249 7.688 7.154 6.650 6.173 5.726 5.306 4.915 4.553 4.218 3.913 3.635 3.890 4.260 4.622 4.978 5.326 5.668 6.002 6.329 6.649 6.962 7.267 7.566 9.569 11.874 14.234 16.650 19.121 21.648 24.231 26.870 29.565 32.315 35.120 37.982 36.185 34.008 31.762 29.447 27.063 24.469 21.842 19.240 16.663 14.110 11.583 9.085 8.801 8.552 8.337 8.158 8.014 7.905 7.831 7.792 7.788 7.819
17.453 14.370 11.408 9.913 9.669 9.438 9.220 9.014 8.821 8.641 8.474 8.320 8.178 8.049 7.933 7.601 7.139 6.705 6.299 5.922 5.573 5.252 4.960 4.696 4.461 4.254 4.076 4.254 4.599 4.937 5.268 5.591 5.908 6.217 6.520 6.815 7.103 7.384 7.658 9.518 12.017 14.571 17.181 19.847 22.569 25.346 28.178 31.067 34.011 36.667 39.226 37.596 34.930 32.289 29.673 27.082 24.516 21.975 19.459 16.968 14.501 12.060 9.644 9.182 9.054 8.961 8.903 8.880 8.892 8.939 9.022 9.139 9.291
15.431 12.770 10.229 8.617 8.418 8.232 8.058 7.897 7.749 7.614 7.491 7.381 7.284 7.200 7.129 6.924 6.560 6.225 5.918 5.640 5.390 5.168 4.975 4.810 4.674 4.566 4.486 4.625 4.945 5.259 5.565 5.864 6.155 6.440 6.717 6.988 7.251 7.507 7.756 9.410 12.103 14.852 17.581 20.271 22.924 25.541 28.121 30.664 33.171 35.641 38.075 37.189 34.609 32.054 29.524 27.019 24.539 22.084 19.654 17.249 14.868 12.513 10.183 9.529 9.522 9.550 9.614 9.712 9.845 10.013 10.216 10.455 10.728
13.281 11.039 8.919 7.309 7.155 7.013 6.884 6.768 6.664 6.574 6.496 6.431 6.378 6.339 6.312 6.217 5.953 5.716 5.508 5.329 5.178 5.055 4.960 4.894 4.856 4.847 4.866 5.003 5.299 5.587 5.868 6.142 6.410 6.669 6.924 7.230 7.543 7.862 8.188 9.568 12.241 14.878 17.478 20.042 22.569 25.059 27.512 29.929 32.309 34.653 36.960 36.759 34.265 31.796 29.352 26.933 24.538 22.169 19.825 17.506 15.211 12.942 10.697 9.841 9.956 10.105 10.290 10.509 10.763 11.052 11.377 11.736 12.130
11.000 9.179 7.478 5.989 5.879 5.782 5.697 5.626 5.567 5.521 5.488 5.467 5.459 5.464 5.482 5.481 5.316 5.178 5.069 4.988 4.935 4.911 4.915 4.948 5.009 5.098 5.216 5.389 5.672 5.962 6.258 6.561 6.871 7.187 7.509 7.838 8.174 8.516 8.864 9.882 12.429 14.939 17.412 19.849 22.250 24.613 26.940 29.231 31.485 33.702 35.882 36.305 33.897 31.513 29.155 26.822 24.514 22.230 19.972 17.739 15.530 13.346 11.188 10.120 10.355 10.626 10.931 11.272 11.647 12.057 12.502 12.982 13.497
8.591 7.189 5.908 4.748 4.591 4.538 4.499 4.472 4.457 4.456 4.467 4.491 4.528 4.578 4.640 4.715 4.649 4.610 4.600 4.617 4.672 4.777 4.901 5.044 5.205 5.386 5.585 5.808 6.114 6.427 6.746 7.071 7.403 7.742 8.087 8.439 8.797 9.162 9.533 10.232 12.652 15.036 17.383 19.693 21.967 24.204 26.405 28.569 30.697 32.788 34.842 35.827 33.505 31.208 28.935 26.688 24.466 22.268 20.095 17.948 15.825 13.727 11.654 10.365 10.721 11.113 11.539 12.000 12.496 13.027 13.593 14.194 14.830
6.051 5.070 4.208 3.467 3.290 3.282 3.287 3.305 3.335 3.378 3.434 3.503 3.584 3.705 3.879 4.048 4.141 4.236 4.350 4.483 4.635 4.805 4.995 5.203 5.430 5.675 5.940 6.223 6.549 6.884 7.226 7.574 7.929 8.290 8.658 9.032 9.413 9.800 10.194 10.618 12.912 15.169 17.390 19.574 21.721 23.832 25.907 27.944 29.946 31.910 33.838 35.326 33.090 30.878 28.692 26.530 24.393 22.282 20.195 18.133 16.096 14.083 12.096 10.575 11.053 11.565 12.112 12.694 13.311 13.963 14.650 15.371 16.128
3.383 2.821 2.378 2.056 1.978 2.014 2.127 2.317 2.503 2.684 2.860 3.033 3.200 3.363 3.522 3.675 3.822 3.983 4.163 4.361 4.578 4.814 5.068 5.342 5.634 5.945 6.274 6.623 6.977 7.334 7.699 8.069 8.447 8.831 9.221 9.618 10.021 10.431 10.847 11.270 13.207 15.338 17.433 19.490 21.512 23.496 25.445 27.356 29.231 31.070 32.872 34.637 32.651 30.525 28.425 26.349 24.298 22.272 20.270 18.294 16.343 14.416 12.514 10.752 11.350 11.983 12.651 13.354 14.092 14.865 15.672 16.514 17.383
1.187 1.267 1.343 1.416 1.537 1.721 1.900 2.075 2.245 2.410 2.571 2.727 2.879 3.027 3.169 3.308 3.484 3.710 3.955 4.219 4.501 4.802 5.122 5.461 5.818 6.194 6.589 7.003 7.397 7.777 8.164 8.557 8.957 9.364 9.776 10.196 10.622 11.054 11.493 11.938 13.539 15.544 17.512 19.444 21.339 23.197 25.019 26.805 28.554 30.266 31.942 33.582 32.189 30.149 28.134 26.144 24.178 22.238 20.322 18.431 16.566 14.725 12.908 11.117 11.614 12.363 13.069 13.751 14.408 15.040 15.647 16.230 16.789
1.072 1.138 1.200 1.258 1.347 1.515 1.679 1.837 1.992 2.142 2.287 2.428 2.564 2.695 2.823 2.945 3.127 3.418 3.728 4.057 4.405 4.771 5.156 5.560 5.982 6.424 6.884 7.363 7.810 8.212 8.622 9.038 9.460 9.889 10.325 10.767 11.215 11.670 12.131 12.599 13.907 15.786 17.628 19.433 21.202 22.935 24.631 26.290 27.913 29.500 31.050 32.563 31.703 29.749 27.819 25.915 24.035 22.180 20.340 18.479 16.674 14.924 13.228 11.588 11.742 12.387 13.008 13.605 14.177 14.724 15.247 15.745 16.218
0.962 1.014 1.062 1.106 1.162 1.314 1.462 1.605 1.744 1.878 2.008 2.133 2.253 2.370 2.481 2.588 2.749 3.106 3.481 3.875 4.288 4.720 5.170 5.639 6.127 6.633 7.158 7.702 8.215 8.640 9.072 9.511 9.956 10.407 10.865 11.330 11.801 12.278 12.762 13.252 14.311 16.064 17.780 19.459 21.102 22.709 24.279 25.812 27.309 28.770 30.194 31.545 30.995 28.995 27.050 25.159 23.324 21.544 19.818 18.148 16.533 14.972 13.466 12.016 11.874 12.435 12.971 13.483 13.970 14.432 14.870 15.283 15.672
0.857 0.895 0.928 0.958 0.984 1.119 1.251 1.378 1.501 1.620 1.734 1.843 1.948 2.049 2.145 2.236 2.352 2.774 3.215 3.674 4.152 4.649 5.164 5.698 6.251 6.823 7.413 8.022 8.613 9.061 9.516 9.977 10.444 10.918 11.399 11.886 12.379 12.879 13.385 13.898 14.751 16.378 17.968 19.521 20.993 22.308 23.585 24.823 26.022 27.182 28.304 29.386 29.282 27.472 25.717 24.017 22.371 20.781 19.245 17.764 16.338 14.968 13.652 12.390 12.030 12.506 12.957 13.384 13.786 14.163 14.517 14.845 15.149
0.756 0.780 0.799 0.815 0.826 0.928 1.045 1.157 1.264 1.367 1.465 1.559 1.648 1.733 1.814 1.889 1.961 2.423 2.928 3.453 3.996 4.558 5.138 5.738 6.356 6.992 7.648 8.322 9.004 9.474 9.951 10.435 10.925 11.422 11.925 12.434 12.950 13.414 13.779 14.159 14.697 16.034 17.332 18.592 19.812 20.994 22.136 23.240 24.305 25.332 26.319 27.267 27.518 25.898 24.332 22.822 21.366 19.965 18.619 17.328 16.092 14.910 13.784 12.712 12.209 12.600 12.966 13.308 13.626 13.918 14.187 14.431 14.650
0.660 0.669 0.675 0.676 0.674 0.743 0.844 0.940 1.032 1.119 1.202 1.280 1.354 1.423 1.488 1.548 1.603 2.052 2.623 3.212 3.820 4.447 5.093 5.757 6.440 7.142 7.862 8.601 9.359 9.880 10.298 10.618 10.950 11.296 11.655 12.028 12.413 12.812 13.223 13.648 14.093 15.296 16.460 17.585 18.672 19.719 20.728 21.698 22.629 23.521 24.375 25.190 25.702 24.272 22.896 21.575 20.309 19.097 17.941 16.839 15.792 14.800 13.863 12.981 12.411 12.717 12.999 13.256 13.489 13.697 13.881 14.040 14.174
0.568 0.564 0.555 0.542 0.526 0.563 0.648 0.729 0.805 0.876 0.944 1.006 1.064 1.118 1.167 1.211 1.251 1.661 2.297 2.952 3.625 4.317 5.027 5.709 6.334 6.938 7.521 8.082 8.623 9.011 9.363 9.728 10.107 10.499 10.904 11.321 11.753 12.197 12.654 13.125 13.608 14.597 15.627 16.619 17.571 18.485 19.360 20.196 20.993 21.752 22.472 23.152 23.794 22.594 21.408 20.276 19.199 18.177 17.210 16.298 15.440 14.638 13.890 13.197 12.636 12.858 13.055 13.227 13.376 13.499 13.598 13.673 13.723
0.481 0.463 0.440 0.413 0.382 0.388 0.457 0.522 0.583 0.639 0.690 0.737 0.780 0.818 0.851 0.880 0.927 1.296 1.974 2.631 3.267 3.883 4.477 5.050 5.603 6.134 6.645 7.135 7.603 8.017 8.415 8.827 9.251 9.688 10.139 10.603 11.079 11.569 12.072 12.589 13.118 13.938 14.835 15.692 16.511 17.291 18.032 18.734 19.398 20.023 20.609 21.156 21.664 20.864 19.867 18.925 18.038 17.205 16.427 15.704 15.036 14.422 13.863 13.359 12.910 13.022 13.134 13.222 13.286 13.325 13.339 13.329 13.294
0.399 0.366 0.329 0.288 0.243 0.218 0.272 0.321 0.366 0.426 0.493 0.558 0.621 0.681 0.740 0.796 0.850 1.094 1.699 2.284 2.848 3.391 3.913 4.414 4.894 5.354 5.792 6.210 6.606 7.011 7.455 7.912 8.382 8.865 9.361 9.871 10.393 10.929 11.478 12.040 12.614 13.320 14.082 14.806 15.491 16.137 16.744 17.313 17.843 18.334 18.786 19.200 19.575 19.083 18.275 17.523 16.824 16.181 15.592 15.058 14.579 14.154 13.785 13.470 13.209 13.209 13.237 13.240 13.219 13.174 13.103 13.009 12.890
0.321 0.274 0.239 0.207 0.173 0.144 0.212 0.278 0.342 0.404 0.463 0.521 0.576 0.629 0.680 0.728 0.775 0.913 1.447 1.959 2.451 2.922 3.372 3.800 4.209 4.596 4.962 5.307 5.632 5.993 6.482 6.985 7.501 8.029 8.571 9.126 9.695 10.276 10.870 11.478 12.098 12.740 13.369 13.959 14.510 15.023 15.496 15.931 16.328 16.685 17.004 17.284 17.526 17.250 16.632 16.068 15.559 15.104 14.705 14.360 14.070 13.834 13.653 13.527 13.455 13.420 13.363 13.282 13.176 13.037 12.877 12.700 12.505
0.352 0.317 0.281 0.244 0.204 0.163 0.215 0.273 0.330 0.384 0.436 0.486 0.533 0.579 0.622 0.663 0.702 0.755 1.216 1.657 2.076 2.475 2.853 3.209 3.545 3.860 4.155 4.428 4.680 4.962 5.497 6.045 6.607 7.181 7.769 8.369 8.983 9.610 10.250 10.903 11.569 12.201 12.696 13.152 13.570 13.949 14.289 14.590 14.853 15.077 15.263 15.409 15.517 15.366 14.936 14.562 14.242 13.976 13.765 13.609 13.508 13.461 13.478 13.523 13.589 13.551 13.400 13.233 13.048 12.846 12.626 12.390 12.136
0.407 0.367 0.325 0.282 0.237 0.191 0.219 0.270 0.319 0.366 0.410 0.453 0.493 0.531 0.567 0.601 0.632 0.661 1.009 1.377 1.724 2.051 2.356 2.641 2.905 3.148 3.370 3.571 3.751 3.918 4.499 5.093 5.700 6.320 6.953 7.600 8.259 8.931 9.617 10.316 11.027 11.701 12.062 12.385 12.669 12.915 13.121 13.289 13.419 13.509 13.561 13.575 13.549 13.430 13.189 13.112 13.081 13.072 13.084 13.117 13.171 13.247 13.344 13.462 13.601 13.613 13.403 13.176 12.932 12.671 12.392 12.097 11.784
0.463 0.417 0.370 0.322 0.272 0.220 0.226 0.270 0.311 0.350 0.387 0.422 0.455 0.486 0.514 0.540 0.564 0.586 0.823 1.119 1.394 1.649 1.882 2.095 2.287 2.458 2.608 2.737 2.845 2.933 3.489 4.128 4.781 5.446 6.125 6.817 7.522 8.240 8.971 9.715 10.473 11.240 11.468 11.658 11.808 11.920 11.994 12.028 12.075 12.133 12.197 12.269 12.348 12.420 12.421 12.442 12.485 12.549 12.634 12.741 12.869 13.018 13.189 13.380 13.593 13.691 13.422 13.136 12.833 12.512 12.175 11.820 11.448
0.521 0.470 0.417 0.363 0.308 0.251 0.236 0.272 0.306 0.337 0.367 0.394 0.420 0.443 0.464 0.482 0.499 0.513 0.660 0.884 1.087 1.269 1.431 1.571 1.691 1.790 1.868 1.926 1.962 1.978 2.466 3.151 3.849 4.560 5.284 6.022 6.772 7.536 8.312 9.102 9.905 10.629 10.755 10.795 10.842 10.896 10.957 11.026 11.101 11.183 11.273 11.369 11.473 11.583 11.657 11.752 11.869 12.006 12.165 12.345 12.546 12.769 13.013 13.278 13.565 13.785 13.457 13.112 12.750 12.370 11.974 11.560 11.129
0.580 0.524 0.466 0.407 0.346 0.283 0.247 0.276 0.302 0.327 0.349 0.369 0.386 0.402 0.415 0.427 0.436 0.443 0.519 0.671 0.802 0.912 1.002 1.070 1.118 1.145 1.151 1.137 1.101 1.045 1.430 2.161 2.905 3.661 4.472 5.258 6.017 6.749 7.455 8.135 8.788 9.414 9.628 9.693 9.764 9.843 9.929 10.022 10.121 10.228 10.342 10.463 10.591 10.726 10.874 11.042 11.232 11.443 11.675 11.929 12.204 12.500 12.817 13.156 13.515 13.896 13.509 13.105 12.683 12.245 11.789 11.317 10.827
0.641 0.580 0.516 0.452 0.385 0.318 0.261 0.282 0.301 0.318 0.333 0.345 0.356 0.364 0.370 0.374 0.375 0.375 0.400 0.480 0.539 0.577 0.595 0.592 0.568 0.523 0.460 0.480 0.500 0.519 0.882 1.683 2.457 3.204 3.925 4.619 5.287 5.928 6.543 7.131 7.693 8.228 8.495 8.584 8.681 8.784 8.894 9.011 9.136 9.267 9.406 9.551 9.704 9.863 10.070 10.312 10.575 10.860 11.166 11.492 11.841 12.210 12.601 13.013 13.446 13.900 13.577 13.114 12.634 12.136 11.621 11.090 10.541
