DATA/SHG/ECMWF/20170628/EN-44/20170710.en-44.asc
ncols        190
nrows        64
xllcorner    -5100000.000000000000
yllcorner    4130000.000000000000
cellsize     10000.000000000000
NODATA_value  -99999.000
[rows 32 to 63 of 64, columns 73 to 145 of 190]
7.046 6.825 6.624 6.445 6.285 6.147 6.029 5.931 5.854 5.798 5.763 5.748 5.836 6.347 6.857 7.366 7.875 8.384 8.892 9.399 9.905 10.401 10.886 11.370 11.762 11.846 11.936 12.032 12.133 12.241 12.354 12.473 12.599 12.729 12.866 13.009 12.940 12.458 11.965 11.460 10.945 10.419 9.882 9.333 8.758 8.152 7.571 7.017 7.295 8.465 9.604 10.710 11.785 12.828 13.839 14.818 15.765 16.680 17.563 18.414 19.244 20.049 20.823 21.565 22.276 22.956 23.603 24.220 24.805 25.358 25.880 26.370 25.491
7.006 6.856 6.727 6.618 6.531 6.464 6.417 6.391 6.386 6.401 6.437 6.493 6.586 7.094 7.603 8.110 8.617 9.123 9.629 10.134 10.639 11.132 11.614 12.096 12.540 12.650 12.766 12.887 13.015 13.148 13.287 13.432 13.583 13.740 13.903 14.030 13.828 13.129 12.455 11.807 11.186 10.590 10.020 9.477 8.959 8.468 8.002 7.563 7.662 8.692 9.689 10.655 11.589 12.491 13.361 14.199 15.006 15.780 16.522 17.233 17.921 18.588 19.223 19.826 20.399 20.939 21.449 21.927 22.373 22.788 23.171 23.523 22.917
6.953 6.867 6.810 6.773 6.757 6.761 6.786 6.831 6.897 6.984 7.091 7.219 7.367 7.842 8.348 8.853 9.358 9.862 10.366 10.869 11.371 11.863 12.343 12.823 13.302 13.446 13.642 13.991 14.250 14.419 14.499 14.488 14.389 14.199 13.920 13.551 13.082 12.497 11.939 11.406 10.899 10.419 9.964 9.535 9.133 8.756 8.405 8.081 8.062 8.951 9.808 10.633 11.426 12.188 12.917 13.615 14.280 14.914 15.516 16.086 16.632 17.160 17.656 18.122 18.555 18.957 19.328 19.668 19.975 20.252 20.497 20.710 20.303
6.885 6.859 6.873 6.908 6.963 7.039 7.135 7.252 7.389 7.547 7.726 7.925 8.144 8.588 9.092 9.596 10.098 10.600 11.178 11.929 12.763 13.636 14.534 15.499 16.529 16.794 16.835 16.786 16.648 16.420 16.103 15.696 15.199 14.612 13.936 13.171 12.315 11.839 11.395 10.977 10.585 10.220 9.880 9.566 9.278 9.016 8.780 8.571 8.496 9.244 9.960 10.644 11.297 11.918 12.507 13.064 13.589 14.082 14.543 14.973 15.376 15.766 16.124 16.451 16.746 17.010 17.242 17.443 17.612 17.750 17.857 17.932 17.648
6.800 6.832 6.918 7.023 7.150 7.297 7.465 7.653 7.861 8.091 8.340 8.595 8.835 9.278 9.901 10.607 11.396 12.269 13.224 14.262 15.382 16.544 17.734 18.989 20.309 20.480 20.124 19.678 19.143 18.518 17.804 17.000 16.107 15.124 14.051 12.889 11.637 11.153 10.824 10.521 10.244 9.993 9.768 9.569 9.396 9.249 9.128 9.032 8.963 9.569 10.145 10.689 11.201 11.681 12.130 12.546 12.931 13.284 13.605 13.894 14.154 14.406 14.625 14.813 14.970 15.096 15.190 15.252 15.283 15.283 15.252 15.188 14.953
6.699 6.786 6.942 7.120 7.343 7.593 7.839 8.083 8.324 8.562 8.797 9.030 9.260 9.809 10.720 11.713 12.790 13.949 15.191 16.516 17.924 19.375 20.854 22.400 24.010 24.262 23.509 22.667 21.735 20.714 19.603 18.402 17.112 15.733 14.264 12.705 11.057 10.440 10.226 10.037 9.875 9.739 9.628 9.544 9.486 9.453 9.447 9.466 9.511 9.928 10.363 10.767 11.138 11.478 11.786 12.062 12.307 12.519 12.700 12.849 12.966 13.079 13.160 13.210 13.229 13.216 13.172 13.096 12.989 12.850 12.681 12.479 12.218
6.922 7.112 7.360 7.606 7.848 8.088 8.325 8.559 8.790 9.019 9.244 9.467 9.687 10.264 11.462 12.743 14.106 15.553 17.082 18.694 20.388 22.127 23.897 25.732 27.633 28.139 26.990 25.751 24.423 23.005 21.498 19.901 18.215 16.440 14.575 12.620 10.576 9.699 9.600 9.526 9.479 9.457 9.461 9.492 9.548 9.630 9.738 9.872 10.032 10.320 10.615 10.878 11.109 11.308 11.476 11.612 11.716 11.788 11.829 11.837 11.814 11.786 11.729 11.641 11.521 11.370 11.187 10.974 10.729 10.452 10.144 9.805 9.442
7.470 7.649 7.887 8.122 8.355 8.585 8.812 9.037 9.258 9.477 9.693 9.906 10.117 10.643 12.128 13.695 15.346 17.079 18.895 20.793 22.775 24.802 26.862 28.987 31.177 32.113 30.567 28.932 27.208 25.394 23.490 21.498 19.416 17.244 14.983 12.633 10.193 8.932 8.947 8.988 9.055 9.148 9.267 9.411 9.582 9.779 10.001 10.250 10.524 10.744 10.899 11.022 11.113 11.172 11.199 11.195 11.159 11.091 10.991 10.860 10.696 10.526 10.331 10.105 9.847 9.601 9.459 9.331 9.218 9.121 9.038 8.971 8.918
8.016 8.187 8.415 8.641 8.864 9.084 9.302 9.516 9.728 9.937 10.144 10.347 10.548 10.945 12.717 14.571 16.508 18.528 20.631 22.816 25.084 27.399 29.748 32.163 34.643 36.181 34.240 32.209 30.088 27.879 25.580 23.191 20.713 18.146 15.490 12.744 9.909 8.137 8.266 8.422 8.604 8.811 9.044 9.303 9.589 9.900 10.237 10.599 10.988 11.202 11.216 11.199 11.149 11.069 10.956 10.811 10.625 10.396 10.172 9.954 9.741 9.573 9.436 9.315 9.208 9.117 9.040 8.979 8.933 8.902 8.886 8.885 8.899
8.561 8.730 8.945 9.161 9.375 9.585 9.793 9.998 10.200 10.400 10.596 10.790 10.981 11.172 13.230 15.371 17.594 19.900 22.289 24.761 27.315 29.918 32.557 35.261 38.031 40.345 38.008 35.581 33.065 30.460 27.766 24.982 22.108 19.146 16.094 12.953 9.723 7.315 7.559 7.829 8.125 8.447 8.794 9.168 9.567 9.993 10.444 10.896 11.223 11.310 11.067 10.829 10.597 10.370 10.148 9.932 9.722 9.517 9.317 9.123 8.935 8.808 8.738 8.682 8.642 8.617 8.607 8.613 8.633 8.668 8.718 8.783 8.864
9.105 9.276 9.477 9.684 9.888 10.088 10.287 10.482 10.674 10.864 11.051 11.235 11.417 11.595 13.666 16.094 18.603 21.196 23.871 26.628 29.469 32.360 35.288 38.282 41.340 44.465 41.872 39.050 36.139 33.138 30.048 26.869 23.601 20.243 16.796 13.260 9.635 6.466 6.826 7.208 7.578 7.936 8.283 8.617 8.939 9.250 9.548 9.835 10.109 10.233 10.013 9.800 9.592 9.389 9.192 9.000 8.814 8.633 8.458 8.288 8.124 8.028 8.025 8.036 8.062 8.104 8.160 8.231 8.318 8.419 8.536 8.668 8.814
9.647 9.821 10.011 10.208 10.402 10.593 10.782 10.967 11.150 11.330 11.508 11.682 11.854 12.023 14.026 16.740 19.536 22.414 25.375 28.419 31.545 34.724 37.941 41.224 44.572 47.985 45.832 42.614 39.308 35.878 31.821 27.851 23.968 20.173 16.465 12.845 9.311 5.909 6.251 6.580 6.898 7.204 7.498 7.779 8.049 8.307 8.553 8.787 9.009 9.150 8.955 8.766 8.582 8.404 8.231 8.063 7.901 7.744 7.593 7.448 7.308 7.235 7.297 7.375 7.468 7.575 7.698 7.836 7.988 8.156 8.339 8.537 8.750
10.187 10.364 10.547 10.734 10.919 11.100 11.279 11.455 11.628 11.799 11.966 12.131 12.293 12.452 14.311 17.310 20.392 23.556 26.803 30.133 33.544 36.310 38.974 41.560 44.069 46.501 44.242 40.308 36.460 32.700 29.028 25.442 21.944 18.533 15.210 11.974 8.825 5.763 5.689 5.966 6.231 6.485 6.726 6.955 7.173 7.378 7.572 7.754 7.923 8.064 7.893 7.728 7.568 7.414 7.265 7.122 6.984 6.852 6.725 6.603 6.487 6.427 6.556 6.699 6.858 7.032 7.221 7.425 7.644 7.878 8.127 8.391 8.670
10.726 10.906 11.085 11.263 11.437 11.609 11.778 11.944 12.108 12.269 12.427 12.582 12.734 12.884 14.289 17.154 19.921 22.590 25.161 27.635 30.011 32.353 34.676 36.922 39.091 41.181 39.819 36.268 32.806 29.430 26.142 22.941 19.827 16.800 13.861 11.009 8.245 5.567 5.141 5.366 5.578 5.779 5.968 6.145 6.310 6.463 6.604 6.734 6.851 6.957 6.826 6.685 6.549 6.419 6.295 6.176 6.062 5.954 5.851 5.754 5.662 5.604 5.799 6.009 6.235 6.475 6.730 7.000 7.285 7.585 7.901 8.231 8.576
11.264 11.446 11.625 11.793 11.958 12.120 12.279 12.226 12.170 12.115 12.060 12.006 11.953 11.900 12.784 15.312 17.742 20.075 22.309 24.446 26.485 28.488 30.471 32.376 34.204 35.954 35.303 32.138 29.059 26.068 23.164 20.347 17.617 14.975 12.419 9.951 7.571 5.277 4.606 4.778 4.939 5.087 5.224 5.348 5.461 5.562 5.651 5.728 5.793 5.846 5.754 5.638 5.526 5.421 5.320 5.225 5.136 5.052 4.973 4.900 4.833 4.771 5.029 5.305 5.596 5.903 6.224 6.560 6.912 7.278 7.659 8.056 8.467
11.577 11.538 11.493 11.436 11.380 11.324 11.269 11.215 11.161 11.108 11.056 11.004 10.954 10.904 11.371 13.562 15.655 17.650 19.548 21.348 23.050 24.715 26.358 27.923 29.410 30.820 30.697 27.915 25.221 22.614 20.093 17.660 15.315 13.056 10.884 8.800 6.803 4.893 4.085 4.205 4.313 4.409 4.493 4.565 4.626 4.674 4.711 4.735 4.748 4.749 4.679 4.586 4.499 4.417 4.341 4.270 4.205 4.145 4.091 4.042 3.999 3.961 4.244 4.586 4.944 5.316 5.704 6.106 6.524 6.956 7.403 7.866 8.343
10.586 10.530 10.469 10.415 10.361 10.308 10.255 10.204 10.153 10.102 10.053 10.004 9.955 9.908 10.047 11.901 13.658 15.317 16.878 18.341 19.707 21.034 22.336 23.561 24.708 25.778 25.999 23.602 21.291 19.067 16.931 14.882 12.919 11.044 9.256 7.555 5.942 4.415 3.577 3.645 3.701 3.744 3.776 3.796 3.804 3.800 3.784 3.757 3.717 3.666 3.598 3.530 3.467 3.409 3.357 3.311 3.270 3.234 3.204 3.179 3.160 3.146 3.444 3.853 4.276 4.715 5.169 5.637 6.121 6.616 7.105 7.583 8.052
9.601 9.528 9.450 9.394 9.343 9.292 9.242 9.193 9.145 9.097 9.050 9.003 8.958 8.913 8.868 10.331 11.751 13.073 14.298 15.426 16.455 17.444 18.406 19.291 20.098 20.828 21.211 19.197 17.269 15.429 13.676 12.011 10.432 8.940 7.535 6.218 4.987 3.843 3.083 3.098 3.102 3.093 3.073 3.040 2.996 2.940 2.872 2.792 2.700 2.596 2.514 2.469 2.430 2.397 2.369 2.347 2.330 2.318 2.312 2.312 2.336 2.434 2.803 3.317 3.820 4.315 4.799 5.274 5.739 6.195 6.641 7.077 7.504
8.622 8.532 8.436 8.374 8.325 8.277 8.230 8.183 8.137 8.092 8.047 8.004 7.960 7.918 7.876 8.851 9.935 10.921 11.810 12.601 13.295 13.945 14.568 15.113 15.580 15.971 16.284 14.700 13.156 11.700 10.330 9.047 7.852 6.743 5.721 4.786 3.939 3.178 2.602 2.565 2.516 2.456 2.383 2.298 2.202 2.093 1.973 1.841 1.697 1.541 1.424 1.422 1.556 1.683 1.801 1.912 2.014 2.109 2.195 2.273 2.344 2.406 2.687 3.159 3.620 4.072 4.514 4.947 5.370 5.784 6.187 6.581 6.966
7.649 7.541 7.428 7.354 7.308 7.262 7.218 7.174 7.130 7.088 7.046 7.004 6.964 6.924 6.885 7.461 8.209 8.859 9.412 9.867 10.225 10.538 10.821 11.026 11.154 11.205 11.179 10.112 8.952 7.878 6.891 5.992 5.179 4.453 3.814 3.262 2.797 2.419 2.135 2.046 1.945 1.832 1.709 1.671 1.641 1.619 1.605 1.598 1.600 1.609 1.647 1.754 1.854 1.945 2.028 2.103 2.171 2.230 2.281 2.325 2.360 2.387 2.581 3.010 3.430 3.840 4.240 4.630 5.011 5.382 5.744 6.095 6.438
6.682 6.557 6.427 6.335 6.291 6.249 6.206 6.165 6.124 6.084 6.044 6.006 5.968 5.930 5.894 6.161 6.573 6.887 7.104 7.224 7.247 7.222 7.165 7.031 6.820 6.532 6.166 5.434 4.656 3.965 3.361 2.844 2.414 2.071 2.028 2.000 1.973 1.946 1.918 1.885 1.858 1.839 1.828 1.824 1.829 1.841 1.861 1.889 1.925 1.969 2.023 2.095 2.159 2.215 2.263 2.303 2.336 2.360 2.376 2.384 2.384 2.377 2.485 2.872 3.249 3.617 3.975 4.323 4.662 4.991 5.310 5.620 5.920
5.721 5.579 5.431 5.316 5.275 5.235 5.195 5.156 5.118 5.081 5.044 5.007 4.972 4.937 4.903 4.950 5.027 5.006 4.888 4.672 4.359 3.997 3.601 3.128 2.577 2.385 2.261 2.196 2.168 2.140 2.113 2.085 2.058 2.031 2.004 1.977 1.950 1.923 1.896 1.891 1.899 1.914 1.938 1.969 2.008 2.055 2.109 2.172 2.242 2.320 2.406 2.443 2.472 2.493 2.506 2.511 2.508 2.498 2.479 2.452 2.417 2.374 2.399 2.744 3.079 3.404 3.720 4.026 4.322 4.609 4.886 5.154 5.412
4.766 4.606 4.441 4.299 4.260 4.222 4.185 4.149 4.113 4.078 4.044 4.010 3.977 3.945 3.913 3.830 3.571 3.359 3.209 3.066 2.928 2.799 2.676 2.558 2.445 2.337 2.234 2.169 2.141 2.114 2.087 2.060 2.033 2.007 1.980 1.953 1.927 1.901 1.874 1.890 1.932 1.982 2.039 2.105 2.178 2.259 2.349 2.445 2.550 2.663 2.783 2.800 2.794 2.780 2.758 2.727 2.689 2.643 2.589 2.527 2.457 2.379 2.323 2.625 2.918 3.201 3.475 3.739 3.993 4.238 4.473 4.698 4.914
3.817 3.640 3.457 3.281 3.245 3.210 3.175 3.141 3.108 3.076 3.117 3.189 3.259 3.326 3.390 3.413 3.272 3.137 3.009 2.886 2.769 2.661 2.559 2.463 2.371 2.284 2.202 2.141 2.114 2.088 2.061 2.035 2.008 1.982 1.956 1.930 1.904 1.878 1.852 1.880 1.956 2.040 2.133 2.233 2.340 2.456 2.579 2.711 2.850 2.997 3.151 3.164 3.123 3.074 3.017 2.952 2.878 2.797 2.708 2.611 2.506 2.393 2.272 2.516 2.767 3.008 3.240 3.462 3.674 3.876 4.069 4.253 4.426
2.873 2.679 2.479 2.359 2.430 2.509 2.586 2.659 2.730 2.799 2.865 2.928 2.989 3.047 3.102 3.144 3.024 2.911 2.803 2.701 2.605 2.518 2.437 2.362 2.291 2.225 2.164 2.114 2.088 2.061 2.035 2.009 1.983 1.957 1.932 1.906 1.881 1.855 1.830 1.861 1.972 2.091 2.217 2.352 2.494 2.644 2.801 2.967 3.141 3.322 3.511 3.537 3.460 3.376 3.284 3.184 3.075 2.959 2.835 2.703 2.563 2.415 2.259 2.418 2.626 2.825 3.014 3.194 3.364 3.525 3.676 3.817 3.949
2.472 2.382 2.290 2.195 2.235 2.305 2.372 2.437 2.499 2.559 2.616 2.670 2.721 2.770 2.817 2.861 2.772 2.679 2.592 2.511 2.436 2.369 2.310 2.256 2.206 2.161 2.121 2.087 2.061 2.035 2.009 1.984 1.958 1.933 1.908 1.882 1.857 1.833 1.808 1.834 1.979 2.132 2.293 2.462 2.639 2.823 3.015 3.215 3.423 3.638 3.862 3.917 3.806 3.686 3.559 3.424 3.281 3.129 2.970 2.803 2.628 2.445 2.254 2.328 2.495 2.652 2.799 2.937 3.065 3.183 3.292 3.391 3.481
2.332 2.235 2.135 2.033 2.042 2.103 2.162 2.217 2.271 2.321 2.369 2.414 2.457 2.497 2.534 2.569 2.514 2.441 2.375 2.315 2.261 2.216 2.178 2.144 2.116 2.092 2.073 2.059 2.034 2.008 1.983 1.958 1.933 1.908 1.883 1.859 1.834 1.810 1.785 1.799 1.978 2.166 2.361 2.564 2.775 2.994 3.220 3.454 3.697 3.946 4.204 4.305 4.159 4.005 3.842 3.672 3.494 3.307 3.113 2.911 2.701 2.483 2.257 2.249 2.374 2.508 2.683 2.842 2.983 3.107 3.213 3.303 3.376
2.194 2.090 1.983 1.874 1.852 1.904 1.954 2.001 2.045 2.086 2.125 2.161 2.195 2.226 2.255 2.280 2.250 2.199 2.154 2.115 2.082 2.057 2.040 2.028 2.020 2.017 2.019 2.026 2.007 1.982 1.957 1.932 1.908 1.883 1.859 1.835 1.811 1.787 1.763 1.755 1.969 2.191 2.420 2.657 2.903 3.156 3.417 3.685 3.962 4.246 4.538 4.702 4.520 4.331 4.133 3.928 3.713 3.499 3.305 3.133 2.982 2.852 2.743 2.771 2.906 3.023 3.123 3.207 3.273 3.321 3.353 3.368 3.365
2.059 1.947 1.833 1.717 1.665 1.708 1.749 1.786 1.821 1.854 1.884 1.911 1.936 1.958 1.977 1.994 1.982 1.952 1.927 1.909 1.897 1.893 1.897 1.906 1.919 1.938 1.961 1.989 1.979 1.955 1.931 1.907 1.882 1.858 1.835 1.811 1.787 1.764 1.740 1.717 1.951 2.207 2.471 2.742 3.022 3.309 3.604 3.906 4.150 4.387 4.617 4.764 4.536 4.329 4.144 3.980 3.837 3.715 3.614 3.535 3.477 3.440 3.425 3.453 3.513 3.555 3.580 3.588 3.579 3.553 3.510 3.449 3.371
1.925 1.806 1.685 1.561 1.480 1.515 1.546 1.575 1.601 1.624 1.645 1.664 1.679 1.693 1.703 1.711 1.709 1.699 1.695 1.698 1.706 1.724 1.749 1.778 1.813 1.852 1.897 1.946 1.952 1.928 1.904 1.881 1.857 1.834 1.810 1.787 1.764 1.741 1.718 1.693 1.909 2.170 2.425 2.673 2.914 3.149 3.377 3.598 3.813 4.021 4.222 4.400 4.265 4.152 4.059 3.988 3.938 3.909 3.901 3.915 3.950 4.006 4.084 4.152 4.136 4.104 4.054 3.987 3.903 3.801 3.683 3.547 3.395
1.794 1.667 1.539 1.408 1.298 1.324 1.346 1.366 1.383 1.398 1.410 1.419 1.426 1.430 1.431 1.430 1.430 1.441 1.458 1.482 1.511 1.549 1.595 1.646 1.702 1.762 1.827 1.897 1.925 1.901 1.874 1.847 1.820 1.795 1.769 1.744 1.720 1.697 1.674 1.652 1.812 2.045 2.270 2.489 2.701 2.907 3.105 3.298 3.483 3.662 3.834 4.000 3.973 3.952 3.952 3.974 4.017 4.081 4.166 4.273 4.401 4.550 4.720 4.867 4.777 4.669 4.544 4.402 4.243 4.066 3.873 3.663 3.435
1.664 1.531 1.395 1.258 1.119 1.135 1.149 1.160 1.168 1.173 1.176 1.177 1.175 1.170 1.162 1.152 1.146 1.178 1.216 1.260 1.310 1.380 1.456 1.532 1.606 1.680 1.752 1.823 1.859 1.833 1.808 1.783 1.760 1.736 1.714 1.692 1.670 1.649 1.629 1.610 1.723 1.926 2.122 2.312 2.495 2.672 2.841 3.004 3.161 3.311 3.454 3.590 3.658 3.730 3.824 3.938 4.074 4.231 4.409 4.609 4.829 5.071 5.334 5.599 5.433 5.251 5.051 4.834 4.600 4.349 4.080 3.795 3.492
