DATA/SHG/ECMWF/20170628/EN-44/20170704.en-44.asc
ncols        190
nrows        64
xllcorner    -5100000.000000000000
yllcorner    4130000.000000000000
cellsize     10000.000000000000
NODATA_value  -99999.000
[rows 32 to 63 of 64, columns 0 to 72 of 190]
7.628 6.975 6.741 6.533 6.312 6.078 5.830 5.570 5.296 5.009 4.709 4.396 4.070 3.730 3.633 3.544 3.447 3.343 3.233 3.115 2.991 2.859 2.720 2.575 2.422 2.263 2.895 3.533 4.163 4.785 5.400 6.006 6.605 7.196 7.779 8.354 8.921 9.466 9.342 9.222 9.106 8.994 8.887 8.784 8.685 8.590 8.499 8.584 8.701 8.773 8.941 9.081 9.194 9.279 9.336 9.366 9.369 9.343 9.291 9.210 9.102 8.945 8.581 8.239 7.920 7.623 7.349 7.097 6.868 6.662 6.478 6.317 6.178
8.621 8.089 7.781 7.527 7.260 6.979 6.686 6.379 6.059 5.725 5.379 5.019 4.647 4.261 4.095 3.981 3.859 3.731 3.596 3.454 3.305 3.149 2.986 2.815 2.638 2.454 2.941 3.551 4.154 4.749 5.336 5.915 6.487 7.050 7.606 8.153 8.693 9.225 9.194 9.089 9.351 9.655 9.906 10.104 10.248 10.339 10.377 10.361 10.293 10.171 10.223 10.267 10.283 10.272 10.234 10.168 10.074 9.952 9.804 9.627 9.423 9.192 8.908 8.644 8.403 8.185 7.989 7.816 7.665 7.537 7.432 7.349 7.289
9.574 9.163 8.835 8.535 8.221 7.894 7.554 7.201 6.835 6.455 6.062 5.656 5.237 4.805 4.563 4.424 4.279 4.126 3.966 3.800 3.626 3.445 3.258 3.063 2.862 2.653 2.994 3.577 4.153 4.721 5.280 5.832 6.376 7.409 8.475 9.531 10.577 11.612 12.085 12.310 12.481 12.599 12.664 12.675 12.634 12.539 12.391 12.190 11.935 11.628 11.531 11.478 11.399 11.292 11.157 10.995 10.805 10.588 10.343 10.070 9.770 9.443 9.213 9.027 8.865 8.725 8.607 8.513 8.440 8.391 8.364 8.359 8.377
10.488 10.199 9.902 9.555 9.195 8.822 8.436 8.036 7.624 7.198 6.759 6.307 5.841 5.363 5.039 4.875 4.705 4.528 4.344 4.153 3.954 3.749 3.537 3.318 3.092 2.881 3.626 4.727 5.818 6.899 7.969 9.030 10.080 11.121 12.151 13.171 14.181 15.181 15.636 15.675 15.660 15.592 15.471 15.297 15.070 14.789 14.456 14.069 13.629 13.136 12.864 12.716 12.540 12.337 12.106 11.848 11.562 11.249 10.908 10.540 10.144 9.721 9.495 9.388 9.304 9.242 9.203 9.187 9.193 9.221 9.272 9.346 9.442
11.363 11.194 10.982 10.589 10.183 9.764 9.331 8.885 8.426 7.954 7.469 6.971 6.459 5.934 5.521 5.333 5.138 4.937 4.766 4.823 4.959 5.173 5.465 5.836 6.285 6.811 7.592 8.658 9.713 10.758 11.793 12.818 13.833 14.838 15.832 16.817 17.791 18.756 19.237 19.089 18.889 18.636 18.329 17.969 17.556 17.090 16.571 15.999 15.374 14.695 14.223 13.978 13.707 13.408 13.081 12.727 12.345 11.936 11.500 11.036 10.544 10.025 9.756 9.727 9.721 9.738 9.777 9.839 9.923 10.029 10.159 10.311 10.485
12.198 12.150 12.076 11.636 11.184 10.718 10.239 9.747 9.242 8.724 8.193 7.645 7.099 6.575 6.164 6.181 6.277 6.451 6.702 7.033 7.441 7.927 8.492 9.135 9.855 10.655 11.564 12.594 13.613 14.623 15.622 16.612 17.591 18.560 19.519 20.468 21.407 22.336 22.887 22.554 22.168 21.729 21.237 20.691 20.093 19.442 18.737 17.980 17.169 16.305 15.607 15.267 14.899 14.504 14.082 13.632 13.155 12.650 12.117 11.557 10.970 10.355 9.994 10.044 10.116 10.211 10.328 10.468 10.630 10.815 11.023 11.253 11.505
12.995 13.067 13.175 12.697 12.139 11.519 10.919 10.341 9.785 9.249 8.736 8.243 7.773 7.323 6.925 7.215 7.583 8.029 8.554 9.156 9.836 10.595 11.432 12.347 13.340 14.411 15.541 16.535 17.519 18.493 19.457 20.411 21.354 22.288 23.211 24.125 25.028 25.921 26.586 26.068 25.496 24.872 24.194 23.464 22.680 21.843 20.954 20.011 19.015 17.966 17.017 16.581 16.118 15.627 15.109 14.563 13.990 13.389 12.761 12.106 11.423 10.712 10.211 10.339 10.489 10.662 10.857 11.075 11.316 11.579 11.823 12.043 12.262
13.251 13.245 13.248 12.760 12.192 11.646 11.121 10.618 10.136 9.675 9.236 8.818 8.422 8.047 7.693 8.164 8.804 9.523 10.319 11.194 12.146 13.177 14.286 15.472 16.737 18.080 19.501 20.481 21.430 22.368 23.297 24.215 25.123 26.021 26.909 27.787 28.655 29.512 30.335 29.631 28.875 28.065 27.202 26.286 25.317 24.296 23.221 22.093 20.912 19.678 18.453 17.921 17.362 16.775 16.161 15.520 14.851 14.155 13.431 12.680 11.901 11.095 10.405 10.621 10.844 11.067 11.288 11.509 11.728 11.947 12.165 12.381 12.597
12.991 13.016 13.050 12.715 12.222 11.750 11.300 10.871 10.463 10.077 9.713 9.369 9.047 8.747 8.468 9.028 9.941 10.931 11.999 13.146 14.370 15.673 17.053 18.512 20.048 21.662 23.355 24.433 25.346 26.249 27.142 28.024 28.897 29.760 30.612 31.454 32.287 33.109 33.921 33.244 32.302 31.308 30.260 29.159 28.005 26.798 25.538 24.225 22.860 21.441 19.969 19.286 18.632 17.949 17.240 16.503 15.695 14.871 14.048 13.226 12.404 11.584 10.766 10.987 11.207 11.426 11.644 11.861 12.077 12.292 12.507 12.720 12.932
12.722 12.778 12.842 12.647 12.228 11.831 11.455 11.101 10.768 10.456 10.166 9.897 9.649 9.423 9.218 9.808 10.992 12.254 13.594 15.013 16.509 18.083 19.735 21.465 23.273 25.158 27.122 28.390 29.268 30.135 30.992 31.839 32.676 33.503 34.320 35.127 35.924 36.711 37.488 36.907 35.780 34.600 33.367 32.081 30.743 29.351 27.906 26.409 24.858 23.093 21.323 20.310 19.485 18.660 17.836 17.013 16.191 15.369 14.549 13.729 12.910 12.092 11.274 11.353 11.570 11.785 12.000 12.214 12.427 12.638 12.849 13.059 13.268
12.444 12.530 12.625 12.555 12.211 11.888 11.587 11.307 11.048 10.811 10.595 10.400 10.227 10.075 9.945 10.502 11.958 13.492 15.104 16.794 18.561 20.407 22.330 24.332 26.411 28.568 30.803 32.352 33.194 34.026 34.848 35.660 36.461 37.253 38.034 38.806 39.567 40.319 41.060 40.619 39.307 37.942 36.059 34.171 32.316 30.494 28.706 26.952 25.232 23.545 21.891 20.791 19.968 19.146 18.325 17.504 16.685 15.866 15.048 14.231 13.414 12.599 11.784 11.719 11.933 12.145 12.357 12.567 12.776 12.985 13.192 13.399 13.605
12.157 12.273 12.398 12.440 12.171 11.922 11.695 11.490 11.305 11.142 11.001 10.881 10.782 10.704 10.648 11.113 12.840 14.646 16.529 18.490 20.529 22.645 24.840 27.112 29.463 31.891 34.397 36.320 37.126 37.923 38.709 39.485 40.252 41.008 41.736 41.734 41.769 41.840 41.947 41.183 39.310 37.470 35.664 33.892 32.153 30.448 28.776 27.138 25.534 23.963 22.426 21.271 20.451 19.631 18.812 17.994 17.177 16.361 15.546 14.731 13.917 13.104 12.292 12.086 12.296 12.505 12.713 12.921 13.127 13.332 13.536 13.739 13.941
11.860 12.007 12.162 12.302 12.107 11.933 11.780 11.649 11.539 11.450 11.383 11.337 11.312 11.309 11.327 11.638 13.637 15.714 17.868 20.101 22.411 24.798 27.264 29.807 32.429 35.127 37.904 40.179 40.050 39.958 39.901 39.881 39.897 39.950 40.038 40.163 40.324 40.521 40.754 40.406 38.649 36.926 35.236 33.580 31.958 30.369 28.813 27.291 25.803 24.348 22.927 21.750 20.932 20.115 19.299 18.484 17.669 16.855 16.042 15.230 14.419 13.609 12.799 12.454 12.661 12.866 13.071 13.275 13.477 13.679 13.880 14.080 14.279
11.554 11.732 11.917 12.112 12.020 11.921 11.842 11.785 11.749 11.735 11.742 11.770 11.820 11.891 11.983 12.096 14.350 16.698 19.123 21.626 24.115 26.274 28.360 30.372 32.311 34.178 35.970 37.563 37.561 37.595 37.664 37.770 37.913 38.091 38.305 38.556 38.843 39.166 39.525 39.597 37.956 36.349 34.776 33.236 31.729 30.256 28.816 27.411 26.038 24.699 23.394 22.227 21.412 20.598 19.784 18.971 18.159 17.348 16.538 15.729 14.920 14.112 13.305 12.822 13.025 13.227 13.429 13.629 13.828 14.027 14.224 14.421 14.616
11.239 11.447 11.663 11.888 11.911 11.885 11.881 11.898 11.936 11.996 12.077 12.180 12.303 12.445 12.588 12.735 14.666 16.864 18.988 21.040 23.018 24.923 26.755 28.514 30.200 31.812 33.351 34.817 35.037 35.197 35.393 35.625 35.893 36.197 36.538 36.914 37.327 37.776 38.260 38.755 37.231 35.740 34.282 32.858 31.467 30.110 28.787 27.497 26.240 25.017 23.828 22.704 21.891 21.079 20.268 19.458 18.649 17.840 17.032 16.225 15.419 14.614 13.810 13.190 13.390 13.589 13.787 13.984 14.180 14.375 14.569 14.762 14.955
10.915 11.153 11.399 11.655 11.777 11.826 11.921 12.054 12.190 12.329 12.471 12.616 12.764 12.915 13.069 13.227 14.663 16.607 18.478 20.275 22.000 23.652 25.230 26.735 28.167 29.526 30.812 32.024 32.479 32.765 33.086 33.444 33.838 34.268 34.735 35.237 35.775 36.350 36.961 37.608 36.472 35.097 33.756 32.447 31.173 29.932 28.724 27.550 26.409 25.302 24.228 23.188 22.369 21.559 20.751 19.943 19.137 18.331 17.525 16.721 15.918 15.115 14.313 13.559 13.755 13.951 14.146 14.339 14.532 14.724 14.915 15.104 15.294
10.741 11.094 11.443 11.788 12.036 12.174 12.314 12.457 12.604 12.754 12.906 13.062 13.220 13.382 13.547 13.714 14.737 16.428 18.045 19.589 21.060 22.458 23.783 25.035 26.213 27.319 28.351 29.311 29.886 30.298 30.745 31.229 31.749 32.305 32.897 33.525 34.189 34.889 35.626 36.398 35.681 34.422 33.196 32.004 30.845 29.720 28.628 27.570 26.545 25.553 24.595 23.670 22.845 22.038 21.233 20.428 19.623 18.820 18.017 17.216 16.415 15.615 14.815 14.017 14.121 14.335 14.736 15.079 15.362 15.586 15.752 15.858 15.906
11.133 11.470 11.804 12.132 12.404 12.552 12.703 12.857 13.014 13.174 13.337 13.503 13.673 13.845 14.020 14.198 14.889 16.326 17.690 18.980 20.198 21.343 22.414 23.413 24.338 25.190 25.970 26.676 27.259 27.796 28.370 28.979 29.625 30.306 31.024 31.778 32.568 33.393 34.255 35.153 34.858 33.714 32.604 31.528 30.485 29.475 28.499 27.556 26.647 25.771 24.929 24.120 23.320 22.516 21.713 20.911 20.109 19.308 18.522 17.860 17.277 16.773 16.349 16.003 16.175 16.431 16.628 16.766 16.845 16.865 16.827 16.729 16.572
11.529 11.851 12.168 12.481 12.769 12.927 13.089 13.253 13.421 13.591 13.765 13.941 14.121 14.304 14.489 14.678 15.118 16.302 17.412 18.450 19.414 20.305 21.124 21.869 22.542 23.141 23.667 24.121 24.597 25.260 25.959 26.694 27.466 28.273 29.116 29.996 30.911 31.862 32.850 33.873 34.002 32.974 31.980 31.019 30.091 29.197 28.337 27.510 26.716 25.956 25.229 24.500 23.616 22.753 21.970 21.265 20.640 20.093 19.625 19.237 18.927 18.697 18.545 18.472 18.529 18.581 18.574 18.508 18.383 18.199 17.956 17.654 17.293
11.929 12.235 12.537 12.835 13.128 13.299 13.471 13.645 13.823 14.004 14.188 14.376 14.566 14.759 14.955 15.154 15.425 16.355 17.212 17.997 18.708 19.346 19.912 20.404 20.824 21.170 21.444 21.644 21.901 22.690 23.514 24.375 25.272 26.205 27.174 28.178 29.219 30.296 31.409 32.558 33.113 32.201 31.322 30.477 29.622 28.688 27.783 26.907 26.061 25.245 24.458 23.701 23.003 22.413 21.903 21.472 21.119 20.846 20.651 20.535 20.499 20.541 20.662 20.863 20.938 20.785 20.574 20.304 19.975 19.587 19.140 18.634 18.069
12.334 12.625 12.911 13.193 13.470 13.666 13.848 14.034 14.222 14.414 14.608 14.806 15.006 15.210 15.416 15.626 15.839 16.486 17.090 17.621 18.080 18.465 18.778 19.017 19.184 19.278 19.299 19.247 19.170 20.085 21.035 22.021 23.043 24.102 25.196 26.326 27.492 28.695 29.866 30.969 31.704 30.753 29.832 28.941 28.079 27.247 26.444 25.671 24.927 24.213 23.529 22.873 22.312 21.996 21.759 21.600 21.521 21.520 21.599 21.756 21.992 22.307 22.701 23.174 23.400 23.044 22.628 22.154 21.621 21.029 20.378 19.668 18.900
12.743 13.018 13.289 13.555 13.817 14.030 14.223 14.418 14.617 14.819 15.024 15.232 15.443 15.657 15.874 16.094 16.317 16.693 17.045 17.323 17.529 17.662 17.722 17.709 17.623 17.464 17.233 16.928 16.551 17.445 18.681 20.091 21.435 22.710 23.917 25.057 26.129 27.133 28.069 28.937 29.724 28.875 28.057 27.268 26.508 25.778 25.078 24.407 23.765 23.153 22.571 22.018 21.545 21.502 21.537 21.652 21.845 22.117 22.468 22.898 23.407 23.995 24.661 25.407 25.916 25.356 24.736 24.058 23.321 22.526 21.671 20.758 19.785
13.156 13.416 13.671 13.922 14.168 14.390 14.593 14.799 15.009 15.221 15.436 15.655 15.876 16.101 16.328 16.559 16.792 16.979 17.077 17.103 17.056 16.936 16.744 16.576 16.509 16.477 16.478 16.514 16.583 17.586 18.830 20.006 21.114 22.155 23.128 24.033 24.871 25.640 26.342 26.976 27.543 26.970 26.254 25.567 24.910 24.282 23.684 23.115 22.576 22.066 21.585 21.135 20.713 20.930 21.238 21.626 22.092 22.636 23.260 23.962 24.744 25.604 26.543 27.560 28.486 27.721 26.898 26.017 25.076 24.077 23.018 21.901 20.726
13.574 13.818 14.058 14.293 14.524 14.746 14.959 15.176 15.396 15.619 15.845 16.074 16.306 16.540 16.778 17.019 17.166 17.122 16.970 16.851 16.766 16.716 16.699 16.716 16.767 16.853 16.972 17.125 17.312 18.039 19.048 19.990 20.864 21.671 22.409 23.080 23.683 24.219 24.687 25.087 25.419 25.038 24.424 23.839 23.284 22.758 22.262 21.795 21.358 20.950 20.572 20.223 19.904 20.281 20.862 21.522 22.261 23.078 23.974 24.949 26.002 27.135 28.346 29.635 31.004 30.141 29.114 28.029 26.885 25.682 24.420 23.100 21.720
13.996 14.225 14.449 14.669 14.884 15.098 15.322 15.549 15.780 15.889 15.949 16.016 16.090 16.173 16.263 16.361 16.466 16.521 16.486 16.485 16.518 16.585 16.686 16.821 16.990 17.192 17.429 17.700 18.004 18.561 19.336 20.044 20.684 21.256 21.761 22.197 22.567 22.868 23.102 23.268 23.366 23.078 22.566 22.083 21.630 21.207 20.812 20.448 20.113 19.807 19.530 19.284 19.066 19.556 20.409 21.341 22.352 23.442 24.610 25.857 27.183 28.587 30.070 31.632 33.273 32.614 31.384 30.095 28.748 27.341 25.876 24.352 22.770
14.422 14.636 14.737 14.771 14.765 14.727 14.782 14.845 14.916 14.995 15.081 15.175 15.276 15.385 15.502 15.627 15.759 15.884 15.967 16.083 16.234 16.419 16.637 16.890 17.176 17.496 17.850 18.239 18.661 19.153 19.694 20.168 20.573 20.912 21.182 21.385 21.520 21.588 21.588 21.520 21.384 21.091 20.681 20.300 19.949 19.627 19.335 19.073 18.839 18.635 18.461 18.316 18.201 18.754 19.879 21.084 22.367 23.728 25.169 26.688 28.285 29.962 31.717 33.550 35.463 35.141 33.708 32.216 30.665 28.928 27.199 25.536 23.938
14.263 14.238 14.174 14.070 13.927 13.743 13.800 13.890 13.987 14.093 14.205 14.326 14.454 14.590 14.734 14.885 15.044 15.212 15.412 15.646 15.915 16.217 16.553 16.923 17.327 17.764 18.236 18.741 19.281 19.814 20.121 20.361 20.533 20.637 20.674 20.643 20.544 20.378 20.144 19.843 19.474 19.076 18.768 18.489 18.240 18.021 17.830 17.670 17.538 17.436 17.364 17.321 17.307 17.874 19.272 20.749 22.304 23.937 25.649 27.440 29.310 31.258 33.029 34.710 36.360 36.106 34.340 32.640 31.006 29.438 27.935 26.498 25.127
14.021 13.858 13.656 13.414 13.133 12.811 12.810 12.927 13.051 13.183 13.323 13.470 13.625 13.788 13.959 14.137 14.323 14.516 14.822 15.174 15.560 15.979 16.433 16.920 17.441 17.996 18.585 19.208 19.865 20.545 20.618 20.624 20.562 20.432 20.235 19.970 19.638 19.238 18.771 18.236 17.634 17.034 16.828 16.651 16.504 16.386 16.298 16.239 16.209 16.209 16.239 16.297 16.385 16.919 18.588 20.393 22.187 23.949 25.680 27.379 29.047 30.683 32.287 33.860 35.401 35.647 34.108 32.634 31.227 29.885 28.608 27.398 26.253
13.823 13.523 13.183 12.803 12.383 11.924 11.813 11.957 12.108 12.267 12.433 12.607 12.789 12.979 13.176 13.381 13.593 13.814 14.197 14.666 15.169 15.706 16.277 16.882 17.520 18.193 18.899 19.639 20.413 21.221 21.184 20.956 20.660 20.297 19.866 19.368 18.803 18.169 17.468 16.700 15.864 14.965 14.861 14.786 14.740 14.724 14.738 14.781 15.064 15.388 15.722 16.066 16.418 16.975 18.724 20.441 22.127 23.780 25.403 26.994 28.553 30.081 31.577 33.041 34.474 35.126 33.813 32.566 31.385 30.269 29.219 28.235 27.316
13.669 13.231 12.753 12.236 11.679 11.082 10.809 10.979 11.157 11.343 11.536 11.737 11.946 12.162 12.386 12.617 12.857 13.104 13.536 14.123 14.743 15.398 16.086 16.808 17.563 18.353 19.176 20.034 20.925 21.850 21.819 21.358 20.829 20.232 19.568 18.836 18.037 17.170 16.236 15.235 14.166 13.312 13.447 13.747 14.057 14.376 14.705 15.043 15.391 15.748 16.115 16.491 16.877 17.272 18.911 20.520 22.097 23.642 25.156 26.639 28.090 29.509 30.897 32.254 33.578 34.543 33.456 32.435 31.480 30.591 29.767 29.009 28.316
13.560 12.984 12.368 11.713 11.018 10.283 9.797 9.995 10.199 10.412 10.632 10.859 11.095 11.338 11.588 11.847 12.113 12.386 12.840 13.544 14.282 15.053 15.859 16.698 17.571 18.478 19.418 20.393 21.401 22.443 22.524 21.829 21.066 20.236 19.429 18.615 17.794 16.965 16.129 15.286 14.435 13.577 13.566 13.900 14.242 14.594 14.956 15.327 15.708 16.098 16.498 16.907 17.325 17.754 19.129 20.629 22.098 23.535 24.941 26.315 27.658 28.969 30.248 31.497 32.713 33.898 33.037 32.242 31.513 30.850 30.252 29.720 29.253
13.494 12.780 12.027 11.235 10.402 9.530 8.779 9.003 9.234 9.473 9.720 9.974 10.236 10.506 10.784 11.069 11.361 11.662 12.109 12.930 13.785 14.674 15.596 16.553 17.543 18.566 19.623 20.682 21.765 22.871 23.167 22.357 21.539 20.715 19.882 19.043 18.196 17.341 16.479 15.610 14.733 13.849 13.676 14.042 14.417 14.802 15.197 15.601 16.015 16.438 16.870 17.312 17.764 18.225 19.377 20.769 22.129 23.458 24.756 26.022 27.256 28.459 29.631 30.771 31.879 32.956 32.556 31.987 31.484 31.046 30.674 30.368 30.127
