DATA/SHG/ECMWF/20170628/EN-44/20170712.en-44.asc
ncols        190
nrows        64
xllcorner    -5100000.000000000000
yllcorner    4130000.000000000000
cellsize     10000.000000000000
NODATA_value  -99999.000
[rows 0 to 32 of 64, columns 75 to 149 of 190]
7.614 8.010 8.423 8.852 9.297 9.758 9.973 9.624 9.291 8.960 8.631 8.304 7.979 7.656 7.335 7.016 6.699 6.384 6.161 6.232 6.293 6.352 6.411 6.468 6.523 6.578 6.631 6.683 6.734 6.784 6.779 6.598 6.412 6.221 6.026 5.825 5.619 5.408 5.193 4.972 4.746 4.516 4.307 4.182 4.058 3.935 3.813 3.692 3.573 3.455 3.338 3.222 3.107 2.994 2.954 3.131 3.315 3.506 3.703 3.908 4.119 4.336 4.560 4.791 5.029 5.273 5.385 5.100 4.801 4.489 4.163 3.823 3.471 3.104 2.725
7.511 8.015 8.527 9.049 9.580 10.121 10.515 10.186 9.860 9.536 9.214 8.893 8.575 8.259 7.944 7.632 7.321 7.013 6.746 6.812 6.867 6.921 6.973 7.025 7.075 7.124 7.171 7.218 7.263 7.307 7.322 7.118 6.910 6.697 6.479 6.256 6.027 5.794 5.556 5.313 5.065 4.812 4.571 4.451 4.332 4.214 4.098 3.982 3.868 3.755 3.643 3.533 3.423 3.315 3.251 3.458 3.672 3.893 4.120 4.354 4.595 4.843 5.097 5.358 5.625 5.899 6.086 5.740 5.381 5.008 4.622 4.223 3.810 3.383 2.943
7.756 8.292 8.837 9.392 9.955 10.528 11.068 10.746 10.426 10.109 9.793 9.480 9.168 8.859 8.551 8.245 7.942 7.640 7.340 7.392 7.441 7.490 7.537 7.582 7.627 7.670 7.712 7.753 7.792 7.830 7.867 7.644 7.413 7.177 6.937 6.691 6.440 6.185 5.924 5.659 5.388 5.113 4.833 4.719 4.605 4.492 4.381 4.271 4.162 4.054 3.947 3.842 3.738 3.635 3.541 3.778 4.022 4.273 4.530 4.794 5.064 5.342 5.626 5.916 6.214 6.518 6.759 6.291 5.839 5.404 4.984 4.579 4.191 3.819 3.462
7.991 8.560 9.137 9.725 10.321 10.926 11.541 11.303 10.990 10.679 10.371 10.064 9.759 9.456 9.155 8.856 8.559 8.264 7.971 7.973 8.017 8.059 8.100 8.140 8.179 8.217 8.253 8.288 8.322 8.355 8.386 8.174 7.921 7.662 7.399 7.131 6.858 6.580 6.297 6.009 5.716 5.419 5.116 4.985 4.876 4.769 4.663 4.558 4.454 4.351 4.250 4.150 4.051 3.953 3.856 4.091 4.364 4.642 4.911 5.169 5.417 5.653 5.879 6.095 6.300 6.494 6.677 6.320 5.939 5.574 5.224 4.890 4.572 4.270 3.984
8.217 8.818 9.429 10.048 10.677 11.315 11.963 11.858 11.552 11.247 10.945 10.645 10.347 10.051 9.756 9.464 9.174 8.886 8.599 8.554 8.592 8.629 8.665 8.699 8.732 8.764 8.795 8.824 8.853 8.880 8.905 8.708 8.433 8.152 7.867 7.576 7.281 6.981 6.675 6.365 6.050 5.729 5.404 5.249 5.146 5.043 4.943 4.843 4.744 4.652 4.568 4.491 4.422 4.360 4.306 4.496 4.739 4.971 5.192 5.402 5.602 5.791 5.970 6.138 6.295 6.441 6.577 6.334 6.023 5.728 5.449 5.185 4.938 4.706 4.490
8.434 9.068 9.711 10.363 11.024 11.695 12.375 12.410 12.110 11.813 11.517 11.224 10.932 10.643 10.355 10.070 9.786 9.505 9.225 9.136 9.169 9.200 9.230 9.259 9.286 9.312 9.337 9.361 9.384 9.405 9.425 9.248 8.950 8.647 8.339 8.026 7.709 7.386 7.058 6.698 6.328 5.970 5.623 5.439 5.342 5.254 5.173 5.099 5.033 4.975 4.924 4.881 4.845 4.817 4.796 4.930 5.125 5.309 5.483 5.646 5.798 5.940 6.071 6.191 6.301 6.400 6.488 6.332 6.091 5.867 5.657 5.464 5.287 5.125 4.979
8.642 9.308 9.984 10.668 11.362 12.065 12.777 12.959 12.666 12.376 12.087 11.800 11.515 11.233 10.952 10.673 10.396 10.121 9.848 9.719 9.745 9.771 9.795 9.819 9.840 9.861 9.881 9.899 9.916 9.931 9.871 9.606 9.195 8.795 8.407 8.031 7.666 7.313 6.971 6.641 6.323 6.016 5.720 5.551 5.488 5.433 5.386 5.346 5.314 5.289 5.272 5.262 5.260 5.265 5.278 5.374 5.522 5.658 5.785 5.900 6.005 6.099 6.183 6.255 6.318 6.369 6.410 6.314 6.144 5.989 5.850 5.727 5.620 5.528 5.453
8.841 9.540 10.247 10.964 11.690 12.426 13.171 13.506 13.220 12.936 12.654 12.374 12.096 11.820 11.546 11.273 11.003 10.735 10.469 10.302 10.323 10.286 10.218 10.141 10.056 9.961 9.858 9.745 9.624 9.494 9.355 9.123 8.764 8.416 8.080 7.755 7.442 7.140 6.850 6.572 6.305 6.049 5.806 5.655 5.626 5.605 5.591 5.584 5.586 5.594 5.611 5.635 5.666 5.705 5.751 5.829 5.929 6.018 6.097 6.165 6.222 6.269 6.305 6.330 6.345 6.349 6.343 6.281 6.180 6.096 6.027 5.974 5.937 5.916 5.910
9.031 9.762 10.502 11.251 12.010 12.778 13.555 14.051 13.771 13.494 13.219 12.945 12.674 12.391 12.055 11.711 11.359 11.000 10.634 10.326 10.236 10.137 10.030 9.913 9.788 9.654 9.510 9.358 9.198 9.028 8.849 8.629 8.321 8.025 7.740 7.467 7.205 6.955 6.717 6.490 6.274 6.071 5.878 5.751 5.756 5.768 5.787 5.815 5.850 5.892 5.942 5.999 6.064 6.136 6.216 6.294 6.346 6.388 6.419 6.440 6.450 6.449 6.438 6.416 6.383 6.340 6.286 6.232 6.201 6.187 6.188 6.206 6.239 6.287 6.352
9.211 9.975 10.747 11.529 12.320 13.120 13.920 14.547 14.229 13.904 13.571 13.231 12.883 12.528 12.165 11.795 11.417 11.032 10.639 10.267 10.137 9.999 9.852 9.696 9.531 9.357 9.174 8.982 8.782 8.572 8.354 8.122 7.866 7.621 7.388 7.167 6.957 6.758 6.571 6.396 6.232 6.080 5.939 5.839 5.877 5.923 5.976 6.037 6.105 6.181 6.264 6.355 6.454 6.560 6.673 6.769 6.774 6.768 6.752 6.725 6.688 6.640 6.581 6.512 6.432 6.341 6.240 6.167 6.207 6.262 6.334 6.421 6.524 6.643 6.777
9.370 10.148 10.928 11.711 12.495 13.282 14.071 14.848 14.504 14.152 13.793 13.427 13.053 12.671 12.282 11.886 11.482 11.070 10.651 10.224 10.049 9.871 9.684 9.488 9.283 9.070 8.848 8.616 8.376 8.127 7.869 7.604 7.399 7.206 7.024 6.854 6.696 6.549 6.413 6.289 6.177 6.076 5.987 5.918 5.990 6.069 6.156 6.250 6.352 6.462 6.578 6.703 6.835 6.974 7.121 7.254 7.212 7.159 7.096 7.021 6.937 6.841 6.735 6.619 6.491 6.353 6.205 6.086 6.196 6.322 6.463 6.621 6.793 6.982 7.186
9.472 10.258 11.046 11.836 12.629 13.423 14.220 15.019 14.785 14.407 14.022 13.629 13.229 12.821 12.406 11.983 11.553 11.115 10.670 10.217 9.971 9.753 9.526 9.291 9.047 8.794 8.532 8.261 7.981 7.693 7.395 7.089 6.920 6.779 6.649 6.530 6.423 6.327 6.243 6.171 6.110 6.061 6.023 5.996 6.095 6.208 6.328 6.456 6.591 6.734 6.884 7.042 7.208 7.380 7.561 7.749 7.661 7.560 7.449 7.328 7.196 7.053 6.900 6.736 6.561 6.376 6.176 5.982 6.136 6.290 6.443 6.595 6.747 6.898 7.049
9.572 10.366 11.162 11.960 12.760 13.562 14.367 15.174 15.073 14.669 14.257 13.838 13.412 12.978 12.536 12.087 11.631 11.167 10.696 10.216 9.902 9.645 9.379 9.104 8.820 8.528 8.226 7.916 7.597 7.269 6.932 6.586 6.430 6.339 6.261 6.194 6.138 6.094 6.061 6.040 6.031 6.033 6.046 6.071 6.192 6.338 6.492 6.653 6.822 6.998 7.182 7.373 7.572 7.778 7.992 8.213 8.119 7.949 7.748 7.545 7.341 7.134 6.926 6.715 6.503 6.289 6.072 5.854 5.980 6.131 6.282 6.432 6.581 6.730 6.878
9.669 10.471 11.275 12.080 12.888 13.699 14.511 15.325 15.367 14.937 14.499 14.054 13.601 13.141 12.673 12.198 11.716 11.226 10.728 10.222 9.844 9.548 9.242 8.927 8.604 8.272 7.931 7.581 7.222 6.855 6.478 6.093 5.927 5.888 5.861 5.845 5.841 5.848 5.867 5.897 5.939 5.992 6.057 6.133 6.281 6.460 6.648 6.842 7.054 7.268 7.468 7.655 7.827 7.986 8.131 8.262 8.133 7.926 7.716 7.505 7.292 7.076 6.859 6.640 6.419 6.196 5.971 5.744 5.825 5.974 6.122 6.269 6.416 6.562 6.708
9.765 10.574 11.385 12.199 13.015 13.833 14.653 15.475 15.668 15.211 14.747 14.276 13.797 13.311 12.817 12.316 11.807 11.291 10.768 10.235 9.796 9.460 9.115 8.761 8.398 8.027 7.646 7.257 6.859 6.452 6.036 5.611 5.412 5.425 5.449 5.485 5.532 5.590 5.660 5.793 5.976 6.157 6.335 6.512 6.713 6.920 7.114 7.295 7.461 7.614 7.752 7.877 7.989 8.086 8.170 8.240 8.121 7.905 7.687 7.467 7.245 7.021 6.795 6.567 6.337 6.105 5.871 5.636 5.671 5.817 5.963 6.107 6.252 6.395 6.539
9.857 10.674 11.493 12.315 13.138 13.964 14.792 15.622 15.975 15.493 15.002 14.505 14.000 13.487 12.968 12.440 11.905 11.363 10.814 10.255 9.759 9.383 8.998 8.605 8.203 7.792 7.372 6.943 6.505 6.059 5.676 5.363 5.264 5.453 5.640 5.824 6.006 6.186 6.364 6.539 6.712 6.883 7.051 7.218 7.378 7.525 7.658 7.776 7.882 7.973 8.050 8.114 8.164 8.201 8.223 8.232 8.111 7.886 7.659 7.431 7.200 6.967 6.732 6.496 6.257 6.017 5.774 5.530 5.518 5.661 5.804 5.946 6.088 6.229 6.370
9.947 10.772 11.599 12.428 13.260 14.093 14.929 15.767 16.289 15.780 15.264 14.740 14.209 13.671 13.125 12.571 12.010 11.442 10.866 10.282 9.731 9.341 8.977 8.624 8.282 7.952 7.633 7.326 7.030 6.745 6.471 6.209 6.083 6.262 6.438 6.612 6.784 6.954 7.122 7.287 7.450 7.610 7.769 7.925 8.058 8.143 8.214 8.272 8.316 8.346 8.362 8.365 8.354 8.329 8.290 8.238 8.103 7.870 7.634 7.397 7.157 6.916 6.672 6.427 6.180 5.930 5.679 5.426 5.365 5.506 5.646 5.786 5.925 6.064 6.202
10.035 10.868 11.703 12.540 13.379 14.220 15.064 15.909 16.609 16.075 15.532 14.982 14.425 13.858 13.268 12.690 12.125 11.573 11.034 10.502 9.996 9.671 9.357 9.054 8.763 8.483 8.214 7.957 7.711 7.477 7.253 7.041 6.903 7.071 7.238 7.402 7.564 7.723 7.881 8.036 8.189 8.339 8.488 8.634 8.751 8.775 8.785 8.782 8.764 8.733 8.688 8.630 8.558 8.472 8.372 8.258 8.098 7.855 7.611 7.365 7.116 6.866 6.614 6.360 6.104 5.846 5.586 5.324 5.213 5.351 5.489 5.627 5.763 5.900 6.035
10.121 10.961 11.804 12.649 13.495 14.344 15.182 15.957 16.730 16.151 15.554 14.969 14.398 13.839 13.293 12.759 12.238 11.730 11.235 10.748 10.267 9.987 9.724 9.471 9.230 9.001 8.782 8.575 8.379 8.195 8.022 7.860 7.724 7.883 8.039 8.193 8.345 8.494 8.641 8.786 8.929 9.070 9.208 9.344 9.458 9.420 9.370 9.305 9.226 9.134 9.028 8.909 8.775 8.628 8.468 8.293 8.094 7.843 7.590 7.335 7.078 6.819 6.558 6.295 6.031 5.764 5.496 5.225 5.062 5.198 5.333 5.468 5.602 5.736 5.869
10.118 10.895 11.671 12.446 13.220 13.993 14.765 15.536 16.305 15.943 15.390 14.850 14.323 13.808 13.306 12.816 12.340 11.876 11.425 10.982 10.546 10.291 10.078 9.875 9.685 9.505 9.337 9.180 9.034 8.900 8.777 8.665 8.564 8.695 8.841 8.985 9.127 9.266 9.403 9.538 9.671 9.801 9.929 10.055 10.178 10.080 9.968 9.842 9.702 9.549 9.382 9.202 9.007 8.799 8.577 8.342 8.092 7.832 7.571 7.307 7.041 6.774 6.504 6.233 5.959 5.684 5.407 5.128 4.911 5.045 5.178 5.310 5.442 5.573 5.704
9.722 10.496 11.268 12.040 12.811 13.580 14.349 15.116 15.882 15.724 15.216 14.719 14.236 13.765 13.308 12.862 12.430 12.010 11.603 11.204 10.813 10.582 10.418 10.266 10.126 9.996 9.878 9.771 9.676 9.591 9.518 9.457 9.406 9.509 9.645 9.779 9.910 10.040 10.167 10.291 10.414 10.534 10.652 10.768 10.882 10.753 10.580 10.393 10.192 9.978 9.750 9.508 9.253 8.984 8.701 8.405 8.094 7.824 7.554 7.281 7.007 6.731 6.453 6.172 5.890 5.606 5.320 5.060 4.855 5.031 5.190 5.331 5.455 5.561 5.650
9.327 10.098 10.867 11.635 12.402 13.169 13.934 14.698 15.461 15.494 15.029 14.578 14.138 13.712 13.298 12.897 12.508 12.133 11.770 11.415 11.068 10.859 10.746 10.644 10.553 10.474 10.406 10.349 10.304 10.270 10.247 10.235 10.235 10.324 10.450 10.574 10.695 10.815 10.931 11.046 11.159 11.269 11.377 11.482 11.586 11.439 11.205 10.957 10.696 10.421 10.132 9.829 9.513 9.183 8.839 8.481 8.110 7.818 7.560 7.333 7.106 6.881 6.656 6.432 6.209 5.987 5.766 5.545 5.326 5.403 5.484 5.548 5.594 5.623 5.634
8.934 9.701 10.467 11.232 11.995 12.758 13.520 14.281 15.041 15.253 14.832 14.424 14.029 13.647 13.277 12.920 12.575 12.244 11.925 11.615 11.312 11.124 11.061 11.009 10.968 10.939 10.921 10.914 10.919 10.934 10.961 11.000 11.049 11.141 11.257 11.370 11.482 11.591 11.698 11.802 11.905 12.005 12.103 12.198 12.292 12.139 11.844 11.536 11.213 10.837 10.415 10.020 9.653 9.315 9.004 8.720 8.465 8.237 8.012 7.789 7.566 7.344 7.123 6.902 6.683 6.464 6.246 6.029 5.813 5.791 5.795 5.782 5.750 5.702 5.636
8.542 9.305 10.068 10.829 11.590 12.349 13.108 13.865 14.622 15.000 14.624 14.260 13.909 13.570 13.245 12.932 12.631 12.343 12.068 11.803 11.545 11.375 11.362 11.360 11.370 11.390 11.422 11.466 11.520 11.586 11.663 11.751 11.851 11.959 12.065 12.168 12.269 12.368 12.465 12.560 12.591 12.512 12.411 12.291 12.150 11.847 11.437 11.054 10.700 10.373 10.074 9.803 9.559 9.344 9.156 8.996 8.864 8.684 8.463 8.243 8.024 7.805 7.588 7.371 7.155 6.940 6.725 6.512 6.299 6.196 6.123 6.032 5.924 5.798 5.655
8.151 8.911 9.670 10.428 11.186 11.942 12.697 13.451 14.204 14.736 14.404 14.084 13.777 13.483 13.201 12.932 12.675 12.432 12.201 11.979 11.765 11.614 11.651 11.699 11.758 11.829 11.911 12.004 12.108 12.224 12.351 12.452 12.511 12.557 12.529 12.481 12.412 12.324 12.214 12.085 11.935 11.765 11.575 11.364 11.133 10.861 10.574 10.315 10.084 9.880 9.705 9.557 9.437 9.344 9.280 9.244 9.235 9.130 8.913 8.696 8.480 8.265 8.051 7.838 7.626 7.414 7.203 6.993 6.784 6.619 6.468 6.300 6.114 5.911 5.691
7.761 8.518 9.274 10.029 10.783 11.535 12.287 13.038 13.788 14.462 14.173 13.897 13.634 13.384 13.146 12.921 12.708 12.508 12.321 12.144 11.975 11.839 11.874 11.844 11.834 11.842 11.870 11.918 11.985 12.071 12.177 12.302 12.446 12.555 12.437 12.298 12.140 11.961 11.761 11.542 11.302 11.041 10.761 10.460 10.139 9.846 9.683 9.547 9.439 9.359 9.307 9.282 9.285 9.316 9.375 9.462 9.576 9.575 9.361 9.148 8.936 8.724 8.514 8.304 8.095 7.887 7.679 7.473 7.267 7.057 6.830 6.584 6.322 6.041 5.744
7.373 8.126 8.879 9.630 10.381 11.130 11.879 12.626 13.373 14.118 13.931 13.699 13.480 13.273 13.060 12.729 12.402 12.078 11.759 11.459 11.177 10.898 10.928 10.984 11.060 11.154 11.269 11.402 11.555 11.727 11.919 12.130 12.360 12.575 12.366 12.138 11.889 11.620 11.331 11.021 10.691 10.340 9.970 9.579 9.167 8.804 8.764 8.751 8.766 8.809 8.880 8.979 9.105 9.259 9.441 9.651 9.888 10.018 9.808 9.598 9.389 9.181 8.974 8.768 8.563 8.358 8.154 7.951 7.749 7.513 7.208 6.886 6.546 6.189 5.814
6.986 7.736 8.485 9.233 9.981 10.727 11.472 12.196 12.830 13.434 13.270 12.937 12.608 12.283 11.961 11.643 11.330 11.020 10.714 10.427 10.160 9.895 9.961 10.104 10.265 10.446 10.646 10.866 11.104 11.363 11.640 11.937 12.253 12.589 12.319 12.000 11.661 11.302 10.922 10.523 10.103 9.662 9.202 8.721 8.219 7.733 7.816 7.927 8.065 8.231 8.425 8.647 8.896 9.173 9.478 9.811 10.171 10.460 10.253 10.047 9.842 9.637 9.434 9.231 9.029 8.828 8.628 8.428 8.230 7.985 7.603 7.204 6.787 6.353 5.901
6.602 7.339 8.046 8.724 9.373 9.993 10.584 11.146 11.678 12.182 12.114 11.795 11.479 11.167 10.860 10.556 10.256 9.959 9.667 9.394 9.140 8.889 8.974 9.203 9.450 9.717 10.003 10.308 10.633 10.977 11.340 11.723 12.125 12.546 12.293 11.884 11.455 11.006 10.537 10.047 9.537 9.007 8.456 7.885 7.294 6.682 6.841 7.075 7.336 7.625 7.942 8.287 8.659 9.059 9.487 9.942 10.426 10.901 10.697 10.495 10.293 10.092 9.892 9.693 9.494 9.297 9.100 8.904 8.709 8.474 8.015 7.539 7.045 6.534 6.005
6.285 6.921 7.527 8.104 8.653 9.172 9.662 10.123 10.555 10.957 10.956 10.650 10.349 10.050 9.756 9.466 9.179 8.897 8.618 8.359 8.119 7.881 7.967 8.281 8.614 8.967 9.339 9.730 10.141 10.571 11.020 11.488 11.976 12.483 12.290 11.791 11.272 10.733 10.174 9.594 8.994 8.374 7.733 7.072 6.391 5.690 5.837 6.194 6.578 6.990 7.430 7.898 8.393 8.916 9.467 10.045 10.651 11.285 11.140 10.941 10.743 10.545 10.349 10.153 9.958 9.764 9.571 9.378 9.187 8.997 8.538 8.111 7.717 7.355 7.026
5.996 6.530 7.036 7.512 7.960 8.378 8.768 9.128 9.459 9.761 9.796 9.504 9.216 8.931 8.651 8.374 8.101 7.832 7.567 7.322 7.095 6.871 6.939 7.339 7.758 8.196 8.654 9.131 9.628 10.143 10.678 11.232 11.806 12.399 12.308 11.720 11.111 10.482 9.833 9.163 8.473 7.763 7.033 6.283 5.512 4.721 4.806 5.285 5.793 6.327 6.890 7.480 8.098 8.744 9.417 10.119 10.847 11.604 11.581 11.386 11.169 10.926 10.707 10.513 10.343 10.197 10.076 9.979 9.906 9.858 9.561 9.277 9.025 8.805 8.618
5.734 6.168 6.572 6.948 7.295 7.613 7.901 8.161 8.391 8.593 8.634 8.356 8.081 7.810 7.543 7.280 7.021 6.766 6.514 6.282 6.069 5.859 5.891 6.376 6.881 7.405 7.949 8.512 9.094 9.695 10.316 10.955 11.615 12.293 12.349 11.671 10.972 10.254 9.514 8.755 7.976 7.176 6.356 5.515 4.655 3.774 3.746 4.349 4.979 5.636 6.322 7.067 7.873 8.642 9.372 10.065 10.719 11.336 11.365 11.181 11.021 10.886 10.775 10.688 10.625 10.587 10.574 10.585 10.620 10.679 10.551 10.409 10.299 10.222 10.177
5.499 5.832 6.136 6.412 6.658 6.875 7.063 7.222 7.352 7.453 7.471 7.205 6.944 6.687 6.434 6.184 5.939 5.697 5.459 5.241 5.041 4.845 4.822 5.393 5.984 6.594 7.223 7.871 8.539 9.226 9.932 10.658 11.402 12.167 12.413 11.644 10.856 10.047 9.218 8.369 7.500 6.611 5.758 5.074 4.410 3.766 3.835 4.663 5.454 6.207 6.921 7.598 8.237 8.838 9.400 9.925 10.412 10.862 10.977 10.901 10.849 10.821 10.817 10.838 10.883 10.953 11.047 11.165 11.308 11.475 11.508 11.508 11.541 11.605 11.702
