DATA/SHG/ECMWF/20170628/EN-44/20170706.en-44.asc
ncols        190
nrows        64
xllcorner    -5100000.000000000000
yllcorner    4130000.000000000000
cellsize     10000.000000000000
NODATA_value  -99999.000
[rows 0 to 32 of 64, columns 0 to 73 of 190]
4.605 4.922 5.246 5.576 5.914 6.258 6.609 6.967 7.332 7.520 7.652 7.785 7.920 8.057 8.195 8.335 8.477 8.620 8.765 8.932 9.116 9.430 9.778 10.100 10.396 10.665 10.907 11.124 11.314 11.477 11.614 11.725 11.809 11.772 11.672 11.577 11.486 11.401 11.319 11.243 11.171 11.103 11.040 10.982 10.929 10.810 10.629 10.447 10.262 10.075 9.886 9.695 9.502 9.307 9.110 8.911 8.710 8.546 8.432 8.324 8.222 8.127 8.038 7.954 7.877 7.807 7.742 7.684 7.632 7.522 7.308 7.092 6.874 6.654
4.751 5.092 5.440 5.795 6.157 6.526 6.901 7.284 7.673 7.910 8.048 8.187 8.319 8.463 8.618 8.785 8.964 9.154 9.355 9.569 9.793 10.049 10.304 10.533 10.736 10.912 11.061 11.184 11.281 11.352 11.396 11.413 11.405 11.349 11.265 11.187 11.112 11.043 10.978 10.918 10.862 10.811 10.765 10.723 10.686 10.593 10.405 10.215 10.023 9.829 9.633 9.435 9.235 9.033 8.829 8.623 8.415 8.241 8.149 8.063 7.983 7.909 7.842 7.781 7.725 7.676 7.634 7.597 7.567 7.494 7.273 7.050 6.825 6.598
4.889 5.254 5.627 6.006 6.395 6.790 7.175 7.550 7.914 8.172 8.322 8.483 8.656 8.841 9.037 9.245 9.464 9.695 9.938 10.192 10.458 10.696 10.858 10.994 11.103 11.186 11.242 11.272 11.276 11.254 11.205 11.130 11.028 10.922 10.855 10.792 10.734 10.681 10.633 10.589 10.550 10.515 10.485 10.460 10.439 10.378 10.183 9.986 9.787 9.586 9.383 9.177 8.970 8.761 8.550 8.337 8.122 7.931 7.861 7.796 7.738 7.686 7.640 7.601 7.568 7.540 7.520 7.505 7.465 7.398 7.149 6.906 6.671 6.444
5.183 5.583 5.972 6.352 6.721 7.080 7.429 7.767 8.096 8.373 8.564 8.767 8.980 9.206 9.443 9.692 9.952 10.224 10.507 10.802 11.109 11.369 11.438 11.481 11.497 11.487 11.451 11.388 11.299 11.183 11.042 10.874 10.679 10.490 10.439 10.393 10.352 10.315 10.283 10.256 10.233 10.215 10.201 10.192 10.188 10.165 9.963 9.759 9.553 9.345 9.134 8.922 8.708 8.492 8.274 8.053 7.831 7.615 7.566 7.524 7.487 7.445 7.403 7.361 7.319 7.277 7.235 7.193 7.151 7.109 6.889 6.673 6.464 6.263
5.664 6.028 6.382 6.725 7.058 7.381 7.694 7.996 8.288 8.562 8.793 9.037 9.291 9.558 9.836 10.125 10.426 10.739 11.063 11.399 11.746 12.069 12.045 11.995 11.918 11.815 11.686 11.531 11.349 11.140 10.906 10.645 10.358 10.054 10.020 9.991 9.966 9.945 9.929 9.918 9.912 9.910 9.913 9.920 9.932 9.949 9.746 9.534 9.321 9.106 8.889 8.669 8.448 8.219 7.978 7.746 7.525 7.313 7.256 7.214 7.173 7.131 7.089 7.047 7.005 6.963 6.921 6.880 6.838 6.796 6.623 6.433 6.250 6.076
6.157 6.484 6.802 7.109 7.406 7.692 7.969 8.235 8.491 8.737 9.010 9.294 9.589 9.897 10.215 10.546 10.888 11.241 11.606 11.983 12.371 12.770 12.679 12.536 12.367 12.171 11.949 11.701 11.426 11.125 10.798 10.444 10.064 9.658 9.597 9.584 9.575 9.571 9.571 9.577 9.587 9.601 9.620 9.644 9.672 9.705 9.504 9.228 8.962 8.706 8.460 8.224 7.997 7.781 7.574 7.377 7.190 7.013 6.942 6.900 6.859 6.817 6.775 6.733 6.692 6.650 6.608 6.567 6.525 6.483 6.350 6.186 6.030 5.882
6.659 6.951 7.232 7.503 7.764 8.014 8.255 8.485 8.705 8.915 9.213 9.538 9.874 10.222 10.582 10.953 11.336 11.730 12.136 12.553 12.982 13.422 13.340 13.104 12.842 12.554 12.239 11.898 11.530 11.137 10.717 10.271 9.799 9.300 9.169 9.172 9.180 9.192 9.209 9.198 9.162 9.128 9.094 9.061 9.028 8.996 8.813 8.572 8.341 8.120 7.908 7.706 7.515 7.333 7.161 6.999 6.846 6.704 6.628 6.587 6.545 6.503 6.462 6.420 6.379 6.337 6.296 6.254 6.212 6.171 6.070 5.933 5.803 5.681
7.172 7.427 7.673 7.908 8.132 8.347 8.551 8.745 8.929 9.103 9.403 9.769 10.146 10.535 10.935 11.347 11.771 12.206 12.652 13.110 13.579 14.061 14.028 13.699 13.344 12.963 12.556 12.122 11.662 11.176 10.664 10.125 9.503 8.873 8.606 8.570 8.535 8.500 8.466 8.433 8.400 8.368 8.336 8.305 8.275 8.245 8.113 7.907 7.711 7.524 7.347 7.180 7.023 6.876 6.739 6.611 6.494 6.386 6.315 6.274 6.232 6.191 6.149 6.108 6.066 6.025 5.983 5.942 5.900 5.859 5.784 5.673 5.569 5.473
7.696 7.915 8.124 8.323 8.512 8.690 8.858 9.017 9.165 9.302 9.581 9.988 10.405 10.835 11.276 11.728 12.193 12.668 13.155 13.654 14.164 14.686 14.742 14.321 13.873 13.182 12.491 11.818 11.162 10.524 9.903 9.300 8.714 8.145 7.830 7.797 7.764 7.731 7.700 7.668 7.638 7.608 7.579 7.550 7.522 7.494 7.405 7.233 7.071 6.919 6.777 6.645 6.523 6.410 6.308 6.215 6.132 6.059 6.002 5.961 5.920 5.878 5.837 5.795 5.754 5.713 5.671 5.630 5.589 5.548 5.491 5.406 5.329 5.259
8.229 8.413 8.586 8.749 8.901 9.044 9.176 9.298 9.410 9.512 9.746 10.193 10.652 11.122 11.603 12.097 12.601 13.089 13.367 13.622 13.855 14.066 13.938 13.257 12.592 11.946 11.317 10.705 10.111 9.534 8.974 8.432 7.908 7.401 7.055 7.024 6.993 6.963 6.933 6.905 6.876 6.849 6.822 6.795 6.770 6.744 6.687 6.550 6.423 6.306 6.199 6.101 6.013 5.935 5.867 5.809 5.761 5.722 5.690 5.649 5.607 5.566 5.525 5.484 5.442 5.401 5.360 5.319 5.278 5.237 5.191 5.133 5.081 5.038
8.774 8.921 9.058 9.185 9.302 9.408 9.505 9.591 9.667 9.733 9.863 10.219 10.553 10.865 11.154 11.421 11.665 11.887 12.086 12.263 12.417 12.549 12.501 11.881 11.279 10.694 10.126 9.575 9.043 8.527 8.029 7.549 7.086 6.640 6.280 6.251 6.223 6.195 6.168 6.141 6.115 6.090 6.065 6.041 6.018 5.995 5.961 5.859 5.766 5.684 5.611 5.548 5.495 5.452 5.418 5.395 5.381 5.377 5.378 5.337 5.296 5.255 5.213 5.172 5.131 5.090 5.049 5.008 4.967 4.926 4.885 4.853 4.828 4.810
9.328 9.440 9.541 9.583 9.569 9.542 9.500 9.445 9.376 9.293 9.238 9.516 9.771 10.003 10.214 10.402 10.567 10.710 10.831 10.929 11.004 11.058 11.048 10.490 9.949 9.425 8.919 8.430 7.958 7.504 7.068 6.648 6.247 5.862 5.506 5.479 5.453 5.427 5.402 5.378 5.355 5.332 5.309 5.287 5.266 5.246 5.226 5.159 5.101 5.053 5.014 4.986 4.968 4.959 4.960 4.971 4.992 5.022 5.063 5.026 4.984 4.943 4.902 4.861 4.820 4.779 4.739 4.698 4.659 4.619 4.578 4.550 4.520 4.488
9.485 9.464 9.429 9.381 9.318 9.242 9.152 9.049 8.931 8.800 8.655 8.837 9.014 9.168 9.299 9.408 9.495 9.559 9.601 9.620 9.617 9.592 9.544 9.082 8.602 8.140 7.695 7.268 6.857 6.465 6.089 5.731 5.391 5.068 4.762 4.707 4.683 4.660 4.638 4.616 4.595 4.574 4.554 4.534 4.515 4.497 4.480 4.449 4.426 4.413 4.409 4.415 4.431 4.457 4.493 4.538 4.594 4.659 4.734 4.715 4.676 4.638 4.599 4.560 4.521 4.481 4.441 4.400 4.359 4.317 4.275 4.238 4.201 4.161
9.444 9.374 9.291 9.193 9.083 8.958 8.820 8.667 8.502 8.322 8.129 8.184 8.282 8.357 8.410 8.440 8.448 8.434 8.397 8.338 8.256 8.152 8.026 7.659 7.240 6.839 6.455 6.089 5.740 5.409 5.095 4.798 4.519 4.257 4.012 3.936 3.915 3.894 3.874 3.854 3.835 3.816 3.799 3.782 3.765 3.749 3.734 3.731 3.743 3.764 3.795 3.836 3.886 3.972 4.063 4.154 4.244 4.335 4.426 4.428 4.389 4.349 4.309 4.269 4.228 4.186 4.145 4.102 4.059 4.016 3.972 3.929 3.884 3.836
9.417 9.299 9.167 9.022 8.862 8.689 8.503 8.302 8.088 7.860 7.618 7.556 7.575 7.571 7.545 7.497 7.427 7.334 7.219 7.081 6.921 6.738 6.534 6.219 5.861 5.522 5.199 4.894 4.607 4.336 4.083 3.848 3.630 3.429 3.246 3.165 3.146 3.128 3.110 3.092 3.076 3.060 3.044 3.029 3.015 3.001 3.052 3.124 3.216 3.307 3.398 3.489 3.580 3.671 3.762 3.852 3.943 4.034 4.125 4.144 4.103 4.062 4.020 3.978 3.936 3.893 3.849 3.805 3.761 3.716 3.671 3.623 3.570 3.515
9.406 9.239 9.059 8.865 8.657 8.436 8.201 7.952 7.689 7.413 7.123 6.952 6.893 6.811 6.707 6.580 6.431 6.259 6.066 5.850 5.611 5.350 5.067 4.763 4.467 4.188 3.927 3.683 3.457 3.247 3.056 2.881 2.724 2.585 2.462 2.395 2.378 2.362 2.361 2.439 2.509 2.572 2.627 2.675 2.716 2.748 2.774 2.824 2.915 3.006 3.097 3.188 3.279 3.370 3.461 3.552 3.643 3.733 3.824 3.860 3.818 3.775 3.732 3.688 3.644 3.600 3.555 3.509 3.464 3.417 3.370 3.319 3.258 3.195
9.410 9.195 8.966 8.724 8.468 8.198 7.915 7.618 7.307 6.982 6.644 6.374 6.236 6.076 5.893 5.688 5.460 5.210 4.938 4.644 4.327 3.988 3.626 3.291 3.056 2.838 2.638 2.456 2.290 2.142 2.011 1.949 2.001 2.039 2.065 2.100 2.175 2.241 2.300 2.352 2.396 2.433 2.462 2.483 2.497 2.504 2.503 2.524 2.615 2.706 2.797 2.888 2.979 3.070 3.161 3.252 3.342 3.433 3.524 3.577 3.534 3.489 3.445 3.399 3.354 3.308 3.261 3.214 3.167 3.119 3.071 3.017 2.949 2.878
9.429 9.166 8.889 8.598 8.294 7.976 7.644 7.299 6.940 6.567 6.180 5.821 5.604 5.365 5.104 4.821 4.515 4.187 3.836 3.463 3.068 2.651 2.211 1.802 1.758 1.855 1.939 2.009 2.068 2.113 2.145 2.164 2.170 2.164 2.144 2.127 2.175 2.215 2.248 2.273 2.291 2.301 2.304 2.299 2.287 2.267 2.240 2.225 2.316 2.407 2.498 2.589 2.680 2.770 2.861 2.952 3.042 3.133 3.224 3.295 3.250 3.204 3.158 3.111 3.064 3.017 2.969 2.920 2.871 2.822 2.772 2.718 2.642 2.564
9.463 9.152 8.827 8.488 8.135 7.769 7.389 6.995 6.588 6.167 5.732 5.293 4.998 4.680 4.341 3.979 3.595 3.293 3.064 2.856 2.668 2.502 2.357 2.240 2.304 2.355 2.394 2.419 2.432 2.431 2.418 2.392 2.353 2.301 2.236 2.161 2.182 2.196 2.203 2.202 2.194 2.178 2.154 2.123 2.084 2.038 1.985 1.926 2.017 2.108 2.199 2.290 2.380 2.471 2.562 2.652 2.743 2.834 2.924 3.014 2.967 2.920 2.872 2.824 2.775 2.726 2.677 2.627 2.576 2.525 2.474 2.422 2.338 2.252
9.513 9.153 8.780 8.392 7.992 7.577 7.149 6.707 6.252 5.782 5.334 4.865 4.564 4.304 4.064 3.846 3.648 3.471 3.316 3.181 3.067 2.974 2.902 2.851 2.863 2.869 2.862 2.842 2.809 2.763 2.705 2.633 2.549 2.451 2.341 2.218 2.198 2.186 2.166 2.139 2.104 2.062 2.012 1.955 1.890 1.818 1.738 1.650 1.719 1.809 1.900 1.991 2.082 2.172 2.263 2.353 2.444 2.535 2.625 2.715 2.686 2.637 2.587 2.538 2.487 2.437 2.386 2.334 2.282 2.229 2.177 2.123 2.037 1.943
9.577 9.169 8.748 8.417 8.056 7.663 7.240 6.785 6.299 5.783 5.235 4.656 4.353 4.166 4.000 3.855 3.730 3.627 3.545 3.483 3.443 3.423 3.424 3.446 3.434 3.395 3.342 3.277 3.199 3.108 3.004 2.887 2.757 2.615 2.459 2.291 2.221 2.182 2.136 2.083 2.022 1.953 1.877 1.794 1.703 1.604 1.498 1.385 1.420 1.511 1.602 1.693 1.783 1.874 1.964 2.055 2.145 2.236 2.326 2.417 2.405 2.354 2.303 2.252 2.200 2.148 2.095 2.049 2.011 1.972 1.930 1.887 1.824 1.758
10.343 9.965 9.556 9.117 8.646 8.144 7.611 7.047 6.452 5.826 5.169 4.481 4.120 4.006 3.913 3.841 3.790 3.760 3.751 3.763 3.796 3.849 3.924 4.019 4.018 3.934 3.836 3.725 3.602 3.466 3.316 3.154 2.979 2.791 2.590 2.377 2.252 2.187 2.115 2.035 1.948 1.853 1.751 1.641 1.524 1.399 1.267 1.127 1.123 1.213 1.304 1.395 1.485 1.576 1.666 1.757 1.847 1.938 2.028 2.118 2.136 2.105 2.072 2.037 2.001 1.962 1.922 1.879 1.835 1.789 1.741 1.690 1.637 1.585
11.404 10.917 10.399 9.850 9.269 8.658 8.016 7.343 6.639 5.903 5.137 4.340 3.864 3.824 3.804 3.806 3.828 3.871 3.935 4.020 4.126 4.253 4.400 4.569 4.615 4.485 4.342 4.186 4.018 3.836 3.642 3.434 3.214 2.981 2.735 2.476 2.290 2.199 2.101 1.995 1.881 1.760 1.632 1.496 1.353 1.202 1.043 0.878 0.825 0.916 1.007 1.097 1.188 1.315 1.455 1.585 1.703 1.810 1.905 1.990 2.015 1.978 1.938 1.897 1.853 1.808 1.761 1.712 1.661 1.608 1.553 1.496 1.446 1.407
12.498 11.901 11.274 10.616 9.926 9.206 8.455 7.672 6.859 6.014 5.139 4.233 3.586 3.619 3.673 3.748 3.843 3.960 4.097 4.255 4.434 4.634 4.855 5.096 5.225 5.050 4.862 4.660 4.447 4.220 3.980 3.727 3.462 3.183 2.892 2.588 2.336 2.219 2.094 1.962 1.822 1.675 1.521 1.359 1.189 1.012 0.884 0.782 0.768 0.926 1.071 1.206 1.330 1.443 1.544 1.635 1.714 1.782 1.839 1.885 1.897 1.852 1.806 1.758 1.708 1.656 1.602 1.546 1.489 1.429 1.368 1.304 1.251 1.227
13.624 12.919 12.182 11.415 10.616 9.787 8.926 8.035 7.113 6.159 5.175 4.160 3.286 3.393 3.520 3.668 3.836 4.026 4.236 4.467 4.719 4.992 5.286 5.601 5.848 5.627 5.394 5.147 4.888 4.616 4.331 4.033 3.723 3.399 3.063 2.714 2.390 2.246 2.095 1.953 1.820 1.696 1.580 1.473 1.375 1.285 1.204 1.132 1.101 1.219 1.326 1.422 1.507 1.581 1.644 1.696 1.736 1.766 1.784 1.792 1.780 1.729 1.676 1.621 1.565 1.506 1.446 1.383 1.319 1.252 1.184 1.114 1.053 1.042
14.779 13.969 13.124 12.247 11.340 10.401 9.432 8.431 7.400 6.338 5.244 4.120 2.965 3.144 3.344 3.565 3.807 4.069 4.353 4.657 4.982 5.328 5.695 6.083 6.483 6.217 5.938 5.647 5.343 5.025 4.695 4.351 3.931 3.527 3.138 2.765 2.413 2.284 2.164 2.053 1.950 1.856 1.771 1.694 1.626 1.566 1.516 1.473 1.444 1.523 1.592 1.649 1.695 1.731 1.755 1.768 1.769 1.760 1.740 1.709 1.666 1.608 1.548 1.487 1.424 1.358 1.291 1.222 1.151 1.078 1.003 0.926 0.852 0.855
15.881 15.053 14.098 13.112 12.096 11.049 9.970 8.861 7.721 6.549 5.347 4.114 2.850 2.873 3.146 3.440 3.755 4.091 4.447 4.825 5.223 5.642 6.081 6.542 6.994 6.627 6.168 5.725 5.297 4.885 4.489 4.108 3.742 3.393 3.058 2.740 2.437 2.315 2.226 2.144 2.072 2.008 1.953 1.906 1.868 1.839 1.818 1.806 1.802 1.838 1.868 1.887 1.894 1.890 1.876 1.850 1.813 1.765 1.706 1.636 1.555 1.489 1.423 1.354 1.284 1.212 1.138 1.063 0.985 0.905 0.824 0.740 0.655 0.664
16.974 16.169 15.105 14.011 12.885 11.729 10.542 9.324 8.075 6.795 5.484 4.142 2.770 2.580 2.927 3.294 3.681 4.106 4.546 4.943 5.299 5.612 5.882 6.110 6.296 6.041 5.637 5.248 4.875 4.517 4.175 3.849 3.538 3.243 2.963 2.699 2.450 2.338 2.278 2.227 2.184 2.151 2.125 2.109 2.101 2.102 2.111 2.129 2.155 2.164 2.155 2.135 2.103 2.061 2.008 1.943 1.868 1.781 1.684 1.575 1.455 1.372 1.299 1.224 1.147 1.069 0.988 0.905 0.821 0.735 0.646 0.556 0.464 0.469
18.058 17.318 16.145 14.942 13.708 12.443 11.147 9.820 8.463 7.074 5.708 4.423 3.177 2.899 3.359 3.778 4.154 4.488 4.780 5.030 5.237 5.402 5.525 5.605 5.644 5.440 5.090 4.756 4.437 4.134 3.846 3.574 3.318 3.077 2.851 2.641 2.447 2.351 2.321 2.300 2.288 2.284 2.289 2.303 2.325 2.356 2.395 2.443 2.500 2.500 2.452 2.393 2.323 2.242 2.151 2.048 1.933 1.808 1.672 1.525 1.366 1.257 1.177 1.096 1.012 0.927 0.840 0.750 0.659 0.566 0.471 0.375 0.276 0.271
19.132 18.500 17.219 15.821 14.399 13.015 11.671 10.366 9.101 7.874 6.686 5.538 4.429 3.917 4.230 4.500 4.729 4.915 5.059 5.161 5.220 5.238 5.213 5.145 5.036 4.824 4.528 4.248 3.984 3.735 3.502 3.284 3.082 2.895 2.724 2.569 2.429 2.356 2.356 2.365 2.383 2.409 2.444 2.488 2.540 2.601 2.670 2.748 2.835 2.846 2.760 2.662 2.554 2.435 2.304 2.162 2.010 1.846 1.671 1.485 1.288 1.144 1.057 0.969 0.879 0.787 0.693 0.597 0.518 0.466 0.415 0.364 0.315 0.338
19.183 18.489 17.125 15.800 14.514 13.268 12.060 10.892 9.763 8.673 7.622 6.610 5.637 4.979 5.144 5.267 5.347 5.386 5.382 5.336 5.248 5.118 4.945 4.731 4.474 4.192 3.951 3.725 3.515 3.321 3.142 2.978 2.830 2.698 2.581 2.480 2.394 2.351 2.382 2.421 2.469 2.525 2.590 2.664 2.746 2.837 2.936 3.044 3.161 3.203 3.078 2.942 2.795 2.637 2.468 2.288 2.097 1.894 1.681 1.457 1.221 1.051 0.996 0.943 0.890 0.838 0.787 0.736 0.686 0.636 0.588 0.539 0.492 0.492
18.741 18.152 16.925 15.737 14.587 13.478 12.407 11.375 10.382 9.428 8.514 7.638 6.802 6.085 6.102 6.077 6.010 5.901 5.750 5.556 5.321 5.043 4.723 4.361 3.956 3.545 3.358 3.187 3.031 2.891 2.766 2.657 2.563 2.485 2.422 2.375 2.344 2.338 2.399 2.468 2.546 2.632 2.727 2.831 2.943 3.064 3.193 3.331 3.478 3.571 3.407 3.233 3.047 2.851 2.659 2.470 2.272 2.066 1.852 1.629 1.398 1.202 1.150 1.099 1.049 0.999 0.950 0.901 0.853 0.806 0.759 0.714 0.668 0.650
18.312 17.727 16.682 15.631 14.618 13.645 12.710 11.815 10.958 10.141 9.363 8.624 7.924 7.262 7.104 6.932 6.717 6.461 6.162 5.821 5.438 5.013 4.545 4.036 3.484 2.890 2.750 2.633 2.531 2.445 2.375 2.320 2.280 2.257 2.248 2.255 2.278 2.317 2.407 2.506 2.614 2.731 2.856 2.989 3.131 3.282 3.441 3.636 3.836 4.005 3.828 3.643 3.450 3.248 3.038 2.819 2.592 2.357 2.113 1.861 1.601 1.353 1.303 1.254 1.206 1.159 1.112 1.065 1.020 0.975 0.931 0.887 0.844 0.812
