DATA/SHG/ECMWF/20170628/EN-44/20170709.en-44.asc
ncols        190
nrows        64
xllcorner    -5100000.000000000000
yllcorner    4130000.000000000000
cellsize     10000.000000000000
NODATA_value  -99999.000
[rows 32 to 63 of 64, columns 71 to 141 of 190]
12.012 11.711 11.484 11.684 11.887 12.092 12.299 12.509 12.722 12.937 13.155 13.375 13.598 13.823 14.073 14.448 14.852 15.286 15.750 16.243 16.766 17.319 17.901 18.498 19.106 19.737 20.300 20.551 20.793 21.027 21.252 21.469 21.678 21.878 22.069 22.253 22.428 22.594 22.397 21.503 20.566 19.588 18.566 17.503 16.396 15.248 14.302 14.123 14.086 14.193 15.073 16.582 17.926 19.105 20.119 20.968 21.652 22.172 22.527 22.716 22.741 22.602 22.552 22.604 22.604 22.553 22.451 22.297 22.092 21.835 21.527
11.947 11.689 11.442 11.650 11.861 12.075 12.292 12.511 12.732 12.956 13.183 13.412 13.643 13.878 14.122 14.600 15.107 15.644 16.210 16.806 17.431 18.086 18.771 19.471 20.183 20.918 21.621 21.834 22.039 22.235 22.423 22.603 22.774 22.937 23.091 23.237 23.375 23.566 23.584 22.892 22.343 21.937 21.674 21.554 21.578 21.744 22.053 22.506 23.101 23.840 24.708 25.487 26.101 26.550 26.835 26.955 26.910 26.701 26.327 25.788 25.084 24.215 23.630 23.455 23.228 22.950 22.621 22.240 21.808 21.324 20.789
11.871 11.655 11.452 11.613 11.833 12.056 12.281 12.509 12.740 12.972 13.208 13.446 13.686 13.929 14.175 14.725 15.335 15.974 16.643 17.341 18.069 18.826 19.613 20.417 21.232 22.071 22.933 23.125 23.606 25.103 26.320 27.259 27.918 28.299 28.400 28.222 27.764 27.028 26.117 26.057 26.141 26.367 26.736 27.248 27.903 28.701 29.642 30.726 31.953 33.323 34.504 34.554 34.439 34.159 33.715 33.106 32.333 31.395 30.292 29.025 27.593 25.996 24.760 24.358 23.904 23.399 22.843 22.235 21.576 20.865 20.104
11.783 11.610 11.449 11.574 11.803 12.035 12.269 12.505 12.745 12.986 13.231 13.477 13.727 13.978 14.233 14.823 15.535 16.277 17.048 17.849 19.481 22.405 25.436 28.335 31.084 33.918 36.836 37.957 38.496 38.756 38.737 38.438 37.861 37.005 35.870 34.456 32.763 30.790 28.539 29.063 29.778 30.636 31.637 32.780 34.067 35.496 37.068 38.783 40.641 42.642 44.462 43.783 42.939 41.931 40.759 39.422 37.920 36.254 34.423 32.428 30.269 27.944 25.941 25.312 24.631 23.899 23.116 22.282 21.396 20.459 19.471
11.683 11.553 11.435 11.532 11.770 12.011 12.254 12.499 12.747 12.998 13.251 13.506 13.765 14.754 16.816 19.342 22.099 24.964 27.936 31.015 34.202 37.495 40.896 44.166 47.290 50.498 53.791 54.376 53.679 52.702 51.447 49.913 48.100 46.008 43.638 40.989 38.060 34.853 31.367 31.911 33.257 34.746 36.378 38.152 40.070 42.130 44.333 46.679 49.167 51.799 54.573 53.174 51.602 49.866 47.966 45.901 43.672 41.278 38.720 35.997 33.110 30.059 27.173 26.317 25.410 24.451 23.441 22.380 21.268 20.105 18.890
11.573 11.485 11.410 11.488 11.735 11.985 12.522 13.542 14.856 16.465 18.369 20.567 23.060 25.848 28.930 32.098 35.225 38.460 41.802 45.250 48.806 52.470 56.240 59.882 63.380 66.962 70.629 71.088 69.154 66.942 64.452 61.683 58.635 55.309 51.704 47.820 43.657 39.216 34.497 34.599 36.576 38.696 40.958 43.364 45.912 48.602 51.436 54.412 57.531 60.792 64.196 62.727 60.427 57.964 55.336 52.544 49.587 46.467 43.181 39.732 36.118 32.340 28.456 27.373 26.239 25.054 23.818 22.531 21.192 19.802 18.361
11.608 11.602 11.562 11.835 12.992 14.444 16.191 18.231 20.566 23.196 26.120 29.338 32.850 36.657 40.758 44.740 48.237 51.841 55.552 59.370 63.296 67.328 71.468 75.481 79.353 83.309 87.350 88.090 84.922 81.476 77.751 73.748 69.466 64.905 60.066 54.949 49.553 43.879 37.926 37.128 39.736 42.486 45.379 48.415 51.593 54.914 58.377 61.983 65.732 69.623 73.657 72.441 69.415 66.224 62.869 59.350 55.667 51.820 47.808 43.632 39.292 34.788 30.119 28.481 27.121 25.709 24.247 22.733 21.168 19.552 17.885
12.202 12.076 11.917 12.163 14.342 16.814 19.580 22.641 25.996 29.645 33.588 37.825 42.357 47.182 52.302 57.268 61.134 65.108 69.188 73.375 77.670 82.071 86.580 90.965 95.210 99.540 103.954 105.385 100.983 96.302 91.344 86.107 80.592 74.798 68.726 62.376 55.748 48.841 41.656 39.499 42.737 46.117 49.640 53.306 57.114 61.064 65.157 69.392 73.770 78.291 82.954 82.318 78.564 74.647 70.566 66.321 61.911 57.337 52.600 47.698 42.632 37.402 32.008 29.639 28.053 26.416 24.727 22.911 20.926 18.991 17.104
12.826 12.582 12.304 12.215 15.413 18.905 22.691 26.771 31.145 35.813 40.775 46.030 51.580 57.424 63.561 69.682 73.917 78.260 82.709 87.266 91.929 96.699 101.576 106.333 110.951 115.654 120.442 122.970 117.335 111.422 105.230 98.761 92.013 84.987 77.683 70.101 62.241 54.103 45.686 41.712 45.579 49.589 53.742 58.037 62.474 67.054 71.776 76.640 81.647 86.797 92.089 92.355 87.876 83.233 78.425 73.454 68.319 63.019 57.310 50.757 44.315 37.986 31.769 28.423 26.458 24.542 22.675 20.858 19.089 17.370 15.700
13.482 13.120 12.723 12.293 16.208 20.719 25.523 30.622 36.014 41.700 47.680 53.954 60.521 67.382 74.537 81.982 86.586 91.298 96.116 101.041 106.073 111.212 116.458 121.585 126.577 131.653 136.813 140.846 133.979 126.833 119.410 111.709 103.729 95.472 86.937 78.123 69.032 59.663 50.016 43.766 48.263 52.902 57.684 62.608 67.674 72.883 78.234 83.727 89.362 94.826 98.665 98.070 91.227 84.495 77.874 71.366 64.969 58.685 52.512 46.450 40.501 34.663 28.937 25.459 23.710 22.010 20.360 18.758 17.206 15.702 14.248
14.170 13.689 13.174 12.625 16.725 22.254 28.077 34.194 40.604 47.307 54.304 61.595 69.179 77.057 85.228 93.693 99.142 104.222 109.409 114.702 120.103 125.610 131.224 136.722 142.086 147.535 153.069 158.687 150.914 142.538 133.883 124.950 115.740 106.252 96.486 86.443 76.121 65.522 54.645 45.663 50.697 54.949 59.112 63.185 67.169 71.064 74.869 78.584 82.210 85.747 89.194 89.722 83.370 77.130 71.002 64.985 59.080 53.287 47.605 42.035 36.577 31.230 25.995 22.448 20.916 19.432 17.997 16.612 15.275 13.988 12.749
14.890 14.290 13.657 12.989 16.965 23.512 30.353 37.487 44.914 52.634 60.648 68.955 77.556 86.450 95.637 105.117 111.584 117.032 122.587 128.249 134.018 139.893 145.875 151.744 157.481 163.302 169.209 175.199 168.142 158.534 148.649 138.337 125.230 112.397 99.836 87.549 75.535 63.794 52.326 41.306 45.255 49.114 52.885 56.566 60.157 63.659 67.071 70.394 73.628 76.772 79.827 81.268 75.408 69.659 64.022 58.496 53.083 47.781 42.590 37.511 32.544 27.688 22.944 19.392 18.075 16.807 15.589 14.419 13.298 12.226 11.203
15.640 14.923 14.171 13.385 16.929 24.494 32.351 40.501 48.945 57.681 66.711 76.034 85.650 95.560 105.762 116.258 123.912 129.729 135.652 141.682 147.819 154.062 160.412 163.069 165.401 167.611 169.698 171.664 162.774 150.051 137.601 125.424 113.521 101.890 90.532 79.447 68.634 58.095 47.829 37.836 39.915 43.383 46.760 50.049 53.248 56.358 59.378 62.309 65.150 67.903 70.565 72.707 67.338 62.081 56.935 51.900 46.978 42.166 37.467 32.879 28.402 24.037 19.784 16.290 15.189 14.136 13.133 12.179 11.274 10.418 9.610
16.423 15.587 14.716 13.812 16.617 25.198 34.071 43.238 52.697 62.449 72.494 82.833 93.464 104.388 115.605 127.115 132.748 135.071 137.239 139.254 141.114 142.821 144.373 146.036 147.832 149.506 151.058 152.488 145.970 134.450 123.203 112.228 101.526 91.097 80.940 71.057 61.446 52.108 43.043 34.250 34.678 37.753 40.739 43.635 46.442 49.160 51.789 54.328 56.777 59.138 61.409 63.590 59.163 54.396 49.741 45.197 40.765 36.444 32.235 28.138 24.152 20.277 16.514 13.141 12.256 11.419 10.632 9.893 9.203 8.562 7.970
17.237 16.282 15.294 14.271 16.029 25.625 35.514 45.696 56.171 65.401 74.306 82.908 91.208 99.205 106.900 114.293 119.580 121.373 123.012 124.498 125.829 127.006 128.030 129.161 130.421 131.560 132.577 133.472 128.886 118.567 108.521 98.748 89.247 80.019 71.063 62.380 53.970 45.832 37.967 30.374 29.544 32.227 34.821 37.325 39.740 42.066 44.303 46.450 48.508 50.477 52.356 54.147 50.881 46.605 42.440 38.387 34.445 30.615 26.896 23.288 19.792 16.407 13.134 9.973 9.277 8.656 8.084 7.560 7.086 6.660 6.284
18.082 17.006 15.842 14.709 15.050 24.424 33.496 42.266 50.733 58.899 66.762 74.323 81.581 88.538 95.192 101.544 106.567 107.831 108.941 109.898 110.700 111.349 111.844 112.443 113.169 113.773 114.255 114.615 111.519 102.401 93.556 84.983 76.683 68.655 60.899 53.416 46.206 39.268 32.602 26.209 24.511 26.803 29.005 31.117 33.141 35.075 36.921 38.676 40.343 41.921 43.409 44.808 42.492 38.706 35.032 31.469 28.017 24.677 21.448 18.330 15.324 12.429 9.646 6.973 6.252 5.846 5.489 5.181 4.922 4.711 4.550
18.181 17.093 16.036 15.010 14.041 22.374 30.404 38.132 45.558 52.682 59.504 66.024 72.242 78.159 83.773 89.085 93.709 94.445 95.026 95.454 95.728 95.848 95.815 95.882 96.073 96.143 96.090 95.916 93.871 85.954 78.308 70.935 63.835 57.006 50.450 44.166 38.155 32.416 26.949 21.754 19.581 21.481 23.291 25.013 26.645 28.188 29.642 31.006 32.282 33.468 34.565 35.573 33.998 30.702 27.517 24.444 21.482 18.631 15.892 13.264 10.747 8.342 6.048 3.865 3.181 2.990 2.848 2.755 2.711 2.716 2.770
18.132 17.151 16.201 15.282 14.394 20.605 27.594 34.282 40.667 46.751 52.533 58.013 63.191 68.067 72.642 76.914 80.885 81.214 81.267 81.166 80.912 80.504 79.943 79.479 79.136 78.671 78.084 77.376 75.942 69.224 62.778 56.604 50.702 45.072 39.715 34.630 29.816 25.275 21.007 17.010 14.753 16.261 17.680 19.010 20.252 21.404 22.466 23.440 24.325 25.120 25.826 26.444 25.397 22.591 19.896 17.312 14.839 12.478 10.228 8.089 6.062 4.146 2.459 1.310 1.197 1.606 1.984 2.331 2.645 2.928 3.179
18.054 17.180 16.337 15.525 14.744 19.120 25.068 30.715 36.061 41.104 45.846 50.287 54.426 58.263 61.799 65.033 67.965 68.137 67.663 67.034 66.252 65.317 64.227 63.233 62.355 61.356 60.236 58.993 57.630 52.212 46.965 41.989 37.286 32.854 28.694 24.807 21.191 17.848 14.776 11.976 10.026 11.143 12.172 13.111 13.961 14.722 15.394 15.977 16.471 16.876 17.191 17.418 16.690 14.468 13.083 11.749 10.466 9.235 8.054 6.925 5.847 4.820 3.844 2.919 2.660 2.931 3.169 3.376 3.551 3.695 3.807
17.947 17.179 16.443 15.738 15.064 17.916 22.825 27.432 31.738 35.742 39.445 42.847 45.947 48.746 51.243 53.439 55.334 55.216 54.213 53.057 51.748 50.285 48.668 47.143 45.732 44.199 42.545 40.769 38.872 34.919 30.869 27.091 23.585 20.351 17.389 14.698 12.279 10.132 8.257 6.654 5.401 6.128 6.765 7.314 7.788 8.824 9.839 10.832 11.804 12.754 13.683 14.590 14.991 13.780 12.619 11.510 10.451 9.444 8.488 7.583 6.729 5.927 5.175 4.475 4.154 4.285 4.385 4.452 4.488 4.493 4.465
17.810 17.150 16.521 15.922 15.355 16.994 20.864 24.432 27.699 30.665 33.329 35.693 37.755 39.516 40.975 42.134 42.991 42.449 40.919 39.236 37.399 35.409 33.265 31.210 29.265 27.199 25.011 22.702 20.272 17.344 14.491 11.910 9.601 7.563 5.798 4.303 4.058 3.886 3.720 3.559 3.404 4.334 5.340 6.325 7.289 8.231 9.151 10.051 10.928 11.784 12.619 13.433 14.026 13.039 12.102 11.217 10.383 9.601 8.869 8.188 7.559 6.980 6.453 5.977 5.679 5.671 5.631 5.559 5.456 5.322 5.155
17.645 17.092 16.569 16.077 15.617 16.354 19.185 21.715 23.944 25.871 27.498 28.824 29.849 30.572 30.995 31.116 30.937 29.837 27.780 25.569 23.206 20.689 18.018 15.432 12.955 10.356 7.635 6.500 5.629 5.168 4.982 4.801 4.625 4.455 4.291 4.133 3.980 3.832 3.690 3.554 3.423 4.140 5.052 5.943 6.813 7.661 8.487 9.293 10.076 10.839 11.579 12.299 12.997 12.245 11.533 10.872 10.263 9.704 9.197 8.740 8.335 7.980 7.677 7.425 7.234 7.086 6.908 6.697 6.455 6.181 5.876
17.451 17.005 16.588 16.203 15.849 15.995 17.788 19.280 20.471 21.362 21.951 22.240 22.228 21.915 21.301 20.386 19.170 17.379 14.795 13.287 12.388 11.495 10.609 9.731 8.862 7.998 7.139 6.284 5.435 4.912 4.750 4.594 4.443 4.298 4.158 4.024 3.895 3.773 3.655 3.544 3.437 3.969 4.787 5.584 6.360 7.114 7.847 8.558 9.248 9.916 10.563 11.189 11.793 11.399 10.911 10.475 10.089 9.755 9.471 9.239 9.057 8.927 8.848 8.819 8.819 8.533 8.215 7.865 7.484 7.072 6.627
17.229 16.888 16.579 16.300 16.053 15.917 16.672 17.127 17.282 17.135 16.688 15.941 15.526 15.363 15.211 15.070 14.940 14.673 13.783 12.899 12.021 11.149 10.283 9.427 8.579 7.736 6.897 6.064 5.235 4.650 4.513 4.381 4.255 4.134 4.019 3.909 3.805 3.707 3.614 3.527 3.445 3.821 4.545 5.249 5.930 6.591 7.230 7.847 8.443 9.018 9.571 10.103 10.613 10.501 10.237 10.024 9.863 9.752 9.693 9.684 9.727 9.820 9.965 10.160 10.407 10.009 9.553 9.064 8.544 7.993 7.410
16.977 16.743 16.540 16.368 16.227 15.990 15.784 15.594 15.414 15.245 15.087 14.940 14.804 14.679 14.564 14.460 14.368 14.238 13.369 12.506 11.649 10.798 9.953 9.117 8.290 7.468 6.651 5.838 5.031 4.383 4.270 4.162 4.061 3.964 3.874 3.789 3.709 3.635 3.567 3.504 3.447 3.696 4.327 4.936 5.524 6.091 6.636 7.159 7.662 8.143 8.602 9.040 9.457 9.550 9.510 9.522 9.584 9.697 9.861 10.076 10.343 10.660 11.028 11.447 11.918 11.517 10.921 10.294 9.635 8.945 8.223
16.534 16.262 15.975 15.673 15.357 15.025 14.828 14.675 14.533 14.401 14.281 14.171 14.073 13.985 13.908 13.842 13.786 13.742 12.950 12.108 11.272 10.441 9.617 8.802 7.997 7.196 6.399 5.608 4.822 4.109 4.021 3.938 3.861 3.789 3.723 3.662 3.607 3.558 3.514 3.475 3.443 3.595 4.132 4.647 5.141 5.614 6.065 6.495 6.904 7.291 7.657 8.001 8.324 8.547 8.731 8.966 9.252 9.589 9.977 10.416 10.906 11.446 12.038 12.681 13.375 13.054 12.320 11.554 10.756 9.927 9.067
15.840 15.517 15.179 14.826 14.458 14.075 13.863 13.747 13.642 13.549 13.466 13.394 13.332 13.282 13.242 13.214 13.196 13.189 12.527 11.705 10.890 10.080 9.277 8.483 7.698 6.918 6.143 5.373 4.607 3.847 3.766 3.707 3.655 3.607 3.566 3.530 3.499 3.474 3.455 3.441 3.433 3.516 3.959 4.381 4.782 5.161 5.518 5.855 6.169 6.463 6.735 6.986 7.215 7.492 7.899 8.358 8.868 9.428 10.040 10.702 11.415 12.180 12.995 13.861 14.778 14.622 13.749 12.828 11.839 10.836 9.820
15.162 14.787 14.397 13.993 13.574 13.140 12.888 12.810 12.743 12.687 12.641 12.607 12.583 12.570 12.568 12.577 12.596 12.627 12.098 11.297 10.503 9.714 8.931 8.159 7.395 6.636 5.882 5.132 4.388 3.648 3.505 3.471 3.443 3.420 3.403 3.391 3.385 3.384 3.389 3.400 3.416 3.461 3.810 4.138 4.445 4.731 4.995 5.237 5.459 5.658 5.837 5.994 6.130 6.384 7.015 7.698 8.431 9.215 10.049 10.915 11.806 12.723 13.666 14.634 15.628 15.626 14.604 13.570 12.521 11.459 10.384
14.498 14.072 13.631 13.175 12.705 12.219 11.905 11.865 11.835 11.816 11.808 11.811 11.824 11.849 11.884 11.930 11.987 12.055 11.665 10.885 10.111 9.343 8.581 7.829 7.087 6.349 5.615 4.887 4.164 3.445 3.238 3.229 3.225 3.227 3.234 3.247 3.265 3.289 3.318 3.353 3.394 3.440 3.684 3.919 4.132 4.324 4.494 4.643 4.771 4.878 5.005 5.125 5.236 5.462 6.312 7.188 8.090 9.017 9.969 10.948 11.951 12.981 14.036 15.116 16.223 16.499 15.418 14.324 13.216 12.095 10.961
13.848 13.371 12.879 12.373 11.851 11.314 10.913 10.910 10.918 10.936 10.966 11.006 11.057 11.119 11.191 11.275 11.369 11.474 11.227 10.467 9.714 8.967 8.226 7.495 6.773 6.056 5.344 4.637 3.934 3.237 2.966 2.981 3.001 3.027 3.059 3.096 3.139 3.187 3.241 3.301 3.366 3.420 3.557 3.704 3.844 3.976 4.100 4.217 4.325 4.426 4.519 4.604 4.681 4.794 5.756 6.745 7.759 8.798 9.863 10.954 12.070 13.212 14.379 15.572 16.791 17.385 16.245 15.091 13.924 12.744 11.550
13.214 12.686 12.143 11.585 11.012 10.424 9.912 9.946 9.991 10.047 10.114 10.192 10.280 10.379 10.489 10.610 10.742 10.884 10.784 10.045 9.313 8.586 7.866 7.156 6.455 5.759 5.068 4.382 3.700 3.023 2.687 2.727 2.779 2.833 2.887 2.940 2.994 3.046 3.099 3.151 3.202 3.253 3.353 3.466 3.572 3.670 3.760 3.842 3.916 3.983 4.042 4.093 4.136 4.171 5.174 6.275 7.401 8.553 9.730 10.933 12.162 13.416 14.696 16.001 17.332 18.284 17.085 15.872 14.646 13.406 12.153
12.595 12.016 11.421 10.812 10.188 9.549 8.902 8.973 9.056 9.149 9.253 9.368 9.494 9.631 9.778 9.936 10.106 10.285 10.336 9.618 8.906 8.201 7.501 6.814 6.140 5.476 4.820 4.173 3.535 2.906 2.521 2.574 2.627 2.680 2.732 2.784 2.836 2.887 2.937 2.988 3.038 3.087 3.158 3.237 3.308 3.372 3.428 3.476 3.516 3.548 3.573 3.590 3.599 3.600 4.566 5.779 7.018 8.282 9.571 10.887 12.227 13.594 14.986 16.403 17.846 19.196 17.937 16.665 15.380 14.081 12.769
